날짜,노선,역,승차승객,하차승객,총 승객,승차-하차,월,일,요일
2022-07-01,2호선,성수,43013,47661,90674,-4648,7,1,금
2022-07-01,2호선,건대입구,39433,44202,83635,-4769,7,1,금
2022-07-01,2호선,구의(광진구청),25932,24750,50682,1182,7,1,금
2022-07-01,2호선,강변(동서울터미널),36241,35859,72100,382,7,1,금
2022-07-01,2호선,잠실나루,16254,15555,31809,699,7,1,금
2022-07-01,2호선,잠실(송파구청),81553,80908,162461,645,7,1,금
2022-07-01,2호선,잠실새내,24833,25305,50138,-472,7,1,금
2022-07-01,2호선,종합운동장,13919,15768,29687,-1849,7,1,금
2022-07-01,2호선,삼성(무역센터),65374,65073,130447,301,7,1,금
2022-07-01,2호선,선릉,62039,54390,116429,7649,7,1,금
2022-07-01,2호선,역삼,55298,62606,117904,-7308,7,1,금
2022-07-01,2호선,강남,93266,92240,185506,1026,7,1,금
2022-07-01,2호선,교대(법원.검찰청),37080,42049,79129,-4969,7,1,금
2022-07-01,2호선,서초,23585,22050,45635,1535,7,1,금
2022-07-01,2호선,방배,17580,18166,35746,-586,7,1,금
2022-07-01,2호선,사당,45262,48844,94106,-3582,7,1,금
2022-07-01,2호선,낙성대(강감찬),30809,28210,59019,2599,7,1,금
2022-07-01,2호선,서울대입구(관악구청),51828,49472,101300,2356,7,1,금
2022-07-01,2호선,봉천,26039,23655,49694,2384,7,1,금
2022-07-01,2호선,신림,63886,61007,124893,2879,7,1,금
2022-07-01,2호선,신대방,27808,26249,54057,1559,7,1,금
2022-07-01,2호선,구로디지털단지,64952,64740,129692,212,7,1,금
2022-07-01,2호선,대림(구로구청),25746,26125,51871,-379,7,1,금
2022-07-01,2호선,신도림,53000,53240,106240,-240,7,1,금
2022-07-01,2호선,문래,24307,25326,49633,-1019,7,1,금
2022-07-01,2호선,영등포구청,23798,24759,48557,-961,7,1,금
2022-07-01,2호선,당산,20125,23593,43718,-3468,7,1,금
2022-07-01,2호선,합정,34991,39362,74353,-4371,7,1,금
2022-07-01,분당선,선릉,14347,22274,36621,-7927,7,1,금
2022-07-01,분당선,한티,16134,16806,32940,-672,7,1,금
2022-07-01,분당선,도곡,8196,7880,16076,316,7,1,금
2022-07-01,분당선,구룡,2557,2354,4911,203,7,1,금
2022-07-01,분당선,개포동,4321,4469,8790,-148,7,1,금
2022-07-01,분당선,대모산입구,5018,4499,9517,519,7,1,금
2022-07-01,분당선,수서,15376,16258,31634,-882,7,1,금
2022-07-01,분당선,수원,9104,7786,16890,1318,7,1,금
2022-07-01,분당선,서울숲,12653,12875,25528,-222,7,1,금
2022-07-01,분당선,압구정로데오,21931,25973,47904,-4042,7,1,금
2022-07-01,분당선,강남구청,10597,12211,22808,-1614,7,1,금
2022-07-01,분당선,선정릉,8369,8900,17269,-531,7,1,금
2022-07-01,분당선,가천대,7741,8205,15946,-464,7,1,금
2022-07-01,분당선,태평,14748,13845,28593,903,7,1,금
2022-07-01,분당선,모란,21667,22042,43709,-375,7,1,금
2022-07-01,분당선,야탑,29534,30646,60180,-1112,7,1,금
2022-07-01,분당선,서현,29481,30194,59675,-713,7,1,금
2022-07-01,분당선,수내,15257,15233,30490,24,7,1,금
2022-07-01,분당선,정자,20620,21670,42290,-1050,7,1,금
2022-07-01,분당선,미금,17249,18184,35433,-935,7,1,금
2022-07-01,분당선,오리,13174,10635,23809,2539,7,1,금
2022-07-01,분당선,이매,6693,6217,12910,476,7,1,금
2022-07-01,분당선,보정,3134,2591,5725,543,7,1,금
2022-07-01,분당선,죽전,15055,16553,31608,-1498,7,1,금
2022-07-01,분당선,구성,5623,5847,11470,-224,7,1,금
2022-07-01,분당선,신갈,5118,4946,10064,172,7,1,금
2022-07-01,분당선,기흥,10988,10405,21393,583,7,1,금
2022-07-01,분당선,상갈,5956,5620,11576,336,7,1,금
2022-07-01,분당선,청명,5141,4600,9741,541,7,1,금
2022-07-01,분당선,영통,9621,9970,19591,-349,7,1,금
2022-07-01,분당선,망포,16986,15406,32392,1580,7,1,금
2022-07-01,분당선,매탄권선,5918,5407,11325,511,7,1,금
2022-07-01,분당선,수원시청,13996,16493,30489,-2497,7,1,금
2022-07-01,분당선,매교,3403,3385,6788,18,7,1,금
2022-07-01,수인선,고색,5162,4680,9842,482,7,1,금
2022-07-01,수인선,오목천,3619,3102,6721,517,7,1,금
2022-07-01,수인선,어천,983,945,1928,38,7,1,금
2022-07-01,수인선,야목,459,330,789,129,7,1,금
2022-07-01,수인선,사리,5577,4614,10191,963,7,1,금
2022-07-01,수인선,달월,97,69,166,28,7,1,금
2022-07-01,수인선,월곶,3086,2911,5997,175,7,1,금
2022-07-01,수인선,소래포구,5434,5203,10637,231,7,1,금
2022-07-01,수인선,인천논현,6287,6677,12964,-390,7,1,금
2022-07-01,수인선,호구포,4695,4718,9413,-23,7,1,금
2022-07-01,수인선,남동인더스파크,2349,2682,5031,-333,7,1,금
2022-07-01,수인선,원인재,4854,5065,9919,-211,7,1,금
2022-07-01,수인선,연수,5188,5271,10459,-83,7,1,금
2022-07-01,수인선,송도,2738,2551,5289,187,7,1,금
2022-07-01,수인선,인하대,6350,5991,12341,359,7,1,금
2022-07-01,수인선,숭의,4459,4078,8537,381,7,1,금
2022-07-01,수인선,신포,2069,2091,4160,-22,7,1,금
2022-07-01,수인선,인천,1187,1860,3047,-673,7,1,금
2022-07-01,신림선,샛강,2203,2841,5044,-638,7,1,금
2022-07-01,신림선,대방,1904,1509,3413,395,7,1,금
2022-07-01,신림선,서울지방병무청,2295,2500,4795,-205,7,1,금
2022-07-01,신림선,보라매,2860,2567,5427,293,7,1,금
2022-07-01,신림선,보라매공원,1882,1972,3854,-90,7,1,금
2022-07-01,신림선,보라매병원,5831,6064,11895,-233,7,1,금
2022-07-01,신림선,당곡,3742,3560,7302,182,7,1,금
2022-07-01,신림선,신림,1696,2313,4009,-617,7,1,금
2022-07-01,신림선,서원,2915,2440,5355,475,7,1,금
2022-07-01,신림선,서울대벤처타운,6806,6428,13234,378,7,1,금
2022-07-01,신림선,관악산(서울대),3009,2906,5915,103,7,1,금
2022-07-01,안산선,산본,17300,19128,36428,-1828,7,1,금
2022-07-01,안산선,대야미,5439,5357,10796,82,7,1,금
2022-07-01,안산선,반월,4753,4605,9358,148,7,1,금
2022-07-01,안산선,상록수,16934,17418,34352,-484,7,1,금
2022-07-01,안산선,한대앞,9917,10684,20601,-767,7,1,금
2022-07-01,안산선,중앙,19554,20963,40517,-1409,7,1,금
2022-07-01,안산선,고잔,9613,9162,18775,451,7,1,금
2022-07-01,안산선,초지,5094,5154,10248,-60,7,1,금
2022-07-01,안산선,안산,12643,12053,24696,590,7,1,금
2022-07-01,안산선,신길온천,1973,1794,3767,179,7,1,금
2022-07-01,안산선,정왕,8855,9132,17987,-277,7,1,금
2022-07-01,안산선,오이도,9266,9256,18522,10,7,1,금
2022-07-01,안산선,수리산,4379,3597,7976,782,7,1,금
2022-07-01,우이신설선,북한산우이,3468,3098,6566,370,7,1,금
2022-07-01,우이신설선,솔밭공원,2710,2473,5183,237,7,1,금
2022-07-01,우이신설선,4.19민주묘지,3323,3018,6341,305,7,1,금
2022-07-01,우이신설선,가오리,4804,4733,9537,71,7,1,금
2022-07-01,우이신설선,화계,3933,3489,7422,444,7,1,금
2022-07-01,중앙선,아신,614,615,1229,-1,7,1,금
2022-07-01,중앙선,오빈,349,340,689,9,7,1,금
2022-07-01,중앙선,양평,3208,3301,6509,-93,7,1,금
2022-07-01,중앙선,원덕,390,422,812,-32,7,1,금
2022-07-01,중앙선,용문,2084,2269,4353,-185,7,1,금
2022-07-01,중앙선,지평,81,109,190,-28,7,1,금
2022-07-01,2호선,홍대입구,66440,76144,142584,-9704,7,1,금
2022-07-01,2호선,신촌,39854,40521,80375,-667,7,1,금
2022-07-01,2호선,이대,14939,15713,30652,-774,7,1,금
2022-07-01,2호선,아현,11757,10617,22374,1140,7,1,금
2022-07-01,2호선,충정로(경기대입구),10850,11436,22286,-586,7,1,금
2022-07-01,2호선,용답,3088,2846,5934,242,7,1,금
2022-07-01,2호선,신답,1920,2042,3962,-122,7,1,금
2022-07-01,2호선,신설동,4160,4010,8170,150,7,1,금
2022-07-01,2호선,도림천,1541,1608,3149,-67,7,1,금
2022-07-01,2호선,양천구청,7550,7649,15199,-99,7,1,금
2022-07-01,2호선,신정네거리,11484,11619,23103,-135,7,1,금
2022-07-01,2호선,용두(동대문구청),2813,2646,5459,167,7,1,금
2022-07-01,3호선,지축,5783,5243,11026,540,7,1,금
2022-07-01,3호선,구파발,23022,22043,45065,979,7,1,금
2022-07-01,3호선,연신내,39726,37460,77186,2266,7,1,금
2022-07-01,3호선,불광,17405,18391,35796,-986,7,1,금
2022-07-01,3호선,녹번,16999,14725,31724,2274,7,1,금
2022-07-01,3호선,홍제,19006,17604,36610,1402,7,1,금
2022-07-01,3호선,무악재,4204,4129,8333,75,7,1,금
2022-07-01,3호선,독립문,8043,8048,16091,-5,7,1,금
2022-07-01,3호선,경복궁(정부서울청사),23460,23640,47100,-180,7,1,금
2022-07-01,3호선,안국,24867,25082,49949,-215,7,1,금
2022-07-01,3호선,종로3가,10951,13390,24341,-2439,7,1,금
2022-07-01,3호선,을지로3가,11863,12463,24326,-600,7,1,금
2022-07-01,3호선,충무로,1,0,1,1,7,1,금
2022-07-01,3호선,동대입구,8362,9023,17385,-661,7,1,금
2022-07-01,3호선,약수,14464,13782,28246,682,7,1,금
2022-07-01,3호선,금호,9054,7870,16924,1184,7,1,금
2022-07-01,3호선,옥수,9907,10017,19924,-110,7,1,금
2022-07-01,3호선,압구정,36424,39187,75611,-2763,7,1,금
2022-07-01,3호선,신사,32383,35208,67591,-2825,7,1,금
2022-07-01,3호선,잠원,5446,5103,10549,343,7,1,금
2022-07-01,3호선,고속터미널,51937,53990,105927,-2053,7,1,금
2022-07-01,3호선,교대(법원.검찰청),15925,10483,26408,5442,7,1,금
2022-07-01,3호선,남부터미널(예술의전당),33486,34176,67662,-690,7,1,금
2022-07-01,3호선,양재(서초구청),42107,44618,86725,-2511,7,1,금
2022-07-01,3호선,매봉,13886,13260,27146,626,7,1,금
2022-07-01,3호선,도곡,5921,5883,11804,38,7,1,금
2022-07-01,3호선,대치,11582,11434,23016,148,7,1,금
2022-07-01,3호선,학여울,2390,2448,4838,-58,7,1,금
2022-07-01,1호선,시청,25798,26720,52518,-922,7,1,금
2022-07-01,1호선,종각,39956,39840,79796,116,7,1,금
2022-07-01,1호선,종로3가,28252,26092,54344,2160,7,1,금
2022-07-01,1호선,종로5가,25748,26118,51866,-370,7,1,금
2022-07-01,1호선,동대문,12013,10593,22606,1420,7,1,금
2022-07-01,1호선,신설동,15358,14550,29908,808,7,1,금
2022-07-01,1호선,제기동,18330,18625,36955,-295,7,1,금
2022-07-01,1호선,청량리(서울시립대입구),21619,21718,43337,-99,7,1,금
2022-07-01,1호선,동묘앞,9062,9335,18397,-273,7,1,금
2022-07-01,2호선,시청,25692,25537,51229,155,7,1,금
2022-07-01,2호선,을지로입구,45740,46814,92554,-1074,7,1,금
2022-07-01,2호선,을지로3가,25855,26330,52185,-475,7,1,금
2022-07-01,2호선,을지로4가,14743,14590,29333,153,7,1,금
2022-07-01,3호선,대청,11318,10173,21491,1145,7,1,금
2022-07-01,3호선,일원,11492,10602,22094,890,7,1,금
2022-07-01,3호선,수서,19434,19535,38969,-101,7,1,금
2022-07-01,3호선,가락시장,9916,9649,19565,267,7,1,금
2022-07-01,3호선,경찰병원,8034,7870,15904,164,7,1,금
2022-07-01,3호선,오금,6633,5934,12567,699,7,1,금
2022-07-01,4호선,당고개,9556,9262,18818,294,7,1,금
2022-07-01,4호선,상계,20186,18704,38890,1482,7,1,금
2022-07-01,4호선,노원,20361,23384,43745,-3023,7,1,금
2022-07-01,4호선,창동,29299,30853,60152,-1554,7,1,금
2022-07-01,4호선,쌍문,26730,28210,54940,-1480,7,1,금
2022-07-01,4호선,수유(강북구청),35382,37427,72809,-2045,7,1,금
2022-07-01,4호선,미아(서울사이버대학),15519,15576,31095,-57,7,1,금
2022-07-01,4호선,미아사거리,29373,29939,59312,-566,7,1,금
2022-07-01,4호선,길음,21997,21472,43469,525,7,1,금
2022-07-01,4호선,성신여대입구(돈암),21777,21108,42885,669,7,1,금
2022-07-01,4호선,한성대입구(삼선교),14466,14371,28837,95,7,1,금
2022-07-01,4호선,혜화,34611,32752,67363,1859,7,1,금
2022-07-01,4호선,동대문,21105,21156,42261,-51,7,1,금
2022-07-01,4호선,동대문역사문화공원(DDP),16399,15485,31884,914,7,1,금
2022-07-01,4호선,충무로,28195,28952,57147,-757,7,1,금
2022-07-01,4호선,명동,21450,21589,43039,-139,7,1,금
2022-07-01,4호선,회현(남대문시장),25815,24670,50485,1145,7,1,금
2022-07-01,4호선,서울역,12690,19753,32443,-7063,7,1,금
2022-07-01,4호선,숙대입구(갈월),14230,13483,27713,747,7,1,금
2022-07-01,4호선,삼각지,5940,7602,13542,-1662,7,1,금
2022-07-01,4호선,신용산,18432,18676,37108,-244,7,1,금
2022-07-01,4호선,이촌(국립중앙박물관),10098,11452,21550,-1354,7,1,금
2022-07-01,4호선,동작(현충원),1824,2096,3920,-272,7,1,금
2022-07-01,4호선,총신대입구(이수),20898,23438,44336,-2540,7,1,금
2022-07-01,4호선,사당,30368,25400,55768,4968,7,1,금
2022-07-01,4호선,남태령,1480,2395,3875,-915,7,1,금
2022-07-01,5호선,방화,7668,7157,14825,511,7,1,금
2022-07-01,5호선,개화산,6301,5851,12152,450,7,1,금
2022-07-01,5호선,김포공항,9452,8705,18157,747,7,1,금
2022-07-01,5호선,송정,7217,6596,13813,621,7,1,금
2022-07-01,5호선,마곡,11524,11610,23134,-86,7,1,금
2022-07-01,5호선,발산,22554,23767,46321,-1213,7,1,금
2022-07-01,5호선,우장산,16195,15610,31805,585,7,1,금
2022-07-01,5호선,화곡,31406,28368,59774,3038,7,1,금
2022-07-01,1호선,서울역,51298,54304,105602,-3006,7,1,금
2022-07-01,5호선,까치산,31462,29359,60821,2103,7,1,금
2022-07-01,5호선,신정(은행정),15262,12092,27354,3170,7,1,금
2022-07-01,5호선,목동,18502,19281,37783,-779,7,1,금
2022-07-01,5호선,오목교(목동운동장앞),23773,25550,49323,-1777,7,1,금
2022-07-01,5호선,양평,8144,7857,16001,287,7,1,금
2022-07-01,5호선,영등포구청,4309,4476,8785,-167,7,1,금
2022-07-01,5호선,영등포시장,11279,11390,22669,-111,7,1,금
2022-07-01,5호선,신길,4623,4824,9447,-201,7,1,금
2022-07-01,5호선,여의도,30670,33670,64340,-3000,7,1,금
2022-07-01,5호선,여의나루,12894,14103,26997,-1209,7,1,금
2022-07-01,5호선,마포,15829,16201,32030,-372,7,1,금
2022-07-01,5호선,공덕,15700,16657,32357,-957,7,1,금
2022-07-01,5호선,애오개,7241,7145,14386,96,7,1,금
2022-07-01,5호선,충정로(경기대입구),4701,4669,9370,32,7,1,금
2022-07-01,5호선,서대문,20799,20816,41615,-17,7,1,금
2022-07-01,5호선,광화문(세종문화회관),33430,36177,69607,-2747,7,1,금
2022-07-01,5호선,종로3가,14379,14831,29210,-452,7,1,금
2022-07-01,5호선,을지로4가,6624,7048,13672,-424,7,1,금
2022-07-01,5호선,동대문역사문화공원(DDP),3048,3751,6799,-703,7,1,금
2022-07-01,5호선,청구,4225,3916,8141,309,7,1,금
2022-07-01,5호선,신금호,7203,7319,14522,-116,7,1,금
2022-07-01,5호선,행당,9008,7657,16665,1351,7,1,금
2022-07-01,5호선,왕십리(성동구청),5121,6275,11396,-1154,7,1,금
2022-07-01,5호선,마장,6026,5456,11482,570,7,1,금
2022-07-01,5호선,답십리,17354,15433,32787,1921,7,1,금
2022-07-01,5호선,장한평,20705,20118,40823,587,7,1,금
2022-07-01,5호선,군자(능동),12118,13195,25313,-1077,7,1,금
2022-07-01,5호선,아차산(어린이대공원후문),15929,14874,30803,1055,7,1,금
2022-07-01,5호선,광나루(장신대),14570,13074,27644,1496,7,1,금
2022-07-01,5호선,천호(풍납토성),20671,20723,41394,-52,7,1,금
2022-07-01,5호선,강동,20244,18607,38851,1637,7,1,금
2022-07-01,5호선,길동,8780,9124,17904,-344,7,1,금
2022-07-01,5호선,굽은다리(강동구민회관앞),10595,9868,20463,727,7,1,금
2022-07-01,5호선,명일,9449,9779,19228,-330,7,1,금
2022-07-01,5호선,고덕,10896,10495,21391,401,7,1,금
2022-07-01,5호선,상일동,16588,15697,32285,891,7,1,금
2022-07-01,5호선,둔촌동,8847,8921,17768,-74,7,1,금
2022-07-01,5호선,올림픽공원(한국체대),4837,4178,9015,659,7,1,금
2022-07-01,5호선,방이,7519,7798,15317,-279,7,1,금
2022-07-01,5호선,오금,4099,4165,8264,-66,7,1,금
2022-07-01,5호선,개롱,7268,7353,14621,-85,7,1,금
2022-07-01,5호선,거여,11238,10647,21885,591,7,1,금
2022-07-01,5호선,마천,8001,7413,15414,588,7,1,금
2022-07-01,5호선,강일,4852,4600,9452,252,7,1,금
2022-07-01,5호선,미사,16953,17306,34259,-353,7,1,금
2022-07-01,5호선,하남풍산,4274,4561,8835,-287,7,1,금
2022-07-01,5호선,하남시청(덕풍·신장),7484,7184,14668,300,7,1,금
2022-07-01,5호선,하남검단산,6165,5688,11853,477,7,1,금
2022-07-01,6호선,응암,19043,18702,37745,341,7,1,금
2022-07-01,2호선,동대문역사문화공원(DDP),14014,16570,30584,-2556,7,1,금
2022-07-01,6호선,역촌,4125,4673,8798,-548,7,1,금
2022-07-01,6호선,불광,4982,4901,9883,81,7,1,금
2022-07-01,6호선,독바위,3042,2992,6034,50,7,1,금
2022-07-01,6호선,구산,8584,6202,14786,2382,7,1,금
2022-07-01,6호선,새절(신사),13859,12331,26190,1528,7,1,금
2022-07-01,6호선,증산(명지대앞),10781,10382,21163,399,7,1,금
2022-07-01,6호선,디지털미디어시티,15154,16719,31873,-1565,7,1,금
2022-07-01,6호선,월드컵경기장(성산),4861,5148,10009,-287,7,1,금
2022-07-01,6호선,마포구청,15596,13800,29396,1796,7,1,금
2022-07-01,6호선,망원,15472,16616,32088,-1144,7,1,금
2022-07-01,6호선,합정,15245,15235,30480,10,7,1,금
2022-07-01,6호선,상수,9962,12185,22147,-2223,7,1,금
2022-07-01,6호선,광흥창(서강),10396,9724,20120,672,7,1,금
2022-07-01,6호선,대흥(서강대앞),9548,9400,18948,148,7,1,금
2022-07-01,6호선,공덕,20350,19657,40007,693,7,1,금
2022-07-01,6호선,효창공원앞,7856,6964,14820,892,7,1,금
2022-07-01,6호선,삼각지,8454,7060,15514,1394,7,1,금
2022-07-01,6호선,녹사평(용산구청),5700,6141,11841,-441,7,1,금
2022-07-01,6호선,이태원,13222,18188,31410,-4966,7,1,금
2022-07-01,6호선,한강진,9120,11069,20189,-1949,7,1,금
2022-07-01,6호선,버티고개,2315,2307,4622,8,7,1,금
2022-07-01,6호선,약수,4031,4235,8266,-204,7,1,금
2022-07-01,6호선,청구,4009,4048,8057,-39,7,1,금
2022-07-01,6호선,신당,9043,8641,17684,402,7,1,금
2022-07-01,6호선,동묘앞,9015,8709,17724,306,7,1,금
2022-07-01,6호선,창신,3950,3135,7085,815,7,1,금
2022-07-01,6호선,보문,8931,7760,16691,1171,7,1,금
2022-07-01,6호선,안암(고대병원앞),11825,11405,23230,420,7,1,금
2022-07-01,6호선,고려대(종암),9219,8418,17637,801,7,1,금
2022-07-01,6호선,월곡(동덕여대),12828,12416,25244,412,7,1,금
2022-07-01,6호선,상월곡(한국과학기술연구원),6853,5964,12817,889,7,1,금
2022-07-01,6호선,돌곶이,10047,8985,19032,1062,7,1,금
2022-07-01,6호선,석계,13189,13580,26769,-391,7,1,금
2022-07-01,6호선,태릉입구,6072,6501,12573,-429,7,1,금
2022-07-01,6호선,화랑대(서울여대입구),12538,9507,22045,3031,7,1,금
2022-07-01,6호선,봉화산(서울의료원),9792,9007,18799,785,7,1,금
2022-07-01,6호선,신내,2,0,2,2,7,1,금
2022-07-01,7호선,장암,2469,979,3448,1490,7,1,금
2022-07-01,7호선,도봉산,9951,11058,21009,-1107,7,1,금
2022-07-01,7호선,수락산,13861,13488,27349,373,7,1,금
2022-07-01,7호선,마들,14698,13544,28242,1154,7,1,금
2022-07-01,7호선,노원,23033,24544,47577,-1511,7,1,금
2022-07-01,7호선,중계,16286,14092,30378,2194,7,1,금
2022-07-01,7호선,하계,19529,17788,37317,1741,7,1,금
2022-07-01,7호선,공릉(서울과학기술대),13175,12728,25903,447,7,1,금
2022-07-01,7호선,태릉입구,9326,8579,17905,747,7,1,금
2022-07-01,7호선,먹골,11269,10824,22093,445,7,1,금
2022-07-01,7호선,중화,11795,11299,23094,496,7,1,금
2022-07-01,7호선,상봉(시외버스터미널),18610,17832,36442,778,7,1,금
2022-07-01,7호선,면목,16343,15626,31969,717,7,1,금
2022-07-01,7호선,사가정,17333,17068,34401,265,7,1,금
2022-07-01,7호선,용마산(용마폭포공원),6558,6130,12688,428,7,1,금
2022-07-01,7호선,중곡,11944,10910,22854,1034,7,1,금
2022-07-01,7호선,군자(능동),16715,12918,29633,3797,7,1,금
2022-07-01,7호선,어린이대공원(세종대),13908,13637,27545,271,7,1,금
2022-07-01,7호선,건대입구,14133,15030,29163,-897,7,1,금
2022-07-01,7호선,뚝섬유원지,10173,9350,19523,823,7,1,금
2022-07-01,7호선,청담,21038,23975,45013,-2937,7,1,금
2022-07-01,7호선,강남구청,17714,19976,37690,-2262,7,1,금
2022-07-01,7호선,학동,24956,26541,51497,-1585,7,1,금
2022-07-01,7호선,논현,20705,22179,42884,-1474,7,1,금
2022-07-01,7호선,반포,6752,6406,13158,346,7,1,금
2022-07-01,7호선,고속터미널,19015,15797,34812,3218,7,1,금
2022-07-01,7호선,내방,15681,15986,31667,-305,7,1,금
2022-07-01,7호선,이수,19050,17574,36624,1476,7,1,금
2022-07-01,7호선,남성,12215,10874,23089,1341,7,1,금
2022-07-01,7호선,숭실대입구(살피재),13111,13072,26183,39,7,1,금
2022-07-01,7호선,상도,12227,11194,23421,1033,7,1,금
2022-07-01,7호선,장승배기,10056,9609,19665,447,7,1,금
2022-07-01,7호선,신대방삼거리,16645,15538,32183,1107,7,1,금
2022-07-01,7호선,보라매,8701,8525,17226,176,7,1,금
2022-07-01,7호선,신풍,12602,11991,24593,611,7,1,금
2022-07-01,7호선,대림(구로구청),8568,8702,17270,-134,7,1,금
2022-07-01,7호선,남구로,16364,17414,33778,-1050,7,1,금
2022-07-01,7호선,가산디지털단지,47737,47653,95390,84,7,1,금
2022-07-01,7호선,철산,23397,24100,47497,-703,7,1,금
2022-07-01,7호선,광명사거리,23705,23211,46916,494,7,1,금
2022-07-01,7호선,천왕,12605,11640,24245,965,7,1,금
2022-07-01,7호선,온수(성공회대입구),10842,10006,20848,836,7,1,금
2022-07-01,7호선,삼산체육관,1,0,1,1,7,1,금
2022-07-01,8호선,암사,20436,17625,38061,2811,7,1,금
2022-07-01,8호선,천호(풍납토성),16350,19359,35709,-3009,7,1,금
2022-07-01,8호선,강동구청,11163,11173,22336,-10,7,1,금
2022-07-01,8호선,몽촌토성(평화의문),6953,7163,14116,-210,7,1,금
2022-07-01,8호선,잠실(송파구청),16813,20177,36990,-3364,7,1,금
2022-07-01,8호선,석촌,8419,9783,18202,-1364,7,1,금
2022-07-01,8호선,송파,9759,9365,19124,394,7,1,금
2022-07-01,8호선,가락시장,8283,9494,17777,-1211,7,1,금
2022-07-01,8호선,문정,22784,23981,46765,-1197,7,1,금
2022-07-01,8호선,장지,19184,17963,37147,1221,7,1,금
2022-07-01,8호선,복정,10190,8551,18741,1639,7,1,금
2022-07-01,8호선,산성,5793,5649,11442,144,7,1,금
2022-07-01,8호선,남한산성입구(성남법원.검찰청),14804,12923,27727,1881,7,1,금
2022-07-01,8호선,단대오거리,11451,10920,22371,531,7,1,금
2022-07-01,8호선,신흥,4831,5166,9997,-335,7,1,금
2022-07-01,8호선,수진,5925,5383,11308,542,7,1,금
2022-07-01,8호선,모란,4813,4008,8821,805,7,1,금
2022-07-01,8호선,남위례,6080,6211,12291,-131,7,1,금
2022-07-01,9호선,개화,2889,1927,4816,962,7,1,금
2022-07-01,9호선,김포공항,9955,14381,24336,-4426,7,1,금
2022-07-01,9호선,공항시장,3311,3478,6789,-167,7,1,금
2022-07-01,9호선,신방화,7655,7176,14831,479,7,1,금
2022-07-01,9호선,마곡나루(서울식물원),13939,13929,27868,10,7,1,금
2022-07-01,9호선,양천향교,10715,10544,21259,171,7,1,금
2022-07-01,9호선,가양,23604,22386,45990,1218,7,1,금
2022-07-01,9호선,증미,8226,7925,16151,301,7,1,금
2022-07-01,9호선,등촌,12871,11935,24806,936,7,1,금
2022-07-01,9호선,염창,19493,18222,37715,1271,7,1,금
2022-07-01,9호선,신목동,4909,4097,9006,812,7,1,금
2022-07-01,9호선,선유도,9646,8984,18630,662,7,1,금
2022-07-01,9호선,당산,21003,20992,41995,11,7,1,금
2022-07-01,9호선,국회의사당,18448,18994,37442,-546,7,1,금
2022-07-01,9호선,여의도,32388,30642,63030,1746,7,1,금
2022-07-01,9호선,샛강,6802,6905,13707,-103,7,1,금
2022-07-01,9호선,노량진,27754,27044,54798,710,7,1,금
2022-07-01,9호선,노들,5206,4190,9396,1016,7,1,금
2022-07-01,9호선,흑석(중앙대입구),9232,9456,18688,-224,7,1,금
2022-07-01,9호선,동작(현충원),2424,1884,4308,540,7,1,금
2022-07-01,9호선,구반포,1464,1391,2855,73,7,1,금
2022-07-01,9호선,신반포,4420,4183,8603,237,7,1,금
2022-07-01,9호선,고속터미널,16013,21887,37900,-5874,7,1,금
2022-07-01,9호선,사평,4629,4321,8950,308,7,1,금
2022-07-01,9호선,신논현,36595,37103,73698,-508,7,1,금
2022-07-01,9호선2~3단계,언주,11821,11921,23742,-100,7,1,금
2022-07-01,9호선2~3단계,선정릉,10985,12088,23073,-1103,7,1,금
2022-07-01,9호선2~3단계,삼성중앙,8350,8543,16893,-193,7,1,금
2022-07-01,9호선2~3단계,봉은사,23546,24818,48364,-1272,7,1,금
2022-07-01,9호선2~3단계,종합운동장,4817,5050,9867,-233,7,1,금
2022-07-01,9호선2~3단계,삼전,7805,7181,14986,624,7,1,금
2022-07-01,9호선2~3단계,석촌고분,7100,6653,13753,447,7,1,금
2022-07-01,중앙선,국수,844,876,1720,-32,7,1,금
2022-07-01,중앙선,신원,214,211,425,3,7,1,금
2022-07-01,중앙선,양수,2256,2313,4569,-57,7,1,금
2022-07-01,중앙선,운길산,867,833,1700,34,7,1,금
2022-07-01,중앙선,팔당,1024,1064,2088,-40,7,1,금
2022-07-01,중앙선,도심,2829,2131,4960,698,7,1,금
2022-07-01,중앙선,덕소,6147,6122,12269,25,7,1,금
2022-07-01,중앙선,양정,726,633,1359,93,7,1,금
2022-07-01,중앙선,도농,12242,10986,23228,1256,7,1,금
2022-07-01,중앙선,구리,14731,14885,29616,-154,7,1,금
2022-07-01,중앙선,양원,3485,3268,6753,217,7,1,금
2022-07-01,중앙선,망우,8760,8492,17252,268,7,1,금
2022-07-01,중앙선,상봉(시외버스터미널),6497,6369,12866,128,7,1,금
2022-07-01,중앙선,중랑,6235,5669,11904,566,7,1,금
2022-07-01,중앙선,회기,27607,25956,53563,1651,7,1,금
2022-07-01,장항선,신창(순천향대),1664,1368,3032,296,7,1,금
2022-07-01,장항선,온양온천,4116,4216,8332,-100,7,1,금
2022-07-01,장항선,배방,1306,1182,2488,124,7,1,금
2022-07-01,장항선,탕정,1016,892,1908,124,7,1,금
2022-07-01,장항선,아산,3418,3892,7310,-474,7,1,금
2022-07-01,장항선,쌍용(나사렛대),2276,2040,4316,236,7,1,금
2022-07-01,장항선,봉명,1452,1373,2825,79,7,1,금
2022-07-01,일산선,대화,15020,11828,26848,3192,7,1,금
2022-07-01,일산선,주엽,10407,10217,20624,190,7,1,금
2022-07-01,일산선,정발산,8586,9157,17743,-571,7,1,금
2022-07-01,일산선,마두,8240,8641,16881,-401,7,1,금
2022-07-01,일산선,백석,10897,10808,21705,89,7,1,금
2022-07-01,일산선,대곡,2365,1868,4233,497,7,1,금
2022-07-01,일산선,화정,19022,18960,37982,62,7,1,금
2022-07-01,일산선,원당,12245,11291,23536,954,7,1,금
2022-07-01,일산선,삼송,22235,21075,43310,1160,7,1,금
2022-07-01,일산선,원흥,12312,11353,23665,959,7,1,금
2022-07-01,우이신설선,신설동,2408,2254,4662,154,7,1,금
2022-07-01,우이신설선,보문,1620,1579,3199,41,7,1,금
2022-07-01,우이신설선,성신여대입구(돈암),4479,4707,9186,-228,7,1,금
2022-07-01,우이신설선,정릉,5283,4541,9824,742,7,1,금
2022-07-01,우이신설선,북한산보국문,6694,6076,12770,618,7,1,금
2022-07-01,우이신설선,솔샘,6537,5752,12289,785,7,1,금
2022-07-01,우이신설선,삼양사거리,2853,2736,5589,117,7,1,금
2022-07-01,우이신설선,삼양,2345,2317,4662,28,7,1,금
2022-07-01,9호선2~3단계,석촌,9715,8476,18191,1239,7,1,금
2022-07-01,9호선2~3단계,송파나루,5920,6429,12349,-509,7,1,금
2022-07-01,9호선2~3단계,한성백제,3003,2602,5605,401,7,1,금
2022-07-01,9호선2~3단계,올림픽공원(한국체대),8450,8139,16589,311,7,1,금
2022-07-01,9호선2~3단계,둔촌오륜,1348,1161,2509,187,7,1,금
2022-07-01,9호선2~3단계,중앙보훈병원,12121,10475,22596,1646,7,1,금
2022-07-01,분당선,복정,1,0,1,1,7,1,금
2022-07-01,경강선,판교,5740,5693,11433,47,7,1,금
2022-07-01,경강선,이매,1247,1080,2327,167,7,1,금
2022-07-01,경강선,삼동,2702,2474,5176,228,7,1,금
2022-07-01,경강선,경기광주,8763,8106,16869,657,7,1,금
2022-07-01,경강선,초월,3792,3383,7175,409,7,1,금
2022-07-01,경강선,곤지암,2487,2412,4899,75,7,1,금
2022-07-01,경강선,신둔도예촌,1754,1659,3413,95,7,1,금
2022-07-01,경강선,이천,3061,3209,6270,-148,7,1,금
2022-07-01,경강선,부발,2913,2259,5172,654,7,1,금
2022-07-01,경강선,세종대왕릉,419,413,832,6,7,1,금
2022-07-01,경강선,여주,2459,2646,5105,-187,7,1,금
2022-07-01,경부선,서울역,7366,2799,10165,4567,7,1,금
2022-07-01,경부선,남영,10374,11144,21518,-770,7,1,금
2022-07-01,경부선,용산,45218,47215,92433,-1997,7,1,금
2022-07-01,경부선,노량진,8776,8399,17175,377,7,1,금
2022-07-01,경부선,대방,12449,13152,25601,-703,7,1,금
2022-07-01,경부선,영등포,47689,48273,95962,-584,7,1,금
2022-07-01,경부선,신도림,4602,4575,9177,27,7,1,금
2022-07-01,경부선,신길,9707,8255,17962,1452,7,1,금
2022-07-01,경부선,구로,19943,20655,40598,-712,7,1,금
2022-07-01,경부선,가산디지털단지,19598,22383,41981,-2785,7,1,금
2022-07-01,경부선,금천구청,12504,12578,25082,-74,7,1,금
2022-07-01,경부선,석수,10213,8878,19091,1335,7,1,금
2022-07-01,경부선,관악,7997,7659,15656,338,7,1,금
2022-07-01,경부선,안양,24042,24088,48130,-46,7,1,금
2022-07-01,경부선,명학,9912,9653,19565,259,7,1,금
2022-07-01,경부선,금정,30199,31621,61820,-1422,7,1,금
2022-07-01,경부선,군포,8382,7969,16351,413,7,1,금
2022-07-01,경부선,의왕,9518,9211,18729,307,7,1,금
2022-07-01,경부선,성균관대,15499,15173,30672,326,7,1,금
2022-07-01,경부선,화서,8773,8342,17115,431,7,1,금
2022-07-01,경부선,수원,40795,43744,84539,-2949,7,1,금
2022-07-01,경부선,독산,19903,20340,40243,-437,7,1,금
2022-07-01,경부선,세류,3423,3106,6529,317,7,1,금
2022-07-01,경부선,병점,16586,16102,32688,484,7,1,금
2022-07-01,경부선,세마,3282,3061,6343,221,7,1,금
2022-07-01,경부선,오산대,4104,3737,7841,367,7,1,금
2022-07-01,경부선,오산,11298,10968,22266,330,7,1,금
2022-07-01,경부선,진위,2098,1678,3776,420,7,1,금
2022-07-01,경부선,송탄,5911,5024,10935,887,7,1,금
2022-07-01,경부선,서정리,9146,7352,16498,1794,7,1,금
2022-07-01,경부선,평택지제,4723,4476,9199,247,7,1,금
2022-07-01,경부선,평택,14695,14080,28775,615,7,1,금
2022-07-01,경부선,성환,4116,3658,7774,458,7,1,금
2022-07-01,경부선,직산,1021,918,1939,103,7,1,금
2022-07-01,경부선,두정,6775,6738,13513,37,7,1,금
2022-07-01,경부선,천안,6850,6802,13652,48,7,1,금
2022-07-01,경부선,당정,6783,6257,13040,526,7,1,금
2022-07-01,경부선,서동탄,1634,1481,3115,153,7,1,금
2022-07-01,경부선,광명,3711,3748,7459,-37,7,1,금
2022-07-01,경원선,이촌(국립중앙박물관),4535,3504,8039,1031,7,1,금
2022-07-01,경원선,서빙고,2561,2297,4858,264,7,1,금
2022-07-01,경원선,한남,4453,4289,8742,164,7,1,금
2022-07-01,경원선,옥수,60,33,93,27,7,1,금
2022-07-01,경원선,응봉,2160,1712,3872,448,7,1,금
2022-07-01,경원선,왕십리(성동구청),17370,19189,36559,-1819,7,1,금
2022-07-01,2호선,신당,15744,15836,31580,-92,7,1,금
2022-07-01,2호선,상왕십리,15929,14847,30776,1082,7,1,금
2022-07-01,경원선,청량리(서울시립대입구),18301,19611,37912,-1310,7,1,금
2022-07-01,경원선,외대앞,8513,8218,16731,295,7,1,금
2022-07-01,경원선,신이문,9241,8341,17582,900,7,1,금
2022-07-01,경원선,석계,8742,9721,18463,-979,7,1,금
2022-07-01,경원선,광운대,8345,7695,16040,650,7,1,금
2022-07-01,경원선,월계,7699,6598,14297,1101,7,1,금
2022-07-01,경원선,녹천,5388,4287,9675,1101,7,1,금
2022-07-01,경원선,방학,10942,10546,21488,396,7,1,금
2022-07-01,경원선,도봉,6621,6121,12742,500,7,1,금
2022-07-01,경원선,도봉산,8126,5155,13281,2971,7,1,금
2022-07-01,경원선,망월사,8268,8172,16440,96,7,1,금
2022-07-01,경원선,회룡,13791,13608,27399,183,7,1,금
2022-07-01,경원선,의정부,20716,22015,42731,-1299,7,1,금
2022-07-01,경원선,가능,7393,6972,14365,421,7,1,금
2022-07-01,경원선,녹양,4998,4663,9661,335,7,1,금
2022-07-01,경원선,양주,8278,7775,16053,503,7,1,금
2022-07-01,경원선,덕계,3559,3227,6786,332,7,1,금
2022-07-01,경원선,덕정,6238,5759,11997,479,7,1,금
2022-07-01,경원선,지행,7712,7659,15371,53,7,1,금
2022-07-01,경원선,동두천중앙,3546,3383,6929,163,7,1,금
2022-07-01,경원선,보산,2499,2018,4517,481,7,1,금
2022-07-01,경원선,동두천,2395,2637,5032,-242,7,1,금
2022-07-01,경원선,소요산,3113,2735,5848,378,7,1,금
2022-07-01,경의선,서울역,4626,6435,11061,-1809,7,1,금
2022-07-01,경의선,신촌,959,1281,2240,-322,7,1,금
2022-07-01,경의선,효창공원앞,3262,3535,6797,-273,7,1,금
2022-07-01,경의선,공덕,4211,3741,7952,470,7,1,금
2022-07-01,경의선,서강대,2387,2376,4763,11,7,1,금
2022-07-01,경의선,홍대입구,2170,2661,4831,-491,7,1,금
2022-07-01,경의선,가좌,6135,5776,11911,359,7,1,금
2022-07-01,경의선,디지털미디어시티,3043,2677,5720,366,7,1,금
2022-07-01,경의선,수색,2945,3146,6091,-201,7,1,금
2022-07-01,경의선,화전,1789,1565,3354,224,7,1,금
2022-07-01,경의선,강매,3553,2989,6542,564,7,1,금
2022-07-01,경의선,행신,8763,9179,17942,-416,7,1,금
2022-07-01,경의선,능곡,4276,3900,8176,376,7,1,금
2022-07-01,경의선,곡산,693,714,1407,-21,7,1,금
2022-07-01,경의선,백마,7878,7255,15133,623,7,1,금
2022-07-01,경의선,풍산,6256,5865,12121,391,7,1,금
2022-07-01,경의선,일산,10563,10146,20709,417,7,1,금
2022-07-01,경의선,탄현,8810,8307,17117,503,7,1,금
2022-07-01,경의선,야당,8976,9265,18241,-289,7,1,금
2022-07-01,경의선,운정,7828,7045,14873,783,7,1,금
2022-07-01,경의선,금릉,5526,5351,10877,175,7,1,금
2022-07-01,경의선,금촌,7586,7417,15003,169,7,1,금
2022-07-01,경의선,월롱,3423,2572,5995,851,7,1,금
2022-07-01,경의선,파주,1234,749,1983,485,7,1,금
2022-07-01,경의선,문산,5970,5702,11672,268,7,1,금
2022-07-01,경의선,임진강,18,4,22,14,7,1,금
2022-07-01,경의선,계양,2,0,2,2,7,1,금
2022-07-01,경인선,개봉,23268,22293,45561,975,7,1,금
2022-07-01,경인선,오류동,12923,11380,24303,1543,7,1,금
2022-07-01,경인선,역곡,29451,29092,58543,359,7,1,금
2022-07-01,경인선,부천,35263,35900,71163,-637,7,1,금
2022-07-01,경인선,송내,29781,29459,59240,322,7,1,금
2022-07-01,경인선,부평,32268,35947,68215,-3679,7,1,금
2022-07-01,경인선,백운,7649,7415,15064,234,7,1,금
2022-07-01,경인선,동암,16962,16849,33811,113,7,1,금
2022-07-01,경인선,주안,20498,18428,38926,2070,7,1,금
2022-07-01,경인선,제물포,11990,11069,23059,921,7,1,금
2022-07-01,경인선,동인천,15409,14708,30117,701,7,1,금
2022-07-01,경인선,인천,4892,3935,8827,957,7,1,금
2022-07-01,경인선,구일,8323,8259,16582,64,7,1,금
2022-07-01,경인선,소사,8923,8593,17516,330,7,1,금
2022-07-01,경인선,부개,9574,8761,18335,813,7,1,금
2022-07-01,경인선,간석,6584,6124,12708,460,7,1,금
2022-07-01,경인선,도원,3970,3894,7864,76,7,1,금
2022-07-01,경인선,온수(성공회대입구),7677,6847,14524,830,7,1,금
2022-07-01,경인선,중동,10266,9536,19802,730,7,1,금
2022-07-01,경인선,도화,4766,4236,9002,530,7,1,금
2022-07-01,경춘선,신내,2509,2300,4809,209,7,1,금
2022-07-01,경춘선,갈매,3296,2847,6143,449,7,1,금
2022-07-01,경춘선,별내,3635,3424,7059,211,7,1,금
2022-07-01,경춘선,퇴계원,4000,3510,7510,490,7,1,금
2022-07-01,경춘선,사릉,2572,2560,5132,12,7,1,금
2022-07-01,경춘선,금곡,1655,1615,3270,40,7,1,금
2022-07-01,경춘선,평내호평,6937,6704,13641,233,7,1,금
2022-07-01,경춘선,천마산,1791,1718,3509,73,7,1,금
2022-07-01,경춘선,마석,4323,4274,8597,49,7,1,금
2022-07-01,경춘선,대성리,1442,2557,3999,-1115,7,1,금
2022-07-01,경춘선,청평,2163,2565,4728,-402,7,1,금
2022-07-01,경춘선,상천,315,287,602,28,7,1,금
2022-07-01,경춘선,가평,2614,2846,5460,-232,7,1,금
2022-07-01,경춘선,굴봉산,126,134,260,-8,7,1,금
2022-07-01,경춘선,백양리,123,131,254,-8,7,1,금
2022-07-01,경춘선,강촌,473,623,1096,-150,7,1,금
2022-07-01,경춘선,김유정,340,370,710,-30,7,1,금
2022-07-01,경춘선,남춘천,2924,3064,5988,-140,7,1,금
2022-07-01,경춘선,춘천,1573,1424,2997,149,7,1,금
2022-07-01,공항철도 1호선,서울역,9973,10321,20294,-348,7,1,금
2022-07-01,공항철도 1호선,공덕,2734,3563,6297,-829,7,1,금
2022-07-01,공항철도 1호선,홍대입구,12594,13242,25836,-648,7,1,금
2022-07-01,공항철도 1호선,디지털미디어시티,15431,14050,29481,1381,7,1,금
2022-07-01,공항철도 1호선,마곡나루(서울식물원),10025,9389,19414,636,7,1,금
2022-07-01,공항철도 1호선,김포공항,15164,7117,22281,8047,7,1,금
2022-07-01,공항철도 1호선,계양,12052,10871,22923,1181,7,1,금
2022-07-01,공항철도 1호선,검암,7439,7341,14780,98,7,1,금
2022-07-01,공항철도 1호선,청라국제도시,8115,7462,15577,653,7,1,금
2022-07-01,공항철도 1호선,운서,8398,8364,16762,34,7,1,금
2022-07-01,공항철도 1호선,공항화물청사,2513,2582,5095,-69,7,1,금
2022-07-01,공항철도 1호선,인천공항1터미널,7520,7617,15137,-97,7,1,금
2022-07-01,공항철도 1호선,인천공항2터미널,3647,3365,7012,282,7,1,금
2022-07-01,공항철도 1호선,영종,3712,3837,7549,-125,7,1,금
2022-07-01,과천선,선바위,8770,9194,17964,-424,7,1,금
2022-07-01,과천선,경마공원,8966,9045,18011,-79,7,1,금
2022-07-01,과천선,대공원,3366,4091,7457,-725,7,1,금
2022-07-01,과천선,과천,6822,6677,13499,145,7,1,금
2022-07-01,과천선,정부과천청사,11148,11776,22924,-628,7,1,금
2022-07-01,과천선,인덕원,26100,26847,52947,-747,7,1,금
2022-07-01,과천선,평촌,18690,18213,36903,477,7,1,금
2022-07-01,과천선,범계,27864,29521,57385,-1657,7,1,금
2022-07-01,2호선,왕십리(성동구청),18890,16119,35009,2771,7,1,금
2022-07-01,2호선,한양대,9305,9677,18982,-372,7,1,금
2022-07-01,2호선,뚝섬,24885,26469,51354,-1584,7,1,금
2022-07-02,5호선,화곡,21415,19121,40536,2294,7,2,토
2022-07-02,5호선,까치산,22020,20266,42286,1754,7,2,토
2022-07-02,5호선,신정(은행정),9836,8158,17994,1678,7,2,토
2022-07-02,5호선,목동,11759,11794,23553,-35,7,2,토
2022-07-02,5호선,오목교(목동운동장앞),17296,17894,35190,-598,7,2,토
2022-07-02,5호선,영등포구청,2006,1974,3980,32,7,2,토
2022-07-02,5호선,영등포시장,8941,9277,18218,-336,7,2,토
2022-07-02,5호선,신길,2922,2923,5845,-1,7,2,토
2022-07-02,5호선,여의도,13318,14826,28144,-1508,7,2,토
2022-07-02,5호선,여의나루,12774,14627,27401,-1853,7,2,토
2022-07-02,5호선,마포,8062,8140,16202,-78,7,2,토
2022-07-02,5호선,공덕,7811,8127,15938,-316,7,2,토
2022-07-02,5호선,애오개,4107,3838,7945,269,7,2,토
2022-07-02,5호선,충정로(경기대입구),2567,2025,4592,542,7,2,토
2022-07-02,5호선,서대문,9328,7894,17222,1434,7,2,토
2022-07-02,5호선,광화문(세종문화회관),17699,18161,35860,-462,7,2,토
2022-07-02,5호선,종로3가,13858,14614,28472,-756,7,2,토
2022-07-02,5호선,을지로4가,3633,4035,7668,-402,7,2,토
2022-07-02,5호선,동대문역사문화공원(DDP),1275,1554,2829,-279,7,2,토
2022-07-02,5호선,청구,2645,2337,4982,308,7,2,토
2022-07-02,5호선,신금호,4376,4466,8842,-90,7,2,토
2022-07-02,5호선,행당,5790,4915,10705,875,7,2,토
2022-07-02,5호선,왕십리(성동구청),3570,4536,8106,-966,7,2,토
2022-07-02,5호선,마장,4032,3617,7649,415,7,2,토
2022-07-02,5호선,답십리,11007,9732,20739,1275,7,2,토
2022-07-02,5호선,장한평,11958,11557,23515,401,7,2,토
2022-07-02,5호선,군자(능동),8636,9801,18437,-1165,7,2,토
2022-07-02,5호선,아차산(어린이대공원후문),13355,12976,26331,379,7,2,토
2022-07-02,5호선,광나루(장신대),11065,10360,21425,705,7,2,토
2022-07-02,5호선,천호(풍납토성),18508,17585,36093,923,7,2,토
2022-07-02,5호선,강동,13926,13027,26953,899,7,2,토
2022-07-02,5호선,길동,6491,6656,13147,-165,7,2,토
2022-07-02,5호선,굽은다리(강동구민회관앞),7871,7480,15351,391,7,2,토
2022-07-02,5호선,명일,6591,6397,12988,194,7,2,토
2022-07-02,5호선,고덕,6620,6365,12985,255,7,2,토
2022-07-02,5호선,상일동,10087,9261,19348,826,7,2,토
2022-07-02,5호선,둔촌동,6127,6053,12180,74,7,2,토
2022-07-02,5호선,올림픽공원(한국체대),3618,3289,6907,329,7,2,토
2022-07-02,5호선,방이,5408,5254,10662,154,7,2,토
2022-07-02,5호선,오금,2060,1968,4028,92,7,2,토
2022-07-02,5호선,개롱,4351,4551,8902,-200,7,2,토
2022-07-02,5호선,거여,6852,6278,13130,574,7,2,토
2022-07-02,5호선,마천,4999,5011,10010,-12,7,2,토
2022-07-02,5호선,강일,3269,3004,6273,265,7,2,토
2022-07-02,5호선,미사,13161,13099,26260,62,7,2,토
2022-07-02,5호선,하남풍산,3118,3088,6206,30,7,2,토
2022-07-02,5호선,하남시청(덕풍·신장),5914,5692,11606,222,7,2,토
2022-07-02,5호선,하남검단산,5939,5801,11740,138,7,2,토
2022-07-02,6호선,응암,13262,12972,26234,290,7,2,토
2022-07-02,6호선,역촌,2866,3210,6076,-344,7,2,토
2022-07-02,6호선,불광,4127,3744,7871,383,7,2,토
2022-07-02,6호선,독바위,2256,2468,4724,-212,7,2,토
2022-07-02,6호선,연신내,1,0,1,1,7,2,토
2022-07-02,6호선,구산,5719,4290,10009,1429,7,2,토
2022-07-02,6호선,새절(신사),9161,8515,17676,646,7,2,토
2022-07-02,6호선,증산(명지대앞),7795,7494,15289,301,7,2,토
2022-07-02,6호선,디지털미디어시티,7871,8119,15990,-248,7,2,토
2022-07-02,6호선,월드컵경기장(성산),4625,4874,9499,-249,7,2,토
2022-07-02,6호선,마포구청,9856,8516,18372,1340,7,2,토
2022-07-02,6호선,망원,13218,14464,27682,-1246,7,2,토
2022-07-02,6호선,합정,13379,13218,26597,161,7,2,토
2022-07-02,6호선,상수,8776,11238,20014,-2462,7,2,토
2022-07-02,6호선,광흥창(서강),5741,5288,11029,453,7,2,토
2022-07-02,6호선,대흥(서강대앞),5917,6087,12004,-170,7,2,토
2022-07-02,6호선,공덕,11282,10549,21831,733,7,2,토
2022-07-02,6호선,효창공원앞,5207,4427,9634,780,7,2,토
2022-07-02,6호선,삼각지,9757,5309,15066,4448,7,2,토
2022-07-02,6호선,녹사평(용산구청),6340,6831,13171,-491,7,2,토
2022-07-02,신림선,서울대벤처타운,5908,5274,11182,634,7,2,토
2022-07-02,신림선,관악산(서울대),4560,4645,9205,-85,7,2,토
2022-07-02,안산선,산본,13667,14621,28288,-954,7,2,토
2022-07-02,안산선,대야미,4203,3710,7913,493,7,2,토
2022-07-02,안산선,반월,3734,3536,7270,198,7,2,토
2022-07-02,안산선,상록수,13188,13069,26257,119,7,2,토
2022-07-02,안산선,한대앞,7502,7343,14845,159,7,2,토
2022-07-02,안산선,중앙,16894,17784,34678,-890,7,2,토
2022-07-02,안산선,고잔,7147,6993,14140,154,7,2,토
2022-07-02,안산선,초지,3812,3703,7515,109,7,2,토
2022-07-02,안산선,안산,10102,10336,20438,-234,7,2,토
2022-07-02,안산선,신길온천,1576,1459,3035,117,7,2,토
2022-07-02,안산선,정왕,7232,7267,14499,-35,7,2,토
2022-07-02,9호선,염창,13085,11908,24993,1177,7,2,토
2022-07-02,5호선,양평,3851,3501,7352,350,7,2,토
2022-07-02,7호선,중곡,7264,6648,13912,616,7,2,토
2022-07-02,6호선,이태원,16805,21962,38767,-5157,7,2,토
2022-07-02,6호선,한강진,9961,12453,22414,-2492,7,2,토
2022-07-02,6호선,버티고개,1644,1600,3244,44,7,2,토
2022-07-02,6호선,약수,2697,2712,5409,-15,7,2,토
2022-07-02,장항선,쌍용(나사렛대),1781,1571,3352,210,7,2,토
2022-07-02,장항선,아산,3315,3261,6576,54,7,2,토
2022-07-02,장항선,탕정,740,703,1443,37,7,2,토
2022-07-02,장항선,배방,1245,1164,2409,81,7,2,토
2022-07-02,장항선,온양온천,3933,3944,7877,-11,7,2,토
2022-07-02,장항선,신창(순천향대),1141,1090,2231,51,7,2,토
2022-07-02,중앙선,회기,21667,20502,42169,1165,7,2,토
2022-07-02,중앙선,중랑,4709,4507,9216,202,7,2,토
2022-07-02,중앙선,상봉(시외버스터미널),5191,5153,10344,38,7,2,토
2022-07-02,중앙선,망우,7210,7003,14213,207,7,2,토
2022-07-02,중앙선,양원,2089,1899,3988,190,7,2,토
2022-07-02,중앙선,구리,10993,11296,22289,-303,7,2,토
2022-07-02,중앙선,도농,8004,7462,15466,542,7,2,토
2022-07-02,중앙선,양정,612,514,1126,98,7,2,토
2022-07-02,중앙선,덕소,4767,4825,9592,-58,7,2,토
2022-07-02,중앙선,도심,1710,1464,3174,246,7,2,토
2022-07-02,중앙선,팔당,1550,1504,3054,46,7,2,토
2022-07-02,중앙선,운길산,1201,1215,2416,-14,7,2,토
2022-07-02,중앙선,양수,2646,2684,5330,-38,7,2,토
2022-07-02,중앙선,신원,230,248,478,-18,7,2,토
2022-07-02,중앙선,국수,764,760,1524,4,7,2,토
2022-07-02,중앙선,아신,673,722,1395,-49,7,2,토
2022-07-02,중앙선,오빈,329,328,657,1,7,2,토
2022-07-02,중앙선,양평,2977,3311,6288,-334,7,2,토
2022-07-02,중앙선,원덕,450,476,926,-26,7,2,토
2022-07-02,중앙선,용문,2384,2840,5224,-456,7,2,토
2022-07-02,중앙선,지평,89,84,173,5,7,2,토
2022-07-02,일산선,대화,9967,9035,19002,932,7,2,토
2022-07-02,일산선,주엽,7545,7432,14977,113,7,2,토
2022-07-02,일산선,정발산,7505,8190,15695,-685,7,2,토
2022-07-02,일산선,마두,5430,5385,10815,45,7,2,토
2022-07-02,일산선,백석,8059,7991,16050,68,7,2,토
2022-07-02,일산선,대곡,1630,1362,2992,268,7,2,토
2022-07-02,일산선,화정,13670,14118,27788,-448,7,2,토
2022-07-02,일산선,원당,8773,8177,16950,596,7,2,토
2022-07-02,일산선,삼송,16057,15384,31441,673,7,2,토
2022-07-02,일산선,원흥,8075,7503,15578,572,7,2,토
2022-07-02,우이신설선,신설동,1536,1458,2994,78,7,2,토
2022-07-02,우이신설선,보문,1299,1174,2473,125,7,2,토
2022-07-02,우이신설선,성신여대입구(돈암),2971,3444,6415,-473,7,2,토
2022-07-02,우이신설선,정릉,3856,3159,7015,697,7,2,토
2022-07-02,우이신설선,북한산보국문,5019,4354,9373,665,7,2,토
2022-07-02,우이신설선,솔샘,4182,3740,7922,442,7,2,토
2022-07-02,우이신설선,삼양사거리,2026,1928,3954,98,7,2,토
2022-07-02,우이신설선,삼양,1618,1650,3268,-32,7,2,토
2022-07-02,우이신설선,화계,2649,2496,5145,153,7,2,토
2022-07-02,우이신설선,가오리,3350,3079,6429,271,7,2,토
2022-07-02,우이신설선,4.19민주묘지,2474,2191,4665,283,7,2,토
2022-07-02,우이신설선,솔밭공원,1965,1846,3811,119,7,2,토
2022-07-02,우이신설선,북한산우이,3898,4327,8225,-429,7,2,토
2022-07-02,안산선,수리산,3132,2672,5804,460,7,2,토
2022-07-02,안산선,오이도,8565,8579,17144,-14,7,2,토
2022-07-02,신림선,서원,2350,2043,4393,307,7,2,토
2022-07-02,신림선,신림,1502,2017,3519,-515,7,2,토
2022-07-02,신림선,당곡,3097,2677,5774,420,7,2,토
2022-07-02,신림선,보라매병원,2868,2915,5783,-47,7,2,토
2022-07-02,신림선,보라매공원,1361,1443,2804,-82,7,2,토
2022-07-02,신림선,보라매,2261,1952,4213,309,7,2,토
2022-07-02,신림선,서울지방병무청,1643,1815,3458,-172,7,2,토
2022-07-02,신림선,대방,1686,1137,2823,549,7,2,토
2022-07-02,신림선,샛강,1115,1503,2618,-388,7,2,토
2022-07-02,수인선,인천,1149,2124,3273,-975,7,2,토
2022-07-02,수인선,신포,1488,1548,3036,-60,7,2,토
2022-07-02,수인선,숭의,2918,2666,5584,252,7,2,토
2022-07-02,수인선,인하대,4460,4170,8630,290,7,2,토
2022-07-02,수인선,송도,2037,1984,4021,53,7,2,토
2022-07-02,수인선,연수,4308,4416,8724,-108,7,2,토
2022-07-02,수인선,원인재,3884,4005,7889,-121,7,2,토
2022-07-02,수인선,남동인더스파크,980,912,1892,68,7,2,토
2022-07-02,수인선,호구포,2776,2645,5421,131,7,2,토
2022-07-02,수인선,인천논현,4643,4815,9458,-172,7,2,토
2022-07-02,수인선,소래포구,5588,5467,11055,121,7,2,토
2022-07-02,수인선,월곶,2425,2336,4761,89,7,2,토
2022-07-02,수인선,달월,72,68,140,4,7,2,토
2022-07-02,수인선,사리,3907,3171,7078,736,7,2,토
2022-07-02,수인선,야목,295,239,534,56,7,2,토
2022-07-02,수인선,어천,825,720,1545,105,7,2,토
2022-07-02,수인선,오목천,2399,1970,4369,429,7,2,토
2022-07-02,수인선,고색,2734,2707,5441,27,7,2,토
2022-07-02,분당선,매교,2129,2118,4247,11,7,2,토
2022-07-02,분당선,수원시청,11807,13665,25472,-1858,7,2,토
2022-07-02,분당선,매탄권선,4026,3589,7615,437,7,2,토
2022-07-02,분당선,망포,10235,9352,19587,883,7,2,토
2022-07-02,분당선,영통,7238,7300,14538,-62,7,2,토
2022-07-02,분당선,청명,3027,3000,6027,27,7,2,토
2022-07-02,분당선,상갈,4188,4103,8291,85,7,2,토
2022-07-02,분당선,기흥,7492,7090,14582,402,7,2,토
2022-07-02,분당선,신갈,2959,3018,5977,-59,7,2,토
2022-07-02,분당선,구성,3740,3723,7463,17,7,2,토
2022-07-02,분당선,죽전,10646,11931,22577,-1285,7,2,토
2022-07-02,분당선,보정,1966,1753,3719,213,7,2,토
2022-07-02,분당선,이매,4241,4180,8421,61,7,2,토
2022-07-02,분당선,오리,8377,6785,15162,1592,7,2,토
2022-07-02,분당선,미금,11389,11809,23198,-420,7,2,토
2022-07-02,분당선,정자,11708,12029,23737,-321,7,2,토
2022-07-02,분당선,수내,9324,8895,18219,429,7,2,토
2022-07-02,분당선,서현,20770,21115,41885,-345,7,2,토
2022-07-02,분당선,야탑,19138,20390,39528,-1252,7,2,토
2022-07-02,분당선,모란,16501,17061,33562,-560,7,2,토
2022-07-02,분당선,태평,11251,10286,21537,965,7,2,토
2022-07-02,분당선,가천대,5450,5838,11288,-388,7,2,토
2022-07-02,분당선,선정릉,3383,3453,6836,-70,7,2,토
2022-07-02,분당선,강남구청,5323,6331,11654,-1008,7,2,토
2022-07-02,분당선,압구정로데오,18877,22653,41530,-3776,7,2,토
2022-07-02,분당선,서울숲,9927,10115,20042,-188,7,2,토
2022-07-02,분당선,수원,8162,6689,14851,1473,7,2,토
2022-07-02,분당선,복정,1,0,1,1,7,2,토
2022-07-02,장항선,봉명,774,728,1502,46,7,2,토
2022-07-02,분당선,수서,11065,11366,22431,-301,7,2,토
2022-07-02,분당선,대모산입구,3527,3152,6679,375,7,2,토
2022-07-02,분당선,개포동,2962,2840,5802,122,7,2,토
2022-07-02,분당선,구룡,1791,1603,3394,188,7,2,토
2022-07-02,분당선,도곡,5098,4539,9637,559,7,2,토
2022-07-02,분당선,한티,11546,11416,22962,130,7,2,토
2022-07-02,분당선,선릉,5599,8685,14284,-3086,7,2,토
2022-07-02,과천선,범계,22537,22236,44773,301,7,2,토
2022-07-02,과천선,평촌,10149,9893,20042,256,7,2,토
2022-07-02,과천선,인덕원,18076,17750,35826,326,7,2,토
2022-07-02,과천선,정부과천청사,7153,6860,14013,293,7,2,토
2022-07-02,과천선,과천,5478,4958,10436,520,7,2,토
2022-07-02,과천선,대공원,5389,5665,11054,-276,7,2,토
2022-07-02,과천선,경마공원,14118,14388,28506,-270,7,2,토
2022-07-02,과천선,선바위,5875,5131,11006,744,7,2,토
2022-07-02,공항철도 1호선,영종,3444,3541,6985,-97,7,2,토
2022-07-02,공항철도 1호선,인천공항2터미널,3723,3215,6938,508,7,2,토
2022-07-02,공항철도 1호선,인천공항1터미널,8149,7751,15900,398,7,2,토
2022-07-02,공항철도 1호선,공항화물청사,1376,1372,2748,4,7,2,토
2022-07-02,공항철도 1호선,운서,7393,7540,14933,-147,7,2,토
2022-07-02,공항철도 1호선,청라국제도시,5127,4864,9991,263,7,2,토
2022-07-02,공항철도 1호선,검암,4982,5006,9988,-24,7,2,토
2022-07-02,공항철도 1호선,계양,8134,7347,15481,787,7,2,토
2022-07-02,공항철도 1호선,김포공항,12039,6106,18145,5933,7,2,토
2022-07-02,공항철도 1호선,마곡나루(서울식물원),3316,3697,7013,-381,7,2,토
2022-07-02,공항철도 1호선,디지털미디어시티,6153,5869,12022,284,7,2,토
2022-07-02,공항철도 1호선,홍대입구,13893,14707,28600,-814,7,2,토
2022-07-02,공항철도 1호선,공덕,1829,3006,4835,-1177,7,2,토
2022-07-02,공항철도 1호선,서울역,9750,9436,19186,314,7,2,토
2022-07-02,경춘선,춘천,2067,1965,4032,102,7,2,토
2022-07-02,경춘선,남춘천,3788,4176,7964,-388,7,2,토
2022-07-02,경춘선,김유정,539,630,1169,-91,7,2,토
2022-07-02,경춘선,강촌,866,932,1798,-66,7,2,토
2022-07-02,경춘선,백양리,159,180,339,-21,7,2,토
2022-07-02,경춘선,굴봉산,244,244,488,0,7,2,토
2022-07-02,경춘선,가평,3033,3794,6827,-761,7,2,토
2022-07-02,경춘선,상천,520,488,1008,32,7,2,토
2022-07-02,경춘선,청평,2568,2773,5341,-205,7,2,토
2022-07-02,경춘선,대성리,2493,1882,4375,611,7,2,토
2022-07-02,경춘선,마석,3525,3503,7028,22,7,2,토
2022-07-02,경춘선,천마산,1541,1394,2935,147,7,2,토
2022-07-02,경춘선,평내호평,5100,4912,10012,188,7,2,토
2022-07-02,경춘선,금곡,1213,1131,2344,82,7,2,토
2022-07-02,경춘선,사릉,1729,1728,3457,1,7,2,토
2022-07-02,경춘선,퇴계원,3022,2874,5896,148,7,2,토
2022-07-02,경춘선,별내,2497,2330,4827,167,7,2,토
2022-07-02,경춘선,갈매,2145,1723,3868,422,7,2,토
2022-07-02,경춘선,신내,1456,1417,2873,39,7,2,토
2022-07-02,경인선,도화,3484,3212,6696,272,7,2,토
2022-07-02,경인선,중동,7174,6670,13844,504,7,2,토
2022-07-02,경인선,온수(성공회대입구),5089,4639,9728,450,7,2,토
2022-07-02,경인선,도원,2162,2216,4378,-54,7,2,토
2022-07-02,경인선,간석,4643,4461,9104,182,7,2,토
2022-07-02,경인선,부개,7005,6415,13420,590,7,2,토
2022-07-02,경인선,소사,8210,7838,16048,372,7,2,토
2022-07-02,경인선,구일,7784,7519,15303,265,7,2,토
2022-07-02,경인선,인천,4946,4113,9059,833,7,2,토
2022-07-02,경인선,동인천,12558,12499,25057,59,7,2,토
2022-07-02,경인선,제물포,7980,7450,15430,530,7,2,토
2022-07-02,경인선,주안,16725,14584,31309,2141,7,2,토
2022-07-02,경인선,동암,13725,13806,27531,-81,7,2,토
2022-07-02,경인선,백운,5925,5802,11727,123,7,2,토
2022-07-02,경인선,부평,30569,34202,64771,-3633,7,2,토
2022-07-02,경인선,송내,19963,19251,39214,712,7,2,토
2022-07-02,경인선,부천,30481,31342,61823,-861,7,2,토
2022-07-02,경인선,역곡,21437,20819,42256,618,7,2,토
2022-07-02,경인선,오류동,9443,8416,17859,1027,7,2,토
2022-07-02,경인선,개봉,17148,16665,33813,483,7,2,토
2022-07-02,경의선,임진강,102,79,181,23,7,2,토
2022-07-02,경의선,문산,5610,5040,10650,570,7,2,토
2022-07-02,경의선,파주,906,682,1588,224,7,2,토
2022-07-02,경의선,월롱,2001,1568,3569,433,7,2,토
2022-07-02,경의선,금촌,6002,5628,11630,374,7,2,토
2022-07-02,경의선,금릉,4173,3925,8098,248,7,2,토
2022-07-02,경의선,운정,5269,4882,10151,387,7,2,토
2022-07-02,경의선,야당,7179,7204,14383,-25,7,2,토
2022-07-02,경의선,탄현,5914,5587,11501,327,7,2,토
2022-07-02,경의선,일산,6735,6365,13100,370,7,2,토
2022-07-02,경의선,풍산,4814,4630,9444,184,7,2,토
2022-07-02,경의선,백마,5047,4825,9872,222,7,2,토
2022-07-02,경의선,곡산,424,455,879,-31,7,2,토
2022-07-02,경의선,능곡,3035,2966,6001,69,7,2,토
2022-07-02,경의선,행신,6104,6085,12189,19,7,2,토
2022-07-02,경의선,강매,2154,2005,4159,149,7,2,토
2022-07-02,경의선,화전,1158,1110,2268,48,7,2,토
2022-07-02,경의선,수색,1684,1667,3351,17,7,2,토
2022-07-02,경의선,디지털미디어시티,2162,1852,4014,310,7,2,토
2022-07-02,경의선,가좌,4602,4545,9147,57,7,2,토
2022-07-02,경의선,홍대입구,2159,2796,4955,-637,7,2,토
2022-07-02,경의선,서강대,1833,1802,3635,31,7,2,토
2022-07-02,경의선,공덕,3358,2445,5803,913,7,2,토
2022-07-02,경의선,효창공원앞,2037,2062,4099,-25,7,2,토
2022-07-02,경의선,신촌,441,477,918,-36,7,2,토
2022-07-02,경의선,서울역,1814,1793,3607,21,7,2,토
2022-07-02,경원선,소요산,4992,4293,9285,699,7,2,토
2022-07-02,경원선,동두천,1879,2364,4243,-485,7,2,토
2022-07-02,경원선,보산,2050,1995,4045,55,7,2,토
2022-07-02,경원선,동두천중앙,2941,2926,5867,15,7,2,토
2022-07-02,경원선,지행,6536,6092,12628,444,7,2,토
2022-07-02,경원선,덕정,4945,4430,9375,515,7,2,토
2022-07-02,경원선,덕계,2769,2548,5317,221,7,2,토
2022-07-02,경원선,양주,7040,6632,13672,408,7,2,토
2022-07-02,경원선,녹양,3868,3677,7545,191,7,2,토
2022-07-02,경원선,가능,5518,5045,10563,473,7,2,토
2022-07-02,경원선,의정부,19271,21216,40487,-1945,7,2,토
2022-07-02,경원선,회룡,10631,10446,21077,185,7,2,토
2022-07-02,경원선,망월사,6037,6124,12161,-87,7,2,토
2022-07-02,경원선,도봉산,9466,6511,15977,2955,7,2,토
2022-07-02,경원선,도봉,4860,4515,9375,345,7,2,토
2022-07-02,경원선,방학,8031,7786,15817,245,7,2,토
2022-07-02,경원선,녹천,3588,2928,6516,660,7,2,토
2022-07-02,경원선,월계,4880,4382,9262,498,7,2,토
2022-07-02,경원선,광운대,5673,5723,11396,-50,7,2,토
2022-07-02,경원선,석계,6972,7266,14238,-294,7,2,토
2022-07-02,경원선,신이문,6478,5872,12350,606,7,2,토
2022-07-02,경원선,외대앞,6576,6215,12791,361,7,2,토
2022-07-02,경원선,청량리(서울시립대입구),18421,19395,37816,-974,7,2,토
2022-07-02,경원선,왕십리(성동구청),14223,16166,30389,-1943,7,2,토
2022-07-02,경원선,응봉,1552,1243,2795,309,7,2,토
2022-07-02,경원선,옥수,43,20,63,23,7,2,토
2022-07-02,경원선,한남,3102,2987,6089,115,7,2,토
2022-07-02,경원선,서빙고,2077,1950,4027,127,7,2,토
2022-07-02,경원선,이촌(국립중앙박물관),3602,2531,6133,1071,7,2,토
2022-07-02,경부선,광명,3191,2836,6027,355,7,2,토
2022-07-02,경부선,서동탄,1167,1230,2397,-63,7,2,토
2022-07-02,경부선,당정,4339,4064,8403,275,7,2,토
2022-07-02,경부선,천안,7084,7093,14177,-9,7,2,토
2022-07-02,경부선,두정,5776,5799,11575,-23,7,2,토
2022-07-02,경부선,직산,698,715,1413,-17,7,2,토
2022-07-02,경부선,성환,3133,2836,5969,297,7,2,토
2022-07-02,경부선,평택,15224,14282,29506,942,7,2,토
2022-07-02,경부선,평택지제,3656,3382,7038,274,7,2,토
2022-07-02,경부선,서정리,7789,6411,14200,1378,7,2,토
2022-07-02,경부선,송탄,5242,4699,9941,543,7,2,토
2022-07-02,경부선,진위,1210,1027,2237,183,7,2,토
2022-07-02,경부선,오산,10179,9388,19567,791,7,2,토
2022-07-02,경부선,오산대,3169,2981,6150,188,7,2,토
2022-07-02,경부선,세마,2527,2258,4785,269,7,2,토
2022-07-02,경부선,병점,13417,13298,26715,119,7,2,토
2022-07-02,경부선,세류,2731,2833,5564,-102,7,2,토
2022-07-02,경부선,독산,9565,9137,18702,428,7,2,토
2022-07-02,경부선,수원,42082,45439,87521,-3357,7,2,토
2022-07-02,경부선,화서,6264,6290,12554,-26,7,2,토
2022-07-02,경부선,성균관대,11061,10810,21871,251,7,2,토
2022-07-02,경부선,의왕,6261,5981,12242,280,7,2,토
2022-07-02,경부선,군포,4332,3874,8206,458,7,2,토
2022-07-02,경부선,금정,20364,19960,40324,404,7,2,토
2022-07-02,경부선,명학,5210,4964,10174,246,7,2,토
2022-07-02,경부선,안양,19209,19151,38360,58,7,2,토
2022-07-02,경부선,관악,6370,6029,12399,341,7,2,토
2022-07-02,경부선,석수,7313,6853,14166,460,7,2,토
2022-07-02,경부선,금천구청,8694,8620,17314,74,7,2,토
2022-07-02,경부선,가산디지털단지,6536,8659,15195,-2123,7,2,토
2022-07-02,경부선,구로,13874,14602,28476,-728,7,2,토
2022-07-02,경부선,신길,6416,5330,11746,1086,7,2,토
2022-07-02,경부선,신도림,3151,3358,6509,-207,7,2,토
2022-07-02,경부선,영등포,45597,48303,93900,-2706,7,2,토
2022-07-02,경부선,대방,7377,7906,15283,-529,7,2,토
2022-07-02,경부선,노량진,8592,7598,16190,994,7,2,토
2022-07-02,경부선,용산,43253,46306,89559,-3053,7,2,토
2022-07-02,경부선,남영,8191,7024,15215,1167,7,2,토
2022-07-02,경부선,서울역,9929,2412,12341,7517,7,2,토
2022-07-02,경강선,여주,2580,2890,5470,-310,7,2,토
2022-07-02,경강선,세종대왕릉,393,436,829,-43,7,2,토
2022-07-02,경강선,부발,2357,1891,4248,466,7,2,토
2022-07-02,경강선,이천,3008,3133,6141,-125,7,2,토
2022-07-02,경강선,신둔도예촌,1377,1261,2638,116,7,2,토
2022-07-02,경강선,곤지암,2036,2150,4186,-114,7,2,토
2022-07-02,경강선,초월,2593,2280,4873,313,7,2,토
2022-07-02,경강선,경기광주,6210,5762,11972,448,7,2,토
2022-07-02,경강선,삼동,1579,1510,3089,69,7,2,토
2022-07-02,경강선,이매,976,713,1689,263,7,2,토
2022-07-02,경강선,판교,3580,3489,7069,91,7,2,토
2022-07-02,9호선2~3단계,중앙보훈병원,5261,4989,10250,272,7,2,토
2022-07-02,9호선2~3단계,둔촌오륜,715,669,1384,46,7,2,토
2022-07-02,9호선2~3단계,올림픽공원(한국체대),9022,9107,18129,-85,7,2,토
2022-07-02,9호선2~3단계,한성백제,2029,1746,3775,283,7,2,토
2022-07-02,9호선2~3단계,송파나루,4949,5463,10412,-514,7,2,토
2022-07-02,9호선2~3단계,석촌,7373,5996,13369,1377,7,2,토
2022-07-02,9호선2~3단계,석촌고분,4636,4378,9014,258,7,2,토
2022-07-02,9호선2~3단계,삼전,5487,4965,10452,522,7,2,토
2022-07-02,9호선2~3단계,종합운동장,5417,5042,10459,375,7,2,토
2022-07-02,9호선2~3단계,봉은사,17460,19941,37401,-2481,7,2,토
2022-07-02,9호선2~3단계,삼성중앙,3756,3870,7626,-114,7,2,토
2022-07-02,9호선2~3단계,선정릉,4974,5645,10619,-671,7,2,토
2022-07-02,9호선2~3단계,언주,7061,6915,13976,146,7,2,토
2022-07-02,9호선,신논현,28043,28266,56309,-223,7,2,토
2022-07-02,9호선,사평,2765,2516,5281,249,7,2,토
2022-07-02,9호선,고속터미널,15487,22790,38277,-7303,7,2,토
2022-07-02,9호선,신반포,3262,3340,6602,-78,7,2,토
2022-07-02,9호선,구반포,1414,1528,2942,-114,7,2,토
2022-07-02,9호선,동작(현충원),1786,1522,3308,264,7,2,토
2022-07-02,9호선,흑석(중앙대입구),6437,6414,12851,23,7,2,토
2022-07-02,9호선,노들,3881,3198,7079,683,7,2,토
2022-07-02,9호선,노량진,21934,21627,43561,307,7,2,토
2022-07-02,9호선,샛강,2969,2968,5937,1,7,2,토
2022-07-02,9호선,여의도,14749,14020,28769,729,7,2,토
2022-07-02,9호선,국회의사당,5065,5168,10233,-103,7,2,토
2022-07-02,9호선,당산,13872,13255,27127,617,7,2,토
2022-07-02,9호선,선유도,4173,3764,7937,409,7,2,토
2022-07-02,9호선,신목동,2797,2212,5009,585,7,2,토
2022-07-02,9호선,등촌,7924,7463,15387,461,7,2,토
2022-07-02,9호선,증미,4359,4128,8487,231,7,2,토
2022-07-02,9호선,가양,15597,14690,30287,907,7,2,토
2022-07-02,9호선,양천향교,6467,6142,12609,325,7,2,토
2022-07-02,9호선,마곡나루(서울식물원),8609,8564,17173,45,7,2,토
2022-07-02,9호선,신방화,5075,4743,9818,332,7,2,토
2022-07-02,9호선,공항시장,2496,2608,5104,-112,7,2,토
2022-07-02,9호선,김포공항,9103,12890,21993,-3787,7,2,토
2022-07-02,9호선,개화,1446,1205,2651,241,7,2,토
2022-07-02,8호선,남위례,3567,3733,7300,-166,7,2,토
2022-07-02,8호선,모란,3919,3505,7424,414,7,2,토
2022-07-02,8호선,수진,4438,3867,8305,571,7,2,토
2022-07-02,8호선,신흥,3776,4038,7814,-262,7,2,토
2022-07-02,8호선,단대오거리,8006,7433,15439,573,7,2,토
2022-07-02,8호선,남한산성입구(성남법원.검찰청),9693,8340,18033,1353,7,2,토
2022-07-02,8호선,산성,4267,4192,8459,75,7,2,토
2022-07-02,8호선,복정,6384,5453,11837,931,7,2,토
2022-07-02,8호선,장지,13326,12356,25682,970,7,2,토
2022-07-02,8호선,문정,8982,8890,17872,92,7,2,토
2022-07-02,8호선,가락시장,5586,5788,11374,-202,7,2,토
2022-07-02,8호선,송파,6512,6259,12771,253,7,2,토
2022-07-02,8호선,석촌,6031,7280,13311,-1249,7,2,토
2022-07-02,8호선,잠실(송파구청),15477,18471,33948,-2994,7,2,토
2022-07-02,8호선,몽촌토성(평화의문),4295,4281,8576,14,7,2,토
2022-07-02,8호선,강동구청,6383,6354,12737,29,7,2,토
2022-07-02,8호선,천호(풍납토성),12569,15119,27688,-2550,7,2,토
2022-07-02,8호선,암사,13218,11890,25108,1328,7,2,토
2022-07-02,7호선,온수(성공회대입구),5857,5716,11573,141,7,2,토
2022-07-02,7호선,천왕,7356,6888,14244,468,7,2,토
2022-07-02,7호선,광명사거리,17508,17500,35008,8,7,2,토
2022-07-02,7호선,철산,15953,16146,32099,-193,7,2,토
2022-07-02,7호선,가산디지털단지,15135,13648,28783,1487,7,2,토
2022-07-02,7호선,남구로,8578,8980,17558,-402,7,2,토
2022-07-02,7호선,대림(구로구청),7669,8321,15990,-652,7,2,토
2022-07-02,7호선,신풍,8780,8272,17052,508,7,2,토
2022-07-02,7호선,보라매,5733,5488,11221,245,7,2,토
2022-07-02,7호선,신대방삼거리,11255,10286,21541,969,7,2,토
2022-07-02,7호선,장승배기,6801,6335,13136,466,7,2,토
2022-07-02,7호선,상도,8346,7537,15883,809,7,2,토
2022-07-02,7호선,숭실대입구(살피재),8692,8550,17242,142,7,2,토
2022-07-02,7호선,남성,8192,7367,15559,825,7,2,토
2022-07-02,7호선,이수,13643,12812,26455,831,7,2,토
2022-07-02,7호선,내방,8585,8553,17138,32,7,2,토
2022-07-02,7호선,고속터미널,16449,12533,28982,3916,7,2,토
2022-07-02,7호선,반포,4785,4649,9434,136,7,2,토
2022-07-02,7호선,논현,10486,11331,21817,-845,7,2,토
2022-07-02,7호선,학동,11044,11474,22518,-430,7,2,토
2022-07-02,7호선,강남구청,10124,11506,21630,-1382,7,2,토
2022-07-02,7호선,청담,12010,13228,25238,-1218,7,2,토
2022-07-02,7호선,뚝섬유원지,10111,9149,19260,962,7,2,토
2022-07-02,7호선,건대입구,12232,12660,24892,-428,7,2,토
2022-07-02,7호선,어린이대공원(세종대),9605,9139,18744,466,7,2,토
2022-07-02,7호선,군자(능동),11382,8501,19883,2881,7,2,토
2022-07-02,7호선,용마산(용마폭포공원),4577,4504,9081,73,7,2,토
2022-07-02,7호선,사가정,12743,12220,24963,523,7,2,토
2022-07-02,7호선,면목,11465,10821,22286,644,7,2,토
2022-07-02,7호선,상봉(시외버스터미널),14554,13734,28288,820,7,2,토
2022-07-02,7호선,중화,7911,7507,15418,404,7,2,토
2022-07-02,7호선,먹골,8178,7571,15749,607,7,2,토
2022-07-02,7호선,태릉입구,6991,6351,13342,640,7,2,토
2022-07-02,7호선,공릉(서울과학기술대),9050,8916,17966,134,7,2,토
2022-07-02,7호선,하계,13112,12023,25135,1089,7,2,토
2022-07-02,7호선,중계,9859,8575,18434,1284,7,2,토
2022-07-02,7호선,노원,17304,18085,35389,-781,7,2,토
2022-07-02,7호선,마들,9720,8809,18529,911,7,2,토
2022-07-02,7호선,수락산,11179,10921,22100,258,7,2,토
2022-07-02,7호선,도봉산,6986,9434,16420,-2448,7,2,토
2022-07-02,7호선,장암,1883,1423,3306,460,7,2,토
2022-07-02,6호선,봉화산(서울의료원),5820,5786,11606,34,7,2,토
2022-07-02,6호선,화랑대(서울여대입구),7098,5791,12889,1307,7,2,토
2022-07-02,6호선,태릉입구,4490,4649,9139,-159,7,2,토
2022-07-02,6호선,석계,9075,8953,18028,122,7,2,토
2022-07-02,6호선,돌곶이,6491,5781,12272,710,7,2,토
2022-07-02,6호선,상월곡(한국과학기술연구원),4259,3663,7922,596,7,2,토
2022-07-02,6호선,월곡(동덕여대),7710,7338,15048,372,7,2,토
2022-07-02,6호선,고려대(종암),5731,5392,11123,339,7,2,토
2022-07-02,6호선,안암(고대병원앞),7137,6864,14001,273,7,2,토
2022-07-02,6호선,보문,5429,4895,10324,534,7,2,토
2022-07-02,6호선,창신,2398,2048,4446,350,7,2,토
2022-07-02,6호선,동묘앞,8094,7867,15961,227,7,2,토
2022-07-02,6호선,신당,5183,4896,10079,287,7,2,토
2022-07-02,6호선,청구,2403,2353,4756,50,7,2,토
2022-07-02,1호선,서울역,43834,40499,84333,3335,7,2,토
2022-07-02,1호선,시청,17973,20576,38549,-2603,7,2,토
2022-07-02,1호선,종각,23719,23169,46888,550,7,2,토
2022-07-02,1호선,종로3가,25588,23944,49532,1644,7,2,토
2022-07-02,1호선,종로5가,21491,21399,42890,92,7,2,토
2022-07-02,1호선,동대문,11345,10621,21966,724,7,2,토
2022-07-02,1호선,신설동,10573,9959,20532,614,7,2,토
2022-07-02,1호선,제기동,16028,16351,32379,-323,7,2,토
2022-07-02,1호선,청량리(서울시립대입구),19125,19569,38694,-444,7,2,토
2022-07-02,1호선,동묘앞,11336,11823,23159,-487,7,2,토
2022-07-02,2호선,시청,14119,13204,27323,915,7,2,토
2022-07-02,2호선,을지로입구,29786,28174,57960,1612,7,2,토
2022-07-02,2호선,을지로3가,14896,13449,28345,1447,7,2,토
2022-07-02,2호선,을지로4가,8843,9144,17987,-301,7,2,토
2022-07-02,2호선,동대문역사문화공원(DDP),11333,12950,24283,-1617,7,2,토
2022-07-02,2호선,신당,11758,12164,23922,-406,7,2,토
2022-07-02,2호선,상왕십리,10373,9722,20095,651,7,2,토
2022-07-02,2호선,왕십리(성동구청),14036,12483,26519,1553,7,2,토
2022-07-02,2호선,한양대,4617,4707,9324,-90,7,2,토
2022-07-02,2호선,뚝섬,15068,15508,30576,-440,7,2,토
2022-07-02,2호선,성수,24225,27843,52068,-3618,7,2,토
2022-07-02,2호선,건대입구,35471,40737,76208,-5266,7,2,토
2022-07-02,2호선,구의(광진구청),16990,16092,33082,898,7,2,토
2022-07-02,2호선,강변(동서울터미널),30949,31076,62025,-127,7,2,토
2022-07-02,2호선,잠실나루,8365,8008,16373,357,7,2,토
2022-07-02,2호선,잠실(송파구청),77460,74635,152095,2825,7,2,토
2022-07-02,2호선,잠실새내,19929,20477,40406,-548,7,2,토
2022-07-02,2호선,종합운동장,22002,24476,46478,-2474,7,2,토
2022-07-02,2호선,삼성(무역센터),43455,43592,87047,-137,7,2,토
2022-07-02,2호선,선릉,26698,23309,50007,3389,7,2,토
2022-07-02,2호선,역삼,19057,20987,40044,-1930,7,2,토
2022-07-02,2호선,강남,63384,63621,127005,-237,7,2,토
2022-07-02,2호선,교대(법원.검찰청),18301,20827,39128,-2526,7,2,토
2022-07-02,2호선,서초,12188,10153,22341,2035,7,2,토
2022-07-02,2호선,방배,9961,10373,20334,-412,7,2,토
2022-07-02,2호선,사당,35517,40195,75712,-4678,7,2,토
2022-07-02,2호선,낙성대(강감찬),22661,20255,42916,2406,7,2,토
2022-07-02,2호선,서울대입구(관악구청),38939,37324,76263,1615,7,2,토
2022-07-02,2호선,봉천,18541,16772,35313,1769,7,2,토
2022-07-02,2호선,신림,50390,48426,98816,1964,7,2,토
2022-07-02,2호선,신대방,20804,19533,40337,1271,7,2,토
2022-07-02,2호선,구로디지털단지,36359,35311,71670,1048,7,2,토
2022-07-02,2호선,대림(구로구청),18926,19949,38875,-1023,7,2,토
2022-07-02,2호선,신도림,41885,42715,84600,-830,7,2,토
2022-07-02,2호선,문래,13728,14661,28389,-933,7,2,토
2022-07-02,2호선,영등포구청,13163,13774,26937,-611,7,2,토
2022-07-02,2호선,당산,12820,14036,26856,-1216,7,2,토
2022-07-02,2호선,합정,30012,34607,64619,-4595,7,2,토
2022-07-02,2호선,홍대입구,71992,82146,154138,-10154,7,2,토
2022-07-02,2호선,신촌,34079,34731,68810,-652,7,2,토
2022-07-02,2호선,이대,11126,11632,22758,-506,7,2,토
2022-07-02,2호선,아현,8466,7684,16150,782,7,2,토
2022-07-02,2호선,충정로(경기대입구),7472,6819,14291,653,7,2,토
2022-07-02,2호선,용답,2248,2061,4309,187,7,2,토
2022-07-02,2호선,신답,1135,1106,2241,29,7,2,토
2022-07-02,2호선,신설동,3713,3513,7226,200,7,2,토
2022-07-02,2호선,도림천,800,799,1599,1,7,2,토
2022-07-02,2호선,양천구청,4629,4528,9157,101,7,2,토
2022-07-02,2호선,신정네거리,8177,8018,16195,159,7,2,토
2022-07-02,2호선,용두(동대문구청),1758,1727,3485,31,7,2,토
2022-07-02,3호선,지축,3691,3407,7098,284,7,2,토
2022-07-02,3호선,구파발,17433,17577,35010,-144,7,2,토
2022-07-02,3호선,연신내,30844,28894,59738,1950,7,2,토
2022-07-02,3호선,불광,13595,15517,29112,-1922,7,2,토
2022-07-02,3호선,녹번,11379,9817,21196,1562,7,2,토
2022-07-02,3호선,홍제,14128,13420,27548,708,7,2,토
2022-07-02,3호선,무악재,3129,3002,6131,127,7,2,토
2022-07-02,3호선,독립문,6633,6536,13169,97,7,2,토
2022-07-02,3호선,경복궁(정부서울청사),23243,25024,48267,-1781,7,2,토
2022-07-02,3호선,안국,20045,21025,41070,-980,7,2,토
2022-07-02,3호선,종로3가,6834,10154,16988,-3320,7,2,토
2022-07-02,3호선,을지로3가,6698,6776,13474,-78,7,2,토
2022-07-02,3호선,충무로,1,0,1,1,7,2,토
2022-07-02,3호선,동대입구,7035,7843,14878,-808,7,2,토
2022-07-02,3호선,약수,10016,9362,19378,654,7,2,토
2022-07-02,3호선,금호,6230,5573,11803,657,7,2,토
2022-07-02,3호선,옥수,7353,7365,14718,-12,7,2,토
2022-07-02,3호선,압구정,26357,28204,54561,-1847,7,2,토
2022-07-02,3호선,신사,25355,27062,52417,-1707,7,2,토
2022-07-02,3호선,잠원,3569,3440,7009,129,7,2,토
2022-07-02,3호선,고속터미널,56960,57248,114208,-288,7,2,토
2022-07-02,3호선,교대(법원.검찰청),7584,4613,12197,2971,7,2,토
2022-07-02,3호선,남부터미널(예술의전당),23309,22944,46253,365,7,2,토
2022-07-02,3호선,양재(서초구청),21293,23501,44794,-2208,7,2,토
2022-07-02,3호선,매봉,6712,6539,13251,173,7,2,토
2022-07-02,3호선,도곡,3342,3369,6711,-27,7,2,토
2022-07-02,3호선,대치,8484,7908,16392,576,7,2,토
2022-07-02,3호선,학여울,1996,2075,4071,-79,7,2,토
2022-07-02,3호선,대청,6181,5732,11913,449,7,2,토
2022-07-02,3호선,일원,5464,5309,10773,155,7,2,토
2022-07-02,3호선,수서,14490,14363,28853,127,7,2,토
2022-07-02,3호선,가락시장,6548,6081,12629,467,7,2,토
2022-07-02,3호선,경찰병원,4105,3847,7952,258,7,2,토
2022-07-02,3호선,오금,4033,3661,7694,372,7,2,토
2022-07-02,4호선,당고개,7735,7133,14868,602,7,2,토
2022-07-02,4호선,상계,14281,13191,27472,1090,7,2,토
2022-07-02,4호선,노원,16605,18486,35091,-1881,7,2,토
2022-07-02,4호선,창동,20896,21754,42650,-858,7,2,토
2022-07-02,4호선,쌍문,22405,19895,42300,2510,7,2,토
2022-07-02,4호선,수유(강북구청),27853,27881,55734,-28,7,2,토
2022-07-02,4호선,미아(서울사이버대학),11502,10528,22030,974,7,2,토
2022-07-02,4호선,미아사거리,23168,22447,45615,721,7,2,토
2022-07-02,4호선,길음,15918,14862,30780,1056,7,2,토
2022-07-02,4호선,성신여대입구(돈암),17640,16884,34524,756,7,2,토
2022-07-02,4호선,한성대입구(삼선교),11763,11160,22923,603,7,2,토
2022-07-02,4호선,혜화,31754,33991,65745,-2237,7,2,토
2022-07-02,4호선,동대문,15106,15565,30671,-459,7,2,토
2022-07-02,4호선,동대문역사문화공원(DDP),13107,10997,24104,2110,7,2,토
2022-07-02,4호선,충무로,13969,15500,29469,-1531,7,2,토
2022-07-02,4호선,명동,19884,21307,41191,-1423,7,2,토
2022-07-02,4호선,회현(남대문시장),25279,23630,48909,1649,7,2,토
2022-07-02,4호선,서울역,8315,16847,25162,-8532,7,2,토
2022-07-02,4호선,숙대입구(갈월),12437,11032,23469,1405,7,2,토
2022-07-02,4호선,삼각지,4582,5717,10299,-1135,7,2,토
2022-07-02,4호선,신용산,13762,14692,28454,-930,7,2,토
2022-07-02,4호선,이촌(국립중앙박물관),9065,10090,19155,-1025,7,2,토
2022-07-02,4호선,동작(현충원),1305,1449,2754,-144,7,2,토
2022-07-02,4호선,총신대입구(이수),15237,16582,31819,-1345,7,2,토
2022-07-02,4호선,사당,24187,21161,45348,3026,7,2,토
2022-07-02,4호선,남태령,1230,709,1939,521,7,2,토
2022-07-02,5호선,방화,4985,4835,9820,150,7,2,토
2022-07-02,5호선,개화산,4070,3807,7877,263,7,2,토
2022-07-02,5호선,김포공항,8769,8716,17485,53,7,2,토
2022-07-02,5호선,송정,5447,5230,10677,217,7,2,토
2022-07-02,5호선,마곡,5919,5981,11900,-62,7,2,토
2022-07-02,5호선,발산,13611,14894,28505,-1283,7,2,토
2022-07-02,5호선,우장산,10426,10252,20678,174,7,2,토
2022-07-03,분당선,수내,6430,6159,12589,271,7,3,일
2022-07-03,분당선,정자,7987,8190,16177,-203,7,3,일
2022-07-03,분당선,미금,7686,8338,16024,-652,7,3,일
2022-07-03,분당선,오리,5737,5000,10737,737,7,3,일
2022-07-03,분당선,이매,3437,3515,6952,-78,7,3,일
2022-07-03,분당선,보정,1184,1145,2329,39,7,3,일
2022-07-03,분당선,죽전,8057,9185,17242,-1128,7,3,일
2022-07-03,분당선,구성,2414,2716,5130,-302,7,3,일
2022-07-03,분당선,신갈,2108,2148,4256,-40,7,3,일
2022-07-03,분당선,기흥,5460,5143,10603,317,7,3,일
2022-07-03,분당선,상갈,2964,3103,6067,-139,7,3,일
2022-07-03,분당선,청명,2204,2266,4470,-62,7,3,일
2022-07-03,분당선,영통,5282,5384,10666,-102,7,3,일
2022-07-03,분당선,망포,6613,7022,13635,-409,7,3,일
2022-07-03,분당선,매탄권선,2644,2523,5167,121,7,3,일
2022-07-03,분당선,수원시청,7563,7603,15166,-40,7,3,일
2022-07-03,분당선,매교,1464,1368,2832,96,7,3,일
2022-07-03,수인선,고색,1748,1840,3588,-92,7,3,일
2022-07-03,수인선,오목천,1607,1692,3299,-85,7,3,일
2022-07-03,수인선,어천,571,723,1294,-152,7,3,일
2022-07-03,수인선,야목,234,198,432,36,7,3,일
2022-07-03,수인선,사리,2746,2286,5032,460,7,3,일
2022-07-03,수인선,달월,45,53,98,-8,7,3,일
2022-07-03,수인선,월곶,1864,1816,3680,48,7,3,일
2022-07-03,수인선,소래포구,4393,4173,8566,220,7,3,일
2022-07-03,수인선,인천논현,3098,3244,6342,-146,7,3,일
2022-07-03,수인선,호구포,2226,2360,4586,-134,7,3,일
2022-07-03,수인선,남동인더스파크,605,625,1230,-20,7,3,일
2022-07-03,수인선,원인재,2918,2952,5870,-34,7,3,일
2022-07-03,수인선,연수,3397,3335,6732,62,7,3,일
2022-07-03,수인선,송도,1497,1440,2937,57,7,3,일
2022-07-03,수인선,인하대,3147,3151,6298,-4,7,3,일
2022-07-03,수인선,숭의,2024,1856,3880,168,7,3,일
2022-07-03,수인선,신포,1208,1159,2367,49,7,3,일
2022-07-03,수인선,인천,1071,1596,2667,-525,7,3,일
2022-07-03,신림선,샛강,906,1217,2123,-311,7,3,일
2022-07-03,신림선,대방,1059,891,1950,168,7,3,일
2022-07-03,신림선,서울지방병무청,1313,1480,2793,-167,7,3,일
2022-07-03,신림선,보라매,1604,1539,3143,65,7,3,일
2022-07-03,신림선,보라매공원,1066,1155,2221,-89,7,3,일
2022-07-03,신림선,보라매병원,1977,2028,4005,-51,7,3,일
2022-07-03,신림선,당곡,2251,2195,4446,56,7,3,일
2022-07-03,신림선,신림,1198,1784,2982,-586,7,3,일
2022-07-03,신림선,서원,1818,1714,3532,104,7,3,일
2022-07-03,신림선,서울대벤처타운,4477,4493,8970,-16,7,3,일
2022-07-03,일산선,대곡,1102,1014,2116,88,7,3,일
2022-07-03,일산선,백석,5769,5626,11395,143,7,3,일
2022-07-03,일산선,마두,3659,3550,7209,109,7,3,일
2022-07-03,일산선,정발산,6108,6444,12552,-336,7,3,일
2022-07-03,일산선,주엽,4972,5035,10007,-63,7,3,일
2022-07-03,우이신설선,정릉,2801,2390,5191,411,7,3,일
2022-07-03,우이신설선,북한산보국문,3895,3509,7404,386,7,3,일
2022-07-03,우이신설선,솔샘,2980,2719,5699,261,7,3,일
2022-07-03,우이신설선,삼양사거리,1587,1586,3173,1,7,3,일
2022-07-03,우이신설선,삼양,1296,1293,2589,3,7,3,일
2022-07-03,우이신설선,화계,2159,1987,4146,172,7,3,일
2022-07-03,우이신설선,가오리,2512,2395,4907,117,7,3,일
2022-07-03,우이신설선,4.19민주묘지,1859,1669,3528,190,7,3,일
2022-07-03,우이신설선,솔밭공원,1456,1423,2879,33,7,3,일
2022-07-03,우이신설선,북한산우이,3517,3398,6915,119,7,3,일
2022-07-03,안산선,수리산,2188,2005,4193,183,7,3,일
2022-07-03,안산선,오이도,6287,6247,12534,40,7,3,일
2022-07-03,안산선,정왕,5609,6097,11706,-488,7,3,일
2022-07-03,안산선,신길온천,1202,1133,2335,69,7,3,일
2022-07-03,신림선,관악산(서울대),4802,4679,9481,123,7,3,일
2022-07-03,안산선,산본,9378,10009,19387,-631,7,3,일
2022-07-03,안산선,대야미,2899,2790,5689,109,7,3,일
2022-07-03,안산선,반월,2572,2629,5201,-57,7,3,일
2022-07-03,안산선,상록수,9648,9444,19092,204,7,3,일
2022-07-03,안산선,안산,10006,9305,19311,701,7,3,일
2022-07-03,안산선,초지,2629,2517,5146,112,7,3,일
2022-07-03,안산선,고잔,4693,4564,9257,129,7,3,일
2022-07-03,우이신설선,성신여대입구(돈암),2265,2611,4876,-346,7,3,일
2022-07-03,안산선,중앙,12336,12184,24520,152,7,3,일
2022-07-03,안산선,한대앞,5534,5378,10912,156,7,3,일
2022-07-03,우이신설선,보문,1133,1049,2182,84,7,3,일
2022-07-03,우이신설선,신설동,1113,1174,2287,-61,7,3,일
2022-07-03,일산선,원흥,5873,5681,11554,192,7,3,일
2022-07-03,일산선,지축,1,0,1,1,7,3,일
2022-07-03,일산선,삼송,11646,11387,23033,259,7,3,일
2022-07-03,일산선,원당,6319,6093,12412,226,7,3,일
2022-07-03,중앙선,국수,630,568,1198,62,7,3,일
2022-07-03,중앙선,신원,213,133,346,80,7,3,일
2022-07-03,중앙선,양수,2132,1940,4072,192,7,3,일
2022-07-03,중앙선,운길산,965,898,1863,67,7,3,일
2022-07-03,중앙선,팔당,1203,1239,2442,-36,7,3,일
2022-07-03,중앙선,도심,1310,1187,2497,123,7,3,일
2022-07-03,중앙선,덕소,3510,3603,7113,-93,7,3,일
2022-07-03,중앙선,양정,479,393,872,86,7,3,일
2022-07-03,중앙선,도농,5453,5309,10762,144,7,3,일
2022-07-03,중앙선,구리,7842,8141,15983,-299,7,3,일
2022-07-03,중앙선,양원,1436,1523,2959,-87,7,3,일
2022-07-03,중앙선,망우,5295,5322,10617,-27,7,3,일
2022-07-03,중앙선,상봉(시외버스터미널),3765,4121,7886,-356,7,3,일
2022-07-03,중앙선,중랑,3611,3546,7157,65,7,3,일
2022-07-03,중앙선,회기,16230,16147,32377,83,7,3,일
2022-07-03,장항선,신창(순천향대),1030,1164,2194,-134,7,3,일
2022-07-03,장항선,온양온천,3424,3484,6908,-60,7,3,일
2022-07-03,장항선,배방,840,989,1829,-149,7,3,일
2022-07-03,장항선,탕정,547,584,1131,-37,7,3,일
2022-07-03,장항선,아산,3652,2294,5946,1358,7,3,일
2022-07-03,장항선,쌍용(나사렛대),1297,1213,2510,84,7,3,일
2022-07-03,장항선,봉명,605,579,1184,26,7,3,일
2022-07-03,일산선,화정,9783,10085,19868,-302,7,3,일
2022-07-03,6호선,증산(명지대앞),5805,5847,11652,-42,7,3,일
2022-07-03,6호선,디지털미디어시티,5609,5860,11469,-251,7,3,일
2022-07-03,중앙선,지평,88,71,159,17,7,3,일
2022-07-03,중앙선,용문,2473,2119,4592,354,7,3,일
2022-07-03,중앙선,원덕,476,325,801,151,7,3,일
2022-07-03,중앙선,양평,3491,3267,6758,224,7,3,일
2022-07-03,중앙선,오빈,263,246,509,17,7,3,일
2022-07-03,경의선,검암,1,0,1,1,7,3,일
2022-07-03,중앙선,아신,622,542,1164,80,7,3,일
2022-07-03,6호선,월드컵경기장(성산),3896,4044,7940,-148,7,3,일
2022-07-03,일산선,대화,6900,6282,13182,618,7,3,일
2022-07-03,2호선,선릉,13605,11899,25504,1706,7,3,일
2022-07-03,2호선,역삼,11394,12386,23780,-992,7,3,일
2022-07-03,2호선,강남,36350,34618,70968,1732,7,3,일
2022-07-03,2호선,교대(법원.검찰청),11212,12453,23665,-1241,7,3,일
2022-07-03,2호선,서초,13942,12601,26543,1341,7,3,일
2022-07-03,2호선,방배,7129,7671,14800,-542,7,3,일
2022-07-03,2호선,사당,23937,26139,50076,-2202,7,3,일
2022-07-03,2호선,낙성대(강감찬),16117,16684,32801,-567,7,3,일
2022-07-03,2호선,서울대입구(관악구청),26903,28213,55116,-1310,7,3,일
2022-07-03,2호선,봉천,13028,12636,25664,392,7,3,일
2022-07-03,2호선,신림,37194,36316,73510,878,7,3,일
2022-07-03,2호선,신대방,15590,15443,31033,147,7,3,일
2022-07-03,2호선,구로디지털단지,25187,24785,49972,402,7,3,일
2022-07-03,2호선,대림(구로구청),15768,16129,31897,-361,7,3,일
2022-07-03,2호선,신도림,29729,30164,59893,-435,7,3,일
2022-07-03,2호선,문래,8354,8712,17066,-358,7,3,일
2022-07-03,2호선,영등포구청,8135,8399,16534,-264,7,3,일
2022-07-03,2호선,당산,8442,9202,17644,-760,7,3,일
2022-07-03,2호선,합정,20624,21870,42494,-1246,7,3,일
2022-07-03,2호선,홍대입구,53743,53432,107175,311,7,3,일
2022-07-03,2호선,신촌,24995,24173,49168,822,7,3,일
2022-07-03,2호선,이대,7733,8326,16059,-593,7,3,일
2022-07-03,2호선,아현,5628,5528,11156,100,7,3,일
2022-07-03,2호선,충정로(경기대입구),3473,3752,7225,-279,7,3,일
2022-07-03,2호선,용답,1713,1640,3353,73,7,3,일
2022-07-03,2호선,신답,819,928,1747,-109,7,3,일
2022-07-03,2호선,신설동,3101,3142,6243,-41,7,3,일
2022-07-03,2호선,도림천,478,464,942,14,7,3,일
2022-07-03,2호선,양천구청,3401,3527,6928,-126,7,3,일
2022-07-03,2호선,신정네거리,5669,5605,11274,64,7,3,일
2022-07-03,2호선,용두(동대문구청),1173,1160,2333,13,7,3,일
2022-07-03,3호선,지축,2613,2396,5009,217,7,3,일
2022-07-03,3호선,구파발,12753,13288,26041,-535,7,3,일
2022-07-03,3호선,연신내,21977,20703,42680,1274,7,3,일
2022-07-03,3호선,불광,10018,11592,21610,-1574,7,3,일
2022-07-03,3호선,녹번,7657,6810,14467,847,7,3,일
2022-07-03,3호선,홍제,9676,9166,18842,510,7,3,일
2022-07-03,3호선,무악재,1923,2037,3960,-114,7,3,일
2022-07-03,3호선,독립문,4423,4587,9010,-164,7,3,일
2022-07-03,3호선,경복궁(정부서울청사),15107,16676,31783,-1569,7,3,일
2022-07-03,3호선,안국,12360,12063,24423,297,7,3,일
2022-07-03,3호선,종로3가,4248,5440,9688,-1192,7,3,일
2022-07-03,3호선,을지로3가,3965,3590,7555,375,7,3,일
2022-07-03,3호선,동대입구,7525,8115,15640,-590,7,3,일
2022-07-03,3호선,약수,7031,6814,13845,217,7,3,일
2022-07-03,3호선,금호,4325,4184,8509,141,7,3,일
2022-07-03,3호선,옥수,4994,5279,10273,-285,7,3,일
2022-07-03,3호선,압구정,15016,15293,30309,-277,7,3,일
2022-07-03,3호선,신사,13717,14053,27770,-336,7,3,일
2022-07-03,3호선,잠원,2474,2431,4905,43,7,3,일
2022-07-03,3호선,고속터미널,46380,43634,90014,2746,7,3,일
2022-07-03,3호선,교대(법원.검찰청),4706,2862,7568,1844,7,3,일
2022-07-03,3호선,남부터미널(예술의전당),15931,16316,32247,-385,7,3,일
2022-07-03,3호선,양재(서초구청),13463,15444,28907,-1981,7,3,일
2022-07-03,3호선,매봉,4439,4497,8936,-58,7,3,일
2022-07-03,3호선,도곡,1929,2014,3943,-85,7,3,일
2022-07-03,3호선,대치,5419,4983,10402,436,7,3,일
2022-07-03,3호선,학여울,1380,1465,2845,-85,7,3,일
2022-07-03,3호선,대청,4215,4168,8383,47,7,3,일
2022-07-03,3호선,일원,3849,4065,7914,-216,7,3,일
2022-07-03,3호선,수서,11027,10687,21714,340,7,3,일
2022-07-03,3호선,가락시장,3973,4150,8123,-177,7,3,일
2022-07-03,3호선,경찰병원,2832,2924,5756,-92,7,3,일
2022-07-03,3호선,오금,2813,2821,5634,-8,7,3,일
2022-07-03,4호선,당고개,6032,5766,11798,266,7,3,일
2022-07-03,4호선,상계,10470,9627,20097,843,7,3,일
2022-07-03,4호선,노원,12148,12922,25070,-774,7,3,일
2022-07-03,4호선,창동,15336,16092,31428,-756,7,3,일
2022-07-03,4호선,쌍문,16181,14709,30890,1472,7,3,일
2022-07-03,4호선,수유(강북구청),20753,19955,40708,798,7,3,일
2022-07-03,4호선,미아(서울사이버대학),8341,7849,16190,492,7,3,일
2022-07-03,4호선,미아사거리,16871,16105,32976,766,7,3,일
2022-07-03,4호선,길음,11050,10711,21761,339,7,3,일
2022-07-03,4호선,성신여대입구(돈암),12987,12465,25452,522,7,3,일
2022-07-03,4호선,한성대입구(삼선교),7951,7852,15803,99,7,3,일
2022-07-03,4호선,혜화,24481,25559,50040,-1078,7,3,일
2022-07-03,4호선,동대문,7220,7909,15129,-689,7,3,일
2022-07-03,4호선,동대문역사문화공원(DDP),9742,8702,18444,1040,7,3,일
2022-07-03,4호선,충무로,8105,8681,16786,-576,7,3,일
2022-07-03,4호선,명동,13379,13488,26867,-109,7,3,일
2022-07-03,4호선,회현(남대문시장),9295,9185,18480,110,7,3,일
2022-07-03,4호선,서울역,4727,12129,16856,-7402,7,3,일
2022-07-03,4호선,숙대입구(갈월),8195,7996,16191,199,7,3,일
2022-07-03,4호선,삼각지,3114,4029,7143,-915,7,3,일
2022-07-03,4호선,신용산,9870,10106,19976,-236,7,3,일
2022-07-03,4호선,이촌(국립중앙박물관),6318,6718,13036,-400,7,3,일
2022-07-03,4호선,동작(현충원),927,1022,1949,-95,7,3,일
2022-07-03,4호선,총신대입구(이수),10373,11464,21837,-1091,7,3,일
2022-07-03,4호선,사당,16588,15489,32077,1099,7,3,일
2022-07-03,4호선,남태령,840,613,1453,227,7,3,일
2022-07-03,5호선,방화,3869,3807,7676,62,7,3,일
2022-07-03,5호선,개화산,2716,2858,5574,-142,7,3,일
2022-07-03,5호선,김포공항,8062,7798,15860,264,7,3,일
2022-07-03,5호선,송정,3789,3739,7528,50,7,3,일
2022-07-03,5호선,마곡,3688,3899,7587,-211,7,3,일
2022-07-03,5호선,발산,9312,9951,19263,-639,7,3,일
2022-07-03,5호선,우장산,7092,7142,14234,-50,7,3,일
2022-07-03,5호선,화곡,14645,13943,28588,702,7,3,일
2022-07-03,5호선,까치산,15968,15659,31627,309,7,3,일
2022-07-03,5호선,신정(은행정),6636,5943,12579,693,7,3,일
2022-07-03,5호선,목동,7774,7933,15707,-159,7,3,일
2022-07-03,5호선,오목교(목동운동장앞),11541,12025,23566,-484,7,3,일
2022-07-03,5호선,양평,2693,2828,5521,-135,7,3,일
2022-07-03,5호선,영등포구청,1305,1331,2636,-26,7,3,일
2022-07-03,5호선,영등포시장,5837,6172,12009,-335,7,3,일
2022-07-03,5호선,신길,2029,2170,4199,-141,7,3,일
2022-07-03,5호선,여의도,8847,9461,18308,-614,7,3,일
2022-07-03,5호선,여의나루,9620,10624,20244,-1004,7,3,일
2022-07-03,5호선,마포,4892,4986,9878,-94,7,3,일
2022-07-03,5호선,공덕,4792,4917,9709,-125,7,3,일
2022-07-03,5호선,애오개,2759,2811,5570,-52,7,3,일
2022-07-03,5호선,충정로(경기대입구),1465,1492,2957,-27,7,3,일
2022-07-03,5호선,서대문,5049,4875,9924,174,7,3,일
2022-07-03,5호선,광화문(세종문화회관),11839,12425,24264,-586,7,3,일
2022-07-03,5호선,종로3가,8861,7962,16823,899,7,3,일
2022-07-03,5호선,을지로4가,1715,1781,3496,-66,7,3,일
2022-07-03,5호선,동대문역사문화공원(DDP),950,969,1919,-19,7,3,일
2022-07-03,5호선,청구,1856,1720,3576,136,7,3,일
2022-07-03,5호선,신금호,2958,3263,6221,-305,7,3,일
2022-07-03,5호선,행당,4059,3721,7780,338,7,3,일
2022-07-03,5호선,왕십리(성동구청),2775,3332,6107,-557,7,3,일
2022-07-03,5호선,마장,3159,2880,6039,279,7,3,일
2022-07-03,5호선,답십리,7723,7230,14953,493,7,3,일
2022-07-03,5호선,장한평,8195,8290,16485,-95,7,3,일
2022-07-03,5호선,군자(능동),6230,7005,13235,-775,7,3,일
2022-07-03,5호선,아차산(어린이대공원후문),9278,9155,18433,123,7,3,일
2022-07-03,5호선,광나루(장신대),8080,7452,15532,628,7,3,일
2022-07-03,5호선,천호(풍납토성),13274,12524,25798,750,7,3,일
2022-07-03,5호선,강동,9237,9003,18240,234,7,3,일
2022-07-03,5호선,길동,4271,4326,8597,-55,7,3,일
2022-07-03,5호선,굽은다리(강동구민회관앞),5793,5634,11427,159,7,3,일
2022-07-03,5호선,명일,5089,5089,10178,0,7,3,일
2022-07-03,5호선,고덕,4258,4392,8650,-134,7,3,일
2022-07-03,5호선,상일동,6794,6563,13357,231,7,3,일
2022-07-03,5호선,둔촌동,4707,4642,9349,65,7,3,일
2022-07-03,5호선,올림픽공원(한국체대),2821,2481,5302,340,7,3,일
2022-07-03,5호선,방이,4154,3961,8115,193,7,3,일
2022-07-03,5호선,오금,1584,1490,3074,94,7,3,일
2022-07-03,5호선,개롱,3080,3370,6450,-290,7,3,일
2022-07-03,5호선,거여,4644,4646,9290,-2,7,3,일
2022-07-03,5호선,마천,3680,3951,7631,-271,7,3,일
2022-07-03,5호선,강일,2311,2266,4577,45,7,3,일
2022-07-03,5호선,미사,8816,9391,18207,-575,7,3,일
2022-07-03,5호선,하남풍산,2257,2326,4583,-69,7,3,일
2022-07-03,5호선,하남시청(덕풍·신장),4249,4061,8310,188,7,3,일
2022-07-03,5호선,하남검단산,4824,4745,9569,79,7,3,일
2022-07-03,6호선,응암,9523,9761,19284,-238,7,3,일
2022-07-03,6호선,역촌,2130,2385,4515,-255,7,3,일
2022-07-03,6호선,불광,3215,2958,6173,257,7,3,일
2022-07-03,6호선,독바위,1731,1987,3718,-256,7,3,일
2022-07-03,6호선,구산,4014,3069,7083,945,7,3,일
2022-07-03,6호선,새절(신사),6708,6447,13155,261,7,3,일
2022-07-03,2호선,삼성(무역센터),25839,25033,50872,806,7,3,일
2022-07-03,2호선,종합운동장,21023,23317,44340,-2294,7,3,일
2022-07-03,2호선,잠실새내,12952,13337,26289,-385,7,3,일
2022-07-03,2호선,잠실(송파구청),55185,52108,107293,3077,7,3,일
2022-07-03,2호선,잠실나루,5829,5746,11575,83,7,3,일
2022-07-03,2호선,강변(동서울터미널),24902,23043,47945,1859,7,3,일
2022-07-03,2호선,구의(광진구청),11486,11457,22943,29,7,3,일
2022-07-03,2호선,건대입구,26352,28436,54788,-2084,7,3,일
2022-07-03,2호선,성수,15568,17496,33064,-1928,7,3,일
2022-07-03,2호선,뚝섬,10244,10445,20689,-201,7,3,일
2022-07-03,2호선,한양대,2574,2894,5468,-320,7,3,일
2022-07-03,2호선,왕십리(성동구청),9877,8946,18823,931,7,3,일
2022-07-03,2호선,상왕십리,7342,7160,14502,182,7,3,일
2022-07-03,2호선,신당,8271,8649,16920,-378,7,3,일
2022-07-03,2호선,동대문역사문화공원(DDP),8077,9810,17887,-1733,7,3,일
2022-07-03,2호선,을지로4가,3979,3743,7722,236,7,3,일
2022-07-03,2호선,을지로3가,9626,9272,18898,354,7,3,일
2022-07-03,2호선,을지로입구,17595,16838,34433,757,7,3,일
2022-07-03,2호선,시청,6541,5309,11850,1232,7,3,일
2022-07-03,1호선,동묘앞,11108,11032,22140,76,7,3,일
2022-07-03,1호선,청량리(서울시립대입구),13164,13518,26682,-354,7,3,일
2022-07-03,1호선,제기동,10278,10774,21052,-496,7,3,일
2022-07-03,1호선,신설동,7876,7744,15620,132,7,3,일
2022-07-03,1호선,동대문,9549,9901,19450,-352,7,3,일
2022-07-03,1호선,종로5가,9935,9738,19673,197,7,3,일
2022-07-03,1호선,종로3가,15100,13302,28402,1798,7,3,일
2022-07-03,1호선,종각,13478,11863,25341,1615,7,3,일
2022-07-03,1호선,시청,8667,7876,16543,791,7,3,일
2022-07-03,1호선,서울역,30495,29306,59801,1189,7,3,일
2022-07-03,6호선,마포구청,7177,6596,13773,581,7,3,일
2022-07-03,6호선,망원,9393,10196,19589,-803,7,3,일
2022-07-03,6호선,합정,9739,8872,18611,867,7,3,일
2022-07-03,6호선,상수,6618,7638,14256,-1020,7,3,일
2022-07-03,6호선,광흥창(서강),4370,4200,8570,170,7,3,일
2022-07-03,6호선,대흥(서강대앞),4093,4321,8414,-228,7,3,일
2022-07-03,6호선,공덕,7269,6845,14114,424,7,3,일
2022-07-03,6호선,효창공원앞,3466,3036,6502,430,7,3,일
2022-07-03,6호선,삼각지,4219,3229,7448,990,7,3,일
2022-07-03,6호선,녹사평(용산구청),4140,3993,8133,147,7,3,일
2022-07-03,6호선,이태원,13327,11032,24359,2295,7,3,일
2022-07-03,6호선,한강진,6652,7601,14253,-949,7,3,일
2022-07-03,6호선,버티고개,1114,1150,2264,-36,7,3,일
2022-07-03,6호선,약수,1783,1796,3579,-13,7,3,일
2022-07-03,6호선,청구,1628,1621,3249,7,7,3,일
2022-07-03,6호선,신당,3659,4448,8107,-789,7,3,일
2022-07-03,6호선,동묘앞,5813,5871,11684,-58,7,3,일
2022-07-03,6호선,창신,1689,1614,3303,75,7,3,일
2022-07-03,6호선,보문,4197,3914,8111,283,7,3,일
2022-07-03,6호선,안암(고대병원앞),5114,5422,10536,-308,7,3,일
2022-07-03,6호선,고려대(종암),4155,4144,8299,11,7,3,일
2022-07-03,6호선,월곡(동덕여대),5443,5544,10987,-101,7,3,일
2022-07-03,6호선,상월곡(한국과학기술연구원),3375,3048,6423,327,7,3,일
2022-07-03,6호선,돌곶이,5705,5310,11015,395,7,3,일
2022-07-03,6호선,석계,6685,6755,13440,-70,7,3,일
2022-07-03,6호선,태릉입구,3195,3426,6621,-231,7,3,일
2022-07-03,6호선,화랑대(서울여대입구),5081,4542,9623,539,7,3,일
2022-07-03,6호선,봉화산(서울의료원),4152,4136,8288,16,7,3,일
2022-07-03,6호선,신내,1,0,1,1,7,3,일
2022-07-03,7호선,장암,1862,1305,3167,557,7,3,일
2022-07-03,7호선,도봉산,5423,7779,13202,-2356,7,3,일
2022-07-03,7호선,수락산,9184,9128,18312,56,7,3,일
2022-07-03,7호선,마들,6228,5917,12145,311,7,3,일
2022-07-03,7호선,노원,11770,11922,23692,-152,7,3,일
2022-07-03,7호선,중계,6784,6401,13185,383,7,3,일
2022-07-03,7호선,하계,9494,9049,18543,445,7,3,일
2022-07-03,7호선,공릉(서울과학기술대),6325,6620,12945,-295,7,3,일
2022-07-03,7호선,태릉입구,5249,4746,9995,503,7,3,일
2022-07-03,7호선,먹골,5589,5483,11072,106,7,3,일
2022-07-03,7호선,중화,5713,5638,11351,75,7,3,일
2022-07-03,7호선,상봉(시외버스터미널),10104,9349,19453,755,7,3,일
2022-07-03,7호선,면목,8051,7783,15834,268,7,3,일
2022-07-03,7호선,사가정,8999,8725,17724,274,7,3,일
2022-07-03,7호선,용마산(용마폭포공원),3334,3473,6807,-139,7,3,일
2022-07-03,7호선,중곡,5262,5189,10451,73,7,3,일
2022-07-03,7호선,군자(능동),8455,6489,14944,1966,7,3,일
2022-07-03,7호선,어린이대공원(세종대),7738,7527,15265,211,7,3,일
2022-07-03,7호선,건대입구,8746,8724,17470,22,7,3,일
2022-07-03,7호선,뚝섬유원지,7539,7000,14539,539,7,3,일
2022-07-03,7호선,청담,6631,7108,13739,-477,7,3,일
2022-07-03,7호선,강남구청,5625,6222,11847,-597,7,3,일
2022-07-03,7호선,학동,6394,6725,13119,-331,7,3,일
2022-07-03,7호선,논현,5717,5940,11657,-223,7,3,일
2022-07-03,7호선,고속터미널,14208,8359,22567,5849,7,3,일
2022-07-03,7호선,내방,5448,5613,11061,-165,7,3,일
2022-07-03,7호선,이수,9007,8633,17640,374,7,3,일
2022-07-03,7호선,남성,5743,5661,11404,82,7,3,일
2022-07-03,7호선,숭실대입구(살피재),5898,6465,12363,-567,7,3,일
2022-07-03,7호선,상도,5829,5862,11691,-33,7,3,일
2022-07-03,7호선,장승배기,4884,4930,9814,-46,7,3,일
2022-07-03,7호선,신대방삼거리,7941,7814,15755,127,7,3,일
2022-07-03,7호선,보라매,4030,4008,8038,22,7,3,일
2022-07-03,7호선,신풍,6496,6169,12665,327,7,3,일
2022-07-03,7호선,대림(구로구청),8416,7899,16315,517,7,3,일
2022-07-03,7호선,남구로,7081,6921,14002,160,7,3,일
2022-07-03,7호선,가산디지털단지,10721,10105,20826,616,7,3,일
2022-07-03,7호선,철산,10837,10861,21698,-24,7,3,일
2022-07-03,7호선,광명사거리,12990,12945,25935,45,7,3,일
2022-07-03,7호선,천왕,5079,5041,10120,38,7,3,일
2022-07-03,7호선,온수(성공회대입구),4090,4217,8307,-127,7,3,일
2022-07-03,8호선,암사,9154,8635,17789,519,7,3,일
2022-07-03,8호선,천호(풍납토성),9245,10388,19633,-1143,7,3,일
2022-07-03,8호선,강동구청,4842,4898,9740,-56,7,3,일
2022-07-03,8호선,몽촌토성(평화의문),3227,3272,6499,-45,7,3,일
2022-07-03,8호선,잠실(송파구청),11650,13287,24937,-1637,7,3,일
2022-07-03,8호선,석촌,4014,5122,9136,-1108,7,3,일
2022-07-03,8호선,송파,4580,4508,9088,72,7,3,일
2022-07-03,8호선,가락시장,3244,4090,7334,-846,7,3,일
2022-07-03,8호선,문정,5662,5894,11556,-232,7,3,일
2022-07-03,8호선,장지,9515,9711,19226,-196,7,3,일
2022-07-03,8호선,복정,5103,4642,9745,461,7,3,일
2022-07-03,8호선,산성,3039,3293,6332,-254,7,3,일
2022-07-03,8호선,남한산성입구(성남법원.검찰청),6807,6404,13211,403,7,3,일
2022-07-03,8호선,단대오거리,5462,5475,10937,-13,7,3,일
2022-07-03,8호선,신흥,2807,2973,5780,-166,7,3,일
2022-07-03,8호선,수진,3167,2941,6108,226,7,3,일
2022-07-03,8호선,모란,2685,2270,4955,415,7,3,일
2022-07-03,8호선,남위례,2469,2650,5119,-181,7,3,일
2022-07-03,9호선,개화,1020,1023,2043,-3,7,3,일
2022-07-03,9호선,김포공항,8391,11804,20195,-3413,7,3,일
2022-07-03,9호선,공항시장,1827,2101,3928,-274,7,3,일
2022-07-03,9호선,신방화,3757,3714,7471,43,7,3,일
2022-07-03,9호선,마곡나루(서울식물원),5792,6006,11798,-214,7,3,일
2022-07-03,9호선,양천향교,4619,4783,9402,-164,7,3,일
2022-07-03,9호선,가양,11745,11447,23192,298,7,3,일
2022-07-03,9호선,증미,3146,3165,6311,-19,7,3,일
2022-07-03,9호선,등촌,5212,5496,10708,-284,7,3,일
2022-07-03,9호선,염창,8883,8827,17710,56,7,3,일
2022-07-03,9호선,신목동,1811,1652,3463,159,7,3,일
2022-07-03,9호선,선유도,2876,2838,5714,38,7,3,일
2022-07-03,9호선,당산,9942,9951,19893,-9,7,3,일
2022-07-03,9호선,국회의사당,5331,4892,10223,439,7,3,일
2022-07-03,9호선,여의도,10642,9323,19965,1319,7,3,일
2022-07-03,9호선,샛강,1970,1823,3793,147,7,3,일
2022-07-03,9호선,노량진,14481,15303,29784,-822,7,3,일
2022-07-03,9호선,노들,2873,2517,5390,356,7,3,일
2022-07-03,9호선,흑석(중앙대입구),4237,4349,8586,-112,7,3,일
2022-07-03,9호선,동작(현충원),1295,1128,2423,167,7,3,일
2022-07-03,9호선,구반포,407,371,778,36,7,3,일
2022-07-03,9호선,신반포,2228,2307,4535,-79,7,3,일
2022-07-03,9호선,고속터미널,12445,17105,29550,-4660,7,3,일
2022-07-03,9호선,사평,1896,1939,3835,-43,7,3,일
2022-07-03,9호선,신논현,16802,16267,33069,535,7,3,일
2022-07-03,9호선2~3단계,언주,4066,4048,8114,18,7,3,일
2022-07-03,9호선2~3단계,선정릉,3128,3507,6635,-379,7,3,일
2022-07-03,9호선2~3단계,삼성중앙,2223,2409,4632,-186,7,3,일
2022-07-03,9호선2~3단계,봉은사,10045,10280,20325,-235,7,3,일
2022-07-03,9호선2~3단계,종합운동장,4139,3751,7890,388,7,3,일
2022-07-03,9호선2~3단계,삼전,3788,3694,7482,94,7,3,일
2022-07-03,9호선2~3단계,석촌고분,3319,3353,6672,-34,7,3,일
2022-07-03,9호선2~3단계,석촌,4940,4278,9218,662,7,3,일
2022-07-03,9호선2~3단계,송파나루,3476,3789,7265,-313,7,3,일
2022-07-03,9호선2~3단계,한성백제,1662,1421,3083,241,7,3,일
2022-07-03,9호선2~3단계,올림픽공원(한국체대),7763,7868,15631,-105,7,3,일
2022-07-03,9호선2~3단계,둔촌오륜,606,630,1236,-24,7,3,일
2022-07-03,9호선2~3단계,중앙보훈병원,3830,3656,7486,174,7,3,일
2022-07-03,경강선,판교,2697,2584,5281,113,7,3,일
2022-07-03,경강선,이매,810,587,1397,223,7,3,일
2022-07-03,경강선,삼동,1155,1169,2324,-14,7,3,일
2022-07-03,경강선,경기광주,4271,4199,8470,72,7,3,일
2022-07-03,경강선,초월,1816,1803,3619,13,7,3,일
2022-07-03,경강선,곤지암,1575,1779,3354,-204,7,3,일
2022-07-03,경강선,신둔도예촌,1050,1009,2059,41,7,3,일
2022-07-03,경강선,이천,2161,2425,4586,-264,7,3,일
2022-07-03,경강선,부발,1541,2217,3758,-676,7,3,일
2022-07-03,경강선,세종대왕릉,296,318,614,-22,7,3,일
2022-07-03,경강선,여주,2338,2197,4535,141,7,3,일
2022-07-03,경부선,서울역,9423,2128,11551,7295,7,3,일
2022-07-03,경부선,남영,5025,5399,10424,-374,7,3,일
2022-07-03,경부선,용산,38970,35744,74714,3226,7,3,일
2022-07-03,경부선,노량진,5470,5064,10534,406,7,3,일
2022-07-03,경부선,대방,5543,6134,11677,-591,7,3,일
2022-07-03,경부선,영등포,37384,36051,73435,1333,7,3,일
2022-07-03,경부선,신도림,2239,2561,4800,-322,7,3,일
2022-07-03,경부선,신길,4860,4237,9097,623,7,3,일
2022-07-03,경부선,구로,10295,10519,20814,-224,7,3,일
2022-07-03,경부선,가산디지털단지,4698,6727,11425,-2029,7,3,일
2022-07-03,경부선,금천구청,6273,6249,12522,24,7,3,일
2022-07-03,경부선,석수,5178,4865,10043,313,7,3,일
2022-07-03,경부선,관악,5087,4629,9716,458,7,3,일
2022-07-03,경부선,안양,14219,13625,27844,594,7,3,일
2022-07-03,경부선,명학,3398,3199,6597,199,7,3,일
2022-07-03,경부선,금정,14975,15328,30303,-353,7,3,일
2022-07-03,경부선,군포,3172,2966,6138,206,7,3,일
2022-07-03,경부선,의왕,4030,4205,8235,-175,7,3,일
2022-07-03,경부선,성균관대,7861,8445,16306,-584,7,3,일
2022-07-03,경부선,화서,4403,4289,8692,114,7,3,일
2022-07-03,경부선,수원,35904,34849,70753,1055,7,3,일
2022-07-03,경부선,독산,6398,6478,12876,-80,7,3,일
2022-07-03,경부선,세류,2224,2148,4372,76,7,3,일
2022-07-03,경부선,병점,9836,10621,20457,-785,7,3,일
2022-07-03,경부선,세마,1828,1804,3632,24,7,3,일
2022-07-03,경부선,오산대,2319,2241,4560,78,7,3,일
2022-07-03,경부선,오산,8123,8756,16879,-633,7,3,일
2022-07-03,경부선,진위,966,1021,1987,-55,7,3,일
2022-07-03,경부선,송탄,3890,4851,8741,-961,7,3,일
2022-07-03,경부선,서정리,4795,6971,11766,-2176,7,3,일
2022-07-03,경부선,평택지제,2779,2692,5471,87,7,3,일
2022-07-03,경부선,평택,12231,12838,25069,-607,7,3,일
2022-07-03,경부선,성환,2553,2866,5419,-313,7,3,일
2022-07-03,경부선,직산,568,648,1216,-80,7,3,일
2022-07-03,경부선,두정,4680,5159,9839,-479,7,3,일
2022-07-03,경부선,천안,6501,6298,12799,203,7,3,일
2022-07-03,경부선,당정,2994,3093,6087,-99,7,3,일
2022-07-03,경부선,서동탄,850,962,1812,-112,7,3,일
2022-07-03,경부선,광명,3009,2029,5038,980,7,3,일
2022-07-03,경원선,이촌(국립중앙박물관),2621,1906,4527,715,7,3,일
2022-07-03,경원선,서빙고,1662,1673,3335,-11,7,3,일
2022-07-03,경원선,한남,1960,1891,3851,69,7,3,일
2022-07-03,경원선,옥수,46,22,68,24,7,3,일
2022-07-03,경원선,응봉,1070,1010,2080,60,7,3,일
2022-07-03,경원선,왕십리(성동구청),11205,12777,23982,-1572,7,3,일
2022-07-03,경원선,청량리(서울시립대입구),16105,14661,30766,1444,7,3,일
2022-07-03,경원선,외대앞,5006,4898,9904,108,7,3,일
2022-07-03,경원선,신이문,4777,4498,9275,279,7,3,일
2022-07-03,경원선,석계,4975,5607,10582,-632,7,3,일
2022-07-03,경원선,광운대,4212,4289,8501,-77,7,3,일
2022-07-03,경원선,월계,3920,3674,7594,246,7,3,일
2022-07-03,경원선,녹천,2651,2324,4975,327,7,3,일
2022-07-03,경원선,방학,6121,6013,12134,108,7,3,일
2022-07-03,경원선,도봉,3635,3408,7043,227,7,3,일
2022-07-03,경원선,도봉산,8529,6016,14545,2513,7,3,일
2022-07-03,경원선,망월사,4854,5004,9858,-150,7,3,일
2022-07-03,경원선,회룡,7727,7735,15462,-8,7,3,일
2022-07-03,경원선,의정부,15013,14672,29685,341,7,3,일
2022-07-03,경원선,가능,4245,3936,8181,309,7,3,일
2022-07-03,경원선,녹양,2794,2763,5557,31,7,3,일
2022-07-03,경원선,양주,5284,5168,10452,116,7,3,일
2022-07-03,경원선,덕계,2078,1883,3961,195,7,3,일
2022-07-03,경원선,덕정,3406,3678,7084,-272,7,3,일
2022-07-03,경원선,지행,4621,4827,9448,-206,7,3,일
2022-07-03,경원선,동두천중앙,2249,2124,4373,125,7,3,일
2022-07-03,경원선,보산,1581,1592,3173,-11,7,3,일
2022-07-03,경원선,동두천,1323,1806,3129,-483,7,3,일
2022-07-03,경원선,소요산,5009,4556,9565,453,7,3,일
2022-07-03,경의선,서울역,1225,1012,2237,213,7,3,일
2022-07-03,경의선,신촌,306,320,626,-14,7,3,일
2022-07-03,경의선,효창공원앞,1410,1570,2980,-160,7,3,일
2022-07-03,경의선,공덕,2089,1601,3690,488,7,3,일
2022-07-03,경의선,서강대,1385,1405,2790,-20,7,3,일
2022-07-03,경의선,홍대입구,1870,2241,4111,-371,7,3,일
2022-07-03,경의선,가좌,3008,3048,6056,-40,7,3,일
2022-07-03,경의선,디지털미디어시티,1619,1492,3111,127,7,3,일
2022-07-03,경의선,수색,945,996,1941,-51,7,3,일
2022-07-03,경의선,화전,884,866,1750,18,7,3,일
2022-07-03,경의선,강매,1550,1497,3047,53,7,3,일
2022-07-03,경의선,행신,5032,4498,9530,534,7,3,일
2022-07-03,경의선,능곡,2276,2274,4550,2,7,3,일
2022-07-03,경의선,곡산,334,328,662,6,7,3,일
2022-07-03,경의선,백마,3656,3566,7222,90,7,3,일
2022-07-03,경의선,풍산,3694,3511,7205,183,7,3,일
2022-07-03,경의선,일산,5669,5615,11284,54,7,3,일
2022-07-03,경의선,탄현,4526,4200,8726,326,7,3,일
2022-07-03,경의선,야당,5079,5222,10301,-143,7,3,일
2022-07-03,경의선,운정,3789,3557,7346,232,7,3,일
2022-07-03,경의선,금릉,2946,2967,5913,-21,7,3,일
2022-07-03,경의선,금촌,4295,4719,9014,-424,7,3,일
2022-07-03,경의선,월롱,1005,2123,3128,-1118,7,3,일
2022-07-03,경의선,파주,630,588,1218,42,7,3,일
2022-07-03,경의선,문산,3857,4272,8129,-415,7,3,일
2022-07-03,경의선,임진강,83,47,130,36,7,3,일
2022-07-03,경인선,개봉,12324,11961,24285,363,7,3,일
2022-07-03,경인선,오류동,7176,6882,14058,294,7,3,일
2022-07-03,경인선,역곡,14669,14764,29433,-95,7,3,일
2022-07-03,경인선,부천,22654,22424,45078,230,7,3,일
2022-07-03,경인선,송내,13628,13484,27112,144,7,3,일
2022-07-03,경인선,부평,23444,23403,46847,41,7,3,일
2022-07-03,경인선,백운,3882,3923,7805,-41,7,3,일
2022-07-03,경인선,동암,10190,10066,20256,124,7,3,일
2022-07-03,경인선,주안,12041,10771,22812,1270,7,3,일
2022-07-03,경인선,제물포,5595,5497,11092,98,7,3,일
2022-07-03,경인선,동인천,9820,9593,19413,227,7,3,일
2022-07-03,경인선,인천,4196,3402,7598,794,7,3,일
2022-07-03,경인선,구일,5614,5619,11233,-5,7,3,일
2022-07-03,경인선,소사,5436,5195,10631,241,7,3,일
2022-07-03,경인선,부개,4922,4765,9687,157,7,3,일
2022-07-03,경인선,간석,3292,3139,6431,153,7,3,일
2022-07-03,경인선,도원,1828,1815,3643,13,7,3,일
2022-07-03,경인선,온수(성공회대입구),3903,3565,7468,338,7,3,일
2022-07-03,경인선,중동,5325,4940,10265,385,7,3,일
2022-07-03,경인선,도화,2497,2377,4874,120,7,3,일
2022-07-03,경춘선,신내,1025,1059,2084,-34,7,3,일
2022-07-03,경춘선,갈매,1394,1278,2672,116,7,3,일
2022-07-03,경춘선,별내,1768,1732,3500,36,7,3,일
2022-07-03,7호선,반포,3178,3223,6401,-45,7,3,일
2022-07-03,경춘선,퇴계원,1997,1929,3926,68,7,3,일
2022-07-03,경춘선,사릉,1331,1328,2659,3,7,3,일
2022-07-03,경춘선,금곡,980,863,1843,117,7,3,일
2022-07-03,경춘선,평내호평,3536,3471,7007,65,7,3,일
2022-07-03,경춘선,천마산,1173,1120,2293,53,7,3,일
2022-07-03,경춘선,마석,2973,2915,5888,58,7,3,일
2022-07-03,경춘선,대성리,1941,932,2873,1009,7,3,일
2022-07-03,경춘선,청평,2313,1676,3989,637,7,3,일
2022-07-03,경춘선,상천,607,495,1102,112,7,3,일
2022-07-03,경춘선,가평,3263,2229,5492,1034,7,3,일
2022-07-03,경춘선,굴봉산,230,169,399,61,7,3,일
2022-07-03,경춘선,백양리,168,119,287,49,7,3,일
2022-07-03,경춘선,강촌,915,546,1461,369,7,3,일
2022-07-03,경춘선,김유정,391,423,814,-32,7,3,일
2022-07-03,경춘선,남춘천,2819,2800,5619,19,7,3,일
2022-07-03,경춘선,춘천,2083,1538,3621,545,7,3,일
2022-07-03,공항철도 1호선,서울역,9595,8159,17754,1436,7,3,일
2022-07-03,공항철도 1호선,공덕,1339,1931,3270,-592,7,3,일
2022-07-03,공항철도 1호선,홍대입구,11345,10597,21942,748,7,3,일
2022-07-03,공항철도 1호선,디지털미디어시티,3976,3964,7940,12,7,3,일
2022-07-03,공항철도 1호선,마곡나루(서울식물원),2175,2572,4747,-397,7,3,일
2022-07-03,공항철도 1호선,김포공항,11640,5588,17228,6052,7,3,일
2022-07-03,공항철도 1호선,계양,5939,5661,11600,278,7,3,일
2022-07-03,공항철도 1호선,검암,3689,3790,7479,-101,7,3,일
2022-07-03,공항철도 1호선,청라국제도시,3505,3526,7031,-21,7,3,일
2022-07-03,공항철도 1호선,운서,6022,6685,12707,-663,7,3,일
2022-07-03,공항철도 1호선,공항화물청사,1081,1090,2171,-9,7,3,일
2022-07-03,공항철도 1호선,인천공항1터미널,8413,7578,15991,835,7,3,일
2022-07-03,공항철도 1호선,인천공항2터미널,3532,3040,6572,492,7,3,일
2022-07-03,공항철도 1호선,영종,2713,2725,5438,-12,7,3,일
2022-07-03,과천선,선바위,4322,3800,8122,522,7,3,일
2022-07-03,과천선,경마공원,15419,15912,31331,-493,7,3,일
2022-07-03,과천선,대공원,4031,4057,8088,-26,7,3,일
2022-07-03,과천선,과천,3987,3722,7709,265,7,3,일
2022-07-03,과천선,정부과천청사,4897,4894,9791,3,7,3,일
2022-07-03,과천선,인덕원,12808,13040,25848,-232,7,3,일
2022-07-03,과천선,평촌,6690,6489,13179,201,7,3,일
2022-07-03,과천선,범계,15680,15011,30691,669,7,3,일
2022-07-03,분당선,선릉,2885,4358,7243,-1473,7,3,일
2022-07-03,분당선,한티,8200,8278,16478,-78,7,3,일
2022-07-03,분당선,도곡,2922,2852,5774,70,7,3,일
2022-07-03,분당선,구룡,790,846,1636,-56,7,3,일
2022-07-03,분당선,개포동,2045,2025,4070,20,7,3,일
2022-07-03,분당선,대모산입구,2284,2222,4506,62,7,3,일
2022-07-03,분당선,수서,8865,8659,17524,206,7,3,일
2022-07-03,분당선,수원,6196,4970,11166,1226,7,3,일
2022-07-03,분당선,서울숲,6329,6417,12746,-88,7,3,일
2022-07-03,분당선,압구정로데오,10480,11478,21958,-998,7,3,일
2022-07-03,분당선,강남구청,3100,3736,6836,-636,7,3,일
2022-07-03,분당선,선정릉,2015,2056,4071,-41,7,3,일
2022-07-03,분당선,가천대,3758,4610,8368,-852,7,3,일
2022-07-03,분당선,태평,8396,7964,16360,432,7,3,일
2022-07-03,분당선,모란,11405,11846,23251,-441,7,3,일
2022-07-03,분당선,야탑,14272,14305,28577,-33,7,3,일
2022-07-03,분당선,서현,15440,15372,30812,68,7,3,일
2022-07-04,2호선,신설동,3455,3370,6825,85,7,4,월
2022-07-04,2호선,도림천,1547,1639,3186,-92,7,4,월
2022-07-04,2호선,신답,1800,2058,3858,-258,7,4,월
2022-07-04,2호선,충정로(경기대입구),10571,11264,21835,-693,7,4,월
2022-07-04,2호선,아현,10959,10462,21421,497,7,4,월
2022-07-04,2호선,이대,14511,15782,30293,-1271,7,4,월
2022-07-04,2호선,신촌,37245,37850,75095,-605,7,4,월
2022-07-04,2호선,홍대입구,57319,59963,117282,-2644,7,4,월
2022-07-04,2호선,합정,31033,32842,63875,-1809,7,4,월
2022-07-04,2호선,당산,18513,22320,40833,-3807,7,4,월
2022-07-04,경부선,안양,22878,22349,45227,529,7,4,월
2022-07-04,경부선,명학,9855,9575,19430,280,7,4,월
2022-07-04,경부선,금정,27801,28553,56354,-752,7,4,월
2022-07-04,경부선,군포,7961,7963,15924,-2,7,4,월
2022-07-04,경부선,의왕,9329,9371,18700,-42,7,4,월
2022-07-04,수인선,야목,406,259,665,147,7,4,월
2022-07-04,수인선,사리,5049,4275,9324,774,7,4,월
2022-07-04,수인선,달월,114,79,193,35,7,4,월
2022-07-04,수인선,월곶,2844,2715,5559,129,7,4,월
2022-07-04,수인선,소래포구,5004,4520,9524,484,7,4,월
2022-07-04,수인선,인천논현,5697,6161,11858,-464,7,4,월
2022-07-04,수인선,호구포,4254,4488,8742,-234,7,4,월
2022-07-04,수인선,남동인더스파크,2418,2698,5116,-280,7,4,월
2022-07-04,수인선,원인재,4467,4629,9096,-162,7,4,월
2022-07-04,수인선,연수,4753,4678,9431,75,7,4,월
2022-07-04,수인선,송도,2553,2283,4836,270,7,4,월
2022-07-04,수인선,인하대,6077,5828,11905,249,7,4,월
2022-07-04,수인선,숭의,4190,3892,8082,298,7,4,월
2022-07-04,수인선,신포,1862,1826,3688,36,7,4,월
2022-07-04,수인선,인천,1154,1788,2942,-634,7,4,월
2022-07-04,신림선,샛강,2188,2703,4891,-515,7,4,월
2022-07-04,신림선,대방,1875,1472,3347,403,7,4,월
2022-07-04,신림선,서울지방병무청,2286,2524,4810,-238,7,4,월
2022-07-04,신림선,보라매,2758,2575,5333,183,7,4,월
2022-07-04,신림선,보라매공원,1763,1923,3686,-160,7,4,월
2022-07-04,신림선,보라매병원,6645,6847,13492,-202,7,4,월
2022-07-04,신림선,당곡,3545,3561,7106,-16,7,4,월
2022-07-04,신림선,신림,1627,2122,3749,-495,7,4,월
2022-07-04,신림선,서원,2880,2612,5492,268,7,4,월
2022-07-04,신림선,서울대벤처타운,6387,6549,12936,-162,7,4,월
2022-07-04,신림선,관악산(서울대),2936,3002,5938,-66,7,4,월
2022-07-04,안산선,산본,15909,17660,33569,-1751,7,4,월
2022-07-04,안산선,대야미,5039,4893,9932,146,7,4,월
2022-07-04,안산선,반월,4497,4372,8869,125,7,4,월
2022-07-04,안산선,상록수,15802,16207,32009,-405,7,4,월
2022-07-04,안산선,한대앞,9353,9464,18817,-111,7,4,월
2022-07-04,안산선,중앙,18277,19054,37331,-777,7,4,월
2022-07-04,안산선,고잔,9194,8511,17705,683,7,4,월
2022-07-04,안산선,초지,4851,4898,9749,-47,7,4,월
2022-07-04,안산선,안산,12365,11263,23628,1102,7,4,월
2022-07-04,안산선,신길온천,1891,1705,3596,186,7,4,월
2022-07-04,안산선,정왕,8282,8789,17071,-507,7,4,월
2022-07-04,안산선,오이도,8764,8596,17360,168,7,4,월
2022-07-04,안산선,수리산,4362,3683,8045,679,7,4,월
2022-07-04,우이신설선,북한산우이,2890,2556,5446,334,7,4,월
2022-07-04,우이신설선,솔밭공원,2744,2592,5336,152,7,4,월
2022-07-04,우이신설선,4.19민주묘지,3049,2757,5806,292,7,4,월
2022-07-04,우이신설선,가오리,4552,4493,9045,59,7,4,월
2022-07-04,우이신설선,화계,3672,3321,6993,351,7,4,월
2022-07-04,우이신설선,삼양,2200,2271,4471,-71,7,4,월
2022-07-04,우이신설선,삼양사거리,2701,2588,5289,113,7,4,월
2022-07-04,우이신설선,솔샘,6104,6079,12183,25,7,4,월
2022-07-04,우이신설선,북한산보국문,5985,6119,12104,-134,7,4,월
2022-07-04,우이신설선,정릉,4926,4784,9710,142,7,4,월
2022-07-04,경부선,성균관대,14641,14651,29292,-10,7,4,월
2022-07-04,경부선,화서,8811,8328,17139,483,7,4,월
2022-07-04,경부선,수원,34300,36278,70578,-1978,7,4,월
2022-07-04,경부선,독산,19794,20595,40389,-801,7,4,월
2022-07-04,경부선,세류,3245,2986,6231,259,7,4,월
2022-07-04,경부선,병점,14600,14439,29039,161,7,4,월
2022-07-04,경부선,세마,3071,2884,5955,187,7,4,월
2022-07-04,경부선,오산대,3567,3300,6867,267,7,4,월
2022-07-04,경부선,오산,9728,9909,19637,-181,7,4,월
2022-07-04,경부선,진위,1938,1752,3690,186,7,4,월
2022-07-04,경부선,송탄,4388,4622,9010,-234,7,4,월
2022-07-04,경부선,서정리,7014,6976,13990,38,7,4,월
2022-07-04,경부선,평택지제,4090,3892,7982,198,7,4,월
2022-07-04,경부선,평택,11726,12116,23842,-390,7,4,월
2022-07-04,경부선,성환,3309,3381,6690,-72,7,4,월
2022-07-04,경부선,직산,934,838,1772,96,7,4,월
2022-07-04,경부선,두정,5521,5556,11077,-35,7,4,월
2022-07-04,경부선,천안,5389,5540,10929,-151,7,4,월
2022-07-04,경부선,당정,6553,6232,12785,321,7,4,월
2022-07-04,경부선,서동탄,1551,1316,2867,235,7,4,월
2022-07-04,경부선,광명,3851,3280,7131,571,7,4,월
2022-07-04,경원선,이촌(국립중앙박물관),4124,3240,7364,884,7,4,월
2022-07-04,경원선,서빙고,2074,1851,3925,223,7,4,월
2022-07-04,경원선,한남,4185,4007,8192,178,7,4,월
2022-07-04,경원선,옥수,35,27,62,8,7,4,월
2022-07-04,경원선,응봉,2040,1701,3741,339,7,4,월
2022-07-04,경원선,왕십리(성동구청),15083,16875,31958,-1792,7,4,월
2022-07-04,경원선,청량리(서울시립대입구),15650,16316,31966,-666,7,4,월
2022-07-04,경원선,외대앞,7735,7892,15627,-157,7,4,월
2022-07-04,경원선,신이문,8892,8188,17080,704,7,4,월
2022-07-04,경원선,석계,8278,9164,17442,-886,7,4,월
2022-07-04,경원선,광운대,7984,7539,15523,445,7,4,월
2022-07-04,경원선,월계,6957,6536,13493,421,7,4,월
2022-07-04,경원선,녹천,5330,4221,9551,1109,7,4,월
2022-07-04,경원선,창동,2,0,2,2,7,4,월
2022-07-04,경원선,방학,10205,10044,20249,161,7,4,월
2022-07-04,경원선,도봉,6316,6068,12384,248,7,4,월
2022-07-04,경원선,도봉산,7559,4750,12309,2809,7,4,월
2022-07-04,경원선,망월사,7923,8054,15977,-131,7,4,월
2022-07-04,경원선,회룡,13231,12856,26087,375,7,4,월
2022-07-04,경원선,의정부,18750,19347,38097,-597,7,4,월
2022-07-04,경원선,가능,7270,6883,14153,387,7,4,월
2022-07-04,경원선,녹양,4857,4612,9469,245,7,4,월
2022-07-04,경원선,양주,7891,7431,15322,460,7,4,월
2022-07-04,경원선,덕계,3425,2993,6418,432,7,4,월
2022-07-04,경원선,덕정,5768,5477,11245,291,7,4,월
2022-07-04,경원선,지행,6936,6918,13854,18,7,4,월
2022-07-04,경원선,동두천중앙,3401,3239,6640,162,7,4,월
2022-07-04,경원선,보산,1886,2015,3901,-129,7,4,월
2022-07-04,경원선,동두천,2390,2627,5017,-237,7,4,월
2022-07-04,경원선,소요산,3057,2505,5562,552,7,4,월
2022-07-04,경의선,서울역,5072,6296,11368,-1224,7,4,월
2022-07-04,경의선,신촌,1011,1347,2358,-336,7,4,월
2022-07-04,경의선,효창공원앞,3170,3583,6753,-413,7,4,월
2022-07-04,경의선,공덕,3810,3543,7353,267,7,4,월
2022-07-04,경의선,서강대,2324,2321,4645,3,7,4,월
2022-07-04,경의선,홍대입구,1808,2072,3880,-264,7,4,월
2022-07-04,경의선,가좌,5951,5619,11570,332,7,4,월
2022-07-04,경의선,디지털미디어시티,2718,2467,5185,251,7,4,월
2022-07-04,경의선,수색,3256,3480,6736,-224,7,4,월
2022-07-04,경의선,화전,2092,1956,4048,136,7,4,월
2022-07-04,경의선,강매,3515,3050,6565,465,7,4,월
2022-07-04,경의선,행신,8781,8738,17519,43,7,4,월
2022-07-04,경의선,능곡,4156,3854,8010,302,7,4,월
2022-07-04,경의선,곡산,679,683,1362,-4,7,4,월
2022-07-04,경의선,백마,7524,7220,14744,304,7,4,월
2022-07-04,경의선,풍산,6061,5575,11636,486,7,4,월
2022-07-04,경의선,일산,10292,9951,20243,341,7,4,월
2022-07-04,경의선,탄현,8490,7940,16430,550,7,4,월
2022-07-04,경의선,야당,8230,8151,16381,79,7,4,월
2022-07-04,경의선,운정,7579,6959,14538,620,7,4,월
2022-07-04,경의선,금릉,5147,4960,10107,187,7,4,월
2022-07-04,경의선,금촌,7011,6806,13817,205,7,4,월
2022-07-04,경의선,월롱,2863,2742,5605,121,7,4,월
2022-07-04,경의선,파주,1245,767,2012,478,7,4,월
2022-07-04,경의선,문산,5898,5899,11797,-1,7,4,월
2022-07-04,경의선,임진강,22,9,31,13,7,4,월
2022-07-04,경인선,개봉,22293,21875,44168,418,7,4,월
2022-07-04,경인선,오류동,12341,11476,23817,865,7,4,월
2022-07-04,경인선,역곡,28278,27993,56271,285,7,4,월
2022-07-04,경인선,부천,32912,32818,65730,94,7,4,월
2022-07-04,경인선,송내,28892,28382,57274,510,7,4,월
2022-07-04,경인선,부평,30018,31294,61312,-1276,7,4,월
2022-07-04,경인선,백운,7359,7117,14476,242,7,4,월
2022-07-04,경인선,동암,15860,15714,31574,146,7,4,월
2022-07-04,경인선,주안,19657,17521,37178,2136,7,4,월
2022-07-04,경인선,제물포,11123,10696,21819,427,7,4,월
2022-07-04,경인선,동인천,13826,13116,26942,710,7,4,월
2022-07-04,경인선,구일,6604,6446,13050,158,7,4,월
2022-07-04,경인선,소사,8700,8422,17122,278,7,4,월
2022-07-04,경인선,부개,9239,8561,17800,678,7,4,월
2022-07-04,경인선,간석,6353,5913,12266,440,7,4,월
2022-07-04,경인선,도원,3702,3654,7356,48,7,4,월
2022-07-04,경인선,온수(성공회대입구),7023,6637,13660,386,7,4,월
2022-07-04,경인선,중동,10134,9362,19496,772,7,4,월
2022-07-04,경인선,도화,4398,4028,8426,370,7,4,월
2022-07-04,경춘선,신내,2506,2341,4847,165,7,4,월
2022-07-04,경춘선,갈매,3238,2834,6072,404,7,4,월
2022-07-04,경춘선,별내,3356,3135,6491,221,7,4,월
2022-07-04,경춘선,퇴계원,3739,3377,7116,362,7,4,월
2022-07-04,경춘선,사릉,2690,2455,5145,235,7,4,월
2022-07-04,경춘선,금곡,1606,1601,3207,5,7,4,월
2022-07-04,경춘선,평내호평,6790,6399,13189,391,7,4,월
2022-07-04,경춘선,천마산,1803,1681,3484,122,7,4,월
2022-07-04,경춘선,마석,4268,4048,8316,220,7,4,월
2022-07-04,경춘선,대성리,931,1337,2268,-406,7,4,월
2022-07-04,경춘선,청평,2015,2114,4129,-99,7,4,월
2022-07-04,경춘선,상천,289,282,571,7,7,4,월
2022-07-04,경춘선,가평,2220,2764,4984,-544,7,4,월
2022-07-04,경춘선,굴봉산,183,160,343,23,7,4,월
2022-07-04,경춘선,백양리,97,84,181,13,7,4,월
2022-07-04,경춘선,강촌,442,478,920,-36,7,4,월
2022-07-04,경춘선,김유정,287,290,577,-3,7,4,월
2022-07-04,경춘선,남춘천,2417,2453,4870,-36,7,4,월
2022-07-04,경춘선,춘천,1426,1306,2732,120,7,4,월
2022-07-04,공항철도 1호선,서울역,8984,8152,17136,832,7,4,월
2022-07-04,공항철도 1호선,공덕,2560,3264,5824,-704,7,4,월
2022-07-04,공항철도 1호선,홍대입구,10514,10630,21144,-116,7,4,월
2022-07-04,공항철도 1호선,디지털미디어시티,15650,14589,30239,1061,7,4,월
2022-07-04,공항철도 1호선,마곡나루(서울식물원),10105,9699,19804,406,7,4,월
2022-07-04,공항철도 1호선,김포공항,12117,6715,18832,5402,7,4,월
2022-07-04,공항철도 1호선,계양,11729,10769,22498,960,7,4,월
2022-07-04,공항철도 1호선,검암,7038,6957,13995,81,7,4,월
2022-07-04,공항철도 1호선,청라국제도시,7752,7122,14874,630,7,4,월
2022-07-04,공항철도 1호선,운서,7755,7969,15724,-214,7,4,월
2022-07-04,공항철도 1호선,공항화물청사,2433,2575,5008,-142,7,4,월
2022-07-04,공항철도 1호선,인천공항1터미널,7676,7409,15085,267,7,4,월
2022-07-04,공항철도 1호선,인천공항2터미널,3753,3145,6898,608,7,4,월
2022-07-04,공항철도 1호선,영종,3682,3610,7292,72,7,4,월
2022-07-04,과천선,선바위,8067,7385,15452,682,7,4,월
2022-07-04,과천선,경마공원,943,925,1868,18,7,4,월
2022-07-04,과천선,대공원,2036,2136,4172,-100,7,4,월
2022-07-04,과천선,과천,6483,6418,12901,65,7,4,월
2022-07-04,과천선,정부과천청사,11351,11442,22793,-91,7,4,월
2022-07-04,과천선,인덕원,24422,26132,50554,-1710,7,4,월
2022-07-04,과천선,평촌,18608,18263,36871,345,7,4,월
2022-07-04,과천선,범계,25988,26703,52691,-715,7,4,월
2022-07-04,분당선,선릉,14925,23059,37984,-8134,7,4,월
2022-07-04,분당선,한티,15320,16389,31709,-1069,7,4,월
2022-07-04,분당선,도곡,7891,7867,15758,24,7,4,월
2022-07-04,분당선,구룡,2574,2501,5075,73,7,4,월
2022-07-04,분당선,개포동,4313,4503,8816,-190,7,4,월
2022-07-04,분당선,대모산입구,5211,4762,9973,449,7,4,월
2022-07-04,분당선,수서,14994,15242,30236,-248,7,4,월
2022-07-04,2호선,영등포구청,23252,24178,47430,-926,7,4,월
2022-07-04,2호선,문래,23352,23904,47256,-552,7,4,월
2022-07-04,2호선,신도림,49103,48079,97182,1024,7,4,월
2022-07-04,2호선,대림(구로구청),25035,25471,50506,-436,7,4,월
2022-07-04,2호선,구로디지털단지,62902,62896,125798,6,7,4,월
2022-07-04,2호선,신대방,26254,25675,51929,579,7,4,월
2022-07-04,2호선,신림,59693,57418,117111,2275,7,4,월
2022-07-04,2호선,봉천,25331,23676,49007,1655,7,4,월
2022-07-04,2호선,서울대입구(관악구청),48485,48332,96817,153,7,4,월
2022-07-04,2호선,낙성대(강감찬),28516,27875,56391,641,7,4,월
2022-07-04,2호선,사당,39060,42229,81289,-3169,7,4,월
2022-07-04,2호선,방배,16988,17681,34669,-693,7,4,월
2022-07-04,2호선,서초,23522,22471,45993,1051,7,4,월
2022-07-04,2호선,교대(법원.검찰청),35882,40535,76417,-4653,7,4,월
2022-07-04,2호선,강남,89871,86832,176703,3039,7,4,월
2022-07-04,2호선,역삼,58550,65646,124196,-7096,7,4,월
2022-07-04,2호선,선릉,63363,55409,118772,7954,7,4,월
2022-07-04,2호선,삼성(무역센터),55874,56787,112661,-913,7,4,월
2022-07-04,2호선,종합운동장,7478,7958,15436,-480,7,4,월
2022-07-04,2호선,잠실새내,22420,22257,44677,163,7,4,월
2022-07-04,2호선,잠실(송파구청),72101,72182,144283,-81,7,4,월
2022-07-04,2호선,잠실나루,15580,15099,30679,481,7,4,월
2022-07-04,2호선,강변(동서울터미널),32920,30893,63813,2027,7,4,월
2022-07-04,2호선,구의(광진구청),24521,24202,48723,319,7,4,월
2022-07-04,2호선,건대입구,34634,37249,71883,-2615,7,4,월
2022-07-04,2호선,성수,39636,42847,82483,-3211,7,4,월
2022-07-04,2호선,뚝섬,22988,24737,47725,-1749,7,4,월
2022-07-04,2호선,한양대,9530,10261,19791,-731,7,4,월
2022-07-04,2호선,왕십리(성동구청),16691,13731,30422,2960,7,4,월
2022-07-04,2호선,상왕십리,14994,14620,29614,374,7,4,월
2022-07-04,2호선,신당,14389,14737,29126,-348,7,4,월
2022-07-04,2호선,동대문역사문화공원(DDP),12515,14401,26916,-1886,7,4,월
2022-07-04,2호선,을지로4가,13716,13299,27015,417,7,4,월
2022-07-04,2호선,을지로3가,24607,24920,49527,-313,7,4,월
2022-07-04,2호선,을지로입구,43825,43803,87628,22,7,4,월
2022-07-04,2호선,시청,24829,24287,49116,542,7,4,월
2022-07-04,1호선,동묘앞,7504,7889,15393,-385,7,4,월
2022-07-04,1호선,청량리(서울시립대입구),20091,19949,40040,142,7,4,월
2022-07-04,1호선,제기동,17095,17521,34616,-426,7,4,월
2022-07-04,1호선,신설동,14370,13883,28253,487,7,4,월
2022-07-04,1호선,동대문,11145,10679,21824,466,7,4,월
2022-07-04,1호선,종로5가,23157,23254,46411,-97,7,4,월
2022-07-04,1호선,종로3가,26642,24736,51378,1906,7,4,월
2022-07-04,1호선,종각,38812,38361,77173,451,7,4,월
2022-07-04,1호선,시청,23939,24804,48743,-865,7,4,월
2022-07-04,1호선,서울역,47157,46887,94044,270,7,4,월
2022-07-04,우이신설선,성신여대입구(돈암),3573,3850,7423,-277,7,4,월
2022-07-04,우이신설선,보문,1604,1576,3180,28,7,4,월
2022-07-04,우이신설선,신설동,2280,2112,4392,168,7,4,월
2022-07-04,일산선,원흥,11598,11020,22618,578,7,4,월
2022-07-04,일산선,지축,1,0,1,1,7,4,월
2022-07-04,일산선,삼송,20749,20065,40814,684,7,4,월
2022-07-04,일산선,원당,11677,10881,22558,796,7,4,월
2022-07-04,일산선,화정,17630,17744,35374,-114,7,4,월
2022-07-04,일산선,대곡,2350,1781,4131,569,7,4,월
2022-07-04,일산선,백석,10208,10055,20263,153,7,4,월
2022-07-04,일산선,마두,8379,8444,16823,-65,7,4,월
2022-07-04,일산선,정발산,7276,7333,14609,-57,7,4,월
2022-07-04,일산선,주엽,10051,10046,20097,5,7,4,월
2022-07-04,일산선,대화,14522,11515,26037,3007,7,4,월
2022-07-04,장항선,봉명,1422,1367,2789,55,7,4,월
2022-07-04,장항선,쌍용(나사렛대),2232,2069,4301,163,7,4,월
2022-07-04,장항선,아산,3256,2840,6096,416,7,4,월
2022-07-04,장항선,탕정,891,850,1741,41,7,4,월
2022-07-04,장항선,배방,1193,1176,2369,17,7,4,월
2022-07-04,장항선,온양온천,4822,4977,9799,-155,7,4,월
2022-07-04,장항선,신창(순천향대),1311,1453,2764,-142,7,4,월
2022-07-04,중앙선,회기,25458,24751,50209,707,7,4,월
2022-07-04,중앙선,중랑,6022,5699,11721,323,7,4,월
2022-07-04,중앙선,상봉(시외버스터미널),6015,5987,12002,28,7,4,월
2022-07-04,중앙선,망우,7980,7800,15780,180,7,4,월
2022-07-04,중앙선,양원,3451,3305,6756,146,7,4,월
2022-07-04,중앙선,구리,14038,14020,28058,18,7,4,월
2022-07-04,중앙선,도농,12191,10800,22991,1391,7,4,월
2022-07-04,중앙선,양정,751,621,1372,130,7,4,월
2022-07-04,중앙선,덕소,5817,5819,11636,-2,7,4,월
2022-07-04,중앙선,도심,2748,2064,4812,684,7,4,월
2022-07-04,중앙선,팔당,896,905,1801,-9,7,4,월
2022-07-04,중앙선,운길산,751,702,1453,49,7,4,월
2022-07-04,중앙선,양수,2122,2152,4274,-30,7,4,월
2022-07-04,중앙선,신원,217,183,400,34,7,4,월
2022-07-04,중앙선,국수,789,779,1568,10,7,4,월
2022-07-04,중앙선,아신,595,578,1173,17,7,4,월
2022-07-04,중앙선,오빈,366,338,704,28,7,4,월
2022-07-04,중앙선,양평,3103,3080,6183,23,7,4,월
2022-07-04,중앙선,원덕,400,373,773,27,7,4,월
2022-07-04,중앙선,용문,2046,2015,4061,31,7,4,월
2022-07-04,중앙선,지평,96,74,170,22,7,4,월
2022-07-04,7호선,면목,15732,15371,31103,361,7,4,월
2022-07-04,경인선,인천,3606,2673,6279,933,7,4,월
2022-07-04,2호선,용두(동대문구청),2453,2520,4973,-67,7,4,월
2022-07-04,3호선,지축,5523,5236,10759,287,7,4,월
2022-07-04,3호선,구파발,22310,21540,43850,770,7,4,월
2022-07-04,3호선,연신내,37562,35257,72819,2305,7,4,월
2022-07-04,3호선,불광,16791,17877,34668,-1086,7,4,월
2022-07-04,3호선,녹번,16048,14451,30499,1597,7,4,월
2022-07-04,3호선,홍제,18034,17287,35321,747,7,4,월
2022-07-04,3호선,무악재,4115,4047,8162,68,7,4,월
2022-07-04,3호선,독립문,7128,7316,14444,-188,7,4,월
2022-07-04,3호선,경복궁(정부서울청사),21482,21851,43333,-369,7,4,월
2022-07-04,3호선,안국,22949,23120,46069,-171,7,4,월
2022-07-04,3호선,종로3가,10328,11924,22252,-1596,7,4,월
2022-07-04,3호선,을지로3가,11362,11542,22904,-180,7,4,월
2022-07-04,3호선,충무로,4,0,4,4,7,4,월
2022-07-04,3호선,동대입구,7692,8114,15806,-422,7,4,월
2022-07-04,3호선,약수,13377,13013,26390,364,7,4,월
2022-07-04,3호선,금호,8256,7632,15888,624,7,4,월
2022-07-04,3호선,옥수,9229,9621,18850,-392,7,4,월
2022-07-04,3호선,압구정,34052,36181,70233,-2129,7,4,월
2022-07-04,3호선,신사,29606,31364,60970,-1758,7,4,월
2022-07-04,3호선,잠원,5082,4845,9927,237,7,4,월
2022-07-04,3호선,고속터미널,43130,40879,84009,2251,7,4,월
2022-07-04,3호선,교대(법원.검찰청),15457,10178,25635,5279,7,4,월
2022-07-04,분당선,수원,8016,6931,14947,1085,7,4,월
2022-07-04,분당선,서울숲,11326,11621,22947,-295,7,4,월
2022-07-04,분당선,압구정로데오,18023,19752,37775,-1729,7,4,월
2022-07-04,분당선,강남구청,10074,11699,21773,-1625,7,4,월
2022-07-04,분당선,선정릉,8716,9186,17902,-470,7,4,월
2022-07-04,분당선,가천대,7576,8485,16061,-909,7,4,월
2022-07-04,분당선,태평,14209,13487,27696,722,7,4,월
2022-07-04,분당선,모란,24389,24956,49345,-567,7,4,월
2022-07-04,분당선,야탑,27482,28250,55732,-768,7,4,월
2022-07-04,분당선,서현,26488,26725,53213,-237,7,4,월
2022-07-04,분당선,수내,14770,14671,29441,99,7,4,월
2022-07-04,분당선,정자,19425,20683,40108,-1258,7,4,월
2022-07-04,분당선,미금,16503,17548,34051,-1045,7,4,월
2022-07-04,분당선,오리,12351,10149,22500,2202,7,4,월
2022-07-04,분당선,이매,6236,5695,11931,541,7,4,월
2022-07-04,분당선,보정,2915,2560,5475,355,7,4,월
2022-07-04,분당선,죽전,13720,15388,29108,-1668,7,4,월
2022-07-04,분당선,구성,5382,5642,11024,-260,7,4,월
2022-07-04,분당선,신갈,5040,4874,9914,166,7,4,월
2022-07-04,3호선,남부터미널(예술의전당),29997,30280,60277,-283,7,4,월
2022-07-04,3호선,양재(서초구청),38965,42687,81652,-3722,7,4,월
2022-07-04,3호선,매봉,13688,13118,26806,570,7,4,월
2022-07-04,분당선,기흥,10653,9976,20629,677,7,4,월
2022-07-04,분당선,상갈,5649,5405,11054,244,7,4,월
2022-07-04,분당선,청명,4525,4389,8914,136,7,4,월
2022-07-04,분당선,영통,8472,8800,17272,-328,7,4,월
2022-07-04,분당선,망포,15507,14630,30137,877,7,4,월
2022-07-04,분당선,매탄권선,5480,5242,10722,238,7,4,월
2022-07-04,분당선,수원시청,13103,14030,27133,-927,7,4,월
2022-07-04,분당선,매교,3337,3275,6612,62,7,4,월
2022-07-04,수인선,고색,4890,4518,9408,372,7,4,월
2022-07-04,수인선,오목천,3229,2974,6203,255,7,4,월
2022-07-04,수인선,어천,807,857,1664,-50,7,4,월
2022-07-04,경의선,계양,1,0,1,1,7,4,월
2022-07-04,2호선,용답,2890,2779,5669,111,7,4,월
2022-07-04,3호선,도곡,5883,5784,11667,99,7,4,월
2022-07-04,3호선,대치,11349,11496,22845,-147,7,4,월
2022-07-04,3호선,학여울,1845,1901,3746,-56,7,4,월
2022-07-04,3호선,대청,11029,10213,21242,816,7,4,월
2022-07-04,3호선,일원,11390,11017,22407,373,7,4,월
2022-07-04,3호선,수서,17814,18357,36171,-543,7,4,월
2022-07-04,3호선,가락시장,9351,9050,18401,301,7,4,월
2022-07-04,3호선,경찰병원,7797,7892,15689,-95,7,4,월
2022-07-04,3호선,오금,6666,5964,12630,702,7,4,월
2022-07-04,4호선,당고개,9256,8147,17403,1109,7,4,월
2022-07-04,4호선,상계,19370,18502,37872,868,7,4,월
2022-07-04,4호선,노원,18343,20892,39235,-2549,7,4,월
2022-07-04,4호선,창동,25801,27279,53080,-1478,7,4,월
2022-07-04,4호선,쌍문,28377,27597,55974,780,7,4,월
2022-07-04,4호선,수유(강북구청),32697,33760,66457,-1063,7,4,월
2022-07-04,4호선,미아(서울사이버대학),14915,14773,29688,142,7,4,월
2022-07-04,4호선,미아사거리,27029,27149,54178,-120,7,4,월
2022-07-04,4호선,길음,20644,21006,41650,-362,7,4,월
2022-07-04,4호선,성신여대입구(돈암),19573,18919,38492,654,7,4,월
2022-07-04,4호선,한성대입구(삼선교),12917,12675,25592,242,7,4,월
2022-07-04,4호선,혜화,31121,30017,61138,1104,7,4,월
2022-07-04,4호선,동대문,21096,21400,42496,-304,7,4,월
2022-07-04,4호선,동대문역사문화공원(DDP),15642,13783,29425,1859,7,4,월
2022-07-04,4호선,충무로,27180,28288,55468,-1108,7,4,월
2022-07-04,4호선,명동,20480,19943,40423,537,7,4,월
2022-07-04,4호선,회현(남대문시장),26031,26132,52163,-101,7,4,월
2022-07-04,4호선,서울역,12096,17045,29141,-4949,7,4,월
2022-07-04,4호선,숙대입구(갈월),13449,12749,26198,700,7,4,월
2022-07-04,4호선,삼각지,4954,5576,10530,-622,7,4,월
2022-07-04,4호선,신용산,17959,17926,35885,33,7,4,월
2022-07-04,4호선,이촌(국립중앙박물관),9221,10286,19507,-1065,7,4,월
2022-07-04,4호선,동작(현충원),1342,1438,2780,-96,7,4,월
2022-07-04,4호선,총신대입구(이수),19150,20839,39989,-1689,7,4,월
2022-07-04,4호선,사당,26039,20998,47037,5041,7,4,월
2022-07-04,4호선,남태령,1231,1138,2369,93,7,4,월
2022-07-04,5호선,방화,7279,6943,14222,336,7,4,월
2022-07-04,5호선,개화산,6109,5776,11885,333,7,4,월
2022-07-04,5호선,김포공항,7804,7675,15479,129,7,4,월
2022-07-04,5호선,송정,6954,6348,13302,606,7,4,월
2022-07-04,5호선,마곡,11758,11748,23506,10,7,4,월
2022-07-04,5호선,발산,22257,22760,45017,-503,7,4,월
2022-07-04,5호선,우장산,15436,15159,30595,277,7,4,월
2022-07-04,5호선,화곡,29931,27979,57910,1952,7,4,월
2022-07-04,5호선,까치산,30123,28846,58969,1277,7,4,월
2022-07-04,5호선,신정(은행정),14795,12029,26824,2766,7,4,월
2022-07-04,5호선,목동,17761,19036,36797,-1275,7,4,월
2022-07-04,5호선,오목교(목동운동장앞),22449,24058,46507,-1609,7,4,월
2022-07-04,5호선,양평,8108,8109,16217,-1,7,4,월
2022-07-04,5호선,영등포구청,4258,4460,8718,-202,7,4,월
2022-07-04,5호선,영등포시장,10454,10756,21210,-302,7,4,월
2022-07-04,5호선,신길,4456,4716,9172,-260,7,4,월
2022-07-04,5호선,여의도,31039,33108,64147,-2069,7,4,월
2022-07-04,5호선,여의나루,11382,12822,24204,-1440,7,4,월
2022-07-04,5호선,마포,15289,15581,30870,-292,7,4,월
2022-07-04,5호선,공덕,15423,16172,31595,-749,7,4,월
2022-07-04,5호선,애오개,6998,7042,14040,-44,7,4,월
2022-07-04,5호선,충정로(경기대입구),4852,4866,9718,-14,7,4,월
2022-07-04,5호선,서대문,21099,21310,42409,-211,7,4,월
2022-07-04,5호선,광화문(세종문화회관),31329,33036,64365,-1707,7,4,월
2022-07-04,5호선,종로3가,12875,12547,25422,328,7,4,월
2022-07-04,5호선,을지로4가,6384,6425,12809,-41,7,4,월
2022-07-04,5호선,동대문역사문화공원(DDP),3212,3786,6998,-574,7,4,월
2022-07-04,5호선,청구,4090,3765,7855,325,7,4,월
2022-07-04,5호선,신금호,7010,7179,14189,-169,7,4,월
2022-07-04,5호선,행당,8653,7748,16401,905,7,4,월
2022-07-04,5호선,왕십리(성동구청),4592,5219,9811,-627,7,4,월
2022-07-04,5호선,마장,5908,5492,11400,416,7,4,월
2022-07-04,5호선,답십리,16622,15208,31830,1414,7,4,월
2022-07-04,5호선,장한평,19300,19230,38530,70,7,4,월
2022-07-04,5호선,군자(능동),11209,12265,23474,-1056,7,4,월
2022-07-04,5호선,아차산(어린이대공원후문),14083,13734,27817,349,7,4,월
2022-07-04,5호선,광나루(장신대),13647,12561,26208,1086,7,4,월
2022-07-04,5호선,천호(풍납토성),18616,18822,37438,-206,7,4,월
2022-07-04,5호선,강동,19667,18952,38619,715,7,4,월
2022-07-04,5호선,길동,8617,8932,17549,-315,7,4,월
2022-07-04,5호선,굽은다리(강동구민회관앞),10440,9967,20407,473,7,4,월
2022-07-04,5호선,명일,9524,9699,19223,-175,7,4,월
2022-07-04,5호선,고덕,11015,10664,21679,351,7,4,월
2022-07-04,5호선,상일동,16106,14721,30827,1385,7,4,월
2022-07-04,5호선,둔촌동,8453,8376,16829,77,7,4,월
2022-07-04,5호선,올림픽공원(한국체대),4298,3752,8050,546,7,4,월
2022-07-04,5호선,방이,7430,7623,15053,-193,7,4,월
2022-07-04,5호선,오금,4071,4125,8196,-54,7,4,월
2022-07-04,5호선,개롱,6958,7165,14123,-207,7,4,월
2022-07-04,5호선,거여,10901,10598,21499,303,7,4,월
2022-07-04,5호선,마천,7756,7344,15100,412,7,4,월
2022-07-04,5호선,강일,4763,4728,9491,35,7,4,월
2022-07-04,5호선,미사,17028,17181,34209,-153,7,4,월
2022-07-04,5호선,하남풍산,4600,4462,9062,138,7,4,월
2022-07-04,5호선,하남시청(덕풍·신장),7548,7381,14929,167,7,4,월
2022-07-04,5호선,하남검단산,6429,6185,12614,244,7,4,월
2022-07-04,6호선,응암,18063,18067,36130,-4,7,4,월
2022-07-04,6호선,역촌,3990,4631,8621,-641,7,4,월
2022-07-04,6호선,불광,4637,4637,9274,0,7,4,월
2022-07-04,6호선,독바위,2915,3042,5957,-127,7,4,월
2022-07-04,6호선,구산,8341,6256,14597,2085,7,4,월
2022-07-04,6호선,새절(신사),13127,12129,25256,998,7,4,월
2022-07-04,6호선,증산(명지대앞),10248,10187,20435,61,7,4,월
2022-07-04,6호선,디지털미디어시티,15213,16945,32158,-1732,7,4,월
2022-07-04,6호선,월드컵경기장(성산),4595,4874,9469,-279,7,4,월
2022-07-04,6호선,마포구청,15018,13555,28573,1463,7,4,월
2022-07-04,6호선,망원,13881,14956,28837,-1075,7,4,월
2022-07-04,6호선,합정,13185,13007,26192,178,7,4,월
2022-07-04,6호선,상수,8623,9566,18189,-943,7,4,월
2022-07-04,6호선,광흥창(서강),9989,9546,19535,443,7,4,월
2022-07-04,6호선,대흥(서강대앞),9020,9213,18233,-193,7,4,월
2022-07-04,6호선,공덕,19774,19097,38871,677,7,4,월
2022-07-04,6호선,효창공원앞,7349,6692,14041,657,7,4,월
2022-07-04,6호선,삼각지,6789,5986,12775,803,7,4,월
2022-07-04,6호선,녹사평(용산구청),4643,4643,9286,0,7,4,월
2022-07-04,6호선,이태원,9906,10135,20041,-229,7,4,월
2022-07-04,6호선,한강진,7044,8092,15136,-1048,7,4,월
2022-07-04,6호선,버티고개,2247,2274,4521,-27,7,4,월
2022-07-04,6호선,약수,3838,3830,7668,8,7,4,월
2022-07-04,6호선,청구,3761,3908,7669,-147,7,4,월
2022-07-04,6호선,신당,8223,8782,17005,-559,7,4,월
2022-07-04,6호선,동묘앞,8197,8464,16661,-267,7,4,월
2022-07-04,6호선,창신,3844,3200,7044,644,7,4,월
2022-07-04,6호선,보문,8137,7266,15403,871,7,4,월
2022-07-04,6호선,안암(고대병원앞),11625,11624,23249,1,7,4,월
2022-07-04,6호선,고려대(종암),8661,8412,17073,249,7,4,월
2022-07-04,6호선,월곡(동덕여대),12338,12168,24506,170,7,4,월
2022-07-04,6호선,상월곡(한국과학기술연구원),6503,5828,12331,675,7,4,월
2022-07-04,6호선,돌곶이,9940,9228,19168,712,7,4,월
2022-07-04,6호선,석계,12659,13409,26068,-750,7,4,월
2022-07-04,6호선,태릉입구,5720,6137,11857,-417,7,4,월
2022-07-04,6호선,화랑대(서울여대입구),12428,9571,21999,2857,7,4,월
2022-07-04,6호선,봉화산(서울의료원),9583,9089,18672,494,7,4,월
2022-07-04,7호선,장암,2504,945,3449,1559,7,4,월
2022-07-04,7호선,도봉산,9486,10610,20096,-1124,7,4,월
2022-07-04,7호선,수락산,13140,13032,26172,108,7,4,월
2022-07-04,7호선,마들,13853,12873,26726,980,7,4,월
2022-07-04,7호선,노원,20931,21487,42418,-556,7,4,월
2022-07-04,7호선,중계,15538,14146,29684,1392,7,4,월
2022-07-04,7호선,하계,18858,17631,36489,1227,7,4,월
2022-07-04,7호선,공릉(서울과학기술대),12493,12405,24898,88,7,4,월
2022-07-04,7호선,태릉입구,8818,8292,17110,526,7,4,월
2022-07-04,7호선,먹골,10571,10501,21072,70,7,4,월
2022-07-04,7호선,중화,11286,11119,22405,167,7,4,월
2022-07-04,7호선,상봉(시외버스터미널),17146,16325,33471,821,7,4,월
2022-07-04,7호선,사가정,16670,16632,33302,38,7,4,월
2022-07-04,7호선,용마산(용마폭포공원),6267,6094,12361,173,7,4,월
2022-07-04,7호선,중곡,11459,10732,22191,727,7,4,월
2022-07-04,7호선,군자(능동),15516,12433,27949,3083,7,4,월
2022-07-04,7호선,어린이대공원(세종대),13058,12922,25980,136,7,4,월
2022-07-04,7호선,건대입구,13386,14098,27484,-712,7,4,월
2022-07-04,7호선,뚝섬유원지,8386,8290,16676,96,7,4,월
2022-07-04,7호선,청담,21093,23606,44699,-2513,7,4,월
2022-07-04,7호선,강남구청,17187,19094,36281,-1907,7,4,월
2022-07-04,7호선,학동,25751,27003,52754,-1252,7,4,월
2022-07-04,7호선,논현,20254,21279,41533,-1025,7,4,월
2022-07-04,7호선,반포,6133,5969,12102,164,7,4,월
2022-07-04,7호선,고속터미널,17141,13805,30946,3336,7,4,월
2022-07-04,7호선,내방,15615,15935,31550,-320,7,4,월
2022-07-04,7호선,이수,17014,16496,33510,518,7,4,월
2022-07-04,7호선,남성,11766,10926,22692,840,7,4,월
2022-07-04,7호선,숭실대입구(살피재),12904,13034,25938,-130,7,4,월
2022-07-04,7호선,상도,11630,11340,22970,290,7,4,월
2022-07-04,7호선,장승배기,9724,9567,19291,157,7,4,월
2022-07-04,7호선,신대방삼거리,15956,15395,31351,561,7,4,월
2022-07-04,7호선,보라매,8679,8697,17376,-18,7,4,월
2022-07-04,7호선,신풍,12443,11948,24391,495,7,4,월
2022-07-04,7호선,대림(구로구청),8378,8365,16743,13,7,4,월
2022-07-04,7호선,남구로,16760,17613,34373,-853,7,4,월
2022-07-04,7호선,가산디지털단지,48829,48500,97329,329,7,4,월
2022-07-04,7호선,철산,21894,22209,44103,-315,7,4,월
2022-07-04,7호선,광명사거리,22253,22142,44395,111,7,4,월
2022-07-04,7호선,천왕,12122,11699,23821,423,7,4,월
2022-07-04,7호선,온수(성공회대입구),10815,9895,20710,920,7,4,월
2022-07-04,8호선,암사,19925,17563,37488,2362,7,4,월
2022-07-04,8호선,천호(풍납토성),15150,17374,32524,-2224,7,4,월
2022-07-04,8호선,강동구청,11101,11578,22679,-477,7,4,월
2022-07-04,8호선,몽촌토성(평화의문),6386,6516,12902,-130,7,4,월
2022-07-04,8호선,잠실(송파구청),15264,17833,33097,-2569,7,4,월
2022-07-04,8호선,석촌,7968,9044,17012,-1076,7,4,월
2022-07-04,8호선,송파,9260,9199,18459,61,7,4,월
2022-07-04,8호선,가락시장,7915,8829,16744,-914,7,4,월
2022-07-04,8호선,문정,23270,24696,47966,-1426,7,4,월
2022-07-04,8호선,장지,17922,17599,35521,323,7,4,월
2022-07-04,8호선,복정,9640,8261,17901,1379,7,4,월
2022-07-04,8호선,산성,5544,5655,11199,-111,7,4,월
2022-07-04,8호선,남한산성입구(성남법원.검찰청),14370,12881,27251,1489,7,4,월
2022-07-04,8호선,단대오거리,10945,10889,21834,56,7,4,월
2022-07-04,8호선,신흥,4536,4941,9477,-405,7,4,월
2022-07-04,8호선,수진,5844,5426,11270,418,7,4,월
2022-07-04,8호선,모란,5890,4645,10535,1245,7,4,월
2022-07-04,8호선,남위례,5699,5884,11583,-185,7,4,월
2022-07-04,9호선,개화,2996,1959,4955,1037,7,4,월
2022-07-04,9호선,김포공항,7696,11892,19588,-4196,7,4,월
2022-07-04,9호선,공항시장,3083,3398,6481,-315,7,4,월
2022-07-04,9호선,신방화,7342,7210,14552,132,7,4,월
2022-07-04,9호선,마곡나루(서울식물원),12981,12989,25970,-8,7,4,월
2022-07-04,9호선,양천향교,10212,10474,20686,-262,7,4,월
2022-07-04,9호선,가양,22307,21809,44116,498,7,4,월
2022-07-04,9호선,증미,8102,7965,16067,137,7,4,월
2022-07-04,9호선,등촌,12270,12038,24308,232,7,4,월
2022-07-04,9호선,염창,18346,17750,36096,596,7,4,월
2022-07-04,9호선,신목동,4749,4070,8819,679,7,4,월
2022-07-04,9호선,선유도,9592,9291,18883,301,7,4,월
2022-07-04,9호선,당산,19213,19977,39190,-764,7,4,월
2022-07-04,9호선,국회의사당,17607,18515,36122,-908,7,4,월
2022-07-04,9호선,여의도,31156,30200,61356,956,7,4,월
2022-07-04,9호선,샛강,6766,6845,13611,-79,7,4,월
2022-07-04,9호선,노량진,25376,24883,50259,493,7,4,월
2022-07-04,9호선,노들,4861,4073,8934,788,7,4,월
2022-07-04,9호선,흑석(중앙대입구),8736,9082,17818,-346,7,4,월
2022-07-04,9호선,동작(현충원),1970,1589,3559,381,7,4,월
2022-07-04,9호선,구반포,1344,1416,2760,-72,7,4,월
2022-07-04,9호선,신반포,4061,3927,7988,134,7,4,월
2022-07-04,9호선,고속터미널,13177,16686,29863,-3509,7,4,월
2022-07-04,9호선,사평,4156,4108,8264,48,7,4,월
2022-07-04,9호선,신논현,32319,31884,64203,435,7,4,월
2022-07-04,9호선2~3단계,언주,11994,12366,24360,-372,7,4,월
2022-07-04,9호선2~3단계,선정릉,10958,12003,22961,-1045,7,4,월
2022-07-04,9호선2~3단계,삼성중앙,8184,8561,16745,-377,7,4,월
2022-07-04,9호선2~3단계,봉은사,18720,19050,37770,-330,7,4,월
2022-07-04,9호선2~3단계,종합운동장,4484,4560,9044,-76,7,4,월
2022-07-04,9호선2~3단계,삼전,7392,7116,14508,276,7,4,월
2022-07-04,9호선2~3단계,석촌고분,6755,6618,13373,137,7,4,월
2022-07-04,9호선2~3단계,석촌,9013,7915,16928,1098,7,4,월
2022-07-04,9호선2~3단계,송파나루,5365,5604,10969,-239,7,4,월
2022-07-04,9호선2~3단계,한성백제,2797,2558,5355,239,7,4,월
2022-07-04,9호선2~3단계,올림픽공원(한국체대),6471,6482,12953,-11,7,4,월
2022-07-04,9호선2~3단계,둔촌오륜,1317,1180,2497,137,7,4,월
2022-07-04,9호선2~3단계,중앙보훈병원,12122,10660,22782,1462,7,4,월
2022-07-04,경강선,판교,5481,5424,10905,57,7,4,월
2022-07-04,경강선,이매,1201,1049,2250,152,7,4,월
2022-07-04,경강선,삼동,2662,2496,5158,166,7,4,월
2022-07-04,경강선,경기광주,8341,7854,16195,487,7,4,월
2022-07-04,경강선,초월,3448,3385,6833,63,7,4,월
2022-07-04,경강선,곤지암,2232,2250,4482,-18,7,4,월
2022-07-04,경강선,신둔도예촌,1602,1519,3121,83,7,4,월
2022-07-04,경강선,이천,2672,2791,5463,-119,7,4,월
2022-07-04,경강선,부발,2160,2237,4397,-77,7,4,월
2022-07-04,경강선,세종대왕릉,370,377,747,-7,7,4,월
2022-07-04,경강선,여주,2288,2256,4544,32,7,4,월
2022-07-04,경부선,서울역,7229,2243,9472,4986,7,4,월
2022-07-04,경부선,남영,9970,10634,20604,-664,7,4,월
2022-07-04,경부선,용산,37401,39131,76532,-1730,7,4,월
2022-07-04,경부선,노량진,7608,7436,15044,172,7,4,월
2022-07-04,경부선,대방,11772,12788,24560,-1016,7,4,월
2022-07-04,경부선,영등포,38957,40271,79228,-1314,7,4,월
2022-07-04,경부선,신도림,4232,4295,8527,-63,7,4,월
2022-07-04,경부선,신길,9537,8204,17741,1333,7,4,월
2022-07-04,경부선,구로,19522,19311,38833,211,7,4,월
2022-07-04,경부선,가산디지털단지,19843,23143,42986,-3300,7,4,월
2022-07-04,경부선,금천구청,12030,12029,24059,1,7,4,월
2022-07-04,경부선,석수,9797,8764,18561,1033,7,4,월
2022-07-04,경부선,관악,7516,7114,14630,402,7,4,월
2022-07-04,2호선,신정네거리,11253,11455,22708,-202,7,4,월
2022-07-04,2호선,양천구청,7403,7617,15020,-214,7,4,월
2022-07-05,분당선,청명,4780,4568,9348,212,7,5,화
2022-07-05,분당선,망포,15788,15086,30874,702,7,5,화
2022-07-05,분당선,매탄권선,5773,5474,11247,299,7,5,화
2022-07-05,분당선,수원시청,13537,14361,27898,-824,7,5,화
2022-07-05,분당선,매교,3332,3279,6611,53,7,5,화
2022-07-05,수인선,고색,4887,4558,9445,329,7,5,화
2022-07-05,수인선,오목천,3223,2943,6166,280,7,5,화
2022-07-05,수인선,어천,884,865,1749,19,7,5,화
2022-07-05,수인선,야목,398,327,725,71,7,5,화
2022-07-05,수인선,사리,5074,4504,9578,570,7,5,화
2022-07-05,수인선,달월,125,74,199,51,7,5,화
2022-07-05,수인선,월곶,2868,2711,5579,157,7,5,화
2022-07-05,수인선,소래포구,5119,4691,9810,428,7,5,화
2022-07-05,수인선,인천논현,5851,6180,12031,-329,7,5,화
2022-07-05,수인선,호구포,4437,4604,9041,-167,7,5,화
2022-07-05,수인선,남동인더스파크,2556,2821,5377,-265,7,5,화
2022-07-05,수인선,원인재,4521,4683,9204,-162,7,5,화
2022-07-05,수인선,연수,4620,4673,9293,-53,7,5,화
2022-07-05,수인선,송도,2505,2318,4823,187,7,5,화
2022-07-05,수인선,인하대,6145,5899,12044,246,7,5,화
2022-07-05,수인선,숭의,4198,3880,8078,318,7,5,화
2022-07-05,수인선,신포,1950,1898,3848,52,7,5,화
2022-07-05,수인선,인천,1158,1775,2933,-617,7,5,화
2022-07-05,신림선,샛강,2238,2680,4918,-442,7,5,화
2022-07-05,신림선,대방,1856,1498,3354,358,7,5,화
2022-07-05,신림선,서울지방병무청,2271,2509,4780,-238,7,5,화
2022-07-05,신림선,보라매,2836,2648,5484,188,7,5,화
2022-07-05,신림선,보라매공원,1859,1982,3841,-123,7,5,화
2022-07-05,신림선,보라매병원,6838,7253,14091,-415,7,5,화
2022-07-05,신림선,당곡,3750,3654,7404,96,7,5,화
2022-07-05,신림선,신림,1667,2263,3930,-596,7,5,화
2022-07-05,신림선,서원,2861,2622,5483,239,7,5,화
2022-07-05,신림선,서울대벤처타운,6338,6470,12808,-132,7,5,화
2022-07-05,신림선,관악산(서울대),2784,2836,5620,-52,7,5,화
2022-07-05,안산선,산본,16746,17879,34625,-1133,7,5,화
2022-07-05,안산선,대야미,5312,4704,10016,608,7,5,화
2022-07-05,안산선,반월,4580,4479,9059,101,7,5,화
2022-07-05,안산선,상록수,16367,16440,32807,-73,7,5,화
2022-07-05,안산선,한대앞,9455,9486,18941,-31,7,5,화
2022-07-05,안산선,중앙,19115,19605,38720,-490,7,5,화
2022-07-05,안산선,고잔,9281,8981,18262,300,7,5,화
2022-07-05,안산선,초지,5185,5190,10375,-5,7,5,화
2022-07-05,안산선,안산,12165,11152,23317,1013,7,5,화
2022-07-05,안산선,신길온천,1872,1683,3555,189,7,5,화
2022-07-05,안산선,정왕,8191,8553,16744,-362,7,5,화
2022-07-05,안산선,오이도,8949,8701,17650,248,7,5,화
2022-07-05,안산선,수리산,4419,3651,8070,768,7,5,화
2022-07-05,우이신설선,북한산우이,2866,2597,5463,269,7,5,화
2022-07-05,우이신설선,솔밭공원,2712,2539,5251,173,7,5,화
2022-07-05,우이신설선,4.19민주묘지,2940,2774,5714,166,7,5,화
2022-07-05,우이신설선,가오리,4472,4422,8894,50,7,5,화
2022-07-05,우이신설선,화계,3565,3359,6924,206,7,5,화
2022-07-05,우이신설선,삼양,2107,2244,4351,-137,7,5,화
2022-07-05,우이신설선,삼양사거리,2688,2614,5302,74,7,5,화
2022-07-05,우이신설선,솔샘,6181,5903,12084,278,7,5,화
2022-07-05,우이신설선,북한산보국문,6109,5881,11990,228,7,5,화
2022-07-05,우이신설선,정릉,4965,4443,9408,522,7,5,화
2022-07-05,우이신설선,성신여대입구(돈암),3495,3872,7367,-377,7,5,화
2022-07-05,우이신설선,보문,1604,1619,3223,-15,7,5,화
2022-07-05,우이신설선,신설동,2322,2192,4514,130,7,5,화
2022-07-05,일산선,원흥,11964,11221,23185,743,7,5,화
2022-07-05,일산선,지축,2,0,2,2,7,5,화
2022-07-05,일산선,삼송,20879,20436,41315,443,7,5,화
2022-07-05,일산선,원당,11684,10978,22662,706,7,5,화
2022-07-05,일산선,화정,18023,18283,36306,-260,7,5,화
2022-07-05,일산선,대곡,2338,1842,4180,496,7,5,화
2022-07-05,일산선,백석,10365,10250,20615,115,7,5,화
2022-07-05,일산선,마두,8155,8379,16534,-224,7,5,화
2022-07-05,일산선,정발산,7585,7763,15348,-178,7,5,화
2022-07-05,일산선,주엽,10008,9974,19982,34,7,5,화
2022-07-05,5호선,길동,8534,8802,17336,-268,7,5,화
2022-07-05,중앙선,운길산,839,822,1661,17,7,5,화
2022-07-05,중앙선,양수,2284,2247,4531,37,7,5,화
2022-07-05,중앙선,신원,219,190,409,29,7,5,화
2022-07-05,중앙선,국수,764,792,1556,-28,7,5,화
2022-07-05,중앙선,아신,616,593,1209,23,7,5,화
2022-07-05,중앙선,오빈,340,326,666,14,7,5,화
2022-07-05,중앙선,양평,3101,3016,6117,85,7,5,화
2022-07-05,중앙선,원덕,403,399,802,4,7,5,화
2022-07-05,중앙선,용문,3559,3531,7090,28,7,5,화
2022-07-05,중앙선,지평,75,97,172,-22,7,5,화
2022-07-05,일산선,대화,15063,11880,26943,3183,7,5,화
2022-07-05,장항선,봉명,1421,1369,2790,52,7,5,화
2022-07-05,장항선,쌍용(나사렛대),2097,1995,4092,102,7,5,화
2022-07-05,장항선,아산,2935,2643,5578,292,7,5,화
2022-07-05,장항선,탕정,951,869,1820,82,7,5,화
2022-07-05,장항선,배방,1141,1098,2239,43,7,5,화
2022-07-05,장항선,온양온천,3620,3738,7358,-118,7,5,화
2022-07-05,장항선,신창(순천향대),1334,1336,2670,-2,7,5,화
2022-07-05,중앙선,회기,25926,25111,51037,815,7,5,화
2022-07-05,중앙선,중랑,5996,5658,11654,338,7,5,화
2022-07-05,중앙선,상봉(시외버스터미널),5963,5983,11946,-20,7,5,화
2022-07-05,중앙선,망우,8132,7943,16075,189,7,5,화
2022-07-05,중앙선,양원,3499,3267,6766,232,7,5,화
2022-07-05,중앙선,구리,14316,14315,28631,1,7,5,화
2022-07-05,중앙선,도농,12262,11060,23322,1202,7,5,화
2022-07-05,중앙선,양정,748,656,1404,92,7,5,화
2022-07-05,중앙선,덕소,6050,5979,12029,71,7,5,화
2022-07-05,중앙선,도심,2822,2293,5115,529,7,5,화
2022-07-05,중앙선,팔당,908,966,1874,-58,7,5,화
2022-07-05,2호선,용답,2879,2770,5649,109,7,5,화
2022-07-05,경의선,계양,1,0,1,1,7,5,화
2022-07-05,1호선,서울역,46491,45419,91910,1072,7,5,화
2022-07-05,1호선,시청,25190,25600,50790,-410,7,5,화
2022-07-05,1호선,종각,39391,38964,78355,427,7,5,화
2022-07-05,1호선,종로3가,26669,24600,51269,2069,7,5,화
2022-07-05,1호선,종로5가,23391,23343,46734,48,7,5,화
2022-07-05,1호선,동대문,11014,10507,21521,507,7,5,화
2022-07-05,1호선,신설동,14332,13960,28292,372,7,5,화
2022-07-05,1호선,제기동,17314,17480,34794,-166,7,5,화
2022-07-05,1호선,청량리(서울시립대입구),19886,19841,39727,45,7,5,화
2022-07-05,1호선,동묘앞,7992,8247,16239,-255,7,5,화
2022-07-05,2호선,시청,26095,25565,51660,530,7,5,화
2022-07-05,2호선,을지로입구,44312,46118,90430,-1806,7,5,화
2022-07-05,2호선,을지로3가,25312,25413,50725,-101,7,5,화
2022-07-05,2호선,을지로4가,14147,13755,27902,392,7,5,화
2022-07-05,2호선,동대문역사문화공원(DDP),12918,14922,27840,-2004,7,5,화
2022-07-05,2호선,신당,14644,14948,29592,-304,7,5,화
2022-07-05,2호선,상왕십리,15225,14772,29997,453,7,5,화
2022-07-05,2호선,왕십리(성동구청),17302,14521,31823,2781,7,5,화
2022-07-05,2호선,한양대,9617,10281,19898,-664,7,5,화
2022-07-05,2호선,뚝섬,24198,26002,50200,-1804,7,5,화
2022-07-05,2호선,성수,40467,44001,84468,-3534,7,5,화
2022-07-05,2호선,건대입구,36458,39423,75881,-2965,7,5,화
2022-07-05,2호선,구의(광진구청),25043,24406,49449,637,7,5,화
2022-07-05,2호선,강변(동서울터미널),31864,29985,61849,1879,7,5,화
2022-07-05,2호선,잠실나루,16142,15776,31918,366,7,5,화
2022-07-05,2호선,잠실(송파구청),76494,76186,152680,308,7,5,화
2022-07-05,2호선,잠실새내,23210,23300,46510,-90,7,5,화
2022-07-05,2호선,종합운동장,10449,11363,21812,-914,7,5,화
2022-07-05,2호선,삼성(무역센터),59231,60016,119247,-785,7,5,화
2022-07-05,2호선,선릉,65167,57215,122382,7952,7,5,화
2022-07-05,2호선,역삼,59799,67446,127245,-7647,7,5,화
2022-07-05,2호선,강남,93187,90242,183429,2945,7,5,화
2022-07-05,2호선,교대(법원.검찰청),37354,41982,79336,-4628,7,5,화
2022-07-05,2호선,서초,23816,23119,46935,697,7,5,화
2022-07-05,2호선,방배,17528,18314,35842,-786,7,5,화
2022-07-05,2호선,사당,40293,44018,84311,-3725,7,5,화
2022-07-05,2호선,낙성대(강감찬),29185,28471,57656,714,7,5,화
2022-07-05,2호선,서울대입구(관악구청),48740,48192,96932,548,7,5,화
2022-07-05,2호선,봉천,25709,23869,49578,1840,7,5,화
2022-07-05,2호선,신림,61163,58907,120070,2256,7,5,화
2022-07-05,2호선,신대방,26672,26314,52986,358,7,5,화
2022-07-05,2호선,구로디지털단지,63655,63921,127576,-266,7,5,화
2022-07-05,2호선,대림(구로구청),24890,25568,50458,-678,7,5,화
2022-07-05,2호선,신도림,50477,50278,100755,199,7,5,화
2022-07-05,2호선,문래,24222,24671,48893,-449,7,5,화
2022-07-05,2호선,영등포구청,23742,24434,48176,-692,7,5,화
2022-07-05,2호선,당산,18709,22391,41100,-3682,7,5,화
2022-07-05,2호선,합정,32504,34415,66919,-1911,7,5,화
2022-07-05,2호선,홍대입구,61323,64639,125962,-3316,7,5,화
2022-07-05,2호선,신촌,37551,38503,76054,-952,7,5,화
2022-07-05,2호선,이대,14587,15602,30189,-1015,7,5,화
2022-07-05,2호선,아현,11459,10896,22355,563,7,5,화
2022-07-05,2호선,충정로(경기대입구),10821,11440,22261,-619,7,5,화
2022-07-05,2호선,신답,1822,2104,3926,-282,7,5,화
2022-07-05,2호선,신설동,3401,3343,6744,58,7,5,화
2022-07-05,2호선,도림천,1595,1653,3248,-58,7,5,화
2022-07-05,2호선,양천구청,7470,7575,15045,-105,7,5,화
2022-07-05,2호선,신정네거리,11011,11285,22296,-274,7,5,화
2022-07-05,2호선,용두(동대문구청),2475,2521,4996,-46,7,5,화
2022-07-05,3호선,지축,5604,5254,10858,350,7,5,화
2022-07-05,3호선,구파발,22815,21983,44798,832,7,5,화
2022-07-05,3호선,연신내,38159,35470,73629,2689,7,5,화
2022-07-05,3호선,불광,16942,18179,35121,-1237,7,5,화
2022-07-05,3호선,녹번,16258,14850,31108,1408,7,5,화
2022-07-05,3호선,홍제,18356,17155,35511,1201,7,5,화
2022-07-05,3호선,무악재,4258,4296,8554,-38,7,5,화
2022-07-05,3호선,독립문,7499,7537,15036,-38,7,5,화
2022-07-05,3호선,경복궁(정부서울청사),20788,20531,41319,257,7,5,화
2022-07-05,3호선,안국,23515,24122,47637,-607,7,5,화
2022-07-05,3호선,종로3가,10344,12052,22396,-1708,7,5,화
2022-07-05,3호선,을지로3가,11522,11616,23138,-94,7,5,화
2022-07-05,3호선,동대입구,7883,8315,16198,-432,7,5,화
2022-07-05,3호선,약수,13591,13222,26813,369,7,5,화
2022-07-05,3호선,금호,8347,7768,16115,579,7,5,화
2022-07-05,3호선,옥수,9483,9852,19335,-369,7,5,화
2022-07-05,3호선,압구정,35073,37478,72551,-2405,7,5,화
2022-07-05,3호선,신사,30984,32646,63630,-1662,7,5,화
2022-07-05,3호선,잠원,5326,5115,10441,211,7,5,화
2022-07-05,3호선,고속터미널,42910,41186,84096,1724,7,5,화
2022-07-05,3호선,교대(법원.검찰청),15640,10277,25917,5363,7,5,화
2022-07-05,3호선,남부터미널(예술의전당),30892,31409,62301,-517,7,5,화
2022-07-05,3호선,양재(서초구청),40056,43870,83926,-3814,7,5,화
2022-07-05,3호선,매봉,13617,13195,26812,422,7,5,화
2022-07-05,3호선,도곡,5714,5759,11473,-45,7,5,화
2022-07-05,3호선,대치,11577,11665,23242,-88,7,5,화
2022-07-05,3호선,학여울,1919,1933,3852,-14,7,5,화
2022-07-05,3호선,대청,11114,10367,21481,747,7,5,화
2022-07-05,3호선,일원,11655,11355,23010,300,7,5,화
2022-07-05,3호선,수서,17999,18481,36480,-482,7,5,화
2022-07-05,3호선,가락시장,9530,9306,18836,224,7,5,화
2022-07-05,3호선,경찰병원,7798,7936,15734,-138,7,5,화
2022-07-05,3호선,오금,6793,6081,12874,712,7,5,화
2022-07-05,4호선,당고개,9638,8589,18227,1049,7,5,화
2022-07-05,4호선,상계,20281,18838,39119,1443,7,5,화
2022-07-05,4호선,노원,19835,22412,42247,-2577,7,5,화
2022-07-05,4호선,창동,26858,28291,55149,-1433,7,5,화
2022-07-05,4호선,쌍문,30120,28271,58391,1849,7,5,화
2022-07-05,4호선,수유(강북구청),34861,35155,70016,-294,7,5,화
2022-07-05,4호선,미아(서울사이버대학),15406,14950,30356,456,7,5,화
2022-07-05,4호선,미아사거리,28412,27977,56389,435,7,5,화
2022-07-05,4호선,길음,21525,21446,42971,79,7,5,화
2022-07-05,4호선,성신여대입구(돈암),20406,19754,40160,652,7,5,화
2022-07-05,4호선,한성대입구(삼선교),13698,13186,26884,512,7,5,화
2022-07-05,4호선,혜화,34353,34318,68671,35,7,5,화
2022-07-05,4호선,동대문,21316,21619,42935,-303,7,5,화
2022-07-05,4호선,동대문역사문화공원(DDP),15833,14009,29842,1824,7,5,화
2022-07-05,4호선,충무로,27612,28808,56420,-1196,7,5,화
2022-07-05,4호선,명동,20638,21135,41773,-497,7,5,화
2022-07-05,4호선,회현(남대문시장),26427,27379,53806,-952,7,5,화
2022-07-05,4호선,서울역,12381,17686,30067,-5305,7,5,화
2022-07-05,4호선,숙대입구(갈월),13875,13232,27107,643,7,5,화
2022-07-05,4호선,삼각지,5544,6235,11779,-691,7,5,화
2022-07-05,4호선,신용산,18836,19824,38660,-988,7,5,화
2022-07-05,4호선,이촌(국립중앙박물관),9350,10153,19503,-803,7,5,화
2022-07-05,4호선,동작(현충원),1307,1492,2799,-185,7,5,화
2022-07-05,4호선,총신대입구(이수),20084,21634,41718,-1550,7,5,화
2022-07-05,4호선,사당,26508,22097,48605,4411,7,5,화
2022-07-05,4호선,남태령,1331,1183,2514,148,7,5,화
2022-07-05,5호선,방화,7462,7214,14676,248,7,5,화
2022-07-05,5호선,개화산,6173,5839,12012,334,7,5,화
2022-07-05,5호선,김포공항,8120,7922,16042,198,7,5,화
2022-07-05,5호선,송정,6970,6460,13430,510,7,5,화
2022-07-05,5호선,마곡,11982,11965,23947,17,7,5,화
2022-07-05,5호선,발산,23078,23681,46759,-603,7,5,화
2022-07-05,5호선,우장산,15829,15460,31289,369,7,5,화
2022-07-05,5호선,화곡,30479,28182,58661,2297,7,5,화
2022-07-05,5호선,까치산,30562,29270,59832,1292,7,5,화
2022-07-05,5호선,신정(은행정),14812,12094,26906,2718,7,5,화
2022-07-05,5호선,목동,18187,19302,37489,-1115,7,5,화
2022-07-05,5호선,오목교(목동운동장앞),23396,24984,48380,-1588,7,5,화
2022-07-05,5호선,양평,7997,8076,16073,-79,7,5,화
2022-07-05,5호선,영등포구청,4214,4482,8696,-268,7,5,화
2022-07-05,5호선,영등포시장,10652,11212,21864,-560,7,5,화
2022-07-05,5호선,신길,4654,4901,9555,-247,7,5,화
2022-07-05,5호선,여의도,32086,33935,66021,-1849,7,5,화
2022-07-05,5호선,여의나루,11579,12995,24574,-1416,7,5,화
2022-07-05,5호선,마포,15716,15909,31625,-193,7,5,화
2022-07-05,5호선,공덕,15673,16328,32001,-655,7,5,화
2022-07-05,5호선,애오개,7315,7368,14683,-53,7,5,화
2022-07-05,5호선,충정로(경기대입구),4876,4917,9793,-41,7,5,화
2022-07-05,5호선,서대문,21542,21825,43367,-283,7,5,화
2022-07-05,5호선,광화문(세종문화회관),33557,35362,68919,-1805,7,5,화
2022-07-05,5호선,종로3가,13283,13186,26469,97,7,5,화
2022-07-05,5호선,을지로4가,6514,6651,13165,-137,7,5,화
2022-07-05,5호선,동대문역사문화공원(DDP),3264,3789,7053,-525,7,5,화
2022-07-05,5호선,청구,4244,3925,8169,319,7,5,화
2022-07-05,5호선,신금호,7131,7298,14429,-167,7,5,화
2022-07-05,5호선,행당,8868,7892,16760,976,7,5,화
2022-07-05,5호선,왕십리(성동구청),4824,5555,10379,-731,7,5,화
2022-07-05,5호선,마장,5887,5460,11347,427,7,5,화
2022-07-05,5호선,답십리,16892,15440,32332,1452,7,5,화
2022-07-05,5호선,장한평,19636,19660,39296,-24,7,5,화
2022-07-05,5호선,군자(능동),11614,12737,24351,-1123,7,5,화
2022-07-05,5호선,아차산(어린이대공원후문),15137,14520,29657,617,7,5,화
2022-07-05,5호선,광나루(장신대),14053,12753,26806,1300,7,5,화
2022-07-05,5호선,천호(풍납토성),19579,19461,39040,118,7,5,화
2022-07-05,5호선,강동,19836,19093,38929,743,7,5,화
2022-07-05,5호선,굽은다리(강동구민회관앞),10473,10131,20604,342,7,5,화
2022-07-05,5호선,명일,9730,9871,19601,-141,7,5,화
2022-07-05,5호선,고덕,11145,10808,21953,337,7,5,화
2022-07-05,5호선,상일동,16326,15079,31405,1247,7,5,화
2022-07-05,5호선,둔촌동,8624,8750,17374,-126,7,5,화
2022-07-05,5호선,올림픽공원(한국체대),4624,3828,8452,796,7,5,화
2022-07-05,5호선,방이,7621,7974,15595,-353,7,5,화
2022-07-05,5호선,오금,4153,4164,8317,-11,7,5,화
2022-07-05,5호선,개롱,7218,7417,14635,-199,7,5,화
2022-07-05,5호선,거여,11128,10869,21997,259,7,5,화
2022-07-05,5호선,마천,7835,7420,15255,415,7,5,화
2022-07-05,5호선,강일,4777,4803,9580,-26,7,5,화
2022-07-05,5호선,미사,17476,17676,35152,-200,7,5,화
2022-07-05,5호선,하남풍산,4702,4626,9328,76,7,5,화
2022-07-05,5호선,하남시청(덕풍·신장),7584,7251,14835,333,7,5,화
2022-07-05,5호선,하남검단산,6411,6239,12650,172,7,5,화
2022-07-05,6호선,응암,18641,18381,37022,260,7,5,화
2022-07-05,6호선,역촌,4092,4735,8827,-643,7,5,화
2022-07-05,6호선,불광,4607,4657,9264,-50,7,5,화
2022-07-05,6호선,독바위,2948,3051,5999,-103,7,5,화
2022-07-05,6호선,구산,8441,6354,14795,2087,7,5,화
2022-07-05,6호선,새절(신사),13433,12581,26014,852,7,5,화
2022-07-05,6호선,증산(명지대앞),10563,10532,21095,31,7,5,화
2022-07-05,6호선,디지털미디어시티,15640,17765,33405,-2125,7,5,화
2022-07-05,6호선,월드컵경기장(성산),4617,4882,9499,-265,7,5,화
2022-07-05,6호선,마포구청,15864,14240,30104,1624,7,5,화
2022-07-05,6호선,망원,14136,14923,29059,-787,7,5,화
2022-07-05,6호선,합정,13915,13620,27535,295,7,5,화
2022-07-05,6호선,상수,9045,10128,19173,-1083,7,5,화
2022-07-05,6호선,광흥창(서강),10160,9840,20000,320,7,5,화
2022-07-05,6호선,대흥(서강대앞),9135,9404,18539,-269,7,5,화
2022-07-05,6호선,공덕,20113,19431,39544,682,7,5,화
2022-07-05,6호선,효창공원앞,7512,6720,14232,792,7,5,화
2022-07-05,6호선,삼각지,7986,7007,14993,979,7,5,화
2022-07-05,6호선,녹사평(용산구청),5021,4842,9863,179,7,5,화
2022-07-05,6호선,이태원,10296,10549,20845,-253,7,5,화
2022-07-05,6호선,한강진,8048,9243,17291,-1195,7,5,화
2022-07-05,6호선,버티고개,2360,2350,4710,10,7,5,화
2022-07-05,6호선,약수,3846,3835,7681,11,7,5,화
2022-07-05,6호선,청구,3797,3985,7782,-188,7,5,화
2022-07-05,6호선,신당,8171,8758,16929,-587,7,5,화
2022-07-05,6호선,동묘앞,8043,8271,16314,-228,7,5,화
2022-07-05,6호선,창신,3852,3145,6997,707,7,5,화
2022-07-05,6호선,보문,8131,7328,15459,803,7,5,화
2022-07-05,6호선,안암(고대병원앞),11639,11598,23237,41,7,5,화
2022-07-05,6호선,고려대(종암),8730,8481,17211,249,7,5,화
2022-07-05,6호선,월곡(동덕여대),12494,12154,24648,340,7,5,화
2022-07-05,6호선,상월곡(한국과학기술연구원),6629,5842,12471,787,7,5,화
2022-07-05,6호선,돌곶이,9800,9111,18911,689,7,5,화
2022-07-05,6호선,석계,12952,13436,26388,-484,7,5,화
2022-07-05,6호선,태릉입구,5671,6075,11746,-404,7,5,화
2022-07-05,6호선,화랑대(서울여대입구),12506,9742,22248,2764,7,5,화
2022-07-05,6호선,봉화산(서울의료원),9625,9230,18855,395,7,5,화
2022-07-05,7호선,장암,2430,948,3378,1482,7,5,화
2022-07-05,7호선,도봉산,9544,10672,20216,-1128,7,5,화
2022-07-05,7호선,수락산,13450,13353,26803,97,7,5,화
2022-07-05,7호선,마들,13789,13029,26818,760,7,5,화
2022-07-05,7호선,노원,21466,22217,43683,-751,7,5,화
2022-07-05,7호선,중계,15843,14338,30181,1505,7,5,화
2022-07-05,7호선,하계,18968,17963,36931,1005,7,5,화
2022-07-05,7호선,공릉(서울과학기술대),12617,12652,25269,-35,7,5,화
2022-07-05,7호선,태릉입구,8708,8221,16929,487,7,5,화
2022-07-05,7호선,먹골,10962,10792,21754,170,7,5,화
2022-07-05,7호선,중화,11515,11241,22756,274,7,5,화
2022-07-05,7호선,상봉(시외버스터미널),17355,16431,33786,924,7,5,화
2022-07-05,7호선,면목,15560,15307,30867,253,7,5,화
2022-07-05,7호선,사가정,16796,16645,33441,151,7,5,화
2022-07-05,7호선,용마산(용마폭포공원),6268,6097,12365,171,7,5,화
2022-07-05,7호선,중곡,12091,11091,23182,1000,7,5,화
2022-07-05,7호선,군자(능동),16026,12768,28794,3258,7,5,화
2022-07-05,7호선,어린이대공원(세종대),13378,13307,26685,71,7,5,화
2022-07-05,7호선,건대입구,13712,14308,28020,-596,7,5,화
2022-07-05,7호선,뚝섬유원지,8867,8640,17507,227,7,5,화
2022-07-05,7호선,청담,21497,24092,45589,-2595,7,5,화
2022-07-05,7호선,강남구청,18269,20109,38378,-1840,7,5,화
2022-07-05,7호선,학동,26444,27872,54316,-1428,7,5,화
2022-07-05,7호선,논현,20446,21986,42432,-1540,7,5,화
2022-07-05,7호선,반포,6323,6154,12477,169,7,5,화
2022-07-05,7호선,고속터미널,16320,13958,30278,2362,7,5,화
2022-07-05,7호선,내방,15866,16251,32117,-385,7,5,화
2022-07-05,7호선,이수,17270,16979,34249,291,7,5,화
2022-07-05,7호선,남성,12061,11242,23303,819,7,5,화
2022-07-05,7호선,숭실대입구(살피재),12786,12924,25710,-138,7,5,화
2022-07-05,7호선,상도,11844,11415,23259,429,7,5,화
2022-07-05,7호선,장승배기,9733,9629,19362,104,7,5,화
2022-07-05,7호선,신대방삼거리,16353,15610,31963,743,7,5,화
2022-07-05,7호선,보라매,8729,8643,17372,86,7,5,화
2022-07-05,7호선,신풍,12547,12205,24752,342,7,5,화
2022-07-05,7호선,대림(구로구청),8315,8251,16566,64,7,5,화
2022-07-05,7호선,남구로,17046,18079,35125,-1033,7,5,화
2022-07-05,7호선,가산디지털단지,48856,48941,97797,-85,7,5,화
2022-07-05,7호선,철산,22164,22583,44747,-419,7,5,화
2022-07-05,7호선,광명사거리,22629,22344,44973,285,7,5,화
2022-07-05,7호선,천왕,12585,11896,24481,689,7,5,화
2022-07-05,7호선,온수(성공회대입구),10869,9825,20694,1044,7,5,화
2022-07-05,8호선,암사,20006,17660,37666,2346,7,5,화
2022-07-05,8호선,천호(풍납토성),15792,18026,33818,-2234,7,5,화
2022-07-05,8호선,강동구청,11339,11739,23078,-400,7,5,화
2022-07-05,8호선,몽촌토성(평화의문),6594,7009,13603,-415,7,5,화
2022-07-05,8호선,잠실(송파구청),16221,18572,34793,-2351,7,5,화
2022-07-05,8호선,석촌,8067,9193,17260,-1126,7,5,화
2022-07-05,8호선,송파,9571,9390,18961,181,7,5,화
2022-07-05,8호선,가락시장,7892,8925,16817,-1033,7,5,화
2022-07-05,8호선,문정,23523,24875,48398,-1352,7,5,화
2022-07-05,8호선,장지,18468,17820,36288,648,7,5,화
2022-07-05,8호선,복정,9944,8289,18233,1655,7,5,화
2022-07-05,8호선,산성,5646,5722,11368,-76,7,5,화
2022-07-05,8호선,남한산성입구(성남법원.검찰청),14250,12941,27191,1309,7,5,화
2022-07-05,8호선,단대오거리,11070,10873,21943,197,7,5,화
2022-07-05,8호선,신흥,4421,4830,9251,-409,7,5,화
2022-07-05,8호선,수진,5789,5166,10955,623,7,5,화
2022-07-05,8호선,모란,4624,3799,8423,825,7,5,화
2022-07-05,8호선,남위례,5818,6012,11830,-194,7,5,화
2022-07-05,9호선,개화,2935,2014,4949,921,7,5,화
2022-07-05,9호선,김포공항,8023,12533,20556,-4510,7,5,화
2022-07-05,9호선,공항시장,3221,3526,6747,-305,7,5,화
2022-07-05,9호선,신방화,7511,7360,14871,151,7,5,화
2022-07-05,9호선,마곡나루(서울식물원),13502,13490,26992,12,7,5,화
2022-07-05,9호선,양천향교,10343,10786,21129,-443,7,5,화
2022-07-05,9호선,가양,22702,22100,44802,602,7,5,화
2022-07-05,9호선,증미,8232,8055,16287,177,7,5,화
2022-07-05,9호선,등촌,12773,12227,25000,546,7,5,화
2022-07-05,9호선,염창,18527,17961,36488,566,7,5,화
2022-07-05,9호선,신목동,4696,4029,8725,667,7,5,화
2022-07-05,9호선,선유도,9762,9407,19169,355,7,5,화
2022-07-05,9호선,당산,20022,20397,40419,-375,7,5,화
2022-07-05,9호선,국회의사당,19062,19705,38767,-643,7,5,화
2022-07-05,9호선,여의도,32180,30873,63053,1307,7,5,화
2022-07-05,9호선,샛강,6910,6971,13881,-61,7,5,화
2022-07-05,9호선,노량진,25978,25313,51291,665,7,5,화
2022-07-05,9호선,노들,4911,4052,8963,859,7,5,화
2022-07-05,9호선,흑석(중앙대입구),8782,9196,17978,-414,7,5,화
2022-07-05,9호선,동작(현충원),2075,1618,3693,457,7,5,화
2022-07-05,9호선,구반포,1274,1340,2614,-66,7,5,화
2022-07-05,9호선,신반포,4057,4011,8068,46,7,5,화
2022-07-05,9호선,고속터미널,13663,16844,30507,-3181,7,5,화
2022-07-05,9호선,사평,4591,4423,9014,168,7,5,화
2022-07-05,9호선,신논현,33551,33350,66901,201,7,5,화
2022-07-05,9호선2~3단계,언주,12103,12317,24420,-214,7,5,화
2022-07-05,9호선2~3단계,선정릉,11209,12304,23513,-1095,7,5,화
2022-07-05,9호선2~3단계,삼성중앙,8466,8843,17309,-377,7,5,화
2022-07-05,9호선2~3단계,봉은사,19995,20690,40685,-695,7,5,화
2022-07-05,9호선2~3단계,종합운동장,4727,4792,9519,-65,7,5,화
2022-07-05,9호선2~3단계,삼전,7527,7272,14799,255,7,5,화
2022-07-05,9호선2~3단계,석촌고분,6735,6739,13474,-4,7,5,화
2022-07-05,9호선2~3단계,석촌,9119,8057,17176,1062,7,5,화
2022-07-05,9호선2~3단계,송파나루,5652,6138,11790,-486,7,5,화
2022-07-05,9호선2~3단계,한성백제,2925,2523,5448,402,7,5,화
2022-07-05,9호선2~3단계,올림픽공원(한국체대),6881,6588,13469,293,7,5,화
2022-07-05,9호선2~3단계,둔촌오륜,1335,1220,2555,115,7,5,화
2022-07-05,9호선2~3단계,중앙보훈병원,12438,11237,23675,1201,7,5,화
2022-07-05,경강선,판교,5583,5588,11171,-5,7,5,화
2022-07-05,경강선,이매,1220,1106,2326,114,7,5,화
2022-07-05,경강선,삼동,2746,2457,5203,289,7,5,화
2022-07-05,경강선,경기광주,8290,7768,16058,522,7,5,화
2022-07-05,경강선,초월,3435,3234,6669,201,7,5,화
2022-07-05,경강선,곤지암,2290,2195,4485,95,7,5,화
2022-07-05,경강선,신둔도예촌,1551,1514,3065,37,7,5,화
2022-07-05,경강선,이천,2719,2773,5492,-54,7,5,화
2022-07-05,경강선,부발,2124,2161,4285,-37,7,5,화
2022-07-05,경강선,세종대왕릉,328,340,668,-12,7,5,화
2022-07-05,경강선,여주,2267,2262,4529,5,7,5,화
2022-07-05,경부선,서울역,6580,1926,8506,4654,7,5,화
2022-07-05,경부선,남영,10138,10560,20698,-422,7,5,화
2022-07-05,경부선,용산,37434,38393,75827,-959,7,5,화
2022-07-05,경부선,노량진,7703,7521,15224,182,7,5,화
2022-07-05,경부선,대방,12057,12941,24998,-884,7,5,화
2022-07-05,경부선,영등포,39864,41333,81197,-1469,7,5,화
2022-07-05,경부선,신도림,4262,4107,8369,155,7,5,화
2022-07-05,경부선,신길,9553,8201,17754,1352,7,5,화
2022-07-05,경부선,구로,19449,19783,39232,-334,7,5,화
2022-07-05,경부선,가산디지털단지,19651,22864,42515,-3213,7,5,화
2022-07-05,경부선,금천구청,12169,12026,24195,143,7,5,화
2022-07-05,경부선,석수,9992,9057,19049,935,7,5,화
2022-07-05,경부선,관악,7623,7219,14842,404,7,5,화
2022-07-05,경부선,안양,22747,22378,45125,369,7,5,화
2022-07-05,경부선,명학,9935,9720,19655,215,7,5,화
2022-07-05,경부선,금정,28240,28490,56730,-250,7,5,화
2022-07-05,경부선,군포,7930,7873,15803,57,7,5,화
2022-07-05,경부선,의왕,9347,9269,18616,78,7,5,화
2022-07-05,경부선,성균관대,14581,14501,29082,80,7,5,화
2022-07-05,경부선,화서,8659,8358,17017,301,7,5,화
2022-07-05,경부선,수원,34290,36513,70803,-2223,7,5,화
2022-07-05,경부선,독산,19937,20753,40690,-816,7,5,화
2022-07-05,경부선,세류,3552,3164,6716,388,7,5,화
2022-07-05,경부선,병점,14602,14482,29084,120,7,5,화
2022-07-05,경부선,세마,3168,2940,6108,228,7,5,화
2022-07-05,경부선,오산대,3632,3423,7055,209,7,5,화
2022-07-05,경부선,오산,9849,9864,19713,-15,7,5,화
2022-07-05,경부선,진위,1900,1708,3608,192,7,5,화
2022-07-05,경부선,송탄,4259,4162,8421,97,7,5,화
2022-07-05,경부선,서정리,6990,6577,13567,413,7,5,화
2022-07-05,경부선,평택지제,3816,3664,7480,152,7,5,화
2022-07-05,경부선,평택,11322,11431,22753,-109,7,5,화
2022-07-05,경부선,성환,3449,3395,6844,54,7,5,화
2022-07-05,경부선,직산,911,871,1782,40,7,5,화
2022-07-05,경부선,두정,5427,5573,11000,-146,7,5,화
2022-07-05,경부선,천안,5169,5394,10563,-225,7,5,화
2022-07-05,경부선,당정,6656,6297,12953,359,7,5,화
2022-07-05,경부선,서동탄,1505,1289,2794,216,7,5,화
2022-07-05,경부선,광명,3491,3021,6512,470,7,5,화
2022-07-05,경원선,이촌(국립중앙박물관),4211,3296,7507,915,7,5,화
2022-07-05,경원선,서빙고,2198,2081,4279,117,7,5,화
2022-07-05,경원선,한남,4327,4230,8557,97,7,5,화
2022-07-05,경원선,옥수,35,31,66,4,7,5,화
2022-07-05,경원선,응봉,2053,1787,3840,266,7,5,화
2022-07-05,경원선,왕십리(성동구청),15871,17537,33408,-1666,7,5,화
2022-07-05,경원선,청량리(서울시립대입구),15338,16095,31433,-757,7,5,화
2022-07-05,경원선,외대앞,8049,7818,15867,231,7,5,화
2022-07-05,경원선,신이문,8966,8247,17213,719,7,5,화
2022-07-05,경원선,석계,8395,9408,17803,-1013,7,5,화
2022-07-05,경원선,광운대,8041,7567,15608,474,7,5,화
2022-07-05,경원선,월계,6915,6597,13512,318,7,5,화
2022-07-05,경원선,녹천,5293,4272,9565,1021,7,5,화
2022-07-05,경원선,창동,2,0,2,2,7,5,화
2022-07-05,경원선,방학,10381,10127,20508,254,7,5,화
2022-07-05,경원선,도봉,6562,6208,12770,354,7,5,화
2022-07-05,경원선,도봉산,7649,4884,12533,2765,7,5,화
2022-07-05,경원선,망월사,8061,8130,16191,-69,7,5,화
2022-07-05,경원선,회룡,13146,13059,26205,87,7,5,화
2022-07-05,경원선,의정부,18923,19598,38521,-675,7,5,화
2022-07-05,경원선,가능,7233,6946,14179,287,7,5,화
2022-07-05,경원선,녹양,4887,4644,9531,243,7,5,화
2022-07-05,경원선,양주,7921,7546,15467,375,7,5,화
2022-07-05,경원선,덕계,3468,3126,6594,342,7,5,화
2022-07-05,경원선,덕정,5796,5463,11259,333,7,5,화
2022-07-05,경원선,지행,6699,6688,13387,11,7,5,화
2022-07-05,경원선,동두천중앙,3469,3365,6834,104,7,5,화
2022-07-05,경원선,보산,1612,1480,3092,132,7,5,화
2022-07-05,경원선,동두천,2409,2579,4988,-170,7,5,화
2022-07-05,경원선,소요산,2988,2478,5466,510,7,5,화
2022-07-05,경의선,서울역,4969,6303,11272,-1334,7,5,화
2022-07-05,경의선,신촌,967,1297,2264,-330,7,5,화
2022-07-05,경의선,효창공원앞,3145,3547,6692,-402,7,5,화
2022-07-05,경의선,공덕,3951,3548,7499,403,7,5,화
2022-07-05,경의선,서강대,2227,2295,4522,-68,7,5,화
2022-07-05,경의선,홍대입구,1800,2254,4054,-454,7,5,화
2022-07-05,경의선,가좌,5931,5612,11543,319,7,5,화
2022-07-05,경의선,디지털미디어시티,2830,2532,5362,298,7,5,화
2022-07-05,경의선,수색,3365,3535,6900,-170,7,5,화
2022-07-05,경의선,화전,2306,2243,4549,63,7,5,화
2022-07-05,경의선,강매,3504,2963,6467,541,7,5,화
2022-07-05,경의선,행신,8751,8682,17433,69,7,5,화
2022-07-05,경의선,능곡,4142,3795,7937,347,7,5,화
2022-07-05,경의선,곡산,696,722,1418,-26,7,5,화
2022-07-05,경의선,백마,7481,7246,14727,235,7,5,화
2022-07-05,경의선,풍산,6010,5551,11561,459,7,5,화
2022-07-05,경의선,일산,10224,10028,20252,196,7,5,화
2022-07-05,경의선,탄현,8432,8015,16447,417,7,5,화
2022-07-05,경의선,야당,8439,8253,16692,186,7,5,화
2022-07-05,경의선,운정,7576,6957,14533,619,7,5,화
2022-07-05,경의선,금릉,5234,5074,10308,160,7,5,화
2022-07-05,경의선,금촌,6652,6540,13192,112,7,5,화
2022-07-05,경의선,월롱,2792,2656,5448,136,7,5,화
2022-07-05,경의선,파주,1106,727,1833,379,7,5,화
2022-07-05,경의선,문산,5794,5673,11467,121,7,5,화
2022-07-05,경의선,임진강,12,3,15,9,7,5,화
2022-07-05,경인선,개봉,22673,22266,44939,407,7,5,화
2022-07-05,경인선,오류동,12381,11428,23809,953,7,5,화
2022-07-05,경인선,역곡,28256,28471,56727,-215,7,5,화
2022-07-05,경인선,부천,32726,32788,65514,-62,7,5,화
2022-07-05,경인선,송내,28847,28784,57631,63,7,5,화
2022-07-05,경인선,부평,30484,31590,62074,-1106,7,5,화
2022-07-05,경인선,백운,7369,7247,14616,122,7,5,화
2022-07-05,경인선,동암,16043,16069,32112,-26,7,5,화
2022-07-05,경인선,주안,19359,17435,36794,1924,7,5,화
2022-07-05,경인선,제물포,11201,10551,21752,650,7,5,화
2022-07-05,경인선,동인천,14018,13418,27436,600,7,5,화
2022-07-05,경인선,인천,3794,2954,6748,840,7,5,화
2022-07-05,경인선,구일,6648,6483,13131,165,7,5,화
2022-07-05,경인선,소사,8880,8450,17330,430,7,5,화
2022-07-05,경인선,부개,9481,8763,18244,718,7,5,화
2022-07-05,경인선,간석,6467,6130,12597,337,7,5,화
2022-07-05,경인선,도원,3774,3630,7404,144,7,5,화
2022-07-05,경인선,온수(성공회대입구),7276,6728,14004,548,7,5,화
2022-07-05,경인선,중동,10078,9382,19460,696,7,5,화
2022-07-05,경인선,도화,4429,4129,8558,300,7,5,화
2022-07-05,경춘선,신내,2431,2296,4727,135,7,5,화
2022-07-05,경춘선,갈매,3262,2855,6117,407,7,5,화
2022-07-05,경춘선,별내,3339,3167,6506,172,7,5,화
2022-07-05,경춘선,퇴계원,3789,3358,7147,431,7,5,화
2022-07-05,경춘선,사릉,2568,2439,5007,129,7,5,화
2022-07-05,경춘선,금곡,1593,1539,3132,54,7,5,화
2022-07-05,경춘선,평내호평,6658,6564,13222,94,7,5,화
2022-07-05,경춘선,천마산,1760,1659,3419,101,7,5,화
2022-07-05,경춘선,마석,4154,4038,8192,116,7,5,화
2022-07-05,경춘선,대성리,1399,1025,2424,374,7,5,화
2022-07-05,경춘선,청평,2183,2084,4267,99,7,5,화
2022-07-05,경춘선,상천,321,264,585,57,7,5,화
2022-07-05,경춘선,가평,2735,2379,5114,356,7,5,화
2022-07-05,경춘선,굴봉산,142,128,270,14,7,5,화
2022-07-05,경춘선,백양리,98,91,189,7,7,5,화
2022-07-05,경춘선,강촌,425,393,818,32,7,5,화
2022-07-05,경춘선,김유정,291,336,627,-45,7,5,화
2022-07-05,경춘선,남춘천,2371,2453,4824,-82,7,5,화
2022-07-05,경춘선,춘천,1349,1204,2553,145,7,5,화
2022-07-05,공항철도 1호선,서울역,8545,7730,16275,815,7,5,화
2022-07-05,공항철도 1호선,공덕,2577,3440,6017,-863,7,5,화
2022-07-05,공항철도 1호선,홍대입구,11249,11163,22412,86,7,5,화
2022-07-05,공항철도 1호선,디지털미디어시티,16475,15129,31604,1346,7,5,화
2022-07-05,공항철도 1호선,마곡나루(서울식물원),10499,9988,20487,511,7,5,화
2022-07-05,공항철도 1호선,김포공항,11154,5684,16838,5470,7,5,화
2022-07-05,공항철도 1호선,계양,11814,11029,22843,785,7,5,화
2022-07-05,공항철도 1호선,검암,7125,7047,14172,78,7,5,화
2022-07-05,공항철도 1호선,청라국제도시,7801,7415,15216,386,7,5,화
2022-07-05,공항철도 1호선,운서,7855,7863,15718,-8,7,5,화
2022-07-05,공항철도 1호선,공항화물청사,2587,2715,5302,-128,7,5,화
2022-07-05,공항철도 1호선,인천공항1터미널,7455,7244,14699,211,7,5,화
2022-07-05,공항철도 1호선,인천공항2터미널,3655,3385,7040,270,7,5,화
2022-07-05,공항철도 1호선,영종,3418,3598,7016,-180,7,5,화
2022-07-05,과천선,선바위,8360,7411,15771,949,7,5,화
2022-07-05,과천선,경마공원,1607,1522,3129,85,7,5,화
2022-07-05,과천선,대공원,3266,3343,6609,-77,7,5,화
2022-07-05,과천선,과천,6990,6607,13597,383,7,5,화
2022-07-05,과천선,정부과천청사,12536,12267,24803,269,7,5,화
2022-07-05,과천선,인덕원,25560,26417,51977,-857,7,5,화
2022-07-05,과천선,평촌,19119,19055,38174,64,7,5,화
2022-07-05,과천선,범계,27464,27319,54783,145,7,5,화
2022-07-05,분당선,선릉,15505,23605,39110,-8100,7,5,화
2022-07-05,분당선,한티,15902,16929,32831,-1027,7,5,화
2022-07-05,분당선,도곡,7768,7647,15415,121,7,5,화
2022-07-05,분당선,구룡,2500,2416,4916,84,7,5,화
2022-07-05,분당선,개포동,4366,4477,8843,-111,7,5,화
2022-07-05,분당선,대모산입구,5239,4778,10017,461,7,5,화
2022-07-05,분당선,수서,14573,14810,29383,-237,7,5,화
2022-07-05,분당선,복정,2,0,2,2,7,5,화
2022-07-05,분당선,수원,8174,6836,15010,1338,7,5,화
2022-07-05,분당선,서울숲,12249,12802,25051,-553,7,5,화
2022-07-05,분당선,압구정로데오,20362,22499,42861,-2137,7,5,화
2022-07-05,분당선,강남구청,10351,12042,22393,-1691,7,5,화
2022-07-05,분당선,선정릉,8756,9182,17938,-426,7,5,화
2022-07-05,분당선,가천대,7647,8405,16052,-758,7,5,화
2022-07-05,분당선,태평,14097,13408,27505,689,7,5,화
2022-07-05,분당선,모란,20553,20458,41011,95,7,5,화
2022-07-05,분당선,야탑,27838,28865,56703,-1027,7,5,화
2022-07-05,분당선,서현,27812,28268,56080,-456,7,5,화
2022-07-05,분당선,수내,15395,15205,30600,190,7,5,화
2022-07-05,분당선,정자,20209,21606,41815,-1397,7,5,화
2022-07-05,분당선,미금,16609,17706,34315,-1097,7,5,화
2022-07-05,분당선,오리,12437,10218,22655,2219,7,5,화
2022-07-05,분당선,이매,6297,5771,12068,526,7,5,화
2022-07-05,분당선,보정,2978,2611,5589,367,7,5,화
2022-07-05,분당선,죽전,14135,15553,29688,-1418,7,5,화
2022-07-05,분당선,구성,5439,5729,11168,-290,7,5,화
2022-07-05,분당선,신갈,5102,4998,10100,104,7,5,화
2022-07-05,분당선,기흥,10921,10200,21121,721,7,5,화
2022-07-05,분당선,상갈,5802,5646,11448,156,7,5,화
2022-07-05,분당선,영통,8857,9189,18046,-332,7,5,화
2022-07-06,분당선,서현,27140,27488,54628,-348,7,6,수
2022-07-06,분당선,수내,15288,15181,30469,107,7,6,수
2022-07-06,분당선,정자,20331,21682,42013,-1351,7,6,수
2022-07-06,분당선,미금,17142,18154,35296,-1012,7,6,수
2022-07-06,분당선,오리,12836,10619,23455,2217,7,6,수
2022-07-06,분당선,이매,6158,5749,11907,409,7,6,수
2022-07-06,분당선,보정,2942,2513,5455,429,7,6,수
2022-07-06,분당선,죽전,14090,15777,29867,-1687,7,6,수
2022-07-06,분당선,대모산입구,5068,4772,9840,296,7,6,수
2022-07-06,분당선,수서,14437,15075,29512,-638,7,6,수
2022-07-06,분당선,수원,8292,6921,15213,1371,7,6,수
2022-07-06,분당선,매탄권선,5605,5469,11074,136,7,6,수
2022-07-06,분당선,수원시청,13518,14462,27980,-944,7,6,수
2022-07-06,분당선,매교,3325,3297,6622,28,7,6,수
2022-07-06,안산선,정왕,8007,8442,16449,-435,7,6,수
2022-07-06,안산선,오이도,9108,8674,17782,434,7,6,수
2022-07-06,수인선,고색,4940,4591,9531,349,7,6,수
2022-07-06,중앙선,아신,582,552,1134,30,7,6,수
2022-07-06,중앙선,국수,800,820,1620,-20,7,6,수
2022-07-06,중앙선,신원,206,191,397,15,7,6,수
2022-07-06,중앙선,양수,2200,2183,4383,17,7,6,수
2022-07-06,중앙선,운길산,738,723,1461,15,7,6,수
2022-07-06,중앙선,팔당,945,955,1900,-10,7,6,수
2022-07-06,중앙선,도심,2744,2129,4873,615,7,6,수
2022-07-06,중앙선,덕소,5931,5921,11852,10,7,6,수
2022-07-06,중앙선,양정,771,646,1417,125,7,6,수
2022-07-06,중앙선,도농,12008,10829,22837,1179,7,6,수
2022-07-06,중앙선,구리,14154,14226,28380,-72,7,6,수
2022-07-06,중앙선,양원,3567,3448,7015,119,7,6,수
2022-07-06,중앙선,망우,8132,7996,16128,136,7,6,수
2022-07-06,중앙선,상봉(시외버스터미널),6045,5970,12015,75,7,6,수
2022-07-06,중앙선,중랑,6072,5657,11729,415,7,6,수
2022-07-06,중앙선,회기,25742,25228,50970,514,7,6,수
2022-07-06,장항선,신창(순천향대),1341,1270,2611,71,7,6,수
2022-07-06,장항선,온양온천,3535,3571,7106,-36,7,6,수
2022-07-06,장항선,배방,1161,1087,2248,74,7,6,수
2022-07-06,장항선,탕정,927,793,1720,134,7,6,수
2022-07-06,장항선,아산,2933,2728,5661,205,7,6,수
2022-07-06,장항선,쌍용(나사렛대),2052,1921,3973,131,7,6,수
2022-07-06,장항선,봉명,1368,1378,2746,-10,7,6,수
2022-07-06,일산선,대화,14970,11819,26789,3151,7,6,수
2022-07-06,일산선,주엽,9960,9972,19932,-12,7,6,수
2022-07-06,일산선,정발산,7905,8055,15960,-150,7,6,수
2022-07-06,일산선,마두,8315,8564,16879,-249,7,6,수
2022-07-06,일산선,백석,10582,10461,21043,121,7,6,수
2022-07-06,일산선,대곡,2294,1871,4165,423,7,6,수
2022-07-06,안산선,수리산,4454,3638,8092,816,7,6,수
2022-07-06,우이신설선,북한산우이,2830,2618,5448,212,7,6,수
2022-07-06,우이신설선,솔밭공원,2768,2668,5436,100,7,6,수
2022-07-06,우이신설선,4.19민주묘지,3024,2866,5890,158,7,6,수
2022-07-06,우이신설선,가오리,4628,4656,9284,-28,7,6,수
2022-07-06,우이신설선,화계,3629,3499,7128,130,7,6,수
2022-07-06,우이신설선,삼양,2183,2406,4589,-223,7,6,수
2022-07-06,우이신설선,삼양사거리,2664,2712,5376,-48,7,6,수
2022-07-06,우이신설선,솔샘,6435,6109,12544,326,7,6,수
2022-07-06,우이신설선,북한산보국문,6261,6180,12441,81,7,6,수
2022-07-06,우이신설선,정릉,4816,4588,9404,228,7,6,수
2022-07-06,우이신설선,성신여대입구(돈암),3760,4047,7807,-287,7,6,수
2022-07-06,우이신설선,보문,1673,1685,3358,-12,7,6,수
2022-07-06,우이신설선,신설동,2346,2258,4604,88,7,6,수
2022-07-06,일산선,원흥,12331,11613,23944,718,7,6,수
2022-07-06,일산선,지축,1,0,1,1,7,6,수
2022-07-06,일산선,삼송,21051,20484,41535,567,7,6,수
2022-07-06,일산선,원당,11511,10779,22290,732,7,6,수
2022-07-06,수인선,오목천,3191,2948,6139,243,7,6,수
2022-07-06,수인선,어천,880,839,1719,41,7,6,수
2022-07-06,수인선,야목,416,296,712,120,7,6,수
2022-07-06,수인선,사리,5165,4409,9574,756,7,6,수
2022-07-06,수인선,달월,130,74,204,56,7,6,수
2022-07-06,수인선,월곶,3131,2905,6036,226,7,6,수
2022-07-06,수인선,소래포구,5174,4824,9998,350,7,6,수
2022-07-06,수인선,인천논현,5924,6452,12376,-528,7,6,수
2022-07-06,수인선,호구포,4413,4626,9039,-213,7,6,수
2022-07-06,수인선,남동인더스파크,2466,2724,5190,-258,7,6,수
2022-07-06,수인선,원인재,4629,4712,9341,-83,7,6,수
2022-07-06,수인선,연수,4731,4780,9511,-49,7,6,수
2022-07-06,수인선,송도,2485,2396,4881,89,7,6,수
2022-07-06,수인선,인하대,6194,5834,12028,360,7,6,수
2022-07-06,수인선,숭의,4317,4097,8414,220,7,6,수
2022-07-06,수인선,신포,1931,1928,3859,3,7,6,수
2022-07-06,수인선,인천,1139,1796,2935,-657,7,6,수
2022-07-06,신림선,샛강,2264,2718,4982,-454,7,6,수
2022-07-06,신림선,대방,1996,1567,3563,429,7,6,수
2022-07-06,신림선,서울지방병무청,2247,2595,4842,-348,7,6,수
2022-07-06,신림선,보라매,2869,2763,5632,106,7,6,수
2022-07-06,신림선,보라매공원,1752,1883,3635,-131,7,6,수
2022-07-06,신림선,보라매병원,6885,7109,13994,-224,7,6,수
2022-07-06,신림선,당곡,3793,3765,7558,28,7,6,수
2022-07-06,신림선,신림,1721,2322,4043,-601,7,6,수
2022-07-06,분당선,구성,5446,5648,11094,-202,7,6,수
2022-07-06,분당선,신갈,4959,5003,9962,-44,7,6,수
2022-07-06,분당선,기흥,10913,10226,21139,687,7,6,수
2022-07-06,분당선,상갈,5702,5629,11331,73,7,6,수
2022-07-06,분당선,청명,4695,4532,9227,163,7,6,수
2022-07-06,분당선,영통,8914,9169,18083,-255,7,6,수
2022-07-06,분당선,망포,15773,15027,30800,746,7,6,수
2022-07-06,신림선,서원,2916,2868,5784,48,7,6,수
2022-07-06,신림선,서울대벤처타운,6317,6537,12854,-220,7,6,수
2022-07-06,신림선,관악산(서울대),2940,2957,5897,-17,7,6,수
2022-07-06,일산선,화정,17915,18159,36074,-244,7,6,수
2022-07-06,안산선,산본,16548,17925,34473,-1377,7,6,수
2022-07-06,경원선,창동,1,0,1,1,7,6,수
2022-07-06,안산선,대야미,5185,4712,9897,473,7,6,수
2022-07-06,안산선,반월,4613,4493,9106,120,7,6,수
2022-07-06,안산선,상록수,15954,16298,32252,-344,7,6,수
2022-07-06,안산선,한대앞,9500,9582,19082,-82,7,6,수
2022-07-06,안산선,중앙,18678,19370,38048,-692,7,6,수
2022-07-06,안산선,고잔,9259,8978,18237,281,7,6,수
2022-07-06,안산선,초지,5102,5144,10246,-42,7,6,수
2022-07-06,경원선,망월사,8047,8113,16160,-66,7,6,수
2022-07-06,경춘선,천마산,1836,1663,3499,173,7,6,수
2022-07-06,안산선,안산,12069,11073,23142,996,7,6,수
2022-07-06,경춘선,마석,4007,4044,8051,-37,7,6,수
2022-07-06,9호선,선유도,10058,9688,19746,370,7,6,수
2022-07-06,안산선,신길온천,1868,1656,3524,212,7,6,수
2022-07-06,경춘선,대성리,1081,960,2041,121,7,6,수
2022-07-06,중앙선,오빈,357,352,709,5,7,6,수
2022-07-06,중앙선,양평,2890,2889,5779,1,7,6,수
2022-07-06,중앙선,원덕,384,372,756,12,7,6,수
2022-07-06,중앙선,용문,2062,2049,4111,13,7,6,수
2022-07-06,중앙선,지평,98,94,192,4,7,6,수
2022-07-06,경춘선,청평,2091,2000,4091,91,7,6,수
2022-07-06,경춘선,상천,263,271,534,-8,7,6,수
2022-07-06,경춘선,가평,2383,2232,4615,151,7,6,수
2022-07-06,경춘선,굴봉산,153,130,283,23,7,6,수
2022-07-06,경춘선,백양리,128,87,215,41,7,6,수
2022-07-06,경춘선,강촌,433,401,834,32,7,6,수
2022-07-06,경춘선,김유정,343,336,679,7,7,6,수
2022-07-06,경춘선,남춘천,2368,2337,4705,31,7,6,수
2022-07-06,경춘선,춘천,1197,1127,2324,70,7,6,수
2022-07-06,공항철도 1호선,서울역,8818,8006,16824,812,7,6,수
2022-07-06,공항철도 1호선,공덕,2677,3469,6146,-792,7,6,수
2022-07-06,공항철도 1호선,홍대입구,11033,11106,22139,-73,7,6,수
2022-07-06,공항철도 1호선,디지털미디어시티,16375,15031,31406,1344,7,6,수
2022-07-06,공항철도 1호선,마곡나루(서울식물원),10449,9739,20188,710,7,6,수
2022-07-06,공항철도 1호선,김포공항,11723,7098,18821,4625,7,6,수
2022-07-06,공항철도 1호선,계양,11897,10859,22756,1038,7,6,수
2022-07-06,공항철도 1호선,검암,7115,7088,14203,27,7,6,수
2022-07-06,공항철도 1호선,청라국제도시,7707,7267,14974,440,7,6,수
2022-07-06,공항철도 1호선,운서,7801,7874,15675,-73,7,6,수
2022-07-06,공항철도 1호선,공항화물청사,2481,2641,5122,-160,7,6,수
2022-07-06,공항철도 1호선,인천공항1터미널,7534,7555,15089,-21,7,6,수
2022-07-06,경원선,회룡,13530,13185,26715,345,7,6,수
2022-07-06,경원선,의정부,18997,19952,38949,-955,7,6,수
2022-07-06,경원선,가능,7109,6775,13884,334,7,6,수
2022-07-06,경원선,녹양,4927,4570,9497,357,7,6,수
2022-07-06,경원선,양주,7841,7425,15266,416,7,6,수
2022-07-06,경원선,덕계,3502,3081,6583,421,7,6,수
2022-07-06,경원선,덕정,5692,5458,11150,234,7,6,수
2022-07-06,경원선,지행,6864,6815,13679,49,7,6,수
2022-07-06,경원선,동두천중앙,3320,3178,6498,142,7,6,수
2022-07-06,경원선,보산,1754,1625,3379,129,7,6,수
2022-07-06,경원선,동두천,2311,2511,4822,-200,7,6,수
2022-07-06,경원선,소요산,2902,2451,5353,451,7,6,수
2022-07-06,경의선,서울역,4893,6168,11061,-1275,7,6,수
2022-07-06,경의선,신촌,983,1249,2232,-266,7,6,수
2022-07-06,경의선,효창공원앞,3280,3803,7083,-523,7,6,수
2022-07-06,경의선,공덕,4272,3720,7992,552,7,6,수
2022-07-06,경의선,서강대,2300,2277,4577,23,7,6,수
2022-07-06,경의선,홍대입구,1814,2339,4153,-525,7,6,수
2022-07-06,경의선,가좌,5870,5621,11491,249,7,6,수
2022-07-06,경의선,디지털미디어시티,2861,2622,5483,239,7,6,수
2022-07-06,경의선,수색,3091,3326,6417,-235,7,6,수
2022-07-06,경의선,화전,2078,1952,4030,126,7,6,수
2022-07-06,경의선,강매,3589,3082,6671,507,7,6,수
2022-07-06,경의선,행신,9130,8971,18101,159,7,6,수
2022-07-06,경의선,능곡,4181,3839,8020,342,7,6,수
2022-07-06,경의선,곡산,681,729,1410,-48,7,6,수
2022-07-06,경의선,백마,7573,7165,14738,408,7,6,수
2022-07-06,9호선,신목동,4845,4180,9025,665,7,6,수
2022-07-06,9호선,염창,18707,18062,36769,645,7,6,수
2022-07-06,9호선,등촌,12642,12298,24940,344,7,6,수
2022-07-06,9호선,증미,8125,8128,16253,-3,7,6,수
2022-07-06,9호선,가양,22765,22309,45074,456,7,6,수
2022-07-06,9호선,양천향교,10290,10645,20935,-355,7,6,수
2022-07-06,9호선,마곡나루(서울식물원),13868,13401,27269,467,7,6,수
2022-07-06,9호선,신방화,7610,7507,15117,103,7,6,수
2022-07-06,9호선,공항시장,3203,3518,6721,-315,7,6,수
2022-07-06,9호선,김포공항,8250,12491,20741,-4241,7,6,수
2022-07-06,9호선,개화,2907,2003,4910,904,7,6,수
2022-07-06,8호선,남위례,5880,6006,11886,-126,7,6,수
2022-07-06,8호선,모란,4616,3697,8313,919,7,6,수
2022-07-06,8호선,수진,5839,5411,11250,428,7,6,수
2022-07-06,8호선,신흥,4543,5023,9566,-480,7,6,수
2022-07-06,8호선,단대오거리,11037,10912,21949,125,7,6,수
2022-07-06,8호선,남한산성입구(성남법원.검찰청),14518,13090,27608,1428,7,6,수
2022-07-06,8호선,산성,5686,5679,11365,7,7,6,수
2022-07-06,8호선,복정,10015,8427,18442,1588,7,6,수
2022-07-06,경의선,풍산,5906,5422,11328,484,7,6,수
2022-07-06,경의선,일산,10194,10025,20219,169,7,6,수
2022-07-06,경의선,탄현,8366,8072,16438,294,7,6,수
2022-07-06,경의선,야당,8405,8355,16760,50,7,6,수
2022-07-06,경의선,운정,7467,6864,14331,603,7,6,수
2022-07-06,경의선,금릉,5261,4989,10250,272,7,6,수
2022-07-06,경의선,금촌,7258,7272,14530,-14,7,6,수
2022-07-06,경의선,월롱,2982,2780,5762,202,7,6,수
2022-07-06,경의선,파주,1137,732,1869,405,7,6,수
2022-07-06,경의선,문산,5684,5513,11197,171,7,6,수
2022-07-06,경의선,임진강,14,7,21,7,7,6,수
2022-07-06,경의선,김포공항,1,0,1,1,7,6,수
2022-07-06,경인선,개봉,22752,22180,44932,572,7,6,수
2022-07-06,경인선,오류동,12684,11656,24340,1028,7,6,수
2022-07-06,경인선,역곡,28241,28131,56372,110,7,6,수
2022-07-06,경인선,부천,33667,33703,67370,-36,7,6,수
2022-07-06,경인선,송내,29350,28932,58282,418,7,6,수
2022-07-06,경인선,부평,30760,32394,63154,-1634,7,6,수
2022-07-06,경인선,백운,7360,7245,14605,115,7,6,수
2022-07-06,경인선,동암,16327,16057,32384,270,7,6,수
2022-07-06,경인선,주안,19993,18089,38082,1904,7,6,수
2022-07-06,경인선,제물포,11300,10962,22262,338,7,6,수
2022-07-06,경인선,동인천,15253,14474,29727,779,7,6,수
2022-07-06,경인선,인천,3849,2909,6758,940,7,6,수
2022-07-06,경인선,구일,6699,6545,13244,154,7,6,수
2022-07-06,경인선,소사,8827,8588,17415,239,7,6,수
2022-07-06,경인선,부개,9360,8760,18120,600,7,6,수
2022-07-06,7호선,장암,2540,926,3466,1614,7,6,수
2022-07-06,6호선,봉화산(서울의료원),9481,8941,18422,540,7,6,수
2022-07-06,6호선,화랑대(서울여대입구),12566,9841,22407,2725,7,6,수
2022-07-06,6호선,태릉입구,5825,6180,12005,-355,7,6,수
2022-07-06,6호선,석계,13120,13656,26776,-536,7,6,수
2022-07-06,6호선,돌곶이,10001,9267,19268,734,7,6,수
2022-07-06,6호선,상월곡(한국과학기술연구원),6591,6009,12600,582,7,6,수
2022-07-06,6호선,월곡(동덕여대),12404,12335,24739,69,7,6,수
2022-07-06,6호선,고려대(종암),8865,8766,17631,99,7,6,수
2022-07-06,6호선,안암(고대병원앞),11866,11857,23723,9,7,6,수
2022-07-06,6호선,보문,8201,7569,15770,632,7,6,수
2022-07-06,6호선,창신,3874,3174,7048,700,7,6,수
2022-07-06,경인선,간석,6543,6089,12632,454,7,6,수
2022-07-06,경인선,도원,4908,4833,9741,75,7,6,수
2022-07-06,경인선,온수(성공회대입구),7226,6810,14036,416,7,6,수
2022-07-06,경인선,중동,9979,9445,19424,534,7,6,수
2022-07-06,경인선,도화,4680,4283,8963,397,7,6,수
2022-07-06,경춘선,신내,2403,2312,4715,91,7,6,수
2022-07-06,경춘선,갈매,3226,2760,5986,466,7,6,수
2022-07-06,경춘선,별내,3394,3197,6591,197,7,6,수
2022-07-06,경춘선,퇴계원,3734,3421,7155,313,7,6,수
2022-07-06,경춘선,사릉,2500,2402,4902,98,7,6,수
2022-07-06,경춘선,금곡,1565,1560,3125,5,7,6,수
2022-07-06,경춘선,평내호평,6810,6578,13388,232,7,6,수
2022-07-06,공항철도 1호선,인천공항2터미널,3747,3668,7415,79,7,6,수
2022-07-06,공항철도 1호선,영종,3560,3516,7076,44,7,6,수
2022-07-06,과천선,선바위,8417,7605,16022,812,7,6,수
2022-07-06,과천선,경마공원,1718,1733,3451,-15,7,6,수
2022-07-06,과천선,대공원,3175,3229,6404,-54,7,6,수
2022-07-06,과천선,과천,7145,6809,13954,336,7,6,수
2022-07-06,과천선,정부과천청사,12480,12365,24845,115,7,6,수
2022-07-06,과천선,인덕원,25648,26847,52495,-1199,7,6,수
2022-07-06,과천선,평촌,19386,19063,38449,323,7,6,수
2022-07-06,과천선,범계,28085,27860,55945,225,7,6,수
2022-07-06,분당선,선릉,15257,23286,38543,-8029,7,6,수
2022-07-06,분당선,한티,16082,17157,33239,-1075,7,6,수
2022-07-06,분당선,도곡,7897,7935,15832,-38,7,6,수
2022-07-06,분당선,구룡,2502,2405,4907,97,7,6,수
2022-07-06,9호선,국회의사당,18509,18959,37468,-450,7,6,수
2022-07-06,9호선,당산,20559,20711,41270,-152,7,6,수
2022-07-06,8호선,장지,18924,18275,37199,649,7,6,수
2022-07-06,8호선,문정,23605,24991,48596,-1386,7,6,수
2022-07-06,8호선,가락시장,8221,8903,17124,-682,7,6,수
2022-07-06,8호선,송파,9482,9378,18860,104,7,6,수
2022-07-06,8호선,석촌,8143,9375,17518,-1232,7,6,수
2022-07-06,8호선,잠실(송파구청),16479,18973,35452,-2494,7,6,수
2022-07-06,8호선,몽촌토성(평화의문),6421,6713,13134,-292,7,6,수
2022-07-06,8호선,강동구청,11072,11553,22625,-481,7,6,수
2022-07-06,8호선,천호(풍납토성),15519,17747,33266,-2228,7,6,수
2022-07-06,8호선,암사,20147,17761,37908,2386,7,6,수
2022-07-06,7호선,온수(성공회대입구),11042,10080,21122,962,7,6,수
2022-07-06,7호선,천왕,12513,12156,24669,357,7,6,수
2022-07-06,7호선,광명사거리,22858,22599,45457,259,7,6,수
2022-07-06,7호선,철산,22522,22902,45424,-380,7,6,수
2022-07-06,7호선,가산디지털단지,49067,48792,97859,275,7,6,수
2022-07-06,7호선,남구로,16858,18043,34901,-1185,7,6,수
2022-07-06,7호선,대림(구로구청),8131,8303,16434,-172,7,6,수
2022-07-06,7호선,신풍,12549,12152,24701,397,7,6,수
2022-07-06,7호선,보라매,8525,8527,17052,-2,7,6,수
2022-07-06,7호선,신대방삼거리,16346,15738,32084,608,7,6,수
2022-07-06,7호선,장승배기,9834,9618,19452,216,7,6,수
2022-07-06,7호선,상도,11706,11337,23043,369,7,6,수
2022-07-06,7호선,숭실대입구(살피재),13134,13145,26279,-11,7,6,수
2022-07-06,7호선,남성,12202,11337,23539,865,7,6,수
2022-07-06,7호선,이수,17702,17190,34892,512,7,6,수
2022-07-06,7호선,내방,16139,16505,32644,-366,7,6,수
2022-07-06,7호선,고속터미널,15984,13923,29907,2061,7,6,수
2022-07-06,7호선,반포,6415,6355,12770,60,7,6,수
2022-07-06,7호선,논현,20157,21562,41719,-1405,7,6,수
2022-07-06,7호선,학동,26755,27876,54631,-1121,7,6,수
2022-07-06,7호선,강남구청,17995,20041,38036,-2046,7,6,수
2022-07-06,7호선,청담,21495,24058,45553,-2563,7,6,수
2022-07-06,7호선,뚝섬유원지,8615,8338,16953,277,7,6,수
2022-07-06,7호선,건대입구,13811,14332,28143,-521,7,6,수
2022-07-06,7호선,어린이대공원(세종대),13468,13551,27019,-83,7,6,수
2022-07-06,7호선,군자(능동),16035,12889,28924,3146,7,6,수
2022-07-06,7호선,중곡,11833,11038,22871,795,7,6,수
2022-07-06,7호선,용마산(용마폭포공원),6418,6241,12659,177,7,6,수
2022-07-06,7호선,사가정,16757,16745,33502,12,7,6,수
2022-07-06,7호선,면목,15876,15461,31337,415,7,6,수
2022-07-06,7호선,상봉(시외버스터미널),17661,16656,34317,1005,7,6,수
2022-07-06,7호선,중화,11564,11253,22817,311,7,6,수
2022-07-06,7호선,먹골,10733,10705,21438,28,7,6,수
2022-07-06,7호선,태릉입구,9067,8625,17692,442,7,6,수
2022-07-06,7호선,공릉(서울과학기술대),12681,12595,25276,86,7,6,수
2022-07-06,7호선,하계,19848,19053,38901,795,7,6,수
2022-07-06,7호선,중계,15722,14384,30106,1338,7,6,수
2022-07-06,7호선,노원,21269,22287,43556,-1018,7,6,수
2022-07-06,7호선,마들,14221,13393,27614,828,7,6,수
2022-07-06,7호선,수락산,13690,13462,27152,228,7,6,수
2022-07-06,7호선,도봉산,9624,11018,20642,-1394,7,6,수
2022-07-06,6호선,동묘앞,8111,8405,16516,-294,7,6,수
2022-07-06,6호선,신당,8603,9098,17701,-495,7,6,수
2022-07-06,6호선,청구,3834,4073,7907,-239,7,6,수
2022-07-06,6호선,약수,3836,3841,7677,-5,7,6,수
2022-07-06,6호선,버티고개,2268,2285,4553,-17,7,6,수
2022-07-06,6호선,한강진,8717,9829,18546,-1112,7,6,수
2022-07-06,6호선,이태원,10618,11120,21738,-502,7,6,수
2022-07-06,6호선,녹사평(용산구청),5119,5077,10196,42,7,6,수
2022-07-06,6호선,삼각지,7690,6950,14640,740,7,6,수
2022-07-06,6호선,효창공원앞,7622,6949,14571,673,7,6,수
2022-07-06,6호선,공덕,20357,19634,39991,723,7,6,수
2022-07-06,6호선,대흥(서강대앞),9350,9643,18993,-293,7,6,수
2022-07-06,6호선,광흥창(서강),10326,10058,20384,268,7,6,수
2022-07-06,6호선,상수,9470,10246,19716,-776,7,6,수
2022-07-06,6호선,합정,14298,14155,28453,143,7,6,수
2022-07-06,6호선,망원,14521,15312,29833,-791,7,6,수
2022-07-06,6호선,마포구청,15637,14348,29985,1289,7,6,수
2022-07-06,6호선,월드컵경기장(성산),9107,9182,18289,-75,7,6,수
2022-07-06,6호선,디지털미디어시티,15744,17735,33479,-1991,7,6,수
2022-07-06,6호선,증산(명지대앞),10738,10816,21554,-78,7,6,수
2022-07-06,6호선,새절(신사),13671,12645,26316,1026,7,6,수
2022-07-06,6호선,구산,8397,6413,14810,1984,7,6,수
2022-07-06,6호선,연신내,1,0,1,1,7,6,수
2022-07-06,6호선,독바위,3016,3233,6249,-217,7,6,수
2022-07-06,6호선,불광,5184,5052,10236,132,7,6,수
2022-07-06,6호선,역촌,4221,4747,8968,-526,7,6,수
2022-07-06,6호선,응암,18594,18615,37209,-21,7,6,수
2022-07-06,5호선,하남검단산,6318,5960,12278,358,7,6,수
2022-07-06,5호선,하남시청(덕풍·신장),7523,7269,14792,254,7,6,수
2022-07-06,5호선,하남풍산,4669,4688,9357,-19,7,6,수
2022-07-06,5호선,미사,17751,18086,35837,-335,7,6,수
2022-07-06,5호선,강일,4838,4790,9628,48,7,6,수
2022-07-06,5호선,마천,7826,7356,15182,470,7,6,수
2022-07-06,5호선,거여,11107,10671,21778,436,7,6,수
2022-07-06,5호선,개롱,7085,7379,14464,-294,7,6,수
2022-07-06,5호선,오금,4017,4131,8148,-114,7,6,수
2022-07-06,5호선,방이,7574,7783,15357,-209,7,6,수
2022-07-06,5호선,올림픽공원(한국체대),4437,3708,8145,729,7,6,수
2022-07-06,5호선,둔촌동,8635,8732,17367,-97,7,6,수
2022-07-06,5호선,상일동,16393,15144,31537,1249,7,6,수
2022-07-06,5호선,고덕,10957,10734,21691,223,7,6,수
2022-07-06,5호선,명일,9558,9852,19410,-294,7,6,수
2022-07-06,5호선,굽은다리(강동구민회관앞),10782,10373,21155,409,7,6,수
2022-07-06,5호선,길동,8790,9053,17843,-263,7,6,수
2022-07-06,5호선,강동,19762,19081,38843,681,7,6,수
2022-07-06,5호선,천호(풍납토성),19294,19447,38741,-153,7,6,수
2022-07-06,5호선,광나루(장신대),14463,13047,27510,1416,7,6,수
2022-07-06,5호선,아차산(어린이대공원후문),15226,14559,29785,667,7,6,수
2022-07-06,5호선,군자(능동),11924,13015,24939,-1091,7,6,수
2022-07-06,5호선,장한평,20131,20042,40173,89,7,6,수
2022-07-06,5호선,답십리,17107,15704,32811,1403,7,6,수
2022-07-06,5호선,마장,5948,5650,11598,298,7,6,수
2022-07-06,5호선,왕십리(성동구청),4909,5639,10548,-730,7,6,수
2022-07-06,5호선,행당,8977,8011,16988,966,7,6,수
2022-07-06,5호선,신금호,7122,7437,14559,-315,7,6,수
2022-07-06,5호선,청구,4228,4025,8253,203,7,6,수
2022-07-06,5호선,동대문역사문화공원(DDP),3199,3805,7004,-606,7,6,수
2022-07-06,5호선,을지로4가,6581,6683,13264,-102,7,6,수
2022-07-06,5호선,종로3가,13761,13352,27113,409,7,6,수
2022-07-06,5호선,광화문(세종문화회관),34754,36245,70999,-1491,7,6,수
2022-07-06,5호선,서대문,21582,21604,43186,-22,7,6,수
2022-07-06,5호선,충정로(경기대입구),4995,5090,10085,-95,7,6,수
2022-07-06,5호선,애오개,7411,7418,14829,-7,7,6,수
2022-07-06,5호선,공덕,15792,16644,32436,-852,7,6,수
2022-07-06,5호선,마포,15982,16402,32384,-420,7,6,수
2022-07-06,5호선,여의나루,11127,12421,23548,-1294,7,6,수
2022-07-06,5호선,여의도,32332,33799,66131,-1467,7,6,수
2022-07-06,5호선,신길,4533,4934,9467,-401,7,6,수
2022-07-06,5호선,영등포시장,11136,11618,22754,-482,7,6,수
2022-07-06,5호선,영등포구청,4209,4433,8642,-224,7,6,수
2022-07-06,5호선,양평,8072,8137,16209,-65,7,6,수
2022-07-06,5호선,오목교(목동운동장앞),23907,25542,49449,-1635,7,6,수
2022-07-06,5호선,마곡,11758,11820,23578,-62,7,6,수
2022-07-06,5호선,송정,6899,6526,13425,373,7,6,수
2022-07-06,5호선,김포공항,8661,8424,17085,237,7,6,수
2022-07-06,5호선,개화산,6076,5805,11881,271,7,6,수
2022-07-06,5호선,방화,7420,7210,14630,210,7,6,수
2022-07-06,4호선,남태령,1339,1370,2709,-31,7,6,수
2022-07-06,4호선,사당,27238,22408,49646,4830,7,6,수
2022-07-06,4호선,총신대입구(이수),20260,21863,42123,-1603,7,6,수
2022-07-06,4호선,동작(현충원),1279,1499,2778,-220,7,6,수
2022-07-06,4호선,이촌(국립중앙박물관),9743,10590,20333,-847,7,6,수
2022-07-06,4호선,신용산,19337,20112,39449,-775,7,6,수
2022-07-06,4호선,삼각지,5553,6250,11803,-697,7,6,수
2022-07-06,4호선,숙대입구(갈월),14333,14103,28436,230,7,6,수
2022-07-06,4호선,서울역,12765,18566,31331,-5801,7,6,수
2022-07-06,4호선,회현(남대문시장),26403,27868,54271,-1465,7,6,수
2022-07-06,4호선,명동,21255,21985,43240,-730,7,6,수
2022-07-06,4호선,충무로,28106,29587,57693,-1481,7,6,수
2022-07-06,4호선,동대문역사문화공원(DDP),15977,15580,31557,397,7,6,수
2022-07-06,4호선,동대문,21393,22102,43495,-709,7,6,수
2022-07-06,4호선,혜화,36770,37190,73960,-420,7,6,수
2022-07-06,4호선,한성대입구(삼선교),13636,14304,27940,-668,7,6,수
2022-07-06,4호선,성신여대입구(돈암),20493,19542,40035,951,7,6,수
2022-07-06,4호선,길음,22023,21338,43361,685,7,6,수
2022-07-06,4호선,미아사거리,28720,28079,56799,641,7,6,수
2022-07-06,4호선,미아(서울사이버대학),15450,15252,30702,198,7,6,수
2022-07-06,4호선,수유(강북구청),34919,34151,69070,768,7,6,수
2022-07-06,4호선,쌍문,30272,26618,56890,3654,7,6,수
2022-07-06,4호선,창동,26736,28380,55116,-1644,7,6,수
2022-07-06,4호선,노원,19472,21240,40712,-1768,7,6,수
2022-07-06,4호선,상계,20323,18433,38756,1890,7,6,수
2022-07-06,4호선,당고개,9574,8622,18196,952,7,6,수
2022-07-06,3호선,오금,6705,5889,12594,816,7,6,수
2022-07-06,3호선,경찰병원,7888,7976,15864,-88,7,6,수
2022-07-06,3호선,가락시장,9603,9215,18818,388,7,6,수
2022-07-06,3호선,수서,18324,18620,36944,-296,7,6,수
2022-07-06,3호선,일원,11667,11140,22807,527,7,6,수
2022-07-06,3호선,대청,11003,10234,21237,769,7,6,수
2022-07-06,3호선,학여울,2096,2165,4261,-69,7,6,수
2022-07-06,3호선,대치,11460,11629,23089,-169,7,6,수
2022-07-06,3호선,도곡,5885,5808,11693,77,7,6,수
2022-07-06,3호선,매봉,13854,13358,27212,496,7,6,수
2022-07-06,3호선,양재(서초구청),40518,44190,84708,-3672,7,6,수
2022-07-06,3호선,남부터미널(예술의전당),30973,31725,62698,-752,7,6,수
2022-07-06,3호선,교대(법원.검찰청),15812,10337,26149,5475,7,6,수
2022-07-06,3호선,고속터미널,43784,41578,85362,2206,7,6,수
2022-07-06,3호선,잠원,5185,5080,10265,105,7,6,수
2022-07-06,3호선,신사,30645,32044,62689,-1399,7,6,수
2022-07-06,3호선,압구정,34441,36653,71094,-2212,7,6,수
2022-07-06,3호선,옥수,9377,9770,19147,-393,7,6,수
2022-07-06,3호선,금호,8440,7844,16284,596,7,6,수
2022-07-06,3호선,약수,13847,13368,27215,479,7,6,수
2022-07-06,3호선,동대입구,8036,8280,16316,-244,7,6,수
2022-07-06,3호선,충무로,1,0,1,1,7,6,수
2022-07-06,3호선,을지로3가,11921,11951,23872,-30,7,6,수
2022-07-06,3호선,종로3가,11104,12405,23509,-1301,7,6,수
2022-07-06,3호선,안국,24699,24907,49606,-208,7,6,수
2022-07-06,3호선,경복궁(정부서울청사),22224,22662,44886,-438,7,6,수
2022-07-06,3호선,독립문,7521,7774,15295,-253,7,6,수
2022-07-06,3호선,무악재,4233,4226,8459,7,7,6,수
2022-07-06,3호선,홍제,18407,17386,35793,1021,7,6,수
2022-07-06,3호선,녹번,16454,14974,31428,1480,7,6,수
2022-07-06,3호선,불광,17411,18734,36145,-1323,7,6,수
2022-07-06,3호선,연신내,38455,36168,74623,2287,7,6,수
2022-07-06,3호선,구파발,22705,22122,44827,583,7,6,수
2022-07-06,3호선,지축,5653,5399,11052,254,7,6,수
2022-07-06,2호선,용두(동대문구청),2543,2555,5098,-12,7,6,수
2022-07-06,2호선,신정네거리,11115,11313,22428,-198,7,6,수
2022-07-06,2호선,양천구청,7434,7718,15152,-284,7,6,수
2022-07-06,2호선,도림천,1569,1696,3265,-127,7,6,수
2022-07-06,2호선,신설동,3648,3529,7177,119,7,6,수
2022-07-06,2호선,신답,1880,2099,3979,-219,7,6,수
2022-07-06,2호선,용답,2906,2882,5788,24,7,6,수
2022-07-06,2호선,충정로(경기대입구),10854,11605,22459,-751,7,6,수
2022-07-06,2호선,아현,11415,10991,22406,424,7,6,수
2022-07-06,2호선,이대,14583,15859,30442,-1276,7,6,수
2022-07-06,2호선,신촌,38679,39151,77830,-472,7,6,수
2022-07-06,2호선,홍대입구,60389,63726,124115,-3337,7,6,수
2022-07-06,2호선,합정,32862,34780,67642,-1918,7,6,수
2022-07-06,2호선,당산,19240,23173,42413,-3933,7,6,수
2022-07-06,2호선,영등포구청,23820,24497,48317,-677,7,6,수
2022-07-06,2호선,문래,24296,24839,49135,-543,7,6,수
2022-07-06,2호선,신도림,51477,51277,102754,200,7,6,수
2022-07-06,2호선,대림(구로구청),25172,25391,50563,-219,7,6,수
2022-07-06,2호선,구로디지털단지,63973,63911,127884,62,7,6,수
2022-07-06,2호선,신대방,26919,26166,53085,753,7,6,수
2022-07-06,2호선,신림,62114,59505,121619,2609,7,6,수
2022-07-06,2호선,봉천,25786,23999,49785,1787,7,6,수
2022-07-06,2호선,서울대입구(관악구청),50368,49515,99883,853,7,6,수
2022-07-06,2호선,낙성대(강감찬),29549,28736,58285,813,7,6,수
2022-07-06,2호선,사당,40764,44204,84968,-3440,7,6,수
2022-07-06,2호선,서초,24041,23688,47729,353,7,6,수
2022-07-06,2호선,교대(법원.검찰청),37570,42103,79673,-4533,7,6,수
2022-07-06,2호선,강남,92530,88839,181369,3691,7,6,수
2022-07-06,2호선,역삼,59789,66657,126446,-6868,7,6,수
2022-07-06,2호선,선릉,64309,56926,121235,7383,7,6,수
2022-07-06,2호선,삼성(무역센터),59678,60253,119931,-575,7,6,수
2022-07-06,2호선,종합운동장,9800,10679,20479,-879,7,6,수
2022-07-06,2호선,잠실새내,23851,23830,47681,21,7,6,수
2022-07-06,2호선,잠실(송파구청),77267,77003,154270,264,7,6,수
2022-07-06,2호선,잠실나루,16096,15643,31739,453,7,6,수
2022-07-06,2호선,강변(동서울터미널),31552,29577,61129,1975,7,6,수
2022-07-06,2호선,구의(광진구청),25072,24698,49770,374,7,6,수
2022-07-06,2호선,건대입구,36677,39087,75764,-2410,7,6,수
2022-07-06,2호선,뚝섬,24143,25853,49996,-1710,7,6,수
2022-07-06,2호선,한양대,9775,10404,20179,-629,7,6,수
2022-07-06,2호선,왕십리(성동구청),17570,14471,32041,3099,7,6,수
2022-07-06,2호선,상왕십리,15301,14940,30241,361,7,6,수
2022-07-06,2호선,신당,14864,15194,30058,-330,7,6,수
2022-07-06,2호선,동대문역사문화공원(DDP),13300,15721,29021,-2421,7,6,수
2022-07-06,2호선,을지로4가,14113,14027,28140,86,7,6,수
2022-07-06,2호선,을지로3가,26153,25795,51948,358,7,6,수
2022-07-06,2호선,을지로입구,45010,46702,91712,-1692,7,6,수
2022-07-06,2호선,시청,26765,25701,52466,1064,7,6,수
2022-07-06,1호선,동묘앞,8388,8693,17081,-305,7,6,수
2022-07-06,1호선,청량리(서울시립대입구),20049,20142,40191,-93,7,6,수
2022-07-06,1호선,제기동,17595,17973,35568,-378,7,6,수
2022-07-06,1호선,신설동,14465,14049,28514,416,7,6,수
2022-07-06,1호선,동대문,11469,10726,22195,743,7,6,수
2022-07-06,1호선,종로5가,24088,23618,47706,470,7,6,수
2022-07-06,1호선,종로3가,26723,25075,51798,1648,7,6,수
2022-07-06,1호선,종각,41504,39785,81289,1719,7,6,수
2022-07-06,1호선,시청,25214,25540,50754,-326,7,6,수
2022-07-06,1호선,서울역,47279,45824,93103,1455,7,6,수
2022-07-06,2호선,방배,17525,18349,35874,-824,7,6,수
2022-07-06,5호선,목동,17970,19320,37290,-1350,7,6,수
2022-07-06,5호선,신정(은행정),14937,12189,27126,2748,7,6,수
2022-07-06,5호선,까치산,30535,29169,59704,1366,7,6,수
2022-07-06,5호선,화곡,30483,28385,58868,2098,7,6,수
2022-07-06,5호선,우장산,16132,15775,31907,357,7,6,수
2022-07-06,5호선,발산,23110,23645,46755,-535,7,6,수
2022-07-06,2호선,성수,41013,44104,85117,-3091,7,6,수
2022-07-06,9호선,여의도,32287,30578,62865,1709,7,6,수
2022-07-06,9호선,샛강,7112,7062,14174,50,7,6,수
2022-07-06,9호선,노량진,26766,26174,52940,592,7,6,수
2022-07-06,9호선,노들,5045,4229,9274,816,7,6,수
2022-07-06,9호선,흑석(중앙대입구),8788,9120,17908,-332,7,6,수
2022-07-06,9호선,동작(현충원),2084,1602,3686,482,7,6,수
2022-07-06,9호선,구반포,1263,1353,2616,-90,7,6,수
2022-07-06,9호선,신반포,4053,3943,7996,110,7,6,수
2022-07-06,9호선,고속터미널,13583,17131,30714,-3548,7,6,수
2022-07-06,9호선,사평,4306,4215,8521,91,7,6,수
2022-07-06,9호선,신논현,33538,33096,66634,442,7,6,수
2022-07-06,9호선2~3단계,언주,12130,12414,24544,-284,7,6,수
2022-07-06,9호선2~3단계,선정릉,11117,12309,23426,-1192,7,6,수
2022-07-06,9호선2~3단계,삼성중앙,8221,8772,16993,-551,7,6,수
2022-07-06,9호선2~3단계,봉은사,20271,20629,40900,-358,7,6,수
2022-07-06,9호선2~3단계,종합운동장,4666,4788,9454,-122,7,6,수
2022-07-06,9호선2~3단계,삼전,7591,7326,14917,265,7,6,수
2022-07-06,9호선2~3단계,석촌고분,6890,6808,13698,82,7,6,수
2022-07-06,9호선2~3단계,석촌,9370,7980,17350,1390,7,6,수
2022-07-06,9호선2~3단계,송파나루,5580,6126,11706,-546,7,6,수
2022-07-06,9호선2~3단계,한성백제,2856,2592,5448,264,7,6,수
2022-07-06,9호선2~3단계,올림픽공원(한국체대),6672,6615,13287,57,7,6,수
2022-07-06,9호선2~3단계,둔촌오륜,1304,1227,2531,77,7,6,수
2022-07-06,9호선2~3단계,중앙보훈병원,12233,10731,22964,1502,7,6,수
2022-07-06,경강선,판교,5703,5653,11356,50,7,6,수
2022-07-06,경강선,이매,1219,1040,2259,179,7,6,수
2022-07-06,경강선,삼동,2607,2461,5068,146,7,6,수
2022-07-06,경강선,경기광주,8365,7777,16142,588,7,6,수
2022-07-06,경강선,초월,3456,3224,6680,232,7,6,수
2022-07-06,경강선,곤지암,2196,2162,4358,34,7,6,수
2022-07-06,경강선,신둔도예촌,1591,1520,3111,71,7,6,수
2022-07-06,경강선,이천,2528,2603,5131,-75,7,6,수
2022-07-06,경강선,부발,2147,2045,4192,102,7,6,수
2022-07-06,경강선,세종대왕릉,364,346,710,18,7,6,수
2022-07-06,경강선,여주,2206,2208,4414,-2,7,6,수
2022-07-06,경부선,서울역,6691,2098,8789,4593,7,6,수
2022-07-06,경부선,남영,10227,10637,20864,-410,7,6,수
2022-07-06,경부선,용산,38031,39126,77157,-1095,7,6,수
2022-07-06,경부선,노량진,8007,7681,15688,326,7,6,수
2022-07-06,경부선,대방,12216,13209,25425,-993,7,6,수
2022-07-06,경부선,영등포,41151,42129,83280,-978,7,6,수
2022-07-06,경부선,신도림,4283,4380,8663,-97,7,6,수
2022-07-06,경부선,신길,9610,8396,18006,1214,7,6,수
2022-07-06,경부선,구로,19633,20178,39811,-545,7,6,수
2022-07-06,경부선,가산디지털단지,19580,22697,42277,-3117,7,6,수
2022-07-06,경부선,금천구청,12079,12204,24283,-125,7,6,수
2022-07-06,경부선,석수,9840,8856,18696,984,7,6,수
2022-07-06,경부선,관악,7593,7175,14768,418,7,6,수
2022-07-06,경부선,안양,22750,22498,45248,252,7,6,수
2022-07-06,경부선,명학,9755,9753,19508,2,7,6,수
2022-07-06,경부선,금정,28180,28386,56566,-206,7,6,수
2022-07-06,경부선,군포,7940,7867,15807,73,7,6,수
2022-07-06,경부선,의왕,9405,9270,18675,135,7,6,수
2022-07-06,경부선,성균관대,14638,14402,29040,236,7,6,수
2022-07-06,경부선,화서,8614,8171,16785,443,7,6,수
2022-07-06,경부선,수원,34637,37192,71829,-2555,7,6,수
2022-07-06,경부선,독산,19880,20641,40521,-761,7,6,수
2022-07-06,경부선,세류,3160,2905,6065,255,7,6,수
2022-07-06,경부선,병점,14725,14542,29267,183,7,6,수
2022-07-06,경부선,세마,3184,2966,6150,218,7,6,수
2022-07-06,경부선,오산대,3651,3418,7069,233,7,6,수
2022-07-06,경부선,오산,9694,9762,19456,-68,7,6,수
2022-07-06,경부선,진위,1961,1777,3738,184,7,6,수
2022-07-06,경부선,송탄,4257,4186,8443,71,7,6,수
2022-07-06,경부선,서정리,7151,6645,13796,506,7,6,수
2022-07-06,경부선,평택지제,3856,3666,7522,190,7,6,수
2022-07-06,경부선,평택,11480,11321,22801,159,7,6,수
2022-07-06,경부선,성환,3392,3433,6825,-41,7,6,수
2022-07-06,경부선,직산,886,884,1770,2,7,6,수
2022-07-06,경부선,두정,5616,5632,11248,-16,7,6,수
2022-07-06,경부선,천안,5100,5385,10485,-285,7,6,수
2022-07-06,경부선,당정,6645,6308,12953,337,7,6,수
2022-07-06,경부선,서동탄,1511,1282,2793,229,7,6,수
2022-07-06,경부선,광명,3563,3114,6677,449,7,6,수
2022-07-06,경원선,이촌(국립중앙박물관),4226,3204,7430,1022,7,6,수
2022-07-06,경원선,서빙고,2159,1958,4117,201,7,6,수
2022-07-06,경원선,한남,4255,4114,8369,141,7,6,수
2022-07-06,경원선,옥수,41,39,80,2,7,6,수
2022-07-06,경원선,응봉,2097,1765,3862,332,7,6,수
2022-07-06,경원선,왕십리(성동구청),16203,17926,34129,-1723,7,6,수
2022-07-06,경원선,청량리(서울시립대입구),15562,16128,31690,-566,7,6,수
2022-07-06,경원선,외대앞,7782,7971,15753,-189,7,6,수
2022-07-06,경원선,신이문,9006,8269,17275,737,7,6,수
2022-07-06,경원선,석계,8279,9518,17797,-1239,7,6,수
2022-07-06,경원선,광운대,7967,7693,15660,274,7,6,수
2022-07-06,경원선,월계,6892,6528,13420,364,7,6,수
2022-07-06,경원선,녹천,5193,4280,9473,913,7,6,수
2022-07-06,경원선,방학,10363,10176,20539,187,7,6,수
2022-07-06,경원선,도봉,6467,6217,12684,250,7,6,수
2022-07-06,경원선,도봉산,7734,5033,12767,2701,7,6,수
2022-07-06,분당선,개포동,4565,4667,9232,-102,7,6,수
2022-07-06,분당선,서울숲,11968,12513,24481,-545,7,6,수
2022-07-06,분당선,압구정로데오,20030,22004,42034,-1974,7,6,수
2022-07-06,분당선,강남구청,10637,12105,22742,-1468,7,6,수
2022-07-06,분당선,선정릉,8798,9438,18236,-640,7,6,수
2022-07-06,분당선,가천대,7368,8251,15619,-883,7,6,수
2022-07-06,분당선,태평,14364,13665,28029,699,7,6,수
2022-07-06,분당선,모란,20411,20530,40941,-119,7,6,수
2022-07-06,분당선,야탑,28188,29505,57693,-1317,7,6,수
2022-07-07,일산선,지축,2,0,2,2,7,7,목
2022-07-07,5호선,길동,8332,8644,16976,-312,7,7,목
2022-07-07,5호선,강동,19877,19214,39091,663,7,7,목
2022-07-07,5호선,천호(풍납토성),18551,18561,37112,-10,7,7,목
2022-07-07,5호선,광나루(장신대),13800,12566,26366,1234,7,7,목
2022-07-07,5호선,아차산(어린이대공원후문),15046,14447,29493,599,7,7,목
2022-07-07,5호선,군자(능동),11661,12670,24331,-1009,7,7,목
2022-07-07,5호선,장한평,19593,19729,39322,-136,7,7,목
2022-07-07,5호선,답십리,16842,15164,32006,1678,7,7,목
2022-07-07,5호선,마장,5866,5453,11319,413,7,7,목
2022-07-07,5호선,왕십리(성동구청),4944,5499,10443,-555,7,7,목
2022-07-07,5호선,행당,8745,7844,16589,901,7,7,목
2022-07-07,5호선,신금호,6894,7058,13952,-164,7,7,목
2022-07-07,5호선,청구,4251,3854,8105,397,7,7,목
2022-07-07,5호선,동대문역사문화공원(DDP),3178,3697,6875,-519,7,7,목
2022-07-07,5호선,을지로4가,6392,6558,12950,-166,7,7,목
2022-07-07,5호선,종로3가,13291,13011,26302,280,7,7,목
2022-07-07,안산선,정왕,7769,8158,15927,-389,7,7,목
2022-07-07,안산선,신길온천,1864,1643,3507,221,7,7,목
2022-07-07,안산선,안산,11636,10619,22255,1017,7,7,목
2022-07-07,안산선,초지,4959,5026,9985,-67,7,7,목
2022-07-07,안산선,고잔,9079,8587,17666,492,7,7,목
2022-07-07,안산선,중앙,17898,18599,36497,-701,7,7,목
2022-07-07,안산선,한대앞,9273,9314,18587,-41,7,7,목
2022-07-07,안산선,상록수,15711,15952,31663,-241,7,7,목
2022-07-07,안산선,반월,4413,4293,8706,120,7,7,목
2022-07-07,안산선,대야미,5073,4687,9760,386,7,7,목
2022-07-07,안산선,산본,16220,17447,33667,-1227,7,7,목
2022-07-07,신림선,관악산(서울대),2307,2389,4696,-82,7,7,목
2022-07-07,신림선,서울대벤처타운,6183,6411,12594,-228,7,7,목
2022-07-07,신림선,서원,2891,2604,5495,287,7,7,목
2022-07-07,신림선,신림,1676,2070,3746,-394,7,7,목
2022-07-07,신림선,당곡,3669,3652,7321,17,7,7,목
2022-07-07,신림선,보라매병원,6833,7059,13892,-226,7,7,목
2022-07-07,신림선,보라매공원,1775,1852,3627,-77,7,7,목
2022-07-07,신림선,보라매,2743,2520,5263,223,7,7,목
2022-07-07,신림선,서울지방병무청,2204,2456,4660,-252,7,7,목
2022-07-07,신림선,대방,1937,1505,3442,432,7,7,목
2022-07-07,신림선,샛강,2168,2661,4829,-493,7,7,목
2022-07-07,수인선,인천,1028,1738,2766,-710,7,7,목
2022-07-07,수인선,신포,1802,1828,3630,-26,7,7,목
2022-07-07,수인선,숭의,4027,3767,7794,260,7,7,목
2022-07-07,수인선,인하대,6086,5624,11710,462,7,7,목
2022-07-07,수인선,송도,2339,2207,4546,132,7,7,목
2022-07-07,수인선,연수,4597,4433,9030,164,7,7,목
2022-07-07,수인선,원인재,4349,4542,8891,-193,7,7,목
2022-07-07,수인선,남동인더스파크,2437,2759,5196,-322,7,7,목
2022-07-07,수인선,호구포,4263,4441,8704,-178,7,7,목
2022-07-07,수인선,인천논현,5584,5923,11507,-339,7,7,목
2022-07-07,수인선,소래포구,4739,4425,9164,314,7,7,목
2022-07-07,수인선,월곶,3110,2839,5949,271,7,7,목
2022-07-07,수인선,달월,109,74,183,35,7,7,목
2022-07-07,수인선,사리,5008,4280,9288,728,7,7,목
2022-07-07,수인선,야목,401,287,688,114,7,7,목
2022-07-07,수인선,어천,856,846,1702,10,7,7,목
2022-07-07,수인선,오목천,3131,2938,6069,193,7,7,목
2022-07-07,수인선,고색,4845,4466,9311,379,7,7,목
2022-07-07,분당선,매교,3324,3265,6589,59,7,7,목
2022-07-07,분당선,수원시청,12937,14016,26953,-1079,7,7,목
2022-07-07,분당선,매탄권선,5546,5309,10855,237,7,7,목
2022-07-07,분당선,망포,15447,14489,29936,958,7,7,목
2022-07-07,분당선,영통,8538,8823,17361,-285,7,7,목
2022-07-07,분당선,청명,4637,4480,9117,157,7,7,목
2022-07-07,분당선,상갈,5679,5427,11106,252,7,7,목
2022-07-07,분당선,기흥,10694,9940,20634,754,7,7,목
2022-07-07,분당선,신갈,4876,4823,9699,53,7,7,목
2022-07-07,분당선,구성,5405,5551,10956,-146,7,7,목
2022-07-07,분당선,죽전,13791,15583,29374,-1792,7,7,목
2022-07-07,분당선,보정,3130,2692,5822,438,7,7,목
2022-07-07,분당선,이매,6198,5775,11973,423,7,7,목
2022-07-07,분당선,오리,12588,10314,22902,2274,7,7,목
2022-07-07,분당선,미금,16371,17454,33825,-1083,7,7,목
2022-07-07,분당선,정자,20005,21271,41276,-1266,7,7,목
2022-07-07,분당선,수내,15320,15332,30652,-12,7,7,목
2022-07-07,분당선,서현,26879,27380,54259,-501,7,7,목
2022-07-07,분당선,야탑,27327,28611,55938,-1284,7,7,목
2022-07-07,분당선,모란,20163,20471,40634,-308,7,7,목
2022-07-07,분당선,태평,14129,13375,27504,754,7,7,목
2022-07-07,분당선,가천대,7295,7952,15247,-657,7,7,목
2022-07-07,분당선,선정릉,8652,9167,17819,-515,7,7,목
2022-07-07,분당선,강남구청,10297,11983,22280,-1686,7,7,목
2022-07-07,분당선,압구정로데오,20064,22404,42468,-2340,7,7,목
2022-07-07,분당선,서울숲,11749,12162,23911,-413,7,7,목
2022-07-07,분당선,수원,8079,6764,14843,1315,7,7,목
2022-07-07,분당선,복정,2,0,2,2,7,7,목
2022-07-07,분당선,수서,14589,15259,29848,-670,7,7,목
2022-07-07,분당선,대모산입구,4939,4647,9586,292,7,7,목
2022-07-07,분당선,개포동,4366,4382,8748,-16,7,7,목
2022-07-07,분당선,구룡,2454,2352,4806,102,7,7,목
2022-07-07,분당선,도곡,7838,7744,15582,94,7,7,목
2022-07-07,분당선,한티,16014,17069,33083,-1055,7,7,목
2022-07-07,분당선,선릉,15149,23075,38224,-7926,7,7,목
2022-07-07,과천선,범계,26669,26169,52838,500,7,7,목
2022-07-07,과천선,평촌,18943,18520,37463,423,7,7,목
2022-07-07,과천선,인덕원,25321,26543,51864,-1222,7,7,목
2022-07-07,과천선,정부과천청사,11448,11458,22906,-10,7,7,목
2022-07-07,과천선,과천,6753,6431,13184,322,7,7,목
2022-07-07,과천선,대공원,2271,2394,4665,-123,7,7,목
2022-07-07,과천선,경마공원,1344,1369,2713,-25,7,7,목
2022-07-07,과천선,선바위,8350,7305,15655,1045,7,7,목
2022-07-07,공항철도 1호선,영종,3413,3423,6836,-10,7,7,목
2022-07-07,공항철도 1호선,인천공항2터미널,3758,3265,7023,493,7,7,목
2022-07-07,공항철도 1호선,인천공항1터미널,7451,7196,14647,255,7,7,목
2022-07-07,공항철도 1호선,공항화물청사,2456,2637,5093,-181,7,7,목
2022-07-07,공항철도 1호선,운서,7740,7752,15492,-12,7,7,목
2022-07-07,공항철도 1호선,청라국제도시,7485,7229,14714,256,7,7,목
2022-07-07,공항철도 1호선,검암,7074,6781,13855,293,7,7,목
2022-07-07,공항철도 1호선,계양,11488,10522,22010,966,7,7,목
2022-07-07,공항철도 1호선,김포공항,12445,7083,19528,5362,7,7,목
2022-07-07,공항철도 1호선,마곡나루(서울식물원),10204,9625,19829,579,7,7,목
2022-07-07,공항철도 1호선,디지털미디어시티,15937,14730,30667,1207,7,7,목
2022-07-07,공항철도 1호선,홍대입구,10534,10700,21234,-166,7,7,목
2022-07-07,공항철도 1호선,공덕,2558,3364,5922,-806,7,7,목
2022-07-07,공항철도 1호선,서울역,8976,8330,17306,646,7,7,목
2022-07-07,경춘선,춘천,1222,1105,2327,117,7,7,목
2022-07-07,경춘선,남춘천,2686,2678,5364,8,7,7,목
2022-07-07,경춘선,김유정,293,314,607,-21,7,7,목
2022-07-07,경춘선,강촌,413,370,783,43,7,7,목
2022-07-07,경춘선,백양리,83,86,169,-3,7,7,목
2022-07-07,경춘선,굴봉산,144,115,259,29,7,7,목
2022-07-07,경춘선,가평,2310,2299,4609,11,7,7,목
2022-07-07,경춘선,상천,248,257,505,-9,7,7,목
2022-07-07,경춘선,청평,1888,1822,3710,66,7,7,목
2022-07-07,경춘선,대성리,952,943,1895,9,7,7,목
2022-07-07,경춘선,마석,3939,3938,7877,1,7,7,목
2022-07-07,경춘선,천마산,1761,1582,3343,179,7,7,목
2022-07-07,경춘선,평내호평,6576,6386,12962,190,7,7,목
2022-07-07,경춘선,금곡,1552,1529,3081,23,7,7,목
2022-07-07,경춘선,사릉,2467,2424,4891,43,7,7,목
2022-07-07,경춘선,퇴계원,3696,3393,7089,303,7,7,목
2022-07-07,경춘선,별내,3334,3098,6432,236,7,7,목
2022-07-07,경춘선,갈매,3180,2706,5886,474,7,7,목
2022-07-07,경춘선,신내,2466,2306,4772,160,7,7,목
2022-07-07,경인선,도화,4369,4075,8444,294,7,7,목
2022-07-07,경인선,중동,9885,9301,19186,584,7,7,목
2022-07-07,경인선,온수(성공회대입구),7065,6584,13649,481,7,7,목
2022-07-07,경인선,도원,3682,3604,7286,78,7,7,목
2022-07-07,경인선,간석,6262,5817,12079,445,7,7,목
2022-07-07,경인선,부개,9124,8545,17669,579,7,7,목
2022-07-07,경인선,소사,8524,8264,16788,260,7,7,목
2022-07-07,경인선,구일,6491,6279,12770,212,7,7,목
2022-07-07,경인선,인천,3470,2584,6054,886,7,7,목
2022-07-07,경인선,동인천,14126,13503,27629,623,7,7,목
2022-07-07,경인선,제물포,11000,10528,21528,472,7,7,목
2022-07-07,경인선,주안,19188,17189,36377,1999,7,7,목
2022-07-07,경인선,동암,15846,15776,31622,70,7,7,목
2022-07-07,경인선,백운,7169,7025,14194,144,7,7,목
2022-07-07,경인선,부평,29010,30619,59629,-1609,7,7,목
2022-07-07,경인선,송내,28657,28486,57143,171,7,7,목
2022-07-07,경인선,부천,32522,32329,64851,193,7,7,목
2022-07-07,경인선,역곡,27550,27420,54970,130,7,7,목
2022-07-07,경인선,오류동,12295,11251,23546,1044,7,7,목
2022-07-07,경인선,개봉,22076,21692,43768,384,7,7,목
2022-07-07,경의선,임진강,7,10,17,-3,7,7,목
2022-07-07,경의선,문산,5209,5195,10404,14,7,7,목
2022-07-07,경의선,파주,1174,738,1912,436,7,7,목
2022-07-07,경의선,월롱,2837,2563,5400,274,7,7,목
2022-07-07,경의선,금촌,6443,6531,12974,-88,7,7,목
2022-07-07,경의선,금릉,5066,4755,9821,311,7,7,목
2022-07-07,경의선,운정,7266,6651,13917,615,7,7,목
2022-07-07,경의선,야당,8194,8127,16321,67,7,7,목
2022-07-07,경의선,탄현,8294,7827,16121,467,7,7,목
2022-07-07,경의선,일산,9904,9611,19515,293,7,7,목
2022-07-07,경의선,풍산,5841,5384,11225,457,7,7,목
2022-07-07,경의선,백마,7415,6952,14367,463,7,7,목
2022-07-07,경의선,곡산,644,676,1320,-32,7,7,목
2022-07-07,경의선,강매,3644,3062,6706,582,7,7,목
2022-07-07,경의선,화전,1983,1852,3835,131,7,7,목
2022-07-07,경의선,수색,3126,3229,6355,-103,7,7,목
2022-07-07,경의선,디지털미디어시티,2782,2550,5332,232,7,7,목
2022-07-07,경의선,가좌,5775,5471,11246,304,7,7,목
2022-07-07,경의선,홍대입구,1700,2081,3781,-381,7,7,목
2022-07-07,경의선,서강대,2274,2224,4498,50,7,7,목
2022-07-07,경의선,공덕,3881,3483,7364,398,7,7,목
2022-07-07,경의선,효창공원앞,3187,3526,6713,-339,7,7,목
2022-07-07,경의선,신촌,1057,1324,2381,-267,7,7,목
2022-07-07,경의선,서울역,4799,6114,10913,-1315,7,7,목
2022-07-07,경원선,소요산,2527,2254,4781,273,7,7,목
2022-07-07,경원선,동두천,2193,2417,4610,-224,7,7,목
2022-07-07,경원선,보산,1523,1393,2916,130,7,7,목
2022-07-07,경원선,동두천중앙,3247,3130,6377,117,7,7,목
2022-07-07,경원선,지행,6617,6566,13183,51,7,7,목
2022-07-07,경원선,덕정,5557,5273,10830,284,7,7,목
2022-07-07,경원선,덕계,3361,2994,6355,367,7,7,목
2022-07-07,경원선,양주,7656,7252,14908,404,7,7,목
2022-07-07,경부선,진위,1794,1615,3409,179,7,7,목
2022-07-07,경부선,오산,9364,9403,18767,-39,7,7,목
2022-07-07,경부선,오산대,3480,3273,6753,207,7,7,목
2022-07-07,경부선,세마,2940,2798,5738,142,7,7,목
2022-07-07,경부선,병점,14355,14048,28403,307,7,7,목
2022-07-07,경부선,세류,3499,3175,6674,324,7,7,목
2022-07-07,경부선,독산,19421,20261,39682,-840,7,7,목
2022-07-07,경부선,수원,33724,35912,69636,-2188,7,7,목
2022-07-07,경부선,화서,8482,7999,16481,483,7,7,목
2022-07-07,경부선,성균관대,14414,14196,28610,218,7,7,목
2022-07-07,경부선,의왕,9293,9218,18511,75,7,7,목
2022-07-07,경부선,군포,7869,7667,15536,202,7,7,목
2022-07-07,경부선,금정,27822,27953,55775,-131,7,7,목
2022-07-07,경부선,명학,9608,9456,19064,152,7,7,목
2022-07-07,경부선,안양,22420,21953,44373,467,7,7,목
2022-07-07,경부선,관악,7379,7036,14415,343,7,7,목
2022-07-07,경부선,석수,9683,8676,18359,1007,7,7,목
2022-07-07,경부선,금천구청,11768,11722,23490,46,7,7,목
2022-07-07,경부선,가산디지털단지,19342,22661,42003,-3319,7,7,목
2022-07-07,경부선,구로,18973,19282,38255,-309,7,7,목
2022-07-07,경부선,신길,9482,8170,17652,1312,7,7,목
2022-07-07,경부선,신도림,4153,4343,8496,-190,7,7,목
2022-07-07,경부선,영등포,39628,40746,80374,-1118,7,7,목
2022-07-07,경부선,대방,11728,12892,24620,-1164,7,7,목
2022-07-07,경부선,노량진,7623,7483,15106,140,7,7,목
2022-07-07,경부선,용산,37710,39656,77366,-1946,7,7,목
2022-07-07,경부선,남영,9864,10378,20242,-514,7,7,목
2022-07-07,경부선,서울역,7077,2106,9183,4971,7,7,목
2022-07-07,경강선,여주,2021,2117,4138,-96,7,7,목
2022-07-07,경강선,세종대왕릉,333,332,665,1,7,7,목
2022-07-07,경강선,부발,2124,2022,4146,102,7,7,목
2022-07-07,경강선,이천,2459,2594,5053,-135,7,7,목
2022-07-07,경강선,신둔도예촌,1644,1581,3225,63,7,7,목
2022-07-07,경강선,곤지암,2231,2234,4465,-3,7,7,목
2022-07-07,경강선,초월,3409,3238,6647,171,7,7,목
2022-07-07,경강선,경기광주,8344,7608,15952,736,7,7,목
2022-07-07,경강선,삼동,2583,2380,4963,203,7,7,목
2022-07-07,경강선,이매,1204,1025,2229,179,7,7,목
2022-07-07,경강선,판교,5585,5649,11234,-64,7,7,목
2022-07-07,9호선2~3단계,중앙보훈병원,11964,10514,22478,1450,7,7,목
2022-07-07,9호선2~3단계,둔촌오륜,1282,1167,2449,115,7,7,목
2022-07-07,9호선2~3단계,올림픽공원(한국체대),6699,6703,13402,-4,7,7,목
2022-07-07,9호선2~3단계,한성백제,2906,2619,5525,287,7,7,목
2022-07-07,9호선2~3단계,송파나루,5562,5925,11487,-363,7,7,목
2022-07-07,9호선2~3단계,석촌,9127,7933,17060,1194,7,7,목
2022-07-07,9호선2~3단계,석촌고분,6724,6686,13410,38,7,7,목
2022-07-07,9호선2~3단계,삼전,7435,7190,14625,245,7,7,목
2022-07-07,9호선2~3단계,종합운동장,4593,4664,9257,-71,7,7,목
2022-07-07,9호선2~3단계,봉은사,23390,24019,47409,-629,7,7,목
2022-07-07,9호선2~3단계,삼성중앙,8289,8691,16980,-402,7,7,목
2022-07-07,9호선2~3단계,선정릉,11063,12117,23180,-1054,7,7,목
2022-07-07,9호선,신논현,32907,32854,65761,53,7,7,목
2022-07-07,9호선,사평,4232,4168,8400,64,7,7,목
2022-07-07,9호선,고속터미널,13422,17412,30834,-3990,7,7,목
2022-07-07,9호선,신반포,4010,3863,7873,147,7,7,목
2022-07-07,9호선,구반포,1264,1313,2577,-49,7,7,목
2022-07-07,9호선,동작(현충원),1913,1519,3432,394,7,7,목
2022-07-07,9호선,흑석(중앙대입구),8545,8919,17464,-374,7,7,목
2022-07-07,9호선,노들,4924,4128,9052,796,7,7,목
2022-07-07,9호선,노량진,26095,25179,51274,916,7,7,목
2022-07-07,9호선,샛강,6955,6967,13922,-12,7,7,목
2022-07-07,9호선,여의도,31627,30472,62099,1155,7,7,목
2022-07-07,9호선,국회의사당,18191,18812,37003,-621,7,7,목
2022-07-07,9호선,당산,20140,20496,40636,-356,7,7,목
2022-07-07,9호선,선유도,9725,9437,19162,288,7,7,목
2022-07-07,7호선,광명사거리,22397,22041,44438,356,7,7,목
2022-07-07,7호선,철산,21730,22152,43882,-422,7,7,목
2022-07-07,7호선,가산디지털단지,48143,48144,96287,-1,7,7,목
2022-07-07,7호선,남구로,16340,17453,33793,-1113,7,7,목
2022-07-07,7호선,대림(구로구청),8002,8009,16011,-7,7,7,목
2022-07-07,7호선,신풍,12305,11601,23906,704,7,7,목
2022-07-07,7호선,보라매,8403,8359,16762,44,7,7,목
2022-07-07,7호선,신대방삼거리,15966,15263,31229,703,7,7,목
2022-07-07,7호선,장승배기,9418,9361,18779,57,7,7,목
2022-07-07,7호선,상도,11554,11049,22603,505,7,7,목
2022-07-07,7호선,숭실대입구(살피재),12530,12703,25233,-173,7,7,목
2022-07-07,7호선,남성,11860,10804,22664,1056,7,7,목
2022-07-07,7호선,이수,17129,16686,33815,443,7,7,목
2022-07-07,7호선,내방,15492,15931,31423,-439,7,7,목
2022-07-07,7호선,고속터미널,16238,13952,30190,2286,7,7,목
2022-07-07,7호선,반포,6366,6079,12445,287,7,7,목
2022-07-07,7호선,논현,19733,21421,41154,-1688,7,7,목
2022-07-07,7호선,학동,26284,27730,54014,-1446,7,7,목
2022-07-07,7호선,강남구청,17962,19843,37805,-1881,7,7,목
2022-07-07,7호선,청담,20999,24009,45008,-3010,7,7,목
2022-07-07,7호선,뚝섬유원지,7887,7763,15650,124,7,7,목
2022-07-07,7호선,건대입구,13460,13720,27180,-260,7,7,목
2022-07-07,7호선,어린이대공원(세종대),13509,13518,27027,-9,7,7,목
2022-07-07,7호선,군자(능동),15762,12626,28388,3136,7,7,목
2022-07-07,7호선,중곡,11796,10883,22679,913,7,7,목
2022-07-07,7호선,용마산(용마폭포공원),6203,6027,12230,176,7,7,목
2022-07-07,7호선,사가정,16461,16380,32841,81,7,7,목
2022-07-07,7호선,면목,15659,15158,30817,501,7,7,목
2022-07-07,7호선,상봉(시외버스터미널),17490,16413,33903,1077,7,7,목
2022-07-07,7호선,중화,11269,11178,22447,91,7,7,목
2022-07-07,7호선,먹골,10606,10422,21028,184,7,7,목
2022-07-07,7호선,태릉입구,8649,8212,16861,437,7,7,목
2022-07-07,7호선,공릉(서울과학기술대),12577,12389,24966,188,7,7,목
2022-07-07,7호선,하계,18529,17581,36110,948,7,7,목
2022-07-07,7호선,중계,16077,14573,30650,1504,7,7,목
2022-07-07,7호선,노원,20496,21359,41855,-863,7,7,목
2022-07-07,7호선,마들,14192,13169,27361,1023,7,7,목
2022-07-07,7호선,수락산,12999,12870,25869,129,7,7,목
2022-07-07,7호선,도봉산,9435,10509,19944,-1074,7,7,목
2022-07-07,7호선,장암,2425,903,3328,1522,7,7,목
2022-07-07,6호선,신내,1,0,1,1,7,7,목
2022-07-07,6호선,봉화산(서울의료원),9555,9143,18698,412,7,7,목
2022-07-07,6호선,화랑대(서울여대입구),12280,9505,21785,2775,7,7,목
2022-07-07,6호선,태릉입구,5764,6215,11979,-451,7,7,목
2022-07-07,6호선,증산(명지대앞),10216,10203,20419,13,7,7,목
2022-07-07,6호선,새절(신사),13165,12158,25323,1007,7,7,목
2022-07-07,6호선,구산,8165,6189,14354,1976,7,7,목
2022-07-07,6호선,연신내,2,0,2,2,7,7,목
2022-07-07,6호선,독바위,2870,3059,5929,-189,7,7,목
2022-07-07,6호선,불광,4661,4694,9355,-33,7,7,목
2022-07-07,6호선,역촌,4021,4416,8437,-395,7,7,목
2022-07-07,6호선,응암,18046,17905,35951,141,7,7,목
2022-07-07,5호선,하남검단산,6099,5798,11897,301,7,7,목
2022-07-07,5호선,하남시청(덕풍·신장),7361,6995,14356,366,7,7,목
2022-07-07,5호선,하남풍산,4564,4597,9161,-33,7,7,목
2022-07-07,5호선,미사,17347,17338,34685,9,7,7,목
2022-07-07,5호선,강일,4655,4514,9169,141,7,7,목
2022-07-07,5호선,마천,7697,7351,15048,346,7,7,목
2022-07-07,5호선,광화문(세종문화회관),32502,34543,67045,-2041,7,7,목
2022-07-07,5호선,서대문,21224,21540,42764,-316,7,7,목
2022-07-07,5호선,충정로(경기대입구),4834,4949,9783,-115,7,7,목
2022-07-07,5호선,애오개,7295,7338,14633,-43,7,7,목
2022-07-07,5호선,공덕,15480,16232,31712,-752,7,7,목
2022-07-07,5호선,마포,15598,15830,31428,-232,7,7,목
2022-07-07,5호선,여의나루,9925,11592,21517,-1667,7,7,목
2022-07-07,5호선,여의도,31958,33469,65427,-1511,7,7,목
2022-07-07,5호선,신길,4652,4786,9438,-134,7,7,목
2022-07-07,5호선,영등포시장,10663,11391,22054,-728,7,7,목
2022-07-07,5호선,영등포구청,4229,4344,8573,-115,7,7,목
2022-07-07,5호선,양평,7977,7949,15926,28,7,7,목
2022-07-07,5호선,오목교(목동운동장앞),22995,24647,47642,-1652,7,7,목
2022-07-07,5호선,목동,17834,18964,36798,-1130,7,7,목
2022-07-07,5호선,신정(은행정),14711,12092,26803,2619,7,7,목
2022-07-07,5호선,까치산,30183,28663,58846,1520,7,7,목
2022-07-07,5호선,화곡,29601,27564,57165,2037,7,7,목
2022-07-07,5호선,우장산,15730,15376,31106,354,7,7,목
2022-07-07,5호선,발산,22250,22822,45072,-572,7,7,목
2022-07-07,5호선,마곡,11633,11677,23310,-44,7,7,목
2022-07-07,5호선,송정,6719,6275,12994,444,7,7,목
2022-07-07,5호선,김포공항,8261,8057,16318,204,7,7,목
2022-07-07,5호선,개화산,6036,5680,11716,356,7,7,목
2022-07-07,4호선,남태령,1295,1175,2470,120,7,7,목
2022-07-07,4호선,사당,26600,22159,48759,4441,7,7,목
2022-07-07,4호선,총신대입구(이수),19487,21015,40502,-1528,7,7,목
2022-07-07,4호선,동작(현충원),1170,1293,2463,-123,7,7,목
2022-07-07,4호선,이촌(국립중앙박물관),8827,9529,18356,-702,7,7,목
2022-07-07,4호선,신용산,18765,19479,38244,-714,7,7,목
2022-07-07,4호선,삼각지,5305,6020,11325,-715,7,7,목
2022-07-07,4호선,숙대입구(갈월),13611,13054,26665,557,7,7,목
2022-07-07,4호선,서울역,12341,18455,30796,-6114,7,7,목
2022-07-07,4호선,회현(남대문시장),25483,26566,52049,-1083,7,7,목
2022-07-07,4호선,명동,19709,20488,40197,-779,7,7,목
2022-07-07,4호선,충무로,27636,29068,56704,-1432,7,7,목
2022-07-07,4호선,동대문역사문화공원(DDP),15701,13945,29646,1756,7,7,목
2022-07-07,4호선,동대문,20559,21298,41857,-739,7,7,목
2022-07-07,4호선,혜화,33925,34004,67929,-79,7,7,목
2022-07-07,4호선,한성대입구(삼선교),13423,13247,26670,176,7,7,목
2022-07-07,4호선,성신여대입구(돈암),20147,19306,39453,841,7,7,목
2022-07-07,4호선,길음,21308,20755,42063,553,7,7,목
2022-07-07,4호선,미아사거리,27811,27187,54998,624,7,7,목
2022-07-07,4호선,미아(서울사이버대학),15212,14517,29729,695,7,7,목
2022-07-07,4호선,수유(강북구청),33636,33866,67502,-230,7,7,목
2022-07-07,4호선,쌍문,29142,27229,56371,1913,7,7,목
2022-07-07,4호선,창동,26057,27668,53725,-1611,7,7,목
2022-07-07,4호선,노원,18810,21201,40011,-2391,7,7,목
2022-07-07,4호선,상계,19652,18409,38061,1243,7,7,목
2022-07-07,4호선,당고개,8989,7982,16971,1007,7,7,목
2022-07-07,3호선,오금,6689,5929,12618,760,7,7,목
2022-07-07,3호선,경찰병원,7664,7723,15387,-59,7,7,목
2022-07-07,3호선,가락시장,9426,9190,18616,236,7,7,목
2022-07-07,3호선,수서,18074,18760,36834,-686,7,7,목
2022-07-07,3호선,일원,11802,11435,23237,367,7,7,목
2022-07-07,3호선,대청,11268,10409,21677,859,7,7,목
2022-07-07,3호선,학여울,5518,5855,11373,-337,7,7,목
2022-07-07,3호선,대치,11888,11831,23719,57,7,7,목
2022-07-07,3호선,도곡,5681,5873,11554,-192,7,7,목
2022-07-07,3호선,매봉,13811,13375,27186,436,7,7,목
2022-07-07,3호선,양재(서초구청),40778,44337,85115,-3559,7,7,목
2022-07-07,3호선,남부터미널(예술의전당),30427,31191,61618,-764,7,7,목
2022-07-07,3호선,교대(법원.검찰청),16197,10374,26571,5823,7,7,목
2022-07-07,3호선,고속터미널,43386,41537,84923,1849,7,7,목
2022-07-07,3호선,잠원,5099,4996,10095,103,7,7,목
2022-07-07,3호선,신사,30113,32104,62217,-1991,7,7,목
2022-07-07,3호선,압구정,34416,36929,71345,-2513,7,7,목
2022-07-07,3호선,옥수,9332,9714,19046,-382,7,7,목
2022-07-07,3호선,약수,13693,13154,26847,539,7,7,목
2022-07-07,3호선,동대입구,7819,8412,16231,-593,7,7,목
2022-07-07,3호선,을지로3가,11545,11569,23114,-24,7,7,목
2022-07-07,3호선,종로3가,10542,12308,22850,-1766,7,7,목
2022-07-07,3호선,안국,23675,24055,47730,-380,7,7,목
2022-07-07,3호선,경복궁(정부서울청사),21725,21703,43428,22,7,7,목
2022-07-07,3호선,독립문,7312,7587,14899,-275,7,7,목
2022-07-07,3호선,녹번,16162,14365,30527,1797,7,7,목
2022-07-07,3호선,불광,16355,17288,33643,-933,7,7,목
2022-07-07,3호선,연신내,37038,34814,71852,2224,7,7,목
2022-07-07,3호선,구파발,22039,21164,43203,875,7,7,목
2022-07-07,3호선,지축,5527,5116,10643,411,7,7,목
2022-07-07,2호선,용두(동대문구청),2553,2486,5039,67,7,7,목
2022-07-07,2호선,신정네거리,10777,11031,21808,-254,7,7,목
2022-07-07,2호선,양천구청,7206,7417,14623,-211,7,7,목
2022-07-07,2호선,도림천,1514,1605,3119,-91,7,7,목
2022-07-07,2호선,신설동,3504,3371,6875,133,7,7,목
2022-07-07,2호선,신답,1746,2006,3752,-260,7,7,목
2022-07-07,2호선,용답,2834,2803,5637,31,7,7,목
2022-07-07,2호선,충정로(경기대입구),10571,11485,22056,-914,7,7,목
2022-07-07,2호선,아현,11225,10560,21785,665,7,7,목
2022-07-07,2호선,이대,14532,15548,30080,-1016,7,7,목
2022-07-07,2호선,신촌,37736,37996,75732,-260,7,7,목
2022-07-07,2호선,홍대입구,57800,61692,119492,-3892,7,7,목
2022-07-07,2호선,합정,32596,34642,67238,-2046,7,7,목
2022-07-07,2호선,당산,18641,22271,40912,-3630,7,7,목
2022-07-07,2호선,영등포구청,23098,23798,46896,-700,7,7,목
2022-07-07,2호선,문래,23739,24289,48028,-550,7,7,목
2022-07-07,2호선,신도림,49706,49029,98735,677,7,7,목
2022-07-07,2호선,대림(구로구청),24601,24900,49501,-299,7,7,목
2022-07-07,2호선,구로디지털단지,62629,62515,125144,114,7,7,목
2022-07-07,9호선2~3단계,언주,12131,12369,24500,-238,7,7,목
2022-07-07,2호선,신대방,26331,25657,51988,674,7,7,목
2022-07-07,2호선,신림,60417,58107,118524,2310,7,7,목
2022-07-07,2호선,봉천,24944,23435,48379,1509,7,7,목
2022-07-07,2호선,서울대입구(관악구청),49047,47611,96658,1436,7,7,목
2022-07-07,2호선,낙성대(강감찬),28873,27944,56817,929,7,7,목
2022-07-07,2호선,사당,39889,43707,83596,-3818,7,7,목
2022-07-07,2호선,방배,17411,18064,35475,-653,7,7,목
2022-07-07,2호선,서초,23311,22530,45841,781,7,7,목
2022-07-07,2호선,교대(법원.검찰청),37194,42219,79413,-5025,7,7,목
2022-07-07,2호선,강남,90644,87987,178631,2657,7,7,목
2022-07-07,2호선,역삼,58427,65410,123837,-6983,7,7,목
2022-07-07,2호선,선릉,64044,56251,120295,7793,7,7,목
2022-07-07,2호선,삼성(무역센터),65582,65921,131503,-339,7,7,목
2022-07-07,2호선,종합운동장,9757,10418,20175,-661,7,7,목
2022-07-07,2호선,잠실새내,22843,22624,45467,219,7,7,목
2022-07-07,2호선,잠실(송파구청),75632,75760,151392,-128,7,7,목
2022-07-07,2호선,잠실나루,15605,15077,30682,528,7,7,목
2022-07-07,2호선,강변(동서울터미널),31332,29607,60939,1725,7,7,목
2022-07-07,2호선,구의(광진구청),24561,24397,48958,164,7,7,목
2022-07-07,2호선,건대입구,35261,37796,73057,-2535,7,7,목
2022-07-07,2호선,성수,39878,43159,83037,-3281,7,7,목
2022-07-07,2호선,뚝섬,23691,25426,49117,-1735,7,7,목
2022-07-07,2호선,한양대,9656,10365,20021,-709,7,7,목
2022-07-07,2호선,왕십리(성동구청),16993,14189,31182,2804,7,7,목
2022-07-07,2호선,상왕십리,15226,14951,30177,275,7,7,목
2022-07-07,2호선,신당,14358,14761,29119,-403,7,7,목
2022-07-07,2호선,동대문역사문화공원(DDP),13063,14857,27920,-1794,7,7,목
2022-07-07,2호선,을지로4가,13794,13622,27416,172,7,7,목
2022-07-07,2호선,을지로3가,25293,25210,50503,83,7,7,목
2022-07-07,2호선,을지로입구,44253,45855,90108,-1602,7,7,목
2022-07-07,2호선,시청,26461,25692,52153,769,7,7,목
2022-07-07,1호선,동묘앞,7531,7842,15373,-311,7,7,목
2022-07-07,1호선,청량리(서울시립대입구),19487,19525,39012,-38,7,7,목
2022-07-07,1호선,제기동,16763,17075,33838,-312,7,7,목
2022-07-07,1호선,신설동,14065,13753,27818,312,7,7,목
2022-07-07,1호선,동대문,10690,10067,20757,623,7,7,목
2022-07-07,1호선,종로5가,22880,22794,45674,86,7,7,목
2022-07-07,1호선,종로3가,26191,24293,50484,1898,7,7,목
2022-07-07,1호선,종각,39889,39164,79053,725,7,7,목
2022-07-07,1호선,시청,25624,25939,51563,-315,7,7,목
2022-07-07,1호선,서울역,47343,46539,93882,804,7,7,목
2022-07-07,5호선,방화,7072,6891,13963,181,7,7,목
2022-07-07,3호선,무악재,4178,4209,8387,-31,7,7,목
2022-07-07,3호선,홍제,17906,16887,34793,1019,7,7,목
2022-07-07,경부선,송탄,4150,4069,8219,81,7,7,목
2022-07-07,경부선,서정리,7137,6538,13675,599,7,7,목
2022-07-07,경부선,평택지제,3777,3695,7472,82,7,7,목
2022-07-07,경부선,평택,10838,10897,21735,-59,7,7,목
2022-07-07,경부선,성환,3378,3331,6709,47,7,7,목
2022-07-07,경부선,직산,876,842,1718,34,7,7,목
2022-07-07,경부선,두정,5515,5452,10967,63,7,7,목
2022-07-07,경부선,천안,4881,5039,9920,-158,7,7,목
2022-07-07,경부선,당정,6504,6210,12714,294,7,7,목
2022-07-07,경부선,서동탄,1447,1253,2700,194,7,7,목
2022-07-07,경부선,광명,3626,3265,6891,361,7,7,목
2022-07-07,경원선,이촌(국립중앙박물관),3978,3046,7024,932,7,7,목
2022-07-07,경원선,서빙고,2194,1992,4186,202,7,7,목
2022-07-07,경원선,한남,4179,4002,8181,177,7,7,목
2022-07-07,경원선,옥수,38,31,69,7,7,7,목
2022-07-07,경원선,응봉,2039,1765,3804,274,7,7,목
2022-07-07,경원선,왕십리(성동구청),15386,16957,32343,-1571,7,7,목
2022-07-07,경원선,청량리(서울시립대입구),15208,16066,31274,-858,7,7,목
2022-07-07,경원선,외대앞,7718,7603,15321,115,7,7,목
2022-07-07,경원선,신이문,8771,8061,16832,710,7,7,목
2022-07-07,경원선,석계,8167,9109,17276,-942,7,7,목
2022-07-07,경원선,광운대,7884,7489,15373,395,7,7,목
2022-07-07,경원선,월계,6804,6367,13171,437,7,7,목
2022-07-07,경원선,녹천,5095,4145,9240,950,7,7,목
2022-07-07,경원선,창동,1,0,1,1,7,7,목
2022-07-07,경원선,방학,10167,10010,20177,157,7,7,목
2022-07-07,경원선,도봉,6463,6086,12549,377,7,7,목
2022-07-07,경원선,도봉산,7206,4558,11764,2648,7,7,목
2022-07-07,경원선,망월사,7768,7948,15716,-180,7,7,목
2022-07-07,경원선,회룡,12900,12615,25515,285,7,7,목
2022-07-07,경원선,의정부,18642,19156,37798,-514,7,7,목
2022-07-07,경원선,가능,7096,6795,13891,301,7,7,목
2022-07-07,경원선,녹양,4717,4481,9198,236,7,7,목
2022-07-07,3호선,금호,8296,7619,15915,677,7,7,목
2022-07-07,중앙선,팔당,873,873,1746,0,7,7,목
2022-07-07,중앙선,운길산,714,673,1387,41,7,7,목
2022-07-07,중앙선,양수,1974,1980,3954,-6,7,7,목
2022-07-07,중앙선,신원,208,180,388,28,7,7,목
2022-07-07,중앙선,국수,807,760,1567,47,7,7,목
2022-07-07,중앙선,아신,558,583,1141,-25,7,7,목
2022-07-07,중앙선,오빈,316,322,638,-6,7,7,목
2022-07-07,중앙선,양평,2833,2928,5761,-95,7,7,목
2022-07-07,중앙선,원덕,358,348,706,10,7,7,목
2022-07-07,중앙선,용문,2044,1940,3984,104,7,7,목
2022-07-07,중앙선,지평,69,86,155,-17,7,7,목
2022-07-07,경의선,능곡,4012,3702,7714,310,7,7,목
2022-07-07,경의선,행신,8541,8528,17069,13,7,7,목
2022-07-07,9호선,가양,22267,21699,43966,568,7,7,목
2022-07-07,9호선,증미,8051,7999,16050,52,7,7,목
2022-07-07,9호선,등촌,12220,11730,23950,490,7,7,목
2022-07-07,9호선,염창,18556,17814,36370,742,7,7,목
2022-07-07,9호선,신목동,4722,4096,8818,626,7,7,목
2022-07-07,중앙선,도심,2674,2079,4753,595,7,7,목
2022-07-07,중앙선,덕소,5836,5772,11608,64,7,7,목
2022-07-07,중앙선,양정,689,597,1286,92,7,7,목
2022-07-07,중앙선,도농,11657,10555,22212,1102,7,7,목
2022-07-07,중앙선,구리,13768,13894,27662,-126,7,7,목
2022-07-07,중앙선,양원,3291,3193,6484,98,7,7,목
2022-07-07,중앙선,망우,8071,7758,15829,313,7,7,목
2022-07-07,중앙선,상봉(시외버스터미널),5715,5851,11566,-136,7,7,목
2022-07-07,중앙선,중랑,5914,5543,11457,371,7,7,목
2022-07-07,중앙선,회기,25535,24611,50146,924,7,7,목
2022-07-07,장항선,신창(순천향대),1325,1286,2611,39,7,7,목
2022-07-07,장항선,온양온천,3480,3694,7174,-214,7,7,목
2022-07-07,장항선,배방,1088,1066,2154,22,7,7,목
2022-07-07,장항선,탕정,906,789,1695,117,7,7,목
2022-07-07,장항선,아산,2920,2723,5643,197,7,7,목
2022-07-07,장항선,쌍용(나사렛대),2105,1974,4079,131,7,7,목
2022-07-07,장항선,봉명,1385,1293,2678,92,7,7,목
2022-07-07,일산선,대화,14573,11682,26255,2891,7,7,목
2022-07-07,일산선,주엽,9630,9549,19179,81,7,7,목
2022-07-07,일산선,정발산,7064,7227,14291,-163,7,7,목
2022-07-07,일산선,마두,8000,8280,16280,-280,7,7,목
2022-07-07,일산선,백석,10272,10120,20392,152,7,7,목
2022-07-07,일산선,대곡,2272,1826,4098,446,7,7,목
2022-07-07,일산선,화정,17459,17654,35113,-195,7,7,목
2022-07-07,일산선,원당,11833,10994,22827,839,7,7,목
2022-07-07,일산선,삼송,20453,19743,40196,710,7,7,목
2022-07-07,5호선,굽은다리(강동구민회관앞),10374,10064,20438,310,7,7,목
2022-07-07,일산선,원흥,11592,10917,22509,675,7,7,목
2022-07-07,우이신설선,신설동,2306,2224,4530,82,7,7,목
2022-07-07,우이신설선,보문,1566,1570,3136,-4,7,7,목
2022-07-07,우이신설선,성신여대입구(돈암),3468,3819,7287,-351,7,7,목
2022-07-07,우이신설선,정릉,4826,4457,9283,369,7,7,목
2022-07-07,우이신설선,북한산보국문,5999,5799,11798,200,7,7,목
2022-07-07,우이신설선,솔샘,6208,5763,11971,445,7,7,목
2022-07-07,우이신설선,삼양사거리,2515,2518,5033,-3,7,7,목
2022-07-07,우이신설선,삼양,2179,2231,4410,-52,7,7,목
2022-07-07,우이신설선,화계,3581,3412,6993,169,7,7,목
2022-07-07,우이신설선,가오리,4465,4440,8905,25,7,7,목
2022-07-07,우이신설선,4.19민주묘지,3007,2739,5746,268,7,7,목
2022-07-07,우이신설선,솔밭공원,2633,2465,5098,168,7,7,목
2022-07-07,우이신설선,북한산우이,2739,2425,5164,314,7,7,목
2022-07-07,안산선,수리산,4331,3539,7870,792,7,7,목
2022-07-07,안산선,오이도,8474,8269,16743,205,7,7,목
2022-07-07,6호선,디지털미디어시티,15369,17116,32485,-1747,7,7,목
2022-07-07,6호선,월드컵경기장(성산),4251,4626,8877,-375,7,7,목
2022-07-07,6호선,마포구청,15224,13718,28942,1506,7,7,목
2022-07-07,6호선,망원,14169,15055,29224,-886,7,7,목
2022-07-07,6호선,합정,13828,13517,27345,311,7,7,목
2022-07-07,6호선,상수,8846,10324,19170,-1478,7,7,목
2022-07-07,6호선,광흥창(서강),9960,9600,19560,360,7,7,목
2022-07-07,6호선,대흥(서강대앞),9171,9350,18521,-179,7,7,목
2022-07-07,6호선,공덕,19934,19241,39175,693,7,7,목
2022-07-07,6호선,효창공원앞,7507,6792,14299,715,7,7,목
2022-07-07,6호선,삼각지,7221,6456,13677,765,7,7,목
2022-07-07,6호선,녹사평(용산구청),4910,4918,9828,-8,7,7,목
2022-07-07,6호선,이태원,10439,11314,21753,-875,7,7,목
2022-07-07,6호선,한강진,8209,9273,17482,-1064,7,7,목
2022-07-07,6호선,버티고개,2215,2239,4454,-24,7,7,목
2022-07-07,6호선,약수,3840,3905,7745,-65,7,7,목
2022-07-07,6호선,청구,3797,3987,7784,-190,7,7,목
2022-07-07,6호선,신당,8334,8764,17098,-430,7,7,목
2022-07-07,6호선,동묘앞,7882,8154,16036,-272,7,7,목
2022-07-07,6호선,창신,3817,3147,6964,670,7,7,목
2022-07-07,6호선,보문,8113,7266,15379,847,7,7,목
2022-07-07,6호선,안암(고대병원앞),11321,11232,22553,89,7,7,목
2022-07-07,6호선,고려대(종암),8751,8535,17286,216,7,7,목
2022-07-07,6호선,월곡(동덕여대),12166,11728,23894,438,7,7,목
2022-07-07,6호선,상월곡(한국과학기술연구원),7067,6493,13560,574,7,7,목
2022-07-07,6호선,돌곶이,9755,9097,18852,658,7,7,목
2022-07-07,6호선,석계,12586,13196,25782,-610,7,7,목
2022-07-07,9호선,양천향교,10269,10604,20873,-335,7,7,목
2022-07-07,9호선,마곡나루(서울식물원),13389,13293,26682,96,7,7,목
2022-07-07,9호선,신방화,7304,7165,14469,139,7,7,목
2022-07-07,9호선,공항시장,3125,3442,6567,-317,7,7,목
2022-07-07,9호선,김포공항,8192,12124,20316,-3932,7,7,목
2022-07-07,9호선,개화,2795,1907,4702,888,7,7,목
2022-07-07,8호선,남위례,5786,5871,11657,-85,7,7,목
2022-07-07,8호선,모란,4500,3608,8108,892,7,7,목
2022-07-07,8호선,수진,5748,5232,10980,516,7,7,목
2022-07-07,8호선,신흥,4562,4923,9485,-361,7,7,목
2022-07-07,8호선,단대오거리,10742,10614,21356,128,7,7,목
2022-07-07,8호선,남한산성입구(성남법원.검찰청),14190,12729,26919,1461,7,7,목
2022-07-07,8호선,산성,5432,5540,10972,-108,7,7,목
2022-07-07,8호선,복정,9797,8349,18146,1448,7,7,목
2022-07-07,8호선,장지,18319,17545,35864,774,7,7,목
2022-07-07,8호선,문정,23445,24879,48324,-1434,7,7,목
2022-07-07,8호선,가락시장,7862,8774,16636,-912,7,7,목
2022-07-07,8호선,송파,9455,9380,18835,75,7,7,목
2022-07-07,8호선,석촌,7999,9143,17142,-1144,7,7,목
2022-07-07,8호선,잠실(송파구청),15688,18388,34076,-2700,7,7,목
2022-07-07,8호선,몽촌토성(평화의문),6510,6696,13206,-186,7,7,목
2022-07-07,8호선,강동구청,11029,11444,22473,-415,7,7,목
2022-07-07,8호선,천호(풍납토성),15264,17263,32527,-1999,7,7,목
2022-07-07,8호선,암사,19752,17444,37196,2308,7,7,목
2022-07-07,7호선,온수(성공회대입구),10592,9622,20214,970,7,7,목
2022-07-07,7호선,천왕,12023,11495,23518,528,7,7,목
2022-07-07,5호선,거여,10888,10370,21258,518,7,7,목
2022-07-07,5호선,개롱,7189,7484,14673,-295,7,7,목
2022-07-07,5호선,오금,4085,4130,8215,-45,7,7,목
2022-07-07,5호선,방이,7289,7730,15019,-441,7,7,목
2022-07-07,5호선,올림픽공원(한국체대),4422,3745,8167,677,7,7,목
2022-07-07,5호선,둔촌동,8478,8408,16886,70,7,7,목
2022-07-07,5호선,상일동,15942,14711,30653,1231,7,7,목
2022-07-07,5호선,고덕,10373,10202,20575,171,7,7,목
2022-07-07,5호선,명일,9400,9496,18896,-96,7,7,목
2022-07-08,수인선,연수,5205,5260,10465,-55,7,8,금
2022-07-08,중앙선,지평,73,92,165,-19,7,8,금
2022-07-08,중앙선,용문,2043,2182,4225,-139,7,8,금
2022-07-08,중앙선,원덕,400,403,803,-3,7,8,금
2022-07-08,중앙선,양평,3908,4172,8080,-264,7,8,금
2022-07-08,중앙선,오빈,346,345,691,1,7,8,금
2022-07-08,중앙선,아신,639,675,1314,-36,7,8,금
2022-07-08,중앙선,국수,781,862,1643,-81,7,8,금
2022-07-08,중앙선,신원,210,166,376,44,7,8,금
2022-07-08,중앙선,양수,2167,2262,4429,-95,7,8,금
2022-07-08,중앙선,운길산,806,790,1596,16,7,8,금
2022-07-08,중앙선,팔당,927,977,1904,-50,7,8,금
2022-07-08,중앙선,도심,2625,2081,4706,544,7,8,금
2022-07-08,중앙선,덕소,6062,5905,11967,157,7,8,금
2022-07-08,중앙선,양정,727,677,1404,50,7,8,금
2022-07-08,중앙선,도농,11936,10654,22590,1282,7,8,금
2022-07-08,중앙선,구리,14504,14682,29186,-178,7,8,금
2022-07-08,중앙선,양원,3424,3195,6619,229,7,8,금
2022-07-08,중앙선,망우,8666,8347,17013,319,7,8,금
2022-07-08,중앙선,상봉(시외버스터미널),6369,6259,12628,110,7,8,금
2022-07-08,중앙선,중랑,6329,5830,12159,499,7,8,금
2022-07-08,중앙선,회기,26872,25374,52246,1498,7,8,금
2022-07-08,장항선,신창(순천향대),1592,1300,2892,292,7,8,금
2022-07-08,장항선,온양온천,3849,4056,7905,-207,7,8,금
2022-07-08,장항선,배방,1286,1169,2455,117,7,8,금
2022-07-08,장항선,탕정,1045,896,1941,149,7,8,금
2022-07-08,장항선,아산,3661,3849,7510,-188,7,8,금
2022-07-08,장항선,쌍용(나사렛대),2305,2052,4357,253,7,8,금
2022-07-08,장항선,봉명,1347,1297,2644,50,7,8,금
2022-07-08,일산선,대화,14422,11205,25627,3217,7,8,금
2022-07-08,일산선,주엽,10203,10158,20361,45,7,8,금
2022-07-08,일산선,정발산,8248,8728,16976,-480,7,8,금
2022-07-08,일산선,마두,8299,8494,16793,-195,7,8,금
2022-07-08,일산선,백석,10712,10628,21340,84,7,8,금
2022-07-08,일산선,대곡,2394,1881,4275,513,7,8,금
2022-07-08,일산선,화정,18046,18462,36508,-416,7,8,금
2022-07-08,일산선,원당,12067,11021,23088,1046,7,8,금
2022-07-08,일산선,삼송,21240,20192,41432,1048,7,8,금
2022-07-08,일산선,원흥,11884,10967,22851,917,7,8,금
2022-07-08,우이신설선,신설동,2313,2233,4546,80,7,8,금
2022-07-08,우이신설선,보문,1609,1600,3209,9,7,8,금
2022-07-08,우이신설선,성신여대입구(돈암),3814,4193,8007,-379,7,8,금
2022-07-08,우이신설선,정릉,4974,4518,9492,456,7,8,금
2022-07-08,우이신설선,북한산보국문,6384,5884,12268,500,7,8,금
2022-07-08,우이신설선,솔샘,6424,5913,12337,511,7,8,금
2022-07-08,우이신설선,삼양사거리,2682,2650,5332,32,7,8,금
2022-07-08,우이신설선,삼양,2132,2280,4412,-148,7,8,금
2022-07-08,우이신설선,화계,3737,3467,7204,270,7,8,금
2022-07-08,우이신설선,가오리,4563,4513,9076,50,7,8,금
2022-07-08,우이신설선,4.19민주묘지,3134,2829,5963,305,7,8,금
2022-07-08,우이신설선,솔밭공원,2656,2475,5131,181,7,8,금
2022-07-08,우이신설선,북한산우이,3141,2846,5987,295,7,8,금
2022-07-08,안산선,수리산,4502,3532,8034,970,7,8,금
2022-07-08,안산선,오이도,9068,8763,17831,305,7,8,금
2022-07-08,안산선,정왕,8874,9039,17913,-165,7,8,금
2022-07-08,안산선,신길온천,1997,1770,3767,227,7,8,금
2022-07-08,안산선,안산,12330,11539,23869,791,7,8,금
2022-07-08,안산선,초지,5192,5176,10368,16,7,8,금
2022-07-08,안산선,고잔,9625,8995,18620,630,7,8,금
2022-07-08,안산선,중앙,19396,20920,40316,-1524,7,8,금
2022-07-08,안산선,한대앞,10045,9819,19864,226,7,8,금
2022-07-08,안산선,상록수,16593,16779,33372,-186,7,8,금
2022-07-08,안산선,반월,4866,4528,9394,338,7,8,금
2022-07-08,안산선,대야미,5591,4752,10343,839,7,8,금
2022-07-08,안산선,산본,17357,19065,36422,-1708,7,8,금
2022-07-08,신림선,관악산(서울대),2577,2513,5090,64,7,8,금
2022-07-08,신림선,서울대벤처타운,6743,6518,13261,225,7,8,금
2022-07-08,신림선,서원,2942,2459,5401,483,7,8,금
2022-07-08,신림선,신림,1650,2156,3806,-506,7,8,금
2022-07-08,신림선,당곡,3858,3592,7450,266,7,8,금
2022-07-08,신림선,보라매병원,5965,6405,12370,-440,7,8,금
2022-07-08,신림선,보라매공원,1817,1937,3754,-120,7,8,금
2022-07-08,신림선,보라매,2966,2588,5554,378,7,8,금
2022-07-08,신림선,서울지방병무청,2352,2506,4858,-154,7,8,금
2022-07-08,신림선,대방,2125,1515,3640,610,7,8,금
2022-07-08,신림선,샛강,2136,2815,4951,-679,7,8,금
2022-07-08,수인선,인천,1181,1795,2976,-614,7,8,금
2022-07-08,수인선,신포,2020,2086,4106,-66,7,8,금
2022-07-08,수인선,숭의,4283,3908,8191,375,7,8,금
2022-07-08,수인선,인하대,6373,5914,12287,459,7,8,금
2022-07-08,수인선,송도,2684,2399,5083,285,7,8,금
2022-07-08,수인선,원인재,4768,4904,9672,-136,7,8,금
2022-07-08,수인선,남동인더스파크,2415,2730,5145,-315,7,8,금
2022-07-08,수인선,호구포,4529,4583,9112,-54,7,8,금
2022-07-08,수인선,인천논현,6001,6437,12438,-436,7,8,금
2022-07-08,수인선,소래포구,5061,4757,9818,304,7,8,금
2022-07-08,수인선,월곶,3075,2887,5962,188,7,8,금
2022-07-08,수인선,달월,110,72,182,38,7,8,금
2022-07-08,수인선,사리,5316,4427,9743,889,7,8,금
2022-07-08,수인선,야목,432,314,746,118,7,8,금
2022-07-08,수인선,어천,936,863,1799,73,7,8,금
2022-07-08,수인선,오목천,3482,3026,6508,456,7,8,금
2022-07-08,수인선,고색,4955,4478,9433,477,7,8,금
2022-07-08,분당선,매교,3485,3402,6887,83,7,8,금
2022-07-08,분당선,수원시청,13964,16525,30489,-2561,7,8,금
2022-07-08,분당선,매탄권선,5925,5596,11521,329,7,8,금
2022-07-08,분당선,망포,16970,15436,32406,1534,7,8,금
2022-07-08,분당선,영통,9533,9715,19248,-182,7,8,금
2022-07-08,분당선,청명,5025,4545,9570,480,7,8,금
2022-07-08,분당선,상갈,5950,5596,11546,354,7,8,금
2022-07-08,분당선,기흥,10865,10128,20993,737,7,8,금
2022-07-08,분당선,신갈,5084,4895,9979,189,7,8,금
2022-07-08,분당선,구성,5503,5614,11117,-111,7,8,금
2022-07-08,분당선,죽전,14821,16018,30839,-1197,7,8,금
2022-07-08,분당선,보정,2958,2589,5547,369,7,8,금
2022-07-08,분당선,이매,6609,5944,12553,665,7,8,금
2022-07-08,분당선,오리,13078,10716,23794,2362,7,8,금
2022-07-08,분당선,미금,17066,18056,35122,-990,7,8,금
2022-07-08,분당선,정자,20764,21887,42651,-1123,7,8,금
2022-07-08,분당선,수내,15219,15188,30407,31,7,8,금
2022-07-08,분당선,서현,28695,29273,57968,-578,7,8,금
2022-07-08,분당선,야탑,28635,30466,59101,-1831,7,8,금
2022-07-08,분당선,모란,21172,21751,42923,-579,7,8,금
2022-07-08,분당선,태평,14605,13586,28191,1019,7,8,금
2022-07-08,분당선,가천대,7485,7879,15364,-394,7,8,금
2022-07-08,분당선,선정릉,8544,9117,17661,-573,7,8,금
2022-07-08,분당선,강남구청,10544,12242,22786,-1698,7,8,금
2022-07-08,분당선,압구정로데오,21846,26043,47889,-4197,7,8,금
2022-07-08,분당선,서울숲,12478,12710,25188,-232,7,8,금
2022-07-08,분당선,수원,9035,7936,16971,1099,7,8,금
2022-07-08,분당선,복정,1,0,1,1,7,8,금
2022-07-08,분당선,수서,15809,16535,32344,-726,7,8,금
2022-07-08,분당선,대모산입구,4978,4588,9566,390,7,8,금
2022-07-08,분당선,개포동,4444,4526,8970,-82,7,8,금
2022-07-08,분당선,구룡,2585,2287,4872,298,7,8,금
2022-07-08,분당선,도곡,8029,7778,15807,251,7,8,금
2022-07-08,분당선,한티,16804,17383,34187,-579,7,8,금
2022-07-08,분당선,선릉,14606,22641,37247,-8035,7,8,금
2022-07-08,과천선,범계,29263,29377,58640,-114,7,8,금
2022-07-08,과천선,평촌,19358,18962,38320,396,7,8,금
2022-07-08,과천선,인덕원,26765,27308,54073,-543,7,8,금
2022-07-08,과천선,정부과천청사,11881,11504,23385,377,7,8,금
2022-07-08,과천선,과천,7051,6543,13594,508,7,8,금
2022-07-08,과천선,대공원,3650,3758,7408,-108,7,8,금
2022-07-08,과천선,경마공원,8935,9140,18075,-205,7,8,금
2022-07-08,과천선,선바위,8904,7586,16490,1318,7,8,금
2022-07-08,공항철도 1호선,영종,3719,3865,7584,-146,7,8,금
2022-07-08,공항철도 1호선,인천공항2터미널,3861,3563,7424,298,7,8,금
2022-07-08,공항철도 1호선,인천공항1터미널,7440,7390,14830,50,7,8,금
2022-07-08,공항철도 1호선,공항화물청사,2382,2550,4932,-168,7,8,금
2022-07-08,공항철도 1호선,운서,8370,8461,16831,-91,7,8,금
2022-07-08,공항철도 1호선,청라국제도시,7900,7472,15372,428,7,8,금
2022-07-08,공항철도 1호선,검암,7349,7286,14635,63,7,8,금
2022-07-08,공항철도 1호선,계양,11966,10909,22875,1057,7,8,금
2022-07-08,공항철도 1호선,김포공항,14984,7666,22650,7318,7,8,금
2022-07-08,공항철도 1호선,마곡나루(서울식물원),9941,9142,19083,799,7,8,금
2022-07-08,공항철도 1호선,디지털미디어시티,15429,14177,29606,1252,7,8,금
2022-07-08,공항철도 1호선,홍대입구,12266,12726,24992,-460,7,8,금
2022-07-08,공항철도 1호선,공덕,2722,3523,6245,-801,7,8,금
2022-07-08,공항철도 1호선,서울역,10630,10351,20981,279,7,8,금
2022-07-08,경춘선,춘천,1485,1401,2886,84,7,8,금
2022-07-08,경춘선,남춘천,2738,2950,5688,-212,7,8,금
2022-07-08,경춘선,김유정,298,362,660,-64,7,8,금
2022-07-08,경춘선,강촌,381,459,840,-78,7,8,금
2022-07-08,경춘선,백양리,95,83,178,12,7,8,금
2022-07-08,경춘선,굴봉산,149,199,348,-50,7,8,금
2022-07-08,경춘선,가평,2475,2647,5122,-172,7,8,금
2022-07-08,경춘선,상천,320,266,586,54,7,8,금
2022-07-08,경춘선,청평,2141,2339,4480,-198,7,8,금
2022-07-08,경춘선,대성리,1173,1903,3076,-730,7,8,금
2022-07-08,경춘선,마석,4540,4470,9010,70,7,8,금
2022-07-08,경춘선,천마산,1787,1597,3384,190,7,8,금
2022-07-08,경춘선,평내호평,6780,6865,13645,-85,7,8,금
2022-07-08,경춘선,금곡,1679,1703,3382,-24,7,8,금
2022-07-08,경춘선,사릉,2483,2435,4918,48,7,8,금
2022-07-08,경춘선,퇴계원,3862,3422,7284,440,7,8,금
2022-07-08,경춘선,별내,3509,3307,6816,202,7,8,금
2022-07-08,경춘선,갈매,3222,2829,6051,393,7,8,금
2022-07-08,경춘선,신내,2407,2226,4633,181,7,8,금
2022-07-08,경인선,도화,4691,4283,8974,408,7,8,금
2022-07-08,경인선,중동,10187,9485,19672,702,7,8,금
2022-07-08,경인선,온수(성공회대입구),7383,6796,14179,587,7,8,금
2022-07-08,경인선,도원,3968,3938,7906,30,7,8,금
2022-07-08,경인선,간석,6590,6080,12670,510,7,8,금
2022-07-08,경인선,부개,9534,8561,18095,973,7,8,금
2022-07-08,경인선,소사,8990,8740,17730,250,7,8,금
2022-07-08,경인선,구일,7847,7749,15596,98,7,8,금
2022-07-08,경인선,인천,4090,3041,7131,1049,7,8,금
2022-07-08,경인선,동인천,15205,14476,29681,729,7,8,금
2022-07-08,경인선,제물포,11702,10949,22651,753,7,8,금
2022-07-08,경인선,주안,20650,18570,39220,2080,7,8,금
2022-07-08,경인선,동암,16967,16990,33957,-23,7,8,금
2022-07-08,경인선,백운,7733,7375,15108,358,7,8,금
2022-07-08,경인선,부평,32077,35670,67747,-3593,7,8,금
2022-07-08,경인선,송내,29273,29117,58390,156,7,8,금
2022-07-08,경인선,부천,34681,35325,70006,-644,7,8,금
2022-07-08,경인선,역곡,28858,28298,57156,560,7,8,금
2022-07-08,경인선,오류동,12931,11625,24556,1306,7,8,금
2022-07-08,경인선,개봉,22981,22188,45169,793,7,8,금
2022-07-08,경의선,계양,1,0,1,1,7,8,금
2022-07-08,경의선,임진강,16,8,24,8,7,8,금
2022-07-08,경의선,문산,6137,5937,12074,200,7,8,금
2022-07-08,경의선,파주,1278,754,2032,524,7,8,금
2022-07-08,경의선,월롱,3488,2593,6081,895,7,8,금
2022-07-08,경의선,금촌,7200,6993,14193,207,7,8,금
2022-07-08,경의선,금릉,5538,5353,10891,185,7,8,금
2022-07-08,경의선,운정,7658,7053,14711,605,7,8,금
2022-07-08,경의선,야당,8899,9067,17966,-168,7,8,금
2022-07-08,경의선,탄현,8640,8242,16882,398,7,8,금
2022-07-08,경의선,일산,10918,10636,21554,282,7,8,금
2022-07-08,경의선,풍산,6154,5675,11829,479,7,8,금
2022-07-08,경의선,백마,7674,7320,14994,354,7,8,금
2022-07-08,경의선,곡산,627,658,1285,-31,7,8,금
2022-07-08,경의선,능곡,4130,3813,7943,317,7,8,금
2022-07-08,경의선,행신,9014,9076,18090,-62,7,8,금
2022-07-08,경의선,강매,3539,2935,6474,604,7,8,금
2022-07-08,경의선,화전,2006,1764,3770,242,7,8,금
2022-07-08,경의선,수색,2945,3062,6007,-117,7,8,금
2022-07-08,경의선,디지털미디어시티,2879,2529,5408,350,7,8,금
2022-07-08,경의선,가좌,6008,5762,11770,246,7,8,금
2022-07-08,경의선,홍대입구,1971,2578,4549,-607,7,8,금
2022-07-08,경의선,서강대,2450,2360,4810,90,7,8,금
2022-07-08,경의선,공덕,4016,3725,7741,291,7,8,금
2022-07-08,경의선,효창공원앞,3256,3633,6889,-377,7,8,금
2022-07-08,경의선,신촌,946,1276,2222,-330,7,8,금
2022-07-08,경의선,서울역,4950,6500,11450,-1550,7,8,금
2022-07-08,경원선,소요산,2589,2432,5021,157,7,8,금
2022-07-08,경원선,동두천,2345,2548,4893,-203,7,8,금
2022-07-08,경원선,보산,1992,1657,3649,335,7,8,금
2022-07-08,경원선,동두천중앙,3473,3373,6846,100,7,8,금
2022-07-08,경원선,지행,7232,7136,14368,96,7,8,금
2022-07-08,경원선,덕정,5969,5540,11509,429,7,8,금
2022-07-08,경원선,덕계,3558,3081,6639,477,7,8,금
2022-07-08,경원선,양주,8279,7700,15979,579,7,8,금
2022-07-08,경원선,녹양,5016,4674,9690,342,7,8,금
2022-07-08,경원선,가능,7345,6949,14294,396,7,8,금
2022-07-08,경원선,의정부,19640,21229,40869,-1589,7,8,금
2022-07-08,경원선,회룡,13415,13354,26769,61,7,8,금
2022-07-08,경원선,망월사,8115,8047,16162,68,7,8,금
2022-07-08,경원선,도봉산,7523,4748,12271,2775,7,8,금
2022-07-08,경원선,도봉,6500,6152,12652,348,7,8,금
2022-07-08,경원선,방학,10436,10235,20671,201,7,8,금
2022-07-08,경원선,녹천,5245,4116,9361,1129,7,8,금
2022-07-08,경원선,월계,7055,6484,13539,571,7,8,금
2022-07-08,경원선,광운대,7917,7407,15324,510,7,8,금
2022-07-08,경원선,석계,8770,9604,18374,-834,7,8,금
2022-07-08,경원선,신이문,9100,8140,17240,960,7,8,금
2022-07-08,경원선,외대앞,8093,7801,15894,292,7,8,금
2022-07-08,경원선,청량리(서울시립대입구),18109,19259,37368,-1150,7,8,금
2022-07-08,경원선,왕십리(성동구청),16577,18381,34958,-1804,7,8,금
2022-07-08,경원선,응봉,2131,1707,3838,424,7,8,금
2022-07-08,경원선,옥수,70,35,105,35,7,8,금
2022-07-08,경원선,한남,4438,4284,8722,154,7,8,금
2022-07-08,경원선,서빙고,2229,1991,4220,238,7,8,금
2022-07-08,경원선,이촌(국립중앙박물관),4271,3213,7484,1058,7,8,금
2022-07-08,경부선,광명,4201,3813,8014,388,7,8,금
2022-07-08,경부선,서동탄,1527,1462,2989,65,7,8,금
2022-07-08,경부선,당정,6808,6263,13071,545,7,8,금
2022-07-08,경부선,천안,5908,6220,12128,-312,7,8,금
2022-07-08,경부선,두정,6751,6553,13304,198,7,8,금
2022-07-08,경부선,직산,1000,920,1920,80,7,8,금
2022-07-08,경부선,성환,3990,3558,7548,432,7,8,금
2022-07-08,경부선,평택,13725,13515,27240,210,7,8,금
2022-07-08,경부선,평택지제,4656,4313,8969,343,7,8,금
2022-07-08,경부선,서정리,9049,7070,16119,1979,7,8,금
2022-07-08,경부선,송탄,5305,4667,9972,638,7,8,금
2022-07-08,경부선,진위,2013,1668,3681,345,7,8,금
2022-07-08,경부선,오산,10923,10726,21649,197,7,8,금
2022-07-08,경부선,오산대,3965,3613,7578,352,7,8,금
2022-07-08,경부선,세마,3310,3040,6350,270,7,8,금
2022-07-08,경부선,병점,15994,15621,31615,373,7,8,금
2022-07-08,경부선,세류,3488,3193,6681,295,7,8,금
2022-07-08,경부선,독산,19635,20082,39717,-447,7,8,금
2022-07-08,경부선,수원,38515,42478,80993,-3963,7,8,금
2022-07-08,경부선,화서,8755,8319,17074,436,7,8,금
2022-07-08,경부선,성균관대,15515,14947,30462,568,7,8,금
2022-07-08,경부선,의왕,9570,9399,18969,171,7,8,금
2022-07-08,경부선,군포,7973,7834,15807,139,7,8,금
2022-07-08,경부선,금정,29369,29199,58568,170,7,8,금
2022-07-08,경부선,명학,9671,9379,19050,292,7,8,금
2022-07-08,경부선,안양,23520,23362,46882,158,7,8,금
2022-07-08,경부선,관악,7801,7390,15191,411,7,8,금
2022-07-08,경부선,석수,10203,8937,19140,1266,7,8,금
2022-07-08,경부선,금천구청,12392,12186,24578,206,7,8,금
2022-07-08,경부선,가산디지털단지,19394,22348,41742,-2954,7,8,금
2022-07-08,경부선,구로,19688,20449,40137,-761,7,8,금
2022-07-08,경부선,신길,9779,8174,17953,1605,7,8,금
2022-07-08,경부선,신도림,4473,4518,8991,-45,7,8,금
2022-07-08,경부선,영등포,45127,48356,93483,-3229,7,8,금
2022-07-08,경부선,대방,12004,12783,24787,-779,7,8,금
2022-07-08,경부선,노량진,8573,8162,16735,411,7,8,금
2022-07-08,경부선,용산,44950,47214,92164,-2264,7,8,금
2022-07-08,경부선,남영,10326,10711,21037,-385,7,8,금
2022-07-08,경부선,서울역,9850,3018,12868,6832,7,8,금
2022-07-08,경강선,여주,2585,2621,5206,-36,7,8,금
2022-07-08,경강선,세종대왕릉,388,394,782,-6,7,8,금
2022-07-08,경강선,부발,2828,2273,5101,555,7,8,금
2022-07-08,경강선,이천,3025,3179,6204,-154,7,8,금
2022-07-08,경강선,신둔도예촌,1713,1602,3315,111,7,8,금
2022-07-08,경강선,곤지암,2469,2432,4901,37,7,8,금
2022-07-08,경강선,초월,3712,3341,7053,371,7,8,금
2022-07-08,경강선,경기광주,8557,7859,16416,698,7,8,금
2022-07-08,경강선,삼동,2641,2338,4979,303,7,8,금
2022-07-08,경강선,이매,1320,1074,2394,246,7,8,금
2022-07-08,경강선,판교,5642,5635,11277,7,7,8,금
2022-07-08,9호선2~3단계,중앙보훈병원,11993,10409,22402,1584,7,8,금
2022-07-08,9호선2~3단계,둔촌오륜,1333,1195,2528,138,7,8,금
2022-07-08,9호선2~3단계,올림픽공원(한국체대),6718,6649,13367,69,7,8,금
2022-07-08,9호선2~3단계,한성백제,2871,2512,5383,359,7,8,금
2022-07-08,9호선2~3단계,송파나루,5741,6279,12020,-538,7,8,금
2022-07-08,9호선2~3단계,석촌,9755,8396,18151,1359,7,8,금
2022-07-08,9호선2~3단계,석촌고분,7020,6585,13605,435,7,8,금
2022-07-08,9호선2~3단계,삼전,7649,7081,14730,568,7,8,금
2022-07-08,9호선2~3단계,종합운동장,4815,4905,9720,-90,7,8,금
2022-07-08,9호선2~3단계,봉은사,24223,25058,49281,-835,7,8,금
2022-07-08,9호선2~3단계,삼성중앙,8226,8564,16790,-338,7,8,금
2022-07-08,9호선2~3단계,선정릉,11216,12158,23374,-942,7,8,금
2022-07-08,9호선2~3단계,언주,12042,12213,24255,-171,7,8,금
2022-07-08,9호선,신논현,35756,36842,72598,-1086,7,8,금
2022-07-08,9호선,사평,4358,4149,8507,209,7,8,금
2022-07-08,9호선,고속터미널,15685,21317,37002,-5632,7,8,금
2022-07-08,9호선,신반포,4298,4077,8375,221,7,8,금
2022-07-08,9호선,구반포,1291,1335,2626,-44,7,8,금
2022-07-08,9호선,동작(현충원),2138,1681,3819,457,7,8,금
2022-07-08,9호선,흑석(중앙대입구),8980,9291,18271,-311,7,8,금
2022-07-08,9호선,노들,5215,4202,9417,1013,7,8,금
2022-07-08,9호선,노량진,27502,26633,54135,869,7,8,금
2022-07-08,9호선,샛강,6757,6800,13557,-43,7,8,금
2022-07-08,9호선,여의도,32189,30126,62315,2063,7,8,금
2022-07-08,9호선,국회의사당,18414,19038,37452,-624,7,8,금
2022-07-08,9호선,당산,20679,20646,41325,33,7,8,금
2022-07-08,9호선,선유도,9687,9196,18883,491,7,8,금
2022-07-08,9호선,신목동,4758,4035,8793,723,7,8,금
2022-07-08,9호선,염창,19168,18061,37229,1107,7,8,금
2022-07-08,9호선,등촌,12491,11906,24397,585,7,8,금
2022-07-08,9호선,증미,8122,7736,15858,386,7,8,금
2022-07-08,9호선,가양,23108,22133,45241,975,7,8,금
2022-07-08,9호선,양천향교,10524,10482,21006,42,7,8,금
2022-07-08,9호선,마곡나루(서울식물원),13604,13628,27232,-24,7,8,금
2022-07-08,9호선,신방화,7608,7102,14710,506,7,8,금
2022-07-08,9호선,공항시장,3235,3470,6705,-235,7,8,금
2022-07-08,9호선,김포공항,9728,14102,23830,-4374,7,8,금
2022-07-08,9호선,개화,2865,1918,4783,947,7,8,금
2022-07-08,8호선,남위례,6025,6257,12282,-232,7,8,금
2022-07-08,8호선,모란,4888,4044,8932,844,7,8,금
2022-07-08,8호선,수진,5930,5325,11255,605,7,8,금
2022-07-08,8호선,신흥,4737,4979,9716,-242,7,8,금
2022-07-08,8호선,단대오거리,11221,10736,21957,485,7,8,금
2022-07-08,8호선,남한산성입구(성남법원.검찰청),14945,12953,27898,1992,7,8,금
2022-07-08,8호선,산성,5736,5497,11233,239,7,8,금
2022-07-08,8호선,복정,10043,8326,18369,1717,7,8,금
2022-07-08,8호선,장지,18910,17943,36853,967,7,8,금
2022-07-08,8호선,문정,23395,24391,47786,-996,7,8,금
2022-07-08,8호선,가락시장,8195,9270,17465,-1075,7,8,금
2022-07-08,8호선,송파,9569,9229,18798,340,7,8,금
2022-07-08,8호선,석촌,8154,9524,17678,-1370,7,8,금
2022-07-08,8호선,잠실(송파구청),16285,19737,36022,-3452,7,8,금
2022-07-08,8호선,몽촌토성(평화의문),6674,6785,13459,-111,7,8,금
2022-07-08,8호선,강동구청,11264,11422,22686,-158,7,8,금
2022-07-08,8호선,천호(풍납토성),15963,19037,35000,-3074,7,8,금
2022-07-08,8호선,암사,20414,17623,38037,2791,7,8,금
2022-07-08,7호선,온수(성공회대입구),10892,9895,20787,997,7,8,금
2022-07-08,7호선,천왕,12638,11827,24465,811,7,8,금
2022-07-08,7호선,광명사거리,23575,23216,46791,359,7,8,금
2022-07-08,7호선,철산,23228,23677,46905,-449,7,8,금
2022-07-08,7호선,가산디지털단지,47843,47871,95714,-28,7,8,금
2022-07-08,7호선,남구로,16424,17277,33701,-853,7,8,금
2022-07-08,7호선,대림(구로구청),8464,8670,17134,-206,7,8,금
2022-07-08,7호선,신풍,12649,11825,24474,824,7,8,금
2022-07-08,7호선,보라매,8624,8493,17117,131,7,8,금
2022-07-08,7호선,신대방삼거리,16701,15409,32110,1292,7,8,금
2022-07-08,7호선,장승배기,9973,9493,19466,480,7,8,금
2022-07-08,7호선,상도,12171,11377,23548,794,7,8,금
2022-07-08,7호선,숭실대입구(살피재),13159,13028,26187,131,7,8,금
2022-07-08,7호선,남성,12125,10797,22922,1328,7,8,금
2022-07-08,7호선,이수,18138,18014,36152,124,7,8,금
2022-07-08,7호선,내방,15645,15885,31530,-240,7,8,금
2022-07-08,7호선,고속터미널,19122,15866,34988,3256,7,8,금
2022-07-08,7호선,반포,6588,6337,12925,251,7,8,금
2022-07-08,7호선,논현,20555,22096,42651,-1541,7,8,금
2022-07-08,7호선,학동,25488,27362,52850,-1874,7,8,금
2022-07-08,7호선,강남구청,18000,20253,38253,-2253,7,8,금
2022-07-08,7호선,청담,21247,24003,45250,-2756,7,8,금
2022-07-08,7호선,뚝섬유원지,9376,8862,18238,514,7,8,금
2022-07-08,7호선,건대입구,13868,14812,28680,-944,7,8,금
2022-07-08,7호선,어린이대공원(세종대),14148,13735,27883,413,7,8,금
2022-07-08,7호선,군자(능동),16415,12737,29152,3678,7,8,금
2022-07-08,7호선,중곡,12005,10849,22854,1156,7,8,금
2022-07-08,7호선,용마산(용마폭포공원),6410,5953,12363,457,7,8,금
2022-07-08,7호선,사가정,17058,16776,33834,282,7,8,금
2022-07-08,7호선,면목,15979,15205,31184,774,7,8,금
2022-07-08,7호선,상봉(시외버스터미널),18140,17728,35868,412,7,8,금
2022-07-08,7호선,중화,11575,11071,22646,504,7,8,금
2022-07-08,7호선,먹골,10957,10537,21494,420,7,8,금
2022-07-08,7호선,태릉입구,9070,8684,17754,386,7,8,금
2022-07-08,7호선,공릉(서울과학기술대),13128,12643,25771,485,7,8,금
2022-07-08,7호선,하계,18995,17444,36439,1551,7,8,금
2022-07-08,7호선,중계,15696,14052,29748,1644,7,8,금
2022-07-08,7호선,노원,21882,23656,45538,-1774,7,8,금
2022-07-08,7호선,마들,14108,12770,26878,1338,7,8,금
2022-07-08,7호선,수락산,13347,13060,26407,287,7,8,금
2022-07-08,7호선,도봉산,9407,10551,19958,-1144,7,8,금
2022-07-08,7호선,장암,2389,992,3381,1397,7,8,금
2022-07-08,6호선,봉화산(서울의료원),9470,8956,18426,514,7,8,금
2022-07-08,6호선,화랑대(서울여대입구),12350,9294,21644,3056,7,8,금
2022-07-08,6호선,태릉입구,5994,6372,12366,-378,7,8,금
2022-07-08,6호선,석계,13094,13378,26472,-284,7,8,금
2022-07-08,6호선,돌곶이,9863,8841,18704,1022,7,8,금
2022-07-08,6호선,상월곡(한국과학기술연구원),6630,5840,12470,790,7,8,금
2022-07-08,6호선,월곡(동덕여대),12387,11909,24296,478,7,8,금
2022-07-08,6호선,고려대(종암),8859,8524,17383,335,7,8,금
2022-07-08,6호선,안암(고대병원앞),11514,11026,22540,488,7,8,금
2022-07-08,6호선,보문,8529,7452,15981,1077,7,8,금
2022-07-08,6호선,창신,3825,3026,6851,799,7,8,금
2022-07-08,6호선,동묘앞,8425,8198,16623,227,7,8,금
2022-07-08,6호선,신당,8385,8058,16443,327,7,8,금
2022-07-08,6호선,청구,3941,4032,7973,-91,7,8,금
2022-07-08,6호선,약수,3955,3982,7937,-27,7,8,금
2022-07-08,6호선,버티고개,2277,2170,4447,107,7,8,금
2022-07-08,6호선,한강진,8555,10211,18766,-1656,7,8,금
2022-07-08,6호선,이태원,12770,17658,30428,-4888,7,8,금
2022-07-08,6호선,녹사평(용산구청),5666,5989,11655,-323,7,8,금
2022-07-08,6호선,삼각지,7733,6513,14246,1220,7,8,금
2022-07-08,6호선,효창공원앞,7660,6774,14434,886,7,8,금
2022-07-08,6호선,공덕,20548,19794,40342,754,7,8,금
2022-07-08,6호선,대흥(서강대앞),9353,9367,18720,-14,7,8,금
2022-07-08,6호선,광흥창(서강),9904,9504,19408,400,7,8,금
2022-07-08,6호선,상수,9906,12041,21947,-2135,7,8,금
2022-07-08,6호선,합정,14901,15081,29982,-180,7,8,금
2022-07-08,6호선,망원,14853,16080,30933,-1227,7,8,금
2022-07-08,6호선,마포구청,15307,13481,28788,1826,7,8,금
2022-07-08,6호선,월드컵경기장(성산),4792,5031,9823,-239,7,8,금
2022-07-08,6호선,디지털미디어시티,15081,16664,31745,-1583,7,8,금
2022-07-08,6호선,증산(명지대앞),10671,10319,20990,352,7,8,금
2022-07-08,6호선,새절(신사),13500,12292,25792,1208,7,8,금
2022-07-08,6호선,구산,8509,6368,14877,2141,7,8,금
2022-07-08,6호선,독바위,2996,3014,6010,-18,7,8,금
2022-07-08,6호선,불광,4689,4703,9392,-14,7,8,금
2022-07-08,6호선,역촌,4097,4481,8578,-384,7,8,금
2022-07-08,6호선,응암,18690,18111,36801,579,7,8,금
2022-07-08,5호선,하남검단산,6363,6014,12377,349,7,8,금
2022-07-08,5호선,하남시청(덕풍·신장),7586,7308,14894,278,7,8,금
2022-07-08,5호선,하남풍산,4752,4690,9442,62,7,8,금
2022-07-08,5호선,미사,17601,17797,35398,-196,7,8,금
2022-07-08,5호선,강일,4882,4706,9588,176,7,8,금
2022-07-08,5호선,마천,7894,7412,15306,482,7,8,금
2022-07-08,5호선,거여,11018,10464,21482,554,7,8,금
2022-07-08,5호선,개롱,7186,7273,14459,-87,7,8,금
2022-07-08,5호선,오금,3945,4101,8046,-156,7,8,금
2022-07-08,5호선,방이,7561,7897,15458,-336,7,8,금
2022-07-08,5호선,올림픽공원(한국체대),4642,3822,8464,820,7,8,금
2022-07-08,5호선,둔촌동,8635,8702,17337,-67,7,8,금
2022-07-08,5호선,상일동,16339,14583,30922,1756,7,8,금
2022-07-08,5호선,고덕,11046,10678,21724,368,7,8,금
2022-07-08,5호선,명일,9838,9972,19810,-134,7,8,금
2022-07-08,5호선,굽은다리(강동구민회관앞),10599,10296,20895,303,7,8,금
2022-07-08,5호선,길동,8796,9076,17872,-280,7,8,금
2022-07-08,5호선,강동,20221,18744,38965,1477,7,8,금
2022-07-08,5호선,천호(풍납토성),20616,20828,41444,-212,7,8,금
2022-07-08,5호선,광나루(장신대),14104,12976,27080,1128,7,8,금
2022-07-08,5호선,아차산(어린이대공원후문),15621,14730,30351,891,7,8,금
2022-07-08,5호선,군자(능동),11958,13291,25249,-1333,7,8,금
2022-07-08,5호선,장한평,19952,19632,39584,320,7,8,금
2022-07-08,5호선,답십리,17211,15256,32467,1955,7,8,금
2022-07-08,5호선,마장,5938,5397,11335,541,7,8,금
2022-07-08,5호선,왕십리(성동구청),4862,6021,10883,-1159,7,8,금
2022-07-08,5호선,행당,8930,7618,16548,1312,7,8,금
2022-07-08,5호선,신금호,7187,7137,14324,50,7,8,금
2022-07-08,5호선,청구,4372,3860,8232,512,7,8,금
2022-07-08,5호선,동대문역사문화공원(DDP),2783,3413,6196,-630,7,8,금
2022-07-08,5호선,을지로4가,6368,6716,13084,-348,7,8,금
2022-07-08,5호선,종로3가,14384,15029,29413,-645,7,8,금
2022-07-08,5호선,광화문(세종문화회관),33737,36066,69803,-2329,7,8,금
2022-07-08,5호선,서대문,20346,20554,40900,-208,7,8,금
2022-07-08,5호선,충정로(경기대입구),4623,4690,9313,-67,7,8,금
2022-07-08,5호선,애오개,7274,6984,14258,290,7,8,금
2022-07-08,5호선,공덕,15417,16448,31865,-1031,7,8,금
2022-07-08,5호선,마포,15465,16083,31548,-618,7,8,금
2022-07-08,5호선,여의나루,11997,13020,25017,-1023,7,8,금
2022-07-08,5호선,여의도,30695,33486,64181,-2791,7,8,금
2022-07-08,5호선,신길,4618,4772,9390,-154,7,8,금
2022-07-08,5호선,영등포시장,11387,11632,23019,-245,7,8,금
2022-07-08,5호선,영등포구청,4239,4414,8653,-175,7,8,금
2022-07-08,5호선,양평,7934,7630,15564,304,7,8,금
2022-07-08,5호선,오목교(목동운동장앞),24113,25958,50071,-1845,7,8,금
2022-07-08,5호선,목동,18524,19424,37948,-900,7,8,금
2022-07-08,5호선,신정(은행정),15298,12066,27364,3232,7,8,금
2022-07-08,5호선,까치산,31463,29250,60713,2213,7,8,금
2022-07-08,5호선,화곡,30993,28069,59062,2924,7,8,금
2022-07-08,5호선,우장산,16413,15597,32010,816,7,8,금
2022-07-08,5호선,발산,22129,23856,45985,-1727,7,8,금
2022-07-08,5호선,마곡,11664,11703,23367,-39,7,8,금
2022-07-08,5호선,송정,7223,6514,13737,709,7,8,금
2022-07-08,5호선,김포공항,9289,8905,18194,384,7,8,금
2022-07-08,5호선,개화산,6196,5861,12057,335,7,8,금
2022-07-08,5호선,방화,7553,7204,14757,349,7,8,금
2022-07-08,4호선,남태령,1525,1259,2784,266,7,8,금
2022-07-08,4호선,사당,28753,24709,53462,4044,7,8,금
2022-07-08,4호선,총신대입구(이수),20712,22493,43205,-1781,7,8,금
2022-07-08,4호선,동작(현충원),1595,1714,3309,-119,7,8,금
2022-07-08,4호선,이촌(국립중앙박물관),9350,10360,19710,-1010,7,8,금
2022-07-08,4호선,신용산,19408,20599,40007,-1191,7,8,금
2022-07-08,4호선,삼각지,5829,6602,12431,-773,7,8,금
2022-07-08,4호선,숙대입구(갈월),14447,13893,28340,554,7,8,금
2022-07-08,4호선,서울역,12607,21288,33895,-8681,7,8,금
2022-07-08,4호선,회현(남대문시장),25557,27035,52592,-1478,7,8,금
2022-07-08,4호선,명동,21584,22586,44170,-1002,7,8,금
2022-07-08,4호선,충무로,27465,28997,56462,-1532,7,8,금
2022-07-08,4호선,동대문역사문화공원(DDP),15969,13823,29792,2146,7,8,금
2022-07-08,4호선,동대문,20983,21050,42033,-67,7,8,금
2022-07-08,4호선,혜화,36020,36204,72224,-184,7,8,금
2022-07-08,4호선,한성대입구(삼선교),14090,13541,27631,549,7,8,금
2022-07-08,4호선,성신여대입구(돈암),21166,20546,41712,620,7,8,금
2022-07-08,4호선,길음,21851,20558,42409,1293,7,8,금
2022-07-08,4호선,미아사거리,29107,28243,57350,864,7,8,금
2022-07-08,4호선,미아(서울사이버대학),15814,14914,30728,900,7,8,금
2022-07-08,4호선,수유(강북구청),35475,35922,71397,-447,7,8,금
2022-07-08,4호선,쌍문,30094,27786,57880,2308,7,8,금
2022-07-08,4호선,창동,27668,29107,56775,-1439,7,8,금
2022-07-08,4호선,노원,19944,23327,43271,-3383,7,8,금
2022-07-08,4호선,상계,20508,18738,39246,1770,7,8,금
2022-07-08,4호선,당고개,9434,8404,17838,1030,7,8,금
2022-07-08,3호선,오금,6803,6023,12826,780,7,8,금
2022-07-08,3호선,경찰병원,7957,7787,15744,170,7,8,금
2022-07-08,3호선,가락시장,10116,9638,19754,478,7,8,금
2022-07-08,3호선,수서,19995,19878,39873,117,7,8,금
2022-07-08,3호선,일원,11666,10948,22614,718,7,8,금
2022-07-08,3호선,대청,11428,10393,21821,1035,7,8,금
2022-07-08,3호선,학여울,3605,3750,7355,-145,7,8,금
2022-07-08,3호선,대치,12225,12209,24434,16,7,8,금
2022-07-08,3호선,도곡,5903,5932,11835,-29,7,8,금
2022-07-08,3호선,매봉,13737,13102,26839,635,7,8,금
2022-07-08,3호선,양재(서초구청),41725,44344,86069,-2619,7,8,금
2022-07-08,3호선,남부터미널(예술의전당),33042,33755,66797,-713,7,8,금
2022-07-08,3호선,교대(법원.검찰청),16369,10452,26821,5917,7,8,금
2022-07-08,3호선,고속터미널,50468,53372,103840,-2904,7,8,금
2022-07-08,3호선,잠원,5331,5104,10435,227,7,8,금
2022-07-08,3호선,신사,32259,35535,67794,-3276,7,8,금
2022-07-08,3호선,압구정,36618,39581,76199,-2963,7,8,금
2022-07-08,3호선,옥수,9888,9923,19811,-35,7,8,금
2022-07-08,3호선,금호,8600,7748,16348,852,7,8,금
2022-07-08,3호선,약수,14124,13759,27883,365,7,8,금
2022-07-08,3호선,동대입구,8332,8758,17090,-426,7,8,금
2022-07-08,3호선,충무로,3,0,3,3,7,8,금
2022-07-08,3호선,을지로3가,11762,12130,23892,-368,7,8,금
2022-07-08,3호선,종로3가,11064,13310,24374,-2246,7,8,금
2022-07-08,3호선,안국,24770,25582,50352,-812,7,8,금
2022-07-08,3호선,경복궁(정부서울청사),22831,22880,45711,-49,7,8,금
2022-07-08,3호선,독립문,7456,7401,14857,55,7,8,금
2022-07-08,3호선,무악재,4293,4137,8430,156,7,8,금
2022-07-08,3호선,홍제,18473,17036,35509,1437,7,8,금
2022-07-08,3호선,녹번,16609,14485,31094,2124,7,8,금
2022-07-08,3호선,불광,16977,18094,35071,-1117,7,8,금
2022-07-08,3호선,연신내,38854,36442,75296,2412,7,8,금
2022-07-08,3호선,구파발,22636,21874,44510,762,7,8,금
2022-07-08,3호선,지축,5746,5275,11021,471,7,8,금
2022-07-08,2호선,용두(동대문구청),2581,2559,5140,22,7,8,금
2022-07-08,2호선,신정네거리,11011,11357,22368,-346,7,8,금
2022-07-08,2호선,양천구청,7437,7469,14906,-32,7,8,금
2022-07-08,2호선,도림천,1546,1612,3158,-66,7,8,금
2022-07-08,2호선,신설동,3886,3874,7760,12,7,8,금
2022-07-08,2호선,신답,1806,1938,3744,-132,7,8,금
2022-07-08,2호선,용답,3018,2774,5792,244,7,8,금
2022-07-08,2호선,충정로(경기대입구),10572,11160,21732,-588,7,8,금
2022-07-08,2호선,아현,11744,10844,22588,900,7,8,금
2022-07-08,2호선,이대,14522,14774,29296,-252,7,8,금
2022-07-08,2호선,신촌,39267,39752,79019,-485,7,8,금
2022-07-08,2호선,홍대입구,64588,72684,137272,-8096,7,8,금
2022-07-08,2호선,합정,34727,38908,73635,-4181,7,8,금
2022-07-08,2호선,당산,19451,22998,42449,-3547,7,8,금
2022-07-08,2호선,영등포구청,23499,24379,47878,-880,7,8,금
2022-07-08,2호선,신도림,52426,52173,104599,253,7,8,금
2022-07-08,2호선,대림(구로구청),25388,25957,51345,-569,7,8,금
2022-07-08,2호선,구로디지털단지,64495,64085,128580,410,7,8,금
2022-07-08,2호선,신대방,27488,26254,53742,1234,7,8,금
2022-07-08,2호선,신림,63732,61459,125191,2273,7,8,금
2022-07-08,2호선,봉천,26036,23204,49240,2832,7,8,금
2022-07-08,2호선,서울대입구(관악구청),51707,49630,101337,2077,7,8,금
2022-07-08,2호선,낙성대(강감찬),30471,28015,58486,2456,7,8,금
2022-07-08,2호선,사당,43860,48382,92242,-4522,7,8,금
2022-07-08,2호선,방배,17509,18283,35792,-774,7,8,금
2022-07-08,2호선,서초,23439,22373,45812,1066,7,8,금
2022-07-08,2호선,교대(법원.검찰청),37640,43016,80656,-5376,7,8,금
2022-07-08,2호선,강남,96077,95228,191305,849,7,8,금
2022-07-08,2호선,역삼,55656,63239,118895,-7583,7,8,금
2022-07-08,2호선,선릉,62845,55373,118218,7472,7,8,금
2022-07-08,2호선,삼성(무역센터),65316,65835,131151,-519,7,8,금
2022-07-08,2호선,종합운동장,13352,14616,27968,-1264,7,8,금
2022-07-08,2호선,잠실새내,24367,24923,49290,-556,7,8,금
2022-07-08,2호선,잠실(송파구청),81182,81096,162278,86,7,8,금
2022-07-08,2호선,잠실나루,16068,15282,31350,786,7,8,금
2022-07-08,2호선,강변(동서울터미널),35438,35148,70586,290,7,8,금
2022-07-08,2호선,구의(광진구청),25392,24725,50117,667,7,8,금
2022-07-08,2호선,건대입구,38776,43392,82168,-4616,7,8,금
2022-07-08,2호선,성수,40474,44913,85387,-4439,7,8,금
2022-07-08,2호선,뚝섬,24458,26195,50653,-1737,7,8,금
2022-07-08,2호선,한양대,9161,9666,18827,-505,7,8,금
2022-07-08,2호선,왕십리(성동구청),18021,15515,33536,2506,7,8,금
2022-07-08,2호선,상왕십리,15531,14900,30431,631,7,8,금
2022-07-08,2호선,신당,15134,15368,30502,-234,7,8,금
2022-07-08,2호선,동대문역사문화공원(DDP),13811,15189,29000,-1378,7,8,금
2022-07-08,2호선,을지로4가,13817,13887,27704,-70,7,8,금
2022-07-08,2호선,을지로3가,25492,26494,51986,-1002,7,8,금
2022-07-08,2호선,을지로입구,44742,46530,91272,-1788,7,8,금
2022-07-08,2호선,시청,25522,25145,50667,377,7,8,금
2022-07-08,1호선,동묘앞,8251,8626,16877,-375,7,8,금
2022-07-08,1호선,청량리(서울시립대입구),20840,20906,41746,-66,7,8,금
2022-07-08,1호선,제기동,17661,17919,35580,-258,7,8,금
2022-07-08,1호선,신설동,14755,14044,28799,711,7,8,금
2022-07-08,1호선,동대문,11418,9930,21348,1488,7,8,금
2022-07-08,1호선,종로5가,23758,24263,48021,-505,7,8,금
2022-07-08,1호선,종로3가,28695,27060,55755,1635,7,8,금
2022-07-08,1호선,종각,40341,40323,80664,18,7,8,금
2022-07-08,1호선,시청,25408,25658,51066,-250,7,8,금
2022-07-08,1호선,서울역,53055,52623,105678,432,7,8,금
2022-07-08,2호선,문래,24072,24922,48994,-850,7,8,금
2022-07-09,우이신설선,북한산우이,3906,4160,8066,-254,7,9,토
2022-07-09,안산선,수리산,3123,2659,5782,464,7,9,토
2022-07-09,안산선,오이도,8269,8394,16663,-125,7,9,토
2022-07-09,안산선,정왕,7208,7275,14483,-67,7,9,토
2022-07-09,안산선,신길온천,1679,1608,3287,71,7,9,토
2022-07-09,안산선,안산,10398,10743,21141,-345,7,9,토
2022-07-09,안산선,초지,3921,3712,7633,209,7,9,토
2022-07-09,안산선,고잔,6887,6849,13736,38,7,9,토
2022-07-09,안산선,중앙,17546,18571,36117,-1025,7,9,토
2022-07-09,안산선,한대앞,7638,7558,15196,80,7,9,토
2022-07-09,안산선,상록수,13391,12941,26332,450,7,9,토
2022-07-09,안산선,반월,3902,3680,7582,222,7,9,토
2022-07-09,안산선,대야미,4175,3746,7921,429,7,9,토
2022-07-09,안산선,산본,13790,14662,28452,-872,7,9,토
2022-07-09,신림선,관악산(서울대),4418,4648,9066,-230,7,9,토
2022-07-09,신림선,서울대벤처타운,5708,5094,10802,614,7,9,토
2022-07-09,신림선,서원,2298,1976,4274,322,7,9,토
2022-07-09,신림선,신림,1410,1909,3319,-499,7,9,토
2022-07-09,신림선,당곡,3058,2670,5728,388,7,9,토
2022-07-09,신림선,보라매병원,2968,3011,5979,-43,7,9,토
2022-07-09,신림선,보라매공원,1417,1419,2836,-2,7,9,토
2022-07-09,신림선,보라매,2190,1963,4153,227,7,9,토
2022-07-09,신림선,서울지방병무청,1668,1770,3438,-102,7,9,토
2022-07-09,신림선,대방,1794,1180,2974,614,7,9,토
2022-07-09,신림선,샛강,1099,1479,2578,-380,7,9,토
2022-07-09,수인선,인천,1378,2238,3616,-860,7,9,토
2022-07-09,수인선,신포,1578,1585,3163,-7,7,9,토
2022-07-09,수인선,숭의,2911,2668,5579,243,7,9,토
2022-07-09,수인선,인하대,4589,4278,8867,311,7,9,토
2022-07-09,수인선,송도,2100,2037,4137,63,7,9,토
2022-07-09,수인선,연수,4334,4411,8745,-77,7,9,토
2022-07-09,수인선,원인재,3870,4020,7890,-150,7,9,토
2022-07-09,수인선,남동인더스파크,1044,984,2028,60,7,9,토
2022-07-09,수인선,호구포,2830,2603,5433,227,7,9,토
2022-07-09,수인선,인천논현,4814,4974,9788,-160,7,9,토
2022-07-09,수인선,소래포구,5251,5198,10449,53,7,9,토
2022-07-09,수인선,월곶,2432,2325,4757,107,7,9,토
2022-07-09,수인선,달월,86,82,168,4,7,9,토
2022-07-09,수인선,사리,4046,3300,7346,746,7,9,토
2022-07-09,수인선,야목,313,294,607,19,7,9,토
2022-07-09,수인선,어천,951,805,1756,146,7,9,토
2022-07-09,수인선,오목천,2519,2007,4526,512,7,9,토
2022-07-09,수인선,고색,2793,2670,5463,123,7,9,토
2022-07-09,분당선,매교,2230,2182,4412,48,7,9,토
2022-07-09,분당선,수원시청,11722,13736,25458,-2014,7,9,토
2022-07-09,분당선,매탄권선,4096,3639,7735,457,7,9,토
2022-07-09,분당선,망포,10629,9581,20210,1048,7,9,토
2022-07-09,분당선,영통,7479,7489,14968,-10,7,9,토
2022-07-09,분당선,청명,3042,2992,6034,50,7,9,토
2022-07-09,분당선,상갈,4210,4102,8312,108,7,9,토
2022-07-09,분당선,기흥,7765,7268,15033,497,7,9,토
2022-07-09,분당선,신갈,3038,3016,6054,22,7,9,토
2022-07-09,분당선,구성,3789,3756,7545,33,7,9,토
2022-07-09,분당선,죽전,10784,12152,22936,-1368,7,9,토
2022-07-09,분당선,보정,1868,1643,3511,225,7,9,토
2022-07-09,분당선,이매,4352,4125,8477,227,7,9,토
2022-07-09,분당선,오리,8255,6686,14941,1569,7,9,토
2022-07-09,분당선,미금,11495,11956,23451,-461,7,9,토
2022-07-09,분당선,정자,11906,11800,23706,106,7,9,토
2022-07-09,분당선,수내,9822,9158,18980,664,7,9,토
2022-07-09,분당선,서현,21565,21745,43310,-180,7,9,토
2022-07-09,분당선,야탑,18940,19874,38814,-934,7,9,토
2022-07-09,분당선,모란,22656,23646,46302,-990,7,9,토
2022-07-09,분당선,태평,11449,10752,22201,697,7,9,토
2022-07-09,분당선,가천대,5170,5627,10797,-457,7,9,토
2022-07-09,분당선,선정릉,3373,3447,6820,-74,7,9,토
2022-07-09,분당선,강남구청,5155,6141,11296,-986,7,9,토
2022-07-09,분당선,압구정로데오,18583,22073,40656,-3490,7,9,토
2022-07-09,분당선,서울숲,9009,9519,18528,-510,7,9,토
2022-07-09,분당선,수원,8437,6812,15249,1625,7,9,토
2022-07-09,분당선,수서,11137,11543,22680,-406,7,9,토
2022-07-09,분당선,대모산입구,3405,3170,6575,235,7,9,토
2022-07-09,분당선,개포동,3146,3011,6157,135,7,9,토
2022-07-09,분당선,구룡,1463,1279,2742,184,7,9,토
2022-07-09,분당선,도곡,5008,4548,9556,460,7,9,토
2022-07-09,분당선,한티,13381,12774,26155,607,7,9,토
2022-07-09,분당선,선릉,5689,8582,14271,-2893,7,9,토
2022-07-09,과천선,범계,22985,22768,45753,217,7,9,토
2022-07-09,과천선,평촌,9978,9745,19723,233,7,9,토
2022-07-09,과천선,인덕원,18264,18114,36378,150,7,9,토
2022-07-09,과천선,정부과천청사,7461,7178,14639,283,7,9,토
2022-07-09,과천선,과천,5567,5126,10693,441,7,9,토
2022-07-09,과천선,대공원,12398,14776,27174,-2378,7,9,토
2022-07-09,과천선,경마공원,13942,14013,27955,-71,7,9,토
2022-07-09,과천선,선바위,6045,5318,11363,727,7,9,토
2022-07-09,공항철도 1호선,영종,3532,3475,7007,57,7,9,토
2022-07-09,공항철도 1호선,인천공항2터미널,3722,3335,7057,387,7,9,토
2022-07-09,공항철도 1호선,인천공항1터미널,8006,7406,15412,600,7,9,토
2022-07-09,공항철도 1호선,공항화물청사,1338,1359,2697,-21,7,9,토
2022-07-09,공항철도 1호선,운서,7277,7532,14809,-255,7,9,토
2022-07-09,공항철도 1호선,청라국제도시,4936,4769,9705,167,7,9,토
2022-07-09,공항철도 1호선,검암,4992,5112,10104,-120,7,9,토
2022-07-09,공항철도 1호선,계양,8204,7505,15709,699,7,9,토
2022-07-09,공항철도 1호선,김포공항,11829,5973,17802,5856,7,9,토
2022-07-09,공항철도 1호선,마곡나루(서울식물원),3309,3587,6896,-278,7,9,토
2022-07-09,공항철도 1호선,디지털미디어시티,6199,5665,11864,534,7,9,토
2022-07-09,공항철도 1호선,홍대입구,15123,15393,30516,-270,7,9,토
2022-07-09,공항철도 1호선,공덕,1782,2791,4573,-1009,7,9,토
2022-07-09,공항철도 1호선,서울역,9391,9401,18792,-10,7,9,토
2022-07-09,경춘선,춘천,2114,1954,4068,160,7,9,토
2022-07-09,경춘선,남춘천,3149,3382,6531,-233,7,9,토
2022-07-09,경춘선,김유정,496,625,1121,-129,7,9,토
2022-07-09,경춘선,강촌,745,872,1617,-127,7,9,토
2022-07-09,경춘선,백양리,108,170,278,-62,7,9,토
2022-07-09,경춘선,굴봉산,198,209,407,-11,7,9,토
2022-07-09,경춘선,가평,3208,4472,7680,-1264,7,9,토
2022-07-09,경춘선,상천,401,373,774,28,7,9,토
2022-07-09,경춘선,청평,2292,2703,4995,-411,7,9,토
2022-07-09,경춘선,대성리,1932,1669,3601,263,7,9,토
2022-07-09,경춘선,마석,3575,3474,7049,101,7,9,토
2022-07-09,경춘선,천마산,1462,1366,2828,96,7,9,토
2022-07-09,경춘선,평내호평,4987,4851,9838,136,7,9,토
2022-07-09,경춘선,금곡,1187,1086,2273,101,7,9,토
2022-07-09,경춘선,사릉,1891,1801,3692,90,7,9,토
2022-07-09,경춘선,퇴계원,2769,2416,5185,353,7,9,토
2022-07-09,경춘선,별내,2508,2323,4831,185,7,9,토
2022-07-09,경춘선,갈매,2148,1765,3913,383,7,9,토
2022-07-09,경춘선,신내,1425,1374,2799,51,7,9,토
2022-07-09,경인선,도화,3455,3223,6678,232,7,9,토
2022-07-09,경인선,중동,7176,6492,13668,684,7,9,토
2022-07-09,경인선,온수(성공회대입구),5264,4803,10067,461,7,9,토
2022-07-09,경인선,도원,2347,2323,4670,24,7,9,토
2022-07-09,경인선,간석,4662,4441,9103,221,7,9,토
2022-07-09,경인선,부개,7092,6387,13479,705,7,9,토
2022-07-09,경인선,소사,7293,7226,14519,67,7,9,토
2022-07-09,경인선,구일,6801,6591,13392,210,7,9,토
2022-07-09,경인선,인천,5053,4214,9267,839,7,9,토
2022-07-09,경인선,동인천,12608,12537,25145,71,7,9,토
2022-07-09,경인선,제물포,8107,7457,15564,650,7,9,토
2022-07-09,경인선,주안,16906,15124,32030,1782,7,9,토
2022-07-09,경인선,동암,13644,13665,27309,-21,7,9,토
2022-07-09,경인선,백운,6011,5982,11993,29,7,9,토
2022-07-09,경인선,부평,31378,34501,65879,-3123,7,9,토
2022-07-09,경인선,송내,19916,19447,39363,469,7,9,토
2022-07-09,경인선,부천,30905,31781,62686,-876,7,9,토
2022-07-09,경인선,역곡,21707,21013,42720,694,7,9,토
2022-07-09,경인선,오류동,9586,8472,18058,1114,7,9,토
2022-07-09,경인선,개봉,17479,16469,33948,1010,7,9,토
2022-07-09,경의선,임진강,75,60,135,15,7,9,토
2022-07-09,경의선,문산,5912,5563,11475,349,7,9,토
2022-07-09,경의선,파주,1002,703,1705,299,7,9,토
2022-07-09,경의선,월롱,1975,1662,3637,313,7,9,토
2022-07-09,경의선,금촌,6208,5791,11999,417,7,9,토
2022-07-09,경의선,금릉,4279,4043,8322,236,7,9,토
2022-07-09,경의선,운정,5580,4902,10482,678,7,9,토
2022-07-09,경의선,야당,7273,7338,14611,-65,7,9,토
2022-07-09,경의선,탄현,5992,5464,11456,528,7,9,토
2022-07-09,경의선,일산,6808,6360,13168,448,7,9,토
2022-07-09,경의선,풍산,4631,4387,9018,244,7,9,토
2022-07-09,경의선,백마,4824,4418,9242,406,7,9,토
2022-07-09,경의선,곡산,456,450,906,6,7,9,토
2022-07-09,경의선,능곡,2978,2936,5914,42,7,9,토
2022-07-09,경의선,행신,5926,5884,11810,42,7,9,토
2022-07-09,경의선,강매,2200,1981,4181,219,7,9,토
2022-07-09,경의선,화전,1143,1000,2143,143,7,9,토
2022-07-09,경의선,수색,1678,1613,3291,65,7,9,토
2022-07-09,경의선,디지털미디어시티,2186,1981,4167,205,7,9,토
2022-07-09,경의선,가좌,4314,4043,8357,271,7,9,토
2022-07-09,경의선,홍대입구,2420,3125,5545,-705,7,9,토
2022-07-09,경의선,서강대,1882,1792,3674,90,7,9,토
2022-07-09,경의선,공덕,3037,2331,5368,706,7,9,토
2022-07-09,경의선,효창공원앞,1830,1984,3814,-154,7,9,토
2022-07-09,경의선,신촌,421,461,882,-40,7,9,토
2022-07-09,경의선,서울역,1470,1616,3086,-146,7,9,토
2022-07-09,경원선,소요산,4965,4284,9249,681,7,9,토
2022-07-09,경원선,동두천,1930,2245,4175,-315,7,9,토
2022-07-09,경원선,보산,1801,1718,3519,83,7,9,토
2022-07-09,경원선,동두천중앙,2774,2722,5496,52,7,9,토
2022-07-09,경원선,지행,6492,6311,12803,181,7,9,토
2022-07-09,경원선,덕정,4970,4447,9417,523,7,9,토
2022-07-09,경원선,덕계,2759,2474,5233,285,7,9,토
2022-07-09,경원선,양주,7194,6528,13722,666,7,9,토
2022-07-09,경원선,녹양,3733,3579,7312,154,7,9,토
2022-07-09,경원선,가능,5577,5243,10820,334,7,9,토
2022-07-09,경원선,의정부,19258,20595,39853,-1337,7,9,토
2022-07-09,경원선,회룡,10469,10241,20710,228,7,9,토
2022-07-09,경원선,망월사,6018,6109,12127,-91,7,9,토
2022-07-09,경원선,도봉산,9074,6361,15435,2713,7,9,토
2022-07-09,경원선,도봉,4869,4478,9347,391,7,9,토
2022-07-09,경원선,방학,8053,7562,15615,491,7,9,토
2022-07-09,경원선,창동,1,0,1,1,7,9,토
2022-07-09,경원선,녹천,3524,2903,6427,621,7,9,토
2022-07-09,경원선,월계,4893,4447,9340,446,7,9,토
2022-07-09,경원선,광운대,5843,5704,11547,139,7,9,토
2022-07-09,경원선,석계,6940,7283,14223,-343,7,9,토
2022-07-09,경원선,신이문,6509,5773,12282,736,7,9,토
2022-07-09,경원선,외대앞,6335,5916,12251,419,7,9,토
2022-07-09,경원선,청량리(서울시립대입구),18192,19219,37411,-1027,7,9,토
2022-07-09,경원선,왕십리(성동구청),14842,16987,31829,-2145,7,9,토
2022-07-09,경원선,응봉,1602,1296,2898,306,7,9,토
2022-07-09,경원선,옥수,49,33,82,16,7,9,토
2022-07-09,경원선,한남,2896,2734,5630,162,7,9,토
2022-07-09,경원선,서빙고,1620,1486,3106,134,7,9,토
2022-07-09,경원선,이촌(국립중앙박물관),3364,2434,5798,930,7,9,토
2022-07-09,경부선,광명,2984,2759,5743,225,7,9,토
2022-07-09,경부선,서동탄,1219,1217,2436,2,7,9,토
2022-07-09,경부선,당정,4486,4111,8597,375,7,9,토
2022-07-09,경부선,천안,7180,7381,14561,-201,7,9,토
2022-07-09,경부선,두정,5977,5990,11967,-13,7,9,토
2022-07-09,경부선,직산,778,744,1522,34,7,9,토
2022-07-09,경부선,성환,3246,3050,6296,196,7,9,토
2022-07-09,경부선,평택,14850,14293,29143,557,7,9,토
2022-07-09,경부선,평택지제,3709,3314,7023,395,7,9,토
2022-07-09,경부선,서정리,7752,6142,13894,1610,7,9,토
2022-07-09,경부선,송탄,5468,4743,10211,725,7,9,토
2022-07-09,경부선,진위,1135,961,2096,174,7,9,토
2022-07-09,경부선,오산,10562,9805,20367,757,7,9,토
2022-07-09,경부선,오산대,3159,2827,5986,332,7,9,토
2022-07-09,경부선,세마,2661,2359,5020,302,7,9,토
2022-07-09,경부선,병점,13422,13148,26570,274,7,9,토
2022-07-09,경부선,세류,2895,2869,5764,26,7,9,토
2022-07-09,경부선,독산,9446,8916,18362,530,7,9,토
2022-07-09,경부선,수원,41832,46059,87891,-4227,7,9,토
2022-07-09,경부선,화서,6308,6014,12322,294,7,9,토
2022-07-09,경부선,성균관대,11373,11392,22765,-19,7,9,토
2022-07-09,경부선,의왕,6229,6012,12241,217,7,9,토
2022-07-09,경부선,군포,4366,3899,8265,467,7,9,토
2022-07-09,경부선,금정,20772,20605,41377,167,7,9,토
2022-07-09,경부선,명학,4898,4533,9431,365,7,9,토
2022-07-09,경부선,안양,19624,19679,39303,-55,7,9,토
2022-07-09,경부선,관악,6701,6297,12998,404,7,9,토
2022-07-09,경부선,석수,7193,6630,13823,563,7,9,토
2022-07-09,경부선,금천구청,8730,8428,17158,302,7,9,토
2022-07-09,경부선,가산디지털단지,6576,8562,15138,-1986,7,9,토
2022-07-09,경부선,구로,14179,14935,29114,-756,7,9,토
2022-07-09,경부선,신길,6130,5054,11184,1076,7,9,토
2022-07-09,경부선,신도림,3195,3351,6546,-156,7,9,토
2022-07-09,경부선,영등포,45909,48752,94661,-2843,7,9,토
2022-07-09,경부선,대방,7426,7925,15351,-499,7,9,토
2022-07-09,경부선,노량진,8231,7094,15325,1137,7,9,토
2022-07-09,경부선,용산,42518,46262,88780,-3744,7,9,토
2022-07-09,경부선,남영,6281,6174,12455,107,7,9,토
2022-07-09,경부선,서울역,9107,2294,11401,6813,7,9,토
2022-07-09,경강선,여주,2771,3100,5871,-329,7,9,토
2022-07-09,경강선,세종대왕릉,427,420,847,7,7,9,토
2022-07-09,경강선,부발,2336,1955,4291,381,7,9,토
2022-07-09,경강선,이천,3045,3188,6233,-143,7,9,토
2022-07-09,경강선,신둔도예촌,1326,1302,2628,24,7,9,토
2022-07-09,경강선,곤지암,2076,2156,4232,-80,7,9,토
2022-07-09,경강선,초월,2551,2253,4804,298,7,9,토
2022-07-09,경강선,경기광주,6093,5442,11535,651,7,9,토
2022-07-09,경강선,삼동,1598,1502,3100,96,7,9,토
2022-07-09,경강선,이매,948,714,1662,234,7,9,토
2022-07-09,경강선,판교,3560,3488,7048,72,7,9,토
2022-07-09,9호선2~3단계,중앙보훈병원,5523,4994,10517,529,7,9,토
2022-07-09,9호선2~3단계,둔촌오륜,690,724,1414,-34,7,9,토
2022-07-09,9호선2~3단계,올림픽공원(한국체대),6238,6296,12534,-58,7,9,토
2022-07-09,9호선2~3단계,한성백제,1954,1670,3624,284,7,9,토
2022-07-09,9호선2~3단계,송파나루,4439,4976,9415,-537,7,9,토
2022-07-09,9호선2~3단계,석촌,7327,5840,13167,1487,7,9,토
2022-07-09,9호선2~3단계,석촌고분,4607,4295,8902,312,7,9,토
2022-07-09,9호선2~3단계,삼전,5283,4779,10062,504,7,9,토
2022-07-09,9호선2~3단계,종합운동장,3777,3666,7443,111,7,9,토
2022-07-09,9호선2~3단계,봉은사,19490,21329,40819,-1839,7,9,토
2022-07-09,9호선2~3단계,삼성중앙,3488,3501,6989,-13,7,9,토
2022-07-09,9호선2~3단계,선정릉,5025,5616,10641,-591,7,9,토
2022-07-09,9호선2~3단계,언주,6838,6785,13623,53,7,9,토
2022-07-09,9호선,신논현,27558,28211,55769,-653,7,9,토
2022-07-09,9호선,사평,2728,2468,5196,260,7,9,토
2022-07-09,9호선,고속터미널,15654,22519,38173,-6865,7,9,토
2022-07-09,9호선,신반포,3195,3249,6444,-54,7,9,토
2022-07-09,9호선,구반포,851,877,1728,-26,7,9,토
2022-07-09,9호선,동작(현충원),1515,1450,2965,65,7,9,토
2022-07-09,9호선,흑석(중앙대입구),6346,6256,12602,90,7,9,토
2022-07-09,9호선,노들,3846,3201,7047,645,7,9,토
2022-07-09,9호선,노량진,21486,21404,42890,82,7,9,토
2022-07-09,9호선,샛강,3252,3013,6265,239,7,9,토
2022-07-09,9호선,여의도,14231,13773,28004,458,7,9,토
2022-07-09,9호선,국회의사당,5086,5255,10341,-169,7,9,토
2022-07-09,9호선,당산,14208,13155,27363,1053,7,9,토
2022-07-09,9호선,선유도,4097,3864,7961,233,7,9,토
2022-07-09,9호선,신목동,2696,2192,4888,504,7,9,토
2022-07-09,9호선,염창,12926,11801,24727,1125,7,9,토
2022-07-09,9호선,등촌,7819,7218,15037,601,7,9,토
2022-07-09,9호선,증미,4414,4174,8588,240,7,9,토
2022-07-09,9호선,가양,15064,14289,29353,775,7,9,토
2022-07-09,9호선,양천향교,6136,5814,11950,322,7,9,토
2022-07-09,9호선,마곡나루(서울식물원),8497,8489,16986,8,7,9,토
2022-07-09,9호선,신방화,5180,4785,9965,395,7,9,토
2022-07-09,9호선,공항시장,2458,2445,4903,13,7,9,토
2022-07-09,9호선,김포공항,8819,13152,21971,-4333,7,9,토
2022-07-09,9호선,개화,1487,1265,2752,222,7,9,토
2022-07-09,8호선,남위례,3864,3870,7734,-6,7,9,토
2022-07-09,8호선,모란,5501,4762,10263,739,7,9,토
2022-07-09,8호선,수진,4568,4114,8682,454,7,9,토
2022-07-09,8호선,신흥,3924,4156,8080,-232,7,9,토
2022-07-09,8호선,단대오거리,8047,7634,15681,413,7,9,토
2022-07-09,8호선,남한산성입구(성남법원.검찰청),9898,8434,18332,1464,7,9,토
2022-07-09,8호선,산성,4508,4462,8970,46,7,9,토
2022-07-09,8호선,복정,6613,5458,12071,1155,7,9,토
2022-07-09,8호선,장지,13304,12385,25689,919,7,9,토
2022-07-09,8호선,문정,8923,8787,17710,136,7,9,토
2022-07-09,8호선,가락시장,5476,5673,11149,-197,7,9,토
2022-07-09,8호선,송파,6263,5867,12130,396,7,9,토
2022-07-09,8호선,석촌,6092,7205,13297,-1113,7,9,토
2022-07-09,8호선,잠실(송파구청),14921,17837,32758,-2916,7,9,토
2022-07-09,8호선,몽촌토성(평화의문),4269,4404,8673,-135,7,9,토
2022-07-09,8호선,강동구청,6488,6526,13014,-38,7,9,토
2022-07-09,8호선,천호(풍납토성),12786,15230,28016,-2444,7,9,토
2022-07-09,8호선,암사,13192,11709,24901,1483,7,9,토
2022-07-09,7호선,온수(성공회대입구),5979,5919,11898,60,7,9,토
2022-07-09,7호선,천왕,7466,7114,14580,352,7,9,토
2022-07-09,7호선,광명사거리,17982,17700,35682,282,7,9,토
2022-07-09,7호선,철산,16616,16644,33260,-28,7,9,토
2022-07-09,7호선,가산디지털단지,15518,13943,29461,1575,7,9,토
2022-07-09,7호선,남구로,8626,8977,17603,-351,7,9,토
2022-07-09,7호선,대림(구로구청),7617,8217,15834,-600,7,9,토
2022-07-09,7호선,신풍,8532,8165,16697,367,7,9,토
2022-07-09,7호선,보라매,5645,5459,11104,186,7,9,토
2022-07-09,7호선,신대방삼거리,11134,10140,21274,994,7,9,토
2022-07-09,7호선,장승배기,6938,6383,13321,555,7,9,토
2022-07-09,7호선,상도,8206,7365,15571,841,7,9,토
2022-07-09,7호선,숭실대입구(살피재),8888,8665,17553,223,7,9,토
2022-07-09,7호선,남성,8262,7415,15677,847,7,9,토
2022-07-09,7호선,이수,13827,13255,27082,572,7,9,토
2022-07-09,7호선,내방,8325,8306,16631,19,7,9,토
2022-07-09,7호선,고속터미널,16311,12484,28795,3827,7,9,토
2022-07-09,7호선,반포,4851,4663,9514,188,7,9,토
2022-07-09,7호선,논현,10601,11461,22062,-860,7,9,토
2022-07-09,7호선,학동,11112,11737,22849,-625,7,9,토
2022-07-09,7호선,강남구청,9965,11176,21141,-1211,7,9,토
2022-07-09,7호선,청담,12014,13279,25293,-1265,7,9,토
2022-07-09,7호선,뚝섬유원지,10057,9302,19359,755,7,9,토
2022-07-09,7호선,건대입구,11968,12873,24841,-905,7,9,토
2022-07-09,7호선,어린이대공원(세종대),9901,9421,19322,480,7,9,토
2022-07-09,7호선,군자(능동),11602,8546,20148,3056,7,9,토
2022-07-09,7호선,중곡,7244,6622,13866,622,7,9,토
2022-07-09,7호선,용마산(용마폭포공원),4765,4601,9366,164,7,9,토
2022-07-09,7호선,사가정,12725,12053,24778,672,7,9,토
2022-07-09,7호선,면목,11272,10535,21807,737,7,9,토
2022-07-09,7호선,상봉(시외버스터미널),14336,13717,28053,619,7,9,토
2022-07-09,7호선,중화,8025,7481,15506,544,7,9,토
2022-07-09,7호선,먹골,8194,7681,15875,513,7,9,토
2022-07-09,7호선,태릉입구,7081,6457,13538,624,7,9,토
2022-07-09,7호선,공릉(서울과학기술대),9090,8564,17654,526,7,9,토
2022-07-09,7호선,하계,13264,11962,25226,1302,7,9,토
2022-07-09,7호선,중계,9950,8614,18564,1336,7,9,토
2022-07-09,7호선,노원,17377,18293,35670,-916,7,9,토
2022-07-09,7호선,마들,9695,8882,18577,813,7,9,토
2022-07-09,7호선,수락산,11195,11020,22215,175,7,9,토
2022-07-09,7호선,도봉산,6821,9229,16050,-2408,7,9,토
2022-07-09,7호선,장암,2015,1458,3473,557,7,9,토
2022-07-09,6호선,봉화산(서울의료원),5781,5548,11329,233,7,9,토
2022-07-09,6호선,화랑대(서울여대입구),7141,5910,13051,1231,7,9,토
2022-07-09,6호선,태릉입구,4375,4477,8852,-102,7,9,토
2022-07-09,6호선,석계,8944,8852,17796,92,7,9,토
2022-07-09,6호선,돌곶이,6350,5874,12224,476,7,9,토
2022-07-09,6호선,상월곡(한국과학기술연구원),4312,3653,7965,659,7,9,토
2022-07-09,6호선,월곡(동덕여대),7657,7198,14855,459,7,9,토
2022-07-09,6호선,고려대(종암),5628,5349,10977,279,7,9,토
2022-07-09,6호선,안암(고대병원앞),6784,6365,13149,419,7,9,토
2022-07-09,6호선,보문,5281,4681,9962,600,7,9,토
2022-07-09,6호선,창신,2221,1807,4028,414,7,9,토
2022-07-09,6호선,동묘앞,7654,7337,14991,317,7,9,토
2022-07-09,6호선,신당,4882,4620,9502,262,7,9,토
2022-07-09,6호선,청구,2420,2373,4793,47,7,9,토
2022-07-09,6호선,약수,2621,2618,5239,3,7,9,토
2022-07-09,6호선,버티고개,1567,1673,3240,-106,7,9,토
2022-07-09,6호선,한강진,9321,11488,20809,-2167,7,9,토
2022-07-09,6호선,이태원,15191,20343,35534,-5152,7,9,토
2022-07-09,6호선,녹사평(용산구청),5370,6040,11410,-670,7,9,토
2022-07-09,6호선,삼각지,6011,4466,10477,1545,7,9,토
2022-07-09,6호선,효창공원앞,4892,4073,8965,819,7,9,토
2022-07-09,6호선,공덕,10961,10376,21337,585,7,9,토
2022-07-09,6호선,대흥(서강대앞),5918,6001,11919,-83,7,9,토
2022-07-09,6호선,광흥창(서강),5471,4983,10454,488,7,9,토
2022-07-09,6호선,상수,9143,11479,20622,-2336,7,9,토
2022-07-09,6호선,합정,13286,12966,26252,320,7,9,토
2022-07-09,6호선,망원,12650,13668,26318,-1018,7,9,토
2022-07-09,6호선,마포구청,9723,8345,18068,1378,7,9,토
2022-07-09,6호선,월드컵경기장(성산),4742,4967,9709,-225,7,9,토
2022-07-09,6호선,디지털미디어시티,8173,8025,16198,148,7,9,토
2022-07-09,6호선,증산(명지대앞),7810,7339,15149,471,7,9,토
2022-07-09,6호선,새절(신사),9161,8409,17570,752,7,9,토
2022-07-09,6호선,구산,5983,4428,10411,1555,7,9,토
2022-07-09,6호선,연신내,1,0,1,1,7,9,토
2022-07-09,6호선,독바위,2176,2248,4424,-72,7,9,토
2022-07-09,6호선,불광,4144,3707,7851,437,7,9,토
2022-07-09,6호선,역촌,2765,2927,5692,-162,7,9,토
2022-07-09,6호선,응암,13321,12884,26205,437,7,9,토
2022-07-09,5호선,하남검단산,6206,6010,12216,196,7,9,토
2022-07-09,5호선,하남시청(덕풍·신장),6278,5895,12173,383,7,9,토
2022-07-09,5호선,하남풍산,3224,3169,6393,55,7,9,토
2022-07-09,5호선,미사,13050,13187,26237,-137,7,9,토
2022-07-09,5호선,강일,3437,3061,6498,376,7,9,토
2022-07-09,5호선,마천,4932,5001,9933,-69,7,9,토
2022-07-09,5호선,거여,7150,6541,13691,609,7,9,토
2022-07-09,5호선,개롱,4313,4377,8690,-64,7,9,토
2022-07-09,5호선,오금,2231,2095,4326,136,7,9,토
2022-07-09,5호선,방이,5256,5200,10456,56,7,9,토
2022-07-09,5호선,올림픽공원(한국체대),3338,2701,6039,637,7,9,토
2022-07-09,5호선,둔촌동,5994,5971,11965,23,7,9,토
2022-07-09,5호선,상일동,10020,9199,19219,821,7,9,토
2022-07-09,5호선,고덕,6868,6661,13529,207,7,9,토
2022-07-09,5호선,명일,6700,6583,13283,117,7,9,토
2022-07-09,5호선,굽은다리(강동구민회관앞),8095,7675,15770,420,7,9,토
2022-07-09,5호선,길동,6479,6550,13029,-71,7,9,토
2022-07-09,5호선,강동,13757,12843,26600,914,7,9,토
2022-07-09,5호선,천호(풍납토성),18560,17645,36205,915,7,9,토
2022-07-09,5호선,광나루(장신대),11603,10833,22436,770,7,9,토
2022-07-09,5호선,아차산(어린이대공원후문),12356,11614,23970,742,7,9,토
2022-07-09,5호선,군자(능동),8677,9795,18472,-1118,7,9,토
2022-07-09,5호선,장한평,12054,11555,23609,499,7,9,토
2022-07-09,5호선,답십리,10848,9615,20463,1233,7,9,토
2022-07-09,5호선,마장,3909,3728,7637,181,7,9,토
2022-07-09,5호선,왕십리(성동구청),3639,4796,8435,-1157,7,9,토
2022-07-09,5호선,행당,6053,5057,11110,996,7,9,토
2022-07-09,5호선,신금호,4388,4469,8857,-81,7,9,토
2022-07-09,5호선,청구,2712,2425,5137,287,7,9,토
2022-07-09,5호선,동대문역사문화공원(DDP),1085,1327,2412,-242,7,9,토
2022-07-09,5호선,을지로4가,3451,3814,7265,-363,7,9,토
2022-07-09,5호선,종로3가,12954,13305,26259,-351,7,9,토
2022-07-09,5호선,광화문(세종문화회관),17207,18073,35280,-866,7,9,토
2022-07-09,5호선,서대문,7959,7557,15516,402,7,9,토
2022-07-09,5호선,충정로(경기대입구),2117,1901,4018,216,7,9,토
2022-07-09,5호선,애오개,3920,3803,7723,117,7,9,토
2022-07-09,5호선,공덕,7667,7783,15450,-116,7,9,토
2022-07-09,5호선,마포,7969,8117,16086,-148,7,9,토
2022-07-09,5호선,여의나루,14470,16494,30964,-2024,7,9,토
2022-07-09,5호선,여의도,12870,13661,26531,-791,7,9,토
2022-07-09,5호선,영등포시장,8607,8812,17419,-205,7,9,토
2022-07-09,5호선,영등포구청,2188,1962,4150,226,7,9,토
2022-07-09,5호선,양평,4009,3656,7665,353,7,9,토
2022-07-09,5호선,오목교(목동운동장앞),17750,18272,36022,-522,7,9,토
2022-07-09,5호선,목동,11875,11753,23628,122,7,9,토
2022-07-09,5호선,신정(은행정),9632,7974,17606,1658,7,9,토
2022-07-09,5호선,까치산,22276,20489,42765,1787,7,9,토
2022-07-09,5호선,화곡,21408,19257,40665,2151,7,9,토
2022-07-09,5호선,우장산,10632,10349,20981,283,7,9,토
2022-07-09,5호선,발산,13825,15253,29078,-1428,7,9,토
2022-07-09,5호선,마곡,5932,6114,12046,-182,7,9,토
2022-07-09,5호선,송정,5283,5054,10337,229,7,9,토
2022-07-09,5호선,김포공항,8735,8904,17639,-169,7,9,토
2022-07-09,5호선,개화산,3997,3754,7751,243,7,9,토
2022-07-09,5호선,방화,4969,4705,9674,264,7,9,토
2022-07-09,4호선,남태령,1265,785,2050,480,7,9,토
2022-07-09,4호선,사당,24411,21790,46201,2621,7,9,토
2022-07-09,4호선,총신대입구(이수),15580,16723,32303,-1143,7,9,토
2022-07-09,4호선,동작(현충원),1358,1366,2724,-8,7,9,토
2022-07-09,4호선,이촌(국립중앙박물관),8614,9422,18036,-808,7,9,토
2022-07-09,4호선,신용산,12864,14074,26938,-1210,7,9,토
2022-07-09,4호선,삼각지,3906,5110,9016,-1204,7,9,토
2022-07-09,4호선,숙대입구(갈월),10141,9669,19810,472,7,9,토
2022-07-09,4호선,서울역,6506,15647,22153,-9141,7,9,토
2022-07-09,4호선,회현(남대문시장),19193,20249,39442,-1056,7,9,토
2022-07-09,4호선,명동,16468,18960,35428,-2492,7,9,토
2022-07-09,4호선,충무로,13034,14664,27698,-1630,7,9,토
2022-07-09,4호선,동대문역사문화공원(DDP),12334,10665,22999,1669,7,9,토
2022-07-09,4호선,동대문,14953,15555,30508,-602,7,9,토
2022-07-09,4호선,혜화,30220,32190,62410,-1970,7,9,토
2022-07-09,4호선,한성대입구(삼선교),10702,10203,20905,499,7,9,토
2022-07-09,4호선,성신여대입구(돈암),17449,16633,34082,816,7,9,토
2022-07-09,4호선,길음,15926,14679,30605,1247,7,9,토
2022-07-09,4호선,미아사거리,23570,22114,45684,1456,7,9,토
2022-07-09,4호선,미아(서울사이버대학),11217,10317,21534,900,7,9,토
2022-07-09,4호선,수유(강북구청),27863,27467,55330,396,7,9,토
2022-07-09,4호선,쌍문,22514,19614,42128,2900,7,9,토
2022-07-09,4호선,창동,20659,21660,42319,-1001,7,9,토
2022-07-09,4호선,노원,16929,19058,35987,-2129,7,9,토
2022-07-09,4호선,상계,14611,13341,27952,1270,7,9,토
2022-07-09,4호선,당고개,8157,7364,15521,793,7,9,토
2022-07-09,3호선,오금,4117,3667,7784,450,7,9,토
2022-07-09,3호선,경찰병원,4315,4133,8448,182,7,9,토
2022-07-09,3호선,가락시장,6479,6012,12491,467,7,9,토
2022-07-09,3호선,수서,14417,14120,28537,297,7,9,토
2022-07-09,3호선,일원,5290,5252,10542,38,7,9,토
2022-07-09,3호선,대청,6173,5620,11793,553,7,9,토
2022-07-09,3호선,학여울,2776,2831,5607,-55,7,9,토
2022-07-09,3호선,대치,9965,8987,18952,978,7,9,토
2022-07-09,3호선,도곡,3410,3366,6776,44,7,9,토
2022-07-09,3호선,매봉,6639,6385,13024,254,7,9,토
2022-07-09,3호선,양재(서초구청),20827,22872,43699,-2045,7,9,토
2022-07-09,3호선,남부터미널(예술의전당),22342,21880,44222,462,7,9,토
2022-07-09,3호선,교대(법원.검찰청),7500,4649,12149,2851,7,9,토
2022-07-09,3호선,고속터미널,56574,56214,112788,360,7,9,토
2022-07-09,3호선,잠원,3660,3461,7121,199,7,9,토
2022-07-09,3호선,신사,24746,26687,51433,-1941,7,9,토
2022-07-09,3호선,압구정,26271,27897,54168,-1626,7,9,토
2022-07-09,3호선,옥수,7442,7389,14831,53,7,9,토
2022-07-09,3호선,금호,5963,5275,11238,688,7,9,토
2022-07-09,3호선,약수,9489,8807,18296,682,7,9,토
2022-07-09,3호선,동대입구,6183,6986,13169,-803,7,9,토
2022-07-09,3호선,을지로3가,5479,5834,11313,-355,7,9,토
2022-07-09,3호선,종로3가,6371,9173,15544,-2802,7,9,토
2022-07-09,3호선,안국,16790,18199,34989,-1409,7,9,토
2022-07-09,3호선,경복궁(정부서울청사),18270,20546,38816,-2276,7,9,토
2022-07-09,3호선,독립문,5881,6029,11910,-148,7,9,토
2022-07-09,3호선,무악재,2843,2840,5683,3,7,9,토
2022-07-09,3호선,홍제,13892,12590,26482,1302,7,9,토
2022-07-09,3호선,녹번,11323,9439,20762,1884,7,9,토
2022-07-09,3호선,불광,13581,15065,28646,-1484,7,9,토
2022-07-09,3호선,연신내,30910,28611,59521,2299,7,9,토
2022-07-09,3호선,구파발,17343,17489,34832,-146,7,9,토
2022-07-09,3호선,지축,3853,3607,7460,246,7,9,토
2022-07-09,2호선,용두(동대문구청),1791,1671,3462,120,7,9,토
2022-07-09,2호선,신정네거리,8194,8116,16310,78,7,9,토
2022-07-09,2호선,양천구청,4780,4615,9395,165,7,9,토
2022-07-09,2호선,도림천,853,809,1662,44,7,9,토
2022-07-09,2호선,신설동,3456,3358,6814,98,7,9,토
2022-07-09,2호선,신답,1104,1154,2258,-50,7,9,토
2022-07-09,2호선,용답,2244,2007,4251,237,7,9,토
2022-07-09,2호선,충정로(경기대입구),5835,6062,11897,-227,7,9,토
2022-07-09,2호선,아현,7862,7142,15004,720,7,9,토
2022-07-09,2호선,이대,10733,10954,21687,-221,7,9,토
2022-07-09,2호선,신촌,33758,34451,68209,-693,7,9,토
2022-07-09,2호선,홍대입구,73994,83089,157083,-9095,7,9,토
2022-07-09,2호선,합정,29136,33589,62725,-4453,7,9,토
2022-07-09,2호선,당산,12679,13594,26273,-915,7,9,토
2022-07-09,2호선,영등포구청,12710,13192,25902,-482,7,9,토
2022-07-09,2호선,문래,13490,14609,28099,-1119,7,9,토
2022-07-09,2호선,신도림,41420,42037,83457,-617,7,9,토
2022-07-09,2호선,대림(구로구청),18634,19416,38050,-782,7,9,토
2022-07-09,2호선,구로디지털단지,36307,35114,71421,1193,7,9,토
2022-07-09,2호선,신대방,20623,19270,39893,1353,7,9,토
2022-07-09,2호선,신림,49999,47700,97699,2299,7,9,토
2022-07-09,2호선,봉천,18563,16449,35012,2114,7,9,토
2022-07-09,2호선,서울대입구(관악구청),39005,36886,75891,2119,7,9,토
2022-07-09,2호선,낙성대(강감찬),22801,20606,43407,2195,7,9,토
2022-07-09,2호선,사당,36051,40814,76865,-4763,7,9,토
2022-07-09,2호선,방배,10400,10641,21041,-241,7,9,토
2022-07-09,2호선,서초,12306,9873,22179,2433,7,9,토
2022-07-09,2호선,교대(법원.검찰청),18757,21480,40237,-2723,7,9,토
2022-07-09,2호선,강남,63995,64281,128276,-286,7,9,토
2022-07-09,2호선,역삼,19035,20596,39631,-1561,7,9,토
2022-07-09,2호선,선릉,26566,23181,49747,3385,7,9,토
2022-07-09,2호선,삼성(무역센터),43193,42350,85543,843,7,9,토
2022-07-09,2호선,종합운동장,14476,16087,30563,-1611,7,9,토
2022-07-09,2호선,잠실새내,18905,19710,38615,-805,7,9,토
2022-07-09,2호선,잠실(송파구청),74778,72054,146832,2724,7,9,토
2022-07-09,2호선,잠실나루,7844,7522,15366,322,7,9,토
2022-07-09,2호선,강변(동서울터미널),30479,30717,61196,-238,7,9,토
2022-07-09,2호선,구의(광진구청),17246,16390,33636,856,7,9,토
2022-07-09,2호선,건대입구,36051,40578,76629,-4527,7,9,토
2022-07-09,2호선,성수,22054,25522,47576,-3468,7,9,토
2022-07-09,2호선,뚝섬,14725,14964,29689,-239,7,9,토
2022-07-09,2호선,한양대,4461,4573,9034,-112,7,9,토
2022-07-09,2호선,왕십리(성동구청),13957,12393,26350,1564,7,9,토
2022-07-09,2호선,상왕십리,10300,9409,19709,891,7,9,토
2022-07-09,2호선,신당,11463,11622,23085,-159,7,9,토
2022-07-09,2호선,동대문역사문화공원(DDP),11282,13037,24319,-1755,7,9,토
2022-07-09,5호선,신길,2890,2778,5668,112,7,9,토
2022-07-09,분당선,복정,3,0,3,3,7,9,토
2022-07-09,중앙선,오빈,333,328,661,5,7,9,토
2022-07-09,2호선,을지로4가,7644,7797,15441,-153,7,9,토
2022-07-09,2호선,을지로3가,11839,12351,24190,-512,7,9,토
2022-07-09,2호선,을지로입구,24099,24656,48755,-557,7,9,토
2022-07-09,2호선,시청,10136,8999,19135,1137,7,9,토
2022-07-09,1호선,동묘앞,11335,11625,22960,-290,7,9,토
2022-07-09,1호선,청량리(서울시립대입구),18566,19175,37741,-609,7,9,토
2022-07-09,1호선,제기동,15780,16039,31819,-259,7,9,토
2022-07-09,1호선,신설동,10313,9609,19922,704,7,9,토
2022-07-09,1호선,동대문,10370,10191,20561,179,7,9,토
2022-07-09,1호선,종로5가,19037,19497,38534,-460,7,9,토
2022-07-09,1호선,종로3가,23940,22485,46425,1455,7,9,토
2022-07-09,1호선,종각,21311,20733,42044,578,7,9,토
2022-07-09,1호선,시청,12202,12690,24892,-488,7,9,토
2022-07-09,1호선,서울역,36244,36601,72845,-357,7,9,토
2022-07-09,중앙선,아신,780,772,1552,8,7,9,토
2022-07-09,중앙선,국수,689,759,1448,-70,7,9,토
2022-07-09,중앙선,지평,66,80,146,-14,7,9,토
2022-07-09,중앙선,용문,2644,3104,5748,-460,7,9,토
2022-07-09,중앙선,원덕,466,473,939,-7,7,9,토
2022-07-09,중앙선,신원,239,173,412,66,7,9,토
2022-07-09,중앙선,양평,3116,3271,6387,-155,7,9,토
2022-07-09,중앙선,양수,2958,3035,5993,-77,7,9,토
2022-07-09,중앙선,운길산,1073,1080,2153,-7,7,9,토
2022-07-09,중앙선,팔당,1412,1431,2843,-19,7,9,토
2022-07-09,중앙선,도심,1804,1515,3319,289,7,9,토
2022-07-09,중앙선,덕소,5018,5036,10054,-18,7,9,토
2022-07-09,중앙선,양정,624,502,1126,122,7,9,토
2022-07-09,중앙선,도농,7751,7286,15037,465,7,9,토
2022-07-09,중앙선,구리,11117,11400,22517,-283,7,9,토
2022-07-09,중앙선,양원,2007,1978,3985,29,7,9,토
2022-07-09,중앙선,망우,7104,6880,13984,224,7,9,토
2022-07-09,중앙선,상봉(시외버스터미널),5154,4989,10143,165,7,9,토
2022-07-09,중앙선,중랑,4771,4410,9181,361,7,9,토
2022-07-09,중앙선,회기,21077,19192,40269,1885,7,9,토
2022-07-09,장항선,신창(순천향대),1098,1020,2118,78,7,9,토
2022-07-09,장항선,온양온천,5617,5593,11210,24,7,9,토
2022-07-09,장항선,배방,1154,1152,2306,2,7,9,토
2022-07-09,장항선,탕정,887,760,1647,127,7,9,토
2022-07-09,장항선,아산,3453,3435,6888,18,7,9,토
2022-07-09,장항선,쌍용(나사렛대),1932,1697,3629,235,7,9,토
2022-07-09,장항선,봉명,946,917,1863,29,7,9,토
2022-07-09,일산선,대화,9195,8034,17229,1161,7,9,토
2022-07-09,일산선,주엽,7642,7241,14883,401,7,9,토
2022-07-09,일산선,정발산,7296,7935,15231,-639,7,9,토
2022-07-09,일산선,마두,5419,5440,10859,-21,7,9,토
2022-07-09,일산선,백석,7904,7810,15714,94,7,9,토
2022-07-09,일산선,대곡,1552,1368,2920,184,7,9,토
2022-07-09,일산선,화정,13816,14071,27887,-255,7,9,토
2022-07-09,일산선,원당,8959,8316,17275,643,7,9,토
2022-07-09,일산선,삼송,15926,15074,31000,852,7,9,토
2022-07-09,일산선,원흥,8104,7438,15542,666,7,9,토
2022-07-09,우이신설선,신설동,1420,1445,2865,-25,7,9,토
2022-07-09,우이신설선,보문,1221,1107,2328,114,7,9,토
2022-07-09,우이신설선,성신여대입구(돈암),2932,3507,6439,-575,7,9,토
2022-07-09,우이신설선,정릉,3902,3108,7010,794,7,9,토
2022-07-09,우이신설선,북한산보국문,5119,4410,9529,709,7,9,토
2022-07-09,우이신설선,솔샘,4196,3565,7761,631,7,9,토
2022-07-09,우이신설선,삼양사거리,2203,2010,4213,193,7,9,토
2022-07-09,우이신설선,삼양,1645,1567,3212,78,7,9,토
2022-07-09,우이신설선,화계,2671,2503,5174,168,7,9,토
2022-07-09,우이신설선,가오리,3282,3086,6368,196,7,9,토
2022-07-09,우이신설선,4.19민주묘지,2605,2304,4909,301,7,9,토
2022-07-09,우이신설선,솔밭공원,1920,1809,3729,111,7,9,토
2022-07-10,경의선,서강대,1414,1436,2850,-22,7,10,일
2022-07-10,경의선,홍대입구,1885,2275,4160,-390,7,10,일
2022-07-10,경의선,가좌,3055,3008,6063,47,7,10,일
2022-07-10,경의선,디지털미디어시티,1601,1411,3012,190,7,10,일
2022-07-10,경의선,수색,933,1012,1945,-79,7,10,일
2022-07-10,경의선,화전,871,901,1772,-30,7,10,일
2022-07-10,경의선,강매,1499,1449,2948,50,7,10,일
2022-07-10,경의선,행신,4967,4561,9528,406,7,10,일
2022-07-10,경의선,능곡,2167,2126,4293,41,7,10,일
2022-07-10,경의선,곡산,356,332,688,24,7,10,일
2022-07-10,경의선,백마,3547,3502,7049,45,7,10,일
2022-07-10,경의선,풍산,3623,3427,7050,196,7,10,일
2022-07-10,경의선,일산,4944,4710,9654,234,7,10,일
2022-07-10,경의선,탄현,4367,4185,8552,182,7,10,일
2022-07-10,경의선,야당,5128,5156,10284,-28,7,10,일
2022-07-10,경의선,운정,3771,3714,7485,57,7,10,일
2022-07-10,경의선,금릉,3014,3090,6104,-76,7,10,일
2022-07-10,경의선,금촌,4450,4854,9304,-404,7,10,일
2022-07-10,경의선,월롱,1107,2263,3370,-1156,7,10,일
2022-07-10,경의선,파주,669,623,1292,46,7,10,일
2022-07-10,경의선,문산,4162,4471,8633,-309,7,10,일
2022-07-10,경의선,임진강,57,37,94,20,7,10,일
2022-07-10,경인선,개봉,12130,12110,24240,20,7,10,일
2022-07-10,경인선,오류동,7265,6820,14085,445,7,10,일
2022-07-10,경인선,역곡,14838,15014,29852,-176,7,10,일
2022-07-10,경인선,부천,22505,22511,45016,-6,7,10,일
2022-07-10,경인선,송내,13895,13553,27448,342,7,10,일
2022-07-10,경인선,부평,24344,24347,48691,-3,7,10,일
2022-07-10,경인선,백운,4139,4120,8259,19,7,10,일
2022-07-10,경인선,동암,10364,10185,20549,179,7,10,일
2022-07-10,경인선,주안,12786,11409,24195,1377,7,10,일
2022-07-10,경인선,제물포,5665,5456,11121,209,7,10,일
2022-07-10,경인선,동인천,9848,9629,19477,219,7,10,일
2022-07-10,경인선,인천,4068,3337,7405,731,7,10,일
2022-07-10,경인선,구일,5215,5170,10385,45,7,10,일
2022-07-10,경인선,소사,5119,5186,10305,-67,7,10,일
2022-07-10,경인선,부개,5158,4717,9875,441,7,10,일
2022-07-10,경인선,간석,3454,3160,6614,294,7,10,일
2022-07-10,경인선,도원,1754,1751,3505,3,7,10,일
2022-07-10,경인선,온수(성공회대입구),3847,3539,7386,308,7,10,일
2022-07-10,경인선,중동,5173,4821,9994,352,7,10,일
2022-07-10,경인선,도화,2520,2385,4905,135,7,10,일
2022-07-10,경춘선,신내,1013,1081,2094,-68,7,10,일
2022-07-10,경춘선,갈매,1504,1245,2749,259,7,10,일
2022-07-10,경춘선,별내,1899,1775,3674,124,7,10,일
2022-07-10,경춘선,퇴계원,2028,1962,3990,66,7,10,일
2022-07-10,경춘선,사릉,1357,1401,2758,-44,7,10,일
2022-07-10,경춘선,금곡,908,895,1803,13,7,10,일
2022-07-10,경춘선,평내호평,3615,3419,7034,196,7,10,일
2022-07-10,경춘선,천마산,1117,1109,2226,8,7,10,일
2022-07-10,경춘선,마석,2839,2749,5588,90,7,10,일
2022-07-10,경춘선,대성리,1568,938,2506,630,7,10,일
2022-07-10,경춘선,청평,2442,1665,4107,777,7,10,일
2022-07-10,경춘선,상천,418,332,750,86,7,10,일
2022-07-10,경춘선,가평,3780,2494,6274,1286,7,10,일
2022-07-10,경춘선,굴봉산,288,174,462,114,7,10,일
2022-07-10,경춘선,백양리,194,127,321,67,7,10,일
2022-07-10,경춘선,강촌,1006,557,1563,449,7,10,일
2022-07-10,경춘선,김유정,414,441,855,-27,7,10,일
2022-07-10,경춘선,남춘천,2789,2731,5520,58,7,10,일
2022-07-10,경춘선,춘천,2181,1589,3770,592,7,10,일
2022-07-10,공항철도 1호선,서울역,9292,8213,17505,1079,7,10,일
2022-07-10,공항철도 1호선,공덕,1269,1648,2917,-379,7,10,일
2022-07-10,공항철도 1호선,홍대입구,11826,11383,23209,443,7,10,일
2022-07-10,공항철도 1호선,디지털미디어시티,3511,3630,7141,-119,7,10,일
2022-07-10,공항철도 1호선,마곡나루(서울식물원),2282,2602,4884,-320,7,10,일
2022-07-10,공항철도 1호선,김포공항,11824,6058,17882,5766,7,10,일
2022-07-10,공항철도 1호선,계양,5989,5799,11788,190,7,10,일
2022-07-10,공항철도 1호선,검암,3641,3795,7436,-154,7,10,일
2022-07-10,공항철도 1호선,청라국제도시,3630,3582,7212,48,7,10,일
2022-07-10,공항철도 1호선,운서,6165,6400,12565,-235,7,10,일
2022-07-10,공항철도 1호선,공항화물청사,1090,1144,2234,-54,7,10,일
2022-07-10,공항철도 1호선,인천공항1터미널,7988,7173,15161,815,7,10,일
2022-07-10,공항철도 1호선,인천공항2터미널,4030,3722,7752,308,7,10,일
2022-07-10,공항철도 1호선,영종,2835,2776,5611,59,7,10,일
2022-07-10,과천선,선바위,4451,3965,8416,486,7,10,일
2022-07-10,과천선,경마공원,15470,15853,31323,-383,7,10,일
2022-07-10,과천선,대공원,7681,8641,16322,-960,7,10,일
2022-07-10,과천선,과천,4053,3884,7937,169,7,10,일
2022-07-10,과천선,정부과천청사,5190,5320,10510,-130,7,10,일
2022-07-10,과천선,인덕원,13272,13432,26704,-160,7,10,일
2022-07-10,과천선,범계,16644,16466,33110,178,7,10,일
2022-07-10,분당선,선릉,2959,4347,7306,-1388,7,10,일
2022-07-10,분당선,한티,9735,9392,19127,343,7,10,일
2022-07-10,분당선,도곡,2802,2940,5742,-138,7,10,일
2022-07-10,분당선,구룡,824,944,1768,-120,7,10,일
2022-07-10,분당선,개포동,2284,2248,4532,36,7,10,일
2022-07-10,분당선,대모산입구,2253,2221,4474,32,7,10,일
2022-07-10,분당선,수서,8718,8506,17224,212,7,10,일
2022-07-10,분당선,수원,6239,5362,11601,877,7,10,일
2022-07-10,분당선,서울숲,6249,6182,12431,67,7,10,일
2022-07-10,분당선,압구정로데오,10479,11553,22032,-1074,7,10,일
2022-07-10,분당선,강남구청,3038,3462,6500,-424,7,10,일
2022-07-10,분당선,선정릉,2007,2035,4042,-28,7,10,일
2022-07-10,분당선,가천대,3996,4741,8737,-745,7,10,일
2022-07-10,분당선,태평,8563,7978,16541,585,7,10,일
2022-07-10,분당선,모란,11894,12202,24096,-308,7,10,일
2022-07-10,분당선,야탑,14336,14638,28974,-302,7,10,일
2022-07-10,분당선,서현,16264,16205,32469,59,7,10,일
2022-07-10,분당선,수내,6481,6351,12832,130,7,10,일
2022-07-10,분당선,정자,7932,8304,16236,-372,7,10,일
2022-07-10,분당선,미금,7867,8468,16335,-601,7,10,일
2022-07-10,분당선,오리,5927,5127,11054,800,7,10,일
2022-07-10,분당선,이매,3756,3736,7492,20,7,10,일
2022-07-10,분당선,보정,1237,1156,2393,81,7,10,일
2022-07-10,분당선,죽전,7872,9080,16952,-1208,7,10,일
2022-07-10,분당선,구성,2617,2878,5495,-261,7,10,일
2022-07-10,분당선,신갈,2209,2331,4540,-122,7,10,일
2022-07-10,분당선,기흥,5783,5473,11256,310,7,10,일
2022-07-10,분당선,상갈,3093,3245,6338,-152,7,10,일
2022-07-10,분당선,청명,2164,2247,4411,-83,7,10,일
2022-07-10,분당선,영통,5329,5252,10581,77,7,10,일
2022-07-10,분당선,망포,6835,7179,14014,-344,7,10,일
2022-07-10,분당선,매탄권선,2908,2780,5688,128,7,10,일
2022-07-10,분당선,수원시청,7881,7913,15794,-32,7,10,일
2022-07-10,분당선,매교,1666,1663,3329,3,7,10,일
2022-07-10,수인선,고색,1845,1890,3735,-45,7,10,일
2022-07-10,수인선,오목천,1687,1564,3251,123,7,10,일
2022-07-10,수인선,어천,591,724,1315,-133,7,10,일
2022-07-10,수인선,야목,215,172,387,43,7,10,일
2022-07-10,수인선,사리,2733,2385,5118,348,7,10,일
2022-07-10,수인선,달월,51,56,107,-5,7,10,일
2022-07-10,수인선,월곶,1805,1695,3500,110,7,10,일
2022-07-10,수인선,소래포구,4342,4090,8432,252,7,10,일
2022-07-10,수인선,인천논현,3016,3230,6246,-214,7,10,일
2022-07-10,수인선,호구포,2150,2232,4382,-82,7,10,일
2022-07-10,수인선,남동인더스파크,690,639,1329,51,7,10,일
2022-07-10,수인선,원인재,2943,2981,5924,-38,7,10,일
2022-07-10,수인선,연수,3447,3537,6984,-90,7,10,일
2022-07-10,수인선,송도,1531,1490,3021,41,7,10,일
2022-07-10,수인선,인하대,3424,3208,6632,216,7,10,일
2022-07-10,수인선,숭의,2002,1790,3792,212,7,10,일
2022-07-10,수인선,신포,1178,1055,2233,123,7,10,일
2022-07-10,수인선,인천,1179,1627,2806,-448,7,10,일
2022-07-10,신림선,샛강,808,1177,1985,-369,7,10,일
2022-07-10,신림선,대방,1226,887,2113,339,7,10,일
2022-07-10,신림선,서울지방병무청,1310,1486,2796,-176,7,10,일
2022-07-10,신림선,보라매,1627,1519,3146,108,7,10,일
2022-07-10,신림선,보라매공원,1111,1192,2303,-81,7,10,일
2022-07-10,신림선,보라매병원,2070,2177,4247,-107,7,10,일
2022-07-10,신림선,당곡,2351,2229,4580,122,7,10,일
2022-07-10,신림선,신림,1138,1800,2938,-662,7,10,일
2022-07-10,신림선,서원,1843,1721,3564,122,7,10,일
2022-07-10,신림선,서울대벤처타운,4425,4302,8727,123,7,10,일
2022-07-10,신림선,관악산(서울대),4605,4615,9220,-10,7,10,일
2022-07-10,안산선,산본,9270,10036,19306,-766,7,10,일
2022-07-10,안산선,대야미,3031,2800,5831,231,7,10,일
2022-07-10,안산선,반월,2533,2566,5099,-33,7,10,일
2022-07-10,안산선,상록수,9994,9798,19792,196,7,10,일
2022-07-10,안산선,한대앞,5601,5464,11065,137,7,10,일
2022-07-10,안산선,중앙,12904,12839,25743,65,7,10,일
2022-07-10,안산선,고잔,4806,4714,9520,92,7,10,일
2022-07-10,안산선,초지,2708,2569,5277,139,7,10,일
2022-07-10,안산선,안산,10636,9621,20257,1015,7,10,일
2022-07-10,안산선,신길온천,1249,1219,2468,30,7,10,일
2022-07-10,안산선,정왕,6041,6388,12429,-347,7,10,일
2022-07-10,안산선,오이도,6300,6174,12474,126,7,10,일
2022-07-10,안산선,수리산,2155,2056,4211,99,7,10,일
2022-07-10,우이신설선,북한산우이,3443,3507,6950,-64,7,10,일
2022-07-10,우이신설선,솔밭공원,1495,1482,2977,13,7,10,일
2022-07-10,우이신설선,4.19민주묘지,1925,1681,3606,244,7,10,일
2022-07-10,우이신설선,가오리,2462,2299,4761,163,7,10,일
2022-07-10,우이신설선,화계,2204,2062,4266,142,7,10,일
2022-07-10,우이신설선,삼양,1092,1188,2280,-96,7,10,일
2022-07-10,우이신설선,삼양사거리,1603,1519,3122,84,7,10,일
2022-07-10,우이신설선,솔샘,2946,2748,5694,198,7,10,일
2022-07-10,우이신설선,북한산보국문,3806,3413,7219,393,7,10,일
2022-07-10,우이신설선,정릉,2855,2413,5268,442,7,10,일
2022-07-10,우이신설선,성신여대입구(돈암),2414,2755,5169,-341,7,10,일
2022-07-10,우이신설선,보문,966,1018,1984,-52,7,10,일
2022-07-10,우이신설선,신설동,1148,1153,2301,-5,7,10,일
2022-07-10,일산선,원흥,5875,5667,11542,208,7,10,일
2022-07-10,일산선,삼송,11994,11749,23743,245,7,10,일
2022-07-10,일산선,원당,6280,6107,12387,173,7,10,일
2022-07-10,일산선,화정,9776,10121,19897,-345,7,10,일
2022-07-10,일산선,대곡,1061,946,2007,115,7,10,일
2022-07-10,일산선,백석,5872,5778,11650,94,7,10,일
2022-07-10,일산선,마두,3549,3472,7021,77,7,10,일
2022-07-10,일산선,정발산,6054,6065,12119,-11,7,10,일
2022-07-10,일산선,주엽,5191,5236,10427,-45,7,10,일
2022-07-10,일산선,대화,6804,6130,12934,674,7,10,일
2022-07-10,장항선,봉명,579,615,1194,-36,7,10,일
2022-07-10,장항선,쌍용(나사렛대),1279,1268,2547,11,7,10,일
2022-07-10,장항선,아산,3702,2271,5973,1431,7,10,일
2022-07-10,장항선,탕정,656,668,1324,-12,7,10,일
2022-07-10,장항선,배방,912,1056,1968,-144,7,10,일
2022-07-10,장항선,온양온천,3493,3541,7034,-48,7,10,일
2022-07-10,장항선,신창(순천향대),981,1189,2170,-208,7,10,일
2022-07-10,중앙선,회기,16067,16269,32336,-202,7,10,일
2022-07-10,중앙선,중랑,3585,3530,7115,55,7,10,일
2022-07-10,중앙선,상봉(시외버스터미널),3887,3879,7766,8,7,10,일
2022-07-10,중앙선,망우,5144,5176,10320,-32,7,10,일
2022-07-10,중앙선,양원,1386,1409,2795,-23,7,10,일
2022-07-10,중앙선,구리,8236,8424,16660,-188,7,10,일
2022-07-10,중앙선,도농,5512,5506,11018,6,7,10,일
2022-07-10,중앙선,양정,468,401,869,67,7,10,일
2022-07-10,중앙선,덕소,3757,3679,7436,78,7,10,일
2022-07-10,중앙선,도심,1369,1217,2586,152,7,10,일
2022-07-10,중앙선,팔당,1441,1435,2876,6,7,10,일
2022-07-10,중앙선,운길산,1028,942,1970,86,7,10,일
2022-07-10,중앙선,양수,2510,2324,4834,186,7,10,일
2022-07-10,중앙선,신원,237,168,405,69,7,10,일
2022-07-10,중앙선,국수,600,537,1137,63,7,10,일
2022-07-10,중앙선,아신,663,493,1156,170,7,10,일
2022-07-10,중앙선,오빈,265,244,509,21,7,10,일
2022-07-10,중앙선,양평,2597,2426,5023,171,7,10,일
2022-07-10,중앙선,원덕,444,364,808,80,7,10,일
2022-07-10,중앙선,용문,4663,4107,8770,556,7,10,일
2022-07-10,중앙선,지평,88,65,153,23,7,10,일
2022-07-10,경의선,효창공원앞,1384,1572,2956,-188,7,10,일
2022-07-10,경의선,신촌,301,354,655,-53,7,10,일
2022-07-10,경의선,서울역,1265,1083,2348,182,7,10,일
2022-07-10,경원선,소요산,4782,4258,9040,524,7,10,일
2022-07-10,경원선,동두천,1381,1915,3296,-534,7,10,일
2022-07-10,경원선,보산,1389,1482,2871,-93,7,10,일
2022-07-10,경원선,동두천중앙,2355,2181,4536,174,7,10,일
2022-07-10,경원선,지행,4830,4878,9708,-48,7,10,일
2022-07-10,경원선,덕정,3361,3647,7008,-286,7,10,일
2022-07-10,경원선,덕계,1994,1939,3933,55,7,10,일
2022-07-10,경원선,양주,5315,5304,10619,11,7,10,일
2022-07-10,경원선,녹양,2799,2611,5410,188,7,10,일
2022-07-10,경원선,가능,4133,3858,7991,275,7,10,일
2022-07-10,경원선,의정부,15090,15267,30357,-177,7,10,일
2022-07-10,경원선,회룡,7702,7693,15395,9,7,10,일
2022-07-10,경원선,망월사,5026,5083,10109,-57,7,10,일
2022-07-10,경원선,도봉산,7987,5698,13685,2289,7,10,일
2022-07-10,경원선,도봉,3615,3388,7003,227,7,10,일
2022-07-10,경원선,방학,6061,5922,11983,139,7,10,일
2022-07-10,경원선,녹천,2568,2237,4805,331,7,10,일
2022-07-10,경원선,월계,3618,3348,6966,270,7,10,일
2022-07-10,경원선,광운대,4410,4444,8854,-34,7,10,일
2022-07-10,경원선,석계,5132,5434,10566,-302,7,10,일
2022-07-10,경원선,신이문,4791,4579,9370,212,7,10,일
2022-07-10,경원선,외대앞,5042,4966,10008,76,7,10,일
2022-07-10,경원선,청량리(서울시립대입구),15817,14212,30029,1605,7,10,일
2022-07-10,경원선,왕십리(성동구청),10713,12067,22780,-1354,7,10,일
2022-07-10,경원선,응봉,1150,1089,2239,61,7,10,일
2022-07-10,경원선,옥수,63,26,89,37,7,10,일
2022-07-10,경원선,한남,1866,1903,3769,-37,7,10,일
2022-07-10,경원선,서빙고,1862,1821,3683,41,7,10,일
2022-07-10,경원선,이촌(국립중앙박물관),2659,1985,4644,674,7,10,일
2022-07-10,경부선,광명,3015,2129,5144,886,7,10,일
2022-07-10,경부선,서동탄,812,823,1635,-11,7,10,일
2022-07-10,경부선,당정,2982,2964,5946,18,7,10,일
2022-07-10,경부선,천안,6777,6650,13427,127,7,10,일
2022-07-10,경부선,두정,4859,5372,10231,-513,7,10,일
2022-07-10,경부선,직산,595,660,1255,-65,7,10,일
2022-07-10,경부선,성환,2741,3168,5909,-427,7,10,일
2022-07-10,경부선,평택,12708,13509,26217,-801,7,10,일
2022-07-10,경부선,평택지제,2864,2719,5583,145,7,10,일
2022-07-10,경부선,서정리,4826,7139,11965,-2313,7,10,일
2022-07-10,경부선,송탄,3810,4811,8621,-1001,7,10,일
2022-07-10,경부선,진위,997,979,1976,18,7,10,일
2022-07-10,경부선,오산,8479,9070,17549,-591,7,10,일
2022-07-10,경부선,오산대,2336,2186,4522,150,7,10,일
2022-07-10,경부선,세마,2004,1936,3940,68,7,10,일
2022-07-10,경부선,병점,9923,10831,20754,-908,7,10,일
2022-07-10,경부선,세류,2272,2155,4427,117,7,10,일
2022-07-10,경부선,독산,6241,6371,12612,-130,7,10,일
2022-07-10,경부선,수원,37288,36713,74001,575,7,10,일
2022-07-10,경부선,화서,4506,4511,9017,-5,7,10,일
2022-07-10,경부선,성균관대,8341,8859,17200,-518,7,10,일
2022-07-10,경부선,의왕,4255,4333,8588,-78,7,10,일
2022-07-10,경부선,군포,3164,3128,6292,36,7,10,일
2022-07-10,경부선,금정,15240,15520,30760,-280,7,10,일
2022-07-10,경부선,명학,3179,3096,6275,83,7,10,일
2022-07-10,경부선,안양,14844,14345,29189,499,7,10,일
2022-07-10,경부선,관악,5097,4718,9815,379,7,10,일
2022-07-10,경부선,석수,5254,5017,10271,237,7,10,일
2022-07-10,경부선,금천구청,6091,6188,12279,-97,7,10,일
2022-07-10,경부선,가산디지털단지,4701,6655,11356,-1954,7,10,일
2022-07-10,경부선,구로,10540,10930,21470,-390,7,10,일
2022-07-10,경부선,신길,4574,4138,8712,436,7,10,일
2022-07-10,경부선,신도림,2173,2503,4676,-330,7,10,일
2022-07-10,경부선,영등포,37877,36569,74446,1308,7,10,일
2022-07-10,경부선,대방,5370,6033,11403,-663,7,10,일
2022-07-10,경부선,노량진,5545,5092,10637,453,7,10,일
2022-07-10,경부선,용산,39141,35727,74868,3414,7,10,일
2022-07-10,경부선,남영,4978,5206,10184,-228,7,10,일
2022-07-10,경부선,서울역,9350,1976,11326,7374,7,10,일
2022-07-10,경강선,여주,2499,2370,4869,129,7,10,일
2022-07-10,경강선,세종대왕릉,302,273,575,29,7,10,일
2022-07-10,경강선,부발,1683,2251,3934,-568,7,10,일
2022-07-10,경강선,이천,2392,2583,4975,-191,7,10,일
2022-07-10,경강선,신둔도예촌,1115,1035,2150,80,7,10,일
2022-07-10,경강선,곤지암,1590,1783,3373,-193,7,10,일
2022-07-10,경강선,초월,1773,1716,3489,57,7,10,일
2022-07-10,경강선,경기광주,4384,4336,8720,48,7,10,일
2022-07-10,경강선,삼동,1136,1132,2268,4,7,10,일
2022-07-10,경강선,이매,747,598,1345,149,7,10,일
2022-07-10,경강선,판교,2850,2687,5537,163,7,10,일
2022-07-10,9호선2~3단계,중앙보훈병원,3955,3939,7894,16,7,10,일
2022-07-10,9호선2~3단계,둔촌오륜,618,619,1237,-1,7,10,일
2022-07-10,9호선2~3단계,올림픽공원(한국체대),4875,5095,9970,-220,7,10,일
2022-07-10,9호선2~3단계,한성백제,1624,1454,3078,170,7,10,일
2022-07-10,9호선2~3단계,송파나루,3362,3679,7041,-317,7,10,일
2022-07-10,9호선2~3단계,석촌,4878,4196,9074,682,7,10,일
2022-07-10,9호선2~3단계,석촌고분,3282,3280,6562,2,7,10,일
2022-07-10,9호선2~3단계,삼전,3752,3726,7478,26,7,10,일
2022-07-10,9호선2~3단계,종합운동장,2503,2307,4810,196,7,10,일
2022-07-10,9호선2~3단계,봉은사,14767,15696,30463,-929,7,10,일
2022-07-10,9호선2~3단계,삼성중앙,2313,2290,4603,23,7,10,일
2022-07-10,9호선2~3단계,선정릉,3094,3525,6619,-431,7,10,일
2022-07-10,9호선2~3단계,언주,4086,3918,8004,168,7,10,일
2022-07-10,9호선,신논현,17504,16627,34131,877,7,10,일
2022-07-10,9호선,사평,1786,1867,3653,-81,7,10,일
2022-07-10,9호선,고속터미널,12307,16810,29117,-4503,7,10,일
2022-07-10,9호선,신반포,2120,2258,4378,-138,7,10,일
2022-07-10,9호선,구반포,395,413,808,-18,7,10,일
2022-07-10,9호선,동작(현충원),1336,1118,2454,218,7,10,일
2022-07-10,9호선,흑석(중앙대입구),4033,4311,8344,-278,7,10,일
2022-07-10,9호선,노들,2682,2334,5016,348,7,10,일
2022-07-10,9호선,노량진,14719,15814,30533,-1095,7,10,일
2022-07-10,9호선,샛강,1993,1917,3910,76,7,10,일
2022-07-10,9호선,여의도,10993,10154,21147,839,7,10,일
2022-07-10,9호선,국회의사당,5228,4829,10057,399,7,10,일
2022-07-10,9호선,당산,9597,9616,19213,-19,7,10,일
2022-07-10,9호선,선유도,2962,2938,5900,24,7,10,일
2022-07-10,9호선,신목동,1857,1692,3549,165,7,10,일
2022-07-10,9호선,염창,9063,8963,18026,100,7,10,일
2022-07-10,9호선,등촌,5236,5404,10640,-168,7,10,일
2022-07-10,9호선,증미,2643,2614,5257,29,7,10,일
2022-07-10,9호선,가양,11801,11484,23285,317,7,10,일
2022-07-10,9호선,양천향교,4195,4350,8545,-155,7,10,일
2022-07-10,9호선,마곡나루(서울식물원),5596,5806,11402,-210,7,10,일
2022-07-10,9호선,신방화,3715,3616,7331,99,7,10,일
2022-07-10,9호선,공항시장,1885,2093,3978,-208,7,10,일
2022-07-10,9호선,김포공항,8740,12127,20867,-3387,7,10,일
2022-07-10,9호선,개화,1143,1009,2152,134,7,10,일
2022-07-10,8호선,남위례,2551,2629,5180,-78,7,10,일
2022-07-10,8호선,모란,2738,2398,5136,340,7,10,일
2022-07-10,8호선,수진,3157,2846,6003,311,7,10,일
2022-07-10,8호선,신흥,2922,3132,6054,-210,7,10,일
2022-07-10,8호선,단대오거리,5519,5495,11014,24,7,10,일
2022-07-10,8호선,남한산성입구(성남법원.검찰청),6965,6423,13388,542,7,10,일
2022-07-10,8호선,산성,3046,3191,6237,-145,7,10,일
2022-07-10,8호선,복정,4998,4665,9663,333,7,10,일
2022-07-10,8호선,장지,9597,9939,19536,-342,7,10,일
2022-07-10,8호선,문정,5466,5754,11220,-288,7,10,일
2022-07-10,8호선,가락시장,3245,3891,7136,-646,7,10,일
2022-07-10,8호선,송파,4657,4599,9256,58,7,10,일
2022-07-10,8호선,석촌,4314,5212,9526,-898,7,10,일
2022-07-10,8호선,잠실(송파구청),11782,13335,25117,-1553,7,10,일
2022-07-10,8호선,몽촌토성(평화의문),3177,3218,6395,-41,7,10,일
2022-07-10,8호선,강동구청,4678,4819,9497,-141,7,10,일
2022-07-10,8호선,천호(풍납토성),9130,10433,19563,-1303,7,10,일
2022-07-10,8호선,암사,9043,8603,17646,440,7,10,일
2022-07-10,7호선,온수(성공회대입구),4203,4245,8448,-42,7,10,일
2022-07-10,7호선,천왕,5186,5023,10209,163,7,10,일
2022-07-10,7호선,광명사거리,12877,12961,25838,-84,7,10,일
2022-07-10,7호선,철산,11091,11160,22251,-69,7,10,일
2022-07-10,7호선,가산디지털단지,10710,9909,20619,801,7,10,일
2022-07-10,7호선,남구로,7215,7097,14312,118,7,10,일
2022-07-10,7호선,대림(구로구청),8312,8043,16355,269,7,10,일
2022-07-10,7호선,신풍,6408,6074,12482,334,7,10,일
2022-07-10,7호선,보라매,3840,3970,7810,-130,7,10,일
2022-07-10,7호선,신대방삼거리,7928,7866,15794,62,7,10,일
2022-07-10,7호선,장승배기,5018,4968,9986,50,7,10,일
2022-07-10,7호선,상도,5945,5890,11835,55,7,10,일
2022-07-10,7호선,숭실대입구(살피재),6008,6419,12427,-411,7,10,일
2022-07-10,7호선,남성,5693,5690,11383,3,7,10,일
2022-07-10,7호선,이수,8724,8488,17212,236,7,10,일
2022-07-10,7호선,내방,5432,5726,11158,-294,7,10,일
2022-07-10,7호선,고속터미널,14209,8768,22977,5441,7,10,일
2022-07-10,7호선,반포,3072,3047,6119,25,7,10,일
2022-07-10,7호선,논현,5583,5820,11403,-237,7,10,일
2022-07-10,7호선,학동,6463,6752,13215,-289,7,10,일
2022-07-10,1호선,서울역,30175,28550,58725,1625,7,10,일
2022-07-10,7호선,강남구청,5218,5759,10977,-541,7,10,일
2022-07-10,7호선,청담,6937,7748,14685,-811,7,10,일
2022-07-10,7호선,뚝섬유원지,7462,7131,14593,331,7,10,일
2022-07-10,7호선,건대입구,8578,8825,17403,-247,7,10,일
2022-07-10,7호선,어린이대공원(세종대),7228,7298,14526,-70,7,10,일
2022-07-10,7호선,군자(능동),8255,6403,14658,1852,7,10,일
2022-07-10,7호선,중곡,5300,5136,10436,164,7,10,일
2022-07-10,7호선,용마산(용마폭포공원),3792,3727,7519,65,7,10,일
2022-07-10,7호선,사가정,8983,8781,17764,202,7,10,일
2022-07-10,7호선,면목,8047,7741,15788,306,7,10,일
2022-07-10,7호선,상봉(시외버스터미널),9616,8981,18597,635,7,10,일
2022-07-10,7호선,중화,5773,5581,11354,192,7,10,일
2022-07-10,7호선,먹골,5567,5546,11113,21,7,10,일
2022-07-10,7호선,태릉입구,5211,4821,10032,390,7,10,일
2022-07-10,7호선,공릉(서울과학기술대),6291,6483,12774,-192,7,10,일
2022-07-10,7호선,하계,9715,9282,18997,433,7,10,일
2022-07-10,7호선,중계,6836,6426,13262,410,7,10,일
2022-07-10,7호선,노원,12244,12522,24766,-278,7,10,일
2022-07-10,7호선,마들,6082,5723,11805,359,7,10,일
2022-07-10,7호선,수락산,8808,8888,17696,-80,7,10,일
2022-07-10,7호선,도봉산,5974,7939,13913,-1965,7,10,일
2022-07-10,7호선,장암,1726,1229,2955,497,7,10,일
2022-07-10,6호선,봉화산(서울의료원),3977,4035,8012,-58,7,10,일
2022-07-10,6호선,화랑대(서울여대입구),5168,4544,9712,624,7,10,일
2022-07-10,6호선,태릉입구,3140,3510,6650,-370,7,10,일
2022-07-10,6호선,석계,6552,6912,13464,-360,7,10,일
2022-07-10,6호선,돌곶이,5725,5369,11094,356,7,10,일
2022-07-10,6호선,상월곡(한국과학기술연구원),3284,3003,6287,281,7,10,일
2022-07-10,6호선,월곡(동덕여대),5304,5264,10568,40,7,10,일
2022-07-10,6호선,고려대(종암),4136,4047,8183,89,7,10,일
2022-07-10,6호선,안암(고대병원앞),4900,5246,10146,-346,7,10,일
2022-07-10,6호선,보문,4067,3933,8000,134,7,10,일
2022-07-10,6호선,창신,1623,1519,3142,104,7,10,일
2022-07-10,6호선,동묘앞,5608,5807,11415,-199,7,10,일
2022-07-10,6호선,신당,3439,4157,7596,-718,7,10,일
2022-07-10,6호선,청구,1632,1536,3168,96,7,10,일
2022-07-10,6호선,약수,1751,1757,3508,-6,7,10,일
2022-07-10,6호선,버티고개,1042,1148,2190,-106,7,10,일
2022-07-10,6호선,한강진,6749,7464,14213,-715,7,10,일
2022-07-10,6호선,이태원,13710,11372,25082,2338,7,10,일
2022-07-10,6호선,녹사평(용산구청),3939,3756,7695,183,7,10,일
2022-07-10,6호선,삼각지,4260,3132,7392,1128,7,10,일
2022-07-10,6호선,효창공원앞,3455,3103,6558,352,7,10,일
2022-07-10,6호선,공덕,6797,6392,13189,405,7,10,일
2022-07-10,6호선,대흥(서강대앞),4010,4173,8183,-163,7,10,일
2022-07-10,6호선,광흥창(서강),4338,4208,8546,130,7,10,일
2022-07-10,6호선,상수,6755,7814,14569,-1059,7,10,일
2022-07-10,6호선,합정,9991,9042,19033,949,7,10,일
2022-07-10,6호선,망원,9203,9952,19155,-749,7,10,일
2022-07-10,6호선,마포구청,6969,6395,13364,574,7,10,일
2022-07-10,6호선,월드컵경기장(성산),3277,3486,6763,-209,7,10,일
2022-07-10,6호선,디지털미디어시티,5381,5773,11154,-392,7,10,일
2022-07-10,6호선,증산(명지대앞),5638,5664,11302,-26,7,10,일
2022-07-10,6호선,새절(신사),6550,6304,12854,246,7,10,일
2022-07-10,6호선,구산,3975,3228,7203,747,7,10,일
2022-07-10,6호선,독바위,1569,1857,3426,-288,7,10,일
2022-07-10,6호선,불광,3318,2994,6312,324,7,10,일
2022-07-10,6호선,역촌,2116,2145,4261,-29,7,10,일
2022-07-10,6호선,응암,9481,9566,19047,-85,7,10,일
2022-07-10,5호선,하남검단산,5001,4846,9847,155,7,10,일
2022-07-10,5호선,하남시청(덕풍·신장),4277,4120,8397,157,7,10,일
2022-07-10,5호선,하남풍산,2403,2327,4730,76,7,10,일
2022-07-10,5호선,미사,9214,9448,18662,-234,7,10,일
2022-07-10,5호선,강일,2388,2242,4630,146,7,10,일
2022-07-10,5호선,마천,3598,3904,7502,-306,7,10,일
2022-07-10,5호선,거여,4722,4465,9187,257,7,10,일
2022-07-10,5호선,개롱,3034,3305,6339,-271,7,10,일
2022-07-10,5호선,오금,1609,1522,3131,87,7,10,일
2022-07-10,5호선,방이,3887,3849,7736,38,7,10,일
2022-07-10,5호선,올림픽공원(한국체대),2411,2010,4421,401,7,10,일
2022-07-10,5호선,둔촌동,4531,4558,9089,-27,7,10,일
2022-07-10,5호선,상일동,6967,6786,13753,181,7,10,일
2022-07-10,5호선,고덕,4344,4583,8927,-239,7,10,일
2022-07-10,5호선,명일,5275,5318,10593,-43,7,10,일
2022-07-10,5호선,굽은다리(강동구민회관앞),5887,5639,11526,248,7,10,일
2022-07-10,5호선,길동,4227,4205,8432,22,7,10,일
2022-07-10,5호선,강동,9282,9091,18373,191,7,10,일
2022-07-10,5호선,천호(풍납토성),13188,12532,25720,656,7,10,일
2022-07-10,5호선,광나루(장신대),7714,7294,15008,420,7,10,일
2022-07-10,5호선,아차산(어린이대공원후문),9475,9158,18633,317,7,10,일
2022-07-10,5호선,군자(능동),6128,7020,13148,-892,7,10,일
2022-07-10,5호선,장한평,8097,8241,16338,-144,7,10,일
2022-07-10,5호선,답십리,7645,7097,14742,548,7,10,일
2022-07-10,5호선,마장,2879,2706,5585,173,7,10,일
2022-07-10,5호선,왕십리(성동구청),2523,3226,5749,-703,7,10,일
2022-07-10,5호선,행당,4004,3623,7627,381,7,10,일
2022-07-10,5호선,신금호,3026,3336,6362,-310,7,10,일
2022-07-10,5호선,청구,1884,1710,3594,174,7,10,일
2022-07-10,5호선,동대문역사문화공원(DDP),767,858,1625,-91,7,10,일
2022-07-10,5호선,을지로4가,1655,1718,3373,-63,7,10,일
2022-07-10,5호선,종로3가,8959,8058,17017,901,7,10,일
2022-07-10,5호선,광화문(세종문화회관),12048,12614,24662,-566,7,10,일
2022-07-10,5호선,서대문,5217,5058,10275,159,7,10,일
2022-07-10,5호선,충정로(경기대입구),1490,1585,3075,-95,7,10,일
2022-07-10,5호선,애오개,2734,2803,5537,-69,7,10,일
2022-07-10,5호선,공덕,4580,4524,9104,56,7,10,일
2022-07-10,5호선,마포,4898,4856,9754,42,7,10,일
2022-07-10,5호선,여의나루,13251,14672,27923,-1421,7,10,일
2022-07-10,5호선,여의도,9042,9544,18586,-502,7,10,일
2022-07-10,5호선,신길,2076,2215,4291,-139,7,10,일
2022-07-10,5호선,영등포시장,5468,5618,11086,-150,7,10,일
2022-07-10,5호선,영등포구청,1316,1285,2601,31,7,10,일
2022-07-10,5호선,양평,2624,2755,5379,-131,7,10,일
2022-07-10,5호선,오목교(목동운동장앞),12184,12733,24917,-549,7,10,일
2022-07-10,5호선,목동,7916,8064,15980,-148,7,10,일
2022-07-10,5호선,신정(은행정),6389,5842,12231,547,7,10,일
2022-07-10,5호선,까치산,15929,15333,31262,596,7,10,일
2022-07-10,5호선,화곡,14632,14002,28634,630,7,10,일
2022-07-10,5호선,우장산,7231,7437,14668,-206,7,10,일
2022-07-10,5호선,발산,9545,10325,19870,-780,7,10,일
2022-07-10,5호선,마곡,3814,3929,7743,-115,7,10,일
2022-07-10,5호선,송정,3673,3758,7431,-85,7,10,일
2022-07-10,5호선,김포공항,8094,7904,15998,190,7,10,일
2022-07-10,5호선,개화산,2763,2794,5557,-31,7,10,일
2022-07-10,5호선,방화,3699,3712,7411,-13,7,10,일
2022-07-10,4호선,남태령,901,564,1465,337,7,10,일
2022-07-10,4호선,사당,17337,15960,33297,1377,7,10,일
2022-07-10,4호선,총신대입구(이수),10753,11582,22335,-829,7,10,일
2022-07-10,4호선,동작(현충원),893,952,1845,-59,7,10,일
2022-07-10,4호선,이촌(국립중앙박물관),6408,6972,13380,-564,7,10,일
2022-07-10,4호선,신용산,9859,10220,20079,-361,7,10,일
2022-07-10,4호선,삼각지,3061,4099,7160,-1038,7,10,일
2022-07-10,4호선,숙대입구(갈월),8069,7970,16039,99,7,10,일
2022-07-10,4호선,서울역,4904,12015,16919,-7111,7,10,일
2022-07-10,4호선,회현(남대문시장),8982,8844,17826,138,7,10,일
2022-07-10,4호선,명동,13604,13440,27044,164,7,10,일
2022-07-10,4호선,충무로,8158,8807,16965,-649,7,10,일
2022-07-10,4호선,동대문역사문화공원(DDP),10000,8773,18773,1227,7,10,일
2022-07-10,4호선,동대문,6789,7681,14470,-892,7,10,일
2022-07-10,4호선,혜화,23747,24909,48656,-1162,7,10,일
2022-07-10,4호선,한성대입구(삼선교),7771,7735,15506,36,7,10,일
2022-07-10,4호선,성신여대입구(돈암),12971,12703,25674,268,7,10,일
2022-07-10,4호선,길음,11167,10826,21993,341,7,10,일
2022-07-10,4호선,미아사거리,17009,16138,33147,871,7,10,일
2022-07-10,4호선,미아(서울사이버대학),8448,7994,16442,454,7,10,일
2022-07-10,4호선,수유(강북구청),20795,20124,40919,671,7,10,일
2022-07-10,4호선,쌍문,16325,14904,31229,1421,7,10,일
2022-07-10,4호선,창동,15216,15918,31134,-702,7,10,일
2022-07-10,4호선,노원,12428,13373,25801,-945,7,10,일
2022-07-10,4호선,상계,10557,9831,20388,726,7,10,일
2022-07-10,4호선,당고개,6395,6154,12549,241,7,10,일
2022-07-10,3호선,오금,2793,2685,5478,108,7,10,일
2022-07-10,3호선,경찰병원,2960,2976,5936,-16,7,10,일
2022-07-10,3호선,가락시장,3752,4010,7762,-258,7,10,일
2022-07-10,3호선,수서,10684,10777,21461,-93,7,10,일
2022-07-10,3호선,일원,3661,3724,7385,-63,7,10,일
2022-07-10,3호선,대청,4290,4136,8426,154,7,10,일
2022-07-10,3호선,학여울,2132,2241,4373,-109,7,10,일
2022-07-10,3호선,대치,6143,5432,11575,711,7,10,일
2022-07-10,3호선,도곡,1948,2010,3958,-62,7,10,일
2022-07-10,3호선,매봉,4503,4547,9050,-44,7,10,일
2022-07-10,3호선,양재(서초구청),13700,15780,29480,-2080,7,10,일
2022-07-10,3호선,남부터미널(예술의전당),15818,16647,32465,-829,7,10,일
2022-07-10,3호선,교대(법원.검찰청),4788,2929,7717,1859,7,10,일
2022-07-10,3호선,고속터미널,47291,43582,90873,3709,7,10,일
2022-07-10,3호선,잠원,2173,2245,4418,-72,7,10,일
2022-07-10,3호선,신사,13923,14083,28006,-160,7,10,일
2022-07-10,3호선,압구정,14896,15525,30421,-629,7,10,일
2022-07-10,3호선,옥수,5020,5290,10310,-270,7,10,일
2022-07-10,3호선,금호,4295,4177,8472,118,7,10,일
2022-07-10,3호선,약수,6696,6503,13199,193,7,10,일
2022-07-10,3호선,동대입구,5237,5671,10908,-434,7,10,일
2022-07-10,3호선,을지로3가,3645,3351,6996,294,7,10,일
2022-07-10,3호선,종로3가,4430,5612,10042,-1182,7,10,일
2022-07-10,3호선,안국,11627,11765,23392,-138,7,10,일
2022-07-10,3호선,경복궁(정부서울청사),14680,15816,30496,-1136,7,10,일
2022-07-10,3호선,독립문,4127,4369,8496,-242,7,10,일
2022-07-10,3호선,무악재,1872,1993,3865,-121,7,10,일
2022-07-10,3호선,홍제,9603,9145,18748,458,7,10,일
2022-07-10,3호선,녹번,7547,6799,14346,748,7,10,일
2022-07-10,3호선,불광,9886,11473,21359,-1587,7,10,일
2022-07-10,3호선,연신내,22357,21045,43402,1312,7,10,일
2022-07-10,3호선,구파발,12896,13248,26144,-352,7,10,일
2022-07-10,3호선,지축,2744,2541,5285,203,7,10,일
2022-07-10,2호선,용두(동대문구청),1092,1064,2156,28,7,10,일
2022-07-10,2호선,신정네거리,5570,5562,11132,8,7,10,일
2022-07-10,2호선,양천구청,3336,3517,6853,-181,7,10,일
2022-07-10,2호선,도림천,506,467,973,39,7,10,일
2022-07-10,2호선,신설동,3129,3030,6159,99,7,10,일
2022-07-10,2호선,신답,769,833,1602,-64,7,10,일
2022-07-10,2호선,용답,1764,1650,3414,114,7,10,일
2022-07-10,2호선,충정로(경기대입구),3812,4113,7925,-301,7,10,일
2022-07-10,2호선,아현,5519,5448,10967,71,7,10,일
2022-07-10,2호선,이대,7314,8047,15361,-733,7,10,일
2022-07-10,2호선,신촌,25382,24808,50190,574,7,10,일
2022-07-10,2호선,홍대입구,58059,57719,115778,340,7,10,일
2022-07-10,2호선,합정,21751,23608,45359,-1857,7,10,일
2022-07-10,2호선,당산,8453,9285,17738,-832,7,10,일
2022-07-10,2호선,영등포구청,7673,7975,15648,-302,7,10,일
2022-07-10,2호선,문래,7409,7854,15263,-445,7,10,일
2022-07-10,2호선,신도림,28877,29650,58527,-773,7,10,일
2022-07-10,2호선,대림(구로구청),15859,16131,31990,-272,7,10,일
2022-07-10,2호선,구로디지털단지,25222,24884,50106,338,7,10,일
2022-07-10,2호선,신대방,15752,15314,31066,438,7,10,일
2022-07-10,2호선,신림,37495,36828,74323,667,7,10,일
2022-07-10,2호선,봉천,13299,12668,25967,631,7,10,일
2022-07-10,2호선,서울대입구(관악구청),27091,28154,55245,-1063,7,10,일
2022-07-10,2호선,낙성대(강감찬),16671,17351,34022,-680,7,10,일
2022-07-10,2호선,사당,24676,26737,51413,-2061,7,10,일
2022-07-10,2호선,방배,7215,7774,14989,-559,7,10,일
2022-07-10,2호선,서초,13277,11846,25123,1431,7,10,일
2022-07-10,2호선,교대(법원.검찰청),11303,12523,23826,-1220,7,10,일
2022-07-10,2호선,강남,37133,35597,72730,1536,7,10,일
2022-07-10,2호선,역삼,11554,12726,24280,-1172,7,10,일
2022-07-10,2호선,선릉,14125,12292,26417,1833,7,10,일
2022-07-10,2호선,삼성(무역센터),32636,31402,64038,1234,7,10,일
2022-07-10,2호선,종합운동장,9814,10937,20751,-1123,7,10,일
2022-07-10,2호선,잠실새내,12386,12958,25344,-572,7,10,일
2022-07-10,2호선,잠실(송파구청),53991,50798,104789,3193,7,10,일
2022-07-10,2호선,잠실나루,5677,5788,11465,-111,7,10,일
2022-07-10,2호선,강변(동서울터미널),25106,23256,48362,1850,7,10,일
2022-07-10,2호선,구의(광진구청),11818,11765,23583,53,7,10,일
2022-07-10,2호선,건대입구,27328,29135,56463,-1807,7,10,일
2022-07-10,2호선,성수,15562,16957,32519,-1395,7,10,일
2022-07-10,2호선,뚝섬,10459,10789,21248,-330,7,10,일
2022-07-10,2호선,한양대,2589,2901,5490,-312,7,10,일
2022-07-10,2호선,왕십리(성동구청),10078,8855,18933,1223,7,10,일
2022-07-10,2호선,상왕십리,7395,7366,14761,29,7,10,일
2022-07-10,2호선,신당,8116,8365,16481,-249,7,10,일
2022-07-10,2호선,동대문역사문화공원(DDP),8492,10378,18870,-1886,7,10,일
2022-07-10,2호선,을지로4가,4000,3825,7825,175,7,10,일
2022-07-10,2호선,을지로3가,9154,8849,18003,305,7,10,일
2022-07-10,2호선,을지로입구,17556,16931,34487,625,7,10,일
2022-07-10,2호선,시청,6970,5670,12640,1300,7,10,일
2022-07-10,1호선,동묘앞,10958,10851,21809,107,7,10,일
2022-07-10,1호선,청량리(서울시립대입구),12819,13189,26008,-370,7,10,일
2022-07-10,1호선,제기동,10204,10663,20867,-459,7,10,일
2022-07-10,1호선,신설동,7527,7502,15029,25,7,10,일
2022-07-10,1호선,동대문,10014,10464,20478,-450,7,10,일
2022-07-10,1호선,종로5가,9810,9665,19475,145,7,10,일
2022-07-10,1호선,종로3가,14891,12767,27658,2124,7,10,일
2022-07-10,1호선,종각,14022,12592,26614,1430,7,10,일
2022-07-10,1호선,시청,8580,8041,16621,539,7,10,일
2022-07-10,과천선,평촌,6774,6382,13156,392,7,10,일
2022-07-10,경의선,공덕,1862,1485,3347,377,7,10,일
2022-07-11,일산선,대곡,2332,1848,4180,484,7,11,월
2022-07-11,일산선,화정,17282,17640,34922,-358,7,11,월
2022-07-11,일산선,원당,11464,10717,22181,747,7,11,월
2022-07-11,일산선,삼송,20233,19628,39861,605,7,11,월
2022-07-11,일산선,원흥,11559,10911,22470,648,7,11,월
2022-07-11,우이신설선,신설동,2256,2193,4449,63,7,11,월
2022-07-11,우이신설선,보문,1564,1549,3113,15,7,11,월
2022-07-11,우이신설선,성신여대입구(돈암),3342,3710,7052,-368,7,11,월
2022-07-11,우이신설선,정릉,4697,4481,9178,216,7,11,월
2022-07-11,우이신설선,북한산보국문,5933,5906,11839,27,7,11,월
2022-07-11,우이신설선,솔샘,5910,5836,11746,74,7,11,월
2022-07-11,우이신설선,삼양사거리,2547,2559,5106,-12,7,11,월
2022-07-11,우이신설선,삼양,2120,2252,4372,-132,7,11,월
2022-07-11,우이신설선,화계,3640,3417,7057,223,7,11,월
2022-07-11,우이신설선,가오리,4441,4441,8882,0,7,11,월
2022-07-11,우이신설선,4.19민주묘지,2966,2811,5777,155,7,11,월
2022-07-11,우이신설선,솔밭공원,2622,2522,5144,100,7,11,월
2022-07-11,우이신설선,북한산우이,2823,2474,5297,349,7,11,월
2022-07-11,안산선,수리산,4261,3626,7887,635,7,11,월
2022-07-11,안산선,오이도,8543,8261,16804,282,7,11,월
2022-07-11,안산선,정왕,8329,8832,17161,-503,7,11,월
2022-07-11,안산선,신길온천,1863,1606,3469,257,7,11,월
2022-07-11,안산선,안산,12258,11188,23446,1070,7,11,월
2022-07-11,안산선,초지,4918,4914,9832,4,7,11,월
2022-07-11,안산선,고잔,9397,8798,18195,599,7,11,월
2022-07-11,안산선,중앙,18067,18726,36793,-659,7,11,월
2022-07-11,안산선,한대앞,9236,9333,18569,-97,7,11,월
2022-07-11,안산선,상록수,15677,16015,31692,-338,7,11,월
2022-07-11,안산선,반월,4571,4435,9006,136,7,11,월
2022-07-11,안산선,대야미,5147,4601,9748,546,7,11,월
2022-07-11,안산선,산본,16117,17475,33592,-1358,7,11,월
2022-07-11,신림선,관악산(서울대),2610,2629,5239,-19,7,11,월
2022-07-11,신림선,서울대벤처타운,6223,6467,12690,-244,7,11,월
2022-07-11,신림선,서원,2787,2543,5330,244,7,11,월
2022-07-11,신림선,신림,1573,2091,3664,-518,7,11,월
2022-07-11,신림선,당곡,3674,3597,7271,77,7,11,월
2022-07-11,신림선,보라매병원,6847,6889,13736,-42,7,11,월
2022-07-11,신림선,보라매공원,1802,1940,3742,-138,7,11,월
2022-07-11,신림선,보라매,2849,2599,5448,250,7,11,월
2022-07-11,신림선,서울지방병무청,2244,2414,4658,-170,7,11,월
2022-07-11,신림선,대방,1801,1449,3250,352,7,11,월
2022-07-11,신림선,샛강,2126,2546,4672,-420,7,11,월
2022-07-11,수인선,인천,1091,1755,2846,-664,7,11,월
2022-07-11,수인선,신포,1878,1847,3725,31,7,11,월
2022-07-11,수인선,숭의,4202,3836,8038,366,7,11,월
2022-07-11,수인선,인하대,6029,5796,11825,233,7,11,월
2022-07-11,수인선,송도,2483,2282,4765,201,7,11,월
2022-07-11,수인선,연수,4745,4520,9265,225,7,11,월
2022-07-11,수인선,원인재,4393,4529,8922,-136,7,11,월
2022-07-11,수인선,남동인더스파크,2366,2656,5022,-290,7,11,월
2022-07-11,수인선,호구포,4194,4483,8677,-289,7,11,월
2022-07-11,수인선,인천논현,5667,6023,11690,-356,7,11,월
2022-07-11,수인선,소래포구,4955,4568,9523,387,7,11,월
2022-07-11,수인선,월곶,2818,2668,5486,150,7,11,월
2022-07-11,수인선,달월,130,81,211,49,7,11,월
2022-07-11,수인선,사리,4912,4173,9085,739,7,11,월
2022-07-11,수인선,야목,450,291,741,159,7,11,월
2022-07-11,수인선,어천,742,839,1581,-97,7,11,월
2022-07-11,수인선,오목천,3337,3070,6407,267,7,11,월
2022-07-11,수인선,고색,4866,4638,9504,228,7,11,월
2022-07-11,분당선,매교,3359,3266,6625,93,7,11,월
2022-07-11,분당선,수원시청,12865,13890,26755,-1025,7,11,월
2022-07-11,분당선,매탄권선,5439,5171,10610,268,7,11,월
2022-07-11,분당선,망포,15005,14368,29373,637,7,11,월
2022-07-11,분당선,영통,8375,8788,17163,-413,7,11,월
2022-07-11,분당선,청명,4506,4406,8912,100,7,11,월
2022-07-11,분당선,상갈,5536,5353,10889,183,7,11,월
2022-07-11,분당선,기흥,10480,9761,20241,719,7,11,월
2022-07-11,분당선,신갈,4972,4846,9818,126,7,11,월
2022-07-11,분당선,구성,5240,5582,10822,-342,7,11,월
2022-07-11,분당선,죽전,13547,15000,28547,-1453,7,11,월
2022-07-11,분당선,보정,2864,2489,5353,375,7,11,월
2022-07-11,분당선,이매,6048,5477,11525,571,7,11,월
2022-07-11,분당선,오리,12412,10217,22629,2195,7,11,월
2022-07-11,분당선,미금,16136,17019,33155,-883,7,11,월
2022-07-11,분당선,정자,19101,20303,39404,-1202,7,11,월
2022-07-11,분당선,수내,14189,13989,28178,200,7,11,월
2022-07-11,분당선,서현,24969,25511,50480,-542,7,11,월
2022-07-11,분당선,야탑,26710,27636,54346,-926,7,11,월
2022-07-11,분당선,모란,19871,20048,39919,-177,7,11,월
2022-07-11,분당선,태평,13670,13104,26774,566,7,11,월
2022-07-11,분당선,가천대,7028,7979,15007,-951,7,11,월
2022-07-11,분당선,선정릉,8792,9254,18046,-462,7,11,월
2022-07-11,분당선,강남구청,10041,11763,21804,-1722,7,11,월
2022-07-11,분당선,압구정로데오,18103,19676,37779,-1573,7,11,월
2022-07-11,분당선,서울숲,11020,11244,22264,-224,7,11,월
2022-07-11,분당선,수원,8116,6711,14827,1405,7,11,월
2022-07-11,분당선,수서,14417,14763,29180,-346,7,11,월
2022-07-11,분당선,대모산입구,4988,4610,9598,378,7,11,월
2022-07-11,분당선,개포동,4257,4317,8574,-60,7,11,월
2022-07-11,분당선,구룡,2456,2325,4781,131,7,11,월
2022-07-11,분당선,도곡,7671,7756,15427,-85,7,11,월
2022-07-11,분당선,한티,14479,15604,30083,-1125,7,11,월
2022-07-11,분당선,선릉,14737,22484,37221,-7747,7,11,월
2022-07-11,과천선,범계,25934,25917,51851,17,7,11,월
2022-07-11,과천선,평촌,18582,18436,37018,146,7,11,월
2022-07-11,과천선,인덕원,24414,25503,49917,-1089,7,11,월
2022-07-11,과천선,정부과천청사,11606,11394,23000,212,7,11,월
2022-07-11,과천선,과천,6560,6222,12782,338,7,11,월
2022-07-11,과천선,대공원,2296,2339,4635,-43,7,11,월
2022-07-11,과천선,경마공원,926,890,1816,36,7,11,월
2022-07-11,과천선,선바위,8325,7122,15447,1203,7,11,월
2022-07-11,공항철도 1호선,영종,3601,3505,7106,96,7,11,월
2022-07-11,공항철도 1호선,인천공항2터미널,3765,3258,7023,507,7,11,월
2022-07-11,공항철도 1호선,인천공항1터미널,7666,7167,14833,499,7,11,월
2022-07-11,공항철도 1호선,공항화물청사,2425,2600,5025,-175,7,11,월
2022-07-11,공항철도 1호선,운서,7661,7897,15558,-236,7,11,월
2022-07-11,공항철도 1호선,청라국제도시,7650,6985,14635,665,7,11,월
2022-07-11,공항철도 1호선,검암,6961,6813,13774,148,7,11,월
2022-07-11,공항철도 1호선,계양,11620,10652,22272,968,7,11,월
2022-07-11,공항철도 1호선,김포공항,12049,7184,19233,4865,7,11,월
2022-07-11,공항철도 1호선,마곡나루(서울식물원),9926,9637,19563,289,7,11,월
2022-07-11,공항철도 1호선,디지털미디어시티,15463,14195,29658,1268,7,11,월
2022-07-11,공항철도 1호선,홍대입구,10271,10432,20703,-161,7,11,월
2022-07-11,공항철도 1호선,공덕,2546,3396,5942,-850,7,11,월
2022-07-11,공항철도 1호선,서울역,9342,8067,17409,1275,7,11,월
2022-07-11,경춘선,춘천,1263,1176,2439,87,7,11,월
2022-07-11,경춘선,남춘천,2439,2526,4965,-87,7,11,월
2022-07-11,경춘선,김유정,329,310,639,19,7,11,월
2022-07-11,경춘선,강촌,512,547,1059,-35,7,11,월
2022-07-11,경춘선,백양리,103,97,200,6,7,11,월
2022-07-11,경춘선,굴봉산,163,139,302,24,7,11,월
2022-07-11,경춘선,가평,2253,2593,4846,-340,7,11,월
2022-07-11,경춘선,상천,266,276,542,-10,7,11,월
2022-07-11,경춘선,청평,1901,1930,3831,-29,7,11,월
2022-07-11,경춘선,대성리,903,997,1900,-94,7,11,월
2022-07-11,경춘선,마석,4048,3959,8007,89,7,11,월
2022-07-11,경춘선,천마산,1724,1598,3322,126,7,11,월
2022-07-11,경춘선,평내호평,6615,6321,12936,294,7,11,월
2022-07-11,경춘선,금곡,1576,1543,3119,33,7,11,월
2022-07-11,경춘선,사릉,2511,2393,4904,118,7,11,월
2022-07-11,경춘선,퇴계원,3809,3418,7227,391,7,11,월
2022-07-11,경춘선,별내,3295,3067,6362,228,7,11,월
2022-07-11,경춘선,갈매,3265,2770,6035,495,7,11,월
2022-07-11,경춘선,신내,2382,2206,4588,176,7,11,월
2022-07-11,경인선,도화,4332,3952,8284,380,7,11,월
2022-07-11,경인선,중동,9884,9204,19088,680,7,11,월
2022-07-11,경인선,온수(성공회대입구),7080,6578,13658,502,7,11,월
2022-07-11,경인선,도원,3828,3584,7412,244,7,11,월
2022-07-11,경인선,간석,6196,5801,11997,395,7,11,월
2022-07-11,경인선,부개,9135,8452,17587,683,7,11,월
2022-07-11,경인선,소사,8553,8573,17126,-20,7,11,월
2022-07-11,경인선,구일,6535,6452,12987,83,7,11,월
2022-07-11,경인선,인천,3609,2744,6353,865,7,11,월
2022-07-11,경인선,동인천,13757,13242,26999,515,7,11,월
2022-07-11,경인선,제물포,11029,10543,21572,486,7,11,월
2022-07-11,경인선,주안,19272,17530,36802,1742,7,11,월
2022-07-11,경인선,동암,15962,15620,31582,342,7,11,월
2022-07-11,경인선,백운,7158,6933,14091,225,7,11,월
2022-07-11,경인선,부평,29549,31049,60598,-1500,7,11,월
2022-07-11,경인선,송내,28339,27989,56328,350,7,11,월
2022-07-11,경인선,부천,32476,32099,64575,377,7,11,월
2022-07-11,경인선,역곡,27694,27792,55486,-98,7,11,월
2022-07-11,경인선,오류동,12305,11404,23709,901,7,11,월
2022-07-11,경인선,개봉,21693,21457,43150,236,7,11,월
2022-07-11,경의선,임진강,12,7,19,5,7,11,월
2022-07-11,경의선,문산,5587,5463,11050,124,7,11,월
2022-07-11,경의선,파주,1251,778,2029,473,7,11,월
2022-07-11,경의선,월롱,2829,2741,5570,88,7,11,월
2022-07-11,경의선,금촌,7020,6941,13961,79,7,11,월
2022-07-11,경의선,금릉,5082,4907,9989,175,7,11,월
2022-07-11,경의선,운정,7326,6759,14085,567,7,11,월
2022-07-11,경의선,야당,8096,7958,16054,138,7,11,월
2022-07-11,경의선,탄현,8338,7878,16216,460,7,11,월
2022-07-11,경의선,일산,10114,9819,19933,295,7,11,월
2022-07-11,경의선,풍산,5791,5349,11140,442,7,11,월
2022-07-11,경의선,백마,7326,6960,14286,366,7,11,월
2022-07-11,경의선,곡산,671,707,1378,-36,7,11,월
2022-07-11,경의선,능곡,4024,3720,7744,304,7,11,월
2022-07-11,경의선,행신,8578,8414,16992,164,7,11,월
2022-07-11,경의선,강매,3379,2907,6286,472,7,11,월
2022-07-11,경의선,화전,2019,1901,3920,118,7,11,월
2022-07-11,경의선,수색,3078,3274,6352,-196,7,11,월
2022-07-11,경의선,디지털미디어시티,2712,2440,5152,272,7,11,월
2022-07-11,경의선,가좌,5855,5635,11490,220,7,11,월
2022-07-11,경의선,홍대입구,1717,2066,3783,-349,7,11,월
2022-07-11,경의선,서강대,2242,2204,4446,38,7,11,월
2022-07-11,경의선,공덕,3819,3494,7313,325,7,11,월
2022-07-11,경의선,효창공원앞,3103,3555,6658,-452,7,11,월
2022-07-11,경의선,신촌,934,1215,2149,-281,7,11,월
2022-07-11,경의선,서울역,4829,6262,11091,-1433,7,11,월
2022-07-11,경원선,소요산,2906,2408,5314,498,7,11,월
2022-07-11,경원선,동두천,2302,2505,4807,-203,7,11,월
2022-07-11,경원선,보산,1709,1398,3107,311,7,11,월
2022-07-11,경원선,동두천중앙,3317,3194,6511,123,7,11,월
2022-07-11,경원선,지행,6760,6733,13493,27,7,11,월
2022-07-11,경원선,덕정,5543,5326,10869,217,7,11,월
2022-07-11,경원선,덕계,3415,3053,6468,362,7,11,월
2022-07-11,경원선,양주,7880,7313,15193,567,7,11,월
2022-07-11,경원선,녹양,4795,4558,9353,237,7,11,월
2022-07-11,경원선,가능,7071,6804,13875,267,7,11,월
2022-07-11,경원선,의정부,18648,19033,37681,-385,7,11,월
2022-07-11,경원선,회룡,12982,12849,25831,133,7,11,월
2022-07-11,경원선,망월사,7991,8155,16146,-164,7,11,월
2022-07-11,경원선,도봉산,7237,4646,11883,2591,7,11,월
2022-07-11,경원선,도봉,6202,6011,12213,191,7,11,월
2022-07-11,경원선,방학,10130,9891,20021,239,7,11,월
2022-07-11,경원선,녹천,5039,4070,9109,969,7,11,월
2022-07-11,경원선,월계,6703,6372,13075,331,7,11,월
2022-07-11,경원선,광운대,7636,7417,15053,219,7,11,월
2022-07-11,경원선,석계,8010,9067,17077,-1057,7,11,월
2022-07-11,경원선,신이문,8653,7926,16579,727,7,11,월
2022-07-11,경원선,외대앞,7426,7463,14889,-37,7,11,월
2022-07-11,경원선,청량리(서울시립대입구),14555,15011,29566,-456,7,11,월
2022-07-11,경원선,왕십리(성동구청),14795,16419,31214,-1624,7,11,월
2022-07-11,경원선,응봉,1978,1723,3701,255,7,11,월
2022-07-11,경원선,옥수,48,48,96,0,7,11,월
2022-07-11,경원선,한남,4122,3903,8025,219,7,11,월
2022-07-11,경원선,서빙고,2094,1845,3939,249,7,11,월
2022-07-11,경원선,이촌(국립중앙박물관),4036,3132,7168,904,7,11,월
2022-07-11,경부선,광명,3815,3173,6988,642,7,11,월
2022-07-11,경부선,서동탄,1446,1247,2693,199,7,11,월
2022-07-11,경부선,당정,6488,6143,12631,345,7,11,월
2022-07-11,경부선,천안,5126,5386,10512,-260,7,11,월
2022-07-11,경부선,두정,5242,5342,10584,-100,7,11,월
2022-07-11,경부선,직산,865,814,1679,51,7,11,월
2022-07-11,경부선,성환,3321,3508,6829,-187,7,11,월
2022-07-11,경부선,평택,11453,11327,22780,126,7,11,월
2022-07-11,경부선,평택지제,3920,3832,7752,88,7,11,월
2022-07-11,경부선,서정리,7007,6917,13924,90,7,11,월
2022-07-11,경부선,송탄,4268,4241,8509,27,7,11,월
2022-07-11,경부선,진위,1868,1679,3547,189,7,11,월
2022-07-11,경부선,오산,9522,9873,19395,-351,7,11,월
2022-07-11,경부선,오산대,3437,3175,6612,262,7,11,월
2022-07-11,경부선,세마,2957,2835,5792,122,7,11,월
2022-07-11,경부선,병점,14385,14263,28648,122,7,11,월
2022-07-11,경부선,세류,3080,2804,5884,276,7,11,월
2022-07-11,경부선,독산,19432,20198,39630,-766,7,11,월
2022-07-11,경부선,수원,34650,37008,71658,-2358,7,11,월
2022-07-11,경부선,화서,8886,8791,17677,95,7,11,월
2022-07-11,경부선,성균관대,16148,16829,32977,-681,7,11,월
2022-07-11,경부선,의왕,9351,9203,18554,148,7,11,월
2022-07-11,경부선,군포,7883,7823,15706,60,7,11,월
2022-07-11,경부선,금정,27707,28219,55926,-512,7,11,월
2022-07-11,경부선,명학,9479,9317,18796,162,7,11,월
2022-07-11,경부선,안양,22382,22201,44583,181,7,11,월
2022-07-11,경부선,관악,7307,6914,14221,393,7,11,월
2022-07-11,경부선,석수,9765,8680,18445,1085,7,11,월
2022-07-11,경부선,금천구청,11739,11702,23441,37,7,11,월
2022-07-11,경부선,가산디지털단지,19704,22735,42439,-3031,7,11,월
2022-07-11,경부선,구로,19574,19383,38957,191,7,11,월
2022-07-11,경부선,신길,9424,8146,17570,1278,7,11,월
2022-07-11,경부선,신도림,4110,4193,8303,-83,7,11,월
2022-07-11,경부선,영등포,37596,39156,76752,-1560,7,11,월
2022-07-11,경부선,대방,11579,12567,24146,-988,7,11,월
2022-07-11,경부선,노량진,7841,7555,15396,286,7,11,월
2022-07-11,경부선,용산,37453,38183,75636,-730,7,11,월
2022-07-11,경부선,남영,9765,10281,20046,-516,7,11,월
2022-07-11,경부선,서울역,7613,2198,9811,5415,7,11,월
2022-07-11,경강선,여주,2256,2201,4457,55,7,11,월
2022-07-11,경강선,세종대왕릉,376,347,723,29,7,11,월
2022-07-11,경강선,부발,2126,2112,4238,14,7,11,월
2022-07-11,경강선,이천,2629,2780,5409,-151,7,11,월
2022-07-11,경강선,신둔도예촌,1517,1458,2975,59,7,11,월
2022-07-11,경강선,곤지암,2211,2219,4430,-8,7,11,월
2022-07-11,경강선,초월,3403,3279,6682,124,7,11,월
2022-07-11,경강선,경기광주,8024,7483,15507,541,7,11,월
2022-07-11,경강선,삼동,2473,2349,4822,124,7,11,월
2022-07-11,경강선,이매,1216,1103,2319,113,7,11,월
2022-07-11,경강선,판교,4955,4783,9738,172,7,11,월
2022-07-11,9호선2~3단계,중앙보훈병원,11906,10594,22500,1312,7,11,월
2022-07-11,9호선2~3단계,둔촌오륜,1323,1196,2519,127,7,11,월
2022-07-11,9호선2~3단계,올림픽공원(한국체대),6340,6332,12672,8,7,11,월
2022-07-11,9호선2~3단계,한성백제,2785,2532,5317,253,7,11,월
2022-07-11,9호선2~3단계,송파나루,5130,5615,10745,-485,7,11,월
2022-07-11,9호선2~3단계,석촌,9001,7933,16934,1068,7,11,월
2022-07-11,9호선2~3단계,석촌고분,6518,6409,12927,109,7,11,월
2022-07-11,9호선2~3단계,삼전,7255,7007,14262,248,7,11,월
2022-07-11,9호선2~3단계,종합운동장,4437,4509,8946,-72,7,11,월
2022-07-11,9호선2~3단계,봉은사,18203,18578,36781,-375,7,11,월
2022-07-11,9호선2~3단계,삼성중앙,8103,8574,16677,-471,7,11,월
2022-07-11,9호선2~3단계,선정릉,10643,11735,22378,-1092,7,11,월
2022-07-11,9호선2~3단계,언주,11503,11903,23406,-400,7,11,월
2022-07-11,9호선,신논현,31840,31538,63378,302,7,11,월
2022-07-11,9호선,사평,4069,3919,7988,150,7,11,월
2022-07-11,9호선,고속터미널,13044,16726,29770,-3682,7,11,월
2022-07-11,9호선,신반포,3749,3695,7444,54,7,11,월
2022-07-11,9호선,구반포,1313,1356,2669,-43,7,11,월
2022-07-11,9호선,동작(현충원),1883,1484,3367,399,7,11,월
2022-07-11,9호선,흑석(중앙대입구),8540,8965,17505,-425,7,11,월
2022-07-11,9호선,노들,4755,3901,8656,854,7,11,월
2022-07-11,9호선,노량진,25628,25418,51046,210,7,11,월
2022-07-11,9호선,샛강,6503,6735,13238,-232,7,11,월
2022-07-11,9호선,여의도,29416,28882,58298,534,7,11,월
2022-07-11,9호선,국회의사당,17341,18126,35467,-785,7,11,월
2022-07-11,9호선,당산,18868,19542,38410,-674,7,11,월
2022-07-11,9호선,선유도,9516,9206,18722,310,7,11,월
2022-07-11,9호선,신목동,4650,3939,8589,711,7,11,월
2022-07-11,9호선,염창,17985,17460,35445,525,7,11,월
2022-07-11,9호선,등촌,12392,11943,24335,449,7,11,월
2022-07-11,9호선,증미,7971,7935,15906,36,7,11,월
2022-07-11,9호선,가양,22275,21757,44032,518,7,11,월
2022-07-11,9호선,양천향교,9946,10400,20346,-454,7,11,월
2022-07-11,9호선,마곡나루(서울식물원),13023,12930,25953,93,7,11,월
2022-07-11,9호선,신방화,7358,7255,14613,103,7,11,월
2022-07-11,9호선,공항시장,3116,3425,6541,-309,7,11,월
2022-07-11,9호선,김포공항,7705,11400,19105,-3695,7,11,월
2022-07-11,9호선,개화,2954,1980,4934,974,7,11,월
2022-07-11,8호선,남위례,5573,5749,11322,-176,7,11,월
2022-07-11,8호선,모란,4688,3655,8343,1033,7,11,월
2022-07-11,8호선,수진,5582,5244,10826,338,7,11,월
2022-07-11,8호선,신흥,4278,4762,9040,-484,7,11,월
2022-07-11,8호선,단대오거리,10707,10584,21291,123,7,11,월
2022-07-11,8호선,남한산성입구(성남법원.검찰청),13945,12516,26461,1429,7,11,월
2022-07-11,8호선,산성,5442,5503,10945,-61,7,11,월
2022-07-11,8호선,복정,9294,7861,17155,1433,7,11,월
2022-07-11,8호선,장지,17585,16808,34393,777,7,11,월
2022-07-11,8호선,문정,23281,24560,47841,-1279,7,11,월
2022-07-11,8호선,가락시장,7773,8730,16503,-957,7,11,월
2022-07-11,8호선,송파,9034,9101,18135,-67,7,11,월
2022-07-11,8호선,석촌,7676,8784,16460,-1108,7,11,월
2022-07-11,8호선,잠실(송파구청),15010,17567,32577,-2557,7,11,월
2022-07-11,8호선,몽촌토성(평화의문),6224,6391,12615,-167,7,11,월
2022-07-11,8호선,강동구청,10930,11264,22194,-334,7,11,월
2022-07-11,8호선,천호(풍납토성),14444,16124,30568,-1680,7,11,월
2022-07-11,8호선,암사,19439,17088,36527,2351,7,11,월
2022-07-11,7호선,온수(성공회대입구),10669,9740,20409,929,7,11,월
2022-07-11,1호선,동묘앞,7440,7673,15113,-233,7,11,월
2022-07-11,7호선,천왕,12105,11646,23751,459,7,11,월
2022-07-11,7호선,광명사거리,22289,21943,44232,346,7,11,월
2022-07-11,7호선,철산,21626,21910,43536,-284,7,11,월
2022-07-11,7호선,가산디지털단지,48381,48254,96635,127,7,11,월
2022-07-11,7호선,남구로,16675,17408,34083,-733,7,11,월
2022-07-11,7호선,대림(구로구청),8416,8393,16809,23,7,11,월
2022-07-11,7호선,신풍,12137,11686,23823,451,7,11,월
2022-07-11,7호선,보라매,8326,8535,16861,-209,7,11,월
2022-07-11,7호선,신대방삼거리,15876,15431,31307,445,7,11,월
2022-07-11,7호선,장승배기,9561,9394,18955,167,7,11,월
2022-07-11,7호선,상도,11319,10962,22281,357,7,11,월
2022-07-11,7호선,숭실대입구(살피재),12403,12729,25132,-326,7,11,월
2022-07-11,7호선,남성,11603,10914,22517,689,7,11,월
2022-07-11,7호선,이수,16523,16134,32657,389,7,11,월
2022-07-11,7호선,내방,15456,15744,31200,-288,7,11,월
2022-07-11,7호선,고속터미널,16786,13901,30687,2885,7,11,월
2022-07-11,7호선,반포,6168,6106,12274,62,7,11,월
2022-07-11,7호선,논현,19714,20915,40629,-1201,7,11,월
2022-07-11,7호선,학동,25405,26719,52124,-1314,7,11,월
2022-07-11,7호선,강남구청,17032,18740,35772,-1708,7,11,월
2022-07-11,7호선,청담,21001,23018,44019,-2017,7,11,월
2022-07-11,7호선,뚝섬유원지,8290,7995,16285,295,7,11,월
2022-07-11,7호선,건대입구,12481,13117,25598,-636,7,11,월
2022-07-11,7호선,어린이대공원(세종대),13162,12993,26155,169,7,11,월
2022-07-11,7호선,군자(능동),15194,12274,27468,2920,7,11,월
2022-07-11,7호선,중곡,11287,10630,21917,657,7,11,월
2022-07-11,7호선,용마산(용마폭포공원),6101,6013,12114,88,7,11,월
2022-07-11,7호선,사가정,16457,16571,33028,-114,7,11,월
2022-07-11,7호선,면목,15414,14990,30404,424,7,11,월
2022-07-11,7호선,상봉(시외버스터미널),16854,16060,32914,794,7,11,월
2022-07-11,7호선,중화,11028,10930,21958,98,7,11,월
2022-07-11,7호선,먹골,10327,10369,20696,-42,7,11,월
2022-07-11,7호선,태릉입구,8544,8000,16544,544,7,11,월
2022-07-11,7호선,공릉(서울과학기술대),12173,12080,24253,93,7,11,월
2022-07-11,7호선,하계,18611,17523,36134,1088,7,11,월
2022-07-11,7호선,중계,15364,13986,29350,1378,7,11,월
2022-07-11,7호선,노원,19831,20787,40618,-956,7,11,월
2022-07-11,7호선,마들,13531,12783,26314,748,7,11,월
2022-07-11,7호선,수락산,13104,12921,26025,183,7,11,월
2022-07-11,7호선,도봉산,8997,10127,19124,-1130,7,11,월
2022-07-11,6호선,봉화산(서울의료원),9317,8783,18100,534,7,11,월
2022-07-11,6호선,화랑대(서울여대입구),12106,9453,21559,2653,7,11,월
2022-07-11,6호선,태릉입구,5566,6021,11587,-455,7,11,월
2022-07-11,6호선,석계,12338,13006,25344,-668,7,11,월
2022-07-11,6호선,돌곶이,9708,8910,18618,798,7,11,월
2022-07-11,6호선,상월곡(한국과학기술연구원),6348,5681,12029,667,7,11,월
2022-07-11,6호선,월곡(동덕여대),11937,11811,23748,126,7,11,월
2022-07-11,6호선,고려대(종암),8502,8360,16862,142,7,11,월
2022-07-11,6호선,안암(고대병원앞),11308,11406,22714,-98,7,11,월
2022-07-11,6호선,보문,7749,7066,14815,683,7,11,월
2022-07-11,6호선,창신,3793,3063,6856,730,7,11,월
2022-07-11,6호선,동묘앞,7837,8196,16033,-359,7,11,월
2022-07-11,6호선,신당,8007,8728,16735,-721,7,11,월
2022-07-11,6호선,청구,3665,3908,7573,-243,7,11,월
2022-07-11,6호선,약수,3809,3723,7532,86,7,11,월
2022-07-11,6호선,버티고개,2150,2183,4333,-33,7,11,월
2022-07-11,6호선,한강진,6945,7938,14883,-993,7,11,월
2022-07-11,6호선,이태원,9920,10330,20250,-410,7,11,월
2022-07-11,6호선,녹사평(용산구청),4527,4504,9031,23,7,11,월
2022-07-11,6호선,삼각지,6607,5995,12602,612,7,11,월
2022-07-11,6호선,효창공원앞,7128,6441,13569,687,7,11,월
2022-07-11,6호선,공덕,19577,18806,38383,771,7,11,월
2022-07-11,6호선,대흥(서강대앞),8795,9187,17982,-392,7,11,월
2022-07-11,6호선,광흥창(서강),9704,9401,19105,303,7,11,월
2022-07-11,6호선,상수,8271,9191,17462,-920,7,11,월
2022-07-11,6호선,합정,13021,12848,25869,173,7,11,월
2022-07-11,6호선,망원,13538,14382,27920,-844,7,11,월
2022-07-11,6호선,마포구청,14720,13373,28093,1347,7,11,월
2022-07-11,6호선,월드컵경기장(성산),5814,6071,11885,-257,7,11,월
2022-07-11,6호선,디지털미디어시티,15310,16994,32304,-1684,7,11,월
2022-07-11,6호선,증산(명지대앞),10216,10227,20443,-11,7,11,월
2022-07-11,6호선,새절(신사),13028,12086,25114,942,7,11,월
2022-07-11,6호선,구산,8569,6411,14980,2158,7,11,월
2022-07-11,6호선,연신내,1,0,1,1,7,11,월
2022-07-11,6호선,독바위,2932,3060,5992,-128,7,11,월
2022-07-11,6호선,불광,4425,4539,8964,-114,7,11,월
2022-07-11,6호선,역촌,3972,4341,8313,-369,7,11,월
2022-07-11,6호선,응암,18186,18093,36279,93,7,11,월
2022-07-11,5호선,하남검단산,6039,5748,11787,291,7,11,월
2022-07-11,5호선,하남시청(덕풍·신장),7333,7068,14401,265,7,11,월
2022-07-11,5호선,하남풍산,4542,4399,8941,143,7,11,월
2022-07-11,5호선,미사,16736,17008,33744,-272,7,11,월
2022-07-11,5호선,강일,4641,4549,9190,92,7,11,월
2022-07-11,5호선,마천,7638,7298,14936,340,7,11,월
2022-07-11,5호선,거여,10811,10424,21235,387,7,11,월
2022-07-11,5호선,개롱,6989,7162,14151,-173,7,11,월
2022-07-11,5호선,오금,4034,4102,8136,-68,7,11,월
2022-07-11,5호선,방이,7200,7532,14732,-332,7,11,월
2022-07-11,5호선,올림픽공원(한국체대),4391,3864,8255,527,7,11,월
2022-07-11,5호선,둔촌동,8238,8283,16521,-45,7,11,월
2022-07-11,5호선,상일동,15689,14378,30067,1311,7,11,월
2022-07-11,5호선,고덕,10309,10243,20552,66,7,11,월
2022-07-11,5호선,명일,9006,9362,18368,-356,7,11,월
2022-07-11,5호선,굽은다리(강동구민회관앞),9926,9618,19544,308,7,11,월
2022-07-11,5호선,길동,8296,8728,17024,-432,7,11,월
2022-07-11,5호선,강동,19164,18599,37763,565,7,11,월
2022-07-11,5호선,천호(풍납토성),17020,17521,34541,-501,7,11,월
2022-07-11,5호선,광나루(장신대),13374,12110,25484,1264,7,11,월
2022-07-11,5호선,아차산(어린이대공원후문),14462,13843,28305,619,7,11,월
2022-07-11,5호선,군자(능동),11191,12242,23433,-1051,7,11,월
2022-07-11,5호선,장한평,19222,19110,38332,112,7,11,월
2022-07-11,5호선,답십리,16496,15070,31566,1426,7,11,월
2022-07-11,5호선,마장,5735,5448,11183,287,7,11,월
2022-07-11,5호선,왕십리(성동구청),4623,5390,10013,-767,7,11,월
2022-07-11,5호선,행당,8501,7618,16119,883,7,11,월
2022-07-11,5호선,신금호,6761,7024,13785,-263,7,11,월
2022-07-11,5호선,청구,4108,3707,7815,401,7,11,월
2022-07-11,5호선,동대문역사문화공원(DDP),3322,3697,7019,-375,7,11,월
2022-07-11,5호선,을지로4가,6398,6427,12825,-29,7,11,월
2022-07-11,5호선,종로3가,12632,12406,25038,226,7,11,월
2022-07-11,5호선,광화문(세종문화회관),31222,32605,63827,-1383,7,11,월
2022-07-11,5호선,서대문,20735,21184,41919,-449,7,11,월
2022-07-11,5호선,충정로(경기대입구),4619,4743,9362,-124,7,11,월
2022-07-11,5호선,애오개,7077,7022,14099,55,7,11,월
2022-07-11,5호선,공덕,15221,16040,31261,-819,7,11,월
2022-07-11,5호선,마포,14971,15509,30480,-538,7,11,월
2022-07-11,5호선,여의나루,9958,10683,20641,-725,7,11,월
2022-07-11,5호선,여의도,29582,31663,61245,-2081,7,11,월
2022-07-11,5호선,신길,4526,4670,9196,-144,7,11,월
2022-07-11,5호선,영등포시장,10421,10873,21294,-452,7,11,월
2022-07-11,5호선,영등포구청,4283,4401,8684,-118,7,11,월
2022-07-11,5호선,양평,7940,7983,15923,-43,7,11,월
2022-07-11,5호선,오목교(목동운동장앞),22638,24085,46723,-1447,7,11,월
2022-07-11,5호선,목동,17580,18796,36376,-1216,7,11,월
2022-07-11,5호선,신정(은행정),14458,11855,26313,2603,7,11,월
2022-07-11,5호선,까치산,29627,28362,57989,1265,7,11,월
2022-07-11,5호선,화곡,29350,27242,56592,2108,7,11,월
2022-07-11,5호선,우장산,15366,15120,30486,246,7,11,월
2022-07-11,5호선,발산,21972,22692,44664,-720,7,11,월
2022-07-11,5호선,마곡,11332,11409,22741,-77,7,11,월
2022-07-11,5호선,송정,6850,6340,13190,510,7,11,월
2022-07-11,5호선,김포공항,7795,7455,15250,340,7,11,월
2022-07-11,5호선,개화산,5997,5661,11658,336,7,11,월
2022-07-11,5호선,방화,7111,6796,13907,315,7,11,월
2022-07-11,4호선,남태령,1241,1116,2357,125,7,11,월
2022-07-11,4호선,사당,21909,18374,40283,3535,7,11,월
2022-07-11,4호선,총신대입구(이수),19192,20872,40064,-1680,7,11,월
2022-07-11,4호선,동작(현충원),1292,1410,2702,-118,7,11,월
2022-07-11,4호선,이촌(국립중앙박물관),8266,9103,17369,-837,7,11,월
2022-07-11,4호선,신용산,18157,18567,36724,-410,7,11,월
2022-07-11,4호선,삼각지,5113,5655,10768,-542,7,11,월
2022-07-11,4호선,숙대입구(갈월),13258,12828,26086,430,7,11,월
2022-07-11,4호선,서울역,12067,17631,29698,-5564,7,11,월
2022-07-11,4호선,회현(남대문시장),25908,26353,52261,-445,7,11,월
2022-07-11,4호선,명동,20197,20453,40650,-256,7,11,월
2022-07-11,4호선,충무로,27021,28222,55243,-1201,7,11,월
2022-07-11,4호선,동대문역사문화공원(DDP),15694,13782,29476,1912,7,11,월
2022-07-11,4호선,동대문,21453,21655,43108,-202,7,11,월
2022-07-11,4호선,혜화,31243,31206,62449,37,7,11,월
2022-07-11,4호선,한성대입구(삼선교),13094,12788,25882,306,7,11,월
2022-07-11,4호선,성신여대입구(돈암),19307,18603,37910,704,7,11,월
2022-07-11,4호선,길음,20737,20558,41295,179,7,11,월
2022-07-11,4호선,미아사거리,26545,25824,52369,721,7,11,월
2022-07-11,4호선,미아(서울사이버대학),15170,14668,29838,502,7,11,월
2022-07-11,4호선,수유(강북구청),33594,33679,67273,-85,7,11,월
2022-07-11,4호선,쌍문,28952,27030,55982,1922,7,11,월
2022-07-11,4호선,창동,25453,27109,52562,-1656,7,11,월
2022-07-11,4호선,노원,18091,20416,38507,-2325,7,11,월
2022-07-11,4호선,상계,19467,18000,37467,1467,7,11,월
2022-07-11,4호선,당고개,9101,7961,17062,1140,7,11,월
2022-07-11,3호선,오금,6563,5886,12449,677,7,11,월
2022-07-11,3호선,경찰병원,7926,7911,15837,15,7,11,월
2022-07-11,3호선,가락시장,9307,9117,18424,190,7,11,월
2022-07-11,3호선,수서,17582,18111,35693,-529,7,11,월
2022-07-11,3호선,일원,11284,10963,22247,321,7,11,월
2022-07-11,3호선,대청,11053,10280,21333,773,7,11,월
2022-07-11,3호선,학여울,1901,1933,3834,-32,7,11,월
2022-07-11,3호선,대치,11649,11896,23545,-247,7,11,월
2022-07-11,3호선,도곡,5700,5765,11465,-65,7,11,월
2022-07-11,3호선,매봉,13369,12975,26344,394,7,11,월
2022-07-11,3호선,양재(서초구청),39016,42726,81742,-3710,7,11,월
2022-07-11,3호선,남부터미널(예술의전당),29275,29899,59174,-624,7,11,월
2022-07-11,3호선,교대(법원.검찰청),15337,10069,25406,5268,7,11,월
2022-07-11,3호선,고속터미널,42728,40186,82914,2542,7,11,월
2022-07-11,3호선,잠원,5035,4915,9950,120,7,11,월
2022-07-11,3호선,신사,29541,31024,60565,-1483,7,11,월
2022-07-11,3호선,압구정,34065,36323,70388,-2258,7,11,월
2022-07-11,3호선,옥수,9105,9460,18565,-355,7,11,월
2022-07-11,3호선,금호,8077,7522,15599,555,7,11,월
2022-07-11,3호선,약수,13433,13149,26582,284,7,11,월
2022-07-11,3호선,동대입구,7533,7988,15521,-455,7,11,월
2022-07-11,3호선,충무로,1,0,1,1,7,11,월
2022-07-11,3호선,을지로3가,11168,11143,22311,25,7,11,월
2022-07-11,3호선,종로3가,10434,11893,22327,-1459,7,11,월
2022-07-11,3호선,안국,22789,22891,45680,-102,7,11,월
2022-07-11,3호선,경복궁(정부서울청사),20973,21172,42145,-199,7,11,월
2022-07-11,3호선,독립문,6960,7026,13986,-66,7,11,월
2022-07-11,3호선,무악재,4087,4149,8236,-62,7,11,월
2022-07-11,3호선,홍제,18049,17076,35125,973,7,11,월
2022-07-11,3호선,녹번,16080,14636,30716,1444,7,11,월
2022-07-11,3호선,불광,16302,17385,33687,-1083,7,11,월
2022-07-11,3호선,연신내,36940,35139,72079,1801,7,11,월
2022-07-11,3호선,구파발,21967,21212,43179,755,7,11,월
2022-07-11,3호선,지축,5557,5270,10827,287,7,11,월
2022-07-11,2호선,용두(동대문구청),2447,2444,4891,3,7,11,월
2022-07-11,2호선,신정네거리,10617,10838,21455,-221,7,11,월
2022-07-11,2호선,양천구청,7192,7433,14625,-241,7,11,월
2022-07-11,2호선,도림천,1560,1647,3207,-87,7,11,월
2022-07-11,2호선,신설동,3424,3404,6828,20,7,11,월
2022-07-11,2호선,신답,1731,2045,3776,-314,7,11,월
2022-07-11,2호선,충정로(경기대입구),10499,11039,21538,-540,7,11,월
2022-07-11,2호선,아현,10646,10049,20695,597,7,11,월
2022-07-11,2호선,이대,14108,15210,29318,-1102,7,11,월
2022-07-11,2호선,신촌,35558,36324,71882,-766,7,11,월
2022-07-11,2호선,홍대입구,55597,58626,114223,-3029,7,11,월
2022-07-11,2호선,합정,30293,32171,62464,-1878,7,11,월
2022-07-11,2호선,당산,18173,21867,40040,-3694,7,11,월
2022-07-11,2호선,영등포구청,23356,24115,47471,-759,7,11,월
2022-07-11,2호선,문래,22982,23807,46789,-825,7,11,월
2022-07-11,2호선,신도림,47048,45907,92955,1141,7,11,월
2022-07-11,2호선,대림(구로구청),24706,25189,49895,-483,7,11,월
2022-07-11,2호선,구로디지털단지,62259,62572,124831,-313,7,11,월
2022-07-11,2호선,신대방,25895,25113,51008,782,7,11,월
2022-07-11,2호선,신림,58717,56574,115291,2143,7,11,월
2022-07-11,2호선,봉천,24498,23170,47668,1328,7,11,월
2022-07-11,2호선,서울대입구(관악구청),47782,47363,95145,419,7,11,월
2022-07-11,2호선,낙성대(강감찬),28025,27491,55516,534,7,11,월
2022-07-11,2호선,사당,36446,38424,74870,-1978,7,11,월
2022-07-11,2호선,방배,16705,17448,34153,-743,7,11,월
2022-07-11,2호선,서초,23370,22336,45706,1034,7,11,월
2022-07-11,2호선,교대(법원.검찰청),35835,40830,76665,-4995,7,11,월
2022-07-11,2호선,강남,88595,85799,174394,2796,7,11,월
2022-07-11,2호선,역삼,58423,65302,123725,-6879,7,11,월
2022-07-11,2호선,선릉,62105,54965,117070,7140,7,11,월
2022-07-11,2호선,삼성(무역센터),52666,53470,106136,-804,7,11,월
2022-07-11,2호선,종합운동장,7337,8158,15495,-821,7,11,월
2022-07-11,2호선,잠실새내,22079,21929,44008,150,7,11,월
2022-07-11,2호선,잠실(송파구청),70266,70799,141065,-533,7,11,월
2022-07-11,2호선,잠실나루,15429,15187,30616,242,7,11,월
2022-07-11,2호선,강변(동서울터미널),32278,30194,62472,2084,7,11,월
2022-07-11,2호선,구의(광진구청),23953,23822,47775,131,7,11,월
2022-07-11,2호선,건대입구,33908,36428,70336,-2520,7,11,월
2022-07-11,2호선,성수,38361,41393,79754,-3032,7,11,월
2022-07-11,2호선,뚝섬,22419,24238,46657,-1819,7,11,월
2022-07-11,2호선,시청,24418,23784,48202,634,7,11,월
2022-07-11,2호선,을지로입구,39390,40792,80182,-1402,7,11,월
2022-07-11,2호선,을지로3가,24052,24503,48555,-451,7,11,월
2022-07-11,2호선,을지로4가,13350,13574,26924,-224,7,11,월
2022-07-11,2호선,동대문역사문화공원(DDP),12387,14354,26741,-1967,7,11,월
2022-07-11,2호선,신당,13974,14273,28247,-299,7,11,월
2022-07-11,2호선,상왕십리,14733,14388,29121,345,7,11,월
2022-07-11,2호선,왕십리(성동구청),16082,13328,29410,2754,7,11,월
2022-07-11,2호선,한양대,9191,9871,19062,-680,7,11,월
2022-07-11,1호선,서울역,46309,45502,91811,807,7,11,월
2022-07-11,1호선,시청,23460,23939,47399,-479,7,11,월
2022-07-11,1호선,종각,38293,37796,76089,497,7,11,월
2022-07-11,1호선,종로3가,26288,24204,50492,2084,7,11,월
2022-07-11,1호선,종로5가,23018,22893,45911,125,7,11,월
2022-07-11,2호선,용답,2883,2765,5648,118,7,11,월
2022-07-11,1호선,동대문,11009,10566,21575,443,7,11,월
2022-07-11,1호선,신설동,14129,13681,27810,448,7,11,월
2022-07-11,1호선,제기동,16884,17249,34133,-365,7,11,월
2022-07-11,1호선,청량리(서울시립대입구),19615,19512,39127,103,7,11,월
2022-07-11,7호선,장암,2472,907,3379,1565,7,11,월
2022-07-11,중앙선,지평,68,82,150,-14,7,11,월
2022-07-11,중앙선,용문,2007,1997,4004,10,7,11,월
2022-07-11,중앙선,원덕,397,366,763,31,7,11,월
2022-07-11,중앙선,양평,3041,2897,5938,144,7,11,월
2022-07-11,중앙선,오빈,335,319,654,16,7,11,월
2022-07-11,중앙선,아신,600,575,1175,25,7,11,월
2022-07-11,중앙선,국수,835,818,1653,17,7,11,월
2022-07-11,중앙선,신원,215,181,396,34,7,11,월
2022-07-11,중앙선,양수,2292,2308,4600,-16,7,11,월
2022-07-11,중앙선,운길산,747,727,1474,20,7,11,월
2022-07-11,중앙선,팔당,890,866,1756,24,7,11,월
2022-07-11,중앙선,도심,2674,2068,4742,606,7,11,월
2022-07-11,중앙선,덕소,5695,5639,11334,56,7,11,월
2022-07-11,중앙선,양정,730,609,1339,121,7,11,월
2022-07-11,중앙선,도농,11841,10646,22487,1195,7,11,월
2022-07-11,중앙선,구리,13638,13392,27030,246,7,11,월
2022-07-11,중앙선,양원,3284,3232,6516,52,7,11,월
2022-07-11,중앙선,망우,7770,7634,15404,136,7,11,월
2022-07-11,중앙선,상봉(시외버스터미널),5990,5978,11968,12,7,11,월
2022-07-11,중앙선,중랑,5814,5542,11356,272,7,11,월
2022-07-11,중앙선,회기,25145,24455,49600,690,7,11,월
2022-07-11,장항선,신창(순천향대),1337,1438,2775,-101,7,11,월
2022-07-11,장항선,온양온천,3557,3624,7181,-67,7,11,월
2022-07-11,장항선,배방,1032,1037,2069,-5,7,11,월
2022-07-11,장항선,탕정,862,822,1684,40,7,11,월
2022-07-11,장항선,아산,3080,2721,5801,359,7,11,월
2022-07-11,장항선,쌍용(나사렛대),2049,1918,3967,131,7,11,월
2022-07-11,장항선,봉명,1396,1389,2785,7,7,11,월
2022-07-11,일산선,대화,13594,10510,24104,3084,7,11,월
2022-07-11,일산선,주엽,9820,9796,19616,24,7,11,월
2022-07-11,일산선,정발산,6797,7003,13800,-206,7,11,월
2022-07-11,일산선,마두,8268,8332,16600,-64,7,11,월
2022-07-11,일산선,백석,10109,9955,20064,154,7,11,월
2022-07-12,3호선,독립문,7313,7545,14858,-232,7,12,화
2022-07-12,수인선,호구포,4344,4498,8842,-154,7,12,화
2022-07-12,수인선,인천논현,5758,6162,11920,-404,7,12,화
2022-07-12,수인선,소래포구,5283,4919,10202,364,7,12,화
2022-07-12,수인선,월곶,2916,2731,5647,185,7,12,화
2022-07-12,수인선,달월,127,80,207,47,7,12,화
2022-07-12,수인선,사리,4998,4317,9315,681,7,12,화
2022-07-12,수인선,야목,447,302,749,145,7,12,화
2022-07-12,수인선,어천,815,798,1613,17,7,12,화
2022-07-12,수인선,오목천,3226,2971,6197,255,7,12,화
2022-07-12,수인선,고색,4994,4622,9616,372,7,12,화
2022-07-12,분당선,매교,3362,3373,6735,-11,7,12,화
2022-07-12,분당선,수원시청,13517,14638,28155,-1121,7,12,화
2022-07-12,분당선,매탄권선,5728,5534,11262,194,7,12,화
2022-07-12,분당선,망포,15576,14765,30341,811,7,12,화
2022-07-12,분당선,영통,8490,8952,17442,-462,7,12,화
2022-07-12,분당선,청명,4697,4559,9256,138,7,12,화
2022-07-12,분당선,상갈,5846,5652,11498,194,7,12,화
2022-07-12,분당선,기흥,11004,10108,21112,896,7,12,화
2022-07-12,분당선,신갈,5163,5096,10259,67,7,12,화
2022-07-12,분당선,구성,5456,5773,11229,-317,7,12,화
2022-07-12,분당선,죽전,14219,15412,29631,-1193,7,12,화
2022-07-12,분당선,보정,2932,2577,5509,355,7,12,화
2022-07-12,분당선,이매,6430,5769,12199,661,7,12,화
2022-07-12,분당선,오리,12516,10385,22901,2131,7,12,화
2022-07-12,분당선,미금,16526,17906,34432,-1380,7,12,화
2022-07-12,분당선,정자,20038,21356,41394,-1318,7,12,화
2022-07-12,분당선,수내,15298,15220,30518,78,7,12,화
2022-07-12,분당선,서현,27419,28074,55493,-655,7,12,화
2022-07-12,분당선,야탑,27739,28971,56710,-1232,7,12,화
2022-07-12,분당선,모란,20558,20731,41289,-173,7,12,화
2022-07-12,분당선,태평,14188,13563,27751,625,7,12,화
2022-07-12,분당선,가천대,7275,8138,15413,-863,7,12,화
2022-07-12,분당선,선정릉,8605,9296,17901,-691,7,12,화
2022-07-12,분당선,강남구청,10556,12135,22691,-1579,7,12,화
2022-07-12,분당선,압구정로데오,20191,22338,42529,-2147,7,12,화
2022-07-12,분당선,서울숲,12103,12526,24629,-423,7,12,화
2022-07-12,분당선,수원,8302,6820,15122,1482,7,12,화
2022-07-12,분당선,수서,14472,14830,29302,-358,7,12,화
2022-07-12,분당선,대모산입구,5373,4769,10142,604,7,12,화
2022-07-12,분당선,개포동,4397,4525,8922,-128,7,12,화
2022-07-12,분당선,구룡,2451,2344,4795,107,7,12,화
2022-07-12,분당선,도곡,7893,7808,15701,85,7,12,화
2022-07-12,분당선,한티,16072,17209,33281,-1137,7,12,화
2022-07-12,분당선,선릉,15412,23294,38706,-7882,7,12,화
2022-07-12,과천선,범계,27786,27773,55559,13,7,12,화
2022-07-12,과천선,평촌,19474,19231,38705,243,7,12,화
2022-07-12,과천선,인덕원,25432,26426,51858,-994,7,12,화
2022-07-12,과천선,정부과천청사,11622,11634,23256,-12,7,12,화
2022-07-12,과천선,과천,6934,6574,13508,360,7,12,화
2022-07-12,과천선,대공원,3217,3371,6588,-154,7,12,화
2022-07-12,과천선,경마공원,1601,1563,3164,38,7,12,화
2022-07-12,과천선,선바위,8444,7679,16123,765,7,12,화
2022-07-12,공항철도 1호선,영종,3729,3667,7396,62,7,12,화
2022-07-12,공항철도 1호선,인천공항2터미널,3646,3342,6988,304,7,12,화
2022-07-12,공항철도 1호선,인천공항1터미널,7598,6999,14597,599,7,12,화
2022-07-12,공항철도 1호선,공항화물청사,2510,2611,5121,-101,7,12,화
2022-07-12,공항철도 1호선,운서,7826,8101,15927,-275,7,12,화
2022-07-12,공항철도 1호선,청라국제도시,7776,7291,15067,485,7,12,화
2022-07-12,공항철도 1호선,검암,7245,7125,14370,120,7,12,화
2022-07-12,공항철도 1호선,계양,11829,10952,22781,877,7,12,화
2022-07-12,공항철도 1호선,김포공항,12053,7149,19202,4904,7,12,화
2022-07-12,공항철도 1호선,마곡나루(서울식물원),10768,10188,20956,580,7,12,화
2022-07-12,공항철도 1호선,디지털미디어시티,16657,15382,32039,1275,7,12,화
2022-07-12,공항철도 1호선,홍대입구,10978,11146,22124,-168,7,12,화
2022-07-12,공항철도 1호선,공덕,2585,3389,5974,-804,7,12,화
2022-07-12,공항철도 1호선,서울역,8721,8065,16786,656,7,12,화
2022-07-12,경춘선,춘천,1384,1220,2604,164,7,12,화
2022-07-12,경춘선,남춘천,2882,2909,5791,-27,7,12,화
2022-07-12,경춘선,김유정,411,420,831,-9,7,12,화
2022-07-12,경춘선,강촌,567,502,1069,65,7,12,화
2022-07-12,경춘선,백양리,124,98,222,26,7,12,화
2022-07-12,경춘선,굴봉산,189,163,352,26,7,12,화
2022-07-12,경춘선,가평,2848,2599,5447,249,7,12,화
2022-07-12,경춘선,상천,314,311,625,3,7,12,화
2022-07-12,경춘선,청평,2064,1897,3961,167,7,12,화
2022-07-12,경춘선,대성리,1142,960,2102,182,7,12,화
2022-07-12,경춘선,마석,4198,4152,8350,46,7,12,화
2022-07-12,경춘선,천마산,1788,1679,3467,109,7,12,화
2022-07-12,경춘선,평내호평,6694,6509,13203,185,7,12,화
2022-07-12,경춘선,금곡,1711,1680,3391,31,7,12,화
2022-07-12,경춘선,사릉,2486,2395,4881,91,7,12,화
2022-07-12,경춘선,퇴계원,3815,3415,7230,400,7,12,화
2022-07-12,경춘선,별내,3517,3285,6802,232,7,12,화
2022-07-12,경춘선,갈매,3312,2810,6122,502,7,12,화
2022-07-12,경춘선,신내,2479,2340,4819,139,7,12,화
2022-07-12,경인선,도화,4480,4170,8650,310,7,12,화
2022-07-12,경인선,중동,10166,9487,19653,679,7,12,화
2022-07-12,경인선,온수(성공회대입구),7322,6742,14064,580,7,12,화
2022-07-12,경인선,도원,3999,3858,7857,141,7,12,화
2022-07-12,경인선,간석,6280,5956,12236,324,7,12,화
2022-07-12,경인선,부개,9391,8542,17933,849,7,12,화
2022-07-12,경인선,소사,8932,8934,17866,-2,7,12,화
2022-07-12,경인선,구일,6896,6755,13651,141,7,12,화
2022-07-12,경인선,인천,3861,2978,6839,883,7,12,화
2022-07-12,경인선,동인천,14281,13754,28035,527,7,12,화
2022-07-12,경인선,제물포,11073,10565,21638,508,7,12,화
2022-07-12,경인선,주안,19655,17685,37340,1970,7,12,화
2022-07-12,경인선,동암,16117,16057,32174,60,7,12,화
2022-07-12,경인선,백운,7498,7333,14831,165,7,12,화
2022-07-12,경인선,부평,29808,31868,61676,-2060,7,12,화
2022-07-12,경인선,송내,29102,28869,57971,233,7,12,화
2022-07-12,경인선,부천,32720,32703,65423,17,7,12,화
2022-07-12,경인선,역곡,28506,28387,56893,119,7,12,화
2022-07-12,경인선,오류동,12515,11550,24065,965,7,12,화
2022-07-12,경인선,개봉,22527,22067,44594,460,7,12,화
2022-07-12,경의선,임진강,20,11,31,9,7,12,화
2022-07-12,경의선,문산,5692,5651,11343,41,7,12,화
2022-07-12,경의선,파주,1275,806,2081,469,7,12,화
2022-07-12,경의선,월롱,2922,2662,5584,260,7,12,화
2022-07-12,경의선,금촌,7023,6866,13889,157,7,12,화
2022-07-12,경의선,금릉,5246,5094,10340,152,7,12,화
2022-07-12,경의선,운정,7566,6874,14440,692,7,12,화
2022-07-12,경의선,야당,8530,8365,16895,165,7,12,화
2022-07-12,경의선,탄현,8596,8141,16737,455,7,12,화
2022-07-12,경의선,일산,10223,10011,20234,212,7,12,화
2022-07-12,경의선,풍산,6092,5508,11600,584,7,12,화
2022-07-12,경의선,백마,7602,7201,14803,401,7,12,화
2022-07-12,경의선,곡산,725,770,1495,-45,7,12,화
2022-07-12,경의선,능곡,4218,3794,8012,424,7,12,화
2022-07-12,경의선,행신,8483,8560,17043,-77,7,12,화
2022-07-12,경의선,강매,3512,3042,6554,470,7,12,화
2022-07-12,경의선,화전,2121,1974,4095,147,7,12,화
2022-07-12,경의선,수색,3328,3444,6772,-116,7,12,화
2022-07-12,경의선,디지털미디어시티,2824,2598,5422,226,7,12,화
2022-07-12,경의선,가좌,6104,5712,11816,392,7,12,화
2022-07-12,경의선,홍대입구,1880,2217,4097,-337,7,12,화
2022-07-12,경의선,서강대,2234,2232,4466,2,7,12,화
2022-07-12,경의선,공덕,3954,3627,7581,327,7,12,화
2022-07-12,경의선,효창공원앞,3206,3602,6808,-396,7,12,화
2022-07-12,경의선,신촌,992,1266,2258,-274,7,12,화
2022-07-12,경의선,서울역,4919,6201,11120,-1282,7,12,화
2022-07-12,경원선,소요산,3010,2607,5617,403,7,12,화
2022-07-12,경원선,동두천,2325,2522,4847,-197,7,12,화
2022-07-12,경원선,보산,1643,1477,3120,166,7,12,화
2022-07-12,경원선,동두천중앙,3298,3223,6521,75,7,12,화
2022-07-12,경원선,지행,6948,6944,13892,4,7,12,화
2022-07-12,경원선,덕정,5804,5643,11447,161,7,12,화
2022-07-12,경원선,덕계,3635,3178,6813,457,7,12,화
2022-07-12,경원선,양주,7981,7602,15583,379,7,12,화
2022-07-12,경원선,녹양,4835,4564,9399,271,7,12,화
2022-07-12,경원선,가능,7215,6919,14134,296,7,12,화
2022-07-12,경원선,의정부,18753,19440,38193,-687,7,12,화
2022-07-12,경원선,회룡,13514,13335,26849,179,7,12,화
2022-07-12,경원선,망월사,8186,8273,16459,-87,7,12,화
2022-07-12,경원선,도봉산,8056,5123,13179,2933,7,12,화
2022-07-12,경원선,도봉,6393,6153,12546,240,7,12,화
2022-07-12,경원선,방학,10701,10330,21031,371,7,12,화
2022-07-12,경원선,창동,1,0,1,1,7,12,화
2022-07-12,경원선,녹천,5294,4329,9623,965,7,12,화
2022-07-12,경원선,월계,7090,6643,13733,447,7,12,화
2022-07-12,경원선,광운대,7793,7430,15223,363,7,12,화
2022-07-12,경원선,석계,8485,9480,17965,-995,7,12,화
2022-07-12,경원선,신이문,8962,8198,17160,764,7,12,화
2022-07-12,경원선,외대앞,7806,7880,15686,-74,7,12,화
2022-07-12,경원선,청량리(서울시립대입구),15997,16622,32619,-625,7,12,화
2022-07-12,경원선,왕십리(성동구청),15085,16848,31933,-1763,7,12,화
2022-07-12,경원선,응봉,2119,1833,3952,286,7,12,화
2022-07-12,경원선,옥수,51,36,87,15,7,12,화
2022-07-12,경원선,한남,4360,4047,8407,313,7,12,화
2022-07-12,경원선,서빙고,2104,1989,4093,115,7,12,화
2022-07-12,경원선,이촌(국립중앙박물관),4153,3226,7379,927,7,12,화
2022-07-12,경부선,광명,3747,3170,6917,577,7,12,화
2022-07-12,경부선,서동탄,1578,1300,2878,278,7,12,화
2022-07-12,경부선,당정,6804,6375,13179,429,7,12,화
2022-07-12,경부선,천안,5211,5413,10624,-202,7,12,화
2022-07-12,경부선,두정,5309,5452,10761,-143,7,12,화
2022-07-12,경부선,직산,922,887,1809,35,7,12,화
2022-07-12,경부선,성환,3389,3368,6757,21,7,12,화
2022-07-12,경부선,평택,11651,11611,23262,40,7,12,화
2022-07-12,경부선,평택지제,3916,3846,7762,70,7,12,화
2022-07-12,경부선,서정리,7306,6940,14246,366,7,12,화
2022-07-12,경부선,송탄,4419,4254,8673,165,7,12,화
2022-07-12,경부선,진위,1937,1755,3692,182,7,12,화
2022-07-12,경부선,오산,9797,9697,19494,100,7,12,화
2022-07-12,경부선,오산대,3744,3432,7176,312,7,12,화
2022-07-12,경부선,세마,3020,2916,5936,104,7,12,화
2022-07-12,경부선,병점,14597,14517,29114,80,7,12,화
2022-07-12,경부선,세류,3474,3305,6779,169,7,12,화
2022-07-12,경부선,독산,20134,20930,41064,-796,7,12,화
2022-07-12,경부선,수원,34255,36348,70603,-2093,7,12,화
2022-07-12,경부선,화서,9007,8596,17603,411,7,12,화
2022-07-12,경부선,성균관대,15061,14877,29938,184,7,12,화
2022-07-12,경부선,의왕,9432,9417,18849,15,7,12,화
2022-07-12,경부선,군포,7982,7966,15948,16,7,12,화
2022-07-12,경부선,금정,28721,29158,57879,-437,7,12,화
2022-07-12,경부선,명학,9717,9665,19382,52,7,12,화
2022-07-12,경부선,안양,23016,22464,45480,552,7,12,화
2022-07-12,경부선,관악,7878,7426,15304,452,7,12,화
2022-07-12,경부선,석수,9877,8920,18797,957,7,12,화
2022-07-12,경부선,금천구청,12115,12287,24402,-172,7,12,화
2022-07-12,경부선,가산디지털단지,19831,23075,42906,-3244,7,12,화
2022-07-12,경부선,구로,19623,19889,39512,-266,7,12,화
2022-07-12,경부선,신길,9606,8310,17916,1296,7,12,화
2022-07-12,경부선,신도림,4360,4328,8688,32,7,12,화
2022-07-12,경부선,영등포,40108,41010,81118,-902,7,12,화
2022-07-12,경부선,대방,12384,13408,25792,-1024,7,12,화
2022-07-12,경부선,노량진,8030,7750,15780,280,7,12,화
2022-07-12,경부선,용산,37293,38182,75475,-889,7,12,화
2022-07-12,경부선,남영,10278,10514,20792,-236,7,12,화
2022-07-12,경부선,서울역,6903,2113,9016,4790,7,12,화
2022-07-12,경강선,여주,2251,2242,4493,9,7,12,화
2022-07-12,경강선,세종대왕릉,367,344,711,23,7,12,화
2022-07-12,경강선,부발,2138,2085,4223,53,7,12,화
2022-07-12,경강선,이천,2700,2795,5495,-95,7,12,화
2022-07-12,경강선,신둔도예촌,1547,1430,2977,117,7,12,화
2022-07-12,경강선,곤지암,2245,2240,4485,5,7,12,화
2022-07-12,경강선,초월,3474,3330,6804,144,7,12,화
2022-07-12,경강선,경기광주,8422,7810,16232,612,7,12,화
2022-07-12,경강선,삼동,2620,2475,5095,145,7,12,화
2022-07-12,경강선,이매,1250,1092,2342,158,7,12,화
2022-07-12,경강선,판교,5540,5554,11094,-14,7,12,화
2022-07-12,9호선2~3단계,중앙보훈병원,12419,11096,23515,1323,7,12,화
2022-07-12,9호선2~3단계,둔촌오륜,1241,1152,2393,89,7,12,화
2022-07-12,9호선2~3단계,올림픽공원(한국체대),6568,6662,13230,-94,7,12,화
2022-07-12,9호선2~3단계,한성백제,2834,2638,5472,196,7,12,화
2022-07-12,9호선2~3단계,송파나루,5510,5831,11341,-321,7,12,화
2022-07-12,9호선2~3단계,석촌,9337,8155,17492,1182,7,12,화
2022-07-12,9호선2~3단계,석촌고분,6741,6655,13396,86,7,12,화
2022-07-12,9호선2~3단계,삼전,7464,7186,14650,278,7,12,화
2022-07-12,9호선2~3단계,종합운동장,4760,4902,9662,-142,7,12,화
2022-07-12,9호선2~3단계,봉은사,19015,19498,38513,-483,7,12,화
2022-07-12,9호선2~3단계,삼성중앙,8248,8844,17092,-596,7,12,화
2022-07-12,9호선2~3단계,선정릉,11175,12293,23468,-1118,7,12,화
2022-07-12,9호선2~3단계,언주,12091,12397,24488,-306,7,12,화
2022-07-12,9호선,신논현,33429,32973,66402,456,7,12,화
2022-07-12,9호선,사평,4123,4031,8154,92,7,12,화
2022-07-12,9호선,고속터미널,13610,16966,30576,-3356,7,12,화
2022-07-12,9호선,신반포,3884,3770,7654,114,7,12,화
2022-07-12,9호선,구반포,1282,1349,2631,-67,7,12,화
2022-07-12,9호선,동작(현충원),1937,1554,3491,383,7,12,화
2022-07-12,9호선,흑석(중앙대입구),8750,9073,17823,-323,7,12,화
2022-07-12,9호선,노들,4961,4196,9157,765,7,12,화
2022-07-12,9호선,노량진,26659,26371,53030,288,7,12,화
2022-07-12,9호선,샛강,7002,6918,13920,84,7,12,화
2022-07-12,9호선,여의도,31550,30657,62207,893,7,12,화
2022-07-12,9호선,국회의사당,18509,19366,37875,-857,7,12,화
2022-07-12,9호선,당산,20220,20664,40884,-444,7,12,화
2022-07-12,9호선,선유도,9861,9399,19260,462,7,12,화
2022-07-12,9호선,신목동,4772,4061,8833,711,7,12,화
2022-07-12,9호선,염창,18739,18388,37127,351,7,12,화
2022-07-12,9호선,등촌,12642,12077,24719,565,7,12,화
2022-07-12,9호선,증미,8207,7943,16150,264,7,12,화
2022-07-12,9호선,가양,22794,22229,45023,565,7,12,화
2022-07-12,9호선,양천향교,10189,10559,20748,-370,7,12,화
2022-07-12,9호선,마곡나루(서울식물원),13553,13437,26990,116,7,12,화
2022-07-12,9호선,신방화,7518,7320,14838,198,7,12,화
2022-07-12,9호선,공항시장,3152,3445,6597,-293,7,12,화
2022-07-12,9호선,김포공항,7743,11638,19381,-3895,7,12,화
2022-07-12,9호선,개화,2856,2012,4868,844,7,12,화
2022-07-12,8호선,남위례,5814,6107,11921,-293,7,12,화
2022-07-12,8호선,모란,4733,3685,8418,1048,7,12,화
2022-07-12,8호선,수진,5672,5286,10958,386,7,12,화
2022-07-12,8호선,신흥,4462,4742,9204,-280,7,12,화
2022-07-12,8호선,단대오거리,11041,10918,21959,123,7,12,화
2022-07-12,8호선,남한산성입구(성남법원.검찰청),14458,13038,27496,1420,7,12,화
2022-07-12,8호선,산성,5576,5641,11217,-65,7,12,화
2022-07-12,8호선,복정,9734,8313,18047,1421,7,12,화
2022-07-12,8호선,장지,18413,17482,35895,931,7,12,화
2022-07-12,8호선,문정,23620,25074,48694,-1454,7,12,화
2022-07-12,8호선,가락시장,8016,9135,17151,-1119,7,12,화
2022-07-12,8호선,송파,9145,8953,18098,192,7,12,화
2022-07-12,8호선,잠실(송파구청),15266,18293,33559,-3027,7,12,화
2022-07-12,8호선,몽촌토성(평화의문),6630,6777,13407,-147,7,12,화
2022-07-12,8호선,강동구청,11030,11420,22450,-390,7,12,화
2022-07-12,8호선,천호(풍납토성),15388,17646,33034,-2258,7,12,화
2022-07-12,8호선,암사,20239,17699,37938,2540,7,12,화
2022-07-12,7호선,부천시청,1,0,1,1,7,12,화
2022-07-12,7호선,온수(성공회대입구),10987,9972,20959,1015,7,12,화
2022-07-12,7호선,천왕,12529,12060,24589,469,7,12,화
2022-07-12,7호선,광명사거리,22696,22418,45114,278,7,12,화
2022-07-12,7호선,철산,22344,22745,45089,-401,7,12,화
2022-07-12,7호선,가산디지털단지,48884,48897,97781,-13,7,12,화
2022-07-12,7호선,남구로,16810,17820,34630,-1010,7,12,화
2022-07-12,7호선,대림(구로구청),8366,8408,16774,-42,7,12,화
2022-07-12,7호선,신풍,12522,11817,24339,705,7,12,화
2022-07-12,7호선,보라매,8506,8623,17129,-117,7,12,화
2022-07-12,7호선,신대방삼거리,16364,15741,32105,623,7,12,화
2022-07-12,7호선,장승배기,10280,9860,20140,420,7,12,화
2022-07-12,7호선,상도,11913,11438,23351,475,7,12,화
2022-07-12,7호선,숭실대입구(살피재),12838,13023,25861,-185,7,12,화
2022-07-12,7호선,남성,11975,11059,23034,916,7,12,화
2022-07-12,7호선,이수,17316,16861,34177,455,7,12,화
2022-07-12,7호선,내방,15951,16432,32383,-481,7,12,화
2022-07-12,7호선,고속터미널,16273,13956,30229,2317,7,12,화
2022-07-12,7호선,반포,6456,6412,12868,44,7,12,화
2022-07-12,7호선,논현,20606,21849,42455,-1243,7,12,화
2022-07-12,7호선,학동,26366,27902,54268,-1536,7,12,화
2022-07-12,7호선,강남구청,18236,20170,38406,-1934,7,12,화
2022-07-12,7호선,청담,21392,23941,45333,-2549,7,12,화
2022-07-12,7호선,뚝섬유원지,9178,8799,17977,379,7,12,화
2022-07-12,7호선,건대입구,13260,13664,26924,-404,7,12,화
2022-07-12,7호선,어린이대공원(세종대),13293,13304,26597,-11,7,12,화
2022-07-12,7호선,군자(능동),15949,12653,28602,3296,7,12,화
2022-07-12,7호선,중곡,11825,10937,22762,888,7,12,화
2022-07-12,7호선,용마산(용마폭포공원),6309,6160,12469,149,7,12,화
2022-07-12,7호선,사가정,16896,16797,33693,99,7,12,화
2022-07-12,7호선,면목,15753,15263,31016,490,7,12,화
2022-07-12,7호선,상봉(시외버스터미널),17404,16464,33868,940,7,12,화
2022-07-12,7호선,중화,11363,11127,22490,236,7,12,화
2022-07-12,7호선,먹골,10828,10586,21414,242,7,12,화
2022-07-12,7호선,태릉입구,8979,8367,17346,612,7,12,화
2022-07-12,7호선,공릉(서울과학기술대),12495,12451,24946,44,7,12,화
2022-07-12,7호선,하계,18876,17754,36630,1122,7,12,화
2022-07-12,7호선,중계,15917,14445,30362,1472,7,12,화
2022-07-12,7호선,노원,21141,22268,43409,-1127,7,12,화
2022-07-12,7호선,마들,13723,12958,26681,765,7,12,화
2022-07-12,7호선,수락산,13553,13462,27015,91,7,12,화
2022-07-12,7호선,도봉산,9375,10858,20233,-1483,7,12,화
2022-07-12,6호선,봉화산(서울의료원),9567,9032,18599,535,7,12,화
2022-07-12,6호선,화랑대(서울여대입구),12410,9609,22019,2801,7,12,화
2022-07-12,6호선,태릉입구,5841,6314,12155,-473,7,12,화
2022-07-12,6호선,석계,12953,13289,26242,-336,7,12,화
2022-07-12,6호선,돌곶이,9765,9038,18803,727,7,12,화
2022-07-12,6호선,상월곡(한국과학기술연구원),6631,5971,12602,660,7,12,화
2022-07-12,6호선,월곡(동덕여대),12417,12255,24672,162,7,12,화
2022-07-12,6호선,고려대(종암),8612,8367,16979,245,7,12,화
2022-07-12,6호선,안암(고대병원앞),11365,11391,22756,-26,7,12,화
2022-07-12,6호선,보문,8093,7248,15341,845,7,12,화
2022-07-12,6호선,창신,3879,3092,6971,787,7,12,화
2022-07-12,6호선,동묘앞,8159,8407,16566,-248,7,12,화
2022-07-12,6호선,신당,8425,8970,17395,-545,7,12,화
2022-07-12,6호선,청구,3803,4030,7833,-227,7,12,화
2022-07-12,6호선,약수,3936,3909,7845,27,7,12,화
2022-07-12,6호선,버티고개,2235,2304,4539,-69,7,12,화
2022-07-12,6호선,한강진,8404,9674,18078,-1270,7,12,화
2022-07-12,6호선,이태원,10381,10689,21070,-308,7,12,화
2022-07-12,6호선,녹사평(용산구청),4915,4935,9850,-20,7,12,화
2022-07-12,6호선,삼각지,7879,6736,14615,1143,7,12,화
2022-07-12,6호선,효창공원앞,7557,6811,14368,746,7,12,화
2022-07-12,6호선,공덕,20083,19313,39396,770,7,12,화
2022-07-12,6호선,대흥(서강대앞),9022,9255,18277,-233,7,12,화
2022-07-12,6호선,광흥창(서강),9938,9640,19578,298,7,12,화
2022-07-12,6호선,상수,8873,9935,18808,-1062,7,12,화
2022-07-12,6호선,합정,13744,13559,27303,185,7,12,화
2022-07-12,6호선,망원,14577,15499,30076,-922,7,12,화
2022-07-12,6호선,마포구청,15161,13797,28958,1364,7,12,화
2022-07-12,6호선,월드컵경기장(성산),5241,5401,10642,-160,7,12,화
2022-07-12,6호선,디지털미디어시티,15537,17584,33121,-2047,7,12,화
2022-07-12,6호선,증산(명지대앞),10317,10306,20623,11,7,12,화
2022-07-12,6호선,새절(신사),13342,12153,25495,1189,7,12,화
2022-07-12,6호선,구산,8405,6392,14797,2013,7,12,화
2022-07-12,6호선,독바위,2982,3108,6090,-126,7,12,화
2022-07-12,6호선,불광,4645,4699,9344,-54,7,12,화
2022-07-12,6호선,역촌,4055,4400,8455,-345,7,12,화
2022-07-12,6호선,응암,18464,18133,36597,331,7,12,화
2022-07-12,5호선,하남검단산,6441,6137,12578,304,7,12,화
2022-07-12,5호선,하남시청(덕풍·신장),7751,7437,15188,314,7,12,화
2022-07-12,5호선,하남풍산,4555,4550,9105,5,7,12,화
2022-07-12,5호선,미사,17350,17378,34728,-28,7,12,화
2022-07-12,5호선,강일,4925,4795,9720,130,7,12,화
2022-07-12,5호선,마천,7985,7511,15496,474,7,12,화
2022-07-12,5호선,거여,11171,10829,22000,342,7,12,화
2022-07-12,5호선,개롱,7049,7262,14311,-213,7,12,화
2022-07-12,5호선,오금,4125,4314,8439,-189,7,12,화
2022-07-12,5호선,방이,7640,7956,15596,-316,7,12,화
2022-07-12,5호선,올림픽공원(한국체대),4596,3831,8427,765,7,12,화
2022-07-12,5호선,둔촌동,8627,8715,17342,-88,7,12,화
2022-07-12,5호선,상일동,16046,14730,30776,1316,7,12,화
2022-07-12,5호선,고덕,10562,10424,20986,138,7,12,화
2022-07-12,5호선,명일,9405,9676,19081,-271,7,12,화
2022-07-12,5호선,굽은다리(강동구민회관앞),10197,9648,19845,549,7,12,화
2022-07-12,5호선,길동,8519,8948,17467,-429,7,12,화
2022-07-12,5호선,강동,19757,18854,38611,903,7,12,화
2022-07-12,5호선,천호(풍납토성),19496,19579,39075,-83,7,12,화
2022-07-12,5호선,광나루(장신대),13961,12778,26739,1183,7,12,화
2022-07-12,5호선,아차산(어린이대공원후문),15783,14780,30563,1003,7,12,화
2022-07-12,5호선,군자(능동),11849,12841,24690,-992,7,12,화
2022-07-12,5호선,장한평,19486,19554,39040,-68,7,12,화
2022-07-12,5호선,답십리,16983,15335,32318,1648,7,12,화
2022-07-12,5호선,마장,5954,5439,11393,515,7,12,화
2022-07-12,5호선,왕십리(성동구청),4777,5406,10183,-629,7,12,화
2022-07-12,5호선,행당,8645,7759,16404,886,7,12,화
2022-07-12,5호선,신금호,7024,7260,14284,-236,7,12,화
2022-07-12,5호선,청구,4216,3780,7996,436,7,12,화
2022-07-12,5호선,동대문역사문화공원(DDP),3284,3860,7144,-576,7,12,화
2022-07-12,5호선,을지로4가,6667,6756,13423,-89,7,12,화
2022-07-12,5호선,종로3가,13096,13144,26240,-48,7,12,화
2022-07-12,5호선,광화문(세종문화회관),32719,34478,67197,-1759,7,12,화
2022-07-12,5호선,서대문,21291,21649,42940,-358,7,12,화
2022-07-12,5호선,충정로(경기대입구),4913,4949,9862,-36,7,12,화
2022-07-12,5호선,애오개,7446,7381,14827,65,7,12,화
2022-07-12,5호선,공덕,15841,16601,32442,-760,7,12,화
2022-07-12,5호선,마포,15287,15815,31102,-528,7,12,화
2022-07-12,5호선,여의나루,11906,13432,25338,-1526,7,12,화
2022-07-12,5호선,여의도,31544,33742,65286,-2198,7,12,화
2022-07-12,5호선,신길,4550,4754,9304,-204,7,12,화
2022-07-12,5호선,영등포시장,10789,11169,21958,-380,7,12,화
2022-07-12,5호선,영등포구청,4383,4556,8939,-173,7,12,화
2022-07-12,5호선,양평,8075,7998,16073,77,7,12,화
2022-07-12,5호선,오목교(목동운동장앞),23193,24767,47960,-1574,7,12,화
2022-07-12,5호선,목동,17956,19272,37228,-1316,7,12,화
2022-07-12,5호선,신정(은행정),14728,12093,26821,2635,7,12,화
2022-07-12,5호선,까치산,30512,28718,59230,1794,7,12,화
2022-07-12,5호선,화곡,30063,28037,58100,2026,7,12,화
2022-07-12,5호선,우장산,15892,15484,31376,408,7,12,화
2022-07-12,5호선,발산,22354,23150,45504,-796,7,12,화
2022-07-12,5호선,마곡,11636,11850,23486,-214,7,12,화
2022-07-12,5호선,송정,6945,6452,13397,493,7,12,화
2022-07-12,5호선,김포공항,7792,7630,15422,162,7,12,화
2022-07-12,5호선,개화산,6136,5795,11931,341,7,12,화
2022-07-12,5호선,방화,7330,7040,14370,290,7,12,화
2022-07-12,4호선,남태령,1298,1827,3125,-529,7,12,화
2022-07-12,4호선,사당,26302,21747,48049,4555,7,12,화
2022-07-12,4호선,총신대입구(이수),19950,21413,41363,-1463,7,12,화
2022-07-12,4호선,동작(현충원),1371,1486,2857,-115,7,12,화
2022-07-12,4호선,이촌(국립중앙박물관),9464,10188,19652,-724,7,12,화
2022-07-12,4호선,신용산,18995,19825,38820,-830,7,12,화
2022-07-12,4호선,삼각지,5616,6252,11868,-636,7,12,화
2022-07-12,4호선,숙대입구(갈월),13912,13346,27258,566,7,12,화
2022-07-12,4호선,서울역,12475,17713,30188,-5238,7,12,화
2022-07-12,4호선,회현(남대문시장),27121,28558,55679,-1437,7,12,화
2022-07-12,4호선,명동,21415,21830,43245,-415,7,12,화
2022-07-12,4호선,충무로,27396,28930,56326,-1534,7,12,화
2022-07-12,4호선,동대문역사문화공원(DDP),15916,14111,30027,1805,7,12,화
2022-07-12,4호선,동대문,21546,22109,43655,-563,7,12,화
2022-07-12,4호선,혜화,34266,34360,68626,-94,7,12,화
2022-07-12,4호선,한성대입구(삼선교),13479,13089,26568,390,7,12,화
2022-07-12,4호선,성신여대입구(돈암),20426,19681,40107,745,7,12,화
2022-07-12,4호선,길음,21950,21458,43408,492,7,12,화
2022-07-12,4호선,미아사거리,28603,27882,56485,721,7,12,화
2022-07-12,4호선,미아(서울사이버대학),15622,14949,30571,673,7,12,화
2022-07-12,4호선,수유(강북구청),34830,34970,69800,-140,7,12,화
2022-07-12,4호선,쌍문,29824,27850,57674,1974,7,12,화
2022-07-12,4호선,창동,26444,27881,54325,-1437,7,12,화
2022-07-12,4호선,노원,19092,21826,40918,-2734,7,12,화
2022-07-12,4호선,상계,20330,18774,39104,1556,7,12,화
2022-07-12,4호선,당고개,9575,8574,18149,1001,7,12,화
2022-07-12,3호선,오금,6783,6071,12854,712,7,12,화
2022-07-12,3호선,경찰병원,7989,8063,16052,-74,7,12,화
2022-07-12,3호선,가락시장,9649,9401,19050,248,7,12,화
2022-07-12,3호선,수서,17983,18054,36037,-71,7,12,화
2022-07-12,3호선,일원,11428,11170,22598,258,7,12,화
2022-07-12,3호선,대청,11240,10497,21737,743,7,12,화
2022-07-12,3호선,학여울,1918,1930,3848,-12,7,12,화
2022-07-12,3호선,대치,12034,12264,24298,-230,7,12,화
2022-07-12,3호선,도곡,5747,5794,11541,-47,7,12,화
2022-07-12,3호선,매봉,13613,13088,26701,525,7,12,화
2022-07-12,3호선,양재(서초구청),40014,43537,83551,-3523,7,12,화
2022-07-12,3호선,남부터미널(예술의전당),30763,31225,61988,-462,7,12,화
2022-07-12,3호선,교대(법원.검찰청),15967,10373,26340,5594,7,12,화
2022-07-12,3호선,고속터미널,42374,40004,82378,2370,7,12,화
2022-07-12,3호선,잠원,5267,4986,10253,281,7,12,화
2022-07-12,3호선,신사,30916,32883,63799,-1967,7,12,화
2022-07-12,3호선,압구정,35131,37541,72672,-2410,7,12,화
2022-07-12,3호선,옥수,9504,9845,19349,-341,7,12,화
2022-07-12,3호선,금호,8416,7870,16286,546,7,12,화
2022-07-12,3호선,약수,13778,13303,27081,475,7,12,화
2022-07-12,3호선,동대입구,8188,8586,16774,-398,7,12,화
2022-07-12,3호선,충무로,2,0,2,2,7,12,화
2022-07-12,3호선,을지로3가,11584,11617,23201,-33,7,12,화
2022-07-12,3호선,종로3가,10627,12355,22982,-1728,7,12,화
2022-07-12,3호선,안국,23947,24892,48839,-945,7,12,화
2022-07-12,3호선,경복궁(정부서울청사),20895,20789,41684,106,7,12,화
2022-07-12,수인선,남동인더스파크,2458,2729,5187,-271,7,12,화
2022-07-12,3호선,무악재,4248,4155,8403,93,7,12,화
2022-07-12,3호선,홍제,18204,17088,35292,1116,7,12,화
2022-07-12,3호선,녹번,16424,14688,31112,1736,7,12,화
2022-07-12,3호선,불광,16995,18335,35330,-1340,7,12,화
2022-07-12,3호선,연신내,38228,35917,74145,2311,7,12,화
2022-07-12,3호선,구파발,22455,21754,44209,701,7,12,화
2022-07-12,3호선,지축,5833,5490,11323,343,7,12,화
2022-07-12,2호선,용두(동대문구청),2537,2548,5085,-11,7,12,화
2022-07-12,2호선,신정네거리,11112,11269,22381,-157,7,12,화
2022-07-12,2호선,양천구청,7286,7665,14951,-379,7,12,화
2022-07-12,2호선,도림천,1577,1683,3260,-106,7,12,화
2022-07-12,2호선,신설동,3352,3357,6709,-5,7,12,화
2022-07-12,2호선,신답,1791,2009,3800,-218,7,12,화
2022-07-12,2호선,용답,2911,2747,5658,164,7,12,화
2022-07-12,2호선,충정로(경기대입구),10534,11392,21926,-858,7,12,화
2022-07-12,2호선,아현,11406,10671,22077,735,7,12,화
2022-07-12,2호선,이대,14464,15407,29871,-943,7,12,화
2022-07-12,2호선,신촌,37244,37685,74929,-441,7,12,화
2022-07-12,2호선,홍대입구,59262,62630,121892,-3368,7,12,화
2022-07-12,2호선,합정,32484,34615,67099,-2131,7,12,화
2022-07-12,2호선,당산,19408,22991,42399,-3583,7,12,화
2022-07-12,2호선,영등포구청,24138,24644,48782,-506,7,12,화
2022-07-12,2호선,문래,24276,24747,49023,-471,7,12,화
2022-07-12,2호선,신도림,49691,49155,98846,536,7,12,화
2022-07-12,2호선,대림(구로구청),25050,25747,50797,-697,7,12,화
2022-07-12,2호선,구로디지털단지,64089,64462,128551,-373,7,12,화
2022-07-12,2호선,신대방,26862,26027,52889,835,7,12,화
2022-07-12,2호선,신림,60760,58497,119257,2263,7,12,화
2022-07-12,2호선,봉천,25309,23635,48944,1674,7,12,화
2022-07-12,2호선,서울대입구(관악구청),48892,48125,97017,767,7,12,화
2022-07-12,2호선,낙성대(강감찬),29247,28737,57984,510,7,12,화
2022-07-12,2호선,사당,40571,43449,84020,-2878,7,12,화
2022-07-12,2호선,방배,17623,18608,36231,-985,7,12,화
2022-07-12,2호선,서초,23907,23173,47080,734,7,12,화
2022-07-12,2호선,교대(법원.검찰청),37653,42704,80357,-5051,7,12,화
2022-07-12,2호선,강남,92818,89754,182572,3064,7,12,화
2022-07-12,2호선,역삼,59774,67706,127480,-7932,7,12,화
2022-07-12,2호선,선릉,64965,57556,122521,7409,7,12,화
2022-07-12,2호선,삼성(무역센터),57573,58602,116175,-1029,7,12,화
2022-07-12,2호선,종합운동장,15548,16734,32282,-1186,7,12,화
2022-07-12,2호선,잠실새내,23245,23342,46587,-97,7,12,화
2022-07-12,2호선,잠실(송파구청),76380,75782,152162,598,7,12,화
2022-07-12,2호선,잠실나루,15875,15578,31453,297,7,12,화
2022-07-12,2호선,강변(동서울터미널),31622,29845,61467,1777,7,12,화
2022-07-12,2호선,구의(광진구청),25130,24651,49781,479,7,12,화
2022-07-12,2호선,건대입구,35740,38632,74372,-2892,7,12,화
2022-07-12,2호선,성수,40623,44196,84819,-3573,7,12,화
2022-07-12,2호선,뚝섬,24154,26159,50313,-2005,7,12,화
2022-07-12,2호선,한양대,9093,9844,18937,-751,7,12,화
2022-07-12,2호선,왕십리(성동구청),16931,13992,30923,2939,7,12,화
2022-07-12,2호선,상왕십리,15278,15065,30343,213,7,12,화
2022-07-12,2호선,신당,14785,15158,29943,-373,7,12,화
2022-07-12,2호선,동대문역사문화공원(DDP),13052,14774,27826,-1722,7,12,화
2022-07-12,2호선,을지로4가,14292,14238,28530,54,7,12,화
2022-07-12,2호선,을지로3가,25189,25182,50371,7,7,12,화
2022-07-12,2호선,을지로입구,45266,46953,92219,-1687,7,12,화
2022-07-12,2호선,시청,25987,25653,51640,334,7,12,화
2022-07-12,1호선,동묘앞,8225,8615,16840,-390,7,12,화
2022-07-12,1호선,청량리(서울시립대입구),20685,20896,41581,-211,7,12,화
2022-07-12,1호선,제기동,18130,18413,36543,-283,7,12,화
2022-07-12,1호선,신설동,14246,14050,28296,196,7,12,화
2022-07-12,1호선,동대문,11382,10718,22100,664,7,12,화
2022-07-12,1호선,종로5가,24573,24549,49122,24,7,12,화
2022-07-12,1호선,종로3가,26951,24697,51648,2254,7,12,화
2022-07-12,1호선,종각,39419,39011,78430,408,7,12,화
2022-07-12,1호선,시청,25155,25451,50606,-296,7,12,화
2022-07-12,1호선,서울역,46923,46024,92947,899,7,12,화
2022-07-12,우이신설선,화계,3671,3450,7121,221,7,12,화
2022-07-12,우이신설선,삼양,2113,2276,4389,-163,7,12,화
2022-07-12,우이신설선,삼양사거리,2633,2704,5337,-71,7,12,화
2022-07-12,우이신설선,솔샘,6169,5879,12048,290,7,12,화
2022-07-12,우이신설선,북한산보국문,6222,6046,12268,176,7,12,화
2022-07-12,우이신설선,정릉,4835,4468,9303,367,7,12,화
2022-07-12,우이신설선,성신여대입구(돈암),3414,3787,7201,-373,7,12,화
2022-07-12,우이신설선,보문,1626,1606,3232,20,7,12,화
2022-07-12,우이신설선,가오리,4654,4648,9302,6,7,12,화
2022-07-12,7호선,장암,2572,1019,3591,1553,7,12,화
2022-07-12,안산선,반월,4610,4493,9103,117,7,12,화
2022-07-12,안산선,상록수,16160,16439,32599,-279,7,12,화
2022-07-12,안산선,한대앞,9496,9644,19140,-148,7,12,화
2022-07-12,안산선,중앙,18596,19304,37900,-708,7,12,화
2022-07-12,안산선,고잔,9478,8870,18348,608,7,12,화
2022-07-12,안산선,초지,5006,5125,10131,-119,7,12,화
2022-07-12,안산선,안산,12091,11049,23140,1042,7,12,화
2022-07-12,안산선,신길온천,1916,1690,3606,226,7,12,화
2022-07-12,안산선,정왕,8244,8639,16883,-395,7,12,화
2022-07-12,안산선,오이도,9266,8643,17909,623,7,12,화
2022-07-12,안산선,수리산,4542,3720,8262,822,7,12,화
2022-07-12,우이신설선,북한산우이,2920,2731,5651,189,7,12,화
2022-07-12,우이신설선,솔밭공원,2649,2558,5207,91,7,12,화
2022-07-12,우이신설선,4.19민주묘지,3085,2839,5924,246,7,12,화
2022-07-12,중앙선,덕소,5920,5915,11835,5,7,12,화
2022-07-12,중앙선,도심,2790,2162,4952,628,7,12,화
2022-07-12,중앙선,팔당,957,994,1951,-37,7,12,화
2022-07-12,중앙선,운길산,823,840,1663,-17,7,12,화
2022-07-12,8호선,석촌,7989,9118,17107,-1129,7,12,화
2022-07-12,중앙선,양수,2715,2713,5428,2,7,12,화
2022-07-12,중앙선,신원,230,183,413,47,7,12,화
2022-07-12,중앙선,국수,778,785,1563,-7,7,12,화
2022-07-12,중앙선,아신,635,601,1236,34,7,12,화
2022-07-12,중앙선,오빈,365,344,709,21,7,12,화
2022-07-12,중앙선,양평,3118,3160,6278,-42,7,12,화
2022-07-12,중앙선,원덕,429,403,832,26,7,12,화
2022-07-12,중앙선,용문,2226,2192,4418,34,7,12,화
2022-07-12,중앙선,지평,59,85,144,-26,7,12,화
2022-07-12,중앙선,양정,755,651,1406,104,7,12,화
2022-07-12,중앙선,도농,12086,10800,22886,1286,7,12,화
2022-07-12,중앙선,구리,14109,14189,28298,-80,7,12,화
2022-07-12,중앙선,양원,3330,3284,6614,46,7,12,화
2022-07-12,중앙선,망우,8072,7924,15996,148,7,12,화
2022-07-12,중앙선,상봉(시외버스터미널),5966,6014,11980,-48,7,12,화
2022-07-12,중앙선,중랑,6016,5740,11756,276,7,12,화
2022-07-12,중앙선,회기,26044,25109,51153,935,7,12,화
2022-07-12,장항선,신창(순천향대),1333,1320,2653,13,7,12,화
2022-07-12,장항선,온양온천,3560,3741,7301,-181,7,12,화
2022-07-12,장항선,배방,1130,1065,2195,65,7,12,화
2022-07-12,장항선,탕정,929,803,1732,126,7,12,화
2022-07-12,장항선,아산,3047,2688,5735,359,7,12,화
2022-07-12,장항선,쌍용(나사렛대),2114,1992,4106,122,7,12,화
2022-07-12,장항선,봉명,1525,1476,3001,49,7,12,화
2022-07-12,일산선,대화,14016,10947,24963,3069,7,12,화
2022-07-12,일산선,주엽,9998,9908,19906,90,7,12,화
2022-07-12,일산선,정발산,7650,7835,15485,-185,7,12,화
2022-07-12,일산선,마두,8373,8473,16846,-100,7,12,화
2022-07-12,일산선,백석,10270,10302,20572,-32,7,12,화
2022-07-12,일산선,대곡,2395,1892,4287,503,7,12,화
2022-07-12,일산선,화정,17819,18075,35894,-256,7,12,화
2022-07-12,일산선,원당,11791,11043,22834,748,7,12,화
2022-07-12,일산선,삼송,20700,20268,40968,432,7,12,화
2022-07-12,일산선,원흥,12053,11249,23302,804,7,12,화
2022-07-12,우이신설선,신설동,2307,2188,4495,119,7,12,화
2022-07-12,안산선,대야미,5370,4805,10175,565,7,12,화
2022-07-12,안산선,산본,16768,18035,34803,-1267,7,12,화
2022-07-12,신림선,관악산(서울대),3017,3014,6031,3,7,12,화
2022-07-12,신림선,서울대벤처타운,6540,6592,13132,-52,7,12,화
2022-07-12,신림선,서원,2891,2617,5508,274,7,12,화
2022-07-12,신림선,신림,1663,2209,3872,-546,7,12,화
2022-07-12,신림선,당곡,3765,3688,7453,77,7,12,화
2022-07-12,신림선,보라매병원,7003,7393,14396,-390,7,12,화
2022-07-12,신림선,보라매공원,1856,2021,3877,-165,7,12,화
2022-07-12,신림선,보라매,2881,2708,5589,173,7,12,화
2022-07-12,신림선,서울지방병무청,2284,2497,4781,-213,7,12,화
2022-07-12,신림선,대방,2001,1475,3476,526,7,12,화
2022-07-12,신림선,샛강,2294,2808,5102,-514,7,12,화
2022-07-12,수인선,인천,1133,1700,2833,-567,7,12,화
2022-07-12,수인선,신포,1964,1915,3879,49,7,12,화
2022-07-12,수인선,숭의,4312,4019,8331,293,7,12,화
2022-07-12,수인선,인하대,6243,5917,12160,326,7,12,화
2022-07-12,수인선,송도,2616,2344,4960,272,7,12,화
2022-07-12,수인선,연수,4802,4743,9545,59,7,12,화
2022-07-12,수인선,원인재,4587,4833,9420,-246,7,12,화
2022-07-13,안산선,대야미,4655,4145,8800,510,7,13,수
2022-07-13,안산선,산본,14696,15759,30455,-1063,7,13,수
2022-07-13,1호선,신설동,13155,13048,26203,107,7,13,수
2022-07-13,1호선,제기동,13686,13512,27198,174,7,13,수
2022-07-13,1호선,청량리(서울시립대입구),16803,16442,33245,361,7,13,수
2022-07-13,1호선,동묘앞,5631,5962,11593,-331,7,13,수
2022-07-13,2호선,시청,26336,24523,50859,1813,7,13,수
2022-07-13,2호선,을지로입구,43822,44698,88520,-876,7,13,수
2022-07-13,2호선,을지로3가,25286,24691,49977,595,7,13,수
2022-07-13,2호선,을지로4가,13266,12983,26249,283,7,13,수
2022-07-13,2호선,동대문역사문화공원(DDP),12237,13886,26123,-1649,7,13,수
2022-07-13,2호선,신당,13598,14007,27605,-409,7,13,수
2022-07-13,2호선,상왕십리,14958,14751,29709,207,7,13,수
2022-07-13,2호선,왕십리(성동구청),16680,13785,30465,2895,7,13,수
2022-07-13,2호선,한양대,8975,9306,18281,-331,7,13,수
2022-07-13,2호선,뚝섬,22929,24556,47485,-1627,7,13,수
2022-07-13,2호선,성수,39422,41952,81374,-2530,7,13,수
2022-07-13,2호선,건대입구,32402,34760,67162,-2358,7,13,수
2022-07-13,2호선,구의(광진구청),23687,23571,47258,116,7,13,수
2022-07-13,2호선,강변(동서울터미널),30041,27925,57966,2116,7,13,수
2022-07-13,2호선,잠실나루,14717,14516,29233,201,7,13,수
2022-07-13,2호선,잠실(송파구청),71534,71272,142806,262,7,13,수
2022-07-13,2호선,잠실새내,21592,21707,43299,-115,7,13,수
2022-07-13,2호선,종합운동장,7967,8275,16242,-308,7,13,수
2022-07-13,2호선,삼성(무역센터),60648,60019,120667,629,7,13,수
2022-07-13,2호선,선릉,61391,54220,115611,7171,7,13,수
2022-07-13,2호선,역삼,60531,65249,125780,-4718,7,13,수
2022-07-13,2호선,강남,86916,83856,170772,3060,7,13,수
2022-07-13,2호선,교대(법원.검찰청),35473,40447,75920,-4974,7,13,수
2022-07-13,2호선,서초,23228,22279,45507,949,7,13,수
2022-07-13,2호선,방배,16832,17546,34378,-714,7,13,수
2022-07-13,2호선,사당,37016,39980,76996,-2964,7,13,수
2022-07-13,2호선,낙성대(강감찬),27979,27198,55177,781,7,13,수
2022-07-13,2호선,서울대입구(관악구청),45988,45057,91045,931,7,13,수
2022-07-13,2호선,봉천,23654,22207,45861,1447,7,13,수
2022-07-13,2호선,신림,57160,54823,111983,2337,7,13,수
2022-07-13,2호선,신대방,25021,24833,49854,188,7,13,수
2022-07-13,2호선,구로디지털단지,60096,60622,120718,-526,7,13,수
2022-07-13,2호선,대림(구로구청),23160,23580,46740,-420,7,13,수
2022-07-13,2호선,신도림,47835,47346,95181,489,7,13,수
2022-07-13,2호선,문래,22591,23147,45738,-556,7,13,수
2022-07-13,2호선,영등포구청,22676,23243,45919,-567,7,13,수
2022-07-13,2호선,당산,17326,20880,38206,-3554,7,13,수
2022-07-13,2호선,합정,31217,33966,65183,-2749,7,13,수
2022-07-13,2호선,홍대입구,53885,57208,111093,-3323,7,13,수
2022-07-13,2호선,신촌,35425,36328,71753,-903,7,13,수
2022-07-13,2호선,이대,13815,14745,28560,-930,7,13,수
2022-07-13,2호선,아현,10515,10216,20731,299,7,13,수
2022-07-13,2호선,충정로(경기대입구),10852,11456,22308,-604,7,13,수
2022-07-13,2호선,용답,2800,2761,5561,39,7,13,수
2022-07-13,2호선,신답,1734,2122,3856,-388,7,13,수
2022-07-13,2호선,신설동,3786,3418,7204,368,7,13,수
2022-07-13,2호선,도림천,1612,1713,3325,-101,7,13,수
2022-07-13,2호선,양천구청,6885,7271,14156,-386,7,13,수
2022-07-13,2호선,신정네거리,10360,10861,21221,-501,7,13,수
2022-07-13,2호선,용두(동대문구청),2338,2335,4673,3,7,13,수
2022-07-13,3호선,지축,5149,4852,10001,297,7,13,수
2022-07-13,3호선,구파발,20742,20079,40821,663,7,13,수
2022-07-13,3호선,연신내,34576,32736,67312,1840,7,13,수
2022-07-13,3호선,불광,15136,16130,31266,-994,7,13,수
2022-07-13,3호선,녹번,15560,14124,29684,1436,7,13,수
2022-07-13,3호선,홍제,16704,16017,32721,687,7,13,수
2022-07-13,3호선,무악재,3907,3956,7863,-49,7,13,수
2022-07-13,3호선,독립문,6596,6772,13368,-176,7,13,수
2022-07-13,3호선,경복궁(정부서울청사),21259,20953,42212,306,7,13,수
2022-07-13,3호선,안국,23431,23031,46462,400,7,13,수
2022-07-13,3호선,종로3가,10497,11849,22346,-1352,7,13,수
2022-07-13,3호선,을지로3가,11865,11506,23371,359,7,13,수
2022-07-13,3호선,충무로,4,0,4,4,7,13,수
2022-07-13,3호선,동대입구,8025,8408,16433,-383,7,13,수
2022-07-13,3호선,약수,13165,12894,26059,271,7,13,수
2022-07-13,3호선,금호,7965,7367,15332,598,7,13,수
2022-07-13,3호선,옥수,8699,9217,17916,-518,7,13,수
2022-07-13,3호선,압구정,33047,35095,68142,-2048,7,13,수
2022-07-13,3호선,신사,28916,30302,59218,-1386,7,13,수
2022-07-13,3호선,잠원,5013,4926,9939,87,7,13,수
2022-07-13,3호선,고속터미널,41816,39424,81240,2392,7,13,수
2022-07-13,3호선,교대(법원.검찰청),15437,9775,25212,5662,7,13,수
2022-07-13,3호선,남부터미널(예술의전당),29894,30204,60098,-310,7,13,수
2022-07-13,3호선,양재(서초구청),39764,42213,81977,-2449,7,13,수
2022-07-13,3호선,매봉,13509,12890,26399,619,7,13,수
2022-07-13,3호선,도곡,5770,5694,11464,76,7,13,수
2022-07-13,3호선,대치,11272,11701,22973,-429,7,13,수
2022-07-13,3호선,학여울,1818,1880,3698,-62,7,13,수
2022-07-13,3호선,대청,11003,10129,21132,874,7,13,수
2022-07-13,3호선,일원,10888,10705,21593,183,7,13,수
2022-07-13,3호선,수서,17606,17899,35505,-293,7,13,수
2022-07-13,3호선,가락시장,8651,8492,17143,159,7,13,수
2022-07-13,3호선,경찰병원,7902,7877,15779,25,7,13,수
2022-07-13,3호선,오금,6400,5657,12057,743,7,13,수
2022-07-13,4호선,당고개,8553,7736,16289,817,7,13,수
2022-07-13,4호선,상계,18947,18208,37155,739,7,13,수
2022-07-13,4호선,노원,17394,19865,37259,-2471,7,13,수
2022-07-13,4호선,창동,24038,25634,49672,-1596,7,13,수
2022-07-13,4호선,쌍문,28145,26579,54724,1566,7,13,수
2022-07-13,4호선,수유(강북구청),31901,32447,64348,-546,7,13,수
2022-07-13,4호선,미아(서울사이버대학),14313,13685,27998,628,7,13,수
2022-07-13,4호선,미아사거리,26107,25829,51936,278,7,13,수
2022-07-13,4호선,길음,20171,20259,40430,-88,7,13,수
2022-07-13,4호선,성신여대입구(돈암),18671,18383,37054,288,7,13,수
2022-07-13,4호선,한성대입구(삼선교),12991,12713,25704,278,7,13,수
2022-07-13,4호선,혜화,34319,34321,68640,-2,7,13,수
2022-07-13,4호선,동대문,18922,18944,37866,-22,7,13,수
2022-07-13,4호선,동대문역사문화공원(DDP),15257,13461,28718,1796,7,13,수
2022-07-13,4호선,충무로,26523,27334,53857,-811,7,13,수
2022-07-13,4호선,명동,19390,20674,40064,-1284,7,13,수
2022-07-13,4호선,회현(남대문시장),23652,23594,47246,58,7,13,수
2022-07-13,4호선,서울역,12706,18969,31675,-6263,7,13,수
2022-07-13,4호선,숙대입구(갈월),12896,12611,25507,285,7,13,수
2022-07-13,4호선,삼각지,5249,5838,11087,-589,7,13,수
2022-07-13,4호선,신용산,18374,18640,37014,-266,7,13,수
2022-07-13,4호선,이촌(국립중앙박물관),9460,10107,19567,-647,7,13,수
2022-07-13,4호선,동작(현충원),917,1055,1972,-138,7,13,수
2022-07-13,4호선,총신대입구(이수),17877,19450,37327,-1573,7,13,수
2022-07-13,4호선,사당,24735,20765,45500,3970,7,13,수
2022-07-13,4호선,남태령,1172,1060,2232,112,7,13,수
2022-07-13,5호선,방화,6770,6501,13271,269,7,13,수
2022-07-13,5호선,개화산,5568,5392,10960,176,7,13,수
2022-07-13,5호선,김포공항,7729,7018,14747,711,7,13,수
2022-07-13,5호선,송정,6311,5871,12182,440,7,13,수
2022-07-13,5호선,마곡,11257,11231,22488,26,7,13,수
2022-07-13,5호선,발산,20813,21525,42338,-712,7,13,수
2022-07-13,5호선,우장산,14503,14470,28973,33,7,13,수
2022-07-13,5호선,화곡,28072,26318,54390,1754,7,13,수
2022-07-13,5호선,까치산,28276,27225,55501,1051,7,13,수
2022-07-13,5호선,신정(은행정),14560,11847,26407,2713,7,13,수
2022-07-13,5호선,목동,16766,18150,34916,-1384,7,13,수
2022-07-13,5호선,오목교(목동운동장앞),21999,23400,45399,-1401,7,13,수
2022-07-13,5호선,양평,8008,8079,16087,-71,7,13,수
2022-07-13,5호선,영등포구청,4018,4116,8134,-98,7,13,수
2022-07-13,5호선,영등포시장,10142,10780,20922,-638,7,13,수
2022-07-13,5호선,신길,4563,4988,9551,-425,7,13,수
2022-07-13,5호선,여의도,34373,34017,68390,356,7,13,수
2022-07-13,5호선,여의나루,8993,10986,19979,-1993,7,13,수
2022-07-13,5호선,마포,15365,15657,31022,-292,7,13,수
2022-07-13,5호선,공덕,15165,16289,31454,-1124,7,13,수
2022-07-13,5호선,애오개,7329,7448,14777,-119,7,13,수
2022-07-13,5호선,충정로(경기대입구),5044,5064,10108,-20,7,13,수
2022-07-13,5호선,서대문,21799,21272,43071,527,7,13,수
2022-07-13,5호선,광화문(세종문화회관),34920,35736,70656,-816,7,13,수
2022-07-13,5호선,종로3가,12308,12011,24319,297,7,13,수
2022-07-13,5호선,을지로4가,6079,6119,12198,-40,7,13,수
2022-07-13,5호선,동대문역사문화공원(DDP),3607,3927,7534,-320,7,13,수
2022-07-13,5호선,신금호,6690,6990,13680,-300,7,13,수
2022-07-13,5호선,행당,8548,7689,16237,859,7,13,수
2022-07-13,5호선,왕십리(성동구청),4633,5147,9780,-514,7,13,수
2022-07-13,5호선,마장,5734,5360,11094,374,7,13,수
2022-07-13,5호선,답십리,16430,15018,31448,1412,7,13,수
2022-07-13,5호선,장한평,19279,19311,38590,-32,7,13,수
2022-07-13,5호선,군자(능동),11187,12316,23503,-1129,7,13,수
2022-07-13,5호선,아차산(어린이대공원후문),14270,13845,28115,425,7,13,수
2022-07-13,5호선,광나루(장신대),13001,11735,24736,1266,7,13,수
2022-07-13,5호선,천호(풍납토성),17438,17233,34671,205,7,13,수
2022-07-13,5호선,강동,19013,18551,37564,462,7,13,수
2022-07-13,5호선,길동,7773,8275,16048,-502,7,13,수
2022-07-13,5호선,굽은다리(강동구민회관앞),9701,9527,19228,174,7,13,수
2022-07-13,5호선,명일,8768,9268,18036,-500,7,13,수
2022-07-13,5호선,고덕,9850,9748,19598,102,7,13,수
2022-07-13,5호선,상일동,15396,14402,29798,994,7,13,수
2022-07-13,5호선,둔촌동,8069,8087,16156,-18,7,13,수
2022-07-13,5호선,올림픽공원(한국체대),4188,3561,7749,627,7,13,수
2022-07-13,5호선,방이,7260,7807,15067,-547,7,13,수
2022-07-13,5호선,오금,3887,4005,7892,-118,7,13,수
2022-07-13,5호선,개롱,6661,7077,13738,-416,7,13,수
2022-07-13,5호선,거여,10509,10204,20713,305,7,13,수
2022-07-13,5호선,마천,7349,7095,14444,254,7,13,수
2022-07-13,5호선,강일,4316,4342,8658,-26,7,13,수
2022-07-13,5호선,미사,16388,16498,32886,-110,7,13,수
2022-07-13,5호선,하남풍산,4185,4163,8348,22,7,13,수
2022-07-13,5호선,하남시청(덕풍·신장),6690,6494,13184,196,7,13,수
2022-07-13,5호선,하남검단산,5825,5536,11361,289,7,13,수
2022-07-13,6호선,응암,17304,17220,34524,84,7,13,수
2022-07-13,6호선,역촌,3906,4523,8429,-617,7,13,수
2022-07-13,6호선,불광,4434,4268,8702,166,7,13,수
2022-07-13,6호선,독바위,2797,2997,5794,-200,7,13,수
2022-07-13,6호선,연신내,3,0,3,3,7,13,수
2022-07-13,6호선,구산,8021,6235,14256,1786,7,13,수
2022-07-13,6호선,새절(신사),12633,11714,24347,919,7,13,수
2022-07-13,6호선,증산(명지대앞),10094,9930,20024,164,7,13,수
2022-07-13,6호선,디지털미디어시티,20417,17153,37570,3264,7,13,수
2022-07-13,6호선,월드컵경기장(성산),26970,45405,72375,-18435,7,13,수
2022-07-13,6호선,마포구청,18292,14401,32693,3891,7,13,수
2022-07-13,6호선,망원,14534,14596,29130,-62,7,13,수
2022-07-13,6호선,합정,15531,16346,31877,-815,7,13,수
2022-07-13,6호선,상수,9175,10004,19179,-829,7,13,수
2022-07-13,6호선,광흥창(서강),9973,9603,19576,370,7,13,수
2022-07-13,6호선,대흥(서강대앞),8830,9113,17943,-283,7,13,수
2022-07-13,6호선,공덕,19825,19425,39250,400,7,13,수
2022-07-13,6호선,효창공원앞,7248,6555,13803,693,7,13,수
2022-07-13,6호선,삼각지,7544,6717,14261,827,7,13,수
2022-07-13,6호선,녹사평(용산구청),4627,4692,9319,-65,7,13,수
2022-07-13,6호선,이태원,9425,9900,19325,-475,7,13,수
2022-07-13,6호선,한강진,8299,9378,17677,-1079,7,13,수
2022-07-13,6호선,버티고개,2169,2127,4296,42,7,13,수
2022-07-13,6호선,약수,3744,3794,7538,-50,7,13,수
2022-07-13,6호선,청구,3794,3949,7743,-155,7,13,수
2022-07-13,6호선,신당,8329,8966,17295,-637,7,13,수
2022-07-13,6호선,동묘앞,7288,7520,14808,-232,7,13,수
2022-07-13,6호선,창신,3995,3415,7410,580,7,13,수
2022-07-13,6호선,보문,7835,7261,15096,574,7,13,수
2022-07-13,6호선,안암(고대병원앞),11351,10993,22344,358,7,13,수
2022-07-13,6호선,고려대(종암),8584,8431,17015,153,7,13,수
2022-07-13,6호선,월곡(동덕여대),11879,11758,23637,121,7,13,수
2022-07-13,6호선,상월곡(한국과학기술연구원),6399,5825,12224,574,7,13,수
2022-07-13,6호선,돌곶이,9313,8730,18043,583,7,13,수
2022-07-13,6호선,석계,12438,13096,25534,-658,7,13,수
2022-07-13,6호선,태릉입구,5549,5964,11513,-415,7,13,수
2022-07-13,6호선,화랑대(서울여대입구),12101,9476,21577,2625,7,13,수
2022-07-13,6호선,봉화산(서울의료원),9143,8624,17767,519,7,13,수
2022-07-13,7호선,장암,2364,873,3237,1491,7,13,수
2022-07-13,7호선,도봉산,8842,9814,18656,-972,7,13,수
2022-07-13,7호선,수락산,12384,12412,24796,-28,7,13,수
2022-07-13,7호선,마들,13237,12804,26041,433,7,13,수
2022-07-13,7호선,노원,19805,20260,40065,-455,7,13,수
2022-07-13,7호선,중계,15257,14150,29407,1107,7,13,수
2022-07-13,7호선,하계,18505,17848,36353,657,7,13,수
2022-07-13,7호선,공릉(서울과학기술대),11705,11658,23363,47,7,13,수
2022-07-13,7호선,태릉입구,8303,7966,16269,337,7,13,수
2022-07-13,7호선,먹골,10280,10175,20455,105,7,13,수
2022-07-13,7호선,중화,10700,10665,21365,35,7,13,수
2022-07-13,7호선,상봉(시외버스터미널),16646,15617,32263,1029,7,13,수
2022-07-13,7호선,면목,14960,14628,29588,332,7,13,수
2022-07-13,7호선,사가정,15792,15798,31590,-6,7,13,수
2022-07-13,7호선,용마산(용마폭포공원),6390,6235,12625,155,7,13,수
2022-07-13,7호선,중곡,11186,10567,21753,619,7,13,수
2022-07-13,7호선,군자(능동),15085,12133,27218,2952,7,13,수
2022-07-13,7호선,어린이대공원(세종대),14163,13933,28096,230,7,13,수
2022-07-13,7호선,건대입구,13583,13870,27453,-287,7,13,수
2022-07-13,7호선,뚝섬유원지,7346,7177,14523,169,7,13,수
2022-07-13,7호선,청담,20349,22891,43240,-2542,7,13,수
2022-07-13,7호선,강남구청,17506,19262,36768,-1756,7,13,수
2022-07-13,7호선,학동,26117,27418,53535,-1301,7,13,수
2022-07-13,7호선,논현,18900,20187,39087,-1287,7,13,수
2022-07-13,7호선,반포,6447,6303,12750,144,7,13,수
2022-07-13,7호선,고속터미널,15967,13133,29100,2834,7,13,수
2022-07-13,7호선,내방,15284,15691,30975,-407,7,13,수
2022-07-13,7호선,이수,16732,16151,32883,581,7,13,수
2022-07-13,7호선,남성,11221,10528,21749,693,7,13,수
2022-07-13,7호선,숭실대입구(살피재),11808,12113,23921,-305,7,13,수
2022-07-13,7호선,상도,11033,10641,21674,392,7,13,수
2022-07-13,7호선,장승배기,9073,9037,18110,36,7,13,수
2022-07-13,7호선,신대방삼거리,15262,14636,29898,626,7,13,수
2022-07-13,7호선,보라매,7822,7918,15740,-96,7,13,수
2022-07-13,7호선,신풍,11745,11445,23190,300,7,13,수
2022-07-13,7호선,대림(구로구청),7819,7875,15694,-56,7,13,수
2022-07-13,7호선,남구로,16224,17364,33588,-1140,7,13,수
2022-07-13,7호선,가산디지털단지,48190,47398,95588,792,7,13,수
2022-07-13,7호선,철산,20840,21524,42364,-684,7,13,수
2022-07-13,7호선,광명사거리,20419,20180,40599,239,7,13,수
2022-07-13,7호선,천왕,11642,11092,22734,550,7,13,수
2022-07-13,7호선,온수(성공회대입구),10439,9663,20102,776,7,13,수
2022-07-13,8호선,암사,19070,17093,36163,1977,7,13,수
2022-07-13,8호선,천호(풍납토성),14532,16201,30733,-1669,7,13,수
2022-07-13,8호선,강동구청,10839,11295,22134,-456,7,13,수
2022-07-13,8호선,몽촌토성(평화의문),6192,6477,12669,-285,7,13,수
2022-07-13,8호선,잠실(송파구청),15343,17528,32871,-2185,7,13,수
2022-07-13,8호선,석촌,7680,8740,16420,-1060,7,13,수
2022-07-13,8호선,송파,9441,9771,19212,-330,7,13,수
2022-07-13,8호선,가락시장,7763,8303,16066,-540,7,13,수
2022-07-13,8호선,문정,23687,24458,48145,-771,7,13,수
2022-07-13,8호선,장지,17935,17248,35183,687,7,13,수
2022-07-13,8호선,복정,9332,7972,17304,1360,7,13,수
2022-07-13,8호선,산성,5257,5233,10490,24,7,13,수
2022-07-13,8호선,남한산성입구(성남법원.검찰청),13323,12242,25565,1081,7,13,수
2022-07-13,8호선,단대오거리,10092,10141,20233,-49,7,13,수
2022-07-13,8호선,신흥,4148,4638,8786,-490,7,13,수
2022-07-13,8호선,수진,5459,5172,10631,287,7,13,수
2022-07-13,8호선,모란,4233,3247,7480,986,7,13,수
2022-07-13,8호선,남위례,5326,5314,10640,12,7,13,수
2022-07-13,9호선,개화,2717,1847,4564,870,7,13,수
2022-07-13,9호선,김포공항,7895,11323,19218,-3428,7,13,수
2022-07-13,9호선,공항시장,3062,3340,6402,-278,7,13,수
2022-07-13,9호선,신방화,7177,7152,14329,25,7,13,수
2022-07-13,9호선,마곡나루(서울식물원),12955,12698,25653,257,7,13,수
2022-07-13,9호선,양천향교,9916,10411,20327,-495,7,13,수
2022-07-13,9호선,가양,21070,20793,41863,277,7,13,수
2022-07-13,9호선,증미,7834,7680,15514,154,7,13,수
2022-07-13,9호선,등촌,11694,11458,23152,236,7,13,수
2022-07-13,9호선,염창,17698,17195,34893,503,7,13,수
2022-07-13,9호선,신목동,4861,4122,8983,739,7,13,수
2022-07-13,9호선,선유도,10069,9473,19542,596,7,13,수
2022-07-13,9호선,당산,19267,19806,39073,-539,7,13,수
2022-07-13,9호선,국회의사당,19089,19050,38139,39,7,13,수
2022-07-13,9호선,여의도,32503,30217,62720,2286,7,13,수
2022-07-13,9호선,샛강,6881,6636,13517,245,7,13,수
2022-07-13,9호선,노량진,25579,24595,50174,984,7,13,수
2022-07-13,9호선,노들,4597,3992,8589,605,7,13,수
2022-07-13,9호선,흑석(중앙대입구),8043,8449,16492,-406,7,13,수
2022-07-13,9호선,동작(현충원),1978,1490,3468,488,7,13,수
2022-07-13,9호선,구반포,1902,1930,3832,-28,7,13,수
2022-07-13,9호선,신반포,3750,3617,7367,133,7,13,수
2022-07-13,9호선,고속터미널,12555,16735,29290,-4180,7,13,수
2022-07-13,9호선,사평,4476,4411,8887,65,7,13,수
2022-07-13,9호선,신논현,30573,29970,60543,603,7,13,수
2022-07-13,9호선2~3단계,언주,12418,12101,24519,317,7,13,수
2022-07-13,9호선2~3단계,선정릉,10527,11408,21935,-881,7,13,수
2022-07-13,9호선2~3단계,삼성중앙,8310,8585,16895,-275,7,13,수
2022-07-13,9호선2~3단계,봉은사,20888,20970,41858,-82,7,13,수
2022-07-13,9호선2~3단계,종합운동장,4677,4551,9228,126,7,13,수
2022-07-13,9호선2~3단계,삼전,7413,7399,14812,14,7,13,수
2022-07-13,9호선2~3단계,석촌고분,6749,6676,13425,73,7,13,수
2022-07-13,9호선2~3단계,석촌,8523,7520,16043,1003,7,13,수
2022-07-13,9호선2~3단계,송파나루,5472,5899,11371,-427,7,13,수
2022-07-13,9호선2~3단계,한성백제,2852,2628,5480,224,7,13,수
2022-07-13,9호선2~3단계,올림픽공원(한국체대),5868,5736,11604,132,7,13,수
2022-07-13,9호선2~3단계,둔촌오륜,1394,1210,2604,184,7,13,수
2022-07-13,9호선2~3단계,중앙보훈병원,11789,10282,22071,1507,7,13,수
2022-07-13,경강선,판교,5470,5389,10859,81,7,13,수
2022-07-13,경강선,이매,1131,1053,2184,78,7,13,수
2022-07-13,경강선,삼동,2534,2409,4943,125,7,13,수
2022-07-13,경강선,경기광주,7803,7095,14898,708,7,13,수
2022-07-13,경강선,초월,3181,3014,6195,167,7,13,수
2022-07-13,경강선,곤지암,2041,2032,4073,9,7,13,수
2022-07-13,경강선,신둔도예촌,1442,1297,2739,145,7,13,수
2022-07-13,경강선,이천,2340,2387,4727,-47,7,13,수
2022-07-13,경강선,부발,1948,1864,3812,84,7,13,수
2022-07-13,경강선,세종대왕릉,316,309,625,7,7,13,수
2022-07-13,경강선,여주,1920,1920,3840,0,7,13,수
2022-07-13,경부선,서울역,7994,2388,10382,5606,7,13,수
2022-07-13,경부선,남영,9267,9826,19093,-559,7,13,수
2022-07-13,경부선,용산,38427,37727,76154,700,7,13,수
2022-07-13,경부선,노량진,6737,6954,13691,-217,7,13,수
2022-07-13,경부선,대방,10965,12141,23106,-1176,7,13,수
2022-07-13,경부선,영등포,36510,37533,74043,-1023,7,13,수
2022-07-13,경부선,신도림,3488,3732,7220,-244,7,13,수
2022-07-13,경부선,신길,8764,7615,16379,1149,7,13,수
2022-07-13,경부선,구로,18460,18714,37174,-254,7,13,수
2022-07-13,경부선,가산디지털단지,18256,22217,40473,-3961,7,13,수
2022-07-13,경부선,금천구청,10809,10428,21237,381,7,13,수
2022-07-13,경부선,석수,9207,8287,17494,920,7,13,수
2022-07-13,경부선,관악,7121,6807,13928,314,7,13,수
2022-07-13,경부선,안양,20771,20350,41121,421,7,13,수
2022-07-13,경부선,명학,9175,8945,18120,230,7,13,수
2022-07-13,경부선,금정,26188,26740,52928,-552,7,13,수
2022-07-13,경부선,군포,7337,7236,14573,101,7,13,수
2022-07-13,경부선,의왕,8398,8406,16804,-8,7,13,수
2022-07-13,경부선,성균관대,13499,13288,26787,211,7,13,수
2022-07-13,경부선,화서,7861,7273,15134,588,7,13,수
2022-07-13,경부선,수원,30455,32481,62936,-2026,7,13,수
2022-07-13,경부선,독산,19345,20143,39488,-798,7,13,수
2022-07-13,경부선,세류,2939,2577,5516,362,7,13,수
2022-07-13,경부선,병점,13342,13300,26642,42,7,13,수
2022-07-13,경부선,세마,2864,2625,5489,239,7,13,수
2022-07-13,경부선,오산대,3165,2914,6079,251,7,13,수
2022-07-13,경부선,오산,8894,8801,17695,93,7,13,수
2022-07-13,경부선,진위,1795,1686,3481,109,7,13,수
2022-07-13,경부선,송탄,3860,3678,7538,182,7,13,수
2022-07-13,경부선,서정리,6423,5964,12387,459,7,13,수
2022-07-13,경부선,평택지제,3659,3559,7218,100,7,13,수
2022-07-13,경부선,평택,9818,9795,19613,23,7,13,수
2022-07-13,경부선,성환,2994,3017,6011,-23,7,13,수
2022-07-13,경부선,직산,833,812,1645,21,7,13,수
2022-07-13,경부선,두정,5098,5145,10243,-47,7,13,수
2022-07-13,경부선,천안,4401,4611,9012,-210,7,13,수
2022-07-13,경부선,당정,6011,5645,11656,366,7,13,수
2022-07-13,경부선,서동탄,1408,1241,2649,167,7,13,수
2022-07-13,경부선,광명,2636,2036,4672,600,7,13,수
2022-07-13,경원선,이촌(국립중앙박물관),3677,2924,6601,753,7,13,수
2022-07-13,경원선,서빙고,1888,1779,3667,109,7,13,수
2022-07-13,경원선,한남,3860,3812,7672,48,7,13,수
2022-07-13,경원선,옥수,34,35,69,-1,7,13,수
2022-07-13,경원선,응봉,1823,1564,3387,259,7,13,수
2022-07-13,경원선,왕십리(성동구청),14761,16666,31427,-1905,7,13,수
2022-07-13,경원선,청량리(서울시립대입구),14061,14988,29049,-927,7,13,수
2022-07-13,경원선,외대앞,7264,7225,14489,39,7,13,수
2022-07-13,경원선,신이문,8258,7920,16178,338,7,13,수
2022-07-13,경원선,석계,7385,8443,15828,-1058,7,13,수
2022-07-13,경원선,광운대,7195,6987,14182,208,7,13,수
2022-07-13,경원선,월계,6398,6122,12520,276,7,13,수
2022-07-13,경원선,녹천,4827,4009,8836,818,7,13,수
2022-07-13,경원선,방학,9371,9205,18576,166,7,13,수
2022-07-13,경원선,도봉,5870,5714,11584,156,7,13,수
2022-07-13,경원선,도봉산,5765,3585,9350,2180,7,13,수
2022-07-13,경원선,망월사,7352,7456,14808,-104,7,13,수
2022-07-13,경원선,회룡,12072,12029,24101,43,7,13,수
2022-07-13,경원선,의정부,16976,17529,34505,-553,7,13,수
2022-07-13,경원선,가능,6420,6214,12634,206,7,13,수
2022-07-13,경원선,녹양,4455,4217,8672,238,7,13,수
2022-07-13,경원선,양주,7277,6891,14168,386,7,13,수
2022-07-13,경원선,덕계,3178,2745,5923,433,7,13,수
2022-07-13,경원선,덕정,5109,5013,10122,96,7,13,수
2022-07-13,경원선,지행,6066,6089,12155,-23,7,13,수
2022-07-13,경원선,동두천중앙,2939,2700,5639,239,7,13,수
2022-07-13,경원선,보산,1515,1342,2857,173,7,13,수
2022-07-13,경원선,동두천,2025,2202,4227,-177,7,13,수
2022-07-13,경원선,소요산,1593,1299,2892,294,7,13,수
2022-07-13,경의선,서울역,4608,5839,10447,-1231,7,13,수
2022-07-13,경의선,신촌,970,1198,2168,-228,7,13,수
2022-07-13,경의선,효창공원앞,3063,3508,6571,-445,7,13,수
2022-07-13,경의선,공덕,4182,3320,7502,862,7,13,수
2022-07-13,경의선,서강대,2081,2124,4205,-43,7,13,수
2022-07-13,경의선,홍대입구,1482,1939,3421,-457,7,13,수
2022-07-13,경의선,가좌,5508,5219,10727,289,7,13,수
2022-07-13,경의선,디지털미디어시티,3218,2963,6181,255,7,13,수
2022-07-13,경의선,수색,2938,3217,6155,-279,7,13,수
2022-07-13,경의선,화전,1910,1769,3679,141,7,13,수
2022-07-13,경의선,강매,3187,2789,5976,398,7,13,수
2022-07-13,경의선,행신,8158,8045,16203,113,7,13,수
2022-07-13,경의선,능곡,3744,3487,7231,257,7,13,수
2022-07-13,경의선,곡산,624,640,1264,-16,7,13,수
2022-07-13,경의선,백마,7035,6638,13673,397,7,13,수
2022-07-13,경의선,풍산,5229,4791,10020,438,7,13,수
2022-07-13,경의선,일산,9212,9080,18292,132,7,13,수
2022-07-13,경의선,탄현,7796,7405,15201,391,7,13,수
2022-07-13,경의선,야당,7529,7377,14906,152,7,13,수
2022-07-13,경의선,운정,6730,6242,12972,488,7,13,수
2022-07-13,경의선,금릉,4584,4435,9019,149,7,13,수
2022-07-13,경의선,금촌,5918,5811,11729,107,7,13,수
2022-07-13,경의선,월롱,2712,2548,5260,164,7,13,수
2022-07-13,경의선,파주,993,662,1655,331,7,13,수
2022-07-13,경의선,문산,4803,4753,9556,50,7,13,수
2022-07-13,경의선,임진강,13,1,14,12,7,13,수
2022-07-13,경인선,개봉,20633,20688,41321,-55,7,13,수
2022-07-13,경인선,오류동,11509,10597,22106,912,7,13,수
2022-07-13,경인선,역곡,25719,25609,51328,110,7,13,수
2022-07-13,경인선,부천,29013,28724,57737,289,7,13,수
2022-07-13,경인선,송내,26714,26696,53410,18,7,13,수
2022-07-13,경인선,부평,26224,27528,53752,-1304,7,13,수
2022-07-13,경인선,백운,7060,6783,13843,277,7,13,수
2022-07-13,경인선,동암,14205,14255,28460,-50,7,13,수
2022-07-13,경인선,주안,17724,15980,33704,1744,7,13,수
2022-07-13,경인선,제물포,9936,9552,19488,384,7,13,수
2022-07-13,경인선,동인천,12480,12090,24570,390,7,13,수
2022-07-13,경인선,인천,2884,2081,4965,803,7,13,수
2022-07-13,경인선,구일,6274,6108,12382,166,7,13,수
2022-07-13,경인선,소사,7682,7761,15443,-79,7,13,수
2022-07-13,경인선,부개,8441,7932,16373,509,7,13,수
2022-07-13,경인선,간석,5635,5330,10965,305,7,13,수
2022-07-13,경인선,도원,3277,3224,6501,53,7,13,수
2022-07-13,경인선,온수(성공회대입구),6710,6536,13246,174,7,13,수
2022-07-13,경인선,중동,9068,8324,17392,744,7,13,수
2022-07-13,경인선,도화,3915,3626,7541,289,7,13,수
2022-07-13,경춘선,신내,2251,2223,4474,28,7,13,수
2022-07-13,경춘선,갈매,2980,2534,5514,446,7,13,수
2022-07-13,경춘선,별내,2988,2732,5720,256,7,13,수
2022-07-13,경춘선,퇴계원,3445,3172,6617,273,7,13,수
2022-07-13,경춘선,사릉,2215,2161,4376,54,7,13,수
2022-07-13,경춘선,금곡,1400,1375,2775,25,7,13,수
2022-07-13,경춘선,평내호평,6181,5852,12033,329,7,13,수
2022-07-13,경춘선,천마산,1522,1324,2846,198,7,13,수
2022-07-13,경춘선,마석,3604,3526,7130,78,7,13,수
2022-07-13,경춘선,대성리,921,928,1849,-7,7,13,수
2022-07-13,경춘선,청평,1611,1555,3166,56,7,13,수
2022-07-13,경춘선,상천,215,190,405,25,7,13,수
2022-07-13,경춘선,가평,2243,2195,4438,48,7,13,수
2022-07-13,경춘선,굴봉산,107,76,183,31,7,13,수
2022-07-13,경춘선,백양리,85,55,140,30,7,13,수
2022-07-13,경춘선,강촌,406,338,744,68,7,13,수
2022-07-13,경춘선,김유정,255,250,505,5,7,13,수
2022-07-13,경춘선,남춘천,2112,1957,4069,155,7,13,수
2022-07-13,경춘선,춘천,1011,998,2009,13,7,13,수
2022-07-13,공항철도 1호선,서울역,10262,8984,19246,1278,7,13,수
2022-07-13,공항철도 1호선,공덕,2470,3643,6113,-1173,7,13,수
2022-07-13,공항철도 1호선,홍대입구,9728,10521,20249,-793,7,13,수
2022-07-13,공항철도 1호선,디지털미디어시티,20202,15703,35905,4499,7,13,수
2022-07-13,공항철도 1호선,마곡나루(서울식물원),9712,9170,18882,542,7,13,수
2022-07-13,공항철도 1호선,김포공항,12137,6773,18910,5364,7,13,수
2022-07-13,공항철도 1호선,계양,11142,10542,21684,600,7,13,수
2022-07-13,공항철도 1호선,검암,6393,6327,12720,66,7,13,수
2022-07-13,공항철도 1호선,청라국제도시,7281,6744,14025,537,7,13,수
2022-07-13,공항철도 1호선,운서,7100,7024,14124,76,7,13,수
2022-07-13,공항철도 1호선,공항화물청사,2227,2529,4756,-302,7,13,수
2022-07-13,공항철도 1호선,인천공항1터미널,7460,7154,14614,306,7,13,수
2022-07-13,공항철도 1호선,인천공항2터미널,3453,3386,6839,67,7,13,수
2022-07-13,공항철도 1호선,영종,3192,3152,6344,40,7,13,수
2022-07-13,과천선,선바위,7929,6960,14889,969,7,13,수
2022-07-13,과천선,경마공원,1356,1393,2749,-37,7,13,수
2022-07-13,과천선,대공원,2250,2320,4570,-70,7,13,수
2022-07-13,과천선,과천,6642,6358,13000,284,7,13,수
2022-07-13,과천선,정부과천청사,11085,11036,22121,49,7,13,수
2022-07-13,과천선,인덕원,23306,24862,48168,-1556,7,13,수
2022-07-13,과천선,평촌,18067,17739,35806,328,7,13,수
2022-07-13,과천선,범계,25030,25349,50379,-319,7,13,수
2022-07-13,분당선,선릉,15039,22440,37479,-7401,7,13,수
2022-07-13,분당선,한티,15894,17051,32945,-1157,7,13,수
2022-07-13,분당선,도곡,7676,7567,15243,109,7,13,수
2022-07-13,분당선,구룡,2256,2223,4479,33,7,13,수
2022-07-13,분당선,개포동,4292,4414,8706,-122,7,13,수
2022-07-13,분당선,대모산입구,4699,4560,9259,139,7,13,수
2022-07-13,분당선,수서,14093,14518,28611,-425,7,13,수
2022-07-13,분당선,수원,7222,6119,13341,1103,7,13,수
2022-07-13,분당선,서울숲,10979,11284,22263,-305,7,13,수
2022-07-13,분당선,압구정로데오,19389,20824,40213,-1435,7,13,수
2022-07-13,분당선,강남구청,10452,11803,22255,-1351,7,13,수
2022-07-13,분당선,선정릉,8635,9111,17746,-476,7,13,수
2022-07-13,분당선,가천대,6832,7816,14648,-984,7,13,수
2022-07-13,분당선,태평,13122,12561,25683,561,7,13,수
2022-07-13,분당선,모란,18394,18589,36983,-195,7,13,수
2022-07-13,분당선,야탑,26527,27437,53964,-910,7,13,수
2022-07-13,분당선,서현,24406,25201,49607,-795,7,13,수
2022-07-13,분당선,수내,14348,14402,28750,-54,7,13,수
2022-07-13,분당선,정자,19157,20337,39494,-1180,7,13,수
2022-07-13,분당선,미금,15319,16280,31599,-961,7,13,수
2022-07-13,분당선,오리,12015,9489,21504,2526,7,13,수
2022-07-13,분당선,이매,5933,5397,11330,536,7,13,수
2022-07-13,분당선,보정,2769,2383,5152,386,7,13,수
2022-07-13,분당선,죽전,12651,14298,26949,-1647,7,13,수
2022-07-13,분당선,구성,4993,5521,10514,-528,7,13,수
2022-07-13,분당선,신갈,4691,4598,9289,93,7,13,수
2022-07-13,분당선,기흥,10355,9581,19936,774,7,13,수
2022-07-13,분당선,상갈,5322,5250,10572,72,7,13,수
2022-07-13,분당선,청명,4379,4305,8684,74,7,13,수
2022-07-13,분당선,영통,8015,8287,16302,-272,7,13,수
2022-07-13,분당선,망포,14705,13959,28664,746,7,13,수
2022-07-13,분당선,매탄권선,5295,5068,10363,227,7,13,수
2022-07-13,분당선,수원시청,12403,13162,25565,-759,7,13,수
2022-07-13,분당선,매교,3026,3019,6045,7,7,13,수
2022-07-13,수인선,고색,4369,4125,8494,244,7,13,수
2022-07-13,수인선,오목천,2853,2639,5492,214,7,13,수
2022-07-13,수인선,어천,623,674,1297,-51,7,13,수
2022-07-13,수인선,야목,392,285,677,107,7,13,수
2022-07-13,수인선,사리,4463,3838,8301,625,7,13,수
2022-07-13,수인선,달월,99,58,157,41,7,13,수
2022-07-13,수인선,월곶,2662,2358,5020,304,7,13,수
2022-07-13,수인선,소래포구,3969,3673,7642,296,7,13,수
2022-07-13,수인선,인천논현,4939,5292,10231,-353,7,13,수
2022-07-13,수인선,호구포,3886,4142,8028,-256,7,13,수
2022-07-13,수인선,남동인더스파크,2232,2583,4815,-351,7,13,수
2022-07-13,수인선,원인재,3914,4090,8004,-176,7,13,수
2022-07-13,수인선,연수,4157,4053,8210,104,7,13,수
2022-07-13,수인선,송도,2049,1982,4031,67,7,13,수
2022-07-13,수인선,인하대,5377,4853,10230,524,7,13,수
2022-07-13,수인선,숭의,3495,3291,6786,204,7,13,수
2022-07-13,수인선,신포,1495,1473,2968,22,7,13,수
2022-07-13,수인선,인천,809,1402,2211,-593,7,13,수
2022-07-13,신림선,샛강,2005,2534,4539,-529,7,13,수
2022-07-13,신림선,대방,1774,1457,3231,317,7,13,수
2022-07-13,신림선,서울지방병무청,2236,2471,4707,-235,7,13,수
2022-07-13,신림선,보라매,2759,2518,5277,241,7,13,수
2022-07-13,신림선,보라매공원,1800,1872,3672,-72,7,13,수
2022-07-13,신림선,보라매병원,7154,6892,14046,262,7,13,수
2022-07-13,신림선,당곡,3618,3707,7325,-89,7,13,수
2022-07-13,신림선,신림,1563,2109,3672,-546,7,13,수
2022-07-13,신림선,서원,2947,2796,5743,151,7,13,수
2022-07-13,신림선,서울대벤처타운,5803,6103,11906,-300,7,13,수
2022-07-13,신림선,관악산(서울대),1735,1809,3544,-74,7,13,수
2022-07-13,우이신설선,정릉,4422,4279,8701,143,7,13,수
2022-07-13,우이신설선,성신여대입구(돈암),3190,3591,6781,-401,7,13,수
2022-07-13,우이신설선,보문,1537,1493,3030,44,7,13,수
2022-07-13,우이신설선,신설동,1993,1968,3961,25,7,13,수
2022-07-13,일산선,원흥,10706,10185,20891,521,7,13,수
2022-07-13,일산선,삼송,18953,18326,37279,627,7,13,수
2022-07-13,일산선,원당,10916,10273,21189,643,7,13,수
2022-07-13,일산선,화정,15673,16103,31776,-430,7,13,수
2022-07-13,일산선,대곡,2122,1643,3765,479,7,13,수
2022-07-13,일산선,백석,9016,9054,18070,-38,7,13,수
2022-07-13,일산선,마두,7454,7536,14990,-82,7,13,수
2022-07-13,일산선,정발산,6902,6980,13882,-78,7,13,수
2022-07-13,일산선,주엽,8622,8720,17342,-98,7,13,수
2022-07-13,일산선,대화,12697,9761,22458,2936,7,13,수
2022-07-13,장항선,봉명,1315,1237,2552,78,7,13,수
2022-07-13,중앙선,지평,45,46,91,-1,7,13,수
2022-07-13,중앙선,용문,1588,1540,3128,48,7,13,수
2022-07-13,중앙선,원덕,324,301,625,23,7,13,수
2022-07-13,중앙선,양평,2760,2688,5448,72,7,13,수
2022-07-13,중앙선,오빈,305,281,586,24,7,13,수
2022-07-13,중앙선,아신,516,519,1035,-3,7,13,수
2022-07-13,중앙선,국수,688,655,1343,33,7,13,수
2022-07-13,중앙선,신원,154,142,296,12,7,13,수
2022-07-13,중앙선,양수,1888,1814,3702,74,7,13,수
2022-07-13,중앙선,운길산,574,589,1163,-15,7,13,수
2022-07-13,중앙선,팔당,731,739,1470,-8,7,13,수
2022-07-13,중앙선,도심,2451,1894,4345,557,7,13,수
2022-07-13,중앙선,덕소,5227,5201,10428,26,7,13,수
2022-07-13,중앙선,양정,640,518,1158,122,7,13,수
2022-07-13,중앙선,도농,11073,10237,21310,836,7,13,수
2022-07-13,중앙선,구리,12663,12963,25626,-300,7,13,수
2022-07-13,중앙선,양원,3163,3070,6233,93,7,13,수
2022-07-13,중앙선,망우,7387,7212,14599,175,7,13,수
2022-07-13,중앙선,상봉(시외버스터미널),5381,5611,10992,-230,7,13,수
2022-07-13,장항선,쌍용(나사렛대),1873,1730,3603,143,7,13,수
2022-07-13,장항선,아산,2908,2535,5443,373,7,13,수
2022-07-13,장항선,탕정,825,722,1547,103,7,13,수
2022-07-13,장항선,배방,1020,937,1957,83,7,13,수
2022-07-13,장항선,온양온천,3072,3089,6161,-17,7,13,수
2022-07-13,장항선,신창(순천향대),1107,1104,2211,3,7,13,수
2022-07-13,중앙선,회기,24101,23504,47605,597,7,13,수
2022-07-13,중앙선,중랑,5448,5167,10615,281,7,13,수
2022-07-13,5호선,청구,3919,3839,7758,80,7,13,수
2022-07-13,1호선,서울역,48276,45551,93827,2725,7,13,수
2022-07-13,1호선,시청,24150,24239,48389,-89,7,13,수
2022-07-13,1호선,종각,39552,38868,78420,684,7,13,수
2022-07-13,1호선,종로3가,22367,21122,43489,1245,7,13,수
2022-07-13,1호선,종로5가,21593,21168,42761,425,7,13,수
2022-07-13,1호선,동대문,9763,9233,18996,530,7,13,수
2022-07-13,우이신설선,북한산보국문,5667,5676,11343,-9,7,13,수
2022-07-13,우이신설선,솔샘,5976,5727,11703,249,7,13,수
2022-07-13,우이신설선,삼양사거리,2280,2309,4589,-29,7,13,수
2022-07-13,우이신설선,삼양,1916,2067,3983,-151,7,13,수
2022-07-13,우이신설선,화계,3273,3114,6387,159,7,13,수
2022-07-13,우이신설선,가오리,4071,4205,8276,-134,7,13,수
2022-07-13,우이신설선,4.19민주묘지,2603,2469,5072,134,7,13,수
2022-07-13,우이신설선,솔밭공원,2401,2250,4651,151,7,13,수
2022-07-13,우이신설선,북한산우이,2317,1980,4297,337,7,13,수
2022-07-13,안산선,수리산,4118,3365,7483,753,7,13,수
2022-07-13,안산선,오이도,7688,7384,15072,304,7,13,수
2022-07-13,안산선,정왕,7315,7808,15123,-493,7,13,수
2022-07-13,안산선,신길온천,1639,1414,3053,225,7,13,수
2022-07-13,안산선,안산,10889,10048,20937,841,7,13,수
2022-07-13,안산선,초지,4678,4647,9325,31,7,13,수
2022-07-13,안산선,고잔,8391,7989,16380,402,7,13,수
2022-07-13,안산선,중앙,16700,17169,33869,-469,7,13,수
2022-07-13,안산선,한대앞,8381,8409,16790,-28,7,13,수
2022-07-13,안산선,상록수,14828,14945,29773,-117,7,13,수
2022-07-13,안산선,반월,4022,3957,7979,65,7,13,수
2022-07-14,6호선,상수,9235,10458,19693,-1223,7,14,목
2022-07-14,5호선,청구,4304,3823,8127,481,7,14,목
2022-07-14,7호선,반포,6744,6630,13374,114,7,14,목
2022-07-14,우이신설선,솔샘,6527,5998,12525,529,7,14,목
2022-07-14,우이신설선,북한산보국문,6205,5847,12052,358,7,14,목
2022-07-14,우이신설선,정릉,4805,4453,9258,352,7,14,목
2022-07-14,우이신설선,성신여대입구(돈암),3493,3883,7376,-390,7,14,목
2022-07-14,우이신설선,보문,1678,1610,3288,68,7,14,목
2022-07-14,우이신설선,신설동,2221,2190,4411,31,7,14,목
2022-07-14,일산선,원흥,12067,11199,23266,868,7,14,목
2022-07-14,일산선,지축,1,0,1,1,7,14,목
2022-07-14,일산선,삼송,20929,20180,41109,749,7,14,목
2022-07-14,일산선,원당,12040,11261,23301,779,7,14,목
2022-07-14,일산선,화정,17929,18134,36063,-205,7,14,목
2022-07-14,일산선,대곡,2336,1781,4117,555,7,14,목
2022-07-14,일산선,백석,10468,10415,20883,53,7,14,목
2022-07-14,일산선,마두,8097,8243,16340,-146,7,14,목
2022-07-14,일산선,정발산,7664,7745,15409,-81,7,14,목
2022-07-14,일산선,주엽,9969,9980,19949,-11,7,14,목
2022-07-14,일산선,대화,13745,10692,24437,3053,7,14,목
2022-07-14,장항선,봉명,1416,1385,2801,31,7,14,목
2022-07-14,장항선,쌍용(나사렛대),2146,1965,4111,181,7,14,목
2022-07-14,장항선,아산,3002,2834,5836,168,7,14,목
2022-07-14,장항선,탕정,957,864,1821,93,7,14,목
2022-07-14,장항선,배방,1139,1132,2271,7,7,14,목
2022-07-14,장항선,온양온천,4351,4508,8859,-157,7,14,목
2022-07-14,장항선,신창(순천향대),1225,1164,2389,61,7,14,목
2022-07-14,중앙선,회기,25829,24783,50612,1046,7,14,목
2022-07-14,중앙선,중랑,6097,5653,11750,444,7,14,목
2022-07-14,중앙선,상봉(시외버스터미널),6278,5937,12215,341,7,14,목
2022-07-14,중앙선,망우,8332,8058,16390,274,7,14,목
2022-07-14,중앙선,양원,3333,3184,6517,149,7,14,목
2022-07-14,중앙선,구리,14240,14377,28617,-137,7,14,목
2022-07-14,중앙선,도농,12013,10666,22679,1347,7,14,목
2022-07-14,중앙선,양정,808,656,1464,152,7,14,목
2022-07-14,중앙선,덕소,6016,5967,11983,49,7,14,목
2022-07-14,중앙선,도심,2719,2034,4753,685,7,14,목
2022-07-14,중앙선,팔당,972,1064,2036,-92,7,14,목
2022-07-14,중앙선,운길산,722,707,1429,15,7,14,목
2022-07-14,중앙선,양수,2857,2799,5656,58,7,14,목
2022-07-14,중앙선,신원,220,180,400,40,7,14,목
2022-07-14,중앙선,국수,799,803,1602,-4,7,14,목
2022-07-14,중앙선,아신,561,590,1151,-29,7,14,목
2022-07-14,중앙선,오빈,335,336,671,-1,7,14,목
2022-07-14,중앙선,양평,3080,3138,6218,-58,7,14,목
2022-07-14,경의선,검암,1,0,1,1,7,14,목
2022-07-14,1호선,서울역,48500,47714,96214,786,7,14,목
2022-07-14,1호선,시청,25208,25821,51029,-613,7,14,목
2022-07-14,1호선,종각,40307,40154,80461,153,7,14,목
2022-07-14,1호선,종로3가,27697,25379,53076,2318,7,14,목
2022-07-14,1호선,종로5가,24217,24282,48499,-65,7,14,목
2022-07-14,1호선,동대문,11336,10581,21917,755,7,14,목
2022-07-14,1호선,신설동,14307,13802,28109,505,7,14,목
2022-07-14,1호선,제기동,18710,19222,37932,-512,7,14,목
2022-07-14,1호선,청량리(서울시립대입구),21128,20934,42062,194,7,14,목
2022-07-14,1호선,동묘앞,8495,8802,17297,-307,7,14,목
2022-07-14,2호선,시청,26040,25449,51489,591,7,14,목
2022-07-14,2호선,을지로입구,45508,47233,92741,-1725,7,14,목
2022-07-14,2호선,을지로3가,25465,26070,51535,-605,7,14,목
2022-07-14,2호선,을지로4가,14380,14534,28914,-154,7,14,목
2022-07-14,2호선,동대문역사문화공원(DDP),13800,15829,29629,-2029,7,14,목
2022-07-14,2호선,신당,14771,15207,29978,-436,7,14,목
2022-07-14,2호선,상왕십리,15604,15009,30613,595,7,14,목
2022-07-14,2호선,왕십리(성동구청),17342,14461,31803,2881,7,14,목
2022-07-14,2호선,한양대,8438,9007,17445,-569,7,14,목
2022-07-14,2호선,뚝섬,24191,26466,50657,-2275,7,14,목
2022-07-14,2호선,성수,40760,45075,85835,-4315,7,14,목
2022-07-14,2호선,건대입구,36418,39421,75839,-3003,7,14,목
2022-07-14,2호선,구의(광진구청),25074,24409,49483,665,7,14,목
2022-07-14,2호선,강변(동서울터미널),32288,30976,63264,1312,7,14,목
2022-07-14,2호선,잠실나루,16487,15968,32455,519,7,14,목
2022-07-14,2호선,잠실(송파구청),79505,79184,158689,321,7,14,목
2022-07-14,2호선,잠실새내,23125,23281,46406,-156,7,14,목
2022-07-14,2호선,종합운동장,16324,17911,34235,-1587,7,14,목
2022-07-14,2호선,삼성(무역센터),60676,61984,122660,-1308,7,14,목
2022-07-14,2호선,선릉,63845,56912,120757,6933,7,14,목
2022-07-14,2호선,역삼,58862,67119,125981,-8257,7,14,목
2022-07-14,2호선,강남,92282,89389,181671,2893,7,14,목
2022-07-14,2호선,교대(법원.검찰청),37749,43022,80771,-5273,7,14,목
2022-07-14,2호선,서초,23234,22759,45993,475,7,14,목
2022-07-14,2호선,방배,17203,18172,35375,-969,7,14,목
2022-07-14,2호선,사당,40900,44759,85659,-3859,7,14,목
2022-07-14,2호선,낙성대(강감찬),29412,28118,57530,1294,7,14,목
2022-07-14,2호선,서울대입구(관악구청),49447,48226,97673,1221,7,14,목
2022-07-14,2호선,봉천,25522,23623,49145,1899,7,14,목
2022-07-14,2호선,신림,61720,59018,120738,2702,7,14,목
2022-07-14,2호선,신대방,26943,25985,52928,958,7,14,목
2022-07-14,2호선,구로디지털단지,64376,64122,128498,254,7,14,목
2022-07-14,2호선,대림(구로구청),25072,25461,50533,-389,7,14,목
2022-07-14,2호선,신도림,51394,51035,102429,359,7,14,목
2022-07-14,2호선,문래,23699,24312,48011,-613,7,14,목
2022-07-14,2호선,영등포구청,23547,24356,47903,-809,7,14,목
2022-07-14,2호선,당산,19482,22895,42377,-3413,7,14,목
2022-07-14,2호선,합정,33235,35876,69111,-2641,7,14,목
2022-07-14,2호선,홍대입구,62051,66401,128452,-4350,7,14,목
2022-07-14,2호선,신촌,37922,38084,76006,-162,7,14,목
2022-07-14,2호선,이대,14835,15659,30494,-824,7,14,목
2022-07-14,2호선,아현,11299,10471,21770,828,7,14,목
2022-07-14,2호선,충정로(경기대입구),10684,11289,21973,-605,7,14,목
2022-07-14,2호선,용답,2937,2786,5723,151,7,14,목
2022-07-14,2호선,신답,1862,2047,3909,-185,7,14,목
2022-07-14,2호선,신설동,3478,3405,6883,73,7,14,목
2022-07-14,2호선,도림천,1549,1651,3200,-102,7,14,목
2022-07-14,2호선,양천구청,7461,7584,15045,-123,7,14,목
2022-07-14,2호선,신정네거리,11086,11393,22479,-307,7,14,목
2022-07-14,2호선,용두(동대문구청),2629,2637,5266,-8,7,14,목
2022-07-14,3호선,지축,5674,5295,10969,379,7,14,목
2022-07-14,3호선,구파발,22366,21660,44026,706,7,14,목
2022-07-14,3호선,연신내,37730,35593,73323,2137,7,14,목
2022-07-14,3호선,불광,16780,17785,34565,-1005,7,14,목
2022-07-14,3호선,녹번,16684,14743,31427,1941,7,14,목
2022-07-14,3호선,홍제,18353,17166,35519,1187,7,14,목
2022-07-14,3호선,무악재,4302,4198,8500,104,7,14,목
2022-07-14,3호선,독립문,7254,7498,14752,-244,7,14,목
2022-07-14,3호선,경복궁(정부서울청사),22801,22893,45694,-92,7,14,목
2022-07-14,3호선,안국,24606,25464,50070,-858,7,14,목
2022-07-14,3호선,종로3가,10921,12371,23292,-1450,7,14,목
2022-07-14,3호선,을지로3가,11606,11930,23536,-324,7,14,목
2022-07-14,3호선,충무로,2,0,2,2,7,14,목
2022-07-14,3호선,동대입구,8727,9357,18084,-630,7,14,목
2022-07-14,3호선,약수,13841,13428,27269,413,7,14,목
2022-07-14,3호선,금호,8427,7695,16122,732,7,14,목
2022-07-14,3호선,옥수,9459,9652,19111,-193,7,14,목
2022-07-14,3호선,압구정,34265,36950,71215,-2685,7,14,목
2022-07-14,3호선,신사,31131,32655,63786,-1524,7,14,목
2022-07-14,3호선,잠원,5184,4980,10164,204,7,14,목
2022-07-14,3호선,고속터미널,43306,42128,85434,1178,7,14,목
2022-07-14,3호선,교대(법원.검찰청),16372,10612,26984,5760,7,14,목
2022-07-14,3호선,남부터미널(예술의전당),30573,31546,62119,-973,7,14,목
2022-07-14,3호선,양재(서초구청),40665,44460,85125,-3795,7,14,목
2022-07-14,3호선,매봉,13623,13189,26812,434,7,14,목
2022-07-14,3호선,도곡,5735,5917,11652,-182,7,14,목
2022-07-14,3호선,대치,12263,12190,24453,73,7,14,목
2022-07-14,3호선,학여울,2006,2009,4015,-3,7,14,목
2022-07-14,3호선,대청,11310,10347,21657,963,7,14,목
2022-07-14,3호선,일원,11545,11158,22703,387,7,14,목
2022-07-14,3호선,수서,17845,18361,36206,-516,7,14,목
2022-07-14,3호선,가락시장,9524,9340,18864,184,7,14,목
2022-07-14,3호선,경찰병원,7839,7795,15634,44,7,14,목
2022-07-14,3호선,오금,6719,6099,12818,620,7,14,목
2022-07-14,4호선,당고개,9303,8227,17530,1076,7,14,목
2022-07-14,4호선,상계,20102,18571,38673,1531,7,14,목
2022-07-14,4호선,노원,19051,21803,40854,-2752,7,14,목
2022-07-14,4호선,창동,26747,28294,55041,-1547,7,14,목
2022-07-14,4호선,쌍문,29941,27778,57719,2163,7,14,목
2022-07-14,4호선,수유(강북구청),34502,34509,69011,-7,7,14,목
2022-07-14,4호선,미아(서울사이버대학),15514,14739,30253,775,7,14,목
2022-07-14,4호선,미아사거리,28860,28103,56963,757,7,14,목
2022-07-14,4호선,길음,21845,21283,43128,562,7,14,목
2022-07-14,4호선,성신여대입구(돈암),20464,19571,40035,893,7,14,목
2022-07-14,4호선,한성대입구(삼선교),13710,13300,27010,410,7,14,목
2022-07-14,4호선,혜화,36619,36990,73609,-371,7,14,목
2022-07-14,4호선,동대문,21388,21833,43221,-445,7,14,목
2022-07-14,4호선,동대문역사문화공원(DDP),16497,14650,31147,1847,7,14,목
2022-07-14,4호선,충무로,27748,29153,56901,-1405,7,14,목
2022-07-14,4호선,명동,21482,22105,43587,-623,7,14,목
2022-07-14,4호선,회현(남대문시장),26090,27325,53415,-1235,7,14,목
2022-07-14,4호선,서울역,12634,19117,31751,-6483,7,14,목
2022-07-14,4호선,숙대입구(갈월),13553,13230,26783,323,7,14,목
2022-07-14,4호선,삼각지,5639,6233,11872,-594,7,14,목
2022-07-14,4호선,신용산,18529,19563,38092,-1034,7,14,목
2022-07-14,4호선,이촌(국립중앙박물관),9083,9993,19076,-910,7,14,목
2022-07-14,4호선,동작(현충원),1510,1596,3106,-86,7,14,목
2022-07-14,4호선,총신대입구(이수),19773,21325,41098,-1552,7,14,목
2022-07-14,4호선,사당,26616,22348,48964,4268,7,14,목
2022-07-14,4호선,남태령,1414,1259,2673,155,7,14,목
2022-07-14,5호선,방화,7360,7076,14436,284,7,14,목
2022-07-14,5호선,개화산,6159,5786,11945,373,7,14,목
2022-07-14,5호선,김포공항,8325,7957,16282,368,7,14,목
2022-07-14,5호선,송정,7056,6394,13450,662,7,14,목
2022-07-14,5호선,마곡,11651,11862,23513,-211,7,14,목
2022-07-14,5호선,발산,22282,23468,45750,-1186,7,14,목
2022-07-14,5호선,우장산,15790,15543,31333,247,7,14,목
2022-07-14,5호선,화곡,30365,27913,58278,2452,7,14,목
2022-07-14,5호선,까치산,30740,28976,59716,1764,7,14,목
2022-07-14,5호선,신정(은행정),14883,12072,26955,2811,7,14,목
2022-07-14,5호선,목동,18076,19244,37320,-1168,7,14,목
2022-07-14,5호선,오목교(목동운동장앞),23560,25138,48698,-1578,7,14,목
2022-07-14,5호선,양평,8059,7980,16039,79,7,14,목
2022-07-14,5호선,영등포구청,4365,4515,8880,-150,7,14,목
2022-07-14,5호선,영등포시장,11264,11576,22840,-312,7,14,목
2022-07-14,5호선,신길,4694,4801,9495,-107,7,14,목
2022-07-14,5호선,여의도,31314,34092,65406,-2778,7,14,목
2022-07-14,5호선,여의나루,12375,13561,25936,-1186,7,14,목
2022-07-14,5호선,마포,15785,16076,31861,-291,7,14,목
2022-07-14,5호선,공덕,15941,16798,32739,-857,7,14,목
2022-07-14,5호선,애오개,7418,7330,14748,88,7,14,목
2022-07-14,5호선,충정로(경기대입구),4863,4929,9792,-66,7,14,목
2022-07-14,5호선,서대문,21104,21548,42652,-444,7,14,목
2022-07-14,5호선,광화문(세종문화회관),32937,34888,67825,-1951,7,14,목
2022-07-14,5호선,종로3가,14035,13905,27940,130,7,14,목
2022-07-14,5호선,을지로4가,6833,6855,13688,-22,7,14,목
2022-07-14,5호선,동대문역사문화공원(DDP),3291,3918,7209,-627,7,14,목
2022-07-14,5호선,신금호,7177,7388,14565,-211,7,14,목
2022-07-14,5호선,행당,8746,7730,16476,1016,7,14,목
2022-07-14,5호선,왕십리(성동구청),4922,5678,10600,-756,7,14,목
2022-07-14,5호선,마장,6079,5676,11755,403,7,14,목
2022-07-14,5호선,답십리,17190,15391,32581,1799,7,14,목
2022-07-14,5호선,장한평,19935,19844,39779,91,7,14,목
2022-07-14,5호선,군자(능동),11844,12772,24616,-928,7,14,목
2022-07-14,5호선,아차산(어린이대공원후문),15465,14800,30265,665,7,14,목
2022-07-14,5호선,광나루(장신대),13941,12860,26801,1081,7,14,목
2022-07-14,5호선,천호(풍납토성),19009,18986,37995,23,7,14,목
2022-07-14,5호선,강동,19603,18813,38416,790,7,14,목
2022-07-14,5호선,길동,8539,8787,17326,-248,7,14,목
2022-07-14,5호선,굽은다리(강동구민회관앞),10410,9792,20202,618,7,14,목
2022-07-14,5호선,명일,9121,9435,18556,-314,7,14,목
2022-07-14,5호선,고덕,10617,10556,21173,61,7,14,목
2022-07-14,5호선,상일동,16155,14615,30770,1540,7,14,목
2022-07-14,5호선,둔촌동,8511,8515,17026,-4,7,14,목
2022-07-14,5호선,올림픽공원(한국체대),4637,3840,8477,797,7,14,목
2022-07-14,5호선,방이,7490,7777,15267,-287,7,14,목
2022-07-14,5호선,오금,4055,4122,8177,-67,7,14,목
2022-07-14,5호선,개롱,7026,7212,14238,-186,7,14,목
2022-07-14,5호선,거여,10936,10441,21377,495,7,14,목
2022-07-14,5호선,마천,7787,7405,15192,382,7,14,목
2022-07-14,5호선,강일,4787,4603,9390,184,7,14,목
2022-07-14,5호선,미사,17496,17623,35119,-127,7,14,목
2022-07-14,5호선,하남풍산,4622,4519,9141,103,7,14,목
2022-07-14,5호선,하남시청(덕풍·신장),7601,7531,15132,70,7,14,목
2022-07-14,5호선,하남검단산,6385,5998,12383,387,7,14,목
2022-07-14,6호선,응암,18502,18172,36674,330,7,14,목
2022-07-14,6호선,역촌,4021,4466,8487,-445,7,14,목
2022-07-14,6호선,불광,4794,4684,9478,110,7,14,목
2022-07-14,6호선,독바위,2937,3037,5974,-100,7,14,목
2022-07-14,6호선,연신내,1,0,1,1,7,14,목
2022-07-14,6호선,구산,8395,6244,14639,2151,7,14,목
2022-07-14,6호선,새절(신사),13484,12316,25800,1168,7,14,목
2022-07-14,6호선,증산(명지대앞),10464,10458,20922,6,7,14,목
2022-07-14,6호선,디지털미디어시티,15372,17206,32578,-1834,7,14,목
2022-07-14,6호선,월드컵경기장(성산),4873,5163,10036,-290,7,14,목
2022-07-14,6호선,마포구청,15517,13734,29251,1783,7,14,목
2022-07-14,6호선,망원,14772,15736,30508,-964,7,14,목
2022-07-14,6호선,합정,14009,14071,28080,-62,7,14,목
2022-07-14,6호선,광흥창(서강),10001,9695,19696,306,7,14,목
2022-07-14,6호선,대흥(서강대앞),9160,9368,18528,-208,7,14,목
2022-07-14,6호선,공덕,20296,19561,39857,735,7,14,목
2022-07-14,6호선,효창공원앞,7557,6825,14382,732,7,14,목
2022-07-14,6호선,삼각지,7562,6557,14119,1005,7,14,목
2022-07-14,6호선,녹사평(용산구청),5238,5228,10466,10,7,14,목
2022-07-14,6호선,이태원,11285,12090,23375,-805,7,14,목
2022-07-14,6호선,한강진,8477,9870,18347,-1393,7,14,목
2022-07-14,6호선,버티고개,2192,2223,4415,-31,7,14,목
2022-07-14,6호선,약수,3951,3938,7889,13,7,14,목
2022-07-14,6호선,청구,3852,4097,7949,-245,7,14,목
2022-07-14,6호선,신당,8587,9158,17745,-571,7,14,목
2022-07-14,6호선,동묘앞,8224,8519,16743,-295,7,14,목
2022-07-14,6호선,창신,3832,3165,6997,667,7,14,목
2022-07-14,6호선,보문,8107,7327,15434,780,7,14,목
2022-07-14,6호선,안암(고대병원앞),11767,11473,23240,294,7,14,목
2022-07-14,6호선,고려대(종암),8907,8701,17608,206,7,14,목
2022-07-14,6호선,월곡(동덕여대),12536,12252,24788,284,7,14,목
2022-07-14,6호선,상월곡(한국과학기술연구원),7262,6601,13863,661,7,14,목
2022-07-14,6호선,돌곶이,9924,9046,18970,878,7,14,목
2022-07-14,6호선,석계,12753,13222,25975,-469,7,14,목
2022-07-14,6호선,태릉입구,5888,6222,12110,-334,7,14,목
2022-07-14,6호선,화랑대(서울여대입구),12303,9669,21972,2634,7,14,목
2022-07-14,6호선,봉화산(서울의료원),9712,9272,18984,440,7,14,목
2022-07-14,6호선,신내,1,0,1,1,7,14,목
2022-07-14,7호선,장암,2417,955,3372,1462,7,14,목
2022-07-14,7호선,도봉산,9300,10613,19913,-1313,7,14,목
2022-07-14,7호선,수락산,13471,13074,26545,397,7,14,목
2022-07-14,7호선,마들,14260,13348,27608,912,7,14,목
2022-07-14,7호선,노원,20882,22102,42984,-1220,7,14,목
2022-07-14,7호선,중계,15969,14158,30127,1811,7,14,목
2022-07-14,7호선,하계,19204,18068,37272,1136,7,14,목
2022-07-14,7호선,공릉(서울과학기술대),12919,12686,25605,233,7,14,목
2022-07-14,7호선,태릉입구,9016,8548,17564,468,7,14,목
2022-07-14,7호선,먹골,10748,10579,21327,169,7,14,목
2022-07-14,7호선,중화,11282,11104,22386,178,7,14,목
2022-07-14,7호선,상봉(시외버스터미널),17607,16876,34483,731,7,14,목
2022-07-14,7호선,면목,15972,15366,31338,606,7,14,목
2022-07-14,7호선,사가정,16966,16907,33873,59,7,14,목
2022-07-14,7호선,용마산(용마폭포공원),6737,6543,13280,194,7,14,목
2022-07-14,7호선,중곡,11790,10976,22766,814,7,14,목
2022-07-14,7호선,군자(능동),15883,12486,28369,3397,7,14,목
2022-07-14,7호선,어린이대공원(세종대),13838,13863,27701,-25,7,14,목
2022-07-14,7호선,건대입구,13471,13960,27431,-489,7,14,목
2022-07-14,7호선,뚝섬유원지,9660,8995,18655,665,7,14,목
2022-07-14,7호선,청담,21232,24098,45330,-2866,7,14,목
2022-07-14,7호선,강남구청,18045,20419,38464,-2374,7,14,목
2022-07-14,7호선,학동,26042,27821,53863,-1779,7,14,목
2022-07-14,7호선,논현,20452,21658,42110,-1206,7,14,목
2022-07-14,7호선,고속터미널,16484,14277,30761,2207,7,14,목
2022-07-14,7호선,내방,15783,16134,31917,-351,7,14,목
2022-07-14,7호선,이수,17650,16832,34482,818,7,14,목
2022-07-14,7호선,남성,12075,10986,23061,1089,7,14,목
2022-07-14,7호선,숭실대입구(살피재),12960,12846,25806,114,7,14,목
2022-07-14,7호선,상도,11916,11437,23353,479,7,14,목
2022-07-14,7호선,장승배기,9709,9522,19231,187,7,14,목
2022-07-14,7호선,신대방삼거리,16615,15557,32172,1058,7,14,목
2022-07-14,7호선,보라매,8410,8554,16964,-144,7,14,목
2022-07-14,7호선,신풍,12355,11706,24061,649,7,14,목
2022-07-14,7호선,대림(구로구청),8196,8290,16486,-94,7,14,목
2022-07-14,7호선,남구로,16285,17369,33654,-1084,7,14,목
2022-07-14,7호선,가산디지털단지,48124,48694,96818,-570,7,14,목
2022-07-14,7호선,철산,22453,22735,45188,-282,7,14,목
2022-07-14,7호선,광명사거리,23075,22773,45848,302,7,14,목
2022-07-14,7호선,천왕,12356,11739,24095,617,7,14,목
2022-07-14,7호선,온수(성공회대입구),10831,9780,20611,1051,7,14,목
2022-07-14,8호선,암사,20139,17507,37646,2632,7,14,목
2022-07-14,8호선,천호(풍납토성),15314,17768,33082,-2454,7,14,목
2022-07-14,8호선,강동구청,11131,11588,22719,-457,7,14,목
2022-07-14,8호선,몽촌토성(평화의문),6416,6599,13015,-183,7,14,목
2022-07-14,8호선,잠실(송파구청),15490,18484,33974,-2994,7,14,목
2022-07-14,8호선,석촌,8071,9278,17349,-1207,7,14,목
2022-07-14,8호선,송파,9466,9209,18675,257,7,14,목
2022-07-14,8호선,가락시장,8156,9156,17312,-1000,7,14,목
2022-07-14,8호선,문정,23584,25005,48589,-1421,7,14,목
2022-07-14,8호선,장지,18653,17713,36366,940,7,14,목
2022-07-14,8호선,복정,9744,8178,17922,1566,7,14,목
2022-07-14,8호선,산성,5455,5633,11088,-178,7,14,목
2022-07-14,8호선,남한산성입구(성남법원.검찰청),14594,12947,27541,1647,7,14,목
2022-07-14,8호선,단대오거리,11134,10811,21945,323,7,14,목
2022-07-14,8호선,신흥,4523,4885,9408,-362,7,14,목
2022-07-14,8호선,수진,5809,5290,11099,519,7,14,목
2022-07-14,8호선,모란,5820,4595,10415,1225,7,14,목
2022-07-14,8호선,남위례,5948,6153,12101,-205,7,14,목
2022-07-14,9호선,개화,2908,1947,4855,961,7,14,목
2022-07-14,9호선,김포공항,8229,12250,20479,-4021,7,14,목
2022-07-14,9호선,공항시장,3200,3434,6634,-234,7,14,목
2022-07-14,9호선,신방화,7346,7114,14460,232,7,14,목
2022-07-14,9호선,마곡나루(서울식물원),13787,13599,27386,188,7,14,목
2022-07-14,9호선,양천향교,10279,10443,20722,-164,7,14,목
2022-07-14,9호선,가양,22739,22013,44752,726,7,14,목
2022-07-14,9호선,증미,8202,7975,16177,227,7,14,목
2022-07-14,9호선,등촌,12633,12009,24642,624,7,14,목
2022-07-14,9호선,염창,18993,18193,37186,800,7,14,목
2022-07-14,9호선,신목동,4688,4031,8719,657,7,14,목
2022-07-14,9호선,선유도,9661,9097,18758,564,7,14,목
2022-07-14,9호선,당산,20055,20376,40431,-321,7,14,목
2022-07-14,9호선,국회의사당,18157,19219,37376,-1062,7,14,목
2022-07-14,9호선,여의도,32186,31130,63316,1056,7,14,목
2022-07-14,9호선,샛강,6908,6994,13902,-86,7,14,목
2022-07-14,9호선,노량진,26945,26165,53110,780,7,14,목
2022-07-14,9호선,노들,4938,4069,9007,869,7,14,목
2022-07-14,9호선,흑석(중앙대입구),9049,9434,18483,-385,7,14,목
2022-07-14,9호선,동작(현충원),2029,1649,3678,380,7,14,목
2022-07-14,9호선,구반포,1348,1372,2720,-24,7,14,목
2022-07-14,9호선,신반포,3958,3967,7925,-9,7,14,목
2022-07-14,9호선,고속터미널,13939,18114,32053,-4175,7,14,목
2022-07-14,9호선,사평,4586,4230,8816,356,7,14,목
2022-07-14,9호선,신논현,33765,33560,67325,205,7,14,목
2022-07-14,9호선2~3단계,언주,12035,12547,24582,-512,7,14,목
2022-07-14,9호선2~3단계,선정릉,10967,12207,23174,-1240,7,14,목
2022-07-14,9호선2~3단계,삼성중앙,8121,8520,16641,-399,7,14,목
2022-07-14,9호선2~3단계,봉은사,21077,21655,42732,-578,7,14,목
2022-07-14,9호선2~3단계,종합운동장,4724,4919,9643,-195,7,14,목
2022-07-14,9호선2~3단계,삼전,7569,7212,14781,357,7,14,목
2022-07-14,9호선2~3단계,석촌고분,6733,6545,13278,188,7,14,목
2022-07-14,9호선2~3단계,석촌,9438,8231,17669,1207,7,14,목
2022-07-14,9호선2~3단계,송파나루,5700,6069,11769,-369,7,14,목
2022-07-14,9호선2~3단계,한성백제,2887,2587,5474,300,7,14,목
2022-07-14,9호선2~3단계,올림픽공원(한국체대),6331,6404,12735,-73,7,14,목
2022-07-14,9호선2~3단계,둔촌오륜,1332,1203,2535,129,7,14,목
2022-07-14,9호선2~3단계,중앙보훈병원,12089,10752,22841,1337,7,14,목
2022-07-14,경강선,판교,5431,5530,10961,-99,7,14,목
2022-07-14,경강선,이매,1264,1022,2286,242,7,14,목
2022-07-14,경강선,삼동,2620,2417,5037,203,7,14,목
2022-07-14,경강선,경기광주,8324,7615,15939,709,7,14,목
2022-07-14,경강선,초월,3494,3331,6825,163,7,14,목
2022-07-14,경강선,곤지암,2185,2186,4371,-1,7,14,목
2022-07-14,경강선,신둔도예촌,1512,1484,2996,28,7,14,목
2022-07-14,경강선,이천,2686,2718,5404,-32,7,14,목
2022-07-14,경강선,부발,2179,2063,4242,116,7,14,목
2022-07-14,경강선,세종대왕릉,337,341,678,-4,7,14,목
2022-07-14,경강선,여주,2097,2117,4214,-20,7,14,목
2022-07-14,경부선,서울역,7617,2283,9900,5334,7,14,목
2022-07-14,경부선,남영,10150,10378,20528,-228,7,14,목
2022-07-14,경부선,용산,37521,38952,76473,-1431,7,14,목
2022-07-14,경부선,노량진,7980,7784,15764,196,7,14,목
2022-07-14,경부선,대방,12050,13064,25114,-1014,7,14,목
2022-07-14,경부선,영등포,40342,41399,81741,-1057,7,14,목
2022-07-14,경부선,신도림,4299,4413,8712,-114,7,14,목
2022-07-14,경부선,신길,9783,8368,18151,1415,7,14,목
2022-07-14,경부선,구로,19424,19734,39158,-310,7,14,목
2022-07-14,경부선,가산디지털단지,19787,22824,42611,-3037,7,14,목
2022-07-14,경부선,금천구청,11910,12159,24069,-249,7,14,목
2022-07-14,경부선,석수,9828,8679,18507,1149,7,14,목
2022-07-14,경부선,관악,7615,7359,14974,256,7,14,목
2022-07-14,경부선,안양,22960,22505,45465,455,7,14,목
2022-07-14,경부선,명학,9769,9680,19449,89,7,14,목
2022-07-14,경부선,금정,28281,28388,56669,-107,7,14,목
2022-07-14,경부선,군포,7883,7650,15533,233,7,14,목
2022-07-14,경부선,의왕,9269,9253,18522,16,7,14,목
2022-07-14,경부선,성균관대,14765,14497,29262,268,7,14,목
2022-07-14,경부선,화서,8803,8226,17029,577,7,14,목
2022-07-14,경부선,수원,33889,36440,70329,-2551,7,14,목
2022-07-14,경부선,독산,19978,20634,40612,-656,7,14,목
2022-07-14,경부선,세류,3611,3260,6871,351,7,14,목
2022-07-14,경부선,병점,14570,14492,29062,78,7,14,목
2022-07-14,경부선,세마,3000,2890,5890,110,7,14,목
2022-07-14,경부선,오산대,3663,3370,7033,293,7,14,목
2022-07-14,경부선,오산,9590,9708,19298,-118,7,14,목
2022-07-14,경부선,진위,1774,1607,3381,167,7,14,목
2022-07-14,경부선,송탄,4402,4240,8642,162,7,14,목
2022-07-14,경부선,서정리,6901,6476,13377,425,7,14,목
2022-07-14,경부선,평택지제,3868,3755,7623,113,7,14,목
2022-07-14,경부선,평택,11416,11365,22781,51,7,14,목
2022-07-14,경부선,성환,3408,3394,6802,14,7,14,목
2022-07-14,경부선,직산,896,866,1762,30,7,14,목
2022-07-14,경부선,두정,5536,5553,11089,-17,7,14,목
2022-07-14,경부선,천안,5138,5410,10548,-272,7,14,목
2022-07-14,경부선,당정,6573,6241,12814,332,7,14,목
2022-07-14,경부선,서동탄,1499,1313,2812,186,7,14,목
2022-07-14,경부선,광명,3535,3028,6563,507,7,14,목
2022-07-14,경원선,이촌(국립중앙박물관),4099,3228,7327,871,7,14,목
2022-07-14,경원선,서빙고,2281,2042,4323,239,7,14,목
2022-07-14,경원선,한남,4421,4072,8493,349,7,14,목
2022-07-14,경원선,옥수,45,30,75,15,7,14,목
2022-07-14,경원선,응봉,2112,1771,3883,341,7,14,목
2022-07-14,경원선,왕십리(성동구청),15557,17118,32675,-1561,7,14,목
2022-07-14,경원선,청량리(서울시립대입구),15637,16567,32204,-930,7,14,목
2022-07-14,경원선,외대앞,8047,7978,16025,69,7,14,목
2022-07-14,경원선,신이문,8930,8212,17142,718,7,14,목
2022-07-14,경원선,석계,8462,9437,17899,-975,7,14,목
2022-07-14,경원선,광운대,8146,7735,15881,411,7,14,목
2022-07-14,경원선,월계,7360,6775,14135,585,7,14,목
2022-07-14,경원선,녹천,5185,4225,9410,960,7,14,목
2022-07-14,경원선,방학,10545,10305,20850,240,7,14,목
2022-07-14,경원선,도봉,6525,6246,12771,279,7,14,목
2022-07-14,경원선,도봉산,7608,4987,12595,2621,7,14,목
2022-07-14,경원선,망월사,8135,8309,16444,-174,7,14,목
2022-07-14,경원선,회룡,13383,13075,26458,308,7,14,목
2022-07-14,경원선,의정부,18970,19838,38808,-868,7,14,목
2022-07-14,경원선,가능,7095,6748,13843,347,7,14,목
2022-07-14,경원선,녹양,4998,4671,9669,327,7,14,목
2022-07-14,경원선,양주,8009,7573,15582,436,7,14,목
2022-07-14,경원선,덕계,3418,3093,6511,325,7,14,목
2022-07-14,경원선,덕정,5645,5387,11032,258,7,14,목
2022-07-14,경원선,지행,6817,6879,13696,-62,7,14,목
2022-07-14,경원선,동두천중앙,3327,3256,6583,71,7,14,목
2022-07-14,경원선,보산,1651,1475,3126,176,7,14,목
2022-07-14,경원선,동두천,2245,2522,4767,-277,7,14,목
2022-07-14,경원선,소요산,2736,2415,5151,321,7,14,목
2022-07-14,경의선,서울역,4815,6205,11020,-1390,7,14,목
2022-07-14,경의선,신촌,1036,1298,2334,-262,7,14,목
2022-07-14,경의선,효창공원앞,3176,3651,6827,-475,7,14,목
2022-07-14,경의선,공덕,4196,3612,7808,584,7,14,목
2022-07-14,경의선,서강대,2301,2156,4457,145,7,14,목
2022-07-14,경의선,홍대입구,1817,2176,3993,-359,7,14,목
2022-07-14,경의선,가좌,5976,5674,11650,302,7,14,목
2022-07-14,경의선,디지털미디어시티,2918,2632,5550,286,7,14,목
2022-07-14,경의선,수색,3244,3375,6619,-131,7,14,목
2022-07-14,경의선,화전,2133,1944,4077,189,7,14,목
2022-07-14,경의선,강매,3623,3000,6623,623,7,14,목
2022-07-14,경의선,행신,8850,8653,17503,197,7,14,목
2022-07-14,경의선,능곡,4160,3747,7907,413,7,14,목
2022-07-14,경의선,곡산,661,740,1401,-79,7,14,목
2022-07-14,경의선,백마,7536,7168,14704,368,7,14,목
2022-07-14,경의선,풍산,6086,5521,11607,565,7,14,목
2022-07-14,경의선,일산,10127,9809,19936,318,7,14,목
2022-07-14,경의선,탄현,8390,7963,16353,427,7,14,목
2022-07-14,경의선,야당,8476,8383,16859,93,7,14,목
2022-07-14,경의선,운정,7516,6959,14475,557,7,14,목
2022-07-14,경의선,금릉,5223,5007,10230,216,7,14,목
2022-07-14,경의선,금촌,6809,6679,13488,130,7,14,목
2022-07-14,경의선,월롱,3006,2590,5596,416,7,14,목
2022-07-14,경의선,파주,1159,782,1941,377,7,14,목
2022-07-14,경의선,문산,5860,5766,11626,94,7,14,목
2022-07-14,경의선,임진강,15,4,19,11,7,14,목
2022-07-14,경인선,개봉,22615,22054,44669,561,7,14,목
2022-07-14,경인선,오류동,12646,11591,24237,1055,7,14,목
2022-07-14,경인선,역곡,28729,28421,57150,308,7,14,목
2022-07-14,경인선,부천,33257,33102,66359,155,7,14,목
2022-07-14,경인선,송내,28963,28485,57448,478,7,14,목
2022-07-14,경인선,부평,30396,32308,62704,-1912,7,14,목
2022-07-14,경인선,백운,8039,7768,15807,271,7,14,목
2022-07-14,경인선,동암,16261,16199,32460,62,7,14,목
2022-07-14,경인선,주안,19541,17525,37066,2016,7,14,목
2022-07-14,경인선,제물포,11225,10665,21890,560,7,14,목
2022-07-14,경인선,동인천,14739,14073,28812,666,7,14,목
2022-07-14,경인선,인천,3739,2834,6573,905,7,14,목
2022-07-14,경인선,구일,6942,6749,13691,193,7,14,목
2022-07-14,경인선,소사,8767,8731,17498,36,7,14,목
2022-07-14,경인선,부개,9617,8800,18417,817,7,14,목
2022-07-14,경인선,간석,6292,5928,12220,364,7,14,목
2022-07-14,경인선,도원,3763,3762,7525,1,7,14,목
2022-07-14,경인선,온수(성공회대입구),7426,6889,14315,537,7,14,목
2022-07-14,경인선,중동,9952,9273,19225,679,7,14,목
2022-07-14,경인선,도화,4479,4109,8588,370,7,14,목
2022-07-14,경춘선,신내,2395,2302,4697,93,7,14,목
2022-07-14,경춘선,갈매,3389,2788,6177,601,7,14,목
2022-07-14,경춘선,별내,3415,3189,6604,226,7,14,목
2022-07-14,경춘선,퇴계원,3790,3443,7233,347,7,14,목
2022-07-14,경춘선,사릉,2448,2384,4832,64,7,14,목
2022-07-14,경춘선,금곡,1654,1612,3266,42,7,14,목
2022-07-14,경춘선,평내호평,6770,6504,13274,266,7,14,목
2022-07-14,경춘선,천마산,1769,1611,3380,158,7,14,목
2022-07-14,경춘선,마석,4098,3968,8066,130,7,14,목
2022-07-14,경춘선,대성리,1113,1028,2141,85,7,14,목
2022-07-14,경춘선,청평,1935,1971,3906,-36,7,14,목
2022-07-14,경춘선,상천,264,261,525,3,7,14,목
2022-07-14,경춘선,가평,2478,2471,4949,7,7,14,목
2022-07-14,경춘선,굴봉산,137,124,261,13,7,14,목
2022-07-14,경춘선,백양리,115,118,233,-3,7,14,목
2022-07-14,경춘선,강촌,445,443,888,2,7,14,목
2022-07-14,경춘선,김유정,381,395,776,-14,7,14,목
2022-07-14,경춘선,남춘천,2304,2436,4740,-132,7,14,목
2022-07-14,경춘선,춘천,1310,1172,2482,138,7,14,목
2022-07-14,공항철도 1호선,서울역,9164,8820,17984,344,7,14,목
2022-07-14,공항철도 1호선,공덕,2672,3456,6128,-784,7,14,목
2022-07-14,공항철도 1호선,홍대입구,11653,11525,23178,128,7,14,목
2022-07-14,공항철도 1호선,디지털미디어시티,16115,14939,31054,1176,7,14,목
2022-07-14,공항철도 1호선,마곡나루(서울식물원),10413,9940,20353,473,7,14,목
2022-07-14,공항철도 1호선,김포공항,12330,7121,19451,5209,7,14,목
2022-07-14,공항철도 1호선,계양,12100,10880,22980,1220,7,14,목
2022-07-14,공항철도 1호선,검암,7136,6941,14077,195,7,14,목
2022-07-14,공항철도 1호선,청라국제도시,7783,7202,14985,581,7,14,목
2022-07-14,공항철도 1호선,운서,8050,8173,16223,-123,7,14,목
2022-07-14,공항철도 1호선,공항화물청사,2488,2634,5122,-146,7,14,목
2022-07-14,공항철도 1호선,인천공항1터미널,7960,7200,15160,760,7,14,목
2022-07-14,공항철도 1호선,인천공항2터미널,3804,3194,6998,610,7,14,목
2022-07-14,공항철도 1호선,영종,3541,3624,7165,-83,7,14,목
2022-07-14,과천선,선바위,8580,7653,16233,927,7,14,목
2022-07-14,과천선,경마공원,1412,1386,2798,26,7,14,목
2022-07-14,과천선,대공원,3024,3217,6241,-193,7,14,목
2022-07-14,과천선,과천,6840,6372,13212,468,7,14,목
2022-07-14,과천선,정부과천청사,11754,11576,23330,178,7,14,목
2022-07-14,과천선,인덕원,25225,26017,51242,-792,7,14,목
2022-07-14,과천선,평촌,19314,19194,38508,120,7,14,목
2022-07-14,과천선,범계,27115,27297,54412,-182,7,14,목
2022-07-14,분당선,선릉,15138,23082,38220,-7944,7,14,목
2022-07-14,분당선,한티,16187,17122,33309,-935,7,14,목
2022-07-14,분당선,도곡,7907,7755,15662,152,7,14,목
2022-07-14,분당선,구룡,2555,2422,4977,133,7,14,목
2022-07-14,분당선,개포동,4212,4376,8588,-164,7,14,목
2022-07-14,분당선,대모산입구,5186,4716,9902,470,7,14,목
2022-07-14,분당선,수서,14741,15486,30227,-745,7,14,목
2022-07-14,분당선,복정,1,0,1,1,7,14,목
2022-07-14,분당선,수원,8426,6964,15390,1462,7,14,목
2022-07-14,분당선,서울숲,12154,12437,24591,-283,7,14,목
2022-07-14,분당선,압구정로데오,20814,23375,44189,-2561,7,14,목
2022-07-14,분당선,강남구청,10385,11804,22189,-1419,7,14,목
2022-07-14,분당선,선정릉,8490,9092,17582,-602,7,14,목
2022-07-14,분당선,가천대,7199,8005,15204,-806,7,14,목
2022-07-14,분당선,태평,14459,13698,28157,761,7,14,목
2022-07-14,분당선,모란,24823,25485,50308,-662,7,14,목
2022-07-14,분당선,야탑,28330,29350,57680,-1020,7,14,목
2022-07-14,분당선,서현,26681,27231,53912,-550,7,14,목
2022-07-14,분당선,수내,14834,15027,29861,-193,7,14,목
2022-07-14,분당선,정자,20033,21294,41327,-1261,7,14,목
2022-07-14,분당선,미금,16519,17471,33990,-952,7,14,목
2022-07-14,분당선,오리,12621,10434,23055,2187,7,14,목
2022-07-14,분당선,이매,6333,5857,12190,476,7,14,목
2022-07-14,분당선,보정,3009,2616,5625,393,7,14,목
2022-07-14,분당선,죽전,13840,15419,29259,-1579,7,14,목
2022-07-14,분당선,구성,5689,5818,11507,-129,7,14,목
2022-07-14,분당선,신갈,5084,4945,10029,139,7,14,목
2022-07-14,분당선,기흥,10840,10031,20871,809,7,14,목
2022-07-14,분당선,상갈,5687,5524,11211,163,7,14,목
2022-07-14,분당선,청명,4647,4451,9098,196,7,14,목
2022-07-14,분당선,영통,8703,8810,17513,-107,7,14,목
2022-07-14,분당선,망포,15555,14662,30217,893,7,14,목
2022-07-14,분당선,매탄권선,5738,5369,11107,369,7,14,목
2022-07-14,분당선,수원시청,13347,14421,27768,-1074,7,14,목
2022-07-14,분당선,매교,3287,3281,6568,6,7,14,목
2022-07-14,수인선,고색,4762,4469,9231,293,7,14,목
2022-07-14,수인선,오목천,3159,2893,6052,266,7,14,목
2022-07-14,수인선,어천,785,814,1599,-29,7,14,목
2022-07-14,수인선,야목,442,311,753,131,7,14,목
2022-07-14,수인선,사리,4957,4264,9221,693,7,14,목
2022-07-14,수인선,달월,124,76,200,48,7,14,목
2022-07-14,수인선,월곶,3090,2963,6053,127,7,14,목
2022-07-14,수인선,소래포구,5173,4730,9903,443,7,14,목
2022-07-14,수인선,인천논현,5825,6199,12024,-374,7,14,목
2022-07-14,수인선,호구포,4505,4687,9192,-182,7,14,목
2022-07-14,수인선,남동인더스파크,2372,2698,5070,-326,7,14,목
2022-07-14,수인선,원인재,4634,4738,9372,-104,7,14,목
2022-07-14,수인선,연수,4889,4811,9700,78,7,14,목
2022-07-14,수인선,송도,2572,2439,5011,133,7,14,목
2022-07-14,수인선,인하대,6332,5928,12260,404,7,14,목
2022-07-14,수인선,숭의,4328,3974,8302,354,7,14,목
2022-07-14,수인선,신포,1981,2001,3982,-20,7,14,목
2022-07-14,수인선,인천,1182,1833,3015,-651,7,14,목
2022-07-14,신림선,샛강,2324,2853,5177,-529,7,14,목
2022-07-14,신림선,대방,1944,1464,3408,480,7,14,목
2022-07-14,신림선,서울지방병무청,2210,2466,4676,-256,7,14,목
2022-07-14,신림선,보라매,2874,2704,5578,170,7,14,목
2022-07-14,신림선,보라매공원,1835,2054,3889,-219,7,14,목
2022-07-14,신림선,보라매병원,6553,7048,13601,-495,7,14,목
2022-07-14,신림선,당곡,3660,3636,7296,24,7,14,목
2022-07-14,신림선,신림,1594,2227,3821,-633,7,14,목
2022-07-14,신림선,서원,2875,2602,5477,273,7,14,목
2022-07-14,신림선,서울대벤처타운,6493,6489,12982,4,7,14,목
2022-07-14,신림선,관악산(서울대),2877,2876,5753,1,7,14,목
2022-07-14,안산선,산본,16579,17824,34403,-1245,7,14,목
2022-07-14,안산선,대야미,5204,4656,9860,548,7,14,목
2022-07-14,안산선,반월,4466,4388,8854,78,7,14,목
2022-07-14,안산선,상록수,15968,16255,32223,-287,7,14,목
2022-07-14,안산선,한대앞,9345,9484,18829,-139,7,14,목
2022-07-14,안산선,중앙,18376,18956,37332,-580,7,14,목
2022-07-14,안산선,고잔,9387,8779,18166,608,7,14,목
2022-07-14,안산선,초지,5033,5008,10041,25,7,14,목
2022-07-14,안산선,안산,11951,10860,22811,1091,7,14,목
2022-07-14,안산선,신길온천,1898,1645,3543,253,7,14,목
2022-07-14,안산선,정왕,8140,8630,16770,-490,7,14,목
2022-07-14,안산선,오이도,8779,8480,17259,299,7,14,목
2022-07-14,안산선,수리산,4412,3623,8035,789,7,14,목
2022-07-14,우이신설선,북한산우이,2891,2646,5537,245,7,14,목
2022-07-14,우이신설선,솔밭공원,2774,2653,5427,121,7,14,목
2022-07-14,우이신설선,4.19민주묘지,3078,2829,5907,249,7,14,목
2022-07-14,우이신설선,가오리,4521,4440,8961,81,7,14,목
2022-07-14,우이신설선,화계,3656,3341,6997,315,7,14,목
2022-07-14,우이신설선,삼양,2238,2257,4495,-19,7,14,목
2022-07-14,우이신설선,삼양사거리,2635,2649,5284,-14,7,14,목
2022-07-14,중앙선,원덕,405,375,780,30,7,14,목
2022-07-14,중앙선,용문,1916,1963,3879,-47,7,14,목
2022-07-14,중앙선,지평,67,69,136,-2,7,14,목
2022-07-15,5호선,신길,4704,4794,9498,-90,7,15,금
2022-07-15,5호선,여의도,30440,32967,63407,-2527,7,15,금
2022-07-15,5호선,여의나루,13478,14715,28193,-1237,7,15,금
2022-07-15,5호선,마포,15556,16115,31671,-559,7,15,금
2022-07-15,5호선,공덕,15554,16330,31884,-776,7,15,금
2022-07-15,5호선,애오개,7680,7456,15136,224,7,15,금
2022-07-15,5호선,충정로(경기대입구),4549,4625,9174,-76,7,15,금
2022-07-15,5호선,서대문,20569,20816,41385,-247,7,15,금
2022-07-15,5호선,광화문(세종문화회관),33609,35876,69485,-2267,7,15,금
2022-07-15,5호선,종로3가,14805,15332,30137,-527,7,15,금
2022-07-15,5호선,을지로4가,6493,6983,13476,-490,7,15,금
2022-07-15,5호선,동대문역사문화공원(DDP),3327,3844,7171,-517,7,15,금
2022-07-15,5호선,청구,4221,3965,8186,256,7,15,금
2022-07-15,5호선,신금호,7155,7232,14387,-77,7,15,금
2022-07-15,5호선,행당,8900,7747,16647,1153,7,15,금
2022-07-15,5호선,왕십리(성동구청),4997,5942,10939,-945,7,15,금
2022-07-15,5호선,마장,6163,5598,11761,565,7,15,금
2022-07-15,5호선,답십리,17660,15795,33455,1865,7,15,금
2022-07-15,5호선,장한평,20037,19891,39928,146,7,15,금
2022-07-15,5호선,군자(능동),12112,13459,25571,-1347,7,15,금
2022-07-15,5호선,아차산(어린이대공원후문),16015,15134,31149,881,7,15,금
2022-07-15,5호선,광나루(장신대),15037,13719,28756,1318,7,15,금
2022-07-15,5호선,천호(풍납토성),20561,20881,41442,-320,7,15,금
2022-07-15,5호선,강동,20149,18977,39126,1172,7,15,금
2022-07-15,5호선,길동,8764,9297,18061,-533,7,15,금
2022-07-15,5호선,굽은다리(강동구민회관앞),10611,10090,20701,521,7,15,금
2022-07-15,5호선,명일,9513,9641,19154,-128,7,15,금
2022-07-15,5호선,고덕,11026,10807,21833,219,7,15,금
2022-07-15,5호선,상일동,16336,14632,30968,1704,7,15,금
2022-07-15,5호선,둔촌동,9022,9191,18213,-169,7,15,금
2022-07-15,5호선,올림픽공원(한국체대),4985,4065,9050,920,7,15,금
2022-07-15,5호선,방이,7738,8115,15853,-377,7,15,금
2022-07-15,5호선,오금,4112,4207,8319,-95,7,15,금
2022-07-15,5호선,개롱,7139,7314,14453,-175,7,15,금
2022-07-15,5호선,거여,11163,10399,21562,764,7,15,금
2022-07-15,5호선,마천,8237,7803,16040,434,7,15,금
2022-07-15,5호선,강일,4812,4626,9438,186,7,15,금
2022-07-15,5호선,미사,17662,17907,35569,-245,7,15,금
2022-07-15,5호선,하남풍산,4708,4603,9311,105,7,15,금
2022-07-15,5호선,하남시청(덕풍·신장),7751,7450,15201,301,7,15,금
2022-07-15,5호선,하남검단산,6500,6164,12664,336,7,15,금
2022-07-15,6호선,응암,19140,18593,37733,547,7,15,금
2022-07-15,6호선,역촌,4176,4607,8783,-431,7,15,금
2022-07-15,6호선,불광,5007,4964,9971,43,7,15,금
2022-07-15,6호선,독바위,3060,3094,6154,-34,7,15,금
2022-07-15,6호선,연신내,1,0,1,1,7,15,금
2022-07-15,6호선,구산,8496,6208,14704,2288,7,15,금
2022-07-15,6호선,새절(신사),13633,12278,25911,1355,7,15,금
2022-07-15,6호선,증산(명지대앞),10732,10297,21029,435,7,15,금
2022-07-15,6호선,디지털미디어시티,15355,16612,31967,-1257,7,15,금
2022-07-15,6호선,월드컵경기장(성산),4826,5077,9903,-251,7,15,금
2022-07-15,6호선,마포구청,15848,14034,29882,1814,7,15,금
2022-07-15,6호선,망원,15322,16788,32110,-1466,7,15,금
2022-07-15,6호선,합정,15330,15345,30675,-15,7,15,금
2022-07-15,6호선,상수,10115,12522,22637,-2407,7,15,금
2022-07-15,6호선,광흥창(서강),10100,9622,19722,478,7,15,금
2022-07-15,6호선,대흥(서강대앞),9188,9272,18460,-84,7,15,금
2022-07-15,6호선,공덕,20159,19472,39631,687,7,15,금
2022-07-15,6호선,효창공원앞,7738,6692,14430,1046,7,15,금
2022-07-15,6호선,삼각지,7998,6705,14703,1293,7,15,금
2022-07-15,6호선,녹사평(용산구청),5741,6155,11896,-414,7,15,금
2022-07-15,6호선,이태원,13274,18233,31507,-4959,7,15,금
2022-07-15,6호선,한강진,10308,12337,22645,-2029,7,15,금
2022-07-15,6호선,버티고개,2370,2299,4669,71,7,15,금
2022-07-15,6호선,약수,4033,4172,8205,-139,7,15,금
2022-07-15,6호선,청구,4038,4173,8211,-135,7,15,금
2022-07-15,6호선,신당,8700,8257,16957,443,7,15,금
2022-07-15,6호선,동묘앞,8445,8422,16867,23,7,15,금
2022-07-15,6호선,창신,3917,3077,6994,840,7,15,금
2022-07-15,6호선,보문,8461,7508,15969,953,7,15,금
2022-07-15,6호선,안암(고대병원앞),11327,11113,22440,214,7,15,금
2022-07-15,6호선,고려대(종암),8896,8476,17372,420,7,15,금
2022-07-15,6호선,월곡(동덕여대),12727,12378,25105,349,7,15,금
2022-07-15,6호선,상월곡(한국과학기술연구원),6837,5983,12820,854,7,15,금
2022-07-15,6호선,돌곶이,10071,9030,19101,1041,7,15,금
2022-07-15,6호선,석계,13114,13489,26603,-375,7,15,금
2022-07-15,6호선,태릉입구,6028,6399,12427,-371,7,15,금
2022-07-15,6호선,화랑대(서울여대입구),12488,9486,21974,3002,7,15,금
2022-07-15,6호선,봉화산(서울의료원),9724,9087,18811,637,7,15,금
2022-07-15,7호선,장암,2583,1131,3714,1452,7,15,금
2022-07-15,7호선,도봉산,9468,10944,20412,-1476,7,15,금
2022-07-15,7호선,수락산,13894,13601,27495,293,7,15,금
2022-07-15,7호선,마들,14510,13274,27784,1236,7,15,금
2022-07-15,7호선,노원,22331,23980,46311,-1649,7,15,금
2022-07-15,7호선,중계,15803,14080,29883,1723,7,15,금
2022-07-15,7호선,하계,19257,17731,36988,1526,7,15,금
2022-07-15,7호선,공릉(서울과학기술대),13241,12711,25952,530,7,15,금
2022-07-15,7호선,태릉입구,9345,8789,18134,556,7,15,금
2022-07-15,7호선,먹골,11143,10789,21932,354,7,15,금
2022-07-15,7호선,중화,11668,11233,22901,435,7,15,금
2022-07-15,7호선,상봉(시외버스터미널),18322,17832,36154,490,7,15,금
2022-07-15,7호선,면목,16266,15513,31779,753,7,15,금
2022-07-15,7호선,사가정,17387,17346,34733,41,7,15,금
2022-07-15,7호선,용마산(용마폭포공원),6818,6380,13198,438,7,15,금
2022-07-15,7호선,중곡,11965,11115,23080,850,7,15,금
2022-07-15,7호선,군자(능동),16384,13055,29439,3329,7,15,금
2022-07-15,7호선,어린이대공원(세종대),14714,14231,28945,483,7,15,금
2022-07-15,7호선,건대입구,14139,14911,29050,-772,7,15,금
2022-07-15,7호선,뚝섬유원지,10526,9740,20266,786,7,15,금
2022-07-15,7호선,청담,21450,23816,45266,-2366,7,15,금
2022-07-15,7호선,강남구청,17722,20139,37861,-2417,7,15,금
2022-07-15,3호선,독립문,7739,7857,15596,-118,7,15,금
2022-07-15,7호선,학동,25371,27237,52608,-1866,7,15,금
2022-07-15,7호선,논현,20601,22308,42909,-1707,7,15,금
2022-07-15,7호선,반포,7145,7089,14234,56,7,15,금
2022-07-15,7호선,고속터미널,19086,15815,34901,3271,7,15,금
2022-07-15,7호선,내방,15920,16033,31953,-113,7,15,금
2022-07-15,7호선,이수,18370,17984,36354,386,7,15,금
2022-07-15,7호선,남성,12208,10956,23164,1252,7,15,금
2022-07-15,7호선,숭실대입구(살피재),13007,12657,25664,350,7,15,금
2022-07-15,7호선,상도,12357,11413,23770,944,7,15,금
2022-07-15,7호선,장승배기,10015,9673,19688,342,7,15,금
2022-07-15,7호선,신대방삼거리,16622,15541,32163,1081,7,15,금
2022-07-15,7호선,보라매,8565,8565,17130,0,7,15,금
2022-07-15,7호선,신풍,12835,12125,24960,710,7,15,금
2022-07-15,7호선,대림(구로구청),8446,8663,17109,-217,7,15,금
2022-07-15,7호선,남구로,16470,17593,34063,-1123,7,15,금
2022-07-15,7호선,가산디지털단지,47882,47499,95381,383,7,15,금
2022-07-15,7호선,철산,23334,23858,47192,-524,7,15,금
2022-07-15,7호선,광명사거리,23844,23639,47483,205,7,15,금
2022-07-15,7호선,천왕,12545,11672,24217,873,7,15,금
2022-07-15,7호선,온수(성공회대입구),11156,10136,21292,1020,7,15,금
2022-07-15,8호선,암사,20378,17666,38044,2712,7,15,금
2022-07-15,8호선,천호(풍납토성),16409,19300,35709,-2891,7,15,금
2022-07-15,8호선,강동구청,11431,11583,23014,-152,7,15,금
2022-07-15,8호선,몽촌토성(평화의문),6666,7060,13726,-394,7,15,금
2022-07-15,8호선,잠실(송파구청),16367,19845,36212,-3478,7,15,금
2022-07-15,8호선,석촌,8455,9928,18383,-1473,7,15,금
2022-07-15,8호선,송파,9551,9342,18893,209,7,15,금
2022-07-15,8호선,가락시장,8401,9633,18034,-1232,7,15,금
2022-07-15,8호선,문정,23453,24735,48188,-1282,7,15,금
2022-07-15,8호선,장지,19062,18153,37215,909,7,15,금
2022-07-15,8호선,복정,10222,8439,18661,1783,7,15,금
2022-07-15,8호선,산성,5856,5596,11452,260,7,15,금
2022-07-15,8호선,남한산성입구(성남법원.검찰청),14760,12824,27584,1936,7,15,금
2022-07-15,8호선,단대오거리,11272,10809,22081,463,7,15,금
2022-07-15,8호선,신흥,4715,5065,9780,-350,7,15,금
2022-07-15,8호선,수진,5875,5380,11255,495,7,15,금
2022-07-15,8호선,모란,4989,4031,9020,958,7,15,금
2022-07-15,8호선,남위례,5930,6333,12263,-403,7,15,금
2022-07-15,1호선,동대문,11660,10420,22080,1240,7,15,금
2022-07-15,9호선,개화,2852,1976,4828,876,7,15,금
2022-07-15,9호선,김포공항,9301,13875,23176,-4574,7,15,금
2022-07-15,중앙선,원덕,439,427,866,12,7,15,금
2022-07-15,중앙선,용문,3358,3636,6994,-278,7,15,금
2022-07-15,중앙선,지평,85,99,184,-14,7,15,금
2022-07-15,9호선,공항시장,3357,3556,6913,-199,7,15,금
2022-07-15,9호선,신방화,7616,7328,14944,288,7,15,금
2022-07-15,9호선,마곡나루(서울식물원),13339,13365,26704,-26,7,15,금
2022-07-15,1호선,종로5가,24476,24466,48942,10,7,15,금
2022-07-15,9호선,양천향교,10631,10474,21105,157,7,15,금
2022-07-15,9호선,가양,23293,22421,45714,872,7,15,금
2022-07-15,1호선,신설동,15277,14613,29890,664,7,15,금
2022-07-15,1호선,제기동,19129,19637,38766,-508,7,15,금
2022-07-15,1호선,청량리(서울시립대입구),21901,21931,43832,-30,7,15,금
2022-07-15,1호선,동묘앞,8642,8942,17584,-300,7,15,금
2022-07-15,2호선,시청,26014,25294,51308,720,7,15,금
2022-07-15,9호선,증미,8293,7879,16172,414,7,15,금
2022-07-15,9호선,등촌,12776,11965,24741,811,7,15,금
2022-07-15,9호선,염창,19347,18225,37572,1122,7,15,금
2022-07-15,9호선,신목동,4723,3940,8663,783,7,15,금
2022-07-15,9호선,선유도,9444,8729,18173,715,7,15,금
2022-07-15,9호선,당산,20878,20962,41840,-84,7,15,금
2022-07-15,9호선,국회의사당,18610,19123,37733,-513,7,15,금
2022-07-15,9호선,여의도,31962,30405,62367,1557,7,15,금
2022-07-15,9호선,샛강,7015,7058,14073,-43,7,15,금
2022-07-15,9호선,노량진,28614,27638,56252,976,7,15,금
2022-07-15,9호선,노들,5102,4094,9196,1008,7,15,금
2022-07-15,9호선,흑석(중앙대입구),9076,9243,18319,-167,7,15,금
2022-07-15,9호선,동작(현충원),2155,1660,3815,495,7,15,금
2022-07-15,9호선,구반포,1345,1419,2764,-74,7,15,금
2022-07-15,9호선,신반포,4225,4249,8474,-24,7,15,금
2022-07-15,9호선,고속터미널,16026,22149,38175,-6123,7,15,금
2022-07-15,9호선,사평,4853,4634,9487,219,7,15,금
2022-07-15,9호선,신논현,36299,36750,73049,-451,7,15,금
2022-07-15,9호선2~3단계,언주,12495,12434,24929,61,7,15,금
2022-07-15,1호선,종로3가,28474,26574,55048,1900,7,15,금
2022-07-15,1호선,종각,40764,40402,81166,362,7,15,금
2022-07-15,1호선,시청,24715,25463,50178,-748,7,15,금
2022-07-15,1호선,서울역,53146,52667,105813,479,7,15,금
2022-07-15,9호선2~3단계,선정릉,11200,12163,23363,-963,7,15,금
2022-07-15,9호선2~3단계,삼성중앙,8620,8759,17379,-139,7,15,금
2022-07-15,9호선2~3단계,봉은사,22038,22396,44434,-358,7,15,금
2022-07-15,2호선,을지로입구,45184,46738,91922,-1554,7,15,금
2022-07-15,2호선,을지로3가,25968,26921,52889,-953,7,15,금
2022-07-15,2호선,을지로4가,14673,14671,29344,2,7,15,금
2022-07-15,2호선,동대문역사문화공원(DDP),14449,15661,30110,-1212,7,15,금
2022-07-15,2호선,신당,15462,15585,31047,-123,7,15,금
2022-07-15,2호선,상왕십리,16039,15343,31382,696,7,15,금
2022-07-15,2호선,왕십리(성동구청),18397,15788,34185,2609,7,15,금
2022-07-15,2호선,한양대,8080,8456,16536,-376,7,15,금
2022-07-15,2호선,뚝섬,24672,26313,50985,-1641,7,15,금
2022-07-15,2호선,성수,41537,46133,87670,-4596,7,15,금
2022-07-15,2호선,건대입구,39657,44757,84414,-5100,7,15,금
2022-07-15,2호선,구의(광진구청),25768,25234,51002,534,7,15,금
2022-07-15,2호선,강변(동서울터미널),36447,35829,72276,618,7,15,금
2022-07-15,2호선,잠실나루,16166,15408,31574,758,7,15,금
2022-07-15,2호선,잠실(송파구청),85892,85901,171793,-9,7,15,금
2022-07-15,2호선,잠실새내,25888,27302,53190,-1414,7,15,금
2022-07-15,2호선,종합운동장,30329,35950,66279,-5621,7,15,금
2022-07-15,2호선,삼성(무역센터),63235,62785,126020,450,7,15,금
2022-07-15,2호선,선릉,64538,56470,121008,8068,7,15,금
2022-07-15,2호선,역삼,57203,64441,121644,-7238,7,15,금
2022-07-15,2호선,강남,96795,96558,193353,237,7,15,금
2022-07-15,2호선,교대(법원.검찰청),38523,43802,82325,-5279,7,15,금
2022-07-15,2호선,서초,24048,22540,46588,1508,7,15,금
2022-07-15,2호선,방배,17535,17840,35375,-305,7,15,금
2022-07-15,2호선,사당,43771,48238,92009,-4467,7,15,금
2022-07-15,2호선,낙성대(강감찬),30748,28544,59292,2204,7,15,금
2022-07-15,2호선,서울대입구(관악구청),52348,49888,102236,2460,7,15,금
2022-07-15,2호선,봉천,26188,23809,49997,2379,7,15,금
2022-07-15,2호선,신림,64275,60890,125165,3385,7,15,금
2022-07-15,9호선2~3단계,종합운동장,6859,6899,13758,-40,7,15,금
2022-07-15,9호선2~3단계,삼전,7879,7520,15399,359,7,15,금
2022-07-15,9호선2~3단계,석촌고분,7225,7002,14227,223,7,15,금
2022-07-15,9호선2~3단계,석촌,9861,8691,18552,1170,7,15,금
2022-07-15,9호선2~3단계,송파나루,6051,6731,12782,-680,7,15,금
2022-07-15,9호선2~3단계,한성백제,2974,2654,5628,320,7,15,금
2022-07-15,9호선2~3단계,올림픽공원(한국체대),6962,7027,13989,-65,7,15,금
2022-07-15,9호선2~3단계,둔촌오륜,1397,1236,2633,161,7,15,금
2022-07-15,9호선2~3단계,중앙보훈병원,12434,10735,23169,1699,7,15,금
2022-07-15,경강선,판교,5668,5740,11408,-72,7,15,금
2022-07-15,경강선,이매,1285,1057,2342,228,7,15,금
2022-07-15,경강선,삼동,2664,2356,5020,308,7,15,금
2022-07-15,경강선,경기광주,8736,8077,16813,659,7,15,금
2022-07-15,경강선,초월,3744,3425,7169,319,7,15,금
2022-07-15,경강선,곤지암,2508,2423,4931,85,7,15,금
2022-07-15,경강선,신둔도예촌,1702,1546,3248,156,7,15,금
2022-07-15,경강선,이천,3128,3248,6376,-120,7,15,금
2022-07-15,경강선,부발,2684,2208,4892,476,7,15,금
2022-07-15,경강선,세종대왕릉,400,405,805,-5,7,15,금
2022-07-15,경강선,여주,2646,2799,5445,-153,7,15,금
2022-07-15,경부선,서울역,10130,3013,13143,7117,7,15,금
2022-07-15,경부선,남영,10100,10700,20800,-600,7,15,금
2022-07-15,경부선,용산,44341,46080,90421,-1739,7,15,금
2022-07-15,경부선,노량진,8819,8406,17225,413,7,15,금
2022-07-15,경부선,대방,12418,13068,25486,-650,7,15,금
2022-07-15,경부선,영등포,44969,47481,92450,-2512,7,15,금
2022-07-15,경부선,신도림,4422,4438,8860,-16,7,15,금
2022-07-15,경부선,신길,9741,8319,18060,1422,7,15,금
2022-07-15,경부선,구로,20150,20806,40956,-656,7,15,금
2022-07-15,경부선,가산디지털단지,19805,22657,42462,-2852,7,15,금
2022-07-15,경부선,금천구청,12554,12598,25152,-44,7,15,금
2022-07-15,경부선,석수,10284,9090,19374,1194,7,15,금
2022-07-15,경부선,관악,8037,7614,15651,423,7,15,금
2022-07-15,경부선,안양,23758,23242,47000,516,7,15,금
2022-07-15,경부선,명학,9471,9223,18694,248,7,15,금
2022-07-15,경부선,금정,29352,29557,58909,-205,7,15,금
2022-07-15,경부선,군포,7943,7664,15607,279,7,15,금
2022-07-15,경부선,의왕,9644,9452,19096,192,7,15,금
2022-07-15,경부선,성균관대,15679,15182,30861,497,7,15,금
2022-07-15,경부선,화서,8895,8634,17529,261,7,15,금
2022-07-15,경부선,수원,38651,42640,81291,-3989,7,15,금
2022-07-15,경부선,독산,19884,20346,40230,-462,7,15,금
2022-07-15,경부선,세류,3445,3152,6597,293,7,15,금
2022-07-15,경부선,병점,16099,15349,31448,750,7,15,금
2022-07-15,경부선,세마,3140,2955,6095,185,7,15,금
2022-07-15,경부선,오산대,4005,3647,7652,358,7,15,금
2022-07-15,경부선,오산,10825,10653,21478,172,7,15,금
2022-07-15,경부선,진위,2077,1664,3741,413,7,15,금
2022-07-15,경부선,송탄,5413,4778,10191,635,7,15,금
2022-07-15,경부선,서정리,9027,7182,16209,1845,7,15,금
2022-07-15,경부선,평택지제,4820,4390,9210,430,7,15,금
2022-07-15,경부선,평택,14064,13616,27680,448,7,15,금
2022-07-15,경부선,성환,4062,3684,7746,378,7,15,금
2022-07-15,경부선,직산,1021,982,2003,39,7,15,금
2022-07-15,경부선,두정,6668,6581,13249,87,7,15,금
2022-07-15,경부선,천안,6238,6619,12857,-381,7,15,금
2022-07-15,경부선,당정,6864,6249,13113,615,7,15,금
2022-07-15,경부선,서동탄,1556,1388,2944,168,7,15,금
2022-07-15,경부선,광명,4143,3715,7858,428,7,15,금
2022-07-15,경원선,이촌(국립중앙박물관),4664,3364,8028,1300,7,15,금
2022-07-15,경원선,서빙고,2249,2069,4318,180,7,15,금
2022-07-15,경원선,한남,4444,4303,8747,141,7,15,금
2022-07-15,경원선,옥수,69,35,104,34,7,15,금
2022-07-15,경원선,응봉,2158,1756,3914,402,7,15,금
2022-07-15,경원선,왕십리(성동구청),16814,19059,35873,-2245,7,15,금
2022-07-15,경원선,청량리(서울시립대입구),18302,19749,38051,-1447,7,15,금
2022-07-15,경원선,외대앞,8224,7987,16211,237,7,15,금
2022-07-15,경원선,신이문,9047,8235,17282,812,7,15,금
2022-07-15,경원선,석계,8710,9656,18366,-946,7,15,금
2022-07-15,경원선,광운대,8014,7528,15542,486,7,15,금
2022-07-15,경원선,월계,7126,6663,13789,463,7,15,금
2022-07-15,경원선,녹천,5129,4124,9253,1005,7,15,금
2022-07-15,경원선,창동,1,0,1,1,7,15,금
2022-07-15,경원선,방학,10817,10424,21241,393,7,15,금
2022-07-15,경원선,도봉,6632,6335,12967,297,7,15,금
2022-07-15,경원선,도봉산,8207,5137,13344,3070,7,15,금
2022-07-15,경원선,망월사,8150,8152,16302,-2,7,15,금
2022-07-15,경원선,회룡,13635,13490,27125,145,7,15,금
2022-07-15,경원선,의정부,20144,21502,41646,-1358,7,15,금
2022-07-15,경원선,가능,7431,6945,14376,486,7,15,금
2022-07-15,경원선,녹양,5227,4810,10037,417,7,15,금
2022-07-15,경원선,양주,8795,8058,16853,737,7,15,금
2022-07-15,경원선,덕계,3561,3239,6800,322,7,15,금
2022-07-15,경원선,덕정,6171,5756,11927,415,7,15,금
2022-07-15,경원선,지행,7515,7432,14947,83,7,15,금
2022-07-15,경원선,동두천중앙,3586,3523,7109,63,7,15,금
2022-07-15,경원선,보산,2123,1768,3891,355,7,15,금
2022-07-15,경원선,동두천,2449,2737,5186,-288,7,15,금
2022-07-15,경원선,소요산,3179,2889,6068,290,7,15,금
2022-07-15,경의선,서울역,4891,6341,11232,-1450,7,15,금
2022-07-15,경의선,신촌,945,1287,2232,-342,7,15,금
2022-07-15,경의선,효창공원앞,3190,3693,6883,-503,7,15,금
2022-07-15,경의선,공덕,4196,3718,7914,478,7,15,금
2022-07-15,경의선,서강대,2412,2268,4680,144,7,15,금
2022-07-15,경의선,홍대입구,2096,2573,4669,-477,7,15,금
2022-07-15,경의선,가좌,6160,5811,11971,349,7,15,금
2022-07-15,경의선,디지털미디어시티,2986,2750,5736,236,7,15,금
2022-07-15,경의선,수색,3014,3123,6137,-109,7,15,금
2022-07-15,경의선,화전,2073,1903,3976,170,7,15,금
2022-07-15,경의선,강매,3528,2957,6485,571,7,15,금
2022-07-15,경의선,행신,9397,9301,18698,96,7,15,금
2022-07-15,경의선,능곡,4234,3896,8130,338,7,15,금
2022-07-15,경의선,곡산,704,725,1429,-21,7,15,금
2022-07-15,경의선,백마,7820,7365,15185,455,7,15,금
2022-07-15,경의선,풍산,6235,5729,11964,506,7,15,금
2022-07-15,경의선,일산,10222,9989,20211,233,7,15,금
2022-07-15,경의선,탄현,8569,8122,16691,447,7,15,금
2022-07-15,경의선,야당,8715,9006,17721,-291,7,15,금
2022-07-15,경의선,운정,7750,6958,14708,792,7,15,금
2022-07-15,경의선,금릉,5367,5353,10720,14,7,15,금
2022-07-15,경의선,금촌,7420,7134,14554,286,7,15,금
2022-07-15,경의선,월롱,3522,2637,6159,885,7,15,금
2022-07-15,경의선,파주,1360,809,2169,551,7,15,금
2022-07-15,경의선,문산,6031,5881,11912,150,7,15,금
2022-07-15,경의선,임진강,25,12,37,13,7,15,금
2022-07-15,경인선,개봉,22988,22300,45288,688,7,15,금
2022-07-15,경인선,오류동,12813,11559,24372,1254,7,15,금
2022-07-15,경인선,역곡,29137,28649,57786,488,7,15,금
2022-07-15,경인선,부천,34713,35341,70054,-628,7,15,금
2022-07-15,경인선,송내,29874,29344,59218,530,7,15,금
2022-07-15,경인선,부평,32172,35851,68023,-3679,7,15,금
2022-07-15,경인선,백운,7540,7270,14810,270,7,15,금
2022-07-15,경인선,동암,17003,17005,34008,-2,7,15,금
2022-07-15,경인선,주안,20844,18834,39678,2010,7,15,금
2022-07-15,경인선,제물포,12017,11176,23193,841,7,15,금
2022-07-15,경인선,동인천,15357,14402,29759,955,7,15,금
2022-07-15,경인선,인천,4081,3231,7312,850,7,15,금
2022-07-15,경인선,구일,8382,7877,16259,505,7,15,금
2022-07-15,경인선,소사,8833,8689,17522,144,7,15,금
2022-07-15,경인선,부개,9654,8840,18494,814,7,15,금
2022-07-15,경인선,간석,6657,6136,12793,521,7,15,금
2022-07-15,경인선,도원,4048,4063,8111,-15,7,15,금
2022-07-15,경인선,온수(성공회대입구),7495,6748,14243,747,7,15,금
2022-07-15,경인선,중동,10189,9476,19665,713,7,15,금
2022-07-15,경인선,도화,4683,4240,8923,443,7,15,금
2022-07-15,경춘선,신내,2488,2300,4788,188,7,15,금
2022-07-15,경춘선,갈매,3274,2810,6084,464,7,15,금
2022-07-15,경춘선,별내,3545,3289,6834,256,7,15,금
2022-07-15,경춘선,퇴계원,3774,3376,7150,398,7,15,금
2022-07-15,경춘선,사릉,2523,2539,5062,-16,7,15,금
2022-07-15,경춘선,금곡,1647,1631,3278,16,7,15,금
2022-07-15,경춘선,평내호평,6834,6694,13528,140,7,15,금
2022-07-15,경춘선,천마산,1781,1615,3396,166,7,15,금
2022-07-15,경춘선,마석,4269,4192,8461,77,7,15,금
2022-07-15,경춘선,대성리,1111,1511,2622,-400,7,15,금
2022-07-15,경춘선,청평,2223,2353,4576,-130,7,15,금
2022-07-15,경춘선,상천,320,314,634,6,7,15,금
2022-07-15,경춘선,가평,2709,2747,5456,-38,7,15,금
2022-07-15,경춘선,굴봉산,145,143,288,2,7,15,금
2022-07-15,경춘선,백양리,151,127,278,24,7,15,금
2022-07-15,경춘선,강촌,550,542,1092,8,7,15,금
2022-07-15,경춘선,김유정,365,380,745,-15,7,15,금
2022-07-15,경춘선,남춘천,2867,2977,5844,-110,7,15,금
2022-07-15,경춘선,춘천,1570,1415,2985,155,7,15,금
2022-07-15,공항철도 1호선,서울역,10719,10319,21038,400,7,15,금
2022-07-15,공항철도 1호선,공덕,2683,3597,6280,-914,7,15,금
2022-07-15,공항철도 1호선,홍대입구,12335,13111,25446,-776,7,15,금
2022-07-15,공항철도 1호선,디지털미디어시티,15314,14034,29348,1280,7,15,금
2022-07-15,공항철도 1호선,마곡나루(서울식물원),10115,9187,19302,928,7,15,금
2022-07-15,공항철도 1호선,김포공항,14759,7725,22484,7034,7,15,금
2022-07-15,공항철도 1호선,계양,11977,10892,22869,1085,7,15,금
2022-07-15,공항철도 1호선,검암,7390,7204,14594,186,7,15,금
2022-07-15,공항철도 1호선,청라국제도시,8092,7795,15887,297,7,15,금
2022-07-15,공항철도 1호선,운서,8493,8477,16970,16,7,15,금
2022-07-15,공항철도 1호선,공항화물청사,2500,2617,5117,-117,7,15,금
2022-07-15,공항철도 1호선,인천공항1터미널,7706,7337,15043,369,7,15,금
2022-07-15,공항철도 1호선,인천공항2터미널,3846,3275,7121,571,7,15,금
2022-07-15,공항철도 1호선,영종,3785,3961,7746,-176,7,15,금
2022-07-15,과천선,선바위,9184,7987,17171,1197,7,15,금
2022-07-15,과천선,경마공원,8557,8816,17373,-259,7,15,금
2022-07-15,과천선,대공원,3577,3720,7297,-143,7,15,금
2022-07-15,과천선,과천,7191,6535,13726,656,7,15,금
2022-07-15,과천선,정부과천청사,12123,11786,23909,337,7,15,금
2022-07-15,과천선,인덕원,26919,27287,54206,-368,7,15,금
2022-07-15,3호선,경복궁(정부서울청사),23464,23376,46840,88,7,15,금
2022-07-15,과천선,평촌,19415,19220,38635,195,7,15,금
2022-07-15,과천선,범계,29057,29564,58621,-507,7,15,금
2022-07-15,분당선,선릉,15207,22887,38094,-7680,7,15,금
2022-07-15,분당선,한티,17737,18585,36322,-848,7,15,금
2022-07-15,분당선,도곡,8272,8094,16366,178,7,15,금
2022-07-15,분당선,구룡,2561,2325,4886,236,7,15,금
2022-07-15,분당선,개포동,4432,4541,8973,-109,7,15,금
2022-07-15,분당선,대모산입구,5188,4719,9907,469,7,15,금
2022-07-15,분당선,수서,15823,16490,32313,-667,7,15,금
2022-07-15,분당선,복정,1,0,1,1,7,15,금
2022-07-15,분당선,수원,9184,7884,17068,1300,7,15,금
2022-07-15,분당선,서울숲,13302,13614,26916,-312,7,15,금
2022-07-15,분당선,압구정로데오,22506,26686,49192,-4180,7,15,금
2022-07-15,분당선,강남구청,10790,12429,23219,-1639,7,15,금
2022-07-15,분당선,선정릉,8625,8821,17446,-196,7,15,금
2022-07-15,분당선,가천대,7507,7918,15425,-411,7,15,금
2022-07-15,3호선,안국,25500,26448,51948,-948,7,15,금
2022-07-15,3호선,종로3가,11048,13444,24492,-2396,7,15,금
2022-07-15,3호선,을지로3가,11807,12441,24248,-634,7,15,금
2022-07-15,3호선,충무로,1,0,1,1,7,15,금
2022-07-15,3호선,동대입구,8296,8899,17195,-603,7,15,금
2022-07-15,3호선,약수,14300,13705,28005,595,7,15,금
2022-07-15,3호선,금호,8707,7767,16474,940,7,15,금
2022-07-15,3호선,옥수,9857,10057,19914,-200,7,15,금
2022-07-15,분당선,태평,14612,13732,28344,880,7,15,금
2022-07-15,분당선,모란,21735,22089,43824,-354,7,15,금
2022-07-15,분당선,야탑,29135,30429,59564,-1294,7,15,금
2022-07-15,분당선,서현,29226,29700,58926,-474,7,15,금
2022-07-15,분당선,수내,15590,15481,31071,109,7,15,금
2022-07-15,분당선,정자,20098,21353,41451,-1255,7,15,금
2022-07-15,분당선,미금,17147,18059,35206,-912,7,15,금
2022-07-15,분당선,오리,13102,10772,23874,2330,7,15,금
2022-07-15,분당선,이매,6619,6036,12655,583,7,15,금
2022-07-15,분당선,보정,3071,2619,5690,452,7,15,금
2022-07-15,분당선,죽전,14468,15981,30449,-1513,7,15,금
2022-07-15,분당선,구성,5658,5797,11455,-139,7,15,금
2022-07-15,분당선,신갈,5217,4992,10209,225,7,15,금
2022-07-15,분당선,기흥,11227,10423,21650,804,7,15,금
2022-07-15,분당선,상갈,6027,5788,11815,239,7,15,금
2022-07-15,분당선,청명,5189,4763,9952,426,7,15,금
2022-07-15,분당선,영통,9597,9818,19415,-221,7,15,금
2022-07-15,분당선,망포,16823,15211,32034,1612,7,15,금
2022-07-15,분당선,매탄권선,5964,5574,11538,390,7,15,금
2022-07-15,분당선,수원시청,14356,16823,31179,-2467,7,15,금
2022-07-15,분당선,매교,3483,3468,6951,15,7,15,금
2022-07-15,수인선,고색,5004,4681,9685,323,7,15,금
2022-07-15,수인선,오목천,3631,3007,6638,624,7,15,금
2022-07-15,수인선,어천,1028,930,1958,98,7,15,금
2022-07-15,수인선,야목,468,340,808,128,7,15,금
2022-07-15,수인선,사리,5404,4480,9884,924,7,15,금
2022-07-15,수인선,달월,117,78,195,39,7,15,금
2022-07-15,수인선,월곶,3147,2994,6141,153,7,15,금
2022-07-15,수인선,소래포구,5245,4885,10130,360,7,15,금
2022-07-15,수인선,인천논현,6290,6657,12947,-367,7,15,금
2022-07-15,수인선,호구포,4569,4593,9162,-24,7,15,금
2022-07-15,수인선,남동인더스파크,2431,2666,5097,-235,7,15,금
2022-07-15,수인선,원인재,4821,4949,9770,-128,7,15,금
2022-07-15,수인선,연수,5308,5260,10568,48,7,15,금
2022-07-15,수인선,송도,2638,2461,5099,177,7,15,금
2022-07-15,수인선,인하대,6505,5904,12409,601,7,15,금
2022-07-15,수인선,숭의,4497,4059,8556,438,7,15,금
2022-07-15,수인선,신포,1959,2082,4041,-123,7,15,금
2022-07-15,수인선,인천,1135,1872,3007,-737,7,15,금
2022-07-15,신림선,샛강,2141,2778,4919,-637,7,15,금
2022-07-15,신림선,대방,2056,1574,3630,482,7,15,금
2022-07-15,신림선,서울지방병무청,2389,2582,4971,-193,7,15,금
2022-07-15,3호선,무악재,4245,4120,8365,125,7,15,금
2022-07-15,신림선,보라매,3088,2807,5895,281,7,15,금
2022-07-15,신림선,보라매공원,2001,2084,4085,-83,7,15,금
2022-07-15,신림선,보라매병원,6141,6097,12238,44,7,15,금
2022-07-15,신림선,당곡,3753,3660,7413,93,7,15,금
2022-07-15,신림선,신림,1760,2240,4000,-480,7,15,금
2022-07-15,신림선,서원,2898,2444,5342,454,7,15,금
2022-07-15,신림선,서울대벤처타운,6748,6601,13349,147,7,15,금
2022-07-15,신림선,관악산(서울대),3040,2989,6029,51,7,15,금
2022-07-15,안산선,산본,17480,18824,36304,-1344,7,15,금
2022-07-15,안산선,대야미,5628,4746,10374,882,7,15,금
2022-07-15,안산선,반월,4791,4589,9380,202,7,15,금
2022-07-15,안산선,상록수,17153,17053,34206,100,7,15,금
2022-07-15,안산선,한대앞,10090,10008,20098,82,7,15,금
2022-07-15,안산선,중앙,19687,21344,41031,-1657,7,15,금
2022-07-15,안산선,고잔,9695,9173,18868,522,7,15,금
2022-07-15,안산선,초지,5200,5216,10416,-16,7,15,금
2022-07-15,안산선,안산,12827,11815,24642,1012,7,15,금
2022-07-15,안산선,신길온천,2035,1785,3820,250,7,15,금
2022-07-15,안산선,정왕,9045,9321,18366,-276,7,15,금
2022-07-15,안산선,오이도,9452,9366,18818,86,7,15,금
2022-07-15,안산선,수리산,4489,3581,8070,908,7,15,금
2022-07-15,우이신설선,북한산우이,3573,3337,6910,236,7,15,금
2022-07-15,우이신설선,솔밭공원,2841,2609,5450,232,7,15,금
2022-07-15,우이신설선,4.19민주묘지,3170,2859,6029,311,7,15,금
2022-07-15,우이신설선,가오리,4638,4443,9081,195,7,15,금
2022-07-15,우이신설선,화계,3798,3521,7319,277,7,15,금
2022-07-15,우이신설선,삼양,2218,2312,4530,-94,7,15,금
2022-07-15,우이신설선,삼양사거리,2715,2653,5368,62,7,15,금
2022-07-15,우이신설선,솔샘,6295,5718,12013,577,7,15,금
2022-07-15,우이신설선,북한산보국문,6400,5886,12286,514,7,15,금
2022-07-15,우이신설선,정릉,5085,4434,9519,651,7,15,금
2022-07-15,우이신설선,성신여대입구(돈암),3677,4192,7869,-515,7,15,금
2022-07-15,우이신설선,보문,1711,1678,3389,33,7,15,금
2022-07-15,우이신설선,신설동,2384,2308,4692,76,7,15,금
2022-07-15,일산선,원흥,12306,11216,23522,1090,7,15,금
2022-07-15,일산선,삼송,21367,20214,41581,1153,7,15,금
2022-07-15,일산선,원당,12194,11129,23323,1065,7,15,금
2022-07-15,일산선,화정,18438,18609,37047,-171,7,15,금
2022-07-15,일산선,대곡,2410,1874,4284,536,7,15,금
2022-07-15,일산선,백석,10623,10629,21252,-6,7,15,금
2022-07-15,일산선,마두,8337,8654,16991,-317,7,15,금
2022-07-15,일산선,정발산,8237,9083,17320,-846,7,15,금
2022-07-15,일산선,주엽,10146,10003,20149,143,7,15,금
2022-07-15,일산선,대화,13933,10864,24797,3069,7,15,금
2022-07-15,장항선,봉명,1411,1371,2782,40,7,15,금
2022-07-15,장항선,쌍용(나사렛대),2174,2004,4178,170,7,15,금
2022-07-15,장항선,아산,3766,3870,7636,-104,7,15,금
2022-07-15,장항선,탕정,1017,879,1896,138,7,15,금
2022-07-15,장항선,배방,1319,1197,2516,122,7,15,금
2022-07-15,장항선,온양온천,4141,4158,8299,-17,7,15,금
2022-07-15,장항선,신창(순천향대),1525,1305,2830,220,7,15,금
2022-07-15,중앙선,회기,26776,24925,51701,1851,7,15,금
2022-07-15,중앙선,중랑,6334,5856,12190,478,7,15,금
2022-07-15,중앙선,상봉(시외버스터미널),6345,6428,12773,-83,7,15,금
2022-07-15,중앙선,망우,8650,8415,17065,235,7,15,금
2022-07-15,중앙선,양원,3448,3299,6747,149,7,15,금
2022-07-15,중앙선,구리,14513,14849,29362,-336,7,15,금
2022-07-15,중앙선,도농,12133,11019,23152,1114,7,15,금
2022-07-15,중앙선,양정,759,686,1445,73,7,15,금
2022-07-15,중앙선,덕소,6042,6005,12047,37,7,15,금
2022-07-15,중앙선,도심,2763,2150,4913,613,7,15,금
2022-07-15,중앙선,팔당,968,1033,2001,-65,7,15,금
2022-07-15,중앙선,운길산,805,778,1583,27,7,15,금
2022-07-15,중앙선,양수,2600,2628,5228,-28,7,15,금
2022-07-15,중앙선,신원,223,191,414,32,7,15,금
2022-07-15,중앙선,국수,818,826,1644,-8,7,15,금
2022-07-15,중앙선,아신,594,634,1228,-40,7,15,금
2022-07-15,중앙선,오빈,358,375,733,-17,7,15,금
2022-07-15,중앙선,양평,3217,3287,6504,-70,7,15,금
2022-07-15,3호선,압구정,36459,39469,75928,-3010,7,15,금
2022-07-15,3호선,신사,32881,35894,68775,-3013,7,15,금
2022-07-15,3호선,잠원,5504,5273,10777,231,7,15,금
2022-07-15,3호선,고속터미널,52140,53027,105167,-887,7,15,금
2022-07-15,3호선,교대(법원.검찰청),16287,10602,26889,5685,7,15,금
2022-07-15,3호선,남부터미널(예술의전당),33579,34028,67607,-449,7,15,금
2022-07-15,3호선,양재(서초구청),42453,44728,87181,-2275,7,15,금
2022-07-15,3호선,매봉,14145,13487,27632,658,7,15,금
2022-07-15,3호선,도곡,5933,5929,11862,4,7,15,금
2022-07-15,3호선,대치,12662,12742,25404,-80,7,15,금
2022-07-15,3호선,학여울,3263,3281,6544,-18,7,15,금
2022-07-15,3호선,대청,11246,10311,21557,935,7,15,금
2022-07-15,3호선,일원,11723,11042,22765,681,7,15,금
2022-07-15,3호선,수서,19632,19539,39171,93,7,15,금
2022-07-15,3호선,가락시장,10078,9779,19857,299,7,15,금
2022-07-15,3호선,경찰병원,8003,8158,16161,-155,7,15,금
2022-07-15,3호선,오금,6858,5996,12854,862,7,15,금
2022-07-15,4호선,당고개,9681,8617,18298,1064,7,15,금
2022-07-15,4호선,상계,20627,18864,39491,1763,7,15,금
2022-07-15,4호선,노원,20101,23595,43696,-3494,7,15,금
2022-07-15,4호선,창동,27811,29297,57108,-1486,7,15,금
2022-07-15,4호선,쌍문,30577,28229,58806,2348,7,15,금
2022-07-15,4호선,수유(강북구청),35976,36372,72348,-396,7,15,금
2022-07-15,4호선,미아(서울사이버대학),16064,15074,31138,990,7,15,금
2022-07-15,4호선,미아사거리,29812,29104,58916,708,7,15,금
2022-07-15,4호선,길음,22222,21148,43370,1074,7,15,금
2022-07-15,4호선,성신여대입구(돈암),21478,20750,42228,728,7,15,금
2022-07-15,4호선,한성대입구(삼선교),14366,13728,28094,638,7,15,금
2022-07-15,4호선,혜화,37424,37898,75322,-474,7,15,금
2022-07-15,4호선,동대문,21188,21244,42432,-56,7,15,금
2022-07-15,4호선,동대문역사문화공원(DDP),16587,14458,31045,2129,7,15,금
2022-07-15,4호선,충무로,27365,29291,56656,-1926,7,15,금
2022-07-15,4호선,명동,22437,23836,46273,-1399,7,15,금
2022-07-15,4호선,회현(남대문시장),26139,27400,53539,-1261,7,15,금
2022-07-15,4호선,서울역,12754,21288,34042,-8534,7,15,금
2022-07-15,4호선,숙대입구(갈월),14263,13949,28212,314,7,15,금
2022-07-15,4호선,삼각지,5944,6759,12703,-815,7,15,금
2022-07-15,4호선,신용산,19946,20921,40867,-975,7,15,금
2022-07-15,4호선,이촌(국립중앙박물관),9649,10625,20274,-976,7,15,금
2022-07-15,4호선,동작(현충원),1606,1729,3335,-123,7,15,금
2022-07-15,4호선,총신대입구(이수),20867,22637,43504,-1770,7,15,금
2022-07-15,4호선,사당,28496,24453,52949,4043,7,15,금
2022-07-15,4호선,남태령,1477,1161,2638,316,7,15,금
2022-07-15,5호선,방화,7487,6983,14470,504,7,15,금
2022-07-15,2호선,신대방,27672,26372,54044,1300,7,15,금
2022-07-15,2호선,구로디지털단지,64397,64229,128626,168,7,15,금
2022-07-15,2호선,대림(구로구청),25438,26029,51467,-591,7,15,금
2022-07-15,2호선,신도림,52547,52611,105158,-64,7,15,금
2022-07-15,2호선,문래,25149,26119,51268,-970,7,15,금
2022-07-15,2호선,영등포구청,23834,24589,48423,-755,7,15,금
2022-07-15,2호선,당산,19878,23256,43134,-3378,7,15,금
2022-07-15,2호선,합정,35126,39262,74388,-4136,7,15,금
2022-07-15,2호선,홍대입구,67085,75557,142642,-8472,7,15,금
2022-07-15,2호선,신촌,39616,40553,80169,-937,7,15,금
2022-07-15,2호선,이대,15027,15342,30369,-315,7,15,금
2022-07-15,2호선,아현,11675,10929,22604,746,7,15,금
2022-07-15,2호선,충정로(경기대입구),10676,11277,21953,-601,7,15,금
2022-07-15,2호선,신답,1935,2083,4018,-148,7,15,금
2022-07-15,2호선,신설동,3975,3930,7905,45,7,15,금
2022-07-15,5호선,개화산,6160,5726,11886,434,7,15,금
2022-07-15,5호선,김포공항,9293,8789,18082,504,7,15,금
2022-07-15,5호선,송정,7226,6659,13885,567,7,15,금
2022-07-15,5호선,마곡,11400,11676,23076,-276,7,15,금
2022-07-15,5호선,발산,22051,23415,45466,-1364,7,15,금
2022-07-15,5호선,우장산,15971,15529,31500,442,7,15,금
2022-07-15,5호선,화곡,31070,28376,59446,2694,7,15,금
2022-07-15,5호선,까치산,31525,29399,60924,2126,7,15,금
2022-07-15,5호선,신정(은행정),15253,12009,27262,3244,7,15,금
2022-07-15,5호선,목동,18625,19372,37997,-747,7,15,금
2022-07-15,5호선,오목교(목동운동장앞),24208,26096,50304,-1888,7,15,금
2022-07-15,2호선,용답,3097,2846,5943,251,7,15,금
2022-07-15,5호선,양평,8120,7837,15957,283,7,15,금
2022-07-15,2호선,도림천,1517,1604,3121,-87,7,15,금
2022-07-15,2호선,양천구청,7521,7725,15246,-204,7,15,금
2022-07-15,2호선,신정네거리,11348,11615,22963,-267,7,15,금
2022-07-15,2호선,용두(동대문구청),2782,2744,5526,38,7,15,금
2022-07-15,3호선,지축,5794,5296,11090,498,7,15,금
2022-07-15,3호선,구파발,23067,22244,45311,823,7,15,금
2022-07-15,3호선,연신내,39925,37491,77416,2434,7,15,금
2022-07-15,3호선,불광,17633,18446,36079,-813,7,15,금
2022-07-15,3호선,녹번,16620,14583,31203,2037,7,15,금
2022-07-15,3호선,홍제,18883,17426,36309,1457,7,15,금
2022-07-15,5호선,영등포구청,4328,4348,8676,-20,7,15,금
2022-07-15,5호선,영등포시장,11611,11743,23354,-132,7,15,금
2022-07-16,4호선,신용산,12450,13527,25977,-1077,7,16,토
2022-07-16,수인선,호구포,2951,2793,5744,158,7,16,토
2022-07-16,우이신설선,가오리,3062,2989,6051,73,7,16,토
2022-07-16,우이신설선,4.19민주묘지,2460,2085,4545,375,7,16,토
2022-07-16,우이신설선,솔밭공원,1838,1740,3578,98,7,16,토
2022-07-16,우이신설선,북한산우이,3508,3984,7492,-476,7,16,토
2022-07-16,안산선,수리산,3177,2619,5796,558,7,16,토
2022-07-16,안산선,오이도,7896,8073,15969,-177,7,16,토
2022-07-16,안산선,정왕,7130,7231,14361,-101,7,16,토
2022-07-16,안산선,신길온천,1585,1553,3138,32,7,16,토
2022-07-16,안산선,안산,10130,10563,20693,-433,7,16,토
2022-07-16,수인선,남동인더스파크,1050,963,2013,87,7,16,토
2022-07-16,수인선,원인재,3712,3863,7575,-151,7,16,토
2022-07-16,수인선,연수,4409,4508,8917,-99,7,16,토
2022-07-16,수인선,송도,2048,1978,4026,70,7,16,토
2022-07-16,수인선,인하대,4355,4081,8436,274,7,16,토
2022-07-16,수인선,숭의,2875,2560,5435,315,7,16,토
2022-07-16,수인선,신포,1461,1563,3024,-102,7,16,토
2022-07-16,수인선,인천,1154,1899,3053,-745,7,16,토
2022-07-16,신림선,샛강,1054,1406,2460,-352,7,16,토
2022-07-16,신림선,대방,1821,1197,3018,624,7,16,토
2022-07-16,신림선,서울지방병무청,1563,1663,3226,-100,7,16,토
2022-07-16,신림선,보라매,2164,1944,4108,220,7,16,토
2022-07-16,신림선,보라매공원,1295,1291,2586,4,7,16,토
2022-07-16,신림선,보라매병원,2787,2874,5661,-87,7,16,토
2022-07-16,신림선,당곡,2926,2678,5604,248,7,16,토
2022-07-16,신림선,신림,1358,1941,3299,-583,7,16,토
2022-07-16,신림선,서원,2257,1920,4177,337,7,16,토
2022-07-16,신림선,서울대벤처타운,5928,5337,11265,591,7,16,토
2022-07-16,신림선,관악산(서울대),4448,4424,8872,24,7,16,토
2022-07-16,안산선,산본,13337,14182,27519,-845,7,16,토
2022-07-16,안산선,대야미,4202,3649,7851,553,7,16,토
2022-07-16,안산선,반월,3582,3378,6960,204,7,16,토
2022-07-16,안산선,상록수,12867,12778,25645,89,7,16,토
2022-07-16,안산선,한대앞,7585,7395,14980,190,7,16,토
2022-07-16,안산선,중앙,16662,17571,34233,-909,7,16,토
2022-07-16,안산선,고잔,6578,6412,12990,166,7,16,토
2022-07-16,안산선,초지,3778,3664,7442,114,7,16,토
2022-07-16,중앙선,국수,615,639,1254,-24,7,16,토
2022-07-16,중앙선,신원,188,159,347,29,7,16,토
2022-07-16,중앙선,양수,3093,3146,6239,-53,7,16,토
2022-07-16,중앙선,운길산,1058,1057,2115,1,7,16,토
2022-07-16,중앙선,팔당,1317,1370,2687,-53,7,16,토
2022-07-16,중앙선,도심,1638,1370,3008,268,7,16,토
2022-07-16,중앙선,덕소,4574,4519,9093,55,7,16,토
2022-07-16,중앙선,양정,555,459,1014,96,7,16,토
2022-07-16,중앙선,도농,7419,7011,14430,408,7,16,토
2022-07-16,중앙선,구리,10281,10531,20812,-250,7,16,토
2022-07-16,중앙선,양원,1901,1863,3764,38,7,16,토
2022-07-16,중앙선,망우,6713,6605,13318,108,7,16,토
2022-07-16,중앙선,상봉(시외버스터미널),4926,4725,9651,201,7,16,토
2022-07-16,중앙선,중랑,4728,4390,9118,338,7,16,토
2022-07-16,중앙선,회기,20455,19234,39689,1221,7,16,토
2022-07-16,장항선,신창(순천향대),1040,1000,2040,40,7,16,토
2022-07-16,장항선,온양온천,3778,3844,7622,-66,7,16,토
2022-07-16,장항선,배방,1148,1076,2224,72,7,16,토
2022-07-16,장항선,탕정,799,734,1533,65,7,16,토
2022-07-16,장항선,아산,3270,3257,6527,13,7,16,토
2022-07-16,장항선,쌍용(나사렛대),1743,1537,3280,206,7,16,토
2022-07-16,장항선,봉명,845,745,1590,100,7,16,토
2022-07-16,중앙선,지평,68,65,133,3,7,16,토
2022-07-16,중앙선,용문,2184,2705,4889,-521,7,16,토
2022-07-16,중앙선,원덕,395,426,821,-31,7,16,토
2022-07-16,중앙선,양평,2795,3130,5925,-335,7,16,토
2022-07-16,중앙선,오빈,304,317,621,-13,7,16,토
2022-07-16,중앙선,아신,600,620,1220,-20,7,16,토
2022-07-16,경부선,신도림,3009,3280,6289,-271,7,16,토
2022-07-16,경부선,영등포,42879,45616,88495,-2737,7,16,토
2022-07-16,경부선,대방,7255,7753,15008,-498,7,16,토
2022-07-16,경부선,노량진,7946,6995,14941,951,7,16,토
2022-07-16,경부선,용산,40801,44405,85206,-3604,7,16,토
2022-07-16,경부선,남영,7106,6978,14084,128,7,16,토
2022-07-16,경부선,서울역,9220,2336,11556,6884,7,16,토
2022-07-16,경강선,여주,2552,2826,5378,-274,7,16,토
2022-07-16,경강선,세종대왕릉,371,394,765,-23,7,16,토
2022-07-16,경강선,부발,2131,1918,4049,213,7,16,토
2022-07-16,경강선,이천,2830,2992,5822,-162,7,16,토
2022-07-16,경강선,신둔도예촌,1274,1240,2514,34,7,16,토
2022-07-16,경강선,곤지암,1994,2017,4011,-23,7,16,토
2022-07-16,경강선,초월,2461,2222,4683,239,7,16,토
2022-07-16,경강선,경기광주,5798,5385,11183,413,7,16,토
2022-07-16,경강선,삼동,1546,1509,3055,37,7,16,토
2022-07-16,경강선,이매,928,648,1576,280,7,16,토
2022-07-16,경강선,판교,3363,3253,6616,110,7,16,토
2022-07-16,9호선2~3단계,중앙보훈병원,5257,4776,10033,481,7,16,토
2022-07-16,9호선2~3단계,둔촌오륜,636,643,1279,-7,7,16,토
2022-07-16,9호선2~3단계,올림픽공원(한국체대),5668,5895,11563,-227,7,16,토
2022-07-16,9호선2~3단계,한성백제,2012,1785,3797,227,7,16,토
2022-07-16,9호선2~3단계,송파나루,4380,4825,9205,-445,7,16,토
2022-07-16,9호선2~3단계,석촌,7187,6052,13239,1135,7,16,토
2022-07-16,9호선2~3단계,석촌고분,4856,4725,9581,131,7,16,토
2022-07-16,9호선2~3단계,삼전,5509,5239,10748,270,7,16,토
2022-07-16,9호선2~3단계,종합운동장,5428,5278,10706,150,7,16,토
2022-07-16,9호선2~3단계,봉은사,14913,16005,30918,-1092,7,16,토
2022-07-16,9호선2~3단계,삼성중앙,3474,3616,7090,-142,7,16,토
2022-07-16,9호선2~3단계,선정릉,4699,5382,10081,-683,7,16,토
2022-07-16,9호선2~3단계,언주,6585,6500,13085,85,7,16,토
2022-07-16,9호선,신논현,26402,26785,53187,-383,7,16,토
2022-07-16,9호선,사평,2687,2558,5245,129,7,16,토
2022-07-16,9호선,고속터미널,15143,21994,37137,-6851,7,16,토
2022-07-16,9호선,신반포,3056,3013,6069,43,7,16,토
2022-07-16,9호선,구반포,635,687,1322,-52,7,16,토
2022-07-16,9호선,동작(현충원),1661,1448,3109,213,7,16,토
2022-07-16,9호선,흑석(중앙대입구),6305,6211,12516,94,7,16,토
2022-07-16,9호선,노들,3540,2802,6342,738,7,16,토
2022-07-16,9호선,노량진,21945,21431,43376,514,7,16,토
2022-07-16,9호선,샛강,2879,2806,5685,73,7,16,토
2022-07-16,9호선,여의도,13667,13078,26745,589,7,16,토
2022-07-16,9호선,국회의사당,4479,4639,9118,-160,7,16,토
2022-07-16,9호선,당산,14124,13012,27136,1112,7,16,토
2022-07-16,9호선,선유도,4078,3669,7747,409,7,16,토
2022-07-16,9호선,신목동,2643,2174,4817,469,7,16,토
2022-07-16,9호선,염창,12528,11613,24141,915,7,16,토
2022-07-16,9호선,등촌,7519,7175,14694,344,7,16,토
2022-07-16,9호선,증미,4280,4026,8306,254,7,16,토
2022-07-16,9호선,가양,14849,14125,28974,724,7,16,토
2022-07-16,9호선,양천향교,6200,5729,11929,471,7,16,토
2022-07-16,9호선,마곡나루(서울식물원),8409,8129,16538,280,7,16,토
2022-07-16,9호선,신방화,5037,4720,9757,317,7,16,토
2022-07-16,9호선,공항시장,2427,2444,4871,-17,7,16,토
2022-07-16,9호선,김포공항,8657,12510,21167,-3853,7,16,토
2022-07-16,9호선,개화,1448,1180,2628,268,7,16,토
2022-07-16,8호선,남위례,3584,3596,7180,-12,7,16,토
2022-07-16,8호선,모란,3703,3305,7008,398,7,16,토
2022-07-16,8호선,수진,4376,3937,8313,439,7,16,토
2022-07-16,8호선,신흥,3764,3951,7715,-187,7,16,토
2022-07-16,8호선,단대오거리,7653,7180,14833,473,7,16,토
2022-07-16,8호선,남한산성입구(성남법원.검찰청),9365,8223,17588,1142,7,16,토
2022-07-16,8호선,산성,4301,4262,8563,39,7,16,토
2022-07-16,8호선,복정,6138,5171,11309,967,7,16,토
2022-07-16,8호선,장지,12745,11756,24501,989,7,16,토
2022-07-16,8호선,문정,8628,8551,17179,77,7,16,토
2022-07-16,8호선,가락시장,5241,5445,10686,-204,7,16,토
2022-07-16,8호선,송파,6155,6047,12202,108,7,16,토
2022-07-16,8호선,석촌,5984,7015,12999,-1031,7,16,토
2022-07-16,8호선,잠실(송파구청),13926,16394,30320,-2468,7,16,토
2022-07-16,8호선,몽촌토성(평화의문),4401,4327,8728,74,7,16,토
2022-07-16,8호선,강동구청,6214,6172,12386,42,7,16,토
2022-07-16,8호선,천호(풍납토성),12049,14004,26053,-1955,7,16,토
2022-07-16,8호선,암사,12717,11663,24380,1054,7,16,토
2022-07-16,7호선,온수(성공회대입구),5859,5853,11712,6,7,16,토
2022-07-16,7호선,천왕,7414,6867,14281,547,7,16,토
2022-07-16,7호선,광명사거리,17299,17041,34340,258,7,16,토
2022-07-16,7호선,철산,15998,16160,32158,-162,7,16,토
2022-07-16,7호선,가산디지털단지,14724,13180,27904,1544,7,16,토
2022-07-16,7호선,남구로,8530,8942,17472,-412,7,16,토
2022-07-16,7호선,대림(구로구청),7462,8060,15522,-598,7,16,토
2022-07-16,7호선,신풍,8891,8495,17386,396,7,16,토
2022-07-16,7호선,보라매,5471,5229,10700,242,7,16,토
2022-07-16,7호선,신대방삼거리,11328,10404,21732,924,7,16,토
2022-07-16,7호선,장승배기,6989,6574,13563,415,7,16,토
2022-07-16,7호선,상도,8064,7263,15327,801,7,16,토
2022-07-16,7호선,숭실대입구(살피재),8497,8322,16819,175,7,16,토
2022-07-16,7호선,남성,8127,7368,15495,759,7,16,토
2022-07-16,7호선,이수,12971,12354,25325,617,7,16,토
2022-07-16,7호선,내방,8227,8176,16403,51,7,16,토
2022-07-16,7호선,고속터미널,16044,12215,28259,3829,7,16,토
2022-07-16,7호선,반포,4743,4535,9278,208,7,16,토
2022-07-16,7호선,논현,10383,11147,21530,-764,7,16,토
2022-07-16,7호선,학동,10955,11381,22336,-426,7,16,토
2022-07-16,7호선,강남구청,9913,10922,20835,-1009,7,16,토
2022-07-16,7호선,청담,11404,12467,23871,-1063,7,16,토
2022-07-16,7호선,뚝섬유원지,7567,7027,14594,540,7,16,토
2022-07-16,7호선,건대입구,11323,11931,23254,-608,7,16,토
2022-07-16,7호선,어린이대공원(세종대),10642,10130,20772,512,7,16,토
2022-07-16,7호선,군자(능동),11087,8348,19435,2739,7,16,토
2022-07-16,7호선,중곡,6999,6293,13292,706,7,16,토
2022-07-16,7호선,용마산(용마폭포공원),4187,4091,8278,96,7,16,토
2022-07-16,7호선,사가정,12016,11689,23705,327,7,16,토
2022-07-16,7호선,면목,10924,10221,21145,703,7,16,토
2022-07-16,7호선,상봉(시외버스터미널),13493,12853,26346,640,7,16,토
2022-07-16,7호선,중화,7740,7315,15055,425,7,16,토
2022-07-16,7호선,먹골,7909,7422,15331,487,7,16,토
2022-07-16,7호선,태릉입구,6675,6282,12957,393,7,16,토
2022-07-16,7호선,공릉(서울과학기술대),8535,8126,16661,409,7,16,토
2022-07-16,7호선,하계,12407,11349,23756,1058,7,16,토
2022-07-16,7호선,중계,9619,8364,17983,1255,7,16,토
2022-07-16,7호선,노원,16642,17122,33764,-480,7,16,토
2022-07-16,7호선,마들,9107,8397,17504,710,7,16,토
2022-07-16,7호선,수락산,10276,10118,20394,158,7,16,토
2022-07-16,7호선,도봉산,6447,8331,14778,-1884,7,16,토
2022-07-16,7호선,장암,2034,1411,3445,623,7,16,토
2022-07-16,6호선,봉화산(서울의료원),5459,5244,10703,215,7,16,토
2022-07-16,6호선,화랑대(서울여대입구),6905,5736,12641,1169,7,16,토
2022-07-16,6호선,태릉입구,4268,4471,8739,-203,7,16,토
2022-07-16,6호선,석계,8796,8722,17518,74,7,16,토
2022-07-16,6호선,돌곶이,6370,5825,12195,545,7,16,토
2022-07-16,6호선,상월곡(한국과학기술연구원),4231,3634,7865,597,7,16,토
2022-07-16,6호선,월곡(동덕여대),7399,7074,14473,325,7,16,토
2022-07-16,6호선,고려대(종암),5559,5165,10724,394,7,16,토
2022-07-16,6호선,안암(고대병원앞),6420,6277,12697,143,7,16,토
2022-07-16,6호선,보문,5369,4668,10037,701,7,16,토
2022-07-16,6호선,창신,2208,1842,4050,366,7,16,토
2022-07-16,6호선,동묘앞,7417,7157,14574,260,7,16,토
2022-07-16,6호선,신당,5157,4910,10067,247,7,16,토
2022-07-16,6호선,청구,2577,2425,5002,152,7,16,토
2022-07-16,6호선,약수,2688,2741,5429,-53,7,16,토
2022-07-16,6호선,버티고개,1495,1559,3054,-64,7,16,토
2022-07-16,6호선,한강진,9808,11945,21753,-2137,7,16,토
2022-07-16,6호선,이태원,15452,20938,36390,-5486,7,16,토
2022-07-16,6호선,녹사평(용산구청),5396,6435,11831,-1039,7,16,토
2022-07-16,6호선,삼각지,7266,4713,11979,2553,7,16,토
2022-07-16,6호선,효창공원앞,4754,4260,9014,494,7,16,토
2022-07-16,6호선,공덕,10601,9773,20374,828,7,16,토
2022-07-16,6호선,대흥(서강대앞),6017,6122,12139,-105,7,16,토
2022-07-16,6호선,광흥창(서강),5465,5009,10474,456,7,16,토
2022-07-16,6호선,상수,9041,11747,20788,-2706,7,16,토
2022-07-16,6호선,합정,13298,12355,25653,943,7,16,토
2022-07-16,6호선,망원,12256,13587,25843,-1331,7,16,토
2022-07-16,6호선,마포구청,9791,8382,18173,1409,7,16,토
2022-07-16,일산선,대화,8867,7781,16648,1086,7,16,토
2022-07-16,우이신설선,화계,2540,2375,4915,165,7,16,토
2022-07-16,우이신설선,삼양,1533,1607,3140,-74,7,16,토
2022-07-16,우이신설선,삼양사거리,1977,1943,3920,34,7,16,토
2022-07-16,우이신설선,솔샘,4019,3681,7700,338,7,16,토
2022-07-16,우이신설선,북한산보국문,5065,4293,9358,772,7,16,토
2022-07-16,수인선,월곶,2443,2244,4687,199,7,16,토
2022-07-16,수인선,달월,51,61,112,-10,7,16,토
2022-07-16,수인선,사리,3859,3171,7030,688,7,16,토
2022-07-16,수인선,야목,316,260,576,56,7,16,토
2022-07-16,수인선,어천,856,733,1589,123,7,16,토
2022-07-16,수인선,오목천,2595,2137,4732,458,7,16,토
2022-07-16,수인선,고색,2814,2707,5521,107,7,16,토
2022-07-16,분당선,매교,2321,2373,4694,-52,7,16,토
2022-07-16,분당선,수원시청,12487,14719,27206,-2232,7,16,토
2022-07-16,분당선,매탄권선,3816,3503,7319,313,7,16,토
2022-07-16,분당선,망포,10179,9206,19385,973,7,16,토
2022-07-16,분당선,영통,7365,7260,14625,105,7,16,토
2022-07-16,분당선,청명,3031,2965,5996,66,7,16,토
2022-07-16,분당선,상갈,4001,4060,8061,-59,7,16,토
2022-07-16,분당선,기흥,7464,6938,14402,526,7,16,토
2022-07-16,분당선,신갈,3025,3002,6027,23,7,16,토
2022-07-16,분당선,구성,3550,3668,7218,-118,7,16,토
2022-07-16,분당선,죽전,10213,11757,21970,-1544,7,16,토
2022-07-16,분당선,보정,1859,1617,3476,242,7,16,토
2022-07-16,수인선,인천논현,4788,4785,9573,3,7,16,토
2022-07-16,수인선,소래포구,4962,4876,9838,86,7,16,토
2022-07-16,분당선,이매,4309,4058,8367,251,7,16,토
2022-07-16,분당선,오리,8194,6672,14866,1522,7,16,토
2022-07-16,분당선,미금,11186,11548,22734,-362,7,16,토
2022-07-16,분당선,정자,11806,12171,23977,-365,7,16,토
2022-07-16,분당선,수내,9518,8969,18487,549,7,16,토
2022-07-16,분당선,서현,20406,20746,41152,-340,7,16,토
2022-07-16,분당선,야탑,18184,19211,37395,-1027,7,16,토
2022-07-16,분당선,모란,16389,16755,33144,-366,7,16,토
2022-07-16,분당선,태평,11021,10135,21156,886,7,16,토
2022-07-16,분당선,가천대,5187,5548,10735,-361,7,16,토
2022-07-16,분당선,선정릉,3283,3300,6583,-17,7,16,토
2022-07-16,분당선,강남구청,5196,6052,11248,-856,7,16,토
2022-07-16,분당선,압구정로데오,19145,22800,41945,-3655,7,16,토
2022-07-16,분당선,서울숲,8615,9018,17633,-403,7,16,토
2022-07-16,분당선,수원,8375,6851,15226,1524,7,16,토
2022-07-16,분당선,수서,10962,11444,22406,-482,7,16,토
2022-07-16,분당선,대모산입구,3418,3119,6537,299,7,16,토
2022-07-16,분당선,개포동,2997,2915,5912,82,7,16,토
2022-07-16,분당선,구룡,2069,1825,3894,244,7,16,토
2022-07-16,분당선,도곡,4963,4385,9348,578,7,16,토
2022-07-16,분당선,한티,14989,13978,28967,1011,7,16,토
2022-07-16,분당선,선릉,5568,8397,13965,-2829,7,16,토
2022-07-16,과천선,범계,21978,21644,43622,334,7,16,토
2022-07-16,과천선,평촌,10140,9672,19812,468,7,16,토
2022-07-16,과천선,인덕원,17420,17056,34476,364,7,16,토
2022-07-16,과천선,정부과천청사,6647,6585,13232,62,7,16,토
2022-07-16,과천선,과천,5316,4863,10179,453,7,16,토
2022-07-16,과천선,대공원,4610,4897,9507,-287,7,16,토
2022-07-16,과천선,경마공원,13075,13350,26425,-275,7,16,토
2022-07-16,과천선,선바위,5831,5163,10994,668,7,16,토
2022-07-16,공항철도 1호선,영종,3599,3625,7224,-26,7,16,토
2022-07-16,공항철도 1호선,인천공항2터미널,3440,3134,6574,306,7,16,토
2022-07-16,공항철도 1호선,인천공항1터미널,7603,7230,14833,373,7,16,토
2022-07-16,공항철도 1호선,공항화물청사,1424,1381,2805,43,7,16,토
2022-07-16,공항철도 1호선,운서,7430,7320,14750,110,7,16,토
2022-07-16,공항철도 1호선,청라국제도시,5031,4799,9830,232,7,16,토
2022-07-16,공항철도 1호선,검암,4759,4841,9600,-82,7,16,토
2022-07-16,공항철도 1호선,계양,8178,7461,15639,717,7,16,토
2022-07-16,공항철도 1호선,김포공항,11240,6128,17368,5112,7,16,토
2022-07-16,공항철도 1호선,마곡나루(서울식물원),3343,3687,7030,-344,7,16,토
2022-07-16,공항철도 1호선,디지털미디어시티,6057,5460,11517,597,7,16,토
2022-07-16,공항철도 1호선,홍대입구,14219,14785,29004,-566,7,16,토
2022-07-16,공항철도 1호선,공덕,1750,2954,4704,-1204,7,16,토
2022-07-16,공항철도 1호선,서울역,9477,9013,18490,464,7,16,토
2022-07-16,경춘선,춘천,1839,1593,3432,246,7,16,토
2022-07-16,경춘선,남춘천,2851,3144,5995,-293,7,16,토
2022-07-16,경춘선,김유정,457,501,958,-44,7,16,토
2022-07-16,경춘선,강촌,672,823,1495,-151,7,16,토
2022-07-16,경춘선,백양리,136,113,249,23,7,16,토
2022-07-16,경춘선,굴봉산,193,186,379,7,7,16,토
2022-07-16,경춘선,가평,2885,3875,6760,-990,7,16,토
2022-07-16,경춘선,상천,400,341,741,59,7,16,토
2022-07-16,경춘선,청평,2288,2568,4856,-280,7,16,토
2022-07-16,경춘선,대성리,1560,1464,3024,96,7,16,토
2022-07-16,경춘선,마석,3425,3282,6707,143,7,16,토
2022-07-16,경춘선,천마산,1342,1320,2662,22,7,16,토
2022-07-16,경춘선,평내호평,4696,4645,9341,51,7,16,토
2022-07-16,경춘선,금곡,1130,1065,2195,65,7,16,토
2022-07-16,경춘선,사릉,1734,1630,3364,104,7,16,토
2022-07-16,경춘선,퇴계원,2574,2360,4934,214,7,16,토
2022-07-16,경춘선,별내,2309,2142,4451,167,7,16,토
2022-07-16,경춘선,갈매,2026,1755,3781,271,7,16,토
2022-07-16,경춘선,신내,1372,1300,2672,72,7,16,토
2022-07-16,경인선,도화,3585,3238,6823,347,7,16,토
2022-07-16,경인선,중동,6914,6366,13280,548,7,16,토
2022-07-16,경인선,온수(성공회대입구),5436,4735,10171,701,7,16,토
2022-07-16,경인선,도원,2364,2348,4712,16,7,16,토
2022-07-16,경인선,간석,4799,4566,9365,233,7,16,토
2022-07-16,경인선,부개,6827,6228,13055,599,7,16,토
2022-07-16,경인선,소사,6875,6636,13511,239,7,16,토
2022-07-16,경인선,구일,5562,5236,10798,326,7,16,토
2022-07-16,경인선,인천,4497,3781,8278,716,7,16,토
2022-07-16,경인선,동인천,12304,12108,24412,196,7,16,토
2022-07-16,경인선,제물포,8231,7721,15952,510,7,16,토
2022-07-16,경인선,주안,16869,14604,31473,2265,7,16,토
2022-07-16,경인선,동암,13677,13771,27448,-94,7,16,토
2022-07-16,경인선,백운,5758,5505,11263,253,7,16,토
2022-07-16,경인선,부평,30595,33777,64372,-3182,7,16,토
2022-07-16,경인선,송내,19520,19097,38617,423,7,16,토
2022-07-16,경인선,부천,29260,29982,59242,-722,7,16,토
2022-07-16,경인선,역곡,21131,20396,41527,735,7,16,토
2022-07-16,경인선,오류동,9505,8511,18016,994,7,16,토
2022-07-16,경인선,개봉,17173,16547,33720,626,7,16,토
2022-07-16,경의선,임진강,59,37,96,22,7,16,토
2022-07-16,경의선,문산,5400,4897,10297,503,7,16,토
2022-07-16,경의선,파주,929,630,1559,299,7,16,토
2022-07-16,경의선,월롱,1980,1629,3609,351,7,16,토
2022-07-16,경의선,금촌,6207,5845,12052,362,7,16,토
2022-07-16,경의선,금릉,4102,3968,8070,134,7,16,토
2022-07-16,경의선,운정,5576,4891,10467,685,7,16,토
2022-07-16,경의선,야당,6856,7052,13908,-196,7,16,토
2022-07-16,경의선,탄현,5723,5271,10994,452,7,16,토
2022-07-16,경의선,일산,6717,6302,13019,415,7,16,토
2022-07-16,경의선,풍산,4811,4738,9549,73,7,16,토
2022-07-16,경의선,백마,5109,4690,9799,419,7,16,토
2022-07-16,경의선,곡산,450,462,912,-12,7,16,토
2022-07-16,경의선,능곡,2873,2828,5701,45,7,16,토
2022-07-16,경의선,행신,5774,5861,11635,-87,7,16,토
2022-07-16,경의선,강매,2116,2003,4119,113,7,16,토
2022-07-16,경의선,화전,1141,1063,2204,78,7,16,토
2022-07-16,경의선,수색,1734,1673,3407,61,7,16,토
2022-07-16,경의선,디지털미디어시티,2202,1948,4150,254,7,16,토
2022-07-16,경의선,가좌,4272,4163,8435,109,7,16,토
2022-07-16,경의선,홍대입구,2171,2765,4936,-594,7,16,토
2022-07-16,경의선,서강대,1806,1736,3542,70,7,16,토
2022-07-16,경의선,공덕,3126,2203,5329,923,7,16,토
2022-07-16,6호선,디지털미디어시티,7969,8021,15990,-52,7,16,토
2022-07-16,경의선,효창공원앞,1849,2001,3850,-152,7,16,토
2022-07-16,경의선,신촌,395,454,849,-59,7,16,토
2022-07-16,경의선,서울역,1610,1658,3268,-48,7,16,토
2022-07-16,경원선,소요산,4168,3618,7786,550,7,16,토
2022-07-16,경원선,동두천,1736,2074,3810,-338,7,16,토
2022-07-16,경원선,보산,1872,1816,3688,56,7,16,토
2022-07-16,경원선,동두천중앙,2707,2681,5388,26,7,16,토
2022-07-16,경원선,지행,6190,6045,12235,145,7,16,토
2022-07-16,경원선,덕정,4793,4275,9068,518,7,16,토
2022-07-16,경원선,덕계,2700,2449,5149,251,7,16,토
2022-07-16,경원선,양주,6513,6166,12679,347,7,16,토
2022-07-16,경원선,녹양,3749,3534,7283,215,7,16,토
2022-07-16,경원선,가능,5157,4898,10055,259,7,16,토
2022-07-16,경원선,의정부,17788,19046,36834,-1258,7,16,토
2022-07-16,경원선,회룡,9674,9561,19235,113,7,16,토
2022-07-16,경원선,망월사,6062,6091,12153,-29,7,16,토
2022-07-16,경원선,도봉산,7914,5541,13455,2373,7,16,토
2022-07-16,경원선,도봉,4638,4249,8887,389,7,16,토
2022-07-16,경원선,방학,7638,7294,14932,344,7,16,토
2022-07-16,경원선,창동,1,0,1,1,7,16,토
2022-07-16,경원선,녹천,3436,2823,6259,613,7,16,토
2022-07-16,경원선,월계,4709,4311,9020,398,7,16,토
2022-07-16,경원선,광운대,5254,5259,10513,-5,7,16,토
2022-07-16,경원선,석계,6666,6835,13501,-169,7,16,토
2022-07-16,경원선,신이문,6308,5688,11996,620,7,16,토
2022-07-16,경원선,외대앞,6099,5888,11987,211,7,16,토
2022-07-16,경원선,청량리(서울시립대입구),17428,18212,35640,-784,7,16,토
2022-07-16,경원선,왕십리(성동구청),13616,15615,29231,-1999,7,16,토
2022-07-16,경원선,응봉,1483,1239,2722,244,7,16,토
2022-07-16,경원선,옥수,33,20,53,13,7,16,토
2022-07-16,경원선,한남,2746,2734,5480,12,7,16,토
2022-07-16,경원선,서빙고,1531,1476,3007,55,7,16,토
2022-07-16,경원선,이촌(국립중앙박물관),3337,2402,5739,935,7,16,토
2022-07-16,경부선,광명,2828,2553,5381,275,7,16,토
2022-07-16,경부선,서동탄,1099,1160,2259,-61,7,16,토
2022-07-16,경부선,당정,4311,4112,8423,199,7,16,토
2022-07-16,경부선,천안,6685,6878,13563,-193,7,16,토
2022-07-16,경부선,두정,5807,5926,11733,-119,7,16,토
2022-07-16,경부선,직산,743,696,1439,47,7,16,토
2022-07-16,경부선,성환,3156,2915,6071,241,7,16,토
2022-07-16,6호선,월드컵경기장(성산),7806,8065,15871,-259,7,16,토
2022-07-16,경부선,평택,14610,14036,28646,574,7,16,토
2022-07-16,경부선,평택지제,3896,3483,7379,413,7,16,토
2022-07-16,경부선,서정리,7837,6151,13988,1686,7,16,토
2022-07-16,경부선,송탄,5319,4615,9934,704,7,16,토
2022-07-16,경부선,진위,1226,985,2211,241,7,16,토
2022-07-16,경부선,오산,10254,9453,19707,801,7,16,토
2022-07-16,경부선,오산대,3025,2811,5836,214,7,16,토
2022-07-16,경부선,세마,2555,2327,4882,228,7,16,토
2022-07-16,경부선,병점,13112,12900,26012,212,7,16,토
2022-07-16,경부선,세류,3052,2999,6051,53,7,16,토
2022-07-16,경부선,독산,9592,8949,18541,643,7,16,토
2022-07-16,경부선,수원,41960,47186,89146,-5226,7,16,토
2022-07-16,경부선,화서,5935,5895,11830,40,7,16,토
2022-07-16,경부선,성균관대,11176,11112,22288,64,7,16,토
2022-07-16,경부선,의왕,6102,5879,11981,223,7,16,토
2022-07-16,경부선,군포,4433,4040,8473,393,7,16,토
2022-07-16,경부선,금정,20321,20396,40717,-75,7,16,토
2022-07-16,경부선,명학,4886,4513,9399,373,7,16,토
2022-07-16,경부선,안양,18803,18781,37584,22,7,16,토
2022-07-16,경부선,관악,6685,6187,12872,498,7,16,토
2022-07-16,경부선,석수,7201,6563,13764,638,7,16,토
2022-07-16,경부선,금천구청,8546,8550,17096,-4,7,16,토
2022-07-16,경부선,가산디지털단지,6383,8526,14909,-2143,7,16,토
2022-07-16,경부선,구로,13314,14036,27350,-722,7,16,토
2022-07-16,경부선,신길,6132,5117,11249,1015,7,16,토
2022-07-16,6호선,증산(명지대앞),7582,7127,14709,455,7,16,토
2022-07-16,6호선,새절(신사),9002,8335,17337,667,7,16,토
2022-07-16,6호선,구산,5790,4347,10137,1443,7,16,토
2022-07-16,6호선,연신내,1,0,1,1,7,16,토
2022-07-16,6호선,독바위,2104,2308,4412,-204,7,16,토
2022-07-16,6호선,불광,3908,3643,7551,265,7,16,토
2022-07-16,6호선,역촌,2908,3078,5986,-170,7,16,토
2022-07-16,6호선,응암,13180,12860,26040,320,7,16,토
2022-07-16,5호선,하남검단산,5381,5281,10662,100,7,16,토
2022-07-16,5호선,하남시청(덕풍·신장),5734,5424,11158,310,7,16,토
2022-07-16,5호선,하남풍산,2827,2870,5697,-43,7,16,토
2022-07-16,5호선,미사,12369,12202,24571,167,7,16,토
2022-07-16,5호선,강일,3132,2925,6057,207,7,16,토
2022-07-16,5호선,마천,4784,4853,9637,-69,7,16,토
2022-07-16,5호선,거여,6610,6179,12789,431,7,16,토
2022-07-16,5호선,개롱,4374,4540,8914,-166,7,16,토
2022-07-16,5호선,오금,2045,1894,3939,151,7,16,토
2022-07-16,5호선,방이,5316,5179,10495,137,7,16,토
2022-07-16,5호선,올림픽공원(한국체대),3325,2617,5942,708,7,16,토
2022-07-16,5호선,둔촌동,5763,5825,11588,-62,7,16,토
2022-07-16,5호선,상일동,9541,8662,18203,879,7,16,토
2022-07-16,5호선,고덕,6654,6360,13014,294,7,16,토
2022-07-16,5호선,명일,6224,6160,12384,64,7,16,토
2022-07-16,5호선,굽은다리(강동구민회관앞),7623,7219,14842,404,7,16,토
2022-07-16,5호선,길동,6162,6265,12427,-103,7,16,토
2022-07-16,5호선,강동,13420,12710,26130,710,7,16,토
2022-07-16,5호선,천호(풍납토성),16556,15913,32469,643,7,16,토
2022-07-16,5호선,광나루(장신대),10403,9925,20328,478,7,16,토
2022-07-16,5호선,아차산(어린이대공원후문),11593,10746,22339,847,7,16,토
2022-07-16,5호선,군자(능동),8620,9751,18371,-1131,7,16,토
2022-07-16,5호선,장한평,11506,11128,22634,378,7,16,토
2022-07-16,5호선,답십리,10662,9631,20293,1031,7,16,토
2022-07-16,5호선,마장,3809,3556,7365,253,7,16,토
2022-07-16,5호선,왕십리(성동구청),3395,4370,7765,-975,7,16,토
2022-07-16,5호선,행당,5738,5116,10854,622,7,16,토
2022-07-16,5호선,신금호,4163,4266,8429,-103,7,16,토
2022-07-16,5호선,청구,2550,2430,4980,120,7,16,토
2022-07-16,5호선,동대문역사문화공원(DDP),1167,1400,2567,-233,7,16,토
2022-07-16,5호선,을지로4가,3409,3734,7143,-325,7,16,토
2022-07-16,5호선,종로3가,13548,13339,26887,209,7,16,토
2022-07-16,5호선,광화문(세종문화회관),18890,18861,37751,29,7,16,토
2022-07-16,5호선,서대문,8028,7423,15451,605,7,16,토
2022-07-16,5호선,충정로(경기대입구),2165,1976,4141,189,7,16,토
2022-07-16,5호선,애오개,4394,4233,8627,161,7,16,토
2022-07-16,5호선,공덕,7400,7785,15185,-385,7,16,토
2022-07-16,5호선,마포,7722,7658,15380,64,7,16,토
2022-07-16,5호선,여의나루,10860,12389,23249,-1529,7,16,토
2022-07-16,5호선,여의도,11798,12905,24703,-1107,7,16,토
2022-07-16,5호선,신길,2860,2896,5756,-36,7,16,토
2022-07-16,5호선,영등포시장,8209,8390,16599,-181,7,16,토
2022-07-16,5호선,영등포구청,2052,1936,3988,116,7,16,토
2022-07-16,5호선,양평,3955,3611,7566,344,7,16,토
2022-07-16,5호선,오목교(목동운동장앞),17043,17371,34414,-328,7,16,토
2022-07-16,5호선,목동,11544,11532,23076,12,7,16,토
2022-07-16,5호선,신정(은행정),9450,7707,17157,1743,7,16,토
2022-07-16,5호선,까치산,21784,20268,42052,1516,7,16,토
2022-07-16,5호선,화곡,20838,18698,39536,2140,7,16,토
2022-07-16,5호선,우장산,10402,9926,20328,476,7,16,토
2022-07-16,5호선,발산,12957,14341,27298,-1384,7,16,토
2022-07-16,5호선,마곡,5733,5809,11542,-76,7,16,토
2022-07-16,5호선,송정,5268,4822,10090,446,7,16,토
2022-07-16,5호선,김포공항,7979,8224,16203,-245,7,16,토
2022-07-16,5호선,개화산,3816,3556,7372,260,7,16,토
2022-07-16,5호선,방화,4739,4471,9210,268,7,16,토
2022-07-16,4호선,남태령,1268,858,2126,410,7,16,토
2022-07-16,4호선,사당,23267,20448,43715,2819,7,16,토
2022-07-16,4호선,총신대입구(이수),14838,16007,30845,-1169,7,16,토
2022-07-16,4호선,동작(현충원),1184,1218,2402,-34,7,16,토
2022-07-16,4호선,이촌(국립중앙박물관),8689,9493,18182,-804,7,16,토
2022-07-16,4호선,삼각지,4274,5396,9670,-1122,7,16,토
2022-07-16,4호선,숙대입구(갈월),11187,10365,21552,822,7,16,토
2022-07-16,4호선,서울역,7254,16133,23387,-8879,7,16,토
2022-07-16,4호선,회현(남대문시장),20629,19879,40508,750,7,16,토
2022-07-16,4호선,명동,17331,18647,35978,-1316,7,16,토
2022-07-16,4호선,충무로,12850,13934,26784,-1084,7,16,토
2022-07-16,4호선,동대문역사문화공원(DDP),12676,10990,23666,1686,7,16,토
2022-07-16,4호선,동대문,14251,14630,28881,-379,7,16,토
2022-07-16,4호선,혜화,31215,32659,63874,-1444,7,16,토
2022-07-16,4호선,한성대입구(삼선교),10581,10193,20774,388,7,16,토
2022-07-16,4호선,성신여대입구(돈암),16719,15834,32553,885,7,16,토
2022-07-16,4호선,길음,15416,14534,29950,882,7,16,토
2022-07-16,4호선,미아사거리,22308,21391,43699,917,7,16,토
2022-07-16,4호선,미아(서울사이버대학),11019,10039,21058,980,7,16,토
2022-07-16,4호선,수유(강북구청),26797,26354,53151,443,7,16,토
2022-07-16,4호선,쌍문,21923,19529,41452,2394,7,16,토
2022-07-16,4호선,창동,19910,20892,40802,-982,7,16,토
2022-07-16,4호선,노원,15741,18027,33768,-2286,7,16,토
2022-07-16,4호선,상계,14031,12805,26836,1226,7,16,토
2022-07-16,4호선,당고개,7460,7035,14495,425,7,16,토
2022-07-16,3호선,오금,3701,3518,7219,183,7,16,토
2022-07-16,3호선,경찰병원,4058,3915,7973,143,7,16,토
2022-07-16,3호선,가락시장,6161,5817,11978,344,7,16,토
2022-07-16,3호선,수서,13904,13919,27823,-15,7,16,토
2022-07-16,3호선,일원,5011,4878,9889,133,7,16,토
2022-07-16,3호선,대청,6149,5655,11804,494,7,16,토
2022-07-16,3호선,학여울,2745,2856,5601,-111,7,16,토
2022-07-16,3호선,대치,11851,10462,22313,1389,7,16,토
2022-07-16,3호선,도곡,3375,3364,6739,11,7,16,토
2022-07-16,3호선,매봉,6743,6475,13218,268,7,16,토
2022-07-16,3호선,양재(서초구청),20292,22657,42949,-2365,7,16,토
2022-07-16,3호선,남부터미널(예술의전당),22900,22627,45527,273,7,16,토
2022-07-16,3호선,교대(법원.검찰청),7839,4782,12621,3057,7,16,토
2022-07-16,3호선,고속터미널,54662,54504,109166,158,7,16,토
2022-07-16,3호선,잠원,3747,3546,7293,201,7,16,토
2022-07-16,3호선,신사,24145,26063,50208,-1918,7,16,토
2022-07-16,3호선,압구정,26286,27768,54054,-1482,7,16,토
2022-07-16,3호선,옥수,6932,7006,13938,-74,7,16,토
2022-07-16,3호선,금호,6113,5460,11573,653,7,16,토
2022-07-16,3호선,약수,9452,9091,18543,361,7,16,토
2022-07-16,3호선,동대입구,6286,6870,13156,-584,7,16,토
2022-07-16,3호선,을지로3가,5778,6146,11924,-368,7,16,토
2022-07-16,3호선,종로3가,6735,9600,16335,-2865,7,16,토
2022-07-16,3호선,안국,19097,19099,38196,-2,7,16,토
2022-07-16,3호선,경복궁(정부서울청사),20201,21761,41962,-1560,7,16,토
2022-07-16,3호선,독립문,5865,5826,11691,39,7,16,토
2022-07-16,3호선,무악재,2686,2711,5397,-25,7,16,토
2022-07-16,3호선,홍제,13442,12646,26088,796,7,16,토
2022-07-16,3호선,녹번,11077,9377,20454,1700,7,16,토
2022-07-16,3호선,불광,13067,14699,27766,-1632,7,16,토
2022-07-16,3호선,연신내,29893,27607,57500,2286,7,16,토
2022-07-16,3호선,구파발,16712,17227,33939,-515,7,16,토
2022-07-16,3호선,지축,3875,3591,7466,284,7,16,토
2022-07-16,2호선,용두(동대문구청),1860,1793,3653,67,7,16,토
2022-07-16,2호선,신정네거리,7969,7812,15781,157,7,16,토
2022-07-16,2호선,양천구청,4623,4596,9219,27,7,16,토
2022-07-16,2호선,도림천,829,764,1593,65,7,16,토
2022-07-16,2호선,신설동,3514,3344,6858,170,7,16,토
2022-07-16,2호선,신답,1092,1124,2216,-32,7,16,토
2022-07-16,2호선,용답,2188,2036,4224,152,7,16,토
2022-07-16,2호선,충정로(경기대입구),6152,6158,12310,-6,7,16,토
2022-07-16,2호선,아현,8197,7518,15715,679,7,16,토
2022-07-16,2호선,이대,11172,11474,22646,-302,7,16,토
2022-07-16,2호선,신촌,33421,34179,67600,-758,7,16,토
2022-07-16,2호선,홍대입구,71624,81710,153334,-10086,7,16,토
2022-07-16,2호선,합정,28898,33582,62480,-4684,7,16,토
2022-07-16,2호선,당산,13024,13979,27003,-955,7,16,토
2022-07-16,2호선,영등포구청,12431,12887,25318,-456,7,16,토
2022-07-16,2호선,문래,13258,14184,27442,-926,7,16,토
2022-07-16,2호선,신도림,39698,40404,80102,-706,7,16,토
2022-07-16,2호선,대림(구로구청),18720,19823,38543,-1103,7,16,토
2022-07-16,2호선,구로디지털단지,35876,34687,70563,1189,7,16,토
2022-07-16,2호선,신대방,20489,19356,39845,1133,7,16,토
2022-07-16,2호선,신림,50242,47444,97686,2798,7,16,토
2022-07-16,2호선,봉천,18676,16555,35231,2121,7,16,토
2022-07-16,2호선,서울대입구(관악구청),38713,37310,76023,1403,7,16,토
2022-07-16,2호선,낙성대(강감찬),22511,20592,43103,1919,7,16,토
2022-07-16,2호선,사당,34062,38903,72965,-4841,7,16,토
2022-07-16,2호선,방배,10020,10187,20207,-167,7,16,토
2022-07-16,2호선,서초,12747,10707,23454,2040,7,16,토
2022-07-16,2호선,교대(법원.검찰청),18941,21343,40284,-2402,7,16,토
2022-07-16,2호선,강남,62348,62448,124796,-100,7,16,토
2022-07-16,2호선,역삼,18880,20764,39644,-1884,7,16,토
2022-07-16,2호선,선릉,26015,23169,49184,2846,7,16,토
2022-07-16,2호선,삼성(무역센터),36882,36089,72971,793,7,16,토
2022-07-16,2호선,종합운동장,39703,45635,85338,-5932,7,16,토
2022-07-16,2호선,잠실새내,18892,20899,39791,-2007,7,16,토
2022-07-16,2호선,잠실(송파구청),72338,68774,141112,3564,7,16,토
2022-07-16,2호선,잠실나루,7787,7679,15466,108,7,16,토
2022-07-16,2호선,강변(동서울터미널),29477,28845,58322,632,7,16,토
2022-07-16,2호선,구의(광진구청),16887,16455,33342,432,7,16,토
2022-07-16,2호선,건대입구,34521,38682,73203,-4161,7,16,토
2022-07-16,2호선,성수,22101,25234,47335,-3133,7,16,토
2022-07-16,2호선,뚝섬,14226,14318,28544,-92,7,16,토
2022-07-16,2호선,한양대,4009,4185,8194,-176,7,16,토
2022-07-16,2호선,왕십리(성동구청),13549,11920,25469,1629,7,16,토
2022-07-16,2호선,상왕십리,10074,9307,19381,767,7,16,토
2022-07-16,2호선,신당,11022,11508,22530,-486,7,16,토
2022-07-16,2호선,동대문역사문화공원(DDP),11374,13292,24666,-1918,7,16,토
2022-07-16,2호선,을지로4가,7713,7883,15596,-170,7,16,토
2022-07-16,2호선,을지로3가,13328,12818,26146,510,7,16,토
2022-07-16,2호선,을지로입구,28396,25978,54374,2418,7,16,토
2022-07-16,2호선,시청,21679,19706,41385,1973,7,16,토
2022-07-16,1호선,동묘앞,9980,10103,20083,-123,7,16,토
2022-07-16,1호선,청량리(서울시립대입구),18183,18568,36751,-385,7,16,토
2022-07-16,1호선,제기동,15104,15122,30226,-18,7,16,토
2022-07-16,1호선,신설동,9917,9574,19491,343,7,16,토
2022-07-16,1호선,동대문,10340,10049,20389,291,7,16,토
2022-07-16,1호선,종로5가,19928,20018,39946,-90,7,16,토
2022-07-16,1호선,종로3가,23982,22923,46905,1059,7,16,토
2022-07-16,1호선,종각,23186,21761,44947,1425,7,16,토
2022-07-16,1호선,시청,25899,29437,55336,-3538,7,16,토
2022-07-16,1호선,서울역,39140,38213,77353,927,7,16,토
2022-07-16,우이신설선,정릉,3768,3073,6841,695,7,16,토
2022-07-16,우이신설선,성신여대입구(돈암),2815,3285,6100,-470,7,16,토
2022-07-16,우이신설선,보문,1189,1224,2413,-35,7,16,토
2022-07-16,우이신설선,신설동,1487,1459,2946,28,7,16,토
2022-07-16,일산선,원흥,7881,7410,15291,471,7,16,토
2022-07-16,일산선,삼송,15511,14597,30108,914,7,16,토
2022-07-16,일산선,원당,8776,8269,17045,507,7,16,토
2022-07-16,일산선,화정,13506,13725,27231,-219,7,16,토
2022-07-16,일산선,대곡,1505,1293,2798,212,7,16,토
2022-07-16,일산선,백석,7685,7614,15299,71,7,16,토
2022-07-16,일산선,마두,5334,5287,10621,47,7,16,토
2022-07-16,일산선,정발산,7256,7514,14770,-258,7,16,토
2022-07-16,일산선,주엽,7293,7104,14397,189,7,16,토
2022-07-17,경부선,진위,937,953,1890,-16,7,17,일
2022-07-17,중앙선,아신,580,492,1072,88,7,17,일
2022-07-17,중앙선,국수,556,471,1027,85,7,17,일
2022-07-17,중앙선,신원,191,136,327,55,7,17,일
2022-07-17,중앙선,양수,2763,2630,5393,133,7,17,일
2022-07-17,중앙선,운길산,991,936,1927,55,7,17,일
2022-07-17,중앙선,팔당,1252,1230,2482,22,7,17,일
2022-07-17,중앙선,도심,1284,1096,2380,188,7,17,일
2022-07-17,중앙선,덕소,3660,3608,7268,52,7,17,일
2022-07-17,중앙선,양정,494,371,865,123,7,17,일
2022-07-17,중앙선,도농,5566,5556,11122,10,7,17,일
2022-07-17,중앙선,구리,7887,8071,15958,-184,7,17,일
2022-07-17,중앙선,양원,1390,1333,2723,57,7,17,일
2022-07-17,중앙선,망우,5319,5260,10579,59,7,17,일
2022-07-17,중앙선,상봉(시외버스터미널),3849,4105,7954,-256,7,17,일
2022-07-17,중앙선,중랑,3568,3421,6989,147,7,17,일
2022-07-17,중앙선,회기,15720,15265,30985,455,7,17,일
2022-07-17,중앙선,지평,71,52,123,19,7,17,일
2022-07-17,중앙선,용문,2550,2041,4591,509,7,17,일
2022-07-17,중앙선,원덕,378,301,679,77,7,17,일
2022-07-17,중앙선,양평,2621,2341,4962,280,7,17,일
2022-07-17,중앙선,오빈,264,218,482,46,7,17,일
2022-07-17,7호선,내방,5437,5589,11026,-152,7,17,일
2022-07-17,1호선,서울역,30407,28987,59394,1420,7,17,일
2022-07-17,1호선,시청,8727,8126,16853,601,7,17,일
2022-07-17,1호선,종각,14003,12346,26349,1657,7,17,일
2022-07-17,1호선,종로3가,15155,13043,28198,2112,7,17,일
2022-07-17,1호선,종로5가,10128,9959,20087,169,7,17,일
2022-07-17,1호선,동대문,9128,9524,18652,-396,7,17,일
2022-07-17,1호선,신설동,7836,7880,15716,-44,7,17,일
2022-07-17,1호선,제기동,10198,10705,20903,-507,7,17,일
2022-07-17,1호선,청량리(서울시립대입구),13016,13193,26209,-177,7,17,일
2022-07-17,1호선,동묘앞,11700,11637,23337,63,7,17,일
2022-07-17,2호선,시청,6951,5847,12798,1104,7,17,일
2022-07-17,2호선,을지로입구,17580,16816,34396,764,7,17,일
2022-07-17,2호선,을지로3가,9416,9044,18460,372,7,17,일
2022-07-17,2호선,을지로4가,3974,3852,7826,122,7,17,일
2022-07-17,2호선,동대문역사문화공원(DDP),9213,10939,20152,-1726,7,17,일
2022-07-17,2호선,신당,8474,8829,17303,-355,7,17,일
2022-07-17,2호선,상왕십리,7085,6938,14023,147,7,17,일
2022-07-17,2호선,왕십리(성동구청),9796,8849,18645,947,7,17,일
2022-07-17,2호선,한양대,2528,2893,5421,-365,7,17,일
2022-07-17,2호선,뚝섬,10640,10925,21565,-285,7,17,일
2022-07-17,2호선,성수,16789,19024,35813,-2235,7,17,일
2022-07-17,2호선,건대입구,27360,28943,56303,-1583,7,17,일
2022-07-17,2호선,구의(광진구청),11763,11786,23549,-23,7,17,일
2022-07-17,2호선,강변(동서울터미널),24989,23649,48638,1340,7,17,일
2022-07-17,2호선,잠실나루,5447,5465,10912,-18,7,17,일
2022-07-17,2호선,잠실(송파구청),53368,50250,103618,3118,7,17,일
2022-07-17,2호선,잠실새내,12567,14128,26695,-1561,7,17,일
2022-07-17,2호선,종합운동장,24090,27103,51193,-3013,7,17,일
2022-07-17,2호선,삼성(무역센터),27176,26419,53595,757,7,17,일
2022-07-17,2호선,선릉,14201,12227,26428,1974,7,17,일
2022-07-17,2호선,역삼,11477,12551,24028,-1074,7,17,일
2022-07-17,2호선,강남,36539,35375,71914,1164,7,17,일
2022-07-17,2호선,교대(법원.검찰청),11315,12469,23784,-1154,7,17,일
2022-07-17,2호선,서초,12678,11660,24338,1018,7,17,일
2022-07-17,2호선,방배,7071,7550,14621,-479,7,17,일
2022-07-17,2호선,사당,23580,25566,49146,-1986,7,17,일
2022-07-17,2호선,낙성대(강감찬),16536,16869,33405,-333,7,17,일
2022-07-17,2호선,서울대입구(관악구청),27054,28315,55369,-1261,7,17,일
2022-07-17,2호선,봉천,12900,12382,25282,518,7,17,일
2022-07-17,2호선,신림,37883,37019,74902,864,7,17,일
2022-07-17,2호선,신대방,15942,15581,31523,361,7,17,일
2022-07-17,2호선,구로디지털단지,24941,24776,49717,165,7,17,일
2022-07-17,2호선,대림(구로구청),16126,16383,32509,-257,7,17,일
2022-07-17,2호선,신도림,27736,28519,56255,-783,7,17,일
2022-07-17,2호선,문래,8480,9020,17500,-540,7,17,일
2022-07-17,2호선,영등포구청,8061,8679,16740,-618,7,17,일
2022-07-17,2호선,당산,8851,9429,18280,-578,7,17,일
2022-07-17,2호선,합정,21938,23555,45493,-1617,7,17,일
2022-07-17,2호선,홍대입구,57772,57504,115276,268,7,17,일
2022-07-17,2호선,신촌,24178,23632,47810,546,7,17,일
2022-07-17,2호선,이대,7419,8070,15489,-651,7,17,일
2022-07-17,2호선,아현,5404,5300,10704,104,7,17,일
2022-07-17,2호선,충정로(경기대입구),3824,4224,8048,-400,7,17,일
2022-07-17,2호선,용답,1837,1769,3606,68,7,17,일
2022-07-17,2호선,신답,853,857,1710,-4,7,17,일
2022-07-17,2호선,신설동,3224,3257,6481,-33,7,17,일
2022-07-17,2호선,도림천,476,475,951,1,7,17,일
2022-07-17,2호선,양천구청,3350,3460,6810,-110,7,17,일
2022-07-17,2호선,신정네거리,5524,5495,11019,29,7,17,일
2022-07-17,2호선,용두(동대문구청),1197,1201,2398,-4,7,17,일
2022-07-17,3호선,지축,2661,2447,5108,214,7,17,일
2022-07-17,3호선,구파발,12397,12980,25377,-583,7,17,일
2022-07-17,3호선,연신내,21548,20330,41878,1218,7,17,일
2022-07-17,3호선,불광,9698,11169,20867,-1471,7,17,일
2022-07-17,3호선,녹번,7611,6753,14364,858,7,17,일
2022-07-17,3호선,홍제,9365,9007,18372,358,7,17,일
2022-07-17,3호선,무악재,1880,1958,3838,-78,7,17,일
2022-07-17,3호선,독립문,4053,4275,8328,-222,7,17,일
2022-07-17,3호선,경복궁(정부서울청사),14913,16386,31299,-1473,7,17,일
2022-07-17,3호선,안국,12540,12535,25075,5,7,17,일
2022-07-17,3호선,종로3가,4044,5477,9521,-1433,7,17,일
2022-07-17,3호선,을지로3가,3729,3505,7234,224,7,17,일
2022-07-17,3호선,동대입구,6470,7068,13538,-598,7,17,일
2022-07-17,3호선,약수,6934,6715,13649,219,7,17,일
2022-07-17,3호선,금호,4477,4145,8622,332,7,17,일
2022-07-17,3호선,옥수,5208,5326,10534,-118,7,17,일
2022-07-17,3호선,압구정,14897,15541,30438,-644,7,17,일
2022-07-17,3호선,신사,13849,13928,27777,-79,7,17,일
2022-07-17,3호선,잠원,2181,2170,4351,11,7,17,일
2022-07-17,3호선,고속터미널,45305,42587,87892,2718,7,17,일
2022-07-17,3호선,교대(법원.검찰청),4842,2982,7824,1860,7,17,일
2022-07-17,3호선,남부터미널(예술의전당),14692,15354,30046,-662,7,17,일
2022-07-17,3호선,양재(서초구청),13584,15681,29265,-2097,7,17,일
2022-07-17,3호선,매봉,4167,4259,8426,-92,7,17,일
2022-07-17,3호선,도곡,1916,2080,3996,-164,7,17,일
2022-07-17,3호선,대치,7838,6588,14426,1250,7,17,일
2022-07-17,3호선,학여울,2038,2211,4249,-173,7,17,일
2022-07-17,3호선,대청,4238,4229,8467,9,7,17,일
2022-07-17,3호선,일원,3589,3741,7330,-152,7,17,일
2022-07-17,3호선,수서,10874,10922,21796,-48,7,17,일
2022-07-17,3호선,가락시장,3876,4077,7953,-201,7,17,일
2022-07-17,3호선,경찰병원,2813,2855,5668,-42,7,17,일
2022-07-17,3호선,오금,2704,2756,5460,-52,7,17,일
2022-07-17,4호선,당고개,5930,5695,11625,235,7,17,일
2022-07-17,4호선,상계,10436,9600,20036,836,7,17,일
2022-07-17,4호선,노원,12237,13359,25596,-1122,7,17,일
2022-07-17,4호선,창동,15413,15965,31378,-552,7,17,일
2022-07-17,4호선,쌍문,16427,14917,31344,1510,7,17,일
2022-07-17,4호선,수유(강북구청),20573,19773,40346,800,7,17,일
2022-07-17,4호선,미아(서울사이버대학),8419,7893,16312,526,7,17,일
2022-07-17,4호선,미아사거리,17196,16053,33249,1143,7,17,일
2022-07-17,4호선,길음,10818,10454,21272,364,7,17,일
2022-07-17,4호선,성신여대입구(돈암),12810,12319,25129,491,7,17,일
2022-07-17,4호선,한성대입구(삼선교),7698,7654,15352,44,7,17,일
2022-07-17,4호선,혜화,24128,25351,49479,-1223,7,17,일
2022-07-17,4호선,동대문,7214,7845,15059,-631,7,17,일
2022-07-17,4호선,동대문역사문화공원(DDP),9837,9014,18851,823,7,17,일
2022-07-17,4호선,충무로,8408,8985,17393,-577,7,17,일
2022-07-17,4호선,명동,13899,14046,27945,-147,7,17,일
2022-07-17,4호선,회현(남대문시장),9335,9043,18378,292,7,17,일
2022-07-17,4호선,서울역,4849,12500,17349,-7651,7,17,일
2022-07-17,4호선,숙대입구(갈월),8001,7792,15793,209,7,17,일
2022-07-17,4호선,삼각지,2992,3937,6929,-945,7,17,일
2022-07-17,4호선,신용산,9505,9989,19494,-484,7,17,일
2022-07-17,4호선,이촌(국립중앙박물관),6336,6874,13210,-538,7,17,일
2022-07-17,4호선,동작(현충원),921,940,1861,-19,7,17,일
2022-07-17,4호선,총신대입구(이수),10680,11447,22127,-767,7,17,일
2022-07-17,4호선,사당,16373,14950,31323,1423,7,17,일
2022-07-17,4호선,남태령,828,570,1398,258,7,17,일
2022-07-17,5호선,방화,3682,3592,7274,90,7,17,일
2022-07-17,5호선,개화산,2703,2783,5486,-80,7,17,일
2022-07-17,5호선,김포공항,7574,7504,15078,70,7,17,일
2022-07-17,5호선,송정,3690,3635,7325,55,7,17,일
2022-07-17,5호선,마곡,3719,4052,7771,-333,7,17,일
2022-07-17,5호선,발산,8983,9610,18593,-627,7,17,일
2022-07-17,5호선,우장산,7063,7264,14327,-201,7,17,일
2022-07-17,5호선,화곡,14336,13622,27958,714,7,17,일
2022-07-17,5호선,까치산,16055,15381,31436,674,7,17,일
2022-07-17,5호선,신정(은행정),6463,5808,12271,655,7,17,일
2022-07-17,5호선,목동,7937,8047,15984,-110,7,17,일
2022-07-17,5호선,오목교(목동운동장앞),11409,11920,23329,-511,7,17,일
2022-07-17,5호선,양평,2727,2762,5489,-35,7,17,일
2022-07-17,5호선,영등포구청,1455,1342,2797,113,7,17,일
2022-07-17,5호선,영등포시장,5856,6065,11921,-209,7,17,일
2022-07-17,5호선,신길,1993,2118,4111,-125,7,17,일
2022-07-17,5호선,여의도,7763,8480,16243,-717,7,17,일
2022-07-17,5호선,여의나루,10819,11474,22293,-655,7,17,일
2022-07-17,5호선,마포,4918,4851,9769,67,7,17,일
2022-07-17,5호선,공덕,4604,4660,9264,-56,7,17,일
2022-07-17,5호선,애오개,2817,2809,5626,8,7,17,일
2022-07-17,5호선,충정로(경기대입구),1454,1440,2894,14,7,17,일
2022-07-17,5호선,서대문,4835,4700,9535,135,7,17,일
2022-07-17,5호선,광화문(세종문화회관),12160,12680,24840,-520,7,17,일
2022-07-17,5호선,종로3가,9401,8242,17643,1159,7,17,일
2022-07-17,5호선,을지로4가,1757,1737,3494,20,7,17,일
2022-07-17,5호선,동대문역사문화공원(DDP),852,937,1789,-85,7,17,일
2022-07-17,5호선,청구,1816,1646,3462,170,7,17,일
2022-07-17,5호선,신금호,2961,3229,6190,-268,7,17,일
2022-07-17,5호선,행당,4078,3626,7704,452,7,17,일
2022-07-17,5호선,왕십리(성동구청),2593,3034,5627,-441,7,17,일
2022-07-17,5호선,마장,2808,2670,5478,138,7,17,일
2022-07-17,5호선,답십리,7666,7146,14812,520,7,17,일
2022-07-17,5호선,장한평,7928,7923,15851,5,7,17,일
2022-07-17,5호선,군자(능동),6147,6798,12945,-651,7,17,일
2022-07-17,5호선,아차산(어린이대공원후문),9271,9223,18494,48,7,17,일
2022-07-17,5호선,광나루(장신대),8221,7662,15883,559,7,17,일
2022-07-17,5호선,천호(풍납토성),13145,12337,25482,808,7,17,일
2022-07-17,5호선,강동,9508,9384,18892,124,7,17,일
2022-07-17,5호선,길동,4383,4364,8747,19,7,17,일
2022-07-17,5호선,굽은다리(강동구민회관앞),5723,5474,11197,249,7,17,일
2022-07-17,5호선,명일,4958,5075,10033,-117,7,17,일
2022-07-17,5호선,고덕,4428,4677,9105,-249,7,17,일
2022-07-17,5호선,상일동,6776,6472,13248,304,7,17,일
2022-07-17,5호선,둔촌동,4773,4768,9541,5,7,17,일
2022-07-17,5호선,올림픽공원(한국체대),2464,2091,4555,373,7,17,일
2022-07-17,5호선,방이,4006,3848,7854,158,7,17,일
2022-07-17,5호선,오금,1502,1466,2968,36,7,17,일
2022-07-17,5호선,개롱,3033,3294,6327,-261,7,17,일
2022-07-17,5호선,거여,4698,4467,9165,231,7,17,일
2022-07-17,5호선,마천,3535,3837,7372,-302,7,17,일
2022-07-17,5호선,강일,2438,2292,4730,146,7,17,일
2022-07-17,5호선,미사,9078,9457,18535,-379,7,17,일
2022-07-17,5호선,하남풍산,2288,2243,4531,45,7,17,일
2022-07-17,5호선,하남시청(덕풍·신장),4297,4034,8331,263,7,17,일
2022-07-17,5호선,하남검단산,4812,4728,9540,84,7,17,일
2022-07-17,6호선,응암,9554,9527,19081,27,7,17,일
2022-07-17,6호선,역촌,2149,2389,4538,-240,7,17,일
2022-07-17,6호선,불광,3165,2853,6018,312,7,17,일
2022-07-17,6호선,독바위,1582,1921,3503,-339,7,17,일
2022-07-17,6호선,구산,4112,3068,7180,1044,7,17,일
2022-07-17,6호선,새절(신사),6514,6267,12781,247,7,17,일
2022-07-17,6호선,증산(명지대앞),5536,5608,11144,-72,7,17,일
2022-07-17,6호선,디지털미디어시티,5525,5885,11410,-360,7,17,일
2022-07-17,6호선,월드컵경기장(성산),3602,3765,7367,-163,7,17,일
2022-07-17,6호선,마포구청,6851,6246,13097,605,7,17,일
2022-07-17,6호선,망원,9331,10107,19438,-776,7,17,일
2022-07-17,6호선,합정,9768,8957,18725,811,7,17,일
2022-07-17,6호선,상수,7089,8223,15312,-1134,7,17,일
2022-07-17,6호선,광흥창(서강),4345,4172,8517,173,7,17,일
2022-07-17,6호선,대흥(서강대앞),3985,4215,8200,-230,7,17,일
2022-07-17,6호선,공덕,6782,6442,13224,340,7,17,일
2022-07-17,6호선,효창공원앞,3525,3016,6541,509,7,17,일
2022-07-17,6호선,삼각지,4178,3172,7350,1006,7,17,일
2022-07-17,6호선,녹사평(용산구청),4156,4123,8279,33,7,17,일
2022-07-17,6호선,이태원,12793,10420,23213,2373,7,17,일
2022-07-17,6호선,한강진,7627,8805,16432,-1178,7,17,일
2022-07-17,6호선,버티고개,1033,1116,2149,-83,7,17,일
2022-07-17,6호선,약수,1798,1725,3523,73,7,17,일
2022-07-17,6호선,청구,1674,1679,3353,-5,7,17,일
2022-07-17,6호선,신당,3640,4269,7909,-629,7,17,일
2022-07-17,6호선,동묘앞,5931,5842,11773,89,7,17,일
2022-07-17,6호선,창신,1579,1463,3042,116,7,17,일
2022-07-17,6호선,보문,3982,3746,7728,236,7,17,일
2022-07-17,6호선,안암(고대병원앞),4791,5040,9831,-249,7,17,일
2022-07-17,6호선,고려대(종암),4010,3882,7892,128,7,17,일
2022-07-17,6호선,월곡(동덕여대),5606,5484,11090,122,7,17,일
2022-07-17,6호선,상월곡(한국과학기술연구원),3292,2965,6257,327,7,17,일
2022-07-17,6호선,돌곶이,5571,5300,10871,271,7,17,일
2022-07-17,6호선,석계,6445,6761,13206,-316,7,17,일
2022-07-17,6호선,태릉입구,3239,3406,6645,-167,7,17,일
2022-07-17,6호선,화랑대(서울여대입구),4947,4202,9149,745,7,17,일
2022-07-17,6호선,봉화산(서울의료원),4077,3945,8022,132,7,17,일
2022-07-17,6호선,신내,1,0,1,1,7,17,일
2022-07-17,7호선,장암,1879,1266,3145,613,7,17,일
2022-07-17,7호선,도봉산,5236,7325,12561,-2089,7,17,일
2022-07-17,7호선,수락산,8768,8673,17441,95,7,17,일
2022-07-17,7호선,마들,6188,5714,11902,474,7,17,일
2022-07-17,7호선,노원,11803,12164,23967,-361,7,17,일
2022-07-17,7호선,중계,6944,6439,13383,505,7,17,일
2022-07-17,7호선,하계,9557,8986,18543,571,7,17,일
2022-07-17,7호선,공릉(서울과학기술대),6456,6520,12976,-64,7,17,일
2022-07-17,7호선,태릉입구,5036,4745,9781,291,7,17,일
2022-07-17,7호선,먹골,5554,5298,10852,256,7,17,일
2022-07-17,7호선,중화,5668,5485,11153,183,7,17,일
2022-07-17,7호선,상봉(시외버스터미널),9910,9280,19190,630,7,17,일
2022-07-17,7호선,면목,7898,7705,15603,193,7,17,일
2022-07-17,7호선,사가정,9080,8690,17770,390,7,17,일
2022-07-17,7호선,용마산(용마폭포공원),3130,3269,6399,-139,7,17,일
2022-07-17,7호선,중곡,5287,5102,10389,185,7,17,일
2022-07-17,7호선,군자(능동),8172,6482,14654,1690,7,17,일
2022-07-17,7호선,어린이대공원(세종대),7485,7329,14814,156,7,17,일
2022-07-17,7호선,건대입구,8357,8809,17166,-452,7,17,일
2022-07-17,7호선,뚝섬유원지,7998,7289,15287,709,7,17,일
2022-07-17,7호선,청담,6694,7495,14189,-801,7,17,일
2022-07-17,7호선,강남구청,5242,5827,11069,-585,7,17,일
2022-07-17,7호선,학동,6456,6945,13401,-489,7,17,일
2022-07-17,7호선,논현,5726,5967,11693,-241,7,17,일
2022-07-17,7호선,반포,3038,3118,6156,-80,7,17,일
2022-07-17,7호선,고속터미널,13947,8859,22806,5088,7,17,일
2022-07-17,7호선,이수,9051,8735,17786,316,7,17,일
2022-07-17,7호선,남성,5844,5638,11482,206,7,17,일
2022-07-17,7호선,숭실대입구(살피재),5826,6344,12170,-518,7,17,일
2022-07-17,7호선,상도,5741,5555,11296,186,7,17,일
2022-07-17,7호선,장승배기,4735,4703,9438,32,7,17,일
2022-07-17,7호선,신대방삼거리,7818,7685,15503,133,7,17,일
2022-07-17,7호선,보라매,3864,3942,7806,-78,7,17,일
2022-07-17,7호선,신풍,6845,6588,13433,257,7,17,일
2022-07-17,7호선,대림(구로구청),8433,7999,16432,434,7,17,일
2022-07-17,7호선,남구로,7094,6900,13994,194,7,17,일
2022-07-17,7호선,가산디지털단지,10563,9623,20186,940,7,17,일
2022-07-17,7호선,철산,11239,11166,22405,73,7,17,일
2022-07-17,7호선,광명사거리,12765,12689,25454,76,7,17,일
2022-07-17,7호선,천왕,5261,5057,10318,204,7,17,일
2022-07-17,7호선,온수(성공회대입구),4207,4292,8499,-85,7,17,일
2022-07-17,8호선,암사,9169,8527,17696,642,7,17,일
2022-07-17,8호선,천호(풍납토성),8942,10182,19124,-1240,7,17,일
2022-07-17,8호선,강동구청,4607,4778,9385,-171,7,17,일
2022-07-17,8호선,몽촌토성(평화의문),3197,3312,6509,-115,7,17,일
2022-07-17,8호선,잠실(송파구청),11043,12516,23559,-1473,7,17,일
2022-07-17,8호선,석촌,4213,5278,9491,-1065,7,17,일
2022-07-17,8호선,송파,4399,4399,8798,0,7,17,일
2022-07-17,8호선,가락시장,3083,3946,7029,-863,7,17,일
2022-07-17,8호선,문정,5404,5576,10980,-172,7,17,일
2022-07-17,8호선,장지,9295,9499,18794,-204,7,17,일
2022-07-17,8호선,복정,5039,4632,9671,407,7,17,일
2022-07-17,8호선,산성,3104,3229,6333,-125,7,17,일
2022-07-17,8호선,남한산성입구(성남법원.검찰청),6859,6189,13048,670,7,17,일
2022-07-17,8호선,단대오거리,5554,5536,11090,18,7,17,일
2022-07-17,8호선,신흥,2622,2909,5531,-287,7,17,일
2022-07-17,8호선,수진,3010,2747,5757,263,7,17,일
2022-07-17,8호선,모란,2825,2236,5061,589,7,17,일
2022-07-17,8호선,남위례,2632,2813,5445,-181,7,17,일
2022-07-17,9호선,개화,1029,988,2017,41,7,17,일
2022-07-17,9호선,김포공항,7788,11772,19560,-3984,7,17,일
2022-07-17,9호선,공항시장,1809,2018,3827,-209,7,17,일
2022-07-17,9호선,신방화,3676,3737,7413,-61,7,17,일
2022-07-17,9호선,마곡나루(서울식물원),5543,5672,11215,-129,7,17,일
2022-07-17,9호선,양천향교,4300,4661,8961,-361,7,17,일
2022-07-17,9호선,가양,11651,11180,22831,471,7,17,일
2022-07-17,9호선,증미,3006,3017,6023,-11,7,17,일
2022-07-17,9호선,등촌,5398,5374,10772,24,7,17,일
2022-07-17,9호선,염창,8948,8810,17758,138,7,17,일
2022-07-17,9호선,신목동,1813,1652,3465,161,7,17,일
2022-07-17,9호선,선유도,2861,2822,5683,39,7,17,일
2022-07-17,9호선,당산,9503,9251,18754,252,7,17,일
2022-07-17,9호선,국회의사당,5444,5043,10487,401,7,17,일
2022-07-17,9호선,여의도,9564,8811,18375,753,7,17,일
2022-07-17,9호선,샛강,1885,1842,3727,43,7,17,일
2022-07-17,9호선,노량진,14434,15468,29902,-1034,7,17,일
2022-07-17,9호선,노들,2734,2354,5088,380,7,17,일
2022-07-17,9호선,흑석(중앙대입구),4078,4170,8248,-92,7,17,일
2022-07-17,9호선,동작(현충원),1278,1061,2339,217,7,17,일
2022-07-17,9호선,구반포,384,385,769,-1,7,17,일
2022-07-17,9호선,신반포,2074,2276,4350,-202,7,17,일
2022-07-17,9호선,고속터미널,12122,17051,29173,-4929,7,17,일
2022-07-17,9호선,사평,1751,1832,3583,-81,7,17,일
2022-07-17,9호선,신논현,16471,15779,32250,692,7,17,일
2022-07-17,9호선2~3단계,언주,3760,3756,7516,4,7,17,일
2022-07-17,9호선2~3단계,선정릉,3235,3668,6903,-433,7,17,일
2022-07-17,9호선2~3단계,삼성중앙,2317,2356,4673,-39,7,17,일
2022-07-17,9호선2~3단계,봉은사,10693,11225,21918,-532,7,17,일
2022-07-17,9호선2~3단계,종합운동장,4114,3934,8048,180,7,17,일
2022-07-17,9호선2~3단계,삼전,3752,3750,7502,2,7,17,일
2022-07-17,9호선2~3단계,석촌고분,3409,3380,6789,29,7,17,일
2022-07-17,9호선2~3단계,석촌,5109,4373,9482,736,7,17,일
2022-07-17,9호선2~3단계,송파나루,3178,3638,6816,-460,7,17,일
2022-07-17,9호선2~3단계,한성백제,1554,1347,2901,207,7,17,일
2022-07-17,9호선2~3단계,올림픽공원(한국체대),4680,4860,9540,-180,7,17,일
2022-07-17,9호선2~3단계,둔촌오륜,627,623,1250,4,7,17,일
2022-07-17,9호선2~3단계,중앙보훈병원,3705,3675,7380,30,7,17,일
2022-07-17,경강선,판교,2630,2551,5181,79,7,17,일
2022-07-17,경강선,이매,718,565,1283,153,7,17,일
2022-07-17,경강선,삼동,1079,1110,2189,-31,7,17,일
2022-07-17,경강선,경기광주,4282,4239,8521,43,7,17,일
2022-07-17,경강선,초월,1775,1736,3511,39,7,17,일
2022-07-17,경강선,곤지암,1599,1771,3370,-172,7,17,일
2022-07-17,경강선,신둔도예촌,972,906,1878,66,7,17,일
2022-07-17,경강선,이천,2223,2549,4772,-326,7,17,일
2022-07-17,경강선,부발,1664,2286,3950,-622,7,17,일
2022-07-17,경강선,세종대왕릉,298,287,585,11,7,17,일
2022-07-17,경강선,여주,2365,2275,4640,90,7,17,일
2022-07-17,경부선,서울역,9241,1988,11229,7253,7,17,일
2022-07-17,경부선,남영,4941,5037,9978,-96,7,17,일
2022-07-17,경부선,용산,37531,34465,71996,3066,7,17,일
2022-07-17,경부선,노량진,5447,5076,10523,371,7,17,일
2022-07-17,경부선,대방,5534,6099,11633,-565,7,17,일
2022-07-17,경부선,영등포,35740,34760,70500,980,7,17,일
2022-07-17,경부선,신도림,2222,2343,4565,-121,7,17,일
2022-07-17,경부선,신길,4628,4063,8691,565,7,17,일
2022-07-17,경부선,구로,10183,10372,20555,-189,7,17,일
2022-07-17,경부선,가산디지털단지,4829,6689,11518,-1860,7,17,일
2022-07-17,경부선,금천구청,6377,6370,12747,7,7,17,일
2022-07-17,경부선,석수,5185,4850,10035,335,7,17,일
2022-07-17,경부선,관악,5434,4974,10408,460,7,17,일
2022-07-17,경부선,안양,14011,13791,27802,220,7,17,일
2022-07-17,경부선,명학,3235,3106,6341,129,7,17,일
2022-07-17,경부선,금정,15197,15709,30906,-512,7,17,일
2022-07-17,경부선,군포,3109,2985,6094,124,7,17,일
2022-07-17,경부선,의왕,4490,4528,9018,-38,7,17,일
2022-07-17,경부선,성균관대,8167,8492,16659,-325,7,17,일
2022-07-17,경부선,화서,4402,4179,8581,223,7,17,일
2022-07-17,경부선,수원,35479,34519,69998,960,7,17,일
2022-07-17,경부선,독산,6426,6389,12815,37,7,17,일
2022-07-17,경부선,세류,2166,2137,4303,29,7,17,일
2022-07-17,경부선,병점,9875,10506,20381,-631,7,17,일
2022-07-17,경부선,세마,1955,1846,3801,109,7,17,일
2022-07-17,경부선,오산대,2250,2278,4528,-28,7,17,일
2022-07-17,경부선,오산,8041,8679,16720,-638,7,17,일
2022-07-17,경부선,송탄,3786,4804,8590,-1018,7,17,일
2022-07-17,경부선,서정리,4980,7383,12363,-2403,7,17,일
2022-07-17,경부선,평택지제,2818,2861,5679,-43,7,17,일
2022-07-17,경부선,평택,12556,13411,25967,-855,7,17,일
2022-07-17,경부선,성환,2694,3002,5696,-308,7,17,일
2022-07-17,경부선,직산,617,662,1279,-45,7,17,일
2022-07-17,경부선,두정,4808,5292,10100,-484,7,17,일
2022-07-17,경부선,천안,6427,6411,12838,16,7,17,일
2022-07-17,경부선,당정,3189,3212,6401,-23,7,17,일
2022-07-17,경부선,서동탄,835,812,1647,23,7,17,일
2022-07-17,경부선,광명,2875,1979,4854,896,7,17,일
2022-07-17,경원선,이촌(국립중앙박물관),2749,1867,4616,882,7,17,일
2022-07-17,경원선,서빙고,1760,1749,3509,11,7,17,일
2022-07-17,경원선,한남,1992,1892,3884,100,7,17,일
2022-07-17,경원선,옥수,63,22,85,41,7,17,일
2022-07-17,경원선,응봉,1168,1064,2232,104,7,17,일
2022-07-17,경원선,왕십리(성동구청),11040,12428,23468,-1388,7,17,일
2022-07-17,경원선,청량리(서울시립대입구),15063,13891,28954,1172,7,17,일
2022-07-17,경원선,외대앞,4738,4617,9355,121,7,17,일
2022-07-17,경원선,신이문,4869,4457,9326,412,7,17,일
2022-07-17,경원선,석계,5047,5432,10479,-385,7,17,일
2022-07-17,경원선,광운대,4132,4208,8340,-76,7,17,일
2022-07-17,경원선,월계,3910,3676,7586,234,7,17,일
2022-07-17,경원선,녹천,2577,2288,4865,289,7,17,일
2022-07-17,경원선,방학,6327,6094,12421,233,7,17,일
2022-07-17,경원선,도봉,3530,3417,6947,113,7,17,일
2022-07-17,경원선,도봉산,7984,5642,13626,2342,7,17,일
2022-07-17,경원선,망월사,4663,4663,9326,0,7,17,일
2022-07-17,경원선,회룡,7682,7722,15404,-40,7,17,일
2022-07-17,경원선,의정부,15073,15235,30308,-162,7,17,일
2022-07-17,경원선,가능,4176,3893,8069,283,7,17,일
2022-07-17,경원선,녹양,2830,2678,5508,152,7,17,일
2022-07-17,경원선,양주,5239,5115,10354,124,7,17,일
2022-07-17,경원선,덕계,2031,1944,3975,87,7,17,일
2022-07-17,경원선,덕정,3564,3806,7370,-242,7,17,일
2022-07-17,경원선,지행,4635,4835,9470,-200,7,17,일
2022-07-17,경원선,동두천중앙,2193,2089,4282,104,7,17,일
2022-07-17,경원선,보산,1401,1560,2961,-159,7,17,일
2022-07-17,경원선,동두천,1451,1785,3236,-334,7,17,일
2022-07-17,경원선,소요산,4613,4167,8780,446,7,17,일
2022-07-17,경의선,서울역,1275,1028,2303,247,7,17,일
2022-07-17,경의선,신촌,338,381,719,-43,7,17,일
2022-07-17,경의선,효창공원앞,1356,1576,2932,-220,7,17,일
2022-07-17,경의선,공덕,1860,1585,3445,275,7,17,일
2022-07-17,경의선,서강대,1456,1420,2876,36,7,17,일
2022-07-17,경의선,홍대입구,1961,2341,4302,-380,7,17,일
2022-07-17,경의선,가좌,3016,2938,5954,78,7,17,일
2022-07-17,경의선,디지털미디어시티,1575,1434,3009,141,7,17,일
2022-07-17,경의선,수색,985,1015,2000,-30,7,17,일
2022-07-17,경의선,화전,828,862,1690,-34,7,17,일
2022-07-17,경의선,강매,1563,1482,3045,81,7,17,일
2022-07-17,경의선,행신,4903,4445,9348,458,7,17,일
2022-07-17,경의선,능곡,2323,2187,4510,136,7,17,일
2022-07-17,경의선,곡산,351,323,674,28,7,17,일
2022-07-17,경의선,백마,3482,3439,6921,43,7,17,일
2022-07-17,경의선,풍산,3675,3428,7103,247,7,17,일
2022-07-17,경의선,일산,4892,4702,9594,190,7,17,일
2022-07-17,경의선,탄현,4389,4082,8471,307,7,17,일
2022-07-17,경의선,야당,5147,5046,10193,101,7,17,일
2022-07-17,경의선,운정,3774,3672,7446,102,7,17,일
2022-07-17,경의선,금릉,3086,3101,6187,-15,7,17,일
2022-07-17,경의선,금촌,4313,4770,9083,-457,7,17,일
2022-07-17,경의선,월롱,1072,2288,3360,-1216,7,17,일
2022-07-17,경의선,파주,658,588,1246,70,7,17,일
2022-07-17,경의선,문산,4019,4258,8277,-239,7,17,일
2022-07-17,경의선,임진강,93,82,175,11,7,17,일
2022-07-17,경인선,개봉,12351,12109,24460,242,7,17,일
2022-07-17,경인선,오류동,7074,6705,13779,369,7,17,일
2022-07-17,경인선,역곡,14704,14676,29380,28,7,17,일
2022-07-17,경인선,부천,23464,22859,46323,605,7,17,일
2022-07-17,경인선,송내,13700,13370,27070,330,7,17,일
2022-07-17,경인선,부평,23700,23994,47694,-294,7,17,일
2022-07-17,경인선,백운,4049,4035,8084,14,7,17,일
2022-07-17,경인선,동암,10376,10116,20492,260,7,17,일
2022-07-17,경인선,주안,12246,10952,23198,1294,7,17,일
2022-07-17,경인선,제물포,5678,5398,11076,280,7,17,일
2022-07-17,경인선,동인천,9747,9595,19342,152,7,17,일
2022-07-17,경인선,인천,4145,3415,7560,730,7,17,일
2022-07-17,경인선,구일,3230,3282,6512,-52,7,17,일
2022-07-17,경인선,소사,5568,5421,10989,147,7,17,일
2022-07-17,경인선,부개,5021,4796,9817,225,7,17,일
2022-07-17,경인선,간석,3353,3187,6540,166,7,17,일
2022-07-17,경인선,도원,1849,1791,3640,58,7,17,일
2022-07-17,경인선,온수(성공회대입구),3992,3755,7747,237,7,17,일
2022-07-17,경인선,중동,5024,4817,9841,207,7,17,일
2022-07-17,경인선,도화,2541,2433,4974,108,7,17,일
2022-07-17,경춘선,신내,1013,1078,2091,-65,7,17,일
2022-07-17,경춘선,갈매,1509,1326,2835,183,7,17,일
2022-07-17,경춘선,별내,1888,1787,3675,101,7,17,일
2022-07-17,경춘선,퇴계원,2024,1910,3934,114,7,17,일
2022-07-17,경춘선,사릉,1292,1363,2655,-71,7,17,일
2022-07-17,경춘선,금곡,992,872,1864,120,7,17,일
2022-07-17,경춘선,평내호평,3596,3582,7178,14,7,17,일
2022-07-17,경춘선,천마산,1159,1064,2223,95,7,17,일
2022-07-17,경춘선,마석,2820,2811,5631,9,7,17,일
2022-07-17,경춘선,대성리,1457,932,2389,525,7,17,일
2022-07-17,경춘선,청평,2269,1679,3948,590,7,17,일
2022-07-17,경춘선,상천,499,413,912,86,7,17,일
2022-07-17,경춘선,가평,3265,2300,5565,965,7,17,일
2022-07-17,경춘선,굴봉산,255,171,426,84,7,17,일
2022-07-17,경춘선,백양리,186,108,294,78,7,17,일
2022-07-17,경춘선,강촌,1012,536,1548,476,7,17,일
2022-07-17,경춘선,김유정,407,404,811,3,7,17,일
2022-07-17,경춘선,남춘천,3137,3090,6227,47,7,17,일
2022-07-17,경춘선,춘천,1959,1454,3413,505,7,17,일
2022-07-17,공항철도 1호선,서울역,9236,8109,17345,1127,7,17,일
2022-07-17,공항철도 1호선,공덕,1320,1853,3173,-533,7,17,일
2022-07-17,공항철도 1호선,홍대입구,12177,11340,23517,837,7,17,일
2022-07-17,공항철도 1호선,디지털미디어시티,3591,3781,7372,-190,7,17,일
2022-07-17,공항철도 1호선,마곡나루(서울식물원),2480,2599,5079,-119,7,17,일
2022-07-17,공항철도 1호선,김포공항,11813,6050,17863,5763,7,17,일
2022-07-17,공항철도 1호선,계양,5956,5648,11604,308,7,17,일
2022-07-17,공항철도 1호선,검암,3662,3776,7438,-114,7,17,일
2022-07-17,공항철도 1호선,청라국제도시,3573,3451,7024,122,7,17,일
2022-07-17,공항철도 1호선,운서,6045,6669,12714,-624,7,17,일
2022-07-17,공항철도 1호선,공항화물청사,1068,1165,2233,-97,7,17,일
2022-07-17,공항철도 1호선,인천공항1터미널,7837,7302,15139,535,7,17,일
2022-07-17,공항철도 1호선,인천공항2터미널,3538,3105,6643,433,7,17,일
2022-07-17,공항철도 1호선,영종,2901,2764,5665,137,7,17,일
2022-07-17,과천선,선바위,4308,3862,8170,446,7,17,일
2022-07-17,과천선,경마공원,15571,16019,31590,-448,7,17,일
2022-07-17,과천선,대공원,3944,3886,7830,58,7,17,일
2022-07-17,과천선,과천,3960,3741,7701,219,7,17,일
2022-07-17,과천선,정부과천청사,5043,5047,10090,-4,7,17,일
2022-07-17,과천선,인덕원,12933,13116,26049,-183,7,17,일
2022-07-17,과천선,평촌,6693,6389,13082,304,7,17,일
2022-07-17,과천선,범계,15590,15370,30960,220,7,17,일
2022-07-17,분당선,선릉,2982,4431,7413,-1449,7,17,일
2022-07-17,분당선,한티,10680,10020,20700,660,7,17,일
2022-07-17,분당선,도곡,2958,2876,5834,82,7,17,일
2022-07-17,분당선,구룡,871,908,1779,-37,7,17,일
2022-07-17,분당선,개포동,2251,2242,4493,9,7,17,일
2022-07-17,분당선,대모산입구,2142,2102,4244,40,7,17,일
2022-07-17,분당선,수서,8914,8838,17752,76,7,17,일
2022-07-17,분당선,수원,6221,5247,11468,974,7,17,일
2022-07-17,분당선,서울숲,6928,6802,13730,126,7,17,일
2022-07-17,분당선,압구정로데오,11201,12325,23526,-1124,7,17,일
2022-07-17,분당선,강남구청,2956,3486,6442,-530,7,17,일
2022-07-17,분당선,선정릉,2081,2051,4132,30,7,17,일
2022-07-17,분당선,가천대,3559,4360,7919,-801,7,17,일
2022-07-17,분당선,태평,8417,7961,16378,456,7,17,일
2022-07-17,분당선,모란,11678,12036,23714,-358,7,17,일
2022-07-17,분당선,야탑,14119,14603,28722,-484,7,17,일
2022-07-17,분당선,서현,15413,15488,30901,-75,7,17,일
2022-07-17,분당선,수내,6507,6200,12707,307,7,17,일
2022-07-17,분당선,정자,8112,8447,16559,-335,7,17,일
2022-07-17,분당선,미금,7749,8344,16093,-595,7,17,일
2022-07-17,분당선,오리,5863,5087,10950,776,7,17,일
2022-07-17,분당선,이매,3439,3460,6899,-21,7,17,일
2022-07-17,분당선,보정,1223,1146,2369,77,7,17,일
2022-07-17,분당선,죽전,7888,9061,16949,-1173,7,17,일
2022-07-17,분당선,구성,2577,2911,5488,-334,7,17,일
2022-07-17,분당선,신갈,2119,2217,4336,-98,7,17,일
2022-07-17,분당선,기흥,5411,5243,10654,168,7,17,일
2022-07-17,분당선,상갈,2933,3055,5988,-122,7,17,일
2022-07-17,분당선,청명,2211,2255,4466,-44,7,17,일
2022-07-17,분당선,영통,5323,5204,10527,119,7,17,일
2022-07-17,분당선,망포,6680,7065,13745,-385,7,17,일
2022-07-17,분당선,매탄권선,2759,2588,5347,171,7,17,일
2022-07-17,분당선,수원시청,8340,7942,16282,398,7,17,일
2022-07-17,분당선,매교,1694,1702,3396,-8,7,17,일
2022-07-17,수인선,고색,1847,1945,3792,-98,7,17,일
2022-07-17,수인선,오목천,1686,1655,3341,31,7,17,일
2022-07-17,수인선,어천,613,731,1344,-118,7,17,일
2022-07-17,수인선,야목,235,204,439,31,7,17,일
2022-07-17,수인선,사리,2809,2392,5201,417,7,17,일
2022-07-17,수인선,달월,63,63,126,0,7,17,일
2022-07-17,수인선,월곶,1823,1841,3664,-18,7,17,일
2022-07-17,수인선,소래포구,4280,4025,8305,255,7,17,일
2022-07-17,수인선,인천논현,3124,3330,6454,-206,7,17,일
2022-07-17,수인선,호구포,2277,2310,4587,-33,7,17,일
2022-07-17,수인선,남동인더스파크,725,685,1410,40,7,17,일
2022-07-17,수인선,원인재,2863,3016,5879,-153,7,17,일
2022-07-17,수인선,연수,3444,3433,6877,11,7,17,일
2022-07-17,수인선,송도,1555,1569,3124,-14,7,17,일
2022-07-17,수인선,인하대,3390,3183,6573,207,7,17,일
2022-07-17,수인선,숭의,2065,1953,4018,112,7,17,일
2022-07-17,수인선,신포,1234,1176,2410,58,7,17,일
2022-07-17,수인선,인천,1142,1698,2840,-556,7,17,일
2022-07-17,신림선,샛강,912,1253,2165,-341,7,17,일
2022-07-17,신림선,대방,1257,911,2168,346,7,17,일
2022-07-17,신림선,서울지방병무청,1225,1429,2654,-204,7,17,일
2022-07-17,신림선,보라매,1466,1436,2902,30,7,17,일
2022-07-17,신림선,보라매공원,1090,1179,2269,-89,7,17,일
2022-07-17,신림선,보라매병원,2081,2147,4228,-66,7,17,일
2022-07-17,신림선,당곡,2280,2097,4377,183,7,17,일
2022-07-17,신림선,신림,1109,1748,2857,-639,7,17,일
2022-07-17,신림선,서원,1717,1677,3394,40,7,17,일
2022-07-17,신림선,서울대벤처타운,4568,4334,8902,234,7,17,일
2022-07-17,신림선,관악산(서울대),4745,4871,9616,-126,7,17,일
2022-07-17,안산선,산본,9333,10114,19447,-781,7,17,일
2022-07-17,안산선,대야미,3126,2877,6003,249,7,17,일
2022-07-17,안산선,반월,2624,2641,5265,-17,7,17,일
2022-07-17,안산선,상록수,9935,9596,19531,339,7,17,일
2022-07-17,안산선,한대앞,5561,5542,11103,19,7,17,일
2022-07-17,안산선,중앙,12243,12127,24370,116,7,17,일
2022-07-17,안산선,고잔,4677,4552,9229,125,7,17,일
2022-07-17,안산선,초지,2716,2480,5196,236,7,17,일
2022-07-17,안산선,안산,10866,10026,20892,840,7,17,일
2022-07-17,안산선,신길온천,1254,1195,2449,59,7,17,일
2022-07-17,안산선,정왕,5637,6133,11770,-496,7,17,일
2022-07-17,안산선,오이도,6190,6094,12284,96,7,17,일
2022-07-17,안산선,수리산,2248,2102,4350,146,7,17,일
2022-07-17,우이신설선,북한산우이,3303,3326,6629,-23,7,17,일
2022-07-17,우이신설선,솔밭공원,1484,1433,2917,51,7,17,일
2022-07-17,우이신설선,4.19민주묘지,1924,1661,3585,263,7,17,일
2022-07-17,우이신설선,가오리,2460,2329,4789,131,7,17,일
2022-07-17,우이신설선,화계,2178,2001,4179,177,7,17,일
2022-07-17,우이신설선,삼양,1271,1269,2540,2,7,17,일
2022-07-17,우이신설선,삼양사거리,1661,1592,3253,69,7,17,일
2022-07-17,우이신설선,솔샘,2915,2735,5650,180,7,17,일
2022-07-17,우이신설선,북한산보국문,3843,3471,7314,372,7,17,일
2022-07-17,우이신설선,정릉,2978,2408,5386,570,7,17,일
2022-07-17,우이신설선,성신여대입구(돈암),2295,2607,4902,-312,7,17,일
2022-07-17,우이신설선,보문,982,1016,1998,-34,7,17,일
2022-07-17,우이신설선,신설동,1216,1241,2457,-25,7,17,일
2022-07-17,일산선,원흥,5686,5471,11157,215,7,17,일
2022-07-17,일산선,삼송,11645,11508,23153,137,7,17,일
2022-07-17,일산선,원당,6240,5892,12132,348,7,17,일
2022-07-17,일산선,화정,9649,9845,19494,-196,7,17,일
2022-07-17,일산선,대곡,1139,984,2123,155,7,17,일
2022-07-17,일산선,백석,5663,5612,11275,51,7,17,일
2022-07-17,일산선,마두,3550,3551,7101,-1,7,17,일
2022-07-17,일산선,정발산,5682,5638,11320,44,7,17,일
2022-07-17,일산선,주엽,5063,4948,10011,115,7,17,일
2022-07-17,일산선,대화,6442,5962,12404,480,7,17,일
2022-07-17,장항선,봉명,570,572,1142,-2,7,17,일
2022-07-17,장항선,쌍용(나사렛대),1283,1330,2613,-47,7,17,일
2022-07-17,장항선,아산,3646,2366,6012,1280,7,17,일
2022-07-17,장항선,탕정,596,634,1230,-38,7,17,일
2022-07-17,장항선,배방,857,989,1846,-132,7,17,일
2022-07-17,장항선,온양온천,3553,3530,7083,23,7,17,일
2022-07-17,장항선,신창(순천향대),956,1099,2055,-143,7,17,일
2022-07-18,5호선,오금,3929,3914,7843,15,7,18,월
2022-07-18,5호선,개롱,6801,7111,13912,-310,7,18,월
2022-07-18,5호선,거여,10592,10211,20803,381,7,18,월
2022-07-18,5호선,마천,7661,7213,14874,448,7,18,월
2022-07-18,5호선,강일,4717,4530,9247,187,7,18,월
2022-07-18,5호선,미사,16804,16847,33651,-43,7,18,월
2022-07-18,5호선,하남풍산,4371,4304,8675,67,7,18,월
2022-07-18,5호선,하남시청(덕풍·신장),7257,7062,14319,195,7,18,월
2022-07-18,5호선,하남검단산,6083,5721,11804,362,7,18,월
2022-07-18,6호선,응암,18099,17955,36054,144,7,18,월
2022-07-18,6호선,역촌,3987,4394,8381,-407,7,18,월
2022-07-18,6호선,불광,4114,4352,8466,-238,7,18,월
2022-07-18,6호선,독바위,2893,3004,5897,-111,7,18,월
2022-07-18,6호선,구산,7907,6064,13971,1843,7,18,월
2022-07-18,6호선,새절(신사),12802,11948,24750,854,7,18,월
2022-07-18,6호선,증산(명지대앞),10303,10042,20345,261,7,18,월
2022-07-18,6호선,디지털미디어시티,15231,16713,31944,-1482,7,18,월
2022-07-18,6호선,월드컵경기장(성산),4081,4300,8381,-219,7,18,월
2022-07-18,6호선,마포구청,14739,13263,28002,1476,7,18,월
2022-07-18,6호선,망원,13408,14449,27857,-1041,7,18,월
2022-07-18,6호선,합정,13075,12747,25822,328,7,18,월
2022-07-18,6호선,상수,8501,9497,17998,-996,7,18,월
2022-07-18,6호선,광흥창(서강),9800,9439,19239,361,7,18,월
2022-07-18,6호선,대흥(서강대앞),8468,8703,17171,-235,7,18,월
2022-07-18,6호선,공덕,19309,18670,37979,639,7,18,월
2022-07-18,6호선,효창공원앞,7251,6486,13737,765,7,18,월
2022-07-18,6호선,삼각지,6527,5692,12219,835,7,18,월
2022-07-18,6호선,녹사평(용산구청),4677,4640,9317,37,7,18,월
2022-07-18,6호선,이태원,9991,10238,20229,-247,7,18,월
2022-07-18,6호선,한강진,6922,8006,14928,-1084,7,18,월
2022-07-18,6호선,버티고개,2119,2181,4300,-62,7,18,월
2022-07-18,6호선,약수,3869,3716,7585,153,7,18,월
2022-07-18,6호선,청구,3764,3965,7729,-201,7,18,월
2022-07-18,6호선,신당,7843,8560,16403,-717,7,18,월
2022-07-18,6호선,동묘앞,7993,8172,16165,-179,7,18,월
2022-07-18,6호선,창신,3553,2731,6284,822,7,18,월
2022-07-18,6호선,보문,7695,6959,14654,736,7,18,월
2022-07-18,6호선,안암(고대병원앞),11161,11171,22332,-10,7,18,월
2022-07-18,6호선,고려대(종암),8135,7812,15947,323,7,18,월
2022-07-18,6호선,월곡(동덕여대),12086,11802,23888,284,7,18,월
2022-07-18,6호선,상월곡(한국과학기술연구원),6369,5685,12054,684,7,18,월
2022-07-18,6호선,돌곶이,9498,8850,18348,648,7,18,월
2022-07-18,6호선,석계,12209,12936,25145,-727,7,18,월
2022-07-18,6호선,태릉입구,5493,5896,11389,-403,7,18,월
2022-07-18,6호선,화랑대(서울여대입구),11922,9345,21267,2577,7,18,월
2022-07-18,6호선,봉화산(서울의료원),9228,8727,17955,501,7,18,월
2022-07-18,6호선,신내,2,0,2,2,7,18,월
2022-07-18,7호선,장암,2412,905,3317,1507,7,18,월
2022-07-18,7호선,도봉산,9304,10423,19727,-1119,7,18,월
2022-07-18,7호선,수락산,12948,12671,25619,277,7,18,월
2022-07-18,7호선,마들,13486,12692,26178,794,7,18,월
2022-07-18,7호선,노원,20731,21424,42155,-693,7,18,월
2022-07-18,7호선,중계,14992,13744,28736,1248,7,18,월
2022-07-18,7호선,하계,18333,17107,35440,1226,7,18,월
2022-07-18,7호선,공릉(서울과학기술대),12242,12252,24494,-10,7,18,월
2022-07-18,7호선,태릉입구,8413,8104,16517,309,7,18,월
2022-07-18,7호선,먹골,10333,10308,20641,25,7,18,월
2022-07-18,7호선,중화,11016,10896,21912,120,7,18,월
2022-07-18,7호선,상봉(시외버스터미널),16991,16094,33085,897,7,18,월
2022-07-18,7호선,면목,15340,15062,30402,278,7,18,월
2022-07-18,7호선,사가정,16259,16146,32405,113,7,18,월
2022-07-18,7호선,용마산(용마폭포공원),6041,5926,11967,115,7,18,월
2022-07-18,7호선,중곡,11235,10569,21804,666,7,18,월
2022-07-18,7호선,군자(능동),15262,12185,27447,3077,7,18,월
2022-07-18,7호선,어린이대공원(세종대),13031,12845,25876,186,7,18,월
2022-07-18,7호선,건대입구,12507,13001,25508,-494,7,18,월
2022-07-18,7호선,뚝섬유원지,9250,8725,17975,525,7,18,월
2022-07-18,7호선,청담,20747,23106,43853,-2359,7,18,월
2022-07-18,7호선,강남구청,17266,18950,36216,-1684,7,18,월
2022-07-18,7호선,학동,25484,26972,52456,-1488,7,18,월
2022-07-18,7호선,논현,19547,20776,40323,-1229,7,18,월
2022-07-18,7호선,반포,5998,5917,11915,81,7,18,월
2022-07-18,7호선,고속터미널,17192,14306,31498,2886,7,18,월
2022-07-18,7호선,내방,15269,15474,30743,-205,7,18,월
2022-07-18,7호선,이수,16263,15873,32136,390,7,18,월
2022-07-18,7호선,남성,11403,10572,21975,831,7,18,월
2022-07-18,7호선,숭실대입구(살피재),11998,12269,24267,-271,7,18,월
2022-07-18,7호선,상도,11031,10802,21833,229,7,18,월
2022-07-18,7호선,장승배기,9615,9587,19202,28,7,18,월
2022-07-18,7호선,신대방삼거리,15694,15090,30784,604,7,18,월
2022-07-18,7호선,보라매,8257,8399,16656,-142,7,18,월
2022-07-18,7호선,신풍,12180,11426,23606,754,7,18,월
2022-07-18,7호선,대림(구로구청),8324,8280,16604,44,7,18,월
2022-07-18,7호선,남구로,16533,17271,33804,-738,7,18,월
2022-07-18,7호선,가산디지털단지,47594,47809,95403,-215,7,18,월
2022-07-18,7호선,철산,21547,21777,43324,-230,7,18,월
2022-07-18,7호선,광명사거리,21974,21613,43587,361,7,18,월
2022-07-18,7호선,천왕,11873,11351,23224,522,7,18,월
2022-07-18,7호선,온수(성공회대입구),10412,9468,19880,944,7,18,월
2022-07-18,8호선,암사,19568,17259,36827,2309,7,18,월
2022-07-18,8호선,천호(풍납토성),14781,16909,31690,-2128,7,18,월
2022-07-18,8호선,강동구청,10762,11056,21818,-294,7,18,월
2022-07-18,8호선,몽촌토성(평화의문),6421,6339,12760,82,7,18,월
2022-07-18,8호선,잠실(송파구청),14487,16485,30972,-1998,7,18,월
2022-07-18,8호선,석촌,7676,8743,16419,-1067,7,18,월
2022-07-18,8호선,송파,8923,8768,17691,155,7,18,월
2022-07-18,8호선,가락시장,7804,8633,16437,-829,7,18,월
2022-07-18,8호선,문정,23038,24467,47505,-1429,7,18,월
2022-07-18,8호선,장지,17337,16872,34209,465,7,18,월
2022-07-18,8호선,복정,9281,7940,17221,1341,7,18,월
2022-07-18,8호선,산성,5328,5345,10673,-17,7,18,월
2022-07-18,8호선,남한산성입구(성남법원.검찰청),13982,12631,26613,1351,7,18,월
2022-07-18,8호선,단대오거리,10675,10563,21238,112,7,18,월
2022-07-18,8호선,신흥,4395,4771,9166,-376,7,18,월
2022-07-18,8호선,수진,5596,5193,10789,403,7,18,월
2022-07-18,8호선,모란,4547,3621,8168,926,7,18,월
2022-07-18,8호선,남위례,5729,6003,11732,-274,7,18,월
2022-07-18,9호선,개화,2931,1960,4891,971,7,18,월
2022-07-18,9호선,김포공항,7610,11532,19142,-3922,7,18,월
2022-07-18,9호선,공항시장,3080,3358,6438,-278,7,18,월
2022-07-18,9호선,신방화,7166,6988,14154,178,7,18,월
2022-07-18,9호선,마곡나루(서울식물원),12884,12811,25695,73,7,18,월
2022-07-18,9호선,양천향교,9966,10266,20232,-300,7,18,월
2022-07-18,9호선,가양,21914,21603,43517,311,7,18,월
2022-07-18,9호선,증미,7922,7737,15659,185,7,18,월
2022-07-18,9호선,등촌,12094,11731,23825,363,7,18,월
2022-07-18,9호선,염창,17973,17516,35489,457,7,18,월
2022-07-18,9호선,신목동,4633,3917,8550,716,7,18,월
2022-07-18,9호선,선유도,9346,9177,18523,169,7,18,월
2022-07-18,9호선,당산,18777,19243,38020,-466,7,18,월
2022-07-18,9호선,국회의사당,17060,17833,34893,-773,7,18,월
2022-07-18,9호선,여의도,30255,29432,59687,823,7,18,월
2022-07-18,9호선,샛강,6495,6503,12998,-8,7,18,월
2022-07-18,9호선,노량진,25741,25217,50958,524,7,18,월
2022-07-18,9호선,노들,4754,3995,8749,759,7,18,월
2022-07-18,9호선,흑석(중앙대입구),8384,8850,17234,-466,7,18,월
2022-07-18,9호선,동작(현충원),1938,1555,3493,383,7,18,월
2022-07-18,9호선,구반포,1284,1289,2573,-5,7,18,월
2022-07-18,9호선,신반포,3783,3791,7574,-8,7,18,월
2022-07-18,9호선,고속터미널,12897,16279,29176,-3382,7,18,월
2022-07-18,9호선,사평,3983,3887,7870,96,7,18,월
2022-07-18,9호선,신논현,32050,31324,63374,726,7,18,월
2022-07-18,9호선2~3단계,언주,11625,11938,23563,-313,7,18,월
2022-07-18,9호선2~3단계,선정릉,10627,11878,22505,-1251,7,18,월
2022-07-18,9호선2~3단계,삼성중앙,8070,8483,16553,-413,7,18,월
2022-07-18,9호선2~3단계,봉은사,18082,18656,36738,-574,7,18,월
2022-07-18,9호선2~3단계,종합운동장,4573,4403,8976,170,7,18,월
2022-07-18,9호선2~3단계,삼전,7353,6978,14331,375,7,18,월
2022-07-18,9호선2~3단계,석촌고분,6655,6494,13149,161,7,18,월
2022-07-18,9호선2~3단계,석촌,8986,7962,16948,1024,7,18,월
2022-07-18,9호선2~3단계,송파나루,5258,5679,10937,-421,7,18,월
2022-07-18,9호선2~3단계,한성백제,2766,2552,5318,214,7,18,월
2022-07-18,9호선2~3단계,올림픽공원(한국체대),6338,6453,12791,-115,7,18,월
2022-07-18,9호선2~3단계,둔촌오륜,1211,1183,2394,28,7,18,월
2022-07-18,9호선2~3단계,중앙보훈병원,11898,10564,22462,1334,7,18,월
2022-07-18,경강선,판교,5284,5293,10577,-9,7,18,월
2022-07-18,경강선,이매,1192,1054,2246,138,7,18,월
2022-07-18,경강선,삼동,2531,2348,4879,183,7,18,월
2022-07-18,경강선,경기광주,8169,7720,15889,449,7,18,월
2022-07-18,경강선,초월,3405,3295,6700,110,7,18,월
2022-07-18,경강선,곤지암,2155,2245,4400,-90,7,18,월
2022-07-18,경강선,신둔도예촌,1508,1425,2933,83,7,18,월
2022-07-18,경강선,이천,2676,2794,5470,-118,7,18,월
2022-07-18,경강선,부발,2080,2126,4206,-46,7,18,월
2022-07-18,경강선,세종대왕릉,387,373,760,14,7,18,월
2022-07-18,경강선,여주,2177,2154,4331,23,7,18,월
2022-07-18,경부선,서울역,7526,2320,9846,5206,7,18,월
2022-07-18,경부선,남영,9400,9833,19233,-433,7,18,월
2022-07-18,경부선,용산,36332,37527,73859,-1195,7,18,월
2022-07-18,경부선,노량진,7836,7594,15430,242,7,18,월
2022-07-18,경부선,대방,11686,12419,24105,-733,7,18,월
2022-07-18,경부선,영등포,36878,37855,74733,-977,7,18,월
2022-07-18,5호선,방이,7268,7485,14753,-217,7,18,월
2022-07-18,5호선,올림픽공원(한국체대),4460,3772,8232,688,7,18,월
2022-07-18,5호선,둔촌동,8187,8282,16469,-95,7,18,월
2022-07-18,5호선,상일동,15674,14300,29974,1374,7,18,월
2022-07-18,5호선,고덕,10393,10190,20583,203,7,18,월
2022-07-18,5호선,명일,8940,9261,18201,-321,7,18,월
2022-07-18,5호선,굽은다리(강동구민회관앞),9946,9566,19512,380,7,18,월
2022-07-18,5호선,길동,8331,8682,17013,-351,7,18,월
2022-07-18,5호선,강동,19074,18291,37365,783,7,18,월
2022-07-18,5호선,천호(풍납토성),17816,18213,36029,-397,7,18,월
2022-07-18,5호선,광나루(장신대),13351,12174,25525,1177,7,18,월
2022-07-18,5호선,아차산(어린이대공원후문),14263,13860,28123,403,7,18,월
2022-07-18,5호선,군자(능동),11113,12189,23302,-1076,7,18,월
2022-07-18,5호선,장한평,18858,18706,37564,152,7,18,월
2022-07-18,5호선,답십리,16592,15053,31645,1539,7,18,월
2022-07-18,5호선,마장,5707,5165,10872,542,7,18,월
2022-07-18,5호선,왕십리(성동구청),4393,5113,9506,-720,7,18,월
2022-07-18,5호선,행당,8443,7575,16018,868,7,18,월
2022-07-18,5호선,신금호,6650,6990,13640,-340,7,18,월
2022-07-18,5호선,청구,4036,3703,7739,333,7,18,월
2022-07-18,5호선,동대문역사문화공원(DDP),3254,3665,6919,-411,7,18,월
2022-07-18,5호선,을지로4가,6450,6658,13108,-208,7,18,월
2022-07-18,5호선,종로3가,12507,12545,25052,-38,7,18,월
2022-07-18,5호선,광화문(세종문화회관),31435,32695,64130,-1260,7,18,월
2022-07-18,5호선,서대문,20277,20641,40918,-364,7,18,월
2022-07-18,5호선,충정로(경기대입구),4691,4749,9440,-58,7,18,월
2022-07-18,5호선,애오개,7168,7085,14253,83,7,18,월
2022-07-18,5호선,공덕,15024,15805,30829,-781,7,18,월
2022-07-18,5호선,마포,14739,15182,29921,-443,7,18,월
2022-07-18,5호선,여의나루,12057,13283,25340,-1226,7,18,월
2022-07-18,5호선,여의도,29606,31913,61519,-2307,7,18,월
2022-07-18,5호선,신길,4351,4745,9096,-394,7,18,월
2022-07-18,5호선,영등포시장,10318,10386,20704,-68,7,18,월
2022-07-18,5호선,영등포구청,4326,4510,8836,-184,7,18,월
2022-07-18,5호선,양평,7925,7913,15838,12,7,18,월
2022-07-18,5호선,오목교(목동운동장앞),22080,23553,45633,-1473,7,18,월
2022-07-18,5호선,목동,17288,18501,35789,-1213,7,18,월
2022-07-18,5호선,신정(은행정),14611,11921,26532,2690,7,18,월
2022-07-18,5호선,까치산,29527,28019,57546,1508,7,18,월
2022-07-18,5호선,화곡,29251,27371,56622,1880,7,18,월
2022-07-18,5호선,우장산,15078,14830,29908,248,7,18,월
2022-07-18,5호선,발산,21362,21821,43183,-459,7,18,월
2022-07-18,5호선,마곡,11321,11484,22805,-163,7,18,월
2022-07-18,5호선,송정,6712,6243,12955,469,7,18,월
2022-07-18,5호선,김포공항,7908,7701,15609,207,7,18,월
2022-07-18,5호선,개화산,5745,5527,11272,218,7,18,월
2022-07-18,5호선,방화,7048,6684,13732,364,7,18,월
2022-07-18,4호선,남태령,1260,1106,2366,154,7,18,월
2022-07-18,4호선,사당,24772,20815,45587,3957,7,18,월
2022-07-18,4호선,총신대입구(이수),18864,20437,39301,-1573,7,18,월
2022-07-18,4호선,동작(현충원),1407,1516,2923,-109,7,18,월
2022-07-18,4호선,이촌(국립중앙박물관),8604,9681,18285,-1077,7,18,월
2022-07-18,4호선,신용산,17635,18628,36263,-993,7,18,월
2022-07-18,4호선,삼각지,5064,5541,10605,-477,7,18,월
2022-07-18,4호선,숙대입구(갈월),12868,12475,25343,393,7,18,월
2022-07-18,4호선,서울역,12089,17913,30002,-5824,7,18,월
2022-07-18,4호선,회현(남대문시장),25541,26580,52121,-1039,7,18,월
2022-07-18,4호선,명동,20423,20816,41239,-393,7,18,월
2022-07-18,4호선,충무로,26489,27745,54234,-1256,7,18,월
2022-07-18,4호선,동대문역사문화공원(DDP),15695,14173,29868,1522,7,18,월
2022-07-18,4호선,동대문,20730,21297,42027,-567,7,18,월
2022-07-18,4호선,혜화,30976,31082,62058,-106,7,18,월
2022-07-18,4호선,한성대입구(삼선교),12740,12344,25084,396,7,18,월
2022-07-18,4호선,성신여대입구(돈암),19601,19121,38722,480,7,18,월
2022-07-18,4호선,길음,20778,20507,41285,271,7,18,월
2022-07-18,4호선,미아사거리,27080,26529,53609,551,7,18,월
2022-07-18,4호선,미아(서울사이버대학),14906,14372,29278,534,7,18,월
2022-07-18,4호선,수유(강북구청),33350,33586,66936,-236,7,18,월
2022-07-18,4호선,쌍문,29028,27003,56031,2025,7,18,월
2022-07-18,4호선,창동,25653,27066,52719,-1413,7,18,월
2022-07-18,4호선,노원,18318,21058,39376,-2740,7,18,월
2022-07-18,4호선,상계,19667,18318,37985,1349,7,18,월
2022-07-18,4호선,당고개,9250,8252,17502,998,7,18,월
2022-07-18,3호선,오금,6529,5896,12425,633,7,18,월
2022-07-18,3호선,경찰병원,7748,7849,15597,-101,7,18,월
2022-07-18,3호선,가락시장,9273,8984,18257,289,7,18,월
2022-07-18,3호선,수서,17498,18289,35787,-791,7,18,월
2022-07-18,3호선,일원,11447,11096,22543,351,7,18,월
2022-07-18,3호선,대청,11080,10450,21530,630,7,18,월
2022-07-18,3호선,학여울,1795,1788,3583,7,7,18,월
2022-07-18,3호선,대치,11936,12123,24059,-187,7,18,월
2022-07-18,3호선,도곡,5783,5815,11598,-32,7,18,월
2022-07-18,3호선,매봉,13355,12727,26082,628,7,18,월
2022-07-18,3호선,양재(서초구청),38639,42765,81404,-4126,7,18,월
2022-07-18,3호선,남부터미널(예술의전당),29381,29783,59164,-402,7,18,월
2022-07-18,3호선,교대(법원.검찰청),15195,9986,25181,5209,7,18,월
2022-07-18,3호선,고속터미널,37353,35128,72481,2225,7,18,월
2022-07-18,3호선,잠원,5190,5027,10217,163,7,18,월
2022-07-18,3호선,신사,29681,31257,60938,-1576,7,18,월
2022-07-18,3호선,압구정,33739,36182,69921,-2443,7,18,월
2022-07-18,3호선,옥수,9090,9466,18556,-376,7,18,월
2022-07-18,3호선,금호,8087,7510,15597,577,7,18,월
2022-07-18,3호선,약수,13302,12886,26188,416,7,18,월
2022-07-18,3호선,동대입구,7487,7976,15463,-489,7,18,월
2022-07-18,3호선,충무로,1,0,1,1,7,18,월
2022-07-18,3호선,을지로3가,11346,11223,22569,123,7,18,월
2022-07-18,3호선,종로3가,10404,11980,22384,-1576,7,18,월
2022-07-18,3호선,안국,22769,22891,45660,-122,7,18,월
2022-07-18,3호선,경복궁(정부서울청사),20961,21662,42623,-701,7,18,월
2022-07-18,3호선,독립문,7222,7224,14446,-2,7,18,월
2022-07-18,3호선,무악재,4118,4005,8123,113,7,18,월
2022-07-18,3호선,홍제,17900,16766,34666,1134,7,18,월
2022-07-18,3호선,녹번,16028,14468,30496,1560,7,18,월
2022-07-18,3호선,불광,16339,17379,33718,-1040,7,18,월
2022-07-18,3호선,연신내,36807,34854,71661,1953,7,18,월
2022-07-18,3호선,구파발,21999,21210,43209,789,7,18,월
2022-07-18,3호선,지축,5559,5304,10863,255,7,18,월
2022-07-18,2호선,용두(동대문구청),2437,2448,4885,-11,7,18,월
2022-07-18,2호선,신정네거리,10565,10872,21437,-307,7,18,월
2022-07-18,2호선,양천구청,7169,7483,14652,-314,7,18,월
2022-07-18,2호선,도림천,1543,1652,3195,-109,7,18,월
2022-07-18,2호선,신설동,3484,3425,6909,59,7,18,월
2022-07-18,2호선,신답,1787,2063,3850,-276,7,18,월
2022-07-18,2호선,용답,2805,2730,5535,75,7,18,월
2022-07-18,2호선,충정로(경기대입구),10181,10782,20963,-601,7,18,월
2022-07-18,2호선,아현,10621,9968,20589,653,7,18,월
2022-07-18,2호선,이대,13904,15066,28970,-1162,7,18,월
2022-07-18,2호선,신촌,34962,35357,70319,-395,7,18,월
2022-07-18,2호선,홍대입구,56500,59738,116238,-3238,7,18,월
2022-07-18,2호선,합정,30336,32394,62730,-2058,7,18,월
2022-07-18,2호선,당산,18128,21768,39896,-3640,7,18,월
2022-07-18,2호선,영등포구청,23113,23881,46994,-768,7,18,월
2022-07-18,2호선,문래,22804,23441,46245,-637,7,18,월
2022-07-18,2호선,신도림,47897,47263,95160,634,7,18,월
2022-07-18,2호선,대림(구로구청),24505,25005,49510,-500,7,18,월
2022-07-18,2호선,구로디지털단지,61230,61410,122640,-180,7,18,월
2022-07-18,2호선,신대방,25895,25115,51010,780,7,18,월
2022-07-18,2호선,신림,58660,56094,114754,2566,7,18,월
2022-07-18,2호선,봉천,24797,23061,47858,1736,7,18,월
2022-07-18,2호선,서울대입구(관악구청),47440,47157,94597,283,7,18,월
2022-07-18,2호선,낙성대(강감찬),27953,27696,55649,257,7,18,월
2022-07-18,2호선,사당,37449,40960,78409,-3511,7,18,월
2022-07-18,2호선,방배,16448,17041,33489,-593,7,18,월
2022-07-18,2호선,서초,22786,22145,44931,641,7,18,월
2022-07-18,2호선,교대(법원.검찰청),35954,40824,76778,-4870,7,18,월
2022-07-18,2호선,강남,87595,84835,172430,2760,7,18,월
2022-07-18,2호선,역삼,56465,63763,120228,-7298,7,18,월
2022-07-18,2호선,선릉,62226,54974,117200,7252,7,18,월
2022-07-18,2호선,삼성(무역센터),55023,55501,110524,-478,7,18,월
2022-07-18,2호선,종합운동장,7357,8255,15612,-898,7,18,월
2022-07-18,2호선,잠실새내,22230,21943,44173,287,7,18,월
2022-07-18,2호선,잠실(송파구청),69223,69472,138695,-249,7,18,월
2022-07-18,2호선,잠실나루,15334,14845,30179,489,7,18,월
2022-07-18,2호선,강변(동서울터미널),32086,30767,62853,1319,7,18,월
2022-07-18,2호선,구의(광진구청),24145,23770,47915,375,7,18,월
2022-07-18,2호선,건대입구,33963,36779,70742,-2816,7,18,월
2022-07-18,2호선,성수,39993,43319,83312,-3326,7,18,월
2022-07-18,2호선,뚝섬,22668,24821,47489,-2153,7,18,월
2022-07-18,2호선,한양대,7832,8456,16288,-624,7,18,월
2022-07-18,2호선,왕십리(성동구청),15851,13458,29309,2393,7,18,월
2022-07-18,2호선,상왕십리,14721,14349,29070,372,7,18,월
2022-07-18,2호선,신당,14386,14580,28966,-194,7,18,월
2022-07-18,2호선,동대문역사문화공원(DDP),12998,14625,27623,-1627,7,18,월
2022-07-18,2호선,을지로4가,13836,13878,27714,-42,7,18,월
2022-07-18,2호선,을지로3가,24540,24578,49118,-38,7,18,월
2022-07-18,2호선,을지로입구,42651,43934,86585,-1283,7,18,월
2022-07-18,2호선,시청,23944,23668,47612,276,7,18,월
2022-07-18,1호선,동묘앞,7426,7975,15401,-549,7,18,월
2022-07-18,1호선,청량리(서울시립대입구),19503,19236,38739,267,7,18,월
2022-07-18,1호선,제기동,16824,16920,33744,-96,7,18,월
2022-07-18,1호선,신설동,14107,13745,27852,362,7,18,월
2022-07-18,1호선,동대문,10974,10253,21227,721,7,18,월
2022-07-18,1호선,종로5가,22973,22777,45750,196,7,18,월
2022-07-18,1호선,종로3가,25979,24010,49989,1969,7,18,월
2022-07-18,1호선,종각,38017,37878,75895,139,7,18,월
2022-07-18,1호선,시청,23220,23606,46826,-386,7,18,월
2022-07-18,1호선,서울역,46822,45348,92170,1474,7,18,월
2022-07-18,경부선,신도림,4233,4225,8458,8,7,18,월
2022-07-18,경부선,신길,9434,8216,17650,1218,7,18,월
2022-07-18,경부선,구로,18611,18302,36913,309,7,18,월
2022-07-18,경부선,가산디지털단지,19495,22446,41941,-2951,7,18,월
2022-07-18,경부선,금천구청,11909,11966,23875,-57,7,18,월
2022-07-18,경부선,석수,9764,8619,18383,1145,7,18,월
2022-07-18,경부선,관악,7427,7047,14474,380,7,18,월
2022-07-18,경부선,안양,22274,21775,44049,499,7,18,월
2022-07-18,경부선,명학,9528,9458,18986,70,7,18,월
2022-07-18,경부선,금정,27600,28058,55658,-458,7,18,월
2022-07-18,경부선,군포,7889,7840,15729,49,7,18,월
2022-07-18,경부선,의왕,9148,9166,18314,-18,7,18,월
2022-07-18,경부선,성균관대,14372,14270,28642,102,7,18,월
2022-07-18,경부선,화서,8518,8155,16673,363,7,18,월
2022-07-18,경부선,수원,32934,34905,67839,-1971,7,18,월
2022-07-18,경부선,독산,19452,20231,39683,-779,7,18,월
2022-07-18,경부선,세류,3116,2784,5900,332,7,18,월
2022-07-18,경부선,병점,14147,14076,28223,71,7,18,월
2022-07-18,경부선,세마,3015,2820,5835,195,7,18,월
2022-07-18,경부선,오산대,3496,3249,6745,247,7,18,월
2022-07-18,경부선,오산,9918,10058,19976,-140,7,18,월
2022-07-18,경부선,진위,1828,1666,3494,162,7,18,월
2022-07-18,경부선,송탄,4231,4112,8343,119,7,18,월
2022-07-18,경부선,서정리,7036,6863,13899,173,7,18,월
2022-07-18,경부선,평택지제,3873,3936,7809,-63,7,18,월
2022-07-18,경부선,평택,11415,11317,22732,98,7,18,월
2022-07-18,경부선,성환,3295,3448,6743,-153,7,18,월
2022-07-18,경부선,직산,935,813,1748,122,7,18,월
2022-07-18,경부선,두정,5256,5406,10662,-150,7,18,월
2022-07-18,경부선,천안,4912,5318,10230,-406,7,18,월
2022-07-18,경부선,당정,6323,5986,12309,337,7,18,월
2022-07-18,경부선,서동탄,1502,1250,2752,252,7,18,월
2022-07-18,경부선,광명,3756,3171,6927,585,7,18,월
2022-07-18,경원선,이촌(국립중앙박물관),3998,3052,7050,946,7,18,월
2022-07-18,경원선,서빙고,2020,1790,3810,230,7,18,월
2022-07-18,경원선,한남,4259,4073,8332,186,7,18,월
2022-07-18,경원선,옥수,46,39,85,7,7,18,월
2022-07-18,경원선,응봉,1961,1659,3620,302,7,18,월
2022-07-18,경원선,왕십리(성동구청),14623,16246,30869,-1623,7,18,월
2022-07-18,경원선,청량리(서울시립대입구),15281,15913,31194,-632,7,18,월
2022-07-18,경원선,외대앞,7503,7655,15158,-152,7,18,월
2022-07-18,경원선,신이문,8587,7896,16483,691,7,18,월
2022-07-18,경원선,석계,8138,9166,17304,-1028,7,18,월
2022-07-18,경원선,광운대,7445,7093,14538,352,7,18,월
2022-07-18,경원선,월계,6927,6446,13373,481,7,18,월
2022-07-18,경원선,녹천,5115,4193,9308,922,7,18,월
2022-07-18,경원선,방학,10177,9907,20084,270,7,18,월
2022-07-18,경원선,도봉,6282,5895,12177,387,7,18,월
2022-07-18,경원선,도봉산,7465,4916,12381,2549,7,18,월
2022-07-18,경원선,망월사,7921,8036,15957,-115,7,18,월
2022-07-18,경원선,회룡,13024,12952,25976,72,7,18,월
2022-07-18,경원선,의정부,17839,18216,36055,-377,7,18,월
2022-07-18,경원선,가능,7237,6747,13984,490,7,18,월
2022-07-18,경원선,녹양,4821,4588,9409,233,7,18,월
2022-07-18,경원선,양주,7815,7230,15045,585,7,18,월
2022-07-18,경원선,덕계,3432,3050,6482,382,7,18,월
2022-07-18,경원선,덕정,5600,5440,11040,160,7,18,월
2022-07-18,경원선,지행,6791,6681,13472,110,7,18,월
2022-07-18,경원선,동두천중앙,3290,3104,6394,186,7,18,월
2022-07-18,경원선,보산,1628,1409,3037,219,7,18,월
2022-07-18,경원선,동두천,2396,2479,4875,-83,7,18,월
2022-07-18,경원선,소요산,3092,2497,5589,595,7,18,월
2022-07-18,경의선,서울역,4967,6323,11290,-1356,7,18,월
2022-07-18,경의선,신촌,917,1226,2143,-309,7,18,월
2022-07-18,경의선,효창공원앞,3007,3456,6463,-449,7,18,월
2022-07-18,경의선,공덕,3877,3428,7305,449,7,18,월
2022-07-18,경의선,서강대,2204,2049,4253,155,7,18,월
2022-07-18,경의선,홍대입구,1748,2043,3791,-295,7,18,월
2022-07-18,경의선,가좌,5832,5478,11310,354,7,18,월
2022-07-18,경의선,디지털미디어시티,2773,2535,5308,238,7,18,월
2022-07-18,경의선,수색,3047,3189,6236,-142,7,18,월
2022-07-18,경의선,화전,2025,1923,3948,102,7,18,월
2022-07-18,경의선,강매,3443,3010,6453,433,7,18,월
2022-07-18,경의선,행신,8408,8609,17017,-201,7,18,월
2022-07-18,경의선,능곡,4136,3756,7892,380,7,18,월
2022-07-18,경의선,곡산,687,694,1381,-7,7,18,월
2022-07-18,경의선,백마,7509,7155,14664,354,7,18,월
2022-07-18,경의선,풍산,5901,5441,11342,460,7,18,월
2022-07-18,경의선,일산,10869,10526,21395,343,7,18,월
2022-07-18,경의선,탄현,8308,7791,16099,517,7,18,월
2022-07-18,경의선,야당,8328,8102,16430,226,7,18,월
2022-07-18,경의선,운정,7387,6776,14163,611,7,18,월
2022-07-18,경의선,금릉,5171,5015,10186,156,7,18,월
2022-07-18,경의선,금촌,6794,6659,13453,135,7,18,월
2022-07-18,경의선,월롱,2857,2781,5638,76,7,18,월
2022-07-18,경의선,파주,1286,801,2087,485,7,18,월
2022-07-18,경의선,문산,5622,5429,11051,193,7,18,월
2022-07-18,경의선,임진강,8,4,12,4,7,18,월
2022-07-18,경인선,개봉,21737,21282,43019,455,7,18,월
2022-07-18,경인선,오류동,11993,11434,23427,559,7,18,월
2022-07-18,경인선,역곡,27434,27555,54989,-121,7,18,월
2022-07-18,경인선,부천,32274,32027,64301,247,7,18,월
2022-07-18,경인선,송내,28242,27817,56059,425,7,18,월
2022-07-18,경인선,부평,29253,30920,60173,-1667,7,18,월
2022-07-18,경인선,백운,7076,6987,14063,89,7,18,월
2022-07-18,경인선,동암,15714,15542,31256,172,7,18,월
2022-07-18,경인선,주안,19283,17321,36604,1962,7,18,월
2022-07-18,경인선,제물포,11079,10499,21578,580,7,18,월
2022-07-18,경인선,동인천,13851,13149,27000,702,7,18,월
2022-07-18,경인선,인천,3638,2843,6481,795,7,18,월
2022-07-18,경인선,구일,6440,6309,12749,131,7,18,월
2022-07-18,경인선,소사,8459,8350,16809,109,7,18,월
2022-07-18,경인선,부개,9119,8412,17531,707,7,18,월
2022-07-18,경인선,간석,6270,5858,12128,412,7,18,월
2022-07-18,경인선,도원,3213,3299,6512,-86,7,18,월
2022-07-18,경인선,온수(성공회대입구),6888,6447,13335,441,7,18,월
2022-07-18,경인선,중동,9815,9077,18892,738,7,18,월
2022-07-18,경인선,도화,4408,4123,8531,285,7,18,월
2022-07-18,경춘선,신내,2437,2243,4680,194,7,18,월
2022-07-18,경춘선,갈매,3145,2744,5889,401,7,18,월
2022-07-18,경춘선,별내,3313,3097,6410,216,7,18,월
2022-07-18,경춘선,퇴계원,3764,3393,7157,371,7,18,월
2022-07-18,경춘선,사릉,2519,2367,4886,152,7,18,월
2022-07-18,경춘선,금곡,1603,1563,3166,40,7,18,월
2022-07-18,경춘선,평내호평,6631,6335,12966,296,7,18,월
2022-07-18,경춘선,천마산,1731,1588,3319,143,7,18,월
2022-07-18,경춘선,마석,4371,4395,8766,-24,7,18,월
2022-07-18,경춘선,대성리,835,1164,1999,-329,7,18,월
2022-07-18,경춘선,청평,2097,2129,4226,-32,7,18,월
2022-07-18,경춘선,상천,324,303,627,21,7,18,월
2022-07-18,경춘선,가평,2350,3010,5360,-660,7,18,월
2022-07-18,경춘선,굴봉산,138,127,265,11,7,18,월
2022-07-18,경춘선,백양리,115,114,229,1,7,18,월
2022-07-18,경춘선,강촌,498,493,991,5,7,18,월
2022-07-18,경춘선,김유정,359,323,682,36,7,18,월
2022-07-18,경춘선,남춘천,2347,2450,4797,-103,7,18,월
2022-07-18,경춘선,춘천,1335,1279,2614,56,7,18,월
2022-07-18,공항철도 1호선,서울역,9131,8429,17560,702,7,18,월
2022-07-18,공항철도 1호선,공덕,2589,3334,5923,-745,7,18,월
2022-07-18,공항철도 1호선,홍대입구,10690,10608,21298,82,7,18,월
2022-07-18,공항철도 1호선,디지털미디어시티,15181,14075,29256,1106,7,18,월
2022-07-18,공항철도 1호선,마곡나루(서울식물원),10188,9664,19852,524,7,18,월
2022-07-18,공항철도 1호선,김포공항,12250,7059,19309,5191,7,18,월
2022-07-18,공항철도 1호선,계양,11497,10606,22103,891,7,18,월
2022-07-18,공항철도 1호선,검암,6960,6863,13823,97,7,18,월
2022-07-18,공항철도 1호선,청라국제도시,7512,7004,14516,508,7,18,월
2022-07-18,공항철도 1호선,운서,7661,7945,15606,-284,7,18,월
2022-07-18,공항철도 1호선,공항화물청사,2487,2569,5056,-82,7,18,월
2022-07-18,공항철도 1호선,인천공항1터미널,7354,7206,14560,148,7,18,월
2022-07-18,공항철도 1호선,인천공항2터미널,3641,3165,6806,476,7,18,월
2022-07-18,공항철도 1호선,영종,3748,3700,7448,48,7,18,월
2022-07-18,과천선,선바위,7989,7076,15065,913,7,18,월
2022-07-18,과천선,경마공원,873,890,1763,-17,7,18,월
2022-07-18,과천선,대공원,2474,2611,5085,-137,7,18,월
2022-07-18,과천선,과천,6533,6126,12659,407,7,18,월
2022-07-18,과천선,정부과천청사,11428,11463,22891,-35,7,18,월
2022-07-18,과천선,인덕원,24342,25536,49878,-1194,7,18,월
2022-07-18,과천선,평촌,18786,18532,37318,254,7,18,월
2022-07-18,과천선,범계,25960,25980,51940,-20,7,18,월
2022-07-18,분당선,선릉,14884,22607,37491,-7723,7,18,월
2022-07-18,분당선,한티,15344,16643,31987,-1299,7,18,월
2022-07-18,분당선,도곡,7702,7740,15442,-38,7,18,월
2022-07-18,분당선,구룡,2472,2360,4832,112,7,18,월
2022-07-18,분당선,개포동,4243,4295,8538,-52,7,18,월
2022-07-18,분당선,대모산입구,4935,4613,9548,322,7,18,월
2022-07-18,분당선,수서,14345,14823,29168,-478,7,18,월
2022-07-18,분당선,수원,7923,6576,14499,1347,7,18,월
2022-07-18,분당선,서울숲,11481,11667,23148,-186,7,18,월
2022-07-18,분당선,압구정로데오,17375,19159,36534,-1784,7,18,월
2022-07-18,분당선,강남구청,10131,11555,21686,-1424,7,18,월
2022-07-18,분당선,선정릉,8383,8756,17139,-373,7,18,월
2022-07-18,분당선,가천대,6999,7743,14742,-744,7,18,월
2022-07-18,분당선,태평,13619,12990,26609,629,7,18,월
2022-07-18,분당선,모란,19631,19896,39527,-265,7,18,월
2022-07-18,분당선,야탑,26623,27409,54032,-786,7,18,월
2022-07-18,분당선,서현,26006,26135,52141,-129,7,18,월
2022-07-18,분당선,수내,14300,14268,28568,32,7,18,월
2022-07-18,분당선,정자,19074,20325,39399,-1251,7,18,월
2022-07-18,분당선,미금,15769,16953,32722,-1184,7,18,월
2022-07-18,분당선,오리,12100,10116,22216,1984,7,18,월
2022-07-18,분당선,이매,5986,5468,11454,518,7,18,월
2022-07-18,분당선,보정,2867,2577,5444,290,7,18,월
2022-07-18,분당선,죽전,12303,13752,26055,-1449,7,18,월
2022-07-18,분당선,구성,5310,5583,10893,-273,7,18,월
2022-07-18,분당선,신갈,4907,4697,9604,210,7,18,월
2022-07-18,분당선,기흥,10591,9794,20385,797,7,18,월
2022-07-18,분당선,상갈,5445,5209,10654,236,7,18,월
2022-07-18,분당선,청명,4554,4406,8960,148,7,18,월
2022-07-18,분당선,영통,8186,8597,16783,-411,7,18,월
2022-07-18,분당선,망포,15115,14450,29565,665,7,18,월
2022-07-18,분당선,매탄권선,5380,5368,10748,12,7,18,월
2022-07-18,분당선,수원시청,12788,13683,26471,-895,7,18,월
2022-07-18,분당선,매교,3447,3438,6885,9,7,18,월
2022-07-18,수인선,고색,4947,4590,9537,357,7,18,월
2022-07-18,수인선,오목천,3063,2851,5914,212,7,18,월
2022-07-18,수인선,어천,793,821,1614,-28,7,18,월
2022-07-18,수인선,야목,442,286,728,156,7,18,월
2022-07-18,수인선,사리,4900,4289,9189,611,7,18,월
2022-07-18,수인선,달월,130,96,226,34,7,18,월
2022-07-18,수인선,월곶,2873,2641,5514,232,7,18,월
2022-07-18,수인선,소래포구,4804,4375,9179,429,7,18,월
2022-07-18,수인선,인천논현,5651,6016,11667,-365,7,18,월
2022-07-18,수인선,호구포,4212,4375,8587,-163,7,18,월
2022-07-18,수인선,남동인더스파크,2309,2691,5000,-382,7,18,월
2022-07-18,수인선,원인재,4408,4532,8940,-124,7,18,월
2022-07-18,수인선,연수,4650,4494,9144,156,7,18,월
2022-07-18,수인선,송도,2482,2206,4688,276,7,18,월
2022-07-18,수인선,인하대,5893,5679,11572,214,7,18,월
2022-07-18,수인선,숭의,4172,3792,7964,380,7,18,월
2022-07-18,수인선,신포,1826,1814,3640,12,7,18,월
2022-07-18,수인선,인천,1083,1716,2799,-633,7,18,월
2022-07-18,신림선,샛강,2227,2687,4914,-460,7,18,월
2022-07-18,신림선,대방,1917,1533,3450,384,7,18,월
2022-07-18,신림선,서울지방병무청,2244,2511,4755,-267,7,18,월
2022-07-18,신림선,보라매,2872,2711,5583,161,7,18,월
2022-07-18,신림선,보라매공원,1815,1943,3758,-128,7,18,월
2022-07-18,신림선,보라매병원,6592,7004,13596,-412,7,18,월
2022-07-18,신림선,당곡,3570,3624,7194,-54,7,18,월
2022-07-18,신림선,신림,1627,2192,3819,-565,7,18,월
2022-07-18,신림선,서원,2833,2580,5413,253,7,18,월
2022-07-18,신림선,서울대벤처타운,6354,6462,12816,-108,7,18,월
2022-07-18,신림선,관악산(서울대),2904,2840,5744,64,7,18,월
2022-07-18,안산선,산본,16570,17913,34483,-1343,7,18,월
2022-07-18,안산선,대야미,5088,4625,9713,463,7,18,월
2022-07-18,안산선,반월,4574,4417,8991,157,7,18,월
2022-07-18,안산선,상록수,15791,16100,31891,-309,7,18,월
2022-07-18,안산선,한대앞,9105,9159,18264,-54,7,18,월
2022-07-18,안산선,중앙,17975,18494,36469,-519,7,18,월
2022-07-18,안산선,고잔,9252,8677,17929,575,7,18,월
2022-07-18,안산선,초지,4924,4867,9791,57,7,18,월
2022-07-18,안산선,안산,12207,11011,23218,1196,7,18,월
2022-07-18,안산선,신길온천,1874,1676,3550,198,7,18,월
2022-07-18,안산선,정왕,8303,8722,17025,-419,7,18,월
2022-07-18,안산선,오이도,8519,8327,16846,192,7,18,월
2022-07-18,안산선,수리산,4288,3455,7743,833,7,18,월
2022-07-18,우이신설선,북한산우이,2796,2521,5317,275,7,18,월
2022-07-18,우이신설선,솔밭공원,2573,2511,5084,62,7,18,월
2022-07-18,우이신설선,4.19민주묘지,3022,2790,5812,232,7,18,월
2022-07-18,우이신설선,가오리,4367,4386,8753,-19,7,18,월
2022-07-18,우이신설선,화계,3526,3382,6908,144,7,18,월
2022-07-18,우이신설선,삼양,2123,2250,4373,-127,7,18,월
2022-07-18,우이신설선,삼양사거리,2624,2530,5154,94,7,18,월
2022-07-18,우이신설선,솔샘,6148,5832,11980,316,7,18,월
2022-07-18,우이신설선,북한산보국문,6007,5814,11821,193,7,18,월
2022-07-18,우이신설선,정릉,4688,4317,9005,371,7,18,월
2022-07-18,우이신설선,성신여대입구(돈암),3460,3673,7133,-213,7,18,월
2022-07-18,우이신설선,보문,1603,1614,3217,-11,7,18,월
2022-07-18,우이신설선,신설동,2290,2189,4479,101,7,18,월
2022-07-18,일산선,원흥,11470,10832,22302,638,7,18,월
2022-07-18,일산선,삼송,20412,19677,40089,735,7,18,월
2022-07-18,일산선,원당,11264,10743,22007,521,7,18,월
2022-07-18,일산선,화정,17205,17406,34611,-201,7,18,월
2022-07-18,일산선,대곡,2278,1802,4080,476,7,18,월
2022-07-18,일산선,백석,9967,9974,19941,-7,7,18,월
2022-07-18,일산선,마두,7992,8039,16031,-47,7,18,월
2022-07-18,중앙선,구리,13861,13750,27611,111,7,18,월
2022-07-18,중앙선,도농,12041,10733,22774,1308,7,18,월
2022-07-18,중앙선,양정,774,647,1421,127,7,18,월
2022-07-18,중앙선,덕소,5892,5758,11650,134,7,18,월
2022-07-18,중앙선,도심,2696,2132,4828,564,7,18,월
2022-07-18,중앙선,팔당,942,958,1900,-16,7,18,월
2022-07-18,중앙선,운길산,742,720,1462,22,7,18,월
2022-07-18,중앙선,양수,2479,2450,4929,29,7,18,월
2022-07-18,중앙선,신원,231,205,436,26,7,18,월
2022-07-18,중앙선,국수,854,807,1661,47,7,18,월
2022-07-18,중앙선,아신,609,595,1204,14,7,18,월
2022-07-18,중앙선,오빈,350,330,680,20,7,18,월
2022-07-18,중앙선,양평,4001,4063,8064,-62,7,18,월
2022-07-18,중앙선,원덕,411,378,789,33,7,18,월
2022-07-18,중앙선,용문,2058,2036,4094,22,7,18,월
2022-07-18,중앙선,지평,66,87,153,-21,7,18,월
2022-07-18,일산선,정발산,7109,7261,14370,-152,7,18,월
2022-07-18,일산선,주엽,9850,9779,19629,71,7,18,월
2022-07-18,일산선,대화,13709,10611,24320,3098,7,18,월
2022-07-18,장항선,봉명,1297,1275,2572,22,7,18,월
2022-07-18,장항선,쌍용(나사렛대),1955,1867,3822,88,7,18,월
2022-07-18,장항선,아산,3055,2695,5750,360,7,18,월
2022-07-18,장항선,탕정,901,839,1740,62,7,18,월
2022-07-18,장항선,배방,1072,1076,2148,-4,7,18,월
2022-07-18,장항선,온양온천,3443,3546,6989,-103,7,18,월
2022-07-18,장항선,신창(순천향대),1162,1216,2378,-54,7,18,월
2022-07-18,중앙선,회기,24530,23900,48430,630,7,18,월
2022-07-18,중앙선,중랑,5939,5577,11516,362,7,18,월
2022-07-18,중앙선,상봉(시외버스터미널),5919,5880,11799,39,7,18,월
2022-07-18,중앙선,망우,7917,7579,15496,338,7,18,월
2022-07-18,중앙선,양원,3314,3198,6512,116,7,18,월
2022-07-19,9호선2~3단계,석촌,9141,8145,17286,996,7,19,화
2022-07-19,9호선2~3단계,송파나루,5442,5886,11328,-444,7,19,화
2022-07-19,9호선2~3단계,한성백제,2834,2557,5391,277,7,19,화
2022-07-19,9호선2~3단계,올림픽공원(한국체대),6613,6595,13208,18,7,19,화
2022-07-19,9호선2~3단계,둔촌오륜,1252,1132,2384,120,7,19,화
2022-07-19,9호선2~3단계,중앙보훈병원,12273,10686,22959,1587,7,19,화
2022-07-19,경강선,판교,5593,5530,11123,63,7,19,화
2022-07-19,경강선,이매,1297,1120,2417,177,7,19,화
2022-07-19,경강선,삼동,2693,2477,5170,216,7,19,화
2022-07-19,경강선,경기광주,8372,7956,16328,416,7,19,화
2022-07-19,경강선,초월,3410,3323,6733,87,7,19,화
2022-07-19,경강선,곤지암,2206,2194,4400,12,7,19,화
2022-07-19,경강선,신둔도예촌,1601,1480,3081,121,7,19,화
2022-07-19,경강선,이천,2717,2798,5515,-81,7,19,화
2022-07-19,경강선,부발,2054,2060,4114,-6,7,19,화
2022-07-19,경강선,세종대왕릉,355,362,717,-7,7,19,화
2022-07-19,경강선,여주,2151,2207,4358,-56,7,19,화
2022-07-19,경부선,서울역,6906,2087,8993,4819,7,19,화
2022-07-19,경부선,남영,9752,10200,19952,-448,7,19,화
2022-07-19,경부선,용산,37049,37471,74520,-422,7,19,화
2022-07-19,경부선,노량진,8024,7760,15784,264,7,19,화
2022-07-19,경부선,대방,12025,12847,24872,-822,7,19,화
2022-07-19,경부선,영등포,38878,40026,78904,-1148,7,19,화
2022-07-19,경부선,신도림,4301,4349,8650,-48,7,19,화
2022-07-19,경부선,신길,9639,8176,17815,1463,7,19,화
2022-07-19,경부선,구로,19172,19581,38753,-409,7,19,화
2022-07-19,경부선,가산디지털단지,19518,22782,42300,-3264,7,19,화
2022-07-19,경부선,금천구청,12399,12351,24750,48,7,19,화
2022-07-19,경부선,석수,9876,8902,18778,974,7,19,화
2022-07-19,경부선,관악,7724,7407,15131,317,7,19,화
2022-07-19,경부선,안양,22732,22204,44936,528,7,19,화
2022-07-19,경부선,명학,9766,9597,19363,169,7,19,화
2022-07-19,경부선,금정,28202,28544,56746,-342,7,19,화
2022-07-19,경부선,군포,7879,7785,15664,94,7,19,화
2022-07-19,경부선,의왕,9427,9332,18759,95,7,19,화
2022-07-19,경부선,성균관대,14745,14499,29244,246,7,19,화
2022-07-19,경부선,화서,8882,8495,17377,387,7,19,화
2022-07-19,경부선,수원,34262,36269,70531,-2007,7,19,화
2022-07-19,경부선,독산,19723,20626,40349,-903,7,19,화
2022-07-19,경부선,세류,3109,2872,5981,237,7,19,화
2022-07-19,경부선,병점,14607,14507,29114,100,7,19,화
2022-07-19,경부선,세마,3086,2909,5995,177,7,19,화
2022-07-19,경부선,오산대,3638,3342,6980,296,7,19,화
2022-07-19,경부선,오산,9719,9654,19373,65,7,19,화
2022-07-19,경부선,진위,1852,1731,3583,121,7,19,화
2022-07-19,경부선,송탄,4275,4207,8482,68,7,19,화
2022-07-19,경부선,서정리,7131,6630,13761,501,7,19,화
2022-07-19,경부선,평택지제,3871,3790,7661,81,7,19,화
2022-07-19,경부선,평택,11591,11486,23077,105,7,19,화
2022-07-19,경부선,성환,3421,3456,6877,-35,7,19,화
2022-07-19,경부선,직산,946,913,1859,33,7,19,화
2022-07-19,경부선,두정,5487,5467,10954,20,7,19,화
2022-07-19,경부선,천안,5354,5521,10875,-167,7,19,화
2022-07-19,경부선,당정,6621,6300,12921,321,7,19,화
2022-07-19,경부선,서동탄,1501,1301,2802,200,7,19,화
2022-07-19,경부선,광명,3520,3019,6539,501,7,19,화
2022-07-19,경원선,이촌(국립중앙박물관),4140,3074,7214,1066,7,19,화
2022-07-19,경원선,서빙고,2191,2005,4196,186,7,19,화
2022-07-19,경원선,한남,4295,4173,8468,122,7,19,화
2022-07-19,경원선,옥수,54,28,82,26,7,19,화
2022-07-19,경원선,응봉,1980,1728,3708,252,7,19,화
2022-07-19,경원선,왕십리(성동구청),14738,16602,31340,-1864,7,19,화
2022-07-19,경원선,청량리(서울시립대입구),15205,16190,31395,-985,7,19,화
2022-07-19,경원선,외대앞,7633,7783,15416,-150,7,19,화
2022-07-19,경원선,신이문,8801,8087,16888,714,7,19,화
2022-07-19,경원선,석계,8158,9236,17394,-1078,7,19,화
2022-07-19,경원선,광운대,7818,7552,15370,266,7,19,화
2022-07-19,경원선,월계,6738,6466,13204,272,7,19,화
2022-07-19,경원선,녹천,5106,4164,9270,942,7,19,화
2022-07-19,경원선,방학,10639,10225,20864,414,7,19,화
2022-07-19,경원선,도봉,6403,6207,12610,196,7,19,화
2022-07-19,경원선,도봉산,7964,5077,13041,2887,7,19,화
2022-07-19,경원선,망월사,7771,7880,15651,-109,7,19,화
2022-07-19,경원선,회룡,13342,13176,26518,166,7,19,화
2022-07-19,경원선,의정부,18751,19291,38042,-540,7,19,화
2022-07-19,경원선,가능,7321,7116,14437,205,7,19,화
2022-07-19,경원선,녹양,4826,4653,9479,173,7,19,화
2022-07-19,경원선,양주,7909,7451,15360,458,7,19,화
2022-07-19,경원선,덕계,3474,3117,6591,357,7,19,화
2022-07-19,경원선,덕정,5585,5372,10957,213,7,19,화
2022-07-19,경원선,지행,6824,6780,13604,44,7,19,화
2022-07-19,경원선,동두천중앙,3220,3117,6337,103,7,19,화
2022-07-19,경원선,보산,1595,1494,3089,101,7,19,화
2022-07-19,경원선,동두천,2342,2624,4966,-282,7,19,화
2022-07-19,경원선,소요산,2917,2519,5436,398,7,19,화
2022-07-19,경의선,서울역,4830,6077,10907,-1247,7,19,화
2022-07-19,경의선,신촌,972,1231,2203,-259,7,19,화
2022-07-19,경의선,효창공원앞,3078,3488,6566,-410,7,19,화
2022-07-19,경의선,공덕,3997,3509,7506,488,7,19,화
2022-07-19,6호선,독바위,3048,3161,6209,-113,7,19,화
2022-07-19,6호선,불광,4515,4641,9156,-126,7,19,화
2022-07-19,6호선,역촌,4006,4324,8330,-318,7,19,화
2022-07-19,6호선,응암,18147,18005,36152,142,7,19,화
2022-07-19,5호선,하남검단산,6330,6066,12396,264,7,19,화
2022-07-19,5호선,하남시청(덕풍·신장),7798,7496,15294,302,7,19,화
2022-07-19,5호선,하남풍산,4535,4422,8957,113,7,19,화
2022-07-19,5호선,미사,17152,17492,34644,-340,7,19,화
2022-07-19,5호선,강일,4782,4745,9527,37,7,19,화
2022-07-19,5호선,마천,7773,7467,15240,306,7,19,화
2022-07-19,경의선,서강대,2196,2053,4249,143,7,19,화
2022-07-19,경의선,홍대입구,1764,2137,3901,-373,7,19,화
2022-07-19,경의선,가좌,5816,5518,11334,298,7,19,화
2022-07-19,경의선,디지털미디어시티,2948,2625,5573,323,7,19,화
2022-07-19,경의선,수색,3229,3463,6692,-234,7,19,화
2022-07-19,경의선,화전,2105,1941,4046,164,7,19,화
2022-07-19,경의선,강매,3465,3020,6485,445,7,19,화
2022-07-19,경의선,행신,8524,8325,16849,199,7,19,화
2022-07-19,경의선,능곡,4095,3784,7879,311,7,19,화
2022-07-19,경의선,곡산,673,691,1364,-18,7,19,화
2022-07-19,경의선,백마,7465,7210,14675,255,7,19,화
2022-07-19,경의선,풍산,5970,5470,11440,500,7,19,화
2022-07-19,경의선,일산,10049,9804,19853,245,7,19,화
2022-07-19,경의선,탄현,8392,7883,16275,509,7,19,화
2022-07-19,경의선,야당,8505,8333,16838,172,7,19,화
2022-07-19,경의선,운정,7305,6733,14038,572,7,19,화
2022-07-19,경의선,금릉,5237,5182,10419,55,7,19,화
2022-07-19,경의선,금촌,6898,6780,13678,118,7,19,화
2022-07-19,경의선,월롱,2832,2585,5417,247,7,19,화
2022-07-19,경의선,파주,1223,828,2051,395,7,19,화
2022-07-19,경의선,문산,5709,5763,11472,-54,7,19,화
2022-07-19,경의선,임진강,9,10,19,-1,7,19,화
2022-07-19,경인선,개봉,22193,21703,43896,490,7,19,화
2022-07-19,경인선,오류동,12420,11431,23851,989,7,19,화
2022-07-19,경인선,역곡,28045,27928,55973,117,7,19,화
2022-07-19,경인선,부천,32611,32402,65013,209,7,19,화
2022-07-19,경인선,송내,28558,28496,57054,62,7,19,화
2022-07-19,경인선,부평,29413,31027,60440,-1614,7,19,화
2022-07-19,경인선,백운,7614,7405,15019,209,7,19,화
2022-07-19,경인선,동암,15934,16080,32014,-146,7,19,화
2022-07-19,경인선,주안,19312,17475,36787,1837,7,19,화
2022-07-19,경인선,제물포,10893,10431,21324,462,7,19,화
2022-07-19,경인선,동인천,14030,13520,27550,510,7,19,화
2022-07-19,경인선,인천,3935,3061,6996,874,7,19,화
2022-07-19,경인선,구일,6604,6369,12973,235,7,19,화
2022-07-19,경인선,소사,8666,8661,17327,5,7,19,화
2022-07-19,경인선,부개,9296,8463,17759,833,7,19,화
2022-07-19,경인선,간석,6335,5879,12214,456,7,19,화
2022-07-19,경인선,도원,3166,3188,6354,-22,7,19,화
2022-07-19,1호선,종로5가,23585,23529,47114,56,7,19,화
2022-07-19,1호선,종로3가,26471,24237,50708,2234,7,19,화
2022-07-19,1호선,종각,39144,38835,77979,309,7,19,화
2022-07-19,1호선,시청,24808,25201,50009,-393,7,19,화
2022-07-19,1호선,서울역,47044,45244,92288,1800,7,19,화
2022-07-19,2호선,시청,25625,25246,50871,379,7,19,화
2022-07-19,2호선,을지로입구,43920,45283,89203,-1363,7,19,화
2022-07-19,2호선,을지로3가,25231,25190,50421,41,7,19,화
2022-07-19,2호선,을지로4가,14404,14242,28646,162,7,19,화
2022-07-19,2호선,동대문역사문화공원(DDP),13146,14992,28138,-1846,7,19,화
2022-07-19,2호선,신당,14575,14769,29344,-194,7,19,화
2022-07-19,2호선,상왕십리,14884,14650,29534,234,7,19,화
2022-07-19,2호선,왕십리(성동구청),16191,13558,29749,2633,7,19,화
2022-07-19,2호선,한양대,7920,8441,16361,-521,7,19,화
2022-07-19,2호선,뚝섬,23696,25910,49606,-2214,7,19,화
2022-07-19,중앙선,양수,2557,2544,5101,13,7,19,화
2022-07-19,중앙선,신원,228,197,425,31,7,19,화
2022-07-19,중앙선,국수,799,776,1575,23,7,19,화
2022-07-19,중앙선,아신,638,611,1249,27,7,19,화
2022-07-19,중앙선,오빈,339,336,675,3,7,19,화
2022-07-19,중앙선,양평,3062,3005,6067,57,7,19,화
2022-07-19,중앙선,원덕,375,386,761,-11,7,19,화
2022-07-19,중앙선,용문,2092,2068,4160,24,7,19,화
2022-07-19,중앙선,지평,81,72,153,9,7,19,화
2022-07-19,2호선,성수,40362,43916,84278,-3554,7,19,화
2022-07-19,2호선,건대입구,35402,37695,73097,-2293,7,19,화
2022-07-19,2호선,구의(광진구청),24792,24197,48989,595,7,19,화
2022-07-19,2호선,강변(동서울터미널),31994,29951,61945,2043,7,19,화
2022-07-19,2호선,잠실나루,15962,15650,31612,312,7,19,화
2022-07-19,2호선,잠실(송파구청),76158,75940,152098,218,7,19,화
2022-07-19,2호선,잠실새내,22733,22441,45174,292,7,19,화
2022-07-19,2호선,종합운동장,8242,8209,16451,33,7,19,화
2022-07-19,2호선,삼성(무역센터),56200,57536,113736,-1336,7,19,화
2022-07-19,수인선,인천,1128,1748,2876,-620,7,19,화
2022-07-19,수인선,신포,1900,1908,3808,-8,7,19,화
2022-07-19,수인선,숭의,4123,3848,7971,275,7,19,화
2022-07-19,5호선,거여,10923,10294,21217,629,7,19,화
2022-07-19,5호선,개롱,7351,7508,14859,-157,7,19,화
2022-07-19,5호선,오금,4003,3999,8002,4,7,19,화
2022-07-19,5호선,방이,7525,7778,15303,-253,7,19,화
2022-07-19,5호선,올림픽공원(한국체대),4489,3925,8414,564,7,19,화
2022-07-19,5호선,둔촌동,8533,8657,17190,-124,7,19,화
2022-07-19,5호선,상일동,16000,14525,30525,1475,7,19,화
2022-07-19,5호선,고덕,10394,10352,20746,42,7,19,화
2022-07-19,5호선,명일,9156,9458,18614,-302,7,19,화
2022-07-19,5호선,굽은다리(강동구민회관앞),10144,9656,19800,488,7,19,화
2022-07-19,5호선,길동,8351,8655,17006,-304,7,19,화
2022-07-19,5호선,강동,19552,18666,38218,886,7,19,화
2022-07-19,5호선,천호(풍납토성),18769,18888,37657,-119,7,19,화
2022-07-19,5호선,광나루(장신대),14348,13148,27496,1200,7,19,화
2022-07-19,5호선,아차산(어린이대공원후문),14885,14363,29248,522,7,19,화
2022-07-19,5호선,군자(능동),11537,12520,24057,-983,7,19,화
2022-07-19,5호선,장한평,19669,19418,39087,251,7,19,화
2022-07-19,5호선,답십리,16810,15149,31959,1661,7,19,화
2022-07-19,5호선,마장,5735,5522,11257,213,7,19,화
2022-07-19,5호선,왕십리(성동구청),4679,5460,10139,-781,7,19,화
2022-07-19,5호선,행당,8798,7698,16496,1100,7,19,화
2022-07-19,5호선,신금호,6707,6969,13676,-262,7,19,화
2022-07-19,5호선,청구,4142,3879,8021,263,7,19,화
2022-07-19,5호선,동대문역사문화공원(DDP),3361,3868,7229,-507,7,19,화
2022-07-19,5호선,을지로4가,6625,6782,13407,-157,7,19,화
2022-07-19,5호선,종로3가,13139,13081,26220,58,7,19,화
2022-07-19,5호선,광화문(세종문화회관),33196,35046,68242,-1850,7,19,화
2022-07-19,5호선,서대문,20814,21325,42139,-511,7,19,화
2022-07-19,5호선,충정로(경기대입구),4800,4809,9609,-9,7,19,화
2022-07-19,5호선,애오개,7359,7326,14685,33,7,19,화
2022-07-19,5호선,공덕,15636,16337,31973,-701,7,19,화
2022-07-19,5호선,마포,15320,15764,31084,-444,7,19,화
2022-07-19,5호선,여의나루,12777,13786,26563,-1009,7,19,화
2022-07-19,5호선,여의도,30680,33032,63712,-2352,7,19,화
2022-07-19,5호선,신길,4418,4757,9175,-339,7,19,화
2022-07-19,5호선,영등포시장,10517,10993,21510,-476,7,19,화
2022-07-19,5호선,영등포구청,4271,4368,8639,-97,7,19,화
2022-07-19,5호선,양평,7964,7922,15886,42,7,19,화
2022-07-19,5호선,오목교(목동운동장앞),23173,24661,47834,-1488,7,19,화
2022-07-19,5호선,목동,17788,19015,36803,-1227,7,19,화
2022-07-19,5호선,신정(은행정),14710,11969,26679,2741,7,19,화
2022-07-19,5호선,까치산,30165,28692,58857,1473,7,19,화
2022-07-19,5호선,화곡,29894,27884,57778,2010,7,19,화
2022-07-19,5호선,우장산,15604,15249,30853,355,7,19,화
2022-07-19,5호선,발산,22307,23360,45667,-1053,7,19,화
2022-07-19,5호선,마곡,11796,11797,23593,-1,7,19,화
2022-07-19,5호선,송정,6798,6245,13043,553,7,19,화
2022-07-19,5호선,김포공항,8061,7650,15711,411,7,19,화
2022-07-19,5호선,개화산,6033,5667,11700,366,7,19,화
2022-07-19,5호선,방화,7068,6761,13829,307,7,19,화
2022-07-19,4호선,남태령,1341,1170,2511,171,7,19,화
2022-07-19,4호선,사당,26170,21968,48138,4202,7,19,화
2022-07-19,4호선,총신대입구(이수),19409,20896,40305,-1487,7,19,화
2022-07-19,4호선,동작(현충원),1494,1613,3107,-119,7,19,화
2022-07-19,4호선,이촌(국립중앙박물관),9214,10183,19397,-969,7,19,화
2022-07-19,4호선,신용산,18475,19759,38234,-1284,7,19,화
2022-07-19,4호선,삼각지,5402,6186,11588,-784,7,19,화
2022-07-19,4호선,숙대입구(갈월),13377,12884,26261,493,7,19,화
2022-07-19,4호선,서울역,12333,17928,30261,-5595,7,19,화
2022-07-19,4호선,회현(남대문시장),26094,27295,53389,-1201,7,19,화
2022-07-19,4호선,명동,20753,21353,42106,-600,7,19,화
2022-07-19,4호선,충무로,27295,28605,55900,-1310,7,19,화
2022-07-19,4호선,동대문역사문화공원(DDP),15963,14167,30130,1796,7,19,화
2022-07-19,4호선,동대문,21014,21514,42528,-500,7,19,화
2022-07-19,4호선,혜화,34300,34147,68447,153,7,19,화
2022-07-19,4호선,한성대입구(삼선교),13390,12887,26277,503,7,19,화
2022-07-19,4호선,성신여대입구(돈암),20340,19670,40010,670,7,19,화
2022-07-19,4호선,길음,21321,21000,42321,321,7,19,화
2022-07-19,4호선,미아사거리,27791,26970,54761,821,7,19,화
2022-07-19,4호선,미아(서울사이버대학),15044,14422,29466,622,7,19,화
2022-07-19,4호선,수유(강북구청),34326,34658,68984,-332,7,19,화
2022-07-19,4호선,쌍문,29606,27761,57367,1845,7,19,화
2022-07-19,4호선,창동,26018,27614,53632,-1596,7,19,화
2022-07-19,4호선,노원,19265,21716,40981,-2451,7,19,화
2022-07-19,4호선,상계,19707,18426,38133,1281,7,19,화
2022-07-19,4호선,당고개,9365,8381,17746,984,7,19,화
2022-07-19,3호선,오금,6675,5979,12654,696,7,19,화
2022-07-19,3호선,경찰병원,7836,7846,15682,-10,7,19,화
2022-07-19,3호선,가락시장,9580,9148,18728,432,7,19,화
2022-07-19,3호선,수서,17835,18191,36026,-356,7,19,화
2022-07-19,3호선,일원,11528,11267,22795,261,7,19,화
2022-07-19,3호선,대청,11168,10355,21523,813,7,19,화
2022-07-19,3호선,학여울,1912,1974,3886,-62,7,19,화
2022-07-19,3호선,대치,12205,12395,24600,-190,7,19,화
2022-07-19,3호선,도곡,5804,5693,11497,111,7,19,화
2022-07-19,3호선,매봉,13829,13174,27003,655,7,19,화
2022-07-19,3호선,양재(서초구청),39898,43558,83456,-3660,7,19,화
2022-07-19,3호선,남부터미널(예술의전당),30605,31494,62099,-889,7,19,화
2022-07-19,3호선,교대(법원.검찰청),15925,10545,26470,5380,7,19,화
2022-07-19,3호선,고속터미널,43076,41149,84225,1927,7,19,화
2022-07-19,3호선,잠원,5183,5107,10290,76,7,19,화
2022-07-19,3호선,신사,30439,32090,62529,-1651,7,19,화
2022-07-19,3호선,압구정,34486,36915,71401,-2429,7,19,화
2022-07-19,3호선,옥수,9465,9702,19167,-237,7,19,화
2022-07-19,3호선,금호,8294,7473,15767,821,7,19,화
2022-07-19,3호선,약수,13658,13100,26758,558,7,19,화
2022-07-19,3호선,동대입구,7809,8202,16011,-393,7,19,화
2022-07-19,3호선,을지로3가,11324,11625,22949,-301,7,19,화
2022-07-19,3호선,종로3가,10755,12261,23016,-1506,7,19,화
2022-07-19,3호선,안국,23532,24705,48237,-1173,7,19,화
2022-07-19,3호선,경복궁(정부서울청사),20693,20472,41165,221,7,19,화
2022-07-19,3호선,독립문,7649,7687,15336,-38,7,19,화
2022-07-19,3호선,무악재,4116,4140,8256,-24,7,19,화
2022-07-19,3호선,홍제,18035,16844,34879,1191,7,19,화
2022-07-19,3호선,녹번,16175,14723,30898,1452,7,19,화
2022-07-19,3호선,불광,16582,17610,34192,-1028,7,19,화
2022-07-19,3호선,연신내,37630,35468,73098,2162,7,19,화
2022-07-19,3호선,구파발,22297,21571,43868,726,7,19,화
2022-07-19,3호선,지축,5687,5338,11025,349,7,19,화
2022-07-19,2호선,용두(동대문구청),2383,2411,4794,-28,7,19,화
2022-07-19,2호선,신정네거리,10862,11001,21863,-139,7,19,화
2022-07-19,2호선,양천구청,7214,7520,14734,-306,7,19,화
2022-07-19,2호선,도림천,1525,1586,3111,-61,7,19,화
2022-07-19,2호선,신설동,3340,3228,6568,112,7,19,화
2022-07-19,2호선,신답,1780,2047,3827,-267,7,19,화
2022-07-19,2호선,충정로(경기대입구),10482,11258,21740,-776,7,19,화
2022-07-19,2호선,아현,10988,10339,21327,649,7,19,화
2022-07-19,2호선,이대,14191,15156,29347,-965,7,19,화
2022-07-19,2호선,신촌,35189,35937,71126,-748,7,19,화
2022-07-19,2호선,홍대입구,59048,62368,121416,-3320,7,19,화
2022-07-19,2호선,합정,31368,33499,64867,-2131,7,19,화
2022-07-19,2호선,당산,19055,22433,41488,-3378,7,19,화
2022-07-19,2호선,영등포구청,23098,24038,47136,-940,7,19,화
2022-07-19,2호선,문래,23729,24210,47939,-481,7,19,화
2022-07-19,2호선,신도림,49761,48817,98578,944,7,19,화
2022-07-19,2호선,대림(구로구청),24522,24872,49394,-350,7,19,화
2022-07-19,2호선,구로디지털단지,63076,63407,126483,-331,7,19,화
2022-07-19,2호선,신대방,26599,25953,52552,646,7,19,화
2022-07-19,2호선,신림,60136,57798,117934,2338,7,19,화
2022-07-19,2호선,봉천,25329,23795,49124,1534,7,19,화
2022-07-19,2호선,서울대입구(관악구청),48338,47504,95842,834,7,19,화
2022-07-19,2호선,낙성대(강감찬),28968,28163,57131,805,7,19,화
2022-07-19,2호선,사당,40055,43231,83286,-3176,7,19,화
2022-07-19,2호선,방배,17019,17950,34969,-931,7,19,화
2022-07-19,2호선,서초,23783,23024,46807,759,7,19,화
2022-07-19,2호선,교대(법원.검찰청),37325,42367,79692,-5042,7,19,화
2022-07-19,2호선,강남,91211,87936,179147,3275,7,19,화
2022-07-19,2호선,역삼,58920,67115,126035,-8195,7,19,화
2022-07-19,2호선,선릉,63770,56660,120430,7110,7,19,화
2022-07-19,수인선,인하대,6158,5853,12011,305,7,19,화
2022-07-19,수인선,송도,2469,2278,4747,191,7,19,화
2022-07-19,6호선,망원,14275,15321,29596,-1046,7,19,화
2022-07-19,1호선,동묘앞,7753,8167,15920,-414,7,19,화
2022-07-19,1호선,청량리(서울시립대입구),19784,19491,39275,293,7,19,화
2022-07-19,1호선,제기동,16810,16969,33779,-159,7,19,화
2022-07-19,1호선,신설동,14106,13694,27800,412,7,19,화
2022-07-19,2호선,용답,2752,2682,5434,70,7,19,화
2022-07-19,경인선,중동,9845,9229,19074,616,7,19,화
2022-07-19,경인선,도화,4452,4109,8561,343,7,19,화
2022-07-19,경춘선,신내,2430,2319,4749,111,7,19,화
2022-07-19,경춘선,갈매,3247,2840,6087,407,7,19,화
2022-07-19,경춘선,별내,3406,3130,6536,276,7,19,화
2022-07-19,경춘선,퇴계원,3702,3342,7044,360,7,19,화
2022-07-19,경춘선,사릉,2547,2467,5014,80,7,19,화
2022-07-19,경춘선,금곡,1648,1553,3201,95,7,19,화
2022-07-19,경춘선,평내호평,6434,6466,12900,-32,7,19,화
2022-07-19,경춘선,천마산,1751,1624,3375,127,7,19,화
2022-07-19,경춘선,마석,4101,4056,8157,45,7,19,화
2022-07-19,경춘선,대성리,1241,931,2172,310,7,19,화
2022-07-19,경춘선,청평,2179,2017,4196,162,7,19,화
2022-07-19,경춘선,상천,308,272,580,36,7,19,화
2022-07-19,경춘선,가평,2875,2767,5642,108,7,19,화
2022-07-19,경춘선,굴봉산,197,153,350,44,7,19,화
2022-07-19,경춘선,백양리,147,114,261,33,7,19,화
2022-07-19,경춘선,강촌,522,432,954,90,7,19,화
2022-07-19,경춘선,김유정,370,382,752,-12,7,19,화
2022-07-19,경춘선,남춘천,2288,2432,4720,-144,7,19,화
2022-07-19,경춘선,춘천,1343,1254,2597,89,7,19,화
2022-07-19,공항철도 1호선,서울역,8656,7636,16292,1020,7,19,화
2022-07-19,공항철도 1호선,공덕,2625,3502,6127,-877,7,19,화
2022-07-19,공항철도 1호선,홍대입구,10907,11156,22063,-249,7,19,화
2022-07-19,공항철도 1호선,디지털미디어시티,15824,14738,30562,1086,7,19,화
2022-07-19,공항철도 1호선,마곡나루(서울식물원),10582,9940,20522,642,7,19,화
2022-07-19,공항철도 1호선,김포공항,11589,7095,18684,4494,7,19,화
2022-07-19,공항철도 1호선,계양,11758,10931,22689,827,7,19,화
2022-07-19,공항철도 1호선,검암,7160,7025,14185,135,7,19,화
2022-07-19,공항철도 1호선,청라국제도시,7665,7038,14703,627,7,19,화
2022-07-19,공항철도 1호선,운서,7788,7997,15785,-209,7,19,화
2022-07-19,공항철도 1호선,공항화물청사,2487,2676,5163,-189,7,19,화
2022-07-19,공항철도 1호선,인천공항1터미널,7386,7194,14580,192,7,19,화
2022-07-19,공항철도 1호선,인천공항2터미널,3327,3222,6549,105,7,19,화
2022-07-19,공항철도 1호선,영종,3612,3649,7261,-37,7,19,화
2022-07-19,과천선,선바위,8307,7381,15688,926,7,19,화
2022-07-19,과천선,경마공원,1513,1528,3041,-15,7,19,화
2022-07-19,과천선,대공원,3393,3396,6789,-3,7,19,화
2022-07-19,과천선,과천,6835,6455,13290,380,7,19,화
2022-07-19,과천선,정부과천청사,11990,11865,23855,125,7,19,화
2022-07-19,과천선,인덕원,25284,26378,51662,-1094,7,19,화
2022-07-19,과천선,평촌,19306,18843,38149,463,7,19,화
2022-07-19,과천선,범계,27864,27813,55677,51,7,19,화
2022-07-19,분당선,선릉,15445,22935,38380,-7490,7,19,화
2022-07-19,분당선,한티,15861,17316,33177,-1455,7,19,화
2022-07-19,분당선,도곡,7760,7693,15453,67,7,19,화
2022-07-19,분당선,구룡,2451,2335,4786,116,7,19,화
2022-07-19,분당선,개포동,4299,4457,8756,-158,7,19,화
2022-07-19,분당선,대모산입구,5147,4802,9949,345,7,19,화
2022-07-19,분당선,수서,14653,15067,29720,-414,7,19,화
2022-07-19,분당선,수원,8408,6958,15366,1450,7,19,화
2022-07-19,분당선,서울숲,12064,12449,24513,-385,7,19,화
2022-07-19,분당선,압구정로데오,20140,22434,42574,-2294,7,19,화
2022-07-19,분당선,강남구청,10518,12012,22530,-1494,7,19,화
2022-07-19,분당선,선정릉,8604,9041,17645,-437,7,19,화
2022-07-19,분당선,가천대,7036,7779,14815,-743,7,19,화
2022-07-19,분당선,태평,14199,13637,27836,562,7,19,화
2022-07-19,분당선,모란,25164,25857,51021,-693,7,19,화
2022-07-19,분당선,야탑,27933,29009,56942,-1076,7,19,화
2022-07-19,분당선,서현,27802,28198,56000,-396,7,19,화
2022-07-19,분당선,수내,15391,15263,30654,128,7,19,화
2022-07-19,분당선,정자,19808,21076,40884,-1268,7,19,화
2022-07-19,분당선,미금,16684,17736,34420,-1052,7,19,화
2022-07-19,분당선,오리,12589,10294,22883,2295,7,19,화
2022-07-19,분당선,이매,6279,5943,12222,336,7,19,화
2022-07-19,분당선,보정,2946,2580,5526,366,7,19,화
2022-07-19,분당선,죽전,13884,15543,29427,-1659,7,19,화
2022-07-19,분당선,구성,5492,5802,11294,-310,7,19,화
2022-07-19,분당선,신갈,5086,5047,10133,39,7,19,화
2022-07-19,분당선,기흥,10933,10098,21031,835,7,19,화
2022-07-19,분당선,상갈,5820,5561,11381,259,7,19,화
2022-07-19,분당선,청명,4618,4453,9071,165,7,19,화
2022-07-19,분당선,영통,8715,8849,17564,-134,7,19,화
2022-07-19,분당선,망포,15572,14903,30475,669,7,19,화
2022-07-19,분당선,매탄권선,5580,5313,10893,267,7,19,화
2022-07-19,경인선,온수(성공회대입구),6922,6414,13336,508,7,19,화
2022-07-19,분당선,수원시청,13426,14584,28010,-1158,7,19,화
2022-07-19,분당선,매교,3353,3345,6698,8,7,19,화
2022-07-19,수인선,고색,5059,4742,9801,317,7,19,화
2022-07-19,수인선,오목천,3161,2986,6147,175,7,19,화
2022-07-19,수인선,어천,835,861,1696,-26,7,19,화
2022-07-19,수인선,야목,475,315,790,160,7,19,화
2022-07-19,수인선,사리,4967,4264,9231,703,7,19,화
2022-07-19,수인선,달월,120,79,199,41,7,19,화
2022-07-19,수인선,월곶,2889,2705,5594,184,7,19,화
2022-07-19,수인선,소래포구,4771,4510,9281,261,7,19,화
2022-07-19,수인선,인천논현,5808,6117,11925,-309,7,19,화
2022-07-19,수인선,호구포,4321,4508,8829,-187,7,19,화
2022-07-19,수인선,남동인더스파크,2417,2726,5143,-309,7,19,화
2022-07-19,수인선,원인재,4499,4645,9144,-146,7,19,화
2022-07-19,수인선,연수,4607,4563,9170,44,7,19,화
2022-07-19,신림선,샛강,2289,2817,5106,-528,7,19,화
2022-07-19,신림선,대방,1909,1674,3583,235,7,19,화
2022-07-19,신림선,서울지방병무청,2311,2442,4753,-131,7,19,화
2022-07-19,신림선,보라매,2922,2650,5572,272,7,19,화
2022-07-19,신림선,보라매공원,2108,2133,4241,-25,7,19,화
2022-07-19,신림선,보라매병원,6989,7493,14482,-504,7,19,화
2022-07-19,신림선,당곡,3663,3700,7363,-37,7,19,화
2022-07-19,신림선,신림,1677,2200,3877,-523,7,19,화
2022-07-19,신림선,서원,2897,2575,5472,322,7,19,화
2022-07-19,신림선,서울대벤처타운,6487,6633,13120,-146,7,19,화
2022-07-19,신림선,관악산(서울대),3312,3319,6631,-7,7,19,화
2022-07-19,안산선,산본,16403,17793,34196,-1390,7,19,화
2022-07-19,안산선,대야미,5300,4732,10032,568,7,19,화
2022-07-19,안산선,반월,4606,4504,9110,102,7,19,화
2022-07-19,안산선,상록수,16125,16341,32466,-216,7,19,화
2022-07-19,안산선,한대앞,9253,9392,18645,-139,7,19,화
2022-07-19,안산선,중앙,18565,19320,37885,-755,7,19,화
2022-07-19,안산선,고잔,9362,8943,18305,419,7,19,화
2022-07-19,안산선,초지,4981,4952,9933,29,7,19,화
2022-07-19,안산선,안산,12116,10932,23048,1184,7,19,화
2022-07-19,안산선,신길온천,1864,1713,3577,151,7,19,화
2022-07-19,안산선,정왕,8296,8849,17145,-553,7,19,화
2022-07-19,안산선,오이도,9025,8558,17583,467,7,19,화
2022-07-19,안산선,수리산,4353,3687,8040,666,7,19,화
2022-07-19,우이신설선,북한산우이,2962,2616,5578,346,7,19,화
2022-07-19,우이신설선,솔밭공원,2649,2522,5171,127,7,19,화
2022-07-19,우이신설선,4.19민주묘지,3043,2845,5888,198,7,19,화
2022-07-19,우이신설선,가오리,4361,4373,8734,-12,7,19,화
2022-07-19,우이신설선,화계,3619,3399,7018,220,7,19,화
2022-07-19,우이신설선,삼양,2075,2164,4239,-89,7,19,화
2022-07-19,우이신설선,삼양사거리,2593,2637,5230,-44,7,19,화
2022-07-19,우이신설선,솔샘,6112,5804,11916,308,7,19,화
2022-07-19,우이신설선,북한산보국문,6173,5908,12081,265,7,19,화
2022-07-19,우이신설선,정릉,4853,4449,9302,404,7,19,화
2022-07-19,우이신설선,성신여대입구(돈암),3332,3764,7096,-432,7,19,화
2022-07-19,우이신설선,보문,1626,1629,3255,-3,7,19,화
2022-07-19,우이신설선,신설동,2292,2247,4539,45,7,19,화
2022-07-19,일산선,원흥,11789,11174,22963,615,7,19,화
2022-07-19,일산선,지축,1,0,1,1,7,19,화
2022-07-19,일산선,삼송,20848,20168,41016,680,7,19,화
2022-07-19,일산선,원당,11633,11013,22646,620,7,19,화
2022-07-19,일산선,화정,17890,18006,35896,-116,7,19,화
2022-07-19,일산선,대곡,2402,1938,4340,464,7,19,화
2022-07-19,일산선,백석,10432,10355,20787,77,7,19,화
2022-07-19,일산선,마두,8006,8216,16222,-210,7,19,화
2022-07-19,일산선,정발산,7543,7686,15229,-143,7,19,화
2022-07-19,일산선,주엽,9894,9874,19768,20,7,19,화
2022-07-19,일산선,대화,13994,10895,24889,3099,7,19,화
2022-07-19,장항선,봉명,1465,1434,2899,31,7,19,화
2022-07-19,장항선,쌍용(나사렛대),2222,2076,4298,146,7,19,화
2022-07-19,장항선,아산,3057,2813,5870,244,7,19,화
2022-07-19,장항선,탕정,1019,905,1924,114,7,19,화
2022-07-19,장항선,배방,1196,1153,2349,43,7,19,화
2022-07-19,장항선,온양온천,4950,5028,9978,-78,7,19,화
2022-07-19,장항선,신창(순천향대),1283,1305,2588,-22,7,19,화
2022-07-19,중앙선,회기,24991,23987,48978,1004,7,19,화
2022-07-19,중앙선,중랑,6013,5540,11553,473,7,19,화
2022-07-19,중앙선,상봉(시외버스터미널),5968,6054,12022,-86,7,19,화
2022-07-19,중앙선,망우,8026,7747,15773,279,7,19,화
2022-07-19,중앙선,양원,3251,3136,6387,115,7,19,화
2022-07-19,중앙선,구리,14046,14062,28108,-16,7,19,화
2022-07-19,중앙선,도농,12099,10903,23002,1196,7,19,화
2022-07-19,중앙선,양정,712,569,1281,143,7,19,화
2022-07-19,중앙선,덕소,5887,5950,11837,-63,7,19,화
2022-07-19,중앙선,도심,2740,2115,4855,625,7,19,화
2022-07-19,중앙선,팔당,910,944,1854,-34,7,19,화
2022-07-19,중앙선,운길산,752,743,1495,9,7,19,화
2022-07-19,1호선,동대문,11031,10377,21408,654,7,19,화
2022-07-19,6호선,연신내,1,0,1,1,7,19,화
2022-07-19,6호선,구산,8050,6113,14163,1937,7,19,화
2022-07-19,6호선,새절(신사),13088,12062,25150,1026,7,19,화
2022-07-19,6호선,증산(명지대앞),10371,10260,20631,111,7,19,화
2022-07-19,6호선,디지털미디어시티,15324,17109,32433,-1785,7,19,화
2022-07-19,6호선,월드컵경기장(성산),4368,4619,8987,-251,7,19,화
2022-07-19,6호선,마포구청,15199,13626,28825,1573,7,19,화
2022-07-19,6호선,합정,13476,13350,26826,126,7,19,화
2022-07-19,6호선,상수,8634,9794,18428,-1160,7,19,화
2022-07-19,6호선,광흥창(서강),9842,9523,19365,319,7,19,화
2022-07-19,6호선,대흥(서강대앞),8785,9133,17918,-348,7,19,화
2022-07-19,6호선,공덕,19977,19272,39249,705,7,19,화
2022-07-19,6호선,효창공원앞,7331,6504,13835,827,7,19,화
2022-07-19,6호선,삼각지,7801,6643,14444,1158,7,19,화
2022-07-19,6호선,녹사평(용산구청),4926,4925,9851,1,7,19,화
2022-07-19,6호선,이태원,10141,10791,20932,-650,7,19,화
2022-07-19,분당선,복정,1,0,1,1,7,19,화
2022-07-19,6호선,한강진,8355,9619,17974,-1264,7,19,화
2022-07-19,6호선,버티고개,2230,2264,4494,-34,7,19,화
2022-07-19,6호선,약수,3816,3835,7651,-19,7,19,화
2022-07-19,6호선,청구,3918,4040,7958,-122,7,19,화
2022-07-19,6호선,신당,8214,8824,17038,-610,7,19,화
2022-07-19,6호선,동묘앞,8161,8408,16569,-247,7,19,화
2022-07-19,6호선,창신,3539,2817,6356,722,7,19,화
2022-07-19,6호선,보문,7934,7088,15022,846,7,19,화
2022-07-19,6호선,안암(고대병원앞),11469,11200,22669,269,7,19,화
2022-07-19,6호선,고려대(종암),8341,8104,16445,237,7,19,화
2022-07-19,6호선,월곡(동덕여대),12015,11809,23824,206,7,19,화
2022-07-19,6호선,상월곡(한국과학기술연구원),6495,5770,12265,725,7,19,화
2022-07-19,6호선,돌곶이,9650,9043,18693,607,7,19,화
2022-07-19,6호선,석계,12555,13196,25751,-641,7,19,화
2022-07-19,6호선,태릉입구,5597,6009,11606,-412,7,19,화
2022-07-19,6호선,화랑대(서울여대입구),12166,9410,21576,2756,7,19,화
2022-07-19,6호선,봉화산(서울의료원),9453,8941,18394,512,7,19,화
2022-07-19,6호선,신내,2,0,2,2,7,19,화
2022-07-19,7호선,장암,2493,1015,3508,1478,7,19,화
2022-07-19,7호선,도봉산,9367,10790,20157,-1423,7,19,화
2022-07-19,7호선,수락산,13374,13251,26625,123,7,19,화
2022-07-19,7호선,마들,13512,12802,26314,710,7,19,화
2022-07-19,7호선,노원,21010,21978,42988,-968,7,19,화
2022-07-19,7호선,중계,15397,14097,29494,1300,7,19,화
2022-07-19,7호선,하계,18770,17540,36310,1230,7,19,화
2022-07-19,7호선,공릉(서울과학기술대),12279,12397,24676,-118,7,19,화
2022-07-19,7호선,태릉입구,8780,8306,17086,474,7,19,화
2022-07-19,7호선,먹골,10602,10414,21016,188,7,19,화
2022-07-19,7호선,중화,11089,10937,22026,152,7,19,화
2022-07-19,7호선,상봉(시외버스터미널),17423,16456,33879,967,7,19,화
2022-07-19,7호선,면목,15627,15188,30815,439,7,19,화
2022-07-19,7호선,사가정,16465,16444,32909,21,7,19,화
2022-07-19,7호선,용마산(용마폭포공원),6285,6123,12408,162,7,19,화
2022-07-19,7호선,중곡,11527,10777,22304,750,7,19,화
2022-07-19,7호선,군자(능동),15709,12540,28249,3169,7,19,화
2022-07-19,7호선,어린이대공원(세종대),13660,13428,27088,232,7,19,화
2022-07-19,7호선,건대입구,12872,13611,26483,-739,7,19,화
2022-07-19,7호선,뚝섬유원지,10082,9488,19570,594,7,19,화
2022-07-19,7호선,청담,21342,24072,45414,-2730,7,19,화
2022-07-19,7호선,강남구청,17971,20117,38088,-2146,7,19,화
2022-07-19,7호선,학동,26491,27797,54288,-1306,7,19,화
2022-07-19,7호선,논현,20385,21485,41870,-1100,7,19,화
2022-07-19,7호선,반포,6279,6210,12489,69,7,19,화
2022-07-19,7호선,고속터미널,16994,14484,31478,2510,7,19,화
2022-07-19,7호선,내방,15627,15836,31463,-209,7,19,화
2022-07-19,7호선,이수,16972,16580,33552,392,7,19,화
2022-07-19,7호선,남성,11788,10914,22702,874,7,19,화
2022-07-19,7호선,숭실대입구(살피재),12237,12502,24739,-265,7,19,화
2022-07-19,7호선,상도,11647,11149,22796,498,7,19,화
2022-07-19,7호선,장승배기,9661,9509,19170,152,7,19,화
2022-07-19,7호선,신대방삼거리,16100,15467,31567,633,7,19,화
2022-07-19,7호선,보라매,8295,8413,16708,-118,7,19,화
2022-07-19,7호선,신풍,12403,11747,24150,656,7,19,화
2022-07-19,7호선,대림(구로구청),8207,8229,16436,-22,7,19,화
2022-07-19,7호선,남구로,16688,17403,34091,-715,7,19,화
2022-07-19,7호선,가산디지털단지,48221,48395,96616,-174,7,19,화
2022-07-19,7호선,철산,22264,22632,44896,-368,7,19,화
2022-07-19,7호선,광명사거리,22229,21921,44150,308,7,19,화
2022-07-19,7호선,천왕,12220,11806,24026,414,7,19,화
2022-07-19,7호선,온수(성공회대입구),10634,9729,20363,905,7,19,화
2022-07-19,8호선,암사,19952,17610,37562,2342,7,19,화
2022-07-19,8호선,천호(풍납토성),15188,17261,32449,-2073,7,19,화
2022-07-19,8호선,강동구청,11011,11429,22440,-418,7,19,화
2022-07-19,8호선,몽촌토성(평화의문),6403,6577,12980,-174,7,19,화
2022-07-19,8호선,잠실(송파구청),15234,18056,33290,-2822,7,19,화
2022-07-19,8호선,석촌,8071,9119,17190,-1048,7,19,화
2022-07-19,8호선,송파,9369,9149,18518,220,7,19,화
2022-07-19,8호선,가락시장,7979,8878,16857,-899,7,19,화
2022-07-19,8호선,문정,23472,24779,48251,-1307,7,19,화
2022-07-19,8호선,장지,18361,17623,35984,738,7,19,화
2022-07-19,8호선,복정,9872,8199,18071,1673,7,19,화
2022-07-19,8호선,산성,5432,5565,10997,-133,7,19,화
2022-07-19,8호선,남한산성입구(성남법원.검찰청),14364,12954,27318,1410,7,19,화
2022-07-19,8호선,단대오거리,11048,10845,21893,203,7,19,화
2022-07-19,8호선,신흥,4453,4747,9200,-294,7,19,화
2022-07-19,8호선,수진,5642,5239,10881,403,7,19,화
2022-07-19,8호선,모란,5922,4683,10605,1239,7,19,화
2022-07-19,8호선,남위례,5949,6143,12092,-194,7,19,화
2022-07-19,9호선,개화,2911,2003,4914,908,7,19,화
2022-07-19,9호선,김포공항,7755,11586,19341,-3831,7,19,화
2022-07-19,9호선,공항시장,3107,3432,6539,-325,7,19,화
2022-07-19,9호선,신방화,7309,7026,14335,283,7,19,화
2022-07-19,9호선,마곡나루(서울식물원),13209,13233,26442,-24,7,19,화
2022-07-19,9호선,양천향교,10087,10321,20408,-234,7,19,화
2022-07-19,9호선,가양,22215,21511,43726,704,7,19,화
2022-07-19,9호선,증미,7913,7740,15653,173,7,19,화
2022-07-19,9호선,등촌,12377,11951,24328,426,7,19,화
2022-07-19,9호선,염창,18425,17828,36253,597,7,19,화
2022-07-19,9호선,신목동,4613,3936,8549,677,7,19,화
2022-07-19,9호선,선유도,9542,9160,18702,382,7,19,화
2022-07-19,9호선,당산,19889,20040,39929,-151,7,19,화
2022-07-19,9호선,국회의사당,18727,19631,38358,-904,7,19,화
2022-07-19,9호선,여의도,31119,30200,61319,919,7,19,화
2022-07-19,9호선,샛강,6798,6916,13714,-118,7,19,화
2022-07-19,9호선,노량진,26277,25727,52004,550,7,19,화
2022-07-19,9호선,노들,5098,4217,9315,881,7,19,화
2022-07-19,9호선,흑석(중앙대입구),8525,8982,17507,-457,7,19,화
2022-07-19,9호선,동작(현충원),2230,1896,4126,334,7,19,화
2022-07-19,9호선,구반포,1320,1306,2626,14,7,19,화
2022-07-19,9호선,신반포,3799,3877,7676,-78,7,19,화
2022-07-19,9호선,고속터미널,13540,17299,30839,-3759,7,19,화
2022-07-19,9호선,사평,4202,4074,8276,128,7,19,화
2022-07-19,9호선,신논현,33305,32741,66046,564,7,19,화
2022-07-19,9호선2~3단계,언주,12052,12511,24563,-459,7,19,화
2022-07-19,9호선2~3단계,선정릉,11173,12298,23471,-1125,7,19,화
2022-07-19,9호선2~3단계,삼성중앙,8393,8913,17306,-520,7,19,화
2022-07-19,9호선2~3단계,봉은사,19020,19380,38400,-360,7,19,화
2022-07-19,9호선2~3단계,종합운동장,4525,4523,9048,2,7,19,화
2022-07-19,9호선2~3단계,삼전,7469,7261,14730,208,7,19,화
2022-07-19,9호선2~3단계,석촌고분,6606,6484,13090,122,7,19,화
2022-07-20,5호선,군자(능동),11807,12856,24663,-1049,7,20,수
2022-07-20,5호선,광나루(장신대),14189,12848,27037,1341,7,20,수
2022-07-20,5호선,천호(풍납토성),19204,19140,38344,64,7,20,수
2022-07-20,5호선,강동,19406,18902,38308,504,7,20,수
2022-07-20,5호선,길동,8546,8728,17274,-182,7,20,수
2022-07-20,5호선,굽은다리(강동구민회관앞),10455,10047,20502,408,7,20,수
2022-07-20,5호선,명일,9310,9608,18918,-298,7,20,수
2022-07-20,5호선,고덕,10719,10828,21547,-109,7,20,수
2022-07-20,5호선,상일동,16021,14727,30748,1294,7,20,수
2022-07-20,5호선,둔촌동,8499,8575,17074,-76,7,20,수
2022-07-20,5호선,올림픽공원(한국체대),4397,3794,8191,603,7,20,수
2022-07-20,5호선,방이,7413,7907,15320,-494,7,20,수
2022-07-20,5호선,오금,3775,3767,7542,8,7,20,수
2022-07-20,5호선,개롱,6886,7132,14018,-246,7,20,수
2022-07-20,5호선,거여,10884,10421,21305,463,7,20,수
2022-07-20,5호선,마천,7660,7321,14981,339,7,20,수
2022-07-20,5호선,강일,4685,4649,9334,36,7,20,수
2022-07-20,5호선,미사,17615,17634,35249,-19,7,20,수
2022-07-20,5호선,하남풍산,4601,4488,9089,113,7,20,수
2022-07-20,7호선,반포,6335,6157,12492,178,7,20,수
2022-07-20,수인선,숭의,4225,3912,8137,313,7,20,수
2022-07-20,수인선,신포,1858,1882,3740,-24,7,20,수
2022-07-20,수인선,인천,1050,1819,2869,-769,7,20,수
2022-07-20,신림선,샛강,2291,2828,5119,-537,7,20,수
2022-07-20,신림선,대방,2022,1575,3597,447,7,20,수
2022-07-20,신림선,서울지방병무청,2286,2521,4807,-235,7,20,수
2022-07-20,신림선,보라매,2995,2709,5704,286,7,20,수
2022-07-20,신림선,보라매공원,1823,1976,3799,-153,7,20,수
2022-07-20,중앙선,지평,111,102,213,9,7,20,수
2022-07-20,중앙선,용문,3445,3478,6923,-33,7,20,수
2022-07-20,중앙선,원덕,378,353,731,25,7,20,수
2022-07-20,중앙선,양평,3069,3074,6143,-5,7,20,수
2022-07-20,중앙선,오빈,349,351,700,-2,7,20,수
2022-07-20,중앙선,아신,661,649,1310,12,7,20,수
2022-07-20,중앙선,국수,886,854,1740,32,7,20,수
2022-07-20,중앙선,신원,214,172,386,42,7,20,수
2022-07-20,중앙선,양수,2440,2444,4884,-4,7,20,수
2022-07-20,중앙선,운길산,762,713,1475,49,7,20,수
2022-07-20,중앙선,팔당,971,993,1964,-22,7,20,수
2022-07-20,중앙선,도심,2732,2161,4893,571,7,20,수
2022-07-20,중앙선,덕소,6048,5932,11980,116,7,20,수
2022-07-20,중앙선,양정,751,652,1403,99,7,20,수
2022-07-20,중앙선,도농,12006,10815,22821,1191,7,20,수
2022-07-20,중앙선,구리,14394,14541,28935,-147,7,20,수
2022-07-20,중앙선,양원,3417,3345,6762,72,7,20,수
2022-07-20,중앙선,망우,8117,7930,16047,187,7,20,수
2022-07-20,중앙선,상봉(시외버스터미널),5974,6066,12040,-92,7,20,수
2022-07-20,중앙선,중랑,6181,5735,11916,446,7,20,수
2022-07-20,중앙선,회기,25264,24402,49666,862,7,20,수
2022-07-20,장항선,신창(순천향대),1263,1218,2481,45,7,20,수
2022-07-20,장항선,온양온천,3616,3787,7403,-171,7,20,수
2022-07-20,장항선,배방,1121,1049,2170,72,7,20,수
2022-07-20,장항선,탕정,983,870,1853,113,7,20,수
2022-07-20,장항선,아산,3039,2781,5820,258,7,20,수
2022-07-20,장항선,쌍용(나사렛대),2088,1910,3998,178,7,20,수
2022-07-20,8호선,석촌,8138,9321,17459,-1183,7,20,수
2022-07-20,장항선,봉명,1424,1369,2793,55,7,20,수
2022-07-20,일산선,대화,13886,10836,24722,3050,7,20,수
2022-07-20,일산선,주엽,9918,9997,19915,-79,7,20,수
2022-07-20,일산선,정발산,8011,7908,15919,103,7,20,수
2022-07-20,일산선,마두,8417,8672,17089,-255,7,20,수
2022-07-20,일산선,백석,10441,10334,20775,107,7,20,수
2022-07-20,일산선,대곡,2312,1841,4153,471,7,20,수
2022-07-20,일산선,화정,17910,18178,36088,-268,7,20,수
2022-07-20,일산선,원당,11787,11097,22884,690,7,20,수
2022-07-20,일산선,삼송,20869,20134,41003,735,7,20,수
2022-07-20,일산선,원흥,11898,11130,23028,768,7,20,수
2022-07-20,우이신설선,신설동,2174,2185,4359,-11,7,20,수
2022-07-20,우이신설선,보문,1574,1585,3159,-11,7,20,수
2022-07-20,우이신설선,성신여대입구(돈암),3584,3992,7576,-408,7,20,수
2022-07-20,우이신설선,정릉,4878,4516,9394,362,7,20,수
2022-07-20,우이신설선,북한산보국문,6285,5956,12241,329,7,20,수
2022-07-20,우이신설선,솔샘,6163,5827,11990,336,7,20,수
2022-07-20,우이신설선,삼양사거리,2591,2575,5166,16,7,20,수
2022-07-20,우이신설선,삼양,2123,2235,4358,-112,7,20,수
2022-07-20,우이신설선,화계,3556,3408,6964,148,7,20,수
2022-07-20,우이신설선,가오리,4445,4486,8931,-41,7,20,수
2022-07-20,우이신설선,4.19민주묘지,3075,2818,5893,257,7,20,수
2022-07-20,우이신설선,솔밭공원,2611,2513,5124,98,7,20,수
2022-07-20,우이신설선,북한산우이,2986,2718,5704,268,7,20,수
2022-07-20,안산선,수리산,4332,3533,7865,799,7,20,수
2022-07-20,안산선,오이도,9146,8818,17964,328,7,20,수
2022-07-20,안산선,정왕,8075,8538,16613,-463,7,20,수
2022-07-20,안산선,신길온천,1935,1753,3688,182,7,20,수
2022-07-20,안산선,안산,12161,11179,23340,982,7,20,수
2022-07-20,안산선,초지,5098,5141,10239,-43,7,20,수
2022-07-20,안산선,고잔,9485,9068,18553,417,7,20,수
2022-07-20,안산선,중앙,18933,20042,38975,-1109,7,20,수
2022-07-20,안산선,한대앞,9330,9211,18541,119,7,20,수
2022-07-20,안산선,상록수,16292,15678,31970,614,7,20,수
2022-07-20,안산선,반월,4649,4473,9122,176,7,20,수
2022-07-20,안산선,대야미,5280,4717,9997,563,7,20,수
2022-07-20,안산선,산본,16895,18086,34981,-1191,7,20,수
2022-07-20,신림선,관악산(서울대),3131,3146,6277,-15,7,20,수
2022-07-20,신림선,서울대벤처타운,6440,6648,13088,-208,7,20,수
2022-07-20,신림선,서원,2825,2622,5447,203,7,20,수
2022-07-20,신림선,신림,1700,2315,4015,-615,7,20,수
2022-07-20,신림선,당곡,3769,3693,7462,76,7,20,수
2022-07-20,신림선,보라매병원,6939,7335,14274,-396,7,20,수
2022-07-20,수인선,인하대,6019,5677,11696,342,7,20,수
2022-07-20,수인선,송도,2497,2324,4821,173,7,20,수
2022-07-20,수인선,연수,4707,4707,9414,0,7,20,수
2022-07-20,수인선,원인재,4534,4751,9285,-217,7,20,수
2022-07-20,수인선,남동인더스파크,2484,2743,5227,-259,7,20,수
2022-07-20,수인선,호구포,4405,4510,8915,-105,7,20,수
2022-07-20,수인선,인천논현,6015,6397,12412,-382,7,20,수
2022-07-20,수인선,소래포구,5034,4626,9660,408,7,20,수
2022-07-20,수인선,월곶,3049,2839,5888,210,7,20,수
2022-07-20,수인선,달월,128,79,207,49,7,20,수
2022-07-20,수인선,사리,4973,4387,9360,586,7,20,수
2022-07-20,수인선,야목,445,331,776,114,7,20,수
2022-07-20,수인선,어천,884,915,1799,-31,7,20,수
2022-07-20,수인선,오목천,3312,3004,6316,308,7,20,수
2022-07-20,수인선,고색,5119,4734,9853,385,7,20,수
2022-07-20,분당선,매교,3431,3383,6814,48,7,20,수
2022-07-20,분당선,수원시청,13722,14853,28575,-1131,7,20,수
2022-07-20,분당선,매탄권선,5735,5561,11296,174,7,20,수
2022-07-20,분당선,망포,16007,15216,31223,791,7,20,수
2022-07-20,분당선,영통,8953,9320,18273,-367,7,20,수
2022-07-20,분당선,청명,4727,4551,9278,176,7,20,수
2022-07-20,분당선,상갈,5879,5815,11694,64,7,20,수
2022-07-20,분당선,기흥,11149,10218,21367,931,7,20,수
2022-07-20,분당선,신갈,5170,5069,10239,101,7,20,수
2022-07-20,분당선,구성,5469,5733,11202,-264,7,20,수
2022-07-20,분당선,죽전,13884,15499,29383,-1615,7,20,수
2022-07-20,분당선,보정,3128,2583,5711,545,7,20,수
2022-07-20,분당선,이매,6436,5728,12164,708,7,20,수
2022-07-20,분당선,오리,12810,10465,23275,2345,7,20,수
2022-07-20,분당선,미금,17002,18083,35085,-1081,7,20,수
2022-07-20,분당선,정자,20259,21442,41701,-1183,7,20,수
2022-07-20,분당선,수내,15015,15150,30165,-135,7,20,수
2022-07-20,분당선,서현,27736,27953,55689,-217,7,20,수
2022-07-20,분당선,야탑,28418,29776,58194,-1358,7,20,수
2022-07-20,분당선,모란,20521,20744,41265,-223,7,20,수
2022-07-20,분당선,태평,14150,13509,27659,641,7,20,수
2022-07-20,분당선,가천대,7249,7956,15205,-707,7,20,수
2022-07-20,분당선,선정릉,8374,9021,17395,-647,7,20,수
2022-07-20,분당선,강남구청,10281,11905,22186,-1624,7,20,수
2022-07-20,분당선,압구정로데오,20408,22342,42750,-1934,7,20,수
2022-07-20,분당선,서울숲,12161,12683,24844,-522,7,20,수
2022-07-20,분당선,수원,8433,7130,15563,1303,7,20,수
2022-07-20,분당선,수서,14369,14801,29170,-432,7,20,수
2022-07-20,분당선,대모산입구,4934,4545,9479,389,7,20,수
2022-07-20,분당선,개포동,4416,4554,8970,-138,7,20,수
2022-07-20,분당선,구룡,2515,2464,4979,51,7,20,수
2022-07-20,분당선,도곡,7747,7654,15401,93,7,20,수
2022-07-20,분당선,한티,16602,17528,34130,-926,7,20,수
2022-07-20,분당선,선릉,15216,23014,38230,-7798,7,20,수
2022-07-20,과천선,범계,27902,27606,55508,296,7,20,수
2022-07-20,과천선,평촌,18858,18790,37648,68,7,20,수
2022-07-20,과천선,인덕원,25397,26255,51652,-858,7,20,수
2022-07-20,과천선,정부과천청사,11667,11543,23210,124,7,20,수
2022-07-20,과천선,과천,6849,6538,13387,311,7,20,수
2022-07-20,과천선,대공원,2923,3012,5935,-89,7,20,수
2022-07-20,과천선,경마공원,1714,1716,3430,-2,7,20,수
2022-07-20,과천선,선바위,8511,7556,16067,955,7,20,수
2022-07-20,공항철도 1호선,영종,3747,3708,7455,39,7,20,수
2022-07-20,공항철도 1호선,인천공항2터미널,3602,3523,7125,79,7,20,수
2022-07-20,공항철도 1호선,인천공항1터미널,7669,7884,15553,-215,7,20,수
2022-07-20,공항철도 1호선,공항화물청사,2457,2609,5066,-152,7,20,수
2022-07-20,공항철도 1호선,운서,8015,8045,16060,-30,7,20,수
2022-07-20,공항철도 1호선,청라국제도시,7732,7118,14850,614,7,20,수
2022-07-20,공항철도 1호선,검암,7185,7112,14297,73,7,20,수
2022-07-20,공항철도 1호선,계양,11872,10708,22580,1164,7,20,수
2022-07-20,공항철도 1호선,김포공항,11731,7025,18756,4706,7,20,수
2022-07-20,공항철도 1호선,마곡나루(서울식물원),10294,9772,20066,522,7,20,수
2022-07-20,공항철도 1호선,디지털미디어시티,15593,14523,30116,1070,7,20,수
2022-07-20,공항철도 1호선,홍대입구,11316,11326,22642,-10,7,20,수
2022-07-20,공항철도 1호선,공덕,2630,3466,6096,-836,7,20,수
2022-07-20,공항철도 1호선,서울역,8929,8008,16937,921,7,20,수
2022-07-20,경춘선,춘천,1350,1235,2585,115,7,20,수
2022-07-20,경춘선,남춘천,2423,2510,4933,-87,7,20,수
2022-07-20,경춘선,김유정,364,402,766,-38,7,20,수
2022-07-20,경춘선,강촌,537,467,1004,70,7,20,수
2022-07-20,경춘선,백양리,139,130,269,9,7,20,수
2022-07-20,경춘선,굴봉산,185,145,330,40,7,20,수
2022-07-20,경춘선,가평,2961,2859,5820,102,7,20,수
2022-07-20,경춘선,상천,297,284,581,13,7,20,수
2022-07-20,경춘선,청평,2101,2052,4153,49,7,20,수
2022-07-20,경춘선,대성리,963,1137,2100,-174,7,20,수
2022-07-20,경춘선,마석,4267,4026,8293,241,7,20,수
2022-07-20,경춘선,천마산,1782,1643,3425,139,7,20,수
2022-07-20,경춘선,평내호평,6735,6532,13267,203,7,20,수
2022-07-20,경춘선,금곡,1605,1510,3115,95,7,20,수
2022-07-20,경춘선,사릉,2517,2436,4953,81,7,20,수
2022-07-20,경춘선,퇴계원,3745,3420,7165,325,7,20,수
2022-07-20,경춘선,별내,3371,3172,6543,199,7,20,수
2022-07-20,경춘선,갈매,3143,2669,5812,474,7,20,수
2022-07-20,경춘선,신내,2379,2258,4637,121,7,20,수
2022-07-20,경인선,도화,4495,4195,8690,300,7,20,수
2022-07-20,경인선,중동,9937,9346,19283,591,7,20,수
2022-07-20,경인선,온수(성공회대입구),7013,6629,13642,384,7,20,수
2022-07-20,경인선,도원,3259,3270,6529,-11,7,20,수
2022-07-20,경인선,간석,6211,5911,12122,300,7,20,수
2022-07-20,경인선,부개,9160,8549,17709,611,7,20,수
2022-07-20,경인선,소사,8615,8577,17192,38,7,20,수
2022-07-20,경인선,구일,6600,6425,13025,175,7,20,수
2022-07-20,경인선,인천,3865,2956,6821,909,7,20,수
2022-07-20,경인선,동인천,14886,14170,29056,716,7,20,수
2022-07-20,경인선,제물포,10827,10272,21099,555,7,20,수
2022-07-20,경인선,주안,19733,17752,37485,1981,7,20,수
2022-07-20,경인선,동암,16312,16268,32580,44,7,20,수
2022-07-20,경인선,백운,7330,7121,14451,209,7,20,수
2022-07-20,경인선,부평,30538,32139,62677,-1601,7,20,수
2022-07-20,경인선,송내,28914,28690,57604,224,7,20,수
2022-07-20,경인선,부천,33737,33575,67312,162,7,20,수
2022-07-20,경인선,역곡,28208,27937,56145,271,7,20,수
2022-07-20,경인선,오류동,12386,11536,23922,850,7,20,수
2022-07-20,경인선,개봉,22574,22118,44692,456,7,20,수
2022-07-20,경의선,김포공항,1,0,1,1,7,20,수
2022-07-20,경의선,임진강,25,7,32,18,7,20,수
2022-07-20,경의선,문산,5357,5350,10707,7,7,20,수
2022-07-20,경의선,파주,1130,801,1931,329,7,20,수
2022-07-20,경의선,월롱,3006,2715,5721,291,7,20,수
2022-07-20,경의선,금촌,7008,6886,13894,122,7,20,수
2022-07-20,경의선,금릉,5359,5148,10507,211,7,20,수
2022-07-20,경의선,운정,7432,6780,14212,652,7,20,수
2022-07-20,경의선,야당,8731,8453,17184,278,7,20,수
2022-07-20,경의선,탄현,8357,8035,16392,322,7,20,수
2022-07-20,경의선,일산,10014,9827,19841,187,7,20,수
2022-07-20,경의선,풍산,5951,5510,11461,441,7,20,수
2022-07-20,경의선,백마,7513,7171,14684,342,7,20,수
2022-07-20,경의선,곡산,662,703,1365,-41,7,20,수
2022-07-20,경의선,능곡,4094,3830,7924,264,7,20,수
2022-07-20,경의선,행신,8394,8539,16933,-145,7,20,수
2022-07-20,경의선,강매,3545,3052,6597,493,7,20,수
2022-07-20,경의선,화전,2081,1913,3994,168,7,20,수
2022-07-20,경의선,수색,3027,3194,6221,-167,7,20,수
2022-07-20,경의선,디지털미디어시티,2832,2513,5345,319,7,20,수
2022-07-20,경의선,가좌,5750,5499,11249,251,7,20,수
2022-07-20,경의선,홍대입구,1919,2310,4229,-391,7,20,수
2022-07-20,경의선,서강대,2235,2155,4390,80,7,20,수
2022-07-20,경의선,공덕,4209,3560,7769,649,7,20,수
2022-07-20,경의선,효창공원앞,3168,3739,6907,-571,7,20,수
2022-07-20,경의선,신촌,985,1262,2247,-277,7,20,수
2022-07-20,경의선,서울역,4810,6217,11027,-1407,7,20,수
2022-07-20,경원선,소요산,3037,2620,5657,417,7,20,수
2022-07-20,경원선,동두천,2316,2603,4919,-287,7,20,수
2022-07-20,경원선,보산,1731,1524,3255,207,7,20,수
2022-07-20,경원선,동두천중앙,3569,3490,7059,79,7,20,수
2022-07-20,경원선,지행,6919,7004,13923,-85,7,20,수
2022-07-20,경원선,덕정,5714,5491,11205,223,7,20,수
2022-07-20,경원선,덕계,3572,3192,6764,380,7,20,수
2022-07-20,경원선,양주,7889,7508,15397,381,7,20,수
2022-07-20,경원선,녹양,4973,4624,9597,349,7,20,수
2022-07-20,경원선,가능,7225,6850,14075,375,7,20,수
2022-07-20,경원선,의정부,19470,20160,39630,-690,7,20,수
2022-07-20,경원선,회룡,13632,13457,27089,175,7,20,수
2022-07-20,경원선,망월사,8040,8336,16376,-296,7,20,수
2022-07-20,경원선,도봉산,8029,5136,13165,2893,7,20,수
2022-07-20,경원선,도봉,6404,6220,12624,184,7,20,수
2022-07-20,경원선,방학,10188,10012,20200,176,7,20,수
2022-07-20,경원선,창동,3,0,3,3,7,20,수
2022-07-20,경원선,녹천,4898,4096,8994,802,7,20,수
2022-07-20,경원선,월계,6843,6449,13292,394,7,20,수
2022-07-20,경원선,광운대,7763,7305,15068,458,7,20,수
2022-07-20,경원선,석계,8329,9242,17571,-913,7,20,수
2022-07-20,경원선,신이문,8938,8225,17163,713,7,20,수
2022-07-20,경원선,외대앞,7838,7812,15650,26,7,20,수
2022-07-20,경원선,청량리(서울시립대입구),15505,16314,31819,-809,7,20,수
2022-07-20,경원선,왕십리(성동구청),15034,17160,32194,-2126,7,20,수
2022-07-20,경원선,응봉,2003,1659,3662,344,7,20,수
2022-07-20,경원선,옥수,48,33,81,15,7,20,수
2022-07-20,경원선,한남,4338,4190,8528,148,7,20,수
2022-07-20,경원선,서빙고,2186,2036,4222,150,7,20,수
2022-07-20,경원선,이촌(국립중앙박물관),4217,3237,7454,980,7,20,수
2022-07-20,경부선,광명,3513,3106,6619,407,7,20,수
2022-07-20,경부선,서동탄,1574,1326,2900,248,7,20,수
2022-07-20,경부선,당정,6558,6208,12766,350,7,20,수
2022-07-20,경부선,천안,5274,5507,10781,-233,7,20,수
2022-07-20,경부선,두정,5606,5725,11331,-119,7,20,수
2022-07-20,경부선,직산,912,899,1811,13,7,20,수
2022-07-20,경부선,성환,3419,3395,6814,24,7,20,수
2022-07-20,경부선,평택,11638,11635,23273,3,7,20,수
2022-07-20,경부선,평택지제,3851,3819,7670,32,7,20,수
2022-07-20,경부선,서정리,7142,6763,13905,379,7,20,수
2022-07-20,경부선,송탄,4338,4191,8529,147,7,20,수
2022-07-20,경부선,진위,1950,1695,3645,255,7,20,수
2022-07-20,경부선,오산,9879,9954,19833,-75,7,20,수
2022-07-20,경부선,오산대,3640,3386,7026,254,7,20,수
2022-07-20,경부선,세마,3092,2920,6012,172,7,20,수
2022-07-20,경부선,병점,14752,14516,29268,236,7,20,수
2022-07-20,경부선,세류,3239,2885,6124,354,7,20,수
2022-07-20,경부선,독산,19948,20575,40523,-627,7,20,수
2022-07-20,경부선,수원,34891,37404,72295,-2513,7,20,수
2022-07-20,경부선,화서,8783,8303,17086,480,7,20,수
2022-07-20,경부선,성균관대,14757,14573,29330,184,7,20,수
2022-07-20,경부선,의왕,9574,9470,19044,104,7,20,수
2022-07-20,경부선,군포,8020,7780,15800,240,7,20,수
2022-07-20,경부선,금정,28786,28934,57720,-148,7,20,수
2022-07-20,경부선,명학,9594,9490,19084,104,7,20,수
2022-07-20,경부선,안양,22898,22607,45505,291,7,20,수
2022-07-20,경부선,관악,7733,7305,15038,428,7,20,수
2022-07-20,경부선,석수,9712,8814,18526,898,7,20,수
2022-07-20,경부선,금천구청,12180,12235,24415,-55,7,20,수
2022-07-20,경부선,가산디지털단지,19539,22696,42235,-3157,7,20,수
2022-07-20,경부선,구로,19525,19794,39319,-269,7,20,수
2022-07-20,경부선,신길,9502,8402,17904,1100,7,20,수
2022-07-20,경부선,신도림,4189,4342,8531,-153,7,20,수
2022-07-20,경부선,영등포,39765,41090,80855,-1325,7,20,수
2022-07-20,경부선,대방,11885,12760,24645,-875,7,20,수
2022-07-20,경부선,노량진,7890,7751,15641,139,7,20,수
2022-07-20,경부선,용산,37969,38838,76807,-869,7,20,수
2022-07-20,경부선,남영,10101,10454,20555,-353,7,20,수
2022-07-20,경부선,서울역,7282,2110,9392,5172,7,20,수
2022-07-20,경강선,여주,2392,2442,4834,-50,7,20,수
2022-07-20,경강선,세종대왕릉,415,388,803,27,7,20,수
2022-07-20,경강선,부발,2082,2087,4169,-5,7,20,수
2022-07-20,경강선,이천,2734,2779,5513,-45,7,20,수
2022-07-20,경강선,신둔도예촌,1615,1525,3140,90,7,20,수
2022-07-20,경강선,곤지암,2265,2272,4537,-7,7,20,수
2022-07-20,경강선,초월,3437,3341,6778,96,7,20,수
2022-07-20,경강선,경기광주,8412,7846,16258,566,7,20,수
2022-07-20,경강선,삼동,2648,2494,5142,154,7,20,수
2022-07-20,경강선,이매,1271,1108,2379,163,7,20,수
2022-07-20,경강선,판교,5614,5567,11181,47,7,20,수
2022-07-20,9호선2~3단계,중앙보훈병원,12036,10717,22753,1319,7,20,수
2022-07-20,9호선2~3단계,둔촌오륜,1026,1033,2059,-7,7,20,수
2022-07-20,9호선2~3단계,올림픽공원(한국체대),6646,6609,13255,37,7,20,수
2022-07-20,9호선2~3단계,한성백제,2838,2540,5378,298,7,20,수
2022-07-20,9호선2~3단계,송파나루,5631,6038,11669,-407,7,20,수
2022-07-20,9호선2~3단계,석촌,9233,8182,17415,1051,7,20,수
2022-07-20,9호선2~3단계,석촌고분,6842,6590,13432,252,7,20,수
2022-07-20,9호선2~3단계,삼전,7506,7359,14865,147,7,20,수
2022-07-20,9호선2~3단계,종합운동장,4528,4523,9051,5,7,20,수
2022-07-20,9호선2~3단계,봉은사,19866,20400,40266,-534,7,20,수
2022-07-20,9호선2~3단계,삼성중앙,8096,8632,16728,-536,7,20,수
2022-07-20,9호선2~3단계,선정릉,10936,12165,23101,-1229,7,20,수
2022-07-20,9호선2~3단계,언주,12113,12404,24517,-291,7,20,수
2022-07-20,9호선,신논현,32879,32357,65236,522,7,20,수
2022-07-20,9호선,사평,4070,3996,8066,74,7,20,수
2022-07-20,9호선,고속터미널,13656,17411,31067,-3755,7,20,수
2022-07-20,9호선,신반포,3967,3962,7929,5,7,20,수
2022-07-20,9호선,구반포,1277,1339,2616,-62,7,20,수
2022-07-20,9호선,동작(현충원),2077,1619,3696,458,7,20,수
2022-07-20,9호선,흑석(중앙대입구),8609,8976,17585,-367,7,20,수
2022-07-20,9호선,노들,4922,4119,9041,803,7,20,수
2022-07-20,9호선,노량진,26977,26224,53201,753,7,20,수
2022-07-20,9호선,샛강,7290,7026,14316,264,7,20,수
2022-07-20,9호선,여의도,31413,30199,61612,1214,7,20,수
2022-07-20,9호선,국회의사당,18723,19222,37945,-499,7,20,수
2022-07-20,9호선,당산,20050,20015,40065,35,7,20,수
2022-07-20,9호선,선유도,9820,9104,18924,716,7,20,수
2022-07-20,9호선,신목동,4620,3966,8586,654,7,20,수
2022-07-20,9호선,염창,18591,17939,36530,652,7,20,수
2022-07-20,9호선,등촌,12407,11911,24318,496,7,20,수
2022-07-20,9호선,증미,7970,7870,15840,100,7,20,수
2022-07-20,9호선,가양,22441,21878,44319,563,7,20,수
2022-07-20,9호선,양천향교,10105,10601,20706,-496,7,20,수
2022-07-20,9호선,마곡나루(서울식물원),13445,13337,26782,108,7,20,수
2022-07-20,9호선,신방화,7366,7200,14566,166,7,20,수
2022-07-20,9호선,공항시장,3173,3499,6672,-326,7,20,수
2022-07-20,9호선,김포공항,7897,11751,19648,-3854,7,20,수
2022-07-20,9호선,개화,2887,1909,4796,978,7,20,수
2022-07-20,8호선,남위례,5833,5941,11774,-108,7,20,수
2022-07-20,8호선,모란,4576,3662,8238,914,7,20,수
2022-07-20,8호선,수진,5747,5279,11026,468,7,20,수
2022-07-20,8호선,신흥,4591,4905,9496,-314,7,20,수
2022-07-20,8호선,단대오거리,11006,10983,21989,23,7,20,수
2022-07-20,8호선,남한산성입구(성남법원.검찰청),14495,13016,27511,1479,7,20,수
2022-07-20,8호선,산성,5611,5657,11268,-46,7,20,수
2022-07-20,8호선,복정,9804,8343,18147,1461,7,20,수
2022-07-20,8호선,장지,18543,17926,36469,617,7,20,수
2022-07-20,8호선,문정,23557,24893,48450,-1336,7,20,수
2022-07-20,8호선,가락시장,8279,9015,17294,-736,7,20,수
2022-07-20,8호선,송파,9360,9453,18813,-93,7,20,수
2022-07-20,8호선,잠실(송파구청),15916,18421,34337,-2505,7,20,수
2022-07-20,8호선,몽촌토성(평화의문),6415,6771,13186,-356,7,20,수
2022-07-20,8호선,강동구청,11049,11402,22451,-353,7,20,수
2022-07-20,8호선,천호(풍납토성),15521,17478,32999,-1957,7,20,수
2022-07-20,8호선,암사,20189,17670,37859,2519,7,20,수
2022-07-20,7호선,부천종합운동장,1,0,1,1,7,20,수
2022-07-20,7호선,온수(성공회대입구),10661,9774,20435,887,7,20,수
2022-07-20,7호선,천왕,12409,11861,24270,548,7,20,수
2022-07-20,7호선,광명사거리,22872,22516,45388,356,7,20,수
2022-07-20,7호선,철산,22406,22930,45336,-524,7,20,수
2022-07-20,7호선,가산디지털단지,48245,48281,96526,-36,7,20,수
2022-07-20,7호선,남구로,16244,17248,33492,-1004,7,20,수
2022-07-20,7호선,대림(구로구청),8123,8270,16393,-147,7,20,수
2022-07-20,7호선,신풍,12625,12027,24652,598,7,20,수
2022-07-20,7호선,보라매,8281,8430,16711,-149,7,20,수
2022-07-20,7호선,신대방삼거리,16193,15453,31646,740,7,20,수
2022-07-20,7호선,장승배기,9756,9594,19350,162,7,20,수
2022-07-20,7호선,상도,11542,11078,22620,464,7,20,수
2022-07-20,7호선,숭실대입구(살피재),12454,12693,25147,-239,7,20,수
2022-07-20,7호선,남성,11663,10899,22562,764,7,20,수
2022-07-20,7호선,이수,17442,16840,34282,602,7,20,수
2022-07-20,7호선,내방,15781,16149,31930,-368,7,20,수
2022-07-20,7호선,고속터미널,16693,14012,30705,2681,7,20,수
2022-07-20,7호선,논현,20044,21321,41365,-1277,7,20,수
2022-07-20,7호선,학동,26407,27892,54299,-1485,7,20,수
2022-07-20,7호선,강남구청,17865,19825,37690,-1960,7,20,수
2022-07-20,7호선,청담,21113,23635,44748,-2522,7,20,수
2022-07-20,7호선,뚝섬유원지,9702,9259,18961,443,7,20,수
2022-07-20,7호선,건대입구,13055,13696,26751,-641,7,20,수
2022-07-20,7호선,어린이대공원(세종대),13199,13159,26358,40,7,20,수
2022-07-20,7호선,군자(능동),15687,12754,28441,2933,7,20,수
2022-07-20,7호선,중곡,11363,10702,22065,661,7,20,수
2022-07-20,7호선,용마산(용마폭포공원),6215,6113,12328,102,7,20,수
2022-07-20,7호선,사가정,16628,16690,33318,-62,7,20,수
2022-07-20,7호선,면목,15652,15227,30879,425,7,20,수
2022-07-20,7호선,상봉(시외버스터미널),17577,16442,34019,1135,7,20,수
2022-07-20,7호선,중화,11306,11128,22434,178,7,20,수
2022-07-20,7호선,먹골,10513,10477,20990,36,7,20,수
2022-07-20,7호선,태릉입구,8793,8166,16959,627,7,20,수
2022-07-20,7호선,공릉(서울과학기술대),12367,12270,24637,97,7,20,수
2022-07-20,7호선,하계,19289,18240,37529,1049,7,20,수
2022-07-20,7호선,중계,15417,14099,29516,1318,7,20,수
2022-07-20,7호선,노원,21311,22319,43630,-1008,7,20,수
2022-07-20,7호선,마들,13633,12953,26586,680,7,20,수
2022-07-20,7호선,수락산,13655,13573,27228,82,7,20,수
2022-07-20,7호선,도봉산,9452,10939,20391,-1487,7,20,수
2022-07-20,7호선,장암,2500,1092,3592,1408,7,20,수
2022-07-20,6호선,봉화산(서울의료원),9335,8851,18186,484,7,20,수
2022-07-20,6호선,화랑대(서울여대입구),12038,9332,21370,2706,7,20,수
2022-07-20,6호선,태릉입구,5651,6123,11774,-472,7,20,수
2022-07-20,6호선,석계,12667,13194,25861,-527,7,20,수
2022-07-20,6호선,돌곶이,9744,9093,18837,651,7,20,수
2022-07-20,6호선,상월곡(한국과학기술연구원),6479,5843,12322,636,7,20,수
2022-07-20,6호선,월곡(동덕여대),12188,11942,24130,246,7,20,수
2022-07-20,6호선,고려대(종암),8511,8145,16656,366,7,20,수
2022-07-20,6호선,안암(고대병원앞),11220,11098,22318,122,7,20,수
2022-07-20,6호선,보문,7968,7313,15281,655,7,20,수
2022-07-20,6호선,창신,3562,2994,6556,568,7,20,수
2022-07-20,6호선,동묘앞,8171,8439,16610,-268,7,20,수
2022-07-20,6호선,신당,8995,9360,18355,-365,7,20,수
2022-07-20,6호선,청구,4084,4034,8118,50,7,20,수
2022-07-20,6호선,약수,3910,3916,7826,-6,7,20,수
2022-07-20,6호선,버티고개,2129,2201,4330,-72,7,20,수
2022-07-20,6호선,한강진,9023,9994,19017,-971,7,20,수
2022-07-20,6호선,이태원,10882,11349,22231,-467,7,20,수
2022-07-20,6호선,녹사평(용산구청),5226,5172,10398,54,7,20,수
2022-07-20,6호선,삼각지,7996,6699,14695,1297,7,20,수
2022-07-20,6호선,효창공원앞,7401,6620,14021,781,7,20,수
2022-07-20,6호선,공덕,19898,19335,39233,563,7,20,수
2022-07-20,6호선,대흥(서강대앞),8774,9037,17811,-263,7,20,수
2022-07-20,6호선,광흥창(서강),9994,9614,19608,380,7,20,수
2022-07-20,6호선,상수,9064,10082,19146,-1018,7,20,수
2022-07-20,6호선,합정,13690,13515,27205,175,7,20,수
2022-07-20,6호선,망원,14870,15617,30487,-747,7,20,수
2022-07-20,6호선,마포구청,15102,13779,28881,1323,7,20,수
2022-07-20,6호선,월드컵경기장(성산),4725,4904,9629,-179,7,20,수
2022-07-20,6호선,디지털미디어시티,15359,17305,32664,-1946,7,20,수
2022-07-20,6호선,증산(명지대앞),10402,10519,20921,-117,7,20,수
2022-07-20,6호선,새절(신사),13133,12286,25419,847,7,20,수
2022-07-20,6호선,구산,8048,6142,14190,1906,7,20,수
2022-07-20,6호선,연신내,1,0,1,1,7,20,수
2022-07-20,6호선,독바위,3024,3074,6098,-50,7,20,수
2022-07-20,6호선,불광,5006,4824,9830,182,7,20,수
2022-07-20,6호선,역촌,4042,4326,8368,-284,7,20,수
2022-07-20,6호선,응암,18375,18409,36784,-34,7,20,수
2022-07-20,5호선,하남검단산,6387,6041,12428,346,7,20,수
2022-07-20,5호선,하남시청(덕풍·신장),7380,7194,14574,186,7,20,수
2022-07-20,1호선,서울역,48149,46822,94971,1327,7,20,수
2022-07-20,1호선,시청,25469,26079,51548,-610,7,20,수
2022-07-20,1호선,종각,40874,39934,80808,940,7,20,수
2022-07-20,1호선,종로3가,26587,24767,51354,1820,7,20,수
2022-07-20,1호선,종로5가,24035,23644,47679,391,7,20,수
2022-07-20,1호선,동대문,11302,10735,22037,567,7,20,수
2022-07-20,1호선,신설동,14218,14102,28320,116,7,20,수
2022-07-20,1호선,제기동,17152,17256,34408,-104,7,20,수
2022-07-20,1호선,청량리(서울시립대입구),20096,20031,40127,65,7,20,수
2022-07-20,1호선,동묘앞,8017,8393,16410,-376,7,20,수
2022-07-20,2호선,시청,26480,25705,52185,775,7,20,수
2022-07-20,2호선,을지로입구,45365,46429,91794,-1064,7,20,수
2022-07-20,2호선,을지로3가,25817,25872,51689,-55,7,20,수
2022-07-20,2호선,을지로4가,14312,14256,28568,56,7,20,수
2022-07-20,2호선,동대문역사문화공원(DDP),13008,14957,27965,-1949,7,20,수
2022-07-20,2호선,신당,14568,15171,29739,-603,7,20,수
2022-07-20,2호선,상왕십리,15010,14823,29833,187,7,20,수
2022-07-20,2호선,왕십리(성동구청),16836,14019,30855,2817,7,20,수
2022-07-20,2호선,한양대,8044,8301,16345,-257,7,20,수
2022-07-20,2호선,뚝섬,24410,26176,50586,-1766,7,20,수
2022-07-20,2호선,성수,41585,44898,86483,-3313,7,20,수
2022-07-20,2호선,건대입구,36150,38769,74919,-2619,7,20,수
2022-07-20,2호선,구의(광진구청),24845,24642,49487,203,7,20,수
2022-07-20,2호선,강변(동서울터미널),32194,28914,61108,3280,7,20,수
2022-07-20,2호선,잠실나루,15574,15109,30683,465,7,20,수
2022-07-20,2호선,잠실(송파구청),77679,76988,154667,691,7,20,수
2022-07-20,2호선,잠실새내,22631,22480,45111,151,7,20,수
2022-07-20,2호선,종합운동장,7899,8200,16099,-301,7,20,수
2022-07-20,2호선,삼성(무역센터),58592,59420,118012,-828,7,20,수
2022-07-20,2호선,선릉,63922,56655,120577,7267,7,20,수
2022-07-20,2호선,역삼,58920,66032,124952,-7112,7,20,수
2022-07-20,2호선,강남,91246,88251,179497,2995,7,20,수
2022-07-20,2호선,교대(법원.검찰청),37533,42154,79687,-4621,7,20,수
2022-07-20,2호선,서초,23657,22905,46562,752,7,20,수
2022-07-20,2호선,방배,17129,18026,35155,-897,7,20,수
2022-07-20,2호선,사당,40244,43538,83782,-3294,7,20,수
2022-07-20,2호선,낙성대(강감찬),29007,28116,57123,891,7,20,수
2022-07-20,2호선,서울대입구(관악구청),49021,47927,96948,1094,7,20,수
2022-07-20,2호선,봉천,25347,23470,48817,1877,7,20,수
2022-07-20,2호선,신림,61007,59039,120046,1968,7,20,수
2022-07-20,2호선,신대방,26625,26084,52709,541,7,20,수
2022-07-20,2호선,구로디지털단지,62962,63008,125970,-46,7,20,수
2022-07-20,2호선,대림(구로구청),24516,25074,49590,-558,7,20,수
2022-07-20,2호선,신도림,50567,50252,100819,315,7,20,수
2022-07-20,2호선,문래,23859,24432,48291,-573,7,20,수
2022-07-20,2호선,영등포구청,23627,24141,47768,-514,7,20,수
2022-07-20,2호선,당산,19258,22780,42038,-3522,7,20,수
2022-07-20,2호선,합정,32224,34525,66749,-2301,7,20,수
2022-07-20,2호선,홍대입구,61032,64760,125792,-3728,7,20,수
2022-07-20,2호선,신촌,36190,36914,73104,-724,7,20,수
2022-07-20,2호선,이대,14287,15498,29785,-1211,7,20,수
2022-07-20,2호선,아현,10943,10319,21262,624,7,20,수
2022-07-20,2호선,충정로(경기대입구),10720,11374,22094,-654,7,20,수
2022-07-20,2호선,용답,2805,2695,5500,110,7,20,수
2022-07-20,2호선,신답,1816,2062,3878,-246,7,20,수
2022-07-20,2호선,신설동,3531,3547,7078,-16,7,20,수
2022-07-20,2호선,도림천,1442,1489,2931,-47,7,20,수
2022-07-20,2호선,양천구청,7235,7552,14787,-317,7,20,수
2022-07-20,2호선,신정네거리,10911,11273,22184,-362,7,20,수
2022-07-20,2호선,용두(동대문구청),2447,2553,5000,-106,7,20,수
2022-07-20,3호선,지축,5398,5267,10665,131,7,20,수
2022-07-20,3호선,구파발,22327,21586,43913,741,7,20,수
2022-07-20,3호선,연신내,38100,36073,74173,2027,7,20,수
2022-07-20,3호선,불광,16893,18274,35167,-1381,7,20,수
2022-07-20,3호선,녹번,16407,14795,31202,1612,7,20,수
2022-07-20,3호선,홍제,18187,17094,35281,1093,7,20,수
2022-07-20,3호선,무악재,4212,4137,8349,75,7,20,수
2022-07-20,3호선,독립문,7298,7521,14819,-223,7,20,수
2022-07-20,3호선,경복궁(정부서울청사),22557,22569,45126,-12,7,20,수
2022-07-20,3호선,안국,24350,25350,49700,-1000,7,20,수
2022-07-20,3호선,종로3가,10900,12538,23438,-1638,7,20,수
2022-07-20,3호선,을지로3가,11815,11813,23628,2,7,20,수
2022-07-20,3호선,충무로,1,0,1,1,7,20,수
2022-07-20,3호선,동대입구,8078,8667,16745,-589,7,20,수
2022-07-20,3호선,약수,13492,13066,26558,426,7,20,수
2022-07-20,3호선,금호,8318,7613,15931,705,7,20,수
2022-07-20,3호선,옥수,9599,9853,19452,-254,7,20,수
2022-07-20,3호선,압구정,34142,36439,70581,-2297,7,20,수
2022-07-20,3호선,신사,30356,32158,62514,-1802,7,20,수
2022-07-20,3호선,잠원,5146,4970,10116,176,7,20,수
2022-07-20,3호선,고속터미널,43627,41742,85369,1885,7,20,수
2022-07-20,3호선,교대(법원.검찰청),16048,10425,26473,5623,7,20,수
2022-07-20,3호선,남부터미널(예술의전당),31358,31977,63335,-619,7,20,수
2022-07-20,3호선,양재(서초구청),40094,43982,84076,-3888,7,20,수
2022-07-20,3호선,매봉,13699,13113,26812,586,7,20,수
2022-07-20,3호선,도곡,5580,5691,11271,-111,7,20,수
2022-07-20,3호선,대치,12260,12533,24793,-273,7,20,수
2022-07-20,3호선,학여울,1904,1851,3755,53,7,20,수
2022-07-20,3호선,대청,11061,10257,21318,804,7,20,수
2022-07-20,3호선,일원,11464,10929,22393,535,7,20,수
2022-07-20,3호선,수서,18097,18371,36468,-274,7,20,수
2022-07-20,3호선,가락시장,9460,9170,18630,290,7,20,수
2022-07-20,3호선,경찰병원,7917,7971,15888,-54,7,20,수
2022-07-20,3호선,오금,6558,5902,12460,656,7,20,수
2022-07-20,4호선,당고개,9260,8307,17567,953,7,20,수
2022-07-20,4호선,상계,20340,18876,39216,1464,7,20,수
2022-07-20,4호선,노원,19649,22282,41931,-2633,7,20,수
2022-07-20,4호선,창동,26285,27819,54104,-1534,7,20,수
2022-07-20,4호선,쌍문,30114,27816,57930,2298,7,20,수
2022-07-20,4호선,수유(강북구청),34818,34942,69760,-124,7,20,수
2022-07-20,4호선,미아(서울사이버대학),15225,14753,29978,472,7,20,수
2022-07-20,4호선,미아사거리,28049,27412,55461,637,7,20,수
2022-07-20,4호선,길음,21594,21174,42768,420,7,20,수
2022-07-20,4호선,성신여대입구(돈암),20474,19767,40241,707,7,20,수
2022-07-20,4호선,한성대입구(삼선교),13590,13205,26795,385,7,20,수
2022-07-20,4호선,혜화,35708,35620,71328,88,7,20,수
2022-07-20,4호선,동대문,21033,21314,42347,-281,7,20,수
2022-07-20,4호선,동대문역사문화공원(DDP),16436,14826,31262,1610,7,20,수
2022-07-20,4호선,충무로,27454,28583,56037,-1129,7,20,수
2022-07-20,4호선,명동,21231,21926,43157,-695,7,20,수
2022-07-20,4호선,회현(남대문시장),26389,27553,53942,-1164,7,20,수
2022-07-20,4호선,서울역,12955,19155,32110,-6200,7,20,수
2022-07-20,4호선,숙대입구(갈월),13818,13202,27020,616,7,20,수
2022-07-20,4호선,삼각지,5741,6264,12005,-523,7,20,수
2022-07-20,4호선,신용산,19213,19897,39110,-684,7,20,수
2022-07-20,4호선,이촌(국립중앙박물관),9556,10571,20127,-1015,7,20,수
2022-07-20,4호선,동작(현충원),1413,1498,2911,-85,7,20,수
2022-07-20,4호선,총신대입구(이수),19823,21588,41411,-1765,7,20,수
2022-07-20,4호선,사당,26734,22425,49159,4309,7,20,수
2022-07-20,4호선,남태령,1283,1176,2459,107,7,20,수
2022-07-20,5호선,방화,7041,6752,13793,289,7,20,수
2022-07-20,5호선,개화산,5955,5725,11680,230,7,20,수
2022-07-20,5호선,김포공항,8045,7764,15809,281,7,20,수
2022-07-20,5호선,송정,6927,6394,13321,533,7,20,수
2022-07-20,5호선,마곡,11765,11824,23589,-59,7,20,수
2022-07-20,5호선,발산,22552,23045,45597,-493,7,20,수
2022-07-20,5호선,우장산,15082,15034,30116,48,7,20,수
2022-07-20,5호선,화곡,30115,27916,58031,2199,7,20,수
2022-07-20,5호선,까치산,30184,28913,59097,1271,7,20,수
2022-07-20,5호선,신정(은행정),14695,12158,26853,2537,7,20,수
2022-07-20,5호선,목동,17928,19024,36952,-1096,7,20,수
2022-07-20,5호선,오목교(목동운동장앞),23596,24966,48562,-1370,7,20,수
2022-07-20,5호선,양평,7879,7924,15803,-45,7,20,수
2022-07-20,5호선,영등포구청,4142,4413,8555,-271,7,20,수
2022-07-20,5호선,영등포시장,10801,11301,22102,-500,7,20,수
2022-07-20,5호선,신길,4482,4843,9325,-361,7,20,수
2022-07-20,5호선,여의도,31273,33088,64361,-1815,7,20,수
2022-07-20,5호선,여의나루,12405,13689,26094,-1284,7,20,수
2022-07-20,5호선,마포,15688,16019,31707,-331,7,20,수
2022-07-20,5호선,공덕,15927,16650,32577,-723,7,20,수
2022-07-20,5호선,애오개,7377,7380,14757,-3,7,20,수
2022-07-20,5호선,충정로(경기대입구),4767,4946,9713,-179,7,20,수
2022-07-20,5호선,서대문,21037,21385,42422,-348,7,20,수
2022-07-20,5호선,광화문(세종문화회관),34937,36491,71428,-1554,7,20,수
2022-07-20,5호선,종로3가,14150,13441,27591,709,7,20,수
2022-07-20,5호선,을지로4가,6690,6756,13446,-66,7,20,수
2022-07-20,5호선,동대문역사문화공원(DDP),3244,3810,7054,-566,7,20,수
2022-07-20,5호선,청구,4152,3982,8134,170,7,20,수
2022-07-20,5호선,신금호,6785,7053,13838,-268,7,20,수
2022-07-20,5호선,행당,8731,7682,16413,1049,7,20,수
2022-07-20,5호선,왕십리(성동구청),4796,5479,10275,-683,7,20,수
2022-07-20,5호선,마장,5863,5478,11341,385,7,20,수
2022-07-20,5호선,답십리,16863,15441,32304,1422,7,20,수
2022-07-20,5호선,장한평,20138,19971,40109,167,7,20,수
2022-07-20,5호선,아차산(어린이대공원후문),15073,14508,29581,565,7,20,수
2022-07-21,5호선,광나루(장신대),13461,11966,25427,1495,7,21,목
2022-07-21,5호선,천호(풍납토성),18436,18346,36782,90,7,21,목
2022-07-21,5호선,강동,19368,18600,37968,768,7,21,목
2022-07-21,5호선,길동,8221,8416,16637,-195,7,21,목
2022-07-21,5호선,굽은다리(강동구민회관앞),10222,9762,19984,460,7,21,목
2022-07-21,5호선,명일,8942,9062,18004,-120,7,21,목
2022-07-21,5호선,고덕,10201,10251,20452,-50,7,21,목
2022-07-21,5호선,상일동,15760,14198,29958,1562,7,21,목
2022-07-21,5호선,둔촌동,8405,8278,16683,127,7,21,목
2022-07-21,5호선,올림픽공원(한국체대),4137,3475,7612,662,7,21,목
2022-07-21,5호선,방이,7458,7689,15147,-231,7,21,목
2022-07-21,5호선,오금,3724,3751,7475,-27,7,21,목
2022-07-21,5호선,개롱,6904,6969,13873,-65,7,21,목
2022-07-21,5호선,거여,10561,9946,20507,615,7,21,목
2022-07-21,5호선,마천,7501,7060,14561,441,7,21,목
2022-07-21,5호선,강일,4586,4551,9137,35,7,21,목
2022-07-21,5호선,미사,17219,17316,34535,-97,7,21,목
2022-07-21,5호선,하남풍산,4316,4361,8677,-45,7,21,목
2022-07-21,5호선,하남시청(덕풍·신장),7093,6827,13920,266,7,21,목
2022-07-21,5호선,하남검단산,6069,5730,11799,339,7,21,목
2022-07-21,6호선,응암,17923,17574,35497,349,7,21,목
2022-07-21,6호선,역촌,3934,4326,8260,-392,7,21,목
2022-07-21,6호선,불광,4528,4509,9037,19,7,21,목
2022-07-21,6호선,독바위,2896,2888,5784,8,7,21,목
2022-07-21,6호선,연신내,1,0,1,1,7,21,목
2022-07-21,6호선,구산,7984,5968,13952,2016,7,21,목
2022-07-21,6호선,새절(신사),12905,11945,24850,960,7,21,목
2022-07-21,6호선,증산(명지대앞),10116,10016,20132,100,7,21,목
2022-07-21,6호선,디지털미디어시티,15010,16561,31571,-1551,7,21,목
2022-07-21,6호선,월드컵경기장(성산),4336,4541,8877,-205,7,21,목
2022-07-21,6호선,마포구청,14762,13252,28014,1510,7,21,목
2022-07-21,6호선,망원,14265,15504,29769,-1239,7,21,목
2022-07-21,6호선,합정,14185,13830,28015,355,7,21,목
2022-07-21,6호선,상수,8637,10103,18740,-1466,7,21,목
2022-07-21,6호선,광흥창(서강),9717,9250,18967,467,7,21,목
2022-07-21,6호선,대흥(서강대앞),8618,8888,17506,-270,7,21,목
2022-07-21,6호선,공덕,19864,19061,38925,803,7,21,목
2022-07-21,6호선,효창공원앞,7365,6551,13916,814,7,21,목
2022-07-21,6호선,삼각지,7499,6379,13878,1120,7,21,목
2022-07-21,6호선,녹사평(용산구청),5148,5183,10331,-35,7,21,목
2022-07-21,6호선,이태원,10618,11687,22305,-1069,7,21,목
2022-07-21,6호선,한강진,8526,9801,18327,-1275,7,21,목
2022-07-21,6호선,버티고개,2150,2070,4220,80,7,21,목
2022-07-21,6호선,약수,3812,3855,7667,-43,7,21,목
2022-07-21,6호선,청구,3922,3934,7856,-12,7,21,목
2022-07-21,6호선,신당,8427,8964,17391,-537,7,21,목
2022-07-21,6호선,동묘앞,7950,8020,15970,-70,7,21,목
2022-07-21,6호선,창신,3578,2833,6411,745,7,21,목
2022-07-21,6호선,보문,7780,6996,14776,784,7,21,목
2022-07-21,6호선,안암(고대병원앞),10865,11021,21886,-156,7,21,목
2022-07-21,6호선,고려대(종암),8312,7931,16243,381,7,21,목
2022-07-21,6호선,월곡(동덕여대),11946,11772,23718,174,7,21,목
2022-07-21,6호선,상월곡(한국과학기술연구원),6937,6332,13269,605,7,21,목
2022-07-21,6호선,돌곶이,9628,8701,18329,927,7,21,목
2022-07-21,6호선,석계,12436,12814,25250,-378,7,21,목
2022-07-21,6호선,태릉입구,5670,6050,11720,-380,7,21,목
2022-07-21,6호선,화랑대(서울여대입구),11785,9042,20827,2743,7,21,목
2022-07-21,6호선,봉화산(서울의료원),9198,8696,17894,502,7,21,목
2022-07-21,7호선,장암,2345,880,3225,1465,7,21,목
2022-07-21,7호선,도봉산,9136,10208,19344,-1072,7,21,목
2022-07-21,7호선,수락산,12786,12633,25419,153,7,21,목
2022-07-21,7호선,마들,13674,12652,26326,1022,7,21,목
2022-07-21,7호선,노원,20096,21538,41634,-1442,7,21,목
2022-07-21,7호선,중계,15247,13657,28904,1590,7,21,목
2022-07-21,7호선,하계,18433,16677,35110,1756,7,21,목
2022-07-21,7호선,공릉(서울과학기술대),12053,11979,24032,74,7,21,목
2022-07-21,7호선,태릉입구,8586,8160,16746,426,7,21,목
2022-07-21,7호선,먹골,10392,10244,20636,148,7,21,목
2022-07-21,7호선,중화,11029,10701,21730,328,7,21,목
2022-07-21,7호선,상봉(시외버스터미널),17141,16283,33424,858,7,21,목
2022-07-21,7호선,면목,15461,14898,30359,563,7,21,목
2022-07-21,7호선,사가정,16187,15930,32117,257,7,21,목
2022-07-21,7호선,용마산(용마폭포공원),6160,5854,12014,306,7,21,목
2022-07-21,7호선,중곡,11026,10398,21424,628,7,21,목
2022-07-21,7호선,군자(능동),15652,12295,27947,3357,7,21,목
2022-07-21,7호선,어린이대공원(세종대),12995,12958,25953,37,7,21,목
2022-07-21,7호선,건대입구,12477,12998,25475,-521,7,21,목
2022-07-21,7호선,뚝섬유원지,9052,8473,17525,579,7,21,목
2022-07-21,7호선,청담,20657,23532,44189,-2875,7,21,목
2022-07-21,7호선,강남구청,17760,19842,37602,-2082,7,21,목
2022-07-21,7호선,학동,25783,27460,53243,-1677,7,21,목
2022-07-21,7호선,논현,19970,20943,40913,-973,7,21,목
2022-07-21,7호선,반포,6234,5981,12215,253,7,21,목
2022-07-21,7호선,고속터미널,16326,13956,30282,2370,7,21,목
2022-07-21,7호선,내방,15247,15570,30817,-323,7,21,목
2022-07-21,7호선,이수,17018,16228,33246,790,7,21,목
2022-07-21,7호선,남성,11582,10378,21960,1204,7,21,목
2022-07-21,7호선,숭실대입구(살피재),12097,12007,24104,90,7,21,목
2022-07-21,7호선,상도,11247,10763,22010,484,7,21,목
2022-07-21,7호선,장승배기,9463,9143,18606,320,7,21,목
2022-07-21,7호선,신대방삼거리,15617,14577,30194,1040,7,21,목
2022-07-21,7호선,보라매,7876,8021,15897,-145,7,21,목
2022-07-21,7호선,신풍,12204,11405,23609,799,7,21,목
2022-07-21,7호선,대림(구로구청),8038,7911,15949,127,7,21,목
2022-07-21,7호선,남구로,16171,16980,33151,-809,7,21,목
2022-07-21,7호선,가산디지털단지,47076,48157,95233,-1081,7,21,목
2022-07-21,7호선,철산,21930,22076,44006,-146,7,21,목
2022-07-21,7호선,광명사거리,22054,21645,43699,409,7,21,목
2022-07-21,7호선,천왕,11926,11321,23247,605,7,21,목
2022-07-21,7호선,온수(성공회대입구),10160,9235,19395,925,7,21,목
2022-07-21,7호선,부천시청,1,0,1,1,7,21,목
2022-07-21,8호선,암사,19754,17069,36823,2685,7,21,목
2022-07-21,8호선,천호(풍납토성),14882,17057,31939,-2175,7,21,목
2022-07-21,8호선,강동구청,10769,11146,21915,-377,7,21,목
2022-07-21,8호선,몽촌토성(평화의문),6555,6593,13148,-38,7,21,목
2022-07-21,8호선,잠실(송파구청),14664,17713,32377,-3049,7,21,목
2022-07-21,8호선,석촌,7968,8991,16959,-1023,7,21,목
2022-07-21,8호선,송파,9176,8629,17805,547,7,21,목
2022-07-21,8호선,가락시장,7872,8636,16508,-764,7,21,목
2022-07-21,8호선,문정,23090,24844,47934,-1754,7,21,목
2022-07-21,8호선,장지,17985,17139,35124,846,7,21,목
2022-07-21,8호선,복정,9538,7967,17505,1571,7,21,목
2022-07-21,8호선,산성,5262,5197,10459,65,7,21,목
2022-07-21,8호선,남한산성입구(성남법원.검찰청),13727,12529,26256,1198,7,21,목
2022-07-21,8호선,단대오거리,10473,10344,20817,129,7,21,목
2022-07-21,8호선,신흥,4399,4613,9012,-214,7,21,목
2022-07-21,8호선,수진,5706,5161,10867,545,7,21,목
2022-07-21,8호선,모란,4332,3480,7812,852,7,21,목
2022-07-21,8호선,남위례,5542,5765,11307,-223,7,21,목
2022-07-21,9호선,개화,2862,1889,4751,973,7,21,목
2022-07-21,9호선,김포공항,7705,11466,19171,-3761,7,21,목
2022-07-21,9호선,공항시장,3114,3288,6402,-174,7,21,목
2022-07-21,9호선,신방화,6962,6737,13699,225,7,21,목
2022-07-21,9호선,마곡나루(서울식물원),13339,13155,26494,184,7,21,목
2022-07-21,9호선,양천향교,10296,10387,20683,-91,7,21,목
2022-07-21,9호선,가양,22022,21177,43199,845,7,21,목
2022-07-21,9호선,증미,7849,7649,15498,200,7,21,목
2022-07-21,9호선,등촌,12201,11395,23596,806,7,21,목
2022-07-21,9호선,염창,18227,17613,35840,614,7,21,목
2022-07-21,9호선,신목동,4625,3882,8507,743,7,21,목
2022-07-21,9호선,선유도,9289,8937,18226,352,7,21,목
2022-07-21,9호선,당산,19564,19735,39299,-171,7,21,목
2022-07-21,9호선,국회의사당,17868,19278,37146,-1410,7,21,목
2022-07-21,9호선,여의도,30427,29909,60336,518,7,21,목
2022-07-21,9호선,샛강,6673,6769,13442,-96,7,21,목
2022-07-21,9호선,노량진,26127,25519,51646,608,7,21,목
2022-07-21,9호선,노들,4862,3920,8782,942,7,21,목
2022-07-21,9호선,흑석(중앙대입구),8346,8739,17085,-393,7,21,목
2022-07-21,9호선,동작(현충원),1922,1502,3424,420,7,21,목
2022-07-21,9호선,구반포,1218,1250,2468,-32,7,21,목
2022-07-21,9호선,신반포,3659,3599,7258,60,7,21,목
2022-07-21,9호선,고속터미널,13416,17328,30744,-3912,7,21,목
2022-07-21,9호선,사평,4001,3742,7743,259,7,21,목
2022-07-21,9호선,신논현,32855,32122,64977,733,7,21,목
2022-07-21,9호선2~3단계,언주,11791,12298,24089,-507,7,21,목
2022-07-21,9호선2~3단계,선정릉,10938,12006,22944,-1068,7,21,목
2022-07-21,9호선2~3단계,삼성중앙,7980,8500,16480,-520,7,21,목
2022-07-21,9호선2~3단계,봉은사,20230,21275,41505,-1045,7,21,목
2022-07-21,9호선2~3단계,종합운동장,4447,4450,8897,-3,7,21,목
2022-07-21,9호선2~3단계,삼전,7546,7000,14546,546,7,21,목
2022-07-21,9호선2~3단계,석촌고분,6758,6508,13266,250,7,21,목
2022-07-21,9호선2~3단계,석촌,9017,7967,16984,1050,7,21,목
2022-07-21,9호선2~3단계,송파나루,5596,5955,11551,-359,7,21,목
2022-07-21,9호선2~3단계,한성백제,2836,2577,5413,259,7,21,목
2022-07-21,9호선2~3단계,올림픽공원(한국체대),6221,6212,12433,9,7,21,목
2022-07-21,9호선2~3단계,둔촌오륜,1020,998,2018,22,7,21,목
2022-07-21,9호선2~3단계,중앙보훈병원,11906,10470,22376,1436,7,21,목
2022-07-21,경강선,판교,5517,5533,11050,-16,7,21,목
2022-07-21,경강선,이매,1146,1004,2150,142,7,21,목
2022-07-21,경강선,삼동,2502,2348,4850,154,7,21,목
2022-07-21,경강선,경기광주,8075,7389,15464,686,7,21,목
2022-07-21,경강선,초월,3363,3207,6570,156,7,21,목
2022-07-21,경강선,곤지암,2073,2130,4203,-57,7,21,목
2022-07-21,경강선,신둔도예촌,1583,1512,3095,71,7,21,목
2022-07-21,경강선,이천,2684,2714,5398,-30,7,21,목
2022-07-21,경강선,부발,1983,1938,3921,45,7,21,목
2022-07-21,경강선,세종대왕릉,322,354,676,-32,7,21,목
2022-07-21,경강선,여주,2262,2259,4521,3,7,21,목
2022-07-21,경부선,서울역,7642,2307,9949,5335,7,21,목
2022-07-21,경부선,남영,9648,9928,19576,-280,7,21,목
2022-07-21,경부선,용산,37415,38884,76299,-1469,7,21,목
2022-07-21,경부선,노량진,7715,7774,15489,-59,7,21,목
2022-07-21,경부선,대방,11644,12565,24209,-921,7,21,목
2022-07-21,경부선,영등포,39105,40180,79285,-1075,7,21,목
2022-07-21,경부선,신도림,4226,4296,8522,-70,7,21,목
2022-07-21,경부선,신길,9414,7847,17261,1567,7,21,목
2022-07-21,경부선,구로,19109,19350,38459,-241,7,21,목
2022-07-21,경부선,가산디지털단지,19376,22552,41928,-3176,7,21,목
2022-07-21,경부선,금천구청,11938,11825,23763,113,7,21,목
2022-07-21,경부선,석수,9712,8570,18282,1142,7,21,목
2022-07-21,경부선,관악,7461,7167,14628,294,7,21,목
2022-07-21,경부선,안양,22800,22368,45168,432,7,21,목
2022-07-21,경부선,명학,9472,9402,18874,70,7,21,목
2022-07-21,경부선,금정,27898,28456,56354,-558,7,21,목
2022-07-21,경부선,군포,7947,7742,15689,205,7,21,목
2022-07-21,경부선,의왕,9293,9206,18499,87,7,21,목
2022-07-21,경부선,성균관대,14486,14224,28710,262,7,21,목
2022-07-21,경부선,화서,8356,7930,16286,426,7,21,목
2022-07-21,경부선,수원,33635,35882,69517,-2247,7,21,목
2022-07-21,경부선,독산,19583,20454,40037,-871,7,21,목
2022-07-21,경부선,세류,3174,2739,5913,435,7,21,목
2022-07-21,경부선,병점,13942,13994,27936,-52,7,21,목
2022-07-21,경부선,세마,2915,2687,5602,228,7,21,목
2022-07-21,경부선,오산대,3394,3170,6564,224,7,21,목
2022-07-21,경부선,오산,9576,9472,19048,104,7,21,목
2022-07-21,경부선,진위,1706,1520,3226,186,7,21,목
2022-07-21,경부선,송탄,4206,4031,8237,175,7,21,목
2022-07-21,경부선,서정리,6660,6187,12847,473,7,21,목
2022-07-21,경부선,평택지제,3764,3740,7504,24,7,21,목
2022-07-21,경부선,평택,10997,10862,21859,135,7,21,목
2022-07-21,경부선,성환,3176,3100,6276,76,7,21,목
2022-07-21,경부선,직산,828,782,1610,46,7,21,목
2022-07-21,경부선,두정,5219,5346,10565,-127,7,21,목
2022-07-21,경부선,천안,4917,5151,10068,-234,7,21,목
2022-07-21,경부선,당정,6575,6151,12726,424,7,21,목
2022-07-21,경부선,서동탄,1460,1258,2718,202,7,21,목
2022-07-21,경부선,광명,3657,3176,6833,481,7,21,목
2022-07-21,경원선,이촌(국립중앙박물관),4002,3065,7067,937,7,21,목
2022-07-21,경원선,서빙고,2167,1998,4165,169,7,21,목
2022-07-21,경원선,한남,4354,4050,8404,304,7,21,목
2022-07-21,경원선,옥수,51,46,97,5,7,21,목
2022-07-21,경원선,응봉,1960,1660,3620,300,7,21,목
2022-07-21,경원선,왕십리(성동구청),14386,16165,30551,-1779,7,21,목
2022-07-21,경원선,청량리(서울시립대입구),15278,16008,31286,-730,7,21,목
2022-07-21,경원선,외대앞,7434,7313,14747,121,7,21,목
2022-07-21,경원선,신이문,8712,7880,16592,832,7,21,목
2022-07-21,경원선,석계,8197,9181,17378,-984,7,21,목
2022-07-21,경원선,광운대,7528,7179,14707,349,7,21,목
2022-07-21,경원선,월계,6535,6243,12778,292,7,21,목
2022-07-21,경원선,녹천,4905,3991,8896,914,7,21,목
2022-07-21,경원선,창동,1,0,1,1,7,21,목
2022-07-21,경원선,방학,10146,9763,19909,383,7,21,목
2022-07-21,경원선,도봉,6264,5894,12158,370,7,21,목
2022-07-21,경원선,도봉산,7101,4520,11621,2581,7,21,목
2022-07-21,경원선,망월사,7770,7815,15585,-45,7,21,목
2022-07-21,경원선,회룡,12868,12810,25678,58,7,21,목
2022-07-21,경원선,의정부,18428,19198,37626,-770,7,21,목
2022-07-21,경원선,가능,6905,6557,13462,348,7,21,목
2022-07-21,경원선,녹양,4708,4439,9147,269,7,21,목
2022-07-21,경원선,양주,7774,7260,15034,514,7,21,목
2022-07-21,경원선,덕계,3366,2986,6352,380,7,21,목
2022-07-21,경원선,덕정,5322,5315,10637,7,7,21,목
2022-07-21,경원선,지행,6588,6624,13212,-36,7,21,목
2022-07-21,경원선,동두천중앙,3166,3116,6282,50,7,21,목
2022-07-21,경원선,보산,1568,1457,3025,111,7,21,목
2022-07-21,경원선,동두천,2241,2395,4636,-154,7,21,목
2022-07-21,경원선,소요산,2378,2154,4532,224,7,21,목
2022-07-21,경의선,서울역,4851,6077,10928,-1226,7,21,목
2022-07-21,경의선,신촌,975,1249,2224,-274,7,21,목
2022-07-21,경의선,효창공원앞,3155,3524,6679,-369,7,21,목
2022-07-21,경의선,공덕,4024,3545,7569,479,7,21,목
2022-07-21,경의선,서강대,2180,2063,4243,117,7,21,목
2022-07-21,경의선,홍대입구,1948,2392,4340,-444,7,21,목
2022-07-21,경의선,가좌,5850,5432,11282,418,7,21,목
2022-07-21,경의선,디지털미디어시티,2885,2452,5337,433,7,21,목
2022-07-21,경의선,수색,3008,3238,6246,-230,7,21,목
2022-07-21,경의선,화전,1985,1856,3841,129,7,21,목
2022-07-21,경의선,강매,3402,2923,6325,479,7,21,목
2022-07-21,경의선,행신,8573,8477,17050,96,7,21,목
2022-07-21,경의선,능곡,3943,3584,7527,359,7,21,목
2022-07-21,경의선,곡산,649,623,1272,26,7,21,목
2022-07-21,경의선,백마,7314,6901,14215,413,7,21,목
2022-07-21,경의선,풍산,5891,5429,11320,462,7,21,목
2022-07-21,경의선,일산,9646,9140,18786,506,7,21,목
2022-07-21,경의선,탄현,8428,7920,16348,508,7,21,목
2022-07-21,경의선,야당,8351,8154,16505,197,7,21,목
2022-07-21,경의선,운정,7229,6537,13766,692,7,21,목
2022-07-21,경의선,금릉,5125,4959,10084,166,7,21,목
2022-07-21,경의선,금촌,6812,6736,13548,76,7,21,목
2022-07-21,경의선,월롱,2788,2566,5354,222,7,21,목
2022-07-21,경의선,파주,1084,796,1880,288,7,21,목
2022-07-21,경의선,문산,5475,5636,11111,-161,7,21,목
2022-07-21,경의선,임진강,22,3,25,19,7,21,목
2022-07-21,경인선,개봉,21855,21080,42935,775,7,21,목
2022-07-21,경인선,오류동,12313,11237,23550,1076,7,21,목
2022-07-21,경인선,역곡,27764,27319,55083,445,7,21,목
2022-07-21,경인선,부천,32412,32620,65032,-208,7,21,목
2022-07-21,경인선,송내,28315,27956,56271,359,7,21,목
2022-07-21,경인선,부평,29978,31681,61659,-1703,7,21,목
2022-07-21,경인선,백운,7125,6968,14093,157,7,21,목
2022-07-21,경인선,동암,16103,15863,31966,240,7,21,목
2022-07-21,경인선,주안,19378,17353,36731,2025,7,21,목
2022-07-21,경인선,제물포,10381,9781,20162,600,7,21,목
2022-07-21,경인선,동인천,14532,13747,28279,785,7,21,목
2022-07-21,경인선,인천,3756,2907,6663,849,7,21,목
2022-07-21,경인선,구일,6357,6161,12518,196,7,21,목
2022-07-21,경인선,소사,8559,8506,17065,53,7,21,목
2022-07-21,경인선,부개,9007,8383,17390,624,7,21,목
2022-07-21,경인선,간석,6100,5757,11857,343,7,21,목
2022-07-21,경인선,도원,2950,2994,5944,-44,7,21,목
2022-07-21,경인선,온수(성공회대입구),6544,6088,12632,456,7,21,목
2022-07-21,경인선,중동,9834,9224,19058,610,7,21,목
2022-07-21,경인선,도화,4267,3861,8128,406,7,21,목
2022-07-21,경춘선,신내,2355,2194,4549,161,7,21,목
2022-07-21,경춘선,갈매,3078,2611,5689,467,7,21,목
2022-07-21,경춘선,별내,3347,3119,6466,228,7,21,목
2022-07-21,경춘선,퇴계원,3597,3299,6896,298,7,21,목
2022-07-21,경춘선,사릉,2373,2316,4689,57,7,21,목
2022-07-21,경춘선,금곡,1550,1481,3031,69,7,21,목
2022-07-21,경춘선,평내호평,6359,6206,12565,153,7,21,목
2022-07-21,경춘선,천마산,1676,1547,3223,129,7,21,목
2022-07-21,경춘선,마석,4024,3855,7879,169,7,21,목
2022-07-21,경춘선,대성리,1209,1131,2340,78,7,21,목
2022-07-21,경춘선,청평,2058,2005,4063,53,7,21,목
2022-07-21,경춘선,상천,229,207,436,22,7,21,목
2022-07-21,경춘선,가평,2687,2948,5635,-261,7,21,목
2022-07-21,경춘선,굴봉산,120,87,207,33,7,21,목
2022-07-21,경춘선,백양리,125,110,235,15,7,21,목
2022-07-21,경춘선,강촌,515,598,1113,-83,7,21,목
2022-07-21,경춘선,김유정,328,339,667,-11,7,21,목
2022-07-21,경춘선,남춘천,2378,2327,4705,51,7,21,목
2022-07-21,경춘선,춘천,1267,1168,2435,99,7,21,목
2022-07-21,공항철도 1호선,서울역,9189,8527,17716,662,7,21,목
2022-07-21,공항철도 1호선,공덕,2612,3319,5931,-707,7,21,목
2022-07-21,공항철도 1호선,홍대입구,11328,11496,22824,-168,7,21,목
2022-07-21,공항철도 1호선,디지털미디어시티,15649,14398,30047,1251,7,21,목
2022-07-21,공항철도 1호선,마곡나루(서울식물원),10175,9825,20000,350,7,21,목
2022-07-21,공항철도 1호선,김포공항,11763,6918,18681,4845,7,21,목
2022-07-21,공항철도 1호선,계양,11700,10677,22377,1023,7,21,목
2022-07-21,공항철도 1호선,검암,7095,7094,14189,1,7,21,목
2022-07-21,공항철도 1호선,청라국제도시,7484,6983,14467,501,7,21,목
2022-07-21,공항철도 1호선,운서,7696,7880,15576,-184,7,21,목
2022-07-21,공항철도 1호선,공항화물청사,2383,2608,4991,-225,7,21,목
2022-07-21,공항철도 1호선,인천공항1터미널,7736,7221,14957,515,7,21,목
2022-07-21,공항철도 1호선,인천공항2터미널,3694,3159,6853,535,7,21,목
2022-07-21,공항철도 1호선,영종,3600,3619,7219,-19,7,21,목
2022-07-21,과천선,선바위,8602,7246,15848,1356,7,21,목
2022-07-21,과천선,경마공원,1281,1326,2607,-45,7,21,목
2022-07-21,과천선,대공원,2589,2714,5303,-125,7,21,목
2022-07-21,과천선,과천,6686,6125,12811,561,7,21,목
2022-07-21,과천선,정부과천청사,11059,11107,22166,-48,7,21,목
2022-07-21,과천선,인덕원,24742,25482,50224,-740,7,21,목
2022-07-21,과천선,평촌,18544,18323,36867,221,7,21,목
2022-07-21,과천선,범계,26452,26138,52590,314,7,21,목
2022-07-21,분당선,선릉,15056,22838,37894,-7782,7,21,목
2022-07-21,분당선,한티,16151,17108,33259,-957,7,21,목
2022-07-21,분당선,도곡,7366,7143,14509,223,7,21,목
2022-07-21,분당선,구룡,2324,2165,4489,159,7,21,목
2022-07-21,분당선,개포동,4128,4171,8299,-43,7,21,목
2022-07-21,분당선,대모산입구,4781,4360,9141,421,7,21,목
2022-07-21,분당선,수서,14422,15014,29436,-592,7,21,목
2022-07-21,분당선,수원,8130,6790,14920,1340,7,21,목
2022-07-21,분당선,서울숲,11912,12293,24205,-381,7,21,목
2022-07-21,분당선,압구정로데오,19765,22693,42458,-2928,7,21,목
2022-07-21,분당선,강남구청,10177,11935,22112,-1758,7,21,목
2022-07-21,분당선,선정릉,8422,9063,17485,-641,7,21,목
2022-07-21,분당선,가천대,6841,7533,14374,-692,7,21,목
2022-07-21,분당선,태평,13850,12932,26782,918,7,21,목
2022-07-21,분당선,모란,19678,19945,39623,-267,7,21,목
2022-07-21,분당선,야탑,26891,28114,55005,-1223,7,21,목
2022-07-21,분당선,서현,25469,25984,51453,-515,7,21,목
2022-07-21,분당선,수내,14495,14341,28836,154,7,21,목
2022-07-21,분당선,정자,19600,20810,40410,-1210,7,21,목
2022-07-21,분당선,미금,15897,16838,32735,-941,7,21,목
2022-07-21,분당선,오리,12030,10095,22125,1935,7,21,목
2022-07-21,분당선,이매,5841,5572,11413,269,7,21,목
2022-07-21,분당선,보정,2623,2282,4905,341,7,21,목
2022-07-21,분당선,죽전,13336,14721,28057,-1385,7,21,목
2022-07-21,분당선,구성,5462,5594,11056,-132,7,21,목
2022-07-21,분당선,신갈,4908,4760,9668,148,7,21,목
2022-07-21,분당선,기흥,10789,9783,20572,1006,7,21,목
2022-07-21,분당선,상갈,5480,5317,10797,163,7,21,목
2022-07-21,분당선,청명,4543,4274,8817,269,7,21,목
2022-07-21,분당선,영통,8431,8682,17113,-251,7,21,목
2022-07-21,분당선,망포,15301,14306,29607,995,7,21,목
2022-07-21,분당선,매탄권선,5364,5049,10413,315,7,21,목
2022-07-21,분당선,수원시청,13040,14147,27187,-1107,7,21,목
2022-07-21,분당선,매교,2786,2715,5501,71,7,21,목
2022-07-21,수인선,고색,4768,4385,9153,383,7,21,목
2022-07-21,수인선,오목천,2932,2750,5682,182,7,21,목
2022-07-21,수인선,어천,771,809,1580,-38,7,21,목
2022-07-21,수인선,야목,426,275,701,151,7,21,목
2022-07-21,수인선,사리,4796,4212,9008,584,7,21,목
2022-07-21,수인선,달월,121,82,203,39,7,21,목
2022-07-21,수인선,월곶,2877,2813,5690,64,7,21,목
2022-07-21,수인선,소래포구,4780,4514,9294,266,7,21,목
2022-07-21,수인선,인천논현,5677,5907,11584,-230,7,21,목
2022-07-21,수인선,호구포,4198,4270,8468,-72,7,21,목
2022-07-21,수인선,남동인더스파크,2417,2557,4974,-140,7,21,목
2022-07-21,수인선,원인재,4621,4973,9594,-352,7,21,목
2022-07-21,수인선,연수,4670,4677,9347,-7,7,21,목
2022-07-21,수인선,송도,2486,2614,5100,-128,7,21,목
2022-07-21,수인선,인하대,6202,6057,12259,145,7,21,목
2022-07-21,수인선,숭의,4080,3697,7777,383,7,21,목
2022-07-21,수인선,신포,1907,1924,3831,-17,7,21,목
2022-07-21,수인선,인천,1043,1698,2741,-655,7,21,목
2022-07-21,신림선,샛강,2204,2705,4909,-501,7,21,목
2022-07-21,신림선,대방,1951,1557,3508,394,7,21,목
2022-07-21,신림선,서울지방병무청,2226,2366,4592,-140,7,21,목
2022-07-21,신림선,보라매,2700,2461,5161,239,7,21,목
2022-07-21,신림선,보라매공원,1853,1995,3848,-142,7,21,목
2022-07-21,신림선,보라매병원,6663,7388,14051,-725,7,21,목
2022-07-21,신림선,당곡,3724,3478,7202,246,7,21,목
2022-07-21,신림선,신림,1568,2068,3636,-500,7,21,목
2022-07-21,우이신설선,가오리,4427,4310,8737,117,7,21,목
2022-07-21,우이신설선,화계,3545,3249,6794,296,7,21,목
2022-07-21,우이신설선,삼양,2046,2131,4177,-85,7,21,목
2022-07-21,우이신설선,삼양사거리,2456,2472,4928,-16,7,21,목
2022-07-21,우이신설선,솔샘,6080,5518,11598,562,7,21,목
2022-07-21,우이신설선,북한산보국문,5923,5638,11561,285,7,21,목
2022-07-21,우이신설선,정릉,4667,4314,8981,353,7,21,목
2022-07-21,우이신설선,성신여대입구(돈암),3315,3716,7031,-401,7,21,목
2022-07-21,우이신설선,보문,1568,1499,3067,69,7,21,목
2022-07-21,우이신설선,신설동,2263,2166,4429,97,7,21,목
2022-07-21,일산선,원흥,11575,10933,22508,642,7,21,목
2022-07-21,일산선,삼송,20279,19530,39809,749,7,21,목
2022-07-21,일산선,원당,11422,10709,22131,713,7,21,목
2022-07-21,일산선,화정,17685,17738,35423,-53,7,21,목
2022-07-21,일산선,대곡,2233,1797,4030,436,7,21,목
2022-07-21,일산선,백석,10092,10002,20094,90,7,21,목
2022-07-21,일산선,마두,7985,8111,16096,-126,7,21,목
2022-07-21,일산선,정발산,7144,7194,14338,-50,7,21,목
2022-07-21,일산선,주엽,9607,9652,19259,-45,7,21,목
2022-07-21,일산선,대화,13614,10405,24019,3209,7,21,목
2022-07-21,장항선,봉명,1221,1194,2415,27,7,21,목
2022-07-21,장항선,쌍용(나사렛대),1908,1797,3705,111,7,21,목
2022-07-21,장항선,아산,2920,2746,5666,174,7,21,목
2022-07-21,장항선,탕정,885,790,1675,95,7,21,목
2022-07-21,장항선,배방,1045,974,2019,71,7,21,목
2022-07-21,장항선,온양온천,3344,3349,6693,-5,7,21,목
2022-07-21,장항선,신창(순천향대),1057,990,2047,67,7,21,목
2022-07-21,중앙선,회기,24510,23722,48232,788,7,21,목
2022-07-21,중앙선,중랑,5821,5379,11200,442,7,21,목
2022-07-21,중앙선,상봉(시외버스터미널),5806,5882,11688,-76,7,21,목
2022-07-21,중앙선,망우,7988,7618,15606,370,7,21,목
2022-07-21,중앙선,원덕,343,332,675,11,7,21,목
2022-07-21,중앙선,용문,1825,1895,3720,-70,7,21,목
2022-07-21,중앙선,지평,56,50,106,6,7,21,목
2022-07-21,중앙선,양원,3109,3019,6128,90,7,21,목
2022-07-21,중앙선,구리,13897,13760,27657,137,7,21,목
2022-07-21,중앙선,도농,11847,10383,22230,1464,7,21,목
2022-07-21,중앙선,양정,702,578,1280,124,7,21,목
2022-07-21,중앙선,덕소,5763,5716,11479,47,7,21,목
2022-07-21,중앙선,도심,2536,1921,4457,615,7,21,목
2022-07-21,중앙선,팔당,892,970,1862,-78,7,21,목
2022-07-21,중앙선,운길산,773,787,1560,-14,7,21,목
2022-07-21,중앙선,양수,2645,2537,5182,108,7,21,목
2022-07-21,중앙선,신원,232,189,421,43,7,21,목
2022-07-21,중앙선,국수,802,780,1582,22,7,21,목
2022-07-21,중앙선,아신,564,602,1166,-38,7,21,목
2022-07-21,중앙선,오빈,342,329,671,13,7,21,목
2022-07-21,중앙선,양평,2916,2875,5791,41,7,21,목
2022-07-21,우이신설선,4.19민주묘지,2879,2594,5473,285,7,21,목
2022-07-21,우이신설선,솔밭공원,2570,2472,5042,98,7,21,목
2022-07-21,우이신설선,북한산우이,2705,2452,5157,253,7,21,목
2022-07-21,안산선,수리산,4163,3370,7533,793,7,21,목
2022-07-21,안산선,오이도,8669,8557,17226,112,7,21,목
2022-07-21,안산선,정왕,7776,8200,15976,-424,7,21,목
2022-07-21,안산선,신길온천,1739,1634,3373,105,7,21,목
2022-07-21,안산선,안산,11873,10732,22605,1141,7,21,목
2022-07-21,안산선,초지,4927,4988,9915,-61,7,21,목
2022-07-21,안산선,고잔,9060,8537,17597,523,7,21,목
2022-07-21,안산선,중앙,18229,18744,36973,-515,7,21,목
2022-07-21,안산선,한대앞,8893,8945,17838,-52,7,21,목
2022-07-21,안산선,상록수,15631,15112,30743,519,7,21,목
2022-07-21,안산선,반월,4264,4186,8450,78,7,21,목
2022-07-21,안산선,대야미,5103,4487,9590,616,7,21,목
2022-07-21,안산선,산본,16253,17499,33752,-1246,7,21,목
2022-07-21,신림선,관악산(서울대),2197,2217,4414,-20,7,21,목
2022-07-21,신림선,서울대벤처타운,6303,6264,12567,39,7,21,목
2022-07-21,신림선,서원,2939,2501,5440,438,7,21,목
2022-07-21,1호선,서울역,47832,46734,94566,1098,7,21,목
2022-07-21,1호선,시청,24624,25402,50026,-778,7,21,목
2022-07-21,1호선,종각,39127,39372,78499,-245,7,21,목
2022-07-21,1호선,종로3가,26655,24492,51147,2163,7,21,목
2022-07-21,1호선,종로5가,23296,23652,46948,-356,7,21,목
2022-07-21,1호선,동대문,10890,10143,21033,747,7,21,목
2022-07-21,1호선,신설동,13902,13459,27361,443,7,21,목
2022-07-21,1호선,제기동,16980,17036,34016,-56,7,21,목
2022-07-21,1호선,청량리(서울시립대입구),19900,19371,39271,529,7,21,목
2022-07-21,1호선,동묘앞,7313,7656,14969,-343,7,21,목
2022-07-21,2호선,시청,25414,25430,50844,-16,7,21,목
2022-07-21,2호선,을지로입구,43233,45487,88720,-2254,7,21,목
2022-07-21,2호선,을지로3가,24686,25421,50107,-735,7,21,목
2022-07-21,2호선,을지로4가,13937,14018,27955,-81,7,21,목
2022-07-21,2호선,동대문역사문화공원(DDP),13042,14772,27814,-1730,7,21,목
2022-07-21,2호선,신당,14399,14839,29238,-440,7,21,목
2022-07-21,2호선,상왕십리,14832,14361,29193,471,7,21,목
2022-07-21,2호선,왕십리(성동구청),16288,13656,29944,2632,7,21,목
2022-07-21,2호선,한양대,7791,8259,16050,-468,7,21,목
2022-07-21,2호선,뚝섬,23734,26024,49758,-2290,7,21,목
2022-07-21,2호선,성수,40329,44498,84827,-4169,7,21,목
2022-07-21,2호선,건대입구,35252,37945,73197,-2693,7,21,목
2022-07-21,2호선,구의(광진구청),24479,23945,48424,534,7,21,목
2022-07-21,2호선,강변(동서울터미널),32096,30878,62974,1218,7,21,목
2022-07-21,2호선,잠실나루,15372,14855,30227,517,7,21,목
2022-07-21,2호선,잠실(송파구청),75286,75393,150679,-107,7,21,목
2022-07-21,2호선,잠실새내,22110,21800,43910,310,7,21,목
2022-07-21,2호선,종합운동장,7525,7859,15384,-334,7,21,목
2022-07-21,2호선,삼성(무역센터),58857,60615,119472,-1758,7,21,목
2022-07-21,2호선,선릉,63014,56268,119282,6746,7,21,목
2022-07-21,2호선,역삼,56337,65207,121544,-8870,7,21,목
2022-07-21,2호선,강남,88984,87076,176060,1908,7,21,목
2022-07-21,2호선,교대(법원.검찰청),36387,41456,77843,-5069,7,21,목
2022-07-21,2호선,서초,22904,22467,45371,437,7,21,목
2022-07-21,2호선,방배,16591,17587,34178,-996,7,21,목
2022-07-21,2호선,사당,40031,44059,84090,-4028,7,21,목
2022-07-21,2호선,낙성대(강감찬),28445,27286,55731,1159,7,21,목
2022-07-21,2호선,서울대입구(관악구청),47462,46260,93722,1202,7,21,목
2022-07-21,2호선,봉천,24771,22964,47735,1807,7,21,목
2022-07-21,2호선,신림,60107,57505,117612,2602,7,21,목
2022-07-21,2호선,신대방,26305,25330,51635,975,7,21,목
2022-07-21,2호선,구로디지털단지,62059,62007,124066,52,7,21,목
2022-07-21,2호선,대림(구로구청),24192,24870,49062,-678,7,21,목
2022-07-21,2호선,신도림,49657,49026,98683,631,7,21,목
2022-07-21,2호선,문래,23316,24073,47389,-757,7,21,목
2022-07-21,2호선,영등포구청,23069,24091,47160,-1022,7,21,목
2022-07-21,2호선,당산,18713,22204,40917,-3491,7,21,목
2022-07-21,2호선,합정,32886,36106,68992,-3220,7,21,목
2022-07-21,2호선,홍대입구,59680,63643,123323,-3963,7,21,목
2022-07-21,2호선,신촌,35136,35629,70765,-493,7,21,목
2022-07-21,2호선,이대,14242,15008,29250,-766,7,21,목
2022-07-21,2호선,아현,10566,9773,20339,793,7,21,목
2022-07-21,2호선,충정로(경기대입구),10405,11114,21519,-709,7,21,목
2022-07-21,2호선,용답,2824,2648,5472,176,7,21,목
2022-07-21,2호선,신답,1853,2023,3876,-170,7,21,목
2022-07-21,2호선,신설동,3502,3516,7018,-14,7,21,목
2022-07-21,2호선,도림천,1452,1488,2940,-36,7,21,목
2022-07-21,2호선,양천구청,7212,7332,14544,-120,7,21,목
2022-07-21,2호선,신정네거리,10721,10846,21567,-125,7,21,목
2022-07-21,2호선,용두(동대문구청),2447,2472,4919,-25,7,21,목
2022-07-21,3호선,지축,5395,5089,10484,306,7,21,목
2022-07-21,3호선,구파발,21761,20923,42684,838,7,21,목
2022-07-21,3호선,연신내,36473,34366,70839,2107,7,21,목
2022-07-21,3호선,불광,16539,17604,34143,-1065,7,21,목
2022-07-21,3호선,녹번,16273,14273,30546,2000,7,21,목
2022-07-21,3호선,홍제,18007,16434,34441,1573,7,21,목
2022-07-21,3호선,무악재,4094,4059,8153,35,7,21,목
2022-07-21,3호선,독립문,7123,7040,14163,83,7,21,목
2022-07-21,3호선,경복궁(정부서울청사),21237,21688,42925,-451,7,21,목
2022-07-21,3호선,안국,23256,24310,47566,-1054,7,21,목
2022-07-21,3호선,종로3가,10717,12259,22976,-1542,7,21,목
2022-07-21,3호선,을지로3가,11371,11742,23113,-371,7,21,목
2022-07-21,3호선,충무로,1,0,1,1,7,21,목
2022-07-21,3호선,동대입구,9304,9984,19288,-680,7,21,목
2022-07-21,3호선,약수,13137,12542,25679,595,7,21,목
2022-07-21,3호선,금호,8191,7394,15585,797,7,21,목
2022-07-21,3호선,옥수,9435,9647,19082,-212,7,21,목
2022-07-21,3호선,압구정,33439,36146,69585,-2707,7,21,목
2022-07-21,3호선,신사,30057,32111,62168,-2054,7,21,목
2022-07-21,3호선,잠원,5012,4863,9875,149,7,21,목
2022-07-21,3호선,고속터미널,42342,41078,83420,1264,7,21,목
2022-07-21,3호선,교대(법원.검찰청),15944,10430,26374,5514,7,21,목
2022-07-21,3호선,남부터미널(예술의전당),30537,31528,62065,-991,7,21,목
2022-07-21,3호선,양재(서초구청),39292,43296,82588,-4004,7,21,목
2022-07-21,3호선,매봉,13151,12800,25951,351,7,21,목
2022-07-21,3호선,도곡,5351,5482,10833,-131,7,21,목
2022-07-21,3호선,대치,12354,12306,24660,48,7,21,목
2022-07-21,3호선,학여울,1882,1860,3742,22,7,21,목
2022-07-21,3호선,대청,10201,9642,19843,559,7,21,목
2022-07-21,3호선,일원,11074,10727,21801,347,7,21,목
2022-07-21,3호선,수서,17833,18078,35911,-245,7,21,목
2022-07-21,3호선,가락시장,9222,8911,18133,311,7,21,목
2022-07-21,3호선,경찰병원,7605,7567,15172,38,7,21,목
2022-07-21,3호선,오금,6589,5881,12470,708,7,21,목
2022-07-21,4호선,당고개,9396,8278,17674,1118,7,21,목
2022-07-21,4호선,상계,19561,18077,37638,1484,7,21,목
2022-07-21,4호선,노원,18598,21470,40068,-2872,7,21,목
2022-07-21,4호선,창동,25797,27252,53049,-1455,7,21,목
2022-07-21,4호선,쌍문,29320,26913,56233,2407,7,21,목
2022-07-21,4호선,수유(강북구청),34074,33919,67993,155,7,21,목
2022-07-21,4호선,미아(서울사이버대학),14882,14308,29190,574,7,21,목
2022-07-21,4호선,미아사거리,27518,26239,53757,1279,7,21,목
2022-07-21,4호선,길음,21383,20549,41932,834,7,21,목
2022-07-21,4호선,성신여대입구(돈암),19752,18876,38628,876,7,21,목
2022-07-21,4호선,한성대입구(삼선교),13318,12788,26106,530,7,21,목
2022-07-21,4호선,혜화,34090,34917,69007,-827,7,21,목
2022-07-21,4호선,동대문,20708,21539,42247,-831,7,21,목
2022-07-21,4호선,동대문역사문화공원(DDP),16242,14603,30845,1639,7,21,목
2022-07-21,4호선,충무로,26968,28735,55703,-1767,7,21,목
2022-07-21,4호선,명동,20429,21150,41579,-721,7,21,목
2022-07-21,4호선,회현(남대문시장),25270,26622,51892,-1352,7,21,목
2022-07-21,4호선,서울역,12516,19199,31715,-6683,7,21,목
2022-07-21,4호선,숙대입구(갈월),13235,12799,26034,436,7,21,목
2022-07-21,4호선,삼각지,5525,6238,11763,-713,7,21,목
2022-07-21,4호선,신용산,18389,19299,37688,-910,7,21,목
2022-07-21,4호선,이촌(국립중앙박물관),8758,9610,18368,-852,7,21,목
2022-07-21,4호선,동작(현충원),1294,1475,2769,-181,7,21,목
2022-07-21,4호선,총신대입구(이수),19041,20763,39804,-1722,7,21,목
2022-07-21,4호선,사당,26332,22119,48451,4213,7,21,목
2022-07-21,4호선,남태령,1261,1106,2367,155,7,21,목
2022-07-21,5호선,방화,6825,6478,13303,347,7,21,목
2022-07-21,5호선,개화산,5819,5550,11369,269,7,21,목
2022-07-21,5호선,김포공항,7960,7634,15594,326,7,21,목
2022-07-21,5호선,송정,6762,6157,12919,605,7,21,목
2022-07-21,5호선,마곡,11373,11729,23102,-356,7,21,목
2022-07-21,5호선,발산,21585,22880,44465,-1295,7,21,목
2022-07-21,5호선,우장산,14870,14402,29272,468,7,21,목
2022-07-21,5호선,화곡,29591,27275,56866,2316,7,21,목
2022-07-21,5호선,까치산,30062,28209,58271,1853,7,21,목
2022-07-21,5호선,신정(은행정),14658,11620,26278,3038,7,21,목
2022-07-21,5호선,목동,17591,18683,36274,-1092,7,21,목
2022-07-21,5호선,오목교(목동운동장앞),22609,23943,46552,-1334,7,21,목
2022-07-21,5호선,양평,7917,7839,15756,78,7,21,목
2022-07-21,5호선,영등포구청,4215,4267,8482,-52,7,21,목
2022-07-21,5호선,영등포시장,10678,10998,21676,-320,7,21,목
2022-07-21,5호선,신길,4568,4734,9302,-166,7,21,목
2022-07-21,5호선,여의도,29943,33329,63272,-3386,7,21,목
2022-07-21,5호선,여의나루,11939,13059,24998,-1120,7,21,목
2022-07-21,5호선,마포,15142,15583,30725,-441,7,21,목
2022-07-21,5호선,공덕,15510,16368,31878,-858,7,21,목
2022-07-21,5호선,애오개,7277,7195,14472,82,7,21,목
2022-07-21,5호선,충정로(경기대입구),4711,4766,9477,-55,7,21,목
2022-07-21,5호선,서대문,20359,21243,41602,-884,7,21,목
2022-07-21,5호선,광화문(세종문화회관),32471,34825,67296,-2354,7,21,목
2022-07-21,5호선,종로3가,13427,13226,26653,201,7,21,목
2022-07-21,5호선,을지로4가,6662,6824,13486,-162,7,21,목
2022-07-21,5호선,동대문역사문화공원(DDP),3191,3790,6981,-599,7,21,목
2022-07-21,5호선,청구,4088,3783,7871,305,7,21,목
2022-07-21,5호선,신금호,6632,6843,13475,-211,7,21,목
2022-07-21,5호선,행당,8678,7581,16259,1097,7,21,목
2022-07-21,5호선,왕십리(성동구청),4550,5304,9854,-754,7,21,목
2022-07-21,5호선,마장,5749,5366,11115,383,7,21,목
2022-07-21,5호선,답십리,16659,14852,31511,1807,7,21,목
2022-07-21,5호선,장한평,19670,19458,39128,212,7,21,목
2022-07-21,5호선,군자(능동),11335,12353,23688,-1018,7,21,목
2022-07-21,5호선,아차산(어린이대공원후문),14361,13618,27979,743,7,21,목
2022-07-22,4호선,한성대입구(삼선교),13528,13210,26738,318,7,22,금
2022-07-22,분당선,복정,2,0,2,2,7,22,금
2022-07-22,중앙선,양원,3167,2972,6139,195,7,22,금
2022-07-22,중앙선,구리,14337,14400,28737,-63,7,22,금
2022-07-22,중앙선,도농,11661,10437,22098,1224,7,22,금
2022-07-22,중앙선,양정,686,640,1326,46,7,22,금
2022-07-22,중앙선,덕소,5804,5714,11518,90,7,22,금
2022-07-22,중앙선,도심,2511,1942,4453,569,7,22,금
2022-07-22,중앙선,팔당,1002,1060,2062,-58,7,22,금
2022-07-22,중앙선,운길산,804,783,1587,21,7,22,금
2022-07-22,중앙선,양수,2384,2439,4823,-55,7,22,금
2022-07-22,중앙선,신원,206,174,380,32,7,22,금
2022-07-22,중앙선,국수,713,787,1500,-74,7,22,금
2022-07-22,중앙선,아신,602,694,1296,-92,7,22,금
2022-07-22,중앙선,오빈,341,331,672,10,7,22,금
2022-07-22,중앙선,양평,3119,3342,6461,-223,7,22,금
2022-07-22,중앙선,원덕,410,418,828,-8,7,22,금
2022-07-22,중앙선,용문,2266,2329,4595,-63,7,22,금
2022-07-22,중앙선,지평,74,79,153,-5,7,22,금
2022-07-22,중앙선,망우,8329,7913,16242,416,7,22,금
2022-07-22,중앙선,상봉(시외버스터미널),6214,6141,12355,73,7,22,금
2022-07-22,중앙선,중랑,5952,5563,11515,389,7,22,금
2022-07-22,중앙선,회기,25460,23878,49338,1582,7,22,금
2022-07-22,장항선,신창(순천향대),1356,1226,2582,130,7,22,금
2022-07-22,장항선,온양온천,3888,3958,7846,-70,7,22,금
2022-07-22,장항선,배방,1230,1213,2443,17,7,22,금
2022-07-22,장항선,탕정,984,877,1861,107,7,22,금
2022-07-22,장항선,아산,3645,3729,7374,-84,7,22,금
2022-07-22,장항선,쌍용(나사렛대),2126,1981,4107,145,7,22,금
2022-07-22,장항선,봉명,1348,1276,2624,72,7,22,금
2022-07-22,일산선,대화,13472,10858,24330,2614,7,22,금
2022-07-22,일산선,주엽,9974,9939,19913,35,7,22,금
2022-07-22,일산선,정발산,7862,8409,16271,-547,7,22,금
2022-07-22,일산선,마두,8099,8246,16345,-147,7,22,금
2022-07-22,일산선,백석,10350,10377,20727,-27,7,22,금
2022-07-22,일산선,대곡,2301,1818,4119,483,7,22,금
2022-07-22,일산선,화정,17621,17919,35540,-298,7,22,금
2022-07-22,일산선,원당,11780,10906,22686,874,7,22,금
2022-07-22,1호선,동묘앞,8020,8258,16278,-238,7,22,금
2022-07-22,일산선,삼송,20476,19472,39948,1004,7,22,금
2022-07-22,경부선,병점,16077,15547,31624,530,7,22,금
2022-07-22,일산선,원흥,11899,10877,22776,1022,7,22,금
2022-07-22,우이신설선,신설동,2269,2177,4446,92,7,22,금
2022-07-22,우이신설선,보문,1523,1540,3063,-17,7,22,금
2022-07-22,우이신설선,성신여대입구(돈암),3489,3991,7480,-502,7,22,금
2022-07-22,우이신설선,정릉,4990,4466,9456,524,7,22,금
2022-07-22,우이신설선,북한산보국문,6366,5842,12208,524,7,22,금
2022-07-22,우이신설선,솔샘,6036,5497,11533,539,7,22,금
2022-07-22,우이신설선,삼양사거리,2685,2586,5271,99,7,22,금
2022-07-22,우이신설선,삼양,2177,2249,4426,-72,7,22,금
2022-07-22,우이신설선,화계,3667,3353,7020,314,7,22,금
2022-07-22,우이신설선,가오리,4471,4385,8856,86,7,22,금
2022-07-22,우이신설선,4.19민주묘지,3075,2896,5971,179,7,22,금
2022-07-22,우이신설선,솔밭공원,2687,2437,5124,250,7,22,금
2022-07-22,우이신설선,북한산우이,3477,3304,6781,173,7,22,금
2022-07-22,안산선,수리산,4378,3364,7742,1014,7,22,금
2022-07-22,안산선,오이도,9311,9026,18337,285,7,22,금
2022-07-22,안산선,정왕,8882,8894,17776,-12,7,22,금
2022-07-22,안산선,신길온천,1982,1807,3789,175,7,22,금
2022-07-22,안산선,안산,12425,11382,23807,1043,7,22,금
2022-07-22,안산선,초지,5158,5167,10325,-9,7,22,금
2022-07-22,안산선,고잔,9508,9059,18567,449,7,22,금
2022-07-22,안산선,중앙,19263,20960,40223,-1697,7,22,금
2022-07-22,안산선,한대앞,9696,9410,19106,286,7,22,금
2022-07-22,안산선,상록수,16483,16741,33224,-258,7,22,금
2022-07-22,안산선,반월,4720,4463,9183,257,7,22,금
2022-07-22,안산선,대야미,5477,4577,10054,900,7,22,금
2022-07-22,신림선,관악산(서울대),2755,2736,5491,19,7,22,금
2022-07-22,신림선,서울대벤처타운,6544,6453,12997,91,7,22,금
2022-07-22,신림선,서원,2855,2433,5288,422,7,22,금
2022-07-22,신림선,신림,1660,2227,3887,-567,7,22,금
2022-07-22,신림선,당곡,3708,3608,7316,100,7,22,금
2022-07-22,신림선,보라매병원,6292,6387,12679,-95,7,22,금
2022-07-22,신림선,보라매공원,1930,2021,3951,-91,7,22,금
2022-07-22,신림선,보라매,2799,2488,5287,311,7,22,금
2022-07-22,신림선,서울지방병무청,2361,2520,4881,-159,7,22,금
2022-07-22,신림선,대방,2030,1653,3683,377,7,22,금
2022-07-22,신림선,샛강,2185,2757,4942,-572,7,22,금
2022-07-22,수인선,인천,1132,1918,3050,-786,7,22,금
2022-07-22,수인선,신포,1859,1941,3800,-82,7,22,금
2022-07-22,수인선,숭의,4226,3863,8089,363,7,22,금
2022-07-22,수인선,인하대,6150,5805,11955,345,7,22,금
2022-07-22,수인선,송도,2661,2431,5092,230,7,22,금
2022-07-22,수인선,연수,4982,4968,9950,14,7,22,금
2022-07-22,수인선,원인재,4752,4806,9558,-54,7,22,금
2022-07-22,수인선,남동인더스파크,2381,2675,5056,-294,7,22,금
2022-07-22,수인선,호구포,4372,4483,8855,-111,7,22,금
2022-07-22,수인선,인천논현,5887,6363,12250,-476,7,22,금
2022-07-22,수인선,소래포구,5051,4785,9836,266,7,22,금
2022-07-22,수인선,월곶,2915,2755,5670,160,7,22,금
2022-07-22,수인선,달월,114,69,183,45,7,22,금
2022-07-22,수인선,사리,5227,4316,9543,911,7,22,금
2022-07-22,수인선,야목,465,316,781,149,7,22,금
2022-07-22,수인선,어천,943,878,1821,65,7,22,금
2022-07-22,수인선,오목천,3554,3064,6618,490,7,22,금
2022-07-22,수인선,고색,5140,4636,9776,504,7,22,금
2022-07-22,분당선,매교,2966,2936,5902,30,7,22,금
2022-07-22,분당선,수원시청,14185,16643,30828,-2458,7,22,금
2022-07-22,분당선,매탄권선,5672,5304,10976,368,7,22,금
2022-07-22,분당선,망포,16408,14912,31320,1496,7,22,금
2022-07-22,분당선,영통,9222,9453,18675,-231,7,22,금
2022-07-22,분당선,청명,4790,4385,9175,405,7,22,금
2022-07-22,분당선,상갈,5814,5577,11391,237,7,22,금
2022-07-22,분당선,기흥,11029,10035,21064,994,7,22,금
2022-07-22,분당선,신갈,5035,4830,9865,205,7,22,금
2022-07-22,분당선,구성,5485,5641,11126,-156,7,22,금
2022-07-22,분당선,죽전,14054,15409,29463,-1355,7,22,금
2022-07-22,분당선,보정,2761,2305,5066,456,7,22,금
2022-07-22,분당선,이매,5888,5575,11463,313,7,22,금
2022-07-22,분당선,오리,12504,10277,22781,2227,7,22,금
2022-07-22,분당선,미금,16585,17441,34026,-856,7,22,금
2022-07-22,분당선,정자,19972,21401,41373,-1429,7,22,금
2022-07-22,분당선,수내,14552,14522,29074,30,7,22,금
2022-07-22,분당선,서현,27850,28157,56007,-307,7,22,금
2022-07-22,분당선,야탑,28216,29493,57709,-1277,7,22,금
2022-07-22,분당선,모란,20822,21103,41925,-281,7,22,금
2022-07-22,분당선,태평,14249,13428,27677,821,7,22,금
2022-07-22,분당선,가천대,6933,7601,14534,-668,7,22,금
2022-07-22,분당선,선정릉,8246,8706,16952,-460,7,22,금
2022-07-22,분당선,강남구청,10294,11878,22172,-1584,7,22,금
2022-07-22,분당선,압구정로데오,21360,25599,46959,-4239,7,22,금
2022-07-22,분당선,서울숲,12143,12420,24563,-277,7,22,금
2022-07-22,분당선,수원,8982,7564,16546,1418,7,22,금
2022-07-22,분당선,수서,15563,16224,31787,-661,7,22,금
2022-07-22,분당선,대모산입구,4905,4360,9265,545,7,22,금
2022-07-22,분당선,개포동,4194,4357,8551,-163,7,22,금
2022-07-22,분당선,구룡,2333,2138,4471,195,7,22,금
2022-07-22,분당선,도곡,7831,7356,15187,475,7,22,금
2022-07-22,분당선,한티,17107,18066,35173,-959,7,22,금
2022-07-22,분당선,선릉,14638,22100,36738,-7462,7,22,금
2022-07-22,안산선,산본,17054,18548,35602,-1494,7,22,금
2022-07-22,1호선,서울역,53137,52368,105505,769,7,22,금
2022-07-22,1호선,시청,24428,25315,49743,-887,7,22,금
2022-07-22,1호선,종각,40065,39956,80021,109,7,22,금
2022-07-22,1호선,종로3가,28175,26412,54587,1763,7,22,금
2022-07-22,1호선,종로5가,24181,24154,48335,27,7,22,금
2022-07-22,1호선,동대문,11479,10209,21688,1270,7,22,금
2022-07-22,1호선,신설동,14451,14039,28490,412,7,22,금
2022-07-22,1호선,제기동,17285,17643,34928,-358,7,22,금
2022-07-22,1호선,청량리(서울시립대입구),21117,21008,42125,109,7,22,금
2022-07-22,2호선,시청,25637,25033,50670,604,7,22,금
2022-07-22,2호선,을지로입구,43675,45003,88678,-1328,7,22,금
2022-07-22,2호선,을지로3가,24899,25744,50643,-845,7,22,금
2022-07-22,2호선,을지로4가,14116,14251,28367,-135,7,22,금
2022-07-22,2호선,동대문역사문화공원(DDP),13627,14962,28589,-1335,7,22,금
2022-07-22,2호선,신당,14905,15322,30227,-417,7,22,금
2022-07-22,2호선,상왕십리,15157,14346,29503,811,7,22,금
2022-07-22,2호선,왕십리(성동구청),16904,14738,31642,2166,7,22,금
2022-07-22,2호선,한양대,7868,8219,16087,-351,7,22,금
2022-07-22,2호선,뚝섬,24283,26117,50400,-1834,7,22,금
2022-07-22,2호선,성수,41122,45054,86176,-3932,7,22,금
2022-07-22,2호선,건대입구,37250,41791,79041,-4541,7,22,금
2022-07-22,2호선,구의(광진구청),24917,24229,49146,688,7,22,금
2022-07-22,2호선,강변(동서울터미널),35049,35190,70239,-141,7,22,금
2022-07-22,2호선,잠실나루,15506,14790,30296,716,7,22,금
2022-07-22,2호선,잠실(송파구청),79617,78246,157863,1371,7,22,금
2022-07-22,2호선,잠실새내,23184,23744,46928,-560,7,22,금
2022-07-22,2호선,종합운동장,11725,12454,24179,-729,7,22,금
2022-07-22,2호선,삼성(무역센터),60589,60859,121448,-270,7,22,금
2022-07-22,2호선,선릉,61111,54131,115242,6980,7,22,금
2022-07-22,2호선,역삼,55134,62159,117293,-7025,7,22,금
2022-07-22,2호선,강남,93558,91899,185457,1659,7,22,금
2022-07-22,2호선,교대(법원.검찰청),37363,42336,79699,-4973,7,22,금
2022-07-22,2호선,서초,23548,22672,46220,876,7,22,금
2022-07-22,2호선,방배,16797,17457,34254,-660,7,22,금
2022-07-22,2호선,사당,42013,47029,89042,-5016,7,22,금
2022-07-22,2호선,낙성대(강감찬),29322,27145,56467,2177,7,22,금
2022-07-22,2호선,서울대입구(관악구청),49857,47699,97556,2158,7,22,금
2022-07-22,2호선,봉천,25254,22928,48182,2326,7,22,금
2022-07-22,2호선,신림,61755,58616,120371,3139,7,22,금
2022-07-22,2호선,신대방,26969,25405,52374,1564,7,22,금
2022-07-22,2호선,구로디지털단지,62871,62551,125422,320,7,22,금
2022-07-22,2호선,대림(구로구청),24917,25378,50295,-461,7,22,금
2022-07-22,2호선,신도림,50782,50718,101500,64,7,22,금
2022-07-22,2호선,문래,23576,24427,48003,-851,7,22,금
2022-07-22,2호선,영등포구청,22751,23589,46340,-838,7,22,금
2022-07-22,2호선,당산,19406,22860,42266,-3454,7,22,금
2022-07-22,2호선,합정,34665,39209,73874,-4544,7,22,금
2022-07-22,2호선,홍대입구,64812,73453,138265,-8641,7,22,금
2022-07-22,2호선,신촌,37891,38989,76880,-1098,7,22,금
2022-07-22,2호선,이대,14365,14709,29074,-344,7,22,금
2022-07-22,2호선,아현,10922,10184,21106,738,7,22,금
2022-07-22,2호선,충정로(경기대입구),10290,10967,21257,-677,7,22,금
2022-07-22,2호선,용답,2797,2652,5449,145,7,22,금
2022-07-22,2호선,신답,1782,1870,3652,-88,7,22,금
2022-07-22,2호선,신설동,3874,3864,7738,10,7,22,금
2022-07-22,2호선,도림천,1470,1514,2984,-44,7,22,금
2022-07-22,2호선,양천구청,7144,7367,14511,-223,7,22,금
2022-07-22,2호선,신정네거리,10776,10956,21732,-180,7,22,금
2022-07-22,2호선,용두(동대문구청),2537,2470,5007,67,7,22,금
2022-07-22,3호선,지축,5500,5189,10689,311,7,22,금
2022-07-22,3호선,구파발,22217,21392,43609,825,7,22,금
2022-07-22,3호선,연신내,37894,35967,73861,1927,7,22,금
2022-07-22,3호선,불광,16810,17975,34785,-1165,7,22,금
2022-07-22,3호선,녹번,16495,14279,30774,2216,7,22,금
2022-07-22,3호선,홍제,18451,16970,35421,1481,7,22,금
2022-07-22,3호선,무악재,4129,4019,8148,110,7,22,금
2022-07-22,3호선,독립문,7358,7343,14701,15,7,22,금
2022-07-22,3호선,경복궁(정부서울청사),21723,22140,43863,-417,7,22,금
2022-07-22,3호선,안국,24384,25173,49557,-789,7,22,금
2022-07-22,3호선,종로3가,10847,13083,23930,-2236,7,22,금
2022-07-22,3호선,을지로3가,11607,11978,23585,-371,7,22,금
2022-07-22,3호선,충무로,2,0,2,2,7,22,금
2022-07-22,3호선,동대입구,9226,9701,18927,-475,7,22,금
2022-07-22,3호선,약수,13547,13128,26675,419,7,22,금
2022-07-22,3호선,금호,8336,7566,15902,770,7,22,금
2022-07-22,3호선,옥수,9730,9716,19446,14,7,22,금
2022-07-22,3호선,압구정,35302,38931,74233,-3629,7,22,금
2022-07-22,3호선,신사,31952,34531,66483,-2579,7,22,금
2022-07-22,3호선,잠원,5186,4996,10182,190,7,22,금
2022-07-22,3호선,고속터미널,49960,52306,102266,-2346,7,22,금
2022-07-22,3호선,교대(법원.검찰청),16167,10468,26635,5699,7,22,금
2022-07-22,3호선,남부터미널(예술의전당),33387,33669,67056,-282,7,22,금
2022-07-22,3호선,양재(서초구청),41859,44609,86468,-2750,7,22,금
2022-07-22,3호선,매봉,13365,12928,26293,437,7,22,금
2022-07-22,3호선,도곡,5443,5420,10863,23,7,22,금
2022-07-22,3호선,대치,12851,12688,25539,163,7,22,금
2022-07-22,3호선,학여울,2078,2068,4146,10,7,22,금
2022-07-22,3호선,대청,10425,9625,20050,800,7,22,금
2022-07-22,3호선,일원,10754,10287,21041,467,7,22,금
2022-07-22,3호선,수서,19318,19263,38581,55,7,22,금
2022-07-22,3호선,가락시장,9641,9393,19034,248,7,22,금
2022-07-22,3호선,경찰병원,7711,7604,15315,107,7,22,금
2022-07-22,3호선,오금,6524,5734,12258,790,7,22,금
2022-07-22,4호선,당고개,9591,8475,18066,1116,7,22,금
2022-07-22,4호선,상계,20042,18353,38395,1689,7,22,금
2022-07-22,4호선,노원,19789,23161,42950,-3372,7,22,금
2022-07-22,4호선,창동,27255,28730,55985,-1475,7,22,금
2022-07-22,4호선,쌍문,30037,27615,57652,2422,7,22,금
2022-07-22,4호선,수유(강북구청),35321,35329,70650,-8,7,22,금
2022-07-22,4호선,미아(서울사이버대학),15373,14416,29789,957,7,22,금
2022-07-22,4호선,미아사거리,28452,27519,55971,933,7,22,금
2022-07-22,4호선,길음,21563,20375,41938,1188,7,22,금
2022-07-22,4호선,성신여대입구(돈암),20610,19895,40505,715,7,22,금
2022-07-22,4호선,혜화,34418,34975,69393,-557,7,22,금
2022-07-22,4호선,동대문,21099,21107,42206,-8,7,22,금
2022-07-22,4호선,동대문역사문화공원(DDP),16659,14510,31169,2149,7,22,금
2022-07-22,4호선,충무로,27044,28928,55972,-1884,7,22,금
2022-07-22,4호선,명동,21439,22589,44028,-1150,7,22,금
2022-07-22,4호선,회현(남대문시장),25811,26898,52709,-1087,7,22,금
2022-07-22,4호선,서울역,12354,21417,33771,-9063,7,22,금
2022-07-22,4호선,숙대입구(갈월),13550,13098,26648,452,7,22,금
2022-07-22,4호선,삼각지,5762,6583,12345,-821,7,22,금
2022-07-22,4호선,신용산,18734,19915,38649,-1181,7,22,금
2022-07-22,4호선,이촌(국립중앙박물관),9056,9802,18858,-746,7,22,금
2022-07-22,4호선,동작(현충원),1541,1603,3144,-62,7,22,금
2022-07-22,4호선,총신대입구(이수),20290,21756,42046,-1466,7,22,금
2022-07-22,4호선,사당,28013,23862,51875,4151,7,22,금
2022-07-22,4호선,남태령,1398,1129,2527,269,7,22,금
2022-07-22,5호선,방화,6963,6755,13718,208,7,22,금
2022-07-22,5호선,개화산,5946,5562,11508,384,7,22,금
2022-07-22,5호선,김포공항,8661,8455,17116,206,7,22,금
2022-07-22,5호선,송정,7119,6511,13630,608,7,22,금
2022-07-22,5호선,마곡,11309,11364,22673,-55,7,22,금
2022-07-22,5호선,발산,21019,22427,43446,-1408,7,22,금
2022-07-22,5호선,우장산,14910,14576,29486,334,7,22,금
2022-07-22,5호선,화곡,30218,27483,57701,2735,7,22,금
2022-07-22,5호선,까치산,30326,28193,58519,2133,7,22,금
2022-07-22,5호선,신정(은행정),14547,11364,25911,3183,7,22,금
2022-07-22,5호선,목동,17901,18918,36819,-1017,7,22,금
2022-07-22,5호선,오목교(목동운동장앞),23023,24694,47717,-1671,7,22,금
2022-07-22,5호선,양평,7856,7548,15404,308,7,22,금
2022-07-22,5호선,영등포구청,4204,4221,8425,-17,7,22,금
2022-07-22,5호선,영등포시장,10863,11180,22043,-317,7,22,금
2022-07-22,5호선,신길,4499,4640,9139,-141,7,22,금
2022-07-22,5호선,여의도,29430,32013,61443,-2583,7,22,금
2022-07-22,5호선,여의나루,12643,13798,26441,-1155,7,22,금
2022-07-22,5호선,마포,14993,15687,30680,-694,7,22,금
2022-07-22,5호선,공덕,15032,16037,31069,-1005,7,22,금
2022-07-22,5호선,애오개,7126,6873,13999,253,7,22,금
2022-07-22,5호선,충정로(경기대입구),4586,4617,9203,-31,7,22,금
2022-07-22,5호선,서대문,19757,20214,39971,-457,7,22,금
2022-07-22,5호선,광화문(세종문화회관),32985,35514,68499,-2529,7,22,금
2022-07-22,5호선,종로3가,14260,14838,29098,-578,7,22,금
2022-07-22,5호선,을지로4가,6486,6690,13176,-204,7,22,금
2022-07-22,5호선,동대문역사문화공원(DDP),3125,3693,6818,-568,7,22,금
2022-07-22,5호선,청구,4087,3808,7895,279,7,22,금
2022-07-22,5호선,신금호,6559,6654,13213,-95,7,22,금
2022-07-22,5호선,행당,8579,7462,16041,1117,7,22,금
2022-07-22,5호선,왕십리(성동구청),4663,5471,10134,-808,7,22,금
2022-07-22,5호선,마장,5876,5267,11143,609,7,22,금
2022-07-22,5호선,답십리,16922,15222,32144,1700,7,22,금
2022-07-22,5호선,장한평,19644,19242,38886,402,7,22,금
2022-07-22,5호선,군자(능동),11793,12693,24486,-900,7,22,금
2022-07-22,5호선,아차산(어린이대공원후문),14591,14074,28665,517,7,22,금
2022-07-22,5호선,광나루(장신대),13558,12079,25637,1479,7,22,금
2022-07-22,5호선,천호(풍납토성),19873,19947,39820,-74,7,22,금
2022-07-22,5호선,강동,19439,18386,37825,1053,7,22,금
2022-07-22,5호선,길동,8476,8902,17378,-426,7,22,금
2022-07-22,5호선,굽은다리(강동구민회관앞),10136,9761,19897,375,7,22,금
2022-07-22,5호선,명일,9128,9161,18289,-33,7,22,금
2022-07-22,5호선,고덕,10184,10142,20326,42,7,22,금
2022-07-22,5호선,상일동,15819,14368,30187,1451,7,22,금
2022-07-22,5호선,둔촌동,8631,8723,17354,-92,7,22,금
2022-07-22,5호선,올림픽공원(한국체대),4452,3761,8213,691,7,22,금
2022-07-22,5호선,방이,7440,7769,15209,-329,7,22,금
2022-07-22,5호선,오금,3813,3697,7510,116,7,22,금
2022-07-22,5호선,개롱,6886,6931,13817,-45,7,22,금
2022-07-22,5호선,거여,10524,9686,20210,838,7,22,금
2022-07-22,5호선,마천,7780,7313,15093,467,7,22,금
2022-07-22,5호선,강일,4664,4491,9155,173,7,22,금
2022-07-22,5호선,미사,17379,17629,35008,-250,7,22,금
2022-07-22,5호선,하남풍산,4422,4368,8790,54,7,22,금
2022-07-22,5호선,하남시청(덕풍·신장),7611,7255,14866,356,7,22,금
2022-07-22,5호선,하남검단산,6310,5985,12295,325,7,22,금
2022-07-22,6호선,응암,18157,17687,35844,470,7,22,금
2022-07-22,6호선,역촌,4065,4284,8349,-219,7,22,금
2022-07-22,6호선,불광,4676,4650,9326,26,7,22,금
2022-07-22,6호선,독바위,2975,2998,5973,-23,7,22,금
2022-07-22,6호선,연신내,1,0,1,1,7,22,금
2022-07-22,6호선,구산,8143,5961,14104,2182,7,22,금
2022-07-22,6호선,새절(신사),13227,11989,25216,1238,7,22,금
2022-07-22,6호선,증산(명지대앞),10291,10216,20507,75,7,22,금
2022-07-22,6호선,디지털미디어시티,14830,16090,30920,-1260,7,22,금
2022-07-22,6호선,월드컵경기장(성산),4619,4864,9483,-245,7,22,금
2022-07-22,6호선,마포구청,15103,13170,28273,1933,7,22,금
2022-07-22,6호선,망원,15013,16121,31134,-1108,7,22,금
2022-07-22,6호선,합정,14947,14781,29728,166,7,22,금
2022-07-22,6호선,상수,9491,11542,21033,-2051,7,22,금
2022-07-22,6호선,광흥창(서강),9903,9410,19313,493,7,22,금
2022-07-22,6호선,대흥(서강대앞),8894,9059,17953,-165,7,22,금
2022-07-22,6호선,공덕,19657,19109,38766,548,7,22,금
2022-07-22,6호선,효창공원앞,7538,6716,14254,822,7,22,금
2022-07-22,6호선,삼각지,7873,6387,14260,1486,7,22,금
2022-07-22,6호선,녹사평(용산구청),5478,5806,11284,-328,7,22,금
2022-07-22,6호선,이태원,12453,16844,29297,-4391,7,22,금
2022-07-22,6호선,한강진,8718,10424,19142,-1706,7,22,금
2022-07-22,6호선,버티고개,2153,2096,4249,57,7,22,금
2022-07-22,6호선,약수,3826,3978,7804,-152,7,22,금
2022-07-22,6호선,청구,3896,3994,7890,-98,7,22,금
2022-07-22,6호선,신당,8851,8392,17243,459,7,22,금
2022-07-22,6호선,동묘앞,8364,8046,16410,318,7,22,금
2022-07-22,6호선,창신,3534,2773,6307,761,7,22,금
2022-07-22,6호선,보문,8024,7195,15219,829,7,22,금
2022-07-22,6호선,안암(고대병원앞),11074,10606,21680,468,7,22,금
2022-07-22,6호선,고려대(종암),8554,8043,16597,511,7,22,금
2022-07-22,6호선,월곡(동덕여대),12071,11672,23743,399,7,22,금
2022-07-22,6호선,상월곡(한국과학기술연구원),6441,5627,12068,814,7,22,금
2022-07-22,6호선,돌곶이,9526,8543,18069,983,7,22,금
2022-07-22,6호선,석계,12657,12866,25523,-209,7,22,금
2022-07-22,6호선,태릉입구,5877,6302,12179,-425,7,22,금
2022-07-22,6호선,화랑대(서울여대입구),11849,8884,20733,2965,7,22,금
2022-07-22,6호선,봉화산(서울의료원),9265,8724,17989,541,7,22,금
2022-07-22,7호선,장암,2429,1043,3472,1386,7,22,금
2022-07-22,7호선,도봉산,9437,10724,20161,-1287,7,22,금
2022-07-22,7호선,수락산,13298,13058,26356,240,7,22,금
2022-07-22,7호선,마들,13577,12577,26154,1000,7,22,금
2022-07-22,7호선,노원,21510,23423,44933,-1913,7,22,금
2022-07-22,7호선,중계,14869,13116,27985,1753,7,22,금
2022-07-22,7호선,하계,18292,16902,35194,1390,7,22,금
2022-07-22,7호선,공릉(서울과학기술대),12689,12187,24876,502,7,22,금
2022-07-22,7호선,태릉입구,8888,8394,17282,494,7,22,금
2022-07-22,7호선,먹골,10770,10525,21295,245,7,22,금
2022-07-22,7호선,중화,11179,10675,21854,504,7,22,금
2022-07-22,7호선,상봉(시외버스터미널),17605,17020,34625,585,7,22,금
2022-07-22,7호선,면목,15861,15059,30920,802,7,22,금
2022-07-22,7호선,사가정,16641,16482,33123,159,7,22,금
2022-07-22,7호선,용마산(용마폭포공원),6120,5743,11863,377,7,22,금
2022-07-22,7호선,중곡,11238,10467,21705,771,7,22,금
2022-07-22,7호선,군자(능동),15795,12361,28156,3434,7,22,금
2022-07-22,7호선,어린이대공원(세종대),13593,13445,27038,148,7,22,금
2022-07-22,7호선,건대입구,13108,13924,27032,-816,7,22,금
2022-07-22,7호선,뚝섬유원지,9446,8846,18292,600,7,22,금
2022-07-22,7호선,청담,20367,23224,43591,-2857,7,22,금
2022-07-22,7호선,강남구청,17597,19655,37252,-2058,7,22,금
2022-07-22,7호선,학동,25278,26833,52111,-1555,7,22,금
2022-07-22,7호선,논현,20027,21705,41732,-1678,7,22,금
2022-07-22,7호선,반포,6439,6135,12574,304,7,22,금
2022-07-22,7호선,고속터미널,18803,15220,34023,3583,7,22,금
2022-07-22,7호선,내방,15347,15452,30799,-105,7,22,금
2022-07-22,7호선,이수,17394,16983,34377,411,7,22,금
2022-07-22,7호선,남성,11678,10475,22153,1203,7,22,금
2022-07-22,7호선,숭실대입구(살피재),12285,11943,24228,342,7,22,금
2022-07-22,7호선,상도,11419,10860,22279,559,7,22,금
2022-07-22,7호선,장승배기,9741,9465,19206,276,7,22,금
2022-07-22,7호선,신대방삼거리,15964,14763,30727,1201,7,22,금
2022-07-22,7호선,보라매,8039,7949,15988,90,7,22,금
2022-07-22,7호선,신풍,12147,11624,23771,523,7,22,금
2022-07-22,7호선,대림(구로구청),8119,8358,16477,-239,7,22,금
2022-07-22,7호선,남구로,15856,16840,32696,-984,7,22,금
2022-07-22,7호선,가산디지털단지,46585,46366,92951,219,7,22,금
2022-07-22,7호선,철산,22553,23092,45645,-539,7,22,금
2022-07-22,7호선,광명사거리,22819,22474,45293,345,7,22,금
2022-07-22,7호선,천왕,11917,11240,23157,677,7,22,금
2022-07-22,7호선,온수(성공회대입구),10225,9407,19632,818,7,22,금
2022-07-22,8호선,암사,19959,17160,37119,2799,7,22,금
2022-07-22,8호선,천호(풍납토성),15428,18296,33724,-2868,7,22,금
2022-07-22,8호선,강동구청,10852,11067,21919,-215,7,22,금
2022-07-22,8호선,몽촌토성(평화의문),6336,6494,12830,-158,7,22,금
2022-07-22,8호선,잠실(송파구청),15592,18675,34267,-3083,7,22,금
2022-07-22,8호선,석촌,8214,9366,17580,-1152,7,22,금
2022-07-22,8호선,송파,9108,8828,17936,280,7,22,금
2022-07-22,8호선,가락시장,8051,9184,17235,-1133,7,22,금
2022-07-22,8호선,문정,22816,23948,46764,-1132,7,22,금
2022-07-22,8호선,장지,18299,17068,35367,1231,7,22,금
2022-07-22,8호선,복정,9833,8165,17998,1668,7,22,금
2022-07-22,8호선,산성,5497,5453,10950,44,7,22,금
2022-07-22,8호선,남한산성입구(성남법원.검찰청),14251,12414,26665,1837,7,22,금
2022-07-22,8호선,단대오거리,11027,10465,21492,562,7,22,금
2022-07-22,8호선,신흥,4394,4873,9267,-479,7,22,금
2022-07-22,8호선,수진,5662,5043,10705,619,7,22,금
2022-07-22,8호선,모란,4520,3796,8316,724,7,22,금
2022-07-22,8호선,남위례,5686,5891,11577,-205,7,22,금
2022-07-22,9호선,개화,2875,1902,4777,973,7,22,금
2022-07-22,9호선,김포공항,8852,13307,22159,-4455,7,22,금
2022-07-22,9호선,공항시장,3182,3430,6612,-248,7,22,금
2022-07-22,9호선,신방화,7207,6799,14006,408,7,22,금
2022-07-22,9호선,마곡나루(서울식물원),13438,13244,26682,194,7,22,금
2022-07-22,9호선,양천향교,10377,10212,20589,165,7,22,금
2022-07-22,9호선,가양,22453,21492,43945,961,7,22,금
2022-07-22,9호선,증미,8001,7655,15656,346,7,22,금
2022-07-22,9호선,등촌,12226,11393,23619,833,7,22,금
2022-07-22,9호선,염창,18684,17597,36281,1087,7,22,금
2022-07-22,9호선,신목동,4616,3812,8428,804,7,22,금
2022-07-22,9호선,선유도,9518,8776,18294,742,7,22,금
2022-07-22,9호선,당산,20148,19949,40097,199,7,22,금
2022-07-22,9호선,국회의사당,18728,19423,38151,-695,7,22,금
2022-07-22,9호선,여의도,31108,29546,60654,1562,7,22,금
2022-07-22,9호선,샛강,6521,6705,13226,-184,7,22,금
2022-07-22,9호선,노량진,27633,26628,54261,1005,7,22,금
2022-07-22,9호선,노들,4885,3938,8823,947,7,22,금
2022-07-22,9호선,흑석(중앙대입구),8572,8687,17259,-115,7,22,금
2022-07-22,9호선,동작(현충원),2028,1555,3583,473,7,22,금
2022-07-22,9호선,구반포,1420,1454,2874,-34,7,22,금
2022-07-22,9호선,신반포,3857,3856,7713,1,7,22,금
2022-07-22,9호선,고속터미널,15377,21438,36815,-6061,7,22,금
2022-07-22,9호선,사평,4278,3952,8230,326,7,22,금
2022-07-22,9호선,신논현,34982,35831,70813,-849,7,22,금
2022-07-22,9호선2~3단계,언주,12050,12158,24208,-108,7,22,금
2022-07-22,9호선2~3단계,선정릉,10851,11715,22566,-864,7,22,금
2022-07-22,9호선2~3단계,삼성중앙,7846,8369,16215,-523,7,22,금
2022-07-22,9호선2~3단계,봉은사,22421,23065,45486,-644,7,22,금
2022-07-22,9호선2~3단계,종합운동장,4591,4632,9223,-41,7,22,금
2022-07-22,9호선2~3단계,삼전,7638,7065,14703,573,7,22,금
2022-07-22,9호선2~3단계,석촌고분,6839,6518,13357,321,7,22,금
2022-07-22,9호선2~3단계,석촌,9288,8302,17590,986,7,22,금
2022-07-22,9호선2~3단계,송파나루,5658,6246,11904,-588,7,22,금
2022-07-22,9호선2~3단계,한성백제,2723,2487,5210,236,7,22,금
2022-07-22,9호선2~3단계,올림픽공원(한국체대),6609,6450,13059,159,7,22,금
2022-07-22,9호선2~3단계,둔촌오륜,955,915,1870,40,7,22,금
2022-07-22,9호선2~3단계,중앙보훈병원,11790,10270,22060,1520,7,22,금
2022-07-22,경강선,판교,5361,5388,10749,-27,7,22,금
2022-07-22,경강선,이매,1239,1000,2239,239,7,22,금
2022-07-22,경강선,삼동,2594,2335,4929,259,7,22,금
2022-07-22,경강선,경기광주,8368,7599,15967,769,7,22,금
2022-07-22,경강선,초월,3590,3207,6797,383,7,22,금
2022-07-22,경강선,곤지암,2401,2283,4684,118,7,22,금
2022-07-22,경강선,신둔도예촌,1637,1557,3194,80,7,22,금
2022-07-22,경강선,이천,2931,3130,6061,-199,7,22,금
2022-07-22,경강선,부발,2832,2206,5038,626,7,22,금
2022-07-22,경강선,세종대왕릉,383,417,800,-34,7,22,금
2022-07-22,경강선,여주,2395,2595,4990,-200,7,22,금
2022-07-22,경부선,서울역,9747,2922,12669,6825,7,22,금
2022-07-22,경부선,남영,9651,10042,19693,-391,7,22,금
2022-07-22,경부선,용산,43137,44698,87835,-1561,7,22,금
2022-07-22,경부선,노량진,8498,8134,16632,364,7,22,금
2022-07-22,경부선,대방,11665,12615,24280,-950,7,22,금
2022-07-22,경부선,영등포,44169,46720,90889,-2551,7,22,금
2022-07-22,경부선,신도림,4457,4407,8864,50,7,22,금
2022-07-22,경부선,신길,9355,7927,17282,1428,7,22,금
2022-07-22,경부선,구로,19296,20228,39524,-932,7,22,금
2022-07-22,경부선,가산디지털단지,19229,22086,41315,-2857,7,22,금
2022-07-22,경부선,금천구청,12147,12122,24269,25,7,22,금
2022-07-22,경부선,석수,10027,8853,18880,1174,7,22,금
2022-07-22,경부선,관악,7707,7400,15107,307,7,22,금
2022-07-22,경부선,안양,22652,22841,45493,-189,7,22,금
2022-07-22,경부선,명학,9438,9205,18643,233,7,22,금
2022-07-22,경부선,금정,29582,29944,59526,-362,7,22,금
2022-07-22,경부선,군포,7972,7735,15707,237,7,22,금
2022-07-22,경부선,의왕,9419,9292,18711,127,7,22,금
2022-07-22,경부선,성균관대,15516,15068,30584,448,7,22,금
2022-07-22,경부선,화서,8868,8283,17151,585,7,22,금
2022-07-22,경부선,수원,37552,41537,79089,-3985,7,22,금
2022-07-22,경부선,독산,19669,19958,39627,-289,7,22,금
2022-07-22,경부선,세류,3478,3186,6664,292,7,22,금
2022-07-22,경부선,세마,3130,2843,5973,287,7,22,금
2022-07-22,경부선,오산대,3629,3457,7086,172,7,22,금
2022-07-22,경부선,오산,10634,10597,21231,37,7,22,금
2022-07-22,경부선,진위,1978,1620,3598,358,7,22,금
2022-07-22,경부선,송탄,5144,4402,9546,742,7,22,금
2022-07-22,경부선,서정리,9015,7408,16423,1607,7,22,금
2022-07-22,경부선,평택지제,4554,4268,8822,286,7,22,금
2022-07-22,경부선,평택,13650,13362,27012,288,7,22,금
2022-07-22,경부선,성환,3684,3356,7040,328,7,22,금
2022-07-22,경부선,직산,1031,908,1939,123,7,22,금
2022-07-22,경부선,두정,6466,6438,12904,28,7,22,금
2022-07-22,경부선,천안,6038,6400,12438,-362,7,22,금
2022-07-22,경부선,당정,6645,6155,12800,490,7,22,금
2022-07-22,경부선,서동탄,1553,1367,2920,186,7,22,금
2022-07-22,경부선,광명,4044,3801,7845,243,7,22,금
2022-07-22,경원선,이촌(국립중앙박물관),4009,3128,7137,881,7,22,금
2022-07-22,경원선,서빙고,2206,2063,4269,143,7,22,금
2022-07-22,경원선,한남,4315,4226,8541,89,7,22,금
2022-07-22,경원선,옥수,68,33,101,35,7,22,금
2022-07-22,경원선,응봉,1996,1635,3631,361,7,22,금
2022-07-22,경원선,왕십리(성동구청),15809,17684,33493,-1875,7,22,금
2022-07-22,경원선,청량리(서울시립대입구),18173,19398,37571,-1225,7,22,금
2022-07-22,경원선,외대앞,7717,7535,15252,182,7,22,금
2022-07-22,경원선,신이문,8822,7850,16672,972,7,22,금
2022-07-22,경원선,석계,8560,9447,18007,-887,7,22,금
2022-07-22,경원선,광운대,7578,7186,14764,392,7,22,금
2022-07-22,경원선,월계,6799,6188,12987,611,7,22,금
2022-07-22,경원선,녹천,4952,3875,8827,1077,7,22,금
2022-07-22,경원선,창동,1,0,1,1,7,22,금
2022-07-22,경원선,방학,10341,10101,20442,240,7,22,금
2022-07-22,경원선,도봉,6339,6128,12467,211,7,22,금
2022-07-22,경원선,도봉산,7782,4970,12752,2812,7,22,금
2022-07-22,경원선,망월사,7930,7976,15906,-46,7,22,금
2022-07-22,경원선,회룡,13485,13332,26817,153,7,22,금
2022-07-22,경원선,의정부,19907,20937,40844,-1030,7,22,금
2022-07-22,경원선,가능,7155,6922,14077,233,7,22,금
2022-07-22,경원선,녹양,4852,4607,9459,245,7,22,금
2022-07-22,경원선,양주,8071,7516,15587,555,7,22,금
2022-07-22,경원선,덕계,3526,3133,6659,393,7,22,금
2022-07-22,경원선,덕정,5770,5529,11299,241,7,22,금
2022-07-22,경원선,지행,7131,7195,14326,-64,7,22,금
2022-07-22,경원선,동두천중앙,3322,3174,6496,148,7,22,금
2022-07-22,경원선,보산,1988,1686,3674,302,7,22,금
2022-07-22,경원선,동두천,2391,2586,4977,-195,7,22,금
2022-07-22,경원선,소요산,2932,2685,5617,247,7,22,금
2022-07-22,경의선,서울역,4846,6348,11194,-1502,7,22,금
2022-07-22,경의선,신촌,935,1247,2182,-312,7,22,금
2022-07-22,경의선,효창공원앞,3035,3479,6514,-444,7,22,금
2022-07-22,경의선,공덕,4241,3616,7857,625,7,22,금
2022-07-22,경의선,서강대,2252,2202,4454,50,7,22,금
2022-07-22,경의선,홍대입구,2019,2470,4489,-451,7,22,금
2022-07-22,경의선,가좌,6043,5567,11610,476,7,22,금
2022-07-22,경의선,디지털미디어시티,3106,2623,5729,483,7,22,금
2022-07-22,경의선,수색,3051,3171,6222,-120,7,22,금
2022-07-22,경의선,화전,2084,1889,3973,195,7,22,금
2022-07-22,경의선,강매,3453,2864,6317,589,7,22,금
2022-07-22,경의선,행신,8891,8792,17683,99,7,22,금
2022-07-22,경의선,능곡,4062,3732,7794,330,7,22,금
2022-07-22,경의선,곡산,644,653,1297,-9,7,22,금
2022-07-22,경의선,백마,7560,7135,14695,425,7,22,금
2022-07-22,경의선,풍산,5921,5622,11543,299,7,22,금
2022-07-22,경의선,일산,9724,9428,19152,296,7,22,금
2022-07-22,경의선,탄현,8400,7940,16340,460,7,22,금
2022-07-22,경의선,야당,8435,8727,17162,-292,7,22,금
2022-07-22,경의선,운정,7254,6607,13861,647,7,22,금
2022-07-22,경의선,금릉,5321,5041,10362,280,7,22,금
2022-07-22,경의선,금촌,7027,6871,13898,156,7,22,금
2022-07-22,경의선,월롱,3339,2580,5919,759,7,22,금
2022-07-22,경의선,파주,1134,791,1925,343,7,22,금
2022-07-22,경의선,문산,5971,5746,11717,225,7,22,금
2022-07-22,경의선,임진강,17,9,26,8,7,22,금
2022-07-22,경인선,개봉,22361,21699,44060,662,7,22,금
2022-07-22,경인선,오류동,12397,11229,23626,1168,7,22,금
2022-07-22,경인선,역곡,28372,27460,55832,912,7,22,금
2022-07-22,경인선,부천,33943,34604,68547,-661,7,22,금
2022-07-22,경인선,송내,29041,28688,57729,353,7,22,금
2022-07-22,경인선,부평,31401,35190,66591,-3789,7,22,금
2022-07-22,경인선,백운,7394,7173,14567,221,7,22,금
2022-07-22,경인선,동암,16668,16710,33378,-42,7,22,금
2022-07-22,경인선,주안,19997,18240,38237,1757,7,22,금
2022-07-22,경인선,제물포,11003,10263,21266,740,7,22,금
2022-07-22,경인선,동인천,14816,14118,28934,698,7,22,금
2022-07-22,경인선,인천,4136,3147,7283,989,7,22,금
2022-07-22,경인선,구일,9016,9132,18148,-116,7,22,금
2022-07-22,경인선,소사,8822,8703,17525,119,7,22,금
2022-07-22,경인선,부개,9230,8466,17696,764,7,22,금
2022-07-22,경인선,간석,6253,5816,12069,437,7,22,금
2022-07-22,경인선,도원,3165,3264,6429,-99,7,22,금
2022-07-22,경인선,온수(성공회대입구),6780,6347,13127,433,7,22,금
2022-07-22,경인선,중동,9857,9192,19049,665,7,22,금
2022-07-22,경인선,도화,4483,4135,8618,348,7,22,금
2022-07-22,경춘선,신내,2309,2130,4439,179,7,22,금
2022-07-22,경춘선,갈매,3148,2654,5802,494,7,22,금
2022-07-22,경춘선,별내,3408,3241,6649,167,7,22,금
2022-07-22,경춘선,퇴계원,3666,3280,6946,386,7,22,금
2022-07-22,경춘선,사릉,2515,2417,4932,98,7,22,금
2022-07-22,경춘선,금곡,1577,1517,3094,60,7,22,금
2022-07-22,경춘선,평내호평,6564,6498,13062,66,7,22,금
2022-07-22,경춘선,천마산,1713,1632,3345,81,7,22,금
2022-07-22,경춘선,마석,4101,4037,8138,64,7,22,금
2022-07-22,경춘선,대성리,1194,1378,2572,-184,7,22,금
2022-07-22,경춘선,청평,2225,2294,4519,-69,7,22,금
2022-07-22,경춘선,상천,301,299,600,2,7,22,금
2022-07-22,경춘선,가평,3182,2970,6152,212,7,22,금
2022-07-22,경춘선,굴봉산,158,159,317,-1,7,22,금
2022-07-22,과천선,범계,28154,28286,56440,-132,7,22,금
2022-07-22,과천선,평촌,18748,18617,37365,131,7,22,금
2022-07-22,과천선,인덕원,26069,26555,52624,-486,7,22,금
2022-07-22,과천선,정부과천청사,11468,11253,22721,215,7,22,금
2022-07-22,과천선,과천,6972,6410,13382,562,7,22,금
2022-07-22,과천선,대공원,2922,3063,5985,-141,7,22,금
2022-07-22,과천선,경마공원,9087,9335,18422,-248,7,22,금
2022-07-22,과천선,선바위,8660,7540,16200,1120,7,22,금
2022-07-22,공항철도 1호선,영종,3893,3929,7822,-36,7,22,금
2022-07-22,공항철도 1호선,인천공항2터미널,3759,3160,6919,599,7,22,금
2022-07-22,공항철도 1호선,인천공항1터미널,7671,7784,15455,-113,7,22,금
2022-07-22,공항철도 1호선,공항화물청사,2488,2598,5086,-110,7,22,금
2022-07-22,공항철도 1호선,운서,8294,8257,16551,37,7,22,금
2022-07-22,공항철도 1호선,청라국제도시,7888,7354,15242,534,7,22,금
2022-07-22,공항철도 1호선,검암,7224,7185,14409,39,7,22,금
2022-07-22,공항철도 1호선,계양,11758,10775,22533,983,7,22,금
2022-07-22,경춘선,백양리,144,125,269,19,7,22,금
2022-07-22,경춘선,강촌,599,541,1140,58,7,22,금
2022-07-22,경춘선,김유정,347,390,737,-43,7,22,금
2022-07-22,경춘선,남춘천,3241,3469,6710,-228,7,22,금
2022-07-22,경춘선,춘천,1611,1392,3003,219,7,22,금
2022-07-22,공항철도 1호선,서울역,10883,10600,21483,283,7,22,금
2022-07-22,공항철도 1호선,공덕,2611,3590,6201,-979,7,22,금
2022-07-22,공항철도 1호선,홍대입구,12785,12879,25664,-94,7,22,금
2022-07-22,공항철도 1호선,디지털미디어시티,15045,13660,28705,1385,7,22,금
2022-07-22,공항철도 1호선,마곡나루(서울식물원),9800,9130,18930,670,7,22,금
2022-07-22,공항철도 1호선,김포공항,14018,7538,21556,6480,7,22,금
2022-07-23,경의선,효창공원앞,1835,2012,3847,-177,7,23,토
2022-07-23,2호선,양천구청,4451,4448,8899,3,7,23,토
2022-07-23,2호선,도림천,806,803,1609,3,7,23,토
2022-07-23,2호선,신설동,3795,3555,7350,240,7,23,토
2022-07-23,2호선,신답,1130,1150,2280,-20,7,23,토
2022-07-23,2호선,용답,2103,1921,4024,182,7,23,토
2022-07-23,2호선,충정로(경기대입구),5468,5863,11331,-395,7,23,토
2022-07-23,2호선,아현,7548,7003,14551,545,7,23,토
2022-07-23,2호선,이대,10189,10643,20832,-454,7,23,토
2022-07-23,2호선,신촌,32163,32120,64283,43,7,23,토
2022-07-23,2호선,홍대입구,69086,75518,144604,-6432,7,23,토
2022-07-23,2호선,합정,29829,34842,64671,-5013,7,23,토
2022-07-23,2호선,당산,11835,12793,24628,-958,7,23,토
2022-07-23,2호선,영등포구청,11400,11766,23166,-366,7,23,토
2022-07-23,2호선,문래,12280,13011,25291,-731,7,23,토
2022-07-23,2호선,신도림,38277,38307,76584,-30,7,23,토
2022-07-23,2호선,대림(구로구청),18362,19107,37469,-745,7,23,토
2022-07-23,2호선,구로디지털단지,34141,33594,67735,547,7,23,토
2022-07-23,2호선,신대방,19545,18625,38170,920,7,23,토
2022-07-23,2호선,신림,47152,44831,91983,2321,7,23,토
2022-07-23,2호선,봉천,17519,15833,33352,1686,7,23,토
2022-07-23,2호선,서울대입구(관악구청),36665,35121,71786,1544,7,23,토
2022-07-23,7호선,어린이대공원(세종대),9665,9232,18897,433,7,23,토
2022-07-23,7호선,건대입구,10641,11226,21867,-585,7,23,토
2022-07-23,7호선,뚝섬유원지,7040,6639,13679,401,7,23,토
2022-07-23,7호선,청담,10652,11997,22649,-1345,7,23,토
2022-07-23,7호선,강남구청,9023,9936,18959,-913,7,23,토
2022-07-23,7호선,학동,10232,10839,21071,-607,7,23,토
2022-07-23,7호선,논현,9653,11043,20696,-1390,7,23,토
2022-07-23,7호선,반포,4631,4485,9116,146,7,23,토
2022-07-23,7호선,고속터미널,15454,11488,26942,3966,7,23,토
2022-07-23,7호선,내방,7774,7884,15658,-110,7,23,토
2022-07-23,7호선,이수,12274,11798,24072,476,7,23,토
2022-07-23,7호선,남성,7680,6989,14669,691,7,23,토
2022-07-23,7호선,숭실대입구(살피재),7935,7681,15616,254,7,23,토
2022-07-23,7호선,상도,7562,6950,14512,612,7,23,토
2022-07-23,7호선,장승배기,6503,6143,12646,360,7,23,토
2022-07-23,7호선,신대방삼거리,10851,10000,20851,851,7,23,토
2022-07-23,7호선,보라매,5105,4979,10084,126,7,23,토
2022-07-23,7호선,신풍,8300,7820,16120,480,7,23,토
2022-07-23,7호선,대림(구로구청),7439,8067,15506,-628,7,23,토
2022-07-23,7호선,남구로,8267,8716,16983,-449,7,23,토
2022-07-23,7호선,가산디지털단지,13957,12392,26349,1565,7,23,토
2022-07-23,7호선,철산,15168,15304,30472,-136,7,23,토
2022-07-23,7호선,광명사거리,16711,16817,33528,-106,7,23,토
2022-07-23,7호선,천왕,6911,6539,13450,372,7,23,토
2022-07-23,7호선,온수(성공회대입구),5628,5361,10989,267,7,23,토
2022-07-23,8호선,암사,12366,11142,23508,1224,7,23,토
2022-07-23,8호선,천호(풍납토성),11384,13560,24944,-2176,7,23,토
2022-07-23,8호선,강동구청,6175,6257,12432,-82,7,23,토
2022-07-23,8호선,몽촌토성(평화의문),4134,4163,8297,-29,7,23,토
2022-07-23,8호선,잠실(송파구청),14274,15843,30117,-1569,7,23,토
2022-07-23,8호선,석촌,5800,7003,12803,-1203,7,23,토
2022-07-23,8호선,송파,6199,6272,12471,-73,7,23,토
2022-07-23,8호선,가락시장,5274,5491,10765,-217,7,23,토
2022-07-23,8호선,문정,8191,8159,16350,32,7,23,토
2022-07-23,8호선,장지,12135,11099,23234,1036,7,23,토
2022-07-23,8호선,복정,5961,4913,10874,1048,7,23,토
2022-07-23,8호선,산성,4018,3975,7993,43,7,23,토
2022-07-23,8호선,남한산성입구(성남법원.검찰청),9362,8260,17622,1102,7,23,토
2022-07-23,8호선,단대오거리,7476,6985,14461,491,7,23,토
2022-07-23,8호선,신흥,3617,3967,7584,-350,7,23,토
2022-07-23,8호선,수진,4366,3937,8303,429,7,23,토
2022-07-23,8호선,모란,3656,3240,6896,416,7,23,토
2022-07-23,8호선,남위례,3585,3595,7180,-10,7,23,토
2022-07-23,9호선,개화,1393,1147,2540,246,7,23,토
2022-07-23,9호선,김포공항,7791,11433,19224,-3642,7,23,토
2022-07-23,1호선,청량리(서울시립대입구),18301,18671,36972,-370,7,23,토
2022-07-23,2호선,낙성대(강감찬),21348,19536,40884,1812,7,23,토
2022-07-23,2호선,신정네거리,7592,7617,15209,-25,7,23,토
2022-07-23,2호선,용두(동대문구청),1714,1693,3407,21,7,23,토
2022-07-23,3호선,지축,3635,3246,6881,389,7,23,토
2022-07-23,3호선,구파발,15953,16227,32180,-274,7,23,토
2022-07-23,3호선,연신내,29251,27228,56479,2023,7,23,토
2022-07-23,3호선,불광,12729,14158,26887,-1429,7,23,토
2022-07-23,3호선,녹번,10248,8968,19216,1280,7,23,토
2022-07-23,3호선,홍제,13009,12234,25243,775,7,23,토
2022-07-23,3호선,무악재,2711,2778,5489,-67,7,23,토
2022-07-23,3호선,독립문,5902,5806,11708,96,7,23,토
2022-07-23,3호선,경복궁(정부서울청사),17497,19019,36516,-1522,7,23,토
2022-07-23,3호선,안국,17252,17738,34990,-486,7,23,토
2022-07-23,3호선,종로3가,6402,8746,15148,-2344,7,23,토
2022-07-23,3호선,을지로3가,5315,5403,10718,-88,7,23,토
2022-07-23,3호선,충무로,5,0,5,5,7,23,토
2022-07-23,3호선,동대입구,6130,6842,12972,-712,7,23,토
2022-07-23,3호선,약수,8883,8331,17214,552,7,23,토
2022-07-23,3호선,금호,5795,5198,10993,597,7,23,토
2022-07-23,3호선,옥수,6720,6774,13494,-54,7,23,토
2022-07-23,3호선,압구정,25627,27401,53028,-1774,7,23,토
2022-07-23,3호선,신사,23296,24588,47884,-1292,7,23,토
2022-07-23,3호선,잠원,3583,3523,7106,60,7,23,토
2022-07-23,3호선,고속터미널,50934,51894,102828,-960,7,23,토
2022-07-23,4호선,숙대입구(갈월),9830,9480,19310,350,7,23,토
2022-07-23,4호선,삼각지,3901,4988,8889,-1087,7,23,토
2022-07-23,4호선,신용산,11692,13043,24735,-1351,7,23,토
2022-07-23,4호선,이촌(국립중앙박물관),8849,9348,18197,-499,7,23,토
2022-07-23,4호선,동작(현충원),1131,1236,2367,-105,7,23,토
2022-07-23,4호선,총신대입구(이수),14815,15786,30601,-971,7,23,토
2022-07-23,4호선,사당,21856,19465,41321,2391,7,23,토
2022-07-23,4호선,남태령,1134,737,1871,397,7,23,토
2022-07-23,5호선,방화,4886,4595,9481,291,7,23,토
2022-07-23,5호선,개화산,3837,3627,7464,210,7,23,토
2022-07-23,5호선,김포공항,7312,7671,14983,-359,7,23,토
2022-07-23,5호선,송정,4977,4639,9616,338,7,23,토
2022-07-23,5호선,마곡,5357,5515,10872,-158,7,23,토
2022-07-23,5호선,발산,12574,13526,26100,-952,7,23,토
2022-07-23,5호선,우장산,9867,9718,19585,149,7,23,토
2022-07-23,5호선,화곡,20058,18286,38344,1772,7,23,토
2022-07-23,5호선,까치산,20799,19337,40136,1462,7,23,토
2022-07-23,5호선,신정(은행정),9002,7603,16605,1399,7,23,토
2022-07-23,5호선,목동,11130,11038,22168,92,7,23,토
2022-07-23,5호선,오목교(목동운동장앞),15902,16219,32121,-317,7,23,토
2022-07-23,5호선,양평,3699,3552,7251,147,7,23,토
2022-07-23,5호선,영등포구청,1916,1852,3768,64,7,23,토
2022-07-23,2호선,사당,32287,35539,67826,-3252,7,23,토
2022-07-23,2호선,방배,9290,9855,19145,-565,7,23,토
2022-07-23,2호선,서초,11263,9648,20911,1615,7,23,토
2022-07-23,2호선,교대(법원.검찰청),17676,19774,37450,-2098,7,23,토
2022-07-23,2호선,강남,59296,58483,117779,813,7,23,토
2022-07-23,2호선,역삼,17879,19361,37240,-1482,7,23,토
2022-07-23,2호선,선릉,23834,21248,45082,2586,7,23,토
2022-07-23,2호선,삼성(무역센터),37647,35990,73637,1657,7,23,토
2022-07-23,2호선,종합운동장,8429,9664,18093,-1235,7,23,토
2022-07-23,2호선,잠실새내,17474,18074,35548,-600,7,23,토
2022-07-23,2호선,잠실(송파구청),67141,64689,131830,2452,7,23,토
2022-07-23,2호선,잠실나루,7705,7615,15320,90,7,23,토
2022-07-23,2호선,강변(동서울터미널),28241,28309,56550,-68,7,23,토
2022-07-23,2호선,구의(광진구청),16317,15676,31993,641,7,23,토
2022-07-23,2호선,건대입구,33384,36636,70020,-3252,7,23,토
2022-07-23,2호선,성수,22930,25364,48294,-2434,7,23,토
2022-07-23,2호선,뚝섬,13799,14173,27972,-374,7,23,토
2022-07-23,2호선,한양대,3681,3844,7525,-163,7,23,토
2022-07-23,2호선,왕십리(성동구청),13114,11496,24610,1618,7,23,토
2022-07-23,2호선,상왕십리,9801,9035,18836,766,7,23,토
2022-07-23,2호선,신당,11174,11775,22949,-601,7,23,토
2022-07-23,2호선,동대문역사문화공원(DDP),10783,12394,23177,-1611,7,23,토
2022-07-23,2호선,을지로4가,7694,8018,15712,-324,7,23,토
2022-07-23,2호선,을지로3가,11220,11441,22661,-221,7,23,토
2022-07-23,2호선,을지로입구,22406,22552,44958,-146,7,23,토
2022-07-23,2호선,시청,9853,8707,18560,1146,7,23,토
2022-07-23,1호선,동묘앞,10914,11273,22187,-359,7,23,토
2022-07-23,5호선,영등포시장,7532,7967,15499,-435,7,23,토
2022-07-23,5호선,신길,2675,2792,5467,-117,7,23,토
2022-07-23,5호선,여의도,11884,11747,23631,137,7,23,토
2022-07-23,5호선,여의나루,6614,9013,15627,-2399,7,23,토
2022-07-23,5호선,마포,7415,7596,15011,-181,7,23,토
2022-07-23,5호선,공덕,6957,7132,14089,-175,7,23,토
2022-07-23,5호선,애오개,3774,3758,7532,16,7,23,토
2022-07-23,5호선,충정로(경기대입구),1848,1745,3593,103,7,23,토
2022-07-23,5호선,서대문,7381,7186,14567,195,7,23,토
2022-07-23,5호선,광화문(세종문화회관),16412,16651,33063,-239,7,23,토
2022-07-23,5호선,종로3가,13496,13139,26635,357,7,23,토
2022-07-23,5호선,을지로4가,3259,3589,6848,-330,7,23,토
2022-07-23,5호선,동대문역사문화공원(DDP),1159,1495,2654,-336,7,23,토
2022-07-23,5호선,청구,2411,2311,4722,100,7,23,토
2022-07-23,5호선,신금호,4028,4132,8160,-104,7,23,토
2022-07-23,5호선,행당,5678,4931,10609,747,7,23,토
2022-07-23,5호선,왕십리(성동구청),3224,4200,7424,-976,7,23,토
2022-07-23,5호선,마장,3707,3562,7269,145,7,23,토
2022-07-23,5호선,답십리,10202,9372,19574,830,7,23,토
2022-07-23,5호선,장한평,11195,11029,22224,166,7,23,토
2022-07-23,5호선,군자(능동),8284,9449,17733,-1165,7,23,토
2022-07-23,5호선,아차산(어린이대공원후문),11556,11170,22726,386,7,23,토
2022-07-23,5호선,광나루(장신대),10790,10472,21262,318,7,23,토
2022-07-23,5호선,천호(풍납토성),16477,15486,31963,991,7,23,토
2022-07-23,5호선,강동,12506,11933,24439,573,7,23,토
2022-07-23,5호선,길동,6114,6269,12383,-155,7,23,토
2022-07-23,5호선,굽은다리(강동구민회관앞),7599,6970,14569,629,7,23,토
2022-07-23,5호선,명일,6189,6146,12335,43,7,23,토
2022-07-23,5호선,고덕,6483,6278,12761,205,7,23,토
2022-07-23,5호선,상일동,9284,8897,18181,387,7,23,토
2022-07-23,5호선,둔촌동,5875,5795,11670,80,7,23,토
2022-07-23,5호선,올림픽공원(한국체대),2839,2382,5221,457,7,23,토
2022-07-23,5호선,방이,5285,5120,10405,165,7,23,토
2022-07-23,5호선,오금,2243,2034,4277,209,7,23,토
2022-07-23,5호선,개롱,4083,4332,8415,-249,7,23,토
2022-07-23,5호선,거여,6573,6204,12777,369,7,23,토
2022-07-23,5호선,마천,4776,4907,9683,-131,7,23,토
2022-07-23,6호선,합정,13451,12491,25942,960,7,23,토
2022-07-23,6호선,상수,8998,11119,20117,-2121,7,23,토
2022-07-23,6호선,광흥창(서강),5331,4954,10285,377,7,23,토
2022-07-23,6호선,대흥(서강대앞),5987,5970,11957,17,7,23,토
2022-07-23,6호선,공덕,10188,9675,19863,513,7,23,토
2022-07-23,6호선,효창공원앞,4750,4080,8830,670,7,23,토
2022-07-23,6호선,삼각지,6016,4421,10437,1595,7,23,토
2022-07-23,6호선,녹사평(용산구청),4868,5639,10507,-771,7,23,토
2022-07-23,6호선,이태원,14371,17837,32208,-3466,7,23,토
2022-07-23,6호선,한강진,9279,10748,20027,-1469,7,23,토
2022-07-23,6호선,버티고개,1447,1570,3017,-123,7,23,토
2022-07-23,6호선,약수,2490,2461,4951,29,7,23,토
2022-07-23,6호선,청구,2415,2336,4751,79,7,23,토
2022-07-23,6호선,신당,6611,5994,12605,617,7,23,토
2022-07-23,6호선,동묘앞,7301,7015,14316,286,7,23,토
2022-07-23,6호선,창신,2117,1825,3942,292,7,23,토
2022-07-23,6호선,보문,5147,4654,9801,493,7,23,토
2022-07-23,6호선,안암(고대병원앞),6539,6164,12703,375,7,23,토
2022-07-23,6호선,고려대(종암),5294,5108,10402,186,7,23,토
2022-07-23,6호선,월곡(동덕여대),7289,7035,14324,254,7,23,토
2022-07-23,6호선,상월곡(한국과학기술연구원),4146,3568,7714,578,7,23,토
2022-07-23,6호선,돌곶이,6114,5591,11705,523,7,23,토
2022-07-23,6호선,석계,8336,8541,16877,-205,7,23,토
2022-07-23,6호선,태릉입구,4264,4364,8628,-100,7,23,토
2022-07-23,6호선,화랑대(서울여대입구),6672,5351,12023,1321,7,23,토
2022-07-23,6호선,봉화산(서울의료원),5509,5414,10923,95,7,23,토
2022-07-23,7호선,장암,1893,1326,3219,567,7,23,토
2022-07-23,7호선,도봉산,6587,8762,15349,-2175,7,23,토
2022-07-23,7호선,수락산,10483,10447,20930,36,7,23,토
2022-07-23,7호선,마들,9040,8488,17528,552,7,23,토
2022-07-23,7호선,노원,16385,16571,32956,-186,7,23,토
2022-07-23,7호선,중계,9176,8275,17451,901,7,23,토
2022-07-23,7호선,하계,12121,11236,23357,885,7,23,토
2022-07-23,7호선,공릉(서울과학기술대),8533,8159,16692,374,7,23,토
2022-07-23,7호선,태릉입구,6631,5919,12550,712,7,23,토
2022-07-23,7호선,먹골,7446,7153,14599,293,7,23,토
2022-07-23,7호선,중화,7457,7132,14589,325,7,23,토
2022-07-23,7호선,상봉(시외버스터미널),13245,12715,25960,530,7,23,토
2022-07-23,7호선,면목,10924,10423,21347,501,7,23,토
2022-07-23,7호선,사가정,11890,11442,23332,448,7,23,토
2022-07-23,7호선,용마산(용마폭포공원),4442,4328,8770,114,7,23,토
2022-07-23,7호선,중곡,7184,6775,13959,409,7,23,토
2022-07-23,7호선,군자(능동),10951,8301,19252,2650,7,23,토
2022-07-23,9호선,증미,4223,4036,8259,187,7,23,토
2022-07-23,9호선,등촌,7206,6840,14046,366,7,23,토
2022-07-23,9호선,염창,11778,10863,22641,915,7,23,토
2022-07-23,9호선,신목동,2514,2118,4632,396,7,23,토
2022-07-23,9호선,선유도,3849,3609,7458,240,7,23,토
2022-07-23,9호선,당산,13119,12538,25657,581,7,23,토
2022-07-23,9호선,국회의사당,4219,4407,8626,-188,7,23,토
2022-07-23,9호선,여의도,12740,11620,24360,1120,7,23,토
2022-07-23,9호선,샛강,2806,2676,5482,130,7,23,토
2022-07-23,9호선,노량진,21385,20750,42135,635,7,23,토
2022-07-23,9호선,노들,3275,2786,6061,489,7,23,토
2022-07-23,9호선,흑석(중앙대입구),6007,5908,11915,99,7,23,토
2022-07-23,9호선,동작(현충원),1586,1329,2915,257,7,23,토
2022-07-23,9호선,구반포,920,893,1813,27,7,23,토
2022-07-23,9호선,신반포,2685,2514,5199,171,7,23,토
2022-07-23,9호선,고속터미널,13588,20113,33701,-6525,7,23,토
2022-07-23,9호선,사평,2461,2438,4899,23,7,23,토
2022-07-23,9호선,신논현,24948,25170,50118,-222,7,23,토
2022-07-23,9호선2~3단계,언주,6185,6257,12442,-72,7,23,토
2022-07-23,9호선2~3단계,선정릉,4470,4951,9421,-481,7,23,토
2022-07-23,9호선2~3단계,삼성중앙,3490,3579,7069,-89,7,23,토
2022-07-23,9호선2~3단계,봉은사,17854,18708,36562,-854,7,23,토
2022-07-23,9호선2~3단계,종합운동장,3695,3287,6982,408,7,23,토
2022-07-23,9호선2~3단계,삼전,5270,4774,10044,496,7,23,토
2022-07-23,9호선2~3단계,석촌고분,4563,4357,8920,206,7,23,토
2022-07-23,9호선2~3단계,석촌,6947,5508,12455,1439,7,23,토
2022-07-23,9호선2~3단계,송파나루,4510,4718,9228,-208,7,23,토
2022-07-23,9호선2~3단계,한성백제,1887,1576,3463,311,7,23,토
2022-07-23,9호선2~3단계,올림픽공원(한국체대),4492,4302,8794,190,7,23,토
2022-07-23,9호선2~3단계,둔촌오륜,637,597,1234,40,7,23,토
2022-07-23,9호선2~3단계,중앙보훈병원,5174,4653,9827,521,7,23,토
2022-07-23,경강선,판교,3218,3206,6424,12,7,23,토
2022-07-23,경강선,이매,903,741,1644,162,7,23,토
2022-07-23,경강선,삼동,1551,1434,2985,117,7,23,토
2022-07-23,경강선,경기광주,5638,5300,10938,338,7,23,토
2022-07-23,경강선,초월,2328,2111,4439,217,7,23,토
2022-07-23,경강선,곤지암,1935,1921,3856,14,7,23,토
2022-07-23,경강선,신둔도예촌,1238,1177,2415,61,7,23,토
2022-07-23,경강선,이천,2827,2967,5794,-140,7,23,토
2022-07-23,경강선,부발,2187,1812,3999,375,7,23,토
2022-07-23,경강선,세종대왕릉,339,389,728,-50,7,23,토
2022-07-23,경강선,여주,2643,2837,5480,-194,7,23,토
2022-07-23,경부선,서울역,8585,2277,10862,6308,7,23,토
2022-07-23,경부선,남영,6541,6605,13146,-64,7,23,토
2022-07-23,경부선,용산,39069,41949,81018,-2880,7,23,토
2022-07-23,경부선,노량진,7499,6645,14144,854,7,23,토
2022-07-23,경부선,대방,6992,7531,14523,-539,7,23,토
2022-07-23,경부선,영등포,42739,44180,86919,-1441,7,23,토
2022-07-23,경부선,신도림,2723,3013,5736,-290,7,23,토
2022-07-23,경부선,신길,5793,4850,10643,943,7,23,토
2022-07-23,경부선,구로,13157,13581,26738,-424,7,23,토
2022-07-23,경부선,가산디지털단지,6031,8094,14125,-2063,7,23,토
2022-07-23,경부선,금천구청,8202,8312,16514,-110,7,23,토
2022-07-23,경부선,석수,6835,6215,13050,620,7,23,토
2022-07-23,경부선,관악,6169,6002,12171,167,7,23,토
2022-07-23,경부선,안양,17797,17867,35664,-70,7,23,토
2022-07-23,경부선,명학,4620,4477,9097,143,7,23,토
2022-07-23,경부선,금정,20331,20338,40669,-7,7,23,토
2022-07-23,경부선,군포,4350,3952,8302,398,7,23,토
2022-07-23,경부선,의왕,5871,5634,11505,237,7,23,토
2022-07-23,경부선,성균관대,10409,10477,20886,-68,7,23,토
2022-07-23,경부선,화서,5521,5314,10835,207,7,23,토
2022-07-23,경부선,수원,37631,41719,79350,-4088,7,23,토
2022-07-23,경부선,독산,8924,8651,17575,273,7,23,토
2022-07-23,경부선,세류,2574,2588,5162,-14,7,23,토
2022-07-23,경부선,병점,12693,12401,25094,292,7,23,토
2022-07-23,경부선,세마,2419,2136,4555,283,7,23,토
2022-07-23,경부선,오산대,3155,2756,5911,399,7,23,토
2022-07-23,경부선,오산,10047,9417,19464,630,7,23,토
2022-07-23,경부선,진위,1019,899,1918,120,7,23,토
2022-07-23,경부선,송탄,4949,4485,9434,464,7,23,토
2022-07-23,경의선,공덕,2793,2095,4888,698,7,23,토
2022-07-23,경의선,서강대,1716,1704,3420,12,7,23,토
2022-07-23,경의선,홍대입구,1984,2751,4735,-767,7,23,토
2022-07-23,경의선,가좌,3994,3883,7877,111,7,23,토
2022-07-23,경의선,디지털미디어시티,2012,1767,3779,245,7,23,토
2022-07-23,경의선,수색,1623,1541,3164,82,7,23,토
2022-07-23,경의선,화전,1065,995,2060,70,7,23,토
2022-07-23,경의선,강매,2061,1856,3917,205,7,23,토
2022-07-23,경의선,행신,5810,5739,11549,71,7,23,토
2022-07-23,경의선,능곡,2869,2839,5708,30,7,23,토
2022-07-23,경의선,곡산,470,440,910,30,7,23,토
2022-07-23,경의선,백마,4548,4296,8844,252,7,23,토
2022-07-23,경의선,풍산,4622,4344,8966,278,7,23,토
2022-07-23,경의선,일산,7215,6940,14155,275,7,23,토
2022-07-23,경의선,탄현,5501,5332,10833,169,7,23,토
2022-07-23,경의선,야당,6589,6596,13185,-7,7,23,토
2022-07-23,경의선,운정,5092,4621,9713,471,7,23,토
2022-07-23,경의선,금릉,3851,3645,7496,206,7,23,토
2022-07-23,경의선,금촌,5712,5337,11049,375,7,23,토
2022-07-23,경의선,월롱,1862,1583,3445,279,7,23,토
2022-07-23,경의선,파주,934,683,1617,251,7,23,토
2022-07-23,경의선,문산,5001,4687,9688,314,7,23,토
2022-07-23,경의선,임진강,97,55,152,42,7,23,토
2022-07-23,경의선,계양,1,0,1,1,7,23,토
2022-07-23,경인선,개봉,16363,16010,32373,353,7,23,토
2022-07-23,경인선,오류동,8884,7960,16844,924,7,23,토
2022-07-23,경인선,역곡,19853,19411,39264,442,7,23,토
2022-07-23,경인선,부천,28195,29090,57285,-895,7,23,토
2022-07-23,경인선,송내,18252,18046,36298,206,7,23,토
2022-07-23,경인선,부평,28509,31516,60025,-3007,7,23,토
2022-07-23,경인선,백운,5585,5585,11170,0,7,23,토
2022-07-23,경인선,동암,13041,13166,26207,-125,7,23,토
2022-07-23,경인선,주안,15853,13913,29766,1940,7,23,토
2022-07-23,경인선,제물포,7465,6997,14462,468,7,23,토
2022-07-23,경인선,동인천,11650,11493,23143,157,7,23,토
2022-07-23,경인선,인천,4306,3639,7945,667,7,23,토
2022-07-23,경인선,구일,8349,8214,16563,135,7,23,토
2022-07-23,경인선,소사,6521,6425,12946,96,7,23,토
2022-07-23,경인선,부개,6600,6058,12658,542,7,23,토
2022-07-23,경인선,간석,4369,4110,8479,259,7,23,토
2022-07-23,경인선,도원,2116,2111,4227,5,7,23,토
2022-07-23,경인선,온수(성공회대입구),4925,4611,9536,314,7,23,토
2022-07-23,경인선,중동,6664,6141,12805,523,7,23,토
2022-07-23,경인선,도화,3194,3013,6207,181,7,23,토
2022-07-23,경춘선,신내,1398,1342,2740,56,7,23,토
2022-07-23,경춘선,갈매,2069,1857,3926,212,7,23,토
2022-07-23,1호선,제기동,15421,15760,31181,-339,7,23,토
2022-07-23,1호선,신설동,9726,9317,19043,409,7,23,토
2022-07-23,경춘선,별내,2390,2231,4621,159,7,23,토
2022-07-23,경춘선,퇴계원,2593,2284,4877,309,7,23,토
2022-07-23,경춘선,사릉,1635,1570,3205,65,7,23,토
2022-07-23,경춘선,금곡,1131,1080,2211,51,7,23,토
2022-07-23,경춘선,평내호평,4672,4494,9166,178,7,23,토
2022-07-23,경춘선,천마산,1357,1296,2653,61,7,23,토
2022-07-23,경춘선,마석,3845,3587,7432,258,7,23,토
2022-07-23,경춘선,대성리,1396,1469,2865,-73,7,23,토
2022-07-23,경춘선,청평,2195,2539,4734,-344,7,23,토
2022-07-23,경춘선,상천,401,355,756,46,7,23,토
2022-07-23,경춘선,가평,2944,4085,7029,-1141,7,23,토
2022-07-23,경춘선,굴봉산,190,188,378,2,7,23,토
2022-07-23,경춘선,백양리,135,151,286,-16,7,23,토
2022-07-23,경춘선,강촌,742,757,1499,-15,7,23,토
2022-07-23,경춘선,김유정,454,541,995,-87,7,23,토
2022-07-23,경춘선,남춘천,2719,3039,5758,-320,7,23,토
2022-07-23,경춘선,춘천,1818,1631,3449,187,7,23,토
2022-07-23,공항철도 1호선,서울역,9014,9119,18133,-105,7,23,토
2022-07-23,공항철도 1호선,공덕,1653,2465,4118,-812,7,23,토
2022-07-23,공항철도 1호선,홍대입구,13532,13977,27509,-445,7,23,토
2022-07-23,9호선,공항시장,2200,2290,4490,-90,7,23,토
2022-07-23,9호선,신방화,4837,4719,9556,118,7,23,토
2022-07-23,9호선,마곡나루(서울식물원),7498,7369,14867,129,7,23,토
2022-07-23,9호선,양천향교,5826,5538,11364,288,7,23,토
2022-07-23,9호선,가양,13869,13104,26973,765,7,23,토
2022-07-23,공항철도 1호선,디지털미디어시티,5478,4944,10422,534,7,23,토
2022-07-23,공항철도 1호선,마곡나루(서울식물원),2959,3167,6126,-208,7,23,토
2022-07-23,공항철도 1호선,김포공항,10787,5848,16635,4939,7,23,토
2022-07-23,공항철도 1호선,계양,7563,6932,14495,631,7,23,토
2022-07-23,공항철도 1호선,검암,4467,4495,8962,-28,7,23,토
2022-07-23,공항철도 1호선,청라국제도시,4520,4340,8860,180,7,23,토
2022-07-23,공항철도 1호선,운서,6956,7106,14062,-150,7,23,토
2022-07-23,공항철도 1호선,공항화물청사,1462,1492,2954,-30,7,23,토
2022-07-23,공항철도 1호선,인천공항1터미널,7863,7747,15610,116,7,23,토
2022-07-23,공항철도 1호선,인천공항2터미널,3500,3061,6561,439,7,23,토
2022-07-23,공항철도 1호선,영종,3208,3252,6460,-44,7,23,토
2022-07-23,과천선,선바위,5137,4627,9764,510,7,23,토
2022-07-23,과천선,경마공원,13712,13725,27437,-13,7,23,토
2022-07-23,과천선,대공원,4456,4670,9126,-214,7,23,토
2022-07-23,과천선,과천,5117,4795,9912,322,7,23,토
2022-07-23,과천선,정부과천청사,6788,6511,13299,277,7,23,토
2022-07-23,과천선,인덕원,16720,16658,33378,62,7,23,토
2022-07-23,과천선,평촌,9288,9073,18361,215,7,23,토
2022-07-23,과천선,범계,20977,20790,41767,187,7,23,토
2022-07-23,분당선,선릉,5228,7854,13082,-2626,7,23,토
2022-07-23,분당선,한티,14825,13928,28753,897,7,23,토
2022-07-23,분당선,도곡,4734,4288,9022,446,7,23,토
2022-07-23,분당선,구룡,1678,1452,3130,226,7,23,토
2022-07-23,분당선,개포동,2781,2793,5574,-12,7,23,토
2022-07-23,분당선,대모산입구,3233,2941,6174,292,7,23,토
2022-07-23,분당선,수서,10391,10757,21148,-366,7,23,토
2022-07-23,분당선,수원,7337,6337,13674,1000,7,23,토
2022-07-23,분당선,서울숲,8186,8469,16655,-283,7,23,토
2022-07-23,분당선,압구정로데오,18490,21501,39991,-3011,7,23,토
2022-07-23,분당선,강남구청,4624,5536,10160,-912,7,23,토
2022-07-23,분당선,선정릉,3119,3179,6298,-60,7,23,토
2022-07-23,분당선,가천대,4722,4953,9675,-231,7,23,토
2022-07-23,분당선,태평,10832,10070,20902,762,7,23,토
2022-07-23,분당선,모란,15822,16261,32083,-439,7,23,토
2022-07-23,분당선,야탑,17694,18568,36262,-874,7,23,토
2022-07-23,분당선,서현,19316,19313,38629,3,7,23,토
2022-07-23,분당선,수내,9188,8710,17898,478,7,23,토
2022-07-23,분당선,정자,11119,11590,22709,-471,7,23,토
2022-07-23,분당선,미금,10728,11174,21902,-446,7,23,토
2022-07-23,분당선,오리,7658,6321,13979,1337,7,23,토
2022-07-23,분당선,이매,4352,4281,8633,71,7,23,토
2022-07-23,분당선,보정,1631,1530,3161,101,7,23,토
2022-07-23,분당선,죽전,9780,11022,20802,-1242,7,23,토
2022-07-23,분당선,구성,3340,3476,6816,-136,7,23,토
2022-07-23,분당선,신갈,2893,2835,5728,58,7,23,토
2022-07-23,분당선,기흥,6879,6601,13480,278,7,23,토
2022-07-23,분당선,상갈,3824,3833,7657,-9,7,23,토
2022-07-23,분당선,청명,2691,2690,5381,1,7,23,토
2022-07-23,분당선,영통,6815,6642,13457,173,7,23,토
2022-07-23,분당선,망포,9707,8686,18393,1021,7,23,토
2022-07-23,분당선,매탄권선,3651,3450,7101,201,7,23,토
2022-07-23,분당선,수원시청,10652,12348,23000,-1696,7,23,토
2022-07-23,분당선,매교,2027,2091,4118,-64,7,23,토
2022-07-23,수인선,고색,2699,2784,5483,-85,7,23,토
2022-07-23,수인선,오목천,2338,1959,4297,379,7,23,토
2022-07-23,수인선,어천,757,687,1444,70,7,23,토
2022-07-23,수인선,야목,295,216,511,79,7,23,토
2022-07-23,수인선,사리,3615,3022,6637,593,7,23,토
2022-07-23,수인선,달월,77,65,142,12,7,23,토
2022-07-23,수인선,월곶,2217,2171,4388,46,7,23,토
2022-07-23,수인선,소래포구,4822,4774,9596,48,7,23,토
2022-07-23,수인선,인천논현,4485,4679,9164,-194,7,23,토
2022-07-23,수인선,호구포,2737,2515,5252,222,7,23,토
2022-07-23,수인선,남동인더스파크,1006,928,1934,78,7,23,토
2022-07-23,수인선,원인재,3452,3578,7030,-126,7,23,토
2022-07-23,수인선,연수,4044,4068,8112,-24,7,23,토
2022-07-23,수인선,송도,1846,1786,3632,60,7,23,토
2022-07-23,수인선,인하대,4061,3826,7887,235,7,23,토
2022-07-23,수인선,숭의,2781,2519,5300,262,7,23,토
2022-07-23,수인선,신포,1388,1516,2904,-128,7,23,토
2022-07-23,수인선,인천,1073,1739,2812,-666,7,23,토
2022-07-23,신림선,샛강,984,1259,2243,-275,7,23,토
2022-07-23,신림선,대방,1750,1257,3007,493,7,23,토
2022-07-23,신림선,서울지방병무청,1704,1841,3545,-137,7,23,토
2022-07-23,신림선,보라매,2008,1794,3802,214,7,23,토
2022-07-23,신림선,보라매공원,1306,1310,2616,-4,7,23,토
2022-07-23,신림선,보라매병원,2638,2639,5277,-1,7,23,토
2022-07-23,신림선,당곡,2875,2711,5586,164,7,23,토
2022-07-23,신림선,신림,1375,1984,3359,-609,7,23,토
2022-07-23,신림선,서원,2224,2016,4240,208,7,23,토
2022-07-23,신림선,서울대벤처타운,5578,5198,10776,380,7,23,토
2022-07-23,신림선,관악산(서울대),4009,4028,8037,-19,7,23,토
2022-07-23,안산선,산본,12919,13637,26556,-718,7,23,토
2022-07-23,안산선,대야미,3982,3481,7463,501,7,23,토
2022-07-23,안산선,반월,3450,3224,6674,226,7,23,토
2022-07-23,안산선,상록수,12299,12356,24655,-57,7,23,토
2022-07-23,안산선,한대앞,6995,7065,14060,-70,7,23,토
2022-07-23,안산선,중앙,15651,16518,32169,-867,7,23,토
2022-07-23,안산선,고잔,6904,6227,13131,677,7,23,토
2022-07-23,안산선,초지,3509,3397,6906,112,7,23,토
2022-07-23,안산선,안산,9685,10552,20237,-867,7,23,토
2022-07-23,안산선,신길온천,1486,1374,2860,112,7,23,토
2022-07-23,안산선,정왕,6782,6762,13544,20,7,23,토
2022-07-23,안산선,오이도,7546,7468,15014,78,7,23,토
2022-07-23,안산선,수리산,2945,2560,5505,385,7,23,토
2022-07-23,우이신설선,북한산우이,3546,3861,7407,-315,7,23,토
2022-07-23,우이신설선,솔밭공원,1858,1875,3733,-17,7,23,토
2022-07-23,우이신설선,4.19민주묘지,2500,2140,4640,360,7,23,토
2022-07-23,우이신설선,가오리,3085,3017,6102,68,7,23,토
2022-07-23,우이신설선,화계,2592,2337,4929,255,7,23,토
2022-07-23,우이신설선,삼양,1631,1613,3244,18,7,23,토
2022-07-23,우이신설선,삼양사거리,1915,1942,3857,-27,7,23,토
2022-07-23,우이신설선,솔샘,3942,3509,7451,433,7,23,토
2022-07-23,우이신설선,북한산보국문,4904,4245,9149,659,7,23,토
2022-07-23,우이신설선,정릉,3661,2972,6633,689,7,23,토
2022-07-23,우이신설선,성신여대입구(돈암),2896,3290,6186,-394,7,23,토
2022-07-23,우이신설선,보문,1183,1199,2382,-16,7,23,토
2022-07-23,우이신설선,신설동,1475,1502,2977,-27,7,23,토
2022-07-23,일산선,원흥,7646,7319,14965,327,7,23,토
2022-07-23,일산선,삼송,14572,13891,28463,681,7,23,토
2022-07-23,일산선,원당,8091,7680,15771,411,7,23,토
2022-07-23,일산선,화정,12646,13118,25764,-472,7,23,토
2022-07-23,일산선,대곡,1419,1256,2675,163,7,23,토
2022-07-23,일산선,백석,7798,7780,15578,18,7,23,토
2022-07-23,일산선,마두,5185,5212,10397,-27,7,23,토
2022-07-23,일산선,정발산,6665,7014,13679,-349,7,23,토
2022-07-23,일산선,주엽,7054,6936,13990,118,7,23,토
2022-07-23,일산선,대화,17976,15086,33062,2890,7,23,토
2022-07-23,장항선,봉명,797,769,1566,28,7,23,토
2022-07-23,장항선,쌍용(나사렛대),1636,1510,3146,126,7,23,토
2022-07-23,장항선,아산,3249,3143,6392,106,7,23,토
2022-07-23,장항선,탕정,824,744,1568,80,7,23,토
2022-07-23,장항선,배방,1168,1027,2195,141,7,23,토
2022-07-23,장항선,온양온천,3841,3849,7690,-8,7,23,토
2022-07-23,장항선,신창(순천향대),1008,955,1963,53,7,23,토
2022-07-23,중앙선,회기,20493,19199,39692,1294,7,23,토
2022-07-23,중앙선,중랑,4734,4416,9150,318,7,23,토
2022-07-23,중앙선,상봉(시외버스터미널),4854,4741,9595,113,7,23,토
2022-07-23,중앙선,망우,6773,6702,13475,71,7,23,토
2022-07-23,중앙선,양원,1941,1822,3763,119,7,23,토
2022-07-23,중앙선,구리,10290,10560,20850,-270,7,23,토
2022-07-23,중앙선,도농,7571,7055,14626,516,7,23,토
2022-07-23,중앙선,양정,598,512,1110,86,7,23,토
2022-07-23,중앙선,덕소,4639,4577,9216,62,7,23,토
2022-07-23,중앙선,도심,1654,1440,3094,214,7,23,토
2022-07-23,중앙선,팔당,1368,1418,2786,-50,7,23,토
2022-07-23,중앙선,운길산,1103,1112,2215,-9,7,23,토
2022-07-23,중앙선,양수,2869,2922,5791,-53,7,23,토
2022-07-23,중앙선,신원,218,202,420,16,7,23,토
2022-07-23,중앙선,국수,664,654,1318,10,7,23,토
2022-07-23,중앙선,아신,736,681,1417,55,7,23,토
2022-07-23,중앙선,오빈,310,378,688,-68,7,23,토
2022-07-23,중앙선,양평,3916,4237,8153,-321,7,23,토
2022-07-23,중앙선,원덕,427,462,889,-35,7,23,토
2022-07-23,중앙선,용문,2285,2699,4984,-414,7,23,토
2022-07-23,중앙선,지평,47,59,106,-12,7,23,토
2022-07-23,4호선,성신여대입구(돈암),16417,15360,31777,1057,7,23,토
2022-07-23,경의선,신촌,438,520,958,-82,7,23,토
2022-07-23,경의선,서울역,1519,1749,3268,-230,7,23,토
2022-07-23,6호선,망원,12458,13512,25970,-1054,7,23,토
2022-07-23,6호선,마포구청,9408,8266,17674,1142,7,23,토
2022-07-23,6호선,월드컵경기장(성산),4755,4748,9503,7,7,23,토
2022-07-23,6호선,디지털미디어시티,7451,7597,15048,-146,7,23,토
2022-07-23,6호선,증산(명지대앞),7263,7159,14422,104,7,23,토
2022-07-23,6호선,새절(신사),8774,8243,17017,531,7,23,토
2022-07-23,6호선,구산,5461,4258,9719,1203,7,23,토
2022-07-23,6호선,독바위,2062,2302,4364,-240,7,23,토
2022-07-23,6호선,불광,3966,3407,7373,559,7,23,토
2022-07-23,6호선,역촌,2746,2867,5613,-121,7,23,토
2022-07-23,6호선,응암,12725,12321,25046,404,7,23,토
2022-07-23,5호선,하남검단산,5483,5306,10789,177,7,23,토
2022-07-23,5호선,하남시청(덕풍·신장),5812,5335,11147,477,7,23,토
2022-07-23,5호선,하남풍산,3013,2973,5986,40,7,23,토
2022-07-23,5호선,미사,12332,12265,24597,67,7,23,토
2022-07-23,5호선,강일,3174,2908,6082,266,7,23,토
2022-07-23,경원선,소요산,4581,3934,8515,647,7,23,토
2022-07-23,경원선,동두천,1776,2150,3926,-374,7,23,토
2022-07-23,경원선,보산,1804,1767,3571,37,7,23,토
2022-07-23,경원선,동두천중앙,2686,2661,5347,25,7,23,토
2022-07-23,경원선,지행,6081,5958,12039,123,7,23,토
2022-07-23,경원선,덕정,4541,4187,8728,354,7,23,토
2022-07-23,경원선,덕계,2686,2409,5095,277,7,23,토
2022-07-23,경원선,양주,6550,6348,12898,202,7,23,토
2022-07-23,경원선,녹양,3614,3377,6991,237,7,23,토
2022-07-23,경원선,가능,5333,5135,10468,198,7,23,토
2022-07-23,경원선,의정부,17784,18734,36518,-950,7,23,토
2022-07-23,경원선,회룡,9864,9726,19590,138,7,23,토
2022-07-23,경원선,망월사,5758,5867,11625,-109,7,23,토
2022-07-23,경원선,도봉산,8779,6232,15011,2547,7,23,토
2022-07-23,경원선,도봉,4555,4234,8789,321,7,23,토
2022-07-23,경원선,방학,7525,7392,14917,133,7,23,토
2022-07-23,경원선,녹천,3288,2839,6127,449,7,23,토
2022-07-23,경원선,월계,4656,4290,8946,366,7,23,토
2022-07-23,경원선,광운대,5649,5670,11319,-21,7,23,토
2022-07-23,경원선,석계,6571,6795,13366,-224,7,23,토
2022-07-23,경원선,신이문,6250,5709,11959,541,7,23,토
2022-07-23,경원선,외대앞,6216,5971,12187,245,7,23,토
2022-07-23,경원선,청량리(서울시립대입구),17801,18063,35864,-262,7,23,토
2022-07-23,경원선,왕십리(성동구청),12835,14574,27409,-1739,7,23,토
2022-07-23,경원선,응봉,1423,1269,2692,154,7,23,토
2022-07-23,경원선,옥수,32,25,57,7,7,23,토
2022-07-23,경원선,한남,2590,2533,5123,57,7,23,토
2022-07-23,경원선,서빙고,1489,1413,2902,76,7,23,토
2022-07-23,경원선,이촌(국립중앙박물관),2961,2222,5183,739,7,23,토
2022-07-23,경부선,광명,2715,2449,5164,266,7,23,토
2022-07-23,경부선,서동탄,1007,1040,2047,-33,7,23,토
2022-07-23,경부선,당정,4128,3903,8031,225,7,23,토
2022-07-23,경부선,천안,6439,6641,13080,-202,7,23,토
2022-07-23,경부선,두정,5583,5701,11284,-118,7,23,토
2022-07-23,경부선,직산,748,669,1417,79,7,23,토
2022-07-23,경부선,성환,3104,2816,5920,288,7,23,토
2022-07-23,경부선,평택,13633,13077,26710,556,7,23,토
2022-07-23,경부선,평택지제,3689,3314,7003,375,7,23,토
2022-07-23,경부선,서정리,7359,5877,13236,1482,7,23,토
2022-07-23,1호선,서울역,34747,35058,69805,-311,7,23,토
2022-07-23,1호선,시청,11888,12330,24218,-442,7,23,토
2022-07-23,1호선,종각,21197,20018,41215,1179,7,23,토
2022-07-23,1호선,종로3가,22757,22632,45389,125,7,23,토
2022-07-23,1호선,종로5가,20142,19348,39490,794,7,23,토
2022-07-23,1호선,동대문,9940,10067,20007,-127,7,23,토
2022-07-23,4호선,한성대입구(삼선교),9922,9633,19555,289,7,23,토
2022-07-23,4호선,혜화,30360,31081,61441,-721,7,23,토
2022-07-23,4호선,동대문,13779,14140,27919,-361,7,23,토
2022-07-23,4호선,동대문역사문화공원(DDP),12062,10565,22627,1497,7,23,토
2022-07-23,4호선,충무로,12766,13950,26716,-1184,7,23,토
2022-07-23,4호선,명동,15446,17319,32765,-1873,7,23,토
2022-07-23,4호선,회현(남대문시장),18974,19508,38482,-534,7,23,토
2022-07-23,4호선,서울역,6205,15369,21574,-9164,7,23,토
2022-07-23,4호선,길음,14648,13945,28593,703,7,23,토
2022-07-23,4호선,미아사거리,21373,20407,41780,966,7,23,토
2022-07-23,4호선,미아(서울사이버대학),10789,9996,20785,793,7,23,토
2022-07-23,4호선,수유(강북구청),26270,25770,52040,500,7,23,토
2022-07-23,4호선,쌍문,21250,18818,40068,2432,7,23,토
2022-07-23,4호선,창동,19836,20973,40809,-1137,7,23,토
2022-07-23,4호선,노원,15679,17534,33213,-1855,7,23,토
2022-07-23,4호선,상계,13917,12805,26722,1112,7,23,토
2022-07-23,4호선,당고개,7568,7007,14575,561,7,23,토
2022-07-23,3호선,오금,3769,3560,7329,209,7,23,토
2022-07-23,3호선,경찰병원,4020,3889,7909,131,7,23,토
2022-07-23,3호선,가락시장,5938,5663,11601,275,7,23,토
2022-07-23,3호선,수서,13528,13719,27247,-191,7,23,토
2022-07-23,3호선,일원,5365,5226,10591,139,7,23,토
2022-07-23,3호선,대청,5818,5357,11175,461,7,23,토
2022-07-23,3호선,학여울,1394,1369,2763,25,7,23,토
2022-07-23,3호선,대치,11196,9843,21039,1353,7,23,토
2022-07-23,3호선,도곡,3191,3203,6394,-12,7,23,토
2022-07-23,3호선,매봉,6111,5990,12101,121,7,23,토
2022-07-23,3호선,양재(서초구청),18836,20439,39275,-1603,7,23,토
2022-07-23,3호선,남부터미널(예술의전당),21214,20993,42207,221,7,23,토
2022-07-23,3호선,교대(법원.검찰청),7284,4642,11926,2642,7,23,토
2022-07-24,분당선,정자,7810,8055,15865,-245,7,24,일
2022-07-24,중앙선,지평,83,54,137,29,7,24,일
2022-07-24,중앙선,용문,2178,1860,4038,318,7,24,일
2022-07-24,중앙선,원덕,353,333,686,20,7,24,일
2022-07-24,중앙선,양평,2260,2059,4319,201,7,24,일
2022-07-24,중앙선,오빈,257,216,473,41,7,24,일
2022-07-24,중앙선,아신,466,429,895,37,7,24,일
2022-07-24,중앙선,국수,548,499,1047,49,7,24,일
2022-07-24,중앙선,신원,201,134,335,67,7,24,일
2022-07-24,중앙선,양수,2424,2249,4673,175,7,24,일
2022-07-24,중앙선,운길산,879,843,1722,36,7,24,일
2022-07-24,중앙선,팔당,1118,1063,2181,55,7,24,일
2022-07-24,중앙선,도심,1190,964,2154,226,7,24,일
2022-07-24,중앙선,덕소,3322,3490,6812,-168,7,24,일
2022-07-24,중앙선,양정,455,370,825,85,7,24,일
2022-07-24,중앙선,도농,5331,5335,10666,-4,7,24,일
2022-07-24,중앙선,구리,7444,7792,15236,-348,7,24,일
2022-07-24,중앙선,양원,1357,1330,2687,27,7,24,일
2022-07-24,중앙선,망우,4839,4897,9736,-58,7,24,일
2022-07-24,중앙선,상봉(시외버스터미널),3525,3947,7472,-422,7,24,일
2022-07-24,중앙선,중랑,3474,3363,6837,111,7,24,일
2022-07-24,중앙선,회기,15560,15194,30754,366,7,24,일
2022-07-24,장항선,신창(순천향대),899,985,1884,-86,7,24,일
2022-07-24,장항선,온양온천,4530,4610,9140,-80,7,24,일
2022-07-24,장항선,배방,919,1001,1920,-82,7,24,일
2022-07-24,장항선,탕정,607,612,1219,-5,7,24,일
2022-07-24,장항선,아산,3301,2102,5403,1199,7,24,일
2022-07-24,장항선,쌍용(나사렛대),1383,1360,2743,23,7,24,일
2022-07-24,장항선,봉명,688,679,1367,9,7,24,일
2022-07-24,일산선,대화,11906,9712,21618,2194,7,24,일
2022-07-24,일산선,주엽,5072,4847,9919,225,7,24,일
2022-07-24,일산선,정발산,5444,5357,10801,87,7,24,일
2022-07-24,일산선,마두,3423,3429,6852,-6,7,24,일
2022-07-24,일산선,백석,5602,5473,11075,129,7,24,일
2022-07-24,일산선,대곡,1107,934,2041,173,7,24,일
2022-07-24,일산선,화정,9563,9684,19247,-121,7,24,일
2022-07-24,일산선,원당,6039,5884,11923,155,7,24,일
2022-07-24,일산선,삼송,10894,10944,21838,-50,7,24,일
2022-07-24,일산선,원흥,5563,5315,10878,248,7,24,일
2022-07-24,우이신설선,신설동,1194,1208,2402,-14,7,24,일
2022-07-24,우이신설선,보문,932,976,1908,-44,7,24,일
2022-07-24,우이신설선,성신여대입구(돈암),2218,2644,4862,-426,7,24,일
2022-07-24,우이신설선,정릉,2749,2337,5086,412,7,24,일
2022-07-24,우이신설선,북한산보국문,3717,3300,7017,417,7,24,일
2022-07-24,우이신설선,솔샘,2955,2696,5651,259,7,24,일
2022-07-24,우이신설선,삼양사거리,1600,1504,3104,96,7,24,일
2022-07-24,우이신설선,삼양,1114,1147,2261,-33,7,24,일
2022-07-24,우이신설선,화계,2086,1959,4045,127,7,24,일
2022-07-24,우이신설선,가오리,2300,2227,4527,73,7,24,일
2022-07-24,우이신설선,4.19민주묘지,1822,1614,3436,208,7,24,일
2022-07-24,우이신설선,솔밭공원,1399,1270,2669,129,7,24,일
2022-07-24,우이신설선,북한산우이,2924,3116,6040,-192,7,24,일
2022-07-24,안산선,수리산,2148,1885,4033,263,7,24,일
2022-07-24,안산선,오이도,5729,5683,11412,46,7,24,일
2022-07-24,안산선,정왕,5510,5882,11392,-372,7,24,일
2022-07-24,안산선,신길온천,1188,1176,2364,12,7,24,일
2022-07-24,안산선,안산,9811,9073,18884,738,7,24,일
2022-07-24,안산선,초지,2503,2446,4949,57,7,24,일
2022-07-24,안산선,고잔,4296,4263,8559,33,7,24,일
2022-07-24,안산선,중앙,11898,11966,23864,-68,7,24,일
2022-07-24,안산선,한대앞,5400,5237,10637,163,7,24,일
2022-07-24,안산선,상록수,9590,9267,18857,323,7,24,일
2022-07-24,안산선,반월,2531,2550,5081,-19,7,24,일
2022-07-24,안산선,대야미,2878,2722,5600,156,7,24,일
2022-07-24,안산선,산본,9008,9551,18559,-543,7,24,일
2022-07-24,신림선,관악산(서울대),3305,3302,6607,3,7,24,일
2022-07-24,신림선,서울대벤처타운,4328,4267,8595,61,7,24,일
2022-07-24,신림선,서원,1696,1646,3342,50,7,24,일
2022-07-24,신림선,신림,1173,1695,2868,-522,7,24,일
2022-07-24,신림선,당곡,2127,1968,4095,159,7,24,일
2022-07-24,신림선,보라매병원,2011,2010,4021,1,7,24,일
2022-07-24,신림선,보라매공원,1088,1126,2214,-38,7,24,일
2022-07-24,신림선,보라매,1565,1405,2970,160,7,24,일
2022-07-24,신림선,서울지방병무청,1226,1377,2603,-151,7,24,일
2022-07-24,신림선,대방,1084,953,2037,131,7,24,일
2022-07-24,신림선,샛강,840,1117,1957,-277,7,24,일
2022-07-24,수인선,인천,1004,1515,2519,-511,7,24,일
2022-07-24,수인선,신포,1164,1130,2294,34,7,24,일
2022-07-24,수인선,숭의,1970,1786,3756,184,7,24,일
2022-07-24,수인선,인하대,3119,2898,6017,221,7,24,일
2022-07-24,수인선,송도,1455,1456,2911,-1,7,24,일
2022-07-24,수인선,연수,3335,3282,6617,53,7,24,일
2022-07-24,수인선,원인재,2719,2775,5494,-56,7,24,일
2022-07-24,수인선,남동인더스파크,539,577,1116,-38,7,24,일
2022-07-24,수인선,호구포,2016,2113,4129,-97,7,24,일
2022-07-24,수인선,인천논현,2880,2981,5861,-101,7,24,일
2022-07-24,수인선,소래포구,3976,3850,7826,126,7,24,일
2022-07-24,수인선,월곶,1677,1673,3350,4,7,24,일
2022-07-24,수인선,달월,67,59,126,8,7,24,일
2022-07-24,수인선,사리,2773,2429,5202,344,7,24,일
2022-07-24,수인선,야목,221,173,394,48,7,24,일
2022-07-24,수인선,어천,629,715,1344,-86,7,24,일
2022-07-24,수인선,오목천,1615,1638,3253,-23,7,24,일
2022-07-24,수인선,고색,1952,2041,3993,-89,7,24,일
2022-07-24,분당선,매교,1404,1467,2871,-63,7,24,일
2022-07-24,분당선,수원시청,7517,7351,14868,166,7,24,일
2022-07-24,분당선,매탄권선,2652,2506,5158,146,7,24,일
2022-07-24,분당선,망포,6327,6703,13030,-376,7,24,일
2022-07-24,분당선,영통,5066,4982,10048,84,7,24,일
2022-07-24,분당선,청명,2044,2052,4096,-8,7,24,일
2022-07-24,분당선,상갈,2722,2837,5559,-115,7,24,일
2022-07-24,분당선,기흥,4888,4771,9659,117,7,24,일
2022-07-24,분당선,신갈,2057,2192,4249,-135,7,24,일
2022-07-24,분당선,구성,2437,2673,5110,-236,7,24,일
2022-07-24,분당선,죽전,7118,8420,15538,-1302,7,24,일
2022-07-24,분당선,보정,1181,1115,2296,66,7,24,일
2022-07-24,분당선,이매,3340,3332,6672,8,7,24,일
2022-07-24,분당선,오리,5778,4903,10681,875,7,24,일
2022-07-24,분당선,미금,7472,7991,15463,-519,7,24,일
2022-07-24,분당선,수내,6332,5992,12324,340,7,24,일
2022-07-24,분당선,서현,14812,14828,29640,-16,7,24,일
2022-07-24,분당선,야탑,13694,14071,27765,-377,7,24,일
2022-07-24,분당선,모란,16920,17879,34799,-959,7,24,일
2022-07-24,분당선,태평,8442,7858,16300,584,7,24,일
2022-07-24,분당선,가천대,3698,4183,7881,-485,7,24,일
2022-07-24,분당선,선정릉,1907,1977,3884,-70,7,24,일
2022-07-24,분당선,강남구청,2805,3273,6078,-468,7,24,일
2022-07-24,분당선,압구정로데오,10749,11921,22670,-1172,7,24,일
2022-07-24,분당선,서울숲,5668,5799,11467,-131,7,24,일
2022-07-24,분당선,수원,5922,4837,10759,1085,7,24,일
2022-07-24,분당선,수서,8805,8640,17445,165,7,24,일
2022-07-24,분당선,대모산입구,2239,2161,4400,78,7,24,일
2022-07-24,분당선,개포동,2024,2082,4106,-58,7,24,일
2022-07-24,분당선,구룡,816,828,1644,-12,7,24,일
2022-07-24,분당선,도곡,2825,2735,5560,90,7,24,일
2022-07-24,분당선,한티,10364,9652,20016,712,7,24,일
2022-07-24,분당선,선릉,2755,4328,7083,-1573,7,24,일
2022-07-24,과천선,범계,14934,14594,29528,340,7,24,일
2022-07-24,과천선,평촌,6403,6177,12580,226,7,24,일
2022-07-24,과천선,인덕원,12047,12389,24436,-342,7,24,일
2022-07-24,과천선,정부과천청사,4584,4584,9168,0,7,24,일
2022-07-24,과천선,과천,3663,3574,7237,89,7,24,일
2022-07-24,과천선,대공원,3311,3279,6590,32,7,24,일
2022-07-24,과천선,경마공원,15737,16201,31938,-464,7,24,일
2022-07-24,과천선,선바위,4046,3603,7649,443,7,24,일
2022-07-24,공항철도 1호선,영종,2713,2694,5407,19,7,24,일
2022-07-24,공항철도 1호선,인천공항2터미널,3300,2886,6186,414,7,24,일
2022-07-24,공항철도 1호선,인천공항1터미널,7980,7271,15251,709,7,24,일
2022-07-24,공항철도 1호선,공항화물청사,1043,1070,2113,-27,7,24,일
2022-07-24,공항철도 1호선,운서,5719,6282,12001,-563,7,24,일
2022-07-24,공항철도 1호선,청라국제도시,3413,3239,6652,174,7,24,일
2022-07-24,공항철도 1호선,검암,3533,3523,7056,10,7,24,일
2022-07-24,공항철도 1호선,계양,5539,5363,10902,176,7,24,일
2022-07-24,공항철도 1호선,김포공항,11102,5404,16506,5698,7,24,일
2022-07-24,공항철도 1호선,마곡나루(서울식물원),2370,2622,4992,-252,7,24,일
2022-07-24,공항철도 1호선,디지털미디어시티,3614,3615,7229,-1,7,24,일
2022-07-24,공항철도 1호선,홍대입구,11282,10460,21742,822,7,24,일
2022-07-24,공항철도 1호선,공덕,1237,1677,2914,-440,7,24,일
2022-07-24,공항철도 1호선,서울역,8966,8268,17234,698,7,24,일
2022-07-24,경춘선,춘천,1639,1249,2888,390,7,24,일
2022-07-24,경춘선,남춘천,2477,2345,4822,132,7,24,일
2022-07-24,경춘선,김유정,429,394,823,35,7,24,일
2022-07-24,경춘선,강촌,743,479,1222,264,7,24,일
2022-07-24,경춘선,백양리,140,108,248,32,7,24,일
2022-07-24,경춘선,굴봉산,204,131,335,73,7,24,일
2022-07-24,경춘선,가평,3249,2156,5405,1093,7,24,일
2022-07-24,경춘선,상천,316,264,580,52,7,24,일
2022-07-24,경춘선,청평,2222,1529,3751,693,7,24,일
2022-07-24,경춘선,대성리,1195,979,2174,216,7,24,일
2022-07-24,경춘선,마석,2654,2573,5227,81,7,24,일
2022-07-24,경춘선,천마산,1072,1030,2102,42,7,24,일
2022-07-24,경춘선,평내호평,3415,3347,6762,68,7,24,일
2022-07-24,경춘선,금곡,887,815,1702,72,7,24,일
2022-07-24,경춘선,사릉,1274,1269,2543,5,7,24,일
2022-07-24,경춘선,퇴계원,1952,1894,3846,58,7,24,일
2022-07-24,경춘선,별내,1794,1692,3486,102,7,24,일
2022-07-24,경춘선,갈매,1444,1229,2673,215,7,24,일
2022-07-24,경춘선,신내,991,1039,2030,-48,7,24,일
2022-07-24,경인선,도화,2387,2243,4630,144,7,24,일
2022-07-24,경인선,중동,4828,4514,9342,314,7,24,일
2022-07-24,경인선,온수(성공회대입구),3742,3550,7292,192,7,24,일
2022-07-24,경인선,도원,1731,1691,3422,40,7,24,일
2022-07-24,경인선,간석,3026,2847,5873,179,7,24,일
2022-07-24,경인선,부개,4763,4479,9242,284,7,24,일
2022-07-24,경인선,소사,5112,4898,10010,214,7,24,일
2022-07-24,경인선,구일,6314,6454,12768,-140,7,24,일
2022-07-24,경인선,인천,3933,3171,7104,762,7,24,일
2022-07-24,경인선,동인천,9378,8993,18371,385,7,24,일
2022-07-24,경인선,제물포,5455,5271,10726,184,7,24,일
2022-07-24,경인선,주안,11459,10320,21779,1139,7,24,일
2022-07-24,경인선,동암,9546,9504,19050,42,7,24,일
2022-07-24,경인선,백운,3820,3763,7583,57,7,24,일
2022-07-24,경인선,부평,22313,22760,45073,-447,7,24,일
2022-07-24,경인선,송내,12945,12614,25559,331,7,24,일
2022-07-24,경인선,부천,21142,20645,41787,497,7,24,일
2022-07-24,경인선,역곡,13919,13970,27889,-51,7,24,일
2022-07-24,경인선,오류동,6876,6401,13277,475,7,24,일
2022-07-24,경인선,개봉,11549,11337,22886,212,7,24,일
2022-07-24,경의선,임진강,54,60,114,-6,7,24,일
2022-07-24,경의선,문산,3749,4144,7893,-395,7,24,일
2022-07-24,경의선,파주,620,543,1163,77,7,24,일
2022-07-24,경의선,월롱,1077,2239,3316,-1162,7,24,일
2022-07-24,경의선,금촌,4107,4461,8568,-354,7,24,일
2022-07-24,경의선,금릉,2811,2910,5721,-99,7,24,일
2022-07-24,경의선,운정,3492,3530,7022,-38,7,24,일
2022-07-24,경의선,야당,4954,4775,9729,179,7,24,일
2022-07-24,경의선,탄현,4071,3872,7943,199,7,24,일
2022-07-24,경의선,일산,4760,4551,9311,209,7,24,일
2022-07-24,경의선,풍산,3498,3364,6862,134,7,24,일
2022-07-24,경의선,백마,3469,3297,6766,172,7,24,일
2022-07-24,경의선,곡산,329,294,623,35,7,24,일
2022-07-24,경의선,능곡,2176,2180,4356,-4,7,24,일
2022-07-24,경의선,행신,4644,4479,9123,165,7,24,일
2022-07-24,경의선,강매,1487,1419,2906,68,7,24,일
2022-07-24,경의선,화전,813,817,1630,-4,7,24,일
2022-07-24,경의선,수색,978,994,1972,-16,7,24,일
2022-07-24,경의선,디지털미디어시티,1479,1273,2752,206,7,24,일
2022-07-24,경의선,가좌,2837,2884,5721,-47,7,24,일
2022-07-24,경의선,홍대입구,1824,2354,4178,-530,7,24,일
2022-07-24,경의선,서강대,1397,1343,2740,54,7,24,일
2022-07-24,경의선,공덕,1763,1534,3297,229,7,24,일
2022-07-24,경의선,효창공원앞,1395,1561,2956,-166,7,24,일
2022-07-24,경의선,신촌,271,352,623,-81,7,24,일
2022-07-24,경의선,서울역,1221,1088,2309,133,7,24,일
2022-07-24,경원선,소요산,4264,3733,7997,531,7,24,일
2022-07-24,경원선,동두천,1307,1666,2973,-359,7,24,일
2022-07-24,경원선,보산,1335,1505,2840,-170,7,24,일
2022-07-24,경원선,동두천중앙,2032,2060,4092,-28,7,24,일
2022-07-24,경원선,지행,4615,4591,9206,24,7,24,일
2022-07-24,경원선,덕정,3373,3541,6914,-168,7,24,일
2022-07-24,경원선,덕계,1880,1843,3723,37,7,24,일
2022-07-24,경원선,양주,4970,4907,9877,63,7,24,일
2022-07-24,경원선,녹양,2714,2544,5258,170,7,24,일
2022-07-24,경원선,가능,3912,3690,7602,222,7,24,일
2022-07-24,경원선,의정부,14163,14248,28411,-85,7,24,일
2022-07-24,경원선,회룡,7197,7347,14544,-150,7,24,일
2022-07-24,경원선,망월사,4787,4841,9628,-54,7,24,일
2022-07-24,경원선,도봉산,7419,5131,12550,2288,7,24,일
2022-07-24,경원선,도봉,3427,3200,6627,227,7,24,일
2022-07-24,경원선,방학,5848,5589,11437,259,7,24,일
2022-07-24,경원선,녹천,2518,2102,4620,416,7,24,일
2022-07-24,경원선,월계,3543,3345,6888,198,7,24,일
2022-07-24,경원선,광운대,4096,4154,8250,-58,7,24,일
2022-07-24,경원선,석계,4824,5117,9941,-293,7,24,일
2022-07-24,경원선,신이문,4592,4365,8957,227,7,24,일
2022-07-24,경원선,외대앞,4524,4510,9034,14,7,24,일
2022-07-24,경원선,청량리(서울시립대입구),14486,13021,27507,1465,7,24,일
2022-07-24,경원선,왕십리(성동구청),9923,11016,20939,-1093,7,24,일
2022-07-24,경원선,응봉,1001,968,1969,33,7,24,일
2022-07-24,경원선,옥수,47,30,77,17,7,24,일
2022-07-24,경원선,한남,1843,1743,3586,100,7,24,일
2022-07-24,경원선,서빙고,1714,1712,3426,2,7,24,일
2022-07-24,경원선,이촌(국립중앙박물관),2404,1835,4239,569,7,24,일
2022-07-24,경부선,광명,2776,1872,4648,904,7,24,일
2022-07-24,경부선,서동탄,748,812,1560,-64,7,24,일
2022-07-24,경부선,당정,3039,2977,6016,62,7,24,일
2022-07-24,경부선,천안,6134,6089,12223,45,7,24,일
2022-07-24,경부선,두정,4795,5162,9957,-367,7,24,일
2022-07-24,경부선,직산,605,679,1284,-74,7,24,일
2022-07-24,경부선,성환,2553,3000,5553,-447,7,24,일
2022-07-24,경부선,평택,11877,12771,24648,-894,7,24,일
2022-07-24,경부선,평택지제,2780,2742,5522,38,7,24,일
2022-07-24,경부선,서정리,4704,7168,11872,-2464,7,24,일
2022-07-24,경부선,송탄,3725,4517,8242,-792,7,24,일
2022-07-24,경부선,진위,879,883,1762,-4,7,24,일
2022-07-24,경부선,오산,7574,8097,15671,-523,7,24,일
2022-07-24,경부선,오산대,2214,2142,4356,72,7,24,일
2022-07-24,경부선,세마,1709,1716,3425,-7,7,24,일
2022-07-24,경부선,병점,9175,10017,19192,-842,7,24,일
2022-07-24,경부선,세류,2072,2049,4121,23,7,24,일
2022-07-24,경부선,독산,6054,6080,12134,-26,7,24,일
2022-07-24,경부선,수원,33718,32838,66556,880,7,24,일
2022-07-24,경부선,화서,4098,3907,8005,191,7,24,일
2022-07-24,경부선,성균관대,7812,8080,15892,-268,7,24,일
2022-07-24,경부선,의왕,4395,4382,8777,13,7,24,일
2022-07-24,경부선,군포,3083,2967,6050,116,7,24,일
2022-07-24,경부선,금정,15341,15698,31039,-357,7,24,일
2022-07-24,경부선,명학,3243,3185,6428,58,7,24,일
2022-07-24,경부선,안양,13431,13135,26566,296,7,24,일
2022-07-24,경부선,관악,4501,4221,8722,280,7,24,일
2022-07-24,경부선,석수,4783,4221,9004,562,7,24,일
2022-07-24,경부선,금천구청,5868,5991,11859,-123,7,24,일
2022-07-24,경부선,가산디지털단지,4572,6341,10913,-1769,7,24,일
2022-07-24,경부선,구로,10049,10177,20226,-128,7,24,일
2022-07-24,경부선,신길,4337,3887,8224,450,7,24,일
2022-07-24,경부선,신도림,2201,2390,4591,-189,7,24,일
2022-07-24,경부선,영등포,34028,33290,67318,738,7,24,일
2022-07-24,경부선,대방,5100,5657,10757,-557,7,24,일
2022-07-24,경부선,노량진,5293,4825,10118,468,7,24,일
2022-07-24,경부선,용산,35235,32218,67453,3017,7,24,일
2022-07-24,경부선,남영,4782,5110,9892,-328,7,24,일
2022-07-24,경부선,서울역,8813,2117,10930,6696,7,24,일
2022-07-24,경강선,여주,2184,2151,4335,33,7,24,일
2022-07-24,경강선,세종대왕릉,286,302,588,-16,7,24,일
2022-07-24,경강선,부발,1510,2035,3545,-525,7,24,일
2022-07-24,경강선,이천,2153,2397,4550,-244,7,24,일
2022-07-24,경강선,신둔도예촌,941,976,1917,-35,7,24,일
2022-07-24,경강선,곤지암,1536,1733,3269,-197,7,24,일
2022-07-24,경강선,초월,1740,1769,3509,-29,7,24,일
2022-07-24,경강선,경기광주,4084,3998,8082,86,7,24,일
2022-07-24,경강선,삼동,1070,1119,2189,-49,7,24,일
2022-07-24,경강선,이매,684,521,1205,163,7,24,일
2022-07-24,경강선,판교,2596,2423,5019,173,7,24,일
2022-07-24,9호선2~3단계,중앙보훈병원,3621,3429,7050,192,7,24,일
2022-07-24,9호선2~3단계,둔촌오륜,553,587,1140,-34,7,24,일
2022-07-24,9호선2~3단계,올림픽공원(한국체대),3108,3431,6539,-323,7,24,일
2022-07-24,9호선2~3단계,한성백제,1359,1236,2595,123,7,24,일
2022-07-24,9호선2~3단계,송파나루,2913,3319,6232,-406,7,24,일
2022-07-24,9호선2~3단계,석촌,4800,4049,8849,751,7,24,일
2022-07-24,9호선2~3단계,석촌고분,3121,3101,6222,20,7,24,일
2022-07-24,9호선2~3단계,삼전,3577,3536,7113,41,7,24,일
2022-07-24,9호선2~3단계,종합운동장,2470,2165,4635,305,7,24,일
2022-07-24,9호선2~3단계,봉은사,12371,12821,25192,-450,7,24,일
2022-07-24,9호선2~3단계,삼성중앙,2112,2227,4339,-115,7,24,일
2022-07-24,9호선2~3단계,선정릉,2846,3222,6068,-376,7,24,일
2022-07-24,9호선2~3단계,언주,3539,3556,7095,-17,7,24,일
2022-07-24,9호선,신논현,15784,14825,30609,959,7,24,일
2022-07-24,9호선,사평,1652,1636,3288,16,7,24,일
2022-07-24,9호선,고속터미널,11248,15753,27001,-4505,7,24,일
2022-07-24,9호선,신반포,1776,1783,3559,-7,7,24,일
2022-07-24,9호선,구반포,513,528,1041,-15,7,24,일
2022-07-24,9호선,동작(현충원),1225,1051,2276,174,7,24,일
2022-07-24,9호선,흑석(중앙대입구),3827,3954,7781,-127,7,24,일
2022-07-24,9호선,노들,2638,2206,4844,432,7,24,일
2022-07-24,9호선,노량진,14223,14943,29166,-720,7,24,일
2022-07-24,9호선,샛강,1853,1768,3621,85,7,24,일
2022-07-24,9호선,여의도,9049,8337,17386,712,7,24,일
2022-07-24,9호선,국회의사당,4547,4301,8848,246,7,24,일
2022-07-24,9호선,당산,9037,9137,18174,-100,7,24,일
2022-07-24,9호선,선유도,2574,2697,5271,-123,7,24,일
2022-07-24,9호선,신목동,1755,1532,3287,223,7,24,일
2022-07-24,9호선,염창,8352,8377,16729,-25,7,24,일
2022-07-24,9호선,등촌,4863,4942,9805,-79,7,24,일
2022-07-24,9호선,증미,2438,2475,4913,-37,7,24,일
2022-07-24,9호선,가양,11162,10598,21760,564,7,24,일
2022-07-24,9호선,양천향교,4280,4486,8766,-206,7,24,일
2022-07-24,9호선,마곡나루(서울식물원),5199,5498,10697,-299,7,24,일
2022-07-24,9호선,신방화,3539,3398,6937,141,7,24,일
2022-07-24,9호선,공항시장,1693,1877,3570,-184,7,24,일
2022-07-24,9호선,김포공항,7445,10861,18306,-3416,7,24,일
2022-07-24,9호선,개화,1009,963,1972,46,7,24,일
2022-07-24,8호선,남위례,2629,2775,5404,-146,7,24,일
2022-07-24,8호선,모란,4293,3689,7982,604,7,24,일
2022-07-24,8호선,수진,3441,3084,6525,357,7,24,일
2022-07-24,8호선,신흥,2696,2919,5615,-223,7,24,일
2022-07-24,8호선,단대오거리,5544,5416,10960,128,7,24,일
2022-07-24,8호선,남한산성입구(성남법원.검찰청),6750,6263,13013,487,7,24,일
2022-07-24,8호선,산성,2833,2938,5771,-105,7,24,일
2022-07-24,8호선,복정,4798,4385,9183,413,7,24,일
2022-07-24,8호선,장지,8761,8923,17684,-162,7,24,일
2022-07-24,8호선,문정,5033,5287,10320,-254,7,24,일
2022-07-24,8호선,가락시장,2978,3799,6777,-821,7,24,일
2022-07-24,8호선,송파,4317,4404,8721,-87,7,24,일
2022-07-24,8호선,석촌,3970,4984,8954,-1014,7,24,일
2022-07-24,8호선,잠실(송파구청),10063,11165,21228,-1102,7,24,일
2022-07-24,8호선,몽촌토성(평화의문),3272,3316,6588,-44,7,24,일
2022-07-24,8호선,강동구청,4511,4782,9293,-271,7,24,일
2022-07-24,8호선,천호(풍납토성),8174,9343,17517,-1169,7,24,일
2022-07-24,8호선,암사,8806,8370,17176,436,7,24,일
2022-07-24,7호선,온수(성공회대입구),3933,4056,7989,-123,7,24,일
2022-07-24,7호선,천왕,4686,4711,9397,-25,7,24,일
2022-07-24,7호선,광명사거리,12302,12254,24556,48,7,24,일
2022-07-24,7호선,철산,10461,10655,21116,-194,7,24,일
2022-07-24,7호선,가산디지털단지,9949,9041,18990,908,7,24,일
2022-07-24,7호선,남구로,6766,6502,13268,264,7,24,일
2022-07-24,7호선,대림(구로구청),7971,7508,15479,463,7,24,일
2022-07-24,7호선,신풍,6215,5967,12182,248,7,24,일
2022-07-24,7호선,보라매,3814,3910,7724,-96,7,24,일
2022-07-24,7호선,신대방삼거리,7526,7386,14912,140,7,24,일
2022-07-24,7호선,장승배기,4556,4571,9127,-15,7,24,일
2022-07-24,7호선,상도,5434,5429,10863,5,7,24,일
2022-07-24,7호선,숭실대입구(살피재),5739,6291,12030,-552,7,24,일
2022-07-24,7호선,남성,5307,5280,10587,27,7,24,일
2022-07-24,7호선,이수,8228,7903,16131,325,7,24,일
2022-07-24,7호선,내방,5146,5461,10607,-315,7,24,일
2022-07-24,7호선,고속터미널,13093,8172,21265,4921,7,24,일
2022-07-24,7호선,반포,2917,2877,5794,40,7,24,일
2022-07-24,7호선,논현,5492,5636,11128,-144,7,24,일
2022-07-24,7호선,학동,5635,5998,11633,-363,7,24,일
2022-07-24,7호선,강남구청,4863,5351,10214,-488,7,24,일
2022-07-24,7호선,청담,6467,7088,13555,-621,7,24,일
2022-07-24,7호선,뚝섬유원지,6477,5969,12446,508,7,24,일
2022-07-24,7호선,건대입구,7381,7642,15023,-261,7,24,일
2022-07-24,7호선,어린이대공원(세종대),8079,8050,16129,29,7,24,일
2022-07-24,7호선,군자(능동),7975,6142,14117,1833,7,24,일
2022-07-24,7호선,중곡,5125,4878,10003,247,7,24,일
2022-07-24,7호선,용마산(용마폭포공원),3180,3279,6459,-99,7,24,일
2022-07-24,7호선,사가정,8480,8266,16746,214,7,24,일
2022-07-24,7호선,면목,7653,7427,15080,226,7,24,일
2022-07-24,7호선,상봉(시외버스터미널),9239,8530,17769,709,7,24,일
2022-07-24,7호선,중화,5623,5464,11087,159,7,24,일
2022-07-24,7호선,먹골,5395,5164,10559,231,7,24,일
2022-07-24,7호선,태릉입구,5047,4627,9674,420,7,24,일
2022-07-24,7호선,공릉(서울과학기술대),6150,6231,12381,-81,7,24,일
2022-07-24,7호선,하계,9109,8510,17619,599,7,24,일
2022-07-24,7호선,중계,6493,6062,12555,431,7,24,일
2022-07-24,7호선,노원,11232,11448,22680,-216,7,24,일
2022-07-24,7호선,마들,5821,5457,11278,364,7,24,일
2022-07-24,7호선,수락산,7897,7911,15808,-14,7,24,일
2022-07-24,7호선,도봉산,4813,6756,11569,-1943,7,24,일
2022-07-24,7호선,장암,1494,1044,2538,450,7,24,일
2022-07-24,6호선,봉화산(서울의료원),3843,3856,7699,-13,7,24,일
2022-07-24,6호선,화랑대(서울여대입구),4742,4183,8925,559,7,24,일
2022-07-24,6호선,태릉입구,3227,3419,6646,-192,7,24,일
2022-07-24,6호선,석계,6160,6432,12592,-272,7,24,일
2022-07-24,6호선,돌곶이,5386,5208,10594,178,7,24,일
2022-07-24,6호선,상월곡(한국과학기술연구원),3125,2876,6001,249,7,24,일
2022-07-24,6호선,월곡(동덕여대),5266,5176,10442,90,7,24,일
2022-07-24,6호선,고려대(종암),3993,3868,7861,125,7,24,일
2022-07-24,6호선,안암(고대병원앞),4793,5010,9803,-217,7,24,일
2022-07-24,6호선,보문,3950,3798,7748,152,7,24,일
2022-07-24,6호선,창신,1628,1447,3075,181,7,24,일
2022-07-24,6호선,동묘앞,5792,5544,11336,248,7,24,일
2022-07-24,6호선,신당,4926,5524,10450,-598,7,24,일
2022-07-24,6호선,청구,1702,1599,3301,103,7,24,일
2022-07-24,6호선,약수,1707,1628,3335,79,7,24,일
2022-07-24,6호선,버티고개,1048,1122,2170,-74,7,24,일
2022-07-24,6호선,한강진,6964,7700,14664,-736,7,24,일
2022-07-24,6호선,이태원,11272,9804,21076,1468,7,24,일
2022-07-24,6호선,녹사평(용산구청),3907,3837,7744,70,7,24,일
2022-07-24,6호선,삼각지,3928,3022,6950,906,7,24,일
2022-07-24,6호선,효창공원앞,3431,3135,6566,296,7,24,일
2022-07-24,6호선,공덕,6705,6170,12875,535,7,24,일
2022-07-24,6호선,대흥(서강대앞),3657,3901,7558,-244,7,24,일
2022-07-24,6호선,광흥창(서강),4232,3984,8216,248,7,24,일
2022-07-24,6호선,상수,6511,7419,13930,-908,7,24,일
2022-07-24,6호선,합정,9989,8985,18974,1004,7,24,일
2022-07-24,6호선,망원,9079,9996,19075,-917,7,24,일
2022-07-24,6호선,마포구청,6865,6218,13083,647,7,24,일
2022-07-24,6호선,월드컵경기장(성산),3115,3200,6315,-85,7,24,일
2022-07-24,6호선,디지털미디어시티,5468,5851,11319,-383,7,24,일
2022-07-24,6호선,증산(명지대앞),5320,5332,10652,-12,7,24,일
2022-07-24,6호선,새절(신사),6387,6134,12521,253,7,24,일
2022-07-24,6호선,구산,3895,2984,6879,911,7,24,일
2022-07-24,6호선,연신내,1,0,1,1,7,24,일
2022-07-24,6호선,독바위,1396,1692,3088,-296,7,24,일
2022-07-24,6호선,불광,3056,2719,5775,337,7,24,일
2022-07-24,6호선,역촌,1995,2201,4196,-206,7,24,일
2022-07-24,6호선,응암,9103,9206,18309,-103,7,24,일
2022-07-24,5호선,하남검단산,4393,4328,8721,65,7,24,일
2022-07-24,5호선,하남시청(덕풍·신장),4286,4171,8457,115,7,24,일
2022-07-24,5호선,하남풍산,2250,2285,4535,-35,7,24,일
2022-07-24,5호선,미사,8962,9147,18109,-185,7,24,일
2022-07-24,5호선,강일,2367,2281,4648,86,7,24,일
2022-07-24,5호선,마천,3516,3676,7192,-160,7,24,일
2022-07-24,5호선,거여,4723,4577,9300,146,7,24,일
2022-07-24,5호선,개롱,2884,3129,6013,-245,7,24,일
2022-07-24,5호선,오금,1488,1385,2873,103,7,24,일
2022-07-24,5호선,방이,3780,3585,7365,195,7,24,일
2022-07-24,5호선,올림픽공원(한국체대),2062,1758,3820,304,7,24,일
2022-07-24,5호선,둔촌동,4289,4404,8693,-115,7,24,일
2022-07-24,5호선,상일동,6465,6265,12730,200,7,24,일
2022-07-24,5호선,고덕,4213,4210,8423,3,7,24,일
2022-07-24,5호선,명일,4740,4769,9509,-29,7,24,일
2022-07-24,5호선,굽은다리(강동구민회관앞),5309,4861,10170,448,7,24,일
2022-07-24,5호선,길동,4015,4115,8130,-100,7,24,일
2022-07-24,5호선,강동,8617,8613,17230,4,7,24,일
2022-07-24,5호선,천호(풍납토성),12209,11358,23567,851,7,24,일
2022-07-24,5호선,광나루(장신대),7319,6964,14283,355,7,24,일
2022-07-24,5호선,아차산(어린이대공원후문),8798,8449,17247,349,7,24,일
2022-07-24,5호선,군자(능동),5813,6696,12509,-883,7,24,일
2022-07-24,5호선,장한평,7881,7993,15874,-112,7,24,일
2022-07-24,5호선,답십리,7311,6727,14038,584,7,24,일
2022-07-24,5호선,마장,2729,2697,5426,32,7,24,일
2022-07-24,5호선,왕십리(성동구청),2256,2716,4972,-460,7,24,일
2022-07-24,5호선,행당,3878,3549,7427,329,7,24,일
2022-07-24,5호선,신금호,2864,3073,5937,-209,7,24,일
2022-07-24,5호선,청구,1787,1676,3463,111,7,24,일
2022-07-24,5호선,동대문역사문화공원(DDP),838,954,1792,-116,7,24,일
2022-07-24,5호선,을지로4가,1565,1758,3323,-193,7,24,일
2022-07-24,5호선,종로3가,8653,7940,16593,713,7,24,일
2022-07-24,5호선,광화문(세종문화회관),11816,12018,23834,-202,7,24,일
2022-07-24,5호선,서대문,4618,4582,9200,36,7,24,일
2022-07-24,5호선,충정로(경기대입구),1395,1460,2855,-65,7,24,일
2022-07-24,5호선,애오개,2690,2676,5366,14,7,24,일
2022-07-24,5호선,공덕,4384,4420,8804,-36,7,24,일
2022-07-24,5호선,마포,4554,4619,9173,-65,7,24,일
2022-07-24,5호선,여의나루,8671,9608,18279,-937,7,24,일
2022-07-24,5호선,여의도,7581,7995,15576,-414,7,24,일
2022-07-24,5호선,신길,2033,2170,4203,-137,7,24,일
2022-07-24,5호선,영등포시장,5383,5618,11001,-235,7,24,일
2022-07-24,5호선,영등포구청,1291,1176,2467,115,7,24,일
2022-07-24,5호선,양평,2570,2633,5203,-63,7,24,일
2022-07-24,5호선,오목교(목동운동장앞),10954,11474,22428,-520,7,24,일
2022-07-24,5호선,목동,7584,7800,15384,-216,7,24,일
2022-07-24,5호선,신정(은행정),6116,5586,11702,530,7,24,일
2022-07-24,5호선,까치산,15011,14695,29706,316,7,24,일
2022-07-24,5호선,화곡,13574,12958,26532,616,7,24,일
2022-07-24,5호선,우장산,6728,6887,13615,-159,7,24,일
2022-07-24,5호선,발산,8445,9284,17729,-839,7,24,일
2022-07-24,5호선,마곡,3606,3827,7433,-221,7,24,일
2022-07-24,5호선,송정,3540,3444,6984,96,7,24,일
2022-07-24,5호선,김포공항,7041,6693,13734,348,7,24,일
2022-07-24,5호선,개화산,2602,2670,5272,-68,7,24,일
2022-07-24,5호선,방화,3769,3559,7328,210,7,24,일
2022-07-24,4호선,남태령,797,602,1399,195,7,24,일
2022-07-24,4호선,사당,15087,14131,29218,956,7,24,일
2022-07-24,4호선,총신대입구(이수),10199,11159,21358,-960,7,24,일
2022-07-24,4호선,동작(현충원),889,968,1857,-79,7,24,일
2022-07-24,4호선,이촌(국립중앙박물관),6844,7158,14002,-314,7,24,일
2022-07-24,4호선,신용산,8817,9056,17873,-239,7,24,일
2022-07-24,4호선,삼각지,2919,3795,6714,-876,7,24,일
2022-07-24,4호선,숙대입구(갈월),7955,7710,15665,245,7,24,일
2022-07-24,4호선,서울역,4344,11049,15393,-6705,7,24,일
2022-07-24,4호선,회현(남대문시장),8455,8638,17093,-183,7,24,일
2022-07-24,4호선,명동,12493,13104,25597,-611,7,24,일
2022-07-24,4호선,충무로,7177,7797,14974,-620,7,24,일
2022-07-24,4호선,동대문역사문화공원(DDP),9251,8432,17683,819,7,24,일
2022-07-24,4호선,동대문,6661,6987,13648,-326,7,24,일
2022-07-24,4호선,혜화,23945,25139,49084,-1194,7,24,일
2022-07-24,4호선,한성대입구(삼선교),7470,7282,14752,188,7,24,일
2022-07-24,4호선,성신여대입구(돈암),11986,11683,23669,303,7,24,일
2022-07-24,4호선,길음,10604,10248,20852,356,7,24,일
2022-07-24,4호선,미아사거리,15867,14668,30535,1199,7,24,일
2022-07-24,4호선,미아(서울사이버대학),7835,7416,15251,419,7,24,일
2022-07-24,4호선,수유(강북구청),19378,18915,38293,463,7,24,일
2022-07-24,4호선,쌍문,15317,13899,29216,1418,7,24,일
2022-07-24,4호선,창동,14878,15597,30475,-719,7,24,일
2022-07-24,4호선,노원,11946,13019,24965,-1073,7,24,일
2022-07-24,4호선,상계,10044,9401,19445,643,7,24,일
2022-07-24,4호선,당고개,5651,5389,11040,262,7,24,일
2022-07-24,3호선,오금,2633,2765,5398,-132,7,24,일
2022-07-24,3호선,경찰병원,2747,2735,5482,12,7,24,일
2022-07-24,3호선,가락시장,3444,3674,7118,-230,7,24,일
2022-07-24,3호선,수서,10486,10599,21085,-113,7,24,일
2022-07-24,3호선,일원,3567,3778,7345,-211,7,24,일
2022-07-24,3호선,대청,3996,3938,7934,58,7,24,일
2022-07-24,3호선,학여울,1057,1056,2113,1,7,24,일
2022-07-24,3호선,대치,7463,6286,13749,1177,7,24,일
2022-07-24,3호선,도곡,1934,2049,3983,-115,7,24,일
2022-07-24,3호선,매봉,4165,4175,8340,-10,7,24,일
2022-07-24,3호선,양재(서초구청),12316,14281,26597,-1965,7,24,일
2022-07-24,3호선,남부터미널(예술의전당),15196,15633,30829,-437,7,24,일
2022-07-24,3호선,교대(법원.검찰청),4503,2682,7185,1821,7,24,일
2022-07-24,3호선,고속터미널,42236,40382,82618,1854,7,24,일
2022-07-24,3호선,잠원,2296,2216,4512,80,7,24,일
2022-07-24,3호선,신사,12266,12418,24684,-152,7,24,일
2022-07-24,3호선,압구정,14455,15174,29629,-719,7,24,일
2022-07-24,3호선,옥수,4740,4986,9726,-246,7,24,일
2022-07-24,3호선,금호,4229,3931,8160,298,7,24,일
2022-07-24,3호선,약수,6600,6448,13048,152,7,24,일
2022-07-24,3호선,동대입구,4655,5096,9751,-441,7,24,일
2022-07-24,3호선,을지로3가,3529,3325,6854,204,7,24,일
2022-07-24,3호선,종로3가,4021,5330,9351,-1309,7,24,일
2022-07-24,3호선,안국,12105,12323,24428,-218,7,24,일
2022-07-24,3호선,경복궁(정부서울청사),12673,14257,26930,-1584,7,24,일
2022-07-24,3호선,독립문,4058,4127,8185,-69,7,24,일
2022-07-24,3호선,무악재,1813,1901,3714,-88,7,24,일
2022-07-24,3호선,홍제,8996,8587,17583,409,7,24,일
2022-07-24,3호선,녹번,7160,6355,13515,805,7,24,일
2022-07-24,3호선,불광,9416,10562,19978,-1146,7,24,일
2022-07-24,3호선,연신내,20858,19765,40623,1093,7,24,일
2022-07-24,3호선,구파발,11923,12225,24148,-302,7,24,일
2022-07-24,3호선,지축,2569,2292,4861,277,7,24,일
2022-07-24,2호선,용두(동대문구청),1055,1045,2100,10,7,24,일
2022-07-24,2호선,신정네거리,5184,5306,10490,-122,7,24,일
2022-07-24,2호선,양천구청,3157,3221,6378,-64,7,24,일
2022-07-24,2호선,도림천,465,443,908,22,7,24,일
2022-07-24,2호선,신설동,2908,2876,5784,32,7,24,일
2022-07-24,2호선,신답,766,876,1642,-110,7,24,일
2022-07-24,2호선,용답,1641,1634,3275,7,7,24,일
2022-07-24,2호선,충정로(경기대입구),3388,3619,7007,-231,7,24,일
2022-07-24,2호선,아현,5562,5446,11008,116,7,24,일
2022-07-24,2호선,이대,7158,7747,14905,-589,7,24,일
2022-07-24,2호선,신촌,22750,22557,45307,193,7,24,일
2022-07-24,2호선,홍대입구,53088,53533,106621,-445,7,24,일
2022-07-24,2호선,합정,21663,23938,45601,-2275,7,24,일
2022-07-24,2호선,당산,8235,8942,17177,-707,7,24,일
2022-07-24,2호선,영등포구청,6743,6953,13696,-210,7,24,일
2022-07-24,2호선,문래,7538,7956,15494,-418,7,24,일
2022-07-24,2호선,신도림,26554,26992,53546,-438,7,24,일
2022-07-24,2호선,대림(구로구청),15584,15992,31576,-408,7,24,일
2022-07-24,2호선,구로디지털단지,23563,23249,46812,314,7,24,일
2022-07-24,2호선,신대방,14881,14466,29347,415,7,24,일
2022-07-24,2호선,신림,34998,34663,69661,335,7,24,일
2022-07-24,2호선,봉천,12225,11894,24119,331,7,24,일
2022-07-24,2호선,서울대입구(관악구청),25175,25974,51149,-799,7,24,일
2022-07-24,2호선,낙성대(강감찬),15196,15695,30891,-499,7,24,일
2022-07-24,2호선,사당,21926,23785,45711,-1859,7,24,일
2022-07-24,2호선,방배,6676,7220,13896,-544,7,24,일
2022-07-24,2호선,서초,11542,10772,22314,770,7,24,일
2022-07-24,2호선,교대(법원.검찰청),10457,11596,22053,-1139,7,24,일
2022-07-24,2호선,강남,34690,32945,67635,1745,7,24,일
2022-07-24,2호선,역삼,10595,11589,22184,-994,7,24,일
2022-07-24,2호선,선릉,13041,11273,24314,1768,7,24,일
2022-07-24,2호선,삼성(무역센터),25777,24835,50612,942,7,24,일
2022-07-24,2호선,종합운동장,7836,8531,16367,-695,7,24,일
2022-07-24,2호선,잠실새내,11479,11766,23245,-287,7,24,일
2022-07-24,2호선,잠실(송파구청),48809,45935,94744,2874,7,24,일
2022-07-24,2호선,잠실나루,5128,5323,10451,-195,7,24,일
2022-07-24,2호선,강변(동서울터미널),23198,21427,44625,1771,7,24,일
2022-07-24,2호선,구의(광진구청),11104,11224,22328,-120,7,24,일
2022-07-24,2호선,건대입구,25284,26930,52214,-1646,7,24,일
2022-07-24,2호선,성수,15227,17141,32368,-1914,7,24,일
2022-07-24,2호선,뚝섬,9986,10122,20108,-136,7,24,일
2022-07-24,2호선,한양대,2549,2693,5242,-144,7,24,일
2022-07-24,2호선,왕십리(성동구청),9126,8060,17186,1066,7,24,일
2022-07-24,2호선,상왕십리,6840,6897,13737,-57,7,24,일
2022-07-24,2호선,신당,8207,8813,17020,-606,7,24,일
2022-07-24,2호선,동대문역사문화공원(DDP),8408,10053,18461,-1645,7,24,일
2022-07-24,2호선,을지로4가,3945,3893,7838,52,7,24,일
2022-07-24,2호선,을지로3가,9049,8795,17844,254,7,24,일
2022-07-24,2호선,을지로입구,16630,15858,32488,772,7,24,일
2022-07-24,2호선,시청,6404,5618,12022,786,7,24,일
2022-07-24,1호선,동묘앞,10589,10851,21440,-262,7,24,일
2022-07-24,1호선,청량리(서울시립대입구),12662,12773,25435,-111,7,24,일
2022-07-24,1호선,제기동,10020,10615,20635,-595,7,24,일
2022-07-24,1호선,신설동,7286,7234,14520,52,7,24,일
2022-07-24,1호선,동대문,8807,9392,18199,-585,7,24,일
2022-07-24,1호선,종로5가,9738,9565,19303,173,7,24,일
2022-07-24,1호선,종로3가,14778,13103,27881,1675,7,24,일
2022-07-24,1호선,종각,13402,12005,25407,1397,7,24,일
2022-07-24,1호선,시청,8177,7838,16015,339,7,24,일
2022-07-24,1호선,서울역,29049,26654,55703,2395,7,24,일
2022-07-25,경의선,곡산,609,641,1250,-32,7,25,월
2022-07-25,경의선,백마,7129,6652,13781,477,7,25,월
2022-07-25,경의선,풍산,5751,5213,10964,538,7,25,월
2022-07-25,경의선,일산,9306,9013,18319,293,7,25,월
2022-07-25,경의선,탄현,8056,7544,15600,512,7,25,월
2022-07-25,경의선,야당,7989,7763,15752,226,7,25,월
2022-07-25,경의선,운정,7125,6482,13607,643,7,25,월
2022-07-25,경의선,금릉,4974,4712,9686,262,7,25,월
2022-07-25,경의선,금촌,6586,6428,13014,158,7,25,월
2022-07-25,경의선,월롱,2762,2687,5449,75,7,25,월
2022-07-25,경의선,파주,1046,787,1833,259,7,25,월
2022-07-25,경의선,문산,5673,5602,11275,71,7,25,월
2022-07-25,경의선,임진강,17,14,31,3,7,25,월
2022-07-25,경인선,개봉,21256,20994,42250,262,7,25,월
2022-07-25,경인선,오류동,11973,11026,22999,947,7,25,월
2022-07-25,경인선,역곡,27089,27021,54110,68,7,25,월
2022-07-25,경인선,부천,32341,31963,64304,378,7,25,월
2022-07-25,경인선,송내,27737,27330,55067,407,7,25,월
2022-07-25,경인선,부평,30033,31501,61534,-1468,7,25,월
2022-07-25,경인선,백운,6899,6707,13606,192,7,25,월
2022-07-25,경인선,동암,15692,15557,31249,135,7,25,월
2022-07-25,경인선,주안,18813,17129,35942,1684,7,25,월
2022-07-25,경인선,제물포,10391,9886,20277,505,7,25,월
2022-07-25,경인선,동인천,13773,13124,26897,649,7,25,월
2022-07-25,경인선,인천,3803,3004,6807,799,7,25,월
2022-07-25,경인선,구일,6246,6004,12250,242,7,25,월
2022-07-25,경인선,소사,8304,8185,16489,119,7,25,월
2022-07-25,경인선,부개,8879,8267,17146,612,7,25,월
2022-07-25,경인선,간석,6002,5548,11550,454,7,25,월
2022-07-25,경인선,도원,2998,3005,6003,-7,7,25,월
2022-07-25,경인선,온수(성공회대입구),6517,6118,12635,399,7,25,월
2022-07-25,경인선,중동,9573,9045,18618,528,7,25,월
2022-07-25,경인선,도화,4215,3889,8104,326,7,25,월
2022-07-25,경춘선,신내,2192,2081,4273,111,7,25,월
2022-07-25,경춘선,갈매,2882,2532,5414,350,7,25,월
2022-07-25,경춘선,별내,3282,3027,6309,255,7,25,월
2022-07-25,경춘선,퇴계원,3591,3263,6854,328,7,25,월
2022-07-25,경춘선,사릉,2410,2224,4634,186,7,25,월
2022-07-25,경춘선,금곡,1513,1434,2947,79,7,25,월
2022-07-25,경춘선,평내호평,6507,6238,12745,269,7,25,월
2022-07-25,경춘선,천마산,1730,1610,3340,120,7,25,월
2022-07-25,경춘선,마석,4061,3954,8015,107,7,25,월
2022-07-25,경춘선,대성리,1054,889,1943,165,7,25,월
2022-07-25,경춘선,청평,2061,2157,4218,-96,7,25,월
2022-07-25,경춘선,상천,313,313,626,0,7,25,월
2022-07-25,경춘선,가평,2636,3246,5882,-610,7,25,월
2022-07-25,경춘선,굴봉산,227,178,405,49,7,25,월
2022-07-25,경춘선,백양리,165,108,273,57,7,25,월
2022-07-25,경춘선,강촌,550,550,1100,0,7,25,월
2022-07-25,경춘선,김유정,284,333,617,-49,7,25,월
2022-07-25,경춘선,남춘천,2516,2704,5220,-188,7,25,월
2022-07-25,경춘선,춘천,1409,1312,2721,97,7,25,월
2022-07-25,공항철도 1호선,서울역,9201,8473,17674,728,7,25,월
2022-07-25,공항철도 1호선,공덕,2463,3132,5595,-669,7,25,월
2022-07-25,공항철도 1호선,홍대입구,10743,10691,21434,52,7,25,월
2022-07-25,공항철도 1호선,디지털미디어시티,14967,13905,28872,1062,7,25,월
2022-07-25,공항철도 1호선,마곡나루(서울식물원),9645,9189,18834,456,7,25,월
2022-07-25,공항철도 1호선,김포공항,11786,6674,18460,5112,7,25,월
2022-07-25,공항철도 1호선,계양,11413,10556,21969,857,7,25,월
2022-07-25,공항철도 1호선,검암,6866,6793,13659,73,7,25,월
2022-07-25,공항철도 1호선,청라국제도시,7219,6766,13985,453,7,25,월
2022-07-25,공항철도 1호선,운서,7728,8297,16025,-569,7,25,월
2022-07-25,공항철도 1호선,공항화물청사,2409,2519,4928,-110,7,25,월
2022-07-25,공항철도 1호선,인천공항1터미널,8235,7490,15725,745,7,25,월
2022-07-25,공항철도 1호선,인천공항2터미널,3716,3247,6963,469,7,25,월
2022-07-25,공항철도 1호선,영종,3652,3680,7332,-28,7,25,월
2022-07-25,과천선,선바위,7957,6748,14705,1209,7,25,월
2022-07-25,과천선,경마공원,913,904,1817,9,7,25,월
2022-07-25,과천선,대공원,2705,2804,5509,-99,7,25,월
2022-07-25,과천선,과천,6369,5887,12256,482,7,25,월
2022-07-25,과천선,정부과천청사,11310,11247,22557,63,7,25,월
2022-07-25,과천선,인덕원,23970,25115,49085,-1145,7,25,월
2022-07-25,과천선,평촌,17936,17618,35554,318,7,25,월
2022-07-25,과천선,범계,25945,25871,51816,74,7,25,월
2022-07-25,분당선,선릉,14348,21820,36168,-7472,7,25,월
2022-07-25,분당선,한티,15479,16405,31884,-926,7,25,월
2022-07-25,분당선,도곡,7132,7065,14197,67,7,25,월
2022-07-25,분당선,구룡,2163,2089,4252,74,7,25,월
2022-07-25,분당선,개포동,3857,4017,7874,-160,7,25,월
2022-07-25,분당선,대모산입구,4527,4234,8761,293,7,25,월
2022-07-25,분당선,수서,13956,14216,28172,-260,7,25,월
2022-07-25,분당선,복정,3,0,3,3,7,25,월
2022-07-25,분당선,수원,7899,6650,14549,1249,7,25,월
2022-07-25,분당선,서울숲,11353,11473,22826,-120,7,25,월
2022-07-25,분당선,압구정로데오,17916,19683,37599,-1767,7,25,월
2022-07-25,분당선,강남구청,9940,11268,21208,-1328,7,25,월
2022-07-25,분당선,선정릉,8252,8823,17075,-571,7,25,월
2022-07-25,분당선,가천대,6045,6819,12864,-774,7,25,월
2022-07-25,분당선,태평,13697,13025,26722,672,7,25,월
2022-07-25,분당선,모란,19664,19795,39459,-131,7,25,월
2022-07-25,분당선,야탑,26445,27243,53688,-798,7,25,월
2022-07-25,분당선,서현,25615,25915,51530,-300,7,25,월
2022-07-25,분당선,수내,14144,13915,28059,229,7,25,월
2022-07-25,분당선,정자,18574,19605,38179,-1031,7,25,월
2022-07-25,분당선,미금,15579,16493,32072,-914,7,25,월
2022-07-25,분당선,오리,11844,9729,21573,2115,7,25,월
2022-07-25,분당선,이매,5426,5270,10696,156,7,25,월
2022-07-25,분당선,보정,2548,2249,4797,299,7,25,월
2022-07-25,분당선,죽전,12833,14393,27226,-1560,7,25,월
2022-07-25,분당선,구성,5183,5433,10616,-250,7,25,월
2022-07-25,분당선,신갈,4745,4778,9523,-33,7,25,월
2022-07-25,분당선,기흥,10436,9779,20215,657,7,25,월
2022-07-25,분당선,상갈,5479,5211,10690,268,7,25,월
2022-07-25,분당선,청명,4308,4226,8534,82,7,25,월
2022-07-25,분당선,영통,8127,8361,16488,-234,7,25,월
2022-07-25,분당선,망포,14715,13967,28682,748,7,25,월
2022-07-25,분당선,매탄권선,5091,4963,10054,128,7,25,월
2022-07-25,분당선,수원시청,13052,13955,27007,-903,7,25,월
2022-07-25,분당선,매교,2839,2843,5682,-4,7,25,월
2022-07-25,수인선,고색,4852,4503,9355,349,7,25,월
2022-07-25,수인선,오목천,2932,2727,5659,205,7,25,월
2022-07-25,수인선,어천,806,874,1680,-68,7,25,월
2022-07-25,수인선,야목,402,293,695,109,7,25,월
2022-07-25,수인선,사리,4841,4129,8970,712,7,25,월
2022-07-25,수인선,달월,103,64,167,39,7,25,월
2022-07-25,수인선,월곶,2705,2532,5237,173,7,25,월
2022-07-25,수인선,소래포구,4771,4440,9211,331,7,25,월
2022-07-25,수인선,인천논현,5614,5952,11566,-338,7,25,월
2022-07-25,수인선,호구포,4178,4396,8574,-218,7,25,월
2022-07-25,수인선,남동인더스파크,2377,2627,5004,-250,7,25,월
2022-07-25,수인선,원인재,4225,4382,8607,-157,7,25,월
2022-07-25,수인선,연수,4520,4340,8860,180,7,25,월
2022-07-25,수인선,송도,2367,2234,4601,133,7,25,월
2022-07-25,수인선,인하대,5684,5386,11070,298,7,25,월
2022-07-25,수인선,숭의,4154,3772,7926,382,7,25,월
2022-07-25,수인선,신포,1790,1783,3573,7,7,25,월
2022-07-25,수인선,인천,1175,1853,3028,-678,7,25,월
2022-07-25,신림선,샛강,2162,2689,4851,-527,7,25,월
2022-07-25,신림선,대방,1953,1570,3523,383,7,25,월
2022-07-25,신림선,서울지방병무청,2018,2233,4251,-215,7,25,월
2022-07-25,신림선,보라매,2757,2492,5249,265,7,25,월
2022-07-25,신림선,보라매공원,1822,1912,3734,-90,7,25,월
2022-07-25,신림선,보라매병원,6318,6899,13217,-581,7,25,월
2022-07-25,신림선,당곡,3685,3591,7276,94,7,25,월
2022-07-25,신림선,신림,1570,2143,3713,-573,7,25,월
2022-07-25,신림선,서원,2705,2533,5238,172,7,25,월
2022-07-25,신림선,서울대벤처타운,6358,6610,12968,-252,7,25,월
2022-07-25,신림선,관악산(서울대),3183,2997,6180,186,7,25,월
2022-07-25,안산선,산본,16225,17472,33697,-1247,7,25,월
2022-07-25,안산선,대야미,5037,4585,9622,452,7,25,월
2022-07-25,안산선,반월,4368,4237,8605,131,7,25,월
2022-07-25,안산선,상록수,15611,15622,31233,-11,7,25,월
2022-07-25,안산선,한대앞,8859,8736,17595,123,7,25,월
2022-07-25,안산선,중앙,17942,18528,36470,-586,7,25,월
2022-07-25,안산선,고잔,9053,8504,17557,549,7,25,월
2022-07-25,안산선,초지,4918,4942,9860,-24,7,25,월
2022-07-25,안산선,안산,12102,10845,22947,1257,7,25,월
2022-07-25,안산선,신길온천,1905,1679,3584,226,7,25,월
2022-07-25,안산선,정왕,7949,8432,16381,-483,7,25,월
2022-07-25,안산선,오이도,8799,8530,17329,269,7,25,월
2022-07-25,안산선,수리산,4174,3458,7632,716,7,25,월
2022-07-25,우이신설선,북한산우이,2835,2625,5460,210,7,25,월
2022-07-25,우이신설선,솔밭공원,2504,2430,4934,74,7,25,월
2022-07-25,우이신설선,4.19민주묘지,2863,2659,5522,204,7,25,월
2022-07-25,우이신설선,가오리,4367,4288,8655,79,7,25,월
2022-07-25,우이신설선,화계,3523,3213,6736,310,7,25,월
2022-07-25,우이신설선,삼양,2099,2241,4340,-142,7,25,월
2022-07-25,우이신설선,삼양사거리,2513,2538,5051,-25,7,25,월
2022-07-25,우이신설선,솔샘,5910,5561,11471,349,7,25,월
2022-07-25,우이신설선,북한산보국문,5784,5614,11398,170,7,25,월
2022-07-25,우이신설선,성신여대입구(돈암),3389,3707,7096,-318,7,25,월
2022-07-25,우이신설선,보문,1470,1447,2917,23,7,25,월
2022-07-25,우이신설선,신설동,2201,2123,4324,78,7,25,월
2022-07-25,일산선,원흥,11412,10780,22192,632,7,25,월
2022-07-25,일산선,삼송,19714,19179,38893,535,7,25,월
2022-07-25,일산선,원당,11164,10600,21764,564,7,25,월
2022-07-25,일산선,화정,17126,17350,34476,-224,7,25,월
2022-07-25,일산선,대곡,2237,1749,3986,488,7,25,월
2022-07-25,일산선,백석,9982,9914,19896,68,7,25,월
2022-07-25,일산선,마두,8048,8202,16250,-154,7,25,월
2022-07-25,7호선,군자(능동),15014,11894,26908,3120,7,25,월
2022-07-25,7호선,어린이대공원(세종대),12377,12475,24852,-98,7,25,월
2022-07-25,7호선,건대입구,12424,12996,25420,-572,7,25,월
2022-07-25,7호선,뚝섬유원지,9779,9292,19071,487,7,25,월
2022-07-25,7호선,청담,19902,22106,42008,-2204,7,25,월
2022-07-25,7호선,강남구청,16677,18357,35034,-1680,7,25,월
2022-07-25,7호선,학동,24796,26190,50986,-1394,7,25,월
2022-07-25,7호선,논현,19482,20608,40090,-1126,7,25,월
2022-07-25,7호선,반포,5872,5862,11734,10,7,25,월
2022-07-25,7호선,고속터미널,17168,14031,31199,3137,7,25,월
2022-07-25,7호선,내방,14937,15159,30096,-222,7,25,월
2022-07-25,7호선,이수,16062,15719,31781,343,7,25,월
2022-07-25,7호선,남성,11090,10404,21494,686,7,25,월
2022-07-25,7호선,숭실대입구(살피재),11833,11962,23795,-129,7,25,월
2022-07-25,7호선,상도,10816,10495,21311,321,7,25,월
2022-07-25,7호선,장승배기,9633,9399,19032,234,7,25,월
2022-07-25,7호선,신대방삼거리,15448,14800,30248,648,7,25,월
2022-07-25,7호선,보라매,7754,7972,15726,-218,7,25,월
2022-07-25,7호선,신풍,11914,11300,23214,614,7,25,월
2022-07-25,7호선,대림(구로구청),8085,8106,16191,-21,7,25,월
2022-07-25,7호선,남구로,16282,17046,33328,-764,7,25,월
2022-07-25,7호선,가산디지털단지,47042,47197,94239,-155,7,25,월
2022-07-25,7호선,철산,21464,21859,43323,-395,7,25,월
2022-07-25,7호선,광명사거리,21799,21482,43281,317,7,25,월
2022-07-25,7호선,천왕,11626,11103,22729,523,7,25,월
2022-07-25,7호선,온수(성공회대입구),10024,9018,19042,1006,7,25,월
2022-07-25,8호선,암사,19140,16802,35942,2338,7,25,월
2022-07-25,8호선,천호(풍납토성),14553,16500,31053,-1947,7,25,월
2022-07-25,8호선,강동구청,10490,10861,21351,-371,7,25,월
2022-07-25,8호선,몽촌토성(평화의문),5952,6188,12140,-236,7,25,월
2022-07-25,8호선,잠실(송파구청),14917,17370,32287,-2453,7,25,월
2022-07-25,8호선,석촌,7558,8609,16167,-1051,7,25,월
2022-07-25,8호선,송파,8533,8454,16987,79,7,25,월
2022-07-25,8호선,가락시장,7598,8469,16067,-871,7,25,월
2022-07-25,8호선,문정,22174,23608,45782,-1434,7,25,월
2022-07-25,8호선,장지,16704,16332,33036,372,7,25,월
2022-07-25,8호선,복정,8797,7601,16398,1196,7,25,월
2022-07-25,8호선,산성,5100,5173,10273,-73,7,25,월
2022-07-25,8호선,남한산성입구(성남법원.검찰청),13198,12014,25212,1184,7,25,월
2022-07-25,8호선,단대오거리,10473,10412,20885,61,7,25,월
2022-07-25,8호선,신흥,4230,4648,8878,-418,7,25,월
2022-07-25,8호선,수진,5336,4858,10194,478,7,25,월
2022-07-25,6호선,효창공원앞,7020,6235,13255,785,7,25,월
2022-07-25,6호선,공덕,18934,18374,37308,560,7,25,월
2022-07-25,6호선,대흥(서강대앞),8391,8519,16910,-128,7,25,월
2022-07-25,6호선,광흥창(서강),9373,9017,18390,356,7,25,월
2022-07-25,6호선,상수,8348,9347,17695,-999,7,25,월
2022-07-25,6호선,합정,13027,12737,25764,290,7,25,월
2022-07-25,6호선,망원,13564,14545,28109,-981,7,25,월
2022-07-25,6호선,마포구청,14357,13069,27426,1288,7,25,월
2022-07-25,6호선,월드컵경기장(성산),4371,4609,8980,-238,7,25,월
2022-07-25,6호선,디지털미디어시티,14536,16118,30654,-1582,7,25,월
2022-07-25,6호선,증산(명지대앞),10012,9908,19920,104,7,25,월
2022-07-25,6호선,새절(신사),12413,11482,23895,931,7,25,월
2022-07-25,6호선,구산,7674,5971,13645,1703,7,25,월
2022-07-25,6호선,독바위,2788,2909,5697,-121,7,25,월
2022-07-25,6호선,불광,4572,4499,9071,73,7,25,월
2022-07-25,6호선,역촌,3890,4072,7962,-182,7,25,월
2022-07-25,6호선,응암,17575,17648,35223,-73,7,25,월
2022-07-25,5호선,하남검단산,5866,5532,11398,334,7,25,월
2022-07-25,5호선,하남시청(덕풍·신장),7004,6678,13682,326,7,25,월
2022-07-25,5호선,하남풍산,4215,4217,8432,-2,7,25,월
2022-07-25,5호선,미사,16279,16408,32687,-129,7,25,월
2022-07-25,5호선,강일,4572,4444,9016,128,7,25,월
2022-07-25,5호선,마천,7281,6881,14162,400,7,25,월
2022-07-25,5호선,거여,10023,9665,19688,358,7,25,월
2022-07-25,5호선,개롱,6661,6762,13423,-101,7,25,월
2022-07-25,5호선,오금,3717,3709,7426,8,7,25,월
2022-07-25,5호선,방이,7070,7419,14489,-349,7,25,월
2022-07-25,5호선,올림픽공원(한국체대),4156,3486,7642,670,7,25,월
2022-07-25,5호선,둔촌동,8063,8192,16255,-129,7,25,월
2022-07-25,5호선,상일동,15174,14022,29196,1152,7,25,월
2022-07-25,5호선,고덕,9566,9648,19214,-82,7,25,월
2022-07-25,5호선,명일,8391,8786,17177,-395,7,25,월
2022-07-25,5호선,굽은다리(강동구민회관앞),9715,9392,19107,323,7,25,월
2022-07-25,5호선,길동,8261,8530,16791,-269,7,25,월
2022-07-25,5호선,강동,18629,17909,36538,720,7,25,월
2022-07-25,5호선,천호(풍납토성),18015,18231,36246,-216,7,25,월
2022-07-25,5호선,광나루(장신대),12837,11639,24476,1198,7,25,월
2022-07-25,5호선,아차산(어린이대공원후문),13635,13303,26938,332,7,25,월
2022-07-25,5호선,군자(능동),10916,12065,22981,-1149,7,25,월
2022-07-25,5호선,장한평,18670,18501,37171,169,7,25,월
2022-07-25,5호선,답십리,16076,14624,30700,1452,7,25,월
2022-07-25,5호선,마장,5598,5164,10762,434,7,25,월
2022-07-25,5호선,왕십리(성동구청),4302,4916,9218,-614,7,25,월
2022-07-25,5호선,행당,8022,7131,15153,891,7,25,월
2022-07-25,5호선,신금호,6204,6508,12712,-304,7,25,월
2022-07-25,5호선,청구,3970,3587,7557,383,7,25,월
2022-07-25,5호선,동대문역사문화공원(DDP),3364,3839,7203,-475,7,25,월
2022-07-25,5호선,을지로4가,6348,6424,12772,-76,7,25,월
2022-07-25,5호선,종로3가,12960,12614,25574,346,7,25,월
2022-07-25,5호선,광화문(세종문화회관),30334,31814,62148,-1480,7,25,월
2022-07-25,5호선,서대문,19838,20279,40117,-441,7,25,월
2022-07-25,5호선,충정로(경기대입구),4702,4712,9414,-10,7,25,월
2022-07-25,5호선,애오개,6816,6804,13620,12,7,25,월
2022-07-25,5호선,공덕,14702,15421,30123,-719,7,25,월
2022-07-25,5호선,마포,14572,14904,29476,-332,7,25,월
2022-07-25,5호선,여의나루,12888,14244,27132,-1356,7,25,월
2022-07-25,5호선,여의도,29485,31756,61241,-2271,7,25,월
2022-07-25,5호선,신길,4358,4578,8936,-220,7,25,월
2022-07-25,5호선,영등포시장,10045,10360,20405,-315,7,25,월
2022-07-25,5호선,영등포구청,4007,4215,8222,-208,7,25,월
2022-07-25,5호선,양평,7488,7575,15063,-87,7,25,월
2022-07-25,5호선,오목교(목동운동장앞),20716,21937,42653,-1221,7,25,월
2022-07-25,5호선,목동,16750,17898,34648,-1148,7,25,월
2022-07-25,5호선,신정(은행정),14003,11269,25272,2734,7,25,월
2022-07-25,5호선,까치산,29003,27602,56605,1401,7,25,월
2022-07-25,5호선,화곡,28917,27051,55968,1866,7,25,월
2022-07-25,5호선,우장산,14231,14194,28425,37,7,25,월
2022-07-25,5호선,발산,20764,21721,42485,-957,7,25,월
2022-07-25,5호선,마곡,11106,11099,22205,7,7,25,월
2022-07-25,5호선,송정,6619,6135,12754,484,7,25,월
2022-07-25,5호선,김포공항,7819,7553,15372,266,7,25,월
2022-07-25,5호선,개화산,5767,5482,11249,285,7,25,월
2022-07-25,5호선,방화,6728,6346,13074,382,7,25,월
2022-07-25,4호선,남태령,1257,1031,2288,226,7,25,월
2022-07-25,4호선,사당,24669,20754,45423,3915,7,25,월
2022-07-25,4호선,총신대입구(이수),18815,20546,39361,-1731,7,25,월
2022-07-25,4호선,동작(현충원),1364,1520,2884,-156,7,25,월
2022-07-25,4호선,이촌(국립중앙박물관),8703,9441,18144,-738,7,25,월
2022-07-25,4호선,신용산,17675,18611,36286,-936,7,25,월
2022-07-25,4호선,삼각지,4992,5448,10440,-456,7,25,월
2022-07-25,4호선,숙대입구(갈월),12407,12118,24525,289,7,25,월
2022-07-25,4호선,서울역,11787,18094,29881,-6307,7,25,월
2022-07-25,4호선,회현(남대문시장),23093,24290,47383,-1197,7,25,월
2022-07-25,4호선,명동,20530,20839,41369,-309,7,25,월
2022-07-25,4호선,충무로,25704,27065,52769,-1361,7,25,월
2022-07-25,4호선,동대문역사문화공원(DDP),15969,14147,30116,1822,7,25,월
2022-07-25,4호선,동대문,21619,21898,43517,-279,7,25,월
2022-07-25,4호선,혜화,30888,30948,61836,-60,7,25,월
2022-07-25,4호선,한성대입구(삼선교),12430,12150,24580,280,7,25,월
2022-07-25,4호선,성신여대입구(돈암),19150,18586,37736,564,7,25,월
2022-07-25,4호선,길음,20344,19791,40135,553,7,25,월
2022-07-25,4호선,미아사거리,26632,26083,52715,549,7,25,월
2022-07-25,4호선,미아(서울사이버대학),14570,14142,28712,428,7,25,월
2022-07-25,4호선,수유(강북구청),33399,33328,66727,71,7,25,월
2022-07-25,4호선,쌍문,28730,26713,55443,2017,7,25,월
2022-07-25,4호선,창동,25114,26586,51700,-1472,7,25,월
2022-07-25,4호선,노원,18208,20951,39159,-2743,7,25,월
2022-07-25,4호선,상계,18569,17258,35827,1311,7,25,월
2022-07-25,4호선,당고개,9197,8095,17292,1102,7,25,월
2022-07-25,3호선,오금,6202,5641,11843,561,7,25,월
2022-07-25,3호선,경찰병원,7521,7484,15005,37,7,25,월
2022-07-25,3호선,가락시장,9128,8852,17980,276,7,25,월
2022-07-25,3호선,수서,16967,17374,34341,-407,7,25,월
2022-07-25,3호선,일원,10694,10360,21054,334,7,25,월
2022-07-25,3호선,대청,9926,9258,19184,668,7,25,월
2022-07-25,3호선,학여울,1693,1685,3378,8,7,25,월
2022-07-25,3호선,대치,12305,12053,24358,252,7,25,월
2022-07-25,3호선,도곡,5260,5163,10423,97,7,25,월
2022-07-25,3호선,매봉,12635,12073,24708,562,7,25,월
2022-07-25,3호선,양재(서초구청),36662,40641,77303,-3979,7,25,월
2022-07-25,3호선,남부터미널(예술의전당),29179,29517,58696,-338,7,25,월
2022-07-25,3호선,교대(법원.검찰청),14433,9722,24155,4711,7,25,월
2022-07-25,3호선,고속터미널,43682,41365,85047,2317,7,25,월
2022-07-25,3호선,잠원,4778,4641,9419,137,7,25,월
2022-07-25,3호선,신사,29317,30811,60128,-1494,7,25,월
2022-07-25,3호선,압구정,30931,33209,64140,-2278,7,25,월
2022-07-25,3호선,옥수,8785,9013,17798,-228,7,25,월
2022-07-25,3호선,금호,7656,7085,14741,571,7,25,월
2022-07-25,3호선,약수,12786,12369,25155,417,7,25,월
2022-07-25,3호선,동대입구,6996,7703,14699,-707,7,25,월
2022-07-25,3호선,충무로,3,0,3,3,7,25,월
2022-07-25,3호선,을지로3가,10975,11155,22130,-180,7,25,월
2022-07-25,3호선,종로3가,10219,12057,22276,-1838,7,25,월
2022-07-25,3호선,안국,22291,22333,44624,-42,7,25,월
2022-07-25,3호선,경복궁(정부서울청사),20833,21417,42250,-584,7,25,월
2022-07-25,3호선,독립문,6671,6658,13329,13,7,25,월
2022-07-25,3호선,무악재,4063,3906,7969,157,7,25,월
2022-07-25,3호선,홍제,17356,16256,33612,1100,7,25,월
2022-07-25,3호선,녹번,15749,14082,29831,1667,7,25,월
2022-07-25,3호선,불광,16190,17336,33526,-1146,7,25,월
2022-07-25,3호선,연신내,36359,34187,70546,2172,7,25,월
2022-07-25,3호선,구파발,21530,20905,42435,625,7,25,월
2022-07-25,3호선,지축,5380,5100,10480,280,7,25,월
2022-07-25,2호선,용두(동대문구청),2373,2342,4715,31,7,25,월
2022-07-25,2호선,신정네거리,10396,10588,20984,-192,7,25,월
2022-07-25,2호선,양천구청,6870,7162,14032,-292,7,25,월
2022-07-25,2호선,도림천,1475,1526,3001,-51,7,25,월
2022-07-25,2호선,신설동,3373,3325,6698,48,7,25,월
2022-07-25,2호선,신답,1696,1932,3628,-236,7,25,월
2022-07-25,2호선,용답,2631,2551,5182,80,7,25,월
2022-07-25,2호선,충정로(경기대입구),10247,10818,21065,-571,7,25,월
2022-07-25,2호선,아현,10405,9948,20353,457,7,25,월
2022-07-25,2호선,이대,13362,14398,27760,-1036,7,25,월
2022-07-25,2호선,홍대입구,58162,61659,119821,-3497,7,25,월
2022-07-25,2호선,합정,30485,32956,63441,-2471,7,25,월
2022-07-25,2호선,당산,17786,21240,39026,-3454,7,25,월
2022-07-25,2호선,영등포구청,22372,23165,45537,-793,7,25,월
2022-07-25,2호선,문래,22422,23038,45460,-616,7,25,월
2022-07-25,2호선,신도림,47391,46647,94038,744,7,25,월
2022-07-25,2호선,대림(구로구청),24297,24677,48974,-380,7,25,월
2022-07-25,2호선,구로디지털단지,60745,60949,121694,-204,7,25,월
2022-07-25,2호선,신대방,25596,24736,50332,860,7,25,월
2022-07-25,2호선,신림,58023,55498,113521,2525,7,25,월
2022-07-25,2호선,봉천,24431,23021,47452,1410,7,25,월
2022-07-25,2호선,서울대입구(관악구청),47131,46708,93839,423,7,25,월
2022-07-25,2호선,낙성대(강감찬),27170,26872,54042,298,7,25,월
2022-07-25,2호선,사당,37102,40499,77601,-3397,7,25,월
2022-07-25,2호선,방배,15764,16579,32343,-815,7,25,월
2022-07-25,2호선,서초,22016,21475,43491,541,7,25,월
2022-07-25,2호선,교대(법원.검찰청),34021,38276,72297,-4255,7,25,월
2022-07-25,2호선,강남,86647,83739,170386,2908,7,25,월
2022-07-25,2호선,역삼,55380,62902,118282,-7522,7,25,월
2022-07-25,2호선,선릉,61048,53881,114929,7167,7,25,월
2022-07-25,2호선,삼성(무역센터),54255,54997,109252,-742,7,25,월
2022-07-25,2호선,종합운동장,7009,7546,14555,-537,7,25,월
2022-07-25,2호선,잠실새내,21506,21395,42901,111,7,25,월
2022-07-25,2호선,잠실(송파구청),74923,75269,150192,-346,7,25,월
2022-07-25,2호선,잠실나루,14621,14494,29115,127,7,25,월
2022-07-25,2호선,강변(동서울터미널),32495,30776,63271,1719,7,25,월
2022-07-25,2호선,구의(광진구청),23593,23247,46840,346,7,25,월
2022-07-25,2호선,건대입구,33958,36693,70651,-2735,7,25,월
2022-07-25,2호선,성수,38410,41884,80294,-3474,7,25,월
2022-07-25,2호선,뚝섬,22609,24713,47322,-2104,7,25,월
2022-07-25,2호선,한양대,7153,7624,14777,-471,7,25,월
2022-07-25,2호선,왕십리(성동구청),15250,12947,28197,2303,7,25,월
2022-07-25,2호선,상왕십리,14262,13733,27995,529,7,25,월
2022-07-25,2호선,신당,13949,14176,28125,-227,7,25,월
2022-07-25,2호선,동대문역사문화공원(DDP),12332,14015,26347,-1683,7,25,월
2022-07-25,2호선,을지로4가,13909,13833,27742,76,7,25,월
2022-07-25,2호선,을지로3가,24361,24678,49039,-317,7,25,월
2022-07-25,2호선,을지로입구,42324,43247,85571,-923,7,25,월
2022-07-25,2호선,시청,23714,23159,46873,555,7,25,월
2022-07-25,1호선,동묘앞,7575,7862,15437,-287,7,25,월
2022-07-25,1호선,청량리(서울시립대입구),19826,19774,39600,52,7,25,월
2022-07-25,1호선,제기동,17492,17862,35354,-370,7,25,월
2022-07-25,1호선,신설동,13674,13441,27115,233,7,25,월
2022-07-25,1호선,동대문,10791,10578,21369,213,7,25,월
2022-07-25,1호선,종로5가,23312,23141,46453,171,7,25,월
2022-07-25,1호선,종로3가,26087,24172,50259,1915,7,25,월
2022-07-25,1호선,종각,37963,37313,75276,650,7,25,월
2022-07-25,1호선,시청,22878,23486,46364,-608,7,25,월
2022-07-25,1호선,서울역,47357,45890,93247,1467,7,25,월
2022-07-25,2호선,신촌,33177,33732,66909,-555,7,25,월
2022-07-25,일산선,정발산,7198,7297,14495,-99,7,25,월
2022-07-25,일산선,주엽,9773,9814,19587,-41,7,25,월
2022-07-25,일산선,대화,13351,9343,22694,4008,7,25,월
2022-07-25,장항선,봉명,1225,1229,2454,-4,7,25,월
2022-07-25,장항선,쌍용(나사렛대),2057,1886,3943,171,7,25,월
2022-07-25,장항선,아산,3193,2746,5939,447,7,25,월
2022-07-25,6호선,삼각지,6476,5710,12186,766,7,25,월
2022-07-25,장항선,탕정,931,875,1806,56,7,25,월
2022-07-25,장항선,배방,1141,1105,2246,36,7,25,월
2022-07-25,장항선,온양온천,3691,3836,7527,-145,7,25,월
2022-07-25,장항선,신창(순천향대),1118,1159,2277,-41,7,25,월
2022-07-25,중앙선,회기,23631,22919,46550,712,7,25,월
2022-07-25,중앙선,중랑,5812,5478,11290,334,7,25,월
2022-07-25,중앙선,상봉(시외버스터미널),5879,5819,11698,60,7,25,월
2022-07-25,중앙선,망우,7711,7639,15350,72,7,25,월
2022-07-25,중앙선,양원,2979,2905,5884,74,7,25,월
2022-07-25,중앙선,구리,13591,13364,26955,227,7,25,월
2022-07-25,중앙선,도농,11611,10333,21944,1278,7,25,월
2022-07-25,중앙선,양정,726,648,1374,78,7,25,월
2022-07-25,중앙선,덕소,5669,5541,11210,128,7,25,월
2022-07-25,중앙선,도심,2526,1946,4472,580,7,25,월
2022-07-25,중앙선,팔당,951,988,1939,-37,7,25,월
2022-07-25,중앙선,운길산,721,725,1446,-4,7,25,월
2022-07-25,중앙선,양수,2362,2290,4652,72,7,25,월
2022-07-25,6호선,녹사평(용산구청),4570,4525,9095,45,7,25,월
2022-07-25,6호선,이태원,9898,10297,20195,-399,7,25,월
2022-07-25,6호선,한강진,7020,8092,15112,-1072,7,25,월
2022-07-25,6호선,버티고개,2135,2108,4243,27,7,25,월
2022-07-25,6호선,약수,3676,3689,7365,-13,7,25,월
2022-07-25,6호선,청구,3636,3863,7499,-227,7,25,월
2022-07-25,6호선,신당,7551,8237,15788,-686,7,25,월
2022-07-25,6호선,동묘앞,7852,8168,16020,-316,7,25,월
2022-07-25,6호선,창신,3407,2734,6141,673,7,25,월
2022-07-25,6호선,보문,7451,6669,14120,782,7,25,월
2022-07-25,6호선,안암(고대병원앞),10454,10627,21081,-173,7,25,월
2022-07-25,6호선,고려대(종암),7903,7517,15420,386,7,25,월
2022-07-25,6호선,월곡(동덕여대),11743,11554,23297,189,7,25,월
2022-07-25,6호선,상월곡(한국과학기술연구원),6095,5449,11544,646,7,25,월
2022-07-25,6호선,돌곶이,9839,9230,19069,609,7,25,월
2022-07-25,6호선,석계,11994,12542,24536,-548,7,25,월
2022-07-25,6호선,태릉입구,5421,5781,11202,-360,7,25,월
2022-07-25,6호선,화랑대(서울여대입구),11224,8661,19885,2563,7,25,월
2022-07-25,6호선,봉화산(서울의료원),8988,8475,17463,513,7,25,월
2022-07-25,6호선,신내,1,0,1,1,7,25,월
2022-07-25,7호선,장암,2459,938,3397,1521,7,25,월
2022-07-25,7호선,도봉산,9096,10168,19264,-1072,7,25,월
2022-07-25,7호선,수락산,12775,12789,25564,-14,7,25,월
2022-07-25,7호선,마들,13180,12235,25415,945,7,25,월
2022-07-25,7호선,노원,20662,21648,42310,-986,7,25,월
2022-07-25,7호선,중계,14073,12545,26618,1528,7,25,월
2022-07-25,7호선,하계,17290,15993,33283,1297,7,25,월
2022-07-25,7호선,공릉(서울과학기술대),11474,11514,22988,-40,7,25,월
2022-07-25,7호선,태릉입구,8485,7944,16429,541,7,25,월
2022-07-25,7호선,먹골,10209,10154,20363,55,7,25,월
2022-07-25,7호선,중화,10871,10653,21524,218,7,25,월
2022-07-25,7호선,상봉(시외버스터미널),16779,15932,32711,847,7,25,월
2022-07-25,7호선,면목,15095,14717,29812,378,7,25,월
2022-07-25,7호선,사가정,15942,15754,31696,188,7,25,월
2022-07-25,7호선,용마산(용마폭포공원),5999,5840,11839,159,7,25,월
2022-07-25,7호선,중곡,10693,10217,20910,476,7,25,월
2022-07-25,중앙선,신원,191,186,377,5,7,25,월
2022-07-25,중앙선,국수,723,718,1441,5,7,25,월
2022-07-25,중앙선,아신,594,611,1205,-17,7,25,월
2022-07-25,중앙선,오빈,309,285,594,24,7,25,월
2022-07-25,중앙선,양평,3087,3047,6134,40,7,25,월
2022-07-25,중앙선,원덕,429,354,783,75,7,25,월
2022-07-25,중앙선,용문,3411,3424,6835,-13,7,25,월
2022-07-25,중앙선,지평,82,71,153,11,7,25,월
2022-07-25,우이신설선,정릉,4532,4297,8829,235,7,25,월
2022-07-25,8호선,모란,4351,3269,7620,1082,7,25,월
2022-07-25,8호선,남위례,5430,5560,10990,-130,7,25,월
2022-07-25,9호선,개화,2823,1933,4756,890,7,25,월
2022-07-25,9호선,김포공항,7475,10756,18231,-3281,7,25,월
2022-07-25,9호선,공항시장,3028,3326,6354,-298,7,25,월
2022-07-25,9호선,신방화,6877,6720,13597,157,7,25,월
2022-07-25,9호선,마곡나루(서울식물원),12595,12528,25123,67,7,25,월
2022-07-25,9호선,양천향교,9888,10160,20048,-272,7,25,월
2022-07-25,9호선,가양,21496,21064,42560,432,7,25,월
2022-07-25,9호선,증미,7810,7722,15532,88,7,25,월
2022-07-25,9호선,등촌,12056,11483,23539,573,7,25,월
2022-07-25,9호선,염창,17756,17260,35016,496,7,25,월
2022-07-25,9호선,신목동,4319,3659,7978,660,7,25,월
2022-07-25,9호선,선유도,9151,8952,18103,199,7,25,월
2022-07-25,9호선,당산,18632,19133,37765,-501,7,25,월
2022-07-25,9호선,국회의사당,17049,17868,34917,-819,7,25,월
2022-07-25,9호선,여의도,29694,28771,58465,923,7,25,월
2022-07-25,9호선,샛강,6383,6406,12789,-23,7,25,월
2022-07-25,9호선,노량진,25240,24990,50230,250,7,25,월
2022-07-25,9호선,노들,4697,3776,8473,921,7,25,월
2022-07-25,9호선,흑석(중앙대입구),7946,8434,16380,-488,7,25,월
2022-07-25,9호선,동작(현충원),1981,1603,3584,378,7,25,월
2022-07-25,9호선,구반포,1256,1284,2540,-28,7,25,월
2022-07-25,9호선,신반포,3476,3645,7121,-169,7,25,월
2022-07-25,9호선,고속터미널,13468,17159,30627,-3691,7,25,월
2022-07-25,9호선,사평,3642,3481,7123,161,7,25,월
2022-07-25,9호선,신논현,31427,30919,62346,508,7,25,월
2022-07-25,9호선2~3단계,언주,11387,11767,23154,-380,7,25,월
2022-07-25,9호선2~3단계,선정릉,10515,11534,22049,-1019,7,25,월
2022-07-25,9호선2~3단계,삼성중앙,7690,8305,15995,-615,7,25,월
2022-07-25,9호선2~3단계,봉은사,18837,19237,38074,-400,7,25,월
2022-07-25,9호선2~3단계,종합운동장,4384,4473,8857,-89,7,25,월
2022-07-25,9호선2~3단계,삼전,7165,6942,14107,223,7,25,월
2022-07-25,9호선2~3단계,석촌고분,6359,6155,12514,204,7,25,월
2022-07-25,9호선2~3단계,석촌,8858,7829,16687,1029,7,25,월
2022-07-25,9호선2~3단계,송파나루,5186,5603,10789,-417,7,25,월
2022-07-25,9호선2~3단계,한성백제,2729,2469,5198,260,7,25,월
2022-07-25,9호선2~3단계,올림픽공원(한국체대),5913,6029,11942,-116,7,25,월
2022-07-25,9호선2~3단계,둔촌오륜,935,963,1898,-28,7,25,월
2022-07-25,9호선2~3단계,중앙보훈병원,11645,10243,21888,1402,7,25,월
2022-07-25,경강선,판교,5276,5264,10540,12,7,25,월
2022-07-25,경강선,이매,1148,962,2110,186,7,25,월
2022-07-25,경강선,삼동,2527,2366,4893,161,7,25,월
2022-07-25,경강선,경기광주,7945,7375,15320,570,7,25,월
2022-07-25,경강선,초월,3144,3111,6255,33,7,25,월
2022-07-25,경강선,곤지암,2205,2212,4417,-7,7,25,월
2022-07-25,경강선,신둔도예촌,1484,1407,2891,77,7,25,월
2022-07-25,경강선,이천,2588,2810,5398,-222,7,25,월
2022-07-25,경강선,부발,2082,2101,4183,-19,7,25,월
2022-07-25,경강선,세종대왕릉,366,322,688,44,7,25,월
2022-07-25,경강선,여주,2246,2178,4424,68,7,25,월
2022-07-25,경부선,서울역,8145,2551,10696,5594,7,25,월
2022-07-25,경부선,남영,9018,9511,18529,-493,7,25,월
2022-07-25,경부선,용산,37764,38733,76497,-969,7,25,월
2022-07-25,경부선,노량진,7673,7440,15113,233,7,25,월
2022-07-25,경부선,대방,11075,12137,23212,-1062,7,25,월
2022-07-25,경부선,영등포,38641,39864,78505,-1223,7,25,월
2022-07-25,경부선,신도림,4128,4123,8251,5,7,25,월
2022-07-25,경부선,신길,9031,7819,16850,1212,7,25,월
2022-07-25,경부선,구로,18846,18501,37347,345,7,25,월
2022-07-25,경부선,가산디지털단지,18799,21920,40719,-3121,7,25,월
2022-07-25,경부선,금천구청,11657,11729,23386,-72,7,25,월
2022-07-25,경부선,석수,9511,8403,17914,1108,7,25,월
2022-07-25,경부선,관악,7153,6919,14072,234,7,25,월
2022-07-25,경부선,안양,21686,21306,42992,380,7,25,월
2022-07-25,경부선,명학,9271,9126,18397,145,7,25,월
2022-07-25,경부선,금정,27460,27790,55250,-330,7,25,월
2022-07-25,경부선,군포,7683,7730,15413,-47,7,25,월
2022-07-25,경부선,의왕,9054,9028,18082,26,7,25,월
2022-07-25,경부선,성균관대,14159,14183,28342,-24,7,25,월
2022-07-25,경부선,화서,8168,7806,15974,362,7,25,월
2022-07-25,경부선,수원,33888,36244,70132,-2356,7,25,월
2022-07-25,경부선,독산,19150,19836,38986,-686,7,25,월
2022-07-25,경부선,세류,3105,2719,5824,386,7,25,월
2022-07-25,경부선,병점,14050,13859,27909,191,7,25,월
2022-07-25,경부선,세마,2913,2715,5628,198,7,25,월
2022-07-25,경부선,오산대,3514,3194,6708,320,7,25,월
2022-07-25,경부선,오산,9518,9733,19251,-215,7,25,월
2022-07-25,경부선,진위,1768,1598,3366,170,7,25,월
2022-07-25,경부선,송탄,4170,4078,8248,92,7,25,월
2022-07-25,경부선,서정리,6855,6772,13627,83,7,25,월
2022-07-25,경부선,평택지제,3942,4004,7946,-62,7,25,월
2022-07-25,경부선,평택,11670,11667,23337,3,7,25,월
2022-07-25,경부선,성환,3293,3369,6662,-76,7,25,월
2022-07-25,경부선,직산,893,833,1726,60,7,25,월
2022-07-25,경부선,두정,5309,5562,10871,-253,7,25,월
2022-07-25,경부선,천안,5327,5555,10882,-228,7,25,월
2022-07-25,경부선,당정,6258,5943,12201,315,7,25,월
2022-07-25,경부선,서동탄,1453,1263,2716,190,7,25,월
2022-07-25,경부선,광명,3793,3211,7004,582,7,25,월
2022-07-25,경원선,이촌(국립중앙박물관),3966,3028,6994,938,7,25,월
2022-07-25,경원선,서빙고,2140,1909,4049,231,7,25,월
2022-07-25,경원선,한남,4180,3995,8175,185,7,25,월
2022-07-25,경원선,옥수,38,29,67,9,7,25,월
2022-07-25,경원선,응봉,1894,1552,3446,342,7,25,월
2022-07-25,경원선,왕십리(성동구청),14354,16262,30616,-1908,7,25,월
2022-07-25,경원선,청량리(서울시립대입구),15795,16174,31969,-379,7,25,월
2022-07-25,경원선,외대앞,7330,7360,14690,-30,7,25,월
2022-07-25,경원선,신이문,8538,7797,16335,741,7,25,월
2022-07-25,경원선,석계,7870,8965,16835,-1095,7,25,월
2022-07-25,경원선,광운대,7193,6842,14035,351,7,25,월
2022-07-25,경원선,월계,6290,5970,12260,320,7,25,월
2022-07-25,경원선,녹천,4844,3935,8779,909,7,25,월
2022-07-25,경원선,방학,9831,9667,19498,164,7,25,월
2022-07-25,경원선,도봉,6041,5741,11782,300,7,25,월
2022-07-25,경원선,도봉산,7497,4889,12386,2608,7,25,월
2022-07-25,경원선,망월사,7477,7678,15155,-201,7,25,월
2022-07-25,경원선,회룡,12814,12594,25408,220,7,25,월
2022-07-25,경원선,의정부,18686,19100,37786,-414,7,25,월
2022-07-25,경원선,가능,6818,6537,13355,281,7,25,월
2022-07-25,경원선,녹양,4721,4458,9179,263,7,25,월
2022-07-25,경원선,양주,7685,7232,14917,453,7,25,월
2022-07-25,경원선,덕계,3361,2963,6324,398,7,25,월
2022-07-25,경원선,덕정,5559,5223,10782,336,7,25,월
2022-07-25,경원선,지행,6777,6589,13366,188,7,25,월
2022-07-25,경원선,동두천중앙,3440,3330,6770,110,7,25,월
2022-07-25,경원선,보산,1678,1457,3135,221,7,25,월
2022-07-25,경원선,동두천,2349,2599,4948,-250,7,25,월
2022-07-25,경원선,소요산,3196,2600,5796,596,7,25,월
2022-07-25,경의선,서울역,4729,6035,10764,-1306,7,25,월
2022-07-25,경의선,신촌,922,1196,2118,-274,7,25,월
2022-07-25,경의선,효창공원앞,3044,3427,6471,-383,7,25,월
2022-07-25,경의선,공덕,3809,3464,7273,345,7,25,월
2022-07-25,경의선,서강대,2147,2003,4150,144,7,25,월
2022-07-25,경의선,홍대입구,1772,2241,4013,-469,7,25,월
2022-07-25,경의선,가좌,5638,5271,10909,367,7,25,월
2022-07-25,경의선,디지털미디어시티,2634,2407,5041,227,7,25,월
2022-07-25,경의선,수색,3005,3202,6207,-197,7,25,월
2022-07-25,경의선,화전,1665,1485,3150,180,7,25,월
2022-07-25,경의선,강매,3241,2770,6011,471,7,25,월
2022-07-25,경의선,행신,8254,8307,16561,-53,7,25,월
2022-07-25,경의선,능곡,3954,3489,7443,465,7,25,월
2022-07-26,분당선,죽전,13188,14613,27801,-1425,7,26,화
2022-07-26,분당선,구성,5102,5410,10512,-308,7,26,화
2022-07-26,분당선,신갈,4958,4848,9806,110,7,26,화
2022-07-26,수인선,소래포구,4934,4465,9399,469,7,26,화
2022-07-26,수인선,인천논현,5661,5893,11554,-232,7,26,화
2022-07-26,수인선,호구포,4237,4439,8676,-202,7,26,화
2022-07-26,수인선,남동인더스파크,2409,2624,5033,-215,7,26,화
2022-07-26,수인선,원인재,4362,4508,8870,-146,7,26,화
2022-07-26,수인선,연수,4572,4505,9077,67,7,26,화
2022-07-26,수인선,송도,2368,2196,4564,172,7,26,화
2022-07-26,수인선,인하대,5693,5394,11087,299,7,26,화
2022-07-26,수인선,숭의,4014,3704,7718,310,7,26,화
2022-07-26,수인선,신포,1719,1722,3441,-3,7,26,화
2022-07-26,수인선,인천,1212,1956,3168,-744,7,26,화
2022-07-26,3호선,압구정,33195,35732,68927,-2537,7,26,화
2022-07-26,3호선,옥수,8860,9068,17928,-208,7,26,화
2022-07-26,3호선,금호,7789,7143,14932,646,7,26,화
2022-07-26,3호선,약수,13072,12628,25700,444,7,26,화
2022-07-26,3호선,동대입구,11029,11659,22688,-630,7,26,화
2022-07-26,3호선,을지로3가,11144,11433,22577,-289,7,26,화
2022-07-26,3호선,종로3가,10517,12321,22838,-1804,7,26,화
2022-07-26,3호선,안국,22585,23744,46329,-1159,7,26,화
2022-07-26,3호선,경복궁(정부서울청사),19288,19150,38438,138,7,26,화
2022-07-26,3호선,독립문,6988,7124,14112,-136,7,26,화
2022-07-26,3호선,무악재,4160,3973,8133,187,7,26,화
2022-07-26,3호선,홍제,17500,16304,33804,1196,7,26,화
2022-07-26,3호선,녹번,15732,14084,29816,1648,7,26,화
2022-07-26,3호선,불광,16364,17654,34018,-1290,7,26,화
2022-07-26,3호선,연신내,36149,34105,70254,2044,7,26,화
2022-07-26,3호선,구파발,21683,21091,42774,592,7,26,화
2022-07-26,3호선,지축,5414,5090,10504,324,7,26,화
2022-07-26,2호선,용두(동대문구청),2362,2442,4804,-80,7,26,화
2022-07-26,2호선,신정네거리,10494,10588,21082,-94,7,26,화
2022-07-26,신림선,샛강,2235,2754,4989,-519,7,26,화
2022-07-26,신림선,대방,1950,1656,3606,294,7,26,화
2022-07-26,신림선,서울지방병무청,2067,2274,4341,-207,7,26,화
2022-07-26,신림선,보라매,2796,2653,5449,143,7,26,화
2022-07-26,신림선,보라매공원,1878,2045,3923,-167,7,26,화
2022-07-26,신림선,보라매병원,6628,7002,13630,-374,7,26,화
2022-07-26,신림선,당곡,3804,3665,7469,139,7,26,화
2022-07-26,신림선,신림,1586,2270,3856,-684,7,26,화
2022-07-26,신림선,서원,2893,2582,5475,311,7,26,화
2022-07-26,신림선,서울대벤처타운,6360,6491,12851,-131,7,26,화
2022-07-26,신림선,관악산(서울대),3062,2971,6033,91,7,26,화
2022-07-26,안산선,산본,16028,17197,33225,-1169,7,26,화
2022-07-26,안산선,대야미,5039,4389,9428,650,7,26,화
2022-07-26,안산선,반월,4243,4042,8285,201,7,26,화
2022-07-26,안산선,상록수,15559,15756,31315,-197,7,26,화
2022-07-26,안산선,한대앞,8977,9039,18016,-62,7,26,화
2022-07-26,안산선,중앙,18302,19118,37420,-816,7,26,화
2022-07-26,안산선,고잔,8871,8461,17332,410,7,26,화
2022-07-26,안산선,초지,4974,4926,9900,48,7,26,화
2022-07-26,안산선,안산,11807,10715,22522,1092,7,26,화
2022-07-26,안산선,신길온천,1854,1667,3521,187,7,26,화
2022-07-26,안산선,정왕,7711,8112,15823,-401,7,26,화
2022-07-26,안산선,오이도,8854,8471,17325,383,7,26,화
2022-07-26,안산선,수리산,4200,3408,7608,792,7,26,화
2022-07-26,우이신설선,북한산우이,2889,2739,5628,150,7,26,화
2022-07-26,우이신설선,솔밭공원,2511,2346,4857,165,7,26,화
2022-07-26,우이신설선,4.19민주묘지,2907,2760,5667,147,7,26,화
2022-07-26,우이신설선,가오리,4300,4281,8581,19,7,26,화
2022-07-26,우이신설선,화계,3480,3277,6757,203,7,26,화
2022-07-26,우이신설선,삼양,2075,2163,4238,-88,7,26,화
2022-07-26,우이신설선,삼양사거리,2519,2594,5113,-75,7,26,화
2022-07-26,우이신설선,솔샘,5894,5480,11374,414,7,26,화
2022-07-26,우이신설선,북한산보국문,5857,5603,11460,254,7,26,화
2022-07-26,우이신설선,정릉,4614,4229,8843,385,7,26,화
2022-07-26,우이신설선,성신여대입구(돈암),3214,3548,6762,-334,7,26,화
2022-07-26,우이신설선,보문,1452,1470,2922,-18,7,26,화
2022-07-26,우이신설선,신설동,2098,1992,4090,106,7,26,화
2022-07-26,일산선,원흥,11581,10801,22382,780,7,26,화
2022-07-26,일산선,지축,2,0,2,2,7,26,화
2022-07-26,일산선,삼송,19681,19101,38782,580,7,26,화
2022-07-26,일산선,원당,11125,10381,21506,744,7,26,화
2022-07-26,일산선,화정,16719,17029,33748,-310,7,26,화
2022-07-26,일산선,대곡,2128,1699,3827,429,7,26,화
2022-07-26,일산선,백석,10119,10105,20224,14,7,26,화
2022-07-26,일산선,마두,7767,7971,15738,-204,7,26,화
2022-07-26,일산선,정발산,7132,7171,14303,-39,7,26,화
2022-07-26,일산선,주엽,9613,9605,19218,8,7,26,화
2022-07-26,일산선,대화,13263,10344,23607,2919,7,26,화
2022-07-26,장항선,봉명,1242,1214,2456,28,7,26,화
2022-07-26,장항선,쌍용(나사렛대),2065,1854,3919,211,7,26,화
2022-07-26,장항선,아산,3065,2741,5806,324,7,26,화
2022-07-26,장항선,탕정,890,785,1675,105,7,26,화
2022-07-26,장항선,배방,1082,1043,2125,39,7,26,화
2022-07-26,장항선,온양온천,3515,3664,7179,-149,7,26,화
2022-07-26,장항선,신창(순천향대),1074,1086,2160,-12,7,26,화
2022-07-26,중앙선,회기,23646,22740,46386,906,7,26,화
2022-07-26,중앙선,중랑,5863,5507,11370,356,7,26,화
2022-07-26,중앙선,상봉(시외버스터미널),5885,5857,11742,28,7,26,화
2022-07-26,중앙선,망우,7851,7648,15499,203,7,26,화
2022-07-26,중앙선,양원,2945,2835,5780,110,7,26,화
2022-07-26,중앙선,구리,13305,13522,26827,-217,7,26,화
2022-07-26,중앙선,도농,11310,10276,21586,1034,7,26,화
2022-07-26,중앙선,양정,745,617,1362,128,7,26,화
2022-07-26,중앙선,덕소,5666,5491,11157,175,7,26,화
2022-07-26,중앙선,도심,2404,1892,4296,512,7,26,화
2022-07-26,중앙선,팔당,798,864,1662,-66,7,26,화
2022-07-26,중앙선,운길산,738,719,1457,19,7,26,화
2022-07-26,중앙선,양수,2288,2242,4530,46,7,26,화
2022-07-26,중앙선,신원,207,185,392,22,7,26,화
2022-07-26,중앙선,국수,659,664,1323,-5,7,26,화
2022-07-26,중앙선,아신,606,591,1197,15,7,26,화
2022-07-26,중앙선,오빈,329,332,661,-3,7,26,화
2022-07-26,중앙선,양평,2868,2852,5720,16,7,26,화
2022-07-26,중앙선,원덕,402,378,780,24,7,26,화
2022-07-26,중앙선,용문,2144,2154,4298,-10,7,26,화
2022-07-26,중앙선,지평,97,84,181,13,7,26,화
2022-07-26,2호선,합정,31551,33620,65171,-2069,7,26,화
2022-07-26,2호선,홍대입구,58230,61199,119429,-2969,7,26,화
2022-07-26,2호선,신촌,35204,35754,70958,-550,7,26,화
2022-07-26,2호선,이대,13561,14595,28156,-1034,7,26,화
2022-07-26,2호선,아현,10517,9903,20420,614,7,26,화
2022-07-26,2호선,충정로(경기대입구),10253,10897,21150,-644,7,26,화
2022-07-26,2호선,용답,2697,2599,5296,98,7,26,화
2022-07-26,2호선,신답,1715,1935,3650,-220,7,26,화
2022-07-26,2호선,신설동,3205,3169,6374,36,7,26,화
2022-07-26,2호선,도림천,1364,1328,2692,36,7,26,화
2022-07-26,1호선,서울역,46582,44443,91025,2139,7,26,화
2022-07-26,1호선,시청,24549,25028,49577,-479,7,26,화
2022-07-26,1호선,종각,38309,37681,75990,628,7,26,화
2022-07-26,1호선,종로3가,26076,23811,49887,2265,7,26,화
2022-07-26,1호선,종로5가,23523,23436,46959,87,7,26,화
2022-07-26,1호선,동대문,10877,10463,21340,414,7,26,화
2022-07-26,1호선,신설동,13509,13479,26988,30,7,26,화
2022-07-26,1호선,제기동,16883,17186,34069,-303,7,26,화
2022-07-26,1호선,청량리(서울시립대입구),20365,20470,40835,-105,7,26,화
2022-07-26,1호선,동묘앞,7106,7270,14376,-164,7,26,화
2022-07-26,2호선,시청,25182,24693,49875,489,7,26,화
2022-07-26,2호선,을지로입구,43166,44465,87631,-1299,7,26,화
2022-07-26,2호선,을지로3가,25093,25032,50125,61,7,26,화
2022-07-26,2호선,을지로4가,14074,13961,28035,113,7,26,화
2022-07-26,2호선,양천구청,6913,7188,14101,-275,7,26,화
2022-07-26,2호선,동대문역사문화공원(DDP),12749,14263,27012,-1514,7,26,화
2022-07-26,2호선,신당,13928,14486,28414,-558,7,26,화
2022-07-26,2호선,상왕십리,14420,14005,28425,415,7,26,화
2022-07-26,2호선,왕십리(성동구청),15633,13231,28864,2402,7,26,화
2022-07-26,2호선,한양대,7177,7676,14853,-499,7,26,화
2022-07-26,2호선,뚝섬,23513,25595,49108,-2082,7,26,화
2022-07-26,2호선,성수,39592,43003,82595,-3411,7,26,화
2022-07-26,2호선,건대입구,34271,36950,71221,-2679,7,26,화
2022-07-26,2호선,구의(광진구청),23937,23692,47629,245,7,26,화
2022-07-26,2호선,강변(동서울터미널),31227,29608,60835,1619,7,26,화
2022-07-26,2호선,잠실나루,14691,14417,29108,274,7,26,화
2022-07-26,2호선,잠실(송파구청),77658,77349,155007,309,7,26,화
2022-07-26,2호선,잠실새내,21852,21792,43644,60,7,26,화
2022-07-26,2호선,종합운동장,10979,11535,22514,-556,7,26,화
2022-07-26,2호선,삼성(무역센터),56007,56698,112705,-691,7,26,화
2022-07-26,2호선,선릉,62249,55111,117360,7138,7,26,화
2022-07-26,2호선,역삼,57301,64890,122191,-7589,7,26,화
2022-07-26,2호선,강남,88300,85237,173537,3063,7,26,화
2022-07-26,2호선,교대(법원.검찰청),34469,38780,73249,-4311,7,26,화
2022-07-26,2호선,서초,22178,21609,43787,569,7,26,화
2022-07-26,2호선,방배,16032,16833,32865,-801,7,26,화
2022-07-26,2호선,사당,38361,42289,80650,-3928,7,26,화
2022-07-26,2호선,낙성대(강감찬),27819,27037,54856,782,7,26,화
2022-07-26,2호선,서울대입구(관악구청),47058,46502,93560,556,7,26,화
2022-07-26,2호선,봉천,24600,22869,47469,1731,7,26,화
2022-07-26,2호선,신림,58777,56741,115518,2036,7,26,화
2022-07-26,3호선,신사,30212,31404,61616,-1192,7,26,화
2022-07-26,3호선,잠원,4819,4670,9489,149,7,26,화
2022-07-26,3호선,고속터미널,42291,39866,82157,2425,7,26,화
2022-07-26,3호선,교대(법원.검찰청),14286,9538,23824,4748,7,26,화
2022-07-26,3호선,남부터미널(예술의전당),29970,30370,60340,-400,7,26,화
2022-07-26,3호선,양재(서초구청),37601,41296,78897,-3695,7,26,화
2022-07-26,3호선,매봉,12902,12300,25202,602,7,26,화
2022-07-26,3호선,도곡,5153,5061,10214,92,7,26,화
2022-07-26,3호선,대치,12393,12031,24424,362,7,26,화
2022-07-26,3호선,학여울,1730,1695,3425,35,7,26,화
2022-07-26,3호선,대청,10057,9336,19393,721,7,26,화
2022-07-26,3호선,일원,10474,10158,20632,316,7,26,화
2022-07-26,3호선,수서,16984,17386,34370,-402,7,26,화
2022-07-26,3호선,가락시장,9025,8775,17800,250,7,26,화
2022-07-26,3호선,경찰병원,7546,7504,15050,42,7,26,화
2022-07-26,3호선,오금,6417,5756,12173,661,7,26,화
2022-07-26,4호선,당고개,9197,8185,17382,1012,7,26,화
2022-07-26,4호선,상계,18885,17577,36462,1308,7,26,화
2022-07-26,5호선,화곡,29160,27184,56344,1976,7,26,화
2022-07-26,5호선,까치산,29183,27829,57012,1354,7,26,화
2022-07-26,5호선,신정(은행정),14083,11316,25399,2767,7,26,화
2022-07-26,5호선,목동,16866,18178,35044,-1312,7,26,화
2022-07-26,5호선,오목교(목동운동장앞),22307,23677,45984,-1370,7,26,화
2022-07-26,5호선,양평,7578,7491,15069,87,7,26,화
2022-07-26,5호선,영등포구청,4040,4173,8213,-133,7,26,화
2022-07-26,5호선,영등포시장,10370,10689,21059,-319,7,26,화
2022-07-26,5호선,신길,4380,4592,8972,-212,7,26,화
2022-07-26,5호선,여의도,30548,32442,62990,-1894,7,26,화
2022-07-26,5호선,여의나루,12644,13898,26542,-1254,7,26,화
2022-07-26,5호선,마포,14775,15161,29936,-386,7,26,화
2022-07-26,5호선,공덕,15068,15790,30858,-722,7,26,화
2022-07-26,5호선,애오개,6992,7027,14019,-35,7,26,화
2022-07-26,5호선,충정로(경기대입구),4810,4900,9710,-90,7,26,화
2022-07-26,5호선,서대문,20333,20913,41246,-580,7,26,화
2022-07-26,5호선,광화문(세종문화회관),32255,33791,66046,-1536,7,26,화
2022-07-26,5호선,종로3가,13489,13148,26637,341,7,26,화
2022-07-26,5호선,을지로4가,6429,6583,13012,-154,7,26,화
2022-07-26,5호선,동대문역사문화공원(DDP),3258,3854,7112,-596,7,26,화
2022-07-26,5호선,청구,3970,3680,7650,290,7,26,화
2022-07-26,5호선,신금호,6341,6583,12924,-242,7,26,화
2022-07-26,5호선,행당,8221,7370,15591,851,7,26,화
2022-07-26,5호선,왕십리(성동구청),4560,5192,9752,-632,7,26,화
2022-07-26,5호선,마장,5617,5283,10900,334,7,26,화
2022-07-26,5호선,답십리,16214,14815,31029,1399,7,26,화
2022-07-26,5호선,장한평,19037,18811,37848,226,7,26,화
2022-07-26,5호선,군자(능동),11223,12378,23601,-1155,7,26,화
2022-07-26,5호선,아차산(어린이대공원후문),14098,13948,28046,150,7,26,화
2022-07-26,5호선,광나루(장신대),13418,12140,25558,1278,7,26,화
2022-07-26,5호선,천호(풍납토성),18465,18475,36940,-10,7,26,화
2022-07-26,5호선,강동,18860,18053,36913,807,7,26,화
2022-07-26,5호선,길동,8107,8397,16504,-290,7,26,화
2022-07-26,5호선,굽은다리(강동구민회관앞),9927,9456,19383,471,7,26,화
2022-07-26,5호선,명일,8537,8720,17257,-183,7,26,화
2022-07-26,5호선,고덕,9527,9545,19072,-18,7,26,화
2022-07-26,5호선,상일동,15003,13893,28896,1110,7,26,화
2022-07-26,5호선,둔촌동,8271,8443,16714,-172,7,26,화
2022-07-26,5호선,올림픽공원(한국체대),4289,3610,7899,679,7,26,화
2022-07-26,5호선,방이,7111,7567,14678,-456,7,26,화
2022-07-26,5호선,오금,3694,3741,7435,-47,7,26,화
2022-07-26,5호선,개롱,6608,6785,13393,-177,7,26,화
2022-07-26,5호선,거여,10166,9636,19802,530,7,26,화
2022-07-26,5호선,마천,7104,6871,13975,233,7,26,화
2022-07-26,4호선,노원,18345,20848,39193,-2503,7,26,화
2022-07-26,4호선,창동,25215,26933,52148,-1718,7,26,화
2022-07-26,4호선,쌍문,28897,26802,55699,2095,7,26,화
2022-07-26,4호선,수유(강북구청),33478,33594,67072,-116,7,26,화
2022-07-26,4호선,미아(서울사이버대학),14750,14253,29003,497,7,26,화
2022-07-26,4호선,미아사거리,26822,26458,53280,364,7,26,화
2022-07-26,4호선,길음,20651,20082,40733,569,7,26,화
2022-07-26,4호선,성신여대입구(돈암),19330,18810,38140,520,7,26,화
2022-07-26,4호선,한성대입구(삼선교),12705,12430,25135,275,7,26,화
2022-07-26,4호선,혜화,32836,32956,65792,-120,7,26,화
2022-07-26,4호선,동대문,20848,21579,42427,-731,7,26,화
2022-07-26,5호선,강일,4557,4426,8983,131,7,26,화
2022-07-26,4호선,동대문역사문화공원(DDP),16076,14113,30189,1963,7,26,화
2022-07-26,4호선,충무로,26112,27581,53693,-1469,7,26,화
2022-07-26,4호선,명동,20131,20579,40710,-448,7,26,화
2022-07-26,4호선,회현(남대문시장),25231,26352,51583,-1121,7,26,화
2022-07-26,4호선,서울역,12010,18191,30201,-6181,7,26,화
2022-07-26,4호선,숙대입구(갈월),12924,12620,25544,304,7,26,화
2022-07-26,4호선,삼각지,5326,5893,11219,-567,7,26,화
2022-07-26,4호선,신용산,18295,19139,37434,-844,7,26,화
2022-07-26,4호선,이촌(국립중앙박물관),9361,10182,19543,-821,7,26,화
2022-07-26,4호선,동작(현충원),1270,1383,2653,-113,7,26,화
2022-07-26,4호선,총신대입구(이수),19034,20440,39474,-1406,7,26,화
2022-07-26,4호선,사당,25920,21408,47328,4512,7,26,화
2022-07-26,4호선,남태령,1319,1191,2510,128,7,26,화
2022-07-26,5호선,방화,6724,6477,13201,247,7,26,화
2022-07-26,5호선,개화산,5841,5494,11335,347,7,26,화
2022-07-26,5호선,김포공항,7788,7605,15393,183,7,26,화
2022-07-26,5호선,송정,6681,6164,12845,517,7,26,화
2022-07-26,5호선,마곡,11052,11215,22267,-163,7,26,화
2022-07-26,5호선,발산,21355,22203,43558,-848,7,26,화
2022-07-26,2호선,신대방,25844,25423,51267,421,7,26,화
2022-07-26,2호선,구로디지털단지,62053,62021,124074,32,7,26,화
2022-07-26,2호선,대림(구로구청),24002,24272,48274,-270,7,26,화
2022-07-26,2호선,신도림,47477,46990,94467,487,7,26,화
2022-07-26,2호선,문래,22926,23424,46350,-498,7,26,화
2022-07-26,2호선,영등포구청,22451,23161,45612,-710,7,26,화
2022-07-26,5호선,우장산,14464,14318,28782,146,7,26,화
2022-07-26,2호선,당산,18228,21460,39688,-3232,7,26,화
2022-07-26,분당선,기흥,10456,9842,20298,614,7,26,화
2022-07-26,분당선,상갈,5531,5404,10935,127,7,26,화
2022-07-26,분당선,청명,4251,4097,8348,154,7,26,화
2022-07-26,분당선,영통,8169,8272,16441,-103,7,26,화
2022-07-26,분당선,망포,15043,14181,29224,862,7,26,화
2022-07-26,분당선,매탄권선,5121,4919,10040,202,7,26,화
2022-07-26,분당선,수원시청,13032,13833,26865,-801,7,26,화
2022-07-26,분당선,매교,2803,2838,5641,-35,7,26,화
2022-07-26,수인선,고색,4996,4694,9690,302,7,26,화
2022-07-26,수인선,오목천,3020,2778,5798,242,7,26,화
2022-07-26,수인선,어천,808,766,1574,42,7,26,화
2022-07-26,수인선,야목,416,314,730,102,7,26,화
2022-07-26,수인선,사리,4860,4178,9038,682,7,26,화
2022-07-26,수인선,달월,119,86,205,33,7,26,화
2022-07-26,5호선,미사,16347,16724,33071,-377,7,26,화
2022-07-26,5호선,하남풍산,4336,4319,8655,17,7,26,화
2022-07-26,5호선,하남시청(덕풍·신장),6976,6726,13702,250,7,26,화
2022-07-26,5호선,하남검단산,5893,5551,11444,342,7,26,화
2022-07-26,6호선,응암,17598,17484,35082,114,7,26,화
2022-07-26,6호선,역촌,4017,4239,8256,-222,7,26,화
2022-07-26,6호선,불광,4559,4327,8886,232,7,26,화
2022-07-26,6호선,독바위,2831,2933,5764,-102,7,26,화
2022-07-26,6호선,구산,7692,6001,13693,1691,7,26,화
2022-07-26,6호선,새절(신사),12446,11505,23951,941,7,26,화
2022-07-26,6호선,증산(명지대앞),10071,9846,19917,225,7,26,화
2022-07-26,6호선,디지털미디어시티,14864,16445,31309,-1581,7,26,화
2022-07-26,6호선,월드컵경기장(성산),4296,4635,8931,-339,7,26,화
2022-07-26,6호선,마포구청,14710,13281,27991,1429,7,26,화
2022-07-26,6호선,망원,13878,14933,28811,-1055,7,26,화
2022-07-26,6호선,합정,13314,13131,26445,183,7,26,화
2022-07-26,6호선,상수,8579,9720,18299,-1141,7,26,화
2022-07-26,6호선,광흥창(서강),9425,9215,18640,210,7,26,화
2022-07-26,6호선,대흥(서강대앞),8433,8643,17076,-210,7,26,화
2022-07-26,6호선,공덕,18966,18384,37350,582,7,26,화
2022-07-26,6호선,효창공원앞,7106,6286,13392,820,7,26,화
2022-07-26,6호선,삼각지,7343,6349,13692,994,7,26,화
2022-07-26,6호선,녹사평(용산구청),4790,4832,9622,-42,7,26,화
2022-07-26,6호선,이태원,10081,10723,20804,-642,7,26,화
2022-07-26,6호선,한강진,8261,9506,17767,-1245,7,26,화
2022-07-26,6호선,버티고개,2124,2144,4268,-20,7,26,화
2022-07-26,6호선,약수,3805,3776,7581,29,7,26,화
2022-07-26,6호선,청구,3813,3915,7728,-102,7,26,화
2022-07-26,6호선,신당,8598,9002,17600,-404,7,26,화
2022-07-26,6호선,동묘앞,7853,8082,15935,-229,7,26,화
2022-07-26,6호선,창신,3441,2723,6164,718,7,26,화
2022-07-26,6호선,보문,7607,6793,14400,814,7,26,화
2022-07-26,6호선,안암(고대병원앞),10996,10774,21770,222,7,26,화
2022-07-26,6호선,고려대(종암),7961,7783,15744,178,7,26,화
2022-07-26,6호선,월곡(동덕여대),11791,11691,23482,100,7,26,화
2022-07-26,6호선,상월곡(한국과학기술연구원),6288,5493,11781,795,7,26,화
2022-07-26,6호선,돌곶이,9443,8930,18373,513,7,26,화
2022-07-26,6호선,석계,12085,12506,24591,-421,7,26,화
2022-07-26,6호선,태릉입구,5440,5949,11389,-509,7,26,화
2022-07-26,6호선,화랑대(서울여대입구),11483,8908,20391,2575,7,26,화
2022-07-26,6호선,봉화산(서울의료원),9069,8449,17518,620,7,26,화
2022-07-26,6호선,신내,1,0,1,1,7,26,화
2022-07-26,7호선,장암,2496,1035,3531,1461,7,26,화
2022-07-26,7호선,도봉산,9231,10585,19816,-1354,7,26,화
2022-07-26,7호선,수락산,13055,12871,25926,184,7,26,화
2022-07-26,7호선,마들,13035,12297,25332,738,7,26,화
2022-07-26,7호선,노원,20458,21479,41937,-1021,7,26,화
2022-07-26,7호선,중계,14205,12945,27150,1260,7,26,화
2022-07-26,7호선,하계,17760,16635,34395,1125,7,26,화
2022-07-26,7호선,공릉(서울과학기술대),11518,11430,22948,88,7,26,화
2022-07-26,7호선,태릉입구,8535,8034,16569,501,7,26,화
2022-07-26,7호선,먹골,10245,10182,20427,63,7,26,화
2022-07-26,7호선,중화,10756,10531,21287,225,7,26,화
2022-07-26,7호선,상봉(시외버스터미널),16994,15841,32835,1153,7,26,화
2022-07-26,7호선,면목,15167,14702,29869,465,7,26,화
2022-07-26,7호선,사가정,16019,15977,31996,42,7,26,화
2022-07-26,7호선,용마산(용마폭포공원),6005,5816,11821,189,7,26,화
2022-07-26,7호선,중곡,10714,10185,20899,529,7,26,화
2022-07-26,7호선,군자(능동),15400,12312,27712,3088,7,26,화
2022-07-26,7호선,어린이대공원(세종대),12564,12491,25055,73,7,26,화
2022-07-26,7호선,건대입구,12787,13088,25875,-301,7,26,화
2022-07-26,7호선,뚝섬유원지,9584,9162,18746,422,7,26,화
2022-07-26,7호선,청담,20903,23237,44140,-2334,7,26,화
2022-07-26,7호선,강남구청,17296,19331,36627,-2035,7,26,화
2022-07-26,7호선,학동,25341,26761,52102,-1420,7,26,화
2022-07-26,7호선,논현,19800,21041,40841,-1241,7,26,화
2022-07-26,7호선,반포,5852,5709,11561,143,7,26,화
2022-07-26,7호선,고속터미널,16224,13668,29892,2556,7,26,화
2022-07-26,7호선,내방,14995,15311,30306,-316,7,26,화
2022-07-26,7호선,이수,16330,16073,32403,257,7,26,화
2022-07-26,7호선,남성,11386,10666,22052,720,7,26,화
2022-07-26,7호선,숭실대입구(살피재),11960,12086,24046,-126,7,26,화
2022-07-26,7호선,상도,11010,10508,21518,502,7,26,화
2022-07-26,7호선,장승배기,9262,9132,18394,130,7,26,화
2022-07-26,7호선,신대방삼거리,15431,14678,30109,753,7,26,화
2022-07-26,7호선,보라매,7775,7873,15648,-98,7,26,화
2022-07-26,7호선,신풍,11976,11315,23291,661,7,26,화
2022-07-26,7호선,대림(구로구청),7901,8039,15940,-138,7,26,화
2022-07-26,7호선,남구로,16343,17192,33535,-849,7,26,화
2022-07-26,7호선,가산디지털단지,47280,47532,94812,-252,7,26,화
2022-07-26,7호선,철산,21532,21961,43493,-429,7,26,화
2022-07-26,7호선,광명사거리,21677,21583,43260,94,7,26,화
2022-07-26,7호선,천왕,11636,11195,22831,441,7,26,화
2022-07-26,7호선,온수(성공회대입구),10106,9149,19255,957,7,26,화
2022-07-26,8호선,암사,19360,17182,36542,2178,7,26,화
2022-07-26,8호선,천호(풍납토성),14845,17067,31912,-2222,7,26,화
2022-07-26,8호선,강동구청,10448,10887,21335,-439,7,26,화
2022-07-26,8호선,몽촌토성(평화의문),6167,6379,12546,-212,7,26,화
2022-07-26,8호선,잠실(송파구청),15248,17943,33191,-2695,7,26,화
2022-07-26,8호선,석촌,7836,8868,16704,-1032,7,26,화
2022-07-26,8호선,송파,8584,8622,17206,-38,7,26,화
2022-07-26,8호선,가락시장,7597,8481,16078,-884,7,26,화
2022-07-26,8호선,문정,22619,23815,46434,-1196,7,26,화
2022-07-26,8호선,장지,17357,16455,33812,902,7,26,화
2022-07-26,8호선,복정,9308,7867,17175,1441,7,26,화
2022-07-26,8호선,산성,5270,5291,10561,-21,7,26,화
2022-07-26,8호선,남한산성입구(성남법원.검찰청),13346,12106,25452,1240,7,26,화
2022-07-26,8호선,단대오거리,10347,10189,20536,158,7,26,화
2022-07-26,8호선,신흥,4373,4679,9052,-306,7,26,화
2022-07-26,8호선,수진,5266,4821,10087,445,7,26,화
2022-07-26,8호선,모란,4374,3409,7783,965,7,26,화
2022-07-26,8호선,남위례,5383,5566,10949,-183,7,26,화
2022-07-26,9호선,개화,2876,1961,4837,915,7,26,화
2022-07-26,수인선,월곶,2791,2656,5447,135,7,26,화
2022-07-26,9호선,김포공항,7554,10666,18220,-3112,7,26,화
2022-07-26,9호선,공항시장,3044,3286,6330,-242,7,26,화
2022-07-26,9호선,신방화,7026,6739,13765,287,7,26,화
2022-07-26,9호선,마곡나루(서울식물원),12843,12898,25741,-55,7,26,화
2022-07-26,9호선,양천향교,9908,10154,20062,-246,7,26,화
2022-07-26,9호선,가양,21894,21339,43233,555,7,26,화
2022-07-26,9호선,증미,7883,7684,15567,199,7,26,화
2022-07-26,9호선,등촌,12059,11638,23697,421,7,26,화
2022-07-26,9호선,염창,17877,17345,35222,532,7,26,화
2022-07-26,9호선,신목동,4411,3707,8118,704,7,26,화
2022-07-26,9호선,선유도,9154,8813,17967,341,7,26,화
2022-07-26,9호선,당산,19269,19555,38824,-286,7,26,화
2022-07-26,9호선,국회의사당,17892,18583,36475,-691,7,26,화
2022-07-26,9호선,여의도,30338,29294,59632,1044,7,26,화
2022-07-26,9호선,샛강,6396,6659,13055,-263,7,26,화
2022-07-26,9호선,노량진,25768,25033,50801,735,7,26,화
2022-07-26,9호선,노들,4721,3925,8646,796,7,26,화
2022-07-26,9호선,흑석(중앙대입구),8174,8633,16807,-459,7,26,화
2022-07-26,9호선,동작(현충원),1938,1513,3451,425,7,26,화
2022-07-26,9호선,구반포,1203,1257,2460,-54,7,26,화
2022-07-26,9호선,신반포,3670,3575,7245,95,7,26,화
2022-07-26,9호선,고속터미널,13204,16720,29924,-3516,7,26,화
2022-07-26,9호선,사평,3786,3621,7407,165,7,26,화
2022-07-26,9호선,신논현,31922,31614,63536,308,7,26,화
2022-07-26,9호선2~3단계,언주,11780,11867,23647,-87,7,26,화
2022-07-26,9호선2~3단계,선정릉,10714,11793,22507,-1079,7,26,화
2022-07-26,9호선2~3단계,삼성중앙,7782,8271,16053,-489,7,26,화
2022-07-26,9호선2~3단계,봉은사,18713,19241,37954,-528,7,26,화
2022-07-26,9호선2~3단계,종합운동장,4476,4491,8967,-15,7,26,화
2022-07-26,9호선2~3단계,삼전,7270,6954,14224,316,7,26,화
2022-07-26,9호선2~3단계,석촌고분,6489,6428,12917,61,7,26,화
2022-07-26,9호선2~3단계,석촌,8989,7884,16873,1105,7,26,화
2022-07-26,9호선2~3단계,송파나루,5438,5849,11287,-411,7,26,화
2022-07-26,9호선2~3단계,한성백제,2788,2481,5269,307,7,26,화
2022-07-26,9호선2~3단계,올림픽공원(한국체대),6628,6619,13247,9,7,26,화
2022-07-26,9호선2~3단계,둔촌오륜,975,928,1903,47,7,26,화
2022-07-26,9호선2~3단계,중앙보훈병원,11479,10106,21585,1373,7,26,화
2022-07-26,경강선,판교,5384,5374,10758,10,7,26,화
2022-07-26,경강선,이매,1187,989,2176,198,7,26,화
2022-07-26,경강선,삼동,2516,2338,4854,178,7,26,화
2022-07-26,경강선,경기광주,7993,7339,15332,654,7,26,화
2022-07-26,경강선,초월,3286,3192,6478,94,7,26,화
2022-07-26,경강선,곤지암,2162,2176,4338,-14,7,26,화
2022-07-26,경강선,신둔도예촌,1448,1401,2849,47,7,26,화
2022-07-26,경강선,이천,2671,2829,5500,-158,7,26,화
2022-07-26,경강선,부발,2038,2057,4095,-19,7,26,화
2022-07-26,경강선,세종대왕릉,368,339,707,29,7,26,화
2022-07-26,경강선,여주,2260,2371,4631,-111,7,26,화
2022-07-26,경부선,서울역,7236,2273,9509,4963,7,26,화
2022-07-26,경부선,남영,9352,9613,18965,-261,7,26,화
2022-07-26,경부선,용산,37015,37552,74567,-537,7,26,화
2022-07-26,경부선,노량진,7852,7596,15448,256,7,26,화
2022-07-26,경부선,대방,11356,12356,23712,-1000,7,26,화
2022-07-26,경부선,영등포,38584,39604,78188,-1020,7,26,화
2022-07-26,경부선,신도림,4124,4129,8253,-5,7,26,화
2022-07-26,경부선,신길,9004,7801,16805,1203,7,26,화
2022-07-26,경부선,구로,18457,18735,37192,-278,7,26,화
2022-07-26,경부선,가산디지털단지,18961,21926,40887,-2965,7,26,화
2022-07-26,경부선,금천구청,11621,11618,23239,3,7,26,화
2022-07-26,경부선,석수,9557,8522,18079,1035,7,26,화
2022-07-26,경부선,관악,7489,7209,14698,280,7,26,화
2022-07-26,경부선,안양,21481,21091,42572,390,7,26,화
2022-07-26,경부선,명학,9361,9271,18632,90,7,26,화
2022-07-26,경부선,금정,27700,27997,55697,-297,7,26,화
2022-07-26,경부선,군포,7718,7706,15424,12,7,26,화
2022-07-26,경부선,의왕,9020,9001,18021,19,7,26,화
2022-07-26,경부선,성균관대,14178,14000,28178,178,7,26,화
2022-07-26,경부선,화서,8471,8184,16655,287,7,26,화
2022-07-26,경부선,수원,33173,35507,68680,-2334,7,26,화
2022-07-26,경부선,독산,19127,19964,39091,-837,7,26,화
2022-07-26,경부선,세류,3202,2871,6073,331,7,26,화
2022-07-26,경부선,병점,14008,13949,27957,59,7,26,화
2022-07-26,경부선,세마,2902,2755,5657,147,7,26,화
2022-07-26,경부선,오산대,3561,3250,6811,311,7,26,화
2022-07-26,경부선,오산,9346,9425,18771,-79,7,26,화
2022-07-26,경부선,진위,1865,1680,3545,185,7,26,화
2022-07-26,경부선,송탄,4119,3954,8073,165,7,26,화
2022-07-26,경부선,서정리,6844,6616,13460,228,7,26,화
2022-07-26,경부선,평택지제,3831,3760,7591,71,7,26,화
2022-07-26,경부선,평택,11146,11052,22198,94,7,26,화
2022-07-26,경부선,성환,3247,3204,6451,43,7,26,화
2022-07-26,경부선,직산,867,847,1714,20,7,26,화
2022-07-26,경부선,두정,5208,5215,10423,-7,7,26,화
2022-07-26,경부선,천안,5113,5269,10382,-156,7,26,화
2022-07-26,경부선,당정,6291,5929,12220,362,7,26,화
2022-07-26,경부선,서동탄,1461,1285,2746,176,7,26,화
2022-07-26,경부선,광명,3494,3001,6495,493,7,26,화
2022-07-26,경원선,이촌(국립중앙박물관),3916,3006,6922,910,7,26,화
2022-07-26,경원선,서빙고,2171,1927,4098,244,7,26,화
2022-07-26,경원선,한남,4086,3890,7976,196,7,26,화
2022-07-26,경원선,옥수,32,21,53,11,7,26,화
2022-07-26,경원선,응봉,1883,1577,3460,306,7,26,화
2022-07-26,경원선,왕십리(성동구청),14416,16573,30989,-2157,7,26,화
2022-07-26,경원선,청량리(서울시립대입구),15614,16262,31876,-648,7,26,화
2022-07-26,경원선,외대앞,7165,7153,14318,12,7,26,화
2022-07-26,경원선,신이문,8450,7708,16158,742,7,26,화
2022-07-26,경원선,석계,7936,8937,16873,-1001,7,26,화
2022-07-26,경원선,광운대,7286,6907,14193,379,7,26,화
2022-07-26,경원선,월계,6367,6028,12395,339,7,26,화
2022-07-26,경원선,녹천,4869,3970,8839,899,7,26,화
2022-07-26,경원선,방학,9874,9676,19550,198,7,26,화
2022-07-26,경원선,도봉,5937,5798,11735,139,7,26,화
2022-07-26,경원선,도봉산,7772,4901,12673,2871,7,26,화
2022-07-26,경원선,망월사,7522,7636,15158,-114,7,26,화
2022-07-26,경원선,회룡,12976,12822,25798,154,7,26,화
2022-07-26,경원선,의정부,18196,18719,36915,-523,7,26,화
2022-07-26,경원선,가능,6932,6668,13600,264,7,26,화
2022-07-26,경원선,녹양,4613,4431,9044,182,7,26,화
2022-07-26,경원선,양주,7750,7272,15022,478,7,26,화
2022-07-26,경원선,덕계,3273,2926,6199,347,7,26,화
2022-07-26,경원선,덕정,5296,5088,10384,208,7,26,화
2022-07-26,경원선,지행,6599,6575,13174,24,7,26,화
2022-07-26,경원선,동두천중앙,3159,3070,6229,89,7,26,화
2022-07-26,경원선,보산,1512,1394,2906,118,7,26,화
2022-07-26,경원선,동두천,2245,2460,4705,-215,7,26,화
2022-07-26,경원선,소요산,3221,2869,6090,352,7,26,화
2022-07-26,경의선,서울역,4558,5987,10545,-1429,7,26,화
2022-07-26,경의선,신촌,891,1134,2025,-243,7,26,화
2022-07-26,경의선,효창공원앞,2992,3402,6394,-410,7,26,화
2022-07-26,경의선,공덕,3861,3291,7152,570,7,26,화
2022-07-26,경의선,서강대,2188,2025,4213,163,7,26,화
2022-07-26,경의선,홍대입구,1772,2101,3873,-329,7,26,화
2022-07-26,경의선,가좌,5516,5294,10810,222,7,26,화
2022-07-26,경의선,디지털미디어시티,2655,2463,5118,192,7,26,화
2022-07-26,경의선,수색,3198,3411,6609,-213,7,26,화
2022-07-26,경의선,화전,1705,1680,3385,25,7,26,화
2022-07-26,경의선,강매,3273,2903,6176,370,7,26,화
2022-07-26,경의선,행신,8336,8157,16493,179,7,26,화
2022-07-26,경의선,능곡,3906,3521,7427,385,7,26,화
2022-07-26,경의선,곡산,646,637,1283,9,7,26,화
2022-07-26,경의선,백마,7163,6845,14008,318,7,26,화
2022-07-26,경의선,풍산,5838,5411,11249,427,7,26,화
2022-07-26,경의선,일산,9322,9074,18396,248,7,26,화
2022-07-26,경의선,탄현,8180,7750,15930,430,7,26,화
2022-07-26,경의선,야당,8030,7888,15918,142,7,26,화
2022-07-26,경의선,운정,7201,6517,13718,684,7,26,화
2022-07-26,경의선,금릉,4922,4759,9681,163,7,26,화
2022-07-26,경의선,금촌,6639,6484,13123,155,7,26,화
2022-07-26,경의선,월롱,2713,2560,5273,153,7,26,화
2022-07-26,경의선,파주,1035,770,1805,265,7,26,화
2022-07-26,경의선,문산,5296,5262,10558,34,7,26,화
2022-07-26,경의선,임진강,39,17,56,22,7,26,화
2022-07-26,경인선,개봉,21524,21104,42628,420,7,26,화
2022-07-26,경인선,오류동,11937,11134,23071,803,7,26,화
2022-07-26,경인선,역곡,27040,27087,54127,-47,7,26,화
2022-07-26,경인선,부천,31843,31870,63713,-27,7,26,화
2022-07-26,경인선,송내,28130,27766,55896,364,7,26,화
2022-07-26,경인선,부평,29032,30764,59796,-1732,7,26,화
2022-07-26,경인선,백운,6999,6820,13819,179,7,26,화
2022-07-26,경인선,동암,15823,15869,31692,-46,7,26,화
2022-07-26,경인선,주안,18854,17039,35893,1815,7,26,화
2022-07-26,경인선,제물포,10264,9747,20011,517,7,26,화
2022-07-26,경인선,동인천,13600,13009,26609,591,7,26,화
2022-07-26,경인선,인천,4057,3029,7086,1028,7,26,화
2022-07-26,경인선,구일,6273,6043,12316,230,7,26,화
2022-07-26,경인선,소사,8476,8409,16885,67,7,26,화
2022-07-26,경인선,부개,9042,8346,17388,696,7,26,화
2022-07-26,경인선,간석,6030,5707,11737,323,7,26,화
2022-07-26,경인선,도원,2902,2888,5790,14,7,26,화
2022-07-26,경인선,온수(성공회대입구),6676,6221,12897,455,7,26,화
2022-07-26,경인선,중동,9536,8947,18483,589,7,26,화
2022-07-26,경인선,도화,4224,3854,8078,370,7,26,화
2022-07-26,경춘선,신내,2205,2124,4329,81,7,26,화
2022-07-26,경춘선,갈매,3039,2616,5655,423,7,26,화
2022-07-26,경춘선,별내,3233,3103,6336,130,7,26,화
2022-07-26,경춘선,퇴계원,3596,3263,6859,333,7,26,화
2022-07-26,경춘선,사릉,2427,2324,4751,103,7,26,화
2022-07-26,경춘선,금곡,1497,1479,2976,18,7,26,화
2022-07-26,경춘선,평내호평,6354,6216,12570,138,7,26,화
2022-07-26,경춘선,천마산,1653,1477,3130,176,7,26,화
2022-07-26,경춘선,마석,3841,3775,7616,66,7,26,화
2022-07-26,경춘선,대성리,909,802,1711,107,7,26,화
2022-07-26,경춘선,청평,2210,2132,4342,78,7,26,화
2022-07-26,경춘선,상천,366,321,687,45,7,26,화
2022-07-26,경춘선,가평,3107,2846,5953,261,7,26,화
2022-07-26,경춘선,굴봉산,134,122,256,12,7,26,화
2022-07-26,경춘선,백양리,140,110,250,30,7,26,화
2022-07-26,경춘선,강촌,664,511,1175,153,7,26,화
2022-07-26,경춘선,김유정,414,388,802,26,7,26,화
2022-07-26,경춘선,남춘천,2473,2584,5057,-111,7,26,화
2022-07-26,경춘선,춘천,1540,1277,2817,263,7,26,화
2022-07-26,공항철도 1호선,서울역,8752,7889,16641,863,7,26,화
2022-07-26,공항철도 1호선,공덕,2523,3217,5740,-694,7,26,화
2022-07-26,공항철도 1호선,홍대입구,10490,10901,21391,-411,7,26,화
2022-07-26,공항철도 1호선,디지털미디어시티,15603,14510,30113,1093,7,26,화
2022-07-26,공항철도 1호선,마곡나루(서울식물원),10014,9403,19417,611,7,26,화
2022-07-26,공항철도 1호선,김포공항,10998,6540,17538,4458,7,26,화
2022-07-26,공항철도 1호선,계양,11464,10760,22224,704,7,26,화
2022-07-26,공항철도 1호선,검암,6915,6934,13849,-19,7,26,화
2022-07-26,공항철도 1호선,청라국제도시,7420,6881,14301,539,7,26,화
2022-07-26,공항철도 1호선,운서,8035,8179,16214,-144,7,26,화
2022-07-26,공항철도 1호선,공항화물청사,2379,2600,4979,-221,7,26,화
2022-07-26,공항철도 1호선,인천공항1터미널,7402,6951,14353,451,7,26,화
2022-07-26,공항철도 1호선,인천공항2터미널,3615,3227,6842,388,7,26,화
2022-07-26,공항철도 1호선,영종,3663,3662,7325,1,7,26,화
2022-07-26,과천선,선바위,8035,7089,15124,946,7,26,화
2022-07-26,과천선,경마공원,1436,1463,2899,-27,7,26,화
2022-07-26,과천선,대공원,3385,3495,6880,-110,7,26,화
2022-07-26,과천선,과천,6700,6205,12905,495,7,26,화
2022-07-26,과천선,정부과천청사,11513,11553,23066,-40,7,26,화
2022-07-26,과천선,인덕원,24768,25681,50449,-913,7,26,화
2022-07-26,과천선,평촌,18293,18025,36318,268,7,26,화
2022-07-26,과천선,범계,26283,26437,52720,-154,7,26,화
2022-07-26,분당선,선릉,14813,22245,37058,-7432,7,26,화
2022-07-26,분당선,한티,16166,16981,33147,-815,7,26,화
2022-07-26,분당선,도곡,7173,7083,14256,90,7,26,화
2022-07-26,분당선,구룡,2166,2068,4234,98,7,26,화
2022-07-26,분당선,개포동,4135,4220,8355,-85,7,26,화
2022-07-26,분당선,대모산입구,4616,4245,8861,371,7,26,화
2022-07-26,분당선,수서,13911,14509,28420,-598,7,26,화
2022-07-26,분당선,복정,1,0,1,1,7,26,화
2022-07-26,분당선,수원,8134,6897,15031,1237,7,26,화
2022-07-26,분당선,서울숲,11883,12251,24134,-368,7,26,화
2022-07-26,분당선,압구정로데오,19738,21694,41432,-1956,7,26,화
2022-07-26,분당선,강남구청,9972,11459,21431,-1487,7,26,화
2022-07-26,분당선,선정릉,8518,9112,17630,-594,7,26,화
2022-07-26,분당선,가천대,6522,7200,13722,-678,7,26,화
2022-07-26,분당선,태평,13717,12962,26679,755,7,26,화
2022-07-26,분당선,모란,19699,19913,39612,-214,7,26,화
2022-07-26,분당선,야탑,26297,27424,53721,-1127,7,26,화
2022-07-26,분당선,서현,25675,26011,51686,-336,7,26,화
2022-07-26,분당선,수내,14300,14290,28590,10,7,26,화
2022-07-26,분당선,정자,18910,19949,38859,-1039,7,26,화
2022-07-26,분당선,미금,15923,16801,32724,-878,7,26,화
2022-07-26,분당선,오리,11993,9857,21850,2136,7,26,화
2022-07-26,분당선,이매,5571,5225,10796,346,7,26,화
2022-07-26,분당선,보정,2670,2264,4934,406,7,26,화
2022-07-27,경춘선,평내호평,6482,6150,12632,332,7,27,수
2022-07-27,중앙선,지평,82,76,158,6,7,27,수
2022-07-27,중앙선,용문,2072,2092,4164,-20,7,27,수
2022-07-27,중앙선,원덕,377,353,730,24,7,27,수
2022-07-27,중앙선,양평,2845,2857,5702,-12,7,27,수
2022-07-27,중앙선,오빈,300,286,586,14,7,27,수
2022-07-27,중앙선,아신,582,536,1118,46,7,27,수
2022-07-27,중앙선,국수,703,686,1389,17,7,27,수
2022-07-27,중앙선,신원,194,167,361,27,7,27,수
2022-07-27,중앙선,양수,2091,2101,4192,-10,7,27,수
2022-07-27,중앙선,운길산,696,681,1377,15,7,27,수
2022-07-27,중앙선,팔당,876,940,1816,-64,7,27,수
2022-07-27,중앙선,도심,2390,1887,4277,503,7,27,수
2022-07-27,중앙선,덕소,5568,5445,11013,123,7,27,수
2022-07-27,중앙선,양정,734,632,1366,102,7,27,수
2022-07-27,중앙선,도농,11056,9900,20956,1156,7,27,수
2022-07-27,중앙선,구리,13532,13421,26953,111,7,27,수
2022-07-27,중앙선,양원,3036,2850,5886,186,7,27,수
2022-07-27,중앙선,망우,7783,7762,15545,21,7,27,수
2022-07-27,중앙선,상봉(시외버스터미널),5786,5705,11491,81,7,27,수
2022-07-27,중앙선,중랑,5757,5427,11184,330,7,27,수
2022-07-27,중앙선,회기,23641,19970,43611,3671,7,27,수
2022-07-27,장항선,신창(순천향대),1168,1122,2290,46,7,27,수
2022-07-27,장항선,온양온천,3533,3600,7133,-67,7,27,수
2022-07-27,장항선,배방,1052,1040,2092,12,7,27,수
2022-07-27,장항선,탕정,862,803,1665,59,7,27,수
2022-07-27,장항선,아산,3159,2813,5972,346,7,27,수
2022-07-27,장항선,쌍용(나사렛대),2114,1885,3999,229,7,27,수
2022-07-27,장항선,봉명,1335,1317,2652,18,7,27,수
2022-07-27,일산선,대화,13112,10258,23370,2854,7,27,수
2022-07-27,일산선,주엽,9835,9589,19424,246,7,27,수
2022-07-27,일산선,정발산,7333,7436,14769,-103,7,27,수
2022-07-27,일산선,마두,7960,8274,16234,-314,7,27,수
2022-07-27,일산선,백석,9788,9713,19501,75,7,27,수
2022-07-27,일산선,대곡,2191,1804,3995,387,7,27,수
2022-07-27,일산선,화정,16779,17100,33879,-321,7,27,수
2022-07-27,일산선,원당,11220,10516,21736,704,7,27,수
2022-07-27,일산선,삼송,19934,19204,39138,730,7,27,수
2022-07-27,일산선,지축,1,0,1,1,7,27,수
2022-07-27,일산선,원흥,11337,10701,22038,636,7,27,수
2022-07-27,우이신설선,신설동,2154,2098,4252,56,7,27,수
2022-07-27,우이신설선,보문,1377,1467,2844,-90,7,27,수
2022-07-27,우이신설선,성신여대입구(돈암),3266,3706,6972,-440,7,27,수
2022-07-27,우이신설선,정릉,4673,4139,8812,534,7,27,수
2022-07-27,우이신설선,북한산보국문,5822,5544,11366,278,7,27,수
2022-07-27,우이신설선,솔샘,5976,5491,11467,485,7,27,수
2022-07-27,우이신설선,삼양사거리,2504,2430,4934,74,7,27,수
2022-07-27,우이신설선,삼양,2040,2177,4217,-137,7,27,수
2022-07-27,우이신설선,화계,3435,3261,6696,174,7,27,수
2022-07-27,우이신설선,가오리,4294,4226,8520,68,7,27,수
2022-07-27,우이신설선,4.19민주묘지,2812,2644,5456,168,7,27,수
2022-07-27,우이신설선,솔밭공원,2544,2434,4978,110,7,27,수
2022-07-27,우이신설선,북한산우이,2927,2625,5552,302,7,27,수
2022-07-27,안산선,수리산,4092,3377,7469,715,7,27,수
2022-07-27,안산선,오이도,8792,8398,17190,394,7,27,수
2022-07-27,안산선,정왕,7787,8295,16082,-508,7,27,수
2022-07-27,안산선,신길온천,1841,1712,3553,129,7,27,수
2022-07-27,안산선,안산,11735,10752,22487,983,7,27,수
2022-07-27,안산선,초지,4806,4837,9643,-31,7,27,수
2022-07-27,안산선,고잔,8743,8431,17174,312,7,27,수
2022-07-27,안산선,중앙,18165,18940,37105,-775,7,27,수
2022-07-27,안산선,한대앞,8828,8769,17597,59,7,27,수
2022-07-27,안산선,상록수,15274,15530,30804,-256,7,27,수
2022-07-27,안산선,반월,4258,4158,8416,100,7,27,수
2022-07-27,안산선,대야미,5006,4436,9442,570,7,27,수
2022-07-27,안산선,산본,16280,17288,33568,-1008,7,27,수
2022-07-27,신림선,관악산(서울대),3175,3085,6260,90,7,27,수
2022-07-27,신림선,서울대벤처타운,6281,6312,12593,-31,7,27,수
2022-07-27,신림선,서원,2883,2542,5425,341,7,27,수
2022-07-27,신림선,신림,1627,2294,3921,-667,7,27,수
2022-07-27,신림선,당곡,3794,3720,7514,74,7,27,수
2022-07-27,신림선,보라매병원,6614,6874,13488,-260,7,27,수
2022-07-27,신림선,보라매공원,1820,1898,3718,-78,7,27,수
2022-07-27,신림선,보라매,2788,2542,5330,246,7,27,수
2022-07-27,신림선,서울지방병무청,2119,2306,4425,-187,7,27,수
2022-07-27,신림선,대방,1998,1583,3581,415,7,27,수
2022-07-27,신림선,샛강,2219,2637,4856,-418,7,27,수
2022-07-27,수인선,인천,1156,1849,3005,-693,7,27,수
2022-07-27,수인선,신포,1812,1784,3596,28,7,27,수
2022-07-27,수인선,숭의,3990,3705,7695,285,7,27,수
2022-07-27,수인선,인하대,5720,5352,11072,368,7,27,수
2022-07-27,수인선,송도,2290,2142,4432,148,7,27,수
2022-07-27,수인선,연수,4510,4505,9015,5,7,27,수
2022-07-27,수인선,원인재,4290,4410,8700,-120,7,27,수
2022-07-27,수인선,남동인더스파크,2356,2627,4983,-271,7,27,수
2022-07-27,수인선,호구포,4231,4442,8673,-211,7,27,수
2022-07-27,수인선,인천논현,5653,5905,11558,-252,7,27,수
2022-07-27,수인선,소래포구,4959,4587,9546,372,7,27,수
2022-07-27,수인선,월곶,3003,2855,5858,148,7,27,수
2022-07-27,수인선,달월,115,74,189,41,7,27,수
2022-07-27,수인선,사리,4777,4087,8864,690,7,27,수
2022-07-27,수인선,야목,437,340,777,97,7,27,수
2022-07-27,수인선,어천,802,781,1583,21,7,27,수
2022-07-27,수인선,오목천,3000,2757,5757,243,7,27,수
2022-07-27,수인선,고색,5067,4614,9681,453,7,27,수
2022-07-27,분당선,매교,2801,2864,5665,-63,7,27,수
2022-07-27,분당선,수원시청,12790,14019,26809,-1229,7,27,수
2022-07-27,분당선,매탄권선,5134,4868,10002,266,7,27,수
2022-07-27,분당선,망포,14892,14089,28981,803,7,27,수
2022-07-27,분당선,영통,8146,8239,16385,-93,7,27,수
2022-07-27,분당선,청명,4242,4045,8287,197,7,27,수
2022-07-27,분당선,상갈,5495,5284,10779,211,7,27,수
2022-07-27,분당선,기흥,10504,9985,20489,519,7,27,수
2022-07-27,분당선,신갈,4839,4762,9601,77,7,27,수
2022-07-27,분당선,구성,5116,5388,10504,-272,7,27,수
2022-07-27,분당선,죽전,13026,14377,27403,-1351,7,27,수
2022-07-27,분당선,보정,2559,2295,4854,264,7,27,수
2022-07-27,분당선,이매,5449,5215,10664,234,7,27,수
2022-07-27,분당선,오리,12033,9937,21970,2096,7,27,수
2022-07-27,분당선,미금,15722,16652,32374,-930,7,27,수
2022-07-27,분당선,정자,18923,19937,38860,-1014,7,27,수
2022-07-27,분당선,수내,14266,14098,28364,168,7,27,수
2022-07-27,분당선,서현,25047,25528,50575,-481,7,27,수
2022-07-27,분당선,야탑,26558,27742,54300,-1184,7,27,수
2022-07-27,분당선,모란,19339,19655,38994,-316,7,27,수
2022-07-27,분당선,태평,13621,13070,26691,551,7,27,수
2022-07-27,분당선,가천대,6220,6925,13145,-705,7,27,수
2022-07-27,분당선,선정릉,8114,8766,16880,-652,7,27,수
2022-07-27,분당선,강남구청,9898,11315,21213,-1417,7,27,수
2022-07-27,분당선,압구정로데오,19421,21779,41200,-2358,7,27,수
2022-07-27,분당선,서울숲,11853,12057,23910,-204,7,27,수
2022-07-27,분당선,수원,8125,6863,14988,1262,7,27,수
2022-07-27,분당선,복정,1,0,1,1,7,27,수
2022-07-27,분당선,수서,13945,14299,28244,-354,7,27,수
2022-07-27,분당선,대모산입구,4619,4215,8834,404,7,27,수
2022-07-27,분당선,개포동,4027,4226,8253,-199,7,27,수
2022-07-27,분당선,구룡,2157,2040,4197,117,7,27,수
2022-07-27,분당선,도곡,7187,6997,14184,190,7,27,수
2022-07-27,분당선,한티,15737,16694,32431,-957,7,27,수
2022-07-27,분당선,선릉,14512,21802,36314,-7290,7,27,수
2022-07-27,과천선,범계,26668,26461,53129,207,7,27,수
2022-07-27,과천선,평촌,17765,17559,35324,206,7,27,수
2022-07-27,과천선,인덕원,23970,25108,49078,-1138,7,27,수
2022-07-27,과천선,정부과천청사,11252,11191,22443,61,7,27,수
2022-07-27,과천선,과천,6579,6108,12687,471,7,27,수
2022-07-27,과천선,대공원,3267,3374,6641,-107,7,27,수
2022-07-27,과천선,경마공원,1288,1392,2680,-104,7,27,수
2022-07-27,과천선,선바위,7870,6897,14767,973,7,27,수
2022-07-27,공항철도 1호선,영종,3740,3736,7476,4,7,27,수
2022-07-27,공항철도 1호선,인천공항2터미널,3828,3533,7361,295,7,27,수
2022-07-27,공항철도 1호선,인천공항1터미널,8048,7771,15819,277,7,27,수
2022-07-27,공항철도 1호선,공항화물청사,2412,2614,5026,-202,7,27,수
2022-07-27,공항철도 1호선,운서,7970,8028,15998,-58,7,27,수
2022-07-27,공항철도 1호선,청라국제도시,7363,6854,14217,509,7,27,수
2022-07-27,공항철도 1호선,검암,6932,6765,13697,167,7,27,수
2022-07-27,공항철도 1호선,계양,11587,10602,22189,985,7,27,수
2022-07-27,공항철도 1호선,김포공항,10881,6242,17123,4639,7,27,수
2022-07-27,공항철도 1호선,마곡나루(서울식물원),9700,9142,18842,558,7,27,수
2022-07-27,공항철도 1호선,디지털미디어시티,15068,14006,29074,1062,7,27,수
2022-07-27,공항철도 1호선,홍대입구,11037,11340,22377,-303,7,27,수
2022-07-27,공항철도 1호선,공덕,2477,3271,5748,-794,7,27,수
2022-07-27,공항철도 1호선,서울역,9093,8447,17540,646,7,27,수
2022-07-27,경춘선,춘천,1420,1333,2753,87,7,27,수
2022-07-27,경춘선,남춘천,2991,3013,6004,-22,7,27,수
2022-07-27,경춘선,김유정,329,352,681,-23,7,27,수
2022-07-27,경춘선,강촌,483,443,926,40,7,27,수
2022-07-27,경춘선,백양리,138,122,260,16,7,27,수
2022-07-27,경춘선,굴봉산,185,158,343,27,7,27,수
2022-07-27,경춘선,가평,3012,2946,5958,66,7,27,수
2022-07-27,경춘선,상천,323,339,662,-16,7,27,수
2022-07-27,경춘선,청평,2176,1963,4139,213,7,27,수
2022-07-27,경춘선,대성리,918,936,1854,-18,7,27,수
2022-07-27,경춘선,마석,3904,3915,7819,-11,7,27,수
2022-07-27,경춘선,천마산,1653,1550,3203,103,7,27,수
2022-07-27,경춘선,금곡,1514,1498,3012,16,7,27,수
2022-07-27,경춘선,사릉,2443,2342,4785,101,7,27,수
2022-07-27,경춘선,퇴계원,3608,3192,6800,416,7,27,수
2022-07-27,경춘선,별내,3083,2930,6013,153,7,27,수
2022-07-27,경춘선,갈매,3024,2589,5613,435,7,27,수
2022-07-27,경춘선,신내,2240,2105,4345,135,7,27,수
2022-07-27,경인선,도화,4236,3962,8198,274,7,27,수
2022-07-27,경인선,중동,9493,8835,18328,658,7,27,수
2022-07-27,경인선,온수(성공회대입구),6455,6037,12492,418,7,27,수
2022-07-27,경인선,도원,2906,2895,5801,11,7,27,수
2022-07-27,경인선,간석,5901,5539,11440,362,7,27,수
2022-07-27,경인선,부개,8902,8199,17101,703,7,27,수
2022-07-27,경인선,소사,8175,8095,16270,80,7,27,수
2022-07-27,경인선,구일,6225,6130,12355,95,7,27,수
2022-07-27,경인선,인천,4092,3259,7351,833,7,27,수
2022-07-27,경인선,동인천,14445,13776,28221,669,7,27,수
2022-07-27,경인선,제물포,10257,9701,19958,556,7,27,수
2022-07-27,경인선,주안,18800,16981,35781,1819,7,27,수
2022-07-27,경인선,동암,15718,15448,31166,270,7,27,수
2022-07-27,경인선,백운,7009,6751,13760,258,7,27,수
2022-07-27,경인선,부평,29543,31686,61229,-2143,7,27,수
2022-07-27,경인선,송내,27438,27141,54579,297,7,27,수
2022-07-27,경인선,부천,32227,32337,64564,-110,7,27,수
2022-07-27,경인선,역곡,27146,26851,53997,295,7,27,수
2022-07-27,경인선,오류동,12065,11118,23183,947,7,27,수
2022-07-27,경인선,개봉,21520,21068,42588,452,7,27,수
2022-07-27,경의선,임진강,22,13,35,9,7,27,수
2022-07-27,경의선,문산,5299,5106,10405,193,7,27,수
2022-07-27,경의선,파주,1035,780,1815,255,7,27,수
2022-07-27,경의선,월롱,2861,2670,5531,191,7,27,수
2022-07-27,경의선,금촌,6575,6510,13085,65,7,27,수
2022-07-27,경의선,금릉,5039,4750,9789,289,7,27,수
2022-07-27,경의선,운정,7006,6336,13342,670,7,27,수
2022-07-27,경의선,야당,7991,7764,15755,227,7,27,수
2022-07-27,경의선,탄현,7965,7566,15531,399,7,27,수
2022-07-27,경의선,일산,9330,8938,18268,392,7,27,수
2022-07-27,경의선,풍산,5526,5060,10586,466,7,27,수
2022-07-27,경의선,백마,7187,6699,13886,488,7,27,수
2022-07-27,경의선,곡산,616,663,1279,-47,7,27,수
2022-07-27,경의선,능곡,3916,3601,7517,315,7,27,수
2022-07-27,경의선,행신,8373,8354,16727,19,7,27,수
2022-07-27,경의선,강매,3250,2752,6002,498,7,27,수
2022-07-27,경의선,화전,1699,1641,3340,58,7,27,수
2022-07-27,경의선,수색,2959,3130,6089,-171,7,27,수
2022-07-27,경의선,디지털미디어시티,2729,2427,5156,302,7,27,수
2022-07-27,경의선,가좌,5701,5415,11116,286,7,27,수
2022-07-27,경의선,홍대입구,1851,2243,4094,-392,7,27,수
2022-07-27,경의선,서강대,2183,2119,4302,64,7,27,수
2022-07-27,경의선,공덕,3912,3488,7400,424,7,27,수
2022-07-27,경의선,효창공원앞,3080,3437,6517,-357,7,27,수
2022-07-27,경의선,신촌,868,1189,2057,-321,7,27,수
2022-07-27,경의선,서울역,4580,6018,10598,-1438,7,27,수
2022-07-27,경원선,소요산,3151,2714,5865,437,7,27,수
2022-07-27,경원선,동두천,2122,2442,4564,-320,7,27,수
2022-07-27,경원선,보산,1478,1386,2864,92,7,27,수
2022-07-27,경원선,동두천중앙,3017,2903,5920,114,7,27,수
2022-07-27,경원선,지행,6679,6578,13257,101,7,27,수
2022-07-27,경원선,덕정,5248,5093,10341,155,7,27,수
2022-07-27,경원선,덕계,3313,2890,6203,423,7,27,수
2022-07-27,경원선,양주,7455,7114,14569,341,7,27,수
2022-07-27,경원선,녹양,4563,4303,8866,260,7,27,수
2022-07-27,경원선,가능,6806,6454,13260,352,7,27,수
2022-07-27,경원선,의정부,18729,19409,38138,-680,7,27,수
2022-07-27,경원선,회룡,12744,12560,25304,184,7,27,수
2022-07-27,경원선,망월사,7400,7662,15062,-262,7,27,수
2022-07-27,경원선,도봉산,7547,4913,12460,2634,7,27,수
2022-07-27,경원선,도봉,5940,5789,11729,151,7,27,수
2022-07-27,경원선,방학,9692,9590,19282,102,7,27,수
2022-07-27,경원선,녹천,4725,3999,8724,726,7,27,수
2022-07-27,경원선,월계,6338,5791,12129,547,7,27,수
2022-07-27,경원선,광운대,7109,6872,13981,237,7,27,수
2022-07-27,경원선,석계,8002,8905,16907,-903,7,27,수
2022-07-27,경원선,신이문,8535,7770,16305,765,7,27,수
2022-07-27,경원선,외대앞,7226,7239,14465,-13,7,27,수
2022-07-27,경원선,청량리(서울시립대입구),15671,16787,32458,-1116,7,27,수
2022-07-27,경원선,왕십리(성동구청),14878,16966,31844,-2088,7,27,수
2022-07-27,경원선,응봉,1887,1541,3428,346,7,27,수
2022-07-27,경원선,옥수,46,34,80,12,7,27,수
2022-07-27,경원선,한남,4160,3899,8059,261,7,27,수
2022-07-27,경원선,서빙고,2003,1869,3872,134,7,27,수
2022-07-27,경원선,이촌(국립중앙박물관),3895,2925,6820,970,7,27,수
2022-07-27,경부선,광명,3598,3167,6765,431,7,27,수
2022-07-27,경부선,서동탄,1547,1335,2882,212,7,27,수
2022-07-27,경부선,당정,6295,5782,12077,513,7,27,수
2022-07-27,경부선,천안,5158,5413,10571,-255,7,27,수
2022-07-27,경부선,두정,5333,5470,10803,-137,7,27,수
2022-07-27,경부선,직산,921,835,1756,86,7,27,수
2022-07-27,경부선,성환,3312,3349,6661,-37,7,27,수
2022-07-27,경부선,평택,11262,11189,22451,73,7,27,수
2022-07-27,경부선,평택지제,3717,3690,7407,27,7,27,수
2022-07-27,경부선,서정리,7131,6682,13813,449,7,27,수
2022-07-27,경부선,송탄,4105,4043,8148,62,7,27,수
2022-07-27,경부선,진위,1861,1667,3528,194,7,27,수
2022-07-27,경부선,오산,9601,9430,19031,171,7,27,수
2022-07-27,경부선,오산대,3451,3159,6610,292,7,27,수
2022-07-27,경부선,세마,2940,2689,5629,251,7,27,수
2022-07-27,경부선,병점,13984,13799,27783,185,7,27,수
2022-07-27,경부선,세류,3114,2822,5936,292,7,27,수
2022-07-27,경부선,독산,19116,19856,38972,-740,7,27,수
2022-07-27,경부선,수원,34041,36508,70549,-2467,7,27,수
2022-07-27,경부선,화서,8331,7846,16177,485,7,27,수
2022-07-27,경부선,성균관대,14197,13921,28118,276,7,27,수
2022-07-27,경부선,의왕,9150,9081,18231,69,7,27,수
2022-07-27,경부선,군포,7678,7464,15142,214,7,27,수
2022-07-27,경부선,금정,27617,27972,55589,-355,7,27,수
2022-07-27,경부선,명학,9114,9033,18147,81,7,27,수
2022-07-27,경부선,안양,21602,21378,42980,224,7,27,수
2022-07-27,경부선,관악,7493,7117,14610,376,7,27,수
2022-07-27,경부선,석수,9509,8390,17899,1119,7,27,수
2022-07-27,경부선,금천구청,11539,11720,23259,-181,7,27,수
2022-07-27,경부선,가산디지털단지,18580,21519,40099,-2939,7,27,수
2022-07-27,경부선,구로,18763,19132,37895,-369,7,27,수
2022-07-27,경부선,신길,8941,7570,16511,1371,7,27,수
2022-07-27,경부선,신도림,4113,4121,8234,-8,7,27,수
2022-07-27,경부선,영등포,39556,41297,80853,-1741,7,27,수
2022-07-27,경부선,대방,11528,12430,23958,-902,7,27,수
2022-07-27,경부선,노량진,7825,7520,15345,305,7,27,수
2022-07-27,경부선,용산,38888,40321,79209,-1433,7,27,수
2022-07-27,경부선,남영,9112,9715,18827,-603,7,27,수
2022-07-27,경부선,서울역,7956,2471,10427,5485,7,27,수
2022-07-27,경강선,여주,2362,2383,4745,-21,7,27,수
2022-07-27,경강선,세종대왕릉,352,344,696,8,7,27,수
2022-07-27,경강선,부발,2071,2090,4161,-19,7,27,수
2022-07-27,경강선,이천,2817,2923,5740,-106,7,27,수
2022-07-27,경강선,신둔도예촌,1536,1462,2998,74,7,27,수
2022-07-27,경강선,곤지암,2143,2150,4293,-7,7,27,수
2022-07-27,경강선,초월,3258,3028,6286,230,7,27,수
2022-07-27,경강선,경기광주,8078,7382,15460,696,7,27,수
2022-07-27,경강선,삼동,2521,2338,4859,183,7,27,수
2022-07-27,경강선,이매,1046,955,2001,91,7,27,수
2022-07-27,경강선,판교,5511,5569,11080,-58,7,27,수
2022-07-27,9호선2~3단계,중앙보훈병원,11455,10149,21604,1306,7,27,수
2022-07-27,9호선2~3단계,둔촌오륜,967,946,1913,21,7,27,수
2022-07-27,9호선2~3단계,올림픽공원(한국체대),6369,6264,12633,105,7,27,수
2022-07-27,9호선2~3단계,한성백제,2764,2399,5163,365,7,27,수
2022-07-27,9호선2~3단계,송파나루,5290,5766,11056,-476,7,27,수
2022-07-27,9호선2~3단계,석촌,8968,7790,16758,1178,7,27,수
2022-07-27,9호선2~3단계,석촌고분,6450,6349,12799,101,7,27,수
2022-07-27,9호선2~3단계,삼전,7142,6809,13951,333,7,27,수
2022-07-27,9호선2~3단계,종합운동장,4482,4427,8909,55,7,27,수
2022-07-27,9호선2~3단계,봉은사,19248,19596,38844,-348,7,27,수
2022-07-27,9호선2~3단계,삼성중앙,7627,8126,15753,-499,7,27,수
2022-07-27,9호선2~3단계,선정릉,10680,11550,22230,-870,7,27,수
2022-07-27,9호선2~3단계,언주,11341,11690,23031,-349,7,27,수
2022-07-27,9호선,신논현,32329,32099,64428,230,7,27,수
2022-07-27,9호선,사평,3783,3529,7312,254,7,27,수
2022-07-27,9호선,고속터미널,13075,17396,30471,-4321,7,27,수
2022-07-27,9호선,신반포,3596,3561,7157,35,7,27,수
2022-07-27,9호선,구반포,1183,1244,2427,-61,7,27,수
2022-07-27,9호선,동작(현충원),2022,1628,3650,394,7,27,수
2022-07-27,9호선,흑석(중앙대입구),8078,8435,16513,-357,7,27,수
2022-07-27,9호선,노들,4677,3917,8594,760,7,27,수
2022-07-27,9호선,노량진,26121,25505,51626,616,7,27,수
2022-07-27,9호선,샛강,6601,6707,13308,-106,7,27,수
2022-07-27,9호선,여의도,30861,29536,60397,1325,7,27,수
2022-07-27,9호선,국회의사당,17630,18396,36026,-766,7,27,수
2022-07-27,9호선,당산,19315,19184,38499,131,7,27,수
2022-07-27,9호선,선유도,9143,8758,17901,385,7,27,수
2022-07-27,9호선,신목동,4472,3832,8304,640,7,27,수
2022-07-27,9호선,염창,17992,17471,35463,521,7,27,수
2022-07-27,9호선,등촌,11805,11358,23163,447,7,27,수
2022-07-27,9호선,증미,7814,7712,15526,102,7,27,수
2022-07-27,9호선,가양,21610,21082,42692,528,7,27,수
2022-07-27,9호선,양천향교,9872,10110,19982,-238,7,27,수
2022-07-27,9호선,마곡나루(서울식물원),12793,12842,25635,-49,7,27,수
2022-07-27,9호선,신방화,6857,6671,13528,186,7,27,수
2022-07-27,9호선,공항시장,3072,3323,6395,-251,7,27,수
2022-07-27,9호선,김포공항,7483,10754,18237,-3271,7,27,수
2022-07-27,9호선,개화,2731,1839,4570,892,7,27,수
2022-07-27,8호선,남위례,5427,5635,11062,-208,7,27,수
2022-07-27,8호선,모란,4403,3333,7736,1070,7,27,수
2022-07-27,8호선,수진,5336,4787,10123,549,7,27,수
2022-07-27,8호선,신흥,4253,4780,9033,-527,7,27,수
2022-07-27,8호선,단대오거리,10601,10261,20862,340,7,27,수
2022-07-27,8호선,남한산성입구(성남법원.검찰청),13227,11967,25194,1260,7,27,수
2022-07-27,8호선,산성,5293,5269,10562,24,7,27,수
2022-07-27,8호선,복정,9212,7664,16876,1548,7,27,수
2022-07-27,8호선,장지,17334,16612,33946,722,7,27,수
2022-07-27,8호선,문정,22298,23499,45797,-1201,7,27,수
2022-07-27,8호선,가락시장,7680,8395,16075,-715,7,27,수
2022-07-27,8호선,송파,8488,8447,16935,41,7,27,수
2022-07-27,8호선,석촌,7856,8868,16724,-1012,7,27,수
2022-07-27,8호선,잠실(송파구청),15423,18055,33478,-2632,7,27,수
2022-07-27,8호선,몽촌토성(평화의문),6156,6352,12508,-196,7,27,수
2022-07-27,8호선,강동구청,10325,10790,21115,-465,7,27,수
2022-07-27,8호선,천호(풍납토성),14880,16961,31841,-2081,7,27,수
2022-07-27,8호선,암사,19149,16704,35853,2445,7,27,수
2022-07-27,7호선,온수(성공회대입구),10067,9161,19228,906,7,27,수
2022-07-27,7호선,천왕,11557,10871,22428,686,7,27,수
2022-07-27,7호선,광명사거리,21574,21526,43100,48,7,27,수
2022-07-27,7호선,철산,21444,21738,43182,-294,7,27,수
2022-07-27,7호선,가산디지털단지,46554,46601,93155,-47,7,27,수
2022-07-27,7호선,남구로,15854,16762,32616,-908,7,27,수
2022-07-27,7호선,대림(구로구청),7902,8281,16183,-379,7,27,수
2022-07-27,7호선,신풍,12020,11450,23470,570,7,27,수
2022-07-27,7호선,보라매,7769,7813,15582,-44,7,27,수
2022-07-27,7호선,신대방삼거리,15348,14599,29947,749,7,27,수
2022-07-27,7호선,장승배기,9475,9158,18633,317,7,27,수
2022-07-27,7호선,상도,11006,10497,21503,509,7,27,수
2022-07-27,7호선,숭실대입구(살피재),11942,12008,23950,-66,7,27,수
2022-07-27,7호선,남성,11177,10399,21576,778,7,27,수
2022-07-27,7호선,이수,16467,16174,32641,293,7,27,수
2022-07-27,7호선,내방,15059,15449,30508,-390,7,27,수
2022-07-27,7호선,고속터미널,16024,13645,29669,2379,7,27,수
2022-07-27,7호선,반포,6009,5738,11747,271,7,27,수
2022-07-27,7호선,논현,19544,20552,40096,-1008,7,27,수
2022-07-27,7호선,학동,25027,26368,51395,-1341,7,27,수
2022-07-27,7호선,강남구청,17126,19087,36213,-1961,7,27,수
2022-07-27,7호선,청담,20363,22596,42959,-2233,7,27,수
2022-07-27,7호선,뚝섬유원지,9490,9026,18516,464,7,27,수
2022-07-27,7호선,건대입구,12957,13219,26176,-262,7,27,수
2022-07-27,7호선,어린이대공원(세종대),12892,12798,25690,94,7,27,수
2022-07-27,7호선,군자(능동),15317,12407,27724,2910,7,27,수
2022-07-27,7호선,중곡,10835,10291,21126,544,7,27,수
2022-07-27,7호선,용마산(용마폭포공원),5965,5789,11754,176,7,27,수
2022-07-27,7호선,사가정,15803,15805,31608,-2,7,27,수
2022-07-27,7호선,면목,15005,14504,29509,501,7,27,수
2022-07-27,7호선,상봉(시외버스터미널),16825,15835,32660,990,7,27,수
2022-07-27,7호선,중화,10637,10483,21120,154,7,27,수
2022-07-27,7호선,먹골,10079,10073,20152,6,7,27,수
2022-07-27,7호선,태릉입구,8581,8079,16660,502,7,27,수
2022-07-27,7호선,공릉(서울과학기술대),11452,11339,22791,113,7,27,수
2022-07-27,7호선,하계,18061,17090,35151,971,7,27,수
2022-07-27,7호선,중계,14120,12704,26824,1416,7,27,수
2022-07-27,7호선,노원,20371,21743,42114,-1372,7,27,수
2022-07-27,7호선,마들,13217,12303,25520,914,7,27,수
2022-07-27,7호선,수락산,13004,12677,25681,327,7,27,수
2022-07-27,7호선,도봉산,9187,10267,19454,-1080,7,27,수
2022-07-27,7호선,장암,2485,1085,3570,1400,7,27,수
2022-07-27,6호선,신내,1,0,1,1,7,27,수
2022-07-27,6호선,봉화산(서울의료원),9090,8389,17479,701,7,27,수
2022-07-27,6호선,화랑대(서울여대입구),11391,8904,20295,2487,7,27,수
2022-07-27,6호선,태릉입구,5600,6026,11626,-426,7,27,수
2022-07-27,6호선,석계,12138,12269,24407,-131,7,27,수
2022-07-27,6호선,돌곶이,9424,8774,18198,650,7,27,수
2022-07-27,6호선,상월곡(한국과학기술연구원),6239,5630,11869,609,7,27,수
2022-07-27,6호선,월곡(동덕여대),11562,11379,22941,183,7,27,수
2022-07-27,6호선,고려대(종암),8054,7645,15699,409,7,27,수
2022-07-27,6호선,안암(고대병원앞),10485,10324,20809,161,7,27,수
2022-07-27,6호선,보문,7602,6787,14389,815,7,27,수
2022-07-27,6호선,창신,3493,2803,6296,690,7,27,수
2022-07-27,6호선,동묘앞,7888,8160,16048,-272,7,27,수
2022-07-27,6호선,신당,8311,8871,17182,-560,7,27,수
2022-07-27,6호선,청구,3747,3921,7668,-174,7,27,수
2022-07-27,6호선,약수,3660,3746,7406,-86,7,27,수
2022-07-27,6호선,버티고개,2098,2067,4165,31,7,27,수
2022-07-27,6호선,한강진,8821,9979,18800,-1158,7,27,수
2022-07-27,6호선,이태원,10456,11388,21844,-932,7,27,수
2022-07-27,6호선,녹사평(용산구청),5030,4997,10027,33,7,27,수
2022-07-27,6호선,삼각지,7615,6587,14202,1028,7,27,수
2022-07-27,6호선,효창공원앞,7084,6300,13384,784,7,27,수
2022-07-27,6호선,공덕,18985,18491,37476,494,7,27,수
2022-07-27,6호선,대흥(서강대앞),8203,8414,16617,-211,7,27,수
2022-07-27,6호선,광흥창(서강),9424,9042,18466,382,7,27,수
2022-07-27,6호선,상수,8783,10204,18987,-1421,7,27,수
2022-07-27,6호선,합정,13701,13369,27070,332,7,27,수
2022-07-27,6호선,망원,14042,15144,29186,-1102,7,27,수
2022-07-27,6호선,마포구청,14432,13060,27492,1372,7,27,수
2022-07-27,6호선,월드컵경기장(성산),4360,4687,9047,-327,7,27,수
2022-07-27,6호선,디지털미디어시티,14520,16150,30670,-1630,7,27,수
2022-07-27,6호선,증산(명지대앞),10065,9940,20005,125,7,27,수
2022-07-27,6호선,새절(신사),12457,11490,23947,967,7,27,수
2022-07-27,6호선,구산,7588,5896,13484,1692,7,27,수
2022-07-27,6호선,연신내,1,0,1,1,7,27,수
2022-07-27,6호선,독바위,2736,2810,5546,-74,7,27,수
2022-07-27,6호선,불광,4572,4524,9096,48,7,27,수
2022-07-27,6호선,역촌,3940,4346,8286,-406,7,27,수
2022-07-27,6호선,응암,17372,17162,34534,210,7,27,수
2022-07-27,5호선,하남검단산,5971,5727,11698,244,7,27,수
2022-07-27,5호선,하남시청(덕풍·신장),7022,6792,13814,230,7,27,수
2022-07-27,5호선,하남풍산,4201,4198,8399,3,7,27,수
2022-07-27,5호선,미사,16575,16912,33487,-337,7,27,수
2022-07-27,5호선,강일,4591,4361,8952,230,7,27,수
2022-07-27,5호선,마천,7177,6756,13933,421,7,27,수
2022-07-27,5호선,거여,10123,9551,19674,572,7,27,수
2022-07-27,5호선,개롱,6572,6757,13329,-185,7,27,수
2022-07-27,5호선,오금,3630,3614,7244,16,7,27,수
2022-07-27,5호선,방이,7249,7522,14771,-273,7,27,수
2022-07-27,5호선,올림픽공원(한국체대),4178,3550,7728,628,7,27,수
2022-07-27,5호선,둔촌동,8168,8262,16430,-94,7,27,수
2022-07-27,5호선,상일동,15180,13778,28958,1402,7,27,수
2022-07-27,5호선,고덕,9620,9570,19190,50,7,27,수
2022-07-27,5호선,명일,8503,8811,17314,-308,7,27,수
2022-07-27,5호선,굽은다리(강동구민회관앞),9925,9563,19488,362,7,27,수
2022-07-27,5호선,길동,8121,8340,16461,-219,7,27,수
2022-07-27,5호선,강동,18746,18030,36776,716,7,27,수
2022-07-27,5호선,천호(풍납토성),18626,18583,37209,43,7,27,수
2022-07-27,5호선,광나루(장신대),13099,11744,24843,1355,7,27,수
2022-07-27,5호선,아차산(어린이대공원후문),14001,13559,27560,442,7,27,수
2022-07-27,5호선,군자(능동),11237,12412,23649,-1175,7,27,수
2022-07-27,5호선,장한평,19254,19128,38382,126,7,27,수
2022-07-27,5호선,답십리,16189,14529,30718,1660,7,27,수
2022-07-27,5호선,마장,5637,5179,10816,458,7,27,수
2022-07-27,5호선,왕십리(성동구청),4490,5160,9650,-670,7,27,수
2022-07-27,5호선,행당,8094,7128,15222,966,7,27,수
2022-07-27,5호선,신금호,6348,6526,12874,-178,7,27,수
2022-07-27,5호선,청구,3934,3683,7617,251,7,27,수
2022-07-27,5호선,동대문역사문화공원(DDP),3341,3838,7179,-497,7,27,수
2022-07-27,5호선,을지로4가,6487,6629,13116,-142,7,27,수
2022-07-27,5호선,종로3가,13701,13346,27047,355,7,27,수
2022-07-27,5호선,광화문(세종문화회관),33412,35527,68939,-2115,7,27,수
2022-07-27,5호선,서대문,19919,20380,40299,-461,7,27,수
2022-07-27,5호선,충정로(경기대입구),4730,4796,9526,-66,7,27,수
2022-07-27,5호선,애오개,6862,6917,13779,-55,7,27,수
2022-07-27,5호선,공덕,15061,15489,30550,-428,7,27,수
2022-07-27,5호선,마포,14654,15050,29704,-396,7,27,수
2022-07-27,5호선,여의나루,12621,13944,26565,-1323,7,27,수
2022-07-27,5호선,여의도,30323,32504,62827,-2181,7,27,수
2022-07-27,5호선,신길,4420,4673,9093,-253,7,27,수
2022-07-27,5호선,영등포시장,10731,10931,21662,-200,7,27,수
2022-07-27,5호선,영등포구청,4197,4203,8400,-6,7,27,수
2022-07-27,5호선,양평,7680,7622,15302,58,7,27,수
2022-07-27,5호선,오목교(목동운동장앞),22198,23746,45944,-1548,7,27,수
2022-07-27,5호선,목동,16886,17875,34761,-989,7,27,수
2022-07-27,5호선,신정(은행정),14145,11517,25662,2628,7,27,수
2022-07-27,5호선,까치산,29385,27840,57225,1545,7,27,수
2022-07-27,5호선,화곡,29086,26957,56043,2129,7,27,수
2022-07-27,5호선,우장산,14469,14165,28634,304,7,27,수
2022-07-27,5호선,발산,20930,21858,42788,-928,7,27,수
2022-07-27,5호선,마곡,11176,11307,22483,-131,7,27,수
2022-07-27,5호선,송정,6590,6106,12696,484,7,27,수
2022-07-27,5호선,김포공항,7845,7723,15568,122,7,27,수
2022-07-27,5호선,개화산,5769,5417,11186,352,7,27,수
2022-07-27,5호선,방화,6750,6439,13189,311,7,27,수
2022-07-27,4호선,남태령,1231,1068,2299,163,7,27,수
2022-07-27,4호선,사당,25725,21370,47095,4355,7,27,수
2022-07-27,4호선,총신대입구(이수),18816,20203,39019,-1387,7,27,수
2022-07-27,4호선,동작(현충원),1355,1476,2831,-121,7,27,수
2022-07-27,4호선,이촌(국립중앙박물관),10302,11118,21420,-816,7,27,수
2022-07-27,4호선,신용산,18405,19444,37849,-1039,7,27,수
2022-07-27,4호선,삼각지,5355,6018,11373,-663,7,27,수
2022-07-27,4호선,숙대입구(갈월),12874,12412,25286,462,7,27,수
2022-07-27,4호선,서울역,12168,19049,31217,-6881,7,27,수
2022-07-27,4호선,회현(남대문시장),25596,26472,52068,-876,7,27,수
2022-07-27,4호선,명동,20980,21825,42805,-845,7,27,수
2022-07-27,4호선,충무로,26250,27799,54049,-1549,7,27,수
2022-07-27,4호선,동대문역사문화공원(DDP),16303,14755,31058,1548,7,27,수
2022-07-27,4호선,동대문,21131,21567,42698,-436,7,27,수
2022-07-27,4호선,혜화,36102,36146,72248,-44,7,27,수
2022-07-27,4호선,한성대입구(삼선교),12878,12395,25273,483,7,27,수
2022-07-27,4호선,성신여대입구(돈암),19646,18944,38590,702,7,27,수
2022-07-27,4호선,길음,20652,20066,40718,586,7,27,수
2022-07-27,4호선,미아사거리,26742,26189,52931,553,7,27,수
2022-07-27,4호선,미아(서울사이버대학),14637,13812,28449,825,7,27,수
2022-07-27,4호선,수유(강북구청),33302,33436,66738,-134,7,27,수
2022-07-27,4호선,쌍문,28857,26754,55611,2103,7,27,수
2022-07-27,4호선,창동,25276,26605,51881,-1329,7,27,수
2022-07-27,4호선,노원,18358,20864,39222,-2506,7,27,수
2022-07-27,4호선,상계,19000,17654,36654,1346,7,27,수
2022-07-27,4호선,당고개,8878,7828,16706,1050,7,27,수
2022-07-27,3호선,오금,6196,5604,11800,592,7,27,수
2022-07-27,3호선,경찰병원,7475,7515,14990,-40,7,27,수
2022-07-27,3호선,가락시장,8922,8633,17555,289,7,27,수
2022-07-27,3호선,수서,16949,17462,34411,-513,7,27,수
2022-07-27,3호선,일원,10417,10064,20481,353,7,27,수
2022-07-27,3호선,대청,9953,9252,19205,701,7,27,수
2022-07-27,3호선,학여울,1715,1671,3386,44,7,27,수
2022-07-27,3호선,대치,11834,11694,23528,140,7,27,수
2022-07-27,3호선,도곡,4995,5086,10081,-91,7,27,수
2022-07-27,3호선,매봉,12771,12184,24955,587,7,27,수
2022-07-27,3호선,양재(서초구청),37374,40670,78044,-3296,7,27,수
2022-07-27,3호선,남부터미널(예술의전당),29985,30525,60510,-540,7,27,수
2022-07-27,3호선,교대(법원.검찰청),14245,9324,23569,4921,7,27,수
2022-07-27,3호선,고속터미널,42389,40482,82871,1907,7,27,수
2022-07-27,3호선,잠원,4695,4566,9261,129,7,27,수
2022-07-27,3호선,신사,29490,30949,60439,-1459,7,27,수
2022-07-27,3호선,압구정,33193,35645,68838,-2452,7,27,수
2022-07-27,3호선,옥수,8857,9065,17922,-208,7,27,수
2022-07-27,3호선,금호,7882,7187,15069,695,7,27,수
2022-07-27,3호선,약수,12953,12597,25550,356,7,27,수
2022-07-27,3호선,동대입구,10848,11221,22069,-373,7,27,수
2022-07-27,3호선,충무로,2,0,2,2,7,27,수
2022-07-27,3호선,을지로3가,11310,11588,22898,-278,7,27,수
2022-07-27,3호선,종로3가,10782,12495,23277,-1713,7,27,수
2022-07-27,3호선,안국,23438,24113,47551,-675,7,27,수
2022-07-27,3호선,경복궁(정부서울청사),21560,22313,43873,-753,7,27,수
2022-07-27,3호선,독립문,7089,7147,14236,-58,7,27,수
2022-07-27,3호선,무악재,4034,3861,7895,173,7,27,수
2022-07-27,3호선,홍제,17415,16257,33672,1158,7,27,수
2022-07-27,3호선,녹번,15448,13651,29099,1797,7,27,수
2022-07-27,3호선,불광,16456,17560,34016,-1104,7,27,수
2022-07-27,3호선,연신내,36268,33977,70245,2291,7,27,수
2022-07-27,3호선,구파발,21489,21062,42551,427,7,27,수
2022-07-27,3호선,지축,5209,4904,10113,305,7,27,수
2022-07-27,2호선,용두(동대문구청),2355,2363,4718,-8,7,27,수
2022-07-27,2호선,신정네거리,10462,10731,21193,-269,7,27,수
2022-07-27,2호선,양천구청,6715,6946,13661,-231,7,27,수
2022-07-27,2호선,도림천,1315,1394,2709,-79,7,27,수
2022-07-27,2호선,신설동,3364,3343,6707,21,7,27,수
2022-07-27,2호선,신답,1746,1940,3686,-194,7,27,수
2022-07-27,2호선,용답,2712,2612,5324,100,7,27,수
2022-07-27,2호선,충정로(경기대입구),10300,10995,21295,-695,7,27,수
2022-07-27,2호선,아현,10513,9879,20392,634,7,27,수
2022-07-27,2호선,이대,13478,14446,27924,-968,7,27,수
2022-07-27,2호선,신촌,35113,35819,70932,-706,7,27,수
2022-07-27,2호선,홍대입구,59849,63560,123409,-3711,7,27,수
2022-07-27,2호선,합정,31909,34528,66437,-2619,7,27,수
2022-07-27,2호선,당산,18207,21625,39832,-3418,7,27,수
2022-07-27,2호선,영등포구청,22536,23273,45809,-737,7,27,수
2022-07-27,2호선,문래,22867,23364,46231,-497,7,27,수
2022-07-27,2호선,신도림,48432,48254,96686,178,7,27,수
2022-07-27,2호선,대림(구로구청),24047,24320,48367,-273,7,27,수
2022-07-27,2호선,구로디지털단지,61203,61242,122445,-39,7,27,수
2022-07-27,2호선,신대방,25799,25357,51156,442,7,27,수
2022-07-27,2호선,신림,59172,56898,116070,2274,7,27,수
2022-07-27,2호선,봉천,24349,22735,47084,1614,7,27,수
2022-07-27,2호선,서울대입구(관악구청),47296,46621,93917,675,7,27,수
2022-07-27,2호선,낙성대(강감찬),27771,27103,54874,668,7,27,수
2022-07-27,2호선,사당,38744,42174,80918,-3430,7,27,수
2022-07-27,2호선,방배,16128,16761,32889,-633,7,27,수
2022-07-27,2호선,서초,22684,22250,44934,434,7,27,수
2022-07-27,2호선,교대(법원.검찰청),33539,37853,71392,-4314,7,27,수
2022-07-27,2호선,강남,87634,84055,171689,3579,7,27,수
2022-07-27,2호선,역삼,56022,63525,119547,-7503,7,27,수
2022-07-27,2호선,선릉,61490,54292,115782,7198,7,27,수
2022-07-27,2호선,삼성(무역센터),58348,58945,117293,-597,7,27,수
2022-07-27,2호선,종합운동장,10633,11285,21918,-652,7,27,수
2022-07-27,2호선,잠실새내,21637,21612,43249,25,7,27,수
2022-07-27,2호선,잠실(송파구청),77763,77293,155056,470,7,27,수
2022-07-27,2호선,잠실나루,14859,14202,29061,657,7,27,수
2022-07-27,2호선,강변(동서울터미널),32825,31005,63830,1820,7,27,수
2022-07-27,2호선,구의(광진구청),24117,23653,47770,464,7,27,수
2022-07-27,2호선,건대입구,34716,37993,72709,-3277,7,27,수
2022-07-27,2호선,성수,39556,43277,82833,-3721,7,27,수
2022-07-27,2호선,뚝섬,23486,25389,48875,-1903,7,27,수
2022-07-27,2호선,한양대,7080,7570,14650,-490,7,27,수
2022-07-27,2호선,왕십리(성동구청),15910,13732,29642,2178,7,27,수
2022-07-27,2호선,상왕십리,14492,14174,28666,318,7,27,수
2022-07-27,2호선,신당,14170,14798,28968,-628,7,27,수
2022-07-27,2호선,동대문역사문화공원(DDP),13274,14995,28269,-1721,7,27,수
2022-07-27,2호선,을지로4가,14306,14049,28355,257,7,27,수
2022-07-27,2호선,을지로3가,25384,25558,50942,-174,7,27,수
2022-07-27,2호선,을지로입구,44045,45561,89606,-1516,7,27,수
2022-07-27,2호선,시청,25443,25043,50486,400,7,27,수
2022-07-27,1호선,동묘앞,7677,7975,15652,-298,7,27,수
2022-07-27,1호선,청량리(서울시립대입구),19216,19176,38392,40,7,27,수
2022-07-27,1호선,제기동,16446,16614,33060,-168,7,27,수
2022-07-27,1호선,신설동,13826,13629,27455,197,7,27,수
2022-07-27,1호선,동대문,10903,10347,21250,556,7,27,수
2022-07-27,1호선,종로5가,23441,23048,46489,393,7,27,수
2022-07-27,1호선,종로3가,26034,23841,49875,2193,7,27,수
2022-07-27,1호선,종각,38668,38118,76786,550,7,27,수
2022-07-27,1호선,시청,24879,25515,50394,-636,7,27,수
2022-07-27,1호선,서울역,48224,46488,94712,1736,7,27,수
2022-07-28,우이신설선,삼양사거리,2493,2406,4899,87,7,28,목
2022-07-28,우이신설선,솔샘,5754,5321,11075,433,7,28,목
2022-07-28,우이신설선,북한산보국문,5853,5492,11345,361,7,28,목
2022-07-28,우이신설선,정릉,4548,4171,8719,377,7,28,목
2022-07-28,우이신설선,성신여대입구(돈암),3105,3492,6597,-387,7,28,목
2022-07-28,우이신설선,보문,1437,1477,2914,-40,7,28,목
2022-07-28,우이신설선,신설동,2079,1996,4075,83,7,28,목
2022-07-28,일산선,원흥,11226,10500,21726,726,7,28,목
2022-07-28,일산선,삼송,19646,18865,38511,781,7,28,목
2022-07-28,일산선,원당,11020,10050,21070,970,7,28,목
2022-07-28,일산선,화정,16894,17003,33897,-109,7,28,목
2022-07-28,일산선,대곡,2187,1801,3988,386,7,28,목
2022-07-28,일산선,백석,9976,9877,19853,99,7,28,목
2022-07-28,일산선,마두,7678,7811,15489,-133,7,28,목
2022-07-28,일산선,정발산,7187,7282,14469,-95,7,28,목
2022-07-28,일산선,주엽,9453,9464,18917,-11,7,28,목
2022-07-28,일산선,대화,13081,10306,23387,2775,7,28,목
2022-07-28,장항선,봉명,1388,1326,2714,62,7,28,목
2022-07-28,장항선,쌍용(나사렛대),1953,1788,3741,165,7,28,목
2022-07-28,장항선,아산,2927,2817,5744,110,7,28,목
2022-07-28,장항선,탕정,886,778,1664,108,7,28,목
2022-07-28,장항선,배방,1123,1051,2174,72,7,28,목
2022-07-28,장항선,온양온천,3478,3541,7019,-63,7,28,목
2022-07-28,장항선,신창(순천향대),1065,1023,2088,42,7,28,목
2022-07-28,중앙선,회기,23787,22823,46610,964,7,28,목
2022-07-28,중앙선,중랑,5773,5278,11051,495,7,28,목
2022-07-28,중앙선,상봉(시외버스터미널),5702,5621,11323,81,7,28,목
2022-07-28,중앙선,망우,7834,7648,15482,186,7,28,목
2022-07-28,중앙선,양원,2821,2680,5501,141,7,28,목
2022-07-28,중앙선,구리,13281,13223,26504,58,7,28,목
2022-07-28,중앙선,도농,11028,9932,20960,1096,7,28,목
2022-07-28,중앙선,양정,718,584,1302,134,7,28,목
2022-07-28,중앙선,덕소,5573,5457,11030,116,7,28,목
2022-07-28,중앙선,도심,2483,1938,4421,545,7,28,목
2022-07-28,4호선,혜화,35366,35393,70759,-27,7,28,목
2022-07-28,4호선,동대문,21355,22010,43365,-655,7,28,목
2022-07-28,4호선,동대문역사문화공원(DDP),16639,14829,31468,1810,7,28,목
2022-07-28,4호선,충무로,26375,28092,54467,-1717,7,28,목
2022-07-28,4호선,명동,20673,21544,42217,-871,7,28,목
2022-07-28,4호선,회현(남대문시장),25221,26529,51750,-1308,7,28,목
2022-07-28,4호선,서울역,12162,19896,32058,-7734,7,28,목
2022-07-28,4호선,숙대입구(갈월),12923,12562,25485,361,7,28,목
2022-07-28,4호선,삼각지,5358,6138,11496,-780,7,28,목
2022-07-28,4호선,신용산,18379,19474,37853,-1095,7,28,목
2022-07-28,4호선,이촌(국립중앙박물관),9820,10628,20448,-808,7,28,목
2022-07-28,4호선,동작(현충원),1395,1559,2954,-164,7,28,목
2022-07-28,4호선,총신대입구(이수),18622,20193,38815,-1571,7,28,목
2022-07-28,4호선,사당,26148,21687,47835,4461,7,28,목
2022-07-28,중앙선,팔당,932,958,1890,-26,7,28,목
2022-07-28,중앙선,운길산,737,747,1484,-10,7,28,목
2022-07-28,중앙선,양수,2212,2189,4401,23,7,28,목
2022-07-28,중앙선,신원,211,191,402,20,7,28,목
2022-07-28,중앙선,국수,705,692,1397,13,7,28,목
2022-07-28,중앙선,아신,577,591,1168,-14,7,28,목
2022-07-28,중앙선,오빈,355,338,693,17,7,28,목
2022-07-28,중앙선,양평,3776,3777,7553,-1,7,28,목
2022-07-28,중앙선,원덕,381,389,770,-8,7,28,목
2022-07-28,중앙선,용문,2166,2344,4510,-178,7,28,목
2022-07-28,중앙선,지평,88,77,165,11,7,28,목
2022-07-28,4호선,남태령,1220,1051,2271,169,7,28,목
2022-07-28,5호선,방화,6861,6583,13444,278,7,28,목
2022-07-28,9호선,사평,3662,3593,7255,69,7,28,목
2022-07-28,5호선,개화산,5739,5366,11105,373,7,28,목
2022-07-28,5호선,김포공항,7937,7800,15737,137,7,28,목
2022-07-28,5호선,송정,6409,5782,12191,627,7,28,목
2022-07-28,5호선,마곡,10923,10996,21919,-73,7,28,목
2022-07-28,5호선,발산,20733,21664,42397,-931,7,28,목
2022-07-28,5호선,우장산,14090,13803,27893,287,7,28,목
2022-07-28,5호선,화곡,28616,26587,55203,2029,7,28,목
2022-07-28,5호선,까치산,28857,27260,56117,1597,7,28,목
2022-07-28,5호선,신정(은행정),14032,11325,25357,2707,7,28,목
2022-07-28,5호선,목동,16659,17412,34071,-753,7,28,목
2022-07-28,5호선,오목교(목동운동장앞),21975,23246,45221,-1271,7,28,목
2022-07-28,5호선,양평,7535,7351,14886,184,7,28,목
2022-07-28,5호선,영등포구청,4099,4128,8227,-29,7,28,목
2022-07-28,5호선,영등포시장,10323,10506,20829,-183,7,28,목
2022-07-28,5호선,신길,4437,4576,9013,-139,7,28,목
2022-07-28,5호선,여의도,29984,32223,62207,-2239,7,28,목
2022-07-28,5호선,여의나루,12759,13971,26730,-1212,7,28,목
2022-07-28,5호선,마포,14523,14932,29455,-409,7,28,목
2022-07-28,5호선,공덕,14888,15672,30560,-784,7,28,목
2022-07-28,5호선,애오개,6844,6874,13718,-30,7,28,목
2022-07-28,5호선,충정로(경기대입구),4643,4756,9399,-113,7,28,목
2022-07-28,5호선,서대문,19696,20279,39975,-583,7,28,목
2022-07-28,5호선,광화문(세종문화회관),31618,33553,65171,-1935,7,28,목
2022-07-28,5호선,종로3가,13529,13154,26683,375,7,28,목
2022-07-28,5호선,을지로4가,6376,6578,12954,-202,7,28,목
2022-07-28,5호선,동대문역사문화공원(DDP),3344,3852,7196,-508,7,28,목
2022-07-28,5호선,청구,3895,3637,7532,258,7,28,목
2022-07-28,5호선,신금호,6055,6328,12383,-273,7,28,목
2022-07-28,5호선,행당,7981,6962,14943,1019,7,28,목
2022-07-28,5호선,왕십리(성동구청),4628,5279,9907,-651,7,28,목
2022-07-28,5호선,마장,5562,5101,10663,461,7,28,목
2022-07-28,5호선,답십리,15967,14490,30457,1477,7,28,목
2022-07-28,5호선,장한평,19081,18970,38051,111,7,28,목
2022-07-28,5호선,군자(능동),11271,12333,23604,-1062,7,28,목
2022-07-28,5호선,아차산(어린이대공원후문),14258,13911,28169,347,7,28,목
2022-07-28,5호선,광나루(장신대),12947,11614,24561,1333,7,28,목
2022-07-28,5호선,천호(풍납토성),18587,18563,37150,24,7,28,목
2022-07-28,5호선,강동,18766,17900,36666,866,7,28,목
2022-07-28,5호선,길동,8168,8295,16463,-127,7,28,목
2022-07-28,5호선,굽은다리(강동구민회관앞),9838,9305,19143,533,7,28,목
2022-07-28,5호선,명일,8277,8477,16754,-200,7,28,목
2022-07-28,5호선,고덕,9263,9332,18595,-69,7,28,목
2022-07-28,5호선,상일동,15063,13731,28794,1332,7,28,목
2022-07-28,5호선,둔촌동,8101,8118,16219,-17,7,28,목
2022-07-28,5호선,올림픽공원(한국체대),4139,3495,7634,644,7,28,목
2022-07-28,5호선,방이,7190,7442,14632,-252,7,28,목
2022-07-28,5호선,오금,3563,3554,7117,9,7,28,목
2022-07-28,5호선,개롱,6317,6554,12871,-237,7,28,목
2022-07-28,5호선,거여,10090,9458,19548,632,7,28,목
2022-07-28,5호선,마천,7107,6755,13862,352,7,28,목
2022-07-28,5호선,강일,4444,4262,8706,182,7,28,목
2022-07-28,5호선,미사,16683,16613,33296,70,7,28,목
2022-07-28,5호선,하남풍산,4253,4247,8500,6,7,28,목
2022-07-28,5호선,하남시청(덕풍·신장),6901,6619,13520,282,7,28,목
2022-07-28,5호선,하남검단산,5914,5712,11626,202,7,28,목
2022-07-28,6호선,응암,17365,17014,34379,351,7,28,목
2022-07-28,6호선,역촌,3826,4266,8092,-440,7,28,목
2022-07-28,6호선,불광,4416,4269,8685,147,7,28,목
2022-07-28,6호선,독바위,2749,2874,5623,-125,7,28,목
2022-07-28,6호선,연신내,1,0,1,1,7,28,목
2022-07-28,6호선,구산,7736,5917,13653,1819,7,28,목
2022-07-28,6호선,새절(신사),12328,11329,23657,999,7,28,목
2022-07-28,6호선,증산(명지대앞),9780,9609,19389,171,7,28,목
2022-07-28,6호선,디지털미디어시티,14507,16109,30616,-1602,7,28,목
2022-07-28,6호선,월드컵경기장(성산),4362,4539,8901,-177,7,28,목
2022-07-28,6호선,마포구청,14597,12988,27585,1609,7,28,목
2022-07-28,6호선,망원,14512,15475,29987,-963,7,28,목
2022-07-28,6호선,합정,13633,13422,27055,211,7,28,목
2022-07-28,6호선,상수,8978,10432,19410,-1454,7,28,목
2022-07-28,6호선,광흥창(서강),9375,8961,18336,414,7,28,목
2022-07-28,6호선,대흥(서강대앞),8269,8579,16848,-310,7,28,목
2022-07-28,6호선,공덕,18738,18157,36895,581,7,28,목
2022-07-28,6호선,효창공원앞,7043,6173,13216,870,7,28,목
2022-07-28,6호선,삼각지,7636,6599,14235,1037,7,28,목
2022-07-28,6호선,녹사평(용산구청),5019,5105,10124,-86,7,28,목
2022-07-28,6호선,이태원,10932,11969,22901,-1037,7,28,목
2022-07-28,6호선,한강진,8400,9612,18012,-1212,7,28,목
2022-07-28,6호선,버티고개,2091,2110,4201,-19,7,28,목
2022-07-28,6호선,약수,3697,3799,7496,-102,7,28,목
2022-07-28,6호선,청구,3724,3803,7527,-79,7,28,목
2022-07-28,6호선,신당,8517,8937,17454,-420,7,28,목
2022-07-28,6호선,동묘앞,7697,7997,15694,-300,7,28,목
2022-07-28,6호선,창신,3348,2700,6048,648,7,28,목
2022-07-28,6호선,보문,7549,6830,14379,719,7,28,목
2022-07-28,6호선,안암(고대병원앞),10612,10382,20994,230,7,28,목
2022-07-28,6호선,고려대(종암),7910,7647,15557,263,7,28,목
2022-07-28,6호선,월곡(동덕여대),11454,11242,22696,212,7,28,목
2022-07-28,6호선,상월곡(한국과학기술연구원),6899,6294,13193,605,7,28,목
2022-07-28,6호선,돌곶이,9419,8621,18040,798,7,28,목
2022-07-28,6호선,석계,12030,12430,24460,-400,7,28,목
2022-07-28,6호선,태릉입구,5665,6005,11670,-340,7,28,목
2022-07-28,6호선,화랑대(서울여대입구),11753,9047,20800,2706,7,28,목
2022-07-28,6호선,봉화산(서울의료원),8983,8535,17518,448,7,28,목
2022-07-28,7호선,장암,2424,1012,3436,1412,7,28,목
2022-07-28,7호선,도봉산,9171,10294,19465,-1123,7,28,목
2022-07-28,7호선,수락산,12737,12548,25285,189,7,28,목
2022-07-28,7호선,마들,13149,12271,25420,878,7,28,목
2022-07-28,7호선,노원,19961,20963,40924,-1002,7,28,목
2022-07-28,7호선,중계,14059,12652,26711,1407,7,28,목
2022-07-28,7호선,하계,17559,16371,33930,1188,7,28,목
2022-07-28,7호선,공릉(서울과학기술대),11556,11397,22953,159,7,28,목
2022-07-28,7호선,태릉입구,8655,8029,16684,626,7,28,목
2022-07-28,7호선,먹골,10211,9865,20076,346,7,28,목
2022-07-28,7호선,중화,10535,10315,20850,220,7,28,목
2022-07-28,7호선,상봉(시외버스터미널),16827,16038,32865,789,7,28,목
2022-07-28,7호선,면목,14878,14404,29282,474,7,28,목
2022-07-28,7호선,사가정,15862,15698,31560,164,7,28,목
2022-07-28,7호선,용마산(용마폭포공원),6011,5762,11773,249,7,28,목
2022-07-28,7호선,중곡,10807,10316,21123,491,7,28,목
2022-07-28,7호선,군자(능동),15223,12152,27375,3071,7,28,목
2022-07-28,7호선,어린이대공원(세종대),13447,13352,26799,95,7,28,목
2022-07-28,7호선,건대입구,12889,13281,26170,-392,7,28,목
2022-07-28,7호선,뚝섬유원지,9723,9063,18786,660,7,28,목
2022-07-28,7호선,청담,20372,22740,43112,-2368,7,28,목
2022-07-28,7호선,강남구청,16986,19104,36090,-2118,7,28,목
2022-07-28,7호선,학동,24731,26171,50902,-1440,7,28,목
2022-07-28,7호선,논현,19304,20632,39936,-1328,7,28,목
2022-07-28,7호선,반포,5910,5757,11667,153,7,28,목
2022-07-28,7호선,고속터미널,16818,13888,30706,2930,7,28,목
2022-07-28,7호선,내방,14614,14942,29556,-328,7,28,목
2022-07-28,7호선,이수,16200,15689,31889,511,7,28,목
2022-07-28,7호선,남성,11190,10325,21515,865,7,28,목
2022-07-28,7호선,숭실대입구(살피재),11677,11637,23314,40,7,28,목
2022-07-28,7호선,상도,11038,10488,21526,550,7,28,목
2022-07-28,7호선,장승배기,9169,8992,18161,177,7,28,목
2022-07-28,7호선,신대방삼거리,15121,14330,29451,791,7,28,목
2022-07-28,7호선,보라매,7346,7460,14806,-114,7,28,목
2022-07-28,7호선,신풍,11709,10963,22672,746,7,28,목
2022-07-28,7호선,대림(구로구청),7850,7860,15710,-10,7,28,목
2022-07-28,7호선,남구로,15607,16649,32256,-1042,7,28,목
2022-07-28,7호선,가산디지털단지,45822,46035,91857,-213,7,28,목
2022-07-28,7호선,철산,21073,21361,42434,-288,7,28,목
2022-07-28,7호선,광명사거리,21388,21154,42542,234,7,28,목
2022-07-28,7호선,천왕,11427,10996,22423,431,7,28,목
2022-07-28,7호선,온수(성공회대입구),9770,8858,18628,912,7,28,목
2022-07-28,8호선,암사,19075,16680,35755,2395,7,28,목
2022-07-28,8호선,천호(풍납토성),14774,17082,31856,-2308,7,28,목
2022-07-28,8호선,강동구청,10383,10811,21194,-428,7,28,목
2022-07-28,8호선,몽촌토성(평화의문),6072,6147,12219,-75,7,28,목
2022-07-28,8호선,잠실(송파구청),15649,18301,33950,-2652,7,28,목
2022-07-28,8호선,송파,8555,8305,16860,250,7,28,목
2022-07-28,8호선,가락시장,7418,8294,15712,-876,7,28,목
2022-07-28,8호선,문정,21951,23205,45156,-1254,7,28,목
2022-07-28,8호선,장지,17000,16397,33397,603,7,28,목
2022-07-28,8호선,복정,8888,7461,16349,1427,7,28,목
2022-07-28,8호선,산성,5168,5271,10439,-103,7,28,목
2022-07-28,8호선,남한산성입구(성남법원.검찰청),13173,11787,24960,1386,7,28,목
2022-07-28,8호선,단대오거리,10430,10281,20711,149,7,28,목
2022-07-28,8호선,신흥,4291,4703,8994,-412,7,28,목
2022-07-28,8호선,수진,5265,4773,10038,492,7,28,목
2022-07-28,8호선,모란,4310,3273,7583,1037,7,28,목
2022-07-28,8호선,남위례,5472,5613,11085,-141,7,28,목
2022-07-28,9호선,개화,2764,1851,4615,913,7,28,목
2022-07-28,9호선,김포공항,7732,11467,19199,-3735,7,28,목
2022-07-28,9호선,공항시장,3107,3302,6409,-195,7,28,목
2022-07-28,9호선,신방화,6794,6529,13323,265,7,28,목
2022-07-28,9호선,마곡나루(서울식물원),12848,12837,25685,11,7,28,목
2022-07-28,9호선,양천향교,9796,9943,19739,-147,7,28,목
2022-07-28,9호선,가양,21365,20724,42089,641,7,28,목
2022-07-28,9호선,증미,7727,7662,15389,65,7,28,목
2022-07-28,9호선,등촌,11815,11316,23131,499,7,28,목
2022-07-28,9호선,염창,17839,17009,34848,830,7,28,목
2022-07-28,9호선,신목동,4359,3660,8019,699,7,28,목
2022-07-28,9호선,선유도,9090,8704,17794,386,7,28,목
2022-07-28,9호선,당산,19294,19474,38768,-180,7,28,목
2022-07-28,9호선,국회의사당,17613,18359,35972,-746,7,28,목
2022-07-28,9호선,여의도,30361,29304,59665,1057,7,28,목
2022-07-28,9호선,샛강,6463,6589,13052,-126,7,28,목
2022-07-28,9호선,노량진,25999,25335,51334,664,7,28,목
2022-07-28,9호선,노들,4769,3917,8686,852,7,28,목
2022-07-28,9호선,흑석(중앙대입구),7996,8381,16377,-385,7,28,목
2022-07-28,9호선,동작(현충원),2070,1559,3629,511,7,28,목
2022-07-28,9호선,구반포,1207,1196,2403,11,7,28,목
2022-07-28,9호선,신반포,3577,3577,7154,0,7,28,목
2022-07-28,9호선,고속터미널,13873,18310,32183,-4437,7,28,목
2022-07-28,9호선,신논현,32792,32109,64901,683,7,28,목
2022-07-28,9호선2~3단계,언주,11421,11696,23117,-275,7,28,목
2022-07-28,9호선2~3단계,선정릉,10679,11898,22577,-1219,7,28,목
2022-07-28,9호선2~3단계,삼성중앙,7681,8310,15991,-629,7,28,목
2022-07-28,9호선2~3단계,봉은사,21894,22325,44219,-431,7,28,목
2022-07-28,9호선2~3단계,종합운동장,4771,4822,9593,-51,7,28,목
2022-07-28,9호선2~3단계,삼전,7196,6892,14088,304,7,28,목
2022-07-28,9호선2~3단계,석촌고분,6561,6360,12921,201,7,28,목
2022-07-28,9호선2~3단계,석촌,8982,7900,16882,1082,7,28,목
2022-07-28,9호선2~3단계,송파나루,5307,5869,11176,-562,7,28,목
2022-07-28,9호선2~3단계,한성백제,2760,2477,5237,283,7,28,목
2022-07-28,9호선2~3단계,올림픽공원(한국체대),6393,6370,12763,23,7,28,목
2022-07-28,9호선2~3단계,둔촌오륜,908,895,1803,13,7,28,목
2022-07-28,9호선2~3단계,중앙보훈병원,11281,9816,21097,1465,7,28,목
2022-07-28,경강선,판교,5417,5371,10788,46,7,28,목
2022-07-28,경강선,이매,1077,965,2042,112,7,28,목
2022-07-28,경강선,삼동,2560,2245,4805,315,7,28,목
2022-07-28,경강선,경기광주,8003,7299,15302,704,7,28,목
2022-07-28,경강선,초월,3205,3026,6231,179,7,28,목
2022-07-28,경강선,곤지암,2222,2189,4411,33,7,28,목
2022-07-28,경강선,신둔도예촌,1521,1448,2969,73,7,28,목
2022-07-28,경강선,이천,2851,2979,5830,-128,7,28,목
2022-07-28,경강선,부발,2246,2206,4452,40,7,28,목
2022-07-28,경강선,세종대왕릉,359,364,723,-5,7,28,목
2022-07-28,경강선,여주,2444,2428,4872,16,7,28,목
2022-07-28,경부선,서울역,8145,2561,10706,5584,7,28,목
2022-07-28,경부선,남영,9232,9609,18841,-377,7,28,목
2022-07-28,경부선,용산,39318,40752,80070,-1434,7,28,목
2022-07-28,경부선,노량진,7786,7638,15424,148,7,28,목
2022-07-28,경부선,대방,11184,12149,23333,-965,7,28,목
2022-07-28,경부선,영등포,39460,40717,80177,-1257,7,28,목
2022-07-28,경부선,신도림,3984,4193,8177,-209,7,28,목
2022-07-28,경부선,신길,8892,7591,16483,1301,7,28,목
2022-07-28,경부선,구로,18353,18568,36921,-215,7,28,목
2022-07-28,경부선,가산디지털단지,18297,21260,39557,-2963,7,28,목
2022-07-28,경부선,금천구청,11296,11256,22552,40,7,28,목
2022-07-28,경부선,석수,9304,8416,17720,888,7,28,목
2022-07-28,경부선,관악,7267,6943,14210,324,7,28,목
2022-07-28,경부선,안양,21404,20869,42273,535,7,28,목
2022-07-28,경부선,명학,9041,8870,17911,171,7,28,목
2022-07-28,경부선,금정,27181,27400,54581,-219,7,28,목
2022-07-28,경부선,군포,7613,7360,14973,253,7,28,목
2022-07-28,경부선,의왕,8916,8886,17802,30,7,28,목
2022-07-28,경부선,성균관대,14041,13798,27839,243,7,28,목
2022-07-28,경부선,화서,8212,7856,16068,356,7,28,목
2022-07-28,경부선,수원,33692,36521,70213,-2829,7,28,목
2022-07-28,경부선,독산,18679,19328,38007,-649,7,28,목
2022-07-28,경부선,세류,3034,2696,5730,338,7,28,목
2022-07-28,경부선,병점,14131,13909,28040,222,7,28,목
2022-07-28,경부선,세마,2895,2668,5563,227,7,28,목
2022-07-28,경부선,오산대,3491,3200,6691,291,7,28,목
2022-07-28,경부선,오산,9717,9689,19406,28,7,28,목
2022-07-28,경부선,진위,1736,1503,3239,233,7,28,목
2022-07-28,경부선,송탄,4084,3927,8011,157,7,28,목
2022-07-28,경부선,서정리,6808,6249,13057,559,7,28,목
2022-07-28,경부선,평택지제,3733,3696,7429,37,7,28,목
2022-07-28,경부선,평택,11164,11095,22259,69,7,28,목
2022-07-28,경부선,성환,3177,3103,6280,74,7,28,목
2022-07-28,경부선,직산,814,813,1627,1,7,28,목
2022-07-28,경부선,두정,5351,5470,10821,-119,7,28,목
2022-07-28,경부선,천안,5110,5316,10426,-206,7,28,목
2022-07-28,경부선,당정,6014,5741,11755,273,7,28,목
2022-07-28,경부선,서동탄,1497,1283,2780,214,7,28,목
2022-07-28,경부선,광명,3569,3225,6794,344,7,28,목
2022-07-28,경원선,이촌(국립중앙박물관),3777,2906,6683,871,7,28,목
2022-07-28,경원선,서빙고,2137,1985,4122,152,7,28,목
2022-07-28,경원선,한남,4096,3903,7999,193,7,28,목
2022-07-28,경원선,옥수,47,36,83,11,7,28,목
2022-07-28,경원선,응봉,1845,1538,3383,307,7,28,목
2022-07-28,경원선,왕십리(성동구청),14746,16494,31240,-1748,7,28,목
2022-07-28,경원선,청량리(서울시립대입구),15953,16657,32610,-704,7,28,목
2022-07-28,경원선,외대앞,7217,7195,14412,22,7,28,목
2022-07-28,경원선,신이문,8466,7630,16096,836,7,28,목
2022-07-28,경원선,석계,8023,9030,17053,-1007,7,28,목
2022-07-28,경원선,광운대,7148,6727,13875,421,7,28,목
2022-07-28,경원선,월계,6143,5720,11863,423,7,28,목
2022-07-28,경원선,녹천,4678,3838,8516,840,7,28,목
2022-07-28,경원선,방학,9645,9442,19087,203,7,28,목
2022-07-28,경원선,도봉,5805,5539,11344,266,7,28,목
2022-07-28,경원선,도봉산,7437,4865,12302,2572,7,28,목
2022-07-28,경원선,망월사,7308,7446,14754,-138,7,28,목
2022-07-28,경원선,회룡,12602,12268,24870,334,7,28,목
2022-07-28,경원선,의정부,18532,19112,37644,-580,7,28,목
2022-07-28,경원선,가능,6620,6315,12935,305,7,28,목
2022-07-28,경원선,녹양,4476,4239,8715,237,7,28,목
2022-07-28,경원선,양주,7663,7163,14826,500,7,28,목
2022-07-28,경원선,덕계,3289,2927,6216,362,7,28,목
2022-07-28,경원선,덕정,5318,5120,10438,198,7,28,목
2022-07-28,경원선,지행,6525,6509,13034,16,7,28,목
2022-07-28,경원선,동두천중앙,3025,2899,5924,126,7,28,목
2022-07-28,경원선,보산,1536,1420,2956,116,7,28,목
2022-07-28,경원선,동두천,2106,2456,4562,-350,7,28,목
2022-07-28,경원선,소요산,3253,2899,6152,354,7,28,목
2022-07-28,경의선,서울역,4790,6124,10914,-1334,7,28,목
2022-07-28,경의선,신촌,941,1227,2168,-286,7,28,목
2022-07-28,경의선,효창공원앞,2971,3355,6326,-384,7,28,목
2022-07-28,경의선,공덕,3887,3443,7330,444,7,28,목
2022-07-28,경의선,서강대,2164,2025,4189,139,7,28,목
2022-07-28,경의선,홍대입구,1824,2259,4083,-435,7,28,목
2022-07-28,경의선,가좌,5654,5287,10941,367,7,28,목
2022-07-28,경의선,디지털미디어시티,2705,2329,5034,376,7,28,목
2022-07-28,경의선,수색,2906,3098,6004,-192,7,28,목
2022-07-28,경의선,화전,1700,1592,3292,108,7,28,목
2022-07-28,경의선,강매,3244,2765,6009,479,7,28,목
2022-07-28,경의선,행신,8374,8368,16742,6,7,28,목
2022-07-28,경의선,능곡,3825,3527,7352,298,7,28,목
2022-07-28,경의선,곡산,594,638,1232,-44,7,28,목
2022-07-28,경의선,백마,7230,6761,13991,469,7,28,목
2022-07-28,경의선,풍산,5789,5456,11245,333,7,28,목
2022-07-28,경의선,일산,9930,9713,19643,217,7,28,목
2022-07-28,경의선,탄현,8099,7567,15666,532,7,28,목
2022-07-28,경의선,야당,7986,7810,15796,176,7,28,목
2022-07-28,경의선,운정,7100,6358,13458,742,7,28,목
2022-07-28,경의선,금릉,4855,4707,9562,148,7,28,목
2022-07-28,경의선,금촌,6459,6267,12726,192,7,28,목
2022-07-28,경의선,월롱,2677,2444,5121,233,7,28,목
2022-07-28,경의선,파주,1012,775,1787,237,7,28,목
2022-07-28,경의선,문산,5387,5453,10840,-66,7,28,목
2022-07-28,경의선,임진강,18,10,28,8,7,28,목
2022-07-28,경의선,계양,3,0,3,3,7,28,목
2022-07-28,경인선,개봉,21419,20890,42309,529,7,28,목
2022-07-28,경인선,오류동,12012,11050,23062,962,7,28,목
2022-07-28,경인선,역곡,26733,26325,53058,408,7,28,목
2022-07-28,경인선,부천,32073,31759,63832,314,7,28,목
2022-07-28,경인선,송내,27495,27264,54759,231,7,28,목
2022-07-28,경인선,부평,29749,31422,61171,-1673,7,28,목
2022-07-28,경인선,백운,6869,6737,13606,132,7,28,목
2022-07-28,경인선,동암,15652,15571,31223,81,7,28,목
2022-07-28,경인선,주안,18561,16607,35168,1954,7,28,목
2022-07-28,경인선,제물포,9955,9410,19365,545,7,28,목
2022-07-28,경인선,동인천,14077,13457,27534,620,7,28,목
2022-07-28,경인선,인천,4285,3369,7654,916,7,28,목
2022-07-28,경인선,구일,6421,6325,12746,96,7,28,목
2022-07-28,경인선,소사,8264,8155,16419,109,7,28,목
2022-07-28,경인선,부개,8825,8177,17002,648,7,28,목
2022-07-28,경인선,간석,5943,5598,11541,345,7,28,목
2022-07-28,경인선,도원,2753,2697,5450,56,7,28,목
2022-07-28,경인선,온수(성공회대입구),6424,5985,12409,439,7,28,목
2022-07-28,경인선,중동,9386,8770,18156,616,7,28,목
2022-07-28,경인선,도화,4118,3851,7969,267,7,28,목
2022-07-28,경춘선,신내,2216,2091,4307,125,7,28,목
2022-07-28,경춘선,갈매,2975,2490,5465,485,7,28,목
2022-07-28,경춘선,별내,3303,3049,6352,254,7,28,목
2022-07-28,경춘선,퇴계원,3506,3190,6696,316,7,28,목
2022-07-28,경춘선,사릉,2325,2265,4590,60,7,28,목
2022-07-28,경춘선,금곡,1544,1510,3054,34,7,28,목
2022-07-28,경춘선,평내호평,6407,6167,12574,240,7,28,목
2022-07-28,경춘선,천마산,1662,1550,3212,112,7,28,목
2022-07-28,경춘선,마석,4223,4099,8322,124,7,28,목
2022-07-28,경춘선,대성리,992,1006,1998,-14,7,28,목
2022-07-28,경춘선,청평,2011,2158,4169,-147,7,28,목
2022-07-28,경춘선,상천,332,299,631,33,7,28,목
2022-07-28,경춘선,가평,2874,3149,6023,-275,7,28,목
2022-07-28,경춘선,굴봉산,153,136,289,17,7,28,목
2022-07-28,경춘선,백양리,134,124,258,10,7,28,목
2022-07-28,경춘선,강촌,554,561,1115,-7,7,28,목
2022-07-28,경춘선,김유정,364,320,684,44,7,28,목
2022-07-28,경춘선,남춘천,2603,2718,5321,-115,7,28,목
2022-07-28,경춘선,춘천,1588,1485,3073,103,7,28,목
2022-07-28,공항철도 1호선,서울역,9461,9081,18542,380,7,28,목
2022-07-28,공항철도 1호선,공덕,2540,3324,5864,-784,7,28,목
2022-07-28,공항철도 1호선,홍대입구,11426,11952,23378,-526,7,28,목
2022-07-28,공항철도 1호선,디지털미디어시티,15307,14129,29436,1178,7,28,목
2022-07-28,공항철도 1호선,마곡나루(서울식물원),9456,9098,18554,358,7,28,목
2022-07-28,공항철도 1호선,김포공항,11409,6516,17925,4893,7,28,목
2022-07-28,공항철도 1호선,계양,11572,10596,22168,976,7,28,목
2022-07-28,공항철도 1호선,검암,7042,6814,13856,228,7,28,목
2022-07-28,공항철도 1호선,청라국제도시,7269,6816,14085,453,7,28,목
2022-07-28,공항철도 1호선,운서,8004,8134,16138,-130,7,28,목
2022-07-28,공항철도 1호선,공항화물청사,2378,2645,5023,-267,7,28,목
2022-07-28,공항철도 1호선,인천공항1터미널,8679,7665,16344,1014,7,28,목
2022-07-28,공항철도 1호선,인천공항2터미널,4197,3639,7836,558,7,28,목
2022-07-28,공항철도 1호선,영종,3729,3722,7451,7,7,28,목
2022-07-28,과천선,선바위,7986,7028,15014,958,7,28,목
2022-07-28,과천선,경마공원,1262,1277,2539,-15,7,28,목
2022-07-28,과천선,대공원,3528,3615,7143,-87,7,28,목
2022-07-28,과천선,과천,6470,6042,12512,428,7,28,목
2022-07-28,과천선,정부과천청사,11272,11227,22499,45,7,28,목
2022-07-28,과천선,인덕원,24102,24883,48985,-781,7,28,목
2022-07-28,과천선,평촌,17767,17603,35370,164,7,28,목
2022-07-28,과천선,범계,26227,26012,52239,215,7,28,목
2022-07-28,분당선,선릉,14302,21879,36181,-7577,7,28,목
2022-07-28,분당선,한티,15809,16592,32401,-783,7,28,목
2022-07-28,분당선,도곡,7114,6955,14069,159,7,28,목
2022-07-28,분당선,구룡,2138,2058,4196,80,7,28,목
2022-07-28,분당선,개포동,3924,4058,7982,-134,7,28,목
2022-07-28,분당선,대모산입구,4556,4102,8658,454,7,28,목
2022-07-28,분당선,수서,13978,14526,28504,-548,7,28,목
2022-07-28,분당선,수원,8100,6864,14964,1236,7,28,목
2022-07-28,분당선,서울숲,11886,12204,24090,-318,7,28,목
2022-07-28,분당선,압구정로데오,20031,22947,42978,-2916,7,28,목
2022-07-28,분당선,강남구청,9812,11286,21098,-1474,7,28,목
2022-07-28,분당선,선정릉,8290,8819,17109,-529,7,28,목
2022-07-28,분당선,가천대,6079,6733,12812,-654,7,28,목
2022-07-28,분당선,태평,13465,12632,26097,833,7,28,목
2022-07-28,분당선,모란,19279,19407,38686,-128,7,28,목
2022-07-28,분당선,야탑,26131,27336,53467,-1205,7,28,목
2022-07-28,분당선,서현,25103,25397,50500,-294,7,28,목
2022-07-28,분당선,수내,14116,13976,28092,140,7,28,목
2022-07-28,분당선,정자,18845,19822,38667,-977,7,28,목
2022-07-28,분당선,미금,15329,16294,31623,-965,7,28,목
2022-07-28,분당선,오리,11756,9604,21360,2152,7,28,목
2022-07-28,분당선,이매,5418,5133,10551,285,7,28,목
2022-07-28,분당선,보정,2547,2257,4804,290,7,28,목
2022-07-28,분당선,죽전,12876,14292,27168,-1416,7,28,목
2022-07-28,분당선,구성,5079,5314,10393,-235,7,28,목
2022-07-28,분당선,신갈,4708,4655,9363,53,7,28,목
2022-07-28,분당선,기흥,10452,9645,20097,807,7,28,목
2022-07-28,분당선,상갈,5411,5167,10578,244,7,28,목
2022-07-28,분당선,청명,4245,3956,8201,289,7,28,목
2022-07-28,분당선,영통,8041,8180,16221,-139,7,28,목
2022-07-28,분당선,망포,14864,14019,28883,845,7,28,목
2022-07-28,분당선,매탄권선,5022,4862,9884,160,7,28,목
2022-07-28,분당선,수원시청,12719,13772,26491,-1053,7,28,목
2022-07-28,분당선,매교,2801,2874,5675,-73,7,28,목
2022-07-28,1호선,서울역,48499,47581,96080,918,7,28,목
2022-07-28,1호선,시청,24179,24670,48849,-491,7,28,목
2022-07-28,1호선,종각,38689,38118,76807,571,7,28,목
2022-07-28,1호선,종로3가,25805,23701,49506,2104,7,28,목
2022-07-28,1호선,종로5가,23456,23356,46812,100,7,28,목
2022-07-28,1호선,동대문,11213,10590,21803,623,7,28,목
2022-07-28,1호선,신설동,13604,13216,26820,388,7,28,목
2022-07-28,1호선,제기동,16520,16544,33064,-24,7,28,목
2022-07-28,1호선,청량리(서울시립대입구),19164,19377,38541,-213,7,28,목
2022-07-28,1호선,동묘앞,7445,7766,15211,-321,7,28,목
2022-07-28,2호선,시청,25323,24864,50187,459,7,28,목
2022-07-28,2호선,을지로입구,43572,45118,88690,-1546,7,28,목
2022-07-28,2호선,을지로3가,24465,25036,49501,-571,7,28,목
2022-07-28,2호선,을지로4가,14057,14052,28109,5,7,28,목
2022-07-28,2호선,동대문역사문화공원(DDP),13410,15104,28514,-1694,7,28,목
2022-07-28,2호선,신당,14011,14380,28391,-369,7,28,목
2022-07-28,2호선,상왕십리,14234,13783,28017,451,7,28,목
2022-07-28,2호선,왕십리(성동구청),15988,13599,29587,2389,7,28,목
2022-07-28,2호선,한양대,6715,7149,13864,-434,7,28,목
2022-07-28,2호선,뚝섬,23253,25439,48692,-2186,7,28,목
2022-07-28,2호선,성수,39065,43273,82338,-4208,7,28,목
2022-07-28,2호선,건대입구,35159,37886,73045,-2727,7,28,목
2022-07-28,2호선,구의(광진구청),23971,23219,47190,752,7,28,목
2022-07-28,2호선,강변(동서울터미널),32874,31973,64847,901,7,28,목
2022-07-28,2호선,잠실나루,14593,14328,28921,265,7,28,목
2022-07-28,2호선,잠실(송파구청),81144,81269,162413,-125,7,28,목
2022-07-28,2호선,잠실새내,22170,22247,44417,-77,7,28,목
2022-07-28,2호선,종합운동장,14647,15596,30243,-949,7,28,목
2022-07-28,2호선,삼성(무역센터),62186,62373,124559,-187,7,28,목
2022-07-28,2호선,선릉,61278,54336,115614,6942,7,28,목
2022-07-28,2호선,역삼,55556,63154,118710,-7598,7,28,목
2022-07-28,2호선,강남,88439,85405,173844,3034,7,28,목
2022-07-28,2호선,교대(법원.검찰청),33314,37663,70977,-4349,7,28,목
2022-07-28,2호선,서초,22841,22094,44935,747,7,28,목
2022-07-28,2호선,방배,16024,16615,32639,-591,7,28,목
2022-07-28,2호선,사당,39458,43478,82936,-4020,7,28,목
2022-07-28,2호선,낙성대(강감찬),28013,26657,54670,1356,7,28,목
2022-07-28,2호선,서울대입구(관악구청),46897,46032,92929,865,7,28,목
2022-07-28,2호선,봉천,24463,22542,47005,1921,7,28,목
2022-07-28,2호선,신림,59423,56519,115942,2904,7,28,목
2022-07-28,2호선,신대방,25697,25063,50760,634,7,28,목
2022-07-28,2호선,구로디지털단지,60612,60681,121293,-69,7,28,목
2022-07-28,2호선,대림(구로구청),23651,24187,47838,-536,7,28,목
2022-07-28,2호선,신도림,48882,48179,97061,703,7,28,목
2022-07-28,2호선,문래,22739,23183,45922,-444,7,28,목
2022-07-28,2호선,영등포구청,22100,22725,44825,-625,7,28,목
2022-07-28,2호선,당산,18166,21275,39441,-3109,7,28,목
2022-07-28,2호선,합정,32447,35258,67705,-2811,7,28,목
2022-07-28,2호선,홍대입구,61630,65731,127361,-4101,7,28,목
2022-07-28,2호선,신촌,35064,35652,70716,-588,7,28,목
2022-07-28,2호선,이대,13915,14702,28617,-787,7,28,목
2022-07-28,2호선,아현,10321,9622,19943,699,7,28,목
2022-07-28,2호선,충정로(경기대입구),10104,11045,21149,-941,7,28,목
2022-07-28,2호선,용답,2686,2624,5310,62,7,28,목
2022-07-28,2호선,신답,1786,1987,3773,-201,7,28,목
2022-07-28,2호선,신설동,3336,3332,6668,4,7,28,목
2022-07-28,2호선,도림천,1345,1346,2691,-1,7,28,목
2022-07-28,2호선,양천구청,6680,6901,13581,-221,7,28,목
2022-07-28,2호선,신정네거리,10285,10514,20799,-229,7,28,목
2022-07-28,2호선,용두(동대문구청),2380,2433,4813,-53,7,28,목
2022-07-28,3호선,지축,5145,4843,9988,302,7,28,목
2022-07-28,3호선,구파발,21683,20911,42594,772,7,28,목
2022-07-28,3호선,연신내,35536,33790,69326,1746,7,28,목
2022-07-28,3호선,불광,16051,17141,33192,-1090,7,28,목
2022-07-28,3호선,녹번,15555,13722,29277,1833,7,28,목
2022-07-28,3호선,홍제,17330,16123,33453,1207,7,28,목
2022-07-28,3호선,무악재,4057,3844,7901,213,7,28,목
2022-07-28,3호선,독립문,7040,7200,14240,-160,7,28,목
2022-07-28,3호선,경복궁(정부서울청사),20660,21306,41966,-646,7,28,목
2022-07-28,3호선,안국,23240,23776,47016,-536,7,28,목
2022-07-28,3호선,종로3가,10644,12545,23189,-1901,7,28,목
2022-07-28,3호선,을지로3가,10989,11128,22117,-139,7,28,목
2022-07-28,3호선,동대입구,11404,12023,23427,-619,7,28,목
2022-07-28,3호선,약수,12870,12274,25144,596,7,28,목
2022-07-28,3호선,금호,7685,6946,14631,739,7,28,목
2022-07-28,3호선,옥수,8760,8985,17745,-225,7,28,목
2022-07-28,3호선,압구정,32124,34874,66998,-2750,7,28,목
2022-07-28,3호선,신사,29366,31402,60768,-2036,7,28,목
2022-07-28,3호선,잠원,4626,4444,9070,182,7,28,목
2022-07-28,3호선,고속터미널,43552,42517,86069,1035,7,28,목
2022-07-28,3호선,교대(법원.검찰청),14318,9437,23755,4881,7,28,목
2022-07-28,3호선,남부터미널(예술의전당),29595,30319,59914,-724,7,28,목
2022-07-28,3호선,양재(서초구청),37036,41021,78057,-3985,7,28,목
2022-07-28,3호선,매봉,12555,12094,24649,461,7,28,목
2022-07-28,3호선,도곡,5095,5081,10176,14,7,28,목
2022-07-28,3호선,대치,11803,11510,23313,293,7,28,목
2022-07-28,3호선,학여울,1652,1645,3297,7,7,28,목
2022-07-28,3호선,대청,9796,9092,18888,704,7,28,목
2022-07-28,3호선,일원,10456,10111,20567,345,7,28,목
2022-07-28,3호선,수서,17096,17140,34236,-44,7,28,목
2022-07-28,3호선,가락시장,8979,8533,17512,446,7,28,목
2022-07-28,3호선,경찰병원,7433,7362,14795,71,7,28,목
2022-07-28,3호선,오금,6266,5655,11921,611,7,28,목
2022-07-28,4호선,당고개,9047,8190,17237,857,7,28,목
2022-07-28,4호선,상계,18676,17296,35972,1380,7,28,목
2022-07-28,4호선,노원,18292,20688,38980,-2396,7,28,목
2022-07-28,4호선,창동,25080,26752,51832,-1672,7,28,목
2022-07-28,4호선,쌍문,28609,26367,54976,2242,7,28,목
2022-07-28,4호선,수유(강북구청),33159,33022,66181,137,7,28,목
2022-07-28,4호선,미아(서울사이버대학),14622,13985,28607,637,7,28,목
2022-07-28,4호선,미아사거리,26617,25834,52451,783,7,28,목
2022-07-28,4호선,길음,20665,19842,40507,823,7,28,목
2022-07-28,4호선,성신여대입구(돈암),19390,18585,37975,805,7,28,목
2022-07-28,4호선,한성대입구(삼선교),12931,12652,25583,279,7,28,목
2022-07-28,수인선,고색,4888,4508,9396,380,7,28,목
2022-07-28,수인선,오목천,2958,2648,5606,310,7,28,목
2022-07-28,8호선,석촌,7685,8819,16504,-1134,7,28,목
2022-07-28,수인선,어천,766,821,1587,-55,7,28,목
2022-07-28,수인선,야목,414,293,707,121,7,28,목
2022-07-28,수인선,사리,4784,4034,8818,750,7,28,목
2022-07-28,수인선,달월,108,77,185,31,7,28,목
2022-07-28,수인선,월곶,2843,2628,5471,215,7,28,목
2022-07-28,수인선,소래포구,4905,4633,9538,272,7,28,목
2022-07-28,수인선,인천논현,5399,5617,11016,-218,7,28,목
2022-07-28,수인선,호구포,4082,4238,8320,-156,7,28,목
2022-07-28,수인선,남동인더스파크,2319,2566,4885,-247,7,28,목
2022-07-28,수인선,원인재,4221,4369,8590,-148,7,28,목
2022-07-28,수인선,연수,4353,4326,8679,27,7,28,목
2022-07-28,수인선,송도,2284,2150,4434,134,7,28,목
2022-07-28,수인선,인하대,5689,5361,11050,328,7,28,목
2022-07-28,수인선,숭의,3903,3681,7584,222,7,28,목
2022-07-28,수인선,신포,1751,1726,3477,25,7,28,목
2022-07-28,수인선,인천,1169,1916,3085,-747,7,28,목
2022-07-28,신림선,샛강,2225,2715,4940,-490,7,28,목
2022-07-28,신림선,대방,2010,1601,3611,409,7,28,목
2022-07-28,신림선,서울지방병무청,1974,2216,4190,-242,7,28,목
2022-07-28,신림선,보라매,2722,2481,5203,241,7,28,목
2022-07-28,신림선,보라매공원,1864,1939,3803,-75,7,28,목
2022-07-28,신림선,보라매병원,6791,7086,13877,-295,7,28,목
2022-07-28,신림선,당곡,3688,3580,7268,108,7,28,목
2022-07-28,신림선,신림,1611,2249,3860,-638,7,28,목
2022-07-28,신림선,서원,2810,2484,5294,326,7,28,목
2022-07-28,신림선,서울대벤처타운,6268,6364,12632,-96,7,28,목
2022-07-28,신림선,관악산(서울대),3159,3114,6273,45,7,28,목
2022-07-28,안산선,산본,15861,17005,32866,-1144,7,28,목
2022-07-28,안산선,대야미,4970,4294,9264,676,7,28,목
2022-07-28,안산선,반월,4198,4069,8267,129,7,28,목
2022-07-28,안산선,상록수,15138,15138,30276,0,7,28,목
2022-07-28,안산선,한대앞,8822,8797,17619,25,7,28,목
2022-07-28,안산선,중앙,18014,18706,36720,-692,7,28,목
2022-07-28,안산선,고잔,8994,8442,17436,552,7,28,목
2022-07-28,안산선,초지,4714,4836,9550,-122,7,28,목
2022-07-28,안산선,안산,11538,10404,21942,1134,7,28,목
2022-07-28,안산선,신길온천,1800,1611,3411,189,7,28,목
2022-07-28,안산선,정왕,7534,8025,15559,-491,7,28,목
2022-07-28,안산선,오이도,8810,8583,17393,227,7,28,목
2022-07-28,안산선,수리산,4036,3336,7372,700,7,28,목
2022-07-28,우이신설선,북한산우이,2915,2688,5603,227,7,28,목
2022-07-28,우이신설선,솔밭공원,2564,2469,5033,95,7,28,목
2022-07-28,우이신설선,4.19민주묘지,2891,2689,5580,202,7,28,목
2022-07-28,우이신설선,가오리,4261,4246,8507,15,7,28,목
2022-07-28,우이신설선,화계,3443,3220,6663,223,7,28,목
2022-07-28,우이신설선,삼양,2050,2097,4147,-47,7,28,목
2022-07-29,수인선,야목,434,296,730,138,7,29,금
2022-07-29,수인선,사리,4859,4153,9012,706,7,29,금
2022-07-29,수인선,어천,1069,945,2014,124,7,29,금
2022-07-29,수인선,고색,5010,4648,9658,362,7,29,금
2022-07-29,분당선,매교,2897,2948,5845,-51,7,29,금
2022-07-29,분당선,수원시청,13063,15144,28207,-2081,7,29,금
2022-07-29,분당선,매탄권선,5416,4958,10374,458,7,29,금
2022-07-29,분당선,망포,15251,13909,29160,1342,7,29,금
2022-07-29,분당선,영통,8790,8721,17511,69,7,29,금
2022-07-29,분당선,청명,4343,4066,8409,277,7,29,금
2022-07-29,분당선,상갈,5463,5177,10640,286,7,29,금
2022-07-29,분당선,기흥,10443,9686,20129,757,7,29,금
2022-07-29,분당선,신갈,4762,4744,9506,18,7,29,금
2022-07-29,분당선,구성,5161,5173,10334,-12,7,29,금
2022-07-29,분당선,죽전,13513,14683,28196,-1170,7,29,금
2022-07-29,분당선,이매,5722,5476,11198,246,7,29,금
2022-07-29,분당선,오리,12070,9715,21785,2355,7,29,금
2022-07-29,분당선,미금,15538,16661,32199,-1123,7,29,금
2022-07-29,분당선,정자,18703,19602,38305,-899,7,29,금
2022-07-29,분당선,수내,14089,13769,27858,320,7,29,금
2022-07-29,분당선,서현,26733,27270,54003,-537,7,29,금
2022-07-29,분당선,야탑,26673,28164,54837,-1491,7,29,금
2022-07-29,분당선,모란,23910,24799,48709,-889,7,29,금
2022-07-29,분당선,태평,14098,13346,27444,752,7,29,금
2022-07-29,분당선,가천대,6166,6620,12786,-454,7,29,금
2022-07-29,분당선,선정릉,7808,8449,16257,-641,7,29,금
2022-07-29,분당선,강남구청,9851,11191,21042,-1340,7,29,금
2022-07-29,분당선,압구정로데오,21158,25218,46376,-4060,7,29,금
2022-07-29,분당선,서울숲,11835,12309,24144,-474,7,29,금
2022-07-29,분당선,수원,8618,7487,16105,1131,7,29,금
2022-07-29,분당선,수서,14869,15638,30507,-769,7,29,금
2022-07-29,분당선,대모산입구,4624,4163,8787,461,7,29,금
2022-07-29,분당선,개포동,3893,4064,7957,-171,7,29,금
2022-07-29,분당선,구룡,2114,1899,4013,215,7,29,금
2022-07-29,분당선,도곡,7312,6858,14170,454,7,29,금
2022-07-29,분당선,한티,16134,16912,33046,-778,7,29,금
2022-07-29,분당선,선릉,13777,20902,34679,-7125,7,29,금
2022-07-29,과천선,범계,27069,27407,54476,-338,7,29,금
2022-07-29,과천선,평촌,17627,17371,34998,256,7,29,금
2022-07-29,과천선,인덕원,24858,25413,50271,-555,7,29,금
2022-07-29,과천선,정부과천청사,11161,11132,22293,29,7,29,금
2022-07-29,과천선,과천,6869,6109,12978,760,7,29,금
2022-07-29,과천선,대공원,3409,3549,6958,-140,7,29,금
2022-07-29,과천선,경마공원,9226,9487,18713,-261,7,29,금
2022-07-29,과천선,선바위,8112,6990,15102,1122,7,29,금
2022-07-29,공항철도 1호선,영종,3774,3855,7629,-81,7,29,금
2022-07-29,공항철도 1호선,인천공항2터미널,4242,3675,7917,567,7,29,금
2022-07-29,공항철도 1호선,인천공항1터미널,8219,8212,16431,7,7,29,금
2022-07-29,공항철도 1호선,공항화물청사,2399,2513,4912,-114,7,29,금
2022-07-29,공항철도 1호선,운서,8393,8502,16895,-109,7,29,금
2022-07-29,공항철도 1호선,청라국제도시,7383,6990,14373,393,7,29,금
2022-07-29,공항철도 1호선,검암,7056,6879,13935,177,7,29,금
2022-07-29,공항철도 1호선,계양,11434,10310,21744,1124,7,29,금
2022-07-29,공항철도 1호선,김포공항,13000,7149,20149,5851,7,29,금
2022-07-29,공항철도 1호선,마곡나루(서울식물원),8870,8162,17032,708,7,29,금
2022-07-29,공항철도 1호선,디지털미디어시티,14456,13109,27565,1347,7,29,금
2022-07-29,공항철도 1호선,홍대입구,12627,13236,25863,-609,7,29,금
2022-07-29,공항철도 1호선,공덕,2514,3363,5877,-849,7,29,금
2022-07-29,공항철도 1호선,서울역,11099,10936,22035,163,7,29,금
2022-07-29,경춘선,춘천,1685,1664,3349,21,7,29,금
2022-07-29,경춘선,남춘천,2914,3233,6147,-319,7,29,금
2022-07-29,경춘선,김유정,348,413,761,-65,7,29,금
2022-07-29,경춘선,강촌,614,611,1225,3,7,29,금
2022-07-29,경춘선,백양리,144,105,249,39,7,29,금
2022-07-29,경춘선,굴봉산,233,190,423,43,7,29,금
2022-07-29,경춘선,가평,3020,3147,6167,-127,7,29,금
2022-07-29,경춘선,상천,292,268,560,24,7,29,금
2022-07-29,경춘선,청평,2270,2394,4664,-124,7,29,금
2022-07-29,경춘선,대성리,1168,1298,2466,-130,7,29,금
2022-07-29,경춘선,마석,3869,3978,7847,-109,7,29,금
2022-07-29,경춘선,천마산,1632,1469,3101,163,7,29,금
2022-07-29,경춘선,평내호평,6229,6128,12357,101,7,29,금
2022-07-29,경춘선,금곡,1489,1416,2905,73,7,29,금
2022-07-29,경춘선,사릉,2266,2236,4502,30,7,29,금
2022-07-29,경춘선,퇴계원,3475,3169,6644,306,7,29,금
2022-07-29,경춘선,별내,3186,2958,6144,228,7,29,금
2022-07-29,경춘선,갈매,2945,2545,5490,400,7,29,금
2022-07-29,경춘선,신내,2107,1969,4076,138,7,29,금
2022-07-29,경인선,도화,4146,3802,7948,344,7,29,금
2022-07-29,경인선,중동,9232,8428,17660,804,7,29,금
2022-07-29,경인선,온수(성공회대입구),6237,5832,12069,405,7,29,금
2022-07-29,경인선,도원,2778,2817,5595,-39,7,29,금
2022-07-29,경인선,간석,5945,5557,11502,388,7,29,금
2022-07-29,경인선,부개,8896,8027,16923,869,7,29,금
2022-07-29,경인선,소사,8306,7908,16214,398,7,29,금
2022-07-29,경인선,구일,6844,6585,13429,259,7,29,금
2022-07-29,경인선,인천,4528,3605,8133,923,7,29,금
2022-07-29,경인선,동인천,14140,13497,27637,643,7,29,금
2022-07-29,경인선,제물포,10061,9455,19516,606,7,29,금
2022-07-29,경인선,주안,19294,17245,36539,2049,7,29,금
2022-07-29,경인선,동암,15982,15926,31908,56,7,29,금
2022-07-29,경인선,백운,7055,6688,13743,367,7,29,금
2022-07-29,경인선,부평,31107,34501,65608,-3394,7,29,금
2022-07-29,경인선,송내,27600,27294,54894,306,7,29,금
2022-07-29,경인선,부천,32852,33392,66244,-540,7,29,금
2022-07-29,경인선,역곡,27012,26475,53487,537,7,29,금
2022-07-29,경인선,오류동,11789,10483,22272,1306,7,29,금
2022-07-29,경인선,개봉,21295,12550,33845,8745,7,29,금
2022-07-29,경의선,임진강,16,10,26,6,7,29,금
2022-07-29,경의선,문산,6181,6056,12237,125,7,29,금
2022-07-29,경의선,파주,1097,790,1887,307,7,29,금
2022-07-29,경의선,월롱,3250,2455,5705,795,7,29,금
2022-07-29,경의선,금촌,6886,6589,13475,297,7,29,금
2022-07-29,경의선,금릉,5008,4800,9808,208,7,29,금
2022-07-29,경의선,운정,7044,6334,13378,710,7,29,금
2022-07-29,경의선,야당,8009,8189,16198,-180,7,29,금
2022-07-29,경의선,탄현,8017,7575,15592,442,7,29,금
2022-07-29,경의선,일산,9178,8835,18013,343,7,29,금
2022-07-29,경의선,풍산,5728,5289,11017,439,7,29,금
2022-07-29,경의선,백마,6880,6402,13282,478,7,29,금
2022-07-29,경의선,곡산,587,589,1176,-2,7,29,금
2022-07-29,경의선,능곡,3779,3412,7191,367,7,29,금
2022-07-29,경의선,행신,8462,8626,17088,-164,7,29,금
2022-07-29,경의선,강매,3222,2674,5896,548,7,29,금
2022-07-29,경의선,화전,1631,1454,3085,177,7,29,금
2022-07-29,경의선,수색,2810,2850,5660,-40,7,29,금
2022-07-29,경의선,디지털미디어시티,2759,2369,5128,390,7,29,금
2022-07-29,경의선,가좌,5619,5299,10918,320,7,29,금
2022-07-29,경의선,홍대입구,2061,2728,4789,-667,7,29,금
2022-07-29,경의선,서강대,2173,2184,4357,-11,7,29,금
2022-07-29,경의선,공덕,3943,3433,7376,510,7,29,금
2022-07-29,경의선,효창공원앞,3077,3374,6451,-297,7,29,금
2022-07-29,경의선,신촌,911,1179,2090,-268,7,29,금
2022-07-29,경의선,서울역,4667,6192,10859,-1525,7,29,금
2022-07-29,경원선,소요산,3456,3182,6638,274,7,29,금
2022-07-29,경원선,동두천,2268,2578,4846,-310,7,29,금
2022-07-29,경원선,보산,1922,1649,3571,273,7,29,금
2022-07-29,경원선,동두천중앙,3155,3067,6222,88,7,29,금
2022-07-29,경원선,지행,6811,6859,13670,-48,7,29,금
2022-07-29,경원선,덕정,5356,5099,10455,257,7,29,금
2022-07-29,경원선,덕계,3323,2894,6217,429,7,29,금
2022-07-29,경원선,양주,7849,7306,15155,543,7,29,금
2022-07-29,경원선,녹양,4492,4233,8725,259,7,29,금
2022-07-29,경원선,가능,6621,6343,12964,278,7,29,금
2022-07-29,경원선,의정부,19411,20642,40053,-1231,7,29,금
2022-07-29,경원선,회룡,12443,12217,24660,226,7,29,금
2022-07-29,경원선,망월사,7383,7370,14753,13,7,29,금
2022-07-29,경원선,도봉산,7260,4670,11930,2590,7,29,금
2022-07-29,경원선,도봉,5829,5623,11452,206,7,29,금
2022-07-29,경원선,방학,9795,9601,19396,194,7,29,금
2022-07-29,경원선,창동,1,0,1,1,7,29,금
2022-07-29,경원선,녹천,4736,3712,8448,1024,7,29,금
2022-07-29,중앙선,팔당,863,997,1860,-134,7,29,금
2022-07-29,중앙선,운길산,798,809,1607,-11,7,29,금
2022-07-29,중앙선,양수,2110,2165,4275,-55,7,29,금
2022-07-29,중앙선,신원,168,162,330,6,7,29,금
2022-07-29,중앙선,국수,696,722,1418,-26,7,29,금
2022-07-29,중앙선,아신,622,646,1268,-24,7,29,금
2022-07-29,중앙선,오빈,285,302,587,-17,7,29,금
2022-07-29,중앙선,양평,2915,3190,6105,-275,7,29,금
2022-07-29,중앙선,원덕,374,378,752,-4,7,29,금
2022-07-29,중앙선,용문,2506,2760,5266,-254,7,29,금
2022-07-29,중앙선,지평,72,87,159,-15,7,29,금
2022-07-29,장항선,봉명,1359,1282,2641,77,7,29,금
2022-07-29,일산선,대화,12803,10105,22908,2698,7,29,금
2022-07-29,일산선,주엽,9751,9516,19267,235,7,29,금
2022-07-29,일산선,정발산,7537,8298,15835,-761,7,29,금
2022-07-29,일산선,마두,7795,7829,15624,-34,7,29,금
2022-07-29,일산선,백석,10001,10122,20123,-121,7,29,금
2022-07-29,일산선,대곡,2088,1666,3754,422,7,29,금
2022-07-29,일산선,화정,16864,17118,33982,-254,7,29,금
2022-07-29,일산선,원당,11000,10203,21203,797,7,29,금
2022-07-29,일산선,삼송,19798,18729,38527,1069,7,29,금
2022-07-29,일산선,원흥,11060,10350,21410,710,7,29,금
2022-07-29,우이신설선,신설동,2087,1979,4066,108,7,29,금
2022-07-29,우이신설선,보문,1453,1454,2907,-1,7,29,금
2022-07-29,우이신설선,성신여대입구(돈암),3387,3760,7147,-373,7,29,금
2022-07-29,분당선,복정,1,0,1,1,7,29,금
2022-07-29,분당선,보정,2553,2176,4729,377,7,29,금
2022-07-29,수인선,오목천,3185,2728,5913,457,7,29,금
2022-07-29,1호선,서울역,52759,53172,105931,-413,7,29,금
2022-07-29,1호선,시청,23833,24476,48309,-643,7,29,금
2022-07-29,1호선,종각,38828,38328,77156,500,7,29,금
2022-07-29,1호선,종로3가,25957,24498,50455,1459,7,29,금
2022-07-29,1호선,종로5가,23537,23417,46954,120,7,29,금
2022-07-29,1호선,동대문,11287,10124,21411,1163,7,29,금
2022-07-29,1호선,신설동,14142,13553,27695,589,7,29,금
2022-07-29,1호선,제기동,16263,16198,32461,65,7,29,금
2022-07-29,1호선,청량리(서울시립대입구),19619,19977,39596,-358,7,29,금
2022-07-29,1호선,동묘앞,7316,7514,14830,-198,7,29,금
2022-07-29,2호선,시청,25037,24486,49523,551,7,29,금
2022-07-29,2호선,을지로입구,43297,44558,87855,-1261,7,29,금
2022-07-29,2호선,을지로3가,24874,25754,50628,-880,7,29,금
2022-07-29,2호선,을지로4가,14044,13923,27967,121,7,29,금
2022-07-29,2호선,동대문역사문화공원(DDP),13553,14898,28451,-1345,7,29,금
2022-07-29,2호선,신당,14484,14711,29195,-227,7,29,금
2022-07-29,2호선,상왕십리,14478,13709,28187,769,7,29,금
2022-07-29,2호선,왕십리(성동구청),16444,14152,30596,2292,7,29,금
2022-07-29,2호선,한양대,6608,6894,13502,-286,7,29,금
2022-07-29,2호선,뚝섬,23394,25141,48535,-1747,7,29,금
2022-07-29,2호선,성수,39011,42900,81911,-3889,7,29,금
2022-07-29,2호선,건대입구,36038,40344,76382,-4306,7,29,금
2022-07-29,2호선,구의(광진구청),24023,23059,47082,964,7,29,금
2022-07-29,2호선,강변(동서울터미널),35424,37190,72614,-1766,7,29,금
2022-07-29,2호선,잠실나루,14513,13647,28160,866,7,29,금
2022-07-29,2호선,잠실(송파구청),82635,82139,164774,496,7,29,금
2022-07-29,2호선,잠실새내,22602,23068,45670,-466,7,29,금
2022-07-29,2호선,종합운동장,11881,12764,24645,-883,7,29,금
2022-07-29,2호선,삼성(무역센터),61619,60773,122392,846,7,29,금
2022-07-29,2호선,선릉,59169,52518,111687,6651,7,29,금
2022-07-29,2호선,역삼,53061,59338,112399,-6277,7,29,금
2022-07-29,2호선,강남,90892,89616,180508,1276,7,29,금
2022-07-29,2호선,교대(법원.검찰청),32689,37094,69783,-4405,7,29,금
2022-07-29,2호선,서초,21492,20319,41811,1173,7,29,금
2022-07-29,2호선,방배,16139,16692,32831,-553,7,29,금
2022-07-29,2호선,사당,40073,44595,84668,-4522,7,29,금
2022-07-29,2호선,낙성대(강감찬),28669,26263,54932,2406,7,29,금
2022-07-29,2호선,서울대입구(관악구청),48405,46486,94891,1919,7,29,금
2022-07-29,2호선,봉천,24501,21986,46487,2515,7,29,금
2022-07-29,2호선,신림,60437,57765,118202,2672,7,29,금
2022-07-29,2호선,신대방,26078,24535,50613,1543,7,29,금
2022-07-29,2호선,구로디지털단지,60124,60229,120353,-105,7,29,금
2022-07-29,2호선,대림(구로구청),23753,24075,47828,-322,7,29,금
2022-07-29,2호선,신도림,49012,49166,98178,-154,7,29,금
2022-07-29,2호선,문래,22389,23585,45974,-1196,7,29,금
2022-07-29,2호선,영등포구청,22001,22772,44773,-771,7,29,금
2022-07-29,2호선,당산,18184,21225,39409,-3041,7,29,금
2022-07-29,2호선,합정,34221,38209,72430,-3988,7,29,금
2022-07-29,2호선,홍대입구,66396,73957,140353,-7561,7,29,금
2022-07-29,2호선,신촌,36984,37583,74567,-599,7,29,금
2022-07-29,2호선,이대,14128,14419,28547,-291,7,29,금
2022-07-29,2호선,아현,10506,9735,20241,771,7,29,금
2022-07-29,2호선,충정로(경기대입구),9978,10570,20548,-592,7,29,금
2022-07-29,2호선,용답,2847,2581,5428,266,7,29,금
2022-07-29,2호선,신답,1668,1855,3523,-187,7,29,금
2022-07-29,2호선,신설동,3761,3771,7532,-10,7,29,금
2022-07-29,2호선,도림천,1327,1328,2655,-1,7,29,금
2022-07-29,2호선,양천구청,6596,6775,13371,-179,7,29,금
2022-07-29,2호선,신정네거리,10285,10603,20888,-318,7,29,금
2022-07-29,2호선,용두(동대문구청),2378,2326,4704,52,7,29,금
2022-07-29,3호선,지축,4999,4621,9620,378,7,29,금
2022-07-29,3호선,구파발,21715,20937,42652,778,7,29,금
2022-07-29,3호선,연신내,36293,34316,70609,1977,7,29,금
2022-07-29,3호선,불광,16077,17017,33094,-940,7,29,금
2022-07-29,3호선,녹번,15653,13349,29002,2304,7,29,금
2022-07-29,3호선,홍제,17314,15931,33245,1383,7,29,금
2022-07-29,3호선,무악재,4096,3791,7887,305,7,29,금
2022-07-29,3호선,독립문,7000,7080,14080,-80,7,29,금
2022-07-29,3호선,경복궁(정부서울청사),21551,21571,43122,-20,7,29,금
2022-07-29,3호선,안국,22867,23261,46128,-394,7,29,금
2022-07-29,3호선,종로3가,10713,13109,23822,-2396,7,29,금
2022-07-29,3호선,을지로3가,11345,11712,23057,-367,7,29,금
2022-07-29,3호선,동대입구,7960,8331,16291,-371,7,29,금
2022-07-29,3호선,약수,13248,12621,25869,627,7,29,금
2022-07-29,3호선,금호,7845,7143,14988,702,7,29,금
2022-07-29,3호선,옥수,8880,8927,17807,-47,7,29,금
2022-07-29,3호선,압구정,33578,36976,70554,-3398,7,29,금
2022-07-29,3호선,신사,30568,33388,63956,-2820,7,29,금
2022-07-29,3호선,잠원,4671,4452,9123,219,7,29,금
2022-07-29,3호선,고속터미널,51448,54259,105707,-2811,7,29,금
2022-07-29,3호선,교대(법원.검찰청),13997,9036,23033,4961,7,29,금
2022-07-29,3호선,남부터미널(예술의전당),31415,32529,63944,-1114,7,29,금
2022-07-29,3호선,양재(서초구청),37796,40165,77961,-2369,7,29,금
2022-07-29,3호선,매봉,12567,11926,24493,641,7,29,금
2022-07-29,3호선,도곡,4948,5029,9977,-81,7,29,금
2022-07-29,3호선,대치,12217,11855,24072,362,7,29,금
2022-07-29,3호선,학여울,1765,1746,3511,19,7,29,금
2022-07-29,3호선,대청,9702,8955,18657,747,7,29,금
2022-07-29,3호선,일원,10216,9477,19693,739,7,29,금
2022-07-29,3호선,수서,18403,18438,36841,-35,7,29,금
2022-07-29,3호선,가락시장,8955,8780,17735,175,7,29,금
2022-07-29,3호선,경찰병원,7298,7198,14496,100,7,29,금
2022-07-29,3호선,오금,6308,5586,11894,722,7,29,금
2022-07-29,4호선,당고개,9418,8389,17807,1029,7,29,금
2022-07-29,4호선,상계,18718,17259,35977,1459,7,29,금
2022-07-29,4호선,노원,18674,21562,40236,-2888,7,29,금
2022-07-29,4호선,창동,25728,27374,53102,-1646,7,29,금
2022-07-29,4호선,쌍문,28494,25839,54333,2655,7,29,금
2022-07-29,4호선,수유(강북구청),33878,33983,67861,-105,7,29,금
2022-07-29,4호선,미아(서울사이버대학),14500,13460,27960,1040,7,29,금
2022-07-29,4호선,미아사거리,26984,26344,53328,640,7,29,금
2022-07-29,4호선,길음,20726,19453,40179,1273,7,29,금
2022-07-29,4호선,성신여대입구(돈암),20123,19578,39701,545,7,29,금
2022-07-29,4호선,한성대입구(삼선교),13169,12723,25892,446,7,29,금
2022-07-29,4호선,혜화,35334,35609,70943,-275,7,29,금
2022-07-29,4호선,동대문,21029,21057,42086,-28,7,29,금
2022-07-29,4호선,동대문역사문화공원(DDP),16493,14144,30637,2349,7,29,금
2022-07-29,4호선,충무로,25884,27475,53359,-1591,7,29,금
2022-07-29,4호선,명동,21259,22454,43713,-1195,7,29,금
2022-07-29,4호선,회현(남대문시장),25160,26005,51165,-845,7,29,금
2022-07-29,4호선,서울역,11956,21928,33884,-9972,7,29,금
2022-07-29,4호선,숙대입구(갈월),13136,12985,26121,151,7,29,금
2022-07-29,4호선,삼각지,5696,6560,12256,-864,7,29,금
2022-07-29,4호선,신용산,19052,20368,39420,-1316,7,29,금
2022-07-29,4호선,이촌(국립중앙박물관),10468,10945,21413,-477,7,29,금
2022-07-29,4호선,동작(현충원),1414,1532,2946,-118,7,29,금
2022-07-29,4호선,총신대입구(이수),19179,20823,40002,-1644,7,29,금
2022-07-29,4호선,사당,27195,22703,49898,4492,7,29,금
2022-07-29,4호선,남태령,1387,1080,2467,307,7,29,금
2022-07-29,5호선,방화,6817,6434,13251,383,7,29,금
2022-07-29,5호선,개화산,5675,5291,10966,384,7,29,금
2022-07-29,5호선,김포공항,8907,9084,17991,-177,7,29,금
2022-07-29,5호선,송정,6749,6190,12939,559,7,29,금
2022-07-29,5호선,마곡,10487,10632,21119,-145,7,29,금
2022-07-29,5호선,발산,19967,21454,41421,-1487,7,29,금
2022-07-29,5호선,우장산,14266,13774,28040,492,7,29,금
2022-07-29,5호선,화곡,28995,26168,55163,2827,7,29,금
2022-07-29,5호선,까치산,28988,27040,56028,1948,7,29,금
2022-07-29,5호선,신정(은행정),13977,11123,25100,2854,7,29,금
2022-07-29,5호선,목동,17027,17434,34461,-407,7,29,금
2022-07-29,5호선,오목교(목동운동장앞),21844,23344,45188,-1500,7,29,금
2022-07-29,5호선,양평,7355,7027,14382,328,7,29,금
2022-07-29,5호선,영등포구청,4012,4092,8104,-80,7,29,금
2022-07-29,5호선,영등포시장,10348,10497,20845,-149,7,29,금
2022-07-29,5호선,신길,4483,4503,8986,-20,7,29,금
2022-07-29,5호선,여의도,29179,31296,60475,-2117,7,29,금
2022-07-29,5호선,여의나루,13440,14982,28422,-1542,7,29,금
2022-07-29,5호선,마포,14293,14648,28941,-355,7,29,금
2022-07-29,5호선,공덕,14321,15337,29658,-1016,7,29,금
2022-07-29,5호선,애오개,6710,6634,13344,76,7,29,금
2022-07-29,5호선,충정로(경기대입구),4476,4490,8966,-14,7,29,금
2022-07-29,5호선,서대문,19372,19521,38893,-149,7,29,금
2022-07-29,5호선,광화문(세종문화회관),32092,34112,66204,-2020,7,29,금
2022-07-29,5호선,종로3가,14113,14307,28420,-194,7,29,금
2022-07-29,5호선,을지로4가,6065,6552,12617,-487,7,29,금
2022-07-29,5호선,동대문역사문화공원(DDP),3163,3695,6858,-532,7,29,금
2022-07-29,5호선,청구,3829,3732,7561,97,7,29,금
2022-07-29,5호선,신금호,6139,6236,12375,-97,7,29,금
2022-07-29,5호선,행당,8092,6904,14996,1188,7,29,금
2022-07-29,5호선,왕십리(성동구청),4414,5414,9828,-1000,7,29,금
2022-07-29,5호선,마장,5487,5193,10680,294,7,29,금
2022-07-29,5호선,답십리,16051,14279,30330,1772,7,29,금
2022-07-29,5호선,장한평,18914,18657,37571,257,7,29,금
2022-07-29,5호선,군자(능동),11408,12458,23866,-1050,7,29,금
2022-07-29,5호선,아차산(어린이대공원후문),14125,13523,27648,602,7,29,금
2022-07-29,5호선,광나루(장신대),12862,11517,24379,1345,7,29,금
2022-07-29,5호선,천호(풍납토성),19183,19333,38516,-150,7,29,금
2022-07-29,5호선,강동,18659,17636,36295,1023,7,29,금
2022-07-29,5호선,길동,8041,8328,16369,-287,7,29,금
2022-07-29,5호선,굽은다리(강동구민회관앞),9702,9124,18826,578,7,29,금
2022-07-29,5호선,명일,8334,8704,17038,-370,7,29,금
2022-07-29,5호선,고덕,9243,9243,18486,0,7,29,금
2022-07-29,5호선,상일동,14929,13465,28394,1464,7,29,금
2022-07-29,5호선,둔촌동,8250,8356,16606,-106,7,29,금
2022-07-29,5호선,올림픽공원(한국체대),5111,4418,9529,693,7,29,금
2022-07-29,5호선,방이,7135,7467,14602,-332,7,29,금
2022-07-29,5호선,오금,3644,3596,7240,48,7,29,금
2022-07-29,5호선,개롱,6319,6490,12809,-171,7,29,금
2022-07-29,5호선,거여,9989,9252,19241,737,7,29,금
2022-07-29,5호선,마천,7077,6607,13684,470,7,29,금
2022-07-29,5호선,강일,4292,4117,8409,175,7,29,금
2022-07-29,5호선,미사,16679,16868,33547,-189,7,29,금
2022-07-29,5호선,하남풍산,4215,4209,8424,6,7,29,금
2022-07-29,5호선,하남시청(덕풍·신장),7148,6903,14051,245,7,29,금
2022-07-29,5호선,하남검단산,5967,5663,11630,304,7,29,금
2022-07-29,6호선,응암,17464,16907,34371,557,7,29,금
2022-07-29,6호선,역촌,3889,4314,8203,-425,7,29,금
2022-07-29,6호선,불광,4565,4403,8968,162,7,29,금
2022-07-29,6호선,독바위,2784,2813,5597,-29,7,29,금
2022-07-29,6호선,구산,7625,5861,13486,1764,7,29,금
2022-07-29,6호선,새절(신사),12541,11338,23879,1203,7,29,금
2022-07-29,6호선,증산(명지대앞),9845,9506,19351,339,7,29,금
2022-07-29,6호선,디지털미디어시티,14069,15375,29444,-1306,7,29,금
2022-07-29,6호선,월드컵경기장(성산),4293,4590,8883,-297,7,29,금
2022-07-29,6호선,마포구청,14266,12668,26934,1598,7,29,금
2022-07-29,6호선,망원,14588,15661,30249,-1073,7,29,금
2022-07-29,6호선,합정,14477,14441,28918,36,7,29,금
2022-07-29,6호선,상수,9860,11989,21849,-2129,7,29,금
2022-07-29,6호선,광흥창(서강),8890,8482,17372,408,7,29,금
2022-07-29,6호선,대흥(서강대앞),8301,8434,16735,-133,7,29,금
2022-07-29,6호선,공덕,18674,18122,36796,552,7,29,금
2022-07-29,6호선,효창공원앞,7200,6184,13384,1016,7,29,금
2022-07-29,6호선,삼각지,8108,7103,15211,1005,7,29,금
2022-07-29,6호선,녹사평(용산구청),5436,5794,11230,-358,7,29,금
2022-07-29,6호선,이태원,12590,17509,30099,-4919,7,29,금
2022-07-29,6호선,한강진,8614,10149,18763,-1535,7,29,금
2022-07-29,6호선,버티고개,2109,2098,4207,11,7,29,금
2022-07-29,6호선,약수,3766,3878,7644,-112,7,29,금
2022-07-29,6호선,청구,3840,3826,7666,14,7,29,금
2022-07-29,6호선,신당,8746,8153,16899,593,7,29,금
2022-07-29,6호선,동묘앞,7942,7838,15780,104,7,29,금
2022-07-29,6호선,창신,3413,2688,6101,725,7,29,금
2022-07-29,6호선,보문,7697,6717,14414,980,7,29,금
2022-07-29,6호선,안암(고대병원앞),10715,10219,20934,496,7,29,금
2022-07-29,6호선,고려대(종암),8180,7553,15733,627,7,29,금
2022-07-29,6호선,월곡(동덕여대),11623,11277,22900,346,7,29,금
2022-07-29,6호선,상월곡(한국과학기술연구원),6193,5366,11559,827,7,29,금
2022-07-29,6호선,돌곶이,9256,8394,17650,862,7,29,금
2022-07-29,6호선,석계,12042,12502,24544,-460,7,29,금
2022-07-29,6호선,태릉입구,5557,5997,11554,-440,7,29,금
2022-07-29,6호선,화랑대(서울여대입구),11278,8568,19846,2710,7,29,금
2022-07-29,6호선,봉화산(서울의료원),8930,8285,17215,645,7,29,금
2022-07-29,7호선,장암,2327,1059,3386,1268,7,29,금
2022-07-29,7호선,도봉산,8823,9973,18796,-1150,7,29,금
2022-07-29,7호선,수락산,12646,12441,25087,205,7,29,금
2022-07-29,7호선,마들,13041,12086,25127,955,7,29,금
2022-07-29,7호선,노원,20397,21896,42293,-1499,7,29,금
2022-07-29,7호선,중계,13808,12015,25823,1793,7,29,금
2022-07-29,7호선,하계,17265,16089,33354,1176,7,29,금
2022-07-29,7호선,공릉(서울과학기술대),11370,11105,22475,265,7,29,금
2022-07-29,7호선,태릉입구,8622,7951,16573,671,7,29,금
2022-07-29,7호선,먹골,10307,9963,20270,344,7,29,금
2022-07-29,7호선,중화,10612,10256,20868,356,7,29,금
2022-07-29,7호선,상봉(시외버스터미널),17056,16424,33480,632,7,29,금
2022-07-29,7호선,면목,15257,14337,29594,920,7,29,금
2022-07-29,7호선,사가정,16125,15854,31979,271,7,29,금
2022-07-29,7호선,용마산(용마폭포공원),5980,5622,11602,358,7,29,금
2022-07-29,7호선,중곡,10478,9850,20328,628,7,29,금
2022-07-29,7호선,군자(능동),15361,12047,27408,3314,7,29,금
2022-07-29,7호선,어린이대공원(세종대),12753,12384,25137,369,7,29,금
2022-07-29,7호선,건대입구,13313,13714,27027,-401,7,29,금
2022-07-29,7호선,뚝섬유원지,9661,9191,18852,470,7,29,금
2022-07-29,7호선,청담,19747,22218,41965,-2471,7,29,금
2022-07-29,7호선,강남구청,16583,18725,35308,-2142,7,29,금
2022-07-29,7호선,학동,23637,25161,48798,-1524,7,29,금
2022-07-29,7호선,논현,18803,20541,39344,-1738,7,29,금
2022-07-29,7호선,반포,6048,5837,11885,211,7,29,금
2022-07-29,7호선,고속터미널,19235,15361,34596,3874,7,29,금
2022-07-29,7호선,내방,14452,14613,29065,-161,7,29,금
2022-07-29,7호선,이수,16563,16232,32795,331,7,29,금
2022-07-29,7호선,남성,11129,10154,21283,975,7,29,금
2022-07-29,7호선,숭실대입구(살피재),11704,11370,23074,334,7,29,금
2022-07-29,7호선,상도,10967,10140,21107,827,7,29,금
2022-07-29,7호선,장승배기,9250,8847,18097,403,7,29,금
2022-07-29,7호선,신대방삼거리,15393,14202,29595,1191,7,29,금
2022-07-29,7호선,보라매,7525,7404,14929,121,7,29,금
2022-07-29,7호선,신풍,11597,10862,22459,735,7,29,금
2022-07-29,7호선,대림(구로구청),7972,8422,16394,-450,7,29,금
2022-07-29,7호선,남구로,15483,16365,31848,-882,7,29,금
2022-07-29,7호선,가산디지털단지,45225,44410,89635,815,7,29,금
2022-07-29,7호선,철산,21823,22286,44109,-463,7,29,금
2022-07-29,7호선,광명사거리,21974,21622,43596,352,7,29,금
2022-07-29,7호선,천왕,11387,10574,21961,813,7,29,금
2022-07-29,7호선,온수(성공회대입구),9635,8799,18434,836,7,29,금
2022-07-29,7호선,부천시청,1,0,1,1,7,29,금
2022-07-29,8호선,암사,18870,16467,35337,2403,7,29,금
2022-07-29,8호선,천호(풍납토성),15145,17731,32876,-2586,7,29,금
2022-07-29,8호선,강동구청,10253,10393,20646,-140,7,29,금
2022-07-29,8호선,몽촌토성(평화의문),6057,6139,12196,-82,7,29,금
2022-07-29,8호선,잠실(송파구청),16274,19091,35365,-2817,7,29,금
2022-07-29,8호선,석촌,7667,8895,16562,-1228,7,29,금
2022-07-29,8호선,송파,8573,8351,16924,222,7,29,금
2022-07-29,8호선,가락시장,7584,8552,16136,-968,7,29,금
2022-07-29,8호선,문정,21764,22659,44423,-895,7,29,금
2022-07-29,8호선,장지,17420,16494,33914,926,7,29,금
2022-07-29,8호선,복정,9040,7574,16614,1466,7,29,금
2022-07-29,8호선,산성,5251,5173,10424,78,7,29,금
2022-07-29,8호선,남한산성입구(성남법원.검찰청),13174,11438,24612,1736,7,29,금
2022-07-29,8호선,단대오거리,10781,10227,21008,554,7,29,금
2022-07-29,8호선,신흥,4458,4885,9343,-427,7,29,금
2022-07-29,8호선,수진,5432,4912,10344,520,7,29,금
2022-07-29,8호선,모란,5543,4422,9965,1121,7,29,금
2022-07-29,8호선,남위례,5308,5508,10816,-200,7,29,금
2022-07-29,9호선,개화,2748,1828,4576,920,7,29,금
2022-07-29,9호선,김포공항,8650,13222,21872,-4572,7,29,금
2022-07-29,9호선,공항시장,3108,3274,6382,-166,7,29,금
2022-07-29,9호선,신방화,6960,6663,13623,297,7,29,금
2022-07-29,9호선,마곡나루(서울식물원),12640,12585,25225,55,7,29,금
2022-07-29,9호선,양천향교,9962,9975,19937,-13,7,29,금
2022-07-29,9호선,가양,21573,20701,42274,872,7,29,금
2022-07-29,9호선,증미,7912,7580,15492,332,7,29,금
2022-07-29,9호선,등촌,11906,11221,23127,685,7,29,금
2022-07-29,9호선,염창,17943,16820,34763,1123,7,29,금
2022-07-29,9호선,신목동,4318,3574,7892,744,7,29,금
2022-07-29,9호선,선유도,9172,8581,17753,591,7,29,금
2022-07-29,9호선,당산,19691,19438,39129,253,7,29,금
2022-07-29,9호선,국회의사당,18561,18526,37087,35,7,29,금
2022-07-29,9호선,여의도,30684,28752,59436,1932,7,29,금
2022-07-29,9호선,샛강,6231,6412,12643,-181,7,29,금
2022-07-29,9호선,노량진,26756,25776,52532,980,7,29,금
2022-07-29,9호선,노들,4925,4084,9009,841,7,29,금
2022-07-29,9호선,흑석(중앙대입구),7968,8252,16220,-284,7,29,금
2022-07-29,9호선,동작(현충원),2049,1593,3642,456,7,29,금
2022-07-29,9호선,구반포,1196,1230,2426,-34,7,29,금
2022-07-29,9호선,신반포,3901,3926,7827,-25,7,29,금
2022-07-29,9호선,고속터미널,16272,23561,39833,-7289,7,29,금
2022-07-29,9호선,사평,3828,3696,7524,132,7,29,금
2022-07-29,9호선,신논현,34311,34816,69127,-505,7,29,금
2022-07-29,9호선2~3단계,언주,11448,11541,22989,-93,7,29,금
2022-07-29,9호선2~3단계,선정릉,10379,11226,21605,-847,7,29,금
2022-07-29,9호선2~3단계,삼성중앙,7705,8051,15756,-346,7,29,금
2022-07-29,9호선2~3단계,봉은사,22914,23071,45985,-157,7,29,금
2022-07-29,9호선2~3단계,종합운동장,4509,4663,9172,-154,7,29,금
2022-07-29,9호선2~3단계,삼전,7308,6740,14048,568,7,29,금
2022-07-29,9호선2~3단계,석촌고분,6656,6306,12962,350,7,29,금
2022-07-29,9호선2~3단계,석촌,9167,7887,17054,1280,7,29,금
2022-07-29,9호선2~3단계,송파나루,5537,6100,11637,-563,7,29,금
2022-07-29,9호선2~3단계,한성백제,2732,2463,5195,269,7,29,금
2022-07-29,9호선2~3단계,올림픽공원(한국체대),8689,8583,17272,106,7,29,금
2022-07-29,9호선2~3단계,둔촌오륜,918,932,1850,-14,7,29,금
2022-07-29,9호선2~3단계,중앙보훈병원,11106,9752,20858,1354,7,29,금
2022-07-29,경강선,판교,5295,5428,10723,-133,7,29,금
2022-07-29,경강선,이매,1168,1011,2179,157,7,29,금
2022-07-29,경강선,삼동,2456,2223,4679,233,7,29,금
2022-07-29,경강선,경기광주,8149,7451,15600,698,7,29,금
2022-07-29,경강선,초월,3347,2953,6300,394,7,29,금
2022-07-29,경강선,곤지암,2406,2265,4671,141,7,29,금
2022-07-29,경강선,신둔도예촌,1679,1564,3243,115,7,29,금
2022-07-29,경강선,이천,3179,3397,6576,-218,7,29,금
2022-07-29,경강선,부발,2864,2271,5135,593,7,29,금
2022-07-29,경강선,세종대왕릉,365,358,723,7,7,29,금
2022-07-29,경강선,여주,2686,3046,5732,-360,7,29,금
2022-07-29,경부선,서울역,9950,3097,13047,6853,7,29,금
2022-07-29,경부선,남영,9276,9679,18955,-403,7,29,금
2022-07-29,경부선,용산,45562,48516,94078,-2954,7,29,금
2022-07-29,경부선,노량진,8431,7810,16241,621,7,29,금
2022-07-29,경부선,대방,11360,12021,23381,-661,7,29,금
2022-07-29,경부선,영등포,43899,46411,90310,-2512,7,29,금
2022-07-29,경부선,신도림,4053,4142,8195,-89,7,29,금
2022-07-29,경부선,신길,9025,7659,16684,1366,7,29,금
2022-07-29,경부선,구로,18344,18864,37208,-520,7,29,금
2022-07-29,경부선,가산디지털단지,17857,20847,38704,-2990,7,29,금
2022-07-29,경부선,금천구청,11246,11228,22474,18,7,29,금
2022-07-29,경부선,석수,9327,8393,17720,934,7,29,금
2022-07-29,경부선,관악,7427,7173,14600,254,7,29,금
2022-07-29,경부선,안양,22026,21806,43832,220,7,29,금
2022-07-29,경부선,명학,8729,8456,17185,273,7,29,금
2022-07-29,경부선,금정,27817,28007,55824,-190,7,29,금
2022-07-29,경부선,군포,7656,7292,14948,364,7,29,금
2022-07-29,경부선,의왕,8819,8709,17528,110,7,29,금
2022-07-29,경부선,성균관대,14432,14150,28582,282,7,29,금
2022-07-29,경부선,화서,8112,7658,15770,454,7,29,금
2022-07-29,경부선,수원,37699,41231,78930,-3532,7,29,금
2022-07-29,경부선,독산,18639,18940,37579,-301,7,29,금
2022-07-29,경부선,세류,3284,3002,6286,282,7,29,금
2022-07-29,경부선,병점,15172,14613,29785,559,7,29,금
2022-07-29,경부선,세마,3112,2838,5950,274,7,29,금
2022-07-29,경부선,오산대,3565,3408,6973,157,7,29,금
2022-07-29,경부선,오산,10587,10211,20798,376,7,29,금
2022-07-29,경부선,진위,1836,1488,3324,348,7,29,금
2022-07-29,경부선,송탄,4944,4285,9229,659,7,29,금
2022-07-29,경부선,서정리,8442,6683,15125,1759,7,29,금
2022-07-29,경부선,평택지제,4514,4213,8727,301,7,29,금
2022-07-29,경부선,평택,13529,12993,26522,536,7,29,금
2022-07-29,경부선,성환,3745,3370,7115,375,7,29,금
2022-07-29,경부선,직산,941,864,1805,77,7,29,금
2022-07-29,경부선,두정,6341,6367,12708,-26,7,29,금
2022-07-29,경부선,천안,6236,6671,12907,-435,7,29,금
2022-07-29,경부선,당정,6347,5839,12186,508,7,29,금
2022-07-29,경부선,서동탄,1502,1388,2890,114,7,29,금
2022-07-29,경부선,광명,3917,3750,7667,167,7,29,금
2022-07-29,경원선,이촌(국립중앙박물관),3813,2898,6711,915,7,29,금
2022-07-29,경원선,서빙고,2189,2038,4227,151,7,29,금
2022-07-29,경원선,한남,3930,3786,7716,144,7,29,금
2022-07-29,경원선,옥수,44,34,78,10,7,29,금
2022-07-29,경원선,응봉,1868,1589,3457,279,7,29,금
2022-07-29,경원선,왕십리(성동구청),15250,17405,32655,-2155,7,29,금
2022-07-29,경원선,청량리(서울시립대입구),17926,19032,36958,-1106,7,29,금
2022-07-29,경원선,외대앞,7363,7129,14492,234,7,29,금
2022-07-29,경원선,신이문,8469,7562,16031,907,7,29,금
2022-07-29,경원선,석계,8116,8900,17016,-784,7,29,금
2022-07-29,경원선,광운대,7212,6759,13971,453,7,29,금
2022-07-29,경원선,월계,6319,5670,11989,649,7,29,금
2022-07-29,중앙선,도심,2336,1811,4147,525,7,29,금
2022-07-29,중앙선,덕소,5723,5565,11288,158,7,29,금
2022-07-29,중앙선,양정,710,618,1328,92,7,29,금
2022-07-29,중앙선,도농,10828,9755,20583,1073,7,29,금
2022-07-29,중앙선,구리,13556,13563,27119,-7,7,29,금
2022-07-29,중앙선,양원,2923,2747,5670,176,7,29,금
2022-07-29,중앙선,망우,7949,7696,15645,253,7,29,금
2022-07-29,중앙선,상봉(시외버스터미널),6006,5853,11859,153,7,29,금
2022-07-29,중앙선,중랑,5807,5333,11140,474,7,29,금
2022-07-29,중앙선,회기,24332,22418,46750,1914,7,29,금
2022-07-29,장항선,신창(순천향대),1362,1181,2543,181,7,29,금
2022-07-29,장항선,온양온천,5372,5407,10779,-35,7,29,금
2022-07-29,장항선,배방,1307,1216,2523,91,7,29,금
2022-07-29,장항선,탕정,969,869,1838,100,7,29,금
2022-07-29,장항선,아산,3629,3883,7512,-254,7,29,금
2022-07-29,장항선,쌍용(나사렛대),2157,2013,4170,144,7,29,금
2022-07-29,우이신설선,정릉,4692,4052,8744,640,7,29,금
2022-07-29,우이신설선,북한산보국문,5798,5446,11244,352,7,29,금
2022-07-29,우이신설선,솔샘,5648,5103,10751,545,7,29,금
2022-07-29,우이신설선,삼양사거리,2472,2482,4954,-10,7,29,금
2022-07-29,우이신설선,삼양,1925,2088,4013,-163,7,29,금
2022-07-29,우이신설선,화계,3549,3173,6722,376,7,29,금
2022-07-29,우이신설선,가오리,4344,4221,8565,123,7,29,금
2022-07-29,우이신설선,4.19민주묘지,2843,2561,5404,282,7,29,금
2022-07-29,우이신설선,솔밭공원,2424,2342,4766,82,7,29,금
2022-07-29,우이신설선,북한산우이,3891,3660,7551,231,7,29,금
2022-07-29,안산선,수리산,4138,3214,7352,924,7,29,금
2022-07-29,안산선,오이도,8851,8830,17681,21,7,29,금
2022-07-29,안산선,정왕,8364,8522,16886,-158,7,29,금
2022-07-29,안산선,신길온천,1833,1698,3531,135,7,29,금
2022-07-29,안산선,안산,12265,11325,23590,940,7,29,금
2022-07-29,안산선,초지,4684,4724,9408,-40,7,29,금
2022-07-29,안산선,고잔,8840,8323,17163,517,7,29,금
2022-07-29,안산선,중앙,18128,19856,37984,-1728,7,29,금
2022-07-29,안산선,한대앞,8949,8761,17710,188,7,29,금
2022-07-29,안산선,상록수,15626,15704,31330,-78,7,29,금
2022-07-29,안산선,반월,4208,3898,8106,310,7,29,금
2022-07-29,안산선,대야미,5030,4241,9271,789,7,29,금
2022-07-29,안산선,산본,16423,17642,34065,-1219,7,29,금
2022-07-29,신림선,관악산(서울대),3084,3018,6102,66,7,29,금
2022-07-29,신림선,서울대벤처타운,6552,6219,12771,333,7,29,금
2022-07-29,신림선,서원,2993,2508,5501,485,7,29,금
2022-07-29,신림선,신림,1780,2293,4073,-513,7,29,금
2022-07-29,신림선,당곡,3992,3775,7767,217,7,29,금
2022-07-29,신림선,보라매병원,6217,6427,12644,-210,7,29,금
2022-07-29,신림선,보라매공원,1738,1817,3555,-79,7,29,금
2022-07-29,신림선,보라매,2747,2379,5126,368,7,29,금
2022-07-29,신림선,서울지방병무청,2038,2243,4281,-205,7,29,금
2022-07-29,신림선,대방,2105,1666,3771,439,7,29,금
2022-07-29,신림선,샛강,2024,2575,4599,-551,7,29,금
2022-07-29,수인선,인천,1237,1974,3211,-737,7,29,금
2022-07-29,수인선,신포,1725,1738,3463,-13,7,29,금
2022-07-29,수인선,숭의,3991,3613,7604,378,7,29,금
2022-07-29,수인선,인하대,5677,5169,10846,508,7,29,금
2022-07-29,수인선,송도,2270,2082,4352,188,7,29,금
2022-07-29,수인선,연수,4622,4804,9426,-182,7,29,금
2022-07-29,수인선,원인재,4323,4449,8772,-126,7,29,금
2022-07-29,수인선,남동인더스파크,2243,2464,4707,-221,7,29,금
2022-07-29,수인선,호구포,4161,4169,8330,-8,7,29,금
2022-07-29,수인선,인천논현,5391,5767,11158,-376,7,29,금
2022-07-29,수인선,소래포구,4784,4393,9177,391,7,29,금
2022-07-29,수인선,월곶,2658,2486,5144,172,7,29,금
2022-07-29,수인선,달월,118,69,187,49,7,29,금
2022-07-30,7호선,청담,9483,10363,19846,-880,7,30,토
2022-07-30,7호선,건대입구,10427,10800,21227,-373,7,30,토
2022-07-30,7호선,어린이대공원(세종대),8270,7598,15868,672,7,30,토
2022-07-30,7호선,군자(능동),10071,7638,17709,2433,7,30,토
2022-07-30,7호선,중곡,6434,5842,12276,592,7,30,토
2022-07-30,7호선,용마산(용마폭포공원),3874,3851,7725,23,7,30,토
2022-07-30,7호선,사가정,10909,10380,21289,529,7,30,토
2022-07-30,7호선,면목,9986,9320,19306,666,7,30,토
2022-07-30,7호선,상봉(시외버스터미널),12266,11674,23940,592,7,30,토
2022-07-30,7호선,중화,7010,6457,13467,553,7,30,토
2022-07-30,7호선,먹골,7300,6730,14030,570,7,30,토
2022-07-30,7호선,태릉입구,6147,5618,11765,529,7,30,토
2022-07-30,7호선,공릉(서울과학기술대),7579,7312,14891,267,7,30,토
2022-07-30,7호선,하계,11347,10285,21632,1062,7,30,토
2022-07-30,7호선,중계,8404,7385,15789,1019,7,30,토
2022-07-30,7호선,노원,15106,15936,31042,-830,7,30,토
2022-07-30,7호선,마들,8475,7765,16240,710,7,30,토
2022-07-30,7호선,수락산,9901,9738,19639,163,7,30,토
2022-07-30,7호선,도봉산,5957,7861,13818,-1904,7,30,토
2022-07-30,7호선,장암,1720,1202,2922,518,7,30,토
2022-07-30,6호선,신내,2,0,2,2,7,30,토
2022-07-30,6호선,봉화산(서울의료원),4925,4685,9610,240,7,30,토
2022-07-30,6호선,화랑대(서울여대입구),6621,4962,11583,1659,7,30,토
2022-07-30,6호선,태릉입구,3944,4079,8023,-135,7,30,토
2022-07-30,6호선,석계,7958,7787,15745,171,7,30,토
2022-07-30,6호선,돌곶이,5711,5223,10934,488,7,30,토
2022-07-30,6호선,상월곡(한국과학기술연구원),3805,3253,7058,552,7,30,토
2022-07-30,6호선,월곡(동덕여대),6811,6414,13225,397,7,30,토
2022-07-30,6호선,고려대(종암),4962,4521,9483,441,7,30,토
2022-07-30,6호선,안암(고대병원앞),6144,5732,11876,412,7,30,토
2022-07-30,6호선,보문,4775,4187,8962,588,7,30,토
2022-07-30,6호선,창신,1989,1625,3614,364,7,30,토
2022-07-30,6호선,동묘앞,6308,6085,12393,223,7,30,토
2022-07-30,6호선,신당,6056,5625,11681,431,7,30,토
2022-07-30,6호선,청구,2302,2186,4488,116,7,30,토
2022-07-30,6호선,약수,2287,2301,4588,-14,7,30,토
2022-07-30,6호선,버티고개,1511,1543,3054,-32,7,30,토
2022-07-30,6호선,한강진,9083,11152,20235,-2069,7,30,토
2022-07-30,6호선,이태원,14038,18427,32465,-4389,7,30,토
2022-07-30,6호선,녹사평(용산구청),4637,5480,10117,-843,7,30,토
2022-07-30,6호선,삼각지,5450,3973,9423,1477,7,30,토
2022-07-30,6호선,효창공원앞,4309,3746,8055,563,7,30,토
2022-07-30,6호선,공덕,9129,8834,17963,295,7,30,토
2022-07-30,6호선,대흥(서강대앞),5391,5279,10670,112,7,30,토
2022-07-30,6호선,광흥창(서강),4725,4326,9051,399,7,30,토
2022-07-30,6호선,상수,8653,10838,19491,-2185,7,30,토
2022-07-30,6호선,합정,11778,11033,22811,745,7,30,토
2022-07-30,6호선,망원,11324,12418,23742,-1094,7,30,토
2022-07-30,6호선,마포구청,8694,7503,16197,1191,7,30,토
2022-07-30,6호선,월드컵경기장(성산),3937,4130,8067,-193,7,30,토
2022-07-30,6호선,디지털미디어시티,6804,6737,13541,67,7,30,토
2022-07-30,6호선,증산(명지대앞),6795,6415,13210,380,7,30,토
2022-07-30,6호선,새절(신사),8080,7398,15478,682,7,30,토
2022-07-30,6호선,구산,5024,3847,8871,1177,7,30,토
2022-07-30,6호선,독바위,1832,1994,3826,-162,7,30,토
2022-07-30,6호선,불광,3710,3257,6967,453,7,30,토
2022-07-30,6호선,역촌,2534,2782,5316,-248,7,30,토
2022-07-30,6호선,응암,11414,11069,22483,345,7,30,토
2022-07-30,5호선,하남검단산,5108,5182,10290,-74,7,30,토
2022-07-30,5호선,하남시청(덕풍·신장),5112,4789,9901,323,7,30,토
2022-07-30,5호선,하남풍산,2603,2602,5205,1,7,30,토
2022-07-30,5호선,미사,11395,11412,22807,-17,7,30,토
2022-07-30,5호선,강일,2888,2601,5489,287,7,30,토
2022-07-30,5호선,마천,4346,4462,8808,-116,7,30,토
2022-07-30,5호선,거여,5857,5452,11309,405,7,30,토
2022-07-30,5호선,개롱,3978,4088,8066,-110,7,30,토
2022-07-30,5호선,오금,2000,1739,3739,261,7,30,토
2022-07-30,5호선,방이,4805,4826,9631,-21,7,30,토
2022-07-30,5호선,올림픽공원(한국체대),4023,3405,7428,618,7,30,토
2022-07-30,5호선,둔촌동,5271,5274,10545,-3,7,30,토
2022-07-30,5호선,상일동,8732,8094,16826,638,7,30,토
2022-07-30,5호선,고덕,6119,5898,12017,221,7,30,토
2022-07-30,5호선,명일,5542,5481,11023,61,7,30,토
2022-07-30,5호선,굽은다리(강동구민회관앞),7083,6593,13676,490,7,30,토
2022-07-30,5호선,길동,5606,5674,11280,-68,7,30,토
2022-07-30,5호선,강동,11365,10469,21834,896,7,30,토
2022-07-30,5호선,천호(풍납토성),15804,14997,30801,807,7,30,토
2022-07-30,5호선,광나루(장신대),9377,8981,18358,396,7,30,토
2022-07-30,5호선,아차산(어린이대공원후문),10494,9938,20432,556,7,30,토
2022-07-30,5호선,군자(능동),7697,8393,16090,-696,7,30,토
2022-07-30,5호선,장한평,10654,10204,20858,450,7,30,토
2022-07-30,5호선,답십리,9465,8486,17951,979,7,30,토
2022-07-30,5호선,마장,3516,3191,6707,325,7,30,토
2022-07-30,5호선,왕십리(성동구청),3052,3912,6964,-860,7,30,토
2022-07-30,5호선,행당,4850,4088,8938,762,7,30,토
2022-07-30,5호선,신금호,3769,3816,7585,-47,7,30,토
2022-07-30,5호선,청구,2227,2036,4263,191,7,30,토
2022-07-30,5호선,동대문역사문화공원(DDP),1244,1483,2727,-239,7,30,토
2022-07-30,5호선,을지로4가,2914,3175,6089,-261,7,30,토
2022-07-30,5호선,종로3가,11444,11675,23119,-231,7,30,토
2022-07-30,5호선,광화문(세종문화회관),15219,16156,31375,-937,7,30,토
2022-07-30,5호선,서대문,6836,6580,13416,256,7,30,토
2022-07-30,5호선,충정로(경기대입구),1844,1624,3468,220,7,30,토
2022-07-30,5호선,애오개,3481,3386,6867,95,7,30,토
2022-07-30,5호선,공덕,6365,6479,12844,-114,7,30,토
2022-07-30,5호선,마포,6859,6963,13822,-104,7,30,토
2022-07-30,5호선,여의나루,12180,18907,31087,-6727,7,30,토
2022-07-30,5호선,여의도,11624,12782,24406,-1158,7,30,토
2022-07-30,5호선,신길,2788,2716,5504,72,7,30,토
2022-07-30,5호선,영등포시장,6985,7099,14084,-114,7,30,토
2022-07-30,5호선,영등포구청,1798,1615,3413,183,7,30,토
2022-07-30,5호선,양평,3509,3264,6773,245,7,30,토
2022-07-30,5호선,오목교(목동운동장앞),14469,15267,29736,-798,7,30,토
2022-07-30,5호선,목동,10227,10036,20263,191,7,30,토
2022-07-30,5호선,신정(은행정),8344,6828,15172,1516,7,30,토
2022-07-30,5호선,까치산,19611,18196,37807,1415,7,30,토
2022-07-30,5호선,화곡,18888,16663,35551,2225,7,30,토
2022-07-30,5호선,우장산,8973,8698,17671,275,7,30,토
2022-07-30,5호선,발산,11480,12521,24001,-1041,7,30,토
2022-07-30,5호선,마곡,4936,5098,10034,-162,7,30,토
2022-07-30,5호선,송정,4660,4306,8966,354,7,30,토
2022-07-30,5호선,김포공항,8131,8549,16680,-418,7,30,토
2022-07-30,5호선,개화산,3429,3295,6724,134,7,30,토
2022-07-30,5호선,방화,4320,4161,8481,159,7,30,토
2022-07-30,4호선,남태령,1055,630,1685,425,7,30,토
2022-07-30,4호선,사당,20159,17228,37387,2931,7,30,토
2022-07-30,4호선,총신대입구(이수),13132,14022,27154,-890,7,30,토
2022-07-30,4호선,동작(현충원),1070,1053,2123,17,7,30,토
2022-07-30,4호선,이촌(국립중앙박물관),9080,9567,18647,-487,7,30,토
2022-07-30,4호선,신용산,11731,12841,24572,-1110,7,30,토
2022-07-30,4호선,삼각지,3529,4738,8267,-1209,7,30,토
2022-07-30,4호선,숙대입구(갈월),9019,8808,17827,211,7,30,토
2022-07-30,4호선,서울역,5889,15282,21171,-9393,7,30,토
2022-07-30,4호선,회현(남대문시장),16907,17397,34304,-490,7,30,토
2022-07-30,4호선,명동,15074,16943,32017,-1869,7,30,토
2022-07-30,4호선,충무로,11394,12961,24355,-1567,7,30,토
2022-07-30,4호선,동대문역사문화공원(DDP),11904,10215,22119,1689,7,30,토
2022-07-30,4호선,동대문,12244,13015,25259,-771,7,30,토
2022-07-30,4호선,혜화,30118,30923,61041,-805,7,30,토
2022-07-30,4호선,한성대입구(삼선교),9214,8726,17940,488,7,30,토
2022-07-30,4호선,성신여대입구(돈암),15305,14611,29916,694,7,30,토
2022-07-30,4호선,길음,13447,12407,25854,1040,7,30,토
2022-07-30,4호선,미아사거리,20386,19328,39714,1058,7,30,토
2022-07-30,4호선,미아(서울사이버대학),9648,8894,18542,754,7,30,토
2022-07-30,4호선,수유(강북구청),24653,24098,48751,555,7,30,토
2022-07-30,4호선,쌍문,19518,17187,36705,2331,7,30,토
2022-07-30,4호선,창동,17981,19031,37012,-1050,7,30,토
2022-07-30,4호선,노원,14406,16165,30571,-1759,7,30,토
2022-07-30,4호선,상계,12693,11712,24405,981,7,30,토
2022-07-30,4호선,당고개,6993,6473,13466,520,7,30,토
2022-07-30,3호선,오금,3354,3241,6595,113,7,30,토
2022-07-30,경원선,덕계,2383,2174,4557,209,7,30,토
2022-07-30,1호선,서울역,35541,36777,72318,-1236,7,30,토
2022-07-30,1호선,시청,11608,11825,23433,-217,7,30,토
2022-07-30,1호선,종각,18938,18665,37603,273,7,30,토
2022-07-30,1호선,종로3가,19952,19222,39174,730,7,30,토
2022-07-30,1호선,종로5가,16778,16854,33632,-76,7,30,토
2022-07-30,1호선,동대문,9652,9811,19463,-159,7,30,토
2022-07-30,중앙선,지평,74,103,177,-29,7,30,토
2022-07-30,중앙선,용문,4381,4938,9319,-557,7,30,토
2022-07-30,중앙선,원덕,402,435,837,-33,7,30,토
2022-07-30,중앙선,양평,2700,3058,5758,-358,7,30,토
2022-07-30,중앙선,오빈,289,306,595,-17,7,30,토
2022-07-30,중앙선,아신,752,736,1488,16,7,30,토
2022-07-30,중앙선,국수,584,606,1190,-22,7,30,토
2022-07-30,중앙선,신원,172,181,353,-9,7,30,토
2022-07-30,중앙선,양수,2321,2424,4745,-103,7,30,토
2022-07-30,중앙선,운길산,888,858,1746,30,7,30,토
2022-07-30,중앙선,팔당,1242,1280,2522,-38,7,30,토
2022-07-30,중앙선,도심,1528,1265,2793,263,7,30,토
2022-07-30,중앙선,덕소,4246,4301,8547,-55,7,30,토
2022-07-30,중앙선,양정,505,438,943,67,7,30,토
2022-07-30,중앙선,도농,6690,6356,13046,334,7,30,토
2022-07-30,중앙선,구리,9486,9673,19159,-187,7,30,토
2022-07-30,중앙선,양원,1731,1643,3374,88,7,30,토
2022-07-30,수인선,고색,2614,2492,5106,122,7,30,토
2022-07-30,1호선,신설동,8967,8370,17337,597,7,30,토
2022-07-30,1호선,제기동,13394,13464,26858,-70,7,30,토
2022-07-30,1호선,청량리(서울시립대입구),16309,16809,33118,-500,7,30,토
2022-07-30,1호선,동묘앞,9590,9678,19268,-88,7,30,토
2022-07-30,2호선,시청,9630,8517,18147,1113,7,30,토
2022-07-30,2호선,을지로입구,21936,22249,44185,-313,7,30,토
2022-07-30,2호선,을지로3가,10561,10913,21474,-352,7,30,토
2022-07-30,2호선,을지로4가,6685,6952,13637,-267,7,30,토
2022-07-30,2호선,동대문역사문화공원(DDP),10839,12334,23173,-1495,7,30,토
2022-07-30,2호선,신당,9946,10261,20207,-315,7,30,토
2022-07-30,2호선,상왕십리,9159,8398,17557,761,7,30,토
2022-07-30,2호선,왕십리(성동구청),11870,10271,22141,1599,7,30,토
2022-07-30,2호선,한양대,3447,3384,6831,63,7,30,토
2022-07-30,2호선,뚝섬,12626,13034,25660,-408,7,30,토
2022-07-30,2호선,성수,19681,22700,42381,-3019,7,30,토
2022-07-30,2호선,건대입구,30553,34668,65221,-4115,7,30,토
2022-07-30,2호선,구의(광진구청),15274,14625,29899,649,7,30,토
2022-07-30,2호선,강변(동서울터미널),27171,28835,56006,-1664,7,30,토
2022-07-30,2호선,잠실나루,6817,6712,13529,105,7,30,토
2022-07-30,2호선,잠실(송파구청),68624,65586,134210,3038,7,30,토
2022-07-30,2호선,잠실새내,16274,17359,33633,-1085,7,30,토
2022-07-30,2호선,종합운동장,10836,11719,22555,-883,7,30,토
2022-07-30,2호선,삼성(무역센터),37050,36163,73213,887,7,30,토
2022-07-30,2호선,선릉,21571,19044,40615,2527,7,30,토
2022-07-30,2호선,역삼,16206,17825,34031,-1619,7,30,토
2022-07-30,2호선,강남,55226,54764,109990,462,7,30,토
2022-07-30,2호선,교대(법원.검찰청),15625,17522,33147,-1897,7,30,토
2022-07-30,2호선,서초,9908,8563,18471,1345,7,30,토
2022-07-30,2호선,방배,8684,8931,17615,-247,7,30,토
2022-07-30,2호선,사당,28421,31376,59797,-2955,7,30,토
2022-07-30,2호선,낙성대(강감찬),19700,17569,37269,2131,7,30,토
2022-07-30,2호선,서울대입구(관악구청),34074,32189,66263,1885,7,30,토
2022-07-30,2호선,봉천,16582,14627,31209,1955,7,30,토
2022-07-30,2호선,신림,44971,42160,87131,2811,7,30,토
2022-07-30,2호선,신대방,18268,16801,35069,1467,7,30,토
2022-07-30,2호선,구로디지털단지,31345,30236,61581,1109,7,30,토
2022-07-30,2호선,대림(구로구청),16870,17848,34718,-978,7,30,토
2022-07-30,2호선,신도림,33717,33859,67576,-142,7,30,토
2022-07-30,2호선,문래,10641,11292,21933,-651,7,30,토
2022-07-30,2호선,영등포구청,9704,10054,19758,-350,7,30,토
2022-07-30,2호선,당산,10329,11290,21619,-961,7,30,토
2022-07-30,2호선,합정,26156,29794,55950,-3638,7,30,토
2022-07-30,2호선,홍대입구,66121,74312,140433,-8191,7,30,토
2022-07-30,2호선,신촌,29380,29562,58942,-182,7,30,토
2022-07-30,2호선,이대,9750,10153,19903,-403,7,30,토
2022-07-30,2호선,아현,6853,6269,13122,584,7,30,토
2022-07-30,2호선,충정로(경기대입구),4397,4413,8810,-16,7,30,토
2022-07-30,2호선,용답,1971,1722,3693,249,7,30,토
2022-07-30,2호선,신답,950,926,1876,24,7,30,토
2022-07-30,2호선,신설동,3348,3371,6719,-23,7,30,토
2022-07-30,2호선,도림천,712,703,1415,9,7,30,토
2022-07-30,2호선,양천구청,3824,3757,7581,67,7,30,토
2022-07-30,2호선,신정네거리,6990,6736,13726,254,7,30,토
2022-07-30,2호선,용두(동대문구청),1608,1505,3113,103,7,30,토
2022-07-30,3호선,지축,3215,3012,6227,203,7,30,토
2022-07-30,3호선,구파발,15162,15433,30595,-271,7,30,토
2022-07-30,3호선,연신내,27231,25064,52295,2167,7,30,토
2022-07-30,3호선,불광,11739,13177,24916,-1438,7,30,토
2022-07-30,3호선,녹번,9587,8088,17675,1499,7,30,토
2022-07-30,3호선,홍제,12303,10885,23188,1418,7,30,토
2022-07-30,3호선,무악재,2507,2519,5026,-12,7,30,토
2022-07-30,3호선,독립문,5182,5070,10252,112,7,30,토
2022-07-30,3호선,경복궁(정부서울청사),15002,15999,31001,-997,7,30,토
2022-07-30,3호선,안국,14979,16073,31052,-1094,7,30,토
2022-07-30,8호선,천호(풍납토성),11153,13009,24162,-1856,7,30,토
2022-07-30,8호선,강동구청,5781,5679,11460,102,7,30,토
2022-07-30,8호선,몽촌토성(평화의문),3850,3785,7635,65,7,30,토
2022-07-30,8호선,잠실(송파구청),14158,16124,30282,-1966,7,30,토
2022-07-30,8호선,석촌,5339,6359,11698,-1020,7,30,토
2022-07-30,8호선,송파,6078,5725,11803,353,7,30,토
2022-07-30,8호선,가락시장,4648,4923,9571,-275,7,30,토
2022-07-30,8호선,문정,7384,7316,14700,68,7,30,토
2022-07-30,8호선,장지,11491,10484,21975,1007,7,30,토
2022-07-30,8호선,복정,5320,4455,9775,865,7,30,토
2022-07-30,8호선,산성,3832,3848,7680,-16,7,30,토
2022-07-30,8호선,남한산성입구(성남법원.검찰청),8491,7458,15949,1033,7,30,토
2022-07-30,8호선,단대오거리,7069,6478,13547,591,7,30,토
2022-07-30,8호선,신흥,3472,3725,7197,-253,7,30,토
2022-07-30,8호선,수진,4021,3455,7476,566,7,30,토
2022-07-30,8호선,모란,3404,3047,6451,357,7,30,토
2022-07-30,8호선,남위례,3101,3056,6157,45,7,30,토
2022-07-30,9호선,개화,1382,1118,2500,264,7,30,토
2022-07-30,9호선,김포공항,7852,11690,19542,-3838,7,30,토
2022-07-30,9호선,공항시장,2228,2348,4576,-120,7,30,토
2022-07-30,9호선,신방화,4546,4273,8819,273,7,30,토
2022-07-30,9호선,마곡나루(서울식물원),6798,6646,13444,152,7,30,토
2022-07-30,9호선,양천향교,5538,5209,10747,329,7,30,토
2022-07-30,9호선,가양,12996,12291,25287,705,7,30,토
2022-07-30,9호선,증미,4086,3872,7958,214,7,30,토
2022-07-30,9호선,등촌,6899,6505,13404,394,7,30,토
2022-07-30,9호선,염창,11236,10206,21442,1030,7,30,토
2022-07-30,9호선,신목동,2237,1876,4113,361,7,30,토
2022-07-30,9호선,선유도,3790,3361,7151,429,7,30,토
2022-07-30,9호선,당산,12319,11453,23772,866,7,30,토
2022-07-30,9호선,국회의사당,3402,3530,6932,-128,7,30,토
2022-07-30,9호선,여의도,13126,12333,25459,793,7,30,토
2022-07-30,9호선,샛강,2668,2637,5305,31,7,30,토
2022-07-30,9호선,노량진,19592,18853,38445,739,7,30,토
2022-07-30,9호선,노들,3141,2588,5729,553,7,30,토
2022-07-30,9호선,흑석(중앙대입구),5086,5086,10172,0,7,30,토
2022-07-30,9호선,동작(현충원),1364,1268,2632,96,7,30,토
2022-07-30,9호선,구반포,608,608,1216,0,7,30,토
2022-07-30,9호선,신반포,2644,2673,5317,-29,7,30,토
2022-07-30,9호선,고속터미널,14637,22102,36739,-7465,7,30,토
2022-07-30,9호선,사평,2352,2216,4568,136,7,30,토
2022-07-30,9호선,신논현,24009,24457,48466,-448,7,30,토
2022-07-30,9호선2~3단계,언주,5605,5416,11021,189,7,30,토
2022-07-30,9호선2~3단계,선정릉,4199,4644,8843,-445,7,30,토
2022-07-30,9호선2~3단계,삼성중앙,3014,3018,6032,-4,7,30,토
2022-07-30,9호선2~3단계,봉은사,16461,17301,33762,-840,7,30,토
2022-07-30,9호선2~3단계,종합운동장,3290,2947,6237,343,7,30,토
2022-07-30,9호선2~3단계,삼전,4909,4434,9343,475,7,30,토
2022-07-30,9호선2~3단계,석촌고분,4327,3971,8298,356,7,30,토
2022-07-30,9호선2~3단계,석촌,6493,5304,11797,1189,7,30,토
2022-07-30,9호선2~3단계,송파나루,4265,4638,8903,-373,7,30,토
2022-07-30,9호선2~3단계,한성백제,1725,1532,3257,193,7,30,토
2022-07-30,9호선2~3단계,올림픽공원(한국체대),8991,8988,17979,3,7,30,토
2022-07-30,9호선2~3단계,둔촌오륜,590,584,1174,6,7,30,토
2022-07-30,9호선2~3단계,중앙보훈병원,4875,4498,9373,377,7,30,토
2022-07-30,경강선,판교,3259,3142,6401,117,7,30,토
2022-07-30,경강선,이매,908,656,1564,252,7,30,토
2022-07-30,경강선,삼동,1411,1323,2734,88,7,30,토
2022-07-30,경강선,경기광주,5432,5061,10493,371,7,30,토
2022-07-30,경강선,초월,2317,2053,4370,264,7,30,토
2022-07-30,경강선,곤지암,1986,1977,3963,9,7,30,토
2022-07-30,경강선,신둔도예촌,1264,1228,2492,36,7,30,토
2022-07-30,경강선,이천,3097,3089,6186,8,7,30,토
2022-07-30,경강선,부발,2150,1854,4004,296,7,30,토
2022-07-30,경강선,세종대왕릉,352,372,724,-20,7,30,토
2022-07-30,경강선,여주,2850,3065,5915,-215,7,30,토
2022-07-30,경부선,서울역,9005,2436,11441,6569,7,30,토
2022-07-30,경부선,남영,5748,5689,11437,59,7,30,토
2022-07-30,경부선,용산,40762,44335,85097,-3573,7,30,토
2022-07-30,경부선,노량진,6927,6130,13057,797,7,30,토
2022-07-30,경부선,대방,6128,6513,12641,-385,7,30,토
2022-07-30,경부선,영등포,39923,42178,82101,-2255,7,30,토
2022-07-30,경부선,신도림,2339,2545,4884,-206,7,30,토
2022-07-30,경부선,신길,5523,4463,9986,1060,7,30,토
2022-07-30,경부선,구로,11372,11760,23132,-388,7,30,토
2022-07-30,경부선,가산디지털단지,5858,7514,13372,-1656,7,30,토
2022-07-30,경부선,금천구청,7143,7129,14272,14,7,30,토
2022-07-30,경부선,석수,5935,5396,11331,539,7,30,토
2022-07-30,경부선,관악,5289,5152,10441,137,7,30,토
2022-07-30,경부선,안양,16377,16208,32585,169,7,30,토
2022-07-30,경부선,명학,4093,3729,7822,364,7,30,토
2022-07-30,경부선,금정,18311,18486,36797,-175,7,30,토
2022-07-30,경부선,군포,3855,3430,7285,425,7,30,토
2022-07-30,경부선,의왕,5109,4853,9962,256,7,30,토
2022-07-30,경부선,성균관대,9291,9414,18705,-123,7,30,토
2022-07-30,경부선,화서,5020,4834,9854,186,7,30,토
2022-07-30,경부선,수원,37753,41581,79334,-3828,7,30,토
2022-07-30,경부선,독산,8171,7643,15814,528,7,30,토
2022-07-30,경부선,세류,2439,2414,4853,25,7,30,토
2022-07-30,경부선,병점,11380,11328,22708,52,7,30,토
2022-07-30,경부선,세마,2144,1885,4029,259,7,30,토
2022-07-30,경부선,오산대,2661,2387,5048,274,7,30,토
2022-07-30,경부선,오산,9778,8761,18539,1017,7,30,토
2022-07-30,경부선,진위,1065,844,1909,221,7,30,토
2022-07-30,경부선,송탄,4994,4324,9318,670,7,30,토
2022-07-30,경부선,서정리,7221,5693,12914,1528,7,30,토
2022-07-30,경부선,평택지제,3564,3367,6931,197,7,30,토
2022-07-30,경부선,평택,13699,13378,27077,321,7,30,토
2022-07-30,경부선,성환,3094,2721,5815,373,7,30,토
2022-07-30,3호선,경찰병원,3684,3594,7278,90,7,30,토
2022-07-30,경부선,직산,685,617,1302,68,7,30,토
2022-07-30,경부선,두정,5269,5383,10652,-114,7,30,토
2022-07-30,경부선,천안,6691,6952,13643,-261,7,30,토
2022-07-30,경부선,당정,3761,3412,7173,349,7,30,토
2022-07-30,경부선,서동탄,924,930,1854,-6,7,30,토
2022-07-30,경부선,광명,2738,2587,5325,151,7,30,토
2022-07-30,경원선,이촌(국립중앙박물관),2649,2003,4652,646,7,30,토
2022-07-30,경원선,서빙고,1457,1405,2862,52,7,30,토
2022-07-30,경원선,한남,2506,2415,4921,91,7,30,토
2022-07-30,경원선,옥수,29,29,58,0,7,30,토
2022-07-30,경원선,응봉,1283,1135,2418,148,7,30,토
2022-07-30,경원선,왕십리(성동구청),11727,13790,25517,-2063,7,30,토
2022-07-30,경원선,청량리(서울시립대입구),17023,17501,34524,-478,7,30,토
2022-07-30,경원선,외대앞,5575,5243,10818,332,7,30,토
2022-07-30,경원선,신이문,5656,5041,10697,615,7,30,토
2022-07-30,경원선,석계,5975,6213,12188,-238,7,30,토
2022-07-30,경원선,광운대,4838,4740,9578,98,7,30,토
2022-07-30,경원선,월계,4283,3631,7914,652,7,30,토
2022-07-30,경원선,녹천,2889,2357,5246,532,7,30,토
2022-07-30,경원선,방학,7079,6714,13793,365,7,30,토
2022-07-30,경원선,도봉,4176,3824,8000,352,7,30,토
2022-07-30,경원선,도봉산,7682,5121,12803,2561,7,30,토
2022-07-30,경원선,망월사,5259,5235,10494,24,7,30,토
2022-07-30,경원선,회룡,8683,8524,17207,159,7,30,토
2022-07-30,경원선,의정부,17078,17941,35019,-863,7,30,토
2022-07-30,경원선,가능,4958,4626,9584,332,7,30,토
2022-07-30,경원선,녹양,3258,3054,6312,204,7,30,토
2022-07-30,경원선,양주,5999,5611,11610,388,7,30,토
2022-07-30,경원선,덕정,4282,3712,7994,570,7,30,토
2022-07-30,경원선,지행,5437,5283,10720,154,7,30,토
2022-07-30,경원선,동두천중앙,2624,2661,5285,-37,7,30,토
2022-07-30,경원선,보산,1841,1779,3620,62,7,30,토
2022-07-30,경원선,동두천,1686,2037,3723,-351,7,30,토
2022-07-30,경원선,소요산,5017,4419,9436,598,7,30,토
2022-07-30,경의선,서울역,1419,1517,2936,-98,7,30,토
2022-07-30,경의선,신촌,376,412,788,-36,7,30,토
2022-07-30,경의선,효창공원앞,1738,1882,3620,-144,7,30,토
2022-07-30,경의선,공덕,2446,1815,4261,631,7,30,토
2022-07-30,경의선,서강대,1615,1513,3128,102,7,30,토
2022-07-30,경의선,홍대입구,1919,2694,4613,-775,7,30,토
2022-07-30,경의선,가좌,3836,3527,7363,309,7,30,토
2022-07-30,경의선,디지털미디어시티,2019,1656,3675,363,7,30,토
2022-07-30,경의선,수색,1386,1383,2769,3,7,30,토
2022-07-30,경의선,화전,852,841,1693,11,7,30,토
2022-07-30,경의선,강매,1825,1610,3435,215,7,30,토
2022-07-30,경의선,행신,5233,5398,10631,-165,7,30,토
2022-07-30,경의선,능곡,2612,2522,5134,90,7,30,토
2022-07-30,경의선,곡산,362,318,680,44,7,30,토
2022-07-30,경의선,백마,4047,3666,7713,381,7,30,토
2022-07-30,경의선,풍산,4110,3911,8021,199,7,30,토
2022-07-30,경의선,일산,5534,5223,10757,311,7,30,토
2022-07-30,경의선,탄현,4993,4726,9719,267,7,30,토
2022-07-30,경의선,야당,5928,6028,11956,-100,7,30,토
2022-07-30,경의선,운정,4617,4147,8764,470,7,30,토
2022-07-30,경의선,금릉,3543,3359,6902,184,7,30,토
2022-07-30,경의선,금촌,5489,5090,10579,399,7,30,토
2022-07-30,경의선,월롱,1874,1457,3331,417,7,30,토
2022-07-30,경의선,파주,880,647,1527,233,7,30,토
2022-07-30,경의선,문산,5174,4708,9882,466,7,30,토
2022-07-30,경의선,임진강,75,64,139,11,7,30,토
2022-07-30,경인선,개봉,14477,13873,28350,604,7,30,토
2022-07-30,경인선,오류동,8257,7417,15674,840,7,30,토
2022-07-30,경인선,역곡,17984,17505,35489,479,7,30,토
2022-07-30,경인선,부천,26589,26924,53513,-335,7,30,토
2022-07-30,경인선,송내,16597,16111,32708,486,7,30,토
2022-07-30,경인선,부평,27184,30336,57520,-3152,7,30,토
2022-07-30,경인선,백운,5032,4755,9787,277,7,30,토
2022-07-30,경인선,동암,11871,12013,23884,-142,7,30,토
2022-07-30,경인선,주안,14774,12534,27308,2240,7,30,토
2022-07-30,경인선,제물포,6476,6150,12626,326,7,30,토
2022-07-30,경인선,동인천,11058,10917,21975,141,7,30,토
2022-07-30,경인선,인천,4571,4021,8592,550,7,30,토
2022-07-30,경인선,구일,4402,4042,8444,360,7,30,토
2022-07-30,경인선,소사,5904,5836,11740,68,7,30,토
2022-07-30,경인선,부개,5884,5454,11338,430,7,30,토
2022-07-30,경인선,간석,3976,3646,7622,330,7,30,토
2022-07-30,경인선,도원,1858,1950,3808,-92,7,30,토
2022-07-30,경인선,온수(성공회대입구),4431,4002,8433,429,7,30,토
2022-07-30,경인선,중동,5872,5433,11305,439,7,30,토
2022-07-30,경인선,도화,2903,2571,5474,332,7,30,토
2022-07-30,경춘선,신내,1247,1143,2390,104,7,30,토
2022-07-30,경춘선,갈매,1729,1429,3158,300,7,30,토
2022-07-30,경춘선,별내,2172,1983,4155,189,7,30,토
2022-07-30,경춘선,퇴계원,2416,2122,4538,294,7,30,토
2022-07-30,경춘선,사릉,1518,1519,3037,-1,7,30,토
2022-07-30,경춘선,금곡,1042,952,1994,90,7,30,토
2022-07-30,경춘선,평내호평,4197,4063,8260,134,7,30,토
2022-07-30,경춘선,천마산,1236,1182,2418,54,7,30,토
2022-07-30,경춘선,마석,3211,3120,6331,91,7,30,토
2022-07-30,경춘선,대성리,1380,1288,2668,92,7,30,토
2022-07-30,경춘선,청평,2207,2475,4682,-268,7,30,토
2022-07-30,경춘선,상천,407,448,855,-41,7,30,토
2022-07-30,경춘선,가평,3291,4377,7668,-1086,7,30,토
2022-07-30,경춘선,굴봉산,241,222,463,19,7,30,토
2022-07-30,경춘선,백양리,185,202,387,-17,7,30,토
2022-07-30,경춘선,강촌,752,819,1571,-67,7,30,토
2022-07-30,경춘선,김유정,384,406,790,-22,7,30,토
2022-07-30,경춘선,남춘천,2985,3346,6331,-361,7,30,토
2022-07-30,경춘선,춘천,1952,1871,3823,81,7,30,토
2022-07-30,공항철도 1호선,서울역,9371,9460,18831,-89,7,30,토
2022-07-30,공항철도 1호선,공덕,1556,2171,3727,-615,7,30,토
2022-07-30,공항철도 1호선,홍대입구,12822,13273,26095,-451,7,30,토
2022-07-30,공항철도 1호선,디지털미디어시티,4588,4341,8929,247,7,30,토
2022-07-30,공항철도 1호선,마곡나루(서울식물원),2758,2905,5663,-147,7,30,토
2022-07-30,공항철도 1호선,김포공항,10500,5643,16143,4857,7,30,토
2022-07-30,공항철도 1호선,계양,7363,6617,13980,746,7,30,토
2022-07-30,공항철도 1호선,검암,4401,4404,8805,-3,7,30,토
2022-07-30,공항철도 1호선,청라국제도시,4413,4003,8416,410,7,30,토
2022-07-30,공항철도 1호선,운서,7085,7149,14234,-64,7,30,토
2022-07-30,공항철도 1호선,공항화물청사,1371,1410,2781,-39,7,30,토
2022-07-30,공항철도 1호선,인천공항1터미널,8602,8632,17234,-30,7,30,토
2022-07-30,공항철도 1호선,인천공항2터미널,4244,3783,8027,461,7,30,토
2022-07-30,공항철도 1호선,영종,3147,3273,6420,-126,7,30,토
2022-07-30,과천선,선바위,4493,3973,8466,520,7,30,토
2022-07-30,과천선,경마공원,14116,14382,28498,-266,7,30,토
2022-07-30,과천선,대공원,3758,3888,7646,-130,7,30,토
2022-07-30,과천선,과천,4608,4353,8961,255,7,30,토
2022-07-30,과천선,정부과천청사,6366,6295,12661,71,7,30,토
2022-07-30,과천선,인덕원,14926,14992,29918,-66,7,30,토
2022-07-30,과천선,평촌,8718,8616,17334,102,7,30,토
2022-07-30,과천선,범계,19294,18989,38283,305,7,30,토
2022-07-30,분당선,선릉,4600,6683,11283,-2083,7,30,토
2022-07-30,분당선,한티,12943,12199,25142,744,7,30,토
2022-07-30,분당선,도곡,4051,3704,7755,347,7,30,토
2022-07-30,분당선,구룡,1178,1071,2249,107,7,30,토
2022-07-30,분당선,개포동,2645,2555,5200,90,7,30,토
2022-07-30,분당선,대모산입구,2726,2308,5034,418,7,30,토
2022-07-30,분당선,수서,9506,10021,19527,-515,7,30,토
2022-07-30,분당선,수원,7246,5987,13233,1259,7,30,토
2022-07-30,분당선,서울숲,7465,7777,15242,-312,7,30,토
2022-07-30,분당선,압구정로데오,16426,19798,36224,-3372,7,30,토
2022-07-30,분당선,강남구청,4186,4900,9086,-714,7,30,토
2022-07-30,분당선,선정릉,2784,2794,5578,-10,7,30,토
2022-07-30,분당선,가천대,4326,4587,8913,-261,7,30,토
2022-07-30,분당선,태평,10470,9645,20115,825,7,30,토
2022-07-30,분당선,모란,14483,15010,29493,-527,7,30,토
2022-07-30,분당선,야탑,16092,17202,33294,-1110,7,30,토
2022-07-30,분당선,서현,17930,18190,36120,-260,7,30,토
2022-07-30,분당선,수내,8466,7907,16373,559,7,30,토
2022-07-30,분당선,정자,10182,10463,20645,-281,7,30,토
2022-07-30,분당선,미금,9883,10240,20123,-357,7,30,토
2022-07-30,분당선,오리,6982,5615,12597,1367,7,30,토
2022-07-30,분당선,이매,3885,3890,7775,-5,7,30,토
2022-07-30,분당선,보정,1561,1432,2993,129,7,30,토
2022-07-30,분당선,죽전,9050,10298,19348,-1248,7,30,토
2022-07-30,분당선,구성,3016,3204,6220,-188,7,30,토
2022-07-30,분당선,신갈,2610,2508,5118,102,7,30,토
2022-07-30,분당선,기흥,6649,6150,12799,499,7,30,토
2022-07-30,분당선,상갈,3540,3578,7118,-38,7,30,토
2022-07-30,분당선,청명,2579,2525,5104,54,7,30,토
2022-07-30,분당선,영통,6478,6319,12797,159,7,30,토
2022-07-30,분당선,망포,8890,7919,16809,971,7,30,토
2022-07-30,분당선,매탄권선,3279,3063,6342,216,7,30,토
2022-07-30,분당선,수원시청,9446,10809,20255,-1363,7,30,토
2022-07-30,분당선,매교,2024,2082,4106,-58,7,30,토
2022-07-30,수인선,오목천,2242,1939,4181,303,7,30,토
2022-07-30,수인선,어천,812,724,1536,88,7,30,토
2022-07-30,수인선,야목,249,187,436,62,7,30,토
2022-07-30,수인선,사리,3362,2663,6025,699,7,30,토
2022-07-30,수인선,달월,61,53,114,8,7,30,토
2022-07-30,수인선,월곶,2034,1926,3960,108,7,30,토
2022-07-30,수인선,소래포구,4320,4299,8619,21,7,30,토
2022-07-30,수인선,인천논현,3868,4002,7870,-134,7,30,토
2022-07-30,수인선,호구포,2489,2211,4700,278,7,30,토
2022-07-30,수인선,남동인더스파크,854,816,1670,38,7,30,토
2022-07-30,수인선,원인재,3218,3235,6453,-17,7,30,토
2022-07-30,수인선,연수,3679,3755,7434,-76,7,30,토
2022-07-30,수인선,송도,1627,1603,3230,24,7,30,토
2022-07-30,수인선,인하대,3773,3451,7224,322,7,30,토
2022-07-30,수인선,숭의,2285,2146,4431,139,7,30,토
2022-07-30,수인선,신포,1286,1348,2634,-62,7,30,토
2022-07-30,수인선,인천,1278,2048,3326,-770,7,30,토
2022-07-30,신림선,샛강,878,1326,2204,-448,7,30,토
2022-07-30,신림선,대방,1536,1068,2604,468,7,30,토
2022-07-30,신림선,서울지방병무청,1721,1732,3453,-11,7,30,토
2022-07-30,신림선,보라매,1988,1745,3733,243,7,30,토
2022-07-30,신림선,보라매공원,1095,1140,2235,-45,7,30,토
2022-07-30,신림선,보라매병원,2498,2485,4983,13,7,30,토
2022-07-30,신림선,당곡,2854,2569,5423,285,7,30,토
2022-07-30,신림선,신림,1388,1740,3128,-352,7,30,토
2022-07-30,신림선,서원,2205,1860,4065,345,7,30,토
2022-07-30,신림선,서울대벤처타운,5228,4799,10027,429,7,30,토
2022-07-30,신림선,관악산(서울대),4529,4309,8838,220,7,30,토
2022-07-30,안산선,산본,11477,12190,23667,-713,7,30,토
2022-07-30,안산선,대야미,3604,3127,6731,477,7,30,토
2022-07-30,안산선,반월,3165,2926,6091,239,7,30,토
2022-07-30,안산선,상록수,11253,11094,22347,159,7,30,토
2022-07-30,안산선,한대앞,6305,6230,12535,75,7,30,토
2022-07-30,안산선,중앙,14279,15295,29574,-1016,7,30,토
2022-07-30,안산선,고잔,5347,5150,10497,197,7,30,토
2022-07-30,안산선,초지,3178,3009,6187,169,7,30,토
2022-07-30,안산선,안산,10410,10810,21220,-400,7,30,토
2022-07-30,안산선,신길온천,1378,1329,2707,49,7,30,토
2022-07-30,안산선,정왕,6564,6454,13018,110,7,30,토
2022-07-30,안산선,오이도,7227,7379,14606,-152,7,30,토
2022-07-30,안산선,수리산,2687,2272,4959,415,7,30,토
2022-07-30,우이신설선,북한산우이,3415,3847,7262,-432,7,30,토
2022-07-30,우이신설선,솔밭공원,1619,1611,3230,8,7,30,토
2022-07-30,우이신설선,4.19민주묘지,2129,1858,3987,271,7,30,토
2022-07-30,우이신설선,가오리,2825,2642,5467,183,7,30,토
2022-07-30,우이신설선,화계,2289,2058,4347,231,7,30,토
2022-07-30,우이신설선,삼양,1402,1407,2809,-5,7,30,토
2022-07-30,우이신설선,삼양사거리,1765,1773,3538,-8,7,30,토
2022-07-30,우이신설선,솔샘,3546,3010,6556,536,7,30,토
2022-07-30,우이신설선,북한산보국문,4372,3888,8260,484,7,30,토
2022-07-30,우이신설선,정릉,3210,2504,5714,706,7,30,토
2022-07-30,우이신설선,성신여대입구(돈암),2684,3168,5852,-484,7,30,토
2022-07-30,우이신설선,보문,1097,1093,2190,4,7,30,토
2022-07-30,우이신설선,신설동,1285,1250,2535,35,7,30,토
2022-07-30,일산선,원흥,7110,6434,13544,676,7,30,토
2022-07-30,일산선,지축,1,0,1,1,7,30,토
2022-07-30,일산선,삼송,13566,13053,26619,513,7,30,토
2022-07-30,일산선,원당,7400,6869,14269,531,7,30,토
2022-07-30,일산선,화정,11691,11964,23655,-273,7,30,토
2022-07-30,일산선,대곡,1278,1114,2392,164,7,30,토
2022-07-30,일산선,백석,6996,6890,13886,106,7,30,토
2022-07-30,일산선,마두,4594,4590,9184,4,7,30,토
2022-07-30,일산선,정발산,5888,6066,11954,-178,7,30,토
2022-07-30,일산선,주엽,6556,6421,12977,135,7,30,토
2022-07-30,일산선,대화,8977,7888,16865,1089,7,30,토
2022-07-30,장항선,봉명,708,623,1331,85,7,30,토
2022-07-30,장항선,쌍용(나사렛대),1517,1366,2883,151,7,30,토
2022-07-30,장항선,아산,3010,3026,6036,-16,7,30,토
2022-07-30,장항선,탕정,739,623,1362,116,7,30,토
2022-07-30,장항선,배방,1014,918,1932,96,7,30,토
2022-07-30,장항선,온양온천,3785,3876,7661,-91,7,30,토
2022-07-30,장항선,신창(순천향대),1126,1018,2144,108,7,30,토
2022-07-30,중앙선,회기,17765,16468,34233,1297,7,30,토
2022-07-30,중앙선,중랑,4393,4107,8500,286,7,30,토
2022-07-30,중앙선,상봉(시외버스터미널),4565,4348,8913,217,7,30,토
2022-07-30,중앙선,망우,6142,5983,12125,159,7,30,토
2022-07-30,3호선,종로3가,5670,8063,13733,-2393,7,30,토
2022-07-30,3호선,을지로3가,5011,5055,10066,-44,7,30,토
2022-07-30,3호선,동대입구,5983,6712,12695,-729,7,30,토
2022-07-30,3호선,약수,8416,7807,16223,609,7,30,토
2022-07-30,3호선,금호,5153,4606,9759,547,7,30,토
2022-07-30,3호선,옥수,6391,6007,12398,384,7,30,토
2022-07-30,3호선,압구정,22646,24410,47056,-1764,7,30,토
2022-07-30,3호선,신사,21108,22070,43178,-962,7,30,토
2022-07-30,3호선,잠원,3002,2835,5837,167,7,30,토
2022-07-30,3호선,고속터미널,50633,52156,102789,-1523,7,30,토
2022-07-30,3호선,교대(법원.검찰청),6320,4076,10396,2244,7,30,토
2022-07-30,3호선,남부터미널(예술의전당),19898,19737,39635,161,7,30,토
2022-07-30,3호선,양재(서초구청),16441,18010,34451,-1569,7,30,토
2022-07-30,3호선,매봉,5520,5368,10888,152,7,30,토
2022-07-30,3호선,도곡,2671,2657,5328,14,7,30,토
2022-07-30,3호선,대치,10108,8929,19037,1179,7,30,토
2022-07-30,3호선,학여울,2544,2584,5128,-40,7,30,토
2022-07-30,3호선,대청,5293,4901,10194,392,7,30,토
2022-07-30,3호선,일원,4607,4245,8852,362,7,30,토
2022-07-30,3호선,수서,12482,12703,25185,-221,7,30,토
2022-07-30,3호선,가락시장,5475,5027,10502,448,7,30,토
2022-07-30,8호선,암사,11537,10438,21975,1099,7,30,토
2022-07-30,7호선,온수(성공회대입구),5078,4918,9996,160,7,30,토
2022-07-30,7호선,천왕,6172,5806,11978,366,7,30,토
2022-07-30,7호선,광명사거리,15080,15041,30121,39,7,30,토
2022-07-30,7호선,철산,13934,13775,27709,159,7,30,토
2022-07-30,7호선,가산디지털단지,13331,11939,25270,1392,7,30,토
2022-07-30,7호선,남구로,7857,8061,15918,-204,7,30,토
2022-07-30,7호선,대림(구로구청),7121,7726,14847,-605,7,30,토
2022-07-30,7호선,신풍,7461,6998,14459,463,7,30,토
2022-07-30,7호선,보라매,4699,4662,9361,37,7,30,토
2022-07-30,7호선,신대방삼거리,10001,9053,19054,948,7,30,토
2022-07-30,7호선,장승배기,6010,5628,11638,382,7,30,토
2022-07-30,7호선,상도,7014,6337,13351,677,7,30,토
2022-07-30,7호선,숭실대입구(살피재),7180,6920,14100,260,7,30,토
2022-07-30,7호선,남성,7293,6470,13763,823,7,30,토
2022-07-30,7호선,이수,11198,10710,21908,488,7,30,토
2022-07-30,7호선,내방,7267,7289,14556,-22,7,30,토
2022-07-30,7호선,고속터미널,14648,10868,25516,3780,7,30,토
2022-07-30,7호선,반포,4186,4202,8388,-16,7,30,토
2022-07-30,7호선,논현,8984,9893,18877,-909,7,30,토
2022-07-30,7호선,학동,8598,8874,17472,-276,7,30,토
2022-07-30,7호선,강남구청,7868,8791,16659,-923,7,30,토
2022-07-30,7호선,뚝섬유원지,8095,7560,15655,535,7,30,토
2022-07-31,분당선,서울숲,4838,4972,9810,-134,7,31,일
2022-07-31,분당선,압구정로데오,9504,10207,19711,-703,7,31,일
2022-07-31,분당선,강남구청,2551,2964,5515,-413,7,31,일
2022-07-31,분당선,선정릉,1646,1626,3272,20,7,31,일
2022-07-31,분당선,가천대,3091,3864,6955,-773,7,31,일
2022-07-31,분당선,태평,7465,7235,14700,230,7,31,일
2022-07-31,분당선,모란,10249,10611,20860,-362,7,31,일
2022-07-31,분당선,야탑,12476,12554,25030,-78,7,31,일
2022-07-31,분당선,서현,13672,13561,27233,111,7,31,일
2022-07-31,분당선,수내,5603,5650,11253,-47,7,31,일
2022-07-31,분당선,정자,6883,7193,14076,-310,7,31,일
2022-07-31,분당선,미금,6748,7200,13948,-452,7,31,일
2022-07-31,분당선,오리,4948,4315,9263,633,7,31,일
2022-07-31,분당선,이매,3104,3255,6359,-151,7,31,일
2022-07-31,분당선,보정,1024,920,1944,104,7,31,일
2022-07-31,분당선,죽전,6786,7812,14598,-1026,7,31,일
2022-07-31,분당선,구성,2074,2372,4446,-298,7,31,일
2022-07-31,분당선,신갈,1870,1932,3802,-62,7,31,일
2022-07-31,분당선,기흥,4812,4683,9495,129,7,31,일
2022-07-31,분당선,상갈,2541,2664,5205,-123,7,31,일
2022-07-31,분당선,청명,1839,1826,3665,13,7,31,일
2022-07-31,분당선,영통,4482,4468,8950,14,7,31,일
2022-07-31,분당선,망포,5628,5925,11553,-297,7,31,일
2022-07-31,분당선,매탄권선,2289,2222,4511,67,7,31,일
2022-07-31,분당선,수원시청,6173,6297,12470,-124,7,31,일
2022-07-31,분당선,매교,1380,1381,2761,-1,7,31,일
2022-07-31,수인선,고색,1740,1744,3484,-4,7,31,일
2022-07-31,수인선,오목천,1406,1364,2770,42,7,31,일
2022-07-31,수인선,어천,570,585,1155,-15,7,31,일
2022-07-31,수인선,야목,164,157,321,7,7,31,일
2022-07-31,수인선,사리,2241,1954,4195,287,7,31,일
2022-07-31,수인선,달월,50,42,92,8,7,31,일
2022-07-31,수인선,월곶,1465,1441,2906,24,7,31,일
2022-07-31,수인선,소래포구,3404,3257,6661,147,7,31,일
2022-07-31,수인선,인천논현,2583,2669,5252,-86,7,31,일
2022-07-31,수인선,호구포,1826,1871,3697,-45,7,31,일
2022-07-31,수인선,남동인더스파크,565,557,1122,8,7,31,일
2022-07-31,수인선,원인재,2353,2410,4763,-57,7,31,일
2022-07-31,수인선,연수,2936,2911,5847,25,7,31,일
2022-07-31,수인선,송도,1193,1157,2350,36,7,31,일
2022-07-31,수인선,인하대,2426,2438,4864,-12,7,31,일
2022-07-31,수인선,숭의,1664,1531,3195,133,7,31,일
2022-07-31,수인선,신포,899,889,1788,10,7,31,일
2022-07-31,수인선,인천,963,1398,2361,-435,7,31,일
2022-07-31,신림선,샛강,612,835,1447,-223,7,31,일
2022-07-31,신림선,대방,1106,796,1902,310,7,31,일
2022-07-31,신림선,서울지방병무청,1288,1334,2622,-46,7,31,일
2022-07-31,신림선,보라매,1528,1454,2982,74,7,31,일
2022-07-31,신림선,보라매공원,794,819,1613,-25,7,31,일
2022-07-31,신림선,보라매병원,1679,1702,3381,-23,7,31,일
2022-07-31,신림선,당곡,2008,2020,4028,-12,7,31,일
2022-07-31,신림선,신림,973,1399,2372,-426,7,31,일
2022-07-31,신림선,서원,1648,1677,3325,-29,7,31,일
2022-07-31,신림선,서울대벤처타운,3833,3884,7717,-51,7,31,일
2022-07-31,신림선,관악산(서울대),2625,2655,5280,-30,7,31,일
2022-07-31,안산선,산본,7784,8411,16195,-627,7,31,일
2022-07-31,안산선,대야미,2476,2376,4852,100,7,31,일
2022-07-31,안산선,반월,2136,2039,4175,97,7,31,일
2022-07-31,안산선,상록수,8147,8011,16158,136,7,31,일
2022-07-31,안산선,한대앞,4627,4569,9196,58,7,31,일
2022-07-31,안산선,중앙,9688,9759,19447,-71,7,31,일
2022-07-31,안산선,고잔,3981,3778,7759,203,7,31,일
2022-07-31,안산선,초지,2183,1997,4180,186,7,31,일
2022-07-31,안산선,안산,9647,9552,19199,95,7,31,일
2022-07-31,안산선,신길온천,1019,963,1982,56,7,31,일
2022-07-31,안산선,정왕,4971,5092,10063,-121,7,31,일
2022-07-31,안산선,오이도,5142,5095,10237,47,7,31,일
2022-07-31,안산선,수리산,1847,1617,3464,230,7,31,일
2022-07-31,우이신설선,북한산우이,2793,2798,5591,-5,7,31,일
2022-07-31,우이신설선,솔밭공원,1249,1190,2439,59,7,31,일
2022-07-31,우이신설선,4.19민주묘지,1587,1456,3043,131,7,31,일
2022-07-31,우이신설선,가오리,2033,2099,4132,-66,7,31,일
2022-07-31,우이신설선,화계,1835,1707,3542,128,7,31,일
2022-07-31,우이신설선,삼양,1102,1018,2120,84,7,31,일
2022-07-31,우이신설선,삼양사거리,1322,1358,2680,-36,7,31,일
2022-07-31,우이신설선,솔샘,2550,2360,4910,190,7,31,일
2022-07-31,우이신설선,북한산보국문,3250,2958,6208,292,7,31,일
2022-07-31,우이신설선,정릉,2466,2140,4606,326,7,31,일
2022-07-31,우이신설선,성신여대입구(돈암),2152,2320,4472,-168,7,31,일
2022-07-31,우이신설선,보문,900,927,1827,-27,7,31,일
2022-07-31,우이신설선,신설동,948,936,1884,12,7,31,일
2022-07-31,일산선,원흥,5095,4875,9970,220,7,31,일
2022-07-31,일산선,삼송,9720,9668,19388,52,7,31,일
2022-07-31,일산선,원당,5207,5132,10339,75,7,31,일
2022-07-31,일산선,화정,8125,8376,16501,-251,7,31,일
2022-07-31,일산선,대곡,1001,832,1833,169,7,31,일
2022-07-31,일산선,백석,4940,4841,9781,99,7,31,일
2022-07-31,일산선,마두,2997,2992,5989,5,7,31,일
2022-07-31,일산선,정발산,4660,4726,9386,-66,7,31,일
2022-07-31,일산선,주엽,4325,4441,8766,-116,7,31,일
2022-07-31,일산선,대화,5574,5488,11062,86,7,31,일
2022-07-31,장항선,봉명,458,466,924,-8,7,31,일
2022-07-31,장항선,쌍용(나사렛대),1030,1086,2116,-56,7,31,일
2022-07-31,장항선,아산,3129,2198,5327,931,7,31,일
2022-07-31,장항선,탕정,430,453,883,-23,7,31,일
2022-07-31,장항선,배방,631,790,1421,-159,7,31,일
2022-07-31,장항선,온양온천,3102,2924,6026,178,7,31,일
2022-07-31,장항선,신창(순천향대),856,907,1763,-51,7,31,일
2022-07-31,중앙선,회기,14015,14014,28029,1,7,31,일
2022-07-31,중앙선,중랑,3115,3047,6162,68,7,31,일
2022-07-31,중앙선,상봉(시외버스터미널),3238,3487,6725,-249,7,31,일
2022-07-31,중앙선,망우,4559,4763,9322,-204,7,31,일
2022-07-31,2호선,을지로4가,3836,3729,7565,107,7,31,일
2022-07-31,2호선,동대문역사문화공원(DDP),8796,10420,19216,-1624,7,31,일
2022-07-31,2호선,신당,7133,7916,15049,-783,7,31,일
2022-07-31,2호선,상왕십리,6291,6470,12761,-179,7,31,일
2022-07-31,2호선,왕십리(성동구청),8683,7696,16379,987,7,31,일
2022-07-31,2호선,한양대,2085,2295,4380,-210,7,31,일
2022-07-31,2호선,뚝섬,8303,8873,17176,-570,7,31,일
2022-07-31,2호선,성수,13976,14966,28942,-990,7,31,일
2022-07-31,2호선,건대입구,23030,24356,47386,-1326,7,31,일
2022-07-31,2호선,구의(광진구청),10299,10515,20814,-216,7,31,일
2022-07-31,2호선,강변(동서울터미널),24569,21831,46400,2738,7,31,일
2022-07-31,2호선,잠실나루,4838,4985,9823,-147,7,31,일
2022-07-31,2호선,잠실(송파구청),50683,47773,98456,2910,7,31,일
2022-07-31,2호선,잠실새내,11037,11568,22605,-531,7,31,일
2022-07-31,2호선,종합운동장,4985,5481,10466,-496,7,31,일
2022-07-31,1호선,시청,7861,7656,15517,205,7,31,일
2022-07-31,1호선,종각,12650,11099,23749,1551,7,31,일
2022-07-31,1호선,종로3가,12360,11444,23804,916,7,31,일
2022-07-31,중앙선,양원,1278,1247,2525,31,7,31,일
2022-07-31,중앙선,구리,6609,6923,13532,-314,7,31,일
2022-07-31,중앙선,도농,4801,4664,9465,137,7,31,일
2022-07-31,중앙선,양정,395,322,717,73,7,31,일
2022-07-31,중앙선,덕소,3104,3192,6296,-88,7,31,일
2022-07-31,중앙선,도심,1089,946,2035,143,7,31,일
2022-07-31,중앙선,팔당,998,1065,2063,-67,7,31,일
2022-07-31,중앙선,운길산,685,644,1329,41,7,31,일
2022-07-31,중앙선,양수,1882,1759,3641,123,7,31,일
2022-07-31,중앙선,신원,162,112,274,50,7,31,일
2022-07-31,중앙선,국수,503,430,933,73,7,31,일
2022-07-31,중앙선,아신,510,462,972,48,7,31,일
2022-07-31,중앙선,오빈,229,191,420,38,7,31,일
2022-07-31,중앙선,양평,2320,2079,4399,241,7,31,일
2022-07-31,중앙선,원덕,470,313,783,157,7,31,일
2022-07-31,중앙선,용문,2766,2269,5035,497,7,31,일
2022-07-31,중앙선,지평,73,48,121,25,7,31,일
2022-07-31,3호선,대청,3727,3758,7485,-31,7,31,일
2022-07-31,1호선,종로5가,9458,8998,18456,460,7,31,일
2022-07-31,1호선,동대문,8855,9049,17904,-194,7,31,일
2022-07-31,1호선,신설동,6293,6413,12706,-120,7,31,일
2022-07-31,9호선,동작(현충원),1099,899,1998,200,7,31,일
2022-07-31,9호선,흑석(중앙대입구),3558,3804,7362,-246,7,31,일
2022-07-31,9호선,노들,2481,2226,4707,255,7,31,일
2022-07-31,9호선,노량진,13648,14222,27870,-574,7,31,일
2022-07-31,9호선,샛강,1741,1652,3393,89,7,31,일
2022-07-31,9호선,여의도,9916,8385,18301,1531,7,31,일
2022-07-31,9호선,국회의사당,4294,4035,8329,259,7,31,일
2022-07-31,9호선,당산,8250,8296,16546,-46,7,31,일
2022-07-31,9호선,선유도,2467,2548,5015,-81,7,31,일
2022-07-31,9호선,신목동,1515,1514,3029,1,7,31,일
2022-07-31,9호선,염창,7733,7647,15380,86,7,31,일
2022-07-31,9호선,등촌,4718,4974,9692,-256,7,31,일
2022-07-31,9호선,증미,2720,2749,5469,-29,7,31,일
2022-07-31,9호선,가양,10244,9886,20130,358,7,31,일
2022-07-31,9호선,양천향교,3729,4033,7762,-304,7,31,일
2022-07-31,9호선,마곡나루(서울식물원),4603,4637,9240,-34,7,31,일
2022-07-31,9호선,신방화,3280,3289,6569,-9,7,31,일
2022-07-31,9호선,공항시장,1725,1831,3556,-106,7,31,일
2022-07-31,9호선,김포공항,7219,10183,17402,-2964,7,31,일
2022-07-31,9호선,개화,872,847,1719,25,7,31,일
2022-07-31,8호선,남위례,2085,2230,4315,-145,7,31,일
2022-07-31,8호선,모란,2274,1990,4264,284,7,31,일
2022-07-31,8호선,수진,2784,2561,5345,223,7,31,일
2022-07-31,8호선,신흥,2620,2792,5412,-172,7,31,일
2022-07-31,8호선,단대오거리,4697,4780,9477,-83,7,31,일
2022-07-31,8호선,남한산성입구(성남법원.검찰청),5790,5514,11304,276,7,31,일
2022-07-31,8호선,산성,2494,2548,5042,-54,7,31,일
2022-07-31,8호선,복정,4356,3990,8346,366,7,31,일
2022-07-31,8호선,장지,8212,8496,16708,-284,7,31,일
2022-07-31,8호선,문정,4306,4475,8781,-169,7,31,일
2022-07-31,8호선,가락시장,2710,3445,6155,-735,7,31,일
2022-07-31,8호선,송파,4095,4361,8456,-266,7,31,일
2022-07-31,8호선,석촌,3883,4600,8483,-717,7,31,일
2022-07-31,8호선,잠실(송파구청),11285,12180,23465,-895,7,31,일
2022-07-31,8호선,몽촌토성(평화의문),2945,2881,5826,64,7,31,일
2022-07-31,8호선,강동구청,4158,4375,8533,-217,7,31,일
2022-07-31,8호선,천호(풍납토성),7880,8931,16811,-1051,7,31,일
2022-07-31,8호선,암사,7839,7539,15378,300,7,31,일
2022-07-31,7호선,온수(성공회대입구),3355,3481,6836,-126,7,31,일
2022-07-31,7호선,천왕,4228,4114,8342,114,7,31,일
2022-07-31,7호선,광명사거리,10643,10693,21336,-50,7,31,일
2022-07-31,7호선,철산,9000,9207,18207,-207,7,31,일
2022-07-31,7호선,가산디지털단지,8733,7824,16557,909,7,31,일
2022-07-31,7호선,남구로,6295,6415,12710,-120,7,31,일
2022-07-31,7호선,대림(구로구청),7595,7255,14850,340,7,31,일
2022-07-31,7호선,신풍,5588,5452,11040,136,7,31,일
2022-07-31,7호선,보라매,3419,3409,6828,10,7,31,일
2022-07-31,7호선,신대방삼거리,6811,6848,13659,-37,7,31,일
2022-07-31,7호선,장승배기,4048,4074,8122,-26,7,31,일
2022-07-31,7호선,상도,4700,4782,9482,-82,7,31,일
2022-07-31,7호선,숭실대입구(살피재),4945,5390,10335,-445,7,31,일
2022-07-31,7호선,남성,4965,4916,9881,49,7,31,일
2022-07-31,7호선,이수,7464,7269,14733,195,7,31,일
2022-07-31,7호선,내방,4649,4935,9584,-286,7,31,일
2022-07-31,7호선,고속터미널,13901,7447,21348,6454,7,31,일
2022-07-31,7호선,반포,2696,2763,5459,-67,7,31,일
2022-07-31,7호선,논현,4760,5282,10042,-522,7,31,일
2022-07-31,7호선,학동,5183,5566,10749,-383,7,31,일
2022-07-31,7호선,강남구청,4186,4706,8892,-520,7,31,일
2022-07-31,7호선,청담,5534,6214,11748,-680,7,31,일
2022-07-31,7호선,뚝섬유원지,4356,4400,8756,-44,7,31,일
2022-07-31,7호선,건대입구,7346,7550,14896,-204,7,31,일
2022-07-31,7호선,어린이대공원(세종대),5996,6091,12087,-95,7,31,일
2022-07-31,7호선,군자(능동),6817,5506,12323,1311,7,31,일
2022-07-31,7호선,중곡,4700,4579,9279,121,7,31,일
2022-07-31,7호선,용마산(용마폭포공원),2690,2851,5541,-161,7,31,일
2022-07-31,7호선,사가정,7618,7586,15204,32,7,31,일
2022-07-31,7호선,면목,6892,6940,13832,-48,7,31,일
2022-07-31,7호선,상봉(시외버스터미널),8579,8028,16607,551,7,31,일
2022-07-31,7호선,중화,4775,4712,9487,63,7,31,일
2022-07-31,7호선,먹골,4803,4819,9622,-16,7,31,일
2022-07-31,7호선,태릉입구,4342,3992,8334,350,7,31,일
2022-07-31,7호선,공릉(서울과학기술대),5424,5387,10811,37,7,31,일
2022-07-31,7호선,하계,8014,7868,15882,146,7,31,일
2022-07-31,7호선,중계,5837,5449,11286,388,7,31,일
2022-07-31,7호선,노원,10091,10158,20249,-67,7,31,일
2022-07-31,7호선,마들,5503,5214,10717,289,7,31,일
2022-07-31,7호선,수락산,7342,7203,14545,139,7,31,일
2022-07-31,7호선,도봉산,4283,6045,10328,-1762,7,31,일
2022-07-31,7호선,장암,1219,905,2124,314,7,31,일
2022-07-31,6호선,봉화산(서울의료원),3529,3424,6953,105,7,31,일
2022-07-31,6호선,화랑대(서울여대입구),4180,3685,7865,495,7,31,일
2022-07-31,6호선,태릉입구,2709,2876,5585,-167,7,31,일
2022-07-31,6호선,석계,5783,5931,11714,-148,7,31,일
2022-07-31,6호선,돌곶이,5100,4873,9973,227,7,31,일
2022-07-31,6호선,상월곡(한국과학기술연구원),2955,2646,5601,309,7,31,일
2022-07-31,6호선,월곡(동덕여대),5031,5131,10162,-100,7,31,일
2022-07-31,6호선,고려대(종암),3618,3619,7237,-1,7,31,일
2022-07-31,6호선,안암(고대병원앞),4463,4545,9008,-82,7,31,일
2022-07-31,6호선,보문,3705,3387,7092,318,7,31,일
2022-07-31,6호선,창신,1482,1360,2842,122,7,31,일
2022-07-31,6호선,동묘앞,4485,4599,9084,-114,7,31,일
2022-07-31,6호선,신당,4667,5156,9823,-489,7,31,일
2022-07-31,6호선,청구,1508,1570,3078,-62,7,31,일
2022-07-31,6호선,약수,1671,1630,3301,41,7,31,일
2022-07-31,6호선,버티고개,997,1103,2100,-106,7,31,일
2022-07-31,6호선,한강진,6865,7393,14258,-528,7,31,일
2022-07-31,6호선,이태원,11472,9337,20809,2135,7,31,일
2022-07-31,6호선,녹사평(용산구청),3497,3530,7027,-33,7,31,일
2022-07-31,6호선,삼각지,3712,2939,6651,773,7,31,일
2022-07-31,6호선,효창공원앞,2969,2756,5725,213,7,31,일
2022-07-31,6호선,공덕,6252,5921,12173,331,7,31,일
2022-07-31,6호선,대흥(서강대앞),3692,3875,7567,-183,7,31,일
2022-07-31,6호선,광흥창(서강),3639,3577,7216,62,7,31,일
2022-07-31,6호선,상수,6547,7318,13865,-771,7,31,일
2022-07-31,6호선,합정,8629,7886,16515,743,7,31,일
2022-07-31,6호선,망원,8058,8698,16756,-640,7,31,일
2022-07-31,6호선,마포구청,6163,5788,11951,375,7,31,일
2022-07-31,6호선,월드컵경기장(성산),3097,3015,6112,82,7,31,일
2022-07-31,6호선,디지털미디어시티,4726,5277,10003,-551,7,31,일
2022-07-31,6호선,증산(명지대앞),4889,5113,10002,-224,7,31,일
2022-07-31,6호선,새절(신사),5623,5540,11163,83,7,31,일
2022-07-31,6호선,구산,3355,2880,6235,475,7,31,일
2022-07-31,6호선,독바위,1373,1573,2946,-200,7,31,일
2022-07-31,6호선,불광,2754,2452,5206,302,7,31,일
2022-07-31,6호선,역촌,1980,2148,4128,-168,7,31,일
2022-07-31,6호선,응암,8186,8499,16685,-313,7,31,일
2022-07-31,5호선,하남검단산,3934,3885,7819,49,7,31,일
2022-07-31,5호선,하남시청(덕풍·신장),3479,3428,6907,51,7,31,일
2022-07-31,5호선,하남풍산,1976,1959,3935,17,7,31,일
2022-07-31,5호선,미사,7713,7871,15584,-158,7,31,일
2022-07-31,5호선,강일,1938,1892,3830,46,7,31,일
2022-07-31,5호선,마천,3080,3310,6390,-230,7,31,일
2022-07-31,5호선,거여,4098,4063,8161,35,7,31,일
2022-07-31,5호선,개롱,2649,2990,5639,-341,7,31,일
2022-07-31,5호선,오금,1286,1200,2486,86,7,31,일
2022-07-31,5호선,방이,3462,3300,6762,162,7,31,일
2022-07-31,5호선,올림픽공원(한국체대),3027,2539,5566,488,7,31,일
2022-07-31,5호선,둔촌동,4035,3946,7981,89,7,31,일
2022-07-31,5호선,상일동,5847,5936,11783,-89,7,31,일
2022-07-31,5호선,고덕,3951,3942,7893,9,7,31,일
2022-07-31,5호선,명일,4247,4362,8609,-115,7,31,일
2022-07-31,5호선,굽은다리(강동구민회관앞),5068,4941,10009,127,7,31,일
2022-07-31,5호선,길동,3793,3776,7569,17,7,31,일
2022-07-31,5호선,강동,7727,7795,15522,-68,7,31,일
2022-07-31,5호선,천호(풍납토성),11277,10651,21928,626,7,31,일
2022-07-31,5호선,광나루(장신대),6874,6433,13307,441,7,31,일
2022-07-31,5호선,아차산(어린이대공원후문),7686,7489,15175,197,7,31,일
2022-07-31,5호선,군자(능동),5134,5752,10886,-618,7,31,일
2022-07-31,5호선,장한평,7107,7280,14387,-173,7,31,일
2022-07-31,5호선,답십리,6758,6339,13097,419,7,31,일
2022-07-31,5호선,마장,2465,2362,4827,103,7,31,일
2022-07-31,5호선,왕십리(성동구청),2241,2772,5013,-531,7,31,일
2022-07-31,5호선,행당,3426,3210,6636,216,7,31,일
2022-07-31,5호선,신금호,2562,2850,5412,-288,7,31,일
2022-07-31,5호선,청구,1574,1545,3119,29,7,31,일
2022-07-31,5호선,동대문역사문화공원(DDP),910,1074,1984,-164,7,31,일
2022-07-31,5호선,을지로4가,1370,1663,3033,-293,7,31,일
2022-07-31,5호선,종로3가,8613,7207,15820,1406,7,31,일
2022-07-31,5호선,광화문(세종문화회관),11776,11775,23551,1,7,31,일
2022-07-31,5호선,서대문,4345,4244,8589,101,7,31,일
2022-07-31,5호선,충정로(경기대입구),1387,1453,2840,-66,7,31,일
2022-07-31,5호선,애오개,2332,2508,4840,-176,7,31,일
2022-07-31,5호선,공덕,4007,4140,8147,-133,7,31,일
2022-07-31,5호선,마포,4506,4386,8892,120,7,31,일
2022-07-31,5호선,여의나루,6205,7500,13705,-1295,7,31,일
2022-07-31,5호선,여의도,8903,8229,17132,674,7,31,일
2022-07-31,5호선,신길,1841,2182,4023,-341,7,31,일
2022-07-31,5호선,영등포시장,4779,5046,9825,-267,7,31,일
2022-07-31,5호선,영등포구청,1175,1145,2320,30,7,31,일
2022-07-31,5호선,양평,2393,2471,4864,-78,7,31,일
2022-07-31,5호선,오목교(목동운동장앞),10561,10892,21453,-331,7,31,일
2022-07-31,5호선,목동,6592,7023,13615,-431,7,31,일
2022-07-31,5호선,신정(은행정),5668,5149,10817,519,7,31,일
2022-07-31,5호선,까치산,13843,13707,27550,136,7,31,일
2022-07-31,5호선,화곡,12431,11621,24052,810,7,31,일
2022-07-31,5호선,우장산,6064,6315,12379,-251,7,31,일
2022-07-31,5호선,발산,7754,8167,15921,-413,7,31,일
2022-07-31,5호선,마곡,3200,3491,6691,-291,7,31,일
2022-07-31,5호선,송정,3140,3219,6359,-79,7,31,일
2022-07-31,5호선,김포공항,7267,6823,14090,444,7,31,일
2022-07-31,5호선,개화산,2408,2403,4811,5,7,31,일
2022-07-31,5호선,방화,3132,3126,6258,6,7,31,일
2022-07-31,4호선,남태령,697,484,1181,213,7,31,일
2022-07-31,4호선,사당,14160,12695,26855,1465,7,31,일
2022-07-31,4호선,총신대입구(이수),8905,9686,18591,-781,7,31,일
2022-07-31,4호선,동작(현충원),589,655,1244,-66,7,31,일
2022-07-31,4호선,이촌(국립중앙박물관),6916,7080,13996,-164,7,31,일
2022-07-31,4호선,신용산,9069,9194,18263,-125,7,31,일
2022-07-31,4호선,삼각지,2524,3463,5987,-939,7,31,일
2022-07-31,4호선,숙대입구(갈월),7562,7313,14875,249,7,31,일
2022-07-31,4호선,서울역,4326,12258,16584,-7932,7,31,일
2022-07-31,4호선,회현(남대문시장),8179,8105,16284,74,7,31,일
2022-07-31,4호선,명동,12412,13077,25489,-665,7,31,일
2022-07-31,4호선,충무로,6725,7318,14043,-593,7,31,일
2022-07-31,4호선,동대문역사문화공원(DDP),9431,8710,18141,721,7,31,일
2022-07-31,4호선,동대문,5664,6459,12123,-795,7,31,일
2022-07-31,4호선,혜화,23972,24467,48439,-495,7,31,일
2022-07-31,4호선,한성대입구(삼선교),6789,6743,13532,46,7,31,일
2022-07-31,4호선,성신여대입구(돈암),11411,10999,22410,412,7,31,일
2022-07-31,4호선,길음,9530,9364,18894,166,7,31,일
2022-07-31,4호선,미아사거리,14411,13643,28054,768,7,31,일
2022-07-31,4호선,미아(서울사이버대학),7321,6947,14268,374,7,31,일
2022-07-31,4호선,수유(강북구청),18051,17547,35598,504,7,31,일
2022-07-31,4호선,쌍문,14189,12814,27003,1375,7,31,일
2022-07-31,4호선,창동,13412,14019,27431,-607,7,31,일
2022-07-31,4호선,노원,10654,11452,22106,-798,7,31,일
2022-07-31,4호선,상계,8726,8251,16977,475,7,31,일
2022-07-31,4호선,당고개,5124,4879,10003,245,7,31,일
2022-07-31,3호선,오금,2402,2474,4876,-72,7,31,일
2022-07-31,3호선,경찰병원,2512,2645,5157,-133,7,31,일
2022-07-31,3호선,가락시장,3192,3431,6623,-239,7,31,일
2022-07-31,3호선,수서,9856,10111,19967,-255,7,31,일
2022-07-31,3호선,일원,3214,3292,6506,-78,7,31,일
2022-07-31,3호선,학여울,1661,1738,3399,-77,7,31,일
2022-07-31,3호선,대치,7135,6108,13243,1027,7,31,일
2022-07-31,3호선,도곡,1680,1690,3370,-10,7,31,일
2022-07-31,3호선,매봉,3685,3674,7359,11,7,31,일
2022-07-31,3호선,양재(서초구청),10858,13041,23899,-2183,7,31,일
2022-07-31,3호선,남부터미널(예술의전당),14414,14081,28495,333,7,31,일
2022-07-31,3호선,교대(법원.검찰청),4064,2616,6680,1448,7,31,일
2022-07-31,3호선,고속터미널,43773,39029,82802,4744,7,31,일
2022-07-31,3호선,잠원,1789,1935,3724,-146,7,31,일
2022-07-31,3호선,신사,11632,11672,23304,-40,7,31,일
2022-07-31,3호선,압구정,13354,14185,27539,-831,7,31,일
2022-07-31,3호선,옥수,4244,4521,8765,-277,7,31,일
2022-07-31,3호선,금호,3632,3558,7190,74,7,31,일
2022-07-31,3호선,약수,6146,5980,12126,166,7,31,일
2022-07-31,3호선,동대입구,4951,5235,10186,-284,7,31,일
2022-07-31,3호선,충무로,1,0,1,1,7,31,일
2022-07-31,3호선,을지로3가,3494,3073,6567,421,7,31,일
2022-07-31,3호선,종로3가,3804,5035,8839,-1231,7,31,일
2022-07-31,3호선,안국,11466,11006,22472,460,7,31,일
2022-07-31,3호선,경복궁(정부서울청사),11347,12249,23596,-902,7,31,일
2022-07-31,3호선,독립문,3794,3893,7687,-99,7,31,일
2022-07-31,3호선,무악재,1653,1786,3439,-133,7,31,일
2022-07-31,3호선,홍제,8012,7886,15898,126,7,31,일
2022-07-31,3호선,녹번,6430,5784,12214,646,7,31,일
2022-07-31,3호선,불광,8427,9228,17655,-801,7,31,일
2022-07-31,3호선,연신내,18571,17794,36365,777,7,31,일
2022-07-31,3호선,구파발,10764,11241,22005,-477,7,31,일
2022-07-31,3호선,지축,2244,2046,4290,198,7,31,일
2022-07-31,2호선,용두(동대문구청),1129,1015,2144,114,7,31,일
2022-07-31,2호선,신정네거리,4985,5040,10025,-55,7,31,일
2022-07-31,2호선,양천구청,2868,2951,5819,-83,7,31,일
2022-07-31,9호선,구반포,301,326,627,-25,7,31,일
2022-07-31,9호선,신반포,1779,1878,3657,-99,7,31,일
2022-07-31,9호선,고속터미널,11088,16536,27624,-5448,7,31,일
2022-07-31,9호선,사평,1577,1730,3307,-153,7,31,일
2022-07-31,9호선,신논현,14400,14006,28406,394,7,31,일
2022-07-31,9호선2~3단계,언주,3569,3636,7205,-67,7,31,일
2022-07-31,9호선2~3단계,선정릉,2595,2969,5564,-374,7,31,일
2022-07-31,9호선2~3단계,삼성중앙,1966,2123,4089,-157,7,31,일
2022-07-31,9호선2~3단계,봉은사,12597,12798,25395,-201,7,31,일
2022-07-31,9호선2~3단계,종합운동장,2216,1975,4191,241,7,31,일
2022-07-31,9호선2~3단계,삼전,3319,3363,6682,-44,7,31,일
2022-07-31,9호선2~3단계,석촌고분,3057,3173,6230,-116,7,31,일
2022-07-31,9호선2~3단계,석촌,4176,3814,7990,362,7,31,일
2022-07-31,9호선2~3단계,송파나루,3104,3240,6344,-136,7,31,일
2022-07-31,9호선2~3단계,한성백제,1218,1183,2401,35,7,31,일
2022-07-31,9호선2~3단계,올림픽공원(한국체대),5370,5688,11058,-318,7,31,일
2022-07-31,9호선2~3단계,둔촌오륜,480,482,962,-2,7,31,일
2022-07-31,9호선2~3단계,중앙보훈병원,3295,3110,6405,185,7,31,일
2022-07-31,경강선,판교,2480,2429,4909,51,7,31,일
2022-07-31,경강선,이매,624,498,1122,126,7,31,일
2022-07-31,경강선,삼동,993,976,1969,17,7,31,일
2022-07-31,경강선,경기광주,3722,3591,7313,131,7,31,일
2022-07-31,경강선,초월,1592,1554,3146,38,7,31,일
2022-07-31,경강선,곤지암,1535,1582,3117,-47,7,31,일
2022-07-31,경강선,신둔도예촌,927,849,1776,78,7,31,일
2022-07-31,경강선,이천,2181,2477,4658,-296,7,31,일
2022-07-31,경강선,부발,1524,2033,3557,-509,7,31,일
2022-07-31,경강선,세종대왕릉,282,238,520,44,7,31,일
2022-07-31,경강선,여주,2472,2181,4653,291,7,31,일
2022-07-31,경부선,서울역,9647,2217,11864,7430,7,31,일
2022-07-31,경부선,남영,4367,4687,9054,-320,7,31,일
2022-07-31,경부선,용산,39848,35400,75248,4448,7,31,일
2022-07-31,경부선,노량진,4465,4458,8923,7,7,31,일
2022-07-31,경부선,대방,4428,5238,9666,-810,7,31,일
2022-07-31,경부선,영등포,33495,32121,65616,1374,7,31,일
2022-07-31,경부선,신도림,1619,1902,3521,-283,7,31,일
2022-07-31,경부선,신길,3890,3540,7430,350,7,31,일
2022-07-31,경부선,구로,8404,8736,17140,-332,7,31,일
2022-07-31,경부선,가산디지털단지,3895,5806,9701,-1911,7,31,일
2022-07-31,경부선,금천구청,5035,5242,10277,-207,7,31,일
2022-07-31,경부선,석수,3986,3712,7698,274,7,31,일
2022-07-31,경부선,관악,3835,3584,7419,251,7,31,일
2022-07-31,경부선,안양,11692,11285,22977,407,7,31,일
2022-07-31,경부선,명학,2694,2644,5338,50,7,31,일
2022-07-31,경부선,금정,13198,13601,26799,-403,7,31,일
2022-07-31,경부선,군포,2671,2594,5265,77,7,31,일
2022-07-31,경부선,의왕,3480,3501,6981,-21,7,31,일
2022-07-31,경부선,성균관대,6650,7033,13683,-383,7,31,일
2022-07-31,경부선,화서,3488,3559,7047,-71,7,31,일
2022-07-31,경부선,수원,31638,30606,62244,1032,7,31,일
2022-07-31,경부선,독산,5323,5297,10620,26,7,31,일
2022-07-31,경부선,세류,1841,1937,3778,-96,7,31,일
2022-07-31,경부선,병점,8223,8985,17208,-762,7,31,일
2022-07-31,경부선,세마,1605,1517,3122,88,7,31,일
2022-07-31,경부선,오산대,1819,1797,3616,22,7,31,일
2022-07-31,경부선,오산,7081,7463,14544,-382,7,31,일
2022-07-31,경부선,진위,916,832,1748,84,7,31,일
2022-07-31,경부선,송탄,3295,4066,7361,-771,7,31,일
2022-07-31,경부선,서정리,4067,6202,10269,-2135,7,31,일
2022-07-31,경부선,평택지제,2526,2621,5147,-95,7,31,일
2022-07-31,경부선,평택,10982,11155,22137,-173,7,31,일
2022-07-31,경부선,성환,2357,2538,4895,-181,7,31,일
2022-07-31,경부선,직산,531,542,1073,-11,7,31,일
2022-07-31,경부선,두정,4119,4277,8396,-158,7,31,일
2022-07-31,경부선,천안,5840,5557,11397,283,7,31,일
2022-07-31,경부선,당정,2593,2599,5192,-6,7,31,일
2022-07-31,경부선,서동탄,672,718,1390,-46,7,31,일
2022-07-31,경부선,광명,2752,1847,4599,905,7,31,일
2022-07-31,경원선,이촌(국립중앙박물관),2173,1692,3865,481,7,31,일
2022-07-31,경원선,서빙고,1568,1630,3198,-62,7,31,일
2022-07-31,경원선,한남,1714,1665,3379,49,7,31,일
2022-07-31,경원선,옥수,58,24,82,34,7,31,일
2022-07-31,경원선,응봉,857,818,1675,39,7,31,일
2022-07-31,경원선,왕십리(성동구청),9616,10792,20408,-1176,7,31,일
2022-07-31,경원선,청량리(서울시립대입구),15631,13888,29519,1743,7,31,일
2022-07-31,경원선,외대앞,4155,4210,8365,-55,7,31,일
2022-07-31,경원선,신이문,4064,3991,8055,73,7,31,일
2022-07-31,경원선,석계,4254,4573,8827,-319,7,31,일
2022-07-31,경원선,광운대,3667,3786,7453,-119,7,31,일
2022-07-31,경원선,월계,3267,3071,6338,196,7,31,일
2022-07-31,경원선,녹천,2253,2037,4290,216,7,31,일
2022-07-31,경원선,방학,5413,5266,10679,147,7,31,일
2022-07-31,경원선,도봉,3094,2910,6004,184,7,31,일
2022-07-31,경원선,도봉산,6388,4518,10906,1870,7,31,일
2022-07-31,경원선,망월사,4060,4176,8236,-116,7,31,일
2022-07-31,경원선,회룡,6466,6438,12904,28,7,31,일
2022-07-31,경원선,의정부,13308,12980,26288,328,7,31,일
2022-07-31,경원선,가능,3574,3342,6916,232,7,31,일
2022-07-31,경원선,녹양,2371,2298,4669,73,7,31,일
2022-07-31,경원선,양주,4497,4350,8847,147,7,31,일
2022-07-31,경원선,덕계,1712,1522,3234,190,7,31,일
2022-07-31,경원선,덕정,3053,3103,6156,-50,7,31,일
2022-07-31,경원선,지행,4199,4104,8303,95,7,31,일
2022-07-31,경원선,동두천중앙,1996,1944,3940,52,7,31,일
2022-07-31,경원선,보산,1277,1517,2794,-240,7,31,일
2022-07-31,경원선,동두천,1308,1623,2931,-315,7,31,일
2022-07-31,경원선,소요산,3871,3463,7334,408,7,31,일
2022-07-31,경의선,서울역,1240,1097,2337,143,7,31,일
2022-07-31,경의선,신촌,329,318,647,11,7,31,일
2022-07-31,경의선,효창공원앞,1190,1462,2652,-272,7,31,일
2022-07-31,경의선,공덕,1897,1434,3331,463,7,31,일
2022-07-31,경의선,서강대,1232,1339,2571,-107,7,31,일
2022-07-31,경의선,홍대입구,1449,1877,3326,-428,7,31,일
2022-07-31,경의선,가좌,2556,2582,5138,-26,7,31,일
2022-07-31,경의선,디지털미디어시티,1430,1272,2702,158,7,31,일
2022-07-31,경의선,수색,833,887,1720,-54,7,31,일
2022-07-31,경의선,화전,723,734,1457,-11,7,31,일
2022-07-31,경의선,강매,1281,1225,2506,56,7,31,일
2022-07-31,경의선,행신,4417,4099,8516,318,7,31,일
2022-07-31,경의선,능곡,1813,1882,3695,-69,7,31,일
2022-07-31,경의선,곡산,282,262,544,20,7,31,일
2022-07-31,경의선,백마,2946,2968,5914,-22,7,31,일
2022-07-31,경의선,풍산,3152,2868,6020,284,7,31,일
2022-07-31,경의선,일산,4199,4160,8359,39,7,31,일
2022-07-31,경의선,탄현,3751,3513,7264,238,7,31,일
2022-07-31,경의선,야당,4190,4106,8296,84,7,31,일
2022-07-31,경의선,운정,3232,3222,6454,10,7,31,일
2022-07-31,경의선,금릉,2400,2450,4850,-50,7,31,일
2022-07-31,경의선,금촌,3990,4173,8163,-183,7,31,일
2022-07-31,경의선,월롱,952,1944,2896,-992,7,31,일
2022-07-31,경의선,파주,619,541,1160,78,7,31,일
2022-07-31,경의선,문산,3423,3623,7046,-200,7,31,일
2022-07-31,경의선,임진강,58,48,106,10,7,31,일
2022-07-31,경인선,개봉,10262,10234,20496,28,7,31,일
2022-07-31,경인선,오류동,6227,5803,12030,424,7,31,일
2022-07-31,경인선,역곡,12314,12531,24845,-217,7,31,일
2022-07-31,경인선,부천,19147,18954,38101,193,7,31,일
2022-07-31,경인선,송내,11024,10992,22016,32,7,31,일
2022-07-31,경인선,부평,20016,20039,40055,-23,7,31,일
2022-07-31,경인선,백운,3349,3305,6654,44,7,31,일
2022-07-31,경인선,동암,8533,8498,17031,35,7,31,일
2022-07-31,경인선,주안,10204,9094,19298,1110,7,31,일
2022-07-31,경인선,제물포,4476,4318,8794,158,7,31,일
2022-07-31,경인선,동인천,7947,7811,15758,136,7,31,일
2022-07-31,경인선,인천,3341,2560,5901,781,7,31,일
2022-07-31,경인선,구일,2674,2699,5373,-25,7,31,일
2022-07-31,경인선,소사,4310,4317,8627,-7,7,31,일
2022-07-31,경인선,부개,4218,3995,8213,223,7,31,일
2022-07-31,경인선,간석,2588,2539,5127,49,7,31,일
2022-07-31,경인선,도원,1436,1443,2879,-7,7,31,일
2022-07-31,경인선,온수(성공회대입구),3271,3096,6367,175,7,31,일
2022-07-31,경인선,중동,4267,4017,8284,250,7,31,일
2022-07-31,경인선,도화,2063,1933,3996,130,7,31,일
2022-07-31,경춘선,신내,842,951,1793,-109,7,31,일
2022-07-31,경춘선,갈매,1215,1076,2291,139,7,31,일
2022-07-31,경춘선,별내,1516,1463,2979,53,7,31,일
2022-07-31,경춘선,퇴계원,1799,1738,3537,61,7,31,일
2022-07-31,경춘선,사릉,1138,1171,2309,-33,7,31,일
2022-07-31,경춘선,금곡,795,738,1533,57,7,31,일
2022-07-31,경춘선,평내호평,3033,2928,5961,105,7,31,일
2022-07-31,경춘선,천마산,962,884,1846,78,7,31,일
2022-07-31,경춘선,마석,2342,2312,4654,30,7,31,일
2022-07-31,경춘선,대성리,1226,649,1875,577,7,31,일
2022-07-31,경춘선,청평,2121,1504,3625,617,7,31,일
2022-07-31,경춘선,상천,348,269,617,79,7,31,일
2022-07-31,경춘선,가평,3500,2293,5793,1207,7,31,일
2022-07-31,경춘선,굴봉산,270,173,443,97,7,31,일
2022-07-31,경춘선,백양리,171,121,292,50,7,31,일
2022-07-31,경춘선,강촌,882,516,1398,366,7,31,일
2022-07-31,경춘선,김유정,381,345,726,36,7,31,일
2022-07-31,경춘선,남춘천,2576,2481,5057,95,7,31,일
2022-07-31,경춘선,춘천,1985,1369,3354,616,7,31,일
2022-07-31,공항철도 1호선,서울역,9854,8512,18366,1342,7,31,일
2022-07-31,공항철도 1호선,공덕,1168,1745,2913,-577,7,31,일
2022-07-31,공항철도 1호선,홍대입구,10031,9711,19742,320,7,31,일
2022-07-31,공항철도 1호선,디지털미디어시티,3264,3366,6630,-102,7,31,일
2022-07-31,공항철도 1호선,마곡나루(서울식물원),1801,2026,3827,-225,7,31,일
2022-07-31,공항철도 1호선,김포공항,10424,5201,15625,5223,7,31,일
2022-07-31,공항철도 1호선,계양,4950,4869,9819,81,7,31,일
2022-07-31,공항철도 1호선,검암,3240,3209,6449,31,7,31,일
2022-07-31,공항철도 1호선,청라국제도시,3010,2960,5970,50,7,31,일
2022-07-31,공항철도 1호선,운서,5400,5917,11317,-517,7,31,일
2022-07-31,공항철도 1호선,공항화물청사,1005,1060,2065,-55,7,31,일
2022-07-31,공항철도 1호선,인천공항1터미널,8362,7430,15792,932,7,31,일
2022-07-31,공항철도 1호선,인천공항2터미널,3626,3072,6698,554,7,31,일
2022-07-31,공항철도 1호선,영종,2354,2300,4654,54,7,31,일
2022-07-31,과천선,선바위,3460,3060,6520,400,7,31,일
2022-07-31,과천선,경마공원,15474,15789,31263,-315,7,31,일
2022-07-31,과천선,대공원,2677,2655,5332,22,7,31,일
2022-07-31,과천선,과천,3558,3380,6938,178,7,31,일
2022-07-31,과천선,정부과천청사,4192,4178,8370,14,7,31,일
2022-07-31,과천선,인덕원,10806,11277,22083,-471,7,31,일
2022-07-31,과천선,평촌,5494,5398,10892,96,7,31,일
2022-07-31,분당선,선릉,2529,3709,6238,-1180,7,31,일
2022-07-31,분당선,한티,9848,9210,19058,638,7,31,일
2022-07-31,분당선,도곡,2472,2494,4966,-22,7,31,일
2022-07-31,분당선,구룡,734,804,1538,-70,7,31,일
2022-07-31,분당선,개포동,1779,1874,3653,-95,7,31,일
2022-07-31,분당선,대모산입구,1852,1900,3752,-48,7,31,일
2022-07-31,분당선,수서,8059,7955,16014,104,7,31,일
2022-07-31,2호선,도림천,418,475,893,-57,7,31,일
2022-07-31,1호선,서울역,32137,29669,61806,2468,7,31,일
2022-07-31,과천선,범계,12959,12849,25808,110,7,31,일
2022-07-31,2호선,신설동,2624,2587,5211,37,7,31,일
2022-07-31,2호선,신답,601,734,1335,-133,7,31,일
2022-07-31,2호선,용답,1527,1519,3046,8,7,31,일
2022-07-31,2호선,충정로(경기대입구),3138,3345,6483,-207,7,31,일
2022-07-31,2호선,아현,4797,4810,9607,-13,7,31,일
2022-07-31,2호선,이대,6636,7403,14039,-767,7,31,일
2022-07-31,2호선,신촌,22052,21283,43335,769,7,31,일
2022-07-31,2호선,홍대입구,50103,49349,99452,754,7,31,일
2022-07-31,2호선,합정,19057,20129,39186,-1072,7,31,일
2022-07-31,2호선,당산,6863,7494,14357,-631,7,31,일
2022-07-31,2호선,영등포구청,6282,6519,12801,-237,7,31,일
2022-07-31,2호선,문래,6585,7056,13641,-471,7,31,일
2022-07-31,2호선,신도림,23240,23798,47038,-558,7,31,일
2022-07-31,2호선,대림(구로구청),13238,14017,27255,-779,7,31,일
2022-07-31,2호선,구로디지털단지,21499,21661,43160,-162,7,31,일
2022-07-31,2호선,신대방,13413,13395,26808,18,7,31,일
2022-07-31,2호선,신림,32131,31556,63687,575,7,31,일
2022-07-31,2호선,봉천,11049,11060,22109,-11,7,31,일
2022-07-31,2호선,서울대입구(관악구청),23463,23967,47430,-504,7,31,일
2022-07-31,2호선,낙성대(강감찬),13868,14606,28474,-738,7,31,일
2022-07-31,2호선,사당,18946,20878,39824,-1932,7,31,일
2022-07-31,2호선,방배,5953,6431,12384,-478,7,31,일
2022-07-31,2호선,서초,11443,10341,21784,1102,7,31,일
2022-07-31,2호선,교대(법원.검찰청),9738,10849,20587,-1111,7,31,일
2022-07-31,2호선,강남,31573,29921,61494,1652,7,31,일
2022-07-31,2호선,역삼,10491,11458,21949,-967,7,31,일
2022-07-31,2호선,선릉,11740,10487,22227,1253,7,31,일
2022-07-31,2호선,삼성(무역센터),28865,27019,55884,1846,7,31,일
2022-07-31,1호선,제기동,8492,8896,17388,-404,7,31,일
2022-07-31,1호선,청량리(서울시립대입구),11384,12157,23541,-773,7,31,일
2022-07-31,1호선,동묘앞,7502,7679,15181,-177,7,31,일
2022-07-31,2호선,시청,6851,5522,12373,1329,7,31,일
2022-07-31,2호선,을지로입구,16256,16241,32497,15,7,31,일
2022-07-31,2호선,을지로3가,8336,8359,16695,-23,7,31,일
2022-07-31,분당선,복정,1,0,1,1,7,31,일
2022-07-31,분당선,수원,5473,4521,9994,952,7,31,일
2022-08-01,중앙선,도심,2143,1636,3779,507,8,1,월
2022-08-01,경원선,도봉,5251,5113,10364,138,8,1,월
2022-08-01,경원선,도봉산,6175,3864,10039,2311,8,1,월
2022-08-01,경원선,망월사,6680,6759,13439,-79,8,1,월
2022-08-01,경원선,회룡,10851,10795,21646,56,8,1,월
2022-08-01,경원선,의정부,17937,18392,36329,-455,8,1,월
2022-08-01,경원선,가능,5985,5660,11645,325,8,1,월
2022-08-01,경원선,녹양,4026,3821,7847,205,8,1,월
2022-08-01,경원선,양주,6751,6383,13134,368,8,1,월
2022-08-01,경원선,덕계,2843,2454,5297,389,8,1,월
2022-08-01,경원선,덕정,4854,4524,9378,330,8,1,월
2022-08-01,경원선,지행,5906,5744,11650,162,8,1,월
2022-08-01,경원선,동두천중앙,3015,2824,5839,191,8,1,월
2022-08-01,경원선,보산,1489,1320,2809,169,8,1,월
2022-08-01,경원선,동두천,1806,1966,3772,-160,8,1,월
2022-08-01,경원선,소요산,2852,2199,5051,653,8,1,월
2022-08-01,경의선,서울역,4259,5509,9768,-1250,8,1,월
2022-08-01,경의선,신촌,803,1113,1916,-310,8,1,월
2022-08-01,경의선,효창공원앞,2830,3239,6069,-409,8,1,월
2022-08-01,경의선,공덕,3715,3158,6873,557,8,1,월
2022-08-01,경의선,서강대,1997,1952,3949,45,8,1,월
2022-08-01,경의선,홍대입구,1745,2273,4018,-528,8,1,월
2022-08-01,경의선,가좌,5118,4858,9976,260,8,1,월
2022-08-01,경의선,디지털미디어시티,2447,2132,4579,315,8,1,월
2022-08-01,경의선,수색,2502,2559,5061,-57,8,1,월
2022-08-01,경의선,화전,1413,1323,2736,90,8,1,월
2022-08-01,경의선,강매,2822,2470,5292,352,8,1,월
2022-08-01,경의선,행신,7807,7765,15572,42,8,1,월
2022-08-01,경의선,능곡,3443,3023,6466,420,8,1,월
2022-08-01,경의선,곡산,526,521,1047,5,8,1,월
2022-08-01,경의선,백마,6291,5949,12240,342,8,1,월
2022-08-01,경의선,풍산,5141,4644,9785,497,8,1,월
2022-08-01,경의선,일산,8200,7843,16043,357,8,1,월
2022-08-01,경의선,탄현,7300,6767,14067,533,8,1,월
2022-08-01,경의선,야당,7082,7037,14119,45,8,1,월
2022-08-01,경의선,운정,6313,5760,12073,553,8,1,월
2022-08-01,경의선,금릉,4549,4166,8715,383,8,1,월
2022-08-01,경의선,금촌,6271,6308,12579,-37,8,1,월
2022-08-01,경의선,월롱,2310,2292,4602,18,8,1,월
2022-08-01,경의선,파주,1012,755,1767,257,8,1,월
2022-08-01,경의선,문산,5127,4838,9965,289,8,1,월
2022-08-01,경의선,임진강,5,9,14,-4,8,1,월
2022-08-01,경인선,개봉,18951,18559,37510,392,8,1,월
2022-08-01,경인선,오류동,10768,10109,20877,659,8,1,월
2022-08-01,경인선,역곡,23923,23768,47691,155,8,1,월
2022-08-01,경인선,부천,29560,29762,59322,-202,8,1,월
2022-08-01,경인선,송내,24331,23726,48057,605,8,1,월
2022-08-01,경인선,부평,29206,30473,59679,-1267,8,1,월
2022-08-01,경인선,백운,6130,6016,12146,114,8,1,월
2022-08-01,경인선,동암,14182,14022,28204,160,8,1,월
2022-08-01,경인선,주안,16982,14977,31959,2005,8,1,월
2022-08-01,경인선,제물포,8941,8498,17439,443,8,1,월
2022-08-01,경인선,동인천,11839,11337,23176,502,8,1,월
2022-08-01,경인선,인천,3857,3062,6919,795,8,1,월
2022-08-01,경인선,구일,5464,5285,10749,179,8,1,월
2022-08-01,경인선,소사,7229,7222,14451,7,8,1,월
2022-08-01,경인선,부개,7759,7072,14831,687,8,1,월
2022-08-01,경인선,간석,5375,4973,10348,402,8,1,월
2022-08-01,경인선,도원,2429,2473,4902,-44,8,1,월
2022-08-01,경인선,온수(성공회대입구),5778,5690,11468,88,8,1,월
2022-08-01,경인선,중동,8445,7866,16311,579,8,1,월
2022-08-01,경인선,도화,3590,3397,6987,193,8,1,월
2022-08-01,경춘선,신내,1965,1826,3791,139,8,1,월
2022-08-01,경춘선,갈매,2660,2320,4980,340,8,1,월
2022-08-01,경춘선,별내,2856,2673,5529,183,8,1,월
2022-08-01,경춘선,퇴계원,3217,2854,6071,363,8,1,월
2022-08-01,경춘선,사릉,2034,1997,4031,37,8,1,월
2022-08-01,경춘선,금곡,1301,1245,2546,56,8,1,월
2022-08-01,경춘선,평내호평,5685,5502,11187,183,8,1,월
2022-08-01,경춘선,천마산,1476,1328,2804,148,8,1,월
2022-08-01,경춘선,마석,3579,3451,7030,128,8,1,월
2022-08-01,경춘선,대성리,728,857,1585,-129,8,1,월
2022-08-01,경춘선,청평,1950,1852,3802,98,8,1,월
2022-08-01,경춘선,상천,219,208,427,11,8,1,월
2022-08-01,경춘선,가평,2406,2875,5281,-469,8,1,월
2022-08-01,경춘선,굴봉산,173,152,325,21,8,1,월
2022-08-01,경춘선,백양리,105,95,200,10,8,1,월
2022-08-01,경춘선,강촌,585,511,1096,74,8,1,월
2022-08-01,경춘선,김유정,300,288,588,12,8,1,월
2022-08-01,경춘선,남춘천,2377,2467,4844,-90,8,1,월
2022-08-01,경춘선,춘천,1545,1319,2864,226,8,1,월
2022-08-01,공항철도 1호선,서울역,9507,8682,18189,825,8,1,월
2022-08-01,공항철도 1호선,공덕,2311,3056,5367,-745,8,1,월
2022-08-01,공항철도 1호선,홍대입구,11054,11420,22474,-366,8,1,월
2022-08-01,공항철도 1호선,디지털미디어시티,13596,12454,26050,1142,8,1,월
2022-08-01,공항철도 1호선,마곡나루(서울식물원),7999,7936,15935,63,8,1,월
2022-08-01,공항철도 1호선,김포공항,11563,6493,18056,5070,8,1,월
2022-08-01,공항철도 1호선,계양,10256,9578,19834,678,8,1,월
2022-08-01,공항철도 1호선,검암,6312,6312,12624,0,8,1,월
2022-08-01,공항철도 1호선,청라국제도시,6758,6305,13063,453,8,1,월
2022-08-01,공항철도 1호선,운서,7473,7557,15030,-84,8,1,월
2022-08-01,공항철도 1호선,공항화물청사,2252,2405,4657,-153,8,1,월
2022-08-01,공항철도 1호선,인천공항1터미널,8357,8100,16457,257,8,1,월
2022-08-01,공항철도 1호선,인천공항2터미널,4157,3545,7702,612,8,1,월
2022-08-01,공항철도 1호선,영종,3456,3472,6928,-16,8,1,월
2022-08-01,과천선,선바위,7092,6211,13303,881,8,1,월
2022-08-01,과천선,경마공원,789,831,1620,-42,8,1,월
2022-08-01,과천선,대공원,2158,2220,4378,-62,8,1,월
2022-08-01,과천선,과천,5975,5534,11509,441,8,1,월
2022-08-01,과천선,정부과천청사,10240,10329,20569,-89,8,1,월
2022-08-01,과천선,인덕원,21205,22049,43254,-844,8,1,월
2022-08-01,과천선,평촌,15607,15557,31164,50,8,1,월
2022-08-01,과천선,범계,23705,23730,47435,-25,8,1,월
2022-08-01,분당선,선릉,13065,20185,33250,-7120,8,1,월
2022-08-01,분당선,한티,14624,15267,29891,-643,8,1,월
2022-08-01,분당선,도곡,6397,6444,12841,-47,8,1,월
2022-08-01,분당선,구룡,1607,1550,3157,57,8,1,월
2022-08-01,분당선,개포동,3556,3687,7243,-131,8,1,월
2022-08-01,분당선,대모산입구,4300,3983,8283,317,8,1,월
2022-08-01,분당선,수서,12963,13108,26071,-145,8,1,월
2022-08-01,분당선,수원,7706,6513,14219,1193,8,1,월
2022-08-01,분당선,서울숲,10482,10523,21005,-41,8,1,월
2022-08-01,분당선,압구정로데오,17052,18799,35851,-1747,8,1,월
2022-08-01,분당선,강남구청,8965,10388,19353,-1423,8,1,월
2022-08-01,분당선,선정릉,7740,8207,15947,-467,8,1,월
2022-08-01,분당선,가천대,6324,7175,13499,-851,8,1,월
2022-08-01,분당선,태평,12846,12213,25059,633,8,1,월
2022-08-01,분당선,모란,17671,18103,35774,-432,8,1,월
2022-08-01,분당선,야탑,23891,24934,48825,-1043,8,1,월
2022-08-01,분당선,서현,24002,24164,48166,-162,8,1,월
2022-08-01,분당선,수내,12962,12730,25692,232,8,1,월
2022-08-01,분당선,정자,16819,17642,34461,-823,8,1,월
2022-08-01,분당선,미금,14428,15362,29790,-934,8,1,월
2022-08-01,분당선,오리,10876,8970,19846,1906,8,1,월
2022-08-01,분당선,이매,4940,4753,9693,187,8,1,월
2022-08-01,분당선,보정,2200,1943,4143,257,8,1,월
2022-08-01,분당선,죽전,11403,12719,24122,-1316,8,1,월
2022-08-01,분당선,구성,4591,4775,9366,-184,8,1,월
2022-08-01,분당선,신갈,4323,4316,8639,7,8,1,월
2022-08-01,분당선,기흥,9391,8773,18164,618,8,1,월
2022-08-01,분당선,상갈,4648,4600,9248,48,8,1,월
2022-08-01,분당선,청명,3803,3593,7396,210,8,1,월
2022-08-01,분당선,영통,7603,7599,15202,4,8,1,월
2022-08-01,분당선,망포,12872,12558,25430,314,8,1,월
2022-08-01,분당선,매탄권선,4366,4263,8629,103,8,1,월
2022-08-01,분당선,수원시청,11383,12014,23397,-631,8,1,월
2022-08-01,분당선,매교,2584,2555,5139,29,8,1,월
2022-08-01,수인선,고색,4082,3775,7857,307,8,1,월
2022-08-01,수인선,오목천,2593,2372,4965,221,8,1,월
2022-08-01,수인선,어천,708,728,1436,-20,8,1,월
2022-08-01,수인선,야목,355,250,605,105,8,1,월
2022-08-01,수인선,사리,3920,3432,7352,488,8,1,월
2022-08-01,수인선,달월,114,76,190,38,8,1,월
2022-08-01,수인선,월곶,2268,2102,4370,166,8,1,월
2022-08-01,수인선,소래포구,4305,4148,8453,157,8,1,월
2022-08-01,수인선,인천논현,4635,4824,9459,-189,8,1,월
2022-08-01,수인선,호구포,3160,3242,6402,-82,8,1,월
2022-08-01,수인선,남동인더스파크,1559,1667,3226,-108,8,1,월
2022-08-01,수인선,원인재,3659,3794,7453,-135,8,1,월
2022-08-01,수인선,연수,3741,3701,7442,40,8,1,월
2022-08-01,수인선,송도,1931,1820,3751,111,8,1,월
2022-08-01,수인선,인하대,4511,4296,8807,215,8,1,월
2022-08-01,수인선,숭의,3375,3049,6424,326,8,1,월
2022-08-01,수인선,신포,1421,1437,2858,-16,8,1,월
2022-08-01,수인선,인천,1101,1732,2833,-631,8,1,월
2022-08-01,신림선,샛강,1950,2425,4375,-475,8,1,월
2022-08-01,신림선,대방,1867,1494,3361,373,8,1,월
2022-08-01,신림선,서울지방병무청,2039,2295,4334,-256,8,1,월
2022-08-01,신림선,보라매,2479,2371,4850,108,8,1,월
2022-08-01,신림선,보라매공원,1703,1856,3559,-153,8,1,월
2022-08-01,신림선,보라매병원,5737,6174,11911,-437,8,1,월
2022-08-01,신림선,당곡,3565,3360,6925,205,8,1,월
2022-08-01,신림선,신림,1543,2224,3767,-681,8,1,월
2022-08-01,신림선,서원,2707,2461,5168,246,8,1,월
2022-08-01,신림선,서울대벤처타운,5982,5944,11926,38,8,1,월
2022-08-01,신림선,관악산(서울대),2330,2389,4719,-59,8,1,월
2022-08-01,안산선,산본,14115,15208,29323,-1093,8,1,월
2022-08-01,안산선,대야미,4420,3966,8386,454,8,1,월
2022-08-01,안산선,반월,3677,3614,7291,63,8,1,월
2022-08-01,안산선,상록수,13553,13528,27081,25,8,1,월
2022-08-01,안산선,한대앞,7554,7577,15131,-23,8,1,월
2022-08-01,안산선,중앙,16129,16348,32477,-219,8,1,월
2022-08-01,안산선,고잔,7842,7376,15218,466,8,1,월
2022-08-01,안산선,초지,3985,3877,7862,108,8,1,월
2022-08-01,안산선,안산,12858,12213,25071,645,8,1,월
2022-08-01,안산선,신길온천,1572,1422,2994,150,8,1,월
2022-08-01,안산선,정왕,7056,7476,14532,-420,8,1,월
2022-08-01,안산선,오이도,7565,7499,15064,66,8,1,월
2022-08-01,안산선,수리산,3607,3073,6680,534,8,1,월
2022-08-01,우이신설선,북한산우이,2523,2357,4880,166,8,1,월
2022-08-01,우이신설선,솔밭공원,2244,2068,4312,176,8,1,월
2022-08-01,우이신설선,4.19민주묘지,2399,2293,4692,106,8,1,월
2022-08-01,우이신설선,가오리,3866,3864,7730,2,8,1,월
2022-08-01,우이신설선,화계,3064,2828,5892,236,8,1,월
2022-08-01,우이신설선,삼양,1867,1991,3858,-124,8,1,월
2022-08-01,우이신설선,삼양사거리,2282,2279,4561,3,8,1,월
2022-08-01,우이신설선,솔샘,5215,4907,10122,308,8,1,월
2022-08-01,우이신설선,북한산보국문,5187,4946,10133,241,8,1,월
2022-08-01,우이신설선,정릉,3990,3704,7694,286,8,1,월
2022-08-01,우이신설선,성신여대입구(돈암),2997,3327,6324,-330,8,1,월
2022-08-01,우이신설선,보문,1328,1425,2753,-97,8,1,월
2022-08-01,우이신설선,신설동,1847,1652,3499,195,8,1,월
2022-08-01,일산선,원흥,10175,9771,19946,404,8,1,월
2022-08-01,일산선,삼송,18055,17550,35605,505,8,1,월
2022-08-01,일산선,원당,9779,9137,18916,642,8,1,월
2022-08-01,일산선,화정,15046,15397,30443,-351,8,1,월
2022-08-01,일산선,대곡,1899,1568,3467,331,8,1,월
2022-08-01,일산선,백석,9028,8916,17944,112,8,1,월
2022-08-01,일산선,마두,7336,7288,14624,48,8,1,월
2022-08-01,일산선,정발산,6469,6565,13034,-96,8,1,월
2022-08-01,일산선,주엽,8882,8808,17690,74,8,1,월
2022-08-01,일산선,대화,13086,9441,22527,3645,8,1,월
2022-08-01,장항선,봉명,1161,1152,2313,9,8,1,월
2022-08-01,장항선,쌍용(나사렛대),1823,1674,3497,149,8,1,월
2022-08-01,장항선,아산,3359,2828,6187,531,8,1,월
2022-08-01,장항선,탕정,757,714,1471,43,8,1,월
2022-08-01,장항선,배방,978,954,1932,24,8,1,월
2022-08-01,장항선,온양온천,3760,3680,7440,80,8,1,월
2022-08-01,장항선,신창(순천향대),1147,1223,2370,-76,8,1,월
2022-08-01,중앙선,회기,22037,21658,43695,379,8,1,월
2022-08-01,중앙선,중랑,5378,5131,10509,247,8,1,월
2022-08-01,중앙선,상봉(시외버스터미널),5115,5089,10204,26,8,1,월
2022-08-01,중앙선,망우,7079,6817,13896,262,8,1,월
2022-08-01,중앙선,덕소,5083,4872,9955,211,8,1,월
2022-08-01,중앙선,양정,586,471,1057,115,8,1,월
2022-08-01,중앙선,도농,9740,8918,18658,822,8,1,월
2022-08-01,중앙선,구리,12149,12195,24344,-46,8,1,월
2022-08-01,중앙선,양원,2712,2566,5278,146,8,1,월
2022-08-01,1호선,서울역,47711,45432,93143,2279,8,1,월
2022-08-01,1호선,시청,21830,22357,44187,-527,8,1,월
2022-08-01,1호선,종각,35945,35727,71672,218,8,1,월
2022-08-01,1호선,종로3가,19983,18539,38522,1444,8,1,월
2022-08-01,1호선,종로5가,18002,18063,36065,-61,8,1,월
2022-08-01,1호선,동대문,11640,10931,22571,709,8,1,월
2022-08-01,1호선,신설동,11936,11565,23501,371,8,1,월
2022-08-01,1호선,제기동,15315,15439,30754,-124,8,1,월
2022-08-01,1호선,청량리(서울시립대입구),17892,17792,35684,100,8,1,월
2022-08-01,1호선,동묘앞,6776,7056,13832,-280,8,1,월
2022-08-01,2호선,시청,22463,22682,45145,-219,8,1,월
2022-08-01,2호선,을지로입구,41207,42900,84107,-1693,8,1,월
2022-08-01,2호선,을지로3가,22736,22902,45638,-166,8,1,월
2022-08-01,2호선,을지로4가,10591,11014,21605,-423,8,1,월
2022-08-01,2호선,동대문역사문화공원(DDP),12047,13954,26001,-1907,8,1,월
2022-08-01,2호선,신당,12661,12975,25636,-314,8,1,월
2022-08-01,2호선,상왕십리,13293,12857,26150,436,8,1,월
2022-08-01,2호선,왕십리(성동구청),14906,12374,27280,2532,8,1,월
2022-08-01,2호선,한양대,6648,7182,13830,-534,8,1,월
2022-08-01,2호선,뚝섬,20672,22369,43041,-1697,8,1,월
2022-08-01,2호선,성수,35000,37894,72894,-2894,8,1,월
2022-08-01,2호선,건대입구,32258,34834,67092,-2576,8,1,월
2022-08-01,2호선,구의(광진구청),21990,21606,43596,384,8,1,월
2022-08-01,2호선,강변(동서울터미널),33073,30304,63377,2769,8,1,월
2022-08-01,2호선,잠실나루,13740,13333,27073,407,8,1,월
2022-08-01,2호선,잠실(송파구청),77926,76365,154291,1561,8,1,월
2022-08-01,2호선,잠실새내,19860,19980,39840,-120,8,1,월
2022-08-01,2호선,종합운동장,5784,6400,12184,-616,8,1,월
2022-08-01,2호선,삼성(무역센터),52933,53808,106741,-875,8,1,월
2022-08-01,7호선,중곡,9876,9376,19252,500,8,1,월
2022-08-01,2호선,선릉,55727,48855,104582,6872,8,1,월
2022-08-01,2호선,역삼,52121,58989,111110,-6868,8,1,월
2022-08-01,2호선,강남,81367,78225,159592,3142,8,1,월
2022-08-01,2호선,교대(법원.검찰청),30088,33743,63831,-3655,8,1,월
2022-08-01,2호선,서초,19602,19045,38647,557,8,1,월
2022-08-01,2호선,방배,14437,14825,29262,-388,8,1,월
2022-08-01,2호선,사당,33666,37104,70770,-3438,8,1,월
2022-08-01,2호선,낙성대(강감찬),25600,25220,50820,380,8,1,월
2022-08-01,2호선,서울대입구(관악구청),43231,42872,86103,359,8,1,월
2022-08-01,2호선,봉천,22330,21083,43413,1247,8,1,월
2022-08-01,2호선,신림,54360,52200,106560,2160,8,1,월
2022-08-01,2호선,신대방,23783,22973,46756,810,8,1,월
2022-08-01,2호선,구로디지털단지,55050,55418,110468,-368,8,1,월
2022-08-01,2호선,대림(구로구청),22426,23055,45481,-629,8,1,월
2022-08-01,2호선,신도림,43514,42810,86324,704,8,1,월
2022-08-01,2호선,문래,20296,20786,41082,-490,8,1,월
2022-08-01,2호선,영등포구청,20420,21669,42089,-1249,8,1,월
2022-08-01,2호선,당산,16146,19100,35246,-2954,8,1,월
2022-08-01,2호선,합정,28835,30666,59501,-1831,8,1,월
2022-08-01,2호선,홍대입구,58861,61514,120375,-2653,8,1,월
2022-08-01,2호선,신촌,32697,33480,66177,-783,8,1,월
2022-08-01,2호선,이대,12215,13112,25327,-897,8,1,월
2022-08-01,2호선,아현,9395,9073,18468,322,8,1,월
2022-08-01,2호선,충정로(경기대입구),9193,10368,19561,-1175,8,1,월
2022-08-01,2호선,용답,2557,2510,5067,47,8,1,월
2022-08-01,2호선,신답,1618,1759,3377,-141,8,1,월
2022-08-01,2호선,신설동,2988,2915,5903,73,8,1,월
2022-08-01,2호선,도림천,1239,1264,2503,-25,8,1,월
2022-08-01,2호선,양천구청,6193,6386,12579,-193,8,1,월
2022-08-01,2호선,신정네거리,9481,9752,19233,-271,8,1,월
2022-08-01,2호선,용두(동대문구청),2275,2276,4551,-1,8,1,월
2022-08-01,3호선,지축,4631,4455,9086,176,8,1,월
2022-08-01,3호선,구파발,19112,18705,37817,407,8,1,월
2022-08-01,3호선,연신내,32569,31103,63672,1466,8,1,월
2022-08-01,3호선,불광,14538,15676,30214,-1138,8,1,월
2022-08-01,3호선,녹번,13869,12472,26341,1397,8,1,월
2022-08-01,3호선,홍제,15604,14718,30322,886,8,1,월
2022-08-01,3호선,무악재,3580,3506,7086,74,8,1,월
2022-08-01,3호선,독립문,6000,5864,11864,136,8,1,월
2022-08-01,3호선,경복궁(정부서울청사),20114,21554,41668,-1440,8,1,월
2022-08-01,3호선,안국,20314,20441,40755,-127,8,1,월
2022-08-01,3호선,종로3가,5299,6779,12078,-1480,8,1,월
2022-08-01,3호선,을지로3가,9666,9645,19311,21,8,1,월
2022-08-01,3호선,충무로,2,0,2,2,8,1,월
2022-08-01,3호선,동대입구,6927,7459,14386,-532,8,1,월
2022-08-01,3호선,약수,11993,11453,23446,540,8,1,월
2022-08-01,3호선,금호,7316,6589,13905,727,8,1,월
2022-08-01,3호선,옥수,7829,8195,16024,-366,8,1,월
2022-08-01,3호선,압구정,27888,29979,57867,-2091,8,1,월
2022-08-01,3호선,신사,27151,28385,55536,-1234,8,1,월
2022-08-01,3호선,잠원,4433,4286,8719,147,8,1,월
2022-08-01,3호선,고속터미널,42513,39733,82246,2780,8,1,월
2022-08-01,3호선,교대(법원.검찰청),12470,8239,20709,4231,8,1,월
2022-08-01,3호선,남부터미널(예술의전당),27586,27845,55431,-259,8,1,월
2022-08-01,3호선,양재(서초구청),33386,37028,70414,-3642,8,1,월
2022-08-01,3호선,매봉,11502,11039,22541,463,8,1,월
2022-08-01,3호선,도곡,4777,4745,9522,32,8,1,월
2022-08-01,3호선,대치,11080,10878,21958,202,8,1,월
2022-08-01,3호선,학여울,1604,1650,3254,-46,8,1,월
2022-08-01,3호선,대청,9164,8774,17938,390,8,1,월
2022-08-01,3호선,일원,9907,9671,19578,236,8,1,월
2022-08-01,3호선,수서,15879,16263,32142,-384,8,1,월
2022-08-01,3호선,가락시장,8360,8079,16439,281,8,1,월
2022-08-01,3호선,경찰병원,7001,6934,13935,67,8,1,월
2022-08-01,3호선,오금,6264,5263,11527,1001,8,1,월
2022-08-01,4호선,당고개,7867,7046,14913,821,8,1,월
2022-08-01,4호선,상계,16753,15605,32358,1148,8,1,월
2022-08-01,4호선,노원,16918,19179,36097,-2261,8,1,월
2022-08-01,4호선,창동,22007,23522,45529,-1515,8,1,월
2022-08-01,4호선,쌍문,25585,23603,49188,1982,8,1,월
2022-08-01,4호선,수유(강북구청),30240,30298,60538,-58,8,1,월
2022-08-01,4호선,미아(서울사이버대학),12808,12454,25262,354,8,1,월
2022-08-01,4호선,미아사거리,24107,23646,47753,461,8,1,월
2022-08-01,4호선,길음,18170,17598,35768,572,8,1,월
2022-08-01,4호선,성신여대입구(돈암),17678,17363,35041,315,8,1,월
2022-08-01,4호선,한성대입구(삼선교),11530,11058,22588,472,8,1,월
2022-08-01,4호선,혜화,26440,26475,52915,-35,8,1,월
2022-08-01,4호선,동대문,11526,11986,23512,-460,8,1,월
2022-08-01,4호선,동대문역사문화공원(DDP),15044,13347,28391,1697,8,1,월
2022-08-01,4호선,충무로,21263,22503,43766,-1240,8,1,월
2022-08-01,4호선,명동,20915,21649,42564,-734,8,1,월
2022-08-01,4호선,회현(남대문시장),23379,24158,47537,-779,8,1,월
2022-08-01,4호선,서울역,10882,18017,28899,-7135,8,1,월
2022-08-01,4호선,숙대입구(갈월),11682,11381,23063,301,8,1,월
2022-08-01,4호선,삼각지,4660,5225,9885,-565,8,1,월
2022-08-01,4호선,신용산,17203,18049,35252,-846,8,1,월
2022-08-01,4호선,이촌(국립중앙박물관),9508,10324,19832,-816,8,1,월
2022-08-01,4호선,동작(현충원),1197,1274,2471,-77,8,1,월
2022-08-01,4호선,총신대입구(이수),16929,18192,35121,-1263,8,1,월
2022-08-01,4호선,사당,23135,18753,41888,4382,8,1,월
2022-08-01,4호선,남태령,1129,931,2060,198,8,1,월
2022-08-01,5호선,방화,6182,5787,11969,395,8,1,월
2022-08-01,5호선,개화산,5242,4849,10091,393,8,1,월
2022-08-01,5호선,김포공항,8312,7551,15863,761,8,1,월
2022-08-01,5호선,송정,6128,5605,11733,523,8,1,월
2022-08-01,5호선,마곡,9792,9330,19122,462,8,1,월
2022-08-01,5호선,발산,19202,18329,37531,873,8,1,월
2022-08-01,5호선,우장산,12913,13665,26578,-752,8,1,월
2022-08-01,5호선,화곡,26069,24773,50842,1296,8,1,월
2022-08-01,5호선,까치산,26687,25894,52581,793,8,1,월
2022-08-01,5호선,신정(은행정),12437,10546,22983,1891,8,1,월
2022-08-01,5호선,목동,14878,16008,30886,-1130,8,1,월
2022-08-01,5호선,오목교(목동운동장앞),20308,21242,41550,-934,8,1,월
2022-08-01,5호선,양평,7008,6807,13815,201,8,1,월
2022-08-01,5호선,영등포구청,3600,3845,7445,-245,8,1,월
2022-08-01,5호선,영등포시장,9361,9627,18988,-266,8,1,월
2022-08-01,5호선,신길,4298,4351,8649,-53,8,1,월
2022-08-01,5호선,여의도,29446,28260,57706,1186,8,1,월
2022-08-01,5호선,여의나루,12553,13707,26260,-1154,8,1,월
2022-08-01,5호선,마포,13365,13380,26745,-15,8,1,월
2022-08-01,5호선,공덕,12962,14898,27860,-1936,8,1,월
2022-08-01,5호선,애오개,6103,6408,12511,-305,8,1,월
2022-08-01,5호선,충정로(경기대입구),4379,4801,9180,-422,8,1,월
2022-08-01,5호선,서대문,17772,16877,34649,895,8,1,월
2022-08-01,5호선,광화문(세종문화회관),29910,27549,57459,2361,8,1,월
2022-08-01,5호선,종로3가,11274,10706,21980,568,8,1,월
2022-08-01,5호선,을지로4가,4526,4429,8955,97,8,1,월
2022-08-01,5호선,동대문역사문화공원(DDP),2916,3382,6298,-466,8,1,월
2022-08-01,5호선,신금호,5542,6080,11622,-538,8,1,월
2022-08-01,5호선,행당,7503,6659,14162,844,8,1,월
2022-08-01,5호선,왕십리(성동구청),4017,4678,8695,-661,8,1,월
2022-08-01,5호선,마장,5163,4978,10141,185,8,1,월
2022-08-01,5호선,답십리,14392,14359,28751,33,8,1,월
2022-08-01,5호선,장한평,16399,16424,32823,-25,8,1,월
2022-08-01,5호선,군자(능동),10048,11489,21537,-1441,8,1,월
2022-08-01,5호선,아차산(어린이대공원후문),11931,12329,24260,-398,8,1,월
2022-08-01,5호선,광나루(장신대),11560,10803,22363,757,8,1,월
2022-08-01,5호선,천호(풍납토성),16583,16334,32917,249,8,1,월
2022-08-01,5호선,강동,17248,16878,34126,370,8,1,월
2022-08-01,5호선,길동,7138,8816,15954,-1678,8,1,월
2022-08-01,5호선,굽은다리(강동구민회관앞),8291,9148,17439,-857,8,1,월
2022-08-01,5호선,명일,7217,8665,15882,-1448,8,1,월
2022-08-01,5호선,고덕,8648,9874,18522,-1226,8,1,월
2022-08-01,5호선,상일동,13582,13252,26834,330,8,1,월
2022-08-01,5호선,둔촌동,7172,7409,14581,-237,8,1,월
2022-08-01,5호선,올림픽공원(한국체대),3673,3369,7042,304,8,1,월
2022-08-01,5호선,방이,6147,6665,12812,-518,8,1,월
2022-08-01,5호선,오금,3312,3571,6883,-259,8,1,월
2022-08-01,5호선,개롱,5604,6469,12073,-865,8,1,월
2022-08-01,5호선,거여,8434,8944,17378,-510,8,1,월
2022-08-01,5호선,마천,6349,6085,12434,264,8,1,월
2022-08-01,5호선,강일,3811,4293,8104,-482,8,1,월
2022-08-01,5호선,미사,14853,15489,30342,-636,8,1,월
2022-08-01,5호선,하남풍산,3737,3735,7472,2,8,1,월
2022-08-01,5호선,하남시청(덕풍·신장),5985,6076,12061,-91,8,1,월
2022-08-01,5호선,하남검단산,5381,5088,10469,293,8,1,월
2022-08-01,6호선,응암,15930,15820,31750,110,8,1,월
2022-08-01,6호선,역촌,3604,4047,7651,-443,8,1,월
2022-08-01,6호선,불광,4262,4048,8310,214,8,1,월
2022-08-01,6호선,독바위,2514,2577,5091,-63,8,1,월
2022-08-01,6호선,구산,7059,5542,12601,1517,8,1,월
2022-08-01,6호선,새절(신사),11484,10630,22114,854,8,1,월
2022-08-01,6호선,증산(명지대앞),9022,8914,17936,108,8,1,월
2022-08-01,6호선,디지털미디어시티,13307,14975,28282,-1668,8,1,월
2022-08-01,6호선,월드컵경기장(성산),4171,4457,8628,-286,8,1,월
2022-08-01,6호선,마포구청,13226,11860,25086,1366,8,1,월
2022-08-01,6호선,망원,12663,13690,26353,-1027,8,1,월
2022-08-01,6호선,합정,12254,11971,24225,283,8,1,월
2022-08-01,6호선,상수,8289,9208,17497,-919,8,1,월
2022-08-01,6호선,광흥창(서강),8373,8025,16398,348,8,1,월
2022-08-01,6호선,대흥(서강대앞),7440,7763,15203,-323,8,1,월
2022-08-01,6호선,공덕,17205,17867,35072,-662,8,1,월
2022-08-01,6호선,효창공원앞,6502,5700,12202,802,8,1,월
2022-08-01,6호선,삼각지,6611,5847,12458,764,8,1,월
2022-08-01,6호선,녹사평(용산구청),4395,4326,8721,69,8,1,월
2022-08-01,6호선,이태원,9970,10244,20214,-274,8,1,월
2022-08-01,6호선,한강진,6603,7551,14154,-948,8,1,월
2022-08-01,6호선,버티고개,1911,1962,3873,-51,8,1,월
2022-08-01,6호선,약수,3373,3431,6804,-58,8,1,월
2022-08-01,6호선,청구,3340,3392,6732,-52,8,1,월
2022-08-01,6호선,신당,7189,7489,14678,-300,8,1,월
2022-08-01,6호선,동묘앞,7563,7578,15141,-15,8,1,월
2022-08-01,6호선,창신,3138,2500,5638,638,8,1,월
2022-08-01,6호선,보문,6758,6121,12879,637,8,1,월
2022-08-01,6호선,안암(고대병원앞),9761,9758,19519,3,8,1,월
2022-08-01,6호선,고려대(종암),7291,6985,14276,306,8,1,월
2022-08-01,6호선,월곡(동덕여대),10569,10432,21001,137,8,1,월
2022-08-01,6호선,상월곡(한국과학기술연구원),5500,4934,10434,566,8,1,월
2022-08-01,6호선,돌곶이,8404,7800,16204,604,8,1,월
2022-08-01,6호선,석계,11038,11536,22574,-498,8,1,월
2022-08-01,6호선,태릉입구,4981,5310,10291,-329,8,1,월
2022-08-01,6호선,화랑대(서울여대입구),10200,7897,18097,2303,8,1,월
2022-08-01,6호선,봉화산(서울의료원),8254,7697,15951,557,8,1,월
2022-08-01,7호선,장암,2143,830,2973,1313,8,1,월
2022-08-01,7호선,도봉산,8161,9107,17268,-946,8,1,월
2022-08-01,7호선,수락산,11388,11203,22591,185,8,1,월
2022-08-01,7호선,마들,12066,11283,23349,783,8,1,월
2022-08-01,7호선,노원,19454,20280,39734,-826,8,1,월
2022-08-01,7호선,중계,12817,11596,24413,1221,8,1,월
2022-08-01,7호선,하계,16348,15394,31742,954,8,1,월
2022-08-01,7호선,공릉(서울과학기술대),10350,10298,20648,52,8,1,월
2022-08-01,7호선,태릉입구,7610,7127,14737,483,8,1,월
2022-08-01,7호선,먹골,9478,9477,18955,1,8,1,월
2022-08-01,7호선,중화,9726,9464,19190,262,8,1,월
2022-08-01,7호선,상봉(시외버스터미널),15304,14614,29918,690,8,1,월
2022-08-01,7호선,면목,13813,13408,27221,405,8,1,월
2022-08-01,7호선,사가정,14667,14304,28971,363,8,1,월
2022-08-01,7호선,용마산(용마폭포공원),5462,5173,10635,289,8,1,월
2022-08-01,7호선,군자(능동),14671,11101,25772,3570,8,1,월
2022-08-01,7호선,어린이대공원(세종대),11682,11425,23107,257,8,1,월
2022-08-01,7호선,건대입구,11784,12161,23945,-377,8,1,월
2022-08-01,7호선,뚝섬유원지,8166,7574,15740,592,8,1,월
2022-08-01,7호선,청담,18462,20227,38689,-1765,8,1,월
2022-08-01,7호선,강남구청,15490,16815,32305,-1325,8,1,월
2022-08-01,7호선,학동,22702,23581,46283,-879,8,1,월
2022-08-01,7호선,논현,17786,18525,36311,-739,8,1,월
2022-08-01,7호선,반포,5625,5458,11083,167,8,1,월
2022-08-01,7호선,고속터미널,17257,13104,30361,4153,8,1,월
2022-08-01,7호선,내방,13518,13709,27227,-191,8,1,월
2022-08-01,7호선,이수,14466,14308,28774,158,8,1,월
2022-08-01,7호선,남성,10379,9517,19896,862,8,1,월
2022-08-01,7호선,숭실대입구(살피재),10470,10797,21267,-327,8,1,월
2022-08-01,7호선,상도,9885,9597,19482,288,8,1,월
2022-08-01,7호선,장승배기,8558,8340,16898,218,8,1,월
2022-08-01,7호선,신대방삼거리,14026,13370,27396,656,8,1,월
2022-08-01,7호선,보라매,7031,7015,14046,16,8,1,월
2022-08-01,7호선,신풍,10554,9935,20489,619,8,1,월
2022-08-01,7호선,대림(구로구청),8727,8506,17233,221,8,1,월
2022-08-01,7호선,남구로,15037,15275,30312,-238,8,1,월
2022-08-01,7호선,가산디지털단지,41483,41587,83070,-104,8,1,월
2022-08-01,7호선,철산,18729,19029,37758,-300,8,1,월
2022-08-01,7호선,광명사거리,19305,19104,38409,201,8,1,월
2022-08-01,7호선,천왕,10121,9684,19805,437,8,1,월
2022-08-01,7호선,온수(성공회대입구),8562,7897,16459,665,8,1,월
2022-08-01,8호선,암사,18364,15556,33920,2808,8,1,월
2022-08-01,8호선,천호(풍납토성),14703,15902,30605,-1199,8,1,월
2022-08-01,8호선,강동구청,9693,9789,19482,-96,8,1,월
2022-08-01,8호선,몽촌토성(평화의문),5590,5541,11131,49,8,1,월
2022-08-01,8호선,잠실(송파구청),15386,17806,33192,-2420,8,1,월
2022-08-01,8호선,석촌,7193,8054,15247,-861,8,1,월
2022-08-01,8호선,송파,8116,7930,16046,186,8,1,월
2022-08-01,8호선,가락시장,6881,7590,14471,-709,8,1,월
2022-08-01,8호선,문정,20598,22055,42653,-1457,8,1,월
2022-08-01,8호선,장지,16153,15735,31888,418,8,1,월
2022-08-01,8호선,복정,8123,6943,15066,1180,8,1,월
2022-08-01,8호선,산성,4638,4668,9306,-30,8,1,월
2022-08-01,8호선,남한산성입구(성남법원.검찰청),11992,10956,22948,1036,8,1,월
2022-08-01,8호선,단대오거리,9461,9410,18871,51,8,1,월
2022-08-01,8호선,신흥,4214,4511,8725,-297,8,1,월
2022-08-01,8호선,수진,5045,4547,9592,498,8,1,월
2022-08-01,8호선,모란,4104,3211,7315,893,8,1,월
2022-08-01,8호선,남위례,4854,5004,9858,-150,8,1,월
2022-08-01,9호선,개화,2549,1797,4346,752,8,1,월
2022-08-01,9호선,김포공항,7863,10971,18834,-3108,8,1,월
2022-08-01,9호선,공항시장,2881,3128,6009,-247,8,1,월
2022-08-01,9호선,신방화,6230,6042,12272,188,8,1,월
2022-08-01,9호선,마곡나루(서울식물원),11452,11477,22929,-25,8,1,월
2022-08-01,9호선,양천향교,9056,9378,18434,-322,8,1,월
2022-08-01,9호선,가양,19751,19383,39134,368,8,1,월
2022-08-01,9호선,증미,7284,7128,14412,156,8,1,월
2022-08-01,9호선,등촌,11159,10877,22036,282,8,1,월
2022-08-01,9호선,염창,16308,15772,32080,536,8,1,월
2022-08-01,9호선,신목동,3894,3410,7304,484,8,1,월
2022-08-01,9호선,선유도,8528,8226,16754,302,8,1,월
2022-08-01,9호선,당산,17552,17961,35513,-409,8,1,월
2022-08-01,9호선,국회의사당,16238,16773,33011,-535,8,1,월
2022-08-01,9호선,여의도,29302,28712,58014,590,8,1,월
2022-08-01,9호선,샛강,5932,6051,11983,-119,8,1,월
2022-08-01,9호선,노량진,23758,23511,47269,247,8,1,월
2022-08-01,9호선,노들,4361,3602,7963,759,8,1,월
2022-08-01,9호선,흑석(중앙대입구),7336,7761,15097,-425,8,1,월
2022-08-01,9호선,동작(현충원),1672,1397,3069,275,8,1,월
2022-08-01,9호선,구반포,1108,1179,2287,-71,8,1,월
2022-08-01,9호선,신반포,3036,3110,6146,-74,8,1,월
2022-08-01,9호선,고속터미널,12882,17184,30066,-4302,8,1,월
2022-08-01,9호선,사평,3396,3373,6769,23,8,1,월
2022-08-01,9호선,신논현,29727,29159,58886,568,8,1,월
2022-08-01,9호선2~3단계,언주,10820,11202,22022,-382,8,1,월
2022-08-01,9호선2~3단계,선정릉,9771,10408,20179,-637,8,1,월
2022-08-01,9호선2~3단계,삼성중앙,7236,7714,14950,-478,8,1,월
2022-08-01,9호선2~3단계,봉은사,17973,18332,36305,-359,8,1,월
2022-08-01,9호선2~3단계,종합운동장,3947,4060,8007,-113,8,1,월
2022-08-01,9호선2~3단계,삼전,6799,6385,13184,414,8,1,월
2022-08-01,9호선2~3단계,석촌고분,6077,5976,12053,101,8,1,월
2022-08-01,9호선2~3단계,석촌,8207,7297,15504,910,8,1,월
2022-08-01,9호선2~3단계,송파나루,5020,5338,10358,-318,8,1,월
2022-08-01,9호선2~3단계,한성백제,2532,2229,4761,303,8,1,월
2022-08-01,9호선2~3단계,올림픽공원(한국체대),6072,5611,11683,461,8,1,월
2022-08-01,9호선2~3단계,둔촌오륜,860,824,1684,36,8,1,월
2022-08-01,9호선2~3단계,중앙보훈병원,10855,9472,20327,1383,8,1,월
2022-08-01,경강선,판교,4656,4609,9265,47,8,1,월
2022-08-01,경강선,이매,1075,851,1926,224,8,1,월
2022-08-01,경강선,삼동,2168,2097,4265,71,8,1,월
2022-08-01,경강선,경기광주,7133,6876,14009,257,8,1,월
2022-08-01,경강선,초월,2958,2796,5754,162,8,1,월
2022-08-01,경강선,곤지암,2024,2003,4027,21,8,1,월
2022-08-01,경강선,신둔도예촌,1358,1289,2647,69,8,1,월
2022-08-01,경강선,이천,2747,2914,5661,-167,8,1,월
2022-08-01,경강선,부발,1969,2162,4131,-193,8,1,월
2022-08-01,경강선,세종대왕릉,355,327,682,28,8,1,월
2022-08-01,경강선,여주,2382,2281,4663,101,8,1,월
2022-08-01,경부선,서울역,8890,2395,11285,6495,8,1,월
2022-08-01,경부선,남영,8167,8432,16599,-265,8,1,월
2022-08-01,경부선,용산,40290,40492,80782,-202,8,1,월
2022-08-01,경부선,노량진,6904,6892,13796,12,8,1,월
2022-08-01,경부선,대방,10280,11128,21408,-848,8,1,월
2022-08-01,경부선,영등포,38523,39387,77910,-864,8,1,월
2022-08-01,경부선,신도림,3252,3379,6631,-127,8,1,월
2022-08-01,경부선,신길,7911,6915,14826,996,8,1,월
2022-08-01,경부선,구로,15518,15672,31190,-154,8,1,월
2022-08-01,경부선,가산디지털단지,16460,19217,35677,-2757,8,1,월
2022-08-01,경부선,금천구청,9883,10022,19905,-139,8,1,월
2022-08-01,경부선,석수,7768,6920,14688,848,8,1,월
2022-08-01,경부선,관악,6172,5967,12139,205,8,1,월
2022-08-01,경부선,안양,19376,19271,38647,105,8,1,월
2022-08-01,경부선,명학,7409,7145,14554,264,8,1,월
2022-08-01,경부선,금정,23728,24221,47949,-493,8,1,월
2022-08-01,경부선,군포,5827,5550,11377,277,8,1,월
2022-08-01,경부선,의왕,7237,7193,14430,44,8,1,월
2022-08-01,경부선,성균관대,12064,12040,24104,24,8,1,월
2022-08-01,경부선,화서,6741,6475,13216,266,8,1,월
2022-08-01,경부선,수원,34267,35877,70144,-1610,8,1,월
2022-08-01,경부선,독산,16252,16808,33060,-556,8,1,월
2022-08-01,경부선,세류,2788,2497,5285,291,8,1,월
2022-08-01,경부선,병점,12331,12131,24462,200,8,1,월
2022-08-01,경부선,세마,2609,2356,4965,253,8,1,월
2022-08-01,경부선,오산대,2935,2789,5724,146,8,1,월
2022-08-01,경부선,오산,9222,9326,18548,-104,8,1,월
2022-08-01,경부선,진위,1413,1291,2704,122,8,1,월
2022-08-01,경부선,송탄,4007,3899,7906,108,8,1,월
2022-08-01,경부선,서정리,6162,6139,12301,23,8,1,월
2022-08-01,경부선,평택지제,3460,3533,6993,-73,8,1,월
2022-08-01,경부선,평택,11670,11645,23315,25,8,1,월
2022-08-01,경부선,성환,3163,3233,6396,-70,8,1,월
2022-08-01,경부선,직산,864,771,1635,93,8,1,월
2022-08-01,경부선,두정,4841,4900,9741,-59,8,1,월
2022-08-01,경부선,천안,5482,5726,11208,-244,8,1,월
2022-08-01,경부선,당정,5348,5098,10446,250,8,1,월
2022-08-01,경부선,서동탄,1319,1157,2476,162,8,1,월
2022-08-01,경부선,광명,3731,2954,6685,777,8,1,월
2022-08-01,경원선,이촌(국립중앙박물관),3506,2706,6212,800,8,1,월
2022-08-01,경원선,서빙고,1807,1756,3563,51,8,1,월
2022-08-01,경원선,한남,3986,3775,7761,211,8,1,월
2022-08-01,경원선,옥수,45,29,74,16,8,1,월
2022-08-01,경원선,응봉,1724,1385,3109,339,8,1,월
2022-08-01,경원선,왕십리(성동구청),13907,15762,29669,-1855,8,1,월
2022-08-01,경원선,청량리(서울시립대입구),14956,15340,30296,-384,8,1,월
2022-08-01,경원선,외대앞,7006,6982,13988,24,8,1,월
2022-08-01,경원선,신이문,7551,6962,14513,589,8,1,월
2022-08-01,경원선,석계,6822,7673,14495,-851,8,1,월
2022-08-01,경원선,광운대,6450,6261,12711,189,8,1,월
2022-08-01,경원선,월계,5529,5177,10706,352,8,1,월
2022-08-01,경원선,녹천,4300,3448,7748,852,8,1,월
2022-08-01,경원선,창동,1,0,1,1,8,1,월
2022-08-01,경원선,방학,8706,8595,17301,111,8,1,월
2022-08-01,5호선,청구,3482,3244,6726,238,8,1,월
2022-08-01,중앙선,지평,85,75,160,10,8,1,월
2022-08-01,중앙선,용문,1956,1868,3824,88,8,1,월
2022-08-01,중앙선,원덕,364,327,691,37,8,1,월
2022-08-01,중앙선,양평,2725,2641,5366,84,8,1,월
2022-08-01,중앙선,오빈,332,294,626,38,8,1,월
2022-08-01,중앙선,아신,479,456,935,23,8,1,월
2022-08-01,중앙선,국수,610,574,1184,36,8,1,월
2022-08-01,중앙선,신원,163,147,310,16,8,1,월
2022-08-01,중앙선,양수,1881,1911,3792,-30,8,1,월
2022-08-01,중앙선,운길산,599,590,1189,9,8,1,월
2022-08-01,중앙선,팔당,774,839,1613,-65,8,1,월
2022-08-02,5호선,아차산(어린이대공원후문),12549,12400,24949,149,8,2,화
2022-08-02,경강선,삼동,2181,2139,4320,42,8,2,화
2022-08-02,5호선,군자(능동),10206,11237,21443,-1031,8,2,화
2022-08-02,5호선,장한평,16651,16666,33317,-15,8,2,화
2022-08-02,5호선,답십리,14619,13496,28115,1123,8,2,화
2022-08-02,5호선,마장,5156,4735,9891,421,8,2,화
2022-08-02,5호선,왕십리(성동구청),4179,4799,8978,-620,8,2,화
2022-08-02,5호선,행당,7566,6842,14408,724,8,2,화
2022-08-02,5호선,신금호,5657,6049,11706,-392,8,2,화
2022-08-02,5호선,청구,3546,3374,6920,172,8,2,화
2022-08-02,5호선,동대문역사문화공원(DDP),3072,3408,6480,-336,8,2,화
2022-08-02,5호선,을지로4가,4837,4951,9788,-114,8,2,화
2022-08-02,5호선,종로3가,11240,10724,21964,516,8,2,화
2022-08-02,5호선,광화문(세종문화회관),30750,31290,62040,-540,8,2,화
2022-08-02,5호선,서대문,19377,19147,38524,230,8,2,화
2022-08-02,5호선,충정로(경기대입구),4531,4533,9064,-2,8,2,화
2022-08-02,5호선,애오개,6264,6415,12679,-151,8,2,화
2022-08-02,5호선,공덕,13668,14437,28105,-769,8,2,화
2022-08-02,5호선,마포,13797,14177,27974,-380,8,2,화
2022-08-02,5호선,여의나루,9970,12147,22117,-2177,8,2,화
2022-08-02,5호선,여의도,31111,31067,62178,44,8,2,화
2022-08-02,5호선,신길,4159,4530,8689,-371,8,2,화
2022-08-02,5호선,영등포시장,9427,9808,19235,-381,8,2,화
2022-08-02,5호선,영등포구청,3718,3691,7409,27,8,2,화
2022-08-02,5호선,양평,7051,6981,14032,70,8,2,화
2022-08-02,5호선,오목교(목동운동장앞),20457,21690,42147,-1233,8,2,화
2022-08-02,5호선,목동,15167,16286,31453,-1119,8,2,화
2022-08-02,5호선,신정(은행정),12566,10369,22935,2197,8,2,화
2022-08-02,5호선,까치산,26665,25503,52168,1162,8,2,화
2022-08-02,5호선,화곡,26260,24558,50818,1702,8,2,화
2022-08-02,5호선,우장산,13077,12971,26048,106,8,2,화
2022-08-02,5호선,발산,19514,20134,39648,-620,8,2,화
2022-08-02,5호선,마곡,10278,10358,20636,-80,8,2,화
2022-08-02,5호선,송정,5998,5678,11676,320,8,2,화
2022-08-02,5호선,김포공항,7708,7426,15134,282,8,2,화
2022-08-02,5호선,개화산,5243,4965,10208,278,8,2,화
2022-08-02,5호선,방화,6128,6029,12157,99,8,2,화
2022-08-02,4호선,남태령,1104,952,2056,152,8,2,화
2022-08-02,4호선,사당,23948,19800,43748,4148,8,2,화
2022-08-02,4호선,총신대입구(이수),17040,18547,35587,-1507,8,2,화
2022-08-02,4호선,동작(현충원),1045,1161,2206,-116,8,2,화
2022-08-02,4호선,이촌(국립중앙박물관),10301,10867,21168,-566,8,2,화
2022-08-02,4호선,신용산,17743,18510,36253,-767,8,2,화
2022-08-02,4호선,삼각지,5006,5585,10591,-579,8,2,화
2022-08-02,4호선,숙대입구(갈월),12038,11669,23707,369,8,2,화
2022-08-02,4호선,서울역,11300,17341,28641,-6041,8,2,화
2022-08-02,4호선,회현(남대문시장),24693,24758,49451,-65,8,2,화
2022-08-02,4호선,명동,20206,21078,41284,-872,8,2,화
2022-08-02,4호선,충무로,21609,22468,44077,-859,8,2,화
2022-08-02,4호선,동대문역사문화공원(DDP),14993,13231,28224,1762,8,2,화
2022-08-02,4호선,동대문,11247,11673,22920,-426,8,2,화
2022-08-02,4호선,혜화,31950,31850,63800,100,8,2,화
2022-08-02,4호선,한성대입구(삼선교),11659,11222,22881,437,8,2,화
2022-08-02,4호선,성신여대입구(돈암),17965,17716,35681,249,8,2,화
2022-08-02,4호선,길음,18484,18215,36699,269,8,2,화
2022-08-02,4호선,미아사거리,24271,24022,48293,249,8,2,화
2022-08-02,4호선,미아(서울사이버대학),12951,12675,25626,276,8,2,화
2022-08-02,4호선,수유(강북구청),30225,30785,61010,-560,8,2,화
2022-08-02,4호선,쌍문,25776,24182,49958,1594,8,2,화
2022-08-02,4호선,창동,22078,23718,45796,-1640,8,2,화
2022-08-02,4호선,노원,16884,18996,35880,-2112,8,2,화
2022-08-02,4호선,상계,17034,16030,33064,1004,8,2,화
2022-08-02,4호선,당고개,7992,7219,15211,773,8,2,화
2022-08-02,3호선,오금,5875,5447,11322,428,8,2,화
2022-08-02,3호선,경찰병원,6963,7078,14041,-115,8,2,화
2022-08-02,3호선,가락시장,8208,8139,16347,69,8,2,화
2022-08-02,3호선,수서,15968,16410,32378,-442,8,2,화
2022-08-02,3호선,일원,10137,9849,19986,288,8,2,화
2022-08-02,3호선,대청,9229,8749,17978,480,8,2,화
2022-08-02,3호선,학여울,1566,1663,3229,-97,8,2,화
2022-08-02,3호선,대치,11514,11232,22746,282,8,2,화
2022-08-02,3호선,도곡,4737,4927,9664,-190,8,2,화
2022-08-02,3호선,매봉,12041,11370,23411,671,8,2,화
2022-08-02,3호선,양재(서초구청),34549,37130,71679,-2581,8,2,화
2022-08-02,3호선,남부터미널(예술의전당),28706,28976,57682,-270,8,2,화
2022-08-02,3호선,교대(법원.검찰청),12811,8490,21301,4321,8,2,화
2022-08-02,3호선,고속터미널,41650,39054,80704,2596,8,2,화
2022-08-02,3호선,잠원,4466,4402,8868,64,8,2,화
2022-08-02,3호선,신사,27969,29104,57073,-1135,8,2,화
2022-08-02,3호선,압구정,30582,32403,62985,-1821,8,2,화
2022-08-02,3호선,옥수,7971,8422,16393,-451,8,2,화
2022-08-02,3호선,금호,7170,6845,14015,325,8,2,화
2022-08-02,3호선,약수,11820,11599,23419,221,8,2,화
2022-08-02,3호선,동대입구,7665,8130,15795,-465,8,2,화
2022-08-02,3호선,을지로3가,9946,9553,19499,393,8,2,화
2022-08-02,중앙선,덕소,5041,4941,9982,100,8,2,화
2022-08-02,중앙선,도심,2136,1698,3834,438,8,2,화
2022-08-02,중앙선,팔당,848,848,1696,0,8,2,화
2022-08-02,중앙선,운길산,663,621,1284,42,8,2,화
2022-08-02,중앙선,양수,1964,1977,3941,-13,8,2,화
2022-08-02,중앙선,신원,179,153,332,26,8,2,화
2022-08-02,중앙선,국수,688,668,1356,20,8,2,화
2022-08-02,중앙선,아신,542,513,1055,29,8,2,화
2022-08-02,중앙선,오빈,294,302,596,-8,8,2,화
2022-08-02,중앙선,양평,2772,2702,5474,70,8,2,화
2022-08-02,중앙선,원덕,347,322,669,25,8,2,화
2022-08-02,중앙선,용문,1972,2016,3988,-44,8,2,화
2022-08-02,중앙선,지평,56,43,99,13,8,2,화
2022-08-02,3호선,종로3가,5481,6722,12203,-1241,8,2,화
2022-08-02,3호선,안국,21485,21508,42993,-23,8,2,화
2022-08-02,3호선,경복궁(정부서울청사),18351,17895,36246,456,8,2,화
2022-08-02,3호선,독립문,6779,6731,13510,48,8,2,화
2022-08-02,3호선,무악재,3630,3610,7240,20,8,2,화
2022-08-02,3호선,홍제,15527,14969,30496,558,8,2,화
2022-08-02,3호선,녹번,13912,12704,26616,1208,8,2,화
2022-08-02,3호선,불광,14344,15358,29702,-1014,8,2,화
2022-08-02,3호선,연신내,32471,30748,63219,1723,8,2,화
2022-08-02,3호선,구파발,19138,18689,37827,449,8,2,화
2022-08-02,3호선,지축,4647,4434,9081,213,8,2,화
2022-08-02,2호선,용두(동대문구청),2279,2310,4589,-31,8,2,화
2022-08-02,2호선,신정네거리,9438,9724,19162,-286,8,2,화
2022-08-02,2호선,양천구청,6229,6524,12753,-295,8,2,화
2022-08-02,2호선,도림천,1280,1355,2635,-75,8,2,화
2022-08-02,2호선,신설동,3059,2846,5905,213,8,2,화
2022-08-02,2호선,신답,1550,1784,3334,-234,8,2,화
2022-08-02,2호선,용답,2485,2498,4983,-13,8,2,화
2022-08-02,2호선,충정로(경기대입구),9260,9908,19168,-648,8,2,화
2022-08-02,2호선,아현,9514,9290,18804,224,8,2,화
2022-08-02,2호선,이대,12200,13091,25291,-891,8,2,화
2022-08-02,2호선,신촌,33486,33654,67140,-168,8,2,화
2022-08-02,2호선,홍대입구,57176,59296,116472,-2120,8,2,화
2022-08-02,2호선,합정,29727,31951,61678,-2224,8,2,화
2022-08-02,2호선,당산,16431,19249,35680,-2818,8,2,화
2022-08-02,2호선,영등포구청,20560,21218,41778,-658,8,2,화
2022-08-02,2호선,문래,20700,21038,41738,-338,8,2,화
2022-08-02,2호선,신도림,44065,43722,87787,343,8,2,화
2022-08-02,2호선,대림(구로구청),22191,22698,44889,-507,8,2,화
2022-08-02,2호선,구로디지털단지,56375,56401,112776,-26,8,2,화
2022-08-02,2호선,신대방,23667,23488,47155,179,8,2,화
2022-08-02,2호선,신림,54975,52992,107967,1983,8,2,화
2022-08-02,2호선,봉천,22881,21264,44145,1617,8,2,화
2022-08-02,2호선,서울대입구(관악구청),43874,43421,87295,453,8,2,화
2022-08-02,2호선,낙성대(강감찬),26038,25668,51706,370,8,2,화
2022-08-02,2호선,사당,35249,38819,74068,-3570,8,2,화
2022-08-02,2호선,방배,14821,15388,30209,-567,8,2,화
2022-08-02,2호선,서초,20178,19587,39765,591,8,2,화
2022-08-02,2호선,교대(법원.검찰청),30988,34744,65732,-3756,8,2,화
2022-08-02,2호선,강남,84287,80477,164764,3810,8,2,화
2022-08-02,2호선,역삼,55632,61228,116860,-5596,8,2,화
2022-08-02,2호선,선릉,56971,50736,107707,6235,8,2,화
2022-08-02,2호선,삼성(무역센터),56300,55901,112201,399,8,2,화
2022-08-02,2호선,종합운동장,8239,8704,16943,-465,8,2,화
2022-08-02,2호선,잠실새내,20405,20313,40718,92,8,2,화
2022-08-02,2호선,잠실(송파구청),77445,76899,154344,546,8,2,화
2022-08-02,2호선,잠실나루,13893,13636,27529,257,8,2,화
2022-08-02,2호선,강변(동서울터미널),30926,29112,60038,1814,8,2,화
2022-08-02,2호선,구의(광진구청),22398,22021,44419,377,8,2,화
2022-08-02,2호선,건대입구,32551,34948,67499,-2397,8,2,화
2022-08-02,2호선,성수,36403,39003,75406,-2600,8,2,화
2022-08-02,2호선,뚝섬,21753,23221,44974,-1468,8,2,화
2022-08-02,2호선,한양대,6963,7316,14279,-353,8,2,화
2022-08-02,2호선,왕십리(성동구청),14918,12529,27447,2389,8,2,화
2022-08-02,2호선,상왕십리,13229,13258,26487,-29,8,2,화
2022-08-02,2호선,신당,12917,13595,26512,-678,8,2,화
2022-08-02,2호선,동대문역사문화공원(DDP),11921,13647,25568,-1726,8,2,화
2022-08-02,2호선,을지로4가,10913,10689,21602,224,8,2,화
2022-08-02,2호선,을지로3가,23376,23049,46425,327,8,2,화
2022-08-02,2호선,을지로입구,42266,42903,85169,-637,8,2,화
2022-08-02,2호선,시청,24654,23571,48225,1083,8,2,화
2022-08-02,1호선,동묘앞,5979,6224,12203,-245,8,2,화
2022-08-02,1호선,청량리(서울시립대입구),17870,17859,35729,11,8,2,화
2022-08-02,1호선,제기동,15017,15413,30430,-396,8,2,화
2022-08-02,1호선,신설동,11952,11657,23609,295,8,2,화
2022-08-02,1호선,동대문,10771,9997,20768,774,8,2,화
2022-08-02,1호선,종로5가,18290,17848,36138,442,8,2,화
2022-08-02,1호선,종로3가,19273,17958,37231,1315,8,2,화
2022-08-02,1호선,종각,36981,35629,72610,1352,8,2,화
2022-08-02,1호선,시청,23308,23317,46625,-9,8,2,화
2022-08-02,1호선,서울역,46815,43759,90574,3056,8,2,화
2022-08-02,안산선,안산,11221,10539,21760,682,8,2,화
2022-08-02,안산선,신길온천,1524,1336,2860,188,8,2,화
2022-08-02,안산선,정왕,6611,6909,13520,-298,8,2,화
2022-08-02,안산선,오이도,7213,7077,14290,136,8,2,화
2022-08-02,안산선,수리산,3445,2875,6320,570,8,2,화
2022-08-02,우이신설선,북한산우이,2447,2299,4746,148,8,2,화
2022-08-02,우이신설선,솔밭공원,2330,2146,4476,184,8,2,화
2022-08-02,우이신설선,4.19민주묘지,2452,2270,4722,182,8,2,화
2022-08-02,우이신설선,가오리,3863,3953,7816,-90,8,2,화
2022-08-02,우이신설선,화계,3076,2919,5995,157,8,2,화
2022-08-02,우이신설선,삼양,1839,1939,3778,-100,8,2,화
2022-08-02,우이신설선,삼양사거리,2269,2356,4625,-87,8,2,화
2022-08-02,우이신설선,솔샘,5334,5057,10391,277,8,2,화
2022-08-02,우이신설선,북한산보국문,5124,4925,10049,199,8,2,화
2022-08-02,우이신설선,정릉,4155,3837,7992,318,8,2,화
2022-08-02,우이신설선,성신여대입구(돈암),2996,3393,6389,-397,8,2,화
2022-08-02,우이신설선,보문,1367,1363,2730,4,8,2,화
2022-08-02,우이신설선,신설동,1815,1786,3601,29,8,2,화
2022-08-02,일산선,원흥,9955,9606,19561,349,8,2,화
2022-08-02,일산선,지축,1,0,1,1,8,2,화
2022-08-02,일산선,삼송,17920,17294,35214,626,8,2,화
2022-08-02,일산선,원당,9612,9178,18790,434,8,2,화
2022-08-02,일산선,화정,15016,15233,30249,-217,8,2,화
2022-08-02,일산선,대곡,1899,1465,3364,434,8,2,화
2022-08-02,일산선,백석,8914,8897,17811,17,8,2,화
2022-08-02,일산선,마두,7155,7273,14428,-118,8,2,화
2022-08-02,일산선,정발산,6455,6556,13011,-101,8,2,화
2022-08-02,일산선,주엽,8591,8635,17226,-44,8,2,화
2022-08-02,일산선,대화,11975,9466,21441,2509,8,2,화
2022-08-02,장항선,봉명,1153,1134,2287,19,8,2,화
2022-08-02,장항선,쌍용(나사렛대),1736,1632,3368,104,8,2,화
2022-08-02,장항선,아산,3220,2703,5923,517,8,2,화
2022-08-02,장항선,탕정,789,747,1536,42,8,2,화
2022-08-02,장항선,배방,977,954,1931,23,8,2,화
2022-08-02,장항선,온양온천,3509,3617,7126,-108,8,2,화
2022-08-02,장항선,신창(순천향대),1112,1092,2204,20,8,2,화
2022-08-02,중앙선,회기,22106,21512,43618,594,8,2,화
2022-08-02,중앙선,중랑,5442,5152,10594,290,8,2,화
2022-08-02,중앙선,상봉(시외버스터미널),5173,5220,10393,-47,8,2,화
2022-08-02,중앙선,망우,7139,7122,14261,17,8,2,화
2022-08-02,중앙선,양원,2660,2592,5252,68,8,2,화
2022-08-02,중앙선,구리,12206,12244,24450,-38,8,2,화
2022-08-02,중앙선,도농,9744,8978,18722,766,8,2,화
2022-08-02,중앙선,양정,613,524,1137,89,8,2,화
2022-08-02,9호선,사평,3599,3627,7226,-28,8,2,화
2022-08-02,6호선,신내,1,0,1,1,8,2,화
2022-08-02,경강선,경기광주,7443,6959,14402,484,8,2,화
2022-08-02,경강선,초월,3006,2883,5889,123,8,2,화
2022-08-02,경강선,곤지암,2026,2006,4032,20,8,2,화
2022-08-02,경강선,신둔도예촌,1337,1339,2676,-2,8,2,화
2022-08-02,경강선,이천,2809,2915,5724,-106,8,2,화
2022-08-02,경강선,부발,1962,1973,3935,-11,8,2,화
2022-08-02,경강선,세종대왕릉,338,335,673,3,8,2,화
2022-08-02,경강선,여주,2195,2234,4429,-39,8,2,화
2022-08-02,경부선,서울역,8314,2252,10566,6062,8,2,화
2022-08-02,경부선,남영,8365,8765,17130,-400,8,2,화
2022-08-02,경부선,용산,39249,38578,77827,671,8,2,화
2022-08-02,경부선,노량진,6730,6745,13475,-15,8,2,화
2022-08-02,경부선,대방,10216,11207,21423,-991,8,2,화
2022-08-02,경부선,영등포,38263,38522,76785,-259,8,2,화
2022-08-02,경부선,신도림,3252,3368,6620,-116,8,2,화
2022-08-02,경부선,신길,7872,6864,14736,1008,8,2,화
2022-08-02,경부선,구로,15631,15929,31560,-298,8,2,화
2022-08-02,경부선,가산디지털단지,16108,19060,35168,-2952,8,2,화
2022-08-02,경부선,금천구청,10003,10031,20034,-28,8,2,화
2022-08-02,경부선,석수,7926,7241,15167,685,8,2,화
2022-08-02,경부선,관악,6498,6115,12613,383,8,2,화
2022-08-02,경부선,안양,19235,19165,38400,70,8,2,화
2022-08-02,경부선,명학,7584,7378,14962,206,8,2,화
2022-08-02,경부선,금정,23737,24188,47925,-451,8,2,화
2022-08-02,경부선,군포,5850,5571,11421,279,8,2,화
2022-08-02,경부선,의왕,7305,7391,14696,-86,8,2,화
2022-08-02,경부선,성균관대,12265,12051,24316,214,8,2,화
2022-08-02,경부선,화서,7031,6824,13855,207,8,2,화
2022-08-02,경부선,수원,33552,34752,68304,-1200,8,2,화
2022-08-02,경부선,독산,16337,17080,33417,-743,8,2,화
2022-08-02,경부선,세류,2720,2467,5187,253,8,2,화
2022-08-02,경부선,병점,12426,12405,24831,21,8,2,화
2022-08-02,경부선,세마,2580,2383,4963,197,8,2,화
2022-08-02,경부선,오산대,3041,2824,5865,217,8,2,화
2022-08-02,경부선,오산,9066,9068,18134,-2,8,2,화
2022-08-02,경부선,진위,1445,1321,2766,124,8,2,화
2022-08-02,경부선,송탄,3842,3780,7622,62,8,2,화
2022-08-02,경부선,서정리,6377,6106,12483,271,8,2,화
2022-08-02,경부선,평택지제,3605,3432,7037,173,8,2,화
2022-08-02,경부선,평택,11272,11270,22542,2,8,2,화
2022-08-02,경부선,성환,3004,3033,6037,-29,8,2,화
2022-08-02,경부선,직산,808,794,1602,14,8,2,화
2022-08-02,경부선,두정,4713,4824,9537,-111,8,2,화
2022-08-02,경부선,천안,5392,5556,10948,-164,8,2,화
2022-08-02,경부선,당정,5415,5237,10652,178,8,2,화
2022-08-02,경부선,서동탄,1277,1111,2388,166,8,2,화
2022-08-02,경부선,광명,3598,2961,6559,637,8,2,화
2022-08-02,경원선,이촌(국립중앙박물관),3452,2688,6140,764,8,2,화
2022-08-02,경원선,서빙고,1958,1829,3787,129,8,2,화
2022-08-02,경원선,한남,3951,3831,7782,120,8,2,화
2022-08-02,경원선,옥수,55,41,96,14,8,2,화
2022-08-02,경원선,응봉,1710,1477,3187,233,8,2,화
2022-08-02,경원선,왕십리(성동구청),13707,15657,29364,-1950,8,2,화
2022-08-02,경원선,청량리(서울시립대입구),15215,15515,30730,-300,8,2,화
2022-08-02,경원선,외대앞,6910,6963,13873,-53,8,2,화
2022-08-02,경원선,신이문,7540,6942,14482,598,8,2,화
2022-08-02,경원선,석계,7039,7980,15019,-941,8,2,화
2022-08-02,경원선,광운대,6353,6183,12536,170,8,2,화
2022-08-02,경원선,월계,5533,5230,10763,303,8,2,화
2022-08-02,경원선,녹천,4187,3537,7724,650,8,2,화
2022-08-02,경원선,방학,8721,8712,17433,9,8,2,화
2022-08-02,경원선,도봉,5291,5014,10305,277,8,2,화
2022-08-02,경원선,도봉산,6322,4075,10397,2247,8,2,화
2022-08-02,경원선,망월사,6680,6765,13445,-85,8,2,화
2022-08-02,경원선,회룡,11163,10960,22123,203,8,2,화
2022-08-02,경원선,의정부,17089,17774,34863,-685,8,2,화
2022-08-02,경원선,가능,6022,5685,11707,337,8,2,화
2022-08-02,경원선,녹양,3973,3781,7754,192,8,2,화
2022-08-02,경원선,양주,6674,6366,13040,308,8,2,화
2022-08-02,경원선,덕계,2784,2412,5196,372,8,2,화
2022-08-02,경원선,덕정,4700,4680,9380,20,8,2,화
2022-08-02,경원선,지행,5656,5595,11251,61,8,2,화
2022-08-02,경원선,동두천중앙,2858,2820,5678,38,8,2,화
2022-08-02,경원선,보산,1403,1316,2719,87,8,2,화
2022-08-02,경원선,동두천,1761,2007,3768,-246,8,2,화
2022-08-02,경원선,소요산,2634,2233,4867,401,8,2,화
2022-08-02,경의선,서울역,4240,5313,9553,-1073,8,2,화
2022-08-02,경의선,신촌,862,1123,1985,-261,8,2,화
2022-08-02,경의선,효창공원앞,2795,3233,6028,-438,8,2,화
2022-08-02,경의선,공덕,3628,2987,6615,641,8,2,화
2022-08-02,경의선,서강대,2004,1990,3994,14,8,2,화
2022-08-02,경의선,홍대입구,1763,2113,3876,-350,8,2,화
2022-08-02,경의선,가좌,5023,4856,9879,167,8,2,화
2022-08-02,경의선,디지털미디어시티,2512,2217,4729,295,8,2,화
2022-08-02,경의선,수색,2769,2938,5707,-169,8,2,화
2022-08-02,경의선,화전,1501,1400,2901,101,8,2,화
2022-08-02,경의선,강매,2850,2428,5278,422,8,2,화
2022-08-02,경의선,행신,7774,7504,15278,270,8,2,화
2022-08-02,경의선,능곡,3383,3153,6536,230,8,2,화
2022-08-02,경의선,곡산,557,547,1104,10,8,2,화
2022-08-02,경의선,백마,6295,6116,12411,179,8,2,화
2022-08-02,경의선,풍산,5263,4800,10063,463,8,2,화
2022-08-02,경의선,일산,8224,8049,16273,175,8,2,화
2022-08-02,경의선,탄현,7228,6977,14205,251,8,2,화
2022-08-02,경의선,야당,7130,7060,14190,70,8,2,화
2022-08-02,경의선,운정,6269,5736,12005,533,8,2,화
2022-08-02,경의선,금릉,4284,4110,8394,174,8,2,화
2022-08-02,경의선,금촌,5559,5698,11257,-139,8,2,화
2022-08-02,경의선,월롱,2298,2193,4491,105,8,2,화
2022-08-02,경의선,파주,954,683,1637,271,8,2,화
2022-08-02,경의선,문산,4708,4869,9577,-161,8,2,화
2022-08-02,경의선,임진강,23,11,34,12,8,2,화
2022-08-02,경인선,개봉,19152,19043,38195,109,8,2,화
2022-08-02,경인선,오류동,10417,9729,20146,688,8,2,화
2022-08-02,경인선,역곡,23416,23520,46936,-104,8,2,화
2022-08-02,경인선,부천,28348,28163,56511,185,8,2,화
2022-08-02,경인선,송내,24259,24087,48346,172,8,2,화
2022-08-02,경인선,부평,27404,28318,55722,-914,8,2,화
2022-08-02,경인선,백운,5976,5860,11836,116,8,2,화
2022-08-02,경인선,동암,13773,13829,27602,-56,8,2,화
2022-08-02,경인선,주안,16405,14783,31188,1622,8,2,화
2022-08-02,경인선,제물포,8584,8140,16724,444,8,2,화
2022-08-02,경인선,동인천,11505,10979,22484,526,8,2,화
2022-08-02,경인선,인천,3554,2932,6486,622,8,2,화
2022-08-02,경인선,구일,8774,9078,17852,-304,8,2,화
2022-08-02,경인선,소사,7231,7283,14514,-52,8,2,화
2022-08-02,경인선,부개,7620,7157,14777,463,8,2,화
2022-08-02,경인선,간석,5246,4879,10125,367,8,2,화
2022-08-02,경인선,도원,2349,2386,4735,-37,8,2,화
2022-08-02,경인선,온수(성공회대입구),5737,5754,11491,-17,8,2,화
2022-08-02,경인선,중동,8146,7701,15847,445,8,2,화
2022-08-02,경인선,도화,3600,3346,6946,254,8,2,화
2022-08-02,경춘선,신내,1982,1863,3845,119,8,2,화
2022-08-02,경춘선,갈매,2620,2321,4941,299,8,2,화
2022-08-02,경춘선,별내,2790,2649,5439,141,8,2,화
2022-08-02,경춘선,퇴계원,3118,2870,5988,248,8,2,화
2022-08-02,경춘선,사릉,1981,1976,3957,5,8,2,화
2022-08-02,경춘선,금곡,1350,1292,2642,58,8,2,화
2022-08-02,경춘선,평내호평,5568,5510,11078,58,8,2,화
2022-08-02,경춘선,천마산,1477,1337,2814,140,8,2,화
2022-08-02,경춘선,마석,3613,3529,7142,84,8,2,화
2022-08-02,경춘선,대성리,938,658,1596,280,8,2,화
2022-08-02,경춘선,청평,1853,1710,3563,143,8,2,화
2022-08-02,경춘선,상천,256,223,479,33,8,2,화
2022-08-02,경춘선,가평,2817,2729,5546,88,8,2,화
2022-08-02,경춘선,굴봉산,173,113,286,60,8,2,화
2022-08-02,경춘선,백양리,149,100,249,49,8,2,화
2022-08-02,경춘선,강촌,663,504,1167,159,8,2,화
2022-08-02,경춘선,김유정,382,369,751,13,8,2,화
2022-08-02,경춘선,남춘천,2746,2855,5601,-109,8,2,화
2022-08-02,경춘선,춘천,1372,1290,2662,82,8,2,화
2022-08-02,공항철도 1호선,서울역,9701,9315,19016,386,8,2,화
2022-08-02,공항철도 1호선,공덕,2284,3086,5370,-802,8,2,화
2022-08-02,공항철도 1호선,홍대입구,10847,11233,22080,-386,8,2,화
2022-08-02,공항철도 1호선,디지털미디어시티,14246,13197,27443,1049,8,2,화
2022-08-02,공항철도 1호선,마곡나루(서울식물원),8220,7926,16146,294,8,2,화
2022-08-02,공항철도 1호선,김포공항,10968,6415,17383,4553,8,2,화
2022-08-02,공항철도 1호선,계양,10303,9702,20005,601,8,2,화
2022-08-02,공항철도 1호선,검암,6302,6343,12645,-41,8,2,화
2022-08-02,공항철도 1호선,청라국제도시,6596,6318,12914,278,8,2,화
2022-08-02,공항철도 1호선,운서,7095,7412,14507,-317,8,2,화
2022-08-02,공항철도 1호선,공항화물청사,2389,2536,4925,-147,8,2,화
2022-08-02,공항철도 1호선,인천공항1터미널,7929,7087,15016,842,8,2,화
2022-08-02,공항철도 1호선,인천공항2터미널,3764,3263,7027,501,8,2,화
2022-08-02,공항철도 1호선,영종,3243,3236,6479,7,8,2,화
2022-08-02,과천선,선바위,7289,6447,13736,842,8,2,화
2022-08-02,과천선,경마공원,1350,1298,2648,52,8,2,화
2022-08-02,과천선,대공원,3044,3080,6124,-36,8,2,화
2022-08-02,과천선,과천,6183,6074,12257,109,8,2,화
2022-08-02,과천선,정부과천청사,10642,10472,21114,170,8,2,화
2022-08-02,과천선,인덕원,21604,22823,44427,-1219,8,2,화
2022-08-02,과천선,평촌,15713,15685,31398,28,8,2,화
2022-08-02,과천선,범계,24163,24111,48274,52,8,2,화
2022-08-02,분당선,선릉,13915,20533,34448,-6618,8,2,화
2022-08-02,분당선,한티,15089,15886,30975,-797,8,2,화
2022-08-02,분당선,도곡,6709,6666,13375,43,8,2,화
2022-08-02,분당선,구룡,1674,1581,3255,93,8,2,화
2022-08-02,분당선,개포동,3721,3867,7588,-146,8,2,화
2022-08-02,분당선,대모산입구,4393,4124,8517,269,8,2,화
2022-08-02,분당선,수서,13277,13516,26793,-239,8,2,화
2022-08-02,분당선,수원,7698,6498,14196,1200,8,2,화
2022-08-02,분당선,서울숲,11112,11486,22598,-374,8,2,화
2022-08-02,분당선,압구정로데오,18835,20656,39491,-1821,8,2,화
2022-08-02,분당선,강남구청,9246,10663,19909,-1417,8,2,화
2022-08-02,분당선,선정릉,7912,8190,16102,-278,8,2,화
2022-08-02,분당선,가천대,6425,7178,13603,-753,8,2,화
2022-08-02,분당선,태평,12764,12221,24985,543,8,2,화
2022-08-02,분당선,모란,18116,18443,36559,-327,8,2,화
2022-08-02,분당선,야탑,24166,25297,49463,-1131,8,2,화
2022-08-02,분당선,서현,23820,23977,47797,-157,8,2,화
2022-08-02,분당선,수내,13190,13191,26381,-1,8,2,화
2022-08-02,분당선,정자,17230,18117,35347,-887,8,2,화
2022-08-02,분당선,미금,14607,15538,30145,-931,8,2,화
2022-08-02,분당선,오리,11069,9044,20113,2025,8,2,화
2022-08-02,분당선,이매,4982,4825,9807,157,8,2,화
2022-08-02,분당선,보정,2251,2000,4251,251,8,2,화
2022-08-02,분당선,죽전,11755,13051,24806,-1296,8,2,화
2022-08-02,분당선,구성,4414,4794,9208,-380,8,2,화
2022-08-02,분당선,신갈,4463,4454,8917,9,8,2,화
2022-08-02,분당선,기흥,9344,8729,18073,615,8,2,화
2022-08-02,분당선,상갈,4830,4678,9508,152,8,2,화
2022-08-02,분당선,청명,3859,3676,7535,183,8,2,화
2022-08-02,분당선,영통,7510,7540,15050,-30,8,2,화
2022-08-02,분당선,망포,13018,12531,25549,487,8,2,화
2022-08-02,분당선,매탄권선,4570,4441,9011,129,8,2,화
2022-08-02,분당선,수원시청,11490,12260,23750,-770,8,2,화
2022-08-02,분당선,매교,2574,2567,5141,7,8,2,화
2022-08-02,수인선,고색,4053,3780,7833,273,8,2,화
2022-08-02,수인선,오목천,2553,2430,4983,123,8,2,화
2022-08-02,수인선,어천,726,813,1539,-87,8,2,화
2022-08-02,수인선,야목,350,232,582,118,8,2,화
2022-08-02,수인선,사리,4015,3489,7504,526,8,2,화
2022-08-02,수인선,달월,100,69,169,31,8,2,화
2022-08-02,수인선,월곶,2108,2002,4110,106,8,2,화
2022-08-02,수인선,소래포구,4287,4120,8407,167,8,2,화
2022-08-02,수인선,인천논현,4490,4667,9157,-177,8,2,화
2022-08-02,수인선,호구포,3058,3058,6116,0,8,2,화
2022-08-02,수인선,남동인더스파크,1437,1646,3083,-209,8,2,화
2022-08-02,수인선,원인재,3629,3792,7421,-163,8,2,화
2022-08-02,수인선,연수,3647,3732,7379,-85,8,2,화
2022-08-02,수인선,송도,1897,1740,3637,157,8,2,화
2022-08-02,수인선,인하대,4489,4202,8691,287,8,2,화
2022-08-02,수인선,숭의,3207,2973,6180,234,8,2,화
2022-08-02,수인선,신포,1434,1440,2874,-6,8,2,화
2022-08-02,수인선,인천,1088,1619,2707,-531,8,2,화
2022-08-02,신림선,샛강,1983,2411,4394,-428,8,2,화
2022-08-02,신림선,대방,1925,1550,3475,375,8,2,화
2022-08-02,신림선,서울지방병무청,2115,2351,4466,-236,8,2,화
2022-08-02,신림선,보라매,2499,2392,4891,107,8,2,화
2022-08-02,신림선,보라매공원,1692,1884,3576,-192,8,2,화
2022-08-02,신림선,보라매병원,6897,6928,13825,-31,8,2,화
2022-08-02,신림선,당곡,3521,3624,7145,-103,8,2,화
2022-08-02,신림선,신림,1622,2203,3825,-581,8,2,화
2022-08-02,신림선,서원,2677,2614,5291,63,8,2,화
2022-08-02,신림선,서울대벤처타운,5893,6113,12006,-220,8,2,화
2022-08-02,신림선,관악산(서울대),2306,2276,4582,30,8,2,화
2022-08-02,안산선,산본,14202,15399,29601,-1197,8,2,화
2022-08-02,안산선,대야미,4407,3913,8320,494,8,2,화
2022-08-02,안산선,반월,3604,3502,7106,102,8,2,화
2022-08-02,안산선,상록수,13394,13460,26854,-66,8,2,화
2022-08-02,안산선,한대앞,7698,7724,15422,-26,8,2,화
2022-08-02,안산선,중앙,15955,16386,32341,-431,8,2,화
2022-08-02,안산선,고잔,7843,7443,15286,400,8,2,화
2022-08-02,안산선,초지,4104,4009,8113,95,8,2,화
2022-08-02,경강선,이매,1083,887,1970,196,8,2,화
2022-08-02,경강선,판교,5286,5200,10486,86,8,2,화
2022-08-02,9호선2~3단계,중앙보훈병원,10730,9476,20206,1254,8,2,화
2022-08-02,9호선2~3단계,둔촌오륜,872,857,1729,15,8,2,화
2022-08-02,9호선2~3단계,올림픽공원(한국체대),5852,5815,11667,37,8,2,화
2022-08-02,9호선2~3단계,한성백제,2583,2361,4944,222,8,2,화
2022-08-02,9호선2~3단계,송파나루,5077,5374,10451,-297,8,2,화
2022-08-02,9호선2~3단계,석촌,8285,7364,15649,921,8,2,화
2022-08-02,9호선2~3단계,석촌고분,6350,6219,12569,131,8,2,화
2022-08-02,9호선2~3단계,삼전,6950,6755,13705,195,8,2,화
2022-08-02,9호선2~3단계,종합운동장,4279,4301,8580,-22,8,2,화
2022-08-02,9호선2~3단계,봉은사,19245,19489,38734,-244,8,2,화
2022-08-02,9호선2~3단계,삼성중앙,7626,8036,15662,-410,8,2,화
2022-08-02,9호선2~3단계,선정릉,9886,10806,20692,-920,8,2,화
2022-08-02,9호선2~3단계,언주,11302,11298,22600,4,8,2,화
2022-08-02,9호선,신논현,30450,29952,60402,498,8,2,화
2022-08-02,9호선,고속터미널,12508,16826,29334,-4318,8,2,화
2022-08-02,9호선,신반포,3016,3064,6080,-48,8,2,화
2022-08-02,9호선,구반포,1101,1118,2219,-17,8,2,화
2022-08-02,9호선,동작(현충원),1765,1341,3106,424,8,2,화
2022-08-02,9호선,흑석(중앙대입구),7574,7998,15572,-424,8,2,화
2022-08-02,9호선,노들,4262,3689,7951,573,8,2,화
2022-08-02,9호선,노량진,24125,23334,47459,791,8,2,화
2022-08-02,9호선,샛강,6186,6137,12323,49,8,2,화
2022-08-02,9호선,여의도,30505,28458,58963,2047,8,2,화
2022-08-02,9호선,국회의사당,16823,16888,33711,-65,8,2,화
2022-08-02,9호선,당산,17953,18199,36152,-246,8,2,화
2022-08-02,9호선,선유도,8730,8422,17152,308,8,2,화
2022-08-02,9호선,신목동,3912,3448,7360,464,8,2,화
2022-08-02,9호선,염창,16453,16168,32621,285,8,2,화
2022-08-02,9호선,등촌,10988,10782,21770,206,8,2,화
2022-08-02,9호선,증미,7316,7236,14552,80,8,2,화
2022-08-02,9호선,가양,19912,19446,39358,466,8,2,화
2022-08-02,9호선,양천향교,9243,9614,18857,-371,8,2,화
2022-08-02,9호선,마곡나루(서울식물원),11896,11713,23609,183,8,2,화
2022-08-02,9호선,신방화,6244,6249,12493,-5,8,2,화
2022-08-02,9호선,공항시장,2867,3166,6033,-299,8,2,화
2022-08-02,9호선,김포공항,7219,10570,17789,-3351,8,2,화
2022-08-02,9호선,개화,2496,1710,4206,786,8,2,화
2022-08-02,8호선,남위례,4893,5056,9949,-163,8,2,화
2022-08-02,8호선,모란,4023,3246,7269,777,8,2,화
2022-08-02,8호선,수진,4949,4548,9497,401,8,2,화
2022-08-02,8호선,신흥,4082,4488,8570,-406,8,2,화
2022-08-02,8호선,단대오거리,9678,9487,19165,191,8,2,화
2022-08-02,8호선,남한산성입구(성남법원.검찰청),12210,11237,23447,973,8,2,화
2022-08-02,8호선,산성,4801,4814,9615,-13,8,2,화
2022-08-02,8호선,복정,8508,7302,15810,1206,8,2,화
2022-08-02,8호선,장지,16499,15616,32115,883,8,2,화
2022-08-02,8호선,문정,21081,22139,43220,-1058,8,2,화
2022-08-02,8호선,가락시장,7068,7781,14849,-713,8,2,화
2022-08-02,8호선,송파,8303,8476,16779,-173,8,2,화
2022-08-02,8호선,석촌,7405,8296,15701,-891,8,2,화
2022-08-02,8호선,잠실(송파구청),15632,18063,33695,-2431,8,2,화
2022-08-02,8호선,몽촌토성(평화의문),5769,5851,11620,-82,8,2,화
2022-08-02,8호선,강동구청,9827,10303,20130,-476,8,2,화
2022-08-02,8호선,천호(풍납토성),13883,15825,29708,-1942,8,2,화
2022-08-02,8호선,암사,17930,15896,33826,2034,8,2,화
2022-08-02,7호선,온수(성공회대입구),8559,7941,16500,618,8,2,화
2022-08-02,7호선,천왕,10083,9772,19855,311,8,2,화
2022-08-02,7호선,광명사거리,19317,19090,38407,227,8,2,화
2022-08-02,7호선,철산,18865,19440,38305,-575,8,2,화
2022-08-02,7호선,가산디지털단지,42006,41511,83517,495,8,2,화
2022-08-02,7호선,남구로,14731,15379,30110,-648,8,2,화
2022-08-02,7호선,대림(구로구청),7996,7855,15851,141,8,2,화
2022-08-02,7호선,신풍,10738,10332,21070,406,8,2,화
2022-08-02,7호선,보라매,6956,7047,14003,-91,8,2,화
2022-08-02,7호선,신대방삼거리,13896,13463,27359,433,8,2,화
2022-08-02,7호선,장승배기,8595,8436,17031,159,8,2,화
2022-08-02,7호선,상도,10162,9919,20081,243,8,2,화
2022-08-02,7호선,숭실대입구(살피재),10721,10898,21619,-177,8,2,화
2022-08-02,7호선,남성,10371,9782,20153,589,8,2,화
2022-08-02,7호선,이수,15046,14538,29584,508,8,2,화
2022-08-02,7호선,내방,13914,14150,28064,-236,8,2,화
2022-08-02,7호선,고속터미널,16721,13276,29997,3445,8,2,화
2022-08-02,7호선,반포,5601,5451,11052,150,8,2,화
2022-08-02,7호선,논현,17904,19060,36964,-1156,8,2,화
2022-08-02,7호선,학동,23700,24651,48351,-951,8,2,화
2022-08-02,7호선,강남구청,16029,17723,33752,-1694,8,2,화
2022-08-02,7호선,청담,18884,21192,40076,-2308,8,2,화
2022-08-02,7호선,뚝섬유원지,7337,7078,14415,259,8,2,화
2022-08-02,7호선,건대입구,12099,12688,24787,-589,8,2,화
2022-08-02,7호선,어린이대공원(세종대),12178,12033,24211,145,8,2,화
2022-08-02,7호선,군자(능동),14110,11428,25538,2682,8,2,화
2022-08-02,7호선,중곡,10048,9626,19674,422,8,2,화
2022-08-02,7호선,용마산(용마폭포공원),5363,5291,10654,72,8,2,화
2022-08-02,7호선,사가정,14683,14607,29290,76,8,2,화
2022-08-02,7호선,면목,13896,13676,27572,220,8,2,화
2022-08-02,7호선,상봉(시외버스터미널),15454,14666,30120,788,8,2,화
2022-08-02,7호선,중화,9831,9639,19470,192,8,2,화
2022-08-02,7호선,먹골,9438,9418,18856,20,8,2,화
2022-08-02,7호선,태릉입구,7807,7249,15056,558,8,2,화
2022-08-02,7호선,공릉(서울과학기술대),10489,10448,20937,41,8,2,화
2022-08-02,7호선,하계,16274,15395,31669,879,8,2,화
2022-08-02,7호선,중계,12912,11918,24830,994,8,2,화
2022-08-02,7호선,노원,19298,19794,39092,-496,8,2,화
2022-08-02,7호선,마들,12003,11393,23396,610,8,2,화
2022-08-02,7호선,수락산,11429,11437,22866,-8,8,2,화
2022-08-02,7호선,도봉산,8333,9357,17690,-1024,8,2,화
2022-08-02,7호선,장암,2123,873,2996,1250,8,2,화
2022-08-02,6호선,봉화산(서울의료원),8242,7779,16021,463,8,2,화
2022-08-02,6호선,화랑대(서울여대입구),10306,8141,18447,2165,8,2,화
2022-08-02,6호선,태릉입구,5205,5362,10567,-157,8,2,화
2022-08-02,6호선,석계,11161,11823,22984,-662,8,2,화
2022-08-02,6호선,돌곶이,8471,7858,16329,613,8,2,화
2022-08-02,6호선,상월곡(한국과학기술연구원),5596,5095,10691,501,8,2,화
2022-08-02,6호선,월곡(동덕여대),10653,10440,21093,213,8,2,화
2022-08-02,6호선,고려대(종암),7365,7286,14651,79,8,2,화
2022-08-02,6호선,안암(고대병원앞),10144,9904,20048,240,8,2,화
2022-08-02,6호선,보문,6941,6455,13396,486,8,2,화
2022-08-02,6호선,창신,3217,2661,5878,556,8,2,화
2022-08-02,6호선,동묘앞,7362,7472,14834,-110,8,2,화
2022-08-02,6호선,신당,8025,8235,16260,-210,8,2,화
2022-08-02,6호선,청구,3368,3485,6853,-117,8,2,화
2022-08-02,6호선,약수,3407,3418,6825,-11,8,2,화
2022-08-02,6호선,버티고개,1930,1962,3892,-32,8,2,화
2022-08-02,6호선,한강진,8202,9304,17506,-1102,8,2,화
2022-08-02,6호선,이태원,9999,10470,20469,-471,8,2,화
2022-08-02,6호선,녹사평(용산구청),4463,4423,8886,40,8,2,화
2022-08-02,6호선,삼각지,7331,6449,13780,882,8,2,화
2022-08-02,6호선,효창공원앞,6547,5792,12339,755,8,2,화
2022-08-02,6호선,공덕,17246,16918,34164,328,8,2,화
2022-08-02,6호선,대흥(서강대앞),7698,7952,15650,-254,8,2,화
2022-08-02,6호선,광흥창(서강),8506,8281,16787,225,8,2,화
2022-08-02,6호선,상수,8658,9599,18257,-941,8,2,화
2022-08-02,6호선,합정,12658,12460,25118,198,8,2,화
2022-08-02,6호선,망원,12837,13786,26623,-949,8,2,화
2022-08-02,6호선,마포구청,13455,12299,25754,1156,8,2,화
2022-08-02,6호선,월드컵경기장(성산),4083,4308,8391,-225,8,2,화
2022-08-02,6호선,디지털미디어시티,13487,15046,28533,-1559,8,2,화
2022-08-02,6호선,증산(명지대앞),9092,9089,18181,3,8,2,화
2022-08-02,6호선,새절(신사),11328,10639,21967,689,8,2,화
2022-08-02,6호선,구산,7106,5679,12785,1427,8,2,화
2022-08-02,6호선,독바위,2536,2605,5141,-69,8,2,화
2022-08-02,6호선,불광,4102,4036,8138,66,8,2,화
2022-08-02,6호선,역촌,3613,4142,7755,-529,8,2,화
2022-08-02,6호선,응암,15927,15978,31905,-51,8,2,화
2022-08-02,5호선,하남검단산,5491,5297,10788,194,8,2,화
2022-08-02,5호선,하남시청(덕풍·신장),6477,6268,12745,209,8,2,화
2022-08-02,5호선,하남풍산,3961,3969,7930,-8,8,2,화
2022-08-02,5호선,미사,15327,15648,30975,-321,8,2,화
2022-08-02,5호선,강일,4116,4128,8244,-12,8,2,화
2022-08-02,5호선,마천,6480,6309,12789,171,8,2,화
2022-08-02,5호선,거여,9281,8934,18215,347,8,2,화
2022-08-02,5호선,개롱,6150,6379,12529,-229,8,2,화
2022-08-02,5호선,오금,3328,3281,6609,47,8,2,화
2022-08-02,5호선,방이,6520,6919,13439,-399,8,2,화
2022-08-02,5호선,올림픽공원(한국체대),3745,3197,6942,548,8,2,화
2022-08-02,5호선,둔촌동,7457,7593,15050,-136,8,2,화
2022-08-02,5호선,상일동,13808,12958,26766,850,8,2,화
2022-08-02,5호선,고덕,8741,8919,17660,-178,8,2,화
2022-08-02,5호선,명일,7716,8099,15815,-383,8,2,화
2022-08-02,5호선,굽은다리(강동구민회관앞),9020,8650,17670,370,8,2,화
2022-08-02,5호선,길동,7517,7801,15318,-284,8,2,화
2022-08-02,5호선,강동,17384,16777,34161,607,8,2,화
2022-08-02,5호선,천호(풍납토성),16965,16864,33829,101,8,2,화
2022-08-02,5호선,광나루(장신대),11843,10627,22470,1216,8,2,화
2022-08-03,2호선,신답,1638,1794,3432,-156,8,3,수
2022-08-03,2호선,용답,2608,2512,5120,96,8,3,수
2022-08-03,2호선,충정로(경기대입구),9356,9823,19179,-467,8,3,수
2022-08-03,2호선,아현,9630,9204,18834,426,8,3,수
2022-08-03,6호선,태릉입구,5216,5600,10816,-384,8,3,수
2022-08-03,2호선,이대,12501,13225,25726,-724,8,3,수
2022-08-03,2호선,신촌,33524,34049,67573,-525,8,3,수
2022-08-03,2호선,홍대입구,58082,61238,119320,-3156,8,3,수
2022-08-03,2호선,합정,30204,32478,62682,-2274,8,3,수
2022-08-03,2호선,당산,16849,19784,36633,-2935,8,3,수
2022-08-03,2호선,영등포구청,20564,21310,41874,-746,8,3,수
2022-08-03,2호선,문래,21045,21432,42477,-387,8,3,수
2022-08-03,2호선,신도림,45872,45465,91337,407,8,3,수
2022-08-03,2호선,대림(구로구청),22727,22827,45554,-100,8,3,수
2022-08-03,2호선,구로디지털단지,56831,57120,113951,-289,8,3,수
2022-08-03,2호선,신대방,24156,23227,47383,929,8,3,수
2022-08-03,2호선,신림,56406,53976,110382,2430,8,3,수
2022-08-03,2호선,봉천,22892,21197,44089,1695,8,3,수
2022-08-03,2호선,서울대입구(관악구청),43939,43556,87495,383,8,3,수
2022-08-03,2호선,낙성대(강감찬),26532,25796,52328,736,8,3,수
2022-08-03,2호선,사당,36089,39206,75295,-3117,8,3,수
2022-08-03,2호선,방배,14739,15346,30085,-607,8,3,수
2022-08-03,2호선,서초,20185,19535,39720,650,8,3,수
2022-08-03,2호선,교대(법원.검찰청),31045,34657,65702,-3612,8,3,수
2022-08-03,2호선,강남,83172,80185,163357,2987,8,3,수
2022-08-03,2호선,역삼,53424,60534,113958,-7110,8,3,수
2022-08-03,중앙선,원덕,300,293,593,7,8,3,수
2022-08-03,중앙선,양평,3035,2995,6030,40,8,3,수
2022-08-03,중앙선,오빈,272,258,530,14,8,3,수
2022-08-03,중앙선,아신,483,467,950,16,8,3,수
2022-08-03,중앙선,국수,581,565,1146,16,8,3,수
2022-08-03,중앙선,신원,142,141,283,1,8,3,수
2022-08-03,중앙선,양수,1778,1750,3528,28,8,3,수
2022-08-03,중앙선,운길산,621,589,1210,32,8,3,수
2022-08-03,중앙선,팔당,723,794,1517,-71,8,3,수
2022-08-03,중앙선,도심,2108,1692,3800,416,8,3,수
2022-08-03,중앙선,덕소,4998,4782,9780,216,8,3,수
2022-08-03,중앙선,양정,575,498,1073,77,8,3,수
2022-08-03,중앙선,도농,9735,8669,18404,1066,8,3,수
2022-08-03,중앙선,구리,12185,12184,24369,1,8,3,수
2022-08-03,중앙선,양원,2610,2577,5187,33,8,3,수
2022-08-03,중앙선,망우,7064,6865,13929,199,8,3,수
2022-08-03,중앙선,상봉(시외버스터미널),5147,5038,10185,109,8,3,수
2022-08-03,중앙선,중랑,5264,4967,10231,297,8,3,수
2022-08-03,2호선,선릉,57347,50619,107966,6728,8,3,수
2022-08-03,중앙선,지평,67,59,126,8,8,3,수
2022-08-03,중앙선,용문,1660,1723,3383,-63,8,3,수
2022-08-03,2호선,삼성(무역센터),54696,55488,110184,-792,8,3,수
2022-08-03,2호선,종합운동장,9846,10669,20515,-823,8,3,수
2022-08-03,2호선,잠실새내,20460,20402,40862,58,8,3,수
2022-08-03,2호선,잠실(송파구청),75209,75005,150214,204,8,3,수
2022-08-03,2호선,잠실나루,13950,13353,27303,597,8,3,수
2022-08-03,2호선,강변(동서울터미널),31026,29774,60800,1252,8,3,수
2022-08-03,2호선,구의(광진구청),22518,21944,44462,574,8,3,수
2022-08-03,2호선,건대입구,32551,35453,68004,-2902,8,3,수
2022-08-03,2호선,성수,36748,40083,76831,-3335,8,3,수
2022-08-03,2호선,뚝섬,21458,23320,44778,-1862,8,3,수
2022-08-03,2호선,한양대,6998,7388,14386,-390,8,3,수
2022-08-03,2호선,왕십리(성동구청),15310,12986,28296,2324,8,3,수
2022-08-03,2호선,상왕십리,13642,13181,26823,461,8,3,수
2022-08-03,2호선,신당,13190,13794,26984,-604,8,3,수
2022-08-03,2호선,동대문역사문화공원(DDP),12189,13954,26143,-1765,8,3,수
2022-08-03,2호선,을지로4가,10919,10825,21744,94,8,3,수
2022-08-03,2호선,을지로3가,23451,23705,47156,-254,8,3,수
2022-08-03,2호선,을지로입구,41856,43255,85111,-1399,8,3,수
2022-08-03,2호선,시청,24259,23819,48078,440,8,3,수
2022-08-03,1호선,동묘앞,6424,6636,13060,-212,8,3,수
2022-08-03,1호선,청량리(서울시립대입구),17512,17334,34846,178,8,3,수
2022-08-03,1호선,제기동,14692,14785,29477,-93,8,3,수
2022-08-03,1호선,신설동,11920,11569,23489,351,8,3,수
2022-08-03,1호선,동대문,10404,9807,20211,597,8,3,수
2022-08-03,1호선,종로5가,17393,17459,34852,-66,8,3,수
2022-08-03,1호선,종로3가,20688,19068,39756,1620,8,3,수
2022-08-03,1호선,종각,37184,36840,74024,344,8,3,수
2022-08-03,1호선,시청,23034,23408,46442,-374,8,3,수
2022-08-03,1호선,서울역,46124,44255,90379,1869,8,3,수
2022-08-03,6호선,석계,11229,11592,22821,-363,8,3,수
2022-08-03,6호선,돌곶이,8640,7959,16599,681,8,3,수
2022-08-03,6호선,상월곡(한국과학기술연구원),5775,5179,10954,596,8,3,수
2022-08-03,6호선,월곡(동덕여대),10634,10505,21139,129,8,3,수
2022-08-03,6호선,고려대(종암),7531,7200,14731,331,8,3,수
2022-08-03,6호선,안암(고대병원앞),10163,9972,20135,191,8,3,수
2022-08-03,6호선,보문,7126,6369,13495,757,8,3,수
2022-08-03,6호선,창신,3183,2557,5740,626,8,3,수
2022-08-03,6호선,동묘앞,7349,7506,14855,-157,8,3,수
2022-08-03,6호선,신당,8665,8762,17427,-97,8,3,수
2022-08-03,6호선,청구,3424,3396,6820,28,8,3,수
2022-08-03,6호선,약수,3490,3540,7030,-50,8,3,수
2022-08-03,6호선,버티고개,2075,2022,4097,53,8,3,수
2022-08-03,6호선,한강진,8523,9597,18120,-1074,8,3,수
2022-08-03,6호선,이태원,10354,11164,21518,-810,8,3,수
2022-08-03,6호선,녹사평(용산구청),4705,4527,9232,178,8,3,수
2022-08-03,6호선,삼각지,7314,6415,13729,899,8,3,수
2022-08-03,6호선,효창공원앞,6542,5766,12308,776,8,3,수
2022-08-03,6호선,공덕,17449,16897,34346,552,8,3,수
2022-08-03,6호선,대흥(서강대앞),7860,8067,15927,-207,8,3,수
2022-08-03,6호선,광흥창(서강),8799,8246,17045,553,8,3,수
2022-08-03,6호선,상수,8660,9708,18368,-1048,8,3,수
2022-08-03,6호선,합정,12934,12683,25617,251,8,3,수
2022-08-03,6호선,망원,13386,14394,27780,-1008,8,3,수
2022-08-03,6호선,마포구청,13683,12326,26009,1357,8,3,수
2022-08-03,6호선,월드컵경기장(성산),4323,4542,8865,-219,8,3,수
2022-08-03,6호선,디지털미디어시티,13442,15237,28679,-1795,8,3,수
2022-08-03,6호선,증산(명지대앞),9336,9033,18369,303,8,3,수
2022-08-03,6호선,새절(신사),11635,10813,22448,822,8,3,수
2022-08-03,6호선,구산,7064,5460,12524,1604,8,3,수
2022-08-03,6호선,연신내,2,0,2,2,8,3,수
2022-08-03,6호선,독바위,2611,2629,5240,-18,8,3,수
2022-08-03,6호선,불광,4342,4224,8566,118,8,3,수
2022-08-03,6호선,역촌,3744,4071,7815,-327,8,3,수
2022-08-03,6호선,응암,16276,15994,32270,282,8,3,수
2022-08-03,5호선,하남검단산,5416,5118,10534,298,8,3,수
2022-08-03,5호선,하남시청(덕풍·신장),6166,5995,12161,171,8,3,수
2022-08-03,5호선,하남풍산,3911,3913,7824,-2,8,3,수
2022-08-03,5호선,미사,15585,15776,31361,-191,8,3,수
2022-08-03,5호선,강일,3946,3899,7845,47,8,3,수
2022-08-03,5호선,마천,6417,6299,12716,118,8,3,수
2022-08-03,5호선,거여,9395,8905,18300,490,8,3,수
2022-08-03,5호선,개롱,6124,6190,12314,-66,8,3,수
2022-08-03,5호선,오금,3349,3340,6689,9,8,3,수
2022-08-03,5호선,방이,6788,7146,13934,-358,8,3,수
2022-08-03,5호선,올림픽공원(한국체대),3860,3300,7160,560,8,3,수
2022-08-03,5호선,둔촌동,7444,7558,15002,-114,8,3,수
2022-08-03,5호선,상일동,13955,12653,26608,1302,8,3,수
2022-08-03,5호선,고덕,8689,8721,17410,-32,8,3,수
2022-08-03,5호선,명일,7846,8189,16035,-343,8,3,수
2022-08-03,5호선,굽은다리(강동구민회관앞),9069,8830,17899,239,8,3,수
2022-08-03,5호선,길동,7533,7913,15446,-380,8,3,수
2022-08-03,5호선,강동,17426,16672,34098,754,8,3,수
2022-08-03,5호선,천호(풍납토성),16921,16766,33687,155,8,3,수
2022-08-03,5호선,광나루(장신대),12033,10863,22896,1170,8,3,수
2022-08-03,5호선,아차산(어린이대공원후문),12626,12221,24847,405,8,3,수
2022-08-03,5호선,군자(능동),10309,11240,21549,-931,8,3,수
2022-08-03,5호선,장한평,17404,17155,34559,249,8,3,수
2022-08-03,5호선,답십리,15005,13338,28343,1667,8,3,수
2022-08-03,5호선,마장,5178,4729,9907,449,8,3,수
2022-08-03,5호선,왕십리(성동구청),4178,4998,9176,-820,8,3,수
2022-08-03,5호선,행당,7792,6872,14664,920,8,3,수
2022-08-03,5호선,신금호,5847,6035,11882,-188,8,3,수
2022-08-03,5호선,청구,3538,3352,6890,186,8,3,수
2022-08-03,5호선,동대문역사문화공원(DDP),2967,3475,6442,-508,8,3,수
2022-08-03,5호선,을지로4가,4887,5034,9921,-147,8,3,수
2022-08-03,5호선,종로3가,11364,10958,22322,406,8,3,수
2022-08-03,5호선,광화문(세종문화회관),30755,32404,63159,-1649,8,3,수
2022-08-03,5호선,서대문,18517,19185,37702,-668,8,3,수
2022-08-03,5호선,충정로(경기대입구),4447,4552,8999,-105,8,3,수
2022-08-03,5호선,애오개,6442,6317,12759,125,8,3,수
2022-08-03,5호선,공덕,13423,14115,27538,-692,8,3,수
2022-08-03,5호선,마포,13919,14337,28256,-418,8,3,수
2022-08-03,5호선,여의나루,11228,12827,24055,-1599,8,3,수
2022-08-03,5호선,여의도,29553,31836,61389,-2283,8,3,수
2022-08-03,5호선,신길,4411,4438,8849,-27,8,3,수
2022-08-03,5호선,영등포시장,9865,10010,19875,-145,8,3,수
2022-08-03,5호선,영등포구청,3811,3783,7594,28,8,3,수
2022-08-03,5호선,양평,7052,6981,14033,71,8,3,수
2022-08-03,5호선,오목교(목동운동장앞),20860,22241,43101,-1381,8,3,수
2022-08-03,5호선,목동,15455,16416,31871,-961,8,3,수
2022-08-03,5호선,신정(은행정),12852,10494,23346,2358,8,3,수
2022-08-03,5호선,까치산,27262,25799,53061,1463,8,3,수
2022-08-03,5호선,화곡,26819,24769,51588,2050,8,3,수
2022-08-03,5호선,우장산,13242,13040,26282,202,8,3,수
2022-08-03,5호선,발산,19557,20656,40213,-1099,8,3,수
2022-08-03,5호선,마곡,10118,10275,20393,-157,8,3,수
2022-08-03,5호선,송정,6035,5563,11598,472,8,3,수
2022-08-03,5호선,김포공항,7619,7460,15079,159,8,3,수
2022-08-03,5호선,개화산,5388,5031,10419,357,8,3,수
2022-08-03,5호선,방화,6311,6074,12385,237,8,3,수
2022-08-03,4호선,남태령,1176,1029,2205,147,8,3,수
2022-08-03,4호선,사당,23956,19854,43810,4102,8,3,수
2022-08-03,4호선,총신대입구(이수),17550,18740,36290,-1190,8,3,수
2022-08-03,4호선,동작(현충원),1191,1312,2503,-121,8,3,수
2022-08-03,4호선,이촌(국립중앙박물관),10217,11122,21339,-905,8,3,수
2022-08-03,4호선,신용산,17493,18403,35896,-910,8,3,수
2022-08-03,4호선,삼각지,5046,5640,10686,-594,8,3,수
2022-08-03,4호선,숙대입구(갈월),12093,11633,23726,460,8,3,수
2022-08-03,4호선,서울역,11041,17909,28950,-6868,8,3,수
2022-08-03,4호선,회현(남대문시장),23327,24165,47492,-838,8,3,수
2022-08-03,4호선,명동,20497,20918,41415,-421,8,3,수
2022-08-03,4호선,충무로,22280,23317,45597,-1037,8,3,수
2022-08-03,4호선,동대문역사문화공원(DDP),15430,13630,29060,1800,8,3,수
2022-08-03,4호선,동대문,11256,11606,22862,-350,8,3,수
2022-08-03,4호선,혜화,33817,34241,68058,-424,8,3,수
2022-08-03,4호선,한성대입구(삼선교),11715,11133,22848,582,8,3,수
2022-08-03,4호선,성신여대입구(돈암),17953,17386,35339,567,8,3,수
2022-08-03,4호선,길음,18700,18155,36855,545,8,3,수
2022-08-03,4호선,미아사거리,24656,24096,48752,560,8,3,수
2022-08-03,4호선,미아(서울사이버대학),13245,12796,26041,449,8,3,수
2022-08-03,4호선,수유(강북구청),30612,31056,61668,-444,8,3,수
2022-08-03,4호선,쌍문,26461,24534,50995,1927,8,3,수
2022-08-03,4호선,창동,22672,24104,46776,-1432,8,3,수
2022-08-03,4호선,노원,17001,19392,36393,-2391,8,3,수
2022-08-03,4호선,상계,17223,15993,33216,1230,8,3,수
2022-08-03,4호선,당고개,8019,7095,15114,924,8,3,수
2022-08-03,3호선,오금,5870,5216,11086,654,8,3,수
2022-08-03,3호선,경찰병원,7165,7268,14433,-103,8,3,수
2022-08-03,3호선,가락시장,8326,7987,16313,339,8,3,수
2022-08-03,3호선,수서,15906,16213,32119,-307,8,3,수
2022-08-03,3호선,일원,10099,9729,19828,370,8,3,수
2022-08-03,3호선,대청,9264,8822,18086,442,8,3,수
2022-08-03,3호선,학여울,1731,1800,3531,-69,8,3,수
2022-08-03,3호선,대치,11230,10991,22221,239,8,3,수
2022-08-03,3호선,도곡,4696,4720,9416,-24,8,3,수
2022-08-03,3호선,매봉,11702,11395,23097,307,8,3,수
2022-08-03,3호선,양재(서초구청),34301,37470,71771,-3169,8,3,수
2022-08-03,3호선,남부터미널(예술의전당),28243,28887,57130,-644,8,3,수
2022-08-03,3호선,교대(법원.검찰청),12946,8606,21552,4340,8,3,수
2022-08-03,3호선,고속터미널,41136,39470,80606,1666,8,3,수
2022-08-03,3호선,잠원,4450,4251,8701,199,8,3,수
2022-08-03,3호선,신사,27707,29149,56856,-1442,8,3,수
2022-08-03,3호선,압구정,30457,32527,62984,-2070,8,3,수
2022-08-03,3호선,옥수,8316,8563,16879,-247,8,3,수
2022-08-03,3호선,금호,7500,6819,14319,681,8,3,수
2022-08-03,3호선,약수,11992,11544,23536,448,8,3,수
2022-08-03,6호선,화랑대(서울여대입구),10326,8077,18403,2249,8,3,수
2022-08-03,6호선,봉화산(서울의료원),8422,7855,16277,567,8,3,수
2022-08-03,7호선,장암,2137,844,2981,1293,8,3,수
2022-08-03,7호선,도봉산,8315,9144,17459,-829,8,3,수
2022-08-03,7호선,수락산,11510,11419,22929,91,8,3,수
2022-08-03,7호선,마들,12303,11482,23785,821,8,3,수
2022-08-03,7호선,노원,18740,19525,38265,-785,8,3,수
2022-08-03,7호선,중계,13132,11749,24881,1383,8,3,수
2022-08-03,7호선,하계,16814,15861,32675,953,8,3,수
2022-08-03,7호선,공릉(서울과학기술대),10536,10438,20974,98,8,3,수
2022-08-03,7호선,태릉입구,7768,7332,15100,436,8,3,수
2022-08-03,7호선,먹골,9572,9484,19056,88,8,3,수
2022-08-03,7호선,중화,10093,9686,19779,407,8,3,수
2022-08-03,7호선,상봉(시외버스터미널),15481,14765,30246,716,8,3,수
2022-08-03,7호선,면목,13956,13276,27232,680,8,3,수
2022-08-03,7호선,사가정,14479,14467,28946,12,8,3,수
2022-08-03,7호선,용마산(용마폭포공원),5666,5319,10985,347,8,3,수
2022-08-03,7호선,중곡,9981,9441,19422,540,8,3,수
2022-08-03,7호선,군자(능동),14239,11339,25578,2900,8,3,수
2022-08-03,7호선,어린이대공원(세종대),11907,11802,23709,105,8,3,수
2022-08-03,7호선,건대입구,11981,12477,24458,-496,8,3,수
2022-08-03,7호선,뚝섬유원지,8115,7666,15781,449,8,3,수
2022-08-03,7호선,청담,18736,20824,39560,-2088,8,3,수
2022-08-03,7호선,강남구청,16153,17988,34141,-1835,8,3,수
2022-08-03,7호선,학동,23390,24500,47890,-1110,8,3,수
2022-08-03,7호선,논현,18428,19206,37634,-778,8,3,수
2022-08-03,7호선,반포,5717,5529,11246,188,8,3,수
2022-08-03,7호선,고속터미널,16410,13245,29655,3165,8,3,수
2022-08-03,7호선,내방,14108,14369,28477,-261,8,3,수
2022-08-03,7호선,이수,15023,14888,29911,135,8,3,수
2022-08-03,7호선,남성,10501,9619,20120,882,8,3,수
2022-08-03,7호선,숭실대입구(살피재),10880,10982,21862,-102,8,3,수
2022-08-03,7호선,상도,10382,9825,20207,557,8,3,수
2022-08-03,7호선,장승배기,8803,8404,17207,399,8,3,수
2022-08-03,7호선,신대방삼거리,14317,13519,27836,798,8,3,수
2022-08-03,7호선,보라매,7190,7154,14344,36,8,3,수
2022-08-03,7호선,신풍,10886,10193,21079,693,8,3,수
2022-08-03,7호선,대림(구로구청),8275,7979,16254,296,8,3,수
2022-08-03,7호선,남구로,14939,15421,30360,-482,8,3,수
2022-08-03,7호선,가산디지털단지,41510,41695,83205,-185,8,3,수
2022-08-03,7호선,철산,19040,19468,38508,-428,8,3,수
2022-08-03,7호선,광명사거리,19430,19348,38778,82,8,3,수
2022-08-03,7호선,천왕,10401,10065,20466,336,8,3,수
2022-08-03,7호선,온수(성공회대입구),8829,8077,16906,752,8,3,수
2022-08-03,8호선,암사,17904,15721,33625,2183,8,3,수
2022-08-03,8호선,천호(풍납토성),13703,15755,29458,-2052,8,3,수
2022-08-03,8호선,강동구청,9598,10085,19683,-487,8,3,수
2022-08-03,8호선,몽촌토성(평화의문),5882,6006,11888,-124,8,3,수
2022-08-03,8호선,잠실(송파구청),14949,17466,32415,-2517,8,3,수
2022-08-03,8호선,석촌,7310,8220,15530,-910,8,3,수
2022-08-03,8호선,송파,8435,8001,16436,434,8,3,수
2022-08-03,8호선,가락시장,7117,7768,14885,-651,8,3,수
2022-08-03,8호선,문정,20719,22117,42836,-1398,8,3,수
2022-08-03,8호선,장지,16863,16249,33112,614,8,3,수
2022-08-03,8호선,복정,8608,7117,15725,1491,8,3,수
2022-08-03,8호선,산성,4772,4816,9588,-44,8,3,수
2022-08-03,8호선,남한산성입구(성남법원.검찰청),12424,11207,23631,1217,8,3,수
2022-08-03,8호선,단대오거리,9590,9574,19164,16,8,3,수
2022-08-03,8호선,신흥,4138,4494,8632,-356,8,3,수
2022-08-03,8호선,수진,5110,4619,9729,491,8,3,수
2022-08-03,8호선,모란,4019,3138,7157,881,8,3,수
2022-08-03,8호선,남위례,4906,5085,9991,-179,8,3,수
2022-08-03,9호선,개화,2529,1755,4284,774,8,3,수
2022-08-03,9호선,김포공항,7221,10437,17658,-3216,8,3,수
2022-08-03,9호선,공항시장,3014,3192,6206,-178,8,3,수
2022-08-03,9호선,신방화,6439,6244,12683,195,8,3,수
2022-08-03,9호선,마곡나루(서울식물원),12208,12039,24247,169,8,3,수
2022-08-03,9호선,양천향교,9276,9556,18832,-280,8,3,수
2022-08-03,9호선,가양,20176,19861,40037,315,8,3,수
2022-08-03,9호선,증미,7319,7091,14410,228,8,3,수
2022-08-03,9호선,등촌,11177,10739,21916,438,8,3,수
2022-08-03,9호선,염창,16810,16210,33020,600,8,3,수
2022-08-03,9호선,신목동,4016,3551,7567,465,8,3,수
2022-08-03,9호선,선유도,8565,8251,16816,314,8,3,수
2022-08-03,9호선,당산,18331,18399,36730,-68,8,3,수
2022-08-03,9호선,국회의사당,16535,17368,33903,-833,8,3,수
2022-08-03,9호선,여의도,29451,28101,57552,1350,8,3,수
2022-08-03,9호선,샛강,6241,6301,12542,-60,8,3,수
2022-08-03,9호선,노량진,24155,24032,48187,123,8,3,수
2022-08-03,9호선,노들,4451,3683,8134,768,8,3,수
2022-08-03,9호선,흑석(중앙대입구),7785,8212,15997,-427,8,3,수
2022-08-03,9호선,동작(현충원),1813,1425,3238,388,8,3,수
2022-08-03,9호선,구반포,1036,1123,2159,-87,8,3,수
2022-08-03,9호선,신반포,3129,3272,6401,-143,8,3,수
2022-08-03,9호선,고속터미널,13051,16776,29827,-3725,8,3,수
2022-08-03,9호선,신논현,30471,29616,60087,855,8,3,수
2022-08-03,9호선2~3단계,언주,11043,11272,22315,-229,8,3,수
2022-08-03,9호선2~3단계,선정릉,10016,10825,20841,-809,8,3,수
2022-08-03,9호선2~3단계,삼성중앙,7288,7728,15016,-440,8,3,수
2022-08-03,9호선2~3단계,봉은사,18741,19076,37817,-335,8,3,수
2022-08-03,9호선2~3단계,종합운동장,4276,4409,8685,-133,8,3,수
2022-08-03,9호선2~3단계,삼전,7027,6648,13675,379,8,3,수
2022-08-03,9호선2~3단계,석촌고분,6302,6165,12467,137,8,3,수
2022-08-03,9호선2~3단계,석촌,8237,7375,15612,862,8,3,수
2022-08-03,9호선2~3단계,송파나루,5159,5492,10651,-333,8,3,수
2022-08-03,9호선2~3단계,한성백제,2652,2382,5034,270,8,3,수
2022-08-03,9호선2~3단계,올림픽공원(한국체대),5900,5922,11822,-22,8,3,수
2022-08-03,9호선2~3단계,둔촌오륜,919,866,1785,53,8,3,수
2022-08-03,9호선2~3단계,중앙보훈병원,10725,9568,20293,1157,8,3,수
2022-08-03,경강선,판교,5308,5208,10516,100,8,3,수
2022-08-03,경강선,이매,1062,883,1945,179,8,3,수
2022-08-03,경강선,삼동,2222,2123,4345,99,8,3,수
2022-08-03,경강선,경기광주,7287,6899,14186,388,8,3,수
2022-08-03,경강선,초월,2853,2847,5700,6,8,3,수
2022-08-03,경강선,곤지암,2037,1926,3963,111,8,3,수
2022-08-03,경강선,신둔도예촌,1298,1263,2561,35,8,3,수
2022-08-03,경강선,이천,2680,2776,5456,-96,8,3,수
2022-08-03,경강선,부발,1987,2010,3997,-23,8,3,수
2022-08-03,경강선,세종대왕릉,320,340,660,-20,8,3,수
2022-08-03,경강선,여주,2116,2160,4276,-44,8,3,수
2022-08-03,경부선,서울역,8287,2240,10527,6047,8,3,수
2022-08-03,경부선,남영,8730,8871,17601,-141,8,3,수
2022-08-03,경부선,용산,39062,39635,78697,-573,8,3,수
2022-08-03,경부선,노량진,7145,6879,14024,266,8,3,수
2022-08-03,경부선,대방,10541,11276,21817,-735,8,3,수
2022-08-03,경부선,영등포,38694,39654,78348,-960,8,3,수
2022-08-03,경부선,신도림,3396,3563,6959,-167,8,3,수
2022-08-03,경부선,신길,7988,6918,14906,1070,8,3,수
2022-08-03,경부선,구로,16122,16457,32579,-335,8,3,수
2022-08-03,경부선,가산디지털단지,16727,19415,36142,-2688,8,3,수
2022-08-03,경부선,금천구청,10221,10274,20495,-53,8,3,수
2022-08-03,경부선,석수,8271,7318,15589,953,8,3,수
2022-08-03,경부선,관악,6669,6451,13120,218,8,3,수
2022-08-03,경부선,안양,19733,19614,39347,119,8,3,수
2022-08-03,경부선,명학,7773,7543,15316,230,8,3,수
2022-08-03,경부선,금정,24175,24560,48735,-385,8,3,수
2022-08-03,경부선,군포,6132,5813,11945,319,8,3,수
2022-08-03,경부선,의왕,7562,7534,15096,28,8,3,수
2022-08-03,경부선,성균관대,12348,12318,24666,30,8,3,수
2022-08-03,경부선,화서,6929,6625,13554,304,8,3,수
2022-08-03,경부선,수원,33425,34780,68205,-1355,8,3,수
2022-08-03,경부선,독산,16691,17107,33798,-416,8,3,수
2022-08-03,경부선,세류,2737,2425,5162,312,8,3,수
2022-08-03,경부선,병점,12658,12675,25333,-17,8,3,수
2022-08-03,경부선,세마,2616,2466,5082,150,8,3,수
2022-08-03,경부선,오산대,2987,2856,5843,131,8,3,수
2022-08-03,경부선,오산,9192,9288,18480,-96,8,3,수
2022-08-03,경부선,진위,1506,1386,2892,120,8,3,수
2022-08-03,경부선,송탄,3897,3929,7826,-32,8,3,수
2022-08-03,경부선,서정리,6325,6149,12474,176,8,3,수
2022-08-03,경부선,평택지제,3579,3406,6985,173,8,3,수
2022-08-03,경부선,평택,11021,11278,22299,-257,8,3,수
2022-08-03,경부선,성환,2928,3093,6021,-165,8,3,수
2022-08-03,경부선,직산,822,760,1582,62,8,3,수
2022-08-03,경부선,두정,5016,5108,10124,-92,8,3,수
2022-08-03,경부선,천안,5300,5419,10719,-119,8,3,수
2022-08-03,경부선,당정,5573,5258,10831,315,8,3,수
2022-08-03,경부선,서동탄,1310,1133,2443,177,8,3,수
2022-08-03,경부선,광명,3615,2825,6440,790,8,3,수
2022-08-03,경원선,이촌(국립중앙박물관),3582,2750,6332,832,8,3,수
2022-08-03,경원선,서빙고,1942,1754,3696,188,8,3,수
2022-08-03,경원선,한남,3919,3736,7655,183,8,3,수
2022-08-03,경원선,옥수,60,41,101,19,8,3,수
2022-08-03,경원선,응봉,1712,1429,3141,283,8,3,수
2022-08-03,경원선,왕십리(성동구청),14328,16044,30372,-1716,8,3,수
2022-08-03,경원선,청량리(서울시립대입구),14596,14901,29497,-305,8,3,수
2022-08-03,경원선,외대앞,6969,6883,13852,86,8,3,수
2022-08-03,경원선,신이문,7479,6866,14345,613,8,3,수
2022-08-03,경원선,석계,6914,7937,14851,-1023,8,3,수
2022-08-03,경원선,광운대,6450,6176,12626,274,8,3,수
2022-08-03,경원선,월계,5572,5281,10853,291,8,3,수
2022-08-03,경원선,녹천,4340,3489,7829,851,8,3,수
2022-08-03,경원선,방학,8632,8652,17284,-20,8,3,수
2022-08-03,경원선,도봉,5408,5114,10522,294,8,3,수
2022-08-03,경원선,도봉산,6231,3913,10144,2318,8,3,수
2022-08-03,경원선,망월사,6784,6934,13718,-150,8,3,수
2022-08-03,경원선,회룡,11354,11049,22403,305,8,3,수
2022-08-03,경원선,의정부,17715,18453,36168,-738,8,3,수
2022-08-03,경원선,가능,6052,5716,11768,336,8,3,수
2022-08-03,경원선,녹양,4088,3942,8030,146,8,3,수
2022-08-03,경원선,양주,6678,6336,13014,342,8,3,수
2022-08-03,경원선,덕계,2897,2569,5466,328,8,3,수
2022-08-03,경원선,덕정,4804,4779,9583,25,8,3,수
2022-08-03,경원선,지행,5966,5913,11879,53,8,3,수
2022-08-03,경원선,동두천중앙,2902,2778,5680,124,8,3,수
2022-08-03,경원선,보산,1427,1363,2790,64,8,3,수
2022-08-03,경원선,동두천,1834,2020,3854,-186,8,3,수
2022-08-03,경원선,소요산,2303,1993,4296,310,8,3,수
2022-08-03,경의선,서울역,4350,5302,9652,-952,8,3,수
2022-08-03,경의선,신촌,904,1082,1986,-178,8,3,수
2022-08-03,경의선,효창공원앞,2767,3118,5885,-351,8,3,수
2022-08-03,경의선,공덕,3634,3061,6695,573,8,3,수
2022-08-03,경의선,서강대,2062,1988,4050,74,8,3,수
2022-08-03,경의선,홍대입구,1720,2113,3833,-393,8,3,수
2022-08-03,경의선,가좌,5009,4776,9785,233,8,3,수
2022-08-03,경의선,디지털미디어시티,2556,2211,4767,345,8,3,수
2022-08-03,경의선,수색,2543,2799,5342,-256,8,3,수
2022-08-03,경의선,화전,1537,1387,2924,150,8,3,수
2022-08-03,경의선,강매,3006,2521,5527,485,8,3,수
2022-08-03,경의선,행신,7857,7862,15719,-5,8,3,수
2022-08-03,경의선,능곡,3477,3120,6597,357,8,3,수
2022-08-03,경의선,곡산,590,562,1152,28,8,3,수
2022-08-03,경의선,백마,6544,6213,12757,331,8,3,수
2022-08-03,경의선,풍산,5152,4819,9971,333,8,3,수
2022-08-03,9호선,사평,3627,3426,7053,201,8,3,수
2022-08-03,경의선,일산,9005,8787,17792,218,8,3,수
2022-08-03,경의선,탄현,7361,6899,14260,462,8,3,수
2022-08-03,경의선,야당,7351,7386,14737,-35,8,3,수
2022-08-03,경의선,운정,6478,5845,12323,633,8,3,수
2022-08-03,경의선,금릉,4490,4236,8726,254,8,3,수
2022-08-03,경의선,금촌,5938,5930,11868,8,8,3,수
2022-08-03,경의선,월롱,2403,2355,4758,48,8,3,수
2022-08-03,경의선,파주,935,716,1651,219,8,3,수
2022-08-03,경의선,문산,4866,4820,9686,46,8,3,수
2022-08-03,경의선,임진강,14,9,23,5,8,3,수
2022-08-03,경인선,개봉,19666,19113,38779,553,8,3,수
2022-08-03,경인선,오류동,10963,10196,21159,767,8,3,수
2022-08-03,경인선,역곡,24173,24095,48268,78,8,3,수
2022-08-03,경인선,부천,29844,29809,59653,35,8,3,수
2022-08-03,경인선,송내,24840,24444,49284,396,8,3,수
2022-08-03,경인선,부평,28531,30014,58545,-1483,8,3,수
2022-08-03,경인선,백운,6246,6076,12322,170,8,3,수
2022-08-03,경인선,동암,14786,14658,29444,128,8,3,수
2022-08-03,경인선,주안,17267,15569,32836,1698,8,3,수
2022-08-03,경인선,제물포,9254,8756,18010,498,8,3,수
2022-08-03,경인선,동인천,12799,12333,25132,466,8,3,수
2022-08-03,경인선,인천,3771,3201,6972,570,8,3,수
2022-08-03,경인선,구일,9520,9830,19350,-310,8,3,수
2022-08-03,경인선,소사,7475,7438,14913,37,8,3,수
2022-08-03,경인선,부개,7956,7449,15405,507,8,3,수
2022-08-03,경인선,간석,5439,5202,10641,237,8,3,수
2022-08-03,경인선,도원,3403,3510,6913,-107,8,3,수
2022-08-03,경인선,온수(성공회대입구),6010,5771,11781,239,8,3,수
2022-08-03,경인선,중동,8502,7899,16401,603,8,3,수
2022-08-03,경인선,도화,3769,3472,7241,297,8,3,수
2022-08-03,경춘선,신내,1876,1744,3620,132,8,3,수
2022-08-03,경춘선,갈매,2681,2267,4948,414,8,3,수
2022-08-03,경춘선,별내,2830,2603,5433,227,8,3,수
2022-08-03,경춘선,퇴계원,3099,2788,5887,311,8,3,수
2022-08-03,경춘선,사릉,1990,1950,3940,40,8,3,수
2022-08-03,경춘선,금곡,1266,1219,2485,47,8,3,수
2022-08-03,경춘선,평내호평,5585,5458,11043,127,8,3,수
2022-08-03,경춘선,천마산,1458,1366,2824,92,8,3,수
2022-08-03,경춘선,마석,3542,3474,7016,68,8,3,수
2022-08-03,경춘선,대성리,735,797,1532,-62,8,3,수
2022-08-03,경춘선,청평,1756,1689,3445,67,8,3,수
2022-08-03,경춘선,상천,256,247,503,9,8,3,수
2022-08-03,경춘선,가평,2657,2706,5363,-49,8,3,수
2022-08-03,경춘선,굴봉산,174,116,290,58,8,3,수
2022-08-03,경춘선,백양리,124,94,218,30,8,3,수
2022-08-03,경춘선,강촌,503,446,949,57,8,3,수
2022-08-03,경춘선,김유정,316,323,639,-7,8,3,수
2022-08-03,경춘선,남춘천,2197,2303,4500,-106,8,3,수
2022-08-03,경춘선,춘천,1279,1193,2472,86,8,3,수
2022-08-03,공항철도 1호선,서울역,9215,8472,17687,743,8,3,수
2022-08-03,공항철도 1호선,공덕,2293,3135,5428,-842,8,3,수
2022-08-03,공항철도 1호선,홍대입구,10958,11211,22169,-253,8,3,수
2022-08-03,공항철도 1호선,디지털미디어시티,14070,13014,27084,1056,8,3,수
2022-08-03,공항철도 1호선,마곡나루(서울식물원),8768,8402,17170,366,8,3,수
2022-08-03,공항철도 1호선,김포공항,10664,6091,16755,4573,8,3,수
2022-08-03,공항철도 1호선,계양,10571,9852,20423,719,8,3,수
2022-08-03,공항철도 1호선,검암,6415,6447,12862,-32,8,3,수
2022-08-03,공항철도 1호선,청라국제도시,6793,6461,13254,332,8,3,수
2022-08-03,공항철도 1호선,운서,7542,7742,15284,-200,8,3,수
2022-08-03,공항철도 1호선,공항화물청사,2338,2469,4807,-131,8,3,수
2022-08-03,공항철도 1호선,인천공항1터미널,7897,7759,15656,138,8,3,수
2022-08-03,공항철도 1호선,인천공항2터미널,3742,3307,7049,435,8,3,수
2022-08-03,공항철도 1호선,영종,3373,3351,6724,22,8,3,수
2022-08-03,과천선,선바위,7189,6431,13620,758,8,3,수
2022-08-03,과천선,경마공원,1415,1406,2821,9,8,3,수
2022-08-03,과천선,대공원,2934,3151,6085,-217,8,3,수
2022-08-03,과천선,과천,6161,5859,12020,302,8,3,수
2022-08-03,과천선,정부과천청사,10483,10596,21079,-113,8,3,수
2022-08-03,과천선,인덕원,21799,23027,44826,-1228,8,3,수
2022-08-03,과천선,평촌,16195,15977,32172,218,8,3,수
2022-08-03,과천선,범계,24612,24302,48914,310,8,3,수
2022-08-03,분당선,선릉,13654,20442,34096,-6788,8,3,수
2022-08-03,분당선,한티,15016,15546,30562,-530,8,3,수
2022-08-03,분당선,도곡,6694,6590,13284,104,8,3,수
2022-08-03,분당선,구룡,1649,1691,3340,-42,8,3,수
2022-08-03,분당선,개포동,3831,3901,7732,-70,8,3,수
2022-08-03,분당선,대모산입구,4424,4083,8507,341,8,3,수
2022-08-03,분당선,수서,13041,13270,26311,-229,8,3,수
2022-08-03,분당선,복정,1,0,1,1,8,3,수
2022-08-03,분당선,수원,7635,6549,14184,1086,8,3,수
2022-08-03,분당선,서울숲,11294,11645,22939,-351,8,3,수
2022-08-03,분당선,압구정로데오,18209,20267,38476,-2058,8,3,수
2022-08-03,분당선,강남구청,9120,10703,19823,-1583,8,3,수
2022-08-03,분당선,선정릉,7784,8393,16177,-609,8,3,수
2022-08-03,분당선,가천대,6313,7142,13455,-829,8,3,수
2022-08-03,분당선,태평,12990,12249,25239,741,8,3,수
2022-08-03,분당선,모란,18182,18488,36670,-306,8,3,수
2022-08-03,분당선,야탑,24553,25614,50167,-1061,8,3,수
2022-08-03,분당선,서현,23496,23809,47305,-313,8,3,수
2022-08-03,분당선,수내,13576,13392,26968,184,8,3,수
2022-08-03,분당선,정자,17479,18229,35708,-750,8,3,수
2022-08-03,분당선,미금,14415,15428,29843,-1013,8,3,수
2022-08-03,분당선,오리,11002,8982,19984,2020,8,3,수
2022-08-03,분당선,이매,5244,4965,10209,279,8,3,수
2022-08-03,분당선,보정,2295,2049,4344,246,8,3,수
2022-08-03,분당선,죽전,11628,13264,24892,-1636,8,3,수
2022-08-03,분당선,구성,4610,4830,9440,-220,8,3,수
2022-08-03,분당선,신갈,4459,4390,8849,69,8,3,수
2022-08-03,분당선,기흥,9587,8868,18455,719,8,3,수
2022-08-03,분당선,상갈,5011,4846,9857,165,8,3,수
2022-08-03,분당선,청명,3900,3701,7601,199,8,3,수
2022-08-03,분당선,영통,7706,7864,15570,-158,8,3,수
2022-08-03,분당선,망포,13238,12700,25938,538,8,3,수
2022-08-03,분당선,매탄권선,4535,4301,8836,234,8,3,수
2022-08-03,분당선,수원시청,11737,12625,24362,-888,8,3,수
2022-08-03,분당선,매교,2585,2642,5227,-57,8,3,수
2022-08-03,수인선,고색,4169,3881,8050,288,8,3,수
2022-08-03,수인선,오목천,2690,2569,5259,121,8,3,수
2022-08-03,수인선,어천,699,802,1501,-103,8,3,수
2022-08-03,수인선,야목,365,266,631,99,8,3,수
2022-08-03,수인선,사리,4137,3598,7735,539,8,3,수
2022-08-03,수인선,달월,109,74,183,35,8,3,수
2022-08-03,수인선,월곶,2542,2380,4922,162,8,3,수
2022-08-03,수인선,소래포구,4467,4155,8622,312,8,3,수
2022-08-03,수인선,인천논현,4853,5127,9980,-274,8,3,수
2022-08-03,수인선,호구포,3283,3257,6540,26,8,3,수
2022-08-03,수인선,남동인더스파크,1520,1676,3196,-156,8,3,수
2022-08-03,수인선,원인재,3749,3926,7675,-177,8,3,수
2022-08-03,수인선,연수,3964,3916,7880,48,8,3,수
2022-08-03,수인선,송도,2030,1909,3939,121,8,3,수
2022-08-03,수인선,인하대,4732,4537,9269,195,8,3,수
2022-08-03,수인선,숭의,3474,3250,6724,224,8,3,수
2022-08-03,수인선,신포,1541,1495,3036,46,8,3,수
2022-08-03,수인선,인천,1116,1688,2804,-572,8,3,수
2022-08-03,신림선,샛강,2077,2563,4640,-486,8,3,수
2022-08-03,신림선,대방,1905,1524,3429,381,8,3,수
2022-08-03,신림선,서울지방병무청,2209,2382,4591,-173,8,3,수
2022-08-03,신림선,보라매,2593,2432,5025,161,8,3,수
2022-08-03,신림선,보라매공원,1730,1846,3576,-116,8,3,수
2022-08-03,신림선,보라매병원,6596,7055,13651,-459,8,3,수
2022-08-03,신림선,당곡,3550,3532,7082,18,8,3,수
2022-08-03,신림선,신림,1663,2131,3794,-468,8,3,수
2022-08-03,신림선,서원,2936,2530,5466,406,8,3,수
2022-08-03,신림선,서울대벤처타운,6030,6147,12177,-117,8,3,수
2022-08-03,신림선,관악산(서울대),2443,2400,4843,43,8,3,수
2022-08-03,안산선,산본,14668,15748,30416,-1080,8,3,수
2022-08-03,안산선,대야미,4484,4084,8568,400,8,3,수
2022-08-03,안산선,반월,3783,3685,7468,98,8,3,수
2022-08-03,안산선,상록수,13821,14009,27830,-188,8,3,수
2022-08-03,안산선,한대앞,8080,7899,15979,181,8,3,수
2022-08-03,안산선,중앙,16557,17143,33700,-586,8,3,수
2022-08-03,안산선,고잔,7949,7477,15426,472,8,3,수
2022-08-03,안산선,초지,4177,4002,8179,175,8,3,수
2022-08-03,안산선,안산,11188,10455,21643,733,8,3,수
2022-08-03,안산선,신길온천,1582,1416,2998,166,8,3,수
2022-08-03,안산선,정왕,6847,7369,14216,-522,8,3,수
2022-08-03,안산선,오이도,7654,7361,15015,293,8,3,수
2022-08-03,안산선,수리산,3721,3006,6727,715,8,3,수
2022-08-03,우이신설선,북한산우이,2510,2274,4784,236,8,3,수
2022-08-03,우이신설선,솔밭공원,2297,2170,4467,127,8,3,수
2022-08-03,우이신설선,4.19민주묘지,2546,2394,4940,152,8,3,수
2022-08-03,우이신설선,가오리,3951,3860,7811,91,8,3,수
2022-08-03,우이신설선,화계,3143,2920,6063,223,8,3,수
2022-08-03,우이신설선,삼양,1868,1975,3843,-107,8,3,수
2022-08-03,우이신설선,삼양사거리,2316,2338,4654,-22,8,3,수
2022-08-03,우이신설선,솔샘,5346,5019,10365,327,8,3,수
2022-08-03,우이신설선,북한산보국문,5323,5082,10405,241,8,3,수
2022-08-03,우이신설선,정릉,4096,3809,7905,287,8,3,수
2022-08-03,우이신설선,성신여대입구(돈암),2973,3411,6384,-438,8,3,수
2022-08-03,우이신설선,보문,1358,1309,2667,49,8,3,수
2022-08-03,우이신설선,신설동,1826,1754,3580,72,8,3,수
2022-08-03,일산선,원흥,10288,9701,19989,587,8,3,수
2022-08-03,일산선,삼송,17808,17349,35157,459,8,3,수
2022-08-03,일산선,원당,9850,9285,19135,565,8,3,수
2022-08-03,일산선,화정,15624,15774,31398,-150,8,3,수
2022-08-03,일산선,대곡,1930,1611,3541,319,8,3,수
2022-08-03,일산선,백석,9044,9063,18107,-19,8,3,수
2022-08-03,일산선,마두,7483,7433,14916,50,8,3,수
2022-08-03,일산선,정발산,7179,7178,14357,1,8,3,수
2022-08-03,일산선,주엽,9032,8984,18016,48,8,3,수
2022-08-03,일산선,대화,12186,9306,21492,2880,8,3,수
2022-08-03,장항선,봉명,1179,1194,2373,-15,8,3,수
2022-08-03,장항선,쌍용(나사렛대),1744,1622,3366,122,8,3,수
2022-08-03,장항선,아산,3173,2744,5917,429,8,3,수
2022-08-03,장항선,탕정,768,681,1449,87,8,3,수
2022-08-03,장항선,배방,994,926,1920,68,8,3,수
2022-08-03,장항선,온양온천,3381,3585,6966,-204,8,3,수
2022-08-03,장항선,신창(순천향대),1134,1079,2213,55,8,3,수
2022-08-03,중앙선,회기,22277,21633,43910,644,8,3,수
2022-08-03,3호선,동대입구,7656,8233,15889,-577,8,3,수
2022-08-03,3호선,을지로3가,10079,10169,20248,-90,8,3,수
2022-08-03,3호선,종로3가,6114,7252,13366,-1138,8,3,수
2022-08-03,3호선,안국,21575,21981,43556,-406,8,3,수
2022-08-03,3호선,경복궁(정부서울청사),19886,20479,40365,-593,8,3,수
2022-08-03,3호선,독립문,6606,6535,13141,71,8,3,수
2022-08-03,3호선,무악재,3681,3501,7182,180,8,3,수
2022-08-03,3호선,홍제,15751,14751,30502,1000,8,3,수
2022-08-03,3호선,녹번,14062,12590,26652,1472,8,3,수
2022-08-03,3호선,불광,14644,15817,30461,-1173,8,3,수
2022-08-03,3호선,연신내,32722,31124,63846,1598,8,3,수
2022-08-03,3호선,구파발,19496,18869,38365,627,8,3,수
2022-08-03,3호선,지축,4706,4575,9281,131,8,3,수
2022-08-03,2호선,용두(동대문구청),2274,2292,4566,-18,8,3,수
2022-08-03,2호선,신정네거리,9500,9762,19262,-262,8,3,수
2022-08-03,2호선,양천구청,6403,6579,12982,-176,8,3,수
2022-08-03,2호선,도림천,1267,1326,2593,-59,8,3,수
2022-08-03,2호선,신설동,2926,3008,5934,-82,8,3,수
2022-08-04,5호선,오금,3364,3395,6759,-31,8,4,목
2022-08-04,2호선,한양대,7192,7566,14758,-374,8,4,목
2022-08-04,2호선,뚝섬,22991,24939,47930,-1948,8,4,목
2022-08-04,2호선,성수,37696,41169,78865,-3473,8,4,목
2022-08-04,2호선,건대입구,34135,36918,71053,-2783,8,4,목
2022-08-04,2호선,구의(광진구청),23228,22784,46012,444,8,4,목
2022-08-04,2호선,강변(동서울터미널),31953,30814,62767,1139,8,4,목
2022-08-04,2호선,잠실나루,14382,13897,28279,485,8,4,목
2022-08-04,2호선,잠실(송파구청),78110,77643,155753,467,8,4,목
2022-08-04,2호선,잠실새내,21133,21380,42513,-247,8,4,목
2022-08-04,2호선,종합운동장,10555,11435,21990,-880,8,4,목
2022-08-04,2호선,삼성(무역센터),58546,59085,117631,-539,8,4,목
2022-08-04,2호선,선릉,58976,52192,111168,6784,8,4,목
2022-08-04,2호선,역삼,54149,61685,115834,-7536,8,4,목
2022-08-04,2호선,교대(법원.검찰청),31814,35628,67442,-3814,8,4,목
2022-08-04,2호선,서초,20961,20081,41042,880,8,4,목
2022-08-04,2호선,방배,15334,16039,31373,-705,8,4,목
2022-08-04,2호선,사당,37493,41066,78559,-3573,8,4,목
2022-08-04,2호선,낙성대(강감찬),27237,26364,53601,873,8,4,목
2022-08-04,2호선,서울대입구(관악구청),45382,44371,89753,1011,8,4,목
2022-08-04,2호선,봉천,23833,22123,45956,1710,8,4,목
2022-08-04,2호선,신림,57745,55252,112997,2493,8,4,목
2022-08-04,2호선,신대방,25083,24430,49513,653,8,4,목
2022-08-04,2호선,구로디지털단지,58749,58751,117500,-2,8,4,목
2022-08-04,2호선,대림(구로구청),23178,23548,46726,-370,8,4,목
2022-08-04,7호선,노원,19323,20214,39537,-891,8,4,목
2022-08-04,7호선,마들,12726,11975,24701,751,8,4,목
2022-08-04,3호선,오금,5945,5484,11429,461,8,4,목
2022-08-04,경춘선,백양리,145,122,267,23,8,4,목
2022-08-04,신림선,보라매공원,1802,1921,3723,-119,8,4,목
2022-08-04,신림선,보라매병원,6803,7160,13963,-357,8,4,목
2022-08-04,7호선,숭실대입구(살피재),11127,11223,22350,-96,8,4,목
2022-08-04,7호선,상도,10545,10167,20712,378,8,4,목
2022-08-04,7호선,장승배기,8739,8513,17252,226,8,4,목
2022-08-04,7호선,신대방삼거리,14729,13962,28691,767,8,4,목
2022-08-04,7호선,보라매,7254,7309,14563,-55,8,4,목
2022-08-04,7호선,신풍,11190,10513,21703,677,8,4,목
2022-08-04,7호선,대림(구로구청),8088,8207,16295,-119,8,4,목
2022-08-04,7호선,남구로,15186,15937,31123,-751,8,4,목
2022-08-04,7호선,가산디지털단지,43347,43518,86865,-171,8,4,목
2022-08-04,7호선,철산,19880,20096,39976,-216,8,4,목
2022-08-04,7호선,광명사거리,20589,20475,41064,114,8,4,목
2022-08-04,7호선,천왕,10843,10217,21060,626,8,4,목
2022-08-04,7호선,온수(성공회대입구),9281,8623,17904,658,8,4,목
2022-08-04,8호선,암사,18723,16281,35004,2442,8,4,목
2022-08-04,8호선,천호(풍납토성),14477,16629,31106,-2152,8,4,목
2022-08-04,8호선,강동구청,10065,10329,20394,-264,8,4,목
2022-08-04,8호선,몽촌토성(평화의문),6071,6032,12103,39,8,4,목
2022-08-04,8호선,잠실(송파구청),15329,17805,33134,-2476,8,4,목
2022-08-04,8호선,석촌,7556,8684,16240,-1128,8,4,목
2022-08-04,8호선,송파,8483,8120,16603,363,8,4,목
2022-08-04,8호선,가락시장,7306,8154,15460,-848,8,4,목
2022-08-04,8호선,문정,21176,22608,43784,-1432,8,4,목
2022-08-04,8호선,장지,17118,16239,33357,879,8,4,목
2022-08-04,8호선,복정,8797,7509,16306,1288,8,4,목
2022-08-04,8호선,산성,5052,5146,10198,-94,8,4,목
2022-08-04,8호선,남한산성입구(성남법원.검찰청),12995,11683,24678,1312,8,4,목
2022-08-04,8호선,단대오거리,10133,9916,20049,217,8,4,목
2022-08-04,8호선,신흥,4196,4682,8878,-486,8,4,목
2022-08-04,8호선,수진,5453,4947,10400,506,8,4,목
2022-08-04,8호선,모란,5585,4395,9980,1190,8,4,목
2022-08-04,8호선,남위례,5188,5407,10595,-219,8,4,목
2022-08-04,9호선,개화,2599,1772,4371,827,8,4,목
2022-08-04,9호선,김포공항,7861,11111,18972,-3250,8,4,목
2022-08-04,9호선,공항시장,2967,3297,6264,-330,8,4,목
2022-08-04,9호선,신방화,6527,6377,12904,150,8,4,목
2022-08-04,9호선,마곡나루(서울식물원),12198,12325,24523,-127,8,4,목
2022-08-04,9호선,양천향교,9413,9573,18986,-160,8,4,목
2022-08-04,9호선,가양,20712,20203,40915,509,8,4,목
2022-08-04,9호선,증미,7575,7224,14799,351,8,4,목
2022-08-04,9호선,등촌,11560,11112,22672,448,8,4,목
2022-08-04,9호선,염창,17379,16891,34270,488,8,4,목
2022-08-04,9호선,신목동,4184,3581,7765,603,8,4,목
2022-08-04,9호선,선유도,8636,8348,16984,288,8,4,목
2022-08-04,9호선,당산,18811,18895,37706,-84,8,4,목
2022-08-04,9호선,국회의사당,16717,17295,34012,-578,8,4,목
2022-08-04,9호선,여의도,29718,28525,58243,1193,8,4,목
2022-08-04,9호선,샛강,6359,6397,12756,-38,8,4,목
2022-08-04,9호선,노량진,25092,24284,49376,808,8,4,목
2022-08-04,9호선,노들,4496,3786,8282,710,8,4,목
2022-08-04,9호선,흑석(중앙대입구),8082,8451,16533,-369,8,4,목
2022-08-04,9호선,동작(현충원),1878,1536,3414,342,8,4,목
2022-08-04,9호선,구반포,1168,1191,2359,-23,8,4,목
2022-08-04,9호선,신반포,3405,3451,6856,-46,8,4,목
2022-08-04,9호선,고속터미널,13133,17206,30339,-4073,8,4,목
2022-08-04,9호선,사평,3696,3527,7223,169,8,4,목
2022-08-04,9호선,신논현,31118,30940,62058,178,8,4,목
2022-08-04,9호선2~3단계,언주,11058,11360,22418,-302,8,4,목
2022-08-04,9호선2~3단계,선정릉,10407,11295,21702,-888,8,4,목
2022-08-04,9호선2~3단계,삼성중앙,7452,7994,15446,-542,8,4,목
2022-08-04,9호선2~3단계,봉은사,21027,21357,42384,-330,8,4,목
2022-08-04,9호선2~3단계,종합운동장,4468,4405,8873,63,8,4,목
2022-08-04,9호선2~3단계,삼전,6928,6675,13603,253,8,4,목
2022-08-04,9호선2~3단계,석촌고분,6341,6264,12605,77,8,4,목
2022-08-04,9호선2~3단계,석촌,8955,7685,16640,1270,8,4,목
2022-08-04,9호선2~3단계,송파나루,5297,5756,11053,-459,8,4,목
2022-08-04,9호선2~3단계,한성백제,2641,2356,4997,285,8,4,목
2022-08-04,9호선2~3단계,올림픽공원(한국체대),6023,6000,12023,23,8,4,목
2022-08-04,9호선2~3단계,둔촌오륜,940,913,1853,27,8,4,목
2022-08-04,9호선2~3단계,중앙보훈병원,11374,10023,21397,1351,8,4,목
2022-08-04,경강선,판교,5192,5243,10435,-51,8,4,목
2022-08-04,경강선,이매,1068,928,1996,140,8,4,목
2022-08-04,경강선,삼동,2391,2144,4535,247,8,4,목
2022-08-04,경강선,경기광주,7615,7029,14644,586,8,4,목
2022-08-04,경강선,초월,3137,2932,6069,205,8,4,목
2022-08-04,경강선,곤지암,2100,2046,4146,54,8,4,목
2022-08-04,경강선,신둔도예촌,1438,1426,2864,12,8,4,목
2022-08-04,경강선,이천,2823,2910,5733,-87,8,4,목
2022-08-04,경강선,부발,2147,2101,4248,46,8,4,목
2022-08-04,경강선,세종대왕릉,358,373,731,-15,8,4,목
2022-08-04,경강선,여주,2363,2381,4744,-18,8,4,목
2022-08-04,경부선,서울역,7693,2328,10021,5365,8,4,목
2022-08-04,경부선,남영,8912,9184,18096,-272,8,4,목
2022-08-04,경부선,용산,36896,37946,74842,-1050,8,4,목
2022-08-04,경부선,노량진,7401,7166,14567,235,8,4,목
2022-08-04,경부선,대방,10769,11677,22446,-908,8,4,목
2022-08-04,경부선,영등포,39057,40408,79465,-1351,8,4,목
2022-08-04,경부선,신도림,3905,3919,7824,-14,8,4,목
2022-08-04,경부선,신길,8483,7307,15790,1176,8,4,목
2022-08-04,경부선,구로,17258,17558,34816,-300,8,4,목
2022-08-04,경부선,가산디지털단지,17644,20342,37986,-2698,8,4,목
2022-08-04,경부선,금천구청,10861,10935,21796,-74,8,4,목
2022-08-04,경부선,석수,8779,7855,16634,924,8,4,목
2022-08-04,경부선,관악,7262,6883,14145,379,8,4,목
2022-08-04,경부선,안양,20593,20226,40819,367,8,4,목
2022-08-04,경부선,명학,8438,8217,16655,221,8,4,목
2022-08-04,경부선,금정,25360,25649,51009,-289,8,4,목
2022-08-04,경부선,군포,7167,6860,14027,307,8,4,목
2022-08-04,경부선,의왕,8105,8032,16137,73,8,4,목
2022-08-04,경부선,성균관대,13218,12958,26176,260,8,4,목
2022-08-04,경부선,화서,7615,7346,14961,269,8,4,목
2022-08-04,경부선,수원,33840,35932,69772,-2092,8,4,목
2022-08-04,경부선,독산,17566,18121,35687,-555,8,4,목
2022-08-04,경부선,세류,2928,2598,5526,330,8,4,목
2022-08-04,경부선,병점,13371,13144,26515,227,8,4,목
2022-08-04,경부선,세마,2713,2574,5287,139,8,4,목
2022-08-04,경부선,오산대,3159,2927,6086,232,8,4,목
2022-08-04,경부선,오산,9008,9132,18140,-124,8,4,목
2022-08-04,경부선,진위,1418,1297,2715,121,8,4,목
2022-08-04,경부선,송탄,4121,3969,8090,152,8,4,목
2022-08-04,경부선,서정리,6525,6155,12680,370,8,4,목
2022-08-04,경부선,평택지제,3718,3558,7276,160,8,4,목
2022-08-04,경부선,평택,11167,11121,22288,46,8,4,목
2022-08-04,경부선,성환,3083,3037,6120,46,8,4,목
2022-08-04,경부선,직산,809,805,1614,4,8,4,목
2022-08-04,경부선,두정,5127,5302,10429,-175,8,4,목
2022-08-04,경부선,천안,5301,5588,10889,-287,8,4,목
2022-08-04,경부선,당정,5877,5574,11451,303,8,4,목
2022-08-04,경부선,서동탄,1412,1241,2653,171,8,4,목
2022-08-04,경부선,광명,3411,2977,6388,434,8,4,목
2022-08-04,경원선,이촌(국립중앙박물관),3804,2891,6695,913,8,4,목
2022-08-04,경원선,서빙고,2048,1908,3956,140,8,4,목
2022-08-04,경원선,한남,4083,3869,7952,214,8,4,목
2022-08-04,경원선,옥수,53,35,88,18,8,4,목
2022-08-04,경원선,응봉,1806,1478,3284,328,8,4,목
2022-08-04,경원선,왕십리(성동구청),14486,16258,30744,-1772,8,4,목
2022-08-04,경원선,청량리(서울시립대입구),15527,16144,31671,-617,8,4,목
2022-08-04,경원선,외대앞,7146,7147,14293,-1,8,4,목
2022-08-04,경원선,신이문,8112,7374,15486,738,8,4,목
2022-08-04,경원선,석계,7692,8672,16364,-980,8,4,목
2022-08-04,경원선,광운대,7035,6573,13608,462,8,4,목
2022-08-04,경원선,월계,5873,5569,11442,304,8,4,목
2022-08-04,경원선,녹천,4554,3734,8288,820,8,4,목
2022-08-04,경원선,방학,9310,9104,18414,206,8,4,목
2022-08-04,경원선,도봉,5630,5485,11115,145,8,4,목
2022-08-04,경원선,도봉산,7591,4902,12493,2689,8,4,목
2022-08-04,경원선,망월사,7419,7492,14911,-73,8,4,목
2022-08-04,경원선,회룡,12246,11899,24145,347,8,4,목
2022-08-04,경원선,의정부,18149,18661,36810,-512,8,4,목
2022-08-04,경원선,가능,6428,6035,12463,393,8,4,목
2022-08-04,경원선,녹양,4420,4178,8598,242,8,4,목
2022-08-04,경원선,양주,7248,6986,14234,262,8,4,목
2022-08-04,경원선,덕계,3116,2726,5842,390,8,4,목
2022-08-04,경원선,덕정,5170,4996,10166,174,8,4,목
2022-08-04,경원선,지행,6223,6323,12546,-100,8,4,목
2022-08-04,경원선,동두천중앙,3112,3003,6115,109,8,4,목
2022-08-04,경원선,보산,1563,1397,2960,166,8,4,목
2022-08-04,경원선,동두천,2135,2439,4574,-304,8,4,목
2022-08-04,경원선,소요산,3356,2964,6320,392,8,4,목
2022-08-04,경의선,서울역,4499,5752,10251,-1253,8,4,목
2022-08-04,경의선,신촌,911,1195,2106,-284,8,4,목
2022-08-04,경의선,효창공원앞,2683,3005,5688,-322,8,4,목
2022-08-04,경의선,공덕,3803,3253,7056,550,8,4,목
2022-08-04,경의선,서강대,2105,2038,4143,67,8,4,목
2022-08-04,경의선,홍대입구,1938,2217,4155,-279,8,4,목
2022-08-04,경의선,가좌,5462,5146,10608,316,8,4,목
2022-08-04,경의선,디지털미디어시티,2620,2275,4895,345,8,4,목
2022-08-04,경의선,수색,2905,3020,5925,-115,8,4,목
2022-08-04,경의선,화전,1519,1381,2900,138,8,4,목
2022-08-04,경의선,강매,3013,2548,5561,465,8,4,목
2022-08-04,경의선,행신,7993,7849,15842,144,8,4,목
2022-08-04,경의선,능곡,3661,3296,6957,365,8,4,목
2022-08-04,경의선,곡산,608,618,1226,-10,8,4,목
2022-08-04,경의선,백마,6726,6323,13049,403,8,4,목
2022-08-04,경의선,풍산,5614,5178,10792,436,8,4,목
2022-08-04,경의선,일산,8857,8582,17439,275,8,4,목
2022-08-04,경의선,탄현,7616,7244,14860,372,8,4,목
2022-08-04,경의선,야당,7694,7555,15249,139,8,4,목
2022-08-04,경의선,운정,6797,6087,12884,710,8,4,목
2022-08-04,경의선,금릉,4626,4481,9107,145,8,4,목
2022-08-04,경의선,금촌,6149,5938,12087,211,8,4,목
2022-08-04,경의선,월롱,2580,2407,4987,173,8,4,목
2022-08-04,경의선,파주,997,724,1721,273,8,4,목
2022-08-04,경의선,문산,5374,5419,10793,-45,8,4,목
2022-08-04,경의선,임진강,17,16,33,1,8,4,목
2022-08-04,경인선,개봉,20582,19897,40479,685,8,4,목
2022-08-04,경인선,오류동,11299,10473,21772,826,8,4,목
2022-08-04,경인선,역곡,25629,25356,50985,273,8,4,목
2022-08-04,경인선,부천,30972,30890,61862,82,8,4,목
2022-08-04,경인선,송내,26272,25881,52153,391,8,4,목
2022-08-04,경인선,부평,28812,30527,59339,-1715,8,4,목
2022-08-04,경인선,백운,6720,6527,13247,193,8,4,목
2022-08-04,경인선,동암,15216,15066,30282,150,8,4,목
2022-08-04,경인선,주안,18068,16213,34281,1855,8,4,목
2022-08-04,경인선,제물포,9724,9066,18790,658,8,4,목
2022-08-04,경인선,동인천,13443,13096,26539,347,8,4,목
2022-08-04,경인선,인천,4149,3466,7615,683,8,4,목
2022-08-04,경인선,구일,8543,8669,17212,-126,8,4,목
2022-08-04,경인선,소사,7880,7912,15792,-32,8,4,목
2022-08-04,경인선,부개,8401,7815,16216,586,8,4,목
2022-08-04,경인선,간석,5706,5345,11051,361,8,4,목
2022-08-04,경인선,도원,2647,2628,5275,19,8,4,목
2022-08-04,경인선,온수(성공회대입구),6295,5941,12236,354,8,4,목
2022-08-04,경인선,중동,8932,8223,17155,709,8,4,목
2022-08-04,경인선,도화,4021,3684,7705,337,8,4,목
2022-08-04,경춘선,신내,2062,1985,4047,77,8,4,목
2022-08-04,경춘선,갈매,2798,2462,5260,336,8,4,목
2022-08-04,경춘선,별내,3040,2812,5852,228,8,4,목
2022-08-04,경춘선,퇴계원,3268,3104,6372,164,8,4,목
2022-08-04,경춘선,사릉,2156,2160,4316,-4,8,4,목
2022-08-04,경춘선,금곡,1439,1324,2763,115,8,4,목
2022-08-04,경춘선,평내호평,6052,5875,11927,177,8,4,목
2022-08-04,경춘선,천마산,1571,1451,3022,120,8,4,목
2022-08-04,경춘선,마석,3820,3821,7641,-1,8,4,목
2022-08-04,경춘선,대성리,1031,801,1832,230,8,4,목
2022-08-04,경춘선,청평,1932,1894,3826,38,8,4,목
2022-08-04,경춘선,상천,356,325,681,31,8,4,목
2022-08-04,경춘선,가평,3008,2985,5993,23,8,4,목
2022-08-04,경춘선,굴봉산,188,164,352,24,8,4,목
2022-08-04,경춘선,강촌,597,553,1150,44,8,4,목
2022-08-04,경춘선,김유정,358,357,715,1,8,4,목
2022-08-04,경춘선,남춘천,2461,2563,5024,-102,8,4,목
2022-08-04,경춘선,춘천,1593,1447,3040,146,8,4,목
2022-08-04,공항철도 1호선,서울역,9219,8701,17920,518,8,4,목
2022-08-04,공항철도 1호선,공덕,2456,3227,5683,-771,8,4,목
2022-08-04,공항철도 1호선,홍대입구,11395,11865,23260,-470,8,4,목
2022-08-04,공항철도 1호선,디지털미디어시티,14543,13366,27909,1177,8,4,목
2022-08-04,공항철도 1호선,마곡나루(서울식물원),8513,8097,16610,416,8,4,목
2022-08-04,공항철도 1호선,김포공항,11322,6395,17717,4927,8,4,목
2022-08-04,공항철도 1호선,계양,11198,10225,21423,973,8,4,목
2022-08-04,공항철도 1호선,검암,6708,6659,13367,49,8,4,목
2022-08-04,공항철도 1호선,청라국제도시,7166,6628,13794,538,8,4,목
2022-08-04,공항철도 1호선,운서,7678,7983,15661,-305,8,4,목
2022-08-04,공항철도 1호선,공항화물청사,2399,2584,4983,-185,8,4,목
2022-08-04,공항철도 1호선,인천공항1터미널,8611,7312,15923,1299,8,4,목
2022-08-04,공항철도 1호선,인천공항2터미널,4004,3324,7328,680,8,4,목
2022-08-04,공항철도 1호선,영종,3554,3644,7198,-90,8,4,목
2022-08-04,과천선,선바위,7665,6712,14377,953,8,4,목
2022-08-04,과천선,경마공원,1267,1270,2537,-3,8,4,목
2022-08-04,과천선,대공원,3628,3808,7436,-180,8,4,목
2022-08-04,과천선,과천,6558,6106,12664,452,8,4,목
2022-08-04,과천선,정부과천청사,10995,11017,22012,-22,8,4,목
2022-08-04,과천선,인덕원,23000,23947,46947,-947,8,4,목
2022-08-04,과천선,평촌,16832,16471,33303,361,8,4,목
2022-08-04,과천선,범계,25220,25327,50547,-107,8,4,목
2022-08-04,분당선,선릉,14065,21089,35154,-7024,8,4,목
2022-08-04,분당선,한티,15541,16380,31921,-839,8,4,목
2022-08-04,분당선,도곡,6925,6786,13711,139,8,4,목
2022-08-04,분당선,구룡,1894,1788,3682,106,8,4,목
2022-08-04,분당선,개포동,3876,4041,7917,-165,8,4,목
2022-08-04,분당선,대모산입구,4605,4274,8879,331,8,4,목
2022-08-04,분당선,수서,13756,14085,27841,-329,8,4,목
2022-08-04,분당선,복정,1,0,1,1,8,4,목
2022-08-04,분당선,수원,8006,6733,14739,1273,8,4,목
2022-08-04,분당선,서울숲,11862,12146,24008,-284,8,4,목
2022-08-04,분당선,압구정로데오,19559,21997,41556,-2438,8,4,목
2022-08-04,분당선,강남구청,9256,10804,20060,-1548,8,4,목
2022-08-04,분당선,선정릉,8071,8620,16691,-549,8,4,목
2022-08-04,분당선,가천대,6638,7363,14001,-725,8,4,목
2022-08-04,분당선,태평,13515,12800,26315,715,8,4,목
2022-08-04,분당선,모란,23411,24188,47599,-777,8,4,목
2022-08-04,분당선,야탑,25344,26311,51655,-967,8,4,목
2022-08-04,분당선,서현,24265,24471,48736,-206,8,4,목
2022-08-04,분당선,수내,13977,13654,27631,323,8,4,목
2022-08-04,분당선,정자,17906,18829,36735,-923,8,4,목
2022-08-04,분당선,미금,14832,16025,30857,-1193,8,4,목
2022-08-04,분당선,오리,11490,9500,20990,1990,8,4,목
2022-08-04,분당선,이매,5318,5086,10404,232,8,4,목
2022-08-04,분당선,보정,2409,2057,4466,352,8,4,목
2022-08-04,분당선,죽전,12307,13623,25930,-1316,8,4,목
2022-08-04,분당선,구성,4921,5133,10054,-212,8,4,목
2022-08-04,분당선,신갈,4562,4484,9046,78,8,4,목
2022-08-04,분당선,기흥,9752,9096,18848,656,8,4,목
2022-08-04,분당선,상갈,5273,5105,10378,168,8,4,목
2022-08-04,분당선,청명,4121,3870,7991,251,8,4,목
2022-08-04,분당선,영통,7913,8112,16025,-199,8,4,목
2022-08-04,분당선,망포,14015,13211,27226,804,8,4,목
2022-08-04,분당선,매탄권선,4907,4709,9616,198,8,4,목
2022-08-04,분당선,수원시청,12199,13094,25293,-895,8,4,목
2022-08-04,분당선,매교,2853,2940,5793,-87,8,4,목
2022-08-04,수인선,고색,4500,4178,8678,322,8,4,목
2022-08-04,수인선,오목천,2799,2584,5383,215,8,4,목
2022-08-04,수인선,어천,754,824,1578,-70,8,4,목
2022-08-04,수인선,야목,397,272,669,125,8,4,목
2022-08-04,수인선,사리,4385,3755,8140,630,8,4,목
2022-08-04,수인선,달월,127,84,211,43,8,4,목
2022-08-04,수인선,월곶,2713,2538,5251,175,8,4,목
2022-08-04,수인선,소래포구,4738,4335,9073,403,8,4,목
2022-08-04,수인선,인천논현,5085,5398,10483,-313,8,4,목
2022-08-04,수인선,호구포,3692,3815,7507,-123,8,4,목
2022-08-04,수인선,남동인더스파크,1902,2163,4065,-261,8,4,목
2022-08-04,수인선,원인재,3869,4033,7902,-164,8,4,목
2022-08-04,수인선,연수,4194,4156,8350,38,8,4,목
2022-08-04,수인선,송도,2168,1993,4161,175,8,4,목
2022-08-04,수인선,인하대,5286,4956,10242,330,8,4,목
2022-08-04,수인선,숭의,3771,3457,7228,314,8,4,목
2022-08-04,수인선,신포,1668,1642,3310,26,8,4,목
2022-08-04,수인선,인천,1177,1874,3051,-697,8,4,목
2022-08-04,신림선,샛강,2132,2558,4690,-426,8,4,목
2022-08-04,신림선,대방,2035,1567,3602,468,8,4,목
2022-08-04,신림선,서울지방병무청,2255,2468,4723,-213,8,4,목
2022-08-04,신림선,보라매,2664,2432,5096,232,8,4,목
2022-08-04,안산선,안산,11130,10431,21561,699,8,4,목
2022-08-04,안산선,신길온천,1722,1543,3265,179,8,4,목
2022-08-04,안산선,정왕,7340,7603,14943,-263,8,4,목
2022-08-04,안산선,오이도,8197,8001,16198,196,8,4,목
2022-08-04,안산선,수리산,3764,3077,6841,687,8,4,목
2022-08-04,우이신설선,북한산우이,3499,3265,6764,234,8,4,목
2022-08-04,우이신설선,솔밭공원,2481,2343,4824,138,8,4,목
2022-08-04,우이신설선,4.19민주묘지,2836,2603,5439,233,8,4,목
2022-08-04,우이신설선,가오리,4227,4241,8468,-14,8,4,목
2022-08-04,우이신설선,화계,3441,3085,6526,356,8,4,목
2022-08-04,우이신설선,삼양,1952,2076,4028,-124,8,4,목
2022-08-04,우이신설선,삼양사거리,2454,2444,4898,10,8,4,목
2022-08-04,우이신설선,솔샘,5681,5235,10916,446,8,4,목
2022-08-04,우이신설선,북한산보국문,5640,5337,10977,303,8,4,목
2022-08-04,우이신설선,정릉,4403,4010,8413,393,8,4,목
2022-08-04,우이신설선,성신여대입구(돈암),3137,3569,6706,-432,8,4,목
2022-08-04,우이신설선,보문,1429,1449,2878,-20,8,4,목
2022-08-04,우이신설선,신설동,2019,2009,4028,10,8,4,목
2022-08-04,일산선,원흥,10800,10245,21045,555,8,4,목
2022-08-04,일산선,삼송,19133,18432,37565,701,8,4,목
2022-08-04,일산선,원당,10634,9948,20582,686,8,4,목
2022-08-04,일산선,화정,16175,16418,32593,-243,8,4,목
2022-08-04,일산선,대곡,2031,1645,3676,386,8,4,목
2022-08-04,일산선,백석,9715,9632,19347,83,8,4,목
2022-08-04,일산선,마두,7456,7576,15032,-120,8,4,목
2022-08-04,일산선,정발산,6803,6985,13788,-182,8,4,목
2022-08-04,일산선,주엽,9119,9202,18321,-83,8,4,목
2022-08-04,일산선,대화,12574,10030,22604,2544,8,4,목
2022-08-04,장항선,봉명,1292,1208,2500,84,8,4,목
2022-08-04,장항선,쌍용(나사렛대),1971,1857,3828,114,8,4,목
2022-08-04,장항선,아산,3089,2662,5751,427,8,4,목
2022-08-04,장항선,탕정,836,744,1580,92,8,4,목
2022-08-04,장항선,배방,1037,991,2028,46,8,4,목
2022-08-04,장항선,온양온천,4630,4755,9385,-125,8,4,목
2022-08-04,장항선,신창(순천향대),1114,1095,2209,19,8,4,목
2022-08-04,중앙선,회기,23464,22447,45911,1017,8,4,목
2022-08-04,중앙선,중랑,5557,5170,10727,387,8,4,목
2022-08-04,중앙선,상봉(시외버스터미널),5630,5624,11254,6,8,4,목
2022-08-04,중앙선,망우,7764,7236,15000,528,8,4,목
2022-08-04,중앙선,양원,2850,2719,5569,131,8,4,목
2022-08-04,중앙선,구리,13027,13101,26128,-74,8,4,목
2022-08-04,중앙선,도농,10410,9463,19873,947,8,4,목
2022-08-04,중앙선,양정,734,623,1357,111,8,4,목
2022-08-04,중앙선,덕소,5570,5378,10948,192,8,4,목
2022-08-04,중앙선,도심,2249,1767,4016,482,8,4,목
2022-08-04,중앙선,팔당,945,944,1889,1,8,4,목
2022-08-04,중앙선,운길산,735,703,1438,32,8,4,목
2022-08-04,중앙선,양수,1979,2053,4032,-74,8,4,목
2022-08-04,중앙선,신원,240,201,441,39,8,4,목
2022-08-04,중앙선,국수,694,674,1368,20,8,4,목
2022-08-04,중앙선,아신,578,603,1181,-25,8,4,목
2022-08-04,중앙선,오빈,339,357,696,-18,8,4,목
2022-08-04,중앙선,양평,2856,2828,5684,28,8,4,목
2022-08-04,중앙선,원덕,340,342,682,-2,8,4,목
2022-08-04,중앙선,용문,2408,2487,4895,-79,8,4,목
2022-08-04,중앙선,지평,83,72,155,11,8,4,목
2022-08-04,7호선,남성,10825,10057,20882,768,8,4,목
2022-08-04,7호선,이수,15660,15090,30750,570,8,4,목
2022-08-04,7호선,내방,14380,14570,28950,-190,8,4,목
2022-08-04,7호선,고속터미널,16448,13629,30077,2819,8,4,목
2022-08-04,7호선,반포,5888,5632,11520,256,8,4,목
2022-08-04,7호선,논현,18521,19515,38036,-994,8,4,목
2022-08-04,7호선,학동,23817,25118,48935,-1301,8,4,목
2022-08-04,7호선,강남구청,16540,18551,35091,-2011,8,4,목
2022-08-04,7호선,청담,19322,21655,40977,-2333,8,4,목
2022-08-04,7호선,뚝섬유원지,9104,8677,17781,427,8,4,목
2022-08-04,7호선,건대입구,12465,12825,25290,-360,8,4,목
2022-08-04,7호선,어린이대공원(세종대),12873,12630,25503,243,8,4,목
2022-08-04,7호선,군자(능동),14732,11812,26544,2920,8,4,목
2022-08-04,7호선,중곡,10388,9992,20380,396,8,4,목
2022-08-04,7호선,용마산(용마폭포공원),5767,5631,11398,136,8,4,목
2022-08-04,7호선,사가정,15638,15386,31024,252,8,4,목
2022-08-04,7호선,면목,14640,14311,28951,329,8,4,목
2022-08-04,7호선,상봉(시외버스터미널),16398,15460,31858,938,8,4,목
2022-08-04,7호선,중화,10403,10083,20486,320,8,4,목
2022-08-04,7호선,먹골,10001,9839,19840,162,8,4,목
2022-08-04,7호선,태릉입구,8218,7729,15947,489,8,4,목
2022-08-04,7호선,공릉(서울과학기술대),10901,10836,21737,65,8,4,목
2022-08-04,7호선,하계,16807,15802,32609,1005,8,4,목
2022-08-04,7호선,중계,13641,12368,26009,1273,8,4,목
2022-08-04,2호선,신도림,47149,46898,94047,251,8,4,목
2022-08-04,2호선,문래,21742,22332,44074,-590,8,4,목
2022-08-04,2호선,영등포구청,21309,21907,43216,-598,8,4,목
2022-08-04,2호선,당산,17588,20523,38111,-2935,8,4,목
2022-08-04,2호선,합정,31507,33881,65388,-2374,8,4,목
2022-08-04,2호선,홍대입구,60738,64935,125673,-4197,8,4,목
2022-08-04,2호선,신촌,35020,35340,70360,-320,8,4,목
2022-08-04,2호선,이대,12919,13758,26677,-839,8,4,목
2022-08-04,2호선,아현,10258,9576,19834,682,8,4,목
2022-08-04,2호선,충정로(경기대입구),9725,10345,20070,-620,8,4,목
2022-08-04,2호선,용답,2641,2488,5129,153,8,4,목
2022-08-04,2호선,신답,1666,1797,3463,-131,8,4,목
2022-08-04,2호선,신설동,3031,3044,6075,-13,8,4,목
2022-08-04,2호선,도림천,1347,1407,2754,-60,8,4,목
2022-08-04,2호선,양천구청,6606,6724,13330,-118,8,4,목
2022-08-04,2호선,신정네거리,10053,10223,20276,-170,8,4,목
2022-08-04,2호선,용두(동대문구청),2364,2324,4688,40,8,4,목
2022-08-04,3호선,지축,5036,4803,9839,233,8,4,목
2022-08-04,3호선,구파발,20976,20197,41173,779,8,4,목
2022-08-04,3호선,연신내,34656,33068,67724,1588,8,4,목
2022-08-04,3호선,불광,15721,16940,32661,-1219,8,4,목
2022-08-04,3호선,녹번,14873,13191,28064,1682,8,4,목
2022-08-04,3호선,홍제,16746,15733,32479,1013,8,4,목
2022-08-04,3호선,무악재,3908,3855,7763,53,8,4,목
2022-08-04,3호선,독립문,6929,6965,13894,-36,8,4,목
2022-08-04,3호선,경복궁(정부서울청사),20746,21427,42173,-681,8,4,목
2022-08-04,3호선,안국,22386,22783,45169,-397,8,4,목
2022-08-04,3호선,종로3가,10477,12285,22762,-1808,8,4,목
2022-08-04,3호선,을지로3가,11032,10835,21867,197,8,4,목
2022-08-04,3호선,충무로,1,0,1,1,8,4,목
2022-08-04,3호선,동대입구,7942,8413,16355,-471,8,4,목
2022-08-04,3호선,약수,12483,12060,24543,423,8,4,목
2022-08-04,3호선,금호,7757,7202,14959,555,8,4,목
2022-08-04,3호선,옥수,8599,8904,17503,-305,8,4,목
2022-08-04,3호선,압구정,31166,33786,64952,-2620,8,4,목
2022-08-04,3호선,신사,28759,30171,58930,-1412,8,4,목
2022-08-04,3호선,잠원,4675,4560,9235,115,8,4,목
2022-08-04,3호선,고속터미널,42137,40875,83012,1262,8,4,목
2022-08-04,3호선,교대(법원.검찰청),13383,8882,22265,4501,8,4,목
2022-08-04,3호선,남부터미널(예술의전당),27939,28536,56475,-597,8,4,목
2022-08-04,3호선,양재(서초구청),35190,38547,73737,-3357,8,4,목
2022-08-04,3호선,매봉,12290,11795,24085,495,8,4,목
2022-08-04,3호선,도곡,4915,4930,9845,-15,8,4,목
2022-08-04,3호선,대치,11657,11424,23081,233,8,4,목
2022-08-04,3호선,학여울,2055,2132,4187,-77,8,4,목
2022-08-04,3호선,대청,9654,8915,18569,739,8,4,목
2022-08-04,3호선,일원,10246,9914,20160,332,8,4,목
2022-08-04,3호선,수서,16116,16714,32830,-598,8,4,목
2022-08-04,3호선,가락시장,8679,8549,17228,130,8,4,목
2022-08-04,3호선,경찰병원,7211,7217,14428,-6,8,4,목
2022-08-04,4호선,당고개,8836,7921,16757,915,8,4,목
2022-08-04,4호선,상계,18302,16998,35300,1304,8,4,목
2022-08-04,4호선,노원,17894,20376,38270,-2482,8,4,목
2022-08-04,4호선,창동,24011,25479,49490,-1468,8,4,목
2022-08-04,4호선,쌍문,27657,25676,53333,1981,8,4,목
2022-08-04,4호선,수유(강북구청),32466,32739,65205,-273,8,4,목
2022-08-04,4호선,미아(서울사이버대학),14050,13520,27570,530,8,4,목
2022-08-04,4호선,미아사거리,25748,25454,51202,294,8,4,목
2022-08-04,4호선,길음,19907,19450,39357,457,8,4,목
2022-08-04,4호선,성신여대입구(돈암),19096,18577,37673,519,8,4,목
2022-08-04,4호선,한성대입구(삼선교),12533,11877,24410,656,8,4,목
2022-08-04,4호선,혜화,34732,34981,69713,-249,8,4,목
2022-08-04,4호선,동대문,21782,22347,44129,-565,8,4,목
2022-08-04,4호선,동대문역사문화공원(DDP),16618,14527,31145,2091,8,4,목
2022-08-04,4호선,충무로,25458,26853,52311,-1395,8,4,목
2022-08-04,4호선,명동,20972,21872,42844,-900,8,4,목
2022-08-04,4호선,회현(남대문시장),24534,25733,50267,-1199,8,4,목
2022-08-04,4호선,서울역,11540,18146,29686,-6606,8,4,목
2022-08-04,4호선,숙대입구(갈월),12533,12168,24701,365,8,4,목
2022-08-04,4호선,삼각지,5385,5961,11346,-576,8,4,목
2022-08-04,4호선,신용산,17228,18468,35696,-1240,8,4,목
2022-08-04,4호선,이촌(국립중앙박물관),9760,10747,20507,-987,8,4,목
2022-08-04,4호선,동작(현충원),1267,1290,2557,-23,8,4,목
2022-08-04,4호선,총신대입구(이수),18038,19665,37703,-1627,8,4,목
2022-08-04,4호선,사당,25224,20894,46118,4330,8,4,목
2022-08-04,4호선,남태령,1196,1019,2215,177,8,4,목
2022-08-04,5호선,방화,6599,6289,12888,310,8,4,목
2022-08-04,5호선,개화산,5568,5252,10820,316,8,4,목
2022-08-04,5호선,김포공항,8198,7836,16034,362,8,4,목
2022-08-04,5호선,송정,6222,5706,11928,516,8,4,목
2022-08-04,5호선,마곡,10462,10579,21041,-117,8,4,목
2022-08-04,5호선,발산,19804,20664,40468,-860,8,4,목
2022-08-04,5호선,우장산,13747,13463,27210,284,8,4,목
2022-08-04,5호선,화곡,27808,25601,53409,2207,8,4,목
2022-08-04,5호선,까치산,28051,26647,54698,1404,8,4,목
2022-08-04,5호선,신정(은행정),13414,10785,24199,2629,8,4,목
2022-08-04,5호선,목동,16041,17163,33204,-1122,8,4,목
2022-08-04,5호선,오목교(목동운동장앞),21397,22976,44373,-1579,8,4,목
2022-08-04,5호선,양평,7159,7014,14173,145,8,4,목
2022-08-04,5호선,영등포구청,4022,4008,8030,14,8,4,목
2022-08-04,5호선,영등포시장,9848,10074,19922,-226,8,4,목
2022-08-04,5호선,신길,4389,4485,8874,-96,8,4,목
2022-08-04,5호선,여의도,29186,31456,60642,-2270,8,4,목
2022-08-04,5호선,여의나루,12750,14159,26909,-1409,8,4,목
2022-08-04,5호선,마포,14231,14586,28817,-355,8,4,목
2022-08-04,5호선,공덕,13936,14777,28713,-841,8,4,목
2022-08-04,5호선,애오개,6371,6393,12764,-22,8,4,목
2022-08-04,5호선,충정로(경기대입구),4685,4709,9394,-24,8,4,목
2022-08-04,5호선,서대문,19025,19341,38366,-316,8,4,목
2022-08-04,5호선,광화문(세종문화회관),31606,32870,64476,-1264,8,4,목
2022-08-04,5호선,종로3가,13372,13198,26570,174,8,4,목
2022-08-04,5호선,을지로4가,6291,6468,12759,-177,8,4,목
2022-08-04,5호선,동대문역사문화공원(DDP),3149,3756,6905,-607,8,4,목
2022-08-04,5호선,청구,3602,3513,7115,89,8,4,목
2022-08-04,5호선,신금호,6007,6237,12244,-230,8,4,목
2022-08-04,5호선,행당,7974,7108,15082,866,8,4,목
2022-08-04,5호선,왕십리(성동구청),4316,5100,9416,-784,8,4,목
2022-08-04,5호선,마장,5358,4885,10243,473,8,4,목
2022-08-04,5호선,답십리,15830,14183,30013,1647,8,4,목
2022-08-04,5호선,장한평,18074,18088,36162,-14,8,4,목
2022-08-04,5호선,군자(능동),10954,11911,22865,-957,8,4,목
2022-08-04,5호선,아차산(어린이대공원후문),13565,13238,26803,327,8,4,목
2022-08-04,5호선,광나루(장신대),12692,11492,24184,1200,8,4,목
2022-08-04,5호선,천호(풍납토성),17916,18005,35921,-89,8,4,목
2022-08-04,5호선,강동,18135,17452,35587,683,8,4,목
2022-08-04,5호선,길동,7919,8185,16104,-266,8,4,목
2022-08-04,5호선,굽은다리(강동구민회관앞),9464,9066,18530,398,8,4,목
2022-08-04,5호선,명일,8218,8400,16618,-182,8,4,목
2022-08-04,5호선,고덕,9445,9453,18898,-8,8,4,목
2022-08-04,5호선,상일동,14309,13190,27499,1119,8,4,목
2022-08-04,5호선,둔촌동,7662,7814,15476,-152,8,4,목
2022-08-04,5호선,올림픽공원(한국체대),4068,3269,7337,799,8,4,목
2022-08-04,5호선,방이,6992,7371,14363,-379,8,4,목
2022-08-04,2호선,왕십리(성동구청),15734,13518,29252,2216,8,4,목
2022-08-04,5호선,개롱,6276,6401,12677,-125,8,4,목
2022-08-04,5호선,거여,9744,9131,18875,613,8,4,목
2022-08-04,5호선,마천,7005,6746,13751,259,8,4,목
2022-08-04,5호선,강일,4359,4182,8541,177,8,4,목
2022-08-04,5호선,미사,16423,16405,32828,18,8,4,목
2022-08-04,5호선,하남풍산,4159,4222,8381,-63,8,4,목
2022-08-04,5호선,하남시청(덕풍·신장),6855,6619,13474,236,8,4,목
2022-08-04,5호선,하남검단산,6013,5658,11671,355,8,4,목
2022-08-04,6호선,응암,16912,16533,33445,379,8,4,목
2022-08-04,6호선,역촌,3828,4368,8196,-540,8,4,목
2022-08-04,6호선,불광,4567,4253,8820,314,8,4,목
2022-08-04,6호선,독바위,2756,2845,5601,-89,8,4,목
2022-08-04,6호선,구산,7419,5574,12993,1845,8,4,목
2022-08-04,6호선,새절(신사),12092,11224,23316,868,8,4,목
2022-08-04,6호선,증산(명지대앞),9513,9306,18819,207,8,4,목
2022-08-04,6호선,디지털미디어시티,13862,15547,29409,-1685,8,4,목
2022-08-04,6호선,월드컵경기장(성산),4309,4596,8905,-287,8,4,목
2022-08-04,6호선,마포구청,14221,12691,26912,1530,8,4,목
2022-08-04,6호선,망원,13745,14854,28599,-1109,8,4,목
2022-08-04,6호선,합정,13029,12962,25991,67,8,4,목
2022-08-04,6호선,상수,9112,10381,19493,-1269,8,4,목
2022-08-04,6호선,광흥창(서강),9077,8645,17722,432,8,4,목
2022-08-04,6호선,대흥(서강대앞),8001,8289,16290,-288,8,4,목
2022-08-04,6호선,공덕,17873,17574,35447,299,8,4,목
2022-08-04,6호선,효창공원앞,6549,5898,12447,651,8,4,목
2022-08-04,6호선,삼각지,7607,6462,14069,1145,8,4,목
2022-08-04,6호선,녹사평(용산구청),4888,4923,9811,-35,8,4,목
2022-08-04,6호선,이태원,10899,11880,22779,-981,8,4,목
2022-08-04,6호선,한강진,8634,9879,18513,-1245,8,4,목
2022-08-04,6호선,버티고개,2080,2000,4080,80,8,4,목
2022-08-04,6호선,약수,3558,3572,7130,-14,8,4,목
2022-08-04,6호선,청구,3659,3643,7302,16,8,4,목
2022-08-04,6호선,신당,8059,8443,16502,-384,8,4,목
2022-08-04,6호선,동묘앞,7764,7734,15498,30,8,4,목
2022-08-04,6호선,창신,3367,2777,6144,590,8,4,목
2022-08-04,6호선,보문,7278,6495,13773,783,8,4,목
2022-08-04,6호선,안암(고대병원앞),10081,10167,20248,-86,8,4,목
2022-08-04,6호선,고려대(종암),7626,7427,15053,199,8,4,목
2022-08-04,6호선,월곡(동덕여대),11164,10951,22115,213,8,4,목
2022-08-04,6호선,상월곡(한국과학기술연구원),6692,6138,12830,554,8,4,목
2022-08-04,6호선,돌곶이,8981,8266,17247,715,8,4,목
2022-08-04,6호선,석계,11792,12165,23957,-373,8,4,목
2022-08-04,6호선,태릉입구,5416,5769,11185,-353,8,4,목
2022-08-04,6호선,화랑대(서울여대입구),11019,8405,19424,2614,8,4,목
2022-08-04,6호선,봉화산(서울의료원),8705,8160,16865,545,8,4,목
2022-08-04,7호선,장암,2315,1008,3323,1307,8,4,목
2022-08-04,7호선,수락산,12493,12469,24962,24,8,4,목
2022-08-04,7호선,도봉산,8669,10106,18775,-1437,8,4,목
2022-08-04,신림선,당곡,3699,3530,7229,169,8,4,목
2022-08-04,신림선,신림,1660,2275,3935,-615,8,4,목
2022-08-04,신림선,서원,2883,2567,5450,316,8,4,목
2022-08-04,신림선,서울대벤처타운,6228,6357,12585,-129,8,4,목
2022-08-04,신림선,관악산(서울대),3330,3256,6586,74,8,4,목
2022-08-04,안산선,산본,15164,16344,31508,-1180,8,4,목
2022-08-04,안산선,대야미,4703,4213,8916,490,8,4,목
2022-08-04,안산선,반월,3984,3839,7823,145,8,4,목
2022-08-04,안산선,상록수,14509,14563,29072,-54,8,4,목
2022-08-04,안산선,한대앞,8458,8352,16810,106,8,4,목
2022-08-04,안산선,중앙,16920,17631,34551,-711,8,4,목
2022-08-04,안산선,고잔,8427,7894,16321,533,8,4,목
2022-08-04,안산선,초지,4456,4415,8871,41,8,4,목
2022-08-04,2호선,강남,85162,81971,167133,3191,8,4,목
2022-08-04,1호선,서울역,46776,45483,92259,1293,8,4,목
2022-08-04,1호선,시청,23973,24448,48421,-475,8,4,목
2022-08-04,1호선,종각,38662,37604,76266,1058,8,4,목
2022-08-04,1호선,종로3가,25961,23869,49830,2092,8,4,목
2022-08-04,1호선,종로5가,22640,22523,45163,117,8,4,목
2022-08-04,1호선,동대문,11100,10569,21669,531,8,4,목
2022-08-04,1호선,신설동,12939,12636,25575,303,8,4,목
2022-08-04,1호선,제기동,16097,16429,32526,-332,8,4,목
2022-08-04,1호선,청량리(서울시립대입구),19211,19176,38387,35,8,4,목
2022-08-04,1호선,동묘앞,7138,7395,14533,-257,8,4,목
2022-08-04,2호선,시청,24916,24692,49608,224,8,4,목
2022-08-04,2호선,을지로입구,42834,44370,87204,-1536,8,4,목
2022-08-04,2호선,을지로3가,24125,24341,48466,-216,8,4,목
2022-08-04,2호선,을지로4가,13768,13595,27363,173,8,4,목
2022-08-04,2호선,동대문역사문화공원(DDP),13138,14728,27866,-1590,8,4,목
2022-08-04,2호선,신당,13691,14263,27954,-572,8,4,목
2022-08-04,2호선,상왕십리,13935,13716,27651,219,8,4,목
2022-08-05,6호선,버티고개,2063,1974,4037,89,8,5,금
2022-08-05,중앙선,지평,62,69,131,-7,8,5,금
2022-08-05,중앙선,용문,3837,4064,7901,-227,8,5,금
2022-08-05,중앙선,원덕,412,436,848,-24,8,5,금
2022-08-05,중앙선,양평,2951,3127,6078,-176,8,5,금
2022-08-05,중앙선,오빈,329,336,665,-7,8,5,금
2022-08-05,중앙선,아신,623,688,1311,-65,8,5,금
2022-08-05,중앙선,국수,646,674,1320,-28,8,5,금
2022-08-05,중앙선,신원,193,203,396,-10,8,5,금
2022-08-05,중앙선,양수,2125,2112,4237,13,8,5,금
2022-08-05,중앙선,운길산,750,741,1491,9,8,5,금
2022-08-05,중앙선,팔당,944,1007,1951,-63,8,5,금
2022-08-05,중앙선,도심,2270,1742,4012,528,8,5,금
2022-08-05,중앙선,덕소,5527,5486,11013,41,8,5,금
2022-08-05,중앙선,양정,693,602,1295,91,8,5,금
2022-08-05,중앙선,도농,10414,9475,19889,939,8,5,금
2022-08-05,중앙선,구리,13286,13334,26620,-48,8,5,금
2022-08-05,중앙선,양원,2913,2719,5632,194,8,5,금
2022-08-05,중앙선,망우,7795,7519,15314,276,8,5,금
2022-08-05,중앙선,상봉(시외버스터미널),5786,5487,11273,299,8,5,금
2022-08-05,중앙선,중랑,5727,5253,10980,474,8,5,금
2022-08-05,중앙선,회기,24152,22656,46808,1496,8,5,금
2022-08-05,장항선,신창(순천향대),1233,1064,2297,169,8,5,금
2022-08-05,장항선,온양온천,3655,3911,7566,-256,8,5,금
2022-08-05,장항선,배방,1102,1000,2102,102,8,5,금
2022-08-05,장항선,탕정,860,775,1635,85,8,5,금
2022-08-05,우이신설선,성신여대입구(돈암),3207,3667,6874,-460,8,5,금
2022-08-05,우이신설선,정릉,4565,3990,8555,575,8,5,금
2022-08-05,우이신설선,북한산보국문,5762,5366,11128,396,8,5,금
2022-08-05,우이신설선,솔샘,5624,5064,10688,560,8,5,금
2022-08-05,우이신설선,삼양사거리,2450,2370,4820,80,8,5,금
2022-08-05,우이신설선,삼양,1990,2031,4021,-41,8,5,금
2022-08-05,우이신설선,화계,3407,3100,6507,307,8,5,금
2022-08-05,우이신설선,가오리,4128,4050,8178,78,8,5,금
2022-08-05,우이신설선,4.19민주묘지,2971,2685,5656,286,8,5,금
2022-08-05,우이신설선,솔밭공원,2512,2290,4802,222,8,5,금
2022-08-05,우이신설선,북한산우이,3158,3056,6214,102,8,5,금
2022-08-05,안산선,수리산,3885,3130,7015,755,8,5,금
2022-08-05,안산선,오이도,8406,8298,16704,108,8,5,금
2022-08-05,안산선,정왕,7788,7979,15767,-191,8,5,금
2022-08-05,안산선,신길온천,1705,1614,3319,91,8,5,금
2022-08-05,안산선,안산,11243,10457,21700,786,8,5,금
2022-08-05,안산선,초지,4559,4467,9026,92,8,5,금
2022-08-05,안산선,고잔,8502,8011,16513,491,8,5,금
2022-08-05,안산선,중앙,17552,19008,36560,-1456,8,5,금
2022-08-05,안산선,한대앞,8623,8567,17190,56,8,5,금
2022-08-05,안산선,상록수,15158,15150,30308,8,8,5,금
2022-08-05,안산선,반월,4211,4027,8238,184,8,5,금
2022-08-05,안산선,대야미,4903,4178,9081,725,8,5,금
2022-08-05,안산선,산본,15791,16951,32742,-1160,8,5,금
2022-08-05,신림선,관악산(서울대),3222,3016,6238,206,8,5,금
2022-08-05,신림선,서울대벤처타운,6446,6284,12730,162,8,5,금
2022-08-05,신림선,서원,2954,2546,5500,408,8,5,금
2022-08-05,신림선,신림,1717,2252,3969,-535,8,5,금
2022-08-05,신림선,당곡,3731,3516,7247,215,8,5,금
2022-08-05,신림선,보라매병원,6282,6412,12694,-130,8,5,금
2022-08-05,신림선,보라매공원,1718,1827,3545,-109,8,5,금
2022-08-05,신림선,보라매,2766,2478,5244,288,8,5,금
2022-08-05,신림선,서울지방병무청,2245,2401,4646,-156,8,5,금
2022-08-05,신림선,대방,2010,1529,3539,481,8,5,금
2022-08-05,신림선,샛강,2046,2562,4608,-516,8,5,금
2022-08-05,수인선,인천,1102,1819,2921,-717,8,5,금
2022-08-05,수인선,신포,1643,1712,3355,-69,8,5,금
2022-08-05,수인선,숭의,3757,3438,7195,319,8,5,금
2022-08-05,수인선,인하대,5458,5021,10479,437,8,5,금
2022-08-05,수인선,송도,2215,2103,4318,112,8,5,금
2022-08-05,수인선,연수,4453,4579,9032,-126,8,5,금
2022-08-05,수인선,원인재,4146,4415,8561,-269,8,5,금
2022-08-05,수인선,남동인더스파크,1978,2173,4151,-195,8,5,금
2022-08-05,수인선,호구포,3952,4024,7976,-72,8,5,금
2022-08-05,수인선,인천논현,5277,5598,10875,-321,8,5,금
2022-08-05,수인선,소래포구,4769,4730,9499,39,8,5,금
2022-08-05,수인선,월곶,2623,2427,5050,196,8,5,금
2022-08-05,수인선,달월,111,81,192,30,8,5,금
2022-08-05,수인선,사리,4522,3826,8348,696,8,5,금
2022-08-05,수인선,야목,418,252,670,166,8,5,금
2022-08-05,수인선,어천,826,816,1642,10,8,5,금
2022-08-05,수인선,오목천,3022,2713,5735,309,8,5,금
2022-08-05,수인선,고색,4491,4043,8534,448,8,5,금
2022-08-05,분당선,매교,2891,2931,5822,-40,8,5,금
2022-08-05,분당선,수원시청,12597,14578,27175,-1981,8,5,금
2022-08-05,분당선,매탄권선,5180,4761,9941,419,8,5,금
2022-08-05,분당선,망포,14654,13228,27882,1426,8,5,금
2022-08-05,분당선,영통,8433,8584,17017,-151,8,5,금
2022-08-05,분당선,청명,4135,3977,8112,158,8,5,금
2022-08-05,분당선,상갈,5323,5024,10347,299,8,5,금
2022-08-05,분당선,기흥,9979,9326,19305,653,8,5,금
2022-08-05,분당선,신갈,4649,4430,9079,219,8,5,금
2022-08-05,분당선,구성,4842,4975,9817,-133,8,5,금
2022-08-05,분당선,죽전,12814,14061,26875,-1247,8,5,금
2022-08-05,분당선,보정,2507,2084,4591,423,8,5,금
2022-08-05,분당선,이매,5477,5158,10635,319,8,5,금
2022-08-05,분당선,오리,11502,9400,20902,2102,8,5,금
2022-08-05,분당선,미금,14801,15519,30320,-718,8,5,금
2022-08-05,분당선,정자,17954,19052,37006,-1098,8,5,금
2022-08-05,분당선,수내,13985,13796,27781,189,8,5,금
2022-08-05,분당선,서현,25839,26094,51933,-255,8,5,금
2022-08-05,분당선,야탑,25973,27265,53238,-1292,8,5,금
2022-08-05,분당선,모란,19509,19987,39496,-478,8,5,금
2022-08-05,분당선,태평,13367,12591,25958,776,8,5,금
2022-08-05,분당선,가천대,6576,7116,13692,-540,8,5,금
2022-08-05,분당선,선정릉,7836,8160,15996,-324,8,5,금
2022-08-05,분당선,강남구청,9489,11021,20510,-1532,8,5,금
2022-08-05,분당선,압구정로데오,20855,24609,45464,-3754,8,5,금
2022-08-05,분당선,서울숲,11712,12218,23930,-506,8,5,금
2022-08-05,분당선,수원,8394,7009,15403,1385,8,5,금
2022-08-05,분당선,복정,1,0,1,1,8,5,금
2022-08-05,분당선,수서,14256,15014,29270,-758,8,5,금
2022-08-05,분당선,대모산입구,4547,4263,8810,284,8,5,금
2022-08-05,분당선,개포동,3871,3953,7824,-82,8,5,금
2022-08-05,분당선,구룡,1804,1734,3538,70,8,5,금
2022-08-05,분당선,도곡,7172,6834,14006,338,8,5,금
2022-08-05,분당선,한티,16175,17078,33253,-903,8,5,금
2022-08-05,분당선,선릉,13602,20321,33923,-6719,8,5,금
2022-08-05,과천선,범계,26232,26314,52546,-82,8,5,금
2022-08-05,과천선,평촌,16682,16518,33200,164,8,5,금
2022-08-05,과천선,인덕원,23677,24377,48054,-700,8,5,금
2022-08-05,과천선,정부과천청사,10904,10863,21767,41,8,5,금
2022-08-05,과천선,과천,6453,5855,12308,598,8,5,금
2022-08-05,과천선,대공원,2934,3138,6072,-204,8,5,금
2022-08-05,과천선,경마공원,8279,8490,16769,-211,8,5,금
2022-08-05,과천선,선바위,7727,6771,14498,956,8,5,금
2022-08-05,공항철도 1호선,영종,3661,3840,7501,-179,8,5,금
2022-08-05,공항철도 1호선,인천공항2터미널,3960,3515,7475,445,8,5,금
2022-08-05,공항철도 1호선,인천공항1터미널,8188,7606,15794,582,8,5,금
2022-08-05,공항철도 1호선,공항화물청사,2442,2502,4944,-60,8,5,금
2022-08-05,공항철도 1호선,운서,7877,8073,15950,-196,8,5,금
2022-08-05,공항철도 1호선,청라국제도시,7078,6834,13912,244,8,5,금
2022-08-05,공항철도 1호선,검암,6798,6671,13469,127,8,5,금
2022-08-05,공항철도 1호선,계양,11104,10171,21275,933,8,5,금
2022-08-05,공항철도 1호선,김포공항,12780,7275,20055,5505,8,5,금
2022-08-05,공항철도 1호선,마곡나루(서울식물원),8203,7456,15659,747,8,5,금
2022-08-05,공항철도 1호선,디지털미디어시티,13933,12452,26385,1481,8,5,금
2022-08-05,공항철도 1호선,홍대입구,12332,12894,25226,-562,8,5,금
2022-08-05,공항철도 1호선,공덕,2433,3324,5757,-891,8,5,금
2022-08-05,공항철도 1호선,서울역,10220,9813,20033,407,8,5,금
2022-08-05,경춘선,춘천,1714,1504,3218,210,8,5,금
2022-08-05,경춘선,남춘천,2623,2929,5552,-306,8,5,금
2022-08-05,경춘선,김유정,397,401,798,-4,8,5,금
2022-08-05,경춘선,강촌,574,552,1126,22,8,5,금
2022-08-05,경춘선,백양리,144,118,262,26,8,5,금
2022-08-05,경춘선,굴봉산,187,151,338,36,8,5,금
2022-08-05,경춘선,가평,2717,2745,5462,-28,8,5,금
2022-08-05,경춘선,상천,311,290,601,21,8,5,금
2022-08-05,경춘선,청평,2000,2097,4097,-97,8,5,금
2022-08-05,경춘선,대성리,888,1011,1899,-123,8,5,금
2022-08-05,경춘선,마석,3806,3734,7540,72,8,5,금
2022-08-05,경춘선,천마산,1576,1452,3028,124,8,5,금
2022-08-05,경춘선,평내호평,5946,5804,11750,142,8,5,금
2022-08-05,경춘선,금곡,1360,1390,2750,-30,8,5,금
2022-08-05,경춘선,사릉,2219,2195,4414,24,8,5,금
2022-08-05,경춘선,퇴계원,3403,3035,6438,368,8,5,금
2022-08-05,경춘선,별내,3014,2849,5863,165,8,5,금
2022-08-05,경춘선,갈매,2823,2392,5215,431,8,5,금
2022-08-05,경춘선,신내,2032,1929,3961,103,8,5,금
2022-08-05,경인선,도화,3993,3686,7679,307,8,5,금
2022-08-05,경인선,중동,8882,8333,17215,549,8,5,금
2022-08-05,경인선,온수(성공회대입구),6149,5761,11910,388,8,5,금
2022-08-05,경인선,도원,2613,2646,5259,-33,8,5,금
2022-08-05,경인선,간석,5788,5390,11178,398,8,5,금
2022-08-05,경인선,부개,8373,7731,16104,642,8,5,금
2022-08-05,경인선,소사,7773,7619,15392,154,8,5,금
2022-08-05,경인선,구일,5835,5518,11353,317,8,5,금
2022-08-05,경인선,인천,4246,3406,7652,840,8,5,금
2022-08-05,경인선,동인천,13478,13102,26580,376,8,5,금
2022-08-05,경인선,제물포,9948,9375,19323,573,8,5,금
2022-08-05,경인선,주안,18584,16842,35426,1742,8,5,금
2022-08-05,경인선,동암,15328,15400,30728,-72,8,5,금
2022-08-05,경인선,백운,6626,6407,13033,219,8,5,금
2022-08-05,경인선,부평,30189,33696,63885,-3507,8,5,금
2022-08-05,경인선,송내,26296,25669,51965,627,8,5,금
2022-08-05,경인선,부천,31665,31972,63637,-307,8,5,금
2022-08-05,경인선,역곡,26027,25462,51489,565,8,5,금
2022-08-05,경인선,오류동,11349,10140,21489,1209,8,5,금
2022-08-05,경인선,개봉,20700,19884,40584,816,8,5,금
2022-08-05,경의선,임진강,18,9,27,9,8,5,금
2022-08-05,경의선,문산,5601,5351,10952,250,8,5,금
2022-08-05,경의선,파주,1030,756,1786,274,8,5,금
2022-08-05,경의선,월롱,3157,2368,5525,789,8,5,금
2022-08-05,경의선,금촌,6409,6286,12695,123,8,5,금
2022-08-05,경의선,금릉,4804,4530,9334,274,8,5,금
2022-08-05,경의선,운정,6631,5967,12598,664,8,5,금
2022-08-05,경의선,야당,7804,7996,15800,-192,8,5,금
2022-08-05,경의선,탄현,7690,7221,14911,469,8,5,금
2022-08-05,경의선,일산,8808,8387,17195,421,8,5,금
2022-08-05,경의선,풍산,5527,5092,10619,435,8,5,금
2022-08-05,경의선,백마,6655,6238,12893,417,8,5,금
2022-08-05,경의선,곡산,561,553,1114,8,8,5,금
2022-08-05,경의선,능곡,3522,3313,6835,209,8,5,금
2022-08-05,경의선,행신,8124,8168,16292,-44,8,5,금
2022-08-05,경의선,강매,2997,2518,5515,479,8,5,금
2022-08-05,경의선,화전,1570,1398,2968,172,8,5,금
2022-08-05,경의선,수색,2661,2779,5440,-118,8,5,금
2022-08-05,경의선,디지털미디어시티,2690,2332,5022,358,8,5,금
2022-08-05,경의선,가좌,5367,5121,10488,246,8,5,금
2022-08-05,경의선,홍대입구,2065,2430,4495,-365,8,5,금
2022-08-05,경의선,서강대,2115,2058,4173,57,8,5,금
2022-08-05,경의선,공덕,3797,3226,7023,571,8,5,금
2022-08-05,경의선,효창공원앞,2701,3035,5736,-334,8,5,금
2022-08-05,경의선,신촌,892,1180,2072,-288,8,5,금
2022-08-05,경의선,서울역,4525,5854,10379,-1329,8,5,금
2022-08-05,경원선,소요산,3259,2996,6255,263,8,5,금
2022-08-05,경원선,동두천,2253,2557,4810,-304,8,5,금
2022-08-05,경원선,보산,1819,1583,3402,236,8,5,금
2022-08-05,경원선,동두천중앙,3269,3154,6423,115,8,5,금
2022-08-05,경원선,지행,6506,6443,12949,63,8,5,금
2022-08-05,경원선,덕정,5278,5043,10321,235,8,5,금
2022-08-05,경원선,덕계,3214,2829,6043,385,8,5,금
2022-08-05,경원선,양주,7412,6827,14239,585,8,5,금
2022-08-05,경원선,녹양,4434,4158,8592,276,8,5,금
2022-08-05,경원선,가능,6557,6071,12628,486,8,5,금
2022-08-05,경원선,의정부,18633,19824,38457,-1191,8,5,금
2022-08-05,경원선,회룡,12064,11848,23912,216,8,5,금
2022-08-05,경원선,망월사,7271,7378,14649,-107,8,5,금
2022-08-05,경원선,도봉산,7104,4556,11660,2548,8,5,금
2022-08-05,경원선,도봉,5723,5433,11156,290,8,5,금
2022-08-05,경원선,방학,9219,9124,18343,95,8,5,금
2022-08-05,경원선,녹천,4535,3647,8182,888,8,5,금
2022-08-05,경원선,월계,6107,5592,11699,515,8,5,금
2022-08-05,경원선,광운대,7079,6586,13665,493,8,5,금
2022-08-05,경원선,석계,7881,8774,16655,-893,8,5,금
2022-08-05,경원선,신이문,8326,7324,15650,1002,8,5,금
2022-08-05,경원선,외대앞,7222,7101,14323,121,8,5,금
2022-08-05,경원선,청량리(서울시립대입구),17382,18718,36100,-1336,8,5,금
2022-08-05,경원선,왕십리(성동구청),15319,17149,32468,-1830,8,5,금
2022-08-05,경원선,응봉,1880,1475,3355,405,8,5,금
2022-08-05,경원선,옥수,62,35,97,27,8,5,금
2022-08-05,경원선,한남,4037,3844,7881,193,8,5,금
2022-08-05,경원선,서빙고,2101,1905,4006,196,8,5,금
2022-08-05,경원선,이촌(국립중앙박물관),3877,2925,6802,952,8,5,금
2022-08-05,경부선,광명,3868,3409,7277,459,8,5,금
2022-08-05,경부선,서동탄,1422,1227,2649,195,8,5,금
2022-08-05,경부선,당정,5912,5424,11336,488,8,5,금
2022-08-05,경부선,천안,5717,6113,11830,-396,8,5,금
2022-08-05,경부선,두정,5668,5778,11446,-110,8,5,금
2022-08-05,경부선,직산,884,806,1690,78,8,5,금
2022-08-05,경부선,성환,3274,2997,6271,277,8,5,금
2022-08-05,경부선,평택,12544,12054,24598,490,8,5,금
2022-08-05,경부선,평택지제,4089,3841,7930,248,8,5,금
2022-08-05,경부선,서정리,8006,6464,14470,1542,8,5,금
2022-08-05,경부선,송탄,4794,4227,9021,567,8,5,금
2022-08-05,경부선,진위,1530,1312,2842,218,8,5,금
2022-08-05,경부선,오산,9751,9466,19217,285,8,5,금
2022-08-05,경부선,오산대,3392,3000,6392,392,8,5,금
2022-08-05,경부선,세마,2896,2699,5595,197,8,5,금
2022-08-05,경부선,병점,13917,13705,27622,212,8,5,금
2022-08-05,경부선,세류,3037,2750,5787,287,8,5,금
2022-08-05,경부선,독산,17439,17633,35072,-194,8,5,금
2022-08-05,경부선,수원,35564,39113,74677,-3549,8,5,금
2022-08-05,경부선,화서,7571,7322,14893,249,8,5,금
2022-08-05,경부선,성균관대,13438,13005,26443,433,8,5,금
2022-08-05,경부선,의왕,8187,7955,16142,232,8,5,금
2022-08-05,경부선,군포,7110,6943,14053,167,8,5,금
2022-08-05,경부선,금정,26030,26257,52287,-227,8,5,금
2022-08-05,경부선,명학,8194,7953,16147,241,8,5,금
2022-08-05,경부선,안양,21135,21148,42283,-13,8,5,금
2022-08-05,경부선,관악,7072,6710,13782,362,8,5,금
2022-08-05,경부선,석수,8611,7576,16187,1035,8,5,금
2022-08-05,경부선,금천구청,10854,10909,21763,-55,8,5,금
2022-08-05,경부선,가산디지털단지,17330,19797,37127,-2467,8,5,금
2022-08-05,경부선,구로,17357,17926,35283,-569,8,5,금
2022-08-05,경부선,신길,8541,7102,15643,1439,8,5,금
2022-08-05,경부선,신도림,3804,3847,7651,-43,8,5,금
2022-08-05,경부선,영등포,42209,44432,86641,-2223,8,5,금
2022-08-05,경부선,대방,10790,11445,22235,-655,8,5,금
2022-08-05,경부선,노량진,7861,7561,15422,300,8,5,금
2022-08-05,경부선,용산,40826,42634,83460,-1808,8,5,금
2022-08-05,경부선,남영,8782,9100,17882,-318,8,5,금
2022-08-05,경부선,서울역,9487,2826,12313,6661,8,5,금
2022-08-05,경강선,여주,2545,2684,5229,-139,8,5,금
2022-08-05,경강선,세종대왕릉,362,416,778,-54,8,5,금
2022-08-05,경강선,부발,2702,2139,4841,563,8,5,금
2022-08-05,경강선,이천,3053,3116,6169,-63,8,5,금
2022-08-05,경강선,신둔도예촌,1514,1490,3004,24,8,5,금
2022-08-05,경강선,곤지암,2189,2194,4383,-5,8,5,금
2022-08-05,경강선,초월,3223,2972,6195,251,8,5,금
2022-08-05,경강선,경기광주,7775,7212,14987,563,8,5,금
2022-08-05,경강선,삼동,2362,2121,4483,241,8,5,금
2022-08-05,경강선,이매,1105,984,2089,121,8,5,금
2022-08-05,경강선,판교,5248,5278,10526,-30,8,5,금
2022-08-05,9호선2~3단계,중앙보훈병원,10801,9464,20265,1337,8,5,금
2022-08-05,9호선2~3단계,둔촌오륜,860,867,1727,-7,8,5,금
2022-08-05,9호선2~3단계,올림픽공원(한국체대),10868,10772,21640,96,8,5,금
2022-08-05,9호선2~3단계,한성백제,2845,2490,5335,355,8,5,금
2022-08-05,9호선2~3단계,송파나루,5708,6177,11885,-469,8,5,금
2022-08-05,9호선2~3단계,석촌,9210,7794,17004,1416,8,5,금
2022-08-05,9호선2~3단계,석촌고분,6615,6221,12836,394,8,5,금
2022-08-05,9호선2~3단계,삼전,7148,6700,13848,448,8,5,금
2022-08-05,9호선2~3단계,종합운동장,4392,4619,9011,-227,8,5,금
2022-08-05,9호선2~3단계,봉은사,20153,20439,40592,-286,8,5,금
2022-08-05,9호선2~3단계,삼성중앙,7562,7952,15514,-390,8,5,금
2022-08-05,9호선2~3단계,선정릉,10149,11024,21173,-875,8,5,금
2022-08-05,9호선2~3단계,언주,11450,11473,22923,-23,8,5,금
2022-08-05,9호선,신논현,32877,33358,66235,-481,8,5,금
2022-08-05,9호선,사평,3845,3710,7555,135,8,5,금
2022-08-05,9호선,고속터미널,14508,20058,34566,-5550,8,5,금
2022-08-05,9호선,신반포,3533,3538,7071,-5,8,5,금
2022-08-05,9호선,구반포,1242,1243,2485,-1,8,5,금
2022-08-05,9호선,동작(현충원),1908,1521,3429,387,8,5,금
2022-08-05,9호선,흑석(중앙대입구),8093,8377,16470,-284,8,5,금
2022-08-05,9호선,노들,4657,3809,8466,848,8,5,금
2022-08-05,9호선,노량진,25729,24759,50488,970,8,5,금
2022-08-05,9호선,샛강,6116,6138,12254,-22,8,5,금
2022-08-05,9호선,여의도,30296,28485,58781,1811,8,5,금
2022-08-05,9호선,국회의사당,16963,17275,34238,-312,8,5,금
2022-08-05,9호선,당산,19344,18839,38183,505,8,5,금
2022-08-05,9호선,선유도,8749,8120,16869,629,8,5,금
2022-08-05,9호선,신목동,4141,3422,7563,719,8,5,금
2022-08-05,9호선,염창,17472,16469,33941,1003,8,5,금
2022-08-05,9호선,등촌,11404,10924,22328,480,8,5,금
2022-08-05,9호선,증미,7588,7202,14790,386,8,5,금
2022-08-05,9호선,가양,20821,19876,40697,945,8,5,금
2022-08-05,9호선,양천향교,9584,9628,19212,-44,8,5,금
2022-08-05,9호선,마곡나루(서울식물원),12269,12330,24599,-61,8,5,금
2022-08-05,9호선,신방화,6682,6372,13054,310,8,5,금
2022-08-05,9호선,공항시장,3067,3211,6278,-144,8,5,금
2022-08-05,9호선,김포공항,8606,12733,21339,-4127,8,5,금
2022-08-05,9호선,개화,2511,1752,4263,759,8,5,금
2022-08-05,8호선,남위례,5244,5457,10701,-213,8,5,금
2022-08-05,8호선,모란,4261,3565,7826,696,8,5,금
2022-08-05,8호선,수진,5444,4894,10338,550,8,5,금
2022-08-05,8호선,신흥,4409,4883,9292,-474,8,5,금
2022-08-05,8호선,단대오거리,10103,9804,19907,299,8,5,금
2022-08-05,8호선,남한산성입구(성남법원.검찰청),12671,11252,23923,1419,8,5,금
2022-08-05,8호선,산성,5112,5062,10174,50,8,5,금
2022-08-05,8호선,복정,8967,7421,16388,1546,8,5,금
2022-08-05,8호선,장지,17088,16119,33207,969,8,5,금
2022-08-05,8호선,문정,20864,21879,42743,-1015,8,5,금
2022-08-05,8호선,가락시장,7305,7796,15101,-491,8,5,금
2022-08-05,8호선,송파,8522,8235,16757,287,8,5,금
2022-08-05,8호선,석촌,7606,8952,16558,-1346,8,5,금
2022-08-05,8호선,잠실(송파구청),15926,18666,34592,-2740,8,5,금
2022-08-05,8호선,몽촌토성(평화의문),6076,6184,12260,-108,8,5,금
2022-08-05,8호선,강동구청,10051,10195,20246,-144,8,5,금
2022-08-05,8호선,천호(풍납토성),14705,17357,32062,-2652,8,5,금
2022-08-05,8호선,암사,18845,16162,35007,2683,8,5,금
2022-08-05,7호선,온수(성공회대입구),9162,8313,17475,849,8,5,금
2022-08-05,7호선,천왕,10841,10077,20918,764,8,5,금
2022-08-05,7호선,광명사거리,21065,20909,41974,156,8,5,금
2022-08-05,7호선,철산,20698,21267,41965,-569,8,5,금
2022-08-05,7호선,가산디지털단지,43424,42885,86309,539,8,5,금
2022-08-05,7호선,남구로,15226,15930,31156,-704,8,5,금
2022-08-05,7호선,대림(구로구청),8140,8344,16484,-204,8,5,금
2022-08-05,7호선,신풍,11283,10543,21826,740,8,5,금
2022-08-05,7호선,보라매,7413,7342,14755,71,8,5,금
2022-08-05,7호선,신대방삼거리,14964,13881,28845,1083,8,5,금
2022-08-05,7호선,장승배기,9057,8633,17690,424,8,5,금
2022-08-05,7호선,상도,10703,9910,20613,793,8,5,금
2022-08-05,7호선,숭실대입구(살피재),11345,11224,22569,121,8,5,금
2022-08-05,7호선,남성,11155,9991,21146,1164,8,5,금
2022-08-05,7호선,이수,16075,15798,31873,277,8,5,금
2022-08-05,7호선,내방,14366,14379,28745,-13,8,5,금
2022-08-05,7호선,고속터미널,18173,14643,32816,3530,8,5,금
2022-08-05,7호선,반포,5990,5711,11701,279,8,5,금
2022-08-05,7호선,논현,18670,20137,38807,-1467,8,5,금
2022-08-05,7호선,학동,22980,24490,47470,-1510,8,5,금
2022-08-05,7호선,강남구청,16464,18714,35178,-2250,8,5,금
2022-08-05,7호선,청담,18933,21093,40026,-2160,8,5,금
2022-08-05,7호선,뚝섬유원지,8985,8527,17512,458,8,5,금
2022-08-05,7호선,건대입구,12861,13373,26234,-512,8,5,금
2022-08-05,7호선,어린이대공원(세종대),12513,12140,24653,373,8,5,금
2022-08-05,7호선,군자(능동),15048,11724,26772,3324,8,5,금
2022-08-05,7호선,중곡,10500,9813,20313,687,8,5,금
2022-08-05,7호선,용마산(용마폭포공원),5859,5435,11294,424,8,5,금
2022-08-05,7호선,사가정,15635,15296,30931,339,8,5,금
2022-08-05,7호선,면목,14660,14118,28778,542,8,5,금
2022-08-05,7호선,중화,10489,10033,20522,456,8,5,금
2022-08-05,7호선,먹골,10178,9995,20173,183,8,5,금
2022-08-05,7호선,태릉입구,8394,7732,16126,662,8,5,금
2022-08-05,7호선,공릉(서울과학기술대),11041,10919,21960,122,8,5,금
2022-08-05,7호선,하계,16858,15533,32391,1325,8,5,금
2022-08-05,7호선,중계,13447,11847,25294,1600,8,5,금
2022-08-05,7호선,노원,20201,21422,41623,-1221,8,5,금
2022-08-05,7호선,마들,12792,11821,24613,971,8,5,금
2022-08-05,7호선,수락산,12161,12185,24346,-24,8,5,금
2022-08-05,7호선,도봉산,8534,9698,18232,-1164,8,5,금
2022-08-05,7호선,장암,2257,1059,3316,1198,8,5,금
2022-08-05,6호선,봉화산(서울의료원),8688,8181,16869,507,8,5,금
2022-08-05,6호선,화랑대(서울여대입구),10761,8188,18949,2573,8,5,금
2022-08-05,6호선,태릉입구,5530,5807,11337,-277,8,5,금
2022-08-05,6호선,석계,11790,12285,24075,-495,8,5,금
2022-08-05,6호선,돌곶이,8877,7988,16865,889,8,5,금
2022-08-05,6호선,상월곡(한국과학기술연구원),6078,5242,11320,836,8,5,금
2022-08-05,6호선,월곡(동덕여대),11251,10813,22064,438,8,5,금
2022-08-05,6호선,고려대(종암),7768,7480,15248,288,8,5,금
2022-08-05,6호선,안암(고대병원앞),10253,10097,20350,156,8,5,금
2022-08-05,6호선,보문,7355,6530,13885,825,8,5,금
2022-08-05,6호선,창신,3238,2503,5741,735,8,5,금
2022-08-05,6호선,동묘앞,7753,7558,15311,195,8,5,금
2022-08-05,6호선,신당,7476,6945,14421,531,8,5,금
2022-08-05,6호선,청구,3682,3696,7378,-14,8,5,금
2022-08-05,6호선,약수,3534,3527,7061,7,8,5,금
2022-08-05,6호선,한강진,9055,10799,19854,-1744,8,5,금
2022-08-05,6호선,이태원,12202,16597,28799,-4395,8,5,금
2022-08-05,6호선,녹사평(용산구청),5099,5348,10447,-249,8,5,금
2022-08-05,6호선,삼각지,8450,7291,15741,1159,8,5,금
2022-08-05,6호선,효창공원앞,6650,5797,12447,853,8,5,금
2022-08-05,6호선,공덕,18256,17658,35914,598,8,5,금
2022-08-05,6호선,대흥(서강대앞),8110,8279,16389,-169,8,5,금
2022-08-05,6호선,광흥창(서강),9067,8592,17659,475,8,5,금
2022-08-05,6호선,상수,9742,12295,22037,-2553,8,5,금
2022-08-05,6호선,합정,14009,14155,28164,-146,8,5,금
2022-08-05,6호선,망원,14446,15691,30137,-1245,8,5,금
2022-08-05,6호선,마포구청,14100,12499,26599,1601,8,5,금
2022-08-05,6호선,월드컵경기장(성산),7568,8157,15725,-589,8,5,금
2022-08-05,6호선,디지털미디어시티,13814,14920,28734,-1106,8,5,금
2022-08-05,6호선,증산(명지대앞),9570,9406,18976,164,8,5,금
2022-08-05,6호선,새절(신사),12174,11021,23195,1153,8,5,금
2022-08-05,6호선,구산,7529,5642,13171,1887,8,5,금
2022-08-05,6호선,연신내,2,0,2,2,8,5,금
2022-08-05,6호선,독바위,2725,2725,5450,0,8,5,금
2022-08-05,6호선,불광,4626,4219,8845,407,8,5,금
2022-08-05,6호선,역촌,3829,4369,8198,-540,8,5,금
2022-08-05,6호선,응암,17086,16674,33760,412,8,5,금
2022-08-05,5호선,하남검단산,5965,5637,11602,328,8,5,금
2022-08-05,5호선,하남시청(덕풍·신장),6807,6519,13326,288,8,5,금
2022-08-05,5호선,하남풍산,4122,4129,8251,-7,8,5,금
2022-08-05,5호선,미사,16240,16542,32782,-302,8,5,금
2022-08-05,5호선,강일,4386,4115,8501,271,8,5,금
2022-08-05,5호선,마천,6943,6534,13477,409,8,5,금
2022-08-05,5호선,거여,9783,9132,18915,651,8,5,금
2022-08-05,5호선,개롱,6339,6461,12800,-122,8,5,금
2022-08-05,5호선,오금,3535,3530,7065,5,8,5,금
2022-08-05,5호선,방이,7375,7602,14977,-227,8,5,금
2022-08-05,5호선,올림픽공원(한국체대),5517,5430,10947,87,8,5,금
2022-08-05,5호선,둔촌동,8127,8234,16361,-107,8,5,금
2022-08-05,5호선,상일동,14575,13299,27874,1276,8,5,금
2022-08-05,5호선,고덕,9206,9183,18389,23,8,5,금
2022-08-05,5호선,명일,8217,8675,16892,-458,8,5,금
2022-08-05,5호선,굽은다리(강동구민회관앞),9621,9232,18853,389,8,5,금
2022-08-05,5호선,길동,8040,8469,16509,-429,8,5,금
2022-08-05,5호선,강동,18374,17252,35626,1122,8,5,금
2022-08-05,5호선,천호(풍납토성),18972,19128,38100,-156,8,5,금
2022-08-05,5호선,광나루(장신대),12598,11300,23898,1298,8,5,금
2022-08-05,5호선,아차산(어린이대공원후문),13403,12952,26355,451,8,5,금
2022-08-05,5호선,군자(능동),11121,12080,23201,-959,8,5,금
2022-08-05,5호선,장한평,18171,17880,36051,291,8,5,금
2022-08-05,5호선,답십리,15713,14285,29998,1428,8,5,금
2022-08-05,5호선,마장,5353,5077,10430,276,8,5,금
2022-08-05,5호선,왕십리(성동구청),4473,5325,9798,-852,8,5,금
2022-08-05,5호선,행당,7917,6848,14765,1069,8,5,금
2022-08-05,5호선,신금호,6145,6152,12297,-7,8,5,금
2022-08-05,5호선,청구,3806,3515,7321,291,8,5,금
2022-08-05,5호선,동대문역사문화공원(DDP),3102,3576,6678,-474,8,5,금
2022-08-05,5호선,을지로4가,6148,6440,12588,-292,8,5,금
2022-08-05,5호선,종로3가,13465,13914,27379,-449,8,5,금
2022-08-05,5호선,광화문(세종문화회관),30553,32319,62872,-1766,8,5,금
2022-08-05,5호선,서대문,18443,18792,37235,-349,8,5,금
2022-08-05,5호선,충정로(경기대입구),4564,4536,9100,28,8,5,금
2022-08-05,5호선,애오개,6545,6337,12882,208,8,5,금
2022-08-05,5호선,공덕,13870,14646,28516,-776,8,5,금
2022-08-05,5호선,마포,13966,14571,28537,-605,8,5,금
2022-08-05,5호선,여의나루,12720,14243,26963,-1523,8,5,금
2022-08-05,5호선,여의도,28799,30999,59798,-2200,8,5,금
2022-08-05,5호선,신길,4439,4288,8727,151,8,5,금
2022-08-05,5호선,영등포시장,10261,10426,20687,-165,8,5,금
2022-08-05,5호선,영등포구청,4102,3897,7999,205,8,5,금
2022-08-05,5호선,양평,7228,6911,14139,317,8,5,금
2022-08-05,5호선,오목교(목동운동장앞),22370,23894,46264,-1524,8,5,금
2022-08-05,5호선,목동,16440,17416,33856,-976,8,5,금
2022-08-05,5호선,신정(은행정),13493,10790,24283,2703,8,5,금
2022-08-05,5호선,까치산,28356,26428,54784,1928,8,5,금
2022-08-05,5호선,화곡,28101,25608,53709,2493,8,5,금
2022-08-05,5호선,우장산,13827,13508,27335,319,8,5,금
2022-08-05,5호선,발산,19216,20748,39964,-1532,8,5,금
2022-08-05,5호선,마곡,10254,10478,20732,-224,8,5,금
2022-08-05,5호선,송정,6488,5895,12383,593,8,5,금
2022-08-05,5호선,김포공항,8647,8346,16993,301,8,5,금
2022-08-05,5호선,개화산,5637,5310,10947,327,8,5,금
2022-08-05,5호선,방화,6611,6169,12780,442,8,5,금
2022-08-05,4호선,남태령,1339,1014,2353,325,8,5,금
2022-08-05,4호선,사당,26049,21656,47705,4393,8,5,금
2022-08-05,4호선,총신대입구(이수),18962,20591,39553,-1629,8,5,금
2022-08-05,4호선,동작(현충원),1350,1417,2767,-67,8,5,금
2022-08-05,4호선,이촌(국립중앙박물관),9861,10731,20592,-870,8,5,금
2022-08-05,4호선,신용산,17299,18425,35724,-1126,8,5,금
2022-08-05,4호선,삼각지,5536,6427,11963,-891,8,5,금
2022-08-05,4호선,숙대입구(갈월),12774,12486,25260,288,8,5,금
2022-08-05,4호선,서울역,11542,19921,31463,-8379,8,5,금
2022-08-05,4호선,회현(남대문시장),24736,25855,50591,-1119,8,5,금
2022-08-05,4호선,명동,20949,21847,42796,-898,8,5,금
2022-08-05,4호선,충무로,25106,26715,51821,-1609,8,5,금
2022-08-05,4호선,동대문역사문화공원(DDP),16053,13731,29784,2322,8,5,금
2022-08-05,4호선,동대문,20362,20735,41097,-373,8,5,금
2022-08-05,4호선,혜화,34681,34953,69634,-272,8,5,금
2022-08-05,4호선,한성대입구(삼선교),12602,11860,24462,742,8,5,금
2022-08-05,4호선,성신여대입구(돈암),19784,18963,38747,821,8,5,금
2022-08-05,4호선,길음,19913,18929,38842,984,8,5,금
2022-08-05,4호선,미아사거리,26358,25656,52014,702,8,5,금
2022-08-05,4호선,미아(서울사이버대학),14075,13401,27476,674,8,5,금
2022-08-05,4호선,수유(강북구청),32968,33428,66396,-460,8,5,금
2022-08-05,4호선,쌍문,27954,25811,53765,2143,8,5,금
2022-08-05,4호선,창동,25141,26688,51829,-1547,8,5,금
2022-08-05,4호선,노원,18523,21506,40029,-2983,8,5,금
2022-08-05,4호선,상계,18069,16850,34919,1219,8,5,금
2022-08-05,4호선,당고개,8783,7824,16607,959,8,5,금
2022-08-05,3호선,오금,6210,5508,11718,702,8,5,금
2022-08-05,3호선,경찰병원,7411,7399,14810,12,8,5,금
2022-08-05,3호선,가락시장,9022,8449,17471,573,8,5,금
2022-08-05,3호선,수서,17628,17761,35389,-133,8,5,금
2022-08-05,3호선,일원,9902,9393,19295,509,8,5,금
2022-08-05,3호선,대청,9703,9042,18745,661,8,5,금
2022-08-05,3호선,학여울,2219,2201,4420,18,8,5,금
2022-08-05,3호선,대치,12295,11923,24218,372,8,5,금
2022-08-05,3호선,도곡,5074,4983,10057,91,8,5,금
2022-08-05,3호선,매봉,12278,11876,24154,402,8,5,금
2022-08-05,3호선,양재(서초구청),36148,38476,74624,-2328,8,5,금
2022-08-05,3호선,남부터미널(예술의전당),29153,29881,59034,-728,8,5,금
2022-08-05,3호선,교대(법원.검찰청),13574,8876,22450,4698,8,5,금
2022-08-05,3호선,고속터미널,47813,49568,97381,-1755,8,5,금
2022-08-05,3호선,잠원,4707,4585,9292,122,8,5,금
2022-08-05,3호선,신사,30046,32551,62597,-2505,8,5,금
2022-08-05,3호선,압구정,33149,35733,68882,-2584,8,5,금
2022-08-05,3호선,옥수,8929,9084,18013,-155,8,5,금
2022-08-05,3호선,금호,7889,7281,15170,608,8,5,금
2022-08-05,3호선,약수,12820,12285,25105,535,8,5,금
2022-08-05,3호선,동대입구,7971,8377,16348,-406,8,5,금
2022-08-05,3호선,충무로,1,0,1,1,8,5,금
2022-08-05,3호선,을지로3가,11182,11444,22626,-262,8,5,금
2022-08-05,3호선,종로3가,10691,12866,23557,-2175,8,5,금
2022-08-05,3호선,안국,22482,22896,45378,-414,8,5,금
2022-08-05,3호선,경복궁(정부서울청사),20462,20677,41139,-215,8,5,금
2022-08-05,3호선,독립문,6778,6687,13465,91,8,5,금
2022-08-05,3호선,무악재,3894,3748,7642,146,8,5,금
2022-08-05,3호선,홍제,17058,15894,32952,1164,8,5,금
2022-08-05,3호선,녹번,15061,13191,28252,1870,8,5,금
2022-08-05,3호선,불광,15660,16879,32539,-1219,8,5,금
2022-08-05,3호선,연신내,35545,33769,69314,1776,8,5,금
2022-08-05,3호선,구파발,20853,20055,40908,798,8,5,금
2022-08-05,3호선,지축,5061,4707,9768,354,8,5,금
2022-08-05,2호선,용두(동대문구청),2443,2395,4838,48,8,5,금
2022-08-05,2호선,신정네거리,10010,10255,20265,-245,8,5,금
2022-08-05,2호선,양천구청,6544,6536,13080,8,8,5,금
2022-08-05,2호선,도림천,1372,1405,2777,-33,8,5,금
2022-08-05,2호선,신설동,3576,3422,6998,154,8,5,금
2022-08-05,2호선,신답,1622,1802,3424,-180,8,5,금
2022-08-05,2호선,용답,2726,2502,5228,224,8,5,금
2022-08-05,2호선,충정로(경기대입구),9363,9846,19209,-483,8,5,금
2022-08-05,2호선,아현,10183,9441,19624,742,8,5,금
2022-08-05,2호선,이대,13451,13628,27079,-177,8,5,금
2022-08-05,2호선,신촌,35679,36114,71793,-435,8,5,금
2022-08-05,2호선,홍대입구,63796,71045,134841,-7249,8,5,금
2022-08-05,2호선,합정,33175,36627,69802,-3452,8,5,금
2022-08-05,2호선,당산,17521,20368,37889,-2847,8,5,금
2022-08-05,2호선,영등포구청,20935,21799,42734,-864,8,5,금
2022-08-05,2호선,문래,21695,22452,44147,-757,8,5,금
2022-08-05,2호선,신도림,47917,47792,95709,125,8,5,금
2022-08-05,2호선,대림(구로구청),23128,23518,46646,-390,8,5,금
2022-08-05,2호선,구로디지털단지,58633,58678,117311,-45,8,5,금
2022-08-05,2호선,신대방,25120,24052,49172,1068,8,5,금
2022-08-05,2호선,신림,58754,56510,115264,2244,8,5,금
2022-08-05,2호선,봉천,23852,21581,45433,2271,8,5,금
2022-08-05,2호선,서울대입구(관악구청),46923,44949,91872,1974,8,5,금
2022-08-05,2호선,낙성대(강감찬),28027,25795,53822,2232,8,5,금
2022-08-05,2호선,사당,38533,42216,80749,-3683,8,5,금
2022-08-05,2호선,방배,15447,15857,31304,-410,8,5,금
2022-08-05,2호선,서초,20278,19531,39809,747,8,5,금
2022-08-05,2호선,교대(법원.검찰청),31721,36041,67762,-4320,8,5,금
2022-08-05,2호선,강남,88357,86655,175012,1702,8,5,금
2022-08-05,2호선,역삼,51720,58107,109827,-6387,8,5,금
2022-08-05,2호선,선릉,57582,50545,108127,7037,8,5,금
2022-08-05,2호선,삼성(무역센터),56753,56923,113676,-170,8,5,금
2022-08-05,2호선,종합운동장,11826,13063,24889,-1237,8,5,금
2022-08-05,2호선,잠실새내,22152,22707,44859,-555,8,5,금
2022-08-05,2호선,잠실(송파구청),78628,77053,155681,1575,8,5,금
2022-08-05,2호선,잠실나루,14154,13617,27771,537,8,5,금
2022-08-05,2호선,강변(동서울터미널),33862,34324,68186,-462,8,5,금
2022-08-05,2호선,구의(광진구청),23456,22626,46082,830,8,5,금
2022-08-05,2호선,건대입구,35164,39882,75046,-4718,8,5,금
2022-08-05,2호선,성수,38036,41255,79291,-3219,8,5,금
2022-08-05,2호선,뚝섬,23004,24774,47778,-1770,8,5,금
2022-08-05,2호선,한양대,7029,7147,14176,-118,8,5,금
2022-08-05,2호선,왕십리(성동구청),16020,14103,30123,1917,8,5,금
2022-08-05,2호선,상왕십리,14280,13612,27892,668,8,5,금
2022-08-05,2호선,신당,13926,14492,28418,-566,8,5,금
2022-08-05,2호선,동대문역사문화공원(DDP),12845,14140,26985,-1295,8,5,금
2022-08-05,2호선,을지로4가,13892,13583,27475,309,8,5,금
2022-08-05,2호선,을지로3가,24241,24510,48751,-269,8,5,금
2022-08-05,2호선,을지로입구,42488,43458,85946,-970,8,5,금
2022-08-05,2호선,시청,24957,24499,49456,458,8,5,금
2022-08-05,1호선,동묘앞,7276,7360,14636,-84,8,5,금
2022-08-05,1호선,청량리(서울시립대입구),19302,19398,38700,-96,8,5,금
2022-08-05,1호선,제기동,16291,16302,32593,-11,8,5,금
2022-08-05,1호선,신설동,13283,12805,26088,478,8,5,금
2022-08-05,1호선,동대문,10918,9623,20541,1295,8,5,금
2022-08-05,1호선,종로5가,23023,22976,45999,47,8,5,금
2022-08-05,1호선,종로3가,26170,24557,50727,1613,8,5,금
2022-08-05,1호선,종각,38185,37503,75688,682,8,5,금
2022-08-05,1호선,시청,23395,23970,47365,-575,8,5,금
2022-08-05,1호선,서울역,49735,49242,98977,493,8,5,금
2022-08-05,장항선,쌍용(나사렛대),1876,1664,3540,212,8,5,금
2022-08-05,장항선,봉명,1185,1128,2313,57,8,5,금
2022-08-05,일산선,대화,12878,10221,23099,2657,8,5,금
2022-08-05,일산선,주엽,9218,9310,18528,-92,8,5,금
2022-08-05,일산선,정발산,7516,8051,15567,-535,8,5,금
2022-08-05,일산선,마두,7571,7620,15191,-49,8,5,금
2022-08-05,일산선,백석,9667,9746,19413,-79,8,5,금
2022-08-05,일산선,대곡,2057,1702,3759,355,8,5,금
2022-08-05,일산선,화정,16264,16753,33017,-489,8,5,금
2022-08-05,일산선,원당,10570,9862,20432,708,8,5,금
2022-08-05,일산선,삼송,19320,18464,37784,856,8,5,금
2022-08-05,일산선,지축,1,0,1,1,8,5,금
2022-08-05,일산선,원흥,10940,10190,21130,750,8,5,금
2022-08-05,우이신설선,신설동,2066,1942,4008,124,8,5,금
2022-08-05,우이신설선,보문,1462,1445,2907,17,8,5,금
2022-08-05,장항선,아산,3384,3326,6710,58,8,5,금
2022-08-05,7호선,상봉(시외버스터미널),16630,16002,32632,628,8,5,금
2022-08-06,일산선,삼송,13787,13004,26791,783,8,6,토
2022-08-06,일산선,원당,7548,7105,14653,443,8,6,토
2022-08-06,일산선,화정,12109,12385,24494,-276,8,6,토
2022-08-06,일산선,대곡,1335,1225,2560,110,8,6,토
2022-08-06,일산선,백석,6960,7000,13960,-40,8,6,토
2022-08-06,일산선,마두,4757,4710,9467,47,8,6,토
2022-08-06,일산선,정발산,5991,6337,12328,-346,8,6,토
2022-08-06,일산선,주엽,6450,6463,12913,-13,8,6,토
2022-08-06,일산선,대화,11834,11644,23478,190,8,6,토
2022-08-06,장항선,봉명,713,658,1371,55,8,6,토
2022-08-06,장항선,쌍용(나사렛대),1462,1334,2796,128,8,6,토
2022-08-06,과천선,경마공원,11404,11627,23031,-223,8,6,토
2022-08-06,중앙선,양수,2246,2269,4515,-23,8,6,토
2022-08-06,중앙선,신원,161,148,309,13,8,6,토
2022-08-06,중앙선,국수,561,575,1136,-14,8,6,토
2022-08-06,중앙선,아신,612,624,1236,-12,8,6,토
2022-08-06,중앙선,오빈,272,303,575,-31,8,6,토
2022-08-06,중앙선,양평,2644,2647,5291,-3,8,6,토
2022-08-06,중앙선,원덕,372,426,798,-54,8,6,토
2022-08-06,중앙선,용문,2492,2879,5371,-387,8,6,토
2022-08-06,중앙선,지평,75,79,154,-4,8,6,토
2022-08-06,중앙선,운길산,821,846,1667,-25,8,6,토
2022-08-06,중앙선,팔당,1063,1088,2151,-25,8,6,토
2022-08-06,중앙선,도심,1567,1276,2843,291,8,6,토
2022-08-06,중앙선,덕소,4082,4121,8203,-39,8,6,토
2022-08-06,중앙선,양정,515,453,968,62,8,6,토
2022-08-06,중앙선,도농,6959,6500,13459,459,8,6,토
2022-08-06,중앙선,구리,9372,9542,18914,-170,8,6,토
2022-08-06,중앙선,양원,1702,1582,3284,120,8,6,토
2022-08-06,중앙선,망우,6233,6079,12312,154,8,6,토
2022-08-06,중앙선,상봉(시외버스터미널),4633,4376,9009,257,8,6,토
2022-08-06,중앙선,중랑,4198,3912,8110,286,8,6,토
2022-08-06,중앙선,회기,18601,17022,35623,1579,8,6,토
2022-08-06,장항선,신창(순천향대),1012,972,1984,40,8,6,토
2022-08-06,1호선,서울역,32416,32367,64783,49,8,6,토
2022-08-06,1호선,시청,12599,13305,25904,-706,8,6,토
2022-08-06,1호선,종각,19765,18996,38761,769,8,6,토
2022-08-06,1호선,종로3가,20815,20031,40846,784,8,6,토
2022-08-06,1호선,종로5가,17455,17276,34731,179,8,6,토
2022-08-06,1호선,동대문,9273,8852,18125,421,8,6,토
2022-08-06,1호선,신설동,8805,8435,17240,370,8,6,토
2022-08-06,1호선,제기동,13709,13933,27642,-224,8,6,토
2022-08-06,1호선,청량리(서울시립대입구),17133,17186,34319,-53,8,6,토
2022-08-06,1호선,동묘앞,10156,10233,20389,-77,8,6,토
2022-08-06,2호선,시청,9968,9508,19476,460,8,6,토
2022-08-06,2호선,을지로입구,21485,21387,42872,98,8,6,토
2022-08-06,2호선,을지로3가,10099,10198,20297,-99,8,6,토
2022-08-06,2호선,을지로4가,6983,7166,14149,-183,8,6,토
2022-08-06,2호선,동대문역사문화공원(DDP),10192,11455,21647,-1263,8,6,토
2022-08-06,2호선,신당,10253,10530,20783,-277,8,6,토
2022-08-06,2호선,상왕십리,9181,8569,17750,612,8,6,토
2022-08-06,2호선,왕십리(성동구청),12025,10648,22673,1377,8,6,토
2022-08-06,2호선,한양대,3393,3469,6862,-76,8,6,토
2022-08-06,2호선,뚝섬,12915,13208,26123,-293,8,6,토
2022-08-06,2호선,성수,19374,21867,41241,-2493,8,6,토
2022-08-06,2호선,건대입구,31048,35024,66072,-3976,8,6,토
2022-08-06,2호선,구의(광진구청),15090,14335,29425,755,8,6,토
2022-08-06,2호선,강변(동서울터미널),26203,27156,53359,-953,8,6,토
2022-08-06,2호선,잠실나루,6999,6811,13810,188,8,6,토
2022-08-06,2호선,잠실(송파구청),63773,61185,124958,2588,8,6,토
2022-08-06,2호선,잠실새내,16088,16796,32884,-708,8,6,토
2022-08-06,2호선,종합운동장,9800,10738,20538,-938,8,6,토
2022-08-06,2호선,삼성(무역센터),31854,31346,63200,508,8,6,토
2022-08-06,2호선,선릉,22119,19130,41249,2989,8,6,토
2022-08-06,2호선,역삼,15978,17628,33606,-1650,8,6,토
2022-08-06,2호선,강남,55874,55729,111603,145,8,6,토
2022-08-06,2호선,교대(법원.검찰청),15442,17525,32967,-2083,8,6,토
2022-08-06,2호선,서초,9357,8065,17422,1292,8,6,토
2022-08-06,2호선,방배,8959,9279,18238,-320,8,6,토
2022-08-06,2호선,사당,28664,31585,60249,-2921,8,6,토
2022-08-06,2호선,낙성대(강감찬),19795,17762,37557,2033,8,6,토
2022-08-06,2호선,서울대입구(관악구청),33974,32321,66295,1653,8,6,토
2022-08-06,2호선,봉천,16509,14821,31330,1688,8,6,토
2022-08-06,2호선,신림,44500,42033,86533,2467,8,6,토
2022-08-06,2호선,신대방,18509,17203,35712,1306,8,6,토
2022-08-06,2호선,구로디지털단지,31891,30946,62837,945,8,6,토
2022-08-06,2호선,대림(구로구청),17081,17830,34911,-749,8,6,토
2022-08-06,2호선,신도림,35857,35886,71743,-29,8,6,토
2022-08-06,2호선,문래,11079,11802,22881,-723,8,6,토
2022-08-06,2호선,영등포구청,10478,10934,21412,-456,8,6,토
2022-08-06,2호선,당산,10331,11280,21611,-949,8,6,토
2022-08-06,2호선,합정,27750,31918,59668,-4168,8,6,토
2022-08-06,2호선,홍대입구,64508,72296,136804,-7788,8,6,토
2022-08-06,2호선,신촌,29692,29998,59690,-306,8,6,토
2022-08-06,2호선,이대,10041,10357,20398,-316,8,6,토
2022-08-06,2호선,아현,6919,6517,13436,402,8,6,토
2022-08-06,2호선,충정로(경기대입구),4679,4804,9483,-125,8,6,토
2022-08-06,2호선,용답,2049,1846,3895,203,8,6,토
2022-08-06,2호선,신답,958,996,1954,-38,8,6,토
2022-08-06,2호선,신설동,3142,3099,6241,43,8,6,토
2022-08-06,2호선,도림천,796,822,1618,-26,8,6,토
2022-08-06,2호선,양천구청,4163,4091,8254,72,8,6,토
2022-08-06,2호선,신정네거리,6738,6739,13477,-1,8,6,토
2022-08-06,2호선,용두(동대문구청),1611,1544,3155,67,8,6,토
2022-08-06,3호선,지축,3410,3129,6539,281,8,6,토
2022-08-06,3호선,구파발,14868,15259,30127,-391,8,6,토
2022-08-06,3호선,연신내,27213,25277,52490,1936,8,6,토
2022-08-06,3호선,불광,11700,13352,25052,-1652,8,6,토
2022-08-06,3호선,녹번,9776,8271,18047,1505,8,6,토
2022-08-06,3호선,홍제,11956,11101,23057,855,8,6,토
2022-08-06,3호선,무악재,2520,2504,5024,16,8,6,토
2022-08-06,3호선,독립문,5219,5187,10406,32,8,6,토
2022-08-06,3호선,경복궁(정부서울청사),15332,16695,32027,-1363,8,6,토
2022-08-06,3호선,안국,14083,15284,29367,-1201,8,6,토
2022-08-06,3호선,종로3가,5711,7944,13655,-2233,8,6,토
2022-08-06,3호선,을지로3가,4764,4748,9512,16,8,6,토
2022-08-06,3호선,충무로,3,0,3,3,8,6,토
2022-08-06,3호선,동대입구,6048,6796,12844,-748,8,6,토
2022-08-06,3호선,약수,8581,8104,16685,477,8,6,토
2022-08-06,3호선,금호,5184,4664,9848,520,8,6,토
2022-08-06,3호선,옥수,6191,6269,12460,-78,8,6,토
2022-08-06,3호선,압구정,22344,24051,46395,-1707,8,6,토
2022-08-06,3호선,신사,20504,21701,42205,-1197,8,6,토
2022-08-06,3호선,잠원,2938,2810,5748,128,8,6,토
2022-08-06,3호선,고속터미널,46662,47100,93762,-438,8,6,토
2022-08-06,3호선,교대(법원.검찰청),6478,4000,10478,2478,8,6,토
2022-08-06,3호선,남부터미널(예술의전당),18752,18580,37332,172,8,6,토
2022-08-06,3호선,양재(서초구청),16640,18044,34684,-1404,8,6,토
2022-08-06,3호선,매봉,5448,5422,10870,26,8,6,토
2022-08-06,3호선,도곡,2802,2664,5466,138,8,6,토
2022-08-06,3호선,대치,11024,9590,20614,1434,8,6,토
2022-08-06,3호선,학여울,1374,1438,2812,-64,8,6,토
2022-08-06,3호선,대청,5374,5008,10382,366,8,6,토
2022-08-06,3호선,일원,4864,4704,9568,160,8,6,토
2022-08-06,3호선,수서,12766,12676,25442,90,8,6,토
2022-08-06,3호선,가락시장,5081,4926,10007,155,8,6,토
2022-08-06,3호선,경찰병원,3802,3664,7466,138,8,6,토
2022-08-06,3호선,오금,3463,3222,6685,241,8,6,토
2022-08-06,4호선,당고개,6893,6430,13323,463,8,6,토
2022-08-06,4호선,상계,12997,11820,24817,1177,8,6,토
2022-08-06,4호선,노원,14706,16741,31447,-2035,8,6,토
2022-08-06,4호선,창동,18373,19287,37660,-914,8,6,토
2022-08-06,4호선,쌍문,19746,17411,37157,2335,8,6,토
2022-08-06,4호선,수유(강북구청),25006,24482,49488,524,8,6,토
2022-08-06,4호선,미아(서울사이버대학),10293,9373,19666,920,8,6,토
2022-08-06,4호선,미아사거리,20389,19023,39412,1366,8,6,토
2022-08-06,4호선,길음,13911,12817,26728,1094,8,6,토
2022-08-06,4호선,성신여대입구(돈암),15372,14574,29946,798,8,6,토
2022-08-06,4호선,한성대입구(삼선교),9390,8950,18340,440,8,6,토
2022-08-06,4호선,혜화,27484,29156,56640,-1672,8,6,토
2022-08-06,4호선,동대문,12800,13282,26082,-482,8,6,토
2022-08-06,4호선,동대문역사문화공원(DDP),11416,9852,21268,1564,8,6,토
2022-08-06,4호선,충무로,11268,12605,23873,-1337,8,6,토
2022-08-06,4호선,명동,14508,16158,30666,-1650,8,6,토
2022-08-06,4호선,회현(남대문시장),16531,17222,33753,-691,8,6,토
2022-08-06,4호선,서울역,5649,13721,19370,-8072,8,6,토
2022-08-06,4호선,숙대입구(갈월),9383,9126,18509,257,8,6,토
2022-08-06,4호선,삼각지,3598,4687,8285,-1089,8,6,토
2022-08-06,4호선,신용산,11053,12032,23085,-979,8,6,토
2022-08-06,4호선,이촌(국립중앙박물관),8989,9339,18328,-350,8,6,토
2022-08-06,4호선,동작(현충원),969,988,1957,-19,8,6,토
2022-08-06,4호선,총신대입구(이수),13098,14251,27349,-1153,8,6,토
2022-08-06,4호선,사당,19940,17303,37243,2637,8,6,토
2022-08-06,4호선,남태령,1105,731,1836,374,8,6,토
2022-08-06,5호선,방화,4377,4063,8440,314,8,6,토
2022-08-06,5호선,개화산,3615,3339,6954,276,8,6,토
2022-08-06,5호선,김포공항,7570,7965,15535,-395,8,6,토
2022-08-06,5호선,송정,4483,4245,8728,238,8,6,토
2022-08-06,5호선,마곡,5218,5312,10530,-94,8,6,토
2022-08-06,5호선,발산,11150,12506,23656,-1356,8,6,토
2022-08-06,5호선,우장산,9186,8936,18122,250,8,6,토
2022-08-06,5호선,화곡,18983,17249,36232,1734,8,6,토
2022-08-06,5호선,까치산,19350,17976,37326,1374,8,6,토
2022-08-06,5호선,신정(은행정),8480,7088,15568,1392,8,6,토
2022-08-06,5호선,목동,10305,10294,20599,11,8,6,토
2022-08-06,5호선,오목교(목동운동장앞),15677,16046,31723,-369,8,6,토
2022-08-06,5호선,양평,3422,3172,6594,250,8,6,토
2022-08-06,장항선,온양온천,3462,3599,7061,-137,8,6,토
2022-08-06,장항선,배방,942,899,1841,43,8,6,토
2022-08-06,장항선,탕정,731,605,1336,126,8,6,토
2022-08-06,장항선,아산,2705,2540,5245,165,8,6,토
2022-08-06,5호선,영등포구청,1865,1727,3592,138,8,6,토
2022-08-06,5호선,영등포시장,7163,7285,14448,-122,8,6,토
2022-08-06,5호선,신길,2555,2493,5048,62,8,6,토
2022-08-06,5호선,여의도,11366,11745,23111,-379,8,6,토
2022-08-06,5호선,여의나루,8975,11027,20002,-2052,8,6,토
2022-08-06,5호선,마포,6819,6887,13706,-68,8,6,토
2022-08-06,5호선,공덕,6496,6835,13331,-339,8,6,토
2022-08-06,5호선,애오개,3391,3210,6601,181,8,6,토
2022-08-06,5호선,충정로(경기대입구),1794,1704,3498,90,8,6,토
2022-08-06,5호선,서대문,6802,6713,13515,89,8,6,토
2022-08-06,5호선,광화문(세종문화회관),21966,21279,43245,687,8,6,토
2022-08-06,5호선,종로3가,11188,11585,22773,-397,8,6,토
2022-08-06,5호선,을지로4가,3032,3356,6388,-324,8,6,토
2022-08-06,5호선,동대문역사문화공원(DDP),1113,1437,2550,-324,8,6,토
2022-08-06,5호선,청구,2310,2132,4442,178,8,6,토
2022-08-06,5호선,신금호,3747,3780,7527,-33,8,6,토
2022-08-06,5호선,행당,4986,4212,9198,774,8,6,토
2022-08-06,5호선,왕십리(성동구청),3129,3911,7040,-782,8,6,토
2022-08-06,5호선,마장,3501,3240,6741,261,8,6,토
2022-08-06,5호선,답십리,9605,8465,18070,1140,8,6,토
2022-08-06,5호선,장한평,10556,10114,20670,442,8,6,토
2022-08-06,5호선,군자(능동),7812,8642,16454,-830,8,6,토
2022-08-06,5호선,아차산(어린이대공원후문),10414,9818,20232,596,8,6,토
2022-08-06,5호선,광나루(장신대),9496,9091,18587,405,8,6,토
2022-08-06,5호선,천호(풍납토성),16142,15427,31569,715,8,6,토
2022-08-06,5호선,강동,11981,11238,23219,743,8,6,토
2022-08-06,5호선,길동,5626,5873,11499,-247,8,6,토
2022-08-06,5호선,굽은다리(강동구민회관앞),6982,6483,13465,499,8,6,토
2022-08-06,5호선,명일,5790,5674,11464,116,8,6,토
2022-08-06,5호선,고덕,6253,5980,12233,273,8,6,토
2022-08-06,5호선,상일동,8591,7983,16574,608,8,6,토
2022-08-06,5호선,둔촌동,5526,5475,11001,51,8,6,토
2022-08-06,5호선,올림픽공원(한국체대),4442,4168,8610,274,8,6,토
2022-08-06,5호선,방이,5094,4876,9970,218,8,6,토
2022-08-06,5호선,오금,2485,2284,4769,201,8,6,토
2022-08-06,5호선,개롱,3889,4013,7902,-124,8,6,토
2022-08-06,5호선,거여,5870,5453,11323,417,8,6,토
2022-08-06,5호선,마천,4284,4359,8643,-75,8,6,토
2022-08-06,5호선,강일,3087,2796,5883,291,8,6,토
2022-08-06,5호선,미사,11374,11445,22819,-71,8,6,토
2022-08-06,5호선,하남풍산,2669,2646,5315,23,8,6,토
2022-08-06,5호선,하남시청(덕풍·신장),5162,4902,10064,260,8,6,토
2022-08-06,5호선,하남검단산,5101,4947,10048,154,8,6,토
2022-08-06,6호선,응암,11586,11175,22761,411,8,6,토
2022-08-06,6호선,역촌,2558,2712,5270,-154,8,6,토
2022-08-06,6호선,불광,3646,3226,6872,420,8,6,토
2022-08-06,6호선,독바위,1874,2043,3917,-169,8,6,토
2022-08-06,6호선,연신내,1,0,1,1,8,6,토
2022-08-06,6호선,구산,4983,3837,8820,1146,8,6,토
2022-08-06,6호선,새절(신사),8097,7475,15572,622,8,6,토
2022-08-06,6호선,증산(명지대앞),6665,6468,13133,197,8,6,토
2022-08-06,6호선,디지털미디어시티,7114,7288,14402,-174,8,6,토
2022-08-06,6호선,월드컵경기장(성산),4100,4186,8286,-86,8,6,토
2022-08-06,6호선,마포구청,8808,7474,16282,1334,8,6,토
2022-08-06,6호선,망원,11924,12913,24837,-989,8,6,토
2022-08-06,6호선,합정,11913,11528,23441,385,8,6,토
2022-08-06,6호선,상수,8469,10977,19446,-2508,8,6,토
2022-08-06,6호선,광흥창(서강),4949,4435,9384,514,8,6,토
2022-08-06,6호선,대흥(서강대앞),5327,5302,10629,25,8,6,토
2022-08-06,6호선,공덕,9169,8706,17875,463,8,6,토
2022-08-06,6호선,효창공원앞,4417,3874,8291,543,8,6,토
2022-08-06,6호선,삼각지,5382,4155,9537,1227,8,6,토
2022-08-06,6호선,녹사평(용산구청),4228,4866,9094,-638,8,6,토
2022-08-06,6호선,이태원,12760,16937,29697,-4177,8,6,토
2022-08-06,6호선,한강진,8172,10077,18249,-1905,8,6,토
2022-08-06,6호선,버티고개,1473,1555,3028,-82,8,6,토
2022-08-06,6호선,약수,2402,2430,4832,-28,8,6,토
2022-08-06,6호선,청구,2192,2121,4313,71,8,6,토
2022-08-06,6호선,신당,5875,5573,11448,302,8,6,토
2022-08-06,6호선,동묘앞,6416,6029,12445,387,8,6,토
2022-08-06,6호선,창신,1959,1659,3618,300,8,6,토
2022-08-06,6호선,보문,4790,4041,8831,749,8,6,토
2022-08-06,6호선,안암(고대병원앞),5904,5461,11365,443,8,6,토
2022-08-06,6호선,고려대(종암),5097,4638,9735,459,8,6,토
2022-08-06,6호선,월곡(동덕여대),7131,6820,13951,311,8,6,토
2022-08-06,6호선,상월곡(한국과학기술연구원),3928,3454,7382,474,8,6,토
2022-08-06,6호선,돌곶이,5760,5201,10961,559,8,6,토
2022-08-06,6호선,석계,8143,8192,16335,-49,8,6,토
2022-08-06,6호선,태릉입구,3965,3901,7866,64,8,6,토
2022-08-06,6호선,화랑대(서울여대입구),6137,4960,11097,1177,8,6,토
2022-08-06,6호선,봉화산(서울의료원),5018,4736,9754,282,8,6,토
2022-08-06,7호선,장암,1846,1271,3117,575,8,6,토
2022-08-06,7호선,도봉산,5802,7743,13545,-1941,8,6,토
2022-08-06,7호선,수락산,9825,9702,19527,123,8,6,토
2022-08-06,7호선,마들,8587,7889,16476,698,8,6,토
2022-08-06,7호선,노원,15246,15801,31047,-555,8,6,토
2022-08-06,7호선,중계,8714,7611,16325,1103,8,6,토
2022-08-06,7호선,하계,11361,10342,21703,1019,8,6,토
2022-08-06,7호선,공릉(서울과학기술대),7718,7324,15042,394,8,6,토
2022-08-06,7호선,태릉입구,6036,5566,11602,470,8,6,토
2022-08-06,7호선,먹골,6945,6690,13635,255,8,6,토
2022-08-06,7호선,중화,7203,6710,13913,493,8,6,토
2022-08-06,7호선,상봉(시외버스터미널),12208,11565,23773,643,8,6,토
2022-08-06,7호선,면목,10438,9851,20289,587,8,6,토
2022-08-06,7호선,사가정,11108,10614,21722,494,8,6,토
2022-08-06,7호선,용마산(용마폭포공원),4141,4047,8188,94,8,6,토
2022-08-06,7호선,중곡,6491,5997,12488,494,8,6,토
2022-08-06,7호선,군자(능동),10163,7666,17829,2497,8,6,토
2022-08-06,7호선,어린이대공원(세종대),10713,10212,20925,501,8,6,토
2022-08-06,7호선,건대입구,10618,10997,21615,-379,8,6,토
2022-08-06,7호선,뚝섬유원지,6990,6535,13525,455,8,6,토
2022-08-06,7호선,청담,9816,10709,20525,-893,8,6,토
2022-08-06,7호선,강남구청,8467,9458,17925,-991,8,6,토
2022-08-06,7호선,학동,8898,9403,18301,-505,8,6,토
2022-08-06,7호선,논현,9088,9973,19061,-885,8,6,토
2022-08-06,7호선,반포,4203,4077,8280,126,8,6,토
2022-08-06,7호선,고속터미널,13756,10049,23805,3707,8,6,토
2022-08-06,7호선,내방,7246,7072,14318,174,8,6,토
2022-08-06,7호선,이수,11429,10831,22260,598,8,6,토
2022-08-06,7호선,남성,7270,6487,13757,783,8,6,토
2022-08-06,7호선,숭실대입구(살피재),7311,7047,14358,264,8,6,토
2022-08-06,7호선,상도,7301,6608,13909,693,8,6,토
2022-08-06,7호선,장승배기,6001,5639,11640,362,8,6,토
2022-08-06,7호선,신대방삼거리,10080,9293,19373,787,8,6,토
2022-08-06,7호선,보라매,5212,4909,10121,303,8,6,토
2022-08-06,7호선,신풍,7616,7280,14896,336,8,6,토
2022-08-06,7호선,대림(구로구청),7062,7609,14671,-547,8,6,토
2022-08-06,7호선,남구로,7999,8147,16146,-148,8,6,토
2022-08-06,7호선,가산디지털단지,12668,11294,23962,1374,8,6,토
2022-08-06,7호선,철산,14172,14223,28395,-51,8,6,토
2022-08-06,7호선,광명사거리,15691,15706,31397,-15,8,6,토
2022-08-06,7호선,천왕,6442,5977,12419,465,8,6,토
2022-08-06,7호선,온수(성공회대입구),5195,5134,10329,61,8,6,토
2022-08-06,8호선,암사,11701,10483,22184,1218,8,6,토
2022-08-06,8호선,천호(풍납토성),11067,12998,24065,-1931,8,6,토
2022-08-06,8호선,강동구청,5608,5622,11230,-14,8,6,토
2022-08-06,8호선,몽촌토성(평화의문),4106,3962,8068,144,8,6,토
2022-08-06,8호선,잠실(송파구청),13333,15562,28895,-2229,8,6,토
2022-08-06,8호선,석촌,5400,6478,11878,-1078,8,6,토
2022-08-06,8호선,송파,6229,5931,12160,298,8,6,토
2022-08-06,8호선,가락시장,4226,4662,8888,-436,8,6,토
2022-08-06,8호선,문정,7327,7367,14694,-40,8,6,토
2022-08-06,8호선,장지,11354,10617,21971,737,8,6,토
2022-08-06,8호선,복정,5347,4536,9883,811,8,6,토
2022-08-06,8호선,산성,3810,3759,7569,51,8,6,토
2022-08-06,8호선,남한산성입구(성남법원.검찰청),8471,7331,15802,1140,8,6,토
2022-08-06,8호선,단대오거리,7007,6559,13566,448,8,6,토
2022-08-06,8호선,신흥,3612,3958,7570,-346,8,6,토
2022-08-06,8호선,수진,4237,3622,7859,615,8,6,토
2022-08-06,8호선,모란,3457,3072,6529,385,8,6,토
2022-08-06,8호선,남위례,3237,3303,6540,-66,8,6,토
2022-08-06,9호선,개화,1217,1072,2289,145,8,6,토
2022-08-06,9호선,김포공항,7776,11389,19165,-3613,8,6,토
2022-08-06,9호선,공항시장,2242,2347,4589,-105,8,6,토
2022-08-06,9호선,신방화,4476,4244,8720,232,8,6,토
2022-08-06,9호선,마곡나루(서울식물원),7400,7265,14665,135,8,6,토
2022-08-06,9호선,양천향교,5249,5136,10385,113,8,6,토
2022-08-06,9호선,가양,13205,12556,25761,649,8,6,토
2022-08-06,9호선,증미,3876,3726,7602,150,8,6,토
2022-08-06,9호선,등촌,6734,6449,13183,285,8,6,토
2022-08-06,9호선,염창,10950,10047,20997,903,8,6,토
2022-08-06,9호선,신목동,2159,1798,3957,361,8,6,토
2022-08-06,9호선,선유도,3447,3163,6610,284,8,6,토
2022-08-06,9호선,당산,11982,11212,23194,770,8,6,토
2022-08-06,9호선,국회의사당,3569,3587,7156,-18,8,6,토
2022-08-06,9호선,여의도,12470,11479,23949,991,8,6,토
2022-08-06,9호선,샛강,2699,2608,5307,91,8,6,토
2022-08-06,9호선,노량진,19683,19017,38700,666,8,6,토
2022-08-06,9호선,노들,3095,2541,5636,554,8,6,토
2022-08-06,9호선,흑석(중앙대입구),5464,5316,10780,148,8,6,토
2022-08-06,9호선,동작(현충원),1403,1255,2658,148,8,6,토
2022-08-06,9호선,구반포,646,646,1292,0,8,6,토
2022-08-06,9호선,신반포,2530,2398,4928,132,8,6,토
2022-08-06,9호선,고속터미널,12314,18218,30532,-5904,8,6,토
2022-08-06,9호선,사평,2278,2165,4443,113,8,6,토
2022-08-06,9호선,신논현,22859,23278,46137,-419,8,6,토
2022-08-06,9호선2~3단계,언주,5819,5641,11460,178,8,6,토
2022-08-06,9호선2~3단계,선정릉,4191,4540,8731,-349,8,6,토
2022-08-06,9호선2~3단계,삼성중앙,3122,3353,6475,-231,8,6,토
2022-08-06,9호선2~3단계,봉은사,13665,14116,27781,-451,8,6,토
2022-08-06,9호선2~3단계,종합운동장,2938,2826,5764,112,8,6,토
2022-08-06,9호선2~3단계,삼전,4722,4352,9074,370,8,6,토
2022-08-06,9호선2~3단계,석촌고분,4405,4156,8561,249,8,6,토
2022-08-06,9호선2~3단계,석촌,6385,5213,11598,1172,8,6,토
2022-08-06,9호선2~3단계,송파나루,4399,4751,9150,-352,8,6,토
2022-08-06,9호선2~3단계,한성백제,1925,1612,3537,313,8,6,토
2022-08-06,9호선2~3단계,올림픽공원(한국체대),9914,10054,19968,-140,8,6,토
2022-08-06,9호선2~3단계,둔촌오륜,555,581,1136,-26,8,6,토
2022-08-06,9호선2~3단계,중앙보훈병원,4708,4403,9111,305,8,6,토
2022-08-06,경강선,판교,3139,3066,6205,73,8,6,토
2022-08-06,경강선,이매,818,656,1474,162,8,6,토
2022-08-06,경강선,삼동,1407,1302,2709,105,8,6,토
2022-08-06,경강선,경기광주,5224,4866,10090,358,8,6,토
2022-08-06,경강선,초월,2125,1870,3995,255,8,6,토
2022-08-06,경강선,곤지암,1776,1925,3701,-149,8,6,토
2022-08-06,경강선,신둔도예촌,1229,1190,2419,39,8,6,토
2022-08-06,경강선,이천,2893,3006,5899,-113,8,6,토
2022-08-06,경강선,부발,2176,1824,4000,352,8,6,토
2022-08-06,경강선,세종대왕릉,348,362,710,-14,8,6,토
2022-08-06,경강선,여주,2486,2713,5199,-227,8,6,토
2022-08-06,경부선,서울역,7950,2073,10023,5877,8,6,토
2022-08-06,경부선,남영,6040,6012,12052,28,8,6,토
2022-08-06,경부선,용산,37640,40329,77969,-2689,8,6,토
2022-08-06,경부선,노량진,6925,6047,12972,878,8,6,토
2022-08-06,경부선,대방,6105,6568,12673,-463,8,6,토
2022-08-06,경부선,영등포,39768,41517,81285,-1749,8,6,토
2022-08-06,경부선,신도림,2500,2680,5180,-180,8,6,토
2022-08-06,경부선,신길,5380,4414,9794,966,8,6,토
2022-08-06,경부선,구로,11706,12237,23943,-531,8,6,토
2022-08-06,경부선,가산디지털단지,5567,7317,12884,-1750,8,6,토
2022-08-06,경부선,금천구청,7290,7304,14594,-14,8,6,토
2022-08-06,경부선,석수,6015,5612,11627,403,8,6,토
2022-08-06,경부선,관악,5352,5122,10474,230,8,6,토
2022-08-06,경부선,안양,16331,16254,32585,77,8,6,토
2022-08-06,경부선,명학,4215,3767,7982,448,8,6,토
2022-08-06,경부선,금정,18362,18502,36864,-140,8,6,토
2022-08-06,경부선,군포,3759,3376,7135,383,8,6,토
2022-08-06,경부선,의왕,5420,5238,10658,182,8,6,토
2022-08-06,경부선,성균관대,9592,9488,19080,104,8,6,토
2022-08-06,경부선,화서,5133,5075,10208,58,8,6,토
2022-08-06,경부선,수원,36059,38949,75008,-2890,8,6,토
2022-08-06,경부선,독산,8101,7732,15833,369,8,6,토
2022-08-06,경부선,세류,2248,2341,4589,-93,8,6,토
2022-08-06,경부선,병점,11665,11396,23061,269,8,6,토
2022-08-06,경부선,세마,2045,1805,3850,240,8,6,토
2022-08-06,경부선,오산대,2600,2327,4927,273,8,6,토
2022-08-06,경부선,오산,8767,8149,16916,618,8,6,토
2022-08-06,경부선,진위,1032,879,1911,153,8,6,토
2022-08-06,경부선,송탄,4791,4298,9089,493,8,6,토
2022-08-06,경부선,서정리,6910,5561,12471,1349,8,6,토
2022-08-06,경부선,평택지제,3532,3060,6592,472,8,6,토
2022-08-06,경부선,평택,12772,12565,25337,207,8,6,토
2022-08-06,경부선,성환,2829,2628,5457,201,8,6,토
2022-08-06,경부선,직산,653,602,1255,51,8,6,토
2022-08-06,경부선,두정,4930,5144,10074,-214,8,6,토
2022-08-06,경부선,천안,5921,6180,12101,-259,8,6,토
2022-08-06,경부선,당정,3724,3365,7089,359,8,6,토
2022-08-06,경부선,서동탄,929,989,1918,-60,8,6,토
2022-08-06,경부선,광명,2691,2360,5051,331,8,6,토
2022-08-06,경원선,이촌(국립중앙박물관),2807,2039,4846,768,8,6,토
2022-08-06,경원선,서빙고,1293,1213,2506,80,8,6,토
2022-08-06,경원선,한남,2427,2378,4805,49,8,6,토
2022-08-06,경원선,옥수,43,27,70,16,8,6,토
2022-08-06,경원선,응봉,1292,1112,2404,180,8,6,토
2022-08-06,경원선,왕십리(성동구청),12100,13866,25966,-1766,8,6,토
2022-08-06,경원선,청량리(서울시립대입구),16287,17117,33404,-830,8,6,토
2022-08-06,경원선,외대앞,5706,5367,11073,339,8,6,토
2022-08-06,경원선,신이문,5826,4811,10637,1015,8,6,토
2022-08-06,경원선,석계,6338,6531,12869,-193,8,6,토
2022-08-06,경원선,광운대,4780,4751,9531,29,8,6,토
2022-08-06,경원선,월계,4392,4017,8409,375,8,6,토
2022-08-06,경원선,녹천,3110,2596,5706,514,8,6,토
2022-08-06,경원선,방학,7233,6919,14152,314,8,6,토
2022-08-06,경원선,도봉,4114,3812,7926,302,8,6,토
2022-08-06,경원선,도봉산,7484,5250,12734,2234,8,6,토
2022-08-06,경원선,망월사,5769,5606,11375,163,8,6,토
2022-08-06,경원선,회룡,9112,8906,18018,206,8,6,토
2022-08-06,경원선,의정부,16515,17558,34073,-1043,8,6,토
2022-08-06,경원선,가능,4933,4608,9541,325,8,6,토
2022-08-06,경원선,녹양,3292,3273,6565,19,8,6,토
2022-08-06,경원선,양주,5988,5865,11853,123,8,6,토
2022-08-06,경원선,덕계,2479,2228,4707,251,8,6,토
2022-08-06,경원선,덕정,4093,3742,7835,351,8,6,토
2022-08-06,경원선,지행,5462,5300,10762,162,8,6,토
2022-08-06,경원선,동두천중앙,2487,2556,5043,-69,8,6,토
2022-08-06,경원선,보산,1653,1564,3217,89,8,6,토
2022-08-06,경원선,동두천,1695,2028,3723,-333,8,6,토
2022-08-06,경원선,소요산,4621,3992,8613,629,8,6,토
2022-08-06,경의선,서울역,1403,1465,2868,-62,8,6,토
2022-08-06,경의선,신촌,324,416,740,-92,8,6,토
2022-08-06,경의선,효창공원앞,1768,1766,3534,2,8,6,토
2022-08-06,경의선,공덕,2509,1982,4491,527,8,6,토
2022-08-06,경의선,서강대,1634,1530,3164,104,8,6,토
2022-08-06,경의선,홍대입구,1936,2535,4471,-599,8,6,토
2022-08-06,경의선,가좌,3694,3632,7326,62,8,6,토
2022-08-06,경의선,디지털미디어시티,1940,1629,3569,311,8,6,토
2022-08-06,경의선,수색,1531,1425,2956,106,8,6,토
2022-08-06,경의선,화전,996,897,1893,99,8,6,토
2022-08-06,경의선,강매,1821,1634,3455,187,8,6,토
2022-08-06,경의선,행신,5409,5321,10730,88,8,6,토
2022-08-06,경의선,능곡,2556,2530,5086,26,8,6,토
2022-08-06,경의선,곡산,380,405,785,-25,8,6,토
2022-08-06,경의선,백마,4123,3975,8098,148,8,6,토
2022-08-06,경의선,풍산,4055,3874,7929,181,8,6,토
2022-08-06,경의선,일산,5834,5517,11351,317,8,6,토
2022-08-06,경의선,탄현,5140,4935,10075,205,8,6,토
2022-08-06,경의선,야당,5960,6125,12085,-165,8,6,토
2022-08-06,경의선,운정,4694,4260,8954,434,8,6,토
2022-08-06,경의선,금릉,3611,3431,7042,180,8,6,토
2022-08-06,경의선,금촌,5507,5378,10885,129,8,6,토
2022-08-06,경의선,월롱,1873,1515,3388,358,8,6,토
2022-08-06,경의선,파주,785,575,1360,210,8,6,토
2022-08-06,경의선,문산,4834,4496,9330,338,8,6,토
2022-08-06,경의선,임진강,74,58,132,16,8,6,토
2022-08-06,경인선,개봉,14791,14384,29175,407,8,6,토
2022-08-06,경인선,오류동,8088,7441,15529,647,8,6,토
2022-08-06,경인선,역곡,18520,18267,36787,253,8,6,토
2022-08-06,경인선,부천,26876,27570,54446,-694,8,6,토
2022-08-06,경인선,송내,16989,16588,33577,401,8,6,토
2022-08-06,경인선,부평,26959,29782,56741,-2823,8,6,토
2022-08-06,경인선,백운,5269,5061,10330,208,8,6,토
2022-08-06,경인선,동암,12247,12344,24591,-97,8,6,토
2022-08-06,경인선,주안,14623,13012,27635,1611,8,6,토
2022-08-06,경인선,제물포,6742,6385,13127,357,8,6,토
2022-08-06,경인선,동인천,11059,10868,21927,191,8,6,토
2022-08-06,경인선,인천,4517,3857,8374,660,8,6,토
2022-08-06,경인선,구일,4070,3760,7830,310,8,6,토
2022-08-06,경인선,소사,6260,6183,12443,77,8,6,토
2022-08-06,경인선,부개,6122,5640,11762,482,8,6,토
2022-08-06,경인선,간석,4062,3806,7868,256,8,6,토
2022-08-06,경인선,도원,2015,1954,3969,61,8,6,토
2022-08-06,경인선,온수(성공회대입구),4531,4172,8703,359,8,6,토
2022-08-06,경인선,중동,6127,5710,11837,417,8,6,토
2022-08-06,경인선,도화,2982,2752,5734,230,8,6,토
2022-08-06,경춘선,신내,1253,1185,2438,68,8,6,토
2022-08-06,경춘선,갈매,1787,1560,3347,227,8,6,토
2022-08-06,경춘선,별내,2160,2000,4160,160,8,6,토
2022-08-06,경춘선,퇴계원,2279,2080,4359,199,8,6,토
2022-08-06,경춘선,사릉,1538,1499,3037,39,8,6,토
2022-08-06,경춘선,금곡,1034,937,1971,97,8,6,토
2022-08-06,경춘선,평내호평,4401,4244,8645,157,8,6,토
2022-08-06,경춘선,천마산,1220,1160,2380,60,8,6,토
2022-08-06,경춘선,마석,2982,2988,5970,-6,8,6,토
2022-08-06,경춘선,대성리,970,1280,2250,-310,8,6,토
2022-08-06,경춘선,청평,1919,2342,4261,-423,8,6,토
2022-08-06,경춘선,상천,394,414,808,-20,8,6,토
2022-08-06,경춘선,가평,2712,3790,6502,-1078,8,6,토
2022-08-06,경춘선,굴봉산,196,182,378,14,8,6,토
2022-08-06,경춘선,백양리,155,152,307,3,8,6,토
2022-08-06,경춘선,강촌,647,748,1395,-101,8,6,토
2022-08-06,경춘선,김유정,411,473,884,-62,8,6,토
2022-08-06,경춘선,남춘천,2775,3055,5830,-280,8,6,토
2022-08-06,경춘선,춘천,1857,1681,3538,176,8,6,토
2022-08-06,공항철도 1호선,서울역,8739,8583,17322,156,8,6,토
2022-08-06,공항철도 1호선,공덕,1668,2393,4061,-725,8,6,토
2022-08-06,공항철도 1호선,홍대입구,12742,13071,25813,-329,8,6,토
2022-08-06,공항철도 1호선,디지털미디어시티,5124,4724,9848,400,8,6,토
2022-08-06,공항철도 1호선,마곡나루(서울식물원),2812,3041,5853,-229,8,6,토
2022-08-06,공항철도 1호선,김포공항,10313,5611,15924,4702,8,6,토
2022-08-06,공항철도 1호선,계양,7153,6760,13913,393,8,6,토
2022-08-06,공항철도 1호선,검암,4248,4455,8703,-207,8,6,토
2022-08-06,공항철도 1호선,청라국제도시,4344,4051,8395,293,8,6,토
2022-08-06,공항철도 1호선,운서,6957,8115,15072,-1158,8,6,토
2022-08-06,공항철도 1호선,공항화물청사,1550,1339,2889,211,8,6,토
2022-08-06,공항철도 1호선,인천공항1터미널,11022,11196,22218,-174,8,6,토
2022-08-06,공항철도 1호선,인천공항2터미널,3854,3545,7399,309,8,6,토
2022-08-06,공항철도 1호선,영종,3063,3303,6366,-240,8,6,토
2022-08-06,과천선,선바위,4783,4276,9059,507,8,6,토
2022-08-06,과천선,대공원,3637,3956,7593,-319,8,6,토
2022-08-06,과천선,과천,4723,4291,9014,432,8,6,토
2022-08-06,과천선,정부과천청사,6173,6120,12293,53,8,6,토
2022-08-06,과천선,인덕원,15140,14728,29868,412,8,6,토
2022-08-06,과천선,평촌,8471,8177,16648,294,8,6,토
2022-08-06,과천선,범계,19683,19209,38892,474,8,6,토
2022-08-06,분당선,선릉,4668,7138,11806,-2470,8,6,토
2022-08-06,분당선,한티,13754,13029,26783,725,8,6,토
2022-08-06,분당선,도곡,4247,3925,8172,322,8,6,토
2022-08-06,분당선,구룡,1263,1125,2388,138,8,6,토
2022-08-06,분당선,개포동,2512,2463,4975,49,8,6,토
2022-08-06,분당선,대모산입구,2785,2483,5268,302,8,6,토
2022-08-06,분당선,수서,9786,10171,19957,-385,8,6,토
2022-08-06,분당선,복정,1,0,1,1,8,6,토
2022-08-06,분당선,수원,7362,6122,13484,1240,8,6,토
2022-08-06,분당선,서울숲,7079,7394,14473,-315,8,6,토
2022-08-06,분당선,압구정로데오,16791,19877,36668,-3086,8,6,토
2022-08-06,분당선,강남구청,4363,5166,9529,-803,8,6,토
2022-08-06,분당선,선정릉,2846,2864,5710,-18,8,6,토
2022-08-06,분당선,가천대,4227,4591,8818,-364,8,6,토
2022-08-06,분당선,태평,10398,9481,19879,917,8,6,토
2022-08-06,분당선,모란,14834,15089,29923,-255,8,6,토
2022-08-06,분당선,야탑,16312,17222,33534,-910,8,6,토
2022-08-06,분당선,서현,18041,18364,36405,-323,8,6,토
2022-08-06,분당선,수내,8737,8148,16885,589,8,6,토
2022-08-06,분당선,정자,10384,10630,21014,-246,8,6,토
2022-08-06,분당선,미금,9862,10238,20100,-376,8,6,토
2022-08-06,분당선,오리,6992,5724,12716,1268,8,6,토
2022-08-06,분당선,이매,3825,3694,7519,131,8,6,토
2022-08-06,분당선,보정,1617,1472,3089,145,8,6,토
2022-08-06,분당선,죽전,9032,10269,19301,-1237,8,6,토
2022-08-06,분당선,구성,3030,3097,6127,-67,8,6,토
2022-08-06,분당선,신갈,2583,2592,5175,-9,8,6,토
2022-08-06,분당선,기흥,6558,6248,12806,310,8,6,토
2022-08-06,분당선,상갈,3593,3583,7176,10,8,6,토
2022-08-06,분당선,청명,2570,2459,5029,111,8,6,토
2022-08-06,분당선,영통,6650,6635,13285,15,8,6,토
2022-08-06,분당선,망포,8846,8117,16963,729,8,6,토
2022-08-06,분당선,매탄권선,3445,3095,6540,350,8,6,토
2022-08-06,분당선,수원시청,9515,10911,20426,-1396,8,6,토
2022-08-06,분당선,매교,2117,2161,4278,-44,8,6,토
2022-08-06,수인선,고색,2613,2428,5041,185,8,6,토
2022-08-06,수인선,오목천,2277,1921,4198,356,8,6,토
2022-08-06,수인선,어천,704,674,1378,30,8,6,토
2022-08-06,수인선,야목,268,194,462,74,8,6,토
2022-08-06,수인선,사리,3356,2806,6162,550,8,6,토
2022-08-06,수인선,달월,64,66,130,-2,8,6,토
2022-08-06,수인선,월곶,2178,2118,4296,60,8,6,토
2022-08-06,수인선,소래포구,4937,4882,9819,55,8,6,토
2022-08-06,수인선,인천논현,4060,4187,8247,-127,8,6,토
2022-08-06,수인선,호구포,2568,2472,5040,96,8,6,토
2022-08-06,수인선,남동인더스파크,886,819,1705,67,8,6,토
2022-08-06,수인선,원인재,3245,3556,6801,-311,8,6,토
2022-08-06,수인선,연수,3823,3913,7736,-90,8,6,토
2022-08-06,수인선,송도,1879,1801,3680,78,8,6,토
2022-08-06,수인선,인하대,4108,3882,7990,226,8,6,토
2022-08-06,수인선,숭의,2619,2437,5056,182,8,6,토
2022-08-06,수인선,신포,1271,1428,2699,-157,8,6,토
2022-08-06,수인선,인천,1252,2028,3280,-776,8,6,토
2022-08-06,신림선,샛강,918,1186,2104,-268,8,6,토
2022-08-06,신림선,대방,1554,1057,2611,497,8,6,토
2022-08-06,신림선,서울지방병무청,1646,1733,3379,-87,8,6,토
2022-08-06,신림선,보라매,2119,1844,3963,275,8,6,토
2022-08-06,신림선,보라매공원,1163,1182,2345,-19,8,6,토
2022-08-06,신림선,보라매병원,2689,2665,5354,24,8,6,토
2022-08-06,신림선,당곡,2963,2635,5598,328,8,6,토
2022-08-06,신림선,신림,1345,1887,3232,-542,8,6,토
2022-08-06,신림선,서원,2178,1790,3968,388,8,6,토
2022-08-06,신림선,서울대벤처타운,5178,4770,9948,408,8,6,토
2022-08-06,신림선,관악산(서울대),3966,4099,8065,-133,8,6,토
2022-08-06,안산선,산본,12033,12845,24878,-812,8,6,토
2022-08-06,안산선,대야미,3635,3195,6830,440,8,6,토
2022-08-06,안산선,반월,3127,3000,6127,127,8,6,토
2022-08-06,안산선,상록수,11481,11398,22879,83,8,6,토
2022-08-06,안산선,한대앞,6622,6599,13221,23,8,6,토
2022-08-06,안산선,중앙,14740,15386,30126,-646,8,6,토
2022-08-06,안산선,고잔,5324,5089,10413,235,8,6,토
2022-08-06,안산선,초지,3262,3011,6273,251,8,6,토
2022-08-06,안산선,안산,9120,9464,18584,-344,8,6,토
2022-08-06,안산선,신길온천,1442,1309,2751,133,8,6,토
2022-08-06,안산선,정왕,6525,6605,13130,-80,8,6,토
2022-08-06,안산선,오이도,7173,7391,14564,-218,8,6,토
2022-08-06,안산선,수리산,2705,2366,5071,339,8,6,토
2022-08-06,우이신설선,북한산우이,3076,3481,6557,-405,8,6,토
2022-08-06,우이신설선,솔밭공원,1763,1703,3466,60,8,6,토
2022-08-06,우이신설선,4.19민주묘지,2219,1994,4213,225,8,6,토
2022-08-06,우이신설선,가오리,2978,2813,5791,165,8,6,토
2022-08-06,우이신설선,화계,2346,2155,4501,191,8,6,토
2022-08-06,우이신설선,삼양,1460,1419,2879,41,8,6,토
2022-08-06,우이신설선,삼양사거리,1767,1719,3486,48,8,6,토
2022-08-06,우이신설선,솔샘,3601,3161,6762,440,8,6,토
2022-08-06,우이신설선,북한산보국문,4188,3485,7673,703,8,6,토
2022-08-06,우이신설선,정릉,3321,2686,6007,635,8,6,토
2022-08-06,우이신설선,성신여대입구(돈암),2534,2985,5519,-451,8,6,토
2022-08-06,우이신설선,보문,1041,1008,2049,33,8,6,토
2022-08-06,우이신설선,신설동,1289,1271,2560,18,8,6,토
2022-08-06,일산선,원흥,7071,6702,13773,369,8,6,토
2022-08-07,과천선,대공원,3055,3087,6142,-32,8,7,일
2022-08-07,중앙선,덕소,3061,3149,6210,-88,8,7,일
2022-08-07,중앙선,도심,1094,1019,2113,75,8,7,일
2022-08-07,중앙선,팔당,1060,976,2036,84,8,7,일
2022-08-07,중앙선,운길산,725,649,1374,76,8,7,일
2022-08-07,중앙선,양수,1719,1590,3309,129,8,7,일
2022-08-07,중앙선,신원,180,139,319,41,8,7,일
2022-08-07,중앙선,국수,557,464,1021,93,8,7,일
2022-08-07,중앙선,아신,538,445,983,93,8,7,일
2022-08-07,중앙선,오빈,218,216,434,2,8,7,일
2022-08-07,중앙선,양평,2346,2122,4468,224,8,7,일
2022-08-07,1호선,서울역,28430,26845,55275,1585,8,7,일
2022-08-07,1호선,시청,9370,9218,18588,152,8,7,일
2022-08-07,1호선,종각,13662,12174,25836,1488,8,7,일
2022-08-07,1호선,종로3가,13546,12064,25610,1482,8,7,일
2022-08-07,1호선,종로5가,9106,8858,17964,248,8,7,일
2022-08-07,1호선,동대문,8319,7905,16224,414,8,7,일
2022-08-07,1호선,신설동,6945,6924,13869,21,8,7,일
2022-08-07,1호선,제기동,9290,9765,19055,-475,8,7,일
2022-08-07,1호선,청량리(서울시립대입구),12006,12330,24336,-324,8,7,일
2022-08-07,1호선,동묘앞,10400,10402,20802,-2,8,7,일
2022-08-07,2호선,시청,7355,7066,14421,289,8,7,일
2022-08-07,2호선,을지로입구,16672,15887,32559,785,8,7,일
2022-08-07,2호선,을지로3가,8522,8246,16768,276,8,7,일
2022-08-07,2호선,을지로4가,3703,3597,7300,106,8,7,일
2022-08-07,2호선,동대문역사문화공원(DDP),7764,8666,16430,-902,8,7,일
2022-08-07,2호선,신당,7492,7997,15489,-505,8,7,일
2022-08-07,2호선,상왕십리,6402,6338,12740,64,8,7,일
2022-08-07,2호선,왕십리(성동구청),9086,8194,17280,892,8,7,일
2022-08-07,2호선,한양대,2310,2546,4856,-236,8,7,일
2022-08-07,2호선,뚝섬,8944,9427,18371,-483,8,7,일
2022-08-07,2호선,성수,14083,15418,29501,-1335,8,7,일
2022-08-07,2호선,건대입구,23628,25499,49127,-1871,8,7,일
2022-08-07,2호선,구의(광진구청),10436,10620,21056,-184,8,7,일
2022-08-07,2호선,강변(동서울터미널),23248,21292,44540,1956,8,7,일
2022-08-07,2호선,잠실나루,4982,5087,10069,-105,8,7,일
2022-08-07,2호선,잠실(송파구청),49998,47369,97367,2629,8,7,일
2022-08-07,2호선,잠실새내,11067,11499,22566,-432,8,7,일
2022-08-07,2호선,종합운동장,8873,9568,18441,-695,8,7,일
2022-08-07,2호선,삼성(무역센터),22442,21576,44018,866,8,7,일
2022-08-07,2호선,선릉,12070,10461,22531,1609,8,7,일
2022-08-07,2호선,역삼,9991,11309,21300,-1318,8,7,일
2022-08-07,2호선,강남,32469,31177,63646,1292,8,7,일
2022-08-07,2호선,교대(법원.검찰청),9916,10882,20798,-966,8,7,일
2022-08-07,2호선,서초,11751,10804,22555,947,8,7,일
2022-08-07,2호선,방배,6289,6737,13026,-448,8,7,일
2022-08-07,2호선,사당,20059,22433,42492,-2374,8,7,일
2022-08-07,2호선,낙성대(강감찬),14676,15226,29902,-550,8,7,일
2022-08-07,2호선,서울대입구(관악구청),24556,24978,49534,-422,8,7,일
2022-08-07,2호선,봉천,11837,11566,23403,271,8,7,일
2022-08-07,2호선,신림,33573,32922,66495,651,8,7,일
2022-08-07,2호선,신대방,14126,13927,28053,199,8,7,일
2022-08-07,2호선,구로디지털단지,22653,22503,45156,150,8,7,일
2022-08-07,2호선,대림(구로구청),14525,14835,29360,-310,8,7,일
2022-08-07,2호선,신도림,26102,26476,52578,-374,8,7,일
2022-08-07,2호선,문래,7591,8026,15617,-435,8,7,일
2022-08-07,2호선,영등포구청,6979,7423,14402,-444,8,7,일
2022-08-07,2호선,당산,7484,8114,15598,-630,8,7,일
2022-08-07,2호선,합정,20718,22328,43046,-1610,8,7,일
2022-08-07,2호선,홍대입구,51697,51852,103549,-155,8,7,일
2022-08-07,2호선,신촌,21742,21451,43193,291,8,7,일
2022-08-07,2호선,이대,6910,7431,14341,-521,8,7,일
2022-08-07,2호선,아현,4901,4734,9635,167,8,7,일
2022-08-07,2호선,충정로(경기대입구),3447,3648,7095,-201,8,7,일
2022-08-07,2호선,용답,1562,1524,3086,38,8,7,일
2022-08-07,2호선,신답,672,732,1404,-60,8,7,일
2022-08-07,2호선,신설동,2768,2812,5580,-44,8,7,일
2022-08-07,2호선,도림천,429,470,899,-41,8,7,일
2022-08-07,2호선,양천구청,3039,3128,6167,-89,8,7,일
2022-08-07,2호선,신정네거리,4945,5024,9969,-79,8,7,일
2022-08-07,2호선,용두(동대문구청),1145,1157,2302,-12,8,7,일
2022-08-07,3호선,지축,2428,2353,4781,75,8,7,일
2022-08-07,3호선,구파발,11109,11493,22602,-384,8,7,일
2022-08-07,3호선,연신내,19773,18790,38563,983,8,7,일
2022-08-07,3호선,불광,8836,10041,18877,-1205,8,7,일
2022-08-07,3호선,녹번,6680,6113,12793,567,8,7,일
2022-08-07,3호선,홍제,8352,8007,16359,345,8,7,일
2022-08-07,3호선,무악재,1733,1800,3533,-67,8,7,일
2022-08-07,3호선,독립문,3740,3888,7628,-148,8,7,일
2022-08-07,3호선,경복궁(정부서울청사),11358,13080,24438,-1722,8,7,일
2022-08-07,3호선,안국,10634,10868,21502,-234,8,7,일
2022-08-07,3호선,종로3가,3844,5063,8907,-1219,8,7,일
2022-08-07,3호선,을지로3가,3408,2955,6363,453,8,7,일
2022-08-07,3호선,동대입구,4670,5154,9824,-484,8,7,일
2022-08-07,3호선,약수,6410,6255,12665,155,8,7,일
2022-08-07,3호선,금호,3971,3704,7675,267,8,7,일
2022-08-07,3호선,옥수,4530,4853,9383,-323,8,7,일
2022-08-07,3호선,압구정,12818,13453,26271,-635,8,7,일
2022-08-07,3호선,신사,11905,12188,24093,-283,8,7,일
2022-08-07,3호선,잠원,2010,2040,4050,-30,8,7,일
2022-08-07,3호선,고속터미널,40409,37537,77946,2872,8,7,일
2022-08-07,3호선,교대(법원.검찰청),3954,2535,6489,1419,8,7,일
2022-08-07,3호선,남부터미널(예술의전당),13971,14147,28118,-176,8,7,일
2022-08-07,3호선,양재(서초구청),11685,13594,25279,-1909,8,7,일
2022-08-07,3호선,매봉,3731,3814,7545,-83,8,7,일
2022-08-07,3호선,도곡,1671,1771,3442,-100,8,7,일
2022-08-07,3호선,대치,7187,6123,13310,1064,8,7,일
2022-08-07,3호선,학여울,959,973,1932,-14,8,7,일
2022-08-07,3호선,대청,3941,3897,7838,44,8,7,일
2022-08-07,3호선,일원,3573,3724,7297,-151,8,7,일
2022-08-07,3호선,수서,9997,10259,20256,-262,8,7,일
2022-08-07,3호선,가락시장,3400,3562,6962,-162,8,7,일
2022-08-07,3호선,경찰병원,2616,2692,5308,-76,8,7,일
2022-08-07,3호선,오금,2613,2560,5173,53,8,7,일
2022-08-07,4호선,당고개,5571,5393,10964,178,8,7,일
2022-08-07,4호선,상계,9417,8810,18227,607,8,7,일
2022-08-07,4호선,노원,11194,12035,23229,-841,8,7,일
2022-08-07,4호선,창동,14355,14889,29244,-534,8,7,일
2022-08-07,4호선,쌍문,14848,13497,28345,1351,8,7,일
2022-08-07,4호선,수유(강북구청),18657,18151,36808,506,8,7,일
2022-08-07,4호선,미아(서울사이버대학),7660,7252,14912,408,8,7,일
2022-08-07,4호선,미아사거리,14943,14281,29224,662,8,7,일
2022-08-07,4호선,길음,9921,9604,19525,317,8,7,일
2022-08-07,4호선,성신여대입구(돈암),11589,11181,22770,408,8,7,일
2022-08-07,4호선,한성대입구(삼선교),7218,7247,14465,-29,8,7,일
2022-08-07,4호선,혜화,22600,23355,45955,-755,8,7,일
2022-08-07,4호선,동대문,6289,5992,12281,297,8,7,일
2022-08-07,4호선,동대문역사문화공원(DDP),8974,7508,16482,1466,8,7,일
2022-08-07,4호선,충무로,6984,7550,14534,-566,8,7,일
2022-08-07,4호선,명동,12088,12490,24578,-402,8,7,일
2022-08-07,4호선,회현(남대문시장),8323,8303,16626,20,8,7,일
2022-08-07,4호선,서울역,4231,10775,15006,-6544,8,7,일
2022-08-07,4호선,숙대입구(갈월),7282,7202,14484,80,8,7,일
2022-08-07,4호선,삼각지,2797,3542,6339,-745,8,7,일
2022-08-07,4호선,신용산,9014,9183,18197,-169,8,7,일
2022-08-07,4호선,이촌(국립중앙박물관),6761,7193,13954,-432,8,7,일
2022-08-07,4호선,동작(현충원),811,814,1625,-3,8,7,일
2022-08-07,4호선,총신대입구(이수),9599,10369,19968,-770,8,7,일
2022-08-07,4호선,사당,14442,13276,27718,1166,8,7,일
2022-08-07,4호선,남태령,707,518,1225,189,8,7,일
2022-08-07,5호선,방화,3289,3278,6567,11,8,7,일
2022-08-07,5호선,개화산,2475,2550,5025,-75,8,7,일
2022-08-07,5호선,김포공항,7407,7014,14421,393,8,7,일
2022-08-07,5호선,송정,3352,3313,6665,39,8,7,일
2022-08-07,5호선,마곡,3397,3613,7010,-216,8,7,일
2022-08-07,5호선,발산,8083,8792,16875,-709,8,7,일
2022-08-07,5호선,우장산,6491,6580,13071,-89,8,7,일
2022-08-07,5호선,화곡,13175,12531,25706,644,8,7,일
2022-08-07,5호선,까치산,14470,14291,28761,179,8,7,일
2022-08-07,5호선,신정(은행정),5837,5286,11123,551,8,7,일
2022-08-07,5호선,목동,7170,7279,14449,-109,8,7,일
2022-08-07,5호선,오목교(목동운동장앞),10605,11181,21786,-576,8,7,일
2022-08-07,5호선,양평,2478,2490,4968,-12,8,7,일
2022-08-07,5호선,영등포구청,1323,1305,2628,18,8,7,일
2022-08-07,5호선,영등포시장,5126,5382,10508,-256,8,7,일
2022-08-07,5호선,신길,1869,2047,3916,-178,8,7,일
2022-08-07,5호선,여의도,8034,8394,16428,-360,8,7,일
2022-08-07,5호선,여의나루,8154,9847,18001,-1693,8,7,일
2022-08-07,5호선,마포,4555,4566,9121,-11,8,7,일
2022-08-07,5호선,공덕,4301,4388,8689,-87,8,7,일
2022-08-07,5호선,애오개,2488,2530,5018,-42,8,7,일
2022-08-07,5호선,충정로(경기대입구),1419,1404,2823,15,8,7,일
2022-08-07,5호선,서대문,4705,4627,9332,78,8,7,일
2022-08-07,5호선,광화문(세종문화회관),15753,15852,31605,-99,8,7,일
2022-08-07,5호선,종로3가,8120,7214,15334,906,8,7,일
2022-08-07,5호선,을지로4가,1487,1618,3105,-131,8,7,일
2022-08-07,5호선,동대문역사문화공원(DDP),853,1058,1911,-205,8,7,일
2022-08-07,5호선,청구,1742,1627,3369,115,8,7,일
2022-08-07,5호선,신금호,2684,2938,5622,-254,8,7,일
2022-08-07,5호선,행당,3729,3364,7093,365,8,7,일
2022-08-07,5호선,왕십리(성동구청),2315,2839,5154,-524,8,7,일
2022-08-07,5호선,마장,2582,2409,4991,173,8,7,일
2022-08-07,5호선,답십리,7108,6610,13718,498,8,7,일
2022-08-07,5호선,장한평,7363,7466,14829,-103,8,7,일
2022-08-07,5호선,군자(능동),5624,6282,11906,-658,8,7,일
2022-08-07,5호선,아차산(어린이대공원후문),7944,8053,15997,-109,8,7,일
2022-08-07,5호선,광나루(장신대),7402,6841,14243,561,8,7,일
2022-08-07,5호선,천호(풍납토성),12076,11397,23473,679,8,7,일
2022-08-07,5호선,강동,8144,8130,16274,14,8,7,일
2022-08-07,5호선,길동,3880,4028,7908,-148,8,7,일
2022-08-07,5호선,굽은다리(강동구민회관앞),5305,5075,10380,230,8,7,일
2022-08-07,5호선,명일,4499,4633,9132,-134,8,7,일
2022-08-07,5호선,고덕,4064,4245,8309,-181,8,7,일
2022-08-07,5호선,상일동,6046,5984,12030,62,8,7,일
2022-08-07,5호선,둔촌동,4305,4229,8534,76,8,7,일
2022-08-07,5호선,올림픽공원(한국체대),3536,3756,7292,-220,8,7,일
2022-08-07,5호선,방이,3772,3671,7443,101,8,7,일
2022-08-07,5호선,오금,1404,1419,2823,-15,8,7,일
2022-08-07,5호선,개롱,2776,3066,5842,-290,8,7,일
2022-08-07,5호선,거여,4254,4206,8460,48,8,7,일
2022-08-07,5호선,마천,3258,3423,6681,-165,8,7,일
2022-08-07,5호선,강일,2022,1985,4007,37,8,7,일
2022-08-07,5호선,미사,8389,8520,16909,-131,8,7,일
2022-08-07,5호선,하남풍산,2146,2103,4249,43,8,7,일
2022-08-07,5호선,하남시청(덕풍·신장),3723,3529,7252,194,8,7,일
2022-08-07,5호선,하남검단산,4082,4097,8179,-15,8,7,일
2022-08-07,6호선,응암,8583,8705,17288,-122,8,7,일
2022-08-07,6호선,역촌,2020,2196,4216,-176,8,7,일
2022-08-07,6호선,불광,2959,2612,5571,347,8,7,일
2022-08-07,6호선,독바위,1403,1591,2994,-188,8,7,일
2022-08-07,6호선,연신내,1,0,1,1,8,7,일
2022-08-07,6호선,구산,3626,2798,6424,828,8,7,일
2022-08-07,6호선,새절(신사),6079,5842,11921,237,8,7,일
2022-08-07,6호선,증산(명지대앞),5050,5151,10201,-101,8,7,일
2022-08-07,6호선,디지털미디어시티,5155,5436,10591,-281,8,7,일
2022-08-07,6호선,월드컵경기장(성산),3560,3615,7175,-55,8,7,일
2022-08-07,6호선,마포구청,6454,5903,12357,551,8,7,일
2022-08-07,6호선,망원,8627,9276,17903,-649,8,7,일
2022-08-07,6호선,합정,9132,8359,17491,773,8,7,일
2022-08-07,6호선,상수,6609,7688,14297,-1079,8,7,일
2022-08-07,6호선,광흥창(서강),3797,3756,7553,41,8,7,일
2022-08-07,6호선,대흥(서강대앞),3891,4032,7923,-141,8,7,일
2022-08-07,6호선,공덕,6311,6092,12403,219,8,7,일
2022-08-07,6호선,효창공원앞,3202,2945,6147,257,8,7,일
2022-08-07,6호선,삼각지,3771,2878,6649,893,8,7,일
2022-08-07,6호선,녹사평(용산구청),3473,3375,6848,98,8,7,일
2022-08-07,6호선,이태원,11029,9419,20448,1610,8,7,일
2022-08-07,6호선,한강진,7283,8058,15341,-775,8,7,일
2022-08-07,6호선,버티고개,1070,1143,2213,-73,8,7,일
2022-08-07,6호선,약수,1637,1648,3285,-11,8,7,일
2022-08-07,6호선,청구,1612,1486,3098,126,8,7,일
2022-08-07,6호선,신당,4200,3724,7924,476,8,7,일
2022-08-07,6호선,동묘앞,5284,4870,10154,414,8,7,일
2022-08-07,6호선,창신,1540,1423,2963,117,8,7,일
2022-08-07,6호선,보문,3688,3482,7170,206,8,7,일
2022-08-07,6호선,안암(고대병원앞),4456,4785,9241,-329,8,7,일
2022-08-07,6호선,고려대(종암),3523,3574,7097,-51,8,7,일
2022-08-07,6호선,월곡(동덕여대),5058,4974,10032,84,8,7,일
2022-08-07,6호선,상월곡(한국과학기술연구원),3044,2767,5811,277,8,7,일
2022-08-07,6호선,돌곶이,5564,5278,10842,286,8,7,일
2022-08-07,6호선,석계,5932,6247,12179,-315,8,7,일
2022-08-07,6호선,태릉입구,2951,3142,6093,-191,8,7,일
2022-08-07,6호선,화랑대(서울여대입구),4588,3886,8474,702,8,7,일
2022-08-07,6호선,봉화산(서울의료원),3646,3817,7463,-171,8,7,일
2022-08-07,7호선,장암,1444,1122,2566,322,8,7,일
2022-08-07,7호선,도봉산,4639,6447,11086,-1808,8,7,일
2022-08-07,7호선,수락산,7706,7642,15348,64,8,7,일
2022-08-07,7호선,마들,5711,5209,10920,502,8,7,일
2022-08-07,7호선,노원,10733,11037,21770,-304,8,7,일
2022-08-07,7호선,중계,6212,5785,11997,427,8,7,일
2022-08-07,7호선,하계,8449,8066,16515,383,8,7,일
2022-08-07,7호선,공릉(서울과학기술대),5651,5769,11420,-118,8,7,일
2022-08-07,7호선,태릉입구,4443,4118,8561,325,8,7,일
2022-08-07,7호선,먹골,4923,4779,9702,144,8,7,일
2022-08-07,7호선,중화,5078,5031,10109,47,8,7,일
2022-08-07,7호선,상봉(시외버스터미널),8983,8593,17576,390,8,7,일
2022-08-07,7호선,면목,7159,7119,14278,40,8,7,일
2022-08-07,7호선,사가정,7833,7703,15536,130,8,7,일
2022-08-07,7호선,용마산(용마폭포공원),2912,3086,5998,-174,8,7,일
2022-08-07,7호선,중곡,4853,4749,9602,104,8,7,일
2022-08-07,7호선,군자(능동),7278,5780,13058,1498,8,7,일
2022-08-07,7호선,어린이대공원(세종대),6218,6123,12341,95,8,7,일
2022-08-07,7호선,건대입구,7511,7776,15287,-265,8,7,일
2022-08-07,7호선,뚝섬유원지,6117,5650,11767,467,8,7,일
2022-08-07,7호선,청담,5894,6449,12343,-555,8,7,일
2022-08-07,7호선,강남구청,4784,5247,10031,-463,8,7,일
2022-08-07,7호선,학동,5765,6128,11893,-363,8,7,일
2022-08-07,7호선,논현,5038,5413,10451,-375,8,7,일
2022-08-07,7호선,반포,2759,2824,5583,-65,8,7,일
2022-08-07,7호선,고속터미널,12942,7470,20412,5472,8,7,일
2022-08-07,7호선,내방,4779,5002,9781,-223,8,7,일
2022-08-07,7호선,이수,7791,7549,15340,242,8,7,일
2022-08-07,7호선,남성,5266,5150,10416,116,8,7,일
2022-08-07,7호선,숭실대입구(살피재),5361,5792,11153,-431,8,7,일
2022-08-07,7호선,상도,5181,5174,10355,7,8,7,일
2022-08-07,7호선,장승배기,4199,4340,8539,-141,8,7,일
2022-08-07,7호선,신대방삼거리,7169,7134,14303,35,8,7,일
2022-08-07,7호선,보라매,3630,3661,7291,-31,8,7,일
2022-08-07,7호선,신풍,5915,5580,11495,335,8,7,일
2022-08-07,7호선,대림(구로구청),7490,7113,14603,377,8,7,일
2022-08-07,7호선,남구로,6577,6542,13119,35,8,7,일
2022-08-07,7호선,가산디지털단지,9173,8406,17579,767,8,7,일
2022-08-07,7호선,철산,9748,9865,19613,-117,8,7,일
2022-08-07,7호선,광명사거리,11599,11625,23224,-26,8,7,일
2022-08-07,7호선,천왕,4645,4547,9192,98,8,7,일
2022-08-07,7호선,온수(성공회대입구),3783,3749,7532,34,8,7,일
2022-08-07,8호선,암사,8375,7993,16368,382,8,7,일
2022-08-07,8호선,천호(풍납토성),8248,9267,17515,-1019,8,7,일
2022-08-07,8호선,강동구청,4225,4477,8702,-252,8,7,일
2022-08-07,8호선,몽촌토성(평화의문),2887,2937,5824,-50,8,7,일
2022-08-07,8호선,잠실(송파구청),10865,11947,22812,-1082,8,7,일
2022-08-07,8호선,석촌,3933,4696,8629,-763,8,7,일
2022-08-07,8호선,송파,4046,4148,8194,-102,8,7,일
2022-08-07,8호선,가락시장,2685,3464,6149,-779,8,7,일
2022-08-07,8호선,문정,4808,5046,9854,-238,8,7,일
2022-08-07,8호선,장지,8343,8675,17018,-332,8,7,일
2022-08-07,8호선,복정,4535,4189,8724,346,8,7,일
2022-08-07,8호선,산성,2759,2876,5635,-117,8,7,일
2022-08-07,8호선,남한산성입구(성남법원.검찰청),6199,5766,11965,433,8,7,일
2022-08-07,8호선,단대오거리,5050,5011,10061,39,8,7,일
2022-08-07,8호선,신흥,2791,3033,5824,-242,8,7,일
2022-08-07,8호선,수진,2944,2650,5594,294,8,7,일
2022-08-07,8호선,모란,2512,2074,4586,438,8,7,일
2022-08-07,8호선,남위례,2426,2569,4995,-143,8,7,일
2022-08-07,9호선,개화,952,891,1843,61,8,7,일
2022-08-07,9호선,김포공항,7408,10448,17856,-3040,8,7,일
2022-08-07,9호선,공항시장,1702,1943,3645,-241,8,7,일
2022-08-07,9호선,신방화,3412,3406,6818,6,8,7,일
2022-08-07,9호선,마곡나루(서울식물원),4932,5081,10013,-149,8,7,일
2022-08-07,9호선,양천향교,4087,4388,8475,-301,8,7,일
2022-08-07,9호선,가양,10930,10729,21659,201,8,7,일
2022-08-07,9호선,증미,2821,2859,5680,-38,8,7,일
2022-08-07,9호선,등촌,4817,5066,9883,-249,8,7,일
2022-08-07,9호선,염창,7984,7877,15861,107,8,7,일
2022-08-07,9호선,신목동,1644,1506,3150,138,8,7,일
2022-08-07,9호선,선유도,2494,2580,5074,-86,8,7,일
2022-08-07,9호선,당산,8911,8766,17677,145,8,7,일
2022-08-07,9호선,국회의사당,4547,4232,8779,315,8,7,일
2022-08-07,9호선,여의도,9629,8422,18051,1207,8,7,일
2022-08-07,9호선,샛강,1704,1675,3379,29,8,7,일
2022-08-07,9호선,노량진,13587,14381,27968,-794,8,7,일
2022-08-07,9호선,노들,2524,2217,4741,307,8,7,일
2022-08-07,9호선,흑석(중앙대입구),3667,3693,7360,-26,8,7,일
2022-08-07,9호선,동작(현충원),1301,1012,2313,289,8,7,일
2022-08-07,9호선,구반포,344,397,741,-53,8,7,일
2022-08-07,9호선,신반포,1776,1821,3597,-45,8,7,일
2022-08-07,9호선,고속터미널,10484,14491,24975,-4007,8,7,일
2022-08-07,9호선,사평,1677,1736,3413,-59,8,7,일
2022-08-07,9호선,신논현,15022,14358,29380,664,8,7,일
2022-08-07,9호선2~3단계,언주,3607,3671,7278,-64,8,7,일
2022-08-07,9호선2~3단계,선정릉,2593,2954,5547,-361,8,7,일
2022-08-07,9호선2~3단계,삼성중앙,1958,2087,4045,-129,8,7,일
2022-08-07,9호선2~3단계,봉은사,9345,9458,18803,-113,8,7,일
2022-08-07,9호선2~3단계,종합운동장,2268,2103,4371,165,8,7,일
2022-08-07,9호선2~3단계,삼전,3458,3278,6736,180,8,7,일
2022-08-07,9호선2~3단계,석촌고분,3104,3108,6212,-4,8,7,일
2022-08-07,9호선2~3단계,석촌,4723,4043,8766,680,8,7,일
2022-08-07,9호선2~3단계,송파나루,3157,3518,6675,-361,8,7,일
2022-08-07,9호선2~3단계,한성백제,1414,1342,2756,72,8,7,일
2022-08-07,9호선2~3단계,올림픽공원(한국체대),9340,9397,18737,-57,8,7,일
2022-08-07,9호선2~3단계,둔촌오륜,551,594,1145,-43,8,7,일
2022-08-07,9호선2~3단계,중앙보훈병원,3420,3345,6765,75,8,7,일
2022-08-07,경강선,판교,2593,2542,5135,51,8,7,일
2022-08-07,경강선,이매,670,544,1214,126,8,7,일
2022-08-07,경강선,삼동,1035,986,2021,49,8,7,일
2022-08-07,경강선,경기광주,3865,3831,7696,34,8,7,일
2022-08-07,경강선,초월,1760,1624,3384,136,8,7,일
2022-08-07,경강선,곤지암,1590,1655,3245,-65,8,7,일
2022-08-07,경강선,신둔도예촌,988,945,1933,43,8,7,일
2022-08-07,경강선,이천,2341,2477,4818,-136,8,7,일
2022-08-07,경강선,부발,1677,2192,3869,-515,8,7,일
2022-08-07,경강선,세종대왕릉,346,327,673,19,8,7,일
2022-08-07,경강선,여주,2328,2105,4433,223,8,7,일
2022-08-07,경부선,서울역,8638,2002,10640,6636,8,7,일
2022-08-07,경부선,남영,4491,4767,9258,-276,8,7,일
2022-08-07,경부선,용산,36283,32887,69170,3396,8,7,일
2022-08-07,경부선,노량진,4903,4610,9513,293,8,7,일
2022-08-07,경부선,대방,4759,5449,10208,-690,8,7,일
2022-08-07,경부선,영등포,33257,32291,65548,966,8,7,일
2022-08-07,경부선,신도림,1911,2192,4103,-281,8,7,일
2022-08-07,경부선,신길,4293,3837,8130,456,8,7,일
2022-08-07,경부선,구로,9527,9619,19146,-92,8,7,일
2022-08-07,경부선,가산디지털단지,4257,5895,10152,-1638,8,7,일
2022-08-07,경부선,금천구청,5357,5472,10829,-115,8,7,일
2022-08-07,경부선,석수,4526,4312,8838,214,8,7,일
2022-08-07,경부선,관악,4532,4167,8699,365,8,7,일
2022-08-07,경부선,안양,12605,12249,24854,356,8,7,일
2022-08-07,경부선,명학,2853,2784,5637,69,8,7,일
2022-08-07,경부선,금정,14156,14417,28573,-261,8,7,일
2022-08-07,경부선,군포,2798,2720,5518,78,8,7,일
2022-08-07,경부선,의왕,3714,3828,7542,-114,8,7,일
2022-08-07,경부선,성균관대,7024,7439,14463,-415,8,7,일
2022-08-07,경부선,화서,3809,3733,7542,76,8,7,일
2022-08-07,경부선,수원,31594,30643,62237,951,8,7,일
2022-08-07,경부선,독산,5447,5461,10908,-14,8,7,일
2022-08-07,경부선,세류,1937,1916,3853,21,8,7,일
2022-08-07,경부선,병점,8796,9579,18375,-783,8,7,일
2022-08-07,경부선,세마,1558,1534,3092,24,8,7,일
2022-08-07,경부선,오산대,1954,1925,3879,29,8,7,일
2022-08-07,경부선,오산,7005,7611,14616,-606,8,7,일
2022-08-07,경부선,진위,871,905,1776,-34,8,7,일
2022-08-07,경부선,송탄,3516,4302,7818,-786,8,7,일
2022-08-07,경부선,서정리,4601,6886,11487,-2285,8,7,일
2022-08-07,경부선,평택지제,2724,2572,5296,152,8,7,일
2022-08-07,경부선,평택,10927,11768,22695,-841,8,7,일
2022-08-07,경부선,성환,2318,2694,5012,-376,8,7,일
2022-08-07,경부선,직산,531,634,1165,-103,8,7,일
2022-08-07,경부선,두정,4280,4678,8958,-398,8,7,일
2022-08-07,경부선,천안,5865,5717,11582,148,8,7,일
2022-08-07,경부선,당정,2680,2790,5470,-110,8,7,일
2022-08-07,경부선,서동탄,717,690,1407,27,8,7,일
2022-08-07,경부선,광명,2655,1831,4486,824,8,7,일
2022-08-07,경원선,이촌(국립중앙박물관),2330,1791,4121,539,8,7,일
2022-08-07,경원선,서빙고,1618,1696,3314,-78,8,7,일
2022-08-07,경원선,한남,1739,1809,3548,-70,8,7,일
2022-08-07,경원선,옥수,58,39,97,19,8,7,일
2022-08-07,경원선,응봉,992,871,1863,121,8,7,일
2022-08-07,경원선,왕십리(성동구청),9838,11318,21156,-1480,8,7,일
2022-08-07,경원선,청량리(서울시립대입구),14970,13315,28285,1655,8,7,일
2022-08-07,경원선,외대앞,4320,4355,8675,-35,8,7,일
2022-08-07,경원선,신이문,4459,4211,8670,248,8,7,일
2022-08-07,경원선,석계,4606,4926,9532,-320,8,7,일
2022-08-07,경원선,광운대,3774,3770,7544,4,8,7,일
2022-08-07,경원선,월계,3423,3224,6647,199,8,7,일
2022-08-07,경원선,녹천,2393,2064,4457,329,8,7,일
2022-08-07,경원선,방학,5644,5500,11144,144,8,7,일
2022-08-07,경원선,도봉,3211,3058,6269,153,8,7,일
2022-08-07,경원선,도봉산,7010,4921,11931,2089,8,7,일
2022-08-07,경원선,망월사,4194,4369,8563,-175,8,7,일
2022-08-07,경원선,회룡,6947,6983,13930,-36,8,7,일
2022-08-07,경원선,의정부,13107,13155,26262,-48,8,7,일
2022-08-07,경원선,가능,3592,3507,7099,85,8,7,일
2022-08-07,경원선,녹양,2446,2322,4768,124,8,7,일
2022-08-07,경원선,양주,4588,4468,9056,120,8,7,일
2022-08-07,경원선,덕계,1804,1687,3491,117,8,7,일
2022-08-07,경원선,덕정,3097,3311,6408,-214,8,7,일
2022-08-07,경원선,지행,4217,4292,8509,-75,8,7,일
2022-08-07,경원선,동두천중앙,2036,1971,4007,65,8,7,일
2022-08-07,경원선,보산,1333,1447,2780,-114,8,7,일
2022-08-07,경원선,동두천,1355,1692,3047,-337,8,7,일
2022-08-07,경원선,소요산,4431,4002,8433,429,8,7,일
2022-08-07,경의선,서울역,1187,1087,2274,100,8,7,일
2022-08-07,경의선,신촌,293,309,602,-16,8,7,일
2022-08-07,경의선,효창공원앞,1319,1476,2795,-157,8,7,일
2022-08-07,경의선,공덕,1792,1409,3201,383,8,7,일
2022-08-07,경의선,서강대,1320,1271,2591,49,8,7,일
2022-08-07,경의선,홍대입구,1678,2120,3798,-442,8,7,일
2022-08-07,경의선,가좌,2879,2777,5656,102,8,7,일
2022-08-07,경의선,디지털미디어시티,1396,1270,2666,126,8,7,일
2022-08-07,경의선,수색,820,911,1731,-91,8,7,일
2022-08-07,경의선,화전,752,782,1534,-30,8,7,일
2022-08-07,경의선,강매,1345,1278,2623,67,8,7,일
2022-08-07,경의선,행신,4536,4135,8671,401,8,7,일
2022-08-07,경의선,능곡,1936,1982,3918,-46,8,7,일
2022-08-07,경의선,곡산,340,301,641,39,8,7,일
2022-08-07,경의선,백마,3221,3030,6251,191,8,7,일
2022-08-07,경의선,풍산,3195,3126,6321,69,8,7,일
2022-08-07,경의선,일산,4448,4297,8745,151,8,7,일
2022-08-07,경의선,탄현,3940,3725,7665,215,8,7,일
2022-08-07,경의선,야당,4699,4795,9494,-96,8,7,일
2022-08-07,경의선,운정,3286,3196,6482,90,8,7,일
2022-08-07,경의선,금릉,2675,2647,5322,28,8,7,일
2022-08-07,경의선,금촌,3813,4153,7966,-340,8,7,일
2022-08-07,경의선,월롱,968,2083,3051,-1115,8,7,일
2022-08-07,경의선,파주,643,575,1218,68,8,7,일
2022-08-07,경의선,문산,3413,3724,7137,-311,8,7,일
2022-08-07,경의선,임진강,63,54,117,9,8,7,일
2022-08-07,경인선,개봉,10967,10847,21814,120,8,7,일
2022-08-07,경인선,오류동,6444,6058,12502,386,8,7,일
2022-08-07,경인선,역곡,13275,13296,26571,-21,8,7,일
2022-08-07,경인선,부천,21127,20455,41582,672,8,7,일
2022-08-07,경인선,송내,12214,11967,24181,247,8,7,일
2022-08-07,경인선,부평,21422,21643,43065,-221,8,7,일
2022-08-07,경인선,백운,3599,3558,7157,41,8,7,일
2022-08-07,경인선,동암,9283,9271,18554,12,8,7,일
2022-08-07,경인선,주안,11416,10071,21487,1345,8,7,일
2022-08-07,경인선,제물포,5022,4787,9809,235,8,7,일
2022-08-07,경인선,동인천,8859,8517,17376,342,8,7,일
2022-08-07,경인선,인천,3919,3052,6971,867,8,7,일
2022-08-07,경인선,구일,2821,2777,5598,44,8,7,일
2022-08-07,경인선,소사,4713,4656,9369,57,8,7,일
2022-08-07,경인선,부개,4577,4146,8723,431,8,7,일
2022-08-07,경인선,간석,3002,2856,5858,146,8,7,일
2022-08-07,경인선,도원,1524,1582,3106,-58,8,7,일
2022-08-07,경인선,온수(성공회대입구),3551,3248,6799,303,8,7,일
2022-08-07,경인선,중동,4578,4393,8971,185,8,7,일
2022-08-07,경인선,도화,2286,2119,4405,167,8,7,일
2022-08-07,경춘선,신내,928,941,1869,-13,8,7,일
2022-08-07,경춘선,갈매,1290,1175,2465,115,8,7,일
2022-08-07,경춘선,별내,1603,1549,3152,54,8,7,일
2022-08-07,경춘선,퇴계원,1839,1650,3489,189,8,7,일
2022-08-07,경춘선,사릉,1174,1167,2341,7,8,7,일
2022-08-07,경춘선,금곡,855,851,1706,4,8,7,일
2022-08-07,경춘선,평내호평,3205,3130,6335,75,8,7,일
2022-08-07,경춘선,천마산,976,964,1940,12,8,7,일
2022-08-07,경춘선,마석,2418,2413,4831,5,8,7,일
2022-08-07,경춘선,대성리,1227,792,2019,435,8,7,일
2022-08-07,경춘선,청평,2199,1522,3721,677,8,7,일
2022-08-07,경춘선,상천,477,367,844,110,8,7,일
2022-08-07,경춘선,가평,3453,2368,5821,1085,8,7,일
2022-08-07,경춘선,굴봉산,270,206,476,64,8,7,일
2022-08-07,경춘선,백양리,215,121,336,94,8,7,일
2022-08-07,경춘선,강촌,840,477,1317,363,8,7,일
2022-08-07,경춘선,김유정,375,367,742,8,8,7,일
2022-08-07,경춘선,남춘천,3117,3047,6164,70,8,7,일
2022-08-07,경춘선,춘천,1809,1325,3134,484,8,7,일
2022-08-07,공항철도 1호선,서울역,8935,7970,16905,965,8,7,일
2022-08-07,공항철도 1호선,공덕,1242,1714,2956,-472,8,7,일
2022-08-07,공항철도 1호선,홍대입구,10754,10253,21007,501,8,7,일
2022-08-07,공항철도 1호선,디지털미디어시티,3310,3415,6725,-105,8,7,일
2022-08-07,공항철도 1호선,마곡나루(서울식물원),2011,2183,4194,-172,8,7,일
2022-08-07,공항철도 1호선,김포공항,10340,5310,15650,5030,8,7,일
2022-08-07,공항철도 1호선,계양,5335,5070,10405,265,8,7,일
2022-08-07,공항철도 1호선,검암,3429,3514,6943,-85,8,7,일
2022-08-07,공항철도 1호선,청라국제도시,3178,3106,6284,72,8,7,일
2022-08-07,공항철도 1호선,운서,6281,6292,12573,-11,8,7,일
2022-08-07,공항철도 1호선,공항화물청사,1033,1030,2063,3,8,7,일
2022-08-07,공항철도 1호선,인천공항1터미널,8978,7297,16275,1681,8,7,일
2022-08-07,공항철도 1호선,인천공항2터미널,4034,3397,7431,637,8,7,일
2022-08-07,공항철도 1호선,영종,2887,2628,5515,259,8,7,일
2022-08-07,과천선,선바위,3606,3284,6890,322,8,7,일
2022-08-07,과천선,경마공원,13403,13725,27128,-322,8,7,일
2022-08-07,중앙선,양정,437,343,780,94,8,7,일
2022-08-07,과천선,과천,3503,3345,6848,158,8,7,일
2022-08-07,과천선,정부과천청사,4470,4468,8938,2,8,7,일
2022-08-07,과천선,인덕원,11255,11609,22864,-354,8,7,일
2022-08-07,과천선,평촌,6048,5835,11883,213,8,7,일
2022-08-07,과천선,범계,13977,13722,27699,255,8,7,일
2022-08-07,분당선,선릉,2680,3883,6563,-1203,8,7,일
2022-08-07,분당선,한티,10082,9328,19410,754,8,7,일
2022-08-07,분당선,도곡,2613,2556,5169,57,8,7,일
2022-08-07,분당선,구룡,835,873,1708,-38,8,7,일
2022-08-07,분당선,개포동,1892,1975,3867,-83,8,7,일
2022-08-07,분당선,대모산입구,2109,2019,4128,90,8,7,일
2022-08-07,분당선,수서,8141,7856,15997,285,8,7,일
2022-08-07,분당선,수원,5553,4583,10136,970,8,7,일
2022-08-07,분당선,서울숲,5428,5495,10923,-67,8,7,일
2022-08-07,분당선,압구정로데오,9636,10795,20431,-1159,8,7,일
2022-08-07,분당선,강남구청,2724,3245,5969,-521,8,7,일
2022-08-07,분당선,선정릉,1727,1795,3522,-68,8,7,일
2022-08-07,분당선,가천대,3315,3886,7201,-571,8,7,일
2022-08-07,분당선,태평,7635,7463,15098,172,8,7,일
2022-08-07,분당선,모란,10593,11059,21652,-466,8,7,일
2022-08-07,분당선,야탑,12873,13249,26122,-376,8,7,일
2022-08-07,분당선,서현,14068,14343,28411,-275,8,7,일
2022-08-07,분당선,수내,6131,5861,11992,270,8,7,일
2022-08-07,분당선,정자,7372,7552,14924,-180,8,7,일
2022-08-07,분당선,미금,7027,7622,14649,-595,8,7,일
2022-08-07,분당선,오리,5007,4251,9258,756,8,7,일
2022-08-07,분당선,이매,3024,3088,6112,-64,8,7,일
2022-08-07,분당선,보정,1104,1043,2147,61,8,7,일
2022-08-07,분당선,죽전,7211,8481,15692,-1270,8,7,일
2022-08-07,분당선,구성,2206,2477,4683,-271,8,7,일
2022-08-07,분당선,신갈,1997,2055,4052,-58,8,7,일
2022-08-07,분당선,기흥,5028,4807,9835,221,8,7,일
2022-08-07,분당선,상갈,2735,2969,5704,-234,8,7,일
2022-08-07,분당선,청명,1880,1950,3830,-70,8,7,일
2022-08-07,분당선,영통,5083,5009,10092,74,8,7,일
2022-08-07,분당선,망포,6079,6394,12473,-315,8,7,일
2022-08-07,분당선,매탄권선,2500,2359,4859,141,8,7,일
2022-08-07,분당선,수원시청,6576,6702,13278,-126,8,7,일
2022-08-07,분당선,매교,1467,1432,2899,35,8,7,일
2022-08-07,수인선,고색,1637,1741,3378,-104,8,7,일
2022-08-07,수인선,오목천,1533,1476,3009,57,8,7,일
2022-08-07,수인선,어천,526,665,1191,-139,8,7,일
2022-08-07,수인선,야목,200,153,353,47,8,7,일
2022-08-07,수인선,사리,2479,2111,4590,368,8,7,일
2022-08-07,수인선,달월,40,33,73,7,8,7,일
2022-08-07,수인선,월곶,1624,1574,3198,50,8,7,일
2022-08-07,수인선,소래포구,3915,3687,7602,228,8,7,일
2022-08-07,수인선,인천논현,2713,2844,5557,-131,8,7,일
2022-08-07,수인선,호구포,2121,2127,4248,-6,8,7,일
2022-08-07,수인선,남동인더스파크,561,581,1142,-20,8,7,일
2022-08-07,수인선,원인재,2701,2753,5454,-52,8,7,일
2022-08-07,수인선,연수,3047,3021,6068,26,8,7,일
2022-08-07,수인선,송도,1381,1379,2760,2,8,7,일
2022-08-07,수인선,인하대,3020,2820,5840,200,8,7,일
2022-08-07,수인선,숭의,1867,1733,3600,134,8,7,일
2022-08-07,수인선,신포,1134,1033,2167,101,8,7,일
2022-08-07,수인선,인천,1163,1748,2911,-585,8,7,일
2022-08-07,신림선,샛강,798,990,1788,-192,8,7,일
2022-08-07,신림선,대방,1121,951,2072,170,8,7,일
2022-08-07,신림선,서울지방병무청,1178,1376,2554,-198,8,7,일
2022-08-07,신림선,보라매,1605,1537,3142,68,8,7,일
2022-08-07,신림선,보라매공원,960,1027,1987,-67,8,7,일
2022-08-07,신림선,보라매병원,1844,1913,3757,-69,8,7,일
2022-08-07,신림선,당곡,2148,2119,4267,29,8,7,일
2022-08-07,신림선,신림,1093,1614,2707,-521,8,7,일
2022-08-07,신림선,서원,1735,1697,3432,38,8,7,일
2022-08-07,신림선,서울대벤처타운,4053,3974,8027,79,8,7,일
2022-08-07,신림선,관악산(서울대),4245,4370,8615,-125,8,7,일
2022-08-07,안산선,산본,8536,9280,17816,-744,8,7,일
2022-08-07,안산선,대야미,2682,2537,5219,145,8,7,일
2022-08-07,안산선,반월,2429,2390,4819,39,8,7,일
2022-08-07,안산선,상록수,8809,8746,17555,63,8,7,일
2022-08-07,안산선,한대앞,4948,4804,9752,144,8,7,일
2022-08-07,안산선,중앙,11004,10995,21999,9,8,7,일
2022-08-07,안산선,고잔,4111,3971,8082,140,8,7,일
2022-08-07,안산선,초지,2263,2262,4525,1,8,7,일
2022-08-07,안산선,안산,9225,8634,17859,591,8,7,일
2022-08-07,안산선,신길온천,1124,1127,2251,-3,8,7,일
2022-08-07,안산선,정왕,5199,5558,10757,-359,8,7,일
2022-08-07,안산선,오이도,5641,5595,11236,46,8,7,일
2022-08-07,안산선,수리산,1979,1735,3714,244,8,7,일
2022-08-07,우이신설선,북한산우이,2947,2929,5876,18,8,7,일
2022-08-07,우이신설선,솔밭공원,1310,1261,2571,49,8,7,일
2022-08-07,우이신설선,4.19민주묘지,1722,1535,3257,187,8,7,일
2022-08-07,우이신설선,가오리,2203,2154,4357,49,8,7,일
2022-08-07,우이신설선,화계,1958,1811,3769,147,8,7,일
2022-08-07,우이신설선,삼양,1124,1156,2280,-32,8,7,일
2022-08-07,우이신설선,삼양사거리,1473,1420,2893,53,8,7,일
2022-08-07,우이신설선,솔샘,2659,2518,5177,141,8,7,일
2022-08-07,우이신설선,북한산보국문,3460,3100,6560,360,8,7,일
2022-08-07,우이신설선,정릉,2598,2232,4830,366,8,7,일
2022-08-07,우이신설선,성신여대입구(돈암),2099,2380,4479,-281,8,7,일
2022-08-07,우이신설선,보문,922,945,1867,-23,8,7,일
2022-08-07,우이신설선,신설동,1060,1036,2096,24,8,7,일
2022-08-07,일산선,원흥,5203,5060,10263,143,8,7,일
2022-08-07,일산선,삼송,10332,10200,20532,132,8,7,일
2022-08-07,일산선,원당,5498,5360,10858,138,8,7,일
2022-08-07,일산선,화정,8722,8969,17691,-247,8,7,일
2022-08-07,일산선,대곡,1092,897,1989,195,8,7,일
2022-08-07,일산선,백석,5199,5142,10341,57,8,7,일
2022-08-07,일산선,마두,3226,3164,6390,62,8,7,일
2022-08-07,일산선,정발산,5063,4956,10019,107,8,7,일
2022-08-07,일산선,주엽,4670,4691,9361,-21,8,7,일
2022-08-07,일산선,대화,7455,6605,14060,850,8,7,일
2022-08-07,장항선,봉명,523,588,1111,-65,8,7,일
2022-08-07,중앙선,원덕,355,249,604,106,8,7,일
2022-08-07,중앙선,용문,2546,2115,4661,431,8,7,일
2022-08-07,중앙선,지평,66,41,107,25,8,7,일
2022-08-07,장항선,쌍용(나사렛대),1115,1037,2152,78,8,7,일
2022-08-07,장항선,아산,3223,1946,5169,1277,8,7,일
2022-08-07,장항선,탕정,513,566,1079,-53,8,7,일
2022-08-07,장항선,배방,754,907,1661,-153,8,7,일
2022-08-07,장항선,온양온천,3134,3156,6290,-22,8,7,일
2022-08-07,장항선,신창(순천향대),916,1037,1953,-121,8,7,일
2022-08-07,중앙선,회기,14477,14413,28890,64,8,7,일
2022-08-07,중앙선,중랑,3260,3241,6501,19,8,7,일
2022-08-07,중앙선,상봉(시외버스터미널),3332,3574,6906,-242,8,7,일
2022-08-07,중앙선,망우,4644,4623,9267,21,8,7,일
2022-08-07,중앙선,양원,1295,1357,2652,-62,8,7,일
2022-08-07,중앙선,구리,6969,7221,14190,-252,8,7,일
2022-08-07,중앙선,도농,4988,5028,10016,-40,8,7,일
2022-08-08,수인선,어천,669,719,1388,-50,8,8,월
2022-08-08,수인선,야목,352,237,589,115,8,8,월
2022-08-08,수인선,사리,4131,3567,7698,564,8,8,월
2022-08-08,수인선,달월,103,70,173,33,8,8,월
2022-08-08,수인선,월곶,2274,2150,4424,124,8,8,월
2022-08-08,수인선,소래포구,3753,3398,7151,355,8,8,월
2022-08-08,수인선,인천논현,4730,4782,9512,-52,8,8,월
2022-08-08,수인선,호구포,3693,3914,7607,-221,8,8,월
2022-08-08,수인선,남동인더스파크,2184,2447,4631,-263,8,8,월
2022-08-08,수인선,원인재,3517,3786,7303,-269,8,8,월
2022-08-08,수인선,연수,3807,3722,7529,85,8,8,월
2022-08-08,수인선,송도,1975,1777,3752,198,8,8,월
2022-08-08,중앙선,중랑,5066,4962,10028,104,8,8,월
2022-08-08,중앙선,회기,21593,21526,43119,67,8,8,월
2022-08-08,장항선,신창(순천향대),989,1012,2001,-23,8,8,월
2022-08-08,장항선,온양온천,3124,3019,6143,105,8,8,월
2022-08-08,우이신설선,보문,1271,1350,2621,-79,8,8,월
2022-08-08,우이신설선,성신여대입구(돈암),2926,3330,6256,-404,8,8,월
2022-08-08,우이신설선,정릉,3895,3760,7655,135,8,8,월
2022-08-08,우이신설선,북한산보국문,4935,4939,9874,-4,8,8,월
2022-08-08,우이신설선,솔샘,5207,5043,10250,164,8,8,월
2022-08-08,우이신설선,삼양사거리,2090,2157,4247,-67,8,8,월
2022-08-08,우이신설선,삼양,1786,1903,3689,-117,8,8,월
2022-08-08,우이신설선,화계,2848,2732,5580,116,8,8,월
2022-08-08,우이신설선,가오리,3729,3868,7597,-139,8,8,월
2022-08-08,우이신설선,4.19민주묘지,2252,2199,4451,53,8,8,월
2022-08-08,우이신설선,솔밭공원,2153,2059,4212,94,8,8,월
2022-08-08,우이신설선,북한산우이,2138,1957,4095,181,8,8,월
2022-08-08,안산선,수리산,3648,3061,6709,587,8,8,월
2022-08-08,수인선,인하대,4928,4711,9639,217,8,8,월
2022-08-08,수인선,숭의,3481,3190,6671,291,8,8,월
2022-08-08,수인선,신포,1292,1303,2595,-11,8,8,월
2022-08-08,수인선,인천,880,1343,2223,-463,8,8,월
2022-08-08,신림선,샛강,2221,2527,4748,-306,8,8,월
2022-08-08,신림선,대방,1867,1720,3587,147,8,8,월
2022-08-08,신림선,서울지방병무청,2343,2767,5110,-424,8,8,월
2022-08-08,신림선,보라매,2943,2532,5475,411,8,8,월
2022-08-08,신림선,보라매공원,1668,1832,3500,-164,8,8,월
2022-08-08,신림선,보라매병원,7168,7140,14308,28,8,8,월
2022-08-08,신림선,당곡,3872,4027,7899,-155,8,8,월
2022-08-08,신림선,신림,1706,2347,4053,-641,8,8,월
2022-08-08,신림선,서원,2685,2421,5106,264,8,8,월
2022-08-08,신림선,서울대벤처타운,5775,6670,12445,-895,8,8,월
2022-08-08,신림선,관악산(서울대),1714,1744,3458,-30,8,8,월
2022-08-08,안산선,산본,14200,15377,29577,-1177,8,8,월
2022-08-08,안산선,반월,3759,3638,7397,121,8,8,월
2022-08-08,1호선,서울역,44544,43670,88214,874,8,8,월
2022-08-08,5호선,방화,5944,5814,11758,130,8,8,월
2022-08-08,9호선,염창,16285,15158,31443,1127,8,8,월
2022-08-08,1호선,시청,20943,22866,43809,-1923,8,8,월
2022-08-08,1호선,종각,36092,36408,72500,-316,8,8,월
2022-08-08,1호선,종로3가,21147,20913,42060,234,8,8,월
2022-08-08,1호선,종로5가,20208,20151,40359,57,8,8,월
2022-08-08,1호선,동대문,7884,7275,15159,609,8,8,월
2022-08-08,1호선,신설동,11498,11892,23390,-394,8,8,월
2022-08-08,1호선,제기동,13467,13714,27181,-247,8,8,월
2022-08-08,1호선,청량리(서울시립대입구),16351,16950,33301,-599,8,8,월
2022-08-08,1호선,동묘앞,4514,4901,9415,-387,8,8,월
2022-08-08,2호선,시청,23845,21974,45819,1871,8,8,월
2022-08-08,2호선,을지로입구,41824,41491,83315,333,8,8,월
2022-08-08,2호선,을지로3가,23887,23028,46915,859,8,8,월
2022-08-08,2호선,을지로4가,13098,12741,25839,357,8,8,월
2022-08-08,2호선,동대문역사문화공원(DDP),9502,10692,20194,-1190,8,8,월
2022-08-08,2호선,신당,11888,12547,24435,-659,8,8,월
2022-08-08,2호선,상왕십리,13159,13087,26246,72,8,8,월
2022-08-08,2호선,왕십리(성동구청),14178,11917,26095,2261,8,8,월
2022-08-08,2호선,한양대,6839,7006,13845,-167,8,8,월
2022-08-08,2호선,뚝섬,20890,22218,43108,-1328,8,8,월
2022-08-08,2호선,성수,35931,37643,73574,-1712,8,8,월
2022-08-08,2호선,건대입구,30126,32021,62147,-1895,8,8,월
2022-08-08,2호선,구의(광진구청),21997,22202,44199,-205,8,8,월
2022-08-08,2호선,강변(동서울터미널),31195,28751,59946,2444,8,8,월
2022-08-08,2호선,잠실나루,13507,13860,27367,-353,8,8,월
2022-08-08,2호선,잠실(송파구청),68501,67171,135672,1330,8,8,월
2022-08-08,2호선,잠실새내,20062,20373,40435,-311,8,8,월
2022-08-08,2호선,종합운동장,5936,6842,12778,-906,8,8,월
2022-08-08,2호선,삼성(무역센터),54770,52914,107684,1856,8,8,월
2022-08-08,2호선,선릉,57495,50550,108045,6945,8,8,월
2022-08-08,2호선,역삼,59278,61770,121048,-2492,8,8,월
2022-08-08,2호선,강남,86593,77893,164486,8700,8,8,월
2022-08-08,2호선,교대(법원.검찰청),33515,37152,70667,-3637,8,8,월
2022-08-08,2호선,서초,21523,20115,41638,1408,8,8,월
2022-08-08,2호선,방배,15019,15705,30724,-686,8,8,월
2022-08-08,2호선,사당,36000,37666,73666,-1666,8,8,월
2022-08-08,2호선,낙성대(강감찬),25522,25832,51354,-310,8,8,월
2022-08-08,2호선,서울대입구(관악구청),42722,42933,85655,-211,8,8,월
2022-08-08,2호선,봉천,22696,22188,44884,508,8,8,월
2022-08-08,2호선,신림,53869,52600,106469,1269,8,8,월
2022-08-08,2호선,신대방,23482,22603,46085,879,8,8,월
2022-08-08,2호선,구로디지털단지,57403,58416,115819,-1013,8,8,월
2022-08-08,2호선,대림(구로구청),22041,22631,44672,-590,8,8,월
2022-08-08,2호선,신도림,44560,48243,92803,-3683,8,8,월
2022-08-08,2호선,문래,21148,21553,42701,-405,8,8,월
2022-08-08,2호선,영등포구청,20875,21500,42375,-625,8,8,월
2022-08-08,2호선,당산,15522,19149,34671,-3627,8,8,월
2022-08-08,2호선,합정,28802,30089,58891,-1287,8,8,월
2022-08-08,2호선,홍대입구,51435,53175,104610,-1740,8,8,월
2022-08-08,2호선,신촌,30478,31107,61585,-629,8,8,월
2022-08-08,2호선,이대,12039,13257,25296,-1218,8,8,월
2022-08-08,2호선,아현,9360,9211,18571,149,8,8,월
2022-08-08,2호선,충정로(경기대입구),9795,10454,20249,-659,8,8,월
2022-08-08,2호선,용답,2550,2475,5025,75,8,8,월
2022-08-08,2호선,신답,1554,1951,3505,-397,8,8,월
2022-08-08,2호선,신설동,3481,3190,6671,291,8,8,월
2022-08-08,2호선,도림천,1355,1468,2823,-113,8,8,월
2022-08-08,2호선,양천구청,6273,6739,13012,-466,8,8,월
2022-08-08,2호선,신정네거리,9384,9922,19306,-538,8,8,월
2022-08-08,2호선,용두(동대문구청),2217,2215,4432,2,8,8,월
2022-08-08,3호선,지축,4706,4637,9343,69,8,8,월
2022-08-08,3호선,구파발,18713,18195,36908,518,8,8,월
2022-08-08,3호선,연신내,31703,30142,61845,1561,8,8,월
2022-08-08,3호선,불광,14164,15109,29273,-945,8,8,월
2022-08-08,3호선,녹번,14152,13169,27321,983,8,8,월
2022-08-08,3호선,홍제,15427,15099,30526,328,8,8,월
2022-08-08,3호선,무악재,3530,3749,7279,-219,8,8,월
2022-08-08,3호선,독립문,5590,5824,11414,-234,8,8,월
2022-08-08,3호선,경복궁(정부서울청사),18023,18017,36040,6,8,8,월
2022-08-08,3호선,안국,18860,18372,37232,488,8,8,월
2022-08-08,3호선,종로3가,10153,11228,21381,-1075,8,8,월
2022-08-08,3호선,을지로3가,11330,10650,21980,680,8,8,월
2022-08-08,3호선,동대입구,7106,7216,14322,-110,8,8,월
2022-08-08,3호선,약수,11622,11473,23095,149,8,8,월
2022-08-08,3호선,금호,7089,6849,13938,240,8,8,월
2022-08-08,3호선,옥수,8041,8609,16650,-568,8,8,월
2022-08-08,3호선,압구정,31030,32887,63917,-1857,8,8,월
2022-08-08,3호선,신사,28544,28105,56649,439,8,8,월
2022-08-08,3호선,잠원,4504,4679,9183,-175,8,8,월
2022-08-08,3호선,고속터미널,38079,35543,73622,2536,8,8,월
2022-08-08,3호선,교대(법원.검찰청),14096,9216,23312,4880,8,8,월
2022-08-08,3호선,남부터미널(예술의전당),28896,28639,57535,257,8,8,월
2022-08-08,3호선,양재(서초구청),36626,38624,75250,-1998,8,8,월
2022-08-08,3호선,매봉,12383,11722,24105,661,8,8,월
2022-08-08,3호선,도곡,5255,5253,10508,2,8,8,월
2022-08-08,3호선,대치,12113,11607,23720,506,8,8,월
2022-08-08,3호선,학여울,1933,2017,3950,-84,8,8,월
2022-08-08,3호선,대청,9628,9223,18851,405,8,8,월
2022-08-08,3호선,일원,10400,10342,20742,58,8,8,월
2022-08-08,3호선,수서,16935,17208,34143,-273,8,8,월
2022-08-08,3호선,가락시장,8313,8343,16656,-30,8,8,월
2022-08-08,3호선,경찰병원,7300,7458,14758,-158,8,8,월
2022-08-08,3호선,오금,5804,5507,11311,297,8,8,월
2022-08-08,4호선,당고개,7870,7055,14925,815,8,8,월
2022-08-08,4호선,상계,16586,15842,32428,744,8,8,월
2022-08-08,4호선,노원,16191,18262,34453,-2071,8,8,월
2022-08-08,4호선,창동,21957,23842,45799,-1885,8,8,월
2022-08-08,4호선,쌍문,25836,24513,50349,1323,8,8,월
2022-08-08,4호선,수유(강북구청),29404,30274,59678,-870,8,8,월
2022-08-08,4호선,미아(서울사이버대학),12741,12498,25239,243,8,8,월
2022-08-08,4호선,미아사거리,23108,22956,46064,152,8,8,월
2022-08-08,4호선,길음,17914,18418,36332,-504,8,8,월
2022-08-08,4호선,성신여대입구(돈암),17043,17071,34114,-28,8,8,월
2022-08-08,4호선,한성대입구(삼선교),11339,11181,22520,158,8,8,월
2022-08-08,4호선,혜화,29068,28676,57744,392,8,8,월
2022-08-08,4호선,동대문,15622,15756,31378,-134,8,8,월
2022-08-08,4호선,동대문역사문화공원(DDP),13159,11195,24354,1964,8,8,월
2022-08-08,4호선,충무로,24358,25186,49544,-828,8,8,월
2022-08-08,4호선,명동,18485,18996,37481,-511,8,8,월
2022-08-08,4호선,회현(남대문시장),15764,16226,31990,-462,8,8,월
2022-08-08,4호선,서울역,11438,17705,29143,-6267,8,8,월
2022-08-08,4호선,숙대입구(갈월),11886,11496,23382,390,8,8,월
2022-08-08,4호선,삼각지,4800,5059,9859,-259,8,8,월
2022-08-08,4호선,신용산,17812,17533,35345,279,8,8,월
2022-08-08,4호선,이촌(국립중앙박물관),8391,9035,17426,-644,8,8,월
2022-08-08,4호선,동작(현충원),1188,1630,2818,-442,8,8,월
2022-08-08,4호선,총신대입구(이수),16973,18401,35374,-1428,8,8,월
2022-08-08,4호선,사당,23660,18547,42207,5113,8,8,월
2022-08-08,4호선,남태령,1438,977,2415,461,8,8,월
2022-08-08,5호선,개화산,5160,4966,10126,194,8,8,월
2022-08-08,5호선,김포공항,7563,6870,14433,693,8,8,월
2022-08-08,5호선,송정,5954,5570,11524,384,8,8,월
2022-08-08,5호선,마곡,10245,10257,20502,-12,8,8,월
2022-08-08,5호선,발산,19294,19724,39018,-430,8,8,월
2022-08-08,5호선,우장산,12999,13119,26118,-120,8,8,월
2022-08-08,5호선,화곡,25851,24619,50470,1232,8,8,월
2022-08-08,5호선,까치산,26290,25484,51774,806,8,8,월
2022-08-08,5호선,신정(은행정),12736,10583,23319,2153,8,8,월
2022-08-08,5호선,목동,15180,16736,31916,-1556,8,8,월
2022-08-08,5호선,오목교(목동운동장앞),19509,20385,39894,-876,8,8,월
2022-08-08,5호선,양평,7232,7334,14566,-102,8,8,월
2022-08-08,5호선,영등포구청,3837,3916,7753,-79,8,8,월
2022-08-08,5호선,영등포시장,9310,9826,19136,-516,8,8,월
2022-08-08,5호선,신길,4182,4839,9021,-657,8,8,월
2022-08-08,5호선,여의도,30095,29684,59779,411,8,8,월
2022-08-08,5호선,여의나루,7571,8244,15815,-673,8,8,월
2022-08-08,5호선,마포,13883,14111,27994,-228,8,8,월
2022-08-08,5호선,공덕,13328,14025,27353,-697,8,8,월
2022-08-08,5호선,애오개,6413,6677,13090,-264,8,8,월
2022-08-08,5호선,충정로(경기대입구),4739,4802,9541,-63,8,8,월
2022-08-08,5호선,서대문,19729,18973,38702,756,8,8,월
2022-08-08,중앙선,상봉(시외버스터미널),4956,5010,9966,-54,8,8,월
2022-08-08,중앙선,망우,6785,6767,13552,18,8,8,월
2022-08-08,중앙선,양원,2539,2516,5055,23,8,8,월
2022-08-08,중앙선,구리,12115,12215,24330,-100,8,8,월
2022-08-08,중앙선,도농,9947,8957,18904,990,8,8,월
2022-08-08,중앙선,양정,607,533,1140,74,8,8,월
2022-08-08,중앙선,덕소,4890,4919,9809,-29,8,8,월
2022-08-08,중앙선,도심,2231,1704,3935,527,8,8,월
2022-08-08,중앙선,팔당,699,690,1389,9,8,8,월
2022-08-08,중앙선,운길산,580,546,1126,34,8,8,월
2022-08-08,중앙선,양수,1529,1509,3038,20,8,8,월
2022-08-08,중앙선,신원,165,134,299,31,8,8,월
2022-08-08,중앙선,국수,568,574,1142,-6,8,8,월
2022-08-08,중앙선,아신,493,451,944,42,8,8,월
2022-08-08,중앙선,오빈,281,255,536,26,8,8,월
2022-08-08,중앙선,양평,2740,2671,5411,69,8,8,월
2022-08-08,중앙선,원덕,336,300,636,36,8,8,월
2022-08-08,중앙선,용문,1610,1589,3199,21,8,8,월
2022-08-08,중앙선,지평,52,55,107,-3,8,8,월
2022-08-08,5호선,광화문(세종문화회관),31637,30489,62126,1148,8,8,월
2022-08-08,5호선,종로3가,11165,10558,21723,607,8,8,월
2022-08-08,5호선,을지로4가,5690,5613,11303,77,8,8,월
2022-08-08,5호선,동대문역사문화공원(DDP),3481,3687,7168,-206,8,8,월
2022-08-08,5호선,청구,3376,3186,6562,190,8,8,월
2022-08-08,5호선,신금호,5598,6015,11613,-417,8,8,월
2022-08-08,5호선,행당,7443,7109,14552,334,8,8,월
2022-08-08,5호선,왕십리(성동구청),4048,4645,8693,-597,8,8,월
2022-08-08,5호선,마장,5155,4921,10076,234,8,8,월
2022-08-08,5호선,답십리,14879,14037,28916,842,8,8,월
2022-08-08,5호선,장한평,17007,17284,34291,-277,8,8,월
2022-08-08,5호선,군자(능동),9885,10960,20845,-1075,8,8,월
2022-08-08,5호선,아차산(어린이대공원후문),12088,12151,24239,-63,8,8,월
2022-08-08,5호선,광나루(장신대),11813,10741,22554,1072,8,8,월
2022-08-08,5호선,천호(풍납토성),15031,14851,29882,180,8,8,월
2022-08-08,5호선,강동,17763,17663,35426,100,8,8,월
2022-08-08,5호선,길동,7645,7970,15615,-325,8,8,월
2022-08-08,5호선,굽은다리(강동구민회관앞),8870,8862,17732,8,8,8,월
2022-08-08,안산선,오이도,7513,7144,14657,369,8,8,월
2022-08-08,안산선,정왕,6942,7235,14177,-293,8,8,월
2022-08-08,안산선,신길온천,1681,1414,3095,267,8,8,월
2022-08-08,안산선,안산,10757,10027,20784,730,8,8,월
2022-08-08,안산선,초지,4338,4240,8578,98,8,8,월
2022-08-08,안산선,고잔,8221,7504,15725,717,8,8,월
2022-08-08,안산선,중앙,15658,15977,31635,-319,8,8,월
2022-08-08,안산선,한대앞,7968,8038,16006,-70,8,8,월
2022-08-08,안산선,상록수,14088,14320,28408,-232,8,8,월
2022-08-08,5호선,명일,7855,8461,16316,-606,8,8,월
2022-08-08,5호선,고덕,8658,8954,17612,-296,8,8,월
2022-08-08,5호선,상일동,13934,13730,27664,204,8,8,월
2022-08-08,5호선,둔촌동,7368,7513,14881,-145,8,8,월
2022-08-08,5호선,올림픽공원(한국체대),3699,3173,6872,526,8,8,월
2022-08-08,5호선,방이,6776,7086,13862,-310,8,8,월
2022-08-08,5호선,오금,3389,3394,6783,-5,8,8,월
2022-08-08,5호선,개롱,6057,6386,12443,-329,8,8,월
2022-08-08,5호선,거여,9298,9216,18514,82,8,8,월
2022-08-08,5호선,마천,6437,6377,12814,60,8,8,월
2022-08-08,5호선,강일,3992,3958,7950,34,8,8,월
2022-08-08,5호선,미사,14761,15458,30219,-697,8,8,월
2022-08-08,5호선,하남풍산,3734,3903,7637,-169,8,8,월
2022-08-08,5호선,하남시청(덕풍·신장),5973,5943,11916,30,8,8,월
2022-08-08,5호선,하남검단산,4933,4885,9818,48,8,8,월
2022-08-08,6호선,응암,15648,15950,31598,-302,8,8,월
2022-08-08,6호선,역촌,3641,4241,7882,-600,8,8,월
2022-08-08,6호선,불광,4042,3861,7903,181,8,8,월
2022-08-08,6호선,독바위,2520,2708,5228,-188,8,8,월
2022-08-08,6호선,구산,6825,5590,12415,1235,8,8,월
2022-08-08,6호선,새절(신사),11162,10789,21951,373,8,8,월
2022-08-08,6호선,증산(명지대앞),8962,9061,18023,-99,8,8,월
2022-08-08,6호선,디지털미디어시티,13320,15182,28502,-1862,8,8,월
2022-08-08,6호선,월드컵경기장(성산),3481,3633,7114,-152,8,8,월
2022-08-08,6호선,마포구청,13182,12162,25344,1020,8,8,월
2022-08-08,6호선,망원,12585,13357,25942,-772,8,8,월
2022-08-08,6호선,합정,12006,11643,23649,363,8,8,월
2022-08-08,안산선,대야미,4390,4029,8419,361,8,8,월
2022-08-08,우이신설선,신설동,1737,1679,3416,58,8,8,월
2022-08-08,일산선,원흥,9947,9502,19449,445,8,8,월
2022-08-08,일산선,삼송,17450,17130,34580,320,8,8,월
2022-08-08,일산선,원당,9441,9063,18504,378,8,8,월
2022-08-08,일산선,화정,14707,15153,29860,-446,8,8,월
2022-08-08,일산선,대곡,1893,1486,3379,407,8,8,월
2022-08-08,일산선,백석,8758,8932,17690,-174,8,8,월
2022-08-08,일산선,마두,7000,7316,14316,-316,8,8,월
2022-08-08,일산선,정발산,5984,6049,12033,-65,8,8,월
2022-08-08,일산선,주엽,8321,8341,16662,-20,8,8,월
2022-08-08,일산선,대화,11956,9359,21315,2597,8,8,월
2022-08-08,장항선,봉명,1278,1243,2521,35,8,8,월
2022-08-08,장항선,쌍용(나사렛대),1779,1600,3379,179,8,8,월
2022-08-08,장항선,아산,2728,2541,5269,187,8,8,월
2022-08-08,장항선,탕정,786,667,1453,119,8,8,월
2022-08-08,장항선,배방,995,837,1832,158,8,8,월
2022-08-08,6호선,상수,8513,9341,17854,-828,8,8,월
2022-08-08,6호선,광흥창(서강),8704,8717,17421,-13,8,8,월
2022-08-08,6호선,대흥(서강대앞),7446,7869,15315,-423,8,8,월
2022-08-08,6호선,공덕,17137,17031,34168,106,8,8,월
2022-08-08,6호선,효창공원앞,6443,6043,12486,400,8,8,월
2022-08-08,6호선,삼각지,5982,5371,11353,611,8,8,월
2022-08-08,6호선,녹사평(용산구청),3777,3809,7586,-32,8,8,월
2022-08-08,6호선,이태원,8684,8949,17633,-265,8,8,월
2022-08-08,6호선,한강진,6267,7081,13348,-814,8,8,월
2022-08-08,6호선,버티고개,2060,2164,4224,-104,8,8,월
2022-08-08,6호선,약수,3409,3372,6781,37,8,8,월
2022-08-08,6호선,청구,3106,3280,6386,-174,8,8,월
2022-08-08,6호선,신당,5762,5580,11342,182,8,8,월
2022-08-08,6호선,동묘앞,5901,6252,12153,-351,8,8,월
2022-08-08,6호선,창신,3154,2669,5823,485,8,8,월
2022-08-08,6호선,보문,6597,6269,12866,328,8,8,월
2022-08-08,6호선,안암(고대병원앞),9944,9805,19749,139,8,8,월
2022-08-08,6호선,고려대(종암),7324,7318,14642,6,8,8,월
2022-08-08,6호선,월곡(동덕여대),10486,10464,20950,22,8,8,월
2022-08-08,6호선,상월곡(한국과학기술연구원),5503,5034,10537,469,8,8,월
2022-08-08,6호선,돌곶이,8344,7899,16243,445,8,8,월
2022-08-08,6호선,석계,11121,12266,23387,-1145,8,8,월
2022-08-08,6호선,태릉입구,4972,5135,10107,-163,8,8,월
2022-08-08,6호선,화랑대(서울여대입구),10255,8178,18433,2077,8,8,월
2022-08-08,6호선,봉화산(서울의료원),8203,7834,16037,369,8,8,월
2022-08-08,7호선,장암,2205,878,3083,1327,8,8,월
2022-08-08,7호선,도봉산,8261,9700,17961,-1439,8,8,월
2022-08-08,7호선,수락산,11202,11476,22678,-274,8,8,월
2022-08-08,7호선,마들,12056,11684,23740,372,8,8,월
2022-08-08,7호선,노원,18783,18812,37595,-29,8,8,월
2022-08-08,7호선,중계,12954,12329,25283,625,8,8,월
2022-08-08,7호선,하계,15993,15287,31280,706,8,8,월
2022-08-08,7호선,공릉(서울과학기술대),10231,10550,20781,-319,8,8,월
2022-08-08,7호선,태릉입구,7623,7294,14917,329,8,8,월
2022-08-08,7호선,먹골,9425,9646,19071,-221,8,8,월
2022-08-08,7호선,중화,9734,9758,19492,-24,8,8,월
2022-08-08,7호선,상봉(시외버스터미널),15314,14527,29841,787,8,8,월
2022-08-08,7호선,면목,14002,14084,28086,-82,8,8,월
2022-08-08,7호선,사가정,14617,14761,29378,-144,8,8,월
2022-08-08,7호선,용마산(용마폭포공원),5464,5427,10891,37,8,8,월
2022-08-08,7호선,중곡,10053,9839,19892,214,8,8,월
2022-08-08,7호선,군자(능동),13989,11513,25502,2476,8,8,월
2022-08-08,7호선,어린이대공원(세종대),11778,11868,23646,-90,8,8,월
2022-08-08,7호선,건대입구,12353,12864,25217,-511,8,8,월
2022-08-08,7호선,뚝섬유원지,6507,6559,13066,-52,8,8,월
2022-08-08,7호선,청담,19383,21534,40917,-2151,8,8,월
2022-08-08,7호선,강남구청,16176,17613,33789,-1437,8,8,월
2022-08-08,7호선,학동,24385,25053,49438,-668,8,8,월
2022-08-08,7호선,논현,18563,18961,37524,-398,8,8,월
2022-08-08,7호선,반포,5779,5575,11354,204,8,8,월
2022-08-08,7호선,고속터미널,16171,12951,29122,3220,8,8,월
2022-08-08,7호선,내방,14233,14980,29213,-747,8,8,월
2022-08-08,7호선,이수,13401,14195,27596,-794,8,8,월
2022-08-08,7호선,남성,10689,11063,21752,-374,8,8,월
2022-08-08,7호선,숭실대입구(살피재),11022,11264,22286,-242,8,8,월
2022-08-08,7호선,상도,10149,10236,20385,-87,8,8,월
2022-08-08,7호선,장승배기,8939,8850,17789,89,8,8,월
2022-08-08,7호선,신대방삼거리,14322,14075,28397,247,8,8,월
2022-08-08,7호선,보라매,7479,7307,14786,172,8,8,월
2022-08-08,7호선,신풍,11123,10823,21946,300,8,8,월
2022-08-08,7호선,대림(구로구청),8209,8119,16328,90,8,8,월
2022-08-08,7호선,남구로,15933,16385,32318,-452,8,8,월
2022-08-08,7호선,가산디지털단지,46835,45526,92361,1309,8,8,월
2022-08-08,7호선,철산,19261,20204,39465,-943,8,8,월
2022-08-08,7호선,광명사거리,19535,19401,38936,134,8,8,월
2022-08-08,7호선,천왕,10459,10350,20809,109,8,8,월
2022-08-08,7호선,온수(성공회대입구),9419,9994,19413,-575,8,8,월
2022-08-08,8호선,암사,17670,15949,33619,1721,8,8,월
2022-08-08,8호선,천호(풍납토성),13210,14493,27703,-1283,8,8,월
2022-08-08,8호선,강동구청,9908,10522,20430,-614,8,8,월
2022-08-08,8호선,몽촌토성(평화의문),5678,6093,11771,-415,8,8,월
2022-08-08,8호선,잠실(송파구청),15487,16790,32277,-1303,8,8,월
2022-08-08,8호선,석촌,7179,8396,15575,-1217,8,8,월
2022-08-08,8호선,송파,8553,9162,17715,-609,8,8,월
2022-08-08,8호선,가락시장,7237,7889,15126,-652,8,8,월
2022-08-08,8호선,문정,22371,22961,45332,-590,8,8,월
2022-08-08,8호선,장지,16255,15975,32230,280,8,8,월
2022-08-08,8호선,복정,8265,7290,15555,975,8,8,월
2022-08-08,8호선,산성,4712,4845,9557,-133,8,8,월
2022-08-08,8호선,남한산성입구(성남법원.검찰청),12001,11249,23250,752,8,8,월
2022-08-08,8호선,단대오거리,9333,9477,18810,-144,8,8,월
2022-08-08,8호선,신흥,3990,4297,8287,-307,8,8,월
2022-08-08,8호선,수진,4961,4758,9719,203,8,8,월
2022-08-08,8호선,모란,4158,3112,7270,1046,8,8,월
2022-08-08,8호선,남위례,4773,5034,9807,-261,8,8,월
2022-08-08,9호선,개화,2552,1729,4281,823,8,8,월
2022-08-08,9호선,김포공항,7458,10025,17483,-2567,8,8,월
2022-08-08,9호선,공항시장,2806,3092,5898,-286,8,8,월
2022-08-08,9호선,신방화,6288,6322,12610,-34,8,8,월
2022-08-08,9호선,마곡나루(서울식물원),11666,11227,22893,439,8,8,월
2022-08-08,9호선,양천향교,9319,9642,18961,-323,8,8,월
2022-08-08,9호선,가양,19537,18771,38308,766,8,8,월
2022-08-08,9호선,증미,7318,7229,14547,89,8,8,월
2022-08-08,9호선,등촌,11113,11020,22133,93,8,8,월
2022-08-08,9호선,신목동,3907,3491,7398,416,8,8,월
2022-08-08,9호선,선유도,9127,8590,17717,537,8,8,월
2022-08-08,9호선,당산,17704,17867,35571,-163,8,8,월
2022-08-08,9호선,국회의사당,17762,17254,35016,508,8,8,월
2022-08-08,9호선,여의도,28399,26578,54977,1821,8,8,월
2022-08-08,9호선,샛강,6631,6403,13034,228,8,8,월
2022-08-08,9호선,노량진,23903,25091,48994,-1188,8,8,월
2022-08-08,9호선,노들,4097,3286,7383,811,8,8,월
2022-08-08,9호선,흑석(중앙대입구),7111,7460,14571,-349,8,8,월
2022-08-08,9호선,동작(현충원),1573,1176,2749,397,8,8,월
2022-08-08,9호선,구반포,1231,1246,2477,-15,8,8,월
2022-08-08,9호선,신반포,3258,3265,6523,-7,8,8,월
2022-08-08,9호선,고속터미널,10890,15365,26255,-4475,8,8,월
2022-08-08,9호선,사평,3582,3746,7328,-164,8,8,월
2022-08-08,9호선,신논현,28909,30924,59833,-2015,8,8,월
2022-08-08,9호선2~3단계,언주,11763,11742,23505,21,8,8,월
2022-08-08,9호선2~3단계,선정릉,9821,10674,20495,-853,8,8,월
2022-08-08,9호선2~3단계,삼성중앙,7825,8115,15940,-290,8,8,월
2022-08-08,9호선2~3단계,봉은사,18312,18310,36622,2,8,8,월
2022-08-08,9호선2~3단계,종합운동장,4454,4245,8699,209,8,8,월
2022-08-08,9호선2~3단계,삼전,6946,7054,14000,-108,8,8,월
2022-08-08,9호선2~3단계,석촌고분,6325,6465,12790,-140,8,8,월
2022-08-08,9호선2~3단계,석촌,7939,6695,14634,1244,8,8,월
2022-08-08,9호선2~3단계,송파나루,5107,5361,10468,-254,8,8,월
2022-08-08,9호선2~3단계,한성백제,2679,2413,5092,266,8,8,월
2022-08-08,9호선2~3단계,올림픽공원(한국체대),5343,5316,10659,27,8,8,월
2022-08-08,9호선2~3단계,둔촌오륜,934,901,1835,33,8,8,월
2022-08-08,9호선2~3단계,중앙보훈병원,11088,9608,20696,1480,8,8,월
2022-08-08,경강선,판교,5259,4973,10232,286,8,8,월
2022-08-08,경강선,이매,1005,942,1947,63,8,8,월
2022-08-08,경강선,삼동,2301,2285,4586,16,8,8,월
2022-08-08,경강선,경기광주,7181,6932,14113,249,8,8,월
2022-08-08,경강선,초월,2906,2837,5743,69,8,8,월
2022-08-08,경강선,곤지암,1885,1866,3751,19,8,8,월
2022-08-08,경강선,신둔도예촌,1435,1365,2800,70,8,8,월
2022-08-08,경강선,이천,2539,2679,5218,-140,8,8,월
2022-08-08,경강선,부발,1859,2048,3907,-189,8,8,월
2022-08-08,경강선,세종대왕릉,332,317,649,15,8,8,월
2022-08-08,경강선,여주,2058,1987,4045,71,8,8,월
2022-08-08,경부선,서울역,7561,2571,10132,4990,8,8,월
2022-08-08,경부선,남영,7810,8916,16726,-1106,8,8,월
2022-08-08,경부선,용산,35943,37628,73571,-1685,8,8,월
2022-08-08,경부선,노량진,6312,6274,12586,38,8,8,월
2022-08-08,경부선,대방,10020,11093,21113,-1073,8,8,월
2022-08-08,경부선,영등포,33442,35307,68749,-1865,8,8,월
2022-08-08,경부선,신도림,3327,3688,7015,-361,8,8,월
2022-08-08,경부선,신길,7971,7552,15523,419,8,8,월
2022-08-08,경부선,구로,17413,21138,38551,-3725,8,8,월
2022-08-08,경부선,가산디지털단지,16716,20758,37474,-4042,8,8,월
2022-08-08,경부선,금천구청,9857,9306,19163,551,8,8,월
2022-08-08,경부선,석수,8294,7005,15299,1289,8,8,월
2022-08-08,경부선,관악,6390,5770,12160,620,8,8,월
2022-08-08,경부선,안양,18683,17916,36599,767,8,8,월
2022-08-08,경부선,명학,8218,8412,16630,-194,8,8,월
2022-08-08,경부선,금정,24674,26756,51430,-2082,8,8,월
2022-08-08,경부선,군포,6738,6907,13645,-169,8,8,월
2022-08-08,경부선,의왕,7606,7650,15256,-44,8,8,월
2022-08-08,경부선,성균관대,12432,11619,24051,813,8,8,월
2022-08-08,경부선,화서,7306,6282,13588,1024,8,8,월
2022-08-08,경부선,수원,29268,31786,61054,-2518,8,8,월
2022-08-08,경부선,독산,17782,18360,36142,-578,8,8,월
2022-08-08,경부선,세류,2749,2308,5057,441,8,8,월
2022-08-08,경부선,병점,12207,11704,23911,503,8,8,월
2022-08-08,경부선,세마,2574,2254,4828,320,8,8,월
2022-08-08,경부선,오산대,2876,2614,5490,262,8,8,월
2022-08-08,경부선,오산,8548,8551,17099,-3,8,8,월
2022-08-08,경부선,진위,1640,1445,3085,195,8,8,월
2022-08-08,경부선,송탄,3899,3607,7506,292,8,8,월
2022-08-08,경부선,서정리,6079,5938,12017,141,8,8,월
2022-08-08,경부선,평택지제,3561,3520,7081,41,8,8,월
2022-08-08,경부선,평택,10048,9597,19645,451,8,8,월
2022-08-08,경부선,성환,3106,3018,6124,88,8,8,월
2022-08-08,경부선,직산,816,732,1548,84,8,8,월
2022-08-08,경부선,두정,4669,4649,9318,20,8,8,월
2022-08-08,경부선,천안,4589,4963,9552,-374,8,8,월
2022-08-08,경부선,당정,5569,5072,10641,497,8,8,월
2022-08-08,경부선,서동탄,1309,1005,2314,304,8,8,월
2022-08-08,경부선,광명,3286,2869,6155,417,8,8,월
2022-08-08,경원선,이촌(국립중앙박물관),3426,2787,6213,639,8,8,월
2022-08-08,경원선,서빙고,1801,1705,3506,96,8,8,월
2022-08-08,경원선,한남,3817,3668,7485,149,8,8,월
2022-08-08,경원선,옥수,36,30,66,6,8,8,월
2022-08-08,경원선,응봉,1549,1419,2968,130,8,8,월
2022-08-08,경원선,왕십리(성동구청),13120,15085,28205,-1965,8,8,월
2022-08-08,경원선,청량리(서울시립대입구),14790,14662,29452,128,8,8,월
2022-08-08,경원선,외대앞,6533,6623,13156,-90,8,8,월
2022-08-08,경원선,신이문,7530,6853,14383,677,8,8,월
2022-08-08,경원선,석계,6833,7782,14615,-949,8,8,월
2022-08-08,경원선,광운대,6385,6396,12781,-11,8,8,월
2022-08-08,경원선,월계,5505,5016,10521,489,8,8,월
2022-08-08,경원선,녹천,4219,3440,7659,779,8,8,월
2022-08-08,경원선,창동,1,0,1,1,8,8,월
2022-08-08,경원선,방학,8276,8016,16292,260,8,8,월
2022-08-08,경원선,도봉,5200,4832,10032,368,8,8,월
2022-08-08,경원선,도봉산,5457,3672,9129,1785,8,8,월
2022-08-08,경원선,망월사,6641,6561,13202,80,8,8,월
2022-08-08,경원선,회룡,10855,10403,21258,452,8,8,월
2022-08-08,경원선,의정부,15086,15137,30223,-51,8,8,월
2022-08-08,경원선,가능,5799,5404,11203,395,8,8,월
2022-08-08,경원선,녹양,4020,3647,7667,373,8,8,월
2022-08-08,경원선,양주,6597,5822,12419,775,8,8,월
2022-08-08,경원선,덕계,2802,2431,5233,371,8,8,월
2022-08-08,경원선,덕정,4496,4329,8825,167,8,8,월
2022-08-08,경원선,지행,5522,5182,10704,340,8,8,월
2022-08-08,경원선,동두천중앙,2691,2548,5239,143,8,8,월
2022-08-08,경원선,보산,1388,1154,2542,234,8,8,월
2022-08-08,경원선,동두천,1826,1971,3797,-145,8,8,월
2022-08-08,경원선,소요산,1845,1457,3302,388,8,8,월
2022-08-08,경의선,서울역,4042,5350,9392,-1308,8,8,월
2022-08-08,경의선,신촌,875,1155,2030,-280,8,8,월
2022-08-08,경의선,효창공원앞,2945,3416,6361,-471,8,8,월
2022-08-08,경의선,공덕,3863,3096,6959,767,8,8,월
2022-08-08,경의선,서강대,1866,1913,3779,-47,8,8,월
2022-08-08,경의선,홍대입구,1490,1833,3323,-343,8,8,월
2022-08-08,경의선,가좌,4976,4815,9791,161,8,8,월
2022-08-08,경의선,디지털미디어시티,2498,2237,4735,261,8,8,월
2022-08-08,경의선,수색,2506,2686,5192,-180,8,8,월
2022-08-08,경의선,화전,1431,1344,2775,87,8,8,월
2022-08-08,경의선,강매,2845,2453,5298,392,8,8,월
2022-08-08,경의선,행신,7334,7540,14874,-206,8,8,월
2022-08-08,경의선,능곡,3483,3138,6621,345,8,8,월
2022-08-08,경의선,곡산,526,530,1056,-4,8,8,월
2022-08-08,경의선,백마,6306,6055,12361,251,8,8,월
2022-08-08,경의선,풍산,4902,4505,9407,397,8,8,월
2022-08-08,경의선,일산,8722,8406,17128,316,8,8,월
2022-08-08,경의선,탄현,7242,6977,14219,265,8,8,월
2022-08-08,경의선,야당,6752,6609,13361,143,8,8,월
2022-08-08,경의선,운정,6265,5707,11972,558,8,8,월
2022-08-08,경의선,금릉,4285,4020,8305,265,8,8,월
2022-08-08,경의선,금촌,5395,5392,10787,3,8,8,월
2022-08-08,경의선,월롱,2293,2418,4711,-125,8,8,월
2022-08-08,경의선,파주,1039,687,1726,352,8,8,월
2022-08-08,경의선,문산,4502,4429,8931,73,8,8,월
2022-08-08,경의선,임진강,6,3,9,3,8,8,월
2022-08-08,경의선,검암,1,0,1,1,8,8,월
2022-08-08,경인선,개봉,18606,17657,36263,949,8,8,월
2022-08-08,경인선,오류동,10093,8405,18498,1688,8,8,월
2022-08-08,경인선,역곡,23286,20785,44071,2501,8,8,월
2022-08-08,경인선,부천,26337,25101,51438,1236,8,8,월
2022-08-08,경인선,송내,23763,21990,45753,1773,8,8,월
2022-08-08,경인선,부평,24951,24732,49683,219,8,8,월
2022-08-08,경인선,백운,5999,5421,11420,578,8,8,월
2022-08-08,경인선,동암,13710,12204,25914,1506,8,8,월
2022-08-08,경인선,주안,15963,13001,28964,2962,8,8,월
2022-08-08,경인선,제물포,8637,7823,16460,814,8,8,월
2022-08-08,경인선,동인천,10765,9948,20713,817,8,8,월
2022-08-08,경인선,인천,2804,2125,4929,679,8,8,월
2022-08-08,경인선,구일,5412,6118,11530,-706,8,8,월
2022-08-08,경인선,소사,7213,6853,14066,360,8,8,월
2022-08-08,경인선,부개,7851,6932,14783,919,8,8,월
2022-08-08,경인선,간석,5058,4493,9551,565,8,8,월
2022-08-08,경인선,도원,2279,2170,4449,109,8,8,월
2022-08-08,경인선,온수(성공회대입구),5942,5491,11433,451,8,8,월
2022-08-08,경인선,중동,8317,7247,15564,1070,8,8,월
2022-08-08,경인선,도화,3543,3077,6620,466,8,8,월
2022-08-08,경춘선,신내,1901,1807,3708,94,8,8,월
2022-08-08,경춘선,갈매,2585,2293,4878,292,8,8,월
2022-08-08,경춘선,별내,2777,2600,5377,177,8,8,월
2022-08-08,경춘선,퇴계원,3176,2914,6090,262,8,8,월
2022-08-08,경춘선,사릉,2106,2015,4121,91,8,8,월
2022-08-08,경춘선,금곡,1285,1257,2542,28,8,8,월
2022-08-08,경춘선,평내호평,5512,5328,10840,184,8,8,월
2022-08-08,경춘선,천마산,1405,1309,2714,96,8,8,월
2022-08-08,경춘선,마석,3583,3381,6964,202,8,8,월
2022-08-08,경춘선,대성리,737,916,1653,-179,8,8,월
2022-08-08,경춘선,청평,1720,1661,3381,59,8,8,월
2022-08-08,경춘선,상천,196,187,383,9,8,8,월
2022-08-08,경춘선,가평,2275,2953,5228,-678,8,8,월
2022-08-08,경춘선,굴봉산,122,91,213,31,8,8,월
2022-08-08,경춘선,백양리,107,85,192,22,8,8,월
2022-08-08,경춘선,강촌,400,379,779,21,8,8,월
2022-08-08,경춘선,김유정,239,220,459,19,8,8,월
2022-08-08,경춘선,남춘천,2125,2136,4261,-11,8,8,월
2022-08-08,경춘선,춘천,1042,1037,2079,5,8,8,월
2022-08-08,공항철도 1호선,서울역,8530,8271,16801,259,8,8,월
2022-08-08,공항철도 1호선,공덕,2290,3127,5417,-837,8,8,월
2022-08-08,공항철도 1호선,홍대입구,9811,10034,19845,-223,8,8,월
2022-08-08,공항철도 1호선,디지털미디어시티,14269,12956,27225,1313,8,8,월
2022-08-08,공항철도 1호선,마곡나루(서울식물원),8484,8046,16530,438,8,8,월
2022-08-08,공항철도 1호선,김포공항,12093,6556,18649,5537,8,8,월
2022-08-08,공항철도 1호선,계양,10314,9459,19773,855,8,8,월
2022-08-08,공항철도 1호선,검암,6006,5835,11841,171,8,8,월
2022-08-08,공항철도 1호선,청라국제도시,6455,6116,12571,339,8,8,월
2022-08-08,공항철도 1호선,운서,6838,6948,13786,-110,8,8,월
2022-08-08,공항철도 1호선,공항화물청사,2243,2405,4648,-162,8,8,월
2022-08-08,공항철도 1호선,인천공항1터미널,7866,7104,14970,762,8,8,월
2022-08-08,공항철도 1호선,인천공항2터미널,3766,3156,6922,610,8,8,월
2022-08-08,공항철도 1호선,영종,3255,3165,6420,90,8,8,월
2022-08-08,과천선,선바위,7500,6368,13868,1132,8,8,월
2022-08-08,과천선,경마공원,768,770,1538,-2,8,8,월
2022-08-08,과천선,대공원,1362,1402,2764,-40,8,8,월
2022-08-08,과천선,과천,5900,5976,11876,-76,8,8,월
2022-08-08,과천선,정부과천청사,10743,10710,21453,33,8,8,월
2022-08-08,과천선,인덕원,21842,23765,45607,-1923,8,8,월
2022-08-08,과천선,평촌,16494,16506,33000,-12,8,8,월
2022-08-08,과천선,범계,23148,23834,46982,-686,8,8,월
2022-08-08,분당선,선릉,14095,20408,34503,-6313,8,8,월
2022-08-08,분당선,한티,16973,16624,33597,349,8,8,월
2022-08-08,분당선,도곡,7079,7136,14215,-57,8,8,월
2022-08-08,분당선,구룡,1767,1658,3425,109,8,8,월
2022-08-08,분당선,개포동,3752,4030,7782,-278,8,8,월
2022-08-08,분당선,대모산입구,4552,4528,9080,24,8,8,월
2022-08-08,분당선,수서,13619,13993,27612,-374,8,8,월
2022-08-08,분당선,수원,6972,5971,12943,1001,8,8,월
2022-08-08,분당선,서울숲,10086,10115,20201,-29,8,8,월
2022-08-08,분당선,압구정로데오,16357,17097,33454,-740,8,8,월
2022-08-08,분당선,강남구청,9427,10600,20027,-1173,8,8,월
2022-08-08,분당선,선정릉,8358,8782,17140,-424,8,8,월
2022-08-08,분당선,가천대,6324,7252,13576,-928,8,8,월
2022-08-08,분당선,태평,12258,11854,24112,404,8,8,월
2022-08-08,분당선,모란,17501,17619,35120,-118,8,8,월
2022-08-08,분당선,야탑,23952,24770,48722,-818,8,8,월
2022-08-08,분당선,서현,22097,22606,44703,-509,8,8,월
2022-08-08,분당선,수내,13078,13114,26192,-36,8,8,월
2022-08-08,분당선,정자,17064,18335,35399,-1271,8,8,월
2022-08-08,분당선,미금,13961,14834,28795,-873,8,8,월
2022-08-08,분당선,오리,10692,8792,19484,1900,8,8,월
2022-08-08,분당선,이매,4930,4957,9887,-27,8,8,월
2022-08-08,분당선,보정,2277,2005,4282,272,8,8,월
2022-08-08,분당선,죽전,10528,12079,22607,-1551,8,8,월
2022-08-08,분당선,구성,4626,5062,9688,-436,8,8,월
2022-08-08,분당선,신갈,4298,4198,8496,100,8,8,월
2022-08-08,분당선,기흥,9214,9094,18308,120,8,8,월
2022-08-08,분당선,상갈,4821,4975,9796,-154,8,8,월
2022-08-08,분당선,청명,3908,3975,7883,-67,8,8,월
2022-08-08,분당선,영통,7277,7569,14846,-292,8,8,월
2022-08-08,분당선,망포,13313,13171,26484,142,8,8,월
2022-08-08,분당선,매탄권선,4636,4538,9174,98,8,8,월
2022-08-08,분당선,수원시청,11311,12042,23353,-731,8,8,월
2022-08-08,분당선,매교,2803,2818,5621,-15,8,8,월
2022-08-08,수인선,고색,4180,3993,8173,187,8,8,월
2022-08-08,수인선,오목천,2530,2431,4961,99,8,8,월
2022-08-09,경부선,송탄,3561,3576,7137,-15,8,9,화
2022-08-09,경부선,서정리,5718,5440,11158,278,8,9,화
2022-08-09,경부선,평택지제,3261,3203,6464,58,8,9,화
2022-08-09,경부선,평택,9079,9394,18473,-315,8,9,화
2022-08-09,경부선,성환,2836,2839,5675,-3,8,9,화
2022-08-09,경부선,직산,727,686,1413,41,8,9,화
2022-08-09,경부선,두정,4461,4453,8914,8,8,9,화
2022-08-09,경부선,천안,4312,4565,8877,-253,8,9,화
2022-08-09,경부선,당정,5288,5227,10515,61,8,9,화
2022-08-09,경부선,서동탄,1461,1232,2693,229,8,9,화
2022-08-09,경부선,광명,2958,2513,5471,445,8,9,화
2022-08-09,경원선,이촌(국립중앙박물관),3694,2942,6636,752,8,9,화
2022-08-09,경원선,서빙고,2580,1849,4429,731,8,9,화
2022-08-09,경원선,한남,3890,3635,7525,255,8,9,화
2022-08-09,경원선,옥수,52,36,88,16,8,9,화
2022-08-09,경원선,응봉,1593,1384,2977,209,8,9,화
2022-08-09,경원선,왕십리(성동구청),12577,14196,26773,-1619,8,9,화
2022-08-09,경원선,청량리(서울시립대입구),13317,13633,26950,-316,8,9,화
2022-08-09,경원선,외대앞,6199,6232,12431,-33,8,9,화
2022-08-09,경원선,신이문,7395,7008,14403,387,8,9,화
2022-08-09,경원선,석계,6789,7696,14485,-907,8,9,화
2022-08-09,경원선,광운대,6452,6198,12650,254,8,9,화
2022-08-09,경원선,월계,5445,5300,10745,145,8,9,화
2022-08-09,경원선,녹천,4110,3506,7616,604,8,9,화
2022-08-09,경원선,방학,8301,8211,16512,90,8,9,화
2022-08-09,경원선,도봉,5356,5237,10593,119,8,9,화
2022-08-09,경원선,도봉산,5317,3241,8558,2076,8,9,화
2022-08-09,경원선,망월사,6395,6919,13314,-524,8,9,화
2022-08-09,경원선,회룡,10786,10762,21548,24,8,9,화
2022-08-09,경원선,의정부,15902,16293,32195,-391,8,9,화
2022-08-09,경원선,가능,5773,5728,11501,45,8,9,화
2022-08-09,경원선,녹양,3842,3716,7558,126,8,9,화
2022-08-09,경원선,양주,6219,5898,12117,321,8,9,화
2022-08-09,경원선,덕계,2779,2471,5250,308,8,9,화
2022-08-09,경원선,덕정,4451,4397,8848,54,8,9,화
2022-08-09,경원선,지행,5477,5456,10933,21,8,9,화
2022-08-09,경원선,동두천중앙,2563,2460,5023,103,8,9,화
2022-08-09,경원선,보산,1270,1202,2472,68,8,9,화
2022-08-09,경원선,동두천,1739,1950,3689,-211,8,9,화
2022-08-09,경원선,소요산,1725,1423,3148,302,8,9,화
2022-08-09,경의선,서울역,4261,5284,9545,-1023,8,9,화
2022-08-09,경의선,신촌,933,1114,2047,-181,8,9,화
2022-08-09,경의선,효창공원앞,2859,3269,6128,-410,8,9,화
2022-08-09,경의선,공덕,3677,3067,6744,610,8,9,화
2022-08-09,경의선,서강대,1870,1892,3762,-22,8,9,화
2022-08-09,경의선,홍대입구,1327,1610,2937,-283,8,9,화
2022-08-09,경의선,가좌,4848,4784,9632,64,8,9,화
2022-08-09,경의선,디지털미디어시티,2574,2210,4784,364,8,9,화
2022-08-09,경의선,수색,2640,2791,5431,-151,8,9,화
2022-08-09,경의선,화전,1376,1271,2647,105,8,9,화
2022-08-09,경의선,강매,2793,2445,5238,348,8,9,화
2022-08-09,경의선,행신,7370,7876,15246,-506,8,9,화
2022-08-09,경의선,능곡,3223,3026,6249,197,8,9,화
2022-08-09,경의선,곡산,548,575,1123,-27,8,9,화
2022-08-09,경의선,백마,6191,6399,12590,-208,8,9,화
2022-08-09,경의선,풍산,4759,4555,9314,204,8,9,화
2022-08-09,경의선,일산,8184,8494,16678,-310,8,9,화
2022-08-09,경의선,탄현,6853,6916,13769,-63,8,9,화
2022-08-09,경의선,야당,6697,6607,13304,90,8,9,화
2022-08-09,경의선,운정,5924,5666,11590,258,8,9,화
2022-08-09,경의선,금릉,4296,4077,8373,219,8,9,화
2022-08-09,경의선,금촌,5330,5228,10558,102,8,9,화
2022-08-09,경의선,월롱,2626,2233,4859,393,8,9,화
2022-08-09,경의선,파주,976,652,1628,324,8,9,화
2022-08-09,경의선,문산,4304,4291,8595,13,8,9,화
2022-08-09,경의선,임진강,15,4,19,11,8,9,화
2022-08-09,경인선,개봉,17099,17616,34715,-517,8,9,화
2022-08-09,경인선,오류동,9500,9175,18675,325,8,9,화
2022-08-09,경인선,역곡,21765,22129,43894,-364,8,9,화
2022-08-09,경인선,부천,25182,25048,50230,134,8,9,화
2022-08-09,경인선,송내,22854,23187,46041,-333,8,9,화
2022-08-09,경인선,부평,22652,23852,46504,-1200,8,9,화
2022-08-09,경인선,백운,5819,5792,11611,27,8,9,화
2022-08-09,경인선,동암,12639,12949,25588,-310,8,9,화
2022-08-09,경인선,주안,14232,13409,27641,823,8,9,화
2022-08-09,경인선,제물포,8151,7935,16086,216,8,9,화
2022-08-09,경인선,동인천,10287,10048,20335,239,8,9,화
2022-08-09,경인선,인천,2567,1804,4371,763,8,9,화
2022-08-09,경인선,구일,5162,5227,10389,-65,8,9,화
2022-08-09,경인선,소사,6775,6018,12793,757,8,9,화
2022-08-09,경인선,부개,7169,6987,14156,182,8,9,화
2022-08-09,경인선,간석,4946,4844,9790,102,8,9,화
2022-08-09,경인선,도원,2146,2209,4355,-63,8,9,화
2022-08-09,경인선,온수(성공회대입구),5196,5105,10301,91,8,9,화
2022-08-09,경인선,중동,7737,7491,15228,246,8,9,화
2022-08-09,경인선,도화,3294,3200,6494,94,8,9,화
2022-08-09,경춘선,신내,1891,1835,3726,56,8,9,화
2022-08-09,경춘선,갈매,2562,2264,4826,298,8,9,화
2022-08-09,경춘선,별내,2673,2625,5298,48,8,9,화
2022-08-09,경춘선,퇴계원,3088,2864,5952,224,8,9,화
2022-08-09,경춘선,사릉,1929,1914,3843,15,8,9,화
2022-08-09,경춘선,금곡,1192,1227,2419,-35,8,9,화
2022-08-09,경춘선,평내호평,5114,5069,10183,45,8,9,화
2022-08-09,경춘선,천마산,1324,1205,2529,119,8,9,화
2022-08-09,경춘선,마석,3230,3199,6429,31,8,9,화
2022-08-09,경춘선,대성리,949,565,1514,384,8,9,화
2022-08-09,경춘선,청평,1698,1462,3160,236,8,9,화
2022-08-09,경춘선,상천,192,148,340,44,8,9,화
2022-08-09,경춘선,가평,2443,2005,4448,438,8,9,화
2022-08-09,경춘선,굴봉산,103,70,173,33,8,9,화
2022-08-09,경춘선,백양리,127,97,224,30,8,9,화
2022-08-09,경춘선,강촌,479,406,885,73,8,9,화
2022-08-09,경춘선,김유정,199,176,375,23,8,9,화
2022-08-09,경춘선,남춘천,1932,1911,3843,21,8,9,화
2022-08-09,경춘선,춘천,1005,892,1897,113,8,9,화
2022-08-09,공항철도 1호선,서울역,8513,7835,16348,678,8,9,화
2022-08-09,공항철도 1호선,공덕,2312,3012,5324,-700,8,9,화
2022-08-09,공항철도 1호선,홍대입구,8385,8814,17199,-429,8,9,화
2022-08-09,공항철도 1호선,디지털미디어시티,14566,13319,27885,1247,8,9,화
2022-08-09,공항철도 1호선,마곡나루(서울식물원),8216,7838,16054,378,8,9,화
2022-08-09,공항철도 1호선,김포공항,10889,5980,16869,4909,8,9,화
2022-08-09,공항철도 1호선,계양,9872,9104,18976,768,8,9,화
2022-08-09,공항철도 1호선,검암,5956,5764,11720,192,8,9,화
2022-08-09,공항철도 1호선,청라국제도시,6283,5996,12279,287,8,9,화
2022-08-09,공항철도 1호선,운서,6710,6994,13704,-284,8,9,화
2022-08-09,공항철도 1호선,공항화물청사,2305,2478,4783,-173,8,9,화
2022-08-09,공항철도 1호선,인천공항1터미널,7736,6719,14455,1017,8,9,화
2022-08-09,분당선,가천대,5839,6889,12728,-1050,8,9,화
2022-08-09,분당선,태평,12859,12227,25086,632,8,9,화
2022-08-09,분당선,모란,18087,18489,36576,-402,8,9,화
2022-08-09,분당선,야탑,24159,25227,49386,-1068,8,9,화
2022-08-09,분당선,서현,22633,22866,45499,-233,8,9,화
2022-08-09,분당선,수내,13378,13457,26835,-79,8,9,화
2022-08-09,분당선,정자,16857,18277,35134,-1420,8,9,화
2022-08-09,분당선,미금,14154,15223,29377,-1069,8,9,화
2022-08-09,분당선,오리,10937,8873,19810,2064,8,9,화
2022-08-09,분당선,이매,5649,5279,10928,370,8,9,화
2022-08-09,분당선,보정,2161,1984,4145,177,8,9,화
2022-08-09,분당선,죽전,11535,12748,24283,-1213,8,9,화
2022-08-09,분당선,구성,4516,5065,9581,-549,8,9,화
2022-08-09,분당선,신갈,4108,4149,8257,-41,8,9,화
2022-08-09,분당선,기흥,9365,8832,18197,533,8,9,화
2022-08-09,분당선,상갈,4758,4711,9469,47,8,9,화
2022-08-09,분당선,청명,3842,3838,7680,4,8,9,화
2022-08-09,분당선,영통,7334,7396,14730,-62,8,9,화
2022-08-09,분당선,망포,13330,12913,26243,417,8,9,화
2022-08-09,분당선,매탄권선,4482,4394,8876,88,8,9,화
2022-08-09,분당선,수원시청,11284,12285,23569,-1001,8,9,화
2022-08-09,분당선,매교,2633,2738,5371,-105,8,9,화
2022-08-09,수인선,고색,4389,4086,8475,303,8,9,화
2022-08-09,수인선,오목천,2420,2405,4825,15,8,9,화
2022-08-09,수인선,어천,466,548,1014,-82,8,9,화
2022-08-09,수인선,야목,353,287,640,66,8,9,화
2022-08-09,수인선,사리,3922,3519,7441,403,8,9,화
2022-08-09,수인선,달월,81,46,127,35,8,9,화
2022-08-09,수인선,월곶,2177,2034,4211,143,8,9,화
2022-08-09,수인선,소래포구,3533,3193,6726,340,8,9,화
2022-08-09,수인선,인천논현,4585,4827,9412,-242,8,9,화
2022-08-09,수인선,호구포,3617,3806,7423,-189,8,9,화
2022-08-09,수인선,남동인더스파크,2251,2483,4734,-232,8,9,화
2022-08-09,수인선,원인재,3475,3671,7146,-196,8,9,화
2022-08-09,수인선,연수,3705,3733,7438,-28,8,9,화
2022-08-09,수인선,송도,1834,1734,3568,100,8,9,화
2022-08-09,수인선,인하대,4667,4544,9211,123,8,9,화
2022-08-09,수인선,숭의,3296,3046,6342,250,8,9,화
2022-08-09,수인선,신포,1292,1325,2617,-33,8,9,화
2022-08-09,수인선,인천,633,1084,1717,-451,8,9,화
2022-08-09,신림선,샛강,2399,3588,5987,-1189,8,9,화
2022-08-09,신림선,대방,1977,1537,3514,440,8,9,화
2022-08-09,신림선,서울지방병무청,2079,2394,4473,-315,8,9,화
2022-08-09,신림선,보라매,2340,2225,4565,115,8,9,화
2022-08-09,신림선,보라매공원,1397,1552,2949,-155,8,9,화
2022-08-09,신림선,보라매병원,6743,6529,13272,214,8,9,화
2022-08-09,신림선,당곡,3287,3467,6754,-180,8,9,화
2022-08-09,신림선,신림,1384,1825,3209,-441,8,9,화
2022-08-09,신림선,서원,2499,2523,5022,-24,8,9,화
2022-08-09,우이신설선,화계,2851,2800,5651,51,8,9,화
2022-08-09,우이신설선,삼양,1718,1841,3559,-123,8,9,화
2022-08-09,우이신설선,삼양사거리,2003,2103,4106,-100,8,9,화
2022-08-09,우이신설선,솔샘,5138,5086,10224,52,8,9,화
2022-08-09,우이신설선,북한산보국문,4945,4954,9899,-9,8,9,화
2022-08-09,우이신설선,정릉,3782,3735,7517,47,8,9,화
2022-08-09,우이신설선,성신여대입구(돈암),2874,3145,6019,-271,8,9,화
2022-08-09,우이신설선,보문,1294,1319,2613,-25,8,9,화
2022-08-09,우이신설선,신설동,1702,1712,3414,-10,8,9,화
2022-08-09,일산선,원흥,9108,8028,17136,1080,8,9,화
2022-08-09,일산선,삼송,16208,14910,31118,1298,8,9,화
2022-08-09,일산선,원당,8901,8331,17232,570,8,9,화
2022-08-09,일산선,화정,13321,12820,26141,501,8,9,화
2022-08-09,일산선,대곡,2092,2234,4326,-142,8,9,화
2022-08-09,일산선,백석,8169,8384,16553,-215,8,9,화
2022-08-09,일산선,마두,6166,6445,12611,-279,8,9,화
2022-08-09,일산선,정발산,5047,5466,10513,-419,8,9,화
2022-08-09,일산선,주엽,7436,7155,14591,281,8,9,화
2022-08-09,일산선,대화,10811,7834,18645,2977,8,9,화
2022-08-09,장항선,봉명,1243,1238,2481,5,8,9,화
2022-08-09,장항선,쌍용(나사렛대),1744,1638,3382,106,8,9,화
2022-08-09,장항선,아산,2604,2348,4952,256,8,9,화
2022-08-09,장항선,탕정,769,721,1490,48,8,9,화
2022-08-09,장항선,배방,891,861,1752,30,8,9,화
2022-08-09,장항선,온양온천,3428,3558,6986,-130,8,9,화
2022-08-09,장항선,신창(순천향대),960,929,1889,31,8,9,화
2022-08-09,중앙선,회기,20579,20192,40771,387,8,9,화
2022-08-09,중앙선,중랑,4991,4844,9835,147,8,9,화
2022-08-09,중앙선,상봉(시외버스터미널),4797,4781,9578,16,8,9,화
2022-08-09,중앙선,양원,2491,2430,4921,61,8,9,화
2022-08-09,중앙선,구리,11337,11777,23114,-440,8,9,화
2022-08-09,중앙선,도농,9375,8780,18155,595,8,9,화
2022-08-09,중앙선,양정,562,458,1020,104,8,9,화
2022-08-09,중앙선,덕소,4716,4730,9446,-14,8,9,화
2022-08-09,중앙선,도심,2089,1622,3711,467,8,9,화
2022-08-09,중앙선,팔당,652,649,1301,3,8,9,화
2022-08-09,중앙선,운길산,505,472,977,33,8,9,화
2022-08-09,중앙선,양수,1314,1380,2694,-66,8,9,화
2022-08-09,중앙선,신원,130,116,246,14,8,9,화
2022-08-09,중앙선,국수,492,498,990,-6,8,9,화
2022-08-09,중앙선,아신,397,389,786,8,8,9,화
2022-08-09,중앙선,오빈,241,223,464,18,8,9,화
2022-08-09,중앙선,양평,2103,2002,4105,101,8,9,화
2022-08-09,중앙선,원덕,247,219,466,28,8,9,화
2022-08-09,중앙선,용문,1298,1258,2556,40,8,9,화
2022-08-09,중앙선,지평,42,36,78,6,8,9,화
2022-08-09,공항철도 1호선,인천공항2터미널,3469,3015,6484,454,8,9,화
2022-08-09,공항철도 1호선,영종,2872,2886,5758,-14,8,9,화
2022-08-09,과천선,선바위,6612,5573,12185,1039,8,9,화
2022-08-09,과천선,경마공원,931,999,1930,-68,8,9,화
2022-08-09,과천선,대공원,1407,1449,2856,-42,8,9,화
2022-08-09,과천선,과천,5559,5545,11104,14,8,9,화
2022-08-09,과천선,정부과천청사,10152,10144,20296,8,8,9,화
2022-08-09,과천선,인덕원,20282,21719,42001,-1437,8,9,화
2022-08-09,과천선,평촌,15647,15714,31361,-67,8,9,화
2022-08-09,과천선,범계,21507,21745,43252,-238,8,9,화
2022-08-09,분당선,선릉,12871,17564,30435,-4693,8,9,화
2022-08-09,분당선,한티,14852,15342,30194,-490,8,9,화
2022-08-09,분당선,도곡,6510,6431,12941,79,8,9,화
2022-08-09,분당선,구룡,1536,1534,3070,2,8,9,화
2022-08-09,분당선,개포동,3422,3573,6995,-151,8,9,화
2022-08-09,분당선,대모산입구,4297,4206,8503,91,8,9,화
2022-08-09,분당선,수서,13026,13640,26666,-614,8,9,화
2022-08-09,분당선,수원,6879,5745,12624,1134,8,9,화
2022-08-09,분당선,서울숲,9501,9491,18992,10,8,9,화
2022-08-09,분당선,압구정로데오,17268,18032,35300,-764,8,9,화
2022-08-09,분당선,강남구청,8885,9829,18714,-944,8,9,화
2022-08-09,분당선,선정릉,8786,10055,18841,-1269,8,9,화
2022-08-09,중앙선,망우,6418,6495,12913,-77,8,9,화
2022-08-09,신림선,서울대벤처타운,5796,5909,11705,-113,8,9,화
2022-08-09,신림선,관악산(서울대),1527,1464,2991,63,8,9,화
2022-08-09,안산선,산본,12821,13907,26728,-1086,8,9,화
2022-08-09,안산선,대야미,4078,3685,7763,393,8,9,화
2022-08-09,안산선,반월,3459,3361,6820,98,8,9,화
2022-08-09,안산선,상록수,12796,13285,26081,-489,8,9,화
2022-08-09,안산선,한대앞,7186,7450,14636,-264,8,9,화
2022-08-09,안산선,중앙,14092,14714,28806,-622,8,9,화
2022-08-09,안산선,고잔,7595,7272,14867,323,8,9,화
2022-08-09,안산선,초지,3980,4016,7996,-36,8,9,화
2022-08-09,안산선,안산,10065,9410,19475,655,8,9,화
2022-08-09,안산선,신길온천,1457,1281,2738,176,8,9,화
2022-08-09,안산선,정왕,6321,6703,13024,-382,8,9,화
2022-08-09,안산선,오이도,6693,6550,13243,143,8,9,화
2022-08-09,안산선,수리산,3510,2935,6445,575,8,9,화
2022-08-09,우이신설선,북한산우이,2154,1882,4036,272,8,9,화
2022-08-09,우이신설선,솔밭공원,2097,2001,4098,96,8,9,화
2022-08-09,우이신설선,4.19민주묘지,2155,2171,4326,-16,8,9,화
2022-08-09,우이신설선,가오리,3573,3786,7359,-213,8,9,화
2022-08-09,5호선,화곡,25789,24764,50553,1025,8,9,화
2022-08-09,분당선,복정,1,0,1,1,8,9,화
2022-08-09,1호선,서울역,42032,40050,82082,1982,8,9,화
2022-08-09,1호선,시청,21602,21565,43167,37,8,9,화
2022-08-09,1호선,종각,34458,32557,67015,1901,8,9,화
2022-08-09,1호선,종로3가,19594,18829,38423,765,8,9,화
2022-08-09,1호선,종로5가,19312,18485,37797,827,8,9,화
2022-08-09,1호선,동대문,7269,6475,13744,794,8,9,화
2022-08-09,1호선,신설동,11045,11077,22122,-32,8,9,화
2022-08-09,1호선,제기동,12203,12196,24399,7,8,9,화
2022-08-09,1호선,청량리(서울시립대입구),15456,15455,30911,1,8,9,화
2022-08-09,1호선,동묘앞,4205,4565,8770,-360,8,9,화
2022-08-09,2호선,시청,23494,21999,45493,1495,8,9,화
2022-08-09,2호선,을지로입구,39972,40526,80498,-554,8,9,화
2022-08-09,2호선,을지로3가,22769,21800,44569,969,8,9,화
2022-08-09,2호선,을지로4가,12502,12053,24555,449,8,9,화
2022-08-09,2호선,동대문역사문화공원(DDP),9347,10361,19708,-1014,8,9,화
2022-08-09,2호선,신당,11700,12230,23930,-530,8,9,화
2022-08-09,2호선,상왕십리,12711,12529,25240,182,8,9,화
2022-08-09,2호선,왕십리(성동구청),13639,11303,24942,2336,8,9,화
2022-08-09,2호선,한양대,6792,6988,13780,-196,8,9,화
2022-08-09,2호선,뚝섬,20393,21699,42092,-1306,8,9,화
2022-08-09,2호선,성수,35304,36977,72281,-1673,8,9,화
2022-08-09,2호선,건대입구,27898,29611,57509,-1713,8,9,화
2022-08-09,2호선,구의(광진구청),21464,21366,42830,98,8,9,화
2022-08-09,2호선,강변(동서울터미널),26080,24942,51022,1138,8,9,화
2022-08-09,2호선,잠실나루,13562,13811,27373,-249,8,9,화
2022-08-09,2호선,잠실(송파구청),59806,59258,119064,548,8,9,화
2022-08-09,2호선,잠실새내,19221,19307,38528,-86,8,9,화
2022-08-09,2호선,종합운동장,6280,7022,13302,-742,8,9,화
2022-08-09,2호선,삼성(무역센터),49553,51918,101471,-2365,8,9,화
2022-08-09,2호선,선릉,52643,47797,100440,4846,8,9,화
2022-08-09,2호선,역삼,51514,55702,107216,-4188,8,9,화
2022-08-09,2호선,강남,66275,63723,129998,2552,8,9,화
2022-08-09,2호선,교대(법원.검찰청),32112,34948,67060,-2836,8,9,화
2022-08-09,2호선,서초,21554,19635,41189,1919,8,9,화
2022-08-09,2호선,방배,14318,14870,29188,-552,8,9,화
2022-08-09,2호선,사당,30084,31405,61489,-1321,8,9,화
2022-08-09,2호선,낙성대(강감찬),23510,22980,46490,530,8,9,화
2022-08-09,2호선,서울대입구(관악구청),38280,37298,75578,982,8,9,화
2022-08-09,2호선,봉천,20964,20162,41126,802,8,9,화
2022-08-09,2호선,신림,49046,47563,96609,1483,8,9,화
2022-08-09,2호선,신대방,20984,21159,42143,-175,8,9,화
2022-08-09,2호선,구로디지털단지,51904,51721,103625,183,8,9,화
2022-08-09,2호선,대림(구로구청),20583,20868,41451,-285,8,9,화
2022-08-09,2호선,신도림,40823,39407,80230,1416,8,9,화
2022-08-09,2호선,문래,20292,20507,40799,-215,8,9,화
2022-08-09,2호선,영등포구청,20508,20980,41488,-472,8,9,화
2022-08-09,2호선,당산,16715,19715,36430,-3000,8,9,화
2022-08-09,2호선,합정,26168,27047,53215,-879,8,9,화
2022-08-09,2호선,홍대입구,44208,45623,89831,-1415,8,9,화
2022-08-09,2호선,신촌,29691,30221,59912,-530,8,9,화
2022-08-09,2호선,이대,11253,12096,23349,-843,8,9,화
2022-08-09,2호선,아현,9006,8858,17864,148,8,9,화
2022-08-09,2호선,충정로(경기대입구),9485,10160,19645,-675,8,9,화
2022-08-09,2호선,용답,2319,2300,4619,19,8,9,화
2022-08-09,2호선,신답,1538,1852,3390,-314,8,9,화
2022-08-09,2호선,신설동,3089,2923,6012,166,8,9,화
2022-08-09,2호선,도림천,1315,1416,2731,-101,8,9,화
2022-08-09,2호선,양천구청,6160,6736,12896,-576,8,9,화
2022-08-09,2호선,신정네거리,9132,9821,18953,-689,8,9,화
2022-08-09,2호선,용두(동대문구청),2080,2102,4182,-22,8,9,화
2022-08-09,3호선,지축,4467,4280,8747,187,8,9,화
2022-08-09,3호선,구파발,19340,20203,39543,-863,8,9,화
2022-08-09,3호선,연신내,30749,29543,60292,1206,8,9,화
2022-08-09,3호선,불광,13911,14968,28879,-1057,8,9,화
2022-08-09,3호선,녹번,13558,12734,26292,824,8,9,화
2022-08-09,3호선,홍제,14815,14539,29354,276,8,9,화
2022-08-09,3호선,무악재,3444,3713,7157,-269,8,9,화
2022-08-09,3호선,독립문,5750,6320,12070,-570,8,9,화
2022-08-09,3호선,경복궁(정부서울청사),16320,16285,32605,35,8,9,화
2022-08-09,3호선,안국,17606,17918,35524,-312,8,9,화
2022-08-09,3호선,종로3가,9910,10660,20570,-750,8,9,화
2022-08-09,3호선,을지로3가,10640,10244,20884,396,8,9,화
2022-08-09,3호선,충무로,1,0,1,1,8,9,화
2022-08-09,3호선,동대입구,7236,7511,14747,-275,8,9,화
2022-08-09,3호선,약수,11331,11099,22430,232,8,9,화
2022-08-09,3호선,금호,7030,6694,13724,336,8,9,화
2022-08-09,3호선,옥수,7815,8237,16052,-422,8,9,화
2022-08-09,3호선,압구정,29274,30920,60194,-1646,8,9,화
2022-08-09,3호선,신사,25158,25402,50560,-244,8,9,화
2022-08-09,3호선,잠원,4379,4368,8747,11,8,9,화
2022-08-09,3호선,고속터미널,35817,35185,71002,632,8,9,화
2022-08-09,3호선,교대(법원.검찰청),13270,8182,21452,5088,8,9,화
2022-08-09,3호선,남부터미널(예술의전당),26709,26505,53214,204,8,9,화
2022-08-09,3호선,양재(서초구청),34045,35366,69411,-1321,8,9,화
2022-08-09,3호선,매봉,11746,11241,22987,505,8,9,화
2022-08-09,3호선,도곡,5052,4977,10029,75,8,9,화
2022-08-09,3호선,대치,9874,9484,19358,390,8,9,화
2022-08-09,3호선,학여울,1778,1817,3595,-39,8,9,화
2022-08-09,3호선,대청,8986,8460,17446,526,8,9,화
2022-08-09,3호선,일원,10167,10009,20176,158,8,9,화
2022-08-09,3호선,수서,15751,16053,31804,-302,8,9,화
2022-08-09,3호선,가락시장,7895,7778,15673,117,8,9,화
2022-08-09,3호선,경찰병원,7045,7076,14121,-31,8,9,화
2022-08-09,3호선,오금,5726,5232,10958,494,8,9,화
2022-08-09,4호선,당고개,7565,6912,14477,653,8,9,화
2022-08-09,4호선,상계,16454,15871,32325,583,8,9,화
2022-08-09,4호선,노원,16006,18018,34024,-2012,8,9,화
2022-08-09,4호선,창동,21682,23386,45068,-1704,8,9,화
2022-08-09,4호선,쌍문,24732,23849,48581,883,8,9,화
2022-08-09,4호선,수유(강북구청),28447,29251,57698,-804,8,9,화
2022-08-09,4호선,미아(서울사이버대학),12538,12408,24946,130,8,9,화
2022-08-09,4호선,미아사거리,23024,23357,46381,-333,8,9,화
2022-08-09,4호선,길음,17687,18233,35920,-546,8,9,화
2022-08-09,4호선,성신여대입구(돈암),16506,16343,32849,163,8,9,화
2022-08-09,4호선,한성대입구(삼선교),10973,10745,21718,228,8,9,화
2022-08-09,4호선,혜화,28478,28315,56793,163,8,9,화
2022-08-09,4호선,동대문,13644,13923,27567,-279,8,9,화
2022-08-09,4호선,동대문역사문화공원(DDP),12737,10883,23620,1854,8,9,화
2022-08-09,4호선,충무로,23516,23898,47414,-382,8,9,화
2022-08-09,4호선,명동,17068,17761,34829,-693,8,9,화
2022-08-09,4호선,회현(남대문시장),17085,16702,33787,383,8,9,화
2022-08-09,4호선,서울역,10953,16119,27072,-5166,8,9,화
2022-08-09,4호선,숙대입구(갈월),11001,10677,21678,324,8,9,화
2022-08-09,4호선,삼각지,4357,4771,9128,-414,8,9,화
2022-08-09,4호선,신용산,16368,16386,32754,-18,8,9,화
2022-08-09,4호선,이촌(국립중앙박물관),7904,8194,16098,-290,8,9,화
2022-08-09,4호선,동작(현충원),2060,2667,4727,-607,8,9,화
2022-08-09,4호선,총신대입구(이수),14636,15149,29785,-513,8,9,화
2022-08-09,4호선,사당,18898,15230,34128,3668,8,9,화
2022-08-09,4호선,남태령,999,874,1873,125,8,9,화
2022-08-09,5호선,방화,5952,5941,11893,11,8,9,화
2022-08-09,5호선,개화산,5158,4992,10150,166,8,9,화
2022-08-09,5호선,김포공항,7818,7796,15614,22,8,9,화
2022-08-09,5호선,송정,5884,5566,11450,318,8,9,화
2022-08-09,5호선,마곡,10835,10695,21530,140,8,9,화
2022-08-09,5호선,발산,19798,20317,40115,-519,8,9,화
2022-08-09,5호선,우장산,12982,13137,26119,-155,8,9,화
2022-08-09,5호선,까치산,25634,25087,50721,547,8,9,화
2022-08-09,5호선,신정(은행정),12525,10472,22997,2053,8,9,화
2022-08-09,5호선,목동,15156,16503,31659,-1347,8,9,화
2022-08-09,5호선,오목교(목동운동장앞),20896,21506,42402,-610,8,9,화
2022-08-09,5호선,양평,7249,7269,14518,-20,8,9,화
2022-08-09,5호선,영등포구청,3879,3863,7742,16,8,9,화
2022-08-09,5호선,영등포시장,9255,9616,18871,-361,8,9,화
2022-08-09,5호선,신길,4177,4549,8726,-372,8,9,화
2022-08-09,5호선,여의도,33482,36403,69885,-2921,8,9,화
2022-08-09,5호선,여의나루,8659,10721,19380,-2062,8,9,화
2022-08-09,5호선,마포,14072,14002,28074,70,8,9,화
2022-08-09,5호선,공덕,13594,14073,27667,-479,8,9,화
2022-08-09,5호선,애오개,6538,6648,13186,-110,8,9,화
2022-08-09,5호선,충정로(경기대입구),4765,4766,9531,-1,8,9,화
2022-08-09,5호선,서대문,20084,19549,39633,535,8,9,화
2022-08-09,5호선,광화문(세종문화회관),31794,31807,63601,-13,8,9,화
2022-08-09,5호선,종로3가,10268,10023,20291,245,8,9,화
2022-08-09,5호선,을지로4가,5623,5727,11350,-104,8,9,화
2022-08-09,5호선,동대문역사문화공원(DDP),3538,3610,7148,-72,8,9,화
2022-08-09,5호선,청구,3487,3284,6771,203,8,9,화
2022-08-09,5호선,신금호,5704,6061,11765,-357,8,9,화
2022-08-09,5호선,행당,7564,6975,14539,589,8,9,화
2022-08-09,5호선,왕십리(성동구청),4162,4583,8745,-421,8,9,화
2022-08-09,5호선,마장,5066,4887,9953,179,8,9,화
2022-08-09,5호선,답십리,15152,13983,29135,1169,8,9,화
2022-08-09,5호선,장한평,17199,17364,34563,-165,8,9,화
2022-08-09,5호선,군자(능동),9843,10895,20738,-1052,8,9,화
2022-08-09,5호선,아차산(어린이대공원후문),11949,11973,23922,-24,8,9,화
2022-08-09,5호선,광나루(장신대),11558,10615,22173,943,8,9,화
2022-08-09,5호선,천호(풍납토성),16412,16119,32531,293,8,9,화
2022-08-09,5호선,강동,17480,17085,34565,395,8,9,화
2022-08-09,5호선,길동,7398,7749,15147,-351,8,9,화
2022-08-09,5호선,굽은다리(강동구민회관앞),8713,8501,17214,212,8,9,화
2022-08-09,5호선,명일,7689,8204,15893,-515,8,9,화
2022-08-09,5호선,고덕,8573,8616,17189,-43,8,9,화
2022-08-09,5호선,상일동,13953,13478,27431,475,8,9,화
2022-08-09,5호선,둔촌동,7384,7615,14999,-231,8,9,화
2022-08-09,5호선,올림픽공원(한국체대),3741,3322,7063,419,8,9,화
2022-08-09,5호선,방이,6708,7016,13724,-308,8,9,화
2022-08-09,5호선,오금,3384,3347,6731,37,8,9,화
2022-08-09,5호선,개롱,5741,6049,11790,-308,8,9,화
2022-08-09,5호선,거여,9075,8874,17949,201,8,9,화
2022-08-09,5호선,마천,6309,6191,12500,118,8,9,화
2022-08-09,5호선,강일,4029,4015,8044,14,8,9,화
2022-08-09,5호선,미사,14528,15054,29582,-526,8,9,화
2022-08-09,5호선,하남풍산,3785,3840,7625,-55,8,9,화
2022-08-09,5호선,하남시청(덕풍·신장),5974,5961,11935,13,8,9,화
2022-08-09,5호선,하남검단산,4871,4775,9646,96,8,9,화
2022-08-09,6호선,응암,15312,15694,31006,-382,8,9,화
2022-08-09,6호선,역촌,3564,4160,7724,-596,8,9,화
2022-08-09,6호선,불광,4065,3815,7880,250,8,9,화
2022-08-09,6호선,독바위,2467,2688,5155,-221,8,9,화
2022-08-09,6호선,연신내,1,0,1,1,8,9,화
2022-08-09,6호선,구산,6686,5492,12178,1194,8,9,화
2022-08-09,6호선,새절(신사),10959,10603,21562,356,8,9,화
2022-08-09,6호선,증산(명지대앞),8730,8944,17674,-214,8,9,화
2022-08-09,6호선,디지털미디어시티,13294,15494,28788,-2200,8,9,화
2022-08-09,6호선,월드컵경기장(성산),3598,3696,7294,-98,8,9,화
2022-08-09,6호선,마포구청,13371,12385,25756,986,8,9,화
2022-08-09,6호선,망원,11624,12423,24047,-799,8,9,화
2022-08-09,6호선,합정,11155,11081,22236,74,8,9,화
2022-08-09,6호선,상수,7703,8325,16028,-622,8,9,화
2022-08-09,6호선,광흥창(서강),8665,8438,17103,227,8,9,화
2022-08-09,6호선,대흥(서강대앞),7559,8058,15617,-499,8,9,화
2022-08-09,6호선,공덕,17594,17231,34825,363,8,9,화
2022-08-09,6호선,효창공원앞,6727,5991,12718,736,8,9,화
2022-08-09,6호선,삼각지,6634,5783,12417,851,8,9,화
2022-08-09,6호선,녹사평(용산구청),4214,3973,8187,241,8,9,화
2022-08-09,6호선,이태원,8289,8252,16541,37,8,9,화
2022-08-09,6호선,한강진,6788,7385,14173,-597,8,9,화
2022-08-09,6호선,버티고개,1920,1989,3909,-69,8,9,화
2022-08-09,6호선,약수,3244,3206,6450,38,8,9,화
2022-08-09,6호선,청구,3144,3250,6394,-106,8,9,화
2022-08-09,6호선,신당,6265,6052,12317,213,8,9,화
2022-08-09,6호선,동묘앞,5439,5829,11268,-390,8,9,화
2022-08-09,6호선,창신,3090,2604,5694,486,8,9,화
2022-08-09,6호선,보문,6437,5971,12408,466,8,9,화
2022-08-09,6호선,안암(고대병원앞),9304,9220,18524,84,8,9,화
2022-08-09,6호선,고려대(종암),7067,7004,14071,63,8,9,화
2022-08-09,6호선,월곡(동덕여대),10280,10310,20590,-30,8,9,화
2022-08-09,6호선,상월곡(한국과학기술연구원),5377,4994,10371,383,8,9,화
2022-08-09,6호선,돌곶이,8152,7882,16034,270,8,9,화
2022-08-09,6호선,석계,11593,11790,23383,-197,8,9,화
2022-08-09,6호선,태릉입구,4871,5322,10193,-451,8,9,화
2022-08-09,6호선,화랑대(서울여대입구),9847,8099,17946,1748,8,9,화
2022-08-09,6호선,봉화산(서울의료원),8090,7863,15953,227,8,9,화
2022-08-09,7호선,장암,2107,791,2898,1316,8,9,화
2022-08-09,7호선,도봉산,7889,8628,16517,-739,8,9,화
2022-08-09,7호선,수락산,11006,11435,22441,-429,8,9,화
2022-08-09,7호선,마들,11784,11783,23567,1,8,9,화
2022-08-09,7호선,노원,18285,18488,36773,-203,8,9,화
2022-08-09,7호선,중계,12937,12292,25229,645,8,9,화
2022-08-09,7호선,하계,16051,15688,31739,363,8,9,화
2022-08-09,7호선,공릉(서울과학기술대),10129,10411,20540,-282,8,9,화
2022-08-09,7호선,태릉입구,7479,7091,14570,388,8,9,화
2022-08-09,7호선,먹골,9054,9251,18305,-197,8,9,화
2022-08-09,7호선,중화,9660,9790,19450,-130,8,9,화
2022-08-09,7호선,상봉(시외버스터미널),14712,14086,28798,626,8,9,화
2022-08-09,7호선,면목,13316,13525,26841,-209,8,9,화
2022-08-09,7호선,사가정,14274,14456,28730,-182,8,9,화
2022-08-09,7호선,용마산(용마폭포공원),5393,5328,10721,65,8,9,화
2022-08-09,7호선,중곡,9728,9509,19237,219,8,9,화
2022-08-09,7호선,군자(능동),13632,11131,24763,2501,8,9,화
2022-08-09,7호선,어린이대공원(세종대),11285,11091,22376,194,8,9,화
2022-08-09,7호선,건대입구,11261,11752,23013,-491,8,9,화
2022-08-09,7호선,뚝섬유원지,6365,6311,12676,54,8,9,화
2022-08-09,7호선,청담,19594,21925,41519,-2331,8,9,화
2022-08-09,7호선,강남구청,15884,17476,33360,-1592,8,9,화
2022-08-09,7호선,학동,24177,24782,48959,-605,8,9,화
2022-08-09,7호선,논현,17047,18046,35093,-999,8,9,화
2022-08-09,7호선,반포,5658,5325,10983,333,8,9,화
2022-08-09,7호선,고속터미널,13574,11839,25413,1735,8,9,화
2022-08-09,7호선,내방,13438,13452,26890,-14,8,9,화
2022-08-09,7호선,이수,11628,11274,22902,354,8,9,화
2022-08-09,7호선,남성,9896,9400,19296,496,8,9,화
2022-08-09,7호선,숭실대입구(살피재),10097,10215,20312,-118,8,9,화
2022-08-09,7호선,상도,10493,9563,20056,930,8,9,화
2022-08-09,7호선,장승배기,9249,8192,17441,1057,8,9,화
2022-08-09,7호선,신대방삼거리,13082,12872,25954,210,8,9,화
2022-08-09,7호선,보라매,6655,6691,13346,-36,8,9,화
2022-08-09,7호선,신풍,10232,10004,20236,228,8,9,화
2022-08-09,7호선,대림(구로구청),7030,6953,13983,77,8,9,화
2022-08-09,7호선,남구로,14687,15294,29981,-607,8,9,화
2022-08-09,7호선,가산디지털단지,43169,41846,85015,1323,8,9,화
2022-08-09,7호선,철산,17898,18565,36463,-667,8,9,화
2022-08-09,7호선,광명사거리,17638,17765,35403,-127,8,9,화
2022-08-09,7호선,천왕,9767,9782,19549,-15,8,9,화
2022-08-09,7호선,온수(성공회대입구),8795,8221,17016,574,8,9,화
2022-08-09,8호선,암사,17045,15538,32583,1507,8,9,화
2022-08-09,8호선,천호(풍납토성),13194,14889,28083,-1695,8,9,화
2022-08-09,8호선,강동구청,9546,10109,19655,-563,8,9,화
2022-08-09,8호선,몽촌토성(평화의문),5612,5725,11337,-113,8,9,화
2022-08-09,8호선,잠실(송파구청),13751,15117,28868,-1366,8,9,화
2022-08-09,8호선,석촌,7429,8491,15920,-1062,8,9,화
2022-08-09,8호선,송파,8374,8667,17041,-293,8,9,화
2022-08-09,8호선,가락시장,6933,7338,14271,-405,8,9,화
2022-08-09,8호선,문정,21763,22347,44110,-584,8,9,화
2022-08-09,8호선,장지,15641,15046,30687,595,8,9,화
2022-08-09,8호선,복정,8199,7124,15323,1075,8,9,화
2022-08-09,8호선,산성,4489,4750,9239,-261,8,9,화
2022-08-09,8호선,남한산성입구(성남법원.검찰청),12269,11266,23535,1003,8,9,화
2022-08-09,8호선,단대오거리,9601,9367,18968,234,8,9,화
2022-08-09,8호선,신흥,3861,4334,8195,-473,8,9,화
2022-08-09,8호선,수진,4850,4652,9502,198,8,9,화
2022-08-09,8호선,모란,4179,3201,7380,978,8,9,화
2022-08-09,8호선,남위례,4838,5077,9915,-239,8,9,화
2022-08-09,9호선,개화,2506,1707,4213,799,8,9,화
2022-08-09,9호선,김포공항,6145,9019,15164,-2874,8,9,화
2022-08-09,9호선,공항시장,2613,2998,5611,-385,8,9,화
2022-08-09,9호선,신방화,5981,6160,12141,-179,8,9,화
2022-08-09,9호선,마곡나루(서울식물원),10891,10254,21145,637,8,9,화
2022-08-09,9호선,양천향교,9228,9442,18670,-214,8,9,화
2022-08-09,9호선,가양,18012,17732,35744,280,8,9,화
2022-08-09,9호선,증미,8028,7426,15454,602,8,9,화
2022-08-09,9호선,등촌,11429,11028,22457,401,8,9,화
2022-08-09,9호선,염창,15045,15276,30321,-231,8,9,화
2022-08-09,9호선,신목동,3793,3625,7418,168,8,9,화
2022-08-09,9호선,선유도,8604,8013,16617,591,8,9,화
2022-08-09,9호선,당산,15780,15285,31065,495,8,9,화
2022-08-09,9호선,국회의사당,16595,15305,31900,1290,8,9,화
2022-08-09,9호선,여의도,24270,16465,40735,7805,8,9,화
2022-08-09,9호선,샛강,5630,4961,10591,669,8,9,화
2022-08-09,9호선,노량진,21436,27894,49330,-6458,8,9,화
2022-08-09,9호선,노들,890,2070,2960,-1180,8,9,화
2022-08-09,9호선,흑석(중앙대입구),2436,3195,5631,-759,8,9,화
2022-08-09,9호선,동작(현충원),121,324,445,-203,8,9,화
2022-08-09,9호선,구반포,705,588,1293,117,8,9,화
2022-08-09,9호선,신반포,1267,1111,2378,156,8,9,화
2022-08-09,9호선,고속터미널,4372,5164,9536,-792,8,9,화
2022-08-09,9호선,사평,964,1702,2666,-738,8,9,화
2022-08-09,9호선,신논현,16758,17997,34755,-1239,8,9,화
2022-08-09,9호선2~3단계,언주,8925,6616,15541,2309,8,9,화
2022-08-09,9호선2~3단계,선정릉,6940,4775,11715,2165,8,9,화
2022-08-09,9호선2~3단계,삼성중앙,6347,5148,11495,1199,8,9,화
2022-08-09,9호선2~3단계,봉은사,13175,9135,22310,4040,8,9,화
2022-08-09,9호선2~3단계,종합운동장,3680,3337,7017,343,8,9,화
2022-08-09,9호선2~3단계,삼전,6193,6189,12382,4,8,9,화
2022-08-09,9호선2~3단계,석촌고분,5781,5669,11450,112,8,9,화
2022-08-09,9호선2~3단계,석촌,5875,5056,10931,819,8,9,화
2022-08-09,9호선2~3단계,송파나루,4513,4601,9114,-88,8,9,화
2022-08-09,9호선2~3단계,한성백제,2228,1993,4221,235,8,9,화
2022-08-09,9호선2~3단계,올림픽공원(한국체대),4266,4191,8457,75,8,9,화
2022-08-09,9호선2~3단계,둔촌오륜,804,770,1574,34,8,9,화
2022-08-09,9호선2~3단계,중앙보훈병원,8516,7613,16129,903,8,9,화
2022-08-09,경강선,판교,5012,5045,10057,-33,8,9,화
2022-08-09,경강선,이매,1050,963,2013,87,8,9,화
2022-08-09,경강선,삼동,3638,2620,6258,1018,8,9,화
2022-08-09,경강선,경기광주,8237,7170,15407,1067,8,9,화
2022-08-09,경강선,초월,3051,2916,5967,135,8,9,화
2022-08-09,경강선,곤지암,1741,1780,3521,-39,8,9,화
2022-08-09,경강선,신둔도예촌,1280,1253,2533,27,8,9,화
2022-08-09,경강선,이천,2193,2261,4454,-68,8,9,화
2022-08-09,경강선,부발,1726,1773,3499,-47,8,9,화
2022-08-09,경강선,세종대왕릉,284,251,535,33,8,9,화
2022-08-09,경강선,여주,1628,1588,3216,40,8,9,화
2022-08-09,경부선,서울역,6780,2175,8955,4605,8,9,화
2022-08-09,경부선,남영,7900,8183,16083,-283,8,9,화
2022-08-09,경부선,용산,33731,33495,67226,236,8,9,화
2022-08-09,경부선,노량진,8296,6932,15228,1364,8,9,화
2022-08-09,경부선,대방,9807,10796,20603,-989,8,9,화
2022-08-09,경부선,영등포,31566,31550,63116,16,8,9,화
2022-08-09,경부선,신도림,3105,3192,6297,-87,8,9,화
2022-08-09,경부선,신길,7893,6802,14695,1091,8,9,화
2022-08-09,경부선,구로,15998,15593,31591,405,8,9,화
2022-08-09,경부선,가산디지털단지,16333,18808,35141,-2475,8,9,화
2022-08-09,경부선,금천구청,9288,9523,18811,-235,8,9,화
2022-08-09,경부선,석수,7765,7087,14852,678,8,9,화
2022-08-09,경부선,관악,5915,5837,11752,78,8,9,화
2022-08-09,경부선,안양,17150,17237,34387,-87,8,9,화
2022-08-09,경부선,명학,8135,8029,16164,106,8,9,화
2022-08-09,경부선,금정,22911,23427,46338,-516,8,9,화
2022-08-09,경부선,군포,6800,6822,13622,-22,8,9,화
2022-08-09,경부선,의왕,7421,7561,14982,-140,8,9,화
2022-08-09,경부선,성균관대,11712,11969,23681,-257,8,9,화
2022-08-09,경부선,화서,6807,6557,13364,250,8,9,화
2022-08-09,경부선,수원,27885,29566,57451,-1681,8,9,화
2022-08-09,경부선,독산,16894,17435,34329,-541,8,9,화
2022-08-09,경부선,세류,2626,2458,5084,168,8,9,화
2022-08-09,경부선,병점,12322,11770,24092,552,8,9,화
2022-08-09,경부선,세마,2999,2639,5638,360,8,9,화
2022-08-09,경부선,오산대,3056,2867,5923,189,8,9,화
2022-08-09,경부선,오산,8140,8332,16472,-192,8,9,화
2022-08-09,경부선,진위,1583,1451,3034,132,8,9,화
2022-08-10,9호선,공항시장,3028,3259,6287,-231,8,10,수
2022-08-10,9호선,흑석(중앙대입구),10130,9427,19557,703,8,10,수
2022-08-10,9호선,구반포,1642,1350,2992,292,8,10,수
2022-08-10,9호선,신반포,3816,3571,7387,245,8,10,수
2022-08-10,9호선,고속터미널,12379,14900,27279,-2521,8,10,수
2022-08-10,9호선,사평,4101,3876,7977,225,8,10,수
2022-08-10,9호선,신논현,28216,27748,55964,468,8,10,수
2022-08-10,9호선2~3단계,언주,11218,11337,22555,-119,8,10,수
2022-08-10,경부선,용산,37667,38745,76412,-1078,8,10,수
2022-08-10,경부선,노량진,7888,7481,15369,407,8,10,수
2022-08-10,경부선,대방,11212,12076,23288,-864,8,10,수
2022-08-10,경부선,영등포,38761,39097,77858,-336,8,10,수
2022-08-10,경부선,신도림,3942,4013,7955,-71,8,10,수
2022-08-10,경부선,신길,9001,7727,16728,1274,8,10,수
2022-08-10,경부선,구로,18189,18596,36785,-407,8,10,수
2022-08-10,경부선,가산디지털단지,18294,20852,39146,-2558,8,10,수
2022-08-10,경부선,금천구청,10877,10968,21845,-91,8,10,수
2022-08-10,경부선,석수,8790,7942,16732,848,8,10,수
2022-08-10,경부선,관악,6807,6525,13332,282,8,10,수
2022-08-10,경부선,안양,20110,20030,40140,80,8,10,수
2022-08-10,경부선,명학,8722,8469,17191,253,8,10,수
2022-08-10,경부선,금정,25791,26097,51888,-306,8,10,수
2022-08-10,경부선,군포,7440,7327,14767,113,8,10,수
2022-08-10,경부선,의왕,8149,8158,16307,-9,8,10,수
2022-08-10,경부선,성균관대,13115,13086,26201,29,8,10,수
2022-08-10,경부선,화서,7515,7341,14856,174,8,10,수
2022-08-10,경부선,수원,31093,33047,64140,-1954,8,10,수
2022-08-10,경부선,독산,18170,18825,36995,-655,8,10,수
2022-08-10,경부선,세류,2841,2588,5429,253,8,10,수
2022-08-10,경부선,병점,12741,12572,25313,169,8,10,수
2022-08-10,경부선,세마,2690,2552,5242,138,8,10,수
2022-08-10,경부선,오산대,3176,2917,6093,259,8,10,수
2022-08-10,경부선,오산,8490,8652,17142,-162,8,10,수
2022-08-10,경부선,송탄,3995,3914,7909,81,8,10,수
2022-08-10,경부선,서정리,6269,5847,12116,422,8,10,수
2022-08-10,경부선,평택지제,3573,3486,7059,87,8,10,수
2022-08-10,경부선,평택,10022,10064,20086,-42,8,10,수
2022-08-10,경부선,성환,2867,2833,5700,34,8,10,수
2022-08-10,경부선,직산,736,741,1477,-5,8,10,수
2022-08-10,경부선,두정,4732,4693,9425,39,8,10,수
2022-08-10,경부선,천안,4247,4444,8691,-197,8,10,수
2022-08-10,경부선,당정,5887,5557,11444,330,8,10,수
2022-08-10,경부선,서동탄,1323,1147,2470,176,8,10,수
2022-08-10,경부선,광명,3417,2900,6317,517,8,10,수
2022-08-10,경원선,이촌(국립중앙박물관),5251,3722,8973,1529,8,10,수
2022-08-10,경원선,서빙고,3331,2316,5647,1015,8,10,수
2022-08-10,경원선,한남,4587,4301,8888,286,8,10,수
2022-08-10,경원선,옥수,54,44,98,10,8,10,수
2022-08-10,경원선,응봉,1870,1593,3463,277,8,10,수
2022-08-10,경원선,왕십리(성동구청),14874,16435,31309,-1561,8,10,수
2022-08-10,경원선,청량리(서울시립대입구),14808,15296,30104,-488,8,10,수
2022-08-10,경원선,외대앞,7288,7374,14662,-86,8,10,수
2022-08-10,경원선,신이문,8399,7860,16259,539,8,10,수
2022-08-10,경원선,석계,7620,8738,16358,-1118,8,10,수
2022-08-10,경원선,광운대,7089,6819,13908,270,8,10,수
2022-08-10,경원선,월계,6176,5851,12027,325,8,10,수
2022-08-10,경원선,녹천,4584,3798,8382,786,8,10,수
2022-08-10,경원선,방학,9520,9387,18907,133,8,10,수
2022-08-10,경원선,도봉,6121,5932,12053,189,8,10,수
2022-08-10,경원선,도봉산,6878,4396,11274,2482,8,10,수
2022-08-10,경원선,망월사,7404,7461,14865,-57,8,10,수
2022-08-10,경원선,회룡,12417,12214,24631,203,8,10,수
2022-08-10,경원선,의정부,17755,18481,36236,-726,8,10,수
2022-08-10,경원선,가능,6452,6182,12634,270,8,10,수
2022-08-10,경원선,녹양,4389,4170,8559,219,8,10,수
2022-08-10,경원선,양주,7017,6626,13643,391,8,10,수
2022-08-10,경원선,덕계,3168,2834,6002,334,8,10,수
2022-08-10,경원선,덕정,5017,4920,9937,97,8,10,수
2022-08-10,경원선,지행,6145,6102,12247,43,8,10,수
2022-08-10,경원선,동두천중앙,3148,3038,6186,110,8,10,수
2022-08-10,경원선,보산,1501,1404,2905,97,8,10,수
2022-08-10,경원선,동두천,2072,2310,4382,-238,8,10,수
2022-08-10,경원선,소요산,2736,2430,5166,306,8,10,수
2022-08-10,경의선,서울역,4580,5699,10279,-1119,8,10,수
2022-08-10,경의선,신촌,941,1211,2152,-270,8,10,수
2022-08-10,경의선,효창공원앞,3280,3705,6985,-425,8,10,수
2022-08-10,경의선,공덕,4066,3624,7690,442,8,10,수
2022-08-10,경의선,서강대,2145,2047,4192,98,8,10,수
2022-08-10,경의선,홍대입구,1755,2198,3953,-443,8,10,수
2022-08-10,경의선,가좌,5534,5334,10868,200,8,10,수
2022-08-10,경의선,디지털미디어시티,2620,2370,4990,250,8,10,수
2022-08-10,경의선,수색,2897,2972,5869,-75,8,10,수
2022-08-10,경의선,화전,1632,1468,3100,164,8,10,수
2022-08-10,경의선,강매,3229,2712,5941,517,8,10,수
2022-08-10,경의선,행신,7936,8059,15995,-123,8,10,수
2022-08-10,경의선,능곡,3742,3539,7281,203,8,10,수
2022-08-10,경의선,곡산,654,672,1326,-18,8,10,수
2022-08-10,경의선,백마,6949,6583,13532,366,8,10,수
2022-08-10,경의선,풍산,5334,4947,10281,387,8,10,수
2022-08-10,경의선,일산,9371,9105,18476,266,8,10,수
2022-08-10,경의선,탄현,7652,7395,15047,257,8,10,수
2022-08-10,경의선,야당,7891,7746,15637,145,8,10,수
2022-08-10,경의선,운정,6881,6400,13281,481,8,10,수
2022-08-10,경의선,금릉,4782,4662,9444,120,8,10,수
2022-08-10,경의선,금촌,6297,6265,12562,32,8,10,수
2022-08-10,경의선,월롱,2777,2569,5346,208,8,10,수
2022-08-10,경의선,파주,1052,730,1782,322,8,10,수
2022-08-10,경의선,문산,5055,5023,10078,32,8,10,수
2022-08-10,경의선,임진강,15,9,24,6,8,10,수
2022-08-10,경인선,개봉,20249,20082,40331,167,8,10,수
2022-08-10,경인선,오류동,11277,10621,21898,656,8,10,수
2022-08-10,경인선,역곡,25572,25590,51162,-18,8,10,수
2022-08-10,경인선,부천,30937,30899,61836,38,8,10,수
2022-08-10,경인선,송내,26148,26039,52187,109,8,10,수
2022-08-10,경인선,부평,27587,29811,57398,-2224,8,10,수
2022-08-10,경인선,백운,6603,6522,13125,81,8,10,수
2022-08-10,경인선,동암,15447,15186,30633,261,8,10,수
2022-08-10,경인선,주안,17622,15982,33604,1640,8,10,수
2022-08-10,경인선,제물포,9701,9217,18918,484,8,10,수
2022-08-10,경인선,동인천,13226,12696,25922,530,8,10,수
2022-08-10,경인선,인천,3567,2814,6381,753,8,10,수
2022-08-10,경인선,구일,8207,8273,16480,-66,8,10,수
2022-08-10,경인선,소사,7980,6956,14936,1024,8,10,수
2022-08-10,공항철도 1호선,홍대입구,10402,10840,21242,-438,8,10,수
2022-08-10,공항철도 1호선,디지털미디어시티,14486,13468,27954,1018,8,10,수
2022-08-10,공항철도 1호선,마곡나루(서울식물원),9379,8877,18256,502,8,10,수
2022-08-10,공항철도 1호선,김포공항,11157,6680,17837,4477,8,10,수
2022-08-10,과천선,과천,6381,6054,12435,327,8,10,수
2022-08-10,과천선,정부과천청사,10948,10982,21930,-34,8,10,수
2022-08-10,과천선,인덕원,22995,24005,47000,-1010,8,10,수
2022-08-10,과천선,평촌,17068,16942,34010,126,8,10,수
2022-08-10,과천선,범계,25205,25385,50590,-180,8,10,수
2022-08-10,분당선,선릉,14146,20622,34768,-6476,8,10,수
2022-08-10,분당선,한티,16088,17005,33093,-917,8,10,수
2022-08-10,분당선,도곡,7147,7088,14235,59,8,10,수
2022-08-10,분당선,구룡,1849,1763,3612,86,8,10,수
2022-08-10,분당선,개포동,3909,4043,7952,-134,8,10,수
2022-08-10,분당선,대모산입구,4454,4329,8783,125,8,10,수
2022-08-10,분당선,수서,13485,13760,27245,-275,8,10,수
2022-08-10,분당선,수원,7476,6389,13865,1087,8,10,수
2022-08-10,분당선,서울숲,10893,11204,22097,-311,8,10,수
2022-08-10,분당선,압구정로데오,18837,20681,39518,-1844,8,10,수
2022-08-10,분당선,강남구청,9532,10877,20409,-1345,8,10,수
2022-08-10,분당선,선정릉,8002,8657,16659,-655,8,10,수
2022-08-10,분당선,가천대,6425,7300,13725,-875,8,10,수
2022-08-10,분당선,태평,13479,12786,26265,693,8,10,수
2022-08-10,분당선,모란,18761,19565,38326,-804,8,10,수
2022-08-10,분당선,야탑,25983,27470,53453,-1487,8,10,수
2022-08-10,분당선,서현,24434,24770,49204,-336,8,10,수
2022-08-10,분당선,수내,13967,13842,27809,125,8,10,수
2022-08-10,분당선,정자,17788,18783,36571,-995,8,10,수
2022-08-10,분당선,미금,15274,16412,31686,-1138,8,10,수
2022-08-10,분당선,오리,11517,9420,20937,2097,8,10,수
2022-08-10,분당선,이매,5517,5411,10928,106,8,10,수
2022-08-10,분당선,보정,2388,2068,4456,320,8,10,수
2022-08-10,분당선,죽전,12412,13650,26062,-1238,8,10,수
2022-08-10,분당선,구성,4907,5195,10102,-288,8,10,수
2022-08-10,분당선,신갈,4496,4418,8914,78,8,10,수
2022-08-10,분당선,기흥,9863,9211,19074,652,8,10,수
2022-08-10,분당선,상갈,5094,5005,10099,89,8,10,수
2022-08-10,분당선,청명,4057,3876,7933,181,8,10,수
2022-08-10,분당선,영통,7965,8133,16098,-168,8,10,수
2022-08-10,분당선,망포,14228,13458,27686,770,8,10,수
2022-08-10,분당선,매탄권선,4895,4625,9520,270,8,10,수
2022-08-10,분당선,수원시청,12084,13144,25228,-1060,8,10,수
2022-08-10,분당선,매교,2891,2880,5771,11,8,10,수
2022-08-10,수인선,고색,4761,4345,9106,416,8,10,수
2022-08-10,수인선,오목천,2706,2567,5273,139,8,10,수
2022-08-10,수인선,어천,705,708,1413,-3,8,10,수
2022-08-10,수인선,야목,351,283,634,68,8,10,수
2022-08-10,수인선,사리,4461,3902,8363,559,8,10,수
2022-08-10,수인선,달월,105,81,186,24,8,10,수
2022-08-10,우이신설선,솔밭공원,2383,2287,4670,96,8,10,수
2022-08-10,우이신설선,4.19민주묘지,2732,2573,5305,159,8,10,수
2022-08-10,우이신설선,가오리,4111,4175,8286,-64,8,10,수
2022-08-10,우이신설선,화계,3287,3043,6330,244,8,10,수
2022-08-10,우이신설선,삼양,1947,2147,4094,-200,8,10,수
2022-08-10,우이신설선,삼양사거리,2426,2434,4860,-8,8,10,수
2022-08-10,우이신설선,솔샘,5572,5286,10858,286,8,10,수
2022-08-10,우이신설선,북한산보국문,5700,5404,11104,296,8,10,수
2022-08-10,우이신설선,성신여대입구(돈암),3198,3518,6716,-320,8,10,수
2022-08-10,우이신설선,보문,1446,1418,2864,28,8,10,수
2022-08-10,우이신설선,신설동,1998,1921,3919,77,8,10,수
2022-08-10,일산선,원흥,10821,10288,21109,533,8,10,수
2022-08-10,일산선,삼송,18988,18423,37411,565,8,10,수
2022-08-10,일산선,원당,10621,10202,20823,419,8,10,수
2022-08-10,일산선,화정,16480,16890,33370,-410,8,10,수
2022-08-10,일산선,대곡,2096,1723,3819,373,8,10,수
2022-08-10,일산선,백석,9571,9626,19197,-55,8,10,수
2022-08-10,일산선,마두,7891,8080,15971,-189,8,10,수
2022-08-10,일산선,정발산,7129,7153,14282,-24,8,10,수
2022-08-10,일산선,주엽,9336,9569,18905,-233,8,10,수
2022-08-10,일산선,대화,12662,10007,22669,2655,8,10,수
2022-08-10,장항선,봉명,1273,1254,2527,19,8,10,수
2022-08-10,장항선,쌍용(나사렛대),1684,1571,3255,113,8,10,수
2022-08-10,장항선,아산,2724,2496,5220,228,8,10,수
2022-08-10,장항선,탕정,755,667,1422,88,8,10,수
2022-08-10,장항선,배방,847,828,1675,19,8,10,수
2022-08-10,장항선,온양온천,2866,2927,5793,-61,8,10,수
2022-08-10,장항선,신창(순천향대),952,948,1900,4,8,10,수
2022-08-10,중앙선,회기,23557,22889,46446,668,8,10,수
2022-08-10,중앙선,중랑,5643,5405,11048,238,8,10,수
2022-08-10,중앙선,상봉(시외버스터미널),5574,5369,10943,205,8,10,수
2022-08-10,중앙선,망우,7590,7366,14956,224,8,10,수
2022-08-10,중앙선,양원,2809,2723,5532,86,8,10,수
2022-08-10,중앙선,구리,13056,13080,26136,-24,8,10,수
2022-08-10,중앙선,도농,10407,9512,19919,895,8,10,수
2022-08-10,중앙선,양정,685,583,1268,102,8,10,수
2022-08-10,중앙선,덕소,5367,5251,10618,116,8,10,수
2022-08-10,중앙선,도심,2279,1803,4082,476,8,10,수
2022-08-10,중앙선,팔당,859,859,1718,0,8,10,수
2022-08-10,중앙선,운길산,670,698,1368,-28,8,10,수
2022-08-10,중앙선,양수,1779,1732,3511,47,8,10,수
2022-08-10,중앙선,신원,163,169,332,-6,8,10,수
2022-08-10,중앙선,국수,607,622,1229,-15,8,10,수
2022-08-10,중앙선,아신,479,528,1007,-49,8,10,수
2022-08-10,중앙선,오빈,317,299,616,18,8,10,수
2022-08-10,중앙선,양평,2565,2523,5088,42,8,10,수
2022-08-10,중앙선,원덕,343,333,676,10,8,10,수
2022-08-10,중앙선,용문,2519,2597,5116,-78,8,10,수
2022-08-10,중앙선,지평,65,58,123,7,8,10,수
2022-08-10,8호선,석촌,7614,8597,16211,-983,8,10,수
2022-08-10,9호선,당산,20162,19702,39864,460,8,10,수
2022-08-10,9호선,국회의사당,18899,19355,38254,-456,8,10,수
2022-08-10,9호선,여의도,31183,29815,60998,1368,8,10,수
2022-08-10,9호선,샛강,7205,7182,14387,23,8,10,수
2022-08-10,9호선,노량진,25135,24550,49685,585,8,10,수
2022-08-10,9호선,노들,5417,4035,9452,1382,8,10,수
2022-08-10,9호선,동작(현충원),2261,1402,3663,859,8,10,수
2022-08-10,6호선,청구,3541,3551,7092,-10,8,10,수
2022-08-10,6호선,약수,3659,3635,7294,24,8,10,수
2022-08-10,6호선,신당,6561,6354,12915,207,8,10,수
2022-08-10,9호선,신방화,6861,6747,13608,114,8,10,수
2022-08-10,9호선,마곡나루(서울식물원),12669,12766,25435,-97,8,10,수
2022-08-10,공항철도 1호선,계양,11137,10394,21531,743,8,10,수
2022-08-10,공항철도 1호선,검암,6702,6550,13252,152,8,10,수
2022-08-10,공항철도 1호선,청라국제도시,6889,6508,13397,381,8,10,수
2022-08-10,9호선,양천향교,10206,10451,20657,-245,8,10,수
2022-08-10,9호선,가양,21821,21235,43056,586,8,10,수
2022-08-10,9호선,증미,8347,7906,16253,441,8,10,수
2022-08-10,9호선,등촌,12458,11952,24410,506,8,10,수
2022-08-10,9호선,염창,18338,17730,36068,608,8,10,수
2022-08-10,9호선,신목동,4374,3931,8305,443,8,10,수
2022-08-10,9호선,선유도,9196,8723,17919,473,8,10,수
2022-08-10,5호선,길동,8122,8397,16519,-275,8,10,수
2022-08-10,5호선,굽은다리(강동구민회관앞),9602,9259,18861,343,8,10,수
2022-08-10,5호선,명일,8411,8815,17226,-404,8,10,수
2022-08-10,5호선,고덕,9332,9625,18957,-293,8,10,수
2022-08-10,5호선,상일동,15000,13902,28902,1098,8,10,수
2022-08-10,5호선,둔촌동,8073,8090,16163,-17,8,10,수
2022-08-10,5호선,올림픽공원(한국체대),4085,3513,7598,572,8,10,수
2022-08-10,5호선,방이,7063,7447,14510,-384,8,10,수
2022-08-10,5호선,오금,3573,3603,7176,-30,8,10,수
2022-08-10,5호선,개롱,6347,6562,12909,-215,8,10,수
2022-08-10,5호선,거여,9760,9387,19147,373,8,10,수
2022-08-10,5호선,마천,6886,6695,13581,191,8,10,수
2022-08-10,5호선,강일,4441,4284,8725,157,8,10,수
2022-08-10,5호선,미사,16136,16481,32617,-345,8,10,수
2022-08-10,5호선,하남풍산,4089,4011,8100,78,8,10,수
2022-08-10,5호선,하남시청(덕풍·신장),6602,6350,12952,252,8,10,수
2022-08-10,5호선,하남검단산,5530,5351,10881,179,8,10,수
2022-08-10,6호선,응암,17204,17240,34444,-36,8,10,수
2022-08-10,6호선,역촌,3874,4405,8279,-531,8,10,수
2022-08-10,6호선,불광,4824,4638,9462,186,8,10,수
2022-08-10,6호선,독바위,2669,2862,5531,-193,8,10,수
2022-08-10,6호선,구산,7334,5786,13120,1548,8,10,수
2022-08-10,6호선,새절(신사),12172,11545,23717,627,8,10,수
2022-08-10,6호선,증산(명지대앞),9836,9917,19753,-81,8,10,수
2022-08-10,6호선,디지털미디어시티,14312,16070,30382,-1758,8,10,수
2022-08-10,6호선,월드컵경기장(성산),4797,4893,9690,-96,8,10,수
2022-08-10,6호선,마포구청,14355,13012,27367,1343,8,10,수
2022-08-10,6호선,망원,13915,14772,28687,-857,8,10,수
2022-08-10,6호선,합정,13005,13065,26070,-60,8,10,수
2022-08-10,6호선,상수,8634,9908,18542,-1274,8,10,수
2022-08-10,6호선,광흥창(서강),9622,9232,18854,390,8,10,수
2022-08-10,공항철도 1호선,운서,7500,7692,15192,-192,8,10,수
2022-08-10,공항철도 1호선,공항화물청사,2376,2540,4916,-164,8,10,수
2022-08-10,공항철도 1호선,인천공항1터미널,8372,8109,16481,263,8,10,수
2022-08-10,공항철도 1호선,인천공항2터미널,3618,3400,7018,218,8,10,수
2022-08-10,공항철도 1호선,영종,3310,3358,6668,-48,8,10,수
2022-08-10,과천선,선바위,7475,6482,13957,993,8,10,수
2022-08-10,과천선,경마공원,1572,1583,3155,-11,8,10,수
2022-08-10,과천선,대공원,2294,2415,4709,-121,8,10,수
2022-08-10,우이신설선,정릉,4450,4063,8513,387,8,10,수
2022-08-10,3호선,구파발,20233,19754,39987,479,8,10,수
2022-08-10,3호선,연신내,35033,33403,68436,1630,8,10,수
2022-08-10,3호선,불광,16139,17268,33407,-1129,8,10,수
2022-08-10,3호선,녹번,15132,13828,28960,1304,8,10,수
2022-08-10,3호선,홍제,16896,16057,32953,839,8,10,수
2022-08-10,3호선,무악재,3814,3814,7628,0,8,10,수
2022-08-10,3호선,독립문,6694,6829,13523,-135,8,10,수
2022-08-10,3호선,경복궁(정부서울청사),20365,20481,40846,-116,8,10,수
2022-08-10,3호선,안국,20342,20982,41324,-640,8,10,수
2022-08-10,3호선,종로3가,10619,12095,22714,-1476,8,10,수
2022-08-10,3호선,을지로3가,11139,11171,22310,-32,8,10,수
2022-08-10,3호선,동대입구,8144,8828,16972,-684,8,10,수
2022-08-10,3호선,약수,12627,12174,24801,453,8,10,수
2022-08-10,3호선,금호,7914,7324,15238,590,8,10,수
2022-08-10,3호선,옥수,8881,9331,18212,-450,8,10,수
2022-08-10,3호선,압구정,32371,34507,66878,-2136,8,10,수
2022-08-10,3호선,신사,27873,29007,56880,-1134,8,10,수
2022-08-10,3호선,잠원,4951,4806,9757,145,8,10,수
2022-08-10,3호선,고속터미널,38005,36689,74694,1316,8,10,수
2022-08-10,3호선,교대(법원.검찰청),14944,9614,24558,5330,8,10,수
2022-08-10,3호선,남부터미널(예술의전당),28763,29030,57793,-267,8,10,수
2022-08-10,3호선,양재(서초구청),36235,39473,75708,-3238,8,10,수
2022-08-10,3호선,매봉,12675,12201,24876,474,8,10,수
2022-08-10,3호선,도곡,5074,5085,10159,-11,8,10,수
2022-08-10,3호선,대치,11580,11259,22839,321,8,10,수
2022-08-10,3호선,학여울,1777,1769,3546,8,8,10,수
2022-08-10,3호선,대청,9886,9255,19141,631,8,10,수
2022-08-10,3호선,일원,10653,10228,20881,425,8,10,수
2022-08-10,3호선,수서,16782,16808,33590,-26,8,10,수
2022-08-10,3호선,가락시장,8872,8684,17556,188,8,10,수
2022-08-10,3호선,경찰병원,7452,7562,15014,-110,8,10,수
2022-08-10,3호선,오금,6044,5440,11484,604,8,10,수
2022-08-10,4호선,당고개,8521,7584,16105,937,8,10,수
2022-08-10,4호선,상계,18222,17131,35353,1091,8,10,수
2022-08-10,4호선,노원,18123,20507,38630,-2384,8,10,수
2022-08-10,4호선,창동,24971,26511,51482,-1540,8,10,수
2022-08-10,4호선,쌍문,27757,25950,53707,1807,8,10,수
2022-08-10,4호선,수유(강북구청),32062,32434,64496,-372,8,10,수
2022-08-10,4호선,미아(서울사이버대학),13997,13613,27610,384,8,10,수
2022-08-10,4호선,미아사거리,25947,25718,51665,229,8,10,수
2022-08-10,4호선,길음,20119,19597,39716,522,8,10,수
2022-08-10,4호선,성신여대입구(돈암),18914,18616,37530,298,8,10,수
2022-08-10,4호선,한성대입구(삼선교),12518,12102,24620,416,8,10,수
2022-08-10,4호선,혜화,34339,34477,68816,-138,8,10,수
2022-08-10,4호선,동대문,16223,16754,32977,-531,8,10,수
2022-08-10,4호선,동대문역사문화공원(DDP),14295,12276,26571,2019,8,10,수
2022-08-10,4호선,충무로,25862,26956,52818,-1094,8,10,수
2022-08-10,4호선,명동,20239,20974,41213,-735,8,10,수
2022-08-10,4호선,회현(남대문시장),19828,20580,40408,-752,8,10,수
2022-08-10,4호선,서울역,11612,17843,29455,-6231,8,10,수
2022-08-10,4호선,숙대입구(갈월),12776,12741,25517,35,8,10,수
2022-08-10,4호선,삼각지,5745,6441,12186,-696,8,10,수
2022-08-10,4호선,신용산,18741,19506,38247,-765,8,10,수
2022-08-10,공항철도 1호선,공덕,2572,3317,5889,-745,8,10,수
2022-08-10,공항철도 1호선,서울역,9030,8324,17354,706,8,10,수
2022-08-10,경춘선,춘천,1291,1185,2476,106,8,10,수
2022-08-10,경춘선,남춘천,2038,2249,4287,-211,8,10,수
2022-08-10,경춘선,김유정,271,298,569,-27,8,10,수
2022-08-10,경춘선,강촌,488,405,893,83,8,10,수
2022-08-10,경춘선,백양리,152,113,265,39,8,10,수
2022-08-10,경춘선,굴봉산,121,102,223,19,8,10,수
2022-08-10,경춘선,가평,2447,2087,4534,360,8,10,수
2022-08-10,경춘선,상천,239,224,463,15,8,10,수
2022-08-10,경춘선,청평,1837,1748,3585,89,8,10,수
2022-08-10,경춘선,대성리,733,772,1505,-39,8,10,수
2022-08-10,경춘선,마석,3570,3594,7164,-24,8,10,수
2022-08-10,경춘선,천마산,1527,1410,2937,117,8,10,수
2022-08-10,경춘선,평내호평,5952,5872,11824,80,8,10,수
2022-08-10,경춘선,금곡,1439,1388,2827,51,8,10,수
2022-08-10,경춘선,사릉,2229,2224,4453,5,8,10,수
2022-08-10,경춘선,퇴계원,3352,3022,6374,330,8,10,수
2022-08-10,경춘선,별내,3011,2824,5835,187,8,10,수
2022-08-10,경춘선,갈매,2859,2493,5352,366,8,10,수
2022-08-10,경춘선,신내,2121,1988,4109,133,8,10,수
2022-08-10,경인선,도화,3999,3747,7746,252,8,10,수
2022-08-10,경인선,중동,9036,8509,17545,527,8,10,수
2022-08-10,경인선,온수(성공회대입구),6158,5930,12088,228,8,10,수
2022-08-10,경인선,도원,2647,2701,5348,-54,8,10,수
2022-08-10,경인선,간석,5809,5403,11212,406,8,10,수
2022-08-10,경인선,부개,8427,7838,16265,589,8,10,수
2022-08-10,경부선,진위,1737,1466,3203,271,8,10,수
2022-08-10,수인선,월곶,2792,2544,5336,248,8,10,수
2022-08-10,수인선,소래포구,4624,4215,8839,409,8,10,수
2022-08-10,수인선,인천논현,5346,5555,10901,-209,8,10,수
2022-08-10,수인선,호구포,4050,4128,8178,-78,8,10,수
2022-08-10,수인선,남동인더스파크,2307,2542,4849,-235,8,10,수
2022-08-10,수인선,원인재,4076,4259,8335,-183,8,10,수
2022-08-10,수인선,연수,4385,4362,8747,23,8,10,수
2022-08-10,수인선,송도,2273,2113,4386,160,8,10,수
2022-08-10,수인선,인하대,5416,5264,10680,152,8,10,수
2022-08-10,수인선,숭의,3819,3523,7342,296,8,10,수
2022-08-10,수인선,신포,1606,1643,3249,-37,8,10,수
2022-08-10,수인선,인천,742,1315,2057,-573,8,10,수
2022-08-10,신림선,샛강,2282,2749,5031,-467,8,10,수
2022-08-10,신림선,대방,2070,1651,3721,419,8,10,수
2022-08-10,신림선,서울지방병무청,2181,2534,4715,-353,8,10,수
2022-08-10,신림선,보라매,2752,2542,5294,210,8,10,수
2022-08-10,신림선,보라매공원,1652,1770,3422,-118,8,10,수
2022-08-10,신림선,보라매병원,6700,6952,13652,-252,8,10,수
2022-08-10,신림선,당곡,3783,3659,7442,124,8,10,수
2022-08-10,신림선,신림,1587,2118,3705,-531,8,10,수
2022-08-10,신림선,서원,2842,2524,5366,318,8,10,수
2022-08-10,신림선,서울대벤처타운,6363,6623,12986,-260,8,10,수
2022-08-10,신림선,관악산(서울대),2225,2192,4417,33,8,10,수
2022-08-10,안산선,산본,15140,16445,31585,-1305,8,10,수
2022-08-10,안산선,대야미,4880,4297,9177,583,8,10,수
2022-08-10,안산선,반월,4096,3965,8061,131,8,10,수
2022-08-10,안산선,상록수,14644,14767,29411,-123,8,10,수
2022-08-10,안산선,한대앞,8315,8460,16775,-145,8,10,수
2022-08-10,안산선,중앙,16658,17483,34141,-825,8,10,수
2022-08-10,안산선,고잔,8494,8037,16531,457,8,10,수
2022-08-10,안산선,초지,4416,4513,8929,-97,8,10,수
2022-08-10,안산선,안산,11270,10221,21491,1049,8,10,수
2022-08-10,안산선,신길온천,1800,1612,3412,188,8,10,수
2022-08-10,안산선,정왕,7280,7694,14974,-414,8,10,수
2022-08-10,안산선,오이도,7788,7675,15463,113,8,10,수
2022-08-10,안산선,수리산,3929,3195,7124,734,8,10,수
2022-08-10,우이신설선,북한산우이,2646,2385,5031,261,8,10,수
2022-08-10,2호선,을지로3가,24378,24425,48803,-47,8,10,수
2022-08-10,1호선,서울역,45329,44310,89639,1019,8,10,수
2022-08-10,1호선,시청,23373,24044,47417,-671,8,10,수
2022-08-10,1호선,종각,37574,36483,74057,1091,8,10,수
2022-08-10,1호선,종로3가,25336,23458,48794,1878,8,10,수
2022-08-10,1호선,종로5가,22845,22667,45512,178,8,10,수
2022-08-10,1호선,동대문,8616,7880,16496,736,8,10,수
2022-08-10,1호선,신설동,13121,12741,25862,380,8,10,수
2022-08-10,1호선,제기동,16171,16622,32793,-451,8,10,수
2022-08-10,1호선,청량리(서울시립대입구),19103,19128,38231,-25,8,10,수
2022-08-10,1호선,동묘앞,6744,7081,13825,-337,8,10,수
2022-08-10,2호선,시청,24223,23510,47733,713,8,10,수
2022-08-10,2호선,을지로입구,42914,43938,86852,-1024,8,10,수
2022-08-10,2호선,을지로4가,13971,13668,27639,303,8,10,수
2022-08-10,2호선,동대문역사문화공원(DDP),10894,12030,22924,-1136,8,10,수
2022-08-10,2호선,신당,13621,13889,27510,-268,8,10,수
2022-08-10,2호선,상왕십리,14040,13727,27767,313,8,10,수
2022-08-10,2호선,왕십리(성동구청),15559,13440,28999,2119,8,10,수
2022-08-10,2호선,한양대,7359,7732,15091,-373,8,10,수
2022-08-10,2호선,뚝섬,22510,24329,46839,-1819,8,10,수
2022-08-10,2호선,성수,38583,41330,79913,-2747,8,10,수
2022-08-10,2호선,건대입구,33623,35711,69334,-2088,8,10,수
2022-08-10,2호선,구의(광진구청),23408,23448,46856,-40,8,10,수
2022-08-10,2호선,강변(동서울터미널),29392,27904,57296,1488,8,10,수
2022-08-10,2호선,잠실나루,15071,14947,30018,124,8,10,수
2022-08-10,2호선,잠실(송파구청),70661,70356,141017,305,8,10,수
2022-08-10,2호선,잠실새내,22376,22040,44416,336,8,10,수
2022-08-10,2호선,종합운동장,15728,25104,40832,-9376,8,10,수
2022-08-10,2호선,삼성(무역센터),53308,53657,106965,-349,8,10,수
2022-08-10,2호선,선릉,58049,51588,109637,6461,8,10,수
2022-08-10,2호선,역삼,53279,59551,112830,-6272,8,10,수
2022-08-10,2호선,강남,76161,72739,148900,3422,8,10,수
2022-08-10,2호선,교대(법원.검찰청),34671,38552,73223,-3881,8,10,수
2022-08-10,2호선,서초,21517,20724,42241,793,8,10,수
2022-08-10,2호선,방배,16126,16721,32847,-595,8,10,수
2022-08-10,2호선,사당,36093,38637,74730,-2544,8,10,수
2022-08-10,2호선,낙성대(강감찬),26796,25790,52586,1006,8,10,수
2022-08-10,2호선,서울대입구(관악구청),44808,44388,89196,420,8,10,수
2022-08-10,2호선,봉천,24037,22737,46774,1300,8,10,수
2022-08-10,2호선,신림,56903,55202,112105,1701,8,10,수
2022-08-10,2호선,신대방,24557,24253,48810,304,8,10,수
2022-08-10,2호선,구로디지털단지,57810,58036,115846,-226,8,10,수
2022-08-10,2호선,대림(구로구청),23765,24068,47833,-303,8,10,수
2022-08-10,2호선,신도림,47793,47005,94798,788,8,10,수
2022-08-10,2호선,문래,22197,22707,44904,-510,8,10,수
2022-08-10,2호선,영등포구청,22616,23253,45869,-637,8,10,수
2022-08-10,9호선2~3단계,선정릉,10376,11090,21466,-714,8,10,수
2022-08-10,9호선2~3단계,삼성중앙,7467,7805,15272,-338,8,10,수
2022-08-10,9호선2~3단계,봉은사,18074,18140,36214,-66,8,10,수
2022-08-10,9호선2~3단계,종합운동장,14335,6062,20397,8273,8,10,수
2022-08-10,9호선2~3단계,삼전,7062,6859,13921,203,8,10,수
2022-08-10,9호선2~3단계,석촌고분,6293,6251,12544,42,8,10,수
2022-08-10,9호선2~3단계,석촌,8517,7508,16025,1009,8,10,수
2022-08-10,9호선2~3단계,송파나루,5215,5627,10842,-412,8,10,수
2022-08-10,9호선2~3단계,한성백제,2769,2348,5117,421,8,10,수
2022-08-10,9호선2~3단계,올림픽공원(한국체대),5968,5888,11856,80,8,10,수
2022-08-10,9호선2~3단계,둔촌오륜,908,898,1806,10,8,10,수
2022-08-10,9호선2~3단계,중앙보훈병원,10792,9711,20503,1081,8,10,수
2022-08-10,경강선,판교,4937,5004,9941,-67,8,10,수
2022-08-10,경강선,이매,1116,918,2034,198,8,10,수
2022-08-10,경강선,삼동,2768,2419,5187,349,8,10,수
2022-08-10,경강선,경기광주,8083,7332,15415,751,8,10,수
2022-08-10,경강선,초월,3098,2935,6033,163,8,10,수
2022-08-10,경강선,곤지암,1997,1937,3934,60,8,10,수
2022-08-10,경강선,신둔도예촌,1340,1270,2610,70,8,10,수
2022-08-10,경강선,이천,2505,2568,5073,-63,8,10,수
2022-08-10,경강선,부발,1916,1846,3762,70,8,10,수
2022-08-10,경강선,세종대왕릉,348,337,685,11,8,10,수
2022-08-10,경강선,여주,1966,1978,3944,-12,8,10,수
2022-08-10,경부선,서울역,6944,2327,9271,4617,8,10,수
2022-08-10,경부선,남영,9097,9484,18581,-387,8,10,수
2022-08-10,2호선,당산,18091,21156,39247,-3065,8,10,수
2022-08-10,2호선,합정,30942,33421,64363,-2479,8,10,수
2022-08-10,2호선,홍대입구,56675,60821,117496,-4146,8,10,수
2022-08-10,2호선,신촌,34617,35485,70102,-868,8,10,수
2022-08-10,2호선,이대,12942,13982,26924,-1040,8,10,수
2022-08-10,2호선,아현,10284,9658,19942,626,8,10,수
2022-08-10,2호선,충정로(경기대입구),10409,10948,21357,-539,8,10,수
2022-08-10,2호선,용답,2701,2671,5372,30,8,10,수
2022-08-10,2호선,신답,1703,1932,3635,-229,8,10,수
2022-08-10,2호선,신설동,3146,3163,6309,-17,8,10,수
2022-08-10,2호선,도림천,1339,1389,2728,-50,8,10,수
2022-08-10,2호선,양천구청,6815,7027,13842,-212,8,10,수
2022-08-10,2호선,신정네거리,10200,10583,20783,-383,8,10,수
2022-08-10,2호선,용두(동대문구청),2443,2486,4929,-43,8,10,수
2022-08-10,3호선,지축,5128,4874,10002,254,8,10,수
2022-08-10,5호선,영등포시장,10712,10625,21337,87,8,10,수
2022-08-10,5호선,신길,4362,4719,9081,-357,8,10,수
2022-08-10,5호선,여의도,31207,33055,64262,-1848,8,10,수
2022-08-10,5호선,여의나루,10087,11538,21625,-1451,8,10,수
2022-08-10,5호선,마포,15411,15585,30996,-174,8,10,수
2022-08-10,5호선,공덕,14927,15697,30624,-770,8,10,수
2022-08-10,5호선,애오개,6933,7003,13936,-70,8,10,수
2022-08-10,5호선,영등포구청,4416,4335,8751,81,8,10,수
2022-08-10,5호선,양평,7617,7609,15226,8,8,10,수
2022-08-10,5호선,오목교(목동운동장앞),22561,24086,46647,-1525,8,10,수
2022-08-10,5호선,목동,17054,18372,35426,-1318,8,10,수
2022-08-10,5호선,신정(은행정),13816,11272,25088,2544,8,10,수
2022-08-10,5호선,까치산,28638,27432,56070,1206,8,10,수
2022-08-10,5호선,화곡,28475,26658,55133,1817,8,10,수
2022-08-10,5호선,우장산,14329,14391,28720,-62,8,10,수
2022-08-10,5호선,발산,21643,22470,44113,-827,8,10,수
2022-08-10,5호선,마곡,10970,11034,22004,-64,8,10,수
2022-08-10,5호선,송정,6523,6070,12593,453,8,10,수
2022-08-10,5호선,김포공항,7879,7804,15683,75,8,10,수
2022-08-10,5호선,개화산,5766,5453,11219,313,8,10,수
2022-08-10,5호선,방화,6810,6554,13364,256,8,10,수
2022-08-10,4호선,남태령,1129,1015,2144,114,8,10,수
2022-08-10,4호선,사당,22964,19150,42114,3814,8,10,수
2022-08-10,4호선,총신대입구(이수),18178,19838,38016,-1660,8,10,수
2022-08-10,4호선,동작(현충원),1468,1400,2868,68,8,10,수
2022-08-10,4호선,이촌(국립중앙박물관),11408,11185,22593,223,8,10,수
2022-08-10,5호선,충정로(경기대입구),4934,4943,9877,-9,8,10,수
2022-08-10,5호선,서대문,19820,20136,39956,-316,8,10,수
2022-08-10,5호선,광화문(세종문화회관),33581,35235,68816,-1654,8,10,수
2022-08-10,5호선,종로3가,12832,12687,25519,145,8,10,수
2022-08-10,5호선,을지로4가,6331,6540,12871,-209,8,10,수
2022-08-10,5호선,동대문역사문화공원(DDP),3026,3393,6419,-367,8,10,수
2022-08-10,5호선,청구,3767,3503,7270,264,8,10,수
2022-08-10,5호선,신금호,6318,6466,12784,-148,8,10,수
2022-08-10,5호선,행당,8203,7393,15596,810,8,10,수
2022-08-10,5호선,왕십리(성동구청),4416,5080,9496,-664,8,10,수
2022-08-10,5호선,마장,5564,5067,10631,497,8,10,수
2022-08-10,5호선,답십리,15951,14612,30563,1339,8,10,수
2022-08-10,5호선,장한평,18394,18425,36819,-31,8,10,수
2022-08-10,5호선,군자(능동),11039,12241,23280,-1202,8,10,수
2022-08-10,5호선,아차산(어린이대공원후문),13564,13139,26703,425,8,10,수
2022-08-10,5호선,광나루(장신대),12453,11553,24006,900,8,10,수
2022-08-10,5호선,천호(풍납토성),18483,18164,36647,319,8,10,수
2022-08-10,5호선,강동,18257,17768,36025,489,8,10,수
2022-08-10,6호선,대흥(서강대앞),8321,8846,17167,-525,8,10,수
2022-08-10,6호선,공덕,19414,19122,38536,292,8,10,수
2022-08-10,6호선,효창공원앞,7790,6825,14615,965,8,10,수
2022-08-10,6호선,삼각지,8138,7071,15209,1067,8,10,수
2022-08-10,6호선,녹사평(용산구청),6270,4954,11224,1316,8,10,수
2022-08-10,6호선,이태원,11396,11293,22689,103,8,10,수
2022-08-10,6호선,한강진,8109,9065,17174,-956,8,10,수
2022-08-10,6호선,버티고개,2152,2198,4350,-46,8,10,수
2022-08-10,6호선,동묘앞,6602,6875,13477,-273,8,10,수
2022-08-10,6호선,창신,3295,2583,5878,712,8,10,수
2022-08-10,6호선,보문,7023,6452,13475,571,8,10,수
2022-08-10,6호선,안암(고대병원앞),10456,10610,21066,-154,8,10,수
2022-08-10,6호선,고려대(종암),7703,7463,15166,240,8,10,수
2022-08-10,6호선,월곡(동덕여대),11448,11402,22850,46,8,10,수
2022-08-10,6호선,상월곡(한국과학기술연구원),5944,5242,11186,702,8,10,수
2022-08-10,6호선,돌곶이,9132,8652,17784,480,8,10,수
2022-08-10,6호선,석계,12257,12471,24728,-214,8,10,수
2022-08-10,6호선,태릉입구,5484,5812,11296,-328,8,10,수
2022-08-10,6호선,화랑대(서울여대입구),11005,8551,19556,2454,8,10,수
2022-08-10,6호선,봉화산(서울의료원),8733,8212,16945,521,8,10,수
2022-08-10,7호선,장암,2280,896,3176,1384,8,10,수
2022-08-10,7호선,도봉산,8722,9825,18547,-1103,8,10,수
2022-08-10,7호선,수락산,12527,12382,24909,145,8,10,수
2022-08-10,7호선,마들,13044,12355,25399,689,8,10,수
2022-08-10,7호선,노원,20019,21050,41069,-1031,8,10,수
2022-08-10,7호선,중계,13871,12628,26499,1243,8,10,수
2022-08-10,7호선,하계,17859,16880,34739,979,8,10,수
2022-08-10,7호선,공릉(서울과학기술대),11189,11281,22470,-92,8,10,수
2022-08-10,7호선,태릉입구,8367,7817,16184,550,8,10,수
2022-08-10,7호선,먹골,10187,10106,20293,81,8,10,수
2022-08-10,7호선,중화,10403,10165,20568,238,8,10,수
2022-08-10,7호선,상봉(시외버스터미널),16299,15936,32235,363,8,10,수
2022-08-10,7호선,면목,14637,14387,29024,250,8,10,수
2022-08-10,7호선,사가정,15467,15565,31032,-98,8,10,수
2022-08-10,7호선,용마산(용마폭포공원),5904,5705,11609,199,8,10,수
2022-08-10,7호선,중곡,10735,10240,20975,495,8,10,수
2022-08-10,7호선,군자(능동),15005,12073,27078,2932,8,10,수
2022-08-10,7호선,어린이대공원(세종대),13213,13298,26511,-85,8,10,수
2022-08-10,7호선,건대입구,12337,12987,25324,-650,8,10,수
2022-08-10,7호선,뚝섬유원지,7666,7396,15062,270,8,10,수
2022-08-10,7호선,청담,20371,22326,42697,-1955,8,10,수
2022-08-10,7호선,강남구청,16464,18300,34764,-1836,8,10,수
2022-08-10,7호선,학동,24786,26204,50990,-1418,8,10,수
2022-08-10,7호선,논현,18541,19502,38043,-961,8,10,수
2022-08-10,7호선,반포,6184,5747,11931,437,8,10,수
2022-08-10,7호선,고속터미널,14908,12842,27750,2066,8,10,수
2022-08-10,7호선,내방,15152,15322,30474,-170,8,10,수
2022-08-10,7호선,이수,14736,14013,28749,723,8,10,수
2022-08-10,7호선,남성,11220,10408,21628,812,8,10,수
2022-08-10,7호선,숭실대입구(살피재),11840,11771,23611,69,8,10,수
2022-08-10,7호선,상도,11168,10543,21711,625,8,10,수
2022-08-10,7호선,장승배기,9327,9110,18437,217,8,10,수
2022-08-10,7호선,신대방삼거리,14926,14302,29228,624,8,10,수
2022-08-10,7호선,보라매,7520,7565,15085,-45,8,10,수
2022-08-10,7호선,신풍,11738,11079,22817,659,8,10,수
2022-08-10,7호선,대림(구로구청),8114,8095,16209,19,8,10,수
2022-08-10,7호선,남구로,15583,16214,31797,-631,8,10,수
2022-08-10,7호선,가산디지털단지,44555,44456,89011,99,8,10,수
2022-08-10,7호선,철산,20288,20859,41147,-571,8,10,수
2022-08-10,7호선,광명사거리,20866,20761,41627,105,8,10,수
2022-08-10,7호선,천왕,11084,10638,21722,446,8,10,수
2022-08-10,7호선,온수(성공회대입구),9597,8809,18406,788,8,10,수
2022-08-10,8호선,암사,18824,16480,35304,2344,8,10,수
2022-08-10,8호선,천호(풍납토성),14296,16596,30892,-2300,8,10,수
2022-08-10,8호선,강동구청,10043,10613,20656,-570,8,10,수
2022-08-10,8호선,몽촌토성(평화의문),6163,6225,12388,-62,8,10,수
2022-08-10,8호선,잠실(송파구청),14773,16929,31702,-2156,8,10,수
2022-08-10,8호선,송파,8355,8455,16810,-100,8,10,수
2022-08-10,8호선,가락시장,7501,8264,15765,-763,8,10,수
2022-08-10,8호선,문정,22111,23421,45532,-1310,8,10,수
2022-08-10,8호선,장지,16979,16467,33446,512,8,10,수
2022-08-10,8호선,복정,8795,7456,16251,1339,8,10,수
2022-08-10,8호선,산성,4905,4938,9843,-33,8,10,수
2022-08-10,8호선,남한산성입구(성남법원.검찰청),13349,11969,25318,1380,8,10,수
2022-08-10,8호선,단대오거리,10441,10137,20578,304,8,10,수
2022-08-10,8호선,신흥,4210,4571,8781,-361,8,10,수
2022-08-10,8호선,수진,5244,4839,10083,405,8,10,수
2022-08-10,8호선,모란,4351,3535,7886,816,8,10,수
2022-08-10,8호선,남위례,5330,5510,10840,-180,8,10,수
2022-08-10,9호선,개화,2780,1940,4720,840,8,10,수
2022-08-10,9호선,김포공항,7100,11076,18176,-3976,8,10,수
2022-08-11,수인선,야목,349,278,627,71,8,11,목
2022-08-11,수인선,사리,4485,4020,8505,465,8,11,목
2022-08-11,수인선,달월,93,60,153,33,8,11,목
2022-08-11,수인선,월곶,2653,2459,5112,194,8,11,목
2022-08-11,수인선,소래포구,4352,3931,8283,421,8,11,목
2022-08-11,경원선,석계,7692,8631,16323,-939,8,11,목
2022-08-11,수인선,인천논현,5031,5352,10383,-321,8,11,목
2022-08-11,수인선,호구포,3937,4122,8059,-185,8,11,목
2022-08-11,수인선,남동인더스파크,2320,2537,4857,-217,8,11,목
2022-08-11,수인선,원인재,4003,4080,8083,-77,8,11,목
2022-08-11,수인선,연수,4147,4269,8416,-122,8,11,목
2022-08-11,수인선,송도,2110,1985,4095,125,8,11,목
2022-08-11,수인선,인하대,5478,5195,10673,283,8,11,목
2022-08-11,수인선,숭의,3723,3445,7168,278,8,11,목
2022-08-11,수인선,신포,1570,1651,3221,-81,8,11,목
2022-08-11,수인선,인천,849,1311,2160,-462,8,11,목
2022-08-11,신림선,샛강,2231,2628,4859,-397,8,11,목
2022-08-11,신림선,대방,2126,1637,3763,489,8,11,목
2022-08-11,신림선,서울지방병무청,2205,2439,4644,-234,8,11,목
2022-08-11,신림선,보라매,2556,2394,4950,162,8,11,목
2022-08-11,신림선,보라매공원,1589,1725,3314,-136,8,11,목
2022-08-11,신림선,보라매병원,6801,7147,13948,-346,8,11,목
2022-08-11,5호선,여의나루,9828,11490,21318,-1662,8,11,목
2022-08-11,신림선,당곡,3671,3577,7248,94,8,11,목
2022-08-11,신림선,신림,1475,2059,3534,-584,8,11,목
2022-08-11,신림선,서원,2690,2314,5004,376,8,11,목
2022-08-11,신림선,서울대벤처타운,6358,6469,12827,-111,8,11,목
2022-08-11,신림선,관악산(서울대),2052,1912,3964,140,8,11,목
2022-08-11,안산선,대야미,4631,4558,9189,73,8,11,목
2022-08-11,안산선,반월,3838,3760,7598,78,8,11,목
2022-08-11,안산선,상록수,14390,14845,29235,-455,8,11,목
2022-08-11,안산선,한대앞,8322,8312,16634,10,8,11,목
2022-08-11,안산선,중앙,16462,17127,33589,-665,8,11,목
2022-08-11,안산선,고잔,8488,7925,16413,563,8,11,목
2022-08-11,3호선,양재(서초구청),37109,40298,77407,-3189,8,11,목
2022-08-11,3호선,매봉,12610,12217,24827,393,8,11,목
2022-08-11,3호선,도곡,5177,5214,10391,-37,8,11,목
2022-08-11,3호선,대치,11823,11601,23424,222,8,11,목
2022-08-11,3호선,학여울,1753,1818,3571,-65,8,11,목
2022-08-11,3호선,대청,9619,9034,18653,585,8,11,목
2022-08-11,3호선,일원,10658,10297,20955,361,8,11,목
2022-08-11,3호선,수서,16471,16869,33340,-398,8,11,목
2022-08-11,3호선,가락시장,8656,8581,17237,75,8,11,목
2022-08-11,9호선,노들,4586,3844,8430,742,8,11,목
2022-08-11,3호선,경찰병원,7237,7330,14567,-93,8,11,목
2022-08-11,3호선,오금,6169,5463,11632,706,8,11,목
2022-08-11,안산선,초지,4452,4472,8924,-20,8,11,목
2022-08-11,안산선,안산,11004,9934,20938,1070,8,11,목
2022-08-11,안산선,신길온천,1695,1548,3243,147,8,11,목
2022-08-11,안산선,정왕,7003,7418,14421,-415,8,11,목
2022-08-11,안산선,오이도,7690,7491,15181,199,8,11,목
2022-08-11,안산선,수리산,3813,3158,6971,655,8,11,목
2022-08-11,우이신설선,북한산우이,2411,2181,4592,230,8,11,목
2022-08-11,우이신설선,솔밭공원,2331,2241,4572,90,8,11,목
2022-08-11,우이신설선,4.19민주묘지,2734,2619,5353,115,8,11,목
2022-08-11,우이신설선,가오리,4106,4097,8203,9,8,11,목
2022-08-11,우이신설선,화계,3299,2984,6283,315,8,11,목
2022-08-11,우이신설선,삼양,1877,2018,3895,-141,8,11,목
2022-08-11,우이신설선,삼양사거리,2331,2358,4689,-27,8,11,목
2022-08-11,우이신설선,솔샘,5657,5337,10994,320,8,11,목
2022-08-11,우이신설선,북한산보국문,5515,5237,10752,278,8,11,목
2022-08-11,우이신설선,정릉,4334,3932,8266,402,8,11,목
2022-08-11,우이신설선,성신여대입구(돈암),3177,3488,6665,-311,8,11,목
2022-08-11,우이신설선,보문,1387,1367,2754,20,8,11,목
2022-08-11,우이신설선,신설동,1987,1815,3802,172,8,11,목
2022-08-11,일산선,원흥,10865,10309,21174,556,8,11,목
2022-08-11,일산선,삼송,18923,18392,37315,531,8,11,목
2022-08-11,일산선,원당,10622,10003,20625,619,8,11,목
2022-08-11,일산선,화정,16248,16449,32697,-201,8,11,목
2022-08-11,일산선,대곡,2101,1643,3744,458,8,11,목
2022-08-11,일산선,백석,9977,9799,19776,178,8,11,목
2022-08-11,일산선,마두,7564,7714,15278,-150,8,11,목
2022-08-11,일산선,정발산,6848,7149,13997,-301,8,11,목
2022-08-11,일산선,주엽,9178,9400,18578,-222,8,11,목
2022-08-11,일산선,대화,12904,10308,23212,2596,8,11,목
2022-08-11,장항선,봉명,1292,1177,2469,115,8,11,목
2022-08-11,장항선,쌍용(나사렛대),1735,1645,3380,90,8,11,목
2022-08-11,장항선,아산,2719,2506,5225,213,8,11,목
2022-08-11,장항선,탕정,750,711,1461,39,8,11,목
2022-08-11,장항선,배방,856,854,1710,2,8,11,목
2022-08-11,장항선,온양온천,2934,3005,5939,-71,8,11,목
2022-08-11,장항선,신창(순천향대),1059,966,2025,93,8,11,목
2022-08-11,중앙선,회기,23341,22678,46019,663,8,11,목
2022-08-11,중앙선,중랑,5425,5079,10504,346,8,11,목
2022-08-11,중앙선,상봉(시외버스터미널),5484,5326,10810,158,8,11,목
2022-08-11,중앙선,망우,7542,7344,14886,198,8,11,목
2022-08-11,중앙선,양원,2756,2577,5333,179,8,11,목
2022-08-11,중앙선,구리,12843,13044,25887,-201,8,11,목
2022-08-11,중앙선,도농,10481,9390,19871,1091,8,11,목
2022-08-11,중앙선,양정,636,560,1196,76,8,11,목
2022-08-11,중앙선,덕소,5260,5195,10455,65,8,11,목
2022-08-11,중앙선,도심,2270,1770,4040,500,8,11,목
2022-08-11,중앙선,팔당,794,848,1642,-54,8,11,목
2022-08-11,중앙선,운길산,603,538,1141,65,8,11,목
2022-08-11,중앙선,양수,1663,1661,3324,2,8,11,목
2022-08-11,중앙선,신원,163,160,323,3,8,11,목
2022-08-11,중앙선,국수,557,522,1079,35,8,11,목
2022-08-11,중앙선,아신,528,500,1028,28,8,11,목
2022-08-11,중앙선,오빈,293,279,572,14,8,11,목
2022-08-11,중앙선,양평,2465,2396,4861,69,8,11,목
2022-08-11,중앙선,원덕,302,301,603,1,8,11,목
2022-08-11,중앙선,용문,1553,1639,3192,-86,8,11,목
2022-08-11,중앙선,지평,63,70,133,-7,8,11,목
2022-08-11,4호선,당고개,8296,7534,15830,762,8,11,목
2022-08-11,4호선,동대문역사문화공원(DDP),14321,12495,26816,1826,8,11,목
2022-08-11,4호선,충무로,25288,26608,51896,-1320,8,11,목
2022-08-11,3호선,홍제,16725,15585,32310,1140,8,11,목
2022-08-11,3호선,무악재,3759,3783,7542,-24,8,11,목
2022-08-11,3호선,독립문,6580,6617,13197,-37,8,11,목
2022-08-11,3호선,경복궁(정부서울청사),19585,20111,39696,-526,8,11,목
2022-08-11,3호선,안국,19946,20961,40907,-1015,8,11,목
2022-08-11,3호선,종로3가,10385,12021,22406,-1636,8,11,목
2022-08-11,3호선,을지로3가,10772,11128,21900,-356,8,11,목
2022-08-11,3호선,동대입구,7902,8455,16357,-553,8,11,목
2022-08-11,3호선,약수,12324,12002,24326,322,8,11,목
2022-08-11,4호선,명동,19508,20367,39875,-859,8,11,목
2022-08-11,4호선,회현(남대문시장),18669,19576,38245,-907,8,11,목
2022-08-11,4호선,서울역,11593,18174,29767,-6581,8,11,목
2022-08-11,4호선,숙대입구(갈월),12611,12420,25031,191,8,11,목
2022-08-11,4호선,삼각지,5306,6053,11359,-747,8,11,목
2022-08-11,4호선,신용산,18421,19897,38318,-1476,8,11,목
2022-08-11,4호선,이촌(국립중앙박물관),9391,9879,19270,-488,8,11,목
2022-08-11,4호선,동작(현충원),1206,1262,2468,-56,8,11,목
2022-08-11,4호선,총신대입구(이수),17876,19176,37052,-1300,8,11,목
2022-08-11,4호선,사당,24224,19840,44064,4384,8,11,목
2022-08-11,4호선,남태령,1263,1119,2382,144,8,11,목
2022-08-11,5호선,방화,6650,6323,12973,327,8,11,목
2022-08-11,5호선,개화산,5576,5272,10848,304,8,11,목
2022-08-11,5호선,김포공항,7755,7471,15226,284,8,11,목
2022-08-11,안산선,산본,14827,16169,30996,-1342,8,11,목
2022-08-11,5호선,송정,6337,5921,12258,416,8,11,목
2022-08-11,5호선,마곡,10565,10714,21279,-149,8,11,목
2022-08-11,5호선,발산,21299,22118,43417,-819,8,11,목
2022-08-11,5호선,우장산,13962,13910,27872,52,8,11,목
2022-08-11,5호선,화곡,27999,26012,54011,1987,8,11,목
2022-08-11,5호선,신정(은행정),13536,10851,24387,2685,8,11,목
2022-08-11,5호선,목동,16738,17848,34586,-1110,8,11,목
2022-08-11,5호선,오목교(목동운동장앞),22109,23573,45682,-1464,8,11,목
2022-08-11,5호선,영등포구청,4139,4196,8335,-57,8,11,목
2022-08-11,5호선,영등포시장,10515,10684,21199,-169,8,11,목
2022-08-11,5호선,신길,4308,4488,8796,-180,8,11,목
2022-08-11,3호선,금호,7757,7147,14904,610,8,11,목
2022-08-11,3호선,옥수,8690,8882,17572,-192,8,11,목
2022-08-11,3호선,압구정,31720,33999,65719,-2279,8,11,목
2022-08-11,2호선,서초,21663,21190,42853,473,8,11,목
2022-08-11,2호선,방배,15980,16544,32524,-564,8,11,목
2022-08-11,2호선,사당,36774,39930,76704,-3156,8,11,목
2022-08-11,2호선,낙성대(강감찬),27006,25938,52944,1068,8,11,목
2022-08-11,2호선,서울대입구(관악구청),45901,44630,90531,1271,8,11,목
2022-08-11,2호선,봉천,23807,22174,45981,1633,8,11,목
2022-08-11,2호선,신림,56720,54230,110950,2490,8,11,목
2022-08-11,2호선,신대방,24881,23867,48748,1014,8,11,목
2022-08-11,2호선,구로디지털단지,58799,58889,117688,-90,8,11,목
2022-08-11,2호선,대림(구로구청),23092,23439,46531,-347,8,11,목
2022-08-11,2호선,신도림,47885,47112,94997,773,8,11,목
2022-08-11,2호선,문래,22049,22636,44685,-587,8,11,목
2022-08-11,2호선,영등포구청,21971,22799,44770,-828,8,11,목
2022-08-11,2호선,당산,17334,20575,37909,-3241,8,11,목
2022-08-11,2호선,합정,30992,33596,64588,-2604,8,11,목
2022-08-11,2호선,홍대입구,57227,61335,118562,-4108,8,11,목
2022-08-11,2호선,신촌,33829,34702,68531,-873,8,11,목
2022-08-11,2호선,이대,13198,13875,27073,-677,8,11,목
2022-08-11,2호선,아현,10021,9486,19507,535,8,11,목
2022-08-11,2호선,충정로(경기대입구),10005,10535,20540,-530,8,11,목
2022-08-11,2호선,용답,2689,2570,5259,119,8,11,목
2022-08-11,2호선,신답,1749,1849,3598,-100,8,11,목
2022-08-11,2호선,신설동,3076,3104,6180,-28,8,11,목
2022-08-11,2호선,도림천,1370,1415,2785,-45,8,11,목
2022-08-11,2호선,양천구청,6665,6906,13571,-241,8,11,목
2022-08-11,2호선,신정네거리,10125,10381,20506,-256,8,11,목
2022-08-11,2호선,용두(동대문구청),2395,2434,4829,-39,8,11,목
2022-08-11,3호선,지축,5097,4845,9942,252,8,11,목
2022-08-11,3호선,구파발,20161,19434,39595,727,8,11,목
2022-08-11,3호선,연신내,34268,32456,66724,1812,8,11,목
2022-08-11,3호선,불광,15530,16773,32303,-1243,8,11,목
2022-08-11,3호선,녹번,15238,13512,28750,1726,8,11,목
2022-08-11,3호선,신사,28587,30199,58786,-1612,8,11,목
2022-08-11,3호선,잠원,4813,4514,9327,299,8,11,목
2022-08-11,3호선,고속터미널,38889,38530,77419,359,8,11,목
2022-08-11,3호선,교대(법원.검찰청),15039,9753,24792,5286,8,11,목
2022-08-11,5호선,여의도,30701,32238,62939,-1537,8,11,목
2022-08-11,4호선,상계,17959,16757,34716,1202,8,11,목
2022-08-11,4호선,노원,17950,20452,38402,-2502,8,11,목
2022-08-11,4호선,창동,24278,25713,49991,-1435,8,11,목
2022-08-11,5호선,양평,7623,7430,15053,193,8,11,목
2022-08-11,5호선,까치산,28284,26612,54896,1672,8,11,목
2022-08-11,2호선,교대(법원.검찰청),34298,38365,72663,-4067,8,11,목
2022-08-11,2호선,강남,79605,76199,155804,3406,8,11,목
2022-08-11,2호선,역삼,54354,61742,116096,-7388,8,11,목
2022-08-11,2호선,선릉,58754,52388,111142,6366,8,11,목
2022-08-11,2호선,삼성(무역센터),55446,56035,111481,-589,8,11,목
2022-08-11,2호선,종합운동장,10131,13838,23969,-3707,8,11,목
2022-08-11,2호선,잠실새내,21446,21324,42770,122,8,11,목
2022-08-11,2호선,잠실(송파구청),70580,70482,141062,98,8,11,목
2022-08-11,2호선,잠실나루,14788,14461,29249,327,8,11,목
2022-08-11,2호선,강변(동서울터미널),29862,29105,58967,757,8,11,목
2022-08-11,2호선,구의(광진구청),23517,22886,46403,631,8,11,목
2022-08-11,2호선,건대입구,33861,36429,70290,-2568,8,11,목
2022-08-11,2호선,성수,37643,41259,78902,-3616,8,11,목
2022-08-11,2호선,뚝섬,22055,23952,46007,-1897,8,11,목
2022-08-11,2호선,한양대,7252,7570,14822,-318,8,11,목
2022-08-11,2호선,왕십리(성동구청),15267,13279,28546,1988,8,11,목
2022-08-11,2호선,상왕십리,13905,13354,27259,551,8,11,목
2022-08-11,2호선,신당,13396,13613,27009,-217,8,11,목
2022-08-11,2호선,동대문역사문화공원(DDP),10823,12179,23002,-1356,8,11,목
2022-08-11,4호선,쌍문,27251,25502,52753,1749,8,11,목
2022-08-11,4호선,수유(강북구청),31693,32096,63789,-403,8,11,목
2022-08-11,4호선,미아(서울사이버대학),13686,13166,26852,520,8,11,목
2022-08-11,4호선,미아사거리,25746,25039,50785,707,8,11,목
2022-08-11,4호선,길음,19806,19135,38941,671,8,11,목
2022-08-11,4호선,성신여대입구(돈암),18665,18102,36767,563,8,11,목
2022-08-11,4호선,한성대입구(삼선교),12205,11833,24038,372,8,11,목
2022-08-11,4호선,혜화,33797,34268,68065,-471,8,11,목
2022-08-11,4호선,동대문,15737,16364,32101,-627,8,11,목
2022-08-11,3호선,남부터미널(예술의전당),29049,29721,58770,-672,8,11,목
2022-08-11,2호선,을지로4가,13728,13721,27449,7,8,11,목
2022-08-11,5호선,행당,8068,7202,15270,866,8,11,목
2022-08-11,1호선,서울역,45932,45132,91064,800,8,11,목
2022-08-11,1호선,시청,23105,23727,46832,-622,8,11,목
2022-08-11,1호선,종각,37345,37044,74389,301,8,11,목
2022-08-11,1호선,종로3가,25195,23142,48337,2053,8,11,목
2022-08-11,1호선,종로5가,21675,21838,43513,-163,8,11,목
2022-08-11,1호선,동대문,8632,7800,16432,832,8,11,목
2022-08-11,1호선,신설동,12718,12399,25117,319,8,11,목
2022-08-11,1호선,제기동,15707,15933,31640,-226,8,11,목
2022-08-11,1호선,청량리(서울시립대입구),18737,18626,37363,111,8,11,목
2022-08-11,1호선,동묘앞,6442,6527,12969,-85,8,11,목
2022-08-11,2호선,시청,23829,23492,47321,337,8,11,목
2022-08-11,2호선,을지로입구,41999,43553,85552,-1554,8,11,목
2022-08-11,2호선,을지로3가,23378,24061,47439,-683,8,11,목
2022-08-11,5호선,마포,14726,15176,29902,-450,8,11,목
2022-08-11,5호선,공덕,14648,15653,30301,-1005,8,11,목
2022-08-11,5호선,애오개,6758,6794,13552,-36,8,11,목
2022-08-11,5호선,충정로(경기대입구),4775,4848,9623,-73,8,11,목
2022-08-11,5호선,서대문,19455,19901,39356,-446,8,11,목
2022-08-11,5호선,광화문(세종문화회관),32698,34493,67191,-1795,8,11,목
2022-08-11,5호선,종로3가,12865,12626,25491,239,8,11,목
2022-08-11,5호선,을지로4가,6284,6464,12748,-180,8,11,목
2022-08-11,5호선,동대문역사문화공원(DDP),3194,3743,6937,-549,8,11,목
2022-08-11,5호선,청구,3648,3425,7073,223,8,11,목
2022-08-11,5호선,신금호,6166,6320,12486,-154,8,11,목
2022-08-11,5호선,왕십리(성동구청),4332,5148,9480,-816,8,11,목
2022-08-11,5호선,마장,5403,4970,10373,433,8,11,목
2022-08-11,5호선,답십리,15929,14346,30275,1583,8,11,목
2022-08-11,5호선,장한평,18422,18197,36619,225,8,11,목
2022-08-11,5호선,군자(능동),10860,11906,22766,-1046,8,11,목
2022-08-11,5호선,아차산(어린이대공원후문),13606,12924,26530,682,8,11,목
2022-08-11,5호선,광나루(장신대),12884,11512,24396,1372,8,11,목
2022-08-11,5호선,천호(풍납토성),17635,17560,35195,75,8,11,목
2022-08-11,5호선,강동,18275,17571,35846,704,8,11,목
2022-08-11,5호선,길동,7797,8068,15865,-271,8,11,목
2022-08-11,5호선,굽은다리(강동구민회관앞),9479,9020,18499,459,8,11,목
2022-08-11,5호선,명일,8141,8438,16579,-297,8,11,목
2022-08-11,5호선,고덕,9272,9339,18611,-67,8,11,목
2022-08-11,5호선,상일동,14575,13445,28020,1130,8,11,목
2022-08-11,5호선,둔촌동,7698,7837,15535,-139,8,11,목
2022-08-11,5호선,올림픽공원(한국체대),4055,3506,7561,549,8,11,목
2022-08-11,5호선,방이,7072,7369,14441,-297,8,11,목
2022-08-11,5호선,오금,3479,3495,6974,-16,8,11,목
2022-08-11,5호선,개롱,6314,6463,12777,-149,8,11,목
2022-08-11,5호선,거여,9783,9360,19143,423,8,11,목
2022-08-11,5호선,마천,7000,6572,13572,428,8,11,목
2022-08-11,5호선,강일,4577,4275,8852,302,8,11,목
2022-08-11,5호선,미사,16137,16454,32591,-317,8,11,목
2022-08-11,5호선,하남풍산,4204,4088,8292,116,8,11,목
2022-08-11,5호선,하남시청(덕풍·신장),6526,6348,12874,178,8,11,목
2022-08-11,5호선,하남검단산,5592,5282,10874,310,8,11,목
2022-08-11,6호선,응암,17015,16800,33815,215,8,11,목
2022-08-11,6호선,역촌,3770,4261,8031,-491,8,11,목
2022-08-11,6호선,불광,4493,4214,8707,279,8,11,목
2022-08-11,6호선,독바위,2685,2767,5452,-82,8,11,목
2022-08-11,6호선,연신내,1,0,1,1,8,11,목
2022-08-11,6호선,구산,7478,5656,13134,1822,8,11,목
2022-08-11,6호선,새절(신사),12098,11178,23276,920,8,11,목
2022-08-11,6호선,증산(명지대앞),9615,9427,19042,188,8,11,목
2022-08-11,6호선,디지털미디어시티,14378,15875,30253,-1497,8,11,목
2022-08-11,6호선,월드컵경기장(성산),4429,4634,9063,-205,8,11,목
2022-08-11,6호선,마포구청,14196,12871,27067,1325,8,11,목
2022-08-11,6호선,망원,13669,14727,28396,-1058,8,11,목
2022-08-11,6호선,합정,12746,12969,25715,-223,8,11,목
2022-08-11,6호선,상수,8513,9794,18307,-1281,8,11,목
2022-08-11,6호선,광흥창(서강),9192,8967,18159,225,8,11,목
2022-08-11,6호선,대흥(서강대앞),8086,8375,16461,-289,8,11,목
2022-08-11,6호선,공덕,18929,18343,37272,586,8,11,목
2022-08-11,6호선,효창공원앞,7208,6445,13653,763,8,11,목
2022-08-11,6호선,삼각지,7436,6289,13725,1147,8,11,목
2022-08-11,6호선,녹사평(용산구청),4809,4755,9564,54,8,11,목
2022-08-11,6호선,이태원,10667,11558,22225,-891,8,11,목
2022-08-11,6호선,한강진,7626,8928,16554,-1302,8,11,목
2022-08-11,6호선,버티고개,2051,2044,4095,7,8,11,목
2022-08-11,6호선,약수,3480,3416,6896,64,8,11,목
2022-08-11,6호선,청구,3550,3515,7065,35,8,11,목
2022-08-11,6호선,신당,6589,6529,13118,60,8,11,목
2022-08-11,6호선,동묘앞,6404,6717,13121,-313,8,11,목
2022-08-11,6호선,창신,3281,2546,5827,735,8,11,목
2022-08-11,6호선,보문,7042,6321,13363,721,8,11,목
2022-08-11,6호선,안암(고대병원앞),10031,10144,20175,-113,8,11,목
2022-08-11,6호선,고려대(종암),7664,7222,14886,442,8,11,목
2022-08-11,6호선,월곡(동덕여대),11354,11091,22445,263,8,11,목
2022-08-11,6호선,상월곡(한국과학기술연구원),6512,6071,12583,441,8,11,목
2022-08-11,6호선,돌곶이,8985,8147,17132,838,8,11,목
2022-08-11,6호선,석계,11616,11999,23615,-383,8,11,목
2022-08-11,6호선,태릉입구,5310,5680,10990,-370,8,11,목
2022-08-11,6호선,화랑대(서울여대입구),11091,8580,19671,2511,8,11,목
2022-08-11,6호선,봉화산(서울의료원),8788,8217,17005,571,8,11,목
2022-08-11,6호선,신내,1,0,1,1,8,11,목
2022-08-11,7호선,장암,2245,872,3117,1373,8,11,목
2022-08-11,7호선,도봉산,8605,9481,18086,-876,8,11,목
2022-08-11,7호선,수락산,11907,11818,23725,89,8,11,목
2022-08-11,7호선,마들,12629,11791,24420,838,8,11,목
2022-08-11,7호선,노원,19537,20636,40173,-1099,8,11,목
2022-08-11,7호선,중계,13796,12442,26238,1354,8,11,목
2022-08-11,7호선,하계,17301,16182,33483,1119,8,11,목
2022-08-11,9호선2~3단계,송파나루,5204,5508,10712,-304,8,11,목
2022-08-11,7호선,공릉(서울과학기술대),11078,11021,22099,57,8,11,목
2022-08-11,7호선,태릉입구,8051,7634,15685,417,8,11,목
2022-08-11,7호선,먹골,9917,9701,19618,216,8,11,목
2022-08-11,7호선,중화,10477,10190,20667,287,8,11,목
2022-08-11,7호선,상봉(시외버스터미널),16340,15595,31935,745,8,11,목
2022-08-11,7호선,면목,14670,13883,28553,787,8,11,목
2022-08-11,7호선,사가정,15384,15170,30554,214,8,11,목
2022-08-11,7호선,용마산(용마폭포공원),5814,5582,11396,232,8,11,목
2022-08-11,7호선,중곡,10474,9907,20381,567,8,11,목
2022-08-11,7호선,군자(능동),15062,11880,26942,3182,8,11,목
2022-08-11,7호선,어린이대공원(세종대),12388,12204,24592,184,8,11,목
2022-08-11,7호선,건대입구,12350,12790,25140,-440,8,11,목
2022-08-11,7호선,뚝섬유원지,7126,6982,14108,144,8,11,목
2022-08-11,7호선,청담,20019,22334,42353,-2315,8,11,목
2022-08-11,7호선,강남구청,16917,18620,35537,-1703,8,11,목
2022-08-11,7호선,학동,24777,26208,50985,-1431,8,11,목
2022-08-11,7호선,논현,18868,19652,38520,-784,8,11,목
2022-08-11,7호선,반포,5938,5620,11558,318,8,11,목
2022-08-11,7호선,고속터미널,15301,13460,28761,1841,8,11,목
2022-08-11,7호선,내방,14958,15128,30086,-170,8,11,목
2022-08-11,7호선,이수,14803,13942,28745,861,8,11,목
2022-08-11,7호선,남성,11005,10036,21041,969,8,11,목
2022-08-11,7호선,숭실대입구(살피재),11804,11705,23509,99,8,11,목
2022-08-11,7호선,상도,10809,10386,21195,423,8,11,목
2022-08-11,7호선,장승배기,8916,8748,17664,168,8,11,목
2022-08-11,7호선,신대방삼거리,14810,13897,28707,913,8,11,목
2022-08-11,7호선,보라매,7358,7439,14797,-81,8,11,목
2022-08-11,7호선,신풍,11247,10749,21996,498,8,11,목
2022-08-11,7호선,대림(구로구청),7889,7885,15774,4,8,11,목
2022-08-11,7호선,남구로,15500,16016,31516,-516,8,11,목
2022-08-11,7호선,가산디지털단지,44565,44938,89503,-373,8,11,목
2022-08-11,7호선,철산,20751,20873,41624,-122,8,11,목
2022-08-11,7호선,광명사거리,21016,20896,41912,120,8,11,목
2022-08-11,7호선,천왕,11027,10575,21602,452,8,11,목
2022-08-11,7호선,온수(성공회대입구),9606,8727,18333,879,8,11,목
2022-08-11,8호선,암사,18629,16270,34899,2359,8,11,목
2022-08-11,8호선,천호(풍납토성),14099,16140,30239,-2041,8,11,목
2022-08-11,8호선,강동구청,10052,10428,20480,-376,8,11,목
2022-08-11,8호선,몽촌토성(평화의문),6027,6018,12045,9,8,11,목
2022-08-11,8호선,잠실(송파구청),14596,17104,31700,-2508,8,11,목
2022-08-11,8호선,석촌,7357,8474,15831,-1117,8,11,목
2022-08-11,8호선,송파,8430,8087,16517,343,8,11,목
2022-08-11,8호선,가락시장,7446,8267,15713,-821,8,11,목
2022-08-11,8호선,문정,21739,23161,44900,-1422,8,11,목
2022-08-11,8호선,장지,16803,16144,32947,659,8,11,목
2022-08-11,8호선,복정,8671,7383,16054,1288,8,11,목
2022-08-11,8호선,산성,4912,4905,9817,7,8,11,목
2022-08-11,8호선,남한산성입구(성남법원.검찰청),13176,11537,24713,1639,8,11,목
2022-08-11,8호선,단대오거리,10060,9696,19756,364,8,11,목
2022-08-11,8호선,신흥,3994,4385,8379,-391,8,11,목
2022-08-11,8호선,수진,5153,4718,9871,435,8,11,목
2022-08-11,8호선,모란,4266,3390,7656,876,8,11,목
2022-08-11,8호선,남위례,5331,5467,10798,-136,8,11,목
2022-08-11,9호선,개화,2836,1937,4773,899,8,11,목
2022-08-11,9호선,김포공항,7317,11454,18771,-4137,8,11,목
2022-08-11,9호선,공항시장,2961,3237,6198,-276,8,11,목
2022-08-11,9호선,신방화,6664,6494,13158,170,8,11,목
2022-08-11,9호선,마곡나루(서울식물원),12634,12591,25225,43,8,11,목
2022-08-11,9호선,양천향교,10033,10218,20251,-185,8,11,목
2022-08-11,9호선,가양,21499,20659,42158,840,8,11,목
2022-08-11,9호선,증미,8255,7725,15980,530,8,11,목
2022-08-11,9호선,등촌,11989,11481,23470,508,8,11,목
2022-08-11,9호선,염창,18273,17574,35847,699,8,11,목
2022-08-11,9호선,신목동,4428,3836,8264,592,8,11,목
2022-08-11,9호선,선유도,8978,8537,17515,441,8,11,목
2022-08-11,9호선,당산,19118,19282,38400,-164,8,11,목
2022-08-11,9호선,국회의사당,18038,18972,37010,-934,8,11,목
2022-08-11,9호선,여의도,30859,29722,60581,1137,8,11,목
2022-08-11,9호선,샛강,6783,6897,13680,-114,8,11,목
2022-08-11,9호선,노량진,24750,24297,49047,453,8,11,목
2022-08-11,9호선,흑석(중앙대입구),8421,8703,17124,-282,8,11,목
2022-08-11,9호선,동작(현충원),1844,1302,3146,542,8,11,목
2022-08-11,9호선,구반포,1317,1272,2589,45,8,11,목
2022-08-11,9호선,신반포,3595,3470,7065,125,8,11,목
2022-08-11,9호선,고속터미널,12255,15164,27419,-2909,8,11,목
2022-08-11,9호선,사평,4192,4083,8275,109,8,11,목
2022-08-11,9호선,신논현,29307,28638,57945,669,8,11,목
2022-08-11,9호선2~3단계,언주,11314,11421,22735,-107,8,11,목
2022-08-11,9호선2~3단계,선정릉,10476,11265,21741,-789,8,11,목
2022-08-11,9호선2~3단계,삼성중앙,7523,7802,15325,-279,8,11,목
2022-08-11,9호선2~3단계,봉은사,19099,19627,38726,-528,8,11,목
2022-08-11,9호선2~3단계,종합운동장,7951,4840,12791,3111,8,11,목
2022-08-11,9호선2~3단계,삼전,7253,6726,13979,527,8,11,목
2022-08-11,9호선2~3단계,석촌고분,6652,6429,13081,223,8,11,목
2022-08-11,9호선2~3단계,석촌,8798,7608,16406,1190,8,11,목
2022-08-11,9호선2~3단계,한성백제,2665,2375,5040,290,8,11,목
2022-08-11,9호선2~3단계,올림픽공원(한국체대),6279,6187,12466,92,8,11,목
2022-08-11,9호선2~3단계,둔촌오륜,906,866,1772,40,8,11,목
2022-08-11,9호선2~3단계,중앙보훈병원,10987,9870,20857,1117,8,11,목
2022-08-11,경강선,판교,5106,5208,10314,-102,8,11,목
2022-08-11,경강선,이매,1077,915,1992,162,8,11,목
2022-08-11,경강선,삼동,2506,2295,4801,211,8,11,목
2022-08-11,경강선,경기광주,7935,7029,14964,906,8,11,목
2022-08-11,경강선,초월,3185,2920,6105,265,8,11,목
2022-08-11,경강선,곤지암,1973,1874,3847,99,8,11,목
2022-08-11,경강선,신둔도예촌,1313,1256,2569,57,8,11,목
2022-08-11,경강선,이천,2430,2442,4872,-12,8,11,목
2022-08-11,경강선,부발,2009,1889,3898,120,8,11,목
2022-08-11,경강선,세종대왕릉,302,288,590,14,8,11,목
2022-08-11,경강선,여주,1976,1984,3960,-8,8,11,목
2022-08-11,경부선,서울역,7523,2460,9983,5063,8,11,목
2022-08-11,경부선,남영,9015,9282,18297,-267,8,11,목
2022-08-11,경부선,용산,38249,40593,78842,-2344,8,11,목
2022-08-11,경부선,노량진,7622,7140,14762,482,8,11,목
2022-08-11,경부선,대방,11091,11749,22840,-658,8,11,목
2022-08-11,경부선,영등포,37552,38943,76495,-1391,8,11,목
2022-08-11,경부선,신도림,3925,4009,7934,-84,8,11,목
2022-08-11,경부선,신길,8666,7426,16092,1240,8,11,목
2022-08-11,경부선,구로,17785,18120,35905,-335,8,11,목
2022-08-11,경부선,가산디지털단지,17989,20637,38626,-2648,8,11,목
2022-08-11,경부선,금천구청,10787,10746,21533,41,8,11,목
2022-08-11,경부선,석수,8764,7732,16496,1032,8,11,목
2022-08-11,경부선,관악,6833,6540,13373,293,8,11,목
2022-08-11,경부선,안양,20095,19864,39959,231,8,11,목
2022-08-11,경부선,명학,8692,8333,17025,359,8,11,목
2022-08-11,경부선,금정,25988,26298,52286,-310,8,11,목
2022-08-11,경부선,군포,7450,7221,14671,229,8,11,목
2022-08-11,경부선,의왕,8417,8362,16779,55,8,11,목
2022-08-11,경부선,성균관대,13507,13082,26589,425,8,11,목
2022-08-11,경부선,화서,7722,7332,15054,390,8,11,목
2022-08-11,경부선,수원,31685,34383,66068,-2698,8,11,목
2022-08-11,경부선,독산,18026,18509,36535,-483,8,11,목
2022-08-11,경부선,세류,2806,2545,5351,261,8,11,목
2022-08-11,경부선,병점,13023,12915,25938,108,8,11,목
2022-08-11,경부선,세마,2727,2515,5242,212,8,11,목
2022-08-11,경부선,오산대,3247,2943,6190,304,8,11,목
2022-08-11,경부선,오산,8807,8753,17560,54,8,11,목
2022-08-11,경부선,진위,1556,1353,2909,203,8,11,목
2022-08-11,경부선,송탄,3864,3720,7584,144,8,11,목
2022-08-11,경부선,서정리,6140,5738,11878,402,8,11,목
2022-08-11,경부선,평택지제,3560,3404,6964,156,8,11,목
2022-08-11,경부선,평택,9927,9912,19839,15,8,11,목
2022-08-11,경부선,성환,2845,2827,5672,18,8,11,목
2022-08-11,경부선,직산,720,725,1445,-5,8,11,목
2022-08-11,경부선,두정,4679,4731,9410,-52,8,11,목
2022-08-11,경부선,천안,4373,4640,9013,-267,8,11,목
2022-08-11,경부선,당정,5969,5588,11557,381,8,11,목
2022-08-11,경부선,서동탄,1442,1192,2634,250,8,11,목
2022-08-11,경부선,광명,3406,3044,6450,362,8,11,목
2022-08-11,경원선,이촌(국립중앙박물관),4138,3239,7377,899,8,11,목
2022-08-11,경원선,서빙고,2276,1968,4244,308,8,11,목
2022-08-11,경원선,한남,4345,4085,8430,260,8,11,목
2022-08-11,경원선,옥수,51,36,87,15,8,11,목
2022-08-11,경원선,응봉,1799,1416,3215,383,8,11,목
2022-08-11,경원선,왕십리(성동구청),14366,16152,30518,-1786,8,11,목
2022-08-11,경원선,청량리(서울시립대입구),14645,15545,30190,-900,8,11,목
2022-08-11,경원선,외대앞,7357,7247,14604,110,8,11,목
2022-08-11,경원선,신이문,8263,7580,15843,683,8,11,목
2022-08-11,경원선,광운대,7088,6590,13678,498,8,11,목
2022-08-11,경원선,월계,6069,5633,11702,436,8,11,목
2022-08-11,경원선,녹천,4515,3723,8238,792,8,11,목
2022-08-11,경원선,방학,9347,9048,18395,299,8,11,목
2022-08-11,경원선,도봉,5907,5725,11632,182,8,11,목
2022-08-11,경원선,도봉산,6425,4021,10446,2404,8,11,목
2022-08-11,경원선,망월사,7319,7428,14747,-109,8,11,목
2022-08-11,경원선,회룡,12082,11941,24023,141,8,11,목
2022-08-11,경원선,의정부,17645,18304,35949,-659,8,11,목
2022-08-11,경원선,가능,6419,6139,12558,280,8,11,목
2022-08-11,경원선,녹양,4353,4152,8505,201,8,11,목
2022-08-11,경원선,양주,7153,6743,13896,410,8,11,목
2022-08-11,경원선,덕계,3167,2757,5924,410,8,11,목
2022-08-11,경원선,덕정,5029,4920,9949,109,8,11,목
2022-08-11,경원선,지행,6148,6289,12437,-141,8,11,목
2022-08-11,경원선,동두천중앙,2990,2944,5934,46,8,11,목
2022-08-11,경원선,보산,1516,1409,2925,107,8,11,목
2022-08-11,경원선,동두천,2037,2334,4371,-297,8,11,목
2022-08-11,경원선,소요산,2484,2245,4729,239,8,11,목
2022-08-11,경의선,서울역,4549,5593,10142,-1044,8,11,목
2022-08-11,경의선,신촌,933,1227,2160,-294,8,11,목
2022-08-11,경의선,효창공원앞,3052,3486,6538,-434,8,11,목
2022-08-11,경의선,공덕,3959,3382,7341,577,8,11,목
2022-08-11,경의선,서강대,2134,2070,4204,64,8,11,목
2022-08-11,경의선,홍대입구,1875,2224,4099,-349,8,11,목
2022-08-11,경의선,가좌,5546,5142,10688,404,8,11,목
2022-08-11,경의선,디지털미디어시티,2760,2398,5158,362,8,11,목
2022-08-11,경의선,수색,2932,3066,5998,-134,8,11,목
2022-08-11,경의선,화전,1555,1513,3068,42,8,11,목
2022-08-11,경의선,강매,3182,2744,5926,438,8,11,목
2022-08-11,경의선,행신,7948,8151,16099,-203,8,11,목
2022-08-11,경의선,능곡,3781,3432,7213,349,8,11,목
2022-08-11,경의선,곡산,602,638,1240,-36,8,11,목
2022-08-11,경의선,백마,6824,6651,13475,173,8,11,목
2022-08-11,경의선,풍산,5607,5158,10765,449,8,11,목
2022-08-11,경의선,일산,9421,9071,18492,350,8,11,목
2022-08-11,경의선,탄현,7869,7388,15257,481,8,11,목
2022-08-11,경의선,야당,7791,7940,15731,-149,8,11,목
2022-08-11,경의선,운정,6896,6146,13042,750,8,11,목
2022-08-11,경의선,금릉,4808,4532,9340,276,8,11,목
2022-08-11,경의선,금촌,6533,6470,13003,63,8,11,목
2022-08-11,경의선,월롱,2644,2476,5120,168,8,11,목
2022-08-11,경의선,파주,1095,696,1791,399,8,11,목
2022-08-11,경의선,문산,5150,5157,10307,-7,8,11,목
2022-08-11,경의선,임진강,22,0,22,22,8,11,목
2022-08-11,경의선,계양,1,0,1,1,8,11,목
2022-08-11,경인선,개봉,20227,19895,40122,332,8,11,목
2022-08-11,경인선,오류동,11358,10389,21747,969,8,11,목
2022-08-11,경인선,역곡,25504,25727,51231,-223,8,11,목
2022-08-11,경인선,부천,30624,30251,60875,373,8,11,목
2022-08-11,경인선,송내,26191,25725,51916,466,8,11,목
2022-08-11,경인선,부평,27766,29527,57293,-1761,8,11,목
2022-08-11,경인선,백운,6697,6470,13167,227,8,11,목
2022-08-11,경인선,동암,15148,15072,30220,76,8,11,목
2022-08-11,경인선,주안,17491,15872,33363,1619,8,11,목
2022-08-11,경인선,제물포,9822,9112,18934,710,8,11,목
2022-08-11,경인선,동인천,13077,12513,25590,564,8,11,목
2022-08-11,경인선,인천,3283,2707,5990,576,8,11,목
2022-08-11,경인선,구일,7979,8100,16079,-121,8,11,목
2022-08-11,경인선,소사,7797,6760,14557,1037,8,11,목
2022-08-11,경인선,부개,8502,7769,16271,733,8,11,목
2022-08-11,경인선,간석,5670,5331,11001,339,8,11,목
2022-08-11,경인선,도원,2624,2651,5275,-27,8,11,목
2022-08-11,경인선,온수(성공회대입구),6166,5752,11918,414,8,11,목
2022-08-11,경인선,중동,8825,8377,17202,448,8,11,목
2022-08-11,경인선,도화,3874,3617,7491,257,8,11,목
2022-08-11,경춘선,신내,2008,1921,3929,87,8,11,목
2022-08-11,경춘선,갈매,2827,2480,5307,347,8,11,목
2022-08-11,경춘선,별내,3024,2890,5914,134,8,11,목
2022-08-11,경춘선,퇴계원,3402,3092,6494,310,8,11,목
2022-08-11,경춘선,사릉,2177,2148,4325,29,8,11,목
2022-08-11,경춘선,금곡,1453,1406,2859,47,8,11,목
2022-08-11,경춘선,평내호평,5985,5820,11805,165,8,11,목
2022-08-11,경춘선,천마산,1525,1417,2942,108,8,11,목
2022-08-11,경춘선,마석,3606,3594,7200,12,8,11,목
2022-08-11,경춘선,대성리,836,706,1542,130,8,11,목
2022-08-11,경춘선,청평,1795,1773,3568,22,8,11,목
2022-08-11,경춘선,상천,182,204,386,-22,8,11,목
2022-08-11,경춘선,가평,2071,2314,4385,-243,8,11,목
2022-08-11,경춘선,굴봉산,111,95,206,16,8,11,목
2022-08-11,경춘선,백양리,111,108,219,3,8,11,목
2022-08-11,경춘선,강촌,420,381,801,39,8,11,목
2022-08-11,경춘선,김유정,286,282,568,4,8,11,목
2022-08-11,경춘선,남춘천,2140,2189,4329,-49,8,11,목
2022-08-11,경춘선,춘천,1375,1295,2670,80,8,11,목
2022-08-11,공항철도 1호선,서울역,9211,8575,17786,636,8,11,목
2022-08-11,공항철도 1호선,공덕,2591,3312,5903,-721,8,11,목
2022-08-11,공항철도 1호선,홍대입구,11007,11283,22290,-276,8,11,목
2022-08-11,공항철도 1호선,디지털미디어시티,14885,13582,28467,1303,8,11,목
2022-08-11,공항철도 1호선,마곡나루(서울식물원),9488,8905,18393,583,8,11,목
2022-08-11,공항철도 1호선,김포공항,11400,6977,18377,4423,8,11,목
2022-08-11,공항철도 1호선,계양,11230,10384,21614,846,8,11,목
2022-08-11,공항철도 1호선,검암,6571,6529,13100,42,8,11,목
2022-08-11,공항철도 1호선,청라국제도시,7054,6625,13679,429,8,11,목
2022-08-11,공항철도 1호선,운서,7745,7848,15593,-103,8,11,목
2022-08-11,공항철도 1호선,공항화물청사,2381,2471,4852,-90,8,11,목
2022-08-11,공항철도 1호선,인천공항1터미널,8479,7836,16315,643,8,11,목
2022-08-11,공항철도 1호선,인천공항2터미널,4007,3395,7402,612,8,11,목
2022-08-11,공항철도 1호선,영종,3386,3431,6817,-45,8,11,목
2022-08-11,과천선,선바위,7509,6636,14145,873,8,11,목
2022-08-11,과천선,경마공원,1160,1189,2349,-29,8,11,목
2022-08-11,과천선,대공원,1967,2090,4057,-123,8,11,목
2022-08-11,과천선,과천,6119,5760,11879,359,8,11,목
2022-08-11,과천선,정부과천청사,10502,10704,21206,-202,8,11,목
2022-08-11,과천선,인덕원,22628,23429,46057,-801,8,11,목
2022-08-11,과천선,평촌,17371,17349,34720,22,8,11,목
2022-08-11,과천선,범계,24572,24412,48984,160,8,11,목
2022-08-11,분당선,선릉,14184,21227,35411,-7043,8,11,목
2022-08-11,분당선,한티,15856,16669,32525,-813,8,11,목
2022-08-11,분당선,도곡,7216,6906,14122,310,8,11,목
2022-08-11,분당선,구룡,1905,1822,3727,83,8,11,목
2022-08-11,분당선,개포동,3862,3980,7842,-118,8,11,목
2022-08-11,분당선,대모산입구,4620,4294,8914,326,8,11,목
2022-08-11,분당선,수서,13601,14357,27958,-756,8,11,목
2022-08-11,분당선,수원,7844,6493,14337,1351,8,11,목
2022-08-11,분당선,서울숲,10895,11068,21963,-173,8,11,목
2022-08-11,분당선,압구정로데오,19300,21611,40911,-2311,8,11,목
2022-08-11,분당선,강남구청,9510,10875,20385,-1365,8,11,목
2022-08-11,분당선,선정릉,7959,8518,16477,-559,8,11,목
2022-08-11,분당선,가천대,6426,7176,13602,-750,8,11,목
2022-08-11,분당선,태평,13284,12616,25900,668,8,11,목
2022-08-11,분당선,모란,18496,18659,37155,-163,8,11,목
2022-08-11,분당선,야탑,25564,26764,52328,-1200,8,11,목
2022-08-11,분당선,서현,24046,24469,48515,-423,8,11,목
2022-08-11,분당선,수내,13792,13694,27486,98,8,11,목
2022-08-11,분당선,정자,17993,19044,37037,-1051,8,11,목
2022-08-11,분당선,미금,14937,15870,30807,-933,8,11,목
2022-08-11,분당선,오리,11318,9334,20652,1984,8,11,목
2022-08-11,분당선,이매,5453,5243,10696,210,8,11,목
2022-08-11,분당선,보정,2368,2100,4468,268,8,11,목
2022-08-11,분당선,죽전,12441,13991,26432,-1550,8,11,목
2022-08-11,분당선,구성,4902,5017,9919,-115,8,11,목
2022-08-11,분당선,신갈,4442,4326,8768,116,8,11,목
2022-08-11,분당선,기흥,9787,9084,18871,703,8,11,목
2022-08-11,분당선,상갈,5163,4871,10034,292,8,11,목
2022-08-11,분당선,청명,4293,4072,8365,221,8,11,목
2022-08-11,분당선,영통,7952,8080,16032,-128,8,11,목
2022-08-11,분당선,망포,14398,13647,28045,751,8,11,목
2022-08-11,분당선,매탄권선,4950,4717,9667,233,8,11,목
2022-08-11,분당선,수원시청,12169,13038,25207,-869,8,11,목
2022-08-11,분당선,매교,2950,2913,5863,37,8,11,목
2022-08-11,수인선,고색,4694,4268,8962,426,8,11,목
2022-08-11,수인선,오목천,2762,2530,5292,232,8,11,목
2022-08-11,수인선,어천,693,680,1373,13,8,11,목
2022-08-12,7호선,신풍,11680,11137,22817,543,8,12,금
2022-08-12,경춘선,가평,2867,3126,5993,-259,8,12,금
2022-08-12,경춘선,굴봉산,198,156,354,42,8,12,금
2022-08-12,경춘선,백양리,156,148,304,8,8,12,금
2022-08-12,경춘선,강촌,508,529,1037,-21,8,12,금
2022-08-12,경춘선,김유정,413,469,882,-56,8,12,금
2022-08-12,경춘선,남춘천,3314,3769,7083,-455,8,12,금
2022-08-12,경춘선,춘천,2077,1942,4019,135,8,12,금
2022-08-12,공항철도 1호선,서울역,11110,10807,21917,303,8,12,금
2022-08-12,공항철도 1호선,공덕,2652,3428,6080,-776,8,12,금
2022-08-12,공항철도 1호선,홍대입구,12901,13452,26353,-551,8,12,금
2022-08-12,공항철도 1호선,디지털미디어시티,14203,12722,26925,1481,8,12,금
2022-08-12,안산선,상록수,16033,15962,31995,71,8,12,금
2022-08-12,공항철도 1호선,마곡나루(서울식물원),9329,8469,17798,860,8,12,금
2022-08-12,공항철도 1호선,김포공항,13764,7808,21572,5956,8,12,금
2022-08-12,공항철도 1호선,계양,11654,10453,22107,1201,8,12,금
2022-08-12,공항철도 1호선,검암,6994,6896,13890,98,8,12,금
2022-08-12,공항철도 1호선,청라국제도시,7392,6999,14391,393,8,12,금
2022-08-12,공항철도 1호선,운서,8270,8307,16577,-37,8,12,금
2022-08-12,공항철도 1호선,공항화물청사,2383,2451,4834,-68,8,12,금
2022-08-12,공항철도 1호선,인천공항1터미널,8595,8502,17097,93,8,12,금
2022-08-12,공항철도 1호선,인천공항2터미널,3877,3404,7281,473,8,12,금
2022-08-12,공항철도 1호선,영종,3903,3999,7902,-96,8,12,금
2022-08-12,과천선,선바위,8331,7231,15562,1100,8,12,금
2022-08-12,과천선,경마공원,7910,8043,15953,-133,8,12,금
2022-08-12,과천선,대공원,3646,3782,7428,-136,8,12,금
2022-08-12,과천선,과천,6924,6231,13155,693,8,12,금
2022-08-12,과천선,정부과천청사,11470,11153,22623,317,8,12,금
2022-08-12,과천선,인덕원,24987,25483,50470,-496,8,12,금
2022-08-12,과천선,평촌,17967,17601,35568,366,8,12,금
2022-08-12,과천선,범계,27678,28118,55796,-440,8,12,금
2022-08-12,분당선,선릉,13986,20873,34859,-6887,8,12,금
2022-08-12,분당선,한티,16951,17344,34295,-393,8,12,금
2022-08-12,분당선,도곡,7568,7179,14747,389,8,12,금
2022-08-12,분당선,구룡,1926,1826,3752,100,8,12,금
2022-08-12,분당선,개포동,4129,4269,8398,-140,8,12,금
2022-08-12,분당선,대모산입구,4922,4398,9320,524,8,12,금
2022-08-12,분당선,수서,14609,15822,30431,-1213,8,12,금
2022-08-12,분당선,복정,1,0,1,1,8,12,금
2022-08-12,분당선,수원,8986,7537,16523,1449,8,12,금
2022-08-12,분당선,서울숲,12307,12483,24790,-176,8,12,금
2022-08-12,분당선,압구정로데오,21542,25268,46810,-3726,8,12,금
2022-08-12,분당선,강남구청,9796,11134,20930,-1338,8,12,금
2022-08-12,분당선,선정릉,8047,8542,16589,-495,8,12,금
2022-08-12,분당선,가천대,6908,7424,14332,-516,8,12,금
2022-08-12,분당선,태평,14447,13419,27866,1028,8,12,금
2022-08-12,분당선,모란,20735,20945,41680,-210,8,12,금
2022-08-12,분당선,야탑,27380,29167,56547,-1787,8,12,금
2022-08-12,분당선,서현,27579,28209,55788,-630,8,12,금
2022-08-12,분당선,수내,14802,14355,29157,447,8,12,금
2022-08-12,분당선,정자,17884,19150,37034,-1266,8,12,금
2022-08-12,분당선,미금,16088,17222,33310,-1134,8,12,금
2022-08-12,분당선,오리,11941,9669,21610,2272,8,12,금
2022-08-12,분당선,이매,6330,5730,12060,600,8,12,금
2022-08-12,분당선,보정,2631,2222,4853,409,8,12,금
2022-08-12,분당선,죽전,14127,15399,29526,-1272,8,12,금
2022-08-12,분당선,구성,5251,5313,10564,-62,8,12,금
2022-08-12,분당선,신갈,4753,4618,9371,135,8,12,금
2022-08-12,분당선,기흥,10446,10052,20498,394,8,12,금
2022-08-12,분당선,상갈,5756,5454,11210,302,8,12,금
2022-08-12,분당선,청명,4481,4173,8654,308,8,12,금
2022-08-12,분당선,영통,9149,9044,18193,105,8,12,금
2022-08-12,분당선,망포,15619,14275,29894,1344,8,12,금
2022-08-12,분당선,매탄권선,5617,5124,10741,493,8,12,금
2022-08-12,분당선,수원시청,13302,15573,28875,-2271,8,12,금
2022-08-12,분당선,매교,3326,3334,6660,-8,8,12,금
2022-08-12,수인선,고색,5022,4512,9534,510,8,12,금
2022-08-12,수인선,오목천,3251,2852,6103,399,8,12,금
2022-08-12,수인선,어천,943,884,1827,59,8,12,금
2022-08-12,수인선,야목,421,312,733,109,8,12,금
2022-08-12,수인선,사리,5023,4343,9366,680,8,12,금
2022-08-12,수인선,달월,116,82,198,34,8,12,금
2022-08-12,수인선,월곶,2792,2602,5394,190,8,12,금
2022-08-12,수인선,소래포구,5017,4749,9766,268,8,12,금
2022-08-12,수인선,인천논현,5725,6035,11760,-310,8,12,금
2022-08-12,수인선,호구포,4193,4245,8438,-52,8,12,금
2022-08-12,수인선,남동인더스파크,2401,2618,5019,-217,8,12,금
2022-08-12,수인선,원인재,4418,4424,8842,-6,8,12,금
2022-08-12,수인선,연수,4828,4856,9684,-28,8,12,금
2022-08-12,수인선,송도,2463,2256,4719,207,8,12,금
2022-08-12,수인선,인하대,6014,5508,11522,506,8,12,금
2022-08-12,수인선,숭의,4058,3623,7681,435,8,12,금
2022-08-12,수인선,신포,1676,1827,3503,-151,8,12,금
2022-08-12,수인선,인천,1117,1632,2749,-515,8,12,금
2022-08-12,신림선,샛강,2167,2713,4880,-546,8,12,금
2022-08-12,신림선,대방,2217,1754,3971,463,8,12,금
2022-08-12,신림선,서울지방병무청,2505,2597,5102,-92,8,12,금
2022-08-12,1호선,서울역,51661,53036,104697,-1375,8,12,금
2022-08-12,1호선,시청,23816,24257,48073,-441,8,12,금
2022-08-12,1호선,종각,39001,38704,77705,297,8,12,금
2022-08-12,1호선,종로3가,27525,25653,53178,1872,8,12,금
2022-08-12,1호선,종로5가,24241,24336,48577,-95,8,12,금
2022-08-12,1호선,동대문,9733,8860,18593,873,8,12,금
2022-08-12,1호선,신설동,13626,13004,26630,622,8,12,금
2022-08-12,1호선,제기동,17598,17864,35462,-266,8,12,금
2022-08-12,1호선,청량리(서울시립대입구),21099,21164,42263,-65,8,12,금
2022-08-12,1호선,동묘앞,8006,8159,16165,-153,8,12,금
2022-08-12,2호선,시청,24279,23556,47835,723,8,12,금
2022-08-12,2호선,을지로입구,42885,43960,86845,-1075,8,12,금
2022-08-12,2호선,을지로3가,23870,24610,48480,-740,8,12,금
2022-08-12,2호선,을지로4가,14272,14170,28442,102,8,12,금
2022-08-12,2호선,동대문역사문화공원(DDP),12100,14396,26496,-2296,8,12,금
2022-08-12,2호선,신당,14413,14803,29216,-390,8,12,금
2022-08-12,2호선,상왕십리,14718,13814,28532,904,8,12,금
2022-08-12,2호선,왕십리(성동구청),16434,14259,30693,2175,8,12,금
2022-08-12,2호선,한양대,7396,7676,15072,-280,8,12,금
2022-08-12,2호선,뚝섬,23865,25223,49088,-1358,8,12,금
2022-08-12,2호선,성수,39981,44158,84139,-4177,8,12,금
2022-08-12,2호선,건대입구,37296,41724,79020,-4428,8,12,금
2022-08-12,2호선,구의(광진구청),24640,23631,48271,1009,8,12,금
2022-08-12,2호선,강변(동서울터미널),35322,38180,73502,-2858,8,12,금
2022-08-12,2호선,잠실나루,15164,14507,29671,657,8,12,금
2022-08-12,2호선,잠실(송파구청),81179,80467,161646,712,8,12,금
2022-08-12,2호선,잠실새내,23478,24460,47938,-982,8,12,금
2022-08-12,2호선,종합운동장,18543,21617,40160,-3074,8,12,금
2022-08-12,2호선,삼성(무역센터),58826,58549,117375,277,8,12,금
2022-08-12,2호선,선릉,59562,52309,111871,7253,8,12,금
2022-08-12,2호선,역삼,53259,59447,112706,-6188,8,12,금
2022-08-12,2호선,강남,87842,86551,174393,1291,8,12,금
2022-08-12,2호선,교대(법원.검찰청),34705,39042,73747,-4337,8,12,금
2022-08-12,2호선,서초,22108,21012,43120,1096,8,12,금
2022-08-12,2호선,방배,16699,17205,33904,-506,8,12,금
2022-08-12,2호선,사당,41214,44508,85722,-3294,8,12,금
2022-08-12,2호선,낙성대(강감찬),28860,26390,55250,2470,8,12,금
2022-08-12,2호선,서울대입구(관악구청),49972,47269,97241,2703,8,12,금
2022-08-12,2호선,봉천,25148,22655,47803,2493,8,12,금
2022-08-12,2호선,신림,61292,58402,119694,2890,8,12,금
2022-08-12,2호선,신대방,26135,24692,50827,1443,8,12,금
2022-08-12,2호선,구로디지털단지,60404,59519,119923,885,8,12,금
2022-08-12,2호선,대림(구로구청),24308,24533,48841,-225,8,12,금
2022-08-12,2호선,신도림,50427,49611,100038,816,8,12,금
2022-08-12,2호선,문래,22519,23469,45988,-950,8,12,금
2022-08-12,2호선,영등포구청,22074,23021,45095,-947,8,12,금
2022-08-12,2호선,당산,18398,21117,39515,-2719,8,12,금
2022-08-12,2호선,합정,33982,38566,72548,-4584,8,12,금
2022-08-12,2호선,홍대입구,67383,75205,142588,-7822,8,12,금
2022-08-12,2호선,신촌,37199,38070,75269,-871,8,12,금
2022-08-12,2호선,이대,14179,14599,28778,-420,8,12,금
2022-08-12,2호선,아현,10577,9610,20187,967,8,12,금
2022-08-12,2호선,충정로(경기대입구),9989,10511,20500,-522,8,12,금
2022-08-12,2호선,신답,1756,1851,3607,-95,8,12,금
2022-08-12,2호선,신설동,3724,3657,7381,67,8,12,금
2022-08-12,신림선,보라매,2764,2448,5212,316,8,12,금
2022-08-12,2호선,도림천,1375,1419,2794,-44,8,12,금
2022-08-12,2호선,양천구청,6961,7009,13970,-48,8,12,금
2022-08-12,2호선,신정네거리,10723,10762,21485,-39,8,12,금
2022-08-12,2호선,용두(동대문구청),2520,2499,5019,21,8,12,금
2022-08-12,3호선,지축,5384,5005,10389,379,8,12,금
2022-08-12,3호선,구파발,22283,21769,44052,514,8,12,금
2022-08-12,3호선,연신내,37420,35170,72590,2250,8,12,금
2022-08-12,3호선,불광,16618,17596,34214,-978,8,12,금
2022-08-12,3호선,녹번,15603,13681,29284,1922,8,12,금
2022-08-12,3호선,홍제,17961,16600,34561,1361,8,12,금
2022-08-12,3호선,무악재,4029,3841,7870,188,8,12,금
2022-08-12,3호선,독립문,7354,7280,14634,74,8,12,금
2022-08-12,3호선,경복궁(정부서울청사),22175,22681,44856,-506,8,12,금
2022-08-12,3호선,안국,23324,24095,47419,-771,8,12,금
2022-08-12,신림선,보라매공원,1661,1812,3473,-151,8,12,금
2022-08-12,신림선,보라매병원,6444,6574,13018,-130,8,12,금
2022-08-12,신림선,당곡,3910,3790,7700,120,8,12,금
2022-08-12,신림선,신림,1723,2259,3982,-536,8,12,금
2022-08-12,신림선,서원,2962,2424,5386,538,8,12,금
2022-08-12,신림선,서울대벤처타운,7012,6601,13613,411,8,12,금
2022-08-12,신림선,관악산(서울대),3183,2973,6156,210,8,12,금
2022-08-12,안산선,산본,16778,18097,34875,-1319,8,12,금
2022-08-12,안산선,대야미,5323,4574,9897,749,8,12,금
2022-08-12,안산선,반월,4472,4154,8626,318,8,12,금
2022-08-12,안산선,한대앞,9372,9216,18588,156,8,12,금
2022-08-12,안산선,중앙,18709,20167,38876,-1458,8,12,금
2022-08-12,안산선,고잔,9185,8674,17859,511,8,12,금
2022-08-12,안산선,초지,4869,4880,9749,-11,8,12,금
2022-08-12,안산선,안산,12440,11236,23676,1204,8,12,금
2022-08-12,안산선,신길온천,1950,1774,3724,176,8,12,금
2022-08-12,안산선,정왕,8528,8691,17219,-163,8,12,금
2022-08-12,안산선,오이도,8815,8596,17411,219,8,12,금
2022-08-12,안산선,수리산,4153,3325,7478,828,8,12,금
2022-08-12,우이신설선,북한산우이,4173,3850,8023,323,8,12,금
2022-08-12,우이신설선,솔밭공원,2513,2384,4897,129,8,12,금
2022-08-12,우이신설선,4.19민주묘지,3229,2943,6172,286,8,12,금
2022-08-12,우이신설선,가오리,4241,4107,8348,134,8,12,금
2022-08-12,우이신설선,화계,3566,3342,6908,224,8,12,금
2022-08-12,우이신설선,삼양,2099,2176,4275,-77,8,12,금
2022-08-12,우이신설선,삼양사거리,2528,2509,5037,19,8,12,금
2022-08-12,우이신설선,솔샘,5812,5090,10902,722,8,12,금
2022-08-12,우이신설선,북한산보국문,5963,5385,11348,578,8,12,금
2022-08-12,우이신설선,정릉,4783,4181,8964,602,8,12,금
2022-08-12,우이신설선,성신여대입구(돈암),3484,3946,7430,-462,8,12,금
2022-08-12,우이신설선,보문,1504,1444,2948,60,8,12,금
2022-08-12,우이신설선,신설동,2021,1957,3978,64,8,12,금
2022-08-12,일산선,원흥,11374,10636,22010,738,8,12,금
2022-08-12,일산선,지축,1,0,1,1,8,12,금
2022-08-12,일산선,삼송,19973,19310,39283,663,8,12,금
2022-08-12,일산선,원당,11378,10568,21946,810,8,12,금
2022-08-12,일산선,화정,17430,17818,35248,-388,8,12,금
2022-08-12,일산선,대곡,2157,1682,3839,475,8,12,금
2022-08-12,일산선,백석,10374,10385,20759,-11,8,12,금
2022-08-12,일산선,마두,8044,8241,16285,-197,8,12,금
2022-08-12,일산선,정발산,7809,8270,16079,-461,8,12,금
2022-08-12,일산선,주엽,9823,9889,19712,-66,8,12,금
2022-08-12,일산선,대화,13687,10892,24579,2795,8,12,금
2022-08-12,장항선,봉명,1327,1267,2594,60,8,12,금
2022-08-12,장항선,쌍용(나사렛대),2037,1777,3814,260,8,12,금
2022-08-12,장항선,아산,3697,3867,7564,-170,8,12,금
2022-08-12,장항선,탕정,968,895,1863,73,8,12,금
2022-08-12,장항선,배방,1200,1205,2405,-5,8,12,금
2022-08-12,장항선,온양온천,3872,4078,7950,-206,8,12,금
2022-08-12,장항선,신창(순천향대),1326,1102,2428,224,8,12,금
2022-08-12,중앙선,회기,25528,23631,49159,1897,8,12,금
2022-08-12,중앙선,중랑,5854,5458,11312,396,8,12,금
2022-08-12,중앙선,상봉(시외버스터미널),6035,5813,11848,222,8,12,금
2022-08-12,중앙선,망우,8213,7962,16175,251,8,12,금
2022-08-12,중앙선,양원,2977,2781,5758,196,8,12,금
2022-08-12,중앙선,구리,13819,13862,27681,-43,8,12,금
2022-08-12,중앙선,도농,11135,10131,21266,1004,8,12,금
2022-08-12,중앙선,양정,736,657,1393,79,8,12,금
2022-08-12,중앙선,덕소,5811,5874,11685,-63,8,12,금
2022-08-12,중앙선,도심,2431,1888,4319,543,8,12,금
2022-08-12,중앙선,팔당,952,1007,1959,-55,8,12,금
2022-08-12,중앙선,운길산,818,789,1607,29,8,12,금
2022-08-12,중앙선,양수,2024,2055,4079,-31,8,12,금
2022-08-12,중앙선,신원,203,187,390,16,8,12,금
2022-08-12,중앙선,국수,679,734,1413,-55,8,12,금
2022-08-12,중앙선,아신,605,679,1284,-74,8,12,금
2022-08-12,중앙선,오빈,329,325,654,4,8,12,금
2022-08-12,중앙선,양평,2979,3227,6206,-248,8,12,금
2022-08-12,중앙선,원덕,347,373,720,-26,8,12,금
2022-08-12,3호선,종로3가,11007,13495,24502,-2488,8,12,금
2022-08-12,3호선,을지로3가,11326,11563,22889,-237,8,12,금
2022-08-12,3호선,동대입구,8149,8725,16874,-576,8,12,금
2022-08-12,3호선,약수,13189,12759,25948,430,8,12,금
2022-08-12,3호선,금호,8135,7402,15537,733,8,12,금
2022-08-12,3호선,옥수,9410,9378,18788,32,8,12,금
2022-08-12,3호선,압구정,34739,37685,72424,-2946,8,12,금
2022-08-12,3호선,신사,31677,34201,65878,-2524,8,12,금
2022-08-12,3호선,잠원,5128,4797,9925,331,8,12,금
2022-08-12,3호선,고속터미널,49458,56009,105467,-6551,8,12,금
2022-08-12,3호선,교대(법원.검찰청),15178,9773,24951,5405,8,12,금
2022-08-12,3호선,남부터미널(예술의전당),32958,34297,67255,-1339,8,12,금
2022-08-12,3호선,양재(서초구청),39282,41828,81110,-2546,8,12,금
2022-08-12,3호선,매봉,12803,11995,24798,808,8,12,금
2022-08-12,3호선,도곡,5419,5311,10730,108,8,12,금
2022-08-12,3호선,대치,12708,12319,25027,389,8,12,금
2022-08-12,3호선,학여울,1952,1841,3793,111,8,12,금
2022-08-12,3호선,대청,10038,9433,19471,605,8,12,금
2022-08-12,3호선,일원,10854,9943,20797,911,8,12,금
2022-08-12,3호선,수서,18407,18712,37119,-305,8,12,금
2022-08-12,3호선,가락시장,9401,9154,18555,247,8,12,금
2022-08-12,3호선,경찰병원,7489,7438,14927,51,8,12,금
2022-08-12,3호선,오금,6242,5552,11794,690,8,12,금
2022-08-12,4호선,당고개,9449,8448,17897,1001,8,12,금
2022-08-12,4호선,상계,18761,17478,36239,1283,8,12,금
2022-08-12,4호선,노원,19258,22241,41499,-2983,8,12,금
2022-08-12,4호선,창동,26404,27843,54247,-1439,8,12,금
2022-08-12,4호선,쌍문,28818,26269,55087,2549,8,12,금
2022-08-12,4호선,수유(강북구청),34200,34647,68847,-447,8,12,금
2022-08-12,4호선,미아(서울사이버대학),14353,13564,27917,789,8,12,금
2022-08-12,4호선,미아사거리,27261,26714,53975,547,8,12,금
2022-08-12,4호선,길음,20758,19528,40286,1230,8,12,금
2022-08-12,4호선,성신여대입구(돈암),20441,19653,40094,788,8,12,금
2022-08-12,4호선,한성대입구(삼선교),13504,12938,26442,566,8,12,금
2022-08-12,4호선,혜화,35695,36041,71736,-346,8,12,금
2022-08-12,4호선,동대문,17523,17977,35500,-454,8,12,금
2022-08-12,4호선,동대문역사문화공원(DDP),15294,13534,28828,1760,8,12,금
2022-08-12,4호선,충무로,25771,27452,53223,-1681,8,12,금
2022-08-12,4호선,명동,21343,22583,43926,-1240,8,12,금
2022-08-12,4호선,회현(남대문시장),20137,21186,41323,-1049,8,12,금
2022-08-12,4호선,서울역,11955,21782,33737,-9827,8,12,금
2022-08-12,4호선,숙대입구(갈월),13415,13101,26516,314,8,12,금
2022-08-12,4호선,삼각지,5856,6711,12567,-855,8,12,금
2022-08-12,4호선,신용산,19698,21098,40796,-1400,8,12,금
2022-08-12,4호선,이촌(국립중앙박물관),10030,10894,20924,-864,8,12,금
2022-08-12,4호선,동작(현충원),1393,1543,2936,-150,8,12,금
2022-08-12,4호선,총신대입구(이수),19728,21205,40933,-1477,8,12,금
2022-08-12,4호선,사당,27025,22680,49705,4345,8,12,금
2022-08-12,4호선,남태령,1514,1245,2759,269,8,12,금
2022-08-12,5호선,방화,6998,6594,13592,404,8,12,금
2022-08-12,5호선,개화산,5784,5397,11181,387,8,12,금
2022-08-12,5호선,김포공항,8997,8875,17872,122,8,12,금
2022-08-12,5호선,송정,6803,6209,13012,594,8,12,금
2022-08-12,5호선,마곡,10886,10866,21752,20,8,12,금
2022-08-12,5호선,발산,20685,21936,42621,-1251,8,12,금
2022-08-12,5호선,우장산,14749,14346,29095,403,8,12,금
2022-08-12,5호선,화곡,29469,26862,56331,2607,8,12,금
2022-08-12,5호선,까치산,29572,27403,56975,2169,8,12,금
2022-08-12,5호선,신정(은행정),13915,10935,24850,2980,8,12,금
2022-08-12,5호선,목동,17444,18176,35620,-732,8,12,금
2022-08-12,5호선,오목교(목동운동장앞),23071,24933,48004,-1862,8,12,금
2022-08-12,5호선,양평,7561,7200,14761,361,8,12,금
2022-08-12,5호선,영등포구청,4359,4196,8555,163,8,12,금
2022-08-12,5호선,영등포시장,10806,10949,21755,-143,8,12,금
2022-08-12,5호선,신길,4356,4371,8727,-15,8,12,금
2022-08-12,경춘선,상천,308,278,586,30,8,12,금
2022-08-12,경춘선,청평,2154,2358,4512,-204,8,12,금
2022-08-12,경춘선,대성리,904,1203,2107,-299,8,12,금
2022-08-12,경춘선,마석,3995,4051,8046,-56,8,12,금
2022-08-12,경춘선,천마산,1623,1512,3135,111,8,12,금
2022-08-12,경춘선,평내호평,6489,6294,12783,195,8,12,금
2022-08-12,경춘선,금곡,1519,1485,3004,34,8,12,금
2022-08-12,경춘선,사릉,2298,2307,4605,-9,8,12,금
2022-08-12,경춘선,퇴계원,3659,3309,6968,350,8,12,금
2022-08-12,경춘선,별내,3264,3092,6356,172,8,12,금
2022-08-12,경춘선,갈매,2922,2536,5458,386,8,12,금
2022-08-12,경춘선,신내,2168,2104,4272,64,8,12,금
2022-08-12,경인선,도화,4376,4019,8395,357,8,12,금
2022-08-12,경인선,중동,9513,8711,18224,802,8,12,금
2022-08-12,경인선,온수(성공회대입구),6553,6008,12561,545,8,12,금
2022-08-12,경인선,도원,2898,2928,5826,-30,8,12,금
2022-08-12,경인선,간석,6143,5734,11877,409,8,12,금
2022-08-12,경인선,부개,8835,8112,16947,723,8,12,금
2022-08-12,경인선,소사,8479,7955,16434,524,8,12,금
2022-08-12,경인선,구일,8345,8566,16911,-221,8,12,금
2022-08-12,경인선,인천,4280,3746,8026,534,8,12,금
2022-08-12,경인선,동인천,14349,13707,28056,642,8,12,금
2022-08-12,경인선,제물포,10643,9906,20549,737,8,12,금
2022-08-12,경인선,주안,20190,17959,38149,2231,8,12,금
2022-08-12,경인선,동암,16576,16632,33208,-56,8,12,금
2022-08-12,경인선,백운,7211,6936,14147,275,8,12,금
2022-08-12,경인선,부평,31140,34534,65674,-3394,8,12,금
2022-08-12,경인선,송내,27644,26902,54546,742,8,12,금
2022-08-12,경인선,부천,33180,33923,67103,-743,8,12,금
2022-08-12,경인선,역곡,27130,26738,53868,392,8,12,금
2022-08-12,경인선,오류동,11986,10694,22680,1292,8,12,금
2022-08-12,경인선,개봉,21578,20762,42340,816,8,12,금
2022-08-12,경의선,임진강,23,26,49,-3,8,12,금
2022-08-12,경의선,문산,5776,5796,11572,-20,8,12,금
2022-08-12,경의선,파주,1195,838,2033,357,8,12,금
2022-08-12,경의선,월롱,3352,2417,5769,935,8,12,금
2022-08-12,경의선,금촌,6911,6720,13631,191,8,12,금
2022-08-12,경의선,금릉,5195,4929,10124,266,8,12,금
2022-08-12,경의선,운정,7153,6550,13703,603,8,12,금
2022-08-12,경의선,야당,8403,8558,16961,-155,8,12,금
2022-08-12,경의선,탄현,8125,7687,15812,438,8,12,금
2022-08-12,경의선,일산,9645,9116,18761,529,8,12,금
2022-08-12,경의선,풍산,5902,5453,11355,449,8,12,금
2022-08-12,경의선,백마,7301,6856,14157,445,8,12,금
2022-08-12,경의선,곡산,619,626,1245,-7,8,12,금
2022-08-12,경의선,능곡,4029,3621,7650,408,8,12,금
2022-08-12,경의선,행신,8498,8707,17205,-209,8,12,금
2022-08-12,경의선,강매,3294,2760,6054,534,8,12,금
2022-08-12,경의선,화전,1762,1535,3297,227,8,12,금
2022-08-12,경의선,수색,2882,2911,5793,-29,8,12,금
2022-08-12,경의선,디지털미디어시티,2744,2354,5098,390,8,12,금
2022-08-12,경의선,가좌,5689,5299,10988,390,8,12,금
2022-08-12,경의선,홍대입구,2124,2716,4840,-592,8,12,금
2022-08-12,경의선,서강대,2334,2228,4562,106,8,12,금
2022-08-12,경의선,공덕,3880,3402,7282,478,8,12,금
2022-08-12,경의선,효창공원앞,3076,3389,6465,-313,8,12,금
2022-08-12,경의선,신촌,921,1231,2152,-310,8,12,금
2022-08-12,경의선,서울역,4641,6106,10747,-1465,8,12,금
2022-08-12,경원선,소요산,3266,3191,6457,75,8,12,금
2022-08-12,경원선,동두천,2227,2541,4768,-314,8,12,금
2022-08-12,경원선,보산,1877,1589,3466,288,8,12,금
2022-08-12,경원선,동두천중앙,3313,3252,6565,61,8,12,금
2022-08-12,경원선,지행,6786,6802,13588,-16,8,12,금
2022-08-12,경원선,덕정,5669,5448,11117,221,8,12,금
2022-08-12,경원선,덕계,3425,3012,6437,413,8,12,금
2022-08-12,경원선,양주,8010,7487,15497,523,8,12,금
2022-08-12,경원선,녹양,4693,4424,9117,269,8,12,금
2022-08-12,경원선,가능,7009,6533,13542,476,8,12,금
2022-08-12,경원선,의정부,19336,20734,40070,-1398,8,12,금
2022-08-12,경원선,회룡,12929,12623,25552,306,8,12,금
2022-08-12,경원선,망월사,7760,7794,15554,-34,8,12,금
2022-08-12,경원선,도봉산,8051,5176,13227,2875,8,12,금
2022-08-12,경원선,도봉,6319,5843,12162,476,8,12,금
2022-08-12,경원선,방학,9919,9631,19550,288,8,12,금
2022-08-12,경원선,녹천,4752,3789,8541,963,8,12,금
2022-08-12,경원선,월계,6471,5899,12370,572,8,12,금
2022-08-12,경원선,광운대,7459,6966,14425,493,8,12,금
2022-08-12,경원선,석계,8258,9137,17395,-879,8,12,금
2022-08-12,경원선,신이문,8520,7602,16122,918,8,12,금
2022-08-12,경원선,외대앞,7709,7395,15104,314,8,12,금
2022-08-12,경원선,청량리(서울시립대입구),18141,19753,37894,-1612,8,12,금
2022-08-12,경원선,왕십리(성동구청),16015,17921,33936,-1906,8,12,금
2022-08-12,경원선,응봉,1901,1541,3442,360,8,12,금
2022-08-12,경원선,옥수,67,34,101,33,8,12,금
2022-08-12,2호선,용답,2860,2647,5507,213,8,12,금
2022-08-12,경원선,한남,4349,4141,8490,208,8,12,금
2022-08-12,경원선,서빙고,2403,2129,4532,274,8,12,금
2022-08-12,경원선,이촌(국립중앙박물관),4375,3167,7542,1208,8,12,금
2022-08-12,경부선,광명,3924,3832,7756,92,8,12,금
2022-08-12,경부선,서동탄,1510,1338,2848,172,8,12,금
2022-08-12,경부선,당정,6347,5889,12236,458,8,12,금
2022-08-12,경부선,천안,5980,6424,12404,-444,8,12,금
2022-08-12,경부선,두정,6075,6105,12180,-30,8,12,금
2022-08-12,경부선,직산,974,926,1900,48,8,12,금
2022-08-12,경부선,성환,3787,3356,7143,431,8,12,금
2022-08-12,경부선,평택,13670,13366,27036,304,8,12,금
2022-08-12,경부선,평택지제,4511,4228,8739,283,8,12,금
2022-08-12,경부선,서정리,8845,7008,15853,1837,8,12,금
2022-08-12,경부선,송탄,5098,4511,9609,587,8,12,금
2022-08-12,경부선,진위,1899,1595,3494,304,8,12,금
2022-08-12,경부선,오산,10494,10271,20765,223,8,12,금
2022-08-12,경부선,오산대,3707,3399,7106,308,8,12,금
2022-08-12,경부선,세마,3117,2858,5975,259,8,12,금
2022-08-12,경부선,병점,15502,15045,30547,457,8,12,금
2022-08-12,경부선,세류,3350,3123,6473,227,8,12,금
2022-08-12,경부선,독산,18535,18601,37136,-66,8,12,금
2022-08-12,경부선,수원,38517,43013,81530,-4496,8,12,금
2022-08-12,경부선,화서,8136,7791,15927,345,8,12,금
2022-08-12,경부선,성균관대,14727,14202,28929,525,8,12,금
2022-08-12,경부선,의왕,9045,8814,17859,231,8,12,금
2022-08-12,경부선,군포,7728,7296,15024,432,8,12,금
2022-08-12,경부선,금정,27898,27991,55889,-93,8,12,금
2022-08-12,경부선,명학,8856,8509,17365,347,8,12,금
2022-08-12,경부선,안양,22198,22120,44318,78,8,12,금
2022-08-12,경부선,관악,7941,7642,15583,299,8,12,금
2022-08-12,경부선,석수,9473,8376,17849,1097,8,12,금
2022-08-12,경부선,금천구청,11632,11429,23061,203,8,12,금
2022-08-12,경부선,가산디지털단지,17994,20618,38612,-2624,8,12,금
2022-08-12,경부선,구로,18720,19274,37994,-554,8,12,금
2022-08-12,경부선,신길,9196,7679,16875,1517,8,12,금
2022-08-12,경부선,신도림,4129,4217,8346,-88,8,12,금
2022-08-12,경부선,영등포,44170,46650,90820,-2480,8,12,금
2022-08-12,경부선,대방,11241,11923,23164,-682,8,12,금
2022-08-12,경부선,노량진,8661,7909,16570,752,8,12,금
2022-08-12,경부선,용산,44929,48459,93388,-3530,8,12,금
2022-08-12,경부선,남영,9112,9468,18580,-356,8,12,금
2022-08-12,경부선,서울역,9803,3324,13127,6479,8,12,금
2022-08-12,경강선,여주,2468,2692,5160,-224,8,12,금
2022-08-12,경강선,세종대왕릉,392,440,832,-48,8,12,금
2022-08-12,경강선,부발,2614,2128,4742,486,8,12,금
2022-08-12,경강선,이천,2995,3117,6112,-122,8,12,금
2022-08-12,경강선,신둔도예촌,1614,1484,3098,130,8,12,금
2022-08-12,경강선,곤지암,2344,2251,4595,93,8,12,금
2022-08-12,경강선,초월,3459,3241,6700,218,8,12,금
2022-08-12,경강선,경기광주,8363,7616,15979,747,8,12,금
2022-08-12,경강선,삼동,2592,2283,4875,309,8,12,금
2022-08-12,경강선,이매,1166,1036,2202,130,8,12,금
2022-08-12,경강선,판교,5443,5463,10906,-20,8,12,금
2022-08-12,9호선2~3단계,중앙보훈병원,11423,9944,21367,1479,8,12,금
2022-08-12,9호선2~3단계,둔촌오륜,1021,1006,2027,15,8,12,금
2022-08-12,9호선2~3단계,올림픽공원(한국체대),13012,13359,26371,-347,8,12,금
2022-08-12,9호선2~3단계,한성백제,2910,2633,5543,277,8,12,금
2022-08-12,9호선2~3단계,송파나루,5739,6332,12071,-593,8,12,금
2022-08-12,9호선2~3단계,석촌,9483,8339,17822,1144,8,12,금
2022-08-12,9호선2~3단계,석촌고분,6857,6528,13385,329,8,12,금
2022-08-12,9호선2~3단계,삼전,7525,7049,14574,476,8,12,금
2022-08-12,9호선2~3단계,종합운동장,7160,5679,12839,1481,8,12,금
2022-08-12,9호선2~3단계,봉은사,22045,22553,44598,-508,8,12,금
2022-08-12,9호선2~3단계,삼성중앙,7677,7849,15526,-172,8,12,금
2022-08-12,9호선2~3단계,선정릉,10461,11342,21803,-881,8,12,금
2022-08-12,9호선2~3단계,언주,11701,11557,23258,144,8,12,금
2022-08-12,9호선,신논현,34353,34224,68577,129,8,12,금
2022-08-12,9호선,사평,4223,3863,8086,360,8,12,금
2022-08-12,9호선,고속터미널,14957,21682,36639,-6725,8,12,금
2022-08-12,9호선,신반포,3872,3837,7709,35,8,12,금
2022-08-12,9호선,구반포,1359,1418,2777,-59,8,12,금
2022-08-12,9호선,동작(현충원),1882,1414,3296,468,8,12,금
2022-08-12,9호선,흑석(중앙대입구),8727,9000,17727,-273,8,12,금
2022-08-12,9호선,노들,4967,4033,9000,934,8,12,금
2022-08-12,9호선,노량진,26842,26245,53087,597,8,12,금
2022-08-12,9호선,샛강,6611,6727,13338,-116,8,12,금
2022-08-12,9호선,여의도,31896,29884,61780,2012,8,12,금
2022-08-12,9호선,국회의사당,17989,18521,36510,-532,8,12,금
2022-08-12,9호선,당산,20224,19853,40077,371,8,12,금
2022-08-12,9호선,선유도,9226,8296,17522,930,8,12,금
2022-08-12,9호선,신목동,4384,3665,8049,719,8,12,금
2022-08-12,중앙선,지평,80,94,174,-14,8,12,금
2022-08-12,중앙선,용문,2188,2566,4754,-378,8,12,금
2022-08-12,5호선,여의도,30000,31735,61735,-1735,8,12,금
2022-08-12,5호선,여의나루,12640,14398,27038,-1758,8,12,금
2022-08-12,5호선,마포,14629,15219,29848,-590,8,12,금
2022-08-12,5호선,공덕,14111,14778,28889,-667,8,12,금
2022-08-12,5호선,애오개,6903,6745,13648,158,8,12,금
2022-08-12,5호선,충정로(경기대입구),4798,4648,9446,150,8,12,금
2022-08-12,5호선,서대문,17571,18056,35627,-485,8,12,금
2022-08-12,5호선,광화문(세종문화회관),35057,36633,71690,-1576,8,12,금
2022-08-12,5호선,종로3가,14738,15239,29977,-501,8,12,금
2022-08-12,5호선,을지로4가,6380,6662,13042,-282,8,12,금
2022-08-12,5호선,동대문역사문화공원(DDP),3230,3875,7105,-645,8,12,금
2022-08-12,5호선,청구,3797,3608,7405,189,8,12,금
2022-08-12,5호선,신금호,6333,6340,12673,-7,8,12,금
2022-08-12,5호선,행당,8334,7127,15461,1207,8,12,금
2022-08-12,5호선,왕십리(성동구청),4638,5452,10090,-814,8,12,금
2022-08-12,5호선,마장,5535,5109,10644,426,8,12,금
2022-08-12,5호선,답십리,16467,14626,31093,1841,8,12,금
2022-08-12,5호선,장한평,18838,18478,37316,360,8,12,금
2022-08-12,5호선,군자(능동),11496,12551,24047,-1055,8,12,금
2022-08-12,5호선,아차산(어린이대공원후문),14878,14116,28994,762,8,12,금
2022-08-12,5호선,광나루(장신대),13427,12025,25452,1402,8,12,금
2022-08-12,5호선,천호(풍납토성),20193,20211,40404,-18,8,12,금
2022-08-12,5호선,강동,19030,17784,36814,1246,8,12,금
2022-08-12,5호선,길동,8458,8754,17212,-296,8,12,금
2022-08-12,5호선,굽은다리(강동구민회관앞),9935,9464,19399,471,8,12,금
2022-08-12,5호선,명일,8758,8904,17662,-146,8,12,금
2022-08-12,5호선,고덕,10043,9872,19915,171,8,12,금
2022-08-12,5호선,상일동,15142,13691,28833,1451,8,12,금
2022-08-12,5호선,둔촌동,8370,8439,16809,-69,8,12,금
2022-08-12,5호선,올림픽공원(한국체대),6553,6608,13161,-55,8,12,금
2022-08-12,5호선,방이,7331,7833,15164,-502,8,12,금
2022-08-12,5호선,오금,3633,3577,7210,56,8,12,금
2022-08-12,5호선,개롱,6615,6758,13373,-143,8,12,금
2022-08-12,5호선,거여,10206,9493,19699,713,8,12,금
2022-08-12,5호선,마천,7358,6902,14260,456,8,12,금
2022-08-12,5호선,강일,4627,4358,8985,269,8,12,금
2022-08-12,5호선,미사,16855,17015,33870,-160,8,12,금
2022-08-12,5호선,하남풍산,4259,4154,8413,105,8,12,금
2022-08-12,5호선,하남시청(덕풍·신장),7234,6884,14118,350,8,12,금
2022-08-12,5호선,하남검단산,6239,5903,12142,336,8,12,금
2022-08-12,6호선,응암,17809,17286,35095,523,8,12,금
2022-08-12,6호선,역촌,3970,4333,8303,-363,8,12,금
2022-08-12,6호선,불광,4675,4436,9111,239,8,12,금
2022-08-12,6호선,독바위,2863,2903,5766,-40,8,12,금
2022-08-12,6호선,연신내,1,0,1,1,8,12,금
2022-08-12,6호선,구산,7688,5723,13411,1965,8,12,금
2022-08-12,6호선,새절(신사),12686,11513,24199,1173,8,12,금
2022-08-12,6호선,증산(명지대앞),10135,9853,19988,282,8,12,금
2022-08-12,6호선,디지털미디어시티,14098,15308,29406,-1210,8,12,금
2022-08-12,6호선,월드컵경기장(성산),4678,4855,9533,-177,8,12,금
2022-08-12,6호선,마포구청,14651,12821,27472,1830,8,12,금
2022-08-12,6호선,망원,15207,16418,31625,-1211,8,12,금
2022-08-12,6호선,합정,14683,14560,29243,123,8,12,금
2022-08-12,6호선,상수,9983,12222,22205,-2239,8,12,금
2022-08-12,6호선,광흥창(서강),9484,9065,18549,419,8,12,금
2022-08-12,6호선,대흥(서강대앞),8396,8490,16886,-94,8,12,금
2022-08-12,6호선,공덕,18572,18062,36634,510,8,12,금
2022-08-12,6호선,효창공원앞,7438,6418,13856,1020,8,12,금
2022-08-12,6호선,삼각지,7647,6358,14005,1289,8,12,금
2022-08-12,6호선,녹사평(용산구청),5301,5871,11172,-570,8,12,금
2022-08-12,6호선,이태원,13205,17701,30906,-4496,8,12,금
2022-08-12,6호선,한강진,8445,10189,18634,-1744,8,12,금
2022-08-12,6호선,버티고개,2217,2135,4352,82,8,12,금
2022-08-12,6호선,약수,3614,3789,7403,-175,8,12,금
2022-08-12,6호선,청구,3714,3709,7423,5,8,12,금
2022-08-12,6호선,신당,7001,6866,13867,135,8,12,금
2022-08-12,6호선,동묘앞,7118,7348,14466,-230,8,12,금
2022-08-12,6호선,창신,3297,2594,5891,703,8,12,금
2022-08-12,6호선,보문,7534,6564,14098,970,8,12,금
2022-08-12,6호선,안암(고대병원앞),10602,10251,20853,351,8,12,금
2022-08-12,6호선,고려대(종암),8036,7380,15416,656,8,12,금
2022-08-12,6호선,월곡(동덕여대),11747,11241,22988,506,8,12,금
2022-08-12,6호선,상월곡(한국과학기술연구원),6228,5415,11643,813,8,12,금
2022-08-12,6호선,돌곶이,9265,8556,17821,709,8,12,금
2022-08-12,6호선,석계,12209,12164,24373,45,8,12,금
2022-08-12,6호선,태릉입구,5638,6005,11643,-367,8,12,금
2022-08-12,6호선,화랑대(서울여대입구),11245,8661,19906,2584,8,12,금
2022-08-12,6호선,봉화산(서울의료원),8897,8326,17223,571,8,12,금
2022-08-12,7호선,장암,2334,1067,3401,1267,8,12,금
2022-08-12,7호선,도봉산,8918,10293,19211,-1375,8,12,금
2022-08-12,7호선,수락산,12603,12463,25066,140,8,12,금
2022-08-12,7호선,마들,13248,12257,25505,991,8,12,금
2022-08-12,7호선,노원,21169,22858,44027,-1689,8,12,금
2022-08-12,7호선,중계,14198,12362,26560,1836,8,12,금
2022-08-12,7호선,하계,17547,16089,33636,1458,8,12,금
2022-08-12,7호선,공릉(서울과학기술대),11736,11533,23269,203,8,12,금
2022-08-12,7호선,태릉입구,8718,8065,16783,653,8,12,금
2022-08-12,7호선,먹골,10542,10250,20792,292,8,12,금
2022-08-12,7호선,중화,10691,10262,20953,429,8,12,금
2022-08-12,7호선,상봉(시외버스터미널),17615,16770,34385,845,8,12,금
2022-08-12,7호선,면목,15309,14712,30021,597,8,12,금
2022-08-12,7호선,사가정,16140,16096,32236,44,8,12,금
2022-08-12,7호선,용마산(용마폭포공원),6107,5713,11820,394,8,12,금
2022-08-12,7호선,중곡,10793,10153,20946,640,8,12,금
2022-08-12,7호선,군자(능동),15697,12395,28092,3302,8,12,금
2022-08-12,7호선,어린이대공원(세종대),12964,12727,25691,237,8,12,금
2022-08-12,7호선,건대입구,13185,13772,26957,-587,8,12,금
2022-08-12,7호선,뚝섬유원지,8944,8396,17340,548,8,12,금
2022-08-12,7호선,청담,20228,22566,42794,-2338,8,12,금
2022-08-12,7호선,강남구청,16712,18767,35479,-2055,8,12,금
2022-08-12,7호선,학동,24092,25358,49450,-1266,8,12,금
2022-08-12,7호선,논현,19079,20598,39677,-1519,8,12,금
2022-08-12,7호선,반포,6312,6045,12357,267,8,12,금
2022-08-12,7호선,고속터미널,18189,15333,33522,2856,8,12,금
2022-08-12,7호선,내방,14964,15158,30122,-194,8,12,금
2022-08-12,7호선,이수,15843,14994,30837,849,8,12,금
2022-08-12,7호선,남성,11526,10337,21863,1189,8,12,금
2022-08-12,7호선,숭실대입구(살피재),12153,11899,24052,254,8,12,금
2022-08-12,7호선,상도,11501,10535,22036,966,8,12,금
2022-08-12,7호선,장승배기,9482,9200,18682,282,8,12,금
2022-08-12,7호선,신대방삼거리,15603,14193,29796,1410,8,12,금
2022-08-12,9호선,염창,18616,17499,36115,1117,8,12,금
2022-08-12,9호선,등촌,12369,11660,24029,709,8,12,금
2022-08-12,9호선,증미,8184,7708,15892,476,8,12,금
2022-08-12,9호선,가양,22319,21152,43471,1167,8,12,금
2022-08-12,9호선,양천향교,10276,10297,20573,-21,8,12,금
2022-08-12,9호선,마곡나루(서울식물원),13027,12859,25886,168,8,12,금
2022-08-12,9호선,신방화,7058,6704,13762,354,8,12,금
2022-08-12,9호선,공항시장,3166,3273,6439,-107,8,12,금
2022-08-12,9호선,김포공항,8800,13500,22300,-4700,8,12,금
2022-08-12,9호선,개화,2789,1926,4715,863,8,12,금
2022-08-12,8호선,남위례,5566,5572,11138,-6,8,12,금
2022-08-12,8호선,모란,4708,3969,8677,739,8,12,금
2022-08-12,8호선,수진,5573,5031,10604,542,8,12,금
2022-08-12,8호선,신흥,4486,4890,9376,-404,8,12,금
2022-08-12,8호선,단대오거리,10850,10125,20975,725,8,12,금
2022-08-12,8호선,남한산성입구(성남법원.검찰청),13820,11830,25650,1990,8,12,금
2022-08-12,8호선,산성,5282,5206,10488,76,8,12,금
2022-08-12,8호선,복정,9267,7699,16966,1568,8,12,금
2022-08-12,8호선,장지,17636,16626,34262,1010,8,12,금
2022-08-12,8호선,문정,21655,22426,44081,-771,8,12,금
2022-08-12,8호선,가락시장,8007,9019,17026,-1012,8,12,금
2022-08-12,8호선,송파,8721,8447,17168,274,8,12,금
2022-08-12,8호선,석촌,7870,9169,17039,-1299,8,12,금
2022-08-12,8호선,잠실(송파구청),16085,18773,34858,-2688,8,12,금
2022-08-12,8호선,몽촌토성(평화의문),6234,6487,12721,-253,8,12,금
2022-08-12,8호선,강동구청,10432,10684,21116,-252,8,12,금
2022-08-12,8호선,천호(풍납토성),15468,18212,33680,-2744,8,12,금
2022-08-12,8호선,암사,19328,16653,35981,2675,8,12,금
2022-08-12,7호선,온수(성공회대입구),9671,8858,18529,813,8,12,금
2022-08-12,7호선,천왕,11585,10716,22301,869,8,12,금
2022-08-12,7호선,광명사거리,22311,21939,44250,372,8,12,금
2022-08-12,7호선,철산,22154,22793,44947,-639,8,12,금
2022-08-12,7호선,가산디지털단지,44383,43633,88016,750,8,12,금
2022-08-12,7호선,남구로,15355,16268,31623,-913,8,12,금
2022-08-12,7호선,대림(구로구청),8287,8458,16745,-171,8,12,금
2022-08-12,7호선,보라매,7732,7504,15236,228,8,12,금
2022-08-13,경원선,응봉,1279,1055,2334,224,8,13,토
2022-08-13,경원선,옥수,37,35,72,2,8,13,토
2022-08-13,경원선,한남,2475,2418,4893,57,8,13,토
2022-08-13,경원선,서빙고,1381,1287,2668,94,8,13,토
2022-08-13,경원선,이촌(국립중앙박물관),2651,2005,4656,646,8,13,토
2022-08-13,경부선,광명,2608,2553,5161,55,8,13,토
2022-08-13,경부선,서동탄,881,956,1837,-75,8,13,토
2022-08-13,경부선,당정,3609,3386,6995,223,8,13,토
2022-08-13,경부선,천안,5947,6425,12372,-478,8,13,토
2022-08-13,경부선,두정,4980,5101,10081,-121,8,13,토
2022-08-13,경부선,직산,641,601,1242,40,8,13,토
2022-08-13,경부선,성환,2859,2634,5493,225,8,13,토
2022-08-13,경부선,평택,12692,12499,25191,193,8,13,토
2022-08-13,경부선,평택지제,3442,3218,6660,224,8,13,토
2022-08-13,경부선,서정리,7036,5197,12233,1839,8,13,토
2022-08-13,경부선,송탄,4653,3946,8599,707,8,13,토
2022-08-13,경부선,진위,1061,820,1881,241,8,13,토
2022-08-13,경부선,오산,9027,8378,17405,649,8,13,토
2022-08-13,경부선,오산대,2569,2334,4903,235,8,13,토
2022-08-13,경부선,세마,2107,1898,4005,209,8,13,토
2022-08-13,경부선,병점,11295,10921,22216,374,8,13,토
2022-08-13,경부선,세류,2375,2442,4817,-67,8,13,토
2022-08-13,경부선,독산,8000,7422,15422,578,8,13,토
2022-08-13,경부선,수원,34684,39329,74013,-4645,8,13,토
2022-08-13,경부선,화서,4970,4950,9920,20,8,13,토
2022-08-13,경부선,성균관대,9353,9076,18429,277,8,13,토
2022-08-13,경부선,의왕,5287,5060,10347,227,8,13,토
2022-08-13,경부선,군포,3944,3582,7526,362,8,13,토
2022-08-13,경부선,금정,17843,17874,35717,-31,8,13,토
2022-08-13,경부선,명학,4194,3883,8077,311,8,13,토
2022-08-13,경부선,안양,15737,15649,31386,88,8,13,토
2022-08-13,경부선,관악,5064,4945,10009,119,8,13,토
2022-08-13,경부선,석수,5733,5211,10944,522,8,13,토
2022-08-13,경부선,금천구청,6989,6950,13939,39,8,13,토
2022-08-13,경부선,가산디지털단지,5479,7061,12540,-1582,8,13,토
2022-08-13,경부선,구로,11495,11560,23055,-65,8,13,토
2022-08-13,경부선,신길,5430,4268,9698,1162,8,13,토
2022-08-13,경부선,신도림,2523,2687,5210,-164,8,13,토
2022-08-13,경부선,영등포,37565,40673,78238,-3108,8,13,토
2022-08-13,경부선,대방,5983,6293,12276,-310,8,13,토
2022-08-13,경부선,노량진,7343,6289,13632,1054,8,13,토
2022-08-13,경부선,용산,38597,44585,83182,-5988,8,13,토
2022-08-13,경부선,남영,6297,5568,11865,729,8,13,토
2022-08-13,경부선,서울역,8801,2693,11494,6108,8,13,토
2022-08-13,경강선,여주,2250,2632,4882,-382,8,13,토
2022-08-13,경강선,세종대왕릉,345,386,731,-41,8,13,토
2022-08-13,경강선,부발,2010,1648,3658,362,8,13,토
2022-08-13,경강선,이천,2670,2630,5300,40,8,13,토
2022-08-13,경강선,신둔도예촌,1138,1187,2325,-49,8,13,토
2022-08-13,경강선,곤지암,1860,1863,3723,-3,8,13,토
2022-08-13,경강선,초월,2194,2049,4243,145,8,13,토
2022-08-13,경강선,경기광주,5391,5021,10412,370,8,13,토
2022-08-13,경강선,삼동,1509,1316,2825,193,8,13,토
2022-08-13,경강선,이매,859,609,1468,250,8,13,토
2022-08-13,경강선,판교,2934,2980,5914,-46,8,13,토
2022-08-13,9호선2~3단계,중앙보훈병원,4556,4134,8690,422,8,13,토
2022-08-13,9호선2~3단계,둔촌오륜,565,548,1113,17,8,13,토
2022-08-13,9호선2~3단계,올림픽공원(한국체대),11495,11152,22647,343,8,13,토
2022-08-13,9호선2~3단계,한성백제,1798,1486,3284,312,8,13,토
2022-08-13,9호선2~3단계,송파나루,3888,4238,8126,-350,8,13,토
2022-08-13,분당선,상갈,3445,3480,6925,-35,8,13,토
2022-08-13,분당선,기흥,6299,6030,12329,269,8,13,토
2022-08-13,분당선,신갈,2556,2524,5080,32,8,13,토
2022-08-13,분당선,구성,3143,3115,6258,28,8,13,토
2022-08-13,분당선,죽전,8865,9961,18826,-1096,8,13,토
2022-08-13,분당선,보정,1604,1465,3069,139,8,13,토
2022-08-13,분당선,이매,4298,3998,8296,300,8,13,토
2022-08-13,분당선,오리,6781,5486,12267,1295,8,13,토
2022-08-13,분당선,미금,9743,9946,19689,-203,8,13,토
2022-08-13,분당선,정자,10048,10292,20340,-244,8,13,토
2022-08-13,분당선,수내,8504,7932,16436,572,8,13,토
2022-08-13,분당선,서현,17982,18216,36198,-234,8,13,토
2022-08-13,분당선,야탑,16282,17532,33814,-1250,8,13,토
2022-08-13,분당선,모란,14468,14968,29436,-500,8,13,토
2022-08-13,분당선,태평,10146,9122,19268,1024,8,13,토
2022-08-13,분당선,가천대,4262,4517,8779,-255,8,13,토
2022-08-13,분당선,선정릉,2830,2757,5587,73,8,13,토
2022-08-13,분당선,강남구청,4563,5445,10008,-882,8,13,토
2022-08-13,분당선,압구정로데오,15310,18258,33568,-2948,8,13,토
2022-08-13,분당선,서울숲,7227,7445,14672,-218,8,13,토
2022-08-13,분당선,수원,6861,5779,12640,1082,8,13,토
2022-08-13,분당선,수서,9437,10595,20032,-1158,8,13,토
2022-08-13,분당선,대모산입구,2911,2539,5450,372,8,13,토
2022-08-13,분당선,개포동,2442,2457,4899,-15,8,13,토
2022-08-13,분당선,구룡,1638,1506,3144,132,8,13,토
2022-08-13,분당선,도곡,4187,3766,7953,421,8,13,토
2022-08-13,분당선,한티,13416,12510,25926,906,8,13,토
2022-08-13,분당선,선릉,4602,6734,11336,-2132,8,13,토
2022-08-13,과천선,범계,18511,18164,36675,347,8,13,토
2022-08-13,과천선,평촌,8240,7956,16196,284,8,13,토
2022-08-13,과천선,인덕원,14518,14407,28925,111,8,13,토
2022-08-13,과천선,정부과천청사,5864,5691,11555,173,8,13,토
2022-08-13,과천선,과천,4380,4007,8387,373,8,13,토
2022-08-13,과천선,대공원,3224,3443,6667,-219,8,13,토
2022-08-13,9호선2~3단계,석촌,6383,5108,11491,1275,8,13,토
2022-08-13,9호선2~3단계,석촌고분,4317,3962,8279,355,8,13,토
2022-08-13,9호선2~3단계,삼전,4927,4384,9311,543,8,13,토
2022-08-13,9호선2~3단계,종합운동장,9712,4597,14309,5115,8,13,토
2022-08-13,9호선2~3단계,봉은사,13170,14296,27466,-1126,8,13,토
2022-08-13,9호선2~3단계,삼성중앙,3008,3157,6165,-149,8,13,토
2022-08-13,9호선2~3단계,선정릉,3948,4370,8318,-422,8,13,토
2022-08-13,9호선2~3단계,언주,5429,5370,10799,59,8,13,토
2022-08-13,9호선,신논현,21711,21571,43282,140,8,13,토
2022-08-13,9호선,사평,2368,2146,4514,222,8,13,토
2022-08-13,9호선,고속터미널,12189,19880,32069,-7691,8,13,토
2022-08-13,9호선,신반포,2517,2405,4922,112,8,13,토
2022-08-13,9호선,구반포,570,560,1130,10,8,13,토
2022-08-13,9호선,동작(현충원),1091,957,2048,134,8,13,토
2022-08-13,9호선,흑석(중앙대입구),5163,5123,10286,40,8,13,토
2022-08-13,9호선,노들,2981,2463,5444,518,8,13,토
2022-08-13,9호선,노량진,19093,18568,37661,525,8,13,토
2022-08-13,9호선,여의도,12476,11116,23592,1360,8,13,토
2022-08-13,9호선,국회의사당,3817,3858,7675,-41,8,13,토
2022-08-13,9호선,당산,12657,12084,24741,573,8,13,토
2022-08-13,9호선,선유도,3431,3034,6465,397,8,13,토
2022-08-13,9호선,신목동,2297,1927,4224,370,8,13,토
2022-08-13,9호선,염창,11273,9750,21023,1523,8,13,토
2022-08-13,9호선,등촌,6802,6259,13061,543,8,13,토
2022-08-13,9호선,증미,3863,3606,7469,257,8,13,토
2022-08-13,9호선,가양,13051,12026,25077,1025,8,13,토
2022-08-13,9호선,양천향교,5450,4979,10429,471,8,13,토
2022-08-13,9호선,마곡나루(서울식물원),7279,7026,14305,253,8,13,토
2022-08-13,9호선,신방화,4462,4231,8693,231,8,13,토
2022-08-13,9호선,공항시장,2117,2224,4341,-107,8,13,토
2022-08-13,9호선,김포공항,7658,12270,19928,-4612,8,13,토
2022-08-13,9호선,개화,1337,1143,2480,194,8,13,토
2022-08-13,8호선,남위례,3145,3224,6369,-79,8,13,토
2022-08-13,8호선,모란,3465,3046,6511,419,8,13,토
2022-08-13,8호선,수진,4053,3502,7555,551,8,13,토
2022-08-13,8호선,신흥,3330,3601,6931,-271,8,13,토
2022-08-13,8호선,단대오거리,7097,6400,13497,697,8,13,토
2022-08-13,8호선,남한산성입구(성남법원.검찰청),8209,7005,15214,1204,8,13,토
2022-08-13,8호선,산성,3529,3495,7024,34,8,13,토
2022-08-13,8호선,복정,5284,4449,9733,835,8,13,토
2022-08-13,8호선,장지,10670,10149,20819,521,8,13,토
2022-08-13,8호선,문정,6986,6885,13871,101,8,13,토
2022-08-13,8호선,가락시장,4843,5015,9858,-172,8,13,토
2022-08-13,8호선,송파,5632,5403,11035,229,8,13,토
2022-08-13,8호선,석촌,5073,6022,11095,-949,8,13,토
2022-08-13,8호선,잠실(송파구청),12979,15482,28461,-2503,8,13,토
2022-08-13,8호선,몽촌토성(평화의문),3931,3862,7793,69,8,13,토
2022-08-13,8호선,강동구청,5628,5520,11148,108,8,13,토
2022-08-13,8호선,천호(풍납토성),10838,12570,23408,-1732,8,13,토
2022-08-13,8호선,암사,11455,10118,21573,1337,8,13,토
2022-08-13,7호선,온수(성공회대입구),5012,4888,9900,124,8,13,토
2022-08-13,7호선,천왕,6257,5755,12012,502,8,13,토
2022-08-13,7호선,광명사거리,15345,15038,30383,307,8,13,토
2022-08-13,7호선,철산,13692,13948,27640,-256,8,13,토
2022-08-13,7호선,가산디지털단지,12208,10764,22972,1444,8,13,토
2022-08-13,7호선,남구로,7732,8109,15841,-377,8,13,토
2022-08-13,7호선,대림(구로구청),6769,7222,13991,-453,8,13,토
2022-08-13,7호선,신풍,7430,7139,14569,291,8,13,토
2022-08-13,7호선,보라매,4331,4112,8443,219,8,13,토
2022-08-13,7호선,신대방삼거리,9759,8732,18491,1027,8,13,토
2022-08-13,7호선,장승배기,6157,5606,11763,551,8,13,토
2022-08-13,7호선,상도,6925,6200,13125,725,8,13,토
2022-08-13,7호선,숭실대입구(살피재),7175,6862,14037,313,8,13,토
2022-08-13,7호선,남성,7063,6264,13327,799,8,13,토
2022-08-13,7호선,이수,10139,9185,19324,954,8,13,토
2022-08-13,7호선,내방,7111,7235,14346,-124,8,13,토
2022-08-13,7호선,고속터미널,13946,10829,24775,3117,8,13,토
2022-08-13,7호선,반포,4109,3882,7991,227,8,13,토
2022-08-13,7호선,논현,8823,9392,18215,-569,8,13,토
2022-08-13,7호선,학동,9079,9412,18491,-333,8,13,토
2022-08-13,7호선,강남구청,8450,9450,17900,-1000,8,13,토
2022-08-13,7호선,청담,10009,10970,20979,-961,8,13,토
2022-08-13,7호선,뚝섬유원지,5607,5189,10796,418,8,13,토
2022-08-13,7호선,건대입구,9973,10128,20101,-155,8,13,토
2022-08-13,7호선,어린이대공원(세종대),7726,7280,15006,446,8,13,토
2022-08-13,7호선,군자(능동),9862,7279,17141,2583,8,13,토
2022-08-13,7호선,중곡,6286,5713,11999,573,8,13,토
2022-08-13,7호선,용마산(용마폭포공원),3798,3654,7452,144,8,13,토
2022-08-13,7호선,사가정,10709,10332,21041,377,8,13,토
2022-08-13,7호선,면목,9947,9166,19113,781,8,13,토
2022-08-13,7호선,상봉(시외버스터미널),12018,11439,23457,579,8,13,토
2022-08-13,7호선,중화,6802,6440,13242,362,8,13,토
2022-08-13,7호선,먹골,7040,6561,13601,479,8,13,토
2022-08-13,7호선,태릉입구,5963,5391,11354,572,8,13,토
2022-08-13,7호선,공릉(서울과학기술대),7458,7079,14537,379,8,13,토
2022-08-13,7호선,하계,10934,9996,20930,938,8,13,토
2022-08-13,7호선,중계,8255,7274,15529,981,8,13,토
2022-08-13,7호선,노원,14832,15269,30101,-437,8,13,토
2022-08-13,7호선,마들,8227,7403,15630,824,8,13,토
2022-08-13,7호선,수락산,9152,8840,17992,312,8,13,토
2022-08-13,7호선,도봉산,5416,7003,12419,-1587,8,13,토
2022-08-13,7호선,장암,1422,1005,2427,417,8,13,토
2022-08-13,6호선,봉화산(서울의료원),4770,4659,9429,111,8,13,토
2022-08-13,6호선,화랑대(서울여대입구),5863,4748,10611,1115,8,13,토
2022-08-13,6호선,태릉입구,3802,3889,7691,-87,8,13,토
2022-08-13,6호선,석계,7678,7701,15379,-23,8,13,토
2022-08-13,6호선,돌곶이,5624,5104,10728,520,8,13,토
2022-08-13,6호선,상월곡(한국과학기술연구원),3865,3178,7043,687,8,13,토
2022-08-13,6호선,월곡(동덕여대),6554,6112,12666,442,8,13,토
2022-08-13,6호선,고려대(종암),4632,4162,8794,470,8,13,토
2022-08-13,6호선,안암(고대병원앞),5445,5061,10506,384,8,13,토
2022-08-13,6호선,보문,4637,3977,8614,660,8,13,토
2022-08-13,6호선,창신,2032,1642,3674,390,8,13,토
2022-08-13,6호선,동묘앞,6021,6044,12065,-23,8,13,토
2022-08-13,6호선,신당,5247,4980,10227,267,8,13,토
2022-08-13,6호선,청구,2158,2110,4268,48,8,13,토
2022-08-13,6호선,약수,2341,2315,4656,26,8,13,토
2022-08-13,6호선,버티고개,1358,1415,2773,-57,8,13,토
2022-08-13,6호선,한강진,6629,8291,14920,-1662,8,13,토
2022-08-13,6호선,이태원,12566,16146,28712,-3580,8,13,토
2022-08-13,6호선,녹사평(용산구청),4086,4717,8803,-631,8,13,토
2022-08-13,6호선,삼각지,6174,3696,9870,2478,8,13,토
2022-08-13,6호선,효창공원앞,4208,3614,7822,594,8,13,토
2022-08-13,6호선,공덕,9192,8719,17911,473,8,13,토
2022-08-13,6호선,대흥(서강대앞),5264,5179,10443,85,8,13,토
2022-08-13,6호선,광흥창(서강),4968,4400,9368,568,8,13,토
2022-08-13,6호선,상수,7707,9732,17439,-2025,8,13,토
2022-08-13,6호선,합정,11028,10594,21622,434,8,13,토
2022-08-13,6호선,망원,11192,12251,23443,-1059,8,13,토
2022-08-13,6호선,마포구청,8782,7653,16435,1129,8,13,토
2022-08-13,6호선,월드컵경기장(성산),5002,5320,10322,-318,8,13,토
2022-08-13,6호선,디지털미디어시티,6885,6860,13745,25,8,13,토
2022-08-13,6호선,증산(명지대앞),6611,6237,12848,374,8,13,토
2022-08-13,6호선,새절(신사),7709,7013,14722,696,8,13,토
2022-08-13,6호선,구산,4980,3763,8743,1217,8,13,토
2022-08-13,6호선,독바위,1793,1889,3682,-96,8,13,토
2022-08-13,6호선,불광,3474,3149,6623,325,8,13,토
2022-08-13,6호선,역촌,2492,2775,5267,-283,8,13,토
2022-08-13,6호선,응암,11432,10825,22257,607,8,13,토
2022-08-13,5호선,하남검단산,5006,4904,9910,102,8,13,토
2022-08-13,과천선,경마공원,12304,12509,24813,-205,8,13,토
2022-08-13,공항철도 1호선,영종,3019,3178,6197,-159,8,13,토
2022-08-13,공항철도 1호선,인천공항2터미널,3265,3059,6324,206,8,13,토
2022-08-13,공항철도 1호선,인천공항1터미널,8034,8196,16230,-162,8,13,토
2022-08-13,공항철도 1호선,공항화물청사,1657,1656,3313,1,8,13,토
2022-08-13,공항철도 1호선,운서,6465,6587,13052,-122,8,13,토
2022-08-13,공항철도 1호선,청라국제도시,4155,3937,8092,218,8,13,토
2022-08-13,공항철도 1호선,검암,4108,4137,8245,-29,8,13,토
2022-08-13,공항철도 1호선,계양,7181,6261,13442,920,8,13,토
2022-08-13,공항철도 1호선,김포공항,11101,6000,17101,5101,8,13,토
2022-08-13,공항철도 1호선,마곡나루(서울식물원),2833,3055,5888,-222,8,13,토
2022-08-13,공항철도 1호선,디지털미디어시티,4919,4506,9425,413,8,13,토
2022-08-13,공항철도 1호선,홍대입구,12324,12896,25220,-572,8,13,토
2022-08-13,공항철도 1호선,공덕,1625,2183,3808,-558,8,13,토
2022-08-13,공항철도 1호선,서울역,8939,9623,18562,-684,8,13,토
2022-08-13,경춘선,춘천,1763,1805,3568,-42,8,13,토
2022-08-13,경춘선,남춘천,2700,3178,5878,-478,8,13,토
2022-08-13,경춘선,김유정,400,448,848,-48,8,13,토
2022-08-13,경춘선,강촌,567,747,1314,-180,8,13,토
2022-08-13,경춘선,백양리,126,127,253,-1,8,13,토
2022-08-13,경춘선,굴봉산,161,137,298,24,8,13,토
2022-08-13,경춘선,가평,2806,3802,6608,-996,8,13,토
2022-08-13,경춘선,상천,311,288,599,23,8,13,토
2022-08-13,경춘선,청평,1919,2307,4226,-388,8,13,토
2022-08-13,경춘선,대성리,1097,1073,2170,24,8,13,토
2022-08-13,경춘선,마석,3378,3293,6671,85,8,13,토
2022-08-13,경춘선,천마산,1217,1181,2398,36,8,13,토
2022-08-13,경춘선,평내호평,4244,4090,8334,154,8,13,토
2022-08-13,경춘선,금곡,1116,1018,2134,98,8,13,토
2022-08-13,경춘선,사릉,1534,1472,3006,62,8,13,토
2022-08-13,경춘선,퇴계원,2292,2076,4368,216,8,13,토
2022-08-13,경춘선,별내,2062,1916,3978,146,8,13,토
2022-08-13,경춘선,갈매,1745,1485,3230,260,8,13,토
2022-08-13,경춘선,신내,1266,1142,2408,124,8,13,토
2022-08-13,경인선,도화,2899,2695,5594,204,8,13,토
2022-08-13,경인선,중동,5986,5601,11587,385,8,13,토
2022-08-13,경인선,온수(성공회대입구),4379,3939,8318,440,8,13,토
2022-08-13,경인선,도원,3407,3430,6837,-23,8,13,토
2022-08-13,경인선,간석,3999,3816,7815,183,8,13,토
2022-08-13,경인선,부개,5828,5420,11248,408,8,13,토
2022-08-13,경인선,소사,5928,5784,11712,144,8,13,토
2022-08-13,경인선,구일,3935,3702,7637,233,8,13,토
2022-08-13,경인선,인천,3781,3516,7297,265,8,13,토
2022-08-13,경인선,동인천,10424,10466,20890,-42,8,13,토
2022-08-13,경인선,제물포,6682,6321,13003,361,8,13,토
2022-08-13,경인선,주안,14172,12612,26784,1560,8,13,토
2022-08-13,경인선,동암,11848,11845,23693,3,8,13,토
2022-08-13,경인선,백운,5025,4781,9806,244,8,13,토
2022-08-13,경인선,부평,25226,28133,53359,-2907,8,13,토
2022-08-13,경인선,송내,16866,16280,33146,586,8,13,토
2022-08-13,경인선,부천,25624,26332,51956,-708,8,13,토
2022-08-13,경인선,역곡,18091,17368,35459,723,8,13,토
2022-08-13,2호선,영등포구청,10692,10932,21624,-240,8,13,토
2022-08-13,중앙선,원덕,332,384,716,-52,8,13,토
2022-08-13,중앙선,양평,3343,3737,7080,-394,8,13,토
2022-08-13,중앙선,오빈,291,325,616,-34,8,13,토
2022-08-13,중앙선,아신,482,585,1067,-103,8,13,토
2022-08-13,중앙선,국수,520,518,1038,2,8,13,토
2022-08-13,중앙선,신원,165,177,342,-12,8,13,토
2022-08-13,중앙선,양수,1833,2003,3836,-170,8,13,토
2022-08-13,중앙선,운길산,805,870,1675,-65,8,13,토
2022-08-13,중앙선,팔당,1064,1202,2266,-138,8,13,토
2022-08-13,중앙선,도심,1533,1270,2803,263,8,13,토
2022-08-13,중앙선,덕소,4126,4154,8280,-28,8,13,토
2022-08-13,중앙선,양정,545,459,1004,86,8,13,토
2022-08-13,중앙선,도농,6795,6357,13152,438,8,13,토
2022-08-13,중앙선,구리,9343,9338,18681,5,8,13,토
2022-08-13,중앙선,양원,1733,1505,3238,228,8,13,토
2022-08-13,중앙선,망우,6108,5974,12082,134,8,13,토
2022-08-13,중앙선,상봉(시외버스터미널),4541,4236,8777,305,8,13,토
2022-08-13,중앙선,중랑,4213,3877,8090,336,8,13,토
2022-08-13,중앙선,회기,17940,16092,34032,1848,8,13,토
2022-08-13,장항선,신창(순천향대),961,918,1879,43,8,13,토
2022-08-13,장항선,온양온천,3274,3421,6695,-147,8,13,토
2022-08-13,장항선,배방,969,899,1868,70,8,13,토
2022-08-13,장항선,탕정,733,564,1297,169,8,13,토
2022-08-13,장항선,아산,2832,2998,5830,-166,8,13,토
2022-08-13,장항선,쌍용(나사렛대),1487,1387,2874,100,8,13,토
2022-08-13,장항선,봉명,708,627,1335,81,8,13,토
2022-08-13,일산선,대화,8009,7143,15152,866,8,13,토
2022-08-13,일산선,주엽,6286,6090,12376,196,8,13,토
2022-08-13,5호선,하남시청(덕풍·신장),5214,4895,10109,319,8,13,토
2022-08-13,5호선,하남풍산,2700,2719,5419,-19,8,13,토
2022-08-13,5호선,미사,11404,11306,22710,98,8,13,토
2022-08-13,5호선,강일,2896,2600,5496,296,8,13,토
2022-08-13,5호선,마천,4210,4310,8520,-100,8,13,토
2022-08-13,5호선,거여,5765,5381,11146,384,8,13,토
2022-08-13,5호선,개롱,3851,3943,7794,-92,8,13,토
2022-08-13,5호선,오금,1794,1789,3583,5,8,13,토
2022-08-13,5호선,방이,4665,4579,9244,86,8,13,토
2022-08-13,5호선,올림픽공원(한국체대),5037,5057,10094,-20,8,13,토
2022-08-13,5호선,둔촌동,5288,5202,10490,86,8,13,토
2022-08-13,5호선,상일동,8305,7916,16221,389,8,13,토
2022-08-13,5호선,고덕,5899,5573,11472,326,8,13,토
2022-08-13,5호선,명일,5364,5233,10597,131,8,13,토
2022-08-13,5호선,굽은다리(강동구민회관앞),6660,6291,12951,369,8,13,토
2022-08-13,5호선,길동,5476,5578,11054,-102,8,13,토
2022-08-13,5호선,강동,11678,10783,22461,895,8,13,토
2022-08-13,5호선,천호(풍납토성),14937,14458,29395,479,8,13,토
2022-08-13,5호선,광나루(장신대),10575,10102,20677,473,8,13,토
2022-08-13,5호선,아차산(어린이대공원후문),10076,9612,19688,464,8,13,토
2022-08-13,5호선,군자(능동),7517,8093,15610,-576,8,13,토
2022-08-13,5호선,장한평,10365,9932,20297,433,8,13,토
2022-08-13,5호선,답십리,9577,8538,18115,1039,8,13,토
2022-08-13,5호선,마장,3337,2951,6288,386,8,13,토
2022-08-13,5호선,왕십리(성동구청),3000,3832,6832,-832,8,13,토
2022-08-13,5호선,행당,4744,3999,8743,745,8,13,토
2022-08-13,5호선,신금호,3650,3665,7315,-15,8,13,토
2022-08-13,5호선,청구,2225,2117,4342,108,8,13,토
2022-08-13,5호선,동대문역사문화공원(DDP),1117,1422,2539,-305,8,13,토
2022-08-13,5호선,을지로4가,3011,3384,6395,-373,8,13,토
2022-08-13,5호선,종로3가,10950,11313,22263,-363,8,13,토
2022-08-13,5호선,광화문(세종문화회관),16668,17511,34179,-843,8,13,토
2022-08-13,5호선,서대문,6376,6168,12544,208,8,13,토
2022-08-13,5호선,충정로(경기대입구),1680,1475,3155,205,8,13,토
2022-08-13,5호선,애오개,3252,3041,6293,211,8,13,토
2022-08-13,5호선,공덕,6426,6470,12896,-44,8,13,토
2022-08-13,5호선,마포,6755,6745,13500,10,8,13,토
2022-08-13,5호선,여의나루,6490,8850,15340,-2360,8,13,토
2022-08-13,5호선,여의도,11189,11552,22741,-363,8,13,토
2022-08-13,5호선,신길,2495,2451,4946,44,8,13,토
2022-08-13,5호선,영등포시장,7040,7208,14248,-168,8,13,토
2022-08-13,5호선,영등포구청,1892,1859,3751,33,8,13,토
2022-08-13,5호선,양평,3294,2995,6289,299,8,13,토
2022-08-13,5호선,오목교(목동운동장앞),14621,15043,29664,-422,8,13,토
2022-08-13,5호선,목동,10078,10000,20078,78,8,13,토
2022-08-13,일산선,정발산,5648,5997,11645,-349,8,13,토
2022-08-13,일산선,마두,4538,4548,9086,-10,8,13,토
2022-08-13,일산선,백석,6656,6591,13247,65,8,13,토
2022-08-13,일산선,대곡,1286,1104,2390,182,8,13,토
2022-08-13,일산선,화정,11213,11575,22788,-362,8,13,토
2022-08-13,일산선,원당,7679,7202,14881,477,8,13,토
2022-08-13,일산선,삼송,13232,12562,25794,670,8,13,토
2022-08-13,일산선,원흥,6969,6438,13407,531,8,13,토
2022-08-13,우이신설선,신설동,1201,1151,2352,50,8,13,토
2022-08-13,우이신설선,보문,1049,1009,2058,40,8,13,토
2022-08-13,2호선,문래,10773,11160,21933,-387,8,13,토
2022-08-13,2호선,신도림,33933,34087,68020,-154,8,13,토
2022-08-13,2호선,대림(구로구청),16647,17382,34029,-735,8,13,토
2022-08-13,2호선,구로디지털단지,31259,29962,61221,1297,8,13,토
2022-08-13,2호선,신대방,17818,16450,34268,1368,8,13,토
2022-08-13,2호선,신림,43271,40074,83345,3197,8,13,토
2022-08-13,2호선,봉천,16246,14355,30601,1891,8,13,토
2022-08-13,2호선,서울대입구(관악구청),32708,30655,63363,2053,8,13,토
2022-08-13,2호선,낙성대(강감찬),19075,16738,35813,2337,8,13,토
2022-08-13,2호선,사당,27551,30707,58258,-3156,8,13,토
2022-08-13,2호선,방배,8506,8744,17250,-238,8,13,토
2022-08-13,2호선,서초,10573,9002,19575,1571,8,13,토
2022-08-13,2호선,교대(법원.검찰청),15412,17334,32746,-1922,8,13,토
2022-08-13,2호선,강남,49667,50009,99676,-342,8,13,토
2022-08-13,2호선,역삼,15476,16513,31989,-1037,8,13,토
2022-08-13,2호선,선릉,21492,18780,40272,2712,8,13,토
2022-08-13,2호선,삼성(무역센터),32266,31827,64093,439,8,13,토
2022-08-13,2호선,종합운동장,21722,28555,50277,-6833,8,13,토
2022-08-13,2호선,잠실새내,16659,18363,35022,-1704,8,13,토
2022-08-13,2호선,잠실(송파구청),63368,61732,125100,1636,8,13,토
2022-08-13,2호선,잠실나루,6913,6626,13539,287,8,13,토
2022-08-13,2호선,강변(동서울터미널),26088,29381,55469,-3293,8,13,토
2022-08-13,2호선,구의(광진구청),14949,14213,29162,736,8,13,토
2022-08-13,2호선,건대입구,29319,32830,62149,-3511,8,13,토
2022-08-13,2호선,성수,18509,21126,39635,-2617,8,13,토
2022-08-13,5호선,신정(은행정),8091,6717,14808,1374,8,13,토
2022-08-13,5호선,까치산,19261,17374,36635,1887,8,13,토
2022-08-13,5호선,화곡,18415,16194,34609,2221,8,13,토
2022-08-13,5호선,우장산,8882,8516,17398,366,8,13,토
2022-08-13,5호선,발산,11424,12336,23760,-912,8,13,토
2022-08-13,5호선,마곡,4953,4959,9912,-6,8,13,토
2022-08-13,5호선,송정,4608,4260,8868,348,8,13,토
2022-08-13,5호선,김포공항,7422,7731,15153,-309,8,13,토
2022-08-13,5호선,개화산,3394,3167,6561,227,8,13,토
2022-08-13,5호선,방화,4180,3998,8178,182,8,13,토
2022-08-13,4호선,남태령,1088,767,1855,321,8,13,토
2022-08-13,4호선,사당,18823,16436,35259,2387,8,13,토
2022-08-13,4호선,총신대입구(이수),12632,13143,25775,-511,8,13,토
2022-08-13,4호선,동작(현충원),878,921,1799,-43,8,13,토
2022-08-13,4호선,이촌(국립중앙박물관),9200,9681,18881,-481,8,13,토
2022-08-13,4호선,신용산,11098,12643,23741,-1545,8,13,토
2022-08-13,4호선,삼각지,3742,4669,8411,-927,8,13,토
2022-08-13,4호선,숙대입구(갈월),9342,8605,17947,737,8,13,토
2022-08-13,4호선,서울역,6026,15933,21959,-9907,8,13,토
2022-08-13,4호선,회현(남대문시장),13066,13652,26718,-586,8,13,토
2022-08-13,4호선,명동,14333,16488,30821,-2155,8,13,토
2022-08-13,4호선,충무로,11015,12079,23094,-1064,8,13,토
2022-08-13,4호선,동대문역사문화공원(DDP),10866,9505,20371,1361,8,13,토
2022-08-13,4호선,동대문,11104,11573,22677,-469,8,13,토
2022-08-13,4호선,혜화,26533,27926,54459,-1393,8,13,토
2022-08-13,4호선,한성대입구(삼선교),9041,8604,17645,437,8,13,토
2022-08-13,4호선,성신여대입구(돈암),15162,14181,29343,981,8,13,토
2022-08-13,4호선,길음,13154,12243,25397,911,8,13,토
2022-08-13,4호선,미아사거리,19604,18358,37962,1246,8,13,토
2022-08-13,4호선,미아(서울사이버대학),9847,9000,18847,847,8,13,토
2022-08-13,4호선,수유(강북구청),23685,23210,46895,475,8,13,토
2022-08-13,4호선,쌍문,19056,16619,35675,2437,8,13,토
2022-08-13,4호선,창동,17779,18815,36594,-1036,8,13,토
2022-08-13,4호선,노원,14005,15738,29743,-1733,8,13,토
2022-08-13,4호선,상계,12346,11123,23469,1223,8,13,토
2022-08-13,4호선,당고개,6511,6047,12558,464,8,13,토
2022-08-13,3호선,오금,3248,3078,6326,170,8,13,토
2022-08-13,3호선,경찰병원,3749,3524,7273,225,8,13,토
2022-08-13,3호선,가락시장,5501,5050,10551,451,8,13,토
2022-08-13,3호선,수서,12760,12885,25645,-125,8,13,토
2022-08-13,3호선,일원,4586,4373,8959,213,8,13,토
2022-08-13,3호선,대청,5425,4824,10249,601,8,13,토
2022-08-13,3호선,학여울,1070,1010,2080,60,8,13,토
2022-08-13,3호선,대치,10234,8843,19077,1391,8,13,토
2022-08-13,3호선,도곡,2770,2670,5440,100,8,13,토
2022-08-13,3호선,매봉,5402,5207,10609,195,8,13,토
2022-08-13,3호선,양재(서초구청),16226,17676,33902,-1450,8,13,토
2022-08-13,3호선,남부터미널(예술의전당),19924,20677,40601,-753,8,13,토
2022-08-13,3호선,교대(법원.검찰청),6222,3886,10108,2336,8,13,토
2022-08-13,3호선,고속터미널,45824,52480,98304,-6656,8,13,토
2022-08-13,3호선,잠원,3126,2918,6044,208,8,13,토
2022-08-13,3호선,신사,20000,21340,41340,-1340,8,13,토
2022-08-13,3호선,압구정,22820,24096,46916,-1276,8,13,토
2022-08-13,3호선,옥수,5905,5783,11688,122,8,13,토
2022-08-13,3호선,금호,5238,4714,9952,524,8,13,토
2022-08-13,3호선,약수,8425,7753,16178,672,8,13,토
2022-08-13,3호선,동대입구,8395,9262,17657,-867,8,13,토
2022-08-13,3호선,충무로,1,0,1,1,8,13,토
2022-08-13,3호선,을지로3가,4467,4679,9146,-212,8,13,토
2022-08-13,3호선,종로3가,5554,7819,13373,-2265,8,13,토
2022-08-13,3호선,안국,12678,14380,27058,-1702,8,13,토
2022-08-13,3호선,경복궁(정부서울청사),13159,14018,27177,-859,8,13,토
2022-08-13,3호선,독립문,5305,5175,10480,130,8,13,토
2022-08-13,3호선,무악재,2549,2451,5000,98,8,13,토
2022-08-13,3호선,홍제,11536,10731,22267,805,8,13,토
2022-08-13,3호선,녹번,9316,7873,17189,1443,8,13,토
2022-08-13,3호선,불광,11110,12017,23127,-907,8,13,토
2022-08-13,3호선,연신내,26309,24250,50559,2059,8,13,토
2022-08-13,3호선,구파발,14153,14474,28627,-321,8,13,토
2022-08-13,3호선,지축,3289,2940,6229,349,8,13,토
2022-08-13,2호선,용두(동대문구청),1632,1540,3172,92,8,13,토
2022-08-13,2호선,신정네거리,6556,6377,12933,179,8,13,토
2022-08-13,2호선,양천구청,3972,3901,7873,71,8,13,토
2022-08-13,2호선,도림천,748,698,1446,50,8,13,토
2022-08-13,2호선,신설동,2787,2803,5590,-16,8,13,토
2022-08-13,2호선,신답,985,975,1960,10,8,13,토
2022-08-13,2호선,용답,1978,1818,3796,160,8,13,토
2022-08-13,2호선,충정로(경기대입구),4723,4933,9656,-210,8,13,토
2022-08-13,2호선,아현,6831,6238,13069,593,8,13,토
2022-08-13,2호선,이대,9461,9570,19031,-109,8,13,토
2022-08-13,2호선,신촌,27632,27525,55157,107,8,13,토
2022-08-13,2호선,홍대입구,60928,67551,128479,-6623,8,13,토
2022-08-13,2호선,합정,25445,28848,54293,-3403,8,13,토
2022-08-13,2호선,당산,10377,11465,21842,-1088,8,13,토
2022-08-13,2호선,뚝섬,12130,12217,24347,-87,8,13,토
2022-08-13,2호선,한양대,3729,3770,7499,-41,8,13,토
2022-08-13,2호선,왕십리(성동구청),11336,9786,21122,1550,8,13,토
2022-08-13,2호선,상왕십리,8830,8083,16913,747,8,13,토
2022-08-13,2호선,신당,9806,10483,20289,-677,8,13,토
2022-08-13,2호선,동대문역사문화공원(DDP),9372,11698,21070,-2326,8,13,토
2022-08-13,2호선,을지로4가,6970,7216,14186,-246,8,13,토
2022-08-13,2호선,을지로3가,9817,9974,19791,-157,8,13,토
2022-08-13,2호선,을지로입구,20812,21318,42130,-506,8,13,토
2022-08-13,2호선,시청,9324,7749,17073,1575,8,13,토
2022-08-13,1호선,동묘앞,7537,7834,15371,-297,8,13,토
2022-08-13,1호선,청량리(서울시립대입구),16207,16749,32956,-542,8,13,토
2022-08-13,1호선,제기동,13176,13175,26351,1,8,13,토
2022-08-13,1호선,신설동,8230,7728,15958,502,8,13,토
2022-08-13,1호선,동대문,8043,7819,15862,224,8,13,토
2022-08-13,1호선,종로5가,17024,17192,34216,-168,8,13,토
2022-08-13,1호선,종로3가,20137,19288,39425,849,8,13,토
2022-08-13,1호선,종각,17933,17206,35139,727,8,13,토
2022-08-13,1호선,시청,11121,11846,22967,-725,8,13,토
2022-08-13,1호선,서울역,34909,37747,72656,-2838,8,13,토
2022-08-13,경원선,신이문,5666,5123,10789,543,8,13,토
2022-08-13,9호선,샛강,2474,2404,4878,70,8,13,토
2022-08-13,우이신설선,성신여대입구(돈암),2491,2874,5365,-383,8,13,토
2022-08-13,우이신설선,정릉,3303,2574,5877,729,8,13,토
2022-08-13,우이신설선,북한산보국문,4218,3438,7656,780,8,13,토
2022-08-13,우이신설선,솔샘,3404,3055,6459,349,8,13,토
2022-08-13,우이신설선,삼양사거리,1740,1733,3473,7,8,13,토
2022-08-13,우이신설선,삼양,1411,1348,2759,63,8,13,토
2022-08-13,우이신설선,화계,2161,1960,4121,201,8,13,토
2022-08-13,우이신설선,가오리,2764,2631,5395,133,8,13,토
2022-08-13,우이신설선,4.19민주묘지,2080,1807,3887,273,8,13,토
2022-08-13,우이신설선,솔밭공원,1584,1443,3027,141,8,13,토
2022-08-13,우이신설선,북한산우이,2700,2920,5620,-220,8,13,토
2022-08-13,안산선,수리산,2615,2080,4695,535,8,13,토
2022-08-13,안산선,오이도,6558,6797,13355,-239,8,13,토
2022-08-13,안산선,정왕,6036,6264,12300,-228,8,13,토
2022-08-13,안산선,신길온천,1338,1235,2573,103,8,13,토
2022-08-13,안산선,안산,9065,9874,18939,-809,8,13,토
2022-08-13,안산선,초지,3067,2959,6026,108,8,13,토
2022-08-13,안산선,고잔,5749,5493,11242,256,8,13,토
2022-08-13,안산선,중앙,13887,14811,28698,-924,8,13,토
2022-08-13,안산선,한대앞,6336,6170,12506,166,8,13,토
2022-08-13,안산선,상록수,10881,10784,21665,97,8,13,토
2022-08-13,안산선,반월,3250,2964,6214,286,8,13,토
2022-08-13,안산선,대야미,3515,3071,6586,444,8,13,토
2022-08-13,안산선,산본,11198,11994,23192,-796,8,13,토
2022-08-13,신림선,관악산(서울대),2493,2507,5000,-14,8,13,토
2022-08-13,중앙선,지평,64,62,126,2,8,13,토
2022-08-13,중앙선,용문,2021,2418,4439,-397,8,13,토
2022-08-13,신림선,서울대벤처타운,5029,4519,9548,510,8,13,토
2022-08-13,신림선,서원,2058,1645,3703,413,8,13,토
2022-08-13,과천선,선바위,4372,3922,8294,450,8,13,토
2022-08-13,신림선,신림,1200,1549,2749,-349,8,13,토
2022-08-13,신림선,당곡,2639,2391,5030,248,8,13,토
2022-08-13,신림선,보라매병원,2565,2517,5082,48,8,13,토
2022-08-13,신림선,보라매공원,978,987,1965,-9,8,13,토
2022-08-13,경인선,오류동,8107,7028,15135,1079,8,13,토
2022-08-13,경인선,개봉,14429,13692,28121,737,8,13,토
2022-08-13,신림선,보라매,1793,1656,3449,137,8,13,토
2022-08-13,경의선,임진강,53,48,101,5,8,13,토
2022-08-13,경의선,문산,4576,4249,8825,327,8,13,토
2022-08-13,경의선,파주,811,585,1396,226,8,13,토
2022-08-13,경의선,월롱,1814,1397,3211,417,8,13,토
2022-08-13,경의선,금촌,5337,4935,10272,402,8,13,토
2022-08-13,경의선,금릉,3585,3426,7011,159,8,13,토
2022-08-13,경의선,운정,4640,4146,8786,494,8,13,토
2022-08-13,경의선,야당,6035,6146,12181,-111,8,13,토
2022-08-13,경의선,탄현,5230,4752,9982,478,8,13,토
2022-08-13,경의선,일산,6389,6046,12435,343,8,13,토
2022-08-13,경의선,풍산,3938,3694,7632,244,8,13,토
2022-08-13,경의선,백마,4234,3816,8050,418,8,13,토
2022-08-13,경의선,곡산,372,357,729,15,8,13,토
2022-08-13,경의선,능곡,2567,2543,5110,24,8,13,토
2022-08-13,경의선,행신,5330,5339,10669,-9,8,13,토
2022-08-13,경의선,강매,1793,1609,3402,184,8,13,토
2022-08-13,경의선,화전,1013,906,1919,107,8,13,토
2022-08-13,경의선,수색,1277,1275,2552,2,8,13,토
2022-08-13,경의선,디지털미디어시티,1894,1552,3446,342,8,13,토
2022-08-13,경의선,가좌,3736,3572,7308,164,8,13,토
2022-08-13,경의선,홍대입구,1956,2654,4610,-698,8,13,토
2022-08-13,경의선,서강대,1652,1516,3168,136,8,13,토
2022-08-13,경의선,공덕,2446,1852,4298,594,8,13,토
2022-08-13,경의선,효창공원앞,1639,1823,3462,-184,8,13,토
2022-08-13,경의선,신촌,340,384,724,-44,8,13,토
2022-08-13,경의선,서울역,1299,1515,2814,-216,8,13,토
2022-08-13,경원선,소요산,3640,3213,6853,427,8,13,토
2022-08-13,신림선,서울지방병무청,1455,1609,3064,-154,8,13,토
2022-08-13,신림선,대방,1438,1038,2476,400,8,13,토
2022-08-13,신림선,샛강,754,1019,1773,-265,8,13,토
2022-08-13,수인선,인천,982,1428,2410,-446,8,13,토
2022-08-13,수인선,신포,1242,1304,2546,-62,8,13,토
2022-08-13,수인선,숭의,2583,2333,4916,250,8,13,토
2022-08-13,수인선,인하대,3736,3462,7198,274,8,13,토
2022-08-13,수인선,송도,1578,1585,3163,-7,8,13,토
2022-08-13,수인선,연수,3701,3716,7417,-15,8,13,토
2022-08-13,수인선,원인재,3282,3436,6718,-154,8,13,토
2022-08-13,수인선,남동인더스파크,948,888,1836,60,8,13,토
2022-08-13,수인선,호구포,2454,2286,4740,168,8,13,토
2022-08-13,수인선,인천논현,4094,4284,8378,-190,8,13,토
2022-08-13,수인선,소래포구,4141,4083,8224,58,8,13,토
2022-08-13,수인선,월곶,1982,1927,3909,55,8,13,토
2022-08-13,수인선,달월,55,59,114,-4,8,13,토
2022-08-13,수인선,사리,3297,2656,5953,641,8,13,토
2022-08-13,수인선,야목,267,224,491,43,8,13,토
2022-08-13,수인선,어천,707,648,1355,59,8,13,토
2022-08-13,수인선,오목천,2095,1770,3865,325,8,13,토
2022-08-13,수인선,고색,2516,2276,4792,240,8,13,토
2022-08-13,분당선,매교,2133,2089,4222,44,8,13,토
2022-08-13,분당선,수원시청,9570,11101,20671,-1531,8,13,토
2022-08-13,분당선,매탄권선,3289,2914,6203,375,8,13,토
2022-08-13,분당선,망포,8687,7856,16543,831,8,13,토
2022-08-13,분당선,영통,6392,6188,12580,204,8,13,토
2022-08-13,분당선,청명,2545,2427,4972,118,8,13,토
2022-08-13,경원선,동두천,1606,1979,3585,-373,8,13,토
2022-08-13,경원선,보산,1668,1605,3273,63,8,13,토
2022-08-13,경원선,동두천중앙,2412,2454,4866,-42,8,13,토
2022-08-13,경원선,지행,5368,5177,10545,191,8,13,토
2022-08-13,경원선,덕정,4067,3592,7659,475,8,13,토
2022-08-13,경원선,덕계,2462,2167,4629,295,8,13,토
2022-08-13,경원선,양주,5773,5389,11162,384,8,13,토
2022-08-13,경원선,녹양,3115,2867,5982,248,8,13,토
2022-08-13,경원선,가능,4740,4399,9139,341,8,13,토
2022-08-13,경원선,의정부,16059,17158,33217,-1099,8,13,토
2022-08-13,경원선,회룡,8792,8497,17289,295,8,13,토
2022-08-13,경원선,망월사,5053,5088,10141,-35,8,13,토
2022-08-13,경원선,도봉산,6614,4616,11230,1998,8,13,토
2022-08-13,경원선,도봉,3955,3730,7685,225,8,13,토
2022-08-13,경원선,방학,6666,6368,13034,298,8,13,토
2022-08-13,경원선,녹천,2957,2428,5385,529,8,13,토
2022-08-13,경원선,월계,4144,3764,7908,380,8,13,토
2022-08-13,경원선,광운대,4914,4618,9532,296,8,13,토
2022-08-13,경원선,석계,6075,6102,12177,-27,8,13,토
2022-08-13,경원선,외대앞,5686,5272,10958,414,8,13,토
2022-08-13,경원선,청량리(서울시립대입구),16351,17929,34280,-1578,8,13,토
2022-08-13,경원선,왕십리(성동구청),11945,13330,25275,-1385,8,13,토
2022-08-14,7호선,군자(능동),7534,5752,13286,1782,8,14,일
2022-08-14,7호선,어린이대공원(세종대),6518,6481,12999,37,8,14,일
2022-08-14,7호선,뚝섬유원지,5281,4888,10169,393,8,14,일
2022-08-14,7호선,건대입구,7336,7437,14773,-101,8,14,일
2022-08-14,7호선,청담,6300,6576,12876,-276,8,14,일
2022-08-14,7호선,강남구청,4360,4933,9293,-573,8,14,일
2022-08-14,7호선,학동,5126,5373,10499,-247,8,14,일
2022-08-14,7호선,논현,5178,5521,10699,-343,8,14,일
2022-08-14,7호선,반포,2655,2500,5155,155,8,14,일
2022-08-14,7호선,고속터미널,11068,6963,18031,4105,8,14,일
2022-08-14,7호선,내방,5017,5284,10301,-267,8,14,일
2022-08-14,7호선,이수,7268,6820,14088,448,8,14,일
2022-08-14,7호선,남성,5314,5098,10412,216,8,14,일
2022-08-14,7호선,숭실대입구(살피재),5367,5510,10877,-143,8,14,일
2022-08-14,7호선,상도,5187,4720,9907,467,8,14,일
2022-08-14,7호선,장승배기,4481,4350,8831,131,8,14,일
2022-08-14,7호선,신대방삼거리,7181,6869,14050,312,8,14,일
2022-08-14,7호선,보라매,3684,3550,7234,134,8,14,일
2022-08-14,7호선,신풍,5646,5360,11006,286,8,14,일
2022-08-14,7호선,대림(구로구청),7619,7526,15145,93,8,14,일
2022-08-14,7호선,남구로,6544,6269,12813,275,8,14,일
2022-08-14,7호선,가산디지털단지,9717,8634,18351,1083,8,14,일
2022-08-14,7호선,철산,10414,10482,20896,-68,8,14,일
2022-08-14,7호선,광명사거리,12049,11988,24037,61,8,14,일
2022-08-14,7호선,천왕,4738,4513,9251,225,8,14,일
2022-08-14,7호선,온수(성공회대입구),3866,3789,7655,77,8,14,일
2022-08-14,7호선,상동,1,0,1,1,8,14,일
2022-08-14,8호선,암사,8960,8215,17175,745,8,14,일
2022-08-14,8호선,천호(풍납토성),8484,10028,18512,-1544,8,14,일
2022-08-14,8호선,강동구청,4537,4585,9122,-48,8,14,일
2022-08-14,8호선,몽촌토성(평화의문),3080,2921,6001,159,8,14,일
2022-08-14,8호선,잠실(송파구청),10984,12634,23618,-1650,8,14,일
2022-08-14,8호선,석촌,3881,4883,8764,-1002,8,14,일
2022-08-14,8호선,송파,4394,4336,8730,58,8,14,일
2022-08-14,8호선,가락시장,2845,3663,6508,-818,8,14,일
2022-08-14,8호선,문정,4813,4668,9481,145,8,14,일
2022-08-14,8호선,장지,8944,8780,17724,164,8,14,일
2022-08-14,8호선,복정,4463,4206,8669,257,8,14,일
2022-08-14,8호선,산성,2822,2811,5633,11,8,14,일
2022-08-14,8호선,남한산성입구(성남법원.검찰청),6670,6021,12691,649,8,14,일
2022-08-14,8호선,단대오거리,5412,5273,10685,139,8,14,일
2022-08-14,8호선,신흥,2703,2886,5589,-183,8,14,일
2022-08-14,8호선,수진,3251,2865,6116,386,8,14,일
2022-08-14,8호선,모란,4415,3811,8226,604,8,14,일
2022-08-14,8호선,남위례,2491,2581,5072,-90,8,14,일
2022-08-14,9호선,개화,1122,980,2102,142,8,14,일
2022-08-14,9호선,김포공항,7261,10622,17883,-3361,8,14,일
2022-08-14,9호선,공항시장,1701,1814,3515,-113,8,14,일
2022-08-14,9호선,신방화,3618,3500,7118,118,8,14,일
2022-08-14,9호선,마곡나루(서울식물원),5228,5285,10513,-57,8,14,일
2022-08-14,9호선,양천향교,4159,4009,8168,150,8,14,일
2022-08-14,9호선,가양,10143,9763,19906,380,8,14,일
2022-08-14,9호선,증미,2529,2423,4952,106,8,14,일
2022-08-14,9호선,등촌,4993,5039,10032,-46,8,14,일
2022-08-14,9호선,염창,8279,7973,16252,306,8,14,일
2022-08-14,9호선,신목동,1777,1546,3323,231,8,14,일
2022-08-14,9호선,선유도,2713,2512,5225,201,8,14,일
2022-08-14,9호선,당산,9702,9583,19285,119,8,14,일
2022-08-14,9호선,국회의사당,4542,4212,8754,330,8,14,일
2022-08-14,9호선,여의도,10519,9158,19677,1361,8,14,일
2022-08-14,9호선,샛강,1756,1681,3437,75,8,14,일
2022-08-14,9호선,노량진,13867,14370,28237,-503,8,14,일
2022-08-14,9호선,노들,2689,2216,4905,473,8,14,일
2022-08-14,9호선,흑석(중앙대입구),3854,3913,7767,-59,8,14,일
2022-08-14,9호선,동작(현충원),1064,924,1988,140,8,14,일
2022-08-14,9호선,구반포,305,308,613,-3,8,14,일
2022-08-14,9호선,신반포,1781,1778,3559,3,8,14,일
2022-08-14,9호선,고속터미널,9818,14009,23827,-4191,8,14,일
2022-08-14,9호선,사평,1727,1679,3406,48,8,14,일
2022-08-14,9호선,신논현,14829,14339,29168,490,8,14,일
2022-08-14,9호선2~3단계,언주,3467,3420,6887,47,8,14,일
2022-08-14,9호선2~3단계,선정릉,2810,3068,5878,-258,8,14,일
2022-08-14,9호선2~3단계,삼성중앙,2051,2106,4157,-55,8,14,일
2022-08-14,9호선2~3단계,봉은사,11435,11920,23355,-485,8,14,일
2022-08-14,9호선2~3단계,종합운동장,10656,3627,14283,7029,8,14,일
2022-08-14,9호선2~3단계,삼전,3585,3391,6976,194,8,14,일
2022-08-14,9호선2~3단계,석촌고분,3169,3000,6169,169,8,14,일
2022-08-14,9호선2~3단계,석촌,4668,3788,8456,880,8,14,일
2022-08-14,9호선2~3단계,송파나루,3125,3583,6708,-458,8,14,일
2022-08-14,9호선2~3단계,한성백제,1447,1291,2738,156,8,14,일
2022-08-14,9호선2~3단계,올림픽공원(한국체대),9439,9345,18784,94,8,14,일
2022-08-14,9호선2~3단계,둔촌오륜,574,565,1139,9,8,14,일
2022-08-14,9호선2~3단계,중앙보훈병원,3661,3474,7135,187,8,14,일
2022-08-14,경강선,판교,2557,2458,5015,99,8,14,일
2022-08-14,경강선,이매,627,484,1111,143,8,14,일
2022-08-14,경강선,삼동,1014,969,1983,45,8,14,일
2022-08-14,경강선,경기광주,3850,3734,7584,116,8,14,일
2022-08-14,경강선,초월,1596,1437,3033,159,8,14,일
2022-08-14,경강선,곤지암,1500,1467,2967,33,8,14,일
2022-08-14,경강선,신둔도예촌,870,875,1745,-5,8,14,일
2022-08-14,경강선,이천,1985,2195,4180,-210,8,14,일
2022-08-14,경강선,부발,1348,1455,2803,-107,8,14,일
2022-08-14,경강선,세종대왕릉,295,291,586,4,8,14,일
2022-08-14,경강선,여주,2111,2100,4211,11,8,14,일
2022-08-14,경부선,서울역,7992,1852,9844,6140,8,14,일
2022-08-14,경부선,남영,4678,4839,9517,-161,8,14,일
2022-08-14,경부선,용산,35484,34180,69664,1304,8,14,일
2022-08-14,경부선,노량진,5443,4908,10351,535,8,14,일
2022-08-14,경부선,대방,4795,5231,10026,-436,8,14,일
2022-08-14,경부선,영등포,34081,34348,68429,-267,8,14,일
2022-08-14,경부선,신도림,2035,2194,4229,-159,8,14,일
2022-08-14,경부선,신길,4391,3608,7999,783,8,14,일
2022-08-14,경부선,구로,9298,9667,18965,-369,8,14,일
2022-08-14,경부선,가산디지털단지,4369,5767,10136,-1398,8,14,일
2022-08-14,경부선,금천구청,5928,5781,11709,147,8,14,일
2022-08-14,경부선,석수,4645,4337,8982,308,8,14,일
2022-08-14,경부선,관악,4399,4151,8550,248,8,14,일
2022-08-14,경부선,안양,13004,12913,25917,91,8,14,일
2022-08-14,경부선,명학,3053,2967,6020,86,8,14,일
2022-08-14,경부선,금정,14779,15092,29871,-313,8,14,일
2022-08-14,경부선,군포,2932,2805,5737,127,8,14,일
2022-08-14,경부선,의왕,3931,3910,7841,21,8,14,일
2022-08-14,경부선,성균관대,7383,7579,14962,-196,8,14,일
2022-08-14,경부선,화서,3703,3743,7446,-40,8,14,일
2022-08-14,경부선,수원,32882,33267,66149,-385,8,14,일
2022-08-14,경부선,독산,6026,5737,11763,289,8,14,일
2022-08-14,경부선,세류,1953,1942,3895,11,8,14,일
2022-08-14,경부선,병점,8850,9168,18018,-318,8,14,일
2022-08-14,경부선,세마,1742,1563,3305,179,8,14,일
2022-08-14,경부선,오산대,1941,1988,3929,-47,8,14,일
2022-08-14,경부선,오산,7269,7468,14737,-199,8,14,일
2022-08-14,경부선,진위,846,779,1625,67,8,14,일
2022-08-14,경부선,송탄,3387,3667,7054,-280,8,14,일
2022-08-14,경부선,서정리,4438,5345,9783,-907,8,14,일
2022-08-14,경부선,평택지제,2470,2236,4706,234,8,14,일
2022-08-14,경부선,평택,10679,11020,21699,-341,8,14,일
2022-08-14,경부선,성환,2282,2433,4715,-151,8,14,일
2022-08-14,경부선,직산,527,500,1027,27,8,14,일
2022-08-14,경부선,두정,4111,4372,8483,-261,8,14,일
2022-08-14,경부선,천안,5549,5718,11267,-169,8,14,일
2022-08-14,경부선,당정,2963,2939,5902,24,8,14,일
2022-08-14,경부선,서동탄,711,742,1453,-31,8,14,일
2022-08-14,경부선,광명,2305,1778,4083,527,8,14,일
2022-08-14,경원선,이촌(국립중앙박물관),2272,1783,4055,489,8,14,일
2022-08-14,경원선,서빙고,1625,1648,3273,-23,8,14,일
2022-08-14,경원선,한남,1820,1875,3695,-55,8,14,일
2022-08-14,경원선,옥수,37,31,68,6,8,14,일
2022-08-14,경원선,응봉,1086,908,1994,178,8,14,일
2022-08-14,경원선,왕십리(성동구청),9641,10942,20583,-1301,8,14,일
2022-08-14,경원선,청량리(서울시립대입구),14840,14156,28996,684,8,14,일
2022-08-14,경원선,외대앞,4504,4322,8826,182,8,14,일
2022-08-14,경원선,신이문,4679,4272,8951,407,8,14,일
2022-08-14,경원선,석계,4778,5076,9854,-298,8,14,일
2022-08-14,경원선,광운대,3798,3812,7610,-14,8,14,일
2022-08-14,경원선,월계,3502,3077,6579,425,8,14,일
2022-08-14,경원선,녹천,2337,2025,4362,312,8,14,일
2022-08-14,경원선,방학,5790,5527,11317,263,8,14,일
2022-08-14,경원선,도봉,3536,3201,6737,335,8,14,일
2022-08-14,경원선,도봉산,7056,5174,12230,1882,8,14,일
2022-08-14,경원선,망월사,4437,4591,9028,-154,8,14,일
2022-08-14,경원선,회룡,7222,7201,14423,21,8,14,일
2022-08-14,경원선,의정부,13882,14521,28403,-639,8,14,일
2022-08-14,경원선,가능,3846,3606,7452,240,8,14,일
2022-08-14,경원선,녹양,2649,2517,5166,132,8,14,일
2022-08-14,경원선,양주,4909,4748,9657,161,8,14,일
2022-08-14,경원선,덕계,1742,1705,3447,37,8,14,일
2022-08-14,경원선,덕정,3108,3294,6402,-186,8,14,일
2022-08-14,경원선,지행,4539,4447,8986,92,8,14,일
2022-08-14,경원선,동두천중앙,2000,2014,4014,-14,8,14,일
2022-08-14,경원선,보산,1273,1378,2651,-105,8,14,일
2022-08-14,경원선,동두천,1323,1694,3017,-371,8,14,일
2022-08-14,경원선,소요산,4434,4065,8499,369,8,14,일
2022-08-14,경의선,서울역,1077,1116,2193,-39,8,14,일
2022-08-14,경의선,신촌,309,310,619,-1,8,14,일
2022-08-14,경의선,효창공원앞,1329,1558,2887,-229,8,14,일
2022-08-14,경의선,공덕,1785,1510,3295,275,8,14,일
2022-08-14,경의선,서강대,1303,1346,2649,-43,8,14,일
2022-08-14,경의선,홍대입구,1847,2332,4179,-485,8,14,일
2022-08-14,경의선,가좌,2905,2807,5712,98,8,14,일
2022-08-14,경의선,디지털미디어시티,1594,1356,2950,238,8,14,일
2022-08-14,경의선,수색,916,969,1885,-53,8,14,일
2022-08-14,경의선,화전,786,779,1565,7,8,14,일
2022-08-14,경의선,강매,1499,1338,2837,161,8,14,일
2022-08-14,경의선,행신,4563,4245,8808,318,8,14,일
2022-08-14,경의선,능곡,2252,2174,4426,78,8,14,일
2022-08-14,경의선,곡산,324,346,670,-22,8,14,일
2022-08-14,경의선,백마,3269,3262,6531,7,8,14,일
2022-08-14,경의선,풍산,3466,3306,6772,160,8,14,일
2022-08-14,경의선,일산,4714,4477,9191,237,8,14,일
2022-08-14,경의선,탄현,4116,3956,8072,160,8,14,일
2022-08-14,경의선,야당,5061,5102,10163,-41,8,14,일
2022-08-14,경의선,운정,3518,3297,6815,221,8,14,일
2022-08-14,경의선,금릉,2790,2849,5639,-59,8,14,일
2022-08-14,경의선,금촌,4321,4469,8790,-148,8,14,일
2022-08-14,경의선,월롱,1129,1305,2434,-176,8,14,일
2022-08-14,경의선,파주,660,574,1234,86,8,14,일
2022-08-14,경의선,문산,4231,4163,8394,68,8,14,일
2022-08-14,경의선,임진강,79,83,162,-4,8,14,일
2022-08-14,경의선,검암,1,0,1,1,8,14,일
2022-08-14,경인선,개봉,11561,11309,22870,252,8,14,일
2022-08-14,경인선,오류동,6902,6282,13184,620,8,14,일
2022-08-14,경인선,역곡,13770,13647,27417,123,8,14,일
2022-08-14,경인선,부천,20950,21152,42102,-202,8,14,일
2022-08-14,경인선,송내,13390,12947,26337,443,8,14,일
2022-08-14,경인선,부평,22149,23903,46052,-1754,8,14,일
2022-08-14,경인선,백운,3871,3761,7632,110,8,14,일
2022-08-14,경인선,동암,10032,9979,20011,53,8,14,일
2022-08-14,경인선,주안,11771,10399,22170,1372,8,14,일
2022-08-14,경인선,제물포,5344,5072,10416,272,8,14,일
2022-08-14,경인선,동인천,9871,9522,19393,349,8,14,일
2022-08-14,경인선,인천,4993,4531,9524,462,8,14,일
2022-08-14,경인선,구일,2943,2945,5888,-2,8,14,일
2022-08-14,경인선,소사,4984,4769,9753,215,8,14,일
2022-08-14,경인선,부개,4710,4399,9109,311,8,14,일
2022-08-14,경인선,간석,3135,2930,6065,205,8,14,일
2022-08-14,경인선,도원,1686,1701,3387,-15,8,14,일
2022-08-14,경인선,온수(성공회대입구),3733,3384,7117,349,8,14,일
2022-08-14,경인선,중동,4802,4519,9321,283,8,14,일
2022-08-14,경인선,도화,2357,2160,4517,197,8,14,일
2022-08-14,경춘선,신내,1030,950,1980,80,8,14,일
2022-08-14,경춘선,갈매,1345,1190,2535,155,8,14,일
2022-08-14,경춘선,별내,1758,1686,3444,72,8,14,일
2022-08-14,경춘선,퇴계원,2047,1805,3852,242,8,14,일
2022-08-14,경춘선,사릉,1344,1237,2581,107,8,14,일
2022-08-14,경춘선,금곡,892,827,1719,65,8,14,일
2022-08-14,경춘선,평내호평,3249,3227,6476,22,8,14,일
2022-08-14,경춘선,천마산,983,940,1923,43,8,14,일
2022-08-14,경춘선,마석,2523,2593,5116,-70,8,14,일
2022-08-14,경춘선,대성리,1171,781,1952,390,8,14,일
2022-08-14,경춘선,청평,2052,1894,3946,158,8,14,일
2022-08-14,경춘선,상천,360,329,689,31,8,14,일
2022-08-14,경춘선,가평,3105,3224,6329,-119,8,14,일
2022-08-14,경춘선,굴봉산,239,155,394,84,8,14,일
2022-08-14,경춘선,백양리,203,113,316,90,8,14,일
2022-08-14,경춘선,강촌,859,627,1486,232,8,14,일
2022-08-14,경춘선,김유정,468,481,949,-13,8,14,일
2022-08-14,경춘선,남춘천,2570,2625,5195,-55,8,14,일
2022-08-14,경춘선,춘천,2079,1699,3778,380,8,14,일
2022-08-14,공항철도 1호선,서울역,8372,7440,15812,932,8,14,일
2022-08-14,공항철도 1호선,공덕,1259,1817,3076,-558,8,14,일
2022-08-14,공항철도 1호선,홍대입구,11398,11729,23127,-331,8,14,일
2022-08-14,공항철도 1호선,디지털미디어시티,3502,3643,7145,-141,8,14,일
2022-08-14,공항철도 1호선,마곡나루(서울식물원),2061,2394,4455,-333,8,14,일
2022-08-14,공항철도 1호선,김포공항,10338,5417,15755,4921,8,14,일
2022-08-14,공항철도 1호선,계양,5521,5435,10956,86,8,14,일
2022-08-14,공항철도 1호선,검암,3581,3611,7192,-30,8,14,일
2022-08-14,공항철도 1호선,청라국제도시,3474,3452,6926,22,8,14,일
2022-08-14,공항철도 1호선,운서,5702,6314,12016,-612,8,14,일
2022-08-14,공항철도 1호선,공항화물청사,997,985,1982,12,8,14,일
2022-08-14,공항철도 1호선,인천공항1터미널,9511,8444,17955,1067,8,14,일
2022-08-14,공항철도 1호선,인천공항2터미널,3894,3351,7245,543,8,14,일
2022-08-14,공항철도 1호선,영종,2672,2844,5516,-172,8,14,일
2022-08-14,과천선,선바위,3695,3347,7042,348,8,14,일
2022-08-14,과천선,경마공원,15372,15793,31165,-421,8,14,일
2022-08-14,과천선,대공원,4065,4036,8101,29,8,14,일
2022-08-14,과천선,과천,3740,3453,7193,287,8,14,일
2022-08-14,과천선,정부과천청사,4405,4407,8812,-2,8,14,일
2022-08-14,과천선,인덕원,11832,11804,23636,28,8,14,일
2022-08-14,과천선,평촌,6189,5912,12101,277,8,14,일
2022-08-14,과천선,범계,14704,14631,29335,73,8,14,일
2022-08-14,분당선,선릉,2718,3741,6459,-1023,8,14,일
2022-08-14,분당선,한티,10088,9214,19302,874,8,14,일
2022-08-14,분당선,도곡,2558,2459,5017,99,8,14,일
2022-08-14,분당선,구룡,812,776,1588,36,8,14,일
2022-08-14,분당선,개포동,1843,1884,3727,-41,8,14,일
2022-08-14,분당선,대모산입구,2130,1976,4106,154,8,14,일
2022-08-14,분당선,수서,8344,8203,16547,141,8,14,일
2022-08-14,분당선,수원,5901,4825,10726,1076,8,14,일
2022-08-14,분당선,서울숲,5869,6132,12001,-263,8,14,일
2022-08-14,분당선,압구정로데오,9819,11827,21646,-2008,8,14,일
2022-08-14,분당선,강남구청,2612,3086,5698,-474,8,14,일
2022-08-14,분당선,선정릉,1698,1779,3477,-81,8,14,일
2022-08-14,분당선,가천대,3411,3851,7262,-440,8,14,일
2022-08-14,분당선,태평,8163,7624,15787,539,8,14,일
2022-08-14,분당선,모란,16522,17655,34177,-1133,8,14,일
2022-08-14,분당선,야탑,13183,13542,26725,-359,8,14,일
2022-08-14,중앙선,오빈,240,223,463,17,8,14,일
2022-08-14,중앙선,양평,2296,2172,4468,124,8,14,일
2022-08-14,장항선,봉명,508,486,994,22,8,14,일
2022-08-14,장항선,쌍용(나사렛대),1106,1106,2212,0,8,14,일
2022-08-14,장항선,아산,2605,1926,4531,679,8,14,일
2022-08-14,장항선,탕정,475,490,965,-15,8,14,일
2022-08-14,장항선,배방,639,690,1329,-51,8,14,일
2022-08-14,장항선,온양온천,4041,4036,8077,5,8,14,일
2022-08-14,장항선,신창(순천향대),740,835,1575,-95,8,14,일
2022-08-14,중앙선,회기,14732,14453,29185,279,8,14,일
2022-08-14,중앙선,중랑,3391,3252,6643,139,8,14,일
2022-08-14,중앙선,상봉(시외버스터미널),3507,3567,7074,-60,8,14,일
2022-08-14,중앙선,망우,4823,4722,9545,101,8,14,일
2022-08-14,중앙선,양원,1394,1358,2752,36,8,14,일
2022-08-14,중앙선,구리,7220,7546,14766,-326,8,14,일
2022-08-14,중앙선,도농,5336,5084,10420,252,8,14,일
2022-08-14,중앙선,양정,435,356,791,79,8,14,일
2022-08-14,중앙선,덕소,3463,3420,6883,43,8,14,일
2022-08-14,중앙선,도심,1259,1063,2322,196,8,14,일
2022-08-14,중앙선,팔당,1153,1204,2357,-51,8,14,일
2022-08-14,중앙선,운길산,916,881,1797,35,8,14,일
2022-08-14,중앙선,양수,1750,1820,3570,-70,8,14,일
2022-08-14,중앙선,원덕,322,303,625,19,8,14,일
2022-08-14,중앙선,용문,2169,2077,4246,92,8,14,일
2022-08-14,중앙선,지평,60,48,108,12,8,14,일
2022-08-14,안산선,수리산,2075,1758,3833,317,8,14,일
2022-08-14,1호선,시청,9876,9670,19546,206,8,14,일
2022-08-14,1호선,종각,14940,13592,28532,1348,8,14,일
2022-08-14,중앙선,신원,174,134,308,40,8,14,일
2022-08-14,중앙선,국수,486,457,943,29,8,14,일
2022-08-14,중앙선,아신,467,476,943,-9,8,14,일
2022-08-14,분당선,서현,15233,15441,30674,-208,8,14,일
2022-08-14,분당선,수내,6215,5785,12000,430,8,14,일
2022-08-14,분당선,정자,7399,7753,15152,-354,8,14,일
2022-08-14,분당선,미금,7383,7649,15032,-266,8,14,일
2022-08-14,분당선,오리,5196,4281,9477,915,8,14,일
2022-08-14,분당선,이매,3380,3413,6793,-33,8,14,일
2022-08-14,분당선,보정,1094,1022,2116,72,8,14,일
2022-08-14,분당선,죽전,7097,7990,15087,-893,8,14,일
2022-08-14,분당선,구성,2325,2511,4836,-186,8,14,일
2022-08-14,분당선,신갈,1990,1987,3977,3,8,14,일
2022-08-14,분당선,기흥,5033,4739,9772,294,8,14,일
2022-08-14,분당선,상갈,2811,2849,5660,-38,8,14,일
2022-08-14,분당선,청명,1839,1854,3693,-15,8,14,일
2022-08-14,분당선,영통,4726,4616,9342,110,8,14,일
2022-08-14,분당선,망포,6449,6201,12650,248,8,14,일
2022-08-14,분당선,매탄권선,2479,2307,4786,172,8,14,일
2022-08-14,분당선,수원시청,7192,7714,14906,-522,8,14,일
2022-08-14,분당선,매교,1580,1590,3170,-10,8,14,일
2022-08-14,수인선,고색,1668,1620,3288,48,8,14,일
2022-08-14,수인선,오목천,1687,1565,3252,122,8,14,일
2022-08-14,수인선,어천,579,598,1177,-19,8,14,일
2022-08-14,수인선,야목,214,179,393,35,8,14,일
2022-08-14,수인선,사리,2628,2232,4860,396,8,14,일
2022-08-14,수인선,달월,42,51,93,-9,8,14,일
2022-08-14,수인선,월곶,1744,1739,3483,5,8,14,일
2022-08-14,수인선,소래포구,4367,4246,8613,121,8,14,일
2022-08-14,수인선,인천논현,3026,3041,6067,-15,8,14,일
2022-08-14,수인선,호구포,2322,2365,4687,-43,8,14,일
2022-08-14,수인선,남동인더스파크,659,606,1265,53,8,14,일
2022-08-14,수인선,원인재,2601,2767,5368,-166,8,14,일
2022-08-14,수인선,연수,3274,3315,6589,-41,8,14,일
2022-08-14,수인선,송도,1474,1397,2871,77,8,14,일
2022-08-14,수인선,인하대,3072,2916,5988,156,8,14,일
2022-08-14,수인선,숭의,1986,1775,3761,211,8,14,일
2022-08-14,수인선,신포,1142,1114,2256,28,8,14,일
2022-08-14,수인선,인천,1285,1597,2882,-312,8,14,일
2022-08-14,신림선,샛강,704,955,1659,-251,8,14,일
2022-08-14,신림선,대방,1256,920,2176,336,8,14,일
2022-08-14,신림선,서울지방병무청,1228,1359,2587,-131,8,14,일
2022-08-14,신림선,보라매,1686,1493,3179,193,8,14,일
2022-08-14,신림선,보라매공원,951,1003,1954,-52,8,14,일
2022-08-14,신림선,보라매병원,1951,2002,3953,-51,8,14,일
2022-08-14,신림선,당곡,2189,2046,4235,143,8,14,일
2022-08-14,신림선,신림,1091,1523,2614,-432,8,14,일
2022-08-14,신림선,서원,1801,1574,3375,227,8,14,일
2022-08-14,신림선,서울대벤처타운,4183,4066,8249,117,8,14,일
2022-08-14,신림선,관악산(서울대),3624,3772,7396,-148,8,14,일
2022-08-14,안산선,산본,8796,9441,18237,-645,8,14,일
2022-08-14,안산선,대야미,2814,2546,5360,268,8,14,일
2022-08-14,안산선,반월,2502,2522,5024,-20,8,14,일
2022-08-14,안산선,상록수,9158,8848,18006,310,8,14,일
2022-08-14,안산선,한대앞,5149,4961,10110,188,8,14,일
2022-08-14,안산선,중앙,11184,11653,22837,-469,8,14,일
2022-08-14,안산선,고잔,4151,4011,8162,140,8,14,일
2022-08-14,안산선,초지,2399,2316,4715,83,8,14,일
2022-08-14,안산선,안산,10377,9732,20109,645,8,14,일
2022-08-14,안산선,신길온천,1152,1094,2246,58,8,14,일
2022-08-14,안산선,정왕,5374,5449,10823,-75,8,14,일
2022-08-14,안산선,오이도,5898,6089,11987,-191,8,14,일
2022-08-14,우이신설선,북한산우이,2882,3106,5988,-224,8,14,일
2022-08-14,우이신설선,솔밭공원,1436,1392,2828,44,8,14,일
2022-08-14,우이신설선,4.19민주묘지,1789,1597,3386,192,8,14,일
2022-08-14,우이신설선,가오리,2359,2281,4640,78,8,14,일
2022-08-14,3호선,연신내,20941,20041,40982,900,8,14,일
2022-08-14,3호선,구파발,11566,12132,23698,-566,8,14,일
2022-08-14,3호선,지축,2561,2355,4916,206,8,14,일
2022-08-14,2호선,용두(동대문구청),1064,1082,2146,-18,8,14,일
2022-08-14,2호선,신정네거리,5197,5178,10375,19,8,14,일
2022-08-14,2호선,양천구청,3264,3253,6517,11,8,14,일
2022-08-14,2호선,도림천,457,431,888,26,8,14,일
2022-08-14,2호선,신설동,2960,2882,5842,78,8,14,일
2022-08-14,2호선,신답,753,812,1565,-59,8,14,일
2022-08-14,2호선,용답,1638,1550,3188,88,8,14,일
2022-08-14,2호선,충정로(경기대입구),3529,3627,7156,-98,8,14,일
2022-08-14,2호선,아현,5265,4829,10094,436,8,14,일
2022-08-14,2호선,이대,6951,7296,14247,-345,8,14,일
2022-08-14,2호선,신촌,22608,22810,45418,-202,8,14,일
2022-08-14,2호선,홍대입구,55154,59205,114359,-4051,8,14,일
2022-08-14,2호선,합정,20340,23541,43881,-3201,8,14,일
2022-08-14,2호선,당산,8182,8826,17008,-644,8,14,일
2022-08-14,2호선,영등포구청,6898,6981,13879,-83,8,14,일
2022-08-14,2호선,문래,7171,7835,15006,-664,8,14,일
2022-08-14,2호선,신도림,25569,26330,51899,-761,8,14,일
2022-08-14,2호선,대림(구로구청),14576,14955,29531,-379,8,14,일
2022-08-14,2호선,구로디지털단지,23465,22540,46005,925,8,14,일
2022-08-14,2호선,신대방,14587,13895,28482,692,8,14,일
2022-08-14,2호선,신림,35041,34226,69267,815,8,14,일
2022-08-14,2호선,봉천,12385,11312,23697,1073,8,14,일
2022-08-14,2호선,서울대입구(관악구청),25177,24920,50097,257,8,14,일
2022-08-14,1호선,서울역,27476,26518,53994,958,8,14,일
2022-08-14,2호선,낙성대(강감찬),14903,14212,29115,691,8,14,일
2022-08-14,2호선,사당,21426,23154,44580,-1728,8,14,일
2022-08-14,2호선,방배,6539,6777,13316,-238,8,14,일
2022-08-14,2호선,서초,11575,11094,22669,481,8,14,일
2022-08-14,2호선,교대(법원.검찰청),10227,11267,21494,-1040,8,14,일
2022-08-14,2호선,강남,32154,32341,64495,-187,8,14,일
2022-08-14,2호선,역삼,9743,10657,20400,-914,8,14,일
2022-08-14,2호선,선릉,12076,10426,22502,1650,8,14,일
2022-08-14,2호선,삼성(무역센터),27250,26403,53653,847,8,14,일
2022-08-14,2호선,종합운동장,12884,20014,32898,-7130,8,14,일
2022-08-14,2호선,잠실새내,12173,12755,24928,-582,8,14,일
2022-08-14,2호선,잠실(송파구청),54837,51495,106332,3342,8,14,일
2022-08-14,2호선,잠실나루,5488,5334,10822,154,8,14,일
2022-08-14,2호선,강변(동서울터미널),22418,21243,43661,1175,8,14,일
2022-08-14,2호선,구의(광진구청),11000,10900,21900,100,8,14,일
2022-08-14,2호선,건대입구,25381,27794,53175,-2413,8,14,일
2022-08-14,2호선,성수,15874,18040,33914,-2166,8,14,일
2022-08-14,2호선,뚝섬,9837,9999,19836,-162,8,14,일
2022-08-14,2호선,한양대,2150,2190,4340,-40,8,14,일
2022-08-14,2호선,왕십리(성동구청),9001,8150,17151,851,8,14,일
2022-08-14,2호선,상왕십리,6859,6569,13428,290,8,14,일
2022-08-14,2호선,신당,8004,8558,16562,-554,8,14,일
2022-08-14,2호선,동대문역사문화공원(DDP),8931,10597,19528,-1666,8,14,일
2022-08-14,2호선,을지로4가,4167,4317,8484,-150,8,14,일
2022-08-14,2호선,을지로3가,9082,9312,18394,-230,8,14,일
2022-08-14,2호선,을지로입구,18444,17932,36376,512,8,14,일
2022-08-14,2호선,시청,7465,6149,13614,1316,8,14,일
2022-08-14,1호선,동묘앞,11300,11330,22630,-30,8,14,일
2022-08-14,1호선,청량리(서울시립대입구),12897,13199,26096,-302,8,14,일
2022-08-14,1호선,제기동,10143,10556,20699,-413,8,14,일
2022-08-14,1호선,신설동,7136,7106,14242,30,8,14,일
2022-08-14,1호선,동대문,9134,9095,18229,39,8,14,일
2022-08-14,1호선,종로5가,10729,10530,21259,199,8,14,일
2022-08-14,1호선,종로3가,15131,13721,28852,1410,8,14,일
2022-08-14,우이신설선,화계,2036,1958,3994,78,8,14,일
2022-08-14,우이신설선,삼양,1113,1132,2245,-19,8,14,일
2022-08-14,우이신설선,삼양사거리,1529,1409,2938,120,8,14,일
2022-08-14,우이신설선,솔샘,2787,2534,5321,253,8,14,일
2022-08-14,우이신설선,북한산보국문,3546,3056,6602,490,8,14,일
2022-08-14,우이신설선,정릉,2563,2131,4694,432,8,14,일
2022-08-14,우이신설선,성신여대입구(돈암),2121,2473,4594,-352,8,14,일
2022-08-14,우이신설선,보문,954,940,1894,14,8,14,일
2022-08-14,우이신설선,신설동,1103,1019,2122,84,8,14,일
2022-08-14,일산선,원흥,5601,5148,10749,453,8,14,일
2022-08-14,일산선,삼송,11446,10829,22275,617,8,14,일
2022-08-14,일산선,원당,5983,5846,11829,137,8,14,일
2022-08-14,일산선,화정,9393,9736,19129,-343,8,14,일
2022-08-14,일산선,대곡,1099,981,2080,118,8,14,일
2022-08-14,일산선,백석,5530,5591,11121,-61,8,14,일
2022-08-14,일산선,마두,3368,3346,6714,22,8,14,일
2022-08-14,일산선,정발산,5602,5865,11467,-263,8,14,일
2022-08-14,일산선,주엽,4848,4851,9699,-3,8,14,일
2022-08-14,일산선,대화,6492,5842,12334,650,8,14,일
2022-08-14,3호선,불광,9275,10415,19690,-1140,8,14,일
2022-08-14,3호선,녹번,7186,6330,13516,856,8,14,일
2022-08-14,3호선,홍제,8899,8439,17338,460,8,14,일
2022-08-14,3호선,무악재,1790,1773,3563,17,8,14,일
2022-08-14,3호선,독립문,5246,5374,10620,-128,8,14,일
2022-08-14,3호선,경복궁(정부서울청사),13976,16171,30147,-2195,8,14,일
2022-08-14,3호선,안국,13200,13273,26473,-73,8,14,일
2022-08-14,3호선,종로3가,4212,6218,10430,-2006,8,14,일
2022-08-14,3호선,을지로3가,3559,3618,7177,-59,8,14,일
2022-08-14,3호선,동대입구,7039,7643,14682,-604,8,14,일
2022-08-14,3호선,약수,6523,6347,12870,176,8,14,일
2022-08-14,3호선,금호,4106,3734,7840,372,8,14,일
2022-08-14,3호선,옥수,4632,4786,9418,-154,8,14,일
2022-08-14,3호선,압구정,14133,14982,29115,-849,8,14,일
2022-08-14,3호선,신사,11791,12574,24365,-783,8,14,일
2022-08-14,3호선,잠원,2049,1978,4027,71,8,14,일
2022-08-14,3호선,고속터미널,37298,36876,74174,422,8,14,일
2022-08-14,3호선,교대(법원.검찰청),4271,2560,6831,1711,8,14,일
2022-08-14,3호선,남부터미널(예술의전당),14225,14133,28358,92,8,14,일
2022-08-14,3호선,양재(서초구청),11558,12820,24378,-1262,8,14,일
2022-08-14,3호선,매봉,3921,3895,7816,26,8,14,일
2022-08-14,3호선,도곡,1726,1734,3460,-8,8,14,일
2022-08-14,3호선,대치,6883,5887,12770,996,8,14,일
2022-08-14,3호선,학여울,809,840,1649,-31,8,14,일
2022-08-14,3호선,대청,3864,3729,7593,135,8,14,일
2022-08-14,3호선,일원,3377,3333,6710,44,8,14,일
2022-08-14,3호선,수서,10180,10120,20300,60,8,14,일
2022-08-14,3호선,가락시장,3377,3539,6916,-162,8,14,일
2022-08-14,3호선,경찰병원,2656,2619,5275,37,8,14,일
2022-08-14,3호선,오금,2453,2570,5023,-117,8,14,일
2022-08-14,4호선,당고개,5443,5244,10687,199,8,14,일
2022-08-14,4호선,상계,9557,9073,18630,484,8,14,일
2022-08-14,4호선,노원,11788,13117,24905,-1329,8,14,일
2022-08-14,4호선,창동,14701,15384,30085,-683,8,14,일
2022-08-14,4호선,쌍문,15203,13795,28998,1408,8,14,일
2022-08-14,4호선,수유(강북구청),19556,18815,38371,741,8,14,일
2022-08-14,4호선,미아(서울사이버대학),7814,7237,15051,577,8,14,일
2022-08-14,4호선,미아사거리,15335,14295,29630,1040,8,14,일
2022-08-14,4호선,길음,10290,9958,20248,332,8,14,일
2022-08-14,4호선,성신여대입구(돈암),12284,11849,24133,435,8,14,일
2022-08-14,4호선,한성대입구(삼선교),7152,7086,14238,66,8,14,일
2022-08-14,4호선,혜화,24532,25454,49986,-922,8,14,일
2022-08-14,4호선,동대문,7076,6681,13757,395,8,14,일
2022-08-14,4호선,동대문역사문화공원(DDP),9976,9045,19021,931,8,14,일
2022-08-14,4호선,충무로,7414,8205,15619,-791,8,14,일
2022-08-14,4호선,명동,13744,14879,28623,-1135,8,14,일
2022-08-14,4호선,회현(남대문시장),8492,8459,16951,33,8,14,일
2022-08-14,4호선,서울역,4547,11263,15810,-6716,8,14,일
2022-08-14,4호선,숙대입구(갈월),7802,7477,15279,325,8,14,일
2022-08-14,4호선,삼각지,3058,4090,7148,-1032,8,14,일
2022-08-14,4호선,신용산,9447,10107,19554,-660,8,14,일
2022-08-14,4호선,이촌(국립중앙박물관),8052,7983,16035,69,8,14,일
2022-08-14,4호선,동작(현충원),710,767,1477,-57,8,14,일
2022-08-14,4호선,총신대입구(이수),9924,10641,20565,-717,8,14,일
2022-08-14,4호선,사당,14757,13322,28079,1435,8,14,일
2022-08-14,4호선,남태령,802,506,1308,296,8,14,일
2022-08-14,5호선,방화,3551,3426,6977,125,8,14,일
2022-08-14,5호선,개화산,2573,2564,5137,9,8,14,일
2022-08-14,5호선,김포공항,7075,7005,14080,70,8,14,일
2022-08-14,5호선,송정,3485,3394,6879,91,8,14,일
2022-08-14,5호선,마곡,3534,3662,7196,-128,8,14,일
2022-08-14,5호선,발산,8659,9455,18114,-796,8,14,일
2022-08-14,5호선,우장산,6772,6874,13646,-102,8,14,일
2022-08-14,5호선,화곡,14049,12925,26974,1124,8,14,일
2022-08-14,5호선,까치산,15450,14642,30092,808,8,14,일
2022-08-14,5호선,신정(은행정),6097,5323,11420,774,8,14,일
2022-08-14,5호선,목동,7619,7644,15263,-25,8,14,일
2022-08-14,5호선,오목교(목동운동장앞),11608,11836,23444,-228,8,14,일
2022-08-14,5호선,양평,2569,2382,4951,187,8,14,일
2022-08-14,5호선,영등포구청,1328,1189,2517,139,8,14,일
2022-08-14,5호선,영등포시장,5381,5578,10959,-197,8,14,일
2022-08-14,5호선,신길,1935,1977,3912,-42,8,14,일
2022-08-14,5호선,여의도,9176,8980,18156,196,8,14,일
2022-08-14,5호선,여의나루,7685,10182,17867,-2497,8,14,일
2022-08-14,5호선,마포,4679,4808,9487,-129,8,14,일
2022-08-14,5호선,공덕,4447,4576,9023,-129,8,14,일
2022-08-14,5호선,애오개,2512,2432,4944,80,8,14,일
2022-08-14,5호선,충정로(경기대입구),1403,1338,2741,65,8,14,일
2022-08-14,5호선,서대문,5004,4847,9851,157,8,14,일
2022-08-14,5호선,광화문(세종문화회관),18111,18439,36550,-328,8,14,일
2022-08-14,5호선,종로3가,9829,9678,19507,151,8,14,일
2022-08-14,5호선,을지로4가,1834,2066,3900,-232,8,14,일
2022-08-14,5호선,동대문역사문화공원(DDP),947,1211,2158,-264,8,14,일
2022-08-14,5호선,청구,1739,1626,3365,113,8,14,일
2022-08-14,5호선,신금호,2823,3057,5880,-234,8,14,일
2022-08-14,5호선,행당,4041,3507,7548,534,8,14,일
2022-08-14,5호선,왕십리(성동구청),2218,2810,5028,-592,8,14,일
2022-08-14,5호선,마장,2688,2620,5308,68,8,14,일
2022-08-14,5호선,답십리,7619,6970,14589,649,8,14,일
2022-08-14,5호선,장한평,7921,7705,15626,216,8,14,일
2022-08-14,5호선,군자(능동),5734,6324,12058,-590,8,14,일
2022-08-14,5호선,아차산(어린이대공원후문),8698,8235,16933,463,8,14,일
2022-08-14,5호선,광나루(장신대),7706,7110,14816,596,8,14,일
2022-08-14,5호선,천호(풍납토성),12200,11677,23877,523,8,14,일
2022-08-14,5호선,강동,8311,8047,16358,264,8,14,일
2022-08-14,5호선,길동,4122,4126,8248,-4,8,14,일
2022-08-14,5호선,굽은다리(강동구민회관앞),5273,4994,10267,279,8,14,일
2022-08-14,5호선,명일,4787,4721,9508,66,8,14,일
2022-08-14,5호선,고덕,3950,3850,7800,100,8,14,일
2022-08-14,5호선,상일동,6383,6157,12540,226,8,14,일
2022-08-14,5호선,둔촌동,4302,4294,8596,8,8,14,일
2022-08-14,5호선,올림픽공원(한국체대),3915,3838,7753,77,8,14,일
2022-08-14,5호선,방이,3829,3563,7392,266,8,14,일
2022-08-14,5호선,오금,1443,1325,2768,118,8,14,일
2022-08-14,5호선,개롱,2814,3022,5836,-208,8,14,일
2022-08-14,5호선,거여,4473,4169,8642,304,8,14,일
2022-08-14,5호선,마천,3306,3349,6655,-43,8,14,일
2022-08-14,5호선,강일,2302,2154,4456,148,8,14,일
2022-08-14,5호선,미사,8921,9106,18027,-185,8,14,일
2022-08-14,5호선,하남풍산,2231,2191,4422,40,8,14,일
2022-08-14,5호선,하남시청(덕풍·신장),4251,4073,8324,178,8,14,일
2022-08-14,5호선,하남검단산,4729,4663,9392,66,8,14,일
2022-08-14,6호선,응암,9055,8791,17846,264,8,14,일
2022-08-14,6호선,역촌,2180,2323,4503,-143,8,14,일
2022-08-14,6호선,불광,3207,2852,6059,355,8,14,일
2022-08-14,6호선,독바위,1508,1641,3149,-133,8,14,일
2022-08-14,6호선,연신내,1,0,1,1,8,14,일
2022-08-14,6호선,구산,3773,2868,6641,905,8,14,일
2022-08-14,6호선,새절(신사),6230,5943,12173,287,8,14,일
2022-08-14,6호선,증산(명지대앞),5206,5211,10417,-5,8,14,일
2022-08-14,6호선,디지털미디어시티,5506,5585,11091,-79,8,14,일
2022-08-14,6호선,월드컵경기장(성산),4712,4722,9434,-10,8,14,일
2022-08-14,6호선,마포구청,7011,6291,13302,720,8,14,일
2022-08-14,6호선,망원,9566,10550,20116,-984,8,14,일
2022-08-14,6호선,합정,9464,9090,18554,374,8,14,일
2022-08-14,6호선,상수,7020,8748,15768,-1728,8,14,일
2022-08-14,6호선,광흥창(서강),4100,3903,8003,197,8,14,일
2022-08-14,6호선,대흥(서강대앞),3870,3871,7741,-1,8,14,일
2022-08-14,6호선,공덕,6680,6230,12910,450,8,14,일
2022-08-14,6호선,효창공원앞,3375,2855,6230,520,8,14,일
2022-08-14,6호선,삼각지,4489,3195,7684,1294,8,14,일
2022-08-14,6호선,녹사평(용산구청),3667,3912,7579,-245,8,14,일
2022-08-14,6호선,이태원,12643,14327,26970,-1684,8,14,일
2022-08-14,6호선,한강진,5582,7034,12616,-1452,8,14,일
2022-08-14,6호선,버티고개,1025,1082,2107,-57,8,14,일
2022-08-14,6호선,약수,1702,1708,3410,-6,8,14,일
2022-08-14,6호선,청구,1718,1654,3372,64,8,14,일
2022-08-14,6호선,신당,4619,4294,8913,325,8,14,일
2022-08-14,6호선,동묘앞,5957,5396,11353,561,8,14,일
2022-08-14,6호선,창신,1599,1325,2924,274,8,14,일
2022-08-14,6호선,보문,3737,3426,7163,311,8,14,일
2022-08-14,6호선,안암(고대병원앞),4471,4458,8929,13,8,14,일
2022-08-14,6호선,고려대(종암),3814,3545,7359,269,8,14,일
2022-08-14,6호선,월곡(동덕여대),4889,4687,9576,202,8,14,일
2022-08-14,6호선,상월곡(한국과학기술연구원),3088,2770,5858,318,8,14,일
2022-08-14,6호선,돌곶이,5488,5034,10522,454,8,14,일
2022-08-14,6호선,석계,6256,6345,12601,-89,8,14,일
2022-08-14,6호선,태릉입구,3145,3247,6392,-102,8,14,일
2022-08-14,6호선,화랑대(서울여대입구),4636,3994,8630,642,8,14,일
2022-08-14,6호선,봉화산(서울의료원),3812,3771,7583,41,8,14,일
2022-08-14,6호선,신내,1,0,1,1,8,14,일
2022-08-14,7호선,장암,1415,1004,2419,411,8,14,일
2022-08-14,7호선,도봉산,4690,6509,11199,-1819,8,14,일
2022-08-14,7호선,수락산,8009,7870,15879,139,8,14,일
2022-08-14,7호선,마들,5982,5503,11485,479,8,14,일
2022-08-14,7호선,노원,11325,11685,23010,-360,8,14,일
2022-08-14,7호선,중계,6236,5655,11891,581,8,14,일
2022-08-14,7호선,하계,8866,8292,17158,574,8,14,일
2022-08-14,7호선,공릉(서울과학기술대),5924,5806,11730,118,8,14,일
2022-08-14,7호선,태릉입구,4596,4332,8928,264,8,14,일
2022-08-14,7호선,먹골,5237,5014,10251,223,8,14,일
2022-08-14,7호선,중화,5355,5146,10501,209,8,14,일
2022-08-14,7호선,상봉(시외버스터미널),8857,8279,17136,578,8,14,일
2022-08-14,7호선,면목,7648,7396,15044,252,8,14,일
2022-08-14,7호선,사가정,8479,7908,16387,571,8,14,일
2022-08-14,7호선,용마산(용마폭포공원),2992,3133,6125,-141,8,14,일
2022-08-14,7호선,중곡,5082,4778,9860,304,8,14,일
2022-08-15,수인선,고색,1684,1815,3499,-131,8,15,월
2022-08-15,중앙선,지평,74,40,114,34,8,15,월
2022-08-15,중앙선,용문,3776,3124,6900,652,8,15,월
2022-08-15,중앙선,원덕,389,305,694,84,8,15,월
2022-08-15,중앙선,양평,2417,1995,4412,422,8,15,월
2022-08-15,중앙선,오빈,269,241,510,28,8,15,월
2022-08-15,중앙선,아신,496,420,916,76,8,15,월
2022-08-15,중앙선,국수,550,481,1031,69,8,15,월
2022-08-15,중앙선,신원,180,114,294,66,8,15,월
2022-08-15,중앙선,양수,1936,1644,3580,292,8,15,월
2022-08-15,중앙선,운길산,834,794,1628,40,8,15,월
2022-08-15,중앙선,팔당,1042,1090,2132,-48,8,15,월
2022-08-15,중앙선,도심,1245,1116,2361,129,8,15,월
2022-08-15,중앙선,덕소,3394,3440,6834,-46,8,15,월
2022-08-15,중앙선,양정,472,423,895,49,8,15,월
2022-08-15,중앙선,도농,5448,5182,10630,266,8,15,월
2022-08-15,중앙선,구리,7353,7571,14924,-218,8,15,월
2022-08-15,중앙선,양원,1327,1291,2618,36,8,15,월
2022-08-15,중앙선,망우,4858,4887,9745,-29,8,15,월
2022-08-15,중앙선,상봉(시외버스터미널),3479,3697,7176,-218,8,15,월
2022-08-15,중앙선,중랑,3313,3256,6569,57,8,15,월
2022-08-15,중앙선,회기,13701,13846,27547,-145,8,15,월
2022-08-15,장항선,신창(순천향대),900,903,1803,-3,8,15,월
2022-08-15,장항선,온양온천,3072,3017,6089,55,8,15,월
2022-08-15,장항선,배방,805,880,1685,-75,8,15,월
2022-08-15,장항선,탕정,592,619,1211,-27,8,15,월
2022-08-15,장항선,아산,3238,2052,5290,1186,8,15,월
2022-08-15,장항선,쌍용(나사렛대),1247,1197,2444,50,8,15,월
2022-08-15,장항선,봉명,526,537,1063,-11,8,15,월
2022-08-15,일산선,대화,7158,6476,13634,682,8,15,월
2022-08-15,일산선,주엽,4844,4820,9664,24,8,15,월
2022-08-15,일산선,정발산,4109,4154,8263,-45,8,15,월
2022-08-15,일산선,마두,3340,3395,6735,-55,8,15,월
2022-08-15,일산선,백석,5273,5103,10376,170,8,15,월
2022-08-15,일산선,대곡,1133,968,2101,165,8,15,월
2022-08-15,일산선,화정,8715,9120,17835,-405,8,15,월
2022-08-15,일산선,원당,5805,5633,11438,172,8,15,월
2022-08-15,일산선,삼송,10699,10615,21314,84,8,15,월
2022-08-15,일산선,지축,1,0,1,1,8,15,월
2022-08-15,일산선,원흥,5311,4968,10279,343,8,15,월
2022-08-15,우이신설선,신설동,1132,1095,2227,37,8,15,월
2022-08-15,우이신설선,보문,872,879,1751,-7,8,15,월
2022-08-15,우이신설선,성신여대입구(돈암),2016,2331,4347,-315,8,15,월
2022-08-15,우이신설선,정릉,2523,2109,4632,414,8,15,월
2022-08-15,우이신설선,북한산보국문,3268,2994,6262,274,8,15,월
2022-08-15,우이신설선,솔샘,2647,2526,5173,121,8,15,월
2022-08-15,우이신설선,삼양사거리,1495,1431,2926,64,8,15,월
2022-08-15,우이신설선,삼양,1195,1255,2450,-60,8,15,월
2022-08-15,우이신설선,화계,1928,1725,3653,203,8,15,월
2022-08-15,우이신설선,가오리,2313,2297,4610,16,8,15,월
2022-08-15,우이신설선,4.19민주묘지,1762,1671,3433,91,8,15,월
2022-08-15,우이신설선,솔밭공원,1352,1363,2715,-11,8,15,월
2022-08-15,우이신설선,북한산우이,2689,2653,5342,36,8,15,월
2022-08-15,안산선,수리산,1956,1762,3718,194,8,15,월
2022-08-15,안산선,오이도,5454,5148,10602,306,8,15,월
2022-08-15,안산선,정왕,4382,4813,9195,-431,8,15,월
2022-08-15,안산선,신길온천,1116,1024,2140,92,8,15,월
2022-08-15,안산선,안산,7473,6968,14441,505,8,15,월
2022-08-15,안산선,초지,2358,2276,4634,82,8,15,월
2022-08-15,안산선,고잔,3923,3692,7615,231,8,15,월
2022-08-15,안산선,중앙,10921,10811,21732,110,8,15,월
2022-08-15,안산선,한대앞,4924,4842,9766,82,8,15,월
2022-08-15,안산선,상록수,8696,8537,17233,159,8,15,월
2022-08-15,안산선,반월,2486,2366,4852,120,8,15,월
2022-08-15,안산선,대야미,2631,2474,5105,157,8,15,월
2022-08-15,안산선,산본,8716,9457,18173,-741,8,15,월
2022-08-15,신림선,관악산(서울대),2797,2781,5578,16,8,15,월
2022-08-15,신림선,서울대벤처타운,4016,4002,8018,14,8,15,월
2022-08-15,신림선,서원,1664,1624,3288,40,8,15,월
2022-08-15,신림선,신림,1007,1362,2369,-355,8,15,월
2022-08-15,신림선,당곡,2040,2101,4141,-61,8,15,월
2022-08-15,신림선,보라매병원,1913,1998,3911,-85,8,15,월
2022-08-15,신림선,보라매공원,957,990,1947,-33,8,15,월
2022-08-15,신림선,보라매,1368,1385,2753,-17,8,15,월
2022-08-15,신림선,서울지방병무청,1141,1350,2491,-209,8,15,월
2022-08-15,신림선,대방,1077,920,1997,157,8,15,월
2022-08-15,신림선,샛강,693,915,1608,-222,8,15,월
2022-08-15,수인선,인천,943,1244,2187,-301,8,15,월
2022-08-15,수인선,신포,1023,1063,2086,-40,8,15,월
2022-08-15,수인선,숭의,1954,1740,3694,214,8,15,월
2022-08-15,수인선,인하대,3014,2873,5887,141,8,15,월
2022-08-15,수인선,송도,1421,1359,2780,62,8,15,월
2022-08-15,수인선,연수,2621,2580,5201,41,8,15,월
2022-08-15,수인선,원인재,2557,2573,5130,-16,8,15,월
2022-08-15,수인선,남동인더스파크,645,743,1388,-98,8,15,월
2022-08-15,수인선,호구포,1824,1892,3716,-68,8,15,월
2022-08-15,수인선,인천논현,2869,2968,5837,-99,8,15,월
2022-08-15,수인선,소래포구,3853,3736,7589,117,8,15,월
2022-08-15,수인선,월곶,1701,1645,3346,56,8,15,월
2022-08-15,수인선,달월,31,36,67,-5,8,15,월
2022-08-15,수인선,사리,2626,2195,4821,431,8,15,월
2022-08-15,수인선,야목,209,164,373,45,8,15,월
2022-08-15,수인선,어천,556,654,1210,-98,8,15,월
2022-08-15,수인선,오목천,1556,1525,3081,31,8,15,월
2022-08-15,분당선,매교,1597,1550,3147,47,8,15,월
2022-08-15,분당선,수원시청,6459,6820,13279,-361,8,15,월
2022-08-15,분당선,매탄권선,2347,2343,4690,4,8,15,월
2022-08-15,분당선,망포,5916,6270,12186,-354,8,15,월
2022-08-15,분당선,영통,4463,4548,9011,-85,8,15,월
2022-08-15,분당선,청명,1815,1888,3703,-73,8,15,월
2022-08-15,분당선,상갈,2802,2858,5660,-56,8,15,월
2022-08-15,분당선,기흥,5112,4753,9865,359,8,15,월
2022-08-15,분당선,신갈,1884,1955,3839,-71,8,15,월
2022-08-15,분당선,구성,2310,2452,4762,-142,8,15,월
2022-08-15,분당선,죽전,7160,7990,15150,-830,8,15,월
2022-08-15,분당선,보정,1153,1107,2260,46,8,15,월
2022-08-15,분당선,이매,2849,2858,5707,-9,8,15,월
2022-08-15,분당선,오리,4980,4347,9327,633,8,15,월
2022-08-15,분당선,미금,7139,7647,14786,-508,8,15,월
2022-08-15,분당선,정자,7075,7604,14679,-529,8,15,월
2022-08-15,분당선,수내,6283,6332,12615,-49,8,15,월
2022-08-15,분당선,서현,13541,13559,27100,-18,8,15,월
2022-08-15,분당선,야탑,13000,13067,26067,-67,8,15,월
2022-08-15,분당선,모란,10830,11485,22315,-655,8,15,월
2022-08-15,분당선,태평,7769,7340,15109,429,8,15,월
2022-08-15,분당선,가천대,3295,4005,7300,-710,8,15,월
2022-08-15,분당선,선정릉,1748,1802,3550,-54,8,15,월
2022-08-15,분당선,강남구청,2599,3124,5723,-525,8,15,월
2022-08-15,분당선,압구정로데오,9241,10206,19447,-965,8,15,월
2022-08-15,분당선,서울숲,5076,5109,10185,-33,8,15,월
2022-08-15,분당선,수원,5461,4124,9585,1337,8,15,월
2022-08-15,분당선,복정,2,0,2,2,8,15,월
2022-08-15,분당선,수서,8571,7715,16286,856,8,15,월
2022-08-15,분당선,대모산입구,2056,2020,4076,36,8,15,월
2022-08-15,분당선,개포동,1785,1830,3615,-45,8,15,월
2022-08-15,분당선,구룡,932,1029,1961,-97,8,15,월
2022-08-15,분당선,도곡,2925,2885,5810,40,8,15,월
2022-08-15,분당선,한티,7636,7855,15491,-219,8,15,월
2022-08-15,분당선,선릉,2663,4138,6801,-1475,8,15,월
2022-08-15,과천선,범계,13595,13438,27033,157,8,15,월
2022-08-15,과천선,평촌,5880,5985,11865,-105,8,15,월
2022-08-15,과천선,인덕원,10303,10395,20698,-92,8,15,월
2022-08-15,과천선,정부과천청사,4190,4322,8512,-132,8,15,월
2022-08-15,과천선,과천,3424,3226,6650,198,8,15,월
2022-08-15,과천선,대공원,2968,3046,6014,-78,8,15,월
2022-08-15,과천선,경마공원,472,470,942,2,8,15,월
2022-08-15,과천선,선바위,3177,3036,6213,141,8,15,월
2022-08-15,공항철도 1호선,영종,2652,2511,5163,141,8,15,월
2022-08-15,공항철도 1호선,인천공항2터미널,3779,3054,6833,725,8,15,월
2022-08-15,공항철도 1호선,인천공항1터미널,9077,7253,16330,1824,8,15,월
2022-08-15,공항철도 1호선,공항화물청사,1074,1175,2249,-101,8,15,월
2022-08-15,공항철도 1호선,운서,5516,6118,11634,-602,8,15,월
2022-08-15,공항철도 1호선,청라국제도시,3240,3188,6428,52,8,15,월
2022-08-15,공항철도 1호선,검암,3354,3431,6785,-77,8,15,월
2022-08-15,공항철도 1호선,계양,5523,5332,10855,191,8,15,월
2022-08-15,공항철도 1호선,김포공항,10965,5318,16283,5647,8,15,월
2022-08-15,공항철도 1호선,마곡나루(서울식물원),2143,2415,4558,-272,8,15,월
2022-08-15,공항철도 1호선,디지털미디어시티,3640,3782,7422,-142,8,15,월
2022-08-15,공항철도 1호선,홍대입구,9487,9222,18709,265,8,15,월
2022-08-15,공항철도 1호선,공덕,1284,1754,3038,-470,8,15,월
2022-08-15,공항철도 1호선,서울역,9502,7613,17115,1889,8,15,월
2022-08-15,경춘선,춘천,1947,1340,3287,607,8,15,월
2022-08-15,경춘선,남춘천,2488,2458,4946,30,8,15,월
2022-08-15,경춘선,김유정,409,366,775,43,8,15,월
2022-08-15,경춘선,강촌,751,411,1162,340,8,15,월
2022-08-15,경춘선,백양리,183,112,295,71,8,15,월
2022-08-15,경춘선,굴봉산,227,137,364,90,8,15,월
2022-08-15,경춘선,가평,2997,2106,5103,891,8,15,월
2022-08-15,경춘선,상천,335,259,594,76,8,15,월
2022-08-15,경춘선,청평,1917,1378,3295,539,8,15,월
2022-08-15,경춘선,대성리,868,718,1586,150,8,15,월
2022-08-15,경춘선,마석,2552,2384,4936,168,8,15,월
2022-08-15,경춘선,천마산,1043,1020,2063,23,8,15,월
2022-08-15,경춘선,평내호평,3353,3262,6615,91,8,15,월
2022-08-15,경춘선,금곡,872,797,1669,75,8,15,월
2022-08-15,경춘선,사릉,1300,1297,2597,3,8,15,월
2022-08-15,경춘선,퇴계원,1858,1776,3634,82,8,15,월
2022-08-15,경춘선,별내,1661,1626,3287,35,8,15,월
2022-08-15,경춘선,갈매,1393,1187,2580,206,8,15,월
2022-08-15,경춘선,신내,968,933,1901,35,8,15,월
2022-08-15,경인선,도화,2241,2148,4389,93,8,15,월
2022-08-15,경인선,중동,4725,4380,9105,345,8,15,월
2022-08-15,경인선,온수(성공회대입구),3424,3220,6644,204,8,15,월
2022-08-15,경인선,도원,1511,1561,3072,-50,8,15,월
2022-08-15,경인선,간석,3144,2877,6021,267,8,15,월
2022-08-15,경인선,부개,4797,4498,9295,299,8,15,월
2022-08-15,경인선,소사,4800,4614,9414,186,8,15,월
2022-08-15,경인선,구일,11450,13667,25117,-2217,8,15,월
2022-08-15,경인선,인천,3785,3286,7071,499,8,15,월
2022-08-15,경인선,동인천,8452,8197,16649,255,8,15,월
2022-08-15,경인선,제물포,5078,4962,10040,116,8,15,월
2022-08-15,경인선,주안,11145,9941,21086,1204,8,15,월
2022-08-15,경인선,동암,9489,9394,18883,95,8,15,월
2022-08-15,경인선,백운,3936,3915,7851,21,8,15,월
2022-08-15,경인선,부평,20773,21196,41969,-423,8,15,월
2022-08-15,경인선,송내,12707,12478,25185,229,8,15,월
2022-08-15,경인선,부천,21413,21355,42768,58,8,15,월
2022-08-15,경인선,역곡,14093,14329,28422,-236,8,15,월
2022-08-15,경인선,오류동,6311,6048,12359,263,8,15,월
2022-08-15,경인선,개봉,12519,11953,24472,566,8,15,월
2022-08-15,경의선,계양,1,0,1,1,8,15,월
2022-08-15,경의선,임진강,50,40,90,10,8,15,월
2022-08-15,경의선,문산,3527,3695,7222,-168,8,15,월
2022-08-15,경의선,파주,632,553,1185,79,8,15,월
2022-08-15,경의선,월롱,1122,2261,3383,-1139,8,15,월
2022-08-15,경의선,금촌,3879,4110,7989,-231,8,15,월
2022-08-15,경의선,금릉,2700,2646,5346,54,8,15,월
2022-08-15,경의선,운정,3539,3464,7003,75,8,15,월
2022-08-15,경의선,야당,4719,4710,9429,9,8,15,월
2022-08-15,경의선,탄현,4030,3750,7780,280,8,15,월
2022-08-15,경의선,일산,4584,4459,9043,125,8,15,월
2022-08-15,경의선,풍산,3104,2975,6079,129,8,15,월
2022-08-15,경의선,백마,3372,3244,6616,128,8,15,월
2022-08-15,경의선,곡산,314,305,619,9,8,15,월
2022-08-15,경의선,능곡,2105,2051,4156,54,8,15,월
2022-08-15,경의선,행신,4583,4179,8762,404,8,15,월
2022-08-15,경의선,강매,1343,1280,2623,63,8,15,월
2022-08-15,경의선,화전,825,825,1650,0,8,15,월
2022-08-15,경의선,수색,1064,1094,2158,-30,8,15,월
2022-08-15,경의선,디지털미디어시티,1416,1283,2699,133,8,15,월
2022-08-15,경의선,가좌,2762,2883,5645,-121,8,15,월
2022-08-15,경의선,홍대입구,1471,1837,3308,-366,8,15,월
2022-08-15,경의선,서강대,1288,1266,2554,22,8,15,월
2022-08-15,경의선,공덕,1729,1518,3247,211,8,15,월
2022-08-15,경의선,효창공원앞,1309,1564,2873,-255,8,15,월
2022-08-15,경의선,신촌,264,296,560,-32,8,15,월
2022-08-15,경의선,서울역,1390,1192,2582,198,8,15,월
2022-08-15,경원선,소요산,3639,2899,6538,740,8,15,월
2022-08-15,경원선,동두천,1377,1616,2993,-239,8,15,월
2022-08-15,경원선,보산,1113,1029,2142,84,8,15,월
2022-08-15,경원선,동두천중앙,2121,2063,4184,58,8,15,월
2022-08-15,경원선,지행,4046,3926,7972,120,8,15,월
2022-08-15,경원선,덕정,3102,3229,6331,-127,8,15,월
2022-08-15,경원선,덕계,1921,1737,3658,184,8,15,월
2022-08-15,경원선,양주,4516,4387,8903,129,8,15,월
2022-08-15,경원선,녹양,2641,2505,5146,136,8,15,월
2022-08-15,경원선,가능,3884,3709,7593,175,8,15,월
2022-08-15,경원선,의정부,12490,12624,25114,-134,8,15,월
2022-08-15,경원선,회룡,7230,6989,14219,241,8,15,월
2022-08-15,경원선,망월사,4388,4492,8880,-104,8,15,월
2022-08-15,경원선,도봉산,5705,4144,9849,1561,8,15,월
2022-08-15,경원선,도봉,3432,3317,6749,115,8,15,월
2022-08-15,경원선,방학,5601,5433,11034,168,8,15,월
2022-08-15,경원선,창동,1,0,1,1,8,15,월
2022-08-15,경원선,녹천,2497,2123,4620,374,8,15,월
2022-08-15,경원선,월계,3597,3376,6973,221,8,15,월
2022-08-15,경원선,광운대,4005,4252,8257,-247,8,15,월
2022-08-15,경원선,석계,4991,5526,10517,-535,8,15,월
2022-08-15,경원선,신이문,4727,4428,9155,299,8,15,월
2022-08-15,경원선,외대앞,4418,4499,8917,-81,8,15,월
2022-08-15,경원선,청량리(서울시립대입구),13786,13134,26920,652,8,15,월
2022-08-15,경원선,왕십리(성동구청),9149,10621,19770,-1472,8,15,월
2022-08-15,경원선,응봉,1037,909,1946,128,8,15,월
2022-08-15,경원선,옥수,53,20,73,33,8,15,월
2022-08-15,경원선,한남,1920,1924,3844,-4,8,15,월
2022-08-15,경원선,서빙고,949,922,1871,27,8,15,월
2022-08-15,경원선,이촌(국립중앙박물관),1916,1631,3547,285,8,15,월
2022-08-15,경부선,광명,3003,1819,4822,1184,8,15,월
2022-08-15,경부선,서동탄,669,646,1315,23,8,15,월
2022-08-15,경부선,당정,2930,2904,5834,26,8,15,월
2022-08-15,경부선,천안,5704,5221,10925,483,8,15,월
2022-08-15,경부선,두정,3791,3989,7780,-198,8,15,월
2022-08-15,경부선,직산,527,514,1041,13,8,15,월
2022-08-15,경부선,성환,2364,2558,4922,-194,8,15,월
2022-08-15,경부선,평택,10466,10464,20930,2,8,15,월
2022-08-15,경부선,평택지제,2955,2767,5722,188,8,15,월
2022-08-15,경부선,서정리,4556,6197,10753,-1641,8,15,월
2022-08-15,경부선,송탄,3064,3741,6805,-677,8,15,월
2022-08-15,경부선,진위,946,972,1918,-26,8,15,월
2022-08-15,경부선,오산,7009,7296,14305,-287,8,15,월
2022-08-15,경부선,오산대,2060,1987,4047,73,8,15,월
2022-08-15,경부선,세마,1680,1586,3266,94,8,15,월
2022-08-15,경부선,병점,8687,9287,17974,-600,8,15,월
2022-08-15,경부선,세류,1967,1862,3829,105,8,15,월
2022-08-15,경부선,독산,6221,6643,12864,-422,8,15,월
2022-08-15,경부선,수원,30568,30043,60611,525,8,15,월
2022-08-15,경부선,화서,3799,3632,7431,167,8,15,월
2022-08-15,경부선,성균관대,7060,7465,14525,-405,8,15,월
2022-08-15,경부선,의왕,4233,4253,8486,-20,8,15,월
2022-08-15,경부선,군포,3098,3088,6186,10,8,15,월
2022-08-15,경부선,금정,13579,14045,27624,-466,8,15,월
2022-08-15,경부선,명학,3290,3232,6522,58,8,15,월
2022-08-15,경부선,안양,12577,12358,24935,219,8,15,월
2022-08-15,경부선,관악,4185,3964,8149,221,8,15,월
2022-08-15,경부선,석수,4693,4380,9073,313,8,15,월
2022-08-15,경부선,금천구청,5838,5881,11719,-43,8,15,월
2022-08-15,경부선,가산디지털단지,4535,6589,11124,-2054,8,15,월
2022-08-15,경부선,구로,9833,9722,19555,111,8,15,월
2022-08-15,경부선,신길,4520,4113,8633,407,8,15,월
2022-08-15,경부선,신도림,1916,2217,4133,-301,8,15,월
2022-08-15,경부선,영등포,33110,32147,65257,963,8,15,월
2022-08-15,경부선,대방,4709,5304,10013,-595,8,15,월
2022-08-15,경부선,노량진,5838,5408,11246,430,8,15,월
2022-08-15,경부선,용산,37600,32545,70145,5055,8,15,월
2022-08-15,경부선,남영,4196,4540,8736,-344,8,15,월
2022-08-15,경부선,서울역,9637,1745,11382,7892,8,15,월
2022-08-15,경강선,여주,2374,2029,4403,345,8,15,월
2022-08-15,경강선,세종대왕릉,282,264,546,18,8,15,월
2022-08-15,경강선,부발,1386,1789,3175,-403,8,15,월
2022-08-15,경강선,이천,1990,2140,4130,-150,8,15,월
2022-08-15,경강선,신둔도예촌,894,824,1718,70,8,15,월
2022-08-15,경강선,곤지암,1367,1451,2818,-84,8,15,월
2022-08-15,경강선,초월,1633,1597,3230,36,8,15,월
2022-08-15,경강선,경기광주,3804,3659,7463,145,8,15,월
2022-08-15,경강선,삼동,1078,1025,2103,53,8,15,월
2022-08-15,경강선,이매,666,528,1194,138,8,15,월
2022-08-15,경강선,판교,2667,2566,5233,101,8,15,월
2022-08-15,9호선2~3단계,중앙보훈병원,3307,3190,6497,117,8,15,월
2022-08-15,9호선2~3단계,둔촌오륜,442,453,895,-11,8,15,월
2022-08-15,9호선2~3단계,올림픽공원(한국체대),2895,3019,5914,-124,8,15,월
2022-08-15,9호선2~3단계,한성백제,1290,1152,2442,138,8,15,월
2022-08-15,9호선2~3단계,송파나루,2753,3017,5770,-264,8,15,월
2022-08-15,9호선2~3단계,석촌,4367,3948,8315,419,8,15,월
2022-08-15,9호선2~3단계,석촌고분,3048,3113,6161,-65,8,15,월
2022-08-15,9호선2~3단계,삼전,3399,3567,6966,-168,8,15,월
2022-08-15,9호선2~3단계,종합운동장,2042,1932,3974,110,8,15,월
2022-08-15,9호선2~3단계,봉은사,8962,8893,17855,69,8,15,월
2022-08-15,9호선2~3단계,삼성중앙,2053,2221,4274,-168,8,15,월
2022-08-15,9호선2~3단계,선정릉,2535,3002,5537,-467,8,15,월
2022-08-15,9호선2~3단계,언주,3240,3383,6623,-143,8,15,월
2022-08-15,9호선,신논현,13416,13098,26514,318,8,15,월
2022-08-15,9호선,사평,1666,1798,3464,-132,8,15,월
2022-08-15,9호선,고속터미널,11069,13296,24365,-2227,8,15,월
2022-08-15,9호선,신반포,1720,1726,3446,-6,8,15,월
2022-08-15,9호선,구반포,394,370,764,24,8,15,월
2022-08-15,9호선,동작(현충원),1016,888,1904,128,8,15,월
2022-08-15,9호선,흑석(중앙대입구),3771,3969,7740,-198,8,15,월
2022-08-15,9호선,노들,2303,2119,4422,184,8,15,월
2022-08-15,9호선,노량진,14439,15385,29824,-946,8,15,월
2022-08-15,9호선,샛강,1941,1950,3891,-9,8,15,월
2022-08-15,9호선,여의도,9970,8744,18714,1226,8,15,월
2022-08-15,9호선,국회의사당,3182,3233,6415,-51,8,15,월
2022-08-15,9호선,당산,7955,8262,16217,-307,8,15,월
2022-08-15,9호선,선유도,2552,2661,5213,-109,8,15,월
2022-08-15,9호선,신목동,1687,1558,3245,129,8,15,월
2022-08-15,9호선,염창,7925,8163,16088,-238,8,15,월
2022-08-15,9호선,등촌,5133,5435,10568,-302,8,15,월
2022-08-15,9호선,증미,3016,3055,6071,-39,8,15,월
2022-08-15,9호선,가양,9299,9668,18967,-369,8,15,월
2022-08-15,9호선,양천향교,3843,4193,8036,-350,8,15,월
2022-08-15,9호선,마곡나루(서울식물원),4720,5070,9790,-350,8,15,월
2022-08-15,9호선,신방화,3385,3416,6801,-31,8,15,월
2022-08-15,9호선,공항시장,1614,1815,3429,-201,8,15,월
2022-08-15,9호선,김포공항,7565,10782,18347,-3217,8,15,월
2022-08-15,9호선,개화,1052,993,2045,59,8,15,월
2022-08-15,8호선,남위례,2378,2587,4965,-209,8,15,월
2022-08-15,8호선,모란,2500,2195,4695,305,8,15,월
2022-08-15,8호선,수진,2786,2652,5438,134,8,15,월
2022-08-15,8호선,신흥,2653,2870,5523,-217,8,15,월
2022-08-15,8호선,단대오거리,5239,5230,10469,9,8,15,월
2022-08-15,8호선,남한산성입구(성남법원.검찰청),6265,5819,12084,446,8,15,월
2022-08-15,8호선,산성,2635,2770,5405,-135,8,15,월
2022-08-15,8호선,복정,3552,3541,7093,11,8,15,월
2022-08-15,8호선,장지,8741,9071,17812,-330,8,15,월
2022-08-15,8호선,문정,4834,5200,10034,-366,8,15,월
2022-08-15,8호선,가락시장,3596,3967,7563,-371,8,15,월
2022-08-15,8호선,송파,4313,4413,8726,-100,8,15,월
2022-08-15,8호선,석촌,3820,4774,8594,-954,8,15,월
2022-08-15,8호선,잠실(송파구청),10893,11728,22621,-835,8,15,월
2022-08-15,8호선,몽촌토성(평화의문),2886,2891,5777,-5,8,15,월
2022-08-15,8호선,강동구청,4394,4483,8877,-89,8,15,월
2022-08-15,8호선,천호(풍납토성),7971,9136,17107,-1165,8,15,월
2022-08-15,8호선,암사,8762,8333,17095,429,8,15,월
2022-08-15,7호선,온수(성공회대입구),3601,3627,7228,-26,8,15,월
2022-08-15,7호선,천왕,4536,4565,9101,-29,8,15,월
2022-08-15,7호선,광명사거리,12196,12179,24375,17,8,15,월
2022-08-15,7호선,철산,9319,9676,18995,-357,8,15,월
2022-08-15,7호선,가산디지털단지,9666,9253,18919,413,8,15,월
2022-08-15,7호선,남구로,6284,6378,12662,-94,8,15,월
2022-08-15,7호선,대림(구로구청),5926,5851,11777,75,8,15,월
2022-08-15,7호선,신풍,5605,5559,11164,46,8,15,월
2022-08-15,7호선,보라매,3140,3193,6333,-53,8,15,월
2022-08-15,7호선,신대방삼거리,6919,7129,14048,-210,8,15,월
2022-08-15,7호선,장승배기,4293,4369,8662,-76,8,15,월
2022-08-15,7호선,상도,5009,5088,10097,-79,8,15,월
2022-08-15,7호선,숭실대입구(살피재),5186,5667,10853,-481,8,15,월
2022-08-15,7호선,남성,5245,5310,10555,-65,8,15,월
2022-08-15,7호선,이수,7301,7075,14376,226,8,15,월
2022-08-15,7호선,내방,5006,5102,10108,-96,8,15,월
2022-08-15,7호선,고속터미널,14759,7078,21837,7681,8,15,월
2022-08-15,7호선,반포,2923,2950,5873,-27,8,15,월
2022-08-15,7호선,논현,5451,5969,11420,-518,8,15,월
2022-08-15,7호선,학동,5261,5640,10901,-379,8,15,월
2022-08-15,7호선,강남구청,4634,5321,9955,-687,8,15,월
2022-08-15,7호선,청담,5862,6478,12340,-616,8,15,월
2022-08-15,7호선,뚝섬유원지,4660,4503,9163,157,8,15,월
2022-08-15,7호선,건대입구,7416,7685,15101,-269,8,15,월
2022-08-15,7호선,어린이대공원(세종대),6326,6304,12630,22,8,15,월
2022-08-15,7호선,군자(능동),7278,6186,13464,1092,8,15,월
2022-08-15,7호선,중곡,4838,4760,9598,78,8,15,월
2022-08-15,7호선,용마산(용마폭포공원),2905,3059,5964,-154,8,15,월
2022-08-15,7호선,사가정,7941,8053,15994,-112,8,15,월
2022-08-15,7호선,면목,7501,7471,14972,30,8,15,월
2022-08-15,7호선,상봉(시외버스터미널),9081,8787,17868,294,8,15,월
2022-08-15,7호선,중화,5134,5149,10283,-15,8,15,월
2022-08-15,7호선,먹골,5239,5317,10556,-78,8,15,월
2022-08-15,7호선,태릉입구,4397,4126,8523,271,8,15,월
2022-08-15,7호선,공릉(서울과학기술대),5655,5800,11455,-145,8,15,월
2022-08-15,7호선,하계,7998,7706,15704,292,8,15,월
2022-08-15,7호선,중계,5973,5653,11626,320,8,15,월
2022-08-15,7호선,노원,10843,11052,21895,-209,8,15,월
2022-08-15,7호선,마들,6084,5824,11908,260,8,15,월
2022-08-15,7호선,수락산,7007,6972,13979,35,8,15,월
2022-08-15,7호선,도봉산,4468,5726,10194,-1258,8,15,월
2022-08-15,7호선,장암,1137,791,1928,346,8,15,월
2022-08-15,6호선,신내,1,0,1,1,8,15,월
2022-08-15,6호선,봉화산(서울의료원),3690,3701,7391,-11,8,15,월
2022-08-15,6호선,화랑대(서울여대입구),4664,4000,8664,664,8,15,월
2022-08-15,6호선,태릉입구,3075,3180,6255,-105,8,15,월
2022-08-15,6호선,석계,6103,6315,12418,-212,8,15,월
2022-08-15,6호선,돌곶이,4397,4203,8600,194,8,15,월
2022-08-15,6호선,상월곡(한국과학기술연구원),3021,2809,5830,212,8,15,월
2022-08-15,6호선,월곡(동덕여대),5419,5518,10937,-99,8,15,월
2022-08-15,6호선,고려대(종암),3562,3705,7267,-143,8,15,월
2022-08-15,6호선,안암(고대병원앞),4436,4821,9257,-385,8,15,월
2022-08-15,6호선,보문,3586,3583,7169,3,8,15,월
2022-08-15,6호선,창신,1516,1366,2882,150,8,15,월
2022-08-15,6호선,동묘앞,4681,4927,9608,-246,8,15,월
2022-08-15,6호선,신당,4556,5440,9996,-884,8,15,월
2022-08-15,6호선,청구,1925,1938,3863,-13,8,15,월
2022-08-15,6호선,약수,1642,1583,3225,59,8,15,월
2022-08-15,6호선,버티고개,971,1054,2025,-83,8,15,월
2022-08-15,6호선,한강진,5142,5728,10870,-586,8,15,월
2022-08-15,6호선,이태원,9633,8478,18111,1155,8,15,월
2022-08-15,6호선,녹사평(용산구청),2827,2907,5734,-80,8,15,월
2022-08-15,6호선,삼각지,3595,2801,6396,794,8,15,월
2022-08-15,6호선,효창공원앞,3249,2953,6202,296,8,15,월
2022-08-15,6호선,공덕,6593,6320,12913,273,8,15,월
2022-08-15,6호선,대흥(서강대앞),3833,3922,7755,-89,8,15,월
2022-08-15,6호선,광흥창(서강),3525,3428,6953,97,8,15,월
2022-08-15,6호선,상수,5533,6404,11937,-871,8,15,월
2022-08-15,6호선,합정,8266,7793,16059,473,8,15,월
2022-08-15,6호선,망원,8027,8874,16901,-847,8,15,월
2022-08-15,6호선,마포구청,6436,6056,12492,380,8,15,월
2022-08-15,6호선,월드컵경기장(성산),4092,4003,8095,89,8,15,월
2022-08-15,6호선,디지털미디어시티,4967,5586,10553,-619,8,15,월
2022-08-15,6호선,증산(명지대앞),5178,5375,10553,-197,8,15,월
2022-08-15,6호선,새절(신사),6122,6033,12155,89,8,15,월
2022-08-15,6호선,구산,3562,2959,6521,603,8,15,월
2022-08-15,6호선,독바위,1448,1664,3112,-216,8,15,월
2022-08-15,6호선,불광,2736,2520,5256,216,8,15,월
2022-08-15,6호선,역촌,1936,2213,4149,-277,8,15,월
2022-08-15,6호선,응암,8794,8997,17791,-203,8,15,월
2022-08-15,5호선,하남검단산,4507,4269,8776,238,8,15,월
2022-08-15,5호선,하남시청(덕풍·신장),3927,3845,7772,82,8,15,월
2022-08-15,5호선,하남풍산,2072,2006,4078,66,8,15,월
2022-08-15,5호선,미사,8747,8782,17529,-35,8,15,월
2022-08-15,5호선,강일,2258,2119,4377,139,8,15,월
2022-08-15,5호선,마천,3308,3430,6738,-122,8,15,월
2022-08-15,5호선,거여,4312,4193,8505,119,8,15,월
2022-08-15,5호선,개롱,2741,2912,5653,-171,8,15,월
2022-08-15,5호선,오금,1353,1358,2711,-5,8,15,월
2022-08-15,5호선,방이,3156,3094,6250,62,8,15,월
2022-08-15,5호선,올림픽공원(한국체대),2056,1860,3916,196,8,15,월
2022-08-15,5호선,둔촌동,3996,4070,8066,-74,8,15,월
2022-08-15,5호선,상일동,6675,6417,13092,258,8,15,월
2022-08-15,5호선,고덕,4312,4341,8653,-29,8,15,월
2022-08-15,5호선,명일,4130,4273,8403,-143,8,15,월
2022-08-15,5호선,굽은다리(강동구민회관앞),5358,5202,10560,156,8,15,월
2022-08-15,5호선,길동,4306,4478,8784,-172,8,15,월
2022-08-15,5호선,강동,8403,8530,16933,-127,8,15,월
2022-08-15,5호선,천호(풍납토성),11804,11324,23128,480,8,15,월
2022-08-15,5호선,광나루(장신대),7032,6737,13769,295,8,15,월
2022-08-15,5호선,아차산(어린이대공원후문),8211,8030,16241,181,8,15,월
2022-08-15,5호선,군자(능동),5634,6541,12175,-907,8,15,월
2022-08-15,5호선,장한평,8323,8672,16995,-349,8,15,월
2022-08-15,5호선,답십리,7538,7295,14833,243,8,15,월
2022-08-15,5호선,마장,2689,2630,5319,59,8,15,월
2022-08-15,5호선,왕십리(성동구청),2488,2880,5368,-392,8,15,월
2022-08-15,5호선,행당,3752,3442,7194,310,8,15,월
2022-08-15,5호선,신금호,2848,3143,5991,-295,8,15,월
2022-08-15,5호선,청구,1813,1798,3611,15,8,15,월
2022-08-15,5호선,동대문역사문화공원(DDP),1061,1180,2241,-119,8,15,월
2022-08-15,5호선,을지로4가,2584,2644,5228,-60,8,15,월
2022-08-15,5호선,종로3가,9919,9207,19126,712,8,15,월
2022-08-15,5호선,광화문(세종문화회관),27998,28630,56628,-632,8,15,월
2022-08-15,5호선,서대문,5176,4548,9724,628,8,15,월
2022-08-15,5호선,충정로(경기대입구),1308,1344,2652,-36,8,15,월
2022-08-15,5호선,애오개,2353,2435,4788,-82,8,15,월
2022-08-15,5호선,공덕,4486,4688,9174,-202,8,15,월
2022-08-15,5호선,마포,4747,4911,9658,-164,8,15,월
2022-08-15,5호선,여의나루,5546,8021,13567,-2475,8,15,월
2022-08-15,5호선,여의도,8976,8792,17768,184,8,15,월
2022-08-15,5호선,신길,1813,2063,3876,-250,8,15,월
2022-08-15,5호선,영등포시장,4831,5124,9955,-293,8,15,월
2022-08-15,5호선,영등포구청,1429,1321,2750,108,8,15,월
2022-08-15,5호선,양평,2407,2552,4959,-145,8,15,월
2022-08-15,5호선,오목교(목동운동장앞),11023,11689,22712,-666,8,15,월
2022-08-15,5호선,목동,7329,7706,15035,-377,8,15,월
2022-08-15,5호선,신정(은행정),6281,5730,12011,551,8,15,월
2022-08-15,5호선,까치산,14734,14668,29402,66,8,15,월
2022-08-15,5호선,화곡,13818,13308,27126,510,8,15,월
2022-08-15,5호선,우장산,6888,7140,14028,-252,8,15,월
2022-08-15,5호선,발산,8538,9289,17827,-751,8,15,월
2022-08-15,5호선,마곡,3656,3898,7554,-242,8,15,월
2022-08-15,5호선,송정,3598,3533,7131,65,8,15,월
2022-08-15,5호선,김포공항,7553,7164,14717,389,8,15,월
2022-08-15,5호선,개화산,2760,2681,5441,79,8,15,월
2022-08-15,5호선,방화,3415,3400,6815,15,8,15,월
2022-08-15,4호선,남태령,600,493,1093,107,8,15,월
2022-08-15,4호선,사당,13082,12189,25271,893,8,15,월
2022-08-15,4호선,총신대입구(이수),9382,10295,19677,-913,8,15,월
2022-08-15,4호선,동작(현충원),800,881,1681,-81,8,15,월
2022-08-15,4호선,이촌(국립중앙박물관),6749,7021,13770,-272,8,15,월
2022-08-15,4호선,신용산,8903,9038,17941,-135,8,15,월
2022-08-15,4호선,삼각지,2670,3667,6337,-997,8,15,월
2022-08-15,4호선,숙대입구(갈월),5920,5795,11715,125,8,15,월
2022-08-15,4호선,서울역,4071,10142,14213,-6071,8,15,월
2022-08-15,4호선,회현(남대문시장),14757,14646,29403,111,8,15,월
2022-08-15,4호선,명동,12067,12259,24326,-192,8,15,월
2022-08-15,4호선,충무로,7915,8778,16693,-863,8,15,월
2022-08-15,4호선,동대문역사문화공원(DDP),9856,8589,18445,1267,8,15,월
2022-08-15,4호선,동대문,12705,13600,26305,-895,8,15,월
2022-08-15,4호선,혜화,20419,21390,41809,-971,8,15,월
2022-08-15,4호선,한성대입구(삼선교),6932,6845,13777,87,8,15,월
2022-08-15,4호선,성신여대입구(돈암),11671,11515,23186,156,8,15,월
2022-08-15,4호선,길음,10029,9868,19897,161,8,15,월
2022-08-15,4호선,미아사거리,15016,14574,29590,442,8,15,월
2022-08-15,4호선,미아(서울사이버대학),7840,7487,15327,353,8,15,월
2022-08-15,4호선,수유(강북구청),18895,18611,37506,284,8,15,월
2022-08-15,4호선,쌍문,14676,13507,28183,1169,8,15,월
2022-08-15,4호선,창동,13656,14341,27997,-685,8,15,월
2022-08-15,4호선,노원,11061,12207,23268,-1146,8,15,월
2022-08-15,4호선,상계,9622,9056,18678,566,8,15,월
2022-08-15,4호선,당고개,5237,4864,10101,373,8,15,월
2022-08-15,3호선,오금,2441,2390,4831,51,8,15,월
2022-08-15,3호선,경찰병원,2580,2799,5379,-219,8,15,월
2022-08-15,3호선,가락시장,4095,4132,8227,-37,8,15,월
2022-08-15,3호선,수서,10399,9875,20274,524,8,15,월
2022-08-15,3호선,일원,3233,3430,6663,-197,8,15,월
2022-08-15,3호선,대청,4107,4165,8272,-58,8,15,월
2022-08-15,3호선,학여울,659,682,1341,-23,8,15,월
2022-08-15,3호선,대치,6197,5699,11896,498,8,15,월
2022-08-15,3호선,도곡,1818,1833,3651,-15,8,15,월
2022-08-15,3호선,매봉,4073,4136,8209,-63,8,15,월
2022-08-15,3호선,양재(서초구청),10894,13071,23965,-2177,8,15,월
2022-08-15,3호선,남부터미널(예술의전당),14281,13292,27573,989,8,15,월
2022-08-15,3호선,교대(법원.검찰청),4234,2739,6973,1495,8,15,월
2022-08-15,3호선,고속터미널,44443,35735,80178,8708,8,15,월
2022-08-15,3호선,잠원,2166,2156,4322,10,8,15,월
2022-08-15,3호선,신사,11749,12021,23770,-272,8,15,월
2022-08-15,3호선,압구정,13503,14291,27794,-788,8,15,월
2022-08-15,3호선,옥수,4650,4860,9510,-210,8,15,월
2022-08-15,3호선,금호,3854,3790,7644,64,8,15,월
2022-08-15,3호선,약수,6141,6140,12281,1,8,15,월
2022-08-15,3호선,동대입구,4568,4961,9529,-393,8,15,월
2022-08-15,3호선,을지로3가,3552,3266,6818,286,8,15,월
2022-08-15,3호선,종로3가,4349,5581,9930,-1232,8,15,월
2022-08-15,3호선,안국,11665,11577,23242,88,8,15,월
2022-08-15,3호선,경복궁(정부서울청사),14283,15750,30033,-1467,8,15,월
2022-08-15,3호선,독립문,5904,6155,12059,-251,8,15,월
2022-08-15,3호선,무악재,1864,1939,3803,-75,8,15,월
2022-08-15,3호선,홍제,8730,8639,17369,91,8,15,월
2022-08-15,3호선,녹번,6850,6385,13235,465,8,15,월
2022-08-15,3호선,연신내,20114,19486,39600,628,8,15,월
2022-08-15,3호선,구파발,10774,11342,22116,-568,8,15,월
2022-08-15,3호선,지축,2581,2371,4952,210,8,15,월
2022-08-15,2호선,용두(동대문구청),1349,1354,2703,-5,8,15,월
2022-08-15,2호선,신정네거리,4950,5086,10036,-136,8,15,월
2022-08-15,2호선,양천구청,3110,3210,6320,-100,8,15,월
2022-08-15,2호선,도림천,570,579,1149,-9,8,15,월
2022-08-15,2호선,신설동,1973,1890,3863,83,8,15,월
2022-08-15,2호선,신답,708,822,1530,-114,8,15,월
2022-08-15,2호선,용답,1620,1583,3203,37,8,15,월
2022-08-15,2호선,충정로(경기대입구),3303,3542,6845,-239,8,15,월
2022-08-15,2호선,아현,5148,5068,10216,80,8,15,월
2022-08-15,2호선,이대,6830,7671,14501,-841,8,15,월
2022-08-15,2호선,신촌,20587,20234,40821,353,8,15,월
2022-08-15,2호선,홍대입구,48242,48442,96684,-200,8,15,월
2022-08-15,2호선,합정,18142,19885,38027,-1743,8,15,월
2022-08-15,2호선,당산,7528,8047,15575,-519,8,15,월
2022-08-15,2호선,영등포구청,7654,8116,15770,-462,8,15,월
2022-08-15,2호선,문래,7222,7766,14988,-544,8,15,월
2022-08-15,2호선,신도림,24602,25156,49758,-554,8,15,월
2022-08-15,2호선,대림(구로구청),13470,14043,27513,-573,8,15,월
2022-08-15,2호선,구로디지털단지,22524,23119,45643,-595,8,15,월
2022-08-15,2호선,신대방,13935,14083,28018,-148,8,15,월
2022-08-15,2호선,신림,32467,32644,65111,-177,8,15,월
2022-08-15,2호선,봉천,11625,11829,23454,-204,8,15,월
2022-08-15,2호선,서울대입구(관악구청),23642,24949,48591,-1307,8,15,월
2022-08-15,2호선,낙성대(강감찬),13387,14181,27568,-794,8,15,월
2022-08-15,2호선,사당,19169,20982,40151,-1813,8,15,월
2022-08-15,2호선,방배,5755,6201,11956,-446,8,15,월
2022-08-15,2호선,서초,5576,4987,10563,589,8,15,월
2022-08-15,2호선,교대(법원.검찰청),10237,11448,21685,-1211,8,15,월
2022-08-15,2호선,강남,30953,29257,60210,1696,8,15,월
2022-08-15,2호선,역삼,10417,11623,22040,-1206,8,15,월
2022-08-15,2호선,선릉,13186,12109,25295,1077,8,15,월
2022-08-15,2호선,삼성(무역센터),20135,19626,39761,509,8,15,월
2022-08-15,2호선,종합운동장,3114,3546,6660,-432,8,15,월
2022-08-15,2호선,잠실새내,11206,11594,22800,-388,8,15,월
2022-08-15,2호선,잠실(송파구청),47082,44389,91471,2693,8,15,월
2022-08-15,2호선,잠실나루,5077,5292,10369,-215,8,15,월
2022-08-15,2호선,강변(동서울터미널),24540,19874,44414,4666,8,15,월
2022-08-15,2호선,구의(광진구청),11216,11496,22712,-280,8,15,월
2022-08-15,2호선,건대입구,23763,25528,49291,-1765,8,15,월
2022-08-15,2호선,성수,14426,15747,30173,-1321,8,15,월
2022-08-15,2호선,뚝섬,8467,8963,17430,-496,8,15,월
2022-08-15,2호선,한양대,2352,2570,4922,-218,8,15,월
2022-08-15,2호선,왕십리(성동구청),8406,7573,15979,833,8,15,월
2022-08-15,2호선,상왕십리,6928,6860,13788,68,8,15,월
2022-08-15,2호선,신당,7897,8640,16537,-743,8,15,월
2022-08-15,2호선,동대문역사문화공원(DDP),8399,9729,18128,-1330,8,15,월
2022-08-15,2호선,을지로4가,5759,5503,11262,256,8,15,월
2022-08-15,2호선,을지로3가,7609,7045,14654,564,8,15,월
2022-08-15,2호선,을지로입구,19197,17122,36319,2075,8,15,월
2022-08-15,2호선,시청,9773,8006,17779,1767,8,15,월
2022-08-15,1호선,동묘앞,7302,7898,15200,-596,8,15,월
2022-08-15,1호선,청량리(서울시립대입구),13636,14305,27941,-669,8,15,월
2022-08-15,1호선,제기동,11834,12488,24322,-654,8,15,월
2022-08-15,1호선,신설동,6500,6685,13185,-185,8,15,월
2022-08-15,1호선,동대문,7840,8053,15893,-213,8,15,월
2022-08-15,1호선,종로5가,15078,14474,29552,604,8,15,월
2022-08-15,1호선,종로3가,17198,15589,32787,1609,8,15,월
2022-08-15,1호선,종각,18931,16095,35026,2836,8,15,월
2022-08-15,1호선,시청,19918,19136,39054,782,8,15,월
2022-08-15,1호선,서울역,32920,29633,62553,3287,8,15,월
2022-08-15,3호선,불광,8833,9862,18695,-1029,8,15,월
2022-08-16,경부선,세마,2749,2687,5436,62,8,16,화
2022-08-16,경부선,오산,9252,9446,18698,-194,8,16,화
2022-08-16,경부선,진위,1715,1554,3269,161,8,16,화
2022-08-16,경부선,송탄,4118,4000,8118,118,8,16,화
2022-08-16,경부선,서정리,6621,6523,13144,98,8,16,화
2022-08-16,경부선,평택지제,3822,3715,7537,107,8,16,화
2022-08-16,경부선,평택,11091,10964,22055,127,8,16,화
2022-08-16,경부선,성환,3242,3291,6533,-49,8,16,화
2022-08-16,경부선,직산,844,841,1685,3,8,16,화
2022-08-16,경부선,두정,5132,5231,10363,-99,8,16,화
2022-08-16,경부선,천안,5026,5460,10486,-434,8,16,화
2022-08-16,경부선,당정,6106,5753,11859,353,8,16,화
2022-08-16,경부선,서동탄,1488,1290,2778,198,8,16,화
2022-08-16,경부선,광명,3835,2983,6818,852,8,16,화
2022-08-16,경원선,이촌(국립중앙박물관),3998,3013,7011,985,8,16,화
2022-08-16,경원선,서빙고,2035,1931,3966,104,8,16,화
2022-08-16,경원선,한남,4154,3961,8115,193,8,16,화
2022-08-16,경원선,옥수,72,44,116,28,8,16,화
2022-08-16,경원선,응봉,1875,1582,3457,293,8,16,화
2022-08-16,경원선,왕십리(성동구청),14120,15923,30043,-1803,8,16,화
2022-08-16,경원선,청량리(서울시립대입구),15645,15640,31285,5,8,16,화
2022-08-16,경원선,외대앞,7535,7538,15073,-3,8,16,화
2022-08-16,경원선,신이문,8390,7680,16070,710,8,16,화
2022-08-16,경원선,석계,7818,8830,16648,-1012,8,16,화
2022-08-16,경원선,광운대,7242,6874,14116,368,8,16,화
2022-08-16,경원선,월계,6207,6002,12209,205,8,16,화
2022-08-16,경원선,녹천,4565,3863,8428,702,8,16,화
2022-08-16,경원선,창동,1,0,1,1,8,16,화
2022-08-16,경원선,방학,9809,9579,19388,230,8,16,화
2022-08-16,경원선,도봉,5957,5847,11804,110,8,16,화
2022-08-16,경원선,도봉산,7264,4680,11944,2584,8,16,화
2022-08-16,경원선,망월사,7393,7465,14858,-72,8,16,화
2022-08-16,경원선,회룡,12499,12416,24915,83,8,16,화
2022-08-16,경원선,의정부,18317,18716,37033,-399,8,16,화
2022-08-16,경원선,가능,6668,6448,13116,220,8,16,화
2022-08-16,경원선,녹양,4467,4198,8665,269,8,16,화
2022-08-16,경원선,양주,7516,7040,14556,476,8,16,화
2022-08-16,경원선,덕계,3305,2881,6186,424,8,16,화
2022-08-16,경원선,덕정,5551,5389,10940,162,8,16,화
2022-08-16,경원선,지행,6582,6350,12932,232,8,16,화
2022-08-16,경원선,동두천중앙,3149,3015,6164,134,8,16,화
2022-08-16,경원선,보산,1574,1382,2956,192,8,16,화
2022-08-16,경원선,동두천,2161,2391,4552,-230,8,16,화
2022-08-16,경원선,소요산,3287,2463,5750,824,8,16,화
2022-08-16,경의선,서울역,4770,5978,10748,-1208,8,16,화
2022-08-16,경의선,신촌,894,1220,2114,-326,8,16,화
2022-08-16,경의선,효창공원앞,2966,3396,6362,-430,8,16,화
2022-08-16,경의선,공덕,3815,3376,7191,439,8,16,화
2022-08-16,경의선,서강대,2165,2125,4290,40,8,16,화
2022-08-16,경의선,홍대입구,1805,2193,3998,-388,8,16,화
2022-08-16,경의선,가좌,5546,5322,10868,224,8,16,화
2022-08-16,경의선,디지털미디어시티,2654,2366,5020,288,8,16,화
2022-08-16,경의선,수색,2948,3042,5990,-94,8,16,화
2022-08-16,경의선,화전,1558,1436,2994,122,8,16,화
2022-08-16,경의선,강매,3238,2742,5980,496,8,16,화
2022-08-16,경의선,행신,8193,8195,16388,-2,8,16,화
2022-08-16,경의선,능곡,3924,3522,7446,402,8,16,화
2022-08-16,경의선,곡산,601,669,1270,-68,8,16,화
2022-08-16,경의선,백마,7087,6849,13936,238,8,16,화
2022-08-16,경의선,풍산,5675,5233,10908,442,8,16,화
2022-08-16,경의선,일산,9509,9086,18595,423,8,16,화
2022-08-16,경의선,탄현,8142,7727,15869,415,8,16,화
2022-08-16,경의선,야당,7925,7926,15851,-1,8,16,화
2022-08-16,경의선,운정,7010,6493,13503,517,8,16,화
2022-08-16,경의선,금릉,5034,4798,9832,236,8,16,화
2022-08-16,경의선,금촌,6759,6720,13479,39,8,16,화
2022-08-16,경의선,월롱,2610,2574,5184,36,8,16,화
2022-08-16,경의선,파주,1174,780,1954,394,8,16,화
2022-08-16,경의선,문산,5460,5259,10719,201,8,16,화
2022-08-16,경의선,임진강,20,11,31,9,8,16,화
2022-08-16,경인선,개봉,20642,20462,41104,180,8,16,화
2022-08-16,경인선,오류동,11658,10759,22417,899,8,16,화
2022-08-16,경인선,역곡,26098,26201,52299,-103,8,16,화
2022-08-16,경인선,부천,31316,31193,62509,123,8,16,화
2022-08-16,경인선,송내,26870,26544,53414,326,8,16,화
2022-08-16,경인선,부평,28155,29850,58005,-1695,8,16,화
2022-08-16,경인선,백운,6842,6701,13543,141,8,16,화
2022-08-16,경인선,동암,15512,15334,30846,178,8,16,화
2022-08-16,경인선,주안,18241,16388,34629,1853,8,16,화
2022-08-16,경인선,제물포,10117,9572,19689,545,8,16,화
2022-08-16,경인선,동인천,12971,12323,25294,648,8,16,화
2022-08-16,경인선,인천,4027,3276,7303,751,8,16,화
2022-08-16,경인선,구일,5982,5828,11810,154,8,16,화
2022-08-16,경인선,소사,8116,8276,16392,-160,8,16,화
2022-08-16,경인선,부개,8698,8140,16838,558,8,16,화
2022-08-16,경인선,간석,5991,5515,11506,476,8,16,화
2022-08-16,경인선,도원,2806,2801,5607,5,8,16,화
2022-08-16,경인선,온수(성공회대입구),6371,5987,12358,384,8,16,화
2022-08-16,경인선,중동,9269,8672,17941,597,8,16,화
2022-08-16,경인선,도화,4124,3752,7876,372,8,16,화
2022-08-16,경춘선,신내,2170,2047,4217,123,8,16,화
2022-08-16,경춘선,갈매,3023,2582,5605,441,8,16,화
2022-08-16,경춘선,별내,3110,2985,6095,125,8,16,화
2022-08-16,경춘선,퇴계원,3528,3171,6699,357,8,16,화
2022-08-16,경춘선,사릉,2356,2284,4640,72,8,16,화
2022-08-16,경춘선,금곡,1514,1508,3022,6,8,16,화
2022-08-16,경춘선,평내호평,6321,6043,12364,278,8,16,화
2022-08-16,경춘선,천마산,1602,1480,3082,122,8,16,화
2022-08-16,경춘선,마석,4035,3916,7951,119,8,16,화
2022-08-16,경춘선,대성리,811,792,1603,19,8,16,화
2022-08-16,경춘선,청평,1971,1916,3887,55,8,16,화
2022-08-16,경춘선,상천,296,289,585,7,8,16,화
2022-08-16,경춘선,가평,2586,2742,5328,-156,8,16,화
2022-08-16,경춘선,굴봉산,135,130,265,5,8,16,화
2022-08-16,경춘선,백양리,126,84,210,42,8,16,화
2022-08-16,경춘선,강촌,463,467,930,-4,8,16,화
2022-08-16,경춘선,김유정,385,365,750,20,8,16,화
2022-08-16,경춘선,남춘천,2367,2426,4793,-59,8,16,화
2022-08-16,경춘선,춘천,1422,1268,2690,154,8,16,화
2022-08-16,공항철도 1호선,서울역,9875,8302,18177,1573,8,16,화
2022-08-16,공항철도 1호선,공덕,2468,3268,5736,-800,8,16,화
2022-08-16,공항철도 1호선,홍대입구,10913,11259,22172,-346,8,16,화
2022-08-16,공항철도 1호선,디지털미디어시티,14443,13519,27962,924,8,16,화
2022-08-16,공항철도 1호선,마곡나루(서울식물원),9749,9106,18855,643,8,16,화
2022-08-16,공항철도 1호선,김포공항,11285,6345,17630,4940,8,16,화
2022-08-16,공항철도 1호선,계양,11193,10475,21668,718,8,16,화
2022-08-16,공항철도 1호선,검암,6730,6613,13343,117,8,16,화
2022-08-16,공항철도 1호선,청라국제도시,7198,6639,13837,559,8,16,화
2022-08-16,공항철도 1호선,운서,7776,8037,15813,-261,8,16,화
2022-08-16,공항철도 1호선,공항화물청사,2323,2528,4851,-205,8,16,화
2022-08-16,공항철도 1호선,인천공항1터미널,8835,7389,16224,1446,8,16,화
2022-08-16,공항철도 1호선,인천공항2터미널,3745,3286,7031,459,8,16,화
2022-08-16,공항철도 1호선,영종,3717,3673,7390,44,8,16,화
2022-08-16,과천선,선바위,7762,6742,14504,1020,8,16,화
2022-08-16,과천선,경마공원,1503,1445,2948,58,8,16,화
2022-08-16,과천선,대공원,2561,2727,5288,-166,8,16,화
2022-08-16,과천선,과천,6579,6059,12638,520,8,16,화
2022-08-16,과천선,정부과천청사,11007,11091,22098,-84,8,16,화
2022-08-16,과천선,인덕원,23536,24569,48105,-1033,8,16,화
2022-08-16,과천선,평촌,17656,17396,35052,260,8,16,화
2022-08-16,과천선,범계,25711,25830,51541,-119,8,16,화
2022-08-16,분당선,선릉,14210,21477,35687,-7267,8,16,화
2022-08-16,분당선,한티,14514,15618,30132,-1104,8,16,화
2022-08-16,분당선,도곡,7092,6903,13995,189,8,16,화
2022-08-16,분당선,구룡,2323,2280,4603,43,8,16,화
2022-08-16,분당선,개포동,4036,4110,8146,-74,8,16,화
2022-08-16,분당선,대모산입구,4624,4456,9080,168,8,16,화
2022-08-16,분당선,수서,14003,13982,27985,21,8,16,화
2022-08-16,분당선,수원,7912,6523,14435,1389,8,16,화
2022-08-16,분당선,서울숲,11517,11836,23353,-319,8,16,화
2022-08-16,분당선,압구정로데오,19146,21367,40513,-2221,8,16,화
2022-08-16,분당선,강남구청,9611,11163,20774,-1552,8,16,화
2022-08-16,분당선,선정릉,8091,8590,16681,-499,8,16,화
2022-08-16,분당선,가천대,6581,7283,13864,-702,8,16,화
2022-08-16,분당선,태평,13609,12969,26578,640,8,16,화
2022-08-16,분당선,모란,19325,19518,38843,-193,8,16,화
2022-08-16,분당선,야탑,25756,26896,52652,-1140,8,16,화
2022-08-16,분당선,서현,25096,25602,50698,-506,8,16,화
2022-08-16,분당선,수내,13974,13873,27847,101,8,16,화
2022-08-16,분당선,정자,18563,19646,38209,-1083,8,16,화
2022-08-16,분당선,미금,15747,16635,32382,-888,8,16,화
2022-08-16,분당선,오리,11676,9522,21198,2154,8,16,화
2022-08-16,분당선,이매,5789,5379,11168,410,8,16,화
2022-08-16,분당선,보정,2513,2308,4821,205,8,16,화
2022-08-16,분당선,죽전,12805,14358,27163,-1553,8,16,화
2022-08-16,분당선,구성,4988,5196,10184,-208,8,16,화
2022-08-16,분당선,신갈,4732,4651,9383,81,8,16,화
2022-08-16,분당선,기흥,10119,9469,19588,650,8,16,화
2022-08-16,분당선,상갈,5231,5106,10337,125,8,16,화
2022-08-16,분당선,청명,4260,4227,8487,33,8,16,화
2022-08-16,분당선,영통,8167,8571,16738,-404,8,16,화
2022-08-16,분당선,망포,14560,13764,28324,796,8,16,화
2022-08-16,분당선,매탄권선,5144,4916,10060,228,8,16,화
2022-08-16,분당선,수원시청,12393,13252,25645,-859,8,16,화
2022-08-16,분당선,매교,3497,3512,7009,-15,8,16,화
2022-08-16,수인선,고색,4510,4166,8676,344,8,16,화
2022-08-16,수인선,오목천,2940,2751,5691,189,8,16,화
2022-08-16,수인선,어천,829,872,1701,-43,8,16,화
2022-08-16,수인선,야목,365,264,629,101,8,16,화
2022-08-16,수인선,사리,4618,3956,8574,662,8,16,화
2022-08-16,수인선,달월,121,79,200,42,8,16,화
2022-08-16,수인선,월곶,2590,2420,5010,170,8,16,화
2022-08-16,수인선,소래포구,4656,4299,8955,357,8,16,화
2022-08-16,수인선,인천논현,5383,5702,11085,-319,8,16,화
2022-08-16,수인선,호구포,4115,4280,8395,-165,8,16,화
2022-08-16,수인선,남동인더스파크,2304,2521,4825,-217,8,16,화
2022-08-16,수인선,원인재,4179,4298,8477,-119,8,16,화
2022-08-16,수인선,연수,4449,4417,8866,32,8,16,화
2022-08-16,수인선,송도,2258,2125,4383,133,8,16,화
2022-08-16,수인선,인하대,5592,5403,10995,189,8,16,화
2022-08-16,수인선,숭의,3896,3547,7443,349,8,16,화
2022-08-16,수인선,신포,1614,1642,3256,-28,8,16,화
2022-08-16,수인선,인천,1122,1663,2785,-541,8,16,화
2022-08-16,신림선,샛강,2228,2570,4798,-342,8,16,화
2022-08-16,신림선,대방,1935,1647,3582,288,8,16,화
2022-08-16,신림선,서울지방병무청,2371,2514,4885,-143,8,16,화
2022-08-16,신림선,보라매,2971,2715,5686,256,8,16,화
2022-08-16,신림선,보라매공원,1891,2082,3973,-191,8,16,화
2022-08-16,신림선,보라매병원,6916,7168,14084,-252,8,16,화
2022-08-16,신림선,당곡,3757,3762,7519,-5,8,16,화
2022-08-16,신림선,신림,1611,2304,3915,-693,8,16,화
2022-08-16,신림선,서원,2793,2513,5306,280,8,16,화
2022-08-16,신림선,서울대벤처타운,6675,6688,13363,-13,8,16,화
2022-08-16,신림선,관악산(서울대),2841,2766,5607,75,8,16,화
2022-08-16,안산선,산본,15622,16884,32506,-1262,8,16,화
2022-08-16,안산선,대야미,4963,4419,9382,544,8,16,화
2022-08-16,안산선,반월,4248,4075,8323,173,8,16,화
2022-08-16,안산선,상록수,15298,15456,30754,-158,8,16,화
2022-08-16,안산선,한대앞,8662,8707,17369,-45,8,16,화
2022-08-16,안산선,중앙,17601,18410,36011,-809,8,16,화
2022-08-16,안산선,고잔,8878,8350,17228,528,8,16,화
2022-08-16,안산선,초지,4679,4674,9353,5,8,16,화
2022-08-16,안산선,안산,11628,10672,22300,956,8,16,화
2022-08-16,안산선,신길온천,1799,1597,3396,202,8,16,화
2022-08-16,안산선,정왕,7660,8135,15795,-475,8,16,화
2022-08-16,안산선,오이도,8362,7954,16316,408,8,16,화
2022-08-16,안산선,수리산,4009,3292,7301,717,8,16,화
2022-08-16,우이신설선,북한산우이,2755,2430,5185,325,8,16,화
2022-08-16,우이신설선,솔밭공원,2509,2480,4989,29,8,16,화
2022-08-16,우이신설선,4.19민주묘지,2914,2770,5684,144,8,16,화
2022-08-16,우이신설선,가오리,4319,4248,8567,71,8,16,화
2022-08-16,우이신설선,화계,3502,3359,6861,143,8,16,화
2022-08-16,우이신설선,삼양,1988,2156,4144,-168,8,16,화
2022-08-16,우이신설선,삼양사거리,2490,2459,4949,31,8,16,화
2022-08-16,우이신설선,솔샘,5750,5489,11239,261,8,16,화
2022-08-16,우이신설선,북한산보국문,5776,5598,11374,178,8,16,화
2022-08-16,우이신설선,정릉,4513,4136,8649,377,8,16,화
2022-08-16,우이신설선,성신여대입구(돈암),3159,3611,6770,-452,8,16,화
2022-08-16,우이신설선,보문,1515,1527,3042,-12,8,16,화
2022-08-16,우이신설선,신설동,2046,1900,3946,146,8,16,화
2022-08-16,일산선,원흥,10939,10409,21348,530,8,16,화
2022-08-16,일산선,삼송,19693,19188,38881,505,8,16,화
2022-08-16,일산선,원당,10902,10250,21152,652,8,16,화
2022-08-16,일산선,화정,16761,17050,33811,-289,8,16,화
2022-08-16,일산선,대곡,2092,1688,3780,404,8,16,화
2022-08-16,일산선,백석,9729,9734,19463,-5,8,16,화
2022-08-16,일산선,마두,7683,7837,15520,-154,8,16,화
2022-08-16,일산선,정발산,7089,7074,14163,15,8,16,화
2022-08-16,일산선,주엽,9505,9372,18877,133,8,16,화
2022-08-16,일산선,대화,13054,10153,23207,2901,8,16,화
2022-08-16,장항선,봉명,1293,1267,2560,26,8,16,화
2022-08-16,장항선,쌍용(나사렛대),1940,1744,3684,196,8,16,화
2022-08-16,장항선,아산,3226,2652,5878,574,8,16,화
2022-08-16,장항선,탕정,899,806,1705,93,8,16,화
2022-08-16,장항선,배방,1037,1033,2070,4,8,16,화
2022-08-16,장항선,온양온천,3501,3573,7074,-72,8,16,화
2022-08-16,장항선,신창(순천향대),1085,1134,2219,-49,8,16,화
2022-08-16,중앙선,회기,23924,23372,47296,552,8,16,화
2022-08-16,중앙선,중랑,5675,5359,11034,316,8,16,화
2022-08-16,중앙선,상봉(시외버스터미널),5669,5586,11255,83,8,16,화
2022-08-16,중앙선,망우,7568,7428,14996,140,8,16,화
2022-08-16,중앙선,양원,3059,2905,5964,154,8,16,화
2022-08-16,중앙선,구리,13194,13295,26489,-101,8,16,화
2022-08-16,중앙선,도농,10990,9983,20973,1007,8,16,화
2022-08-16,중앙선,양정,682,567,1249,115,8,16,화
2022-08-16,중앙선,덕소,5644,5614,11258,30,8,16,화
2022-08-16,중앙선,도심,2561,1961,4522,600,8,16,화
2022-08-16,중앙선,팔당,835,850,1685,-15,8,16,화
2022-08-16,중앙선,운길산,711,690,1401,21,8,16,화
2022-08-16,중앙선,양수,1914,1906,3820,8,8,16,화
2022-08-16,중앙선,신원,183,154,337,29,8,16,화
2022-08-16,중앙선,국수,596,605,1201,-9,8,16,화
2022-08-16,중앙선,아신,575,557,1132,18,8,16,화
2022-08-16,중앙선,오빈,338,315,653,23,8,16,화
2022-08-16,중앙선,양평,3031,2746,5777,285,8,16,화
2022-08-16,중앙선,원덕,353,344,697,9,8,16,화
2022-08-16,중앙선,용문,2003,1927,3930,76,8,16,화
2022-08-16,중앙선,지평,72,60,132,12,8,16,화
2022-08-16,2호선,낙성대(강감찬),27102,26624,53726,478,8,16,화
2022-08-16,2호선,서울대입구(관악구청),45732,45689,91421,43,8,16,화
2022-08-16,2호선,봉천,24163,22715,46878,1448,8,16,화
2022-08-16,2호선,신림,56667,55340,112007,1327,8,16,화
2022-08-16,2호선,신대방,24774,24433,49207,341,8,16,화
2022-08-16,2호선,구로디지털단지,59754,60088,119842,-334,8,16,화
2022-08-16,2호선,대림(구로구청),23795,24398,48193,-603,8,16,화
2022-08-16,2호선,신도림,47002,46447,93449,555,8,16,화
2022-08-16,2호선,문래,22035,22768,44803,-733,8,16,화
2022-08-16,2호선,영등포구청,22092,22769,44861,-677,8,16,화
2022-08-16,2호선,당산,17541,20746,38287,-3205,8,16,화
2022-08-16,2호선,합정,30423,32506,62929,-2083,8,16,화
2022-08-16,2호선,홍대입구,57871,61709,119580,-3838,8,16,화
2022-08-16,2호선,신촌,33855,34586,68441,-731,8,16,화
2022-08-16,2호선,이대,12814,13821,26635,-1007,8,16,화
2022-08-16,2호선,아현,10671,10054,20725,617,8,16,화
2022-08-16,2호선,충정로(경기대입구),9874,10398,20272,-524,8,16,화
2022-08-16,2호선,용답,2701,2602,5303,99,8,16,화
2022-08-16,2호선,신답,1655,1878,3533,-223,8,16,화
2022-08-16,2호선,신설동,3003,2948,5951,55,8,16,화
2022-08-16,2호선,도림천,1347,1420,2767,-73,8,16,화
2022-08-16,2호선,양천구청,6813,7035,13848,-222,8,16,화
2022-08-16,2호선,신정네거리,10188,10509,20697,-321,8,16,화
2022-08-16,2호선,용두(동대문구청),2301,2387,4688,-86,8,16,화
2022-08-16,3호선,지축,5287,5152,10439,135,8,16,화
2022-08-16,3호선,구파발,20834,20311,41145,523,8,16,화
2022-08-16,3호선,연신내,35657,33934,69591,1723,8,16,화
2022-08-16,3호선,불광,15915,16996,32911,-1081,8,16,화
2022-08-16,3호선,녹번,15217,13739,28956,1478,8,16,화
2022-08-16,3호선,홍제,17061,16106,33167,955,8,16,화
2022-08-16,3호선,무악재,3917,3894,7811,23,8,16,화
2022-08-16,3호선,독립문,6713,6961,13674,-248,8,16,화
2022-08-16,3호선,경복궁(정부서울청사),19145,19176,38321,-31,8,16,화
2022-08-16,3호선,안국,21448,22168,43616,-720,8,16,화
2022-08-16,3호선,종로3가,10251,12102,22353,-1851,8,16,화
2022-08-16,3호선,을지로3가,10904,10858,21762,46,8,16,화
2022-08-16,3호선,동대입구,7424,8045,15469,-621,8,16,화
2022-08-16,3호선,약수,12609,12212,24821,397,8,16,화
2022-08-16,3호선,금호,7713,7138,14851,575,8,16,화
2022-08-16,3호선,옥수,8717,9104,17821,-387,8,16,화
2022-08-16,3호선,압구정,32508,34827,67335,-2319,8,16,화
2022-08-16,3호선,신사,28965,30476,59441,-1511,8,16,화
2022-08-16,3호선,잠원,4811,4667,9478,144,8,16,화
2022-08-16,3호선,고속터미널,42803,38857,81660,3946,8,16,화
2022-08-16,3호선,교대(법원.검찰청),14507,9621,24128,4886,8,16,화
2022-08-16,3호선,남부터미널(예술의전당),29061,29280,58341,-219,8,16,화
2022-08-16,3호선,양재(서초구청),35999,39416,75415,-3417,8,16,화
2022-08-16,3호선,매봉,12443,12016,24459,427,8,16,화
2022-08-16,3호선,도곡,5090,5101,10191,-11,8,16,화
2022-08-16,3호선,대치,11273,11142,22415,131,8,16,화
2022-08-16,3호선,학여울,1792,1828,3620,-36,8,16,화
2022-08-16,3호선,대청,10094,9723,19817,371,8,16,화
2022-08-16,3호선,일원,10747,10344,21091,403,8,16,화
2022-08-16,3호선,수서,16581,17096,33677,-515,8,16,화
2022-08-16,3호선,가락시장,8884,8715,17599,169,8,16,화
2022-08-16,3호선,경찰병원,7300,7410,14710,-110,8,16,화
2022-08-16,3호선,오금,6104,5594,11698,510,8,16,화
2022-08-16,4호선,당고개,8801,7826,16627,975,8,16,화
2022-08-16,4호선,상계,18247,17171,35418,1076,8,16,화
2022-08-16,4호선,노원,18212,20750,38962,-2538,8,16,화
2022-08-16,4호선,창동,24412,25964,50376,-1552,8,16,화
2022-08-16,4호선,쌍문,28225,26539,54764,1686,8,16,화
2022-08-16,4호선,수유(강북구청),32716,33140,65856,-424,8,16,화
2022-08-16,4호선,미아(서울사이버대학),14541,14169,28710,372,8,16,화
2022-08-16,4호선,미아사거리,26237,25888,52125,349,8,16,화
2022-08-16,4호선,길음,19896,19835,39731,61,8,16,화
2022-08-16,4호선,성신여대입구(돈암),19040,18750,37790,290,8,16,화
2022-08-16,4호선,한성대입구(삼선교),12603,12217,24820,386,8,16,화
2022-08-16,4호선,혜화,30718,31023,61741,-305,8,16,화
2022-08-16,4호선,동대문,20391,20788,41179,-397,8,16,화
2022-08-16,4호선,동대문역사문화공원(DDP),15268,13532,28800,1736,8,16,화
2022-08-16,4호선,충무로,25755,27327,53082,-1572,8,16,화
2022-08-16,4호선,명동,20039,21107,41146,-1068,8,16,화
2022-08-16,4호선,회현(남대문시장),25189,26484,51673,-1295,8,16,화
2022-08-16,4호선,서울역,11483,17342,28825,-5859,8,16,화
2022-08-16,4호선,숙대입구(갈월),12912,12570,25482,342,8,16,화
2022-08-16,4호선,삼각지,5130,5823,10953,-693,8,16,화
2022-08-16,4호선,신용산,18452,19026,37478,-574,8,16,화
2022-08-16,4호선,이촌(국립중앙박물관),9153,10013,19166,-860,8,16,화
2022-08-16,4호선,동작(현충원),1279,1383,2662,-104,8,16,화
2022-08-16,4호선,총신대입구(이수),18094,19994,38088,-1900,8,16,화
2022-08-16,4호선,사당,22776,20096,42872,2680,8,16,화
2022-08-16,4호선,남태령,1199,993,2192,206,8,16,화
2022-08-16,5호선,방화,6825,6580,13405,245,8,16,화
2022-08-16,5호선,개화산,5640,5443,11083,197,8,16,화
2022-08-16,5호선,김포공항,7542,6865,14407,677,8,16,화
2022-08-16,5호선,송정,6489,6000,12489,489,8,16,화
2022-08-16,7호선,도봉산,8743,9754,18497,-1011,8,16,화
2022-08-16,7호선,수락산,12430,12362,24792,68,8,16,화
2022-08-16,7호선,마들,12572,11998,24570,574,8,16,화
2022-08-16,7호선,노원,20206,21240,41446,-1034,8,16,화
2022-08-16,7호선,중계,13811,12478,26289,1333,8,16,화
2022-08-16,7호선,하계,17135,15954,33089,1181,8,16,화
2022-08-16,7호선,공릉(서울과학기술대),11054,11181,22235,-127,8,16,화
2022-08-16,7호선,태릉입구,8115,7717,15832,398,8,16,화
2022-08-16,7호선,먹골,9942,10016,19958,-74,8,16,화
2022-08-16,7호선,중화,10435,10276,20711,159,8,16,화
2022-08-16,7호선,상봉(시외버스터미널),16406,15704,32110,702,8,16,화
2022-08-16,7호선,면목,14759,14443,29202,316,8,16,화
2022-08-16,7호선,사가정,15668,15761,31429,-93,8,16,화
2022-08-16,7호선,용마산(용마폭포공원),5814,5678,11492,136,8,16,화
2022-08-16,7호선,중곡,10433,9859,20292,574,8,16,화
2022-08-16,7호선,군자(능동),14805,11989,26794,2816,8,16,화
2022-08-16,7호선,어린이대공원(세종대),12552,12660,25212,-108,8,16,화
2022-08-16,7호선,건대입구,11972,12610,24582,-638,8,16,화
2022-08-16,7호선,뚝섬유원지,9236,8816,18052,420,8,16,화
2022-08-16,7호선,청담,20381,22408,42789,-2027,8,16,화
2022-08-16,7호선,강남구청,17179,18777,35956,-1598,8,16,화
2022-08-16,7호선,학동,24520,25712,50232,-1192,8,16,화
2022-08-16,7호선,논현,19148,20219,39367,-1071,8,16,화
2022-08-16,7호선,반포,5969,5760,11729,209,8,16,화
2022-08-16,7호선,고속터미널,16542,13042,29584,3500,8,16,화
2022-08-16,7호선,내방,14809,15028,29837,-219,8,16,화
2022-08-16,7호선,이수,15768,14969,30737,799,8,16,화
2022-08-16,7호선,남성,11227,10661,21888,566,8,16,화
2022-08-16,7호선,숭실대입구(살피재),11533,11858,23391,-325,8,16,화
2022-08-16,7호선,상도,10828,10641,21469,187,8,16,화
2022-08-16,7호선,장승배기,9273,9200,18473,73,8,16,화
2022-08-16,7호선,신대방삼거리,14843,14377,29220,466,8,16,화
2022-08-16,7호선,보라매,7440,7771,15211,-331,8,16,화
2022-08-16,7호선,신풍,11539,10978,22517,561,8,16,화
2022-08-16,7호선,대림(구로구청),8350,8355,16705,-5,8,16,화
2022-08-16,7호선,남구로,16151,16632,32783,-481,8,16,화
2022-08-16,7호선,가산디지털단지,44973,45077,90050,-104,8,16,화
2022-08-16,7호선,철산,20845,21145,41990,-300,8,16,화
2022-08-16,7호선,광명사거리,21055,20946,42001,109,8,16,화
2022-08-16,7호선,천왕,11539,10966,22505,573,8,16,화
2022-08-16,7호선,온수(성공회대입구),9804,9013,18817,791,8,16,화
2022-08-16,8호선,암사,18713,16673,35386,2040,8,16,화
2022-08-16,8호선,천호(풍납토성),14452,16556,31008,-2104,8,16,화
2022-08-16,8호선,강동구청,10228,10553,20781,-325,8,16,화
2022-08-16,8호선,몽촌토성(평화의문),6010,6242,12252,-232,8,16,화
2022-08-16,8호선,잠실(송파구청),14273,16765,31038,-2492,8,16,화
2022-08-16,8호선,석촌,7471,8593,16064,-1122,8,16,화
2022-08-16,8호선,송파,8511,8272,16783,239,8,16,화
2022-08-16,8호선,가락시장,7452,8270,15722,-818,8,16,화
2022-08-16,8호선,문정,21749,22877,44626,-1128,8,16,화
2022-08-16,8호선,장지,16672,16032,32704,640,8,16,화
2022-08-16,8호선,복정,8819,7546,16365,1273,8,16,화
2022-08-16,8호선,산성,5070,5144,10214,-74,8,16,화
2022-08-16,8호선,남한산성입구(성남법원.검찰청),13629,12260,25889,1369,8,16,화
2022-08-16,8호선,단대오거리,10261,10137,20398,124,8,16,화
2022-08-16,8호선,신흥,4123,4560,8683,-437,8,16,화
2022-08-16,8호선,수진,5245,4855,10100,390,8,16,화
2022-08-16,8호선,모란,4433,3578,8011,855,8,16,화
2022-08-16,8호선,남위례,5281,5413,10694,-132,8,16,화
2022-08-16,9호선,개화,2808,1919,4727,889,8,16,화
2022-08-16,9호선,김포공항,7302,10475,17777,-3173,8,16,화
2022-08-16,9호선,공항시장,2985,3263,6248,-278,8,16,화
2022-08-16,9호선,신방화,6687,6643,13330,44,8,16,화
2022-08-16,9호선,마곡나루(서울식물원),12164,12269,24433,-105,8,16,화
2022-08-16,9호선,양천향교,9625,9867,19492,-242,8,16,화
2022-08-16,5호선,굽은다리(강동구민회관앞),9481,9064,18545,417,8,16,화
2022-08-16,5호선,길동,7991,8474,16465,-483,8,16,화
2022-08-16,5호선,강동,18588,17654,36242,934,8,16,화
2022-08-16,5호선,천호(풍납토성),17801,17934,35735,-133,8,16,화
2022-08-16,5호선,광나루(장신대),12822,11706,24528,1116,8,16,화
2022-08-16,5호선,아차산(어린이대공원후문),13928,13392,27320,536,8,16,화
2022-08-16,6호선,신당,7725,8261,15986,-536,8,16,화
2022-08-16,7호선,장암,2354,940,3294,1414,8,16,화
2022-08-16,6호선,봉화산(서울의료원),8877,8427,17304,450,8,16,화
2022-08-16,9호선,사평,3761,3700,7461,61,8,16,화
2022-08-16,1호선,서울역,48749,44367,93116,4382,8,16,화
2022-08-16,1호선,시청,22703,23176,45879,-473,8,16,화
2022-08-16,1호선,종각,36681,36104,72785,577,8,16,화
2022-08-16,1호선,종로3가,25808,23847,49655,1961,8,16,화
2022-08-16,1호선,종로5가,22540,22619,45159,-79,8,16,화
2022-08-16,1호선,동대문,10886,10419,21305,467,8,16,화
2022-08-16,1호선,신설동,12806,12638,25444,168,8,16,화
2022-08-16,1호선,제기동,16618,17021,33639,-403,8,16,화
2022-08-16,1호선,청량리(서울시립대입구),19435,19268,38703,167,8,16,화
2022-08-16,1호선,동묘앞,7241,7644,14885,-403,8,16,화
2022-08-16,2호선,시청,23059,22450,45509,609,8,16,화
2022-08-16,2호선,을지로입구,41815,42761,84576,-946,8,16,화
2022-08-16,2호선,을지로3가,23217,23540,46757,-323,8,16,화
2022-08-16,2호선,을지로4가,13821,13694,27515,127,8,16,화
2022-08-16,2호선,동대문역사문화공원(DDP),12485,13849,26334,-1364,8,16,화
2022-08-16,2호선,신당,13686,14084,27770,-398,8,16,화
2022-08-16,2호선,상왕십리,14336,13816,28152,520,8,16,화
2022-08-16,2호선,왕십리(성동구청),15597,12959,28556,2638,8,16,화
2022-08-16,2호선,한양대,7191,7940,15131,-749,8,16,화
2022-08-16,2호선,뚝섬,22501,24602,47103,-2101,8,16,화
2022-08-16,2호선,성수,38004,41463,79467,-3459,8,16,화
2022-08-16,2호선,건대입구,33059,35874,68933,-2815,8,16,화
2022-08-16,2호선,구의(광진구청),23479,23194,46673,285,8,16,화
2022-08-16,2호선,강변(동서울터미널),33079,29809,62888,3270,8,16,화
2022-08-16,5호선,상일동,14785,13621,28406,1164,8,16,화
2022-08-16,5호선,고덕,9781,9806,19587,-25,8,16,화
2022-08-16,5호선,명일,8632,8948,17580,-316,8,16,화
2022-08-16,2호선,잠실나루,14561,14499,29060,62,8,16,화
2022-08-16,2호선,잠실(송파구청),71939,71560,143499,379,8,16,화
2022-08-16,2호선,잠실새내,21711,21940,43651,-229,8,16,화
2022-08-16,2호선,종합운동장,11804,12905,24709,-1101,8,16,화
2022-08-16,2호선,삼성(무역센터),52960,53705,106665,-745,8,16,화
2022-08-16,2호선,선릉,59798,52947,112745,6851,8,16,화
2022-08-16,2호선,역삼,54550,61601,116151,-7051,8,16,화
2022-08-16,2호선,강남,82384,79412,161796,2972,8,16,화
2022-08-16,2호선,교대(법원.검찰청),34038,38224,72262,-4186,8,16,화
2022-08-16,2호선,서초,21440,20782,42222,658,8,16,화
2022-08-16,2호선,방배,16066,16551,32617,-485,8,16,화
2022-08-16,2호선,사당,38163,39974,78137,-1811,8,16,화
2022-08-16,9호선,가양,20962,20607,41569,355,8,16,화
2022-08-16,9호선,증미,7747,7566,15313,181,8,16,화
2022-08-16,9호선,등촌,11875,11654,23529,221,8,16,화
2022-08-16,9호선,염창,17547,17089,34636,458,8,16,화
2022-08-16,9호선,신목동,4268,3650,7918,618,8,16,화
2022-08-16,9호선,선유도,8836,8476,17312,360,8,16,화
2022-08-16,9호선,당산,18415,18995,37410,-580,8,16,화
2022-08-16,9호선,국회의사당,16816,17472,34288,-656,8,16,화
2022-08-16,9호선,여의도,29137,28036,57173,1101,8,16,화
2022-08-16,9호선,샛강,6332,6417,12749,-85,8,16,화
2022-08-16,9호선,노량진,23999,23926,47925,73,8,16,화
2022-08-16,9호선,노들,4733,4014,8747,719,8,16,화
2022-08-16,9호선,흑석(중앙대입구),7950,8471,16421,-521,8,16,화
2022-08-16,9호선,동작(현충원),1660,1289,2949,371,8,16,화
2022-08-16,9호선,구반포,1209,1207,2416,2,8,16,화
2022-08-16,9호선,신반포,3739,3733,7472,6,8,16,화
2022-08-16,9호선,고속터미널,13319,15948,29267,-2629,8,16,화
2022-08-16,9호선,신논현,30165,29868,60033,297,8,16,화
2022-08-16,9호선2~3단계,언주,11032,11521,22553,-489,8,16,화
2022-08-16,5호선,마곡,10920,11011,21931,-91,8,16,화
2022-08-16,5호선,발산,21208,22043,43251,-835,8,16,화
2022-08-16,5호선,우장산,14813,14535,29348,278,8,16,화
2022-08-16,5호선,화곡,28643,26733,55376,1910,8,16,화
2022-08-16,5호선,까치산,28615,27264,55879,1351,8,16,화
2022-08-16,5호선,신정(은행정),13818,11259,25077,2559,8,16,화
2022-08-16,5호선,목동,16644,18112,34756,-1468,8,16,화
2022-08-16,5호선,오목교(목동운동장앞),21582,23064,44646,-1482,8,16,화
2022-08-16,5호선,양평,7431,7319,14750,112,8,16,화
2022-08-16,5호선,영등포구청,4100,4194,8294,-94,8,16,화
2022-08-16,5호선,영등포시장,10046,10385,20431,-339,8,16,화
2022-08-16,5호선,신길,4197,4354,8551,-157,8,16,화
2022-08-16,5호선,여의도,29110,30830,59940,-1720,8,16,화
2022-08-16,5호선,여의나루,12440,13748,26188,-1308,8,16,화
2022-08-16,5호선,마포,14301,14565,28866,-264,8,16,화
2022-08-16,5호선,공덕,14312,14942,29254,-630,8,16,화
2022-08-16,5호선,애오개,6643,6645,13288,-2,8,16,화
2022-08-16,5호선,충정로(경기대입구),4617,4655,9272,-38,8,16,화
2022-08-16,5호선,서대문,19363,19867,39230,-504,8,16,화
2022-08-16,5호선,광화문(세종문화회관),31109,32359,63468,-1250,8,16,화
2022-08-16,5호선,종로3가,12637,12584,25221,53,8,16,화
2022-08-16,5호선,을지로4가,6276,6463,12739,-187,8,16,화
2022-08-16,5호선,동대문역사문화공원(DDP),3212,3701,6913,-489,8,16,화
2022-08-16,5호선,청구,3882,3550,7432,332,8,16,화
2022-08-16,5호선,신금호,6147,6523,12670,-376,8,16,화
2022-08-16,5호선,행당,8151,7299,15450,852,8,16,화
2022-08-16,5호선,왕십리(성동구청),4416,5021,9437,-605,8,16,화
2022-08-16,5호선,마장,5512,5113,10625,399,8,16,화
2022-08-16,5호선,답십리,16031,14707,30738,1324,8,16,화
2022-08-16,5호선,장한평,18221,18119,36340,102,8,16,화
2022-08-16,5호선,군자(능동),10794,11899,22693,-1105,8,16,화
2022-08-16,6호선,화랑대(서울여대입구),11100,8760,19860,2340,8,16,화
2022-08-16,6호선,태릉입구,5431,5788,11219,-357,8,16,화
2022-08-16,6호선,석계,12030,12439,24469,-409,8,16,화
2022-08-16,6호선,돌곶이,9284,8632,17916,652,8,16,화
2022-08-16,6호선,상월곡(한국과학기술연구원),6063,5447,11510,616,8,16,화
2022-08-16,6호선,월곡(동덕여대),11579,11552,23131,27,8,16,화
2022-08-16,6호선,고려대(종암),7813,7523,15336,290,8,16,화
2022-08-16,6호선,안암(고대병원앞),10482,10583,21065,-101,8,16,화
2022-08-16,6호선,보문,7274,6697,13971,577,8,16,화
2022-08-16,6호선,창신,3353,2642,5995,711,8,16,화
2022-08-16,6호선,동묘앞,8039,8189,16228,-150,8,16,화
2022-08-16,5호선,둔촌동,7967,8101,16068,-134,8,16,화
2022-08-16,5호선,올림픽공원(한국체대),4212,3572,7784,640,8,16,화
2022-08-16,5호선,방이,6815,7121,13936,-306,8,16,화
2022-08-16,5호선,오금,3736,3734,7470,2,8,16,화
2022-08-16,5호선,개롱,6347,6702,13049,-355,8,16,화
2022-08-16,5호선,거여,9954,9510,19464,444,8,16,화
2022-08-16,5호선,마천,7222,6937,14159,285,8,16,화
2022-08-16,5호선,강일,4553,4456,9009,97,8,16,화
2022-08-16,5호선,미사,16251,16461,32712,-210,8,16,화
2022-08-16,5호선,하남풍산,4112,4142,8254,-30,8,16,화
2022-08-16,5호선,하남시청(덕풍·신장),6802,6551,13353,251,8,16,화
2022-08-16,5호선,하남검단산,5816,5491,11307,325,8,16,화
2022-08-16,6호선,응암,16948,17189,34137,-241,8,16,화
2022-08-16,6호선,역촌,3861,4271,8132,-410,8,16,화
2022-08-16,6호선,불광,4370,4285,8655,85,8,16,화
2022-08-16,6호선,독바위,2785,2903,5688,-118,8,16,화
2022-08-16,6호선,연신내,1,0,1,1,8,16,화
2022-08-16,6호선,구산,7832,6009,13841,1823,8,16,화
2022-08-16,6호선,새절(신사),12242,11474,23716,768,8,16,화
2022-08-16,6호선,증산(명지대앞),9740,9725,19465,15,8,16,화
2022-08-16,6호선,디지털미디어시티,14325,16005,30330,-1680,8,16,화
2022-08-16,6호선,월드컵경기장(성산),4391,4643,9034,-252,8,16,화
2022-08-16,6호선,마포구청,14278,12879,27157,1399,8,16,화
2022-08-16,6호선,망원,13650,14690,28340,-1040,8,16,화
2022-08-16,6호선,합정,12903,12663,25566,240,8,16,화
2022-08-16,6호선,상수,8513,9740,18253,-1227,8,16,화
2022-08-16,6호선,광흥창(서강),9511,9063,18574,448,8,16,화
2022-08-16,6호선,대흥(서강대앞),8409,8683,17092,-274,8,16,화
2022-08-16,6호선,공덕,18617,18357,36974,260,8,16,화
2022-08-16,6호선,효창공원앞,6972,6190,13162,782,8,16,화
2022-08-16,6호선,삼각지,6732,5515,12247,1217,8,16,화
2022-08-16,6호선,녹사평(용산구청),4692,4680,9372,12,8,16,화
2022-08-16,6호선,이태원,10367,10842,21209,-475,8,16,화
2022-08-16,6호선,한강진,8511,9687,18198,-1176,8,16,화
2022-08-16,6호선,버티고개,2042,2117,4159,-75,8,16,화
2022-08-16,6호선,약수,3472,3580,7052,-108,8,16,화
2022-08-16,6호선,청구,3598,3750,7348,-152,8,16,화
2022-08-16,9호선2~3단계,선정릉,10423,11487,21910,-1064,8,16,화
2022-08-16,9호선2~3단계,삼성중앙,7454,8007,15461,-553,8,16,화
2022-08-16,9호선2~3단계,봉은사,17553,17781,35334,-228,8,16,화
2022-08-16,9호선2~3단계,종합운동장,4656,4593,9249,63,8,16,화
2022-08-16,9호선2~3단계,삼전,7067,6832,13899,235,8,16,화
2022-08-16,9호선2~3단계,석촌고분,6338,6305,12643,33,8,16,화
2022-08-16,9호선2~3단계,석촌,8726,7805,16531,921,8,16,화
2022-08-16,9호선2~3단계,송파나루,5071,5471,10542,-400,8,16,화
2022-08-16,9호선2~3단계,한성백제,2696,2402,5098,294,8,16,화
2022-08-16,9호선2~3단계,올림픽공원(한국체대),6029,6227,12256,-198,8,16,화
2022-08-16,9호선2~3단계,둔촌오륜,1152,1097,2249,55,8,16,화
2022-08-16,9호선2~3단계,중앙보훈병원,11441,10307,21748,1134,8,16,화
2022-08-16,경강선,판교,5201,5224,10425,-23,8,16,화
2022-08-16,경강선,이매,1141,973,2114,168,8,16,화
2022-08-16,경강선,삼동,2520,2360,4880,160,8,16,화
2022-08-16,경강선,경기광주,7934,7459,15393,475,8,16,화
2022-08-16,경강선,초월,3252,3084,6336,168,8,16,화
2022-08-16,경강선,곤지암,2146,2102,4248,44,8,16,화
2022-08-16,경강선,신둔도예촌,1477,1357,2834,120,8,16,화
2022-08-16,경강선,이천,2700,2715,5415,-15,8,16,화
2022-08-16,경강선,부발,2013,2015,4028,-2,8,16,화
2022-08-16,경강선,세종대왕릉,374,346,720,28,8,16,화
2022-08-16,경강선,여주,2131,2105,4236,26,8,16,화
2022-08-16,경부선,서울역,8912,2267,11179,6645,8,16,화
2022-08-16,경부선,남영,9419,9750,19169,-331,8,16,화
2022-08-16,경부선,용산,39149,38425,77574,724,8,16,화
2022-08-16,경부선,노량진,7579,7195,14774,384,8,16,화
2022-08-16,경부선,대방,10727,11742,22469,-1015,8,16,화
2022-08-16,경부선,영등포,37863,38591,76454,-728,8,16,화
2022-08-16,경부선,신도림,4002,4045,8047,-43,8,16,화
2022-08-16,경부선,신길,9032,7732,16764,1300,8,16,화
2022-08-16,경부선,구로,18113,18180,36293,-67,8,16,화
2022-08-16,경부선,가산디지털단지,18135,21020,39155,-2885,8,16,화
2022-08-16,경부선,금천구청,11095,11126,22221,-31,8,16,화
2022-08-16,경부선,석수,9121,8283,17404,838,8,16,화
2022-08-16,경부선,관악,7045,6732,13777,313,8,16,화
2022-08-16,경부선,안양,20862,20507,41369,355,8,16,화
2022-08-16,경부선,명학,8993,8763,17756,230,8,16,화
2022-08-16,경부선,금정,26705,27397,54102,-692,8,16,화
2022-08-16,경부선,군포,7515,7413,14928,102,8,16,화
2022-08-16,경부선,의왕,8504,8671,17175,-167,8,16,화
2022-08-16,경부선,성균관대,13519,13521,27040,-2,8,16,화
2022-08-16,경부선,화서,7930,7651,15581,279,8,16,화
2022-08-16,경부선,수원,33242,34982,68224,-1740,8,16,화
2022-08-16,경부선,독산,18485,19144,37629,-659,8,16,화
2022-08-16,경부선,세류,3090,2792,5882,298,8,16,화
2022-08-16,경부선,병점,13805,13531,27336,274,8,16,화
2022-08-16,경부선,오산대,3359,3054,6413,305,8,16,화
2022-08-17,6호선,화랑대(서울여대입구),11551,8944,20495,2607,8,17,수
2022-08-17,6호선,봉화산(서울의료원),9086,8500,17586,586,8,17,수
2022-08-17,7호선,장암,2418,944,3362,1474,8,17,수
2022-08-17,7호선,도봉산,9005,10126,19131,-1121,8,17,수
2022-08-17,7호선,수락산,12846,12750,25596,96,8,17,수
2022-08-17,7호선,마들,13139,12306,25445,833,8,17,수
2022-08-17,7호선,노원,20537,21148,41685,-611,8,17,수
2022-08-17,7호선,중계,14117,12775,26892,1342,8,17,수
2022-08-17,7호선,하계,18130,17106,35236,1024,8,17,수
2022-08-17,7호선,공릉(서울과학기술대),11290,11321,22611,-31,8,17,수
2022-08-17,7호선,태릉입구,8582,8084,16666,498,8,17,수
2022-08-17,7호선,먹골,10320,10100,20420,220,8,17,수
2022-08-17,7호선,중화,10660,10394,21054,266,8,17,수
2022-08-17,7호선,상봉(시외버스터미널),16696,15766,32462,930,8,17,수
2022-08-17,7호선,면목,15113,14793,29906,320,8,17,수
2022-08-17,7호선,사가정,15735,15751,31486,-16,8,17,수
2022-08-17,7호선,용마산(용마폭포공원),6030,5883,11913,147,8,17,수
2022-08-17,7호선,중곡,11063,10282,21345,781,8,17,수
2022-08-17,7호선,군자(능동),15363,12302,27665,3061,8,17,수
2022-08-17,7호선,어린이대공원(세종대),12480,12699,25179,-219,8,17,수
2022-08-17,7호선,건대입구,12431,12846,25277,-415,8,17,수
2022-08-17,7호선,뚝섬유원지,9023,8539,17562,484,8,17,수
2022-08-17,7호선,청담,20701,22772,43473,-2071,8,17,수
2022-08-17,7호선,강남구청,17426,19315,36741,-1889,8,17,수
2022-08-17,7호선,학동,25095,26431,51526,-1336,8,17,수
2022-08-17,7호선,논현,19570,20538,40108,-968,8,17,수
2022-08-17,7호선,반포,6246,6045,12291,201,8,17,수
2022-08-17,7호선,고속터미널,16114,13346,29460,2768,8,17,수
2022-08-17,7호선,내방,14930,15272,30202,-342,8,17,수
2022-08-17,7호선,이수,16545,15401,31946,1144,8,17,수
2022-08-17,7호선,남성,11477,10657,22134,820,8,17,수
2022-08-17,7호선,숭실대입구(살피재),12043,12216,24259,-173,8,17,수
2022-08-17,7호선,상도,11182,10716,21898,466,8,17,수
2022-08-17,7호선,장승배기,9363,9211,18574,152,8,17,수
2022-08-17,7호선,신대방삼거리,15136,14438,29574,698,8,17,수
2022-08-17,7호선,보라매,7705,7828,15533,-123,8,17,수
2022-08-17,7호선,신풍,11918,11392,23310,526,8,17,수
2022-08-17,7호선,대림(구로구청),8335,8206,16541,129,8,17,수
2022-08-17,7호선,남구로,16024,16868,32892,-844,8,17,수
2022-08-17,7호선,가산디지털단지,45698,45892,91590,-194,8,17,수
2022-08-17,7호선,철산,21357,21853,43210,-496,8,17,수
2022-08-17,7호선,광명사거리,21682,21383,43065,299,8,17,수
2022-08-17,7호선,천왕,11659,11267,22926,392,8,17,수
2022-08-17,7호선,온수(성공회대입구),10238,9452,19690,786,8,17,수
2022-08-17,7호선,신중동,1,0,1,1,8,17,수
2022-08-17,8호선,암사,19127,16757,35884,2370,8,17,수
2022-08-17,8호선,천호(풍납토성),14510,16818,31328,-2308,8,17,수
2022-08-17,8호선,강동구청,10410,10827,21237,-417,8,17,수
2022-08-17,8호선,몽촌토성(평화의문),6261,6411,12672,-150,8,17,수
2022-08-17,8호선,잠실(송파구청),14476,17133,31609,-2657,8,17,수
2022-08-17,8호선,석촌,7566,8734,16300,-1168,8,17,수
2022-08-17,8호선,송파,8612,8377,16989,235,8,17,수
2022-08-17,8호선,가락시장,7633,8423,16056,-790,8,17,수
2022-08-17,8호선,문정,22132,23384,45516,-1252,8,17,수
2022-08-17,8호선,장지,17505,16674,34179,831,8,17,수
2022-08-17,8호선,복정,9155,7617,16772,1538,8,17,수
2022-08-17,8호선,산성,5358,5314,10672,44,8,17,수
2022-08-17,8호선,남한산성입구(성남법원.검찰청),13438,12138,25576,1300,8,17,수
2022-08-17,8호선,단대오거리,10416,10308,20724,108,8,17,수
2022-08-17,8호선,신흥,4225,4592,8817,-367,8,17,수
2022-08-17,8호선,수진,5294,4933,10227,361,8,17,수
2022-08-17,8호선,모란,4437,3408,7845,1029,8,17,수
2022-08-17,8호선,남위례,5367,5654,11021,-287,8,17,수
2022-08-17,9호선,개화,2813,1897,4710,916,8,17,수
2022-08-17,9호선,김포공항,7517,10584,18101,-3067,8,17,수
2022-08-17,9호선,공항시장,3020,3313,6333,-293,8,17,수
2022-08-17,9호선,신방화,6956,6762,13718,194,8,17,수
2022-08-17,9호선,마곡나루(서울식물원),12815,12569,25384,246,8,17,수
2022-08-17,9호선,양천향교,9993,10215,20208,-222,8,17,수
2022-08-17,9호선,가양,21359,21144,42503,215,8,17,수
2022-08-17,9호선,증미,7738,7532,15270,206,8,17,수
2022-08-17,9호선,등촌,12021,11496,23517,525,8,17,수
2022-08-17,9호선,염창,17905,17368,35273,537,8,17,수
2022-08-17,9호선,신목동,4333,3746,8079,587,8,17,수
2022-08-17,9호선,선유도,8998,8615,17613,383,8,17,수
2022-08-17,9호선,당산,18900,19447,38347,-547,8,17,수
2022-08-17,9호선,국회의사당,17715,18480,36195,-765,8,17,수
2022-08-17,9호선,여의도,30508,29157,59665,1351,8,17,수
2022-08-17,9호선,샛강,6531,6590,13121,-59,8,17,수
2022-08-17,9호선,노량진,24969,24462,49431,507,8,17,수
2022-08-17,9호선,노들,4848,4070,8918,778,8,17,수
2022-08-17,9호선,흑석(중앙대입구),8293,8655,16948,-362,8,17,수
2022-08-17,2호선,당산,18201,21555,39756,-3354,8,17,수
2022-08-17,2호선,영등포구청,22444,23162,45606,-718,8,17,수
2022-08-17,2호선,문래,22713,23421,46134,-708,8,17,수
2022-08-17,2호선,신도림,48685,47743,96428,942,8,17,수
2022-08-17,2호선,대림(구로구청),24273,24719,48992,-446,8,17,수
2022-08-17,2호선,구로디지털단지,60771,61137,121908,-366,8,17,수
2022-08-17,중앙선,지평,63,74,137,-11,8,17,수
2022-08-17,중앙선,용문,1940,2019,3959,-79,8,17,수
2022-08-17,중앙선,원덕,394,350,744,44,8,17,수
2022-08-17,중앙선,양평,2919,2864,5783,55,8,17,수
2022-08-17,중앙선,오빈,319,325,644,-6,8,17,수
2022-08-17,중앙선,아신,581,542,1123,39,8,17,수
2022-08-17,중앙선,국수,664,655,1319,9,8,17,수
2022-08-17,중앙선,신원,201,182,383,19,8,17,수
2022-08-17,중앙선,양수,1929,1926,3855,3,8,17,수
2022-08-17,중앙선,운길산,744,698,1442,46,8,17,수
2022-08-17,중앙선,팔당,808,876,1684,-68,8,17,수
2022-08-17,중앙선,도심,2465,1942,4407,523,8,17,수
2022-08-17,중앙선,양정,689,614,1303,75,8,17,수
2022-08-17,9호선,동작(현충원),1850,1394,3244,456,8,17,수
2022-08-17,9호선,구반포,1244,1274,2518,-30,8,17,수
2022-08-17,9호선,신반포,3817,3726,7543,91,8,17,수
2022-08-17,9호선,고속터미널,13220,16454,29674,-3234,8,17,수
2022-08-17,9호선,사평,3938,3814,7752,124,8,17,수
2022-08-17,9호선,신논현,31076,30596,61672,480,8,17,수
2022-08-17,9호선2~3단계,언주,11413,11589,23002,-176,8,17,수
2022-08-17,9호선2~3단계,선정릉,10624,11660,22284,-1036,8,17,수
2022-08-17,9호선2~3단계,삼성중앙,7665,8035,15700,-370,8,17,수
2022-08-17,9호선2~3단계,봉은사,18508,18835,37343,-327,8,17,수
2022-08-17,9호선2~3단계,종합운동장,4657,4636,9293,21,8,17,수
2022-08-17,9호선2~3단계,삼전,7209,6950,14159,259,8,17,수
2022-08-17,9호선2~3단계,석촌고분,6620,6508,13128,112,8,17,수
2022-08-17,9호선2~3단계,석촌,8976,8041,17017,935,8,17,수
2022-08-17,9호선2~3단계,송파나루,5342,5738,11080,-396,8,17,수
2022-08-17,9호선2~3단계,한성백제,2672,2501,5173,171,8,17,수
2022-08-17,중앙선,덕소,5512,5480,10992,32,8,17,수
2022-08-17,4호선,충무로,26384,27615,53999,-1231,8,17,수
2022-08-17,4호선,동대문역사문화공원(DDP),15686,14551,30237,1135,8,17,수
2022-08-17,4호선,동대문,20099,20316,40415,-217,8,17,수
2022-08-17,4호선,혜화,35085,33467,68552,1618,8,17,수
2022-08-17,4호선,한성대입구(삼선교),12995,12998,25993,-3,8,17,수
2022-08-17,4호선,성신여대입구(돈암),19377,18860,38237,517,8,17,수
2022-08-17,4호선,길음,20533,20837,41370,-304,8,17,수
2022-08-17,4호선,미아사거리,26306,26337,52643,-31,8,17,수
2022-08-17,4호선,미아(서울사이버대학),14737,14955,29692,-218,8,17,수
2022-08-17,4호선,수유(강북구청),32772,33497,66269,-725,8,17,수
2022-08-17,4호선,쌍문,26079,27131,53210,-1052,8,17,수
2022-08-17,4호선,창동,25463,26926,52389,-1463,8,17,수
2022-08-17,4호선,노원,18146,20485,38631,-2339,8,17,수
2022-08-17,4호선,상계,18619,17654,36273,965,8,17,수
2022-08-17,4호선,당고개,8983,8181,17164,802,8,17,수
2022-08-17,3호선,오금,6180,5634,11814,546,8,17,수
2022-08-17,3호선,경찰병원,7505,7615,15120,-110,8,17,수
2022-08-17,3호선,가락시장,9078,8917,17995,161,8,17,수
2022-08-17,3호선,수서,16977,17479,34456,-502,8,17,수
2022-08-17,3호선,일원,11262,10692,21954,570,8,17,수
2022-08-17,3호선,대청,10642,9898,20540,744,8,17,수
2022-08-17,3호선,학여울,1980,2020,4000,-40,8,17,수
2022-08-17,3호선,대치,11185,11253,22438,-68,8,17,수
2022-08-17,3호선,도곡,5290,5341,10631,-51,8,17,수
2022-08-17,3호선,매봉,12972,12329,25301,643,8,17,수
2022-08-17,3호선,양재(서초구청),37891,41192,79083,-3301,8,17,수
2022-08-17,3호선,남부터미널(예술의전당),29302,29536,58838,-234,8,17,수
2022-08-17,3호선,교대(법원.검찰청),15281,9816,25097,5465,8,17,수
2022-08-17,3호선,고속터미널,41499,39535,81034,1964,8,17,수
2022-08-17,3호선,잠원,4941,4686,9627,255,8,17,수
2022-08-17,3호선,신사,29516,30589,60105,-1073,8,17,수
2022-08-17,3호선,압구정,33662,35794,69456,-2132,8,17,수
2022-08-17,3호선,옥수,9025,9336,18361,-311,8,17,수
2022-08-17,3호선,금호,7986,7384,15370,602,8,17,수
2022-08-17,3호선,약수,13129,12517,25646,612,8,17,수
2022-08-17,3호선,동대입구,7977,8511,16488,-534,8,17,수
2022-08-17,3호선,을지로3가,11005,11210,22215,-205,8,17,수
2022-08-17,3호선,종로3가,10402,12014,22416,-1612,8,17,수
2022-08-17,3호선,안국,23076,23516,46592,-440,8,17,수
2022-08-17,3호선,경복궁(정부서울청사),21290,21688,42978,-398,8,17,수
2022-08-17,3호선,독립문,7268,7390,14658,-122,8,17,수
2022-08-17,3호선,무악재,3975,4011,7986,-36,8,17,수
2022-08-17,3호선,홍제,17418,16290,33708,1128,8,17,수
2022-08-17,3호선,녹번,15558,14024,29582,1534,8,17,수
2022-08-17,3호선,불광,16092,17250,33342,-1158,8,17,수
2022-08-17,3호선,연신내,36202,34136,70338,2066,8,17,수
2022-08-17,3호선,구파발,21242,20528,41770,714,8,17,수
2022-08-17,3호선,지축,5373,5187,10560,186,8,17,수
2022-08-17,2호선,용두(동대문구청),2376,2372,4748,4,8,17,수
2022-08-17,중앙선,도농,11283,10206,21489,1077,8,17,수
2022-08-17,2호선,신정네거리,10342,10668,21010,-326,8,17,수
2022-08-17,2호선,양천구청,6950,7142,14092,-192,8,17,수
2022-08-17,2호선,도림천,1490,1513,3003,-23,8,17,수
2022-08-17,2호선,신설동,3314,3253,6567,61,8,17,수
2022-08-17,2호선,신답,1754,1903,3657,-149,8,17,수
2022-08-17,2호선,충정로(경기대입구),10189,10755,20944,-566,8,17,수
2022-08-17,2호선,아현,10782,10065,20847,717,8,17,수
2022-08-17,2호선,이대,13514,14434,27948,-920,8,17,수
2022-08-17,2호선,신촌,35377,36249,71626,-872,8,17,수
2022-08-17,2호선,홍대입구,59662,62914,122576,-3252,8,17,수
2022-08-17,2호선,합정,31898,34459,66357,-2561,8,17,수
2022-08-17,4호선,명동,20308,20312,40620,-4,8,17,수
2022-08-17,4호선,회현(남대문시장),24905,24253,49158,652,8,17,수
2022-08-17,4호선,서울역,11926,17459,29385,-5533,8,17,수
2022-08-17,4호선,숙대입구(갈월),13177,12596,25773,581,8,17,수
2022-08-17,4호선,삼각지,5534,7073,12607,-1539,8,17,수
2022-08-17,4호선,신용산,18548,18632,37180,-84,8,17,수
2022-08-17,4호선,이촌(국립중앙박물관),9836,10948,20784,-1112,8,17,수
2022-08-17,4호선,동작(현충원),1256,1472,2728,-216,8,17,수
2022-08-17,4호선,총신대입구(이수),18901,20800,39701,-1899,8,17,수
2022-08-17,4호선,사당,26619,21392,48011,5227,8,17,수
2022-08-17,4호선,남태령,1275,1778,3053,-503,8,17,수
2022-08-17,5호선,방화,7239,6994,14233,245,8,17,수
2022-08-17,5호선,개화산,5842,5483,11325,359,8,17,수
2022-08-17,5호선,김포공항,7365,7018,14383,347,8,17,수
2022-08-17,5호선,송정,6609,6051,12660,558,8,17,수
2022-08-17,5호선,마곡,10951,11129,22080,-178,8,17,수
2022-08-17,5호선,발산,21280,22208,43488,-928,8,17,수
2022-08-17,5호선,우장산,14969,14668,29637,301,8,17,수
2022-08-17,5호선,화곡,29023,26992,56015,2031,8,17,수
2022-08-17,5호선,까치산,29157,27531,56688,1626,8,17,수
2022-08-17,5호선,신정(은행정),14159,11604,25763,2555,8,17,수
2022-08-17,5호선,목동,17402,18468,35870,-1066,8,17,수
2022-08-17,5호선,오목교(목동운동장앞),22244,23669,45913,-1425,8,17,수
2022-08-17,5호선,양평,7685,7572,15257,113,8,17,수
2022-08-17,5호선,영등포구청,4317,4333,8650,-16,8,17,수
2022-08-17,5호선,영등포시장,10573,10723,21296,-150,8,17,수
2022-08-17,5호선,신길,4299,4521,8820,-222,8,17,수
2022-08-17,5호선,여의도,29846,31999,61845,-2153,8,17,수
2022-08-17,5호선,여의나루,12728,13829,26557,-1101,8,17,수
2022-08-17,5호선,마포,14736,15063,29799,-327,8,17,수
2022-08-17,5호선,공덕,14727,15412,30139,-685,8,17,수
2022-08-17,5호선,애오개,7047,6909,13956,138,8,17,수
2022-08-17,5호선,충정로(경기대입구),4787,4780,9567,7,8,17,수
2022-08-17,5호선,서대문,19593,20231,39824,-638,8,17,수
2022-08-17,5호선,광화문(세종문화회관),34862,36187,71049,-1325,8,17,수
2022-08-17,5호선,종로3가,13227,12875,26102,352,8,17,수
2022-08-17,5호선,을지로4가,6454,6606,13060,-152,8,17,수
2022-08-17,5호선,동대문역사문화공원(DDP),3268,3734,7002,-466,8,17,수
2022-08-17,5호선,청구,4021,3697,7718,324,8,17,수
2022-08-17,5호선,신금호,6273,6628,12901,-355,8,17,수
2022-08-17,5호선,행당,8236,7283,15519,953,8,17,수
2022-08-17,5호선,왕십리(성동구청),4524,4991,9515,-467,8,17,수
2022-08-17,5호선,마장,5554,5215,10769,339,8,17,수
2022-08-17,5호선,답십리,16622,15158,31780,1464,8,17,수
2022-08-17,5호선,장한평,19162,18831,37993,331,8,17,수
2022-08-17,5호선,군자(능동),11137,12248,23385,-1111,8,17,수
2022-08-17,5호선,아차산(어린이대공원후문),14579,13947,28526,632,8,17,수
2022-08-17,5호선,광나루(장신대),13218,12060,25278,1158,8,17,수
2022-08-17,5호선,천호(풍납토성),18367,18222,36589,145,8,17,수
2022-08-17,5호선,강동,18702,17966,36668,736,8,17,수
2022-08-17,5호선,길동,8194,8311,16505,-117,8,17,수
2022-08-17,5호선,굽은다리(강동구민회관앞),9595,9385,18980,210,8,17,수
2022-08-17,5호선,명일,8746,9103,17849,-357,8,17,수
2022-08-17,5호선,고덕,10130,9922,20052,208,8,17,수
2022-08-17,5호선,상일동,15178,13940,29118,1238,8,17,수
2022-08-17,5호선,둔촌동,8084,8160,16244,-76,8,17,수
2022-08-17,5호선,올림픽공원(한국체대),4215,3619,7834,596,8,17,수
2022-08-17,5호선,방이,6977,7176,14153,-199,8,17,수
2022-08-17,5호선,오금,3803,3808,7611,-5,8,17,수
2022-08-17,5호선,개롱,6513,6796,13309,-283,8,17,수
2022-08-17,5호선,거여,10314,9827,20141,487,8,17,수
2022-08-17,5호선,마천,7450,7210,14660,240,8,17,수
2022-08-17,5호선,강일,4596,4577,9173,19,8,17,수
2022-08-17,5호선,미사,16608,16781,33389,-173,8,17,수
2022-08-17,5호선,하남풍산,4182,4196,8378,-14,8,17,수
2022-08-17,5호선,하남시청(덕풍·신장),7021,6659,13680,362,8,17,수
2022-08-17,5호선,하남검단산,5829,5536,11365,293,8,17,수
2022-08-17,6호선,응암,17415,17275,34690,140,8,17,수
2022-08-17,6호선,역촌,4006,4449,8455,-443,8,17,수
2022-08-17,6호선,불광,4595,4470,9065,125,8,17,수
2022-08-17,6호선,독바위,2738,2912,5650,-174,8,17,수
2022-08-17,6호선,구산,7884,6066,13950,1818,8,17,수
2022-08-17,6호선,새절(신사),12694,11647,24341,1047,8,17,수
2022-08-17,6호선,증산(명지대앞),10000,9916,19916,84,8,17,수
2022-08-17,6호선,디지털미디어시티,14668,16141,30809,-1473,8,17,수
2022-08-17,6호선,월드컵경기장(성산),4430,4674,9104,-244,8,17,수
2022-08-17,6호선,마포구청,14539,13000,27539,1539,8,17,수
2022-08-17,6호선,망원,14196,15216,29412,-1020,8,17,수
2022-08-17,6호선,합정,13482,13369,26851,113,8,17,수
2022-08-17,2호선,용답,2694,2682,5376,12,8,17,수
2022-08-17,9호선2~3단계,올림픽공원(한국체대),6225,6157,12382,68,8,17,수
2022-08-17,2호선,신대방,25362,24979,50341,383,8,17,수
2022-08-17,2호선,신림,58504,56273,114777,2231,8,17,수
2022-08-17,2호선,봉천,24738,23038,47776,1700,8,17,수
2022-08-17,2호선,서울대입구(관악구청),47021,46348,93369,673,8,17,수
2022-08-17,2호선,낙성대(강감찬),28105,27292,55397,813,8,17,수
2022-08-17,1호선,서울역,48154,46350,94504,1804,8,17,수
2022-08-17,1호선,시청,23927,24637,48564,-710,8,17,수
2022-08-17,1호선,종각,38314,37549,75863,765,8,17,수
2022-08-17,1호선,종로3가,26253,23999,50252,2254,8,17,수
2022-08-17,1호선,종로5가,23117,23313,46430,-196,8,17,수
2022-08-17,1호선,동대문,10971,10158,21129,813,8,17,수
2022-08-17,1호선,신설동,13788,13400,27188,388,8,17,수
2022-08-17,1호선,제기동,16795,17270,34065,-475,8,17,수
2022-08-17,1호선,청량리(서울시립대입구),19322,19276,38598,46,8,17,수
2022-08-17,1호선,동묘앞,7377,7657,15034,-280,8,17,수
2022-08-17,2호선,시청,24686,24105,48791,581,8,17,수
2022-08-17,2호선,을지로입구,43378,44499,87877,-1121,8,17,수
2022-08-17,2호선,을지로3가,24623,24723,49346,-100,8,17,수
2022-08-17,2호선,을지로4가,13813,13584,27397,229,8,17,수
2022-08-17,2호선,동대문역사문화공원(DDP),13032,14810,27842,-1778,8,17,수
2022-08-17,2호선,신당,14105,14497,28602,-392,8,17,수
2022-08-17,2호선,상왕십리,14566,14276,28842,290,8,17,수
2022-08-17,2호선,왕십리(성동구청),16312,13849,30161,2463,8,17,수
2022-08-17,2호선,한양대,7665,8356,16021,-691,8,17,수
2022-08-17,2호선,뚝섬,23309,25154,48463,-1845,8,17,수
2022-08-17,2호선,성수,39296,43064,82360,-3768,8,17,수
2022-08-17,2호선,건대입구,33933,36944,70877,-3011,8,17,수
2022-08-17,2호선,구의(광진구청),23804,23368,47172,436,8,17,수
2022-08-17,2호선,강변(동서울터미널),32110,30372,62482,1738,8,17,수
2022-08-17,2호선,잠실나루,15518,15047,30565,471,8,17,수
2022-08-17,2호선,잠실(송파구청),73716,72993,146709,723,8,17,수
2022-08-17,2호선,잠실새내,22052,22009,44061,43,8,17,수
2022-08-17,2호선,종합운동장,11582,12600,24182,-1018,8,17,수
2022-08-17,2호선,삼성(무역센터),56019,56630,112649,-611,8,17,수
2022-08-17,2호선,선릉,60744,53618,114362,7126,8,17,수
2022-08-17,2호선,역삼,56372,63314,119686,-6942,8,17,수
2022-08-17,2호선,강남,85577,81606,167183,3971,8,17,수
2022-08-17,2호선,교대(법원.검찰청),35449,39530,74979,-4081,8,17,수
2022-08-17,2호선,서초,22744,21466,44210,1278,8,17,수
2022-08-17,2호선,방배,16532,16828,33360,-296,8,17,수
2022-08-17,2호선,사당,39639,42226,81865,-2587,8,17,수
2022-08-17,9호선2~3단계,둔촌오륜,1234,1135,2369,99,8,17,수
2022-08-17,9호선2~3단계,중앙보훈병원,11754,10400,22154,1354,8,17,수
2022-08-17,경강선,판교,5335,5321,10656,14,8,17,수
2022-08-17,경강선,이매,1170,942,2112,228,8,17,수
2022-08-17,경강선,삼동,2504,2335,4839,169,8,17,수
2022-08-17,경강선,경기광주,8200,7516,15716,684,8,17,수
2022-08-17,경강선,초월,3250,3076,6326,174,8,17,수
2022-08-17,경강선,곤지암,2198,2091,4289,107,8,17,수
2022-08-17,경강선,신둔도예촌,1502,1441,2943,61,8,17,수
2022-08-17,경강선,이천,2713,2725,5438,-12,8,17,수
2022-08-17,경강선,부발,2011,2042,4053,-31,8,17,수
2022-08-17,경강선,세종대왕릉,384,394,778,-10,8,17,수
2022-08-17,경강선,여주,2145,2134,4279,11,8,17,수
2022-08-17,경부선,서울역,7855,2250,10105,5605,8,17,수
2022-08-17,경부선,남영,9679,10293,19972,-614,8,17,수
2022-08-17,경부선,용산,37908,39165,77073,-1257,8,17,수
2022-08-17,경부선,노량진,7876,7461,15337,415,8,17,수
2022-08-17,경부선,대방,11197,12099,23296,-902,8,17,수
2022-08-17,경부선,영등포,38545,39376,77921,-831,8,17,수
2022-08-17,경부선,신도림,4123,4090,8213,33,8,17,수
2022-08-17,경부선,신길,9195,7892,17087,1303,8,17,수
2022-08-17,경부선,구로,18547,19036,37583,-489,8,17,수
2022-08-17,경부선,가산디지털단지,18590,21497,40087,-2907,8,17,수
2022-08-17,경부선,금천구청,11553,11443,22996,110,8,17,수
2022-08-17,경부선,석수,9394,8520,17914,874,8,17,수
2022-08-17,경부선,관악,7351,6990,14341,361,8,17,수
2022-08-17,경부선,안양,21564,21191,42755,373,8,17,수
2022-08-17,경부선,명학,9261,8958,18219,303,8,17,수
2022-08-17,경부선,금정,27704,28570,56274,-866,8,17,수
2022-08-17,경부선,군포,7691,7465,15156,226,8,17,수
2022-08-17,경부선,의왕,8838,8829,17667,9,8,17,수
2022-08-17,경부선,성균관대,13938,13785,27723,153,8,17,수
2022-08-17,경부선,화서,8029,7842,15871,187,8,17,수
2022-08-17,경부선,수원,33206,35406,68612,-2200,8,17,수
2022-08-17,경부선,독산,18842,19560,38402,-718,8,17,수
2022-08-17,경부선,세류,3117,2734,5851,383,8,17,수
2022-08-17,경부선,병점,13628,13563,27191,65,8,17,수
2022-08-17,경부선,세마,2910,2701,5611,209,8,17,수
2022-08-17,경부선,오산대,3304,3079,6383,225,8,17,수
2022-08-17,경부선,오산,9219,9186,18405,33,8,17,수
2022-08-17,경부선,진위,1747,1636,3383,111,8,17,수
2022-08-17,경부선,송탄,4174,4079,8253,95,8,17,수
2022-08-17,경부선,서정리,7060,6657,13717,403,8,17,수
2022-08-17,경부선,평택지제,3813,3718,7531,95,8,17,수
2022-08-17,경부선,평택,11090,11147,22237,-57,8,17,수
2022-08-17,경부선,성환,3112,3130,6242,-18,8,17,수
2022-08-17,경부선,직산,825,812,1637,13,8,17,수
2022-08-17,경부선,두정,5248,5341,10589,-93,8,17,수
2022-08-17,경부선,천안,5103,5350,10453,-247,8,17,수
2022-08-17,경부선,당정,6342,5947,12289,395,8,17,수
2022-08-17,경부선,서동탄,1450,1289,2739,161,8,17,수
2022-08-17,경부선,광명,3608,2971,6579,637,8,17,수
2022-08-17,경원선,이촌(국립중앙박물관),4104,3133,7237,971,8,17,수
2022-08-17,경원선,서빙고,2206,2013,4219,193,8,17,수
2022-08-17,경원선,한남,4213,4035,8248,178,8,17,수
2022-08-17,경원선,옥수,56,33,89,23,8,17,수
2022-08-17,경원선,응봉,1922,1627,3549,295,8,17,수
2022-08-17,경원선,왕십리(성동구청),14991,16492,31483,-1501,8,17,수
2022-08-17,경원선,청량리(서울시립대입구),15227,15707,30934,-480,8,17,수
2022-08-17,경원선,외대앞,7501,7483,14984,18,8,17,수
2022-08-17,경원선,신이문,8579,7915,16494,664,8,17,수
2022-08-17,경원선,석계,7991,8927,16918,-936,8,17,수
2022-08-17,경원선,광운대,7326,6922,14248,404,8,17,수
2022-08-17,경원선,월계,6346,5913,12259,433,8,17,수
2022-08-17,경원선,녹천,4849,4030,8879,819,8,17,수
2022-08-17,경원선,창동,1,0,1,1,8,17,수
2022-08-17,경원선,방학,9956,9561,19517,395,8,17,수
2022-08-17,경원선,도봉,6047,5849,11896,198,8,17,수
2022-08-17,경원선,도봉산,7618,4949,12567,2669,8,17,수
2022-08-17,경원선,망월사,7703,7765,15468,-62,8,17,수
2022-08-17,경원선,회룡,12849,12684,25533,165,8,17,수
2022-08-17,경원선,의정부,18109,18553,36662,-444,8,17,수
2022-08-17,경원선,가능,6820,6524,13344,296,8,17,수
2022-08-17,경원선,녹양,4707,4346,9053,361,8,17,수
2022-08-17,경원선,양주,7500,7118,14618,382,8,17,수
2022-08-17,경원선,덕계,3362,2960,6322,402,8,17,수
2022-08-17,경원선,덕정,5545,5353,10898,192,8,17,수
2022-08-17,경원선,지행,6356,6332,12688,24,8,17,수
2022-08-17,경원선,동두천중앙,3091,3033,6124,58,8,17,수
2022-08-17,경원선,보산,1543,1417,2960,126,8,17,수
2022-08-17,경원선,동두천,2141,2318,4459,-177,8,17,수
2022-08-17,경원선,소요산,2794,2390,5184,404,8,17,수
2022-08-17,경의선,서울역,4725,5820,10545,-1095,8,17,수
2022-08-17,경의선,신촌,963,1194,2157,-231,8,17,수
2022-08-17,경의선,효창공원앞,3047,3588,6635,-541,8,17,수
2022-08-17,경의선,공덕,3896,3394,7290,502,8,17,수
2022-08-17,경의선,서강대,2262,2242,4504,20,8,17,수
2022-08-17,경의선,홍대입구,1812,2250,4062,-438,8,17,수
2022-08-17,경의선,가좌,5665,5384,11049,281,8,17,수
2022-08-17,경의선,디지털미디어시티,2808,2507,5315,301,8,17,수
2022-08-17,경의선,수색,2853,2991,5844,-138,8,17,수
2022-08-17,경의선,화전,1662,1494,3156,168,8,17,수
2022-08-17,경의선,강매,3316,2862,6178,454,8,17,수
2022-08-17,경의선,행신,8091,7994,16085,97,8,17,수
2022-08-17,경의선,능곡,3932,3609,7541,323,8,17,수
2022-08-17,경의선,곡산,644,663,1307,-19,8,17,수
2022-08-17,경의선,백마,7184,6924,14108,260,8,17,수
2022-08-17,경의선,풍산,5813,5393,11206,420,8,17,수
2022-08-17,경의선,일산,9522,9327,18849,195,8,17,수
2022-08-17,경의선,탄현,8010,7563,15573,447,8,17,수
2022-08-17,경의선,야당,7941,8090,16031,-149,8,17,수
2022-08-17,경의선,운정,7049,6524,13573,525,8,17,수
2022-08-17,경의선,금릉,5003,4797,9800,206,8,17,수
2022-08-17,경의선,금촌,6324,6317,12641,7,8,17,수
2022-08-17,경의선,월롱,2817,2566,5383,251,8,17,수
2022-08-17,경의선,파주,1155,797,1952,358,8,17,수
2022-08-17,경의선,문산,5387,5248,10635,139,8,17,수
2022-08-17,경의선,임진강,20,11,31,9,8,17,수
2022-08-17,경인선,개봉,21350,20800,42150,550,8,17,수
2022-08-17,경인선,오류동,11921,10959,22880,962,8,17,수
2022-08-17,경인선,역곡,26766,26880,53646,-114,8,17,수
2022-08-17,경인선,부천,31786,31904,63690,-118,8,17,수
2022-08-17,경인선,송내,27341,27100,54441,241,8,17,수
2022-08-17,경인선,부평,28915,30700,59615,-1785,8,17,수
2022-08-17,경인선,백운,7043,6777,13820,266,8,17,수
2022-08-17,경인선,동암,15874,15862,31736,12,8,17,수
2022-08-17,경인선,주안,18822,16944,35766,1878,8,17,수
2022-08-17,경인선,제물포,10487,9902,20389,585,8,17,수
2022-08-17,경인선,동인천,13806,13189,26995,617,8,17,수
2022-08-17,경인선,인천,3827,3135,6962,692,8,17,수
2022-08-17,경인선,구일,6357,6295,12652,62,8,17,수
2022-08-17,경인선,소사,8233,8325,16558,-92,8,17,수
2022-08-17,경인선,부개,8882,8204,17086,678,8,17,수
2022-08-17,경인선,간석,6044,5689,11733,355,8,17,수
2022-08-17,경인선,도원,2767,2836,5603,-69,8,17,수
2022-08-17,경인선,온수(성공회대입구),6547,6208,12755,339,8,17,수
2022-08-17,경인선,중동,9626,8977,18603,649,8,17,수
2022-08-17,경인선,도화,4236,4008,8244,228,8,17,수
2022-08-17,경춘선,신내,2179,2144,4323,35,8,17,수
2022-08-17,경춘선,갈매,3044,2729,5773,315,8,17,수
2022-08-17,경춘선,별내,3213,2935,6148,278,8,17,수
2022-08-17,경춘선,퇴계원,3610,3271,6881,339,8,17,수
2022-08-17,경춘선,사릉,2317,2208,4525,109,8,17,수
2022-08-17,경춘선,금곡,1462,1421,2883,41,8,17,수
2022-08-17,경춘선,평내호평,6296,6187,12483,109,8,17,수
2022-08-17,경춘선,천마산,1683,1556,3239,127,8,17,수
2022-08-17,경춘선,마석,4007,3940,7947,67,8,17,수
2022-08-17,경춘선,대성리,950,772,1722,178,8,17,수
2022-08-17,경춘선,청평,2047,1983,4030,64,8,17,수
2022-08-17,경춘선,상천,331,294,625,37,8,17,수
2022-08-17,경춘선,가평,2572,2794,5366,-222,8,17,수
2022-08-17,경춘선,굴봉산,166,143,309,23,8,17,수
2022-08-17,경춘선,백양리,134,106,240,28,8,17,수
2022-08-17,경춘선,강촌,500,469,969,31,8,17,수
2022-08-17,경춘선,김유정,369,346,715,23,8,17,수
2022-08-17,경춘선,남춘천,2856,2816,5672,40,8,17,수
2022-08-17,경춘선,춘천,1305,1284,2589,21,8,17,수
2022-08-17,공항철도 1호선,서울역,9396,8314,17710,1082,8,17,수
2022-08-17,공항철도 1호선,공덕,2511,3291,5802,-780,8,17,수
2022-08-17,공항철도 1호선,홍대입구,10946,11499,22445,-553,8,17,수
2022-08-17,공항철도 1호선,디지털미디어시티,14574,13529,28103,1045,8,17,수
2022-08-17,공항철도 1호선,마곡나루(서울식물원),9902,9333,19235,569,8,17,수
2022-08-17,공항철도 1호선,김포공항,11230,6342,17572,4888,8,17,수
2022-08-17,공항철도 1호선,계양,11409,10658,22067,751,8,17,수
2022-08-17,공항철도 1호선,검암,6842,6752,13594,90,8,17,수
2022-08-17,공항철도 1호선,청라국제도시,7233,6816,14049,417,8,17,수
2022-08-17,공항철도 1호선,운서,7832,7984,15816,-152,8,17,수
2022-08-17,공항철도 1호선,공항화물청사,2387,2615,5002,-228,8,17,수
2022-08-17,공항철도 1호선,인천공항1터미널,8556,7819,16375,737,8,17,수
2022-08-17,공항철도 1호선,인천공항2터미널,3829,3295,7124,534,8,17,수
2022-08-17,공항철도 1호선,영종,3955,3929,7884,26,8,17,수
2022-08-17,과천선,선바위,7882,8467,16349,-585,8,17,수
2022-08-17,과천선,경마공원,1548,1809,3357,-261,8,17,수
2022-08-17,과천선,대공원,2972,3104,6076,-132,8,17,수
2022-08-17,과천선,과천,6187,6884,13071,-697,8,17,수
2022-08-17,과천선,정부과천청사,11046,11532,22578,-486,8,17,수
2022-08-17,과천선,인덕원,23577,25005,48582,-1428,8,17,수
2022-08-17,과천선,평촌,17929,18317,36246,-388,8,17,수
2022-08-17,과천선,범계,26198,27073,53271,-875,8,17,수
2022-08-17,분당선,선릉,14493,21766,36259,-7273,8,17,수
2022-08-17,분당선,한티,14938,16045,30983,-1107,8,17,수
2022-08-17,분당선,도곡,7324,7164,14488,160,8,17,수
2022-08-17,분당선,구룡,2305,2209,4514,96,8,17,수
2022-08-17,분당선,개포동,4281,4296,8577,-15,8,17,수
2022-08-17,분당선,대모산입구,4824,4438,9262,386,8,17,수
2022-08-17,분당선,수서,14051,14086,28137,-35,8,17,수
2022-08-17,분당선,수원,8004,6783,14787,1221,8,17,수
2022-08-17,분당선,서울숲,12014,12462,24476,-448,8,17,수
2022-08-17,분당선,압구정로데오,19510,21703,41213,-2193,8,17,수
2022-08-17,분당선,강남구청,9844,11448,21292,-1604,8,17,수
2022-08-17,분당선,선정릉,8194,8673,16867,-479,8,17,수
2022-08-17,분당선,가천대,6711,7564,14275,-853,8,17,수
2022-08-17,분당선,태평,13753,12983,26736,770,8,17,수
2022-08-17,분당선,모란,19413,19708,39121,-295,8,17,수
2022-08-17,분당선,야탑,26595,27719,54314,-1124,8,17,수
2022-08-17,분당선,서현,25512,26073,51585,-561,8,17,수
2022-08-17,분당선,수내,14365,14258,28623,107,8,17,수
2022-08-17,분당선,정자,19055,20301,39356,-1246,8,17,수
2022-08-17,분당선,미금,15882,16904,32786,-1022,8,17,수
2022-08-17,분당선,오리,11885,9637,21522,2248,8,17,수
2022-08-17,분당선,이매,5997,5586,11583,411,8,17,수
2022-08-17,분당선,보정,2744,2500,5244,244,8,17,수
2022-08-17,분당선,죽전,12999,14496,27495,-1497,8,17,수
2022-08-17,분당선,구성,4994,5349,10343,-355,8,17,수
2022-08-17,분당선,신갈,4790,4748,9538,42,8,17,수
2022-08-17,분당선,기흥,10442,9699,20141,743,8,17,수
2022-08-17,분당선,상갈,5425,5325,10750,100,8,17,수
2022-08-17,분당선,청명,4393,4182,8575,211,8,17,수
2022-08-17,분당선,영통,8352,8515,16867,-163,8,17,수
2022-08-17,분당선,망포,14886,14051,28937,835,8,17,수
2022-08-17,분당선,매탄권선,5209,4958,10167,251,8,17,수
2022-08-17,분당선,수원시청,12938,13895,26833,-957,8,17,수
2022-08-17,분당선,매교,3594,3585,7179,9,8,17,수
2022-08-17,수인선,고색,4692,4345,9037,347,8,17,수
2022-08-17,수인선,오목천,3079,2786,5865,293,8,17,수
2022-08-17,수인선,어천,979,968,1947,11,8,17,수
2022-08-17,수인선,야목,365,292,657,73,8,17,수
2022-08-17,수인선,사리,4710,4109,8819,601,8,17,수
2022-08-17,수인선,달월,109,77,186,32,8,17,수
2022-08-17,수인선,월곶,2879,2643,5522,236,8,17,수
2022-08-17,수인선,소래포구,4883,4547,9430,336,8,17,수
2022-08-17,수인선,인천논현,5608,5894,11502,-286,8,17,수
2022-08-17,수인선,호구포,4245,4445,8690,-200,8,17,수
2022-08-17,수인선,남동인더스파크,2322,2537,4859,-215,8,17,수
2022-08-17,수인선,원인재,4266,4443,8709,-177,8,17,수
2022-08-17,수인선,연수,4557,4431,8988,126,8,17,수
2022-08-17,수인선,송도,2334,2143,4477,191,8,17,수
2022-08-17,수인선,인하대,5792,5531,11323,261,8,17,수
2022-08-17,수인선,숭의,4027,3699,7726,328,8,17,수
2022-08-17,수인선,신포,1709,1769,3478,-60,8,17,수
2022-08-17,수인선,인천,1213,1937,3150,-724,8,17,수
2022-08-17,신림선,샛강,2262,2721,4983,-459,8,17,수
2022-08-17,신림선,대방,2033,1687,3720,346,8,17,수
2022-08-17,신림선,서울지방병무청,2388,2636,5024,-248,8,17,수
2022-08-17,신림선,보라매,2964,2831,5795,133,8,17,수
2022-08-17,신림선,보라매공원,1899,1971,3870,-72,8,17,수
2022-08-17,신림선,보라매병원,7002,7253,14255,-251,8,17,수
2022-08-17,신림선,당곡,3896,3798,7694,98,8,17,수
2022-08-17,신림선,신림,1611,2225,3836,-614,8,17,수
2022-08-17,신림선,서원,2932,2631,5563,301,8,17,수
2022-08-17,신림선,서울대벤처타운,6542,6516,13058,26,8,17,수
2022-08-17,신림선,관악산(서울대),3011,2993,6004,18,8,17,수
2022-08-17,안산선,산본,15794,17229,33023,-1435,8,17,수
2022-08-17,안산선,대야미,5198,4792,9990,406,8,17,수
2022-08-17,안산선,반월,4280,4228,8508,52,8,17,수
2022-08-17,안산선,상록수,15140,15663,30803,-523,8,17,수
2022-08-17,안산선,한대앞,8963,9086,18049,-123,8,17,수
2022-08-17,안산선,중앙,17894,18529,36423,-635,8,17,수
2022-08-17,안산선,고잔,9026,8561,17587,465,8,17,수
2022-08-17,안산선,초지,4872,4924,9796,-52,8,17,수
2022-08-17,안산선,안산,11905,10946,22851,959,8,17,수
2022-08-17,안산선,신길온천,1842,1628,3470,214,8,17,수
2022-08-17,안산선,정왕,7663,8047,15710,-384,8,17,수
2022-08-17,안산선,오이도,8364,8055,16419,309,8,17,수
2022-08-17,안산선,수리산,4221,3736,7957,485,8,17,수
2022-08-17,우이신설선,북한산우이,2801,2524,5325,277,8,17,수
2022-08-17,우이신설선,솔밭공원,2578,2488,5066,90,8,17,수
2022-08-17,우이신설선,4.19민주묘지,2931,2768,5699,163,8,17,수
2022-08-17,우이신설선,가오리,4380,4314,8694,66,8,17,수
2022-08-17,우이신설선,화계,3439,3218,6657,221,8,17,수
2022-08-17,우이신설선,삼양,1995,2181,4176,-186,8,17,수
2022-08-17,우이신설선,삼양사거리,2511,2480,4991,31,8,17,수
2022-08-17,우이신설선,솔샘,5922,5556,11478,366,8,17,수
2022-08-17,우이신설선,북한산보국문,5970,5794,11764,176,8,17,수
2022-08-17,우이신설선,정릉,4672,4275,8947,397,8,17,수
2022-08-17,우이신설선,성신여대입구(돈암),3420,3761,7181,-341,8,17,수
2022-08-17,우이신설선,보문,1550,1528,3078,22,8,17,수
2022-08-17,우이신설선,신설동,2140,2124,4264,16,8,17,수
2022-08-17,일산선,원흥,11288,10667,21955,621,8,17,수
2022-08-17,일산선,삼송,19722,19188,38910,534,8,17,수
2022-08-17,일산선,원당,11212,10566,21778,646,8,17,수
2022-08-17,일산선,화정,17271,17569,34840,-298,8,17,수
2022-08-17,일산선,대곡,2244,1758,4002,486,8,17,수
2022-08-17,일산선,백석,9718,9863,19581,-145,8,17,수
2022-08-17,일산선,마두,8022,8064,16086,-42,8,17,수
2022-08-17,일산선,정발산,7155,7372,14527,-217,8,17,수
2022-08-17,일산선,주엽,9522,9430,18952,92,8,17,수
2022-08-17,일산선,대화,13215,10469,23684,2746,8,17,수
2022-08-17,장항선,봉명,1314,1310,2624,4,8,17,수
2022-08-17,장항선,쌍용(나사렛대),1940,1843,3783,97,8,17,수
2022-08-17,장항선,아산,2957,2695,5652,262,8,17,수
2022-08-17,장항선,탕정,896,822,1718,74,8,17,수
2022-08-17,장항선,배방,1023,1078,2101,-55,8,17,수
2022-08-17,장항선,온양온천,3469,3413,6882,56,8,17,수
2022-08-17,장항선,신창(순천향대),1109,1054,2163,55,8,17,수
2022-08-17,중앙선,회기,25072,24251,49323,821,8,17,수
2022-08-17,중앙선,중랑,5704,5460,11164,244,8,17,수
2022-08-17,중앙선,상봉(시외버스터미널),5760,5605,11365,155,8,17,수
2022-08-17,중앙선,망우,7766,7609,15375,157,8,17,수
2022-08-17,중앙선,양원,3222,3115,6337,107,8,17,수
2022-08-17,중앙선,구리,13460,13720,27180,-260,8,17,수
2022-08-17,6호선,상수,8783,10175,18958,-1392,8,17,수
2022-08-17,6호선,광흥창(서강),9483,9225,18708,258,8,17,수
2022-08-17,6호선,대흥(서강대앞),8549,8755,17304,-206,8,17,수
2022-08-17,6호선,공덕,19043,18563,37606,480,8,17,수
2022-08-17,6호선,효창공원앞,7303,6534,13837,769,8,17,수
2022-08-17,6호선,삼각지,7707,6449,14156,1258,8,17,수
2022-08-17,6호선,녹사평(용산구청),4883,4951,9834,-68,8,17,수
2022-08-17,6호선,이태원,10661,11471,22132,-810,8,17,수
2022-08-17,6호선,한강진,8012,9226,17238,-1214,8,17,수
2022-08-17,6호선,버티고개,2094,2177,4271,-83,8,17,수
2022-08-17,6호선,약수,3665,3729,7394,-64,8,17,수
2022-08-17,6호선,청구,3759,3874,7633,-115,8,17,수
2022-08-17,6호선,신당,8655,9234,17889,-579,8,17,수
2022-08-17,6호선,동묘앞,7845,8125,15970,-280,8,17,수
2022-08-17,6호선,창신,3700,3043,6743,657,8,17,수
2022-08-17,6호선,보문,7746,6993,14739,753,8,17,수
2022-08-17,6호선,안암(고대병원앞),10590,10793,21383,-203,8,17,수
2022-08-17,6호선,고려대(종암),8259,7823,16082,436,8,17,수
2022-08-17,6호선,월곡(동덕여대),11805,11735,23540,70,8,17,수
2022-08-17,6호선,상월곡(한국과학기술연구원),6311,5567,11878,744,8,17,수
2022-08-17,6호선,돌곶이,9671,8964,18635,707,8,17,수
2022-08-17,6호선,석계,12210,12732,24942,-522,8,17,수
2022-08-17,6호선,태릉입구,5551,5926,11477,-375,8,17,수
2022-08-18,중앙선,오빈,314,297,611,17,8,18,목
2022-08-18,중앙선,국수,726,750,1476,-24,8,18,목
2022-08-18,중앙선,신원,201,185,386,16,8,18,목
2022-08-18,중앙선,양수,1999,1973,3972,26,8,18,목
2022-08-18,중앙선,운길산,815,770,1585,45,8,18,목
2022-08-18,중앙선,팔당,880,881,1761,-1,8,18,목
2022-08-18,중앙선,도심,2572,2008,4580,564,8,18,목
2022-08-18,중앙선,덕소,5637,5663,11300,-26,8,18,목
2022-08-18,안산선,반월,4367,4243,8610,124,8,18,목
2022-08-18,안산선,상록수,15560,15871,31431,-311,8,18,목
2022-08-18,안산선,한대앞,9126,9068,18194,58,8,18,목
2022-08-18,안산선,중앙,18055,18761,36816,-706,8,18,목
2022-08-18,안산선,고잔,9048,8576,17624,472,8,18,목
2022-08-18,안산선,초지,4928,4879,9807,49,8,18,목
2022-08-18,안산선,안산,11637,10791,22428,846,8,18,목
2022-08-18,안산선,신길온천,1821,1611,3432,210,8,18,목
2022-08-18,안산선,정왕,7634,8002,15636,-368,8,18,목
2022-08-18,안산선,오이도,8522,8384,16906,138,8,18,목
2022-08-18,안산선,수리산,4274,3535,7809,739,8,18,목
2022-08-18,우이신설선,북한산우이,2908,2597,5505,311,8,18,목
2022-08-18,우이신설선,솔밭공원,2606,2427,5033,179,8,18,목
2022-08-18,우이신설선,4.19민주묘지,2908,2668,5576,240,8,18,목
2022-08-18,우이신설선,가오리,4507,4405,8912,102,8,18,목
2022-08-18,우이신설선,화계,3598,3326,6924,272,8,18,목
2022-08-18,우이신설선,삼양,2083,2178,4261,-95,8,18,목
2022-08-18,우이신설선,삼양사거리,2504,2539,5043,-35,8,18,목
2022-08-18,우이신설선,솔샘,5903,5515,11418,388,8,18,목
2022-08-18,우이신설선,북한산보국문,5991,5674,11665,317,8,18,목
2022-08-18,우이신설선,정릉,4623,4192,8815,431,8,18,목
2022-08-18,우이신설선,신설동,2260,2108,4368,152,8,18,목
2022-08-18,일산선,원흥,11217,10755,21972,462,8,18,목
2022-08-18,일산선,지축,1,0,1,1,8,18,목
2022-08-18,일산선,삼송,19831,19220,39051,611,8,18,목
2022-08-18,일산선,원당,11249,10747,21996,502,8,18,목
2022-08-18,일산선,화정,17223,17421,34644,-198,8,18,목
2022-08-18,일산선,대곡,2237,1684,3921,553,8,18,목
2022-08-18,일산선,백석,9879,9829,19708,50,8,18,목
2022-08-18,일산선,마두,7752,7912,15664,-160,8,18,목
2022-08-18,일산선,정발산,7188,7283,14471,-95,8,18,목
2022-08-18,일산선,주엽,9533,9718,19251,-185,8,18,목
2022-08-18,일산선,대화,13950,11168,25118,2782,8,18,목
2022-08-18,장항선,봉명,1268,1189,2457,79,8,18,목
2022-08-18,장항선,쌍용(나사렛대),1939,1822,3761,117,8,18,목
2022-08-18,장항선,아산,3099,2793,5892,306,8,18,목
2022-08-18,장항선,탕정,924,822,1746,102,8,18,목
2022-08-18,장항선,배방,1044,980,2024,64,8,18,목
2022-08-18,장항선,온양온천,3265,3447,6712,-182,8,18,목
2022-08-18,장항선,신창(순천향대),1232,1159,2391,73,8,18,목
2022-08-18,중앙선,회기,25239,24225,49464,1014,8,18,목
2022-08-18,중앙선,중랑,5807,5432,11239,375,8,18,목
2022-08-18,중앙선,상봉(시외버스터미널),5853,5824,11677,29,8,18,목
2022-08-18,중앙선,망우,7937,7710,15647,227,8,18,목
2022-08-18,중앙선,양정,739,649,1388,90,8,18,목
2022-08-18,중앙선,양원,3229,3058,6287,171,8,18,목
2022-08-18,중앙선,구리,13492,13558,27050,-66,8,18,목
2022-08-18,중앙선,도농,11449,10304,21753,1145,8,18,목
2022-08-18,9호선,김포공항,7402,10788,18190,-3386,8,18,목
2022-08-18,9호선,개화,2723,1944,4667,779,8,18,목
2022-08-18,8호선,남위례,5695,5824,11519,-129,8,18,목
2022-08-18,8호선,모란,4548,3646,8194,902,8,18,목
2022-08-18,8호선,수진,5319,4903,10222,416,8,18,목
2022-08-18,8호선,신흥,4058,4577,8635,-519,8,18,목
2022-08-18,8호선,단대오거리,10463,10238,20701,225,8,18,목
2022-08-18,8호선,남한산성입구(성남법원.검찰청),13598,12213,25811,1385,8,18,목
2022-08-18,8호선,산성,5314,5319,10633,-5,8,18,목
2022-08-18,8호선,복정,9272,7831,17103,1441,8,18,목
2022-08-18,8호선,장지,17261,16242,33503,1019,8,18,목
2022-08-18,8호선,문정,22238,23462,45700,-1224,8,18,목
2022-08-18,8호선,가락시장,7804,8488,16292,-684,8,18,목
2022-08-18,8호선,송파,8542,8300,16842,242,8,18,목
2022-08-18,8호선,석촌,7647,8964,16611,-1317,8,18,목
2022-08-18,8호선,잠실(송파구청),14554,16793,31347,-2239,8,18,목
2022-08-18,8호선,몽촌토성(평화의문),6211,6426,12637,-215,8,18,목
2022-08-18,8호선,강동구청,10514,10865,21379,-351,8,18,목
2022-08-18,8호선,천호(풍납토성),14774,16935,31709,-2161,8,18,목
2022-08-18,8호선,암사,19323,16731,36054,2592,8,18,목
2022-08-18,7호선,온수(성공회대입구),10266,9455,19721,811,8,18,목
2022-08-18,7호선,천왕,11954,11365,23319,589,8,18,목
2022-08-18,7호선,광명사거리,21635,21499,43134,136,8,18,목
2022-08-18,7호선,철산,21716,21870,43586,-154,8,18,목
2022-08-18,7호선,가산디지털단지,45695,46061,91756,-366,8,18,목
2022-08-18,7호선,남구로,15890,16619,32509,-729,8,18,목
2022-08-18,7호선,대림(구로구청),7843,7967,15810,-124,8,18,목
2022-08-18,7호선,신풍,11763,11177,22940,586,8,18,목
2022-08-18,7호선,보라매,7670,7839,15509,-169,8,18,목
2022-08-18,7호선,신대방삼거리,15330,14427,29757,903,8,18,목
2022-08-18,7호선,장승배기,9347,9261,18608,86,8,18,목
2022-08-18,7호선,상도,11278,10650,21928,628,8,18,목
2022-08-18,7호선,숭실대입구(살피재),12254,12298,24552,-44,8,18,목
2022-08-18,7호선,남성,11420,10710,22130,710,8,18,목
2022-08-18,7호선,이수,16107,15508,31615,599,8,18,목
2022-08-18,7호선,내방,14826,15142,29968,-316,8,18,목
2022-08-18,7호선,고속터미널,16067,13622,29689,2445,8,18,목
2022-08-18,7호선,반포,6205,6022,12227,183,8,18,목
2022-08-18,7호선,논현,19639,20670,40309,-1031,8,18,목
2022-08-18,7호선,학동,25314,26884,52198,-1570,8,18,목
2022-08-18,7호선,강남구청,17460,19414,36874,-1954,8,18,목
2022-08-18,7호선,청담,20744,23059,43803,-2315,8,18,목
2022-08-18,7호선,뚝섬유원지,9666,9110,18776,556,8,18,목
2022-08-18,7호선,건대입구,12586,13029,25615,-443,8,18,목
2022-08-18,7호선,어린이대공원(세종대),12819,12850,25669,-31,8,18,목
2022-08-18,7호선,군자(능동),15298,12080,27378,3218,8,18,목
2022-08-18,7호선,중곡,10956,10273,21229,683,8,18,목
2022-08-18,7호선,용마산(용마폭포공원),6051,5913,11964,138,8,18,목
2022-08-18,7호선,사가정,16154,16103,32257,51,8,18,목
2022-08-18,7호선,면목,15262,14758,30020,504,8,18,목
2022-08-18,7호선,상봉(시외버스터미널),17013,16243,33256,770,8,18,목
2022-08-18,7호선,중화,10681,10274,20955,407,8,18,목
2022-08-18,7호선,먹골,10277,10143,20420,134,8,18,목
2022-08-18,7호선,태릉입구,8620,8110,16730,510,8,18,목
2022-08-18,7호선,공릉(서울과학기술대),11342,11272,22614,70,8,18,목
2022-08-18,7호선,하계,17900,16855,34755,1045,8,18,목
2022-08-18,7호선,중계,14603,12988,27591,1615,8,18,목
2022-08-18,7호선,노원,20194,21143,41337,-949,8,18,목
2022-08-18,7호선,마들,13543,12645,26188,898,8,18,목
2022-08-18,7호선,수락산,12867,12882,25749,-15,8,18,목
2022-08-18,7호선,도봉산,9060,10356,19416,-1296,8,18,목
2022-08-18,7호선,장암,2405,979,3384,1426,8,18,목
2022-08-18,6호선,봉화산(서울의료원),9226,8733,17959,493,8,18,목
2022-08-18,6호선,화랑대(서울여대입구),11534,9008,20542,2526,8,18,목
2022-08-18,6호선,태릉입구,5640,6068,11708,-428,8,18,목
2022-08-18,6호선,석계,12237,12585,24822,-348,8,18,목
2022-08-18,6호선,돌곶이,9573,8693,18266,880,8,18,목
2022-08-18,6호선,상월곡(한국과학기술연구원),7071,6400,13471,671,8,18,목
2022-08-18,6호선,월곡(동덕여대),11859,11774,23633,85,8,18,목
2022-08-18,6호선,고려대(종암),8215,7844,16059,371,8,18,목
2022-08-18,6호선,안암(고대병원앞),10858,10834,21692,24,8,18,목
2022-08-18,6호선,보문,7806,6960,14766,846,8,18,목
2022-08-18,6호선,창신,3642,3012,6654,630,8,18,목
2022-08-18,6호선,동묘앞,7956,8053,16009,-97,8,18,목
2022-08-18,6호선,신당,8745,9322,18067,-577,8,18,목
2022-08-18,6호선,청구,3935,4006,7941,-71,8,18,목
2022-08-18,6호선,약수,3660,3606,7266,54,8,18,목
2022-08-18,6호선,버티고개,2105,2168,4273,-63,8,18,목
2022-08-18,6호선,한강진,8211,9603,17814,-1392,8,18,목
2022-08-18,6호선,이태원,11257,12193,23450,-936,8,18,목
2022-08-18,6호선,녹사평(용산구청),5062,5166,10228,-104,8,18,목
2022-08-18,6호선,삼각지,7437,6374,13811,1063,8,18,목
2022-08-18,6호선,효창공원앞,7301,6515,13816,786,8,18,목
2022-08-18,6호선,공덕,19192,18568,37760,624,8,18,목
2022-08-18,6호선,대흥(서강대앞),8604,8781,17385,-177,8,18,목
2022-08-18,6호선,광흥창(서강),9565,9213,18778,352,8,18,목
2022-08-18,6호선,상수,8934,10570,19504,-1636,8,18,목
2022-08-18,6호선,합정,13630,13411,27041,219,8,18,목
2022-08-18,6호선,망원,14226,15367,29593,-1141,8,18,목
2022-08-18,6호선,마포구청,14872,13154,28026,1718,8,18,목
2022-08-18,6호선,월드컵경기장(성산),4377,4682,9059,-305,8,18,목
2022-08-18,6호선,디지털미디어시티,14633,16270,30903,-1637,8,18,목
2022-08-18,6호선,증산(명지대앞),10036,9882,19918,154,8,18,목
2022-08-18,6호선,새절(신사),12754,11814,24568,940,8,18,목
2022-08-18,6호선,구산,7890,6071,13961,1819,8,18,목
2022-08-18,6호선,연신내,1,0,1,1,8,18,목
2022-08-18,6호선,독바위,2855,3006,5861,-151,8,18,목
2022-08-18,6호선,불광,4613,4436,9049,177,8,18,목
2022-08-18,6호선,역촌,3909,4435,8344,-526,8,18,목
2022-08-18,6호선,응암,17565,17210,34775,355,8,18,목
2022-08-18,5호선,하남검단산,6002,5668,11670,334,8,18,목
2022-08-18,5호선,하남시청(덕풍·신장),6965,6767,13732,198,8,18,목
2022-08-18,5호선,하남풍산,4225,4171,8396,54,8,18,목
2022-08-18,5호선,미사,16737,17009,33746,-272,8,18,목
2022-08-18,5호선,강일,4712,4493,9205,219,8,18,목
2022-08-18,5호선,마천,7457,7252,14709,205,8,18,목
2022-08-18,5호선,거여,10490,10079,20569,411,8,18,목
2022-08-18,5호선,개롱,6491,6818,13309,-327,8,18,목
2022-08-18,5호선,오금,3802,3917,7719,-115,8,18,목
2022-08-18,5호선,방이,7165,7441,14606,-276,8,18,목
2022-08-18,5호선,올림픽공원(한국체대),4330,3610,7940,720,8,18,목
2022-08-18,5호선,둔촌동,8151,8099,16250,52,8,18,목
2022-08-18,5호선,상일동,14993,13795,28788,1198,8,18,목
2022-08-18,5호선,고덕,10103,9870,19973,233,8,18,목
2022-08-18,5호선,명일,8718,9053,17771,-335,8,18,목
2022-08-18,5호선,굽은다리(강동구민회관앞),9627,9182,18809,445,8,18,목
2022-08-18,5호선,길동,8091,8370,16461,-279,8,18,목
2022-08-18,5호선,강동,18819,18158,36977,661,8,18,목
2022-08-18,5호선,천호(풍납토성),18263,18411,36674,-148,8,18,목
2022-08-18,5호선,광나루(장신대),13558,12363,25921,1195,8,18,목
2022-08-18,5호선,아차산(어린이대공원후문),14935,14475,29410,460,8,18,목
2022-08-18,5호선,군자(능동),11276,12438,23714,-1162,8,18,목
2022-08-18,5호선,장한평,19209,18880,38089,329,8,18,목
2022-08-18,5호선,답십리,16684,15084,31768,1600,8,18,목
2022-08-18,5호선,마장,5718,5237,10955,481,8,18,목
2022-08-18,5호선,왕십리(성동구청),4533,5199,9732,-666,8,18,목
2022-08-18,5호선,행당,8470,7498,15968,972,8,18,목
2022-08-18,5호선,신금호,6380,6743,13123,-363,8,18,목
2022-08-18,5호선,청구,4045,3690,7735,355,8,18,목
2022-08-18,5호선,동대문역사문화공원(DDP),3163,3650,6813,-487,8,18,목
2022-08-18,5호선,을지로4가,6675,6622,13297,53,8,18,목
2022-08-18,5호선,종로3가,13289,13361,26650,-72,8,18,목
2022-08-18,5호선,광화문(세종문화회관),34071,35124,69195,-1053,8,18,목
2022-08-18,5호선,서대문,20190,20695,40885,-505,8,18,목
2022-08-18,5호선,충정로(경기대입구),4727,4892,9619,-165,8,18,목
2022-08-18,5호선,애오개,6955,6884,13839,71,8,18,목
2022-08-18,5호선,공덕,14829,15613,30442,-784,8,18,목
2022-08-18,5호선,마포,14681,15025,29706,-344,8,18,목
2022-08-18,5호선,여의나루,12990,14147,27137,-1157,8,18,목
2022-08-18,5호선,여의도,30000,32452,62452,-2452,8,18,목
2022-08-18,5호선,신길,4306,4514,8820,-208,8,18,목
2022-08-18,5호선,영등포시장,10318,10658,20976,-340,8,18,목
2022-08-18,5호선,영등포구청,4603,4326,8929,277,8,18,목
2022-08-18,5호선,양평,7611,7554,15165,57,8,18,목
2022-08-18,5호선,오목교(목동운동장앞),22370,23766,46136,-1396,8,18,목
2022-08-18,5호선,목동,17502,18704,36206,-1202,8,18,목
2022-08-18,5호선,신정(은행정),14197,11532,25729,2665,8,18,목
2022-08-18,5호선,까치산,29351,27696,57047,1655,8,18,목
2022-08-18,5호선,화곡,28912,26767,55679,2145,8,18,목
2022-08-18,5호선,우장산,14946,14504,29450,442,8,18,목
2022-08-18,5호선,발산,21092,22220,43312,-1128,8,18,목
2022-08-18,5호선,마곡,11092,11273,22365,-181,8,18,목
2022-08-18,5호선,송정,6531,6025,12556,506,8,18,목
2022-08-18,5호선,김포공항,7323,7232,14555,91,8,18,목
2022-08-18,5호선,개화산,5844,5553,11397,291,8,18,목
2022-08-18,5호선,방화,7317,6941,14258,376,8,18,목
2022-08-18,4호선,남태령,1246,1097,2343,149,8,18,목
2022-08-18,4호선,사당,25253,21446,46699,3807,8,18,목
2022-08-18,4호선,총신대입구(이수),18999,20664,39663,-1665,8,18,목
2022-08-18,4호선,동작(현충원),1365,1508,2873,-143,8,18,목
2022-08-18,4호선,이촌(국립중앙박물관),9278,10353,19631,-1075,8,18,목
2022-08-18,4호선,신용산,18376,19364,37740,-988,8,18,목
2022-08-18,4호선,삼각지,5563,6350,11913,-787,8,18,목
2022-08-18,4호선,숙대입구(갈월),13325,12731,26056,594,8,18,목
2022-08-18,4호선,서울역,12043,18654,30697,-6611,8,18,목
2022-08-18,4호선,회현(남대문시장),25516,26182,51698,-666,8,18,목
2022-08-18,4호선,명동,20633,21254,41887,-621,8,18,목
2022-08-18,4호선,충무로,26262,27803,54065,-1541,8,18,목
2022-08-18,4호선,동대문역사문화공원(DDP),15529,14052,29581,1477,8,18,목
2022-08-18,4호선,동대문,20181,20498,40679,-317,8,18,목
2022-08-18,4호선,혜화,35088,35104,70192,-16,8,18,목
2022-08-18,4호선,한성대입구(삼선교),13010,12593,25603,417,8,18,목
2022-08-18,4호선,성신여대입구(돈암),19428,18939,38367,489,8,18,목
2022-08-18,4호선,길음,20474,20196,40670,278,8,18,목
2022-08-18,4호선,미아사거리,26808,26342,53150,466,8,18,목
2022-08-18,4호선,미아(서울사이버대학),14815,14346,29161,469,8,18,목
2022-08-18,4호선,수유(강북구청),33266,33680,66946,-414,8,18,목
2022-08-18,4호선,쌍문,28472,26990,55462,1482,8,18,목
2022-08-18,4호선,창동,25505,26835,52340,-1330,8,18,목
2022-08-18,4호선,노원,18649,20981,39630,-2332,8,18,목
2022-08-18,4호선,상계,18792,17796,36588,996,8,18,목
2022-08-18,4호선,당고개,9056,8043,17099,1013,8,18,목
2022-08-18,3호선,오금,6316,5716,12032,600,8,18,목
2022-08-18,3호선,경찰병원,7453,7498,14951,-45,8,18,목
2022-08-18,3호선,가락시장,8956,8951,17907,5,8,18,목
2022-08-18,3호선,수서,17439,17801,35240,-362,8,18,목
2022-08-18,3호선,일원,11173,10636,21809,537,8,18,목
2022-08-18,3호선,대청,10686,9895,20581,791,8,18,목
2022-08-18,3호선,학여울,4026,4332,8358,-306,8,18,목
2022-08-18,3호선,대치,11816,11633,23449,183,8,18,목
2022-08-18,3호선,도곡,5378,5404,10782,-26,8,18,목
2022-08-18,3호선,매봉,12787,12342,25129,445,8,18,목
2022-08-18,3호선,양재(서초구청),38463,42242,80705,-3779,8,18,목
2022-08-18,3호선,남부터미널(예술의전당),29892,30441,60333,-549,8,18,목
2022-08-18,3호선,교대(법원.검찰청),15561,9948,25509,5613,8,18,목
2022-08-18,3호선,고속터미널,41773,40476,82249,1297,8,18,목
2022-08-18,3호선,잠원,5118,4881,9999,237,8,18,목
2022-08-18,3호선,신사,30278,31552,61830,-1274,8,18,목
2022-08-18,3호선,압구정,33338,35791,69129,-2453,8,18,목
2022-08-18,3호선,옥수,9300,9519,18819,-219,8,18,목
2022-08-18,3호선,금호,8041,7370,15411,671,8,18,목
2022-08-18,3호선,약수,13193,12788,25981,405,8,18,목
2022-08-18,3호선,동대입구,8105,8905,17010,-800,8,18,목
2022-08-18,3호선,을지로3가,11353,11246,22599,107,8,18,목
2022-08-18,3호선,종로3가,10589,12135,22724,-1546,8,18,목
2022-08-18,3호선,안국,23244,24198,47442,-954,8,18,목
2022-08-18,3호선,경복궁(정부서울청사),21705,22050,43755,-345,8,18,목
2022-08-18,3호선,독립문,7495,7670,15165,-175,8,18,목
2022-08-18,3호선,무악재,4022,4001,8023,21,8,18,목
2022-08-18,3호선,홍제,17626,16368,33994,1258,8,18,목
2022-08-18,3호선,녹번,15619,14119,29738,1500,8,18,목
2022-08-18,3호선,불광,16241,17333,33574,-1092,8,18,목
2022-08-18,3호선,연신내,36578,34479,71057,2099,8,18,목
2022-08-18,3호선,구파발,21427,20601,42028,826,8,18,목
2022-08-18,3호선,지축,5431,5200,10631,231,8,18,목
2022-08-18,2호선,용두(동대문구청),2453,2418,4871,35,8,18,목
2022-08-18,2호선,신정네거리,10472,10677,21149,-205,8,18,목
2022-08-18,2호선,양천구청,6878,7245,14123,-367,8,18,목
2022-08-18,2호선,도림천,1488,1513,3001,-25,8,18,목
2022-08-18,2호선,신설동,3176,3177,6353,-1,8,18,목
2022-08-18,2호선,신답,1704,1938,3642,-234,8,18,목
2022-08-18,2호선,용답,2980,2642,5622,338,8,18,목
2022-08-18,2호선,충정로(경기대입구),10631,11353,21984,-722,8,18,목
2022-08-18,2호선,아현,10880,10189,21069,691,8,18,목
2022-08-18,2호선,이대,13361,14179,27540,-818,8,18,목
2022-08-18,2호선,신촌,35145,35799,70944,-654,8,18,목
2022-08-18,2호선,홍대입구,60305,64402,124707,-4097,8,18,목
2022-08-18,2호선,합정,32603,35232,67835,-2629,8,18,목
2022-08-18,2호선,당산,18602,21769,40371,-3167,8,18,목
2022-08-18,2호선,영등포구청,22232,23399,45631,-1167,8,18,목
2022-08-18,2호선,문래,23203,23610,46813,-407,8,18,목
2022-08-18,2호선,신도림,49213,48741,97954,472,8,18,목
2022-08-18,2호선,대림(구로구청),24293,24720,49013,-427,8,18,목
2022-08-18,2호선,구로디지털단지,61178,61305,122483,-127,8,18,목
2022-08-18,2호선,신대방,25518,24884,50402,634,8,18,목
2022-08-18,2호선,신림,58929,56321,115250,2608,8,18,목
2022-08-18,2호선,봉천,24753,23162,47915,1591,8,18,목
2022-08-18,2호선,서울대입구(관악구청),47572,46629,94201,943,8,18,목
2022-08-18,2호선,낙성대(강감찬),28224,27124,55348,1100,8,18,목
2022-08-18,2호선,사당,39932,42759,82691,-2827,8,18,목
2022-08-18,2호선,방배,16656,17069,33725,-413,8,18,목
2022-08-18,2호선,서초,22799,22090,44889,709,8,18,목
2022-08-18,2호선,교대(법원.검찰청),35828,40913,76741,-5085,8,18,목
2022-08-18,2호선,강남,85878,82883,168761,2995,8,18,목
2022-08-18,분당선,정자,19157,20474,39631,-1317,8,18,목
2022-08-18,2호선,역삼,56031,63900,119931,-7869,8,18,목
2022-08-18,2호선,선릉,61114,54491,115605,6623,8,18,목
2022-08-18,2호선,삼성(무역센터),55958,56810,112768,-852,8,18,목
2022-08-18,2호선,종합운동장,9416,10050,19466,-634,8,18,목
2022-08-18,2호선,잠실새내,22451,22476,44927,-25,8,18,목
2022-08-18,2호선,잠실(송파구청),73647,72580,146227,1067,8,18,목
2022-08-18,2호선,잠실나루,15450,15014,30464,436,8,18,목
2022-08-18,2호선,강변(동서울터미널),31790,30692,62482,1098,8,18,목
2022-08-18,2호선,구의(광진구청),23972,23470,47442,502,8,18,목
2022-08-18,2호선,건대입구,34267,37312,71579,-3045,8,18,목
2022-08-18,2호선,성수,40109,44118,84227,-4009,8,18,목
2022-08-18,2호선,뚝섬,23806,25722,49528,-1916,8,18,목
2022-08-18,2호선,한양대,8324,9527,17851,-1203,8,18,목
2022-08-18,2호선,왕십리(성동구청),16613,13838,30451,2775,8,18,목
2022-08-18,2호선,상왕십리,14543,14174,28717,369,8,18,목
2022-08-18,2호선,신당,14295,14682,28977,-387,8,18,목
2022-08-18,2호선,동대문역사문화공원(DDP),13148,14755,27903,-1607,8,18,목
2022-08-18,2호선,을지로4가,14132,14296,28428,-164,8,18,목
2022-08-18,2호선,을지로3가,24508,24792,49300,-284,8,18,목
2022-08-18,2호선,을지로입구,44048,45886,89934,-1838,8,18,목
2022-08-18,2호선,시청,24891,24031,48922,860,8,18,목
2022-08-18,1호선,동묘앞,7645,7852,15497,-207,8,18,목
2022-08-18,1호선,청량리(서울시립대입구),20372,19667,40039,705,8,18,목
2022-08-18,1호선,제기동,17482,17945,35427,-463,8,18,목
2022-08-18,1호선,신설동,13874,13499,27373,375,8,18,목
2022-08-18,1호선,동대문,10849,10079,20928,770,8,18,목
2022-08-18,1호선,종로5가,23249,23427,46676,-178,8,18,목
2022-08-18,1호선,종로3가,26838,24437,51275,2401,8,18,목
2022-08-18,1호선,종각,38727,38073,76800,654,8,18,목
2022-08-18,1호선,시청,24026,24738,48764,-712,8,18,목
2022-08-18,1호선,서울역,48506,46806,95312,1700,8,18,목
2022-08-18,우이신설선,보문,1546,1531,3077,15,8,18,목
2022-08-18,우이신설선,성신여대입구(돈암),3242,3591,6833,-349,8,18,목
2022-08-18,9호선,공항시장,3050,3285,6335,-235,8,18,목
2022-08-18,9호선,신방화,6989,6907,13896,82,8,18,목
2022-08-18,9호선,마곡나루(서울식물원),12786,12656,25442,130,8,18,목
2022-08-18,9호선,양천향교,9842,10110,19952,-268,8,18,목
2022-08-18,9호선,가양,21719,21122,42841,597,8,18,목
2022-08-18,9호선,증미,7788,7551,15339,237,8,18,목
2022-08-18,9호선,등촌,11852,11442,23294,410,8,18,목
2022-08-18,9호선,염창,18200,17409,35609,791,8,18,목
2022-08-18,9호선,신목동,4502,3795,8297,707,8,18,목
2022-08-18,9호선,선유도,8959,8563,17522,396,8,18,목
2022-08-18,9호선,당산,19426,19757,39183,-331,8,18,목
2022-08-18,9호선,국회의사당,19006,19641,38647,-635,8,18,목
2022-08-18,9호선,여의도,30664,29677,60341,987,8,18,목
2022-08-18,9호선,샛강,6551,6526,13077,25,8,18,목
2022-08-18,9호선,노량진,25406,24757,50163,649,8,18,목
2022-08-18,9호선,노들,4866,4031,8897,835,8,18,목
2022-08-18,9호선,흑석(중앙대입구),8399,8757,17156,-358,8,18,목
2022-08-18,9호선,동작(현충원),1850,1473,3323,377,8,18,목
2022-08-18,9호선,구반포,1186,1186,2372,0,8,18,목
2022-08-18,9호선,신반포,3794,3717,7511,77,8,18,목
2022-08-18,9호선,고속터미널,13216,16814,30030,-3598,8,18,목
2022-08-18,9호선,사평,3854,3774,7628,80,8,18,목
2022-08-18,9호선,신논현,31579,31411,62990,168,8,18,목
2022-08-18,9호선2~3단계,언주,11414,11688,23102,-274,8,18,목
2022-08-18,9호선2~3단계,선정릉,10750,11767,22517,-1017,8,18,목
2022-08-18,9호선2~3단계,삼성중앙,7823,8221,16044,-398,8,18,목
2022-08-18,9호선2~3단계,봉은사,18720,19023,37743,-303,8,18,목
2022-08-18,9호선2~3단계,종합운동장,4550,4639,9189,-89,8,18,목
2022-08-18,9호선2~3단계,삼전,7271,6878,14149,393,8,18,목
2022-08-18,9호선2~3단계,석촌고분,6606,6529,13135,77,8,18,목
2022-08-18,9호선2~3단계,석촌,9001,7836,16837,1165,8,18,목
2022-08-18,9호선2~3단계,송파나루,5431,5756,11187,-325,8,18,목
2022-08-18,9호선2~3단계,한성백제,2712,2424,5136,288,8,18,목
2022-08-18,9호선2~3단계,올림픽공원(한국체대),6357,6374,12731,-17,8,18,목
2022-08-18,9호선2~3단계,둔촌오륜,1229,1163,2392,66,8,18,목
2022-08-18,9호선2~3단계,중앙보훈병원,11861,10560,22421,1301,8,18,목
2022-08-18,경강선,판교,5355,5433,10788,-78,8,18,목
2022-08-18,경강선,이매,1145,1003,2148,142,8,18,목
2022-08-18,경강선,삼동,2661,2365,5026,296,8,18,목
2022-08-18,경강선,경기광주,8233,7724,15957,509,8,18,목
2022-08-18,경강선,초월,3270,3056,6326,214,8,18,목
2022-08-18,경강선,곤지암,2167,2198,4365,-31,8,18,목
2022-08-18,경강선,신둔도예촌,1629,1503,3132,126,8,18,목
2022-08-18,경강선,이천,2615,2710,5325,-95,8,18,목
2022-08-18,경강선,부발,2075,2017,4092,58,8,18,목
2022-08-18,경강선,세종대왕릉,372,359,731,13,8,18,목
2022-08-18,경강선,여주,2124,2112,4236,12,8,18,목
2022-08-18,경부선,서울역,7961,2272,10233,5689,8,18,목
2022-08-18,경부선,남영,9716,10088,19804,-372,8,18,목
2022-08-18,경부선,용산,38303,39270,77573,-967,8,18,목
2022-08-18,경부선,노량진,7826,7625,15451,201,8,18,목
2022-08-18,경부선,대방,11235,12100,23335,-865,8,18,목
2022-08-18,경부선,영등포,38677,39828,78505,-1151,8,18,목
2022-08-18,경부선,신도림,4258,4247,8505,11,8,18,목
2022-08-18,경부선,신길,9362,7997,17359,1365,8,18,목
2022-08-18,경부선,구로,18507,18976,37483,-469,8,18,목
2022-08-18,경부선,가산디지털단지,18354,21444,39798,-3090,8,18,목
2022-08-18,경부선,금천구청,11494,11493,22987,1,8,18,목
2022-08-18,경부선,석수,9416,8467,17883,949,8,18,목
2022-08-18,경부선,관악,7401,7049,14450,352,8,18,목
2022-08-18,경부선,안양,22170,21740,43910,430,8,18,목
2022-08-18,경부선,명학,9263,9017,18280,246,8,18,목
2022-08-18,경부선,금정,27415,27954,55369,-539,8,18,목
2022-08-18,경부선,군포,7603,7525,15128,78,8,18,목
2022-08-18,경부선,의왕,8919,8887,17806,32,8,18,목
2022-08-18,경부선,성균관대,14096,13844,27940,252,8,18,목
2022-08-18,경부선,화서,8373,8009,16382,364,8,18,목
2022-08-18,경부선,수원,32930,35359,68289,-2429,8,18,목
2022-08-18,경부선,독산,18762,19301,38063,-539,8,18,목
2022-08-18,경부선,세류,3141,2762,5903,379,8,18,목
2022-08-18,경부선,병점,14177,13930,28107,247,8,18,목
2022-08-18,경부선,세마,2925,2742,5667,183,8,18,목
2022-08-18,경부선,오산대,3541,3304,6845,237,8,18,목
2022-08-18,경부선,오산,9773,9694,19467,79,8,18,목
2022-08-18,경부선,진위,1675,1511,3186,164,8,18,목
2022-08-18,경부선,송탄,4298,4207,8505,91,8,18,목
2022-08-18,경부선,서정리,6858,6457,13315,401,8,18,목
2022-08-18,경부선,평택지제,3813,3658,7471,155,8,18,목
2022-08-18,경부선,평택,11041,11137,22178,-96,8,18,목
2022-08-18,경부선,성환,3148,3081,6229,67,8,18,목
2022-08-18,경부선,직산,852,884,1736,-32,8,18,목
2022-08-18,경부선,두정,5369,5365,10734,4,8,18,목
2022-08-18,경부선,천안,5183,5329,10512,-146,8,18,목
2022-08-18,경부선,당정,6277,5836,12113,441,8,18,목
2022-08-18,경부선,서동탄,1463,1276,2739,187,8,18,목
2022-08-18,경부선,광명,3611,3080,6691,531,8,18,목
2022-08-18,경원선,이촌(국립중앙박물관),3932,3119,7051,813,8,18,목
2022-08-18,경원선,서빙고,2191,1995,4186,196,8,18,목
2022-08-18,경원선,한남,4314,4041,8355,273,8,18,목
2022-08-18,경원선,옥수,59,41,100,18,8,18,목
2022-08-18,경원선,응봉,1843,1620,3463,223,8,18,목
2022-08-18,경원선,왕십리(성동구청),15171,16693,31864,-1522,8,18,목
2022-08-18,경원선,청량리(서울시립대입구),15603,15986,31589,-383,8,18,목
2022-08-18,경원선,외대앞,7665,7882,15547,-217,8,18,목
2022-08-18,경원선,신이문,8522,7885,16407,637,8,18,목
2022-08-18,경원선,석계,7938,9080,17018,-1142,8,18,목
2022-08-18,경원선,광운대,7564,7108,14672,456,8,18,목
2022-08-18,경원선,월계,6349,5946,12295,403,8,18,목
2022-08-18,경원선,녹천,4815,4016,8831,799,8,18,목
2022-08-18,경원선,방학,10134,9654,19788,480,8,18,목
2022-08-18,경원선,도봉,6201,6070,12271,131,8,18,목
2022-08-18,경원선,도봉산,7746,4936,12682,2810,8,18,목
2022-08-18,경원선,망월사,7673,7931,15604,-258,8,18,목
2022-08-18,경원선,회룡,12956,12871,25827,85,8,18,목
2022-08-18,경원선,의정부,18229,18920,37149,-691,8,18,목
2022-08-18,경원선,가능,7086,6658,13744,428,8,18,목
2022-08-18,경원선,녹양,4725,4424,9149,301,8,18,목
2022-08-18,경원선,양주,7630,7224,14854,406,8,18,목
2022-08-18,경원선,덕계,3338,3001,6339,337,8,18,목
2022-08-18,경원선,덕정,5481,5252,10733,229,8,18,목
2022-08-18,경원선,지행,6420,6455,12875,-35,8,18,목
2022-08-18,경원선,동두천중앙,3140,2997,6137,143,8,18,목
2022-08-18,경원선,보산,1546,1450,2996,96,8,18,목
2022-08-18,경원선,동두천,2037,2336,4373,-299,8,18,목
2022-08-18,경원선,소요산,2813,2490,5303,323,8,18,목
2022-08-18,경의선,서울역,4717,6117,10834,-1400,8,18,목
2022-08-18,경의선,신촌,946,1215,2161,-269,8,18,목
2022-08-18,경의선,효창공원앞,3026,3405,6431,-379,8,18,목
2022-08-18,경의선,공덕,3970,3449,7419,521,8,18,목
2022-08-18,경의선,서강대,2220,2094,4314,126,8,18,목
2022-08-18,경의선,홍대입구,1840,2273,4113,-433,8,18,목
2022-08-18,경의선,가좌,5845,5565,11410,280,8,18,목
2022-08-18,경의선,디지털미디어시티,2796,2467,5263,329,8,18,목
2022-08-18,경의선,수색,2978,3054,6032,-76,8,18,목
2022-08-18,경의선,화전,1685,1510,3195,175,8,18,목
2022-08-18,경의선,강매,3303,2822,6125,481,8,18,목
2022-08-18,경의선,행신,8181,8238,16419,-57,8,18,목
2022-08-18,경의선,능곡,4057,3672,7729,385,8,18,목
2022-08-18,경의선,곡산,650,684,1334,-34,8,18,목
2022-08-18,경의선,백마,7341,6881,14222,460,8,18,목
2022-08-18,경의선,풍산,5966,5704,11670,262,8,18,목
2022-08-18,경의선,일산,10456,10279,20735,177,8,18,목
2022-08-18,경의선,탄현,8091,7534,15625,557,8,18,목
2022-08-18,경의선,야당,8343,8200,16543,143,8,18,목
2022-08-18,경의선,운정,7250,6663,13913,587,8,18,목
2022-08-18,경의선,금릉,5067,5019,10086,48,8,18,목
2022-08-18,경의선,금촌,6598,6498,13096,100,8,18,목
2022-08-18,경의선,월롱,2786,2528,5314,258,8,18,목
2022-08-18,경의선,파주,1160,799,1959,361,8,18,목
2022-08-18,경의선,문산,5516,5403,10919,113,8,18,목
2022-08-18,경의선,임진강,25,15,40,10,8,18,목
2022-08-18,경의선,계양,2,0,2,2,8,18,목
2022-08-18,경인선,개봉,21295,20637,41932,658,8,18,목
2022-08-18,경인선,오류동,11954,10862,22816,1092,8,18,목
2022-08-18,경인선,역곡,27550,27441,54991,109,8,18,목
2022-08-18,경인선,부천,32280,32234,64514,46,8,18,목
2022-08-18,경인선,송내,27669,27673,55342,-4,8,18,목
2022-08-18,경인선,부평,28562,30348,58910,-1786,8,18,목
2022-08-18,경인선,백운,6945,6764,13709,181,8,18,목
2022-08-18,경인선,동암,15931,15929,31860,2,8,18,목
2022-08-18,경인선,주안,18512,16909,35421,1603,8,18,목
2022-08-18,경인선,제물포,10354,9822,20176,532,8,18,목
2022-08-18,경인선,동인천,13946,13032,26978,914,8,18,목
2022-08-18,경인선,인천,4303,3346,7649,957,8,18,목
2022-08-18,경인선,구일,6318,6266,12584,52,8,18,목
2022-08-18,경인선,소사,8318,8313,16631,5,8,18,목
2022-08-18,경인선,부개,8914,8124,17038,790,8,18,목
2022-08-18,경인선,간석,6003,5575,11578,428,8,18,목
2022-08-18,경인선,도원,2933,2928,5861,5,8,18,목
2022-08-18,경인선,온수(성공회대입구),6816,6372,13188,444,8,18,목
2022-08-18,경인선,중동,9740,9041,18781,699,8,18,목
2022-08-18,경인선,도화,4174,3877,8051,297,8,18,목
2022-08-18,경춘선,신내,2404,2228,4632,176,8,18,목
2022-08-18,경춘선,갈매,3215,2726,5941,489,8,18,목
2022-08-18,경춘선,별내,3240,3143,6383,97,8,18,목
2022-08-18,경춘선,퇴계원,3612,3339,6951,273,8,18,목
2022-08-18,경춘선,사릉,2438,2345,4783,93,8,18,목
2022-08-18,경춘선,금곡,1634,1562,3196,72,8,18,목
2022-08-18,경춘선,평내호평,6435,6298,12733,137,8,18,목
2022-08-18,경춘선,천마산,1691,1565,3256,126,8,18,목
2022-08-18,경춘선,마석,4409,4475,8884,-66,8,18,목
2022-08-18,경춘선,대성리,881,1011,1892,-130,8,18,목
2022-08-18,경춘선,청평,2102,2012,4114,90,8,18,목
2022-08-18,경춘선,상천,371,349,720,22,8,18,목
2022-08-18,경춘선,가평,2756,2827,5583,-71,8,18,목
2022-08-18,경춘선,굴봉산,183,148,331,35,8,18,목
2022-08-18,경춘선,백양리,119,93,212,26,8,18,목
2022-08-18,경춘선,강촌,508,480,988,28,8,18,목
2022-08-18,경춘선,김유정,410,400,810,10,8,18,목
2022-08-18,경춘선,남춘천,2390,2474,4864,-84,8,18,목
2022-08-18,경춘선,춘천,1516,1342,2858,174,8,18,목
2022-08-18,공항철도 1호선,서울역,9361,8584,17945,777,8,18,목
2022-08-18,공항철도 1호선,공덕,2616,3416,6032,-800,8,18,목
2022-08-18,공항철도 1호선,홍대입구,11457,11660,23117,-203,8,18,목
2022-08-18,공항철도 1호선,디지털미디어시티,14710,13565,28275,1145,8,18,목
2022-08-18,공항철도 1호선,마곡나루(서울식물원),9952,9275,19227,677,8,18,목
2022-08-18,공항철도 1호선,김포공항,11360,6511,17871,4849,8,18,목
2022-08-18,공항철도 1호선,계양,11651,10610,22261,1041,8,18,목
2022-08-18,공항철도 1호선,검암,6941,6742,13683,199,8,18,목
2022-08-18,공항철도 1호선,청라국제도시,7371,6929,14300,442,8,18,목
2022-08-18,공항철도 1호선,운서,7880,8125,16005,-245,8,18,목
2022-08-18,공항철도 1호선,공항화물청사,2443,2586,5029,-143,8,18,목
2022-08-18,공항철도 1호선,인천공항1터미널,8949,7667,16616,1282,8,18,목
2022-08-18,공항철도 1호선,인천공항2터미널,3872,3137,7009,735,8,18,목
2022-08-18,공항철도 1호선,영종,3699,3640,7339,59,8,18,목
2022-08-18,과천선,선바위,7918,7018,14936,900,8,18,목
2022-08-18,과천선,경마공원,1304,1285,2589,19,8,18,목
2022-08-18,과천선,대공원,3174,3386,6560,-212,8,18,목
2022-08-18,과천선,과천,6360,5906,12266,454,8,18,목
2022-08-18,과천선,정부과천청사,11234,11056,22290,178,8,18,목
2022-08-18,과천선,인덕원,24234,25341,49575,-1107,8,18,목
2022-08-18,과천선,평촌,18276,18203,36479,73,8,18,목
2022-08-18,과천선,범계,25889,25885,51774,4,8,18,목
2022-08-18,분당선,선릉,14541,21836,36377,-7295,8,18,목
2022-08-18,분당선,한티,15107,16126,31233,-1019,8,18,목
2022-08-18,분당선,도곡,7387,7297,14684,90,8,18,목
2022-08-18,분당선,구룡,2371,2271,4642,100,8,18,목
2022-08-18,분당선,개포동,4120,4153,8273,-33,8,18,목
2022-08-18,분당선,대모산입구,4818,4517,9335,301,8,18,목
2022-08-18,분당선,수서,14061,14463,28524,-402,8,18,목
2022-08-18,분당선,수원,8106,6945,15051,1161,8,18,목
2022-08-18,분당선,서울숲,12609,12878,25487,-269,8,18,목
2022-08-18,분당선,압구정로데오,20420,23002,43422,-2582,8,18,목
2022-08-18,분당선,강남구청,10027,11485,21512,-1458,8,18,목
2022-08-18,분당선,선정릉,8236,8820,17056,-584,8,18,목
2022-08-18,분당선,가천대,6745,7379,14124,-634,8,18,목
2022-08-18,분당선,태평,13807,13155,26962,652,8,18,목
2022-08-18,분당선,모란,19872,20017,39889,-145,8,18,목
2022-08-18,분당선,야탑,26705,27689,54394,-984,8,18,목
2022-08-18,분당선,서현,25334,25780,51114,-446,8,18,목
2022-08-18,분당선,수내,14351,14357,28708,-6,8,18,목
2022-08-18,분당선,미금,16019,16960,32979,-941,8,18,목
2022-08-18,분당선,오리,11878,9907,21785,1971,8,18,목
2022-08-18,분당선,이매,6155,5552,11707,603,8,18,목
2022-08-18,분당선,보정,2873,2461,5334,412,8,18,목
2022-08-18,분당선,죽전,13102,14468,27570,-1366,8,18,목
2022-08-18,분당선,구성,5105,5433,10538,-328,8,18,목
2022-08-18,분당선,신갈,4872,4730,9602,142,8,18,목
2022-08-18,분당선,기흥,10374,9791,20165,583,8,18,목
2022-08-18,분당선,상갈,5516,5400,10916,116,8,18,목
2022-08-18,분당선,청명,4428,4251,8679,177,8,18,목
2022-08-18,분당선,영통,8459,8514,16973,-55,8,18,목
2022-08-18,분당선,망포,14925,14063,28988,862,8,18,목
2022-08-18,분당선,매탄권선,5307,5058,10365,249,8,18,목
2022-08-18,분당선,수원시청,12998,14183,27181,-1185,8,18,목
2022-08-18,분당선,매교,3644,3599,7243,45,8,18,목
2022-08-18,수인선,고색,4739,4216,8955,523,8,18,목
2022-08-18,수인선,오목천,2985,2884,5869,101,8,18,목
2022-08-18,수인선,어천,964,930,1894,34,8,18,목
2022-08-18,수인선,야목,395,303,698,92,8,18,목
2022-08-18,수인선,사리,4800,4172,8972,628,8,18,목
2022-08-18,수인선,달월,113,81,194,32,8,18,목
2022-08-18,수인선,월곶,2972,2750,5722,222,8,18,목
2022-08-18,수인선,소래포구,5039,4652,9691,387,8,18,목
2022-08-18,수인선,인천논현,5579,5893,11472,-314,8,18,목
2022-08-18,수인선,호구포,4188,4384,8572,-196,8,18,목
2022-08-18,수인선,남동인더스파크,2326,2611,4937,-285,8,18,목
2022-08-18,수인선,원인재,4291,4392,8683,-101,8,18,목
2022-08-18,수인선,연수,4578,4619,9197,-41,8,18,목
2022-08-18,수인선,송도,2407,2274,4681,133,8,18,목
2022-08-18,수인선,인하대,5827,5462,11289,365,8,18,목
2022-08-18,수인선,숭의,4127,3829,7956,298,8,18,목
2022-08-18,수인선,신포,1720,1762,3482,-42,8,18,목
2022-08-18,수인선,인천,1225,1936,3161,-711,8,18,목
2022-08-18,신림선,샛강,2231,2791,5022,-560,8,18,목
2022-08-18,신림선,대방,2128,1717,3845,411,8,18,목
2022-08-18,신림선,서울지방병무청,2380,2611,4991,-231,8,18,목
2022-08-18,신림선,보라매,2992,2746,5738,246,8,18,목
2022-08-18,신림선,보라매공원,1881,1974,3855,-93,8,18,목
2022-08-18,신림선,보라매병원,7037,7479,14516,-442,8,18,목
2022-08-18,신림선,당곡,3902,3868,7770,34,8,18,목
2022-08-18,신림선,신림,1654,2216,3870,-562,8,18,목
2022-08-18,신림선,서원,2922,2568,5490,354,8,18,목
2022-08-18,신림선,서울대벤처타운,6723,6784,13507,-61,8,18,목
2022-08-18,신림선,관악산(서울대),3049,3079,6128,-30,8,18,목
2022-08-18,안산선,산본,16009,17401,33410,-1392,8,18,목
2022-08-18,안산선,대야미,5131,4589,9720,542,8,18,목
2022-08-18,중앙선,지평,64,74,138,-10,8,18,목
2022-08-18,중앙선,용문,2071,2068,4139,3,8,18,목
2022-08-18,중앙선,원덕,355,375,730,-20,8,18,목
2022-08-18,중앙선,양평,4143,4091,8234,52,8,18,목
2022-08-18,중앙선,아신,561,597,1158,-36,8,18,목
2022-08-19,분당선,도곡,7719,7581,15300,138,8,19,금
2022-08-19,분당선,구룡,2479,2329,4808,150,8,19,금
2022-08-19,분당선,개포동,4296,4416,8712,-120,8,19,금
2022-08-19,분당선,대모산입구,5017,4793,9810,224,8,19,금
2022-08-19,분당선,수서,15519,16270,31789,-751,8,19,금
2022-08-19,분당선,수원,8439,7238,15677,1201,8,19,금
2022-08-19,분당선,서울숲,11961,12005,23966,-44,8,19,금
2022-08-19,분당선,압구정로데오,21610,24773,46383,-3163,8,19,금
2022-08-19,분당선,강남구청,10260,11690,21950,-1430,8,19,금
2022-08-19,분당선,선정릉,8721,8858,17579,-137,8,19,금
2022-08-19,분당선,가천대,6935,7562,14497,-627,8,19,금
2022-08-19,분당선,태평,14370,13664,28034,706,8,19,금
2022-08-19,분당선,모란,25204,26254,51458,-1050,8,19,금
2022-08-19,분당선,야탑,27212,28560,55772,-1348,8,19,금
2022-08-19,분당선,서현,27190,27720,54910,-530,8,19,금
2022-08-19,분당선,수내,14570,14515,29085,55,8,19,금
2022-08-19,분당선,정자,19501,20869,40370,-1368,8,19,금
2022-08-19,분당선,미금,16192,17182,33374,-990,8,19,금
2022-08-19,분당선,오리,12321,9810,22131,2511,8,19,금
2022-08-19,분당선,이매,6292,5969,12261,323,8,19,금
2022-08-19,분당선,보정,2908,2401,5309,507,8,19,금
2022-08-19,분당선,죽전,13663,15073,28736,-1410,8,19,금
2022-08-19,분당선,구성,5197,5608,10805,-411,8,19,금
2022-08-19,분당선,신갈,4830,4624,9454,206,8,19,금
2022-08-19,분당선,기흥,10531,9918,20449,613,8,19,금
2022-08-19,분당선,상갈,5459,5337,10796,122,8,19,금
2022-08-19,분당선,청명,4781,4355,9136,426,8,19,금
2022-08-19,분당선,영통,8979,9159,18138,-180,8,19,금
2022-08-19,분당선,망포,15842,14528,30370,1314,8,19,금
2022-08-19,분당선,매탄권선,5532,5211,10743,321,8,19,금
2022-08-19,분당선,수원시청,13402,15811,29213,-2409,8,19,금
2022-08-19,분당선,매교,3809,3824,7633,-15,8,19,금
2022-08-19,수인선,고색,4728,4392,9120,336,8,19,금
2022-08-19,수인선,오목천,3254,2905,6159,349,8,19,금
2022-08-19,수인선,어천,1088,955,2043,133,8,19,금
2022-08-19,수인선,야목,370,295,665,75,8,19,금
2022-08-19,수인선,사리,4995,4369,9364,626,8,19,금
2022-08-19,수인선,달월,116,71,187,45,8,19,금
2022-08-19,수인선,월곶,2855,2589,5444,266,8,19,금
2022-08-19,수인선,소래포구,4782,4408,9190,374,8,19,금
2022-08-19,수인선,인천논현,5581,5934,11515,-353,8,19,금
2022-08-19,수인선,호구포,4185,4313,8498,-128,8,19,금
2022-08-19,수인선,남동인더스파크,2334,2610,4944,-276,8,19,금
2022-08-19,수인선,원인재,4343,4523,8866,-180,8,19,금
2022-08-19,수인선,연수,4787,4804,9591,-17,8,19,금
2022-08-19,수인선,송도,2384,2262,4646,122,8,19,금
2022-08-19,수인선,인하대,6099,5742,11841,357,8,19,금
2022-08-19,수인선,숭의,4178,3676,7854,502,8,19,금
2022-08-19,수인선,신포,1702,1793,3495,-91,8,19,금
2022-08-19,수인선,인천,1029,1686,2715,-657,8,19,금
2022-08-19,신림선,샛강,2081,2614,4695,-533,8,19,금
2022-08-19,신림선,대방,2089,1683,3772,406,8,19,금
2022-08-19,신림선,서울지방병무청,2411,2763,5174,-352,8,19,금
2022-08-19,신림선,보라매,2976,2728,5704,248,8,19,금
2022-08-19,신림선,보라매공원,1861,1914,3775,-53,8,19,금
2022-08-19,신림선,보라매병원,6705,6578,13283,127,8,19,금
2022-08-19,신림선,당곡,3924,3903,7827,21,8,19,금
2022-08-19,신림선,신림,1618,2108,3726,-490,8,19,금
2022-08-19,신림선,서원,2922,2795,5717,127,8,19,금
2022-08-19,신림선,서울대벤처타운,6809,6790,13599,19,8,19,금
2022-08-19,신림선,관악산(서울대),2491,2465,4956,26,8,19,금
2022-08-19,안산선,산본,16080,17431,33511,-1351,8,19,금
2022-08-19,안산선,대야미,5183,4528,9711,655,8,19,금
2022-08-19,안산선,반월,4326,4096,8422,230,8,19,금
2022-08-19,안산선,상록수,15623,16041,31664,-418,8,19,금
2022-08-19,안산선,한대앞,9337,9264,18601,73,8,19,금
2022-08-19,안산선,중앙,17799,19343,37142,-1544,8,19,금
2022-08-19,안산선,고잔,9106,8635,17741,471,8,19,금
2022-08-19,안산선,초지,4850,4851,9701,-1,8,19,금
2022-08-19,안산선,안산,11905,10910,22815,995,8,19,금
2022-08-19,안산선,신길온천,1859,1669,3528,190,8,19,금
2022-08-19,안산선,정왕,8459,8593,17052,-134,8,19,금
2022-08-19,안산선,오이도,8657,8457,17114,200,8,19,금
2022-08-19,안산선,수리산,4231,3323,7554,908,8,19,금
2022-08-19,우이신설선,북한산우이,2618,2434,5052,184,8,19,금
2022-08-19,우이신설선,솔밭공원,2585,2372,4957,213,8,19,금
2022-08-19,우이신설선,4.19민주묘지,2792,2598,5390,194,8,19,금
2022-08-19,우이신설선,가오리,4241,4248,8489,-7,8,19,금
2022-08-19,우이신설선,화계,3339,3263,6602,76,8,19,금
2022-08-19,우이신설선,삼양,2077,2181,4258,-104,8,19,금
2022-08-19,우이신설선,삼양사거리,2540,2548,5088,-8,8,19,금
2022-08-19,우이신설선,솔샘,5828,5484,11312,344,8,19,금
2022-08-19,우이신설선,북한산보국문,5943,5711,11654,232,8,19,금
2022-08-19,우이신설선,정릉,4694,4222,8916,472,8,19,금
2022-08-19,우이신설선,성신여대입구(돈암),3230,3645,6875,-415,8,19,금
2022-08-19,우이신설선,보문,1526,1556,3082,-30,8,19,금
2022-08-19,우이신설선,신설동,2057,2060,4117,-3,8,19,금
2022-08-19,일산선,원흥,11053,10591,21644,462,8,19,금
2022-08-19,일산선,삼송,19745,19078,38823,667,8,19,금
2022-08-19,일산선,원당,10937,10390,21327,547,8,19,금
2022-08-19,일산선,화정,16626,17248,33874,-622,8,19,금
2022-08-19,일산선,대곡,2170,1629,3799,541,8,19,금
2022-08-19,일산선,백석,9877,10067,19944,-190,8,19,금
2022-08-19,일산선,마두,7929,8156,16085,-227,8,19,금
2022-08-19,일산선,정발산,7406,7922,15328,-516,8,19,금
2022-08-19,일산선,주엽,9325,9568,18893,-243,8,19,금
2022-08-19,일산선,대화,14225,11566,25791,2659,8,19,금
2022-08-19,장항선,봉명,1390,1348,2738,42,8,19,금
2022-08-19,장항선,쌍용(나사렛대),2116,1974,4090,142,8,19,금
2022-08-19,장항선,아산,3514,3601,7115,-87,8,19,금
2022-08-19,장항선,탕정,1057,881,1938,176,8,19,금
2022-08-19,장항선,배방,1237,1112,2349,125,8,19,금
2022-08-19,장항선,온양온천,5153,5330,10483,-177,8,19,금
2022-08-19,장항선,신창(순천향대),1280,1101,2381,179,8,19,금
2022-08-19,중앙선,회기,24960,23930,48890,1030,8,19,금
2022-08-19,중앙선,중랑,5701,5302,11003,399,8,19,금
2022-08-19,중앙선,상봉(시외버스터미널),5796,5564,11360,232,8,19,금
2022-08-19,중앙선,망우,7911,7912,15823,-1,8,19,금
2022-08-19,중앙선,양원,3247,3034,6281,213,8,19,금
2022-08-19,중앙선,구리,13360,13868,27228,-508,8,19,금
2022-08-19,중앙선,도농,11105,10181,21286,924,8,19,금
2022-08-19,중앙선,양정,695,611,1306,84,8,19,금
2022-08-19,중앙선,덕소,5556,5572,11128,-16,8,19,금
2022-08-19,중앙선,도심,2508,1937,4445,571,8,19,금
2022-08-19,중앙선,팔당,815,844,1659,-29,8,19,금
2022-08-19,중앙선,운길산,693,644,1337,49,8,19,금
2022-08-19,중앙선,양수,1848,1898,3746,-50,8,19,금
2022-08-19,중앙선,신원,181,182,363,-1,8,19,금
2022-08-19,중앙선,국수,747,735,1482,12,8,19,금
2022-08-19,중앙선,아신,585,617,1202,-32,8,19,금
2022-08-19,중앙선,오빈,322,320,642,2,8,19,금
2022-08-19,중앙선,양평,2959,3127,6086,-168,8,19,금
2022-08-19,9호선,김포공항,8326,12529,20855,-4203,8,19,금
2022-08-19,6호선,역촌,3844,4481,8325,-637,8,19,금
2022-08-19,6호선,응암,17503,17341,34844,162,8,19,금
2022-08-19,5호선,하남검단산,6075,5781,11856,294,8,19,금
2022-08-19,5호선,하남시청(덕풍·신장),7365,7215,14580,150,8,19,금
2022-08-19,5호선,하남풍산,4371,4354,8725,17,8,19,금
2022-08-19,5호선,미사,16459,17042,33501,-583,8,19,금
2022-08-19,5호선,강일,4577,4518,9095,59,8,19,금
2022-08-19,5호선,마천,7641,7309,14950,332,8,19,금
2022-08-19,5호선,거여,10406,10127,20533,279,8,19,금
2022-08-19,5호선,개롱,6398,6816,13214,-418,8,19,금
2022-08-19,5호선,오금,3880,3910,7790,-30,8,19,금
2022-08-19,5호선,방이,7162,7596,14758,-434,8,19,금
2022-08-19,5호선,올림픽공원(한국체대),4485,3716,8201,769,8,19,금
2022-08-19,5호선,둔촌동,8414,8460,16874,-46,8,19,금
2022-08-19,5호선,상일동,15142,14257,29399,885,8,19,금
2022-08-19,5호선,고덕,10315,9806,20121,509,8,19,금
2022-08-19,5호선,명일,8780,9356,18136,-576,8,19,금
2022-08-19,5호선,굽은다리(강동구민회관앞),9901,9588,19489,313,8,19,금
2022-08-19,5호선,길동,8293,8788,17081,-495,8,19,금
2022-08-19,5호선,강동,19159,18391,37550,768,8,19,금
2022-08-19,5호선,천호(풍납토성),19188,19122,38310,66,8,19,금
2022-08-19,5호선,광나루(장신대),13367,12176,25543,1191,8,19,금
2022-08-19,5호선,아차산(어린이대공원후문),14824,14335,29159,489,8,19,금
2022-08-19,5호선,군자(능동),11347,12429,23776,-1082,8,19,금
2022-08-19,5호선,장한평,19117,19073,38190,44,8,19,금
2022-08-19,5호선,답십리,16653,15222,31875,1431,8,19,금
2022-08-19,5호선,마장,5665,5317,10982,348,8,19,금
2022-08-19,5호선,왕십리(성동구청),4704,5335,10039,-631,8,19,금
2022-08-19,5호선,행당,8337,7592,15929,745,8,19,금
2022-08-19,5호선,신금호,6480,6650,13130,-170,8,19,금
2022-08-19,5호선,청구,4038,3788,7826,250,8,19,금
2022-08-19,5호선,동대문역사문화공원(DDP),3332,3735,7067,-403,8,19,금
2022-08-19,5호선,을지로4가,6091,6210,12301,-119,8,19,금
2022-08-19,5호선,종로3가,13786,13981,27767,-195,8,19,금
2022-08-19,5호선,광화문(세종문화회관),34179,35376,69555,-1197,8,19,금
2022-08-19,5호선,서대문,20628,20021,40649,607,8,19,금
2022-08-19,5호선,충정로(경기대입구),4813,4844,9657,-31,8,19,금
2022-08-19,5호선,애오개,7045,7146,14191,-101,8,19,금
2022-08-19,5호선,공덕,14570,15525,30095,-955,8,19,금
2022-08-19,5호선,마포,14881,15392,30273,-511,8,19,금
2022-08-19,5호선,여의나루,9474,11488,20962,-2014,8,19,금
2022-08-19,5호선,여의도,32244,31799,64043,445,8,19,금
2022-08-19,5호선,신길,4305,4626,8931,-321,8,19,금
2022-08-19,5호선,영등포시장,10480,10887,21367,-407,8,19,금
2022-08-19,5호선,영등포구청,4310,4148,8458,162,8,19,금
2022-08-19,5호선,양평,7737,7576,15313,161,8,19,금
2022-08-19,5호선,오목교(목동운동장앞),22609,24428,47037,-1819,8,19,금
2022-08-19,5호선,목동,17443,18683,36126,-1240,8,19,금
2022-08-19,5호선,신정(은행정),14231,11680,25911,2551,8,19,금
2022-08-19,5호선,까치산,29360,27777,57137,1583,8,19,금
2022-08-19,5호선,화곡,29098,26770,55868,2328,8,19,금
2022-08-19,5호선,우장산,15104,14700,29804,404,8,19,금
2022-08-19,5호선,발산,20418,21366,41784,-948,8,19,금
2022-08-19,5호선,마곡,11049,11061,22110,-12,8,19,금
2022-08-19,5호선,송정,6674,6157,12831,517,8,19,금
2022-08-19,5호선,김포공항,8137,7849,15986,288,8,19,금
2022-08-19,5호선,개화산,5665,5419,11084,246,8,19,금
2022-08-19,5호선,방화,7115,6721,13836,394,8,19,금
2022-08-19,4호선,남태령,1403,1112,2515,291,8,19,금
2022-08-19,4호선,사당,26848,22392,49240,4456,8,19,금
2022-08-19,4호선,총신대입구(이수),19367,21206,40573,-1839,8,19,금
2022-08-19,4호선,동작(현충원),1232,1367,2599,-135,8,19,금
2022-08-19,4호선,이촌(국립중앙박물관),9248,10028,19276,-780,8,19,금
2022-08-19,4호선,신용산,19046,19544,38590,-498,8,19,금
2022-08-19,4호선,삼각지,5842,6625,12467,-783,8,19,금
2022-08-19,4호선,숙대입구(갈월),13436,13086,26522,350,8,19,금
2022-08-19,4호선,서울역,12419,20863,33282,-8444,8,19,금
2022-08-19,4호선,회현(남대문시장),25790,25641,51431,149,8,19,금
2022-08-19,4호선,명동,20103,21235,41338,-1132,8,19,금
2022-08-19,4호선,충무로,26189,27117,53306,-928,8,19,금
2022-08-19,4호선,동대문역사문화공원(DDP),15633,13278,28911,2355,8,19,금
2022-08-19,4호선,동대문,20356,19347,39703,1009,8,19,금
2022-08-19,4호선,혜화,35001,34566,69567,435,8,19,금
2022-08-19,4호선,한성대입구(삼선교),13657,13298,26955,359,8,19,금
2022-08-19,4호선,성신여대입구(돈암),19431,19269,38700,162,8,19,금
2022-08-19,4호선,길음,20253,20317,40570,-64,8,19,금
2022-08-19,4호선,미아사거리,26643,26445,53088,198,8,19,금
2022-08-19,4호선,미아(서울사이버대학),14771,14245,29016,526,8,19,금
2022-08-19,4호선,수유(강북구청),33170,34525,67695,-1355,8,19,금
2022-08-19,4호선,쌍문,28518,26718,55236,1800,8,19,금
2022-08-19,4호선,창동,25727,27398,53125,-1671,8,19,금
2022-08-19,7호선,상도,11330,10859,22189,471,8,19,금
2022-08-19,4호선,노원,18308,21392,39700,-3084,8,19,금
2022-08-19,4호선,상계,18727,17739,36466,988,8,19,금
2022-08-19,4호선,당고개,8938,8079,17017,859,8,19,금
2022-08-19,3호선,오금,6473,5922,12395,551,8,19,금
2022-08-19,3호선,경찰병원,7712,7801,15513,-89,8,19,금
2022-08-19,3호선,가락시장,9257,9070,18327,187,8,19,금
2022-08-19,3호선,수서,19047,19096,38143,-49,8,19,금
2022-08-19,3호선,일원,11011,10474,21485,537,8,19,금
2022-08-19,3호선,대청,10926,10077,21003,849,8,19,금
2022-08-19,3호선,학여울,4183,4249,8432,-66,8,19,금
2022-08-19,3호선,대치,12185,12303,24488,-118,8,19,금
2022-08-19,3호선,도곡,5563,5447,11010,116,8,19,금
2022-08-19,3호선,매봉,12991,12285,25276,706,8,19,금
2022-08-19,3호선,양재(서초구청),40414,42346,82760,-1932,8,19,금
2022-08-19,3호선,남부터미널(예술의전당),32146,32224,64370,-78,8,19,금
2022-08-19,3호선,교대(법원.검찰청),15379,9909,25288,5470,8,19,금
2022-08-19,3호선,고속터미널,47583,48533,96116,-950,8,19,금
2022-08-19,3호선,잠원,5089,4931,10020,158,8,19,금
2022-08-19,3호선,신사,31793,33103,64896,-1310,8,19,금
2022-08-19,3호선,압구정,35027,37333,72360,-2306,8,19,금
2022-08-19,3호선,옥수,9282,9576,18858,-294,8,19,금
2022-08-19,3호선,금호,7999,7582,15581,417,8,19,금
2022-08-19,3호선,약수,13158,12765,25923,393,8,19,금
2022-08-19,3호선,동대입구,8389,8890,17279,-501,8,19,금
2022-08-19,3호선,충무로,2,0,2,2,8,19,금
2022-08-19,3호선,을지로3가,11631,11544,23175,87,8,19,금
2022-08-19,3호선,종로3가,10918,12818,23736,-1900,8,19,금
2022-08-19,3호선,안국,24232,23401,47633,831,8,19,금
2022-08-19,3호선,경복궁(정부서울청사),21269,20957,42226,312,8,19,금
2022-08-19,3호선,독립문,7132,7251,14383,-119,8,19,금
2022-08-19,3호선,무악재,3911,3969,7880,-58,8,19,금
2022-08-19,3호선,홍제,17300,16714,34014,586,8,19,금
2022-08-19,3호선,녹번,15564,14045,29609,1519,8,19,금
2022-08-19,3호선,불광,15979,16929,32908,-950,8,19,금
2022-08-19,3호선,연신내,36113,34584,70697,1529,8,19,금
2022-08-19,3호선,구파발,20987,20132,41119,855,8,19,금
2022-08-19,3호선,지축,5263,5100,10363,163,8,19,금
2022-08-19,2호선,용두(동대문구청),2523,2465,4988,58,8,19,금
2022-08-19,2호선,신정네거리,10494,10845,21339,-351,8,19,금
2022-08-19,2호선,양천구청,6888,7244,14132,-356,8,19,금
2022-08-19,2호선,도림천,1467,1521,2988,-54,8,19,금
2022-08-19,2호선,신설동,4028,3499,7527,529,8,19,금
2022-08-19,2호선,신답,1677,1912,3589,-235,8,19,금
2022-08-19,2호선,용답,2828,2736,5564,92,8,19,금
2022-08-19,2호선,충정로(경기대입구),10283,11013,21296,-730,8,19,금
2022-08-19,2호선,아현,11157,10557,21714,600,8,19,금
2022-08-19,2호선,이대,13813,14476,28289,-663,8,19,금
2022-08-19,2호선,신촌,35830,36865,72695,-1035,8,19,금
2022-08-19,2호선,홍대입구,60209,67022,127231,-6813,8,19,금
2022-08-19,2호선,합정,33091,36747,69838,-3656,8,19,금
2022-08-19,2호선,당산,17677,21108,38785,-3431,8,19,금
2022-08-19,2호선,영등포구청,22299,23169,45468,-870,8,19,금
2022-08-19,2호선,문래,23025,23700,46725,-675,8,19,금
2022-08-19,2호선,신도림,49217,48682,97899,535,8,19,금
2022-08-19,2호선,대림(구로구청),24088,24578,48666,-490,8,19,금
2022-08-19,2호선,구로디지털단지,61093,60707,121800,386,8,19,금
2022-08-19,2호선,신대방,25448,24919,50367,529,8,19,금
2022-08-19,2호선,신림,59117,56876,115993,2241,8,19,금
2022-08-19,2호선,봉천,24991,23059,48050,1932,8,19,금
2022-08-19,2호선,서울대입구(관악구청),47905,46211,94116,1694,8,19,금
2022-08-19,2호선,낙성대(강감찬),28754,27378,56132,1376,8,19,금
2022-08-19,2호선,사당,39608,43298,82906,-3690,8,19,금
2022-08-19,2호선,방배,16706,17198,33904,-492,8,19,금
2022-08-19,2호선,서초,22613,21398,44011,1215,8,19,금
2022-08-19,2호선,교대(법원.검찰청),35760,40557,76317,-4797,8,19,금
2022-08-19,2호선,강남,87007,84190,171197,2817,8,19,금
2022-08-19,2호선,역삼,56800,61134,117934,-4334,8,19,금
2022-08-19,2호선,선릉,60001,52724,112725,7277,8,19,금
2022-08-19,2호선,삼성(무역센터),57580,56379,113959,1201,8,19,금
2022-08-19,2호선,종합운동장,7155,7727,14882,-572,8,19,금
2022-08-19,2호선,잠실새내,23079,23525,46604,-446,8,19,금
2022-08-19,2호선,잠실(송파구청),72234,70980,143214,1254,8,19,금
2022-08-19,2호선,잠실나루,14965,14531,29496,434,8,19,금
2022-08-19,2호선,강변(동서울터미널),33825,33433,67258,392,8,19,금
2022-08-19,2호선,구의(광진구청),24393,23856,48249,537,8,19,금
2022-08-19,2호선,건대입구,34853,38593,73446,-3740,8,19,금
2022-08-19,2호선,성수,40751,43793,84544,-3042,8,19,금
2022-08-19,2호선,뚝섬,23490,24939,48429,-1449,8,19,금
2022-08-19,2호선,한양대,7060,7383,14443,-323,8,19,금
2022-08-19,2호선,왕십리(성동구청),16915,14379,31294,2536,8,19,금
2022-08-19,2호선,상왕십리,14925,14497,29422,428,8,19,금
2022-08-19,2호선,신당,14536,15049,29585,-513,8,19,금
2022-08-19,2호선,동대문역사문화공원(DDP),12493,13557,26050,-1064,8,19,금
2022-08-19,2호선,을지로4가,14291,14370,28661,-79,8,19,금
2022-08-19,2호선,을지로3가,25063,24827,49890,236,8,19,금
2022-08-19,2호선,을지로입구,43969,44294,88263,-325,8,19,금
2022-08-19,2호선,시청,25009,23726,48735,1283,8,19,금
2022-08-19,1호선,동묘앞,7102,7292,14394,-190,8,19,금
2022-08-19,1호선,청량리(서울시립대입구),19780,19914,39694,-134,8,19,금
2022-08-19,1호선,제기동,16795,17088,33883,-293,8,19,금
2022-08-19,1호선,신설동,13890,13726,27616,164,8,19,금
2022-08-19,1호선,동대문,10683,9455,20138,1228,8,19,금
2022-08-19,1호선,종로5가,24039,23393,47432,646,8,19,금
2022-08-19,1호선,종로3가,25597,24420,50017,1177,8,19,금
2022-08-19,1호선,종각,38615,37725,76340,890,8,19,금
2022-08-19,1호선,시청,24165,24392,48557,-227,8,19,금
2022-08-19,1호선,서울역,52600,51610,104210,990,8,19,금
2022-08-19,중앙선,지평,65,84,149,-19,8,19,금
2022-08-19,중앙선,용문,1759,2000,3759,-241,8,19,금
2022-08-19,중앙선,원덕,364,367,731,-3,8,19,금
2022-08-19,분당선,복정,1,0,1,1,8,19,금
2022-08-19,8호선,석촌,8005,9099,17104,-1094,8,19,금
2022-08-19,7호선,숭실대입구(살피재),12392,12510,24902,-118,8,19,금
2022-08-19,7호선,남성,11416,10723,22139,693,8,19,금
2022-08-19,7호선,이수,16573,16057,32630,516,8,19,금
2022-08-19,7호선,내방,15058,15216,30274,-158,8,19,금
2022-08-19,7호선,고속터미널,18088,14213,32301,3875,8,19,금
2022-08-19,7호선,반포,6253,5965,12218,288,8,19,금
2022-08-19,7호선,논현,19082,20607,39689,-1525,8,19,금
2022-08-19,7호선,학동,24884,26109,50993,-1225,8,19,금
2022-08-19,7호선,강남구청,17317,19431,36748,-2114,8,19,금
2022-08-19,7호선,청담,20146,22455,42601,-2309,8,19,금
2022-08-19,7호선,뚝섬유원지,7573,7358,14931,215,8,19,금
2022-08-19,7호선,건대입구,12745,13452,26197,-707,8,19,금
2022-08-19,7호선,어린이대공원(세종대),13984,14018,28002,-34,8,19,금
2022-08-19,7호선,군자(능동),15238,12348,27586,2890,8,19,금
2022-08-19,7호선,중곡,11397,10642,22039,755,8,19,금
2022-08-19,7호선,용마산(용마폭포공원),5981,5737,11718,244,8,19,금
2022-08-19,7호선,사가정,16002,16071,32073,-69,8,19,금
2022-08-19,7호선,면목,15244,14879,30123,365,8,19,금
2022-08-19,7호선,상봉(시외버스터미널),16894,16271,33165,623,8,19,금
2022-08-19,7호선,중화,10858,10487,21345,371,8,19,금
2022-08-19,7호선,먹골,10335,10387,20722,-52,8,19,금
2022-08-19,7호선,태릉입구,8606,8043,16649,563,8,19,금
2022-08-19,7호선,공릉(서울과학기술대),11689,11657,23346,32,8,19,금
2022-08-19,7호선,하계,17541,16295,33836,1246,8,19,금
2022-08-19,7호선,중계,14440,13132,27572,1308,8,19,금
2022-08-19,7호선,노원,20681,21480,42161,-799,8,19,금
2022-08-19,7호선,마들,13253,12491,25744,762,8,19,금
2022-08-19,7호선,수락산,12525,12743,25268,-218,8,19,금
2022-08-19,7호선,도봉산,8815,9946,18761,-1131,8,19,금
2022-08-19,7호선,장암,2311,968,3279,1343,8,19,금
2022-08-19,6호선,봉화산(서울의료원),8963,8564,17527,399,8,19,금
2022-08-19,6호선,화랑대(서울여대입구),11682,9210,20892,2472,8,19,금
2022-08-19,6호선,태릉입구,5723,5997,11720,-274,8,19,금
2022-08-19,6호선,석계,12308,12995,25303,-687,8,19,금
2022-08-19,6호선,돌곶이,9608,8637,18245,971,8,19,금
2022-08-19,6호선,상월곡(한국과학기술연구원),6315,5708,12023,607,8,19,금
2022-08-19,6호선,월곡(동덕여대),11793,11520,23313,273,8,19,금
2022-08-19,6호선,고려대(종암),8279,7992,16271,287,8,19,금
2022-08-19,6호선,안암(고대병원앞),11017,10524,21541,493,8,19,금
2022-08-19,6호선,보문,7835,7094,14929,741,8,19,금
2022-08-19,6호선,창신,3745,3203,6948,542,8,19,금
2022-08-19,6호선,동묘앞,8056,7964,16020,92,8,19,금
2022-08-19,6호선,신당,8926,8559,17485,367,8,19,금
2022-08-19,6호선,청구,3831,3998,7829,-167,8,19,금
2022-08-19,6호선,약수,3742,3682,7424,60,8,19,금
2022-08-19,6호선,버티고개,2218,2225,4443,-7,8,19,금
2022-08-19,6호선,한강진,8464,9718,18182,-1254,8,19,금
2022-08-19,6호선,이태원,11967,16072,28039,-4105,8,19,금
2022-08-19,6호선,녹사평(용산구청),5047,5416,10463,-369,8,19,금
2022-08-19,6호선,삼각지,7671,6321,13992,1350,8,19,금
2022-08-19,6호선,효창공원앞,7328,6548,13876,780,8,19,금
2022-08-19,6호선,공덕,19054,18625,37679,429,8,19,금
2022-08-19,6호선,대흥(서강대앞),8694,8665,17359,29,8,19,금
2022-08-19,6호선,광흥창(서강),9506,9483,18989,23,8,19,금
2022-08-19,6호선,상수,9511,11866,21377,-2355,8,19,금
2022-08-19,6호선,합정,14294,14081,28375,213,8,19,금
2022-08-19,6호선,망원,14279,15454,29733,-1175,8,19,금
2022-08-19,6호선,마포구청,14735,13243,27978,1492,8,19,금
2022-08-19,6호선,월드컵경기장(성산),4301,4329,8630,-28,8,19,금
2022-08-19,6호선,디지털미디어시티,14253,15881,30134,-1628,8,19,금
2022-08-19,6호선,증산(명지대앞),9891,9875,19766,16,8,19,금
2022-08-19,6호선,새절(신사),12626,11777,24403,849,8,19,금
2022-08-19,6호선,구산,8043,6163,14206,1880,8,19,금
2022-08-19,6호선,연신내,1,0,1,1,8,19,금
2022-08-19,7호선,신대방삼거리,15322,14530,29852,792,8,19,금
2022-08-19,7호선,보라매,7882,7887,15769,-5,8,19,금
2022-08-19,7호선,신풍,11798,11329,23127,469,8,19,금
2022-08-19,7호선,대림(구로구청),8007,8230,16237,-223,8,19,금
2022-08-19,7호선,남구로,15881,16833,32714,-952,8,19,금
2022-08-19,7호선,가산디지털단지,46104,44896,91000,1208,8,19,금
2022-08-19,7호선,철산,21742,22610,44352,-868,8,19,금
2022-08-19,7호선,광명사거리,21746,21792,43538,-46,8,19,금
2022-08-19,7호선,천왕,11682,11096,22778,586,8,19,금
2022-08-19,7호선,온수(성공회대입구),10205,9386,19591,819,8,19,금
2022-08-19,8호선,암사,19163,17027,36190,2136,8,19,금
2022-08-19,8호선,천호(풍납토성),15174,17682,32856,-2508,8,19,금
2022-08-19,8호선,강동구청,10769,11054,21823,-285,8,19,금
2022-08-19,8호선,몽촌토성(평화의문),6372,6592,12964,-220,8,19,금
2022-08-19,8호선,잠실(송파구청),15681,17659,33340,-1978,8,19,금
2022-08-19,8호선,송파,9014,9418,18432,-404,8,19,금
2022-08-19,8호선,가락시장,7924,8731,16655,-807,8,19,금
2022-08-19,8호선,문정,22959,23320,46279,-361,8,19,금
2022-08-19,8호선,장지,17822,16742,34564,1080,8,19,금
2022-08-19,8호선,복정,9423,8043,17466,1380,8,19,금
2022-08-19,8호선,산성,5467,5478,10945,-11,8,19,금
2022-08-19,8호선,남한산성입구(성남법원.검찰청),14057,12303,26360,1754,8,19,금
2022-08-19,8호선,단대오거리,11026,10481,21507,545,8,19,금
2022-08-19,8호선,신흥,4397,4809,9206,-412,8,19,금
2022-08-19,8호선,수진,5615,5237,10852,378,8,19,금
2022-08-19,6호선,독바위,2760,2998,5758,-238,8,19,금
2022-08-19,8호선,모란,6089,4971,11060,1118,8,19,금
2022-08-19,8호선,남위례,5720,5879,11599,-159,8,19,금
2022-08-19,9호선,공항시장,3067,3430,6497,-363,8,19,금
2022-08-19,7호선,장승배기,9642,9406,19048,236,8,19,금
2022-08-19,9호선,개화,2737,1939,4676,798,8,19,금
2022-08-19,9호선,신방화,7208,6991,14199,217,8,19,금
2022-08-19,9호선,마곡나루(서울식물원),12880,12742,25622,138,8,19,금
2022-08-19,9호선,양천향교,9995,10216,20211,-221,8,19,금
2022-08-19,9호선,가양,21672,20835,42507,837,8,19,금
2022-08-19,9호선,증미,7878,7676,15554,202,8,19,금
2022-08-19,9호선,등촌,11889,11755,23644,134,8,19,금
2022-08-19,9호선,염창,17883,17247,35130,636,8,19,금
2022-08-19,9호선,신목동,4449,3792,8241,657,8,19,금
2022-08-19,9호선,선유도,9015,8401,17416,614,8,19,금
2022-08-19,9호선,당산,19852,19674,39526,178,8,19,금
2022-08-19,9호선,국회의사당,19238,18666,37904,572,8,19,금
2022-08-19,9호선,여의도,31893,28726,60619,3167,8,19,금
2022-08-19,9호선,샛강,6630,6425,13055,205,8,19,금
2022-08-19,9호선,노량진,25988,25104,51092,884,8,19,금
2022-08-19,9호선,노들,4770,4105,8875,665,8,19,금
2022-08-19,9호선,흑석(중앙대입구),8348,8861,17209,-513,8,19,금
2022-08-19,9호선,동작(현충원),1823,1414,3237,409,8,19,금
2022-08-19,9호선,구반포,1300,1265,2565,35,8,19,금
2022-08-19,9호선,신반포,3998,3911,7909,87,8,19,금
2022-08-19,9호선,고속터미널,13204,18616,31820,-5412,8,19,금
2022-08-19,9호선,사평,3995,3935,7930,60,8,19,금
2022-08-19,9호선,신논현,32263,32461,64724,-198,8,19,금
2022-08-19,9호선2~3단계,언주,12203,11693,23896,510,8,19,금
2022-08-19,9호선2~3단계,선정릉,10427,11501,21928,-1074,8,19,금
2022-08-19,9호선2~3단계,삼성중앙,8101,8366,16467,-265,8,19,금
2022-08-19,9호선2~3단계,봉은사,19731,19269,39000,462,8,19,금
2022-08-19,9호선2~3단계,종합운동장,4617,4638,9255,-21,8,19,금
2022-08-19,9호선2~3단계,삼전,7481,7233,14714,248,8,19,금
2022-08-19,9호선2~3단계,석촌고분,6775,6678,13453,97,8,19,금
2022-08-19,9호선2~3단계,석촌,8922,7853,16775,1069,8,19,금
2022-08-19,9호선2~3단계,송파나루,5595,6135,11730,-540,8,19,금
2022-08-19,9호선2~3단계,한성백제,2756,2518,5274,238,8,19,금
2022-08-19,9호선2~3단계,올림픽공원(한국체대),6245,6092,12337,153,8,19,금
2022-08-19,9호선2~3단계,둔촌오륜,1239,1162,2401,77,8,19,금
2022-08-19,9호선2~3단계,중앙보훈병원,11558,10047,21605,1511,8,19,금
2022-08-19,경강선,판교,5407,5419,10826,-12,8,19,금
2022-08-19,경강선,이매,1185,1067,2252,118,8,19,금
2022-08-19,경강선,삼동,2662,2455,5117,207,8,19,금
2022-08-19,경강선,경기광주,8275,7656,15931,619,8,19,금
2022-08-19,경강선,초월,3411,3181,6592,230,8,19,금
2022-08-19,경강선,곤지암,2347,2290,4637,57,8,19,금
2022-08-19,경강선,신둔도예촌,1725,1587,3312,138,8,19,금
2022-08-19,경강선,이천,2864,2973,5837,-109,8,19,금
2022-08-19,경강선,부발,2690,2089,4779,601,8,19,금
2022-08-19,경강선,세종대왕릉,376,361,737,15,8,19,금
2022-08-19,경강선,여주,2356,2375,4731,-19,8,19,금
2022-08-19,경부선,서울역,10009,3051,13060,6958,8,19,금
2022-08-19,경부선,남영,9660,10031,19691,-371,8,19,금
2022-08-19,경부선,용산,43352,43996,87348,-644,8,19,금
2022-08-19,경부선,노량진,8049,7651,15700,398,8,19,금
2022-08-19,경부선,대방,11047,12024,23071,-977,8,19,금
2022-08-19,경부선,영등포,41973,43511,85484,-1538,8,19,금
2022-08-19,경부선,신도림,3898,4060,7958,-162,8,19,금
2022-08-19,경부선,신길,9026,7977,17003,1049,8,19,금
2022-08-19,경부선,구로,18171,18609,36780,-438,8,19,금
2022-08-19,경부선,가산디지털단지,18231,21457,39688,-3226,8,19,금
2022-08-19,경부선,금천구청,11304,11480,22784,-176,8,19,금
2022-08-19,경부선,석수,9577,8558,18135,1019,8,19,금
2022-08-19,경부선,관악,7284,6987,14271,297,8,19,금
2022-08-19,경부선,안양,21685,21614,43299,71,8,19,금
2022-08-19,경부선,명학,8993,8560,17553,433,8,19,금
2022-08-19,경부선,금정,27753,28282,56035,-529,8,19,금
2022-08-19,경부선,군포,7664,7543,15207,121,8,19,금
2022-08-19,경부선,의왕,8968,8749,17717,219,8,19,금
2022-08-19,경부선,성균관대,14600,14194,28794,406,8,19,금
2022-08-19,경부선,화서,8124,7914,16038,210,8,19,금
2022-08-19,경부선,수원,35765,38913,74678,-3148,8,19,금
2022-08-19,경부선,독산,18979,19452,38431,-473,8,19,금
2022-08-19,경부선,세류,3226,2922,6148,304,8,19,금
2022-08-19,경부선,병점,14924,14631,29555,293,8,19,금
2022-08-19,경부선,세마,3101,2885,5986,216,8,19,금
2022-08-19,경부선,오산대,3672,3324,6996,348,8,19,금
2022-08-19,경부선,오산,10139,9787,19926,352,8,19,금
2022-08-19,경부선,진위,1892,1590,3482,302,8,19,금
2022-08-19,경부선,송탄,4959,4486,9445,473,8,19,금
2022-08-19,경부선,서정리,8364,6671,15035,1693,8,19,금
2022-08-19,경부선,평택지제,4515,4257,8772,258,8,19,금
2022-08-19,경부선,평택,13344,12760,26104,584,8,19,금
2022-08-19,경부선,성환,3692,3411,7103,281,8,19,금
2022-08-19,경부선,직산,955,862,1817,93,8,19,금
2022-08-19,경부선,두정,6417,6157,12574,260,8,19,금
2022-08-19,경부선,천안,5934,6180,12114,-246,8,19,금
2022-08-19,경부선,당정,6270,5912,12182,358,8,19,금
2022-08-19,경부선,서동탄,1516,1378,2894,138,8,19,금
2022-08-19,경부선,광명,3908,3620,7528,288,8,19,금
2022-08-19,경원선,이촌(국립중앙박물관),3887,3131,7018,756,8,19,금
2022-08-19,경원선,서빙고,2135,1937,4072,198,8,19,금
2022-08-19,경원선,한남,4235,4165,8400,70,8,19,금
2022-08-19,경원선,옥수,65,21,86,44,8,19,금
2022-08-19,경원선,응봉,1988,1641,3629,347,8,19,금
2022-08-19,경원선,왕십리(성동구청),15222,17377,32599,-2155,8,19,금
2022-08-19,경원선,청량리(서울시립대입구),17333,18457,35790,-1124,8,19,금
2022-08-19,경원선,외대앞,7997,7929,15926,68,8,19,금
2022-08-19,경원선,신이문,8589,8055,16644,534,8,19,금
2022-08-19,경원선,석계,8016,8850,16866,-834,8,19,금
2022-08-19,경원선,광운대,7335,6843,14178,492,8,19,금
2022-08-19,경원선,월계,6354,5983,12337,371,8,19,금
2022-08-19,경원선,녹천,4855,3936,8791,919,8,19,금
2022-08-19,경원선,창동,1,0,1,1,8,19,금
2022-08-19,경원선,방학,9730,9718,19448,12,8,19,금
2022-08-19,경원선,도봉,6122,5905,12027,217,8,19,금
2022-08-19,경원선,도봉산,6889,4430,11319,2459,8,19,금
2022-08-19,경원선,망월사,7592,7704,15296,-112,8,19,금
2022-08-19,경원선,회룡,12756,12676,25432,80,8,19,금
2022-08-19,경원선,의정부,18428,19567,37995,-1139,8,19,금
2022-08-19,경원선,가능,7003,6678,13681,325,8,19,금
2022-08-19,경원선,녹양,4655,4381,9036,274,8,19,금
2022-08-19,경원선,양주,7564,7202,14766,362,8,19,금
2022-08-19,경원선,덕계,3408,3063,6471,345,8,19,금
2022-08-19,경원선,덕정,5526,5293,10819,233,8,19,금
2022-08-19,경원선,지행,6641,6625,13266,16,8,19,금
2022-08-19,경원선,동두천중앙,3148,3060,6208,88,8,19,금
2022-08-19,경원선,보산,1807,1512,3319,295,8,19,금
2022-08-19,경원선,동두천,2205,2454,4659,-249,8,19,금
2022-08-19,경원선,소요산,2612,2401,5013,211,8,19,금
2022-08-19,경의선,서울역,4589,6028,10617,-1439,8,19,금
2022-08-19,경의선,신촌,946,1215,2161,-269,8,19,금
2022-08-19,경의선,효창공원앞,3017,3510,6527,-493,8,19,금
2022-08-19,경의선,공덕,4007,3452,7459,555,8,19,금
2022-08-19,경의선,서강대,2191,2143,4334,48,8,19,금
2022-08-19,경의선,홍대입구,1873,2348,4221,-475,8,19,금
2022-08-19,경의선,가좌,5715,5540,11255,175,8,19,금
2022-08-19,경의선,디지털미디어시티,2795,2514,5309,281,8,19,금
2022-08-19,경의선,수색,2914,3018,5932,-104,8,19,금
2022-08-19,경의선,화전,1850,1668,3518,182,8,19,금
2022-08-19,경의선,강매,3283,2721,6004,562,8,19,금
2022-08-19,경의선,행신,8511,8520,17031,-9,8,19,금
2022-08-19,경의선,능곡,3860,3507,7367,353,8,19,금
2022-08-19,경의선,곡산,651,630,1281,21,8,19,금
2022-08-19,경의선,백마,7102,6847,13949,255,8,19,금
2022-08-19,경의선,풍산,5707,5294,11001,413,8,19,금
2022-08-19,경의선,일산,9179,9185,18364,-6,8,19,금
2022-08-19,경의선,탄현,8005,7656,15661,349,8,19,금
2022-08-19,경의선,야당,8048,8329,16377,-281,8,19,금
2022-08-19,경의선,운정,7015,6458,13473,557,8,19,금
2022-08-19,경의선,금릉,5057,4773,9830,284,8,19,금
2022-08-19,경의선,금촌,6578,6443,13021,135,8,19,금
2022-08-19,경의선,월롱,3121,2482,5603,639,8,19,금
2022-08-19,경의선,파주,1161,786,1947,375,8,19,금
2022-08-19,경의선,문산,5879,5626,11505,253,8,19,금
2022-08-19,경의선,임진강,17,10,27,7,8,19,금
2022-08-19,경인선,개봉,21379,21235,42614,144,8,19,금
2022-08-19,경인선,오류동,11775,10816,22591,959,8,19,금
2022-08-19,경인선,역곡,26660,26447,53107,213,8,19,금
2022-08-19,경인선,부천,31906,32373,64279,-467,8,19,금
2022-08-19,경인선,송내,27304,27228,54532,76,8,19,금
2022-08-19,경인선,부평,28742,32072,60814,-3330,8,19,금
2022-08-19,경인선,백운,6998,6776,13774,222,8,19,금
2022-08-19,경인선,동암,15788,15903,31691,-115,8,19,금
2022-08-19,경인선,주안,19037,17317,36354,1720,8,19,금
2022-08-19,경인선,제물포,10717,9961,20678,756,8,19,금
2022-08-19,경인선,동인천,13656,13135,26791,521,8,19,금
2022-08-19,경인선,인천,3703,2847,6550,856,8,19,금
2022-08-19,경인선,구일,6344,6097,12441,247,8,19,금
2022-08-19,경인선,소사,8191,8148,16339,43,8,19,금
2022-08-19,경인선,부개,8878,8233,17111,645,8,19,금
2022-08-19,경인선,간석,5966,5506,11472,460,8,19,금
2022-08-19,경인선,도원,2968,3002,5970,-34,8,19,금
2022-08-19,경인선,온수(성공회대입구),6727,6259,12986,468,8,19,금
2022-08-19,경인선,중동,9414,9038,18452,376,8,19,금
2022-08-19,경인선,도화,4245,3907,8152,338,8,19,금
2022-08-19,경춘선,신내,2241,2131,4372,110,8,19,금
2022-08-19,경춘선,갈매,3057,2637,5694,420,8,19,금
2022-08-19,경춘선,별내,3210,3038,6248,172,8,19,금
2022-08-19,경춘선,퇴계원,3512,3309,6821,203,8,19,금
2022-08-19,경춘선,사릉,2335,2263,4598,72,8,19,금
2022-08-19,6호선,불광,4564,4414,8978,150,8,19,금
2022-08-19,경춘선,금곡,1517,1484,3001,33,8,19,금
2022-08-19,경춘선,평내호평,6210,6213,12423,-3,8,19,금
2022-08-19,경춘선,천마산,1678,1509,3187,169,8,19,금
2022-08-19,경춘선,마석,3968,3949,7917,19,8,19,금
2022-08-19,경춘선,대성리,1029,1035,2064,-6,8,19,금
2022-08-19,경춘선,청평,2053,2201,4254,-148,8,19,금
2022-08-19,경춘선,상천,322,282,604,40,8,19,금
2022-08-19,경춘선,가평,2837,2685,5522,152,8,19,금
2022-08-19,경춘선,굴봉산,171,141,312,30,8,19,금
2022-08-19,경춘선,백양리,107,98,205,9,8,19,금
2022-08-19,경춘선,강촌,463,489,952,-26,8,19,금
2022-08-19,경춘선,김유정,293,334,627,-41,8,19,금
2022-08-19,경춘선,남춘천,2622,2749,5371,-127,8,19,금
2022-08-19,경춘선,춘천,1396,1295,2691,101,8,19,금
2022-08-19,공항철도 1호선,서울역,10979,10193,21172,786,8,19,금
2022-08-19,공항철도 1호선,공덕,2571,3415,5986,-844,8,19,금
2022-08-19,공항철도 1호선,홍대입구,11391,12579,23970,-1188,8,19,금
2022-08-19,공항철도 1호선,디지털미디어시티,14502,13296,27798,1206,8,19,금
2022-08-19,공항철도 1호선,마곡나루(서울식물원),9471,8592,18063,879,8,19,금
2022-08-19,공항철도 1호선,김포공항,13128,7273,20401,5855,8,19,금
2022-08-19,공항철도 1호선,계양,11338,10518,21856,820,8,19,금
2022-08-19,공항철도 1호선,검암,6833,6650,13483,183,8,19,금
2022-08-19,공항철도 1호선,청라국제도시,7343,6867,14210,476,8,19,금
2022-08-19,공항철도 1호선,운서,8051,8121,16172,-70,8,19,금
2022-08-19,공항철도 1호선,공항화물청사,2297,2482,4779,-185,8,19,금
2022-08-19,공항철도 1호선,인천공항1터미널,9043,7836,16879,1207,8,19,금
2022-08-19,공항철도 1호선,인천공항2터미널,3799,3222,7021,577,8,19,금
2022-08-19,공항철도 1호선,영종,3515,3740,7255,-225,8,19,금
2022-08-19,과천선,선바위,8354,7303,15657,1051,8,19,금
2022-08-19,과천선,경마공원,8165,8328,16493,-163,8,19,금
2022-08-19,과천선,대공원,2449,2569,5018,-120,8,19,금
2022-08-19,과천선,과천,6470,6313,12783,157,8,19,금
2022-08-19,과천선,정부과천청사,11367,11212,22579,155,8,19,금
2022-08-19,과천선,인덕원,24752,25630,50382,-878,8,19,금
2022-08-19,과천선,평촌,18042,18013,36055,29,8,19,금
2022-08-19,과천선,범계,26185,26917,53102,-732,8,19,금
2022-08-19,분당선,선릉,14681,21458,36139,-6777,8,19,금
2022-08-19,분당선,한티,16051,17052,33103,-1001,8,19,금
2022-08-20,경의선,곡산,454,463,917,-9,8,20,토
2022-08-20,5호선,방화,4792,4613,9405,179,8,20,토
2022-08-20,장항선,온양온천,3732,3887,7619,-155,8,20,토
2022-08-20,장항선,배방,1012,949,1961,63,8,20,토
2022-08-20,장항선,탕정,828,700,1528,128,8,20,토
2022-08-20,장항선,아산,3110,3036,6146,74,8,20,토
2022-08-20,장항선,쌍용(나사렛대),1673,1494,3167,179,8,20,토
2022-08-20,장항선,봉명,833,736,1569,97,8,20,토
2022-08-20,일산선,대화,9939,9020,18959,919,8,20,토
2022-08-20,일산선,주엽,7182,7070,14252,112,8,20,토
2022-08-20,일산선,정발산,6871,7603,14474,-732,8,20,토
2022-08-20,일산선,마두,5369,5240,10609,129,8,20,토
2022-08-20,일산선,백석,7767,7909,15676,-142,8,20,토
2022-08-20,일산선,대곡,1417,1215,2632,202,8,20,토
2022-08-20,일산선,화정,12915,12964,25879,-49,8,20,토
2022-08-20,일산선,원당,8108,7483,15591,625,8,20,토
2022-08-20,일산선,삼송,14660,13947,28607,713,8,20,토
2022-08-20,일산선,원흥,7672,7165,14837,507,8,20,토
2022-08-20,우이신설선,신설동,1451,1429,2880,22,8,20,토
2022-08-20,우이신설선,보문,1134,1113,2247,21,8,20,토
2022-08-20,우이신설선,성신여대입구(돈암),2810,3186,5996,-376,8,20,토
2022-08-20,우이신설선,정릉,3640,2942,6582,698,8,20,토
2022-08-20,우이신설선,북한산보국문,4608,3923,8531,685,8,20,토
2022-08-20,우이신설선,솔샘,3977,3410,7387,567,8,20,토
2022-08-20,우이신설선,삼양사거리,1978,1906,3884,72,8,20,토
2022-08-20,우이신설선,삼양,1612,1595,3207,17,8,20,토
2022-08-20,우이신설선,화계,2533,2294,4827,239,8,20,토
2022-08-20,우이신설선,가오리,3115,2915,6030,200,8,20,토
2022-08-20,우이신설선,4.19민주묘지,2329,2080,4409,249,8,20,토
2022-08-20,우이신설선,솔밭공원,1848,1697,3545,151,8,20,토
2022-08-20,우이신설선,북한산우이,3489,3741,7230,-252,8,20,토
2022-08-20,안산선,수리산,2959,2387,5346,572,8,20,토
2022-08-20,안산선,오이도,7527,7620,15147,-93,8,20,토
2022-08-20,안산선,정왕,6421,6670,13091,-249,8,20,토
2022-08-20,안산선,신길온천,1540,1400,2940,140,8,20,토
2022-08-20,안산선,안산,9518,9852,19370,-334,8,20,토
2022-08-20,안산선,초지,3569,3541,7110,28,8,20,토
2022-08-20,안산선,고잔,6308,6206,12514,102,8,20,토
2022-08-20,안산선,중앙,15964,16830,32794,-866,8,20,토
2022-08-20,안산선,한대앞,7128,6972,14100,156,8,20,토
2022-08-20,안산선,상록수,12355,12056,24411,299,8,20,토
2022-08-20,안산선,반월,3507,3223,6730,284,8,20,토
2022-08-20,안산선,대야미,3863,3448,7311,415,8,20,토
2022-08-20,안산선,산본,12808,13777,26585,-969,8,20,토
2022-08-20,신림선,관악산(서울대),4119,4276,8395,-157,8,20,토
2022-08-20,신림선,서울대벤처타운,5800,5180,10980,620,8,20,토
2022-08-20,신림선,서원,2308,1892,4200,416,8,20,토
2022-08-20,신림선,신림,1366,1801,3167,-435,8,20,토
2022-08-20,신림선,당곡,2978,2718,5696,260,8,20,토
2022-08-20,신림선,보라매병원,2754,2768,5522,-14,8,20,토
2022-08-20,신림선,보라매공원,1239,1320,2559,-81,8,20,토
2022-08-20,신림선,보라매,2200,1890,4090,310,8,20,토
2022-08-20,신림선,서울지방병무청,1950,2033,3983,-83,8,20,토
2022-08-20,신림선,대방,1849,1332,3181,517,8,20,토
2022-08-20,신림선,샛강,906,1290,2196,-384,8,20,토
2022-08-20,수인선,인천,1357,2026,3383,-669,8,20,토
2022-08-20,수인선,신포,1383,1499,2882,-116,8,20,토
2022-08-20,수인선,숭의,2821,2430,5251,391,8,20,토
2022-08-20,수인선,인하대,4469,4014,8483,455,8,20,토
2022-08-20,수인선,송도,1895,1752,3647,143,8,20,토
2022-08-20,수인선,연수,4216,4207,8423,9,8,20,토
2022-08-20,수인선,원인재,3566,3667,7233,-101,8,20,토
2022-08-20,수인선,남동인더스파크,1113,981,2094,132,8,20,토
2022-08-20,수인선,호구포,2755,2590,5345,165,8,20,토
2022-08-20,수인선,인천논현,4410,4607,9017,-197,8,20,토
2022-08-20,수인선,소래포구,5086,5124,10210,-38,8,20,토
2022-08-20,수인선,월곶,2233,2153,4386,80,8,20,토
2022-08-20,수인선,달월,70,75,145,-5,8,20,토
2022-08-20,수인선,야목,296,207,503,89,8,20,토
2022-08-20,수인선,어천,795,662,1457,133,8,20,토
2022-08-20,수인선,오목천,2444,2030,4474,414,8,20,토
2022-08-20,수인선,고색,2622,2568,5190,54,8,20,토
2022-08-20,분당선,매교,2339,2427,4766,-88,8,20,토
2022-08-20,분당선,수원시청,11385,14196,25581,-2811,8,20,토
2022-08-20,분당선,매탄권선,3789,3312,7101,477,8,20,토
2022-08-20,분당선,망포,9653,8723,18376,930,8,20,토
2022-08-20,분당선,영통,6913,6815,13728,98,8,20,토
2022-08-20,분당선,청명,2982,2868,5850,114,8,20,토
2022-08-20,분당선,상갈,4142,4122,8264,20,8,20,토
2022-08-20,분당선,기흥,7003,6558,13561,445,8,20,토
2022-08-20,분당선,신갈,2881,2797,5678,84,8,20,토
2022-08-20,분당선,구성,3399,3501,6900,-102,8,20,토
2022-08-20,분당선,죽전,9731,10799,20530,-1068,8,20,토
2022-08-20,분당선,보정,1694,1532,3226,162,8,20,토
2022-08-20,분당선,이매,4217,4074,8291,143,8,20,토
2022-08-20,분당선,오리,7325,5944,13269,1381,8,20,토
2022-08-20,분당선,미금,10552,11279,21831,-727,8,20,토
2022-08-20,분당선,정자,11261,11453,22714,-192,8,20,토
2022-08-20,분당선,수내,9701,9032,18733,669,8,20,토
2022-08-20,분당선,서현,21062,21332,42394,-270,8,20,토
2022-08-20,분당선,야탑,18023,18846,36869,-823,8,20,토
2022-08-20,분당선,모란,15725,16345,32070,-620,8,20,토
2022-08-20,분당선,태평,10646,9853,20499,793,8,20,토
2022-08-20,분당선,가천대,4914,5339,10253,-425,8,20,토
2022-08-20,분당선,선정릉,3390,3352,6742,38,8,20,토
2022-08-20,분당선,강남구청,5237,6368,11605,-1131,8,20,토
2022-08-20,분당선,압구정로데오,18068,21568,39636,-3500,8,20,토
2022-08-20,분당선,서울숲,9169,9323,18492,-154,8,20,토
2022-08-20,분당선,수원,7806,6421,14227,1385,8,20,토
2022-08-20,분당선,수서,10580,10842,21422,-262,8,20,토
2022-08-20,분당선,대모산입구,3082,2841,5923,241,8,20,토
2022-08-20,분당선,개포동,2734,2680,5414,54,8,20,토
2022-08-20,분당선,구룡,1374,1200,2574,174,8,20,토
2022-08-20,분당선,도곡,4694,4306,9000,388,8,20,토
2022-08-20,분당선,한티,13926,13277,27203,649,8,20,토
2022-08-20,분당선,선릉,5410,8406,13816,-2996,8,20,토
2022-08-20,과천선,범계,20711,20465,41176,246,8,20,토
2022-08-20,과천선,평촌,9697,9355,19052,342,8,20,토
2022-08-20,과천선,인덕원,16347,16082,32429,265,8,20,토
2022-08-20,과천선,정부과천청사,6734,6457,13191,277,8,20,토
2022-08-20,과천선,과천,4997,4477,9474,520,8,20,토
2022-08-20,과천선,대공원,6040,6452,12492,-412,8,20,토
2022-08-20,과천선,경마공원,13148,13414,26562,-266,8,20,토
2022-08-20,과천선,선바위,5196,4692,9888,504,8,20,토
2022-08-20,공항철도 1호선,영종,3434,3451,6885,-17,8,20,토
2022-08-20,공항철도 1호선,인천공항2터미널,3731,3225,6956,506,8,20,토
2022-08-20,공항철도 1호선,인천공항1터미널,8660,8547,17207,113,8,20,토
2022-08-20,공항철도 1호선,공항화물청사,1291,1359,2650,-68,8,20,토
2022-08-20,공항철도 1호선,운서,7146,7397,14543,-251,8,20,토
2022-08-20,공항철도 1호선,청라국제도시,4810,4526,9336,284,8,20,토
2022-08-20,공항철도 1호선,검암,4710,4605,9315,105,8,20,토
2022-08-20,공항철도 1호선,계양,7929,7441,15370,488,8,20,토
2022-08-20,공항철도 1호선,김포공항,11037,5559,16596,5478,8,20,토
2022-08-20,공항철도 1호선,마곡나루(서울식물원),3118,3381,6499,-263,8,20,토
2022-08-20,공항철도 1호선,디지털미디어시티,6105,5484,11589,621,8,20,토
2022-08-20,공항철도 1호선,홍대입구,14584,14768,29352,-184,8,20,토
2022-08-20,공항철도 1호선,공덕,1831,2814,4645,-983,8,20,토
2022-08-20,공항철도 1호선,서울역,9312,9309,18621,3,8,20,토
2022-08-20,경춘선,춘천,1798,1757,3555,41,8,20,토
2022-08-20,경춘선,남춘천,2787,2921,5708,-134,8,20,토
2022-08-20,경춘선,김유정,460,516,976,-56,8,20,토
2022-08-20,경춘선,강촌,683,846,1529,-163,8,20,토
2022-08-20,경춘선,백양리,140,176,316,-36,8,20,토
2022-08-20,경춘선,굴봉산,222,216,438,6,8,20,토
2022-08-20,경춘선,가평,2824,4379,7203,-1555,8,20,토
2022-08-20,경춘선,상천,437,435,872,2,8,20,토
2022-08-20,경춘선,청평,2195,2586,4781,-391,8,20,토
2022-08-20,경춘선,대성리,1121,1304,2425,-183,8,20,토
2022-08-20,경춘선,마석,3198,3108,6306,90,8,20,토
2022-08-20,경춘선,천마산,1310,1242,2552,68,8,20,토
2022-08-20,경춘선,평내호평,4609,4484,9093,125,8,20,토
2022-08-20,경춘선,금곡,1192,1055,2247,137,8,20,토
2022-08-20,경춘선,사릉,1715,1590,3305,125,8,20,토
2022-08-20,경춘선,퇴계원,2582,2291,4873,291,8,20,토
2022-08-20,경춘선,별내,2200,2100,4300,100,8,20,토
2022-08-20,경춘선,갈매,2036,1705,3741,331,8,20,토
2022-08-20,경춘선,신내,1320,1301,2621,19,8,20,토
2022-08-20,경인선,도화,3349,3028,6377,321,8,20,토
2022-08-20,경인선,중동,6657,6219,12876,438,8,20,토
2022-08-20,경인선,온수(성공회대입구),5340,4624,9964,716,8,20,토
2022-08-20,경인선,도원,2097,2134,4231,-37,8,20,토
2022-08-20,경인선,간석,4461,4232,8693,229,8,20,토
2022-08-20,경인선,부개,6731,6128,12859,603,8,20,토
2022-08-20,경인선,소사,7204,7253,14457,-49,8,20,토
2022-08-20,경인선,구일,8299,8279,16578,20,8,20,토
2022-08-20,경인선,인천,4875,4288,9163,587,8,20,토
2022-08-20,경인선,동인천,12040,11630,23670,410,8,20,토
2022-08-20,경인선,제물포,7581,7120,14701,461,8,20,토
2022-08-20,경인선,주안,16140,14128,30268,2012,8,20,토
2022-08-20,경인선,동암,13377,13323,26700,54,8,20,토
2022-08-20,경인선,백운,5579,5345,10924,234,8,20,토
2022-08-20,경인선,부평,28051,31244,59295,-3193,8,20,토
2022-08-20,경인선,송내,18670,18030,36700,640,8,20,토
2022-08-20,경인선,부천,28763,29511,58274,-748,8,20,토
2022-08-20,경인선,역곡,19964,19347,39311,617,8,20,토
2022-08-20,경인선,오류동,9060,8152,17212,908,8,20,토
2022-08-20,경인선,개봉,16097,15336,31433,761,8,20,토
2022-08-20,경의선,임진강,95,75,170,20,8,20,토
2022-08-20,경의선,문산,5228,4904,10132,324,8,20,토
2022-08-20,경의선,파주,860,617,1477,243,8,20,토
2022-08-20,경의선,월롱,1997,1647,3644,350,8,20,토
2022-08-20,경의선,금촌,5732,5483,11215,249,8,20,토
2022-08-20,경의선,금릉,4033,3773,7806,260,8,20,토
2022-08-20,경의선,운정,5054,4402,9456,652,8,20,토
2022-08-20,경의선,야당,6655,6729,13384,-74,8,20,토
2022-08-20,경의선,탄현,5676,5182,10858,494,8,20,토
2022-08-20,경의선,일산,6419,6012,12431,407,8,20,토
2022-08-20,경의선,풍산,4462,4259,8721,203,8,20,토
2022-08-20,경의선,백마,4602,4263,8865,339,8,20,토
2022-08-20,경의선,능곡,2876,2840,5716,36,8,20,토
2022-08-20,경의선,행신,5505,5507,11012,-2,8,20,토
2022-08-20,경의선,강매,1997,1851,3848,146,8,20,토
2022-08-20,경의선,화전,1082,961,2043,121,8,20,토
2022-08-20,경의선,수색,1785,1561,3346,224,8,20,토
2022-08-20,경의선,디지털미디어시티,2062,1830,3892,232,8,20,토
2022-08-20,경의선,가좌,4308,4047,8355,261,8,20,토
2022-08-20,경의선,홍대입구,2236,2806,5042,-570,8,20,토
2022-08-20,경의선,서강대,1817,1736,3553,81,8,20,토
2022-08-20,경의선,공덕,3019,2252,5271,767,8,20,토
2022-08-20,경의선,효창공원앞,1769,1939,3708,-170,8,20,토
2022-08-20,경의선,신촌,377,404,781,-27,8,20,토
2022-08-20,경의선,서울역,1450,1543,2993,-93,8,20,토
2022-08-20,경원선,소요산,4628,4132,8760,496,8,20,토
2022-08-20,경원선,동두천,1703,2038,3741,-335,8,20,토
2022-08-20,경원선,보산,1775,1628,3403,147,8,20,토
2022-08-20,경원선,동두천중앙,2853,2894,5747,-41,8,20,토
2022-08-20,경원선,지행,6014,5763,11777,251,8,20,토
2022-08-20,경원선,덕정,4643,4148,8791,495,8,20,토
2022-08-20,경원선,덕계,2657,2359,5016,298,8,20,토
2022-08-20,경원선,양주,6528,6050,12578,478,8,20,토
2022-08-20,경원선,녹양,3464,3272,6736,192,8,20,토
2022-08-20,경원선,가능,5296,4978,10274,318,8,20,토
2022-08-20,경원선,의정부,17545,18819,36364,-1274,8,20,토
2022-08-20,경원선,회룡,9811,9573,19384,238,8,20,토
2022-08-20,경원선,망월사,5742,5763,11505,-21,8,20,토
2022-08-20,경원선,도봉산,8239,5553,13792,2686,8,20,토
2022-08-20,경원선,도봉,4487,4251,8738,236,8,20,토
2022-08-20,경원선,방학,7489,7097,14586,392,8,20,토
2022-08-20,경원선,녹천,3329,2712,6041,617,8,20,토
2022-08-20,경원선,월계,4607,4141,8748,466,8,20,토
2022-08-20,경원선,광운대,5609,5656,11265,-47,8,20,토
2022-08-20,경원선,석계,6473,6843,13316,-370,8,20,토
2022-08-20,경원선,신이문,6130,5487,11617,643,8,20,토
2022-08-20,경원선,외대앞,6393,6147,12540,246,8,20,토
2022-08-20,경원선,청량리(서울시립대입구),17181,18194,35375,-1013,8,20,토
2022-08-20,경원선,왕십리(성동구청),12891,14854,27745,-1963,8,20,토
2022-08-20,경원선,응봉,1434,1253,2687,181,8,20,토
2022-08-20,경원선,옥수,29,26,55,3,8,20,토
2022-08-20,경원선,한남,2704,2681,5385,23,8,20,토
2022-08-20,경원선,서빙고,1520,1479,2999,41,8,20,토
2022-08-20,경원선,이촌(국립중앙박물관),3159,2336,5495,823,8,20,토
2022-08-20,경부선,광명,3100,2646,5746,454,8,20,토
2022-08-20,경부선,서동탄,1030,1000,2030,30,8,20,토
2022-08-20,경부선,당정,4140,3884,8024,256,8,20,토
2022-08-20,경부선,천안,6445,6758,13203,-313,8,20,토
2022-08-20,경부선,두정,5563,5618,11181,-55,8,20,토
2022-08-20,경부선,직산,770,684,1454,86,8,20,토
2022-08-20,경부선,성환,3003,2740,5743,263,8,20,토
2022-08-20,경부선,평택,13524,12843,26367,681,8,20,토
2022-08-20,경부선,평택지제,3676,3258,6934,418,8,20,토
2022-08-20,경부선,서정리,7590,5851,13441,1739,8,20,토
2022-08-20,경부선,송탄,5000,4364,9364,636,8,20,토
2022-08-20,경부선,진위,1154,988,2142,166,8,20,토
2022-08-20,경부선,오산,9633,8805,18438,828,8,20,토
2022-08-20,경부선,오산대,2817,2524,5341,293,8,20,토
2022-08-20,경부선,세마,2340,2068,4408,272,8,20,토
2022-08-20,경부선,병점,12481,12160,24641,321,8,20,토
2022-08-20,경부선,세류,2531,2597,5128,-66,8,20,토
2022-08-20,경부선,독산,9064,8676,17740,388,8,20,토
2022-08-20,경부선,수원,37891,43321,81212,-5430,8,20,토
2022-08-20,경부선,화서,5634,5597,11231,37,8,20,토
2022-08-20,경부선,성균관대,10375,10310,20685,65,8,20,토
2022-08-20,경부선,의왕,5810,5564,11374,246,8,20,토
2022-08-20,경부선,군포,4272,3893,8165,379,8,20,토
2022-08-20,경부선,금정,19557,19505,39062,52,8,20,토
2022-08-20,경부선,명학,4645,4405,9050,240,8,20,토
2022-08-20,경부선,안양,18020,17778,35798,242,8,20,토
2022-08-20,경부선,관악,5987,5686,11673,301,8,20,토
2022-08-20,경부선,석수,6679,6196,12875,483,8,20,토
2022-08-20,경부선,금천구청,8065,7838,15903,227,8,20,토
2022-08-20,경부선,가산디지털단지,6206,8058,14264,-1852,8,20,토
2022-08-20,경부선,구로,12619,13058,25677,-439,8,20,토
2022-08-20,경부선,신길,5796,4798,10594,998,8,20,토
2022-08-20,경부선,신도림,2938,3077,6015,-139,8,20,토
2022-08-20,경부선,영등포,41460,43832,85292,-2372,8,20,토
2022-08-20,경부선,대방,6792,7210,14002,-418,8,20,토
2022-08-20,경부선,노량진,8027,7208,15235,819,8,20,토
2022-08-20,경부선,용산,38651,41548,80199,-2897,8,20,토
2022-08-20,경부선,남영,6084,6206,12290,-122,8,20,토
2022-08-20,경부선,서울역,8834,2236,11070,6598,8,20,토
2022-08-20,경강선,여주,2541,2705,5246,-164,8,20,토
2022-08-20,경강선,세종대왕릉,342,379,721,-37,8,20,토
2022-08-20,경강선,부발,2200,1786,3986,414,8,20,토
2022-08-20,경강선,이천,2877,2764,5641,113,8,20,토
2022-08-20,경강선,신둔도예촌,1204,1144,2348,60,8,20,토
2022-08-20,경강선,곤지암,1929,2017,3946,-88,8,20,토
2022-08-20,경강선,초월,2231,1977,4208,254,8,20,토
2022-08-20,경강선,경기광주,5721,5179,10900,542,8,20,토
2022-08-20,경강선,삼동,1575,1431,3006,144,8,20,토
2022-08-20,경강선,이매,867,654,1521,213,8,20,토
2022-08-20,경강선,판교,3189,3144,6333,45,8,20,토
2022-08-20,9호선2~3단계,중앙보훈병원,5024,4703,9727,321,8,20,토
2022-08-20,9호선2~3단계,둔촌오륜,602,632,1234,-30,8,20,토
2022-08-20,9호선2~3단계,올림픽공원(한국체대),9331,9164,18495,167,8,20,토
2022-08-20,9호선2~3단계,한성백제,1955,1751,3706,204,8,20,토
2022-08-20,9호선2~3단계,송파나루,4068,4647,8715,-579,8,20,토
2022-08-20,9호선2~3단계,석촌,7080,5650,12730,1430,8,20,토
2022-08-20,9호선2~3단계,석촌고분,4545,4225,8770,320,8,20,토
2022-08-20,9호선2~3단계,삼전,5085,4669,9754,416,8,20,토
2022-08-20,9호선2~3단계,종합운동장,3319,3060,6379,259,8,20,토
2022-08-20,9호선2~3단계,봉은사,13235,13499,26734,-264,8,20,토
2022-08-20,9호선2~3단계,삼성중앙,3417,3443,6860,-26,8,20,토
2022-08-20,9호선2~3단계,선정릉,4757,5278,10035,-521,8,20,토
2022-08-20,9호선2~3단계,언주,6422,6509,12931,-87,8,20,토
2022-08-20,9호선,신논현,24575,25341,49916,-766,8,20,토
2022-08-20,9호선,사평,2499,2305,4804,194,8,20,토
2022-08-20,9호선,고속터미널,13277,18716,31993,-5439,8,20,토
2022-08-20,9호선,신반포,3006,2963,5969,43,8,20,토
2022-08-20,9호선,구반포,1019,1008,2027,11,8,20,토
2022-08-20,9호선,동작(현충원),1393,1140,2533,253,8,20,토
2022-08-20,9호선,흑석(중앙대입구),5731,5587,11318,144,8,20,토
2022-08-20,9호선,노들,3511,2990,6501,521,8,20,토
2022-08-20,9호선,노량진,21194,20731,41925,463,8,20,토
2022-08-20,9호선,샛강,2924,2803,5727,121,8,20,토
2022-08-20,9호선,여의도,13656,13030,26686,626,8,20,토
2022-08-20,9호선,국회의사당,4492,4734,9226,-242,8,20,토
2022-08-20,9호선,당산,13441,12729,26170,712,8,20,토
2022-08-20,9호선,선유도,3943,3638,7581,305,8,20,토
2022-08-20,9호선,신목동,2488,2037,4525,451,8,20,토
2022-08-20,9호선,염창,11911,10935,22846,976,8,20,토
2022-08-20,9호선,등촌,7473,6855,14328,618,8,20,토
2022-08-20,9호선,증미,4312,4037,8349,275,8,20,토
2022-08-20,9호선,가양,14554,13675,28229,879,8,20,토
2022-08-20,9호선,양천향교,5783,5527,11310,256,8,20,토
2022-08-20,9호선,마곡나루(서울식물원),8305,8201,16506,104,8,20,토
2022-08-20,9호선,신방화,4753,4540,9293,213,8,20,토
2022-08-20,9호선,공항시장,2348,2305,4653,43,8,20,토
2022-08-20,9호선,김포공항,7760,11692,19452,-3932,8,20,토
2022-08-20,9호선,개화,1362,1175,2537,187,8,20,토
2022-08-20,8호선,남위례,3719,3641,7360,78,8,20,토
2022-08-20,8호선,모란,3758,3179,6937,579,8,20,토
2022-08-20,8호선,수진,4262,3823,8085,439,8,20,토
2022-08-20,8호선,신흥,3614,3824,7438,-210,8,20,토
2022-08-20,8호선,단대오거리,7589,7032,14621,557,8,20,토
2022-08-20,8호선,남한산성입구(성남법원.검찰청),9032,7889,16921,1143,8,20,토
2022-08-20,8호선,산성,4080,3973,8053,107,8,20,토
2022-08-20,8호선,복정,5853,4985,10838,868,8,20,토
2022-08-20,8호선,장지,12270,10794,23064,1476,8,20,토
2022-08-20,8호선,문정,8489,8401,16890,88,8,20,토
2022-08-20,8호선,가락시장,5303,5449,10752,-146,8,20,토
2022-08-20,8호선,송파,6526,6122,12648,404,8,20,토
2022-08-20,8호선,석촌,5710,7100,12810,-1390,8,20,토
2022-08-20,8호선,잠실(송파구청),13588,15898,29486,-2310,8,20,토
2022-08-20,8호선,몽촌토성(평화의문),4381,4220,8601,161,8,20,토
2022-08-20,8호선,강동구청,5962,5922,11884,40,8,20,토
2022-08-20,8호선,천호(풍납토성),11908,14010,25918,-2102,8,20,토
2022-08-20,8호선,암사,12423,11207,23630,1216,8,20,토
2022-08-20,7호선,온수(성공회대입구),5637,5452,11089,185,8,20,토
2022-08-20,7호선,천왕,6976,6566,13542,410,8,20,토
2022-08-20,7호선,광명사거리,16899,16852,33751,47,8,20,토
2022-08-20,7호선,철산,15220,15453,30673,-233,8,20,토
2022-08-20,7호선,가산디지털단지,14001,12639,26640,1362,8,20,토
2022-08-20,7호선,남구로,8491,8743,17234,-252,8,20,토
2022-08-20,7호선,대림(구로구청),7358,7945,15303,-587,8,20,토
2022-08-20,7호선,신풍,8073,7601,15674,472,8,20,토
2022-08-20,7호선,보라매,5415,5120,10535,295,8,20,토
2022-08-20,7호선,신대방삼거리,10773,9832,20605,941,8,20,토
2022-08-20,7호선,장승배기,6626,6266,12892,360,8,20,토
2022-08-20,7호선,상도,7749,7024,14773,725,8,20,토
2022-08-20,7호선,숭실대입구(살피재),8197,7824,16021,373,8,20,토
2022-08-20,7호선,남성,7866,7080,14946,786,8,20,토
2022-08-20,7호선,이수,12402,11721,24123,681,8,20,토
2022-08-20,7호선,내방,7920,7769,15689,151,8,20,토
2022-08-20,7호선,고속터미널,15046,11539,26585,3507,8,20,토
2022-08-20,7호선,반포,4537,4289,8826,248,8,20,토
2022-08-20,7호선,논현,9964,10916,20880,-952,8,20,토
2022-08-20,7호선,학동,10580,11036,21616,-456,8,20,토
2022-08-20,7호선,강남구청,10351,11515,21866,-1164,8,20,토
2022-08-20,7호선,청담,11340,12280,23620,-940,8,20,토
2022-08-20,7호선,뚝섬유원지,9874,9018,18892,856,8,20,토
2022-08-20,7호선,건대입구,10935,11665,22600,-730,8,20,토
2022-08-20,7호선,어린이대공원(세종대),10670,10434,21104,236,8,20,토
2022-08-20,7호선,군자(능동),10840,8094,18934,2746,8,20,토
2022-08-20,7호선,중곡,6907,6306,13213,601,8,20,토
2022-08-20,7호선,용마산(용마폭포공원),4186,4117,8303,69,8,20,토
2022-08-20,7호선,사가정,11975,11611,23586,364,8,20,토
2022-08-20,7호선,면목,11032,10164,21196,868,8,20,토
2022-08-20,7호선,상봉(시외버스터미널),13471,12739,26210,732,8,20,토
2022-08-20,7호선,중화,7552,6977,14529,575,8,20,토
2022-08-20,7호선,먹골,7781,7459,15240,322,8,20,토
2022-08-20,7호선,태릉입구,6639,6213,12852,426,8,20,토
2022-08-20,7호선,공릉(서울과학기술대),8745,8413,17158,332,8,20,토
2022-08-20,7호선,하계,12515,11264,23779,1251,8,20,토
2022-08-20,7호선,중계,9416,8056,17472,1360,8,20,토
2022-08-20,7호선,노원,16019,16766,32785,-747,8,20,토
2022-08-20,7호선,마들,9988,9087,19075,901,8,20,토
2022-08-20,7호선,수락산,10637,10320,20957,317,8,20,토
2022-08-20,7호선,도봉산,6389,8522,14911,-2133,8,20,토
2022-08-20,7호선,장암,1791,1305,3096,486,8,20,토
2022-08-20,6호선,봉화산(서울의료원),5435,5151,10586,284,8,20,토
2022-08-20,6호선,화랑대(서울여대입구),6805,5395,12200,1410,8,20,토
2022-08-20,6호선,태릉입구,4394,4406,8800,-12,8,20,토
2022-08-20,6호선,석계,8682,8703,17385,-21,8,20,토
2022-08-20,6호선,돌곶이,6473,5776,12249,697,8,20,토
2022-08-20,6호선,상월곡(한국과학기술연구원),4160,3504,7664,656,8,20,토
2022-08-20,6호선,월곡(동덕여대),7563,7179,14742,384,8,20,토
2022-08-20,6호선,고려대(종암),5478,4989,10467,489,8,20,토
2022-08-20,6호선,안암(고대병원앞),6577,6376,12953,201,8,20,토
2022-08-20,6호선,보문,5161,4484,9645,677,8,20,토
2022-08-20,6호선,창신,2062,1749,3811,313,8,20,토
2022-08-20,6호선,동묘앞,7339,7106,14445,233,8,20,토
2022-08-20,6호선,신당,6235,5749,11984,486,8,20,토
2022-08-20,6호선,청구,2536,2350,4886,186,8,20,토
2022-08-20,6호선,약수,2532,2567,5099,-35,8,20,토
2022-08-20,6호선,버티고개,1485,1572,3057,-87,8,20,토
2022-08-20,6호선,한강진,8565,11167,19732,-2602,8,20,토
2022-08-20,6호선,이태원,14255,19700,33955,-5445,8,20,토
2022-08-20,6호선,녹사평(용산구청),5197,6074,11271,-877,8,20,토
2022-08-20,6호선,삼각지,6161,4283,10444,1878,8,20,토
2022-08-20,6호선,효창공원앞,4662,3903,8565,759,8,20,토
2022-08-20,6호선,공덕,10549,9882,20431,667,8,20,토
2022-08-20,6호선,대흥(서강대앞),5680,5652,11332,28,8,20,토
2022-08-20,6호선,광흥창(서강),5615,5160,10775,455,8,20,토
2022-08-20,6호선,상수,8851,11292,20143,-2441,8,20,토
2022-08-20,6호선,합정,12729,12445,25174,284,8,20,토
2022-08-20,6호선,망원,12838,14186,27024,-1348,8,20,토
2022-08-20,6호선,마포구청,9891,8523,18414,1368,8,20,토
2022-08-20,6호선,월드컵경기장(성산),4820,4993,9813,-173,8,20,토
2022-08-20,6호선,디지털미디어시티,7604,7769,15373,-165,8,20,토
2022-08-20,6호선,증산(명지대앞),7280,7044,14324,236,8,20,토
2022-08-20,6호선,새절(신사),8867,7952,16819,915,8,20,토
2022-08-20,6호선,구산,5699,4286,9985,1413,8,20,토
2022-08-20,6호선,연신내,1,0,1,1,8,20,토
2022-08-20,6호선,독바위,1997,2225,4222,-228,8,20,토
2022-08-20,6호선,불광,3868,3528,7396,340,8,20,토
2022-08-20,6호선,역촌,2827,3041,5868,-214,8,20,토
2022-08-20,6호선,응암,12577,12187,24764,390,8,20,토
2022-08-20,5호선,하남검단산,5438,5220,10658,218,8,20,토
2022-08-20,5호선,하남시청(덕풍·신장),5698,5341,11039,357,8,20,토
2022-08-20,5호선,하남풍산,2887,2821,5708,66,8,20,토
2022-08-20,5호선,미사,12259,12380,24639,-121,8,20,토
2022-08-20,5호선,강일,3200,2966,6166,234,8,20,토
2022-08-20,5호선,마천,4877,4740,9617,137,8,20,토
2022-08-20,5호선,거여,6557,6121,12678,436,8,20,토
2022-08-20,5호선,개롱,4279,4421,8700,-142,8,20,토
2022-08-20,5호선,오금,2100,1972,4072,128,8,20,토
2022-08-20,5호선,방이,5256,5159,10415,97,8,20,토
2022-08-20,5호선,올림픽공원(한국체대),5392,4851,10243,541,8,20,토
2022-08-20,5호선,둔촌동,5862,5840,11702,22,8,20,토
2022-08-20,5호선,상일동,9579,8616,18195,963,8,20,토
2022-08-20,5호선,고덕,6448,6290,12738,158,8,20,토
2022-08-20,5호선,명일,6145,6043,12188,102,8,20,토
2022-08-20,5호선,굽은다리(강동구민회관앞),7570,7170,14740,400,8,20,토
2022-08-20,5호선,길동,6007,5960,11967,47,8,20,토
2022-08-20,5호선,강동,13155,12589,25744,566,8,20,토
2022-08-20,5호선,천호(풍납토성),17194,16672,33866,522,8,20,토
2022-08-20,5호선,광나루(장신대),10755,10690,21445,65,8,20,토
2022-08-20,5호선,아차산(어린이대공원후문),11699,11117,22816,582,8,20,토
2022-08-20,5호선,군자(능동),8503,9396,17899,-893,8,20,토
2022-08-20,5호선,장한평,11528,11206,22734,322,8,20,토
2022-08-20,5호선,답십리,10626,9450,20076,1176,8,20,토
2022-08-20,5호선,마장,3980,3637,7617,343,8,20,토
2022-08-20,5호선,왕십리(성동구청),3427,4324,7751,-897,8,20,토
2022-08-20,5호선,행당,5543,4744,10287,799,8,20,토
2022-08-20,5호선,신금호,4040,4129,8169,-89,8,20,토
2022-08-20,5호선,청구,2453,2337,4790,116,8,20,토
2022-08-20,5호선,동대문역사문화공원(DDP),1212,1554,2766,-342,8,20,토
2022-08-20,5호선,을지로4가,3413,3960,7373,-547,8,20,토
2022-08-20,5호선,종로3가,12798,13280,26078,-482,8,20,토
2022-08-20,5호선,광화문(세종문화회관),19900,20962,40862,-1062,8,20,토
2022-08-20,5호선,서대문,7747,7515,15262,232,8,20,토
2022-08-20,5호선,충정로(경기대입구),1911,1751,3662,160,8,20,토
2022-08-20,5호선,애오개,3664,3517,7181,147,8,20,토
2022-08-20,5호선,공덕,7243,7586,14829,-343,8,20,토
2022-08-20,5호선,마포,7515,7574,15089,-59,8,20,토
2022-08-20,5호선,여의나루,12555,14062,26617,-1507,8,20,토
2022-08-20,5호선,여의도,12816,13671,26487,-855,8,20,토
2022-08-20,5호선,신길,2755,2732,5487,23,8,20,토
2022-08-20,5호선,영등포시장,8237,8545,16782,-308,8,20,토
2022-08-20,5호선,영등포구청,2132,2029,4161,103,8,20,토
2022-08-20,5호선,양평,3898,3666,7564,232,8,20,토
2022-08-20,5호선,오목교(목동운동장앞),17609,17949,35558,-340,8,20,토
2022-08-20,5호선,목동,11347,11317,22664,30,8,20,토
2022-08-20,5호선,신정(은행정),9189,7596,16785,1593,8,20,토
2022-08-20,5호선,까치산,21138,19408,40546,1730,8,20,토
2022-08-20,5호선,화곡,20554,18352,38906,2202,8,20,토
2022-08-20,5호선,우장산,9955,9665,19620,290,8,20,토
2022-08-20,5호선,발산,12764,14040,26804,-1276,8,20,토
2022-08-20,5호선,마곡,5700,5804,11504,-104,8,20,토
2022-08-20,5호선,송정,5033,4627,9660,406,8,20,토
2022-08-20,5호선,김포공항,7443,7676,15119,-233,8,20,토
2022-08-20,5호선,개화산,3801,3630,7431,171,8,20,토
2022-08-20,4호선,남태령,1162,782,1944,380,8,20,토
2022-08-20,4호선,사당,22036,20241,42277,1795,8,20,토
2022-08-20,4호선,총신대입구(이수),14244,15231,29475,-987,8,20,토
2022-08-20,4호선,동작(현충원),1338,1341,2679,-3,8,20,토
2022-08-20,4호선,이촌(국립중앙박물관),9780,10454,20234,-674,8,20,토
2022-08-20,4호선,신용산,11731,12981,24712,-1250,8,20,토
2022-08-20,4호선,삼각지,4062,5571,9633,-1509,8,20,토
2022-08-20,4호선,숙대입구(갈월),9654,9451,19105,203,8,20,토
2022-08-20,4호선,서울역,6243,15529,21772,-9286,8,20,토
2022-08-20,4호선,회현(남대문시장),17970,19053,37023,-1083,8,20,토
2022-08-20,4호선,명동,16145,18060,34205,-1915,8,20,토
2022-08-20,4호선,충무로,12623,14127,26750,-1504,8,20,토
2022-08-20,4호선,동대문역사문화공원(DDP),12458,10386,22844,2072,8,20,토
2022-08-20,4호선,동대문,13187,10832,24019,2355,8,20,토
2022-08-20,4호선,혜화,30924,33013,63937,-2089,8,20,토
2022-08-20,4호선,한성대입구(삼선교),10238,9632,19870,606,8,20,토
2022-08-20,4호선,성신여대입구(돈암),16530,15725,32255,805,8,20,토
2022-08-20,4호선,길음,14791,13601,28392,1190,8,20,토
2022-08-20,4호선,미아사거리,21593,20338,41931,1255,8,20,토
2022-08-20,4호선,미아(서울사이버대학),11546,10590,22136,956,8,20,토
2022-08-20,4호선,수유(강북구청),26750,25958,52708,792,8,20,토
2022-08-20,4호선,쌍문,21585,18952,40537,2633,8,20,토
2022-08-20,4호선,창동,19767,20744,40511,-977,8,20,토
2022-08-20,4호선,노원,15498,17499,32997,-2001,8,20,토
2022-08-20,4호선,상계,14025,12702,26727,1323,8,20,토
2022-08-20,4호선,당고개,7310,6574,13884,736,8,20,토
2022-08-20,3호선,오금,3639,3363,7002,276,8,20,토
2022-08-20,3호선,경찰병원,4115,3937,8052,178,8,20,토
2022-08-20,3호선,가락시장,6254,5884,12138,370,8,20,토
2022-08-20,3호선,수서,13499,13205,26704,294,8,20,토
2022-08-20,3호선,일원,5097,4828,9925,269,8,20,토
2022-08-20,3호선,대청,5927,5573,11500,354,8,20,토
2022-08-20,3호선,학여울,4506,4864,9370,-358,8,20,토
2022-08-20,3호선,대치,11220,9738,20958,1482,8,20,토
2022-08-20,3호선,도곡,3026,3090,6116,-64,8,20,토
2022-08-20,3호선,매봉,6029,5833,11862,196,8,20,토
2022-08-20,3호선,양재(서초구청),19701,21715,41416,-2014,8,20,토
2022-08-20,3호선,남부터미널(예술의전당),21417,20569,41986,848,8,20,토
2022-08-20,3호선,교대(법원.검찰청),7318,4465,11783,2853,8,20,토
2022-08-20,3호선,고속터미널,50219,50578,100797,-359,8,20,토
2022-08-20,3호선,잠원,3374,3255,6629,119,8,20,토
2022-08-20,3호선,신사,23538,25538,49076,-2000,8,20,토
2022-08-20,3호선,압구정,25014,26762,51776,-1748,8,20,토
2022-08-20,3호선,옥수,6651,6731,13382,-80,8,20,토
2022-08-20,3호선,금호,5889,5075,10964,814,8,20,토
2022-08-20,3호선,약수,9136,8559,17695,577,8,20,토
2022-08-20,3호선,동대입구,7682,8595,16277,-913,8,20,토
2022-08-20,3호선,충무로,1,0,1,1,8,20,토
2022-08-20,3호선,을지로3가,5212,5633,10845,-421,8,20,토
2022-08-20,3호선,종로3가,6288,8981,15269,-2693,8,20,토
2022-08-20,3호선,안국,16641,18566,35207,-1925,8,20,토
2022-08-20,3호선,경복궁(정부서울청사),16792,18595,35387,-1803,8,20,토
2022-08-20,3호선,독립문,5865,6043,11908,-178,8,20,토
2022-08-20,3호선,무악재,2838,2725,5563,113,8,20,토
2022-08-20,3호선,홍제,12923,12204,25127,719,8,20,토
2022-08-20,3호선,녹번,10465,8703,19168,1762,8,20,토
2022-08-20,3호선,불광,12447,13799,26246,-1352,8,20,토
2022-08-20,3호선,연신내,29669,26957,56626,2712,8,20,토
2022-08-20,3호선,구파발,16248,16528,32776,-280,8,20,토
2022-08-20,3호선,지축,3712,3466,7178,246,8,20,토
2022-08-20,2호선,용두(동대문구청),1805,1678,3483,127,8,20,토
2022-08-20,2호선,신정네거리,7750,7562,15312,188,8,20,토
2022-08-20,2호선,양천구청,4754,4593,9347,161,8,20,토
2022-08-20,2호선,도림천,772,753,1525,19,8,20,토
2022-08-20,2호선,신설동,3391,1657,5048,1734,8,20,토
2022-08-20,2호선,신답,1033,1057,2090,-24,8,20,토
2022-08-20,2호선,용답,2163,1968,4131,195,8,20,토
2022-08-20,2호선,충정로(경기대입구),5742,5971,11713,-229,8,20,토
2022-08-20,2호선,아현,7682,7253,14935,429,8,20,토
2022-08-20,2호선,이대,10322,10464,20786,-142,8,20,토
2022-08-20,2호선,신촌,31814,31827,63641,-13,8,20,토
2022-08-20,2호선,홍대입구,68915,78198,147113,-9283,8,20,토
2022-08-20,2호선,합정,28933,33381,62314,-4448,8,20,토
2022-08-20,2호선,당산,12311,13199,25510,-888,8,20,토
2022-08-20,2호선,영등포구청,12638,13123,25761,-485,8,20,토
2022-08-20,2호선,문래,13143,14178,27321,-1035,8,20,토
2022-08-20,2호선,신도림,38556,38819,77375,-263,8,20,토
2022-08-20,2호선,대림(구로구청),17913,18891,36804,-978,8,20,토
2022-08-20,2호선,구로디지털단지,34646,33667,68313,979,8,20,토
2022-08-20,2호선,신대방,19605,18229,37834,1376,8,20,토
2022-08-20,2호선,신림,47363,44712,92075,2651,8,20,토
2022-08-20,2호선,봉천,17846,15789,33635,2057,8,20,토
2022-08-20,2호선,서울대입구(관악구청),36538,34689,71227,1849,8,20,토
2022-08-20,2호선,낙성대(강감찬),21284,19098,40382,2186,8,20,토
2022-08-20,2호선,사당,32522,36783,69305,-4261,8,20,토
2022-08-20,2호선,방배,9876,10150,20026,-274,8,20,토
2022-08-20,2호선,서초,10967,9356,20323,1611,8,20,토
2022-08-20,2호선,교대(법원.검찰청),17318,19393,36711,-2075,8,20,토
2022-08-20,2호선,강남,57869,58111,115980,-242,8,20,토
2022-08-20,2호선,역삼,18075,19840,37915,-1765,8,20,토
2022-08-20,2호선,선릉,25252,22277,47529,2975,8,20,토
2022-08-20,2호선,삼성(무역센터),31771,31713,63484,58,8,20,토
2022-08-20,2호선,종합운동장,13074,14732,27806,-1658,8,20,토
2022-08-20,2호선,잠실새내,17638,18622,36260,-984,8,20,토
2022-08-20,2호선,잠실(송파구청),66440,63931,130371,2509,8,20,토
2022-08-20,2호선,잠실나루,7526,7438,14964,88,8,20,토
2022-08-20,2호선,강변(동서울터미널),28254,28703,56957,-449,8,20,토
2022-08-20,2호선,구의(광진구청),16385,15603,31988,782,8,20,토
2022-08-20,2호선,건대입구,33352,37031,70383,-3679,8,20,토
2022-08-20,2호선,성수,22829,26356,49185,-3527,8,20,토
2022-08-20,2호선,뚝섬,14983,15480,30463,-497,8,20,토
2022-08-20,2호선,한양대,4104,4337,8441,-233,8,20,토
2022-08-20,2호선,왕십리(성동구청),13087,11260,24347,1827,8,20,토
2022-08-20,2호선,상왕십리,9945,9131,19076,814,8,20,토
2022-08-20,2호선,신당,11118,11469,22587,-351,8,20,토
2022-08-20,2호선,동대문역사문화공원(DDP),10753,12554,23307,-1801,8,20,토
2022-08-20,2호선,을지로4가,7937,7938,15875,-1,8,20,토
2022-08-20,2호선,을지로3가,11432,11689,23121,-257,8,20,토
2022-08-20,2호선,을지로입구,22928,23300,46228,-372,8,20,토
2022-08-20,2호선,시청,10088,8710,18798,1378,8,20,토
2022-08-20,1호선,동묘앞,10873,11206,22079,-333,8,20,토
2022-08-20,1호선,청량리(서울시립대입구),17841,18258,36099,-417,8,20,토
2022-08-20,1호선,제기동,15340,15713,31053,-373,8,20,토
2022-08-20,1호선,신설동,9396,9046,18442,350,8,20,토
2022-08-20,1호선,동대문,9838,9490,19328,348,8,20,토
2022-08-20,1호선,종로5가,18918,18704,37622,214,8,20,토
2022-08-20,1호선,종로3가,22999,21905,44904,1094,8,20,토
2022-08-20,1호선,종각,21052,19999,41051,1053,8,20,토
2022-08-20,1호선,시청,13140,13581,26721,-441,8,20,토
2022-08-20,1호선,서울역,35245,35625,70870,-380,8,20,토
2022-08-20,중앙선,양수,2087,2216,4303,-129,8,20,토
2022-08-20,중앙선,신원,219,198,417,21,8,20,토
2022-08-20,중앙선,국수,609,590,1199,19,8,20,토
2022-08-20,중앙선,아신,642,691,1333,-49,8,20,토
2022-08-20,중앙선,오빈,323,344,667,-21,8,20,토
2022-08-20,중앙선,양평,2948,3078,6026,-130,8,20,토
2022-08-20,중앙선,원덕,364,397,761,-33,8,20,토
2022-08-20,중앙선,용문,4191,4468,8659,-277,8,20,토
2022-08-20,중앙선,지평,78,88,166,-10,8,20,토
2022-08-20,장항선,신창(순천향대),1073,889,1962,184,8,20,토
2022-08-20,중앙선,회기,20099,18800,38899,1299,8,20,토
2022-08-20,중앙선,중랑,4559,4243,8802,316,8,20,토
2022-08-20,중앙선,상봉(시외버스터미널),4815,4763,9578,52,8,20,토
2022-08-20,중앙선,망우,6718,6680,13398,38,8,20,토
2022-08-20,중앙선,양원,2015,1827,3842,188,8,20,토
2022-08-20,중앙선,구리,10131,10351,20482,-220,8,20,토
2022-08-20,중앙선,도농,7466,7073,14539,393,8,20,토
2022-08-20,중앙선,양정,586,501,1087,85,8,20,토
2022-08-20,중앙선,덕소,4529,4372,8901,157,8,20,토
2022-08-20,중앙선,도심,1620,1380,3000,240,8,20,토
2022-08-20,중앙선,팔당,1366,1440,2806,-74,8,20,토
2022-08-20,중앙선,운길산,973,988,1961,-15,8,20,토
2022-08-20,수인선,사리,3704,3026,6730,678,8,20,토
2022-08-21,우이신설선,북한산보국문,3744,3367,7111,377,8,21,일
2022-08-21,우이신설선,삼양사거리,1460,1437,2897,23,8,21,일
2022-08-21,우이신설선,삼양,1264,1291,2555,-27,8,21,일
2022-08-21,우이신설선,신설동,1232,1190,2422,42,8,21,일
2022-08-21,우이신설선,보문,1002,986,1988,16,8,21,일
2022-08-21,우이신설선,성신여대입구(돈암),2240,2467,4707,-227,8,21,일
2022-08-21,중앙선,지평,58,55,113,3,8,21,일
2022-08-21,중앙선,용문,2543,2130,4673,413,8,21,일
2022-08-21,중앙선,원덕,360,317,677,43,8,21,일
2022-08-21,중앙선,양평,2520,2291,4811,229,8,21,일
2022-08-21,중앙선,오빈,279,219,498,60,8,21,일
2022-08-21,중앙선,아신,598,533,1131,65,8,21,일
2022-08-21,중앙선,국수,571,491,1062,80,8,21,일
2022-08-21,중앙선,신원,270,170,440,100,8,21,일
2022-08-21,중앙선,양수,1917,1802,3719,115,8,21,일
2022-08-21,중앙선,운길산,915,851,1766,64,8,21,일
2022-08-21,중앙선,팔당,1189,1255,2444,-66,8,21,일
2022-08-21,중앙선,도심,1244,1119,2363,125,8,21,일
2022-08-21,중앙선,덕소,3508,3536,7044,-28,8,21,일
2022-08-21,중앙선,양정,496,399,895,97,8,21,일
2022-08-21,중앙선,도농,5397,5305,10702,92,8,21,일
2022-08-21,중앙선,구리,7595,7656,15251,-61,8,21,일
2022-08-21,중앙선,양원,1436,1436,2872,0,8,21,일
2022-08-21,중앙선,망우,5135,5199,10334,-64,8,21,일
2022-08-21,중앙선,상봉(시외버스터미널),3675,4004,7679,-329,8,21,일
2022-08-21,중앙선,중랑,3472,3289,6761,183,8,21,일
2022-08-21,중앙선,회기,16112,15918,32030,194,8,21,일
2022-08-21,장항선,신창(순천향대),918,983,1901,-65,8,21,일
2022-08-21,장항선,온양온천,3517,3587,7104,-70,8,21,일
2022-08-21,장항선,배방,877,1056,1933,-179,8,21,일
2022-08-21,장항선,탕정,584,627,1211,-43,8,21,일
2022-08-21,장항선,아산,3406,2267,5673,1139,8,21,일
2022-08-21,장항선,쌍용(나사렛대),1290,1250,2540,40,8,21,일
2022-08-21,장항선,봉명,572,598,1170,-26,8,21,일
2022-08-21,일산선,대화,7623,7166,14789,457,8,21,일
2022-08-21,일산선,주엽,4941,4815,9756,126,8,21,일
2022-08-21,일산선,정발산,5819,5910,11729,-91,8,21,일
2022-08-21,일산선,마두,3497,3367,6864,130,8,21,일
2022-08-21,일산선,백석,5406,5520,10926,-114,8,21,일
2022-08-21,일산선,대곡,996,926,1922,70,8,21,일
2022-08-21,일산선,화정,9510,9694,19204,-184,8,21,일
2022-08-21,일산선,원당,5933,5758,11691,175,8,21,일
2022-08-21,일산선,삼송,11157,11002,22159,155,8,21,일
2022-08-21,일산선,원흥,5571,5453,11024,118,8,21,일
2022-08-21,1호선,서울역,30169,28266,58435,1903,8,21,일
2022-08-21,1호선,시청,8921,8392,17313,529,8,21,일
2022-08-21,1호선,종각,13881,12253,26134,1628,8,21,일
2022-08-21,1호선,종로3가,15021,12957,27978,2064,8,21,일
2022-08-21,1호선,종로5가,9295,9326,18621,-31,8,21,일
2022-08-21,1호선,동대문,9050,9431,18481,-381,8,21,일
2022-08-21,1호선,신설동,7628,7634,15262,-6,8,21,일
2022-08-21,1호선,제기동,10348,10906,21254,-558,8,21,일
2022-08-21,1호선,청량리(서울시립대입구),12928,12967,25895,-39,8,21,일
2022-08-21,1호선,동묘앞,11536,11576,23112,-40,8,21,일
2022-08-21,2호선,시청,6641,5541,12182,1100,8,21,일
2022-08-21,2호선,을지로입구,17369,16945,34314,424,8,21,일
2022-08-21,2호선,을지로3가,9044,8738,17782,306,8,21,일
2022-08-21,2호선,을지로4가,4039,3976,8015,63,8,21,일
2022-08-21,2호선,동대문역사문화공원(DDP),8623,10315,18938,-1692,8,21,일
2022-08-21,2호선,신당,8192,8867,17059,-675,8,21,일
2022-08-21,2호선,상왕십리,7382,7183,14565,199,8,21,일
2022-08-21,2호선,왕십리(성동구청),9454,8243,17697,1211,8,21,일
2022-08-21,2호선,한양대,2623,2685,5308,-62,8,21,일
2022-08-21,2호선,뚝섬,10348,10729,21077,-381,8,21,일
2022-08-21,2호선,건대입구,25694,27327,53021,-1633,8,21,일
2022-08-21,2호선,구의(광진구청),11276,11271,22547,5,8,21,일
2022-08-21,2호선,강변(동서울터미널),23945,22471,46416,1474,8,21,일
2022-08-21,2호선,잠실나루,5396,5530,10926,-134,8,21,일
2022-08-21,2호선,잠실(송파구청),50567,47420,97987,3147,8,21,일
2022-08-21,2호선,잠실새내,11884,12378,24262,-494,8,21,일
2022-08-21,2호선,종합운동장,10997,11729,22726,-732,8,21,일
2022-08-21,2호선,삼성(무역센터),22724,21729,44453,995,8,21,일
2022-08-21,2호선,선릉,13797,11802,25599,1995,8,21,일
2022-08-21,2호선,역삼,11138,12302,23440,-1164,8,21,일
2022-08-21,2호선,강남,34497,32812,67309,1685,8,21,일
2022-08-21,2호선,교대(법원.검찰청),10574,11883,22457,-1309,8,21,일
2022-08-21,2호선,서초,12387,11483,23870,904,8,21,일
2022-08-21,2호선,방배,7038,7302,14340,-264,8,21,일
2022-08-21,2호선,사당,22648,25045,47693,-2397,8,21,일
2022-08-21,2호선,낙성대(강감찬),15794,16157,31951,-363,8,21,일
2022-08-21,2호선,서울대입구(관악구청),26106,26564,52670,-458,8,21,일
2022-08-21,2호선,봉천,12529,12190,24719,339,8,21,일
2022-08-21,2호선,신림,35675,34868,70543,807,8,21,일
2022-08-21,2호선,신대방,15128,14816,29944,312,8,21,일
2022-08-21,2호선,구로디지털단지,24162,23727,47889,435,8,21,일
2022-08-21,2호선,대림(구로구청),15073,15334,30407,-261,8,21,일
2022-08-21,2호선,신도림,27180,27690,54870,-510,8,21,일
2022-08-21,2호선,문래,8023,8768,16791,-745,8,21,일
2022-08-21,2호선,영등포구청,8245,8774,17019,-529,8,21,일
2022-08-21,2호선,당산,8326,9290,17616,-964,8,21,일
2022-08-21,2호선,합정,21245,22760,44005,-1515,8,21,일
2022-08-21,2호선,홍대입구,54305,54083,108388,222,8,21,일
2022-08-21,2호선,신촌,23358,22883,46241,475,8,21,일
2022-08-21,2호선,이대,7290,7726,15016,-436,8,21,일
2022-08-21,2호선,아현,5372,5316,10688,56,8,21,일
2022-08-21,2호선,충정로(경기대입구),3556,3875,7431,-319,8,21,일
2022-08-21,2호선,용답,1757,1652,3409,105,8,21,일
2022-08-21,2호선,신답,757,818,1575,-61,8,21,일
2022-08-21,2호선,신설동,3032,3004,6036,28,8,21,일
2022-08-21,2호선,도림천,417,444,861,-27,8,21,일
2022-08-21,2호선,양천구청,3397,3444,6841,-47,8,21,일
2022-08-21,2호선,신정네거리,5130,5350,10480,-220,8,21,일
2022-08-21,2호선,용두(동대문구청),1167,1226,2393,-59,8,21,일
2022-08-21,3호선,지축,2737,2532,5269,205,8,21,일
2022-08-21,3호선,구파발,12094,12710,24804,-616,8,21,일
2022-08-21,3호선,연신내,21499,20356,41855,1143,8,21,일
2022-08-21,3호선,불광,9734,10980,20714,-1246,8,21,일
2022-08-21,3호선,녹번,7108,6527,13635,581,8,21,일
2022-08-21,3호선,홍제,9129,8646,17775,483,8,21,일
2022-08-21,3호선,무악재,1868,1915,3783,-47,8,21,일
2022-08-21,3호선,독립문,4150,4381,8531,-231,8,21,일
2022-08-21,3호선,경복궁(정부서울청사),13114,14994,28108,-1880,8,21,일
2022-08-21,3호선,안국,11992,12299,24291,-307,8,21,일
2022-08-21,3호선,종로3가,4160,5358,9518,-1198,8,21,일
2022-08-21,3호선,을지로3가,3628,3371,6999,257,8,21,일
2022-08-21,3호선,동대입구,5502,5960,11462,-458,8,21,일
2022-08-21,3호선,약수,6912,6579,13491,333,8,21,일
2022-08-21,3호선,금호,4119,3864,7983,255,8,21,일
2022-08-21,3호선,옥수,4817,4994,9811,-177,8,21,일
2022-08-21,3호선,압구정,14859,15382,30241,-523,8,21,일
2022-08-21,3호선,신사,13636,13723,27359,-87,8,21,일
2022-08-21,3호선,잠원,2227,2233,4460,-6,8,21,일
2022-08-21,3호선,고속터미널,41237,39777,81014,1460,8,21,일
2022-08-21,3호선,교대(법원.검찰청),4484,2718,7202,1766,8,21,일
2022-08-21,3호선,남부터미널(예술의전당),14043,14659,28702,-616,8,21,일
2022-08-21,3호선,양재(서초구청),13614,15666,29280,-2052,8,21,일
2022-08-21,3호선,매봉,4033,3975,8008,58,8,21,일
2022-08-21,3호선,도곡,1923,2009,3932,-86,8,21,일
2022-08-21,3호선,대치,7452,6264,13716,1188,8,21,일
2022-08-21,3호선,학여울,3281,3596,6877,-315,8,21,일
2022-08-21,3호선,대청,4135,4165,8300,-30,8,21,일
2022-08-21,3호선,일원,3585,3724,7309,-139,8,21,일
2022-08-21,3호선,수서,10690,10741,21431,-51,8,21,일
2022-08-21,3호선,가락시장,3849,3901,7750,-52,8,21,일
2022-08-21,3호선,경찰병원,2918,3023,5941,-105,8,21,일
2022-08-21,3호선,오금,2925,2851,5776,74,8,21,일
2022-08-21,4호선,당고개,5938,5632,11570,306,8,21,일
2022-08-21,4호선,상계,10169,9585,19754,584,8,21,일
2022-08-21,4호선,노원,11609,12582,24191,-973,8,21,일
2022-08-21,4호선,창동,15039,15606,30645,-567,8,21,일
2022-08-21,4호선,쌍문,16031,14219,30250,1812,8,21,일
2022-08-21,4호선,수유(강북구청),20055,19343,39398,712,8,21,일
2022-08-21,4호선,미아(서울사이버대학),8193,7563,15756,630,8,21,일
2022-08-21,4호선,미아사거리,15938,15287,31225,651,8,21,일
2022-08-21,4호선,길음,10776,10351,21127,425,8,21,일
2022-08-21,4호선,성신여대입구(돈암),12616,12206,24822,410,8,21,일
2022-08-21,4호선,한성대입구(삼선교),7584,7636,15220,-52,8,21,일
2022-08-21,4호선,혜화,24542,25949,50491,-1407,8,21,일
2022-08-21,4호선,동대문,6695,7165,13860,-470,8,21,일
2022-08-21,4호선,동대문역사문화공원(DDP),9800,8832,18632,968,8,21,일
2022-08-21,4호선,명동,13146,13923,27069,-777,8,21,일
2022-08-21,4호선,회현(남대문시장),8541,8598,17139,-57,8,21,일
2022-08-21,4호선,서울역,4618,11784,16402,-7166,8,21,일
2022-08-21,4호선,숙대입구(갈월),8321,7833,16154,488,8,21,일
2022-08-21,4호선,삼각지,3124,4247,7371,-1123,8,21,일
2022-08-21,4호선,신용산,9493,10038,19531,-545,8,21,일
2022-08-21,4호선,이촌(국립중앙박물관),7357,7827,15184,-470,8,21,일
2022-08-21,4호선,동작(현충원),945,1040,1985,-95,8,21,일
2022-08-21,4호선,총신대입구(이수),10260,11199,21459,-939,8,21,일
2022-08-21,4호선,사당,16086,14660,30746,1426,8,21,일
2022-08-21,4호선,남태령,886,616,1502,270,8,21,일
2022-08-21,5호선,방화,3633,3627,7260,6,8,21,일
2022-08-21,5호선,개화산,2687,2737,5424,-50,8,21,일
2022-08-21,5호선,김포공항,7169,6857,14026,312,8,21,일
2022-08-21,5호선,송정,3652,3507,7159,145,8,21,일
2022-08-21,5호선,마곡,3659,3896,7555,-237,8,21,일
2022-08-21,5호선,발산,8390,9284,17674,-894,8,21,일
2022-08-21,5호선,우장산,6987,7002,13989,-15,8,21,일
2022-08-21,5호선,화곡,13973,13186,27159,787,8,21,일
2022-08-21,5호선,까치산,15370,14936,30306,434,8,21,일
2022-08-21,5호선,신정(은행정),6448,5637,12085,811,8,21,일
2022-08-21,5호선,목동,7737,7849,15586,-112,8,21,일
2022-08-21,5호선,오목교(목동운동장앞),11797,11926,23723,-129,8,21,일
2022-08-21,5호선,양평,2696,2769,5465,-73,8,21,일
2022-08-21,5호선,영등포구청,1577,1389,2966,188,8,21,일
2022-08-21,5호선,영등포시장,5641,5840,11481,-199,8,21,일
2022-08-21,5호선,신길,2008,2202,4210,-194,8,21,일
2022-08-21,5호선,여의도,8718,9266,17984,-548,8,21,일
2022-08-21,5호선,여의나루,10820,12028,22848,-1208,8,21,일
2022-08-21,5호선,마포,4837,4854,9691,-17,8,21,일
2022-08-21,5호선,공덕,4607,4604,9211,3,8,21,일
2022-08-21,5호선,애오개,2720,2673,5393,47,8,21,일
2022-08-21,5호선,충정로(경기대입구),1583,1474,3057,109,8,21,일
2022-08-21,5호선,서대문,5984,5962,11946,22,8,21,일
2022-08-21,5호선,광화문(세종문화회관),15841,16129,31970,-288,8,21,일
2022-08-21,5호선,종로3가,8856,8379,17235,477,8,21,일
2022-08-21,5호선,을지로4가,1730,1847,3577,-117,8,21,일
2022-08-21,5호선,동대문역사문화공원(DDP),933,1090,2023,-157,8,21,일
2022-08-21,5호선,청구,1824,1708,3532,116,8,21,일
2022-08-21,5호선,신금호,3005,3192,6197,-187,8,21,일
2022-08-21,5호선,행당,4076,3594,7670,482,8,21,일
2022-08-21,5호선,왕십리(성동구청),2531,3176,5707,-645,8,21,일
2022-08-21,5호선,마장,2797,2547,5344,250,8,21,일
2022-08-21,5호선,답십리,7985,7325,15310,660,8,21,일
2022-08-21,5호선,장한평,8044,7930,15974,114,8,21,일
2022-08-21,5호선,군자(능동),6138,6745,12883,-607,8,21,일
2022-08-21,5호선,아차산(어린이대공원후문),9347,9049,18396,298,8,21,일
2022-08-21,5호선,광나루(장신대),8241,7846,16087,395,8,21,일
2022-08-21,5호선,천호(풍납토성),13011,12273,25284,738,8,21,일
2022-08-21,5호선,강동,9241,9206,18447,35,8,21,일
2022-08-21,5호선,길동,4179,4106,8285,73,8,21,일
2022-08-21,5호선,굽은다리(강동구민회관앞),5567,5284,10851,283,8,21,일
2022-08-21,5호선,명일,5026,5250,10276,-224,8,21,일
2022-08-21,5호선,고덕,4477,4562,9039,-85,8,21,일
2022-08-21,5호선,상일동,6569,6267,12836,302,8,21,일
2022-08-21,5호선,둔촌동,4597,4542,9139,55,8,21,일
2022-08-21,5호선,올림픽공원(한국체대),3611,3403,7014,208,8,21,일
2022-08-21,5호선,방이,3959,3753,7712,206,8,21,일
2022-08-21,5호선,오금,1582,1507,3089,75,8,21,일
2022-08-21,5호선,개롱,3018,3380,6398,-362,8,21,일
2022-08-21,5호선,거여,4561,4415,8976,146,8,21,일
2022-08-21,5호선,마천,3609,3882,7491,-273,8,21,일
2022-08-21,5호선,강일,2428,2236,4664,192,8,21,일
2022-08-21,5호선,미사,8825,9024,17849,-199,8,21,일
2022-08-21,5호선,하남풍산,2386,2347,4733,39,8,21,일
2022-08-21,5호선,하남시청(덕풍·신장),4084,3901,7985,183,8,21,일
2022-08-21,5호선,하남검단산,4742,4542,9284,200,8,21,일
2022-08-21,6호선,응암,9202,9473,18675,-271,8,21,일
2022-08-21,6호선,역촌,2179,2410,4589,-231,8,21,일
2022-08-21,6호선,불광,3081,2734,5815,347,8,21,일
2022-08-21,6호선,독바위,1598,1868,3466,-270,8,21,일
2022-08-21,6호선,연신내,1,0,1,1,8,21,일
2022-08-21,6호선,구산,3951,3182,7133,769,8,21,일
2022-08-21,6호선,새절(신사),6520,6105,12625,415,8,21,일
2022-08-21,6호선,증산(명지대앞),5541,5613,11154,-72,8,21,일
2022-08-21,6호선,디지털미디어시티,5602,5998,11600,-396,8,21,일
2022-08-21,6호선,월드컵경기장(성산),6700,6824,13524,-124,8,21,일
2022-08-21,6호선,마포구청,7239,6541,13780,698,8,21,일
2022-08-21,6호선,망원,9527,10475,20002,-948,8,21,일
2022-08-21,6호선,합정,9926,9285,19211,641,8,21,일
2022-08-21,6호선,상수,6670,7723,14393,-1053,8,21,일
2022-08-21,6호선,광흥창(서강),4471,4186,8657,285,8,21,일
2022-08-21,6호선,대흥(서강대앞),3752,3997,7749,-245,8,21,일
2022-08-21,6호선,공덕,6982,6684,13666,298,8,21,일
2022-08-21,6호선,효창공원앞,3580,3261,6841,319,8,21,일
2022-08-21,6호선,삼각지,4317,3059,7376,1258,8,21,일
2022-08-21,6호선,녹사평(용산구청),4037,3884,7921,153,8,21,일
2022-08-21,6호선,이태원,12556,10407,22963,2149,8,21,일
2022-08-21,6호선,한강진,5750,6796,12546,-1046,8,21,일
2022-08-21,6호선,버티고개,1056,1155,2211,-99,8,21,일
2022-08-21,6호선,약수,1761,1762,3523,-1,8,21,일
2022-08-21,6호선,청구,1710,1693,3403,17,8,21,일
2022-08-21,6호선,신당,4433,5147,9580,-714,8,21,일
2022-08-21,6호선,동묘앞,5674,5776,11450,-102,8,21,일
2022-08-21,6호선,창신,1628,1479,3107,149,8,21,일
2022-08-21,6호선,보문,4109,3763,7872,346,8,21,일
2022-08-21,6호선,안암(고대병원앞),4761,4868,9629,-107,8,21,일
2022-08-21,6호선,고려대(종암),4209,4127,8336,82,8,21,일
2022-08-21,6호선,월곡(동덕여대),5484,5389,10873,95,8,21,일
2022-08-21,6호선,상월곡(한국과학기술연구원),3267,2993,6260,274,8,21,일
2022-08-21,6호선,돌곶이,5590,5292,10882,298,8,21,일
2022-08-21,6호선,석계,6530,6796,13326,-266,8,21,일
2022-08-21,6호선,태릉입구,3267,3354,6621,-87,8,21,일
2022-08-21,6호선,화랑대(서울여대입구),5207,4434,9641,773,8,21,일
2022-08-21,6호선,봉화산(서울의료원),4046,3948,7994,98,8,21,일
2022-08-21,7호선,장암,1795,1320,3115,475,8,21,일
2022-08-21,7호선,도봉산,5200,7508,12708,-2308,8,21,일
2022-08-21,7호선,수락산,8833,8689,17522,144,8,21,일
2022-08-21,7호선,마들,6122,5733,11855,389,8,21,일
2022-08-21,7호선,노원,11111,11526,22637,-415,8,21,일
2022-08-21,7호선,중계,6692,6233,12925,459,8,21,일
2022-08-21,7호선,하계,9043,8625,17668,418,8,21,일
2022-08-21,7호선,공릉(서울과학기술대),6301,6351,12652,-50,8,21,일
2022-08-21,7호선,태릉입구,5000,4641,9641,359,8,21,일
2022-08-21,7호선,먹골,5417,5296,10713,121,8,21,일
2022-08-21,7호선,중화,5334,5235,10569,99,8,21,일
2022-08-21,7호선,상봉(시외버스터미널),9676,8914,18590,762,8,21,일
2022-08-21,7호선,면목,7808,7519,15327,289,8,21,일
2022-08-21,7호선,사가정,8752,8385,17137,367,8,21,일
2022-08-21,7호선,용마산(용마폭포공원),3144,3333,6477,-189,8,21,일
2022-08-21,7호선,중곡,5202,5028,10230,174,8,21,일
2022-08-21,7호선,군자(능동),7851,6335,14186,1516,8,21,일
2022-08-21,7호선,어린이대공원(세종대),9028,9041,18069,-13,8,21,일
2022-08-21,7호선,건대입구,8089,8277,16366,-188,8,21,일
2022-08-21,7호선,뚝섬유원지,8354,7706,16060,648,8,21,일
2022-08-21,7호선,청담,7140,7621,14761,-481,8,21,일
2022-08-21,7호선,강남구청,5667,6200,11867,-533,8,21,일
2022-08-21,7호선,학동,6656,6981,13637,-325,8,21,일
2022-08-21,7호선,논현,5782,5929,11711,-147,8,21,일
2022-08-21,7호선,반포,2924,2916,5840,8,8,21,일
2022-08-21,7호선,고속터미널,12756,8556,21312,4200,8,21,일
2022-08-21,7호선,내방,5154,5483,10637,-329,8,21,일
2022-08-21,7호선,이수,8411,7985,16396,426,8,21,일
2022-08-21,7호선,남성,5506,5469,10975,37,8,21,일
2022-08-21,7호선,숭실대입구(살피재),5707,6191,11898,-484,8,21,일
2022-08-21,7호선,상도,5618,5543,11161,75,8,21,일
2022-08-21,7호선,장승배기,4926,4921,9847,5,8,21,일
2022-08-21,7호선,신대방삼거리,7584,7455,15039,129,8,21,일
2022-08-21,7호선,보라매,3940,3923,7863,17,8,21,일
2022-08-21,7호선,신풍,6331,5954,12285,377,8,21,일
2022-08-21,7호선,대림(구로구청),7440,7061,14501,379,8,21,일
2022-08-21,7호선,남구로,6921,6742,13663,179,8,21,일
2022-08-21,7호선,가산디지털단지,9707,8865,18572,842,8,21,일
2022-08-21,7호선,철산,10664,10530,21194,134,8,21,일
2022-08-21,7호선,광명사거리,12447,12393,24840,54,8,21,일
2022-08-21,7호선,천왕,4811,4770,9581,41,8,21,일
2022-08-21,7호선,온수(성공회대입구),3951,4087,8038,-136,8,21,일
2022-08-21,8호선,암사,8805,8267,17072,538,8,21,일
2022-08-21,8호선,천호(풍납토성),8580,9757,18337,-1177,8,21,일
2022-08-21,8호선,강동구청,4389,4583,8972,-194,8,21,일
2022-08-21,8호선,몽촌토성(평화의문),3264,3225,6489,39,8,21,일
2022-08-21,8호선,잠실(송파구청),10700,11888,22588,-1188,8,21,일
2022-08-21,8호선,석촌,4035,4829,8864,-794,8,21,일
2022-08-21,8호선,송파,4315,4339,8654,-24,8,21,일
2022-08-21,8호선,가락시장,3101,3881,6982,-780,8,21,일
2022-08-21,8호선,문정,5351,5741,11092,-390,8,21,일
2022-08-21,8호선,장지,8738,8979,17717,-241,8,21,일
2022-08-21,8호선,복정,4937,4493,9430,444,8,21,일
2022-08-21,8호선,산성,2951,3067,6018,-116,8,21,일
2022-08-21,8호선,남한산성입구(성남법원.검찰청),6506,6090,12596,416,8,21,일
2022-08-21,8호선,단대오거리,5399,5365,10764,34,8,21,일
2022-08-21,8호선,신흥,2702,2871,5573,-169,8,21,일
2022-08-21,8호선,수진,3026,2697,5723,329,8,21,일
2022-08-21,8호선,모란,2515,2250,4765,265,8,21,일
2022-08-21,8호선,남위례,2531,2692,5223,-161,8,21,일
2022-08-21,9호선,개화,1011,959,1970,52,8,21,일
2022-08-21,9호선,김포공항,7191,10921,18112,-3730,8,21,일
2022-08-21,9호선,공항시장,1806,2030,3836,-224,8,21,일
2022-08-21,9호선,신방화,3534,3504,7038,30,8,21,일
2022-08-21,9호선,마곡나루(서울식물원),5529,5539,11068,-10,8,21,일
2022-08-21,9호선,양천향교,4079,4224,8303,-145,8,21,일
2022-08-21,9호선,가양,10971,10961,21932,10,8,21,일
2022-08-21,9호선,증미,2911,3006,5917,-95,8,21,일
2022-08-21,9호선,등촌,5145,5374,10519,-229,8,21,일
2022-08-21,9호선,염창,8741,8576,17317,165,8,21,일
2022-08-21,9호선,신목동,1832,1588,3420,244,8,21,일
2022-08-21,9호선,선유도,2786,2734,5520,52,8,21,일
2022-08-21,9호선,당산,9417,9183,18600,234,8,21,일
2022-08-21,9호선,국회의사당,5317,5027,10344,290,8,21,일
2022-08-21,9호선,여의도,9952,9024,18976,928,8,21,일
2022-08-21,9호선,샛강,1863,1836,3699,27,8,21,일
2022-08-21,9호선,노량진,14220,14958,29178,-738,8,21,일
2022-08-21,9호선,노들,2869,2487,5356,382,8,21,일
2022-08-21,9호선,흑석(중앙대입구),3816,3970,7786,-154,8,21,일
2022-08-21,9호선,동작(현충원),1151,999,2150,152,8,21,일
2022-08-21,9호선,구반포,428,485,913,-57,8,21,일
2022-08-21,9호선,신반포,2201,2275,4476,-74,8,21,일
2022-08-21,9호선,고속터미널,10693,14667,25360,-3974,8,21,일
2022-08-21,9호선,사평,1714,1736,3450,-22,8,21,일
2022-08-21,9호선,신논현,15233,14452,29685,781,8,21,일
2022-08-21,9호선2~3단계,언주,3692,3700,7392,-8,8,21,일
2022-08-21,9호선2~3단계,선정릉,3071,3588,6659,-517,8,21,일
2022-08-21,9호선2~3단계,삼성중앙,2167,2311,4478,-144,8,21,일
2022-08-21,9호선2~3단계,봉은사,9017,8907,17924,110,8,21,일
2022-08-21,9호선2~3단계,종합운동장,2277,2174,4451,103,8,21,일
2022-08-21,9호선2~3단계,삼전,3579,3402,6981,177,8,21,일
2022-08-21,9호선2~3단계,석촌고분,3175,3196,6371,-21,8,21,일
2022-08-21,9호선2~3단계,석촌,4875,4217,9092,658,8,21,일
2022-08-21,9호선2~3단계,송파나루,3048,3362,6410,-314,8,21,일
2022-08-21,9호선2~3단계,한성백제,1537,1309,2846,228,8,21,일
2022-08-21,9호선2~3단계,올림픽공원(한국체대),5879,6077,11956,-198,8,21,일
2022-08-21,9호선2~3단계,둔촌오륜,602,593,1195,9,8,21,일
2022-08-21,9호선2~3단계,중앙보훈병원,3788,3618,7406,170,8,21,일
2022-08-21,경강선,판교,2636,2462,5098,174,8,21,일
2022-08-21,경강선,이매,748,616,1364,132,8,21,일
2022-08-21,경강선,삼동,1117,1050,2167,67,8,21,일
2022-08-21,경강선,경기광주,4059,4008,8067,51,8,21,일
2022-08-21,경강선,초월,1691,1674,3365,17,8,21,일
2022-08-21,경강선,곤지암,1618,1624,3242,-6,8,21,일
2022-08-21,경강선,신둔도예촌,976,969,1945,7,8,21,일
2022-08-21,경강선,이천,2177,2407,4584,-230,8,21,일
2022-08-21,경강선,부발,1588,2243,3831,-655,8,21,일
2022-08-21,경강선,세종대왕릉,306,275,581,31,8,21,일
2022-08-21,경강선,여주,2309,2328,4637,-19,8,21,일
2022-08-21,경부선,서울역,8762,2118,10880,6644,8,21,일
2022-08-21,경부선,남영,4830,5221,10051,-391,8,21,일
2022-08-21,경부선,용산,36073,33733,69806,2340,8,21,일
2022-08-21,경부선,노량진,5524,5050,10574,474,8,21,일
2022-08-21,경부선,대방,5277,5769,11046,-492,8,21,일
2022-08-21,경부선,영등포,33635,32949,66584,686,8,21,일
2022-08-21,경부선,신도림,2266,2324,4590,-58,8,21,일
2022-08-21,경부선,신길,4773,4200,8973,573,8,21,일
2022-08-21,경부선,구로,9495,9638,19133,-143,8,21,일
2022-08-21,경부선,가산디지털단지,4525,6217,10742,-1692,8,21,일
2022-08-21,경부선,금천구청,5838,5884,11722,-46,8,21,일
2022-08-21,경부선,석수,5001,4823,9824,178,8,21,일
2022-08-21,경부선,관악,4964,4583,9547,381,8,21,일
2022-08-21,경부선,안양,13470,13005,26475,465,8,21,일
2022-08-21,경부선,명학,3294,3100,6394,194,8,21,일
2022-08-21,경부선,금정,15290,15745,31035,-455,8,21,일
2022-08-21,경부선,군포,2950,2770,5720,180,8,21,일
2022-08-21,경부선,의왕,4107,4262,8369,-155,8,21,일
2022-08-21,경부선,성균관대,7899,7983,15882,-84,8,21,일
2022-08-21,경부선,화서,4284,4046,8330,238,8,21,일
2022-08-21,경부선,수원,34140,33330,67470,810,8,21,일
2022-08-21,경부선,독산,6162,6232,12394,-70,8,21,일
2022-08-21,경부선,세류,2071,1978,4049,93,8,21,일
2022-08-21,경부선,병점,9341,10132,19473,-791,8,21,일
2022-08-21,경부선,세마,1760,1679,3439,81,8,21,일
2022-08-21,경부선,오산대,2164,2096,4260,68,8,21,일
2022-08-21,경부선,오산,7724,8274,15998,-550,8,21,일
2022-08-21,경부선,진위,955,1013,1968,-58,8,21,일
2022-08-21,경부선,송탄,3710,4614,8324,-904,8,21,일
2022-08-21,경부선,서정리,4740,7034,11774,-2294,8,21,일
2022-08-21,경부선,평택지제,2854,2806,5660,48,8,21,일
2022-08-21,경부선,평택,11636,12491,24127,-855,8,21,일
2022-08-21,경부선,성환,2585,3010,5595,-425,8,21,일
2022-08-21,경부선,직산,604,666,1270,-62,8,21,일
2022-08-21,경부선,두정,4789,5219,10008,-430,8,21,일
2022-08-21,경부선,천안,6453,6282,12735,171,8,21,일
2022-08-21,경부선,당정,3048,3064,6112,-16,8,21,일
2022-08-21,경부선,서동탄,804,783,1587,21,8,21,일
2022-08-21,경부선,광명,2829,1941,4770,888,8,21,일
2022-08-21,경원선,이촌(국립중앙박물관),2506,1936,4442,570,8,21,일
2022-08-21,경원선,서빙고,1693,1782,3475,-89,8,21,일
2022-08-21,경원선,한남,1966,1917,3883,49,8,21,일
2022-08-21,경원선,옥수,43,30,73,13,8,21,일
2022-08-21,경원선,응봉,1134,1047,2181,87,8,21,일
2022-08-21,경원선,왕십리(성동구청),10517,11918,22435,-1401,8,21,일
2022-08-21,경원선,청량리(서울시립대입구),15526,14285,29811,1241,8,21,일
2022-08-21,경원선,외대앞,4749,4668,9417,81,8,21,일
2022-08-21,경원선,신이문,4678,4401,9079,277,8,21,일
2022-08-21,경원선,석계,4897,5259,10156,-362,8,21,일
2022-08-21,경원선,광운대,4632,4597,9229,35,8,21,일
2022-08-21,경원선,월계,3642,3393,7035,249,8,21,일
2022-08-21,경원선,녹천,2527,2190,4717,337,8,21,일
2022-08-21,경원선,방학,5927,5849,11776,78,8,21,일
2022-08-21,경원선,도봉,3442,3232,6674,210,8,21,일
2022-08-21,경원선,도봉산,8343,5994,14337,2349,8,21,일
2022-08-21,경원선,망월사,4657,4754,9411,-97,8,21,일
2022-08-21,경원선,회룡,7485,7585,15070,-100,8,21,일
2022-08-21,경원선,의정부,14032,14041,28073,-9,8,21,일
2022-08-21,경원선,가능,4003,3757,7760,246,8,21,일
2022-08-21,경원선,녹양,2649,2567,5216,82,8,21,일
2022-08-21,경원선,양주,5099,5097,10196,2,8,21,일
2022-08-21,경원선,덕계,1906,1845,3751,61,8,21,일
2022-08-21,경원선,덕정,3407,3616,7023,-209,8,21,일
2022-08-21,경원선,지행,4491,4530,9021,-39,8,21,일
2022-08-21,경원선,동두천중앙,2139,2032,4171,107,8,21,일
2022-08-21,경원선,보산,1281,1472,2753,-191,8,21,일
2022-08-21,경원선,동두천,1425,1778,3203,-353,8,21,일
2022-08-21,경원선,소요산,4984,4463,9447,521,8,21,일
2022-08-21,경의선,서울역,1241,1092,2333,149,8,21,일
2022-08-21,경의선,신촌,303,314,617,-11,8,21,일
2022-08-21,경의선,효창공원앞,1359,1594,2953,-235,8,21,일
2022-08-21,경의선,공덕,1849,1481,3330,368,8,21,일
2022-08-21,경의선,서강대,1375,1354,2729,21,8,21,일
2022-08-21,경의선,홍대입구,1719,2289,4008,-570,8,21,일
2022-08-21,경의선,가좌,3094,3125,6219,-31,8,21,일
2022-08-21,경의선,디지털미디어시티,1543,1435,2978,108,8,21,일
2022-08-21,경의선,수색,896,1001,1897,-105,8,21,일
2022-08-21,경의선,화전,742,796,1538,-54,8,21,일
2022-08-21,경의선,강매,1465,1493,2958,-28,8,21,일
2022-08-21,경의선,행신,4757,4396,9153,361,8,21,일
2022-08-21,경의선,능곡,2241,2152,4393,89,8,21,일
2022-08-21,경의선,곡산,355,332,687,23,8,21,일
2022-08-21,경의선,백마,3517,3477,6994,40,8,21,일
2022-08-21,경의선,풍산,3585,3383,6968,202,8,21,일
2022-08-21,경의선,일산,4827,4601,9428,226,8,21,일
2022-08-21,경의선,탄현,4279,4000,8279,279,8,21,일
2022-08-21,경의선,야당,5185,4961,10146,224,8,21,일
2022-08-21,경의선,운정,3632,3532,7164,100,8,21,일
2022-08-21,경의선,금릉,2963,2942,5905,21,8,21,일
2022-08-21,경의선,금촌,4838,5057,9895,-219,8,21,일
2022-08-21,경의선,월롱,1075,2126,3201,-1051,8,21,일
2022-08-21,경의선,파주,648,602,1250,46,8,21,일
2022-08-21,경의선,문산,3900,4277,8177,-377,8,21,일
2022-08-21,경의선,임진강,122,106,228,16,8,21,일
2022-08-21,경인선,개봉,11519,11453,22972,66,8,21,일
2022-08-21,경인선,오류동,7036,6579,13615,457,8,21,일
2022-08-21,경인선,역곡,14110,14005,28115,105,8,21,일
2022-08-21,경인선,부천,22069,21047,43116,1022,8,21,일
2022-08-21,경인선,송내,13654,13314,26968,340,8,21,일
2022-08-21,경인선,부평,21978,22222,44200,-244,8,21,일
2022-08-21,경인선,백운,3926,3894,7820,32,8,21,일
2022-08-21,경인선,동암,9976,9970,19946,6,8,21,일
2022-08-21,경인선,주안,11961,10652,22613,1309,8,21,일
2022-08-21,경인선,제물포,5426,5226,10652,200,8,21,일
2022-08-21,경인선,동인천,9631,9410,19041,221,8,21,일
2022-08-21,경인선,인천,4438,3743,8181,695,8,21,일
2022-08-21,경인선,구일,6343,6419,12762,-76,8,21,일
2022-08-21,경인선,소사,5022,4927,9949,95,8,21,일
2022-08-21,경인선,부개,4837,4570,9407,267,8,21,일
2022-08-21,경인선,간석,3128,2957,6085,171,8,21,일
2022-08-21,경인선,도원,1728,1748,3476,-20,8,21,일
2022-08-21,경인선,온수(성공회대입구),3724,3419,7143,305,8,21,일
2022-08-21,경인선,중동,4835,4558,9393,277,8,21,일
2022-08-21,경인선,도화,2272,2163,4435,109,8,21,일
2022-08-21,경춘선,신내,1017,1034,2051,-17,8,21,일
2022-08-21,경춘선,갈매,1453,1226,2679,227,8,21,일
2022-08-21,경춘선,별내,1828,1727,3555,101,8,21,일
2022-08-21,경춘선,퇴계원,2103,1939,4042,164,8,21,일
2022-08-21,경춘선,사릉,1294,1315,2609,-21,8,21,일
2022-08-21,경춘선,금곡,925,932,1857,-7,8,21,일
2022-08-21,경춘선,평내호평,3475,3409,6884,66,8,21,일
2022-08-21,경춘선,천마산,1118,1083,2201,35,8,21,일
2022-08-21,경춘선,마석,2569,2582,5151,-13,8,21,일
2022-08-21,경춘선,대성리,1371,815,2186,556,8,21,일
2022-08-21,경춘선,청평,2512,1772,4284,740,8,21,일
2022-08-21,경춘선,상천,630,491,1121,139,8,21,일
2022-08-21,경춘선,가평,3851,2647,6498,1204,8,21,일
2022-08-21,경춘선,굴봉산,348,204,552,144,8,21,일
2022-08-21,경춘선,백양리,223,115,338,108,8,21,일
2022-08-21,경춘선,강촌,981,548,1529,433,8,21,일
2022-08-21,경춘선,김유정,506,482,988,24,8,21,일
2022-08-21,경춘선,남춘천,2584,2564,5148,20,8,21,일
2022-08-21,경춘선,춘천,2002,1430,3432,572,8,21,일
2022-08-21,공항철도 1호선,서울역,9253,8273,17526,980,8,21,일
2022-08-21,공항철도 1호선,공덕,1427,1746,3173,-319,8,21,일
2022-08-21,공항철도 1호선,홍대입구,11529,10961,22490,568,8,21,일
2022-08-21,공항철도 1호선,디지털미디어시티,3671,3654,7325,17,8,21,일
2022-08-21,공항철도 1호선,마곡나루(서울식물원),2270,2545,4815,-275,8,21,일
2022-08-21,공항철도 1호선,김포공항,11016,5455,16471,5561,8,21,일
2022-08-21,공항철도 1호선,계양,5910,5644,11554,266,8,21,일
2022-08-21,공항철도 1호선,검암,3557,3721,7278,-164,8,21,일
2022-08-21,공항철도 1호선,청라국제도시,3433,3472,6905,-39,8,21,일
2022-08-21,공항철도 1호선,운서,6085,6824,12909,-739,8,21,일
2022-08-21,공항철도 1호선,공항화물청사,1058,1094,2152,-36,8,21,일
2022-08-21,공항철도 1호선,인천공항1터미널,9188,8261,17449,927,8,21,일
2022-08-21,공항철도 1호선,인천공항2터미널,3786,3222,7008,564,8,21,일
2022-08-21,공항철도 1호선,영종,2782,2759,5541,23,8,21,일
2022-08-21,과천선,선바위,4079,3808,7887,271,8,21,일
2022-08-21,과천선,경마공원,15506,15831,31337,-325,8,21,일
2022-08-21,과천선,대공원,4970,5088,10058,-118,8,21,일
2022-08-21,과천선,과천,3946,3691,7637,255,8,21,일
2022-08-21,과천선,정부과천청사,4872,4885,9757,-13,8,21,일
2022-08-21,과천선,인덕원,12306,12549,24855,-243,8,21,일
2022-08-21,과천선,평촌,6429,6180,12609,249,8,21,일
2022-08-21,과천선,범계,15247,14975,30222,272,8,21,일
2022-08-21,분당선,선릉,2956,4378,7334,-1422,8,21,일
2022-08-21,분당선,한티,10253,9843,20096,410,8,21,일
2022-08-21,분당선,도곡,2893,2780,5673,113,8,21,일
2022-08-21,분당선,구룡,820,976,1796,-156,8,21,일
2022-08-21,분당선,개포동,2193,2249,4442,-56,8,21,일
2022-08-21,분당선,대모산입구,2187,2154,4341,33,8,21,일
2022-08-21,분당선,수서,8714,8538,17252,176,8,21,일
2022-08-21,분당선,수원,6277,5128,11405,1149,8,21,일
2022-08-21,분당선,서울숲,6554,6582,13136,-28,8,21,일
2022-08-21,분당선,압구정로데오,10855,11989,22844,-1134,8,21,일
2022-08-21,분당선,강남구청,3181,3732,6913,-551,8,21,일
2022-08-21,분당선,선정릉,2070,2074,4144,-4,8,21,일
2022-08-21,분당선,가천대,3645,4148,7793,-503,8,21,일
2022-08-21,분당선,태평,8023,7465,15488,558,8,21,일
2022-08-21,분당선,모란,11250,11566,22816,-316,8,21,일
2022-08-21,분당선,야탑,13423,13903,27326,-480,8,21,일
2022-08-21,분당선,서현,14803,14979,29782,-176,8,21,일
2022-08-21,분당선,수내,6277,5989,12266,288,8,21,일
2022-08-21,분당선,정자,7776,7994,15770,-218,8,21,일
2022-08-21,분당선,미금,7466,7960,15426,-494,8,21,일
2022-08-21,분당선,오리,5193,4453,9646,740,8,21,일
2022-08-21,분당선,이매,3569,3699,7268,-130,8,21,일
2022-08-21,분당선,보정,1141,1085,2226,56,8,21,일
2022-08-21,분당선,죽전,7680,8785,16465,-1105,8,21,일
2022-08-21,분당선,구성,2413,2625,5038,-212,8,21,일
2022-08-21,분당선,신갈,2016,2154,4170,-138,8,21,일
2022-08-21,분당선,기흥,5194,5063,10257,131,8,21,일
2022-08-21,분당선,상갈,2955,3147,6102,-192,8,21,일
2022-08-21,분당선,청명,2034,2153,4187,-119,8,21,일
2022-08-21,분당선,영통,5109,4946,10055,163,8,21,일
2022-08-21,분당선,망포,6405,6702,13107,-297,8,21,일
2022-08-21,분당선,매탄권선,2680,2590,5270,90,8,21,일
2022-08-21,분당선,수원시청,7867,7493,15360,374,8,21,일
2022-08-21,분당선,매교,1721,1664,3385,57,8,21,일
2022-08-21,수인선,고색,1784,1803,3587,-19,8,21,일
2022-08-21,수인선,오목천,1599,1525,3124,74,8,21,일
2022-08-21,수인선,어천,600,710,1310,-110,8,21,일
2022-08-21,수인선,야목,188,147,335,41,8,21,일
2022-08-21,수인선,사리,2701,2307,5008,394,8,21,일
2022-08-21,수인선,달월,51,43,94,8,8,21,일
2022-08-21,수인선,월곶,1762,1704,3466,58,8,21,일
2022-08-21,수인선,소래포구,4378,4155,8533,223,8,21,일
2022-08-21,수인선,인천논현,3003,3110,6113,-107,8,21,일
2022-08-21,수인선,호구포,2134,2151,4285,-17,8,21,일
2022-08-21,수인선,남동인더스파크,602,606,1208,-4,8,21,일
2022-08-21,수인선,원인재,2710,2863,5573,-153,8,21,일
2022-08-21,수인선,연수,3253,3251,6504,2,8,21,일
2022-08-21,수인선,송도,1421,1431,2852,-10,8,21,일
2022-08-21,수인선,인하대,3138,3094,6232,44,8,21,일
2022-08-21,수인선,숭의,1907,1748,3655,159,8,21,일
2022-08-21,수인선,신포,1190,1090,2280,100,8,21,일
2022-08-21,수인선,인천,1188,1741,2929,-553,8,21,일
2022-08-21,신림선,샛강,760,1038,1798,-278,8,21,일
2022-08-21,신림선,대방,1383,1058,2441,325,8,21,일
2022-08-21,신림선,서울지방병무청,1314,1530,2844,-216,8,21,일
2022-08-21,신림선,보라매,1507,1552,3059,-45,8,21,일
2022-08-21,신림선,보라매공원,1121,1205,2326,-84,8,21,일
2022-08-21,신림선,보라매병원,1993,2065,4058,-72,8,21,일
2022-08-21,신림선,당곡,2306,2219,4525,87,8,21,일
2022-08-21,신림선,신림,1052,1643,2695,-591,8,21,일
2022-08-21,신림선,서원,1828,1628,3456,200,8,21,일
2022-08-21,신림선,서울대벤처타운,4579,4387,8966,192,8,21,일
2022-08-21,우이신설선,정릉,2894,2278,5172,616,8,21,일
2022-08-21,2호선,성수,16268,18378,34646,-2110,8,21,일
2022-08-21,4호선,충무로,7759,8627,16386,-868,8,21,일
2022-08-21,우이신설선,솔샘,2891,2758,5649,133,8,21,일
2022-08-21,신림선,관악산(서울대),4815,5058,9873,-243,8,21,일
2022-08-21,안산선,산본,9177,9857,19034,-680,8,21,일
2022-08-21,안산선,대야미,3009,2780,5789,229,8,21,일
2022-08-21,안산선,반월,2588,2655,5243,-67,8,21,일
2022-08-21,안산선,상록수,9382,9333,18715,49,8,21,일
2022-08-21,안산선,한대앞,5393,5155,10548,238,8,21,일
2022-08-21,안산선,중앙,11857,11971,23828,-114,8,21,일
2022-08-21,안산선,고잔,4687,4502,9189,185,8,21,일
2022-08-21,안산선,초지,2547,2443,4990,104,8,21,일
2022-08-21,안산선,안산,10177,9340,19517,837,8,21,일
2022-08-21,안산선,신길온천,1248,1184,2432,64,8,21,일
2022-08-21,안산선,정왕,5531,5851,11382,-320,8,21,일
2022-08-21,안산선,오이도,6008,6006,12014,2,8,21,일
2022-08-21,안산선,수리산,2176,1986,4162,190,8,21,일
2022-08-21,우이신설선,북한산우이,3675,3865,7540,-190,8,21,일
2022-08-21,우이신설선,솔밭공원,1429,1387,2816,42,8,21,일
2022-08-21,우이신설선,4.19민주묘지,2001,1696,3697,305,8,21,일
2022-08-21,우이신설선,가오리,2357,2267,4624,90,8,21,일
2022-08-21,우이신설선,화계,2238,1984,4222,254,8,21,일
2022-08-22,1호선,시청,22636,23381,46017,-745,8,22,월
2022-08-22,1호선,서울역,46390,45083,91473,1307,8,22,월
2022-08-22,중앙선,지평,77,91,168,-14,8,22,월
2022-08-22,1호선,종로5가,22568,22825,45393,-257,8,22,월
2022-08-22,중앙선,용문,1980,1977,3957,3,8,22,월
2022-08-22,중앙선,원덕,370,312,682,58,8,22,월
2022-08-22,중앙선,양평,3013,2965,5978,48,8,22,월
2022-08-22,중앙선,오빈,342,342,684,0,8,22,월
2022-08-22,중앙선,아신,578,555,1133,23,8,22,월
2022-08-22,중앙선,국수,773,741,1514,32,8,22,월
2022-08-22,중앙선,신원,210,179,389,31,8,22,월
2022-08-22,중앙선,양수,1978,1969,3947,9,8,22,월
2022-08-22,중앙선,운길산,736,682,1418,54,8,22,월
2022-08-22,중앙선,팔당,870,886,1756,-16,8,22,월
2022-08-22,중앙선,도심,2552,1978,4530,574,8,22,월
2022-08-22,중앙선,덕소,5589,5540,11129,49,8,22,월
2022-08-22,중앙선,양정,693,608,1301,85,8,22,월
2022-08-22,중앙선,도농,11393,10088,21481,1305,8,22,월
2022-08-22,중앙선,구리,13290,13255,26545,35,8,22,월
2022-08-22,중앙선,양원,3060,3017,6077,43,8,22,월
2022-08-22,중앙선,망우,7544,7366,14910,178,8,22,월
2022-08-22,중앙선,상봉(시외버스터미널),5707,5767,11474,-60,8,22,월
2022-08-22,중앙선,중랑,5626,5327,10953,299,8,22,월
2022-08-22,중앙선,회기,24576,23919,48495,657,8,22,월
2022-08-22,장항선,신창(순천향대),1159,1159,2318,0,8,22,월
2022-08-22,장항선,온양온천,3568,3531,7099,37,8,22,월
2022-08-22,장항선,배방,1060,965,2025,95,8,22,월
2022-08-22,장항선,탕정,884,833,1717,51,8,22,월
2022-08-22,장항선,아산,2927,2718,5645,209,8,22,월
2022-08-22,장항선,쌍용(나사렛대),1983,1853,3836,130,8,22,월
2022-08-22,장항선,봉명,1341,1298,2639,43,8,22,월
2022-08-22,일산선,대화,13150,10246,23396,2904,8,22,월
2022-08-22,일산선,주엽,9493,9417,18910,76,8,22,월
2022-08-22,일산선,정발산,6594,6559,13153,35,8,22,월
2022-08-22,일산선,마두,7642,7976,15618,-334,8,22,월
2022-08-22,일산선,백석,9709,9691,19400,18,8,22,월
2022-08-22,일산선,대곡,2178,1703,3881,475,8,22,월
2022-08-22,일산선,화정,16750,16917,33667,-167,8,22,월
2022-08-22,일산선,원당,10960,10426,21386,534,8,22,월
2022-08-22,일산선,삼송,19690,19229,38919,461,8,22,월
2022-08-22,일산선,원흥,11062,10548,21610,514,8,22,월
2022-08-22,우이신설선,신설동,2229,2116,4345,113,8,22,월
2022-08-22,우이신설선,보문,1458,1463,2921,-5,8,22,월
2022-08-22,우이신설선,성신여대입구(돈암),3157,3479,6636,-322,8,22,월
2022-08-22,우이신설선,정릉,4453,4159,8612,294,8,22,월
2022-08-22,우이신설선,북한산보국문,5901,5578,11479,323,8,22,월
2022-08-22,우이신설선,솔샘,5987,5682,11669,305,8,22,월
2022-08-22,우이신설선,삼양사거리,2489,2585,5074,-96,8,22,월
2022-08-22,우이신설선,삼양,2063,2296,4359,-233,8,22,월
2022-08-22,우이신설선,화계,3510,3205,6715,305,8,22,월
2022-08-22,우이신설선,가오리,4396,4314,8710,82,8,22,월
2022-08-22,우이신설선,4.19민주묘지,2864,2679,5543,185,8,22,월
2022-08-22,우이신설선,솔밭공원,2547,2469,5016,78,8,22,월
2022-08-22,우이신설선,북한산우이,2725,2459,5184,266,8,22,월
2022-08-22,안산선,수리산,4095,3415,7510,680,8,22,월
2022-08-22,안산선,오이도,8379,8237,16616,142,8,22,월
2022-08-22,안산선,정왕,7908,8167,16075,-259,8,22,월
2022-08-22,안산선,신길온천,1822,1664,3486,158,8,22,월
2022-08-22,안산선,안산,11958,10947,22905,1011,8,22,월
2022-08-22,안산선,초지,4754,4726,9480,28,8,22,월
2022-08-22,안산선,고잔,9037,8586,17623,451,8,22,월
2022-08-22,안산선,중앙,17508,17961,35469,-453,8,22,월
2022-08-22,안산선,한대앞,8539,8773,17312,-234,8,22,월
2022-08-22,안산선,상록수,15335,15417,30752,-82,8,22,월
2022-08-22,안산선,반월,4330,4211,8541,119,8,22,월
2022-08-22,안산선,대야미,5060,4520,9580,540,8,22,월
2022-08-22,안산선,산본,15616,16636,32252,-1020,8,22,월
2022-08-22,신림선,관악산(서울대),2944,2820,5764,124,8,22,월
2022-08-22,신림선,서울대벤처타운,6742,6779,13521,-37,8,22,월
2022-08-22,신림선,서원,2860,2613,5473,247,8,22,월
2022-08-22,신림선,신림,1630,2247,3877,-617,8,22,월
2022-08-22,신림선,당곡,3656,3748,7404,-92,8,22,월
2022-08-22,신림선,보라매병원,6618,6984,13602,-366,8,22,월
2022-08-22,신림선,보라매공원,1778,1905,3683,-127,8,22,월
2022-08-22,신림선,보라매,3034,2885,5919,149,8,22,월
2022-08-22,신림선,서울지방병무청,2361,2684,5045,-323,8,22,월
2022-08-22,신림선,대방,2112,1714,3826,398,8,22,월
2022-08-22,신림선,샛강,2243,2686,4929,-443,8,22,월
2022-08-22,수인선,인천,1090,1636,2726,-546,8,22,월
2022-08-22,수인선,신포,1694,1663,3357,31,8,22,월
2022-08-22,수인선,숭의,4009,3723,7732,286,8,22,월
2022-08-22,수인선,인하대,5603,5368,10971,235,8,22,월
2022-08-22,수인선,송도,2358,2145,4503,213,8,22,월
2022-08-22,수인선,연수,4377,4319,8696,58,8,22,월
2022-08-22,수인선,원인재,4251,4325,8576,-74,8,22,월
2022-08-22,수인선,남동인더스파크,2285,2557,4842,-272,8,22,월
2022-08-22,수인선,호구포,4059,4258,8317,-199,8,22,월
2022-08-22,수인선,인천논현,5472,5832,11304,-360,8,22,월
2022-08-22,수인선,소래포구,4700,4333,9033,367,8,22,월
2022-08-22,수인선,월곶,2761,2514,5275,247,8,22,월
2022-08-22,수인선,달월,115,79,194,36,8,22,월
2022-08-22,수인선,사리,4675,4027,8702,648,8,22,월
2022-08-22,수인선,야목,372,284,656,88,8,22,월
2022-08-22,수인선,어천,924,917,1841,7,8,22,월
2022-08-22,수인선,오목천,2985,2925,5910,60,8,22,월
2022-08-22,수인선,고색,4729,4419,9148,310,8,22,월
2022-08-22,분당선,매교,3714,3657,7371,57,8,22,월
2022-08-22,분당선,수원시청,12651,13409,26060,-758,8,22,월
2022-08-22,분당선,매탄권선,5033,4897,9930,136,8,22,월
2022-08-22,분당선,망포,14407,13914,28321,493,8,22,월
2022-08-22,분당선,영통,8060,8181,16241,-121,8,22,월
2022-08-22,분당선,청명,4296,4173,8469,123,8,22,월
2022-08-22,분당선,상갈,5279,5041,10320,238,8,22,월
2022-08-22,분당선,기흥,10097,9488,19585,609,8,22,월
2022-08-22,분당선,신갈,4854,4773,9627,81,8,22,월
2022-08-22,분당선,구성,4969,5366,10335,-397,8,22,월
2022-08-22,분당선,죽전,12737,13969,26706,-1232,8,22,월
2022-08-22,분당선,보정,2777,2358,5135,419,8,22,월
2022-08-22,분당선,이매,5793,5444,11237,349,8,22,월
2022-08-22,분당선,오리,11742,9647,21389,2095,8,22,월
2022-08-22,분당선,미금,15345,16409,31754,-1064,8,22,월
2022-08-22,분당선,정자,18286,19166,37452,-880,8,22,월
2022-08-22,분당선,수내,13189,13100,26289,89,8,22,월
2022-08-22,분당선,서현,24643,24948,49591,-305,8,22,월
2022-08-22,분당선,야탑,25471,26503,51974,-1032,8,22,월
2022-08-22,분당선,모란,19205,19372,38577,-167,8,22,월
2022-08-22,분당선,태평,13386,12889,26275,497,8,22,월
2022-08-22,분당선,가천대,6879,7859,14738,-980,8,22,월
2022-08-22,분당선,선정릉,8233,8780,17013,-547,8,22,월
2022-08-22,분당선,강남구청,9501,11025,20526,-1524,8,22,월
2022-08-22,분당선,압구정로데오,17678,19482,37160,-1804,8,22,월
2022-08-22,분당선,서울숲,10942,11140,22082,-198,8,22,월
2022-08-22,분당선,수원,7755,6524,14279,1231,8,22,월
2022-08-22,분당선,수서,13733,14124,27857,-391,8,22,월
2022-08-22,분당선,대모산입구,4769,4526,9295,243,8,22,월
2022-08-22,분당선,개포동,4009,4107,8116,-98,8,22,월
2022-08-22,분당선,구룡,2333,2259,4592,74,8,22,월
2022-08-22,분당선,도곡,7519,7351,14870,168,8,22,월
2022-08-22,분당선,한티,13659,15023,28682,-1364,8,22,월
2022-08-22,분당선,선릉,14148,21044,35192,-6896,8,22,월
2022-08-22,과천선,범계,24732,24732,49464,0,8,22,월
2022-08-22,과천선,평촌,17767,17683,35450,84,8,22,월
2022-08-22,과천선,인덕원,23469,24517,47986,-1048,8,22,월
2022-08-22,과천선,정부과천청사,10793,11038,21831,-245,8,22,월
2022-08-22,과천선,과천,6331,5889,12220,442,8,22,월
2022-08-22,과천선,대공원,2298,2404,4702,-106,8,22,월
2022-08-22,과천선,경마공원,857,857,1714,0,8,22,월
2022-08-22,과천선,선바위,7704,6874,14578,830,8,22,월
2022-08-22,공항철도 1호선,영종,3785,3765,7550,20,8,22,월
2022-08-22,공항철도 1호선,인천공항2터미널,4033,3327,7360,706,8,22,월
2022-08-22,공항철도 1호선,인천공항1터미널,8965,7845,16810,1120,8,22,월
2022-08-22,공항철도 1호선,공항화물청사,2342,2606,4948,-264,8,22,월
2022-08-22,공항철도 1호선,운서,7695,8119,15814,-424,8,22,월
2022-08-22,공항철도 1호선,청라국제도시,7186,6685,13871,501,8,22,월
2022-08-22,공항철도 1호선,검암,6595,6570,13165,25,8,22,월
2022-08-22,공항철도 1호선,계양,11324,10475,21799,849,8,22,월
2022-08-22,공항철도 1호선,김포공항,12122,6719,18841,5403,8,22,월
2022-08-22,공항철도 1호선,마곡나루(서울식물원),9484,9002,18486,482,8,22,월
2022-08-22,공항철도 1호선,디지털미디어시티,14387,13432,27819,955,8,22,월
2022-08-22,공항철도 1호선,홍대입구,10453,10545,20998,-92,8,22,월
2022-08-22,공항철도 1호선,공덕,2572,3264,5836,-692,8,22,월
2022-08-22,공항철도 1호선,서울역,9006,8403,17409,603,8,22,월
2022-08-22,경춘선,춘천,1366,1288,2654,78,8,22,월
2022-08-22,경춘선,남춘천,2963,2949,5912,14,8,22,월
2022-08-22,경춘선,김유정,401,368,769,33,8,22,월
2022-08-22,경춘선,강촌,488,513,1001,-25,8,22,월
2022-08-22,경춘선,백양리,147,102,249,45,8,22,월
2022-08-22,경춘선,굴봉산,202,167,369,35,8,22,월
2022-08-22,경춘선,가평,2654,3202,5856,-548,8,22,월
2022-08-22,경춘선,상천,312,279,591,33,8,22,월
2022-08-22,경춘선,청평,2105,2060,4165,45,8,22,월
2022-08-22,경춘선,대성리,787,811,1598,-24,8,22,월
2022-08-22,경춘선,마석,4121,3965,8086,156,8,22,월
2022-08-22,경춘선,천마산,1734,1627,3361,107,8,22,월
2022-08-22,경춘선,평내호평,6508,6176,12684,332,8,22,월
2022-08-22,경춘선,금곡,1609,1558,3167,51,8,22,월
2022-08-22,경춘선,사릉,2431,2273,4704,158,8,22,월
2022-08-22,경춘선,퇴계원,3566,3263,6829,303,8,22,월
2022-08-22,경춘선,별내,3190,3009,6199,181,8,22,월
2022-08-22,경춘선,갈매,3025,2651,5676,374,8,22,월
2022-08-22,경춘선,신내,2242,2159,4401,83,8,22,월
2022-08-22,경인선,도화,4088,3814,7902,274,8,22,월
2022-08-22,경인선,중동,9498,8820,18318,678,8,22,월
2022-08-22,경인선,온수(성공회대입구),6835,6356,13191,479,8,22,월
2022-08-22,경인선,도원,3046,3063,6109,-17,8,22,월
2022-08-22,경인선,간석,6000,5594,11594,406,8,22,월
2022-08-22,경인선,부개,8710,8035,16745,675,8,22,월
2022-08-22,경인선,소사,8293,8192,16485,101,8,22,월
2022-08-22,경인선,구일,6215,6233,12448,-18,8,22,월
2022-08-22,경인선,인천,3690,2996,6686,694,8,22,월
2022-08-22,경인선,동인천,13352,12645,25997,707,8,22,월
2022-08-22,경인선,제물포,10512,10230,20742,282,8,22,월
2022-08-22,경인선,주안,18210,16330,34540,1880,8,22,월
2022-08-22,경인선,동암,15708,15508,31216,200,8,22,월
2022-08-22,경인선,백운,7022,6746,13768,276,8,22,월
2022-08-22,경인선,부평,28050,29682,57732,-1632,8,22,월
2022-08-22,경인선,송내,27627,27225,54852,402,8,22,월
2022-08-22,경인선,부천,31506,31242,62748,264,8,22,월
2022-08-22,경인선,역곡,26338,26351,52689,-13,8,22,월
2022-08-22,경인선,오류동,11586,10968,22554,618,8,22,월
2022-08-22,경인선,개봉,21331,20667,41998,664,8,22,월
2022-08-22,경의선,임진강,10,8,18,2,8,22,월
2022-08-22,경의선,문산,5514,5449,10963,65,8,22,월
2022-08-22,경의선,파주,1169,750,1919,419,8,22,월
2022-08-22,경의선,월롱,2685,2683,5368,2,8,22,월
2022-08-22,경의선,금촌,6371,6163,12534,208,8,22,월
2022-08-22,경의선,금릉,4962,4716,9678,246,8,22,월
2022-08-22,경의선,운정,7029,6440,13469,589,8,22,월
2022-08-22,경의선,야당,7697,7656,15353,41,8,22,월
2022-08-22,경의선,탄현,7960,7500,15460,460,8,22,월
2022-08-22,경의선,일산,9505,9317,18822,188,8,22,월
2022-08-22,경의선,풍산,5631,5230,10861,401,8,22,월
2022-08-22,경의선,백마,7081,6812,13893,269,8,22,월
2022-08-22,경의선,곡산,625,631,1256,-6,8,22,월
2022-08-22,경의선,능곡,3973,3629,7602,344,8,22,월
2022-08-22,경의선,행신,8140,8049,16189,91,8,22,월
2022-08-22,경의선,강매,3241,2808,6049,433,8,22,월
2022-08-22,경의선,화전,1653,1543,3196,110,8,22,월
2022-08-22,경의선,수색,2960,3087,6047,-127,8,22,월
2022-08-22,경의선,디지털미디어시티,2638,2387,5025,251,8,22,월
2022-08-22,경의선,가좌,5674,5350,11024,324,8,22,월
2022-08-22,경의선,홍대입구,1688,2060,3748,-372,8,22,월
2022-08-22,경의선,서강대,2148,2059,4207,89,8,22,월
2022-08-22,경의선,공덕,3900,3392,7292,508,8,22,월
2022-08-22,경의선,효창공원앞,3024,3442,6466,-418,8,22,월
2022-08-22,경의선,신촌,967,1228,2195,-261,8,22,월
2022-08-22,경의선,서울역,4717,6072,10789,-1355,8,22,월
2022-08-22,경원선,소요산,2893,2292,5185,601,8,22,월
2022-08-22,경원선,동두천,2301,2442,4743,-141,8,22,월
2022-08-22,경원선,보산,1609,1370,2979,239,8,22,월
2022-08-22,경원선,동두천중앙,3118,2964,6082,154,8,22,월
2022-08-22,경원선,지행,6632,6473,13105,159,8,22,월
2022-08-22,경원선,덕정,5557,5335,10892,222,8,22,월
2022-08-22,경원선,덕계,3449,3024,6473,425,8,22,월
2022-08-22,경원선,양주,7683,7050,14733,633,8,22,월
2022-08-22,경원선,녹양,4609,4300,8909,309,8,22,월
2022-08-22,경원선,가능,6772,6582,13354,190,8,22,월
2022-08-22,경원선,의정부,18074,18272,36346,-198,8,22,월
2022-08-22,경원선,회룡,12439,12400,24839,39,8,22,월
2022-08-22,경원선,망월사,7546,7690,15236,-144,8,22,월
2022-08-22,경원선,도봉산,7096,4547,11643,2549,8,22,월
2022-08-22,경원선,도봉,6013,5805,11818,208,8,22,월
2022-08-22,경원선,방학,9844,9544,19388,300,8,22,월
2022-08-22,경원선,창동,1,0,1,1,8,22,월
2022-08-22,경원선,녹천,4697,3916,8613,781,8,22,월
2022-08-22,경원선,월계,6653,6229,12882,424,8,22,월
2022-08-22,경원선,광운대,7281,6962,14243,319,8,22,월
2022-08-22,경원선,석계,7979,8944,16923,-965,8,22,월
2022-08-22,경원선,신이문,8437,7865,16302,572,8,22,월
2022-08-22,경원선,외대앞,7550,7507,15057,43,8,22,월
2022-08-22,경원선,청량리(서울시립대입구),14656,15049,29705,-393,8,22,월
2022-08-22,경원선,왕십리(성동구청),14076,15712,29788,-1636,8,22,월
2022-08-22,경원선,응봉,1835,1619,3454,216,8,22,월
2022-08-22,경원선,옥수,37,32,69,5,8,22,월
2022-08-22,경원선,한남,4184,4007,8191,177,8,22,월
2022-08-22,경원선,서빙고,2082,1829,3911,253,8,22,월
2022-08-22,경원선,이촌(국립중앙박물관),3841,3001,6842,840,8,22,월
2022-08-22,경부선,광명,3594,2964,6558,630,8,22,월
2022-08-22,경부선,서동탄,1452,1234,2686,218,8,22,월
2022-08-22,경부선,당정,6032,5724,11756,308,8,22,월
2022-08-22,경부선,천안,4995,5500,10495,-505,8,22,월
2022-08-22,경부선,두정,5258,5368,10626,-110,8,22,월
2022-08-22,경부선,직산,893,848,1741,45,8,22,월
2022-08-22,경부선,성환,3348,3456,6804,-108,8,22,월
2022-08-22,경부선,평택,11248,11207,22455,41,8,22,월
2022-08-22,경부선,평택지제,3818,3897,7715,-79,8,22,월
2022-08-22,경부선,서정리,7213,7085,14298,128,8,22,월
2022-08-22,경부선,송탄,4218,4068,8286,150,8,22,월
2022-08-22,경부선,진위,1878,1691,3569,187,8,22,월
2022-08-22,경부선,오산,9373,9448,18821,-75,8,22,월
2022-08-22,경부선,오산대,3412,3205,6617,207,8,22,월
2022-08-22,경부선,세마,2840,2746,5586,94,8,22,월
2022-08-22,경부선,병점,13870,13618,27488,252,8,22,월
2022-08-22,경부선,세류,3083,2755,5838,328,8,22,월
2022-08-22,경부선,독산,18590,19468,38058,-878,8,22,월
2022-08-22,경부선,수원,31941,33777,65718,-1836,8,22,월
2022-08-22,경부선,화서,8217,7755,15972,462,8,22,월
2022-08-22,경부선,성균관대,13854,13841,27695,13,8,22,월
2022-08-22,경부선,의왕,8647,8694,17341,-47,8,22,월
2022-08-22,경부선,군포,7621,7548,15169,73,8,22,월
2022-08-22,경부선,금정,26620,27143,53763,-523,8,22,월
2022-08-22,경부선,명학,9021,8931,17952,90,8,22,월
2022-08-22,경부선,안양,21579,21341,42920,238,8,22,월
2022-08-22,경부선,관악,7033,6762,13795,271,8,22,월
2022-08-22,경부선,석수,9293,8322,17615,971,8,22,월
2022-08-22,경부선,금천구청,11374,11409,22783,-35,8,22,월
2022-08-22,경부선,가산디지털단지,18635,21730,40365,-3095,8,22,월
2022-08-22,경부선,구로,17810,17837,35647,-27,8,22,월
2022-08-22,경부선,신길,9038,7748,16786,1290,8,22,월
2022-08-22,경부선,신도림,4112,4151,8263,-39,8,22,월
2022-08-22,경부선,영등포,36067,36944,73011,-877,8,22,월
2022-08-22,경부선,대방,10965,11931,22896,-966,8,22,월
2022-08-22,경부선,노량진,7686,7473,15159,213,8,22,월
2022-08-22,경부선,용산,35508,36060,71568,-552,8,22,월
2022-08-22,경부선,남영,9401,9858,19259,-457,8,22,월
2022-08-22,경부선,서울역,7638,2359,9997,5279,8,22,월
2022-08-22,경강선,여주,2098,2015,4113,83,8,22,월
2022-08-22,경강선,세종대왕릉,366,337,703,29,8,22,월
2022-08-22,경강선,부발,1964,2015,3979,-51,8,22,월
2022-08-22,경강선,이천,2637,2805,5442,-168,8,22,월
2022-08-22,경강선,신둔도예촌,1464,1409,2873,55,8,22,월
2022-08-22,경강선,곤지암,2177,2142,4319,35,8,22,월
2022-08-22,경강선,초월,3252,3164,6416,88,8,22,월
2022-08-22,경강선,경기광주,8054,7649,15703,405,8,22,월
2022-08-22,경강선,삼동,2640,2449,5089,191,8,22,월
2022-08-22,경강선,이매,1198,1047,2245,151,8,22,월
2022-08-22,경강선,판교,5306,5224,10530,82,8,22,월
2022-08-22,9호선2~3단계,중앙보훈병원,11817,10488,22305,1329,8,22,월
2022-08-22,9호선2~3단계,둔촌오륜,1365,1623,2988,-258,8,22,월
2022-08-22,9호선2~3단계,올림픽공원(한국체대),6307,6419,12726,-112,8,22,월
2022-08-22,9호선2~3단계,한성백제,2677,2368,5045,309,8,22,월
2022-08-22,9호선2~3단계,송파나루,5102,5445,10547,-343,8,22,월
2022-08-22,9호선2~3단계,석촌,8599,7633,16232,966,8,22,월
2022-08-22,9호선2~3단계,석촌고분,6502,6432,12934,70,8,22,월
2022-08-22,9호선2~3단계,삼전,7171,6770,13941,401,8,22,월
2022-08-22,9호선2~3단계,종합운동장,4222,4385,8607,-163,8,22,월
2022-08-22,9호선2~3단계,봉은사,17055,17361,34416,-306,8,22,월
2022-08-22,9호선2~3단계,삼성중앙,7606,8176,15782,-570,8,22,월
2022-08-22,9호선2~3단계,선정릉,10503,11403,21906,-900,8,22,월
2022-08-22,9호선2~3단계,언주,11247,11537,22784,-290,8,22,월
2022-08-22,9호선,신논현,30109,29231,59340,878,8,22,월
2022-08-22,9호선,사평,3753,3744,7497,9,8,22,월
2022-08-22,9호선,고속터미널,12512,15861,28373,-3349,8,22,월
2022-08-22,9호선,신반포,3697,3693,7390,4,8,22,월
2022-08-22,9호선,구반포,1205,1216,2421,-11,8,22,월
2022-08-22,9호선,동작(현충원),1754,1333,3087,421,8,22,월
2022-08-22,9호선,흑석(중앙대입구),8163,8670,16833,-507,8,22,월
2022-08-22,9호선,노들,4674,3911,8585,763,8,22,월
2022-08-22,9호선,노량진,24886,24633,49519,253,8,22,월
2022-08-22,9호선,샛강,6311,6307,12618,4,8,22,월
2022-08-22,9호선,여의도,29535,28580,58115,955,8,22,월
2022-08-22,9호선,국회의사당,17064,18003,35067,-939,8,22,월
2022-08-22,9호선,당산,18406,18958,37364,-552,8,22,월
2022-08-22,9호선,선유도,8990,8619,17609,371,8,22,월
2022-08-22,9호선,신목동,4215,3725,7940,490,8,22,월
2022-08-22,9호선,염창,17505,17116,34621,389,8,22,월
2022-08-22,9호선,등촌,11875,11539,23414,336,8,22,월
2022-08-22,9호선,증미,7826,7648,15474,178,8,22,월
2022-08-22,9호선,가양,21375,20942,42317,433,8,22,월
2022-08-22,9호선,양천향교,10036,10301,20337,-265,8,22,월
2022-08-22,9호선,마곡나루(서울식물원),12153,12221,24374,-68,8,22,월
2022-08-22,9호선,신방화,6915,6921,13836,-6,8,22,월
2022-08-22,9호선,공항시장,3080,3379,6459,-299,8,22,월
2022-08-22,9호선,김포공항,7146,10727,17873,-3581,8,22,월
2022-08-22,9호선,개화,2828,1928,4756,900,8,22,월
2022-08-22,8호선,남위례,5483,5641,11124,-158,8,22,월
2022-08-22,8호선,모란,4420,3583,8003,837,8,22,월
2022-08-22,8호선,수진,5403,5150,10553,253,8,22,월
2022-08-22,8호선,신흥,4153,4512,8665,-359,8,22,월
2022-08-22,8호선,단대오거리,10308,10118,20426,190,8,22,월
2022-08-22,8호선,남한산성입구(성남법원.검찰청),13468,12149,25617,1319,8,22,월
2022-08-22,8호선,산성,5338,5409,10747,-71,8,22,월
2022-08-22,8호선,복정,8817,7541,16358,1276,8,22,월
2022-08-22,8호선,장지,16772,16090,32862,682,8,22,월
2022-08-22,8호선,문정,22255,23430,45685,-1175,8,22,월
2022-08-22,8호선,가락시장,7622,8495,16117,-873,8,22,월
2022-08-22,8호선,송파,8406,8370,16776,36,8,22,월
2022-08-22,8호선,석촌,7476,8485,15961,-1009,8,22,월
2022-08-22,8호선,잠실(송파구청),13927,15923,29850,-1996,8,22,월
2022-08-22,8호선,몽촌토성(평화의문),5923,6153,12076,-230,8,22,월
2022-08-22,8호선,강동구청,10342,10823,21165,-481,8,22,월
2022-08-22,8호선,천호(풍납토성),14247,16139,30386,-1892,8,22,월
2022-08-22,8호선,암사,18880,16712,35592,2168,8,22,월
2022-08-22,7호선,삼산체육관,1,0,1,1,8,22,월
2022-08-22,7호선,온수(성공회대입구),10159,9277,19436,882,8,22,월
2022-08-22,7호선,천왕,11608,11199,22807,409,8,22,월
2022-08-22,7호선,광명사거리,21492,21219,42711,273,8,22,월
2022-08-22,7호선,철산,20927,21268,42195,-341,8,22,월
2022-08-22,7호선,가산디지털단지,46136,46143,92279,-7,8,22,월
2022-08-22,7호선,남구로,16308,16942,33250,-634,8,22,월
2022-08-22,7호선,대림(구로구청),8317,8264,16581,53,8,22,월
2022-08-22,7호선,신풍,11646,11051,22697,595,8,22,월
2022-08-22,7호선,보라매,7757,7735,15492,22,8,22,월
2022-08-22,7호선,신대방삼거리,15131,14667,29798,464,8,22,월
2022-08-22,7호선,장승배기,9421,9305,18726,116,8,22,월
2022-08-22,7호선,상도,10721,10552,21273,169,8,22,월
2022-08-22,7호선,숭실대입구(살피재),11803,12117,23920,-314,8,22,월
2022-08-22,7호선,남성,11294,10610,21904,684,8,22,월
2022-08-22,7호선,이수,15509,14842,30351,667,8,22,월
2022-08-22,7호선,내방,14854,15098,29952,-244,8,22,월
2022-08-22,7호선,고속터미널,16330,13351,29681,2979,8,22,월
2022-08-22,7호선,반포,5828,5698,11526,130,8,22,월
2022-08-22,7호선,논현,19129,19987,39116,-858,8,22,월
2022-08-22,7호선,학동,24586,25810,50396,-1224,8,22,월
2022-08-22,7호선,강남구청,16672,18198,34870,-1526,8,22,월
2022-08-22,7호선,청담,20304,22347,42651,-2043,8,22,월
2022-08-22,7호선,뚝섬유원지,8653,8131,16784,522,8,22,월
2022-08-22,7호선,건대입구,12111,12684,24795,-573,8,22,월
2022-08-22,7호선,어린이대공원(세종대),13413,13579,26992,-166,8,22,월
2022-08-22,7호선,군자(능동),14943,12034,26977,2909,8,22,월
2022-08-22,7호선,중곡,11267,10543,21810,724,8,22,월
2022-08-22,7호선,용마산(용마폭포공원),5964,5787,11751,177,8,22,월
2022-08-22,7호선,사가정,15916,15875,31791,41,8,22,월
2022-08-22,7호선,면목,14767,14581,29348,186,8,22,월
2022-08-22,7호선,상봉(시외버스터미널),16506,15507,32013,999,8,22,월
2022-08-22,7호선,중화,10595,10370,20965,225,8,22,월
2022-08-22,7호선,먹골,9988,9904,19892,84,8,22,월
2022-08-22,7호선,태릉입구,8216,7715,15931,501,8,22,월
2022-08-22,7호선,공릉(서울과학기술대),11535,11516,23051,19,8,22,월
2022-08-22,7호선,하계,17269,16251,33520,1018,8,22,월
2022-08-22,7호선,중계,14156,12932,27088,1224,8,22,월
2022-08-22,7호선,노원,19327,19903,39230,-576,8,22,월
2022-08-22,7호선,마들,13021,12215,25236,806,8,22,월
2022-08-22,7호선,수락산,12551,12691,25242,-140,8,22,월
2022-08-22,7호선,도봉산,8819,9798,18617,-979,8,22,월
2022-08-22,7호선,장암,2352,903,3255,1449,8,22,월
2022-08-22,6호선,봉화산(서울의료원),9064,8497,17561,567,8,22,월
2022-08-22,6호선,화랑대(서울여대입구),11318,8775,20093,2543,8,22,월
2022-08-22,6호선,태릉입구,5403,5843,11246,-440,8,22,월
2022-08-22,6호선,석계,12023,12680,24703,-657,8,22,월
2022-08-22,6호선,돌곶이,10736,10072,20808,664,8,22,월
2022-08-22,6호선,상월곡(한국과학기술연구원),6280,5756,12036,524,8,22,월
2022-08-22,6호선,월곡(동덕여대),11943,12012,23955,-69,8,22,월
2022-08-22,6호선,고려대(종암),8251,7968,16219,283,8,22,월
2022-08-22,6호선,안암(고대병원앞),10580,10909,21489,-329,8,22,월
2022-08-22,6호선,보문,7491,6878,14369,613,8,22,월
2022-08-22,6호선,창신,3627,2913,6540,714,8,22,월
2022-08-22,6호선,동묘앞,7786,7904,15690,-118,8,22,월
2022-08-22,6호선,신당,8125,8570,16695,-445,8,22,월
2022-08-22,6호선,청구,3697,3822,7519,-125,8,22,월
2022-08-22,6호선,약수,3715,3705,7420,10,8,22,월
2022-08-22,6호선,버티고개,2138,2195,4333,-57,8,22,월
2022-08-22,6호선,한강진,7044,8098,15142,-1054,8,22,월
2022-08-22,6호선,이태원,10615,10960,21575,-345,8,22,월
2022-08-22,6호선,녹사평(용산구청),4664,4586,9250,78,8,22,월
2022-08-22,6호선,삼각지,6217,5434,11651,783,8,22,월
2022-08-22,6호선,효창공원앞,6995,6382,13377,613,8,22,월
2022-08-22,6호선,공덕,18410,17928,36338,482,8,22,월
2022-08-22,6호선,대흥(서강대앞),8236,8409,16645,-173,8,22,월
2022-08-22,6호선,광흥창(서강),9331,9189,18520,142,8,22,월
2022-08-22,6호선,상수,8430,9300,17730,-870,8,22,월
2022-08-22,6호선,합정,12627,12294,24921,333,8,22,월
2022-08-22,6호선,망원,13418,14355,27773,-937,8,22,월
2022-08-22,6호선,마포구청,14502,13233,27735,1269,8,22,월
2022-08-22,6호선,월드컵경기장(성산),4230,4443,8673,-213,8,22,월
2022-08-22,6호선,디지털미디어시티,14403,16214,30617,-1811,8,22,월
2022-08-22,6호선,증산(명지대앞),9772,9794,19566,-22,8,22,월
2022-08-22,6호선,새절(신사),12387,11418,23805,969,8,22,월
2022-08-22,6호선,구산,7904,6165,14069,1739,8,22,월
2022-08-22,6호선,연신내,1,0,1,1,8,22,월
2022-08-22,6호선,독바위,2783,2965,5748,-182,8,22,월
2022-08-22,6호선,불광,4147,4190,8337,-43,8,22,월
2022-08-22,6호선,역촌,3947,4534,8481,-587,8,22,월
2022-08-22,6호선,응암,17275,17289,34564,-14,8,22,월
2022-08-22,5호선,하남검단산,5962,5680,11642,282,8,22,월
2022-08-22,5호선,하남시청(덕풍·신장),6870,6737,13607,133,8,22,월
2022-08-22,5호선,하남풍산,4375,4227,8602,148,8,22,월
2022-08-22,5호선,미사,16182,16477,32659,-295,8,22,월
2022-08-22,5호선,강일,4683,4453,9136,230,8,22,월
2022-08-22,5호선,마천,7399,7082,14481,317,8,22,월
2022-08-22,5호선,거여,10277,9955,20232,322,8,22,월
2022-08-22,5호선,개롱,6567,6876,13443,-309,8,22,월
2022-08-22,5호선,오금,3940,3943,7883,-3,8,22,월
2022-08-22,5호선,방이,6834,7182,14016,-348,8,22,월
2022-08-22,5호선,올림픽공원(한국체대),4593,3921,8514,672,8,22,월
2022-08-22,5호선,둔촌동,8372,7928,16300,444,8,22,월
2022-08-22,5호선,상일동,14888,13779,28667,1109,8,22,월
2022-08-22,5호선,고덕,10102,9989,20091,113,8,22,월
2022-08-22,5호선,명일,8527,8965,17492,-438,8,22,월
2022-08-22,5호선,굽은다리(강동구민회관앞),9532,9159,18691,373,8,22,월
2022-08-22,5호선,길동,7917,8288,16205,-371,8,22,월
2022-08-22,5호선,강동,18715,18147,36862,568,8,22,월
2022-08-22,5호선,천호(풍납토성),17800,17889,35689,-89,8,22,월
2022-08-22,5호선,광나루(장신대),13392,12272,25664,1120,8,22,월
2022-08-22,5호선,아차산(어린이대공원후문),14206,13812,28018,394,8,22,월
2022-08-22,5호선,군자(능동),10848,11922,22770,-1074,8,22,월
2022-08-22,5호선,장한평,18298,18115,36413,183,8,22,월
2022-08-22,5호선,답십리,16496,15006,31502,1490,8,22,월
2022-08-22,5호선,마장,5560,5218,10778,342,8,22,월
2022-08-22,5호선,왕십리(성동구청),4465,5093,9558,-628,8,22,월
2022-08-22,5호선,행당,8130,7311,15441,819,8,22,월
2022-08-22,5호선,신금호,6426,6798,13224,-372,8,22,월
2022-08-22,5호선,청구,3938,3725,7663,213,8,22,월
2022-08-22,5호선,동대문역사문화공원(DDP),3220,3629,6849,-409,8,22,월
2022-08-22,5호선,을지로4가,6320,6444,12764,-124,8,22,월
2022-08-22,5호선,종로3가,12385,12165,24550,220,8,22,월
2022-08-22,5호선,광화문(세종문화회관),33088,34770,67858,-1682,8,22,월
2022-08-22,5호선,서대문,20137,20254,40391,-117,8,22,월
2022-08-22,5호선,충정로(경기대입구),4711,4792,9503,-81,8,22,월
2022-08-22,5호선,애오개,6757,6654,13411,103,8,22,월
2022-08-22,5호선,공덕,14274,14968,29242,-694,8,22,월
2022-08-22,5호선,마포,14350,14534,28884,-184,8,22,월
2022-08-22,5호선,여의나루,11974,13072,25046,-1098,8,22,월
2022-08-22,5호선,여의도,29642,31370,61012,-1728,8,22,월
2022-08-22,5호선,신길,4256,4504,8760,-248,8,22,월
2022-08-22,5호선,영등포시장,9975,10264,20239,-289,8,22,월
2022-08-22,5호선,영등포구청,4659,4283,8942,376,8,22,월
2022-08-22,5호선,양평,7631,7654,15285,-23,8,22,월
2022-08-22,5호선,오목교(목동운동장앞),21255,22819,44074,-1564,8,22,월
2022-08-22,5호선,목동,16957,18214,35171,-1257,8,22,월
2022-08-22,5호선,신정(은행정),13894,11452,25346,2442,8,22,월
2022-08-22,5호선,까치산,28841,27369,56210,1472,8,22,월
2022-08-22,5호선,화곡,28782,27062,55844,1720,8,22,월
2022-08-22,5호선,우장산,15208,14982,30190,226,8,22,월
2022-08-22,5호선,발산,20562,21134,41696,-572,8,22,월
2022-08-22,5호선,마곡,10965,11024,21989,-59,8,22,월
2022-08-22,5호선,송정,6583,5987,12570,596,8,22,월
2022-08-22,5호선,김포공항,7283,7032,14315,251,8,22,월
2022-08-22,5호선,개화산,5755,5529,11284,226,8,22,월
2022-08-22,5호선,방화,6789,6469,13258,320,8,22,월
2022-08-22,4호선,남태령,1295,1171,2466,124,8,22,월
2022-08-22,4호선,사당,24011,19802,43813,4209,8,22,월
2022-08-22,4호선,총신대입구(이수),18696,20219,38915,-1523,8,22,월
2022-08-22,4호선,동작(현충원),1245,1424,2669,-179,8,22,월
2022-08-22,4호선,이촌(국립중앙박물관),8498,9441,17939,-943,8,22,월
2022-08-22,4호선,신용산,16169,16905,33074,-736,8,22,월
2022-08-22,4호선,삼각지,5166,5695,10861,-529,8,22,월
2022-08-22,4호선,숙대입구(갈월),12893,12446,25339,447,8,22,월
2022-08-22,4호선,서울역,11560,17280,28840,-5720,8,22,월
2022-08-22,4호선,회현(남대문시장),24858,25777,50635,-919,8,22,월
2022-08-22,4호선,명동,20200,20865,41065,-665,8,22,월
2022-08-22,4호선,충무로,25181,26565,51746,-1384,8,22,월
2022-08-22,4호선,동대문역사문화공원(DDP),15254,13481,28735,1773,8,22,월
2022-08-22,4호선,동대문,20344,20859,41203,-515,8,22,월
2022-08-22,4호선,혜화,30678,30776,61454,-98,8,22,월
2022-08-22,4호선,한성대입구(삼선교),12753,12101,24854,652,8,22,월
2022-08-22,4호선,성신여대입구(돈암),18992,18425,37417,567,8,22,월
2022-08-22,4호선,길음,19694,19630,39324,64,8,22,월
2022-08-22,4호선,미아사거리,26051,25382,51433,669,8,22,월
2022-08-22,4호선,미아(서울사이버대학),14728,14184,28912,544,8,22,월
2022-08-22,4호선,수유(강북구청),32652,32889,65541,-237,8,22,월
2022-08-22,4호선,쌍문,28361,26736,55097,1625,8,22,월
2022-08-22,4호선,창동,24780,26050,50830,-1270,8,22,월
2022-08-22,4호선,노원,17910,19759,37669,-1849,8,22,월
2022-08-22,4호선,상계,18866,17577,36443,1289,8,22,월
2022-08-22,4호선,당고개,9162,8273,17435,889,8,22,월
2022-08-22,3호선,오금,6277,5636,11913,641,8,22,월
2022-08-22,3호선,경찰병원,7525,7772,15297,-247,8,22,월
2022-08-22,3호선,가락시장,8926,8744,17670,182,8,22,월
2022-08-22,3호선,수서,17288,17485,34773,-197,8,22,월
2022-08-22,3호선,일원,11094,10552,21646,542,8,22,월
2022-08-22,3호선,대청,10979,10259,21238,720,8,22,월
2022-08-22,3호선,학여울,1824,1820,3644,4,8,22,월
2022-08-22,3호선,대치,11212,11523,22735,-311,8,22,월
2022-08-22,3호선,도곡,5264,5440,10704,-176,8,22,월
2022-08-22,3호선,매봉,12593,11849,24442,744,8,22,월
2022-08-22,3호선,양재(서초구청),36998,40610,77608,-3612,8,22,월
2022-08-22,3호선,남부터미널(예술의전당),28688,29057,57745,-369,8,22,월
2022-08-22,3호선,교대(법원.검찰청),14764,9695,24459,5069,8,22,월
2022-08-22,3호선,고속터미널,40994,38761,79755,2233,8,22,월
2022-08-22,3호선,잠원,4845,4721,9566,124,8,22,월
2022-08-22,3호선,신사,28374,29727,58101,-1353,8,22,월
2022-08-22,3호선,압구정,31660,33978,65638,-2318,8,22,월
2022-08-22,3호선,옥수,8746,9058,17804,-312,8,22,월
2022-08-22,3호선,금호,7761,7383,15144,378,8,22,월
2022-08-22,3호선,약수,13107,12836,25943,271,8,22,월
2022-08-22,3호선,동대입구,7316,7748,15064,-432,8,22,월
2022-08-22,3호선,충무로,1,0,1,1,8,22,월
2022-08-22,3호선,을지로3가,11060,10895,21955,165,8,22,월
2022-08-22,3호선,종로3가,10253,11894,22147,-1641,8,22,월
2022-08-22,3호선,안국,21705,22046,43751,-341,8,22,월
2022-08-22,3호선,경복궁(정부서울청사),20217,20949,41166,-732,8,22,월
2022-08-22,3호선,독립문,6815,6764,13579,51,8,22,월
2022-08-22,3호선,무악재,3918,3889,7807,29,8,22,월
2022-08-22,3호선,홍제,17049,16070,33119,979,8,22,월
2022-08-22,3호선,녹번,15502,14197,29699,1305,8,22,월
2022-08-22,3호선,불광,15838,16598,32436,-760,8,22,월
2022-08-22,3호선,연신내,35915,33976,69891,1939,8,22,월
2022-08-22,3호선,구파발,21067,20359,41426,708,8,22,월
2022-08-22,3호선,지축,5366,5213,10579,153,8,22,월
2022-08-22,2호선,용두(동대문구청),2364,2391,4755,-27,8,22,월
2022-08-22,2호선,신정네거리,10161,10544,20705,-383,8,22,월
2022-08-22,2호선,양천구청,6858,7143,14001,-285,8,22,월
2022-08-22,2호선,도림천,1482,1572,3054,-90,8,22,월
2022-08-22,2호선,신설동,3221,3166,6387,55,8,22,월
2022-08-22,2호선,신답,1715,1977,3692,-262,8,22,월
2022-08-22,2호선,용답,2872,2774,5646,98,8,22,월
2022-08-22,2호선,충정로(경기대입구),10085,10702,20787,-617,8,22,월
2022-08-22,2호선,아현,10233,9786,20019,447,8,22,월
2022-08-22,2호선,이대,13078,14106,27184,-1028,8,22,월
2022-08-22,2호선,신촌,34372,34829,69201,-457,8,22,월
2022-08-22,2호선,홍대입구,56197,59068,115265,-2871,8,22,월
2022-08-22,2호선,합정,29703,31601,61304,-1898,8,22,월
2022-08-22,2호선,당산,17710,20892,38602,-3182,8,22,월
2022-08-22,2호선,영등포구청,21829,23024,44853,-1195,8,22,월
2022-08-22,2호선,문래,22532,23015,45547,-483,8,22,월
2022-08-22,2호선,신도림,46997,45741,92738,1256,8,22,월
2022-08-22,2호선,대림(구로구청),24301,24756,49057,-455,8,22,월
2022-08-22,2호선,구로디지털단지,59729,60115,119844,-386,8,22,월
2022-08-22,2호선,신대방,25008,24350,49358,658,8,22,월
2022-08-22,2호선,신림,57190,54514,111704,2676,8,22,월
2022-08-22,2호선,봉천,24315,23072,47387,1243,8,22,월
2022-08-22,2호선,서울대입구(관악구청),45568,45275,90843,293,8,22,월
2022-08-22,2호선,낙성대(강감찬),27013,26745,53758,268,8,22,월
2022-08-22,2호선,사당,36501,39370,75871,-2869,8,22,월
2022-08-22,2호선,방배,16363,16844,33207,-481,8,22,월
2022-08-22,2호선,서초,22322,21573,43895,749,8,22,월
2022-08-22,2호선,교대(법원.검찰청),34579,39156,73735,-4577,8,22,월
2022-08-22,2호선,강남,82641,79316,161957,3325,8,22,월
2022-08-22,2호선,역삼,54993,62152,117145,-7159,8,22,월
2022-08-22,2호선,선릉,59405,53055,112460,6350,8,22,월
2022-08-22,2호선,삼성(무역센터),52157,52929,105086,-772,8,22,월
2022-08-22,2호선,종합운동장,6891,7454,14345,-563,8,22,월
2022-08-22,2호선,잠실새내,21408,21127,42535,281,8,22,월
2022-08-22,2호선,잠실(송파구청),67520,66850,134370,670,8,22,월
2022-08-22,2호선,잠실나루,14920,14816,29736,104,8,22,월
2022-08-22,2호선,강변(동서울터미널),32258,30079,62337,2179,8,22,월
2022-08-22,2호선,구의(광진구청),23235,23156,46391,79,8,22,월
2022-08-22,2호선,건대입구,33143,35825,68968,-2682,8,22,월
2022-08-22,2호선,성수,38150,41093,79243,-2943,8,22,월
2022-08-22,2호선,뚝섬,21709,23559,45268,-1850,8,22,월
2022-08-22,2호선,한양대,6879,7571,14450,-692,8,22,월
2022-08-22,2호선,왕십리(성동구청),15949,12892,28841,3057,8,22,월
2022-08-22,2호선,상왕십리,14136,13908,28044,228,8,22,월
2022-08-22,2호선,신당,13779,13988,27767,-209,8,22,월
2022-08-22,2호선,동대문역사문화공원(DDP),12271,13897,26168,-1626,8,22,월
2022-08-22,2호선,을지로4가,13643,13688,27331,-45,8,22,월
2022-08-22,2호선,을지로3가,23973,23944,47917,29,8,22,월
2022-08-22,2호선,을지로입구,38751,40379,79130,-1628,8,22,월
2022-08-22,2호선,시청,23530,23071,46601,459,8,22,월
2022-08-22,1호선,동묘앞,7484,7838,15322,-354,8,22,월
2022-08-22,1호선,청량리(서울시립대입구),19767,19731,39498,36,8,22,월
2022-08-22,1호선,제기동,17180,17839,35019,-659,8,22,월
2022-08-22,1호선,신설동,13533,13250,26783,283,8,22,월
2022-08-22,1호선,동대문,10784,10111,20895,673,8,22,월
2022-08-22,1호선,종로3가,25365,23195,48560,2170,8,22,월
2022-08-22,1호선,종각,37521,36719,74240,802,8,22,월
2022-08-23,2호선,방배,16791,17448,34239,-657,8,23,화
2022-08-23,6호선,응암,17657,17551,35208,106,8,23,화
2022-08-23,1호선,서울역,46672,44148,90820,2524,8,23,화
2022-08-23,1호선,시청,26097,26901,52998,-804,8,23,화
2022-08-23,1호선,종각,37839,37299,75138,540,8,23,화
2022-08-23,1호선,종로3가,26083,23818,49901,2265,8,23,화
2022-08-23,1호선,종로5가,23191,22876,46067,315,8,23,화
2022-08-23,1호선,동대문,10946,10074,21020,872,8,23,화
2022-08-23,1호선,신설동,13664,13140,26804,524,8,23,화
2022-08-23,1호선,제기동,17665,17970,35635,-305,8,23,화
2022-08-23,1호선,청량리(서울시립대입구),20047,19865,39912,182,8,23,화
2022-08-23,1호선,동묘앞,7963,8268,16231,-305,8,23,화
2022-08-23,2호선,시청,26583,25804,52387,779,8,23,화
2022-08-23,2호선,을지로입구,44165,45421,89586,-1256,8,23,화
2022-08-23,2호선,을지로3가,24120,24798,48918,-678,8,23,화
2022-08-23,2호선,을지로4가,14385,14328,28713,57,8,23,화
2022-08-23,2호선,동대문역사문화공원(DDP),12850,14485,27335,-1635,8,23,화
2022-08-23,2호선,신당,14332,14615,28947,-283,8,23,화
2022-08-23,2호선,상왕십리,14442,13963,28405,479,8,23,화
2022-08-23,2호선,왕십리(성동구청),15869,13285,29154,2584,8,23,화
2022-08-23,2호선,한양대,7199,7713,14912,-514,8,23,화
2022-08-23,2호선,뚝섬,23092,25020,48112,-1928,8,23,화
2022-08-23,2호선,성수,39249,43173,82422,-3924,8,23,화
2022-08-23,2호선,건대입구,33521,36923,70444,-3402,8,23,화
2022-08-23,2호선,구의(광진구청),24480,23936,48416,544,8,23,화
2022-08-23,2호선,강변(동서울터미널),30986,29058,60044,1928,8,23,화
2022-08-23,2호선,잠실나루,15375,15089,30464,286,8,23,화
2022-08-23,2호선,잠실(송파구청),71950,71441,143391,509,8,23,화
2022-08-23,2호선,잠실새내,21906,21846,43752,60,8,23,화
2022-08-23,2호선,종합운동장,9106,9707,18813,-601,8,23,화
2022-08-23,2호선,삼성(무역센터),54659,55671,110330,-1012,8,23,화
2022-08-23,2호선,선릉,61082,54085,115167,6997,8,23,화
2022-08-23,2호선,역삼,56800,64729,121529,-7929,8,23,화
2022-08-23,2호선,강남,84933,81540,166473,3393,8,23,화
2022-08-23,2호선,교대(법원.검찰청),35592,40068,75660,-4476,8,23,화
2022-08-23,2호선,서초,22704,21932,44636,772,8,23,화
2022-08-23,2호선,사당,38550,41398,79948,-2848,8,23,화
2022-08-23,2호선,낙성대(강감찬),28238,27431,55669,807,8,23,화
2022-08-23,2호선,서울대입구(관악구청),47189,46222,93411,967,8,23,화
2022-08-23,2호선,봉천,25102,23347,48449,1755,8,23,화
2022-08-23,2호선,신림,58374,56118,114492,2256,8,23,화
2022-08-23,2호선,신대방,25662,25344,51006,318,8,23,화
2022-08-23,2호선,구로디지털단지,61014,61314,122328,-300,8,23,화
2022-08-23,2호선,대림(구로구청),24482,25052,49534,-570,8,23,화
2022-08-23,2호선,신도림,47287,46676,93963,611,8,23,화
2022-08-23,2호선,문래,23106,23768,46874,-662,8,23,화
2022-08-23,2호선,영등포구청,22536,23458,45994,-922,8,23,화
2022-08-23,2호선,당산,18502,21990,40492,-3488,8,23,화
2022-08-23,2호선,합정,31197,33323,64520,-2126,8,23,화
2022-08-23,2호선,홍대입구,56753,60301,117054,-3548,8,23,화
2022-08-23,2호선,신촌,34654,35464,70118,-810,8,23,화
2022-08-23,2호선,이대,13529,13983,27512,-454,8,23,화
2022-08-23,2호선,아현,10811,10251,21062,560,8,23,화
2022-08-23,2호선,충정로(경기대입구),10344,10981,21325,-637,8,23,화
2022-08-23,2호선,용답,2854,2684,5538,170,8,23,화
2022-08-23,2호선,신답,1776,1991,3767,-215,8,23,화
2022-08-23,2호선,신설동,3125,3143,6268,-18,8,23,화
2022-08-23,2호선,도림천,1498,1543,3041,-45,8,23,화
2022-08-23,2호선,양천구청,7060,7344,14404,-284,8,23,화
2022-08-23,2호선,신정네거리,10705,11125,21830,-420,8,23,화
2022-08-23,2호선,용두(동대문구청),2546,2503,5049,43,8,23,화
2022-08-23,3호선,지축,5375,5290,10665,85,8,23,화
2022-08-23,3호선,구파발,21632,20755,42387,877,8,23,화
2022-08-23,3호선,연신내,36726,34427,71153,2299,8,23,화
2022-08-23,3호선,불광,16462,17496,33958,-1034,8,23,화
2022-08-23,3호선,녹번,15617,14079,29696,1538,8,23,화
2022-08-23,3호선,홍제,17752,16738,34490,1014,8,23,화
2022-08-23,3호선,무악재,4016,3952,7968,64,8,23,화
2022-08-23,3호선,독립문,7311,7327,14638,-16,8,23,화
2022-08-23,3호선,경복궁(정부서울청사),20443,20087,40530,356,8,23,화
2022-08-23,3호선,안국,22491,23791,46282,-1300,8,23,화
2022-08-23,3호선,종로3가,10366,12012,22378,-1646,8,23,화
2022-08-23,3호선,을지로3가,11036,11234,22270,-198,8,23,화
2022-08-23,3호선,충무로,2,0,2,2,8,23,화
2022-08-23,3호선,동대입구,7862,8459,16321,-597,8,23,화
2022-08-23,3호선,약수,13577,13105,26682,472,8,23,화
2022-08-23,3호선,금호,8146,7488,15634,658,8,23,화
2022-08-23,3호선,옥수,9143,9330,18473,-187,8,23,화
2022-08-23,3호선,압구정,33259,35330,68589,-2071,8,23,화
2022-08-23,3호선,신사,29414,31083,60497,-1669,8,23,화
2022-08-23,3호선,잠원,5073,4798,9871,275,8,23,화
2022-08-23,3호선,고속터미널,41306,39153,80459,2153,8,23,화
2022-08-23,3호선,교대(법원.검찰청),14992,9905,24897,5087,8,23,화
2022-08-23,3호선,남부터미널(예술의전당),29532,30118,59650,-586,8,23,화
2022-08-23,3호선,양재(서초구청),38518,42264,80782,-3746,8,23,화
2022-08-23,3호선,매봉,12907,12409,25316,498,8,23,화
2022-08-23,3호선,도곡,5184,5492,10676,-308,8,23,화
2022-08-23,3호선,대치,11608,11835,23443,-227,8,23,화
2022-08-23,3호선,학여울,1950,1994,3944,-44,8,23,화
2022-08-23,3호선,대청,11124,10226,21350,898,8,23,화
2022-08-23,3호선,일원,11257,10543,21800,714,8,23,화
2022-08-23,3호선,수서,17364,17521,34885,-157,8,23,화
2022-08-23,3호선,가락시장,9200,9108,18308,92,8,23,화
2022-08-23,3호선,경찰병원,7585,7671,15256,-86,8,23,화
2022-08-23,3호선,오금,6499,5789,12288,710,8,23,화
2022-08-23,4호선,당고개,9200,8115,17315,1085,8,23,화
2022-08-23,4호선,상계,19271,17994,37265,1277,8,23,화
2022-08-23,4호선,노원,18465,21161,39626,-2696,8,23,화
2022-08-23,4호선,창동,25294,26765,52059,-1471,8,23,화
2022-08-23,4호선,쌍문,28848,27046,55894,1802,8,23,화
2022-08-23,4호선,수유(강북구청),33231,33660,66891,-429,8,23,화
2022-08-23,4호선,미아(서울사이버대학),15136,14589,29725,547,8,23,화
2022-08-23,4호선,미아사거리,27008,26495,53503,513,8,23,화
2022-08-23,4호선,길음,20607,20374,40981,233,8,23,화
2022-08-23,4호선,성신여대입구(돈암),19603,19110,38713,493,8,23,화
2022-08-23,4호선,한성대입구(삼선교),13377,12743,26120,634,8,23,화
2022-08-23,4호선,혜화,32755,32818,65573,-63,8,23,화
2022-08-23,4호선,동대문,20462,21021,41483,-559,8,23,화
2022-08-23,4호선,동대문역사문화공원(DDP),15894,13970,29864,1924,8,23,화
2022-08-23,4호선,충무로,26796,28025,54821,-1229,8,23,화
2022-08-23,4호선,명동,21214,21752,42966,-538,8,23,화
2022-08-23,4호선,회현(남대문시장),25408,26639,52047,-1231,8,23,화
2022-08-23,4호선,서울역,11841,17625,29466,-5784,8,23,화
2022-08-23,4호선,숙대입구(갈월),13332,12992,26324,340,8,23,화
2022-08-23,4호선,삼각지,5347,6049,11396,-702,8,23,화
2022-08-23,4호선,신용산,18307,19230,37537,-923,8,23,화
2022-08-23,4호선,이촌(국립중앙박물관),9446,10363,19809,-917,8,23,화
2022-08-23,4호선,동작(현충원),1459,1614,3073,-155,8,23,화
2022-08-23,4호선,총신대입구(이수),18991,20540,39531,-1549,8,23,화
2022-08-23,4호선,사당,25246,21030,46276,4216,8,23,화
2022-08-23,4호선,남태령,1525,1321,2846,204,8,23,화
2022-08-23,5호선,방화,7040,6788,13828,252,8,23,화
2022-08-23,5호선,개화산,5913,5538,11451,375,8,23,화
2022-08-23,5호선,김포공항,7438,7130,14568,308,8,23,화
2022-08-23,5호선,송정,6748,6272,13020,476,8,23,화
2022-08-23,5호선,마곡,11192,11274,22466,-82,8,23,화
2022-08-23,5호선,발산,21838,22461,44299,-623,8,23,화
2022-08-23,5호선,우장산,15359,15241,30600,118,8,23,화
2022-08-23,5호선,화곡,29421,27216,56637,2205,8,23,화
2022-08-23,5호선,까치산,29490,28026,57516,1464,8,23,화
2022-08-23,5호선,신정(은행정),14260,11689,25949,2571,8,23,화
2022-08-23,5호선,목동,17387,18486,35873,-1099,8,23,화
2022-08-23,5호선,오목교(목동운동장앞),22416,23893,46309,-1477,8,23,화
2022-08-23,5호선,양평,7776,7692,15468,84,8,23,화
2022-08-23,5호선,영등포구청,4391,4305,8696,86,8,23,화
2022-08-23,5호선,영등포시장,10261,10428,20689,-167,8,23,화
2022-08-23,5호선,신길,4293,4617,8910,-324,8,23,화
2022-08-23,5호선,여의도,29977,32407,62384,-2430,8,23,화
2022-08-23,5호선,여의나루,13290,14476,27766,-1186,8,23,화
2022-08-23,5호선,마포,14775,15310,30085,-535,8,23,화
2022-08-23,5호선,공덕,14910,15634,30544,-724,8,23,화
2022-08-23,5호선,애오개,6982,6905,13887,77,8,23,화
2022-08-23,5호선,충정로(경기대입구),4758,4868,9626,-110,8,23,화
2022-08-23,5호선,서대문,20249,20732,40981,-483,8,23,화
2022-08-23,5호선,광화문(세종문화회관),32899,34459,67358,-1560,8,23,화
2022-08-23,5호선,종로3가,13112,12898,26010,214,8,23,화
2022-08-23,5호선,을지로4가,6654,6835,13489,-181,8,23,화
2022-08-23,5호선,동대문역사문화공원(DDP),3199,3734,6933,-535,8,23,화
2022-08-23,5호선,청구,4026,3777,7803,249,8,23,화
2022-08-23,5호선,신금호,6681,6967,13648,-286,8,23,화
2022-08-23,5호선,행당,8402,7509,15911,893,8,23,화
2022-08-23,5호선,왕십리(성동구청),4405,5153,9558,-748,8,23,화
2022-08-23,5호선,마장,5771,5313,11084,458,8,23,화
2022-08-23,5호선,답십리,16741,15299,32040,1442,8,23,화
2022-08-23,5호선,장한평,18889,18593,37482,296,8,23,화
2022-08-23,5호선,군자(능동),11247,12136,23383,-889,8,23,화
2022-08-23,5호선,아차산(어린이대공원후문),14810,14221,29031,589,8,23,화
2022-08-23,5호선,광나루(장신대),14033,12657,26690,1376,8,23,화
2022-08-23,5호선,천호(풍납토성),18416,18283,36699,133,8,23,화
2022-08-23,5호선,강동,18860,18385,37245,475,8,23,화
2022-08-23,5호선,길동,8196,8474,16670,-278,8,23,화
2022-08-23,5호선,굽은다리(강동구민회관앞),9734,9181,18915,553,8,23,화
2022-08-23,5호선,명일,8623,8980,17603,-357,8,23,화
2022-08-23,5호선,고덕,10188,10068,20256,120,8,23,화
2022-08-23,5호선,상일동,15319,14126,29445,1193,8,23,화
2022-08-23,5호선,둔촌동,8297,8282,16579,15,8,23,화
2022-08-23,5호선,올림픽공원(한국체대),4740,4057,8797,683,8,23,화
2022-08-23,5호선,방이,7221,7593,14814,-372,8,23,화
2022-08-23,5호선,오금,3948,3892,7840,56,8,23,화
2022-08-23,5호선,개롱,6521,6890,13411,-369,8,23,화
2022-08-23,5호선,거여,10595,10007,20602,588,8,23,화
2022-08-23,5호선,마천,7369,7184,14553,185,8,23,화
2022-08-23,5호선,강일,4728,4539,9267,189,8,23,화
2022-08-23,5호선,미사,16434,16687,33121,-253,8,23,화
2022-08-23,5호선,하남풍산,4299,4280,8579,19,8,23,화
2022-08-23,5호선,하남시청(덕풍·신장),7193,6883,14076,310,8,23,화
2022-08-23,5호선,하남검단산,5979,5608,11587,371,8,23,화
2022-08-23,6호선,역촌,3898,4473,8371,-575,8,23,화
2022-08-23,6호선,불광,4418,4372,8790,46,8,23,화
2022-08-23,6호선,독바위,2857,2909,5766,-52,8,23,화
2022-08-23,6호선,연신내,2,0,2,2,8,23,화
2022-08-23,6호선,구산,8174,6310,14484,1864,8,23,화
2022-08-23,6호선,새절(신사),12689,11755,24444,934,8,23,화
2022-08-23,6호선,증산(명지대앞),10023,10006,20029,17,8,23,화
2022-08-23,6호선,디지털미디어시티,14919,16695,31614,-1776,8,23,화
2022-08-23,6호선,월드컵경기장(성산),4469,4754,9223,-285,8,23,화
2022-08-23,6호선,마포구청,14860,13239,28099,1621,8,23,화
2022-08-23,6호선,망원,13969,15020,28989,-1051,8,23,화
2022-08-23,6호선,합정,13081,13128,26209,-47,8,23,화
2022-08-23,6호선,상수,8450,9540,17990,-1090,8,23,화
2022-08-23,6호선,광흥창(서강),9641,9313,18954,328,8,23,화
2022-08-23,6호선,대흥(서강대앞),8673,8671,17344,2,8,23,화
2022-08-23,6호선,공덕,19049,18578,37627,471,8,23,화
2022-08-23,6호선,효창공원앞,7230,6364,13594,866,8,23,화
2022-08-23,6호선,삼각지,7204,6177,13381,1027,8,23,화
2022-08-23,6호선,녹사평(용산구청),4995,5031,10026,-36,8,23,화
2022-08-23,6호선,이태원,10992,11737,22729,-745,8,23,화
2022-08-23,6호선,한강진,8018,9244,17262,-1226,8,23,화
2022-08-23,6호선,버티고개,2138,2209,4347,-71,8,23,화
2022-08-23,6호선,약수,3788,3693,7481,95,8,23,화
2022-08-23,6호선,청구,3891,4030,7921,-139,8,23,화
2022-08-23,6호선,신당,8680,9225,17905,-545,8,23,화
2022-08-23,6호선,동묘앞,7935,8059,15994,-124,8,23,화
2022-08-23,6호선,창신,3684,2998,6682,686,8,23,화
2022-08-23,6호선,보문,7641,6935,14576,706,8,23,화
2022-08-23,6호선,안암(고대병원앞),11053,11010,22063,43,8,23,화
2022-08-23,6호선,고려대(종암),8212,7835,16047,377,8,23,화
2022-08-23,6호선,월곡(동덕여대),11918,11904,23822,14,8,23,화
2022-08-23,6호선,상월곡(한국과학기술연구원),6275,5634,11909,641,8,23,화
2022-08-23,6호선,돌곶이,9686,8881,18567,805,8,23,화
2022-08-23,6호선,석계,12418,12897,25315,-479,8,23,화
2022-08-23,6호선,태릉입구,5632,5970,11602,-338,8,23,화
2022-08-23,6호선,화랑대(서울여대입구),11671,9100,20771,2571,8,23,화
2022-08-23,6호선,봉화산(서울의료원),9165,8626,17791,539,8,23,화
2022-08-23,6호선,신내,1,0,1,1,8,23,화
2022-08-23,7호선,장암,2426,1004,3430,1422,8,23,화
2022-08-23,7호선,도봉산,9070,10207,19277,-1137,8,23,화
2022-08-23,7호선,수락산,12722,12639,25361,83,8,23,화
2022-08-23,7호선,마들,13399,12515,25914,884,8,23,화
2022-08-23,7호선,노원,19858,21008,40866,-1150,8,23,화
2022-08-23,7호선,중계,15007,13566,28573,1441,8,23,화
2022-08-23,7호선,하계,18120,16803,34923,1317,8,23,화
2022-08-23,7호선,공릉(서울과학기술대),11649,11701,23350,-52,8,23,화
2022-08-23,7호선,태릉입구,8568,8076,16644,492,8,23,화
2022-08-23,7호선,먹골,10304,10189,20493,115,8,23,화
2022-08-23,7호선,중화,10880,10570,21450,310,8,23,화
2022-08-23,7호선,상봉(시외버스터미널),17000,16031,33031,969,8,23,화
2022-08-23,7호선,면목,15246,14817,30063,429,8,23,화
2022-08-23,7호선,사가정,16195,16136,32331,59,8,23,화
2022-08-23,7호선,용마산(용마폭포공원),6068,5806,11874,262,8,23,화
2022-08-23,7호선,중곡,11275,10612,21887,663,8,23,화
2022-08-23,7호선,군자(능동),15161,12232,27393,2929,8,23,화
2022-08-23,7호선,어린이대공원(세종대),13254,13257,26511,-3,8,23,화
2022-08-23,7호선,건대입구,12718,13214,25932,-496,8,23,화
2022-08-23,7호선,뚝섬유원지,9559,9039,18598,520,8,23,화
2022-08-23,7호선,청담,21060,23185,44245,-2125,8,23,화
2022-08-23,7호선,강남구청,17437,19508,36945,-2071,8,23,화
2022-08-23,7호선,학동,25254,26516,51770,-1262,8,23,화
2022-08-23,7호선,논현,19498,20436,39934,-938,8,23,화
2022-08-23,7호선,반포,6154,5978,12132,176,8,23,화
2022-08-23,7호선,고속터미널,15865,13524,29389,2341,8,23,화
2022-08-23,7호선,내방,15002,15259,30261,-257,8,23,화
2022-08-23,7호선,이수,16058,15392,31450,666,8,23,화
2022-08-23,7호선,남성,11566,10751,22317,815,8,23,화
2022-08-23,7호선,숭실대입구(살피재),12055,12373,24428,-318,8,23,화
2022-08-23,7호선,상도,11298,10668,21966,630,8,23,화
2022-08-23,7호선,장승배기,9347,9230,18577,117,8,23,화
2022-08-23,7호선,신대방삼거리,15453,14578,30031,875,8,23,화
2022-08-23,7호선,보라매,7842,7987,15829,-145,8,23,화
2022-08-23,7호선,신풍,11850,11182,23032,668,8,23,화
2022-08-23,7호선,대림(구로구청),8156,8176,16332,-20,8,23,화
2022-08-23,7호선,남구로,16311,16999,33310,-688,8,23,화
2022-08-23,7호선,가산디지털단지,46221,46634,92855,-413,8,23,화
2022-08-23,7호선,철산,21257,21647,42904,-390,8,23,화
2022-08-23,7호선,광명사거리,21336,21302,42638,34,8,23,화
2022-08-23,7호선,천왕,11852,11284,23136,568,8,23,화
2022-08-23,7호선,온수(성공회대입구),10318,9441,19759,877,8,23,화
2022-08-23,8호선,암사,19441,17377,36818,2064,8,23,화
2022-08-23,8호선,천호(풍납토성),14726,17681,32407,-2955,8,23,화
2022-08-23,8호선,강동구청,10676,10745,21421,-69,8,23,화
2022-08-23,8호선,몽촌토성(평화의문),6190,6249,12439,-59,8,23,화
2022-08-23,8호선,잠실(송파구청),14490,16644,31134,-2154,8,23,화
2022-08-23,8호선,석촌,7587,8821,16408,-1234,8,23,화
2022-08-23,8호선,송파,8849,8836,17685,13,8,23,화
2022-08-23,8호선,가락시장,7754,8583,16337,-829,8,23,화
2022-08-23,8호선,문정,22392,23509,45901,-1117,8,23,화
2022-08-23,8호선,장지,17165,16279,33444,886,8,23,화
2022-08-23,8호선,복정,9108,7824,16932,1284,8,23,화
2022-08-23,8호선,산성,5478,5469,10947,9,8,23,화
2022-08-23,8호선,남한산성입구(성남법원.검찰청),13847,12429,26276,1418,8,23,화
2022-08-23,8호선,단대오거리,10591,10323,20914,268,8,23,화
2022-08-23,8호선,신흥,4202,4619,8821,-417,8,23,화
2022-08-23,8호선,수진,5477,5180,10657,297,8,23,화
2022-08-23,8호선,모란,4575,3652,8227,923,8,23,화
2022-08-23,8호선,남위례,5747,5983,11730,-236,8,23,화
2022-08-23,9호선,개화,2912,1953,4865,959,8,23,화
2022-08-23,9호선,김포공항,7260,10908,18168,-3648,8,23,화
2022-08-23,9호선,공항시장,3045,3323,6368,-278,8,23,화
2022-08-23,9호선,신방화,7214,7009,14223,205,8,23,화
2022-08-23,9호선,마곡나루(서울식물원),12647,12678,25325,-31,8,23,화
2022-08-23,9호선,양천향교,10362,10575,20937,-213,8,23,화
2022-08-23,9호선,가양,22117,21476,43593,641,8,23,화
2022-08-23,9호선,증미,7884,7698,15582,186,8,23,화
2022-08-23,9호선,등촌,12089,11661,23750,428,8,23,화
2022-08-23,9호선,염창,17968,17164,35132,804,8,23,화
2022-08-23,9호선,신목동,4474,3806,8280,668,8,23,화
2022-08-23,9호선,선유도,9219,8819,18038,400,8,23,화
2022-08-23,9호선,당산,19058,19302,38360,-244,8,23,화
2022-08-23,9호선,국회의사당,17237,18421,35658,-1184,8,23,화
2022-08-23,9호선,여의도,30151,29460,59611,691,8,23,화
2022-08-23,9호선,샛강,6639,6676,13315,-37,8,23,화
2022-08-23,9호선,노량진,25526,25053,50579,473,8,23,화
2022-08-23,9호선,노들,4761,4028,8789,733,8,23,화
2022-08-23,9호선,흑석(중앙대입구),8379,8902,17281,-523,8,23,화
2022-08-23,9호선,동작(현충원),1772,1363,3135,409,8,23,화
2022-08-23,9호선,구반포,1723,1740,3463,-17,8,23,화
2022-08-23,9호선,신반포,3904,3813,7717,91,8,23,화
2022-08-23,9호선,고속터미널,12705,16099,28804,-3394,8,23,화
2022-08-23,9호선,사평,4006,3897,7903,109,8,23,화
2022-08-23,9호선,신논현,31157,30457,61614,700,8,23,화
2022-08-23,9호선2~3단계,언주,11443,11794,23237,-351,8,23,화
2022-08-23,9호선2~3단계,선정릉,10891,11838,22729,-947,8,23,화
2022-08-23,9호선2~3단계,삼성중앙,7945,8464,16409,-519,8,23,화
2022-08-23,9호선2~3단계,봉은사,18211,18593,36804,-382,8,23,화
2022-08-23,9호선2~3단계,종합운동장,4358,4471,8829,-113,8,23,화
2022-08-23,9호선2~3단계,삼전,7251,6830,14081,421,8,23,화
2022-08-23,9호선2~3단계,석촌고분,6666,6426,13092,240,8,23,화
2022-08-23,9호선2~3단계,석촌,9007,8113,17120,894,8,23,화
2022-08-23,9호선2~3단계,송파나루,5269,5656,10925,-387,8,23,화
2022-08-23,9호선2~3단계,한성백제,2783,2447,5230,336,8,23,화
2022-08-23,9호선2~3단계,올림픽공원(한국체대),6594,6579,13173,15,8,23,화
2022-08-23,9호선2~3단계,둔촌오륜,1219,1093,2312,126,8,23,화
2022-08-23,9호선2~3단계,중앙보훈병원,11769,10506,22275,1263,8,23,화
2022-08-23,경강선,판교,5266,5319,10585,-53,8,23,화
2022-08-23,경강선,이매,1182,1038,2220,144,8,23,화
2022-08-23,경강선,삼동,2628,2373,5001,255,8,23,화
2022-08-23,경강선,경기광주,8186,7569,15755,617,8,23,화
2022-08-23,경강선,초월,3323,3183,6506,140,8,23,화
2022-08-23,경강선,곤지암,2154,2126,4280,28,8,23,화
2022-08-23,경강선,신둔도예촌,1641,1565,3206,76,8,23,화
2022-08-23,경강선,이천,2525,2647,5172,-122,8,23,화
2022-08-23,경강선,부발,1933,1909,3842,24,8,23,화
2022-08-23,경강선,세종대왕릉,355,340,695,15,8,23,화
2022-08-23,경강선,여주,2100,2150,4250,-50,8,23,화
2022-08-23,경부선,서울역,7219,2151,9370,5068,8,23,화
2022-08-23,경부선,남영,9777,10031,19808,-254,8,23,화
2022-08-23,경부선,용산,35938,36542,72480,-604,8,23,화
2022-08-23,경부선,노량진,7890,7686,15576,204,8,23,화
2022-08-23,경부선,대방,11360,12329,23689,-969,8,23,화
2022-08-23,경부선,영등포,38050,38830,76880,-780,8,23,화
2022-08-23,경부선,신도림,4144,4151,8295,-7,8,23,화
2022-08-23,경부선,신길,9324,7886,17210,1438,8,23,화
2022-08-23,경부선,구로,18368,18685,37053,-317,8,23,화
2022-08-23,경부선,가산디지털단지,19090,21886,40976,-2796,8,23,화
2022-08-23,경부선,금천구청,11749,11728,23477,21,8,23,화
2022-08-23,경부선,석수,9458,8410,17868,1048,8,23,화
2022-08-23,경부선,관악,7199,6869,14068,330,8,23,화
2022-08-23,경부선,안양,21900,21569,43469,331,8,23,화
2022-08-23,경부선,명학,9428,9252,18680,176,8,23,화
2022-08-23,경부선,금정,27469,27819,55288,-350,8,23,화
2022-08-23,경부선,군포,7822,7639,15461,183,8,23,화
2022-08-23,경부선,의왕,8987,8955,17942,32,8,23,화
2022-08-23,경부선,성균관대,14199,14039,28238,160,8,23,화
2022-08-23,경부선,화서,8232,8121,16353,111,8,23,화
2022-08-23,경부선,수원,32011,34147,66158,-2136,8,23,화
2022-08-23,경부선,독산,19105,20001,39106,-896,8,23,화
2022-08-23,경부선,세류,2952,2656,5608,296,8,23,화
2022-08-23,경부선,병점,14048,13866,27914,182,8,23,화
2022-08-23,경부선,세마,2933,2783,5716,150,8,23,화
2022-08-23,경부선,오산대,3563,3299,6862,264,8,23,화
2022-08-23,경부선,오산,9463,9565,19028,-102,8,23,화
2022-08-23,경부선,진위,1868,1685,3553,183,8,23,화
2022-08-23,경부선,송탄,3948,3915,7863,33,8,23,화
2022-08-23,경부선,서정리,6917,6458,13375,459,8,23,화
2022-08-23,경부선,평택지제,3821,3739,7560,82,8,23,화
2022-08-23,경부선,평택,10890,10830,21720,60,8,23,화
2022-08-23,경부선,성환,3242,3254,6496,-12,8,23,화
2022-08-23,경부선,직산,808,793,1601,15,8,23,화
2022-08-23,경부선,두정,5142,5144,10286,-2,8,23,화
2022-08-23,경부선,천안,4848,5146,9994,-298,8,23,화
2022-08-23,경부선,당정,6299,5948,12247,351,8,23,화
2022-08-23,경부선,서동탄,1434,1236,2670,198,8,23,화
2022-08-23,경부선,광명,3456,2911,6367,545,8,23,화
2022-08-23,경원선,이촌(국립중앙박물관),4004,3084,7088,920,8,23,화
2022-08-23,경원선,서빙고,2208,2063,4271,145,8,23,화
2022-08-23,경원선,한남,4314,4115,8429,199,8,23,화
2022-08-23,경원선,옥수,67,50,117,17,8,23,화
2022-08-23,경원선,응봉,2057,1675,3732,382,8,23,화
2022-08-23,경원선,왕십리(성동구청),14189,15932,30121,-1743,8,23,화
2022-08-23,경원선,청량리(서울시립대입구),15619,16168,31787,-549,8,23,화
2022-08-23,경원선,외대앞,7800,7792,15592,8,8,23,화
2022-08-23,경원선,신이문,8740,7953,16693,787,8,23,화
2022-08-23,경원선,석계,7999,9052,17051,-1053,8,23,화
2022-08-23,경원선,광운대,7504,7157,14661,347,8,23,화
2022-08-23,경원선,월계,6840,6516,13356,324,8,23,화
2022-08-23,경원선,녹천,4942,4079,9021,863,8,23,화
2022-08-23,경원선,방학,10039,9748,19787,291,8,23,화
2022-08-23,경원선,도봉,6315,6032,12347,283,8,23,화
2022-08-23,경원선,도봉산,7309,4591,11900,2718,8,23,화
2022-08-23,경원선,망월사,7642,7738,15380,-96,8,23,화
2022-08-23,경원선,회룡,12667,12731,25398,-64,8,23,화
2022-08-23,경원선,의정부,17808,18684,36492,-876,8,23,화
2022-08-23,경원선,가능,6997,6678,13675,319,8,23,화
2022-08-23,경원선,녹양,4621,4419,9040,202,8,23,화
2022-08-23,경원선,양주,7480,6915,14395,565,8,23,화
2022-08-23,경원선,덕계,3280,3005,6285,275,8,23,화
2022-08-23,경원선,덕정,5485,5310,10795,175,8,23,화
2022-08-23,경원선,지행,6519,6488,13007,31,8,23,화
2022-08-23,경원선,동두천중앙,3121,3023,6144,98,8,23,화
2022-08-23,경원선,보산,1545,1394,2939,151,8,23,화
2022-08-23,경원선,동두천,2062,2243,4305,-181,8,23,화
2022-08-23,경원선,소요산,2688,2306,4994,382,8,23,화
2022-08-23,경의선,서울역,4663,5949,10612,-1286,8,23,화
2022-08-23,경의선,신촌,946,1203,2149,-257,8,23,화
2022-08-23,경의선,효창공원앞,3057,3544,6601,-487,8,23,화
2022-08-23,경의선,공덕,3819,3407,7226,412,8,23,화
2022-08-23,경의선,서강대,2236,2171,4407,65,8,23,화
2022-08-23,경의선,홍대입구,1748,2086,3834,-338,8,23,화
2022-08-23,경의선,가좌,5776,5451,11227,325,8,23,화
2022-08-23,경의선,디지털미디어시티,2692,2418,5110,274,8,23,화
2022-08-23,경의선,수색,3087,3238,6325,-151,8,23,화
2022-08-23,경의선,화전,2081,1971,4052,110,8,23,화
2022-08-23,경의선,강매,3353,2908,6261,445,8,23,화
2022-08-23,경의선,행신,8329,8312,16641,17,8,23,화
2022-08-23,경의선,능곡,4074,3619,7693,455,8,23,화
2022-08-23,경의선,곡산,681,686,1367,-5,8,23,화
2022-08-23,경의선,백마,7270,7016,14286,254,8,23,화
2022-08-23,경의선,풍산,6001,5527,11528,474,8,23,화
2022-08-23,경의선,일산,10771,10549,21320,222,8,23,화
2022-08-23,경의선,탄현,8154,7769,15923,385,8,23,화
2022-08-23,경의선,야당,8189,8099,16288,90,8,23,화
2022-08-23,경의선,운정,7178,6634,13812,544,8,23,화
2022-08-23,경의선,금릉,5006,4881,9887,125,8,23,화
2022-08-23,경의선,금촌,6471,6431,12902,40,8,23,화
2022-08-23,경의선,월롱,2764,2685,5449,79,8,23,화
2022-08-23,경의선,파주,1303,842,2145,461,8,23,화
2022-08-23,경의선,문산,5613,5506,11119,107,8,23,화
2022-08-23,경의선,임진강,16,18,34,-2,8,23,화
2022-08-23,경의선,계양,1,0,1,1,8,23,화
2022-08-23,경인선,개봉,21917,21270,43187,647,8,23,화
2022-08-23,경인선,오류동,11900,10990,22890,910,8,23,화
2022-08-23,경인선,역곡,26957,26864,53821,93,8,23,화
2022-08-23,경인선,부천,31147,31592,62739,-445,8,23,화
2022-08-23,경인선,송내,28197,27860,56057,337,8,23,화
2022-08-23,경인선,부평,28089,29957,58046,-1868,8,23,화
2022-08-23,경인선,백운,7119,6828,13947,291,8,23,화
2022-08-23,경인선,동암,15812,15788,31600,24,8,23,화
2022-08-23,경인선,주안,18160,16632,34792,1528,8,23,화
2022-08-23,경인선,제물포,10534,10109,20643,425,8,23,화
2022-08-23,경인선,동인천,13594,12874,26468,720,8,23,화
2022-08-23,경인선,인천,4043,3082,7125,961,8,23,화
2022-08-23,경인선,구일,9522,9851,19373,-329,8,23,화
2022-08-23,경인선,소사,8233,8235,16468,-2,8,23,화
2022-08-23,경인선,부개,9001,8246,17247,755,8,23,화
2022-08-23,경인선,간석,6070,5653,11723,417,8,23,화
2022-08-23,경인선,도원,3082,3109,6191,-27,8,23,화
2022-08-23,경인선,온수(성공회대입구),6842,6347,13189,495,8,23,화
2022-08-23,경인선,중동,9706,8998,18704,708,8,23,화
2022-08-23,경인선,도화,4209,3897,8106,312,8,23,화
2022-08-23,경춘선,신내,2283,2237,4520,46,8,23,화
2022-08-23,경춘선,갈매,3104,2689,5793,415,8,23,화
2022-08-23,경춘선,별내,3232,3113,6345,119,8,23,화
2022-08-23,경춘선,퇴계원,3624,3267,6891,357,8,23,화
2022-08-23,경춘선,사릉,2443,2267,4710,176,8,23,화
2022-08-23,경춘선,금곡,1561,1548,3109,13,8,23,화
2022-08-23,경춘선,평내호평,6414,6337,12751,77,8,23,화
2022-08-23,경춘선,천마산,1726,1591,3317,135,8,23,화
2022-08-23,경춘선,마석,4262,4335,8597,-73,8,23,화
2022-08-23,경춘선,대성리,913,873,1786,40,8,23,화
2022-08-23,경춘선,청평,2069,1869,3938,200,8,23,화
2022-08-23,경춘선,상천,302,264,566,38,8,23,화
2022-08-23,경춘선,가평,3143,2788,5931,355,8,23,화
2022-08-23,경춘선,굴봉산,139,130,269,9,8,23,화
2022-08-23,경춘선,백양리,112,84,196,28,8,23,화
2022-08-23,경춘선,강촌,568,472,1040,96,8,23,화
2022-08-23,경춘선,김유정,343,382,725,-39,8,23,화
2022-08-23,경춘선,남춘천,2419,2462,4881,-43,8,23,화
2022-08-23,경춘선,춘천,1301,1229,2530,72,8,23,화
2022-08-23,공항철도 1호선,서울역,8723,7923,16646,800,8,23,화
2022-08-23,공항철도 1호선,공덕,2551,3446,5997,-895,8,23,화
2022-08-23,공항철도 1호선,홍대입구,10740,10985,21725,-245,8,23,화
2022-08-23,공항철도 1호선,디지털미디어시티,14923,13927,28850,996,8,23,화
2022-08-23,공항철도 1호선,마곡나루(서울식물원),9995,9487,19482,508,8,23,화
2022-08-23,공항철도 1호선,김포공항,11422,6603,18025,4819,8,23,화
2022-08-23,공항철도 1호선,계양,11682,10855,22537,827,8,23,화
2022-08-23,공항철도 1호선,검암,6710,6786,13496,-76,8,23,화
2022-08-23,공항철도 1호선,청라국제도시,7225,6779,14004,446,8,23,화
2022-08-23,공항철도 1호선,운서,7774,8032,15806,-258,8,23,화
2022-08-23,공항철도 1호선,공항화물청사,2347,2522,4869,-175,8,23,화
2022-08-23,공항철도 1호선,인천공항1터미널,8487,7462,15949,1025,8,23,화
2022-08-23,공항철도 1호선,인천공항2터미널,3757,3207,6964,550,8,23,화
2022-08-23,공항철도 1호선,영종,3586,3591,7177,-5,8,23,화
2022-08-23,과천선,선바위,8144,7282,15426,862,8,23,화
2022-08-23,과천선,경마공원,1755,1732,3487,23,8,23,화
2022-08-23,과천선,대공원,2932,3103,6035,-171,8,23,화
2022-08-23,과천선,과천,6582,6175,12757,407,8,23,화
2022-08-23,과천선,정부과천청사,11424,11339,22763,85,8,23,화
2022-08-23,과천선,인덕원,24398,25440,49838,-1042,8,23,화
2022-08-23,과천선,평촌,18273,18191,36464,82,8,23,화
2022-08-23,과천선,범계,26260,26203,52463,57,8,23,화
2022-08-23,분당선,선릉,14737,21873,36610,-7136,8,23,화
2022-08-23,분당선,한티,15258,16602,31860,-1344,8,23,화
2022-08-23,분당선,도곡,7642,7243,14885,399,8,23,화
2022-08-23,분당선,구룡,2417,2241,4658,176,8,23,화
2022-08-23,분당선,개포동,4282,4299,8581,-17,8,23,화
2022-08-23,분당선,대모산입구,4840,4521,9361,319,8,23,화
2022-08-23,분당선,수서,14109,14372,28481,-263,8,23,화
2022-08-23,분당선,수원,7652,6532,14184,1120,8,23,화
2022-08-23,분당선,서울숲,11652,11869,23521,-217,8,23,화
2022-08-23,분당선,압구정로데오,19737,22048,41785,-2311,8,23,화
2022-08-23,분당선,강남구청,9925,11617,21542,-1692,8,23,화
2022-08-23,분당선,선정릉,8488,9118,17606,-630,8,23,화
2022-08-23,분당선,가천대,6941,7665,14606,-724,8,23,화
2022-08-23,분당선,태평,13950,13189,27139,761,8,23,화
2022-08-23,분당선,모란,19723,20087,39810,-364,8,23,화
2022-08-23,분당선,야탑,26614,27653,54267,-1039,8,23,화
2022-08-23,분당선,서현,24659,25145,49804,-486,8,23,화
2022-08-23,분당선,수내,14185,14202,28387,-17,8,23,화
2022-08-23,분당선,정자,18946,20189,39135,-1243,8,23,화
2022-08-23,분당선,미금,15732,16669,32401,-937,8,23,화
2022-08-23,분당선,오리,11903,9745,21648,2158,8,23,화
2022-08-23,분당선,이매,6014,5562,11576,452,8,23,화
2022-08-23,분당선,보정,2851,2435,5286,416,8,23,화
2022-08-23,분당선,죽전,12960,14396,27356,-1436,8,23,화
2022-08-23,분당선,구성,4962,5351,10313,-389,8,23,화
2022-08-23,분당선,신갈,4925,4789,9714,136,8,23,화
2022-08-23,분당선,기흥,10280,9612,19892,668,8,23,화
2022-08-23,분당선,상갈,5408,5198,10606,210,8,23,화
2022-08-23,분당선,청명,4458,4239,8697,219,8,23,화
2022-08-23,분당선,영통,8180,8320,16500,-140,8,23,화
2022-08-23,분당선,망포,14526,14048,28574,478,8,23,화
2022-08-23,분당선,매탄권선,5206,4960,10166,246,8,23,화
2022-08-23,분당선,수원시청,12781,13748,26529,-967,8,23,화
2022-08-23,분당선,매교,3771,3687,7458,84,8,23,화
2022-08-23,수인선,고색,4709,4311,9020,398,8,23,화
2022-08-23,수인선,오목천,3029,2952,5981,77,8,23,화
2022-08-23,수인선,어천,938,866,1804,72,8,23,화
2022-08-23,수인선,야목,345,250,595,95,8,23,화
2022-08-23,수인선,사리,4606,4112,8718,494,8,23,화
2022-08-23,수인선,달월,123,87,210,36,8,23,화
2022-08-23,수인선,월곶,2738,2538,5276,200,8,23,화
2022-08-23,수인선,소래포구,5090,4805,9895,285,8,23,화
2022-08-23,수인선,인천논현,5570,5885,11455,-315,8,23,화
2022-08-23,수인선,호구포,4302,4357,8659,-55,8,23,화
2022-08-23,수인선,남동인더스파크,2427,2715,5142,-288,8,23,화
2022-08-23,수인선,원인재,4361,4503,8864,-142,8,23,화
2022-08-23,수인선,연수,4528,4453,8981,75,8,23,화
2022-08-23,수인선,송도,2396,2237,4633,159,8,23,화
2022-08-23,수인선,인하대,5765,5446,11211,319,8,23,화
2022-08-23,수인선,숭의,4080,3829,7909,251,8,23,화
2022-08-23,수인선,신포,1770,1813,3583,-43,8,23,화
2022-08-23,수인선,인천,1189,1827,3016,-638,8,23,화
2022-08-23,신림선,샛강,2314,2826,5140,-512,8,23,화
2022-08-23,신림선,대방,2090,1660,3750,430,8,23,화
2022-08-23,신림선,서울지방병무청,2375,2664,5039,-289,8,23,화
2022-08-23,신림선,보라매,3048,2879,5927,169,8,23,화
2022-08-23,신림선,보라매공원,1840,1934,3774,-94,8,23,화
2022-08-23,신림선,보라매병원,6722,7163,13885,-441,8,23,화
2022-08-23,신림선,당곡,3933,3828,7761,105,8,23,화
2022-08-23,신림선,신림,1559,2159,3718,-600,8,23,화
2022-08-23,신림선,서원,2951,2566,5517,385,8,23,화
2022-08-23,신림선,서울대벤처타운,6784,6803,13587,-19,8,23,화
2022-08-23,신림선,관악산(서울대),2743,2731,5474,12,8,23,화
2022-08-23,안산선,산본,15834,17232,33066,-1398,8,23,화
2022-08-23,안산선,대야미,5040,4553,9593,487,8,23,화
2022-08-23,안산선,반월,4224,4081,8305,143,8,23,화
2022-08-23,안산선,상록수,15494,15779,31273,-285,8,23,화
2022-08-23,안산선,한대앞,8892,8983,17875,-91,8,23,화
2022-08-23,안산선,중앙,17917,18434,36351,-517,8,23,화
2022-08-23,안산선,고잔,8967,8488,17455,479,8,23,화
2022-08-23,안산선,초지,4865,4966,9831,-101,8,23,화
2022-08-23,안산선,안산,11896,10709,22605,1187,8,23,화
2022-08-23,안산선,신길온천,1783,1607,3390,176,8,23,화
2022-08-23,안산선,정왕,7814,8143,15957,-329,8,23,화
2022-08-23,안산선,오이도,8646,8239,16885,407,8,23,화
2022-08-23,안산선,수리산,4215,3461,7676,754,8,23,화
2022-08-23,우이신설선,북한산우이,2612,2340,4952,272,8,23,화
2022-08-23,우이신설선,솔밭공원,2497,2412,4909,85,8,23,화
2022-08-23,우이신설선,4.19민주묘지,2917,2765,5682,152,8,23,화
2022-08-23,우이신설선,가오리,4428,4297,8725,131,8,23,화
2022-08-23,우이신설선,화계,3557,3204,6761,353,8,23,화
2022-08-23,우이신설선,삼양,2027,2200,4227,-173,8,23,화
2022-08-23,우이신설선,삼양사거리,2590,2629,5219,-39,8,23,화
2022-08-23,우이신설선,솔샘,6049,5716,11765,333,8,23,화
2022-08-23,우이신설선,북한산보국문,5928,5588,11516,340,8,23,화
2022-08-23,우이신설선,정릉,4667,4272,8939,395,8,23,화
2022-08-23,우이신설선,성신여대입구(돈암),3201,3508,6709,-307,8,23,화
2022-08-23,우이신설선,보문,1531,1551,3082,-20,8,23,화
2022-08-23,우이신설선,신설동,2163,2134,4297,29,8,23,화
2022-08-23,일산선,원흥,11329,10700,22029,629,8,23,화
2022-08-23,일산선,삼송,19877,19442,39319,435,8,23,화
2022-08-23,일산선,원당,11502,10906,22408,596,8,23,화
2022-08-23,일산선,화정,16916,17147,34063,-231,8,23,화
2022-08-23,일산선,대곡,2159,1726,3885,433,8,23,화
2022-08-23,일산선,백석,10003,10070,20073,-67,8,23,화
2022-08-23,일산선,마두,7793,7946,15739,-153,8,23,화
2022-08-23,일산선,정발산,7085,7413,14498,-328,8,23,화
2022-08-23,일산선,주엽,9319,9360,18679,-41,8,23,화
2022-08-23,일산선,대화,13323,10263,23586,3060,8,23,화
2022-08-23,장항선,봉명,1284,1221,2505,63,8,23,화
2022-08-23,장항선,쌍용(나사렛대),1912,1800,3712,112,8,23,화
2022-08-23,장항선,아산,2827,2546,5373,281,8,23,화
2022-08-23,장항선,탕정,944,848,1792,96,8,23,화
2022-08-23,장항선,배방,979,958,1937,21,8,23,화
2022-08-23,장항선,온양온천,3224,3338,6562,-114,8,23,화
2022-08-23,장항선,신창(순천향대),1130,1165,2295,-35,8,23,화
2022-08-23,중앙선,회기,24817,23844,48661,973,8,23,화
2022-08-23,중앙선,중랑,5781,5398,11179,383,8,23,화
2022-08-23,중앙선,상봉(시외버스터미널),5710,5763,11473,-53,8,23,화
2022-08-23,중앙선,망우,7781,7554,15335,227,8,23,화
2022-08-23,중앙선,양원,3152,3081,6233,71,8,23,화
2022-08-23,중앙선,구리,13795,13885,27680,-90,8,23,화
2022-08-23,중앙선,도농,11563,10307,21870,1256,8,23,화
2022-08-23,중앙선,양정,760,676,1436,84,8,23,화
2022-08-23,중앙선,덕소,5757,5677,11434,80,8,23,화
2022-08-23,중앙선,도심,2644,2128,4772,516,8,23,화
2022-08-23,중앙선,팔당,892,923,1815,-31,8,23,화
2022-08-23,중앙선,운길산,696,711,1407,-15,8,23,화
2022-08-23,중앙선,양수,2026,2056,4082,-30,8,23,화
2022-08-23,중앙선,신원,217,193,410,24,8,23,화
2022-08-23,중앙선,국수,774,762,1536,12,8,23,화
2022-08-23,중앙선,아신,615,649,1264,-34,8,23,화
2022-08-23,중앙선,오빈,377,364,741,13,8,23,화
2022-08-23,중앙선,양평,4084,4011,8095,73,8,23,화
2022-08-23,중앙선,원덕,348,353,701,-5,8,23,화
2022-08-23,중앙선,용문,2048,1988,4036,60,8,23,화
2022-08-23,중앙선,지평,74,75,149,-1,8,23,화
2022-08-24,2호선,동대문역사문화공원(DDP),14143,15801,29944,-1658,8,24,수
2022-08-24,경강선,초월,3337,3283,6620,54,8,24,수
2022-08-24,경강선,경기광주,8304,7583,15887,721,8,24,수
2022-08-24,경강선,삼동,2657,2457,5114,200,8,24,수
2022-08-24,경강선,이매,1176,1016,2192,160,8,24,수
2022-08-24,경강선,판교,5492,5441,10933,51,8,24,수
2022-08-24,9호선2~3단계,중앙보훈병원,12142,10723,22865,1419,8,24,수
2022-08-24,9호선2~3단계,둔촌오륜,1162,1128,2290,34,8,24,수
2022-08-24,9호선2~3단계,올림픽공원(한국체대),6674,6680,13354,-6,8,24,수
2022-08-24,9호선2~3단계,한성백제,2733,2475,5208,258,8,24,수
2022-08-24,9호선2~3단계,송파나루,5313,5802,11115,-489,8,24,수
2022-08-24,9호선2~3단계,석촌,9288,8193,17481,1095,8,24,수
2022-08-24,9호선2~3단계,석촌고분,6754,6585,13339,169,8,24,수
2022-08-24,9호선2~3단계,삼전,7181,6899,14080,282,8,24,수
2022-08-24,9호선2~3단계,종합운동장,4473,4452,8925,21,8,24,수
2022-08-24,9호선2~3단계,봉은사,19214,19515,38729,-301,8,24,수
2022-08-24,9호선2~3단계,삼성중앙,7882,8264,16146,-382,8,24,수
2022-08-24,9호선2~3단계,선정릉,10942,11929,22871,-987,8,24,수
2022-08-24,9호선2~3단계,언주,11345,11733,23078,-388,8,24,수
2022-08-24,9호선,신논현,31467,30836,62303,631,8,24,수
2022-08-24,9호선,사평,4008,3900,7908,108,8,24,수
2022-08-24,9호선,고속터미널,13079,16705,29784,-3626,8,24,수
2022-08-24,9호선,신반포,3943,3911,7854,32,8,24,수
2022-08-24,9호선,구반포,1214,1180,2394,34,8,24,수
2022-08-24,9호선,동작(현충원),1839,1462,3301,377,8,24,수
2022-08-24,9호선,흑석(중앙대입구),8552,8986,17538,-434,8,24,수
2022-08-24,9호선,노들,4960,4218,9178,742,8,24,수
2022-08-24,9호선,노량진,26162,25514,51676,648,8,24,수
2022-08-24,9호선,샛강,6728,6849,13577,-121,8,24,수
2022-08-24,9호선,여의도,30079,29567,59646,512,8,24,수
2022-08-24,9호선,국회의사당,17780,18541,36321,-761,8,24,수
2022-08-24,9호선,당산,19239,19395,38634,-156,8,24,수
2022-08-24,9호선,선유도,9401,8788,18189,613,8,24,수
2022-08-24,9호선,신목동,4480,3936,8416,544,8,24,수
2022-08-24,9호선,염창,18143,17538,35681,605,8,24,수
2022-08-24,9호선,등촌,12181,11646,23827,535,8,24,수
2022-08-24,9호선,증미,7925,7704,15629,221,8,24,수
2022-08-24,9호선,가양,22132,21631,43763,501,8,24,수
2022-08-24,9호선,양천향교,10365,10723,21088,-358,8,24,수
2022-08-24,9호선,마곡나루(서울식물원),12811,12787,25598,24,8,24,수
2022-08-24,9호선,신방화,7265,7058,14323,207,8,24,수
2022-08-24,9호선,공항시장,3086,3316,6402,-230,8,24,수
2022-08-24,9호선,김포공항,7477,11582,19059,-4105,8,24,수
2022-08-24,9호선,개화,2926,2019,4945,907,8,24,수
2022-08-24,8호선,남위례,5965,6144,12109,-179,8,24,수
2022-08-24,8호선,모란,6367,5143,11510,1224,8,24,수
2022-08-24,8호선,수진,5691,5372,11063,319,8,24,수
2022-08-24,8호선,신흥,4380,4702,9082,-322,8,24,수
2022-08-24,8호선,단대오거리,11049,10758,21807,291,8,24,수
2022-08-24,8호선,남한산성입구(성남법원.검찰청),14232,12702,26934,1530,8,24,수
2022-08-24,8호선,산성,5561,5581,11142,-20,8,24,수
2022-08-24,8호선,복정,9508,8014,17522,1494,8,24,수
2022-08-24,8호선,장지,17815,16879,34694,936,8,24,수
2022-08-24,8호선,문정,22527,23836,46363,-1309,8,24,수
2022-08-24,8호선,가락시장,7951,8844,16795,-893,8,24,수
2022-08-24,8호선,송파,9081,8807,17888,274,8,24,수
2022-08-24,8호선,석촌,7755,8921,16676,-1166,8,24,수
2022-08-24,8호선,잠실(송파구청),14444,16921,31365,-2477,8,24,수
2022-08-24,8호선,몽촌토성(평화의문),6218,6462,12680,-244,8,24,수
2022-08-24,8호선,강동구청,10665,10895,21560,-230,8,24,수
2022-08-24,8호선,천호(풍납토성),15039,17030,32069,-1991,8,24,수
2022-08-24,8호선,암사,19520,17174,36694,2346,8,24,수
2022-08-24,7호선,온수(성공회대입구),10388,9590,19978,798,8,24,수
2022-08-24,7호선,천왕,12100,11551,23651,549,8,24,수
2022-08-24,7호선,광명사거리,22095,21928,44023,167,8,24,수
2022-08-24,7호선,철산,21885,22036,43921,-151,8,24,수
2022-08-24,7호선,가산디지털단지,46275,46691,92966,-416,8,24,수
2022-08-24,7호선,남구로,16195,17021,33216,-826,8,24,수
2022-08-24,7호선,대림(구로구청),8115,8182,16297,-67,8,24,수
2022-08-24,7호선,신풍,12012,11426,23438,586,8,24,수
2022-08-24,7호선,보라매,7768,7942,15710,-174,8,24,수
2022-08-24,7호선,신대방삼거리,15521,14730,30251,791,8,24,수
2022-08-24,7호선,장승배기,9528,9594,19122,-66,8,24,수
2022-08-24,7호선,상도,11368,10803,22171,565,8,24,수
2022-08-24,7호선,숭실대입구(살피재),12269,12539,24808,-270,8,24,수
2022-08-24,7호선,남성,11693,10674,22367,1019,8,24,수
2022-08-24,7호선,이수,16426,15728,32154,698,8,24,수
2022-08-24,7호선,내방,15446,15740,31186,-294,8,24,수
2022-08-24,7호선,고속터미널,15610,13422,29032,2188,8,24,수
2022-08-24,7호선,반포,6315,6054,12369,261,8,24,수
2022-08-24,7호선,논현,19982,20509,40491,-527,8,24,수
2022-08-24,7호선,학동,25267,26831,52098,-1564,8,24,수
2022-08-24,7호선,강남구청,17924,19846,37770,-1922,8,24,수
2022-08-24,7호선,청담,21110,23317,44427,-2207,8,24,수
2022-08-24,7호선,뚝섬유원지,9878,9361,19239,517,8,24,수
2022-08-24,7호선,건대입구,12500,13178,25678,-678,8,24,수
2022-08-24,7호선,어린이대공원(세종대),14323,14361,28684,-38,8,24,수
2022-08-24,7호선,군자(능동),15378,12342,27720,3036,8,24,수
2022-08-24,7호선,중곡,11469,10551,22020,918,8,24,수
2022-08-24,7호선,용마산(용마폭포공원),6212,6095,12307,117,8,24,수
2022-08-24,7호선,사가정,16515,16297,32812,218,8,24,수
2022-08-24,7호선,면목,15362,15067,30429,295,8,24,수
2022-08-24,7호선,상봉(시외버스터미널),16911,16167,33078,744,8,24,수
2022-08-24,7호선,중화,10863,10621,21484,242,8,24,수
2022-08-24,7호선,먹골,10372,10256,20628,116,8,24,수
2022-08-24,7호선,태릉입구,8706,8059,16765,647,8,24,수
2022-08-24,7호선,공릉(서울과학기술대),11865,11796,23661,69,8,24,수
2022-08-24,7호선,하계,18714,17568,36282,1146,8,24,수
2022-08-24,7호선,중계,15085,13749,28834,1336,8,24,수
2022-08-24,7호선,노원,19888,20872,40760,-984,8,24,수
2022-08-24,7호선,마들,13531,12570,26101,961,8,24,수
2022-08-24,7호선,수락산,13133,13082,26215,51,8,24,수
2022-08-24,7호선,도봉산,9140,10509,19649,-1369,8,24,수
2022-08-24,7호선,장암,2473,942,3415,1531,8,24,수
2022-08-24,6호선,신내,1,0,1,1,8,24,수
2022-08-24,6호선,봉화산(서울의료원),9244,8741,17985,503,8,24,수
2022-08-24,6호선,화랑대(서울여대입구),11714,8967,20681,2747,8,24,수
2022-08-24,6호선,태릉입구,5658,6249,11907,-591,8,24,수
2022-08-24,6호선,석계,12394,12937,25331,-543,8,24,수
2022-08-24,6호선,돌곶이,9990,9205,19195,785,8,24,수
2022-08-24,6호선,상월곡(한국과학기술연구원),6310,5675,11985,635,8,24,수
2022-08-24,6호선,월곡(동덕여대),12131,11921,24052,210,8,24,수
2022-08-24,6호선,고려대(종암),8371,8157,16528,214,8,24,수
2022-08-24,6호선,안암(고대병원앞),11111,11322,22433,-211,8,24,수
2022-08-24,6호선,보문,7857,7138,14995,719,8,24,수
2022-08-24,6호선,창신,3650,2973,6623,677,8,24,수
2022-08-24,6호선,동묘앞,8031,8186,16217,-155,8,24,수
2022-08-24,6호선,신당,9247,9699,18946,-452,8,24,수
2022-08-24,6호선,청구,3889,4049,7938,-160,8,24,수
2022-08-24,6호선,약수,3743,3700,7443,43,8,24,수
2022-08-24,6호선,버티고개,2154,2166,4320,-12,8,24,수
2022-08-24,6호선,한강진,7949,9437,17386,-1488,8,24,수
2022-08-24,6호선,이태원,11534,12194,23728,-660,8,24,수
2022-08-24,6호선,녹사평(용산구청),5203,5204,10407,-1,8,24,수
2022-08-24,6호선,삼각지,7215,6141,13356,1074,8,24,수
2022-08-24,6호선,효창공원앞,7494,6608,14102,886,8,24,수
2022-08-24,6호선,공덕,19501,18893,38394,608,8,24,수
2022-08-24,6호선,대흥(서강대앞),8339,8594,16933,-255,8,24,수
2022-08-24,6호선,광흥창(서강),9733,9571,19304,162,8,24,수
2022-08-24,6호선,상수,8604,10093,18697,-1489,8,24,수
2022-08-24,6호선,합정,13434,13373,26807,61,8,24,수
2022-08-24,6호선,망원,14548,15551,30099,-1003,8,24,수
2022-08-24,6호선,마포구청,15009,13297,28306,1712,8,24,수
2022-08-24,6호선,월드컵경기장(성산),4536,4793,9329,-257,8,24,수
2022-08-24,6호선,디지털미디어시티,15234,16686,31920,-1452,8,24,수
2022-08-24,6호선,증산(명지대앞),10087,10127,20214,-40,8,24,수
2022-08-24,6호선,새절(신사),12813,11796,24609,1017,8,24,수
2022-08-24,6호선,구산,8283,6296,14579,1987,8,24,수
2022-08-24,6호선,독바위,2840,3073,5913,-233,8,24,수
2022-08-24,6호선,불광,4594,4676,9270,-82,8,24,수
2022-08-24,6호선,역촌,3874,4453,8327,-579,8,24,수
2022-08-24,6호선,응암,17679,17727,35406,-48,8,24,수
2022-08-24,5호선,하남검단산,6187,5867,12054,320,8,24,수
2022-08-24,5호선,하남시청(덕풍·신장),7591,7189,14780,402,8,24,수
2022-08-24,5호선,하남풍산,4388,4346,8734,42,8,24,수
2022-08-24,5호선,미사,17048,17340,34388,-292,8,24,수
2022-08-24,5호선,강일,4797,4568,9365,229,8,24,수
2022-08-24,5호선,마천,7732,7257,14989,475,8,24,수
2022-08-24,5호선,거여,10690,10157,20847,533,8,24,수
2022-08-24,5호선,개롱,6679,6949,13628,-270,8,24,수
2022-08-24,5호선,오금,3955,3936,7891,19,8,24,수
2022-08-24,5호선,방이,7294,7575,14869,-281,8,24,수
2022-08-24,5호선,올림픽공원(한국체대),4662,4056,8718,606,8,24,수
2022-08-24,5호선,둔촌동,8422,8371,16793,51,8,24,수
2022-08-24,5호선,상일동,15803,14488,30291,1315,8,24,수
2022-08-24,5호선,고덕,10423,10389,20812,34,8,24,수
2022-08-24,5호선,명일,9088,9424,18512,-336,8,24,수
2022-08-24,5호선,굽은다리(강동구민회관앞),9672,9337,19009,335,8,24,수
2022-08-24,5호선,길동,8164,8479,16643,-315,8,24,수
2022-08-24,5호선,강동,18914,18664,37578,250,8,24,수
2022-08-24,5호선,천호(풍납토성),18573,18455,37028,118,8,24,수
2022-08-24,5호선,광나루(장신대),14228,12950,27178,1278,8,24,수
2022-08-24,5호선,아차산(어린이대공원후문),15105,14513,29618,592,8,24,수
2022-08-24,5호선,군자(능동),11567,12611,24178,-1044,8,24,수
2022-08-24,5호선,장한평,19398,19169,38567,229,8,24,수
2022-08-24,5호선,답십리,16930,15276,32206,1654,8,24,수
2022-08-24,5호선,마장,5944,5569,11513,375,8,24,수
2022-08-24,5호선,왕십리(성동구청),4497,5204,9701,-707,8,24,수
2022-08-24,5호선,행당,8523,7647,16170,876,8,24,수
2022-08-24,5호선,신금호,6749,7067,13816,-318,8,24,수
2022-08-24,5호선,청구,4081,3741,7822,340,8,24,수
2022-08-24,5호선,동대문역사문화공원(DDP),3145,3728,6873,-583,8,24,수
2022-08-24,5호선,을지로4가,6581,6715,13296,-134,8,24,수
2022-08-24,5호선,종로3가,13564,13685,27249,-121,8,24,수
2022-08-24,5호선,광화문(세종문화회관),33258,34660,67918,-1402,8,24,수
2022-08-24,5호선,서대문,20389,20939,41328,-550,8,24,수
2022-08-24,5호선,충정로(경기대입구),4865,4889,9754,-24,8,24,수
2022-08-24,5호선,애오개,7099,7035,14134,64,8,24,수
2022-08-24,5호선,공덕,15119,15882,31001,-763,8,24,수
2022-08-24,5호선,마포,14900,15273,30173,-373,8,24,수
2022-08-24,5호선,여의나루,14080,15042,29122,-962,8,24,수
2022-08-24,5호선,여의도,30227,32557,62784,-2330,8,24,수
2022-08-24,5호선,신길,4281,4508,8789,-227,8,24,수
2022-08-24,5호선,영등포시장,10612,10868,21480,-256,8,24,수
2022-08-24,5호선,영등포구청,4325,4252,8577,73,8,24,수
2022-08-24,5호선,양평,7844,7702,15546,142,8,24,수
2022-08-24,5호선,오목교(목동운동장앞),22552,24078,46630,-1526,8,24,수
2022-08-24,5호선,목동,17711,18824,36535,-1113,8,24,수
2022-08-24,5호선,신정(은행정),14523,11835,26358,2688,8,24,수
2022-08-24,5호선,까치산,29808,28379,58187,1429,8,24,수
2022-08-24,5호선,화곡,29464,27427,56891,2037,8,24,수
2022-08-24,5호선,우장산,15629,15338,30967,291,8,24,수
2022-08-24,5호선,발산,21574,22601,44175,-1027,8,24,수
2022-08-24,5호선,마곡,11151,11221,22372,-70,8,24,수
2022-08-24,5호선,송정,6721,6291,13012,430,8,24,수
2022-08-24,5호선,김포공항,7574,7249,14823,325,8,24,수
2022-08-24,5호선,개화산,5952,5614,11566,338,8,24,수
2022-08-24,5호선,방화,7134,6766,13900,368,8,24,수
2022-08-24,4호선,남태령,1458,1299,2757,159,8,24,수
2022-08-24,4호선,사당,25646,21258,46904,4388,8,24,수
2022-08-24,4호선,총신대입구(이수),19378,20983,40361,-1605,8,24,수
2022-08-24,4호선,동작(현충원),1531,1627,3158,-96,8,24,수
2022-08-24,4호선,이촌(국립중앙박물관),10183,11220,21403,-1037,8,24,수
2022-08-24,4호선,신용산,18328,19073,37401,-745,8,24,수
2022-08-24,4호선,삼각지,5638,6354,11992,-716,8,24,수
2022-08-24,4호선,숙대입구(갈월),13882,13222,27104,660,8,24,수
2022-08-24,4호선,서울역,12244,18448,30692,-6204,8,24,수
2022-08-24,4호선,회현(남대문시장),25341,26628,51969,-1287,8,24,수
2022-08-24,4호선,명동,21457,22155,43612,-698,8,24,수
2022-08-24,4호선,충무로,26975,28213,55188,-1238,8,24,수
2022-08-24,4호선,동대문역사문화공원(DDP),16645,14862,31507,1783,8,24,수
2022-08-24,4호선,동대문,20644,20912,41556,-268,8,24,수
2022-08-24,4호선,혜화,34980,35471,70451,-491,8,24,수
2022-08-24,4호선,한성대입구(삼선교),13518,12917,26435,601,8,24,수
2022-08-24,4호선,성신여대입구(돈암),19828,19259,39087,569,8,24,수
2022-08-24,4호선,길음,21221,20849,42070,372,8,24,수
2022-08-24,4호선,미아사거리,27732,27069,54801,663,8,24,수
2022-08-24,4호선,미아(서울사이버대학),15246,14610,29856,636,8,24,수
2022-08-24,4호선,수유(강북구청),33982,34547,68529,-565,8,24,수
2022-08-24,4호선,쌍문,29363,27515,56878,1848,8,24,수
2022-08-24,4호선,창동,26015,27503,53518,-1488,8,24,수
2022-08-24,4호선,노원,18638,21209,39847,-2571,8,24,수
2022-08-24,4호선,상계,19657,18501,38158,1156,8,24,수
2022-08-24,4호선,당고개,9081,8055,17136,1026,8,24,수
2022-08-24,3호선,오금,6416,5798,12214,618,8,24,수
2022-08-24,3호선,경찰병원,7565,7632,15197,-67,8,24,수
2022-08-24,3호선,가락시장,9411,9272,18683,139,8,24,수
2022-08-24,3호선,수서,17723,17761,35484,-38,8,24,수
2022-08-24,3호선,일원,11249,10834,22083,415,8,24,수
2022-08-24,3호선,대청,10930,10167,21097,763,8,24,수
2022-08-24,3호선,학여울,2002,2059,4061,-57,8,24,수
2022-08-24,3호선,대치,11316,11576,22892,-260,8,24,수
2022-08-24,3호선,도곡,5232,5560,10792,-328,8,24,수
2022-08-24,3호선,매봉,13033,12534,25567,499,8,24,수
2022-08-24,3호선,양재(서초구청),38755,42217,80972,-3462,8,24,수
2022-08-24,3호선,남부터미널(예술의전당),29375,29740,59115,-365,8,24,수
2022-08-24,3호선,교대(법원.검찰청),15490,9976,25466,5514,8,24,수
2022-08-24,3호선,고속터미널,41138,39145,80283,1993,8,24,수
2022-08-24,3호선,잠원,5132,4888,10020,244,8,24,수
2022-08-24,3호선,신사,29172,30510,59682,-1338,8,24,수
2022-08-24,3호선,압구정,33302,35881,69183,-2579,8,24,수
2022-08-24,3호선,옥수,9178,9641,18819,-463,8,24,수
2022-08-24,3호선,금호,8145,7494,15639,651,8,24,수
2022-08-24,3호선,약수,13823,13278,27101,545,8,24,수
2022-08-24,3호선,동대입구,8132,8860,16992,-728,8,24,수
2022-08-24,3호선,충무로,2,0,2,2,8,24,수
2022-08-24,3호선,을지로3가,11365,11315,22680,50,8,24,수
2022-08-24,3호선,종로3가,10595,12290,22885,-1695,8,24,수
2022-08-24,3호선,안국,23727,24709,48436,-982,8,24,수
2022-08-24,3호선,경복궁(정부서울청사),22260,22605,44865,-345,8,24,수
2022-08-24,3호선,독립문,7231,7416,14647,-185,8,24,수
2022-08-24,3호선,무악재,4034,3981,8015,53,8,24,수
2022-08-24,3호선,홍제,17887,16795,34682,1092,8,24,수
2022-08-24,3호선,녹번,15968,14349,30317,1619,8,24,수
2022-08-24,3호선,불광,16716,17573,34289,-857,8,24,수
2022-08-24,3호선,연신내,37006,34850,71856,2156,8,24,수
2022-08-24,3호선,구파발,21607,20846,42453,761,8,24,수
2022-08-24,3호선,지축,5561,5317,10878,244,8,24,수
2022-08-24,2호선,용두(동대문구청),2521,2558,5079,-37,8,24,수
2022-08-24,2호선,신정네거리,10628,10914,21542,-286,8,24,수
2022-08-24,2호선,양천구청,7115,7363,14478,-248,8,24,수
2022-08-24,2호선,도림천,1437,1499,2936,-62,8,24,수
2022-08-24,2호선,신설동,3191,3134,6325,57,8,24,수
2022-08-24,2호선,신답,1836,2030,3866,-194,8,24,수
2022-08-24,2호선,용답,2853,2734,5587,119,8,24,수
2022-08-24,2호선,충정로(경기대입구),10694,11258,21952,-564,8,24,수
2022-08-24,2호선,아현,10939,10379,21318,560,8,24,수
2022-08-24,2호선,이대,14070,14836,28906,-766,8,24,수
2022-08-24,2호선,신촌,35168,36253,71421,-1085,8,24,수
2022-08-24,2호선,홍대입구,58028,61764,119792,-3736,8,24,수
2022-08-24,2호선,합정,32452,34827,67279,-2375,8,24,수
2022-08-24,2호선,당산,18813,22233,41046,-3420,8,24,수
2022-08-24,2호선,영등포구청,22988,23798,46786,-810,8,24,수
2022-08-24,2호선,문래,23292,23871,47163,-579,8,24,수
2022-08-24,2호선,신도림,49784,49077,98861,707,8,24,수
2022-08-24,2호선,대림(구로구청),24689,25115,49804,-426,8,24,수
2022-08-24,2호선,구로디지털단지,61587,61802,123389,-215,8,24,수
2022-08-24,2호선,신대방,26034,25234,51268,800,8,24,수
2022-08-24,2호선,신림,59189,57017,116206,2172,8,24,수
2022-08-24,2호선,봉천,25208,23443,48651,1765,8,24,수
2022-08-24,2호선,서울대입구(관악구청),47622,47037,94659,585,8,24,수
2022-08-24,2호선,낙성대(강감찬),28659,27477,56136,1182,8,24,수
2022-08-24,2호선,사당,39020,42180,81200,-3160,8,24,수
2022-08-24,2호선,방배,16845,17357,34202,-512,8,24,수
2022-08-24,2호선,서초,22968,22051,45019,917,8,24,수
2022-08-24,2호선,교대(법원.검찰청),35948,40535,76483,-4587,8,24,수
2022-08-24,2호선,강남,84569,81630,166199,2939,8,24,수
2022-08-24,2호선,역삼,56899,64827,121726,-7928,8,24,수
2022-08-24,2호선,선릉,60978,54263,115241,6715,8,24,수
2022-08-24,2호선,삼성(무역센터),56524,57605,114129,-1081,8,24,수
2022-08-24,2호선,종합운동장,9259,9862,19121,-603,8,24,수
2022-08-24,2호선,잠실새내,21960,21833,43793,127,8,24,수
2022-08-24,2호선,잠실(송파구청),71310,70824,142134,486,8,24,수
2022-08-24,2호선,잠실나루,15562,14982,30544,580,8,24,수
2022-08-24,2호선,강변(동서울터미널),31947,30184,62131,1763,8,24,수
2022-08-24,2호선,구의(광진구청),24352,23807,48159,545,8,24,수
2022-08-24,2호선,건대입구,34536,37242,71778,-2706,8,24,수
2022-08-24,2호선,뚝섬,23555,25663,49218,-2108,8,24,수
2022-08-24,2호선,한양대,7100,7709,14809,-609,8,24,수
2022-08-24,2호선,왕십리(성동구청),16538,13669,30207,2869,8,24,수
2022-08-24,2호선,상왕십리,14913,14403,29316,510,8,24,수
2022-08-24,2호선,신당,14575,15078,29653,-503,8,24,수
2022-08-24,경강선,곤지암,2261,2153,4414,108,8,24,수
2022-08-24,2호선,을지로4가,14347,14268,28615,79,8,24,수
2022-08-24,2호선,을지로3가,24830,25399,50229,-569,8,24,수
2022-08-24,2호선,을지로입구,43939,45276,89215,-1337,8,24,수
2022-08-24,2호선,시청,25042,24376,49418,666,8,24,수
2022-08-24,2호선,성수,39846,43685,83531,-3839,8,24,수
2022-08-24,1호선,동묘앞,8213,8479,16692,-266,8,24,수
2022-08-24,1호선,청량리(서울시립대입구),20183,19874,40057,309,8,24,수
2022-08-24,1호선,제기동,18139,18492,36631,-353,8,24,수
2022-08-24,1호선,신설동,14151,13693,27844,458,8,24,수
2022-08-24,1호선,동대문,10889,10360,21249,529,8,24,수
2022-08-24,1호선,종로5가,23106,23119,46225,-13,8,24,수
2022-08-24,1호선,종로3가,26327,23712,50039,2615,8,24,수
2022-08-24,1호선,종각,38327,37994,76321,333,8,24,수
2022-08-24,1호선,시청,24469,24814,49283,-345,8,24,수
2022-08-24,1호선,서울역,48101,45766,93867,2335,8,24,수
2022-08-24,신림선,샛강,2281,2777,5058,-496,8,24,수
2022-08-24,신림선,대방,2190,1761,3951,429,8,24,수
2022-08-24,신림선,관악산(서울대),2988,2972,5960,16,8,24,수
2022-08-24,신림선,서원,2971,2557,5528,414,8,24,수
2022-08-24,신림선,신림,1580,2107,3687,-527,8,24,수
2022-08-24,신림선,당곡,3825,3778,7603,47,8,24,수
2022-08-24,신림선,보라매병원,6726,7197,13923,-471,8,24,수
2022-08-24,신림선,보라매공원,1769,1991,3760,-222,8,24,수
2022-08-24,신림선,보라매,2988,2731,5719,257,8,24,수
2022-08-24,신림선,서울지방병무청,2420,2654,5074,-234,8,24,수
2022-08-24,중앙선,지평,60,89,149,-29,8,24,수
2022-08-24,중앙선,용문,2040,1943,3983,97,8,24,수
2022-08-24,중앙선,원덕,356,383,739,-27,8,24,수
2022-08-24,중앙선,양평,2930,3004,5934,-74,8,24,수
2022-08-24,중앙선,오빈,334,317,651,17,8,24,수
2022-08-24,중앙선,아신,632,635,1267,-3,8,24,수
2022-08-24,중앙선,국수,762,780,1542,-18,8,24,수
2022-08-24,중앙선,신원,220,176,396,44,8,24,수
2022-08-24,중앙선,양수,2071,2059,4130,12,8,24,수
2022-08-24,중앙선,운길산,793,780,1573,13,8,24,수
2022-08-24,중앙선,팔당,916,922,1838,-6,8,24,수
2022-08-24,중앙선,도심,2572,2034,4606,538,8,24,수
2022-08-24,중앙선,덕소,5649,5661,11310,-12,8,24,수
2022-08-24,중앙선,양정,768,643,1411,125,8,24,수
2022-08-24,중앙선,도농,11496,10389,21885,1107,8,24,수
2022-08-24,중앙선,구리,13931,14081,28012,-150,8,24,수
2022-08-24,중앙선,양원,3216,3100,6316,116,8,24,수
2022-08-24,중앙선,망우,8024,7641,15665,383,8,24,수
2022-08-24,중앙선,상봉(시외버스터미널),5819,5779,11598,40,8,24,수
2022-08-24,중앙선,중랑,5903,5456,11359,447,8,24,수
2022-08-24,중앙선,회기,25476,24560,50036,916,8,24,수
2022-08-24,장항선,신창(순천향대),1232,1229,2461,3,8,24,수
2022-08-24,장항선,온양온천,5045,5150,10195,-105,8,24,수
2022-08-24,장항선,배방,1155,1072,2227,83,8,24,수
2022-08-24,장항선,탕정,946,867,1813,79,8,24,수
2022-08-24,장항선,아산,3007,2709,5716,298,8,24,수
2022-08-24,장항선,쌍용(나사렛대),2224,2107,4331,117,8,24,수
2022-08-24,장항선,봉명,1395,1385,2780,10,8,24,수
2022-08-24,일산선,대화,13265,10247,23512,3018,8,24,수
2022-08-24,일산선,주엽,9599,9690,19289,-91,8,24,수
2022-08-24,일산선,정발산,7470,7535,15005,-65,8,24,수
2022-08-24,일산선,마두,7890,8046,15936,-156,8,24,수
2022-08-24,일산선,백석,9744,9748,19492,-4,8,24,수
2022-08-24,일산선,대곡,2273,1816,4089,457,8,24,수
2022-08-24,일산선,화정,17235,17570,34805,-335,8,24,수
2022-08-24,일산선,원당,11425,10953,22378,472,8,24,수
2022-08-24,일산선,삼송,20274,19540,39814,734,8,24,수
2022-08-24,일산선,지축,1,0,1,1,8,24,수
2022-08-24,일산선,원흥,11750,11173,22923,577,8,24,수
2022-08-24,우이신설선,신설동,2285,2240,4525,45,8,24,수
2022-08-24,우이신설선,보문,1534,1561,3095,-27,8,24,수
2022-08-24,우이신설선,성신여대입구(돈암),3274,3586,6860,-312,8,24,수
2022-08-24,우이신설선,정릉,4798,4296,9094,502,8,24,수
2022-08-24,우이신설선,북한산보국문,6014,5743,11757,271,8,24,수
2022-08-24,우이신설선,솔샘,6179,5772,11951,407,8,24,수
2022-08-24,우이신설선,삼양사거리,2645,2576,5221,69,8,24,수
2022-08-24,우이신설선,삼양,2106,2260,4366,-154,8,24,수
2022-08-24,우이신설선,화계,3609,3316,6925,293,8,24,수
2022-08-24,우이신설선,가오리,4451,4462,8913,-11,8,24,수
2022-08-24,우이신설선,4.19민주묘지,3280,3182,6462,98,8,24,수
2022-08-24,우이신설선,솔밭공원,2619,2442,5061,177,8,24,수
2022-08-24,우이신설선,북한산우이,2884,2623,5507,261,8,24,수
2022-08-24,안산선,수리산,4356,3578,7934,778,8,24,수
2022-08-24,안산선,오이도,8661,8371,17032,290,8,24,수
2022-08-24,안산선,정왕,7746,8263,16009,-517,8,24,수
2022-08-24,안산선,신길온천,1858,1712,3570,146,8,24,수
2022-08-24,안산선,안산,11938,10767,22705,1171,8,24,수
2022-08-24,안산선,초지,4944,4934,9878,10,8,24,수
2022-08-24,안산선,고잔,9292,8768,18060,524,8,24,수
2022-08-24,안산선,중앙,18260,18833,37093,-573,8,24,수
2022-08-24,안산선,한대앞,9032,9184,18216,-152,8,24,수
2022-08-24,안산선,상록수,15810,16097,31907,-287,8,24,수
2022-08-24,안산선,반월,4344,4268,8612,76,8,24,수
2022-08-24,안산선,대야미,5260,4726,9986,534,8,24,수
2022-08-24,안산선,산본,16332,17563,33895,-1231,8,24,수
2022-08-24,신림선,서울대벤처타운,6867,6783,13650,84,8,24,수
2022-08-24,수인선,인천,1181,1847,3028,-666,8,24,수
2022-08-24,수인선,신포,1759,1778,3537,-19,8,24,수
2022-08-24,수인선,숭의,4146,3860,8006,286,8,24,수
2022-08-24,수인선,인하대,5836,5497,11333,339,8,24,수
2022-08-24,수인선,송도,2440,2291,4731,149,8,24,수
2022-08-24,수인선,연수,4632,4622,9254,10,8,24,수
2022-08-24,수인선,원인재,4382,4604,8986,-222,8,24,수
2022-08-24,수인선,남동인더스파크,2414,2662,5076,-248,8,24,수
2022-08-24,수인선,호구포,4265,4428,8693,-163,8,24,수
2022-08-24,수인선,인천논현,5561,5915,11476,-354,8,24,수
2022-08-24,수인선,소래포구,5231,4787,10018,444,8,24,수
2022-08-24,수인선,월곶,3021,2840,5861,181,8,24,수
2022-08-24,수인선,달월,110,76,186,34,8,24,수
2022-08-24,수인선,사리,4876,4211,9087,665,8,24,수
2022-08-24,수인선,야목,388,313,701,75,8,24,수
2022-08-24,수인선,어천,987,946,1933,41,8,24,수
2022-08-24,수인선,오목천,3158,2948,6106,210,8,24,수
2022-08-24,수인선,고색,4872,4557,9429,315,8,24,수
2022-08-24,분당선,매교,3891,3813,7704,78,8,24,수
2022-08-24,분당선,수원시청,12993,14149,27142,-1156,8,24,수
2022-08-24,분당선,매탄권선,5392,5220,10612,172,8,24,수
2022-08-24,분당선,망포,15097,14250,29347,847,8,24,수
2022-08-24,분당선,영통,8391,8506,16897,-115,8,24,수
2022-08-24,분당선,청명,4519,4355,8874,164,8,24,수
2022-08-24,분당선,상갈,5676,5575,11251,101,8,24,수
2022-08-24,분당선,기흥,10460,9892,20352,568,8,24,수
2022-08-24,분당선,신갈,4972,4873,9845,99,8,24,수
2022-08-24,분당선,구성,5431,5574,11005,-143,8,24,수
2022-08-24,분당선,죽전,13660,14986,28646,-1326,8,24,수
2022-08-24,분당선,보정,2808,2406,5214,402,8,24,수
2022-08-24,분당선,이매,6087,5689,11776,398,8,24,수
2022-08-24,분당선,오리,12479,10014,22493,2465,8,24,수
2022-08-24,분당선,미금,16174,17485,33659,-1311,8,24,수
2022-08-24,분당선,정자,19498,20675,40173,-1177,8,24,수
2022-08-24,분당선,수내,14343,14411,28754,-68,8,24,수
2022-08-24,분당선,서현,25497,26000,51497,-503,8,24,수
2022-08-24,분당선,야탑,27316,28185,55501,-869,8,24,수
2022-08-24,분당선,모란,25708,26819,52527,-1111,8,24,수
2022-08-24,분당선,태평,14251,13527,27778,724,8,24,수
2022-08-24,분당선,가천대,7077,7995,15072,-918,8,24,수
2022-08-24,분당선,선정릉,8407,8975,17382,-568,8,24,수
2022-08-24,분당선,강남구청,10256,11729,21985,-1473,8,24,수
2022-08-24,분당선,압구정로데오,20093,22251,42344,-2158,8,24,수
2022-08-24,분당선,서울숲,12143,12497,24640,-354,8,24,수
2022-08-24,분당선,수원,7889,6798,14687,1091,8,24,수
2022-08-24,분당선,복정,2,0,2,2,8,24,수
2022-08-24,분당선,수서,14524,14808,29332,-284,8,24,수
2022-08-24,분당선,대모산입구,4950,4599,9549,351,8,24,수
2022-08-24,분당선,개포동,4366,4381,8747,-15,8,24,수
2022-08-24,분당선,구룡,2418,2264,4682,154,8,24,수
2022-08-24,분당선,도곡,7682,7285,14967,397,8,24,수
2022-08-24,분당선,한티,14997,16274,31271,-1277,8,24,수
2022-08-24,분당선,선릉,14574,21526,36100,-6952,8,24,수
2022-08-24,과천선,범계,26636,26980,53616,-344,8,24,수
2022-08-24,과천선,평촌,18131,18129,36260,2,8,24,수
2022-08-24,과천선,인덕원,24600,25748,50348,-1148,8,24,수
2022-08-24,과천선,정부과천청사,11335,11336,22671,-1,8,24,수
2022-08-24,과천선,과천,6764,6241,13005,523,8,24,수
2022-08-24,과천선,대공원,2938,3074,6012,-136,8,24,수
2022-08-24,과천선,경마공원,1802,1840,3642,-38,8,24,수
2022-08-24,과천선,선바위,8099,7298,15397,801,8,24,수
2022-08-24,공항철도 1호선,영종,3647,3738,7385,-91,8,24,수
2022-08-24,공항철도 1호선,인천공항2터미널,3803,3390,7193,413,8,24,수
2022-08-24,공항철도 1호선,인천공항1터미널,8584,8164,16748,420,8,24,수
2022-08-24,공항철도 1호선,공항화물청사,2438,2529,4967,-91,8,24,수
2022-08-24,공항철도 1호선,운서,7992,7975,15967,17,8,24,수
2022-08-24,공항철도 1호선,청라국제도시,7375,6771,14146,604,8,24,수
2022-08-24,공항철도 1호선,검암,6832,6669,13501,163,8,24,수
2022-08-24,공항철도 1호선,계양,11833,10961,22794,872,8,24,수
2022-08-24,공항철도 1호선,김포공항,11123,6300,17423,4823,8,24,수
2022-08-24,공항철도 1호선,마곡나루(서울식물원),10102,9449,19551,653,8,24,수
2022-08-24,공항철도 1호선,디지털미디어시티,15001,13943,28944,1058,8,24,수
2022-08-24,공항철도 1호선,홍대입구,11271,11451,22722,-180,8,24,수
2022-08-24,공항철도 1호선,공덕,2633,3374,6007,-741,8,24,수
2022-08-24,공항철도 1호선,서울역,9161,8210,17371,951,8,24,수
2022-08-24,경춘선,춘천,1369,1200,2569,169,8,24,수
2022-08-24,경춘선,남춘천,2378,2445,4823,-67,8,24,수
2022-08-24,경춘선,김유정,341,351,692,-10,8,24,수
2022-08-24,경춘선,강촌,573,481,1054,92,8,24,수
2022-08-24,경춘선,백양리,128,108,236,20,8,24,수
2022-08-24,경춘선,굴봉산,169,154,323,15,8,24,수
2022-08-24,경춘선,가평,2821,2800,5621,21,8,24,수
2022-08-24,경춘선,상천,332,318,650,14,8,24,수
2022-08-24,경춘선,청평,1967,1929,3896,38,8,24,수
2022-08-24,경춘선,대성리,943,938,1881,5,8,24,수
2022-08-24,경춘선,마석,4050,3960,8010,90,8,24,수
2022-08-24,경춘선,천마산,1766,1593,3359,173,8,24,수
2022-08-24,경춘선,평내호평,6395,6280,12675,115,8,24,수
2022-08-24,경춘선,금곡,1551,1555,3106,-4,8,24,수
2022-08-24,경춘선,사릉,2400,2299,4699,101,8,24,수
2022-08-24,경춘선,퇴계원,3590,3296,6886,294,8,24,수
2022-08-24,경춘선,별내,3255,3014,6269,241,8,24,수
2022-08-24,경춘선,갈매,3219,2736,5955,483,8,24,수
2022-08-24,경춘선,신내,2333,2297,4630,36,8,24,수
2022-08-24,경인선,도화,4309,3960,8269,349,8,24,수
2022-08-24,경인선,중동,9701,8969,18670,732,8,24,수
2022-08-24,경인선,온수(성공회대입구),6852,6496,13348,356,8,24,수
2022-08-24,경인선,도원,3289,3328,6617,-39,8,24,수
2022-08-24,경인선,간석,6190,5792,11982,398,8,24,수
2022-08-24,경인선,부개,9080,8363,17443,717,8,24,수
2022-08-24,경인선,소사,8435,8431,16866,4,8,24,수
2022-08-24,경인선,구일,9880,10450,20330,-570,8,24,수
2022-08-24,경인선,인천,4132,3291,7423,841,8,24,수
2022-08-24,경인선,동인천,14230,13364,27594,866,8,24,수
2022-08-24,경인선,제물포,10933,10312,21245,621,8,24,수
2022-08-24,경인선,주안,18798,17234,36032,1564,8,24,수
2022-08-24,경인선,동암,16196,16079,32275,117,8,24,수
2022-08-24,경인선,백운,7255,6981,14236,274,8,24,수
2022-08-24,경인선,부평,28593,30748,59341,-2155,8,24,수
2022-08-24,경인선,송내,28182,28206,56388,-24,8,24,수
2022-08-24,경인선,부천,32547,32636,65183,-89,8,24,수
2022-08-24,경인선,역곡,27330,27254,54584,76,8,24,수
2022-08-24,경인선,오류동,12187,11128,23315,1059,8,24,수
2022-08-24,경인선,개봉,22060,21522,43582,538,8,24,수
2022-08-24,경의선,임진강,15,31,46,-16,8,24,수
2022-08-24,경의선,문산,5884,5788,11672,96,8,24,수
2022-08-24,경의선,파주,1190,806,1996,384,8,24,수
2022-08-24,경의선,월롱,2784,2586,5370,198,8,24,수
2022-08-24,경의선,금촌,6800,6587,13387,213,8,24,수
2022-08-24,경의선,금릉,5056,4915,9971,141,8,24,수
2022-08-24,경의선,운정,7253,6630,13883,623,8,24,수
2022-08-24,경의선,야당,8212,8291,16503,-79,8,24,수
2022-08-24,경의선,탄현,8132,7725,15857,407,8,24,수
2022-08-24,경의선,일산,9786,9625,19411,161,8,24,수
2022-08-24,경의선,풍산,5798,5339,11137,459,8,24,수
2022-08-24,경의선,백마,7358,7028,14386,330,8,24,수
2022-08-24,경의선,곡산,648,667,1315,-19,8,24,수
2022-08-24,경의선,능곡,4150,3760,7910,390,8,24,수
2022-08-24,경의선,행신,8244,8222,16466,22,8,24,수
2022-08-24,경의선,강매,3396,2926,6322,470,8,24,수
2022-08-24,경의선,화전,1700,1518,3218,182,8,24,수
2022-08-24,경의선,수색,3037,3199,6236,-162,8,24,수
2022-08-24,경의선,디지털미디어시티,2748,2491,5239,257,8,24,수
2022-08-24,경의선,가좌,5885,5552,11437,333,8,24,수
2022-08-24,경의선,홍대입구,1880,2284,4164,-404,8,24,수
2022-08-24,경의선,서강대,2197,2127,4324,70,8,24,수
2022-08-24,경의선,공덕,4029,3532,7561,497,8,24,수
2022-08-24,경의선,효창공원앞,3077,3581,6658,-504,8,24,수
2022-08-24,경의선,신촌,965,1356,2321,-391,8,24,수
2022-08-24,경의선,서울역,4879,6075,10954,-1196,8,24,수
2022-08-24,경원선,소요산,2841,2422,5263,419,8,24,수
2022-08-24,경원선,동두천,2212,2508,4720,-296,8,24,수
2022-08-24,경원선,보산,1553,1429,2982,124,8,24,수
2022-08-24,경원선,동두천중앙,3114,3033,6147,81,8,24,수
2022-08-24,경원선,지행,6667,6626,13293,41,8,24,수
2022-08-24,경원선,덕정,5709,5493,11202,216,8,24,수
2022-08-24,경원선,덕계,3447,3118,6565,329,8,24,수
2022-08-24,경원선,양주,7767,7221,14988,546,8,24,수
2022-08-24,경원선,녹양,4756,4599,9355,157,8,24,수
2022-08-24,경원선,가능,6993,6802,13795,191,8,24,수
2022-08-24,경원선,의정부,18361,18996,37357,-635,8,24,수
2022-08-24,경원선,회룡,13095,12945,26040,150,8,24,수
2022-08-24,경원선,망월사,7879,7975,15854,-96,8,24,수
2022-08-24,경원선,도봉산,7829,5017,12846,2812,8,24,수
2022-08-24,경원선,도봉,6380,6025,12405,355,8,24,수
2022-08-24,경원선,방학,10161,9890,20051,271,8,24,수
2022-08-24,경원선,창동,1,0,1,1,8,24,수
2022-08-24,경원선,녹천,4929,4121,9050,808,8,24,수
2022-08-24,경원선,월계,6931,6575,13506,356,8,24,수
2022-08-24,경원선,광운대,7809,7449,15258,360,8,24,수
2022-08-24,경원선,석계,8134,9185,17319,-1051,8,24,수
2022-08-24,경원선,신이문,8882,8162,17044,720,8,24,수
2022-08-24,경원선,외대앞,7845,7840,15685,5,8,24,수
2022-08-24,경원선,청량리(서울시립대입구),15425,16115,31540,-690,8,24,수
2022-08-24,경원선,왕십리(성동구청),14790,16540,31330,-1750,8,24,수
2022-08-24,경원선,응봉,2028,1714,3742,314,8,24,수
2022-08-24,경원선,옥수,52,47,99,5,8,24,수
2022-08-24,경원선,한남,4322,4086,8408,236,8,24,수
2022-08-24,경원선,서빙고,2224,2045,4269,179,8,24,수
2022-08-24,경원선,이촌(국립중앙박물관),4207,3148,7355,1059,8,24,수
2022-08-24,경부선,광명,3609,3176,6785,433,8,24,수
2022-08-24,경부선,서동탄,1511,1287,2798,224,8,24,수
2022-08-24,경부선,당정,6531,6039,12570,492,8,24,수
2022-08-24,경부선,천안,5307,5618,10925,-311,8,24,수
2022-08-24,경부선,두정,5703,5655,11358,48,8,24,수
2022-08-24,경부선,직산,819,822,1641,-3,8,24,수
2022-08-24,경부선,성환,3353,3350,6703,3,8,24,수
2022-08-24,경부선,평택,11178,11101,22279,77,8,24,수
2022-08-24,경부선,평택지제,3858,3786,7644,72,8,24,수
2022-08-24,경부선,서정리,7238,6763,14001,475,8,24,수
2022-08-24,경부선,송탄,4231,4131,8362,100,8,24,수
2022-08-24,경부선,진위,1866,1687,3553,179,8,24,수
2022-08-24,경부선,오산,9515,9448,18963,67,8,24,수
2022-08-24,경부선,오산대,3549,3268,6817,281,8,24,수
2022-08-24,경부선,세마,3048,2834,5882,214,8,24,수
2022-08-24,경부선,병점,14442,14074,28516,368,8,24,수
2022-08-24,경부선,세류,3106,2842,5948,264,8,24,수
2022-08-24,경부선,독산,19352,20049,39401,-697,8,24,수
2022-08-24,경부선,수원,33072,35087,68159,-2015,8,24,수
2022-08-24,경부선,화서,8482,8119,16601,363,8,24,수
2022-08-24,경부선,성균관대,14503,14423,28926,80,8,24,수
2022-08-24,경부선,의왕,9113,9111,18224,2,8,24,수
2022-08-24,경부선,군포,7934,7764,15698,170,8,24,수
2022-08-24,경부선,금정,27854,28341,56195,-487,8,24,수
2022-08-24,경부선,명학,9481,9364,18845,117,8,24,수
2022-08-24,경부선,안양,22302,21840,44142,462,8,24,수
2022-08-24,경부선,관악,7621,7167,14788,454,8,24,수
2022-08-24,경부선,석수,9575,8558,18133,1017,8,24,수
2022-08-24,경부선,금천구청,11878,11853,23731,25,8,24,수
2022-08-24,경부선,가산디지털단지,19034,22019,41053,-2985,8,24,수
2022-08-24,경부선,구로,18620,19068,37688,-448,8,24,수
2022-08-24,경부선,신길,9468,8187,17655,1281,8,24,수
2022-08-24,경부선,신도림,4245,4344,8589,-99,8,24,수
2022-08-24,경부선,영등포,38124,39027,77151,-903,8,24,수
2022-08-24,경부선,대방,11423,12299,23722,-876,8,24,수
2022-08-24,경부선,노량진,8111,7976,16087,135,8,24,수
2022-08-24,경부선,용산,35767,37140,72907,-1373,8,24,수
2022-08-24,경부선,남영,9717,10270,19987,-553,8,24,수
2022-08-24,경부선,서울역,7285,2325,9610,4960,8,24,수
2022-08-24,경강선,여주,2155,2139,4294,16,8,24,수
2022-08-24,경강선,세종대왕릉,374,367,741,7,8,24,수
2022-08-24,경강선,부발,2064,1997,4061,67,8,24,수
2022-08-24,경강선,이천,2537,2630,5167,-93,8,24,수
2022-08-24,경강선,신둔도예촌,1707,1525,3232,182,8,24,수
2022-08-25,경원선,도봉,6360,6120,12480,240,8,25,목
2022-08-25,경원선,도봉산,7346,4672,12018,2674,8,25,목
2022-08-25,경원선,망월사,7940,8125,16065,-185,8,25,목
2022-08-25,경원선,회룡,13217,12920,26137,297,8,25,목
2022-08-25,경원선,의정부,18292,19119,37411,-827,8,25,목
2022-08-25,경원선,가능,6991,6752,13743,239,8,25,목
2022-08-25,경부선,군포,7813,7697,15510,116,8,25,목
2022-08-25,경원선,녹양,4713,4398,9111,315,8,25,목
2022-08-25,경원선,양주,7691,7307,14998,384,8,25,목
2022-08-25,경원선,덕계,3383,3024,6407,359,8,25,목
2022-08-25,경원선,덕정,5558,5376,10934,182,8,25,목
2022-08-25,경원선,지행,6663,6734,13397,-71,8,25,목
2022-08-25,경원선,동두천중앙,3345,3288,6633,57,8,25,목
2022-08-25,경원선,보산,1582,1479,3061,103,8,25,목
2022-08-25,경원선,동두천,2234,2439,4673,-205,8,25,목
2022-08-25,경원선,소요산,2512,2166,4678,346,8,25,목
2022-08-25,경의선,서울역,4773,6039,10812,-1266,8,25,목
2022-08-25,경의선,신촌,993,1241,2234,-248,8,25,목
2022-08-25,경의선,효창공원앞,3181,3526,6707,-345,8,25,목
2022-08-25,경의선,공덕,3975,3461,7436,514,8,25,목
2022-08-25,경의선,서강대,2127,2117,4244,10,8,25,목
2022-08-25,경의선,홍대입구,1861,2248,4109,-387,8,25,목
2022-08-25,9호선,개화,2825,1944,4769,881,8,25,목
2022-08-25,경의선,금릉,5148,4927,10075,221,8,25,목
2022-08-25,경의선,금촌,6582,6513,13095,69,8,25,목
2022-08-25,경의선,월롱,2785,2477,5262,308,8,25,목
2022-08-25,경의선,파주,1161,741,1902,420,8,25,목
2022-08-25,경의선,문산,5316,5417,10733,-101,8,25,목
2022-08-25,경의선,임진강,23,12,35,11,8,25,목
2022-08-25,경인선,개봉,21651,20978,42629,673,8,25,목
2022-08-25,경인선,오류동,12181,11218,23399,963,8,25,목
2022-08-25,경인선,역곡,27253,27011,54264,242,8,25,목
2022-08-25,경인선,부천,32109,32084,64193,25,8,25,목
2022-08-25,경인선,송내,28421,28324,56745,97,8,25,목
2022-08-25,경인선,부평,28710,30558,59268,-1848,8,25,목
2022-08-25,경인선,백운,7171,7010,14181,161,8,25,목
2022-08-25,경부선,금정,27774,28161,55935,-387,8,25,목
2022-08-25,경인선,동암,16049,15965,32014,84,8,25,목
2022-08-25,경인선,주안,18634,16758,35392,1876,8,25,목
2022-08-25,경인선,제물포,10688,10067,20755,621,8,25,목
2022-08-25,경인선,동인천,14161,13503,27664,658,8,25,목
2022-08-25,경인선,인천,3778,2979,6757,799,8,25,목
2022-08-25,경인선,구일,6431,6250,12681,181,8,25,목
2022-08-25,경인선,소사,8449,8470,16919,-21,8,25,목
2022-08-25,경인선,부개,8920,8226,17146,694,8,25,목
2022-08-25,경인선,간석,6087,5751,11838,336,8,25,목
2022-08-25,경인선,도원,3623,3547,7170,76,8,25,목
2022-08-25,경인선,온수(성공회대입구),6953,6572,13525,381,8,25,목
2022-08-25,경인선,중동,9748,9040,18788,708,8,25,목
2022-08-25,경인선,도화,4229,3920,8149,309,8,25,목
2022-08-25,경춘선,신내,2327,2237,4564,90,8,25,목
2022-08-25,경춘선,갈매,3150,2686,5836,464,8,25,목
2022-08-25,경춘선,별내,3222,3043,6265,179,8,25,목
2022-08-25,경춘선,퇴계원,3632,3221,6853,411,8,25,목
2022-08-25,경춘선,사릉,2430,2311,4741,119,8,25,목
2022-08-25,경춘선,금곡,1622,1543,3165,79,8,25,목
2022-08-25,경춘선,평내호평,6383,6292,12675,91,8,25,목
2022-08-25,경춘선,천마산,1723,1633,3356,90,8,25,목
2022-08-25,경춘선,마석,4054,3965,8019,89,8,25,목
2022-08-25,경춘선,대성리,1003,1151,2154,-148,8,25,목
2022-08-25,경춘선,청평,1933,2016,3949,-83,8,25,목
2022-08-25,경춘선,상천,345,353,698,-8,8,25,목
2022-08-25,경춘선,가평,2789,3046,5835,-257,8,25,목
2022-08-25,경춘선,굴봉산,162,139,301,23,8,25,목
2022-08-25,경춘선,백양리,74,75,149,-1,8,25,목
2022-08-25,경춘선,강촌,473,527,1000,-54,8,25,목
2022-08-25,경춘선,김유정,468,485,953,-17,8,25,목
2022-08-25,경춘선,남춘천,2396,2469,4865,-73,8,25,목
2022-08-25,경춘선,춘천,1383,1278,2661,105,8,25,목
2022-08-25,공항철도 1호선,서울역,9468,8597,18065,871,8,25,목
2022-08-25,공항철도 1호선,공덕,2571,3441,6012,-870,8,25,목
2022-08-25,공항철도 1호선,홍대입구,11411,11749,23160,-338,8,25,목
2022-08-25,8호선,남위례,5787,5950,11737,-163,8,25,목
2022-08-25,8호선,모란,4634,3671,8305,963,8,25,목
2022-08-25,8호선,수진,5613,5195,10808,418,8,25,목
2022-08-25,8호선,신흥,4309,4701,9010,-392,8,25,목
2022-08-25,8호선,단대오거리,10592,10444,21036,148,8,25,목
2022-08-25,8호선,남한산성입구(성남법원.검찰청),13885,12510,26395,1375,8,25,목
2022-08-25,8호선,산성,5524,5629,11153,-105,8,25,목
2022-08-25,경의선,가좌,5832,5510,11342,322,8,25,목
2022-08-25,경의선,디지털미디어시티,2829,2460,5289,369,8,25,목
2022-08-25,경의선,수색,3047,3115,6162,-68,8,25,목
2022-08-25,경의선,운정,7208,6591,13799,617,8,25,목
2022-08-25,6호선,역촌,3911,4443,8354,-532,8,25,목
2022-08-25,공항철도 1호선,디지털미디어시티,15540,14078,29618,1462,8,25,목
2022-08-25,공항철도 1호선,마곡나루(서울식물원),10144,9489,19633,655,8,25,목
2022-08-25,공항철도 1호선,김포공항,11833,6640,18473,5193,8,25,목
2022-08-25,공항철도 1호선,계양,11744,10887,22631,857,8,25,목
2022-08-25,공항철도 1호선,검암,7025,6831,13856,194,8,25,목
2022-08-25,공항철도 1호선,청라국제도시,7472,6982,14454,490,8,25,목
2022-08-25,공항철도 1호선,운서,7903,8009,15912,-106,8,25,목
2022-08-25,공항철도 1호선,공항화물청사,2326,2533,4859,-207,8,25,목
2022-08-25,공항철도 1호선,인천공항1터미널,8836,7617,16453,1219,8,25,목
2022-08-25,공항철도 1호선,인천공항2터미널,3809,3201,7010,608,8,25,목
2022-08-25,공항철도 1호선,영종,3582,3608,7190,-26,8,25,목
2022-08-25,과천선,선바위,8145,7334,15479,811,8,25,목
2022-08-25,과천선,경마공원,1525,1460,2985,65,8,25,목
2022-08-25,과천선,대공원,2778,2889,5667,-111,8,25,목
2022-08-25,과천선,과천,6620,6176,12796,444,8,25,목
2022-08-25,과천선,정부과천청사,11485,11301,22786,184,8,25,목
2022-08-25,과천선,인덕원,24824,25806,50630,-982,8,25,목
2022-08-25,과천선,평촌,18287,18357,36644,-70,8,25,목
2022-08-25,과천선,범계,26350,26243,52593,107,8,25,목
2022-08-25,분당선,선릉,14608,21632,36240,-7024,8,25,목
2022-08-25,분당선,한티,15353,16369,31722,-1016,8,25,목
2022-08-25,분당선,도곡,7651,7131,14782,520,8,25,목
2022-08-25,분당선,구룡,2370,2309,4679,61,8,25,목
2022-08-25,분당선,개포동,4280,4302,8582,-22,8,25,목
2022-08-25,분당선,대모산입구,4968,4646,9614,322,8,25,목
2022-08-25,분당선,수서,14293,14912,29205,-619,8,25,목
2022-08-25,분당선,수원,7927,6791,14718,1136,8,25,목
2022-08-25,분당선,서울숲,11661,12087,23748,-426,8,25,목
2022-08-25,분당선,압구정로데오,20055,22554,42609,-2499,8,25,목
2022-08-25,분당선,강남구청,10278,11832,22110,-1554,8,25,목
2022-08-25,중앙선,용문,3549,3524,7073,25,8,25,목
2022-08-25,중앙선,원덕,358,358,716,0,8,25,목
2022-08-25,중앙선,양평,2974,3038,6012,-64,8,25,목
2022-08-25,중앙선,오빈,341,323,664,18,8,25,목
2022-08-25,중앙선,아신,645,673,1318,-28,8,25,목
2022-08-25,중앙선,국수,822,819,1641,3,8,25,목
2022-08-25,중앙선,신원,245,211,456,34,8,25,목
2022-08-25,중앙선,양수,2045,2023,4068,22,8,25,목
2022-08-25,중앙선,운길산,702,740,1442,-38,8,25,목
2022-08-25,중앙선,팔당,898,918,1816,-20,8,25,목
2022-08-25,중앙선,도심,2601,1959,4560,642,8,25,목
2022-08-25,중앙선,덕소,5633,5632,11265,1,8,25,목
2022-08-25,중앙선,양정,766,661,1427,105,8,25,목
2022-08-25,중앙선,도농,11466,10524,21990,942,8,25,목
2022-08-25,중앙선,구리,13723,13694,27417,29,8,25,목
2022-08-25,중앙선,양원,3279,3097,6376,182,8,25,목
2022-08-25,중앙선,망우,7969,7654,15623,315,8,25,목
2022-08-25,중앙선,상봉(시외버스터미널),5818,5711,11529,107,8,25,목
2022-08-25,중앙선,중랑,5702,5412,11114,290,8,25,목
2022-08-25,중앙선,회기,25074,24384,49458,690,8,25,목
2022-08-25,장항선,신창(순천향대),1219,1234,2453,-15,8,25,목
2022-08-25,장항선,온양온천,3475,3539,7014,-64,8,25,목
2022-08-25,장항선,배방,1036,1006,2042,30,8,25,목
2022-08-25,장항선,탕정,1015,931,1946,84,8,25,목
2022-08-25,장항선,아산,3026,2790,5816,236,8,25,목
2022-08-25,장항선,쌍용(나사렛대),2027,1882,3909,145,8,25,목
2022-08-25,장항선,봉명,1352,1275,2627,77,8,25,목
2022-08-25,일산선,대화,13783,10803,24586,2980,8,25,목
2022-08-25,일산선,주엽,9529,9626,19155,-97,8,25,목
2022-08-25,일산선,정발산,6902,7053,13955,-151,8,25,목
2022-08-25,일산선,마두,7722,7915,15637,-193,8,25,목
2022-08-25,일산선,백석,9929,10014,19943,-85,8,25,목
2022-08-25,경의선,능곡,4026,3633,7659,393,8,25,목
2022-08-25,경의선,화전,1915,1719,3634,196,8,25,목
2022-08-25,경의선,강매,3421,2929,6350,492,8,25,목
2022-08-25,분당선,선정릉,8385,8904,17289,-519,8,25,목
2022-08-25,분당선,가천대,7468,8294,15762,-826,8,25,목
2022-08-25,분당선,태평,13892,13086,26978,806,8,25,목
2022-08-25,분당선,모란,20264,20241,40505,23,8,25,목
2022-08-25,분당선,야탑,26745,27818,54563,-1073,8,25,목
2022-08-25,분당선,서현,25179,25575,50754,-396,8,25,목
2022-08-25,분당선,수내,14399,14354,28753,45,8,25,목
2022-08-25,분당선,정자,19225,20556,39781,-1331,8,25,목
2022-08-25,분당선,미금,15829,16898,32727,-1069,8,25,목
2022-08-25,분당선,오리,12214,9961,22175,2253,8,25,목
2022-08-25,분당선,이매,6029,5584,11613,445,8,25,목
2022-08-25,분당선,보정,2800,2332,5132,468,8,25,목
2022-08-25,분당선,죽전,13152,14645,27797,-1493,8,25,목
2022-08-25,분당선,구성,5358,5583,10941,-225,8,25,목
2022-08-25,분당선,신갈,5028,4906,9934,122,8,25,목
2022-08-25,분당선,기흥,10578,9687,20265,891,8,25,목
2022-08-25,분당선,상갈,5558,5427,10985,131,8,25,목
2022-08-25,분당선,청명,4590,4323,8913,267,8,25,목
2022-08-25,분당선,영통,8477,8653,17130,-176,8,25,목
2022-08-25,분당선,망포,15136,14344,29480,792,8,25,목
2022-08-25,분당선,매탄권선,5273,5053,10326,220,8,25,목
2022-08-25,분당선,수원시청,12987,14119,27106,-1132,8,25,목
2022-08-25,분당선,매교,3905,3843,7748,62,8,25,목
2022-08-25,수인선,고색,4826,4393,9219,433,8,25,목
2022-08-25,수인선,오목천,3183,2912,6095,271,8,25,목
2022-08-25,수인선,어천,1054,1027,2081,27,8,25,목
2022-08-25,수인선,야목,374,277,651,97,8,25,목
2022-08-25,수인선,사리,4811,4171,8982,640,8,25,목
2022-08-25,수인선,달월,102,64,166,38,8,25,목
2022-08-25,수인선,월곶,2997,2789,5786,208,8,25,목
2022-08-25,수인선,소래포구,5235,4806,10041,429,8,25,목
2022-08-25,수인선,인천논현,5435,5719,11154,-284,8,25,목
2022-08-25,수인선,호구포,4201,4422,8623,-221,8,25,목
2022-08-25,수인선,남동인더스파크,2378,2635,5013,-257,8,25,목
2022-08-25,수인선,원인재,4346,4458,8804,-112,8,25,목
2022-08-25,수인선,연수,4448,4423,8871,25,8,25,목
2022-08-25,수인선,송도,2460,2238,4698,222,8,25,목
2022-08-25,수인선,인하대,5740,5458,11198,282,8,25,목
2022-08-25,수인선,숭의,4032,3799,7831,233,8,25,목
2022-08-25,수인선,신포,1812,1828,3640,-16,8,25,목
2022-08-25,수인선,인천,1086,1747,2833,-661,8,25,목
2022-08-25,신림선,샛강,2249,2712,4961,-463,8,25,목
2022-08-25,신림선,대방,2130,1677,3807,453,8,25,목
2022-08-25,신림선,서울지방병무청,2384,2592,4976,-208,8,25,목
2022-08-25,신림선,보라매,3085,2891,5976,194,8,25,목
2022-08-25,신림선,보라매공원,1733,1867,3600,-134,8,25,목
2022-08-25,신림선,보라매병원,6676,7012,13688,-336,8,25,목
2022-08-25,신림선,당곡,3837,3721,7558,116,8,25,목
2022-08-25,신림선,신림,1596,2108,3704,-512,8,25,목
2022-08-25,신림선,서원,2908,2583,5491,325,8,25,목
2022-08-25,신림선,서울대벤처타운,6766,6711,13477,55,8,25,목
2022-08-25,신림선,관악산(서울대),2414,2478,4892,-64,8,25,목
2022-08-25,안산선,산본,16152,17334,33486,-1182,8,25,목
2022-08-25,경의선,행신,8237,8277,16514,-40,8,25,목
2022-08-25,경의선,곡산,649,662,1311,-13,8,25,목
2022-08-25,경의선,백마,7392,6950,14342,442,8,25,목
2022-08-25,경의선,풍산,5951,5573,11524,378,8,25,목
2022-08-25,경의선,일산,9837,9501,19338,336,8,25,목
2022-08-25,경의선,탄현,8136,7729,15865,407,8,25,목
2022-08-25,경의선,야당,8241,8184,16425,57,8,25,목
2022-08-25,8호선,복정,9330,7761,17091,1569,8,25,목
2022-08-25,안산선,대야미,5168,4658,9826,510,8,25,목
2022-08-25,안산선,반월,4338,4230,8568,108,8,25,목
2022-08-25,안산선,상록수,15838,15976,31814,-138,8,25,목
2022-08-25,안산선,한대앞,9000,9098,18098,-98,8,25,목
2022-08-25,안산선,중앙,17963,18673,36636,-710,8,25,목
2022-08-25,안산선,고잔,9164,8710,17874,454,8,25,목
2022-08-25,안산선,초지,4905,4937,9842,-32,8,25,목
2022-08-25,안산선,안산,11515,10398,21913,1117,8,25,목
2022-08-25,안산선,신길온천,1844,1680,3524,164,8,25,목
2022-08-25,안산선,정왕,7779,8040,15819,-261,8,25,목
2022-08-25,안산선,오이도,8286,8138,16424,148,8,25,목
2022-08-25,안산선,수리산,4258,3555,7813,703,8,25,목
2022-08-25,우이신설선,북한산우이,2664,2485,5149,179,8,25,목
2022-08-25,우이신설선,솔밭공원,2616,2498,5114,118,8,25,목
2022-08-25,우이신설선,4.19민주묘지,2856,2691,5547,165,8,25,목
2022-08-25,우이신설선,가오리,4464,4277,8741,187,8,25,목
2022-08-25,우이신설선,화계,3613,3324,6937,289,8,25,목
2022-08-25,우이신설선,삼양,2079,2207,4286,-128,8,25,목
2022-08-25,우이신설선,삼양사거리,2565,2572,5137,-7,8,25,목
2022-08-25,우이신설선,솔샘,6141,5726,11867,415,8,25,목
2022-08-25,우이신설선,북한산보국문,5842,5650,11492,192,8,25,목
2022-08-25,우이신설선,정릉,4804,4301,9105,503,8,25,목
2022-08-25,우이신설선,성신여대입구(돈암),3261,3617,6878,-356,8,25,목
2022-08-25,우이신설선,보문,1578,1585,3163,-7,8,25,목
2022-08-25,우이신설선,신설동,2195,2157,4352,38,8,25,목
2022-08-25,일산선,원흥,11502,10746,22248,756,8,25,목
2022-08-25,일산선,지축,1,0,1,1,8,25,목
2022-08-25,일산선,삼송,20247,19570,39817,677,8,25,목
2022-08-25,일산선,원당,11394,10686,22080,708,8,25,목
2022-08-25,일산선,화정,17020,17377,34397,-357,8,25,목
2022-08-25,일산선,대곡,2223,1800,4023,423,8,25,목
2022-08-25,중앙선,지평,70,78,148,-8,8,25,목
2022-08-25,경부선,명학,9417,9148,18565,269,8,25,목
2022-08-25,경부선,안양,22286,22175,44461,111,8,25,목
2022-08-25,경부선,관악,7390,7006,14396,384,8,25,목
2022-08-25,경부선,석수,9526,8586,18112,940,8,25,목
2022-08-25,경부선,금천구청,11606,11708,23314,-102,8,25,목
2022-08-25,경부선,가산디지털단지,18803,21914,40717,-3111,8,25,목
2022-08-25,경부선,구로,18380,18835,37215,-455,8,25,목
2022-08-25,경부선,신길,9501,8080,17581,1421,8,25,목
2022-08-25,경부선,신도림,4149,4173,8322,-24,8,25,목
2022-08-25,경부선,영등포,38616,39867,78483,-1251,8,25,목
2022-08-25,경부선,대방,11410,12434,23844,-1024,8,25,목
2022-08-25,경부선,노량진,7952,8033,15985,-81,8,25,목
2022-08-25,경부선,용산,36644,37273,73917,-629,8,25,목
2022-08-25,경부선,남영,9885,10162,20047,-277,8,25,목
2022-08-25,경부선,서울역,7844,2453,10297,5391,8,25,목
2022-08-25,경강선,여주,2136,2161,4297,-25,8,25,목
2022-08-25,경강선,세종대왕릉,356,344,700,12,8,25,목
2022-08-25,경강선,부발,2020,1931,3951,89,8,25,목
2022-08-25,경강선,이천,2681,2682,5363,-1,8,25,목
2022-08-25,경강선,신둔도예촌,1553,1461,3014,92,8,25,목
2022-08-25,경강선,곤지암,2157,2175,4332,-18,8,25,목
2022-08-25,경강선,초월,3341,3174,6515,167,8,25,목
2022-08-25,경강선,경기광주,8347,7505,15852,842,8,25,목
2022-08-25,경강선,삼동,2662,2430,5092,232,8,25,목
2022-08-25,경강선,이매,1160,990,2150,170,8,25,목
2022-08-25,경강선,판교,5348,5452,10800,-104,8,25,목
2022-08-25,9호선2~3단계,중앙보훈병원,12020,10545,22565,1475,8,25,목
2022-08-25,9호선2~3단계,둔촌오륜,1175,1153,2328,22,8,25,목
2022-08-25,9호선2~3단계,올림픽공원(한국체대),6520,6624,13144,-104,8,25,목
2022-08-25,9호선2~3단계,한성백제,2756,2424,5180,332,8,25,목
2022-08-25,9호선2~3단계,송파나루,5423,5848,11271,-425,8,25,목
2022-08-25,9호선2~3단계,석촌,9150,8179,17329,971,8,25,목
2022-08-25,9호선2~3단계,석촌고분,6687,6519,13206,168,8,25,목
2022-08-25,9호선2~3단계,삼전,7208,7012,14220,196,8,25,목
2022-08-25,9호선2~3단계,종합운동장,4569,4651,9220,-82,8,25,목
2022-08-25,9호선2~3단계,봉은사,20573,21452,42025,-879,8,25,목
2022-08-25,9호선2~3단계,삼성중앙,7954,8289,16243,-335,8,25,목
2022-08-25,9호선2~3단계,선정릉,10725,11994,22719,-1269,8,25,목
2022-08-25,9호선2~3단계,언주,11357,11666,23023,-309,8,25,목
2022-08-25,9호선,신논현,31376,31078,62454,298,8,25,목
2022-08-25,9호선,사평,3930,3703,7633,227,8,25,목
2022-08-25,9호선,고속터미널,13256,17252,30508,-3996,8,25,목
2022-08-25,9호선,신반포,3847,3861,7708,-14,8,25,목
2022-08-25,9호선,구반포,1208,1185,2393,23,8,25,목
2022-08-25,9호선,동작(현충원),1831,1401,3232,430,8,25,목
2022-08-25,9호선,흑석(중앙대입구),8464,8915,17379,-451,8,25,목
2022-08-25,9호선,노들,4899,4056,8955,843,8,25,목
2022-08-25,9호선,노량진,26163,25610,51773,553,8,25,목
2022-08-25,9호선,샛강,6607,6731,13338,-124,8,25,목
2022-08-25,9호선,여의도,31116,29991,61107,1125,8,25,목
2022-08-25,9호선,국회의사당,17513,18213,35726,-700,8,25,목
2022-08-25,9호선,당산,19593,19880,39473,-287,8,25,목
2022-08-25,9호선,선유도,9168,8727,17895,441,8,25,목
2022-08-25,9호선,신목동,4599,3901,8500,698,8,25,목
2022-08-25,9호선,염창,18116,17505,35621,611,8,25,목
2022-08-25,9호선,등촌,12137,11569,23706,568,8,25,목
2022-08-25,9호선,증미,7907,7630,15537,277,8,25,목
2022-08-25,9호선,가양,22435,21888,44323,547,8,25,목
2022-08-25,9호선,양천향교,10227,10476,20703,-249,8,25,목
2022-08-25,9호선,마곡나루(서울식물원),12869,12700,25569,169,8,25,목
2022-08-25,9호선,신방화,7219,6979,14198,240,8,25,목
2022-08-25,9호선,공항시장,3161,3308,6469,-147,8,25,목
2022-08-25,9호선,김포공항,7672,11031,18703,-3359,8,25,목
2022-08-25,8호선,장지,17557,16685,34242,872,8,25,목
2022-08-25,8호선,문정,22529,23871,46400,-1342,8,25,목
2022-08-25,8호선,가락시장,8004,8848,16852,-844,8,25,목
2022-08-25,8호선,송파,9041,8830,17871,211,8,25,목
2022-08-25,8호선,석촌,7786,8815,16601,-1029,8,25,목
2022-08-25,8호선,잠실(송파구청),14332,16838,31170,-2506,8,25,목
2022-08-25,8호선,몽촌토성(평화의문),6303,6347,12650,-44,8,25,목
2022-08-25,8호선,강동구청,10582,10908,21490,-326,8,25,목
2022-08-25,8호선,천호(풍납토성),14807,17037,31844,-2230,8,25,목
2022-08-25,8호선,암사,19432,17077,36509,2355,8,25,목
2022-08-25,7호선,온수(성공회대입구),10408,9498,19906,910,8,25,목
2022-08-25,7호선,천왕,11956,11371,23327,585,8,25,목
2022-08-25,7호선,광명사거리,21696,21546,43242,150,8,25,목
2022-08-25,7호선,철산,21585,21887,43472,-302,8,25,목
2022-08-25,7호선,가산디지털단지,46335,46541,92876,-206,8,25,목
2022-08-25,7호선,남구로,16052,16858,32910,-806,8,25,목
2022-08-25,7호선,대림(구로구청),7913,7905,15818,8,8,25,목
2022-08-25,7호선,신풍,12078,11402,23480,676,8,25,목
2022-08-25,7호선,보라매,7925,7972,15897,-47,8,25,목
2022-08-25,7호선,신대방삼거리,15365,14675,30040,690,8,25,목
2022-08-25,7호선,장승배기,9479,9456,18935,23,8,25,목
2022-08-25,7호선,상도,11328,10709,22037,619,8,25,목
2022-08-25,7호선,숭실대입구(살피재),12230,12232,24462,-2,8,25,목
2022-08-25,7호선,남성,11585,10597,22182,988,8,25,목
2022-08-25,7호선,이수,16498,15811,32309,687,8,25,목
2022-08-25,7호선,내방,15146,15389,30535,-243,8,25,목
2022-08-25,7호선,고속터미널,15986,13569,29555,2417,8,25,목
2022-08-25,7호선,반포,6194,5934,12128,260,8,25,목
2022-08-25,7호선,논현,19571,20563,40134,-992,8,25,목
2022-08-25,7호선,학동,25155,26805,51960,-1650,8,25,목
2022-08-25,7호선,강남구청,17749,20008,37757,-2259,8,25,목
2022-08-25,7호선,청담,20940,23526,44466,-2586,8,25,목
2022-08-25,7호선,뚝섬유원지,8723,8269,16992,454,8,25,목
2022-08-25,7호선,건대입구,12593,12953,25546,-360,8,25,목
2022-08-25,7호선,어린이대공원(세종대),14510,14594,29104,-84,8,25,목
2022-08-25,7호선,군자(능동),15252,12207,27459,3045,8,25,목
2022-08-25,7호선,중곡,11311,10632,21943,679,8,25,목
2022-08-25,7호선,용마산(용마폭포공원),6151,5973,12124,178,8,25,목
2022-08-25,7호선,사가정,16380,16104,32484,276,8,25,목
2022-08-25,7호선,면목,15381,14878,30259,503,8,25,목
2022-08-25,7호선,상봉(시외버스터미널),17170,16410,33580,760,8,25,목
2022-08-25,7호선,중화,10838,10524,21362,314,8,25,목
2022-08-25,7호선,먹골,10243,10185,20428,58,8,25,목
2022-08-25,7호선,태릉입구,8677,8351,17028,326,8,25,목
2022-08-25,7호선,공릉(서울과학기술대),12232,12129,24361,103,8,25,목
2022-08-25,7호선,하계,17785,16521,34306,1264,8,25,목
2022-08-25,7호선,중계,14982,13504,28486,1478,8,25,목
2022-08-25,7호선,노원,19587,20628,40215,-1041,8,25,목
2022-08-25,7호선,마들,13449,12683,26132,766,8,25,목
2022-08-25,7호선,수락산,12866,12801,25667,65,8,25,목
2022-08-25,7호선,도봉산,9161,10386,19547,-1225,8,25,목
2022-08-25,7호선,장암,2397,944,3341,1453,8,25,목
2022-08-25,6호선,봉화산(서울의료원),9179,8771,17950,408,8,25,목
2022-08-25,6호선,화랑대(서울여대입구),11869,9414,21283,2455,8,25,목
2022-08-25,6호선,태릉입구,5682,6147,11829,-465,8,25,목
2022-08-25,6호선,석계,12364,12831,25195,-467,8,25,목
2022-08-25,6호선,돌곶이,9816,9034,18850,782,8,25,목
2022-08-25,6호선,상월곡(한국과학기술연구원),6963,6355,13318,608,8,25,목
2022-08-25,6호선,월곡(동덕여대),12087,11779,23866,308,8,25,목
2022-08-25,6호선,고려대(종암),8447,8084,16531,363,8,25,목
2022-08-25,6호선,안암(고대병원앞),11201,11250,22451,-49,8,25,목
2022-08-25,6호선,보문,7887,7060,14947,827,8,25,목
2022-08-25,6호선,창신,3700,2995,6695,705,8,25,목
2022-08-25,6호선,동묘앞,7953,8076,16029,-123,8,25,목
2022-08-25,6호선,신당,8958,9394,18352,-436,8,25,목
2022-08-25,6호선,청구,3832,4062,7894,-230,8,25,목
2022-08-25,6호선,약수,3785,3825,7610,-40,8,25,목
2022-08-25,6호선,버티고개,2167,2211,4378,-44,8,25,목
2022-08-25,6호선,한강진,8078,9434,17512,-1356,8,25,목
2022-08-25,6호선,이태원,11435,12675,24110,-1240,8,25,목
2022-08-25,6호선,녹사평(용산구청),5215,5199,10414,16,8,25,목
2022-08-25,6호선,삼각지,7203,5966,13169,1237,8,25,목
2022-08-25,6호선,효창공원앞,7285,6653,13938,632,8,25,목
2022-08-25,6호선,공덕,19549,19004,38553,545,8,25,목
2022-08-25,6호선,대흥(서강대앞),8449,8628,17077,-179,8,25,목
2022-08-25,6호선,광흥창(서강),9740,9456,19196,284,8,25,목
2022-08-25,6호선,상수,8812,10402,19214,-1590,8,25,목
2022-08-25,6호선,합정,13569,13603,27172,-34,8,25,목
2022-08-25,6호선,망원,14336,15540,29876,-1204,8,25,목
2022-08-25,6호선,마포구청,14953,13184,28137,1769,8,25,목
2022-08-25,6호선,월드컵경기장(성산),4476,4865,9341,-389,8,25,목
2022-08-25,6호선,디지털미디어시티,14986,16726,31712,-1740,8,25,목
2022-08-25,6호선,증산(명지대앞),10065,9951,20016,114,8,25,목
2022-08-25,6호선,새절(신사),12742,11711,24453,1031,8,25,목
2022-08-25,6호선,구산,8087,6081,14168,2006,8,25,목
2022-08-25,6호선,연신내,33,0,33,33,8,25,목
2022-08-25,6호선,독바위,2793,2930,5723,-137,8,25,목
2022-08-25,6호선,불광,4359,4219,8578,140,8,25,목
2022-08-25,6호선,응암,17706,17447,35153,259,8,25,목
2022-08-25,5호선,하남검단산,6043,5849,11892,194,8,25,목
2022-08-25,5호선,하남시청(덕풍·신장),7236,6928,14164,308,8,25,목
2022-08-25,5호선,하남풍산,4387,4339,8726,48,8,25,목
2022-08-25,5호선,미사,16958,17103,34061,-145,8,25,목
2022-08-25,5호선,강일,4768,4624,9392,144,8,25,목
2022-08-25,5호선,마천,7542,7211,14753,331,8,25,목
2022-08-25,5호선,거여,10537,10051,20588,486,8,25,목
2022-08-25,5호선,개롱,6877,7090,13967,-213,8,25,목
2022-08-25,5호선,오금,3894,3949,7843,-55,8,25,목
2022-08-25,5호선,방이,7300,7629,14929,-329,8,25,목
2022-08-25,5호선,올림픽공원(한국체대),4676,3973,8649,703,8,25,목
2022-08-25,5호선,둔촌동,8456,8383,16839,73,8,25,목
2022-08-25,5호선,상일동,15504,14194,29698,1310,8,25,목
2022-08-25,5호선,고덕,10230,10104,20334,126,8,25,목
2022-08-25,5호선,명일,8679,9056,17735,-377,8,25,목
2022-08-25,5호선,굽은다리(강동구민회관앞),9690,9324,19014,366,8,25,목
2022-08-25,5호선,길동,8169,8408,16577,-239,8,25,목
2022-08-25,5호선,강동,19066,18454,37520,612,8,25,목
2022-08-25,5호선,천호(풍납토성),18277,18066,36343,211,8,25,목
2022-08-25,5호선,광나루(장신대),13918,12648,26566,1270,8,25,목
2022-08-25,5호선,아차산(어린이대공원후문),14762,14101,28863,661,8,25,목
2022-08-25,5호선,군자(능동),11592,12691,24283,-1099,8,25,목
2022-08-25,5호선,장한평,19578,19288,38866,290,8,25,목
2022-08-25,5호선,답십리,16894,15195,32089,1699,8,25,목
2022-08-25,5호선,마장,5859,5460,11319,399,8,25,목
2022-08-25,5호선,왕십리(성동구청),4579,5284,9863,-705,8,25,목
2022-08-25,5호선,행당,8384,7438,15822,946,8,25,목
2022-08-25,5호선,신금호,6811,7023,13834,-212,8,25,목
2022-08-25,5호선,청구,3988,3654,7642,334,8,25,목
2022-08-25,5호선,동대문역사문화공원(DDP),3209,3694,6903,-485,8,25,목
2022-08-25,5호선,을지로4가,6606,6714,13320,-108,8,25,목
2022-08-25,5호선,종로3가,13540,13459,26999,81,8,25,목
2022-08-25,5호선,광화문(세종문화회관),32551,33825,66376,-1274,8,25,목
2022-08-25,5호선,서대문,20432,20651,41083,-219,8,25,목
2022-08-25,5호선,충정로(경기대입구),4808,4911,9719,-103,8,25,목
2022-08-25,5호선,애오개,7151,7131,14282,20,8,25,목
2022-08-25,5호선,공덕,15040,15924,30964,-884,8,25,목
2022-08-25,5호선,마포,14959,15301,30260,-342,8,25,목
2022-08-25,5호선,여의나루,12006,13680,25686,-1674,8,25,목
2022-08-25,5호선,여의도,30750,32684,63434,-1934,8,25,목
2022-08-25,5호선,신길,4346,4509,8855,-163,8,25,목
2022-08-25,5호선,영등포시장,10532,10908,21440,-376,8,25,목
2022-08-25,5호선,영등포구청,4676,4344,9020,332,8,25,목
2022-08-25,5호선,양평,7761,7702,15463,59,8,25,목
2022-08-25,5호선,오목교(목동운동장앞),21941,23387,45328,-1446,8,25,목
2022-08-25,5호선,목동,17604,18488,36092,-884,8,25,목
2022-08-25,5호선,신정(은행정),14230,11575,25805,2655,8,25,목
2022-08-25,5호선,까치산,29666,28048,57714,1618,8,25,목
2022-08-25,5호선,화곡,29561,27237,56798,2324,8,25,목
2022-08-25,5호선,우장산,15449,15052,30501,397,8,25,목
2022-08-25,5호선,발산,21500,22415,43915,-915,8,25,목
2022-08-25,5호선,마곡,11089,11312,22401,-223,8,25,목
2022-08-25,5호선,송정,6768,6195,12963,573,8,25,목
2022-08-25,5호선,김포공항,7672,7235,14907,437,8,25,목
2022-08-25,5호선,개화산,5863,5510,11373,353,8,25,목
2022-08-25,5호선,방화,6923,6580,13503,343,8,25,목
2022-08-25,4호선,남태령,1538,1227,2765,311,8,25,목
2022-08-25,4호선,사당,26110,21905,48015,4205,8,25,목
2022-08-25,4호선,총신대입구(이수),19282,21018,40300,-1736,8,25,목
2022-08-25,4호선,동작(현충원),1330,1395,2725,-65,8,25,목
2022-08-25,4호선,이촌(국립중앙박물관),9386,10360,19746,-974,8,25,목
2022-08-25,4호선,신용산,18366,19459,37825,-1093,8,25,목
2022-08-25,4호선,삼각지,5829,6466,12295,-637,8,25,목
2022-08-25,4호선,숙대입구(갈월),13850,13451,27301,399,8,25,목
2022-08-25,4호선,서울역,12313,19001,31314,-6688,8,25,목
2022-08-25,4호선,회현(남대문시장),25017,26194,51211,-1177,8,25,목
2022-08-25,4호선,명동,21145,22047,43192,-902,8,25,목
2022-08-25,4호선,충무로,28523,29650,58173,-1127,8,25,목
2022-08-25,4호선,동대문역사문화공원(DDP),16498,14789,31287,1709,8,25,목
2022-08-25,4호선,동대문,20039,20431,40470,-392,8,25,목
2022-08-25,4호선,혜화,34673,35084,69757,-411,8,25,목
2022-08-25,4호선,한성대입구(삼선교),13512,12819,26331,693,8,25,목
2022-08-25,4호선,성신여대입구(돈암),19918,19371,39289,547,8,25,목
2022-08-25,4호선,길음,20878,20431,41309,447,8,25,목
2022-08-25,4호선,미아사거리,27285,26808,54093,477,8,25,목
2022-08-25,4호선,미아(서울사이버대학),15263,14719,29982,544,8,25,목
2022-08-25,4호선,수유(강북구청),33660,33866,67526,-206,8,25,목
2022-08-25,4호선,쌍문,29021,27291,56312,1730,8,25,목
2022-08-25,4호선,창동,25416,26851,52267,-1435,8,25,목
2022-08-25,4호선,노원,18403,21011,39414,-2608,8,25,목
2022-08-25,4호선,상계,19500,18390,37890,1110,8,25,목
2022-08-25,4호선,당고개,9238,8113,17351,1125,8,25,목
2022-08-25,3호선,오금,6467,5730,12197,737,8,25,목
2022-08-25,3호선,경찰병원,7647,7630,15277,17,8,25,목
2022-08-25,3호선,가락시장,9410,9298,18708,112,8,25,목
2022-08-25,3호선,수서,17805,17998,35803,-193,8,25,목
2022-08-25,3호선,일원,11342,10772,22114,570,8,25,목
2022-08-25,3호선,대청,10897,10053,20950,844,8,25,목
2022-08-25,3호선,학여울,4009,4195,8204,-186,8,25,목
2022-08-25,3호선,대치,11687,11769,23456,-82,8,25,목
2022-08-25,3호선,도곡,5273,5607,10880,-334,8,25,목
2022-08-25,3호선,매봉,12898,12423,25321,475,8,25,목
2022-08-25,3호선,양재(서초구청),39550,42918,82468,-3368,8,25,목
2022-08-25,3호선,남부터미널(예술의전당),29346,29697,59043,-351,8,25,목
2022-08-25,3호선,교대(법원.검찰청),15626,10065,25691,5561,8,25,목
2022-08-25,3호선,고속터미널,42391,40860,83251,1531,8,25,목
2022-08-25,3호선,잠원,5149,5030,10179,119,8,25,목
2022-08-25,3호선,신사,29336,31225,60561,-1889,8,25,목
2022-08-25,3호선,압구정,32493,35391,67884,-2898,8,25,목
2022-08-25,3호선,옥수,9278,9461,18739,-183,8,25,목
2022-08-25,3호선,금호,8133,7527,15660,606,8,25,목
2022-08-25,3호선,약수,13605,13003,26608,602,8,25,목
2022-08-25,3호선,동대입구,8950,10029,18979,-1079,8,25,목
2022-08-25,3호선,충무로,2,0,2,2,8,25,목
2022-08-25,3호선,을지로3가,11282,11279,22561,3,8,25,목
2022-08-25,3호선,종로3가,10532,12332,22864,-1800,8,25,목
2022-08-25,3호선,안국,23208,24079,47287,-871,8,25,목
2022-08-25,3호선,경복궁(정부서울청사),21126,21251,42377,-125,8,25,목
2022-08-25,3호선,독립문,7157,7261,14418,-104,8,25,목
2022-08-25,3호선,무악재,4136,4071,8207,65,8,25,목
2022-08-25,3호선,홍제,17764,16745,34509,1019,8,25,목
2022-08-25,3호선,녹번,15880,14195,30075,1685,8,25,목
2022-08-25,3호선,불광,16430,17561,33991,-1131,8,25,목
2022-08-25,3호선,연신내,36923,34579,71502,2344,8,25,목
2022-08-25,3호선,구파발,21392,20636,42028,756,8,25,목
2022-08-25,3호선,지축,5545,5363,10908,182,8,25,목
2022-08-25,2호선,용두(동대문구청),2496,2521,5017,-25,8,25,목
2022-08-25,2호선,신정네거리,10468,10723,21191,-255,8,25,목
2022-08-25,2호선,양천구청,7054,7187,14241,-133,8,25,목
2022-08-25,2호선,도림천,1477,1545,3022,-68,8,25,목
2022-08-25,2호선,신설동,3312,3219,6531,93,8,25,목
2022-08-25,2호선,신답,1807,1979,3786,-172,8,25,목
2022-08-25,2호선,용답,2804,2702,5506,102,8,25,목
2022-08-25,2호선,충정로(경기대입구),10666,11261,21927,-595,8,25,목
2022-08-25,2호선,아현,10957,10206,21163,751,8,25,목
2022-08-25,2호선,이대,14000,14898,28898,-898,8,25,목
2022-08-25,2호선,신촌,35486,36348,71834,-862,8,25,목
2022-08-25,2호선,홍대입구,58512,63736,122248,-5224,8,25,목
2022-08-25,2호선,합정,32596,35367,67963,-2771,8,25,목
2022-08-25,2호선,당산,18717,22116,40833,-3399,8,25,목
2022-08-25,2호선,영등포구청,22374,23550,45924,-1176,8,25,목
2022-08-25,2호선,문래,23213,23828,47041,-615,8,25,목
2022-08-25,2호선,신도림,49205,48400,97605,805,8,25,목
2022-08-25,2호선,대림(구로구청),24305,24860,49165,-555,8,25,목
2022-08-25,2호선,구로디지털단지,61256,61542,122798,-286,8,25,목
2022-08-25,2호선,신대방,25744,25020,50764,724,8,25,목
2022-08-25,2호선,신림,58907,56224,115131,2683,8,25,목
2022-08-25,2호선,봉천,25210,23378,48588,1832,8,25,목
2022-08-25,2호선,서울대입구(관악구청),47577,46363,93940,1214,8,25,목
2022-08-25,2호선,낙성대(강감찬),28307,27318,55625,989,8,25,목
2022-08-25,2호선,사당,39319,43095,82414,-3776,8,25,목
2022-08-25,2호선,방배,17046,17481,34527,-435,8,25,목
2022-08-25,2호선,서초,23197,22132,45329,1065,8,25,목
2022-08-25,2호선,교대(법원.검찰청),36523,41295,77818,-4772,8,25,목
2022-08-25,2호선,강남,85823,83087,168910,2736,8,25,목
2022-08-25,2호선,역삼,56182,63968,120150,-7786,8,25,목
2022-08-25,2호선,선릉,61205,54507,115712,6698,8,25,목
2022-08-25,2호선,삼성(무역센터),60396,60649,121045,-253,8,25,목
2022-08-25,2호선,종합운동장,16234,17727,33961,-1493,8,25,목
2022-08-25,2호선,잠실새내,22761,22804,45565,-43,8,25,목
2022-08-25,2호선,잠실(송파구청),72055,71696,143751,359,8,25,목
2022-08-25,2호선,잠실나루,15347,15129,30476,218,8,25,목
2022-08-25,2호선,강변(동서울터미널),31989,30873,62862,1116,8,25,목
2022-08-25,2호선,구의(광진구청),24538,23876,48414,662,8,25,목
2022-08-25,2호선,건대입구,34355,37238,71593,-2883,8,25,목
2022-08-25,2호선,성수,39158,43264,82422,-4106,8,25,목
2022-08-25,2호선,뚝섬,23584,25625,49209,-2041,8,25,목
2022-08-25,2호선,한양대,7075,7652,14727,-577,8,25,목
2022-08-25,2호선,왕십리(성동구청),16386,13772,30158,2614,8,25,목
2022-08-25,2호선,상왕십리,14676,14221,28897,455,8,25,목
2022-08-25,2호선,신당,14498,14666,29164,-168,8,25,목
2022-08-25,2호선,동대문역사문화공원(DDP),13949,15748,29697,-1799,8,25,목
2022-08-25,2호선,을지로4가,14091,14372,28463,-281,8,25,목
2022-08-25,2호선,을지로3가,24947,25173,50120,-226,8,25,목
2022-08-25,2호선,을지로입구,43888,45477,89365,-1589,8,25,목
2022-08-25,2호선,시청,24956,24296,49252,660,8,25,목
2022-08-25,1호선,동묘앞,7317,7621,14938,-304,8,25,목
2022-08-25,1호선,청량리(서울시립대입구),20237,20166,40403,71,8,25,목
2022-08-25,1호선,제기동,17609,18041,35650,-432,8,25,목
2022-08-25,1호선,신설동,13961,13553,27514,408,8,25,목
2022-08-25,1호선,동대문,10776,10253,21029,523,8,25,목
2022-08-25,1호선,종로5가,23346,23382,46728,-36,8,25,목
2022-08-25,1호선,종로3가,25890,23997,49887,1893,8,25,목
2022-08-25,1호선,종각,38514,37819,76333,695,8,25,목
2022-08-25,1호선,시청,24614,24853,49467,-239,8,25,목
2022-08-25,1호선,서울역,48513,46600,95113,1913,8,25,목
2022-08-25,경부선,의왕,8948,8997,17945,-49,8,25,목
2022-08-25,경부선,성균관대,14605,14356,28961,249,8,25,목
2022-08-25,경부선,화서,8610,8193,16803,417,8,25,목
2022-08-25,경부선,수원,33074,35203,68277,-2129,8,25,목
2022-08-25,경부선,독산,19290,19838,39128,-548,8,25,목
2022-08-25,경부선,세류,3122,2858,5980,264,8,25,목
2022-08-25,경부선,병점,14446,14156,28602,290,8,25,목
2022-08-25,경부선,세마,2974,2885,5859,89,8,25,목
2022-08-25,경부선,오산대,3558,3333,6891,225,8,25,목
2022-08-25,경부선,오산,9440,9369,18809,71,8,25,목
2022-08-25,경부선,진위,1769,1557,3326,212,8,25,목
2022-08-25,경부선,송탄,4245,4110,8355,135,8,25,목
2022-08-25,경부선,서정리,7142,6532,13674,610,8,25,목
2022-08-25,경부선,평택지제,3746,3753,7499,-7,8,25,목
2022-08-25,경부선,평택,10997,10954,21951,43,8,25,목
2022-08-25,경부선,성환,3288,3212,6500,76,8,25,목
2022-08-25,경부선,직산,827,818,1645,9,8,25,목
2022-08-25,경부선,두정,5560,5640,11200,-80,8,25,목
2022-08-25,경부선,천안,5018,5305,10323,-287,8,25,목
2022-08-25,경부선,당정,6383,6035,12418,348,8,25,목
2022-08-25,경부선,서동탄,1491,1313,2804,178,8,25,목
2022-08-25,경부선,광명,3493,3082,6575,411,8,25,목
2022-08-25,경원선,이촌(국립중앙박물관),4002,3119,7121,883,8,25,목
2022-08-25,경원선,서빙고,2187,2050,4237,137,8,25,목
2022-08-25,경원선,한남,4325,4078,8403,247,8,25,목
2022-08-25,경원선,옥수,47,27,74,20,8,25,목
2022-08-25,경원선,응봉,2032,1664,3696,368,8,25,목
2022-08-25,경원선,왕십리(성동구청),14792,16401,31193,-1609,8,25,목
2022-08-25,경원선,청량리(서울시립대입구),15746,16457,32203,-711,8,25,목
2022-08-25,경원선,외대앞,7690,7594,15284,96,8,25,목
2022-08-25,경원선,신이문,8658,7998,16656,660,8,25,목
2022-08-25,경원선,석계,8132,9249,17381,-1117,8,25,목
2022-08-25,경원선,광운대,7612,7189,14801,423,8,25,목
2022-08-25,경원선,월계,6751,6374,13125,377,8,25,목
2022-08-25,경원선,녹천,4835,3973,8808,862,8,25,목
2022-08-25,경원선,방학,10133,9747,19880,386,8,25,목
2022-08-26,중앙선,아신,699,700,1399,-1,8,26,금
2022-08-26,중앙선,양평,3309,3451,6760,-142,8,26,금
2022-08-26,중앙선,원덕,345,352,697,-7,8,26,금
2022-08-26,중앙선,용문,2085,2282,4367,-197,8,26,금
2022-08-26,중앙선,지평,89,97,186,-8,8,26,금
2022-08-26,안산선,산본,17335,18957,36292,-1622,8,26,금
2022-08-26,신림선,관악산(서울대),2941,2842,5783,99,8,26,금
2022-08-26,신림선,서울대벤처타운,7328,7015,14343,313,8,26,금
2022-08-26,신림선,서원,3134,2523,5657,611,8,26,금
2022-08-26,신림선,신림,1655,2249,3904,-594,8,26,금
2022-08-26,신림선,당곡,4028,3842,7870,186,8,26,금
2022-08-26,신림선,보라매병원,6351,6525,12876,-174,8,26,금
2022-08-26,신림선,보라매공원,1968,2049,4017,-81,8,26,금
2022-08-26,신림선,보라매,3180,2763,5943,417,8,26,금
2022-08-26,신림선,서울지방병무청,2381,2475,4856,-94,8,26,금
2022-08-26,신림선,대방,2279,1787,4066,492,8,26,금
2022-08-26,1호선,서울역,54837,53283,108120,1554,8,26,금
2022-08-26,1호선,시청,25120,25756,50876,-636,8,26,금
2022-08-26,1호선,종각,38864,38778,77642,86,8,26,금
2022-08-26,1호선,종로3가,28480,26427,54907,2053,8,26,금
2022-08-26,1호선,종로5가,24816,25236,50052,-420,8,26,금
2022-08-26,1호선,동대문,11446,10129,21575,1317,8,26,금
2022-08-26,1호선,신설동,15046,14254,29300,792,8,26,금
2022-08-26,1호선,제기동,19605,19885,39490,-280,8,26,금
2022-08-26,1호선,청량리(서울시립대입구),21929,22236,44165,-307,8,26,금
2022-08-26,1호선,동묘앞,9030,9309,18339,-279,8,26,금
2022-08-26,2호선,시청,25795,24738,50533,1057,8,26,금
2022-08-26,2호선,을지로입구,44942,46304,91246,-1362,8,26,금
2022-08-26,2호선,을지로3가,25348,26183,51531,-835,8,26,금
2022-08-26,2호선,을지로4가,14887,14728,29615,159,8,26,금
2022-08-26,2호선,동대문역사문화공원(DDP),13734,14733,28467,-999,8,26,금
2022-08-26,2호선,신당,15325,15663,30988,-338,8,26,금
2022-08-26,2호선,상왕십리,15513,14647,30160,866,8,26,금
2022-08-26,2호선,왕십리(성동구청),17728,15357,33085,2371,8,26,금
2022-08-26,2호선,한양대,8446,9012,17458,-566,8,26,금
2022-08-26,2호선,뚝섬,24116,25998,50114,-1882,8,26,금
2022-08-26,2호선,성수,40201,44897,85098,-4696,8,26,금
2022-08-26,2호선,건대입구,37904,42338,80242,-4434,8,26,금
2022-08-26,2호선,구의(광진구청),25377,24560,49937,817,8,26,금
2022-08-26,2호선,강변(동서울터미널),35294,35607,70901,-313,8,26,금
2022-08-26,2호선,잠실나루,15607,14986,30593,621,8,26,금
2022-08-26,2호선,잠실(송파구청),75903,75617,151520,286,8,26,금
2022-08-26,2호선,잠실새내,24607,25007,49614,-400,8,26,금
2022-08-26,2호선,종합운동장,16451,18914,35365,-2463,8,26,금
2022-08-26,2호선,삼성(무역센터),58862,59058,117920,-196,8,26,금
2022-08-26,2호선,선릉,60712,54091,114803,6621,8,26,금
2022-08-26,2호선,역삼,54568,61670,116238,-7102,8,26,금
2022-08-26,2호선,강남,89847,88744,178591,1103,8,26,금
2022-08-26,2호선,교대(법원.검찰청),37135,42193,79328,-5058,8,26,금
2022-08-26,2호선,서초,23635,22447,46082,1188,8,26,금
2022-08-26,2호선,방배,17115,17569,34684,-454,8,26,금
2022-08-26,2호선,사당,42148,46251,88399,-4103,8,26,금
2022-08-26,2호선,낙성대(강감찬),29880,27885,57765,1995,8,26,금
2022-08-26,2호선,서울대입구(관악구청),51232,49170,100402,2062,8,26,금
2022-08-26,2호선,봉천,25776,23507,49283,2269,8,26,금
2022-08-26,2호선,신림,62159,59762,121921,2397,8,26,금
2022-08-26,2호선,신대방,27149,25707,52856,1442,8,26,금
2022-08-26,2호선,구로디지털단지,62738,62417,125155,321,8,26,금
2022-08-26,2호선,대림(구로구청),25404,25772,51176,-368,8,26,금
2022-08-26,2호선,신도림,50904,50874,101778,30,8,26,금
2022-08-26,2호선,문래,23641,24675,48316,-1034,8,26,금
2022-08-26,2호선,영등포구청,23057,23932,46989,-875,8,26,금
2022-08-26,2호선,당산,19668,22812,42480,-3144,8,26,금
2022-08-26,2호선,합정,35066,39187,74253,-4121,8,26,금
2022-08-26,2호선,홍대입구,64227,73313,137540,-9086,8,26,금
2022-08-26,2호선,신촌,39816,40881,80697,-1065,8,26,금
2022-08-26,2호선,이대,15725,17018,32743,-1293,8,26,금
2022-08-26,2호선,아현,11643,10725,22368,918,8,26,금
2022-08-26,2호선,충정로(경기대입구),10619,11357,21976,-738,8,26,금
2022-08-26,2호선,용답,3076,2864,5940,212,8,26,금
2022-08-26,2호선,신답,1828,1946,3774,-118,8,26,금
2022-08-26,2호선,신설동,3779,3707,7486,72,8,26,금
2022-08-26,2호선,도림천,1416,1455,2871,-39,8,26,금
2022-08-26,2호선,양천구청,7293,7330,14623,-37,8,26,금
2022-08-26,2호선,신정네거리,11008,11127,22135,-119,8,26,금
2022-08-26,2호선,용두(동대문구청),2728,2706,5434,22,8,26,금
2022-08-26,3호선,지축,5648,5485,11133,163,8,26,금
2022-08-26,3호선,구파발,22270,21149,43419,1121,8,26,금
2022-08-26,3호선,연신내,38571,36544,75115,2027,8,26,금
2022-08-26,3호선,불광,16905,17812,34717,-907,8,26,금
2022-08-26,3호선,녹번,16502,14583,31085,1919,8,26,금
2022-08-26,3호선,홍제,18367,17216,35583,1151,8,26,금
2022-08-26,3호선,무악재,4043,4001,8044,42,8,26,금
2022-08-26,3호선,독립문,7813,7667,15480,146,8,26,금
2022-08-26,3호선,경복궁(정부서울청사),23294,23499,46793,-205,8,26,금
2022-08-26,3호선,안국,24598,25255,49853,-657,8,26,금
2022-08-26,3호선,종로3가,10846,13146,23992,-2300,8,26,금
2022-08-26,3호선,을지로3가,11635,11963,23598,-328,8,26,금
2022-08-26,3호선,충무로,1,0,1,1,8,26,금
2022-08-26,3호선,동대입구,8797,9717,18514,-920,8,26,금
2022-08-26,3호선,약수,14244,13573,27817,671,8,26,금
2022-08-26,3호선,금호,8425,7714,16139,711,8,26,금
2022-08-26,3호선,옥수,9865,10058,19923,-193,8,26,금
2022-08-26,3호선,압구정,36057,39064,75121,-3007,8,26,금
2022-08-26,3호선,신사,32178,35043,67221,-2865,8,26,금
2022-08-26,3호선,잠원,5553,5220,10773,333,8,26,금
2022-08-26,3호선,고속터미널,60016,56709,116725,3307,8,26,금
2022-08-26,3호선,교대(법원.검찰청),16409,10648,27057,5761,8,26,금
2022-08-26,3호선,남부터미널(예술의전당),32506,33243,65749,-737,8,26,금
2022-08-26,3호선,양재(서초구청),41232,44000,85232,-2768,8,26,금
2022-08-26,3호선,매봉,13273,12653,25926,620,8,26,금
2022-08-26,3호선,도곡,5538,5853,11391,-315,8,26,금
2022-08-26,3호선,대치,12335,12435,24770,-100,8,26,금
2022-08-26,3호선,학여울,3868,4170,8038,-302,8,26,금
2022-08-26,3호선,대청,11436,10476,21912,960,8,26,금
2022-08-26,3호선,일원,11744,10932,22676,812,8,26,금
2022-08-26,3호선,수서,19921,20037,39958,-116,8,26,금
2022-08-26,3호선,가락시장,9924,9726,19650,198,8,26,금
2022-08-26,3호선,경찰병원,7877,7747,15624,130,8,26,금
2022-08-26,3호선,오금,6722,5969,12691,753,8,26,금
2022-08-26,4호선,당고개,9570,8403,17973,1167,8,26,금
2022-08-26,4호선,상계,20170,18928,39098,1242,8,26,금
2022-08-26,4호선,노원,19887,23274,43161,-3387,8,26,금
2022-08-26,4호선,창동,27755,29441,57196,-1686,8,26,금
2022-08-26,4호선,쌍문,30275,28077,58352,2198,8,26,금
2022-08-26,4호선,수유(강북구청),35600,36244,71844,-644,8,26,금
2022-08-26,4호선,미아(서울사이버대학),15867,15081,30948,786,8,26,금
2022-08-26,4호선,미아사거리,29160,28434,57594,726,8,26,금
2022-08-26,4호선,길음,21710,20944,42654,766,8,26,금
2022-08-26,4호선,성신여대입구(돈암),21397,20798,42195,599,8,26,금
2022-08-26,4호선,한성대입구(삼선교),13864,13071,26935,793,8,26,금
2022-08-26,4호선,혜화,36361,36380,72741,-19,8,26,금
2022-08-26,4호선,동대문,20792,20746,41538,46,8,26,금
2022-08-26,4호선,동대문역사문화공원(DDP),16291,13894,30185,2397,8,26,금
2022-08-26,4호선,충무로,27766,29851,57617,-2085,8,26,금
2022-08-26,4호선,명동,22427,23828,46255,-1401,8,26,금
2022-08-26,4호선,회현(남대문시장),25844,26926,52770,-1082,8,26,금
2022-08-26,4호선,서울역,12535,21396,33931,-8861,8,26,금
2022-08-26,4호선,숙대입구(갈월),14670,14261,28931,409,8,26,금
2022-08-26,4호선,삼각지,6102,7052,13154,-950,8,26,금
2022-08-26,4호선,신용산,19207,20475,39682,-1268,8,26,금
2022-08-26,4호선,이촌(국립중앙박물관),10065,11196,21261,-1131,8,26,금
2022-08-26,4호선,동작(현충원),1832,1996,3828,-164,8,26,금
2022-08-26,4호선,총신대입구(이수),20834,22657,43491,-1823,8,26,금
2022-08-26,4호선,사당,28168,23721,51889,4447,8,26,금
2022-08-26,4호선,남태령,1540,1157,2697,383,8,26,금
2022-08-26,5호선,방화,7134,6759,13893,375,8,26,금
2022-08-26,5호선,개화산,5978,5617,11595,361,8,26,금
2022-08-26,5호선,김포공항,8753,8162,16915,591,8,26,금
2022-08-26,5호선,송정,6940,6370,13310,570,8,26,금
2022-08-26,5호선,마곡,11246,11319,22565,-73,8,26,금
2022-08-26,5호선,발산,21420,22745,44165,-1325,8,26,금
2022-08-26,5호선,우장산,15890,15342,31232,548,8,26,금
2022-08-26,5호선,화곡,31009,28046,59055,2963,8,26,금
2022-08-26,5호선,까치산,30825,28768,59593,2057,8,26,금
2022-08-26,5호선,신정(은행정),14689,11793,26482,2896,8,26,금
2022-08-26,5호선,목동,18254,19178,37432,-924,8,26,금
2022-08-26,5호선,오목교(목동운동장앞),23490,25394,48884,-1904,8,26,금
2022-08-26,5호선,양평,8043,7592,15635,451,8,26,금
2022-08-26,5호선,영등포구청,4431,4361,8792,70,8,26,금
2022-08-26,5호선,영등포시장,11117,11471,22588,-354,8,26,금
2022-08-26,5호선,신길,4527,4632,9159,-105,8,26,금
2022-08-26,5호선,여의도,29842,32654,62496,-2812,8,26,금
2022-08-26,5호선,여의나루,16064,16942,33006,-878,8,26,금
2022-08-26,5호선,마포,15034,15664,30698,-630,8,26,금
2022-08-26,5호선,공덕,15460,16356,31816,-896,8,26,금
2022-08-26,5호선,애오개,7283,7005,14288,278,8,26,금
2022-08-26,5호선,충정로(경기대입구),4740,4761,9501,-21,8,26,금
2022-08-26,5호선,서대문,20254,20230,40484,24,8,26,금
2022-08-26,5호선,광화문(세종문화회관),33471,34770,68241,-1299,8,26,금
2022-08-26,5호선,종로3가,14476,15079,29555,-603,8,26,금
2022-08-26,5호선,을지로4가,6731,7109,13840,-378,8,26,금
2022-08-26,5호선,동대문역사문화공원(DDP),3085,3766,6851,-681,8,26,금
2022-08-26,5호선,청구,4120,3861,7981,259,8,26,금
2022-08-26,5호선,신금호,6927,7022,13949,-95,8,26,금
2022-08-26,5호선,행당,8764,7598,16362,1166,8,26,금
2022-08-26,5호선,왕십리(성동구청),4742,5599,10341,-857,8,26,금
2022-08-26,5호선,마장,6121,5598,11719,523,8,26,금
2022-08-26,5호선,답십리,17605,15752,33357,1853,8,26,금
2022-08-26,5호선,장한평,19944,19524,39468,420,8,26,금
2022-08-26,5호선,군자(능동),11916,13172,25088,-1256,8,26,금
2022-08-26,5호선,아차산(어린이대공원후문),15724,15029,30753,695,8,26,금
2022-08-26,5호선,광나루(장신대),15545,14460,30005,1085,8,26,금
2022-08-26,5호선,천호(풍납토성),19958,20112,40070,-154,8,26,금
2022-08-26,5호선,강동,19712,18613,38325,1099,8,26,금
2022-08-26,5호선,길동,8622,8944,17566,-322,8,26,금
2022-08-26,5호선,굽은다리(강동구민회관앞),10242,9600,19842,642,8,26,금
2022-08-26,5호선,명일,9339,9540,18879,-201,8,26,금
2022-08-26,5호선,고덕,10737,10502,21239,235,8,26,금
2022-08-26,5호선,상일동,16227,14770,30997,1457,8,26,금
2022-08-26,5호선,둔촌동,8593,8620,17213,-27,8,26,금
2022-08-26,5호선,올림픽공원(한국체대),4852,4086,8938,766,8,26,금
2022-08-26,5호선,방이,7555,7814,15369,-259,8,26,금
2022-08-26,5호선,오금,3896,3960,7856,-64,8,26,금
2022-08-26,5호선,개롱,7081,7227,14308,-146,8,26,금
2022-08-26,5호선,거여,10813,10181,20994,632,8,26,금
2022-08-26,5호선,마천,7842,7378,15220,464,8,26,금
2022-08-26,5호선,강일,5048,4795,9843,253,8,26,금
2022-08-26,5호선,미사,17574,17750,35324,-176,8,26,금
2022-08-26,5호선,하남풍산,4606,4350,8956,256,8,26,금
2022-08-26,5호선,하남시청(덕풍·신장),7646,7306,14952,340,8,26,금
2022-08-26,5호선,하남검단산,6351,6022,12373,329,8,26,금
2022-08-26,6호선,응암,18314,17897,36211,417,8,26,금
2022-08-26,6호선,역촌,3953,4586,8539,-633,8,26,금
2022-08-26,6호선,불광,4667,4656,9323,11,8,26,금
2022-08-26,6호선,독바위,2902,2974,5876,-72,8,26,금
2022-08-26,6호선,구산,8418,6215,14633,2203,8,26,금
2022-08-26,6호선,새절(신사),13374,12096,25470,1278,8,26,금
2022-08-26,6호선,증산(명지대앞),10506,10225,20731,281,8,26,금
2022-08-26,6호선,디지털미디어시티,15024,16498,31522,-1474,8,26,금
2022-08-26,6호선,월드컵경기장(성산),5183,5495,10678,-312,8,26,금
2022-08-26,6호선,마포구청,15486,13607,29093,1879,8,26,금
2022-08-26,6호선,망원,15785,17016,32801,-1231,8,26,금
2022-08-26,6호선,합정,14883,15215,30098,-332,8,26,금
2022-08-26,6호선,상수,9799,12008,21807,-2209,8,26,금
2022-08-26,6호선,광흥창(서강),9837,9262,19099,575,8,26,금
2022-08-26,6호선,대흥(서강대앞),9400,9478,18878,-78,8,26,금
2022-08-26,6호선,공덕,20318,19815,40133,503,8,26,금
2022-08-26,6호선,효창공원앞,7667,6811,14478,856,8,26,금
2022-08-26,6호선,삼각지,7955,6366,14321,1589,8,26,금
2022-08-26,6호선,녹사평(용산구청),6376,7049,13425,-673,8,26,금
2022-08-26,6호선,이태원,14145,19976,34121,-5831,8,26,금
2022-08-26,6호선,한강진,8891,10632,19523,-1741,8,26,금
2022-08-26,6호선,버티고개,2246,2266,4512,-20,8,26,금
2022-08-26,6호선,약수,3912,3929,7841,-17,8,26,금
2022-08-26,6호선,청구,4000,4033,8033,-33,8,26,금
2022-08-26,6호선,신당,9200,8576,17776,624,8,26,금
2022-08-26,6호선,동묘앞,8547,8220,16767,327,8,26,금
2022-08-26,6호선,창신,3748,3023,6771,725,8,26,금
2022-08-26,6호선,보문,8351,7600,15951,751,8,26,금
2022-08-26,6호선,안암(고대병원앞),11537,11352,22889,185,8,26,금
2022-08-26,6호선,고려대(종암),8694,8273,16967,421,8,26,금
2022-08-26,6호선,월곡(동덕여대),12420,12045,24465,375,8,26,금
2022-08-26,6호선,상월곡(한국과학기술연구원),6483,5650,12133,833,8,26,금
2022-08-26,6호선,돌곶이,10119,9198,19317,921,8,26,금
2022-08-26,6호선,석계,12864,13122,25986,-258,8,26,금
2022-08-26,6호선,태릉입구,5915,6343,12258,-428,8,26,금
2022-08-26,6호선,화랑대(서울여대입구),11967,9175,21142,2792,8,26,금
2022-08-26,6호선,봉화산(서울의료원),9338,8761,18099,577,8,26,금
2022-08-26,6호선,신내,3,0,3,3,8,26,금
2022-08-26,7호선,장암,2526,1046,3572,1480,8,26,금
2022-08-26,7호선,도봉산,9252,10703,19955,-1451,8,26,금
2022-08-26,7호선,수락산,13476,13419,26895,57,8,26,금
2022-08-26,7호선,마들,14094,12956,27050,1138,8,26,금
2022-08-26,7호선,노원,21733,23387,45120,-1654,8,26,금
2022-08-26,7호선,중계,15608,13692,29300,1916,8,26,금
2022-08-26,7호선,하계,18559,17235,35794,1324,8,26,금
2022-08-26,7호선,공릉(서울과학기술대),12646,12113,24759,533,8,26,금
2022-08-26,7호선,태릉입구,9087,8626,17713,461,8,26,금
2022-08-26,7호선,먹골,10897,10499,21396,398,8,26,금
2022-08-26,7호선,중화,11308,10911,22219,397,8,26,금
2022-08-26,7호선,상봉(시외버스터미널),18111,17528,35639,583,8,26,금
2022-08-26,7호선,면목,15812,15230,31042,582,8,26,금
2022-08-26,7호선,사가정,17001,16663,33664,338,8,26,금
2022-08-26,7호선,용마산(용마폭포공원),6491,6220,12711,271,8,26,금
2022-08-26,7호선,중곡,11871,10822,22693,1049,8,26,금
2022-08-26,7호선,군자(능동),16122,12693,28815,3429,8,26,금
2022-08-26,7호선,어린이대공원(세종대),13949,13835,27784,114,8,26,금
2022-08-26,7호선,건대입구,13077,13939,27016,-862,8,26,금
2022-08-26,7호선,뚝섬유원지,10973,10483,21456,490,8,26,금
2022-08-26,7호선,청담,20916,23479,44395,-2563,8,26,금
2022-08-26,7호선,강남구청,17971,20080,38051,-2109,8,26,금
2022-08-26,7호선,학동,24615,26265,50880,-1650,8,26,금
2022-08-26,7호선,논현,20337,21659,41996,-1322,8,26,금
2022-08-26,7호선,반포,6794,7390,14184,-596,8,26,금
2022-08-26,7호선,고속터미널,19240,15963,35203,3277,8,26,금
2022-08-26,7호선,내방,15459,15754,31213,-295,8,26,금
2022-08-26,7호선,이수,17144,16640,33784,504,8,26,금
2022-08-26,7호선,남성,11963,10830,22793,1133,8,26,금
2022-08-26,7호선,숭실대입구(살피재),12832,12752,25584,80,8,26,금
2022-08-26,7호선,상도,11973,11137,23110,836,8,26,금
2022-08-26,7호선,장승배기,9929,9549,19478,380,8,26,금
2022-08-26,7호선,신대방삼거리,16077,14969,31046,1108,8,26,금
2022-08-26,7호선,보라매,8223,8265,16488,-42,8,26,금
2022-08-26,7호선,신풍,12278,11534,23812,744,8,26,금
2022-08-26,7호선,대림(구로구청),8258,8535,16793,-277,8,26,금
2022-08-26,7호선,남구로,16011,16887,32898,-876,8,26,금
2022-08-26,7호선,가산디지털단지,46787,46122,92909,665,8,26,금
2022-08-26,7호선,철산,22866,23620,46486,-754,8,26,금
2022-08-26,7호선,광명사거리,23195,22746,45941,449,8,26,금
2022-08-26,7호선,천왕,12306,11555,23861,751,8,26,금
2022-08-26,7호선,온수(성공회대입구),10669,9626,20295,1043,8,26,금
2022-08-26,8호선,암사,20113,17308,37421,2805,8,26,금
2022-08-26,8호선,천호(풍납토성),15655,18567,34222,-2912,8,26,금
2022-08-26,8호선,강동구청,10989,11422,22411,-433,8,26,금
2022-08-26,8호선,몽촌토성(평화의문),6449,6674,13123,-225,8,26,금
2022-08-26,8호선,잠실(송파구청),15147,18059,33206,-2912,8,26,금
2022-08-26,8호선,석촌,8039,9532,17571,-1493,8,26,금
2022-08-26,8호선,송파,9260,8853,18113,407,8,26,금
2022-08-26,8호선,가락시장,8436,9202,17638,-766,8,26,금
2022-08-26,8호선,문정,22601,23644,46245,-1043,8,26,금
2022-08-26,8호선,장지,17936,16830,34766,1106,8,26,금
2022-08-26,8호선,복정,9868,8223,18091,1645,8,26,금
2022-08-26,8호선,산성,5683,5549,11232,134,8,26,금
2022-08-26,8호선,남한산성입구(성남법원.검찰청),14641,12566,27207,2075,8,26,금
2022-08-26,8호선,단대오거리,11110,10825,21935,285,8,26,금
2022-08-26,8호선,신흥,4615,4897,9512,-282,8,26,금
2022-08-26,8호선,수진,5804,5175,10979,629,8,26,금
2022-08-26,8호선,모란,4876,3978,8854,898,8,26,금
2022-08-26,8호선,남위례,6083,6300,12383,-217,8,26,금
2022-08-26,9호선,개화,2859,2008,4867,851,8,26,금
2022-08-26,9호선,김포공항,8959,13896,22855,-4937,8,26,금
2022-08-26,9호선,공항시장,3174,3399,6573,-225,8,26,금
2022-08-26,9호선,신방화,7489,7204,14693,285,8,26,금
2022-08-26,9호선,마곡나루(서울식물원),13150,13126,26276,24,8,26,금
2022-08-26,9호선,양천향교,10626,10715,21341,-89,8,26,금
2022-08-26,9호선,가양,23026,21863,44889,1163,8,26,금
2022-08-26,9호선,증미,8112,7739,15851,373,8,26,금
2022-08-26,9호선,등촌,12280,11558,23838,722,8,26,금
2022-08-26,9호선,염창,18686,17854,36540,832,8,26,금
2022-08-26,9호선,신목동,4604,3920,8524,684,8,26,금
2022-08-26,9호선,선유도,9369,8659,18028,710,8,26,금
2022-08-26,9호선,당산,20637,20464,41101,173,8,26,금
2022-08-26,9호선,국회의사당,18234,18538,36772,-304,8,26,금
2022-08-26,9호선,여의도,31527,29904,61431,1623,8,26,금
2022-08-26,9호선,샛강,6732,6685,13417,47,8,26,금
2022-08-26,분당선,모란,21302,21888,43190,-586,8,26,금
2022-08-26,9호선,노량진,27779,27136,54915,643,8,26,금
2022-08-26,9호선,노들,5316,4340,9656,976,8,26,금
2022-08-26,9호선,흑석(중앙대입구),9213,9684,18897,-471,8,26,금
2022-08-26,9호선,동작(현충원),1975,1562,3537,413,8,26,금
2022-08-26,9호선,구반포,1382,1405,2787,-23,8,26,금
2022-08-26,9호선,신반포,6784,8805,15589,-2021,8,26,금
2022-08-26,9호선,고속터미널,20821,27642,48463,-6821,8,26,금
2022-08-26,9호선,사평,4135,3962,8097,173,8,26,금
2022-08-26,9호선,신논현,35108,35926,71034,-818,8,26,금
2022-08-26,9호선2~3단계,언주,11956,12089,24045,-133,8,26,금
2022-08-26,9호선2~3단계,선정릉,10927,11928,22855,-1001,8,26,금
2022-08-26,9호선2~3단계,삼성중앙,8118,8267,16385,-149,8,26,금
2022-08-26,9호선2~3단계,봉은사,20708,20799,41507,-91,8,26,금
2022-08-26,9호선2~3단계,종합운동장,4897,4822,9719,75,8,26,금
2022-08-26,9호선2~3단계,삼전,7504,6919,14423,585,8,26,금
2022-08-26,9호선2~3단계,석촌고분,6923,6577,13500,346,8,26,금
2022-08-26,9호선2~3단계,석촌,9690,8366,18056,1324,8,26,금
2022-08-26,9호선2~3단계,송파나루,5625,6112,11737,-487,8,26,금
2022-08-26,9호선2~3단계,한성백제,2823,2482,5305,341,8,26,금
2022-08-26,9호선2~3단계,올림픽공원(한국체대),7191,6748,13939,443,8,26,금
2022-08-26,9호선2~3단계,둔촌오륜,1256,1149,2405,107,8,26,금
2022-08-26,9호선2~3단계,중앙보훈병원,11889,10442,22331,1447,8,26,금
2022-08-26,경강선,판교,5426,5456,10882,-30,8,26,금
2022-08-26,경강선,이매,1256,1106,2362,150,8,26,금
2022-08-26,경강선,삼동,2786,2478,5264,308,8,26,금
2022-08-26,경강선,경기광주,8705,8118,16823,587,8,26,금
2022-08-26,경강선,초월,3652,3261,6913,391,8,26,금
2022-08-26,경강선,곤지암,2553,2369,4922,184,8,26,금
2022-08-26,경강선,신둔도예촌,1645,1571,3216,74,8,26,금
2022-08-26,경강선,이천,3176,3293,6469,-117,8,26,금
2022-08-26,경강선,부발,2894,2202,5096,692,8,26,금
2022-08-26,경강선,세종대왕릉,375,413,788,-38,8,26,금
2022-08-26,경강선,여주,2546,2562,5108,-16,8,26,금
2022-08-26,경부선,서울역,10170,3117,13287,7053,8,26,금
2022-08-26,경부선,남영,10203,10570,20773,-367,8,26,금
2022-08-26,경부선,용산,42840,44624,87464,-1784,8,26,금
2022-08-26,경부선,노량진,9037,8608,17645,429,8,26,금
2022-08-26,경부선,대방,11713,12516,24229,-803,8,26,금
2022-08-26,경부선,영등포,43493,46045,89538,-2552,8,26,금
2022-08-26,경부선,신도림,4344,4358,8702,-14,8,26,금
2022-08-26,경부선,신길,9643,8089,17732,1554,8,26,금
2022-08-26,경부선,구로,19377,19655,39032,-278,8,26,금
2022-08-26,경부선,가산디지털단지,18883,22005,40888,-3122,8,26,금
2022-08-26,경부선,금천구청,12189,12108,24297,81,8,26,금
2022-08-26,경부선,석수,10042,8697,18739,1345,8,26,금
2022-08-26,경부선,관악,7652,7291,14943,361,8,26,금
2022-08-26,경부선,안양,23305,23271,46576,34,8,26,금
2022-08-26,경부선,명학,9358,9054,18412,304,8,26,금
2022-08-26,경부선,금정,29240,29499,58739,-259,8,26,금
2022-08-26,경부선,군포,8045,7660,15705,385,8,26,금
2022-08-26,경부선,의왕,9544,9275,18819,269,8,26,금
2022-08-26,경부선,성균관대,15330,15274,30604,56,8,26,금
2022-08-26,경부선,화서,8849,8496,17345,353,8,26,금
2022-08-26,경부선,수원,37539,41455,78994,-3916,8,26,금
2022-08-26,경부선,독산,19514,19603,39117,-89,8,26,금
2022-08-26,경부선,세류,3531,3063,6594,468,8,26,금
2022-08-26,경부선,병점,15779,15289,31068,490,8,26,금
2022-08-26,경부선,세마,3251,3004,6255,247,8,26,금
2022-08-26,경부선,오산대,3970,3621,7591,349,8,26,금
2022-08-26,경부선,오산,10891,10257,21148,634,8,26,금
2022-08-26,경부선,진위,2037,1673,3710,364,8,26,금
2022-08-26,경부선,송탄,5207,4527,9734,680,8,26,금
2022-08-26,경부선,서정리,9057,7299,16356,1758,8,26,금
2022-08-26,경부선,평택지제,4736,4430,9166,306,8,26,금
2022-08-26,경부선,평택,13710,13471,27181,239,8,26,금
2022-08-26,경부선,성환,4128,3846,7974,282,8,26,금
2022-08-26,경부선,직산,1008,932,1940,76,8,26,금
2022-08-26,경부선,두정,6548,6544,13092,4,8,26,금
2022-08-26,경부선,천안,6266,6758,13024,-492,8,26,금
2022-08-26,경부선,당정,6931,6305,13236,626,8,26,금
2022-08-26,경부선,서동탄,1552,1409,2961,143,8,26,금
2022-08-26,경부선,광명,4178,3830,8008,348,8,26,금
2022-08-26,경원선,이촌(국립중앙박물관),4531,3329,7860,1202,8,26,금
2022-08-26,경원선,서빙고,2622,2233,4855,389,8,26,금
2022-08-26,경원선,한남,4443,4312,8755,131,8,26,금
2022-08-26,경원선,옥수,68,28,96,40,8,26,금
2022-08-26,경원선,응봉,2079,1710,3789,369,8,26,금
2022-08-26,경원선,왕십리(성동구청),15868,17838,33706,-1970,8,26,금
2022-08-26,경원선,청량리(서울시립대입구),18686,19827,38513,-1141,8,26,금
2022-08-26,경원선,외대앞,8196,8083,16279,113,8,26,금
2022-08-26,경원선,신이문,8959,8035,16994,924,8,26,금
2022-08-26,경원선,석계,8664,9828,18492,-1164,8,26,금
2022-08-26,경원선,광운대,7892,7403,15295,489,8,26,금
2022-08-26,경원선,월계,7161,6598,13759,563,8,26,금
2022-08-26,경원선,녹천,5117,4083,9200,1034,8,26,금
2022-08-26,경원선,방학,10478,10088,20566,390,8,26,금
2022-08-26,경원선,도봉,6539,6197,12736,342,8,26,금
2022-08-26,경원선,도봉산,7933,5164,13097,2769,8,26,금
2022-08-26,경원선,망월사,7919,7865,15784,54,8,26,금
2022-08-26,경원선,회룡,13488,13303,26791,185,8,26,금
2022-08-26,경원선,의정부,19528,20816,40344,-1288,8,26,금
2022-08-26,경원선,가능,7208,6800,14008,408,8,26,금
2022-08-26,경원선,녹양,4961,4709,9670,252,8,26,금
2022-08-26,경원선,양주,8166,7631,15797,535,8,26,금
2022-08-26,경원선,덕계,3634,3136,6770,498,8,26,금
2022-08-26,경원선,덕정,6072,5665,11737,407,8,26,금
2022-08-26,경원선,지행,7434,7339,14773,95,8,26,금
2022-08-26,경원선,동두천중앙,3266,3230,6496,36,8,26,금
2022-08-26,경원선,보산,1942,1692,3634,250,8,26,금
2022-08-26,경원선,동두천,2385,2694,5079,-309,8,26,금
2022-08-26,경원선,소요산,2962,2809,5771,153,8,26,금
2022-08-26,경의선,서울역,4846,6477,11323,-1631,8,26,금
2022-08-26,경의선,신촌,1037,1336,2373,-299,8,26,금
2022-08-26,경의선,효창공원앞,3072,3576,6648,-504,8,26,금
2022-08-26,경의선,공덕,4136,3684,7820,452,8,26,금
2022-08-26,경의선,서강대,2296,2198,4494,98,8,26,금
2022-08-26,경의선,홍대입구,2119,2556,4675,-437,8,26,금
2022-08-26,경의선,가좌,6177,5755,11932,422,8,26,금
2022-08-26,경의선,디지털미디어시티,2920,2478,5398,442,8,26,금
2022-08-26,경의선,수색,2861,3056,5917,-195,8,26,금
2022-08-26,경의선,화전,1767,1706,3473,61,8,26,금
2022-08-26,경의선,강매,3416,2929,6345,487,8,26,금
2022-08-26,경의선,행신,8857,8852,17709,5,8,26,금
2022-08-26,경의선,능곡,4258,3817,8075,441,8,26,금
2022-08-26,경의선,곡산,665,653,1318,12,8,26,금
2022-08-26,경의선,백마,7490,7186,14676,304,8,26,금
2022-08-26,경의선,풍산,6314,5827,12141,487,8,26,금
2022-08-26,경의선,일산,10098,9780,19878,318,8,26,금
2022-08-26,경의선,탄현,8591,7989,16580,602,8,26,금
2022-08-26,경의선,야당,8759,8931,17690,-172,8,26,금
2022-08-26,경의선,운정,7601,6902,14503,699,8,26,금
2022-08-26,경의선,금릉,5301,5147,10448,154,8,26,금
2022-08-26,경의선,금촌,7574,7412,14986,162,8,26,금
2022-08-26,경의선,월롱,3321,2468,5789,853,8,26,금
2022-08-26,경의선,파주,1364,918,2282,446,8,26,금
2022-08-26,경의선,문산,5955,5794,11749,161,8,26,금
2022-08-26,경의선,임진강,20,9,29,11,8,26,금
2022-08-26,경의선,계양,1,0,1,1,8,26,금
2022-08-26,경인선,개봉,22569,21856,44425,713,8,26,금
2022-08-26,경인선,오류동,12491,11244,23735,1247,8,26,금
2022-08-26,경인선,역곡,28284,28085,56369,199,8,26,금
2022-08-26,경인선,부천,34173,34632,68805,-459,8,26,금
2022-08-26,경인선,송내,29183,28690,57873,493,8,26,금
2022-08-26,경인선,부평,31348,35098,66446,-3750,8,26,금
2022-08-26,경인선,백운,7416,7157,14573,259,8,26,금
2022-08-26,경인선,동암,16877,17114,33991,-237,8,26,금
2022-08-26,경인선,주안,20030,18274,38304,1756,8,26,금
2022-08-26,경인선,제물포,11570,10730,22300,840,8,26,금
2022-08-26,경인선,동인천,14825,14086,28911,739,8,26,금
2022-08-26,경인선,인천,4302,3411,7713,891,8,26,금
2022-08-26,경인선,구일,6747,6458,13205,289,8,26,금
2022-08-26,경인선,소사,8626,8555,17181,71,8,26,금
2022-08-26,경인선,부개,9331,8437,17768,894,8,26,금
2022-08-26,경인선,간석,6385,5980,12365,405,8,26,금
2022-08-26,경인선,도원,3484,3607,7091,-123,8,26,금
2022-08-26,경인선,온수(성공회대입구),7194,6724,13918,470,8,26,금
2022-08-26,경인선,중동,10019,9257,19276,762,8,26,금
2022-08-26,경인선,도화,4605,4170,8775,435,8,26,금
2022-08-26,경춘선,신내,2349,2268,4617,81,8,26,금
2022-08-26,경춘선,갈매,3239,2731,5970,508,8,26,금
2022-08-26,경춘선,별내,3486,3226,6712,260,8,26,금
2022-08-26,경춘선,퇴계원,3735,3413,7148,322,8,26,금
2022-08-26,경춘선,사릉,2557,2393,4950,164,8,26,금
2022-08-26,경춘선,금곡,1714,1650,3364,64,8,26,금
2022-08-26,경춘선,평내호평,6796,6704,13500,92,8,26,금
2022-08-26,경춘선,천마산,1860,1665,3525,195,8,26,금
2022-08-26,경춘선,마석,4272,4270,8542,2,8,26,금
2022-08-26,경춘선,대성리,1216,1688,2904,-472,8,26,금
2022-08-26,경춘선,청평,2238,2339,4577,-101,8,26,금
2022-08-26,경춘선,상천,359,326,685,33,8,26,금
2022-08-26,경춘선,가평,3303,3083,6386,220,8,26,금
2022-08-26,경춘선,굴봉산,199,176,375,23,8,26,금
2022-08-26,경춘선,백양리,83,93,176,-10,8,26,금
2022-08-26,경춘선,강촌,606,583,1189,23,8,26,금
2022-08-26,경춘선,김유정,356,454,810,-98,8,26,금
2022-08-26,경춘선,남춘천,2865,3074,5939,-209,8,26,금
2022-08-26,경춘선,춘천,1595,1473,3068,122,8,26,금
2022-08-26,공항철도 1호선,서울역,11250,10815,22065,435,8,26,금
2022-08-26,공항철도 1호선,공덕,2637,3569,6206,-932,8,26,금
2022-08-26,공항철도 1호선,홍대입구,12557,13283,25840,-726,8,26,금
2022-08-26,공항철도 1호선,디지털미디어시티,14691,13480,28171,1211,8,26,금
2022-08-26,공항철도 1호선,마곡나루(서울식물원),9822,8947,18769,875,8,26,금
2022-08-26,공항철도 1호선,김포공항,14268,7363,21631,6905,8,26,금
2022-08-26,공항철도 1호선,계양,11976,10870,22846,1106,8,26,금
2022-08-26,공항철도 1호선,검암,7255,6980,14235,275,8,26,금
2022-08-26,공항철도 1호선,청라국제도시,7722,7234,14956,488,8,26,금
2022-08-26,공항철도 1호선,운서,8355,8462,16817,-107,8,26,금
2022-08-26,공항철도 1호선,공항화물청사,2391,2472,4863,-81,8,26,금
2022-08-26,공항철도 1호선,인천공항1터미널,8875,7889,16764,986,8,26,금
2022-08-26,공항철도 1호선,인천공항2터미널,3891,3241,7132,650,8,26,금
2022-08-26,공항철도 1호선,영종,3896,3986,7882,-90,8,26,금
2022-08-26,과천선,선바위,8712,7620,16332,1092,8,26,금
2022-08-26,과천선,경마공원,8652,8834,17486,-182,8,26,금
2022-08-26,과천선,대공원,3641,3814,7455,-173,8,26,금
2022-08-26,과천선,과천,7058,6316,13374,742,8,26,금
2022-08-26,과천선,정부과천청사,12006,11883,23889,123,8,26,금
2022-08-26,과천선,인덕원,26159,26799,52958,-640,8,26,금
2022-08-26,과천선,평촌,18523,18558,37081,-35,8,26,금
2022-08-26,과천선,범계,28084,28369,56453,-285,8,26,금
2022-08-26,분당선,선릉,14397,21375,35772,-6978,8,26,금
2022-08-26,분당선,한티,16310,17293,33603,-983,8,26,금
2022-08-26,분당선,도곡,8093,7431,15524,662,8,26,금
2022-08-26,분당선,구룡,2574,2316,4890,258,8,26,금
2022-08-26,분당선,개포동,4432,4607,9039,-175,8,26,금
2022-08-26,분당선,대모산입구,5047,4633,9680,414,8,26,금
2022-08-26,분당선,수서,15903,16433,32336,-530,8,26,금
2022-08-26,분당선,복정,1,0,1,1,8,26,금
2022-08-26,분당선,수원,8727,7828,16555,899,8,26,금
2022-08-26,분당선,서울숲,12505,12819,25324,-314,8,26,금
2022-08-26,분당선,압구정로데오,22208,26602,48810,-4394,8,26,금
2022-08-26,분당선,강남구청,10627,12067,22694,-1440,8,26,금
2022-08-26,분당선,선정릉,8447,9013,17460,-566,8,26,금
2022-08-26,분당선,가천대,7791,8160,15951,-369,8,26,금
2022-08-26,분당선,태평,14711,13838,28549,873,8,26,금
2022-08-26,분당선,야탑,28176,29469,57645,-1293,8,26,금
2022-08-26,분당선,서현,27418,28024,55442,-606,8,26,금
2022-08-26,분당선,수내,14840,14711,29551,129,8,26,금
2022-08-26,분당선,정자,20083,21247,41330,-1164,8,26,금
2022-08-26,분당선,미금,16770,17680,34450,-910,8,26,금
2022-08-26,분당선,오리,12529,10162,22691,2367,8,26,금
2022-08-26,분당선,이매,6233,5666,11899,567,8,26,금
2022-08-26,분당선,보정,2937,2458,5395,479,8,26,금
2022-08-26,분당선,죽전,14114,15573,29687,-1459,8,26,금
2022-08-26,분당선,구성,5425,5557,10982,-132,8,26,금
2022-08-26,분당선,신갈,5063,4984,10047,79,8,26,금
2022-08-26,분당선,기흥,10820,9895,20715,925,8,26,금
2022-08-26,분당선,상갈,5952,5610,11562,342,8,26,금
2022-08-26,분당선,청명,4913,4388,9301,525,8,26,금
2022-08-26,분당선,영통,9378,9566,18944,-188,8,26,금
2022-08-26,분당선,망포,16542,14935,31477,1607,8,26,금
2022-08-26,분당선,매탄권선,5689,5282,10971,407,8,26,금
2022-08-26,분당선,수원시청,14195,16714,30909,-2519,8,26,금
2022-08-26,분당선,매교,4050,3954,8004,96,8,26,금
2022-08-26,수인선,고색,5097,4566,9663,531,8,26,금
2022-08-26,수인선,오목천,3611,3110,6721,501,8,26,금
2022-08-26,수인선,어천,1203,1120,2323,83,8,26,금
2022-08-26,수인선,야목,404,298,702,106,8,26,금
2022-08-26,수인선,사리,4959,4375,9334,584,8,26,금
2022-08-26,수인선,달월,119,85,204,34,8,26,금
2022-08-26,수인선,월곶,3086,2814,5900,272,8,26,금
2022-08-26,수인선,소래포구,5883,5584,11467,299,8,26,금
2022-08-26,수인선,인천논현,5892,6301,12193,-409,8,26,금
2022-08-26,수인선,호구포,4440,4499,8939,-59,8,26,금
2022-08-26,수인선,남동인더스파크,2465,2719,5184,-254,8,26,금
2022-08-26,수인선,원인재,4790,4972,9762,-182,8,26,금
2022-08-26,수인선,연수,5063,5140,10203,-77,8,26,금
2022-08-26,수인선,송도,2569,2388,4957,181,8,26,금
2022-08-26,수인선,인하대,6364,5949,12313,415,8,26,금
2022-08-26,수인선,숭의,4604,4126,8730,478,8,26,금
2022-08-26,수인선,신포,2020,2061,4081,-41,8,26,금
2022-08-26,수인선,인천,1271,1951,3222,-680,8,26,금
2022-08-26,신림선,샛강,2183,2816,4999,-633,8,26,금
2022-08-26,안산선,대야미,5581,4843,10424,738,8,26,금
2022-08-26,안산선,반월,4628,4342,8970,286,8,26,금
2022-08-26,안산선,상록수,16636,16654,33290,-18,8,26,금
2022-08-26,안산선,한대앞,9738,9557,19295,181,8,26,금
2022-08-26,안산선,중앙,19347,20899,40246,-1552,8,26,금
2022-08-26,안산선,고잔,9496,8965,18461,531,8,26,금
2022-08-26,안산선,초지,5139,5077,10216,62,8,26,금
2022-08-26,안산선,안산,12461,11377,23838,1084,8,26,금
2022-08-26,안산선,신길온천,1949,1889,3838,60,8,26,금
2022-08-26,안산선,정왕,8911,9015,17926,-104,8,26,금
2022-08-26,안산선,오이도,9194,9088,18282,106,8,26,금
2022-08-26,안산선,수리산,4492,3581,8073,911,8,26,금
2022-08-26,우이신설선,북한산우이,2952,2769,5721,183,8,26,금
2022-08-26,우이신설선,솔밭공원,2663,2466,5129,197,8,26,금
2022-08-26,우이신설선,4.19민주묘지,3139,2887,6026,252,8,26,금
2022-08-26,우이신설선,가오리,4535,4368,8903,167,8,26,금
2022-08-26,우이신설선,화계,3666,3297,6963,369,8,26,금
2022-08-26,우이신설선,삼양,2173,2218,4391,-45,8,26,금
2022-08-26,우이신설선,삼양사거리,2742,2621,5363,121,8,26,금
2022-08-26,우이신설선,솔샘,6232,5637,11869,595,8,26,금
2022-08-26,우이신설선,북한산보국문,6250,5924,12174,326,8,26,금
2022-08-26,우이신설선,정릉,5024,4247,9271,777,8,26,금
2022-08-26,우이신설선,성신여대입구(돈암),3598,3902,7500,-304,8,26,금
2022-08-26,우이신설선,보문,1625,1650,3275,-25,8,26,금
2022-08-26,우이신설선,신설동,2231,2248,4479,-17,8,26,금
2022-08-26,일산선,원흥,11900,11219,23119,681,8,26,금
2022-08-26,일산선,삼송,21436,20596,42032,840,8,26,금
2022-08-26,일산선,원당,11829,11070,22899,759,8,26,금
2022-08-26,일산선,화정,17868,18458,36326,-590,8,26,금
2022-08-26,일산선,대곡,2329,1806,4135,523,8,26,금
2022-08-26,일산선,백석,10561,10513,21074,48,8,26,금
2022-08-26,일산선,마두,8250,8362,16612,-112,8,26,금
2022-08-26,일산선,정발산,8137,8693,16830,-556,8,26,금
2022-08-26,일산선,주엽,9760,9881,19641,-121,8,26,금
2022-08-26,일산선,대화,14257,11330,25587,2927,8,26,금
2022-08-26,장항선,봉명,1427,1319,2746,108,8,26,금
2022-08-26,장항선,쌍용(나사렛대),2217,2078,4295,139,8,26,금
2022-08-26,장항선,아산,3840,3704,7544,136,8,26,금
2022-08-26,장항선,탕정,1063,982,2045,81,8,26,금
2022-08-26,장항선,배방,1286,1172,2458,114,8,26,금
2022-08-26,장항선,온양온천,4046,4199,8245,-153,8,26,금
2022-08-26,장항선,신창(순천향대),1603,1497,3100,106,8,26,금
2022-08-26,중앙선,회기,26918,23144,50062,3774,8,26,금
2022-08-26,중앙선,중랑,6125,5582,11707,543,8,26,금
2022-08-26,중앙선,상봉(시외버스터미널),6403,6029,12432,374,8,26,금
2022-08-26,중앙선,망우,8419,8214,16633,205,8,26,금
2022-08-26,중앙선,양원,3199,2995,6194,204,8,26,금
2022-08-26,중앙선,구리,14389,14587,28976,-198,8,26,금
2022-08-26,중앙선,도농,11983,10591,22574,1392,8,26,금
2022-08-26,중앙선,양정,784,693,1477,91,8,26,금
2022-08-26,중앙선,덕소,5912,6051,11963,-139,8,26,금
2022-08-26,중앙선,도심,2747,2145,4892,602,8,26,금
2022-08-26,중앙선,팔당,928,942,1870,-14,8,26,금
2022-08-26,중앙선,운길산,784,763,1547,21,8,26,금
2022-08-26,중앙선,양수,2236,2301,4537,-65,8,26,금
2022-08-26,중앙선,신원,208,185,393,23,8,26,금
2022-08-26,중앙선,국수,850,827,1677,23,8,26,금
2022-08-26,중앙선,오빈,331,329,660,2,8,26,금
2022-08-27,1호선,종로5가,20780,21550,42330,-770,8,27,토
2022-08-27,중앙선,구리,11274,11480,22754,-206,8,27,토
2022-08-27,중앙선,양원,2110,1974,4084,136,8,27,토
2022-08-27,중앙선,망우,7198,6949,14147,249,8,27,토
2022-08-27,중앙선,상봉(시외버스터미널),5357,5235,10592,122,8,27,토
2022-08-27,중앙선,중랑,4861,4559,9420,302,8,27,토
2022-08-27,중앙선,회기,22169,20783,42952,1386,8,27,토
2022-08-27,장항선,신창(순천향대),1280,1322,2602,-42,8,27,토
2022-08-27,장항선,온양온천,4109,4073,8182,36,8,27,토
2022-08-27,장항선,배방,1099,1051,2150,48,8,27,토
2022-08-27,장항선,탕정,900,787,1687,113,8,27,토
2022-08-27,장항선,아산,3564,3345,6909,219,8,27,토
2022-08-27,장항선,쌍용(나사렛대),1753,1513,3266,240,8,27,토
2022-08-27,장항선,봉명,809,794,1603,15,8,27,토
2022-08-27,일산선,대화,10287,9039,19326,1248,8,27,토
2022-08-27,일산선,주엽,7522,7183,14705,339,8,27,토
2022-08-27,일산선,정발산,7484,7997,15481,-513,8,27,토
2022-08-27,일산선,마두,5637,5513,11150,124,8,27,토
2022-08-27,일산선,백석,7916,7889,15805,27,8,27,토
2022-08-27,일산선,대곡,1606,1372,2978,234,8,27,토
2022-08-27,일산선,화정,13624,13861,27485,-237,8,27,토
2022-08-27,일산선,원당,8819,8133,16952,686,8,27,토
2022-08-27,일산선,삼송,15640,14877,30517,763,8,27,토
2022-08-27,일산선,원흥,8303,7726,16029,577,8,27,토
2022-08-27,우이신설선,신설동,1573,1518,3091,55,8,27,토
2022-08-27,우이신설선,보문,1258,1158,2416,100,8,27,토
2022-08-27,우이신설선,성신여대입구(돈암),2980,3416,6396,-436,8,27,토
2022-08-27,우이신설선,정릉,4050,3133,7183,917,8,27,토
2022-08-27,우이신설선,북한산보국문,5090,4356,9446,734,8,27,토
2022-08-27,우이신설선,솔샘,4115,3650,7765,465,8,27,토
2022-08-27,우이신설선,삼양사거리,2112,2064,4176,48,8,27,토
2022-08-27,우이신설선,삼양,1706,1716,3422,-10,8,27,토
2022-08-27,우이신설선,화계,2751,2501,5252,250,8,27,토
2022-08-27,우이신설선,가오리,3275,3086,6361,189,8,27,토
2022-08-27,우이신설선,4.19민주묘지,2666,2258,4924,408,8,27,토
2022-08-27,우이신설선,솔밭공원,2064,1874,3938,190,8,27,토
2022-08-27,우이신설선,북한산우이,4630,4816,9446,-186,8,27,토
2022-08-27,안산선,수리산,3142,2745,5887,397,8,27,토
2022-08-27,안산선,오이도,8488,8692,17180,-204,8,27,토
2022-08-27,안산선,정왕,7043,7072,14115,-29,8,27,토
2022-08-27,안산선,신길온천,1726,1500,3226,226,8,27,토
2022-08-27,안산선,중앙,17079,18094,35173,-1015,8,27,토
2022-08-27,안산선,한대앞,7976,7838,15814,138,8,27,토
2022-08-27,중앙선,도농,8334,7630,15964,704,8,27,토
2022-08-27,중앙선,양정,675,565,1240,110,8,27,토
2022-08-27,중앙선,덕소,5117,5015,10132,102,8,27,토
2022-08-27,중앙선,도심,1876,1567,3443,309,8,27,토
2022-08-27,중앙선,팔당,1512,1592,3104,-80,8,27,토
2022-08-27,중앙선,운길산,1332,1213,2545,119,8,27,토
2022-08-27,중앙선,양수,2633,2746,5379,-113,8,27,토
2022-08-27,중앙선,신원,246,220,466,26,8,27,토
2022-08-27,중앙선,국수,736,761,1497,-25,8,27,토
2022-08-27,중앙선,아신,700,731,1431,-31,8,27,토
2022-08-27,중앙선,오빈,348,370,718,-22,8,27,토
2022-08-27,중앙선,양평,3187,3353,6540,-166,8,27,토
2022-08-27,중앙선,원덕,398,432,830,-34,8,27,토
2022-08-27,중앙선,용문,2453,2770,5223,-317,8,27,토
2022-08-27,중앙선,지평,62,73,135,-11,8,27,토
2022-08-27,안산선,상록수,12956,12854,25810,102,8,27,토
2022-08-27,안산선,반월,3699,3484,7183,215,8,27,토
2022-08-27,안산선,대야미,4269,3746,8015,523,8,27,토
2022-08-27,안산선,산본,14017,14836,28853,-819,8,27,토
2022-08-27,신림선,관악산(서울대),4513,4595,9108,-82,8,27,토
2022-08-27,신림선,서울대벤처타운,6386,5529,11915,857,8,27,토
2022-08-27,신림선,서원,2375,1905,4280,470,8,27,토
2022-08-27,신림선,신림,1415,1903,3318,-488,8,27,토
2022-08-27,신림선,당곡,3098,2778,5876,320,8,27,토
2022-08-27,신림선,보라매병원,2783,2935,5718,-152,8,27,토
2022-08-27,신림선,보라매공원,1360,1511,2871,-151,8,27,토
2022-08-27,신림선,보라매,2167,1889,4056,278,8,27,토
2022-08-27,안산선,안산,10272,10509,20781,-237,8,27,토
2022-08-27,안산선,초지,3969,3843,7812,126,8,27,토
2022-08-27,안산선,고잔,7406,7254,14660,152,8,27,토
2022-08-27,신림선,서울지방병무청,1854,2057,3911,-203,8,27,토
2022-08-27,신림선,대방,2035,1386,3421,649,8,27,토
2022-08-27,신림선,샛강,1220,1743,2963,-523,8,27,토
2022-08-27,수인선,인천,1493,2357,3850,-864,8,27,토
2022-08-27,수인선,신포,1714,1735,3449,-21,8,27,토
2022-08-27,수인선,숭의,3180,2962,6142,218,8,27,토
2022-08-27,수인선,인하대,5094,4892,9986,202,8,27,토
2022-08-27,수인선,송도,2161,2102,4263,59,8,27,토
2022-08-27,수인선,연수,4553,4494,9047,59,8,27,토
2022-08-27,수인선,원인재,4240,4624,8864,-384,8,27,토
2022-08-27,수인선,남동인더스파크,1095,984,2079,111,8,27,토
2022-08-27,수인선,호구포,3003,2806,5809,197,8,27,토
2022-08-27,수인선,인천논현,4847,4954,9801,-107,8,27,토
2022-08-27,수인선,소래포구,6784,6821,13605,-37,8,27,토
2022-08-27,수인선,월곶,2553,2361,4914,192,8,27,토
2022-08-27,수인선,달월,84,78,162,6,8,27,토
2022-08-27,수인선,사리,4032,3260,7292,772,8,27,토
2022-08-27,수인선,야목,293,215,508,78,8,27,토
2022-08-27,수인선,어천,850,758,1608,92,8,27,토
2022-08-27,수인선,오목천,2541,2099,4640,442,8,27,토
2022-08-27,수인선,고색,2769,2735,5504,34,8,27,토
2022-08-27,분당선,매교,2667,2673,5340,-6,8,27,토
2022-08-27,분당선,수원시청,11842,13747,25589,-1905,8,27,토
2022-08-27,분당선,매탄권선,3889,3514,7403,375,8,27,토
2022-08-27,분당선,망포,10178,9018,19196,1160,8,27,토
2022-08-27,분당선,영통,7535,7442,14977,93,8,27,토
2022-08-27,분당선,청명,3181,3215,6396,-34,8,27,토
2022-08-27,분당선,상갈,4122,4045,8167,77,8,27,토
2022-08-27,분당선,기흥,7510,6934,14444,576,8,27,토
2022-08-27,분당선,신갈,2957,2922,5879,35,8,27,토
2022-08-27,분당선,구성,3667,3667,7334,0,8,27,토
2022-08-27,분당선,죽전,10372,11636,22008,-1264,8,27,토
2022-08-27,분당선,보정,1765,1649,3414,116,8,27,토
2022-08-27,분당선,이매,4595,4362,8957,233,8,27,토
2022-08-27,분당선,오리,8205,6653,14858,1552,8,27,토
2022-08-27,분당선,미금,11274,11799,23073,-525,8,27,토
2022-08-27,분당선,정자,11529,12079,23608,-550,8,27,토
2022-08-27,분당선,수내,9864,9249,19113,615,8,27,토
2022-08-27,분당선,서현,20102,20590,40692,-488,8,27,토
2022-08-27,분당선,야탑,19187,19813,39000,-626,8,27,토
2022-08-27,분당선,모란,16573,17063,33636,-490,8,27,토
2022-08-27,분당선,태평,11596,10895,22491,701,8,27,토
2022-08-27,분당선,가천대,5839,6121,11960,-282,8,27,토
2022-08-27,분당선,선정릉,3649,3636,7285,13,8,27,토
2022-08-27,분당선,강남구청,5659,6841,12500,-1182,8,27,토
2022-08-27,분당선,압구정로데오,19669,23824,43493,-4155,8,27,토
2022-08-27,분당선,서울숲,11352,11884,23236,-532,8,27,토
2022-08-27,분당선,수원,8066,6759,14825,1307,8,27,토
2022-08-27,분당선,수서,11560,11623,23183,-63,8,27,토
2022-08-27,분당선,대모산입구,3784,3453,7237,331,8,27,토
2022-08-27,분당선,개포동,2956,2889,5845,67,8,27,토
2022-08-27,분당선,구룡,1512,1321,2833,191,8,27,토
2022-08-27,분당선,도곡,5988,5061,11049,927,8,27,토
2022-08-27,분당선,한티,14270,13752,28022,518,8,27,토
2022-08-27,분당선,선릉,5825,9007,14832,-3182,8,27,토
2022-08-27,과천선,범계,22318,21640,43958,678,8,27,토
2022-08-27,과천선,평촌,10555,10084,20639,471,8,27,토
2022-08-27,과천선,인덕원,18144,17770,35914,374,8,27,토
2022-08-27,과천선,정부과천청사,7013,6847,13860,166,8,27,토
2022-08-27,과천선,과천,5377,4824,10201,553,8,27,토
2022-08-27,과천선,대공원,9643,10390,20033,-747,8,27,토
2022-08-27,과천선,경마공원,13654,13793,27447,-139,8,27,토
2022-08-27,과천선,선바위,5955,5176,11131,779,8,27,토
2022-08-27,공항철도 1호선,영종,3661,3685,7346,-24,8,27,토
2022-08-27,공항철도 1호선,인천공항2터미널,3523,3026,6549,497,8,27,토
2022-08-27,공항철도 1호선,인천공항1터미널,8822,8316,17138,506,8,27,토
2022-08-27,공항철도 1호선,공항화물청사,1348,1376,2724,-28,8,27,토
2022-08-27,공항철도 1호선,운서,7595,7861,15456,-266,8,27,토
2022-08-27,공항철도 1호선,청라국제도시,5035,4718,9753,317,8,27,토
2022-08-27,공항철도 1호선,검암,5024,5155,10179,-131,8,27,토
2022-08-27,공항철도 1호선,계양,8562,7826,16388,736,8,27,토
2022-08-27,공항철도 1호선,김포공항,11995,6229,18224,5766,8,27,토
2022-08-27,공항철도 1호선,마곡나루(서울식물원),3850,3946,7796,-96,8,27,토
2022-08-27,공항철도 1호선,디지털미디어시티,7331,6719,14050,612,8,27,토
2022-08-27,공항철도 1호선,홍대입구,14782,15346,30128,-564,8,27,토
2022-08-27,공항철도 1호선,공덕,1893,3007,4900,-1114,8,27,토
2022-08-27,공항철도 1호선,서울역,10533,10011,20544,522,8,27,토
2022-08-27,경춘선,춘천,2440,2180,4620,260,8,27,토
2022-08-27,경춘선,남춘천,3913,4223,8136,-310,8,27,토
2022-08-27,경춘선,김유정,507,591,1098,-84,8,27,토
2022-08-27,경춘선,강촌,752,892,1644,-140,8,27,토
2022-08-27,경춘선,백양리,127,134,261,-7,8,27,토
2022-08-27,경춘선,굴봉산,182,231,413,-49,8,27,토
2022-08-27,경춘선,가평,5286,7075,12361,-1789,8,27,토
2022-08-27,경춘선,상천,519,530,1049,-11,8,27,토
2022-08-27,경춘선,청평,2552,3019,5571,-467,8,27,토
2022-08-27,경춘선,대성리,1899,1737,3636,162,8,27,토
2022-08-27,경춘선,마석,4042,3833,7875,209,8,27,토
2022-08-27,경춘선,천마산,1565,1460,3025,105,8,27,토
2022-08-27,경춘선,평내호평,5634,5283,10917,351,8,27,토
2022-08-27,경춘선,금곡,1315,1154,2469,161,8,27,토
2022-08-27,경춘선,사릉,1914,1841,3755,73,8,27,토
2022-08-27,경춘선,퇴계원,2818,2536,5354,282,8,27,토
2022-08-27,경춘선,별내,2541,2334,4875,207,8,27,토
2022-08-27,경춘선,갈매,2190,1877,4067,313,8,27,토
2022-08-27,경춘선,신내,1526,1440,2966,86,8,27,토
2022-08-27,경인선,도화,3528,3242,6770,286,8,27,토
2022-08-27,경인선,중동,7316,6746,14062,570,8,27,토
2022-08-27,경인선,온수(성공회대입구),5453,4835,10288,618,8,27,토
2022-08-27,경인선,도원,4942,5003,9945,-61,8,27,토
2022-08-27,경인선,간석,4745,4458,9203,287,8,27,토
2022-08-27,경인선,부개,6892,6287,13179,605,8,27,토
2022-08-27,경인선,소사,7728,7559,15287,169,8,27,토
2022-08-27,경인선,구일,5187,4743,9930,444,8,27,토
2022-08-27,경인선,인천,5846,5154,11000,692,8,27,토
2022-08-27,경인선,동인천,12845,12942,25787,-97,8,27,토
2022-08-27,경인선,제물포,8191,7641,15832,550,8,27,토
2022-08-27,경인선,주안,17412,15255,32667,2157,8,27,토
2022-08-27,경인선,동암,14074,14249,28323,-175,8,27,토
2022-08-27,경인선,백운,7078,6772,13850,306,8,27,토
2022-08-27,경인선,부평,30370,33914,64284,-3544,8,27,토
2022-08-27,경인선,송내,19607,19163,38770,444,8,27,토
2022-08-27,경인선,부천,30620,31111,61731,-491,8,27,토
2022-08-27,경인선,역곡,21577,21274,42851,303,8,27,토
2022-08-27,경인선,오류동,9591,8568,18159,1023,8,27,토
2022-08-27,경인선,개봉,17573,16706,34279,867,8,27,토
2022-08-27,경의선,임진강,99,72,171,27,8,27,토
2022-08-27,경의선,문산,5685,5248,10933,437,8,27,토
2022-08-27,경의선,파주,1007,732,1739,275,8,27,토
2022-08-27,경의선,월롱,1908,1682,3590,226,8,27,토
2022-08-27,경의선,금촌,6221,5688,11909,533,8,27,토
2022-08-27,경의선,금릉,4270,4090,8360,180,8,27,토
2022-08-27,경의선,운정,5537,4858,10395,679,8,27,토
2022-08-27,경의선,야당,7202,7387,14589,-185,8,27,토
2022-08-27,경의선,탄현,5958,5480,11438,478,8,27,토
2022-08-27,경의선,일산,6980,6450,13430,530,8,27,토
2022-08-27,경의선,풍산,4791,4449,9240,342,8,27,토
2022-08-27,경의선,백마,5027,4610,9637,417,8,27,토
2022-08-27,경의선,곡산,513,483,996,30,8,27,토
2022-08-27,경의선,능곡,3221,3165,6386,56,8,27,토
2022-08-27,경의선,행신,6086,6111,12197,-25,8,27,토
2022-08-27,경의선,강매,2269,2000,4269,269,8,27,토
2022-08-27,경의선,화전,1266,1238,2504,28,8,27,토
2022-08-27,경의선,수색,1862,1830,3692,32,8,27,토
2022-08-27,경의선,디지털미디어시티,2337,1987,4324,350,8,27,토
2022-08-27,경의선,가좌,4541,4254,8795,287,8,27,토
2022-08-27,경의선,홍대입구,2349,3141,5490,-792,8,27,토
2022-08-27,경의선,서강대,1780,1746,3526,34,8,27,토
2022-08-27,경의선,공덕,3247,2420,5667,827,8,27,토
2022-08-27,경의선,효창공원앞,1975,2296,4271,-321,8,27,토
2022-08-27,경의선,신촌,409,462,871,-53,8,27,토
2022-08-27,경의선,서울역,1504,1785,3289,-281,8,27,토
2022-08-27,경원선,소요산,5239,4489,9728,750,8,27,토
2022-08-27,경원선,동두천,1818,2267,4085,-449,8,27,토
2022-08-27,경원선,보산,1843,1818,3661,25,8,27,토
2022-08-27,경원선,동두천중앙,2859,2776,5635,83,8,27,토
2022-08-27,경원선,지행,6366,6159,12525,207,8,27,토
2022-08-27,경원선,덕정,5164,4571,9735,593,8,27,토
2022-08-27,경원선,덕계,2836,2570,5406,266,8,27,토
2022-08-27,경원선,양주,7198,6695,13893,503,8,27,토
2022-08-27,경원선,녹양,3918,3647,7565,271,8,27,토
2022-08-27,경원선,가능,5689,5252,10941,437,8,27,토
2022-08-27,경원선,의정부,18681,20048,38729,-1367,8,27,토
2022-08-27,경원선,회룡,10633,10545,21178,88,8,27,토
2022-08-27,경원선,망월사,6371,6366,12737,5,8,27,토
2022-08-27,경원선,도봉산,9552,6739,16291,2813,8,27,토
2022-08-27,경원선,도봉,4835,4519,9354,316,8,27,토
2022-08-27,경원선,방학,8197,7783,15980,414,8,27,토
2022-08-27,경원선,녹천,3420,2825,6245,595,8,27,토
2022-08-27,경원선,월계,5016,4579,9595,437,8,27,토
2022-08-27,경원선,광운대,5744,5629,11373,115,8,27,토
2022-08-27,경원선,석계,7183,7336,14519,-153,8,27,토
2022-08-27,경원선,신이문,6722,6066,12788,656,8,27,토
2022-08-27,경원선,외대앞,6724,6278,13002,446,8,27,토
2022-08-27,경원선,청량리(서울시립대입구),19213,20056,39269,-843,8,27,토
2022-08-27,경원선,왕십리(성동구청),13799,15854,29653,-2055,8,27,토
2022-08-27,경원선,응봉,1662,1456,3118,206,8,27,토
2022-08-27,경원선,옥수,53,38,91,15,8,27,토
2022-08-27,경원선,한남,2983,2967,5950,16,8,27,토
2022-08-27,경원선,서빙고,2722,2286,5008,436,8,27,토
2022-08-27,경원선,이촌(국립중앙박물관),3967,2658,6625,1309,8,27,토
2022-08-27,경부선,광명,3404,2907,6311,497,8,27,토
2022-08-27,경부선,서동탄,1107,1095,2202,12,8,27,토
2022-08-27,경부선,당정,4281,4048,8329,233,8,27,토
2022-08-27,경부선,천안,7255,7484,14739,-229,8,27,토
2022-08-27,경부선,두정,6145,6279,12424,-134,8,27,토
2022-08-27,경부선,직산,838,758,1596,80,8,27,토
2022-08-27,경부선,성환,3323,3020,6343,303,8,27,토
2022-08-27,경부선,평택,14771,14103,28874,668,8,27,토
2022-08-27,경부선,평택지제,3983,3662,7645,321,8,27,토
2022-08-27,경부선,서정리,8343,6463,14806,1880,8,27,토
2022-08-27,경부선,송탄,5574,4947,10521,627,8,27,토
2022-08-27,경부선,진위,1232,1062,2294,170,8,27,토
2022-08-27,경부선,오산,9990,9221,19211,769,8,27,토
2022-08-27,경부선,오산대,3208,2874,6082,334,8,27,토
2022-08-27,경부선,세마,2507,2189,4696,318,8,27,토
2022-08-27,경부선,병점,13043,12832,25875,211,8,27,토
2022-08-27,경부선,세류,2681,2637,5318,44,8,27,토
2022-08-27,경부선,독산,9684,9077,18761,607,8,27,토
2022-08-27,경부선,수원,40368,43999,84367,-3631,8,27,토
2022-08-27,경부선,화서,6105,5923,12028,182,8,27,토
2022-08-27,경부선,성균관대,11480,11600,23080,-120,8,27,토
2022-08-27,경부선,의왕,6386,6091,12477,295,8,27,토
2022-08-27,경부선,군포,4493,4180,8673,313,8,27,토
2022-08-27,경부선,금정,20973,20725,41698,248,8,27,토
2022-08-27,경부선,명학,4956,4502,9458,454,8,27,토
2022-08-27,경부선,안양,19130,19178,38308,-48,8,27,토
2022-08-27,경부선,관악,6848,6535,13383,313,8,27,토
2022-08-27,경부선,석수,7153,6615,13768,538,8,27,토
2022-08-27,경부선,금천구청,8961,8746,17707,215,8,27,토
2022-08-27,경부선,가산디지털단지,6583,8611,15194,-2028,8,27,토
2022-08-27,경부선,구로,13258,14028,27286,-770,8,27,토
2022-08-27,경부선,신길,6380,5385,11765,995,8,27,토
2022-08-27,경부선,신도림,3150,3498,6648,-348,8,27,토
2022-08-27,경부선,영등포,43077,45567,88644,-2490,8,27,토
2022-08-27,경부선,대방,7336,7798,15134,-462,8,27,토
2022-08-27,경부선,노량진,9033,8116,17149,917,8,27,토
2022-08-27,경부선,용산,41877,44326,86203,-2449,8,27,토
2022-08-27,경부선,남영,6649,6931,13580,-282,8,27,토
2022-08-27,경부선,서울역,10255,2579,12834,7676,8,27,토
2022-08-27,경강선,여주,2706,3015,5721,-309,8,27,토
2022-08-27,경강선,세종대왕릉,421,415,836,6,8,27,토
2022-08-27,경강선,부발,2288,2022,4310,266,8,27,토
2022-08-27,경강선,이천,3210,3247,6457,-37,8,27,토
2022-08-27,경강선,신둔도예촌,1395,1357,2752,38,8,27,토
2022-08-27,경강선,곤지암,2235,2305,4540,-70,8,27,토
2022-08-27,경강선,초월,2526,2308,4834,218,8,27,토
2022-08-27,경강선,경기광주,6186,5667,11853,519,8,27,토
2022-08-27,경강선,삼동,1785,1547,3332,238,8,27,토
2022-08-27,경강선,이매,979,742,1721,237,8,27,토
2022-08-27,경강선,판교,3323,3344,6667,-21,8,27,토
2022-08-27,9호선2~3단계,중앙보훈병원,5521,4950,10471,571,8,27,토
2022-08-27,9호선2~3단계,둔촌오륜,627,640,1267,-13,8,27,토
2022-08-27,9호선2~3단계,올림픽공원(한국체대),7791,7451,15242,340,8,27,토
2022-08-27,9호선2~3단계,한성백제,2206,2007,4213,199,8,27,토
2022-08-27,9호선2~3단계,송파나루,4268,4790,9058,-522,8,27,토
2022-08-27,9호선2~3단계,석촌,7570,6299,13869,1271,8,27,토
2022-08-27,9호선2~3단계,석촌고분,4621,4477,9098,144,8,27,토
2022-08-27,9호선2~3단계,삼전,5498,4898,10396,600,8,27,토
2022-08-27,9호선2~3단계,종합운동장,3927,3866,7793,61,8,27,토
2022-08-27,9호선2~3단계,봉은사,17056,18456,35512,-1400,8,27,토
2022-08-27,9호선2~3단계,삼성중앙,3492,3493,6985,-1,8,27,토
2022-08-27,9호선2~3단계,선정릉,5296,6123,11419,-827,8,27,토
2022-08-27,9호선2~3단계,언주,6856,6799,13655,57,8,27,토
2022-08-27,9호선,신논현,27897,28278,56175,-381,8,27,토
2022-08-27,9호선,사평,2969,2511,5480,458,8,27,토
2022-08-27,9호선,고속터미널,24784,32235,57019,-7451,8,27,토
2022-08-27,9호선,신반포,7460,9800,17260,-2340,8,27,토
2022-08-27,9호선,구반포,1211,1215,2426,-4,8,27,토
2022-08-27,9호선,동작(현충원),1769,1533,3302,236,8,27,토
2022-08-27,9호선,흑석(중앙대입구),6391,6383,12774,8,8,27,토
2022-08-27,9호선,노들,4387,3727,8114,660,8,27,토
2022-08-27,9호선,노량진,22855,22681,45536,174,8,27,토
2022-08-27,9호선,샛강,3352,3231,6583,121,8,27,토
2022-08-27,9호선,여의도,14460,14231,28691,229,8,27,토
2022-08-27,9호선,국회의사당,4909,5167,10076,-258,8,27,토
2022-08-27,9호선,당산,14854,14246,29100,608,8,27,토
2022-08-27,9호선,선유도,4559,4020,8579,539,8,27,토
2022-08-27,9호선,신목동,2807,2335,5142,472,8,27,토
2022-08-27,9호선,염창,13180,11915,25095,1265,8,27,토
2022-08-27,9호선,등촌,7787,7211,14998,576,8,27,토
2022-08-27,9호선,증미,4459,4095,8554,364,8,27,토
2022-08-27,9호선,가양,16554,15973,32527,581,8,27,토
2022-08-27,9호선,양천향교,6152,5745,11897,407,8,27,토
2022-08-27,9호선,마곡나루(서울식물원),8705,8519,17224,186,8,27,토
2022-08-27,9호선,신방화,5021,4696,9717,325,8,27,토
2022-08-27,9호선,공항시장,2388,2506,4894,-118,8,27,토
2022-08-27,9호선,김포공항,8175,12379,20554,-4204,8,27,토
2022-08-27,9호선,개화,1648,1317,2965,331,8,27,토
2022-08-27,8호선,남위례,4138,4161,8299,-23,8,27,토
2022-08-27,8호선,모란,3856,3454,7310,402,8,27,토
2022-08-27,8호선,수진,4464,3904,8368,560,8,27,토
2022-08-27,8호선,신흥,3655,3803,7458,-148,8,27,토
2022-08-27,8호선,단대오거리,8202,7535,15737,667,8,27,토
2022-08-27,8호선,남한산성입구(성남법원.검찰청),9794,8394,18188,1400,8,27,토
2022-08-27,8호선,산성,4454,4487,8941,-33,8,27,토
2022-08-27,8호선,복정,6602,5607,12209,995,8,27,토
2022-08-27,8호선,장지,12666,11330,23996,1336,8,27,토
2022-08-27,8호선,문정,9123,9188,18311,-65,8,27,토
2022-08-27,8호선,가락시장,5789,5973,11762,-184,8,27,토
2022-08-27,8호선,송파,6253,5812,12065,441,8,27,토
2022-08-27,8호선,석촌,5936,7494,13430,-1558,8,27,토
2022-08-27,8호선,잠실(송파구청),14176,16577,30753,-2401,8,27,토
2022-08-27,8호선,몽촌토성(평화의문),5094,5091,10185,3,8,27,토
2022-08-27,8호선,강동구청,6702,6548,13250,154,8,27,토
2022-08-27,8호선,천호(풍납토성),12239,14659,26898,-2420,8,27,토
2022-08-27,8호선,암사,13355,11806,25161,1549,8,27,토
2022-08-27,7호선,부평구청,1,0,1,1,8,27,토
2022-08-27,7호선,까치울,1,0,1,1,8,27,토
2022-08-27,7호선,온수(성공회대입구),5896,5893,11789,3,8,27,토
2022-08-27,7호선,천왕,7350,6937,14287,413,8,27,토
2022-08-27,7호선,광명사거리,17584,17504,35088,80,8,27,토
2022-08-27,7호선,철산,16799,16651,33450,148,8,27,토
2022-08-27,7호선,가산디지털단지,14613,13100,27713,1513,8,27,토
2022-08-27,7호선,남구로,8589,9066,17655,-477,8,27,토
2022-08-27,7호선,대림(구로구청),7438,8193,15631,-755,8,27,토
2022-08-27,7호선,신풍,8569,8043,16612,526,8,27,토
2022-08-27,7호선,보라매,5760,5470,11230,290,8,27,토
2022-08-27,7호선,신대방삼거리,11458,10523,21981,935,8,27,토
2022-08-27,7호선,장승배기,6949,6536,13485,413,8,27,토
2022-08-27,7호선,상도,8340,7618,15958,722,8,27,토
2022-08-27,7호선,숭실대입구(살피재),8529,8498,17027,31,8,27,토
2022-08-27,7호선,남성,8250,7434,15684,816,8,27,토
2022-08-27,7호선,이수,12663,12305,24968,358,8,27,토
2022-08-27,7호선,내방,8354,8166,16520,188,8,27,토
2022-08-27,7호선,고속터미널,17596,13565,31161,4031,8,27,토
2022-08-27,7호선,반포,5517,5908,11425,-391,8,27,토
2022-08-27,7호선,논현,10876,11748,22624,-872,8,27,토
2022-08-27,7호선,학동,12024,12656,24680,-632,8,27,토
2022-08-27,7호선,강남구청,10757,12076,22833,-1319,8,27,토
2022-08-27,7호선,청담,12135,13287,25422,-1152,8,27,토
2022-08-27,7호선,뚝섬유원지,15908,15012,30920,896,8,27,토
2022-08-27,7호선,건대입구,11778,13190,24968,-1412,8,27,토
2022-08-27,7호선,어린이대공원(세종대),13750,13431,27181,319,8,27,토
2022-08-27,7호선,군자(능동),11821,8637,20458,3184,8,27,토
2022-08-27,7호선,중곡,7307,6722,14029,585,8,27,토
2022-08-27,7호선,용마산(용마폭포공원),5015,4919,9934,96,8,27,토
2022-08-27,7호선,사가정,12918,12148,25066,770,8,27,토
2022-08-27,7호선,면목,11740,11021,22761,719,8,27,토
2022-08-27,7호선,상봉(시외버스터미널),14414,13958,28372,456,8,27,토
2022-08-27,7호선,중화,8074,7509,15583,565,8,27,토
2022-08-27,7호선,먹골,8139,7736,15875,403,8,27,토
2022-08-27,7호선,태릉입구,7220,6820,14040,400,8,27,토
2022-08-27,7호선,공릉(서울과학기술대),9084,8758,17842,326,8,27,토
2022-08-27,7호선,하계,13031,11941,24972,1090,8,27,토
2022-08-27,7호선,중계,10007,8886,18893,1121,8,27,토
2022-08-27,7호선,노원,16614,17406,34020,-792,8,27,토
2022-08-27,7호선,마들,9920,9024,18944,896,8,27,토
2022-08-27,7호선,수락산,10955,10668,21623,287,8,27,토
2022-08-27,7호선,도봉산,7244,9566,16810,-2322,8,27,토
2022-08-27,7호선,장암,1904,1325,3229,579,8,27,토
2022-08-27,6호선,신내,1,0,1,1,8,27,토
2022-08-27,6호선,봉화산(서울의료원),5870,5519,11389,351,8,27,토
2022-08-27,6호선,화랑대(서울여대입구),7860,6299,14159,1561,8,27,토
2022-08-27,6호선,태릉입구,4584,4881,9465,-297,8,27,토
2022-08-27,6호선,석계,9257,9047,18304,210,8,27,토
2022-08-27,6호선,돌곶이,6758,6006,12764,752,8,27,토
2022-08-27,6호선,상월곡(한국과학기술연구원),4348,3805,8153,543,8,27,토
2022-08-27,6호선,월곡(동덕여대),8089,7610,15699,479,8,27,토
2022-08-27,6호선,고려대(종암),5818,5446,11264,372,8,27,토
2022-08-27,6호선,안암(고대병원앞),7288,7179,14467,109,8,27,토
2022-08-27,6호선,보문,5687,4977,10664,710,8,27,토
2022-08-27,6호선,창신,2345,1921,4266,424,8,27,토
2022-08-27,6호선,동묘앞,8170,7921,16091,249,8,27,토
2022-08-27,6호선,신당,6096,5831,11927,265,8,27,토
2022-08-27,6호선,청구,2708,2580,5288,128,8,27,토
2022-08-27,6호선,약수,2589,2639,5228,-50,8,27,토
2022-08-27,6호선,버티고개,1538,1646,3184,-108,8,27,토
2022-08-27,6호선,한강진,8755,11592,20347,-2837,8,27,토
2022-08-27,6호선,이태원,17334,22659,39993,-5325,8,27,토
2022-08-27,6호선,녹사평(용산구청),6458,7984,14442,-1526,8,27,토
2022-08-27,6호선,삼각지,6758,4814,11572,1944,8,27,토
2022-08-27,6호선,효창공원앞,4966,4413,9379,553,8,27,토
2022-08-27,6호선,공덕,10927,10601,21528,326,8,27,토
2022-08-27,6호선,대흥(서강대앞),5958,5987,11945,-29,8,27,토
2022-08-27,6호선,광흥창(서강),5649,5216,10865,433,8,27,토
2022-08-27,6호선,상수,9330,12116,21446,-2786,8,27,토
2022-08-27,6호선,합정,13950,12973,26923,977,8,27,토
2022-08-27,6호선,망원,14749,16164,30913,-1415,8,27,토
2022-08-27,6호선,마포구청,10558,8991,19549,1567,8,27,토
2022-08-27,6호선,월드컵경기장(성산),6073,6074,12147,-1,8,27,토
2022-08-27,6호선,디지털미디어시티,8441,8526,16967,-85,8,27,토
2022-08-27,6호선,증산(명지대앞),7665,7396,15061,269,8,27,토
2022-08-27,6호선,새절(신사),9013,8249,17262,764,8,27,토
2022-08-27,6호선,구산,5954,4285,10239,1669,8,27,토
2022-08-27,6호선,독바위,2128,2378,4506,-250,8,27,토
2022-08-27,6호선,불광,3880,3713,7593,167,8,27,토
2022-08-27,6호선,역촌,3030,3188,6218,-158,8,27,토
2022-08-27,6호선,응암,12972,12752,25724,220,8,27,토
2022-08-27,5호선,하남검단산,6127,5936,12063,191,8,27,토
2022-08-27,5호선,하남시청(덕풍·신장),6177,5739,11916,438,8,27,토
2022-08-27,5호선,하남풍산,2960,2956,5916,4,8,27,토
2022-08-27,5호선,미사,13411,13259,26670,152,8,27,토
2022-08-27,5호선,강일,3595,3187,6782,408,8,27,토
2022-08-27,5호선,마천,5168,5124,10292,44,8,27,토
2022-08-27,5호선,거여,6847,6219,13066,628,8,27,토
2022-08-27,5호선,개롱,4434,4599,9033,-165,8,27,토
2022-08-27,5호선,오금,2118,1860,3978,258,8,27,토
2022-08-27,5호선,방이,5520,5357,10877,163,8,27,토
2022-08-27,5호선,올림픽공원(한국체대),4101,3855,7956,246,8,27,토
2022-08-27,5호선,둔촌동,6094,6074,12168,20,8,27,토
2022-08-27,5호선,상일동,10089,9190,19279,899,8,27,토
2022-08-27,5호선,고덕,6980,6741,13721,239,8,27,토
2022-08-27,5호선,명일,6533,6364,12897,169,8,27,토
2022-08-27,5호선,굽은다리(강동구민회관앞),7521,6919,14440,602,8,27,토
2022-08-27,5호선,길동,6306,6342,12648,-36,8,27,토
2022-08-27,5호선,강동,14377,13550,27927,827,8,27,토
2022-08-27,5호선,천호(풍납토성),18159,17538,35697,621,8,27,토
2022-08-27,5호선,광나루(장신대),12306,12047,24353,259,8,27,토
2022-08-27,5호선,아차산(어린이대공원후문),13723,12617,26340,1106,8,27,토
2022-08-27,5호선,군자(능동),8799,9926,18725,-1127,8,27,토
2022-08-27,5호선,장한평,12618,12193,24811,425,8,27,토
2022-08-27,5호선,답십리,11515,10139,21654,1376,8,27,토
2022-08-27,5호선,마장,4313,4039,8352,274,8,27,토
2022-08-27,5호선,왕십리(성동구청),3456,4511,7967,-1055,8,27,토
2022-08-27,5호선,행당,6091,5127,11218,964,8,27,토
2022-08-27,5호선,신금호,4388,4604,8992,-216,8,27,토
2022-08-27,5호선,청구,2741,2447,5188,294,8,27,토
2022-08-27,5호선,동대문역사문화공원(DDP),1191,1654,2845,-463,8,27,토
2022-08-27,5호선,을지로4가,3905,4429,8334,-524,8,27,토
2022-08-27,5호선,종로3가,14296,15078,29374,-782,8,27,토
2022-08-27,5호선,광화문(세종문화회관),21550,22419,43969,-869,8,27,토
2022-08-27,5호선,서대문,8105,7883,15988,222,8,27,토
2022-08-27,5호선,충정로(경기대입구),2061,1816,3877,245,8,27,토
2022-08-27,5호선,애오개,3942,3824,7766,118,8,27,토
2022-08-27,5호선,공덕,7919,8328,16247,-409,8,27,토
2022-08-27,5호선,마포,8075,8133,16208,-58,8,27,토
2022-08-27,5호선,여의나루,23694,24663,48357,-969,8,27,토
2022-08-27,5호선,여의도,12905,14642,27547,-1737,8,27,토
2022-08-27,5호선,신길,3063,3097,6160,-34,8,27,토
2022-08-27,5호선,영등포시장,9146,9442,18588,-296,8,27,토
2022-08-27,5호선,영등포구청,2276,2102,4378,174,8,27,토
2022-08-27,5호선,양평,4054,3641,7695,413,8,27,토
2022-08-27,5호선,오목교(목동운동장앞),17189,17879,35068,-690,8,27,토
2022-08-27,5호선,목동,12316,12226,24542,90,8,27,토
2022-08-27,5호선,신정(은행정),9611,8070,17681,1541,8,27,토
2022-08-27,5호선,까치산,22612,21022,43634,1590,8,27,토
2022-08-27,5호선,화곡,21827,19481,41308,2346,8,27,토
2022-08-27,5호선,우장산,10778,10367,21145,411,8,27,토
2022-08-27,5호선,발산,14028,15281,29309,-1253,8,27,토
2022-08-27,5호선,마곡,5977,6159,12136,-182,8,27,토
2022-08-27,5호선,송정,5431,4941,10372,490,8,27,토
2022-08-27,5호선,김포공항,7991,7951,15942,40,8,27,토
2022-08-27,5호선,개화산,3935,3762,7697,173,8,27,토
2022-08-27,5호선,방화,5080,4825,9905,255,8,27,토
2022-08-27,4호선,남태령,1564,865,2429,699,8,27,토
2022-08-27,4호선,사당,23489,20887,44376,2602,8,27,토
2022-08-27,4호선,총신대입구(이수),15384,16770,32154,-1386,8,27,토
2022-08-27,4호선,동작(현충원),2282,2269,4551,13,8,27,토
2022-08-27,4호선,이촌(국립중앙박물관),11518,12725,24243,-1207,8,27,토
2022-08-27,4호선,신용산,12812,14032,26844,-1220,8,27,토
2022-08-27,4호선,삼각지,4441,5964,10405,-1523,8,27,토
2022-08-27,4호선,숙대입구(갈월),10428,10144,20572,284,8,27,토
2022-08-27,4호선,서울역,6670,16355,23025,-9685,8,27,토
2022-08-27,4호선,회현(남대문시장),19310,20142,39452,-832,8,27,토
2022-08-27,4호선,명동,18150,20821,38971,-2671,8,27,토
2022-08-27,4호선,충무로,14067,16395,30462,-2328,8,27,토
2022-08-27,4호선,동대문역사문화공원(DDP),12884,11378,24262,1506,8,27,토
2022-08-27,4호선,동대문,14750,14962,29712,-212,8,27,토
2022-08-27,4호선,혜화,32921,35051,67972,-2130,8,27,토
2022-08-27,4호선,한성대입구(삼선교),11096,10742,21838,354,8,27,토
2022-08-27,4호선,성신여대입구(돈암),17366,16391,33757,975,8,27,토
2022-08-27,4호선,길음,16296,15054,31350,1242,8,27,토
2022-08-27,4호선,미아사거리,23765,22378,46143,1387,8,27,토
2022-08-27,4호선,미아(서울사이버대학),11451,10450,21901,1001,8,27,토
2022-08-27,4호선,수유(강북구청),28035,27446,55481,589,8,27,토
2022-08-27,4호선,쌍문,22746,19754,42500,2992,8,27,토
2022-08-27,4호선,창동,21316,22393,43709,-1077,8,27,토
2022-08-27,4호선,노원,16663,18687,35350,-2024,8,27,토
2022-08-27,4호선,상계,14967,13650,28617,1317,8,27,토
2022-08-27,4호선,당고개,7884,7088,14972,796,8,27,토
2022-08-27,3호선,오금,3881,3589,7470,292,8,27,토
2022-08-27,3호선,경찰병원,4132,3960,8092,172,8,27,토
2022-08-27,3호선,가락시장,6946,6706,13652,240,8,27,토
2022-08-27,3호선,수서,14697,14688,29385,9,8,27,토
2022-08-27,3호선,일원,5990,5765,11755,225,8,27,토
2022-08-27,3호선,대청,6398,5811,12209,587,8,27,토
2022-08-27,3호선,학여울,4729,5239,9968,-510,8,27,토
2022-08-27,3호선,대치,11809,10424,22233,1385,8,27,토
2022-08-27,3호선,도곡,3996,4293,8289,-297,8,27,토
2022-08-27,3호선,매봉,6604,6283,12887,321,8,27,토
2022-08-27,3호선,양재(서초구청),21823,24008,45831,-2185,8,27,토
2022-08-27,3호선,남부터미널(예술의전당),23346,23031,46377,315,8,27,토
2022-08-27,3호선,교대(법원.검찰청),8226,5139,13365,3087,8,27,토
2022-08-27,3호선,고속터미널,70736,61116,131852,9620,8,27,토
2022-08-27,3호선,잠원,4127,3696,7823,431,8,27,토
2022-08-27,3호선,신사,25055,27196,52251,-2141,8,27,토
2022-08-27,3호선,압구정,26743,28827,55570,-2084,8,27,토
2022-08-27,3호선,옥수,7707,7574,15281,133,8,27,토
2022-08-27,3호선,금호,6245,5621,11866,624,8,27,토
2022-08-27,3호선,약수,9672,9224,18896,448,8,27,토
2022-08-27,3호선,동대입구,9343,10878,20221,-1535,8,27,토
2022-08-27,3호선,충무로,1,0,1,1,8,27,토
2022-08-27,3호선,을지로3가,5821,6282,12103,-461,8,27,토
2022-08-27,3호선,종로3가,6448,9584,16032,-3136,8,27,토
2022-08-27,3호선,안국,19386,21461,40847,-2075,8,27,토
2022-08-27,3호선,경복궁(정부서울청사),19009,21848,40857,-2839,8,27,토
2022-08-27,3호선,독립문,6332,6729,13061,-397,8,27,토
2022-08-27,3호선,무악재,2974,2969,5943,5,8,27,토
2022-08-27,3호선,홍제,14054,13244,27298,810,8,27,토
2022-08-27,3호선,녹번,11256,9500,20756,1756,8,27,토
2022-08-27,3호선,불광,13510,15281,28791,-1771,8,27,토
2022-08-27,3호선,연신내,30759,28377,59136,2382,8,27,토
2022-08-27,3호선,구파발,16729,17179,33908,-450,8,27,토
2022-08-27,3호선,지축,3984,3604,7588,380,8,27,토
2022-08-27,2호선,용두(동대문구청),2027,1909,3936,118,8,27,토
2022-08-27,2호선,신정네거리,8197,7983,16180,214,8,27,토
2022-08-27,2호선,양천구청,4643,4553,9196,90,8,27,토
2022-08-27,2호선,도림천,818,806,1624,12,8,27,토
2022-08-27,2호선,신설동,3662,3488,7150,174,8,27,토
2022-08-27,2호선,신답,1133,1195,2328,-62,8,27,토
2022-08-27,2호선,용답,2347,2086,4433,261,8,27,토
2022-08-27,2호선,충정로(경기대입구),6237,6655,12892,-418,8,27,토
2022-08-27,2호선,아현,8140,7549,15689,591,8,27,토
2022-08-27,2호선,이대,11417,11739,23156,-322,8,27,토
2022-08-27,2호선,신촌,32583,33368,65951,-785,8,27,토
2022-08-27,2호선,홍대입구,72314,82372,154686,-10058,8,27,토
2022-08-27,2호선,합정,30880,35801,66681,-4921,8,27,토
2022-08-27,2호선,당산,14169,15227,29396,-1058,8,27,토
2022-08-27,2호선,영등포구청,13116,14069,27185,-953,8,27,토
2022-08-27,2호선,문래,13735,14845,28580,-1110,8,27,토
2022-08-27,2호선,신도림,42254,43313,85567,-1059,8,27,토
2022-08-27,2호선,대림(구로구청),18781,19790,38571,-1009,8,27,토
2022-08-27,2호선,구로디지털단지,36166,35326,71492,840,8,27,토
2022-08-27,2호선,신대방,20814,19310,40124,1504,8,27,토
2022-08-27,2호선,신림,49447,46546,95993,2901,8,27,토
2022-08-27,2호선,봉천,18439,16542,34981,1897,8,27,토
2022-08-27,2호선,서울대입구(관악구청),39403,37244,76647,2159,8,27,토
2022-08-27,2호선,낙성대(강감찬),22760,20961,43721,1799,8,27,토
2022-08-27,2호선,사당,33964,37920,71884,-3956,8,27,토
2022-08-27,2호선,방배,10210,10477,20687,-267,8,27,토
2022-08-27,2호선,서초,12867,11049,23916,1818,8,27,토
2022-08-27,2호선,교대(법원.검찰청),18731,21873,40604,-3142,8,27,토
2022-08-27,2호선,강남,60106,60754,120860,-648,8,27,토
2022-08-27,2호선,역삼,18247,20585,38832,-2338,8,27,토
2022-08-27,2호선,선릉,26842,23248,50090,3594,8,27,토
2022-08-27,2호선,삼성(무역센터),36515,35860,72375,655,8,27,토
2022-08-27,2호선,종합운동장,17598,19066,36664,-1468,8,27,토
2022-08-27,2호선,잠실새내,18416,19258,37674,-842,8,27,토
2022-08-27,2호선,잠실(송파구청),72115,69331,141446,2784,8,27,토
2022-08-27,2호선,잠실나루,8251,8036,16287,215,8,27,토
2022-08-27,2호선,강변(동서울터미널),31424,32251,63675,-827,8,27,토
2022-08-27,2호선,구의(광진구청),17344,16489,33833,855,8,27,토
2022-08-27,2호선,건대입구,36095,39980,76075,-3885,8,27,토
2022-08-27,2호선,성수,22442,27029,49471,-4587,8,27,토
2022-08-27,2호선,뚝섬,16550,17156,33706,-606,8,27,토
2022-08-27,2호선,한양대,5368,5430,10798,-62,8,27,토
2022-08-27,2호선,왕십리(성동구청),13959,12070,26029,1889,8,27,토
2022-08-27,2호선,상왕십리,10340,9648,19988,692,8,27,토
2022-08-27,2호선,신당,11799,12260,24059,-461,8,27,토
2022-08-27,2호선,동대문역사문화공원(DDP),11198,12788,23986,-1590,8,27,토
2022-08-27,2호선,을지로4가,8644,9031,17675,-387,8,27,토
2022-08-27,2호선,을지로3가,12460,12398,24858,62,8,27,토
2022-08-27,2호선,을지로입구,25192,25200,50392,-8,8,27,토
2022-08-27,2호선,시청,11196,9984,21180,1212,8,27,토
2022-08-27,1호선,동묘앞,12403,12783,25186,-380,8,27,토
2022-08-27,1호선,청량리(서울시립대입구),20007,20362,40369,-355,8,27,토
2022-08-27,1호선,제기동,18062,18818,36880,-756,8,27,토
2022-08-27,1호선,신설동,10167,9701,19868,466,8,27,토
2022-08-27,1호선,동대문,10694,10415,21109,279,8,27,토
2022-08-27,1호선,종로3가,25944,24527,50471,1417,8,27,토
2022-08-27,1호선,종각,23050,21733,44783,1317,8,27,토
2022-08-27,1호선,시청,14422,14671,29093,-249,8,27,토
2022-08-27,1호선,서울역,39242,38664,77906,578,8,27,토
2022-08-28,9호선,여의도,11049,10120,21169,929,8,28,일
2022-08-28,1호선,서울역,32602,30503,63105,2099,8,28,일
2022-08-28,1호선,시청,13579,13379,26958,200,8,28,일
2022-08-28,1호선,종각,15231,12928,28159,2303,8,28,일
2022-08-28,1호선,종로3가,16819,14418,31237,2401,8,28,일
2022-08-28,1호선,종로5가,11456,11123,22579,333,8,28,일
2022-08-28,1호선,동대문,10121,10565,20686,-444,8,28,일
2022-08-28,1호선,신설동,8098,8213,16311,-115,8,28,일
2022-08-28,1호선,제기동,11928,12920,24848,-992,8,28,일
2022-08-28,1호선,청량리(서울시립대입구),14410,14628,29038,-218,8,28,일
2022-08-28,1호선,동묘앞,13286,13183,26469,103,8,28,일
2022-08-28,2호선,을지로입구,18709,17927,36636,782,8,28,일
2022-08-28,2호선,을지로3가,9691,9501,19192,190,8,28,일
2022-08-28,2호선,을지로4가,4693,4437,9130,256,8,28,일
2022-08-28,2호선,동대문역사문화공원(DDP),9246,11263,20509,-2017,8,28,일
2022-08-28,2호선,신당,8686,9173,17859,-487,8,28,일
2022-08-28,2호선,상왕십리,7252,7386,14638,-134,8,28,일
2022-08-28,2호선,왕십리(성동구청),9963,8566,18529,1397,8,28,일
2022-08-28,2호선,한양대,2862,3363,6225,-501,8,28,일
2022-08-28,2호선,뚝섬,12521,12203,24724,318,8,28,일
2022-08-28,2호선,성수,15663,18207,33870,-2544,8,28,일
2022-08-28,2호선,건대입구,27522,29119,56641,-1597,8,28,일
2022-08-28,2호선,구의(광진구청),11999,12032,24031,-33,8,28,일
2022-08-28,2호선,강변(동서울터미널),25721,24548,50269,1173,8,28,일
2022-08-28,2호선,잠실나루,5992,6000,11992,-8,8,28,일
2022-08-28,2호선,잠실(송파구청),52049,48982,101031,3067,8,28,일
2022-08-28,2호선,잠실새내,12379,12561,24940,-182,8,28,일
2022-08-28,2호선,종합운동장,12085,12789,24874,-704,8,28,일
2022-08-28,2호선,삼성(무역센터),27134,25434,52568,1700,8,28,일
2022-08-28,2호선,선릉,14323,12228,26551,2095,8,28,일
2022-08-28,2호선,역삼,11805,12902,24707,-1097,8,28,일
2022-08-28,2호선,강남,35379,34118,69497,1261,8,28,일
2022-08-28,2호선,교대(법원.검찰청),11488,12731,24219,-1243,8,28,일
2022-08-28,2호선,서초,13011,12310,25321,701,8,28,일
2022-08-28,2호선,방배,7289,7563,14852,-274,8,28,일
2022-08-28,2호선,사당,23306,25951,49257,-2645,8,28,일
2022-08-28,2호선,낙성대(강감찬),16728,17021,33749,-293,8,28,일
2022-08-28,2호선,서울대입구(관악구청),27855,28555,56410,-700,8,28,일
2022-08-28,2호선,봉천,13087,12553,25640,534,8,28,일
2022-08-28,2호선,신림,36999,36144,73143,855,8,28,일
2022-08-28,2호선,신대방,15877,15493,31370,384,8,28,일
2022-08-28,2호선,구로디지털단지,25325,24905,50230,420,8,28,일
2022-08-28,2호선,대림(구로구청),16288,16792,33080,-504,8,28,일
2022-08-28,2호선,신도림,30151,30905,61056,-754,8,28,일
2022-08-28,2호선,문래,8841,9441,18282,-600,8,28,일
2022-08-28,2호선,영등포구청,8339,8600,16939,-261,8,28,일
2022-08-28,2호선,당산,9705,10194,19899,-489,8,28,일
2022-08-28,2호선,합정,23045,24822,47867,-1777,8,28,일
2022-08-28,2호선,홍대입구,57285,57799,115084,-514,8,28,일
2022-08-28,2호선,신촌,23953,23476,47429,477,8,28,일
2022-08-28,2호선,이대,8082,8682,16764,-600,8,28,일
2022-08-28,2호선,아현,5842,5685,11527,157,8,28,일
2022-08-28,2호선,충정로(경기대입구),3999,4370,8369,-371,8,28,일
2022-08-28,2호선,용답,1904,1796,3700,108,8,28,일
2022-08-28,2호선,신답,843,873,1716,-30,8,28,일
2022-08-28,2호선,신설동,3475,3342,6817,133,8,28,일
2022-08-28,2호선,도림천,475,495,970,-20,8,28,일
2022-08-28,2호선,양천구청,3598,3672,7270,-74,8,28,일
2022-08-28,2호선,신정네거리,5621,5628,11249,-7,8,28,일
2022-08-28,2호선,용두(동대문구청),1151,1151,2302,0,8,28,일
2022-08-28,3호선,지축,2904,2743,5647,161,8,28,일
2022-08-28,3호선,구파발,12546,13389,25935,-843,8,28,일
2022-08-28,3호선,연신내,22432,21296,43728,1136,8,28,일
2022-08-28,3호선,불광,10300,11442,21742,-1142,8,28,일
2022-08-28,3호선,녹번,7782,7095,14877,687,8,28,일
2022-08-28,3호선,홍제,10109,9747,19856,362,8,28,일
2022-08-28,3호선,무악재,1978,2113,4091,-135,8,28,일
2022-08-28,3호선,독립문,4780,5087,9867,-307,8,28,일
2022-08-28,3호선,경복궁(정부서울청사),15570,17795,33365,-2225,8,28,일
2022-08-28,3호선,안국,14213,14530,28743,-317,8,28,일
2022-08-28,3호선,종로3가,4297,5676,9973,-1379,8,28,일
2022-08-28,3호선,을지로3가,4020,3607,7627,413,8,28,일
2022-08-28,3호선,충무로,2,0,2,2,8,28,일
2022-08-28,3호선,동대입구,9033,9856,18889,-823,8,28,일
2022-08-28,3호선,약수,7288,6973,14261,315,8,28,일
2022-08-28,3호선,금호,4457,4267,8724,190,8,28,일
2022-08-28,3호선,옥수,5568,5798,11366,-230,8,28,일
2022-08-28,3호선,압구정,15644,16437,32081,-793,8,28,일
2022-08-28,3호선,신사,14531,14574,29105,-43,8,28,일
2022-08-28,3호선,고속터미널,49017,44899,93916,4118,8,28,일
2022-08-28,3호선,교대(법원.검찰청),5019,3047,8066,1972,8,28,일
2022-08-28,3호선,남부터미널(예술의전당),16708,17290,33998,-582,8,28,일
2022-08-28,3호선,양재(서초구청),14198,16417,30615,-2219,8,28,일
2022-08-28,3호선,매봉,4235,4145,8380,90,8,28,일
2022-08-28,3호선,도곡,2034,2195,4229,-161,8,28,일
2022-08-28,3호선,대치,7777,6494,14271,1283,8,28,일
2022-08-28,3호선,학여울,3346,3784,7130,-438,8,28,일
2022-08-28,3호선,대청,4367,4322,8689,45,8,28,일
2022-08-28,3호선,일원,3976,4077,8053,-101,8,28,일
2022-08-28,3호선,수서,11148,11280,22428,-132,8,28,일
2022-08-28,3호선,가락시장,4109,4221,8330,-112,8,28,일
2022-08-28,3호선,경찰병원,2854,2960,5814,-106,8,28,일
2022-08-28,3호선,오금,2962,2935,5897,27,8,28,일
2022-08-28,4호선,당고개,5933,5615,11548,318,8,28,일
2022-08-28,4호선,상계,11006,9923,20929,1083,8,28,일
2022-08-28,4호선,노원,12262,13369,25631,-1107,8,28,일
2022-08-28,4호선,창동,15873,16524,32397,-651,8,28,일
2022-08-28,4호선,쌍문,16910,15262,32172,1648,8,28,일
2022-08-28,4호선,수유(강북구청),20794,20197,40991,597,8,28,일
2022-08-28,4호선,미아(서울사이버대학),8480,7843,16323,637,8,28,일
2022-08-28,4호선,미아사거리,16729,15848,32577,881,8,28,일
2022-08-28,4호선,길음,11230,10895,22125,335,8,28,일
2022-08-28,4호선,성신여대입구(돈암),12886,12452,25338,434,8,28,일
2022-08-28,4호선,한성대입구(삼선교),8124,8184,16308,-60,8,28,일
2022-08-28,4호선,혜화,25687,27553,53240,-1866,8,28,일
2022-08-28,4호선,동대문,7724,8433,16157,-709,8,28,일
2022-08-28,4호선,동대문역사문화공원(DDP),10550,9673,20223,877,8,28,일
2022-08-28,4호선,충무로,8968,10314,19282,-1346,8,28,일
2022-08-28,4호선,명동,15062,16279,31341,-1217,8,28,일
2022-08-28,4호선,회현(남대문시장),9726,9584,19310,142,8,28,일
2022-08-28,4호선,서울역,5077,13353,18430,-8276,8,28,일
2022-08-28,4호선,숙대입구(갈월),8326,8282,16608,44,8,28,일
2022-08-28,4호선,삼각지,3459,4671,8130,-1212,8,28,일
2022-08-28,4호선,신용산,9540,10025,19565,-485,8,28,일
2022-08-28,4호선,이촌(국립중앙박물관),8359,9102,17461,-743,8,28,일
2022-08-28,4호선,동작(현충원),1424,1549,2973,-125,8,28,일
2022-08-28,4호선,총신대입구(이수),11047,12097,23144,-1050,8,28,일
2022-08-28,4호선,사당,16750,15615,32365,1135,8,28,일
2022-08-28,4호선,남태령,946,674,1620,272,8,28,일
2022-08-28,5호선,방화,3749,3570,7319,179,8,28,일
2022-08-28,5호선,개화산,2821,2872,5693,-51,8,28,일
2022-08-28,5호선,김포공항,7174,6950,14124,224,8,28,일
2022-08-28,5호선,송정,3918,3837,7755,81,8,28,일
2022-08-28,5호선,마곡,3847,4205,8052,-358,8,28,일
2022-08-28,5호선,발산,9245,9947,19192,-702,8,28,일
2022-08-28,5호선,우장산,7359,7576,14935,-217,8,28,일
2022-08-28,5호선,화곡,15136,14367,29503,769,8,28,일
2022-08-28,5호선,까치산,16416,15915,32331,501,8,28,일
2022-08-28,5호선,신정(은행정),6623,5962,12585,661,8,28,일
2022-08-28,5호선,목동,8370,8552,16922,-182,8,28,일
2022-08-28,5호선,오목교(목동운동장앞),12088,12506,24594,-418,8,28,일
2022-08-28,5호선,양평,2933,2868,5801,65,8,28,일
2022-08-28,5호선,영등포구청,1489,1494,2983,-5,8,28,일
2022-08-28,5호선,영등포시장,6308,6728,13036,-420,8,28,일
2022-08-28,5호선,신길,2251,2449,4700,-198,8,28,일
2022-08-28,5호선,여의도,9285,10259,19544,-974,8,28,일
2022-08-28,5호선,여의나루,18875,19241,38116,-366,8,28,일
2022-08-28,5호선,마포,5162,5294,10456,-132,8,28,일
2022-08-28,5호선,공덕,5104,5195,10299,-91,8,28,일
2022-08-28,5호선,애오개,2834,2897,5731,-63,8,28,일
2022-08-28,5호선,충정로(경기대입구),1700,1599,3299,101,8,28,일
2022-08-28,5호선,서대문,5722,5801,11523,-79,8,28,일
2022-08-28,5호선,광화문(세종문화회관),16877,17138,34015,-261,8,28,일
2022-08-28,5호선,종로3가,10193,9130,19323,1063,8,28,일
2022-08-28,5호선,을지로4가,2143,2304,4447,-161,8,28,일
2022-08-28,5호선,동대문역사문화공원(DDP),1019,1159,2178,-140,8,28,일
2022-08-28,5호선,청구,2004,1883,3887,121,8,28,일
2022-08-28,5호선,신금호,3068,3390,6458,-322,8,28,일
2022-08-28,5호선,행당,4370,3940,8310,430,8,28,일
2022-08-28,5호선,왕십리(성동구청),2582,3065,5647,-483,8,28,일
2022-08-28,5호선,마장,3129,3023,6152,106,8,28,일
2022-08-28,5호선,답십리,8469,7852,16321,617,8,28,일
2022-08-28,5호선,장한평,8548,8392,16940,156,8,28,일
2022-08-28,5호선,군자(능동),6576,7371,13947,-795,8,28,일
2022-08-28,5호선,아차산(어린이대공원후문),10933,10896,21829,37,8,28,일
2022-08-28,5호선,광나루(장신대),9585,9136,18721,449,8,28,일
2022-08-28,5호선,천호(풍납토성),13626,12685,26311,941,8,28,일
2022-08-28,5호선,강동,9677,9640,19317,37,8,28,일
2022-08-28,5호선,길동,4190,4375,8565,-185,8,28,일
2022-08-28,5호선,굽은다리(강동구민회관앞),5585,5239,10824,346,8,28,일
2022-08-28,5호선,명일,5320,5245,10565,75,8,28,일
2022-08-28,5호선,고덕,4333,4391,8724,-58,8,28,일
2022-08-28,5호선,상일동,6982,6750,13732,232,8,28,일
2022-08-28,5호선,둔촌동,4870,4753,9623,117,8,28,일
2022-08-28,5호선,올림픽공원(한국체대),3640,3817,7457,-177,8,28,일
2022-08-28,5호선,방이,4423,4202,8625,221,8,28,일
2022-08-28,5호선,오금,1550,1459,3009,91,8,28,일
2022-08-28,5호선,개롱,3118,3455,6573,-337,8,28,일
2022-08-28,5호선,거여,4923,4873,9796,50,8,28,일
2022-08-28,5호선,마천,3842,4065,7907,-223,8,28,일
2022-08-28,5호선,강일,2599,2444,5043,155,8,28,일
2022-08-28,5호선,미사,9455,9738,19193,-283,8,28,일
2022-08-28,5호선,하남풍산,2355,2315,4670,40,8,28,일
2022-08-28,5호선,하남시청(덕풍·신장),4433,4101,8534,332,8,28,일
2022-08-28,5호선,하남검단산,4998,5001,9999,-3,8,28,일
2022-08-28,6호선,응암,9713,9676,19389,37,8,28,일
2022-08-28,6호선,역촌,2136,2450,4586,-314,8,28,일
2022-08-28,6호선,불광,3221,2958,6179,263,8,28,일
2022-08-28,6호선,독바위,1637,2019,3656,-382,8,28,일
2022-08-28,6호선,연신내,1,0,1,1,8,28,일
2022-08-28,6호선,구산,4246,3180,7426,1066,8,28,일
2022-08-28,6호선,새절(신사),6634,6542,13176,92,8,28,일
2022-08-28,6호선,증산(명지대앞),5797,5797,11594,0,8,28,일
2022-08-28,6호선,디지털미디어시티,5872,6252,12124,-380,8,28,일
2022-08-28,6호선,월드컵경기장(성산),4428,4437,8865,-9,8,28,일
2022-08-28,6호선,마포구청,7649,6888,14537,761,8,28,일
2022-08-28,6호선,망원,10803,11676,22479,-873,8,28,일
2022-08-28,6호선,합정,10355,9516,19871,839,8,28,일
2022-08-28,6호선,상수,7494,8201,15695,-707,8,28,일
2022-08-28,6호선,광흥창(서강),4742,4521,9263,221,8,28,일
2022-08-28,6호선,대흥(서강대앞),4191,4336,8527,-145,8,28,일
2022-08-28,6호선,공덕,7134,6728,13862,406,8,28,일
2022-08-28,6호선,효창공원앞,3739,3281,7020,458,8,28,일
2022-08-28,6호선,삼각지,4800,3550,8350,1250,8,28,일
2022-08-28,6호선,녹사평(용산구청),4717,4782,9499,-65,8,28,일
2022-08-28,6호선,이태원,14371,11742,26113,2629,8,28,일
2022-08-28,6호선,한강진,7082,8331,15413,-1249,8,28,일
2022-08-28,6호선,버티고개,1118,1300,2418,-182,8,28,일
2022-08-28,6호선,약수,1874,1849,3723,25,8,28,일
2022-08-28,6호선,청구,1786,1734,3520,52,8,28,일
2022-08-28,6호선,신당,5019,5510,10529,-491,8,28,일
2022-08-28,6호선,동묘앞,6789,6821,13610,-32,8,28,일
2022-08-28,6호선,창신,1664,1557,3221,107,8,28,일
2022-08-28,6호선,보문,4266,4035,8301,231,8,28,일
2022-08-28,6호선,안암(고대병원앞),5452,5689,11141,-237,8,28,일
2022-08-28,6호선,고려대(종암),4481,4463,8944,18,8,28,일
2022-08-28,6호선,월곡(동덕여대),5684,5570,11254,114,8,28,일
2022-08-28,6호선,상월곡(한국과학기술연구원),3477,3111,6588,366,8,28,일
2022-08-28,6호선,돌곶이,5801,5477,11278,324,8,28,일
2022-08-28,6호선,석계,6639,7006,13645,-367,8,28,일
2022-08-28,6호선,태릉입구,3503,3694,7197,-191,8,28,일
2022-08-28,6호선,화랑대(서울여대입구),5520,4755,10275,765,8,28,일
2022-08-28,6호선,봉화산(서울의료원),4083,4020,8103,63,8,28,일
2022-08-28,7호선,장암,1648,1238,2886,410,8,28,일
2022-08-28,7호선,도봉산,5670,7977,13647,-2307,8,28,일
2022-08-28,7호선,수락산,8834,8793,17627,41,8,28,일
2022-08-28,7호선,마들,6429,5916,12345,513,8,28,일
2022-08-28,7호선,노원,11434,11818,23252,-384,8,28,일
2022-08-28,7호선,중계,7145,6672,13817,473,8,28,일
2022-08-28,7호선,하계,9828,9324,19152,504,8,28,일
2022-08-28,7호선,공릉(서울과학기술대),6563,6537,13100,26,8,28,일
2022-08-28,7호선,태릉입구,5441,5113,10554,328,8,28,일
2022-08-28,7호선,먹골,5557,5307,10864,250,8,28,일
2022-08-28,7호선,중화,5872,5801,11673,71,8,28,일
2022-08-28,7호선,상봉(시외버스터미널),10039,9160,19199,879,8,28,일
2022-08-28,7호선,면목,8191,7960,16151,231,8,28,일
2022-08-28,7호선,사가정,9491,9223,18714,268,8,28,일
2022-08-28,7호선,용마산(용마폭포공원),3565,3889,7454,-324,8,28,일
2022-08-28,7호선,중곡,5553,5315,10868,238,8,28,일
2022-08-28,7호선,군자(능동),8298,6397,14695,1901,8,28,일
2022-08-28,7호선,어린이대공원(세종대),11681,11687,23368,-6,8,28,일
2022-08-28,7호선,건대입구,8213,8823,17036,-610,8,28,일
2022-08-28,7호선,뚝섬유원지,13087,11966,25053,1121,8,28,일
2022-08-28,7호선,청담,7566,8351,15917,-785,8,28,일
2022-08-28,7호선,강남구청,6199,6830,13029,-631,8,28,일
2022-08-28,7호선,학동,7529,8163,15692,-634,8,28,일
2022-08-28,7호선,논현,6061,6335,12396,-274,8,28,일
2022-08-28,7호선,반포,3212,3303,6515,-91,8,28,일
2022-08-28,7호선,고속터미널,14650,9497,24147,5153,8,28,일
2022-08-28,7호선,내방,5437,5694,11131,-257,8,28,일
2022-08-28,7호선,이수,8685,8102,16787,583,8,28,일
2022-08-28,7호선,남성,5693,5711,11404,-18,8,28,일
2022-08-28,7호선,숭실대입구(살피재),6242,6574,12816,-332,8,28,일
2022-08-28,7호선,상도,5976,5837,11813,139,8,28,일
2022-08-28,7호선,장승배기,4831,4843,9674,-12,8,28,일
2022-08-28,7호선,신대방삼거리,7926,7897,15823,29,8,28,일
2022-08-28,7호선,보라매,3992,4064,8056,-72,8,28,일
2022-08-28,7호선,신풍,6444,6149,12593,295,8,28,일
2022-08-28,7호선,대림(구로구청),8043,7356,15399,687,8,28,일
2022-08-28,7호선,남구로,7073,7090,14163,-17,8,28,일
2022-08-28,7호선,가산디지털단지,10425,9611,20036,814,8,28,일
2022-08-28,7호선,철산,11314,11257,22571,57,8,28,일
2022-08-28,7호선,광명사거리,13030,13059,26089,-29,8,28,일
2022-08-28,7호선,천왕,5271,5155,10426,116,8,28,일
2022-08-28,7호선,온수(성공회대입구),4305,4321,8626,-16,8,28,일
2022-08-28,8호선,암사,9284,8790,18074,494,8,28,일
2022-08-28,8호선,천호(풍납토성),9079,10122,19201,-1043,8,28,일
2022-08-28,8호선,강동구청,4560,4747,9307,-187,8,28,일
2022-08-28,8호선,몽촌토성(평화의문),3634,3657,7291,-23,8,28,일
2022-08-28,8호선,잠실(송파구청),10746,12152,22898,-1406,8,28,일
2022-08-28,8호선,석촌,4159,5470,9629,-1311,8,28,일
2022-08-28,8호선,송파,4297,4312,8609,-15,8,28,일
2022-08-28,8호선,가락시장,3112,4012,7124,-900,8,28,일
2022-08-28,8호선,문정,5958,6166,12124,-208,8,28,일
2022-08-28,8호선,장지,9299,9359,18658,-60,8,28,일
2022-08-28,8호선,복정,5213,4770,9983,443,8,28,일
2022-08-28,8호선,산성,3079,3244,6323,-165,8,28,일
2022-08-28,8호선,남한산성입구(성남법원.검찰청),7126,6570,13696,556,8,28,일
2022-08-28,8호선,단대오거리,5701,5601,11302,100,8,28,일
2022-08-28,8호선,신흥,2742,2936,5678,-194,8,28,일
2022-08-28,8호선,수진,3142,2825,5967,317,8,28,일
2022-08-28,8호선,모란,2733,2332,5065,401,8,28,일
2022-08-28,8호선,남위례,2978,3053,6031,-75,8,28,일
2022-08-28,9호선,개화,1190,1118,2308,72,8,28,일
2022-08-28,9호선,김포공항,7534,11213,18747,-3679,8,28,일
2022-08-28,9호선,공항시장,1808,2077,3885,-269,8,28,일
2022-08-28,9호선,신방화,3678,3658,7336,20,8,28,일
2022-08-28,9호선,마곡나루(서울식물원),6198,6268,12466,-70,8,28,일
2022-08-28,9호선,양천향교,4529,4845,9374,-316,8,28,일
2022-08-28,9호선,가양,11720,11357,23077,363,8,28,일
2022-08-28,9호선,증미,2623,2633,5256,-10,8,28,일
2022-08-28,9호선,등촌,5501,5597,11098,-96,8,28,일
2022-08-28,9호선,염창,9436,9126,18562,310,8,28,일
2022-08-28,9호선,신목동,1952,1686,3638,266,8,28,일
2022-08-28,9호선,선유도,3184,3080,6264,104,8,28,일
2022-08-28,9호선,당산,10432,10335,20767,97,8,28,일
2022-08-28,9호선,샛강,2106,2049,4155,57,8,28,일
2022-08-28,9호선,노량진,15370,16422,31792,-1052,8,28,일
2022-08-28,9호선,노들,3342,2867,6209,475,8,28,일
2022-08-28,9호선,흑석(중앙대입구),4334,4477,8811,-143,8,28,일
2022-08-28,9호선,동작(현충원),1416,1152,2568,264,8,28,일
2022-08-28,9호선,구반포,525,504,1029,21,8,28,일
2022-08-28,9호선,신반포,2780,3346,6126,-566,8,28,일
2022-08-28,9호선,고속터미널,14107,18825,32932,-4718,8,28,일
2022-08-28,9호선,사평,1798,1867,3665,-69,8,28,일
2022-08-28,9호선,신논현,17152,16138,33290,1014,8,28,일
2022-08-28,9호선2~3단계,언주,4137,4183,8320,-46,8,28,일
2022-08-28,9호선2~3단계,선정릉,3596,4123,7719,-527,8,28,일
2022-08-28,9호선2~3단계,삼성중앙,2293,2294,4587,-1,8,28,일
2022-08-28,9호선2~3단계,봉은사,12082,12620,24702,-538,8,28,일
2022-08-28,9호선2~3단계,종합운동장,2905,2705,5610,200,8,28,일
2022-08-28,9호선2~3단계,삼전,3679,3687,7366,-8,8,28,일
2022-08-28,9호선2~3단계,석촌고분,3298,3319,6617,-21,8,28,일
2022-08-28,9호선2~3단계,석촌,5456,4669,10125,787,8,28,일
2022-08-28,9호선2~3단계,송파나루,3168,3617,6785,-449,8,28,일
2022-08-28,9호선2~3단계,한성백제,1673,1530,3203,143,8,28,일
2022-08-28,9호선2~3단계,올림픽공원(한국체대),7640,7488,15128,152,8,28,일
2022-08-28,9호선2~3단계,둔촌오륜,638,640,1278,-2,8,28,일
2022-08-28,9호선2~3단계,중앙보훈병원,4050,3962,8012,88,8,28,일
2022-08-28,경강선,판교,2634,2510,5144,124,8,28,일
2022-08-28,경강선,이매,730,593,1323,137,8,28,일
2022-08-28,경강선,삼동,1234,1166,2400,68,8,28,일
2022-08-28,경강선,경기광주,4380,4291,8671,89,8,28,일
2022-08-28,경강선,초월,1869,1808,3677,61,8,28,일
2022-08-28,경강선,곤지암,1707,1757,3464,-50,8,28,일
2022-08-28,경강선,신둔도예촌,1168,1099,2267,69,8,28,일
2022-08-28,경강선,이천,2279,2632,4911,-353,8,28,일
2022-08-28,경강선,부발,1762,2365,4127,-603,8,28,일
2022-08-28,경강선,세종대왕릉,360,347,707,13,8,28,일
2022-08-28,경강선,여주,2500,2388,4888,112,8,28,일
2022-08-28,경부선,서울역,9930,2376,12306,7554,8,28,일
2022-08-28,경부선,남영,5221,5490,10711,-269,8,28,일
2022-08-28,경부선,용산,37807,34562,72369,3245,8,28,일
2022-08-28,경부선,노량진,6352,5889,12241,463,8,28,일
2022-08-28,경부선,대방,5346,6003,11349,-657,8,28,일
2022-08-28,경부선,영등포,35859,35089,70948,770,8,28,일
2022-08-28,경부선,신도림,2403,2593,4996,-190,8,28,일
2022-08-28,경부선,신길,4877,4302,9179,575,8,28,일
2022-08-28,경부선,구로,10439,10554,20993,-115,8,28,일
2022-08-28,경부선,가산디지털단지,5107,6864,11971,-1757,8,28,일
2022-08-28,경부선,금천구청,6542,6488,13030,54,8,28,일
2022-08-28,경부선,석수,5365,5152,10517,213,8,28,일
2022-08-28,경부선,관악,5225,4941,10166,284,8,28,일
2022-08-28,경부선,안양,14815,14355,29170,460,8,28,일
2022-08-28,경부선,명학,3340,3312,6652,28,8,28,일
2022-08-28,경부선,금정,15880,16348,32228,-468,8,28,일
2022-08-28,경부선,군포,3193,3057,6250,136,8,28,일
2022-08-28,경부선,의왕,4637,4751,9388,-114,8,28,일
2022-08-28,경부선,성균관대,8647,9390,18037,-743,8,28,일
2022-08-28,경부선,화서,4638,4513,9151,125,8,28,일
2022-08-28,경부선,수원,36166,34573,70739,1593,8,28,일
2022-08-28,경부선,독산,6712,6820,13532,-108,8,28,일
2022-08-28,경부선,세류,2277,2213,4490,64,8,28,일
2022-08-28,경부선,병점,10338,11051,21389,-713,8,28,일
2022-08-28,경부선,세마,1938,1845,3783,93,8,28,일
2022-08-28,경부선,오산대,2352,2323,4675,29,8,28,일
2022-08-28,경부선,오산,8816,9400,18216,-584,8,28,일
2022-08-28,경부선,진위,996,931,1927,65,8,28,일
2022-08-28,경부선,송탄,3822,4784,8606,-962,8,28,일
2022-08-28,경부선,서정리,4988,7453,12441,-2465,8,28,일
2022-08-28,경부선,평택지제,2969,3020,5989,-51,8,28,일
2022-08-28,경부선,평택,12539,13083,25622,-544,8,28,일
2022-08-28,경부선,성환,2913,3532,6445,-619,8,28,일
2022-08-28,경부선,직산,650,728,1378,-78,8,28,일
2022-08-28,경부선,두정,5030,5837,10867,-807,8,28,일
2022-08-28,경부선,천안,7085,6805,13890,280,8,28,일
2022-08-28,경부선,당정,3252,3249,6501,3,8,28,일
2022-08-28,경부선,서동탄,840,892,1732,-52,8,28,일
2022-08-28,경부선,광명,3231,2164,5395,1067,8,28,일
2022-08-28,경원선,이촌(국립중앙박물관),3115,2106,5221,1009,8,28,일
2022-08-28,경원선,서빙고,2247,2157,4404,90,8,28,일
2022-08-28,경원선,한남,2300,2183,4483,117,8,28,일
2022-08-28,경원선,옥수,54,32,86,22,8,28,일
2022-08-28,경원선,응봉,1308,1178,2486,130,8,28,일
2022-08-28,경원선,왕십리(성동구청),10415,11921,22336,-1506,8,28,일
2022-08-28,경원선,청량리(서울시립대입구),16108,15168,31276,940,8,28,일
2022-08-28,경원선,외대앞,5138,5107,10245,31,8,28,일
2022-08-28,경원선,신이문,5081,4599,9680,482,8,28,일
2022-08-28,경원선,석계,5355,5723,11078,-368,8,28,일
2022-08-28,경원선,광운대,4251,4276,8527,-25,8,28,일
2022-08-28,경원선,월계,3926,3515,7441,411,8,28,일
2022-08-28,경원선,녹천,2828,2461,5289,367,8,28,일
2022-08-28,경원선,방학,6314,6175,12489,139,8,28,일
2022-08-28,경원선,도봉,3766,3484,7250,282,8,28,일
2022-08-28,경원선,도봉산,9040,6580,15620,2460,8,28,일
2022-08-28,경원선,망월사,4943,5020,9963,-77,8,28,일
2022-08-28,경원선,회룡,8176,8059,16235,117,8,28,일
2022-08-28,경원선,의정부,15146,15404,30550,-258,8,28,일
2022-08-28,경원선,가능,4303,4073,8376,230,8,28,일
2022-08-28,경원선,녹양,3082,2850,5932,232,8,28,일
2022-08-28,경원선,양주,5545,5327,10872,218,8,28,일
2022-08-28,경원선,덕계,2090,2063,4153,27,8,28,일
2022-08-28,경원선,덕정,3597,3773,7370,-176,8,28,일
2022-08-28,경원선,지행,4831,4936,9767,-105,8,28,일
2022-08-28,경원선,동두천중앙,2293,2104,4397,189,8,28,일
2022-08-28,경원선,보산,1405,1503,2908,-98,8,28,일
2022-08-28,경원선,동두천,1495,1994,3489,-499,8,28,일
2022-08-28,경원선,소요산,4916,4305,9221,611,8,28,일
2022-08-28,경의선,서울역,1302,1219,2521,83,8,28,일
2022-08-28,경의선,신촌,334,362,696,-28,8,28,일
2022-08-28,경의선,효창공원앞,1457,1672,3129,-215,8,28,일
2022-08-28,경의선,공덕,2363,1885,4248,478,8,28,일
2022-08-28,경의선,서강대,1487,1517,3004,-30,8,28,일
2022-08-28,경의선,홍대입구,1945,2420,4365,-475,8,28,일
2022-08-28,경의선,가좌,3192,3085,6277,107,8,28,일
2022-08-28,경의선,디지털미디어시티,1729,1562,3291,167,8,28,일
2022-08-28,경의선,수색,1020,1121,2141,-101,8,28,일
2022-08-28,경의선,화전,1017,1083,2100,-66,8,28,일
2022-08-28,경의선,강매,1668,1520,3188,148,8,28,일
2022-08-28,경의선,행신,5146,4878,10024,268,8,28,일
2022-08-28,경의선,능곡,2326,2294,4620,32,8,28,일
2022-08-28,경의선,곡산,365,380,745,-15,8,28,일
2022-08-28,경의선,백마,3846,3743,7589,103,8,28,일
2022-08-28,경의선,풍산,4052,3833,7885,219,8,28,일
2022-08-28,경의선,일산,6342,6141,12483,201,8,28,일
2022-08-28,경의선,탄현,4491,4184,8675,307,8,28,일
2022-08-28,경의선,야당,5439,5337,10776,102,8,28,일
2022-08-28,경의선,운정,3933,3783,7716,150,8,28,일
2022-08-28,경의선,금릉,3225,3110,6335,115,8,28,일
2022-08-28,경의선,금촌,4592,4935,9527,-343,8,28,일
2022-08-28,경의선,월롱,1270,2385,3655,-1115,8,28,일
2022-08-28,경의선,파주,785,692,1477,93,8,28,일
2022-08-28,경의선,문산,3928,4211,8139,-283,8,28,일
2022-08-28,경의선,임진강,102,77,179,25,8,28,일
2022-08-28,경인선,개봉,12788,12414,25202,374,8,28,일
2022-08-28,경인선,오류동,7344,6784,14128,560,8,28,일
2022-08-28,경인선,역곡,15212,15439,30651,-227,8,28,일
2022-08-28,경인선,부천,22833,22511,45344,322,8,28,일
2022-08-28,경인선,송내,13961,13820,27781,141,8,28,일
2022-08-28,경인선,부평,23536,23836,47372,-300,8,28,일
2022-08-28,경인선,백운,4305,4312,8617,-7,8,28,일
2022-08-28,경인선,동암,10545,10349,20894,196,8,28,일
2022-08-28,경인선,주안,12332,11356,23688,976,8,28,일
2022-08-28,경인선,제물포,5868,5621,11489,247,8,28,일
2022-08-28,경인선,동인천,10072,9891,19963,181,8,28,일
2022-08-28,경인선,인천,4766,4009,8775,757,8,28,일
2022-08-28,경인선,구일,8702,9001,17703,-299,8,28,일
2022-08-28,경인선,소사,5874,5774,11648,100,8,28,일
2022-08-28,경인선,부개,5188,4798,9986,390,8,28,일
2022-08-28,경인선,간석,3278,3043,6321,235,8,28,일
2022-08-28,경인선,도원,1837,1787,3624,50,8,28,일
2022-08-28,경인선,온수(성공회대입구),4084,3913,7997,171,8,28,일
2022-08-28,경인선,중동,5131,4822,9953,309,8,28,일
2022-08-28,경인선,도화,2621,2371,4992,250,8,28,일
2022-08-28,경춘선,신내,1129,1112,2241,17,8,28,일
2022-08-28,경춘선,갈매,1596,1402,2998,194,8,28,일
2022-08-28,경춘선,별내,2113,1889,4002,224,8,28,일
2022-08-28,경춘선,퇴계원,2203,2027,4230,176,8,28,일
2022-08-28,경춘선,사릉,1453,1494,2947,-41,8,28,일
2022-08-28,경춘선,금곡,1026,998,2024,28,8,28,일
2022-08-28,경춘선,평내호평,3926,3786,7712,140,8,28,일
2022-08-28,경춘선,천마산,1216,1175,2391,41,8,28,일
2022-08-28,경춘선,마석,3492,3551,7043,-59,8,28,일
2022-08-28,경춘선,대성리,1518,1028,2546,490,8,28,일
2022-08-28,경춘선,청평,2653,1782,4435,871,8,28,일
2022-08-28,경춘선,상천,515,378,893,137,8,28,일
2022-08-28,경춘선,가평,4051,2507,6558,1544,8,28,일
2022-08-28,경춘선,굴봉산,271,215,486,56,8,28,일
2022-08-28,경춘선,백양리,149,107,256,42,8,28,일
2022-08-28,경춘선,강촌,1059,600,1659,459,8,28,일
2022-08-28,경춘선,김유정,539,511,1050,28,8,28,일
2022-08-28,경춘선,남춘천,2928,2932,5860,-4,8,28,일
2022-08-28,경춘선,춘천,2134,1713,3847,421,8,28,일
2022-08-28,공항철도 1호선,서울역,9921,9341,19262,580,8,28,일
2022-08-28,공항철도 1호선,공덕,1520,2225,3745,-705,8,28,일
2022-08-28,공항철도 1호선,홍대입구,12763,11875,24638,888,8,28,일
2022-08-28,공항철도 1호선,디지털미디어시티,4140,4147,8287,-7,8,28,일
2022-08-28,공항철도 1호선,마곡나루(서울식물원),2659,3026,5685,-367,8,28,일
2022-08-28,공항철도 1호선,김포공항,11685,5976,17661,5709,8,28,일
2022-08-28,공항철도 1호선,계양,6545,6029,12574,516,8,28,일
2022-08-28,공항철도 1호선,검암,3833,3915,7748,-82,8,28,일
2022-08-28,공항철도 1호선,청라국제도시,3823,3605,7428,218,8,28,일
2022-08-28,공항철도 1호선,운서,6294,6818,13112,-524,8,28,일
2022-08-28,공항철도 1호선,공항화물청사,1007,1089,2096,-82,8,28,일
2022-08-28,공항철도 1호선,인천공항1터미널,9565,7701,17266,1864,8,28,일
2022-08-28,공항철도 1호선,인천공항2터미널,3683,3168,6851,515,8,28,일
2022-08-28,공항철도 1호선,영종,2898,2986,5884,-88,8,28,일
2022-08-28,과천선,선바위,4505,3957,8462,548,8,28,일
2022-08-28,과천선,경마공원,16195,16573,32768,-378,8,28,일
2022-08-28,과천선,대공원,7306,7682,14988,-376,8,28,일
2022-08-28,과천선,과천,4177,3896,8073,281,8,28,일
2022-08-28,과천선,정부과천청사,5047,5072,10119,-25,8,28,일
2022-08-28,과천선,인덕원,13291,13441,26732,-150,8,28,일
2022-08-28,과천선,평촌,6991,6874,13865,117,8,28,일
2022-08-28,과천선,범계,16238,15773,32011,465,8,28,일
2022-08-28,분당선,선릉,3043,4550,7593,-1507,8,28,일
2022-08-28,분당선,한티,10240,9723,19963,517,8,28,일
2022-08-28,분당선,도곡,3022,2855,5877,167,8,28,일
2022-08-28,분당선,구룡,928,1015,1943,-87,8,28,일
2022-08-28,분당선,개포동,2170,2205,4375,-35,8,28,일
2022-08-28,분당선,대모산입구,2366,2263,4629,103,8,28,일
2022-08-28,분당선,수서,9362,9140,18502,222,8,28,일
2022-08-28,분당선,수원,6150,5098,11248,1052,8,28,일
2022-08-28,분당선,서울숲,8528,8759,17287,-231,8,28,일
2022-08-28,분당선,압구정로데오,11402,12561,23963,-1159,8,28,일
2022-08-28,분당선,강남구청,3415,4114,7529,-699,8,28,일
2022-08-28,분당선,선정릉,2324,2306,4630,18,8,28,일
2022-08-28,분당선,가천대,4214,5046,9260,-832,8,28,일
2022-08-28,분당선,태평,8554,8062,16616,492,8,28,일
2022-08-28,분당선,모란,11752,12077,23829,-325,8,28,일
2022-08-28,분당선,야탑,14376,14730,29106,-354,8,28,일
2022-08-28,분당선,서현,15106,15286,30392,-180,8,28,일
2022-08-28,분당선,수내,6590,6236,12826,354,8,28,일
2022-08-28,분당선,정자,7957,8418,16375,-461,8,28,일
2022-08-28,분당선,미금,7715,8312,16027,-597,8,28,일
2022-08-28,분당선,오리,5543,4809,10352,734,8,28,일
2022-08-28,분당선,이매,3595,3685,7280,-90,8,28,일
2022-08-28,분당선,보정,1263,1159,2422,104,8,28,일
2022-08-28,분당선,죽전,7722,8747,16469,-1025,8,28,일
2022-08-28,분당선,구성,2573,2760,5333,-187,8,28,일
2022-08-28,분당선,신갈,2164,2260,4424,-96,8,28,일
2022-08-28,분당선,기흥,5486,5155,10641,331,8,28,일
2022-08-28,분당선,상갈,3040,3146,6186,-106,8,28,일
2022-08-28,분당선,청명,2109,2321,4430,-212,8,28,일
2022-08-28,분당선,영통,5175,5081,10256,94,8,28,일
2022-08-28,분당선,망포,6607,6971,13578,-364,8,28,일
2022-08-28,분당선,매탄권선,2768,2630,5398,138,8,28,일
2022-08-28,분당선,수원시청,7915,8140,16055,-225,8,28,일
2022-08-28,분당선,매교,1941,1916,3857,25,8,28,일
2022-08-28,수인선,고색,1842,1889,3731,-47,8,28,일
2022-08-28,수인선,오목천,1724,1693,3417,31,8,28,일
2022-08-28,수인선,어천,696,788,1484,-92,8,28,일
2022-08-28,수인선,야목,245,197,442,48,8,28,일
2022-08-28,수인선,사리,2904,2484,5388,420,8,28,일
2022-08-28,수인선,달월,47,58,105,-11,8,28,일
2022-08-28,수인선,월곶,1938,1858,3796,80,8,28,일
2022-08-28,수인선,소래포구,5830,5651,11481,179,8,28,일
2022-08-28,수인선,인천논현,3256,3364,6620,-108,8,28,일
2022-08-28,수인선,호구포,2329,2405,4734,-76,8,28,일
2022-08-28,수인선,남동인더스파크,685,665,1350,20,8,28,일
2022-08-28,수인선,원인재,3087,3241,6328,-154,8,28,일
2022-08-28,수인선,연수,3683,3627,7310,56,8,28,일
2022-08-28,수인선,송도,1687,1614,3301,73,8,28,일
2022-08-28,수인선,인하대,3716,3840,7556,-124,8,28,일
2022-08-28,수인선,숭의,2264,2106,4370,158,8,28,일
2022-08-28,수인선,신포,1229,1227,2456,2,8,28,일
2022-08-28,수인선,인천,1356,1863,3219,-507,8,28,일
2022-08-28,신림선,샛강,1027,1369,2396,-342,8,28,일
2022-08-28,신림선,대방,1381,1083,2464,298,8,28,일
2022-08-28,신림선,서울지방병무청,1496,1670,3166,-174,8,28,일
2022-08-28,신림선,보라매,1714,1609,3323,105,8,28,일
2022-08-28,신림선,보라매공원,1195,1365,2560,-170,8,28,일
2022-08-28,신림선,보라매병원,2147,2165,4312,-18,8,28,일
2022-08-28,신림선,당곡,2339,2230,4569,109,8,28,일
2022-08-28,신림선,신림,1154,1639,2793,-485,8,28,일
2022-08-28,신림선,서원,1822,1741,3563,81,8,28,일
2022-08-28,신림선,서울대벤처타운,4924,4580,9504,344,8,28,일
2022-08-28,신림선,관악산(서울대),4542,4825,9367,-283,8,28,일
2022-08-28,안산선,산본,9517,10111,19628,-594,8,28,일
2022-08-28,안산선,대야미,3263,3036,6299,227,8,28,일
2022-08-28,안산선,반월,2774,2748,5522,26,8,28,일
2022-08-28,안산선,상록수,9927,9709,19636,218,8,28,일
2022-08-28,안산선,한대앞,5833,5710,11543,123,8,28,일
2022-08-28,안산선,중앙,12643,12604,25247,39,8,28,일
2022-08-28,안산선,고잔,4908,4821,9729,87,8,28,일
2022-08-28,안산선,초지,2671,2614,5285,57,8,28,일
2022-08-28,안산선,안산,10419,9562,19981,857,8,28,일
2022-08-28,안산선,신길온천,1340,1329,2669,11,8,28,일
2022-08-28,안산선,정왕,6003,6367,12370,-364,8,28,일
2022-08-28,안산선,오이도,6714,6452,13166,262,8,28,일
2022-08-28,안산선,수리산,2344,2212,4556,132,8,28,일
2022-08-28,우이신설선,북한산우이,3680,3741,7421,-61,8,28,일
2022-08-28,우이신설선,솔밭공원,1523,1470,2993,53,8,28,일
2022-08-28,우이신설선,4.19민주묘지,2137,1779,3916,358,8,28,일
2022-08-28,우이신설선,가오리,2452,2390,4842,62,8,28,일
2022-08-28,우이신설선,화계,2329,2211,4540,118,8,28,일
2022-08-28,우이신설선,삼양,1275,1254,2529,21,8,28,일
2022-08-28,우이신설선,삼양사거리,1644,1569,3213,75,8,28,일
2022-08-28,우이신설선,솔샘,3015,2882,5897,133,8,28,일
2022-08-28,우이신설선,북한산보국문,4074,3498,7572,576,8,28,일
2022-08-28,우이신설선,정릉,2924,2427,5351,497,8,28,일
2022-08-28,우이신설선,성신여대입구(돈암),2377,2604,4981,-227,8,28,일
2022-08-28,우이신설선,보문,1051,1076,2127,-25,8,28,일
2022-08-28,우이신설선,신설동,1253,1243,2496,10,8,28,일
2022-08-28,일산선,원흥,5959,5843,11802,116,8,28,일
2022-08-28,일산선,삼송,12078,11845,23923,233,8,28,일
2022-08-28,일산선,원당,6508,6231,12739,277,8,28,일
2022-08-28,일산선,화정,9842,10074,19916,-232,8,28,일
2022-08-28,일산선,대곡,1167,1078,2245,89,8,28,일
2022-08-28,일산선,백석,5593,5620,11213,-27,8,28,일
2022-08-28,일산선,마두,3684,3734,7418,-50,8,28,일
2022-08-28,일산선,정발산,6441,6583,13024,-142,8,28,일
2022-08-28,일산선,주엽,5210,5093,10303,117,8,28,일
2022-08-28,일산선,대화,6795,6338,13133,457,8,28,일
2022-08-28,장항선,봉명,645,650,1295,-5,8,28,일
2022-08-28,장항선,쌍용(나사렛대),1354,1365,2719,-11,8,28,일
2022-08-28,장항선,아산,3944,2483,6427,1461,8,28,일
2022-08-28,장항선,탕정,701,676,1377,25,8,28,일
2022-08-28,장항선,배방,906,1111,2017,-205,8,28,일
2022-08-28,장항선,온양온천,3723,3667,7390,56,8,28,일
2022-08-28,장항선,신창(순천향대),1199,1869,3068,-670,8,28,일
2022-08-28,중앙선,회기,17632,17403,35035,229,8,28,일
2022-08-28,중앙선,중랑,3840,3704,7544,136,8,28,일
2022-08-28,중앙선,상봉(시외버스터미널),3899,4189,8088,-290,8,28,일
2022-08-28,중앙선,망우,5423,5460,10883,-37,8,28,일
2022-08-28,중앙선,양원,1565,1616,3181,-51,8,28,일
2022-08-28,중앙선,구리,8330,8632,16962,-302,8,28,일
2022-08-28,중앙선,도농,6046,5899,11945,147,8,28,일
2022-08-28,중앙선,양정,517,423,940,94,8,28,일
2022-08-28,중앙선,덕소,3737,3776,7513,-39,8,28,일
2022-08-28,중앙선,도심,1409,1222,2631,187,8,28,일
2022-08-28,중앙선,팔당,1427,1433,2860,-6,8,28,일
2022-08-28,중앙선,운길산,1199,1138,2337,61,8,28,일
2022-08-28,중앙선,양수,2284,2057,4341,227,8,28,일
2022-08-28,중앙선,신원,319,226,545,93,8,28,일
2022-08-28,중앙선,국수,762,672,1434,90,8,28,일
2022-08-28,중앙선,아신,704,613,1317,91,8,28,일
2022-08-28,중앙선,오빈,303,281,584,22,8,28,일
2022-08-28,중앙선,양평,4513,4247,8760,266,8,28,일
2022-08-28,중앙선,원덕,463,326,789,137,8,28,일
2022-08-28,중앙선,용문,2786,2212,4998,574,8,28,일
2022-08-28,중앙선,지평,70,91,161,-21,8,28,일
2022-08-28,3호선,잠원,2698,2706,5404,-8,8,28,일
2022-08-28,9호선,국회의사당,5377,5204,10581,173,8,28,일
2022-08-28,2호선,시청,8415,7098,15513,1317,8,28,일
2022-08-29,1호선,신설동,13840,13304,27144,536,8,29,월
2022-08-29,1호선,서울역,48834,46678,95512,2156,8,29,월
2022-08-29,1호선,시청,25245,25415,50660,-170,8,29,월
2022-08-29,1호선,청량리(서울시립대입구),20508,20100,40608,408,8,29,월
2022-08-29,1호선,종로3가,24406,22152,46558,2254,8,29,월
2022-08-29,1호선,종로5가,22750,22623,45373,127,8,29,월
2022-08-29,1호선,동대문,10914,10390,21304,524,8,29,월
2022-08-29,중앙선,지평,61,79,140,-18,8,29,월
2022-08-29,중앙선,용문,1969,1831,3800,138,8,29,월
2022-08-29,중앙선,원덕,395,359,754,36,8,29,월
2022-08-29,중앙선,양평,3023,2968,5991,55,8,29,월
2022-08-29,중앙선,오빈,347,307,654,40,8,29,월
2022-08-29,중앙선,아신,607,641,1248,-34,8,29,월
2022-08-29,중앙선,국수,816,850,1666,-34,8,29,월
2022-08-29,중앙선,신원,216,185,401,31,8,29,월
2022-08-29,중앙선,양수,1918,1923,3841,-5,8,29,월
2022-08-29,중앙선,운길산,737,648,1385,89,8,29,월
2022-08-29,중앙선,팔당,795,809,1604,-14,8,29,월
2022-08-29,중앙선,도심,2603,2030,4633,573,8,29,월
2022-08-29,중앙선,덕소,5772,5602,11374,170,8,29,월
2022-08-29,중앙선,양정,776,653,1429,123,8,29,월
2022-08-29,중앙선,도농,12040,10599,22639,1441,8,29,월
2022-08-29,중앙선,구리,13732,13552,27284,180,8,29,월
2022-08-29,중앙선,양원,3139,3001,6140,138,8,29,월
2022-08-29,중앙선,망우,7793,7567,15360,226,8,29,월
2022-08-29,중앙선,상봉(시외버스터미널),5696,5650,11346,46,8,29,월
2022-08-29,중앙선,중랑,5796,5450,11246,346,8,29,월
2022-08-29,중앙선,회기,25308,24776,50084,532,8,29,월
2022-08-29,장항선,신창(순천향대),2854,3132,5986,-278,8,29,월
2022-08-29,장항선,온양온천,5665,5669,11334,-4,8,29,월
2022-08-29,장항선,배방,1241,1138,2379,103,8,29,월
2022-08-29,장항선,탕정,1018,945,1963,73,8,29,월
2022-08-29,장항선,아산,3921,3302,7223,619,8,29,월
2022-08-29,장항선,쌍용(나사렛대),2404,2217,4621,187,8,29,월
2022-08-29,장항선,봉명,1400,1378,2778,22,8,29,월
2022-08-29,일산선,대화,13412,10309,23721,3103,8,29,월
2022-08-29,일산선,주엽,9330,9432,18762,-102,8,29,월
2022-08-29,일산선,정발산,6813,6940,13753,-127,8,29,월
2022-08-29,일산선,마두,7692,7896,15588,-204,8,29,월
2022-08-29,일산선,백석,9886,9840,19726,46,8,29,월
2022-08-29,일산선,대곡,2259,1791,4050,468,8,29,월
2022-08-29,일산선,화정,16825,17067,33892,-242,8,29,월
2022-08-29,일산선,원당,11249,10582,21831,667,8,29,월
2022-08-29,일산선,삼송,20356,19775,40131,581,8,29,월
2022-08-29,일산선,원흥,11348,10778,22126,570,8,29,월
2022-08-29,우이신설선,신설동,2181,2152,4333,29,8,29,월
2022-08-29,우이신설선,보문,1548,1589,3137,-41,8,29,월
2022-08-29,우이신설선,성신여대입구(돈암),3206,3570,6776,-364,8,29,월
2022-08-29,우이신설선,정릉,4713,4246,8959,467,8,29,월
2022-08-29,우이신설선,북한산보국문,6129,5798,11927,331,8,29,월
2022-08-29,우이신설선,솔샘,6124,5680,11804,444,8,29,월
2022-08-29,우이신설선,삼양사거리,2490,2590,5080,-100,8,29,월
2022-08-29,우이신설선,삼양,2129,2267,4396,-138,8,29,월
2022-08-29,우이신설선,화계,3505,3297,6802,208,8,29,월
2022-08-29,우이신설선,가오리,4382,4249,8631,133,8,29,월
2022-08-29,우이신설선,4.19민주묘지,2900,2769,5669,131,8,29,월
2022-08-29,우이신설선,솔밭공원,2547,2476,5023,71,8,29,월
2022-08-29,우이신설선,북한산우이,2672,2439,5111,233,8,29,월
2022-08-29,안산선,수리산,4186,3488,7674,698,8,29,월
2022-08-29,안산선,오이도,8593,8241,16834,352,8,29,월
2022-08-29,안산선,정왕,7904,8414,16318,-510,8,29,월
2022-08-29,안산선,신길온천,1919,1676,3595,243,8,29,월
2022-08-29,안산선,안산,12106,11158,23264,948,8,29,월
2022-08-29,안산선,초지,5453,5722,11175,-269,8,29,월
2022-08-29,안산선,고잔,9010,8651,17661,359,8,29,월
2022-08-29,안산선,중앙,18530,19091,37621,-561,8,29,월
2022-08-29,안산선,한대앞,9094,9306,18400,-212,8,29,월
2022-08-29,안산선,상록수,16748,17010,33758,-262,8,29,월
2022-08-29,안산선,반월,4416,4202,8618,214,8,29,월
2022-08-29,안산선,대야미,5073,4617,9690,456,8,29,월
2022-08-29,안산선,산본,15840,16981,32821,-1141,8,29,월
2022-08-29,신림선,관악산(서울대),2338,2430,4768,-92,8,29,월
2022-08-29,신림선,서울대벤처타운,6815,6980,13795,-165,8,29,월
2022-08-29,신림선,서원,3008,2555,5563,453,8,29,월
2022-08-29,신림선,신림,1514,2030,3544,-516,8,29,월
2022-08-29,신림선,당곡,3829,3806,7635,23,8,29,월
2022-08-29,신림선,보라매병원,6664,7263,13927,-599,8,29,월
2022-08-29,신림선,보라매공원,1725,1865,3590,-140,8,29,월
2022-08-29,신림선,보라매,2988,2744,5732,244,8,29,월
2022-08-29,신림선,서울지방병무청,2391,2586,4977,-195,8,29,월
2022-08-29,신림선,대방,2204,1684,3888,520,8,29,월
2022-08-29,신림선,샛강,2234,2773,5007,-539,8,29,월
2022-08-29,수인선,인천,1056,1751,2807,-695,8,29,월
2022-08-29,수인선,신포,1917,1863,3780,54,8,29,월
2022-08-29,수인선,숭의,4170,3823,7993,347,8,29,월
2022-08-29,수인선,인하대,7901,7666,15567,235,8,29,월
2022-08-29,수인선,송도,2462,2311,4773,151,8,29,월
2022-08-29,수인선,연수,4621,4402,9023,219,8,29,월
2022-08-29,수인선,원인재,4443,4557,9000,-114,8,29,월
2022-08-29,수인선,남동인더스파크,2347,2624,4971,-277,8,29,월
2022-08-29,수인선,호구포,4209,4362,8571,-153,8,29,월
2022-08-29,수인선,인천논현,5616,6108,11724,-492,8,29,월
2022-08-29,수인선,소래포구,5598,5112,10710,486,8,29,월
2022-08-29,수인선,월곶,2883,2619,5502,264,8,29,월
2022-08-29,수인선,달월,116,87,203,29,8,29,월
2022-08-29,수인선,사리,5171,4430,9601,741,8,29,월
2022-08-29,수인선,야목,385,263,648,122,8,29,월
2022-08-29,수인선,어천,974,934,1908,40,8,29,월
2022-08-29,수인선,오목천,4482,4101,8583,381,8,29,월
2022-08-29,수인선,고색,4959,4604,9563,355,8,29,월
2022-08-29,분당선,매교,3890,3831,7721,59,8,29,월
2022-08-29,분당선,수원시청,12598,13529,26127,-931,8,29,월
2022-08-29,분당선,매탄권선,5340,5217,10557,123,8,29,월
2022-08-29,분당선,망포,15100,14338,29438,762,8,29,월
2022-08-29,분당선,영통,8243,8565,16808,-322,8,29,월
2022-08-29,분당선,청명,4533,4382,8915,151,8,29,월
2022-08-29,분당선,상갈,5649,5349,10998,300,8,29,월
2022-08-29,분당선,기흥,10590,9855,20445,735,8,29,월
2022-08-29,분당선,신갈,5166,4949,10115,217,8,29,월
2022-08-29,분당선,구성,5556,5726,11282,-170,8,29,월
2022-08-29,분당선,죽전,13364,14952,28316,-1588,8,29,월
2022-08-29,분당선,보정,2835,2399,5234,436,8,29,월
2022-08-29,분당선,이매,6053,5587,11640,466,8,29,월
2022-08-29,분당선,오리,12356,10204,22560,2152,8,29,월
2022-08-29,분당선,미금,15795,16901,32696,-1106,8,29,월
2022-08-29,분당선,정자,18568,19683,38251,-1115,8,29,월
2022-08-29,분당선,수내,14015,13940,27955,75,8,29,월
2022-08-29,분당선,서현,24824,25230,50054,-406,8,29,월
2022-08-29,분당선,야탑,26722,27751,54473,-1029,8,29,월
2022-08-29,분당선,모란,25142,25951,51093,-809,8,29,월
2022-08-29,분당선,태평,14018,13420,27438,598,8,29,월
2022-08-29,분당선,가천대,13045,14159,27204,-1114,8,29,월
2022-08-29,분당선,선정릉,8221,8907,17128,-686,8,29,월
2022-08-29,분당선,강남구청,9783,11299,21082,-1516,8,29,월
2022-08-29,분당선,압구정로데오,17753,19855,37608,-2102,8,29,월
2022-08-29,분당선,서울숲,11019,11289,22308,-270,8,29,월
2022-08-29,분당선,수원,8225,6916,15141,1309,8,29,월
2022-08-29,분당선,수서,14791,14952,29743,-161,8,29,월
2022-08-29,분당선,대모산입구,4983,4568,9551,415,8,29,월
2022-08-29,분당선,개포동,4114,4182,8296,-68,8,29,월
2022-08-29,분당선,구룡,2449,2361,4810,88,8,29,월
2022-08-29,분당선,도곡,7739,7298,15037,441,8,29,월
2022-08-29,분당선,한티,14780,15993,30773,-1213,8,29,월
2022-08-29,분당선,선릉,14136,21476,35612,-7340,8,29,월
2022-08-29,과천선,범계,25949,26000,51949,-51,8,29,월
2022-08-29,과천선,평촌,18105,17854,35959,251,8,29,월
2022-08-29,과천선,인덕원,24415,25238,49653,-823,8,29,월
2022-08-29,과천선,정부과천청사,11148,11065,22213,83,8,29,월
2022-08-29,과천선,과천,6509,5919,12428,590,8,29,월
2022-08-29,과천선,대공원,1968,2107,4075,-139,8,29,월
2022-08-29,과천선,경마공원,876,852,1728,24,8,29,월
2022-08-29,과천선,선바위,8221,7151,15372,1070,8,29,월
2022-08-29,공항철도 1호선,영종,3699,3721,7420,-22,8,29,월
2022-08-29,공항철도 1호선,인천공항2터미널,3759,3144,6903,615,8,29,월
2022-08-29,공항철도 1호선,인천공항1터미널,8941,7483,16424,1458,8,29,월
2022-08-29,공항철도 1호선,공항화물청사,2339,2549,4888,-210,8,29,월
2022-08-29,공항철도 1호선,운서,7718,7886,15604,-168,8,29,월
2022-08-29,공항철도 1호선,청라국제도시,7172,6743,13915,429,8,29,월
2022-08-29,공항철도 1호선,검암,6632,6680,13312,-48,8,29,월
2022-08-29,공항철도 1호선,계양,11733,10900,22633,833,8,29,월
2022-08-29,공항철도 1호선,김포공항,12778,6699,19477,6079,8,29,월
2022-08-29,공항철도 1호선,마곡나루(서울식물원),9870,9525,19395,345,8,29,월
2022-08-29,공항철도 1호선,디지털미디어시티,14639,13828,28467,811,8,29,월
2022-08-29,공항철도 1호선,홍대입구,10205,10726,20931,-521,8,29,월
2022-08-29,공항철도 1호선,공덕,2545,3188,5733,-643,8,29,월
2022-08-29,공항철도 1호선,서울역,9525,8565,18090,960,8,29,월
2022-08-29,경춘선,춘천,1816,1790,3606,26,8,29,월
2022-08-29,경춘선,남춘천,2615,2583,5198,32,8,29,월
2022-08-29,경춘선,김유정,367,334,701,33,8,29,월
2022-08-29,경춘선,강촌,428,460,888,-32,8,29,월
2022-08-29,경춘선,백양리,96,92,188,4,8,29,월
2022-08-29,경춘선,굴봉산,158,131,289,27,8,29,월
2022-08-29,경춘선,가평,2199,2547,4746,-348,8,29,월
2022-08-29,경춘선,상천,247,210,457,37,8,29,월
2022-08-29,경춘선,청평,1941,1830,3771,111,8,29,월
2022-08-29,경춘선,대성리,928,1267,2195,-339,8,29,월
2022-08-29,경춘선,마석,4265,4055,8320,210,8,29,월
2022-08-29,경춘선,천마산,1757,1598,3355,159,8,29,월
2022-08-29,경춘선,평내호평,6660,6477,13137,183,8,29,월
2022-08-29,경춘선,금곡,1608,1502,3110,106,8,29,월
2022-08-29,경춘선,사릉,2623,2518,5141,105,8,29,월
2022-08-29,경춘선,퇴계원,3638,3243,6881,395,8,29,월
2022-08-29,경춘선,별내,3309,2993,6302,316,8,29,월
2022-08-29,경춘선,갈매,3134,2669,5803,465,8,29,월
2022-08-29,경춘선,신내,2354,2264,4618,90,8,29,월
2022-08-29,경인선,도화,4459,4125,8584,334,8,29,월
2022-08-29,경인선,중동,9870,9075,18945,795,8,29,월
2022-08-29,경인선,온수(성공회대입구),7760,7169,14929,591,8,29,월
2022-08-29,경인선,도원,3544,3467,7011,77,8,29,월
2022-08-29,경인선,간석,6092,5729,11821,363,8,29,월
2022-08-29,경인선,부개,9062,8290,17352,772,8,29,월
2022-08-29,경인선,소사,9067,9142,18209,-75,8,29,월
2022-08-29,경인선,구일,6552,6349,12901,203,8,29,월
2022-08-29,경인선,인천,3523,2754,6277,769,8,29,월
2022-08-29,경인선,동인천,13698,12791,26489,907,8,29,월
2022-08-29,경인선,제물포,11773,11455,23228,318,8,29,월
2022-08-29,경인선,주안,20077,18486,38563,1591,8,29,월
2022-08-29,경인선,동암,16279,16074,32353,205,8,29,월
2022-08-29,경인선,백운,7342,7112,14454,230,8,29,월
2022-08-29,경인선,부평,28316,30240,58556,-1924,8,29,월
2022-08-29,경인선,송내,28616,28554,57170,62,8,29,월
2022-08-29,경인선,부천,33601,33358,66959,243,8,29,월
2022-08-29,경인선,역곡,30261,30096,60357,165,8,29,월
2022-08-29,경인선,오류동,12093,11202,23295,891,8,29,월
2022-08-29,경인선,개봉,21964,21545,43509,419,8,29,월
2022-08-29,경의선,계양,1,0,1,1,8,29,월
2022-08-29,경의선,임진강,18,5,23,13,8,29,월
2022-08-29,경의선,문산,5523,5478,11001,45,8,29,월
2022-08-29,경의선,파주,1743,1269,3012,474,8,29,월
2022-08-29,경의선,월롱,3199,3173,6372,26,8,29,월
2022-08-29,경의선,금촌,6729,6541,13270,188,8,29,월
2022-08-29,경의선,금릉,4953,4824,9777,129,8,29,월
2022-08-29,경의선,운정,7333,6761,14094,572,8,29,월
2022-08-29,경의선,야당,7969,7806,15775,163,8,29,월
2022-08-29,경의선,탄현,8262,7653,15915,609,8,29,월
2022-08-29,경의선,일산,9862,9500,19362,362,8,29,월
2022-08-29,경의선,풍산,5832,5337,11169,495,8,29,월
2022-08-29,경의선,백마,7401,6999,14400,402,8,29,월
2022-08-29,경의선,곡산,624,653,1277,-29,8,29,월
2022-08-29,경의선,능곡,4016,3683,7699,333,8,29,월
2022-08-29,경의선,행신,8635,8597,17232,38,8,29,월
2022-08-29,경의선,강매,3402,2907,6309,495,8,29,월
2022-08-29,경의선,화전,3713,3490,7203,223,8,29,월
2022-08-29,경의선,수색,2975,3084,6059,-109,8,29,월
2022-08-29,경의선,디지털미디어시티,2813,2447,5260,366,8,29,월
2022-08-29,경의선,가좌,5970,5549,11519,421,8,29,월
2022-08-29,경의선,홍대입구,1815,2070,3885,-255,8,29,월
2022-08-29,경의선,서강대,2143,2040,4183,103,8,29,월
2022-08-29,경의선,공덕,3855,3382,7237,473,8,29,월
2022-08-29,경의선,효창공원앞,3152,3580,6732,-428,8,29,월
2022-08-29,경의선,신촌,946,1187,2133,-241,8,29,월
2022-08-29,경의선,서울역,4804,6149,10953,-1345,8,29,월
2022-08-29,경원선,소요산,2219,1802,4021,417,8,29,월
2022-08-29,경원선,동두천,2694,2837,5531,-143,8,29,월
2022-08-29,경원선,보산,1607,1430,3037,177,8,29,월
2022-08-29,경원선,동두천중앙,3174,3046,6220,128,8,29,월
2022-08-29,경원선,지행,6752,6569,13321,183,8,29,월
2022-08-29,경원선,덕정,6494,6237,12731,257,8,29,월
2022-08-29,경원선,덕계,3556,3262,6818,294,8,29,월
2022-08-29,경원선,양주,8040,7371,15411,669,8,29,월
2022-08-29,경원선,녹양,4721,4430,9151,291,8,29,월
2022-08-29,경원선,가능,6992,6734,13726,258,8,29,월
2022-08-29,경원선,의정부,17950,18727,36677,-777,8,29,월
2022-08-29,경원선,회룡,12761,12732,25493,29,8,29,월
2022-08-29,경원선,망월사,7860,7896,15756,-36,8,29,월
2022-08-29,경원선,도봉산,6604,4324,10928,2280,8,29,월
2022-08-29,경원선,도봉,6227,5959,12186,268,8,29,월
2022-08-29,경원선,방학,10056,9764,19820,292,8,29,월
2022-08-29,경원선,녹천,4877,4079,8956,798,8,29,월
2022-08-29,경원선,월계,6827,6401,13228,426,8,29,월
2022-08-29,경원선,광운대,7405,7065,14470,340,8,29,월
2022-08-29,경원선,석계,8088,9218,17306,-1130,8,29,월
2022-08-29,경원선,신이문,8657,8051,16708,606,8,29,월
2022-08-29,경원선,외대앞,7754,7833,15587,-79,8,29,월
2022-08-29,경원선,청량리(서울시립대입구),15461,16261,31722,-800,8,29,월
2022-08-29,경원선,왕십리(성동구청),14085,16139,30224,-2054,8,29,월
2022-08-29,경원선,응봉,2009,1641,3650,368,8,29,월
2022-08-29,경원선,옥수,41,42,83,-1,8,29,월
2022-08-29,경원선,한남,4289,4046,8335,243,8,29,월
2022-08-29,경원선,서빙고,2111,1899,4010,212,8,29,월
2022-08-29,경원선,이촌(국립중앙박물관),3946,3133,7079,813,8,29,월
2022-08-29,경부선,광명,3661,3001,6662,660,8,29,월
2022-08-29,경부선,서동탄,1444,1217,2661,227,8,29,월
2022-08-29,경부선,당정,6357,6136,12493,221,8,29,월
2022-08-29,경부선,천안,6718,6517,13235,201,8,29,월
2022-08-29,경부선,두정,7091,8073,15164,-982,8,29,월
2022-08-29,경부선,직산,902,878,1780,24,8,29,월
2022-08-29,경부선,성환,6960,6863,13823,97,8,29,월
2022-08-29,경부선,평택,12711,12747,25458,-36,8,29,월
2022-08-29,경부선,평택지제,4197,4053,8250,144,8,29,월
2022-08-29,경부선,서정리,8017,7771,15788,246,8,29,월
2022-08-29,경부선,송탄,4450,4344,8794,106,8,29,월
2022-08-29,경부선,진위,1875,1708,3583,167,8,29,월
2022-08-29,경부선,오산,10360,10471,20831,-111,8,29,월
2022-08-29,경부선,오산대,4243,3862,8105,381,8,29,월
2022-08-29,경부선,세마,3056,2873,5929,183,8,29,월
2022-08-29,경부선,병점,15546,15538,31084,8,8,29,월
2022-08-29,경부선,세류,3356,2895,6251,461,8,29,월
2022-08-29,경부선,독산,19401,20220,39621,-819,8,29,월
2022-08-29,경부선,수원,36032,38079,74111,-2047,8,29,월
2022-08-29,경부선,화서,8542,8077,16619,465,8,29,월
2022-08-29,경부선,성균관대,15709,15794,31503,-85,8,29,월
2022-08-29,경부선,의왕,9480,9483,18963,-3,8,29,월
2022-08-29,경부선,군포,7821,7657,15478,164,8,29,월
2022-08-29,경부선,금정,27382,28149,55531,-767,8,29,월
2022-08-29,경부선,명학,10508,10480,20988,28,8,29,월
2022-08-29,경부선,안양,25773,25495,51268,278,8,29,월
2022-08-29,경부선,관악,7524,7187,14711,337,8,29,월
2022-08-29,경부선,석수,9798,8756,18554,1042,8,29,월
2022-08-29,경부선,금천구청,12075,11959,24034,116,8,29,월
2022-08-29,경부선,가산디지털단지,19138,22158,41296,-3020,8,29,월
2022-08-29,경부선,구로,18826,18814,37640,12,8,29,월
2022-08-29,경부선,신길,9447,7954,17401,1493,8,29,월
2022-08-29,경부선,신도림,4102,4217,8319,-115,8,29,월
2022-08-29,경부선,영등포,37872,39357,77229,-1485,8,29,월
2022-08-29,경부선,대방,11622,12532,24154,-910,8,29,월
2022-08-29,경부선,노량진,8025,7951,15976,74,8,29,월
2022-08-29,경부선,용산,35876,36388,72264,-512,8,29,월
2022-08-29,경부선,남영,9868,10076,19944,-208,8,29,월
2022-08-29,경부선,서울역,8282,2387,10669,5895,8,29,월
2022-08-29,경강선,여주,2657,2590,5247,67,8,29,월
2022-08-29,경강선,세종대왕릉,378,360,738,18,8,29,월
2022-08-29,경강선,부발,2114,2228,4342,-114,8,29,월
2022-08-29,경강선,이천,2683,2805,5488,-122,8,29,월
2022-08-29,경강선,신둔도예촌,1734,1564,3298,170,8,29,월
2022-08-29,경강선,곤지암,2232,2181,4413,51,8,29,월
2022-08-29,경강선,초월,3447,3246,6693,201,8,29,월
2022-08-29,경강선,경기광주,8418,7799,16217,619,8,29,월
2022-08-29,경강선,삼동,2670,2437,5107,233,8,29,월
2022-08-29,경강선,이매,1202,1050,2252,152,8,29,월
2022-08-29,경강선,판교,5477,5391,10868,86,8,29,월
2022-08-29,9호선2~3단계,중앙보훈병원,12016,10619,22635,1397,8,29,월
2022-08-29,9호선2~3단계,둔촌오륜,1219,1126,2345,93,8,29,월
2022-08-29,9호선2~3단계,올림픽공원(한국체대),6355,6593,12948,-238,8,29,월
2022-08-29,9호선2~3단계,한성백제,2563,2302,4865,261,8,29,월
2022-08-29,9호선2~3단계,송파나루,5042,5441,10483,-399,8,29,월
2022-08-29,9호선2~3단계,석촌,8814,7908,16722,906,8,29,월
2022-08-29,9호선2~3단계,석촌고분,6616,6420,13036,196,8,29,월
2022-08-29,9호선2~3단계,삼전,7163,6809,13972,354,8,29,월
2022-08-29,9호선2~3단계,종합운동장,4249,4374,8623,-125,8,29,월
2022-08-29,9호선2~3단계,봉은사,17496,17878,35374,-382,8,29,월
2022-08-29,9호선2~3단계,삼성중앙,7883,8331,16214,-448,8,29,월
2022-08-29,9호선2~3단계,선정릉,10644,11446,22090,-802,8,29,월
2022-08-29,9호선2~3단계,언주,11125,11480,22605,-355,8,29,월
2022-08-29,9호선,신논현,30157,29362,59519,795,8,29,월
2022-08-29,9호선,사평,3932,3745,7677,187,8,29,월
2022-08-29,9호선,고속터미널,13004,16366,29370,-3362,8,29,월
2022-08-29,9호선,신반포,3747,3785,7532,-38,8,29,월
2022-08-29,9호선,구반포,1223,1234,2457,-11,8,29,월
2022-08-29,9호선,동작(현충원),1779,1335,3114,444,8,29,월
2022-08-29,9호선,흑석(중앙대입구),8512,8923,17435,-411,8,29,월
2022-08-29,9호선,노들,4848,4028,8876,820,8,29,월
2022-08-29,9호선,노량진,25694,25291,50985,403,8,29,월
2022-08-29,9호선,샛강,6405,6629,13034,-224,8,29,월
2022-08-29,9호선,여의도,30096,29518,59614,578,8,29,월
2022-08-29,9호선,국회의사당,17409,18663,36072,-1254,8,29,월
2022-08-29,9호선,당산,18718,19289,38007,-571,8,29,월
2022-08-29,9호선,선유도,9266,8894,18160,372,8,29,월
2022-08-29,9호선,신목동,4450,3868,8318,582,8,29,월
2022-08-29,9호선,염창,17964,17493,35457,471,8,29,월
2022-08-29,9호선,등촌,12134,11627,23761,507,8,29,월
2022-08-29,9호선,증미,8119,7921,16040,198,8,29,월
2022-08-29,9호선,가양,21868,21538,43406,330,8,29,월
2022-08-29,9호선,양천향교,10223,10512,20735,-289,8,29,월
2022-08-29,9호선,마곡나루(서울식물원),12415,12410,24825,5,8,29,월
2022-08-29,9호선,신방화,7222,6920,14142,302,8,29,월
2022-08-29,9호선,공항시장,3094,3334,6428,-240,8,29,월
2022-08-29,9호선,김포공항,7528,10655,18183,-3127,8,29,월
2022-08-29,9호선,개화,2896,1919,4815,977,8,29,월
2022-08-29,8호선,남위례,5682,6037,11719,-355,8,29,월
2022-08-29,8호선,모란,5998,4774,10772,1224,8,29,월
2022-08-29,8호선,수진,5600,5164,10764,436,8,29,월
2022-08-29,8호선,신흥,4240,4552,8792,-312,8,29,월
2022-08-29,8호선,단대오거리,11497,10957,22454,540,8,29,월
2022-08-29,8호선,남한산성입구(성남법원.검찰청),14709,13689,28398,1020,8,29,월
2022-08-29,8호선,산성,5480,5556,11036,-76,8,29,월
2022-08-29,8호선,복정,9930,8381,18311,1549,8,29,월
2022-08-29,8호선,장지,17114,16183,33297,931,8,29,월
2022-08-29,8호선,문정,22491,24120,46611,-1629,8,29,월
2022-08-29,8호선,가락시장,7890,8795,16685,-905,8,29,월
2022-08-29,8호선,송파,9185,8723,17908,462,8,29,월
2022-08-29,8호선,석촌,7672,8679,16351,-1007,8,29,월
2022-08-29,8호선,잠실(송파구청),13837,16330,30167,-2493,8,29,월
2022-08-29,8호선,몽촌토성(평화의문),6201,6278,12479,-77,8,29,월
2022-08-29,8호선,강동구청,10907,11199,22106,-292,8,29,월
2022-08-29,8호선,천호(풍납토성),14649,16787,31436,-2138,8,29,월
2022-08-29,8호선,암사,19496,16967,36463,2529,8,29,월
2022-08-29,7호선,부평구청,2,0,2,2,8,29,월
2022-08-29,7호선,상동,1,0,1,1,8,29,월
2022-08-29,7호선,까치울,1,0,1,1,8,29,월
2022-08-29,7호선,온수(성공회대입구),11503,10763,22266,740,8,29,월
2022-08-29,7호선,천왕,12166,11629,23795,537,8,29,월
2022-08-29,7호선,광명사거리,22078,21863,43941,215,8,29,월
2022-08-29,7호선,철산,21924,22096,44020,-172,8,29,월
2022-08-29,7호선,가산디지털단지,46548,47232,93780,-684,8,29,월
2022-08-29,7호선,남구로,16796,17306,34102,-510,8,29,월
2022-08-29,7호선,대림(구로구청),8349,8426,16775,-77,8,29,월
2022-08-29,7호선,신풍,11994,11378,23372,616,8,29,월
2022-08-29,7호선,보라매,7841,8004,15845,-163,8,29,월
2022-08-29,7호선,신대방삼거리,15511,14778,30289,733,8,29,월
2022-08-29,7호선,장승배기,9525,9558,19083,-33,8,29,월
2022-08-29,7호선,상도,11299,10989,22288,310,8,29,월
2022-08-29,7호선,숭실대입구(살피재),12345,12481,24826,-136,8,29,월
2022-08-29,7호선,남성,11949,11088,23037,861,8,29,월
2022-08-29,7호선,이수,15764,15294,31058,470,8,29,월
2022-08-29,7호선,내방,14989,15386,30375,-397,8,29,월
2022-08-29,7호선,고속터미널,16715,13670,30385,3045,8,29,월
2022-08-29,7호선,반포,6124,6029,12153,95,8,29,월
2022-08-29,7호선,논현,19520,20025,39545,-505,8,29,월
2022-08-29,7호선,학동,24979,26092,51071,-1113,8,29,월
2022-08-29,7호선,강남구청,16876,18577,35453,-1701,8,29,월
2022-08-29,7호선,청담,20625,22827,43452,-2202,8,29,월
2022-08-29,7호선,뚝섬유원지,9217,8514,17731,703,8,29,월
2022-08-29,7호선,건대입구,13967,14475,28442,-508,8,29,월
2022-08-29,7호선,어린이대공원(세종대),14543,15049,29592,-506,8,29,월
2022-08-29,7호선,군자(능동),15033,12108,27141,2925,8,29,월
2022-08-29,7호선,중곡,11469,10588,22057,881,8,29,월
2022-08-29,7호선,용마산(용마폭포공원),6188,5893,12081,295,8,29,월
2022-08-29,7호선,사가정,16221,16178,32399,43,8,29,월
2022-08-29,7호선,면목,15288,14739,30027,549,8,29,월
2022-08-29,7호선,상봉(시외버스터미널),17203,16605,33808,598,8,29,월
2022-08-29,7호선,중화,10980,10697,21677,283,8,29,월
2022-08-29,7호선,먹골,10238,10152,20390,86,8,29,월
2022-08-29,7호선,태릉입구,8431,8026,16457,405,8,29,월
2022-08-29,7호선,공릉(서울과학기술대),11838,11715,23553,123,8,29,월
2022-08-29,7호선,하계,18055,16865,34920,1190,8,29,월
2022-08-29,7호선,중계,15111,13928,29039,1183,8,29,월
2022-08-29,7호선,노원,19918,21100,41018,-1182,8,29,월
2022-08-29,7호선,마들,13387,12556,25943,831,8,29,월
2022-08-29,7호선,수락산,12616,12341,24957,275,8,29,월
2022-08-29,7호선,도봉산,9074,9974,19048,-900,8,29,월
2022-08-29,7호선,장암,2414,856,3270,1558,8,29,월
2022-08-29,6호선,신내,1,0,1,1,8,29,월
2022-08-29,6호선,봉화산(서울의료원),9219,8712,17931,507,8,29,월
2022-08-29,6호선,화랑대(서울여대입구),11829,9077,20906,2752,8,29,월
2022-08-29,6호선,태릉입구,5474,5941,11415,-467,8,29,월
2022-08-29,6호선,석계,12285,12717,25002,-432,8,29,월
2022-08-29,6호선,돌곶이,9561,8913,18474,648,8,29,월
2022-08-29,6호선,상월곡(한국과학기술연구원),6503,5751,12254,752,8,29,월
2022-08-29,6호선,월곡(동덕여대),12167,11862,24029,305,8,29,월
2022-08-29,6호선,고려대(종암),8382,8162,16544,220,8,29,월
2022-08-29,6호선,안암(고대병원앞),10946,11313,22259,-367,8,29,월
2022-08-29,6호선,보문,7834,7166,15000,668,8,29,월
2022-08-29,6호선,창신,3846,3252,7098,594,8,29,월
2022-08-29,6호선,동묘앞,7885,8094,15979,-209,8,29,월
2022-08-29,6호선,신당,8067,8700,16767,-633,8,29,월
2022-08-29,6호선,청구,3815,3859,7674,-44,8,29,월
2022-08-29,6호선,약수,3734,3672,7406,62,8,29,월
2022-08-29,6호선,버티고개,2205,2172,4377,33,8,29,월
2022-08-29,6호선,한강진,7079,8269,15348,-1190,8,29,월
2022-08-29,6호선,이태원,10715,11002,21717,-287,8,29,월
2022-08-29,6호선,녹사평(용산구청),4875,4726,9601,149,8,29,월
2022-08-29,6호선,삼각지,6633,5530,12163,1103,8,29,월
2022-08-29,6호선,효창공원앞,7300,6562,13862,738,8,29,월
2022-08-29,6호선,공덕,19186,18743,37929,443,8,29,월
2022-08-29,6호선,대흥(서강대앞),8631,8875,17506,-244,8,29,월
2022-08-29,6호선,광흥창(서강),9607,9376,18983,231,8,29,월
2022-08-29,6호선,상수,8230,8865,17095,-635,8,29,월
2022-08-29,6호선,합정,12753,12633,25386,120,8,29,월
2022-08-29,6호선,망원,13698,14631,28329,-933,8,29,월
2022-08-29,6호선,마포구청,15144,13487,28631,1657,8,29,월
2022-08-29,6호선,월드컵경기장(성산),4682,4914,9596,-232,8,29,월
2022-08-29,6호선,디지털미디어시티,15280,16742,32022,-1462,8,29,월
2022-08-29,6호선,증산(명지대앞),10155,9933,20088,222,8,29,월
2022-08-29,6호선,새절(신사),12925,11817,24742,1108,8,29,월
2022-08-29,6호선,구산,8106,6230,14336,1876,8,29,월
2022-08-29,6호선,독바위,2797,2905,5702,-108,8,29,월
2022-08-29,6호선,불광,4264,4418,8682,-154,8,29,월
2022-08-29,6호선,역촌,3830,4547,8377,-717,8,29,월
2022-08-29,6호선,응암,17965,17884,35849,81,8,29,월
2022-08-29,5호선,하남검단산,5936,5652,11588,284,8,29,월
2022-08-29,5호선,하남시청(덕풍·신장),7337,7260,14597,77,8,29,월
2022-08-29,5호선,하남풍산,4327,4242,8569,85,8,29,월
2022-08-29,5호선,미사,16718,16829,33547,-111,8,29,월
2022-08-29,5호선,강일,4711,4548,9259,163,8,29,월
2022-08-29,5호선,마천,7412,7100,14512,312,8,29,월
2022-08-29,5호선,거여,10617,10113,20730,504,8,29,월
2022-08-29,5호선,개롱,6594,6855,13449,-261,8,29,월
2022-08-29,5호선,오금,3870,3952,7822,-82,8,29,월
2022-08-29,5호선,방이,7184,7391,14575,-207,8,29,월
2022-08-29,5호선,올림픽공원(한국체대),4662,4009,8671,653,8,29,월
2022-08-29,5호선,둔촌동,8246,8308,16554,-62,8,29,월
2022-08-29,5호선,상일동,15408,14149,29557,1259,8,29,월
2022-08-29,5호선,고덕,10106,9950,20056,156,8,29,월
2022-08-29,5호선,명일,8707,9082,17789,-375,8,29,월
2022-08-29,5호선,굽은다리(강동구민회관앞),9763,9299,19062,464,8,29,월
2022-08-29,5호선,길동,8109,8416,16525,-307,8,29,월
2022-08-29,5호선,강동,19069,18489,37558,580,8,29,월
2022-08-29,5호선,천호(풍납토성),17506,17608,35114,-102,8,29,월
2022-08-29,5호선,광나루(장신대),14005,12973,26978,1032,8,29,월
2022-08-29,5호선,아차산(어린이대공원후문),14246,13937,28183,309,8,29,월
2022-08-29,5호선,군자(능동),11165,12075,23240,-910,8,29,월
2022-08-29,5호선,장한평,18853,18689,37542,164,8,29,월
2022-08-29,5호선,답십리,17075,15335,32410,1740,8,29,월
2022-08-29,5호선,마장,5921,5378,11299,543,8,29,월
2022-08-29,5호선,왕십리(성동구청),4502,4998,9500,-496,8,29,월
2022-08-29,5호선,행당,8389,7379,15768,1010,8,29,월
2022-08-29,5호선,신금호,6562,6957,13519,-395,8,29,월
2022-08-29,5호선,청구,4013,3709,7722,304,8,29,월
2022-08-29,5호선,동대문역사문화공원(DDP),3239,3715,6954,-476,8,29,월
2022-08-29,5호선,을지로4가,6678,6756,13434,-78,8,29,월
2022-08-29,5호선,종로3가,12213,11813,24026,400,8,29,월
2022-08-29,5호선,광화문(세종문화회관),31213,32641,63854,-1428,8,29,월
2022-08-29,5호선,서대문,20253,20880,41133,-627,8,29,월
2022-08-29,5호선,충정로(경기대입구),4760,4720,9480,40,8,29,월
2022-08-29,5호선,애오개,7049,6815,13864,234,8,29,월
2022-08-29,5호선,공덕,14785,15640,30425,-855,8,29,월
2022-08-29,5호선,마포,14716,15104,29820,-388,8,29,월
2022-08-29,5호선,여의나루,12445,13995,26440,-1550,8,29,월
2022-08-29,5호선,여의도,30244,32720,62964,-2476,8,29,월
2022-08-29,5호선,신길,4471,4539,9010,-68,8,29,월
2022-08-29,5호선,영등포시장,10177,10486,20663,-309,8,29,월
2022-08-29,5호선,영등포구청,4228,4362,8590,-134,8,29,월
2022-08-29,5호선,양평,7891,7819,15710,72,8,29,월
2022-08-29,5호선,오목교(목동운동장앞),21393,23256,44649,-1863,8,29,월
2022-08-29,5호선,목동,17024,18253,35277,-1229,8,29,월
2022-08-29,5호선,신정(은행정),14381,11634,26015,2747,8,29,월
2022-08-29,5호선,까치산,29735,27926,57661,1809,8,29,월
2022-08-29,5호선,화곡,29633,27547,57180,2086,8,29,월
2022-08-29,5호선,우장산,15472,15251,30723,221,8,29,월
2022-08-29,5호선,발산,21008,22013,43021,-1005,8,29,월
2022-08-29,5호선,마곡,11049,11248,22297,-199,8,29,월
2022-08-29,5호선,송정,6862,6287,13149,575,8,29,월
2022-08-29,5호선,김포공항,7721,6947,14668,774,8,29,월
2022-08-29,5호선,개화산,5948,5563,11511,385,8,29,월
2022-08-29,5호선,방화,6857,6471,13328,386,8,29,월
2022-08-29,4호선,남태령,1313,1096,2409,217,8,29,월
2022-08-29,4호선,사당,25165,20778,45943,4387,8,29,월
2022-08-29,4호선,총신대입구(이수),19043,20858,39901,-1815,8,29,월
2022-08-29,4호선,동작(현충원),1337,1493,2830,-156,8,29,월
2022-08-29,4호선,이촌(국립중앙박물관),7374,8130,15504,-756,8,29,월
2022-08-29,4호선,신용산,17792,18603,36395,-811,8,29,월
2022-08-29,4호선,삼각지,5208,5721,10929,-513,8,29,월
2022-08-29,4호선,숙대입구(갈월),13245,12798,26043,447,8,29,월
2022-08-29,4호선,서울역,12168,18238,30406,-6070,8,29,월
2022-08-29,4호선,회현(남대문시장),25289,26541,51830,-1252,8,29,월
2022-08-29,4호선,명동,22933,23977,46910,-1044,8,29,월
2022-08-29,4호선,충무로,26361,27991,54352,-1630,8,29,월
2022-08-29,4호선,동대문역사문화공원(DDP),15474,13790,29264,1684,8,29,월
2022-08-29,4호선,동대문,20086,20863,40949,-777,8,29,월
2022-08-29,4호선,혜화,31154,31660,62814,-506,8,29,월
2022-08-29,4호선,한성대입구(삼선교),14732,14084,28816,648,8,29,월
2022-08-29,4호선,성신여대입구(돈암),19556,18963,38519,593,8,29,월
2022-08-29,4호선,길음,20488,20205,40693,283,8,29,월
2022-08-29,4호선,미아사거리,27460,26701,54161,759,8,29,월
2022-08-29,4호선,미아(서울사이버대학),15114,14691,29805,423,8,29,월
2022-08-29,4호선,수유(강북구청),33238,33681,66919,-443,8,29,월
2022-08-29,4호선,쌍문,29169,27224,56393,1945,8,29,월
2022-08-29,4호선,창동,25475,26978,52453,-1503,8,29,월
2022-08-29,4호선,노원,18375,20717,39092,-2342,8,29,월
2022-08-29,4호선,상계,19493,18257,37750,1236,8,29,월
2022-08-29,4호선,당고개,9314,8088,17402,1226,8,29,월
2022-08-29,3호선,오금,6464,5785,12249,679,8,29,월
2022-08-29,3호선,경찰병원,7542,7566,15108,-24,8,29,월
2022-08-29,3호선,가락시장,9239,9084,18323,155,8,29,월
2022-08-29,3호선,수서,17579,18071,35650,-492,8,29,월
2022-08-29,3호선,일원,11095,10817,21912,278,8,29,월
2022-08-29,3호선,대청,11760,11049,22809,711,8,29,월
2022-08-29,3호선,학여울,1863,1824,3687,39,8,29,월
2022-08-29,3호선,대치,11372,11658,23030,-286,8,29,월
2022-08-29,3호선,도곡,5262,5591,10853,-329,8,29,월
2022-08-29,3호선,매봉,12713,12222,24935,491,8,29,월
2022-08-29,3호선,양재(서초구청),37801,41574,79375,-3773,8,29,월
2022-08-29,3호선,남부터미널(예술의전당),29174,29442,58616,-268,8,29,월
2022-08-29,3호선,교대(법원.검찰청),15243,10127,25370,5116,8,29,월
2022-08-29,3호선,고속터미널,42461,40305,82766,2156,8,29,월
2022-08-29,3호선,잠원,4915,4778,9693,137,8,29,월
2022-08-29,3호선,신사,28431,29938,58369,-1507,8,29,월
2022-08-29,3호선,압구정,31739,34316,66055,-2577,8,29,월
2022-08-29,3호선,옥수,9189,9371,18560,-182,8,29,월
2022-08-29,3호선,금호,8115,7594,15709,521,8,29,월
2022-08-29,3호선,약수,13348,12849,26197,499,8,29,월
2022-08-29,3호선,동대입구,7572,8114,15686,-542,8,29,월
2022-08-29,3호선,을지로3가,11008,11243,22251,-235,8,29,월
2022-08-29,3호선,종로3가,10050,11811,21861,-1761,8,29,월
2022-08-29,3호선,안국,22607,22939,45546,-332,8,29,월
2022-08-29,3호선,경복궁(정부서울청사),20374,20987,41361,-613,8,29,월
2022-08-29,3호선,독립문,6961,6978,13939,-17,8,29,월
2022-08-29,3호선,무악재,3985,3945,7930,40,8,29,월
2022-08-29,3호선,홍제,17907,16911,34818,996,8,29,월
2022-08-29,3호선,녹번,16026,14484,30510,1542,8,29,월
2022-08-29,3호선,불광,16260,17011,33271,-751,8,29,월
2022-08-29,3호선,연신내,36570,34473,71043,2097,8,29,월
2022-08-29,3호선,구파발,21320,20615,41935,705,8,29,월
2022-08-29,3호선,지축,5456,5330,10786,126,8,29,월
2022-08-29,2호선,용두(동대문구청),2647,2680,5327,-33,8,29,월
2022-08-29,2호선,신정네거리,10682,10862,21544,-180,8,29,월
2022-08-29,2호선,양천구청,7024,7236,14260,-212,8,29,월
2022-08-29,2호선,도림천,1485,1583,3068,-98,8,29,월
2022-08-29,2호선,신설동,3246,3389,6635,-143,8,29,월
2022-08-29,2호선,신답,1796,1956,3752,-160,8,29,월
2022-08-29,2호선,용답,2851,2910,5761,-59,8,29,월
2022-08-29,2호선,충정로(경기대입구),10413,10952,21365,-539,8,29,월
2022-08-29,2호선,아현,10904,10297,21201,607,8,29,월
2022-08-29,2호선,이대,14048,15140,29188,-1092,8,29,월
2022-08-29,2호선,신촌,34166,35053,69219,-887,8,29,월
2022-08-29,2호선,홍대입구,55134,58648,113782,-3514,8,29,월
2022-08-29,2호선,합정,30247,32358,62605,-2111,8,29,월
2022-08-29,2호선,당산,18209,21657,39866,-3448,8,29,월
2022-08-29,2호선,영등포구청,22618,23605,46223,-987,8,29,월
2022-08-29,2호선,문래,22827,23311,46138,-484,8,29,월
2022-08-29,2호선,신도림,47271,46353,93624,918,8,29,월
2022-08-29,2호선,대림(구로구청),24329,25109,49438,-780,8,29,월
2022-08-29,2호선,구로디지털단지,60856,61175,122031,-319,8,29,월
2022-08-29,2호선,신대방,25457,24828,50285,629,8,29,월
2022-08-29,2호선,신림,57682,55159,112841,2523,8,29,월
2022-08-29,2호선,봉천,24598,23017,47615,1581,8,29,월
2022-08-29,2호선,서울대입구(관악구청),47170,47249,94419,-79,8,29,월
2022-08-29,2호선,낙성대(강감찬),27783,27431,55214,352,8,29,월
2022-08-29,2호선,사당,36631,40191,76822,-3560,8,29,월
2022-08-29,2호선,방배,16294,16753,33047,-459,8,29,월
2022-08-29,2호선,서초,22403,21430,43833,973,8,29,월
2022-08-29,2호선,교대(법원.검찰청),34299,39208,73507,-4909,8,29,월
2022-08-29,2호선,강남,79280,77037,156317,2243,8,29,월
2022-08-29,2호선,역삼,55023,62782,117805,-7759,8,29,월
2022-08-29,2호선,선릉,59409,52751,112160,6658,8,29,월
2022-08-29,2호선,삼성(무역센터),52687,54084,106771,-1397,8,29,월
2022-08-29,2호선,종합운동장,6985,7893,14878,-908,8,29,월
2022-08-29,2호선,잠실새내,21343,20883,42226,460,8,29,월
2022-08-29,2호선,잠실(송파구청),68068,68594,136662,-526,8,29,월
2022-08-29,2호선,잠실나루,15368,15163,30531,205,8,29,월
2022-08-29,2호선,강변(동서울터미널),32122,29974,62096,2148,8,29,월
2022-08-29,2호선,구의(광진구청),24028,23775,47803,253,8,29,월
2022-08-29,2호선,건대입구,34701,37332,72033,-2631,8,29,월
2022-08-29,2호선,성수,38462,42178,80640,-3716,8,29,월
2022-08-29,2호선,뚝섬,22229,24452,46681,-2223,8,29,월
2022-08-29,2호선,한양대,7691,8285,15976,-594,8,29,월
2022-08-29,2호선,왕십리(성동구청),16059,13368,29427,2691,8,29,월
2022-08-29,2호선,상왕십리,14754,14367,29121,387,8,29,월
2022-08-29,2호선,신당,14241,14588,28829,-347,8,29,월
2022-08-29,2호선,동대문역사문화공원(DDP),12381,13922,26303,-1541,8,29,월
2022-08-29,2호선,을지로4가,14335,14241,28576,94,8,29,월
2022-08-29,2호선,을지로3가,24010,24370,48380,-360,8,29,월
2022-08-29,2호선,을지로입구,43279,44956,88235,-1677,8,29,월
2022-08-29,2호선,시청,24702,24547,49249,155,8,29,월
2022-08-29,1호선,동묘앞,7052,7522,14574,-470,8,29,월
2022-08-29,1호선,종각,37137,36814,73951,323,8,29,월
2022-08-29,1호선,제기동,18269,18892,37161,-623,8,29,월
2022-08-30,9호선2~3단계,선정릉,10835,11719,22554,-884,8,30,화
2022-08-30,중앙선,용문,2280,2187,4467,93,8,30,화
2022-08-30,중앙선,지평,50,58,108,-8,8,30,화
2022-08-30,2호선,신답,1774,2043,3817,-269,8,30,화
2022-08-30,1호선,서울역,47548,45011,92559,2537,8,30,화
2022-08-30,1호선,시청,25057,24830,49887,227,8,30,화
2022-08-30,1호선,종각,37848,37232,75080,616,8,30,화
2022-08-30,1호선,종로3가,22591,20692,43283,1899,8,30,화
2022-08-30,1호선,종로5가,22569,22361,44930,208,8,30,화
2022-08-30,1호선,동대문,10139,9317,19456,822,8,30,화
2022-08-30,1호선,신설동,13398,13107,26505,291,8,30,화
2022-08-30,1호선,제기동,15680,15629,31309,51,8,30,화
2022-08-30,1호선,청량리(서울시립대입구),18315,18050,36365,265,8,30,화
2022-08-30,1호선,동묘앞,6109,6386,12495,-277,8,30,화
2022-08-30,2호선,시청,25675,24874,50549,801,8,30,화
2022-08-30,2호선,을지로입구,44067,45490,89557,-1423,8,30,화
2022-08-30,2호선,을지로3가,24803,24575,49378,228,8,30,화
2022-08-30,2호선,을지로4가,14057,13916,27973,141,8,30,화
2022-08-30,2호선,동대문역사문화공원(DDP),12249,14250,26499,-2001,8,30,화
2022-08-30,2호선,신당,14169,14679,28848,-510,8,30,화
2022-08-30,2호선,상왕십리,14915,14552,29467,363,8,30,화
2022-08-30,2호선,왕십리(성동구청),16101,13548,29649,2553,8,30,화
2022-08-30,2호선,한양대,7345,7742,15087,-397,8,30,화
2022-08-30,2호선,뚝섬,22500,24282,46782,-1782,8,30,화
2022-08-30,2호선,성수,39343,42356,81699,-3013,8,30,화
2022-08-30,2호선,건대입구,33629,36249,69878,-2620,8,30,화
2022-08-30,2호선,구의(광진구청),24377,23993,48370,384,8,30,화
2022-08-30,2호선,강변(동서울터미널),30284,28285,58569,1999,8,30,화
2022-08-30,2호선,잠실나루,14955,14595,29550,360,8,30,화
2022-08-30,2호선,잠실(송파구청),67528,67726,135254,-198,8,30,화
2022-08-30,2호선,잠실새내,21426,21623,43049,-197,8,30,화
2022-08-30,2호선,종합운동장,6866,7454,14320,-588,8,30,화
2022-08-30,2호선,삼성(무역센터),55990,56731,112721,-741,8,30,화
2022-08-30,2호선,선릉,60780,54083,114863,6697,8,30,화
2022-08-30,2호선,역삼,58861,65173,124034,-6312,8,30,화
2022-08-30,2호선,강남,81046,78028,159074,3018,8,30,화
2022-08-30,2호선,교대(법원.검찰청),35538,40420,75958,-4882,8,30,화
2022-08-30,2호선,서초,23542,22582,46124,960,8,30,화
2022-08-30,2호선,방배,16818,17464,34282,-646,8,30,화
2022-08-30,2호선,사당,37764,40904,78668,-3140,8,30,화
2022-08-30,2호선,낙성대(강감찬),28051,27441,55492,610,8,30,화
2022-08-30,2호선,서울대입구(관악구청),46642,46245,92887,397,8,30,화
2022-08-30,2호선,봉천,24436,22989,47425,1447,8,30,화
2022-08-30,2호선,신림,56893,54776,111669,2117,8,30,화
2022-08-30,2호선,신대방,24510,24172,48682,338,8,30,화
2022-08-30,2호선,구로디지털단지,59919,60155,120074,-236,8,30,화
2022-08-30,2호선,대림(구로구청),23253,23718,46971,-465,8,30,화
2022-08-30,2호선,신도림,47060,46567,93627,493,8,30,화
2022-08-30,2호선,문래,23365,23867,47232,-502,8,30,화
2022-08-30,2호선,영등포구청,22736,23449,46185,-713,8,30,화
2022-08-30,2호선,당산,17552,21203,38755,-3651,8,30,화
2022-08-30,2호선,합정,30635,32421,63056,-1786,8,30,화
2022-08-30,2호선,홍대입구,52474,56434,108908,-3960,8,30,화
2022-08-30,2호선,신촌,33745,35099,68844,-1354,8,30,화
2022-08-30,2호선,이대,13972,14863,28835,-891,8,30,화
2022-08-30,2호선,아현,11067,10489,21556,578,8,30,화
2022-08-30,2호선,충정로(경기대입구),10572,11124,21696,-552,8,30,화
2022-08-30,2호선,용답,2774,2714,5488,60,8,30,화
2022-08-30,2호선,신설동,3385,3472,6857,-87,8,30,화
2022-08-30,2호선,도림천,1553,1618,3171,-65,8,30,화
2022-08-30,2호선,양천구청,7041,7349,14390,-308,8,30,화
2022-08-30,2호선,신정네거리,10480,10737,21217,-257,8,30,화
2022-08-30,2호선,용두(동대문구청),2436,2434,4870,2,8,30,화
2022-08-30,3호선,지축,5229,5098,10327,131,8,30,화
2022-08-30,3호선,구파발,20697,19776,40473,921,8,30,화
2022-08-30,3호선,연신내,35085,33188,68273,1897,8,30,화
2022-08-30,3호선,불광,15547,16685,32232,-1138,8,30,화
2022-08-30,3호선,녹번,15759,14269,30028,1490,8,30,화
2022-08-30,3호선,홍제,17512,16599,34111,913,8,30,화
2022-08-30,3호선,무악재,3956,3951,7907,5,8,30,화
2022-08-30,3호선,독립문,6819,6813,13632,6,8,30,화
2022-08-30,3호선,경복궁(정부서울청사),19108,18731,37839,377,8,30,화
2022-08-30,3호선,안국,22450,22901,45351,-451,8,30,화
2022-08-30,3호선,종로3가,10223,11695,21918,-1472,8,30,화
2022-08-30,3호선,을지로3가,11662,11363,23025,299,8,30,화
2022-08-30,3호선,충무로,1,0,1,1,8,30,화
2022-08-30,3호선,동대입구,8086,8361,16447,-275,8,30,화
2022-08-30,3호선,약수,13187,12910,26097,277,8,30,화
2022-08-30,3호선,금호,7945,7279,15224,666,8,30,화
2022-08-30,3호선,옥수,8849,9171,18020,-322,8,30,화
2022-08-30,3호선,압구정,32771,35095,67866,-2324,8,30,화
2022-08-30,3호선,신사,28699,29888,58587,-1189,8,30,화
2022-08-30,3호선,잠원,4888,4678,9566,210,8,30,화
2022-08-30,3호선,고속터미널,41600,38750,80350,2850,8,30,화
2022-08-30,3호선,교대(법원.검찰청),15330,10174,25504,5156,8,30,화
2022-08-30,3호선,남부터미널(예술의전당),29228,29645,58873,-417,8,30,화
2022-08-30,3호선,양재(서초구청),39165,42129,81294,-2964,8,30,화
2022-08-30,3호선,매봉,13076,12427,25503,649,8,30,화
2022-08-30,3호선,도곡,5083,5463,10546,-380,8,30,화
2022-08-30,3호선,대치,11430,11642,23072,-212,8,30,화
2022-08-30,3호선,학여울,1903,2043,3946,-140,8,30,화
2022-08-30,3호선,대청,11258,10489,21747,769,8,30,화
2022-08-30,3호선,일원,11442,10855,22297,587,8,30,화
2022-08-30,3호선,수서,17451,17709,35160,-258,8,30,화
2022-08-30,3호선,가락시장,9090,8888,17978,202,8,30,화
2022-08-30,3호선,경찰병원,7804,7825,15629,-21,8,30,화
2022-08-30,3호선,오금,6460,5964,12424,496,8,30,화
2022-08-30,4호선,당고개,8796,7788,16584,1008,8,30,화
2022-08-30,4호선,상계,19160,17960,37120,1200,8,30,화
2022-08-30,4호선,노원,17752,20265,38017,-2513,8,30,화
2022-08-30,4호선,창동,24846,26657,51503,-1811,8,30,화
2022-08-30,4호선,쌍문,28658,27018,55676,1640,8,30,화
2022-08-30,4호선,수유(강북구청),32644,32908,65552,-264,8,30,화
2022-08-30,4호선,미아(서울사이버대학),14702,14135,28837,567,8,30,화
2022-08-30,4호선,미아사거리,26755,25942,52697,813,8,30,화
2022-08-30,4호선,길음,20524,20571,41095,-47,8,30,화
2022-08-30,4호선,성신여대입구(돈암),19285,18742,38027,543,8,30,화
2022-08-30,4호선,한성대입구(삼선교),14977,14400,29377,577,8,30,화
2022-08-30,4호선,혜화,32987,32512,65499,475,8,30,화
2022-08-30,4호선,동대문,19187,19491,38678,-304,8,30,화
2022-08-30,4호선,동대문역사문화공원(DDP),15417,14441,29858,976,8,30,화
2022-08-30,4호선,충무로,26914,27706,54620,-792,8,30,화
2022-08-30,4호선,명동,22888,23386,46274,-498,8,30,화
2022-08-30,4호선,회현(남대문시장),24514,24838,49352,-324,8,30,화
2022-08-30,4호선,서울역,12178,17952,30130,-5774,8,30,화
2022-08-30,4호선,숙대입구(갈월),13141,12787,25928,354,8,30,화
2022-08-30,4호선,삼각지,5656,6419,12075,-763,8,30,화
2022-08-30,4호선,신용산,18269,18944,37213,-675,8,30,화
2022-08-30,4호선,이촌(국립중앙박물관),7735,8597,16332,-862,8,30,화
2022-08-30,4호선,동작(현충원),992,1191,2183,-199,8,30,화
2022-08-30,4호선,총신대입구(이수),18553,20618,39171,-2065,8,30,화
2022-08-30,4호선,사당,25650,21164,46814,4486,8,30,화
2022-08-30,4호선,남태령,1307,1890,3197,-583,8,30,화
2022-08-30,5호선,방화,6660,6477,13137,183,8,30,화
2022-08-30,5호선,개화산,5641,5358,10999,283,8,30,화
2022-08-30,5호선,김포공항,7468,6754,14222,714,8,30,화
2022-08-30,5호선,송정,6533,6049,12582,484,8,30,화
2022-08-30,5호선,마곡,11281,11319,22600,-38,8,30,화
2022-08-30,5호선,발산,21249,22045,43294,-796,8,30,화
2022-08-30,5호선,우장산,15026,14783,29809,243,8,30,화
2022-08-30,5호선,화곡,28971,26919,55890,2052,8,30,화
2022-08-30,5호선,까치산,28898,27527,56425,1371,8,30,화
2022-08-30,5호선,신정(은행정),14155,11501,25656,2654,8,30,화
2022-08-30,5호선,목동,16745,18242,34987,-1497,8,30,화
2022-08-30,5호선,오목교(목동운동장앞),21727,23400,45127,-1673,8,30,화
2022-08-30,5호선,양평,7982,7970,15952,12,8,30,화
2022-08-30,5호선,영등포구청,4196,4361,8557,-165,8,30,화
2022-08-30,5호선,영등포시장,10190,10532,20722,-342,8,30,화
2022-08-30,5호선,신길,4374,4581,8955,-207,8,30,화
2022-08-30,5호선,여의도,32446,33834,66280,-1388,8,30,화
2022-08-30,5호선,여의나루,9669,11702,21371,-2033,8,30,화
2022-08-30,5호선,마포,15086,15525,30611,-439,8,30,화
2022-08-30,5호선,공덕,15425,16283,31708,-858,8,30,화
2022-08-30,5호선,애오개,7271,7199,14470,72,8,30,화
2022-08-30,5호선,충정로(경기대입구),4870,4919,9789,-49,8,30,화
2022-08-30,5호선,서대문,21405,21699,43104,-294,8,30,화
2022-08-30,5호선,광화문(세종문화회관),32132,33577,65709,-1445,8,30,화
2022-08-30,5호선,종로3가,11853,11796,23649,57,8,30,화
2022-08-30,5호선,을지로4가,6513,6625,13138,-112,8,30,화
2022-08-30,5호선,동대문역사문화공원(DDP),3377,3819,7196,-442,8,30,화
2022-08-30,5호선,청구,4055,3738,7793,317,8,30,화
2022-08-30,5호선,신금호,6768,7015,13783,-247,8,30,화
2022-08-30,5호선,행당,8512,7644,16156,868,8,30,화
2022-08-30,5호선,왕십리(성동구청),4416,5063,9479,-647,8,30,화
2022-08-30,5호선,마장,5851,5446,11297,405,8,30,화
2022-08-30,5호선,답십리,16699,15192,31891,1507,8,30,화
2022-08-30,5호선,장한평,18832,18768,37600,64,8,30,화
2022-08-30,5호선,군자(능동),11056,12289,23345,-1233,8,30,화
2022-08-30,5호선,아차산(어린이대공원후문),14311,13828,28139,483,8,30,화
2022-08-30,5호선,광나루(장신대),13678,12337,26015,1341,8,30,화
2022-08-30,5호선,천호(풍납토성),17290,17318,34608,-28,8,30,화
2022-08-30,5호선,강동,19058,18600,37658,458,8,30,화
2022-08-30,5호선,길동,7925,8288,16213,-363,8,30,화
2022-08-30,5호선,굽은다리(강동구민회관앞),9488,9172,18660,316,8,30,화
2022-08-30,5호선,명일,8725,9177,17902,-452,8,30,화
2022-08-30,5호선,고덕,9817,9695,19512,122,8,30,화
2022-08-30,5호선,상일동,15109,14114,29223,995,8,30,화
2022-08-30,5호선,둔촌동,8461,8329,16790,132,8,30,화
2022-08-30,5호선,올림픽공원(한국체대),4450,3787,8237,663,8,30,화
2022-08-30,5호선,방이,7365,7753,15118,-388,8,30,화
2022-08-30,5호선,오금,3909,3881,7790,28,8,30,화
2022-08-30,5호선,개롱,6642,6891,13533,-249,8,30,화
2022-08-30,5호선,거여,10419,10033,20452,386,8,30,화
2022-08-30,5호선,마천,7203,7024,14227,179,8,30,화
2022-08-30,5호선,강일,4565,4419,8984,146,8,30,화
2022-08-30,5호선,미사,16248,16352,32600,-104,8,30,화
2022-08-30,5호선,하남풍산,4203,4163,8366,40,8,30,화
2022-08-30,5호선,하남시청(덕풍·신장),6911,6632,13543,279,8,30,화
2022-08-30,5호선,하남검단산,5562,5340,10902,222,8,30,화
2022-08-30,6호선,응암,17706,17585,35291,121,8,30,화
2022-08-30,6호선,역촌,3891,4552,8443,-661,8,30,화
2022-08-30,6호선,불광,4296,4284,8580,12,8,30,화
2022-08-30,6호선,독바위,2836,2929,5765,-93,8,30,화
2022-08-30,6호선,연신내,1,0,1,1,8,30,화
2022-08-30,6호선,구산,7983,6155,14138,1828,8,30,화
2022-08-30,6호선,새절(신사),12719,11837,24556,882,8,30,화
2022-08-30,6호선,증산(명지대앞),10018,9972,19990,46,8,30,화
2022-08-30,6호선,디지털미디어시티,15066,16961,32027,-1895,8,30,화
2022-08-30,6호선,월드컵경기장(성산),4155,4398,8553,-243,8,30,화
2022-08-30,6호선,마포구청,14754,13401,28155,1353,8,30,화
2022-08-30,6호선,망원,13439,14441,27880,-1002,8,30,화
2022-08-30,6호선,합정,12582,12625,25207,-43,8,30,화
2022-08-30,6호선,상수,8588,9639,18227,-1051,8,30,화
2022-08-30,6호선,광흥창(서강),9719,9449,19168,270,8,30,화
2022-08-30,6호선,대흥(서강대앞),8624,8912,17536,-288,8,30,화
2022-08-30,6호선,공덕,19321,18773,38094,548,8,30,화
2022-08-30,6호선,효창공원앞,7279,6537,13816,742,8,30,화
2022-08-30,6호선,삼각지,7651,6714,14365,937,8,30,화
2022-08-30,6호선,녹사평(용산구청),4679,4790,9469,-111,8,30,화
2022-08-30,6호선,이태원,10225,10797,21022,-572,8,30,화
2022-08-30,6호선,한강진,8460,9532,17992,-1072,8,30,화
2022-08-30,6호선,버티고개,2164,2257,4421,-93,8,30,화
2022-08-30,6호선,약수,3761,3692,7453,69,8,30,화
2022-08-30,6호선,청구,3936,4055,7991,-119,8,30,화
2022-08-30,6호선,신당,8944,9554,18498,-610,8,30,화
2022-08-30,6호선,동묘앞,7622,8042,15664,-420,8,30,화
2022-08-30,6호선,창신,4027,3544,7571,483,8,30,화
2022-08-30,6호선,보문,7829,7109,14938,720,8,30,화
2022-08-30,6호선,안암(고대병원앞),11162,11378,22540,-216,8,30,화
2022-08-30,6호선,고려대(종암),8278,8112,16390,166,8,30,화
2022-08-30,6호선,월곡(동덕여대),11603,11635,23238,-32,8,30,화
2022-08-30,6호선,상월곡(한국과학기술연구원),6342,5731,12073,611,8,30,화
2022-08-30,6호선,돌곶이,9359,8744,18103,615,8,30,화
2022-08-30,6호선,석계,12263,12807,25070,-544,8,30,화
2022-08-30,6호선,태릉입구,5511,5961,11472,-450,8,30,화
2022-08-30,6호선,화랑대(서울여대입구),11751,9037,20788,2714,8,30,화
2022-08-30,6호선,봉화산(서울의료원),9168,8632,17800,536,8,30,화
2022-08-30,7호선,장암,2232,816,3048,1416,8,30,화
2022-08-30,7호선,도봉산,8922,9731,18653,-809,8,30,화
2022-08-30,7호선,수락산,12427,12344,24771,83,8,30,화
2022-08-30,7호선,마들,13282,12557,25839,725,8,30,화
2022-08-30,7호선,노원,19401,20021,39422,-620,8,30,화
2022-08-30,7호선,중계,14804,13745,28549,1059,8,30,화
2022-08-30,7호선,하계,17831,16733,34564,1098,8,30,화
2022-08-30,7호선,공릉(서울과학기술대),11676,11744,23420,-68,8,30,화
2022-08-30,7호선,태릉입구,8204,7786,15990,418,8,30,화
2022-08-30,7호선,먹골,10300,10091,20391,209,8,30,화
2022-08-30,7호선,중화,10631,10634,21265,-3,8,30,화
2022-08-30,7호선,상봉(시외버스터미널),16612,15725,32337,887,8,30,화
2022-08-30,7호선,면목,14952,14629,29581,323,8,30,화
2022-08-30,7호선,사가정,15877,16043,31920,-166,8,30,화
2022-08-30,7호선,용마산(용마폭포공원),6078,5830,11908,248,8,30,화
2022-08-30,7호선,중곡,11269,10648,21917,621,8,30,화
2022-08-30,7호선,군자(능동),15112,12261,27373,2851,8,30,화
2022-08-30,7호선,어린이대공원(세종대),14305,14835,29140,-530,8,30,화
2022-08-30,7호선,건대입구,14363,14757,29120,-394,8,30,화
2022-08-30,7호선,뚝섬유원지,7169,6983,14152,186,8,30,화
2022-08-30,7호선,청담,20737,22950,43687,-2213,8,30,화
2022-08-30,7호선,강남구청,17648,19511,37159,-1863,8,30,화
2022-08-30,7호선,학동,26001,26977,52978,-976,8,30,화
2022-08-30,7호선,논현,19205,20128,39333,-923,8,30,화
2022-08-30,7호선,반포,6116,5962,12078,154,8,30,화
2022-08-30,7호선,고속터미널,15859,13507,29366,2352,8,30,화
2022-08-30,7호선,내방,15135,15390,30525,-255,8,30,화
2022-08-30,7호선,이수,16238,15365,31603,873,8,30,화
2022-08-30,7호선,남성,11920,11090,23010,830,8,30,화
2022-08-30,7호선,숭실대입구(살피재),11962,12231,24193,-269,8,30,화
2022-08-30,7호선,상도,11326,10983,22309,343,8,30,화
2022-08-30,7호선,장승배기,9443,9233,18676,210,8,30,화
2022-08-30,7호선,신대방삼거리,15332,14759,30091,573,8,30,화
2022-08-30,7호선,보라매,7760,7824,15584,-64,8,30,화
2022-08-30,7호선,신풍,11787,11165,22952,622,8,30,화
2022-08-30,7호선,대림(구로구청),8175,8132,16307,43,8,30,화
2022-08-30,7호선,남구로,16404,17056,33460,-652,8,30,화
2022-08-30,7호선,가산디지털단지,46923,47285,94208,-362,8,30,화
2022-08-30,7호선,철산,21353,21702,43055,-349,8,30,화
2022-08-30,7호선,광명사거리,20773,20637,41410,136,8,30,화
2022-08-30,7호선,천왕,11768,11397,23165,371,8,30,화
2022-08-30,7호선,온수(성공회대입구),11435,10635,22070,800,8,30,화
2022-08-30,7호선,굴포천,2,0,2,2,8,30,화
2022-08-30,8호선,암사,19234,17038,36272,2196,8,30,화
2022-08-30,8호선,천호(풍납토성),14503,16330,30833,-1827,8,30,화
2022-08-30,8호선,강동구청,10914,11173,22087,-259,8,30,화
2022-08-30,8호선,몽촌토성(평화의문),6254,6314,12568,-60,8,30,화
2022-08-30,8호선,잠실(송파구청),14359,16838,31197,-2479,8,30,화
2022-08-30,8호선,석촌,7700,8800,16500,-1100,8,30,화
2022-08-30,8호선,송파,9540,9322,18862,218,8,30,화
2022-08-30,8호선,가락시장,7828,8486,16314,-658,8,30,화
2022-08-30,8호선,문정,22883,24253,47136,-1370,8,30,화
2022-08-30,8호선,장지,17600,16620,34220,980,8,30,화
2022-08-30,8호선,복정,9928,8391,18319,1537,8,30,화
2022-08-30,8호선,산성,5217,5285,10502,-68,8,30,화
2022-08-30,8호선,남한산성입구(성남법원.검찰청),14437,13550,27987,887,8,30,화
2022-08-30,8호선,단대오거리,11032,10503,21535,529,8,30,화
2022-08-30,8호선,신흥,4025,4336,8361,-311,8,30,화
2022-08-30,8호선,수진,5567,5149,10716,418,8,30,화
2022-08-30,8호선,모란,4311,3487,7798,824,8,30,화
2022-08-30,8호선,남위례,5845,5976,11821,-131,8,30,화
2022-08-30,9호선,개화,2763,1903,4666,860,8,30,화
2022-08-30,9호선,김포공항,7610,10207,17817,-2597,8,30,화
2022-08-30,9호선,공항시장,3025,3336,6361,-311,8,30,화
2022-08-30,9호선,신방화,7091,6887,13978,204,8,30,화
2022-08-30,9호선,마곡나루(서울식물원),12539,12438,24977,101,8,30,화
2022-08-30,9호선,양천향교,10153,10707,20860,-554,8,30,화
2022-08-30,9호선,가양,21410,20950,42360,460,8,30,화
2022-08-30,9호선,증미,8064,7948,16012,116,8,30,화
2022-08-30,9호선,등촌,11958,11568,23526,390,8,30,화
2022-08-30,9호선,염창,17714,17355,35069,359,8,30,화
2022-08-30,9호선,신목동,4383,3788,8171,595,8,30,화
2022-08-30,9호선,선유도,9482,9016,18498,466,8,30,화
2022-08-30,9호선,당산,19050,19810,38860,-760,8,30,화
2022-08-30,9호선,국회의사당,18598,19149,37747,-551,8,30,화
2022-08-30,9호선,여의도,31442,29688,61130,1754,8,30,화
2022-08-30,9호선,샛강,6685,6536,13221,149,8,30,화
2022-08-30,9호선,노량진,25122,24613,49735,509,8,30,화
2022-08-30,9호선,노들,4686,3978,8664,708,8,30,화
2022-08-30,9호선,흑석(중앙대입구),8408,8841,17249,-433,8,30,화
2022-08-30,9호선,동작(현충원),1774,1369,3143,405,8,30,화
2022-08-30,9호선,구반포,1181,1156,2337,25,8,30,화
2022-08-30,9호선,신반포,3663,3545,7208,118,8,30,화
2022-08-30,9호선,고속터미널,11821,15459,27280,-3638,8,30,화
2022-08-30,9호선,사평,4030,3918,7948,112,8,30,화
2022-08-30,9호선,신논현,29395,29072,58467,323,8,30,화
2022-08-30,9호선2~3단계,언주,11923,12115,24038,-192,8,30,화
2022-08-30,중앙선,원덕,285,281,566,4,8,30,화
2022-08-30,9호선2~3단계,삼성중앙,8177,8571,16748,-394,8,30,화
2022-08-30,9호선2~3단계,봉은사,18401,18780,37181,-379,8,30,화
2022-08-30,9호선2~3단계,종합운동장,4391,4391,8782,0,8,30,화
2022-08-30,9호선2~3단계,삼전,7321,7066,14387,255,8,30,화
2022-08-30,9호선2~3단계,석촌고분,6796,6749,13545,47,8,30,화
2022-08-30,9호선2~3단계,석촌,8722,7789,16511,933,8,30,화
2022-08-30,9호선2~3단계,송파나루,5390,5751,11141,-361,8,30,화
2022-08-30,9호선2~3단계,한성백제,2734,2538,5272,196,8,30,화
2022-08-30,9호선2~3단계,올림픽공원(한국체대),6101,6344,12445,-243,8,30,화
2022-08-30,9호선2~3단계,둔촌오륜,1240,1127,2367,113,8,30,화
2022-08-30,9호선2~3단계,중앙보훈병원,11741,10396,22137,1345,8,30,화
2022-08-30,경강선,판교,5378,5330,10708,48,8,30,화
2022-08-30,경강선,이매,1257,1065,2322,192,8,30,화
2022-08-30,경강선,삼동,2624,2456,5080,168,8,30,화
2022-08-30,경강선,경기광주,8161,7503,15664,658,8,30,화
2022-08-30,경강선,초월,3203,3102,6305,101,8,30,화
2022-08-30,경강선,곤지암,2057,2031,4088,26,8,30,화
2022-08-30,경강선,신둔도예촌,1858,1612,3470,246,8,30,화
2022-08-30,경강선,이천,2608,2616,5224,-8,8,30,화
2022-08-30,경강선,부발,1972,1936,3908,36,8,30,화
2022-08-30,경강선,세종대왕릉,342,337,679,5,8,30,화
2022-08-30,경강선,여주,2386,2280,4666,106,8,30,화
2022-08-30,경부선,서울역,7435,2175,9610,5260,8,30,화
2022-08-30,경부선,남영,10064,10336,20400,-272,8,30,화
2022-08-30,경부선,용산,35815,35851,71666,-36,8,30,화
2022-08-30,경부선,노량진,7377,7357,14734,20,8,30,화
2022-08-30,경부선,대방,11140,12329,23469,-1189,8,30,화
2022-08-30,경부선,영등포,37000,38108,75108,-1108,8,30,화
2022-08-30,경부선,신도림,3505,3783,7288,-278,8,30,화
2022-08-30,경부선,신길,8918,7596,16514,1322,8,30,화
2022-08-30,경부선,구로,18117,18192,36309,-75,8,30,화
2022-08-30,경부선,가산디지털단지,18752,21836,40588,-3084,8,30,화
2022-08-30,경부선,금천구청,11271,11411,22682,-140,8,30,화
2022-08-30,경부선,석수,9539,8639,18178,900,8,30,화
2022-08-30,경부선,관악,7263,6934,14197,329,8,30,화
2022-08-30,경부선,안양,25159,24796,49955,363,8,30,화
2022-08-30,경부선,명학,10826,10681,21507,145,8,30,화
2022-08-30,경부선,금정,27007,27541,54548,-534,8,30,화
2022-08-30,경부선,군포,7672,7440,15112,232,8,30,화
2022-08-30,경부선,의왕,9006,9074,18080,-68,8,30,화
2022-08-30,경부선,성균관대,15609,15148,30757,461,8,30,화
2022-08-30,경부선,화서,8199,7903,16102,296,8,30,화
2022-08-30,경부선,수원,34219,35724,69943,-1505,8,30,화
2022-08-30,경부선,독산,19417,20129,39546,-712,8,30,화
2022-08-30,경부선,세류,3047,2785,5832,262,8,30,화
2022-08-30,경부선,병점,14943,15009,29952,-66,8,30,화
2022-08-30,경부선,세마,2845,2715,5560,130,8,30,화
2022-08-30,경부선,오산대,4057,3725,7782,332,8,30,화
2022-08-30,경부선,오산,9518,9617,19135,-99,8,30,화
2022-08-30,경부선,진위,1791,1610,3401,181,8,30,화
2022-08-30,경부선,송탄,3998,3916,7914,82,8,30,화
2022-08-30,경부선,서정리,7446,6934,14380,512,8,30,화
2022-08-30,경부선,평택지제,3759,3716,7475,43,8,30,화
2022-08-30,경부선,평택,10735,11065,21800,-330,8,30,화
2022-08-30,경부선,성환,6171,6001,12172,170,8,30,화
2022-08-30,경부선,직산,792,785,1577,7,8,30,화
2022-08-30,경부선,두정,6431,7372,13803,-941,8,30,화
2022-08-30,경부선,천안,6051,5503,11554,548,8,30,화
2022-08-30,경부선,당정,6323,6009,12332,314,8,30,화
2022-08-30,경부선,서동탄,1391,1172,2563,219,8,30,화
2022-08-30,경부선,광명,3417,2903,6320,514,8,30,화
2022-08-30,경원선,이촌(국립중앙박물관),3810,3013,6823,797,8,30,화
2022-08-30,경원선,서빙고,2029,1902,3931,127,8,30,화
2022-08-30,경원선,한남,3967,3780,7747,187,8,30,화
2022-08-30,경원선,옥수,50,39,89,11,8,30,화
2022-08-30,경원선,응봉,1875,1584,3459,291,8,30,화
2022-08-30,경원선,왕십리(성동구청),14203,16225,30428,-2022,8,30,화
2022-08-30,경원선,청량리(서울시립대입구),14492,15072,29564,-580,8,30,화
2022-08-30,경원선,외대앞,7643,7648,15291,-5,8,30,화
2022-08-30,경원선,신이문,8521,7829,16350,692,8,30,화
2022-08-30,경원선,석계,7443,8613,16056,-1170,8,30,화
2022-08-30,경원선,광운대,7280,6999,14279,281,8,30,화
2022-08-30,경원선,월계,6449,6168,12617,281,8,30,화
2022-08-30,경원선,녹천,4781,3962,8743,819,8,30,화
2022-08-30,경원선,창동,2,0,2,2,8,30,화
2022-08-30,경원선,방학,9599,9495,19094,104,8,30,화
2022-08-30,경원선,도봉,5973,5762,11735,211,8,30,화
2022-08-30,경원선,도봉산,6078,3797,9875,2281,8,30,화
2022-08-30,경원선,망월사,7397,7570,14967,-173,8,30,화
2022-08-30,경원선,회룡,12399,12317,24716,82,8,30,화
2022-08-30,경원선,의정부,17276,17823,35099,-547,8,30,화
2022-08-30,경원선,가능,6688,6326,13014,362,8,30,화
2022-08-30,경원선,녹양,4481,4304,8785,177,8,30,화
2022-08-30,경원선,양주,7756,7232,14988,524,8,30,화
2022-08-30,경원선,덕계,3395,3014,6409,381,8,30,화
2022-08-30,경원선,덕정,6241,6114,12355,127,8,30,화
2022-08-30,경원선,지행,6258,6367,12625,-109,8,30,화
2022-08-30,경원선,동두천중앙,3015,2939,5954,76,8,30,화
2022-08-30,경원선,보산,1519,1392,2911,127,8,30,화
2022-08-30,경원선,동두천,2586,2753,5339,-167,8,30,화
2022-08-30,경원선,소요산,1794,1536,3330,258,8,30,화
2022-08-30,경의선,서울역,4747,5994,10741,-1247,8,30,화
2022-08-30,경의선,신촌,896,1170,2066,-274,8,30,화
2022-08-30,경의선,효창공원앞,3159,3495,6654,-336,8,30,화
2022-08-30,경의선,공덕,3888,3237,7125,651,8,30,화
2022-08-30,경의선,서강대,2078,2129,4207,-51,8,30,화
2022-08-30,경의선,홍대입구,1639,1876,3515,-237,8,30,화
2022-08-30,경의선,가좌,5693,5307,11000,386,8,30,화
2022-08-30,경의선,디지털미디어시티,2750,2492,5242,258,8,30,화
2022-08-30,경의선,수색,3048,3239,6287,-191,8,30,화
2022-08-30,경의선,화전,3765,3468,7233,297,8,30,화
2022-08-30,경의선,강매,3284,2788,6072,496,8,30,화
2022-08-30,경의선,행신,8404,8421,16825,-17,8,30,화
2022-08-30,경의선,능곡,3757,3488,7245,269,8,30,화
2022-08-30,경의선,곡산,527,542,1069,-15,8,30,화
2022-08-30,경의선,백마,7046,6863,13909,183,8,30,화
2022-08-30,경의선,풍산,5674,5284,10958,390,8,30,화
2022-08-30,경의선,일산,9531,9312,18843,219,8,30,화
2022-08-30,경의선,탄현,7875,7506,15381,369,8,30,화
2022-08-30,경의선,야당,7626,7517,15143,109,8,30,화
2022-08-30,경의선,운정,6997,6431,13428,566,8,30,화
2022-08-30,경의선,금릉,4889,4744,9633,145,8,30,화
2022-08-30,경의선,금촌,6157,6069,12226,88,8,30,화
2022-08-30,경의선,월롱,3077,2957,6034,120,8,30,화
2022-08-30,경의선,파주,1610,1193,2803,417,8,30,화
2022-08-30,경의선,문산,4995,4973,9968,22,8,30,화
2022-08-30,경의선,임진강,11,3,14,8,8,30,화
2022-08-30,경인선,개봉,21463,20949,42412,514,8,30,화
2022-08-30,경인선,오류동,11604,10684,22288,920,8,30,화
2022-08-30,경인선,역곡,29041,28919,57960,122,8,30,화
2022-08-30,경인선,부천,31399,31013,62412,386,8,30,화
2022-08-30,경인선,송내,27909,28037,55946,-128,8,30,화
2022-08-30,경인선,부평,26706,28234,54940,-1528,8,30,화
2022-08-30,경인선,백운,6827,6713,13540,114,8,30,화
2022-08-30,경인선,동암,15301,15246,30547,55,8,30,화
2022-08-30,경인선,주안,19378,17756,37134,1622,8,30,화
2022-08-30,경인선,제물포,11264,10778,22042,486,8,30,화
2022-08-30,경인선,동인천,12691,12123,24814,568,8,30,화
2022-08-30,경인선,인천,3068,2218,5286,850,8,30,화
2022-08-30,경인선,구일,8131,8299,16430,-168,8,30,화
2022-08-30,경인선,소사,8645,8826,17471,-181,8,30,화
2022-08-30,경인선,부개,8622,8081,16703,541,8,30,화
2022-08-30,경인선,간석,5933,5584,11517,349,8,30,화
2022-08-30,경인선,도원,3311,3246,6557,65,8,30,화
2022-08-30,경인선,온수(성공회대입구),7464,7044,14508,420,8,30,화
2022-08-30,경인선,중동,9335,8722,18057,613,8,30,화
2022-08-30,경인선,도화,4104,3766,7870,338,8,30,화
2022-08-30,경춘선,신내,2245,2238,4483,7,8,30,화
2022-08-30,경춘선,갈매,3078,2630,5708,448,8,30,화
2022-08-30,경춘선,별내,3009,2824,5833,185,8,30,화
2022-08-30,경춘선,퇴계원,3473,3137,6610,336,8,30,화
2022-08-30,경춘선,사릉,2467,2423,4890,44,8,30,화
2022-08-30,경춘선,금곡,1460,1411,2871,49,8,30,화
2022-08-30,경춘선,평내호평,6135,5994,12129,141,8,30,화
2022-08-30,경춘선,천마산,1643,1448,3091,195,8,30,화
2022-08-30,경춘선,마석,3842,3780,7622,62,8,30,화
2022-08-30,경춘선,대성리,1232,900,2132,332,8,30,화
2022-08-30,경춘선,청평,1660,1485,3145,175,8,30,화
2022-08-30,경춘선,상천,186,174,360,12,8,30,화
2022-08-30,경춘선,가평,2304,1805,4109,499,8,30,화
2022-08-30,경춘선,굴봉산,113,95,208,18,8,30,화
2022-08-30,경춘선,백양리,56,55,111,1,8,30,화
2022-08-30,경춘선,강촌,410,314,724,96,8,30,화
2022-08-30,경춘선,김유정,275,271,546,4,8,30,화
2022-08-30,경춘선,남춘천,2175,2359,4534,-184,8,30,화
2022-08-30,경춘선,춘천,1734,1508,3242,226,8,30,화
2022-08-30,공항철도 1호선,서울역,8659,8024,16683,635,8,30,화
2022-08-30,공항철도 1호선,공덕,2478,3312,5790,-834,8,30,화
2022-08-30,공항철도 1호선,홍대입구,9659,10300,19959,-641,8,30,화
2022-08-30,공항철도 1호선,디지털미디어시티,15459,14428,29887,1031,8,30,화
2022-08-30,공항철도 1호선,마곡나루(서울식물원),9706,9120,18826,586,8,30,화
2022-08-30,공항철도 1호선,김포공항,12007,6232,18239,5775,8,30,화
2022-08-30,공항철도 1호선,계양,11482,10671,22153,811,8,30,화
2022-08-30,공항철도 1호선,검암,6411,6478,12889,-67,8,30,화
2022-08-30,공항철도 1호선,청라국제도시,7010,6602,13612,408,8,30,화
2022-08-30,공항철도 1호선,운서,7400,7658,15058,-258,8,30,화
2022-08-30,공항철도 1호선,공항화물청사,2330,2543,4873,-213,8,30,화
2022-08-30,공항철도 1호선,인천공항1터미널,8462,6937,15399,1525,8,30,화
2022-08-30,공항철도 1호선,인천공항2터미널,3629,3057,6686,572,8,30,화
2022-08-30,공항철도 1호선,영종,3334,3311,6645,23,8,30,화
2022-08-30,과천선,선바위,8025,7525,15550,500,8,30,화
2022-08-30,과천선,경마공원,1522,1538,3060,-16,8,30,화
2022-08-30,과천선,대공원,1393,1551,2944,-158,8,30,화
2022-08-30,과천선,과천,6481,6288,12769,193,8,30,화
2022-08-30,과천선,정부과천청사,11067,11115,22182,-48,8,30,화
2022-08-30,과천선,인덕원,23893,25286,49179,-1393,8,30,화
2022-08-30,과천선,평촌,17828,17837,35665,-9,8,30,화
2022-08-30,과천선,범계,25350,25582,50932,-232,8,30,화
2022-08-30,분당선,선릉,14898,22068,36966,-7170,8,30,화
2022-08-30,분당선,한티,15222,16349,31571,-1127,8,30,화
2022-08-30,분당선,도곡,7708,7335,15043,373,8,30,화
2022-08-30,분당선,구룡,2354,2207,4561,147,8,30,화
2022-08-30,분당선,개포동,4189,4193,8382,-4,8,30,화
2022-08-30,분당선,대모산입구,4730,4448,9178,282,8,30,화
2022-08-30,분당선,수서,14166,14355,28521,-189,8,30,화
2022-08-30,분당선,수원,7614,6357,13971,1257,8,30,화
2022-08-30,분당선,서울숲,10918,11398,22316,-480,8,30,화
2022-08-30,분당선,압구정로데오,19618,21825,41443,-2207,8,30,화
2022-08-30,분당선,강남구청,10245,11800,22045,-1555,8,30,화
2022-08-30,분당선,선정릉,8710,9268,17978,-558,8,30,화
2022-08-30,분당선,가천대,12922,14043,26965,-1121,8,30,화
2022-08-30,분당선,태평,13527,12806,26333,721,8,30,화
2022-08-30,분당선,모란,19360,19973,39333,-613,8,30,화
2022-08-30,분당선,야탑,25830,26950,52780,-1120,8,30,화
2022-08-30,분당선,서현,24475,24889,49364,-414,8,30,화
2022-08-30,분당선,수내,14104,14216,28320,-112,8,30,화
2022-08-30,분당선,정자,18929,20189,39118,-1260,8,30,화
2022-08-30,분당선,미금,15293,16376,31669,-1083,8,30,화
2022-08-30,분당선,오리,11890,9705,21595,2185,8,30,화
2022-08-30,분당선,이매,5897,5428,11325,469,8,30,화
2022-08-30,분당선,보정,2752,2377,5129,375,8,30,화
2022-08-30,분당선,죽전,12954,14446,27400,-1492,8,30,화
2022-08-30,분당선,구성,5215,5481,10696,-266,8,30,화
2022-08-30,분당선,신갈,4796,4669,9465,127,8,30,화
2022-08-30,분당선,기흥,10552,9764,20316,788,8,30,화
2022-08-30,분당선,상갈,5556,5423,10979,133,8,30,화
2022-08-30,분당선,청명,4499,4331,8830,168,8,30,화
2022-08-30,분당선,영통,8002,8396,16398,-394,8,30,화
2022-08-30,분당선,망포,14975,14270,29245,705,8,30,화
2022-08-30,분당선,매탄권선,5166,5128,10294,38,8,30,화
2022-08-30,분당선,수원시청,12354,13201,25555,-847,8,30,화
2022-08-30,분당선,매교,3752,3641,7393,111,8,30,화
2022-08-30,수인선,고색,4827,4456,9283,371,8,30,화
2022-08-30,수인선,오목천,4469,4048,8517,421,8,30,화
2022-08-30,수인선,어천,949,895,1844,54,8,30,화
2022-08-30,수인선,야목,333,253,586,80,8,30,화
2022-08-30,수인선,사리,4909,4294,9203,615,8,30,화
2022-08-30,수인선,달월,105,70,175,35,8,30,화
2022-08-30,수인선,월곶,2796,2554,5350,242,8,30,화
2022-08-30,수인선,소래포구,4853,4512,9365,341,8,30,화
2022-08-30,수인선,인천논현,5371,5742,11113,-371,8,30,화
2022-08-30,수인선,호구포,4052,4114,8166,-62,8,30,화
2022-08-30,수인선,남동인더스파크,2349,2639,4988,-290,8,30,화
2022-08-30,수인선,원인재,4032,4172,8204,-140,8,30,화
2022-08-30,수인선,연수,4408,4380,8788,28,8,30,화
2022-08-30,수인선,송도,2202,2138,4340,64,8,30,화
2022-08-30,수인선,인하대,7682,7178,14860,504,8,30,화
2022-08-30,수인선,숭의,3808,3660,7468,148,8,30,화
2022-08-30,수인선,신포,1677,1688,3365,-11,8,30,화
2022-08-30,수인선,인천,914,1524,2438,-610,8,30,화
2022-08-30,신림선,샛강,2299,2765,5064,-466,8,30,화
2022-08-30,신림선,대방,2158,1682,3840,476,8,30,화
2022-08-30,신림선,서울지방병무청,2499,2717,5216,-218,8,30,화
2022-08-30,신림선,보라매,3009,2776,5785,233,8,30,화
2022-08-30,신림선,보라매공원,1801,1928,3729,-127,8,30,화
2022-08-30,신림선,보라매병원,7093,7270,14363,-177,8,30,화
2022-08-30,신림선,당곡,3903,3888,7791,15,8,30,화
2022-08-30,신림선,신림,1573,2173,3746,-600,8,30,화
2022-08-30,신림선,서원,3143,2698,5841,445,8,30,화
2022-08-30,신림선,서울대벤처타운,6609,6718,13327,-109,8,30,화
2022-08-30,신림선,관악산(서울대),1719,1705,3424,14,8,30,화
2022-08-30,안산선,산본,15089,16452,31541,-1363,8,30,화
2022-08-30,안산선,대야미,4811,4346,9157,465,8,30,화
2022-08-30,안산선,반월,4012,3841,7853,171,8,30,화
2022-08-30,안산선,상록수,16184,16583,32767,-399,8,30,화
2022-08-30,안산선,한대앞,8927,8812,17739,115,8,30,화
2022-08-30,안산선,중앙,17372,18146,35518,-774,8,30,화
2022-08-30,안산선,고잔,8810,8116,16926,694,8,30,화
2022-08-30,안산선,초지,5318,5722,11040,-404,8,30,화
2022-08-30,안산선,안산,11273,10321,21594,952,8,30,화
2022-08-30,안산선,신길온천,1704,1516,3220,188,8,30,화
2022-08-30,안산선,정왕,7444,7875,15319,-431,8,30,화
2022-08-30,안산선,오이도,8114,7733,15847,381,8,30,화
2022-08-30,안산선,수리산,4131,3252,7383,879,8,30,화
2022-08-30,우이신설선,북한산우이,2256,1945,4201,311,8,30,화
2022-08-30,우이신설선,솔밭공원,2437,2270,4707,167,8,30,화
2022-08-30,우이신설선,4.19민주묘지,2726,2659,5385,67,8,30,화
2022-08-30,우이신설선,가오리,4173,4159,8332,14,8,30,화
2022-08-30,우이신설선,화계,3375,3191,6566,184,8,30,화
2022-08-30,우이신설선,삼양,1996,2093,4089,-97,8,30,화
2022-08-30,우이신설선,삼양사거리,2427,2459,4886,-32,8,30,화
2022-08-30,우이신설선,솔샘,5926,5615,11541,311,8,30,화
2022-08-30,우이신설선,북한산보국문,5909,5699,11608,210,8,30,화
2022-08-30,우이신설선,정릉,4552,4385,8937,167,8,30,화
2022-08-30,우이신설선,성신여대입구(돈암),3253,3674,6927,-421,8,30,화
2022-08-30,우이신설선,보문,1622,1644,3266,-22,8,30,화
2022-08-30,우이신설선,신설동,2178,2051,4229,127,8,30,화
2022-08-30,일산선,원흥,11121,10636,21757,485,8,30,화
2022-08-30,일산선,삼송,19578,19101,38679,477,8,30,화
2022-08-30,일산선,원당,10679,10062,20741,617,8,30,화
2022-08-30,일산선,화정,16177,16564,32741,-387,8,30,화
2022-08-30,일산선,대곡,2136,1639,3775,497,8,30,화
2022-08-30,일산선,백석,9587,9663,19250,-76,8,30,화
2022-08-30,일산선,마두,7418,7566,14984,-148,8,30,화
2022-08-30,일산선,정발산,6442,6561,13003,-119,8,30,화
2022-08-30,일산선,주엽,8904,9034,17938,-130,8,30,화
2022-08-30,일산선,대화,14609,11695,26304,2914,8,30,화
2022-08-30,장항선,봉명,1167,1127,2294,40,8,30,화
2022-08-30,장항선,쌍용(나사렛대),1875,1790,3665,85,8,30,화
2022-08-30,장항선,아산,3332,2765,6097,567,8,30,화
2022-08-30,장항선,탕정,843,812,1655,31,8,30,화
2022-08-30,장항선,배방,939,943,1882,-4,8,30,화
2022-08-30,장항선,온양온천,3109,3152,6261,-43,8,30,화
2022-08-30,장항선,신창(순천향대),2808,2624,5432,184,8,30,화
2022-08-30,중앙선,회기,24691,24506,49197,185,8,30,화
2022-08-30,중앙선,중랑,5612,5380,10992,232,8,30,화
2022-08-30,중앙선,상봉(시외버스터미널),5365,5334,10699,31,8,30,화
2022-08-30,중앙선,망우,7491,7336,14827,155,8,30,화
2022-08-30,중앙선,양원,3134,2985,6119,149,8,30,화
2022-08-30,중앙선,구리,13270,13314,26584,-44,8,30,화
2022-08-30,중앙선,도농,11528,10238,21766,1290,8,30,화
2022-08-30,중앙선,양정,674,575,1249,99,8,30,화
2022-08-30,중앙선,덕소,5445,5320,10765,125,8,30,화
2022-08-30,중앙선,도심,2481,1992,4473,489,8,30,화
2022-08-30,중앙선,팔당,734,758,1492,-24,8,30,화
2022-08-30,중앙선,운길산,599,568,1167,31,8,30,화
2022-08-30,중앙선,양수,1685,1683,3368,2,8,30,화
2022-08-30,중앙선,신원,174,155,329,19,8,30,화
2022-08-30,중앙선,국수,758,753,1511,5,8,30,화
2022-08-30,중앙선,아신,588,603,1191,-15,8,30,화
2022-08-30,중앙선,오빈,324,310,634,14,8,30,화
2022-08-30,중앙선,양평,2595,2626,5221,-31,8,30,화
2022-08-31,중앙선,지평,66,74,140,-8,8,31,수
2022-08-31,분당선,복정,1,0,1,1,8,31,수
2022-08-31,중앙선,원덕,379,340,719,39,8,31,수
2022-08-31,1호선,서울역,49311,46839,96150,2472,8,31,수
2022-08-31,1호선,시청,25407,25185,50592,222,8,31,수
2022-08-31,1호선,종각,38849,38522,77371,327,8,31,수
2022-08-31,1호선,종로3가,26689,23990,50679,2699,8,31,수
2022-08-31,1호선,종로5가,24246,24238,48484,8,8,31,수
2022-08-31,1호선,동대문,11024,10694,21718,330,8,31,수
2022-08-31,1호선,신설동,14466,14153,28619,313,8,31,수
2022-08-31,1호선,제기동,20801,21500,42301,-699,8,31,수
2022-08-31,1호선,청량리(서울시립대입구),21818,21928,43746,-110,8,31,수
2022-08-31,1호선,동묘앞,8427,8999,17426,-572,8,31,수
2022-08-31,2호선,시청,25872,25151,51023,721,8,31,수
2022-08-31,2호선,을지로입구,45041,46911,91952,-1870,8,31,수
2022-08-31,2호선,을지로3가,25241,25600,50841,-359,8,31,수
2022-08-31,2호선,을지로4가,14642,14798,29440,-156,8,31,수
2022-08-31,2호선,동대문역사문화공원(DDP),13340,15264,28604,-1924,8,31,수
2022-08-31,2호선,신당,14995,15431,30426,-436,8,31,수
2022-08-31,2호선,상왕십리,15222,14808,30030,414,8,31,수
2022-08-31,2호선,왕십리(성동구청),17181,14446,31627,2735,8,31,수
2022-08-31,2호선,한양대,8038,8592,16630,-554,8,31,수
2022-08-31,2호선,뚝섬,23694,25641,49335,-1947,8,31,수
2022-08-31,2호선,성수,39641,44127,83768,-4486,8,31,수
2022-08-31,2호선,건대입구,36373,39002,75375,-2629,8,31,수
2022-08-31,2호선,구의(광진구청),25032,24534,49566,498,8,31,수
2022-08-31,2호선,강변(동서울터미널),31467,29497,60964,1970,8,31,수
2022-08-31,2호선,잠실나루,15962,15664,31626,298,8,31,수
2022-08-31,2호선,잠실(송파구청),74229,74035,148264,194,8,31,수
2022-08-31,2호선,잠실새내,22627,22503,45130,124,8,31,수
2022-08-31,2호선,종합운동장,10957,11820,22777,-863,8,31,수
2022-08-31,2호선,삼성(무역센터),55344,56991,112335,-1647,8,31,수
2022-08-31,2호선,선릉,61786,54849,116635,6937,8,31,수
2022-08-31,2호선,역삼,57102,64963,122065,-7861,8,31,수
2022-08-31,2호선,강남,83516,79939,163455,3577,8,31,수
2022-08-31,2호선,교대(법원.검찰청),36071,40629,76700,-4558,8,31,수
2022-08-31,2호선,서초,23742,23120,46862,622,8,31,수
2022-08-31,2호선,방배,17152,17815,34967,-663,8,31,수
2022-08-31,2호선,사당,39732,43136,82868,-3404,8,31,수
2022-08-31,2호선,낙성대(강감찬),29466,28514,57980,952,8,31,수
2022-08-31,2호선,서울대입구(관악구청),48532,48278,96810,254,8,31,수
2022-08-31,2호선,봉천,25832,23840,49672,1992,8,31,수
2022-08-31,2호선,신림,60363,57693,118056,2670,8,31,수
2022-08-31,2호선,신대방,26442,25861,52303,581,8,31,수
2022-08-31,2호선,구로디지털단지,62384,62407,124791,-23,8,31,수
2022-08-31,2호선,대림(구로구청),25048,25569,50617,-521,8,31,수
2022-08-31,2호선,신도림,49857,49180,99037,677,8,31,수
2022-08-31,2호선,문래,23761,24498,48259,-737,8,31,수
2022-08-31,2호선,영등포구청,23656,24448,48104,-792,8,31,수
2022-08-31,2호선,당산,19521,22979,42500,-3458,8,31,수
2022-08-31,2호선,합정,32596,35070,67666,-2474,8,31,수
2022-08-31,2호선,홍대입구,58812,62877,121689,-4065,8,31,수
2022-08-31,2호선,신촌,37384,39110,76494,-1726,8,31,수
2022-08-31,2호선,이대,14927,16520,31447,-1593,8,31,수
2022-08-31,2호선,아현,11783,10871,22654,912,8,31,수
2022-08-31,2호선,충정로(경기대입구),10874,11633,22507,-759,8,31,수
2022-08-31,2호선,용답,2970,2903,5873,67,8,31,수
2022-08-31,2호선,신답,1829,2036,3865,-207,8,31,수
2022-08-31,2호선,신설동,3488,3392,6880,96,8,31,수
2022-08-31,2호선,도림천,1492,1587,3079,-95,8,31,수
2022-08-31,2호선,양천구청,7238,7511,14749,-273,8,31,수
2022-08-31,2호선,신정네거리,10853,11204,22057,-351,8,31,수
2022-08-31,2호선,용두(동대문구청),2706,2758,5464,-52,8,31,수
2022-08-31,3호선,지축,5641,5535,11176,106,8,31,수
2022-08-31,3호선,구파발,22017,21251,43268,766,8,31,수
2022-08-31,3호선,연신내,38361,35934,74295,2427,8,31,수
2022-08-31,3호선,불광,16799,18232,35031,-1433,8,31,수
2022-08-31,3호선,녹번,16509,14933,31442,1576,8,31,수
2022-08-31,3호선,홍제,18597,17493,36090,1104,8,31,수
2022-08-31,3호선,무악재,4213,4145,8358,68,8,31,수
2022-08-31,3호선,독립문,7459,7625,15084,-166,8,31,수
2022-08-31,3호선,경복궁(정부서울청사),22362,23120,45482,-758,8,31,수
2022-08-31,3호선,안국,24474,25412,49886,-938,8,31,수
2022-08-31,3호선,종로3가,10822,12387,23209,-1565,8,31,수
2022-08-31,3호선,을지로3가,11518,11720,23238,-202,8,31,수
2022-08-31,3호선,충무로,2,0,2,2,8,31,수
2022-08-31,3호선,동대입구,8762,9655,18417,-893,8,31,수
2022-08-31,3호선,약수,14092,13416,27508,676,8,31,수
2022-08-31,3호선,금호,8386,7843,16229,543,8,31,수
2022-08-31,3호선,옥수,9608,9856,19464,-248,8,31,수
2022-08-31,3호선,압구정,33253,35896,69149,-2643,8,31,수
2022-08-31,3호선,신사,29205,30675,59880,-1470,8,31,수
2022-08-31,3호선,잠원,5144,4913,10057,231,8,31,수
2022-08-31,3호선,고속터미널,42623,40162,82785,2461,8,31,수
2022-08-31,3호선,교대(법원.검찰청),15914,10481,26395,5433,8,31,수
2022-08-31,3호선,남부터미널(예술의전당),29971,30609,60580,-638,8,31,수
2022-08-31,3호선,양재(서초구청),39535,43538,83073,-4003,8,31,수
2022-08-31,3호선,매봉,13480,12912,26392,568,8,31,수
2022-08-31,3호선,도곡,5219,5732,10951,-513,8,31,수
2022-08-31,3호선,대치,11686,11535,23221,151,8,31,수
2022-08-31,3호선,학여울,2094,2078,4172,16,8,31,수
2022-08-31,3호선,대청,11836,10961,22797,875,8,31,수
2022-08-31,3호선,일원,11677,11116,22793,561,8,31,수
2022-08-31,3호선,수서,18266,18536,36802,-270,8,31,수
2022-08-31,3호선,가락시장,9790,9783,19573,7,8,31,수
2022-08-31,3호선,경찰병원,7810,7896,15706,-86,8,31,수
2022-08-31,3호선,오금,6688,5944,12632,744,8,31,수
2022-08-31,4호선,당고개,9299,8191,17490,1108,8,31,수
2022-08-31,4호선,상계,19955,18664,38619,1291,8,31,수
2022-08-31,4호선,노원,19242,21917,41159,-2675,8,31,수
2022-08-31,4호선,창동,26992,28466,55458,-1474,8,31,수
2022-08-31,4호선,쌍문,30193,28054,58247,2139,8,31,수
2022-08-31,4호선,수유(강북구청),34911,35396,70307,-485,8,31,수
2022-08-31,4호선,미아(서울사이버대학),15710,14988,30698,722,8,31,수
2022-08-31,4호선,미아사거리,28465,27838,56303,627,8,31,수
2022-08-31,4호선,길음,22002,21718,43720,284,8,31,수
2022-08-31,4호선,성신여대입구(돈암),20576,20188,40764,388,8,31,수
2022-08-31,4호선,한성대입구(삼선교),15984,15118,31102,866,8,31,수
2022-08-31,4호선,혜화,36622,36666,73288,-44,8,31,수
2022-08-31,4호선,동대문,20813,21298,42111,-485,8,31,수
2022-08-31,4호선,동대문역사문화공원(DDP),16572,14892,31464,1680,8,31,수
2022-08-31,4호선,충무로,27642,29113,56755,-1471,8,31,수
2022-08-31,4호선,명동,24941,25739,50680,-798,8,31,수
2022-08-31,4호선,회현(남대문시장),26455,27790,54245,-1335,8,31,수
2022-08-31,4호선,서울역,12608,18423,31031,-5815,8,31,수
2022-08-31,4호선,숙대입구(갈월),14297,13690,27987,607,8,31,수
2022-08-31,4호선,삼각지,5716,6384,12100,-668,8,31,수
2022-08-31,4호선,신용산,19019,19916,38935,-897,8,31,수
2022-08-31,4호선,이촌(국립중앙박물관),8049,8828,16877,-779,8,31,수
2022-08-31,4호선,동작(현충원),1545,1711,3256,-166,8,31,수
2022-08-31,4호선,총신대입구(이수),20188,21900,42088,-1712,8,31,수
2022-08-31,4호선,사당,26395,22060,48455,4335,8,31,수
2022-08-31,4호선,남태령,1390,1243,2633,147,8,31,수
2022-08-31,5호선,방화,6985,6714,13699,271,8,31,수
2022-08-31,5호선,개화산,5970,5690,11660,280,8,31,수
2022-08-31,5호선,김포공항,7350,7098,14448,252,8,31,수
2022-08-31,5호선,송정,6975,6414,13389,561,8,31,수
2022-08-31,5호선,마곡,11226,11454,22680,-228,8,31,수
2022-08-31,5호선,발산,22094,23270,45364,-1176,8,31,수
2022-08-31,5호선,우장산,15974,15533,31507,441,8,31,수
2022-08-31,5호선,화곡,30490,28317,58807,2173,8,31,수
2022-08-31,5호선,까치산,30667,28799,59466,1868,8,31,수
2022-08-31,5호선,신정(은행정),14706,11966,26672,2740,8,31,수
2022-08-31,5호선,목동,18020,18956,36976,-936,8,31,수
2022-08-31,5호선,오목교(목동운동장앞),23169,24802,47971,-1633,8,31,수
2022-08-31,5호선,양평,7975,7917,15892,58,8,31,수
2022-08-31,5호선,영등포구청,4397,4437,8834,-40,8,31,수
2022-08-31,5호선,영등포시장,10890,11180,22070,-290,8,31,수
2022-08-31,5호선,신길,4424,4717,9141,-293,8,31,수
2022-08-31,5호선,여의도,30794,33474,64268,-2680,8,31,수
2022-08-31,5호선,여의나루,14193,15201,29394,-1008,8,31,수
2022-08-31,5호선,마포,15258,15616,30874,-358,8,31,수
2022-08-31,5호선,공덕,15572,16520,32092,-948,8,31,수
2022-08-31,5호선,애오개,7293,7240,14533,53,8,31,수
2022-08-31,5호선,충정로(경기대입구),5023,5041,10064,-18,8,31,수
2022-08-31,5호선,서대문,20866,21285,42151,-419,8,31,수
2022-08-31,5호선,광화문(세종문화회관),33947,35701,69648,-1754,8,31,수
2022-08-31,5호선,종로3가,13491,13402,26893,89,8,31,수
2022-08-31,5호선,을지로4가,6838,7042,13880,-204,8,31,수
2022-08-31,5호선,동대문역사문화공원(DDP),3244,3837,7081,-593,8,31,수
2022-08-31,5호선,청구,4180,3862,8042,318,8,31,수
2022-08-31,5호선,신금호,6997,7173,14170,-176,8,31,수
2022-08-31,5호선,행당,8792,7776,16568,1016,8,31,수
2022-08-31,5호선,왕십리(성동구청),4692,5520,10212,-828,8,31,수
2022-08-31,5호선,마장,6275,5849,12124,426,8,31,수
2022-08-31,5호선,답십리,17471,15803,33274,1668,8,31,수
2022-08-31,5호선,장한평,20110,19725,39835,385,8,31,수
2022-08-31,5호선,군자(능동),11961,13116,25077,-1155,8,31,수
2022-08-31,5호선,아차산(어린이대공원후문),15320,14524,29844,796,8,31,수
2022-08-31,5호선,광나루(장신대),14740,13487,28227,1253,8,31,수
2022-08-31,5호선,천호(풍납토성),18748,18968,37716,-220,8,31,수
2022-08-31,5호선,강동,19345,18803,38148,542,8,31,수
2022-08-31,5호선,길동,8306,8542,16848,-236,8,31,수
2022-08-31,5호선,굽은다리(강동구민회관앞),9919,9488,19407,431,8,31,수
2022-08-31,5호선,명일,9152,9484,18636,-332,8,31,수
2022-08-31,5호선,고덕,10440,10257,20697,183,8,31,수
2022-08-31,5호선,상일동,15709,14267,29976,1442,8,31,수
2022-08-31,5호선,둔촌동,8504,8508,17012,-4,8,31,수
2022-08-31,5호선,올림픽공원(한국체대),4828,4048,8876,780,8,31,수
2022-08-31,5호선,방이,7332,7588,14920,-256,8,31,수
2022-08-31,5호선,오금,4069,4048,8117,21,8,31,수
2022-08-31,5호선,개롱,6963,7140,14103,-177,8,31,수
2022-08-31,5호선,거여,10837,10339,21176,498,8,31,수
2022-08-31,5호선,마천,7660,7292,14952,368,8,31,수
2022-08-31,5호선,강일,4834,4678,9512,156,8,31,수
2022-08-31,5호선,미사,17496,17564,35060,-68,8,31,수
2022-08-31,5호선,하남풍산,4461,4352,8813,109,8,31,수
2022-08-31,5호선,하남시청(덕풍·신장),7452,7120,14572,332,8,31,수
2022-08-31,5호선,하남검단산,6178,5892,12070,286,8,31,수
2022-08-31,6호선,응암,18616,18494,37110,122,8,31,수
2022-08-31,6호선,역촌,4024,4601,8625,-577,8,31,수
2022-08-31,6호선,불광,4960,4834,9794,126,8,31,수
2022-08-31,6호선,독바위,2837,2975,5812,-138,8,31,수
2022-08-31,6호선,연신내,1,0,1,1,8,31,수
2022-08-31,6호선,구산,8459,6258,14717,2201,8,31,수
2022-08-31,6호선,새절(신사),13202,12231,25433,971,8,31,수
2022-08-31,6호선,증산(명지대앞),10350,10135,20485,215,8,31,수
2022-08-31,6호선,디지털미디어시티,15724,17626,33350,-1902,8,31,수
2022-08-31,6호선,월드컵경기장(성산),4830,5028,9858,-198,8,31,수
2022-08-31,6호선,마포구청,15326,13662,28988,1664,8,31,수
2022-08-31,6호선,망원,14738,15509,30247,-771,8,31,수
2022-08-31,6호선,합정,13636,13747,27383,-111,8,31,수
2022-08-31,6호선,상수,8899,10270,19169,-1371,8,31,수
2022-08-31,6호선,광흥창(서강),10014,9717,19731,297,8,31,수
2022-08-31,6호선,대흥(서강대앞),9104,9260,18364,-156,8,31,수
2022-08-31,6호선,공덕,20097,19531,39628,566,8,31,수
2022-08-31,6호선,효창공원앞,7646,6863,14509,783,8,31,수
2022-08-31,6호선,삼각지,8017,6450,14467,1567,8,31,수
2022-08-31,6호선,녹사평(용산구청),5441,5245,10686,196,8,31,수
2022-08-31,6호선,이태원,11443,12448,23891,-1005,8,31,수
2022-08-31,6호선,한강진,9595,10871,20466,-1276,8,31,수
2022-08-31,6호선,버티고개,2210,2265,4475,-55,8,31,수
2022-08-31,6호선,약수,3915,3873,7788,42,8,31,수
2022-08-31,6호선,청구,3965,4091,8056,-126,8,31,수
2022-08-31,6호선,신당,8993,9608,18601,-615,8,31,수
2022-08-31,6호선,동묘앞,8278,8533,16811,-255,8,31,수
2022-08-31,6호선,창신,4065,3478,7543,587,8,31,수
2022-08-31,6호선,보문,8054,7376,15430,678,8,31,수
2022-08-31,6호선,안암(고대병원앞),11858,12527,24385,-669,8,31,수
2022-08-31,6호선,고려대(종암),8473,8530,17003,-57,8,31,수
2022-08-31,6호선,월곡(동덕여대),12029,12008,24037,21,8,31,수
2022-08-31,6호선,상월곡(한국과학기술연구원),6643,5924,12567,719,8,31,수
2022-08-31,6호선,돌곶이,9885,9144,19029,741,8,31,수
2022-08-31,6호선,석계,13028,13456,26484,-428,8,31,수
2022-08-31,6호선,태릉입구,5863,6235,12098,-372,8,31,수
2022-08-31,6호선,화랑대(서울여대입구),12047,9422,21469,2625,8,31,수
2022-08-31,6호선,봉화산(서울의료원),9533,9026,18559,507,8,31,수
2022-08-31,7호선,장암,2465,920,3385,1545,8,31,수
2022-08-31,7호선,도봉산,9350,10527,19877,-1177,8,31,수
2022-08-31,7호선,수락산,13125,12877,26002,248,8,31,수
2022-08-31,7호선,마들,13844,12776,26620,1068,8,31,수
2022-08-31,7호선,노원,20456,21575,42031,-1119,8,31,수
2022-08-31,7호선,중계,15828,14133,29961,1695,8,31,수
2022-08-31,7호선,하계,19367,18270,37637,1097,8,31,수
2022-08-31,7호선,공릉(서울과학기술대),12249,12197,24446,52,8,31,수
2022-08-31,7호선,태릉입구,8712,8425,17137,287,8,31,수
2022-08-31,7호선,먹골,10625,10468,21093,157,8,31,수
2022-08-31,7호선,중화,11307,11122,22429,185,8,31,수
2022-08-31,7호선,상봉(시외버스터미널),17475,16818,34293,657,8,31,수
2022-08-31,7호선,면목,15738,15377,31115,361,8,31,수
2022-08-31,7호선,사가정,16733,16608,33341,125,8,31,수
2022-08-31,7호선,용마산(용마폭포공원),6334,6191,12525,143,8,31,수
2022-08-31,7호선,중곡,12019,10975,22994,1044,8,31,수
2022-08-31,7호선,군자(능동),15957,12662,28619,3295,8,31,수
2022-08-31,7호선,어린이대공원(세종대),15487,16089,31576,-602,8,31,수
2022-08-31,7호선,건대입구,14395,14746,29141,-351,8,31,수
2022-08-31,7호선,뚝섬유원지,10215,9701,19916,514,8,31,수
2022-08-31,7호선,청담,21729,24169,45898,-2440,8,31,수
2022-08-31,7호선,강남구청,18102,20104,38206,-2002,8,31,수
2022-08-31,7호선,학동,25705,27443,53148,-1738,8,31,수
2022-08-31,7호선,논현,19950,20900,40850,-950,8,31,수
2022-08-31,7호선,반포,6549,6340,12889,209,8,31,수
2022-08-31,7호선,고속터미널,15807,13828,29635,1979,8,31,수
2022-08-31,7호선,내방,15444,15870,31314,-426,8,31,수
2022-08-31,7호선,이수,16662,16010,32672,652,8,31,수
2022-08-31,7호선,남성,12488,11433,23921,1055,8,31,수
2022-08-31,7호선,숭실대입구(살피재),12702,12842,25544,-140,8,31,수
2022-08-31,7호선,상도,11951,11605,23556,346,8,31,수
2022-08-31,7호선,장승배기,9945,9644,19589,301,8,31,수
2022-08-31,7호선,신대방삼거리,16019,15168,31187,851,8,31,수
2022-08-31,7호선,보라매,8059,8170,16229,-111,8,31,수
2022-08-31,7호선,신풍,12308,11636,23944,672,8,31,수
2022-08-31,7호선,대림(구로구청),8104,8174,16278,-70,8,31,수
2022-08-31,7호선,남구로,16408,17222,33630,-814,8,31,수
2022-08-31,7호선,가산디지털단지,46988,47661,94649,-673,8,31,수
2022-08-31,7호선,철산,22621,22923,45544,-302,8,31,수
2022-08-31,7호선,광명사거리,23185,22726,45911,459,8,31,수
2022-08-31,7호선,천왕,12237,11716,23953,521,8,31,수
2022-08-31,7호선,온수(성공회대입구),11774,11046,22820,728,8,31,수
2022-08-31,8호선,암사,20141,17460,37601,2681,8,31,수
2022-08-31,8호선,천호(풍납토성),15129,17419,32548,-2290,8,31,수
2022-08-31,8호선,강동구청,11075,11234,22309,-159,8,31,수
2022-08-31,8호선,몽촌토성(평화의문),6392,6507,12899,-115,8,31,수
2022-08-31,8호선,잠실(송파구청),14963,18302,33265,-3339,8,31,수
2022-08-31,8호선,석촌,7826,9065,16891,-1239,8,31,수
2022-08-31,8호선,송파,9258,9004,18262,254,8,31,수
2022-08-31,8호선,가락시장,8562,9289,17851,-727,8,31,수
2022-08-31,8호선,문정,22829,24364,47193,-1535,8,31,수
2022-08-31,8호선,장지,18292,17396,35688,896,8,31,수
2022-08-31,8호선,복정,10274,8453,18727,1821,8,31,수
2022-08-31,8호선,산성,5572,5648,11220,-76,8,31,수
2022-08-31,8호선,남한산성입구(성남법원.검찰청),15033,14026,29059,1007,8,31,수
2022-08-31,8호선,단대오거리,11827,11279,23106,548,8,31,수
2022-08-31,8호선,신흥,4424,4746,9170,-322,8,31,수
2022-08-31,8호선,수진,5709,5121,10830,588,8,31,수
2022-08-31,8호선,모란,4720,3767,8487,953,8,31,수
2022-08-31,8호선,남위례,6178,6382,12560,-204,8,31,수
2022-08-31,9호선,개화,2929,1980,4909,949,8,31,수
2022-08-31,9호선,김포공항,7711,10903,18614,-3192,8,31,수
2022-08-31,9호선,공항시장,3226,3482,6708,-256,8,31,수
2022-08-31,9호선,신방화,7480,7127,14607,353,8,31,수
2022-08-31,9호선,마곡나루(서울식물원),13129,13129,26258,0,8,31,수
2022-08-31,9호선,양천향교,10549,10865,21414,-316,8,31,수
2022-08-31,9호선,가양,22690,22277,44967,413,8,31,수
2022-08-31,9호선,증미,8234,7916,16150,318,8,31,수
2022-08-31,9호선,등촌,12522,11888,24410,634,8,31,수
2022-08-31,9호선,염창,18694,18167,36861,527,8,31,수
2022-08-31,9호선,신목동,4721,4006,8727,715,8,31,수
2022-08-31,9호선,선유도,9560,9028,18588,532,8,31,수
2022-08-31,9호선,당산,19958,20226,40184,-268,8,31,수
2022-08-31,9호선,국회의사당,18059,19193,37252,-1134,8,31,수
2022-08-31,9호선,여의도,31225,30026,61251,1199,8,31,수
2022-08-31,9호선,샛강,6834,6919,13753,-85,8,31,수
2022-08-31,9호선,노량진,27104,26459,53563,645,8,31,수
2022-08-31,9호선,노들,5080,4280,9360,800,8,31,수
2022-08-31,9호선,흑석(중앙대입구),9221,9802,19023,-581,8,31,수
2022-08-31,9호선,동작(현충원),1810,1447,3257,363,8,31,수
2022-08-31,9호선,구반포,1451,1454,2905,-3,8,31,수
2022-08-31,9호선,신반포,4082,4085,8167,-3,8,31,수
2022-08-31,9호선,고속터미널,13310,16779,30089,-3469,8,31,수
2022-08-31,9호선,사평,4048,3897,7945,151,8,31,수
2022-08-31,9호선,신논현,30808,30299,61107,509,8,31,수
2022-08-31,9호선2~3단계,언주,11592,11883,23475,-291,8,31,수
2022-08-31,9호선2~3단계,선정릉,10988,12078,23066,-1090,8,31,수
2022-08-31,9호선2~3단계,삼성중앙,7880,8218,16098,-338,8,31,수
2022-08-31,9호선2~3단계,봉은사,18089,18707,36796,-618,8,31,수
2022-08-31,9호선2~3단계,종합운동장,4415,4513,8928,-98,8,31,수
2022-08-31,9호선2~3단계,삼전,7418,7027,14445,391,8,31,수
2022-08-31,9호선2~3단계,석촌고분,6743,6468,13211,275,8,31,수
2022-08-31,9호선2~3단계,석촌,9184,8226,17410,958,8,31,수
2022-08-31,9호선2~3단계,송파나루,5362,5687,11049,-325,8,31,수
2022-08-31,9호선2~3단계,한성백제,2731,2430,5161,301,8,31,수
2022-08-31,9호선2~3단계,올림픽공원(한국체대),6658,6902,13560,-244,8,31,수
2022-08-31,9호선2~3단계,둔촌오륜,1208,1135,2343,73,8,31,수
2022-08-31,9호선2~3단계,중앙보훈병원,11832,10527,22359,1305,8,31,수
2022-08-31,경강선,판교,5389,5420,10809,-31,8,31,수
2022-08-31,경강선,이매,1246,1064,2310,182,8,31,수
2022-08-31,경강선,삼동,2738,2456,5194,282,8,31,수
2022-08-31,경강선,경기광주,8456,7809,16265,647,8,31,수
2022-08-31,경강선,초월,3382,3187,6569,195,8,31,수
2022-08-31,경강선,곤지암,2160,2099,4259,61,8,31,수
2022-08-31,경강선,신둔도예촌,1877,1666,3543,211,8,31,수
2022-08-31,경강선,이천,2684,2714,5398,-30,8,31,수
2022-08-31,경강선,부발,2197,2170,4367,27,8,31,수
2022-08-31,경강선,세종대왕릉,337,322,659,15,8,31,수
2022-08-31,경강선,여주,2598,2505,5103,93,8,31,수
2022-08-31,경부선,서울역,7441,2210,9651,5231,8,31,수
2022-08-31,경부선,남영,10388,10744,21132,-356,8,31,수
2022-08-31,경부선,용산,36725,37759,74484,-1034,8,31,수
2022-08-31,경부선,노량진,8586,8560,17146,26,8,31,수
2022-08-31,경부선,대방,12047,13064,25111,-1017,8,31,수
2022-08-31,경부선,영등포,39567,40820,80387,-1253,8,31,수
2022-08-31,경부선,신도림,4427,4459,8886,-32,8,31,수
2022-08-31,경부선,신길,9713,8332,18045,1381,8,31,수
2022-08-31,경부선,구로,19648,20035,39683,-387,8,31,수
2022-08-31,경부선,가산디지털단지,19472,22678,42150,-3206,8,31,수
2022-08-31,경부선,금천구청,12575,12574,25149,1,8,31,수
2022-08-31,경부선,석수,10038,9062,19100,976,8,31,수
2022-08-31,경부선,관악,8039,7446,15485,593,8,31,수
2022-08-31,경부선,안양,27436,26980,54416,456,8,31,수
2022-08-31,경부선,명학,10920,10838,21758,82,8,31,수
2022-08-31,경부선,금정,28940,29519,58459,-579,8,31,수
2022-08-31,경부선,군포,8000,7741,15741,259,8,31,수
2022-08-31,경부선,의왕,9763,9638,19401,125,8,31,수
2022-08-31,경부선,성균관대,16615,16208,32823,407,8,31,수
2022-08-31,경부선,화서,8788,8318,17106,470,8,31,수
2022-08-31,경부선,수원,37197,39373,76570,-2176,8,31,수
2022-08-31,경부선,독산,20025,20679,40704,-654,8,31,수
2022-08-31,경부선,세류,3349,2996,6345,353,8,31,수
2022-08-31,경부선,병점,16098,16170,32268,-72,8,31,수
2022-08-31,경부선,세마,3227,2983,6210,244,8,31,수
2022-08-31,경부선,오산대,4396,4000,8396,396,8,31,수
2022-08-31,경부선,오산,10480,10384,20864,96,8,31,수
2022-08-31,경부선,진위,1940,1750,3690,190,8,31,수
2022-08-31,경부선,송탄,4407,4291,8698,116,8,31,수
2022-08-31,경부선,서정리,8149,7506,15655,643,8,31,수
2022-08-31,경부선,평택지제,4066,3949,8015,117,8,31,수
2022-08-31,경부선,평택,12227,12441,24668,-214,8,31,수
2022-08-31,경부선,성환,7002,6637,13639,365,8,31,수
2022-08-31,경부선,직산,890,867,1757,23,8,31,수
2022-08-31,경부선,두정,7170,8222,15392,-1052,8,31,수
2022-08-31,경부선,천안,6820,6545,13365,275,8,31,수
2022-08-31,경부선,당정,6789,6353,13142,436,8,31,수
2022-08-31,경부선,서동탄,1469,1234,2703,235,8,31,수
2022-08-31,경부선,광명,3619,3082,6701,537,8,31,수
2022-08-31,경원선,이촌(국립중앙박물관),4119,3214,7333,905,8,31,수
2022-08-31,경원선,서빙고,2276,2047,4323,229,8,31,수
2022-08-31,경원선,한남,4423,4167,8590,256,8,31,수
2022-08-31,경원선,옥수,50,36,86,14,8,31,수
2022-08-31,경원선,응봉,2057,1741,3798,316,8,31,수
2022-08-31,경원선,왕십리(성동구청),15302,17216,32518,-1914,8,31,수
2022-08-31,경원선,청량리(서울시립대입구),16161,17432,33593,-1271,8,31,수
2022-08-31,경원선,외대앞,8298,8452,16750,-154,8,31,수
2022-08-31,경원선,신이문,9014,8286,17300,728,8,31,수
2022-08-31,경원선,석계,8431,9447,17878,-1016,8,31,수
2022-08-31,경원선,광운대,7672,7458,15130,214,8,31,수
2022-08-31,경원선,월계,7002,6662,13664,340,8,31,수
2022-08-31,경원선,녹천,4977,4068,9045,909,8,31,수
2022-08-31,경원선,방학,10314,10057,20371,257,8,31,수
2022-08-31,경원선,도봉,6431,6149,12580,282,8,31,수
2022-08-31,경원선,도봉산,7626,4977,12603,2649,8,31,수
2022-08-31,경원선,망월사,8134,8275,16409,-141,8,31,수
2022-08-31,경원선,회룡,13507,13342,26849,165,8,31,수
2022-08-31,경원선,의정부,18886,19775,38661,-889,8,31,수
2022-08-31,경원선,가능,7233,6907,14140,326,8,31,수
2022-08-31,경원선,녹양,4934,4590,9524,344,8,31,수
2022-08-31,경원선,양주,8215,7616,15831,599,8,31,수
2022-08-31,경원선,덕계,3637,3327,6964,310,8,31,수
2022-08-31,경원선,덕정,6441,6027,12468,414,8,31,수
2022-08-31,경원선,지행,6944,6977,13921,-33,8,31,수
2022-08-31,경원선,동두천중앙,3269,3145,6414,124,8,31,수
2022-08-31,경원선,보산,1626,1484,3110,142,8,31,수
2022-08-31,경원선,동두천,2672,2980,5652,-308,8,31,수
2022-08-31,경원선,소요산,2511,2264,4775,247,8,31,수
2022-08-31,경의선,서울역,5033,6443,11476,-1410,8,31,수
2022-08-31,경의선,신촌,1023,1463,2486,-440,8,31,수
2022-08-31,경의선,효창공원앞,3183,3693,6876,-510,8,31,수
2022-08-31,경의선,공덕,4020,3514,7534,506,8,31,수
2022-08-31,경의선,서강대,2279,2248,4527,31,8,31,수
2022-08-31,경의선,홍대입구,1894,2325,4219,-431,8,31,수
2022-08-31,경의선,가좌,6320,5811,12131,509,8,31,수
2022-08-31,경의선,디지털미디어시티,2939,2541,5480,398,8,31,수
2022-08-31,경의선,수색,3050,3272,6322,-222,8,31,수
2022-08-31,경의선,화전,4090,3762,7852,328,8,31,수
2022-08-31,경의선,강매,3575,3059,6634,516,8,31,수
2022-08-31,경의선,행신,9187,9030,18217,157,8,31,수
2022-08-31,경의선,능곡,4151,3733,7884,418,8,31,수
2022-08-31,경의선,곡산,629,644,1273,-15,8,31,수
2022-08-31,경의선,백마,7600,7183,14783,417,8,31,수
2022-08-31,경의선,풍산,6185,5708,11893,477,8,31,수
2022-08-31,경의선,일산,10140,9776,19916,364,8,31,수
2022-08-31,경의선,탄현,8506,7999,16505,507,8,31,수
2022-08-31,경의선,야당,9048,8996,18044,52,8,31,수
2022-08-31,경의선,운정,7670,6949,14619,721,8,31,수
2022-08-31,경의선,금릉,5335,5140,10475,195,8,31,수
2022-08-31,경의선,금촌,6941,6822,13763,119,8,31,수
2022-08-31,경의선,월롱,3388,3151,6539,237,8,31,수
2022-08-31,경의선,파주,1655,1235,2890,420,8,31,수
2022-08-31,경의선,문산,5518,5415,10933,103,8,31,수
2022-08-31,경의선,임진강,11,15,26,-4,8,31,수
2022-08-31,경인선,개봉,22936,22372,45308,564,8,31,수
2022-08-31,경인선,오류동,12747,11736,24483,1011,8,31,수
2022-08-31,경인선,역곡,31226,30863,62089,363,8,31,수
2022-08-31,경인선,부천,34698,34867,69565,-169,8,31,수
2022-08-31,경인선,송내,29506,29189,58695,317,8,31,수
2022-08-31,경인선,부평,29382,31464,60846,-2082,8,31,수
2022-08-31,경인선,백운,7401,7184,14585,217,8,31,수
2022-08-31,경인선,동암,16921,16803,33724,118,8,31,수
2022-08-31,경인선,주안,20933,19290,40223,1643,8,31,수
2022-08-31,경인선,제물포,12097,11526,23623,571,8,31,수
2022-08-31,경인선,동인천,15010,14331,29341,679,8,31,수
2022-08-31,경인선,인천,3912,2983,6895,929,8,31,수
2022-08-31,경인선,구일,9979,10189,20168,-210,8,31,수
2022-08-31,경인선,소사,9518,9452,18970,66,8,31,수
2022-08-31,경인선,부개,9351,8612,17963,739,8,31,수
2022-08-31,경인선,간석,6384,5851,12235,533,8,31,수
2022-08-31,경인선,도원,3813,3844,7657,-31,8,31,수
2022-08-31,경인선,온수(성공회대입구),7898,7480,15378,418,8,31,수
2022-08-31,경인선,중동,10124,9417,19541,707,8,31,수
2022-08-31,경인선,도화,4611,4137,8748,474,8,31,수
2022-08-31,경춘선,신내,2431,2215,4646,216,8,31,수
2022-08-31,경춘선,갈매,3182,2717,5899,465,8,31,수
2022-08-31,경춘선,별내,3469,3223,6692,246,8,31,수
2022-08-31,경춘선,퇴계원,3693,3354,7047,339,8,31,수
2022-08-31,경춘선,사릉,2680,2577,5257,103,8,31,수
2022-08-31,경춘선,금곡,1738,1654,3392,84,8,31,수
2022-08-31,경춘선,평내호평,6769,6603,13372,166,8,31,수
2022-08-31,경춘선,천마산,1740,1659,3399,81,8,31,수
2022-08-31,경춘선,마석,4257,4175,8432,82,8,31,수
2022-08-31,경춘선,대성리,1092,532,1624,560,8,31,수
2022-08-31,경춘선,청평,1745,1611,3356,134,8,31,수
2022-08-31,경춘선,상천,270,247,517,23,8,31,수
2022-08-31,경춘선,가평,2035,1649,3684,386,8,31,수
2022-08-31,경춘선,굴봉산,128,133,261,-5,8,31,수
2022-08-31,경춘선,백양리,99,66,165,33,8,31,수
2022-08-31,경춘선,강촌,372,331,703,41,8,31,수
2022-08-31,경춘선,김유정,359,397,756,-38,8,31,수
2022-08-31,경춘선,남춘천,2453,2925,5378,-472,8,31,수
2022-08-31,경춘선,춘천,1784,1663,3447,121,8,31,수
2022-08-31,공항철도 1호선,서울역,9501,8471,17972,1030,8,31,수
2022-08-31,공항철도 1호선,공덕,2686,3422,6108,-736,8,31,수
2022-08-31,공항철도 1호선,홍대입구,11087,11545,22632,-458,8,31,수
2022-08-31,공항철도 1호선,디지털미디어시티,15672,14781,30453,891,8,31,수
2022-08-31,공항철도 1호선,마곡나루(서울식물원),10582,9928,20510,654,8,31,수
2022-08-31,공항철도 1호선,김포공항,11960,6515,18475,5445,8,31,수
2022-08-31,공항철도 1호선,계양,12198,11274,23472,924,8,31,수
2022-08-31,공항철도 1호선,검암,7065,6933,13998,132,8,31,수
2022-08-31,공항철도 1호선,청라국제도시,7392,6877,14269,515,8,31,수
2022-08-31,공항철도 1호선,운서,8160,8127,16287,33,8,31,수
2022-08-31,공항철도 1호선,공항화물청사,2414,2521,4935,-107,8,31,수
2022-08-31,공항철도 1호선,인천공항1터미널,8907,7820,16727,1087,8,31,수
2022-08-31,공항철도 1호선,인천공항2터미널,3779,3341,7120,438,8,31,수
2022-08-31,공항철도 1호선,영종,3688,3721,7409,-33,8,31,수
2022-08-31,과천선,선바위,8549,7562,16111,987,8,31,수
2022-08-31,과천선,경마공원,1794,1848,3642,-54,8,31,수
2022-08-31,과천선,대공원,3335,3459,6794,-124,8,31,수
2022-08-31,과천선,과천,6766,6398,13164,368,8,31,수
2022-08-31,과천선,정부과천청사,11661,11580,23241,81,8,31,수
2022-08-31,과천선,인덕원,25813,26935,52748,-1122,8,31,수
2022-08-31,과천선,평촌,18852,18734,37586,118,8,31,수
2022-08-31,과천선,범계,27903,28003,55906,-100,8,31,수
2022-08-31,분당선,선릉,14565,21822,36387,-7257,8,31,수
2022-08-31,분당선,한티,15471,16460,31931,-989,8,31,수
2022-08-31,분당선,도곡,7912,7367,15279,545,8,31,수
2022-08-31,분당선,구룡,2539,2424,4963,115,8,31,수
2022-08-31,분당선,개포동,4442,4504,8946,-62,8,31,수
2022-08-31,분당선,대모산입구,4935,4597,9532,338,8,31,수
2022-08-31,분당선,수서,14243,14886,29129,-643,8,31,수
2022-08-31,분당선,수원,8372,6897,15269,1475,8,31,수
2022-08-31,분당선,서울숲,12360,12616,24976,-256,8,31,수
2022-08-31,분당선,압구정로데오,19965,22416,42381,-2451,8,31,수
2022-08-31,분당선,강남구청,10223,11896,22119,-1673,8,31,수
2022-08-31,분당선,선정릉,8404,8945,17349,-541,8,31,수
2022-08-31,분당선,가천대,12622,13431,26053,-809,8,31,수
2022-08-31,분당선,태평,14213,13431,27644,782,8,31,수
2022-08-31,분당선,모란,20852,21126,41978,-274,8,31,수
2022-08-31,분당선,야탑,27667,29341,57008,-1674,8,31,수
2022-08-31,분당선,서현,25629,26197,51826,-568,8,31,수
2022-08-31,분당선,수내,14714,14701,29415,13,8,31,수
2022-08-31,분당선,정자,19643,20953,40596,-1310,8,31,수
2022-08-31,분당선,미금,16434,17552,33986,-1118,8,31,수
2022-08-31,분당선,오리,12529,10217,22746,2312,8,31,수
2022-08-31,분당선,이매,6410,5713,12123,697,8,31,수
2022-08-31,분당선,보정,2904,2494,5398,410,8,31,수
2022-08-31,분당선,죽전,14110,15932,30042,-1822,8,31,수
2022-08-31,분당선,구성,5478,5797,11275,-319,8,31,수
2022-08-31,분당선,신갈,5029,4923,9952,106,8,31,수
2022-08-31,분당선,기흥,10869,10019,20888,850,8,31,수
2022-08-31,분당선,상갈,5952,5679,11631,273,8,31,수
2022-08-31,분당선,청명,4758,4594,9352,164,8,31,수
2022-08-31,분당선,영통,8711,9105,17816,-394,8,31,수
2022-08-31,분당선,망포,15598,14844,30442,754,8,31,수
2022-08-31,분당선,매탄권선,5633,5379,11012,254,8,31,수
2022-08-31,분당선,수원시청,13274,14267,27541,-993,8,31,수
2022-08-31,분당선,매교,4073,4034,8107,39,8,31,수
2022-08-31,수인선,고색,5137,4791,9928,346,8,31,수
2022-08-31,수인선,오목천,4721,4230,8951,491,8,31,수
2022-08-31,수인선,어천,1137,1064,2201,73,8,31,수
2022-08-31,수인선,야목,429,335,764,94,8,31,수
2022-08-31,수인선,사리,5328,4604,9932,724,8,31,수
2022-08-31,수인선,달월,110,77,187,33,8,31,수
2022-08-31,수인선,월곶,3236,3034,6270,202,8,31,수
2022-08-31,수인선,소래포구,6888,6415,13303,473,8,31,수
2022-08-31,수인선,인천논현,6054,6497,12551,-443,8,31,수
2022-08-31,수인선,호구포,4466,4519,8985,-53,8,31,수
2022-08-31,수인선,남동인더스파크,2535,2785,5320,-250,8,31,수
2022-08-31,수인선,원인재,4586,4866,9452,-280,8,31,수
2022-08-31,수인선,연수,4934,4901,9835,33,8,31,수
2022-08-31,수인선,송도,2657,2386,5043,271,8,31,수
2022-08-31,수인선,인하대,8295,7979,16274,316,8,31,수
2022-08-31,수인선,숭의,4403,4051,8454,352,8,31,수
2022-08-31,수인선,신포,2001,1981,3982,20,8,31,수
2022-08-31,수인선,인천,1123,1768,2891,-645,8,31,수
2022-08-31,신림선,샛강,2358,2954,5312,-596,8,31,수
2022-08-31,신림선,대방,2164,1775,3939,389,8,31,수
2022-08-31,신림선,서울지방병무청,2548,2721,5269,-173,8,31,수
2022-08-31,신림선,보라매,3087,2911,5998,176,8,31,수
2022-08-31,신림선,보라매공원,1855,2034,3889,-179,8,31,수
2022-08-31,신림선,보라매병원,6708,7170,13878,-462,8,31,수
2022-08-31,신림선,당곡,3942,3846,7788,96,8,31,수
2022-08-31,신림선,신림,1607,2204,3811,-597,8,31,수
2022-08-31,신림선,서원,3088,2562,5650,526,8,31,수
2022-08-31,신림선,서울대벤처타운,7269,7233,14502,36,8,31,수
2022-08-31,신림선,관악산(서울대),2619,2642,5261,-23,8,31,수
2022-08-31,안산선,산본,16947,18309,35256,-1362,8,31,수
2022-08-31,안산선,대야미,5378,4845,10223,533,8,31,수
2022-08-31,안산선,반월,4522,4407,8929,115,8,31,수
2022-08-31,안산선,상록수,17591,17715,35306,-124,8,31,수
2022-08-31,안산선,한대앞,9641,9704,19345,-63,8,31,수
2022-08-31,안산선,중앙,18953,20040,38993,-1087,8,31,수
2022-08-31,안산선,고잔,9513,9039,18552,474,8,31,수
2022-08-31,안산선,초지,5680,5934,11614,-254,8,31,수
2022-08-31,안산선,안산,12160,11022,23182,1138,8,31,수
2022-08-31,안산선,신길온천,1966,1798,3764,168,8,31,수
2022-08-31,안산선,정왕,8192,8811,17003,-619,8,31,수
2022-08-31,안산선,오이도,9076,8614,17690,462,8,31,수
2022-08-31,안산선,수리산,4443,3673,8116,770,8,31,수
2022-08-31,우이신설선,북한산우이,2763,2501,5264,262,8,31,수
2022-08-31,우이신설선,솔밭공원,2739,2574,5313,165,8,31,수
2022-08-31,우이신설선,4.19민주묘지,3146,2962,6108,184,8,31,수
2022-08-31,우이신설선,가오리,4538,4531,9069,7,8,31,수
2022-08-31,우이신설선,화계,3649,3418,7067,231,8,31,수
2022-08-31,우이신설선,삼양,2143,2280,4423,-137,8,31,수
2022-08-31,우이신설선,삼양사거리,2679,2676,5355,3,8,31,수
2022-08-31,우이신설선,솔샘,6143,5799,11942,344,8,31,수
2022-08-31,우이신설선,북한산보국문,6444,6165,12609,279,8,31,수
2022-08-31,우이신설선,정릉,4985,4557,9542,428,8,31,수
2022-08-31,우이신설선,성신여대입구(돈암),3490,3778,7268,-288,8,31,수
2022-08-31,우이신설선,보문,1642,1669,3311,-27,8,31,수
2022-08-31,우이신설선,신설동,2390,2300,4690,90,8,31,수
2022-08-31,일산선,원흥,12028,11388,23416,640,8,31,수
2022-08-31,일산선,삼송,21268,20583,41851,685,8,31,수
2022-08-31,일산선,원당,11782,11115,22897,667,8,31,수
2022-08-31,일산선,화정,17614,17810,35424,-196,8,31,수
2022-08-31,일산선,대곡,2385,1934,4319,451,8,31,수
2022-08-31,일산선,백석,10228,10315,20543,-87,8,31,수
2022-08-31,일산선,마두,8261,8437,16698,-176,8,31,수
2022-08-31,일산선,정발산,7833,7788,15621,45,8,31,수
2022-08-31,일산선,주엽,9752,9643,19395,109,8,31,수
2022-08-31,일산선,대화,15034,11989,27023,3045,8,31,수
2022-08-31,장항선,봉명,1434,1355,2789,79,8,31,수
2022-08-31,장항선,쌍용(나사렛대),2156,2223,4379,-67,8,31,수
2022-08-31,장항선,아산,3859,3323,7182,536,8,31,수
2022-08-31,장항선,탕정,1038,972,2010,66,8,31,수
2022-08-31,장항선,배방,1191,1087,2278,104,8,31,수
2022-08-31,장항선,온양온천,3778,3811,7589,-33,8,31,수
2022-08-31,장항선,신창(순천향대),3020,2987,6007,33,8,31,수
2022-08-31,중앙선,회기,26264,26053,52317,211,8,31,수
2022-08-31,중앙선,중랑,5974,5582,11556,392,8,31,수
2022-08-31,중앙선,상봉(시외버스터미널),6031,5832,11863,199,8,31,수
2022-08-31,중앙선,망우,8369,8152,16521,217,8,31,수
2022-08-31,중앙선,양원,3316,3180,6496,136,8,31,수
2022-08-31,중앙선,구리,14196,14019,28215,177,8,31,수
2022-08-31,중앙선,도농,12098,10717,22815,1381,8,31,수
2022-08-31,중앙선,양정,761,631,1392,130,8,31,수
2022-08-31,중앙선,덕소,5802,5818,11620,-16,8,31,수
2022-08-31,중앙선,도심,2620,2050,4670,570,8,31,수
2022-08-31,중앙선,팔당,905,910,1815,-5,8,31,수
2022-08-31,중앙선,운길산,710,659,1369,51,8,31,수
2022-08-31,중앙선,양수,2011,2038,4049,-27,8,31,수
2022-08-31,중앙선,신원,214,198,412,16,8,31,수
2022-08-31,중앙선,국수,901,848,1749,53,8,31,수
2022-08-31,중앙선,아신,639,632,1271,7,8,31,수
2022-08-31,중앙선,오빈,321,317,638,4,8,31,수
2022-08-31,중앙선,양평,2850,2848,5698,2,8,31,수
2022-08-31,중앙선,용문,1754,1726,3480,28,8,31,수
