날짜,노선,역,승차승객,하차승객,총 승객,승차-하차,월,일,요일
2022-01-01,3호선,수서,7370,7076,14446,294,1,1,토
2022-01-01,3호선,학여울,461,473,934,-12,1,1,토
2022-01-01,3호선,대청,3224,2903,6127,321,1,1,토
2022-01-01,3호선,일원,3321,2803,6124,518,1,1,토
2022-01-01,경원선,창동,1,0,1,1,1,1,토
2022-01-01,1호선,신설동,4939,4733,9672,206,1,1,토
2022-01-01,1호선,동대문,6486,6390,12876,96,1,1,토
2022-01-01,1호선,종로5가,7975,7922,15897,53,1,1,토
2022-01-01,1호선,서울역,18398,16926,35324,1472,1,1,토
2022-01-01,1호선,동묘앞,7240,7366,14606,-126,1,1,토
2022-01-01,1호선,시청,5604,5006,10610,598,1,1,토
2022-01-01,1호선,종각,9977,8864,18841,1113,1,1,토
2022-01-01,1호선,종로3가,11017,9630,20647,1387,1,1,토
2022-01-01,2호선,구로디지털단지,18363,18352,36715,11,1,1,토
2022-01-01,2호선,신대방,11652,11727,23379,-75,1,1,토
2022-01-01,2호선,신림,29564,29162,58726,402,1,1,토
2022-01-01,2호선,봉천,9207,8941,18148,266,1,1,토
2022-01-01,2호선,서울대입구(관악구청),20142,20315,40457,-173,1,1,토
2022-01-01,2호선,낙성대(강감찬),11148,10973,22121,175,1,1,토
2022-01-01,2호선,사당,15292,16173,31465,-881,1,1,토
2022-01-01,2호선,방배,4297,4484,8781,-187,1,1,토
2022-01-01,2호선,서초,4010,3348,7358,662,1,1,토
2022-01-01,2호선,교대(법원.검찰청),6678,7333,14011,-655,1,1,토
2022-01-01,2호선,강남,26200,24977,51177,1223,1,1,토
2022-01-01,2호선,역삼,8239,8524,16763,-285,1,1,토
2022-01-01,2호선,선릉,9197,7746,16943,1451,1,1,토
2022-01-01,2호선,삼성(무역센터),15003,13937,28940,1066,1,1,토
2022-01-01,2호선,종합운동장,3428,3504,6932,-76,1,1,토
2022-01-01,2호선,잠실새내,8404,8750,17154,-346,1,1,토
2022-01-01,2호선,잠실(송파구청),35454,33619,69073,1835,1,1,토
2022-01-01,2호선,잠실나루,3594,3660,7254,-66,1,1,토
2022-01-01,2호선,강변(동서울터미널),14225,13711,27936,514,1,1,토
2022-01-01,2호선,구의(광진구청),8872,8862,17734,10,1,1,토
2022-01-01,2호선,건대입구,21954,23039,44993,-1085,1,1,토
2022-01-01,2호선,성수,9220,10042,19262,-822,1,1,토
2022-01-01,2호선,뚝섬,6067,5964,12031,103,1,1,토
2022-01-01,2호선,한양대,1359,1517,2876,-158,1,1,토
2022-01-01,2호선,왕십리(성동구청),6953,6214,13167,739,1,1,토
2022-01-01,2호선,상왕십리,5212,5043,10255,169,1,1,토
2022-01-01,2호선,신당,6015,6529,12544,-514,1,1,토
2022-01-01,2호선,동대문역사문화공원(DDP),5620,6213,11833,-593,1,1,토
2022-01-01,2호선,을지로4가,2568,2350,4918,218,1,1,토
2022-01-01,2호선,을지로3가,5883,5290,11173,593,1,1,토
2022-01-01,2호선,을지로입구,10825,9485,20310,1340,1,1,토
2022-01-01,2호선,시청,4137,2961,7098,1176,1,1,토
2022-01-01,1호선,청량리(서울시립대입구),9400,9553,18953,-153,1,1,토
2022-01-01,1호선,제기동,7244,7259,14503,-15,1,1,토
2022-01-01,2호선,이대,4692,4938,9630,-246,1,1,토
2022-01-01,경의선,일산,3367,3452,6819,-85,1,1,토
2022-01-01,경의선,탄현,3023,3009,6032,14,1,1,토
2022-01-01,분당선,복정,1,0,1,1,1,1,토
2022-01-01,2호선,신촌,15120,14485,29605,635,1,1,토
2022-01-01,2호선,홍대입구,38842,38438,77280,404,1,1,토
2022-01-01,2호선,합정,13993,14840,28833,-847,1,1,토
2022-01-01,2호선,당산,6288,7044,13332,-756,1,1,토
2022-01-01,2호선,영등포구청,5631,5554,11185,77,1,1,토
2022-01-01,2호선,문래,5480,5672,11152,-192,1,1,토
2022-01-01,2호선,신도림,18150,18655,36805,-505,1,1,토
2022-01-01,2호선,대림(구로구청),10717,11703,22420,-986,1,1,토
2022-01-01,중앙선,지평,24,40,64,-16,1,1,토
2022-01-01,중앙선,용문,1171,1224,2395,-53,1,1,토
2022-01-01,중앙선,원덕,171,190,361,-19,1,1,토
2022-01-01,중앙선,양평,1432,1481,2913,-49,1,1,토
2022-01-01,중앙선,오빈,144,142,286,2,1,1,토
2022-01-01,중앙선,아신,278,314,592,-36,1,1,토
2022-01-01,중앙선,국수,337,378,715,-41,1,1,토
2022-01-01,중앙선,신원,110,108,218,2,1,1,토
2022-01-01,중앙선,양수,1149,1169,2318,-20,1,1,토
2022-01-01,중앙선,운길산,689,667,1356,22,1,1,토
2022-01-01,중앙선,팔당,838,820,1658,18,1,1,토
2022-01-01,중앙선,도심,868,795,1663,73,1,1,토
2022-01-01,중앙선,덕소,2626,2727,5353,-101,1,1,토
2022-01-01,중앙선,양정,277,203,480,74,1,1,토
2022-01-01,중앙선,도농,3751,3812,7563,-61,1,1,토
2022-01-01,중앙선,구리,5372,5743,11115,-371,1,1,토
2022-01-01,중앙선,양원,655,680,1335,-25,1,1,토
2022-01-01,중앙선,망우,3549,3588,7137,-39,1,1,토
2022-01-01,중앙선,상봉(시외버스터미널),2911,2736,5647,175,1,1,토
2022-01-01,중앙선,중랑,2451,2381,4832,70,1,1,토
2022-01-01,중앙선,회기,10723,10388,21111,335,1,1,토
2022-01-01,장항선,신창(순천향대),606,603,1209,3,1,1,토
2022-01-01,장항선,온양온천,2469,2493,4962,-24,1,1,토
2022-01-01,장항선,배방,577,558,1135,19,1,1,토
2022-01-01,장항선,탕정,197,180,377,17,1,1,토
2022-01-01,장항선,아산,1705,1503,3208,202,1,1,토
2022-01-01,장항선,쌍용(나사렛대),819,791,1610,28,1,1,토
2022-01-01,장항선,봉명,401,354,755,47,1,1,토
2022-01-01,일산선,대화,4677,4190,8867,487,1,1,토
2022-01-01,일산선,주엽,3259,3354,6613,-95,1,1,토
2022-01-01,일산선,정발산,3824,3861,7685,-37,1,1,토
2022-01-01,일산선,마두,2568,2642,5210,-74,1,1,토
2022-01-01,일산선,백석,4287,4281,8568,6,1,1,토
2022-01-01,일산선,대곡,721,534,1255,187,1,1,토
2022-01-01,일산선,화정,7575,7999,15574,-424,1,1,토
2022-01-01,일산선,원당,4609,4594,9203,15,1,1,토
2022-01-01,일산선,삼송,8752,8588,17340,164,1,1,토
2022-01-01,일산선,원흥,3952,3997,7949,-45,1,1,토
2022-01-01,우이신설선,신설동,791,844,1635,-53,1,1,토
2022-01-01,우이신설선,보문,741,656,1397,85,1,1,토
2022-01-01,우이신설선,성신여대입구(돈암),1771,2160,3931,-389,1,1,토
2022-01-01,우이신설선,정릉,1969,1772,3741,197,1,1,토
2022-01-01,우이신설선,북한산보국문,2808,2504,5312,304,1,1,토
2022-01-01,우이신설선,솔샘,2149,2052,4201,97,1,1,토
2022-01-01,우이신설선,삼양사거리,1183,1215,2398,-32,1,1,토
2022-01-01,우이신설선,삼양,934,985,1919,-51,1,1,토
2022-01-01,우이신설선,화계,1597,1464,3061,133,1,1,토
2022-01-01,우이신설선,가오리,1814,1754,3568,60,1,1,토
2022-01-01,우이신설선,4.19민주묘지,1374,1227,2601,147,1,1,토
2022-01-01,우이신설선,솔밭공원,1073,1012,2085,61,1,1,토
2022-01-01,우이신설선,북한산우이,2603,2554,5157,49,1,1,토
2022-01-01,안산선,수리산,1548,1470,3018,78,1,1,토
2022-01-01,안산선,오이도,5359,5296,10655,63,1,1,토
2022-01-01,안산선,정왕,4086,4310,8396,-224,1,1,토
2022-01-01,안산선,신길온천,869,821,1690,48,1,1,토
2022-01-01,안산선,안산,7473,7880,15353,-407,1,1,토
2022-01-01,안산선,초지,1778,1866,3644,-88,1,1,토
2022-01-01,안산선,고잔,3162,3166,6328,-4,1,1,토
2022-01-01,안산선,중앙,9574,9814,19388,-240,1,1,토
2022-01-01,안산선,한대앞,4099,4233,8332,-134,1,1,토
2022-01-01,안산선,상록수,7257,7467,14724,-210,1,1,토
2022-01-01,안산선,반월,1970,1970,3940,0,1,1,토
2022-01-01,안산선,대야미,2182,1982,4164,200,1,1,토
2022-01-01,안산선,산본,6805,6259,13064,546,1,1,토
2022-01-01,수인선,인천,1172,1569,2741,-397,1,1,토
2022-01-01,수인선,신포,1010,992,2002,18,1,1,토
2022-01-01,수인선,숭의,1636,1500,3136,136,1,1,토
2022-01-01,수인선,인하대,2640,2546,5186,94,1,1,토
2022-01-01,수인선,송도,1354,1324,2678,30,1,1,토
2022-01-01,수인선,연수,2297,2372,4669,-75,1,1,토
2022-01-01,수인선,원인재,2188,2402,4590,-214,1,1,토
2022-01-01,수인선,남동인더스파크,441,362,803,79,1,1,토
2022-01-01,수인선,호구포,1548,1489,3037,59,1,1,토
2022-01-01,수인선,인천논현,2600,2694,5294,-94,1,1,토
2022-01-01,수인선,소래포구,3911,3837,7748,74,1,1,토
2022-01-01,수인선,월곶,1348,1284,2632,64,1,1,토
2022-01-01,수인선,달월,38,55,93,-17,1,1,토
2022-01-01,수인선,사리,2162,1974,4136,188,1,1,토
2022-01-01,수인선,야목,152,122,274,30,1,1,토
2022-01-01,수인선,어천,427,416,843,11,1,1,토
2022-01-01,수인선,오목천,1239,1112,2351,127,1,1,토
2022-01-01,수인선,고색,1544,1512,3056,32,1,1,토
2022-01-01,분당선,매교,1075,1049,2124,26,1,1,토
2022-01-01,분당선,수원시청,6412,6209,12621,203,1,1,토
2022-01-01,분당선,매탄권선,2034,2085,4119,-51,1,1,토
2022-01-01,분당선,망포,5250,5034,10284,216,1,1,토
2022-01-01,분당선,영통,4036,3958,7994,78,1,1,토
2022-01-01,분당선,청명,1364,1469,2833,-105,1,1,토
2022-01-01,분당선,상갈,2335,2371,4706,-36,1,1,토
2022-01-01,분당선,기흥,3933,3873,7806,60,1,1,토
2022-01-01,분당선,신갈,1426,1522,2948,-96,1,1,토
2022-01-01,분당선,구성,1805,1908,3713,-103,1,1,토
2022-01-01,분당선,죽전,5099,5796,10895,-697,1,1,토
2022-01-01,분당선,보정,833,801,1634,32,1,1,토
2022-01-01,분당선,이매,2019,2134,4153,-115,1,1,토
2022-01-01,분당선,오리,4144,3475,7619,669,1,1,토
2022-01-01,분당선,미금,5774,6011,11785,-237,1,1,토
2022-01-01,분당선,정자,5621,5722,11343,-101,1,1,토
2022-01-01,분당선,수내,3887,3641,7528,246,1,1,토
2022-01-01,분당선,서현,11052,10765,21817,287,1,1,토
2022-01-01,분당선,야탑,9563,10027,19590,-464,1,1,토
2022-01-01,분당선,모란,8977,9270,18247,-293,1,1,토
2022-01-01,분당선,태평,6305,5972,12277,333,1,1,토
2022-01-01,분당선,가천대,2542,2988,5530,-446,1,1,토
2022-01-01,분당선,선정릉,1210,1218,2428,-8,1,1,토
2022-01-01,분당선,강남구청,2024,2355,4379,-331,1,1,토
2022-01-01,분당선,압구정로데오,5891,6496,12387,-605,1,1,토
2022-01-01,분당선,서울숲,3164,3292,6456,-128,1,1,토
2022-01-01,분당선,수원,4789,4007,8796,782,1,1,토
2022-01-01,분당선,수서,5513,5557,11070,-44,1,1,토
2022-01-01,분당선,대모산입구,1430,1409,2839,21,1,1,토
2022-01-01,분당선,개포동,1114,1121,2235,-7,1,1,토
2022-01-01,분당선,구룡,468,542,1010,-74,1,1,토
2022-01-01,분당선,도곡,1858,1799,3657,59,1,1,토
2022-01-01,분당선,한티,5769,5517,11286,252,1,1,토
2022-01-01,분당선,선릉,1980,2837,4817,-857,1,1,토
2022-01-01,과천선,범계,10536,10290,20826,246,1,1,토
2022-01-01,과천선,평촌,4657,4604,9261,53,1,1,토
2022-01-01,과천선,인덕원,8031,8303,16334,-272,1,1,토
2022-01-01,과천선,정부과천청사,3162,3153,6315,9,1,1,토
2022-01-01,과천선,과천,2325,2194,4519,131,1,1,토
2022-01-01,과천선,대공원,1856,1869,3725,-13,1,1,토
2022-01-01,과천선,경마공원,378,371,749,7,1,1,토
2022-01-01,과천선,선바위,2468,2233,4701,235,1,1,토
2022-01-01,공항철도 1호선,영종,1904,1839,3743,65,1,1,토
2022-01-01,공항철도 1호선,인천공항2터미널,1684,1522,3206,162,1,1,토
2022-01-01,공항철도 1호선,인천공항1터미널,3601,3377,6978,224,1,1,토
2022-01-01,공항철도 1호선,공항화물청사,1055,1057,2112,-2,1,1,토
2022-01-01,공항철도 1호선,운서,4110,4080,8190,30,1,1,토
2022-01-01,공항철도 1호선,청라국제도시,2333,2353,4686,-20,1,1,토
2022-01-01,공항철도 1호선,검암,2523,2697,5220,-174,1,1,토
2022-01-01,공항철도 1호선,계양,3715,3735,7450,-20,1,1,토
2022-01-01,공항철도 1호선,김포공항,8828,4204,13032,4624,1,1,토
2022-01-01,공항철도 1호선,마곡나루(서울식물원),1551,1591,3142,-40,1,1,토
2022-01-01,공항철도 1호선,디지털미디어시티,2655,2457,5112,198,1,1,토
2022-01-01,공항철도 1호선,홍대입구,6979,6898,13877,81,1,1,토
2022-01-01,공항철도 1호선,공덕,805,1177,1982,-372,1,1,토
2022-01-01,공항철도 1호선,서울역,4845,4299,9144,546,1,1,토
2022-01-01,경춘선,춘천,976,904,1880,72,1,1,토
2022-01-01,경춘선,남춘천,1573,1664,3237,-91,1,1,토
2022-01-01,경춘선,김유정,207,200,407,7,1,1,토
2022-01-01,경춘선,강촌,304,319,623,-15,1,1,토
2022-01-01,경춘선,백양리,326,255,581,71,1,1,토
2022-01-01,경춘선,굴봉산,118,122,240,-4,1,1,토
2022-01-01,경춘선,가평,1183,1126,2309,57,1,1,토
2022-01-01,경춘선,상천,151,146,297,5,1,1,토
2022-01-01,경춘선,청평,1089,1001,2090,88,1,1,토
2022-01-01,경춘선,대성리,391,247,638,144,1,1,토
2022-01-01,경춘선,마석,1805,1841,3646,-36,1,1,토
2022-01-01,경춘선,천마산,800,805,1605,-5,1,1,토
2022-01-01,경춘선,평내호평,2636,2550,5186,86,1,1,토
2022-01-01,경춘선,금곡,643,614,1257,29,1,1,토
2022-01-01,경춘선,사릉,1227,1256,2483,-29,1,1,토
2022-01-01,경춘선,퇴계원,1457,1421,2878,36,1,1,토
2022-01-01,경춘선,별내,1348,1285,2633,63,1,1,토
2022-01-01,경춘선,갈매,996,977,1973,19,1,1,토
2022-01-01,경춘선,신내,652,648,1300,4,1,1,토
2022-01-01,경인선,도화,1894,1826,3720,68,1,1,토
2022-01-01,경인선,중동,3811,3747,7558,64,1,1,토
2022-01-01,경인선,온수(성공회대입구),2784,2648,5432,136,1,1,토
2022-01-01,경인선,도원,1306,1401,2707,-95,1,1,토
2022-01-01,경인선,간석,2500,2449,4949,51,1,1,토
2022-01-01,경인선,부개,3717,3559,7276,158,1,1,토
2022-01-01,경인선,소사,3831,3896,7727,-65,1,1,토
2022-01-01,경인선,구일,2408,2385,4793,23,1,1,토
2022-01-01,경인선,인천,3511,2837,6348,674,1,1,토
2022-01-01,경인선,동인천,7494,7323,14817,171,1,1,토
2022-01-01,경인선,제물포,4285,4358,8643,-73,1,1,토
2022-01-01,경인선,주안,9520,8463,17983,1057,1,1,토
2022-01-01,경인선,동암,7406,7824,15230,-418,1,1,토
2022-01-01,경인선,백운,3037,3105,6142,-68,1,1,토
2022-01-01,경인선,부평,19542,21240,40782,-1698,1,1,토
2022-01-01,경인선,송내,9835,9716,19551,119,1,1,토
2022-01-01,경인선,부천,18252,18977,37229,-725,1,1,토
2022-01-01,경인선,역곡,11594,11696,23290,-102,1,1,토
2022-01-01,경인선,오류동,5400,5191,10591,209,1,1,토
2022-01-01,경인선,개봉,8815,9030,17845,-215,1,1,토
2022-01-01,경의선,임진강,56,73,129,-17,1,1,토
2022-01-01,경의선,문산,2792,2863,5655,-71,1,1,토
2022-01-01,경의선,파주,482,424,906,58,1,1,토
2022-01-01,경의선,월롱,757,813,1570,-56,1,1,토
2022-01-01,경의선,금촌,3655,3696,7351,-41,1,1,토
2022-01-01,경의선,금릉,2226,2242,4468,-16,1,1,토
2022-01-01,경의선,운정,2739,2779,5518,-40,1,1,토
2022-01-01,경의선,야당,4003,3880,7883,123,1,1,토
2022-01-01,경의선,풍산,2502,2511,5013,-9,1,1,토
2022-01-01,경의선,백마,2377,2411,4788,-34,1,1,토
2022-01-01,경의선,곡산,223,222,445,1,1,1,토
2022-01-01,경의선,능곡,1562,1524,3086,38,1,1,토
2022-01-01,경의선,행신,2954,3044,5998,-90,1,1,토
2022-01-01,경의선,강매,1078,1085,2163,-7,1,1,토
2022-01-01,경의선,화전,515,449,964,66,1,1,토
2022-01-01,경의선,수색,677,686,1363,-9,1,1,토
2022-01-01,경의선,디지털미디어시티,1025,905,1930,120,1,1,토
2022-01-01,경의선,가좌,2017,1980,3997,37,1,1,토
2022-01-01,경의선,홍대입구,1134,1294,2428,-160,1,1,토
2022-01-01,경의선,서강대,929,856,1785,73,1,1,토
2022-01-01,경의선,공덕,1251,1060,2311,191,1,1,토
2022-01-01,경의선,효창공원앞,934,1056,1990,-122,1,1,토
2022-01-01,경의선,신촌,181,212,393,-31,1,1,토
2022-01-01,경의선,서울역,687,726,1413,-39,1,1,토
2022-01-01,경원선,소요산,2218,1982,4200,236,1,1,토
2022-01-01,경원선,동두천,959,1154,2113,-195,1,1,토
2022-01-01,경원선,보산,883,991,1874,-108,1,1,토
2022-01-01,경원선,동두천중앙,1617,1626,3243,-9,1,1,토
2022-01-01,경원선,지행,3454,3406,6860,48,1,1,토
2022-01-01,경원선,덕정,2668,2576,5244,92,1,1,토
2022-01-01,경원선,덕계,1203,1182,2385,21,1,1,토
2022-01-01,경원선,양주,3605,3514,7119,91,1,1,토
2022-01-01,경원선,녹양,2000,2031,4031,-31,1,1,토
2022-01-01,경원선,가능,2996,2855,5851,141,1,1,토
2022-01-01,경원선,의정부,10507,10890,21397,-383,1,1,토
2022-01-01,경원선,회룡,5162,5301,10463,-139,1,1,토
2022-01-01,경원선,망월사,3245,3429,6674,-184,1,1,토
2022-01-01,경원선,도봉산,5421,3866,9287,1555,1,1,토
2022-01-01,경원선,도봉,2638,2480,5118,158,1,1,토
2022-01-01,경원선,방학,4376,4204,8580,172,1,1,토
2022-01-01,경원선,녹천,1934,1633,3567,301,1,1,토
2022-01-01,경원선,월계,2796,2675,5471,121,1,1,토
2022-01-01,경원선,광운대,3040,3166,6206,-126,1,1,토
2022-01-01,경원선,석계,3821,4189,8010,-368,1,1,토
2022-01-01,경원선,신이문,3480,3310,6790,170,1,1,토
2022-01-01,경원선,외대앞,3374,3345,6719,29,1,1,토
2022-01-01,경원선,청량리(서울시립대입구),9450,9171,18621,279,1,1,토
2022-01-01,경원선,왕십리(성동구청),7197,8126,15323,-929,1,1,토
2022-01-01,경원선,응봉,876,794,1670,82,1,1,토
2022-01-01,경원선,옥수,28,28,56,0,1,1,토
2022-01-01,경원선,한남,1487,1363,2850,124,1,1,토
2022-01-01,경원선,서빙고,750,695,1445,55,1,1,토
2022-01-01,경원선,이촌(국립중앙박물관),1274,1053,2327,221,1,1,토
2022-01-01,경부선,광명,1527,1276,2803,251,1,1,토
2022-01-01,경부선,서동탄,502,526,1028,-24,1,1,토
2022-01-01,경부선,당정,2205,2137,4342,68,1,1,토
2022-01-01,경부선,천안,3883,4082,7965,-199,1,1,토
2022-01-01,경부선,두정,2964,2944,5908,20,1,1,토
2022-01-01,경부선,직산,395,364,759,31,1,1,토
2022-01-01,경부선,성환,1878,1795,3673,83,1,1,토
2022-01-01,경부선,평택,8433,8221,16654,212,1,1,토
2022-01-01,경부선,평택지제,1715,1621,3336,94,1,1,토
2022-01-01,경부선,서정리,3572,3493,7065,79,1,1,토
2022-01-01,경부선,송탄,2889,2713,5602,176,1,1,토
2022-01-01,경부선,진위,627,568,1195,59,1,1,토
2022-01-01,경부선,오산,6174,6117,12291,57,1,1,토
2022-01-01,경부선,오산대,1757,1558,3315,199,1,1,토
2022-01-01,경부선,세마,1243,1182,2425,61,1,1,토
2022-01-01,경부선,병점,7334,7617,14951,-283,1,1,토
2022-01-01,경부선,세류,1498,1549,3047,-51,1,1,토
2022-01-01,경부선,독산,4704,4655,9359,49,1,1,토
2022-01-01,경부선,수원,24644,25858,50502,-1214,1,1,토
2022-01-01,경부선,화서,2910,2947,5857,-37,1,1,토
2022-01-01,경부선,성균관대,5914,6247,12161,-333,1,1,토
2022-01-01,경부선,의왕,3292,3300,6592,-8,1,1,토
2022-01-01,경부선,군포,2476,2230,4706,246,1,1,토
2022-01-01,경부선,금정,10218,10393,20611,-175,1,1,토
2022-01-01,경부선,명학,2482,2353,4835,129,1,1,토
2022-01-01,경부선,안양,10329,10440,20769,-111,1,1,토
2022-01-01,경부선,관악,3254,3061,6315,193,1,1,토
2022-01-01,경부선,석수,3675,3478,7153,197,1,1,토
2022-01-01,경부선,금천구청,4596,4650,9246,-54,1,1,토
2022-01-01,경부선,가산디지털단지,3643,5070,8713,-1427,1,1,토
2022-01-01,경부선,구로,7339,7617,14956,-278,1,1,토
2022-01-01,경부선,신길,3252,2893,6145,359,1,1,토
2022-01-01,경부선,신도림,1490,1275,2765,215,1,1,토
2022-01-01,경부선,영등포,24257,24411,48668,-154,1,1,토
2022-01-01,경부선,대방,4284,4259,8543,25,1,1,토
2022-01-01,경부선,노량진,5028,4908,9936,120,1,1,토
2022-01-01,경부선,용산,22345,22394,44739,-49,1,1,토
2022-01-01,경부선,남영,3089,3046,6135,43,1,1,토
2022-01-01,경부선,서울역,3983,1105,5088,2878,1,1,토
2022-01-01,경강선,여주,1329,1328,2657,1,1,1,토
2022-01-01,경강선,세종대왕릉,161,195,356,-34,1,1,토
2022-01-01,경강선,부발,1223,1233,2456,-10,1,1,토
2022-01-01,경강선,이천,1644,1720,3364,-76,1,1,토
2022-01-01,경강선,신둔도예촌,589,579,1168,10,1,1,토
2022-01-01,경강선,곤지암,1251,1182,2433,69,1,1,토
2022-01-01,경강선,초월,1169,1135,2304,34,1,1,토
2022-01-01,경강선,경기광주,2922,3062,5984,-140,1,1,토
2022-01-01,경강선,삼동,749,681,1430,68,1,1,토
2022-01-01,경강선,이매,519,317,836,202,1,1,토
2022-01-01,경강선,판교,1427,1260,2687,167,1,1,토
2022-01-01,9호선2~3단계,중앙보훈병원,2192,2310,4502,-118,1,1,토
2022-01-01,9호선2~3단계,둔촌오륜,301,293,594,8,1,1,토
2022-01-01,9호선2~3단계,올림픽공원(한국체대),5633,5455,11088,178,1,1,토
2022-01-01,9호선2~3단계,한성백제,931,822,1753,109,1,1,토
2022-01-01,9호선2~3단계,송파나루,2349,2546,4895,-197,1,1,토
2022-01-01,9호선2~3단계,석촌,3312,2852,6164,460,1,1,토
2022-01-01,9호선2~3단계,석촌고분,2375,2318,4693,57,1,1,토
2022-01-01,9호선2~3단계,삼전,2776,2658,5434,118,1,1,토
2022-01-01,9호선2~3단계,종합운동장,1485,1472,2957,13,1,1,토
2022-01-01,9호선2~3단계,봉은사,6418,6599,13017,-181,1,1,토
2022-01-01,9호선2~3단계,삼성중앙,1369,1342,2711,27,1,1,토
2022-01-01,9호선2~3단계,선정릉,1905,2062,3967,-157,1,1,토
2022-01-01,9호선2~3단계,언주,2197,2177,4374,20,1,1,토
2022-01-01,9호선,신논현,11872,11567,23439,305,1,1,토
2022-01-01,9호선,사평,1135,1165,2300,-30,1,1,토
2022-01-01,9호선,고속터미널,5747,8054,13801,-2307,1,1,토
2022-01-01,9호선,신반포,915,923,1838,-8,1,1,토
2022-01-01,9호선,구반포,374,367,741,7,1,1,토
2022-01-01,9호선,동작(현충원),979,871,1850,108,1,1,토
2022-01-01,9호선,흑석(중앙대입구),2765,2866,5631,-101,1,1,토
2022-01-01,9호선,노들,1846,1592,3438,254,1,1,토
2022-01-01,9호선,노량진,11914,12084,23998,-170,1,1,토
2022-01-01,9호선,샛강,1321,1284,2605,37,1,1,토
2022-01-01,9호선,여의도,4901,4639,9540,262,1,1,토
2022-01-01,9호선,국회의사당,2450,2192,4642,258,1,1,토
2022-01-01,9호선,당산,6380,6129,12509,251,1,1,토
2022-01-01,9호선,선유도,2097,2041,4138,56,1,1,토
2022-01-01,9호선,신목동,1286,1123,2409,163,1,1,토
2022-01-01,9호선,염창,6195,6059,12254,136,1,1,토
2022-01-01,9호선,등촌,3980,4040,8020,-60,1,1,토
2022-01-01,9호선,증미,2496,2544,5040,-48,1,1,토
2022-01-01,9호선,가양,7454,7393,14847,61,1,1,토
2022-01-01,9호선,양천향교,3038,3065,6103,-27,1,1,토
2022-01-01,9호선,마곡나루(서울식물원),3936,3840,7776,96,1,1,토
2022-01-01,9호선,신방화,2613,2658,5271,-45,1,1,토
2022-01-01,9호선,공항시장,1414,1491,2905,-77,1,1,토
2022-01-01,9호선,김포공항,5785,7500,13285,-1715,1,1,토
2022-01-01,9호선,개화,888,806,1694,82,1,1,토
2022-01-01,8호선,남위례,1367,1592,2959,-225,1,1,토
2022-01-01,8호선,모란,2208,1927,4135,281,1,1,토
2022-01-01,8호선,수진,2462,2262,4724,200,1,1,토
2022-01-01,8호선,신흥,2273,2602,4875,-329,1,1,토
2022-01-01,8호선,단대오거리,4316,4142,8458,174,1,1,토
2022-01-01,8호선,남한산성입구(성남법원.검찰청),5323,5004,10327,319,1,1,토
2022-01-01,8호선,산성,2435,2447,4882,-12,1,1,토
2022-01-01,8호선,복정,3374,3023,6397,351,1,1,토
2022-01-01,8호선,장지,7522,7404,14926,118,1,1,토
2022-01-01,8호선,문정,3686,3717,7403,-31,1,1,토
2022-01-01,8호선,가락시장,2644,2828,5472,-184,1,1,토
2022-01-01,8호선,송파,2576,2707,5283,-131,1,1,토
2022-01-01,8호선,석촌,3107,3797,6904,-690,1,1,토
2022-01-01,8호선,잠실(송파구청),8337,9287,17624,-950,1,1,토
2022-01-01,8호선,몽촌토성(평화의문),2779,2571,5350,208,1,1,토
2022-01-01,8호선,강동구청,3371,3526,6897,-155,1,1,토
2022-01-01,8호선,천호(풍납토성),6431,7632,14063,-1201,1,1,토
2022-01-01,8호선,암사,6855,6471,13326,384,1,1,토
2022-01-01,7호선,부평구청,1,0,1,1,1,1,토
2022-01-01,7호선,굴포천,2,0,2,2,1,1,토
2022-01-01,7호선,부천시청,1,0,1,1,1,1,토
2022-01-01,7호선,신중동,3,0,3,3,1,1,토
2022-01-01,7호선,온수(성공회대입구),2839,3001,5840,-162,1,1,토
2022-01-01,7호선,천왕,3682,3662,7344,20,1,1,토
2022-01-01,7호선,광명사거리,9727,9687,19414,40,1,1,토
2022-01-01,7호선,철산,7963,8160,16123,-197,1,1,토
2022-01-01,7호선,가산디지털단지,9016,7932,16948,1084,1,1,토
2022-01-01,7호선,남구로,5309,5399,10708,-90,1,1,토
2022-01-01,7호선,대림(구로구청),5540,5581,11121,-41,1,1,토
2022-01-01,7호선,신풍,4307,4136,8443,171,1,1,토
2022-01-01,7호선,보라매,3071,2998,6069,73,1,1,토
2022-01-01,7호선,신대방삼거리,6131,5963,12094,168,1,1,토
2022-01-01,7호선,장승배기,3472,3561,7033,-89,1,1,토
2022-01-01,7호선,상도,3968,3758,7726,210,1,1,토
2022-01-01,7호선,숭실대입구(살피재),3870,4157,8027,-287,1,1,토
2022-01-01,7호선,남성,4096,3940,8036,156,1,1,토
2022-01-01,7호선,이수,5921,5493,11414,428,1,1,토
2022-01-01,7호선,내방,3514,3427,6941,87,1,1,토
2022-01-01,7호선,고속터미널,6805,4829,11634,1976,1,1,토
2022-01-01,7호선,반포,2099,2027,4126,72,1,1,토
2022-01-01,7호선,논현,4681,4739,9420,-58,1,1,토
2022-01-01,7호선,학동,3245,3172,6417,73,1,1,토
2022-01-01,7호선,강남구청,3317,3470,6787,-153,1,1,토
2022-01-01,7호선,청담,4282,4279,8561,3,1,1,토
2022-01-01,7호선,뚝섬유원지,3864,3658,7522,206,1,1,토
2022-01-01,7호선,건대입구,6113,6462,12575,-349,1,1,토
2022-01-01,7호선,어린이대공원(세종대),4664,4507,9171,157,1,1,토
2022-01-01,7호선,군자(능동),5938,4709,10647,1229,1,1,토
2022-01-01,7호선,중곡,3969,3847,7816,122,1,1,토
2022-01-01,2호선,아현,3624,3682,7306,-58,1,1,토
2022-01-01,7호선,용마산(용마폭포공원),2554,2749,5303,-195,1,1,토
2022-01-01,7호선,사가정,6932,6677,13609,255,1,1,토
2022-01-01,7호선,면목,6160,6241,12401,-81,1,1,토
2022-01-01,7호선,상봉(시외버스터미널),7178,6724,13902,454,1,1,토
2022-01-01,7호선,중화,4220,4206,8426,14,1,1,토
2022-01-01,7호선,먹골,4191,4164,8355,27,1,1,토
2022-01-01,7호선,태릉입구,3370,3161,6531,209,1,1,토
2022-01-01,7호선,공릉(서울과학기술대),4812,4860,9672,-48,1,1,토
2022-01-01,7호선,하계,6656,6447,13103,209,1,1,토
2022-01-01,7호선,중계,5003,4677,9680,326,1,1,토
2022-01-01,7호선,노원,7963,8076,16039,-113,1,1,토
2022-01-01,7호선,마들,5163,5126,10289,37,1,1,토
2022-01-01,7호선,수락산,5660,5453,11113,207,1,1,토
2022-01-01,7호선,도봉산,3393,5082,8475,-1689,1,1,토
2022-01-01,7호선,장암,726,529,1255,197,1,1,토
2022-01-01,6호선,봉화산(서울의료원),2943,2985,5928,-42,1,1,토
2022-01-01,6호선,화랑대(서울여대입구),3640,3191,6831,449,1,1,토
2022-01-01,6호선,태릉입구,2249,2439,4688,-190,1,1,토
2022-01-01,6호선,석계,5057,5057,10114,0,1,1,토
2022-01-01,6호선,돌곶이,3505,3169,6674,336,1,1,토
2022-01-01,6호선,상월곡(한국과학기술연구원),2265,1980,4245,285,1,1,토
2022-01-01,6호선,월곡(동덕여대),4090,4232,8322,-142,1,1,토
2022-01-01,6호선,고려대(종암),2874,2802,5676,72,1,1,토
2022-01-01,6호선,안암(고대병원앞),3170,3182,6352,-12,1,1,토
2022-01-01,6호선,보문,2841,2727,5568,114,1,1,토
2022-01-01,6호선,창신,1309,1104,2413,205,1,1,토
2022-01-01,6호선,동묘앞,4065,3980,8045,85,1,1,토
2022-01-01,6호선,신당,3539,3001,6540,538,1,1,토
2022-01-01,6호선,청구,1258,1237,2495,21,1,1,토
2022-01-01,6호선,약수,1197,1206,2403,-9,1,1,토
2022-01-01,6호선,버티고개,782,870,1652,-88,1,1,토
2022-01-01,6호선,한강진,5417,6074,11491,-657,1,1,토
2022-01-01,6호선,이태원,7952,7914,15866,38,1,1,토
2022-01-01,6호선,녹사평(용산구청),2710,2610,5320,100,1,1,토
2022-01-01,6호선,삼각지,2519,1941,4460,578,1,1,토
2022-01-01,6호선,효창공원앞,2388,2105,4493,283,1,1,토
2022-01-01,6호선,공덕,5045,4766,9811,279,1,1,토
2022-01-01,6호선,대흥(서강대앞),2752,2770,5522,-18,1,1,토
2022-01-01,6호선,광흥창(서강),2822,2715,5537,107,1,1,토
2022-01-01,6호선,상수,4796,5142,9938,-346,1,1,토
2022-01-01,6호선,합정,6695,6122,12817,573,1,1,토
2022-01-01,6호선,망원,7118,7554,14672,-436,1,1,토
2022-01-01,6호선,마포구청,5295,4801,10096,494,1,1,토
2022-01-01,6호선,월드컵경기장(성산),2867,2883,5750,-16,1,1,토
2022-01-01,6호선,디지털미디어시티,3843,3953,7796,-110,1,1,토
2022-01-01,6호선,증산(명지대앞),4364,4537,8901,-173,1,1,토
2022-01-01,6호선,새절(신사),4975,5010,9985,-35,1,1,토
2022-01-01,6호선,구산,2969,2258,5227,711,1,1,토
2022-01-01,6호선,독바위,1225,1442,2667,-217,1,1,토
2022-01-01,6호선,불광,2301,2062,4363,239,1,1,토
2022-01-01,6호선,역촌,1514,1880,3394,-366,1,1,토
2022-01-01,6호선,응암,7342,7591,14933,-249,1,1,토
2022-01-01,5호선,하남검단산,3509,3422,6931,87,1,1,토
2022-01-01,5호선,하남시청(덕풍·신장),3074,2964,6038,110,1,1,토
2022-01-01,5호선,하남풍산,1684,1772,3456,-88,1,1,토
2022-01-01,5호선,미사,6848,6830,13678,18,1,1,토
2022-01-01,5호선,강일,1527,1558,3085,-31,1,1,토
2022-01-01,5호선,마천,2732,2942,5674,-210,1,1,토
2022-01-01,5호선,거여,3095,3109,6204,-14,1,1,토
2022-01-01,5호선,개롱,2085,2304,4389,-219,1,1,토
2022-01-01,5호선,오금,1080,1041,2121,39,1,1,토
2022-01-01,5호선,방이,2789,2757,5546,32,1,1,토
2022-01-01,5호선,올림픽공원(한국체대),2184,2150,4334,34,1,1,토
2022-01-01,5호선,둔촌동,3208,3233,6441,-25,1,1,토
2022-01-01,5호선,상일동,4982,4848,9830,134,1,1,토
2022-01-01,5호선,고덕,3515,3454,6969,61,1,1,토
2022-01-01,5호선,명일,3191,3429,6620,-238,1,1,토
2022-01-01,5호선,굽은다리(강동구민회관앞),4329,4090,8419,239,1,1,토
2022-01-01,5호선,길동,3397,3534,6931,-137,1,1,토
2022-01-01,5호선,강동,6644,6329,12973,315,1,1,토
2022-01-01,5호선,천호(풍납토성),9009,8308,17317,701,1,1,토
2022-01-01,5호선,광나루(장신대),5727,5762,11489,-35,1,1,토
2022-01-01,5호선,아차산(어린이대공원후문),9533,9281,18814,252,1,1,토
2022-01-01,5호선,군자(능동),4671,5286,9957,-615,1,1,토
2022-01-01,5호선,장한평,5610,5604,11214,6,1,1,토
2022-01-01,5호선,답십리,5872,5566,11438,306,1,1,토
2022-01-01,5호선,마장,2302,2166,4468,136,1,1,토
2022-01-01,5호선,왕십리(성동구청),2005,2381,4386,-376,1,1,토
2022-01-01,5호선,행당,2816,2563,5379,253,1,1,토
2022-01-01,5호선,신금호,2302,2414,4716,-112,1,1,토
2022-01-01,5호선,청구,1437,1325,2762,112,1,1,토
2022-01-01,5호선,동대문역사문화공원(DDP),672,778,1450,-106,1,1,토
2022-01-01,5호선,을지로4가,1163,1289,2452,-126,1,1,토
2022-01-01,5호선,종로3가,7197,6625,13822,572,1,1,토
2022-01-01,5호선,광화문(세종문화회관),8245,7887,16132,358,1,1,토
2022-01-01,5호선,서대문,3995,3793,7788,202,1,1,토
2022-01-01,5호선,충정로(경기대입구),1029,980,2009,49,1,1,토
2022-01-01,5호선,애오개,1995,1911,3906,84,1,1,토
2022-01-01,5호선,공덕,3249,3303,6552,-54,1,1,토
2022-01-01,5호선,마포,3732,3718,7450,14,1,1,토
2022-01-01,5호선,여의나루,3296,3376,6672,-80,1,1,토
2022-01-01,5호선,여의도,4712,5120,9832,-408,1,1,토
2022-01-01,5호선,신길,1375,1483,2858,-108,1,1,토
2022-01-01,5호선,영등포시장,3730,3872,7602,-142,1,1,토
2022-01-01,5호선,영등포구청,986,907,1893,79,1,1,토
2022-01-01,5호선,양평,1828,1869,3697,-41,1,1,토
2022-01-01,5호선,오목교(목동운동장앞),7333,7737,15070,-404,1,1,토
2022-01-01,5호선,목동,5641,5864,11505,-223,1,1,토
2022-01-01,5호선,신정(은행정),4971,4549,9520,422,1,1,토
2022-01-01,5호선,까치산,12401,12296,24697,105,1,1,토
2022-01-01,5호선,화곡,11204,10584,21788,620,1,1,토
2022-01-01,5호선,우장산,4987,5287,10274,-300,1,1,토
2022-01-01,5호선,발산,7230,7644,14874,-414,1,1,토
2022-01-01,5호선,마곡,2606,2607,5213,-1,1,1,토
2022-01-01,5호선,송정,3160,2982,6142,178,1,1,토
2022-01-01,5호선,김포공항,5736,5212,10948,524,1,1,토
2022-01-01,5호선,개화산,2253,2366,4619,-113,1,1,토
2022-01-01,5호선,방화,2873,2870,5743,3,1,1,토
2022-01-01,4호선,쌍문,11661,11083,22744,578,1,1,토
2022-01-01,4호선,창동,11195,12193,23388,-998,1,1,토
2022-01-01,4호선,노원,9287,10239,19526,-952,1,1,토
2022-01-01,4호선,상계,8017,7693,15710,324,1,1,토
2022-01-01,4호선,당고개,5762,5674,11436,88,1,1,토
2022-01-01,4호선,남태령,437,372,809,65,1,1,토
2022-01-01,4호선,사당,10613,9321,19934,1292,1,1,토
2022-01-01,4호선,총신대입구(이수),7163,7857,15020,-694,1,1,토
2022-01-01,4호선,동작(현충원),766,802,1568,-36,1,1,토
2022-01-01,4호선,이촌(국립중앙박물관),2154,2461,4615,-307,1,1,토
2022-01-01,4호선,신용산,5930,6093,12023,-163,1,1,토
2022-01-01,4호선,삼각지,1657,2037,3694,-380,1,1,토
2022-01-01,2호선,충정로(경기대입구),2661,2761,5422,-100,1,1,토
2022-01-01,2호선,용답,1334,1385,2719,-51,1,1,토
2022-01-01,2호선,신답,512,551,1063,-39,1,1,토
2022-01-01,2호선,신설동,1801,1806,3607,-5,1,1,토
2022-01-01,2호선,도림천,332,348,680,-16,1,1,토
2022-01-01,2호선,양천구청,2299,2518,4817,-219,1,1,토
2022-01-01,2호선,신정네거리,3834,4073,7907,-239,1,1,토
2022-01-01,2호선,용두(동대문구청),889,882,1771,7,1,1,토
2022-01-01,3호선,지축,1580,1532,3112,48,1,1,토
2022-01-01,3호선,구파발,8761,9006,17767,-245,1,1,토
2022-01-01,3호선,연신내,16671,15993,32664,678,1,1,토
2022-01-01,3호선,불광,7261,8298,15559,-1037,1,1,토
2022-01-01,3호선,녹번,5319,4904,10223,415,1,1,토
2022-01-01,3호선,홍제,7002,6640,13642,362,1,1,토
2022-01-01,3호선,무악재,1416,1550,2966,-134,1,1,토
2022-01-01,3호선,독립문,3120,3377,6497,-257,1,1,토
2022-01-01,3호선,경복궁(정부서울청사),7916,8217,16133,-301,1,1,토
2022-01-01,3호선,안국,6901,7218,14119,-317,1,1,토
2022-01-01,3호선,종로3가,3034,4181,7215,-1147,1,1,토
2022-01-01,3호선,을지로3가,2345,2163,4508,182,1,1,토
2022-01-01,3호선,동대입구,3319,3865,7184,-546,1,1,토
2022-01-01,3호선,약수,4669,4528,9197,141,1,1,토
2022-01-01,3호선,금호,2920,2819,5739,101,1,1,토
2022-01-01,3호선,옥수,3543,3641,7184,-98,1,1,토
2022-01-01,3호선,압구정,7726,7982,15708,-256,1,1,토
2022-01-01,3호선,신사,9269,9133,18402,136,1,1,토
2022-01-01,3호선,잠원,1488,1587,3075,-99,1,1,토
2022-01-01,3호선,고속터미널,21392,21318,42710,74,1,1,토
2022-01-01,3호선,교대(법원.검찰청),2419,1533,3952,886,1,1,토
2022-01-01,3호선,남부터미널(예술의전당),8813,8988,17801,-175,1,1,토
2022-01-01,3호선,양재(서초구청),8646,9105,17751,-459,1,1,토
2022-01-01,3호선,매봉,2829,2774,5603,55,1,1,토
2022-01-01,3호선,도곡,1330,1263,2593,67,1,1,토
2022-01-01,3호선,대치,4906,5067,9973,-161,1,1,토
2022-01-01,4호선,숙대입구(갈월),4439,4172,8611,267,1,1,토
2022-01-01,4호선,서울역,3123,6657,9780,-3534,1,1,토
2022-01-01,4호선,회현(남대문시장),6552,7068,13620,-516,1,1,토
2022-01-01,4호선,명동,12174,12386,24560,-212,1,1,토
2022-01-01,4호선,충무로,6117,5834,11951,283,1,1,토
2022-01-01,4호선,동대문역사문화공원(DDP),6641,5631,12272,1010,1,1,토
2022-01-01,4호선,동대문,4370,4250,8620,120,1,1,토
2022-01-01,4호선,혜화,16405,16577,32982,-172,1,1,토
2022-01-01,4호선,한성대입구(삼선교),5709,5507,11216,202,1,1,토
2022-01-01,4호선,성신여대입구(돈암),9522,9234,18756,288,1,1,토
2022-01-01,4호선,길음,7240,7189,14429,51,1,1,토
2022-01-01,4호선,미아사거리,11557,11381,22938,176,1,1,토
2022-01-01,4호선,미아(서울사이버대학),5820,5523,11343,297,1,1,토
2022-01-01,4호선,수유(강북구청),15534,15487,31021,47,1,1,토
2022-01-01,3호선,오금,1789,1782,3571,7,1,1,토
2022-01-01,3호선,경찰병원,2071,2017,4088,54,1,1,토
2022-01-01,3호선,가락시장,2769,2734,5503,35,1,1,토
2022-01-02,4호선,노원,10630,11595,22225,-965,1,2,일
2022-01-02,2호선,시청,4292,3507,7799,785,1,2,일
2022-01-02,1호선,청량리(서울시립대입구),10719,10816,21535,-97,1,2,일
2022-01-02,1호선,제기동,7793,8559,16352,-766,1,2,일
2022-01-02,1호선,신설동,5989,6218,12207,-229,1,2,일
2022-01-02,1호선,종로5가,7065,7156,14221,-91,1,2,일
2022-01-02,1호선,종로3가,11357,10036,21393,1321,1,2,일
2022-01-02,1호선,종각,10056,8862,18918,1194,1,2,일
2022-01-02,1호선,시청,5933,5744,11677,189,1,2,일
2022-01-02,1호선,동묘앞,10028,10292,20320,-264,1,2,일
2022-01-02,1호선,서울역,26464,20031,46495,6433,1,2,일
2022-01-02,8호선,신흥,2385,2611,4996,-226,1,2,일
2022-01-02,1호선,동대문,7925,7654,15579,271,1,2,일
2022-01-02,중앙선,지평,36,22,58,14,1,2,일
2022-01-02,중앙선,용문,1489,1064,2553,425,1,2,일
2022-01-02,중앙선,원덕,266,200,466,66,1,2,일
2022-01-02,중앙선,양평,1772,1522,3294,250,1,2,일
2022-01-02,중앙선,오빈,176,147,323,29,1,2,일
2022-01-02,중앙선,아신,362,320,682,42,1,2,일
2022-01-02,중앙선,국수,418,329,747,89,1,2,일
2022-01-02,중앙선,신원,137,103,240,34,1,2,일
2022-01-02,중앙선,양수,1210,1140,2350,70,1,2,일
2022-01-02,중앙선,운길산,656,589,1245,67,1,2,일
2022-01-02,중앙선,팔당,909,949,1858,-40,1,2,일
2022-01-02,중앙선,도심,1013,881,1894,132,1,2,일
2022-01-02,중앙선,덕소,2794,2753,5547,41,1,2,일
2022-01-02,중앙선,양정,345,287,632,58,1,2,일
2022-01-02,중앙선,도농,4316,4257,8573,59,1,2,일
2022-01-02,중앙선,구리,6322,6649,12971,-327,1,2,일
2022-01-02,중앙선,양원,805,821,1626,-16,1,2,일
2022-01-02,중앙선,망우,3998,4088,8086,-90,1,2,일
2022-01-02,중앙선,상봉(시외버스터미널),3269,3309,6578,-40,1,2,일
2022-01-02,중앙선,중랑,2812,2804,5616,8,1,2,일
2022-01-02,중앙선,회기,11714,12684,24398,-970,1,2,일
2022-01-02,장항선,신창(순천향대),709,864,1573,-155,1,2,일
2022-01-02,장항선,온양온천,2973,2960,5933,13,1,2,일
2022-01-02,장항선,배방,634,706,1340,-72,1,2,일
2022-01-02,장항선,탕정,229,282,511,-53,1,2,일
2022-01-02,장항선,아산,3102,1797,4899,1305,1,2,일
2022-01-02,장항선,쌍용(나사렛대),1021,983,2004,38,1,2,일
2022-01-02,장항선,봉명,439,443,882,-4,1,2,일
2022-01-02,일산선,대화,5218,4771,9989,447,1,2,일
2022-01-02,일산선,주엽,3930,3869,7799,61,1,2,일
2022-01-02,일산선,정발산,4426,4484,8910,-58,1,2,일
2022-01-02,일산선,마두,2848,2806,5654,42,1,2,일
2022-01-02,일산선,백석,4966,4906,9872,60,1,2,일
2022-01-02,일산선,대곡,795,635,1430,160,1,2,일
2022-01-02,일산선,화정,8254,8554,16808,-300,1,2,일
2022-01-02,일산선,원당,5141,5017,10158,124,1,2,일
2022-01-02,일산선,삼송,9297,9094,18391,203,1,2,일
2022-01-02,일산선,지축,1,0,1,1,1,2,일
2022-01-02,일산선,원흥,4529,4442,8971,87,1,2,일
2022-01-02,우이신설선,신설동,1028,957,1985,71,1,2,일
2022-01-02,우이신설선,보문,810,823,1633,-13,1,2,일
2022-01-02,우이신설선,성신여대입구(돈암),2015,2262,4277,-247,1,2,일
2022-01-02,우이신설선,정릉,2259,2013,4272,246,1,2,일
2022-01-02,우이신설선,북한산보국문,3071,2933,6004,138,1,2,일
2022-01-02,우이신설선,솔샘,2444,2286,4730,158,1,2,일
2022-01-02,우이신설선,삼양사거리,1294,1316,2610,-22,1,2,일
2022-01-02,우이신설선,삼양,1053,1049,2102,4,1,2,일
2022-01-02,우이신설선,화계,1813,1727,3540,86,1,2,일
2022-01-02,우이신설선,가오리,2048,1952,4000,96,1,2,일
2022-01-02,우이신설선,4.19민주묘지,1617,1422,3039,195,1,2,일
2022-01-02,우이신설선,솔밭공원,1250,1206,2456,44,1,2,일
2022-01-02,우이신설선,북한산우이,2398,2469,4867,-71,1,2,일
2022-01-02,안산선,수리산,1707,1701,3408,6,1,2,일
2022-01-02,안산선,오이도,4978,4911,9889,67,1,2,일
2022-01-02,안산선,정왕,4372,4918,9290,-546,1,2,일
2022-01-02,안산선,신길온천,991,896,1887,95,1,2,일
2022-01-02,안산선,안산,8478,7527,16005,951,1,2,일
2022-01-02,안산선,초지,2001,1852,3853,149,1,2,일
2022-01-02,안산선,고잔,3616,3179,6795,437,1,2,일
2022-01-02,안산선,중앙,10335,9847,20182,488,1,2,일
2022-01-02,안산선,한대앞,4433,4229,8662,204,1,2,일
2022-01-02,안산선,상록수,7844,7605,15449,239,1,2,일
2022-01-02,안산선,반월,2035,2075,4110,-40,1,2,일
2022-01-02,안산선,대야미,2394,2096,4490,298,1,2,일
2022-01-02,안산선,산본,7632,6913,14545,719,1,2,일
2022-01-02,수인선,인천,940,1350,2290,-410,1,2,일
2022-01-02,수인선,신포,1032,987,2019,45,1,2,일
2022-01-02,수인선,숭의,1781,1633,3414,148,1,2,일
2022-01-02,수인선,인하대,2630,2609,5239,21,1,2,일
2022-01-02,수인선,송도,1304,1315,2619,-11,1,2,일
2022-01-02,수인선,연수,2541,2502,5043,39,1,2,일
2022-01-02,수인선,원인재,2575,2693,5268,-118,1,2,일
2022-01-02,수인선,남동인더스파크,414,466,880,-52,1,2,일
2022-01-02,수인선,호구포,1681,1755,3436,-74,1,2,일
2022-01-02,수인선,인천논현,2607,2802,5409,-195,1,2,일
2022-01-02,수인선,소래포구,3674,3507,7181,167,1,2,일
2022-01-02,수인선,월곶,1497,1459,2956,38,1,2,일
2022-01-02,수인선,달월,33,36,69,-3,1,2,일
2022-01-02,수인선,사리,2336,1876,4212,460,1,2,일
2022-01-02,수인선,야목,173,144,317,29,1,2,일
2022-01-02,수인선,어천,404,549,953,-145,1,2,일
2022-01-02,수인선,오목천,1263,1354,2617,-91,1,2,일
2022-01-02,수인선,고색,1479,1583,3062,-104,1,2,일
2022-01-02,분당선,매교,1181,1214,2395,-33,1,2,일
2022-01-02,분당선,수원시청,6127,6320,12447,-193,1,2,일
2022-01-02,분당선,매탄권선,2188,2179,4367,9,1,2,일
2022-01-02,분당선,망포,5471,6140,11611,-669,1,2,일
2022-01-02,분당선,영통,4147,4351,8498,-204,1,2,일
2022-01-02,분당선,청명,1723,1753,3476,-30,1,2,일
2022-01-02,분당선,상갈,2507,2595,5102,-88,1,2,일
2022-01-02,분당선,기흥,4334,4047,8381,287,1,2,일
2022-01-02,분당선,신갈,1669,1739,3408,-70,1,2,일
2022-01-02,분당선,구성,2122,2214,4336,-92,1,2,일
2022-01-02,분당선,죽전,7083,8152,15235,-1069,1,2,일
2022-01-02,분당선,보정,1000,965,1965,35,1,2,일
2022-01-02,분당선,이매,2819,2981,5800,-162,1,2,일
2022-01-02,분당선,오리,4600,4018,8618,582,1,2,일
2022-01-02,분당선,미금,6679,7192,13871,-513,1,2,일
2022-01-02,분당선,정자,6446,6937,13383,-491,1,2,일
2022-01-02,분당선,수내,5245,5244,10489,1,1,2,일
2022-01-02,분당선,서현,13629,13575,27204,54,1,2,일
2022-01-02,분당선,야탑,12108,11987,24095,121,1,2,일
2022-01-02,분당선,모란,9397,9996,19393,-599,1,2,일
2022-01-02,분당선,태평,6910,6727,13637,183,1,2,일
2022-01-02,분당선,가천대,2683,3491,6174,-808,1,2,일
2022-01-02,분당선,선정릉,1515,1666,3181,-151,1,2,일
2022-01-02,분당선,강남구청,2477,2897,5374,-420,1,2,일
2022-01-02,분당선,압구정로데오,8748,9297,18045,-549,1,2,일
2022-01-02,분당선,서울숲,3821,3894,7715,-73,1,2,일
2022-01-02,분당선,수원,5264,4461,9725,803,1,2,일
2022-01-02,분당선,수서,8247,6553,14800,1694,1,2,일
2022-01-02,분당선,대모산입구,1722,1658,3380,64,1,2,일
2022-01-02,분당선,개포동,1563,1573,3136,-10,1,2,일
2022-01-02,분당선,구룡,593,726,1319,-133,1,2,일
2022-01-02,분당선,도곡,2245,2214,4459,31,1,2,일
2022-01-02,분당선,한티,7690,7513,15203,177,1,2,일
2022-01-02,분당선,선릉,2172,3237,5409,-1065,1,2,일
2022-01-02,과천선,범계,12791,12319,25110,472,1,2,일
2022-01-02,과천선,평촌,5144,5031,10175,113,1,2,일
2022-01-02,과천선,인덕원,9002,9295,18297,-293,1,2,일
2022-01-02,과천선,정부과천청사,3476,3691,7167,-215,1,2,일
2022-01-02,과천선,과천,2880,2769,5649,111,1,2,일
2022-01-02,과천선,대공원,2675,2790,5465,-115,1,2,일
2022-01-02,과천선,경마공원,560,521,1081,39,1,2,일
2022-01-02,과천선,선바위,2868,2681,5549,187,1,2,일
2022-01-02,공항철도 1호선,영종,2032,1896,3928,136,1,2,일
2022-01-02,공항철도 1호선,인천공항2터미널,1791,1714,3505,77,1,2,일
2022-01-02,공항철도 1호선,인천공항1터미널,3129,3391,6520,-262,1,2,일
2022-01-02,공항철도 1호선,공항화물청사,887,926,1813,-39,1,2,일
2022-01-02,공항철도 1호선,운서,4037,4513,8550,-476,1,2,일
2022-01-02,공항철도 1호선,청라국제도시,2640,2440,5080,200,1,2,일
2022-01-02,공항철도 1호선,검암,3023,2966,5989,57,1,2,일
2022-01-02,공항철도 1호선,계양,4421,4159,8580,262,1,2,일
2022-01-02,공항철도 1호선,김포공항,10988,5498,16486,5490,1,2,일
2022-01-02,공항철도 1호선,마곡나루(서울식물원),1673,1976,3649,-303,1,2,일
2022-01-02,공항철도 1호선,디지털미디어시티,2741,2965,5706,-224,1,2,일
2022-01-02,공항철도 1호선,홍대입구,8011,7906,15917,105,1,2,일
2022-01-02,공항철도 1호선,공덕,933,1293,2226,-360,1,2,일
2022-01-02,공항철도 1호선,서울역,7609,5335,12944,2274,1,2,일
2022-01-02,경춘선,춘천,1174,952,2126,222,1,2,일
2022-01-02,경춘선,남춘천,2315,2209,4524,106,1,2,일
2022-01-02,경춘선,김유정,292,243,535,49,1,2,일
2022-01-02,경춘선,강촌,409,343,752,66,1,2,일
2022-01-02,경춘선,백양리,234,167,401,67,1,2,일
2022-01-02,경춘선,굴봉산,120,164,284,-44,1,2,일
2022-01-02,경춘선,가평,1277,955,2232,322,1,2,일
2022-01-02,경춘선,상천,256,182,438,74,1,2,일
2022-01-02,경춘선,청평,1144,966,2110,178,1,2,일
2022-01-02,경춘선,대성리,359,239,598,120,1,2,일
2022-01-02,경춘선,마석,1994,1943,3937,51,1,2,일
2022-01-02,경춘선,천마산,927,917,1844,10,1,2,일
2022-01-02,경춘선,평내호평,2856,2644,5500,212,1,2,일
2022-01-02,경춘선,금곡,704,667,1371,37,1,2,일
2022-01-02,경춘선,사릉,1329,1356,2685,-27,1,2,일
2022-01-02,경춘선,퇴계원,1729,1499,3228,230,1,2,일
2022-01-02,경춘선,별내,1547,1514,3061,33,1,2,일
2022-01-02,경춘선,갈매,1167,1047,2214,120,1,2,일
2022-01-02,경춘선,신내,715,735,1450,-20,1,2,일
2022-01-02,경인선,도화,2108,1959,4067,149,1,2,일
2022-01-02,경인선,중동,4264,3989,8253,275,1,2,일
2022-01-02,경인선,온수(성공회대입구),3014,2883,5897,131,1,2,일
2022-01-02,경인선,도원,1322,1328,2650,-6,1,2,일
2022-01-02,경인선,간석,2806,2670,5476,136,1,2,일
2022-01-02,경인선,부개,4052,3840,7892,212,1,2,일
2022-01-02,경인선,소사,4246,3986,8232,260,1,2,일
2022-01-02,경인선,구일,2605,2624,5229,-19,1,2,일
2022-01-02,경인선,인천,3053,2451,5504,602,1,2,일
2022-01-02,경인선,동인천,8117,7665,15782,452,1,2,일
2022-01-02,경인선,제물포,4641,4373,9014,268,1,2,일
2022-01-02,경인선,주안,9878,8635,18513,1243,1,2,일
2022-01-02,경인선,동암,8331,8074,16405,257,1,2,일
2022-01-02,경인선,백운,3332,3209,6541,123,1,2,일
2022-01-02,경인선,부평,20403,20198,40601,205,1,2,일
2022-01-02,경인선,송내,10961,10437,21398,524,1,2,일
2022-01-02,경인선,부천,19755,19126,38881,629,1,2,일
2022-01-02,경인선,역곡,12503,12243,24746,260,1,2,일
2022-01-02,경인선,오류동,6108,5888,11996,220,1,2,일
2022-01-02,경인선,개봉,9742,9885,19627,-143,1,2,일
2022-01-02,경의선,임진강,43,58,101,-15,1,2,일
2022-01-02,경의선,문산,3095,3127,6222,-32,1,2,일
2022-01-02,경의선,파주,568,425,993,143,1,2,일
2022-01-02,경의선,월롱,751,1798,2549,-1047,1,2,일
2022-01-02,경의선,금촌,3528,3759,7287,-231,1,2,일
2022-01-02,경의선,금릉,2504,2506,5010,-2,1,2,일
2022-01-02,경의선,운정,3145,3025,6170,120,1,2,일
2022-01-02,경의선,야당,4161,3933,8094,228,1,2,일
2022-01-02,경의선,탄현,3666,3353,7019,313,1,2,일
2022-01-02,경의선,일산,4011,3628,7639,383,1,2,일
2022-01-02,경의선,풍산,3052,2770,5822,282,1,2,일
2022-01-02,경의선,백마,2891,2756,5647,135,1,2,일
2022-01-02,경의선,곡산,240,223,463,17,1,2,일
2022-01-02,경의선,능곡,1805,1781,3586,24,1,2,일
2022-01-02,경의선,행신,3825,3389,7214,436,1,2,일
2022-01-02,경의선,강매,1278,1206,2484,72,1,2,일
2022-01-02,경의선,화전,559,605,1164,-46,1,2,일
2022-01-02,경의선,수색,701,831,1532,-130,1,2,일
2022-01-02,경의선,디지털미디어시티,1088,1035,2123,53,1,2,일
2022-01-02,경의선,가좌,2182,2313,4495,-131,1,2,일
2022-01-02,경의선,홍대입구,1329,1653,2982,-324,1,2,일
2022-01-02,경의선,서강대,994,1113,2107,-119,1,2,일
2022-01-02,경의선,공덕,1261,1147,2408,114,1,2,일
2022-01-02,경의선,효창공원앞,1096,1301,2397,-205,1,2,일
2022-01-02,경의선,신촌,218,240,458,-22,1,2,일
2022-01-02,경의선,서울역,914,790,1704,124,1,2,일
2022-01-02,경원선,소요산,2820,2301,5121,519,1,2,일
2022-01-02,경원선,동두천,1068,1252,2320,-184,1,2,일
2022-01-02,경원선,보산,980,1151,2131,-171,1,2,일
2022-01-02,경원선,동두천중앙,1754,1608,3362,146,1,2,일
2022-01-02,경원선,지행,3703,3680,7383,23,1,2,일
2022-01-02,경원선,덕정,2802,3050,5852,-248,1,2,일
2022-01-02,경원선,덕계,1496,1361,2857,135,1,2,일
2022-01-02,경원선,양주,4171,4007,8178,164,1,2,일
2022-01-02,경원선,녹양,2261,2092,4353,169,1,2,일
2022-01-02,경원선,가능,3229,3049,6278,180,1,2,일
2022-01-02,경원선,의정부,12496,12549,25045,-53,1,2,일
2022-01-02,경원선,회룡,6390,6138,12528,252,1,2,일
2022-01-02,경원선,망월사,3655,3810,7465,-155,1,2,일
2022-01-02,경원선,도봉산,6606,4567,11173,2039,1,2,일
2022-01-02,경원선,도봉,2954,2799,5753,155,1,2,일
2022-01-02,경원선,방학,5070,4958,10028,112,1,2,일
2022-01-02,경원선,녹천,2185,1839,4024,346,1,2,일
2022-01-02,경원선,월계,3132,3031,6163,101,1,2,일
2022-01-02,경원선,광운대,3441,3578,7019,-137,1,2,일
2022-01-02,경원선,석계,4167,4521,8688,-354,1,2,일
2022-01-02,경원선,신이문,3898,3737,7635,161,1,2,일
2022-01-02,경원선,외대앞,3648,3950,7598,-302,1,2,일
2022-01-02,경원선,청량리(서울시립대입구),13206,10555,23761,2651,1,2,일
2022-01-02,경원선,왕십리(성동구청),8462,9540,18002,-1078,1,2,일
2022-01-02,경원선,응봉,824,797,1621,27,1,2,일
2022-01-02,경원선,옥수,74,17,91,57,1,2,일
2022-01-02,경원선,한남,1549,1559,3108,-10,1,2,일
2022-01-02,경원선,서빙고,1105,1194,2299,-89,1,2,일
2022-01-02,경원선,이촌(국립중앙박물관),1901,1506,3407,395,1,2,일
2022-01-02,경부선,광명,2595,1546,4141,1049,1,2,일
2022-01-02,경부선,서동탄,649,679,1328,-30,1,2,일
2022-01-02,경부선,당정,2616,2553,5169,63,1,2,일
2022-01-02,경부선,천안,5021,4792,9813,229,1,2,일
2022-01-02,경부선,두정,3286,3617,6903,-331,1,2,일
2022-01-02,경부선,직산,479,543,1022,-64,1,2,일
2022-01-02,경부선,성환,1798,2287,4085,-489,1,2,일
2022-01-02,경부선,평택,9807,10202,20009,-395,1,2,일
2022-01-02,경부선,평택지제,2340,2132,4472,208,1,2,일
2022-01-02,경부선,서정리,3595,5927,9522,-2332,1,2,일
2022-01-02,경부선,송탄,2976,3876,6852,-900,1,2,일
2022-01-02,경부선,진위,742,709,1451,33,1,2,일
2022-01-02,경부선,오산,6742,7507,14249,-765,1,2,일
2022-01-02,경부선,오산대,1728,1681,3409,47,1,2,일
2022-01-02,경부선,세마,1408,1381,2789,27,1,2,일
2022-01-02,경부선,병점,7829,8665,16494,-836,1,2,일
2022-01-02,경부선,세류,1703,1653,3356,50,1,2,일
2022-01-02,경부선,독산,4949,5259,10208,-310,1,2,일
2022-01-02,경부선,수원,30134,28307,58441,1827,1,2,일
2022-01-02,경부선,화서,3259,3126,6385,133,1,2,일
2022-01-02,경부선,성균관대,6249,6931,13180,-682,1,2,일
2022-01-02,경부선,의왕,3474,3592,7066,-118,1,2,일
2022-01-02,경부선,군포,2443,2453,4896,-10,1,2,일
2022-01-02,경부선,금정,11130,11646,22776,-516,1,2,일
2022-01-02,경부선,명학,2575,2598,5173,-23,1,2,일
2022-01-02,경부선,안양,11263,10822,22085,441,1,2,일
2022-01-02,경부선,관악,3757,3347,7104,410,1,2,일
2022-01-02,경부선,석수,4205,4071,8276,134,1,2,일
2022-01-02,경부선,금천구청,5324,5153,10477,171,1,2,일
2022-01-02,경부선,가산디지털단지,3867,5643,9510,-1776,1,2,일
2022-01-02,경부선,구로,7787,7701,15488,86,1,2,일
2022-01-02,경부선,신길,3700,3570,7270,130,1,2,일
2022-01-02,경부선,신도림,1692,1663,3355,29,1,2,일
2022-01-02,경부선,영등포,29293,28250,57543,1043,1,2,일
2022-01-02,경부선,대방,4796,5467,10263,-671,1,2,일
2022-01-02,경부선,노량진,4725,4806,9531,-81,1,2,일
2022-01-02,경부선,용산,31414,24205,55619,7209,1,2,일
2022-01-02,경부선,남영,3803,4235,8038,-432,1,2,일
2022-01-02,경부선,서울역,8276,1456,9732,6820,1,2,일
2022-01-02,경강선,여주,1918,1566,3484,352,1,2,일
2022-01-02,경강선,세종대왕릉,223,198,421,25,1,2,일
2022-01-02,경강선,부발,1652,2166,3818,-514,1,2,일
2022-01-02,경강선,이천,1957,2065,4022,-108,1,2,일
2022-01-02,경강선,신둔도예촌,817,710,1527,107,1,2,일
2022-01-02,경강선,곤지암,1333,1454,2787,-121,1,2,일
2022-01-02,경강선,초월,1415,1415,2830,0,1,2,일
2022-01-02,경강선,경기광주,3581,3390,6971,191,1,2,일
2022-01-02,경강선,삼동,918,922,1840,-4,1,2,일
2022-01-02,경강선,이매,563,449,1012,114,1,2,일
2022-01-02,경강선,판교,2469,2330,4799,139,1,2,일
2022-01-02,9호선2~3단계,중앙보훈병원,2746,2709,5455,37,1,2,일
2022-01-02,9호선2~3단계,둔촌오륜,350,392,742,-42,1,2,일
2022-01-02,9호선2~3단계,올림픽공원(한국체대),4392,4333,8725,59,1,2,일
2022-01-02,9호선2~3단계,한성백제,1049,1079,2128,-30,1,2,일
2022-01-02,9호선2~3단계,송파나루,2618,2984,5602,-366,1,2,일
2022-01-02,9호선2~3단계,석촌,3756,3520,7276,236,1,2,일
2022-01-02,9호선2~3단계,석촌고분,2520,2735,5255,-215,1,2,일
2022-01-02,9호선2~3단계,삼전,2926,3136,6062,-210,1,2,일
2022-01-02,9호선2~3단계,종합운동장,1651,1751,3402,-100,1,2,일
2022-01-02,9호선2~3단계,봉은사,5861,6141,12002,-280,1,2,일
2022-01-02,9호선2~3단계,삼성중앙,1491,1670,3161,-179,1,2,일
2022-01-02,9호선2~3단계,선정릉,2156,2523,4679,-367,1,2,일
2022-01-02,9호선2~3단계,언주,2613,2890,5503,-277,1,2,일
2022-01-02,9호선,신논현,13234,12492,25726,742,1,2,일
2022-01-02,9호선,사평,1353,1448,2801,-95,1,2,일
2022-01-02,9호선,고속터미널,9114,10548,19662,-1434,1,2,일
2022-01-02,9호선,신반포,1328,1321,2649,7,1,2,일
2022-01-02,9호선,구반포,471,462,933,9,1,2,일
2022-01-02,9호선,동작(현충원),1006,830,1836,176,1,2,일
2022-01-02,9호선,흑석(중앙대입구),3220,3460,6680,-240,1,2,일
2022-01-02,9호선,노들,2110,1966,4076,144,1,2,일
2022-01-02,9호선,노량진,11771,13531,25302,-1760,1,2,일
2022-01-02,9호선,샛강,1347,1380,2727,-33,1,2,일
2022-01-02,9호선,여의도,7506,6835,14341,671,1,2,일
2022-01-02,9호선,국회의사당,3731,3447,7178,284,1,2,일
2022-01-02,9호선,당산,6893,7440,14333,-547,1,2,일
2022-01-02,9호선,선유도,2131,2391,4522,-260,1,2,일
2022-01-02,9호선,신목동,1427,1327,2754,100,1,2,일
2022-01-02,9호선,염창,6847,7311,14158,-464,1,2,일
2022-01-02,9호선,등촌,4364,4656,9020,-292,1,2,일
2022-01-02,9호선,증미,2648,2964,5612,-316,1,2,일
2022-01-02,9호선,가양,8201,8663,16864,-462,1,2,일
2022-01-02,9호선,양천향교,3297,3844,7141,-547,1,2,일
2022-01-02,9호선,마곡나루(서울식물원),4081,4380,8461,-299,1,2,일
2022-01-02,9호선,신방화,3021,3038,6059,-17,1,2,일
2022-01-02,9호선,공항시장,1523,1707,3230,-184,1,2,일
2022-01-02,9호선,김포공항,7550,9801,17351,-2251,1,2,일
2022-01-02,9호선,개화,808,790,1598,18,1,2,일
2022-01-02,8호선,남위례,1560,1796,3356,-236,1,2,일
2022-01-02,8호선,모란,2400,1983,4383,417,1,2,일
2022-01-02,8호선,수진,2671,2496,5167,175,1,2,일
2022-01-02,8호선,단대오거리,4737,4721,9458,16,1,2,일
2022-01-02,8호선,남한산성입구(성남법원.검찰청),5625,5333,10958,292,1,2,일
2022-01-02,8호선,산성,2646,2693,5339,-47,1,2,일
2022-01-02,8호선,복정,3633,3498,7131,135,1,2,일
2022-01-02,8호선,장지,8000,8381,16381,-381,1,2,일
2022-01-02,8호선,문정,3765,4409,8174,-644,1,2,일
2022-01-02,8호선,가락시장,2587,3313,5900,-726,1,2,일
2022-01-02,8호선,송파,3028,3320,6348,-292,1,2,일
2022-01-02,8호선,석촌,3587,4643,8230,-1056,1,2,일
2022-01-02,8호선,잠실(송파구청),9634,10188,19822,-554,1,2,일
2022-01-02,8호선,몽촌토성(평화의문),2790,2862,5652,-72,1,2,일
2022-01-02,8호선,강동구청,3987,4302,8289,-315,1,2,일
2022-01-02,8호선,천호(풍납토성),7651,9029,16680,-1378,1,2,일
2022-01-02,8호선,암사,7687,7350,15037,337,1,2,일
2022-01-02,7호선,굴포천,1,0,1,1,1,2,일
2022-01-02,7호선,부천시청,1,0,1,1,1,2,일
2022-01-02,7호선,까치울,1,0,1,1,1,2,일
2022-01-02,7호선,온수(성공회대입구),3305,3365,6670,-60,1,2,일
2022-01-02,7호선,천왕,4108,4039,8147,69,1,2,일
2022-01-02,7호선,광명사거리,10840,10749,21589,91,1,2,일
2022-01-02,7호선,철산,8706,8737,17443,-31,1,2,일
2022-01-02,7호선,가산디지털단지,8629,8532,17161,97,1,2,일
2022-01-02,7호선,남구로,5838,5661,11499,177,1,2,일
2022-01-02,7호선,대림(구로구청),5775,5368,11143,407,1,2,일
2022-01-02,7호선,신풍,5060,4829,9889,231,1,2,일
2022-01-02,7호선,보라매,3405,3602,7007,-197,1,2,일
2022-01-02,7호선,신대방삼거리,6506,6960,13466,-454,1,2,일
2022-01-02,7호선,장승배기,3975,4120,8095,-145,1,2,일
2022-01-02,7호선,상도,4128,4563,8691,-435,1,2,일
2022-01-02,7호선,숭실대입구(살피재),4473,5149,9622,-676,1,2,일
2022-01-02,7호선,남성,4508,4810,9318,-302,1,2,일
2022-01-02,7호선,이수,7063,6924,13987,139,1,2,일
2022-01-02,7호선,내방,4272,4591,8863,-319,1,2,일
2022-01-02,7호선,고속터미널,12940,6335,19275,6605,1,2,일
2022-01-02,7호선,반포,2481,2420,4901,61,1,2,일
2022-01-02,7호선,논현,4758,5343,10101,-585,1,2,일
2022-01-02,7호선,학동,4269,4686,8955,-417,1,2,일
2022-01-02,7호선,강남구청,3931,4294,8225,-363,1,2,일
2022-01-02,7호선,청담,4852,5229,10081,-377,1,2,일
2022-01-02,7호선,뚝섬유원지,3615,3566,7181,49,1,2,일
2022-01-02,7호선,건대입구,7000,7162,14162,-162,1,2,일
2022-01-02,7호선,어린이대공원(세종대),5046,5635,10681,-589,1,2,일
2022-01-02,7호선,군자(능동),6208,5331,11539,877,1,2,일
2022-01-02,7호선,중곡,4591,4530,9121,61,1,2,일
2022-01-02,7호선,용마산(용마폭포공원),2638,3061,5699,-423,1,2,일
2022-01-02,7호선,사가정,7612,7553,15165,59,1,2,일
2022-01-02,7호선,면목,6861,6848,13709,13,1,2,일
2022-01-02,7호선,상봉(시외버스터미널),8021,7896,15917,125,1,2,일
2022-01-02,7호선,중화,4689,4718,9407,-29,1,2,일
2022-01-02,7호선,먹골,4637,4420,9057,217,1,2,일
2022-01-02,7호선,태릉입구,3813,3629,7442,184,1,2,일
2022-01-02,7호선,공릉(서울과학기술대),5330,5721,11051,-391,1,2,일
2022-01-02,7호선,하계,7642,7262,14904,380,1,2,일
2022-01-02,7호선,중계,5599,5357,10956,242,1,2,일
2022-01-02,7호선,노원,10362,10194,20556,168,1,2,일
2022-01-02,7호선,마들,4913,4847,9760,66,1,2,일
2022-01-02,7호선,수락산,6744,6582,13326,162,1,2,일
2022-01-02,7호선,도봉산,4281,5950,10231,-1669,1,2,일
2022-01-02,7호선,장암,931,556,1487,375,1,2,일
2022-01-02,6호선,봉화산(서울의료원),3366,3339,6705,27,1,2,일
2022-01-02,6호선,화랑대(서울여대입구),4146,3548,7694,598,1,2,일
2022-01-02,6호선,태릉입구,2554,2678,5232,-124,1,2,일
2022-01-02,6호선,석계,5373,5513,10886,-140,1,2,일
2022-01-02,6호선,돌곶이,4200,4174,8374,26,1,2,일
2022-01-02,6호선,상월곡(한국과학기술연구원),2565,2421,4986,144,1,2,일
2022-01-02,6호선,월곡(동덕여대),4455,4723,9178,-268,1,2,일
2022-01-02,6호선,고려대(종암),3120,3291,6411,-171,1,2,일
2022-01-02,6호선,안암(고대병원앞),3458,4006,7464,-548,1,2,일
2022-01-02,6호선,보문,3177,3249,6426,-72,1,2,일
2022-01-02,6호선,창신,1373,1290,2663,83,1,2,일
2022-01-02,6호선,동묘앞,4739,4619,9358,120,1,2,일
2022-01-02,6호선,신당,3218,3066,6284,152,1,2,일
2022-01-02,6호선,청구,1380,1370,2750,10,1,2,일
2022-01-02,6호선,약수,1382,1418,2800,-36,1,2,일
2022-01-02,6호선,버티고개,809,986,1795,-177,1,2,일
2022-01-02,6호선,한강진,4733,5372,10105,-639,1,2,일
2022-01-02,6호선,이태원,7271,6801,14072,470,1,2,일
2022-01-02,6호선,녹사평(용산구청),2831,2791,5622,40,1,2,일
2022-01-02,6호선,삼각지,2536,2135,4671,401,1,2,일
2022-01-02,6호선,효창공원앞,2712,2467,5179,245,1,2,일
2022-01-02,6호선,공덕,5531,5440,10971,91,1,2,일
2022-01-02,6호선,대흥(서강대앞),2953,3301,6254,-348,1,2,일
2022-01-02,6호선,광흥창(서강),3415,3501,6916,-86,1,2,일
2022-01-02,6호선,상수,4789,5742,10531,-953,1,2,일
2022-01-02,6호선,합정,7529,6658,14187,871,1,2,일
2022-01-02,6호선,망원,7652,8426,16078,-774,1,2,일
2022-01-02,6호선,마포구청,5788,5772,11560,16,1,2,일
2022-01-02,6호선,월드컵경기장(성산),2599,2599,5198,0,1,2,일
2022-01-02,6호선,디지털미디어시티,4125,4423,8548,-298,1,2,일
2022-01-02,6호선,증산(명지대앞),4621,4830,9451,-209,1,2,일
2022-01-02,6호선,새절(신사),5473,5506,10979,-33,1,2,일
2022-01-02,6호선,구산,3210,2523,5733,687,1,2,일
2022-01-02,6호선,독바위,1230,1526,2756,-296,1,2,일
2022-01-02,6호선,불광,2574,2272,4846,302,1,2,일
2022-01-02,6호선,역촌,1735,2022,3757,-287,1,2,일
2022-01-02,6호선,응암,7938,8201,16139,-263,1,2,일
2022-01-02,5호선,하남검단산,3779,3697,7476,82,1,2,일
2022-01-02,5호선,하남시청(덕풍·신장),3379,3183,6562,196,1,2,일
2022-01-02,5호선,하남풍산,1777,1910,3687,-133,1,2,일
2022-01-02,5호선,미사,7374,7698,15072,-324,1,2,일
2022-01-02,5호선,강일,1711,1693,3404,18,1,2,일
2022-01-02,5호선,마천,2957,3137,6094,-180,1,2,일
2022-01-02,5호선,거여,3498,3420,6918,78,1,2,일
2022-01-02,5호선,개롱,2464,2753,5217,-289,1,2,일
2022-01-02,5호선,오금,1233,1225,2458,8,1,2,일
2022-01-02,5호선,방이,3319,3278,6597,41,1,2,일
2022-01-02,5호선,올림픽공원(한국체대),2184,1984,4168,200,1,2,일
2022-01-02,5호선,둔촌동,3975,4068,8043,-93,1,2,일
2022-01-02,5호선,상일동,5747,5574,11321,173,1,2,일
2022-01-02,5호선,고덕,3760,3853,7613,-93,1,2,일
2022-01-02,5호선,명일,4168,4373,8541,-205,1,2,일
2022-01-02,5호선,굽은다리(강동구민회관앞),4832,4654,9486,178,1,2,일
2022-01-02,5호선,길동,3642,3824,7466,-182,1,2,일
2022-01-02,5호선,강동,7051,7495,14546,-444,1,2,일
2022-01-02,5호선,천호(풍납토성),11082,10250,21332,832,1,2,일
2022-01-02,5호선,광나루(장신대),6287,6123,12410,164,1,2,일
2022-01-02,5호선,아차산(어린이대공원후문),8733,8893,17626,-160,1,2,일
2022-01-02,5호선,군자(능동),5014,5587,10601,-573,1,2,일
2022-01-02,5호선,장한평,6526,7026,13552,-500,1,2,일
2022-01-02,5호선,답십리,6445,6300,12745,145,1,2,일
2022-01-02,5호선,마장,2334,2271,4605,63,1,2,일
2022-01-02,5호선,왕십리(성동구청),2279,2650,4929,-371,1,2,일
2022-01-02,5호선,행당,3243,3039,6282,204,1,2,일
2022-01-02,5호선,신금호,2577,2888,5465,-311,1,2,일
2022-01-02,5호선,청구,1558,1378,2936,180,1,2,일
2022-01-02,5호선,동대문역사문화공원(DDP),667,781,1448,-114,1,2,일
2022-01-02,5호선,을지로4가,1127,1201,2328,-74,1,2,일
2022-01-02,5호선,종로3가,6867,6228,13095,639,1,2,일
2022-01-02,5호선,광화문(세종문화회관),8709,8581,17290,128,1,2,일
2022-01-02,5호선,서대문,4268,4308,8576,-40,1,2,일
2022-01-02,5호선,충정로(경기대입구),1170,1231,2401,-61,1,2,일
2022-01-02,5호선,애오개,2221,2318,4539,-97,1,2,일
2022-01-02,5호선,공덕,3612,3701,7313,-89,1,2,일
2022-01-02,5호선,마포,3830,4046,7876,-216,1,2,일
2022-01-02,5호선,여의나루,4297,5071,9368,-774,1,2,일
2022-01-02,5호선,여의도,6590,6657,13247,-67,1,2,일
2022-01-02,5호선,신길,1439,1871,3310,-432,1,2,일
2022-01-02,5호선,영등포시장,3770,4313,8083,-543,1,2,일
2022-01-02,5호선,영등포구청,1142,1214,2356,-72,1,2,일
2022-01-02,5호선,양평,2168,2434,4602,-266,1,2,일
2022-01-02,5호선,오목교(목동운동장앞),10065,10408,20473,-343,1,2,일
2022-01-02,5호선,목동,6407,6795,13202,-388,1,2,일
2022-01-02,5호선,신정(은행정),5395,5120,10515,275,1,2,일
2022-01-02,5호선,까치산,13229,13561,26790,-332,1,2,일
2022-01-02,5호선,화곡,12405,11732,24137,673,1,2,일
2022-01-02,5호선,우장산,5974,6091,12065,-117,1,2,일
2022-01-02,5호선,발산,7448,8020,15468,-572,1,2,일
2022-01-02,5호선,마곡,3030,3254,6284,-224,1,2,일
2022-01-02,5호선,송정,3175,3281,6456,-106,1,2,일
2022-01-02,5호선,김포공항,7284,6233,13517,1051,1,2,일
2022-01-02,5호선,개화산,2333,2414,4747,-81,1,2,일
2022-01-02,5호선,방화,3244,3285,6529,-41,1,2,일
2022-01-02,4호선,쌍문,13439,12423,25862,1016,1,2,일
2022-01-02,4호선,창동,12796,13175,25971,-379,1,2,일
2022-01-02,4호선,상계,8935,8228,17163,707,1,2,일
2022-01-02,4호선,당고개,6569,6249,12818,320,1,2,일
2022-01-02,4호선,남태령,510,430,940,80,1,2,일
2022-01-02,4호선,사당,11615,11338,22953,277,1,2,일
2022-01-02,4호선,총신대입구(이수),8233,9125,17358,-892,1,2,일
2022-01-02,4호선,동작(현충원),681,749,1430,-68,1,2,일
2022-01-02,4호선,이촌(국립중앙박물관),4012,4528,8540,-516,1,2,일
2022-01-02,4호선,신용산,7628,6981,14609,647,1,2,일
2022-01-02,4호선,삼각지,1974,2515,4489,-541,1,2,일
2022-01-02,4호선,숙대입구(갈월),5667,5564,11231,103,1,2,일
2022-01-02,4호선,서울역,3227,7255,10482,-4028,1,2,일
2022-01-02,4호선,회현(남대문시장),9036,9104,18140,-68,1,2,일
2022-01-02,4호선,명동,11202,11327,22529,-125,1,2,일
2022-01-02,4호선,충무로,6031,6199,12230,-168,1,2,일
2022-01-02,4호선,동대문역사문화공원(DDP),7350,6273,13623,1077,1,2,일
2022-01-02,4호선,동대문,5094,5173,10267,-79,1,2,일
2022-01-02,4호선,혜화,17491,18280,35771,-789,1,2,일
2022-01-02,4호선,한성대입구(삼선교),6097,6353,12450,-256,1,2,일
2022-01-02,4호선,성신여대입구(돈암),10387,10602,20989,-215,1,2,일
2022-01-02,4호선,길음,8502,8494,16996,8,1,2,일
2022-01-02,4호선,미아사거리,14176,13609,27785,567,1,2,일
2022-01-02,4호선,미아(서울사이버대학),6519,6499,13018,20,1,2,일
2022-01-02,4호선,수유(강북구청),16850,16612,33462,238,1,2,일
2022-01-02,3호선,오금,2220,2222,4442,-2,1,2,일
2022-01-02,3호선,경찰병원,2186,2420,4606,-234,1,2,일
2022-01-02,3호선,가락시장,3140,3412,6552,-272,1,2,일
2022-01-02,3호선,수서,9629,8463,18092,1166,1,2,일
2022-01-02,3호선,일원,2936,3181,6117,-245,1,2,일
2022-01-02,3호선,대청,3550,3577,7127,-27,1,2,일
2022-01-02,3호선,학여울,657,704,1361,-47,1,2,일
2022-01-02,3호선,대치,5248,4598,9846,650,1,2,일
2022-01-02,3호선,도곡,1612,1769,3381,-157,1,2,일
2022-01-02,3호선,매봉,3436,3470,6906,-34,1,2,일
2022-01-02,3호선,양재(서초구청),10604,12674,23278,-2070,1,2,일
2022-01-02,3호선,남부터미널(예술의전당),12278,11483,23761,795,1,2,일
2022-01-02,3호선,교대(법원.검찰청),3241,2139,5380,1102,1,2,일
2022-01-02,3호선,고속터미널,39814,30429,70243,9385,1,2,일
2022-01-02,3호선,잠원,1948,2075,4023,-127,1,2,일
2022-01-02,3호선,신사,11108,10958,22066,150,1,2,일
2022-01-02,3호선,압구정,11469,12084,23553,-615,1,2,일
2022-01-02,3호선,옥수,3919,4299,8218,-380,1,2,일
2022-01-02,3호선,금호,3556,3472,7028,84,1,2,일
2022-01-02,3호선,약수,5491,5522,11013,-31,1,2,일
2022-01-02,3호선,동대입구,4375,4970,9345,-595,1,2,일
2022-01-02,3호선,충무로,1,0,1,1,1,2,일
2022-01-02,3호선,을지로3가,2519,2382,4901,137,1,2,일
2022-01-02,3호선,종로3가,3043,3936,6979,-893,1,2,일
2022-01-02,3호선,안국,7682,8406,16088,-724,1,2,일
2022-01-02,3호선,경복궁(정부서울청사),8101,8467,16568,-366,1,2,일
2022-01-02,3호선,독립문,3143,3493,6636,-350,1,2,일
2022-01-02,3호선,무악재,1462,1663,3125,-201,1,2,일
2022-01-02,3호선,홍제,7597,7319,14916,278,1,2,일
2022-01-02,3호선,녹번,6065,5509,11574,556,1,2,일
2022-01-02,3호선,불광,8004,9452,17456,-1448,1,2,일
2022-01-02,3호선,연신내,18040,17330,35370,710,1,2,일
2022-01-02,3호선,구파발,9439,9582,19021,-143,1,2,일
2022-01-02,3호선,지축,1728,1656,3384,72,1,2,일
2022-01-02,2호선,용두(동대문구청),957,998,1955,-41,1,2,일
2022-01-02,2호선,신정네거리,4437,4479,8916,-42,1,2,일
2022-01-02,2호선,양천구청,2756,2825,5581,-69,1,2,일
2022-01-02,2호선,도림천,379,418,797,-39,1,2,일
2022-01-02,2호선,신설동,2298,2550,4848,-252,1,2,일
2022-01-02,2호선,신답,602,633,1235,-31,1,2,일
2022-01-02,2호선,용답,1387,1507,2894,-120,1,2,일
2022-01-02,2호선,충정로(경기대입구),2847,3021,5868,-174,1,2,일
2022-01-02,2호선,아현,4335,4418,8753,-83,1,2,일
2022-01-02,2호선,이대,5374,6263,11637,-889,1,2,일
2022-01-02,2호선,신촌,17755,17927,35682,-172,1,2,일
2022-01-02,2호선,홍대입구,39667,39606,79273,61,1,2,일
2022-01-02,2호선,합정,16022,16990,33012,-968,1,2,일
2022-01-02,2호선,당산,6727,7314,14041,-587,1,2,일
2022-01-02,2호선,영등포구청,6306,6771,13077,-465,1,2,일
2022-01-02,2호선,문래,5972,6236,12208,-264,1,2,일
2022-01-02,2호선,신도림,21220,21784,43004,-564,1,2,일
2022-01-02,2호선,대림(구로구청),11906,12223,24129,-317,1,2,일
2022-01-02,2호선,구로디지털단지,19473,20224,39697,-751,1,2,일
2022-01-02,2호선,신대방,12379,12956,25335,-577,1,2,일
2022-01-02,2호선,신림,30662,32909,63571,-2247,1,2,일
2022-01-02,2호선,봉천,9799,10421,20220,-622,1,2,일
2022-01-02,2호선,서울대입구(관악구청),21118,23761,44879,-2643,1,2,일
2022-01-02,2호선,낙성대(강감찬),12310,14112,26422,-1802,1,2,일
2022-01-02,2호선,사당,16722,18540,35262,-1818,1,2,일
2022-01-02,2호선,방배,5546,5866,11412,-320,1,2,일
2022-01-02,2호선,서초,9894,9108,19002,786,1,2,일
2022-01-02,2호선,교대(법원.검찰청),8357,9224,17581,-867,1,2,일
2022-01-02,2호선,강남,28851,27608,56459,1243,1,2,일
2022-01-02,2호선,역삼,9117,10127,19244,-1010,1,2,일
2022-01-02,2호선,선릉,9592,8449,18041,1143,1,2,일
2022-01-02,2호선,삼성(무역센터),17182,16571,33753,611,1,2,일
2022-01-02,2호선,종합운동장,4138,4560,8698,-422,1,2,일
2022-01-02,2호선,잠실새내,9297,9781,19078,-484,1,2,일
2022-01-02,2호선,잠실(송파구청),41857,38814,80671,3043,1,2,일
2022-01-02,2호선,잠실나루,4344,4411,8755,-67,1,2,일
2022-01-02,2호선,강변(동서울터미널),19839,16427,36266,3412,1,2,일
2022-01-02,2호선,구의(광진구청),9237,9886,19123,-649,1,2,일
2022-01-02,2호선,건대입구,22711,24285,46996,-1574,1,2,일
2022-01-02,2호선,성수,10290,11533,21823,-1243,1,2,일
2022-01-02,2호선,뚝섬,7108,7317,14425,-209,1,2,일
2022-01-02,2호선,한양대,1657,1862,3519,-205,1,2,일
2022-01-02,2호선,왕십리(성동구청),7469,7281,14750,188,1,2,일
2022-01-02,2호선,상왕십리,5766,6122,11888,-356,1,2,일
2022-01-02,2호선,신당,6697,7268,13965,-571,1,2,일
2022-01-02,2호선,동대문역사문화공원(DDP),6265,6923,13188,-658,1,2,일
2022-01-02,2호선,을지로4가,2417,2334,4751,83,1,2,일
2022-01-02,2호선,을지로3가,6412,6183,12595,229,1,2,일
2022-01-02,2호선,을지로입구,15144,14139,29283,1005,1,2,일
2022-01-03,수인선,사리,4127,3724,7851,403,1,3,월
2022-01-03,수인선,달월,93,50,143,43,1,3,월
2022-01-03,수인선,월곶,2303,2138,4441,165,1,3,월
2022-01-03,수인선,소래포구,4292,3950,8242,342,1,3,월
2022-01-03,수인선,인천논현,5040,5391,10431,-351,1,3,월
2022-01-03,수인선,호구포,3659,3909,7568,-250,1,3,월
2022-01-03,수인선,남동인더스파크,2077,2381,4458,-304,1,3,월
2022-01-03,수인선,원인재,4017,4254,8271,-237,1,3,월
2022-01-03,수인선,연수,3975,3941,7916,34,1,3,월
2022-01-03,수인선,송도,2161,2102,4263,59,1,3,월
2022-01-03,수인선,인하대,5187,4967,10154,220,1,3,월
2022-01-03,수인선,숭의,3824,3524,7348,300,1,3,월
2022-01-03,수인선,신포,1663,1627,3290,36,1,3,월
2022-01-03,수인선,인천,921,1523,2444,-602,1,3,월
2022-01-03,안산선,산본,14762,15838,30600,-1076,1,3,월
2022-01-03,안산선,대야미,4588,4228,8816,360,1,3,월
2022-01-03,1호선,종각,33790,32789,66579,1001,1,3,월
2022-01-03,1호선,시청,19725,19839,39564,-114,1,3,월
2022-01-03,1호선,동묘앞,6324,6598,12922,-274,1,3,월
2022-01-03,1호선,서울역,40413,36361,76774,4052,1,3,월
2022-01-03,중앙선,지평,53,63,116,-10,1,3,월
2022-01-03,중앙선,용문,1404,1363,2767,41,1,3,월
2022-01-03,중앙선,원덕,280,257,537,23,1,3,월
2022-01-03,중앙선,양평,2861,2852,5713,9,1,3,월
2022-01-03,중앙선,오빈,262,237,499,25,1,3,월
2022-01-03,중앙선,아신,418,437,855,-19,1,3,월
2022-01-03,중앙선,국수,682,661,1343,21,1,3,월
2022-01-03,중앙선,신원,169,156,325,13,1,3,월
2022-01-03,중앙선,양수,1469,1479,2948,-10,1,3,월
2022-01-03,중앙선,운길산,550,513,1063,37,1,3,월
2022-01-03,중앙선,팔당,678,728,1406,-50,1,3,월
2022-01-03,중앙선,도심,2228,1680,3908,548,1,3,월
2022-01-03,중앙선,덕소,5309,5191,10500,118,1,3,월
2022-01-03,중앙선,양정,695,562,1257,133,1,3,월
2022-01-03,중앙선,도농,9934,9099,19033,835,1,3,월
2022-01-03,중앙선,구리,12674,12648,25322,26,1,3,월
2022-01-03,중앙선,양원,1948,1857,3805,91,1,3,월
2022-01-03,중앙선,망우,6971,6922,13893,49,1,3,월
2022-01-03,중앙선,상봉(시외버스터미널),5372,5340,10712,32,1,3,월
2022-01-03,중앙선,중랑,5238,5083,10321,155,1,3,월
2022-01-03,중앙선,회기,21202,21240,42442,-38,1,3,월
2022-01-03,장항선,신창(순천향대),878,1017,1895,-139,1,3,월
2022-01-03,장항선,온양온천,3026,3094,6120,-68,1,3,월
2022-01-03,장항선,배방,872,854,1726,18,1,3,월
2022-01-03,장항선,탕정,323,319,642,4,1,3,월
2022-01-03,장항선,아산,2579,2168,4747,411,1,3,월
2022-01-03,장항선,쌍용(나사렛대),1628,1509,3137,119,1,3,월
2022-01-03,2호선,성수,35943,38199,74142,-2256,1,3,월
2022-01-03,안산선,반월,3999,3868,7867,131,1,3,월
2022-01-03,안산선,상록수,14420,14771,29191,-351,1,3,월
2022-01-03,안산선,한대앞,8161,8126,16287,35,1,3,월
2022-01-03,안산선,중앙,16326,16577,32903,-251,1,3,월
2022-01-03,안산선,고잔,8130,7679,15809,451,1,3,월
2022-01-03,안산선,초지,4178,4286,8464,-108,1,3,월
2022-01-03,안산선,안산,10959,9883,20842,1076,1,3,월
2022-01-03,안산선,신길온천,1531,1433,2964,98,1,3,월
2022-01-03,안산선,정왕,7175,7717,14892,-542,1,3,월
2022-01-03,안산선,오이도,7597,7139,14736,458,1,3,월
2022-01-03,안산선,수리산,4025,3312,7337,713,1,3,월
2022-01-03,우이신설선,북한산우이,2818,2548,5366,270,1,3,월
2022-01-03,우이신설선,솔밭공원,2263,2193,4456,70,1,3,월
2022-01-03,장항선,봉명,1105,1064,2169,41,1,3,월
2022-01-03,일산선,대화,11902,9288,21190,2614,1,3,월
2022-01-03,일산선,주엽,8419,8316,16735,103,1,3,월
2022-01-03,일산선,정발산,6446,6356,12802,90,1,3,월
2022-01-03,일산선,마두,6859,7092,13951,-233,1,3,월
2022-01-03,일산선,백석,9233,9268,18501,-35,1,3,월
2022-01-03,일산선,대곡,1771,1396,3167,375,1,3,월
2022-01-03,일산선,화정,15782,16258,32040,-476,1,3,월
2022-01-03,일산선,원당,10252,9717,19969,535,1,3,월
2022-01-03,일산선,삼송,18098,17920,36018,178,1,3,월
2022-01-03,일산선,원흥,9757,9362,19119,395,1,3,월
2022-01-03,우이신설선,신설동,2014,1912,3926,102,1,3,월
2022-01-03,우이신설선,보문,1321,1372,2693,-51,1,3,월
2022-01-03,우이신설선,성신여대입구(돈암),2895,3279,6174,-384,1,3,월
2022-01-03,우이신설선,4.19민주묘지,2424,2346,4770,78,1,3,월
2022-01-03,우이신설선,가오리,3742,3798,7540,-56,1,3,월
2022-01-03,우이신설선,화계,3133,2927,6060,206,1,3,월
2022-01-03,우이신설선,삼양사거리,2324,2370,4694,-46,1,3,월
2022-01-03,우이신설선,정릉,4222,4004,8226,218,1,3,월
2022-01-03,우이신설선,북한산보국문,5377,5290,10667,87,1,3,월
2022-01-03,우이신설선,솔샘,5484,5208,10692,276,1,3,월
2022-01-03,2호선,뚝섬,20279,21873,42152,-1594,1,3,월
2022-01-03,2호선,한양대,6307,6803,13110,-496,1,3,월
2022-01-03,2호선,왕십리(성동구청),14002,12003,26005,1999,1,3,월
2022-01-03,2호선,상왕십리,13203,13173,26376,30,1,3,월
2022-01-03,2호선,신당,12336,12754,25090,-418,1,3,월
2022-01-03,2호선,동대문역사문화공원(DDP),9536,11120,20656,-1584,1,3,월
2022-01-03,2호선,을지로4가,12086,11988,24074,98,1,3,월
2022-01-03,2호선,을지로3가,21408,21158,42566,250,1,3,월
2022-01-03,2호선,을지로입구,37348,37786,75134,-438,1,3,월
2022-01-03,2호선,시청,21695,20941,42636,754,1,3,월
2022-01-03,1호선,청량리(서울시립대입구),17754,17906,35660,-152,1,3,월
2022-01-03,1호선,제기동,15506,15998,31504,-492,1,3,월
2022-01-03,1호선,신설동,12680,12483,25163,197,1,3,월
2022-01-03,1호선,동대문,8844,8651,17495,193,1,3,월
2022-01-03,1호선,종로5가,20166,19926,40092,240,1,3,월
2022-01-03,1호선,종로3가,23162,21718,44880,1444,1,3,월
2022-01-03,2호선,건대입구,31439,33647,65086,-2208,1,3,월
2022-01-03,2호선,구의(광진구청),22114,22275,44389,-161,1,3,월
2022-01-03,2호선,강변(동서울터미널),28008,26207,54215,1801,1,3,월
2022-01-03,2호선,잠실나루,13491,13268,26759,223,1,3,월
2022-01-03,2호선,잠실(송파구청),61246,61197,122443,49,1,3,월
2022-01-03,2호선,잠실새내,19471,19395,38866,76,1,3,월
2022-01-03,2호선,종합운동장,6785,7225,14010,-440,1,3,월
2022-01-03,2호선,삼성(무역센터),49525,49218,98743,307,1,3,월
2022-01-03,2호선,선릉,54376,47992,102368,6384,1,3,월
2022-01-03,2호선,역삼,51818,56662,108480,-4844,1,3,월
2022-01-03,2호선,강남,82703,79988,162691,2715,1,3,월
2022-01-03,2호선,교대(법원.검찰청),30745,34149,64894,-3404,1,3,월
2022-01-03,2호선,서초,19508,18809,38317,699,1,3,월
2022-01-03,2호선,방배,15296,15833,31129,-537,1,3,월
2022-01-03,2호선,사당,31943,35058,67001,-3115,1,3,월
2022-01-03,2호선,낙성대(강감찬),24670,24935,49605,-265,1,3,월
2022-01-03,2호선,서울대입구(관악구청),43068,41647,84715,1421,1,3,월
2022-01-03,2호선,봉천,22172,21130,43302,1042,1,3,월
2022-01-03,2호선,신림,58307,57981,116288,326,1,3,월
2022-01-03,2호선,신대방,24818,24584,49402,234,1,3,월
2022-01-03,2호선,구로디지털단지,57836,58202,116038,-366,1,3,월
2022-01-03,2호선,대림(구로구청),22887,23296,46183,-409,1,3,월
2022-01-03,2호선,신도림,43237,42563,85800,674,1,3,월
2022-01-03,2호선,문래,20546,20798,41344,-252,1,3,월
2022-01-03,2호선,영등포구청,21964,22510,44474,-546,1,3,월
2022-01-03,2호선,당산,16916,19766,36682,-2850,1,3,월
2022-01-03,2호선,합정,27568,28398,55966,-830,1,3,월
2022-01-03,2호선,홍대입구,46517,47843,94360,-1326,1,3,월
2022-01-03,2호선,신촌,29737,30693,60430,-956,1,3,월
2022-01-03,2호선,이대,11485,12493,23978,-1008,1,3,월
2022-01-03,2호선,아현,9245,8964,18209,281,1,3,월
2022-01-03,2호선,충정로(경기대입구),9327,9866,19193,-539,1,3,월
2022-01-03,2호선,용답,2440,2510,4950,-70,1,3,월
2022-01-03,2호선,신답,1544,1840,3384,-296,1,3,월
2022-01-03,2호선,신설동,2976,3215,6191,-239,1,3,월
2022-01-03,2호선,도림천,1379,1425,2804,-46,1,3,월
2022-01-03,2호선,양천구청,6433,6816,13249,-383,1,3,월
2022-01-03,2호선,신정네거리,9778,10164,19942,-386,1,3,월
2022-01-03,2호선,용두(동대문구청),2135,2265,4400,-130,1,3,월
2022-01-03,3호선,지축,4239,4229,8468,10,1,3,월
2022-01-03,3호선,구파발,19344,18110,37454,1234,1,3,월
2022-01-03,3호선,연신내,33671,32141,65812,1530,1,3,월
2022-01-03,3호선,불광,14902,16011,30913,-1109,1,3,월
2022-01-03,3호선,녹번,14572,13505,28077,1067,1,3,월
2022-01-03,3호선,홍제,15647,14989,30636,658,1,3,월
2022-01-03,3호선,무악재,3678,3688,7366,-10,1,3,월
2022-01-03,3호선,독립문,5953,6082,12035,-129,1,3,월
2022-01-03,3호선,경복궁(정부서울청사),16419,15972,32391,447,1,3,월
2022-01-03,3호선,안국,18116,18408,36524,-292,1,3,월
2022-01-03,3호선,종로3가,8970,10182,19152,-1212,1,3,월
2022-01-03,3호선,을지로3가,9984,10299,20283,-315,1,3,월
2022-01-03,3호선,동대입구,6386,6633,13019,-247,1,3,월
2022-01-03,3호선,약수,11727,11471,23198,256,1,3,월
2022-01-03,3호선,금호,7360,7170,14530,190,1,3,월
2022-01-03,3호선,옥수,8102,8512,16614,-410,1,3,월
2022-01-03,3호선,압구정,30696,32344,63040,-1648,1,3,월
2022-01-03,3호선,신사,29336,30626,59962,-1290,1,3,월
2022-01-03,3호선,잠원,4481,4348,8829,133,1,3,월
2022-01-03,3호선,고속터미널,36229,32417,68646,3812,1,3,월
2022-01-03,3호선,교대(법원.검찰청),12547,8436,20983,4111,1,3,월
2022-01-03,3호선,남부터미널(예술의전당),27313,27445,54758,-132,1,3,월
2022-01-03,3호선,양재(서초구청),36102,39356,75458,-3254,1,3,월
2022-01-03,3호선,매봉,12152,11515,23667,637,1,3,월
2022-01-03,3호선,도곡,5047,5159,10206,-112,1,3,월
2022-01-03,3호선,대치,10850,10899,21749,-49,1,3,월
2022-01-03,3호선,학여울,1636,1642,3278,-6,1,3,월
2022-01-03,3호선,대청,9616,8967,18583,649,1,3,월
2022-01-03,3호선,일원,9448,9367,18815,81,1,3,월
2022-01-03,3호선,수서,15959,16024,31983,-65,1,3,월
2022-01-03,3호선,가락시장,8321,8076,16397,245,1,3,월
2022-01-03,3호선,경찰병원,7282,7317,14599,-35,1,3,월
2022-01-03,3호선,오금,6035,5392,11427,643,1,3,월
2022-01-03,4호선,수유(강북구청),31181,31335,62516,-154,1,3,월
2022-01-03,4호선,미아(서울사이버대학),13522,13423,26945,99,1,3,월
2022-01-03,4호선,미아사거리,25411,24781,50192,630,1,3,월
2022-01-03,4호선,길음,18514,18360,36874,154,1,3,월
2022-01-03,4호선,성신여대입구(돈암),17836,17395,35231,441,1,3,월
2022-01-03,4호선,한성대입구(삼선교),11725,11684,23409,41,1,3,월
2022-01-03,4호선,혜화,26726,26831,53557,-105,1,3,월
2022-01-03,4호선,동대문,15986,17333,33319,-1347,1,3,월
2022-01-03,4호선,동대문역사문화공원(DDP),12919,11870,24789,1049,1,3,월
2022-01-03,4호선,충무로,23771,24715,48486,-944,1,3,월
2022-01-03,4호선,명동,16690,17130,33820,-440,1,3,월
2022-01-03,4호선,회현(남대문시장),21960,23110,45070,-1150,1,3,월
2022-01-03,4호선,서울역,10530,14163,24693,-3633,1,3,월
2022-01-03,4호선,숙대입구(갈월),11267,11049,22316,218,1,3,월
2022-01-03,4호선,삼각지,4305,4535,8840,-230,1,3,월
2022-01-03,4호선,신용산,15785,16298,32083,-513,1,3,월
2022-01-03,4호선,이촌(국립중앙박물관),6487,7139,13626,-652,1,3,월
2022-01-03,4호선,동작(현충원),1211,1326,2537,-115,1,3,월
2022-01-03,4호선,총신대입구(이수),17147,18611,35758,-1464,1,3,월
2022-01-03,4호선,사당,21998,18031,40029,3967,1,3,월
2022-01-03,4호선,남태령,1067,957,2024,110,1,3,월
2022-01-03,4호선,당고개,11937,10861,22798,1076,1,3,월
2022-01-03,4호선,상계,17534,16370,33904,1164,1,3,월
2022-01-03,4호선,노원,17081,19302,36383,-2221,1,3,월
2022-01-03,4호선,창동,23393,24745,48138,-1352,1,3,월
2022-01-03,4호선,쌍문,27554,25499,53053,2055,1,3,월
2022-01-03,5호선,방화,6379,6258,12637,121,1,3,월
2022-01-03,5호선,개화산,5217,5031,10248,186,1,3,월
2022-01-03,5호선,김포공항,6962,6577,13539,385,1,3,월
2022-01-03,5호선,송정,6174,5658,11832,516,1,3,월
2022-01-03,5호선,마곡,10364,10128,20492,236,1,3,월
2022-01-03,5호선,발산,19127,19282,38409,-155,1,3,월
2022-01-03,5호선,우장산,13489,13531,27020,-42,1,3,월
2022-01-03,5호선,화곡,27093,25584,52677,1509,1,3,월
2022-01-03,5호선,까치산,27403,26773,54176,630,1,3,월
2022-01-03,5호선,신정(은행정),13282,10756,24038,2526,1,3,월
2022-01-03,5호선,목동,15859,17531,33390,-1672,1,3,월
2022-01-03,5호선,오목교(목동운동장앞),20868,22246,43114,-1378,1,3,월
2022-01-03,5호선,양평,7366,7543,14909,-177,1,3,월
2022-01-03,5호선,영등포구청,3832,3876,7708,-44,1,3,월
2022-01-03,5호선,영등포시장,9562,9704,19266,-142,1,3,월
2022-01-03,5호선,신길,3944,4379,8323,-435,1,3,월
2022-01-03,5호선,여의도,28372,29242,57614,-870,1,3,월
2022-01-03,5호선,여의나루,8578,9330,17908,-752,1,3,월
2022-01-03,5호선,마포,13769,13990,27759,-221,1,3,월
2022-01-03,5호선,공덕,13200,13896,27096,-696,1,3,월
2022-01-03,5호선,애오개,6186,6327,12513,-141,1,3,월
2022-01-03,5호선,충정로(경기대입구),4669,4686,9355,-17,1,3,월
2022-01-03,5호선,서대문,17922,18284,36206,-362,1,3,월
2022-01-03,5호선,광화문(세종문화회관),27817,28810,56627,-993,1,3,월
2022-01-03,5호선,종로3가,11052,10692,21744,360,1,3,월
2022-01-03,5호선,을지로4가,5850,5801,11651,49,1,3,월
2022-01-03,5호선,동대문역사문화공원(DDP),2984,3372,6356,-388,1,3,월
2022-01-03,5호선,청구,3653,3442,7095,211,1,3,월
2022-01-03,5호선,신금호,5775,6177,11952,-402,1,3,월
2022-01-03,5호선,행당,7620,6887,14507,733,1,3,월
2022-01-03,5호선,왕십리(성동구청),4267,4690,8957,-423,1,3,월
2022-01-03,5호선,마장,5047,4739,9786,308,1,3,월
2022-01-03,5호선,답십리,15420,14271,29691,1149,1,3,월
2022-01-03,5호선,장한평,17761,17696,35457,65,1,3,월
2022-01-03,5호선,군자(능동),10335,11261,21596,-926,1,3,월
2022-01-03,5호선,아차산(어린이대공원후문),12633,12628,25261,5,1,3,월
2022-01-03,5호선,광나루(장신대),12124,11088,23212,1036,1,3,월
2022-01-03,5호선,천호(풍납토성),16530,16330,32860,200,1,3,월
2022-01-03,5호선,강동,17436,16738,34174,698,1,3,월
2022-01-03,5호선,길동,7493,7894,15387,-401,1,3,월
2022-01-03,5호선,굽은다리(강동구민회관앞),8949,8622,17571,327,1,3,월
2022-01-03,5호선,명일,7961,8267,16228,-306,1,3,월
2022-01-03,5호선,고덕,8866,8960,17826,-94,1,3,월
2022-01-03,5호선,상일동,14933,13919,28852,1014,1,3,월
2022-01-03,5호선,둔촌동,7965,8138,16103,-173,1,3,월
2022-01-03,5호선,올림픽공원(한국체대),4030,3504,7534,526,1,3,월
2022-01-03,5호선,방이,6640,6894,13534,-254,1,3,월
2022-01-03,5호선,오금,3597,3567,7164,30,1,3,월
2022-01-03,5호선,개롱,6012,6276,12288,-264,1,3,월
2022-01-03,5호선,거여,8754,8395,17149,359,1,3,월
2022-01-03,5호선,마천,6439,6346,12785,93,1,3,월
2022-01-03,5호선,강일,3602,3650,7252,-48,1,3,월
2022-01-03,5호선,미사,15182,15314,30496,-132,1,3,월
2022-01-03,5호선,하남풍산,4062,3992,8054,70,1,3,월
2022-01-03,5호선,하남시청(덕풍·신장),5835,5691,11526,144,1,3,월
2022-01-03,5호선,하남검단산,4998,4860,9858,138,1,3,월
2022-01-03,6호선,응암,16321,16410,32731,-89,1,3,월
2022-01-03,6호선,역촌,3610,4250,7860,-640,1,3,월
2022-01-03,6호선,불광,3883,3917,7800,-34,1,3,월
2022-01-03,6호선,독바위,2463,2663,5126,-200,1,3,월
2022-01-03,6호선,연신내,2,0,2,2,1,3,월
2022-01-03,6호선,구산,6961,5385,12346,1576,1,3,월
2022-01-03,6호선,새절(신사),11837,11078,22915,759,1,3,월
2022-01-03,6호선,증산(명지대앞),9426,9497,18923,-71,1,3,월
2022-01-03,6호선,디지털미디어시티,13226,14571,27797,-1345,1,3,월
2022-01-03,6호선,월드컵경기장(성산),3421,3602,7023,-181,1,3,월
2022-01-03,6호선,마포구청,13313,12155,25468,1158,1,3,월
2022-01-03,6호선,망원,12210,13134,25344,-924,1,3,월
2022-01-03,6호선,합정,11344,11057,22401,287,1,3,월
2022-01-03,6호선,상수,6945,7552,14497,-607,1,3,월
2022-01-03,6호선,광흥창(서강),8375,8114,16489,261,1,3,월
2022-01-03,6호선,대흥(서강대앞),7202,7407,14609,-205,1,3,월
2022-01-03,6호선,공덕,17273,16744,34017,529,1,3,월
2022-01-03,6호선,효창공원앞,6300,5852,12152,448,1,3,월
2022-01-03,6호선,삼각지,5231,4806,10037,425,1,3,월
2022-01-03,6호선,녹사평(용산구청),4000,3956,7956,44,1,3,월
2022-01-03,6호선,이태원,8093,7947,16040,146,1,3,월
2022-01-03,6호선,한강진,6140,6952,13092,-812,1,3,월
2022-01-03,6호선,버티고개,1873,1983,3856,-110,1,3,월
2022-01-03,6호선,약수,3364,3323,6687,41,1,3,월
2022-01-03,6호선,청구,3392,3658,7050,-266,1,3,월
2022-01-03,6호선,신당,5812,6822,12634,-1010,1,3,월
2022-01-03,6호선,동묘앞,6101,6813,12914,-712,1,3,월
2022-01-03,6호선,창신,3159,2613,5772,546,1,3,월
2022-01-03,6호선,보문,6594,6221,12815,373,1,3,월
2022-01-03,6호선,안암(고대병원앞),8854,9229,18083,-375,1,3,월
2022-01-03,6호선,고려대(종암),6962,6818,13780,144,1,3,월
2022-01-03,6호선,월곡(동덕여대),10636,10673,21309,-37,1,3,월
2022-01-03,6호선,상월곡(한국과학기술연구원),5713,5234,10947,479,1,3,월
2022-01-03,6호선,돌곶이,8639,8211,16850,428,1,3,월
2022-01-03,6호선,석계,11245,11892,23137,-647,1,3,월
2022-01-03,6호선,태릉입구,4979,5399,10378,-420,1,3,월
2022-01-03,6호선,화랑대(서울여대입구),10857,8535,19392,2322,1,3,월
2022-01-03,6호선,봉화산(서울의료원),8407,7900,16307,507,1,3,월
2022-01-03,7호선,장암,2188,785,2973,1403,1,3,월
2022-01-03,7호선,도봉산,8557,9874,18431,-1317,1,3,월
2022-01-03,7호선,수락산,11678,11520,23198,158,1,3,월
2022-01-03,7호선,마들,12155,11759,23914,396,1,3,월
2022-01-03,7호선,노원,18585,19372,37957,-787,1,3,월
2022-01-03,7호선,중계,13034,11983,25017,1051,1,3,월
2022-01-03,7호선,하계,16151,15125,31276,1026,1,3,월
2022-01-03,7호선,공릉(서울과학기술대),10703,10903,21606,-200,1,3,월
2022-01-03,7호선,태릉입구,7632,7280,14912,352,1,3,월
2022-01-03,7호선,먹골,9482,9356,18838,126,1,3,월
2022-01-03,7호선,중화,10267,10260,20527,7,1,3,월
2022-01-03,7호선,상봉(시외버스터미널),15456,14694,30150,762,1,3,월
2022-01-03,7호선,면목,14459,14296,28755,163,1,3,월
2022-01-03,7호선,사가정,15217,15405,30622,-188,1,3,월
2022-01-03,7호선,용마산(용마폭포공원),5782,5635,11417,147,1,3,월
2022-01-03,7호선,중곡,10317,9807,20124,510,1,3,월
2022-01-03,7호선,군자(능동),14091,11537,25628,2554,1,3,월
2022-01-03,7호선,어린이대공원(세종대),10921,10912,21833,9,1,3,월
2022-01-03,7호선,건대입구,11285,11874,23159,-589,1,3,월
2022-01-03,7호선,뚝섬유원지,6728,6623,13351,105,1,3,월
2022-01-03,7호선,청담,18657,20556,39213,-1899,1,3,월
2022-01-03,7호선,강남구청,15675,16945,32620,-1270,1,3,월
2022-01-03,7호선,학동,23993,25214,49207,-1221,1,3,월
2022-01-03,7호선,논현,20219,21667,41886,-1448,1,3,월
2022-01-03,7호선,반포,5412,5074,10486,338,1,3,월
2022-01-03,7호선,고속터미널,15191,11984,27175,3207,1,3,월
2022-01-03,7호선,내방,14039,14163,28202,-124,1,3,월
2022-01-03,7호선,이수,14251,14049,28300,202,1,3,월
2022-01-03,7호선,남성,10363,9782,20145,581,1,3,월
2022-01-03,7호선,숭실대입구(살피재),10802,11256,22058,-454,1,3,월
2022-01-03,7호선,상도,9843,9815,19658,28,1,3,월
2022-01-03,7호선,장승배기,8655,8642,17297,13,1,3,월
2022-01-03,7호선,신대방삼거리,15611,15262,30873,349,1,3,월
2022-01-03,7호선,보라매,9542,9505,19047,37,1,3,월
2022-01-03,7호선,신풍,10883,10427,21310,456,1,3,월
2022-01-03,7호선,대림(구로구청),7725,7681,15406,44,1,3,월
2022-01-03,7호선,남구로,16221,16847,33068,-626,1,3,월
2022-01-03,7호선,가산디지털단지,47004,46739,93743,265,1,3,월
2022-01-03,7호선,철산,19982,20547,40529,-565,1,3,월
2022-01-03,7호선,광명사거리,21100,20722,41822,378,1,3,월
2022-01-03,7호선,천왕,10979,10685,21664,294,1,3,월
2022-01-03,7호선,온수(성공회대입구),9918,9111,19029,807,1,3,월
2022-01-03,7호선,까치울,1,0,1,1,1,3,월
2022-01-03,7호선,춘의,1,0,1,1,1,3,월
2022-01-03,7호선,상동,1,0,1,1,1,3,월
2022-01-03,7호선,삼산체육관,2,0,2,2,1,3,월
2022-01-03,7호선,부평구청,3,0,3,3,1,3,월
2022-01-03,8호선,암사,18074,16322,34396,1752,1,3,월
2022-01-03,8호선,천호(풍납토성),13851,16005,29856,-2154,1,3,월
2022-01-03,8호선,강동구청,10029,10488,20517,-459,1,3,월
2022-01-03,8호선,몽촌토성(평화의문),5659,5724,11383,-65,1,3,월
2022-01-03,8호선,잠실(송파구청),13182,15254,28436,-2072,1,3,월
2022-01-03,8호선,석촌,7245,8280,15525,-1035,1,3,월
2022-01-03,8호선,송파,7146,7307,14453,-161,1,3,월
2022-01-03,8호선,가락시장,7104,7733,14837,-629,1,3,월
2022-01-03,8호선,문정,21983,23062,45045,-1079,1,3,월
2022-01-03,8호선,장지,16033,15741,31774,292,1,3,월
2022-01-03,8호선,복정,8772,7475,16247,1297,1,3,월
2022-01-03,8호선,산성,5008,5038,10046,-30,1,3,월
2022-01-03,8호선,남한산성입구(성남법원.검찰청),12695,11675,24370,1020,1,3,월
2022-01-03,8호선,단대오거리,9710,9674,19384,36,1,3,월
2022-01-03,8호선,신흥,3999,4459,8458,-460,1,3,월
2022-01-03,8호선,수진,5131,4725,9856,406,1,3,월
2022-01-03,8호선,모란,4097,3128,7225,969,1,3,월
2022-01-03,8호선,남위례,3311,3646,6957,-335,1,3,월
2022-01-03,9호선,개화,2398,1693,4091,705,1,3,월
2022-01-03,9호선,김포공항,7033,9468,16501,-2435,1,3,월
2022-01-03,9호선,공항시장,2706,3052,5758,-346,1,3,월
2022-01-03,9호선,신방화,6460,6503,12963,-43,1,3,월
2022-01-03,9호선,마곡나루(서울식물원),11020,11024,22044,-4,1,3,월
2022-01-03,9호선,양천향교,9060,9383,18443,-323,1,3,월
2022-01-03,9호선,가양,19220,18972,38192,248,1,3,월
2022-01-03,9호선,증미,7311,7350,14661,-39,1,3,월
2022-01-03,9호선,등촌,10860,10868,21728,-8,1,3,월
2022-01-03,9호선,염창,16434,16203,32637,231,1,3,월
2022-01-03,9호선,신목동,3826,3553,7379,273,1,3,월
2022-01-03,9호선,선유도,8455,8120,16575,335,1,3,월
2022-01-03,9호선,당산,16755,17187,33942,-432,1,3,월
2022-01-03,9호선,국회의사당,16264,16597,32861,-333,1,3,월
2022-01-03,9호선,여의도,26574,25459,52033,1115,1,3,월
2022-01-03,9호선,샛강,5535,5803,11338,-268,1,3,월
2022-01-03,9호선,노량진,23994,23948,47942,46,1,3,월
2022-01-03,9호선,노들,4118,3630,7748,488,1,3,월
2022-01-03,9호선,흑석(중앙대입구),7304,7850,15154,-546,1,3,월
2022-01-03,9호선,동작(현충원),1768,1468,3236,300,1,3,월
2022-01-03,9호선,구반포,1419,1474,2893,-55,1,3,월
2022-01-03,9호선,신반포,3006,2898,5904,108,1,3,월
2022-01-03,9호선,고속터미널,10878,13257,24135,-2379,1,3,월
2022-01-03,9호선,사평,3332,3376,6708,-44,1,3,월
2022-01-03,9호선,신논현,30463,30150,60613,313,1,3,월
2022-01-03,9호선2~3단계,언주,10317,10559,20876,-242,1,3,월
2022-01-03,9호선2~3단계,선정릉,9295,10247,19542,-952,1,3,월
2022-01-03,9호선2~3단계,삼성중앙,6545,6926,13471,-381,1,3,월
2022-01-03,9호선2~3단계,봉은사,15254,15591,30845,-337,1,3,월
2022-01-03,9호선2~3단계,종합운동장,4074,4111,8185,-37,1,3,월
2022-01-03,9호선2~3단계,삼전,6522,6506,13028,16,1,3,월
2022-01-03,9호선2~3단계,석촌고분,5700,5731,11431,-31,1,3,월
2022-01-03,9호선2~3단계,석촌,7793,7017,14810,776,1,3,월
2022-01-03,9호선2~3단계,송파나루,4598,4946,9544,-348,1,3,월
2022-01-03,9호선2~3단계,한성백제,2314,2215,4529,99,1,3,월
2022-01-03,9호선2~3단계,올림픽공원(한국체대),5514,5395,10909,119,1,3,월
2022-01-03,9호선2~3단계,둔촌오륜,885,909,1794,-24,1,3,월
2022-01-03,9호선2~3단계,중앙보훈병원,10308,9031,19339,1277,1,3,월
2022-01-03,경강선,판교,4610,4535,9145,75,1,3,월
2022-01-03,경강선,이매,1040,897,1937,143,1,3,월
2022-01-03,경강선,삼동,2287,2169,4456,118,1,3,월
2022-01-03,경강선,경기광주,7364,7106,14470,258,1,3,월
2022-01-03,경강선,초월,2948,2877,5825,71,1,3,월
2022-01-03,경강선,곤지암,2037,2027,4064,10,1,3,월
2022-01-03,경강선,신둔도예촌,1229,1175,2404,54,1,3,월
2022-01-03,경강선,이천,2414,2515,4929,-101,1,3,월
2022-01-03,경강선,부발,1886,1931,3817,-45,1,3,월
2022-01-03,경강선,세종대왕릉,262,249,511,13,1,3,월
2022-01-03,경강선,여주,1764,1723,3487,41,1,3,월
2022-01-03,경부선,서울역,6012,1755,7767,4257,1,3,월
2022-01-03,경부선,남영,8327,8755,17082,-428,1,3,월
2022-01-03,경부선,용산,30792,29513,60305,1279,1,3,월
2022-01-03,경부선,노량진,7457,7562,15019,-105,1,3,월
2022-01-03,경부선,대방,12299,12855,25154,-556,1,3,월
2022-01-03,경부선,영등포,34042,34279,68321,-237,1,3,월
2022-01-03,경부선,신도림,3994,3843,7837,151,1,3,월
2022-01-03,경부선,신길,8369,7129,15498,1240,1,3,월
2022-01-03,경부선,구로,17469,17359,34828,110,1,3,월
2022-01-03,경부선,가산디지털단지,18081,20593,38674,-2512,1,3,월
2022-01-03,경부선,금천구청,11094,11004,22098,90,1,3,월
2022-01-03,경부선,석수,9066,8075,17141,991,1,3,월
2022-01-03,경부선,관악,6853,6309,13162,544,1,3,월
2022-01-03,경부선,안양,19510,19612,39122,-102,1,3,월
2022-01-03,경부선,명학,8615,8515,17130,100,1,3,월
2022-01-03,경부선,금정,24989,25766,50755,-777,1,3,월
2022-01-03,경부선,군포,7371,7567,14938,-196,1,3,월
2022-01-03,경부선,의왕,8621,8624,17245,-3,1,3,월
2022-01-03,경부선,성균관대,12972,13114,26086,-142,1,3,월
2022-01-03,경부선,화서,7335,7147,14482,188,1,3,월
2022-01-03,경부선,수원,29963,31662,61625,-1699,1,3,월
2022-01-03,경부선,독산,18032,19064,37096,-1032,1,3,월
2022-01-03,경부선,세류,2761,2466,5227,295,1,3,월
2022-01-03,경부선,병점,12913,12790,25703,123,1,3,월
2022-01-03,경부선,세마,2571,2394,4965,177,1,3,월
2022-01-03,경부선,오산대,3014,2776,5790,238,1,3,월
2022-01-03,경부선,오산,8864,9057,17921,-193,1,3,월
2022-01-03,경부선,진위,1589,1403,2992,186,1,3,월
2022-01-03,경부선,송탄,3841,3726,7567,115,1,3,월
2022-01-03,경부선,서정리,6034,5982,12016,52,1,3,월
2022-01-03,경부선,평택지제,3262,3058,6320,204,1,3,월
2022-01-03,경부선,평택,10404,10196,20600,208,1,3,월
2022-01-03,경부선,성환,2696,2874,5570,-178,1,3,월
2022-01-03,경부선,직산,679,641,1320,38,1,3,월
2022-01-03,경부선,두정,4214,4336,8550,-122,1,3,월
2022-01-03,경부선,천안,4095,4320,8415,-225,1,3,월
2022-01-03,경부선,당정,5758,5482,11240,276,1,3,월
2022-01-03,경부선,서동탄,1318,1105,2423,213,1,3,월
2022-01-03,경부선,광명,3293,2716,6009,577,1,3,월
2022-01-03,경원선,이촌(국립중앙박물관),3281,2673,5954,608,1,3,월
2022-01-03,경원선,서빙고,1736,1617,3353,119,1,3,월
2022-01-03,경원선,한남,3873,3692,7565,181,1,3,월
2022-01-03,경원선,옥수,44,29,73,15,1,3,월
2022-01-03,경원선,응봉,1756,1503,3259,253,1,3,월
2022-01-03,경원선,왕십리(성동구청),12262,13927,26189,-1665,1,3,월
2022-01-03,경원선,청량리(서울시립대입구),13338,13358,26696,-20,1,3,월
2022-01-03,경원선,외대앞,6519,6800,13319,-281,1,3,월
2022-01-03,경원선,신이문,7939,7447,15386,492,1,3,월
2022-01-03,경원선,석계,7312,8408,15720,-1096,1,3,월
2022-01-03,경원선,광운대,7047,6805,13852,242,1,3,월
2022-01-03,경원선,월계,5719,5506,11225,213,1,3,월
2022-01-03,경원선,녹천,4325,3672,7997,653,1,3,월
2022-01-03,경원선,창동,1,0,1,1,1,3,월
2022-01-03,경원선,방학,8739,8545,17284,194,1,3,월
2022-01-03,경원선,도봉,5530,5390,10920,140,1,3,월
2022-01-03,경원선,도봉산,6699,4039,10738,2660,1,3,월
2022-01-03,경원선,망월사,6766,7023,13789,-257,1,3,월
2022-01-03,경원선,회룡,11527,11348,22875,179,1,3,월
2022-01-03,경원선,의정부,16752,17006,33758,-254,1,3,월
2022-01-03,경원선,가능,6092,5847,11939,245,1,3,월
2022-01-03,경원선,녹양,4112,3878,7990,234,1,3,월
2022-01-03,경원선,양주,6951,6467,13418,484,1,3,월
2022-01-03,경원선,덕계,2726,2478,5204,248,1,3,월
2022-01-03,경원선,덕정,4891,4710,9601,181,1,3,월
2022-01-03,경원선,지행,5980,5799,11779,181,1,3,월
2022-01-03,경원선,동두천중앙,2884,2685,5569,199,1,3,월
2022-01-03,경원선,보산,1323,1142,2465,181,1,3,월
2022-01-03,경원선,동두천,1954,2117,4071,-163,1,3,월
2022-01-03,경원선,소요산,2108,1753,3861,355,1,3,월
2022-01-03,경의선,서울역,4219,5051,9270,-832,1,3,월
2022-01-03,경의선,신촌,799,1085,1884,-286,1,3,월
2022-01-03,경의선,효창공원앞,2694,3143,5837,-449,1,3,월
2022-01-03,경의선,공덕,3286,2893,6179,393,1,3,월
2022-01-03,경의선,서강대,1963,1915,3878,48,1,3,월
2022-01-03,경의선,홍대입구,1529,1810,3339,-281,1,3,월
2022-01-03,경의선,가좌,4829,4761,9590,68,1,3,월
2022-01-03,경의선,디지털미디어시티,2284,2101,4385,183,1,3,월
2022-01-03,경의선,수색,2677,2748,5425,-71,1,3,월
2022-01-03,경의선,화전,1443,1300,2743,143,1,3,월
2022-01-03,경의선,강매,3107,2687,5794,420,1,3,월
2022-01-03,경의선,행신,7444,7340,14784,104,1,3,월
2022-01-03,경의선,능곡,3402,3180,6582,222,1,3,월
2022-01-03,경의선,곡산,548,581,1129,-33,1,3,월
2022-01-03,경의선,백마,6501,6285,12786,216,1,3,월
2022-01-03,경의선,풍산,5060,4719,9779,341,1,3,월
2022-01-03,경의선,일산,9270,9231,18501,39,1,3,월
2022-01-03,경의선,탄현,7272,6991,14263,281,1,3,월
2022-01-03,경의선,야당,6788,6489,13277,299,1,3,월
2022-01-03,경의선,운정,6517,6201,12718,316,1,3,월
2022-01-03,경의선,금릉,4483,4289,8772,194,1,3,월
2022-01-03,경의선,금촌,5774,5785,11559,-11,1,3,월
2022-01-03,경의선,월롱,2110,2113,4223,-3,1,3,월
2022-01-03,경의선,파주,933,693,1626,240,1,3,월
2022-01-03,경의선,문산,4586,4605,9191,-19,1,3,월
2022-01-03,경의선,임진강,8,8,16,0,1,3,월
2022-01-03,경의선,계양,1,0,1,1,1,3,월
2022-01-03,경인선,개봉,19957,20253,40210,-296,1,3,월
2022-01-03,경인선,오류동,11073,10604,21677,469,1,3,월
2022-01-03,경인선,역곡,25275,25029,50304,246,1,3,월
2022-01-03,경인선,부천,29786,29508,59294,278,1,3,월
2022-01-03,경인선,송내,24839,24853,49692,-14,1,3,월
2022-01-03,경인선,부평,27733,28874,56607,-1141,1,3,월
2022-01-03,경인선,백운,6380,6311,12691,69,1,3,월
2022-01-03,경인선,동암,13697,13586,27283,111,1,3,월
2022-01-03,경인선,주안,17175,15478,32653,1697,1,3,월
2022-01-03,경인선,제물포,9705,9193,18898,512,1,3,월
2022-01-03,경인선,동인천,12647,12005,24652,642,1,3,월
2022-01-03,경인선,인천,3041,2241,5282,800,1,3,월
2022-01-03,경인선,구일,5711,5788,11499,-77,1,3,월
2022-01-03,경인선,소사,7956,7718,15674,238,1,3,월
2022-01-03,경인선,부개,7979,7512,15491,467,1,3,월
2022-01-03,경인선,간석,5611,5333,10944,278,1,3,월
2022-01-03,경인선,도원,2843,2800,5643,43,1,3,월
2022-01-03,경인선,온수(성공회대입구),5826,5711,11537,115,1,3,월
2022-01-03,경인선,중동,8889,8443,17332,446,1,3,월
2022-01-03,경인선,도화,3876,3581,7457,295,1,3,월
2022-01-03,경춘선,신내,1899,1752,3651,147,1,3,월
2022-01-03,경춘선,갈매,2904,2529,5433,375,1,3,월
2022-01-03,경춘선,별내,3237,3044,6281,193,1,3,월
2022-01-03,경춘선,퇴계원,3435,3212,6647,223,1,3,월
2022-01-03,경춘선,사릉,3011,2871,5882,140,1,3,월
2022-01-03,경춘선,금곡,1375,1325,2700,50,1,3,월
2022-01-03,우이신설선,삼양,1901,2053,3954,-152,1,3,월
2022-01-03,경춘선,평내호평,5857,5495,11352,362,1,3,월
2022-01-03,경춘선,천마산,1533,1393,2926,140,1,3,월
2022-01-03,경춘선,마석,3673,3675,7348,-2,1,3,월
2022-01-03,경춘선,대성리,369,330,699,39,1,3,월
2022-01-03,경춘선,청평,1337,1318,2655,19,1,3,월
2022-01-03,경춘선,상천,172,145,317,27,1,3,월
2022-01-03,경춘선,가평,1304,1294,2598,10,1,3,월
2022-01-03,경춘선,굴봉산,92,117,209,-25,1,3,월
2022-01-03,경춘선,백양리,243,218,461,25,1,3,월
2022-01-03,경춘선,강촌,243,265,508,-22,1,3,월
2022-01-03,경춘선,김유정,206,175,381,31,1,3,월
2022-01-03,경춘선,남춘천,1814,1835,3649,-21,1,3,월
2022-01-03,경춘선,춘천,899,831,1730,68,1,3,월
2022-01-03,공항철도 1호선,서울역,6955,5972,12927,983,1,3,월
2022-01-03,공항철도 1호선,공덕,2118,2671,4789,-553,1,3,월
2022-01-03,공항철도 1호선,홍대입구,8463,8721,17184,-258,1,3,월
2022-01-03,공항철도 1호선,디지털미디어시티,13893,12516,26409,1377,1,3,월
2022-01-03,공항철도 1호선,마곡나루(서울식물원),8468,7970,16438,498,1,3,월
2022-01-03,공항철도 1호선,김포공항,11597,6778,18375,4819,1,3,월
2022-01-03,공항철도 1호선,계양,9692,9100,18792,592,1,3,월
2022-01-03,공항철도 1호선,검암,6277,6192,12469,85,1,3,월
2022-01-03,공항철도 1호선,청라국제도시,6469,5999,12468,470,1,3,월
2022-01-03,공항철도 1호선,운서,5917,6075,11992,-158,1,3,월
2022-01-03,공항철도 1호선,공항화물청사,2232,2374,4606,-142,1,3,월
2022-01-03,공항철도 1호선,인천공항1터미널,3444,3690,7134,-246,1,3,월
2022-01-03,공항철도 1호선,인천공항2터미널,2032,1953,3985,79,1,3,월
2022-01-03,공항철도 1호선,영종,2771,2782,5553,-11,1,3,월
2022-01-03,과천선,선바위,7606,6522,14128,1084,1,3,월
2022-01-03,과천선,경마공원,807,781,1588,26,1,3,월
2022-01-03,과천선,대공원,1680,1780,3460,-100,1,3,월
2022-01-03,과천선,과천,5506,5239,10745,267,1,3,월
2022-01-03,과천선,정부과천청사,10132,9991,20123,141,1,3,월
2022-01-03,과천선,인덕원,22555,23669,46224,-1114,1,3,월
2022-01-03,과천선,평촌,17361,17166,34527,195,1,3,월
2022-01-03,과천선,범계,24190,23834,48024,356,1,3,월
2022-01-03,분당선,선릉,13385,19921,33306,-6536,1,3,월
2022-01-03,분당선,한티,13873,14895,28768,-1022,1,3,월
2022-01-03,분당선,도곡,6441,6477,12918,-36,1,3,월
2022-01-03,분당선,구룡,1927,1896,3823,31,1,3,월
2022-01-03,분당선,개포동,3465,3662,7127,-197,1,3,월
2022-01-03,분당선,대모산입구,4185,3912,8097,273,1,3,월
2022-01-03,분당선,수서,12967,12522,25489,445,1,3,월
2022-01-03,분당선,수원,7627,6368,13995,1259,1,3,월
2022-01-03,분당선,서울숲,9559,9730,19289,-171,1,3,월
2022-01-03,분당선,압구정로데오,16748,17847,34595,-1099,1,3,월
2022-01-03,분당선,강남구청,9556,10735,20291,-1179,1,3,월
2022-01-03,분당선,선정릉,7838,8364,16202,-526,1,3,월
2022-01-03,분당선,가천대,5976,6939,12915,-963,1,3,월
2022-01-03,분당선,태평,12833,12473,25306,360,1,3,월
2022-01-03,분당선,모란,18360,18668,37028,-308,1,3,월
2022-01-03,분당선,야탑,24110,24954,49064,-844,1,3,월
2022-01-03,분당선,서현,24174,24524,48698,-350,1,3,월
2022-01-03,분당선,수내,13032,12711,25743,321,1,3,월
2022-01-03,분당선,정자,16544,17690,34234,-1146,1,3,월
2022-01-03,분당선,미금,14692,15545,30237,-853,1,3,월
2022-01-03,분당선,오리,11181,9307,20488,1874,1,3,월
2022-01-03,분당선,이매,5523,5137,10660,386,1,3,월
2022-01-03,분당선,보정,2265,1971,4236,294,1,3,월
2022-01-03,분당선,죽전,12059,13331,25390,-1272,1,3,월
2022-01-03,분당선,구성,4738,5045,9783,-307,1,3,월
2022-01-03,분당선,신갈,4322,4340,8662,-18,1,3,월
2022-01-03,분당선,기흥,8973,8614,17587,359,1,3,월
2022-01-03,분당선,상갈,5002,4808,9810,194,1,3,월
2022-01-03,분당선,청명,4004,3977,7981,27,1,3,월
2022-01-03,분당선,영통,7491,7627,15118,-136,1,3,월
2022-01-03,분당선,망포,13567,13154,26721,413,1,3,월
2022-01-03,분당선,매탄권선,4591,4524,9115,67,1,3,월
2022-01-03,분당선,수원시청,12013,12653,24666,-640,1,3,월
2022-01-03,분당선,매교,2553,2557,5110,-4,1,3,월
2022-01-03,수인선,고색,4331,4107,8438,224,1,3,월
2022-01-03,수인선,오목천,2549,2480,5029,69,1,3,월
2022-01-03,수인선,어천,605,656,1261,-51,1,3,월
2022-01-03,수인선,야목,325,234,559,91,1,3,월
2022-01-04,우이신설선,가오리,3902,3896,7798,6,1,4,화
2022-01-04,경원선,망월사,7021,7310,14331,-289,1,4,화
2022-01-04,1호선,서울역,39092,36147,75239,2945,1,4,화
2022-01-04,1호선,동묘앞,6868,7110,13978,-242,1,4,화
2022-01-04,1호선,시청,21043,21137,42180,-94,1,4,화
2022-01-04,1호선,종각,33848,32900,66748,948,1,4,화
2022-01-04,1호선,종로3가,23970,22267,46237,1703,1,4,화
2022-01-04,1호선,종로5가,21139,20766,41905,373,1,4,화
2022-01-04,1호선,동대문,10058,9421,19479,637,1,4,화
2022-01-04,1호선,신설동,12888,12612,25500,276,1,4,화
2022-01-04,1호선,제기동,16388,16850,33238,-462,1,4,화
2022-01-04,1호선,청량리(서울시립대입구),18462,18619,37081,-157,1,4,화
2022-01-04,2호선,시청,23070,22229,45299,841,1,4,화
2022-01-04,2호선,을지로입구,38512,38923,77435,-411,1,4,화
2022-01-04,2호선,을지로3가,22074,21874,43948,200,1,4,화
2022-01-04,2호선,을지로4가,12787,12559,25346,228,1,4,화
2022-01-04,2호선,동대문역사문화공원(DDP),10556,11804,22360,-1248,1,4,화
2022-01-04,2호선,신당,12945,13351,26296,-406,1,4,화
2022-01-04,2호선,상왕십리,13619,13485,27104,134,1,4,화
2022-01-04,2호선,왕십리(성동구청),14276,12336,26612,1940,1,4,화
2022-01-04,2호선,한양대,6505,6818,13323,-313,1,4,화
2022-01-04,2호선,뚝섬,21197,22717,43914,-1520,1,4,화
2022-01-04,2호선,성수,37495,40038,77533,-2543,1,4,화
2022-01-04,2호선,건대입구,32452,34172,66624,-1720,1,4,화
2022-01-04,2호선,구의(광진구청),22797,22551,45348,246,1,4,화
2022-01-04,2호선,강변(동서울터미널),28104,26741,54845,1363,1,4,화
2022-01-04,2호선,잠실나루,14197,13780,27977,417,1,4,화
2022-01-04,2호선,잠실(송파구청),64568,64231,128799,337,1,4,화
2022-01-04,2호선,잠실새내,20190,19848,40038,342,1,4,화
2022-01-04,2호선,종합운동장,6612,7023,13635,-411,1,4,화
2022-01-04,2호선,삼성(무역센터),50807,50835,101642,-28,1,4,화
2022-01-04,2호선,선릉,56679,50209,106888,6470,1,4,화
2022-01-04,2호선,역삼,54233,59720,113953,-5487,1,4,화
2022-01-04,2호선,강남,85529,82798,168327,2731,1,4,화
2022-01-04,2호선,교대(법원.검찰청),32445,36201,68646,-3756,1,4,화
2022-01-04,2호선,서초,20690,20106,40796,584,1,4,화
2022-01-04,2호선,방배,15859,16496,32355,-637,1,4,화
2022-01-04,2호선,사당,34043,36815,70858,-2772,1,4,화
2022-01-04,2호선,낙성대(강감찬),25784,25657,51441,127,1,4,화
2022-01-04,2호선,서울대입구(관악구청),45023,41320,86343,3703,1,4,화
2022-01-04,2호선,봉천,22886,21599,44485,1287,1,4,화
2022-01-04,2호선,신림,60080,59323,119403,757,1,4,화
2022-01-04,2호선,신대방,25371,24933,50304,438,1,4,화
2022-01-04,2호선,구로디지털단지,58965,59323,118288,-358,1,4,화
2022-01-04,2호선,대림(구로구청),23123,23660,46783,-537,1,4,화
2022-01-04,2호선,신도림,45116,44238,89354,878,1,4,화
2022-01-04,2호선,문래,21153,21415,42568,-262,1,4,화
2022-01-04,2호선,영등포구청,22593,22925,45518,-332,1,4,화
2022-01-04,2호선,당산,17526,20400,37926,-2874,1,4,화
2022-01-04,2호선,합정,29103,29992,59095,-889,1,4,화
2022-01-04,2호선,홍대입구,49289,49959,99248,-670,1,4,화
2022-01-04,2호선,신촌,30824,31535,62359,-711,1,4,화
2022-01-04,2호선,이대,11844,12715,24559,-871,1,4,화
2022-01-04,2호선,충정로(경기대입구),9570,10005,19575,-435,1,4,화
2022-01-04,2호선,용답,2558,2563,5121,-5,1,4,화
2022-01-04,2호선,신답,1618,1915,3533,-297,1,4,화
2022-01-04,2호선,신설동,3011,3166,6177,-155,1,4,화
2022-01-04,2호선,도림천,1391,1465,2856,-74,1,4,화
2022-01-04,2호선,양천구청,6620,7013,13633,-393,1,4,화
2022-01-04,2호선,신정네거리,10058,10468,20526,-410,1,4,화
2022-01-04,2호선,용두(동대문구청),2278,2314,4592,-36,1,4,화
2022-01-04,3호선,지축,4430,4380,8810,50,1,4,화
2022-01-04,3호선,구파발,19761,18770,38531,991,1,4,화
2022-01-04,3호선,연신내,34529,32971,67500,1558,1,4,화
2022-01-04,3호선,불광,15419,16307,31726,-888,1,4,화
2022-01-04,3호선,녹번,14996,13936,28932,1060,1,4,화
2022-01-04,3호선,홍제,16120,15273,31393,847,1,4,화
2022-01-04,3호선,무악재,3850,3915,7765,-65,1,4,화
2022-01-04,3호선,독립문,6189,6407,12596,-218,1,4,화
2022-01-04,3호선,경복궁(정부서울청사),17756,17304,35060,452,1,4,화
2022-01-04,3호선,안국,18508,18906,37414,-398,1,4,화
2022-01-04,3호선,종로3가,9529,10847,20376,-1318,1,4,화
2022-01-04,3호선,을지로3가,10394,10496,20890,-102,1,4,화
2022-01-04,3호선,충무로,1,0,1,1,1,4,화
2022-01-04,3호선,동대입구,6644,7006,13650,-362,1,4,화
2022-01-04,3호선,약수,12317,11983,24300,334,1,4,화
2022-01-04,3호선,금호,7606,7250,14856,356,1,4,화
2022-01-04,3호선,옥수,8301,8817,17118,-516,1,4,화
2022-01-04,3호선,압구정,32092,34065,66157,-1973,1,4,화
2022-01-04,3호선,신사,30788,31986,62774,-1198,1,4,화
2022-01-04,3호선,잠원,4653,4531,9184,122,1,4,화
2022-01-04,3호선,고속터미널,35692,33353,69045,2339,1,4,화
2022-01-04,3호선,교대(법원.검찰청),13342,8797,22139,4545,1,4,화
2022-01-04,3호선,남부터미널(예술의전당),27816,28269,56085,-453,1,4,화
2022-01-04,3호선,양재(서초구청),38106,40874,78980,-2768,1,4,화
2022-01-04,3호선,매봉,12520,11954,24474,566,1,4,화
2022-01-04,3호선,도곡,5222,5245,10467,-23,1,4,화
2022-01-04,3호선,대치,11432,11338,22770,94,1,4,화
2022-01-04,3호선,학여울,1664,1764,3428,-100,1,4,화
2022-01-04,3호선,대청,9731,9242,18973,489,1,4,화
2022-01-04,3호선,일원,9869,9655,19524,214,1,4,화
2022-01-04,3호선,수서,15700,16119,31819,-419,1,4,화
2022-01-04,3호선,가락시장,8659,8588,17247,71,1,4,화
2022-01-04,3호선,경찰병원,7324,7285,14609,39,1,4,화
2022-01-04,3호선,오금,6178,5564,11742,614,1,4,화
2022-01-04,4호선,수유(강북구청),32097,32251,64348,-154,1,4,화
2022-01-04,4호선,미아(서울사이버대학),13880,13550,27430,330,1,4,화
2022-01-04,4호선,미아사거리,26234,25576,51810,658,1,4,화
2022-01-04,4호선,길음,19007,18769,37776,238,1,4,화
2022-01-04,4호선,성신여대입구(돈암),18370,17764,36134,606,1,4,화
2022-01-04,4호선,한성대입구(삼선교),12067,11996,24063,71,1,4,화
2022-01-04,4호선,혜화,30100,29979,60079,121,1,4,화
2022-01-04,4호선,동대문,18485,18876,37361,-391,1,4,화
2022-01-04,4호선,동대문역사문화공원(DDP),13742,12629,26371,1113,1,4,화
2022-01-04,4호선,충무로,24984,25705,50689,-721,1,4,화
2022-01-04,4호선,명동,17294,17590,34884,-296,1,4,화
2022-01-04,4호선,회현(남대문시장),23355,24635,47990,-1280,1,4,화
2022-01-04,4호선,서울역,10632,14490,25122,-3858,1,4,화
2022-01-04,4호선,숙대입구(갈월),11765,11618,23383,147,1,4,화
2022-01-04,4호선,삼각지,4628,5077,9705,-449,1,4,화
2022-01-04,4호선,신용산,15966,16660,32626,-694,1,4,화
2022-01-04,4호선,이촌(국립중앙박물관),6816,7618,14434,-802,1,4,화
2022-01-04,4호선,동작(현충원),1298,1517,2815,-219,1,4,화
2022-01-04,4호선,총신대입구(이수),18023,19516,37539,-1493,1,4,화
2022-01-04,4호선,사당,23412,19014,42426,4398,1,4,화
2022-01-04,4호선,남태령,1066,973,2039,93,1,4,화
2022-01-04,4호선,당고개,11977,10931,22908,1046,1,4,화
2022-01-04,4호선,상계,18022,16870,34892,1152,1,4,화
2022-01-04,4호선,노원,17883,19899,37782,-2016,1,4,화
2022-01-04,4호선,창동,23838,25271,49109,-1433,1,4,화
2022-01-04,4호선,쌍문,28297,26385,54682,1912,1,4,화
2022-01-04,5호선,방화,6394,6223,12617,171,1,4,화
2022-01-04,5호선,개화산,5349,5150,10499,199,1,4,화
2022-01-04,5호선,김포공항,7106,6443,13549,663,1,4,화
2022-01-04,5호선,송정,6315,5953,12268,362,1,4,화
2022-01-04,5호선,마곡,10636,10444,21080,192,1,4,화
2022-01-04,5호선,발산,19726,19975,39701,-249,1,4,화
2022-01-04,5호선,우장산,13945,13875,27820,70,1,4,화
2022-01-04,5호선,화곡,27313,25873,53186,1440,1,4,화
2022-01-04,5호선,까치산,28007,27451,55458,556,1,4,화
2022-01-04,5호선,신정(은행정),13529,11188,24717,2341,1,4,화
2022-01-04,5호선,목동,16336,17801,34137,-1465,1,4,화
2022-01-04,5호선,오목교(목동운동장앞),21404,22891,44295,-1487,1,4,화
2022-01-04,5호선,양평,7474,7576,15050,-102,1,4,화
2022-01-04,5호선,영등포구청,3916,3986,7902,-70,1,4,화
2022-01-04,5호선,영등포시장,9786,10143,19929,-357,1,4,화
2022-01-04,5호선,신길,4087,4417,8504,-330,1,4,화
2022-01-04,5호선,여의도,29148,29902,59050,-754,1,4,화
2022-01-04,5호선,여의나루,8409,9087,17496,-678,1,4,화
2022-01-04,5호선,마포,14216,14440,28656,-224,1,4,화
2022-01-04,5호선,공덕,13830,14436,28266,-606,1,4,화
2022-01-04,5호선,애오개,6528,6628,13156,-100,1,4,화
2022-01-04,5호선,충정로(경기대입구),4732,4881,9613,-149,1,4,화
2022-01-04,5호선,서대문,18666,18878,37544,-212,1,4,화
2022-01-04,5호선,광화문(세종문화회관),29070,29907,58977,-837,1,4,화
2022-01-04,5호선,종로3가,11425,11225,22650,200,1,4,화
2022-01-04,5호선,을지로4가,6266,6287,12553,-21,1,4,화
2022-01-04,5호선,동대문역사문화공원(DDP),3023,3502,6525,-479,1,4,화
2022-01-04,5호선,청구,3862,3535,7397,327,1,4,화
2022-01-04,5호선,신금호,5951,6268,12219,-317,1,4,화
2022-01-04,5호선,행당,7886,7227,15113,659,1,4,화
2022-01-04,5호선,왕십리(성동구청),4396,4836,9232,-440,1,4,화
2022-01-04,5호선,마장,5505,5033,10538,472,1,4,화
2022-01-04,5호선,답십리,15841,14488,30329,1353,1,4,화
2022-01-04,5호선,장한평,18082,18114,36196,-32,1,4,화
2022-01-04,5호선,군자(능동),10850,11893,22743,-1043,1,4,화
2022-01-04,5호선,아차산(어린이대공원후문),13759,13362,27121,397,1,4,화
2022-01-04,5호선,광나루(장신대),13479,12315,25794,1164,1,4,화
2022-01-04,5호선,천호(풍납토성),17073,17001,34074,72,1,4,화
2022-01-04,5호선,강동,17978,17095,35073,883,1,4,화
2022-01-04,5호선,길동,7787,8252,16039,-465,1,4,화
2022-01-04,5호선,굽은다리(강동구민회관앞),9164,8807,17971,357,1,4,화
2022-01-04,5호선,명일,8294,8741,17035,-447,1,4,화
2022-01-04,5호선,고덕,9186,9296,18482,-110,1,4,화
2022-01-04,5호선,상일동,15180,13940,29120,1240,1,4,화
2022-01-04,5호선,둔촌동,8404,8355,16759,49,1,4,화
2022-01-04,5호선,올림픽공원(한국체대),4077,3614,7691,463,1,4,화
2022-01-04,5호선,방이,7154,7360,14514,-206,1,4,화
2022-01-04,5호선,오금,3681,3718,7399,-37,1,4,화
2022-01-04,5호선,개롱,6070,6447,12517,-377,1,4,화
2022-01-04,5호선,거여,8985,8665,17650,320,1,4,화
2022-01-04,5호선,마천,6693,6609,13302,84,1,4,화
2022-01-04,5호선,강일,3754,3736,7490,18,1,4,화
2022-01-04,5호선,미사,15457,15669,31126,-212,1,4,화
2022-01-04,5호선,하남풍산,4234,4201,8435,33,1,4,화
2022-01-04,5호선,하남시청(덕풍·신장),6166,6086,12252,80,1,4,화
2022-01-04,5호선,하남검단산,5117,5028,10145,89,1,4,화
2022-01-04,6호선,응암,17051,17020,34071,31,1,4,화
2022-01-04,6호선,역촌,3719,4404,8123,-685,1,4,화
2022-01-04,6호선,불광,3898,3859,7757,39,1,4,화
2022-01-04,6호선,독바위,2568,2751,5319,-183,1,4,화
2022-01-04,6호선,구산,7333,5703,13036,1630,1,4,화
2022-01-04,6호선,새절(신사),12264,11535,23799,729,1,4,화
2022-01-04,6호선,증산(명지대앞),9621,9703,19324,-82,1,4,화
2022-01-04,6호선,디지털미디어시티,13520,14944,28464,-1424,1,4,화
2022-01-04,6호선,월드컵경기장(성산),3529,3780,7309,-251,1,4,화
2022-01-04,6호선,마포구청,13748,12838,26586,910,1,4,화
2022-01-04,6호선,망원,12918,13941,26859,-1023,1,4,화
2022-01-04,6호선,합정,12215,11759,23974,456,1,4,화
2022-01-04,6호선,상수,7491,8322,15813,-831,1,4,화
2022-01-04,6호선,광흥창(서강),8728,8729,17457,-1,1,4,화
2022-01-04,6호선,대흥(서강대앞),7329,7667,14996,-338,1,4,화
2022-01-04,6호선,공덕,17842,17129,34971,713,1,4,화
2022-01-04,6호선,효창공원앞,6629,6061,12690,568,1,4,화
2022-01-04,6호선,삼각지,5772,5377,11149,395,1,4,화
2022-01-04,6호선,녹사평(용산구청),4233,4194,8427,39,1,4,화
2022-01-04,6호선,이태원,8286,8343,16629,-57,1,4,화
2022-01-04,6호선,한강진,7421,8319,15740,-898,1,4,화
2022-01-04,6호선,버티고개,1869,2049,3918,-180,1,4,화
2022-01-04,6호선,약수,3501,3471,6972,30,1,4,화
2022-01-04,6호선,청구,3651,3836,7487,-185,1,4,화
2022-01-04,6호선,신당,7830,8290,16120,-460,1,4,화
2022-01-04,6호선,동묘앞,7318,7522,14840,-204,1,4,화
2022-01-04,6호선,창신,3410,2841,6251,569,1,4,화
2022-01-04,6호선,보문,6799,6388,13187,411,1,4,화
2022-01-04,6호선,안암(고대병원앞),9613,9531,19144,82,1,4,화
2022-01-04,6호선,고려대(종암),7339,7222,14561,117,1,4,화
2022-01-04,6호선,월곡(동덕여대),10803,10909,21712,-106,1,4,화
2022-01-04,6호선,상월곡(한국과학기술연구원),5890,5281,11171,609,1,4,화
2022-01-04,6호선,돌곶이,8913,8472,17385,441,1,4,화
2022-01-04,6호선,석계,11665,12199,23864,-534,1,4,화
2022-01-04,6호선,태릉입구,5101,5554,10655,-453,1,4,화
2022-01-04,6호선,화랑대(서울여대입구),11173,8901,20074,2272,1,4,화
2022-01-04,6호선,봉화산(서울의료원),8658,8105,16763,553,1,4,화
2022-01-04,7호선,장암,2224,808,3032,1416,1,4,화
2022-01-04,7호선,도봉산,8702,10007,18709,-1305,1,4,화
2022-01-04,7호선,수락산,11958,11875,23833,83,1,4,화
2022-01-04,7호선,마들,12401,12096,24497,305,1,4,화
2022-01-04,7호선,노원,19184,19808,38992,-624,1,4,화
2022-01-04,7호선,중계,13406,12521,25927,885,1,4,화
2022-01-04,7호선,하계,16832,15901,32733,931,1,4,화
2022-01-04,7호선,공릉(서울과학기술대),11292,11460,22752,-168,1,4,화
2022-01-04,7호선,태릉입구,7952,7500,15452,452,1,4,화
2022-01-04,7호선,먹골,9699,9557,19256,142,1,4,화
2022-01-04,7호선,중화,10687,10493,21180,194,1,4,화
2022-01-04,7호선,상봉(시외버스터미널),16229,15139,31368,1090,1,4,화
2022-01-04,7호선,면목,14821,14542,29363,279,1,4,화
2022-01-04,7호선,사가정,15395,15602,30997,-207,1,4,화
2022-01-04,7호선,용마산(용마폭포공원),5936,6038,11974,-102,1,4,화
2022-01-04,7호선,중곡,10588,10251,20839,337,1,4,화
2022-01-04,7호선,군자(능동),14503,11888,26391,2615,1,4,화
2022-01-04,7호선,어린이대공원(세종대),11435,11330,22765,105,1,4,화
2022-01-04,7호선,건대입구,11611,12288,23899,-677,1,4,화
2022-01-04,7호선,뚝섬유원지,6979,6888,13867,91,1,4,화
2022-01-04,7호선,청담,19265,21423,40688,-2158,1,4,화
2022-01-04,7호선,강남구청,16644,17922,34566,-1278,1,4,화
2022-01-04,7호선,학동,24969,26328,51297,-1359,1,4,화
2022-01-04,7호선,논현,20800,22431,43231,-1631,1,4,화
2022-01-04,7호선,반포,5671,5372,11043,299,1,4,화
2022-01-04,7호선,고속터미널,14584,12311,26895,2273,1,4,화
2022-01-04,7호선,내방,14533,14778,29311,-245,1,4,화
2022-01-04,7호선,이수,15012,14650,29662,362,1,4,화
2022-01-04,7호선,남성,10772,10185,20957,587,1,4,화
2022-01-04,7호선,숭실대입구(살피재),11270,11533,22803,-263,1,4,화
2022-01-04,7호선,상도,10402,10176,20578,226,1,4,화
2022-01-04,7호선,장승배기,8825,8739,17564,86,1,4,화
2022-01-04,7호선,신대방삼거리,16203,15790,31993,413,1,4,화
2022-01-04,7호선,보라매,9772,9812,19584,-40,1,4,화
2022-01-04,7호선,신풍,11190,10767,21957,423,1,4,화
2022-01-04,7호선,대림(구로구청),7571,7706,15277,-135,1,4,화
2022-01-04,7호선,남구로,16003,16877,32880,-874,1,4,화
2022-01-04,7호선,가산디지털단지,47783,47569,95352,214,1,4,화
2022-01-04,7호선,철산,20328,20906,41234,-578,1,4,화
2022-01-04,7호선,광명사거리,21510,21227,42737,283,1,4,화
2022-01-04,7호선,천왕,11321,10879,22200,442,1,4,화
2022-01-04,7호선,온수(성공회대입구),10067,9279,19346,788,1,4,화
2022-01-04,7호선,까치울,2,0,2,2,1,4,화
2022-01-04,7호선,춘의,1,0,1,1,1,4,화
2022-01-04,7호선,신중동,2,0,2,2,1,4,화
2022-01-04,7호선,부천시청,2,0,2,2,1,4,화
2022-01-04,7호선,상동,3,0,3,3,1,4,화
2022-01-04,7호선,삼산체육관,1,0,1,1,1,4,화
2022-01-04,7호선,굴포천,3,0,3,3,1,4,화
2022-01-04,8호선,암사,18470,16513,34983,1957,1,4,화
2022-01-04,8호선,천호(풍납토성),14394,16402,30796,-2008,1,4,화
2022-01-04,8호선,강동구청,10325,10838,21163,-513,1,4,화
2022-01-04,8호선,몽촌토성(평화의문),6012,5906,11918,106,1,4,화
2022-01-04,8호선,잠실(송파구청),13673,15757,29430,-2084,1,4,화
2022-01-04,8호선,석촌,7704,8867,16571,-1163,1,4,화
2022-01-04,8호선,송파,7236,7405,14641,-169,1,4,화
2022-01-04,8호선,가락시장,7594,8261,15855,-667,1,4,화
2022-01-04,8호선,문정,22640,23757,46397,-1117,1,4,화
2022-01-04,8호선,장지,16924,16435,33359,489,1,4,화
2022-01-04,8호선,복정,9321,7871,17192,1450,1,4,화
2022-01-04,8호선,산성,5129,5188,10317,-59,1,4,화
2022-01-04,8호선,남한산성입구(성남법원.검찰청),13195,12277,25472,918,1,4,화
2022-01-04,8호선,단대오거리,10160,10134,20294,26,1,4,화
2022-01-04,8호선,신흥,4066,4433,8499,-367,1,4,화
2022-01-04,8호선,수진,5243,4788,10031,455,1,4,화
2022-01-04,8호선,모란,5719,4466,10185,1253,1,4,화
2022-01-04,8호선,남위례,3426,3778,7204,-352,1,4,화
2022-01-04,9호선,개화,2352,1738,4090,614,1,4,화
2022-01-04,9호선,김포공항,6735,9862,16597,-3127,1,4,화
2022-01-04,9호선,공항시장,2800,3086,5886,-286,1,4,화
2022-01-04,9호선,신방화,6615,6453,13068,162,1,4,화
2022-01-04,9호선,마곡나루(서울식물원),11490,11390,22880,100,1,4,화
2022-01-04,9호선,양천향교,9242,9484,18726,-242,1,4,화
2022-01-04,9호선,가양,19877,19401,39278,476,1,4,화
2022-01-04,9호선,증미,7374,7394,14768,-20,1,4,화
2022-01-04,9호선,등촌,11239,11024,22263,215,1,4,화
2022-01-04,9호선,염창,16795,16567,33362,228,1,4,화
2022-01-04,9호선,신목동,3989,3660,7649,329,1,4,화
2022-01-04,9호선,선유도,8898,8579,17477,319,1,4,화
2022-01-04,9호선,당산,17550,17565,35115,-15,1,4,화
2022-01-04,9호선,국회의사당,16980,17245,34225,-265,1,4,화
2022-01-04,9호선,여의도,27296,26028,53324,1268,1,4,화
2022-01-04,9호선,샛강,5824,6072,11896,-248,1,4,화
2022-01-04,9호선,노량진,24908,24385,49293,523,1,4,화
2022-01-04,9호선,노들,4260,3815,8075,445,1,4,화
2022-01-04,9호선,흑석(중앙대입구),7598,7997,15595,-399,1,4,화
2022-01-04,9호선,동작(현충원),1740,1451,3191,289,1,4,화
2022-01-04,9호선,구반포,1478,1569,3047,-91,1,4,화
2022-01-04,9호선,신반포,3034,3088,6122,-54,1,4,화
2022-01-04,9호선,고속터미널,10962,13876,24838,-2914,1,4,화
2022-01-04,9호선,사평,3434,3375,6809,59,1,4,화
2022-01-04,9호선,신논현,31815,31270,63085,545,1,4,화
2022-01-04,9호선2~3단계,언주,10831,11089,21920,-258,1,4,화
2022-01-04,9호선2~3단계,선정릉,9721,10579,20300,-858,1,4,화
2022-01-04,9호선2~3단계,삼성중앙,6712,7034,13746,-322,1,4,화
2022-01-04,9호선2~3단계,봉은사,15225,15691,30916,-466,1,4,화
2022-01-04,9호선2~3단계,종합운동장,4083,4170,8253,-87,1,4,화
2022-01-04,9호선2~3단계,삼전,6764,6709,13473,55,1,4,화
2022-01-04,9호선2~3단계,석촌고분,5987,6011,11998,-24,1,4,화
2022-01-04,9호선2~3단계,석촌,8066,7309,15375,757,1,4,화
2022-01-04,9호선2~3단계,송파나루,5066,5337,10403,-271,1,4,화
2022-01-04,9호선2~3단계,한성백제,2463,2302,4765,161,1,4,화
2022-01-04,9호선2~3단계,올림픽공원(한국체대),5701,5594,11295,107,1,4,화
2022-01-04,9호선2~3단계,둔촌오륜,925,895,1820,30,1,4,화
2022-01-04,9호선2~3단계,중앙보훈병원,10749,9507,20256,1242,1,4,화
2022-01-04,경강선,판교,4577,4518,9095,59,1,4,화
2022-01-04,경강선,이매,1007,938,1945,69,1,4,화
2022-01-04,경강선,삼동,2305,2133,4438,172,1,4,화
2022-01-04,경강선,경기광주,7528,7098,14626,430,1,4,화
2022-01-04,경강선,초월,2999,2929,5928,70,1,4,화
2022-01-04,경강선,곤지암,2032,1999,4031,33,1,4,화
2022-01-04,경강선,신둔도예촌,1258,1211,2469,47,1,4,화
2022-01-04,경강선,이천,2328,2368,4696,-40,1,4,화
2022-01-04,경강선,부발,1853,1761,3614,92,1,4,화
2022-01-04,경강선,세종대왕릉,247,252,499,-5,1,4,화
2022-01-04,경강선,여주,1737,1748,3485,-11,1,4,화
2022-01-04,경부선,서울역,4733,1570,6303,3163,1,4,화
2022-01-04,경부선,남영,8695,8893,17588,-198,1,4,화
2022-01-04,경부선,용산,29871,29605,59476,266,1,4,화
2022-01-04,경부선,노량진,7606,7820,15426,-214,1,4,화
2022-01-04,경부선,대방,12610,13017,25627,-407,1,4,화
2022-01-04,경부선,영등포,34044,34859,68903,-815,1,4,화
2022-01-04,경부선,신도림,3899,3712,7611,187,1,4,화
2022-01-04,경부선,신길,8527,7212,15739,1315,1,4,화
2022-01-04,경부선,구로,17777,18085,35862,-308,1,4,화
2022-01-04,경부선,가산디지털단지,18184,21058,39242,-2874,1,4,화
2022-01-04,경부선,금천구청,11268,11238,22506,30,1,4,화
2022-01-04,경부선,석수,9336,8418,17754,918,1,4,화
2022-01-04,경부선,관악,6908,6483,13391,425,1,4,화
2022-01-04,경부선,안양,19921,19696,39617,225,1,4,화
2022-01-04,경부선,명학,8580,8557,17137,23,1,4,화
2022-01-04,경부선,금정,25689,26385,52074,-696,1,4,화
2022-01-04,경부선,군포,7618,7592,15210,26,1,4,화
2022-01-04,경부선,의왕,8699,8756,17455,-57,1,4,화
2022-01-04,경부선,성균관대,13117,13128,26245,-11,1,4,화
2022-01-04,경부선,화서,7582,7379,14961,203,1,4,화
2022-01-04,경부선,수원,29545,31396,60941,-1851,1,4,화
2022-01-04,경부선,독산,18510,19359,37869,-849,1,4,화
2022-01-04,경부선,세류,2684,2494,5178,190,1,4,화
2022-01-04,경부선,병점,12898,12867,25765,31,1,4,화
2022-01-04,경부선,세마,2667,2503,5170,164,1,4,화
2022-01-04,경부선,오산대,3030,2829,5859,201,1,4,화
2022-01-04,경부선,오산,8719,8528,17247,191,1,4,화
2022-01-04,경부선,진위,1554,1343,2897,211,1,4,화
2022-01-04,경부선,송탄,3750,3736,7486,14,1,4,화
2022-01-04,경부선,서정리,5887,5557,11444,330,1,4,화
2022-01-04,경부선,평택지제,3060,3013,6073,47,1,4,화
2022-01-04,경부선,평택,9929,9726,19655,203,1,4,화
2022-01-04,경부선,성환,2654,2723,5377,-69,1,4,화
2022-01-04,경부선,직산,714,666,1380,48,1,4,화
2022-01-04,경부선,두정,4189,4176,8365,13,1,4,화
2022-01-04,경부선,천안,4237,4219,8456,18,1,4,화
2022-01-04,경부선,당정,5798,5604,11402,194,1,4,화
2022-01-04,경부선,서동탄,1425,1178,2603,247,1,4,화
2022-01-04,경부선,광명,2994,2543,5537,451,1,4,화
2022-01-04,경원선,이촌(국립중앙박물관),3418,2729,6147,689,1,4,화
2022-01-04,경원선,서빙고,1962,1848,3810,114,1,4,화
2022-01-04,경원선,한남,3969,3682,7651,287,1,4,화
2022-01-04,경원선,옥수,44,32,76,12,1,4,화
2022-01-04,경원선,응봉,1764,1521,3285,243,1,4,화
2022-01-04,경원선,왕십리(성동구청),12904,14399,27303,-1495,1,4,화
2022-01-04,경원선,청량리(서울시립대입구),13183,13679,26862,-496,1,4,화
2022-01-04,경원선,외대앞,6726,6770,13496,-44,1,4,화
2022-01-04,경원선,신이문,8035,7540,15575,495,1,4,화
2022-01-04,경원선,석계,7524,8648,16172,-1124,1,4,화
2022-01-04,경원선,광운대,7199,6955,14154,244,1,4,화
2022-01-04,경원선,월계,5956,5647,11603,309,1,4,화
2022-01-04,경원선,녹천,4368,3773,8141,595,1,4,화
2022-01-04,경원선,방학,9088,8910,17998,178,1,4,화
2022-01-04,경원선,도봉,5639,5542,11181,97,1,4,화
2022-01-04,경원선,도봉산,6939,4388,11327,2551,1,4,화
2022-01-04,경원선,회룡,11853,11790,23643,63,1,4,화
2022-01-04,경원선,의정부,16924,17272,34196,-348,1,4,화
2022-01-04,경원선,가능,6088,5869,11957,219,1,4,화
2022-01-04,경원선,녹양,4139,3888,8027,251,1,4,화
2022-01-04,경원선,양주,6911,6526,13437,385,1,4,화
2022-01-04,경원선,덕계,2860,2501,5361,359,1,4,화
2022-01-04,경원선,덕정,4887,4832,9719,55,1,4,화
2022-01-04,경원선,지행,6014,5934,11948,80,1,4,화
2022-01-04,경원선,동두천중앙,2936,2792,5728,144,1,4,화
2022-01-04,경원선,보산,1296,1183,2479,113,1,4,화
2022-01-04,경원선,동두천,1932,2170,4102,-238,1,4,화
2022-01-04,경원선,소요산,2210,1931,4141,279,1,4,화
2022-01-04,경의선,서울역,4089,5117,9206,-1028,1,4,화
2022-01-04,경의선,신촌,845,1069,1914,-224,1,4,화
2022-01-04,경의선,효창공원앞,2832,3269,6101,-437,1,4,화
2022-01-04,경의선,공덕,3377,2979,6356,398,1,4,화
2022-01-04,경의선,서강대,1972,1921,3893,51,1,4,화
2022-01-04,경의선,홍대입구,1621,1903,3524,-282,1,4,화
2022-01-04,경의선,가좌,4992,4922,9914,70,1,4,화
2022-01-04,경의선,디지털미디어시티,2390,2200,4590,190,1,4,화
2022-01-04,경의선,수색,2698,2791,5489,-93,1,4,화
2022-01-04,경의선,화전,1456,1328,2784,128,1,4,화
2022-01-04,경의선,강매,3119,2813,5932,306,1,4,화
2022-01-04,경의선,행신,7445,7553,14998,-108,1,4,화
2022-01-04,경의선,능곡,3575,3314,6889,261,1,4,화
2022-01-04,경의선,곡산,559,572,1131,-13,1,4,화
2022-01-04,경의선,백마,6529,6461,12990,68,1,4,화
2022-01-04,경의선,풍산,5194,4847,10041,347,1,4,화
2022-01-04,경의선,일산,8931,8782,17713,149,1,4,화
2022-01-04,경의선,탄현,7495,7181,14676,314,1,4,화
2022-01-04,경의선,야당,7009,6697,13706,312,1,4,화
2022-01-04,경의선,운정,6440,6163,12603,277,1,4,화
2022-01-04,경의선,금릉,4571,4402,8973,169,1,4,화
2022-01-04,경의선,금촌,5949,5881,11830,68,1,4,화
2022-01-04,경의선,월롱,2194,2113,4307,81,1,4,화
2022-01-04,경의선,파주,912,664,1576,248,1,4,화
2022-01-04,경의선,문산,4898,4807,9705,91,1,4,화
2022-01-04,경의선,임진강,7,3,10,4,1,4,화
2022-01-04,경의선,검암,1,0,1,1,1,4,화
2022-01-04,경인선,개봉,20358,20519,40877,-161,1,4,화
2022-01-04,경인선,오류동,11182,10717,21899,465,1,4,화
2022-01-04,경인선,역곡,25609,25797,51406,-188,1,4,화
2022-01-04,경인선,부천,29662,29694,59356,-32,1,4,화
2022-01-04,경인선,송내,25518,25694,51212,-176,1,4,화
2022-01-04,경인선,부평,27539,28553,56092,-1014,1,4,화
2022-01-04,경인선,백운,6407,6435,12842,-28,1,4,화
2022-01-04,경인선,동암,13958,13987,27945,-29,1,4,화
2022-01-04,경인선,주안,17117,15532,32649,1585,1,4,화
2022-01-04,경인선,제물포,9681,9192,18873,489,1,4,화
2022-01-04,경인선,동인천,12670,11942,24612,728,1,4,화
2022-01-04,경인선,인천,3102,2308,5410,794,1,4,화
2022-01-04,경인선,구일,5842,5927,11769,-85,1,4,화
2022-01-04,경인선,소사,7992,7733,15725,259,1,4,화
2022-01-04,경인선,부개,8000,7558,15558,442,1,4,화
2022-01-04,경인선,간석,5469,5237,10706,232,1,4,화
2022-01-04,경인선,도원,2891,2878,5769,13,1,4,화
2022-01-04,경인선,온수(성공회대입구),6131,5854,11985,277,1,4,화
2022-01-04,경인선,중동,8887,8453,17340,434,1,4,화
2022-01-04,경인선,도화,3955,3750,7705,205,1,4,화
2022-01-04,경춘선,신내,1899,1777,3676,122,1,4,화
2022-01-04,경춘선,갈매,2968,2625,5593,343,1,4,화
2022-01-04,경춘선,별내,3200,2998,6198,202,1,4,화
2022-01-04,경춘선,퇴계원,3371,3142,6513,229,1,4,화
2022-01-04,경춘선,사릉,3105,2922,6027,183,1,4,화
2022-01-04,경춘선,금곡,1409,1262,2671,147,1,4,화
2022-01-04,경춘선,평내호평,5907,5608,11515,299,1,4,화
2022-01-04,경춘선,천마산,1477,1400,2877,77,1,4,화
2022-01-04,경춘선,마석,3476,3383,6859,93,1,4,화
2022-01-04,경춘선,대성리,364,320,684,44,1,4,화
2022-01-04,경춘선,청평,1392,1308,2700,84,1,4,화
2022-01-04,경춘선,상천,180,172,352,8,1,4,화
2022-01-04,경춘선,가평,1298,1360,2658,-62,1,4,화
2022-01-04,경춘선,굴봉산,103,124,227,-21,1,4,화
2022-01-04,경춘선,백양리,269,201,470,68,1,4,화
2022-01-04,경춘선,강촌,277,276,553,1,1,4,화
2022-01-04,경춘선,김유정,269,228,497,41,1,4,화
2022-01-04,경춘선,남춘천,1776,1887,3663,-111,1,4,화
2022-01-04,경춘선,춘천,960,928,1888,32,1,4,화
2022-01-04,공항철도 1호선,서울역,6535,5727,12262,808,1,4,화
2022-01-04,공항철도 1호선,공덕,2234,2780,5014,-546,1,4,화
2022-01-04,공항철도 1호선,홍대입구,8879,9076,17955,-197,1,4,화
2022-01-04,공항철도 1호선,디지털미디어시티,13872,12599,26471,1273,1,4,화
2022-01-04,공항철도 1호선,마곡나루(서울식물원),8652,8106,16758,546,1,4,화
2022-01-04,공항철도 1호선,김포공항,10970,5986,16956,4984,1,4,화
2022-01-04,공항철도 1호선,계양,9741,9256,18997,485,1,4,화
2022-01-04,공항철도 1호선,검암,6453,6288,12741,165,1,4,화
2022-01-04,공항철도 1호선,청라국제도시,6587,6219,12806,368,1,4,화
2022-01-04,공항철도 1호선,운서,6035,6131,12166,-96,1,4,화
2022-01-04,공항철도 1호선,공항화물청사,2324,2514,4838,-190,1,4,화
2022-01-04,공항철도 1호선,인천공항1터미널,3527,3855,7382,-328,1,4,화
2022-01-04,공항철도 1호선,인천공항2터미널,2009,2108,4117,-99,1,4,화
2022-01-04,공항철도 1호선,영종,2853,2798,5651,55,1,4,화
2022-01-04,과천선,선바위,7970,7016,14986,954,1,4,화
2022-01-04,과천선,경마공원,1292,1243,2535,49,1,4,화
2022-01-04,과천선,대공원,2253,2372,4625,-119,1,4,화
2022-01-04,과천선,과천,5831,5436,11267,395,1,4,화
2022-01-04,과천선,정부과천청사,10462,10310,20772,152,1,4,화
2022-01-04,과천선,인덕원,23362,24546,47908,-1184,1,4,화
2022-01-04,과천선,평촌,17983,17669,35652,314,1,4,화
2022-01-04,과천선,범계,24996,24679,49675,317,1,4,화
2022-01-04,분당선,선릉,13895,20726,34621,-6831,1,4,화
2022-01-04,분당선,한티,14596,15573,30169,-977,1,4,화
2022-01-04,분당선,도곡,6697,6632,13329,65,1,4,화
2022-01-04,분당선,구룡,1925,1930,3855,-5,1,4,화
2022-01-04,분당선,개포동,3642,3851,7493,-209,1,4,화
2022-01-04,분당선,대모산입구,4309,4109,8418,200,1,4,화
2022-01-04,분당선,수서,13025,13109,26134,-84,1,4,화
2022-01-04,분당선,복정,1,0,1,1,1,4,화
2022-01-04,분당선,수원,7561,6391,13952,1170,1,4,화
2022-01-04,분당선,서울숲,10007,10192,20199,-185,1,4,화
2022-01-04,분당선,압구정로데오,18591,19819,38410,-1228,1,4,화
2022-01-04,분당선,강남구청,10087,11461,21548,-1374,1,4,화
2022-01-04,분당선,선정릉,8192,8696,16888,-504,1,4,화
2022-01-04,분당선,가천대,6246,7160,13406,-914,1,4,화
2022-01-04,분당선,태평,13311,12955,26266,356,1,4,화
2022-01-04,분당선,모란,24117,25092,49209,-975,1,4,화
2022-01-04,분당선,야탑,25318,26436,51754,-1118,1,4,화
2022-01-04,분당선,서현,25134,25362,50496,-228,1,4,화
2022-01-04,분당선,수내,13376,13371,26747,5,1,4,화
2022-01-04,분당선,정자,17272,18179,35451,-907,1,4,화
2022-01-04,분당선,미금,15468,16387,31855,-919,1,4,화
2022-01-04,분당선,오리,11697,9591,21288,2106,1,4,화
2022-01-04,분당선,이매,5869,5443,11312,426,1,4,화
2022-01-04,분당선,보정,2337,2093,4430,244,1,4,화
2022-01-04,분당선,죽전,12697,13911,26608,-1214,1,4,화
2022-01-04,분당선,구성,4915,5240,10155,-325,1,4,화
2022-01-04,분당선,신갈,4569,4474,9043,95,1,4,화
2022-01-04,분당선,기흥,9293,8762,18055,531,1,4,화
2022-01-04,분당선,상갈,5211,4959,10170,252,1,4,화
2022-01-04,분당선,청명,4055,4005,8060,50,1,4,화
2022-01-04,분당선,영통,7793,7970,15763,-177,1,4,화
2022-01-04,분당선,망포,13925,13370,27295,555,1,4,화
2022-01-04,분당선,매탄권선,4772,4654,9426,118,1,4,화
2022-01-04,분당선,수원시청,12031,12930,24961,-899,1,4,화
2022-01-04,분당선,매교,2654,2661,5315,-7,1,4,화
2022-01-04,수인선,고색,4536,4241,8777,295,1,4,화
2022-01-04,수인선,오목천,2600,2410,5010,190,1,4,화
2022-01-04,수인선,어천,627,628,1255,-1,1,4,화
2022-01-04,수인선,야목,291,241,532,50,1,4,화
2022-01-04,수인선,사리,4212,3755,7967,457,1,4,화
2022-01-04,수인선,달월,103,49,152,54,1,4,화
2022-01-04,수인선,월곶,2254,2144,4398,110,1,4,화
2022-01-04,수인선,소래포구,4490,4213,8703,277,1,4,화
2022-01-04,수인선,인천논현,5109,5448,10557,-339,1,4,화
2022-01-04,수인선,호구포,3825,3913,7738,-88,1,4,화
2022-01-04,수인선,남동인더스파크,2216,2522,4738,-306,1,4,화
2022-01-04,수인선,원인재,4141,4244,8385,-103,1,4,화
2022-01-04,수인선,연수,4132,4172,8304,-40,1,4,화
2022-01-04,수인선,송도,2315,2095,4410,220,1,4,화
2022-01-04,수인선,인하대,5329,5128,10457,201,1,4,화
2022-01-04,수인선,숭의,3946,3740,7686,206,1,4,화
2022-01-04,수인선,신포,1676,1695,3371,-19,1,4,화
2022-01-04,수인선,인천,934,1556,2490,-622,1,4,화
2022-01-04,안산선,산본,15295,16235,31530,-940,1,4,화
2022-01-04,안산선,대야미,4799,4390,9189,409,1,4,화
2022-01-04,안산선,반월,4047,3870,7917,177,1,4,화
2022-01-04,안산선,상록수,14495,14955,29450,-460,1,4,화
2022-01-04,안산선,한대앞,8197,8340,16537,-143,1,4,화
2022-01-04,안산선,중앙,16775,17001,33776,-226,1,4,화
2022-01-04,안산선,고잔,8467,7965,16432,502,1,4,화
2022-01-04,안산선,초지,4300,4420,8720,-120,1,4,화
2022-01-04,안산선,안산,10969,9857,20826,1112,1,4,화
2022-01-04,안산선,신길온천,1593,1514,3107,79,1,4,화
2022-01-04,안산선,정왕,7116,7449,14565,-333,1,4,화
2022-01-04,안산선,오이도,7605,7412,15017,193,1,4,화
2022-01-04,안산선,수리산,4066,3312,7378,754,1,4,화
2022-01-04,우이신설선,북한산우이,2405,2143,4548,262,1,4,화
2022-01-04,우이신설선,솔밭공원,2405,2302,4707,103,1,4,화
2022-01-04,우이신설선,4.19민주묘지,2626,2480,5106,146,1,4,화
2022-01-04,우이신설선,화계,3182,2960,6142,222,1,4,화
2022-01-04,우이신설선,삼양,1914,2051,3965,-137,1,4,화
2022-01-04,우이신설선,삼양사거리,2316,2317,4633,-1,1,4,화
2022-01-04,우이신설선,솔샘,5655,5448,11103,207,1,4,화
2022-01-04,우이신설선,북한산보국문,5576,5514,11090,62,1,4,화
2022-01-04,우이신설선,정릉,4341,4097,8438,244,1,4,화
2022-01-04,우이신설선,성신여대입구(돈암),3128,3396,6524,-268,1,4,화
2022-01-04,우이신설선,보문,1370,1393,2763,-23,1,4,화
2022-01-04,우이신설선,신설동,1995,1907,3902,88,1,4,화
2022-01-04,일산선,원흥,10196,9835,20031,361,1,4,화
2022-01-04,일산선,삼송,18279,18034,36313,245,1,4,화
2022-01-04,일산선,원당,10620,10186,20806,434,1,4,화
2022-01-04,일산선,화정,16425,16716,33141,-291,1,4,화
2022-01-04,일산선,대곡,1878,1429,3307,449,1,4,화
2022-01-04,일산선,백석,9518,9585,19103,-67,1,4,화
2022-01-04,일산선,마두,7000,7340,14340,-340,1,4,화
2022-01-04,일산선,정발산,6988,7060,14048,-72,1,4,화
2022-01-04,일산선,주엽,8589,8539,17128,50,1,4,화
2022-01-04,일산선,대화,12193,9625,21818,2568,1,4,화
2022-01-04,장항선,봉명,1170,1190,2360,-20,1,4,화
2022-01-04,장항선,쌍용(나사렛대),1785,1663,3448,122,1,4,화
2022-01-04,장항선,아산,2288,2206,4494,82,1,4,화
2022-01-04,장항선,탕정,343,311,654,32,1,4,화
2022-01-04,장항선,배방,862,856,1718,6,1,4,화
2022-01-04,장항선,온양온천,3988,3978,7966,10,1,4,화
2022-01-04,장항선,신창(순천향대),822,794,1616,28,1,4,화
2022-01-04,중앙선,회기,22252,21802,44054,450,1,4,화
2022-01-04,중앙선,중랑,5259,5023,10282,236,1,4,화
2022-01-04,중앙선,상봉(시외버스터미널),5409,5442,10851,-33,1,4,화
2022-01-04,중앙선,망우,6985,6998,13983,-13,1,4,화
2022-01-04,중앙선,양원,1860,1876,3736,-16,1,4,화
2022-01-04,중앙선,구리,12815,12983,25798,-168,1,4,화
2022-01-04,중앙선,도농,9868,9128,18996,740,1,4,화
2022-01-04,중앙선,양정,637,562,1199,75,1,4,화
2022-01-04,중앙선,덕소,5393,5336,10729,57,1,4,화
2022-01-04,중앙선,도심,2183,1721,3904,462,1,4,화
2022-01-04,중앙선,팔당,740,740,1480,0,1,4,화
2022-01-04,중앙선,운길산,555,488,1043,67,1,4,화
2022-01-04,중앙선,양수,1555,1576,3131,-21,1,4,화
2022-01-04,중앙선,신원,171,146,317,25,1,4,화
2022-01-04,중앙선,국수,572,604,1176,-32,1,4,화
2022-01-04,중앙선,아신,455,471,926,-16,1,4,화
2022-01-04,중앙선,오빈,257,241,498,16,1,4,화
2022-01-04,중앙선,양평,2345,2328,4673,17,1,4,화
2022-01-04,중앙선,원덕,260,247,507,13,1,4,화
2022-01-04,중앙선,용문,1425,1476,2901,-51,1,4,화
2022-01-04,중앙선,지평,53,56,109,-3,1,4,화
2022-01-04,2호선,아현,9557,9266,18823,291,1,4,화
2022-01-05,2호선,영등포구청,22749,23126,45875,-377,1,5,수
2022-01-05,2호선,당산,17847,20544,38391,-2697,1,5,수
2022-01-05,2호선,합정,29420,30363,59783,-943,1,5,수
2022-01-05,2호선,홍대입구,50074,51299,101373,-1225,1,5,수
2022-01-05,2호선,신촌,30378,31188,61566,-810,1,5,수
2022-01-05,2호선,이대,12165,12863,25028,-698,1,5,수
2022-01-05,2호선,아현,9670,9322,18992,348,1,5,수
2022-01-05,2호선,충정로(경기대입구),9583,10242,19825,-659,1,5,수
2022-01-05,2호선,용답,2544,2648,5192,-104,1,5,수
2022-01-05,우이신설선,성신여대입구(돈암),3095,3449,6544,-354,1,5,수
2022-01-05,우이신설선,보문,1410,1446,2856,-36,1,5,수
2022-01-05,우이신설선,신설동,2083,1962,4045,121,1,5,수
2022-01-05,일산선,원흥,10245,9828,20073,417,1,5,수
2022-01-05,일산선,삼송,18494,18187,36681,307,1,5,수
2022-01-05,일산선,원당,10614,10147,20761,467,1,5,수
2022-01-05,일산선,화정,16208,16545,32753,-337,1,5,수
2022-01-05,일산선,대곡,1795,1403,3198,392,1,5,수
2022-01-05,일산선,백석,9322,9362,18684,-40,1,5,수
2022-01-05,일산선,마두,7094,7289,14383,-195,1,5,수
2022-01-05,일산선,정발산,6722,6659,13381,63,1,5,수
2022-01-05,일산선,주엽,8440,8489,16929,-49,1,5,수
2022-01-05,일산선,대화,11918,9542,21460,2376,1,5,수
2022-01-05,장항선,봉명,1070,1067,2137,3,1,5,수
2022-01-05,장항선,쌍용(나사렛대),1610,1477,3087,133,1,5,수
2022-01-05,장항선,아산,2200,2079,4279,121,1,5,수
2022-01-05,장항선,탕정,347,305,652,42,1,5,수
2022-01-05,장항선,배방,836,788,1624,48,1,5,수
2022-01-05,장항선,온양온천,2928,2941,5869,-13,1,5,수
2022-01-05,장항선,신창(순천향대),779,826,1605,-47,1,5,수
2022-01-05,중앙선,회기,22020,21563,43583,457,1,5,수
2022-01-05,중앙선,중랑,5231,5099,10330,132,1,5,수
2022-01-05,중앙선,상봉(시외버스터미널),5397,5498,10895,-101,1,5,수
2022-01-05,중앙선,망우,7345,7314,14659,31,1,5,수
2022-01-05,중앙선,양원,1884,1874,3758,10,1,5,수
2022-01-05,중앙선,구리,12947,13081,26028,-134,1,5,수
2022-01-05,중앙선,도농,10105,9299,19404,806,1,5,수
2022-01-05,중앙선,양정,675,601,1276,74,1,5,수
2022-01-05,중앙선,덕소,5370,5262,10632,108,1,5,수
2022-01-05,중앙선,도심,2265,1868,4133,397,1,5,수
2022-01-05,중앙선,팔당,744,774,1518,-30,1,5,수
2022-01-05,중앙선,운길산,567,513,1080,54,1,5,수
2022-01-05,중앙선,양수,1519,1547,3066,-28,1,5,수
2022-01-05,중앙선,신원,173,140,313,33,1,5,수
2022-01-05,중앙선,국수,574,589,1163,-15,1,5,수
2022-01-05,중앙선,아신,439,457,896,-18,1,5,수
2022-01-05,중앙선,오빈,264,267,531,-3,1,5,수
2022-01-05,중앙선,양평,2342,2270,4612,72,1,5,수
2022-01-05,중앙선,원덕,301,264,565,37,1,5,수
2022-01-05,중앙선,용문,2460,2411,4871,49,1,5,수
2022-01-05,중앙선,지평,59,82,141,-23,1,5,수
2022-01-05,2호선,신답,1656,1899,3555,-243,1,5,수
2022-01-05,2호선,신설동,3043,3168,6211,-125,1,5,수
2022-01-05,2호선,도림천,1438,1433,2871,5,1,5,수
2022-01-05,2호선,양천구청,6528,6946,13474,-418,1,5,수
2022-01-05,2호선,신정네거리,10021,10409,20430,-388,1,5,수
2022-01-05,2호선,용두(동대문구청),2287,2329,4616,-42,1,5,수
2022-01-05,3호선,지축,4448,4357,8805,91,1,5,수
2022-01-05,3호선,구파발,19685,18774,38459,911,1,5,수
2022-01-05,3호선,연신내,34944,33338,68282,1606,1,5,수
2022-01-05,3호선,불광,15412,16556,31968,-1144,1,5,수
2022-01-05,3호선,녹번,15124,13844,28968,1280,1,5,수
2022-01-05,3호선,홍제,16300,15518,31818,782,1,5,수
2022-01-05,3호선,무악재,3711,3770,7481,-59,1,5,수
2022-01-05,3호선,독립문,6160,6354,12514,-194,1,5,수
2022-01-05,3호선,경복궁(정부서울청사),18369,17745,36114,624,1,5,수
2022-01-05,3호선,안국,18790,19178,37968,-388,1,5,수
2022-01-05,3호선,종로3가,9964,11197,21161,-1233,1,5,수
2022-01-05,3호선,을지로3가,10395,10601,20996,-206,1,5,수
2022-01-05,3호선,충무로,1,0,1,1,1,5,수
2022-01-05,3호선,동대입구,6676,6914,13590,-238,1,5,수
2022-01-05,3호선,약수,12313,11967,24280,346,1,5,수
2022-01-05,3호선,금호,7601,7301,14902,300,1,5,수
2022-01-05,3호선,옥수,8424,8781,17205,-357,1,5,수
2022-01-05,3호선,압구정,32478,34335,66813,-1857,1,5,수
2022-01-05,3호선,신사,30479,31702,62181,-1223,1,5,수
2022-01-05,3호선,잠원,4705,4693,9398,12,1,5,수
2022-01-05,3호선,고속터미널,36547,34559,71106,1988,1,5,수
2022-01-05,3호선,교대(법원.검찰청),13423,8929,22352,4494,1,5,수
2022-01-05,3호선,남부터미널(예술의전당),27735,28321,56056,-586,1,5,수
2022-01-05,3호선,양재(서초구청),38153,40985,79138,-2832,1,5,수
2022-01-05,3호선,매봉,12512,11952,24464,560,1,5,수
2022-01-05,3호선,도곡,5184,5307,10491,-123,1,5,수
2022-01-05,3호선,대치,11086,11105,22191,-19,1,5,수
2022-01-05,3호선,학여울,1662,1731,3393,-69,1,5,수
2022-01-05,3호선,대청,9830,9155,18985,675,1,5,수
2022-01-05,3호선,일원,9838,9638,19476,200,1,5,수
2022-01-05,3호선,수서,15578,15935,31513,-357,1,5,수
2022-01-05,3호선,가락시장,8693,8459,17152,234,1,5,수
2022-01-05,3호선,경찰병원,7544,7585,15129,-41,1,5,수
2022-01-05,3호선,오금,6087,5366,11453,721,1,5,수
2022-01-05,4호선,수유(강북구청),32049,32473,64522,-424,1,5,수
2022-01-05,4호선,미아(서울사이버대학),13948,13714,27662,234,1,5,수
2022-01-05,4호선,미아사거리,25965,25465,51430,500,1,5,수
2022-01-05,4호선,길음,19539,19120,38659,419,1,5,수
2022-01-05,4호선,성신여대입구(돈암),18464,17978,36442,486,1,5,수
2022-01-05,4호선,한성대입구(삼선교),12363,11937,24300,426,1,5,수
2022-01-05,4호선,혜화,30376,30578,60954,-202,1,5,수
2022-01-05,4호선,동대문,18478,19012,37490,-534,1,5,수
2022-01-05,4호선,동대문역사문화공원(DDP),14053,12861,26914,1192,1,5,수
2022-01-05,4호선,충무로,25051,25916,50967,-865,1,5,수
2022-01-05,4호선,명동,17459,18007,35466,-548,1,5,수
2022-01-05,4호선,회현(남대문시장),23156,24626,47782,-1470,1,5,수
2022-01-05,4호선,서울역,10765,14349,25114,-3584,1,5,수
2022-01-05,4호선,숙대입구(갈월),11971,11758,23729,213,1,5,수
2022-01-05,4호선,삼각지,4749,5174,9923,-425,1,5,수
2022-01-05,4호선,신용산,16286,16916,33202,-630,1,5,수
2022-01-05,4호선,이촌(국립중앙박물관),6927,7595,14522,-668,1,5,수
2022-01-05,4호선,동작(현충원),1282,1403,2685,-121,1,5,수
2022-01-05,4호선,총신대입구(이수),18226,19766,37992,-1540,1,5,수
2022-01-05,4호선,사당,23635,19229,42864,4406,1,5,수
2022-01-05,4호선,남태령,1086,1000,2086,86,1,5,수
2022-01-05,4호선,당고개,12192,11086,23278,1106,1,5,수
2022-01-05,4호선,상계,18236,17060,35296,1176,1,5,수
2022-01-05,4호선,노원,17796,20020,37816,-2224,1,5,수
2022-01-05,4호선,창동,24279,25556,49835,-1277,1,5,수
2022-01-05,4호선,쌍문,28306,26430,54736,1876,1,5,수
2022-01-05,5호선,방화,6453,6226,12679,227,1,5,수
2022-01-05,5호선,개화산,5338,5141,10479,197,1,5,수
2022-01-05,5호선,김포공항,6893,6477,13370,416,1,5,수
2022-01-05,5호선,송정,6228,5724,11952,504,1,5,수
2022-01-05,5호선,마곡,10694,10498,21192,196,1,5,수
2022-01-05,5호선,발산,19597,19988,39585,-391,1,5,수
2022-01-05,5호선,우장산,13994,13897,27891,97,1,5,수
2022-01-05,5호선,화곡,27565,25995,53560,1570,1,5,수
2022-01-05,5호선,까치산,28105,27206,55311,899,1,5,수
2022-01-05,5호선,신정(은행정),13614,11231,24845,2383,1,5,수
2022-01-05,5호선,목동,16200,17767,33967,-1567,1,5,수
2022-01-05,5호선,오목교(목동운동장앞),21358,22689,44047,-1331,1,5,수
2022-01-05,5호선,양평,7686,7730,15416,-44,1,5,수
2022-01-05,5호선,영등포구청,3941,4015,7956,-74,1,5,수
2022-01-05,5호선,영등포시장,9797,10143,19940,-346,1,5,수
2022-01-05,5호선,신길,4120,4453,8573,-333,1,5,수
2022-01-05,5호선,여의도,29132,30093,59225,-961,1,5,수
2022-01-05,5호선,여의나루,8272,9105,17377,-833,1,5,수
2022-01-05,5호선,마포,14371,14615,28986,-244,1,5,수
2022-01-05,5호선,공덕,13702,14436,28138,-734,1,5,수
2022-01-05,5호선,애오개,6640,6657,13297,-17,1,5,수
2022-01-05,5호선,충정로(경기대입구),4713,4837,9550,-124,1,5,수
2022-01-05,5호선,서대문,18546,19008,37554,-462,1,5,수
2022-01-05,5호선,광화문(세종문화회관),29122,30035,59157,-913,1,5,수
2022-01-05,5호선,종로3가,11772,11534,23306,238,1,5,수
2022-01-05,5호선,을지로4가,6033,6049,12082,-16,1,5,수
2022-01-05,5호선,동대문역사문화공원(DDP),2978,3460,6438,-482,1,5,수
2022-01-05,5호선,청구,3932,3653,7585,279,1,5,수
2022-01-05,5호선,신금호,6012,6272,12284,-260,1,5,수
2022-01-05,5호선,행당,7928,7155,15083,773,1,5,수
2022-01-05,5호선,왕십리(성동구청),4325,4890,9215,-565,1,5,수
2022-01-05,5호선,마장,5330,4975,10305,355,1,5,수
2022-01-05,5호선,답십리,16097,14792,30889,1305,1,5,수
2022-01-05,5호선,장한평,18573,18566,37139,7,1,5,수
2022-01-05,5호선,군자(능동),10922,11795,22717,-873,1,5,수
2022-01-05,5호선,아차산(어린이대공원후문),13688,13442,27130,246,1,5,수
2022-01-05,5호선,광나루(장신대),12769,11584,24353,1185,1,5,수
2022-01-05,5호선,천호(풍납토성),17553,17317,34870,236,1,5,수
2022-01-05,5호선,강동,18107,17516,35623,591,1,5,수
2022-01-05,5호선,길동,7767,8250,16017,-483,1,5,수
2022-01-05,5호선,굽은다리(강동구민회관앞),9300,8874,18174,426,1,5,수
2022-01-05,5호선,명일,8436,8896,17332,-460,1,5,수
2022-01-05,5호선,고덕,9131,9194,18325,-63,1,5,수
2022-01-05,5호선,상일동,15325,14178,29503,1147,1,5,수
2022-01-05,5호선,둔촌동,8514,8459,16973,55,1,5,수
2022-01-05,5호선,올림픽공원(한국체대),4055,3640,7695,415,1,5,수
2022-01-05,5호선,방이,7174,7351,14525,-177,1,5,수
2022-01-05,5호선,오금,3638,3710,7348,-72,1,5,수
2022-01-05,5호선,개롱,6265,6486,12751,-221,1,5,수
2022-01-05,5호선,거여,9076,8580,17656,496,1,5,수
2022-01-05,5호선,마천,6534,6474,13008,60,1,5,수
2022-01-05,5호선,강일,3833,3664,7497,169,1,5,수
2022-01-05,5호선,미사,15741,15599,31340,142,1,5,수
2022-01-05,5호선,하남풍산,4163,4118,8281,45,1,5,수
2022-01-05,5호선,하남시청(덕풍·신장),6150,5915,12065,235,1,5,수
2022-01-05,5호선,하남검단산,5247,5064,10311,183,1,5,수
2022-01-05,6호선,응암,17158,17436,34594,-278,1,5,수
2022-01-05,6호선,역촌,3713,4377,8090,-664,1,5,수
2022-01-05,6호선,불광,4122,4132,8254,-10,1,5,수
2022-01-05,6호선,독바위,2581,2762,5343,-181,1,5,수
2022-01-05,6호선,연신내,2,0,2,2,1,5,수
2022-01-05,6호선,구산,7356,5616,12972,1740,1,5,수
2022-01-05,6호선,새절(신사),12184,11429,23613,755,1,5,수
2022-01-05,6호선,증산(명지대앞),9721,9712,19433,9,1,5,수
2022-01-05,6호선,디지털미디어시티,13492,14895,28387,-1403,1,5,수
2022-01-05,6호선,월드컵경기장(성산),3537,3639,7176,-102,1,5,수
2022-01-05,6호선,마포구청,13790,12695,26485,1095,1,5,수
2022-01-05,6호선,망원,13186,14043,27229,-857,1,5,수
2022-01-05,6호선,합정,12358,12086,24444,272,1,5,수
2022-01-05,6호선,상수,7788,8476,16264,-688,1,5,수
2022-01-05,6호선,광흥창(서강),8674,8487,17161,187,1,5,수
2022-01-05,6호선,대흥(서강대앞),7353,7644,14997,-291,1,5,수
2022-01-05,6호선,공덕,17668,17131,34799,537,1,5,수
2022-01-05,6호선,효창공원앞,6696,6220,12916,476,1,5,수
2022-01-05,6호선,삼각지,5929,5439,11368,490,1,5,수
2022-01-05,6호선,녹사평(용산구청),4400,4421,8821,-21,1,5,수
2022-01-05,6호선,이태원,8686,8739,17425,-53,1,5,수
2022-01-05,6호선,한강진,8466,9404,17870,-938,1,5,수
2022-01-05,6호선,버티고개,1824,1925,3749,-101,1,5,수
2022-01-05,6호선,약수,3468,3425,6893,43,1,5,수
2022-01-05,6호선,청구,3585,3838,7423,-253,1,5,수
2022-01-05,6호선,신당,8606,8903,17509,-297,1,5,수
2022-01-05,6호선,동묘앞,7187,7318,14505,-131,1,5,수
2022-01-05,6호선,창신,3435,2923,6358,512,1,5,수
2022-01-05,6호선,보문,6950,6481,13431,469,1,5,수
2022-01-05,6호선,안암(고대병원앞),9699,9645,19344,54,1,5,수
2022-01-05,6호선,고려대(종암),7396,7178,14574,218,1,5,수
2022-01-05,6호선,월곡(동덕여대),10960,11025,21985,-65,1,5,수
2022-01-05,6호선,상월곡(한국과학기술연구원),5933,5321,11254,612,1,5,수
2022-01-05,6호선,돌곶이,9086,8476,17562,610,1,5,수
2022-01-05,6호선,석계,11696,12053,23749,-357,1,5,수
2022-01-05,6호선,태릉입구,5136,5650,10786,-514,1,5,수
2022-01-05,6호선,화랑대(서울여대입구),11320,8930,20250,2390,1,5,수
2022-01-05,6호선,봉화산(서울의료원),8590,8077,16667,513,1,5,수
2022-01-05,7호선,장암,2173,831,3004,1342,1,5,수
2022-01-05,7호선,도봉산,8591,9793,18384,-1202,1,5,수
2022-01-05,7호선,수락산,12096,11901,23997,195,1,5,수
2022-01-05,7호선,마들,12559,12151,24710,408,1,5,수
2022-01-05,7호선,노원,18866,19692,38558,-826,1,5,수
2022-01-05,7호선,중계,13632,12429,26061,1203,1,5,수
2022-01-05,7호선,하계,17207,16318,33525,889,1,5,수
2022-01-05,7호선,공릉(서울과학기술대),10986,11120,22106,-134,1,5,수
2022-01-05,7호선,태릉입구,7971,7558,15529,413,1,5,수
2022-01-05,7호선,먹골,9917,9804,19721,113,1,5,수
2022-01-05,7호선,중화,10583,10535,21118,48,1,5,수
2022-01-05,7호선,상봉(시외버스터미널),16265,15251,31516,1014,1,5,수
2022-01-05,7호선,면목,15050,14700,29750,350,1,5,수
2022-01-05,7호선,사가정,15324,15557,30881,-233,1,5,수
2022-01-05,7호선,용마산(용마폭포공원),5857,5861,11718,-4,1,5,수
2022-01-05,7호선,중곡,10598,10118,20716,480,1,5,수
2022-01-05,7호선,군자(능동),14487,11863,26350,2624,1,5,수
2022-01-05,7호선,어린이대공원(세종대),11315,11348,22663,-33,1,5,수
2022-01-05,7호선,건대입구,11535,12172,23707,-637,1,5,수
2022-01-05,7호선,뚝섬유원지,7026,6881,13907,145,1,5,수
2022-01-05,7호선,청담,19406,21614,41020,-2208,1,5,수
2022-01-05,7호선,강남구청,16732,18084,34816,-1352,1,5,수
2022-01-05,7호선,학동,25443,26832,52275,-1389,1,5,수
2022-01-05,7호선,논현,20625,22146,42771,-1521,1,5,수
2022-01-05,7호선,반포,5609,5362,10971,247,1,5,수
2022-01-05,7호선,고속터미널,14621,12311,26932,2310,1,5,수
2022-01-05,7호선,내방,14509,14853,29362,-344,1,5,수
2022-01-05,7호선,이수,15369,14753,30122,616,1,5,수
2022-01-05,7호선,남성,10648,10143,20791,505,1,5,수
2022-01-05,7호선,숭실대입구(살피재),11329,11541,22870,-212,1,5,수
2022-01-05,7호선,상도,10364,10170,20534,194,1,5,수
2022-01-05,7호선,장승배기,8878,8768,17646,110,1,5,수
2022-01-05,7호선,신대방삼거리,16288,15831,32119,457,1,5,수
2022-01-05,7호선,보라매,9763,9748,19511,15,1,5,수
2022-01-05,7호선,신풍,11256,10599,21855,657,1,5,수
2022-01-05,7호선,대림(구로구청),7534,7446,14980,88,1,5,수
2022-01-05,7호선,남구로,15986,16754,32740,-768,1,5,수
2022-01-05,7호선,가산디지털단지,47299,47272,94571,27,1,5,수
2022-01-05,7호선,철산,20431,20972,41403,-541,1,5,수
2022-01-05,7호선,광명사거리,21587,21328,42915,259,1,5,수
2022-01-05,7호선,천왕,11148,10572,21720,576,1,5,수
2022-01-05,7호선,온수(성공회대입구),10060,9140,19200,920,1,5,수
2022-01-05,7호선,까치울,1,0,1,1,1,5,수
2022-01-05,7호선,부천시청,1,0,1,1,1,5,수
2022-01-05,7호선,굴포천,1,0,1,1,1,5,수
2022-01-05,8호선,암사,18548,16580,35128,1968,1,5,수
2022-01-05,8호선,천호(풍납토성),14547,16626,31173,-2079,1,5,수
2022-01-05,8호선,강동구청,10323,10789,21112,-466,1,5,수
2022-01-05,8호선,몽촌토성(평화의문),5881,6055,11936,-174,1,5,수
2022-01-05,8호선,잠실(송파구청),13302,15608,28910,-2306,1,5,수
2022-01-05,8호선,석촌,7704,8739,16443,-1035,1,5,수
2022-01-05,8호선,송파,7165,7320,14485,-155,1,5,수
2022-01-05,8호선,가락시장,7592,8280,15872,-688,1,5,수
2022-01-05,8호선,문정,22922,24062,46984,-1140,1,5,수
2022-01-05,8호선,장지,16814,16320,33134,494,1,5,수
2022-01-05,8호선,복정,9328,7905,17233,1423,1,5,수
2022-01-05,8호선,산성,5167,5201,10368,-34,1,5,수
2022-01-05,8호선,남한산성입구(성남법원.검찰청),13149,12049,25198,1100,1,5,수
2022-01-05,8호선,단대오거리,10096,9908,20004,188,1,5,수
2022-01-05,8호선,신흥,4059,4363,8422,-304,1,5,수
2022-01-05,8호선,수진,5190,4697,9887,493,1,5,수
2022-01-05,8호선,모란,4122,3198,7320,924,1,5,수
2022-01-05,8호선,남위례,3548,3824,7372,-276,1,5,수
2022-01-05,9호선,개화,2403,1663,4066,740,1,5,수
2022-01-05,9호선,김포공항,6614,9920,16534,-3306,1,5,수
2022-01-05,9호선,공항시장,2818,3090,5908,-272,1,5,수
2022-01-05,9호선,신방화,6566,6446,13012,120,1,5,수
2022-01-05,9호선,마곡나루(서울식물원),11527,11420,22947,107,1,5,수
2022-01-05,9호선,양천향교,9384,9620,19004,-236,1,5,수
2022-01-05,9호선,가양,19568,19215,38783,353,1,5,수
2022-01-05,9호선,증미,7325,7403,14728,-78,1,5,수
2022-01-05,9호선,등촌,11279,11222,22501,57,1,5,수
2022-01-05,9호선,염창,16715,16527,33242,188,1,5,수
2022-01-05,9호선,신목동,3889,3515,7404,374,1,5,수
2022-01-05,9호선,선유도,8773,8379,17152,394,1,5,수
2022-01-05,9호선,당산,17740,17807,35547,-67,1,5,수
2022-01-05,9호선,국회의사당,16996,17297,34293,-301,1,5,수
2022-01-05,9호선,여의도,27463,26079,53542,1384,1,5,수
2022-01-05,9호선,샛강,5743,6122,11865,-379,1,5,수
2022-01-05,9호선,노량진,25026,24391,49417,635,1,5,수
2022-01-05,9호선,노들,4255,3687,7942,568,1,5,수
2022-01-05,9호선,흑석(중앙대입구),7715,8026,15741,-311,1,5,수
2022-01-05,9호선,동작(현충원),1899,1474,3373,425,1,5,수
2022-01-05,9호선,구반포,1430,1566,2996,-136,1,5,수
2022-01-05,9호선,신반포,3163,3181,6344,-18,1,5,수
2022-01-05,9호선,고속터미널,11344,14525,25869,-3181,1,5,수
2022-01-05,9호선,사평,3377,3225,6602,152,1,5,수
2022-01-05,9호선,신논현,31524,30903,62427,621,1,5,수
2022-01-05,9호선2~3단계,언주,11028,11147,22175,-119,1,5,수
2022-01-05,9호선2~3단계,선정릉,9783,10688,20471,-905,1,5,수
2022-01-05,9호선2~3단계,삼성중앙,6785,7161,13946,-376,1,5,수
2022-01-05,9호선2~3단계,봉은사,15636,16072,31708,-436,1,5,수
2022-01-05,9호선2~3단계,종합운동장,4088,4068,8156,20,1,5,수
2022-01-05,9호선2~3단계,삼전,6775,6713,13488,62,1,5,수
2022-01-05,9호선2~3단계,석촌고분,6000,5939,11939,61,1,5,수
2022-01-05,9호선2~3단계,석촌,8227,7374,15601,853,1,5,수
2022-01-05,9호선2~3단계,송파나루,4849,5243,10092,-394,1,5,수
2022-01-05,9호선2~3단계,한성백제,2490,2260,4750,230,1,5,수
2022-01-05,9호선2~3단계,올림픽공원(한국체대),5598,5607,11205,-9,1,5,수
2022-01-05,9호선2~3단계,둔촌오륜,1009,973,1982,36,1,5,수
2022-01-05,9호선2~3단계,중앙보훈병원,10695,9550,20245,1145,1,5,수
2022-01-05,경강선,판교,4577,4531,9108,46,1,5,수
2022-01-05,경강선,이매,1019,880,1899,139,1,5,수
2022-01-05,경강선,삼동,2279,2140,4419,139,1,5,수
2022-01-05,경강선,경기광주,7291,7001,14292,290,1,5,수
2022-01-05,경강선,초월,3033,2919,5952,114,1,5,수
2022-01-05,경강선,곤지암,2099,2003,4102,96,1,5,수
2022-01-05,경강선,신둔도예촌,1286,1223,2509,63,1,5,수
2022-01-05,경강선,이천,2276,2386,4662,-110,1,5,수
2022-01-05,경강선,부발,1875,1817,3692,58,1,5,수
2022-01-05,경강선,세종대왕릉,270,261,531,9,1,5,수
2022-01-05,경강선,여주,1783,1743,3526,40,1,5,수
2022-01-05,경부선,서울역,3969,1344,5313,2625,1,5,수
2022-01-05,경부선,남영,8615,9081,17696,-466,1,5,수
2022-01-05,경부선,용산,31154,30903,62057,251,1,5,수
2022-01-05,경부선,노량진,7536,7672,15208,-136,1,5,수
2022-01-05,경부선,대방,12396,12869,25265,-473,1,5,수
2022-01-05,경부선,영등포,34644,35678,70322,-1034,1,5,수
2022-01-05,경부선,신도림,3994,3833,7827,161,1,5,수
2022-01-05,경부선,신길,8593,7314,15907,1279,1,5,수
2022-01-05,경부선,구로,17919,18143,36062,-224,1,5,수
2022-01-05,경부선,가산디지털단지,18325,21116,39441,-2791,1,5,수
2022-01-05,경부선,금천구청,11159,11333,22492,-174,1,5,수
2022-01-05,경부선,석수,9345,8396,17741,949,1,5,수
2022-01-05,경부선,관악,6958,6570,13528,388,1,5,수
2022-01-05,경부선,안양,20081,20169,40250,-88,1,5,수
2022-01-05,경부선,명학,8600,8546,17146,54,1,5,수
2022-01-05,경부선,금정,25746,26328,52074,-582,1,5,수
2022-01-05,경부선,군포,7545,7512,15057,33,1,5,수
2022-01-05,경부선,의왕,8663,8703,17366,-40,1,5,수
2022-01-05,경부선,성균관대,13234,13086,26320,148,1,5,수
2022-01-05,경부선,화서,7556,7234,14790,322,1,5,수
2022-01-05,경부선,수원,30508,32390,62898,-1882,1,5,수
2022-01-05,경부선,독산,18524,19249,37773,-725,1,5,수
2022-01-05,경부선,세류,2726,2519,5245,207,1,5,수
2022-01-05,경부선,병점,13079,13017,26096,62,1,5,수
2022-01-05,경부선,세마,2727,2527,5254,200,1,5,수
2022-01-05,경부선,오산대,3112,2927,6039,185,1,5,수
2022-01-05,경부선,오산,8691,8695,17386,-4,1,5,수
2022-01-05,경부선,진위,1539,1368,2907,171,1,5,수
2022-01-05,경부선,송탄,3789,3667,7456,122,1,5,수
2022-01-05,경부선,서정리,5967,5722,11689,245,1,5,수
2022-01-05,경부선,평택지제,3180,3064,6244,116,1,5,수
2022-01-05,경부선,평택,9885,9895,19780,-10,1,5,수
2022-01-05,경부선,성환,2695,2776,5471,-81,1,5,수
2022-01-05,경부선,직산,681,663,1344,18,1,5,수
2022-01-05,경부선,두정,4232,4275,8507,-43,1,5,수
2022-01-05,경부선,천안,4107,4211,8318,-104,1,5,수
2022-01-05,경부선,당정,5930,5698,11628,232,1,5,수
2022-01-05,경부선,서동탄,1364,1142,2506,222,1,5,수
2022-01-05,경부선,광명,2964,2598,5562,366,1,5,수
2022-01-05,경원선,이촌(국립중앙박물관),3385,2724,6109,661,1,5,수
2022-01-05,경원선,서빙고,1885,1763,3648,122,1,5,수
2022-01-05,경원선,한남,4017,3716,7733,301,1,5,수
2022-01-05,경원선,옥수,52,31,83,21,1,5,수
2022-01-05,경원선,응봉,1780,1531,3311,249,1,5,수
2022-01-05,경원선,왕십리(성동구청),12865,14584,27449,-1719,1,5,수
2022-01-05,경원선,청량리(서울시립대입구),13266,13604,26870,-338,1,5,수
2022-01-05,경원선,외대앞,6714,6807,13521,-93,1,5,수
2022-01-05,경원선,신이문,8000,7560,15560,440,1,5,수
2022-01-05,경원선,석계,7516,8662,16178,-1146,1,5,수
2022-01-05,경원선,광운대,7259,6915,14174,344,1,5,수
2022-01-05,경원선,월계,5991,5700,11691,291,1,5,수
2022-01-05,경원선,녹천,4321,3670,7991,651,1,5,수
2022-01-05,경원선,방학,8938,8898,17836,40,1,5,수
2022-01-05,경원선,도봉,5637,5453,11090,184,1,5,수
2022-01-05,경원선,도봉산,6868,4321,11189,2547,1,5,수
2022-01-05,경원선,망월사,6903,7148,14051,-245,1,5,수
2022-01-05,경원선,회룡,11902,11879,23781,23,1,5,수
2022-01-05,경원선,의정부,17285,17788,35073,-503,1,5,수
2022-01-05,경원선,가능,6138,5974,12112,164,1,5,수
2022-01-05,경원선,녹양,4186,4026,8212,160,1,5,수
2022-01-05,경원선,양주,7170,6614,13784,556,1,5,수
2022-01-05,경원선,덕계,2872,2567,5439,305,1,5,수
2022-01-05,경원선,덕정,4999,4824,9823,175,1,5,수
2022-01-05,경원선,지행,6080,5976,12056,104,1,5,수
2022-01-05,경원선,동두천중앙,3012,2926,5938,86,1,5,수
2022-01-05,경원선,보산,1209,1136,2345,73,1,5,수
2022-01-05,경원선,동두천,1910,2125,4035,-215,1,5,수
2022-01-05,경원선,소요산,2067,1737,3804,330,1,5,수
2022-01-05,경의선,서울역,4043,4975,9018,-932,1,5,수
2022-01-05,경의선,신촌,782,977,1759,-195,1,5,수
2022-01-05,경의선,효창공원앞,2860,3330,6190,-470,1,5,수
2022-01-05,경의선,공덕,3418,2933,6351,485,1,5,수
2022-01-05,경의선,서강대,2017,1993,4010,24,1,5,수
2022-01-05,경의선,홍대입구,1671,1945,3616,-274,1,5,수
2022-01-05,경의선,가좌,4977,4874,9851,103,1,5,수
2022-01-05,경의선,디지털미디어시티,2286,2155,4441,131,1,5,수
2022-01-05,경의선,수색,2803,2800,5603,3,1,5,수
2022-01-05,경의선,화전,1490,1368,2858,122,1,5,수
2022-01-05,경의선,강매,3100,2762,5862,338,1,5,수
2022-01-05,경의선,행신,7503,7500,15003,3,1,5,수
2022-01-05,경의선,능곡,3676,3337,7013,339,1,5,수
2022-01-05,경의선,곡산,564,583,1147,-19,1,5,수
2022-01-05,경의선,백마,6621,6399,13020,222,1,5,수
2022-01-05,경의선,풍산,5183,4829,10012,354,1,5,수
2022-01-05,경의선,일산,8819,8737,17556,82,1,5,수
2022-01-05,경의선,탄현,7392,7161,14553,231,1,5,수
2022-01-05,경의선,야당,7072,6824,13896,248,1,5,수
2022-01-05,경의선,운정,6600,6402,13002,198,1,5,수
2022-01-05,경의선,금릉,4627,4532,9159,95,1,5,수
2022-01-05,경의선,금촌,5979,6007,11986,-28,1,5,수
2022-01-05,경의선,월롱,2386,2170,4556,216,1,5,수
2022-01-05,경의선,파주,946,682,1628,264,1,5,수
2022-01-05,경의선,문산,4578,4545,9123,33,1,5,수
2022-01-05,경의선,임진강,5,3,8,2,1,5,수
2022-01-05,경인선,개봉,20390,20538,40928,-148,1,5,수
2022-01-05,경인선,오류동,11293,10878,22171,415,1,5,수
2022-01-05,경인선,역곡,25773,25827,51600,-54,1,5,수
2022-01-05,경인선,부천,30538,30506,61044,32,1,5,수
2022-01-05,경인선,송내,25849,25891,51740,-42,1,5,수
2022-01-05,경인선,부평,27956,29400,57356,-1444,1,5,수
2022-01-05,경인선,백운,6451,6360,12811,91,1,5,수
2022-01-05,경인선,동암,14039,14203,28242,-164,1,5,수
2022-01-05,경인선,주안,17368,15801,33169,1567,1,5,수
2022-01-05,경인선,제물포,9963,9519,19482,444,1,5,수
2022-01-05,경인선,동인천,13373,12736,26109,637,1,5,수
2022-01-05,경인선,인천,3154,2322,5476,832,1,5,수
2022-01-05,경인선,구일,5893,5947,11840,-54,1,5,수
2022-01-05,경인선,소사,8127,7952,16079,175,1,5,수
2022-01-05,경인선,부개,8219,7702,15921,517,1,5,수
2022-01-05,경인선,간석,5575,5364,10939,211,1,5,수
2022-01-05,경인선,도원,2844,2863,5707,-19,1,5,수
2022-01-05,경인선,온수(성공회대입구),6118,6010,12128,108,1,5,수
2022-01-05,경인선,중동,8958,8488,17446,470,1,5,수
2022-01-05,경인선,도화,4077,3801,7878,276,1,5,수
2022-01-05,경춘선,신내,1902,1813,3715,89,1,5,수
2022-01-05,경춘선,갈매,3021,2601,5622,420,1,5,수
2022-01-05,경춘선,별내,3284,3047,6331,237,1,5,수
2022-01-05,경춘선,퇴계원,3488,3156,6644,332,1,5,수
2022-01-05,경춘선,사릉,3018,2927,5945,91,1,5,수
2022-01-05,경춘선,금곡,1389,1299,2688,90,1,5,수
2022-01-05,경춘선,평내호평,5813,5684,11497,129,1,5,수
2022-01-05,경춘선,천마산,1533,1434,2967,99,1,5,수
2022-01-05,경춘선,마석,3435,3407,6842,28,1,5,수
2022-01-05,경춘선,대성리,340,351,691,-11,1,5,수
2022-01-05,경춘선,청평,1348,1283,2631,65,1,5,수
2022-01-05,경춘선,상천,198,189,387,9,1,5,수
2022-01-05,경춘선,가평,1309,1290,2599,19,1,5,수
2022-01-05,경춘선,굴봉산,94,118,212,-24,1,5,수
2022-01-05,경춘선,백양리,252,205,457,47,1,5,수
2022-01-05,경춘선,강촌,307,266,573,41,1,5,수
2022-01-05,경춘선,김유정,221,232,453,-11,1,5,수
2022-01-05,경춘선,남춘천,1881,1960,3841,-79,1,5,수
2022-01-05,경춘선,춘천,907,832,1739,75,1,5,수
2022-01-05,공항철도 1호선,서울역,6250,5837,12087,413,1,5,수
2022-01-05,공항철도 1호선,공덕,2187,2775,4962,-588,1,5,수
2022-01-05,공항철도 1호선,홍대입구,8796,8848,17644,-52,1,5,수
2022-01-05,공항철도 1호선,디지털미디어시티,14024,12460,26484,1564,1,5,수
2022-01-05,공항철도 1호선,마곡나루(서울식물원),8583,8234,16817,349,1,5,수
2022-01-05,공항철도 1호선,김포공항,11128,6233,17361,4895,1,5,수
2022-01-05,공항철도 1호선,계양,9679,9189,18868,490,1,5,수
2022-01-05,공항철도 1호선,검암,6436,6292,12728,144,1,5,수
2022-01-05,공항철도 1호선,청라국제도시,6556,6160,12716,396,1,5,수
2022-01-05,공항철도 1호선,운서,6263,6141,12404,122,1,5,수
2022-01-05,공항철도 1호선,공항화물청사,2224,2447,4671,-223,1,5,수
2022-01-05,공항철도 1호선,인천공항1터미널,3532,3749,7281,-217,1,5,수
2022-01-05,공항철도 1호선,인천공항2터미널,2127,2022,4149,105,1,5,수
2022-01-05,공항철도 1호선,영종,2744,2811,5555,-67,1,5,수
2022-01-05,과천선,선바위,7853,6859,14712,994,1,5,수
2022-01-05,과천선,경마공원,1494,1463,2957,31,1,5,수
2022-01-05,과천선,대공원,2107,2218,4325,-111,1,5,수
2022-01-05,과천선,과천,5818,5494,11312,324,1,5,수
2022-01-05,과천선,정부과천청사,10539,10396,20935,143,1,5,수
2022-01-05,과천선,인덕원,23361,24619,47980,-1258,1,5,수
2022-01-05,과천선,평촌,17802,17641,35443,161,1,5,수
2022-01-05,과천선,범계,25367,24812,50179,555,1,5,수
2022-01-05,분당선,선릉,13813,20498,34311,-6685,1,5,수
2022-01-05,분당선,한티,14432,15459,29891,-1027,1,5,수
2022-01-05,분당선,도곡,6784,6663,13447,121,1,5,수
2022-01-05,분당선,구룡,1931,1928,3859,3,1,5,수
2022-01-05,분당선,개포동,3763,3929,7692,-166,1,5,수
2022-01-05,분당선,대모산입구,4311,4032,8343,279,1,5,수
2022-01-05,분당선,수서,12207,12761,24968,-554,1,5,수
2022-01-05,분당선,수원,7656,6470,14126,1186,1,5,수
2022-01-05,분당선,서울숲,10321,10516,20837,-195,1,5,수
2022-01-05,분당선,압구정로데오,18725,19996,38721,-1271,1,5,수
2022-01-05,분당선,강남구청,10116,11517,21633,-1401,1,5,수
2022-01-05,분당선,선정릉,8137,8660,16797,-523,1,5,수
2022-01-05,분당선,가천대,6315,7208,13523,-893,1,5,수
2022-01-05,분당선,태평,13110,12686,25796,424,1,5,수
2022-01-05,분당선,모란,19027,19085,38112,-58,1,5,수
2022-01-05,분당선,야탑,25593,26422,52015,-829,1,5,수
2022-01-05,분당선,서현,24652,24975,49627,-323,1,5,수
2022-01-05,분당선,수내,13517,13517,27034,0,1,5,수
2022-01-05,분당선,정자,17353,18369,35722,-1016,1,5,수
2022-01-05,분당선,미금,15405,16180,31585,-775,1,5,수
2022-01-05,분당선,오리,11715,9532,21247,2183,1,5,수
2022-01-05,분당선,이매,5354,5181,10535,173,1,5,수
2022-01-05,분당선,보정,2376,2095,4471,281,1,5,수
2022-01-05,분당선,죽전,12773,13897,26670,-1124,1,5,수
2022-01-05,분당선,구성,4885,5207,10092,-322,1,5,수
2022-01-05,분당선,신갈,4342,4319,8661,23,1,5,수
2022-01-05,분당선,기흥,9198,8830,18028,368,1,5,수
2022-01-05,분당선,상갈,5277,5127,10404,150,1,5,수
2022-01-05,분당선,청명,4063,3944,8007,119,1,5,수
2022-01-05,분당선,영통,7860,7938,15798,-78,1,5,수
2022-01-05,분당선,망포,14216,13559,27775,657,1,5,수
2022-01-05,분당선,매탄권선,4649,4602,9251,47,1,5,수
2022-01-05,분당선,수원시청,12066,12909,24975,-843,1,5,수
2022-01-05,분당선,매교,2629,2690,5319,-61,1,5,수
2022-01-05,수인선,고색,4602,4257,8859,345,1,5,수
2022-01-05,수인선,오목천,2596,2442,5038,154,1,5,수
2022-01-05,수인선,어천,607,664,1271,-57,1,5,수
2022-01-05,수인선,야목,316,235,551,81,1,5,수
2022-01-05,수인선,사리,4181,3666,7847,515,1,5,수
2022-01-05,수인선,달월,93,58,151,35,1,5,수
2022-01-05,수인선,월곶,2534,2396,4930,138,1,5,수
2022-01-05,수인선,소래포구,4571,4183,8754,388,1,5,수
2022-01-05,수인선,인천논현,5321,5573,10894,-252,1,5,수
2022-01-05,수인선,호구포,3779,3934,7713,-155,1,5,수
2022-01-05,수인선,남동인더스파크,2311,2580,4891,-269,1,5,수
2022-01-05,수인선,원인재,4176,4356,8532,-180,1,5,수
2022-01-05,수인선,연수,4130,4093,8223,37,1,5,수
2022-01-05,수인선,송도,2371,2236,4607,135,1,5,수
2022-01-05,수인선,인하대,5279,5147,10426,132,1,5,수
2022-01-05,수인선,숭의,3941,3675,7616,266,1,5,수
2022-01-05,수인선,신포,1703,1675,3378,28,1,5,수
2022-01-05,수인선,인천,972,1511,2483,-539,1,5,수
2022-01-05,안산선,산본,15272,16442,31714,-1170,1,5,수
2022-01-05,안산선,대야미,4786,4267,9053,519,1,5,수
2022-01-05,안산선,반월,4209,3996,8205,213,1,5,수
2022-01-05,안산선,상록수,14734,15163,29897,-429,1,5,수
2022-01-05,안산선,한대앞,8165,8334,16499,-169,1,5,수
2022-01-05,안산선,중앙,16872,17376,34248,-504,1,5,수
2022-01-05,안산선,고잔,8431,7944,16375,487,1,5,수
2022-01-05,안산선,초지,4353,4408,8761,-55,1,5,수
2022-01-05,안산선,안산,10941,9830,20771,1111,1,5,수
2022-01-05,안산선,신길온천,1643,1503,3146,140,1,5,수
2022-01-05,안산선,정왕,7054,7455,14509,-401,1,5,수
2022-01-05,안산선,오이도,7824,7652,15476,172,1,5,수
2022-01-05,안산선,수리산,3992,3243,7235,749,1,5,수
2022-01-05,우이신설선,북한산우이,2549,2315,4864,234,1,5,수
2022-01-05,우이신설선,솔밭공원,2372,2252,4624,120,1,5,수
2022-01-05,우이신설선,4.19민주묘지,2581,2487,5068,94,1,5,수
2022-01-05,우이신설선,가오리,3966,3916,7882,50,1,5,수
2022-01-05,우이신설선,화계,3180,2968,6148,212,1,5,수
2022-01-05,우이신설선,삼양,1986,2092,4078,-106,1,5,수
2022-01-05,우이신설선,삼양사거리,2358,2377,4735,-19,1,5,수
2022-01-05,우이신설선,솔샘,5701,5375,11076,326,1,5,수
2022-01-05,우이신설선,북한산보국문,5715,5546,11261,169,1,5,수
2022-01-05,우이신설선,정릉,4422,4173,8595,249,1,5,수
2022-01-05,1호선,시청,21174,21287,42461,-113,1,5,수
2022-01-05,1호선,동묘앞,6762,7136,13898,-374,1,5,수
2022-01-05,1호선,서울역,38744,36262,75006,2482,1,5,수
2022-01-05,1호선,종로3가,24322,22268,46590,2054,1,5,수
2022-01-05,1호선,종로5가,21062,20595,41657,467,1,5,수
2022-01-05,1호선,동대문,9999,9324,19323,675,1,5,수
2022-01-05,1호선,신설동,13140,12803,25943,337,1,5,수
2022-01-05,1호선,제기동,16043,16367,32410,-324,1,5,수
2022-01-05,1호선,청량리(서울시립대입구),18158,18070,36228,88,1,5,수
2022-01-05,2호선,시청,23273,22453,45726,820,1,5,수
2022-01-05,2호선,을지로입구,38468,39075,77543,-607,1,5,수
2022-01-05,2호선,을지로3가,22568,22245,44813,323,1,5,수
2022-01-05,2호선,을지로4가,12630,12434,25064,196,1,5,수
2022-01-05,2호선,동대문역사문화공원(DDP),11270,12288,23558,-1018,1,5,수
2022-01-05,2호선,신당,13019,13689,26708,-670,1,5,수
2022-01-05,2호선,상왕십리,13680,13352,27032,328,1,5,수
2022-01-05,2호선,왕십리(성동구청),14859,12789,27648,2070,1,5,수
2022-01-05,2호선,한양대,6340,6656,12996,-316,1,5,수
2022-01-05,2호선,뚝섬,21554,23189,44743,-1635,1,5,수
2022-01-05,2호선,성수,37655,40372,78027,-2717,1,5,수
2022-01-05,2호선,건대입구,33043,35323,68366,-2280,1,5,수
2022-01-05,2호선,구의(광진구청),23145,23105,46250,40,1,5,수
2022-01-05,2호선,강변(동서울터미널),28475,26833,55308,1642,1,5,수
2022-01-05,2호선,잠실나루,13910,13614,27524,296,1,5,수
2022-01-05,2호선,잠실(송파구청),64727,64090,128817,637,1,5,수
2022-01-05,2호선,잠실새내,20336,20349,40685,-13,1,5,수
2022-01-05,2호선,종합운동장,6678,7048,13726,-370,1,5,수
2022-01-05,2호선,삼성(무역센터),51327,51487,102814,-160,1,5,수
2022-01-05,2호선,선릉,57173,50828,108001,6345,1,5,수
2022-01-05,2호선,역삼,54128,59889,114017,-5761,1,5,수
2022-01-05,2호선,강남,85391,82379,167770,3012,1,5,수
2022-01-05,2호선,교대(법원.검찰청),32733,36418,69151,-3685,1,5,수
2022-01-05,2호선,서초,20910,20222,41132,688,1,5,수
2022-01-05,2호선,방배,15866,16619,32485,-753,1,5,수
2022-01-05,2호선,사당,34666,37483,72149,-2817,1,5,수
2022-01-05,2호선,낙성대(강감찬),25887,25551,51438,336,1,5,수
2022-01-05,2호선,서울대입구(관악구청),45341,45364,90705,-23,1,5,수
2022-01-05,2호선,봉천,23214,21790,45004,1424,1,5,수
2022-01-05,2호선,신림,60772,59804,120576,968,1,5,수
2022-01-05,2호선,신대방,25306,24891,50197,415,1,5,수
2022-01-05,2호선,구로디지털단지,59242,59546,118788,-304,1,5,수
2022-01-05,2호선,대림(구로구청),23052,23603,46655,-551,1,5,수
2022-01-05,1호선,종각,33946,33241,67187,705,1,5,수
2022-01-05,2호선,신도림,45212,44424,89636,788,1,5,수
2022-01-05,2호선,문래,21009,21382,42391,-373,1,5,수
2022-01-06,분당선,강남구청,10272,11497,21769,-1225,1,6,목
2022-01-06,중앙선,지평,73,80,153,-7,1,6,목
2022-01-06,중앙선,용문,1438,1465,2903,-27,1,6,목
2022-01-06,중앙선,원덕,282,287,569,-5,1,6,목
2022-01-06,중앙선,양평,2314,2356,4670,-42,1,6,목
2022-01-06,중앙선,오빈,272,273,545,-1,1,6,목
2022-01-06,중앙선,아신,468,413,881,55,1,6,목
2022-01-06,중앙선,국수,593,574,1167,19,1,6,목
2022-01-06,중앙선,신원,163,165,328,-2,1,6,목
2022-01-06,중앙선,양수,1567,1608,3175,-41,1,6,목
2022-01-06,중앙선,운길산,626,564,1190,62,1,6,목
2022-01-06,중앙선,팔당,797,797,1594,0,1,6,목
2022-01-06,중앙선,도심,2321,1836,4157,485,1,6,목
2022-01-06,중앙선,덕소,5353,5266,10619,87,1,6,목
2022-01-06,중앙선,양정,709,606,1315,103,1,6,목
2022-01-06,중앙선,도농,10167,9357,19524,810,1,6,목
2022-01-06,중앙선,구리,13118,13395,26513,-277,1,6,목
2022-01-06,중앙선,양원,1959,1905,3864,54,1,6,목
2022-01-06,중앙선,망우,7436,7283,14719,153,1,6,목
2022-01-06,중앙선,상봉(시외버스터미널),5512,5571,11083,-59,1,6,목
2022-01-06,중앙선,중랑,5420,5181,10601,239,1,6,목
2022-01-06,중앙선,회기,22548,21977,44525,571,1,6,목
2022-01-06,장항선,신창(순천향대),803,829,1632,-26,1,6,목
2022-01-06,장항선,온양온천,3021,3051,6072,-30,1,6,목
2022-01-06,장항선,배방,857,824,1681,33,1,6,목
2022-01-06,장항선,탕정,367,325,692,42,1,6,목
2022-01-06,장항선,아산,2400,2087,4487,313,1,6,목
2022-01-06,장항선,쌍용(나사렛대),1646,1608,3254,38,1,6,목
2022-01-06,장항선,봉명,1087,1082,2169,5,1,6,목
2022-01-06,일산선,대화,12115,9605,21720,2510,1,6,목
2022-01-06,일산선,주엽,8528,8653,17181,-125,1,6,목
2022-01-06,일산선,정발산,7026,6960,13986,66,1,6,목
2022-01-06,일산선,마두,7146,7415,14561,-269,1,6,목
2022-01-06,일산선,백석,9584,9726,19310,-142,1,6,목
2022-01-06,일산선,대곡,1924,1475,3399,449,1,6,목
2022-01-06,경원선,도봉,5740,5661,11401,79,1,6,목
2022-01-06,분당선,선정릉,8162,8758,16920,-596,1,6,목
2022-01-06,안산선,중앙,17036,17452,34488,-416,1,6,목
2022-01-06,안산선,한대앞,8293,8448,16741,-155,1,6,목
2022-01-06,안산선,상록수,14938,15331,30269,-393,1,6,목
2022-01-06,안산선,반월,4035,3983,8018,52,1,6,목
2022-01-06,안산선,대야미,4756,4350,9106,406,1,6,목
2022-01-06,안산선,산본,15336,16372,31708,-1036,1,6,목
2022-01-06,수인선,인천,1007,1642,2649,-635,1,6,목
2022-01-06,수인선,신포,1619,1652,3271,-33,1,6,목
2022-01-06,수인선,숭의,3917,3718,7635,199,1,6,목
2022-01-06,수인선,인하대,5306,5056,10362,250,1,6,목
2022-01-06,수인선,송도,2347,2209,4556,138,1,6,목
2022-01-06,수인선,연수,4206,4031,8237,175,1,6,목
2022-01-06,수인선,원인재,4104,4253,8357,-149,1,6,목
2022-01-06,수인선,남동인더스파크,2309,2574,4883,-265,1,6,목
2022-01-06,일산선,화정,16317,16651,32968,-334,1,6,목
2022-01-06,일산선,원당,10690,10212,20902,478,1,6,목
2022-01-06,일산선,삼송,18768,18413,37181,355,1,6,목
2022-01-06,일산선,원흥,10399,9947,20346,452,1,6,목
2022-01-06,우이신설선,신설동,2091,1971,4062,120,1,6,목
2022-01-06,우이신설선,보문,1420,1428,2848,-8,1,6,목
2022-01-06,우이신설선,성신여대입구(돈암),3111,3413,6524,-302,1,6,목
2022-01-06,우이신설선,정릉,4483,4147,8630,336,1,6,목
2022-01-06,우이신설선,북한산보국문,5683,5511,11194,172,1,6,목
2022-01-06,우이신설선,솔샘,5708,5384,11092,324,1,6,목
2022-01-06,우이신설선,삼양사거리,2362,2375,4737,-13,1,6,목
2022-01-06,우이신설선,삼양,1926,2106,4032,-180,1,6,목
2022-01-06,우이신설선,화계,3276,3054,6330,222,1,6,목
2022-01-06,우이신설선,가오리,3905,3964,7869,-59,1,6,목
2022-01-06,우이신설선,4.19민주묘지,2623,2531,5154,92,1,6,목
2022-01-06,우이신설선,솔밭공원,2451,2301,4752,150,1,6,목
2022-01-06,우이신설선,북한산우이,2455,2219,4674,236,1,6,목
2022-01-06,안산선,수리산,4018,3255,7273,763,1,6,목
2022-01-06,안산선,오이도,7704,7498,15202,206,1,6,목
2022-01-06,안산선,정왕,7090,7373,14463,-283,1,6,목
2022-01-06,안산선,신길온천,1586,1499,3085,87,1,6,목
2022-01-06,안산선,안산,11067,9968,21035,1099,1,6,목
2022-01-06,안산선,초지,4321,4410,8731,-89,1,6,목
2022-01-06,안산선,고잔,8398,8081,16479,317,1,6,목
2022-01-06,수인선,호구포,3925,3937,7862,-12,1,6,목
2022-01-06,수인선,인천논현,5314,5589,10903,-275,1,6,목
2022-01-06,수인선,소래포구,4661,4393,9054,268,1,6,목
2022-01-06,수인선,월곶,2571,2324,4895,247,1,6,목
2022-01-06,수인선,달월,91,55,146,36,1,6,목
2022-01-06,수인선,사리,4302,3792,8094,510,1,6,목
2022-01-06,수인선,야목,293,234,527,59,1,6,목
2022-01-06,수인선,어천,651,601,1252,50,1,6,목
2022-01-06,수인선,오목천,2824,2572,5396,252,1,6,목
2022-01-06,수인선,고색,4398,4177,8575,221,1,6,목
2022-01-06,분당선,매교,2661,2720,5381,-59,1,6,목
2022-01-06,분당선,수원시청,12361,12997,25358,-636,1,6,목
2022-01-06,분당선,매탄권선,4855,4759,9614,96,1,6,목
2022-01-06,분당선,망포,14292,13643,27935,649,1,6,목
2022-01-06,분당선,영통,8236,8029,16265,207,1,6,목
2022-01-06,분당선,청명,4170,4114,8284,56,1,6,목
2022-01-06,분당선,상갈,5303,5057,10360,246,1,6,목
2022-01-06,분당선,기흥,9376,8946,18322,430,1,6,목
2022-01-06,분당선,신갈,4556,4485,9041,71,1,6,목
2022-01-06,분당선,구성,4991,5240,10231,-249,1,6,목
2022-01-06,분당선,죽전,12912,14103,27015,-1191,1,6,목
2022-01-06,분당선,보정,2478,2170,4648,308,1,6,목
2022-01-06,분당선,야탑,25437,26500,51937,-1063,1,6,목
2022-01-06,분당선,모란,19063,19423,38486,-360,1,6,목
2022-01-06,분당선,이매,5692,5257,10949,435,1,6,목
2022-01-06,분당선,태평,13175,12840,26015,335,1,6,목
2022-01-06,분당선,가천대,6391,7253,13644,-862,1,6,목
2022-01-06,분당선,오리,11980,9701,21681,2279,1,6,목
2022-01-06,분당선,미금,15385,16102,31487,-717,1,6,목
2022-01-06,분당선,정자,17669,18566,36235,-897,1,6,목
2022-01-06,분당선,수내,13492,13666,27158,-174,1,6,목
2022-01-06,분당선,서현,24841,25430,50271,-589,1,6,목
2022-01-06,1호선,서울역,40340,38347,78687,1993,1,6,목
2022-01-06,1호선,동묘앞,6982,7278,14260,-296,1,6,목
2022-01-06,1호선,시청,21276,21242,42518,34,1,6,목
2022-01-06,1호선,종각,34091,33098,67189,993,1,6,목
2022-01-06,1호선,종로3가,24996,22827,47823,2169,1,6,목
2022-01-06,1호선,종로5가,21472,21415,42887,57,1,6,목
2022-01-06,1호선,동대문,10266,9601,19867,665,1,6,목
2022-01-06,1호선,신설동,13285,12895,26180,390,1,6,목
2022-01-06,1호선,제기동,17035,17370,34405,-335,1,6,목
2022-01-06,1호선,청량리(서울시립대입구),18919,18856,37775,63,1,6,목
2022-01-06,2호선,시청,23059,22320,45379,739,1,6,목
2022-01-06,2호선,을지로입구,38778,39500,78278,-722,1,6,목
2022-01-06,2호선,을지로3가,22071,21925,43996,146,1,6,목
2022-01-06,2호선,을지로4가,13009,12941,25950,68,1,6,목
2022-01-06,2호선,동대문역사문화공원(DDP),11503,12788,24291,-1285,1,6,목
2022-01-06,2호선,신당,13257,13645,26902,-388,1,6,목
2022-01-06,2호선,상왕십리,13966,13690,27656,276,1,6,목
2022-01-06,2호선,왕십리(성동구청),14976,12878,27854,2098,1,6,목
2022-01-06,2호선,한양대,6562,6864,13426,-302,1,6,목
2022-01-06,2호선,뚝섬,21789,23260,45049,-1471,1,6,목
2022-01-06,2호선,성수,37858,40830,78688,-2972,1,6,목
2022-01-06,2호선,건대입구,33545,35694,69239,-2149,1,6,목
2022-01-06,2호선,구의(광진구청),23268,22898,46166,370,1,6,목
2022-01-06,2호선,강변(동서울터미널),28693,27082,55775,1611,1,6,목
2022-01-06,2호선,잠실나루,14187,13784,27971,403,1,6,목
2022-01-06,2호선,잠실(송파구청),66777,66556,133333,221,1,6,목
2022-01-06,2호선,잠실새내,20452,20278,40730,174,1,6,목
2022-01-06,2호선,종합운동장,6923,7337,14260,-414,1,6,목
2022-01-06,2호선,삼성(무역센터),51897,52051,103948,-154,1,6,목
2022-01-06,2호선,선릉,57573,51419,108992,6154,1,6,목
2022-01-06,2호선,역삼,54099,59750,113849,-5651,1,6,목
2022-01-06,2호선,강남,86215,84876,171091,1339,1,6,목
2022-01-06,2호선,교대(법원.검찰청),32862,36863,69725,-4001,1,6,목
2022-01-06,2호선,서초,21016,20475,41491,541,1,6,목
2022-01-06,2호선,방배,15974,16705,32679,-731,1,6,목
2022-01-06,2호선,사당,35198,38257,73455,-3059,1,6,목
2022-01-06,2호선,낙성대(강감찬),26386,26019,52405,367,1,6,목
2022-01-06,2호선,서울대입구(관악구청),45738,45341,91079,397,1,6,목
2022-01-06,2호선,봉천,23149,21742,44891,1407,1,6,목
2022-01-06,2호선,신림,61525,60435,121960,1090,1,6,목
2022-01-06,2호선,신대방,25768,25322,51090,446,1,6,목
2022-01-06,2호선,구로디지털단지,59838,59844,119682,-6,1,6,목
2022-01-06,2호선,대림(구로구청),22873,23441,46314,-568,1,6,목
2022-01-06,2호선,신도림,45958,45152,91110,806,1,6,목
2022-01-06,2호선,문래,21285,21568,42853,-283,1,6,목
2022-01-06,2호선,영등포구청,22693,23193,45886,-500,1,6,목
2022-01-06,2호선,당산,17993,20798,38791,-2805,1,6,목
2022-01-06,2호선,합정,30267,31207,61474,-940,1,6,목
2022-01-06,2호선,홍대입구,52648,53736,106384,-1088,1,6,목
2022-01-06,2호선,신촌,31426,32056,63482,-630,1,6,목
2022-01-06,2호선,이대,11983,12783,24766,-800,1,6,목
2022-01-06,2호선,아현,9623,9234,18857,389,1,6,목
2022-01-06,2호선,충정로(경기대입구),9581,10007,19588,-426,1,6,목
2022-01-06,2호선,용답,2556,2561,5117,-5,1,6,목
2022-01-06,2호선,신답,1631,1879,3510,-248,1,6,목
2022-01-06,2호선,신설동,3150,3304,6454,-154,1,6,목
2022-01-06,2호선,도림천,1366,1414,2780,-48,1,6,목
2022-01-06,2호선,양천구청,6599,7084,13683,-485,1,6,목
2022-01-06,2호선,신정네거리,10014,10393,20407,-379,1,6,목
2022-01-06,2호선,용두(동대문구청),2369,2475,4844,-106,1,6,목
2022-01-06,3호선,지축,4470,4324,8794,146,1,6,목
2022-01-06,3호선,구파발,19903,18925,38828,978,1,6,목
2022-01-06,3호선,연신내,34942,33309,68251,1633,1,6,목
2022-01-06,3호선,불광,15651,16747,32398,-1096,1,6,목
2022-01-06,3호선,녹번,15192,13963,29155,1229,1,6,목
2022-01-06,3호선,홍제,16423,15658,32081,765,1,6,목
2022-01-06,3호선,무악재,3743,3853,7596,-110,1,6,목
2022-01-06,3호선,독립문,6342,6450,12792,-108,1,6,목
2022-01-06,3호선,경복궁(정부서울청사),18675,18368,37043,307,1,6,목
2022-01-06,3호선,안국,18543,19211,37754,-668,1,6,목
2022-01-06,3호선,종로3가,9974,11284,21258,-1310,1,6,목
2022-01-06,3호선,을지로3가,10514,10701,21215,-187,1,6,목
2022-01-06,3호선,동대입구,7116,7338,14454,-222,1,6,목
2022-01-06,3호선,약수,12450,12059,24509,391,1,6,목
2022-01-06,3호선,금호,7756,7492,15248,264,1,6,목
2022-01-06,3호선,옥수,8620,9031,17651,-411,1,6,목
2022-01-06,3호선,압구정,32248,34101,66349,-1853,1,6,목
2022-01-06,3호선,신사,31647,32750,64397,-1103,1,6,목
2022-01-06,3호선,잠원,4566,4469,9035,97,1,6,목
2022-01-06,3호선,고속터미널,37030,35434,72464,1596,1,6,목
2022-01-06,3호선,교대(법원.검찰청),13835,9114,22949,4721,1,6,목
2022-01-06,3호선,남부터미널(예술의전당),27999,28525,56524,-526,1,6,목
2022-01-06,3호선,양재(서초구청),38112,41435,79547,-3323,1,6,목
2022-01-06,3호선,매봉,12738,12291,25029,447,1,6,목
2022-01-06,3호선,도곡,5198,5325,10523,-127,1,6,목
2022-01-06,3호선,대치,11531,11403,22934,128,1,6,목
2022-01-06,3호선,학여울,1754,1818,3572,-64,1,6,목
2022-01-06,3호선,대청,9964,9375,19339,589,1,6,목
2022-01-06,3호선,일원,10293,10055,20348,238,1,6,목
2022-01-06,3호선,수서,16288,16714,33002,-426,1,6,목
2022-01-06,3호선,가락시장,8922,8503,17425,419,1,6,목
2022-01-06,3호선,경찰병원,7226,7419,14645,-193,1,6,목
2022-01-06,3호선,오금,6151,5569,11720,582,1,6,목
2022-01-06,4호선,수유(강북구청),32339,32611,64950,-272,1,6,목
2022-01-06,4호선,미아(서울사이버대학),14049,13718,27767,331,1,6,목
2022-01-06,4호선,미아사거리,26262,25624,51886,638,1,6,목
2022-01-06,4호선,길음,19734,19234,38968,500,1,6,목
2022-01-06,4호선,성신여대입구(돈암),18785,18085,36870,700,1,6,목
2022-01-06,4호선,한성대입구(삼선교),12166,12002,24168,164,1,6,목
2022-01-06,4호선,혜화,31412,31451,62863,-39,1,6,목
2022-01-06,4호선,동대문,19087,19146,38233,-59,1,6,목
2022-01-06,4호선,동대문역사문화공원(DDP),14336,13078,27414,1258,1,6,목
2022-01-06,4호선,충무로,25149,26180,51329,-1031,1,6,목
2022-01-06,4호선,명동,17458,18050,35508,-592,1,6,목
2022-01-06,4호선,회현(남대문시장),24075,25419,49494,-1344,1,6,목
2022-01-06,4호선,서울역,10702,15245,25947,-4543,1,6,목
2022-01-06,4호선,숙대입구(갈월),12026,11595,23621,431,1,6,목
2022-01-06,4호선,삼각지,4927,5320,10247,-393,1,6,목
2022-01-06,4호선,신용산,16282,17089,33371,-807,1,6,목
2022-01-06,4호선,이촌(국립중앙박물관),7012,7708,14720,-696,1,6,목
2022-01-06,4호선,동작(현충원),1368,1589,2957,-221,1,6,목
2022-01-06,4호선,총신대입구(이수),18184,19517,37701,-1333,1,6,목
2022-01-06,4호선,사당,24095,19898,43993,4197,1,6,목
2022-01-06,4호선,남태령,1102,1020,2122,82,1,6,목
2022-01-06,4호선,당고개,12127,11244,23371,883,1,6,목
2022-01-06,4호선,상계,18513,17300,35813,1213,1,6,목
2022-01-06,4호선,노원,18100,20257,38357,-2157,1,6,목
2022-01-06,4호선,창동,24528,25927,50455,-1399,1,6,목
2022-01-06,4호선,쌍문,28423,26462,54885,1961,1,6,목
2022-01-06,5호선,방화,6533,6391,12924,142,1,6,목
2022-01-06,5호선,개화산,5373,5102,10475,271,1,6,목
2022-01-06,5호선,김포공항,7025,6712,13737,313,1,6,목
2022-01-06,5호선,송정,6275,5991,12266,284,1,6,목
2022-01-06,5호선,마곡,10984,10769,21753,215,1,6,목
2022-01-06,5호선,발산,20270,20234,40504,36,1,6,목
2022-01-06,5호선,우장산,13725,13778,27503,-53,1,6,목
2022-01-06,5호선,화곡,27667,26233,53900,1434,1,6,목
2022-01-06,5호선,까치산,28150,27491,55641,659,1,6,목
2022-01-06,5호선,신정(은행정),13794,11031,24825,2763,1,6,목
2022-01-06,5호선,목동,16370,17947,34317,-1577,1,6,목
2022-01-06,5호선,오목교(목동운동장앞),21449,22793,44242,-1344,1,6,목
2022-01-06,5호선,양평,7635,7627,15262,8,1,6,목
2022-01-06,5호선,영등포구청,3852,3989,7841,-137,1,6,목
2022-01-06,5호선,영등포시장,10032,10455,20487,-423,1,6,목
2022-01-06,5호선,신길,4054,4522,8576,-468,1,6,목
2022-01-06,5호선,여의도,29337,30379,59716,-1042,1,6,목
2022-01-06,5호선,여의나루,8658,9421,18079,-763,1,6,목
2022-01-06,5호선,마포,14253,14587,28840,-334,1,6,목
2022-01-06,5호선,공덕,13849,14488,28337,-639,1,6,목
2022-01-06,5호선,애오개,6690,6759,13449,-69,1,6,목
2022-01-06,5호선,충정로(경기대입구),4738,4894,9632,-156,1,6,목
2022-01-06,5호선,서대문,18585,18996,37581,-411,1,6,목
2022-01-06,5호선,광화문(세종문화회관),30129,31309,61438,-1180,1,6,목
2022-01-06,5호선,종로3가,12010,11781,23791,229,1,6,목
2022-01-06,5호선,을지로4가,6216,6144,12360,72,1,6,목
2022-01-06,5호선,동대문역사문화공원(DDP),3002,3439,6441,-437,1,6,목
2022-01-06,5호선,청구,3896,3513,7409,383,1,6,목
2022-01-06,5호선,신금호,5998,6399,12397,-401,1,6,목
2022-01-06,5호선,행당,7823,7080,14903,743,1,6,목
2022-01-06,5호선,왕십리(성동구청),4659,5127,9786,-468,1,6,목
2022-01-06,5호선,마장,5427,5081,10508,346,1,6,목
2022-01-06,5호선,답십리,15704,14475,30179,1229,1,6,목
2022-01-06,5호선,장한평,18610,18572,37182,38,1,6,목
2022-01-06,5호선,군자(능동),10974,11992,22966,-1018,1,6,목
2022-01-06,5호선,아차산(어린이대공원후문),13842,13554,27396,288,1,6,목
2022-01-06,5호선,광나루(장신대),12926,11825,24751,1101,1,6,목
2022-01-06,5호선,천호(풍납토성),17762,17467,35229,295,1,6,목
2022-01-06,5호선,강동,18195,17537,35732,658,1,6,목
2022-01-06,5호선,길동,7827,8139,15966,-312,1,6,목
2022-01-06,5호선,굽은다리(강동구민회관앞),9330,8927,18257,403,1,6,목
2022-01-06,5호선,명일,8103,8542,16645,-439,1,6,목
2022-01-06,5호선,고덕,9155,9302,18457,-147,1,6,목
2022-01-06,5호선,상일동,15209,13937,29146,1272,1,6,목
2022-01-06,5호선,둔촌동,8643,8651,17294,-8,1,6,목
2022-01-06,5호선,올림픽공원(한국체대),4177,3552,7729,625,1,6,목
2022-01-06,5호선,방이,7280,7447,14727,-167,1,6,목
2022-01-06,5호선,오금,3604,3643,7247,-39,1,6,목
2022-01-06,5호선,개롱,6195,6440,12635,-245,1,6,목
2022-01-06,5호선,거여,9053,8517,17570,536,1,6,목
2022-01-06,5호선,마천,6638,6621,13259,17,1,6,목
2022-01-06,5호선,강일,3798,3702,7500,96,1,6,목
2022-01-06,5호선,미사,15657,15730,31387,-73,1,6,목
2022-01-06,5호선,하남풍산,4163,4285,8448,-122,1,6,목
2022-01-06,5호선,하남시청(덕풍·신장),6264,5961,12225,303,1,6,목
2022-01-06,5호선,하남검단산,5381,5163,10544,218,1,6,목
2022-01-06,6호선,응암,17117,16966,34083,151,1,6,목
2022-01-06,6호선,역촌,3676,4470,8146,-794,1,6,목
2022-01-06,6호선,불광,4123,4049,8172,74,1,6,목
2022-01-06,6호선,독바위,2660,2782,5442,-122,1,6,목
2022-01-06,6호선,구산,7321,5632,12953,1689,1,6,목
2022-01-06,6호선,새절(신사),12307,11552,23859,755,1,6,목
2022-01-06,6호선,증산(명지대앞),9906,10109,20015,-203,1,6,목
2022-01-06,6호선,디지털미디어시티,13675,14847,28522,-1172,1,6,목
2022-01-06,6호선,월드컵경기장(성산),3613,3761,7374,-148,1,6,목
2022-01-06,6호선,마포구청,13805,12754,26559,1051,1,6,목
2022-01-06,6호선,망원,13440,14694,28134,-1254,1,6,목
2022-01-06,6호선,합정,12685,12255,24940,430,1,6,목
2022-01-06,6호선,상수,7835,8655,16490,-820,1,6,목
2022-01-06,6호선,광흥창(서강),8869,8507,17376,362,1,6,목
2022-01-06,6호선,대흥(서강대앞),7565,7769,15334,-204,1,6,목
2022-01-06,6호선,공덕,17767,17189,34956,578,1,6,목
2022-01-06,6호선,효창공원앞,6767,6185,12952,582,1,6,목
2022-01-06,6호선,삼각지,6052,5482,11534,570,1,6,목
2022-01-06,6호선,녹사평(용산구청),4500,4406,8906,94,1,6,목
2022-01-06,6호선,이태원,8726,8881,17607,-155,1,6,목
2022-01-06,6호선,한강진,8139,9133,17272,-994,1,6,목
2022-01-06,6호선,버티고개,1877,1990,3867,-113,1,6,목
2022-01-06,6호선,약수,3553,3431,6984,122,1,6,목
2022-01-06,6호선,청구,3681,3974,7655,-293,1,6,목
2022-01-06,6호선,신당,8214,8605,16819,-391,1,6,목
2022-01-06,6호선,동묘앞,7253,7450,14703,-197,1,6,목
2022-01-06,6호선,창신,3388,2811,6199,577,1,6,목
2022-01-06,6호선,보문,6967,6481,13448,486,1,6,목
2022-01-06,6호선,안암(고대병원앞),9558,9654,19212,-96,1,6,목
2022-01-06,6호선,고려대(종암),7346,7120,14466,226,1,6,목
2022-01-06,6호선,월곡(동덕여대),10914,11020,21934,-106,1,6,목
2022-01-06,6호선,상월곡(한국과학기술연구원),6034,5415,11449,619,1,6,목
2022-01-06,6호선,돌곶이,9032,8422,17454,610,1,6,목
2022-01-06,6호선,석계,11713,12007,23720,-294,1,6,목
2022-01-06,6호선,태릉입구,5273,5739,11012,-466,1,6,목
2022-01-06,6호선,화랑대(서울여대입구),11240,8860,20100,2380,1,6,목
2022-01-06,6호선,봉화산(서울의료원),8666,8260,16926,406,1,6,목
2022-01-06,6호선,신내,1,0,1,1,1,6,목
2022-01-06,7호선,장암,2202,840,3042,1362,1,6,목
2022-01-06,7호선,도봉산,8642,10018,18660,-1376,1,6,목
2022-01-06,7호선,수락산,12209,12056,24265,153,1,6,목
2022-01-06,7호선,마들,12409,12006,24415,403,1,6,목
2022-01-06,7호선,노원,19180,19686,38866,-506,1,6,목
2022-01-06,7호선,중계,13565,12530,26095,1035,1,6,목
2022-01-06,7호선,하계,17006,16151,33157,855,1,6,목
2022-01-06,7호선,공릉(서울과학기술대),11283,11241,22524,42,1,6,목
2022-01-06,7호선,태릉입구,8155,7653,15808,502,1,6,목
2022-01-06,7호선,먹골,9766,9596,19362,170,1,6,목
2022-01-06,7호선,중화,10642,10386,21028,256,1,6,목
2022-01-06,7호선,상봉(시외버스터미널),16455,15680,32135,775,1,6,목
2022-01-06,7호선,면목,14954,14670,29624,284,1,6,목
2022-01-06,7호선,사가정,15563,15632,31195,-69,1,6,목
2022-01-06,7호선,용마산(용마폭포공원),6097,5870,11967,227,1,6,목
2022-01-06,7호선,중곡,10520,10136,20656,384,1,6,목
2022-01-06,7호선,군자(능동),14840,11937,26777,2903,1,6,목
2022-01-06,7호선,어린이대공원(세종대),11871,11593,23464,278,1,6,목
2022-01-06,7호선,건대입구,11648,12257,23905,-609,1,6,목
2022-01-06,7호선,뚝섬유원지,7027,6865,13892,162,1,6,목
2022-01-06,7호선,청담,19516,21945,41461,-2429,1,6,목
2022-01-06,7호선,강남구청,16723,18363,35086,-1640,1,6,목
2022-01-06,7호선,학동,25404,26973,52377,-1569,1,6,목
2022-01-06,7호선,논현,20791,22527,43318,-1736,1,6,목
2022-01-06,7호선,반포,5712,5324,11036,388,1,6,목
2022-01-06,7호선,고속터미널,14893,12710,27603,2183,1,6,목
2022-01-06,7호선,내방,14475,14856,29331,-381,1,6,목
2022-01-06,7호선,이수,15310,14893,30203,417,1,6,목
2022-01-06,7호선,남성,10883,10149,21032,734,1,6,목
2022-01-06,7호선,숭실대입구(살피재),11410,11641,23051,-231,1,6,목
2022-01-06,7호선,상도,10464,10291,20755,173,1,6,목
2022-01-06,7호선,장승배기,8809,8683,17492,126,1,6,목
2022-01-06,7호선,신대방삼거리,16338,15714,32052,624,1,6,목
2022-01-06,7호선,보라매,9678,9744,19422,-66,1,6,목
2022-01-06,7호선,신풍,11195,10776,21971,419,1,6,목
2022-01-06,7호선,대림(구로구청),7522,7544,15066,-22,1,6,목
2022-01-06,7호선,남구로,15885,16757,32642,-872,1,6,목
2022-01-06,7호선,가산디지털단지,47851,47621,95472,230,1,6,목
2022-01-06,7호선,철산,20585,21148,41733,-563,1,6,목
2022-01-06,7호선,광명사거리,21835,21525,43360,310,1,6,목
2022-01-06,7호선,천왕,11259,10768,22027,491,1,6,목
2022-01-06,7호선,온수(성공회대입구),10037,9221,19258,816,1,6,목
2022-01-06,7호선,신중동,1,0,1,1,1,6,목
2022-01-06,7호선,부평구청,2,0,2,2,1,6,목
2022-01-06,8호선,암사,18657,16597,35254,2060,1,6,목
2022-01-06,8호선,천호(풍납토성),14756,16819,31575,-2063,1,6,목
2022-01-06,8호선,강동구청,10372,10724,21096,-352,1,6,목
2022-01-06,8호선,몽촌토성(평화의문),6020,6107,12127,-87,1,6,목
2022-01-06,8호선,잠실(송파구청),14152,16381,30533,-2229,1,6,목
2022-01-06,8호선,석촌,7815,8850,16665,-1035,1,6,목
2022-01-06,8호선,송파,7210,7330,14540,-120,1,6,목
2022-01-06,8호선,가락시장,7819,8549,16368,-730,1,6,목
2022-01-06,8호선,문정,22678,23904,46582,-1226,1,6,목
2022-01-06,8호선,장지,17198,16487,33685,711,1,6,목
2022-01-06,8호선,복정,9429,7912,17341,1517,1,6,목
2022-01-06,8호선,산성,5100,5225,10325,-125,1,6,목
2022-01-06,8호선,남한산성입구(성남법원.검찰청),13079,12040,25119,1039,1,6,목
2022-01-06,8호선,단대오거리,10172,9884,20056,288,1,6,목
2022-01-06,8호선,신흥,4123,4556,8679,-433,1,6,목
2022-01-06,8호선,수진,5233,4726,9959,507,1,6,목
2022-01-06,8호선,모란,4268,3227,7495,1041,1,6,목
2022-01-06,8호선,남위례,3545,3874,7419,-329,1,6,목
2022-01-06,9호선,개화,2436,1672,4108,764,1,6,목
2022-01-06,9호선,김포공항,6839,10131,16970,-3292,1,6,목
2022-01-06,9호선,공항시장,2842,3149,5991,-307,1,6,목
2022-01-06,9호선,신방화,6745,6599,13344,146,1,6,목
2022-01-06,9호선,마곡나루(서울식물원),11810,11643,23453,167,1,6,목
2022-01-06,9호선,양천향교,9457,9774,19231,-317,1,6,목
2022-01-06,9호선,가양,19891,19636,39527,255,1,6,목
2022-01-06,9호선,증미,7316,7334,14650,-18,1,6,목
2022-01-06,9호선,등촌,11255,11134,22389,121,1,6,목
2022-01-06,9호선,염창,16983,16675,33658,308,1,6,목
2022-01-06,9호선,신목동,3907,3552,7459,355,1,6,목
2022-01-06,9호선,선유도,8683,8328,17011,355,1,6,목
2022-01-06,9호선,당산,17890,17815,35705,75,1,6,목
2022-01-06,9호선,국회의사당,17264,17499,34763,-235,1,6,목
2022-01-06,9호선,여의도,27737,26498,54235,1239,1,6,목
2022-01-06,9호선,샛강,6000,6345,12345,-345,1,6,목
2022-01-06,9호선,노량진,25383,24626,50009,757,1,6,목
2022-01-06,9호선,노들,4363,3757,8120,606,1,6,목
2022-01-06,9호선,흑석(중앙대입구),7699,8134,15833,-435,1,6,목
2022-01-06,9호선,동작(현충원),1837,1485,3322,352,1,6,목
2022-01-06,9호선,구반포,1434,1553,2987,-119,1,6,목
2022-01-06,9호선,신반포,3206,3167,6373,39,1,6,목
2022-01-06,9호선,고속터미널,11423,14551,25974,-3128,1,6,목
2022-01-06,9호선,사평,3434,3329,6763,105,1,6,목
2022-01-06,9호선,신논현,32112,31789,63901,323,1,6,목
2022-01-06,9호선2~3단계,언주,10857,11133,21990,-276,1,6,목
2022-01-06,9호선2~3단계,선정릉,9749,10602,20351,-853,1,6,목
2022-01-06,9호선2~3단계,삼성중앙,6744,7136,13880,-392,1,6,목
2022-01-06,9호선2~3단계,봉은사,15577,16044,31621,-467,1,6,목
2022-01-06,9호선2~3단계,종합운동장,4131,4202,8333,-71,1,6,목
2022-01-06,9호선2~3단계,삼전,6789,6728,13517,61,1,6,목
2022-01-06,9호선2~3단계,석촌고분,6216,6010,12226,206,1,6,목
2022-01-06,9호선2~3단계,석촌,8204,7347,15551,857,1,6,목
2022-01-06,9호선2~3단계,송파나루,5134,5307,10441,-173,1,6,목
2022-01-06,9호선2~3단계,한성백제,2493,2314,4807,179,1,6,목
2022-01-06,9호선2~3단계,올림픽공원(한국체대),5900,5892,11792,8,1,6,목
2022-01-06,9호선2~3단계,둔촌오륜,945,943,1888,2,1,6,목
2022-01-06,9호선2~3단계,중앙보훈병원,10588,9442,20030,1146,1,6,목
2022-01-06,경강선,판교,4613,4571,9184,42,1,6,목
2022-01-06,경강선,이매,1019,889,1908,130,1,6,목
2022-01-06,경강선,삼동,2394,2160,4554,234,1,6,목
2022-01-06,경강선,경기광주,7460,7049,14509,411,1,6,목
2022-01-06,경강선,초월,2969,2881,5850,88,1,6,목
2022-01-06,경강선,곤지암,2104,2051,4155,53,1,6,목
2022-01-06,경강선,신둔도예촌,1261,1216,2477,45,1,6,목
2022-01-06,경강선,이천,2408,2472,4880,-64,1,6,목
2022-01-06,경강선,부발,2006,1837,3843,169,1,6,목
2022-01-06,경강선,세종대왕릉,266,262,528,4,1,6,목
2022-01-06,경강선,여주,1794,1774,3568,20,1,6,목
2022-01-06,경부선,서울역,5188,1718,6906,3470,1,6,목
2022-01-06,경부선,남영,8528,8959,17487,-431,1,6,목
2022-01-06,경부선,용산,30796,31072,61868,-276,1,6,목
2022-01-06,경부선,노량진,7661,7763,15424,-102,1,6,목
2022-01-06,경부선,대방,12730,13184,25914,-454,1,6,목
2022-01-06,경부선,영등포,35629,36169,71798,-540,1,6,목
2022-01-06,경부선,신도림,4077,3874,7951,203,1,6,목
2022-01-06,경부선,신길,8602,7266,15868,1336,1,6,목
2022-01-06,경부선,구로,17934,18221,36155,-287,1,6,목
2022-01-06,경부선,가산디지털단지,18386,21296,39682,-2910,1,6,목
2022-01-06,경부선,금천구청,11376,11520,22896,-144,1,6,목
2022-01-06,경부선,석수,9378,8362,17740,1016,1,6,목
2022-01-06,경부선,관악,6959,6470,13429,489,1,6,목
2022-01-06,경부선,안양,20109,20122,40231,-13,1,6,목
2022-01-06,경부선,명학,8854,8724,17578,130,1,6,목
2022-01-06,경부선,금정,25824,26366,52190,-542,1,6,목
2022-01-06,경부선,군포,7519,7454,14973,65,1,6,목
2022-01-06,경부선,의왕,8820,8804,17624,16,1,6,목
2022-01-06,경부선,성균관대,13272,13214,26486,58,1,6,목
2022-01-06,경부선,화서,7529,7239,14768,290,1,6,목
2022-01-06,경부선,수원,30814,32925,63739,-2111,1,6,목
2022-01-06,경부선,독산,18491,19362,37853,-871,1,6,목
2022-01-06,경부선,세류,2858,2529,5387,329,1,6,목
2022-01-06,경부선,병점,13316,13216,26532,100,1,6,목
2022-01-06,경부선,세마,2623,2574,5197,49,1,6,목
2022-01-06,경부선,오산대,2994,2757,5751,237,1,6,목
2022-01-06,경부선,오산,8759,8854,17613,-95,1,6,목
2022-01-06,경부선,진위,1572,1398,2970,174,1,6,목
2022-01-06,경부선,송탄,3781,3745,7526,36,1,6,목
2022-01-06,경부선,서정리,6160,5612,11772,548,1,6,목
2022-01-06,경부선,평택지제,3030,2993,6023,37,1,6,목
2022-01-06,경부선,평택,10144,9908,20052,236,1,6,목
2022-01-06,경부선,성환,2818,2828,5646,-10,1,6,목
2022-01-06,경부선,직산,685,675,1360,10,1,6,목
2022-01-06,경부선,두정,4408,4346,8754,62,1,6,목
2022-01-06,경부선,천안,3988,4171,8159,-183,1,6,목
2022-01-06,경부선,당정,6012,5733,11745,279,1,6,목
2022-01-06,경부선,서동탄,1371,1209,2580,162,1,6,목
2022-01-06,경부선,광명,3118,2599,5717,519,1,6,목
2022-01-06,경원선,이촌(국립중앙박물관),3529,2728,6257,801,1,6,목
2022-01-06,경원선,서빙고,1894,1725,3619,169,1,6,목
2022-01-06,경원선,한남,3966,3780,7746,186,1,6,목
2022-01-06,경원선,옥수,46,32,78,14,1,6,목
2022-01-06,경원선,응봉,1845,1567,3412,278,1,6,목
2022-01-06,경원선,왕십리(성동구청),13054,14699,27753,-1645,1,6,목
2022-01-06,경원선,청량리(서울시립대입구),13434,14079,27513,-645,1,6,목
2022-01-06,경원선,외대앞,6672,6837,13509,-165,1,6,목
2022-01-06,경원선,신이문,8092,7522,15614,570,1,6,목
2022-01-06,경원선,석계,7694,8759,16453,-1065,1,6,목
2022-01-06,경원선,광운대,7067,6882,13949,185,1,6,목
2022-01-06,경원선,월계,6116,5791,11907,325,1,6,목
2022-01-06,경원선,녹천,4424,3719,8143,705,1,6,목
2022-01-06,경원선,방학,9086,9113,18199,-27,1,6,목
2022-01-06,경원선,도봉산,7300,4583,11883,2717,1,6,목
2022-01-06,경원선,망월사,7037,7223,14260,-186,1,6,목
2022-01-06,경원선,회룡,12278,11959,24237,319,1,6,목
2022-01-06,경원선,의정부,17702,17963,35665,-261,1,6,목
2022-01-06,경원선,가능,6101,6003,12104,98,1,6,목
2022-01-06,경원선,녹양,4341,4165,8506,176,1,6,목
2022-01-06,경원선,양주,7146,6731,13877,415,1,6,목
2022-01-06,경원선,덕계,2808,2550,5358,258,1,6,목
2022-01-06,경원선,덕정,4968,4831,9799,137,1,6,목
2022-01-06,경원선,지행,5996,6120,12116,-124,1,6,목
2022-01-06,경원선,동두천중앙,2921,2832,5753,89,1,6,목
2022-01-06,경원선,보산,1303,1165,2468,138,1,6,목
2022-01-06,경원선,동두천,2049,2236,4285,-187,1,6,목
2022-01-06,경원선,소요산,2341,2164,4505,177,1,6,목
2022-01-06,경의선,서울역,4186,5046,9232,-860,1,6,목
2022-01-06,경의선,신촌,806,980,1786,-174,1,6,목
2022-01-06,경의선,효창공원앞,2871,3356,6227,-485,1,6,목
2022-01-06,경의선,공덕,3472,2982,6454,490,1,6,목
2022-01-06,경의선,서강대,1907,1967,3874,-60,1,6,목
2022-01-06,경의선,홍대입구,1639,2004,3643,-365,1,6,목
2022-01-06,경의선,가좌,5361,5207,10568,154,1,6,목
2022-01-06,경의선,디지털미디어시티,2422,2175,4597,247,1,6,목
2022-01-06,경의선,수색,2720,2828,5548,-108,1,6,목
2022-01-06,경의선,화전,1491,1397,2888,94,1,6,목
2022-01-06,경의선,강매,3097,2785,5882,312,1,6,목
2022-01-06,경의선,행신,7602,7611,15213,-9,1,6,목
2022-01-06,경의선,능곡,3582,3318,6900,264,1,6,목
2022-01-06,경의선,곡산,562,553,1115,9,1,6,목
2022-01-06,경의선,백마,6644,6432,13076,212,1,6,목
2022-01-06,경의선,풍산,5375,5020,10395,355,1,6,목
2022-01-06,경의선,일산,8957,8855,17812,102,1,6,목
2022-01-06,경의선,탄현,7428,7220,14648,208,1,6,목
2022-01-06,경의선,야당,7061,6853,13914,208,1,6,목
2022-01-06,경의선,운정,6672,6266,12938,406,1,6,목
2022-01-06,경의선,금릉,4700,4458,9158,242,1,6,목
2022-01-06,경의선,금촌,6286,6443,12729,-157,1,6,목
2022-01-06,경의선,월롱,2272,2025,4297,247,1,6,목
2022-01-06,경의선,파주,957,692,1649,265,1,6,목
2022-01-06,경의선,문산,4812,4828,9640,-16,1,6,목
2022-01-06,경의선,임진강,4,4,8,0,1,6,목
2022-01-06,경인선,개봉,20518,20677,41195,-159,1,6,목
2022-01-06,경인선,오류동,11566,10832,22398,734,1,6,목
2022-01-06,경인선,역곡,26067,26039,52106,28,1,6,목
2022-01-06,경인선,부천,30973,30742,61715,231,1,6,목
2022-01-06,경인선,송내,25725,25816,51541,-91,1,6,목
2022-01-06,경인선,부평,28167,29796,57963,-1629,1,6,목
2022-01-06,경인선,백운,6520,6446,12966,74,1,6,목
2022-01-06,경인선,동암,14077,14067,28144,10,1,6,목
2022-01-06,경인선,주안,17444,15973,33417,1471,1,6,목
2022-01-06,경인선,제물포,9602,9273,18875,329,1,6,목
2022-01-06,경인선,동인천,13491,12730,26221,761,1,6,목
2022-01-06,경인선,인천,3204,2424,5628,780,1,6,목
2022-01-06,경인선,구일,5818,5887,11705,-69,1,6,목
2022-01-06,경인선,소사,8058,7882,15940,176,1,6,목
2022-01-06,경인선,부개,8230,7290,15520,940,1,6,목
2022-01-06,경인선,간석,5479,5294,10773,185,1,6,목
2022-01-06,경인선,도원,3031,3088,6119,-57,1,6,목
2022-01-06,경인선,온수(성공회대입구),6135,5955,12090,180,1,6,목
2022-01-06,경인선,중동,8920,8529,17449,391,1,6,목
2022-01-06,경인선,도화,4007,3741,7748,266,1,6,목
2022-01-06,경춘선,신내,1889,1761,3650,128,1,6,목
2022-01-06,경춘선,갈매,2929,2503,5432,426,1,6,목
2022-01-06,경춘선,별내,3227,3066,6293,161,1,6,목
2022-01-06,경춘선,퇴계원,3476,3266,6742,210,1,6,목
2022-01-06,경춘선,사릉,3016,2944,5960,72,1,6,목
2022-01-06,경춘선,금곡,1427,1320,2747,107,1,6,목
2022-01-06,경춘선,평내호평,5718,5677,11395,41,1,6,목
2022-01-06,경춘선,천마산,1560,1426,2986,134,1,6,목
2022-01-06,경춘선,마석,3495,3390,6885,105,1,6,목
2022-01-06,경춘선,대성리,401,352,753,49,1,6,목
2022-01-06,경춘선,청평,1389,1354,2743,35,1,6,목
2022-01-06,경춘선,상천,201,182,383,19,1,6,목
2022-01-06,경춘선,가평,1337,1400,2737,-63,1,6,목
2022-01-06,경춘선,굴봉산,123,142,265,-19,1,6,목
2022-01-06,경춘선,백양리,256,271,527,-15,1,6,목
2022-01-06,경춘선,강촌,290,265,555,25,1,6,목
2022-01-06,경춘선,김유정,275,285,560,-10,1,6,목
2022-01-06,경춘선,남춘천,2006,1994,4000,12,1,6,목
2022-01-06,경춘선,춘천,1004,899,1903,105,1,6,목
2022-01-06,공항철도 1호선,서울역,6785,6376,13161,409,1,6,목
2022-01-06,공항철도 1호선,공덕,2204,2866,5070,-662,1,6,목
2022-01-06,공항철도 1호선,홍대입구,9087,9319,18406,-232,1,6,목
2022-01-06,공항철도 1호선,디지털미디어시티,14124,12741,26865,1383,1,6,목
2022-01-06,공항철도 1호선,마곡나루(서울식물원),8573,8180,16753,393,1,6,목
2022-01-06,공항철도 1호선,김포공항,10909,6561,17470,4348,1,6,목
2022-01-06,공항철도 1호선,계양,9951,9342,19293,609,1,6,목
2022-01-06,공항철도 1호선,검암,6516,6358,12874,158,1,6,목
2022-01-06,공항철도 1호선,청라국제도시,6759,6225,12984,534,1,6,목
2022-01-06,공항철도 1호선,운서,6376,6410,12786,-34,1,6,목
2022-01-06,공항철도 1호선,공항화물청사,2295,2481,4776,-186,1,6,목
2022-01-06,공항철도 1호선,인천공항1터미널,3660,3729,7389,-69,1,6,목
2022-01-06,공항철도 1호선,인천공항2터미널,2291,2187,4478,104,1,6,목
2022-01-06,공항철도 1호선,영종,2782,2848,5630,-66,1,6,목
2022-01-06,과천선,선바위,8118,7091,15209,1027,1,6,목
2022-01-06,과천선,경마공원,1347,1364,2711,-17,1,6,목
2022-01-06,과천선,대공원,2486,2575,5061,-89,1,6,목
2022-01-06,과천선,과천,5880,5433,11313,447,1,6,목
2022-01-06,과천선,정부과천청사,10440,10268,20708,172,1,6,목
2022-01-06,과천선,인덕원,23845,24638,48483,-793,1,6,목
2022-01-06,과천선,평촌,17913,17649,35562,264,1,6,목
2022-01-06,과천선,범계,25665,25482,51147,183,1,6,목
2022-01-06,분당선,선릉,14080,20884,34964,-6804,1,6,목
2022-01-06,분당선,한티,14787,15797,30584,-1010,1,6,목
2022-01-06,분당선,도곡,6696,6675,13371,21,1,6,목
2022-01-06,분당선,구룡,1960,1940,3900,20,1,6,목
2022-01-06,분당선,개포동,3636,3921,7557,-285,1,6,목
2022-01-06,분당선,대모산입구,4286,3999,8285,287,1,6,목
2022-01-06,분당선,수서,12958,13277,26235,-319,1,6,목
2022-01-06,분당선,수원,7641,6450,14091,1191,1,6,목
2022-01-06,분당선,서울숲,10360,10434,20794,-74,1,6,목
2022-01-06,분당선,압구정로데오,19114,20667,39781,-1553,1,6,목
2022-01-07,우이신설선,4.19민주묘지,2733,2587,5320,146,1,7,금
2022-01-07,경원선,가능,6355,6175,12530,180,1,7,금
2022-01-07,3호선,가락시장,9387,9096,18483,291,1,7,금
2022-01-07,8호선,가락시장,8036,8904,16940,-868,1,7,금
2022-01-07,경부선,가산디지털단지,18345,20984,39329,-2639,1,7,금
2022-01-07,7호선,가산디지털단지,46641,46210,92851,431,1,7,금
2022-01-07,9호선,가양,20176,19643,39819,533,1,7,금
2022-01-07,우이신설선,가오리,3976,3888,7864,88,1,7,금
2022-01-07,경의선,가좌,5207,5133,10340,74,1,7,금
2022-01-07,분당선,가천대,6633,7363,13996,-730,1,7,금
2022-01-07,경춘선,가평,1508,1538,3046,-30,1,7,금
2022-01-07,경인선,간석,5726,5324,11050,402,1,7,금
2022-01-07,경춘선,갈매,3012,2601,5613,411,1,7,금
2022-01-07,2호선,강남,90564,89305,179869,1259,1,7,금
2022-01-07,분당선,강남구청,10472,11950,22422,-1478,1,7,금
2022-01-07,7호선,강남구청,17110,18532,35642,-1422,1,7,금
2022-01-07,5호선,강동,18580,17648,36228,932,1,7,금
2022-01-07,8호선,강동구청,10647,11039,21686,-392,1,7,금
2022-01-07,경의선,강매,3115,2658,5773,457,1,7,금
2022-01-07,2호선,강변(동서울터미널),30382,29500,59882,882,1,7,금
2022-01-07,5호선,강일,3874,3794,7668,80,1,7,금
2022-01-07,경춘선,강촌,300,311,611,-11,1,7,금
2022-01-07,5호선,개롱,6238,6597,12835,-359,1,7,금
2022-01-07,경인선,개봉,20885,20914,41799,-29,1,7,금
2022-01-07,분당선,개포동,3788,3990,7778,-202,1,7,금
2022-01-07,9호선,개화,2476,1733,4209,743,1,7,금
2022-01-07,5호선,개화산,5460,5205,10665,255,1,7,금
2022-01-07,5호선,거여,9110,8594,17704,516,1,7,금
2022-01-07,7호선,건대입구,12332,12968,25300,-636,1,7,금
2022-01-07,2호선,건대입구,35800,38542,74342,-2742,1,7,금
2022-01-07,공항철도 1호선,검암,6577,6487,13064,90,1,7,금
2022-01-07,경강선,경기광주,7635,7357,14992,278,1,7,금
2022-01-07,과천선,경마공원,5171,5226,10397,-55,1,7,금
2022-01-07,3호선,경복궁(정부서울청사),19074,18615,37689,459,1,7,금
2022-01-07,3호선,경찰병원,7511,7470,14981,41,1,7,금
2022-01-07,공항철도 1호선,계양,10059,9177,19236,882,1,7,금
2022-01-07,5호선,고덕,9379,9420,18799,-41,1,7,금
2022-01-07,6호선,고려대(종암),7476,7256,14732,220,1,7,금
2022-01-07,수인선,고색,4661,4242,8903,419,1,7,금
2022-01-07,9호선,고속터미널,12236,16914,29150,-4678,1,7,금
2022-01-07,7호선,고속터미널,16470,13718,30188,2752,1,7,금
2022-01-07,3호선,고속터미널,42206,43483,85689,-1277,1,7,금
2022-01-07,안산선,고잔,8582,8127,16709,455,1,7,금
2022-01-07,경의선,곡산,575,582,1157,-7,1,7,금
2022-01-07,경강선,곤지암,2290,2106,4396,184,1,7,금
2022-01-07,공항철도 1호선,공덕,2265,2913,5178,-648,1,7,금
2022-01-07,5호선,공덕,13754,14626,28380,-872,1,7,금
2022-01-07,6호선,공덕,18272,17640,35912,632,1,7,금
2022-01-07,경의선,공덕,3510,3154,6664,356,1,7,금
2022-01-07,7호선,공릉(서울과학기술대),12077,11989,24066,88,1,7,금
2022-01-07,9호선,공항시장,2885,3119,6004,-234,1,7,금
2022-01-07,공항철도 1호선,공항화물청사,2269,2399,4668,-130,1,7,금
2022-01-07,과천선,과천,6070,5655,11725,415,1,7,금
2022-01-07,경부선,관악,7169,6703,13872,466,1,7,금
2022-01-07,5호선,광나루(장신대),13079,11671,24750,1408,1,7,금
2022-01-07,경부선,광명,3437,3154,6591,283,1,7,금
2022-01-07,7호선,광명사거리,22469,22264,44733,205,1,7,금
2022-01-07,경원선,광운대,7310,7142,14452,168,1,7,금
2022-01-07,5호선,광화문(세종문화회관),29356,30589,59945,-1233,1,7,금
2022-01-07,6호선,광흥창(서강),8955,8652,17607,303,1,7,금
2022-01-07,2호선,교대(법원.검찰청),33746,37815,71561,-4069,1,7,금
2022-01-07,3호선,교대(법원.검찰청),14159,9179,23338,4980,1,7,금
2022-01-07,경부선,구로,18325,18845,37170,-520,1,7,금
2022-01-07,2호선,구로디지털단지,60359,60335,120694,24,1,7,금
2022-01-07,분당선,구룡,2128,1979,4107,149,1,7,금
2022-01-07,중앙선,구리,13378,13781,27159,-403,1,7,금
2022-01-07,9호선,구반포,1477,1594,3071,-117,1,7,금
2022-01-07,6호선,구산,7535,5675,13210,1860,1,7,금
2022-01-07,분당선,구성,5072,5412,10484,-340,1,7,금
2022-01-07,2호선,구의(광진구청),23939,23552,47491,387,1,7,금
2022-01-07,경인선,구일,5938,5950,11888,-12,1,7,금
2022-01-07,3호선,구파발,20015,18906,38921,1109,1,7,금
2022-01-07,중앙선,국수,638,640,1278,-2,1,7,금
2022-01-07,9호선,국회의사당,16418,16640,33058,-222,1,7,금
2022-01-07,7호선,군자(능동),15317,12223,27540,3094,1,7,금
2022-01-07,5호선,군자(능동),11352,12631,23983,-1279,1,7,금
2022-01-07,경부선,군포,7746,7547,15293,199,1,7,금
2022-01-07,경춘선,굴봉산,96,119,215,-23,1,7,금
2022-01-07,5호선,굽은다리(강동구민회관앞),9497,9138,18635,359,1,7,금
2022-01-07,경춘선,금곡,1405,1356,2761,49,1,7,금
2022-01-07,경의선,금릉,4637,4531,9168,106,1,7,금
2022-01-07,경부선,금정,26653,26911,53564,-258,1,7,금
2022-01-07,경부선,금천구청,11596,11723,23319,-127,1,7,금
2022-01-07,경의선,금촌,6442,6256,12698,186,1,7,금
2022-01-07,3호선,금호,8099,7577,15676,522,1,7,금
2022-01-07,분당선,기흥,9569,9221,18790,348,1,7,금
2022-01-07,5호선,길동,8189,8777,16966,-588,1,7,금
2022-01-07,4호선,길음,19750,19316,39066,434,1,7,금
2022-01-07,경춘선,김유정,240,264,504,-24,1,7,금
2022-01-07,9호선,김포공항,7700,12232,19932,-4532,1,7,금
2022-01-07,5호선,김포공항,7886,7411,15297,475,1,7,금
2022-01-07,공항철도 1호선,김포공항,13409,7120,20529,6289,1,7,금
2022-01-07,5호선,까치산,28544,27687,56231,857,1,7,금
2022-01-07,2호선,낙성대(강감찬),27262,25906,53168,1356,1,7,금
2022-01-07,7호선,남구로,15801,16574,32375,-773,1,7,금
2022-01-07,수인선,남동인더스파크,2302,2562,4864,-260,1,7,금
2022-01-07,3호선,남부터미널(예술의전당),30652,30817,61469,-165,1,7,금
2022-01-07,7호선,남성,11006,10247,21253,759,1,7,금
2022-01-07,경부선,남영,8675,9024,17699,-349,1,7,금
2022-01-07,8호선,남위례,3566,3915,7481,-349,1,7,금
2022-01-07,경춘선,남춘천,2858,2938,5796,-80,1,7,금
2022-01-07,4호선,남태령,1205,1022,2227,183,1,7,금
2022-01-07,8호선,남한산성입구(성남법원.검찰청),13392,12099,25491,1293,1,7,금
2022-01-07,7호선,내방,14932,15087,30019,-155,1,7,금
2022-01-07,9호선,노들,4373,3799,8172,574,1,7,금
2022-01-07,경부선,노량진,8442,8474,16916,-32,1,7,금
2022-01-07,9호선,노량진,26431,25588,52019,843,1,7,금
2022-01-07,4호선,노원,18691,21382,40073,-2691,1,7,금
2022-01-07,7호선,노원,20069,20987,41056,-918,1,7,금
2022-01-07,3호선,녹번,15367,13920,29287,1447,1,7,금
2022-01-07,6호선,녹사평(용산구청),4634,4670,9304,-36,1,7,금
2022-01-07,경원선,녹양,4428,4210,8638,218,1,7,금
2022-01-07,경원선,녹천,4440,3709,8149,731,1,7,금
2022-01-07,7호선,논현,21321,23077,44398,-1756,1,7,금
2022-01-07,경의선,능곡,3706,3426,7132,280,1,7,금
2022-01-07,8호선,단대오거리,10505,10128,20633,377,1,7,금
2022-01-07,수인선,달월,101,61,162,40,1,7,금
2022-01-07,5호선,답십리,16230,14955,31185,1275,1,7,금
2022-01-07,4호선,당고개,12535,11456,23991,1079,1,7,금
2022-01-07,9호선,당산,18382,18374,36756,8,1,7,금
2022-01-07,2호선,당산,18231,21128,39359,-2897,1,7,금
2022-01-07,경부선,당정,6047,5777,11824,270,1,7,금
2022-01-07,일산선,대곡,1863,1516,3379,347,1,7,금
2022-01-07,과천선,대공원,2460,2557,5017,-97,1,7,금
2022-01-07,7호선,대림(구로구청),7723,7847,15570,-124,1,7,금
2022-01-07,2호선,대림(구로구청),23470,23930,47400,-460,1,7,금
2022-01-07,분당선,대모산입구,4352,4089,8441,263,1,7,금
2022-01-07,경부선,대방,12794,13074,25868,-280,1,7,금
2022-01-07,경춘선,대성리,436,410,846,26,1,7,금
2022-01-07,안산선,대야미,5016,4377,9393,639,1,7,금
2022-01-07,3호선,대청,9847,9111,18958,736,1,7,금
2022-01-07,3호선,대치,11811,11788,23599,23,1,7,금
2022-01-07,일산선,대화,12236,9852,22088,2384,1,7,금
2022-01-07,6호선,대흥(서강대앞),7522,7885,15407,-363,1,7,금
2022-01-07,경원선,덕계,3009,2725,5734,284,1,7,금
2022-01-07,중앙선,덕소,5603,5580,11183,23,1,7,금
2022-01-07,경원선,덕정,5239,4930,10169,309,1,7,금
2022-01-07,3호선,도곡,5371,5450,10821,-79,1,7,금
2022-01-07,분당선,도곡,6886,6821,13707,65,1,7,금
2022-01-07,중앙선,도농,10269,9433,19702,836,1,7,금
2022-01-07,2호선,도림천,1402,1436,2838,-34,1,7,금
2022-01-07,경원선,도봉,5857,5544,11401,313,1,7,금
2022-01-07,7호선,도봉산,8926,10171,19097,-1245,1,7,금
2022-01-07,경원선,도봉산,7079,4555,11634,2524,1,7,금
2022-01-07,중앙선,도심,2325,1811,4136,514,1,7,금
2022-01-07,경인선,도원,2721,2801,5522,-80,1,7,금
2022-01-07,경인선,도화,4009,3759,7768,250,1,7,금
2022-01-07,3호선,독립문,6565,6651,13216,-86,1,7,금
2022-01-07,6호선,독바위,2663,2724,5387,-61,1,7,금
2022-01-07,경부선,독산,18602,19343,37945,-741,1,7,금
2022-01-07,6호선,돌곶이,9202,8524,17726,678,1,7,금
2022-01-07,1호선,동대문,10577,9613,20190,964,1,7,금
2022-01-07,4호선,동대문,19038,19595,38633,-557,1,7,금
2022-01-07,2호선,동대문역사문화공원(DDP),11715,13114,24829,-1399,1,7,금
2022-01-07,5호선,동대문역사문화공원(DDP),2875,3484,6359,-609,1,7,금
2022-01-07,4호선,동대문역사문화공원(DDP),14537,13498,28035,1039,1,7,금
2022-01-07,3호선,동대입구,7153,7479,14632,-326,1,7,금
2022-01-07,경원선,동두천,1968,2207,4175,-239,1,7,금
2022-01-07,경원선,동두천중앙,2933,2932,5865,1,1,7,금
2022-01-07,6호선,동묘앞,7516,7658,15174,-142,1,7,금
2022-01-07,1호선,동묘앞,7400,7679,15079,-279,1,7,금
2022-01-07,경인선,동암,14313,14668,28981,-355,1,7,금
2022-01-07,경인선,동인천,13527,12799,26326,728,1,7,금
2022-01-07,9호선,동작(현충원),1840,1415,3255,425,1,7,금
2022-01-07,4호선,동작(현충원),1340,1514,2854,-174,1,7,금
2022-01-07,경부선,두정,5174,5047,10221,127,1,7,금
2022-01-07,5호선,둔촌동,8932,8932,17864,0,1,7,금
2022-01-07,9호선2~3단계,둔촌오륜,983,948,1931,35,1,7,금
2022-01-07,9호선,등촌,11432,11240,22672,192,1,7,금
2022-01-07,공항철도 1호선,디지털미디어시티,13673,12252,25925,1421,1,7,금
2022-01-07,경의선,디지털미디어시티,2462,2294,4756,168,1,7,금
2022-01-07,6호선,디지털미디어시티,13359,14693,28052,-1334,1,7,금
2022-01-07,2호선,뚝섬,22117,23461,45578,-1344,1,7,금
2022-01-07,7호선,뚝섬유원지,7283,7031,14314,252,1,7,금
2022-01-07,5호선,마곡,10760,10574,21334,186,1,7,금
2022-01-07,9호선,마곡나루(서울식물원),11979,11743,23722,236,1,7,금
2022-01-07,공항철도 1호선,마곡나루(서울식물원),8398,7744,16142,654,1,7,금
2022-01-07,일산선,마두,7406,7577,14983,-171,1,7,금
2022-01-07,7호선,마들,12536,12068,24604,468,1,7,금
2022-01-07,경춘선,마석,3710,3615,7325,95,1,7,금
2022-01-07,5호선,마장,5618,5233,10851,385,1,7,금
2022-01-07,5호선,마천,6736,6546,13282,190,1,7,금
2022-01-07,5호선,마포,14339,14789,29128,-450,1,7,금
2022-01-07,6호선,마포구청,13907,12873,26780,1034,1,7,금
2022-01-07,중앙선,망우,7465,7539,15004,-74,1,7,금
2022-01-07,6호선,망원,14046,15362,29408,-1316,1,7,금
2022-01-07,경원선,망월사,6889,7211,14100,-322,1,7,금
2022-01-07,분당선,망포,15029,13985,29014,1044,1,7,금
2022-01-07,분당선,매교,2831,2931,5762,-100,1,7,금
2022-01-07,3호선,매봉,12896,12260,25156,636,1,7,금
2022-01-07,분당선,매탄권선,5129,5032,10161,97,1,7,금
2022-01-07,7호선,먹골,10137,9996,20133,141,1,7,금
2022-01-07,7호선,면목,15440,15105,30545,335,1,7,금
2022-01-07,4호선,명동,18013,18848,36861,-835,1,7,금
2022-01-07,5호선,명일,8614,8841,17455,-227,1,7,금
2022-01-07,경부선,명학,8708,8518,17226,190,1,7,금
2022-01-07,분당선,모란,20309,20338,40647,-29,1,7,금
2022-01-07,8호선,모란,4411,3459,7870,952,1,7,금
2022-01-07,5호선,목동,16769,18063,34832,-1294,1,7,금
2022-01-07,8호선,몽촌토성(평화의문),6124,6322,12446,-198,1,7,금
2022-01-07,3호선,무악재,3857,3843,7700,14,1,7,금
2022-01-07,2호선,문래,21239,21538,42777,-299,1,7,금
2022-01-07,경의선,문산,5092,4800,9892,292,1,7,금
2022-01-07,8호선,문정,22643,23727,46370,-1084,1,7,금
2022-01-07,분당선,미금,15699,16712,32411,-1013,1,7,금
2022-01-07,5호선,미사,16096,16153,32249,-57,1,7,금
2022-01-07,4호선,미아(서울사이버대학),14217,13867,28084,350,1,7,금
2022-01-07,4호선,미아사거리,27010,26344,53354,666,1,7,금
2022-01-07,안산선,반월,4245,4026,8271,219,1,7,금
2022-01-07,7호선,반포,5884,5515,11399,369,1,7,금
2022-01-07,5호선,발산,19556,20249,39805,-693,1,7,금
2022-01-07,2호선,방배,16036,16883,32919,-847,1,7,금
2022-01-07,5호선,방이,7374,7567,14941,-193,1,7,금
2022-01-07,경원선,방학,9417,9247,18664,170,1,7,금
2022-01-07,5호선,방화,6539,6365,12904,174,1,7,금
2022-01-07,장항선,배방,965,893,1858,72,1,7,금
2022-01-07,경의선,백마,6743,6550,13293,193,1,7,금
2022-01-07,일산선,백석,9816,9887,19703,-71,1,7,금
2022-01-07,경춘선,백양리,257,233,490,24,1,7,금
2022-01-07,경인선,백운,6546,6429,12975,117,1,7,금
2022-01-07,6호선,버티고개,1948,1976,3924,-28,1,7,금
2022-01-07,과천선,범계,26564,26256,52820,308,1,7,금
2022-01-07,경춘선,별내,3403,3215,6618,188,1,7,금
2022-01-07,경부선,병점,14537,14360,28897,177,1,7,금
2022-01-07,7호선,보라매,9830,9640,19470,190,1,7,금
2022-01-07,우이신설선,보문,1493,1482,2975,11,1,7,금
2022-01-07,6호선,보문,7070,6554,13624,516,1,7,금
2022-01-07,경원선,보산,1287,1237,2524,50,1,7,금
2022-01-07,분당선,보정,2393,2112,4505,281,1,7,금
2022-01-07,8호선,복정,9676,8109,17785,1567,1,7,금
2022-01-07,분당선,복정,1,0,1,1,1,7,금
2022-01-07,장항선,봉명,1173,1048,2221,125,1,7,금
2022-01-07,9호선2~3단계,봉은사,15883,16165,32048,-282,1,7,금
2022-01-07,2호선,봉천,23682,21644,45326,2038,1,7,금
2022-01-07,6호선,봉화산(서울의료원),8635,8185,16820,450,1,7,금
2022-01-07,경인선,부개,8263,7304,15567,959,1,7,금
2022-01-07,경강선,부발,2803,1962,4765,841,1,7,금
2022-01-07,경인선,부천,32125,33030,65155,-905,1,7,금
2022-01-07,경인선,부평,29570,31917,61487,-2347,1,7,금
2022-01-07,7호선,부평구청,1,0,1,1,1,7,금
2022-01-07,우이신설선,북한산보국문,5849,5522,11371,327,1,7,금
2022-01-07,우이신설선,북한산우이,2437,2250,4687,187,1,7,금
2022-01-07,6호선,불광,4150,4015,8165,135,1,7,금
2022-01-07,3호선,불광,15761,17028,32789,-1267,1,7,금
2022-01-07,7호선,사가정,16071,16029,32100,42,1,7,금
2022-01-07,4호선,사당,25145,20410,45555,4735,1,7,금
2022-01-07,2호선,사당,36489,39801,76290,-3312,1,7,금
2022-01-07,경춘선,사릉,3134,2979,6113,155,1,7,금
2022-01-07,수인선,사리,4338,3916,8254,422,1,7,금
2022-01-07,9호선,사평,3688,3493,7181,195,1,7,금
2022-01-07,안산선,산본,15945,17339,33284,-1394,1,7,금
2022-01-07,8호선,산성,5297,5246,10543,51,1,7,금
2022-01-07,6호선,삼각지,6423,5582,12005,841,1,7,금
2022-01-07,4호선,삼각지,5038,5553,10591,-515,1,7,금
2022-01-07,경강선,삼동,2377,2180,4557,197,1,7,금
2022-01-07,2호선,삼성(무역센터),52489,51923,104412,566,1,7,금
2022-01-07,9호선2~3단계,삼성중앙,6898,7068,13966,-170,1,7,금
2022-01-07,일산선,삼송,19188,18817,38005,371,1,7,금
2022-01-07,우이신설선,삼양,2006,2098,4104,-92,1,7,금
2022-01-07,우이신설선,삼양사거리,2467,2495,4962,-28,1,7,금
2022-01-07,9호선2~3단계,삼전,7011,6733,13744,278,1,7,금
2022-01-07,분당선,상갈,5494,5195,10689,299,1,7,금
2022-01-07,4호선,상계,18641,17387,36028,1254,1,7,금
2022-01-07,7호선,상도,10812,10283,21095,529,1,7,금
2022-01-07,7호선,상동,1,0,1,1,1,7,금
2022-01-07,안산선,상록수,15023,15693,30716,-670,1,7,금
2022-01-07,7호선,상봉(시외버스터미널),17085,16462,33547,623,1,7,금
2022-01-07,중앙선,상봉(시외버스터미널),5896,5777,11673,119,1,7,금
2022-01-07,6호선,상수,9978,10849,20827,-871,1,7,금
2022-01-07,2호선,상왕십리,14213,13699,27912,514,1,7,금
2022-01-07,6호선,상월곡(한국과학기술연구원),6103,5386,11489,717,1,7,금
2022-01-07,5호선,상일동,15570,14123,29693,1447,1,7,금
2022-01-07,경춘선,상천,201,190,391,11,1,7,금
2022-01-07,6호선,새절(신사),12479,11715,24194,764,1,7,금
2022-01-07,9호선,샛강,5874,6175,12049,-301,1,7,금
2022-01-07,경의선,서강대,2058,2035,4093,23,1,7,금
2022-01-07,5호선,서대문,18147,18423,36570,-276,1,7,금
2022-01-07,경부선,서동탄,1414,1280,2694,134,1,7,금
2022-01-07,경원선,서빙고,1949,1823,3772,126,1,7,금
2022-01-07,2호선,서울대입구(관악구청),47992,46891,94883,1101,1,7,금
2022-01-07,분당선,서울숲,10431,10766,21197,-335,1,7,금
2022-01-07,4호선,서울역,10652,16669,27321,-6017,1,7,금
2022-01-07,공항철도 1호선,서울역,8082,7816,15898,266,1,7,금
2022-01-07,1호선,서울역,43576,42324,85900,1252,1,7,금
2022-01-07,경의선,서울역,4068,5197,9265,-1129,1,7,금
2022-01-07,경부선,서울역,6925,2329,9254,4596,1,7,금
2022-01-07,경부선,서정리,7521,6091,13612,1430,1,7,금
2022-01-07,2호선,서초,20789,19949,40738,840,1,7,금
2022-01-07,분당선,서현,26625,27025,53650,-400,1,7,금
2022-01-07,6호선,석계,12016,12433,24449,-417,1,7,금
2022-01-07,경원선,석계,7936,8853,16789,-917,1,7,금
2022-01-07,경부선,석수,9650,8573,18223,1077,1,7,금
2022-01-07,8호선,석촌,7950,9347,17297,-1397,1,7,금
2022-01-07,9호선2~3단계,석촌,8661,7679,16340,982,1,7,금
2022-01-07,9호선2~3단계,석촌고분,6271,6158,12429,113,1,7,금
2022-01-07,2호선,선릉,57994,51049,109043,6945,1,7,금
2022-01-07,분당선,선릉,13922,20862,34784,-6940,1,7,금
2022-01-07,과천선,선바위,8304,7213,15517,1091,1,7,금
2022-01-07,9호선,선유도,8679,8413,17092,266,1,7,금
2022-01-07,9호선2~3단계,선정릉,9807,10531,20338,-724,1,7,금
2022-01-07,분당선,선정릉,8264,8633,16897,-369,1,7,금
2022-01-07,경부선,성균관대,13621,13494,27115,127,1,7,금
2022-01-07,2호선,성수,37819,40772,78591,-2953,1,7,금
2022-01-07,4호선,성신여대입구(돈암),19469,18995,38464,474,1,7,금
2022-01-07,우이신설선,성신여대입구(돈암),3179,3626,6805,-447,1,7,금
2022-01-07,경부선,성환,3097,2842,5939,255,1,7,금
2022-01-07,경부선,세류,2915,2799,5714,116,1,7,금
2022-01-07,경부선,세마,2938,2593,5531,345,1,7,금
2022-01-07,경강선,세종대왕릉,300,272,572,28,1,7,금
2022-01-07,수인선,소래포구,4861,4623,9484,238,1,7,금
2022-01-07,경인선,소사,8035,7943,15978,92,1,7,금
2022-01-07,경원선,소요산,2499,2126,4625,373,1,7,금
2022-01-07,우이신설선,솔밭공원,2398,2272,4670,126,1,7,금
2022-01-07,우이신설선,솔샘,5845,5334,11179,511,1,7,금
2022-01-07,경인선,송내,25897,25936,51833,-39,1,7,금
2022-01-07,수인선,송도,2430,2335,4765,95,1,7,금
2022-01-07,5호선,송정,6428,6139,12567,289,1,7,금
2022-01-07,경부선,송탄,4383,3989,8372,394,1,7,금
2022-01-07,8호선,송파,7473,7610,15083,-137,1,7,금
2022-01-07,9호선2~3단계,송파나루,5307,5693,11000,-386,1,7,금
2022-01-07,분당선,수내,13959,14019,27978,-60,1,7,금
2022-01-07,7호선,수락산,12426,12114,24540,312,1,7,금
2022-01-07,안산선,수리산,4214,3327,7541,887,1,7,금
2022-01-07,경의선,수색,2721,2750,5471,-29,1,7,금
2022-01-07,3호선,수서,17979,18097,36076,-118,1,7,금
2022-01-07,분당선,수서,14082,15041,29123,-959,1,7,금
2022-01-07,경부선,수원,34001,36701,70702,-2700,1,7,금
2022-01-07,분당선,수원,8378,7221,15599,1157,1,7,금
2022-01-07,분당선,수원시청,13219,14515,27734,-1296,1,7,금
2022-01-07,4호선,수유(강북구청),33541,33993,67534,-452,1,7,금
2022-01-07,8호선,수진,5335,4867,10202,468,1,7,금
2022-01-07,4호선,숙대입구(갈월),12255,12066,24321,189,1,7,금
2022-01-07,7호선,숭실대입구(살피재),14589,14558,29147,31,1,7,금
2022-01-07,수인선,숭의,3987,3785,7772,202,1,7,금
2022-01-07,2호선,시청,22937,22052,44989,885,1,7,금
2022-01-07,1호선,시청,21016,21220,42236,-204,1,7,금
2022-01-07,분당선,신갈,4543,4487,9030,56,1,7,금
2022-01-07,5호선,신금호,6182,6271,12453,-89,1,7,금
2022-01-07,경부선,신길,8770,7238,16008,1532,1,7,금
2022-01-07,5호선,신길,4102,4309,8411,-207,1,7,금
2022-01-07,안산선,신길온천,1691,1649,3340,42,1,7,금
2022-01-07,경춘선,신내,1998,1886,3884,112,1,7,금
2022-01-07,9호선,신논현,34483,34252,68735,231,1,7,금
2022-01-07,2호선,신답,1687,1876,3563,-189,1,7,금
2022-01-07,2호선,신당,13587,14258,27845,-671,1,7,금
2022-01-07,6호선,신당,8636,8819,17455,-183,1,7,금
2022-01-07,2호선,신대방,26247,25659,51906,588,1,7,금
2022-01-07,7호선,신대방삼거리,16484,15877,32361,607,1,7,금
2022-01-07,2호선,신도림,47620,47339,94959,281,1,7,금
2022-01-07,경부선,신도림,4035,3969,8004,66,1,7,금
2022-01-07,경강선,신둔도예촌,1413,1301,2714,112,1,7,금
2022-01-07,2호선,신림,62877,61917,124794,960,1,7,금
2022-01-07,9호선,신목동,3976,3459,7435,517,1,7,금
2022-01-07,9호선,신반포,3259,3208,6467,51,1,7,금
2022-01-07,9호선,신방화,6708,6420,13128,288,1,7,금
2022-01-07,3호선,신사,33826,35149,68975,-1323,1,7,금
2022-01-07,2호선,신설동,3522,3708,7230,-186,1,7,금
2022-01-07,1호선,신설동,13673,13125,26798,548,1,7,금
2022-01-07,우이신설선,신설동,2053,2030,4083,23,1,7,금
2022-01-07,4호선,신용산,16603,17333,33936,-730,1,7,금
2022-01-07,중앙선,신원,157,158,315,-1,1,7,금
2022-01-07,경원선,신이문,8309,7710,16019,599,1,7,금
2022-01-07,5호선,신정(은행정),13800,11287,25087,2513,1,7,금
2022-01-07,2호선,신정네거리,10327,10859,21186,-532,1,7,금
2022-01-07,장항선,신창(순천향대),1065,860,1925,205,1,7,금
2022-01-07,2호선,신촌,32789,33582,66371,-793,1,7,금
2022-01-07,경의선,신촌,769,972,1741,-203,1,7,금
2022-01-07,수인선,신포,1680,1711,3391,-31,1,7,금
2022-01-07,7호선,신풍,11373,10803,22176,570,1,7,금
2022-01-07,8호선,신흥,4251,4569,8820,-318,1,7,금
2022-01-07,4호선,쌍문,28939,26844,55783,2095,1,7,금
2022-01-07,장항선,쌍용(나사렛대),1805,1656,3461,149,1,7,금
2022-01-07,장항선,아산,2825,2937,5762,-112,1,7,금
2022-01-07,중앙선,아신,454,475,929,-21,1,7,금
2022-01-07,5호선,아차산(어린이대공원후문),14321,14166,28487,155,1,7,금
2022-01-07,2호선,아현,9899,9562,19461,337,1,7,금
2022-01-07,3호선,안국,18847,19380,38227,-533,1,7,금
2022-01-07,안산선,안산,11411,10307,21718,1104,1,7,금
2022-01-07,6호선,안암(고대병원앞),9716,9553,19269,163,1,7,금
2022-01-07,경부선,안양,20728,21003,41731,-275,1,7,금
2022-01-07,8호선,암사,18966,16923,35889,2043,1,7,금
2022-01-07,3호선,압구정,35125,37298,72423,-2173,1,7,금
2022-01-07,분당선,압구정로데오,21398,23174,44572,-1776,1,7,금
2022-01-07,5호선,애오개,6725,6679,13404,46,1,7,금
2022-01-07,경의선,야당,7210,7085,14295,125,1,7,금
2022-01-07,수인선,야목,354,286,640,68,1,7,금
2022-01-07,분당선,야탑,26388,27288,53676,-900,1,7,금
2022-01-07,3호선,약수,12965,12444,25409,521,1,7,금
2022-01-07,6호선,약수,3483,3513,6996,-30,1,7,금
2022-01-07,중앙선,양수,1561,1567,3128,-6,1,7,금
2022-01-07,중앙선,양원,1974,1914,3888,60,1,7,금
2022-01-07,3호선,양재(서초구청),40154,42237,82391,-2083,1,7,금
2022-01-07,중앙선,양정,666,576,1242,90,1,7,금
2022-01-07,경원선,양주,7354,6949,14303,405,1,7,금
2022-01-07,2호선,양천구청,6775,7161,13936,-386,1,7,금
2022-01-07,9호선,양천향교,9533,9625,19158,-92,1,7,금
2022-01-07,중앙선,양평,2420,2521,4941,-101,1,7,금
2022-01-07,5호선,양평,7626,7585,15211,41,1,7,금
2022-01-07,7호선,어린이대공원(세종대),12076,11927,24003,149,1,7,금
2022-01-07,수인선,어천,746,629,1375,117,1,7,금
2022-01-07,9호선2~3단계,언주,11225,11121,22346,104,1,7,금
2022-01-07,5호선,여의나루,8750,9500,18250,-750,1,7,금
2022-01-07,9호선,여의도,28284,26378,54662,1906,1,7,금
2022-01-07,5호선,여의도,28567,29802,58369,-1235,1,7,금
2022-01-07,경강선,여주,2045,2130,4175,-85,1,7,금
2022-01-07,경인선,역곡,26619,26635,53254,-16,1,7,금
2022-01-07,2호선,역삼,52991,58173,111164,-5182,1,7,금
2022-01-07,6호선,역촌,3794,4445,8239,-651,1,7,금
2022-01-07,수인선,연수,4490,4522,9012,-32,1,7,금
2022-01-07,3호선,연신내,36026,34196,70222,1830,1,7,금
2022-01-07,9호선,염창,17239,16574,33813,665,1,7,금
2022-01-07,경부선,영등포,38898,40217,79115,-1319,1,7,금
2022-01-07,2호선,영등포구청,22864,23363,46227,-499,1,7,금
2022-01-07,5호선,영등포구청,3795,4018,7813,-223,1,7,금
2022-01-07,5호선,영등포시장,10284,10655,20939,-371,1,7,금
2022-01-07,공항철도 1호선,영종,2944,3016,5960,-72,1,7,금
2022-01-07,분당선,영통,8683,8761,17444,-78,1,7,금
2022-01-07,5호선,오금,3689,3623,7312,66,1,7,금
2022-01-07,3호선,오금,6263,5581,11844,682,1,7,금
2022-01-07,경인선,오류동,11600,10831,22431,769,1,7,금
2022-01-07,분당선,오리,12046,9876,21922,2170,1,7,금
2022-01-07,5호선,오목교(목동운동장앞),22282,24107,46389,-1825,1,7,금
2022-01-07,수인선,오목천,2918,2550,5468,368,1,7,금
2022-01-07,중앙선,오빈,267,260,527,7,1,7,금
2022-01-07,경부선,오산,9988,9621,19609,367,1,7,금
2022-01-07,경부선,오산대,3292,3024,6316,268,1,7,금
2022-01-07,안산선,오이도,8193,8059,16252,134,1,7,금
2022-01-07,경원선,옥수,50,29,79,21,1,7,금
2022-01-07,3호선,옥수,9009,9302,18311,-293,1,7,금
2022-01-07,경인선,온수(성공회대입구),6256,6123,12379,133,1,7,금
2022-01-07,7호선,온수(성공회대입구),9984,9372,19356,612,1,7,금
2022-01-07,장항선,온양온천,3452,3475,6927,-23,1,7,금
2022-01-07,9호선2~3단계,올림픽공원(한국체대),7328,7161,14489,167,1,7,금
2022-01-07,5호선,올림픽공원(한국체대),4197,3718,7915,479,1,7,금
2022-01-07,경원선,왕십리(성동구청),13953,15616,29569,-1663,1,7,금
2022-01-07,5호선,왕십리(성동구청),4731,5316,10047,-585,1,7,금
2022-01-07,2호선,왕십리(성동구청),15674,13798,29472,1876,1,7,금
2022-01-07,경원선,외대앞,7034,7052,14086,-18,1,7,금
2022-01-07,2호선,용답,2621,2577,5198,44,1,7,금
2022-01-07,2호선,용두(동대문구청),2419,2510,4929,-91,1,7,금
2022-01-07,7호선,용마산(용마폭포공원),5902,5706,11608,196,1,7,금
2022-01-07,중앙선,용문,1449,1572,3021,-123,1,7,금
2022-01-07,경부선,용산,34843,35562,70405,-719,1,7,금
2022-01-07,5호선,우장산,14253,14086,28339,167,1,7,금
2022-01-07,중앙선,운길산,643,593,1236,50,1,7,금
2022-01-07,공항철도 1호선,운서,6445,6355,12800,90,1,7,금
2022-01-07,경의선,운정,6736,6404,13140,332,1,7,금
2022-01-07,일산선,원당,10902,10308,21210,594,1,7,금
2022-01-07,중앙선,원덕,303,320,623,-17,1,7,금
2022-01-07,수인선,원인재,4292,4551,8843,-259,1,7,금
2022-01-07,일산선,원흥,10324,9883,20207,441,1,7,금
2022-01-07,경원선,월계,6197,5769,11966,428,1,7,금
2022-01-07,6호선,월곡(동덕여대),11208,11179,22387,29,1,7,금
2022-01-07,수인선,월곶,2425,2319,4744,106,1,7,금
2022-01-07,6호선,월드컵경기장(성산),3764,3882,7646,-118,1,7,금
2022-01-07,경의선,월롱,2594,2009,4603,585,1,7,금
2022-01-07,3호선,을지로3가,10482,10954,21436,-472,1,7,금
2022-01-07,2호선,을지로3가,21978,21980,43958,-2,1,7,금
2022-01-07,2호선,을지로4가,13069,13020,26089,49,1,7,금
2022-01-07,5호선,을지로4가,6147,6349,12496,-202,1,7,금
2022-01-07,2호선,을지로입구,39302,39862,79164,-560,1,7,금
2022-01-07,경원선,응봉,1816,1518,3334,298,1,7,금
2022-01-07,6호선,응암,17375,17305,34680,70,1,7,금
2022-01-07,경부선,의왕,9007,9007,18014,0,1,7,금
2022-01-07,경원선,의정부,18233,19090,37323,-857,1,7,금
2022-01-07,2호선,이대,12498,13094,25592,-596,1,7,금
2022-01-07,분당선,이매,5616,5395,11011,221,1,7,금
2022-01-07,경강선,이매,1080,965,2045,115,1,7,금
2022-01-07,7호선,이수,16057,15536,31593,521,1,7,금
2022-01-07,경강선,이천,2769,2787,5556,-18,1,7,금
2022-01-07,경원선,이촌(국립중앙박물관),3576,2809,6385,767,1,7,금
2022-01-07,4호선,이촌(국립중앙박물관),7375,8077,15452,-702,1,7,금
2022-01-07,6호선,이태원,9853,10342,20195,-489,1,7,금
2022-01-07,과천선,인덕원,24137,25378,49515,-1241,1,7,금
2022-01-07,수인선,인천,1012,1656,2668,-644,1,7,금
2022-01-07,경인선,인천,3391,2629,6020,762,1,7,금
2022-01-07,공항철도 1호선,인천공항1터미널,3825,4093,7918,-268,1,7,금
2022-01-07,공항철도 1호선,인천공항2터미널,2280,2094,4374,186,1,7,금
2022-01-07,수인선,인천논현,5398,5756,11154,-358,1,7,금
2022-01-07,수인선,인하대,5538,5249,10787,289,1,7,금
2022-01-07,경의선,일산,9087,9020,18107,67,1,7,금
2022-01-07,3호선,일원,9887,9397,19284,490,1,7,금
2022-01-07,경의선,임진강,9,5,14,4,1,7,금
2022-01-07,2호선,잠실(송파구청),69885,69051,138936,834,1,7,금
2022-01-07,8호선,잠실(송파구청),14795,17253,32048,-2458,1,7,금
2022-01-07,2호선,잠실나루,14385,13647,28032,738,1,7,금
2022-01-07,2호선,잠실새내,21514,21877,43391,-363,1,7,금
2022-01-07,3호선,잠원,4698,4566,9264,132,1,7,금
2022-01-07,7호선,장승배기,9129,8943,18072,186,1,7,금
2022-01-07,7호선,장암,2194,891,3085,1303,1,7,금
2022-01-07,8호선,장지,17245,16739,33984,506,1,7,금
2022-01-07,5호선,장한평,18676,18561,37237,115,1,7,금
2022-01-07,우이신설선,정릉,4572,4191,8763,381,1,7,금
2022-01-07,일산선,정발산,7357,7530,14887,-173,1,7,금
2022-01-07,과천선,정부과천청사,10779,10657,21436,122,1,7,금
2022-01-07,안산선,정왕,7750,7890,15640,-140,1,7,금
2022-01-07,분당선,정자,17966,18907,36873,-941,1,7,금
2022-01-07,1호선,제기동,17405,17836,35241,-431,1,7,금
2022-01-07,경인선,제물포,10079,9647,19726,432,1,7,금
2022-01-07,1호선,종각,34088,33298,67386,790,1,7,금
2022-01-07,5호선,종로3가,12607,12744,25351,-137,1,7,금
2022-01-07,3호선,종로3가,10296,11907,22203,-1611,1,7,금
2022-01-07,1호선,종로3가,25665,23798,49463,1867,1,7,금
2022-01-07,1호선,종로5가,22208,22010,44218,198,1,7,금
2022-01-07,9호선2~3단계,종합운동장,4314,4356,8670,-42,1,7,금
2022-01-07,2호선,종합운동장,7366,7834,15200,-468,1,7,금
2022-01-07,경인선,주안,18212,16624,34836,1588,1,7,금
2022-01-07,일산선,주엽,8891,8808,17699,83,1,7,금
2022-01-07,분당선,죽전,13517,14562,28079,-1045,1,7,금
2022-01-07,7호선,중계,13749,12405,26154,1344,1,7,금
2022-01-07,7호선,중곡,10672,10165,20837,507,1,7,금
2022-01-07,경인선,중동,9153,8561,17714,592,1,7,금
2022-01-07,중앙선,중랑,5561,5253,10814,308,1,7,금
2022-01-07,안산선,중앙,17701,18687,36388,-986,1,7,금
2022-01-07,9호선2~3단계,중앙보훈병원,10525,9338,19863,1187,1,7,금
2022-01-07,7호선,중화,10774,10514,21288,260,1,7,금
2022-01-07,9호선,증미,7599,7460,15059,139,1,7,금
2022-01-07,6호선,증산(명지대앞),10051,9912,19963,139,1,7,금
2022-01-07,3호선,지축,4360,4197,8557,163,1,7,금
2022-01-07,중앙선,지평,78,75,153,3,1,7,금
2022-01-07,경원선,지행,6372,6220,12592,152,1,7,금
2022-01-07,경부선,직산,806,764,1570,42,1,7,금
2022-01-07,경부선,진위,1792,1476,3268,316,1,7,금
2022-01-07,4호선,창동,25424,26896,52320,-1472,1,7,금
2022-01-07,6호선,창신,3439,2731,6170,708,1,7,금
2022-01-07,경춘선,천마산,1594,1513,3107,81,1,7,금
2022-01-07,경부선,천안,4780,5115,9895,-335,1,7,금
2022-01-07,7호선,천왕,11381,10767,22148,614,1,7,금
2022-01-07,8호선,천호(풍납토성),15065,17735,32800,-2670,1,7,금
2022-01-07,5호선,천호(풍납토성),18862,18721,37583,141,1,7,금
2022-01-07,7호선,철산,21531,22120,43651,-589,1,7,금
2022-01-07,6호선,청구,3687,3812,7499,-125,1,7,금
2022-01-07,5호선,청구,3832,3671,7503,161,1,7,금
2022-01-07,7호선,청담,19206,21645,40851,-2439,1,7,금
2022-01-07,공항철도 1호선,청라국제도시,6717,6424,13141,293,1,7,금
2022-01-07,1호선,청량리(서울시립대입구),19858,19994,39852,-136,1,7,금
2022-01-07,경원선,청량리(서울시립대입구),15902,16510,32412,-608,1,7,금
2022-01-07,분당선,청명,4413,4255,8668,158,1,7,금
2022-01-07,경춘선,청평,1577,1624,3201,-47,1,7,금
2022-01-07,경강선,초월,3120,2978,6098,142,1,7,금
2022-01-07,안산선,초지,4350,4458,8808,-108,1,7,금
2022-01-07,4호선,총신대입구(이수),18947,20435,39382,-1488,1,7,금
2022-01-07,경춘선,춘천,1177,1090,2267,87,1,7,금
2022-01-07,4호선,충무로,24993,26020,51013,-1027,1,7,금
2022-01-07,3호선,충무로,1,0,1,1,1,7,금
2022-01-07,2호선,충정로(경기대입구),9560,10091,19651,-531,1,7,금
2022-01-07,5호선,충정로(경기대입구),4635,4688,9323,-53,1,7,금
2022-01-07,경의선,탄현,7605,7301,14906,304,1,7,금
2022-01-07,장항선,탕정,395,348,743,47,1,7,금
2022-01-07,7호선,태릉입구,8421,7862,16283,559,1,7,금
2022-01-07,6호선,태릉입구,5260,5850,11110,-590,1,7,금
2022-01-07,분당선,태평,13548,13166,26714,382,1,7,금
2022-01-07,경춘선,퇴계원,3467,3242,6709,225,1,7,금
2022-01-07,경의선,파주,992,687,1679,305,1,7,금
2022-01-07,경강선,판교,4904,4781,9685,123,1,7,금
2022-01-07,중앙선,팔당,787,847,1634,-60,1,7,금
2022-01-07,경춘선,평내호평,5974,5906,11880,68,1,7,금
2022-01-07,과천선,평촌,17793,17558,35351,235,1,7,금
2022-01-07,경부선,평택,11502,11193,22695,309,1,7,금
2022-01-07,경부선,평택지제,3732,3423,7155,309,1,7,금
2022-01-07,경의선,풍산,5359,5055,10414,304,1,7,금
2022-01-07,7호선,하계,17383,16442,33825,941,1,7,금
2022-01-07,5호선,하남검단산,5567,5375,10942,192,1,7,금
2022-01-07,5호선,하남시청(덕풍·신장),6284,6225,12509,59,1,7,금
2022-01-07,5호선,하남풍산,4327,4334,8661,-7,1,7,금
2022-01-07,7호선,학동,24918,26363,51281,-1445,1,7,금
2022-01-07,3호선,학여울,1757,1768,3525,-11,1,7,금
2022-01-07,6호선,한강진,9020,10025,19045,-1005,1,7,금
2022-01-07,경원선,한남,4082,3803,7885,279,1,7,금
2022-01-07,안산선,한대앞,8584,8832,17416,-248,1,7,금
2022-01-07,4호선,한성대입구(삼선교),12811,12299,25110,512,1,7,금
2022-01-07,9호선2~3단계,한성백제,2520,2330,4850,190,1,7,금
2022-01-07,2호선,한양대,6739,6869,13608,-130,1,7,금
2022-01-07,분당선,한티,15475,16174,31649,-699,1,7,금
2022-01-07,6호선,합정,13134,12764,25898,370,1,7,금
2022-01-07,2호선,합정,31769,33136,64905,-1367,1,7,금
2022-01-07,5호선,행당,7999,7161,15160,838,1,7,금
2022-01-07,경의선,행신,7793,8033,15826,-240,1,7,금
2022-01-07,4호선,혜화,31292,31128,62420,164,1,7,금
2022-01-07,수인선,호구포,3909,4066,7975,-157,1,7,금
2022-01-07,공항철도 1호선,홍대입구,10075,10175,20250,-100,1,7,금
2022-01-07,2호선,홍대입구,57310,59625,116935,-2315,1,7,금
2022-01-07,경의선,홍대입구,1740,2101,3841,-361,1,7,금
2022-01-07,3호선,홍제,16792,16055,32847,737,1,7,금
2022-01-07,우이신설선,화계,3267,3075,6342,192,1,7,금
2022-01-07,5호선,화곡,28093,26405,54498,1688,1,7,금
2022-01-07,6호선,화랑대(서울여대입구),11391,8902,20293,2489,1,7,금
2022-01-07,경부선,화서,7535,7391,14926,144,1,7,금
2022-01-07,경의선,화전,1511,1380,2891,131,1,7,금
2022-01-07,일산선,화정,16509,17245,33754,-736,1,7,금
2022-01-07,중앙선,회기,23240,22381,45621,859,1,7,금
2022-01-07,경원선,회룡,12173,12080,24253,93,1,7,금
2022-01-07,4호선,회현(남대문시장),23983,25829,49812,-1846,1,7,금
2022-01-07,6호선,효창공원앞,6773,6282,13055,491,1,7,금
2022-01-07,경의선,효창공원앞,2821,3280,6101,-459,1,7,금
2022-01-07,9호선,흑석(중앙대입구),7859,8095,15954,-236,1,7,금
2022-01-08,5호선,미사,11180,11293,22473,-113,1,8,토
2022-01-08,5호선,방이,4813,4744,9557,69,1,8,토
2022-01-08,분당선,복정,1,0,1,1,1,8,토
2022-01-08,중앙선,용문,1503,1611,3114,-108,1,8,토
2022-01-08,중앙선,지평,35,43,78,-8,1,8,토
2022-01-08,3호선,녹번,9803,8544,18347,1259,1,8,토
2022-01-08,1호선,서울역,27185,26970,54155,215,1,8,토
2022-01-08,1호선,동묘앞,10262,10670,20932,-408,1,8,토
2022-01-08,1호선,시청,9385,9665,19050,-280,1,8,토
2022-01-08,1호선,종각,16933,15881,32814,1052,1,8,토
2022-01-08,1호선,종로3가,21271,18898,40169,2373,1,8,토
2022-01-08,1호선,종로5가,16802,17017,33819,-215,1,8,토
2022-01-08,1호선,동대문,9733,8988,18721,745,1,8,토
2022-01-08,1호선,신설동,9082,8464,17546,618,1,8,토
2022-01-08,1호선,제기동,14978,15170,30148,-192,1,8,토
2022-01-08,1호선,청량리(서울시립대입구),16624,17094,33718,-470,1,8,토
2022-01-08,2호선,시청,7036,6120,13156,916,1,8,토
2022-01-08,2호선,을지로입구,20983,20590,41573,393,1,8,토
2022-01-08,2호선,을지로3가,9928,9819,19747,109,1,8,토
2022-01-08,2호선,을지로4가,7145,6973,14118,172,1,8,토
2022-01-08,2호선,동대문역사문화공원(DDP),9530,10453,19983,-923,1,8,토
2022-01-08,2호선,신당,10320,10886,21206,-566,1,8,토
2022-01-08,2호선,상왕십리,9222,8674,17896,548,1,8,토
2022-01-08,2호선,왕십리(성동구청),12464,11065,23529,1399,1,8,토
2022-01-08,2호선,한양대,6538,6293,12831,245,1,8,토
2022-01-08,2호선,뚝섬,12587,12859,25446,-272,1,8,토
2022-01-08,2호선,성수,17929,19777,37706,-1848,1,8,토
2022-01-08,2호선,건대입구,32797,34819,67616,-2022,1,8,토
2022-01-08,2호선,구의(광진구청),15359,15137,30496,222,1,8,토
2022-01-08,2호선,강변(동서울터미널),23294,23124,46418,170,1,8,토
2022-01-08,2호선,잠실나루,6888,6758,13646,130,1,8,토
2022-01-08,2호선,잠실(송파구청),60847,58266,119113,2581,1,8,토
2022-01-08,2호선,잠실새내,15595,16228,31823,-633,1,8,토
2022-01-08,2호선,종합운동장,4951,5426,10377,-475,1,8,토
2022-01-08,2호선,삼성(무역센터),27958,27740,55698,218,1,8,토
2022-01-08,2호선,선릉,22333,19574,41907,2759,1,8,토
2022-01-08,2호선,역삼,18233,19880,38113,-1647,1,8,토
2022-01-08,2호선,강남,60515,59780,120295,735,1,8,토
2022-01-08,2호선,교대(법원.검찰청),15895,17914,33809,-2019,1,8,토
2022-01-08,2호선,서초,10377,8809,19186,1568,1,8,토
2022-01-08,2호선,방배,9138,9411,18549,-273,1,8,토
2022-01-08,2호선,사당,28402,31021,59423,-2619,1,8,토
2022-01-08,2호선,낙성대(강감찬),19755,18538,38293,1217,1,8,토
2022-01-08,2호선,서울대입구(관악구청),36134,34927,71061,1207,1,8,토
2022-01-08,2호선,봉천,16146,15061,31207,1085,1,8,토
2022-01-08,2호선,신림,47240,45940,93180,1300,1,8,토
2022-01-08,2호선,신대방,18637,18169,36806,468,1,8,토
2022-01-08,2호선,구로디지털단지,32316,31994,64310,322,1,8,토
2022-01-08,2호선,대림(구로구청),16817,17773,34590,-956,1,8,토
2022-01-08,2호선,신도림,36645,37148,73793,-503,1,8,토
2022-01-08,2호선,문래,11239,11732,22971,-493,1,8,토
2022-01-08,2호선,영등포구청,11818,12321,24139,-503,1,8,토
2022-01-08,2호선,당산,11426,12499,23925,-1073,1,8,토
2022-01-08,2호선,합정,26459,28046,54505,-1587,1,8,토
2022-01-08,2호선,홍대입구,58826,62640,121466,-3814,1,8,토
2022-01-08,2호선,신촌,27651,27604,55255,47,1,8,토
2022-01-08,2호선,이대,9073,9691,18764,-618,1,8,토
2022-01-08,2호선,아현,6545,6335,12880,210,1,8,토
2022-01-08,2호선,충정로(경기대입구),5107,5317,10424,-210,1,8,토
2022-01-08,2호선,용답,1993,1994,3987,-1,1,8,토
2022-01-08,2호선,신답,932,1027,1959,-95,1,8,토
2022-01-08,2호선,신설동,3201,3326,6527,-125,1,8,토
2022-01-08,2호선,도림천,718,800,1518,-82,1,8,토
2022-01-08,2호선,양천구청,4102,4253,8355,-151,1,8,토
2022-01-08,2호선,신정네거리,6923,6912,13835,11,1,8,토
2022-01-08,2호선,용두(동대문구청),1696,1639,3335,57,1,8,토
2022-01-08,3호선,지축,2929,2840,5769,89,1,8,토
2022-01-08,3호선,구파발,13854,13754,27608,100,1,8,토
2022-01-08,3호선,연신내,26820,25471,52291,1349,1,8,토
2022-01-08,3호선,불광,11957,13323,25280,-1366,1,8,토
2022-01-08,3호선,홍제,12055,11444,23499,611,1,8,토
2022-01-08,3호선,무악재,2492,2575,5067,-83,1,8,토
2022-01-08,3호선,독립문,5083,5383,10466,-300,1,8,토
2022-01-08,3호선,경복궁(정부서울청사),13627,14089,27716,-462,1,8,토
2022-01-08,3호선,안국,13133,14633,27766,-1500,1,8,토
2022-01-08,3호선,종로3가,5607,7684,13291,-2077,1,8,토
2022-01-08,3호선,을지로3가,4731,4880,9611,-149,1,8,토
2022-01-08,3호선,충무로,1,0,1,1,1,8,토
2022-01-08,3호선,동대입구,6877,7366,14243,-489,1,8,토
2022-01-08,3호선,약수,8464,7981,16445,483,1,8,토
2022-01-08,3호선,금호,5400,4991,10391,409,1,8,토
2022-01-08,3호선,옥수,6218,6444,12662,-226,1,8,토
2022-01-08,3호선,압구정,24711,25484,50195,-773,1,8,토
2022-01-08,3호선,신사,26065,26724,52789,-659,1,8,토
2022-01-08,3호선,잠원,3009,2862,5871,147,1,8,토
2022-01-08,3호선,고속터미널,43388,43336,86724,52,1,8,토
2022-01-08,3호선,교대(법원.검찰청),6247,3750,9997,2497,1,8,토
2022-01-08,3호선,남부터미널(예술의전당),18153,18159,36312,-6,1,8,토
2022-01-08,3호선,양재(서초구청),19763,20996,40759,-1233,1,8,토
2022-01-08,3호선,매봉,5589,5321,10910,268,1,8,토
2022-01-08,3호선,도곡,3297,3180,6477,117,1,8,토
2022-01-08,3호선,대치,9216,8229,17445,987,1,8,토
2022-01-08,3호선,학여울,1064,994,2058,70,1,8,토
2022-01-08,3호선,대청,5745,5252,10997,493,1,8,토
2022-01-08,3호선,일원,5492,5496,10988,-4,1,8,토
2022-01-08,3호선,수서,12241,12373,24614,-132,1,8,토
2022-01-08,3호선,가락시장,5686,5406,11092,280,1,8,토
2022-01-08,3호선,경찰병원,3702,3694,7396,8,1,8,토
2022-01-08,3호선,오금,3515,3305,6820,210,1,8,토
2022-01-08,4호선,수유(강북구청),24665,24525,49190,140,1,8,토
2022-01-08,4호선,미아(서울사이버대학),9960,9480,19440,480,1,8,토
2022-01-08,4호선,미아사거리,20315,19529,39844,786,1,8,토
2022-01-08,4호선,길음,13414,13037,26451,377,1,8,토
2022-01-08,4호선,성신여대입구(돈암),15681,14791,30472,890,1,8,토
2022-01-08,4호선,한성대입구(삼선교),9534,9051,18585,483,1,8,토
2022-01-08,4호선,혜화,27662,27544,55206,118,1,8,토
2022-01-08,4호선,동대문,12287,12274,24561,13,1,8,토
2022-01-08,4호선,동대문역사문화공원(DDP),10972,9447,20419,1525,1,8,토
2022-01-08,4호선,충무로,11872,12413,24285,-541,1,8,토
2022-01-08,4호선,명동,14651,16301,30952,-1650,1,8,토
2022-01-08,4호선,회현(남대문시장),17477,19316,36793,-1839,1,8,토
2022-01-08,4호선,서울역,4983,11276,16259,-6293,1,8,토
2022-01-08,4호선,숙대입구(갈월),8532,8365,16897,167,1,8,토
2022-01-08,4호선,삼각지,3234,4172,7406,-938,1,8,토
2022-01-08,4호선,신용산,9298,10134,19432,-836,1,8,토
2022-01-08,4호선,이촌(국립중앙박물관),5899,6583,12482,-684,1,8,토
2022-01-08,4호선,동작(현충원),968,1026,1994,-58,1,8,토
2022-01-08,4호선,총신대입구(이수),13426,14539,27965,-1113,1,8,토
2022-01-08,4호선,사당,19763,17186,36949,2577,1,8,토
2022-01-08,4호선,남태령,958,614,1572,344,1,8,토
2022-01-08,4호선,당고개,9332,8757,18089,575,1,8,토
2022-01-08,4호선,상계,12742,12069,24811,673,1,8,토
2022-01-08,4호선,노원,15337,16433,31770,-1096,1,8,토
2022-01-08,4호선,창동,18686,19507,38193,-821,1,8,토
2022-01-08,4호선,쌍문,19867,18273,38140,1594,1,8,토
2022-01-08,5호선,방화,4485,4231,8716,254,1,8,토
2022-01-08,5호선,개화산,3386,3254,6640,132,1,8,토
2022-01-08,5호선,김포공항,6857,6946,13803,-89,1,8,토
2022-01-08,5호선,송정,4711,4519,9230,192,1,8,토
2022-01-08,5호선,마곡,5318,5199,10517,119,1,8,토
2022-01-08,5호선,발산,12596,13223,25819,-627,1,8,토
2022-01-08,5호선,우장산,8919,9259,18178,-340,1,8,토
2022-01-08,5호선,화곡,18979,17720,36699,1259,1,8,토
2022-01-08,5호선,까치산,19791,19477,39268,314,1,8,토
2022-01-08,5호선,신정(은행정),8253,7301,15554,952,1,8,토
2022-01-08,5호선,목동,10684,10793,21477,-109,1,8,토
2022-01-08,5호선,오목교(목동운동장앞),15270,15663,30933,-393,1,8,토
2022-01-08,5호선,양평,3627,3489,7116,138,1,8,토
2022-01-08,5호선,영등포구청,1891,1844,3735,47,1,8,토
2022-01-08,5호선,영등포시장,7514,7956,15470,-442,1,8,토
2022-01-08,5호선,신길,2409,2519,4928,-110,1,8,토
2022-01-08,5호선,여의도,10058,10444,20502,-386,1,8,토
2022-01-08,5호선,여의나루,5302,6306,11608,-1004,1,8,토
2022-01-08,5호선,마포,6959,6949,13908,10,1,8,토
2022-01-08,5호선,공덕,6318,6680,12998,-362,1,8,토
2022-01-08,5호선,애오개,3392,3386,6778,6,1,8,토
2022-01-08,5호선,충정로(경기대입구),1752,1739,3491,13,1,8,토
2022-01-08,5호선,서대문,6236,6164,12400,72,1,8,토
2022-01-08,5호선,광화문(세종문화회관),13721,14252,27973,-531,1,8,토
2022-01-08,5호선,종로3가,11199,11421,22620,-222,1,8,토
2022-01-08,5호선,을지로4가,3165,3638,6803,-473,1,8,토
2022-01-08,5호선,동대문역사문화공원(DDP),1001,1297,2298,-296,1,8,토
2022-01-08,5호선,청구,2454,2203,4657,251,1,8,토
2022-01-08,5호선,신금호,3844,3990,7834,-146,1,8,토
2022-01-08,5호선,행당,5030,4499,9529,531,1,8,토
2022-01-08,5호선,왕십리(성동구청),3318,3991,7309,-673,1,8,토
2022-01-08,5호선,마장,3802,3592,7394,210,1,8,토
2022-01-08,5호선,답십리,9637,8925,18562,712,1,8,토
2022-01-08,5호선,장한평,10450,10525,20975,-75,1,8,토
2022-01-08,5호선,군자(능동),8114,9154,17268,-1040,1,8,토
2022-01-08,5호선,아차산(어린이대공원후문),12221,11468,23689,753,1,8,토
2022-01-08,5호선,광나루(장신대),9346,9205,18551,141,1,8,토
2022-01-08,5호선,천호(풍납토성),16234,15305,31539,929,1,8,토
2022-01-08,5호선,강동,12086,11628,23714,458,1,8,토
2022-01-08,5호선,길동,5611,6019,11630,-408,1,8,토
2022-01-08,5호선,굽은다리(강동구민회관앞),6859,6411,13270,448,1,8,토
2022-01-08,5호선,명일,5767,5785,11552,-18,1,8,토
2022-01-08,5호선,고덕,6308,6126,12434,182,1,8,토
2022-01-08,5호선,상일동,8829,8282,17111,547,1,8,토
2022-01-08,5호선,둔촌동,5873,5888,11761,-15,1,8,토
2022-01-08,5호선,올림픽공원(한국체대),2671,2438,5109,233,1,8,토
2022-01-08,5호선,오금,2051,1979,4030,72,1,8,토
2022-01-08,5호선,개롱,3875,4160,8035,-285,1,8,토
2022-01-08,5호선,거여,5526,5265,10791,261,1,8,토
2022-01-08,5호선,마천,4365,4621,8986,-256,1,8,토
2022-01-08,5호선,강일,2499,2412,4911,87,1,8,토
2022-01-08,5호선,하남풍산,2526,2567,5093,-41,1,8,토
2022-01-08,5호선,하남시청(덕풍·신장),4822,4740,9562,82,1,8,토
2022-01-08,5호선,하남검단산,5047,4971,10018,76,1,8,토
2022-01-08,6호선,응암,11598,11665,23263,-67,1,8,토
2022-01-08,6호선,역촌,2530,2985,5515,-455,1,8,토
2022-01-08,6호선,불광,3505,3159,6664,346,1,8,토
2022-01-08,6호선,독바위,1845,2103,3948,-258,1,8,토
2022-01-08,6호선,연신내,3,0,3,3,1,8,토
2022-01-08,6호선,구산,5015,3841,8856,1174,1,8,토
2022-01-08,6호선,새절(신사),8020,7814,15834,206,1,8,토
2022-01-08,6호선,증산(명지대앞),6890,6900,13790,-10,1,8,토
2022-01-08,6호선,디지털미디어시티,6649,6884,13533,-235,1,8,토
2022-01-08,6호선,월드컵경기장(성산),3215,3367,6582,-152,1,8,토
2022-01-08,6호선,마포구청,8824,7835,16659,989,1,8,토
2022-01-08,6호선,망원,12270,13368,25638,-1098,1,8,토
2022-01-08,6호선,합정,12072,10638,22710,1434,1,8,토
2022-01-08,6호선,상수,7459,8686,16145,-1227,1,8,토
2022-01-08,6호선,광흥창(서강),4885,4530,9415,355,1,8,토
2022-01-08,6호선,대흥(서강대앞),4761,4829,9590,-68,1,8,토
2022-01-08,6호선,공덕,9200,8684,17884,516,1,8,토
2022-01-08,6호선,효창공원앞,4350,3915,8265,435,1,8,토
2022-01-08,6호선,삼각지,4741,3786,8527,955,1,8,토
2022-01-08,6호선,녹사평(용산구청),4345,4746,9091,-401,1,8,토
2022-01-08,6호선,이태원,11231,11397,22628,-166,1,8,토
2022-01-08,6호선,한강진,8670,10212,18882,-1542,1,8,토
2022-01-08,6호선,버티고개,1307,1391,2698,-84,1,8,토
2022-01-08,6호선,약수,2290,2366,4656,-76,1,8,토
2022-01-08,6호선,청구,2212,2202,4414,10,1,8,토
2022-01-08,6호선,신당,6370,5441,11811,929,1,8,토
2022-01-08,6호선,동묘앞,7453,7028,14481,425,1,8,토
2022-01-08,6호선,창신,1988,1663,3651,325,1,8,토
2022-01-08,6호선,보문,4738,4357,9095,381,1,8,토
2022-01-08,6호선,안암(고대병원앞),5611,5462,11073,149,1,8,토
2022-01-08,6호선,고려대(종암),4689,4530,9219,159,1,8,토
2022-01-08,6호선,월곡(동덕여대),6874,6827,13701,47,1,8,토
2022-01-08,6호선,상월곡(한국과학기술연구원),3773,3245,7018,528,1,8,토
2022-01-08,6호선,돌곶이,5561,5140,10701,421,1,8,토
2022-01-08,6호선,석계,8104,8196,16300,-92,1,8,토
2022-01-08,6호선,태릉입구,3708,3987,7695,-279,1,8,토
2022-01-08,6호선,화랑대(서울여대입구),6577,5535,12112,1042,1,8,토
2022-01-08,6호선,봉화산(서울의료원),4861,4773,9634,88,1,8,토
2022-01-08,7호선,장암,1301,874,2175,427,1,8,토
2022-01-08,7호선,도봉산,5772,7886,13658,-2114,1,8,토
2022-01-08,7호선,수락산,9176,9004,18180,172,1,8,토
2022-01-08,7호선,마들,8425,7936,16361,489,1,8,토
2022-01-08,7호선,노원,15291,15588,30879,-297,1,8,토
2022-01-08,7호선,중계,8373,7652,16025,721,1,8,토
2022-01-08,7호선,하계,11174,10416,21590,758,1,8,토
2022-01-08,7호선,공릉(서울과학기술대),7950,8000,15950,-50,1,8,토
2022-01-08,7호선,태릉입구,5994,5666,11660,328,1,8,토
2022-01-08,7호선,먹골,7448,7240,14688,208,1,8,토
2022-01-08,7호선,중화,7142,6939,14081,203,1,8,토
2022-01-08,7호선,상봉(시외버스터미널),12566,12042,24608,524,1,8,토
2022-01-08,7호선,면목,10556,10260,20816,296,1,8,토
2022-01-08,7호선,사가정,11538,11338,22876,200,1,8,토
2022-01-08,7호선,용마산(용마폭포공원),3980,4170,8150,-190,1,8,토
2022-01-08,7호선,중곡,6568,6205,12773,363,1,8,토
2022-01-08,7호선,군자(능동),10280,7767,18047,2513,1,8,토
2022-01-08,7호선,어린이대공원(세종대),11019,10031,21050,988,1,8,토
2022-01-08,7호선,건대입구,10381,10425,20806,-44,1,8,토
2022-01-08,7호선,뚝섬유원지,5562,5203,10765,359,1,8,토
2022-01-08,7호선,청담,10687,11517,22204,-830,1,8,토
2022-01-08,7호선,강남구청,9501,10240,19741,-739,1,8,토
2022-01-08,7호선,학동,10443,10938,21381,-495,1,8,토
2022-01-08,7호선,논현,11258,11979,23237,-721,1,8,토
2022-01-08,7호선,반포,3946,3784,7730,162,1,8,토
2022-01-08,7호선,고속터미널,12746,9760,22506,2986,1,8,토
2022-01-08,7호선,내방,7516,7451,14967,65,1,8,토
2022-01-08,7호선,이수,11414,10786,22200,628,1,8,토
2022-01-08,7호선,남성,7114,6627,13741,487,1,8,토
2022-01-08,7호선,숭실대입구(살피재),7245,7321,14566,-76,1,8,토
2022-01-08,7호선,상도,6985,6523,13508,462,1,8,토
2022-01-08,7호선,장승배기,6123,5902,12025,221,1,8,토
2022-01-08,7호선,신대방삼거리,11011,10356,21367,655,1,8,토
2022-01-08,7호선,보라매,5985,5750,11735,235,1,8,토
2022-01-08,7호선,신풍,7623,7328,14951,295,1,8,토
2022-01-08,7호선,대림(구로구청),6403,7021,13424,-618,1,8,토
2022-01-08,7호선,남구로,7609,7998,15607,-389,1,8,토
2022-01-08,7호선,가산디지털단지,13612,12272,25884,1340,1,8,토
2022-01-08,7호선,철산,14281,14594,28875,-313,1,8,토
2022-01-08,7호선,광명사거리,15903,15853,31756,50,1,8,토
2022-01-08,7호선,천왕,6548,6287,12835,261,1,8,토
2022-01-08,7호선,온수(성공회대입구),5251,5275,10526,-24,1,8,토
2022-01-08,7호선,신중동,1,0,1,1,1,8,토
2022-01-08,7호선,상동,1,0,1,1,1,8,토
2022-01-08,8호선,암사,11597,10700,22297,897,1,8,토
2022-01-08,8호선,천호(풍납토성),11676,13571,25247,-1895,1,8,토
2022-01-08,8호선,강동구청,5689,5761,11450,-72,1,8,토
2022-01-08,8호선,몽촌토성(평화의문),3961,4008,7969,-47,1,8,토
2022-01-08,8호선,잠실(송파구청),12827,14581,27408,-1754,1,8,토
2022-01-08,8호선,석촌,5696,6892,12588,-1196,1,8,토
2022-01-08,8호선,송파,4613,4937,9550,-324,1,8,토
2022-01-08,8호선,가락시장,5231,5359,10590,-128,1,8,토
2022-01-08,8호선,문정,8089,8252,16341,-163,1,8,토
2022-01-08,8호선,장지,11516,10918,22434,598,1,8,토
2022-01-08,8호선,복정,6021,5045,11066,976,1,8,토
2022-01-08,8호선,산성,3813,3893,7706,-80,1,8,토
2022-01-08,8호선,남한산성입구(성남법원.검찰청),8715,7794,16509,921,1,8,토
2022-01-08,8호선,단대오거리,7072,6655,13727,417,1,8,토
2022-01-08,8호선,신흥,3256,3630,6886,-374,1,8,토
2022-01-08,8호선,수진,4026,3763,7789,263,1,8,토
2022-01-08,8호선,모란,3455,3021,6476,434,1,8,토
2022-01-08,8호선,남위례,2576,2796,5372,-220,1,8,토
2022-01-08,9호선,개화,1131,1015,2146,116,1,8,토
2022-01-08,9호선,김포공항,7124,11213,18337,-4089,1,8,토
2022-01-08,9호선,공항시장,2230,2479,4709,-249,1,8,토
2022-01-08,9호선,신방화,4442,4211,8653,231,1,8,토
2022-01-08,9호선,마곡나루(서울식물원),7566,7430,14996,136,1,8,토
2022-01-08,9호선,양천향교,5611,5552,11163,59,1,8,토
2022-01-08,9호선,가양,12934,12431,25365,503,1,8,토
2022-01-08,9호선,증미,3847,3754,7601,93,1,8,토
2022-01-08,9호선,등촌,6839,6810,13649,29,1,8,토
2022-01-08,9호선,염창,10882,10267,21149,615,1,8,토
2022-01-08,9호선,신목동,2100,1831,3931,269,1,8,토
2022-01-08,9호선,선유도,3492,3353,6845,139,1,8,토
2022-01-08,9호선,당산,11828,11280,23108,548,1,8,토
2022-01-08,9호선,국회의사당,3848,4018,7866,-170,1,8,토
2022-01-08,9호선,여의도,10717,10361,21078,356,1,8,토
2022-01-08,9호선,샛강,2423,2409,4832,14,1,8,토
2022-01-08,9호선,노량진,20144,19809,39953,335,1,8,토
2022-01-08,9호선,노들,2909,2501,5410,408,1,8,토
2022-01-08,9호선,흑석(중앙대입구),5103,5163,10266,-60,1,8,토
2022-01-08,9호선,동작(현충원),1335,1098,2433,237,1,8,토
2022-01-08,9호선,구반포,1068,1097,2165,-29,1,8,토
2022-01-08,9호선,신반포,2447,2280,4727,167,1,8,토
2022-01-08,9호선,고속터미널,10828,15273,26101,-4445,1,8,토
2022-01-08,9호선,사평,2098,1975,4073,123,1,8,토
2022-01-08,9호선,신논현,25609,24730,50339,879,1,8,토
2022-01-08,9호선2~3단계,언주,6150,6102,12252,48,1,8,토
2022-01-08,9호선2~3단계,선정릉,4286,4756,9042,-470,1,8,토
2022-01-08,9호선2~3단계,삼성중앙,2892,2939,5831,-47,1,8,토
2022-01-08,9호선2~3단계,봉은사,10003,10604,20607,-601,1,8,토
2022-01-08,9호선2~3단계,종합운동장,2869,2618,5487,251,1,8,토
2022-01-08,9호선2~3단계,삼전,4666,4439,9105,227,1,8,토
2022-01-08,9호선2~3단계,석촌고분,3960,3947,7907,13,1,8,토
2022-01-08,9호선2~3단계,석촌,6232,5191,11423,1041,1,8,토
2022-01-08,9호선2~3단계,송파나루,4038,4355,8393,-317,1,8,토
2022-01-08,9호선2~3단계,한성백제,1684,1441,3125,243,1,8,토
2022-01-08,9호선2~3단계,올림픽공원(한국체대),5353,5273,10626,80,1,8,토
2022-01-08,9호선2~3단계,둔촌오륜,515,503,1018,12,1,8,토
2022-01-08,9호선2~3단계,중앙보훈병원,4210,3915,8125,295,1,8,토
2022-01-08,경강선,판교,2884,2867,5751,17,1,8,토
2022-01-08,경강선,이매,731,574,1305,157,1,8,토
2022-01-08,경강선,삼동,1310,1314,2624,-4,1,8,토
2022-01-08,경강선,경기광주,5003,4825,9828,178,1,8,토
2022-01-08,경강선,초월,2056,1966,4022,90,1,8,토
2022-01-08,경강선,곤지암,1697,1654,3351,43,1,8,토
2022-01-08,경강선,신둔도예촌,1037,988,2025,49,1,8,토
2022-01-08,경강선,이천,2547,2515,5062,32,1,8,토
2022-01-08,경강선,부발,2077,1757,3834,320,1,8,토
2022-01-08,경강선,세종대왕릉,240,286,526,-46,1,8,토
2022-01-08,경강선,여주,1906,1918,3824,-12,1,8,토
2022-01-08,경부선,서울역,5739,1763,7502,3976,1,8,토
2022-01-08,경부선,남영,5237,5389,10626,-152,1,8,토
2022-01-08,경부선,용산,30336,31646,61982,-1310,1,8,토
2022-01-08,경부선,노량진,7562,6941,14503,621,1,8,토
2022-01-08,경부선,대방,7166,7152,14318,14,1,8,토
2022-01-08,경부선,영등포,37213,38603,75816,-1390,1,8,토
2022-01-08,경부선,신도림,3024,2759,5783,265,1,8,토
2022-01-08,경부선,신길,5640,4742,10382,898,1,8,토
2022-01-08,경부선,구로,11896,12113,24009,-217,1,8,토
2022-01-08,경부선,가산디지털단지,5682,7715,13397,-2033,1,8,토
2022-01-08,경부선,금천구청,7673,7592,15265,81,1,8,토
2022-01-08,경부선,석수,6183,5861,12044,322,1,8,토
2022-01-08,경부선,관악,5526,5209,10735,317,1,8,토
2022-01-08,경부선,안양,16471,16321,32792,150,1,8,토
2022-01-08,경부선,명학,4943,4790,9733,153,1,8,토
2022-01-08,경부선,금정,17076,17248,34324,-172,1,8,토
2022-01-08,경부선,군포,3976,3665,7641,311,1,8,토
2022-01-08,경부선,의왕,5800,5531,11331,269,1,8,토
2022-01-08,경부선,성균관대,9566,9626,19192,-60,1,8,토
2022-01-08,경부선,화서,4787,4890,9677,-103,1,8,토
2022-01-08,경부선,수원,34497,37024,71521,-2527,1,8,토
2022-01-08,경부선,독산,8499,8428,16927,71,1,8,토
2022-01-08,경부선,세류,2257,2333,4590,-76,1,8,토
2022-01-08,경부선,병점,11415,11201,22616,214,1,8,토
2022-01-08,경부선,세마,2062,1896,3958,166,1,8,토
2022-01-08,경부선,오산대,2544,2275,4819,269,1,8,토
2022-01-08,경부선,오산,8635,8215,16850,420,1,8,토
2022-01-08,경부선,진위,961,804,1765,157,1,8,토
2022-01-08,경부선,송탄,4177,3937,8114,240,1,8,토
2022-01-08,경부선,서정리,6187,5181,11368,1006,1,8,토
2022-01-08,경부선,평택지제,2770,2586,5356,184,1,8,토
2022-01-08,경부선,평택,11611,11144,22755,467,1,8,토
2022-01-08,경부선,성환,2369,2243,4612,126,1,8,토
2022-01-08,경부선,직산,554,558,1112,-4,1,8,토
2022-01-08,경부선,두정,4607,4661,9268,-54,1,8,토
2022-01-08,경부선,천안,5226,5339,10565,-113,1,8,토
2022-01-08,경부선,당정,3711,3584,7295,127,1,8,토
2022-01-08,경부선,서동탄,954,919,1873,35,1,8,토
2022-01-08,경부선,광명,2323,2138,4461,185,1,8,토
2022-01-08,경원선,이촌(국립중앙박물관),2486,1966,4452,520,1,8,토
2022-01-08,경원선,서빙고,1279,1314,2593,-35,1,8,토
2022-01-08,경원선,한남,2535,2471,5006,64,1,8,토
2022-01-08,경원선,옥수,23,25,48,-2,1,8,토
2022-01-08,경원선,응봉,1185,1120,2305,65,1,8,토
2022-01-08,경원선,왕십리(성동구청),11805,13064,24869,-1259,1,8,토
2022-01-08,경원선,청량리(서울시립대입구),14205,15354,29559,-1149,1,8,토
2022-01-08,경원선,외대앞,5393,5193,10586,200,1,8,토
2022-01-08,경원선,신이문,5610,5188,10798,422,1,8,토
2022-01-08,경원선,석계,6179,6446,12625,-267,1,8,토
2022-01-08,경원선,광운대,4880,4871,9751,9,1,8,토
2022-01-08,경원선,월계,4356,4122,8478,234,1,8,토
2022-01-08,경원선,녹천,3080,2608,5688,472,1,8,토
2022-01-08,경원선,방학,6768,6633,13401,135,1,8,토
2022-01-08,경원선,도봉,4190,4042,8232,148,1,8,토
2022-01-08,경원선,도봉산,7763,5300,13063,2463,1,8,토
2022-01-08,경원선,망월사,4965,5145,10110,-180,1,8,토
2022-01-08,경원선,회룡,8946,8861,17807,85,1,8,토
2022-01-08,경원선,의정부,16140,16944,33084,-804,1,8,토
2022-01-08,경원선,가능,4623,4395,9018,228,1,8,토
2022-01-08,경원선,녹양,3118,3087,6205,31,1,8,토
2022-01-08,경원선,양주,5696,5371,11067,325,1,8,토
2022-01-08,경원선,덕계,2208,2027,4235,181,1,8,토
2022-01-08,경원선,덕정,3871,3607,7478,264,1,8,토
2022-01-08,경원선,지행,4759,4795,9554,-36,1,8,토
2022-01-08,경원선,동두천중앙,2371,2314,4685,57,1,8,토
2022-01-08,경원선,보산,1084,1099,2183,-15,1,8,토
2022-01-08,경원선,동두천,1442,1678,3120,-236,1,8,토
2022-01-08,경원선,소요산,2675,2332,5007,343,1,8,토
2022-01-08,경의선,서울역,1105,1279,2384,-174,1,8,토
2022-01-08,경의선,신촌,299,326,625,-27,1,8,토
2022-01-08,경의선,효창공원앞,1564,1732,3296,-168,1,8,토
2022-01-08,경의선,공덕,2534,1856,4390,678,1,8,토
2022-01-08,경의선,서강대,1472,1424,2896,48,1,8,토
2022-01-08,경의선,홍대입구,1873,2008,3881,-135,1,8,토
2022-01-08,경의선,가좌,3594,3387,6981,207,1,8,토
2022-01-08,경의선,디지털미디어시티,1683,1505,3188,178,1,8,토
2022-01-08,경의선,수색,1320,1302,2622,18,1,8,토
2022-01-08,경의선,화전,935,867,1802,68,1,8,토
2022-01-08,경의선,강매,1867,1778,3645,89,1,8,토
2022-01-08,경의선,행신,4717,4798,9515,-81,1,8,토
2022-01-08,경의선,능곡,2483,2433,4916,50,1,8,토
2022-01-08,경의선,곡산,336,378,714,-42,1,8,토
2022-01-08,경의선,백마,4172,3931,8103,241,1,8,토
2022-01-08,경의선,풍산,3899,3769,7668,130,1,8,토
2022-01-08,경의선,일산,6654,6444,13098,210,1,8,토
2022-01-08,경의선,탄현,4929,4785,9714,144,1,8,토
2022-01-08,경의선,야당,5510,5528,11038,-18,1,8,토
2022-01-08,경의선,운정,4642,4371,9013,271,1,8,토
2022-01-08,경의선,금릉,3427,3383,6810,44,1,8,토
2022-01-08,경의선,금촌,4879,4769,9648,110,1,8,토
2022-01-08,경의선,월롱,1537,1232,2769,305,1,8,토
2022-01-08,경의선,파주,722,563,1285,159,1,8,토
2022-01-08,경의선,문산,4076,3963,8039,113,1,8,토
2022-01-08,경의선,임진강,72,64,136,8,1,8,토
2022-01-08,경인선,개봉,14884,14603,29487,281,1,8,토
2022-01-08,경인선,오류동,8385,7829,16214,556,1,8,토
2022-01-08,경인선,역곡,18468,18177,36645,291,1,8,토
2022-01-08,경인선,부천,26735,27345,54080,-610,1,8,토
2022-01-08,경인선,송내,16584,16472,33056,112,1,8,토
2022-01-08,경인선,부평,26712,28883,55595,-2171,1,8,토
2022-01-08,경인선,백운,4666,4631,9297,35,1,8,토
2022-01-08,경인선,동암,11086,11694,22780,-608,1,8,토
2022-01-08,경인선,주안,13985,12677,26662,1308,1,8,토
2022-01-08,경인선,제물포,6911,6565,13476,346,1,8,토
2022-01-08,경인선,동인천,10645,10412,21057,233,1,8,토
2022-01-08,경인선,인천,3378,2797,6175,581,1,8,토
2022-01-08,경인선,구일,4140,3977,8117,163,1,8,토
2022-01-08,경인선,소사,6376,6234,12610,142,1,8,토
2022-01-08,경인선,부개,5788,5309,11097,479,1,8,토
2022-01-08,경인선,간석,4002,3826,7828,176,1,8,토
2022-01-08,경인선,도원,1691,1813,3504,-122,1,8,토
2022-01-08,경인선,온수(성공회대입구),4362,4069,8431,293,1,8,토
2022-01-08,경인선,중동,6203,5856,12059,347,1,8,토
2022-01-08,경인선,도화,2938,2705,5643,233,1,8,토
2022-01-08,경춘선,신내,1119,1126,2245,-7,1,8,토
2022-01-08,경춘선,갈매,1871,1587,3458,284,1,8,토
2022-01-08,경춘선,별내,2261,2158,4419,103,1,8,토
2022-01-08,경춘선,퇴계원,2366,2181,4547,185,1,8,토
2022-01-08,경춘선,사릉,2027,1975,4002,52,1,8,토
2022-01-08,경춘선,금곡,1072,931,2003,141,1,8,토
2022-01-08,경춘선,평내호평,4127,3954,8081,173,1,8,토
2022-01-08,경춘선,천마산,1239,1252,2491,-13,1,8,토
2022-01-08,경춘선,마석,3028,3065,6093,-37,1,8,토
2022-01-08,경춘선,대성리,407,368,775,39,1,8,토
2022-01-08,경춘선,청평,1278,1331,2609,-53,1,8,토
2022-01-08,경춘선,상천,256,213,469,43,1,8,토
2022-01-08,경춘선,가평,1287,1337,2624,-50,1,8,토
2022-01-08,경춘선,굴봉산,142,196,338,-54,1,8,토
2022-01-08,경춘선,백양리,366,309,675,57,1,8,토
2022-01-08,경춘선,강촌,413,430,843,-17,1,8,토
2022-01-08,경춘선,김유정,299,342,641,-43,1,8,토
2022-01-08,경춘선,남춘천,2137,2323,4460,-186,1,8,토
2022-01-08,경춘선,춘천,1239,1130,2369,109,1,8,토
2022-01-08,공항철도 1호선,서울역,6410,6441,12851,-31,1,8,토
2022-01-08,공항철도 1호선,공덕,1392,2190,3582,-798,1,8,토
2022-01-08,공항철도 1호선,홍대입구,11262,10856,22118,406,1,8,토
2022-01-08,공항철도 1호선,디지털미디어시티,4574,4292,8866,282,1,8,토
2022-01-08,공항철도 1호선,마곡나루(서울식물원),2867,3065,5932,-198,1,8,토
2022-01-08,공항철도 1호선,김포공항,10576,5713,16289,4863,1,8,토
2022-01-08,공항철도 1호선,계양,6389,5921,12310,468,1,8,토
2022-01-08,공항철도 1호선,검암,3989,4035,8024,-46,1,8,토
2022-01-08,공항철도 1호선,청라국제도시,3832,3851,7683,-19,1,8,토
2022-01-08,공항철도 1호선,운서,5404,5563,10967,-159,1,8,토
2022-01-08,공항철도 1호선,공항화물청사,1226,1197,2423,29,1,8,토
2022-01-08,공항철도 1호선,인천공항1터미널,3317,3437,6754,-120,1,8,토
2022-01-08,공항철도 1호선,인천공항2터미널,2010,1720,3730,290,1,8,토
2022-01-08,공항철도 1호선,영종,2571,2531,5102,40,1,8,토
2022-01-08,과천선,선바위,4657,4088,8745,569,1,8,토
2022-01-08,과천선,경마공원,7326,7408,14734,-82,1,8,토
2022-01-08,과천선,대공원,3488,3899,7387,-411,1,8,토
2022-01-08,과천선,과천,4191,3916,8107,275,1,8,토
2022-01-08,과천선,정부과천청사,5579,5486,11065,93,1,8,토
2022-01-08,과천선,인덕원,14837,14765,29602,72,1,8,토
2022-01-08,과천선,평촌,8845,8605,17450,240,1,8,토
2022-01-08,과천선,범계,19345,18728,38073,617,1,8,토
2022-01-08,분당선,선릉,4793,7354,12147,-2561,1,8,토
2022-01-08,분당선,한티,11728,11264,22992,464,1,8,토
2022-01-08,분당선,도곡,4469,4046,8515,423,1,8,토
2022-01-08,분당선,구룡,1069,993,2062,76,1,8,토
2022-01-08,분당선,개포동,2425,2491,4916,-66,1,8,토
2022-01-08,분당선,대모산입구,2964,2755,5719,209,1,8,토
2022-01-08,분당선,수서,9421,9846,19267,-425,1,8,토
2022-01-08,분당선,수원,7141,5763,12904,1378,1,8,토
2022-01-08,분당선,서울숲,6730,6964,13694,-234,1,8,토
2022-01-08,분당선,압구정로데오,18679,20419,39098,-1740,1,8,토
2022-01-08,분당선,강남구청,5286,6380,11666,-1094,1,8,토
2022-01-08,분당선,선정릉,3065,3109,6174,-44,1,8,토
2022-01-08,분당선,가천대,4623,5211,9834,-588,1,8,토
2022-01-08,분당선,태평,10189,9712,19901,477,1,8,토
2022-01-08,분당선,모란,15114,15287,30401,-173,1,8,토
2022-01-08,분당선,야탑,16582,17217,33799,-635,1,8,토
2022-01-08,분당선,서현,18436,18221,36657,215,1,8,토
2022-01-08,분당선,수내,8638,8085,16723,553,1,8,토
2022-01-08,분당선,정자,10266,10519,20785,-253,1,8,토
2022-01-08,분당선,미금,10469,10634,21103,-165,1,8,토
2022-01-08,분당선,오리,7277,6047,13324,1230,1,8,토
2022-01-08,분당선,이매,3930,3847,7777,83,1,8,토
2022-01-08,분당선,보정,1506,1417,2923,89,1,8,토
2022-01-08,분당선,죽전,9566,10657,20223,-1091,1,8,토
2022-01-08,분당선,구성,3054,3213,6267,-159,1,8,토
2022-01-08,분당선,신갈,2567,2621,5188,-54,1,8,토
2022-01-08,분당선,기흥,6121,5883,12004,238,1,8,토
2022-01-08,분당선,상갈,3475,3460,6935,15,1,8,토
2022-01-08,분당선,청명,2528,2514,5042,14,1,8,토
2022-01-08,분당선,영통,6405,6309,12714,96,1,8,토
2022-01-08,분당선,망포,8752,8215,16967,537,1,8,토
2022-01-08,분당선,매탄권선,3388,3179,6567,209,1,8,토
2022-01-08,분당선,수원시청,10596,11350,21946,-754,1,8,토
2022-01-08,분당선,매교,1837,1984,3821,-147,1,8,토
2022-01-08,수인선,고색,2557,2524,5081,33,1,8,토
2022-01-08,수인선,오목천,2058,1786,3844,272,1,8,토
2022-01-08,수인선,어천,592,518,1110,74,1,8,토
2022-01-08,수인선,야목,209,189,398,20,1,8,토
2022-01-08,수인선,사리,3218,2779,5997,439,1,8,토
2022-01-08,수인선,달월,34,41,75,-7,1,8,토
2022-01-08,수인선,월곶,1969,1910,3879,59,1,8,토
2022-01-08,수인선,소래포구,4517,4634,9151,-117,1,8,토
2022-01-08,수인선,인천논현,4118,4230,8348,-112,1,8,토
2022-01-08,수인선,호구포,2374,2245,4619,129,1,8,토
2022-01-08,수인선,남동인더스파크,870,841,1711,29,1,8,토
2022-01-08,수인선,원인재,3376,3521,6897,-145,1,8,토
2022-01-08,수인선,연수,3602,3762,7364,-160,1,8,토
2022-01-08,수인선,송도,1843,1832,3675,11,1,8,토
2022-01-08,수인선,인하대,3877,3712,7589,165,1,8,토
2022-01-08,수인선,숭의,2588,2336,4924,252,1,8,토
2022-01-08,수인선,신포,1287,1370,2657,-83,1,8,토
2022-01-08,수인선,인천,1045,1682,2727,-637,1,8,토
2022-01-08,안산선,산본,11638,12483,24121,-845,1,8,토
2022-01-08,안산선,대야미,3638,3145,6783,493,1,8,토
2022-01-08,안산선,반월,3010,2788,5798,222,1,8,토
2022-01-08,안산선,상록수,11507,11720,23227,-213,1,8,토
2022-01-08,안산선,한대앞,6725,6578,13303,147,1,8,토
2022-01-08,안산선,중앙,14741,15184,29925,-443,1,8,토
2022-01-08,안산선,고잔,5712,5600,11312,112,1,8,토
2022-01-08,안산선,초지,3015,3069,6084,-54,1,8,토
2022-01-08,안산선,안산,8376,8474,16850,-98,1,8,토
2022-01-08,안산선,신길온천,1244,1188,2432,56,1,8,토
2022-01-08,안산선,정왕,5818,5839,11657,-21,1,8,토
2022-01-08,안산선,오이도,6576,6806,13382,-230,1,8,토
2022-01-08,안산선,수리산,2541,2335,4876,206,1,8,토
2022-01-08,우이신설선,북한산우이,3113,3140,6253,-27,1,8,토
2022-01-08,우이신설선,솔밭공원,1709,1585,3294,124,1,8,토
2022-01-08,우이신설선,4.19민주묘지,2192,1961,4153,231,1,8,토
2022-01-08,우이신설선,가오리,2774,2674,5448,100,1,8,토
2022-01-08,우이신설선,화계,2382,2265,4647,117,1,8,토
2022-01-08,우이신설선,삼양,1481,1539,3020,-58,1,8,토
2022-01-08,우이신설선,삼양사거리,1785,1781,3566,4,1,8,토
2022-01-08,우이신설선,솔샘,3748,3354,7102,394,1,8,토
2022-01-08,우이신설선,북한산보국문,4600,4112,8712,488,1,8,토
2022-01-08,우이신설선,정릉,3366,2803,6169,563,1,8,토
2022-01-08,우이신설선,성신여대입구(돈암),2769,3199,5968,-430,1,8,토
2022-01-08,우이신설선,보문,1097,1059,2156,38,1,8,토
2022-01-08,우이신설선,신설동,1316,1290,2606,26,1,8,토
2022-01-08,일산선,원흥,6756,6531,13287,225,1,8,토
2022-01-08,일산선,지축,1,0,1,1,1,8,토
2022-01-08,일산선,삼송,13159,12933,26092,226,1,8,토
2022-01-08,일산선,원당,7613,7297,14910,316,1,8,토
2022-01-08,일산선,화정,11599,11982,23581,-383,1,8,토
2022-01-08,일산선,대곡,1198,960,2158,238,1,8,토
2022-01-08,일산선,백석,6733,7002,13735,-269,1,8,토
2022-01-08,일산선,마두,4498,4599,9097,-101,1,8,토
2022-01-08,일산선,정발산,6036,6216,12252,-180,1,8,토
2022-01-08,일산선,주엽,5961,5992,11953,-31,1,8,토
2022-01-08,일산선,대화,7591,6872,14463,719,1,8,토
2022-01-08,장항선,봉명,684,564,1248,120,1,8,토
2022-01-08,장항선,쌍용(나사렛대),1334,1274,2608,60,1,8,토
2022-01-08,장항선,아산,2509,2361,4870,148,1,8,토
2022-01-08,장항선,탕정,354,315,669,39,1,8,토
2022-01-08,장항선,배방,851,808,1659,43,1,8,토
2022-01-08,장항선,온양온천,3260,3453,6713,-193,1,8,토
2022-01-08,장항선,신창(순천향대),802,757,1559,45,1,8,토
2022-01-08,중앙선,회기,17998,17010,35008,988,1,8,토
2022-01-08,중앙선,중랑,4050,3900,7950,150,1,8,토
2022-01-08,중앙선,상봉(시외버스터미널),4462,4427,8889,35,1,8,토
2022-01-08,중앙선,망우,5951,5894,11845,57,1,8,토
2022-01-08,중앙선,양원,1306,1349,2655,-43,1,8,토
2022-01-08,중앙선,구리,9564,9842,19406,-278,1,8,토
2022-01-08,중앙선,도농,6471,6156,12627,315,1,8,토
2022-01-08,중앙선,양정,450,374,824,76,1,8,토
2022-01-08,중앙선,덕소,3993,4082,8075,-89,1,8,토
2022-01-08,중앙선,도심,1369,1187,2556,182,1,8,토
2022-01-08,중앙선,팔당,1030,1067,2097,-37,1,8,토
2022-01-08,중앙선,운길산,774,726,1500,48,1,8,토
2022-01-08,중앙선,양수,1426,1439,2865,-13,1,8,토
2022-01-08,중앙선,신원,203,173,376,30,1,8,토
2022-01-08,중앙선,국수,522,593,1115,-71,1,8,토
2022-01-08,중앙선,아신,486,494,980,-8,1,8,토
2022-01-08,중앙선,오빈,236,231,467,5,1,8,토
2022-01-08,중앙선,양평,2965,3160,6125,-195,1,8,토
2022-01-08,중앙선,원덕,328,337,665,-9,1,8,토
2022-01-09,경부선,의왕,3698,3812,7510,-114,1,9,일
2022-01-09,경부선,성균관대,6927,7301,14228,-374,1,9,일
2022-01-09,경부선,화서,3564,3501,7065,63,1,9,일
2022-01-09,경부선,수원,29723,28421,58144,1302,1,9,일
2022-01-09,경부선,독산,5554,5643,11197,-89,1,9,일
2022-01-09,경부선,세류,1806,1789,3595,17,1,9,일
2022-01-09,경부선,병점,8232,9122,17354,-890,1,9,일
2022-01-09,경부선,세마,1508,1497,3005,11,1,9,일
2022-01-09,경부선,오산대,1861,1819,3680,42,1,9,일
2022-01-09,경부선,오산,6720,7235,13955,-515,1,9,일
2022-01-09,경부선,진위,753,730,1483,23,1,9,일
2022-01-09,경부선,송탄,2921,3527,6448,-606,1,9,일
2022-01-09,경부선,서정리,3906,5427,9333,-1521,1,9,일
2022-01-09,경부선,평택지제,2101,2079,4180,22,1,9,일
2022-01-09,경부선,평택,9513,9973,19486,-460,1,9,일
2022-01-09,경부선,성환,1939,2239,4178,-300,1,9,일
2022-01-09,경부선,직산,486,525,1011,-39,1,9,일
2022-01-09,경부선,두정,3887,4141,8028,-254,1,9,일
2022-01-09,경부선,천안,4925,4852,9777,73,1,9,일
2022-01-09,경부선,당정,2713,2706,5419,7,1,9,일
2022-01-09,경부선,서동탄,674,705,1379,-31,1,9,일
2022-01-09,경부선,광명,2197,1610,3807,587,1,9,일
2022-01-09,경원선,이촌(국립중앙박물관),1788,1488,3276,300,1,9,일
2022-01-09,경원선,서빙고,1181,1259,2440,-78,1,9,일
2022-01-09,경원선,한남,1653,1723,3376,-70,1,9,일
2022-01-09,경원선,옥수,48,26,74,22,1,9,일
2022-01-09,경원선,응봉,871,784,1655,87,1,9,일
2022-01-09,경원선,왕십리(성동구청),8774,9436,18210,-662,1,9,일
2022-01-09,경원선,청량리(서울시립대입구),12263,11289,23552,974,1,9,일
2022-01-09,경원선,외대앞,6607,6127,12734,480,1,9,일
2022-01-09,경원선,신이문,4143,4000,8143,143,1,9,일
2022-01-09,경원선,석계,4433,4817,9250,-384,1,9,일
2022-01-09,경원선,광운대,3740,3795,7535,-55,1,9,일
2022-01-09,경원선,월계,3227,3016,6243,211,1,9,일
2022-01-09,경원선,녹천,2308,1993,4301,315,1,9,일
2022-01-09,경원선,방학,5237,5172,10409,65,1,9,일
2022-01-09,경원선,도봉,3031,2872,5903,159,1,9,일
2022-01-09,경원선,도봉산,7197,4869,12066,2328,1,9,일
2022-01-09,경원선,망월사,3946,4163,8109,-217,1,9,일
2022-01-09,경원선,회룡,6616,6609,13225,7,1,9,일
2022-01-09,경원선,의정부,12736,12723,25459,13,1,9,일
2022-01-09,경원선,가능,3604,3391,6995,213,1,9,일
2022-01-09,경원선,녹양,2367,2318,4685,49,1,9,일
2022-01-09,경원선,양주,4367,4352,8719,15,1,9,일
2022-01-09,경원선,덕계,1521,1510,3031,11,1,9,일
2022-01-09,경원선,덕정,2914,3001,5915,-87,1,9,일
2022-01-09,경원선,지행,3870,3867,7737,3,1,9,일
2022-01-09,경원선,동두천중앙,1804,1703,3507,101,1,9,일
2022-01-09,경원선,보산,950,832,1782,118,1,9,일
2022-01-09,경원선,동두천,1140,1362,2502,-222,1,9,일
2022-01-09,경원선,소요산,2806,2464,5270,342,1,9,일
2022-01-09,경의선,서울역,924,820,1744,104,1,9,일
2022-01-09,경의선,신촌,203,230,433,-27,1,9,일
2022-01-09,경의선,효창공원앞,1112,1269,2381,-157,1,9,일
2022-01-09,경의선,공덕,1743,1219,2962,524,1,9,일
2022-01-09,경의선,서강대,1281,1162,2443,119,1,9,일
2022-01-09,경의선,홍대입구,1495,1658,3153,-163,1,9,일
2022-01-09,경의선,가좌,2508,2508,5016,0,1,9,일
2022-01-09,경의선,디지털미디어시티,1259,1150,2409,109,1,9,일
2022-01-09,경의선,수색,778,851,1629,-73,1,9,일
2022-01-09,경의선,화전,632,694,1326,-62,1,9,일
2022-01-09,경의선,강매,1336,1273,2609,63,1,9,일
2022-01-09,경의선,행신,3972,3592,7564,380,1,9,일
2022-01-09,경의선,능곡,1856,1890,3746,-34,1,9,일
2022-01-09,경의선,곡산,260,254,514,6,1,9,일
2022-01-09,경의선,백마,3059,2901,5960,158,1,9,일
2022-01-09,경의선,풍산,3204,3059,6263,145,1,9,일
2022-01-09,경의선,일산,4134,4082,8216,52,1,9,일
2022-01-09,경의선,탄현,3806,3644,7450,162,1,9,일
2022-01-09,경의선,야당,4141,3992,8133,149,1,9,일
2022-01-09,경의선,운정,3197,3210,6407,-13,1,9,일
2022-01-09,경의선,금릉,2597,2515,5112,82,1,9,일
2022-01-09,경의선,금촌,3593,3729,7322,-136,1,9,일
2022-01-09,경의선,월롱,811,1759,2570,-948,1,9,일
2022-01-09,경의선,파주,523,404,927,119,1,9,일
2022-01-09,경의선,문산,3361,3551,6912,-190,1,9,일
2022-01-09,경의선,임진강,79,61,140,18,1,9,일
2022-01-09,경인선,개봉,10363,10460,20823,-97,1,9,일
2022-01-09,경인선,오류동,6434,6102,12536,332,1,9,일
2022-01-09,경인선,역곡,13671,13326,26997,345,1,9,일
2022-01-09,경인선,부천,19283,18965,38248,318,1,9,일
2022-01-09,경인선,송내,11687,11474,23161,213,1,9,일
2022-01-09,경인선,부평,20402,20881,41283,-479,1,9,일
2022-01-09,경인선,백운,3431,3412,6843,19,1,9,일
2022-01-09,경인선,동암,8530,8413,16943,117,1,9,일
2022-01-09,경인선,주안,11025,10090,21115,935,1,9,일
2022-01-09,경인선,제물포,4852,4745,9597,107,1,9,일
2022-01-09,경인선,동인천,8499,8146,16645,353,1,9,일
2022-01-09,경인선,인천,2962,2376,5338,586,1,9,일
2022-01-09,경인선,구일,2751,2724,5475,27,1,9,일
2022-01-09,경인선,소사,4762,4609,9371,153,1,9,일
2022-01-09,경인선,부개,4310,3836,8146,474,1,9,일
2022-01-09,경인선,간석,2737,2681,5418,56,1,9,일
2022-01-09,경인선,도원,1434,1450,2884,-16,1,9,일
2022-01-09,경인선,온수(성공회대입구),3207,3014,6221,193,1,9,일
2022-01-09,경인선,중동,4459,4108,8567,351,1,9,일
2022-01-09,경인선,도화,2091,2068,4159,23,1,9,일
2022-01-09,경춘선,신내,772,798,1570,-26,1,9,일
2022-01-09,경춘선,갈매,1293,1139,2432,154,1,9,일
2022-01-09,경춘선,별내,1702,1547,3249,155,1,9,일
2022-01-09,경춘선,퇴계원,1765,1577,3342,188,1,9,일
2022-01-09,경춘선,사릉,1375,1369,2744,6,1,9,일
2022-01-09,경춘선,금곡,719,692,1411,27,1,9,일
2022-01-09,경춘선,평내호평,3028,2865,5893,163,1,9,일
2022-01-09,경춘선,천마산,928,922,1850,6,1,9,일
2022-01-09,경춘선,마석,2042,2007,4049,35,1,9,일
2022-01-09,경춘선,대성리,420,299,719,121,1,9,일
2022-01-09,경춘선,청평,1167,1035,2202,132,1,9,일
2022-01-09,경춘선,상천,279,233,512,46,1,9,일
2022-01-09,경춘선,가평,1163,1055,2218,108,1,9,일
2022-01-09,경춘선,굴봉산,126,142,268,-16,1,9,일
2022-01-09,경춘선,백양리,303,256,559,47,1,9,일
2022-01-09,경춘선,강촌,455,407,862,48,1,9,일
2022-01-09,경춘선,김유정,300,305,605,-5,1,9,일
2022-01-09,경춘선,남춘천,1805,1870,3675,-65,1,9,일
2022-01-09,경춘선,춘천,1087,929,2016,158,1,9,일
2022-01-09,공항철도 1호선,서울역,6686,5804,12490,882,1,9,일
2022-01-09,공항철도 1호선,공덕,1054,1565,2619,-511,1,9,일
2022-01-09,공항철도 1호선,홍대입구,9031,8378,17409,653,1,9,일
2022-01-09,공항철도 1호선,디지털미디어시티,3022,3035,6057,-13,1,9,일
2022-01-09,공항철도 1호선,마곡나루(서울식물원),1903,2169,4072,-266,1,9,일
2022-01-09,공항철도 1호선,김포공항,10438,5715,16153,4723,1,9,일
2022-01-09,공항철도 1호선,계양,4629,4557,9186,72,1,9,일
2022-01-09,공항철도 1호선,검암,3127,3097,6224,30,1,9,일
2022-01-09,공항철도 1호선,청라국제도시,2963,2777,5740,186,1,9,일
2022-01-09,공항철도 1호선,운서,4511,4795,9306,-284,1,9,일
2022-01-09,공항철도 1호선,공항화물청사,916,968,1884,-52,1,9,일
2022-01-09,공항철도 1호선,인천공항1터미널,3238,3235,6473,3,1,9,일
2022-01-09,공항철도 1호선,인천공항2터미널,1772,1614,3386,158,1,9,일
2022-01-09,공항철도 1호선,영종,2081,2008,4089,73,1,9,일
2022-01-09,과천선,선바위,3398,3034,6432,364,1,9,일
2022-01-09,과천선,경마공원,8292,8298,16590,-6,1,9,일
2022-01-09,과천선,대공원,2779,2872,5651,-93,1,9,일
2022-01-09,과천선,과천,3105,3004,6109,101,1,9,일
2022-01-09,과천선,정부과천청사,3993,4148,8141,-155,1,9,일
2022-01-09,과천선,인덕원,10529,10676,21205,-147,1,9,일
2022-01-09,과천선,평촌,5633,5588,11221,45,1,9,일
2022-01-09,과천선,범계,14018,13358,27376,660,1,9,일
2022-01-09,분당선,선릉,2650,4017,6667,-1367,1,9,일
2022-01-09,분당선,한티,8249,7985,16234,264,1,9,일
2022-01-09,분당선,도곡,2292,2282,4574,10,1,9,일
2022-01-09,분당선,구룡,646,708,1354,-62,1,9,일
2022-01-09,분당선,개포동,1754,1791,3545,-37,1,9,일
2022-01-09,분당선,대모산입구,2041,1931,3972,110,1,9,일
2022-01-09,분당선,수서,8149,7844,15993,305,1,9,일
2022-01-09,분당선,수원,5281,4221,9502,1060,1,9,일
2022-01-09,분당선,서울숲,5020,5138,10158,-118,1,9,일
2022-01-09,분당선,압구정로데오,10452,10941,21393,-489,1,9,일
2022-01-09,분당선,강남구청,3063,3735,6798,-672,1,9,일
2022-01-09,분당선,선정릉,1855,1950,3805,-95,1,9,일
2022-01-09,분당선,가천대,3353,4040,7393,-687,1,9,일
2022-01-09,분당선,태평,7701,7297,14998,404,1,9,일
2022-01-09,분당선,모란,16461,17275,33736,-814,1,9,일
2022-01-09,분당선,야탑,12388,12567,24955,-179,1,9,일
2022-01-09,분당선,서현,14712,14520,29232,192,1,9,일
2022-01-09,분당선,수내,5664,5523,11187,141,1,9,일
2022-01-09,분당선,정자,6932,7265,14197,-333,1,9,일
2022-01-09,분당선,미금,7032,7350,14382,-318,1,9,일
2022-01-09,분당선,오리,5231,4542,9773,689,1,9,일
2022-01-09,분당선,이매,2876,3027,5903,-151,1,9,일
2022-01-09,분당선,보정,1040,983,2023,57,1,9,일
2022-01-09,분당선,죽전,6893,7888,14781,-995,1,9,일
2022-01-09,분당선,구성,2323,2442,4765,-119,1,9,일
2022-01-09,분당선,신갈,1776,1814,3590,-38,1,9,일
2022-01-09,분당선,기흥,4523,4415,8938,108,1,9,일
2022-01-09,분당선,상갈,2522,2675,5197,-153,1,9,일
2022-01-09,분당선,청명,1762,1792,3554,-30,1,9,일
2022-01-09,분당선,영통,4489,4492,8981,-3,1,9,일
2022-01-09,분당선,망포,5911,6274,12185,-363,1,9,일
2022-01-09,분당선,매탄권선,2286,2336,4622,-50,1,9,일
2022-01-09,분당선,수원시청,7058,7005,14063,53,1,9,일
2022-01-09,분당선,매교,1322,1212,2534,110,1,9,일
2022-01-09,수인선,고색,1547,1675,3222,-128,1,9,일
2022-01-09,수인선,오목천,1352,1301,2653,51,1,9,일
2022-01-09,수인선,어천,431,534,965,-103,1,9,일
2022-01-09,수인선,야목,168,136,304,32,1,9,일
2022-01-09,수인선,사리,2339,2089,4428,250,1,9,일
2022-01-09,수인선,달월,48,44,92,4,1,9,일
2022-01-09,수인선,월곶,1514,1485,2999,29,1,9,일
2022-01-09,수인선,소래포구,3954,3834,7788,120,1,9,일
2022-01-09,수인선,인천논현,2695,2757,5452,-62,1,9,일
2022-01-09,수인선,호구포,1838,1817,3655,21,1,9,일
2022-01-09,수인선,남동인더스파크,476,508,984,-32,1,9,일
2022-01-09,수인선,원인재,2630,2704,5334,-74,1,9,일
2022-01-09,수인선,연수,3019,3008,6027,11,1,9,일
2022-01-09,수인선,송도,1380,1423,2803,-43,1,9,일
2022-01-09,수인선,인하대,3892,3360,7252,532,1,9,일
2022-01-09,수인선,숭의,1855,1739,3594,116,1,9,일
2022-01-09,수인선,신포,1063,966,2029,97,1,9,일
2022-01-09,수인선,인천,908,1440,2348,-532,1,9,일
2022-01-09,안산선,산본,8032,8553,16585,-521,1,9,일
2022-01-09,안산선,대야미,2525,2314,4839,211,1,9,일
2022-01-09,안산선,반월,2262,2204,4466,58,1,9,일
2022-01-09,안산선,상록수,8296,8188,16484,108,1,9,일
2022-01-09,안산선,한대앞,4685,4748,9433,-63,1,9,일
2022-01-09,안산선,중앙,10621,10594,21215,27,1,9,일
2022-01-09,안산선,고잔,4035,3817,7852,218,1,9,일
2022-01-09,안산선,초지,2053,2098,4151,-45,1,9,일
2022-01-09,안산선,안산,7911,7542,15453,369,1,9,일
2022-01-09,안산선,신길온천,979,958,1937,21,1,9,일
2022-01-09,안산선,정왕,4453,5002,9455,-549,1,9,일
2022-01-09,안산선,오이도,5068,4940,10008,128,1,9,일
2022-01-09,안산선,수리산,1821,1877,3698,-56,1,9,일
2022-01-09,우이신설선,북한산우이,2291,2542,4833,-251,1,9,일
2022-01-09,우이신설선,솔밭공원,1287,1245,2532,42,1,9,일
2022-01-09,우이신설선,4.19민주묘지,1667,1436,3103,231,1,9,일
2022-01-09,우이신설선,가오리,2179,2044,4223,135,1,9,일
2022-01-09,우이신설선,화계,1859,1709,3568,150,1,9,일
2022-01-09,우이신설선,삼양,1094,1149,2243,-55,1,9,일
2022-01-09,우이신설선,삼양사거리,1381,1362,2743,19,1,9,일
2022-01-09,우이신설선,솔샘,2524,2451,4975,73,1,9,일
2022-01-09,우이신설선,북한산보국문,3404,3139,6543,265,1,9,일
2022-01-09,우이신설선,정릉,2491,2070,4561,421,1,9,일
2022-01-09,우이신설선,성신여대입구(돈암),2081,2280,4361,-199,1,9,일
2022-01-09,우이신설선,보문,844,846,1690,-2,1,9,일
2022-01-09,우이신설선,신설동,1053,1034,2087,19,1,9,일
2022-01-09,일산선,원흥,4899,4751,9650,148,1,9,일
2022-01-09,일산선,삼송,9767,9543,19310,224,1,9,일
2022-01-09,일산선,원당,5535,5368,10903,167,1,9,일
2022-01-09,일산선,화정,8568,8824,17392,-256,1,9,일
2022-01-09,일산선,대곡,899,761,1660,138,1,9,일
2022-01-09,일산선,백석,5039,5080,10119,-41,1,9,일
2022-01-09,일산선,마두,3034,3023,6057,11,1,9,일
2022-01-09,일산선,정발산,5070,4876,9946,194,1,9,일
2022-01-09,일산선,주엽,4029,4070,8099,-41,1,9,일
2022-01-09,일산선,대화,5430,5060,10490,370,1,9,일
2022-01-09,장항선,봉명,535,506,1041,29,1,9,일
2022-01-09,장항선,쌍용(나사렛대),1192,1087,2279,105,1,9,일
2022-01-09,장항선,아산,2515,1810,4325,705,1,9,일
2022-01-09,장항선,탕정,252,279,531,-27,1,9,일
2022-01-09,장항선,배방,709,836,1545,-127,1,9,일
2022-01-09,장항선,온양온천,3853,3834,7687,19,1,9,일
2022-01-09,장항선,신창(순천향대),669,783,1452,-114,1,9,일
2022-01-09,중앙선,회기,13957,13859,27816,98,1,9,일
2022-01-09,8호선,신흥,2600,2882,5482,-282,1,9,일
2022-01-09,중앙선,용문,1301,1172,2473,129,1,9,일
2022-01-09,중앙선,원덕,233,208,441,25,1,9,일
2022-01-09,중앙선,양평,1707,1609,3316,98,1,9,일
2022-01-09,중앙선,오빈,161,158,319,3,1,9,일
2022-01-09,중앙선,아신,388,351,739,37,1,9,일
2022-01-09,중앙선,국수,426,424,850,2,1,9,일
2022-01-09,중앙선,신원,178,119,297,59,1,9,일
2022-01-09,중앙선,양수,1079,1069,2148,10,1,9,일
2022-01-09,중앙선,운길산,698,616,1314,82,1,9,일
2022-01-09,중앙선,팔당,870,935,1805,-65,1,9,일
2022-01-09,중앙선,도심,1025,902,1927,123,1,9,일
2022-01-09,중앙선,덕소,2889,2943,5832,-54,1,9,일
2022-01-09,중앙선,양정,340,251,591,89,1,9,일
2022-01-09,중앙선,도농,4409,4554,8963,-145,1,9,일
2022-01-09,중앙선,구리,6755,7074,13829,-319,1,9,일
2022-01-09,중앙선,양원,886,934,1820,-48,1,9,일
2022-01-09,중앙선,망우,4154,4102,8256,52,1,9,일
2022-01-09,중앙선,상봉(시외버스터미널),3396,3443,6839,-47,1,9,일
2022-01-09,중앙선,중랑,3112,2964,6076,148,1,9,일
2022-01-09,중앙선,지평,52,50,102,2,1,9,일
2022-01-09,6호선,망원,8817,9613,18430,-796,1,9,일
2022-01-09,1호선,서울역,22698,20411,43109,2287,1,9,일
2022-01-09,1호선,동묘앞,10902,11103,22005,-201,1,9,일
2022-01-09,1호선,시청,6426,6014,12440,412,1,9,일
2022-01-09,1호선,종각,10970,9660,20630,1310,1,9,일
2022-01-09,1호선,종로3가,12373,11030,23403,1343,1,9,일
2022-01-09,1호선,종로5가,8055,8048,16103,7,1,9,일
2022-01-09,1호선,동대문,8011,8290,16301,-279,1,9,일
2022-01-09,1호선,신설동,6894,6916,13810,-22,1,9,일
2022-01-09,1호선,제기동,9346,9753,19099,-407,1,9,일
2022-01-09,1호선,청량리(서울시립대입구),11579,11717,23296,-138,1,9,일
2022-01-09,2호선,시청,5038,4060,9098,978,1,9,일
2022-01-09,2호선,을지로입구,14927,13853,28780,1074,1,9,일
2022-01-09,2호선,을지로3가,7390,6971,14361,419,1,9,일
2022-01-09,2호선,을지로4가,3152,2996,6148,156,1,9,일
2022-01-09,2호선,동대문역사문화공원(DDP),6773,8202,14975,-1429,1,9,일
2022-01-09,2호선,신당,7318,7725,15043,-407,1,9,일
2022-01-09,2호선,상왕십리,6231,6251,12482,-20,1,9,일
2022-01-09,2호선,왕십리(성동구청),8510,7814,16324,696,1,9,일
2022-01-09,2호선,한양대,1987,2154,4141,-167,1,9,일
2022-01-09,2호선,뚝섬,9329,9360,18689,-31,1,9,일
2022-01-09,2호선,성수,12457,13292,25749,-835,1,9,일
2022-01-09,2호선,건대입구,24608,25544,50152,-936,1,9,일
2022-01-09,2호선,구의(광진구청),10463,10625,21088,-162,1,9,일
2022-01-09,2호선,강변(동서울터미널),18185,17425,35610,760,1,9,일
2022-01-09,2호선,잠실나루,4569,4816,9385,-247,1,9,일
2022-01-09,2호선,잠실(송파구청),44557,41825,86382,2732,1,9,일
2022-01-09,2호선,잠실새내,10103,10363,20466,-260,1,9,일
2022-01-09,2호선,종합운동장,4006,4599,8605,-593,1,9,일
2022-01-09,2호선,삼성(무역센터),20078,19485,39563,593,1,9,일
2022-01-09,2호선,선릉,12572,10627,23199,1945,1,9,일
2022-01-09,2호선,역삼,11034,12091,23125,-1057,1,9,일
2022-01-09,2호선,강남,33870,32354,66224,1516,1,9,일
2022-01-09,2호선,교대(법원.검찰청),9310,10445,19755,-1135,1,9,일
2022-01-09,2호선,서초,10610,9796,20406,814,1,9,일
2022-01-09,2호선,방배,6284,6667,12951,-383,1,9,일
2022-01-09,2호선,사당,19329,21450,40779,-2121,1,9,일
2022-01-09,2호선,낙성대(강감찬),14282,14736,29018,-454,1,9,일
2022-01-09,2호선,서울대입구(관악구청),25168,26033,51201,-865,1,9,일
2022-01-09,2호선,봉천,11298,11176,22474,122,1,9,일
2022-01-09,2호선,신림,34676,33117,67793,1559,1,9,일
2022-01-09,2호선,신대방,13847,13732,27579,115,1,9,일
2022-01-09,2호선,구로디지털단지,21940,21522,43462,418,1,9,일
2022-01-09,2호선,대림(구로구청),12846,13140,25986,-294,1,9,일
2022-01-09,2호선,신도림,25126,25449,50575,-323,1,9,일
2022-01-09,2호선,문래,6785,7046,13831,-261,1,9,일
2022-01-09,2호선,영등포구청,7202,7598,14800,-396,1,9,일
2022-01-09,2호선,당산,7604,8252,15856,-648,1,9,일
2022-01-09,2호선,합정,19238,19963,39201,-725,1,9,일
2022-01-09,2호선,홍대입구,45921,44982,90903,939,1,9,일
2022-01-09,2호선,신촌,20239,19566,39805,673,1,9,일
2022-01-09,2호선,이대,6310,6983,13293,-673,1,9,일
2022-01-09,2호선,아현,4693,4731,9424,-38,1,9,일
2022-01-09,2호선,충정로(경기대입구),3400,3725,7125,-325,1,9,일
2022-01-09,2호선,용답,1521,1500,3021,21,1,9,일
2022-01-09,2호선,신답,701,759,1460,-58,1,9,일
2022-01-09,2호선,신설동,2837,3072,5909,-235,1,9,일
2022-01-09,2호선,도림천,407,402,809,5,1,9,일
2022-01-09,2호선,양천구청,2941,3085,6026,-144,1,9,일
2022-01-09,2호선,신정네거리,4777,4884,9661,-107,1,9,일
2022-01-09,2호선,용두(동대문구청),959,937,1896,22,1,9,일
2022-01-09,3호선,지축,1892,1802,3694,90,1,9,일
2022-01-09,3호선,구파발,9760,9964,19724,-204,1,9,일
2022-01-09,3호선,연신내,19331,18628,37959,703,1,9,일
2022-01-09,3호선,불광,8789,9915,18704,-1126,1,9,일
2022-01-09,3호선,녹번,6603,5989,12592,614,1,9,일
2022-01-09,3호선,홍제,8143,7969,16112,174,1,9,일
2022-01-09,3호선,무악재,1687,1770,3457,-83,1,9,일
2022-01-09,3호선,독립문,3490,3788,7278,-298,1,9,일
2022-01-09,3호선,경복궁(정부서울청사),9803,9922,19725,-119,1,9,일
2022-01-09,3호선,안국,9019,9571,18590,-552,1,9,일
2022-01-09,3호선,종로3가,3612,4578,8190,-966,1,9,일
2022-01-09,3호선,을지로3가,3085,2812,5897,273,1,9,일
2022-01-09,3호선,동대입구,5017,5428,10445,-411,1,9,일
2022-01-09,3호선,약수,6121,5787,11908,334,1,9,일
2022-01-09,3호선,금호,3828,3653,7481,175,1,9,일
2022-01-09,3호선,옥수,4279,4395,8674,-116,1,9,일
2022-01-09,3호선,압구정,12761,13013,25774,-252,1,9,일
2022-01-09,3호선,신사,13825,13662,27487,163,1,9,일
2022-01-09,3호선,잠원,1877,1929,3806,-52,1,9,일
2022-01-09,3호선,고속터미널,34914,32930,67844,1984,1,9,일
2022-01-09,3호선,교대(법원.검찰청),3810,2497,6307,1313,1,9,일
2022-01-09,3호선,남부터미널(예술의전당),12426,12988,25414,-562,1,9,일
2022-01-09,3호선,양재(서초구청),12417,14163,26580,-1746,1,9,일
2022-01-09,3호선,매봉,3678,3711,7389,-33,1,9,일
2022-01-09,3호선,도곡,1773,1860,3633,-87,1,9,일
2022-01-09,3호선,대치,5616,4901,10517,715,1,9,일
2022-01-09,3호선,학여울,850,890,1740,-40,1,9,일
2022-01-09,3호선,대청,3760,3656,7416,104,1,9,일
2022-01-09,3호선,일원,3067,3179,6246,-112,1,9,일
2022-01-09,3호선,수서,9360,9102,18462,258,1,9,일
2022-01-09,3호선,가락시장,3194,3465,6659,-271,1,9,일
2022-01-09,3호선,경찰병원,2427,2608,5035,-181,1,9,일
2022-01-09,3호선,오금,2389,2432,4821,-43,1,9,일
2022-01-09,4호선,수유(강북구청),18136,17543,35679,593,1,9,일
2022-01-09,4호선,미아(서울사이버대학),7146,6819,13965,327,1,9,일
2022-01-09,4호선,미아사거리,14327,13572,27899,755,1,9,일
2022-01-09,4호선,길음,9061,8966,18027,95,1,9,일
2022-01-09,4호선,성신여대입구(돈암),11473,11120,22593,353,1,9,일
2022-01-09,4호선,한성대입구(삼선교),6793,6842,13635,-49,1,9,일
2022-01-09,4호선,혜화,20443,20823,41266,-380,1,9,일
2022-01-09,4호선,동대문,5681,6418,12099,-737,1,9,일
2022-01-09,4호선,동대문역사문화공원(DDP),8273,7563,15836,710,1,9,일
2022-01-09,4호선,충무로,6954,6967,13921,-13,1,9,일
2022-01-09,4호선,명동,10595,10686,21281,-91,1,9,일
2022-01-09,4호선,회현(남대문시장),8905,9133,18038,-228,1,9,일
2022-01-09,4호선,서울역,3631,8516,12147,-4885,1,9,일
2022-01-09,4호선,숙대입구(갈월),6301,6223,12524,78,1,9,일
2022-01-09,4호선,삼각지,2321,2953,5274,-632,1,9,일
2022-01-09,4호선,신용산,7207,7314,14521,-107,1,9,일
2022-01-09,4호선,이촌(국립중앙박물관),4280,4732,9012,-452,1,9,일
2022-01-09,4호선,동작(현충원),682,725,1407,-43,1,9,일
2022-01-09,4호선,총신대입구(이수),9156,10104,19260,-948,1,9,일
2022-01-09,4호선,사당,13623,12686,26309,937,1,9,일
2022-01-09,4호선,남태령,556,449,1005,107,1,9,일
2022-01-09,4호선,당고개,6890,6608,13498,282,1,9,일
2022-01-09,4호선,상계,9245,8805,18050,440,1,9,일
2022-01-09,4호선,노원,10943,11844,22787,-901,1,9,일
2022-01-09,4호선,창동,13544,14174,27718,-630,1,9,일
2022-01-09,4호선,쌍문,14095,12759,26854,1336,1,9,일
2022-01-09,5호선,방화,3108,3211,6319,-103,1,9,일
2022-01-09,5호선,개화산,2420,2572,4992,-152,1,9,일
2022-01-09,5호선,김포공항,6585,6259,12844,326,1,9,일
2022-01-09,5호선,송정,3458,3417,6875,41,1,9,일
2022-01-09,5호선,마곡,3361,3504,6865,-143,1,9,일
2022-01-09,5호선,발산,8318,8707,17025,-389,1,9,일
2022-01-09,5호선,우장산,6265,6465,12730,-200,1,9,일
2022-01-09,5호선,화곡,13086,12397,25483,689,1,9,일
2022-01-09,5호선,까치산,14325,14099,28424,226,1,9,일
2022-01-09,5호선,신정(은행정),5826,5340,11166,486,1,9,일
2022-01-09,5호선,목동,6953,7258,14211,-305,1,9,일
2022-01-09,5호선,오목교(목동운동장앞),10515,10808,21323,-293,1,9,일
2022-01-09,5호선,양평,2399,2520,4919,-121,1,9,일
2022-01-09,5호선,영등포구청,1160,1189,2349,-29,1,9,일
2022-01-09,5호선,영등포시장,4962,5281,10243,-319,1,9,일
2022-01-09,5호선,신길,1714,1914,3628,-200,1,9,일
2022-01-09,5호선,여의도,7206,7274,14480,-68,1,9,일
2022-01-09,5호선,여의나루,5011,5759,10770,-748,1,9,일
2022-01-09,5호선,마포,4233,4395,8628,-162,1,9,일
2022-01-09,5호선,공덕,4051,4090,8141,-39,1,9,일
2022-01-09,5호선,애오개,2320,2381,4701,-61,1,9,일
2022-01-09,5호선,충정로(경기대입구),1315,1261,2576,54,1,9,일
2022-01-09,5호선,서대문,4525,4486,9011,39,1,9,일
2022-01-09,5호선,광화문(세종문화회관),9917,9657,19574,260,1,9,일
2022-01-09,5호선,종로3가,8050,7081,15131,969,1,9,일
2022-01-09,5호선,을지로4가,1322,1446,2768,-124,1,9,일
2022-01-09,5호선,동대문역사문화공원(DDP),690,792,1482,-102,1,9,일
2022-01-09,5호선,청구,1572,1480,3052,92,1,9,일
2022-01-09,5호선,신금호,2653,2925,5578,-272,1,9,일
2022-01-09,5호선,행당,3513,3212,6725,301,1,9,일
2022-01-09,5호선,왕십리(성동구청),2144,2604,4748,-460,1,9,일
2022-01-09,5호선,마장,2596,2579,5175,17,1,9,일
2022-01-09,5호선,답십리,6671,6410,13081,261,1,9,일
2022-01-09,5호선,장한평,7045,7074,14119,-29,1,9,일
2022-01-09,5호선,군자(능동),5618,6221,11839,-603,1,9,일
2022-01-09,5호선,아차산(어린이대공원후문),9015,8923,17938,92,1,9,일
2022-01-09,5호선,광나루(장신대),6602,6466,13068,136,1,9,일
2022-01-09,5호선,천호(풍납토성),11517,10757,22274,760,1,9,일
2022-01-09,5호선,강동,7830,7808,15638,22,1,9,일
2022-01-09,5호선,길동,3746,3958,7704,-212,1,9,일
2022-01-09,5호선,굽은다리(강동구민회관앞),4813,4516,9329,297,1,9,일
2022-01-09,5호선,명일,4296,4343,8639,-47,1,9,일
2022-01-09,5호선,고덕,3729,3711,7440,18,1,9,일
2022-01-09,5호선,상일동,6064,6119,12183,-55,1,9,일
2022-01-09,5호선,둔촌동,4277,4357,8634,-80,1,9,일
2022-01-09,5호선,올림픽공원(한국체대),1873,1701,3574,172,1,9,일
2022-01-09,5호선,방이,3491,3455,6946,36,1,9,일
2022-01-09,5호선,오금,1324,1298,2622,26,1,9,일
2022-01-09,5호선,개롱,2657,2910,5567,-253,1,9,일
2022-01-09,5호선,거여,3913,3734,7647,179,1,9,일
2022-01-09,5호선,마천,3234,3439,6673,-205,1,9,일
2022-01-09,5호선,강일,1894,1785,3679,109,1,9,일
2022-01-09,5호선,미사,8087,8043,16130,44,1,9,일
2022-01-09,5호선,하남풍산,1959,2025,3984,-66,1,9,일
2022-01-09,5호선,하남시청(덕풍·신장),3622,3488,7110,134,1,9,일
2022-01-09,5호선,하남검단산,4117,4053,8170,64,1,9,일
2022-01-09,6호선,응암,8355,8421,16776,-66,1,9,일
2022-01-09,6호선,역촌,1776,2065,3841,-289,1,9,일
2022-01-09,6호선,불광,2717,2441,5158,276,1,9,일
2022-01-09,6호선,독바위,1345,1674,3019,-329,1,9,일
2022-01-09,6호선,구산,3584,2712,6296,872,1,9,일
2022-01-09,6호선,새절(신사),5808,5594,11402,214,1,9,일
2022-01-09,6호선,증산(명지대앞),4981,5150,10131,-169,1,9,일
2022-01-09,6호선,디지털미디어시티,4616,4891,9507,-275,1,9,일
2022-01-09,6호선,월드컵경기장(성산),2251,2312,4563,-61,1,9,일
2022-01-09,6호선,마포구청,6481,6064,12545,417,1,9,일
2022-01-09,6호선,합정,8581,7755,16336,826,1,9,일
2022-01-09,6호선,상수,5678,6461,12139,-783,1,9,일
2022-01-09,6호선,광흥창(서강),3820,3738,7558,82,1,9,일
2022-01-09,6호선,대흥(서강대앞),3762,3887,7649,-125,1,9,일
2022-01-09,6호선,공덕,6054,5690,11744,364,1,9,일
2022-01-09,6호선,효창공원앞,3137,2827,5964,310,1,9,일
2022-01-09,6호선,삼각지,3240,2686,5926,554,1,9,일
2022-01-09,6호선,녹사평(용산구청),3443,3403,6846,40,1,9,일
2022-01-09,6호선,이태원,8129,7632,15761,497,1,9,일
2022-01-09,6호선,한강진,6544,7342,13886,-798,1,9,일
2022-01-09,6호선,버티고개,838,1020,1858,-182,1,9,일
2022-01-09,6호선,약수,1543,1561,3104,-18,1,9,일
2022-01-09,6호선,청구,1541,1546,3087,-5,1,9,일
2022-01-09,6호선,신당,3677,4250,7927,-573,1,9,일
2022-01-09,6호선,동묘앞,5408,5349,10757,59,1,9,일
2022-01-09,6호선,창신,1454,1370,2824,84,1,9,일
2022-01-09,6호선,보문,3752,3455,7207,297,1,9,일
2022-01-09,6호선,안암(고대병원앞),4155,4396,8551,-241,1,9,일
2022-01-09,6호선,고려대(종암),3564,3479,7043,85,1,9,일
2022-01-09,6호선,월곡(동덕여대),4811,4835,9646,-24,1,9,일
2022-01-09,6호선,상월곡(한국과학기술연구원),2854,2617,5471,237,1,9,일
2022-01-09,6호선,돌곶이,4534,4201,8735,333,1,9,일
2022-01-09,6호선,석계,5715,5966,11681,-251,1,9,일
2022-01-09,6호선,태릉입구,2763,2899,5662,-136,1,9,일
2022-01-09,6호선,화랑대(서울여대입구),4705,4104,8809,601,1,9,일
2022-01-09,6호선,봉화산(서울의료원),3537,3499,7036,38,1,9,일
2022-01-09,6호선,신내,1,0,1,1,1,9,일
2022-01-09,7호선,장암,1059,740,1799,319,1,9,일
2022-01-09,7호선,도봉산,4594,6651,11245,-2057,1,9,일
2022-01-09,7호선,수락산,7327,6987,14314,340,1,9,일
2022-01-09,7호선,마들,5331,5016,10347,315,1,9,일
2022-01-09,7호선,노원,10381,10419,20800,-38,1,9,일
2022-01-09,7호선,중계,5928,5450,11378,478,1,9,일
2022-01-09,7호선,하계,7949,7589,15538,360,1,9,일
2022-01-09,7호선,공릉(서울과학기술대),5836,5913,11749,-77,1,9,일
2022-01-09,7호선,태릉입구,4263,4011,8274,252,1,9,일
2022-01-09,7호선,먹골,4853,4774,9627,79,1,9,일
2022-01-09,7호선,중화,5053,5015,10068,38,1,9,일
2022-01-09,7호선,상봉(시외버스터미널),8272,7711,15983,561,1,9,일
2022-01-09,7호선,면목,7191,7324,14515,-133,1,9,일
2022-01-09,7호선,사가정,8035,7865,15900,170,1,9,일
2022-01-09,7호선,용마산(용마폭포공원),2771,3096,5867,-325,1,9,일
2022-01-09,7호선,중곡,4745,4748,9493,-3,1,9,일
2022-01-09,7호선,군자(능동),7056,5655,12711,1401,1,9,일
2022-01-09,7호선,어린이대공원(세종대),6000,6029,12029,-29,1,9,일
2022-01-09,7호선,건대입구,6784,6986,13770,-202,1,9,일
2022-01-09,7호선,뚝섬유원지,4164,4057,8221,107,1,9,일
2022-01-09,7호선,청담,5817,6250,12067,-433,1,9,일
2022-01-09,7호선,강남구청,5244,5662,10906,-418,1,9,일
2022-01-09,7호선,학동,5653,5980,11633,-327,1,9,일
2022-01-09,7호선,논현,5690,6078,11768,-388,1,9,일
2022-01-09,7호선,반포,2460,2384,4844,76,1,9,일
2022-01-09,7호선,고속터미널,10273,6987,17260,3286,1,9,일
2022-01-09,7호선,내방,4689,4871,9560,-182,1,9,일
2022-01-09,7호선,이수,7855,7337,15192,518,1,9,일
2022-01-09,7호선,남성,4798,4804,9602,-6,1,9,일
2022-01-09,7호선,숭실대입구(살피재),5076,5400,10476,-324,1,9,일
2022-01-09,7호선,상도,6057,6170,12227,-113,1,9,일
2022-01-09,7호선,장승배기,4202,4195,8397,7,1,9,일
2022-01-09,7호선,신대방삼거리,7202,7256,14458,-54,1,9,일
2022-01-09,7호선,보라매,3788,3831,7619,-43,1,9,일
2022-01-09,7호선,신풍,5319,5027,10346,292,1,9,일
2022-01-09,7호선,대림(구로구청),5694,5405,11099,289,1,9,일
2022-01-09,7호선,남구로,6028,5793,11821,235,1,9,일
2022-01-09,7호선,가산디지털단지,9291,8559,17850,732,1,9,일
2022-01-09,7호선,철산,9521,9565,19086,-44,1,9,일
2022-01-09,7호선,광명사거리,11442,11315,22757,127,1,9,일
2022-01-09,7호선,천왕,4349,4305,8654,44,1,9,일
2022-01-09,7호선,온수(성공회대입구),3593,3695,7288,-102,1,9,일
2022-01-09,7호선,까치울,1,0,1,1,1,9,일
2022-01-09,7호선,부천시청,1,0,1,1,1,9,일
2022-01-09,8호선,암사,8075,7758,15833,317,1,9,일
2022-01-09,8호선,천호(풍납토성),8222,9376,17598,-1154,1,9,일
2022-01-09,8호선,강동구청,4146,4348,8494,-202,1,9,일
2022-01-09,8호선,몽촌토성(평화의문),2787,2774,5561,13,1,9,일
2022-01-09,8호선,잠실(송파구청),9598,10440,20038,-842,1,9,일
2022-01-09,8호선,석촌,3966,4859,8825,-893,1,9,일
2022-01-09,8호선,송파,3368,3491,6859,-123,1,9,일
2022-01-09,8호선,가락시장,2847,3580,6427,-733,1,9,일
2022-01-09,8호선,문정,5089,5522,10611,-433,1,9,일
2022-01-09,8호선,장지,8508,8588,17096,-80,1,9,일
2022-01-09,8호선,복정,4167,3909,8076,258,1,9,일
2022-01-09,8호선,산성,2863,2834,5697,29,1,9,일
2022-01-09,8호선,남한산성입구(성남법원.검찰청),6318,5883,12201,435,1,9,일
2022-01-09,8호선,단대오거리,5287,5212,10499,75,1,9,일
2022-01-09,8호선,수진,2955,2782,5737,173,1,9,일
2022-01-09,8호선,모란,4599,3762,8361,837,1,9,일
2022-01-09,8호선,남위례,1793,2029,3822,-236,1,9,일
2022-01-09,9호선,개화,921,811,1732,110,1,9,일
2022-01-09,9호선,김포공항,6767,10490,17257,-3723,1,9,일
2022-01-09,9호선,공항시장,1614,1709,3323,-95,1,9,일
2022-01-09,9호선,신방화,3151,3055,6206,96,1,9,일
2022-01-09,9호선,마곡나루(서울식물원),5263,5144,10407,119,1,9,일
2022-01-09,9호선,양천향교,3748,3913,7661,-165,1,9,일
2022-01-09,9호선,가양,8996,8918,17914,78,1,9,일
2022-01-09,9호선,증미,2263,2316,4579,-53,1,9,일
2022-01-09,9호선,등촌,4574,4795,9369,-221,1,9,일
2022-01-09,9호선,염창,7430,7506,14936,-76,1,9,일
2022-01-09,9호선,신목동,1566,1376,2942,190,1,9,일
2022-01-09,9호선,선유도,2523,2560,5083,-37,1,9,일
2022-01-09,9호선,당산,8116,8125,16241,-9,1,9,일
2022-01-09,9호선,국회의사당,4217,3965,8182,252,1,9,일
2022-01-09,9호선,여의도,8527,7728,16255,799,1,9,일
2022-01-09,9호선,샛강,1464,1529,2993,-65,1,9,일
2022-01-09,9호선,노량진,13491,14531,28022,-1040,1,9,일
2022-01-09,9호선,노들,2242,1984,4226,258,1,9,일
2022-01-09,9호선,흑석(중앙대입구),5491,4964,10455,527,1,9,일
2022-01-09,9호선,동작(현충원),1028,937,1965,91,1,9,일
2022-01-09,9호선,구반포,545,540,1085,5,1,9,일
2022-01-09,9호선,신반포,1500,1548,3048,-48,1,9,일
2022-01-09,9호선,고속터미널,8526,11666,20192,-3140,1,9,일
2022-01-09,9호선,사평,1382,1463,2845,-81,1,9,일
2022-01-09,9호선,신논현,15098,14248,29346,850,1,9,일
2022-01-09,9호선2~3단계,언주,3596,3593,7189,3,1,9,일
2022-01-09,9호선2~3단계,선정릉,2663,3034,5697,-371,1,9,일
2022-01-09,9호선2~3단계,삼성중앙,1732,1836,3568,-104,1,9,일
2022-01-09,9호선2~3단계,봉은사,7333,7496,14829,-163,1,9,일
2022-01-09,9호선2~3단계,종합운동장,2227,2009,4236,218,1,9,일
2022-01-09,9호선2~3단계,삼전,3293,3228,6521,65,1,9,일
2022-01-09,9호선2~3단계,석촌고분,2762,2812,5574,-50,1,9,일
2022-01-09,9호선2~3단계,석촌,4468,3915,8383,553,1,9,일
2022-01-09,9호선2~3단계,송파나루,2968,3216,6184,-248,1,9,일
2022-01-09,9호선2~3단계,한성백제,1203,1131,2334,72,1,9,일
2022-01-09,9호선2~3단계,올림픽공원(한국체대),4372,4281,8653,91,1,9,일
2022-01-09,9호선2~3단계,둔촌오륜,433,454,887,-21,1,9,일
2022-01-09,9호선2~3단계,중앙보훈병원,2981,2858,5839,123,1,9,일
2022-01-09,경강선,판교,2485,2385,4870,100,1,9,일
2022-01-09,경강선,이매,593,393,986,200,1,9,일
2022-01-09,경강선,삼동,961,932,1893,29,1,9,일
2022-01-09,경강선,경기광주,3637,3541,7178,96,1,9,일
2022-01-09,경강선,초월,1408,1483,2891,-75,1,9,일
2022-01-09,경강선,곤지암,1414,1369,2783,45,1,9,일
2022-01-09,경강선,신둔도예촌,787,760,1547,27,1,9,일
2022-01-09,경강선,이천,1841,2034,3875,-193,1,9,일
2022-01-09,경강선,부발,1472,2087,3559,-615,1,9,일
2022-01-09,경강선,세종대왕릉,210,214,424,-4,1,9,일
2022-01-09,경강선,여주,1678,1528,3206,150,1,9,일
2022-01-09,경부선,서울역,6199,1467,7666,4732,1,9,일
2022-01-09,경부선,남영,3940,4185,8125,-245,1,9,일
2022-01-09,경부선,용산,27261,24176,51437,3085,1,9,일
2022-01-09,경부선,노량진,5335,5036,10371,299,1,9,일
2022-01-09,경부선,대방,5158,5498,10656,-340,1,9,일
2022-01-09,경부선,영등포,30086,28828,58914,1258,1,9,일
2022-01-09,경부선,신도림,1982,1989,3971,-7,1,9,일
2022-01-09,경부선,신길,4097,3677,7774,420,1,9,일
2022-01-09,경부선,구로,8679,8791,17470,-112,1,9,일
2022-01-09,경부선,가산디지털단지,4089,5640,9729,-1551,1,9,일
2022-01-09,경부선,금천구청,5673,5582,11255,91,1,9,일
2022-01-09,경부선,석수,4557,4488,9045,69,1,9,일
2022-01-09,경부선,관악,4210,3921,8131,289,1,9,일
2022-01-09,경부선,안양,12110,11836,23946,274,1,9,일
2022-01-09,경부선,명학,2880,2838,5718,42,1,9,일
2022-01-09,경부선,금정,12258,12800,25058,-542,1,9,일
2022-01-09,경부선,군포,2711,2572,5283,139,1,9,일
2022-01-10,경의선,가좌,5202,5081,10283,121,1,10,월
2022-01-10,경의선,홍대입구,1590,1837,3427,-247,1,10,월
2022-01-10,경의선,서강대,2066,1995,4061,71,1,10,월
2022-01-10,경의선,공덕,3435,2992,6427,443,1,10,월
2022-01-10,경의선,효창공원앞,2833,3315,6148,-482,1,10,월
2022-01-10,경의선,신촌,822,1025,1847,-203,1,10,월
2022-01-10,경의선,서울역,4265,5251,9516,-986,1,10,월
2022-01-10,경원선,소요산,2347,1954,4301,393,1,10,월
2022-01-10,경원선,동두천,1941,2213,4154,-272,1,10,월
2022-01-10,경원선,보산,1408,1192,2600,216,1,10,월
2022-01-10,경원선,동두천중앙,3041,2937,5978,104,1,10,월
2022-01-10,경원선,지행,6141,5992,12133,149,1,10,월
2022-01-10,경원선,덕정,5012,4964,9976,48,1,10,월
2022-01-10,경원선,덕계,2904,2625,5529,279,1,10,월
2022-01-10,경원선,양주,6997,6562,13559,435,1,10,월
2022-01-10,경원선,녹양,4396,4184,8580,212,1,10,월
2022-01-10,경원선,가능,6183,5962,12145,221,1,10,월
2022-01-10,경원선,의정부,17237,17556,34793,-319,1,10,월
2022-01-10,경원선,회룡,12029,11806,23835,223,1,10,월
2022-01-10,경원선,망월사,6857,7232,14089,-375,1,10,월
2022-01-10,경원선,도봉산,6886,4327,11213,2559,1,10,월
2022-01-10,경원선,도봉,5764,5640,11404,124,1,10,월
2022-01-10,경원선,방학,9386,9116,18502,270,1,10,월
2022-01-10,경원선,녹천,4479,3824,8303,655,1,10,월
2022-01-10,경원선,월계,5992,5638,11630,354,1,10,월
2022-01-10,경원선,광운대,7111,6939,14050,172,1,10,월
2022-01-10,경원선,석계,7700,8841,16541,-1141,1,10,월
2022-01-10,경원선,신이문,8072,7650,15722,422,1,10,월
2022-01-10,경원선,외대앞,6850,6920,13770,-70,1,10,월
2022-01-10,경원선,청량리(서울시립대입구),13861,14152,28013,-291,1,10,월
2022-01-10,경원선,왕십리(성동구청),12599,14189,26788,-1590,1,10,월
2022-01-10,경원선,응봉,1808,1548,3356,260,1,10,월
2022-01-10,경원선,옥수,37,34,71,3,1,10,월
2022-01-10,경원선,한남,4011,3811,7822,200,1,10,월
2022-01-10,경원선,서빙고,1792,1652,3444,140,1,10,월
2022-01-10,경원선,이촌(국립중앙박물관),3572,2729,6301,843,1,10,월
2022-01-10,경부선,광명,3383,2771,6154,612,1,10,월
2022-01-10,경부선,서동탄,1361,1172,2533,189,1,10,월
2022-01-10,경부선,당정,5884,5641,11525,243,1,10,월
2022-01-10,경부선,천안,4372,4446,8818,-74,1,10,월
2022-01-10,경부선,두정,4368,4412,8780,-44,1,10,월
2022-01-10,경부선,직산,721,668,1389,53,1,10,월
2022-01-10,경부선,성환,2750,2917,5667,-167,1,10,월
2022-01-10,경부선,평택,10411,10347,20758,64,1,10,월
2022-01-10,경부선,평택지제,3263,3128,6391,135,1,10,월
2022-01-10,경부선,서정리,6118,5958,12076,160,1,10,월
2022-01-10,경부선,송탄,3880,3786,7666,94,1,10,월
2022-01-10,경부선,진위,1598,1339,2937,259,1,10,월
2022-01-10,경부선,오산,9170,9147,18317,23,1,10,월
2022-01-10,경부선,오산대,3089,2918,6007,171,1,10,월
2022-01-10,경부선,세마,2690,2537,5227,153,1,10,월
2022-01-10,경부선,병점,13363,13229,26592,134,1,10,월
2022-01-10,경부선,세류,2846,2496,5342,350,1,10,월
2022-01-10,경부선,독산,18621,19472,38093,-851,1,10,월
2022-01-10,경부선,수원,30666,32373,63039,-1707,1,10,월
2022-01-10,경부선,화서,7543,7251,14794,292,1,10,월
2022-01-10,경부선,성균관대,13088,13114,26202,-26,1,10,월
2022-01-10,경부선,의왕,8899,9007,17906,-108,1,10,월
2022-01-10,경부선,군포,7643,7735,15378,-92,1,10,월
2022-01-10,경부선,금정,25975,26520,52495,-545,1,10,월
2022-01-10,경부선,명학,8834,8729,17563,105,1,10,월
2022-01-10,경부선,안양,20255,20263,40518,-8,1,10,월
2022-01-10,경부선,관악,6882,6452,13334,430,1,10,월
2022-01-10,경부선,석수,9473,8456,17929,1017,1,10,월
2022-01-10,경부선,금천구청,11565,11486,23051,79,1,10,월
2022-01-10,경부선,가산디지털단지,18655,21484,40139,-2829,1,10,월
2022-01-10,경부선,구로,17933,17878,35811,55,1,10,월
2022-01-10,경부선,신길,8768,7533,16301,1235,1,10,월
2022-01-10,경부선,신도림,4087,3877,7964,210,1,10,월
2022-01-10,경부선,영등포,34969,35825,70794,-856,1,10,월
2022-01-10,경부선,대방,12539,13057,25596,-518,1,10,월
2022-01-10,경부선,노량진,7929,8005,15934,-76,1,10,월
2022-01-10,경부선,용산,30973,31208,62181,-235,1,10,월
2022-01-10,경부선,남영,8608,8985,17593,-377,1,10,월
2022-01-10,경부선,서울역,5709,1922,7631,3787,1,10,월
2022-01-10,경강선,여주,1887,1844,3731,43,1,10,월
2022-01-10,경강선,세종대왕릉,304,291,595,13,1,10,월
2022-01-10,경강선,부발,1916,1976,3892,-60,1,10,월
2022-01-10,경강선,이천,2381,2534,4915,-153,1,10,월
2022-01-10,경강선,신둔도예촌,1279,1235,2514,44,1,10,월
2022-01-10,경강선,곤지암,2133,2163,4296,-30,1,10,월
2022-01-10,경강선,초월,3005,2980,5985,25,1,10,월
2022-01-10,경강선,경기광주,7594,7295,14889,299,1,10,월
2022-01-10,경강선,삼동,2329,2229,4558,100,1,10,월
2022-01-10,경강선,이매,1033,849,1882,184,1,10,월
2022-01-10,경강선,판교,4722,4561,9283,161,1,10,월
2022-01-10,9호선2~3단계,중앙보훈병원,10821,9571,20392,1250,1,10,월
2022-01-10,9호선2~3단계,둔촌오륜,917,932,1849,-15,1,10,월
2022-01-10,9호선2~3단계,올림픽공원(한국체대),5641,5611,11252,30,1,10,월
2022-01-10,9호선2~3단계,한성백제,2487,2327,4814,160,1,10,월
2022-01-10,9호선2~3단계,송파나루,4822,5119,9941,-297,1,10,월
2022-01-10,9호선2~3단계,석촌,8211,7369,15580,842,1,10,월
2022-01-10,9호선2~3단계,석촌고분,6002,5935,11937,67,1,10,월
2022-01-10,9호선2~3단계,삼전,6970,6811,13781,159,1,10,월
2022-01-10,9호선2~3단계,종합운동장,3991,4086,8077,-95,1,10,월
2022-01-10,9호선2~3단계,봉은사,15452,15673,31125,-221,1,10,월
2022-01-10,9호선2~3단계,삼성중앙,6755,7213,13968,-458,1,10,월
2022-01-10,9호선2~3단계,선정릉,9795,10536,20331,-741,1,10,월
2022-01-10,9호선2~3단계,언주,10858,11277,22135,-419,1,10,월
2022-01-10,9호선,신논현,32094,31321,63415,773,1,10,월
2022-01-10,9호선,사평,3393,3335,6728,58,1,10,월
2022-01-10,9호선,고속터미널,11095,14222,25317,-3127,1,10,월
2022-01-10,9호선,신반포,3104,3054,6158,50,1,10,월
2022-01-10,9호선,구반포,1429,1522,2951,-93,1,10,월
2022-01-10,9호선,동작(현충원),1666,1386,3052,280,1,10,월
2022-01-10,9호선,흑석(중앙대입구),7649,7979,15628,-330,1,10,월
2022-01-10,9호선,노들,4252,3690,7942,562,1,10,월
2022-01-10,9호선,노량진,25665,25115,50780,550,1,10,월
2022-01-10,9호선,샛강,5897,6207,12104,-310,1,10,월
2022-01-10,9호선,여의도,27796,26561,54357,1235,1,10,월
2022-01-10,9호선,국회의사당,16879,17166,34045,-287,1,10,월
2022-01-10,9호선,당산,17601,17703,35304,-102,1,10,월
2022-01-10,9호선,선유도,8884,8566,17450,318,1,10,월
2022-01-10,9호선,신목동,4033,3643,7676,390,1,10,월
2022-01-10,9호선,염창,16890,16702,33592,188,1,10,월
2022-01-10,9호선,등촌,11304,11323,22627,-19,1,10,월
2022-01-10,9호선,증미,7367,7398,14765,-31,1,10,월
2022-01-10,9호선,가양,20056,19770,39826,286,1,10,월
2022-01-10,9호선,양천향교,9461,9689,19150,-228,1,10,월
2022-01-10,9호선,마곡나루(서울식물원),11536,11537,23073,-1,1,10,월
2022-01-10,9호선,신방화,6544,6380,12924,164,1,10,월
2022-01-10,9호선,공항시장,2808,3147,5955,-339,1,10,월
2022-01-10,9호선,김포공항,7019,10677,17696,-3658,1,10,월
2022-01-10,9호선,개화,2479,1728,4207,751,1,10,월
2022-01-10,8호선,남위례,3457,3858,7315,-401,1,10,월
2022-01-10,8호선,모란,4214,3239,7453,975,1,10,월
2022-01-10,8호선,수진,5155,4707,9862,448,1,10,월
2022-01-10,수인선,호구포,3888,4112,8000,-224,1,10,월
2022-01-10,8호선,신흥,4157,4526,8683,-369,1,10,월
2022-01-10,8호선,단대오거리,10126,10040,20166,86,1,10,월
2022-01-10,8호선,남한산성입구(성남법원.검찰청),13205,12199,25404,1006,1,10,월
2022-01-10,8호선,산성,5055,5195,10250,-140,1,10,월
2022-01-10,8호선,복정,9180,7809,16989,1371,1,10,월
2022-01-10,8호선,장지,16458,16100,32558,358,1,10,월
2022-01-10,8호선,문정,22817,24018,46835,-1201,1,10,월
2022-01-10,8호선,가락시장,7613,8449,16062,-836,1,10,월
2022-01-10,8호선,송파,7326,7379,14705,-53,1,10,월
2022-01-10,8호선,석촌,7655,8722,16377,-1067,1,10,월
2022-01-10,8호선,잠실(송파구청),13458,15694,29152,-2236,1,10,월
2022-01-10,8호선,몽촌토성(평화의문),5967,6006,11973,-39,1,10,월
2022-01-10,8호선,강동구청,10420,10850,21270,-430,1,10,월
2022-01-10,8호선,천호(풍납토성),14382,16325,30707,-1943,1,10,월
2022-01-10,8호선,암사,18677,16841,35518,1836,1,10,월
2022-01-10,7호선,부평구청,1,0,1,1,1,10,월
2022-01-10,7호선,삼산체육관,1,0,1,1,1,10,월
2022-01-10,7호선,상동,1,0,1,1,1,10,월
2022-01-10,7호선,부천시청,1,0,1,1,1,10,월
2022-01-10,7호선,온수(성공회대입구),10223,9404,19627,819,1,10,월
2022-01-10,7호선,천왕,11313,10865,22178,448,1,10,월
2022-01-10,7호선,광명사거리,21793,21572,43365,221,1,10,월
2022-01-10,7호선,철산,21065,21346,42411,-281,1,10,월
2022-01-10,7호선,가산디지털단지,48208,48064,96272,144,1,10,월
2022-01-10,7호선,남구로,16629,17343,33972,-714,1,10,월
2022-01-10,7호선,대림(구로구청),7793,7703,15496,90,1,10,월
2022-01-10,7호선,신풍,11132,10663,21795,469,1,10,월
2022-01-10,7호선,보라매,9933,9976,19909,-43,1,10,월
2022-01-10,7호선,신대방삼거리,16212,15902,32114,310,1,10,월
2022-01-10,7호선,장승배기,8982,9005,17987,-23,1,10,월
2022-01-10,7호선,상도,10354,10297,20651,57,1,10,월
2022-01-10,7호선,숭실대입구(살피재),11262,11591,22853,-329,1,10,월
2022-01-10,7호선,남성,10523,10049,20572,474,1,10,월
2022-01-10,7호선,이수,14984,14592,29576,392,1,10,월
2022-01-10,7호선,내방,14624,14817,29441,-193,1,10,월
2022-01-10,7호선,고속터미널,15207,12340,27547,2867,1,10,월
2022-01-10,7호선,반포,5600,5510,11110,90,1,10,월
2022-01-10,7호선,논현,20827,22581,43408,-1754,1,10,월
2022-01-10,7호선,학동,25058,26385,51443,-1327,1,10,월
2022-01-10,7호선,강남구청,16244,17576,33820,-1332,1,10,월
2022-01-10,7호선,청담,19350,21348,40698,-1998,1,10,월
2022-01-10,7호선,뚝섬유원지,6962,6742,13704,220,1,10,월
2022-01-10,7호선,건대입구,11734,12339,24073,-605,1,10,월
2022-01-10,7호선,어린이대공원(세종대),11770,11519,23289,251,1,10,월
2022-01-10,7호선,군자(능동),14521,12073,26594,2448,1,10,월
2022-01-10,7호선,중곡,10517,9941,20458,576,1,10,월
2022-01-10,7호선,용마산(용마폭포공원),5861,5843,11704,18,1,10,월
2022-01-10,7호선,사가정,15533,15786,31319,-253,1,10,월
2022-01-10,7호선,면목,15072,14704,29776,368,1,10,월
2022-01-10,7호선,상봉(시외버스터미널),16544,15478,32022,1066,1,10,월
2022-01-10,7호선,중화,10501,10336,20837,165,1,10,월
2022-01-10,7호선,먹골,9742,9700,19442,42,1,10,월
2022-01-10,7호선,태릉입구,7865,7508,15373,357,1,10,월
2022-01-10,7호선,공릉(서울과학기술대),11177,11140,22317,37,1,10,월
2022-01-10,7호선,하계,16366,15511,31877,855,1,10,월
2022-01-10,7호선,중계,13606,12621,26227,985,1,10,월
2022-01-10,7호선,노원,19209,19874,39083,-665,1,10,월
2022-01-10,7호선,마들,12347,11876,24223,471,1,10,월
2022-01-10,7호선,수락산,11840,11789,23629,51,1,10,월
2022-01-10,7호선,도봉산,8659,9949,18608,-1290,1,10,월
2022-01-10,7호선,장암,2153,775,2928,1378,1,10,월
2022-01-10,6호선,봉화산(서울의료원),8823,8311,17134,512,1,10,월
2022-01-10,6호선,화랑대(서울여대입구),11252,8771,20023,2481,1,10,월
2022-01-10,6호선,태릉입구,5186,5728,10914,-542,1,10,월
2022-01-10,6호선,석계,11605,12156,23761,-551,1,10,월
2022-01-10,6호선,돌곶이,9207,8827,18034,380,1,10,월
2022-01-10,6호선,상월곡(한국과학기술연구원),6069,5396,11465,673,1,10,월
2022-01-10,6호선,월곡(동덕여대),11091,11068,22159,23,1,10,월
2022-01-10,6호선,고려대(종암),7195,7057,14252,138,1,10,월
2022-01-10,6호선,안암(고대병원앞),9346,9518,18864,-172,1,10,월
2022-01-10,6호선,보문,6862,6360,13222,502,1,10,월
2022-01-10,6호선,창신,3516,2945,6461,571,1,10,월
2022-01-10,6호선,동묘앞,7491,7575,15066,-84,1,10,월
2022-01-10,6호선,신당,7269,7785,15054,-516,1,10,월
2022-01-10,6호선,청구,3558,3873,7431,-315,1,10,월
2022-01-10,6호선,약수,3409,3395,6804,14,1,10,월
2022-01-10,6호선,버티고개,1922,1995,3917,-73,1,10,월
2022-01-10,6호선,한강진,7129,7984,15113,-855,1,10,월
2022-01-10,6호선,이태원,8466,8509,16975,-43,1,10,월
2022-01-10,6호선,녹사평(용산구청),4140,4039,8179,101,1,10,월
2022-01-10,6호선,삼각지,5560,5015,10575,545,1,10,월
2022-01-10,6호선,효창공원앞,6875,6250,13125,625,1,10,월
2022-01-10,6호선,독바위,2578,2696,5274,-118,1,10,월
2022-01-10,6호선,불광,3813,3877,7690,-64,1,10,월
2022-01-10,6호선,월드컵경기장(성산),3525,3789,7314,-264,1,10,월
2022-01-10,6호선,디지털미디어시티,13666,14916,28582,-1250,1,10,월
2022-01-10,6호선,증산(명지대앞),9923,9938,19861,-15,1,10,월
2022-01-10,6호선,새절(신사),12195,11534,23729,661,1,10,월
2022-01-10,6호선,역촌,3775,4502,8277,-727,1,10,월
2022-01-10,6호선,구산,7409,5741,13150,1668,1,10,월
2022-01-10,6호선,연신내,2,0,2,2,1,10,월
2022-01-10,장항선,신창(순천향대),889,955,1844,-66,1,10,월
2022-01-10,장항선,온양온천,3188,3266,6454,-78,1,10,월
2022-01-10,장항선,배방,920,835,1755,85,1,10,월
2022-01-10,장항선,탕정,339,314,653,25,1,10,월
2022-01-10,장항선,아산,2558,2336,4894,222,1,10,월
2022-01-10,장항선,쌍용(나사렛대),1729,1607,3336,122,1,10,월
2022-01-10,장항선,봉명,1110,1073,2183,37,1,10,월
2022-01-10,일산선,대화,12342,9776,22118,2566,1,10,월
2022-01-10,일산선,주엽,8819,8663,17482,156,1,10,월
2022-01-10,일산선,정발산,6935,6819,13754,116,1,10,월
2022-01-10,일산선,마두,7327,7521,14848,-194,1,10,월
2022-01-10,일산선,백석,9550,9700,19250,-150,1,10,월
2022-01-10,일산선,대곡,1843,1457,3300,386,1,10,월
2022-01-10,일산선,화정,16362,16813,33175,-451,1,10,월
2022-01-10,일산선,원당,10802,10208,21010,594,1,10,월
2022-01-10,일산선,삼송,18695,18313,37008,382,1,10,월
2022-01-10,일산선,지축,1,0,1,1,1,10,월
2022-01-10,일산선,원흥,10196,9817,20013,379,1,10,월
2022-01-10,6호선,공덕,17894,17401,35295,493,1,10,월
2022-01-10,3호선,충무로,1,0,1,1,1,10,월
2022-01-10,우이신설선,신설동,2080,1976,4056,104,1,10,월
2022-01-10,6호선,응암,16873,17008,33881,-135,1,10,월
2022-01-10,5호선,하남검단산,5193,5078,10271,115,1,10,월
2022-01-10,5호선,하남시청(덕풍·신장),6226,5961,12187,265,1,10,월
2022-01-10,5호선,하남풍산,4161,4118,8279,43,1,10,월
2022-01-10,5호선,미사,15698,15670,31368,28,1,10,월
2022-01-10,5호선,강일,3810,3759,7569,51,1,10,월
2022-01-10,5호선,마천,6663,6504,13167,159,1,10,월
2022-01-10,5호선,거여,9051,8672,17723,379,1,10,월
2022-01-10,5호선,개롱,6197,6562,12759,-365,1,10,월
2022-01-10,5호선,오금,3723,3582,7305,141,1,10,월
2022-01-10,5호선,방이,6988,7292,14280,-304,1,10,월
2022-01-10,5호선,올림픽공원(한국체대),3932,3451,7383,481,1,10,월
2022-01-10,5호선,둔촌동,8483,8586,17069,-103,1,10,월
2022-01-10,5호선,상일동,15389,14244,29633,1145,1,10,월
2022-01-10,5호선,고덕,9081,9281,18362,-200,1,10,월
2022-01-10,5호선,명일,8292,8569,16861,-277,1,10,월
2022-01-10,5호선,굽은다리(강동구민회관앞),9324,8898,18222,426,1,10,월
2022-01-10,5호선,길동,7953,8369,16322,-416,1,10,월
2022-01-10,5호선,강동,18284,17645,35929,639,1,10,월
2022-01-10,5호선,천호(풍납토성),17159,17038,34197,121,1,10,월
2022-01-10,5호선,광나루(장신대),12518,11391,23909,1127,1,10,월
2022-01-10,5호선,아차산(어린이대공원후문),13346,13012,26358,334,1,10,월
2022-01-10,5호선,군자(능동),10709,11651,22360,-942,1,10,월
2022-01-10,5호선,장한평,18452,18379,36831,73,1,10,월
2022-01-10,5호선,답십리,15683,14554,30237,1129,1,10,월
2022-01-10,5호선,마장,5517,5227,10744,290,1,10,월
2022-01-10,5호선,왕십리(성동구청),4475,4913,9388,-438,1,10,월
2022-01-10,5호선,행당,7876,7197,15073,679,1,10,월
2022-01-10,5호선,신금호,6116,6402,12518,-286,1,10,월
2022-01-10,5호선,청구,3884,3497,7381,387,1,10,월
2022-01-10,5호선,동대문역사문화공원(DDP),2996,3442,6438,-446,1,10,월
2022-01-10,5호선,을지로4가,6241,6342,12583,-101,1,10,월
2022-01-10,5호선,종로3가,11706,11332,23038,374,1,10,월
2022-01-10,5호선,광화문(세종문화회관),28874,29750,58624,-876,1,10,월
2022-01-10,5호선,서대문,19254,19591,38845,-337,1,10,월
2022-01-10,5호선,충정로(경기대입구),4669,4729,9398,-60,1,10,월
2022-01-10,5호선,애오개,6652,6728,13380,-76,1,10,월
2022-01-10,5호선,공덕,13620,14384,28004,-764,1,10,월
2022-01-10,5호선,마포,14326,14681,29007,-355,1,10,월
2022-01-10,5호선,여의나루,8742,9654,18396,-912,1,10,월
2022-01-10,5호선,여의도,29510,30333,59843,-823,1,10,월
2022-01-10,5호선,신길,3979,4439,8418,-460,1,10,월
2022-01-10,5호선,영등포시장,9963,10233,20196,-270,1,10,월
2022-01-10,5호선,영등포구청,3929,4035,7964,-106,1,10,월
2022-01-10,5호선,양평,7714,7692,15406,22,1,10,월
2022-01-10,5호선,오목교(목동운동장앞),21328,22581,43909,-1253,1,10,월
2022-01-10,5호선,목동,16466,18105,34571,-1639,1,10,월
2022-01-10,5호선,신정(은행정),13684,11106,24790,2578,1,10,월
2022-01-10,5호선,까치산,28254,27659,55913,595,1,10,월
2022-01-10,5호선,화곡,27580,26268,53848,1312,1,10,월
2022-01-10,5호선,우장산,13886,13842,27728,44,1,10,월
2022-01-10,5호선,발산,19862,20052,39914,-190,1,10,월
2022-01-10,5호선,마곡,11007,10684,21691,323,1,10,월
2022-01-10,5호선,송정,6420,6007,12427,413,1,10,월
2022-01-10,5호선,김포공항,6944,7039,13983,-95,1,10,월
2022-01-10,5호선,개화산,5394,5223,10617,171,1,10,월
2022-01-10,5호선,방화,6381,6175,12556,206,1,10,월
2022-01-10,4호선,쌍문,28398,26224,54622,2174,1,10,월
2022-01-10,4호선,창동,24164,25627,49791,-1463,1,10,월
2022-01-10,4호선,노원,17808,19723,37531,-1915,1,10,월
2022-01-10,4호선,상계,18546,17457,36003,1089,1,10,월
2022-01-10,4호선,당고개,12298,11092,23390,1206,1,10,월
2022-01-10,4호선,남태령,1069,972,2041,97,1,10,월
2022-01-10,4호선,사당,23239,18896,42135,4343,1,10,월
2022-01-10,4호선,총신대입구(이수),17661,19314,36975,-1653,1,10,월
2022-01-10,4호선,동작(현충원),1246,1385,2631,-139,1,10,월
2022-01-10,4호선,이촌(국립중앙박물관),6609,7322,13931,-713,1,10,월
2022-01-10,4호선,신용산,15883,16722,32605,-839,1,10,월
2022-01-10,4호선,삼각지,4561,4865,9426,-304,1,10,월
2022-01-10,4호선,숙대입구(갈월),11764,11630,23394,134,1,10,월
2022-01-10,4호선,서울역,10949,15215,26164,-4266,1,10,월
2022-01-10,4호선,회현(남대문시장),22980,24325,47305,-1345,1,10,월
2022-01-10,4호선,명동,17182,17514,34696,-332,1,10,월
2022-01-10,4호선,충무로,25129,25945,51074,-816,1,10,월
2022-01-10,4호선,동대문역사문화공원(DDP),13951,12696,26647,1255,1,10,월
2022-01-10,4호선,동대문,18743,19438,38181,-695,1,10,월
2022-01-10,4호선,혜화,28140,28097,56237,43,1,10,월
2022-01-10,4호선,한성대입구(삼선교),12170,11867,24037,303,1,10,월
2022-01-10,4호선,성신여대입구(돈암),18591,18222,36813,369,1,10,월
2022-01-10,4호선,길음,19385,19094,38479,291,1,10,월
2022-01-10,4호선,미아사거리,26067,25171,51238,896,1,10,월
2022-01-10,4호선,미아(서울사이버대학),14023,13805,27828,218,1,10,월
2022-01-10,4호선,수유(강북구청),32100,32556,64656,-456,1,10,월
2022-01-10,3호선,오금,6128,5472,11600,656,1,10,월
2022-01-10,3호선,경찰병원,7425,7562,14987,-137,1,10,월
2022-01-10,3호선,가락시장,8878,8659,17537,219,1,10,월
2022-01-10,3호선,수서,16372,17016,33388,-644,1,10,월
2022-01-10,3호선,일원,9804,9618,19422,186,1,10,월
2022-01-10,3호선,대청,9733,9358,19091,375,1,10,월
2022-01-10,3호선,학여울,1694,1736,3430,-42,1,10,월
2022-01-10,3호선,대치,11559,11336,22895,223,1,10,월
2022-01-10,3호선,도곡,5216,5351,10567,-135,1,10,월
2022-01-10,3호선,매봉,12575,12067,24642,508,1,10,월
2022-01-10,3호선,양재(서초구청),38083,41211,79294,-3128,1,10,월
2022-01-10,3호선,남부터미널(예술의전당),28230,28749,56979,-519,1,10,월
2022-01-10,3호선,교대(법원.검찰청),13937,9100,23037,4837,1,10,월
2022-01-10,3호선,고속터미널,36650,34476,71126,2174,1,10,월
2022-01-10,3호선,잠원,4591,4492,9083,99,1,10,월
2022-01-10,3호선,신사,31412,32526,63938,-1114,1,10,월
2022-01-10,3호선,압구정,31950,33776,65726,-1826,1,10,월
2022-01-10,3호선,옥수,8245,8920,17165,-675,1,10,월
2022-01-10,3호선,금호,7655,7319,14974,336,1,10,월
2022-01-10,3호선,약수,12167,12005,24172,162,1,10,월
2022-01-10,3호선,동대입구,6678,6842,13520,-164,1,10,월
2022-01-10,3호선,을지로3가,10439,10565,21004,-126,1,10,월
2022-01-10,3호선,종로3가,10005,11436,21441,-1431,1,10,월
2022-01-10,3호선,안국,18375,18721,37096,-346,1,10,월
2022-01-10,3호선,경복궁(정부서울청사),17897,17542,35439,355,1,10,월
2022-01-10,3호선,독립문,6256,6473,12729,-217,1,10,월
2022-01-10,3호선,무악재,3685,3870,7555,-185,1,10,월
2022-01-10,3호선,홍제,16232,15708,31940,524,1,10,월
2022-01-10,3호선,녹번,14962,13855,28817,1107,1,10,월
2022-01-10,3호선,불광,15380,16450,31830,-1070,1,10,월
2022-01-10,3호선,연신내,34816,33286,68102,1530,1,10,월
2022-01-10,3호선,구파발,20115,18891,39006,1224,1,10,월
2022-01-10,3호선,지축,4435,4330,8765,105,1,10,월
2022-01-10,2호선,용두(동대문구청),2335,2423,4758,-88,1,10,월
2022-01-10,2호선,신정네거리,10033,10417,20450,-384,1,10,월
2022-01-10,2호선,양천구청,6670,7054,13724,-384,1,10,월
2022-01-10,2호선,도림천,1389,1461,2850,-72,1,10,월
2022-01-10,2호선,신설동,3143,3238,6381,-95,1,10,월
2022-01-10,2호선,신답,1647,1907,3554,-260,1,10,월
2022-01-10,2호선,용답,2527,2617,5144,-90,1,10,월
2022-01-10,2호선,충정로(경기대입구),9610,10025,19635,-415,1,10,월
2022-01-10,2호선,이대,11878,12798,24676,-920,1,10,월
2022-01-10,2호선,신촌,30818,31574,62392,-756,1,10,월
2022-01-10,2호선,홍대입구,49806,50788,100594,-982,1,10,월
2022-01-10,2호선,합정,29018,29899,58917,-881,1,10,월
2022-01-10,2호선,당산,17617,20631,38248,-3014,1,10,월
2022-01-10,2호선,영등포구청,22973,23544,46517,-571,1,10,월
2022-01-10,2호선,문래,21304,21584,42888,-280,1,10,월
2022-01-10,2호선,신도림,44858,44104,88962,754,1,10,월
2022-01-10,2호선,대림(구로구청),23362,23746,47108,-384,1,10,월
2022-01-10,2호선,구로디지털단지,59721,60233,119954,-512,1,10,월
2022-01-10,2호선,신대방,25638,25207,50845,431,1,10,월
2022-01-10,2호선,신림,60732,57854,118586,2878,1,10,월
2022-01-10,2호선,봉천,23478,22286,45764,1192,1,10,월
2022-01-10,2호선,서울대입구(관악구청),45273,45262,90535,11,1,10,월
2022-01-10,2호선,낙성대(강감찬),25884,25552,51436,332,1,10,월
2022-01-10,2호선,사당,34247,37503,71750,-3256,1,10,월
2022-01-10,2호선,방배,15813,16478,32291,-665,1,10,월
2022-01-10,2호선,서초,20922,20208,41130,714,1,10,월
2022-01-10,2호선,교대(법원.검찰청),33745,37667,71412,-3922,1,10,월
2022-01-10,2호선,강남,86972,84796,171768,2176,1,10,월
2022-01-10,2호선,역삼,54281,60073,114354,-5792,1,10,월
2022-01-10,2호선,선릉,58395,51412,109807,6983,1,10,월
2022-01-10,2호선,삼성(무역센터),50835,51226,102061,-391,1,10,월
2022-01-10,2호선,종합운동장,6766,7430,14196,-664,1,10,월
2022-01-10,2호선,잠실새내,20365,20491,40856,-126,1,10,월
2022-01-10,2호선,잠실(송파구청),64779,64626,129405,153,1,10,월
2022-01-10,2호선,잠실나루,14176,13873,28049,303,1,10,월
2022-01-10,2호선,강변(동서울터미널),28965,27517,56482,1448,1,10,월
2022-01-10,2호선,구의(광진구청),23013,23157,46170,-144,1,10,월
2022-01-10,2호선,건대입구,32965,34829,67794,-1864,1,10,월
2022-01-10,2호선,성수,36921,39531,76452,-2610,1,10,월
2022-01-10,2호선,뚝섬,20742,22246,42988,-1504,1,10,월
2022-01-10,2호선,한양대,6502,6873,13375,-371,1,10,월
2022-01-10,2호선,왕십리(성동구청),14365,12333,26698,2032,1,10,월
2022-01-10,2호선,상왕십리,13596,13349,26945,247,1,10,월
2022-01-10,2호선,신당,13102,13557,26659,-455,1,10,월
2022-01-10,2호선,동대문역사문화공원(DDP),10729,11951,22680,-1222,1,10,월
2022-01-10,2호선,을지로4가,12898,12759,25657,139,1,10,월
2022-01-10,2호선,을지로3가,21930,21833,43763,97,1,10,월
2022-01-10,2호선,을지로입구,37862,38295,76157,-433,1,10,월
2022-01-10,2호선,시청,22481,21847,44328,634,1,10,월
2022-01-10,1호선,청량리(서울시립대입구),19105,19182,38287,-77,1,10,월
2022-01-10,1호선,제기동,17374,17838,35212,-464,1,10,월
2022-01-10,1호선,신설동,13445,13034,26479,411,1,10,월
2022-01-10,1호선,동대문,10169,9667,19836,502,1,10,월
2022-01-10,1호선,종로5가,21434,21249,42683,185,1,10,월
2022-01-10,1호선,종로3가,24887,22972,47859,1915,1,10,월
2022-01-10,1호선,종각,34149,32860,67009,1289,1,10,월
2022-01-10,1호선,시청,20759,20958,41717,-199,1,10,월
2022-01-10,1호선,동묘앞,6756,7002,13758,-246,1,10,월
2022-01-10,1호선,서울역,41049,39058,80107,1991,1,10,월
2022-01-10,우이신설선,보문,1443,1428,2871,15,1,10,월
2022-01-10,우이신설선,성신여대입구(돈암),3091,3430,6521,-339,1,10,월
2022-01-10,우이신설선,정릉,4401,4057,8458,344,1,10,월
2022-01-10,우이신설선,북한산보국문,5608,5437,11045,171,1,10,월
2022-01-10,우이신설선,솔샘,5676,5404,11080,272,1,10,월
2022-01-10,우이신설선,삼양사거리,2428,2425,4853,3,1,10,월
2022-01-10,우이신설선,삼양,1911,2060,3971,-149,1,10,월
2022-01-10,우이신설선,화계,3221,3063,6284,158,1,10,월
2022-01-10,우이신설선,가오리,3959,3941,7900,18,1,10,월
2022-01-10,우이신설선,4.19민주묘지,2592,2577,5169,15,1,10,월
2022-01-10,우이신설선,솔밭공원,2415,2279,4694,136,1,10,월
2022-01-10,우이신설선,북한산우이,2344,2117,4461,227,1,10,월
2022-01-10,안산선,수리산,3952,3196,7148,756,1,10,월
2022-01-10,안산선,오이도,7849,7582,15431,267,1,10,월
2022-01-10,안산선,정왕,7370,7831,15201,-461,1,10,월
2022-01-10,안산선,신길온천,1715,1560,3275,155,1,10,월
2022-01-10,안산선,안산,11364,10196,21560,1168,1,10,월
2022-01-10,안산선,초지,4415,4480,8895,-65,1,10,월
2022-01-10,안산선,고잔,8545,7860,16405,685,1,10,월
2022-01-10,안산선,중앙,17186,17757,34943,-571,1,10,월
2022-01-10,안산선,한대앞,8450,8373,16823,77,1,10,월
2022-01-10,안산선,상록수,14815,15157,29972,-342,1,10,월
2022-01-10,안산선,반월,4116,3973,8089,143,1,10,월
2022-01-10,안산선,대야미,4736,4308,9044,428,1,10,월
2022-01-10,안산선,산본,15180,16349,31529,-1169,1,10,월
2022-01-10,수인선,인천,963,1595,2558,-632,1,10,월
2022-01-10,수인선,신포,1688,1636,3324,52,1,10,월
2022-01-10,수인선,숭의,3849,3656,7505,193,1,10,월
2022-01-10,수인선,인하대,5367,5078,10445,289,1,10,월
2022-01-10,수인선,송도,2379,2224,4603,155,1,10,월
2022-01-10,수인선,연수,4080,4025,8105,55,1,10,월
2022-01-10,수인선,원인재,4146,4311,8457,-165,1,10,월
2022-01-10,수인선,남동인더스파크,2256,2532,4788,-276,1,10,월
2022-01-10,수인선,인천논현,5271,5484,10755,-213,1,10,월
2022-01-10,수인선,소래포구,4599,4278,8877,321,1,10,월
2022-01-10,수인선,월곶,2390,2300,4690,90,1,10,월
2022-01-10,수인선,달월,104,52,156,52,1,10,월
2022-01-10,수인선,사리,4420,3936,8356,484,1,10,월
2022-01-10,수인선,야목,320,239,559,81,1,10,월
2022-01-10,수인선,어천,690,703,1393,-13,1,10,월
2022-01-10,수인선,오목천,2584,2522,5106,62,1,10,월
2022-01-10,수인선,고색,4495,4175,8670,320,1,10,월
2022-01-10,분당선,매교,2655,2315,4970,340,1,10,월
2022-01-10,분당선,수원시청,12525,13084,25609,-559,1,10,월
2022-01-10,분당선,매탄권선,4713,4587,9300,126,1,10,월
2022-01-10,분당선,망포,14132,13725,27857,407,1,10,월
2022-01-10,분당선,영통,7947,7899,15846,48,1,10,월
2022-01-10,분당선,청명,4097,3977,8074,120,1,10,월
2022-01-10,분당선,상갈,5235,4991,10226,244,1,10,월
2022-01-10,분당선,기흥,9460,9006,18466,454,1,10,월
2022-01-10,분당선,신갈,4636,4587,9223,49,1,10,월
2022-01-10,분당선,구성,5013,5307,10320,-294,1,10,월
2022-01-10,분당선,죽전,12617,13857,26474,-1240,1,10,월
2022-01-10,분당선,보정,2452,2193,4645,259,1,10,월
2022-01-10,분당선,이매,5353,5171,10524,182,1,10,월
2022-01-10,분당선,오리,11682,9619,21301,2063,1,10,월
2022-01-10,분당선,미금,15290,16204,31494,-914,1,10,월
2022-01-10,분당선,정자,17248,18161,35409,-913,1,10,월
2022-01-10,분당선,수내,13328,13199,26527,129,1,10,월
2022-01-10,분당선,서현,24633,25058,49691,-425,1,10,월
2022-01-10,분당선,야탑,24796,25506,50302,-710,1,10,월
2022-01-10,분당선,모란,19349,19403,38752,-54,1,10,월
2022-01-10,분당선,태평,13130,12843,25973,287,1,10,월
2022-01-10,분당선,가천대,6378,7208,13586,-830,1,10,월
2022-01-10,분당선,선정릉,8204,8833,17037,-629,1,10,월
2022-01-10,분당선,강남구청,10005,11471,21476,-1466,1,10,월
2022-01-10,분당선,압구정로데오,17083,18444,35527,-1361,1,10,월
2022-01-10,분당선,서울숲,9988,10074,20062,-86,1,10,월
2022-01-10,분당선,수원,7656,6546,14202,1110,1,10,월
2022-01-10,분당선,수서,13159,13567,26726,-408,1,10,월
2022-01-10,분당선,대모산입구,4309,4019,8328,290,1,10,월
2022-01-10,분당선,개포동,3504,3680,7184,-176,1,10,월
2022-01-10,분당선,구룡,1769,1700,3469,69,1,10,월
2022-01-10,분당선,도곡,6812,6837,13649,-25,1,10,월
2022-01-10,분당선,한티,14408,15575,29983,-1167,1,10,월
2022-01-10,분당선,선릉,13981,20845,34826,-6864,1,10,월
2022-01-10,과천선,범계,24698,24276,48974,422,1,10,월
2022-01-10,과천선,평촌,17800,17635,35435,165,1,10,월
2022-01-10,과천선,인덕원,23249,24400,47649,-1151,1,10,월
2022-01-10,과천선,정부과천청사,10361,10258,20619,103,1,10,월
2022-01-10,과천선,과천,5737,5390,11127,347,1,10,월
2022-01-10,과천선,대공원,1973,2029,4002,-56,1,10,월
2022-01-10,과천선,경마공원,847,837,1684,10,1,10,월
2022-01-10,과천선,선바위,7996,6944,14940,1052,1,10,월
2022-01-10,공항철도 1호선,영종,2921,2883,5804,38,1,10,월
2022-01-10,공항철도 1호선,인천공항2터미널,2206,1969,4175,237,1,10,월
2022-01-10,공항철도 1호선,인천공항1터미널,3571,3847,7418,-276,1,10,월
2022-01-10,공항철도 1호선,공항화물청사,2211,2407,4618,-196,1,10,월
2022-01-10,공항철도 1호선,운서,6476,6377,12853,99,1,10,월
2022-01-10,공항철도 1호선,청라국제도시,6627,6147,12774,480,1,10,월
2022-01-10,공항철도 1호선,검암,6479,6329,12808,150,1,10,월
2022-01-10,공항철도 1호선,계양,9769,9390,19159,379,1,10,월
2022-01-10,공항철도 1호선,김포공항,11790,6943,18733,4847,1,10,월
2022-01-10,공항철도 1호선,마곡나루(서울식물원),8755,8343,17098,412,1,10,월
2022-01-10,공항철도 1호선,디지털미디어시티,14161,12730,26891,1431,1,10,월
2022-01-10,공항철도 1호선,홍대입구,9072,8905,17977,167,1,10,월
2022-01-10,공항철도 1호선,공덕,2142,2776,4918,-634,1,10,월
2022-01-10,공항철도 1호선,서울역,7054,6596,13650,458,1,10,월
2022-01-10,경춘선,춘천,1054,914,1968,140,1,10,월
2022-01-10,경춘선,남춘천,1950,2043,3993,-93,1,10,월
2022-01-10,경춘선,김유정,250,252,502,-2,1,10,월
2022-01-10,경춘선,강촌,334,333,667,1,1,10,월
2022-01-10,경춘선,백양리,278,241,519,37,1,10,월
2022-01-10,경춘선,굴봉산,122,149,271,-27,1,10,월
2022-01-10,경춘선,가평,1315,1309,2624,6,1,10,월
2022-01-10,경춘선,상천,202,171,373,31,1,10,월
2022-01-10,경춘선,청평,1335,1268,2603,67,1,10,월
2022-01-10,경춘선,대성리,374,346,720,28,1,10,월
2022-01-10,경춘선,마석,3616,3523,7139,93,1,10,월
2022-01-10,경춘선,천마산,1618,1473,3091,145,1,10,월
2022-01-10,경춘선,평내호평,6004,5688,11692,316,1,10,월
2022-01-10,경춘선,금곡,1446,1352,2798,94,1,10,월
2022-01-10,경춘선,사릉,3109,2953,6062,156,1,10,월
2022-01-10,경춘선,퇴계원,3547,3236,6783,311,1,10,월
2022-01-10,경춘선,별내,3366,3122,6488,244,1,10,월
2022-01-10,경춘선,갈매,2897,2586,5483,311,1,10,월
2022-01-10,경춘선,신내,1963,1783,3746,180,1,10,월
2022-01-10,경인선,도화,4144,3861,8005,283,1,10,월
2022-01-10,경인선,중동,9149,8630,17779,519,1,10,월
2022-01-10,경인선,온수(성공회대입구),6347,6020,12367,327,1,10,월
2022-01-10,경인선,도원,2582,2646,5228,-64,1,10,월
2022-01-10,경인선,간석,5640,5378,11018,262,1,10,월
2022-01-10,경인선,부개,8278,7806,16084,472,1,10,월
2022-01-10,경인선,소사,8234,7919,16153,315,1,10,월
2022-01-10,경인선,구일,5978,5969,11947,9,1,10,월
2022-01-10,경인선,인천,3157,2375,5532,782,1,10,월
2022-01-10,경인선,동인천,12867,12293,25160,574,1,10,월
2022-01-10,경인선,제물포,9990,9455,19445,535,1,10,월
2022-01-10,경인선,주안,17492,15935,33427,1557,1,10,월
2022-01-10,경인선,동암,14020,13970,27990,50,1,10,월
2022-01-10,경인선,백운,6626,6569,13195,57,1,10,월
2022-01-10,경인선,부평,28139,29370,57509,-1231,1,10,월
2022-01-10,경인선,송내,25624,25469,51093,155,1,10,월
2022-01-10,경인선,부천,31086,31094,62180,-8,1,10,월
2022-01-10,경인선,역곡,26472,26216,52688,256,1,10,월
2022-01-10,경인선,오류동,11623,10988,22611,635,1,10,월
2022-01-10,경인선,개봉,20879,20975,41854,-96,1,10,월
2022-01-10,경의선,임진강,3,3,6,0,1,10,월
2022-01-10,경의선,문산,4810,4733,9543,77,1,10,월
2022-01-10,경의선,파주,934,725,1659,209,1,10,월
2022-01-10,경의선,월롱,2219,2156,4375,63,1,10,월
2022-01-10,경의선,금촌,6090,6121,12211,-31,1,10,월
2022-01-10,경의선,금릉,4620,4377,8997,243,1,10,월
2022-01-10,경의선,운정,6741,6209,12950,532,1,10,월
2022-01-10,경의선,야당,6895,6687,13582,208,1,10,월
2022-01-10,경의선,탄현,7473,7205,14678,268,1,10,월
2022-01-10,경의선,일산,9053,8918,17971,135,1,10,월
2022-01-10,경의선,풍산,5316,4999,10315,317,1,10,월
2022-01-10,경의선,백마,6628,6422,13050,206,1,10,월
2022-01-10,6호선,대흥(서강대앞),7629,7826,15455,-197,1,10,월
2022-01-10,2호선,아현,9578,9292,18870,286,1,10,월
2022-01-10,경의선,곡산,561,590,1151,-29,1,10,월
2022-01-10,분당선,복정,1,0,1,1,1,10,월
2022-01-10,중앙선,오빈,268,240,508,28,1,10,월
2022-01-10,중앙선,양평,2452,2449,4901,3,1,10,월
2022-01-10,중앙선,원덕,350,320,670,30,1,10,월
2022-01-10,중앙선,용문,2644,2620,5264,24,1,10,월
2022-01-10,중앙선,지평,63,59,122,4,1,10,월
2022-01-10,경의선,능곡,3661,3317,6978,344,1,10,월
2022-01-10,경의선,행신,7635,7722,15357,-87,1,10,월
2022-01-10,경의선,강매,3098,2768,5866,330,1,10,월
2022-01-10,6호선,광흥창(서강),8715,8493,17208,222,1,10,월
2022-01-10,중앙선,회기,22421,21863,44284,558,1,10,월
2022-01-10,중앙선,중랑,5348,5092,10440,256,1,10,월
2022-01-10,중앙선,상봉(시외버스터미널),5655,5613,11268,42,1,10,월
2022-01-10,중앙선,망우,7369,7279,14648,90,1,10,월
2022-01-10,중앙선,양원,1892,1884,3776,8,1,10,월
2022-01-10,중앙선,구리,13385,13433,26818,-48,1,10,월
2022-01-10,중앙선,도농,10328,9284,19612,1044,1,10,월
2022-01-10,중앙선,양정,683,604,1287,79,1,10,월
2022-01-10,중앙선,덕소,5494,5474,10968,20,1,10,월
2022-01-10,중앙선,도심,2254,1766,4020,488,1,10,월
2022-01-10,중앙선,팔당,778,781,1559,-3,1,10,월
2022-01-10,중앙선,운길산,562,502,1064,60,1,10,월
2022-01-10,중앙선,양수,1599,1613,3212,-14,1,10,월
2022-01-10,중앙선,신원,182,140,322,42,1,10,월
2022-01-10,중앙선,국수,690,670,1360,20,1,10,월
2022-01-10,중앙선,아신,501,471,972,30,1,10,월
2022-01-10,6호선,상수,7570,8289,15859,-719,1,10,월
2022-01-10,6호선,합정,12073,11762,23835,311,1,10,월
2022-01-10,6호선,망원,12993,14055,27048,-1062,1,10,월
2022-01-10,6호선,마포구청,13727,12650,26377,1077,1,10,월
2022-01-10,경의선,화전,1428,1317,2745,111,1,10,월
2022-01-10,경의선,수색,2725,2843,5568,-118,1,10,월
2022-01-10,경의선,디지털미디어시티,2399,2198,4597,201,1,10,월
2022-01-11,우이신설선,북한산우이,2233,1980,4213,253,1,11,화
2022-01-11,우이신설선,4.19민주묘지,2451,2486,4937,-35,1,11,화
2022-01-11,우이신설선,가오리,3908,3890,7798,18,1,11,화
2022-01-11,우이신설선,화계,3191,3042,6233,149,1,11,화
2022-01-11,우이신설선,삼양,1907,2015,3922,-108,1,11,화
2022-01-11,분당선,보정,2499,2186,4685,313,1,11,화
2022-01-11,분당선,죽전,12763,14012,26775,-1249,1,11,화
2022-01-11,분당선,구성,4968,5364,10332,-396,1,11,화
2022-01-11,분당선,신갈,4532,4505,9037,27,1,11,화
2022-01-11,분당선,기흥,9741,9107,18848,634,1,11,화
2022-01-11,분당선,상갈,5298,5052,10350,246,1,11,화
2022-01-11,분당선,청명,4167,4028,8195,139,1,11,화
2022-01-11,분당선,영통,8226,8198,16424,28,1,11,화
2022-01-11,분당선,망포,14539,13931,28470,608,1,11,화
2022-01-11,분당선,매탄권선,4726,4733,9459,-7,1,11,화
2022-01-11,분당선,수원시청,12688,13398,26086,-710,1,11,화
2022-01-11,분당선,매교,2651,2472,5123,179,1,11,화
2022-01-11,수인선,고색,4600,4263,8863,337,1,11,화
2022-01-11,수인선,오목천,2776,2588,5364,188,1,11,화
2022-01-11,수인선,어천,616,654,1270,-38,1,11,화
2022-01-11,수인선,야목,331,237,568,94,1,11,화
2022-01-11,수인선,사리,4284,3883,8167,401,1,11,화
2022-01-11,수인선,달월,97,64,161,33,1,11,화
2022-01-11,수인선,월곶,2410,2205,4615,205,1,11,화
2022-01-11,수인선,소래포구,4372,4036,8408,336,1,11,화
2022-01-11,수인선,인천논현,5154,5457,10611,-303,1,11,화
2022-01-11,수인선,호구포,3932,4104,8036,-172,1,11,화
2022-01-11,수인선,남동인더스파크,2295,2629,4924,-334,1,11,화
2022-01-11,수인선,원인재,4084,4257,8341,-173,1,11,화
2022-01-11,수인선,연수,3995,3956,7951,39,1,11,화
2022-01-11,수인선,송도,2225,2114,4339,111,1,11,화
2022-01-11,수인선,인하대,5464,5097,10561,367,1,11,화
2022-01-11,수인선,숭의,3708,3576,7284,132,1,11,화
2022-01-11,수인선,신포,1444,1533,2977,-89,1,11,화
2022-01-11,수인선,인천,908,1488,2396,-580,1,11,화
2022-01-11,안산선,산본,15019,16209,31228,-1190,1,11,화
2022-01-11,안산선,대야미,4665,4227,8892,438,1,11,화
2022-01-11,안산선,반월,3957,3729,7686,228,1,11,화
2022-01-11,안산선,상록수,14938,15471,30409,-533,1,11,화
2022-01-11,안산선,한대앞,8328,8310,16638,18,1,11,화
2022-01-11,안산선,중앙,16872,17336,34208,-464,1,11,화
2022-01-11,안산선,고잔,8573,8137,16710,436,1,11,화
2022-01-11,안산선,초지,4375,4465,8840,-90,1,11,화
2022-01-11,안산선,안산,11202,10154,21356,1048,1,11,화
2022-01-11,안산선,신길온천,1602,1453,3055,149,1,11,화
2022-01-11,안산선,정왕,7116,7630,14746,-514,1,11,화
2022-01-11,안산선,오이도,7655,7309,14964,346,1,11,화
2022-01-11,중앙선,상봉(시외버스터미널),5427,5493,10920,-66,1,11,화
2022-01-11,중앙선,양원,1926,1869,3795,57,1,11,화
2022-01-11,중앙선,구리,12872,12836,25708,36,1,11,화
2022-01-11,중앙선,도농,10128,9230,19358,898,1,11,화
2022-01-11,중앙선,양정,677,567,1244,110,1,11,화
2022-01-11,중앙선,덕소,5192,5239,10431,-47,1,11,화
2022-01-11,중앙선,도심,2287,1753,4040,534,1,11,화
2022-01-11,중앙선,팔당,731,755,1486,-24,1,11,화
2022-01-11,중앙선,운길산,503,450,953,53,1,11,화
2022-01-11,중앙선,양수,1505,1517,3022,-12,1,11,화
2022-01-11,중앙선,신원,156,159,315,-3,1,11,화
2022-01-11,중앙선,국수,674,624,1298,50,1,11,화
2022-01-11,중앙선,아신,451,454,905,-3,1,11,화
2022-01-11,중앙선,오빈,254,235,489,19,1,11,화
2022-01-11,중앙선,양평,2376,2307,4683,69,1,11,화
2022-01-11,중앙선,원덕,274,252,526,22,1,11,화
2022-01-11,중앙선,용문,1378,1360,2738,18,1,11,화
2022-01-11,중앙선,지평,58,59,117,-1,1,11,화
2022-01-11,분당선,이매,5323,5120,10443,203,1,11,화
2022-01-11,분당선,오리,11807,9592,21399,2215,1,11,화
2022-01-11,분당선,미금,15384,16523,31907,-1139,1,11,화
2022-01-11,분당선,정자,17745,18793,36538,-1048,1,11,화
2022-01-11,경인선,중동,8962,8429,17391,533,1,11,화
2022-01-11,분당선,수내,13995,13924,27919,71,1,11,화
2022-01-11,경인선,온수(성공회대입구),6040,5866,11906,174,1,11,화
2022-01-11,경인선,도원,2453,2461,4914,-8,1,11,화
2022-01-11,경인선,간석,5489,5332,10821,157,1,11,화
2022-01-11,경인선,부개,8038,7572,15610,466,1,11,화
2022-01-11,경인선,소사,7892,7685,15577,207,1,11,화
2022-01-11,경인선,구일,5746,5821,11567,-75,1,11,화
2022-01-11,경인선,인천,2980,2080,5060,900,1,11,화
2022-01-11,경인선,동인천,12327,11776,24103,551,1,11,화
2022-01-11,경인선,제물포,9567,9203,18770,364,1,11,화
2022-01-11,경인선,주안,17507,15757,33264,1750,1,11,화
2022-01-11,경인선,동암,13604,13824,27428,-220,1,11,화
2022-01-11,경인선,백운,6407,6462,12869,-55,1,11,화
2022-01-11,경인선,부평,27689,29096,56785,-1407,1,11,화
2022-01-11,경인선,송내,25699,25900,51599,-201,1,11,화
2022-01-11,경인선,부천,29959,29926,59885,33,1,11,화
2022-01-11,경인선,역곡,25612,25655,51267,-43,1,11,화
2022-01-11,경인선,오류동,11268,10674,21942,594,1,11,화
2022-01-11,경인선,개봉,20695,20972,41667,-277,1,11,화
2022-01-11,경의선,임진강,5,8,13,-3,1,11,화
2022-01-11,경의선,문산,4547,4513,9060,34,1,11,화
2022-01-11,경의선,파주,905,658,1563,247,1,11,화
2022-01-11,경의선,월롱,2327,2126,4453,201,1,11,화
2022-01-11,경의선,금촌,5999,6105,12104,-106,1,11,화
2022-01-11,경의선,금릉,4545,4304,8849,241,1,11,화
2022-01-11,경의선,운정,6553,6182,12735,371,1,11,화
2022-01-11,경의선,야당,6916,6722,13638,194,1,11,화
2022-01-11,경의선,탄현,7444,7138,14582,306,1,11,화
2022-01-11,경의선,일산,8792,8896,17688,-104,1,11,화
2022-01-11,경의선,풍산,5150,4803,9953,347,1,11,화
2022-01-11,경의선,백마,6628,6451,13079,177,1,11,화
2022-01-11,경의선,곡산,527,517,1044,10,1,11,화
2022-01-11,경의선,능곡,3461,3223,6684,238,1,11,화
2022-01-11,경의선,행신,7668,7794,15462,-126,1,11,화
2022-01-11,경의선,강매,3082,2670,5752,412,1,11,화
2022-01-11,경의선,화전,1370,1283,2653,87,1,11,화
2022-01-11,경의선,수색,2711,2747,5458,-36,1,11,화
2022-01-11,경의선,디지털미디어시티,2432,2256,4688,176,1,11,화
2022-01-11,경의선,가좌,5084,4939,10023,145,1,11,화
2022-01-11,경의선,홍대입구,1503,1814,3317,-311,1,11,화
2022-01-11,경의선,서강대,2061,2015,4076,46,1,11,화
2022-01-11,경의선,공덕,3572,2980,6552,592,1,11,화
2022-01-11,경의선,효창공원앞,2810,3358,6168,-548,1,11,화
2022-01-11,경의선,신촌,827,978,1805,-151,1,11,화
2022-01-11,경의선,서울역,4095,5109,9204,-1014,1,11,화
2022-01-11,경원선,소요산,1903,1653,3556,250,1,11,화
2022-01-11,경원선,동두천,1863,1996,3859,-133,1,11,화
2022-01-11,9호선,신반포,3103,3055,6158,48,1,11,화
2022-01-11,9호선,구반포,1474,1507,2981,-33,1,11,화
2022-01-11,9호선,동작(현충원),1736,1333,3069,403,1,11,화
2022-01-11,9호선,흑석(중앙대입구),7625,8130,15755,-505,1,11,화
2022-01-11,9호선,노들,4275,3724,7999,551,1,11,화
2022-01-11,9호선,노량진,26066,25185,51251,881,1,11,화
2022-01-11,9호선,샛강,6026,6401,12427,-375,1,11,화
2022-01-11,9호선,여의도,28497,27116,55613,1381,1,11,화
2022-01-11,9호선,국회의사당,17722,17931,35653,-209,1,11,화
2022-01-11,9호선,당산,18333,18219,36552,114,1,11,화
2022-01-11,9호선,선유도,9165,8918,18083,247,1,11,화
2022-01-11,9호선,신목동,4029,3569,7598,460,1,11,화
2022-01-11,9호선,염창,17038,16576,33614,462,1,11,화
2022-01-11,9호선,등촌,11413,11308,22721,105,1,11,화
2022-01-11,9호선,증미,7527,7546,15073,-19,1,11,화
2022-01-11,9호선,가양,20097,19685,39782,412,1,11,화
2022-01-11,9호선,양천향교,9599,9980,19579,-381,1,11,화
2022-01-11,9호선,마곡나루(서울식물원),11887,11644,23531,243,1,11,화
2022-01-11,9호선,신방화,6592,6423,13015,169,1,11,화
2022-01-11,9호선,공항시장,2876,3184,6060,-308,1,11,화
2022-01-11,9호선,김포공항,6755,10692,17447,-3937,1,11,화
2022-01-11,9호선,개화,2424,1739,4163,685,1,11,화
2022-01-11,8호선,남위례,3596,3949,7545,-353,1,11,화
2022-01-11,8호선,모란,4149,3081,7230,1068,1,11,화
2022-01-11,8호선,수진,5158,4798,9956,360,1,11,화
2022-01-11,8호선,신흥,3987,4505,8492,-518,1,11,화
2022-01-11,8호선,단대오거리,10089,10038,20127,51,1,11,화
2022-01-11,8호선,남한산성입구(성남법원.검찰청),13263,12225,25488,1038,1,11,화
2022-01-11,8호선,산성,5194,5197,10391,-3,1,11,화
2022-01-11,8호선,복정,9388,8012,17400,1376,1,11,화
2022-01-11,8호선,장지,17275,16646,33921,629,1,11,화
2022-01-11,8호선,문정,23158,24319,47477,-1161,1,11,화
2022-01-11,8호선,가락시장,7765,8457,16222,-692,1,11,화
2022-01-11,8호선,송파,7505,7661,15166,-156,1,11,화
2022-01-11,8호선,석촌,7982,8909,16891,-927,1,11,화
2022-01-11,8호선,잠실(송파구청),13885,16051,29936,-2166,1,11,화
2022-01-11,8호선,몽촌토성(평화의문),6122,6134,12256,-12,1,11,화
2022-01-11,8호선,강동구청,10578,11052,21630,-474,1,11,화
2022-01-11,8호선,천호(풍납토성),14611,16789,31400,-2178,1,11,화
2022-01-11,8호선,암사,18867,16917,35784,1950,1,11,화
2022-01-11,7호선,부평구청,1,0,1,1,1,11,화
2022-01-11,7호선,굴포천,1,0,1,1,1,11,화
2022-01-11,7호선,상동,1,0,1,1,1,11,화
2022-01-11,7호선,부천시청,1,0,1,1,1,11,화
2022-01-11,7호선,춘의,1,0,1,1,1,11,화
2022-01-11,7호선,온수(성공회대입구),9943,9104,19047,839,1,11,화
2022-01-11,7호선,천왕,11157,10646,21803,511,1,11,화
2022-01-11,7호선,광명사거리,21453,21059,42512,394,1,11,화
2022-01-11,7호선,철산,20733,21384,42117,-651,1,11,화
2022-01-11,7호선,가산디지털단지,48557,48232,96789,325,1,11,화
2022-01-11,7호선,남구로,16118,17149,33267,-1031,1,11,화
2022-01-11,7호선,대림(구로구청),7767,7691,15458,76,1,11,화
2022-01-11,7호선,신풍,11356,10947,22303,409,1,11,화
2022-01-11,7호선,보라매,10118,10080,20198,38,1,11,화
2022-01-11,7호선,신대방삼거리,16552,15948,32500,604,1,11,화
2022-01-11,7호선,장승배기,9029,8863,17892,166,1,11,화
2022-01-11,7호선,상도,10386,10249,20635,137,1,11,화
2022-01-11,7호선,숭실대입구(살피재),11403,11562,22965,-159,1,11,화
2022-01-11,7호선,남성,10889,10250,21139,639,1,11,화
2022-01-11,7호선,이수,15379,14936,30315,443,1,11,화
2022-01-11,7호선,내방,14790,15069,29859,-279,1,11,화
2022-01-11,7호선,고속터미널,14757,12761,27518,1996,1,11,화
2022-01-11,7호선,반포,5649,5470,11119,179,1,11,화
2022-01-11,7호선,논현,21025,22731,43756,-1706,1,11,화
2022-01-11,7호선,학동,25817,27128,52945,-1311,1,11,화
2022-01-11,7호선,강남구청,16757,18287,35044,-1530,1,11,화
2022-01-11,7호선,청담,19607,21931,41538,-2324,1,11,화
2022-01-11,7호선,뚝섬유원지,6727,6605,13332,122,1,11,화
2022-01-11,7호선,건대입구,11820,12453,24273,-633,1,11,화
2022-01-11,7호선,어린이대공원(세종대),11833,11740,23573,93,1,11,화
2022-01-11,7호선,군자(능동),14777,12042,26819,2735,1,11,화
2022-01-11,7호선,중곡,10339,10098,20437,241,1,11,화
2022-01-11,7호선,용마산(용마폭포공원),5961,5893,11854,68,1,11,화
2022-01-11,7호선,사가정,15632,15644,31276,-12,1,11,화
2022-01-11,7호선,면목,14863,14670,29533,193,1,11,화
2022-01-11,7호선,상봉(시외버스터미널),16434,15309,31743,1125,1,11,화
2022-01-11,7호선,중화,10581,10522,21103,59,1,11,화
2022-01-11,7호선,먹골,10054,9920,19974,134,1,11,화
2022-01-11,7호선,태릉입구,8077,7670,15747,407,1,11,화
2022-01-11,7호선,공릉(서울과학기술대),11298,11304,22602,-6,1,11,화
2022-01-11,7호선,하계,17107,16280,33387,827,1,11,화
2022-01-11,7호선,중계,13515,12580,26095,935,1,11,화
2022-01-11,7호선,노원,19445,19851,39296,-406,1,11,화
2022-01-11,7호선,마들,12345,12038,24383,307,1,11,화
2022-01-11,7호선,수락산,11863,11684,23547,179,1,11,화
2022-01-11,7호선,도봉산,8625,9707,18332,-1082,1,11,화
2022-01-11,7호선,장암,2182,757,2939,1425,1,11,화
2022-01-11,6호선,봉화산(서울의료원),8897,8385,17282,512,1,11,화
2022-01-11,6호선,화랑대(서울여대입구),11367,8937,20304,2430,1,11,화
2022-01-11,6호선,태릉입구,5170,5645,10815,-475,1,11,화
2022-01-11,6호선,석계,11696,12316,24012,-620,1,11,화
2022-01-11,6호선,돌곶이,9205,8761,17966,444,1,11,화
2022-01-11,6호선,상월곡(한국과학기술연구원),5960,5423,11383,537,1,11,화
2022-01-11,6호선,월곡(동덕여대),11088,11049,22137,39,1,11,화
2022-01-11,6호선,고려대(종암),7452,7274,14726,178,1,11,화
2022-01-11,6호선,안암(고대병원앞),9677,9732,19409,-55,1,11,화
2022-01-11,6호선,보문,6851,6552,13403,299,1,11,화
2022-01-11,6호선,창신,3424,2935,6359,489,1,11,화
2022-01-11,6호선,동묘앞,7224,7342,14566,-118,1,11,화
2022-01-11,6호선,신당,8249,8467,16716,-218,1,11,화
2022-01-11,6호선,청구,3568,3828,7396,-260,1,11,화
2022-01-11,6호선,약수,3434,3455,6889,-21,1,11,화
2022-01-11,6호선,버티고개,1909,1987,3896,-78,1,11,화
2022-01-11,6호선,한강진,7971,9059,17030,-1088,1,11,화
2022-01-11,6호선,이태원,8609,8570,17179,39,1,11,화
2022-01-11,6호선,녹사평(용산구청),4272,4294,8566,-22,1,11,화
2022-01-11,6호선,삼각지,6163,5651,11814,512,1,11,화
2022-01-11,6호선,효창공원앞,6894,6329,13223,565,1,11,화
2022-01-11,6호선,공덕,18256,17385,35641,871,1,11,화
2022-01-11,6호선,대흥(서강대앞),7648,7928,15576,-280,1,11,화
2022-01-11,6호선,광흥창(서강),8919,8881,17800,38,1,11,화
2022-01-11,6호선,상수,7994,8690,16684,-696,1,11,화
2022-01-11,6호선,합정,12728,12125,24853,603,1,11,화
2022-01-11,6호선,망원,13352,14402,27754,-1050,1,11,화
2022-01-11,6호선,마포구청,14066,13116,27182,950,1,11,화
2022-01-11,6호선,월드컵경기장(성산),3308,3564,6872,-256,1,11,화
2022-01-11,6호선,디지털미디어시티,13583,15262,28845,-1679,1,11,화
2022-01-11,6호선,증산(명지대앞),9612,9775,19387,-163,1,11,화
2022-01-11,6호선,새절(신사),12245,11488,23733,757,1,11,화
2022-01-11,6호선,구산,7384,5695,13079,1689,1,11,화
2022-01-11,6호선,독바위,2620,2776,5396,-156,1,11,화
2022-01-11,6호선,불광,4077,4142,8219,-65,1,11,화
2022-01-11,6호선,역촌,3720,4468,8188,-748,1,11,화
2022-01-11,6호선,응암,16897,17027,33924,-130,1,11,화
2022-01-11,5호선,하남검단산,5094,4888,9982,206,1,11,화
2022-01-11,5호선,하남시청(덕풍·신장),6076,6031,12107,45,1,11,화
2022-01-11,5호선,하남풍산,4128,4282,8410,-154,1,11,화
2022-01-11,5호선,미사,15776,15465,31241,311,1,11,화
2022-01-11,5호선,강일,3772,3732,7504,40,1,11,화
2022-01-11,5호선,마천,6663,6587,13250,76,1,11,화
2022-01-11,5호선,거여,9204,8598,17802,606,1,11,화
2022-01-11,5호선,개롱,6201,6533,12734,-332,1,11,화
2022-01-11,5호선,오금,3668,3602,7270,66,1,11,화
2022-01-11,5호선,방이,7136,7445,14581,-309,1,11,화
2022-01-11,5호선,올림픽공원(한국체대),4205,3561,7766,644,1,11,화
2022-01-11,5호선,둔촌동,8656,8609,17265,47,1,11,화
2022-01-11,5호선,상일동,15524,14288,29812,1236,1,11,화
2022-01-11,5호선,고덕,9075,9214,18289,-139,1,11,화
2022-01-11,5호선,명일,8458,8861,17319,-403,1,11,화
2022-01-11,5호선,굽은다리(강동구민회관앞),9351,8949,18300,402,1,11,화
2022-01-11,5호선,길동,8023,8377,16400,-354,1,11,화
2022-01-11,5호선,강동,18582,17761,36343,821,1,11,화
2022-01-11,5호선,천호(풍납토성),17398,17169,34567,229,1,11,화
2022-01-11,5호선,광나루(장신대),12697,11559,24256,1138,1,11,화
2022-01-11,5호선,아차산(어린이대공원후문),13475,13218,26693,257,1,11,화
2022-01-11,5호선,군자(능동),11017,11998,23015,-981,1,11,화
2022-01-11,5호선,장한평,18378,18531,36909,-153,1,11,화
2022-01-11,5호선,답십리,15978,14709,30687,1269,1,11,화
2022-01-11,5호선,마장,5604,5235,10839,369,1,11,화
2022-01-11,5호선,왕십리(성동구청),4487,5047,9534,-560,1,11,화
2022-01-11,5호선,행당,8038,7420,15458,618,1,11,화
2022-01-11,5호선,신금호,6237,6468,12705,-231,1,11,화
2022-01-11,5호선,청구,3953,3558,7511,395,1,11,화
2022-01-11,5호선,동대문역사문화공원(DDP),3176,3635,6811,-459,1,11,화
2022-01-11,5호선,을지로4가,6108,6173,12281,-65,1,11,화
2022-01-11,5호선,종로3가,11916,11648,23564,268,1,11,화
2022-01-11,5호선,광화문(세종문화회관),30101,31022,61123,-921,1,11,화
2022-01-11,5호선,서대문,19547,20030,39577,-483,1,11,화
2022-01-11,5호선,충정로(경기대입구),4908,5017,9925,-109,1,11,화
2022-01-11,5호선,애오개,6932,7055,13987,-123,1,11,화
2022-01-11,5호선,공덕,14211,14926,29137,-715,1,11,화
2022-01-11,5호선,마포,14811,15040,29851,-229,1,11,화
2022-01-11,5호선,여의나루,8413,9415,17828,-1002,1,11,화
2022-01-11,5호선,여의도,30591,31049,61640,-458,1,11,화
2022-01-11,5호선,신길,4156,4551,8707,-395,1,11,화
2022-01-11,5호선,영등포시장,9864,10236,20100,-372,1,11,화
2022-01-11,5호선,영등포구청,3859,3960,7819,-101,1,11,화
2022-01-11,5호선,양평,7823,7938,15761,-115,1,11,화
2022-01-11,5호선,오목교(목동운동장앞),22035,23371,45406,-1336,1,11,화
2022-01-11,5호선,목동,16677,18452,35129,-1775,1,11,화
2022-01-11,5호선,신정(은행정),13839,11388,25227,2451,1,11,화
2022-01-11,5호선,까치산,28151,27371,55522,780,1,11,화
2022-01-11,5호선,화곡,27717,26260,53977,1457,1,11,화
2022-01-11,5호선,우장산,13934,14081,28015,-147,1,11,화
2022-01-11,5호선,발산,20445,20413,40858,32,1,11,화
2022-01-11,5호선,마곡,11357,10851,22208,506,1,11,화
2022-01-11,5호선,송정,6223,5768,11991,455,1,11,화
2022-01-11,5호선,김포공항,6824,6707,13531,117,1,11,화
2022-01-11,5호선,개화산,5325,5115,10440,210,1,11,화
2022-01-11,5호선,방화,6397,6250,12647,147,1,11,화
2022-01-11,4호선,쌍문,28288,26179,54467,2109,1,11,화
2022-01-11,4호선,창동,23981,25463,49444,-1482,1,11,화
2022-01-11,4호선,노원,18026,19987,38013,-1961,1,11,화
2022-01-11,4호선,상계,18548,17364,35912,1184,1,11,화
2022-01-11,4호선,당고개,12186,11114,23300,1072,1,11,화
2022-01-11,4호선,남태령,1081,1007,2088,74,1,11,화
2022-01-11,4호선,사당,24414,19734,44148,4680,1,11,화
2022-01-11,4호선,총신대입구(이수),18045,19422,37467,-1377,1,11,화
2022-01-11,4호선,동작(현충원),1088,1281,2369,-193,1,11,화
2022-01-11,4호선,이촌(국립중앙박물관),7260,8050,15310,-790,1,11,화
2022-01-11,4호선,신용산,16676,17377,34053,-701,1,11,화
2022-01-11,4호선,삼각지,4786,5212,9998,-426,1,11,화
2022-01-11,4호선,숙대입구(갈월),12221,12127,24348,94,1,11,화
2022-01-11,4호선,서울역,10936,15468,26404,-4532,1,11,화
2022-01-11,4호선,회현(남대문시장),23143,24333,47476,-1190,1,11,화
2022-01-11,4호선,명동,17183,17804,34987,-621,1,11,화
2022-01-11,4호선,충무로,25437,26134,51571,-697,1,11,화
2022-01-11,4호선,동대문역사문화공원(DDP),14250,12926,27176,1324,1,11,화
2022-01-11,4호선,동대문,18663,19213,37876,-550,1,11,화
2022-01-11,4호선,혜화,30758,30527,61285,231,1,11,화
2022-01-11,4호선,한성대입구(삼선교),12437,12222,24659,215,1,11,화
2022-01-11,4호선,성신여대입구(돈암),18941,18192,37133,749,1,11,화
2022-01-11,4호선,길음,19634,19245,38879,389,1,11,화
2022-01-11,4호선,미아사거리,26065,25483,51548,582,1,11,화
2022-01-11,4호선,미아(서울사이버대학),14128,13910,28038,218,1,11,화
2022-01-11,4호선,수유(강북구청),32283,32384,64667,-101,1,11,화
2022-01-11,3호선,오금,6131,5525,11656,606,1,11,화
2022-01-11,3호선,경찰병원,7560,7511,15071,49,1,11,화
2022-01-11,3호선,가락시장,8901,8692,17593,209,1,11,화
2022-01-11,3호선,수서,16420,16832,33252,-412,1,11,화
2022-01-11,3호선,대청,9805,9277,19082,528,1,11,화
2022-01-11,3호선,학여울,1659,1690,3349,-31,1,11,화
2022-01-11,3호선,대치,11681,11836,23517,-155,1,11,화
2022-01-11,3호선,도곡,5260,5340,10600,-80,1,11,화
2022-01-11,3호선,매봉,12853,12432,25285,421,1,11,화
2022-01-11,3호선,양재(서초구청),39261,42362,81623,-3101,1,11,화
2022-01-11,3호선,남부터미널(예술의전당),28780,29470,58250,-690,1,11,화
2022-01-11,3호선,교대(법원.검찰청),14448,9302,23750,5146,1,11,화
2022-01-11,3호선,고속터미널,36778,34875,71653,1903,1,11,화
2022-01-11,3호선,잠원,4600,4526,9126,74,1,11,화
2022-01-11,3호선,신사,32493,33426,65919,-933,1,11,화
2022-01-11,3호선,압구정,33138,35149,68287,-2011,1,11,화
2022-01-11,3호선,옥수,8480,8975,17455,-495,1,11,화
2022-01-11,3호선,금호,7638,7361,14999,277,1,11,화
2022-01-11,3호선,약수,12440,12046,24486,394,1,11,화
2022-01-11,3호선,동대입구,6835,7128,13963,-293,1,11,화
2022-01-11,3호선,충무로,1,0,1,1,1,11,화
2022-01-11,3호선,을지로3가,10892,10879,21771,13,1,11,화
2022-01-11,3호선,종로3가,10302,11363,21665,-1061,1,11,화
2022-01-11,3호선,안국,18988,19406,38394,-418,1,11,화
2022-01-11,3호선,경복궁(정부서울청사),18586,17962,36548,624,1,11,화
2022-01-11,3호선,독립문,6143,6349,12492,-206,1,11,화
2022-01-11,3호선,무악재,3757,3751,7508,6,1,11,화
2022-01-11,3호선,홍제,16241,15774,32015,467,1,11,화
2022-01-11,3호선,녹번,15143,14026,29169,1117,1,11,화
2022-01-11,3호선,불광,15380,16375,31755,-995,1,11,화
2022-01-11,3호선,연신내,34794,32918,67712,1876,1,11,화
2022-01-11,3호선,구파발,19929,18938,38867,991,1,11,화
2022-01-11,3호선,지축,4338,4254,8592,84,1,11,화
2022-01-11,2호선,용두(동대문구청),2258,2377,4635,-119,1,11,화
2022-01-11,2호선,신정네거리,9944,10403,20347,-459,1,11,화
2022-01-11,2호선,양천구청,6690,7114,13804,-424,1,11,화
2022-01-11,2호선,도림천,1412,1504,2916,-92,1,11,화
2022-01-11,2호선,신설동,3225,3225,6450,0,1,11,화
2022-01-11,2호선,신답,1620,1862,3482,-242,1,11,화
2022-01-11,2호선,용답,2461,2519,4980,-58,1,11,화
2022-01-11,2호선,충정로(경기대입구),9885,10301,20186,-416,1,11,화
2022-01-11,2호선,아현,9978,9814,19792,164,1,11,화
2022-01-11,2호선,이대,12099,12874,24973,-775,1,11,화
2022-01-11,2호선,신촌,31621,32118,63739,-497,1,11,화
2022-01-11,2호선,홍대입구,51041,51762,102803,-721,1,11,화
2022-01-11,2호선,합정,29837,30798,60635,-961,1,11,화
2022-01-11,2호선,당산,17596,20540,38136,-2944,1,11,화
2022-01-11,2호선,영등포구청,23515,23729,47244,-214,1,11,화
2022-01-11,2호선,문래,21732,21966,43698,-234,1,11,화
2022-01-11,2호선,신도림,45109,44212,89321,897,1,11,화
2022-01-11,2호선,대림(구로구청),22680,23428,46108,-748,1,11,화
2022-01-11,2호선,구로디지털단지,60101,60296,120397,-195,1,11,화
2022-01-11,2호선,신대방,25584,25168,50752,416,1,11,화
2022-01-11,2호선,신림,61582,60628,122210,954,1,11,화
2022-01-11,2호선,봉천,23283,22028,45311,1255,1,11,화
2022-01-11,2호선,서울대입구(관악구청),46100,45564,91664,536,1,11,화
2022-01-11,2호선,낙성대(강감찬),26331,25885,52216,446,1,11,화
2022-01-11,2호선,사당,35225,38314,73539,-3089,1,11,화
2022-01-11,2호선,방배,16287,16982,33269,-695,1,11,화
2022-01-11,2호선,서초,21757,21027,42784,730,1,11,화
2022-01-11,2호선,교대(법원.검찰청),34511,38936,73447,-4425,1,11,화
2022-01-11,2호선,강남,89258,87157,176415,2101,1,11,화
2022-01-11,2호선,역삼,56681,61648,118329,-4967,1,11,화
2022-01-11,2호선,선릉,58922,52472,111394,6450,1,11,화
2022-01-11,2호선,삼성(무역센터),52846,52687,105533,159,1,11,화
2022-01-11,2호선,종합운동장,7443,7874,15317,-431,1,11,화
2022-01-11,2호선,잠실새내,20892,20772,41664,120,1,11,화
2022-01-11,2호선,잠실(송파구청),66829,66520,133349,309,1,11,화
2022-01-11,2호선,잠실나루,14215,14055,28270,160,1,11,화
2022-01-11,2호선,강변(동서울터미널),27964,26547,54511,1417,1,11,화
2022-01-11,2호선,구의(광진구청),23454,23366,46820,88,1,11,화
2022-01-11,2호선,건대입구,33189,34920,68109,-1731,1,11,화
2022-01-11,2호선,성수,38340,40973,79313,-2633,1,11,화
2022-01-11,2호선,뚝섬,21718,23229,44947,-1511,1,11,화
2022-01-11,2호선,한양대,6698,7035,13733,-337,1,11,화
2022-01-11,2호선,왕십리(성동구청),15001,12693,27694,2308,1,11,화
2022-01-11,2호선,상왕십리,13856,13681,27537,175,1,11,화
2022-01-11,2호선,신당,13148,13825,26973,-677,1,11,화
2022-01-11,2호선,동대문역사문화공원(DDP),11135,12295,23430,-1160,1,11,화
2022-01-11,2호선,을지로4가,12774,12479,25253,295,1,11,화
2022-01-11,2호선,을지로3가,22540,22165,44705,375,1,11,화
2022-01-11,2호선,을지로입구,38296,39285,77581,-989,1,11,화
2022-01-11,2호선,시청,23778,22743,46521,1035,1,11,화
2022-01-11,1호선,청량리(서울시립대입구),17880,17908,35788,-28,1,11,화
2022-01-11,1호선,제기동,15156,15468,30624,-312,1,11,화
2022-01-11,1호선,신설동,12847,12527,25374,320,1,11,화
2022-01-11,1호선,동대문,9740,9100,18840,640,1,11,화
2022-01-11,1호선,종로5가,21316,20888,42204,428,1,11,화
2022-01-11,1호선,종로3가,23828,21952,45780,1876,1,11,화
2022-01-11,1호선,종각,34616,33532,68148,1084,1,11,화
2022-01-11,1호선,시청,21594,21421,43015,173,1,11,화
2022-01-11,1호선,동묘앞,6097,6329,12426,-232,1,11,화
2022-01-11,1호선,서울역,41022,39000,80022,2022,1,11,화
2022-01-11,우이신설선,삼양사거리,2318,2356,4674,-38,1,11,화
2022-01-11,우이신설선,솔샘,5791,5447,11238,344,1,11,화
2022-01-11,우이신설선,북한산보국문,5650,5512,11162,138,1,11,화
2022-01-11,우이신설선,정릉,4419,4185,8604,234,1,11,화
2022-01-11,우이신설선,성신여대입구(돈암),3137,3462,6599,-325,1,11,화
2022-01-11,우이신설선,보문,1446,1423,2869,23,1,11,화
2022-01-11,우이신설선,신설동,1931,1894,3825,37,1,11,화
2022-01-11,일산선,원흥,10277,9849,20126,428,1,11,화
2022-01-11,일산선,삼송,18474,18124,36598,350,1,11,화
2022-01-11,일산선,원당,10461,9992,20453,469,1,11,화
2022-01-11,일산선,화정,16205,16675,32880,-470,1,11,화
2022-01-11,일산선,대곡,1852,1448,3300,404,1,11,화
2022-01-11,일산선,백석,9498,9519,19017,-21,1,11,화
2022-01-11,일산선,마두,7392,7558,14950,-166,1,11,화
2022-01-11,일산선,정발산,6889,6771,13660,118,1,11,화
2022-01-11,일산선,주엽,8678,8531,17209,147,1,11,화
2022-01-11,일산선,대화,12157,9696,21853,2461,1,11,화
2022-01-11,장항선,봉명,1089,1054,2143,35,1,11,화
2022-01-11,장항선,쌍용(나사렛대),1651,1492,3143,159,1,11,화
2022-01-11,장항선,아산,2281,2136,4417,145,1,11,화
2022-01-11,장항선,탕정,332,314,646,18,1,11,화
2022-01-11,장항선,배방,862,873,1735,-11,1,11,화
2022-01-11,장항선,온양온천,2872,2960,5832,-88,1,11,화
2022-01-11,장항선,신창(순천향대),815,836,1651,-21,1,11,화
2022-01-11,중앙선,회기,22283,21830,44113,453,1,11,화
2022-01-11,중앙선,중랑,5222,4954,10176,268,1,11,화
2022-01-11,중앙선,망우,6968,7020,13988,-52,1,11,화
2022-01-11,3호선,일원,9841,9536,19377,305,1,11,화
2022-01-11,경원선,보산,1307,1171,2478,136,1,11,화
2022-01-11,경원선,동두천중앙,2663,2616,5279,47,1,11,화
2022-01-11,경원선,지행,5968,5848,11816,120,1,11,화
2022-01-11,경원선,덕정,4916,4808,9724,108,1,11,화
2022-01-11,경원선,덕계,2823,2581,5404,242,1,11,화
2022-01-11,경원선,양주,6953,6526,13479,427,1,11,화
2022-01-11,경원선,녹양,4263,3983,8246,280,1,11,화
2022-01-11,경원선,가능,6063,5952,12015,111,1,11,화
2022-01-11,경원선,의정부,16988,17367,34355,-379,1,11,화
2022-01-11,경원선,회룡,11746,11527,23273,219,1,11,화
2022-01-11,경원선,망월사,6802,7066,13868,-264,1,11,화
2022-01-11,경원선,도봉산,6468,3821,10289,2647,1,11,화
2022-01-11,경원선,도봉,5674,5625,11299,49,1,11,화
2022-01-11,경원선,방학,8970,8837,17807,133,1,11,화
2022-01-11,경원선,녹천,4442,3757,8199,685,1,11,화
2022-01-11,경원선,월계,5734,5495,11229,239,1,11,화
2022-01-11,경원선,광운대,7144,6796,13940,348,1,11,화
2022-01-11,경원선,석계,7473,8531,16004,-1058,1,11,화
2022-01-11,경원선,신이문,7986,7413,15399,573,1,11,화
2022-01-11,경원선,외대앞,6674,6855,13529,-181,1,11,화
2022-01-11,경원선,청량리(서울시립대입구),12993,13453,26446,-460,1,11,화
2022-01-11,경원선,왕십리(성동구청),12612,14423,27035,-1811,1,11,화
2022-01-11,경원선,응봉,1714,1474,3188,240,1,11,화
2022-01-11,경원선,옥수,55,28,83,27,1,11,화
2022-01-11,경원선,한남,3892,3755,7647,137,1,11,화
2022-01-11,경원선,서빙고,1928,1871,3799,57,1,11,화
2022-01-11,경원선,이촌(국립중앙박물관),3439,2715,6154,724,1,11,화
2022-01-11,경부선,광명,3135,2679,5814,456,1,11,화
2022-01-11,경부선,서동탄,1377,1193,2570,184,1,11,화
2022-01-11,경부선,당정,6018,5661,11679,357,1,11,화
2022-01-11,경부선,천안,3938,4153,8091,-215,1,11,화
2022-01-11,경부선,두정,4076,4123,8199,-47,1,11,화
2022-01-11,경부선,직산,632,659,1291,-27,1,11,화
2022-01-11,경부선,성환,2872,2867,5739,5,1,11,화
2022-01-11,경부선,평택,9892,9789,19681,103,1,11,화
2022-01-11,경부선,평택지제,3107,3172,6279,-65,1,11,화
2022-01-11,경부선,서정리,5942,5600,11542,342,1,11,화
2022-01-11,경부선,송탄,3726,3586,7312,140,1,11,화
2022-01-11,경부선,진위,1527,1336,2863,191,1,11,화
2022-01-11,경부선,오산,8803,8654,17457,149,1,11,화
2022-01-11,경부선,오산대,3028,2758,5786,270,1,11,화
2022-01-11,경부선,세마,2681,2498,5179,183,1,11,화
2022-01-11,경부선,병점,13185,13146,26331,39,1,11,화
2022-01-11,경부선,세류,2745,2470,5215,275,1,11,화
2022-01-11,경부선,독산,18717,19865,38582,-1148,1,11,화
2022-01-11,경부선,수원,30282,32386,62668,-2104,1,11,화
2022-01-11,경부선,화서,7609,7420,15029,189,1,11,화
2022-01-11,경부선,성균관대,13096,13141,26237,-45,1,11,화
2022-01-11,경부선,의왕,8834,8753,17587,81,1,11,화
2022-01-11,경부선,군포,7707,7615,15322,92,1,11,화
2022-01-11,경부선,금정,26062,26455,52517,-393,1,11,화
2022-01-11,경부선,명학,8819,8795,17614,24,1,11,화
2022-01-11,경부선,안양,20141,20139,40280,2,1,11,화
2022-01-11,경부선,관악,7033,6554,13587,479,1,11,화
2022-01-11,경부선,석수,9306,8370,17676,936,1,11,화
2022-01-11,경부선,금천구청,11254,11279,22533,-25,1,11,화
2022-01-11,경부선,가산디지털단지,18251,21322,39573,-3071,1,11,화
2022-01-11,경부선,구로,18126,18367,36493,-241,1,11,화
2022-01-11,경부선,신길,8497,7274,15771,1223,1,11,화
2022-01-11,경부선,신도림,3753,3720,7473,33,1,11,화
2022-01-11,경부선,영등포,34494,34732,69226,-238,1,11,화
2022-01-11,경부선,대방,12507,13016,25523,-509,1,11,화
2022-01-11,경부선,노량진,7656,7784,15440,-128,1,11,화
2022-01-11,경부선,용산,30863,31075,61938,-212,1,11,화
2022-01-11,경부선,남영,8662,9015,17677,-353,1,11,화
2022-01-11,경부선,서울역,5288,1800,7088,3488,1,11,화
2022-01-11,경강선,여주,1874,1736,3610,138,1,11,화
2022-01-11,경강선,세종대왕릉,270,262,532,8,1,11,화
2022-01-11,경강선,부발,1934,1845,3779,89,1,11,화
2022-01-11,경강선,이천,2443,2455,4898,-12,1,11,화
2022-01-11,경강선,신둔도예촌,1277,1209,2486,68,1,11,화
2022-01-11,경강선,곤지암,2049,2008,4057,41,1,11,화
2022-01-11,경강선,초월,3033,2934,5967,99,1,11,화
2022-01-11,경강선,경기광주,7663,7177,14840,486,1,11,화
2022-01-11,경강선,삼동,2361,2220,4581,141,1,11,화
2022-01-11,경강선,이매,1071,928,1999,143,1,11,화
2022-01-11,경강선,판교,4861,4725,9586,136,1,11,화
2022-01-11,9호선2~3단계,중앙보훈병원,10823,9637,20460,1186,1,11,화
2022-01-11,9호선2~3단계,둔촌오륜,972,913,1885,59,1,11,화
2022-01-11,9호선2~3단계,올림픽공원(한국체대),5687,5589,11276,98,1,11,화
2022-01-11,9호선2~3단계,한성백제,2551,2359,4910,192,1,11,화
2022-01-11,9호선2~3단계,송파나루,5242,5465,10707,-223,1,11,화
2022-01-11,9호선2~3단계,석촌,8342,7343,15685,999,1,11,화
2022-01-11,9호선2~3단계,석촌고분,6295,6241,12536,54,1,11,화
2022-01-11,9호선2~3단계,삼전,6954,7030,13984,-76,1,11,화
2022-01-11,9호선2~3단계,종합운동장,4258,4324,8582,-66,1,11,화
2022-01-11,9호선2~3단계,봉은사,15950,16262,32212,-312,1,11,화
2022-01-11,9호선2~3단계,삼성중앙,7148,7497,14645,-349,1,11,화
2022-01-11,9호선2~3단계,선정릉,9775,10670,20445,-895,1,11,화
2022-01-11,9호선2~3단계,언주,11364,11635,22999,-271,1,11,화
2022-01-11,9호선,신논현,32704,32257,64961,447,1,11,화
2022-01-11,9호선,사평,3495,3474,6969,21,1,11,화
2022-01-11,9호선,고속터미널,10971,14125,25096,-3154,1,11,화
2022-01-11,분당선,서현,24994,25293,50287,-299,1,11,화
2022-01-11,분당선,야탑,25391,26457,51848,-1066,1,11,화
2022-01-11,분당선,모란,18785,19048,37833,-263,1,11,화
2022-01-11,분당선,태평,13388,12786,26174,602,1,11,화
2022-01-11,분당선,가천대,6304,7339,13643,-1035,1,11,화
2022-01-11,분당선,선정릉,8461,8983,17444,-522,1,11,화
2022-01-11,분당선,강남구청,10555,11988,22543,-1433,1,11,화
2022-01-11,분당선,압구정로데오,19605,20792,40397,-1187,1,11,화
2022-01-11,분당선,서울숲,10204,10490,20694,-286,1,11,화
2022-01-11,분당선,수원,7754,6513,14267,1241,1,11,화
2022-01-11,분당선,복정,1,0,1,1,1,11,화
2022-01-11,분당선,수서,13195,13586,26781,-391,1,11,화
2022-01-11,분당선,대모산입구,4474,4205,8679,269,1,11,화
2022-01-11,분당선,개포동,3707,3843,7550,-136,1,11,화
2022-01-11,분당선,구룡,1723,1706,3429,17,1,11,화
2022-01-11,분당선,도곡,7009,6940,13949,69,1,11,화
2022-01-11,분당선,한티,14947,16089,31036,-1142,1,11,화
2022-01-11,분당선,선릉,14530,21629,36159,-7099,1,11,화
2022-01-11,과천선,범계,25403,24965,50368,438,1,11,화
2022-01-11,과천선,평촌,18294,18061,36355,233,1,11,화
2022-01-11,과천선,인덕원,23828,25137,48965,-1309,1,11,화
2022-01-11,과천선,정부과천청사,10649,10605,21254,44,1,11,화
2022-01-11,과천선,과천,5964,5716,11680,248,1,11,화
2022-01-11,과천선,대공원,1950,1983,3933,-33,1,11,화
2022-01-11,과천선,경마공원,1214,1240,2454,-26,1,11,화
2022-01-11,과천선,선바위,8217,7004,15221,1213,1,11,화
2022-01-11,공항철도 1호선,영종,2820,2758,5578,62,1,11,화
2022-01-11,공항철도 1호선,인천공항2터미널,2157,2157,4314,0,1,11,화
2022-01-11,공항철도 1호선,인천공항1터미널,3605,3887,7492,-282,1,11,화
2022-01-11,공항철도 1호선,공항화물청사,2308,2467,4775,-159,1,11,화
2022-01-11,공항철도 1호선,운서,6250,6353,12603,-103,1,11,화
2022-01-11,공항철도 1호선,청라국제도시,6801,6487,13288,314,1,11,화
2022-01-11,공항철도 1호선,검암,6289,6295,12584,-6,1,11,화
2022-01-11,공항철도 1호선,계양,10063,9562,19625,501,1,11,화
2022-01-11,공항철도 1호선,김포공항,10947,6380,17327,4567,1,11,화
2022-01-11,공항철도 1호선,마곡나루(서울식물원),8702,8445,17147,257,1,11,화
2022-01-11,공항철도 1호선,디지털미디어시티,14412,13084,27496,1328,1,11,화
2022-01-11,공항철도 1호선,홍대입구,9059,9226,18285,-167,1,11,화
2022-01-11,공항철도 1호선,공덕,2282,2960,5242,-678,1,11,화
2022-01-11,공항철도 1호선,서울역,6951,6315,13266,636,1,11,화
2022-01-11,경춘선,춘천,1044,921,1965,123,1,11,화
2022-01-11,경춘선,남춘천,1890,1945,3835,-55,1,11,화
2022-01-11,경춘선,김유정,278,251,529,27,1,11,화
2022-01-11,경춘선,강촌,321,305,626,16,1,11,화
2022-01-11,경춘선,백양리,289,237,526,52,1,11,화
2022-01-11,경춘선,굴봉산,110,113,223,-3,1,11,화
2022-01-11,경춘선,가평,1343,1327,2670,16,1,11,화
2022-01-11,경춘선,상천,140,129,269,11,1,11,화
2022-01-11,경춘선,청평,1334,1294,2628,40,1,11,화
2022-01-11,경춘선,대성리,383,368,751,15,1,11,화
2022-01-11,경춘선,마석,3397,3304,6701,93,1,11,화
2022-01-11,경춘선,천마산,1489,1366,2855,123,1,11,화
2022-01-11,경춘선,평내호평,5831,5613,11444,218,1,11,화
2022-01-11,경춘선,금곡,1341,1038,2379,303,1,11,화
2022-01-11,경춘선,사릉,3060,2929,5989,131,1,11,화
2022-01-11,경춘선,퇴계원,3397,3129,6526,268,1,11,화
2022-01-11,경춘선,별내,3247,3065,6312,182,1,11,화
2022-01-11,경춘선,갈매,2938,2519,5457,419,1,11,화
2022-01-11,경춘선,신내,1944,1825,3769,119,1,11,화
2022-01-11,경인선,도화,3842,3655,7497,187,1,11,화
2022-01-11,안산선,수리산,3993,3252,7245,741,1,11,화
2022-01-11,우이신설선,솔밭공원,2377,2281,4658,96,1,11,화
2022-01-12,공항철도 1호선,홍대입구,9082,9139,18221,-57,1,12,수
2022-01-12,7호선,논현,20597,22122,42719,-1525,1,12,수
2022-01-12,7호선,학동,25498,26672,52170,-1174,1,12,수
2022-01-12,7호선,강남구청,16712,18169,34881,-1457,1,12,수
2022-01-12,7호선,청담,19550,21777,41327,-2227,1,12,수
2022-01-12,7호선,뚝섬유원지,6680,6716,13396,-36,1,12,수
2022-01-12,7호선,건대입구,12113,12401,24514,-288,1,12,수
2022-01-12,7호선,어린이대공원(세종대),11844,11637,23481,207,1,12,수
2022-01-12,7호선,군자(능동),14584,11931,26515,2653,1,12,수
2022-01-12,7호선,중곡,10361,10002,20363,359,1,12,수
2022-01-12,7호선,용마산(용마폭포공원),5857,5699,11556,158,1,12,수
2022-01-12,7호선,사가정,15372,15594,30966,-222,1,12,수
2022-01-12,7호선,면목,14770,14470,29240,300,1,12,수
2022-01-12,7호선,상봉(시외버스터미널),16210,15245,31455,965,1,12,수
2022-01-12,7호선,중화,10497,10518,21015,-21,1,12,수
2022-01-12,7호선,먹골,9654,9624,19278,30,1,12,수
2022-01-12,7호선,태릉입구,7944,7507,15451,437,1,12,수
2022-01-12,7호선,공릉(서울과학기술대),10813,10906,21719,-93,1,12,수
2022-01-12,경의선,운정,6335,6049,12384,286,1,12,수
2022-01-12,경의선,야당,6757,6480,13237,277,1,12,수
2022-01-12,경의선,탄현,7292,7135,14427,157,1,12,수
2022-01-12,경의선,일산,8651,8675,17326,-24,1,12,수
2022-01-12,경의선,풍산,4987,4642,9629,345,1,12,수
2022-01-12,경의선,백마,6421,6354,12775,67,1,12,수
2022-01-12,경의선,곡산,516,536,1052,-20,1,12,수
2022-01-12,경의선,능곡,3455,3217,6672,238,1,12,수
2022-01-12,경의선,행신,7410,7512,14922,-102,1,12,수
2022-01-12,경의선,강매,3013,2641,5654,372,1,12,수
2022-01-12,경의선,화전,1464,1328,2792,136,1,12,수
2022-01-12,경의선,수색,2660,2738,5398,-78,1,12,수
2022-01-12,경의선,디지털미디어시티,2347,2205,4552,142,1,12,수
2022-01-12,경의선,가좌,4922,4798,9720,124,1,12,수
2022-01-12,경의선,홍대입구,1533,1831,3364,-298,1,12,수
2022-01-12,경의선,서강대,2006,1923,3929,83,1,12,수
2022-01-12,경의선,공덕,3416,2971,6387,445,1,12,수
2022-01-12,경의선,효창공원앞,2793,3306,6099,-513,1,12,수
2022-01-12,경의선,신촌,798,961,1759,-163,1,12,수
2022-01-12,경의선,서울역,4061,5127,9188,-1066,1,12,수
2022-01-12,경원선,소요산,1777,1515,3292,262,1,12,수
2022-01-12,경원선,동두천,1782,1966,3748,-184,1,12,수
2022-01-12,경원선,보산,1181,1083,2264,98,1,12,수
2022-01-12,경원선,동두천중앙,2653,2569,5222,84,1,12,수
2022-01-12,경원선,지행,5662,5581,11243,81,1,12,수
2022-01-12,경원선,덕정,4710,4545,9255,165,1,12,수
2022-01-12,경원선,덕계,2777,2495,5272,282,1,12,수
2022-01-12,경원선,양주,6792,6398,13190,394,1,12,수
2022-01-12,경원선,녹양,4144,3908,8052,236,1,12,수
2022-01-12,경원선,가능,5908,5809,11717,99,1,12,수
2022-01-12,경원선,의정부,16971,17212,34183,-241,1,12,수
2022-01-12,경원선,회룡,11346,11264,22610,82,1,12,수
2022-01-12,경원선,망월사,6708,6994,13702,-286,1,12,수
2022-01-12,경원선,도봉산,6202,3717,9919,2485,1,12,수
2022-01-12,경원선,도봉,5597,5454,11051,143,1,12,수
2022-01-12,경원선,방학,8838,8778,17616,60,1,12,수
2022-01-12,경원선,녹천,4244,3673,7917,571,1,12,수
2022-01-12,경원선,월계,5622,5402,11024,220,1,12,수
2022-01-12,경원선,광운대,9339,8829,18168,510,1,12,수
2022-01-12,경원선,석계,7344,8403,15747,-1059,1,12,수
2022-01-12,경원선,신이문,7885,7441,15326,444,1,12,수
2022-01-12,경원선,외대앞,6722,6827,13549,-105,1,12,수
2022-01-12,경원선,청량리(서울시립대입구),12899,13338,26237,-439,1,12,수
2022-01-12,경원선,왕십리(성동구청),13099,14804,27903,-1705,1,12,수
2022-01-12,경원선,응봉,1692,1496,3188,196,1,12,수
2022-01-12,경원선,옥수,43,28,71,15,1,12,수
2022-01-12,경원선,한남,3945,3638,7583,307,1,12,수
2022-01-12,경원선,서빙고,1880,1780,3660,100,1,12,수
2022-01-12,경원선,이촌(국립중앙박물관),3523,2687,6210,836,1,12,수
2022-01-12,경부선,광명,3064,2590,5654,474,1,12,수
2022-01-12,경부선,서동탄,1314,1105,2419,209,1,12,수
2022-01-12,경부선,당정,5829,5529,11358,300,1,12,수
2022-01-12,경부선,천안,3871,4184,8055,-313,1,12,수
2022-01-12,경부선,두정,4295,4283,8578,12,1,12,수
2022-01-12,경부선,직산,664,656,1320,8,1,12,수
2022-01-12,경부선,성환,2739,2714,5453,25,1,12,수
2022-01-12,경부선,평택,9811,9630,19441,181,1,12,수
2022-01-12,경부선,평택지제,3074,3083,6157,-9,1,12,수
2022-01-12,경부선,서정리,5896,5681,11577,215,1,12,수
2022-01-12,경부선,송탄,3656,3469,7125,187,1,12,수
2022-01-12,경부선,진위,1508,1306,2814,202,1,12,수
2022-01-12,경부선,오산,8667,8633,17300,34,1,12,수
2022-01-12,경부선,오산대,2887,2688,5575,199,1,12,수
2022-01-12,경부선,세마,2557,2383,4940,174,1,12,수
2022-01-12,경부선,병점,13022,12885,25907,137,1,12,수
2022-01-12,경부선,세류,2744,2579,5323,165,1,12,수
2022-01-12,경부선,독산,18484,19336,37820,-852,1,12,수
2022-01-12,경부선,수원,30188,31738,61926,-1550,1,12,수
2022-01-12,경부선,화서,7315,7106,14421,209,1,12,수
2022-01-12,경부선,성균관대,12807,12931,25738,-124,1,12,수
2022-01-12,경부선,의왕,8600,8652,17252,-52,1,12,수
2022-01-12,경부선,군포,7488,7477,14965,11,1,12,수
2022-01-12,경부선,금정,25437,25880,51317,-443,1,12,수
2022-01-12,경부선,명학,8634,8630,17264,4,1,12,수
2022-01-12,경부선,안양,19566,19735,39301,-169,1,12,수
2022-01-12,경부선,관악,6644,6260,12904,384,1,12,수
2022-01-12,경부선,석수,9031,8149,17180,882,1,12,수
2022-01-12,경부선,금천구청,11141,11075,22216,66,1,12,수
2022-01-12,경부선,가산디지털단지,18105,21002,39107,-2897,1,12,수
2022-01-12,경부선,구로,18029,18080,36109,-51,1,12,수
2022-01-12,경부선,신길,8530,7233,15763,1297,1,12,수
2022-01-12,경부선,신도림,3949,3792,7741,157,1,12,수
2022-01-12,경부선,영등포,34295,35186,69481,-891,1,12,수
2022-01-12,경부선,대방,12338,12895,25233,-557,1,12,수
2022-01-12,경부선,노량진,7789,7935,15724,-146,1,12,수
2022-01-12,경부선,용산,30782,31196,61978,-414,1,12,수
2022-01-12,경부선,남영,8494,8905,17399,-411,1,12,수
2022-01-12,경부선,서울역,5345,1798,7143,3547,1,12,수
2022-01-12,경강선,여주,1638,1665,3303,-27,1,12,수
2022-01-12,경강선,세종대왕릉,249,244,493,5,1,12,수
2022-01-12,경강선,부발,1957,1852,3809,105,1,12,수
2022-01-12,경강선,이천,2342,2380,4722,-38,1,12,수
2022-01-12,경강선,신둔도예촌,1240,1174,2414,66,1,12,수
2022-01-12,경강선,곤지암,2059,1953,4012,106,1,12,수
2022-01-12,경강선,초월,2908,2875,5783,33,1,12,수
2022-01-12,경강선,경기광주,7383,6969,14352,414,1,12,수
2022-01-12,경강선,삼동,2240,2124,4364,116,1,12,수
2022-01-12,경강선,이매,1008,858,1866,150,1,12,수
2022-01-12,경강선,판교,4636,4505,9141,131,1,12,수
2022-01-12,9호선2~3단계,중앙보훈병원,10644,9347,19991,1297,1,12,수
2022-01-12,9호선2~3단계,둔촌오륜,958,920,1878,38,1,12,수
2022-01-12,9호선2~3단계,올림픽공원(한국체대),5614,5658,11272,-44,1,12,수
2022-01-12,9호선2~3단계,한성백제,2526,2273,4799,253,1,12,수
2022-01-12,9호선2~3단계,송파나루,5203,5378,10581,-175,1,12,수
2022-01-12,9호선2~3단계,석촌,8302,7239,15541,1063,1,12,수
2022-01-12,9호선2~3단계,석촌고분,6111,6144,12255,-33,1,12,수
2022-01-12,9호선2~3단계,삼전,6927,6810,13737,117,1,12,수
2022-01-12,9호선2~3단계,종합운동장,4284,4367,8651,-83,1,12,수
2022-01-12,9호선2~3단계,봉은사,15883,16130,32013,-247,1,12,수
2022-01-12,9호선2~3단계,삼성중앙,7030,7401,14431,-371,1,12,수
2022-01-12,7호선,마들,12185,11816,24001,369,1,12,수
2022-01-12,9호선2~3단계,선정릉,9709,10534,20243,-825,1,12,수
2022-01-12,9호선2~3단계,언주,11113,11359,22472,-246,1,12,수
2022-01-12,9호선,신논현,32038,31596,63634,442,1,12,수
2022-01-12,9호선,사평,3400,3384,6784,16,1,12,수
2022-01-12,9호선,고속터미널,11174,14138,25312,-2964,1,12,수
2022-01-12,9호선,신반포,3093,3065,6158,28,1,12,수
2022-01-12,9호선,구반포,1483,1541,3024,-58,1,12,수
2022-01-12,9호선,동작(현충원),1770,1370,3140,400,1,12,수
2022-01-12,9호선,흑석(중앙대입구),7622,8052,15674,-430,1,12,수
2022-01-12,9호선,노들,4264,3744,8008,520,1,12,수
2022-01-12,9호선,노량진,25918,25224,51142,694,1,12,수
2022-01-12,9호선,샛강,5988,6266,12254,-278,1,12,수
2022-01-12,9호선,여의도,28100,26388,54488,1712,1,12,수
2022-01-12,9호선,국회의사당,17399,17661,35060,-262,1,12,수
2022-01-12,9호선,당산,17928,18024,35952,-96,1,12,수
2022-01-12,9호선,선유도,8913,8719,17632,194,1,12,수
2022-01-12,9호선,신목동,3930,3526,7456,404,1,12,수
2022-01-12,9호선,염창,16962,16662,33624,300,1,12,수
2022-01-12,9호선,등촌,11062,11087,22149,-25,1,12,수
2022-01-12,9호선,증미,7363,7319,14682,44,1,12,수
2022-01-12,9호선,가양,19600,19246,38846,354,1,12,수
2022-01-12,9호선,양천향교,9372,9754,19126,-382,1,12,수
2022-01-12,9호선,마곡나루(서울식물원),11814,11660,23474,154,1,12,수
2022-01-12,9호선,신방화,6465,6383,12848,82,1,12,수
2022-01-12,9호선,공항시장,2827,3090,5917,-263,1,12,수
2022-01-12,9호선,김포공항,6764,10490,17254,-3726,1,12,수
2022-01-12,9호선,개화,2303,1629,3932,674,1,12,수
2022-01-12,8호선,남위례,3584,3917,7501,-333,1,12,수
2022-01-12,8호선,모란,4124,3136,7260,988,1,12,수
2022-01-12,8호선,수진,5091,4732,9823,359,1,12,수
2022-01-12,8호선,신흥,3947,4317,8264,-370,1,12,수
2022-01-12,8호선,단대오거리,10062,9939,20001,123,1,12,수
2022-01-12,8호선,남한산성입구(성남법원.검찰청),12895,11998,24893,897,1,12,수
2022-01-12,8호선,산성,5110,5061,10171,49,1,12,수
2022-01-12,8호선,복정,9378,7802,17180,1576,1,12,수
2022-01-12,8호선,장지,17023,16584,33607,439,1,12,수
2022-01-12,8호선,문정,23210,24210,47420,-1000,1,12,수
2022-01-12,8호선,가락시장,7578,8242,15820,-664,1,12,수
2022-01-12,8호선,송파,7203,7502,14705,-299,1,12,수
2022-01-12,8호선,석촌,7763,8861,16624,-1098,1,12,수
2022-01-12,8호선,잠실(송파구청),14155,16400,30555,-2245,1,12,수
2022-01-12,8호선,몽촌토성(평화의문),5960,6114,12074,-154,1,12,수
2022-01-12,8호선,강동구청,10562,11029,21591,-467,1,12,수
2022-01-12,8호선,천호(풍납토성),14500,16416,30916,-1916,1,12,수
2022-01-12,8호선,암사,18482,16636,35118,1846,1,12,수
2022-01-12,7호선,부천시청,1,0,1,1,1,12,수
2022-01-12,7호선,신중동,1,0,1,1,1,12,수
2022-01-12,7호선,까치울,1,0,1,1,1,12,수
2022-01-12,7호선,온수(성공회대입구),9786,9068,18854,718,1,12,수
2022-01-12,7호선,천왕,11078,10513,21591,565,1,12,수
2022-01-12,7호선,광명사거리,21086,20857,41943,229,1,12,수
2022-01-12,7호선,철산,20307,20723,41030,-416,1,12,수
2022-01-12,7호선,가산디지털단지,47246,46973,94219,273,1,12,수
2022-01-12,7호선,남구로,15974,16767,32741,-793,1,12,수
2022-01-12,7호선,대림(구로구청),7462,7510,14972,-48,1,12,수
2022-01-12,7호선,신풍,11159,10799,21958,360,1,12,수
2022-01-12,7호선,보라매,9374,9458,18832,-84,1,12,수
2022-01-12,7호선,신대방삼거리,15984,15526,31510,458,1,12,수
2022-01-12,7호선,장승배기,8709,8608,17317,101,1,12,수
2022-01-12,7호선,상도,10185,9984,20169,201,1,12,수
2022-01-12,7호선,숭실대입구(살피재),11224,11439,22663,-215,1,12,수
2022-01-12,7호선,남성,10563,9972,20535,591,1,12,수
2022-01-12,7호선,이수,15356,14890,30246,466,1,12,수
2022-01-12,7호선,내방,14729,15085,29814,-356,1,12,수
2022-01-12,7호선,고속터미널,14762,12688,27450,2074,1,12,수
2022-01-12,7호선,반포,5544,5370,10914,174,1,12,수
2022-01-12,1호선,서울역,40827,38656,79483,2171,1,12,수
2022-01-12,1호선,동묘앞,5976,6169,12145,-193,1,12,수
2022-01-12,1호선,시청,21425,21176,42601,249,1,12,수
2022-01-12,1호선,종각,34756,33411,68167,1345,1,12,수
2022-01-12,1호선,종로3가,23112,21411,44523,1701,1,12,수
2022-01-12,1호선,종로5가,20613,20381,40994,232,1,12,수
2022-01-12,1호선,동대문,9894,9059,18953,835,1,12,수
2022-01-12,1호선,신설동,12914,12586,25500,328,1,12,수
2022-01-12,1호선,제기동,14907,15034,29941,-127,1,12,수
2022-01-12,1호선,청량리(서울시립대입구),17052,16862,33914,190,1,12,수
2022-01-12,2호선,시청,23644,22461,46105,1183,1,12,수
2022-01-12,2호선,을지로입구,38799,39363,78162,-564,1,12,수
2022-01-12,2호선,을지로3가,22675,22200,44875,475,1,12,수
2022-01-12,2호선,을지로4가,12731,12322,25053,409,1,12,수
2022-01-12,2호선,동대문역사문화공원(DDP),11302,12387,23689,-1085,1,12,수
2022-01-12,2호선,신당,12979,13643,26622,-664,1,12,수
2022-01-12,2호선,상왕십리,13705,13556,27261,149,1,12,수
2022-01-12,2호선,왕십리(성동구청),14997,12498,27495,2499,1,12,수
2022-01-12,2호선,한양대,6882,7276,14158,-394,1,12,수
2022-01-12,2호선,뚝섬,21727,23392,45119,-1665,1,12,수
2022-01-12,2호선,성수,38123,40786,78909,-2663,1,12,수
2022-01-12,2호선,건대입구,33270,35293,68563,-2023,1,12,수
2022-01-12,2호선,구의(광진구청),23183,22949,46132,234,1,12,수
2022-01-12,2호선,강변(동서울터미널),28552,27023,55575,1529,1,12,수
2022-01-12,2호선,잠실나루,14140,13580,27720,560,1,12,수
2022-01-12,2호선,잠실(송파구청),67271,67606,134877,-335,1,12,수
2022-01-12,2호선,잠실새내,20648,20412,41060,236,1,12,수
2022-01-12,2호선,종합운동장,6858,7414,14272,-556,1,12,수
2022-01-12,2호선,삼성(무역센터),52432,52235,104667,197,1,12,수
2022-01-12,2호선,선릉,57818,51313,109131,6505,1,12,수
2022-01-12,2호선,역삼,55474,60647,116121,-5173,1,12,수
2022-01-12,2호선,강남,87834,85411,173245,2423,1,12,수
2022-01-12,2호선,교대(법원.검찰청),34409,38731,73140,-4322,1,12,수
2022-01-12,2호선,서초,21500,20659,42159,841,1,12,수
2022-01-12,2호선,방배,16089,16860,32949,-771,1,12,수
2022-01-12,2호선,사당,35068,38291,73359,-3223,1,12,수
2022-01-12,2호선,낙성대(강감찬),26189,25682,51871,507,1,12,수
2022-01-12,2호선,서울대입구(관악구청),45617,45075,90692,542,1,12,수
2022-01-12,2호선,봉천,22923,21656,44579,1267,1,12,수
2022-01-12,2호선,신림,61441,60475,121916,966,1,12,수
2022-01-12,2호선,신대방,25215,24792,50007,423,1,12,수
2022-01-12,2호선,구로디지털단지,59366,59222,118588,144,1,12,수
2022-01-12,2호선,대림(구로구청),22714,23250,45964,-536,1,12,수
2022-01-12,2호선,신도림,45623,44751,90374,872,1,12,수
2022-01-12,2호선,문래,21150,21525,42675,-375,1,12,수
2022-01-12,2호선,영등포구청,22668,23203,45871,-535,1,12,수
2022-01-12,2호선,당산,17593,20400,37993,-2807,1,12,수
2022-01-12,2호선,합정,30220,30838,61058,-618,1,12,수
2022-01-12,2호선,홍대입구,51272,52155,103427,-883,1,12,수
2022-01-12,2호선,신촌,31179,31788,62967,-609,1,12,수
2022-01-12,2호선,이대,12061,12662,24723,-601,1,12,수
2022-01-12,2호선,아현,9560,9166,18726,394,1,12,수
2022-01-12,2호선,충정로(경기대입구),9740,10259,19999,-519,1,12,수
2022-01-12,2호선,용답,2521,2565,5086,-44,1,12,수
2022-01-12,2호선,신답,1596,1939,3535,-343,1,12,수
2022-01-12,2호선,신설동,3237,3363,6600,-126,1,12,수
2022-01-12,2호선,도림천,1416,1451,2867,-35,1,12,수
2022-01-12,2호선,양천구청,6599,7022,13621,-423,1,12,수
2022-01-12,2호선,신정네거리,9869,10351,20220,-482,1,12,수
2022-01-12,2호선,용두(동대문구청),2200,2273,4473,-73,1,12,수
2022-01-12,3호선,지축,4246,4168,8414,78,1,12,수
2022-01-12,3호선,구파발,19602,18643,38245,959,1,12,수
2022-01-12,3호선,연신내,34175,32797,66972,1378,1,12,수
2022-01-12,3호선,불광,15241,16025,31266,-784,1,12,수
2022-01-12,3호선,녹번,15015,13818,28833,1197,1,12,수
2022-01-12,3호선,홍제,16038,15389,31427,649,1,12,수
2022-01-12,3호선,무악재,3783,3805,7588,-22,1,12,수
2022-01-12,3호선,독립문,6100,6423,12523,-323,1,12,수
2022-01-12,3호선,경복궁(정부서울청사),18524,18089,36613,435,1,12,수
2022-01-12,3호선,안국,19174,19623,38797,-449,1,12,수
2022-01-12,3호선,종로3가,10047,11314,21361,-1267,1,12,수
2022-01-12,3호선,을지로3가,10752,10942,21694,-190,1,12,수
2022-01-12,3호선,동대입구,7273,7584,14857,-311,1,12,수
2022-01-12,3호선,약수,12230,11926,24156,304,1,12,수
2022-01-12,3호선,금호,7697,7370,15067,327,1,12,수
2022-01-12,3호선,옥수,8402,8896,17298,-494,1,12,수
2022-01-12,3호선,압구정,32508,34545,67053,-2037,1,12,수
2022-01-12,3호선,신사,31422,32147,63569,-725,1,12,수
2022-01-12,3호선,잠원,4474,4477,8951,-3,1,12,수
2022-01-12,3호선,고속터미널,36363,34880,71243,1483,1,12,수
2022-01-12,3호선,교대(법원.검찰청),14343,9268,23611,5075,1,12,수
2022-01-12,3호선,남부터미널(예술의전당),28486,28955,57441,-469,1,12,수
2022-01-12,3호선,양재(서초구청),39110,41847,80957,-2737,1,12,수
2022-01-12,3호선,매봉,12661,12097,24758,564,1,12,수
2022-01-12,3호선,도곡,5264,5340,10604,-76,1,12,수
2022-01-12,3호선,대치,11164,11194,22358,-30,1,12,수
2022-01-12,3호선,학여울,1693,1780,3473,-87,1,12,수
2022-01-12,3호선,대청,9772,9217,18989,555,1,12,수
2022-01-12,3호선,일원,9749,9533,19282,216,1,12,수
2022-01-12,3호선,수서,16175,16474,32649,-299,1,12,수
2022-01-12,3호선,가락시장,8591,8440,17031,151,1,12,수
2022-01-12,3호선,경찰병원,7513,7667,15180,-154,1,12,수
2022-01-12,3호선,오금,6064,5477,11541,587,1,12,수
2022-01-12,4호선,수유(강북구청),32067,32526,64593,-459,1,12,수
2022-01-12,4호선,미아(서울사이버대학),13828,13839,27667,-11,1,12,수
2022-01-12,4호선,미아사거리,25971,25240,51211,731,1,12,수
2022-01-12,4호선,길음,19129,18874,38003,255,1,12,수
2022-01-12,4호선,성신여대입구(돈암),18692,18193,36885,499,1,12,수
2022-01-12,4호선,한성대입구(삼선교),12352,11993,24345,359,1,12,수
2022-01-12,4호선,혜화,31023,30708,61731,315,1,12,수
2022-01-12,4호선,동대문,18101,18776,36877,-675,1,12,수
2022-01-12,4호선,동대문역사문화공원(DDP),14445,13133,27578,1312,1,12,수
2022-01-12,4호선,충무로,25529,26150,51679,-621,1,12,수
2022-01-12,4호선,명동,17095,17644,34739,-549,1,12,수
2022-01-12,4호선,회현(남대문시장),22312,23727,46039,-1415,1,12,수
2022-01-12,4호선,서울역,10818,15502,26320,-4684,1,12,수
2022-01-12,4호선,숙대입구(갈월),12046,11835,23881,211,1,12,수
2022-01-12,4호선,삼각지,4896,5283,10179,-387,1,12,수
2022-01-12,4호선,신용산,16392,17376,33768,-984,1,12,수
2022-01-12,4호선,이촌(국립중앙박물관),7226,7950,15176,-724,1,12,수
2022-01-12,4호선,동작(현충원),1109,1292,2401,-183,1,12,수
2022-01-12,4호선,총신대입구(이수),18049,19625,37674,-1576,1,12,수
2022-01-12,4호선,사당,23786,19455,43241,4331,1,12,수
2022-01-12,4호선,남태령,1090,987,2077,103,1,12,수
2022-01-12,4호선,당고개,11963,10816,22779,1147,1,12,수
2022-01-12,4호선,상계,18061,16862,34923,1199,1,12,수
2022-01-12,4호선,노원,17841,19913,37754,-2072,1,12,수
2022-01-12,4호선,창동,23845,25281,49126,-1436,1,12,수
2022-01-12,4호선,쌍문,28186,26006,54192,2180,1,12,수
2022-01-12,5호선,방화,6226,6021,12247,205,1,12,수
2022-01-12,5호선,개화산,5317,5137,10454,180,1,12,수
2022-01-12,5호선,김포공항,6749,6436,13185,313,1,12,수
2022-01-12,5호선,송정,6033,5779,11812,254,1,12,수
2022-01-12,5호선,마곡,10878,10744,21622,134,1,12,수
2022-01-12,5호선,발산,20042,20161,40203,-119,1,12,수
2022-01-12,5호선,우장산,13691,13710,27401,-19,1,12,수
2022-01-12,5호선,화곡,27489,25934,53423,1555,1,12,수
2022-01-12,5호선,까치산,27834,27152,54986,682,1,12,수
2022-01-12,5호선,신정(은행정),13569,11108,24677,2461,1,12,수
2022-01-12,5호선,목동,16380,17815,34195,-1435,1,12,수
2022-01-12,5호선,오목교(목동운동장앞),21527,22780,44307,-1253,1,12,수
2022-01-12,5호선,양평,7563,7636,15199,-73,1,12,수
2022-01-12,5호선,영등포구청,3784,3904,7688,-120,1,12,수
2022-01-12,5호선,영등포시장,9772,10142,19914,-370,1,12,수
2022-01-12,5호선,신길,4154,4483,8637,-329,1,12,수
2022-01-12,5호선,여의도,29940,30499,60439,-559,1,12,수
2022-01-12,5호선,여의나루,8371,9319,17690,-948,1,12,수
2022-01-12,5호선,마포,14579,14855,29434,-276,1,12,수
2022-01-12,5호선,공덕,13818,14660,28478,-842,1,12,수
2022-01-12,5호선,애오개,6612,6925,13537,-313,1,12,수
2022-01-12,5호선,충정로(경기대입구),4720,4788,9508,-68,1,12,수
2022-01-12,5호선,서대문,19315,19594,38909,-279,1,12,수
2022-01-12,5호선,광화문(세종문화회관),29587,30613,60200,-1026,1,12,수
2022-01-12,5호선,종로3가,12065,11651,23716,414,1,12,수
2022-01-12,5호선,을지로4가,5937,5960,11897,-23,1,12,수
2022-01-12,5호선,동대문역사문화공원(DDP),3111,3599,6710,-488,1,12,수
2022-01-12,5호선,청구,3832,3584,7416,248,1,12,수
2022-01-12,5호선,신금호,6069,6255,12324,-186,1,12,수
2022-01-12,5호선,행당,7882,7267,15149,615,1,12,수
2022-01-12,5호선,왕십리(성동구청),4522,4927,9449,-405,1,12,수
2022-01-12,5호선,마장,5495,5056,10551,439,1,12,수
2022-01-12,5호선,답십리,15882,14660,30542,1222,1,12,수
2022-01-12,5호선,장한평,18457,18390,36847,67,1,12,수
2022-01-12,5호선,군자(능동),11077,12039,23116,-962,1,12,수
2022-01-12,5호선,아차산(어린이대공원후문),13306,13074,26380,232,1,12,수
2022-01-12,5호선,광나루(장신대),12507,11175,23682,1332,1,12,수
2022-01-12,5호선,천호(풍납토성),17125,17074,34199,51,1,12,수
2022-01-12,5호선,강동,18342,17488,35830,854,1,12,수
2022-01-12,5호선,길동,7751,8176,15927,-425,1,12,수
2022-01-12,5호선,굽은다리(강동구민회관앞),9199,8901,18100,298,1,12,수
2022-01-12,5호선,명일,8262,8739,17001,-477,1,12,수
2022-01-12,5호선,고덕,8970,9088,18058,-118,1,12,수
2022-01-12,5호선,상일동,15072,14030,29102,1042,1,12,수
2022-01-12,5호선,둔촌동,8506,8380,16886,126,1,12,수
2022-01-12,5호선,올림픽공원(한국체대),4007,3392,7399,615,1,12,수
2022-01-12,5호선,방이,7177,7371,14548,-194,1,12,수
2022-01-12,5호선,오금,3521,3553,7074,-32,1,12,수
2022-01-12,5호선,개롱,6175,6519,12694,-344,1,12,수
2022-01-12,5호선,거여,9013,8543,17556,470,1,12,수
2022-01-12,5호선,마천,6517,6466,12983,51,1,12,수
2022-01-12,5호선,강일,3688,3655,7343,33,1,12,수
2022-01-12,5호선,미사,15537,15494,31031,43,1,12,수
2022-01-12,5호선,하남풍산,4037,4072,8109,-35,1,12,수
2022-01-12,5호선,하남시청(덕풍·신장),6032,5831,11863,201,1,12,수
2022-01-12,5호선,하남검단산,5005,4901,9906,104,1,12,수
2022-01-12,6호선,응암,16780,16821,33601,-41,1,12,수
2022-01-12,6호선,역촌,3582,4342,7924,-760,1,12,수
2022-01-12,6호선,불광,3973,3943,7916,30,1,12,수
2022-01-12,6호선,독바위,2585,2703,5288,-118,1,12,수
2022-01-12,6호선,구산,7145,5600,12745,1545,1,12,수
2022-01-12,6호선,새절(신사),12063,11362,23425,701,1,12,수
2022-01-12,6호선,증산(명지대앞),9702,9756,19458,-54,1,12,수
2022-01-12,6호선,디지털미디어시티,13344,14946,28290,-1602,1,12,수
2022-01-12,6호선,월드컵경기장(성산),3368,3554,6922,-186,1,12,수
2022-01-12,6호선,마포구청,13704,12740,26444,964,1,12,수
2022-01-12,6호선,망원,13371,14254,27625,-883,1,12,수
2022-01-12,6호선,합정,12727,12413,25140,314,1,12,수
2022-01-12,6호선,상수,8124,8910,17034,-786,1,12,수
2022-01-12,6호선,광흥창(서강),8770,8645,17415,125,1,12,수
2022-01-12,6호선,대흥(서강대앞),7601,7765,15366,-164,1,12,수
2022-01-12,6호선,공덕,18107,17385,35492,722,1,12,수
2022-01-12,6호선,효창공원앞,6693,5984,12677,709,1,12,수
2022-01-12,6호선,삼각지,6060,5479,11539,581,1,12,수
2022-01-12,6호선,녹사평(용산구청),4203,4223,8426,-20,1,12,수
2022-01-12,6호선,이태원,8869,8885,17754,-16,1,12,수
2022-01-12,6호선,한강진,8463,9324,17787,-861,1,12,수
2022-01-12,6호선,버티고개,1828,1896,3724,-68,1,12,수
2022-01-12,6호선,약수,3459,3436,6895,23,1,12,수
2022-01-12,6호선,청구,3740,3903,7643,-163,1,12,수
2022-01-12,6호선,신당,8420,8719,17139,-299,1,12,수
2022-01-12,6호선,동묘앞,7097,7345,14442,-248,1,12,수
2022-01-12,6호선,창신,3410,2800,6210,610,1,12,수
2022-01-12,6호선,보문,6799,6412,13211,387,1,12,수
2022-01-12,6호선,안암(고대병원앞),9659,9525,19184,134,1,12,수
2022-01-12,6호선,고려대(종암),7257,7057,14314,200,1,12,수
2022-01-12,6호선,월곡(동덕여대),10840,11033,21873,-193,1,12,수
2022-01-12,6호선,상월곡(한국과학기술연구원),5913,5330,11243,583,1,12,수
2022-01-12,6호선,돌곶이,9286,8760,18046,526,1,12,수
2022-01-12,6호선,석계,11703,12283,23986,-580,1,12,수
2022-01-12,6호선,태릉입구,5200,5768,10968,-568,1,12,수
2022-01-12,6호선,화랑대(서울여대입구),11117,8725,19842,2392,1,12,수
2022-01-12,6호선,봉화산(서울의료원),8650,8199,16849,451,1,12,수
2022-01-12,6호선,신내,1,0,1,1,1,12,수
2022-01-12,7호선,장암,2084,741,2825,1343,1,12,수
2022-01-12,7호선,도봉산,8342,9420,17762,-1078,1,12,수
2022-01-12,7호선,수락산,11988,11878,23866,110,1,12,수
2022-01-12,수인선,인하대,5178,4954,10132,224,1,12,수
2022-01-12,수인선,숭의,3699,3507,7206,192,1,12,수
2022-01-12,수인선,신포,1588,1600,3188,-12,1,12,수
2022-01-12,수인선,인천,903,1464,2367,-561,1,12,수
2022-01-12,안산선,산본,15111,16359,31470,-1248,1,12,수
2022-01-12,안산선,대야미,4620,4168,8788,452,1,12,수
2022-01-12,안산선,반월,3823,3718,7541,105,1,12,수
2022-01-12,안산선,상록수,14174,14650,28824,-476,1,12,수
2022-01-12,안산선,한대앞,8151,8242,16393,-91,1,12,수
2022-01-12,안산선,중앙,16652,16599,33251,53,1,12,수
2022-01-12,안산선,고잔,8192,7741,15933,451,1,12,수
2022-01-12,안산선,초지,4163,4300,8463,-137,1,12,수
2022-01-12,안산선,안산,10780,9880,20660,900,1,12,수
2022-01-12,안산선,신길온천,1618,1465,3083,153,1,12,수
2022-01-12,안산선,정왕,6991,7479,14470,-488,1,12,수
2022-01-12,안산선,오이도,7454,7253,14707,201,1,12,수
2022-01-12,안산선,수리산,3889,3228,7117,661,1,12,수
2022-01-12,우이신설선,북한산우이,2277,1919,4196,358,1,12,수
2022-01-12,7호선,하계,17374,16460,33834,914,1,12,수
2022-01-12,7호선,중계,13409,12465,25874,944,1,12,수
2022-01-12,7호선,노원,18718,19346,38064,-628,1,12,수
2022-01-12,중앙선,지평,51,40,91,11,1,12,수
2022-01-12,중앙선,용문,1297,1301,2598,-4,1,12,수
2022-01-12,중앙선,원덕,251,269,520,-18,1,12,수
2022-01-12,중앙선,양평,2166,2144,4310,22,1,12,수
2022-01-12,중앙선,오빈,238,233,471,5,1,12,수
2022-01-12,중앙선,아신,425,454,879,-29,1,12,수
2022-01-12,중앙선,국수,501,492,993,9,1,12,수
2022-01-12,중앙선,신원,127,109,236,18,1,12,수
2022-01-12,중앙선,양수,1335,1311,2646,24,1,12,수
2022-01-12,중앙선,운길산,418,400,818,18,1,12,수
2022-01-12,중앙선,팔당,653,666,1319,-13,1,12,수
2022-01-12,중앙선,도심,2200,1732,3932,468,1,12,수
2022-01-12,중앙선,덕소,5142,5016,10158,126,1,12,수
2022-01-12,중앙선,양정,654,558,1212,96,1,12,수
2022-01-12,중앙선,도농,9757,8960,18717,797,1,12,수
2022-01-12,중앙선,구리,12488,12701,25189,-213,1,12,수
2022-01-12,중앙선,양원,1829,1796,3625,33,1,12,수
2022-01-12,중앙선,망우,6945,6910,13855,35,1,12,수
2022-01-12,중앙선,상봉(시외버스터미널),5400,5428,10828,-28,1,12,수
2022-01-12,중앙선,중랑,5181,5004,10185,177,1,12,수
2022-01-12,중앙선,회기,22299,21721,44020,578,1,12,수
2022-01-12,장항선,신창(순천향대),809,787,1596,22,1,12,수
2022-01-12,장항선,온양온천,2937,2994,5931,-57,1,12,수
2022-01-12,장항선,배방,848,823,1671,25,1,12,수
2022-01-12,장항선,탕정,378,346,724,32,1,12,수
2022-01-12,장항선,아산,2372,2098,4470,274,1,12,수
2022-01-12,장항선,쌍용(나사렛대),1594,1476,3070,118,1,12,수
2022-01-12,장항선,봉명,1091,1038,2129,53,1,12,수
2022-01-12,일산선,대화,11913,9489,21402,2424,1,12,수
2022-01-12,일산선,주엽,8355,8436,16791,-81,1,12,수
2022-01-12,일산선,정발산,6894,6818,13712,76,1,12,수
2022-01-12,일산선,마두,7296,7366,14662,-70,1,12,수
2022-01-12,일산선,백석,9217,9085,18302,132,1,12,수
2022-01-12,일산선,대곡,1803,1426,3229,377,1,12,수
2022-01-12,일산선,화정,15656,16104,31760,-448,1,12,수
2022-01-12,일산선,원당,10177,9734,19911,443,1,12,수
2022-01-12,일산선,삼송,17995,17859,35854,136,1,12,수
2022-01-12,일산선,지축,1,0,1,1,1,12,수
2022-01-12,일산선,원흥,9941,9485,19426,456,1,12,수
2022-01-12,우이신설선,신설동,2008,1876,3884,132,1,12,수
2022-01-12,우이신설선,보문,1442,1454,2896,-12,1,12,수
2022-01-12,우이신설선,성신여대입구(돈암),3076,3332,6408,-256,1,12,수
2022-01-12,우이신설선,정릉,4389,4157,8546,232,1,12,수
2022-01-12,우이신설선,북한산보국문,5623,5536,11159,87,1,12,수
2022-01-12,우이신설선,솔샘,5722,5395,11117,327,1,12,수
2022-01-12,우이신설선,삼양사거리,2248,2318,4566,-70,1,12,수
2022-01-12,우이신설선,삼양,1822,1929,3751,-107,1,12,수
2022-01-12,우이신설선,화계,3134,3070,6204,64,1,12,수
2022-01-12,우이신설선,가오리,3836,3788,7624,48,1,12,수
2022-01-12,우이신설선,4.19민주묘지,2555,2415,4970,140,1,12,수
2022-01-12,우이신설선,솔밭공원,2273,2241,4514,32,1,12,수
2022-01-12,수인선,송도,2237,2117,4354,120,1,12,수
2022-01-12,수인선,연수,3998,3970,7968,28,1,12,수
2022-01-12,수인선,원인재,4077,4214,8291,-137,1,12,수
2022-01-12,수인선,남동인더스파크,2314,2508,4822,-194,1,12,수
2022-01-12,수인선,호구포,3867,4012,7879,-145,1,12,수
2022-01-12,수인선,인천논현,5193,5371,10564,-178,1,12,수
2022-01-12,수인선,소래포구,4162,3900,8062,262,1,12,수
2022-01-12,수인선,월곶,2479,2288,4767,191,1,12,수
2022-01-12,수인선,달월,98,54,152,44,1,12,수
2022-01-12,수인선,사리,4175,3713,7888,462,1,12,수
2022-01-12,수인선,야목,322,239,561,83,1,12,수
2022-01-12,수인선,어천,652,628,1280,24,1,12,수
2022-01-12,수인선,오목천,2469,2387,4856,82,1,12,수
2022-01-12,수인선,고색,4559,4304,8863,255,1,12,수
2022-01-12,분당선,매교,2613,2586,5199,27,1,12,수
2022-01-12,분당선,수원시청,12654,13287,25941,-633,1,12,수
2022-01-12,분당선,매탄권선,4771,4641,9412,130,1,12,수
2022-01-12,분당선,망포,14181,13610,27791,571,1,12,수
2022-01-12,분당선,영통,7972,8023,15995,-51,1,12,수
2022-01-12,분당선,청명,3956,3955,7911,1,1,12,수
2022-01-12,분당선,상갈,5151,4954,10105,197,1,12,수
2022-01-12,분당선,기흥,9201,8787,17988,414,1,12,수
2022-01-12,분당선,신갈,4373,4354,8727,19,1,12,수
2022-01-12,분당선,구성,4904,5223,10127,-319,1,12,수
2022-01-12,분당선,죽전,12269,13714,25983,-1445,1,12,수
2022-01-12,분당선,보정,2372,2109,4481,263,1,12,수
2022-01-12,분당선,이매,5382,5144,10526,238,1,12,수
2022-01-12,분당선,오리,11754,9608,21362,2146,1,12,수
2022-01-12,분당선,미금,15248,16057,31305,-809,1,12,수
2022-01-12,분당선,정자,17296,18317,35613,-1021,1,12,수
2022-01-12,분당선,수내,13529,13451,26980,78,1,12,수
2022-01-12,분당선,서현,24397,24747,49144,-350,1,12,수
2022-01-12,분당선,야탑,25318,26446,51764,-1128,1,12,수
2022-01-12,분당선,모란,18730,18939,37669,-209,1,12,수
2022-01-12,분당선,태평,12922,12559,25481,363,1,12,수
2022-01-12,분당선,가천대,6345,7226,13571,-881,1,12,수
2022-01-12,분당선,선정릉,8322,8808,17130,-486,1,12,수
2022-01-12,분당선,강남구청,10127,11560,21687,-1433,1,12,수
2022-01-12,분당선,압구정로데오,19594,20667,40261,-1073,1,12,수
2022-01-12,분당선,서울숲,10387,10515,20902,-128,1,12,수
2022-01-12,분당선,수원,7651,6221,13872,1430,1,12,수
2022-01-12,분당선,수서,13119,13515,26634,-396,1,12,수
2022-01-12,분당선,대모산입구,4321,4005,8326,316,1,12,수
2022-01-12,분당선,개포동,3635,3891,7526,-256,1,12,수
2022-01-12,분당선,구룡,1717,1707,3424,10,1,12,수
2022-01-12,분당선,도곡,6675,6715,13390,-40,1,12,수
2022-01-12,분당선,한티,14616,15854,30470,-1238,1,12,수
2022-01-12,분당선,선릉,14154,21020,35174,-6866,1,12,수
2022-01-12,과천선,범계,25163,24740,49903,423,1,12,수
2022-01-12,과천선,평촌,17877,17529,35406,348,1,12,수
2022-01-12,과천선,인덕원,23484,24556,48040,-1072,1,12,수
2022-01-12,과천선,정부과천청사,10123,10106,20229,17,1,12,수
2022-01-12,과천선,과천,5853,5493,11346,360,1,12,수
2022-01-12,과천선,대공원,1821,1919,3740,-98,1,12,수
2022-01-12,과천선,경마공원,1434,1464,2898,-30,1,12,수
2022-01-12,과천선,선바위,7942,6927,14869,1015,1,12,수
2022-01-12,공항철도 1호선,영종,2700,2781,5481,-81,1,12,수
2022-01-12,공항철도 1호선,인천공항2터미널,2130,2039,4169,91,1,12,수
2022-01-12,공항철도 1호선,인천공항1터미널,3679,3974,7653,-295,1,12,수
2022-01-12,공항철도 1호선,공항화물청사,2216,2465,4681,-249,1,12,수
2022-01-12,공항철도 1호선,운서,6225,6089,12314,136,1,12,수
2022-01-12,공항철도 1호선,청라국제도시,6683,6309,12992,374,1,12,수
2022-01-12,공항철도 1호선,검암,6449,6342,12791,107,1,12,수
2022-01-12,공항철도 1호선,계양,9791,9245,19036,546,1,12,수
2022-01-12,공항철도 1호선,김포공항,10853,6399,17252,4454,1,12,수
2022-01-12,공항철도 1호선,마곡나루(서울식물원),8508,8122,16630,386,1,12,수
2022-01-12,공항철도 1호선,디지털미디어시티,14330,12914,27244,1416,1,12,수
2022-01-12,공항철도 1호선,공덕,2195,2892,5087,-697,1,12,수
2022-01-12,공항철도 1호선,서울역,6969,6421,13390,548,1,12,수
2022-01-12,경춘선,춘천,874,823,1697,51,1,12,수
2022-01-12,경춘선,남춘천,2051,2139,4190,-88,1,12,수
2022-01-12,경춘선,김유정,204,187,391,17,1,12,수
2022-01-12,경춘선,강촌,314,312,626,2,1,12,수
2022-01-12,경춘선,백양리,258,221,479,37,1,12,수
2022-01-12,경춘선,굴봉산,102,97,199,5,1,12,수
2022-01-12,경춘선,가평,1258,1282,2540,-24,1,12,수
2022-01-12,경춘선,상천,157,146,303,11,1,12,수
2022-01-12,경춘선,청평,1296,1250,2546,46,1,12,수
2022-01-12,경춘선,대성리,388,329,717,59,1,12,수
2022-01-12,경춘선,마석,3234,3263,6497,-29,1,12,수
2022-01-12,경춘선,천마산,1392,1309,2701,83,1,12,수
2022-01-12,경춘선,평내호평,5500,5198,10698,302,1,12,수
2022-01-12,경춘선,금곡,1296,1247,2543,49,1,12,수
2022-01-12,경춘선,사릉,2945,2839,5784,106,1,12,수
2022-01-12,경춘선,퇴계원,3348,3081,6429,267,1,12,수
2022-01-12,경춘선,별내,3114,2980,6094,134,1,12,수
2022-01-12,경춘선,갈매,2845,2461,5306,384,1,12,수
2022-01-12,경춘선,신내,1851,1742,3593,109,1,12,수
2022-01-12,경인선,도화,3946,3770,7716,176,1,12,수
2022-01-12,경인선,중동,8769,8340,17109,429,1,12,수
2022-01-12,경인선,온수(성공회대입구),6021,5862,11883,159,1,12,수
2022-01-12,경인선,도원,2575,2678,5253,-103,1,12,수
2022-01-12,경인선,간석,5378,5167,10545,211,1,12,수
2022-01-12,경인선,부개,7933,7469,15402,464,1,12,수
2022-01-12,경인선,소사,7713,7558,15271,155,1,12,수
2022-01-12,경인선,구일,5741,5792,11533,-51,1,12,수
2022-01-12,경인선,인천,2727,1999,4726,728,1,12,수
2022-01-12,경인선,동인천,12903,12281,25184,622,1,12,수
2022-01-12,경인선,제물포,9705,9225,18930,480,1,12,수
2022-01-12,경인선,주안,17359,15816,33175,1543,1,12,수
2022-01-12,경인선,동암,13539,13701,27240,-162,1,12,수
2022-01-12,경인선,백운,6246,6196,12442,50,1,12,수
2022-01-12,경인선,부평,28001,29367,57368,-1366,1,12,수
2022-01-12,경인선,송내,25417,25181,50598,236,1,12,수
2022-01-12,경인선,부천,29796,29858,59654,-62,1,12,수
2022-01-12,경인선,역곡,25376,25301,50677,75,1,12,수
2022-01-12,경인선,오류동,11123,10649,21772,474,1,12,수
2022-01-12,경인선,개봉,20092,20423,40515,-331,1,12,수
2022-01-12,경의선,임진강,6,6,12,0,1,12,수
2022-01-12,경의선,문산,4431,4282,8713,149,1,12,수
2022-01-12,경의선,파주,888,664,1552,224,1,12,수
2022-01-12,경의선,월롱,2330,2092,4422,238,1,12,수
2022-01-12,경의선,금촌,5702,5602,11304,100,1,12,수
2022-01-12,경의선,금릉,4414,4215,8629,199,1,12,수
2022-01-13,3호선,잠원,4569,4461,9030,108,1,13,목
2022-01-13,3호선,신사,32050,33023,65073,-973,1,13,목
2022-01-13,3호선,압구정,32035,34330,66365,-2295,1,13,목
2022-01-13,3호선,옥수,8441,8825,17266,-384,1,13,목
2022-01-13,3호선,금호,7793,7377,15170,416,1,13,목
2022-01-13,3호선,약수,12401,12102,24503,299,1,13,목
2022-01-13,3호선,동대입구,6913,7249,14162,-336,1,13,목
2022-01-13,3호선,을지로3가,10665,10826,21491,-161,1,13,목
2022-01-13,3호선,종로3가,10215,11367,21582,-1152,1,13,목
2022-01-13,3호선,안국,19156,19745,38901,-589,1,13,목
2022-01-13,3호선,경복궁(정부서울청사),18953,18378,37331,575,1,13,목
2022-01-13,3호선,독립문,6223,6437,12660,-214,1,13,목
2022-01-13,3호선,무악재,3760,3837,7597,-77,1,13,목
2022-01-13,3호선,홍제,16252,15720,31972,532,1,13,목
2022-01-13,3호선,녹번,15197,13936,29133,1261,1,13,목
2022-01-13,3호선,불광,15284,16248,31532,-964,1,13,목
2022-01-13,3호선,연신내,34371,32721,67092,1650,1,13,목
2022-01-13,3호선,구파발,19701,18719,38420,982,1,13,목
2022-01-13,3호선,지축,4159,4131,8290,28,1,13,목
2022-01-13,2호선,용두(동대문구청),2259,2330,4589,-71,1,13,목
2022-01-13,2호선,신정네거리,9880,10380,20260,-500,1,13,목
2022-01-13,2호선,양천구청,6605,7078,13683,-473,1,13,목
2022-01-13,2호선,도림천,1365,1443,2808,-78,1,13,목
2022-01-13,2호선,신설동,3367,3392,6759,-25,1,13,목
2022-01-13,2호선,신답,1572,1895,3467,-323,1,13,목
2022-01-13,2호선,용답,2525,2582,5107,-57,1,13,목
2022-01-13,2호선,충정로(경기대입구),9663,10144,19807,-481,1,13,목
2022-01-13,2호선,아현,9618,9537,19155,81,1,13,목
2022-01-13,2호선,이대,12298,12871,25169,-573,1,13,목
2022-01-13,2호선,신촌,31604,32315,63919,-711,1,13,목
2022-01-13,2호선,홍대입구,53135,54210,107345,-1075,1,13,목
2022-01-13,2호선,합정,30694,31763,62457,-1069,1,13,목
2022-01-13,2호선,당산,17490,20448,37938,-2958,1,13,목
2022-01-13,2호선,영등포구청,23034,23257,46291,-223,1,13,목
2022-01-13,중앙선,도심,2193,1748,3941,445,1,13,목
2022-01-13,중앙선,팔당,695,732,1427,-37,1,13,목
2022-01-13,중앙선,운길산,474,441,915,33,1,13,목
2022-01-13,중앙선,양수,1419,1468,2887,-49,1,13,목
2022-01-13,중앙선,신원,161,150,311,11,1,13,목
2022-01-13,중앙선,국수,550,544,1094,6,1,13,목
2022-01-13,중앙선,아신,458,462,920,-4,1,13,목
2022-01-13,중앙선,오빈,251,255,506,-4,1,13,목
2022-01-13,중앙선,양평,2874,2846,5720,28,1,13,목
2022-01-13,중앙선,원덕,297,265,562,32,1,13,목
2022-01-13,중앙선,용문,1332,1425,2757,-93,1,13,목
2022-01-13,중앙선,지평,64,58,122,6,1,13,목
2022-01-13,2호선,문래,21365,21690,43055,-325,1,13,목
2022-01-13,2호선,신도림,46183,45513,91696,670,1,13,목
2022-01-13,2호선,대림(구로구청),22617,23078,45695,-461,1,13,목
2022-01-13,2호선,구로디지털단지,59515,59456,118971,59,1,13,목
2022-01-13,2호선,신대방,25380,25027,50407,353,1,13,목
2022-01-13,2호선,신림,61880,60695,122575,1185,1,13,목
2022-01-13,2호선,봉천,22802,21541,44343,1261,1,13,목
2022-01-13,2호선,서울대입구(관악구청),46029,45163,91192,866,1,13,목
2022-01-13,2호선,낙성대(강감찬),26426,25964,52390,462,1,13,목
2022-01-13,2호선,사당,35641,38657,74298,-3016,1,13,목
2022-01-13,2호선,방배,15889,16837,32726,-948,1,13,목
2022-01-13,2호선,서초,21672,20956,42628,716,1,13,목
2022-01-13,2호선,교대(법원.검찰청),34352,38733,73085,-4381,1,13,목
2022-01-13,2호선,강남,88800,86176,174976,2624,1,13,목
2022-01-13,2호선,역삼,55616,60562,116178,-4946,1,13,목
2022-01-13,2호선,선릉,57998,51795,109793,6203,1,13,목
2022-01-13,2호선,삼성(무역센터),51985,52135,104120,-150,1,13,목
2022-01-13,2호선,종합운동장,6582,7215,13797,-633,1,13,목
2022-01-13,2호선,잠실새내,20632,20382,41014,250,1,13,목
2022-01-13,2호선,잠실(송파구청),67588,67405,134993,183,1,13,목
2022-01-13,2호선,잠실나루,14198,13822,28020,376,1,13,목
2022-01-13,2호선,강변(동서울터미널),28413,27283,55696,1130,1,13,목
2022-01-13,2호선,구의(광진구청),23147,23129,46276,18,1,13,목
2022-01-13,2호선,건대입구,33964,36095,70059,-2131,1,13,목
2022-01-13,2호선,성수,38518,41057,79575,-2539,1,13,목
2022-01-13,2호선,뚝섬,22088,23662,45750,-1574,1,13,목
2022-01-13,2호선,한양대,6760,6853,13613,-93,1,13,목
2022-01-13,2호선,왕십리(성동구청),15055,12718,27773,2337,1,13,목
2022-01-13,2호선,상왕십리,13851,13833,27684,18,1,13,목
2022-01-13,2호선,신당,12914,13585,26499,-671,1,13,목
2022-01-13,2호선,동대문역사문화공원(DDP),11315,12391,23706,-1076,1,13,목
2022-01-13,2호선,을지로4가,13066,12785,25851,281,1,13,목
2022-01-13,2호선,을지로3가,22475,22352,44827,123,1,13,목
2022-01-13,2호선,을지로입구,39062,39814,78876,-752,1,13,목
2022-01-13,2호선,시청,23992,22778,46770,1214,1,13,목
2022-01-13,1호선,청량리(서울시립대입구),17950,18129,36079,-179,1,13,목
2022-01-13,1호선,제기동,15891,16088,31979,-197,1,13,목
2022-01-13,1호선,신설동,13313,12895,26208,418,1,13,목
2022-01-13,1호선,동대문,9843,9082,18925,761,1,13,목
2022-01-13,1호선,종로5가,21386,21057,42443,329,1,13,목
2022-01-13,1호선,종로3가,23658,21882,45540,1776,1,13,목
2022-01-13,1호선,종각,34704,33454,68158,1250,1,13,목
2022-01-13,1호선,시청,21327,21565,42892,-238,1,13,목
2022-01-13,1호선,동묘앞,6199,6529,12728,-330,1,13,목
2022-01-13,1호선,서울역,41730,39204,80934,2526,1,13,목
2022-01-13,7호선,사가정,15461,15340,30801,121,1,13,목
2022-01-13,7호선,용마산(용마폭포공원),5861,5749,11610,112,1,13,목
2022-01-13,7호선,중곡,10497,10045,20542,452,1,13,목
2022-01-13,7호선,군자(능동),14758,11996,26754,2762,1,13,목
2022-01-13,7호선,어린이대공원(세종대),11815,11728,23543,87,1,13,목
2022-01-13,7호선,건대입구,12370,12629,24999,-259,1,13,목
2022-01-13,7호선,뚝섬유원지,6681,6621,13302,60,1,13,목
2022-01-13,7호선,청담,19376,21756,41132,-2380,1,13,목
2022-01-13,7호선,상봉(시외버스터미널),16478,15493,31971,985,1,13,목
2022-01-13,7호선,중화,10561,10507,21068,54,1,13,목
2022-01-13,7호선,먹골,9816,9710,19526,106,1,13,목
2022-01-13,7호선,태릉입구,8129,7654,15783,475,1,13,목
2022-01-13,7호선,공릉(서울과학기술대),11033,11083,22116,-50,1,13,목
2022-01-13,7호선,하계,17012,16192,33204,820,1,13,목
2022-01-13,7호선,중계,13452,12500,25952,952,1,13,목
2022-01-13,7호선,노원,19106,19302,38408,-196,1,13,목
2022-01-13,7호선,마들,12287,11954,24241,333,1,13,목
2022-01-13,7호선,수락산,11931,11753,23684,178,1,13,목
2022-01-13,7호선,도봉산,8595,9870,18465,-1275,1,13,목
2022-01-13,6호선,봉화산(서울의료원),8661,8229,16890,432,1,13,목
2022-01-13,6호선,화랑대(서울여대입구),11181,8761,19942,2420,1,13,목
2022-01-13,6호선,태릉입구,5201,5655,10856,-454,1,13,목
2022-01-13,6호선,석계,11497,12037,23534,-540,1,13,목
2022-01-13,6호선,돌곶이,9217,8655,17872,562,1,13,목
2022-01-13,6호선,상월곡(한국과학기술연구원),6039,5461,11500,578,1,13,목
2022-01-13,6호선,월곡(동덕여대),10962,10982,21944,-20,1,13,목
2022-01-13,7호선,강남구청,16614,18167,34781,-1553,1,13,목
2022-01-13,7호선,학동,25309,26834,52143,-1525,1,13,목
2022-01-13,7호선,논현,20463,22276,42739,-1813,1,13,목
2022-01-13,7호선,반포,5827,5546,11373,281,1,13,목
2022-01-13,7호선,고속터미널,15184,13051,28235,2133,1,13,목
2022-01-13,7호선,내방,14666,14975,29641,-309,1,13,목
2022-01-13,7호선,이수,15416,14981,30397,435,1,13,목
2022-01-13,7호선,남성,10686,10129,20815,557,1,13,목
2022-01-13,7호선,숭실대입구(살피재),11330,11515,22845,-185,1,13,목
2022-01-13,7호선,상도,10340,10122,20462,218,1,13,목
2022-01-13,7호선,장승배기,8879,8726,17605,153,1,13,목
2022-01-13,7호선,신대방삼거리,16455,15920,32375,535,1,13,목
2022-01-13,7호선,보라매,9420,9429,18849,-9,1,13,목
2022-01-13,7호선,신풍,11243,10726,21969,517,1,13,목
2022-01-13,7호선,대림(구로구청),7621,7579,15200,42,1,13,목
2022-01-13,7호선,남구로,15805,16879,32684,-1074,1,13,목
2022-01-13,7호선,가산디지털단지,47433,47083,94516,350,1,13,목
2022-01-13,7호선,철산,20400,20790,41190,-390,1,13,목
2022-01-13,7호선,광명사거리,21308,21210,42518,98,1,13,목
2022-01-13,7호선,천왕,11008,10513,21521,495,1,13,목
2022-01-13,7호선,온수(성공회대입구),9768,8845,18613,923,1,13,목
2022-01-13,7호선,부천종합운동장,1,0,1,1,1,13,목
2022-01-13,7호선,삼산체육관,2,0,2,2,1,13,목
2022-01-13,8호선,암사,18779,16757,35536,2022,1,13,목
2022-01-13,8호선,천호(풍납토성),14551,16391,30942,-1840,1,13,목
2022-01-13,8호선,강동구청,10446,10885,21331,-439,1,13,목
2022-01-13,8호선,몽촌토성(평화의문),6043,6180,12223,-137,1,13,목
2022-01-13,8호선,잠실(송파구청),14087,16394,30481,-2307,1,13,목
2022-01-13,8호선,석촌,7829,8898,16727,-1069,1,13,목
2022-01-13,8호선,송파,7286,7445,14731,-159,1,13,목
2022-01-13,경의선,금촌,5686,5760,11446,-74,1,13,목
2022-01-13,경의선,월롱,2396,2080,4476,316,1,13,목
2022-01-13,경의선,파주,868,681,1549,187,1,13,목
2022-01-13,경의선,문산,4380,4477,8857,-97,1,13,목
2022-01-13,경의선,임진강,8,1,9,7,1,13,목
2022-01-13,경인선,개봉,20102,20364,40466,-262,1,13,목
2022-01-13,경인선,오류동,11261,10733,21994,528,1,13,목
2022-01-13,경인선,역곡,25539,25369,50908,170,1,13,목
2022-01-13,경인선,부천,30202,29980,60182,222,1,13,목
2022-01-13,경인선,송내,25434,25508,50942,-74,1,13,목
2022-01-13,경인선,부평,27684,29094,56778,-1410,1,13,목
2022-01-13,경인선,백운,6227,6240,12467,-13,1,13,목
2022-01-13,경인선,동암,13440,13691,27131,-251,1,13,목
2022-01-13,경인선,주안,17223,15492,32715,1731,1,13,목
2022-01-13,경인선,제물포,9369,9085,18454,284,1,13,목
2022-01-13,경인선,동인천,12682,12110,24792,572,1,13,목
2022-01-13,경인선,인천,2846,2159,5005,687,1,13,목
2022-01-13,경인선,구일,5677,5764,11441,-87,1,13,목
2022-01-13,경인선,소사,7773,7633,15406,140,1,13,목
2022-01-13,경인선,부개,8020,7506,15526,514,1,13,목
2022-01-13,경인선,간석,5371,5169,10540,202,1,13,목
2022-01-13,경인선,도원,2222,2276,4498,-54,1,13,목
2022-01-13,경인선,온수(성공회대입구),6022,5801,11823,221,1,13,목
2022-01-13,경인선,중동,8741,8341,17082,400,1,13,목
2022-01-13,경인선,도화,3884,3691,7575,193,1,13,목
2022-01-13,경춘선,신내,1885,1758,3643,127,1,13,목
2022-01-13,경춘선,갈매,2879,2520,5399,359,1,13,목
2022-01-13,경춘선,별내,3296,3081,6377,215,1,13,목
2022-01-13,경춘선,퇴계원,3415,3156,6571,259,1,13,목
2022-01-13,경춘선,사릉,2921,2852,5773,69,1,13,목
2022-01-13,경춘선,금곡,1418,1324,2742,94,1,13,목
2022-01-13,경춘선,평내호평,5648,5408,11056,240,1,13,목
2022-01-13,경춘선,천마산,1460,1321,2781,139,1,13,목
2022-01-13,경춘선,마석,3568,3465,7033,103,1,13,목
2022-01-13,경춘선,대성리,343,306,649,37,1,13,목
2022-01-13,경춘선,청평,1375,1272,2647,103,1,13,목
2022-01-13,경춘선,상천,167,140,307,27,1,13,목
2022-01-13,경춘선,가평,1314,1301,2615,13,1,13,목
2022-01-13,경춘선,굴봉산,109,156,265,-47,1,13,목
2022-01-13,경춘선,백양리,319,236,555,83,1,13,목
2022-01-13,경춘선,강촌,290,286,576,4,1,13,목
2022-01-13,경춘선,김유정,206,207,413,-1,1,13,목
2022-01-13,경춘선,남춘천,1846,1895,3741,-49,1,13,목
2022-01-13,경춘선,춘천,980,914,1894,66,1,13,목
2022-01-13,공항철도 1호선,서울역,7144,6641,13785,503,1,13,목
2022-01-13,공항철도 1호선,공덕,2254,2862,5116,-608,1,13,목
2022-01-13,공항철도 1호선,홍대입구,9404,9503,18907,-99,1,13,목
2022-01-13,공항철도 1호선,디지털미디어시티,14236,12714,26950,1522,1,13,목
2022-01-13,공항철도 1호선,마곡나루(서울식물원),8656,8423,17079,233,1,13,목
2022-01-13,공항철도 1호선,김포공항,10981,6242,17223,4739,1,13,목
2022-01-13,공항철도 1호선,계양,9866,9374,19240,492,1,13,목
2022-01-13,공항철도 1호선,검암,6461,6360,12821,101,1,13,목
2022-01-13,공항철도 1호선,청라국제도시,6670,6325,12995,345,1,13,목
2022-01-13,공항철도 1호선,운서,6140,6187,12327,-47,1,13,목
2022-01-13,공항철도 1호선,공항화물청사,2279,2507,4786,-228,1,13,목
2022-01-13,공항철도 1호선,인천공항1터미널,3539,3718,7257,-179,1,13,목
2022-01-13,공항철도 1호선,인천공항2터미널,2282,2023,4305,259,1,13,목
2022-01-13,과천선,선바위,8029,6933,14962,1096,1,13,목
2022-01-13,과천선,경마공원,1296,1301,2597,-5,1,13,목
2022-01-13,과천선,대공원,2009,2070,4079,-61,1,13,목
2022-01-13,과천선,과천,5900,5603,11503,297,1,13,목
2022-01-13,과천선,정부과천청사,10382,10347,20729,35,1,13,목
2022-01-13,과천선,인덕원,23491,24603,48094,-1112,1,13,목
2022-01-13,과천선,평촌,17863,17679,35542,184,1,13,목
2022-01-13,과천선,범계,24902,24636,49538,266,1,13,목
2022-01-13,분당선,선릉,14289,20972,35261,-6683,1,13,목
2022-01-13,분당선,한티,15112,16065,31177,-953,1,13,목
2022-01-13,분당선,도곡,6836,6694,13530,142,1,13,목
2022-01-13,분당선,구룡,1733,1714,3447,19,1,13,목
2022-01-13,분당선,개포동,3524,3703,7227,-179,1,13,목
2022-01-13,분당선,대모산입구,4323,4114,8437,209,1,13,목
2022-01-13,분당선,수서,13287,13591,26878,-304,1,13,목
2022-01-13,분당선,수원,7564,6303,13867,1261,1,13,목
2022-01-13,분당선,서울숲,10253,10604,20857,-351,1,13,목
2022-01-13,분당선,압구정로데오,19699,21053,40752,-1354,1,13,목
2022-01-13,분당선,강남구청,10316,11655,21971,-1339,1,13,목
2022-01-13,분당선,선정릉,8358,8975,17333,-617,1,13,목
2022-01-13,분당선,가천대,6242,7230,13472,-988,1,13,목
2022-01-13,분당선,태평,13040,12697,25737,343,1,13,목
2022-01-13,분당선,모란,18966,19118,38084,-152,1,13,목
2022-01-13,분당선,야탑,25127,25943,51070,-816,1,13,목
2022-01-13,분당선,서현,24636,24858,49494,-222,1,13,목
2022-01-13,분당선,수내,13596,13644,27240,-48,1,13,목
2022-01-13,분당선,정자,17611,18509,36120,-898,1,13,목
2022-01-13,분당선,미금,15017,15782,30799,-765,1,13,목
2022-01-13,분당선,오리,11597,9610,21207,1987,1,13,목
2022-01-13,분당선,이매,5358,5128,10486,230,1,13,목
2022-01-13,분당선,보정,2415,2094,4509,321,1,13,목
2022-01-13,분당선,죽전,12642,14029,26671,-1387,1,13,목
2022-01-13,분당선,구성,4967,5320,10287,-353,1,13,목
2022-01-13,분당선,신갈,4419,4403,8822,16,1,13,목
2022-01-13,분당선,기흥,9275,8969,18244,306,1,13,목
2022-01-13,분당선,상갈,5147,4871,10018,276,1,13,목
2022-01-13,분당선,청명,4001,3903,7904,98,1,13,목
2022-01-13,분당선,영통,8054,8026,16080,28,1,13,목
2022-01-13,분당선,망포,14180,13579,27759,601,1,13,목
2022-01-13,분당선,매탄권선,4682,4628,9310,54,1,13,목
2022-01-13,분당선,수원시청,12353,12957,25310,-604,1,13,목
2022-01-13,분당선,매교,2655,2647,5302,8,1,13,목
2022-01-13,수인선,고색,4413,4113,8526,300,1,13,목
2022-01-13,수인선,오목천,2557,2464,5021,93,1,13,목
2022-01-13,수인선,어천,647,610,1257,37,1,13,목
2022-01-13,수인선,야목,304,233,537,71,1,13,목
2022-01-13,수인선,사리,4193,3745,7938,448,1,13,목
2022-01-13,수인선,달월,94,41,135,53,1,13,목
2022-01-13,수인선,월곶,2429,2233,4662,196,1,13,목
2022-01-13,수인선,소래포구,4318,4019,8337,299,1,13,목
2022-01-13,수인선,인천논현,5069,5355,10424,-286,1,13,목
2022-01-13,수인선,호구포,3833,4005,7838,-172,1,13,목
2022-01-13,수인선,남동인더스파크,2226,2534,4760,-308,1,13,목
2022-01-13,수인선,원인재,4107,4181,8288,-74,1,13,목
2022-01-13,수인선,연수,4004,4027,8031,-23,1,13,목
2022-01-13,수인선,송도,2266,2098,4364,168,1,13,목
2022-01-13,수인선,인하대,5279,4944,10223,335,1,13,목
2022-01-13,수인선,숭의,3636,3459,7095,177,1,13,목
2022-01-13,수인선,신포,1524,1539,3063,-15,1,13,목
2022-01-13,수인선,인천,901,1484,2385,-583,1,13,목
2022-01-13,안산선,산본,15017,16233,31250,-1216,1,13,목
2022-01-13,안산선,대야미,4622,4173,8795,449,1,13,목
2022-01-13,안산선,반월,3876,3700,7576,176,1,13,목
2022-01-13,안산선,상록수,14474,14862,29336,-388,1,13,목
2022-01-13,안산선,한대앞,7964,8040,16004,-76,1,13,목
2022-01-13,안산선,중앙,16621,17222,33843,-601,1,13,목
2022-01-13,안산선,고잔,8331,7766,16097,565,1,13,목
2022-01-13,안산선,초지,4303,4427,8730,-124,1,13,목
2022-01-13,안산선,안산,10688,9602,20290,1086,1,13,목
2022-01-13,안산선,신길온천,1567,1422,2989,145,1,13,목
2022-01-13,안산선,정왕,7009,7316,14325,-307,1,13,목
2022-01-13,안산선,오이도,7613,7450,15063,163,1,13,목
2022-01-13,안산선,수리산,3996,3215,7211,781,1,13,목
2022-01-13,우이신설선,북한산우이,2268,1947,4215,321,1,13,목
2022-01-13,우이신설선,솔밭공원,2335,2242,4577,93,1,13,목
2022-01-13,우이신설선,4.19민주묘지,2485,2367,4852,118,1,13,목
2022-01-13,우이신설선,가오리,3766,3868,7634,-102,1,13,목
2022-01-13,우이신설선,화계,3130,3057,6187,73,1,13,목
2022-01-13,우이신설선,삼양,1841,1953,3794,-112,1,13,목
2022-01-13,우이신설선,삼양사거리,2248,2323,4571,-75,1,13,목
2022-01-13,우이신설선,솔샘,5627,5396,11023,231,1,13,목
2022-01-13,우이신설선,북한산보국문,5658,5551,11209,107,1,13,목
2022-01-13,우이신설선,정릉,4353,4010,8363,343,1,13,목
2022-01-13,우이신설선,성신여대입구(돈암),3172,3438,6610,-266,1,13,목
2022-01-13,우이신설선,보문,1411,1425,2836,-14,1,13,목
2022-01-13,우이신설선,신설동,1976,1912,3888,64,1,13,목
2022-01-13,일산선,원흥,9900,9565,19465,335,1,13,목
2022-01-13,일산선,삼송,18328,17882,36210,446,1,13,목
2022-01-13,일산선,원당,10310,9812,20122,498,1,13,목
2022-01-13,일산선,화정,15900,16242,32142,-342,1,13,목
2022-01-13,일산선,대곡,1866,1419,3285,447,1,13,목
2022-01-13,일산선,백석,9431,9491,18922,-60,1,13,목
2022-01-13,일산선,마두,7124,7312,14436,-188,1,13,목
2022-01-13,일산선,정발산,6600,6528,13128,72,1,13,목
2022-01-13,일산선,주엽,8313,8346,16659,-33,1,13,목
2022-01-13,일산선,대화,11967,9495,21462,2472,1,13,목
2022-01-13,장항선,봉명,1071,1059,2130,12,1,13,목
2022-01-13,장항선,쌍용(나사렛대),1824,1637,3461,187,1,13,목
2022-01-13,장항선,아산,2450,2116,4566,334,1,13,목
2022-01-13,장항선,탕정,366,334,700,32,1,13,목
2022-01-13,장항선,배방,836,845,1681,-9,1,13,목
2022-01-13,장항선,온양온천,2909,3025,5934,-116,1,13,목
2022-01-13,장항선,신창(순천향대),793,765,1558,28,1,13,목
2022-01-13,중앙선,회기,22501,21776,44277,725,1,13,목
2022-01-13,중앙선,중랑,5312,5027,10339,285,1,13,목
2022-01-13,중앙선,상봉(시외버스터미널),5367,5422,10789,-55,1,13,목
2022-01-13,중앙선,망우,7062,7040,14102,22,1,13,목
2022-01-13,중앙선,양원,1882,1836,3718,46,1,13,목
2022-01-13,중앙선,구리,12717,12839,25556,-122,1,13,목
2022-01-13,중앙선,도농,9942,9043,18985,899,1,13,목
2022-01-13,중앙선,양정,663,559,1222,104,1,13,목
2022-01-13,중앙선,덕소,5139,5106,10245,33,1,13,목
2022-01-13,8호선,가락시장,7548,8400,15948,-852,1,13,목
2022-01-13,8호선,문정,23139,24124,47263,-985,1,13,목
2022-01-13,8호선,장지,16891,16378,33269,513,1,13,목
2022-01-13,8호선,복정,9317,7931,17248,1386,1,13,목
2022-01-13,8호선,산성,5086,5128,10214,-42,1,13,목
2022-01-13,8호선,남한산성입구(성남법원.검찰청),12894,11892,24786,1002,1,13,목
2022-01-13,8호선,단대오거리,10016,9977,19993,39,1,13,목
2022-01-13,8호선,신흥,3992,4425,8417,-433,1,13,목
2022-01-13,8호선,수진,5210,4730,9940,480,1,13,목
2022-01-13,8호선,모란,4120,3234,7354,886,1,13,목
2022-01-13,8호선,남위례,3601,3804,7405,-203,1,13,목
2022-01-13,9호선,개화,2376,1683,4059,693,1,13,목
2022-01-13,9호선,김포공항,6906,10731,17637,-3825,1,13,목
2022-01-13,9호선,공항시장,2846,3186,6032,-340,1,13,목
2022-01-13,9호선,신방화,6499,6501,13000,-2,1,13,목
2022-01-13,9호선,마곡나루(서울식물원),11933,11801,23734,132,1,13,목
2022-01-13,9호선,양천향교,9571,9826,19397,-255,1,13,목
2022-01-13,9호선,가양,19871,19258,39129,613,1,13,목
2022-01-13,9호선,증미,7368,7274,14642,94,1,13,목
2022-01-13,9호선,등촌,11147,11157,22304,-10,1,13,목
2022-01-13,9호선,염창,16906,16512,33418,394,1,13,목
2022-01-13,9호선,신목동,4011,3564,7575,447,1,13,목
2022-01-13,9호선,선유도,8902,8622,17524,280,1,13,목
2022-01-13,9호선,당산,18428,18303,36731,125,1,13,목
2022-01-13,9호선,국회의사당,17729,17713,35442,16,1,13,목
2022-01-13,9호선,여의도,28542,26713,55255,1829,1,13,목
2022-01-13,9호선,샛강,5988,6144,12132,-156,1,13,목
2022-01-13,9호선,노량진,26086,25343,51429,743,1,13,목
2022-01-13,9호선,노들,4257,3710,7967,547,1,13,목
2022-01-13,9호선,흑석(중앙대입구),7732,8111,15843,-379,1,13,목
2022-01-13,9호선,동작(현충원),1743,1386,3129,357,1,13,목
2022-01-13,9호선,구반포,1390,1507,2897,-117,1,13,목
2022-01-13,9호선,신반포,3116,3117,6233,-1,1,13,목
2022-01-13,9호선,고속터미널,11284,14602,25886,-3318,1,13,목
2022-01-13,9호선,사평,3482,3445,6927,37,1,13,목
2022-01-13,9호선,신논현,32531,32026,64557,505,1,13,목
2022-01-13,9호선2~3단계,언주,11148,11397,22545,-249,1,13,목
2022-01-13,9호선2~3단계,선정릉,9865,10739,20604,-874,1,13,목
2022-01-13,9호선2~3단계,삼성중앙,6975,7389,14364,-414,1,13,목
2022-01-13,9호선2~3단계,봉은사,15715,16146,31861,-431,1,13,목
2022-01-13,9호선2~3단계,종합운동장,4428,4255,8683,173,1,13,목
2022-01-13,9호선2~3단계,삼전,6881,6772,13653,109,1,13,목
2022-01-13,9호선2~3단계,석촌고분,6076,6232,12308,-156,1,13,목
2022-01-13,9호선2~3단계,석촌,8178,7301,15479,877,1,13,목
2022-01-13,9호선2~3단계,송파나루,5054,5491,10545,-437,1,13,목
2022-01-13,9호선2~3단계,한성백제,2510,2340,4850,170,1,13,목
2022-01-13,9호선2~3단계,올림픽공원(한국체대),5447,5477,10924,-30,1,13,목
2022-01-13,9호선2~3단계,둔촌오륜,972,914,1886,58,1,13,목
2022-01-13,9호선2~3단계,중앙보훈병원,10702,9417,20119,1285,1,13,목
2022-01-13,경강선,판교,4607,4521,9128,86,1,13,목
2022-01-13,경강선,이매,1017,866,1883,151,1,13,목
2022-01-13,경강선,삼동,2299,2156,4455,143,1,13,목
2022-01-13,경강선,경기광주,7277,7027,14304,250,1,13,목
2022-01-13,경강선,초월,2930,2916,5846,14,1,13,목
2022-01-13,경강선,곤지암,2028,1925,3953,103,1,13,목
2022-01-13,경강선,신둔도예촌,1274,1225,2499,49,1,13,목
2022-01-13,경강선,이천,2355,2464,4819,-109,1,13,목
2022-01-13,경강선,부발,1918,1775,3693,143,1,13,목
2022-01-13,경강선,세종대왕릉,292,281,573,11,1,13,목
2022-01-13,경강선,여주,1678,1731,3409,-53,1,13,목
2022-01-13,경부선,서울역,5869,1926,7795,3943,1,13,목
2022-01-13,경부선,남영,8711,8977,17688,-266,1,13,목
2022-01-13,경부선,용산,31556,31458,63014,98,1,13,목
2022-01-13,경부선,노량진,7753,7870,15623,-117,1,13,목
2022-01-13,경부선,대방,12427,12900,25327,-473,1,13,목
2022-01-13,경부선,영등포,35698,35926,71624,-228,1,13,목
2022-01-13,경부선,신도림,3868,3752,7620,116,1,13,목
2022-01-13,경부선,신길,8329,7208,15537,1121,1,13,목
2022-01-13,경부선,구로,17921,17972,35893,-51,1,13,목
2022-01-13,경부선,가산디지털단지,18155,20882,39037,-2727,1,13,목
2022-01-13,경부선,금천구청,11056,10965,22021,91,1,13,목
2022-01-13,경부선,석수,9210,8314,17524,896,1,13,목
2022-01-13,경부선,관악,6822,6417,13239,405,1,13,목
2022-01-13,경부선,안양,19828,19757,39585,71,1,13,목
2022-01-13,경부선,명학,8821,8718,17539,103,1,13,목
2022-01-13,경부선,금정,25866,26266,52132,-400,1,13,목
2022-01-13,경부선,군포,7579,7641,15220,-62,1,13,목
2022-01-13,경부선,의왕,8646,8673,17319,-27,1,13,목
2022-01-13,경부선,성균관대,12939,12992,25931,-53,1,13,목
2022-01-13,경부선,화서,7519,7294,14813,225,1,13,목
2022-01-13,경부선,수원,30319,32258,62577,-1939,1,13,목
2022-01-13,경부선,독산,18532,19511,38043,-979,1,13,목
2022-01-13,경부선,세류,2763,2567,5330,196,1,13,목
2022-01-13,경부선,병점,12915,12873,25788,42,1,13,목
2022-01-13,경부선,세마,2556,2401,4957,155,1,13,목
2022-01-13,경부선,오산대,2928,2697,5625,231,1,13,목
2022-01-13,경부선,오산,8714,8790,17504,-76,1,13,목
2022-01-13,경부선,진위,1480,1339,2819,141,1,13,목
2022-01-13,경부선,송탄,3619,3403,7022,216,1,13,목
2022-01-13,경부선,서정리,5823,5401,11224,422,1,13,목
2022-01-13,경부선,평택지제,2937,2898,5835,39,1,13,목
2022-01-13,경부선,평택,9677,9639,19316,38,1,13,목
2022-01-13,경부선,성환,2509,2485,4994,24,1,13,목
2022-01-13,경부선,직산,691,644,1335,47,1,13,목
2022-01-13,경부선,두정,4253,4305,8558,-52,1,13,목
2022-01-13,경부선,천안,4008,4229,8237,-221,1,13,목
2022-01-13,경부선,당정,5834,5587,11421,247,1,13,목
2022-01-13,경부선,서동탄,1337,1143,2480,194,1,13,목
2022-01-13,경부선,광명,3200,2821,6021,379,1,13,목
2022-01-13,경원선,이촌(국립중앙박물관),3458,2660,6118,798,1,13,목
2022-01-13,경원선,서빙고,1838,1789,3627,49,1,13,목
2022-01-13,경원선,한남,3983,3767,7750,216,1,13,목
2022-01-13,경원선,옥수,54,41,95,13,1,13,목
2022-01-13,경원선,응봉,1719,1460,3179,259,1,13,목
2022-01-13,경원선,왕십리(성동구청),12791,14607,27398,-1816,1,13,목
2022-01-13,경원선,청량리(서울시립대입구),13298,13863,27161,-565,1,13,목
2022-01-13,경원선,외대앞,6729,6851,13580,-122,1,13,목
2022-01-13,경원선,신이문,7955,7429,15384,526,1,13,목
2022-01-13,경원선,석계,7352,8494,15846,-1142,1,13,목
2022-01-13,경원선,광운대,7263,7035,14298,228,1,13,목
2022-01-13,경원선,월계,5727,5515,11242,212,1,13,목
2022-01-13,경원선,녹천,4331,3658,7989,673,1,13,목
2022-01-13,경원선,방학,8777,8661,17438,116,1,13,목
2022-01-13,경원선,도봉,5820,5583,11403,237,1,13,목
2022-01-13,경원선,도봉산,6406,3842,10248,2564,1,13,목
2022-01-13,경원선,망월사,6623,6880,13503,-257,1,13,목
2022-01-13,경원선,회룡,11519,11330,22849,189,1,13,목
2022-01-13,경원선,의정부,16768,17076,33844,-308,1,13,목
2022-01-13,경원선,가능,5984,5855,11839,129,1,13,목
2022-01-13,경원선,녹양,4133,3878,8011,255,1,13,목
2022-01-13,경원선,덕계,2821,2441,5262,380,1,13,목
2022-01-13,경원선,덕정,4753,4648,9401,105,1,13,목
2022-01-13,경원선,지행,5908,5814,11722,94,1,13,목
2022-01-13,경원선,동두천중앙,2696,2618,5314,78,1,13,목
2022-01-13,경원선,보산,1171,1090,2261,81,1,13,목
2022-01-13,경원선,동두천,1870,2064,3934,-194,1,13,목
2022-01-13,경원선,소요산,1851,1585,3436,266,1,13,목
2022-01-13,경의선,서울역,4035,5045,9080,-1010,1,13,목
2022-01-13,경의선,신촌,806,1014,1820,-208,1,13,목
2022-01-13,경의선,효창공원앞,2875,3283,6158,-408,1,13,목
2022-01-13,경의선,공덕,3576,2988,6564,588,1,13,목
2022-01-13,경의선,서강대,2040,2023,4063,17,1,13,목
2022-01-13,경의선,홍대입구,1613,1837,3450,-224,1,13,목
2022-01-13,경의선,가좌,4951,4845,9796,106,1,13,목
2022-01-13,경의선,디지털미디어시티,2362,2227,4589,135,1,13,목
2022-01-13,경의선,수색,2620,2791,5411,-171,1,13,목
2022-01-13,경의선,화전,1397,1320,2717,77,1,13,목
2022-01-13,경의선,강매,3038,2653,5691,385,1,13,목
2022-01-13,경의선,행신,7496,7721,15217,-225,1,13,목
2022-01-13,경의선,능곡,3396,3146,6542,250,1,13,목
2022-01-13,경의선,곡산,531,531,1062,0,1,13,목
2022-01-13,경의선,백마,6588,6328,12916,260,1,13,목
2022-01-13,경의선,풍산,5297,4933,10230,364,1,13,목
2022-01-13,경의선,일산,9072,9111,18183,-39,1,13,목
2022-01-13,경의선,탄현,7420,7077,14497,343,1,13,목
2022-01-13,경의선,야당,6793,6548,13341,245,1,13,목
2022-01-13,경의선,운정,6429,6092,12521,337,1,13,목
2022-01-13,경의선,금릉,4420,4314,8734,106,1,13,목
2022-01-13,7호선,면목,14865,14712,29577,153,1,13,목
2022-01-13,7호선,장암,2169,792,2961,1377,1,13,목
2022-01-13,공항철도 1호선,영종,2836,2765,5601,71,1,13,목
2022-01-13,일산선,지축,1,0,1,1,1,13,목
2022-01-13,6호선,고려대(종암),7443,7229,14672,214,1,13,목
2022-01-13,6호선,안암(고대병원앞),9823,9672,19495,151,1,13,목
2022-01-13,6호선,보문,6852,6431,13283,421,1,13,목
2022-01-13,6호선,창신,3252,2694,5946,558,1,13,목
2022-01-13,6호선,동묘앞,7275,7343,14618,-68,1,13,목
2022-01-13,6호선,신당,8351,8577,16928,-226,1,13,목
2022-01-13,6호선,청구,3667,3810,7477,-143,1,13,목
2022-01-13,6호선,약수,3544,3430,6974,114,1,13,목
2022-01-13,6호선,버티고개,1874,1995,3869,-121,1,13,목
2022-01-13,6호선,한강진,7256,8282,15538,-1026,1,13,목
2022-01-13,6호선,이태원,8925,8872,17797,53,1,13,목
2022-01-13,6호선,녹사평(용산구청),4431,4334,8765,97,1,13,목
2022-01-13,6호선,삼각지,6085,5597,11682,488,1,13,목
2022-01-13,6호선,효창공원앞,6657,6178,12835,479,1,13,목
2022-01-13,6호선,공덕,17944,17323,35267,621,1,13,목
2022-01-13,6호선,대흥(서강대앞),7587,7932,15519,-345,1,13,목
2022-01-13,6호선,광흥창(서강),8768,8666,17434,102,1,13,목
2022-01-13,6호선,상수,8556,9256,17812,-700,1,13,목
2022-01-13,6호선,합정,13123,12431,25554,692,1,13,목
2022-01-13,6호선,망원,14303,15507,29810,-1204,1,13,목
2022-01-13,6호선,마포구청,14034,12849,26883,1185,1,13,목
2022-01-13,6호선,월드컵경기장(성산),3316,3514,6830,-198,1,13,목
2022-01-13,6호선,디지털미디어시티,13215,14815,28030,-1600,1,13,목
2022-01-13,6호선,증산(명지대앞),9723,9869,19592,-146,1,13,목
2022-01-13,6호선,새절(신사),12049,11244,23293,805,1,13,목
2022-01-13,6호선,구산,7267,5710,12977,1557,1,13,목
2022-01-13,6호선,연신내,1,0,1,1,1,13,목
2022-01-13,분당선,복정,1,0,1,1,1,13,목
2022-01-13,경원선,양주,6862,6551,13413,311,1,13,목
2022-01-13,6호선,독바위,2575,2796,5371,-221,1,13,목
2022-01-13,6호선,불광,3945,3842,7787,103,1,13,목
2022-01-13,6호선,역촌,3744,4349,8093,-605,1,13,목
2022-01-13,6호선,응암,16750,17036,33786,-286,1,13,목
2022-01-13,5호선,하남검단산,5052,4854,9906,198,1,13,목
2022-01-13,5호선,하남시청(덕풍·신장),5955,5860,11815,95,1,13,목
2022-01-13,5호선,하남풍산,4154,4190,8344,-36,1,13,목
2022-01-13,5호선,미사,15423,15299,30722,124,1,13,목
2022-01-13,5호선,강일,3665,3666,7331,-1,1,13,목
2022-01-13,5호선,마천,6581,6517,13098,64,1,13,목
2022-01-13,5호선,거여,9052,8589,17641,463,1,13,목
2022-01-13,5호선,개롱,6259,6603,12862,-344,1,13,목
2022-01-13,5호선,오금,3590,3580,7170,10,1,13,목
2022-01-13,5호선,방이,7276,7392,14668,-116,1,13,목
2022-01-13,5호선,올림픽공원(한국체대),3874,3378,7252,496,1,13,목
2022-01-13,5호선,둔촌동,8464,8451,16915,13,1,13,목
2022-01-13,5호선,상일동,15118,13975,29093,1143,1,13,목
2022-01-13,5호선,고덕,8703,8799,17502,-96,1,13,목
2022-01-13,5호선,명일,8197,8558,16755,-361,1,13,목
2022-01-13,5호선,굽은다리(강동구민회관앞),9286,8977,18263,309,1,13,목
2022-01-13,5호선,길동,7790,8160,15950,-370,1,13,목
2022-01-13,5호선,강동,18345,17643,35988,702,1,13,목
2022-01-13,5호선,천호(풍납토성),17300,17119,34419,181,1,13,목
2022-01-13,5호선,광나루(장신대),12781,11558,24339,1223,1,13,목
2022-01-13,5호선,아차산(어린이대공원후문),13908,13676,27584,232,1,13,목
2022-01-13,5호선,군자(능동),11052,12224,23276,-1172,1,13,목
2022-01-13,5호선,장한평,18550,18551,37101,-1,1,13,목
2022-01-13,5호선,답십리,15887,14525,30412,1362,1,13,목
2022-01-13,5호선,마장,5481,5152,10633,329,1,13,목
2022-01-13,5호선,왕십리(성동구청),4528,4998,9526,-470,1,13,목
2022-01-13,5호선,행당,7976,7300,15276,676,1,13,목
2022-01-13,5호선,신금호,6119,6366,12485,-247,1,13,목
2022-01-13,5호선,청구,3899,3669,7568,230,1,13,목
2022-01-13,5호선,동대문역사문화공원(DDP),3237,3626,6863,-389,1,13,목
2022-01-13,5호선,을지로4가,5929,6009,11938,-80,1,13,목
2022-01-13,5호선,종로3가,12294,11870,24164,424,1,13,목
2022-01-13,5호선,광화문(세종문화회관),29861,30797,60658,-936,1,13,목
2022-01-13,5호선,서대문,19590,19997,39587,-407,1,13,목
2022-01-13,5호선,충정로(경기대입구),4781,4937,9718,-156,1,13,목
2022-01-13,5호선,애오개,6879,6986,13865,-107,1,13,목
2022-01-13,5호선,공덕,13918,14837,28755,-919,1,13,목
2022-01-13,5호선,마포,14699,15234,29933,-535,1,13,목
2022-01-13,5호선,여의나루,8146,9405,17551,-1259,1,13,목
2022-01-13,5호선,여의도,30033,30822,60855,-789,1,13,목
2022-01-13,5호선,신길,4062,4449,8511,-387,1,13,목
2022-01-13,5호선,영등포시장,9854,10277,20131,-423,1,13,목
2022-01-13,5호선,영등포구청,3806,3898,7704,-92,1,13,목
2022-01-13,5호선,양평,7746,7723,15469,23,1,13,목
2022-01-13,5호선,오목교(목동운동장앞),21605,23100,44705,-1495,1,13,목
2022-01-13,5호선,목동,16603,18042,34645,-1439,1,13,목
2022-01-13,5호선,신정(은행정),13567,11127,24694,2440,1,13,목
2022-01-13,5호선,까치산,27974,27048,55022,926,1,13,목
2022-01-13,5호선,화곡,27343,25858,53201,1485,1,13,목
2022-01-13,5호선,우장산,13767,13705,27472,62,1,13,목
2022-01-13,5호선,발산,20321,20423,40744,-102,1,13,목
2022-01-13,5호선,마곡,11161,10815,21976,346,1,13,목
2022-01-13,5호선,송정,6227,5870,12097,357,1,13,목
2022-01-13,5호선,김포공항,7182,6936,14118,246,1,13,목
2022-01-13,5호선,개화산,5326,5074,10400,252,1,13,목
2022-01-13,5호선,방화,6270,6164,12434,106,1,13,목
2022-01-13,4호선,쌍문,28251,26244,54495,2007,1,13,목
2022-01-13,4호선,창동,23936,25352,49288,-1416,1,13,목
2022-01-13,4호선,노원,17751,19837,37588,-2086,1,13,목
2022-01-13,4호선,상계,18021,16959,34980,1062,1,13,목
2022-01-13,4호선,당고개,12088,11190,23278,898,1,13,목
2022-01-13,4호선,남태령,1088,994,2082,94,1,13,목
2022-01-13,4호선,사당,24403,19705,44108,4698,1,13,목
2022-01-13,4호선,총신대입구(이수),17934,19380,37314,-1446,1,13,목
2022-01-13,4호선,동작(현충원),1105,1259,2364,-154,1,13,목
2022-01-13,4호선,이촌(국립중앙박물관),7181,7904,15085,-723,1,13,목
2022-01-13,4호선,신용산,16496,17106,33602,-610,1,13,목
2022-01-13,4호선,삼각지,4916,5396,10312,-480,1,13,목
2022-01-13,4호선,숙대입구(갈월),11944,11937,23881,7,1,13,목
2022-01-13,4호선,서울역,11030,15854,26884,-4824,1,13,목
2022-01-13,4호선,회현(남대문시장),23003,24099,47102,-1096,1,13,목
2022-01-13,4호선,명동,17364,17384,34748,-20,1,13,목
2022-01-13,4호선,충무로,25471,26227,51698,-756,1,13,목
2022-01-13,4호선,동대문역사문화공원(DDP),14482,13212,27694,1270,1,13,목
2022-01-13,4호선,동대문,18413,19043,37456,-630,1,13,목
2022-01-13,4호선,혜화,31180,30983,62163,197,1,13,목
2022-01-13,4호선,한성대입구(삼선교),12306,12050,24356,256,1,13,목
2022-01-13,4호선,성신여대입구(돈암),18884,18336,37220,548,1,13,목
2022-01-13,4호선,길음,19270,18937,38207,333,1,13,목
2022-01-13,4호선,미아사거리,26099,25436,51535,663,1,13,목
2022-01-13,4호선,미아(서울사이버대학),13878,13624,27502,254,1,13,목
2022-01-13,4호선,수유(강북구청),32117,32431,64548,-314,1,13,목
2022-01-13,3호선,오금,6132,5503,11635,629,1,13,목
2022-01-13,3호선,경찰병원,7442,7426,14868,16,1,13,목
2022-01-13,3호선,가락시장,8797,8623,17420,174,1,13,목
2022-01-13,3호선,수서,16589,16890,33479,-301,1,13,목
2022-01-13,3호선,일원,9883,9613,19496,270,1,13,목
2022-01-13,3호선,대청,9696,9033,18729,663,1,13,목
2022-01-13,3호선,학여울,1701,1732,3433,-31,1,13,목
2022-01-13,3호선,대치,11442,11485,22927,-43,1,13,목
2022-01-13,3호선,도곡,5211,5422,10633,-211,1,13,목
2022-01-13,3호선,매봉,12966,12409,25375,557,1,13,목
2022-01-13,3호선,양재(서초구청),38961,42414,81375,-3453,1,13,목
2022-01-13,3호선,남부터미널(예술의전당),28784,29298,58082,-514,1,13,목
2022-01-13,3호선,교대(법원.검찰청),14587,9390,23977,5197,1,13,목
2022-01-13,3호선,고속터미널,37660,36306,73966,1354,1,13,목
2022-01-14,경의선,강매,3104,2692,5796,412,1,14,금
2022-01-14,경의선,화전,1466,1359,2825,107,1,14,금
2022-01-14,경의선,수색,2572,2674,5246,-102,1,14,금
2022-01-14,경의선,디지털미디어시티,2461,2326,4787,135,1,14,금
2022-01-14,일산선,마두,7399,7638,15037,-239,1,14,금
2022-01-14,일산선,백석,9617,9712,19329,-95,1,14,금
2022-01-14,일산선,대곡,1842,1457,3299,385,1,14,금
2022-01-14,일산선,화정,16305,16887,33192,-582,1,14,금
2022-01-14,일산선,원당,10595,10094,20689,501,1,14,금
2022-01-14,일산선,삼송,18576,17992,36568,584,1,14,금
2022-01-14,일산선,지축,1,0,1,1,1,14,금
2022-01-14,일산선,원흥,10138,9676,19814,462,1,14,금
2022-01-14,우이신설선,신설동,2091,1962,4053,129,1,14,금
2022-01-14,우이신설선,보문,1434,1458,2892,-24,1,14,금
2022-01-14,우이신설선,성신여대입구(돈암),3198,3579,6777,-381,1,14,금
2022-01-14,우이신설선,정릉,4496,4114,8610,382,1,14,금
2022-01-14,우이신설선,북한산보국문,5807,5621,11428,186,1,14,금
2022-01-14,우이신설선,솔샘,5668,5282,10950,386,1,14,금
2022-01-14,우이신설선,삼양사거리,2402,2433,4835,-31,1,14,금
2022-01-14,우이신설선,삼양,1980,2108,4088,-128,1,14,금
2022-01-14,우이신설선,화계,3303,3060,6363,243,1,14,금
2022-01-14,우이신설선,가오리,3941,3875,7816,66,1,14,금
2022-01-14,우이신설선,4.19민주묘지,2669,2480,5149,189,1,14,금
2022-01-14,1호선,서울역,44956,43212,88168,1744,1,14,금
2022-01-14,1호선,동묘앞,6843,7135,13978,-292,1,14,금
2022-01-14,1호선,시청,21008,21187,42195,-179,1,14,금
2022-01-14,1호선,종각,34432,32858,67290,1574,1,14,금
2022-01-14,1호선,종로3가,24875,23082,47957,1793,1,14,금
2022-01-14,1호선,종로5가,21969,21703,43672,266,1,14,금
2022-01-14,1호선,동대문,10215,9507,19722,708,1,14,금
2022-01-14,1호선,신설동,13837,13340,27177,497,1,14,금
2022-01-14,1호선,제기동,17368,17602,34970,-234,1,14,금
2022-01-14,1호선,청량리(서울시립대입구),19577,19999,39576,-422,1,14,금
2022-01-14,2호선,시청,23053,22076,45129,977,1,14,금
2022-01-14,2호선,을지로입구,39190,39726,78916,-536,1,14,금
2022-01-14,2호선,을지로3가,22556,22689,45245,-133,1,14,금
2022-01-14,2호선,을지로4가,13161,12934,26095,227,1,14,금
2022-01-14,2호선,동대문역사문화공원(DDP),11446,13031,24477,-1585,1,14,금
2022-01-14,2호선,신당,13709,14421,28130,-712,1,14,금
2022-01-14,2호선,상왕십리,14259,13930,28189,329,1,14,금
2022-01-14,2호선,왕십리(성동구청),15777,13430,29207,2347,1,14,금
2022-01-14,2호선,한양대,6764,6975,13739,-211,1,14,금
2022-01-14,2호선,성수,38263,41347,79610,-3084,1,14,금
2022-01-14,2호선,건대입구,35679,38014,73693,-2335,1,14,금
2022-01-14,2호선,구의(광진구청),23552,23510,47062,42,1,14,금
2022-01-14,2호선,강변(동서울터미널),30978,29889,60867,1089,1,14,금
2022-01-14,2호선,잠실나루,14157,13648,27805,509,1,14,금
2022-01-14,2호선,잠실(송파구청),69692,69282,138974,410,1,14,금
2022-01-14,2호선,잠실새내,21680,21941,43621,-261,1,14,금
2022-01-14,2호선,종합운동장,7078,7512,14590,-434,1,14,금
2022-01-14,2호선,삼성(무역센터),51995,51864,103859,131,1,14,금
2022-01-14,경원선,응봉,1802,1526,3328,276,1,14,금
2022-01-14,경원선,옥수,50,39,89,11,1,14,금
2022-01-14,경원선,한남,4053,3809,7862,244,1,14,금
2022-01-14,경원선,서빙고,2006,1846,3852,160,1,14,금
2022-01-14,경원선,이촌(국립중앙박물관),3545,2720,6265,825,1,14,금
2022-01-14,경부선,광명,3550,3228,6778,322,1,14,금
2022-01-14,경부선,서동탄,1385,1268,2653,117,1,14,금
2022-01-14,경부선,당정,5893,5631,11524,262,1,14,금
2022-01-14,경부선,천안,4872,5195,10067,-323,1,14,금
2022-01-14,경부선,두정,5149,5078,10227,71,1,14,금
2022-01-14,경부선,직산,814,736,1550,78,1,14,금
2022-01-14,경부선,성환,3027,2809,5836,218,1,14,금
2022-01-14,경부선,평택,11424,11200,22624,224,1,14,금
2022-01-14,경부선,평택지제,3793,3321,7114,472,1,14,금
2022-01-14,경부선,서정리,7352,5784,13136,1568,1,14,금
2022-01-14,경부선,송탄,4256,3929,8185,327,1,14,금
2022-01-14,경부선,진위,1666,1345,3011,321,1,14,금
2022-01-14,경부선,오산,9668,9462,19130,206,1,14,금
2022-01-14,경부선,오산대,3126,2848,5974,278,1,14,금
2022-01-14,경부선,세마,2692,2501,5193,191,1,14,금
2022-01-14,경부선,병점,14302,13708,28010,594,1,14,금
2022-01-14,경부선,세류,2929,2759,5688,170,1,14,금
2022-01-14,경부선,독산,18464,19190,37654,-726,1,14,금
2022-01-14,경부선,수원,33663,36855,70518,-3192,1,14,금
2022-01-14,경부선,화서,7457,7435,14892,22,1,14,금
2022-01-14,경부선,성균관대,13520,13264,26784,256,1,14,금
2022-01-14,경부선,의왕,8927,8809,17736,118,1,14,금
2022-01-14,경부선,군포,7685,7593,15278,92,1,14,금
2022-01-14,경부선,금정,26497,26770,53267,-273,1,14,금
2022-01-14,경부선,명학,8659,8517,17176,142,1,14,금
2022-01-14,경부선,안양,20577,20789,41366,-212,1,14,금
2022-01-14,경부선,관악,6775,6492,13267,283,1,14,금
2022-01-14,경부선,석수,9261,8394,17655,867,1,14,금
2022-01-14,경부선,금천구청,11427,11698,23125,-271,1,14,금
2022-01-14,경부선,가산디지털단지,17992,20604,38596,-2612,1,14,금
2022-01-14,경부선,구로,18069,18327,36396,-258,1,14,금
2022-01-14,경부선,신길,8758,7353,16111,1405,1,14,금
2022-01-14,경부선,신도림,4053,3850,7903,203,1,14,금
2022-01-14,경부선,영등포,39015,40040,79055,-1025,1,14,금
2022-01-14,2호선,선릉,57531,51023,108554,6508,1,14,금
2022-01-14,2호선,역삼,53225,58295,111520,-5070,1,14,금
2022-01-14,2호선,강남,92109,89913,182022,2196,1,14,금
2022-01-14,2호선,교대(법원.검찰청),34541,39052,73593,-4511,1,14,금
2022-01-14,2호선,서초,21426,20497,41923,929,1,14,금
2022-01-14,2호선,방배,16412,16989,33401,-577,1,14,금
2022-01-14,경부선,대방,12380,12726,25106,-346,1,14,금
2022-01-14,경부선,노량진,8455,8406,16861,49,1,14,금
2022-01-14,경부선,용산,35568,36557,72125,-989,1,14,금
2022-01-14,경부선,남영,8656,9157,17813,-501,1,14,금
2022-01-14,경부선,서울역,7472,2704,10176,4768,1,14,금
2022-01-14,7호선,논현,21116,22993,44109,-1877,1,14,금
2022-01-14,7호선,반포,5921,5699,11620,222,1,14,금
2022-01-14,7호선,고속터미널,17078,14107,31185,2971,1,14,금
2022-01-14,7호선,내방,14691,14978,29669,-287,1,14,금
2022-01-14,7호선,이수,16054,15401,31455,653,1,14,금
2022-01-14,7호선,남성,10890,10189,21079,701,1,14,금
2022-01-14,7호선,숭실대입구(살피재),11389,11302,22691,87,1,14,금
2022-01-14,7호선,상도,10618,10132,20750,486,1,14,금
2022-01-14,7호선,장승배기,8872,8742,17614,130,1,14,금
2022-01-14,7호선,신대방삼거리,16347,15771,32118,576,1,14,금
2022-01-14,7호선,보라매,9638,9432,19070,206,1,14,금
2022-01-14,7호선,신풍,11223,10759,21982,464,1,14,금
2022-01-14,7호선,대림(구로구청),7621,7852,15473,-231,1,14,금
2022-01-14,7호선,남구로,15679,16622,32301,-943,1,14,금
2022-01-14,7호선,가산디지털단지,46086,45467,91553,619,1,14,금
2022-01-14,7호선,철산,21071,21625,42696,-554,1,14,금
2022-01-14,7호선,광명사거리,22102,21960,44062,142,1,14,금
2022-01-14,7호선,천왕,11231,10554,21785,677,1,14,금
2022-01-14,7호선,온수(성공회대입구),9759,8850,18609,909,1,14,금
2022-01-14,7호선,까치울,2,0,2,2,1,14,금
2022-01-14,7호선,춘의,1,0,1,1,1,14,금
2022-01-14,7호선,상동,1,0,1,1,1,14,금
2022-01-14,7호선,삼산체육관,2,0,2,2,1,14,금
2022-01-14,7호선,부평구청,1,0,1,1,1,14,금
2022-01-14,8호선,암사,18799,16896,35695,1903,1,14,금
2022-01-14,8호선,천호(풍납토성),14997,17735,32732,-2738,1,14,금
2022-01-14,8호선,강동구청,10602,10974,21576,-372,1,14,금
2022-01-14,8호선,몽촌토성(평화의문),5891,6126,12017,-235,1,14,금
2022-01-14,8호선,잠실(송파구청),14551,17040,31591,-2489,1,14,금
2022-01-14,8호선,석촌,8178,9275,17453,-1097,1,14,금
2022-01-14,8호선,송파,7393,7730,15123,-337,1,14,금
2022-01-14,8호선,가락시장,8127,8966,17093,-839,1,14,금
2022-01-14,8호선,문정,22874,23845,46719,-971,1,14,금
2022-01-14,8호선,장지,17149,16539,33688,610,1,14,금
2022-01-14,8호선,복정,9580,7792,17372,1788,1,14,금
2022-01-14,8호선,산성,5206,5072,10278,134,1,14,금
2022-01-14,8호선,남한산성입구(성남법원.검찰청),13557,12153,25710,1404,1,14,금
2022-01-14,8호선,단대오거리,10530,10175,20705,355,1,14,금
2022-01-14,8호선,수진,5363,4869,10232,494,1,14,금
2022-01-14,8호선,모란,5735,4625,10360,1110,1,14,금
2022-01-14,8호선,남위례,3735,4105,7840,-370,1,14,금
2022-01-14,9호선,개화,2329,1665,3994,664,1,14,금
2022-01-14,9호선,김포공항,8050,12636,20686,-4586,1,14,금
2022-01-14,9호선,공항시장,2910,3105,6015,-195,1,14,금
2022-01-14,9호선,신방화,6643,6454,13097,189,1,14,금
2022-01-14,9호선,마곡나루(서울식물원),11785,11673,23458,112,1,14,금
2022-01-14,9호선,양천향교,9641,9801,19442,-160,1,14,금
2022-01-14,9호선,가양,20054,19439,39493,615,1,14,금
2022-01-14,9호선,증미,7346,7413,14759,-67,1,14,금
2022-01-14,9호선,등촌,11315,11232,22547,83,1,14,금
2022-01-14,9호선,염창,17120,16562,33682,558,1,14,금
2022-01-14,9호선,신목동,3904,3505,7409,399,1,14,금
2022-01-14,9호선,선유도,8841,8338,17179,503,1,14,금
2022-01-14,9호선,당산,18663,18465,37128,198,1,14,금
2022-01-14,9호선,국회의사당,16946,17031,33977,-85,1,14,금
2022-01-14,9호선,여의도,28605,26665,55270,1940,1,14,금
2022-01-14,9호선,샛강,5954,6120,12074,-166,1,14,금
2022-01-14,9호선,노량진,27202,26146,53348,1056,1,14,금
2022-01-14,9호선,노들,4364,3725,8089,639,1,14,금
2022-01-14,9호선,흑석(중앙대입구),7892,8150,16042,-258,1,14,금
2022-01-14,9호선,동작(현충원),1856,1397,3253,459,1,14,금
2022-01-14,9호선,구반포,1481,1528,3009,-47,1,14,금
2022-01-14,9호선,신반포,3215,3211,6426,4,1,14,금
2022-01-14,9호선,고속터미널,12438,16952,29390,-4514,1,14,금
2022-01-14,9호선,사평,3542,3502,7044,40,1,14,금
2022-01-14,9호선,신논현,34553,34015,68568,538,1,14,금
2022-01-14,9호선2~3단계,언주,11367,11439,22806,-72,1,14,금
2022-01-14,9호선2~3단계,선정릉,9854,10582,20436,-728,1,14,금
2022-01-14,9호선2~3단계,삼성중앙,6924,7183,14107,-259,1,14,금
2022-01-14,9호선2~3단계,봉은사,15841,16088,31929,-247,1,14,금
2022-01-14,9호선2~3단계,종합운동장,4404,4416,8820,-12,1,14,금
2022-01-14,9호선2~3단계,삼전,7053,6880,13933,173,1,14,금
2022-01-14,9호선2~3단계,석촌고분,6243,6273,12516,-30,1,14,금
2022-01-14,9호선2~3단계,석촌,8437,7604,16041,833,1,14,금
2022-01-14,9호선2~3단계,송파나루,5344,5720,11064,-376,1,14,금
2022-01-14,9호선2~3단계,한성백제,2546,2350,4896,196,1,14,금
2022-01-14,9호선2~3단계,올림픽공원(한국체대),5679,5609,11288,70,1,14,금
2022-01-14,9호선2~3단계,둔촌오륜,976,907,1883,69,1,14,금
2022-01-14,9호선2~3단계,중앙보훈병원,10527,9223,19750,1304,1,14,금
2022-01-14,경강선,판교,4687,4790,9477,-103,1,14,금
2022-01-14,경강선,이매,1012,904,1916,108,1,14,금
2022-01-14,경강선,삼동,2361,2176,4537,185,1,14,금
2022-01-14,경강선,경기광주,7486,7169,14655,317,1,14,금
2022-01-14,경강선,초월,3167,2896,6063,271,1,14,금
2022-01-14,경강선,곤지암,2317,2136,4453,181,1,14,금
2022-01-14,경강선,신둔도예촌,1382,1282,2664,100,1,14,금
2022-01-14,경강선,이천,2670,2760,5430,-90,1,14,금
2022-01-14,경강선,부발,2790,2058,4848,732,1,14,금
2022-01-14,경강선,세종대왕릉,326,295,621,31,1,14,금
2022-01-14,경강선,여주,1848,1963,3811,-115,1,14,금
2022-01-14,2호선,사당,36555,39892,76447,-3337,1,14,금
2022-01-14,2호선,낙성대(강감찬),27023,25862,52885,1161,1,14,금
2022-01-14,2호선,서울대입구(관악구청),47768,46476,94244,1292,1,14,금
2022-01-14,2호선,봉천,23410,21848,45258,1562,1,14,금
2022-01-14,2호선,신림,63065,61543,124608,1522,1,14,금
2022-01-14,2호선,신대방,26186,25311,51497,875,1,14,금
2022-01-14,2호선,구로디지털단지,59640,59669,119309,-29,1,14,금
2022-01-14,2호선,대림(구로구청),23083,23589,46672,-506,1,14,금
2022-01-14,2호선,신도림,47111,46943,94054,168,1,14,금
2022-01-14,2호선,문래,21296,21586,42882,-290,1,14,금
2022-01-14,2호선,영등포구청,22801,23284,46085,-483,1,14,금
2022-01-14,2호선,당산,18078,20907,38985,-2829,1,14,금
2022-01-14,2호선,합정,32668,34199,66867,-1531,1,14,금
2022-01-14,2호선,홍대입구,57559,59788,117347,-2229,1,14,금
2022-01-14,2호선,신촌,32779,33398,66177,-619,1,14,금
2022-01-14,2호선,이대,12802,13430,26232,-628,1,14,금
2022-01-14,2호선,아현,9924,9579,19503,345,1,14,금
2022-01-14,2호선,충정로(경기대입구),9688,10179,19867,-491,1,14,금
2022-01-14,2호선,용답,2593,2617,5210,-24,1,14,금
2022-01-14,2호선,신답,1642,1897,3539,-255,1,14,금
2022-01-14,2호선,신설동,3571,3605,7176,-34,1,14,금
2022-01-14,2호선,도림천,1371,1385,2756,-14,1,14,금
2022-01-14,2호선,양천구청,6683,7223,13906,-540,1,14,금
2022-01-14,2호선,용두(동대문구청),2459,2509,4968,-50,1,14,금
2022-01-14,3호선,지축,4217,4179,8396,38,1,14,금
2022-01-14,3호선,구파발,20001,18855,38856,1146,1,14,금
2022-01-14,3호선,연신내,35360,33804,69164,1556,1,14,금
2022-01-14,3호선,불광,15615,16411,32026,-796,1,14,금
2022-01-14,3호선,녹번,15283,13864,29147,1419,1,14,금
2022-01-14,3호선,홍제,16720,16097,32817,623,1,14,금
2022-01-14,3호선,무악재,3814,3815,7629,-1,1,14,금
2022-01-14,3호선,독립문,6428,6407,12835,21,1,14,금
2022-01-14,3호선,경복궁(정부서울청사),19021,18500,37521,521,1,14,금
2022-01-14,3호선,안국,18983,19736,38719,-753,1,14,금
2022-01-14,3호선,종로3가,10345,11880,22225,-1535,1,14,금
2022-01-14,3호선,을지로3가,10976,11099,22075,-123,1,14,금
2022-01-14,3호선,충무로,1,0,1,1,1,14,금
2022-01-14,3호선,동대입구,7108,7303,14411,-195,1,14,금
2022-01-14,3호선,약수,12802,12357,25159,445,1,14,금
2022-01-14,3호선,금호,7987,7539,15526,448,1,14,금
2022-01-14,3호선,옥수,8902,9178,18080,-276,1,14,금
2022-01-14,3호선,압구정,34764,37130,71894,-2366,1,14,금
2022-01-14,3호선,신사,34064,35278,69342,-1214,1,14,금
2022-01-14,3호선,잠원,4914,4696,9610,218,1,14,금
2022-01-14,3호선,고속터미널,43375,44994,88369,-1619,1,14,금
2022-01-14,3호선,교대(법원.검찰청),14581,9258,23839,5323,1,14,금
2022-01-14,3호선,남부터미널(예술의전당),30531,30889,61420,-358,1,14,금
2022-01-14,3호선,양재(서초구청),40915,42808,83723,-1893,1,14,금
2022-01-14,3호선,매봉,12804,12233,25037,571,1,14,금
2022-01-14,3호선,도곡,5228,5408,10636,-180,1,14,금
2022-01-14,3호선,대치,12021,11893,23914,128,1,14,금
2022-01-14,3호선,학여울,2809,2908,5717,-99,1,14,금
2022-01-14,3호선,대청,9710,9170,18880,540,1,14,금
2022-01-14,3호선,일원,9929,9360,19289,569,1,14,금
2022-01-14,3호선,수서,18106,18351,36457,-245,1,14,금
2022-01-14,3호선,가락시장,9243,9046,18289,197,1,14,금
2022-01-14,3호선,경찰병원,7356,7442,14798,-86,1,14,금
2022-01-14,3호선,오금,6316,5448,11764,868,1,14,금
2022-01-14,4호선,수유(강북구청),33171,33803,66974,-632,1,14,금
2022-01-14,4호선,미아(서울사이버대학),14074,13766,27840,308,1,14,금
2022-01-14,4호선,미아사거리,26700,26307,53007,393,1,14,금
2022-01-14,4호선,길음,19840,19152,38992,688,1,14,금
2022-01-14,4호선,성신여대입구(돈암),19424,18872,38296,552,1,14,금
2022-01-14,4호선,한성대입구(삼선교),12642,12273,24915,369,1,14,금
2022-01-14,4호선,혜화,31658,31449,63107,209,1,14,금
2022-01-14,4호선,동대문,18654,19393,38047,-739,1,14,금
2022-01-14,4호선,동대문역사문화공원(DDP),14586,13656,28242,930,1,14,금
2022-01-14,4호선,충무로,25463,26449,51912,-986,1,14,금
2022-01-14,4호선,명동,17594,18708,36302,-1114,1,14,금
2022-01-14,4호선,회현(남대문시장),23424,25031,48455,-1607,1,14,금
2022-01-14,4호선,서울역,10987,17339,28326,-6352,1,14,금
2022-01-14,4호선,숙대입구(갈월),12296,12171,24467,125,1,14,금
2022-01-14,4호선,삼각지,5083,5694,10777,-611,1,14,금
2022-01-14,4호선,신용산,16627,17469,34096,-842,1,14,금
2022-01-14,4호선,이촌(국립중앙박물관),7384,7979,15363,-595,1,14,금
2022-01-14,4호선,동작(현충원),1242,1390,2632,-148,1,14,금
2022-01-14,4호선,총신대입구(이수),18606,20378,38984,-1772,1,14,금
2022-01-14,4호선,사당,25293,20702,45995,4591,1,14,금
2022-01-14,4호선,남태령,1239,966,2205,273,1,14,금
2022-01-14,4호선,당고개,12322,11176,23498,1146,1,14,금
2022-01-14,4호선,상계,18309,17103,35412,1206,1,14,금
2022-01-14,4호선,노원,18569,20974,39543,-2405,1,14,금
2022-01-14,4호선,창동,25026,26668,51694,-1642,1,14,금
2022-01-14,4호선,쌍문,29068,26525,55593,2543,1,14,금
2022-01-14,5호선,방화,6440,6092,12532,348,1,14,금
2022-01-14,5호선,개화산,5459,5159,10618,300,1,14,금
2022-01-14,5호선,김포공항,7877,7412,15289,465,1,14,금
2022-01-14,5호선,송정,6422,6015,12437,407,1,14,금
2022-01-14,5호선,마곡,10743,10533,21276,210,1,14,금
2022-01-14,5호선,발산,19317,19877,39194,-560,1,14,금
2022-01-14,5호선,우장산,13820,13784,27604,36,1,14,금
2022-01-14,5호선,화곡,27696,26232,53928,1464,1,14,금
2022-01-14,5호선,까치산,28174,27454,55628,720,1,14,금
2022-01-14,5호선,신정(은행정),13641,11007,24648,2634,1,14,금
2022-01-14,5호선,목동,16869,18152,35021,-1283,1,14,금
2022-01-14,5호선,오목교(목동운동장앞),22246,23793,46039,-1547,1,14,금
2022-01-14,5호선,양평,7487,7440,14927,47,1,14,금
2022-01-14,5호선,영등포구청,3851,3865,7716,-14,1,14,금
2022-01-14,5호선,영등포시장,10353,10604,20957,-251,1,14,금
2022-01-14,5호선,신길,4052,4423,8475,-371,1,14,금
2022-01-14,5호선,여의도,28940,30012,58952,-1072,1,14,금
2022-01-14,5호선,여의나루,8240,9142,17382,-902,1,14,금
2022-01-14,5호선,마포,14420,14942,29362,-522,1,14,금
2022-01-14,5호선,공덕,13820,14834,28654,-1014,1,14,금
2022-01-14,5호선,애오개,6815,6825,13640,-10,1,14,금
2022-01-14,5호선,충정로(경기대입구),4583,4586,9169,-3,1,14,금
2022-01-14,5호선,서대문,18785,18948,37733,-163,1,14,금
2022-01-14,5호선,광화문(세종문화회관),28560,29859,58419,-1299,1,14,금
2022-01-14,5호선,종로3가,12734,12705,25439,29,1,14,금
2022-01-14,5호선,을지로4가,6111,6198,12309,-87,1,14,금
2022-01-14,5호선,동대문역사문화공원(DDP),3005,3556,6561,-551,1,14,금
2022-01-14,5호선,청구,3987,3756,7743,231,1,14,금
2022-01-14,5호선,신금호,6346,6467,12813,-121,1,14,금
2022-01-14,5호선,행당,7906,7041,14947,865,1,14,금
2022-01-14,5호선,왕십리(성동구청),4684,5251,9935,-567,1,14,금
2022-01-14,5호선,마장,5680,5267,10947,413,1,14,금
2022-01-14,5호선,답십리,16007,14749,30756,1258,1,14,금
2022-01-14,5호선,장한평,18561,18615,37176,-54,1,14,금
2022-01-14,5호선,군자(능동),11305,12490,23795,-1185,1,14,금
2022-01-14,5호선,아차산(어린이대공원후문),13893,13430,27323,463,1,14,금
2022-01-14,5호선,광나루(장신대),12812,11464,24276,1348,1,14,금
2022-01-14,5호선,천호(풍납토성),18756,18540,37296,216,1,14,금
2022-01-14,5호선,강동,18513,17673,36186,840,1,14,금
2022-01-14,5호선,길동,8185,8665,16850,-480,1,14,금
2022-01-14,5호선,굽은다리(강동구민회관앞),9394,9035,18429,359,1,14,금
2022-01-14,5호선,명일,8528,8754,17282,-226,1,14,금
2022-01-14,5호선,고덕,9037,9130,18167,-93,1,14,금
2022-01-14,5호선,상일동,15411,14227,29638,1184,1,14,금
2022-01-14,5호선,둔촌동,8795,8815,17610,-20,1,14,금
2022-01-14,5호선,올림픽공원(한국체대),4055,3486,7541,569,1,14,금
2022-01-14,5호선,방이,7484,7725,15209,-241,1,14,금
2022-01-14,5호선,오금,3567,3662,7229,-95,1,14,금
2022-01-14,5호선,개롱,6387,6608,12995,-221,1,14,금
2022-01-14,5호선,거여,8935,8480,17415,455,1,14,금
2022-01-14,5호선,마천,6748,6555,13303,193,1,14,금
2022-01-14,5호선,강일,3783,3674,7457,109,1,14,금
2022-01-14,5호선,미사,15774,15768,31542,6,1,14,금
2022-01-14,5호선,하남풍산,4229,4270,8499,-41,1,14,금
2022-01-14,5호선,하남시청(덕풍·신장),6511,6305,12816,206,1,14,금
2022-01-14,5호선,하남검단산,5354,5211,10565,143,1,14,금
2022-01-14,6호선,응암,17156,17224,34380,-68,1,14,금
2022-01-14,6호선,역촌,3682,4341,8023,-659,1,14,금
2022-01-14,6호선,불광,3985,4050,8035,-65,1,14,금
2022-01-14,6호선,독바위,2672,2703,5375,-31,1,14,금
2022-01-14,6호선,연신내,1,0,1,1,1,14,금
2022-01-14,6호선,구산,7418,5609,13027,1809,1,14,금
2022-01-14,6호선,새절(신사),12248,11628,23876,620,1,14,금
2022-01-14,6호선,증산(명지대앞),9830,9874,19704,-44,1,14,금
2022-01-14,6호선,디지털미디어시티,13170,14350,27520,-1180,1,14,금
2022-01-14,6호선,월드컵경기장(성산),3742,3871,7613,-129,1,14,금
2022-01-14,6호선,마포구청,14068,12789,26857,1279,1,14,금
2022-01-14,6호선,망원,14958,16289,31247,-1331,1,14,금
2022-01-14,6호선,합정,13603,13059,26662,544,1,14,금
2022-01-14,6호선,상수,8977,10098,19075,-1121,1,14,금
2022-01-14,6호선,광흥창(서강),8915,8699,17614,216,1,14,금
2022-01-14,6호선,대흥(서강대앞),7863,8073,15936,-210,1,14,금
2022-01-14,6호선,공덕,18550,17876,36426,674,1,14,금
2022-01-14,6호선,효창공원앞,6872,6229,13101,643,1,14,금
2022-01-14,6호선,삼각지,6454,5743,12197,711,1,14,금
2022-01-14,6호선,녹사평(용산구청),4583,4794,9377,-211,1,14,금
2022-01-14,6호선,이태원,10061,10348,20409,-287,1,14,금
2022-01-14,6호선,한강진,9067,10180,19247,-1113,1,14,금
2022-01-14,6호선,버티고개,2008,2024,4032,-16,1,14,금
2022-01-14,6호선,약수,3560,3587,7147,-27,1,14,금
2022-01-14,6호선,청구,3728,3908,7636,-180,1,14,금
2022-01-14,6호선,신당,8554,8766,17320,-212,1,14,금
2022-01-14,6호선,동묘앞,7629,7565,15194,64,1,14,금
2022-01-14,6호선,창신,3271,2686,5957,585,1,14,금
2022-01-14,6호선,보문,7035,6434,13469,601,1,14,금
2022-01-14,6호선,안암(고대병원앞),9561,9378,18939,183,1,14,금
2022-01-14,6호선,고려대(종암),7535,7294,14829,241,1,14,금
2022-01-14,6호선,월곡(동덕여대),11188,11055,22243,133,1,14,금
2022-01-14,6호선,상월곡(한국과학기술연구원),6041,5354,11395,687,1,14,금
2022-01-14,6호선,돌곶이,9382,8790,18172,592,1,14,금
2022-01-14,6호선,석계,11845,12216,24061,-371,1,14,금
2022-01-14,6호선,태릉입구,5347,5894,11241,-547,1,14,금
2022-01-14,6호선,화랑대(서울여대입구),11308,8790,20098,2518,1,14,금
2022-01-14,6호선,봉화산(서울의료원),8699,8153,16852,546,1,14,금
2022-01-14,6호선,신내,1,0,1,1,1,14,금
2022-01-14,7호선,장암,2094,822,2916,1272,1,14,금
2022-01-14,7호선,도봉산,8397,9740,18137,-1343,1,14,금
2022-01-14,7호선,수락산,12162,11859,24021,303,1,14,금
2022-01-14,7호선,마들,12587,11934,24521,653,1,14,금
2022-01-14,7호선,노원,19643,20693,40336,-1050,1,14,금
2022-01-14,7호선,중계,13550,12171,25721,1379,1,14,금
2022-01-14,7호선,하계,17161,16007,33168,1154,1,14,금
2022-01-14,7호선,공릉(서울과학기술대),11491,11402,22893,89,1,14,금
2022-01-14,7호선,태릉입구,8256,7758,16014,498,1,14,금
2022-01-14,7호선,먹골,9994,9966,19960,28,1,14,금
2022-01-14,7호선,중화,10604,10358,20962,246,1,14,금
2022-01-14,7호선,상봉(시외버스터미널),16957,16190,33147,767,1,14,금
2022-01-14,7호선,면목,15169,14834,30003,335,1,14,금
2022-01-14,7호선,사가정,15651,15857,31508,-206,1,14,금
2022-01-14,7호선,용마산(용마폭포공원),5937,5702,11639,235,1,14,금
2022-01-14,7호선,중곡,10494,10063,20557,431,1,14,금
2022-01-14,7호선,군자(능동),14819,11988,26807,2831,1,14,금
2022-01-14,7호선,어린이대공원(세종대),12185,11993,24178,192,1,14,금
2022-01-14,7호선,건대입구,12466,13039,25505,-573,1,14,금
2022-01-14,7호선,뚝섬유원지,7060,6830,13890,230,1,14,금
2022-01-14,7호선,청담,19316,21653,40969,-2337,1,14,금
2022-01-14,7호선,강남구청,17024,18419,35443,-1395,1,14,금
2022-01-14,7호선,학동,24678,26262,50940,-1584,1,14,금
2022-01-14,우이신설선,솔밭공원,2420,2237,4657,183,1,14,금
2022-01-14,우이신설선,북한산우이,2250,1977,4227,273,1,14,금
2022-01-14,안산선,수리산,4007,3189,7196,818,1,14,금
2022-01-14,안산선,오이도,7983,7848,15831,135,1,14,금
2022-01-14,안산선,정왕,7688,7797,15485,-109,1,14,금
2022-01-14,안산선,신길온천,1573,1533,3106,40,1,14,금
2022-01-14,안산선,안산,11279,10198,21477,1081,1,14,금
2022-01-14,안산선,초지,4327,4445,8772,-118,1,14,금
2022-01-14,안산선,고잔,8466,8035,16501,431,1,14,금
2022-01-14,안산선,중앙,17443,18488,35931,-1045,1,14,금
2022-01-14,안산선,한대앞,8399,8440,16839,-41,1,14,금
2022-01-14,안산선,상록수,14770,15177,29947,-407,1,14,금
2022-01-14,안산선,반월,4027,3836,7863,191,1,14,금
2022-01-14,안산선,대야미,4914,4326,9240,588,1,14,금
2022-01-14,경의선,가좌,5059,5040,10099,19,1,14,금
2022-01-14,경의선,홍대입구,1814,2106,3920,-292,1,14,금
2022-01-14,경의선,서강대,2127,2093,4220,34,1,14,금
2022-01-14,중앙선,도농,10076,9431,19507,645,1,14,금
2022-01-14,중앙선,양정,629,554,1183,75,1,14,금
2022-01-14,중앙선,덕소,5269,5234,10503,35,1,14,금
2022-01-14,중앙선,도심,2252,1779,4031,473,1,14,금
2022-01-14,경의선,공덕,3518,3117,6635,401,1,14,금
2022-01-14,경의선,효창공원앞,2809,3310,6119,-501,1,14,금
2022-01-14,경의선,신촌,777,991,1768,-214,1,14,금
2022-01-14,경의선,서울역,4153,5128,9281,-975,1,14,금
2022-01-14,경원선,소요산,2061,1725,3786,336,1,14,금
2022-01-14,경원선,동두천,1905,2109,4014,-204,1,14,금
2022-01-14,경원선,보산,1298,1216,2514,82,1,14,금
2022-01-14,중앙선,팔당,762,790,1552,-28,1,14,금
2022-01-14,중앙선,운길산,490,472,962,18,1,14,금
2022-01-14,중앙선,양수,1511,1536,3047,-25,1,14,금
2022-01-14,중앙선,신원,146,136,282,10,1,14,금
2022-01-14,중앙선,국수,567,562,1129,5,1,14,금
2022-01-14,중앙선,아신,464,466,930,-2,1,14,금
2022-01-14,중앙선,오빈,258,260,518,-2,1,14,금
2022-01-14,경원선,녹천,4318,3661,7979,657,1,14,금
2022-01-14,경원선,월계,5878,5592,11470,286,1,14,금
2022-01-14,경원선,광운대,7227,7025,14252,202,1,14,금
2022-01-14,경원선,석계,7833,8697,16530,-864,1,14,금
2022-01-14,경원선,신이문,8226,7602,15828,624,1,14,금
2022-01-14,경원선,외대앞,7049,7009,14058,40,1,14,금
2022-01-14,경원선,청량리(서울시립대입구),15974,16368,32342,-394,1,14,금
2022-01-14,경원선,왕십리(성동구청),13918,15956,29874,-2038,1,14,금
2022-01-14,경원선,동두천중앙,2806,2743,5549,63,1,14,금
2022-01-14,경원선,지행,6025,6024,12049,1,1,14,금
2022-01-14,경원선,덕정,5064,4800,9864,264,1,14,금
2022-01-14,경원선,덕계,2955,2602,5557,353,1,14,금
2022-01-14,경원선,양주,7152,6684,13836,468,1,14,금
2022-01-14,경원선,녹양,4322,4095,8417,227,1,14,금
2022-01-14,경원선,가능,6136,5961,12097,175,1,14,금
2022-01-14,경원선,의정부,17833,18612,36445,-779,1,14,금
2022-01-14,경원선,회룡,11810,11797,23607,13,1,14,금
2022-01-14,경원선,망월사,6834,7026,13860,-192,1,14,금
2022-01-14,경원선,도봉산,6655,4114,10769,2541,1,14,금
2022-01-14,경원선,도봉,5816,5672,11488,144,1,14,금
2022-01-14,중앙선,양평,2355,2408,4763,-53,1,14,금
2022-01-14,중앙선,원덕,281,265,546,16,1,14,금
2022-01-14,중앙선,용문,1391,1458,2849,-67,1,14,금
2022-01-14,중앙선,지평,60,54,114,6,1,14,금
2022-01-14,일산선,정발산,7199,7283,14482,-84,1,14,금
2022-01-14,일산선,주엽,8797,8877,17674,-80,1,14,금
2022-01-14,일산선,대화,11937,9700,21637,2237,1,14,금
2022-01-14,2호선,뚝섬,22022,23586,45608,-1564,1,14,금
2022-01-14,8호선,신흥,4296,4583,8879,-287,1,14,금
2022-01-14,장항선,봉명,1150,1116,2266,34,1,14,금
2022-01-14,장항선,쌍용(나사렛대),1748,1608,3356,140,1,14,금
2022-01-14,장항선,아산,2871,2925,5796,-54,1,14,금
2022-01-14,장항선,탕정,432,395,827,37,1,14,금
2022-01-14,장항선,배방,982,887,1869,95,1,14,금
2022-01-14,장항선,온양온천,4022,4136,8158,-114,1,14,금
2022-01-14,장항선,신창(순천향대),1097,897,1994,200,1,14,금
2022-01-14,중앙선,회기,23091,22110,45201,981,1,14,금
2022-01-14,중앙선,중랑,5402,5103,10505,299,1,14,금
2022-01-14,중앙선,상봉(시외버스터미널),5810,5735,11545,75,1,14,금
2022-01-14,중앙선,망우,7465,7485,14950,-20,1,14,금
2022-01-14,중앙선,양원,1968,1834,3802,134,1,14,금
2022-01-14,중앙선,구리,13105,13403,26508,-298,1,14,금
2022-01-14,안산선,산본,15597,16951,32548,-1354,1,14,금
2022-01-14,수인선,인천,995,1584,2579,-589,1,14,금
2022-01-14,수인선,신포,1650,1710,3360,-60,1,14,금
2022-01-14,수인선,숭의,3826,3591,7417,235,1,14,금
2022-01-14,수인선,인하대,5565,5199,10764,366,1,14,금
2022-01-14,수인선,송도,2417,2282,4699,135,1,14,금
2022-01-14,수인선,연수,4368,4519,8887,-151,1,14,금
2022-01-14,수인선,원인재,4380,4449,8829,-69,1,14,금
2022-01-14,수인선,남동인더스파크,2259,2460,4719,-201,1,14,금
2022-01-14,수인선,호구포,3887,4069,7956,-182,1,14,금
2022-01-14,수인선,인천논현,5339,5712,11051,-373,1,14,금
2022-01-14,수인선,소래포구,4464,4258,8722,206,1,14,금
2022-01-14,수인선,월곶,2467,2304,4771,163,1,14,금
2022-01-14,수인선,달월,85,53,138,32,1,14,금
2022-01-14,수인선,사리,4343,3915,8258,428,1,14,금
2022-01-14,수인선,야목,333,250,583,83,1,14,금
2022-01-14,수인선,어천,800,661,1461,139,1,14,금
2022-01-14,수인선,오목천,2723,2494,5217,229,1,14,금
2022-01-14,수인선,고색,4644,4265,8909,379,1,14,금
2022-01-14,분당선,매교,2628,2740,5368,-112,1,14,금
2022-01-14,분당선,수원시청,13400,14501,27901,-1101,1,14,금
2022-01-14,분당선,매탄권선,5147,4832,9979,315,1,14,금
2022-01-14,분당선,망포,15033,13987,29020,1046,1,14,금
2022-01-14,분당선,영통,8603,8820,17423,-217,1,14,금
2022-01-14,분당선,청명,4229,4082,8311,147,1,14,금
2022-01-14,분당선,상갈,5429,5178,10607,251,1,14,금
2022-01-14,분당선,기흥,9745,9181,18926,564,1,14,금
2022-01-14,분당선,신갈,4579,4521,9100,58,1,14,금
2022-01-14,분당선,구성,5136,5373,10509,-237,1,14,금
2022-01-14,분당선,죽전,13558,14648,28206,-1090,1,14,금
2022-01-14,분당선,보정,2488,2177,4665,311,1,14,금
2022-01-14,분당선,이매,5669,5352,11021,317,1,14,금
2022-01-14,분당선,오리,11858,9841,21699,2017,1,14,금
2022-01-14,분당선,미금,15791,16558,32349,-767,1,14,금
2022-01-14,분당선,정자,18114,19021,37135,-907,1,14,금
2022-01-14,분당선,수내,13899,13821,27720,78,1,14,금
2022-01-14,분당선,서현,25963,26523,52486,-560,1,14,금
2022-01-14,분당선,야탑,25889,26848,52737,-959,1,14,금
2022-01-14,분당선,모란,24535,25385,49920,-850,1,14,금
2022-01-14,분당선,태평,13646,13407,27053,239,1,14,금
2022-01-14,분당선,가천대,6653,7356,14009,-703,1,14,금
2022-01-14,분당선,선정릉,8328,8818,17146,-490,1,14,금
2022-01-14,분당선,강남구청,10594,11856,22450,-1262,1,14,금
2022-01-14,분당선,압구정로데오,21594,23311,44905,-1717,1,14,금
2022-01-14,분당선,서울숲,10472,10725,21197,-253,1,14,금
2022-01-14,분당선,수원,8148,6774,14922,1374,1,14,금
2022-01-14,분당선,복정,1,0,1,1,1,14,금
2022-01-14,분당선,수서,14513,15471,29984,-958,1,14,금
2022-01-14,분당선,대모산입구,4520,4201,8721,319,1,14,금
2022-01-14,분당선,개포동,3640,3907,7547,-267,1,14,금
2022-01-14,분당선,구룡,1789,1727,3516,62,1,14,금
2022-01-14,분당선,도곡,7097,6924,14021,173,1,14,금
2022-01-14,분당선,한티,15602,16592,32194,-990,1,14,금
2022-01-14,분당선,선릉,13855,20565,34420,-6710,1,14,금
2022-01-14,과천선,범계,25861,25645,51506,216,1,14,금
2022-01-14,과천선,평촌,17825,17739,35564,86,1,14,금
2022-01-14,과천선,인덕원,24294,25148,49442,-854,1,14,금
2022-01-14,과천선,정부과천청사,10364,10244,20608,120,1,14,금
2022-01-14,과천선,과천,6131,5741,11872,390,1,14,금
2022-01-14,과천선,대공원,2056,2167,4223,-111,1,14,금
2022-01-14,과천선,경마공원,5070,5158,10228,-88,1,14,금
2022-01-14,2호선,신정네거리,10205,10613,20818,-408,1,14,금
2022-01-14,경원선,방학,9286,9097,18383,189,1,14,금
2022-01-14,과천선,선바위,8153,7118,15271,1035,1,14,금
2022-01-14,공항철도 1호선,영종,2829,2954,5783,-125,1,14,금
2022-01-14,공항철도 1호선,인천공항2터미널,2349,2152,4501,197,1,14,금
2022-01-14,공항철도 1호선,인천공항1터미널,3766,4193,7959,-427,1,14,금
2022-01-14,공항철도 1호선,공항화물청사,2261,2414,4675,-153,1,14,금
2022-01-14,공항철도 1호선,운서,6452,6279,12731,173,1,14,금
2022-01-14,공항철도 1호선,청라국제도시,6828,6456,13284,372,1,14,금
2022-01-14,공항철도 1호선,검암,6593,6557,13150,36,1,14,금
2022-01-14,공항철도 1호선,계양,9880,9337,19217,543,1,14,금
2022-01-14,공항철도 1호선,김포공항,13982,7251,21233,6731,1,14,금
2022-01-14,공항철도 1호선,마곡나루(서울식물원),8269,7754,16023,515,1,14,금
2022-01-14,공항철도 1호선,디지털미디어시티,13868,12294,26162,1574,1,14,금
2022-01-14,공항철도 1호선,홍대입구,10621,10857,21478,-236,1,14,금
2022-01-14,공항철도 1호선,공덕,2248,2976,5224,-728,1,14,금
2022-01-14,공항철도 1호선,서울역,8651,8303,16954,348,1,14,금
2022-01-14,경춘선,춘천,1239,1127,2366,112,1,14,금
2022-01-14,경춘선,남춘천,2123,2319,4442,-196,1,14,금
2022-01-14,경춘선,김유정,223,206,429,17,1,14,금
2022-01-14,경춘선,강촌,296,285,581,11,1,14,금
2022-01-14,경춘선,백양리,307,286,593,21,1,14,금
2022-01-14,경춘선,굴봉산,94,100,194,-6,1,14,금
2022-01-14,경춘선,가평,1375,1460,2835,-85,1,14,금
2022-01-14,경춘선,상천,182,184,366,-2,1,14,금
2022-01-14,경춘선,청평,1355,1342,2697,13,1,14,금
2022-01-14,경춘선,대성리,358,311,669,47,1,14,금
2022-01-14,경춘선,마석,3346,3317,6663,29,1,14,금
2022-01-14,경춘선,천마산,1530,1389,2919,141,1,14,금
2022-01-14,경춘선,평내호평,5768,5694,11462,74,1,14,금
2022-01-14,경춘선,금곡,1371,1301,2672,70,1,14,금
2022-01-14,경춘선,사릉,3030,2959,5989,71,1,14,금
2022-01-14,경춘선,퇴계원,3446,3194,6640,252,1,14,금
2022-01-14,경춘선,별내,3353,3200,6553,153,1,14,금
2022-01-14,경춘선,갈매,2872,2530,5402,342,1,14,금
2022-01-14,경춘선,신내,1919,1761,3680,158,1,14,금
2022-01-14,경인선,도화,4087,3809,7896,278,1,14,금
2022-01-14,경인선,중동,9020,8605,17625,415,1,14,금
2022-01-14,경인선,온수(성공회대입구),6092,5877,11969,215,1,14,금
2022-01-14,경인선,도원,2368,2488,4856,-120,1,14,금
2022-01-14,경인선,간석,5607,5368,10975,239,1,14,금
2022-01-14,경인선,부개,8197,7642,15839,555,1,14,금
2022-01-14,경인선,소사,7766,7643,15409,123,1,14,금
2022-01-14,경인선,구일,5819,5833,11652,-14,1,14,금
2022-01-14,경인선,인천,3050,2340,5390,710,1,14,금
2022-01-14,경인선,동인천,13230,12534,25764,696,1,14,금
2022-01-14,경인선,제물포,9884,9449,19333,435,1,14,금
2022-01-14,경인선,주안,17898,16262,34160,1636,1,14,금
2022-01-14,경인선,동암,14071,14647,28718,-576,1,14,금
2022-01-14,경인선,백운,6464,6339,12803,125,1,14,금
2022-01-14,경인선,부평,29475,31859,61334,-2384,1,14,금
2022-01-14,경인선,송내,25734,25705,51439,29,1,14,금
2022-01-14,경인선,부천,31479,32026,63505,-547,1,14,금
2022-01-14,경인선,역곡,25931,25985,51916,-54,1,14,금
2022-01-14,경인선,오류동,11449,10855,22304,594,1,14,금
2022-01-14,경인선,개봉,20701,20723,41424,-22,1,14,금
2022-01-14,경의선,임진강,15,7,22,8,1,14,금
2022-01-14,경의선,문산,5217,5071,10288,146,1,14,금
2022-01-14,경의선,파주,923,624,1547,299,1,14,금
2022-01-14,경의선,월롱,2842,2071,4913,771,1,14,금
2022-01-14,경의선,금촌,6145,6079,12224,66,1,14,금
2022-01-14,경의선,금릉,4529,4370,8899,159,1,14,금
2022-01-14,경의선,운정,6539,6311,12850,228,1,14,금
2022-01-14,경의선,야당,6999,6943,13942,56,1,14,금
2022-01-14,경의선,탄현,7479,7312,14791,167,1,14,금
2022-01-14,경의선,일산,8627,8738,17365,-111,1,14,금
2022-01-14,경의선,풍산,5340,4974,10314,366,1,14,금
2022-01-14,경의선,백마,6638,6438,13076,200,1,14,금
2022-01-14,경의선,곡산,528,527,1055,1,1,14,금
2022-01-14,경의선,능곡,3453,3201,6654,252,1,14,금
2022-01-14,경의선,행신,7840,7992,15832,-152,1,14,금
2022-01-15,8호선,수진,3988,3606,7594,382,1,15,토
2022-01-15,5호선,길동,5650,5864,11514,-214,1,15,토
2022-01-15,5호선,강동,12005,11405,23410,600,1,15,토
2022-01-15,5호선,천호(풍납토성),16042,15062,31104,980,1,15,토
2022-01-15,5호선,광나루(장신대),8798,8477,17275,321,1,15,토
2022-01-15,5호선,아차산(어린이대공원후문),11650,11268,22918,382,1,15,토
2022-01-15,5호선,군자(능동),8228,8855,17083,-627,1,15,토
2022-01-15,5호선,장한평,10506,10428,20934,78,1,15,토
2022-01-15,5호선,답십리,9754,9096,18850,658,1,15,토
2022-01-15,5호선,마장,3905,3925,7830,-20,1,15,토
2022-01-15,5호선,왕십리(성동구청),3392,4170,7562,-778,1,15,토
2022-01-15,5호선,행당,5010,4357,9367,653,1,15,토
2022-01-15,5호선,신금호,3839,4025,7864,-186,1,15,토
2022-01-15,5호선,청구,2453,2300,4753,153,1,15,토
2022-01-15,5호선,동대문역사문화공원(DDP),1043,1339,2382,-296,1,15,토
2022-01-15,5호선,을지로4가,3298,3592,6890,-294,1,15,토
2022-01-15,5호선,종로3가,11742,11558,23300,184,1,15,토
2022-01-15,5호선,광화문(세종문화회관),14464,14676,29140,-212,1,15,토
2022-01-15,5호선,서대문,6933,6534,13467,399,1,15,토
2022-01-15,중앙선,망우,5958,5748,11706,210,1,15,토
2022-01-15,중앙선,상봉(시외버스터미널),4561,4566,9127,-5,1,15,토
2022-01-15,중앙선,중랑,4089,3876,7965,213,1,15,토
2022-01-15,중앙선,회기,17837,16931,34768,906,1,15,토
2022-01-15,장항선,신창(순천향대),790,764,1554,26,1,15,토
2022-01-15,장항선,온양온천,3388,3408,6796,-20,1,15,토
2022-01-15,장항선,배방,858,803,1661,55,1,15,토
2022-01-15,중앙선,지평,38,46,84,-8,1,15,토
2022-01-15,중앙선,용문,2805,2947,5752,-142,1,15,토
2022-01-15,중앙선,원덕,279,298,577,-19,1,15,토
2022-01-15,중앙선,양평,1997,2084,4081,-87,1,15,토
2022-01-15,중앙선,오빈,231,238,469,-7,1,15,토
2022-01-15,중앙선,아신,411,402,813,9,1,15,토
2022-01-15,중앙선,국수,532,574,1106,-42,1,15,토
2022-01-15,중앙선,신원,164,187,351,-23,1,15,토
2022-01-15,중앙선,양수,1528,1501,3029,27,1,15,토
2022-01-15,중앙선,운길산,721,790,1511,-69,1,15,토
2022-01-15,중앙선,팔당,1036,1023,2059,13,1,15,토
2022-01-15,중앙선,도심,1468,1229,2697,239,1,15,토
2022-01-15,중앙선,덕소,4086,4185,8271,-99,1,15,토
2022-01-15,중앙선,양정,441,395,836,46,1,15,토
2022-01-15,중앙선,도농,6522,6333,12855,189,1,15,토
2022-01-15,중앙선,구리,9854,10054,19908,-200,1,15,토
2022-01-15,중앙선,양원,1293,1348,2641,-55,1,15,토
2022-01-15,5호선,충정로(경기대입구),1954,1749,3703,205,1,15,토
2022-01-15,5호선,애오개,3600,3432,7032,168,1,15,토
2022-01-15,5호선,공덕,6821,6909,13730,-88,1,15,토
2022-01-15,5호선,마포,7177,7244,14421,-67,1,15,토
2022-01-15,5호선,여의나루,5593,6952,12545,-1359,1,15,토
2022-01-15,5호선,여의도,12796,14159,26955,-1363,1,15,토
2022-01-15,5호선,신길,2486,2595,5081,-109,1,15,토
2022-01-15,5호선,영등포시장,7519,7848,15367,-329,1,15,토
2022-01-15,5호선,영등포구청,2149,1858,4007,291,1,15,토
2022-01-15,5호선,양평,3587,3437,7024,150,1,15,토
2022-01-15,5호선,오목교(목동운동장앞),15162,15700,30862,-538,1,15,토
2022-01-15,5호선,목동,10786,11013,21799,-227,1,15,토
2022-01-15,5호선,신정(은행정),8407,7382,15789,1025,1,15,토
2022-01-15,5호선,까치산,20055,19480,39535,575,1,15,토
2022-01-15,5호선,화곡,19079,17754,36833,1325,1,15,토
2022-01-15,5호선,우장산,9270,9180,18450,90,1,15,토
2022-01-15,5호선,발산,12598,13276,25874,-678,1,15,토
2022-01-15,5호선,마곡,5248,5196,10444,52,1,15,토
2022-01-15,5호선,송정,4655,4492,9147,163,1,15,토
2022-01-15,5호선,김포공항,6974,7080,14054,-106,1,15,토
2022-01-15,5호선,개화산,3525,3413,6938,112,1,15,토
2022-01-15,4호선,쌍문,20063,18140,38203,1923,1,15,토
2022-01-15,4호선,창동,18645,19557,38202,-912,1,15,토
2022-01-15,4호선,노원,14928,16251,31179,-1323,1,15,토
2022-01-15,4호선,상계,13092,12383,25475,709,1,15,토
2022-01-15,4호선,당고개,9069,8644,17713,425,1,15,토
2022-01-15,4호선,남태령,957,642,1599,315,1,15,토
2022-01-15,4호선,사당,19531,17100,36631,2431,1,15,토
2022-01-15,4호선,총신대입구(이수),13368,14452,27820,-1084,1,15,토
2022-01-15,4호선,동작(현충원),1050,1078,2128,-28,1,15,토
2022-01-15,4호선,이촌(국립중앙박물관),6213,6836,13049,-623,1,15,토
2022-01-15,4호선,신용산,9890,10818,20708,-928,1,15,토
2022-01-15,4호선,삼각지,3346,4287,7633,-941,1,15,토
2022-01-15,4호선,숙대입구(갈월),8320,8208,16528,112,1,15,토
2022-01-15,4호선,서울역,5171,11444,16615,-6273,1,15,토
2022-01-15,4호선,회현(남대문시장),17413,18886,36299,-1473,1,15,토
2022-01-15,4호선,명동,13314,15194,28508,-1880,1,15,토
2022-01-15,4호선,충무로,11637,12091,23728,-454,1,15,토
2022-01-15,4호선,동대문역사문화공원(DDP),11471,9957,21428,1514,1,15,토
2022-01-15,4호선,동대문,12392,12262,24654,130,1,15,토
2022-01-15,4호선,혜화,26463,27087,53550,-624,1,15,토
2022-01-15,4호선,한성대입구(삼선교),9873,9410,19283,463,1,15,토
2022-01-15,4호선,성신여대입구(돈암),15926,15060,30986,866,1,15,토
2022-01-15,4호선,길음,13520,12848,26368,672,1,15,토
2022-01-15,4호선,미아사거리,20676,19807,40483,869,1,15,토
2022-01-15,4호선,미아(서울사이버대학),9922,9630,19552,292,1,15,토
2022-01-15,4호선,수유(강북구청),24848,24540,49388,308,1,15,토
2022-01-15,3호선,오금,3514,3217,6731,297,1,15,토
2022-01-15,3호선,경찰병원,3741,3674,7415,67,1,15,토
2022-01-15,3호선,가락시장,5913,5567,11480,346,1,15,토
2022-01-15,3호선,수서,12457,12341,24798,116,1,15,토
2022-01-15,3호선,일원,5260,5159,10419,101,1,15,토
2022-01-15,3호선,대청,5718,5306,11024,412,1,15,토
2022-01-15,3호선,학여울,2724,2230,4954,494,1,15,토
2022-01-15,3호선,대치,9057,8089,17146,968,1,15,토
2022-01-15,3호선,도곡,3167,3110,6277,57,1,15,토
2022-01-15,일산선,대화,7759,6991,14750,768,1,15,토
2022-01-15,3호선,매봉,5918,5708,11626,210,1,15,토
2022-01-15,3호선,양재(서초구청),20857,22192,43049,-1335,1,15,토
2022-01-15,3호선,남부터미널(예술의전당),19606,19365,38971,241,1,15,토
2022-01-15,3호선,교대(법원.검찰청),6413,3843,10256,2570,1,15,토
2022-01-15,3호선,고속터미널,44642,44580,89222,62,1,15,토
2022-01-15,3호선,잠원,3171,3023,6194,148,1,15,토
2022-01-15,3호선,신사,26405,26857,53262,-452,1,15,토
2022-01-15,3호선,압구정,24607,25694,50301,-1087,1,15,토
2022-01-15,3호선,옥수,6230,6417,12647,-187,1,15,토
2022-01-15,3호선,금호,5611,5167,10778,444,1,15,토
2022-01-15,3호선,약수,8420,7913,16333,507,1,15,토
2022-01-15,3호선,동대입구,5877,6470,12347,-593,1,15,토
2022-01-15,3호선,충무로,1,0,1,1,1,15,토
2022-01-15,3호선,을지로3가,4766,5130,9896,-364,1,15,토
2022-01-15,3호선,종로3가,5727,7692,13419,-1965,1,15,토
2022-01-15,3호선,안국,13542,15067,28609,-1525,1,15,토
2022-01-15,3호선,경복궁(정부서울청사),13608,14005,27613,-397,1,15,토
2022-01-15,3호선,독립문,5022,5244,10266,-222,1,15,토
2022-01-15,3호선,무악재,2519,2596,5115,-77,1,15,토
2022-01-15,3호선,홍제,12108,11426,23534,682,1,15,토
2022-01-15,3호선,녹번,9627,8563,18190,1064,1,15,토
2022-01-15,3호선,불광,11890,13216,25106,-1326,1,15,토
2022-01-15,3호선,연신내,27329,26090,53419,1239,1,15,토
2022-01-15,3호선,구파발,13360,13487,26847,-127,1,15,토
2022-01-15,3호선,지축,2770,2693,5463,77,1,15,토
2022-01-15,2호선,용두(동대문구청),1749,1777,3526,-28,1,15,토
2022-01-15,2호선,신정네거리,7080,7216,14296,-136,1,15,토
2022-01-15,2호선,양천구청,4190,4298,8488,-108,1,15,토
2022-01-15,2호선,도림천,790,796,1586,-6,1,15,토
2022-01-15,2호선,신설동,3255,3267,6522,-12,1,15,토
2022-01-15,2호선,신답,964,1100,2064,-136,1,15,토
2022-01-15,2호선,용답,2008,2012,4020,-4,1,15,토
2022-01-15,2호선,충정로(경기대입구),5111,5547,10658,-436,1,15,토
2022-01-15,2호선,아현,6761,6644,13405,117,1,15,토
2022-01-15,2호선,이대,9262,9650,18912,-388,1,15,토
2022-01-15,2호선,신촌,27741,27791,55532,-50,1,15,토
2022-01-15,2호선,홍대입구,63354,66211,129565,-2857,1,15,토
2022-01-15,2호선,합정,27867,29613,57480,-1746,1,15,토
2022-01-15,2호선,당산,11694,12807,24501,-1113,1,15,토
2022-01-15,2호선,영등포구청,12719,13282,26001,-563,1,15,토
2022-01-15,2호선,문래,11697,12307,24004,-610,1,15,토
2022-01-15,2호선,신도림,37671,38059,75730,-388,1,15,토
2022-01-15,2호선,대림(구로구청),16604,17688,34292,-1084,1,15,토
2022-01-15,2호선,구로디지털단지,32413,31999,64412,414,1,15,토
2022-01-15,2호선,신대방,18666,18174,36840,492,1,15,토
2022-01-15,2호선,신림,48103,46495,94598,1608,1,15,토
2022-01-15,2호선,봉천,16295,15314,31609,981,1,15,토
2022-01-15,2호선,서울대입구(관악구청),35833,34722,70555,1111,1,15,토
2022-01-15,2호선,낙성대(강감찬),20144,18983,39127,1161,1,15,토
2022-01-15,2호선,사당,28815,31814,60629,-2999,1,15,토
2022-01-15,2호선,방배,9099,9284,18383,-185,1,15,토
2022-01-15,2호선,서초,9988,8503,18491,1485,1,15,토
2022-01-15,2호선,교대(법원.검찰청),16184,18197,34381,-2013,1,15,토
2022-01-15,2호선,강남,61843,60249,122092,1594,1,15,토
2022-01-15,2호선,역삼,18875,20783,39658,-1908,1,15,토
2022-01-15,2호선,선릉,23308,20365,43673,2943,1,15,토
2022-01-15,2호선,삼성(무역센터),28176,28283,56459,-107,1,15,토
2022-01-15,2호선,종합운동장,4444,4732,9176,-288,1,15,토
2022-01-15,2호선,잠실새내,15786,16071,31857,-285,1,15,토
2022-01-15,2호선,잠실(송파구청),60696,58670,119366,2026,1,15,토
2022-01-15,2호선,잠실나루,6753,6702,13455,51,1,15,토
2022-01-15,2호선,강변(동서울터미널),24067,23498,47565,569,1,15,토
2022-01-15,2호선,구의(광진구청),15604,15382,30986,222,1,15,토
2022-01-15,2호선,건대입구,33201,35238,68439,-2037,1,15,토
2022-01-15,2호선,성수,19032,21324,40356,-2292,1,15,토
2022-01-15,2호선,뚝섬,13308,12946,26254,362,1,15,토
2022-01-15,2호선,한양대,3350,3440,6790,-90,1,15,토
2022-01-15,2호선,왕십리(성동구청),12259,10647,22906,1612,1,15,토
2022-01-15,2호선,상왕십리,9184,8953,18137,231,1,15,토
2022-01-15,2호선,신당,10331,10976,21307,-645,1,15,토
2022-01-15,2호선,동대문역사문화공원(DDP),10174,11352,21526,-1178,1,15,토
2022-01-15,2호선,을지로4가,7091,7263,14354,-172,1,15,토
2022-01-15,2호선,을지로3가,10079,10075,20154,4,1,15,토
2022-01-15,2호선,을지로입구,20171,19951,40122,220,1,15,토
2022-01-15,2호선,시청,7655,6573,14228,1082,1,15,토
2022-01-15,1호선,청량리(서울시립대입구),17466,18079,35545,-613,1,15,토
2022-01-15,1호선,제기동,16526,17161,33687,-635,1,15,토
2022-01-15,1호선,신설동,9213,8614,17827,599,1,15,토
2022-01-15,1호선,동대문,9692,8809,18501,883,1,15,토
2022-01-15,1호선,종로5가,17701,17956,35657,-255,1,15,토
2022-01-15,1호선,종로3가,20637,19468,40105,1169,1,15,토
2022-01-15,1호선,종각,17538,16043,33581,1495,1,15,토
2022-01-15,1호선,시청,9427,9666,19093,-239,1,15,토
2022-01-15,1호선,동묘앞,9825,10159,19984,-334,1,15,토
2022-01-15,1호선,서울역,28600,28201,56801,399,1,15,토
2022-01-15,장항선,봉명,629,575,1204,54,1,15,토
2022-01-15,장항선,탕정,403,382,785,21,1,15,토
2022-01-15,장항선,아산,2549,2387,4936,162,1,15,토
2022-01-15,장항선,쌍용(나사렛대),1435,1265,2700,170,1,15,토
2022-01-15,5호선,방화,4416,4271,8687,145,1,15,토
2022-01-15,수인선,오목천,1944,1767,3711,177,1,15,토
2022-01-15,수인선,어천,621,536,1157,85,1,15,토
2022-01-15,수인선,야목,218,203,421,15,1,15,토
2022-01-15,수인선,사리,3154,2735,5889,419,1,15,토
2022-01-15,수인선,달월,41,36,77,5,1,15,토
2022-01-15,수인선,월곶,1973,1894,3867,79,1,15,토
2022-01-15,수인선,소래포구,4460,4500,8960,-40,1,15,토
2022-01-15,수인선,인천논현,4060,4306,8366,-246,1,15,토
2022-01-15,수인선,호구포,2435,2376,4811,59,1,15,토
2022-01-15,수인선,남동인더스파크,915,918,1833,-3,1,15,토
2022-01-15,수인선,원인재,3356,3510,6866,-154,1,15,토
2022-01-15,수인선,연수,3538,3663,7201,-125,1,15,토
2022-01-15,수인선,송도,1929,1792,3721,137,1,15,토
2022-01-15,수인선,인하대,3803,3680,7483,123,1,15,토
2022-01-15,수인선,숭의,2589,2361,4950,228,1,15,토
2022-01-15,수인선,신포,1227,1320,2547,-93,1,15,토
2022-01-15,수인선,인천,1047,1822,2869,-775,1,15,토
2022-01-15,안산선,산본,11572,12325,23897,-753,1,15,토
2022-01-15,안산선,대야미,3433,3100,6533,333,1,15,토
2022-01-15,안산선,반월,3149,2984,6133,165,1,15,토
2022-01-15,안산선,상록수,11105,11260,22365,-155,1,15,토
2022-01-15,안산선,한대앞,6517,6517,13034,0,1,15,토
2022-01-15,안산선,중앙,14733,15271,30004,-538,1,15,토
2022-01-15,안산선,고잔,6090,5851,11941,239,1,15,토
2022-01-15,안산선,초지,3121,3230,6351,-109,1,15,토
2022-01-15,안산선,안산,8467,8826,17293,-359,1,15,토
2022-01-15,안산선,신길온천,1215,1200,2415,15,1,15,토
2022-01-15,안산선,정왕,5747,5808,11555,-61,1,15,토
2022-01-15,안산선,오이도,6586,6637,13223,-51,1,15,토
2022-01-15,안산선,수리산,2679,2451,5130,228,1,15,토
2022-01-15,우이신설선,북한산우이,2588,2608,5196,-20,1,15,토
2022-01-15,우이신설선,솔밭공원,1709,1642,3351,67,1,15,토
2022-01-15,우이신설선,4.19민주묘지,2093,1846,3939,247,1,15,토
2022-01-15,우이신설선,가오리,2699,2620,5319,79,1,15,토
2022-01-15,우이신설선,화계,2405,2275,4680,130,1,15,토
2022-01-15,우이신설선,삼양,1466,1611,3077,-145,1,15,토
2022-01-15,우이신설선,삼양사거리,1787,1802,3589,-15,1,15,토
2022-01-15,우이신설선,솔샘,3689,3338,7027,351,1,15,토
2022-01-15,우이신설선,북한산보국문,4627,4076,8703,551,1,15,토
2022-01-15,우이신설선,정릉,3387,2841,6228,546,1,15,토
2022-01-15,우이신설선,성신여대입구(돈암),2764,3133,5897,-369,1,15,토
2022-01-15,우이신설선,보문,1111,1110,2221,1,1,15,토
2022-01-15,우이신설선,신설동,1473,1409,2882,64,1,15,토
2022-01-15,일산선,원흥,6746,6483,13229,263,1,15,토
2022-01-15,일산선,삼송,13348,13061,26409,287,1,15,토
2022-01-15,일산선,원당,7757,7473,15230,284,1,15,토
2022-01-15,일산선,화정,12089,12437,24526,-348,1,15,토
2022-01-15,일산선,대곡,1155,947,2102,208,1,15,토
2022-01-15,일산선,백석,7082,7003,14085,79,1,15,토
2022-01-15,일산선,마두,4438,4515,8953,-77,1,15,토
2022-01-15,일산선,정발산,6088,6156,12244,-68,1,15,토
2022-01-15,일산선,주엽,5965,6058,12023,-93,1,15,토
2022-01-15,수인선,고색,2397,2336,4733,61,1,15,토
2022-01-15,분당선,매교,2066,2067,4133,-1,1,15,토
2022-01-15,분당선,수원시청,10981,11545,22526,-564,1,15,토
2022-01-15,분당선,매탄권선,3237,3079,6316,158,1,15,토
2022-01-15,분당선,망포,8994,8472,17466,522,1,15,토
2022-01-15,분당선,영통,6389,6273,12662,116,1,15,토
2022-01-15,분당선,청명,2579,2619,5198,-40,1,15,토
2022-01-15,분당선,상갈,3507,3577,7084,-70,1,15,토
2022-01-15,분당선,기흥,6449,6147,12596,302,1,15,토
2022-01-15,분당선,신갈,2617,2649,5266,-32,1,15,토
2022-01-15,분당선,구성,3205,3300,6505,-95,1,15,토
2022-01-15,분당선,죽전,9507,10666,20173,-1159,1,15,토
2022-01-15,분당선,보정,1531,1413,2944,118,1,15,토
2022-01-15,분당선,이매,3828,3777,7605,51,1,15,토
2022-01-15,분당선,오리,7422,6366,13788,1056,1,15,토
2022-01-15,분당선,미금,10196,10516,20712,-320,1,15,토
2022-01-15,분당선,정자,10272,10592,20864,-320,1,15,토
2022-01-15,분당선,수내,8473,7854,16327,619,1,15,토
2022-01-15,분당선,서현,18704,18411,37115,293,1,15,토
2022-01-15,분당선,야탑,16472,17238,33710,-766,1,15,토
2022-01-15,분당선,모란,15383,15505,30888,-122,1,15,토
2022-01-15,분당선,태평,10157,9792,19949,365,1,15,토
2022-01-15,분당선,가천대,4541,5127,9668,-586,1,15,토
2022-01-15,분당선,선정릉,3078,3127,6205,-49,1,15,토
2022-01-15,분당선,강남구청,5479,6521,12000,-1042,1,15,토
2022-01-15,분당선,압구정로데오,19388,20829,40217,-1441,1,15,토
2022-01-15,분당선,서울숲,6942,7408,14350,-466,1,15,토
2022-01-15,분당선,수원,6966,5700,12666,1266,1,15,토
2022-01-15,분당선,수서,9816,10256,20072,-440,1,15,토
2022-01-15,분당선,대모산입구,2930,2662,5592,268,1,15,토
2022-01-15,분당선,개포동,2414,2414,4828,0,1,15,토
2022-01-15,분당선,구룡,1122,1073,2195,49,1,15,토
2022-01-15,분당선,도곡,4177,3916,8093,261,1,15,토
2022-01-15,분당선,한티,11928,11494,23422,434,1,15,토
2022-01-15,분당선,선릉,5010,7712,12722,-2702,1,15,토
2022-01-15,과천선,범계,19346,18863,38209,483,1,15,토
2022-01-15,과천선,평촌,8856,8590,17446,266,1,15,토
2022-01-15,과천선,인덕원,14906,14857,29763,49,1,15,토
2022-01-15,과천선,정부과천청사,5673,5505,11178,168,1,15,토
2022-01-15,과천선,과천,4230,4004,8234,226,1,15,토
2022-01-15,과천선,대공원,3526,3727,7253,-201,1,15,토
2022-01-15,과천선,경마공원,7500,7512,15012,-12,1,15,토
2022-01-15,과천선,선바위,4769,4238,9007,531,1,15,토
2022-01-15,공항철도 1호선,영종,2536,2531,5067,5,1,15,토
2022-01-15,공항철도 1호선,인천공항2터미널,1917,1788,3705,129,1,15,토
2022-01-15,공항철도 1호선,인천공항1터미널,3241,3349,6590,-108,1,15,토
2022-01-15,공항철도 1호선,공항화물청사,1157,1191,2348,-34,1,15,토
2022-01-15,공항철도 1호선,운서,5486,5509,10995,-23,1,15,토
2022-01-15,공항철도 1호선,청라국제도시,3887,3768,7655,119,1,15,토
2022-01-15,공항철도 1호선,검암,4201,4102,8303,99,1,15,토
2022-01-15,공항철도 1호선,계양,6543,6157,12700,386,1,15,토
2022-01-15,공항철도 1호선,김포공항,10842,5485,16327,5357,1,15,토
2022-01-15,공항철도 1호선,마곡나루(서울식물원),2856,3091,5947,-235,1,15,토
2022-01-15,공항철도 1호선,디지털미디어시티,4710,4394,9104,316,1,15,토
2022-01-15,공항철도 1호선,홍대입구,12420,12262,24682,158,1,15,토
2022-01-15,공항철도 1호선,공덕,1387,2385,3772,-998,1,15,토
2022-01-15,공항철도 1호선,서울역,6948,7002,13950,-54,1,15,토
2022-01-15,경춘선,춘천,1249,1185,2434,64,1,15,토
2022-01-15,경춘선,남춘천,2268,2289,4557,-21,1,15,토
2022-01-15,경춘선,김유정,369,382,751,-13,1,15,토
2022-01-15,경춘선,강촌,374,465,839,-91,1,15,토
2022-01-15,경춘선,백양리,397,309,706,88,1,15,토
2022-01-15,경춘선,굴봉산,182,224,406,-42,1,15,토
2022-01-15,경춘선,가평,1302,1358,2660,-56,1,15,토
2022-01-15,경춘선,상천,208,206,414,2,1,15,토
2022-01-15,경춘선,청평,1180,1381,2561,-201,1,15,토
2022-01-15,경춘선,대성리,344,332,676,12,1,15,토
2022-01-15,경춘선,마석,2654,2646,5300,8,1,15,토
2022-01-15,경춘선,천마산,1193,1211,2404,-18,1,15,토
2022-01-15,경춘선,평내호평,4183,3964,8147,219,1,15,토
2022-01-15,경춘선,금곡,1015,926,1941,89,1,15,토
2022-01-15,경춘선,사릉,1985,1927,3912,58,1,15,토
2022-01-15,경춘선,퇴계원,2380,2202,4582,178,1,15,토
2022-01-15,경춘선,별내,2163,2089,4252,74,1,15,토
2022-01-15,경춘선,갈매,1831,1523,3354,308,1,15,토
2022-01-15,경춘선,신내,1049,1012,2061,37,1,15,토
2022-01-15,경인선,도화,2916,2733,5649,183,1,15,토
2022-01-15,경인선,중동,5980,5714,11694,266,1,15,토
2022-01-15,경인선,온수(성공회대입구),4327,4022,8349,305,1,15,토
2022-01-15,경인선,도원,1852,1884,3736,-32,1,15,토
2022-01-15,경인선,간석,4058,3979,8037,79,1,15,토
2022-01-15,경인선,부개,5867,5484,11351,383,1,15,토
2022-01-15,경인선,소사,6558,6353,12911,205,1,15,토
2022-01-15,경인선,구일,3863,3729,7592,134,1,15,토
2022-01-15,경인선,인천,3337,2616,5953,721,1,15,토
2022-01-15,경인선,동인천,10512,10387,20899,125,1,15,토
2022-01-15,경인선,제물포,6964,6816,13780,148,1,15,토
2022-01-15,경인선,주안,14634,13004,27638,1630,1,15,토
2022-01-15,경인선,동암,11394,11845,23239,-451,1,15,토
2022-01-15,경인선,백운,4688,4574,9262,114,1,15,토
2022-01-15,경인선,부평,27258,29201,56459,-1943,1,15,토
2022-01-15,경인선,송내,16629,16442,33071,187,1,15,토
2022-01-15,경인선,부천,27033,27943,54976,-910,1,15,토
2022-01-15,경인선,역곡,18757,18690,37447,67,1,15,토
2022-01-15,경인선,오류동,8676,7856,16532,820,1,15,토
2022-01-15,경인선,개봉,14892,14824,29716,68,1,15,토
2022-01-15,경의선,임진강,60,52,112,8,1,15,토
2022-01-15,경의선,문산,3975,3939,7914,36,1,15,토
2022-01-15,경의선,파주,713,552,1265,161,1,15,토
2022-01-15,경의선,월롱,1495,1195,2690,300,1,15,토
2022-01-15,경의선,금촌,5017,4829,9846,188,1,15,토
2022-01-15,경의선,금릉,3550,3421,6971,129,1,15,토
2022-01-15,경의선,운정,4477,4205,8682,272,1,15,토
2022-01-15,경의선,야당,5663,5681,11344,-18,1,15,토
2022-01-15,경의선,탄현,5020,4935,9955,85,1,15,토
2022-01-15,경의선,일산,5759,5458,11217,301,1,15,토
2022-01-15,경의선,풍산,3854,3877,7731,-23,1,15,토
2022-01-15,경의선,백마,4006,3872,7878,134,1,15,토
2022-01-15,경의선,곡산,367,387,754,-20,1,15,토
2022-01-15,경의선,능곡,2582,2424,5006,158,1,15,토
2022-01-15,경의선,행신,4756,4932,9688,-176,1,15,토
2022-01-15,경의선,강매,1912,1718,3630,194,1,15,토
2022-01-15,경의선,화전,897,862,1759,35,1,15,토
2022-01-15,경의선,수색,1347,1301,2648,46,1,15,토
2022-01-15,경의선,디지털미디어시티,1692,1573,3265,119,1,15,토
2022-01-15,경의선,가좌,3634,3587,7221,47,1,15,토
2022-01-15,경의선,홍대입구,1914,2220,4134,-306,1,15,토
2022-01-15,경의선,서강대,1562,1505,3067,57,1,15,토
2022-01-15,경의선,공덕,2727,2046,4773,681,1,15,토
2022-01-15,경의선,효창공원앞,1619,1828,3447,-209,1,15,토
2022-01-15,경의선,신촌,293,307,600,-14,1,15,토
2022-01-15,경의선,서울역,1120,1207,2327,-87,1,15,토
2022-01-15,경원선,소요산,2623,2247,4870,376,1,15,토
2022-01-15,경원선,동두천,1521,1733,3254,-212,1,15,토
2022-01-15,경원선,보산,1070,1079,2149,-9,1,15,토
2022-01-15,경원선,동두천중앙,2380,2353,4733,27,1,15,토
2022-01-15,경원선,지행,4902,4841,9743,61,1,15,토
2022-01-15,경원선,덕정,3801,3624,7425,177,1,15,토
2022-01-15,경원선,덕계,2163,2041,4204,122,1,15,토
2022-01-15,경원선,양주,5610,5270,10880,340,1,15,토
2022-01-15,경원선,녹양,3204,3094,6298,110,1,15,토
2022-01-15,경원선,가능,4673,4539,9212,134,1,15,토
2022-01-15,경원선,의정부,16086,16763,32849,-677,1,15,토
2022-01-15,경원선,회룡,9017,9095,18112,-78,1,15,토
2022-01-15,경원선,망월사,5128,5285,10413,-157,1,15,토
2022-01-15,경원선,도봉산,7679,5225,12904,2454,1,15,토
2022-01-15,경원선,도봉,4146,3986,8132,160,1,15,토
2022-01-15,경원선,방학,6647,6655,13302,-8,1,15,토
2022-01-15,경원선,녹천,3139,2683,5822,456,1,15,토
2022-01-15,경원선,월계,4271,3992,8263,279,1,15,토
2022-01-15,경원선,광운대,5039,4945,9984,94,1,15,토
2022-01-15,경원선,석계,6221,6561,12782,-340,1,15,토
2022-01-15,경원선,신이문,5802,5242,11044,560,1,15,토
2022-01-15,경원선,외대앞,5294,5351,10645,-57,1,15,토
2022-01-15,경원선,청량리(서울시립대입구),14866,15927,30793,-1061,1,15,토
2022-01-15,경원선,왕십리(성동구청),11418,13124,24542,-1706,1,15,토
2022-01-15,경원선,응봉,1257,1037,2294,220,1,15,토
2022-01-15,경원선,옥수,28,28,56,0,1,15,토
2022-01-15,경원선,한남,2605,2524,5129,81,1,15,토
2022-01-15,경원선,서빙고,1298,1291,2589,7,1,15,토
2022-01-15,경원선,이촌(국립중앙박물관),2541,1959,4500,582,1,15,토
2022-01-15,경부선,광명,2485,2171,4656,314,1,15,토
2022-01-15,경부선,서동탄,906,939,1845,-33,1,15,토
2022-01-15,경부선,당정,3609,3485,7094,124,1,15,토
2022-01-15,경부선,천안,5252,5386,10638,-134,1,15,토
2022-01-15,경부선,두정,4505,4518,9023,-13,1,15,토
2022-01-15,경부선,직산,603,548,1151,55,1,15,토
2022-01-15,경부선,성환,2418,2201,4619,217,1,15,토
2022-01-15,경부선,평택,11340,11131,22471,209,1,15,토
2022-01-15,경부선,평택지제,2846,2590,5436,256,1,15,토
2022-01-15,경부선,서정리,6062,5009,11071,1053,1,15,토
2022-01-15,경부선,송탄,3846,3487,7333,359,1,15,토
2022-01-15,경부선,진위,965,824,1789,141,1,15,토
2022-01-15,경부선,오산,8492,7986,16478,506,1,15,토
2022-01-15,경부선,오산대,2477,2287,4764,190,1,15,토
2022-01-15,경부선,세마,1954,1836,3790,118,1,15,토
2022-01-15,경부선,병점,11188,11130,22318,58,1,15,토
2022-01-15,경부선,세류,2190,2251,4441,-61,1,15,토
2022-01-15,경부선,독산,8779,8671,17450,108,1,15,토
2022-01-15,경부선,수원,34021,36744,70765,-2723,1,15,토
2022-01-15,경부선,화서,4932,5025,9957,-93,1,15,토
2022-01-15,경부선,성균관대,9439,9528,18967,-89,1,15,토
2022-01-15,경부선,의왕,5560,5387,10947,173,1,15,토
2022-01-15,경부선,군포,3962,3683,7645,279,1,15,토
2022-01-15,경부선,금정,17746,17979,35725,-233,1,15,토
2022-01-15,경부선,명학,4756,4566,9322,190,1,15,토
2022-01-15,경부선,안양,16296,16529,32825,-233,1,15,토
2022-01-15,경부선,관악,5391,5185,10576,206,1,15,토
2022-01-15,경부선,석수,6504,6015,12519,489,1,15,토
2022-01-15,경부선,금천구청,7618,7772,15390,-154,1,15,토
2022-01-15,경부선,가산디지털단지,5769,7796,13565,-2027,1,15,토
2022-01-15,경부선,구로,11877,12204,24081,-327,1,15,토
2022-01-15,경부선,신길,5621,4827,10448,794,1,15,토
2022-01-15,경부선,신도림,2857,2780,5637,77,1,15,토
2022-01-15,경부선,영등포,37696,38771,76467,-1075,1,15,토
2022-01-15,경부선,대방,7492,7405,14897,87,1,15,토
2022-01-15,경부선,노량진,8331,7667,15998,664,1,15,토
2022-01-15,경부선,용산,31965,33076,65041,-1111,1,15,토
2022-01-15,경부선,남영,5339,5517,10856,-178,1,15,토
2022-01-15,경부선,서울역,6133,1899,8032,4234,1,15,토
2022-01-15,경강선,여주,1907,1989,3896,-82,1,15,토
2022-01-15,경강선,세종대왕릉,271,331,602,-60,1,15,토
2022-01-15,경강선,부발,2104,1701,3805,403,1,15,토
2022-01-15,경강선,이천,2480,2620,5100,-140,1,15,토
2022-01-15,경강선,신둔도예촌,1071,987,2058,84,1,15,토
2022-01-15,경강선,곤지암,1886,1801,3687,85,1,15,토
2022-01-15,경강선,초월,2111,1945,4056,166,1,15,토
2022-01-15,경강선,경기광주,5029,4777,9806,252,1,15,토
2022-01-15,경강선,삼동,1371,1344,2715,27,1,15,토
2022-01-15,경강선,이매,750,562,1312,188,1,15,토
2022-01-15,경강선,판교,2858,2853,5711,5,1,15,토
2022-01-15,9호선2~3단계,중앙보훈병원,4360,4120,8480,240,1,15,토
2022-01-15,9호선2~3단계,둔촌오륜,511,558,1069,-47,1,15,토
2022-01-15,9호선2~3단계,올림픽공원(한국체대),3415,3411,6826,4,1,15,토
2022-01-15,9호선2~3단계,한성백제,1622,1394,3016,228,1,15,토
2022-01-15,9호선2~3단계,송파나루,4074,4467,8541,-393,1,15,토
2022-01-15,9호선2~3단계,석촌,6175,5199,11374,976,1,15,토
2022-01-15,9호선2~3단계,석촌고분,4154,4022,8176,132,1,15,토
2022-01-15,9호선2~3단계,삼전,4735,4520,9255,215,1,15,토
2022-01-15,9호선2~3단계,종합운동장,2730,2656,5386,74,1,15,토
2022-01-15,9호선2~3단계,봉은사,9878,10558,20436,-680,1,15,토
2022-01-15,9호선2~3단계,삼성중앙,2982,3053,6035,-71,1,15,토
2022-01-15,9호선2~3단계,선정릉,4373,4860,9233,-487,1,15,토
2022-01-15,9호선2~3단계,언주,6203,6173,12376,30,1,15,토
2022-01-15,9호선,신논현,25785,25095,50880,690,1,15,토
2022-01-15,9호선,사평,2146,1996,4142,150,1,15,토
2022-01-15,9호선,고속터미널,10865,15712,26577,-4847,1,15,토
2022-01-15,9호선,신반포,2313,2218,4531,95,1,15,토
2022-01-15,9호선,구반포,955,1017,1972,-62,1,15,토
2022-01-15,9호선,동작(현충원),1317,1089,2406,228,1,15,토
2022-01-15,9호선,흑석(중앙대입구),5244,5229,10473,15,1,15,토
2022-01-15,9호선,노들,3031,2517,5548,514,1,15,토
2022-01-15,9호선,노량진,20662,20482,41144,180,1,15,토
2022-01-15,9호선,샛강,2299,2317,4616,-18,1,15,토
2022-01-15,9호선,여의도,12647,11617,24264,1030,1,15,토
2022-01-15,9호선,국회의사당,5130,4977,10107,153,1,15,토
2022-01-15,9호선,당산,12026,11171,23197,855,1,15,토
2022-01-15,9호선,선유도,3605,3437,7042,168,1,15,토
2022-01-15,9호선,신목동,2105,1826,3931,279,1,15,토
2022-01-15,9호선,염창,11116,10375,21491,741,1,15,토
2022-01-15,9호선,등촌,6806,6740,13546,66,1,15,토
2022-01-15,9호선,증미,3974,3778,7752,196,1,15,토
2022-01-15,9호선,가양,12855,12423,25278,432,1,15,토
2022-01-15,9호선,양천향교,5498,5479,10977,19,1,15,토
2022-01-15,9호선,마곡나루(서울식물원),7498,7299,14797,199,1,15,토
2022-01-15,9호선,신방화,4310,4280,8590,30,1,15,토
2022-01-15,9호선,공항시장,2160,2252,4412,-92,1,15,토
2022-01-15,9호선,김포공항,7378,11602,18980,-4224,1,15,토
2022-01-15,9호선,개화,1147,989,2136,158,1,15,토
2022-01-15,8호선,남위례,2519,2715,5234,-196,1,15,토
2022-01-15,8호선,모란,3439,3017,6456,422,1,15,토
2022-01-15,8호선,신흥,3292,3509,6801,-217,1,15,토
2022-01-15,8호선,단대오거리,7284,6924,14208,360,1,15,토
2022-01-15,8호선,남한산성입구(성남법원.검찰청),8714,7830,16544,884,1,15,토
2022-01-15,8호선,산성,3791,3893,7684,-102,1,15,토
2022-01-15,8호선,복정,5907,4987,10894,920,1,15,토
2022-01-15,8호선,장지,11519,10824,22343,695,1,15,토
2022-01-15,8호선,문정,8426,8599,17025,-173,1,15,토
2022-01-15,8호선,가락시장,5472,5521,10993,-49,1,15,토
2022-01-15,8호선,송파,4847,4877,9724,-30,1,15,토
2022-01-15,8호선,석촌,5846,7047,12893,-1201,1,15,토
2022-01-15,8호선,잠실(송파구청),12444,14527,26971,-2083,1,15,토
2022-01-15,8호선,몽촌토성(평화의문),3858,3819,7677,39,1,15,토
2022-01-15,8호선,강동구청,5902,5996,11898,-94,1,15,토
2022-01-15,8호선,천호(풍납토성),11512,13528,25040,-2016,1,15,토
2022-01-15,8호선,암사,11830,10864,22694,966,1,15,토
2022-01-15,7호선,상동,1,0,1,1,1,15,토
2022-01-15,7호선,춘의,1,0,1,1,1,15,토
2022-01-15,7호선,온수(성공회대입구),5183,5228,10411,-45,1,15,토
2022-01-15,7호선,천왕,6400,6105,12505,295,1,15,토
2022-01-15,7호선,광명사거리,16104,15999,32103,105,1,15,토
2022-01-15,7호선,철산,14009,14126,28135,-117,1,15,토
2022-01-15,7호선,가산디지털단지,13586,12445,26031,1141,1,15,토
2022-01-15,7호선,남구로,7822,7962,15784,-140,1,15,토
2022-01-15,7호선,대림(구로구청),6323,6863,13186,-540,1,15,토
2022-01-15,7호선,신풍,7402,7154,14556,248,1,15,토
2022-01-15,7호선,보라매,5484,5323,10807,161,1,15,토
2022-01-15,7호선,신대방삼거리,10703,10137,20840,566,1,15,토
2022-01-15,7호선,장승배기,6069,5875,11944,194,1,15,토
2022-01-15,7호선,상도,6998,6666,13664,332,1,15,토
2022-01-15,7호선,숭실대입구(살피재),7368,7431,14799,-63,1,15,토
2022-01-15,7호선,남성,7232,6684,13916,548,1,15,토
2022-01-15,7호선,이수,11491,10602,22093,889,1,15,토
2022-01-15,7호선,내방,7412,7267,14679,145,1,15,토
2022-01-15,7호선,고속터미널,13111,9897,23008,3214,1,15,토
2022-01-15,7호선,반포,4038,3791,7829,247,1,15,토
2022-01-15,7호선,논현,10834,11519,22353,-685,1,15,토
2022-01-15,7호선,학동,10396,10898,21294,-502,1,15,토
2022-01-15,7호선,강남구청,9612,10398,20010,-786,1,15,토
2022-01-15,7호선,청담,10416,11259,21675,-843,1,15,토
2022-01-15,7호선,뚝섬유원지,5551,5152,10703,399,1,15,토
2022-01-15,7호선,건대입구,10417,10397,20814,20,1,15,토
2022-01-15,7호선,어린이대공원(세종대),7912,7804,15716,108,1,15,토
2022-01-15,7호선,군자(능동),10222,7755,17977,2467,1,15,토
2022-01-15,7호선,중곡,6645,6335,12980,310,1,15,토
2022-01-15,7호선,용마산(용마폭포공원),4042,4191,8233,-149,1,15,토
2022-01-15,7호선,사가정,11428,11035,22463,393,1,15,토
2022-01-15,7호선,면목,10732,10331,21063,401,1,15,토
2022-01-15,7호선,상봉(시외버스터미널),12644,12163,24807,481,1,15,토
2022-01-15,7호선,중화,7134,6962,14096,172,1,15,토
2022-01-15,7호선,먹골,7637,7463,15100,174,1,15,토
2022-01-15,7호선,태릉입구,6154,5767,11921,387,1,15,토
2022-01-15,7호선,공릉(서울과학기술대),8126,8210,16336,-84,1,15,토
2022-01-15,7호선,하계,11150,10721,21871,429,1,15,토
2022-01-15,7호선,중계,8612,7739,16351,873,1,15,토
2022-01-15,7호선,노원,15081,15316,30397,-235,1,15,토
2022-01-15,7호선,마들,8326,7844,16170,482,1,15,토
2022-01-15,7호선,수락산,9205,9008,18213,197,1,15,토
2022-01-15,7호선,도봉산,5806,7868,13674,-2062,1,15,토
2022-01-15,7호선,장암,1380,907,2287,473,1,15,토
2022-01-15,6호선,봉화산(서울의료원),5042,4878,9920,164,1,15,토
2022-01-15,6호선,화랑대(서울여대입구),6430,5383,11813,1047,1,15,토
2022-01-15,6호선,태릉입구,3898,4151,8049,-253,1,15,토
2022-01-15,6호선,석계,8068,8291,16359,-223,1,15,토
2022-01-15,6호선,돌곶이,5666,5227,10893,439,1,15,토
2022-01-15,6호선,상월곡(한국과학기술연구원),3921,3386,7307,535,1,15,토
2022-01-15,6호선,월곡(동덕여대),6885,6813,13698,72,1,15,토
2022-01-15,6호선,고려대(종암),4777,4651,9428,126,1,15,토
2022-01-15,6호선,안암(고대병원앞),5554,5354,10908,200,1,15,토
2022-01-15,6호선,보문,4919,4611,9530,308,1,15,토
2022-01-15,6호선,창신,2009,1803,3812,206,1,15,토
2022-01-15,6호선,동묘앞,7002,6658,13660,344,1,15,토
2022-01-15,6호선,신당,6385,5328,11713,1057,1,15,토
2022-01-15,6호선,청구,2364,2333,4697,31,1,15,토
2022-01-15,6호선,약수,2327,2428,4755,-101,1,15,토
2022-01-15,6호선,버티고개,1272,1376,2648,-104,1,15,토
2022-01-15,6호선,한강진,9451,10805,20256,-1354,1,15,토
2022-01-15,6호선,이태원,11486,11737,23223,-251,1,15,토
2022-01-15,6호선,녹사평(용산구청),4440,4635,9075,-195,1,15,토
2022-01-15,6호선,삼각지,4820,3938,8758,882,1,15,토
2022-01-15,6호선,효창공원앞,4369,3862,8231,507,1,15,토
2022-01-15,6호선,공덕,9679,9077,18756,602,1,15,토
2022-01-15,6호선,대흥(서강대앞),5164,5092,10256,72,1,15,토
2022-01-15,6호선,광흥창(서강),4974,4743,9717,231,1,15,토
2022-01-15,6호선,상수,8051,9549,17600,-1498,1,15,토
2022-01-15,6호선,합정,12343,11007,23350,1336,1,15,토
2022-01-15,6호선,망원,13148,14568,27716,-1420,1,15,토
2022-01-15,6호선,마포구청,8848,8096,16944,752,1,15,토
2022-01-15,6호선,월드컵경기장(성산),3267,3294,6561,-27,1,15,토
2022-01-15,6호선,디지털미디어시티,6543,6795,13338,-252,1,15,토
2022-01-15,6호선,증산(명지대앞),6833,6932,13765,-99,1,15,토
2022-01-15,6호선,새절(신사),8188,7978,16166,210,1,15,토
2022-01-15,6호선,구산,5102,3743,8845,1359,1,15,토
2022-01-15,6호선,독바위,1880,2124,4004,-244,1,15,토
2022-01-15,6호선,불광,3438,3059,6497,379,1,15,토
2022-01-15,6호선,역촌,2516,2867,5383,-351,1,15,토
2022-01-15,6호선,응암,11734,11820,23554,-86,1,15,토
2022-01-15,5호선,하남검단산,4788,4636,9424,152,1,15,토
2022-01-15,5호선,하남시청(덕풍·신장),4773,4762,9535,11,1,15,토
2022-01-15,5호선,하남풍산,2514,2610,5124,-96,1,15,토
2022-01-15,5호선,미사,11240,11101,22341,139,1,15,토
2022-01-15,5호선,강일,2578,2422,5000,156,1,15,토
2022-01-15,5호선,마천,4453,4713,9166,-260,1,15,토
2022-01-15,5호선,거여,5534,5451,10985,83,1,15,토
2022-01-15,5호선,개롱,3982,4154,8136,-172,1,15,토
2022-01-15,5호선,오금,1888,1820,3708,68,1,15,토
2022-01-15,5호선,방이,5087,4948,10035,139,1,15,토
2022-01-15,5호선,올림픽공원(한국체대),2528,2123,4651,405,1,15,토
2022-01-15,5호선,둔촌동,5862,5811,11673,51,1,15,토
2022-01-15,5호선,상일동,9090,8503,17593,587,1,15,토
2022-01-15,5호선,고덕,5899,5914,11813,-15,1,15,토
2022-01-15,5호선,명일,5713,5757,11470,-44,1,15,토
2022-01-15,5호선,굽은다리(강동구민회관앞),6631,6238,12869,393,1,15,토
2022-01-16,일산선,주엽,3986,4087,8073,-101,1,16,일
2022-01-16,일산선,대화,5592,5224,10816,368,1,16,일
2022-01-16,장항선,봉명,412,413,825,-1,1,16,일
2022-01-16,장항선,쌍용(나사렛대),1003,982,1985,21,1,16,일
2022-01-16,5호선,김포공항,6538,6761,13299,-223,1,16,일
2022-01-16,5호선,개화산,2455,2511,4966,-56,1,16,일
2022-01-16,5호선,방화,3180,3289,6469,-109,1,16,일
2022-01-16,4호선,쌍문,14541,13493,28034,1048,1,16,일
2022-01-16,4호선,창동,13932,14663,28595,-731,1,16,일
2022-01-16,4호선,노원,11231,11961,23192,-730,1,16,일
2022-01-16,4호선,상계,9456,8910,18366,546,1,16,일
2022-01-16,4호선,당고개,7007,6800,13807,207,1,16,일
2022-01-16,4호선,남태령,623,451,1074,172,1,16,일
2022-01-16,4호선,사당,14050,12927,26977,1123,1,16,일
2022-01-16,4호선,총신대입구(이수),9595,10448,20043,-853,1,16,일
2022-01-16,4호선,동작(현충원),697,785,1482,-88,1,16,일
2022-01-16,4호선,이촌(국립중앙박물관),4633,5068,9701,-435,1,16,일
2022-01-16,4호선,신용산,7831,8036,15867,-205,1,16,일
2022-01-16,4호선,삼각지,2297,2978,5275,-681,1,16,일
2022-01-16,4호선,숙대입구(갈월),6825,6357,13182,468,1,16,일
2022-01-16,4호선,서울역,3974,9609,13583,-5635,1,16,일
2022-01-16,4호선,회현(남대문시장),9300,9431,18731,-131,1,16,일
2022-01-16,4호선,명동,10897,10644,21541,253,1,16,일
2022-01-16,4호선,충무로,7197,7102,14299,95,1,16,일
2022-01-16,4호선,동대문역사문화공원(DDP),8587,8013,16600,574,1,16,일
2022-01-16,4호선,동대문,5806,6421,12227,-615,1,16,일
2022-01-16,4호선,혜화,21399,21543,42942,-144,1,16,일
2022-01-16,4호선,한성대입구(삼선교),6985,7004,13989,-19,1,16,일
2022-01-16,공항철도 1호선,청라국제도시,2884,2873,5757,11,1,16,일
2022-01-16,공항철도 1호선,운서,4653,4928,9581,-275,1,16,일
2022-01-16,공항철도 1호선,공항화물청사,906,1012,1918,-106,1,16,일
2022-01-16,공항철도 1호선,인천공항1터미널,3152,3286,6438,-134,1,16,일
2022-01-16,공항철도 1호선,인천공항2터미널,1771,1619,3390,152,1,16,일
2022-01-16,공항철도 1호선,영종,2167,2039,4206,128,1,16,일
2022-01-16,과천선,선바위,3484,3166,6650,318,1,16,일
2022-01-16,과천선,경마공원,8272,8185,16457,87,1,16,일
2022-01-16,수인선,호구포,1781,1797,3578,-16,1,16,일
2022-01-16,수인선,인천논현,2645,2864,5509,-219,1,16,일
2022-01-16,수인선,소래포구,3853,3664,7517,189,1,16,일
2022-01-16,수인선,월곶,1433,1392,2825,41,1,16,일
2022-01-16,수인선,달월,40,33,73,7,1,16,일
2022-01-16,수인선,사리,2299,2020,4319,279,1,16,일
2022-01-16,수인선,야목,167,127,294,40,1,16,일
2022-01-16,수인선,어천,372,492,864,-120,1,16,일
2022-01-16,수인선,오목천,1427,1374,2801,53,1,16,일
2022-01-16,수인선,고색,1609,1720,3329,-111,1,16,일
2022-01-16,분당선,매교,1394,1372,2766,22,1,16,일
2022-01-16,분당선,수원시청,7343,7346,14689,-3,1,16,일
2022-01-16,분당선,매탄권선,2261,2296,4557,-35,1,16,일
2022-01-16,분당선,망포,6055,6424,12479,-369,1,16,일
2022-01-16,분당선,영통,4774,4707,9481,67,1,16,일
2022-01-16,분당선,청명,1809,1783,3592,26,1,16,일
2022-01-16,분당선,상갈,2613,2650,5263,-37,1,16,일
2022-01-16,분당선,기흥,4575,4367,8942,208,1,16,일
2022-01-16,분당선,신갈,1764,1843,3607,-79,1,16,일
2022-01-16,분당선,구성,2293,2342,4635,-49,1,16,일
2022-01-16,장항선,아산,2668,1767,4435,901,1,16,일
2022-01-16,분당선,죽전,7289,8395,15684,-1106,1,16,일
2022-01-16,분당선,보정,1069,1034,2103,35,1,16,일
2022-01-16,분당선,이매,2825,2992,5817,-167,1,16,일
2022-01-16,분당선,오리,5015,4237,9252,778,1,16,일
2022-01-16,분당선,미금,6897,7342,14239,-445,1,16,일
2022-01-16,분당선,정자,7112,7273,14385,-161,1,16,일
2022-01-16,분당선,수내,5459,5416,10875,43,1,16,일
2022-01-16,분당선,서현,14650,14319,28969,331,1,16,일
2022-01-16,분당선,야탑,12415,12658,25073,-243,1,16,일
2022-01-16,분당선,모란,10451,10717,21168,-266,1,16,일
2022-01-16,분당선,태평,7709,7292,15001,417,1,16,일
2022-01-16,분당선,가천대,3237,3987,7224,-750,1,16,일
2022-01-16,분당선,선정릉,1953,2012,3965,-59,1,16,일
2022-01-16,분당선,강남구청,3347,3898,7245,-551,1,16,일
2022-01-16,분당선,압구정로데오,10944,11470,22414,-526,1,16,일
2022-01-16,분당선,서울숲,5316,5344,10660,-28,1,16,일
2022-01-16,분당선,수원,5472,4389,9861,1083,1,16,일
2022-01-16,분당선,수서,8150,7843,15993,307,1,16,일
2022-01-16,분당선,대모산입구,1853,1859,3712,-6,1,16,일
2022-01-16,분당선,개포동,1700,1782,3482,-82,1,16,일
2022-01-16,분당선,구룡,703,743,1446,-40,1,16,일
2022-01-16,분당선,도곡,2464,2507,4971,-43,1,16,일
2022-01-16,분당선,한티,8329,8048,16377,281,1,16,일
2022-01-16,분당선,선릉,2666,4150,6816,-1484,1,16,일
2022-01-16,과천선,범계,13662,13162,26824,500,1,16,일
2022-01-16,과천선,평촌,5605,5491,11096,114,1,16,일
2022-01-16,1호선,서울역,24951,22877,47828,2074,1,16,일
2022-01-16,1호선,동묘앞,10914,10771,21685,143,1,16,일
2022-01-16,1호선,시청,6628,6196,12824,432,1,16,일
2022-01-16,1호선,종각,11669,10275,21944,1394,1,16,일
2022-01-16,1호선,종로3가,12333,11091,23424,1242,1,16,일
2022-01-16,1호선,종로5가,8641,8473,17114,168,1,16,일
2022-01-16,1호선,동대문,8233,8481,16714,-248,1,16,일
2022-01-16,1호선,신설동,7130,7110,14240,20,1,16,일
2022-01-16,1호선,제기동,10108,10671,20779,-563,1,16,일
2022-01-16,1호선,청량리(서울시립대입구),12379,12255,24634,124,1,16,일
2022-01-16,2호선,시청,5505,4399,9904,1106,1,16,일
2022-01-16,2호선,을지로입구,14962,13908,28870,1054,1,16,일
2022-01-16,2호선,을지로3가,7813,7333,15146,480,1,16,일
2022-01-16,2호선,을지로4가,3299,3104,6403,195,1,16,일
2022-01-16,2호선,동대문역사문화공원(DDP),7680,8783,16463,-1103,1,16,일
2022-01-16,2호선,신당,7750,8216,15966,-466,1,16,일
2022-01-16,2호선,상왕십리,6472,6525,12997,-53,1,16,일
2022-01-16,2호선,왕십리(성동구청),9397,8149,17546,1248,1,16,일
2022-01-16,2호선,한양대,3167,3256,6423,-89,1,16,일
2022-01-16,2호선,뚝섬,9447,9605,19052,-158,1,16,일
2022-01-16,2호선,성수,13839,14648,28487,-809,1,16,일
2022-01-16,2호선,건대입구,25753,26300,52053,-547,1,16,일
2022-01-16,2호선,구의(광진구청),10838,11075,21913,-237,1,16,일
2022-01-16,2호선,강변(동서울터미널),18633,18432,37065,201,1,16,일
2022-01-16,2호선,잠실나루,4683,4844,9527,-161,1,16,일
2022-01-16,2호선,잠실(송파구청),47523,44419,91942,3104,1,16,일
2022-01-16,2호선,잠실새내,10481,10662,21143,-181,1,16,일
2022-01-16,2호선,종합운동장,3562,3866,7428,-304,1,16,일
2022-01-16,수인선,남동인더스파크,516,521,1037,-5,1,16,일
2022-01-16,2호선,삼성(무역센터),19624,18701,38325,923,1,16,일
2022-01-16,2호선,선릉,12606,10737,23343,1869,1,16,일
2022-01-16,2호선,역삼,11803,12699,24502,-896,1,16,일
2022-01-16,2호선,강남,35106,32806,67912,2300,1,16,일
2022-01-16,2호선,교대(법원.검찰청),9862,10929,20791,-1067,1,16,일
2022-01-16,2호선,서초,11220,10359,21579,861,1,16,일
2022-01-16,2호선,방배,6262,6766,13028,-504,1,16,일
2022-01-16,2호선,사당,20188,21859,42047,-1671,1,16,일
2022-01-16,2호선,낙성대(강감찬),14558,15143,29701,-585,1,16,일
2022-01-16,2호선,서울대입구(관악구청),25843,26565,52408,-722,1,16,일
2022-01-16,2호선,봉천,11421,11409,22830,12,1,16,일
2022-01-16,2호선,신림,35219,35149,70368,70,1,16,일
2022-01-16,2호선,신대방,14041,13784,27825,257,1,16,일
2022-01-16,2호선,구로디지털단지,22203,22088,44291,115,1,16,일
2022-01-16,2호선,대림(구로구청),12922,13107,26029,-185,1,16,일
2022-01-16,2호선,신도림,25969,26243,52212,-274,1,16,일
2022-01-16,2호선,문래,7492,7700,15192,-208,1,16,일
2022-01-16,2호선,영등포구청,7462,8112,15574,-650,1,16,일
2022-01-16,2호선,당산,7602,8251,15853,-649,1,16,일
2022-01-16,2호선,합정,20404,21398,41802,-994,1,16,일
2022-01-16,2호선,홍대입구,49697,48109,97806,1588,1,16,일
2022-01-16,2호선,신촌,20928,20001,40929,927,1,16,일
2022-01-16,2호선,이대,6231,6835,13066,-604,1,16,일
2022-01-16,2호선,아현,4821,4879,9700,-58,1,16,일
2022-01-16,2호선,충정로(경기대입구),3636,3917,7553,-281,1,16,일
2022-01-16,2호선,용답,1515,1540,3055,-25,1,16,일
2022-01-16,2호선,신답,691,742,1433,-51,1,16,일
2022-01-16,2호선,신설동,3054,3101,6155,-47,1,16,일
2022-01-16,2호선,도림천,413,447,860,-34,1,16,일
2022-01-16,2호선,양천구청,3011,3237,6248,-226,1,16,일
2022-01-16,2호선,신정네거리,4979,4934,9913,45,1,16,일
2022-01-16,2호선,용두(동대문구청),1133,1153,2286,-20,1,16,일
2022-01-16,3호선,지축,1962,1876,3838,86,1,16,일
2022-01-16,3호선,구파발,10103,10215,20318,-112,1,16,일
2022-01-16,3호선,연신내,19348,18417,37765,931,1,16,일
2022-01-16,3호선,불광,8956,10245,19201,-1289,1,16,일
2022-01-16,3호선,녹번,6804,6089,12893,715,1,16,일
2022-01-16,3호선,홍제,8379,8093,16472,286,1,16,일
2022-01-16,3호선,무악재,1657,1852,3509,-195,1,16,일
2022-01-16,3호선,독립문,3586,4000,7586,-414,1,16,일
2022-01-16,3호선,경복궁(정부서울청사),10255,10288,20543,-33,1,16,일
2022-01-16,3호선,안국,10047,10583,20630,-536,1,16,일
2022-01-16,3호선,종로3가,3643,4792,8435,-1149,1,16,일
2022-01-16,3호선,을지로3가,3085,2919,6004,166,1,16,일
2022-01-16,3호선,동대입구,4133,4483,8616,-350,1,16,일
2022-01-16,3호선,약수,6182,5949,12131,233,1,16,일
2022-01-16,3호선,금호,3948,3764,7712,184,1,16,일
2022-01-16,3호선,옥수,4285,4732,9017,-447,1,16,일
2022-01-16,3호선,압구정,13200,13575,26775,-375,1,16,일
2022-01-16,3호선,신사,14404,14289,28693,115,1,16,일
2022-01-16,3호선,잠원,1919,1969,3888,-50,1,16,일
2022-01-16,3호선,고속터미널,36869,35095,71964,1774,1,16,일
2022-01-16,3호선,교대(법원.검찰청),3981,2437,6418,1544,1,16,일
2022-01-16,3호선,남부터미널(예술의전당),12275,13044,25319,-769,1,16,일
2022-01-16,3호선,양재(서초구청),13819,15634,29453,-1815,1,16,일
2022-01-16,3호선,매봉,3805,3844,7649,-39,1,16,일
2022-01-16,3호선,도곡,1806,1915,3721,-109,1,16,일
2022-01-16,3호선,대치,5751,5144,10895,607,1,16,일
2022-01-16,3호선,학여울,1796,1882,3678,-86,1,16,일
2022-01-16,3호선,대청,3834,3889,7723,-55,1,16,일
2022-01-16,3호선,일원,2979,3070,6049,-91,1,16,일
2022-01-16,3호선,수서,9819,9719,19538,100,1,16,일
2022-01-16,3호선,가락시장,3489,3707,7196,-218,1,16,일
2022-01-16,3호선,경찰병원,2464,2644,5108,-180,1,16,일
2022-01-16,3호선,오금,2498,2439,4937,59,1,16,일
2022-01-16,4호선,수유(강북구청),18779,17974,36753,805,1,16,일
2022-01-16,4호선,미아(서울사이버대학),7273,6927,14200,346,1,16,일
2022-01-16,4호선,미아사거리,14927,14297,29224,630,1,16,일
2022-01-16,4호선,길음,9543,9547,19090,-4,1,16,일
2022-01-16,4호선,성신여대입구(돈암),11760,11222,22982,538,1,16,일
2022-01-16,과천선,인덕원,10618,10957,21575,-339,1,16,일
2022-01-16,과천선,정부과천청사,4011,4058,8069,-47,1,16,일
2022-01-16,과천선,과천,3097,2945,6042,152,1,16,일
2022-01-16,과천선,대공원,3036,3191,6227,-155,1,16,일
2022-01-16,5호선,까치산,14345,14238,28583,107,1,16,일
2022-01-16,5호선,화곡,13290,12720,26010,570,1,16,일
2022-01-16,중앙선,양평,1643,1585,3228,58,1,16,일
2022-01-16,중앙선,원덕,236,212,448,24,1,16,일
2022-01-16,중앙선,용문,1396,1154,2550,242,1,16,일
2022-01-16,중앙선,지평,34,26,60,8,1,16,일
2022-01-16,5호선,상일동,6249,6205,12454,44,1,16,일
2022-01-16,5호선,개롱,2585,2938,5523,-353,1,16,일
2022-01-16,5호선,오금,1408,1447,2855,-39,1,16,일
2022-01-16,5호선,방이,3651,3572,7223,79,1,16,일
2022-01-16,5호선,올림픽공원(한국체대),1873,1568,3441,305,1,16,일
2022-01-16,5호선,둔촌동,4245,4355,8600,-110,1,16,일
2022-01-16,5호선,고덕,4051,4053,8104,-2,1,16,일
2022-01-16,5호선,명일,4485,4630,9115,-145,1,16,일
2022-01-16,5호선,굽은다리(강동구민회관앞),4976,4812,9788,164,1,16,일
2022-01-16,5호선,길동,3865,4047,7912,-182,1,16,일
2022-01-16,5호선,강동,8482,8309,16791,173,1,16,일
2022-01-16,5호선,천호(풍납토성),12196,11463,23659,733,1,16,일
2022-01-16,5호선,광나루(장신대),6613,6384,12997,229,1,16,일
2022-01-16,5호선,아차산(어린이대공원후문),9672,9560,19232,112,1,16,일
2022-01-16,5호선,군자(능동),5862,6634,12496,-772,1,16,일
2022-01-16,5호선,장한평,7171,7227,14398,-56,1,16,일
2022-01-16,5호선,답십리,6849,6517,13366,332,1,16,일
2022-01-16,5호선,마장,2777,2708,5485,69,1,16,일
2022-01-16,5호선,왕십리(성동구청),2382,2815,5197,-433,1,16,일
2022-01-16,5호선,행당,3494,3271,6765,223,1,16,일
2022-01-16,5호선,신금호,2731,2978,5709,-247,1,16,일
2022-01-16,5호선,청구,1724,1624,3348,100,1,16,일
2022-01-16,5호선,동대문역사문화공원(DDP),727,803,1530,-76,1,16,일
2022-01-16,5호선,을지로4가,1406,1600,3006,-194,1,16,일
2022-01-16,5호선,종로3가,8717,7461,16178,1256,1,16,일
2022-01-16,5호선,광화문(세종문화회관),10988,10702,21690,286,1,16,일
2022-01-16,5호선,서대문,4724,4582,9306,142,1,16,일
2022-01-16,5호선,충정로(경기대입구),1316,1373,2689,-57,1,16,일
2022-01-16,5호선,애오개,2438,2600,5038,-162,1,16,일
2022-01-16,5호선,공덕,4331,4261,8592,70,1,16,일
2022-01-16,5호선,마포,4463,4565,9028,-102,1,16,일
2022-01-16,5호선,여의나루,4673,5888,10561,-1215,1,16,일
2022-01-16,5호선,여의도,7886,7585,15471,301,1,16,일
2022-01-16,5호선,신길,1651,1983,3634,-332,1,16,일
2022-01-16,5호선,영등포시장,4984,5240,10224,-256,1,16,일
2022-01-16,5호선,영등포구청,1288,1277,2565,11,1,16,일
2022-01-16,5호선,양평,2520,2670,5190,-150,1,16,일
2022-01-16,5호선,오목교(목동운동장앞),10616,10803,21419,-187,1,16,일
2022-01-16,5호선,목동,7011,7299,14310,-288,1,16,일
2022-01-16,5호선,신정(은행정),5773,5380,11153,393,1,16,일
2022-01-16,중앙선,오빈,173,154,327,19,1,16,일
2022-01-16,중앙선,아신,353,359,712,-6,1,16,일
2022-01-16,중앙선,국수,428,386,814,42,1,16,일
2022-01-16,중앙선,신원,198,136,334,62,1,16,일
2022-01-16,중앙선,양수,1356,1297,2653,59,1,16,일
2022-01-16,중앙선,운길산,751,662,1413,89,1,16,일
2022-01-16,중앙선,팔당,966,949,1915,17,1,16,일
2022-01-16,중앙선,도심,1021,933,1954,88,1,16,일
2022-01-16,중앙선,덕소,2947,3018,5965,-71,1,16,일
2022-01-16,중앙선,양정,309,245,554,64,1,16,일
2022-01-16,중앙선,도농,4625,4575,9200,50,1,16,일
2022-01-16,중앙선,구리,6841,7079,13920,-238,1,16,일
2022-01-16,중앙선,양원,911,934,1845,-23,1,16,일
2022-01-16,중앙선,망우,4584,4612,9196,-28,1,16,일
2022-01-16,중앙선,상봉(시외버스터미널),3389,3425,6814,-36,1,16,일
2022-01-16,중앙선,중랑,3067,3037,6104,30,1,16,일
2022-01-16,중앙선,회기,13711,13768,27479,-57,1,16,일
2022-01-16,장항선,신창(순천향대),664,771,1435,-107,1,16,일
2022-01-16,장항선,온양온천,2733,2847,5580,-114,1,16,일
2022-01-16,장항선,배방,670,781,1451,-111,1,16,일
2022-01-16,장항선,탕정,258,284,542,-26,1,16,일
2022-01-16,8호선,모란,2510,2093,4603,417,1,16,일
2022-01-16,8호선,남위례,1778,1967,3745,-189,1,16,일
2022-01-16,9호선,개화,828,854,1682,-26,1,16,일
2022-01-16,9호선,김포공항,6913,10973,17886,-4060,1,16,일
2022-01-16,9호선,공항시장,1669,1876,3545,-207,1,16,일
2022-01-16,9호선,신방화,3253,3201,6454,52,1,16,일
2022-01-16,9호선,마곡나루(서울식물원),5403,5334,10737,69,1,16,일
2022-01-16,9호선,양천향교,3765,4027,7792,-262,1,16,일
2022-01-16,9호선,가양,9241,9247,18488,-6,1,16,일
2022-01-16,9호선,증미,2736,2844,5580,-108,1,16,일
2022-01-16,9호선,등촌,4964,5116,10080,-152,1,16,일
2022-01-16,9호선,염창,7830,7892,15722,-62,1,16,일
2022-01-16,9호선,신목동,1541,1367,2908,174,1,16,일
2022-01-16,9호선,선유도,2482,2466,4948,16,1,16,일
2022-01-16,9호선,당산,8063,8061,16124,2,1,16,일
2022-01-16,9호선,국회의사당,4485,4193,8678,292,1,16,일
2022-01-16,9호선,여의도,8533,7574,16107,959,1,16,일
2022-01-16,9호선,샛강,1547,1540,3087,7,1,16,일
2022-01-16,9호선,노량진,13882,14708,28590,-826,1,16,일
2022-01-16,9호선,노들,2315,2044,4359,271,1,16,일
2022-01-16,9호선,흑석(중앙대입구),3427,3560,6987,-133,1,16,일
2022-01-16,9호선,동작(현충원),1097,855,1952,242,1,16,일
2022-01-16,9호선,구반포,491,532,1023,-41,1,16,일
2022-01-16,9호선,신반포,1615,1642,3257,-27,1,16,일
2022-01-16,9호선,고속터미널,8440,11905,20345,-3465,1,16,일
2022-01-16,9호선,사평,1416,1479,2895,-63,1,16,일
2022-01-16,9호선,신논현,15338,14463,29801,875,1,16,일
2022-01-16,9호선2~3단계,언주,3767,3787,7554,-20,1,16,일
2022-01-16,9호선2~3단계,선정릉,2778,3016,5794,-238,1,16,일
2022-01-16,9호선2~3단계,삼성중앙,1827,2021,3848,-194,1,16,일
2022-01-16,9호선2~3단계,봉은사,7590,7345,14935,245,1,16,일
2022-01-16,9호선2~3단계,종합운동장,2027,1854,3881,173,1,16,일
2022-01-16,9호선2~3단계,삼전,3391,3372,6763,19,1,16,일
2022-01-16,9호선2~3단계,석촌고분,2807,2960,5767,-153,1,16,일
2022-01-16,9호선2~3단계,석촌,4274,3719,7993,555,1,16,일
2022-01-16,9호선2~3단계,송파나루,3062,3250,6312,-188,1,16,일
2022-01-16,9호선2~3단계,한성백제,1210,1083,2293,127,1,16,일
2022-01-16,9호선2~3단계,올림픽공원(한국체대),2603,2771,5374,-168,1,16,일
2022-01-16,9호선2~3단계,둔촌오륜,443,467,910,-24,1,16,일
2022-01-16,9호선2~3단계,중앙보훈병원,3083,3000,6083,83,1,16,일
2022-01-16,경강선,판교,2395,2225,4620,170,1,16,일
2022-01-16,경강선,이매,545,420,965,125,1,16,일
2022-01-16,경강선,삼동,982,1033,2015,-51,1,16,일
2022-01-16,경강선,경기광주,3587,3551,7138,36,1,16,일
2022-01-16,경강선,초월,1465,1510,2975,-45,1,16,일
2022-01-16,경강선,곤지암,1429,1445,2874,-16,1,16,일
2022-01-16,경강선,신둔도예촌,756,741,1497,15,1,16,일
2022-01-16,경강선,이천,1923,2053,3976,-130,1,16,일
2022-01-16,경강선,부발,1435,2054,3489,-619,1,16,일
2022-01-16,경강선,세종대왕릉,203,209,412,-6,1,16,일
2022-01-16,경강선,여주,1661,1450,3111,211,1,16,일
2022-01-16,경부선,서울역,6961,1733,8694,5228,1,16,일
2022-01-16,경부선,남영,3934,4306,8240,-372,1,16,일
2022-01-16,경부선,용산,29048,26339,55387,2709,1,16,일
2022-01-16,경부선,노량진,5316,5224,10540,92,1,16,일
2022-01-16,경부선,대방,5236,5773,11009,-537,1,16,일
2022-01-16,경부선,영등포,30989,29598,60587,1391,1,16,일
2022-01-16,경부선,신도림,2083,2059,4142,24,1,16,일
2022-01-16,경부선,신길,4133,3624,7757,509,1,16,일
2022-01-16,경부선,구로,8367,8416,16783,-49,1,16,일
2022-01-16,경부선,가산디지털단지,4171,5844,10015,-1673,1,16,일
2022-01-16,경부선,금천구청,5585,5593,11178,-8,1,16,일
2022-01-16,경부선,석수,4605,4496,9101,109,1,16,일
2022-01-16,경부선,관악,4223,3924,8147,299,1,16,일
2022-01-16,경부선,안양,12318,11899,24217,419,1,16,일
2022-01-16,경부선,명학,3113,3172,6285,-59,1,16,일
2022-01-16,경부선,금정,12678,13289,25967,-611,1,16,일
2022-01-16,경부선,군포,2704,2614,5318,90,1,16,일
2022-01-16,경부선,의왕,3809,3996,7805,-187,1,16,일
2022-01-16,경부선,성균관대,6941,7333,14274,-392,1,16,일
2022-01-16,경부선,화서,3742,3706,7448,36,1,16,일
2022-01-16,경부선,수원,30159,29218,59377,941,1,16,일
2022-01-16,경부선,독산,5903,6032,11935,-129,1,16,일
2022-01-16,경부선,세류,1740,1741,3481,-1,1,16,일
2022-01-16,경부선,병점,8293,9075,17368,-782,1,16,일
2022-01-16,경부선,세마,1527,1434,2961,93,1,16,일
2022-01-16,경부선,오산대,1802,1832,3634,-30,1,16,일
2022-01-16,경부선,오산,6834,7271,14105,-437,1,16,일
2022-01-16,경부선,진위,709,755,1464,-46,1,16,일
2022-01-16,경부선,송탄,2879,3456,6335,-577,1,16,일
2022-01-16,경부선,서정리,3858,5586,9444,-1728,1,16,일
2022-01-16,경부선,평택지제,2143,2174,4317,-31,1,16,일
2022-01-16,경부선,평택,9552,10010,19562,-458,1,16,일
2022-01-16,경부선,성환,2001,2392,4393,-391,1,16,일
2022-01-16,경부선,직산,428,505,933,-77,1,16,일
2022-01-16,경부선,두정,3729,4033,7762,-304,1,16,일
2022-01-16,경부선,천안,4959,4875,9834,84,1,16,일
2022-01-16,경부선,당정,2725,2734,5459,-9,1,16,일
2022-01-16,경부선,서동탄,638,694,1332,-56,1,16,일
2022-01-16,경부선,광명,2303,1620,3923,683,1,16,일
2022-01-16,경원선,이촌(국립중앙박물관),2067,1631,3698,436,1,16,일
2022-01-16,경원선,서빙고,1280,1344,2624,-64,1,16,일
2022-01-16,경원선,한남,1794,1762,3556,32,1,16,일
2022-01-16,경원선,옥수,55,18,73,37,1,16,일
2022-01-16,경원선,응봉,866,848,1714,18,1,16,일
2022-01-16,경원선,왕십리(성동구청),9363,10462,19825,-1099,1,16,일
2022-01-16,경원선,청량리(서울시립대입구),13236,11875,25111,1361,1,16,일
2022-01-16,경원선,외대앞,4287,4198,8485,89,1,16,일
2022-01-16,경원선,신이문,4160,4013,8173,147,1,16,일
2022-01-16,경원선,석계,4451,4894,9345,-443,1,16,일
2022-01-16,경원선,광운대,3801,3860,7661,-59,1,16,일
2022-01-16,경원선,월계,3374,3213,6587,161,1,16,일
2022-01-16,경원선,녹천,2190,1980,4170,210,1,16,일
2022-01-16,경원선,방학,5415,5242,10657,173,1,16,일
2022-01-16,경원선,도봉,3037,2884,5921,153,1,16,일
2022-01-16,경원선,도봉산,7148,4969,12117,2179,1,16,일
2022-01-16,경원선,망월사,3878,3998,7876,-120,1,16,일
2022-01-16,경원선,회룡,6609,6581,13190,28,1,16,일
2022-01-16,경원선,의정부,12595,12805,25400,-210,1,16,일
2022-01-16,경원선,가능,3666,3472,7138,194,1,16,일
2022-01-16,경원선,녹양,2484,2431,4915,53,1,16,일
2022-01-16,경원선,양주,4345,4210,8555,135,1,16,일
2022-01-16,경원선,덕계,1470,1418,2888,52,1,16,일
2022-01-16,경원선,덕정,2869,2947,5816,-78,1,16,일
2022-01-16,경원선,지행,3794,3734,7528,60,1,16,일
2022-01-16,경원선,동두천중앙,1784,1719,3503,65,1,16,일
2022-01-16,경원선,보산,904,827,1731,77,1,16,일
2022-01-16,경원선,동두천,1067,1299,2366,-232,1,16,일
2022-01-16,경원선,소요산,2638,2254,4892,384,1,16,일
2022-01-16,경의선,서울역,916,899,1815,17,1,16,일
2022-01-16,경의선,신촌,227,290,517,-63,1,16,일
2022-01-16,경의선,효창공원앞,1172,1343,2515,-171,1,16,일
2022-01-16,경의선,공덕,1706,1281,2987,425,1,16,일
2022-01-16,경의선,서강대,1189,1093,2282,96,1,16,일
2022-01-16,경의선,홍대입구,1567,1806,3373,-239,1,16,일
2022-01-16,경의선,가좌,2653,2584,5237,69,1,16,일
2022-01-16,경의선,디지털미디어시티,1242,1183,2425,59,1,16,일
2022-01-16,경의선,수색,811,885,1696,-74,1,16,일
2022-01-16,경의선,화전,612,636,1248,-24,1,16,일
2022-01-16,경의선,강매,1396,1328,2724,68,1,16,일
2022-01-16,경의선,행신,3971,3658,7629,313,1,16,일
2022-01-16,경의선,능곡,1876,1843,3719,33,1,16,일
2022-01-16,경의선,곡산,265,251,516,14,1,16,일
2022-01-16,경의선,백마,3068,2965,6033,103,1,16,일
2022-01-16,경의선,풍산,3116,2972,6088,144,1,16,일
2022-01-16,경의선,일산,4201,4123,8324,78,1,16,일
2022-01-16,경의선,탄현,3977,3710,7687,267,1,16,일
2022-01-16,경의선,야당,4364,4150,8514,214,1,16,일
2022-01-16,경의선,운정,3306,3323,6629,-17,1,16,일
2022-01-16,경의선,금릉,2508,2622,5130,-114,1,16,일
2022-01-16,경의선,금촌,3923,4230,8153,-307,1,16,일
2022-01-16,경의선,월롱,800,1818,2618,-1018,1,16,일
2022-01-16,경의선,파주,506,453,959,53,1,16,일
2022-01-16,경의선,문산,3054,3224,6278,-170,1,16,일
2022-01-16,8호선,수진,2943,2709,5652,234,1,16,일
2022-01-16,8호선,신흥,2476,2696,5172,-220,1,16,일
2022-01-16,8호선,단대오거리,5053,5072,10125,-19,1,16,일
2022-01-16,8호선,남한산성입구(성남법원.검찰청),6208,5874,12082,334,1,16,일
2022-01-16,8호선,산성,2747,2745,5492,2,1,16,일
2022-01-16,8호선,복정,4024,3805,7829,219,1,16,일
2022-01-16,8호선,장지,8662,8746,17408,-84,1,16,일
2022-01-16,8호선,문정,5142,5456,10598,-314,1,16,일
2022-01-16,경의선,임진강,43,30,73,13,1,16,일
2022-01-16,경인선,개봉,10703,10603,21306,100,1,16,일
2022-01-16,경인선,오류동,6470,6079,12549,391,1,16,일
2022-01-16,경인선,역곡,13296,13169,26465,127,1,16,일
2022-01-16,경인선,부천,20515,20243,40758,272,1,16,일
2022-01-16,경인선,송내,11788,11756,23544,32,1,16,일
2022-01-16,경인선,부평,21214,21533,42747,-319,1,16,일
2022-01-16,경인선,백운,3325,3428,6753,-103,1,16,일
2022-01-16,경인선,동암,8576,8500,17076,76,1,16,일
2022-01-16,경인선,주안,10575,9337,19912,1238,1,16,일
2022-01-16,경인선,제물포,4955,5001,9956,-46,1,16,일
2022-01-16,경인선,동인천,8527,8206,16733,321,1,16,일
2022-01-16,경인선,인천,2913,2345,5258,568,1,16,일
2022-01-16,경인선,구일,2735,2782,5517,-47,1,16,일
2022-01-16,경인선,소사,4902,4723,9625,179,1,16,일
2022-01-16,경인선,부개,4423,4188,8611,235,1,16,일
2022-01-16,8호선,가락시장,2964,3801,6765,-837,1,16,일
2022-01-16,8호선,송파,3271,3472,6743,-201,1,16,일
2022-01-16,8호선,석촌,3983,5007,8990,-1024,1,16,일
2022-01-16,8호선,잠실(송파구청),10113,11270,21383,-1157,1,16,일
2022-01-16,8호선,몽촌토성(평화의문),2944,3028,5972,-84,1,16,일
2022-01-16,8호선,강동구청,4295,4475,8770,-180,1,16,일
2022-01-16,8호선,천호(풍납토성),8652,9819,18471,-1167,1,16,일
2022-01-16,8호선,암사,8236,8070,16306,166,1,16,일
2022-01-16,7호선,굴포천,1,0,1,1,1,16,일
2022-01-16,7호선,신중동,1,0,1,1,1,16,일
2022-01-16,7호선,까치울,1,0,1,1,1,16,일
2022-01-16,7호선,온수(성공회대입구),3626,3625,7251,1,1,16,일
2022-01-16,7호선,천왕,4566,4409,8975,157,1,16,일
2022-01-16,7호선,광명사거리,11622,11407,23029,215,1,16,일
2022-01-16,7호선,철산,9829,9911,19740,-82,1,16,일
2022-01-16,7호선,가산디지털단지,9536,8717,18253,819,1,16,일
2022-01-16,경인선,간석,2842,2753,5595,89,1,16,일
2022-01-16,경인선,도원,1534,1531,3065,3,1,16,일
2022-01-16,경인선,온수(성공회대입구),3203,3081,6284,122,1,16,일
2022-01-16,경인선,중동,4570,4274,8844,296,1,16,일
2022-01-16,경인선,도화,2099,2042,4141,57,1,16,일
2022-01-16,경춘선,신내,771,797,1568,-26,1,16,일
2022-01-16,경춘선,갈매,1228,1118,2346,110,1,16,일
2022-01-16,경춘선,별내,1614,1639,3253,-25,1,16,일
2022-01-16,경춘선,퇴계원,1752,1693,3445,59,1,16,일
2022-01-16,경춘선,사릉,1464,1394,2858,70,1,16,일
2022-01-16,경춘선,금곡,772,670,1442,102,1,16,일
2022-01-16,경춘선,평내호평,3132,2941,6073,191,1,16,일
2022-01-16,경춘선,천마산,959,900,1859,59,1,16,일
2022-01-16,경춘선,마석,2148,2014,4162,134,1,16,일
2022-01-16,경춘선,대성리,349,283,632,66,1,16,일
2022-01-16,경춘선,청평,1238,991,2229,247,1,16,일
2022-01-16,7호선,남구로,5966,5862,11828,104,1,16,일
2022-01-16,7호선,대림(구로구청),6045,5801,11846,244,1,16,일
2022-01-16,7호선,신풍,5422,5087,10509,335,1,16,일
2022-01-16,7호선,보라매,3776,3851,7627,-75,1,16,일
2022-01-16,7호선,신대방삼거리,7137,7379,14516,-242,1,16,일
2022-01-16,7호선,장승배기,4317,4210,8527,107,1,16,일
2022-01-16,7호선,상도,4855,4876,9731,-21,1,16,일
2022-01-16,7호선,숭실대입구(살피재),5139,5472,10611,-333,1,16,일
2022-01-16,7호선,남성,4838,4924,9762,-86,1,16,일
2022-01-16,7호선,이수,8162,7727,15889,435,1,16,일
2022-01-16,7호선,내방,4701,4921,9622,-220,1,16,일
2022-01-16,7호선,고속터미널,10553,7174,17727,3379,1,16,일
2022-01-16,7호선,반포,2613,2645,5258,-32,1,16,일
2022-01-16,7호선,논현,5784,6244,12028,-460,1,16,일
2022-01-16,7호선,학동,5984,6434,12418,-450,1,16,일
2022-01-16,7호선,강남구청,5512,5879,11391,-367,1,16,일
2022-01-16,7호선,청담,6346,6703,13049,-357,1,16,일
2022-01-16,7호선,뚝섬유원지,4139,4000,8139,139,1,16,일
2022-01-16,7호선,건대입구,7670,7742,15412,-72,1,16,일
2022-01-16,7호선,어린이대공원(세종대),7145,7118,14263,27,1,16,일
2022-01-16,7호선,군자(능동),7217,5769,12986,1448,1,16,일
2022-01-16,7호선,중곡,4840,4785,9625,55,1,16,일
2022-01-16,7호선,용마산(용마폭포공원),2926,3343,6269,-417,1,16,일
2022-01-16,7호선,사가정,8145,8110,16255,35,1,16,일
2022-01-16,7호선,면목,7520,7428,14948,92,1,16,일
2022-01-16,7호선,상봉(시외버스터미널),9145,8556,17701,589,1,16,일
2022-01-16,7호선,중화,5092,5110,10202,-18,1,16,일
2022-01-16,7호선,먹골,5225,5049,10274,176,1,16,일
2022-01-16,7호선,태릉입구,4347,3985,8332,362,1,16,일
2022-01-16,7호선,공릉(서울과학기술대),6040,6109,12149,-69,1,16,일
2022-01-16,7호선,하계,8297,8049,16346,248,1,16,일
2022-01-16,7호선,중계,6082,5720,11802,362,1,16,일
2022-01-16,7호선,노원,10390,10156,20546,234,1,16,일
2022-01-16,7호선,마들,5477,5209,10686,268,1,16,일
2022-01-16,7호선,수락산,7389,7236,14625,153,1,16,일
2022-01-16,7호선,도봉산,4438,6537,10975,-2099,1,16,일
2022-01-16,7호선,장암,1059,666,1725,393,1,16,일
2022-01-16,6호선,봉화산(서울의료원),3685,3697,7382,-12,1,16,일
2022-01-16,6호선,화랑대(서울여대입구),4686,4068,8754,618,1,16,일
2022-01-16,6호선,태릉입구,2918,3050,5968,-132,1,16,일
2022-01-16,6호선,석계,5810,6081,11891,-271,1,16,일
2022-01-16,6호선,돌곶이,4595,4294,8889,301,1,16,일
2022-01-16,6호선,상월곡(한국과학기술연구원),2901,2711,5612,190,1,16,일
2022-01-16,6호선,월곡(동덕여대),5035,5049,10084,-14,1,16,일
2022-01-16,6호선,고려대(종암),3491,3458,6949,33,1,16,일
2022-01-16,6호선,안암(고대병원앞),4184,4355,8539,-171,1,16,일
2022-01-16,6호선,보문,3607,3430,7037,177,1,16,일
2022-01-16,6호선,창신,1569,1463,3032,106,1,16,일
2022-01-16,6호선,동묘앞,5463,5439,10902,24,1,16,일
2022-01-16,6호선,신당,4263,4611,8874,-348,1,16,일
2022-01-16,6호선,청구,1666,1590,3256,76,1,16,일
2022-01-16,6호선,약수,1538,1681,3219,-143,1,16,일
2022-01-16,6호선,버티고개,979,1109,2088,-130,1,16,일
2022-01-16,6호선,한강진,6218,6892,13110,-674,1,16,일
2022-01-16,6호선,이태원,8810,8001,16811,809,1,16,일
2022-01-16,6호선,녹사평(용산구청),3572,3523,7095,49,1,16,일
2022-01-16,6호선,삼각지,3460,2819,6279,641,1,16,일
2022-01-16,6호선,효창공원앞,3132,2813,5945,319,1,16,일
2022-01-16,6호선,공덕,6453,6146,12599,307,1,16,일
2022-01-16,6호선,대흥(서강대앞),3430,3535,6965,-105,1,16,일
2022-01-16,6호선,광흥창(서강),3994,4064,8058,-70,1,16,일
2022-01-16,6호선,상수,6237,7111,13348,-874,1,16,일
2022-01-16,6호선,합정,9228,8104,17332,1124,1,16,일
2022-01-16,6호선,망원,9877,10478,20355,-601,1,16,일
2022-01-16,6호선,마포구청,6442,6060,12502,382,1,16,일
2022-01-16,6호선,월드컵경기장(성산),2783,2756,5539,27,1,16,일
2022-01-16,6호선,디지털미디어시티,4638,5027,9665,-389,1,16,일
2022-01-16,6호선,증산(명지대앞),4977,5309,10286,-332,1,16,일
2022-01-16,6호선,새절(신사),5925,5890,11815,35,1,16,일
2022-01-16,6호선,구산,3568,2794,6362,774,1,16,일
2022-01-16,6호선,연신내,1,0,1,1,1,16,일
2022-01-16,6호선,독바위,1341,1595,2936,-254,1,16,일
2022-01-16,6호선,불광,2794,2337,5131,457,1,16,일
2022-01-16,6호선,역촌,1818,2151,3969,-333,1,16,일
2022-01-16,6호선,응암,8848,8921,17769,-73,1,16,일
2022-01-16,5호선,하남검단산,4084,4033,8117,51,1,16,일
2022-01-16,5호선,하남시청(덕풍·신장),3636,3504,7140,132,1,16,일
2022-01-16,5호선,하남풍산,1971,2059,4030,-88,1,16,일
2022-01-16,5호선,미사,8053,8084,16137,-31,1,16,일
2022-01-16,5호선,강일,1897,1812,3709,85,1,16,일
2022-01-16,5호선,마천,3309,3570,6879,-261,1,16,일
2022-01-16,5호선,거여,3957,3838,7795,119,1,16,일
2022-01-16,경춘선,상천,295,181,476,114,1,16,일
2022-01-16,경춘선,가평,1311,1118,2429,193,1,16,일
2022-01-16,5호선,우장산,6361,6611,12972,-250,1,16,일
2022-01-16,5호선,발산,8308,8423,16731,-115,1,16,일
2022-01-16,5호선,마곡,3355,3534,6889,-179,1,16,일
2022-01-16,경춘선,굴봉산,179,152,331,27,1,16,일
2022-01-16,경춘선,백양리,365,277,642,88,1,16,일
2022-01-16,경춘선,강촌,466,402,868,64,1,16,일
2022-01-16,경춘선,김유정,364,362,726,2,1,16,일
2022-01-16,경춘선,남춘천,1971,1990,3961,-19,1,16,일
2022-01-16,경춘선,춘천,1233,1009,2242,224,1,16,일
2022-01-16,공항철도 1호선,서울역,6946,6178,13124,768,1,16,일
2022-01-16,공항철도 1호선,공덕,1143,1565,2708,-422,1,16,일
2022-01-16,공항철도 1호선,홍대입구,9826,9062,18888,764,1,16,일
2022-01-16,공항철도 1호선,디지털미디어시티,3237,3231,6468,6,1,16,일
2022-01-16,공항철도 1호선,마곡나루(서울식물원),2022,2203,4225,-181,1,16,일
2022-01-16,공항철도 1호선,김포공항,10713,5540,16253,5173,1,16,일
2022-01-16,공항철도 1호선,계양,4720,4750,9470,-30,1,16,일
2022-01-16,공항철도 1호선,검암,3177,3175,6352,2,1,16,일
2022-01-16,안산선,오이도,4945,4974,9919,-29,1,16,일
2022-01-16,안산선,정왕,4373,4901,9274,-528,1,16,일
2022-01-16,안산선,신길온천,943,936,1879,7,1,16,일
2022-01-16,안산선,안산,8229,7709,15938,520,1,16,일
2022-01-16,안산선,초지,2221,2163,4384,58,1,16,일
2022-01-16,안산선,고잔,4027,3746,7773,281,1,16,일
2022-01-16,안산선,중앙,10802,10677,21479,125,1,16,일
2022-01-16,안산선,한대앞,4792,4722,9514,70,1,16,일
2022-01-16,안산선,상록수,8365,8264,16629,101,1,16,일
2022-01-16,안산선,반월,2156,2192,4348,-36,1,16,일
2022-01-16,안산선,대야미,2561,2307,4868,254,1,16,일
2022-01-16,안산선,산본,8014,8563,16577,-549,1,16,일
2022-01-16,수인선,인천,931,1365,2296,-434,1,16,일
2022-01-16,수인선,신포,1109,1059,2168,50,1,16,일
2022-01-16,수인선,숭의,1835,1671,3506,164,1,16,일
2022-01-16,수인선,인하대,2921,2766,5687,155,1,16,일
2022-01-16,수인선,송도,1356,1344,2700,12,1,16,일
2022-01-16,수인선,연수,2962,2924,5886,38,1,16,일
2022-01-16,수인선,원인재,2571,2677,5248,-106,1,16,일
2022-01-16,5호선,송정,3333,3208,6541,125,1,16,일
2022-01-16,안산선,수리산,1834,1821,3655,13,1,16,일
2022-01-16,우이신설선,북한산우이,2532,2497,5029,35,1,16,일
2022-01-16,우이신설선,솔밭공원,1398,1343,2741,55,1,16,일
2022-01-16,우이신설선,4.19민주묘지,2803,2504,5307,299,1,16,일
2022-01-16,우이신설선,가오리,2227,2160,4387,67,1,16,일
2022-01-16,우이신설선,화계,1957,1830,3787,127,1,16,일
2022-01-16,우이신설선,삼양,1261,1283,2544,-22,1,16,일
2022-01-16,우이신설선,삼양사거리,1385,1376,2761,9,1,16,일
2022-01-16,우이신설선,솔샘,2708,2545,5253,163,1,16,일
2022-01-16,우이신설선,북한산보국문,3513,3225,6738,288,1,16,일
2022-01-16,우이신설선,정릉,2573,2215,4788,358,1,16,일
2022-01-16,우이신설선,성신여대입구(돈암),2218,2486,4704,-268,1,16,일
2022-01-16,우이신설선,보문,878,832,1710,46,1,16,일
2022-01-16,우이신설선,신설동,1093,1119,2212,-26,1,16,일
2022-01-16,일산선,원흥,4779,4637,9416,142,1,16,일
2022-01-16,일산선,지축,1,0,1,1,1,16,일
2022-01-16,일산선,삼송,10160,9929,20089,231,1,16,일
2022-01-16,일산선,원당,5446,5350,10796,96,1,16,일
2022-01-16,일산선,화정,8644,8993,17637,-349,1,16,일
2022-01-16,일산선,대곡,915,763,1678,152,1,16,일
2022-01-16,일산선,백석,4995,5025,10020,-30,1,16,일
2022-01-16,일산선,마두,3082,3091,6173,-9,1,16,일
2022-01-16,일산선,정발산,4826,4763,9589,63,1,16,일
2022-01-17,2호선,당산,17546,20313,37859,-2767,1,17,월
2022-01-17,4호선,동대문,19157,19612,38769,-455,1,17,월
2022-01-17,4호선,동대문역사문화공원(DDP),14043,12770,26813,1273,1,17,월
2022-01-17,4호선,충무로,25332,25944,51276,-612,1,17,월
2022-01-17,4호선,명동,16964,17273,34237,-309,1,17,월
2022-01-17,4호선,회현(남대문시장),23167,23914,47081,-747,1,17,월
2022-01-17,4호선,서울역,11231,15610,26841,-4379,1,17,월
2022-01-17,4호선,숙대입구(갈월),11831,11604,23435,227,1,17,월
2022-01-17,4호선,삼각지,4654,5075,9729,-421,1,17,월
2022-01-17,4호선,신용산,16253,16931,33184,-678,1,17,월
2022-01-17,4호선,이촌(국립중앙박물관),6829,7619,14448,-790,1,17,월
2022-01-17,4호선,동작(현충원),1122,1242,2364,-120,1,17,월
2022-01-17,4호선,총신대입구(이수),17898,19548,37446,-1650,1,17,월
2022-01-17,4호선,사당,23307,19203,42510,4104,1,17,월
2022-01-17,4호선,남태령,1055,958,2013,97,1,17,월
2022-01-17,4호선,당고개,12157,11029,23186,1128,1,17,월
2022-01-17,4호선,상계,18270,17361,35631,909,1,17,월
2022-01-17,4호선,노원,17812,19759,37571,-1947,1,17,월
2022-01-17,4호선,창동,24255,25727,49982,-1472,1,17,월
2022-01-17,4호선,쌍문,28241,26262,54503,1979,1,17,월
2022-01-17,5호선,방화,6420,6317,12737,103,1,17,월
2022-01-17,2호선,삼성(무역센터),53146,52136,105282,1010,1,17,월
2022-01-17,2호선,선릉,59123,51712,110835,7411,1,17,월
2022-01-17,2호선,역삼,56428,60587,117015,-4159,1,17,월
2022-01-17,2호선,강남,88930,85584,174514,3346,1,17,월
2022-01-17,2호선,교대(법원.검찰청),34233,38193,72426,-3960,1,17,월
2022-01-17,2호선,서초,21605,20490,42095,1115,1,17,월
2022-01-17,2호선,방배,15842,16561,32403,-719,1,17,월
2022-01-17,2호선,사당,34328,37450,71778,-3122,1,17,월
2022-01-17,2호선,낙성대(강감찬),26064,26095,52159,-31,1,17,월
2022-01-17,2호선,아현,9613,9436,19049,177,1,17,월
2022-01-17,7호선,굴포천,1,0,1,1,1,17,월
2022-01-17,1호선,서울역,41857,39516,81373,2341,1,17,월
2022-01-17,1호선,동묘앞,6486,6641,13127,-155,1,17,월
2022-01-17,1호선,시청,21072,21112,42184,-40,1,17,월
2022-01-17,1호선,종각,35176,33692,68868,1484,1,17,월
2022-01-17,1호선,종로3가,23959,22259,46218,1700,1,17,월
2022-01-17,1호선,종로5가,21497,20975,42472,522,1,17,월
2022-01-17,1호선,동대문,10235,9573,19808,662,1,17,월
2022-01-17,1호선,신설동,13535,13129,26664,406,1,17,월
2022-01-17,1호선,제기동,16940,17430,34370,-490,1,17,월
2022-01-17,1호선,청량리(서울시립대입구),18860,18814,37674,46,1,17,월
2022-01-17,2호선,시청,23726,22148,45874,1578,1,17,월
2022-01-17,2호선,을지로입구,38811,38719,77530,92,1,17,월
2022-01-17,2호선,을지로3가,22599,21977,44576,622,1,17,월
2022-01-17,2호선,을지로4가,13082,12763,25845,319,1,17,월
2022-01-17,2호선,동대문역사문화공원(DDP),10651,11787,22438,-1136,1,17,월
2022-01-17,2호선,신당,13035,13586,26621,-551,1,17,월
2022-01-17,2호선,상왕십리,13947,13984,27931,-37,1,17,월
2022-01-17,2호선,왕십리(성동구청),14705,12345,27050,2360,1,17,월
2022-01-17,2호선,한양대,6873,7136,14009,-263,1,17,월
2022-01-17,2호선,뚝섬,21576,23084,44660,-1508,1,17,월
2022-01-17,2호선,성수,38279,40288,78567,-2009,1,17,월
2022-01-17,2호선,건대입구,33133,34967,68100,-1834,1,17,월
2022-01-17,2호선,구의(광진구청),22994,23412,46406,-418,1,17,월
2022-01-17,2호선,강변(동서울터미널),28956,27826,56782,1130,1,17,월
2022-01-17,2호선,잠실나루,14241,13950,28191,291,1,17,월
2022-01-17,2호선,잠실(송파구청),64564,64198,128762,366,1,17,월
2022-01-17,2호선,잠실새내,20672,20709,41381,-37,1,17,월
2022-01-17,2호선,종합운동장,6560,7353,13913,-793,1,17,월
2022-01-17,2호선,서울대입구(관악구청),45578,45575,91153,3,1,17,월
2022-01-17,2호선,봉천,23049,22130,45179,919,1,17,월
2022-01-17,2호선,신림,61183,60578,121761,605,1,17,월
2022-01-17,2호선,신대방,25558,25487,51045,71,1,17,월
2022-01-17,2호선,구로디지털단지,59603,59983,119586,-380,1,17,월
2022-01-17,2호선,대림(구로구청),23229,23905,47134,-676,1,17,월
2022-01-17,2호선,신도림,45311,44128,89439,1183,1,17,월
2022-01-17,2호선,문래,21661,21772,43433,-111,1,17,월
2022-01-17,2호선,영등포구청,23372,23785,47157,-413,1,17,월
2022-01-17,2호선,합정,29119,29771,58890,-652,1,17,월
2022-01-17,2호선,홍대입구,50570,51028,101598,-458,1,17,월
2022-01-17,2호선,신촌,31394,31773,63167,-379,1,17,월
2022-01-17,2호선,이대,12291,13001,25292,-710,1,17,월
2022-01-17,2호선,충정로(경기대입구),9849,10355,20204,-506,1,17,월
2022-01-17,2호선,용답,2583,2660,5243,-77,1,17,월
2022-01-17,2호선,신답,1625,1967,3592,-342,1,17,월
2022-01-17,2호선,신설동,3383,3380,6763,3,1,17,월
2022-01-17,2호선,도림천,1482,1506,2988,-24,1,17,월
2022-01-17,2호선,양천구청,6722,7172,13894,-450,1,17,월
2022-01-17,2호선,신정네거리,10108,10739,20847,-631,1,17,월
2022-01-17,2호선,용두(동대문구청),2321,2465,4786,-144,1,17,월
2022-01-17,3호선,지축,4295,4304,8599,-9,1,17,월
2022-01-17,3호선,구파발,19901,18791,38692,1110,1,17,월
2022-01-17,3호선,연신내,34538,33402,67940,1136,1,17,월
2022-01-17,3호선,불광,15364,16549,31913,-1185,1,17,월
2022-01-17,3호선,녹번,15031,13926,28957,1105,1,17,월
2022-01-17,3호선,홍제,16506,16114,32620,392,1,17,월
2022-01-17,3호선,무악재,3767,3865,7632,-98,1,17,월
2022-01-17,3호선,독립문,6342,6433,12775,-91,1,17,월
2022-01-17,3호선,경복궁(정부서울청사),18213,17784,35997,429,1,17,월
2022-01-17,3호선,안국,19135,19281,38416,-146,1,17,월
2022-01-17,3호선,종로3가,10242,11330,21572,-1088,1,17,월
2022-01-17,3호선,을지로3가,10730,10772,21502,-42,1,17,월
2022-01-17,3호선,충무로,1,0,1,1,1,17,월
2022-01-17,3호선,동대입구,6776,7029,13805,-253,1,17,월
2022-01-17,3호선,약수,12374,12114,24488,260,1,17,월
2022-01-17,3호선,금호,7668,7485,15153,183,1,17,월
2022-01-17,3호선,옥수,8284,8950,17234,-666,1,17,월
2022-01-17,3호선,압구정,32619,34318,66937,-1699,1,17,월
2022-01-17,3호선,신사,32298,32863,65161,-565,1,17,월
2022-01-17,3호선,잠원,4588,4666,9254,-78,1,17,월
2022-01-17,3호선,고속터미널,36629,34942,71571,1687,1,17,월
2022-01-17,3호선,교대(법원.검찰청),14311,9203,23514,5108,1,17,월
2022-01-17,3호선,남부터미널(예술의전당),28977,28987,57964,-10,1,17,월
2022-01-17,3호선,양재(서초구청),38853,41474,80327,-2621,1,17,월
2022-01-17,3호선,매봉,12783,12151,24934,632,1,17,월
2022-01-17,3호선,도곡,5377,5491,10868,-114,1,17,월
2022-01-17,3호선,대치,11597,11644,23241,-47,1,17,월
2022-01-17,3호선,학여울,1716,1743,3459,-27,1,17,월
2022-01-17,3호선,대청,9865,9367,19232,498,1,17,월
2022-01-17,3호선,일원,9877,9740,19617,137,1,17,월
2022-01-17,3호선,수서,16582,17264,33846,-682,1,17,월
2022-01-17,3호선,가락시장,8921,8585,17506,336,1,17,월
2022-01-17,3호선,경찰병원,7634,7723,15357,-89,1,17,월
2022-01-17,3호선,오금,6219,5575,11794,644,1,17,월
2022-01-17,4호선,수유(강북구청),32266,32667,64933,-401,1,17,월
2022-01-17,4호선,미아(서울사이버대학),14028,13794,27822,234,1,17,월
2022-01-17,4호선,미아사거리,25785,25398,51183,387,1,17,월
2022-01-17,4호선,길음,19171,19266,38437,-95,1,17,월
2022-01-17,4호선,성신여대입구(돈암),18530,18070,36600,460,1,17,월
2022-01-17,4호선,한성대입구(삼선교),12154,12088,24242,66,1,17,월
2022-01-17,4호선,혜화,29638,29273,58911,365,1,17,월
2022-01-17,5호선,개화산,5410,5296,10706,114,1,17,월
2022-01-17,5호선,김포공항,7278,7056,14334,222,1,17,월
2022-01-17,5호선,송정,6414,6077,12491,337,1,17,월
2022-01-17,5호선,마곡,11428,11056,22484,372,1,17,월
2022-01-17,5호선,발산,20713,20346,41059,367,1,17,월
2022-01-17,5호선,우장산,14012,14149,28161,-137,1,17,월
2022-01-17,5호선,화곡,27923,26449,54372,1474,1,17,월
2022-01-17,5호선,까치산,28044,27648,55692,396,1,17,월
2022-01-17,5호선,신정(은행정),13615,11419,25034,2196,1,17,월
2022-01-17,5호선,목동,16579,18416,34995,-1837,1,17,월
2022-01-17,5호선,오목교(목동운동장앞),21959,22991,44950,-1032,1,17,월
2022-01-17,5호선,양평,7765,7816,15581,-51,1,17,월
2022-01-17,5호선,영등포구청,3952,4078,8030,-126,1,17,월
2022-01-17,5호선,영등포시장,10107,10394,20501,-287,1,17,월
2022-01-17,5호선,신길,4129,4745,8874,-616,1,17,월
2022-01-17,5호선,여의도,30840,30560,61400,280,1,17,월
2022-01-17,5호선,여의나루,8754,9543,18297,-789,1,17,월
2022-01-17,5호선,마포,14962,15169,30131,-207,1,17,월
2022-01-17,5호선,공덕,13840,14773,28613,-933,1,17,월
2022-01-17,5호선,애오개,6941,7046,13987,-105,1,17,월
2022-01-17,5호선,충정로(경기대입구),4922,4910,9832,12,1,17,월
2022-01-17,5호선,서대문,19781,19835,39616,-54,1,17,월
2022-01-17,5호선,광화문(세종문화회관),29581,29675,59256,-94,1,17,월
2022-01-17,5호선,종로3가,11920,11549,23469,371,1,17,월
2022-01-17,5호선,을지로4가,6228,6161,12389,67,1,17,월
2022-01-17,5호선,동대문역사문화공원(DDP),3135,3499,6634,-364,1,17,월
2022-01-17,5호선,청구,3961,3700,7661,261,1,17,월
2022-01-17,5호선,신금호,6159,6626,12785,-467,1,17,월
2022-01-17,5호선,행당,7863,7434,15297,429,1,17,월
2022-01-17,5호선,왕십리(성동구청),4599,4928,9527,-329,1,17,월
2022-01-17,5호선,마장,5541,5364,10905,177,1,17,월
2022-01-17,5호선,답십리,15790,14835,30625,955,1,17,월
2022-01-17,5호선,장한평,18257,18269,36526,-12,1,17,월
2022-01-17,5호선,군자(능동),10785,11811,22596,-1026,1,17,월
2022-01-17,5호선,아차산(어린이대공원후문),13090,12968,26058,122,1,17,월
2022-01-17,5호선,광나루(장신대),12454,11472,23926,982,1,17,월
2022-01-17,5호선,천호(풍납토성),17056,16758,33814,298,1,17,월
2022-01-17,5호선,강동,18244,17732,35976,512,1,17,월
2022-01-17,5호선,길동,8019,8397,16416,-378,1,17,월
2022-01-17,5호선,굽은다리(강동구민회관앞),9256,9070,18326,186,1,17,월
2022-01-17,5호선,명일,8292,8853,17145,-561,1,17,월
2022-01-17,5호선,고덕,9022,9189,18211,-167,1,17,월
2022-01-17,5호선,상일동,15158,14285,29443,873,1,17,월
2022-01-17,5호선,둔촌동,8570,8554,17124,16,1,17,월
2022-01-17,5호선,올림픽공원(한국체대),4035,3423,7458,612,1,17,월
2022-01-17,5호선,방이,7070,7477,14547,-407,1,17,월
2022-01-17,5호선,오금,3637,3662,7299,-25,1,17,월
2022-01-17,5호선,개롱,6179,6680,12859,-501,1,17,월
2022-01-17,5호선,거여,9033,8772,17805,261,1,17,월
2022-01-17,5호선,마천,6681,6596,13277,85,1,17,월
2022-01-17,5호선,강일,3768,3759,7527,9,1,17,월
2022-01-17,5호선,미사,15530,15569,31099,-39,1,17,월
2022-01-17,5호선,하남풍산,4126,4158,8284,-32,1,17,월
2022-01-17,5호선,하남시청(덕풍·신장),6103,6034,12137,69,1,17,월
2022-01-17,5호선,하남검단산,5158,5004,10162,154,1,17,월
2022-01-17,6호선,응암,16930,17148,34078,-218,1,17,월
2022-01-17,6호선,역촌,3764,4433,8197,-669,1,17,월
2022-01-17,6호선,불광,3934,3915,7849,19,1,17,월
2022-01-17,6호선,독바위,2596,2840,5436,-244,1,17,월
2022-01-17,6호선,연신내,1,0,1,1,1,17,월
2022-01-17,6호선,구산,7162,5838,13000,1324,1,17,월
2022-01-17,6호선,새절(신사),12306,11763,24069,543,1,17,월
2022-01-17,6호선,증산(명지대앞),9766,9955,19721,-189,1,17,월
2022-01-17,6호선,디지털미디어시티,13574,14977,28551,-1403,1,17,월
2022-01-17,6호선,월드컵경기장(성산),3319,3454,6773,-135,1,17,월
2022-01-17,6호선,마포구청,14018,13028,27046,990,1,17,월
2022-01-17,6호선,망원,13085,14089,27174,-1004,1,17,월
2022-01-17,6호선,합정,12272,11662,23934,610,1,17,월
2022-01-17,6호선,상수,7771,8183,15954,-412,1,17,월
2022-01-17,6호선,광흥창(서강),8773,8774,17547,-1,1,17,월
2022-01-17,6호선,대흥(서강대앞),7813,8084,15897,-271,1,17,월
2022-01-17,6호선,공덕,18240,17562,35802,678,1,17,월
2022-01-17,6호선,효창공원앞,6797,6196,12993,601,1,17,월
2022-01-17,6호선,삼각지,5641,5092,10733,549,1,17,월
2022-01-17,6호선,녹사평(용산구청),4057,4049,8106,8,1,17,월
2022-01-17,6호선,이태원,8471,8392,16863,79,1,17,월
2022-01-17,6호선,한강진,6714,7328,14042,-614,1,17,월
2022-01-17,6호선,버티고개,1978,2035,4013,-57,1,17,월
2022-01-17,6호선,약수,3503,3527,7030,-24,1,17,월
2022-01-17,6호선,청구,3634,3838,7472,-204,1,17,월
2022-01-17,6호선,신당,7307,7846,15153,-539,1,17,월
2022-01-17,6호선,동묘앞,7380,7586,14966,-206,1,17,월
2022-01-17,6호선,창신,3187,2798,5985,389,1,17,월
2022-01-17,6호선,보문,6777,6403,13180,374,1,17,월
2022-01-17,6호선,안암(고대병원앞),9594,9593,19187,1,1,17,월
2022-01-17,6호선,고려대(종암),7527,7383,14910,144,1,17,월
2022-01-17,6호선,월곡(동덕여대),11035,11136,22171,-101,1,17,월
2022-01-17,6호선,상월곡(한국과학기술연구원),5982,5483,11465,499,1,17,월
2022-01-17,6호선,돌곶이,9108,8726,17834,382,1,17,월
2022-01-17,6호선,석계,11543,12319,23862,-776,1,17,월
2022-01-17,6호선,태릉입구,5246,5642,10888,-396,1,17,월
2022-01-17,6호선,화랑대(서울여대입구),11250,8910,20160,2340,1,17,월
2022-01-17,6호선,봉화산(서울의료원),8834,8431,17265,403,1,17,월
2022-01-17,7호선,장암,2132,758,2890,1374,1,17,월
2022-01-17,7호선,도봉산,8610,9918,18528,-1308,1,17,월
2022-01-17,7호선,수락산,11951,11953,23904,-2,1,17,월
2022-01-17,7호선,마들,12306,12113,24419,193,1,17,월
2022-01-17,7호선,노원,19424,19863,39287,-439,1,17,월
2022-01-17,7호선,중계,13410,12544,25954,866,1,17,월
2022-01-17,7호선,하계,16490,15816,32306,674,1,17,월
2022-01-17,7호선,공릉(서울과학기술대),11152,11262,22414,-110,1,17,월
2022-01-17,7호선,태릉입구,7931,7510,15441,421,1,17,월
2022-01-17,7호선,먹골,9870,9801,19671,69,1,17,월
2022-01-17,7호선,중화,10558,10523,21081,35,1,17,월
2022-01-17,7호선,상봉(시외버스터미널),16377,15396,31773,981,1,17,월
2022-01-17,7호선,면목,14801,14637,29438,164,1,17,월
2022-01-17,7호선,사가정,15559,15730,31289,-171,1,17,월
2022-01-17,7호선,용마산(용마폭포공원),5835,5778,11613,57,1,17,월
2022-01-17,7호선,중곡,10438,10023,20461,415,1,17,월
2022-01-17,7호선,군자(능동),14662,12101,26763,2561,1,17,월
2022-01-17,7호선,어린이대공원(세종대),11611,11571,23182,40,1,17,월
2022-01-17,7호선,건대입구,11728,12487,24215,-759,1,17,월
2022-01-17,7호선,뚝섬유원지,6865,6767,13632,98,1,17,월
2022-01-17,7호선,청담,19351,21506,40857,-2155,1,17,월
2022-01-17,7호선,강남구청,16509,17645,34154,-1136,1,17,월
2022-01-17,7호선,학동,25743,26508,52251,-765,1,17,월
2022-01-17,7호선,논현,20722,22190,42912,-1468,1,17,월
2022-01-17,7호선,반포,5332,5144,10476,188,1,17,월
2022-01-17,7호선,고속터미널,15522,12581,28103,2941,1,17,월
2022-01-17,7호선,내방,14757,14990,29747,-233,1,17,월
2022-01-17,7호선,이수,15224,14899,30123,325,1,17,월
2022-01-17,7호선,남성,10574,10254,20828,320,1,17,월
2022-01-17,7호선,숭실대입구(살피재),11085,11627,22712,-542,1,17,월
2022-01-17,7호선,상도,10367,10169,20536,198,1,17,월
2022-01-17,7호선,장승배기,8778,8883,17661,-105,1,17,월
2022-01-17,7호선,신대방삼거리,16349,15957,32306,392,1,17,월
2022-01-17,7호선,보라매,9717,9698,19415,19,1,17,월
2022-01-17,7호선,신풍,11316,10938,22254,378,1,17,월
2022-01-17,7호선,대림(구로구청),7999,7874,15873,125,1,17,월
2022-01-17,7호선,남구로,16531,17231,33762,-700,1,17,월
2022-01-17,7호선,가산디지털단지,48784,47393,96177,1391,1,17,월
2022-01-17,7호선,철산,20632,21385,42017,-753,1,17,월
2022-01-17,7호선,광명사거리,21605,21582,43187,23,1,17,월
2022-01-17,7호선,천왕,11179,10768,21947,411,1,17,월
2022-01-17,7호선,온수(성공회대입구),9904,9166,19070,738,1,17,월
2022-01-17,7호선,부천시청,1,0,1,1,1,17,월
2022-01-17,8호선,암사,18597,16946,35543,1651,1,17,월
2022-01-17,8호선,천호(풍납토성),14351,16330,30681,-1979,1,17,월
2022-01-17,8호선,강동구청,10469,11112,21581,-643,1,17,월
2022-01-17,8호선,몽촌토성(평화의문),5948,6120,12068,-172,1,17,월
2022-01-17,8호선,잠실(송파구청),13693,15624,29317,-1931,1,17,월
2022-01-17,8호선,석촌,7702,8674,16376,-972,1,17,월
2022-01-17,8호선,송파,7288,7672,14960,-384,1,17,월
2022-01-17,8호선,가락시장,7680,8466,16146,-786,1,17,월
2022-01-17,8호선,문정,23316,24059,47375,-743,1,17,월
2022-01-17,8호선,장지,16645,16408,33053,237,1,17,월
2022-01-17,8호선,복정,9027,7820,16847,1207,1,17,월
2022-01-17,8호선,산성,5045,5247,10292,-202,1,17,월
2022-01-17,8호선,남한산성입구(성남법원.검찰청),13056,12243,25299,813,1,17,월
2022-01-17,8호선,단대오거리,10479,10351,20830,128,1,17,월
2022-01-17,8호선,신흥,4122,4494,8616,-372,1,17,월
2022-01-17,8호선,수진,5229,4874,10103,355,1,17,월
2022-01-17,8호선,모란,4341,3281,7622,1060,1,17,월
2022-01-17,8호선,남위례,3536,3892,7428,-356,1,17,월
2022-01-17,9호선,개화,2435,1736,4171,699,1,17,월
2022-01-17,9호선,김포공항,7329,11259,18588,-3930,1,17,월
2022-01-17,9호선,공항시장,2826,3077,5903,-251,1,17,월
2022-01-17,9호선,신방화,6645,6742,13387,-97,1,17,월
2022-01-17,9호선,마곡나루(서울식물원),11718,11493,23211,225,1,17,월
2022-01-17,9호선,양천향교,9522,9867,19389,-345,1,17,월
2022-01-17,9호선,가양,20157,19844,40001,313,1,17,월
2022-01-17,9호선,증미,7661,7672,15333,-11,1,17,월
2022-01-17,9호선,등촌,11501,11763,23264,-262,1,17,월
2022-01-17,9호선,염창,16990,16770,33760,220,1,17,월
2022-01-17,9호선,신목동,3972,3760,7732,212,1,17,월
2022-01-17,9호선,선유도,9184,8688,17872,496,1,17,월
2022-01-17,9호선,당산,18175,18340,36515,-165,1,17,월
2022-01-17,9호선,국회의사당,18001,17743,35744,258,1,17,월
2022-01-17,9호선,여의도,28684,27006,55690,1678,1,17,월
2022-01-17,9호선,샛강,6291,6328,12619,-37,1,17,월
2022-01-17,9호선,노량진,25677,25188,50865,489,1,17,월
2022-01-17,9호선,노들,4164,3698,7862,466,1,17,월
2022-01-17,9호선,흑석(중앙대입구),7818,8352,16170,-534,1,17,월
2022-01-17,9호선,동작(현충원),1743,1346,3089,397,1,17,월
2022-01-17,9호선,구반포,1399,1519,2918,-120,1,17,월
2022-01-17,9호선,신반포,3094,3088,6182,6,1,17,월
2022-01-17,9호선,고속터미널,11317,14138,25455,-2821,1,17,월
2022-01-17,9호선,사평,3488,3645,7133,-157,1,17,월
2022-01-17,9호선,신논현,32232,31773,64005,459,1,17,월
2022-01-17,9호선2~3단계,언주,11312,11421,22733,-109,1,17,월
2022-01-17,9호선2~3단계,선정릉,9774,10553,20327,-779,1,17,월
2022-01-17,9호선2~3단계,삼성중앙,7186,7458,14644,-272,1,17,월
2022-01-17,9호선2~3단계,봉은사,16090,16023,32113,67,1,17,월
2022-01-17,9호선2~3단계,종합운동장,4246,4164,8410,82,1,17,월
2022-01-17,9호선2~3단계,삼전,7000,7086,14086,-86,1,17,월
2022-01-17,9호선2~3단계,석촌고분,6135,6250,12385,-115,1,17,월
2022-01-17,9호선2~3단계,석촌,8120,7305,15425,815,1,17,월
2022-01-17,9호선2~3단계,송파나루,4967,5237,10204,-270,1,17,월
2022-01-17,9호선2~3단계,한성백제,2458,2327,4785,131,1,17,월
2022-01-17,9호선2~3단계,올림픽공원(한국체대),5492,5415,10907,77,1,17,월
2022-01-17,9호선2~3단계,둔촌오륜,936,974,1910,-38,1,17,월
2022-01-17,9호선2~3단계,중앙보훈병원,10692,9354,20046,1338,1,17,월
2022-01-17,경강선,판교,4922,4550,9472,372,1,17,월
2022-01-17,경강선,이매,1080,877,1957,203,1,17,월
2022-01-17,경강선,삼동,2327,2351,4678,-24,1,17,월
2022-01-17,경강선,경기광주,7448,7530,14978,-82,1,17,월
2022-01-17,경강선,초월,3004,3072,6076,-68,1,17,월
2022-01-17,경강선,곤지암,2008,2123,4131,-115,1,17,월
2022-01-17,경강선,신둔도예촌,1335,1225,2560,110,1,17,월
2022-01-17,경강선,이천,2434,2505,4939,-71,1,17,월
2022-01-17,경강선,부발,1894,1961,3855,-67,1,17,월
2022-01-17,경강선,세종대왕릉,262,245,507,17,1,17,월
2022-01-17,경강선,여주,1744,1685,3429,59,1,17,월
2022-01-17,경부선,서울역,6001,2006,8007,3995,1,17,월
2022-01-17,경부선,남영,8504,9064,17568,-560,1,17,월
2022-01-17,경부선,용산,31160,30905,62065,255,1,17,월
2022-01-17,경부선,노량진,7597,7919,15516,-322,1,17,월
2022-01-17,경부선,대방,12641,13291,25932,-650,1,17,월
2022-01-17,경부선,영등포,34729,35274,70003,-545,1,17,월
2022-01-17,경부선,신도림,3950,3781,7731,169,1,17,월
2022-01-17,경부선,신길,8552,7356,15908,1196,1,17,월
2022-01-17,경부선,구로,18027,17984,36011,43,1,17,월
2022-01-17,경부선,가산디지털단지,18557,21377,39934,-2820,1,17,월
2022-01-17,경부선,금천구청,11467,11445,22912,22,1,17,월
2022-01-17,경부선,석수,9235,8246,17481,989,1,17,월
2022-01-17,경부선,관악,6817,6426,13243,391,1,17,월
2022-01-17,경부선,안양,20003,20197,40200,-194,1,17,월
2022-01-17,경부선,명학,8891,8674,17565,217,1,17,월
2022-01-17,경부선,금정,25847,26677,52524,-830,1,17,월
2022-01-17,경부선,군포,7496,7581,15077,-85,1,17,월
2022-01-17,경부선,의왕,8724,8864,17588,-140,1,17,월
2022-01-17,경부선,성균관대,12836,12981,25817,-145,1,17,월
2022-01-17,경부선,화서,7440,7234,14674,206,1,17,월
2022-01-17,경부선,수원,30564,32287,62851,-1723,1,17,월
2022-01-17,경부선,독산,18910,19637,38547,-727,1,17,월
2022-01-17,경부선,세류,2823,2567,5390,256,1,17,월
2022-01-17,경부선,병점,13105,13068,26173,37,1,17,월
2022-01-17,경부선,세마,2584,2333,4917,251,1,17,월
2022-01-17,경부선,오산대,2955,2736,5691,219,1,17,월
2022-01-17,경부선,오산,8963,9153,18116,-190,1,17,월
2022-01-17,경부선,진위,1500,1338,2838,162,1,17,월
2022-01-17,경부선,송탄,3847,3668,7515,179,1,17,월
2022-01-17,경부선,서정리,6039,5907,11946,132,1,17,월
2022-01-17,경부선,평택지제,3271,3089,6360,182,1,17,월
2022-01-17,경부선,평택,10104,10072,20176,32,1,17,월
2022-01-17,경부선,성환,2651,2798,5449,-147,1,17,월
2022-01-17,경부선,직산,746,661,1407,85,1,17,월
2022-01-17,경부선,두정,4263,4408,8671,-145,1,17,월
2022-01-17,경부선,천안,4115,4424,8539,-309,1,17,월
2022-01-17,경부선,당정,5809,5640,11449,169,1,17,월
2022-01-17,경부선,서동탄,1347,1094,2441,253,1,17,월
2022-01-17,경부선,광명,3374,2906,6280,468,1,17,월
2022-01-17,경원선,이촌(국립중앙박물관),3481,2784,6265,697,1,17,월
2022-01-17,경원선,서빙고,1770,1749,3519,21,1,17,월
2022-01-17,경원선,한남,4105,3893,7998,212,1,17,월
2022-01-17,경원선,옥수,39,35,74,4,1,17,월
2022-01-17,경원선,응봉,1714,1501,3215,213,1,17,월
2022-01-17,경원선,왕십리(성동구청),12991,14821,27812,-1830,1,17,월
2022-01-17,경원선,청량리(서울시립대입구),13750,14306,28056,-556,1,17,월
2022-01-17,경원선,외대앞,6608,6793,13401,-185,1,17,월
2022-01-17,경원선,신이문,8064,7619,15683,445,1,17,월
2022-01-17,경원선,석계,7646,8654,16300,-1008,1,17,월
2022-01-17,경원선,광운대,6985,6816,13801,169,1,17,월
2022-01-17,경원선,월계,5911,5675,11586,236,1,17,월
2022-01-17,경원선,녹천,4472,3933,8405,539,1,17,월
2022-01-17,경원선,방학,9234,9085,18319,149,1,17,월
2022-01-17,경원선,도봉,5735,5525,11260,210,1,17,월
2022-01-17,경원선,도봉산,6577,3954,10531,2623,1,17,월
2022-01-17,경원선,망월사,6826,7103,13929,-277,1,17,월
2022-01-17,경원선,회룡,11799,11702,23501,97,1,17,월
2022-01-17,경원선,의정부,16939,17166,34105,-227,1,17,월
2022-01-17,경원선,가능,6121,5892,12013,229,1,17,월
2022-01-17,경원선,녹양,4083,3917,8000,166,1,17,월
2022-01-17,경원선,양주,7050,6628,13678,422,1,17,월
2022-01-17,경원선,덕계,2716,2507,5223,209,1,17,월
2022-01-17,경원선,덕정,4874,4752,9626,122,1,17,월
2022-01-17,경원선,지행,5885,5760,11645,125,1,17,월
2022-01-17,경원선,동두천중앙,2845,2659,5504,186,1,17,월
2022-01-17,경원선,보산,1255,1092,2347,163,1,17,월
2022-01-17,경원선,동두천,1865,2087,3952,-222,1,17,월
2022-01-17,경원선,소요산,2025,1698,3723,327,1,17,월
2022-01-17,경의선,서울역,4215,5159,9374,-944,1,17,월
2022-01-17,경의선,신촌,798,950,1748,-152,1,17,월
2022-01-17,경의선,효창공원앞,2893,3447,6340,-554,1,17,월
2022-01-17,경의선,공덕,3443,2950,6393,493,1,17,월
2022-01-17,경의선,서강대,2118,1974,4092,144,1,17,월
2022-01-17,경의선,홍대입구,1484,1781,3265,-297,1,17,월
2022-01-17,경의선,가좌,5068,5166,10234,-98,1,17,월
2022-01-17,경의선,디지털미디어시티,2332,2204,4536,128,1,17,월
2022-01-17,경의선,수색,2813,2889,5702,-76,1,17,월
2022-01-17,경의선,화전,1389,1341,2730,48,1,17,월
2022-01-17,경의선,강매,3060,2738,5798,322,1,17,월
2022-01-17,경의선,행신,7452,7616,15068,-164,1,17,월
2022-01-17,경의선,능곡,3472,3241,6713,231,1,17,월
2022-01-17,경의선,곡산,549,540,1089,9,1,17,월
2022-01-17,경의선,백마,6563,6457,13020,106,1,17,월
2022-01-17,경의선,풍산,5239,4864,10103,375,1,17,월
2022-01-17,경의선,일산,8610,8755,17365,-145,1,17,월
2022-01-17,경의선,탄현,7549,7278,14827,271,1,17,월
2022-01-17,경의선,야당,6948,6777,13725,171,1,17,월
2022-01-17,경의선,운정,6548,6245,12793,303,1,17,월
2022-01-17,경의선,금릉,4608,4270,8878,338,1,17,월
2022-01-17,경의선,금촌,5954,5904,11858,50,1,17,월
2022-01-17,경의선,월롱,2348,2295,4643,53,1,17,월
2022-01-17,경의선,파주,952,693,1645,259,1,17,월
2022-01-17,경의선,문산,4593,4684,9277,-91,1,17,월
2022-01-17,경의선,임진강,2,5,7,-3,1,17,월
2022-01-17,경인선,개봉,20495,20864,41359,-369,1,17,월
2022-01-17,경인선,오류동,11286,10987,22273,299,1,17,월
2022-01-17,경인선,역곡,25456,25462,50918,-6,1,17,월
2022-01-17,경인선,부천,30582,30340,60922,242,1,17,월
2022-01-17,경인선,송내,25541,25492,51033,49,1,17,월
2022-01-17,경인선,부평,28001,29237,57238,-1236,1,17,월
2022-01-17,경인선,백운,6486,6488,12974,-2,1,17,월
2022-01-17,경인선,동암,13858,13982,27840,-124,1,17,월
2022-01-17,경인선,주안,17365,15826,33191,1539,1,17,월
2022-01-17,경인선,제물포,9573,9200,18773,373,1,17,월
2022-01-17,경인선,동인천,12766,11903,24669,863,1,17,월
2022-01-17,경인선,인천,2771,2038,4809,733,1,17,월
2022-01-17,경인선,구일,5904,5984,11888,-80,1,17,월
2022-01-17,경인선,소사,7858,7849,15707,9,1,17,월
2022-01-17,경인선,부개,8180,7701,15881,479,1,17,월
2022-01-17,경인선,간석,5489,5295,10784,194,1,17,월
2022-01-17,경인선,도원,2394,2437,4831,-43,1,17,월
2022-01-17,경인선,온수(성공회대입구),6024,5909,11933,115,1,17,월
2022-01-17,경인선,중동,9052,8638,17690,414,1,17,월
2022-01-17,경인선,도화,3993,3723,7716,270,1,17,월
2022-01-17,경춘선,신내,1981,1818,3799,163,1,17,월
2022-01-17,경춘선,갈매,2917,2610,5527,307,1,17,월
2022-01-17,경춘선,별내,3187,3067,6254,120,1,17,월
2022-01-17,경춘선,퇴계원,3463,3321,6784,142,1,17,월
2022-01-17,경춘선,사릉,3145,2943,6088,202,1,17,월
2022-01-17,경춘선,금곡,1431,1311,2742,120,1,17,월
2022-01-17,경춘선,평내호평,5972,5618,11590,354,1,17,월
2022-01-17,경춘선,천마산,1563,1432,2995,131,1,17,월
2022-01-17,경춘선,마석,3456,3461,6917,-5,1,17,월
2022-01-17,경춘선,대성리,367,355,722,12,1,17,월
2022-01-17,경춘선,청평,1380,1295,2675,85,1,17,월
2022-01-17,경춘선,상천,199,168,367,31,1,17,월
2022-01-17,경춘선,가평,1355,1381,2736,-26,1,17,월
2022-01-17,경춘선,굴봉산,119,133,252,-14,1,17,월
2022-01-17,경춘선,백양리,256,265,521,-9,1,17,월
2022-01-17,경춘선,강촌,281,273,554,8,1,17,월
2022-01-17,경춘선,김유정,195,191,386,4,1,17,월
2022-01-17,경춘선,남춘천,2317,2394,4711,-77,1,17,월
2022-01-17,경춘선,춘천,1047,946,1993,101,1,17,월
2022-01-17,공항철도 1호선,서울역,7423,6725,14148,698,1,17,월
2022-01-17,공항철도 1호선,공덕,2294,2952,5246,-658,1,17,월
2022-01-17,공항철도 1호선,홍대입구,8906,8810,17716,96,1,17,월
2022-01-17,공항철도 1호선,디지털미디어시티,14606,12910,27516,1696,1,17,월
2022-01-17,공항철도 1호선,마곡나루(서울식물원),9195,8357,17552,838,1,17,월
2022-01-17,공항철도 1호선,김포공항,11997,6903,18900,5094,1,17,월
2022-01-17,공항철도 1호선,계양,9999,9483,19482,516,1,17,월
2022-01-17,공항철도 1호선,검암,6428,6224,12652,204,1,17,월
2022-01-17,공항철도 1호선,청라국제도시,6805,6313,13118,492,1,17,월
2022-01-17,공항철도 1호선,운서,6133,6135,12268,-2,1,17,월
2022-01-17,공항철도 1호선,공항화물청사,2284,2437,4721,-153,1,17,월
2022-01-17,공항철도 1호선,인천공항1터미널,3425,3607,7032,-182,1,17,월
2022-01-17,공항철도 1호선,인천공항2터미널,2103,1878,3981,225,1,17,월
2022-01-17,공항철도 1호선,영종,2819,2834,5653,-15,1,17,월
2022-01-17,과천선,선바위,7972,6805,14777,1167,1,17,월
2022-01-17,과천선,경마공원,835,841,1676,-6,1,17,월
2022-01-17,과천선,대공원,1729,1796,3525,-67,1,17,월
2022-01-17,과천선,과천,5921,5712,11633,209,1,17,월
2022-01-17,과천선,정부과천청사,10601,10474,21075,127,1,17,월
2022-01-17,과천선,인덕원,23316,24465,47781,-1149,1,17,월
2022-01-17,과천선,평촌,18097,17839,35936,258,1,17,월
2022-01-17,과천선,범계,24658,24494,49152,164,1,17,월
2022-01-17,분당선,선릉,14551,21112,35663,-6561,1,17,월
2022-01-17,분당선,한티,14841,15969,30810,-1128,1,17,월
2022-01-17,분당선,도곡,6952,7003,13955,-51,1,17,월
2022-01-17,분당선,구룡,1878,1865,3743,13,1,17,월
2022-01-17,분당선,개포동,3651,3847,7498,-196,1,17,월
2022-01-17,분당선,대모산입구,4397,4195,8592,202,1,17,월
2022-01-17,분당선,수서,13321,13749,27070,-428,1,17,월
2022-01-17,분당선,수원,7557,6451,14008,1106,1,17,월
2022-01-17,분당선,서울숲,10144,10401,20545,-257,1,17,월
2022-01-17,분당선,압구정로데오,18337,19212,37549,-875,1,17,월
2022-01-17,분당선,강남구청,10431,11566,21997,-1135,1,17,월
2022-01-17,분당선,선정릉,8645,9100,17745,-455,1,17,월
2022-01-17,분당선,가천대,6119,7155,13274,-1036,1,17,월
2022-01-17,분당선,태평,13292,13050,26342,242,1,17,월
2022-01-17,분당선,모란,19108,19435,38543,-327,1,17,월
2022-01-17,분당선,야탑,25155,25842,50997,-687,1,17,월
2022-01-17,분당선,서현,25632,25458,51090,174,1,17,월
2022-01-17,분당선,수내,13812,13708,27520,104,1,17,월
2022-01-17,분당선,정자,17854,18406,36260,-552,1,17,월
2022-01-17,분당선,미금,15623,16345,31968,-722,1,17,월
2022-01-17,분당선,오리,11796,9852,21648,1944,1,17,월
2022-01-17,분당선,이매,5425,5298,10723,127,1,17,월
2022-01-17,분당선,보정,2339,2117,4456,222,1,17,월
2022-01-17,분당선,죽전,12540,13926,26466,-1386,1,17,월
2022-01-17,분당선,구성,4879,5483,10362,-604,1,17,월
2022-01-17,분당선,신갈,4590,4637,9227,-47,1,17,월
2022-01-17,분당선,기흥,9366,9050,18416,316,1,17,월
2022-01-17,분당선,상갈,5060,5022,10082,38,1,17,월
2022-01-17,분당선,청명,4087,4148,8235,-61,1,17,월
2022-01-17,분당선,영통,8022,8128,16150,-106,1,17,월
2022-01-17,분당선,망포,14225,13825,28050,400,1,17,월
2022-01-17,분당선,매탄권선,4639,4575,9214,64,1,17,월
2022-01-17,분당선,수원시청,12637,13204,25841,-567,1,17,월
2022-01-17,분당선,매교,2661,2727,5388,-66,1,17,월
2022-01-17,수인선,고색,4465,4091,8556,374,1,17,월
2022-01-17,수인선,오목천,2520,2432,4952,88,1,17,월
2022-01-17,수인선,어천,661,679,1340,-18,1,17,월
2022-01-17,수인선,야목,296,224,520,72,1,17,월
2022-01-17,수인선,사리,4269,3747,8016,522,1,17,월
2022-01-17,수인선,달월,93,57,150,36,1,17,월
2022-01-17,수인선,월곶,2348,2192,4540,156,1,17,월
2022-01-17,수인선,소래포구,4332,4061,8393,271,1,17,월
2022-01-17,수인선,인천논현,5275,5564,10839,-289,1,17,월
2022-01-17,수인선,호구포,3903,4060,7963,-157,1,17,월
2022-01-17,수인선,남동인더스파크,2293,2577,4870,-284,1,17,월
2022-01-17,수인선,원인재,4213,4395,8608,-182,1,17,월
2022-01-17,수인선,연수,4083,4055,8138,28,1,17,월
2022-01-17,수인선,송도,2318,2202,4520,116,1,17,월
2022-01-17,수인선,인하대,5329,5089,10418,240,1,17,월
2022-01-17,수인선,숭의,3816,3567,7383,249,1,17,월
2022-01-17,수인선,신포,1538,1543,3081,-5,1,17,월
2022-01-17,수인선,인천,980,1544,2524,-564,1,17,월
2022-01-17,안산선,산본,14858,16069,30927,-1211,1,17,월
2022-01-17,안산선,대야미,4636,4181,8817,455,1,17,월
2022-01-17,안산선,반월,4088,3880,7968,208,1,17,월
2022-01-17,안산선,상록수,14441,14907,29348,-466,1,17,월
2022-01-17,안산선,한대앞,8200,8205,16405,-5,1,17,월
2022-01-17,안산선,중앙,16705,17191,33896,-486,1,17,월
2022-01-17,안산선,고잔,8468,7969,16437,499,1,17,월
2022-01-17,안산선,초지,4249,4357,8606,-108,1,17,월
2022-01-17,안산선,안산,11197,10121,21318,1076,1,17,월
2022-01-17,안산선,신길온천,1646,1437,3083,209,1,17,월
2022-01-17,안산선,정왕,7110,7694,14804,-584,1,17,월
2022-01-17,안산선,오이도,7512,7290,14802,222,1,17,월
2022-01-17,안산선,수리산,3936,3232,7168,704,1,17,월
2022-01-17,우이신설선,북한산우이,2337,2180,4517,157,1,17,월
2022-01-17,우이신설선,솔밭공원,2305,2281,4586,24,1,17,월
2022-01-17,우이신설선,4.19민주묘지,2617,2540,5157,77,1,17,월
2022-01-17,우이신설선,가오리,3861,3980,7841,-119,1,17,월
2022-01-17,우이신설선,화계,3283,3106,6389,177,1,17,월
2022-01-17,우이신설선,삼양,1896,2023,3919,-127,1,17,월
2022-01-17,우이신설선,삼양사거리,2343,2396,4739,-53,1,17,월
2022-01-17,우이신설선,솔샘,5663,5491,11154,172,1,17,월
2022-01-17,우이신설선,북한산보국문,5594,5553,11147,41,1,17,월
2022-01-17,우이신설선,정릉,4428,4171,8599,257,1,17,월
2022-01-17,우이신설선,성신여대입구(돈암),3114,3300,6414,-186,1,17,월
2022-01-17,우이신설선,보문,1470,1497,2967,-27,1,17,월
2022-01-17,우이신설선,신설동,2035,1990,4025,45,1,17,월
2022-01-17,일산선,원흥,10149,9748,19897,401,1,17,월
2022-01-17,일산선,삼송,18354,18352,36706,2,1,17,월
2022-01-17,일산선,원당,10434,9943,20377,491,1,17,월
2022-01-17,일산선,화정,16078,16574,32652,-496,1,17,월
2022-01-17,일산선,대곡,1839,1483,3322,356,1,17,월
2022-01-17,일산선,백석,9539,9574,19113,-35,1,17,월
2022-01-17,일산선,마두,7483,7656,15139,-173,1,17,월
2022-01-17,일산선,정발산,6929,6652,13581,277,1,17,월
2022-01-17,일산선,주엽,8741,8766,17507,-25,1,17,월
2022-01-17,일산선,대화,12329,9985,22314,2344,1,17,월
2022-01-17,장항선,봉명,1113,1074,2187,39,1,17,월
2022-01-17,장항선,쌍용(나사렛대),1700,1557,3257,143,1,17,월
2022-01-17,장항선,아산,2483,2206,4689,277,1,17,월
2022-01-17,장항선,탕정,391,353,744,38,1,17,월
2022-01-17,장항선,배방,822,848,1670,-26,1,17,월
2022-01-17,장항선,온양온천,3084,3164,6248,-80,1,17,월
2022-01-17,장항선,신창(순천향대),832,907,1739,-75,1,17,월
2022-01-17,중앙선,회기,22141,21817,43958,324,1,17,월
2022-01-17,중앙선,중랑,5348,5080,10428,268,1,17,월
2022-01-17,중앙선,상봉(시외버스터미널),5434,5432,10866,2,1,17,월
2022-01-17,중앙선,망우,7030,7073,14103,-43,1,17,월
2022-01-17,중앙선,양원,1909,1935,3844,-26,1,17,월
2022-01-17,중앙선,구리,13179,13026,26205,153,1,17,월
2022-01-17,중앙선,도농,10046,9232,19278,814,1,17,월
2022-01-17,중앙선,양정,682,526,1208,156,1,17,월
2022-01-17,중앙선,덕소,5337,5293,10630,44,1,17,월
2022-01-17,중앙선,도심,2186,1771,3957,415,1,17,월
2022-01-17,중앙선,팔당,693,699,1392,-6,1,17,월
2022-01-17,중앙선,운길산,479,443,922,36,1,17,월
2022-01-17,중앙선,양수,1468,1471,2939,-3,1,17,월
2022-01-17,중앙선,신원,163,133,296,30,1,17,월
2022-01-17,중앙선,국수,556,544,1100,12,1,17,월
2022-01-17,중앙선,아신,445,401,846,44,1,17,월
2022-01-17,중앙선,오빈,258,248,506,10,1,17,월
2022-01-17,중앙선,양평,2299,2239,4538,60,1,17,월
2022-01-17,중앙선,원덕,296,271,567,25,1,17,월
2022-01-17,중앙선,용문,1377,1378,2755,-1,1,17,월
2022-01-17,중앙선,지평,53,51,104,2,1,17,월
2022-01-18,장항선,아산,2344,2146,4490,198,1,18,화
2022-01-18,장항선,쌍용(나사렛대),1605,1482,3087,123,1,18,화
2022-01-18,장항선,봉명,1124,1076,2200,48,1,18,화
2022-01-18,일산선,대화,12382,9875,22257,2507,1,18,화
2022-01-18,일산선,주엽,8856,8873,17729,-17,1,18,화
2022-01-18,일산선,정발산,7021,7084,14105,-63,1,18,화
2022-01-18,일산선,마두,7350,7551,14901,-201,1,18,화
2022-01-18,일산선,백석,9625,9523,19148,102,1,18,화
2022-01-18,일산선,대곡,1876,1479,3355,397,1,18,화
2022-01-18,일산선,화정,16616,17026,33642,-410,1,18,화
2022-01-18,일산선,원당,10593,10049,20642,544,1,18,화
2022-01-18,일산선,삼송,18610,18350,36960,260,1,18,화
2022-01-18,일산선,지축,1,0,1,1,1,18,화
2022-01-18,일산선,원흥,10288,9881,20169,407,1,18,화
2022-01-18,우이신설선,신설동,2093,2011,4104,82,1,18,화
2022-01-18,우이신설선,보문,1466,1424,2890,42,1,18,화
2022-01-18,우이신설선,성신여대입구(돈암),3079,3363,6442,-284,1,18,화
2022-01-18,우이신설선,정릉,4550,4285,8835,265,1,18,화
2022-01-18,우이신설선,북한산보국문,5773,5619,11392,154,1,18,화
2022-01-18,안산선,대야미,4670,4243,8913,427,1,18,화
2022-01-18,안산선,산본,15538,16503,32041,-965,1,18,화
2022-01-18,수인선,인천,969,1541,2510,-572,1,18,화
2022-01-18,수인선,신포,1634,1640,3274,-6,1,18,화
2022-01-18,수인선,숭의,3813,3641,7454,172,1,18,화
2022-01-18,수인선,인하대,5324,5135,10459,189,1,18,화
2022-01-18,수인선,송도,2277,2106,4383,171,1,18,화
2022-01-18,수인선,연수,4123,4174,8297,-51,1,18,화
2022-01-18,수인선,원인재,4148,4362,8510,-214,1,18,화
2022-01-18,수인선,남동인더스파크,2429,2611,5040,-182,1,18,화
2022-01-18,수인선,호구포,3932,4028,7960,-96,1,18,화
2022-01-18,수인선,인천논현,5273,5589,10862,-316,1,18,화
2022-01-18,수인선,소래포구,4626,4299,8925,327,1,18,화
2022-01-18,수인선,월곶,2336,2137,4473,199,1,18,화
2022-01-18,수인선,달월,103,57,160,46,1,18,화
2022-01-18,수인선,사리,4306,3796,8102,510,1,18,화
2022-01-18,수인선,야목,308,239,547,69,1,18,화
2022-01-18,수인선,어천,653,613,1266,40,1,18,화
2022-01-18,수인선,오목천,2537,2441,4978,96,1,18,화
2022-01-18,수인선,고색,4465,4181,8646,284,1,18,화
2022-01-18,분당선,매교,2681,2751,5432,-70,1,18,화
2022-01-18,분당선,수원시청,12534,13386,25920,-852,1,18,화
2022-01-18,분당선,매탄권선,4780,4644,9424,136,1,18,화
2022-01-18,분당선,망포,14291,13450,27741,841,1,18,화
2022-01-18,분당선,영통,8199,8193,16392,6,1,18,화
2022-01-18,분당선,청명,4157,4134,8291,23,1,18,화
2022-01-18,분당선,상갈,5324,5093,10417,231,1,18,화
2022-01-18,분당선,기흥,9435,8880,18315,555,1,18,화
2022-01-18,분당선,신갈,4584,4572,9156,12,1,18,화
2022-01-18,분당선,구성,4966,5324,10290,-358,1,18,화
2022-01-18,분당선,죽전,12679,13986,26665,-1307,1,18,화
2022-01-18,분당선,보정,2448,2157,4605,291,1,18,화
2022-01-18,분당선,이매,5470,5332,10802,138,1,18,화
2022-01-18,분당선,오리,11804,9905,21709,1899,1,18,화
2022-01-18,분당선,미금,15694,16504,32198,-810,1,18,화
2022-01-18,분당선,정자,18058,19044,37102,-986,1,18,화
2022-01-18,분당선,수내,13957,13923,27880,34,1,18,화
2022-01-18,분당선,서현,24970,25350,50320,-380,1,18,화
2022-01-18,분당선,야탑,25550,26447,51997,-897,1,18,화
2022-01-18,분당선,모란,19166,19350,38516,-184,1,18,화
2022-01-18,분당선,태평,13328,12986,26314,342,1,18,화
2022-01-18,분당선,가천대,6269,7334,13603,-1065,1,18,화
2022-01-18,분당선,선정릉,8462,9036,17498,-574,1,18,화
2022-01-18,분당선,강남구청,10567,12049,22616,-1482,1,18,화
2022-01-18,분당선,압구정로데오,19616,20916,40532,-1300,1,18,화
2022-01-18,분당선,서울숲,10488,10656,21144,-168,1,18,화
2022-01-18,분당선,수원,7630,6308,13938,1322,1,18,화
2022-01-18,분당선,수서,13294,13591,26885,-297,1,18,화
2022-01-18,분당선,대모산입구,4477,4138,8615,339,1,18,화
2022-01-18,분당선,개포동,3637,3805,7442,-168,1,18,화
2022-01-18,분당선,구룡,1892,1888,3780,4,1,18,화
2022-01-18,분당선,도곡,7025,7008,14033,17,1,18,화
2022-01-18,분당선,한티,15063,16214,31277,-1151,1,18,화
2022-01-18,분당선,선릉,14497,21645,36142,-7148,1,18,화
2022-01-18,과천선,범계,25361,25200,50561,161,1,18,화
2022-01-18,과천선,평촌,18299,18015,36314,284,1,18,화
2022-01-18,과천선,인덕원,24125,25129,49254,-1004,1,18,화
2022-01-18,과천선,정부과천청사,10728,10746,21474,-18,1,18,화
2022-01-18,과천선,과천,6158,5799,11957,359,1,18,화
2022-01-18,과천선,대공원,2126,2222,4348,-96,1,18,화
2022-01-18,과천선,경마공원,1516,1507,3023,9,1,18,화
2022-01-18,과천선,선바위,8005,7077,15082,928,1,18,화
2022-01-18,공항철도 1호선,영종,2784,2731,5515,53,1,18,화
2022-01-18,공항철도 1호선,인천공항2터미널,2143,2035,4178,108,1,18,화
2022-01-18,공항철도 1호선,인천공항1터미널,3664,3626,7290,38,1,18,화
2022-01-18,공항철도 1호선,공항화물청사,2311,2476,4787,-165,1,18,화
2022-01-18,공항철도 1호선,운서,6081,6168,12249,-87,1,18,화
2022-01-18,공항철도 1호선,청라국제도시,6822,6431,13253,391,1,18,화
2022-01-18,공항철도 1호선,검암,6570,6424,12994,146,1,18,화
2022-01-18,공항철도 1호선,계양,10043,9375,19418,668,1,18,화
2022-01-18,공항철도 1호선,김포공항,11053,6644,17697,4409,1,18,화
2022-01-18,경춘선,신내,1911,1822,3733,89,1,18,화
2022-01-18,경인선,도화,4047,3768,7815,279,1,18,화
2022-01-18,경인선,중동,9137,8648,17785,489,1,18,화
2022-01-18,경인선,온수(성공회대입구),6100,5892,11992,208,1,18,화
2022-01-18,경인선,도원,2397,2456,4853,-59,1,18,화
2022-01-18,경인선,간석,5630,5385,11015,245,1,18,화
2022-01-18,경인선,부개,8226,7861,16087,365,1,18,화
2022-01-18,경인선,소사,7809,7890,15699,-81,1,18,화
2022-01-18,경인선,구일,5922,5940,11862,-18,1,18,화
2022-01-18,경인선,인천,2979,2179,5158,800,1,18,화
2022-01-18,경인선,동인천,12628,11929,24557,699,1,18,화
2022-01-18,경인선,제물포,9532,9152,18684,380,1,18,화
2022-01-18,경인선,주안,17384,15849,33233,1535,1,18,화
2022-01-18,경인선,동암,13900,13941,27841,-41,1,18,화
2022-01-18,경의선,서강대,1991,2008,3999,-17,1,18,화
2022-01-18,경의선,공덕,3629,3000,6629,629,1,18,화
2022-01-18,경의선,효창공원앞,2877,3324,6201,-447,1,18,화
2022-01-18,경의선,신촌,814,979,1793,-165,1,18,화
2022-01-18,경의선,서울역,4117,5210,9327,-1093,1,18,화
2022-01-18,경원선,소요산,1932,1671,3603,261,1,18,화
2022-01-18,경원선,동두천,1843,2008,3851,-165,1,18,화
2022-01-18,경원선,보산,1197,1114,2311,83,1,18,화
2022-01-18,경원선,동두천중앙,2821,2750,5571,71,1,18,화
2022-01-18,경원선,지행,5808,5752,11560,56,1,18,화
2022-01-18,경원선,덕정,4905,4752,9657,153,1,18,화
2022-01-18,경원선,덕계,2812,2549,5361,263,1,18,화
2022-01-18,경원선,양주,6900,6539,13439,361,1,18,화
2022-01-18,경원선,녹양,4254,4011,8265,243,1,18,화
2022-01-18,경원선,가능,6152,5988,12140,164,1,18,화
2022-01-18,경원선,의정부,16897,17237,34134,-340,1,18,화
2022-01-18,경원선,회룡,11908,11805,23713,103,1,18,화
2022-01-18,경원선,망월사,7031,7174,14205,-143,1,18,화
2022-01-18,경원선,도봉산,6602,4092,10694,2510,1,18,화
2022-01-18,경원선,도봉,5856,5809,11665,47,1,18,화
2022-01-18,경원선,방학,9177,8998,18175,179,1,18,화
2022-01-18,경원선,녹천,4412,3820,8232,592,1,18,화
2022-01-18,경원선,월계,5854,5651,11505,203,1,18,화
2022-01-18,경원선,광운대,7114,6827,13941,287,1,18,화
2022-01-18,경원선,석계,7538,8657,16195,-1119,1,18,화
2022-01-18,경원선,신이문,8105,7538,15643,567,1,18,화
2022-01-18,경원선,외대앞,6846,6917,13763,-71,1,18,화
2022-01-18,경원선,청량리(서울시립대입구),13585,14111,27696,-526,1,18,화
2022-01-18,경원선,왕십리(성동구청),12873,15331,28204,-2458,1,18,화
2022-01-18,경원선,응봉,1747,1553,3300,194,1,18,화
2022-01-18,경원선,옥수,43,38,81,5,1,18,화
2022-01-18,경원선,한남,3994,3804,7798,190,1,18,화
2022-01-18,경원선,서빙고,1966,1863,3829,103,1,18,화
2022-01-18,경원선,이촌(국립중앙박물관),3513,2738,6251,775,1,18,화
2022-01-18,경부선,광명,3230,2792,6022,438,1,18,화
2022-01-18,경부선,서동탄,1324,1163,2487,161,1,18,화
2022-01-18,경부선,당정,5848,5679,11527,169,1,18,화
2022-01-18,경부선,천안,4061,4246,8307,-185,1,18,화
2022-01-18,경부선,두정,4245,4248,8493,-3,1,18,화
2022-01-18,경부선,직산,679,659,1338,20,1,18,화
2022-01-18,경부선,성환,2659,2699,5358,-40,1,18,화
2022-01-18,경부선,평택,9817,9732,19549,85,1,18,화
2022-01-18,경부선,평택지제,3001,3069,6070,-68,1,18,화
2022-01-18,경부선,서정리,5912,5528,11440,384,1,18,화
2022-01-18,경부선,송탄,3681,3637,7318,44,1,18,화
2022-01-18,경부선,진위,1514,1302,2816,212,1,18,화
2022-01-18,경부선,오산,8930,9076,18006,-146,1,18,화
2022-01-18,경부선,오산대,3131,2870,6001,261,1,18,화
2022-01-18,경부선,세마,2582,2420,5002,162,1,18,화
2022-01-18,경부선,병점,13080,12781,25861,299,1,18,화
2022-01-18,경부선,세류,2807,2580,5387,227,1,18,화
2022-01-18,경부선,독산,18968,20021,38989,-1053,1,18,화
2022-01-18,경부선,수원,29809,31799,61608,-1990,1,18,화
2022-01-18,경부선,화서,7683,7389,15072,294,1,18,화
2022-01-18,경부선,성균관대,13030,12901,25931,129,1,18,화
2022-01-18,경부선,의왕,8720,8704,17424,16,1,18,화
2022-01-18,경부선,군포,7621,7621,15242,0,1,18,화
2022-01-18,경부선,금정,26019,26477,52496,-458,1,18,화
2022-01-18,경부선,명학,8777,8752,17529,25,1,18,화
2022-01-18,경부선,안양,20212,20335,40547,-123,1,18,화
2022-01-18,경부선,관악,6979,6438,13417,541,1,18,화
2022-01-18,경부선,석수,9429,8498,17927,931,1,18,화
2022-01-18,경부선,금천구청,11521,11554,23075,-33,1,18,화
2022-01-18,경부선,가산디지털단지,18576,21677,40253,-3101,1,18,화
2022-01-18,경부선,구로,17844,18180,36024,-336,1,18,화
2022-01-18,경부선,신길,8669,7219,15888,1450,1,18,화
2022-01-18,경부선,신도림,3887,3852,7739,35,1,18,화
2022-01-18,경부선,영등포,34937,35554,70491,-617,1,18,화
2022-01-18,경부선,대방,12831,13256,26087,-425,1,18,화
2022-01-18,경부선,노량진,7997,8159,16156,-162,1,18,화
2022-01-18,경부선,용산,30618,31020,61638,-402,1,18,화
2022-01-18,경부선,남영,8728,9018,17746,-290,1,18,화
2022-01-18,경부선,서울역,5607,1767,7374,3840,1,18,화
2022-01-18,경강선,여주,1788,1769,3557,19,1,18,화
2022-01-18,경강선,세종대왕릉,268,255,523,13,1,18,화
2022-01-18,경강선,부발,1903,1817,3720,86,1,18,화
2022-01-18,경강선,이천,2370,2438,4808,-68,1,18,화
2022-01-18,경강선,신둔도예촌,1294,1218,2512,76,1,18,화
2022-01-18,경강선,곤지암,2105,2068,4173,37,1,18,화
2022-01-18,경강선,초월,3008,2907,5915,101,1,18,화
2022-01-18,경강선,경기광주,7614,7195,14809,419,1,18,화
2022-01-18,경강선,삼동,2374,2244,4618,130,1,18,화
2022-01-18,경강선,이매,1088,886,1974,202,1,18,화
2022-01-18,경강선,판교,4768,4711,9479,57,1,18,화
2022-01-18,9호선2~3단계,중앙보훈병원,11106,9887,20993,1219,1,18,화
2022-01-18,9호선2~3단계,둔촌오륜,991,992,1983,-1,1,18,화
2022-01-18,9호선2~3단계,올림픽공원(한국체대),5690,5630,11320,60,1,18,화
2022-01-18,9호선2~3단계,한성백제,2573,2409,4982,164,1,18,화
2022-01-18,9호선2~3단계,송파나루,5180,5490,10670,-310,1,18,화
2022-01-18,9호선2~3단계,석촌,8357,7425,15782,932,1,18,화
2022-01-18,9호선2~3단계,석촌고분,6319,6239,12558,80,1,18,화
2022-01-18,9호선2~3단계,삼전,6990,6949,13939,41,1,18,화
2022-01-18,9호선2~3단계,종합운동장,4297,4271,8568,26,1,18,화
2022-01-18,9호선2~3단계,봉은사,15916,16415,32331,-499,1,18,화
2022-01-18,9호선2~3단계,삼성중앙,6998,7494,14492,-496,1,18,화
2022-01-18,9호선2~3단계,선정릉,10185,10835,21020,-650,1,18,화
2022-01-18,9호선2~3단계,언주,11215,11536,22751,-321,1,18,화
2022-01-18,9호선,신논현,33303,32801,66104,502,1,18,화
2022-01-18,9호선,사평,3532,3455,6987,77,1,18,화
2022-01-18,9호선,고속터미널,11374,14462,25836,-3088,1,18,화
2022-01-18,9호선,신반포,3134,3192,6326,-58,1,18,화
2022-01-18,9호선,구반포,1502,1543,3045,-41,1,18,화
2022-01-18,9호선,동작(현충원),1778,1411,3189,367,1,18,화
2022-01-18,9호선,흑석(중앙대입구),7626,8004,15630,-378,1,18,화
2022-01-18,9호선,노들,4391,3765,8156,626,1,18,화
2022-01-18,9호선,노량진,26040,25260,51300,780,1,18,화
2022-01-18,9호선,샛강,6111,6426,12537,-315,1,18,화
2022-01-18,9호선,여의도,28823,27451,56274,1372,1,18,화
2022-01-18,9호선,국회의사당,18032,18393,36425,-361,1,18,화
2022-01-18,9호선,당산,18263,18441,36704,-178,1,18,화
2022-01-18,9호선,선유도,9143,8818,17961,325,1,18,화
2022-01-18,9호선,신목동,4154,3685,7839,469,1,18,화
2022-01-18,9호선,염창,17322,16835,34157,487,1,18,화
2022-01-18,9호선,등촌,11607,11490,23097,117,1,18,화
2022-01-18,9호선,증미,7595,7638,15233,-43,1,18,화
2022-01-18,9호선,가양,20143,19761,39904,382,1,18,화
2022-01-18,9호선,양천향교,9704,9950,19654,-246,1,18,화
2022-01-18,9호선,마곡나루(서울식물원),12112,12073,24185,39,1,18,화
2022-01-18,9호선,신방화,6647,6575,13222,72,1,18,화
2022-01-18,9호선,공항시장,2895,3187,6082,-292,1,18,화
2022-01-18,9호선,김포공항,7106,10973,18079,-3867,1,18,화
2022-01-18,9호선,개화,2423,1718,4141,705,1,18,화
2022-01-18,8호선,남위례,3762,4089,7851,-327,1,18,화
2022-01-18,8호선,모란,4146,3171,7317,975,1,18,화
2022-01-18,8호선,수진,5032,4668,9700,364,1,18,화
2022-01-18,8호선,신흥,4010,4350,8360,-340,1,18,화
2022-01-18,8호선,단대오거리,10256,10201,20457,55,1,18,화
2022-01-18,8호선,남한산성입구(성남법원.검찰청),13344,12233,25577,1111,1,18,화
2022-01-18,8호선,산성,5247,5134,10381,113,1,18,화
2022-01-18,8호선,복정,9496,8023,17519,1473,1,18,화
2022-01-18,8호선,장지,17201,16776,33977,425,1,18,화
2022-01-18,8호선,문정,23357,24681,48038,-1324,1,18,화
2022-01-18,8호선,가락시장,7818,8589,16407,-771,1,18,화
2022-01-18,8호선,송파,7428,7543,14971,-115,1,18,화
2022-01-18,8호선,잠실(송파구청),13861,16140,30001,-2279,1,18,화
2022-01-18,8호선,몽촌토성(평화의문),5998,5984,11982,14,1,18,화
2022-01-18,8호선,강동구청,10708,11187,21895,-479,1,18,화
2022-01-18,8호선,천호(풍납토성),14766,16755,31521,-1989,1,18,화
2022-01-18,8호선,암사,19027,16957,35984,2070,1,18,화
2022-01-18,7호선,부평구청,2,0,2,2,1,18,화
2022-01-18,7호선,삼산체육관,1,0,1,1,1,18,화
2022-01-18,7호선,상동,1,0,1,1,1,18,화
2022-01-18,7호선,춘의,1,0,1,1,1,18,화
2022-01-18,7호선,까치울,1,0,1,1,1,18,화
2022-01-18,7호선,온수(성공회대입구),9918,9100,19018,818,1,18,화
2022-01-18,7호선,천왕,11365,10835,22200,530,1,18,화
2022-01-18,7호선,광명사거리,21718,21318,43036,400,1,18,화
2022-01-18,7호선,철산,20736,21196,41932,-460,1,18,화
2022-01-18,7호선,가산디지털단지,48163,48232,96395,-69,1,18,화
2022-01-18,7호선,남구로,16288,17195,33483,-907,1,18,화
2022-01-18,7호선,대림(구로구청),7596,7603,15199,-7,1,18,화
2022-01-18,7호선,신풍,11423,10933,22356,490,1,18,화
2022-01-18,7호선,보라매,9695,9732,19427,-37,1,18,화
2022-01-18,7호선,신대방삼거리,16567,15922,32489,645,1,18,화
2022-01-18,7호선,장승배기,8835,8816,17651,19,1,18,화
2022-01-18,7호선,상도,10494,10311,20805,183,1,18,화
2022-01-18,7호선,숭실대입구(살피재),11383,11548,22931,-165,1,18,화
2022-01-18,7호선,남성,10964,10216,21180,748,1,18,화
2022-01-18,7호선,이수,15593,15242,30835,351,1,18,화
2022-01-18,7호선,내방,14832,15214,30046,-382,1,18,화
2022-01-18,7호선,고속터미널,15215,13108,28323,2107,1,18,화
2022-01-18,7호선,반포,5686,5432,11118,254,1,18,화
2022-01-18,7호선,논현,21222,23085,44307,-1863,1,18,화
2022-01-18,7호선,학동,25531,27034,52565,-1503,1,18,화
2022-01-18,7호선,강남구청,17095,18614,35709,-1519,1,18,화
2022-01-18,7호선,청담,19753,22046,41799,-2293,1,18,화
2022-01-18,7호선,뚝섬유원지,6978,6949,13927,29,1,18,화
2022-01-18,7호선,건대입구,12048,12365,24413,-317,1,18,화
2022-01-18,7호선,어린이대공원(세종대),11960,11714,23674,246,1,18,화
2022-01-18,7호선,군자(능동),14931,12190,27121,2741,1,18,화
2022-01-18,7호선,중곡,10748,10192,20940,556,1,18,화
2022-01-18,7호선,용마산(용마폭포공원),5917,5843,11760,74,1,18,화
2022-01-18,7호선,사가정,15822,15836,31658,-14,1,18,화
2022-01-18,7호선,면목,14954,14706,29660,248,1,18,화
2022-01-18,7호선,상봉(시외버스터미널),16540,15467,32007,1073,1,18,화
2022-01-18,7호선,중화,10695,10592,21287,103,1,18,화
2022-01-18,7호선,먹골,9968,9956,19924,12,1,18,화
2022-01-18,7호선,태릉입구,8175,7636,15811,539,1,18,화
2022-01-18,7호선,공릉(서울과학기술대),11007,11078,22085,-71,1,18,화
2022-01-18,7호선,하계,17330,16136,33466,1194,1,18,화
2022-01-18,7호선,중계,13750,12719,26469,1031,1,18,화
2022-01-18,7호선,노원,19956,20397,40353,-441,1,18,화
2022-01-18,7호선,마들,12436,12107,24543,329,1,18,화
2022-01-18,7호선,수락산,12230,11984,24214,246,1,18,화
2022-01-18,7호선,도봉산,8764,9985,18749,-1221,1,18,화
2022-01-18,7호선,장암,2117,748,2865,1369,1,18,화
2022-01-18,6호선,신내,1,0,1,1,1,18,화
2022-01-18,6호선,봉화산(서울의료원),8986,8361,17347,625,1,18,화
2022-01-18,6호선,화랑대(서울여대입구),11474,9069,20543,2405,1,18,화
2022-01-18,6호선,태릉입구,5195,5711,10906,-516,1,18,화
2022-01-18,6호선,석계,11911,12361,24272,-450,1,18,화
2022-01-18,6호선,돌곶이,9157,8627,17784,530,1,18,화
2022-01-18,6호선,상월곡(한국과학기술연구원),6078,5486,11564,592,1,18,화
2022-01-18,6호선,월곡(동덕여대),11150,11147,22297,3,1,18,화
2022-01-18,6호선,고려대(종암),7587,7359,14946,228,1,18,화
2022-01-18,6호선,안암(고대병원앞),9716,9665,19381,51,1,18,화
2022-01-18,6호선,보문,6909,6505,13414,404,1,18,화
2022-01-18,6호선,창신,3521,3037,6558,484,1,18,화
2022-01-18,6호선,동묘앞,7376,7607,14983,-231,1,18,화
2022-01-18,6호선,신당,7831,8295,16126,-464,1,18,화
2022-01-18,6호선,청구,3773,4065,7838,-292,1,18,화
2022-01-18,6호선,약수,3469,3443,6912,26,1,18,화
2022-01-18,6호선,버티고개,1907,2058,3965,-151,1,18,화
2022-01-18,6호선,한강진,7669,8754,16423,-1085,1,18,화
2022-01-18,6호선,이태원,8625,8440,17065,185,1,18,화
2022-01-18,6호선,녹사평(용산구청),4305,4207,8512,98,1,18,화
2022-01-18,6호선,삼각지,6111,5544,11655,567,1,18,화
2022-01-18,6호선,효창공원앞,6912,6246,13158,666,1,18,화
2022-01-18,6호선,공덕,18616,17756,36372,860,1,18,화
2022-01-18,6호선,대흥(서강대앞),7932,8215,16147,-283,1,18,화
2022-01-18,6호선,광흥창(서강),9125,9038,18163,87,1,18,화
2022-01-18,6호선,상수,8113,8760,16873,-647,1,18,화
2022-01-18,6호선,합정,12434,12057,24491,377,1,18,화
2022-01-18,6호선,망원,13560,14731,28291,-1171,1,18,화
2022-01-18,6호선,마포구청,14396,13244,27640,1152,1,18,화
2022-01-18,6호선,월드컵경기장(성산),3681,3843,7524,-162,1,18,화
2022-01-18,6호선,디지털미디어시티,13681,15176,28857,-1495,1,18,화
2022-01-18,6호선,증산(명지대앞),9842,10012,19854,-170,1,18,화
2022-01-18,6호선,새절(신사),12406,11653,24059,753,1,18,화
2022-01-18,6호선,구산,7366,5576,12942,1790,1,18,화
2022-01-18,6호선,독바위,2689,2793,5482,-104,1,18,화
2022-01-18,6호선,불광,3988,3962,7950,26,1,18,화
2022-01-18,6호선,역촌,3773,4437,8210,-664,1,18,화
2022-01-18,6호선,응암,17199,17343,34542,-144,1,18,화
2022-01-18,5호선,하남검단산,5294,5086,10380,208,1,18,화
2022-01-18,5호선,하남시청(덕풍·신장),6099,6044,12143,55,1,18,화
2022-01-18,5호선,하남풍산,4206,4236,8442,-30,1,18,화
2022-01-18,5호선,미사,15862,15659,31521,203,1,18,화
2022-01-18,5호선,강일,3828,3746,7574,82,1,18,화
2022-01-18,5호선,마천,6727,6671,13398,56,1,18,화
2022-01-18,5호선,거여,9271,8832,18103,439,1,18,화
2022-01-18,5호선,개롱,6315,6793,13108,-478,1,18,화
2022-01-18,5호선,오금,3719,3796,7515,-77,1,18,화
2022-01-18,5호선,방이,7294,7467,14761,-173,1,18,화
2022-01-18,5호선,올림픽공원(한국체대),4068,3458,7526,610,1,18,화
2022-01-18,5호선,둔촌동,8699,8705,17404,-6,1,18,화
2022-01-18,5호선,상일동,15441,14160,29601,1281,1,18,화
2022-01-18,5호선,고덕,9165,9392,18557,-227,1,18,화
2022-01-18,5호선,명일,8375,8798,17173,-423,1,18,화
2022-01-18,5호선,굽은다리(강동구민회관앞),9521,9025,18546,496,1,18,화
2022-01-18,5호선,길동,8083,8586,16669,-503,1,18,화
2022-01-18,5호선,강동,18793,17811,36604,982,1,18,화
2022-01-18,5호선,천호(풍납토성),17343,17257,34600,86,1,18,화
2022-01-18,5호선,광나루(장신대),12844,11551,24395,1293,1,18,화
2022-01-18,5호선,아차산(어린이대공원후문),13844,13292,27136,552,1,18,화
2022-01-18,5호선,군자(능동),11102,12230,23332,-1128,1,18,화
2022-01-18,5호선,장한평,18680,18624,37304,56,1,18,화
2022-01-18,5호선,답십리,16083,14802,30885,1281,1,18,화
2022-01-18,5호선,마장,5681,5387,11068,294,1,18,화
2022-01-18,5호선,왕십리(성동구청),4528,4996,9524,-468,1,18,화
2022-01-18,5호선,행당,8004,7351,15355,653,1,18,화
2022-01-18,5호선,신금호,6203,6503,12706,-300,1,18,화
2022-01-18,5호선,청구,4051,3648,7699,403,1,18,화
2022-01-18,5호선,동대문역사문화공원(DDP),3188,3620,6808,-432,1,18,화
2022-01-18,5호선,을지로4가,6295,6328,12623,-33,1,18,화
2022-01-18,5호선,종로3가,12153,11981,24134,172,1,18,화
2022-01-18,5호선,광화문(세종문화회관),29862,30891,60753,-1029,1,18,화
2022-01-18,5호선,서대문,19692,20050,39742,-358,1,18,화
2022-01-18,5호선,충정로(경기대입구),4912,4997,9909,-85,1,18,화
2022-01-18,5호선,애오개,6846,6865,13711,-19,1,18,화
2022-01-18,5호선,공덕,14269,15155,29424,-886,1,18,화
2022-01-18,5호선,마포,14955,15365,30320,-410,1,18,화
2022-01-18,5호선,여의나루,8494,9553,18047,-1059,1,18,화
2022-01-18,5호선,여의도,30621,31658,62279,-1037,1,18,화
2022-01-18,5호선,신길,4162,4509,8671,-347,1,18,화
2022-01-18,5호선,영등포시장,10139,10585,20724,-446,1,18,화
2022-01-18,5호선,영등포구청,3983,4110,8093,-127,1,18,화
2022-01-18,5호선,양평,7758,7875,15633,-117,1,18,화
2022-01-18,5호선,오목교(목동운동장앞),21981,23373,45354,-1392,1,18,화
2022-01-18,5호선,목동,17031,18436,35467,-1405,1,18,화
2022-01-18,5호선,신정(은행정),13855,11245,25100,2610,1,18,화
2022-01-18,5호선,까치산,28503,27503,56006,1000,1,18,화
2022-01-18,5호선,화곡,27768,26337,54105,1431,1,18,화
2022-01-18,5호선,우장산,14004,13884,27888,120,1,18,화
2022-01-18,5호선,발산,20843,20997,41840,-154,1,18,화
2022-01-18,5호선,마곡,11390,11219,22609,171,1,18,화
2022-01-18,5호선,송정,6499,6064,12563,435,1,18,화
2022-01-18,5호선,김포공항,7175,6969,14144,206,1,18,화
2022-01-18,5호선,개화산,5467,5316,10783,151,1,18,화
2022-01-18,5호선,방화,6457,6172,12629,285,1,18,화
2022-01-18,4호선,쌍문,28665,26751,55416,1914,1,18,화
2022-01-18,4호선,창동,24713,25885,50598,-1172,1,18,화
2022-01-18,4호선,노원,18190,20371,38561,-2181,1,18,화
2022-01-18,4호선,상계,18490,17349,35839,1141,1,18,화
2022-01-18,4호선,당고개,12259,11052,23311,1207,1,18,화
2022-01-18,4호선,남태령,1090,1010,2100,80,1,18,화
2022-01-18,4호선,사당,24205,19798,44003,4407,1,18,화
2022-01-18,4호선,총신대입구(이수),18203,19894,38097,-1691,1,18,화
2022-01-18,4호선,동작(현충원),1145,1357,2502,-212,1,18,화
2022-01-18,4호선,이촌(국립중앙박물관),7199,7981,15180,-782,1,18,화
2022-01-18,4호선,신용산,16356,17304,33660,-948,1,18,화
2022-01-18,4호선,삼각지,4983,5405,10388,-422,1,18,화
2022-01-18,4호선,숙대입구(갈월),12267,12115,24382,152,1,18,화
2022-01-18,4호선,서울역,11233,15830,27063,-4597,1,18,화
2022-01-18,4호선,회현(남대문시장),23663,24966,48629,-1303,1,18,화
2022-01-18,4호선,명동,17462,17960,35422,-498,1,18,화
2022-01-18,4호선,충무로,25827,26654,52481,-827,1,18,화
2022-01-18,4호선,동대문역사문화공원(DDP),14127,12935,27062,1192,1,18,화
2022-01-18,4호선,동대문,18825,19319,38144,-494,1,18,화
2022-01-18,4호선,혜화,31140,30984,62124,156,1,18,화
2022-01-18,4호선,한성대입구(삼선교),13441,13012,26453,429,1,18,화
2022-01-18,4호선,성신여대입구(돈암),19065,18471,37536,594,1,18,화
2022-01-18,4호선,길음,19839,19667,39506,172,1,18,화
2022-01-18,4호선,미아사거리,26280,25734,52014,546,1,18,화
2022-01-18,4호선,미아(서울사이버대학),13943,13711,27654,232,1,18,화
2022-01-18,4호선,수유(강북구청),32400,32494,64894,-94,1,18,화
2022-01-18,3호선,오금,6323,5575,11898,748,1,18,화
2022-01-18,3호선,경찰병원,7601,7641,15242,-40,1,18,화
2022-01-18,3호선,가락시장,9218,8936,18154,282,1,18,화
2022-01-18,3호선,수서,16693,17083,33776,-390,1,18,화
2022-01-18,3호선,일원,10181,9827,20008,354,1,18,화
2022-01-18,3호선,대청,9900,9223,19123,677,1,18,화
2022-01-18,3호선,학여울,1773,1825,3598,-52,1,18,화
2022-01-18,3호선,대치,11970,11824,23794,146,1,18,화
2022-01-18,3호선,도곡,5383,5394,10777,-11,1,18,화
2022-01-18,3호선,매봉,12939,12542,25481,397,1,18,화
2022-01-18,3호선,양재(서초구청),39728,43028,82756,-3300,1,18,화
2022-01-18,3호선,남부터미널(예술의전당),29227,29974,59201,-747,1,18,화
2022-01-18,3호선,교대(법원.검찰청),14714,9545,24259,5169,1,18,화
2022-01-18,3호선,고속터미널,37143,35608,72751,1535,1,18,화
2022-01-18,3호선,잠원,4751,4668,9419,83,1,18,화
2022-01-18,3호선,신사,32380,33445,65825,-1065,1,18,화
2022-01-18,3호선,압구정,33278,35316,68594,-2038,1,18,화
2022-01-18,3호선,옥수,8727,9176,17903,-449,1,18,화
2022-01-18,3호선,금호,7986,7547,15533,439,1,18,화
2022-01-18,3호선,약수,12544,12164,24708,380,1,18,화
2022-01-18,3호선,동대입구,6877,7194,14071,-317,1,18,화
2022-01-18,3호선,을지로3가,10799,10936,21735,-137,1,18,화
2022-01-18,3호선,종로3가,10324,11416,21740,-1092,1,18,화
2022-01-18,3호선,안국,19326,19811,39137,-485,1,18,화
2022-01-18,3호선,경복궁(정부서울청사),18688,18316,37004,372,1,18,화
2022-01-18,3호선,독립문,6527,6694,13221,-167,1,18,화
2022-01-18,3호선,무악재,3864,3991,7855,-127,1,18,화
2022-01-18,3호선,홍제,16574,15904,32478,670,1,18,화
2022-01-18,3호선,녹번,15193,13951,29144,1242,1,18,화
2022-01-18,3호선,불광,15545,16224,31769,-679,1,18,화
2022-01-18,3호선,연신내,34840,33245,68085,1595,1,18,화
2022-01-18,3호선,구파발,20127,18929,39056,1198,1,18,화
2022-01-18,3호선,지축,4360,4266,8626,94,1,18,화
2022-01-18,2호선,용두(동대문구청),2349,2404,4753,-55,1,18,화
2022-01-18,2호선,신정네거리,10205,10591,20796,-386,1,18,화
2022-01-18,2호선,양천구청,6974,7320,14294,-346,1,18,화
2022-01-18,2호선,도림천,1473,1600,3073,-127,1,18,화
2022-01-18,2호선,신설동,3107,3241,6348,-134,1,18,화
2022-01-18,2호선,신답,1654,1946,3600,-292,1,18,화
2022-01-18,2호선,용답,2569,2585,5154,-16,1,18,화
2022-01-18,2호선,충정로(경기대입구),9857,10302,20159,-445,1,18,화
2022-01-18,2호선,아현,9723,9511,19234,212,1,18,화
2022-01-18,2호선,이대,12524,13144,25668,-620,1,18,화
2022-01-18,2호선,신촌,31556,32290,63846,-734,1,18,화
2022-01-18,2호선,홍대입구,51102,52065,103167,-963,1,18,화
2022-01-18,2호선,합정,29976,30890,60866,-914,1,18,화
2022-01-18,2호선,당산,18089,20852,38941,-2763,1,18,화
2022-01-18,2호선,영등포구청,23506,24332,47838,-826,1,18,화
2022-01-18,2호선,문래,21682,22147,43829,-465,1,18,화
2022-01-18,2호선,신도림,46099,45475,91574,624,1,18,화
2022-01-18,2호선,대림(구로구청),23459,24048,47507,-589,1,18,화
2022-01-18,2호선,구로디지털단지,60453,60605,121058,-152,1,18,화
2022-01-18,2호선,신대방,25837,25414,51251,423,1,18,화
2022-01-18,2호선,신림,62161,60911,123072,1250,1,18,화
2022-01-18,2호선,봉천,23526,22135,45661,1391,1,18,화
2022-01-18,2호선,서울대입구(관악구청),46123,45611,91734,512,1,18,화
2022-01-18,2호선,낙성대(강감찬),26627,25955,52582,672,1,18,화
2022-01-18,2호선,사당,35643,38624,74267,-2981,1,18,화
2022-01-18,2호선,방배,16207,17181,33388,-974,1,18,화
2022-01-18,2호선,서초,22140,21453,43593,687,1,18,화
2022-01-18,2호선,교대(법원.검찰청),35021,39443,74464,-4422,1,18,화
2022-01-18,2호선,강남,89782,87751,177533,2031,1,18,화
2022-01-18,2호선,역삼,56528,62263,118791,-5735,1,18,화
2022-01-18,2호선,선릉,59315,52714,112029,6601,1,18,화
2022-01-18,2호선,삼성(무역센터),53289,53589,106878,-300,1,18,화
2022-01-18,2호선,종합운동장,6920,7489,14409,-569,1,18,화
2022-01-18,2호선,잠실새내,21149,20924,42073,225,1,18,화
2022-01-18,2호선,잠실(송파구청),67048,66552,133600,496,1,18,화
2022-01-18,2호선,잠실나루,14619,14153,28772,466,1,18,화
2022-01-18,우이신설선,삼양사거리,2395,2383,4778,12,1,18,화
2022-01-18,2호선,강변(동서울터미널),28947,27600,56547,1347,1,18,화
2022-01-18,2호선,구의(광진구청),23893,23735,47628,158,1,18,화
2022-01-18,2호선,건대입구,33338,35426,68764,-2088,1,18,화
2022-01-18,2호선,성수,38592,41346,79938,-2754,1,18,화
2022-01-18,2호선,뚝섬,22072,23824,45896,-1752,1,18,화
2022-01-18,2호선,한양대,7083,7250,14333,-167,1,18,화
2022-01-18,2호선,왕십리(성동구청),15150,12317,27467,2833,1,18,화
2022-01-18,2호선,상왕십리,14106,13867,27973,239,1,18,화
2022-01-18,2호선,신당,13142,13481,26623,-339,1,18,화
2022-01-18,2호선,동대문역사문화공원(DDP),10984,12066,23050,-1082,1,18,화
2022-01-18,2호선,을지로4가,13109,12858,25967,251,1,18,화
2022-01-18,2호선,을지로3가,22623,22339,44962,284,1,18,화
2022-01-18,2호선,을지로입구,39518,40395,79913,-877,1,18,화
2022-01-18,1호선,청량리(서울시립대입구),19069,19169,38238,-100,1,18,화
2022-01-18,1호선,제기동,17059,17386,34445,-327,1,18,화
2022-01-18,1호선,신설동,13254,12908,26162,346,1,18,화
2022-01-18,1호선,동대문,10026,9379,19405,647,1,18,화
2022-01-18,1호선,종로5가,21331,21065,42396,266,1,18,화
2022-01-18,1호선,종로3가,23936,21806,45742,2130,1,18,화
2022-01-18,1호선,종각,34898,33710,68608,1188,1,18,화
2022-01-18,1호선,시청,22017,22175,44192,-158,1,18,화
2022-01-18,1호선,동묘앞,6886,7125,14011,-239,1,18,화
2022-01-18,1호선,서울역,41563,39218,80781,2345,1,18,화
2022-01-18,8호선,석촌,7834,9000,16834,-1166,1,18,화
2022-01-18,2호선,시청,24222,23215,47437,1007,1,18,화
2022-01-18,중앙선,지평,52,46,98,6,1,18,화
2022-01-18,중앙선,용문,1394,1378,2772,16,1,18,화
2022-01-18,중앙선,원덕,316,283,599,33,1,18,화
2022-01-18,중앙선,양평,3093,3115,6208,-22,1,18,화
2022-01-18,중앙선,오빈,266,262,528,4,1,18,화
2022-01-18,중앙선,아신,448,486,934,-38,1,18,화
2022-01-18,중앙선,국수,567,576,1143,-9,1,18,화
2022-01-18,중앙선,신원,158,134,292,24,1,18,화
2022-01-18,중앙선,양수,1498,1470,2968,28,1,18,화
2022-01-18,중앙선,운길산,484,417,901,67,1,18,화
2022-01-18,중앙선,팔당,731,728,1459,3,1,18,화
2022-01-18,중앙선,도심,2241,1807,4048,434,1,18,화
2022-01-18,중앙선,덕소,5374,5303,10677,71,1,18,화
2022-01-18,우이신설선,삼양,1943,2139,4082,-196,1,18,화
2022-01-18,우이신설선,화계,3290,3114,6404,176,1,18,화
2022-01-18,우이신설선,가오리,3979,4029,8008,-50,1,18,화
2022-01-18,우이신설선,4.19민주묘지,2565,2530,5095,35,1,18,화
2022-01-18,우이신설선,솔밭공원,2360,2308,4668,52,1,18,화
2022-01-18,우이신설선,북한산우이,2251,1958,4209,293,1,18,화
2022-01-18,안산선,수리산,4000,3283,7283,717,1,18,화
2022-01-18,안산선,오이도,7744,7409,15153,335,1,18,화
2022-01-18,안산선,정왕,7170,7685,14855,-515,1,18,화
2022-01-18,안산선,신길온천,1544,1455,2999,89,1,18,화
2022-01-18,안산선,안산,11074,9878,20952,1196,1,18,화
2022-01-18,안산선,초지,4340,4388,8728,-48,1,18,화
2022-01-18,안산선,고잔,8626,7999,16625,627,1,18,화
2022-01-18,안산선,중앙,16625,17289,33914,-664,1,18,화
2022-01-18,안산선,한대앞,8233,8341,16574,-108,1,18,화
2022-01-18,안산선,상록수,14663,15046,29709,-383,1,18,화
2022-01-18,안산선,반월,3939,3753,7692,186,1,18,화
2022-01-18,우이신설선,솔샘,5874,5537,11411,337,1,18,화
2022-01-18,공항철도 1호선,마곡나루(서울식물원),9042,8727,17769,315,1,18,화
2022-01-18,공항철도 1호선,디지털미디어시티,14492,13173,27665,1319,1,18,화
2022-01-18,공항철도 1호선,홍대입구,9005,9218,18223,-213,1,18,화
2022-01-18,공항철도 1호선,공덕,2300,2923,5223,-623,1,18,화
2022-01-18,공항철도 1호선,서울역,7128,6552,13680,576,1,18,화
2022-01-18,경춘선,마석,3677,3640,7317,37,1,18,화
2022-01-18,경춘선,천마산,1535,1475,3010,60,1,18,화
2022-01-18,경춘선,평내호평,5805,5578,11383,227,1,18,화
2022-01-18,경춘선,금곡,1378,1314,2692,64,1,18,화
2022-01-18,경춘선,사릉,2998,2864,5862,134,1,18,화
2022-01-18,경춘선,퇴계원,3440,3219,6659,221,1,18,화
2022-01-18,경춘선,별내,3309,3040,6349,269,1,18,화
2022-01-18,경춘선,갈매,2899,2585,5484,314,1,18,화
2022-01-18,경춘선,춘천,1011,878,1889,133,1,18,화
2022-01-18,경춘선,남춘천,1872,1963,3835,-91,1,18,화
2022-01-18,경춘선,김유정,233,226,459,7,1,18,화
2022-01-18,경춘선,강촌,261,267,528,-6,1,18,화
2022-01-18,경춘선,백양리,337,275,612,62,1,18,화
2022-01-18,경춘선,굴봉산,115,89,204,26,1,18,화
2022-01-18,경춘선,가평,1396,1354,2750,42,1,18,화
2022-01-18,경춘선,상천,194,181,375,13,1,18,화
2022-01-18,경춘선,청평,1278,1283,2561,-5,1,18,화
2022-01-18,경춘선,대성리,409,336,745,73,1,18,화
2022-01-18,경의선,수색,2732,2877,5609,-145,1,18,화
2022-01-18,경의선,디지털미디어시티,2429,2208,4637,221,1,18,화
2022-01-18,경의선,가좌,5198,5030,10228,168,1,18,화
2022-01-18,경의선,홍대입구,1575,1750,3325,-175,1,18,화
2022-01-18,경인선,백운,6642,6522,13164,120,1,18,화
2022-01-18,경인선,부평,27578,28863,56441,-1285,1,18,화
2022-01-18,경인선,송내,26070,26050,52120,20,1,18,화
2022-01-18,경인선,부천,30499,30349,60848,150,1,18,화
2022-01-18,경인선,역곡,25790,25574,51364,216,1,18,화
2022-01-18,경인선,오류동,11204,10740,21944,464,1,18,화
2022-01-18,경인선,개봉,20988,20911,41899,77,1,18,화
2022-01-18,경의선,임진강,12,7,19,5,1,18,화
2022-01-18,경의선,문산,4641,4548,9189,93,1,18,화
2022-01-18,경의선,파주,959,692,1651,267,1,18,화
2022-01-18,경의선,월롱,2323,2216,4539,107,1,18,화
2022-01-18,경의선,금촌,5890,5808,11698,82,1,18,화
2022-01-18,경의선,금릉,4526,4351,8877,175,1,18,화
2022-01-18,경의선,운정,6785,6416,13201,369,1,18,화
2022-01-18,경의선,야당,7280,7027,14307,253,1,18,화
2022-01-18,경의선,탄현,7612,7374,14986,238,1,18,화
2022-01-18,경의선,일산,9657,9605,19262,52,1,18,화
2022-01-18,경의선,풍산,5327,5007,10334,320,1,18,화
2022-01-18,경의선,백마,6822,6542,13364,280,1,18,화
2022-01-18,경의선,곡산,525,548,1073,-23,1,18,화
2022-01-18,경의선,능곡,3562,3347,6909,215,1,18,화
2022-01-18,경의선,행신,7678,7725,15403,-47,1,18,화
2022-01-18,경의선,강매,3099,2700,5799,399,1,18,화
2022-01-18,경의선,화전,1387,1284,2671,103,1,18,화
2022-01-18,중앙선,양정,642,567,1209,75,1,18,화
2022-01-18,중앙선,도농,10263,9362,19625,901,1,18,화
2022-01-18,중앙선,구리,13032,13143,26175,-111,1,18,화
2022-01-18,중앙선,양원,1957,1870,3827,87,1,18,화
2022-01-18,중앙선,망우,7165,7139,14304,26,1,18,화
2022-01-18,중앙선,상봉(시외버스터미널),5529,5559,11088,-30,1,18,화
2022-01-18,중앙선,중랑,5312,5073,10385,239,1,18,화
2022-01-18,중앙선,회기,22699,22125,44824,574,1,18,화
2022-01-18,장항선,신창(순천향대),773,830,1603,-57,1,18,화
2022-01-18,장항선,온양온천,3035,3068,6103,-33,1,18,화
2022-01-18,장항선,배방,824,797,1621,27,1,18,화
2022-01-18,장항선,탕정,379,350,729,29,1,18,화
2022-01-19,분당선,서현,26627,26697,53324,-70,1,19,수
2022-01-19,2호선,구로디지털단지,61216,61080,122296,136,1,19,수
2022-01-19,2호선,신대방,25734,25379,51113,355,1,19,수
2022-01-19,2호선,신림,62548,62373,124921,175,1,19,수
2022-01-19,2호선,봉천,23578,22441,46019,1137,1,19,수
2022-01-19,2호선,서울대입구(관악구청),47447,47107,94554,340,1,19,수
2022-01-19,2호선,낙성대(강감찬),26970,26458,53428,512,1,19,수
2022-01-19,2호선,사당,36668,39637,76305,-2969,1,19,수
2022-01-19,2호선,방배,16914,17669,34583,-755,1,19,수
2022-01-19,2호선,서초,23061,22260,45321,801,1,19,수
2022-01-19,2호선,교대(법원.검찰청),36189,40801,76990,-4612,1,19,수
2022-01-19,2호선,강남,90594,87403,177997,3191,1,19,수
2022-01-19,2호선,역삼,58313,63147,121460,-4834,1,19,수
2022-01-19,2호선,선릉,60485,53015,113500,7470,1,19,수
2022-01-19,2호선,삼성(무역센터),56330,55876,112206,454,1,19,수
2022-01-19,2호선,종합운동장,7115,7694,14809,-579,1,19,수
2022-01-19,2호선,잠실새내,22025,21918,43943,107,1,19,수
2022-01-19,2호선,잠실(송파구청),69130,68694,137824,436,1,19,수
2022-01-19,2호선,잠실나루,15639,14956,30595,683,1,19,수
2022-01-19,2호선,강변(동서울터미널),29387,27886,57273,1501,1,19,수
2022-01-19,2호선,구의(광진구청),24245,24253,48498,-8,1,19,수
2022-01-19,2호선,건대입구,33779,35685,69464,-1906,1,19,수
2022-01-19,2호선,성수,40186,42157,82343,-1971,1,19,수
2022-01-19,2호선,뚝섬,22803,24211,47014,-1408,1,19,수
2022-01-19,2호선,한양대,7195,7433,14628,-238,1,19,수
2022-01-19,2호선,왕십리(성동구청),15848,12864,28712,2984,1,19,수
2022-01-19,2호선,상왕십리,14684,14348,29032,336,1,19,수
2022-01-19,2호선,신당,13569,14258,27827,-689,1,19,수
2022-01-19,2호선,동대문역사문화공원(DDP),11433,12599,24032,-1166,1,19,수
2022-01-19,2호선,을지로4가,13285,12794,26079,491,1,19,수
2022-01-19,2호선,을지로3가,23900,23256,47156,644,1,19,수
2022-01-19,2호선,을지로입구,40437,40534,80971,-97,1,19,수
2022-01-19,2호선,시청,25606,24139,49745,1467,1,19,수
2022-01-19,1호선,청량리(서울시립대입구),17724,18086,35810,-362,1,19,수
2022-01-19,1호선,제기동,15643,15705,31348,-62,1,19,수
2022-01-19,1호선,신설동,13758,13386,27144,372,1,19,수
2022-01-19,1호선,동대문,10185,9373,19558,812,1,19,수
2022-01-19,1호선,종로5가,21523,20787,42310,736,1,19,수
2022-01-19,1호선,종로3가,23900,21803,45703,2097,1,19,수
2022-01-19,1호선,종각,36458,34681,71139,1777,1,19,수
2022-01-19,1호선,시청,22757,22640,45397,117,1,19,수
2022-01-19,1호선,동묘앞,5813,6394,12207,-581,1,19,수
2022-01-19,1호선,서울역,43713,40739,84452,2974,1,19,수
2022-01-19,중앙선,용문,1428,1470,2898,-42,1,19,수
2022-01-19,7호선,까치울,2,0,2,2,1,19,수
2022-01-19,중앙선,지평,62,53,115,9,1,19,수
2022-01-19,중앙선,원덕,262,261,523,1,1,19,수
2022-01-19,중앙선,양평,2347,2312,4659,35,1,19,수
2022-01-19,중앙선,오빈,265,229,494,36,1,19,수
2022-01-19,중앙선,아신,443,462,905,-19,1,19,수
2022-01-19,중앙선,국수,565,558,1123,7,1,19,수
2022-01-19,중앙선,신원,136,140,276,-4,1,19,수
2022-01-19,중앙선,양수,1555,1524,3079,31,1,19,수
2022-01-19,중앙선,운길산,573,555,1128,18,1,19,수
2022-01-19,중앙선,팔당,752,816,1568,-64,1,19,수
2022-01-19,중앙선,도심,2323,1789,4112,534,1,19,수
2022-01-19,중앙선,덕소,5444,5410,10854,34,1,19,수
2022-01-19,중앙선,양정,686,561,1247,125,1,19,수
2022-01-19,중앙선,도농,10463,9739,20202,724,1,19,수
2022-01-19,중앙선,구리,13419,13728,27147,-309,1,19,수
2022-01-19,중앙선,양원,1971,1982,3953,-11,1,19,수
2022-01-19,중앙선,망우,7408,7357,14765,51,1,19,수
2022-01-19,중앙선,상봉(시외버스터미널),5560,5559,11119,1,1,19,수
2022-01-19,중앙선,중랑,5405,5214,10619,191,1,19,수
2022-01-19,중앙선,회기,23126,22696,45822,430,1,19,수
2022-01-19,장항선,신창(순천향대),826,813,1639,13,1,19,수
2022-01-19,장항선,온양온천,3793,3830,7623,-37,1,19,수
2022-01-19,장항선,배방,851,839,1690,12,1,19,수
2022-01-19,장항선,탕정,410,388,798,22,1,19,수
2022-01-19,장항선,아산,2515,2172,4687,343,1,19,수
2022-01-19,장항선,쌍용(나사렛대),1705,1654,3359,51,1,19,수
2022-01-19,장항선,봉명,1160,1123,2283,37,1,19,수
2022-01-19,일산선,대화,12586,10251,22837,2335,1,19,수
2022-01-19,일산선,주엽,9066,9062,18128,4,1,19,수
2022-01-19,일산선,정발산,7238,7231,14469,7,1,19,수
2022-01-19,일산선,마두,7651,7798,15449,-147,1,19,수
2022-01-19,일산선,백석,10030,9960,19990,70,1,19,수
2022-01-19,일산선,대곡,1863,1521,3384,342,1,19,수
2022-01-19,일산선,화정,16839,17395,34234,-556,1,19,수
2022-01-19,일산선,원당,10771,10228,20999,543,1,19,수
2022-01-19,일산선,삼송,19286,19058,38344,228,1,19,수
2022-01-19,일산선,지축,1,0,1,1,1,19,수
2022-01-19,일산선,원흥,10611,10040,20651,571,1,19,수
2022-01-19,우이신설선,신설동,2124,1914,4038,210,1,19,수
2022-01-19,우이신설선,보문,1539,1495,3034,44,1,19,수
2022-01-19,우이신설선,성신여대입구(돈암),3220,3526,6746,-306,1,19,수
2022-01-19,우이신설선,정릉,4583,4369,8952,214,1,19,수
2022-01-19,우이신설선,북한산보국문,6023,5864,11887,159,1,19,수
2022-01-19,우이신설선,솔샘,5936,5695,11631,241,1,19,수
2022-01-19,우이신설선,삼양사거리,2245,2315,4560,-70,1,19,수
2022-01-19,우이신설선,삼양,1925,2053,3978,-128,1,19,수
2022-01-19,우이신설선,화계,3215,3065,6280,150,1,19,수
2022-01-19,우이신설선,가오리,3878,4014,7892,-136,1,19,수
2022-01-19,우이신설선,4.19민주묘지,2501,2420,4921,81,1,19,수
2022-01-19,우이신설선,솔밭공원,2315,2284,4599,31,1,19,수
2022-01-19,우이신설선,북한산우이,2328,2064,4392,264,1,19,수
2022-01-19,안산선,수리산,4051,3333,7384,718,1,19,수
2022-01-19,안산선,오이도,8062,7829,15891,233,1,19,수
2022-01-19,안산선,정왕,7321,7814,15135,-493,1,19,수
2022-01-19,안산선,신길온천,1663,1491,3154,172,1,19,수
2022-01-19,안산선,안산,11275,10189,21464,1086,1,19,수
2022-01-19,안산선,초지,4522,4615,9137,-93,1,19,수
2022-01-19,안산선,고잔,8773,8345,17118,428,1,19,수
2022-01-19,안산선,중앙,17559,18207,35766,-648,1,19,수
2022-01-19,안산선,한대앞,8446,8536,16982,-90,1,19,수
2022-01-19,안산선,상록수,14869,15425,30294,-556,1,19,수
2022-01-19,안산선,반월,4111,3972,8083,139,1,19,수
2022-01-19,안산선,대야미,4784,4342,9126,442,1,19,수
2022-01-19,안산선,산본,15795,17114,32909,-1319,1,19,수
2022-01-19,수인선,인천,961,1551,2512,-590,1,19,수
2022-01-19,수인선,신포,1702,1724,3426,-22,1,19,수
2022-01-19,수인선,숭의,3958,3609,7567,349,1,19,수
2022-01-19,수인선,인하대,5497,5328,10825,169,1,19,수
2022-01-19,수인선,송도,2424,2372,4796,52,1,19,수
2022-01-19,수인선,연수,4404,4334,8738,70,1,19,수
2022-01-19,수인선,원인재,4305,4566,8871,-261,1,19,수
2022-01-19,수인선,남동인더스파크,2431,2686,5117,-255,1,19,수
2022-01-19,수인선,호구포,4186,4351,8537,-165,1,19,수
2022-01-19,수인선,인천논현,5669,5994,11663,-325,1,19,수
2022-01-19,수인선,소래포구,4705,4405,9110,300,1,19,수
2022-01-19,수인선,월곶,2753,2525,5278,228,1,19,수
2022-01-19,수인선,달월,100,40,140,60,1,19,수
2022-01-19,수인선,사리,4343,3956,8299,387,1,19,수
2022-01-19,수인선,야목,326,254,580,72,1,19,수
2022-01-19,수인선,어천,612,667,1279,-55,1,19,수
2022-01-19,수인선,오목천,2683,2587,5270,96,1,19,수
2022-01-19,수인선,고색,4852,4441,9293,411,1,19,수
2022-01-19,분당선,매교,2816,2877,5693,-61,1,19,수
2022-01-19,분당선,수원시청,13126,13874,27000,-748,1,19,수
2022-01-19,분당선,매탄권선,5013,4908,9921,105,1,19,수
2022-01-19,분당선,망포,15151,14566,29717,585,1,19,수
2022-01-19,분당선,영통,8499,8646,17145,-147,1,19,수
2022-01-19,분당선,청명,4357,4330,8687,27,1,19,수
2022-01-19,분당선,상갈,5595,5407,11002,188,1,19,수
2022-01-19,분당선,기흥,9986,9588,19574,398,1,19,수
2022-01-19,분당선,신갈,4710,4796,9506,-86,1,19,수
2022-01-19,분당선,구성,5337,5802,11139,-465,1,19,수
2022-01-19,분당선,죽전,13530,14972,28502,-1442,1,19,수
2022-01-19,분당선,보정,2673,2312,4985,361,1,19,수
2022-01-19,분당선,이매,5959,5799,11758,160,1,19,수
2022-01-19,분당선,오리,12553,10470,23023,2083,1,19,수
2022-01-19,분당선,미금,16874,17772,34646,-898,1,19,수
2022-01-19,분당선,정자,19165,20093,39258,-928,1,19,수
2022-01-19,분당선,수내,15161,14819,29980,342,1,19,수
2022-01-19,2호선,대림(구로구청),23731,24232,47963,-501,1,19,수
2022-01-19,분당선,야탑,27753,28428,56181,-675,1,19,수
2022-01-19,분당선,모란,22906,23520,46426,-614,1,19,수
2022-01-19,분당선,태평,13639,13394,27033,245,1,19,수
2022-01-19,분당선,가천대,6429,7454,13883,-1025,1,19,수
2022-01-19,분당선,선정릉,8928,9310,18238,-382,1,19,수
2022-01-19,분당선,강남구청,11332,12660,23992,-1328,1,19,수
2022-01-19,분당선,압구정로데오,20347,21538,41885,-1191,1,19,수
2022-01-19,분당선,서울숲,10967,11234,22201,-267,1,19,수
2022-01-19,분당선,수원,8118,6592,14710,1526,1,19,수
2022-01-19,분당선,수서,14091,14688,28779,-597,1,19,수
2022-01-19,분당선,대모산입구,4678,4350,9028,328,1,19,수
2022-01-19,분당선,개포동,3876,4141,8017,-265,1,19,수
2022-01-19,분당선,구룡,1980,1945,3925,35,1,19,수
2022-01-19,분당선,도곡,7529,7446,14975,83,1,19,수
2022-01-19,분당선,한티,16161,17263,33424,-1102,1,19,수
2022-01-19,분당선,선릉,14844,21985,36829,-7141,1,19,수
2022-01-19,과천선,범계,26444,26276,52720,168,1,19,수
2022-01-19,과천선,평촌,19186,18836,38022,350,1,19,수
2022-01-19,과천선,인덕원,25000,26252,51252,-1252,1,19,수
2022-01-19,과천선,정부과천청사,11377,11241,22618,136,1,19,수
2022-01-19,과천선,과천,6361,6130,12491,231,1,19,수
2022-01-19,과천선,대공원,1954,2049,4003,-95,1,19,수
2022-01-19,과천선,경마공원,1595,1628,3223,-33,1,19,수
2022-01-19,과천선,선바위,8497,7315,15812,1182,1,19,수
2022-01-19,공항철도 1호선,영종,2965,2959,5924,6,1,19,수
2022-01-19,공항철도 1호선,인천공항2터미널,2248,2047,4295,201,1,19,수
2022-01-19,공항철도 1호선,인천공항1터미널,3563,3776,7339,-213,1,19,수
2022-01-19,공항철도 1호선,공항화물청사,2380,2596,4976,-216,1,19,수
2022-01-19,공항철도 1호선,운서,6293,6312,12605,-19,1,19,수
2022-01-19,공항철도 1호선,청라국제도시,6902,6619,13521,283,1,19,수
2022-01-19,공항철도 1호선,검암,6766,6608,13374,158,1,19,수
2022-01-19,공항철도 1호선,계양,10257,9721,19978,536,1,19,수
2022-01-19,공항철도 1호선,김포공항,12085,6751,18836,5334,1,19,수
2022-01-19,공항철도 1호선,마곡나루(서울식물원),9430,8817,18247,613,1,19,수
2022-01-19,공항철도 1호선,디지털미디어시티,15553,13714,29267,1839,1,19,수
2022-01-19,공항철도 1호선,홍대입구,9135,9487,18622,-352,1,19,수
2022-01-19,공항철도 1호선,공덕,2394,3147,5541,-753,1,19,수
2022-01-19,공항철도 1호선,서울역,7573,6883,14456,690,1,19,수
2022-01-19,경춘선,춘천,1117,984,2101,133,1,19,수
2022-01-19,경춘선,남춘천,1989,2133,4122,-144,1,19,수
2022-01-19,경춘선,김유정,272,244,516,28,1,19,수
2022-01-19,경춘선,강촌,304,342,646,-38,1,19,수
2022-01-19,경춘선,백양리,348,277,625,71,1,19,수
2022-01-19,경춘선,굴봉산,111,148,259,-37,1,19,수
2022-01-19,경춘선,가평,1512,1399,2911,113,1,19,수
2022-01-19,경춘선,상천,185,172,357,13,1,19,수
2022-01-19,경춘선,청평,1340,1287,2627,53,1,19,수
2022-01-19,경춘선,대성리,410,339,749,71,1,19,수
2022-01-19,경춘선,마석,3425,3320,6745,105,1,19,수
2022-01-19,경춘선,천마산,1507,1415,2922,92,1,19,수
2022-01-19,경춘선,평내호평,5939,5891,11830,48,1,19,수
2022-01-19,경춘선,금곡,1356,1327,2683,29,1,19,수
2022-01-19,경춘선,사릉,3096,3027,6123,69,1,19,수
2022-01-19,경춘선,퇴계원,3598,3368,6966,230,1,19,수
2022-01-19,경춘선,별내,3371,3203,6574,168,1,19,수
2022-01-19,경춘선,갈매,3157,2770,5927,387,1,19,수
2022-01-19,경춘선,신내,1994,1911,3905,83,1,19,수
2022-01-19,경인선,도화,4163,3913,8076,250,1,19,수
2022-01-19,경인선,중동,9288,8666,17954,622,1,19,수
2022-01-19,경인선,온수(성공회대입구),6159,6043,12202,116,1,19,수
2022-01-19,경인선,도원,2440,2478,4918,-38,1,19,수
2022-01-19,경인선,간석,5645,5438,11083,207,1,19,수
2022-01-19,경인선,부개,8291,7787,16078,504,1,19,수
2022-01-19,경인선,소사,8016,8042,16058,-26,1,19,수
2022-01-19,경인선,구일,5997,5961,11958,36,1,19,수
2022-01-19,경인선,인천,3033,2126,5159,907,1,19,수
2022-01-19,경인선,동인천,13500,12786,26286,714,1,19,수
2022-01-19,경인선,제물포,9829,9421,19250,408,1,19,수
2022-01-19,경인선,주안,17920,16327,34247,1593,1,19,수
2022-01-19,경인선,동암,14256,14515,28771,-259,1,19,수
2022-01-19,경인선,백운,6625,6511,13136,114,1,19,수
2022-01-19,경인선,부평,28282,29534,57816,-1252,1,19,수
2022-01-19,경인선,송내,26394,26717,53111,-323,1,19,수
2022-01-19,경인선,부천,30834,31123,61957,-289,1,19,수
2022-01-19,경인선,역곡,26209,26198,52407,11,1,19,수
2022-01-19,경인선,오류동,11450,10842,22292,608,1,19,수
2022-01-19,경인선,개봉,21084,21359,42443,-275,1,19,수
2022-01-19,경의선,임진강,4,4,8,0,1,19,수
2022-01-19,경의선,문산,4811,4746,9557,65,1,19,수
2022-01-19,경의선,파주,911,651,1562,260,1,19,수
2022-01-19,경의선,월롱,2632,2263,4895,369,1,19,수
2022-01-19,경의선,금촌,5898,5894,11792,4,1,19,수
2022-01-19,경의선,금릉,4874,4645,9519,229,1,19,수
2022-01-19,경의선,운정,6995,6585,13580,410,1,19,수
2022-01-19,경의선,야당,7243,7213,14456,30,1,19,수
2022-01-19,경의선,탄현,7897,7609,15506,288,1,19,수
2022-01-19,경의선,일산,8953,9093,18046,-140,1,19,수
2022-01-19,경의선,풍산,5519,5216,10735,303,1,19,수
2022-01-19,경의선,백마,7009,6778,13787,231,1,19,수
2022-01-19,경의선,곡산,536,569,1105,-33,1,19,수
2022-01-19,경의선,능곡,3623,3391,7014,232,1,19,수
2022-01-19,경의선,행신,7737,7909,15646,-172,1,19,수
2022-01-19,경의선,강매,3117,2688,5805,429,1,19,수
2022-01-19,경의선,화전,1476,1351,2827,125,1,19,수
2022-01-19,경의선,수색,2816,2916,5732,-100,1,19,수
2022-01-19,경의선,디지털미디어시티,2535,2376,4911,159,1,19,수
2022-01-19,경의선,가좌,5317,5324,10641,-7,1,19,수
2022-01-19,경의선,홍대입구,1640,1813,3453,-173,1,19,수
2022-01-19,경의선,서강대,2120,2047,4167,73,1,19,수
2022-01-19,경의선,공덕,3791,3174,6965,617,1,19,수
2022-01-19,경의선,효창공원앞,2913,3457,6370,-544,1,19,수
2022-01-19,경의선,신촌,829,1022,1851,-193,1,19,수
2022-01-19,경의선,서울역,4260,5258,9518,-998,1,19,수
2022-01-19,경원선,소요산,1914,1627,3541,287,1,19,수
2022-01-19,경원선,동두천,1824,1968,3792,-144,1,19,수
2022-01-19,경원선,보산,1198,1138,2336,60,1,19,수
2022-01-19,경원선,동두천중앙,2776,2567,5343,209,1,19,수
2022-01-19,경원선,지행,5816,5840,11656,-24,1,19,수
2022-01-19,경원선,덕정,4900,4670,9570,230,1,19,수
2022-01-19,경원선,덕계,2937,2598,5535,339,1,19,수
2022-01-19,경원선,양주,7198,6911,14109,287,1,19,수
2022-01-19,경원선,녹양,4337,4048,8385,289,1,19,수
2022-01-19,경원선,가능,6095,6029,12124,66,1,19,수
2022-01-19,경원선,의정부,17381,17758,35139,-377,1,19,수
2022-01-19,경원선,회룡,12031,12019,24050,12,1,19,수
2022-01-19,경원선,망월사,6981,7245,14226,-264,1,19,수
2022-01-19,경원선,도봉산,6254,3866,10120,2388,1,19,수
2022-01-19,경원선,도봉,6028,5816,11844,212,1,19,수
2022-01-19,경원선,방학,9253,9160,18413,93,1,19,수
2022-01-19,경원선,창동,1,0,1,1,1,19,수
2022-01-19,경원선,녹천,4418,3808,8226,610,1,19,수
2022-01-19,경원선,월계,5959,5684,11643,275,1,19,수
2022-01-19,경원선,광운대,7149,7124,14273,25,1,19,수
2022-01-19,경원선,석계,7573,8728,16301,-1155,1,19,수
2022-01-19,경원선,신이문,8252,7909,16161,343,1,19,수
2022-01-19,경원선,외대앞,6792,7068,13860,-276,1,19,수
2022-01-19,경원선,청량리(서울시립대입구),14009,14326,28335,-317,1,19,수
2022-01-19,경원선,왕십리(성동구청),13858,16268,30126,-2410,1,19,수
2022-01-19,경원선,응봉,1766,1516,3282,250,1,19,수
2022-01-19,경원선,옥수,55,33,88,22,1,19,수
2022-01-19,경원선,한남,4101,3916,8017,185,1,19,수
2022-01-19,경원선,서빙고,2012,1955,3967,57,1,19,수
2022-01-19,경원선,이촌(국립중앙박물관),3803,3034,6837,769,1,19,수
2022-01-19,경부선,광명,3290,2855,6145,435,1,19,수
2022-01-19,경부선,서동탄,1390,1188,2578,202,1,19,수
2022-01-19,경부선,당정,6151,5748,11899,403,1,19,수
2022-01-19,경부선,천안,4199,4381,8580,-182,1,19,수
2022-01-19,경부선,두정,4528,4686,9214,-158,1,19,수
2022-01-19,경부선,직산,679,662,1341,17,1,19,수
2022-01-19,경부선,성환,2579,2686,5265,-107,1,19,수
2022-01-19,경부선,평택,9867,9765,19632,102,1,19,수
2022-01-19,경부선,평택지제,3147,3020,6167,127,1,19,수
2022-01-19,경부선,서정리,6112,5723,11835,389,1,19,수
2022-01-19,경부선,송탄,3674,3577,7251,97,1,19,수
2022-01-19,경부선,진위,1503,1347,2850,156,1,19,수
2022-01-19,경부선,오산,8894,8947,17841,-53,1,19,수
2022-01-19,경부선,오산대,3165,2850,6015,315,1,19,수
2022-01-19,경부선,세마,2608,2466,5074,142,1,19,수
2022-01-19,경부선,병점,13269,13438,26707,-169,1,19,수
2022-01-19,경부선,세류,2831,2601,5432,230,1,19,수
2022-01-19,경부선,독산,19360,20243,39603,-883,1,19,수
2022-01-19,경부선,수원,31412,33437,64849,-2025,1,19,수
2022-01-19,경부선,화서,7701,7597,15298,104,1,19,수
2022-01-19,경부선,성균관대,13608,13629,27237,-21,1,19,수
2022-01-19,경부선,의왕,9183,9204,18387,-21,1,19,수
2022-01-19,경부선,군포,7917,7789,15706,128,1,19,수
2022-01-19,경부선,금정,26984,27836,54820,-852,1,19,수
2022-01-19,경부선,명학,9159,8918,18077,241,1,19,수
2022-01-19,경부선,안양,20585,20819,41404,-234,1,19,수
2022-01-19,경부선,관악,7059,6695,13754,364,1,19,수
2022-01-19,경부선,석수,9585,8516,18101,1069,1,19,수
2022-01-19,경부선,금천구청,11692,11757,23449,-65,1,19,수
2022-01-19,경부선,가산디지털단지,19168,21884,41052,-2716,1,19,수
2022-01-19,경부선,구로,18695,19005,37700,-310,1,19,수
2022-01-19,경부선,신길,8837,7684,16521,1153,1,19,수
2022-01-19,경부선,신도림,4063,3942,8005,121,1,19,수
2022-01-19,경부선,영등포,35923,36609,72532,-686,1,19,수
2022-01-19,경부선,대방,12976,13517,26493,-541,1,19,수
2022-01-19,경부선,노량진,7909,8255,16164,-346,1,19,수
2022-01-19,경부선,용산,32354,32748,65102,-394,1,19,수
2022-01-19,경부선,남영,8851,9163,18014,-312,1,19,수
2022-01-19,경부선,서울역,6079,1985,8064,4094,1,19,수
2022-01-19,경강선,여주,1894,1872,3766,22,1,19,수
2022-01-19,경강선,세종대왕릉,267,264,531,3,1,19,수
2022-01-19,경강선,부발,2114,1875,3989,239,1,19,수
2022-01-19,경강선,이천,2516,2535,5051,-19,1,19,수
2022-01-19,경강선,신둔도예촌,1314,1230,2544,84,1,19,수
2022-01-19,경강선,곤지암,2201,2093,4294,108,1,19,수
2022-01-19,경강선,초월,3113,3121,6234,-8,1,19,수
2022-01-19,경강선,경기광주,7829,7699,15528,130,1,19,수
2022-01-19,경강선,삼동,2477,2455,4932,22,1,19,수
2022-01-19,경강선,이매,1113,947,2060,166,1,19,수
2022-01-19,경강선,판교,5070,4821,9891,249,1,19,수
2022-01-19,9호선2~3단계,중앙보훈병원,11423,10223,21646,1200,1,19,수
2022-01-19,9호선2~3단계,둔촌오륜,1055,1024,2079,31,1,19,수
2022-01-19,9호선2~3단계,올림픽공원(한국체대),5966,6004,11970,-38,1,19,수
2022-01-19,9호선2~3단계,한성백제,2781,2585,5366,196,1,19,수
2022-01-19,9호선2~3단계,송파나루,5386,5764,11150,-378,1,19,수
2022-01-19,9호선2~3단계,석촌,8683,7648,16331,1035,1,19,수
2022-01-19,9호선2~3단계,석촌고분,6593,6632,13225,-39,1,19,수
2022-01-19,9호선2~3단계,삼전,7460,7417,14877,43,1,19,수
2022-01-19,9호선2~3단계,종합운동장,4480,4472,8952,8,1,19,수
2022-01-19,9호선2~3단계,봉은사,17051,17039,34090,12,1,19,수
2022-01-19,9호선2~3단계,삼성중앙,7607,7878,15485,-271,1,19,수
2022-01-19,9호선2~3단계,선정릉,10182,11066,21248,-884,1,19,수
2022-01-19,9호선2~3단계,언주,11578,11799,23377,-221,1,19,수
2022-01-19,9호선,신논현,33109,32818,65927,291,1,19,수
2022-01-19,9호선,사평,3781,3777,7558,4,1,19,수
2022-01-19,9호선,고속터미널,11646,14971,26617,-3325,1,19,수
2022-01-19,9호선,신반포,3431,3406,6837,25,1,19,수
2022-01-19,9호선,구반포,1463,1516,2979,-53,1,19,수
2022-01-19,9호선,동작(현충원),1756,1413,3169,343,1,19,수
2022-01-19,9호선,흑석(중앙대입구),8109,8482,16591,-373,1,19,수
2022-01-19,9호선,노들,4493,3911,8404,582,1,19,수
2022-01-19,9호선,노량진,26761,26241,53002,520,1,19,수
2022-01-19,9호선,샛강,6403,6558,12961,-155,1,19,수
2022-01-19,9호선,여의도,30218,28149,58367,2069,1,19,수
2022-01-19,9호선,국회의사당,19131,18901,38032,230,1,19,수
2022-01-19,9호선,당산,18848,19126,37974,-278,1,19,수
2022-01-19,9호선,선유도,9538,9253,18791,285,1,19,수
2022-01-19,9호선,신목동,4219,3877,8096,342,1,19,수
2022-01-19,9호선,염창,17738,17518,35256,220,1,19,수
2022-01-19,9호선,등촌,11732,11860,23592,-128,1,19,수
2022-01-19,9호선,증미,7932,7922,15854,10,1,19,수
2022-01-19,9호선,가양,20619,20334,40953,285,1,19,수
2022-01-19,9호선,양천향교,10043,10309,20352,-266,1,19,수
2022-01-19,9호선,마곡나루(서울식물원),12599,12245,24844,354,1,19,수
2022-01-19,9호선,신방화,6915,6758,13673,157,1,19,수
2022-01-19,9호선,공항시장,2950,3224,6174,-274,1,19,수
2022-01-19,9호선,김포공항,7427,11687,19114,-4260,1,19,수
2022-01-19,9호선,개화,2503,1755,4258,748,1,19,수
2022-01-19,8호선,남위례,4066,4405,8471,-339,1,19,수
2022-01-19,8호선,모란,5220,4002,9222,1218,1,19,수
2022-01-19,8호선,수진,5314,5017,10331,297,1,19,수
2022-01-19,8호선,신흥,4243,4646,8889,-403,1,19,수
2022-01-19,8호선,단대오거리,10847,10910,21757,-63,1,19,수
2022-01-19,8호선,남한산성입구(성남법원.검찰청),13630,12747,26377,883,1,19,수
2022-01-19,8호선,산성,5461,5529,10990,-68,1,19,수
2022-01-19,8호선,복정,10046,8473,18519,1573,1,19,수
2022-01-19,8호선,장지,18348,17889,36237,459,1,19,수
2022-01-19,8호선,문정,24897,25648,50545,-751,1,19,수
2022-01-19,8호선,가락시장,8304,8965,17269,-661,1,19,수
2022-01-19,8호선,송파,7962,8335,16297,-373,1,19,수
2022-01-19,8호선,석촌,8437,9539,17976,-1102,1,19,수
2022-01-19,8호선,잠실(송파구청),14945,17411,32356,-2466,1,19,수
2022-01-19,8호선,몽촌토성(평화의문),6494,6565,13059,-71,1,19,수
2022-01-19,8호선,강동구청,11914,11943,23857,-29,1,19,수
2022-01-19,8호선,천호(풍납토성),15230,17411,32641,-2181,1,19,수
2022-01-19,8호선,암사,19604,17786,37390,1818,1,19,수
2022-01-19,7호선,온수(성공회대입구),10132,9465,19597,667,1,19,수
2022-01-19,7호선,천왕,11707,11137,22844,570,1,19,수
2022-01-19,7호선,광명사거리,21975,22011,43986,-36,1,19,수
2022-01-19,7호선,철산,21304,21842,43146,-538,1,19,수
2022-01-19,7호선,가산디지털단지,49441,48818,98259,623,1,19,수
2022-01-19,7호선,남구로,16686,17606,34292,-920,1,19,수
2022-01-19,7호선,대림(구로구청),7826,7910,15736,-84,1,19,수
2022-01-19,7호선,신풍,11427,11044,22471,383,1,19,수
2022-01-19,7호선,보라매,9880,9848,19728,32,1,19,수
2022-01-19,7호선,신대방삼거리,16718,16190,32908,528,1,19,수
2022-01-19,7호선,장승배기,9174,8987,18161,187,1,19,수
2022-01-19,7호선,상도,10720,10525,21245,195,1,19,수
2022-01-19,7호선,숭실대입구(살피재),11666,11939,23605,-273,1,19,수
2022-01-19,7호선,남성,11035,10558,21593,477,1,19,수
2022-01-19,7호선,이수,16068,15546,31614,522,1,19,수
2022-01-19,7호선,내방,15535,15836,31371,-301,1,19,수
2022-01-19,7호선,고속터미널,15601,13390,28991,2211,1,19,수
2022-01-19,7호선,반포,5866,5704,11570,162,1,19,수
2022-01-19,7호선,논현,21428,22825,44253,-1397,1,19,수
2022-01-19,7호선,학동,26573,27417,53990,-844,1,19,수
2022-01-19,7호선,강남구청,17710,19056,36766,-1346,1,19,수
2022-01-19,7호선,청담,20187,22345,42532,-2158,1,19,수
2022-01-19,7호선,뚝섬유원지,7344,7159,14503,185,1,19,수
2022-01-19,7호선,건대입구,12568,13134,25702,-566,1,19,수
2022-01-19,7호선,어린이대공원(세종대),12504,12282,24786,222,1,19,수
2022-01-19,7호선,군자(능동),15165,12392,27557,2773,1,19,수
2022-01-19,7호선,중곡,10995,10583,21578,412,1,19,수
2022-01-19,7호선,용마산(용마폭포공원),6029,5853,11882,176,1,19,수
2022-01-19,7호선,사가정,15974,16159,32133,-185,1,19,수
2022-01-19,7호선,면목,15258,15153,30411,105,1,19,수
2022-01-19,7호선,상봉(시외버스터미널),17140,16185,33325,955,1,19,수
2022-01-19,7호선,중화,10910,10779,21689,131,1,19,수
2022-01-19,7호선,먹골,10258,10287,20545,-29,1,19,수
2022-01-19,7호선,태릉입구,8573,7964,16537,609,1,19,수
2022-01-19,7호선,공릉(서울과학기술대),11506,11725,23231,-219,1,19,수
2022-01-19,7호선,하계,18094,17479,35573,615,1,19,수
2022-01-19,7호선,중계,14083,13188,27271,895,1,19,수
2022-01-19,7호선,노원,19698,20340,40038,-642,1,19,수
2022-01-19,7호선,마들,12849,12672,25521,177,1,19,수
2022-01-19,7호선,수락산,12711,12687,25398,24,1,19,수
2022-01-19,7호선,도봉산,8939,10102,19041,-1163,1,19,수
2022-01-19,7호선,장암,2244,753,2997,1491,1,19,수
2022-01-19,6호선,봉화산(서울의료원),9183,8735,17918,448,1,19,수
2022-01-19,6호선,화랑대(서울여대입구),11933,9401,21334,2532,1,19,수
2022-01-19,6호선,태릉입구,5322,5891,11213,-569,1,19,수
2022-01-19,6호선,석계,12309,12795,25104,-486,1,19,수
2022-01-19,6호선,돌곶이,9590,9105,18695,485,1,19,수
2022-01-19,6호선,상월곡(한국과학기술연구원),6296,5660,11956,636,1,19,수
2022-01-19,6호선,월곡(동덕여대),11533,11751,23284,-218,1,19,수
2022-01-19,6호선,고려대(종암),7765,7638,15403,127,1,19,수
2022-01-19,6호선,안암(고대병원앞),10500,10242,20742,258,1,19,수
2022-01-19,6호선,보문,7294,6676,13970,618,1,19,수
2022-01-19,6호선,창신,3419,2824,6243,595,1,19,수
2022-01-19,6호선,동묘앞,7243,7551,14794,-308,1,19,수
2022-01-19,6호선,신당,8764,9091,17855,-327,1,19,수
2022-01-19,6호선,청구,3792,4075,7867,-283,1,19,수
2022-01-19,6호선,약수,3667,3710,7377,-43,1,19,수
2022-01-19,6호선,버티고개,2053,2165,4218,-112,1,19,수
2022-01-19,6호선,한강진,9329,10226,19555,-897,1,19,수
2022-01-19,6호선,이태원,8920,8882,17802,38,1,19,수
2022-01-19,6호선,녹사평(용산구청),4363,4428,8791,-65,1,19,수
2022-01-19,6호선,삼각지,6576,6058,12634,518,1,19,수
2022-01-19,6호선,효창공원앞,6984,6459,13443,525,1,19,수
2022-01-19,6호선,공덕,18999,18218,37217,781,1,19,수
2022-01-19,6호선,대흥(서강대앞),8147,8398,16545,-251,1,19,수
2022-01-19,6호선,광흥창(서강),9323,9164,18487,159,1,19,수
2022-01-19,6호선,상수,8393,9089,17482,-696,1,19,수
2022-01-19,6호선,합정,13004,12668,25672,336,1,19,수
2022-01-19,6호선,망원,13901,14994,28895,-1093,1,19,수
2022-01-19,6호선,마포구청,14403,13320,27723,1083,1,19,수
2022-01-19,6호선,월드컵경기장(성산),3660,3789,7449,-129,1,19,수
2022-01-19,6호선,디지털미디어시티,14006,15630,29636,-1624,1,19,수
2022-01-19,6호선,증산(명지대앞),9915,10158,20073,-243,1,19,수
2022-01-19,6호선,새절(신사),12587,12042,24629,545,1,19,수
2022-01-19,6호선,구산,7426,5773,13199,1653,1,19,수
2022-01-19,6호선,연신내,1,0,1,1,1,19,수
2022-01-19,6호선,독바위,2678,2884,5562,-206,1,19,수
2022-01-19,6호선,불광,4103,4063,8166,40,1,19,수
2022-01-19,6호선,역촌,3810,4520,8330,-710,1,19,수
2022-01-19,6호선,응암,17393,17508,34901,-115,1,19,수
2022-01-19,5호선,하남검단산,5456,5409,10865,47,1,19,수
2022-01-19,5호선,하남시청(덕풍·신장),6573,6529,13102,44,1,19,수
2022-01-19,5호선,하남풍산,4480,4413,8893,67,1,19,수
2022-01-19,5호선,미사,16950,16774,33724,176,1,19,수
2022-01-19,5호선,강일,4006,3953,7959,53,1,19,수
2022-01-19,5호선,마천,6891,6862,13753,29,1,19,수
2022-01-19,5호선,거여,9549,9190,18739,359,1,19,수
2022-01-19,5호선,개롱,6641,7065,13706,-424,1,19,수
2022-01-19,5호선,오금,3801,3838,7639,-37,1,19,수
2022-01-19,5호선,방이,7805,8038,15843,-233,1,19,수
2022-01-19,5호선,올림픽공원(한국체대),4398,3771,8169,627,1,19,수
2022-01-19,5호선,둔촌동,9021,9109,18130,-88,1,19,수
2022-01-19,5호선,상일동,16377,15398,31775,979,1,19,수
2022-01-19,5호선,고덕,9692,9864,19556,-172,1,19,수
2022-01-19,5호선,명일,9035,9577,18612,-542,1,19,수
2022-01-19,5호선,굽은다리(강동구민회관앞),9919,9606,19525,313,1,19,수
2022-01-19,5호선,길동,8394,8705,17099,-311,1,19,수
2022-01-19,5호선,강동,19355,18834,38189,521,1,19,수
2022-01-19,5호선,천호(풍납토성),18192,17745,35937,447,1,19,수
2022-01-19,5호선,광나루(장신대),13296,12094,25390,1202,1,19,수
2022-01-19,5호선,아차산(어린이대공원후문),14005,13790,27795,215,1,19,수
2022-01-19,5호선,군자(능동),11603,12759,24362,-1156,1,19,수
2022-01-19,5호선,장한평,19561,19618,39179,-57,1,19,수
2022-01-19,5호선,답십리,16546,15438,31984,1108,1,19,수
2022-01-19,5호선,마장,5850,5553,11403,297,1,19,수
2022-01-19,5호선,왕십리(성동구청),4897,5237,10134,-340,1,19,수
2022-01-19,5호선,행당,8567,7942,16509,625,1,19,수
2022-01-19,5호선,신금호,6485,6778,13263,-293,1,19,수
2022-01-19,5호선,청구,4141,3749,7890,392,1,19,수
2022-01-19,5호선,동대문역사문화공원(DDP),3300,3686,6986,-386,1,19,수
2022-01-19,5호선,을지로4가,6224,6229,12453,-5,1,19,수
2022-01-19,5호선,종로3가,12520,12145,24665,375,1,19,수
2022-01-19,5호선,광화문(세종문화회관),31977,32291,64268,-314,1,19,수
2022-01-19,5호선,서대문,20257,20381,40638,-124,1,19,수
2022-01-19,5호선,충정로(경기대입구),5054,5190,10244,-136,1,19,수
2022-01-19,5호선,애오개,7119,7290,14409,-171,1,19,수
2022-01-19,5호선,공덕,14679,15612,30291,-933,1,19,수
2022-01-19,5호선,마포,15821,16022,31843,-201,1,19,수
2022-01-19,5호선,여의나루,8749,9583,18332,-834,1,19,수
2022-01-19,5호선,여의도,32088,32081,64169,7,1,19,수
2022-01-19,5호선,신길,4125,4706,8831,-581,1,19,수
2022-01-19,5호선,영등포시장,10362,10835,21197,-473,1,19,수
2022-01-19,5호선,영등포구청,3979,4104,8083,-125,1,19,수
2022-01-19,5호선,양평,8034,8116,16150,-82,1,19,수
2022-01-19,5호선,오목교(목동운동장앞),22781,24408,47189,-1627,1,19,수
2022-01-19,5호선,목동,17247,18904,36151,-1657,1,19,수
2022-01-19,5호선,신정(은행정),14001,11522,25523,2479,1,19,수
2022-01-19,5호선,까치산,28625,28069,56694,556,1,19,수
2022-01-19,5호선,화곡,28360,26989,55349,1371,1,19,수
2022-01-19,5호선,우장산,14309,14414,28723,-105,1,19,수
2022-01-19,5호선,발산,21393,21303,42696,90,1,19,수
2022-01-19,5호선,마곡,11592,11488,23080,104,1,19,수
2022-01-19,5호선,송정,6496,6087,12583,409,1,19,수
2022-01-19,5호선,김포공항,7333,7016,14349,317,1,19,수
2022-01-19,5호선,개화산,5474,5397,10871,77,1,19,수
2022-01-19,5호선,방화,6655,6459,13114,196,1,19,수
2022-01-19,4호선,쌍문,29304,27070,56374,2234,1,19,수
2022-01-19,4호선,창동,24992,26857,51849,-1865,1,19,수
2022-01-19,4호선,노원,18489,20463,38952,-1974,1,19,수
2022-01-19,4호선,상계,18658,17579,36237,1079,1,19,수
2022-01-19,4호선,당고개,12433,11285,23718,1148,1,19,수
2022-01-19,4호선,남태령,1172,1074,2246,98,1,19,수
2022-01-19,4호선,사당,24720,20315,45035,4405,1,19,수
2022-01-19,4호선,총신대입구(이수),18600,20402,39002,-1802,1,19,수
2022-01-19,4호선,동작(현충원),1141,1288,2429,-147,1,19,수
2022-01-19,4호선,이촌(국립중앙박물관),7960,8761,16721,-801,1,19,수
2022-01-19,4호선,신용산,17614,18150,35764,-536,1,19,수
2022-01-19,4호선,삼각지,5089,5496,10585,-407,1,19,수
2022-01-19,4호선,숙대입구(갈월),12508,12482,24990,26,1,19,수
2022-01-19,4호선,서울역,11740,16804,28544,-5064,1,19,수
2022-01-19,4호선,회현(남대문시장),23753,24761,48514,-1008,1,19,수
2022-01-19,4호선,명동,17754,18308,36062,-554,1,19,수
2022-01-19,4호선,충무로,27026,27112,54138,-86,1,19,수
2022-01-19,4호선,동대문역사문화공원(DDP),14751,13501,28252,1250,1,19,수
2022-01-19,4호선,동대문,18682,19062,37744,-380,1,19,수
2022-01-19,4호선,혜화,33786,33719,67505,67,1,19,수
2022-01-19,4호선,한성대입구(삼선교),13050,12909,25959,141,1,19,수
2022-01-19,4호선,성신여대입구(돈암),19398,18921,38319,477,1,19,수
2022-01-19,4호선,길음,20527,20368,40895,159,1,19,수
2022-01-19,4호선,미아사거리,26478,26184,52662,294,1,19,수
2022-01-19,4호선,미아(서울사이버대학),14011,13758,27769,253,1,19,수
2022-01-19,4호선,수유(강북구청),32605,33215,65820,-610,1,19,수
2022-01-19,3호선,오금,6505,5811,12316,694,1,19,수
2022-01-19,3호선,경찰병원,8024,7988,16012,36,1,19,수
2022-01-19,3호선,가락시장,9441,9267,18708,174,1,19,수
2022-01-19,3호선,수서,17522,17945,35467,-423,1,19,수
2022-01-19,3호선,일원,10916,10585,21501,331,1,19,수
2022-01-19,3호선,대청,10239,9618,19857,621,1,19,수
2022-01-19,3호선,학여울,1855,1975,3830,-120,1,19,수
2022-01-19,3호선,대치,12009,12239,24248,-230,1,19,수
2022-01-19,3호선,도곡,5682,5876,11558,-194,1,19,수
2022-01-19,3호선,매봉,13669,12932,26601,737,1,19,수
2022-01-19,3호선,양재(서초구청),41513,43857,85370,-2344,1,19,수
2022-01-19,3호선,남부터미널(예술의전당),30380,30477,60857,-97,1,19,수
2022-01-19,3호선,교대(법원.검찰청),15279,9748,25027,5531,1,19,수
2022-01-19,3호선,고속터미널,38580,36275,74855,2305,1,19,수
2022-01-19,3호선,잠원,4903,4924,9827,-21,1,19,수
2022-01-19,3호선,신사,32892,33559,66451,-667,1,19,수
2022-01-19,3호선,압구정,34307,36423,70730,-2116,1,19,수
2022-01-19,3호선,옥수,9109,9553,18662,-444,1,19,수
2022-01-19,3호선,금호,8198,7972,16170,226,1,19,수
2022-01-19,3호선,약수,12985,12748,25733,237,1,19,수
2022-01-19,3호선,동대입구,7275,7479,14754,-204,1,19,수
2022-01-19,3호선,을지로3가,11385,11277,22662,108,1,19,수
2022-01-19,3호선,종로3가,10550,11623,22173,-1073,1,19,수
2022-01-19,3호선,안국,20911,20965,41876,-54,1,19,수
2022-01-19,3호선,경복궁(정부서울청사),20283,19528,39811,755,1,19,수
2022-01-19,3호선,독립문,6557,6847,13404,-290,1,19,수
2022-01-19,3호선,무악재,3988,4075,8063,-87,1,19,수
2022-01-19,3호선,홍제,16944,16277,33221,667,1,19,수
2022-01-19,3호선,녹번,15547,14369,29916,1178,1,19,수
2022-01-19,3호선,불광,15620,16911,32531,-1291,1,19,수
2022-01-19,3호선,연신내,34895,33729,68624,1166,1,19,수
2022-01-19,3호선,구파발,20744,19725,40469,1019,1,19,수
2022-01-19,3호선,지축,4460,4442,8902,18,1,19,수
2022-01-19,2호선,용두(동대문구청),2341,2502,4843,-161,1,19,수
2022-01-19,2호선,신정네거리,10493,10993,21486,-500,1,19,수
2022-01-19,2호선,양천구청,6940,7493,14433,-553,1,19,수
2022-01-19,2호선,도림천,1466,1540,3006,-74,1,19,수
2022-01-19,2호선,신설동,3479,3553,7032,-74,1,19,수
2022-01-19,2호선,신답,1651,2019,3670,-368,1,19,수
2022-01-19,2호선,용답,2582,2648,5230,-66,1,19,수
2022-01-19,경의선,계양,1,0,1,1,1,19,수
2022-01-19,2호선,충정로(경기대입구),10254,10704,20958,-450,1,19,수
2022-01-19,2호선,아현,9834,9750,19584,84,1,19,수
2022-01-19,2호선,이대,12796,13518,26314,-722,1,19,수
2022-01-19,2호선,신촌,32495,33206,65701,-711,1,19,수
2022-01-19,2호선,홍대입구,51993,53039,105032,-1046,1,19,수
2022-01-19,2호선,합정,31235,31814,63049,-579,1,19,수
2022-01-19,2호선,당산,18267,21182,39449,-2915,1,19,수
2022-01-19,2호선,영등포구청,23894,24371,48265,-477,1,19,수
2022-01-19,2호선,문래,22663,22653,45316,10,1,19,수
2022-01-19,2호선,신도림,47425,47296,94721,129,1,19,수
2022-01-20,3호선,고속터미널,38949,37151,76100,1798,1,20,목
2022-01-20,3호선,교대(법원.검찰청),15091,9810,24901,5281,1,20,목
2022-01-20,3호선,남부터미널(예술의전당),29308,30016,59324,-708,1,20,목
2022-01-20,3호선,양재(서초구청),40433,43689,84122,-3256,1,20,목
2022-01-20,3호선,매봉,13113,12488,25601,625,1,20,목
2022-01-20,3호선,도곡,5198,5406,10604,-208,1,20,목
2022-01-20,3호선,대치,11950,11914,23864,36,1,20,목
2022-01-20,3호선,학여울,1765,1872,3637,-107,1,20,목
2022-01-20,3호선,대청,10183,9509,19692,674,1,20,목
2022-01-20,3호선,일원,10404,10271,20675,133,1,20,목
2022-01-20,3호선,수서,16924,17555,34479,-631,1,20,목
2022-01-20,3호선,가락시장,9369,9111,18480,258,1,20,목
2022-01-20,3호선,경찰병원,7486,7557,15043,-71,1,20,목
2022-01-20,3호선,오금,6363,5621,11984,742,1,20,목
2022-01-20,4호선,수유(강북구청),32757,32997,65754,-240,1,20,목
2022-01-20,4호선,미아(서울사이버대학),14226,13962,28188,264,1,20,목
2022-01-20,4호선,미아사거리,26847,26330,53177,517,1,20,목
2022-01-20,4호선,길음,20242,19745,39987,497,1,20,목
2022-01-20,4호선,성신여대입구(돈암),19481,18901,38382,580,1,20,목
2022-01-20,4호선,한성대입구(삼선교),12717,12278,24995,439,1,20,목
2022-01-20,4호선,혜화,32216,32350,64566,-134,1,20,목
2022-01-20,4호선,동대문,18731,19560,38291,-829,1,20,목
2022-01-20,4호선,동대문역사문화공원(DDP),14544,13593,28137,951,1,20,목
2022-01-20,4호선,충무로,26047,27017,53064,-970,1,20,목
2022-01-20,4호선,명동,17552,17983,35535,-431,1,20,목
2022-01-20,4호선,회현(남대문시장),23745,25225,48970,-1480,1,20,목
2022-01-20,4호선,서울역,11238,16579,27817,-5341,1,20,목
2022-01-20,4호선,숙대입구(갈월),12360,12369,24729,-9,1,20,목
2022-01-20,4호선,삼각지,4967,5415,10382,-448,1,20,목
2022-01-20,4호선,신용산,16711,17822,34533,-1111,1,20,목
2022-01-20,4호선,이촌(국립중앙박물관),7571,8291,15862,-720,1,20,목
2022-01-20,4호선,동작(현충원),1228,1444,2672,-216,1,20,목
2022-01-20,4호선,총신대입구(이수),18572,20015,38587,-1443,1,20,목
2022-01-20,4호선,사당,24783,20501,45284,4282,1,20,목
2022-01-20,4호선,남태령,1200,1028,2228,172,1,20,목
2022-01-20,4호선,당고개,12599,11341,23940,1258,1,20,목
2022-01-20,4호선,상계,18627,17450,36077,1177,1,20,목
2022-01-20,4호선,노원,18417,20411,38828,-1994,1,20,목
2022-01-20,4호선,창동,25254,26714,51968,-1460,1,20,목
2022-01-20,4호선,쌍문,29039,26851,55890,2188,1,20,목
2022-01-20,5호선,방화,6521,6320,12841,201,1,20,목
2022-01-20,5호선,개화산,5497,5286,10783,211,1,20,목
2022-01-20,5호선,김포공항,7309,7019,14328,290,1,20,목
2022-01-20,5호선,송정,6561,6128,12689,433,1,20,목
2022-01-20,5호선,마곡,11206,11024,22230,182,1,20,목
2022-01-20,5호선,발산,20585,20951,41536,-366,1,20,목
2022-01-20,5호선,우장산,14218,14045,28263,173,1,20,목
2022-01-20,5호선,화곡,27869,26384,54253,1485,1,20,목
2022-01-20,5호선,까치산,28601,27676,56277,925,1,20,목
2022-01-20,5호선,신정(은행정),13873,11280,25153,2593,1,20,목
2022-01-20,5호선,목동,17203,18502,35705,-1299,1,20,목
2022-01-20,5호선,오목교(목동운동장앞),22118,23539,45657,-1421,1,20,목
2022-01-20,5호선,양평,7670,7779,15449,-109,1,20,목
2022-01-20,5호선,영등포구청,4038,4153,8191,-115,1,20,목
2022-01-20,5호선,영등포시장,10307,10505,20812,-198,1,20,목
2022-01-20,5호선,신길,4232,4543,8775,-311,1,20,목
2022-01-20,5호선,여의도,30025,31192,61217,-1167,1,20,목
2022-01-20,5호선,여의나루,8637,9616,18253,-979,1,20,목
2022-01-20,5호선,마포,15048,15399,30447,-351,1,20,목
2022-01-20,5호선,공덕,14299,15334,29633,-1035,1,20,목
2022-01-20,5호선,애오개,7032,7150,14182,-118,1,20,목
2022-01-20,5호선,충정로(경기대입구),4801,4973,9774,-172,1,20,목
2022-01-20,5호선,서대문,19622,20029,39651,-407,1,20,목
2022-01-20,5호선,광화문(세종문화회관),30280,31544,61824,-1264,1,20,목
2022-01-20,5호선,종로3가,12390,11971,24361,419,1,20,목
2022-01-20,5호선,을지로4가,6382,6439,12821,-57,1,20,목
2022-01-20,5호선,동대문역사문화공원(DDP),3104,3597,6701,-493,1,20,목
2022-01-20,5호선,청구,4061,3721,7782,340,1,20,목
2022-01-20,5호선,신금호,6375,6587,12962,-212,1,20,목
2022-01-20,5호선,행당,8198,7358,15556,840,1,20,목
2022-01-20,5호선,왕십리(성동구청),4661,5257,9918,-596,1,20,목
2022-01-20,5호선,마장,5904,5593,11497,311,1,20,목
2022-01-20,5호선,답십리,16307,14999,31306,1308,1,20,목
2022-01-20,5호선,장한평,19224,19065,38289,159,1,20,목
2022-01-20,5호선,군자(능동),11348,12369,23717,-1021,1,20,목
2022-01-20,5호선,아차산(어린이대공원후문),14054,13775,27829,279,1,20,목
2022-01-20,5호선,광나루(장신대),13229,12011,25240,1218,1,20,목
2022-01-20,5호선,천호(풍납토성),18035,17932,35967,103,1,20,목
2022-01-20,5호선,강동,18982,18307,37289,675,1,20,목
2022-01-20,5호선,길동,8112,8531,16643,-419,1,20,목
2022-01-20,5호선,굽은다리(강동구민회관앞),9473,9045,18518,428,1,20,목
2022-01-20,5호선,명일,8448,8724,17172,-276,1,20,목
2022-01-20,5호선,고덕,9121,9239,18360,-118,1,20,목
2022-01-20,5호선,상일동,15667,14499,30166,1168,1,20,목
2022-01-20,5호선,둔촌동,8876,8954,17830,-78,1,20,목
2022-01-20,5호선,올림픽공원(한국체대),4124,3623,7747,501,1,20,목
2022-01-20,5호선,방이,7493,7592,15085,-99,1,20,목
2022-01-20,5호선,오금,3723,3818,7541,-95,1,20,목
2022-01-20,5호선,개롱,6357,6768,13125,-411,1,20,목
2022-01-20,5호선,거여,9318,8783,18101,535,1,20,목
2022-01-20,5호선,마천,6873,6852,13725,21,1,20,목
2022-01-20,5호선,강일,3834,3793,7627,41,1,20,목
2022-01-20,5호선,미사,16349,15975,32324,374,1,20,목
2022-01-20,5호선,하남풍산,4270,4350,8620,-80,1,20,목
2022-01-20,5호선,하남시청(덕풍·신장),6209,6099,12308,110,1,20,목
2022-01-20,5호선,하남검단산,5266,5088,10354,178,1,20,목
2022-01-20,6호선,응암,17363,17471,34834,-108,1,20,목
2022-01-20,6호선,역촌,3844,4542,8386,-698,1,20,목
2022-01-20,6호선,불광,4215,4068,8283,147,1,20,목
2022-01-20,6호선,독바위,2685,2732,5417,-47,1,20,목
2022-01-20,6호선,연신내,1,0,1,1,1,20,목
2022-01-20,6호선,구산,7512,5655,13167,1857,1,20,목
2022-01-20,6호선,새절(신사),12521,11698,24219,823,1,20,목
2022-01-20,6호선,증산(명지대앞),10070,10155,20225,-85,1,20,목
2022-01-20,6호선,디지털미디어시티,13693,15318,29011,-1625,1,20,목
2022-01-20,6호선,월드컵경기장(성산),3638,3885,7523,-247,1,20,목
2022-01-20,6호선,마포구청,14170,13038,27208,1132,1,20,목
2022-01-20,6호선,망원,14184,15184,29368,-1000,1,20,목
2022-01-20,6호선,합정,12802,12416,25218,386,1,20,목
2022-01-20,6호선,상수,8419,9163,17582,-744,1,20,목
2022-01-20,6호선,광흥창(서강),9009,8837,17846,172,1,20,목
2022-01-20,6호선,대흥(서강대앞),7858,8270,16128,-412,1,20,목
2022-01-20,6호선,공덕,18684,17990,36674,694,1,20,목
2022-01-20,6호선,효창공원앞,6904,6281,13185,623,1,20,목
2022-01-20,6호선,삼각지,6403,5695,12098,708,1,20,목
2022-01-20,6호선,녹사평(용산구청),4515,4342,8857,173,1,20,목
2022-01-20,6호선,이태원,9339,9290,18629,49,1,20,목
2022-01-20,6호선,한강진,8468,9603,18071,-1135,1,20,목
2022-01-20,6호선,버티고개,1936,2094,4030,-158,1,20,목
2022-01-20,6호선,약수,3594,3669,7263,-75,1,20,목
2022-01-20,6호선,청구,3755,4096,7851,-341,1,20,목
2022-01-20,6호선,신당,8275,8556,16831,-281,1,20,목
2022-01-20,6호선,동묘앞,7616,7673,15289,-57,1,20,목
2022-01-20,6호선,창신,3375,2727,6102,648,1,20,목
2022-01-20,6호선,보문,7125,6596,13721,529,1,20,목
2022-01-20,6호선,안암(고대병원앞),9724,9727,19451,-3,1,20,목
2022-01-20,6호선,고려대(종암),7648,7379,15027,269,1,20,목
2022-01-20,6호선,월곡(동덕여대),11585,11688,23273,-103,1,20,목
2022-01-20,6호선,상월곡(한국과학기술연구원),6291,5662,11953,629,1,20,목
2022-01-20,6호선,돌곶이,9381,8762,18143,619,1,20,목
2022-01-20,6호선,석계,11961,12416,24377,-455,1,20,목
2022-01-20,6호선,태릉입구,5341,5862,11203,-521,1,20,목
2022-01-20,6호선,화랑대(서울여대입구),11581,9022,20603,2559,1,20,목
2022-01-20,6호선,봉화산(서울의료원),9048,8481,17529,567,1,20,목
2022-01-20,7호선,장암,2180,820,3000,1360,1,20,목
2022-01-20,7호선,도봉산,8665,10047,18712,-1382,1,20,목
2022-01-20,7호선,수락산,12433,12140,24573,293,1,20,목
2022-01-20,7호선,마들,12737,12407,25144,330,1,20,목
2022-01-20,7호선,노원,19319,19884,39203,-565,1,20,목
2022-01-20,7호선,중계,13862,12773,26635,1089,1,20,목
2022-01-20,7호선,하계,17544,16498,34042,1046,1,20,목
2022-01-20,7호선,공릉(서울과학기술대),11473,11267,22740,206,1,20,목
2022-01-20,7호선,태릉입구,8387,7994,16381,393,1,20,목
2022-01-20,7호선,먹골,10141,9941,20082,200,1,20,목
2022-01-20,7호선,중화,10849,10619,21468,230,1,20,목
2022-01-20,7호선,상봉(시외버스터미널),16979,15940,32919,1039,1,20,목
2022-01-20,7호선,면목,15261,14955,30216,306,1,20,목
2022-01-20,7호선,사가정,16072,16016,32088,56,1,20,목
2022-01-20,7호선,용마산(용마폭포공원),6075,5882,11957,193,1,20,목
2022-01-20,7호선,중곡,10659,10063,20722,596,1,20,목
2022-01-20,7호선,군자(능동),15148,12214,27362,2934,1,20,목
2022-01-20,7호선,어린이대공원(세종대),12152,12026,24178,126,1,20,목
2022-01-20,7호선,건대입구,12114,12478,24592,-364,1,20,목
2022-01-20,7호선,뚝섬유원지,7298,7105,14403,193,1,20,목
2022-01-20,7호선,청담,19784,22342,42126,-2558,1,20,목
2022-01-20,7호선,강남구청,17455,18745,36200,-1290,1,20,목
2022-01-20,7호선,학동,25256,27037,52293,-1781,1,20,목
2022-01-20,7호선,논현,21034,22905,43939,-1871,1,20,목
2022-01-20,7호선,반포,5850,5586,11436,264,1,20,목
2022-01-20,7호선,고속터미널,15514,13237,28751,2277,1,20,목
2022-01-20,7호선,내방,14995,15254,30249,-259,1,20,목
2022-01-20,7호선,이수,15608,15091,30699,517,1,20,목
2022-01-20,7호선,남성,11058,10255,21313,803,1,20,목
2022-01-20,7호선,숭실대입구(살피재),11468,11540,23008,-72,1,20,목
2022-01-20,7호선,상도,10493,10372,20865,121,1,20,목
2022-01-20,7호선,장승배기,8985,8739,17724,246,1,20,목
2022-01-20,7호선,신대방삼거리,16615,16130,32745,485,1,20,목
2022-01-20,7호선,보라매,9731,9869,19600,-138,1,20,목
2022-01-20,7호선,신풍,11430,10805,22235,625,1,20,목
2022-01-20,7호선,대림(구로구청),7537,7547,15084,-10,1,20,목
2022-01-20,7호선,남구로,16077,17131,33208,-1054,1,20,목
2022-01-20,7호선,가산디지털단지,47837,47688,95525,149,1,20,목
2022-01-20,7호선,철산,20894,21342,42236,-448,1,20,목
2022-01-20,7호선,광명사거리,22036,21782,43818,254,1,20,목
2022-01-20,7호선,천왕,11473,10849,22322,624,1,20,목
2022-01-20,7호선,온수(성공회대입구),9996,9194,19190,802,1,20,목
2022-01-20,7호선,까치울,1,0,1,1,1,20,목
2022-01-20,7호선,신중동,1,0,1,1,1,20,목
2022-01-20,7호선,상동,2,0,2,2,1,20,목
2022-01-20,7호선,굴포천,1,0,1,1,1,20,목
2022-01-20,8호선,암사,19213,17091,36304,2122,1,20,목
2022-01-20,8호선,천호(풍납토성),15046,17074,32120,-2028,1,20,목
2022-01-20,8호선,강동구청,11012,11428,22440,-416,1,20,목
2022-01-20,8호선,몽촌토성(평화의문),6185,6280,12465,-95,1,20,목
2022-01-20,8호선,잠실(송파구청),14154,16494,30648,-2340,1,20,목
2022-01-20,8호선,석촌,7960,9080,17040,-1120,1,20,목
2022-01-20,8호선,송파,7467,7600,15067,-133,1,20,목
2022-01-20,8호선,가락시장,8199,8926,17125,-727,1,20,목
2022-01-20,8호선,문정,23521,24951,48472,-1430,1,20,목
2022-01-20,8호선,장지,17407,16856,34263,551,1,20,목
2022-01-20,8호선,복정,9538,8047,17585,1491,1,20,목
2022-01-20,8호선,산성,5239,5217,10456,22,1,20,목
2022-01-20,8호선,남한산성입구(성남법원.검찰청),13256,12175,25431,1081,1,20,목
2022-01-20,8호선,단대오거리,10444,10300,20744,144,1,20,목
2022-01-20,8호선,신흥,4155,4487,8642,-332,1,20,목
2022-01-20,8호선,수진,5215,4853,10068,362,1,20,목
2022-01-20,8호선,모란,4285,3211,7496,1074,1,20,목
2022-01-20,8호선,남위례,3865,4148,8013,-283,1,20,목
2022-01-20,9호선,개화,2457,1743,4200,714,1,20,목
2022-01-20,9호선,김포공항,7624,11383,19007,-3759,1,20,목
2022-01-20,9호선,공항시장,3000,3318,6318,-318,1,20,목
2022-01-20,9호선,신방화,6705,6552,13257,153,1,20,목
2022-01-20,9호선,마곡나루(서울식물원),12177,11980,24157,197,1,20,목
2022-01-20,9호선,양천향교,9677,9969,19646,-292,1,20,목
2022-01-20,9호선,가양,20391,20053,40444,338,1,20,목
2022-01-20,9호선,증미,7660,7659,15319,1,1,20,목
2022-01-20,9호선,등촌,11677,11436,23113,241,1,20,목
2022-01-20,9호선,염창,17502,17133,34635,369,1,20,목
2022-01-20,9호선,신목동,4186,3665,7851,521,1,20,목
2022-01-20,9호선,선유도,8889,8654,17543,235,1,20,목
2022-01-20,9호선,당산,18679,18481,37160,198,1,20,목
2022-01-20,9호선,국회의사당,17521,18156,35677,-635,1,20,목
2022-01-20,9호선,여의도,28503,27387,55890,1116,1,20,목
2022-01-20,9호선,샛강,6172,6394,12566,-222,1,20,목
2022-01-20,9호선,노량진,26783,25626,52409,1157,1,20,목
2022-01-20,9호선,노들,4402,3746,8148,656,1,20,목
2022-01-20,9호선,흑석(중앙대입구),7804,8160,15964,-356,1,20,목
2022-01-20,9호선,동작(현충원),1867,1463,3330,404,1,20,목
2022-01-20,9호선,구반포,1377,1483,2860,-106,1,20,목
2022-01-20,9호선,신반포,3269,3192,6461,77,1,20,목
2022-01-20,9호선,고속터미널,11684,14910,26594,-3226,1,20,목
2022-01-20,9호선,사평,3516,3427,6943,89,1,20,목
2022-01-20,9호선,신논현,32749,32536,65285,213,1,20,목
2022-01-20,9호선2~3단계,언주,11152,11426,22578,-274,1,20,목
2022-01-20,9호선2~3단계,선정릉,10014,10879,20893,-865,1,20,목
2022-01-20,9호선2~3단계,삼성중앙,7014,7587,14601,-573,1,20,목
2022-01-20,9호선2~3단계,봉은사,17043,17586,34629,-543,1,20,목
2022-01-20,9호선2~3단계,종합운동장,4448,4255,8703,193,1,20,목
2022-01-20,9호선2~3단계,삼전,7157,6959,14116,198,1,20,목
2022-01-20,9호선2~3단계,석촌고분,6385,6340,12725,45,1,20,목
2022-01-20,9호선2~3단계,석촌,8601,7581,16182,1020,1,20,목
2022-01-20,9호선2~3단계,송파나루,5224,5525,10749,-301,1,20,목
2022-01-20,9호선2~3단계,한성백제,2691,2439,5130,252,1,20,목
2022-01-20,9호선2~3단계,올림픽공원(한국체대),5818,5894,11712,-76,1,20,목
2022-01-20,9호선2~3단계,둔촌오륜,988,964,1952,24,1,20,목
2022-01-20,9호선2~3단계,중앙보훈병원,10897,9552,20449,1345,1,20,목
2022-01-20,경강선,판교,4767,4681,9448,86,1,20,목
2022-01-20,경강선,이매,1064,893,1957,171,1,20,목
2022-01-20,경강선,삼동,2354,2270,4624,84,1,20,목
2022-01-20,경강선,경기광주,7546,7057,14603,489,1,20,목
2022-01-20,경강선,초월,2978,2930,5908,48,1,20,목
2022-01-20,경강선,곤지암,2096,2087,4183,9,1,20,목
2022-01-20,경강선,신둔도예촌,1271,1222,2493,49,1,20,목
2022-01-20,경강선,이천,2446,2512,4958,-66,1,20,목
2022-01-20,경강선,부발,1989,1878,3867,111,1,20,목
2022-01-20,경강선,세종대왕릉,272,266,538,6,1,20,목
2022-01-20,경강선,여주,1899,1870,3769,29,1,20,목
2022-01-20,경부선,서울역,6051,1972,8023,4079,1,20,목
2022-01-20,경부선,남영,8976,9393,18369,-417,1,20,목
2022-01-20,경부선,용산,32552,32575,65127,-23,1,20,목
2022-01-20,경부선,노량진,7970,7996,15966,-26,1,20,목
2022-01-20,경부선,대방,12924,13231,26155,-307,1,20,목
2022-01-20,경부선,영등포,36272,37104,73376,-832,1,20,목
2022-01-20,경부선,신도림,4100,3975,8075,125,1,20,목
2022-01-20,경부선,신길,8818,7494,16312,1324,1,20,목
2022-01-20,경부선,구로,18212,18459,36671,-247,1,20,목
2022-01-20,경부선,가산디지털단지,18423,21402,39825,-2979,1,20,목
2022-01-20,경부선,금천구청,11684,11744,23428,-60,1,20,목
2022-01-20,경부선,석수,9503,8390,17893,1113,1,20,목
2022-01-20,경부선,관악,6932,6526,13458,406,1,20,목
2022-01-20,경부선,안양,20525,20376,40901,149,1,20,목
2022-01-20,경부선,명학,8999,9028,18027,-29,1,20,목
2022-01-20,경부선,금정,26415,26791,53206,-376,1,20,목
2022-01-20,경부선,군포,7657,7689,15346,-32,1,20,목
2022-01-20,경부선,의왕,9020,8950,17970,70,1,20,목
2022-01-20,경부선,성균관대,13309,13378,26687,-69,1,20,목
2022-01-20,경부선,화서,7779,7481,15260,298,1,20,목
2022-01-20,경부선,수원,30799,32832,63631,-2033,1,20,목
2022-01-20,경부선,독산,18975,20041,39016,-1066,1,20,목
2022-01-20,경부선,세류,2875,2561,5436,314,1,20,목
2022-01-20,경부선,병점,13259,13030,26289,229,1,20,목
2022-01-20,경부선,세마,2554,2432,4986,122,1,20,목
2022-01-20,경부선,오산대,3171,2862,6033,309,1,20,목
2022-01-20,경부선,오산,8969,8775,17744,194,1,20,목
2022-01-20,경부선,진위,1514,1342,2856,172,1,20,목
2022-01-20,경부선,송탄,3703,3700,7403,3,1,20,목
2022-01-20,경부선,서정리,6050,5602,11652,448,1,20,목
2022-01-20,경부선,평택지제,3187,3093,6280,94,1,20,목
2022-01-20,경부선,평택,9894,9817,19711,77,1,20,목
2022-01-20,경부선,성환,2708,2643,5351,65,1,20,목
2022-01-20,경부선,직산,699,675,1374,24,1,20,목
2022-01-20,경부선,두정,4458,4429,8887,29,1,20,목
2022-01-20,경부선,천안,4242,4416,8658,-174,1,20,목
2022-01-20,경부선,당정,5971,5683,11654,288,1,20,목
2022-01-20,경부선,서동탄,1362,1209,2571,153,1,20,목
2022-01-20,경부선,광명,3191,2896,6087,295,1,20,목
2022-01-20,경원선,이촌(국립중앙박물관),3665,2861,6526,804,1,20,목
2022-01-20,경원선,서빙고,1958,1899,3857,59,1,20,목
2022-01-20,경원선,한남,4062,3832,7894,230,1,20,목
2022-01-20,경원선,옥수,52,36,88,16,1,20,목
2022-01-20,경원선,응봉,1821,1554,3375,267,1,20,목
2022-01-20,경원선,왕십리(성동구청),13223,15294,28517,-2071,1,20,목
2022-01-20,경원선,청량리(서울시립대입구),14595,15085,29680,-490,1,20,목
2022-01-20,경원선,외대앞,6897,7046,13943,-149,1,20,목
2022-01-20,경원선,신이문,8185,7736,15921,449,1,20,목
2022-01-20,경원선,석계,7847,8810,16657,-963,1,20,목
2022-01-20,경원선,광운대,7257,7176,14433,81,1,20,목
2022-01-20,경원선,월계,6149,5913,12062,236,1,20,목
2022-01-20,경원선,녹천,4550,3866,8416,684,1,20,목
2022-01-20,경원선,방학,9334,9153,18487,181,1,20,목
2022-01-20,경원선,도봉,5958,5843,11801,115,1,20,목
2022-01-20,경원선,도봉산,6938,4184,11122,2754,1,20,목
2022-01-20,경원선,망월사,7036,7077,14113,-41,1,20,목
2022-01-20,경원선,회룡,12184,12069,24253,115,1,20,목
2022-01-20,경원선,의정부,17234,17586,34820,-352,1,20,목
2022-01-20,경원선,가능,6215,6022,12237,193,1,20,목
2022-01-20,경원선,녹양,4249,4034,8283,215,1,20,목
2022-01-20,경원선,양주,7052,6674,13726,378,1,20,목
2022-01-20,경원선,덕계,2832,2577,5409,255,1,20,목
2022-01-20,경원선,덕정,4757,4686,9443,71,1,20,목
2022-01-20,경원선,지행,5995,5959,11954,36,1,20,목
2022-01-20,경원선,동두천중앙,2992,2937,5929,55,1,20,목
2022-01-20,경원선,보산,1262,1205,2467,57,1,20,목
2022-01-20,경원선,동두천,1913,2171,4084,-258,1,20,목
2022-01-20,경원선,소요산,2047,1883,3930,164,1,20,목
2022-01-20,경의선,서울역,4259,5342,9601,-1083,1,20,목
2022-01-20,경의선,신촌,778,962,1740,-184,1,20,목
2022-01-20,경의선,효창공원앞,2986,3376,6362,-390,1,20,목
2022-01-20,경의선,공덕,3565,3043,6608,522,1,20,목
2022-01-20,경의선,서강대,2036,2013,4049,23,1,20,목
2022-01-20,경의선,홍대입구,1632,1941,3573,-309,1,20,목
2022-01-20,경의선,가좌,5255,5170,10425,85,1,20,목
2022-01-20,경의선,디지털미디어시티,2479,2289,4768,190,1,20,목
2022-01-20,경의선,수색,2802,2879,5681,-77,1,20,목
2022-01-20,경의선,화전,1517,1393,2910,124,1,20,목
2022-01-20,경의선,강매,3141,2756,5897,385,1,20,목
2022-01-20,경의선,행신,7653,7730,15383,-77,1,20,목
2022-01-20,경의선,능곡,3754,3358,7112,396,1,20,목
2022-01-20,경의선,곡산,543,535,1078,8,1,20,목
2022-01-20,경의선,백마,6780,6546,13326,234,1,20,목
2022-01-20,경의선,풍산,5421,5072,10493,349,1,20,목
2022-01-20,경의선,일산,8991,8958,17949,33,1,20,목
2022-01-20,경의선,탄현,7654,7471,15125,183,1,20,목
2022-01-20,경의선,야당,7220,6970,14190,250,1,20,목
2022-01-20,경의선,운정,6589,6331,12920,258,1,20,목
2022-01-20,경의선,금릉,4527,4344,8871,183,1,20,목
2022-01-20,경의선,금촌,5920,5997,11917,-77,1,20,목
2022-01-20,경의선,월롱,2498,2190,4688,308,1,20,목
2022-01-20,경의선,파주,903,708,1611,195,1,20,목
2022-01-20,경의선,문산,4545,4759,9304,-214,1,20,목
2022-01-20,경의선,임진강,8,2,10,6,1,20,목
2022-01-20,경인선,개봉,21142,21140,42282,2,1,20,목
2022-01-20,경인선,오류동,11545,10905,22450,640,1,20,목
2022-01-20,경인선,역곡,26343,26243,52586,100,1,20,목
2022-01-20,경인선,부천,31545,31522,63067,23,1,20,목
2022-01-20,경인선,송내,26437,26176,52613,261,1,20,목
2022-01-20,경인선,부평,28425,29987,58412,-1562,1,20,목
2022-01-20,경인선,백운,6603,6640,13243,-37,1,20,목
2022-01-20,경인선,동암,14131,14286,28417,-155,1,20,목
2022-01-20,경인선,주안,17642,16155,33797,1487,1,20,목
2022-01-20,경인선,제물포,9820,9322,19142,498,1,20,목
2022-01-20,경인선,동인천,13596,12843,26439,753,1,20,목
2022-01-20,경인선,인천,3068,2321,5389,747,1,20,목
2022-01-20,경인선,구일,5965,6078,12043,-113,1,20,목
2022-01-20,경인선,소사,8221,8055,16276,166,1,20,목
2022-01-20,경인선,부개,8219,7849,16068,370,1,20,목
2022-01-20,경인선,간석,5607,5341,10948,266,1,20,목
2022-01-20,경인선,도원,2434,2497,4931,-63,1,20,목
2022-01-20,경인선,온수(성공회대입구),5995,5913,11908,82,1,20,목
2022-01-20,경인선,중동,9162,8683,17845,479,1,20,목
2022-01-20,경인선,도화,4097,3814,7911,283,1,20,목
2022-01-20,경춘선,신내,1911,1822,3733,89,1,20,목
2022-01-20,경춘선,갈매,3063,2684,5747,379,1,20,목
2022-01-20,경춘선,별내,3293,3140,6433,153,1,20,목
2022-01-20,경춘선,퇴계원,3507,3275,6782,232,1,20,목
2022-01-20,경춘선,사릉,3017,2922,5939,95,1,20,목
2022-01-20,경춘선,금곡,1401,1320,2721,81,1,20,목
2022-01-20,경춘선,평내호평,5807,5663,11470,144,1,20,목
2022-01-20,경춘선,천마산,1502,1400,2902,102,1,20,목
2022-01-20,경춘선,마석,3424,3436,6860,-12,1,20,목
2022-01-20,경춘선,대성리,384,360,744,24,1,20,목
2022-01-20,경춘선,청평,1451,1387,2838,64,1,20,목
2022-01-20,경춘선,상천,182,164,346,18,1,20,목
2022-01-20,경춘선,가평,1438,1519,2957,-81,1,20,목
2022-01-20,경춘선,굴봉산,114,116,230,-2,1,20,목
2022-01-20,경춘선,백양리,326,254,580,72,1,20,목
2022-01-20,경춘선,강촌,328,295,623,33,1,20,목
2022-01-20,경춘선,김유정,260,248,508,12,1,20,목
2022-01-20,경춘선,남춘천,2106,2125,4231,-19,1,20,목
2022-01-20,경춘선,춘천,1054,922,1976,132,1,20,목
2022-01-20,공항철도 1호선,서울역,7493,6907,14400,586,1,20,목
2022-01-20,공항철도 1호선,공덕,2297,2980,5277,-683,1,20,목
2022-01-20,공항철도 1호선,홍대입구,9702,9632,19334,70,1,20,목
2022-01-20,공항철도 1호선,디지털미디어시티,14688,13248,27936,1440,1,20,목
2022-01-20,공항철도 1호선,마곡나루(서울식물원),8821,8437,17258,384,1,20,목
2022-01-20,공항철도 1호선,김포공항,11995,6361,18356,5634,1,20,목
2022-01-20,공항철도 1호선,계양,10253,9443,19696,810,1,20,목
2022-01-20,공항철도 1호선,검암,6673,6628,13301,45,1,20,목
2022-01-20,공항철도 1호선,청라국제도시,6863,6463,13326,400,1,20,목
2022-01-20,공항철도 1호선,운서,6294,6222,12516,72,1,20,목
2022-01-20,공항철도 1호선,공항화물청사,2338,2546,4884,-208,1,20,목
2022-01-20,공항철도 1호선,인천공항1터미널,3306,3673,6979,-367,1,20,목
2022-01-20,공항철도 1호선,인천공항2터미널,2125,2125,4250,0,1,20,목
2022-01-20,공항철도 1호선,영종,2855,2866,5721,-11,1,20,목
2022-01-20,과천선,선바위,8184,7192,15376,992,1,20,목
2022-01-20,과천선,경마공원,1345,1418,2763,-73,1,20,목
2022-01-20,과천선,대공원,2320,2432,4752,-112,1,20,목
2022-01-20,과천선,과천,6144,5757,11901,387,1,20,목
2022-01-20,과천선,정부과천청사,10797,10709,21506,88,1,20,목
2022-01-20,과천선,인덕원,24389,25610,49999,-1221,1,20,목
2022-01-20,과천선,평촌,18209,18092,36301,117,1,20,목
2022-01-20,과천선,범계,25702,25247,50949,455,1,20,목
2022-01-20,분당선,선릉,14380,21488,35868,-7108,1,20,목
2022-01-20,분당선,한티,15425,16443,31868,-1018,1,20,목
2022-01-20,분당선,도곡,6978,6865,13843,113,1,20,목
2022-01-20,분당선,구룡,1935,1926,3861,9,1,20,목
2022-01-20,분당선,개포동,3634,3838,7472,-204,1,20,목
2022-01-20,분당선,대모산입구,4504,4199,8703,305,1,20,목
2022-01-20,분당선,수서,13793,14278,28071,-485,1,20,목
2022-01-20,분당선,복정,1,0,1,1,1,20,목
2022-01-20,분당선,수원,7818,6468,14286,1350,1,20,목
2022-01-20,분당선,서울숲,10799,11054,21853,-255,1,20,목
2022-01-20,분당선,압구정로데오,20051,21659,41710,-1608,1,20,목
2022-01-20,분당선,강남구청,10739,12153,22892,-1414,1,20,목
2022-01-20,분당선,선정릉,8536,8975,17511,-439,1,20,목
2022-01-20,분당선,가천대,6347,7219,13566,-872,1,20,목
2022-01-20,분당선,태평,13535,13057,26592,478,1,20,목
2022-01-20,분당선,모란,19618,19734,39352,-116,1,20,목
2022-01-20,분당선,야탑,26294,27386,53680,-1092,1,20,목
2022-01-20,분당선,서현,25053,25322,50375,-269,1,20,목
2022-01-20,분당선,수내,13827,14014,27841,-187,1,20,목
2022-01-20,분당선,정자,17990,19101,37091,-1111,1,20,목
2022-01-20,분당선,미금,15705,16716,32421,-1011,1,20,목
2022-01-20,분당선,오리,12310,10151,22461,2159,1,20,목
2022-01-20,분당선,이매,5645,5412,11057,233,1,20,목
2022-01-20,분당선,보정,2510,2185,4695,325,1,20,목
2022-01-20,분당선,죽전,13071,14363,27434,-1292,1,20,목
2022-01-20,분당선,구성,5219,5346,10565,-127,1,20,목
2022-01-20,분당선,신갈,4549,4604,9153,-55,1,20,목
2022-01-20,분당선,기흥,9604,9082,18686,522,1,20,목
2022-01-20,분당선,상갈,5174,5055,10229,119,1,20,목
2022-01-20,분당선,청명,4206,4030,8236,176,1,20,목
2022-01-20,분당선,영통,8354,8374,16728,-20,1,20,목
2022-01-20,분당선,망포,14665,13829,28494,836,1,20,목
2022-01-20,분당선,매탄권선,4886,4682,9568,204,1,20,목
2022-01-20,분당선,수원시청,12743,13487,26230,-744,1,20,목
2022-01-20,분당선,매교,2679,2754,5433,-75,1,20,목
2022-01-20,수인선,고색,4553,4314,8867,239,1,20,목
2022-01-20,수인선,오목천,2646,2459,5105,187,1,20,목
2022-01-20,수인선,어천,654,659,1313,-5,1,20,목
2022-01-20,수인선,야목,302,245,547,57,1,20,목
2022-01-20,수인선,사리,4351,3948,8299,403,1,20,목
2022-01-20,수인선,달월,89,42,131,47,1,20,목
2022-01-20,수인선,월곶,2622,2459,5081,163,1,20,목
2022-01-20,수인선,소래포구,4726,4426,9152,300,1,20,목
2022-01-20,수인선,인천논현,5382,5680,11062,-298,1,20,목
2022-01-20,수인선,호구포,3966,4147,8113,-181,1,20,목
2022-01-20,수인선,남동인더스파크,2365,2694,5059,-329,1,20,목
2022-01-20,수인선,원인재,4320,4473,8793,-153,1,20,목
2022-01-20,수인선,연수,4304,4333,8637,-29,1,20,목
2022-01-20,수인선,송도,2439,2279,4718,160,1,20,목
2022-01-20,수인선,인하대,5485,5272,10757,213,1,20,목
2022-01-20,수인선,숭의,3863,3633,7496,230,1,20,목
2022-01-20,수인선,신포,1714,1686,3400,28,1,20,목
2022-01-20,수인선,인천,1007,1613,2620,-606,1,20,목
2022-01-20,안산선,산본,15479,16391,31870,-912,1,20,목
2022-01-20,안산선,대야미,4775,4225,9000,550,1,20,목
2022-01-20,안산선,반월,3970,3844,7814,126,1,20,목
2022-01-20,안산선,상록수,14790,15101,29891,-311,1,20,목
2022-01-20,안산선,한대앞,8332,8303,16635,29,1,20,목
2022-01-20,안산선,중앙,17418,17885,35303,-467,1,20,목
2022-01-20,안산선,고잔,8744,8380,17124,364,1,20,목
2022-01-20,안산선,초지,4371,4551,8922,-180,1,20,목
2022-01-20,안산선,안산,11092,9908,21000,1184,1,20,목
2022-01-20,안산선,신길온천,1582,1478,3060,104,1,20,목
2022-01-20,안산선,정왕,7283,7711,14994,-428,1,20,목
2022-01-20,안산선,오이도,7630,7385,15015,245,1,20,목
2022-01-20,안산선,수리산,3978,3251,7229,727,1,20,목
2022-01-20,우이신설선,북한산우이,2506,2265,4771,241,1,20,목
2022-01-20,우이신설선,솔밭공원,2421,2289,4710,132,1,20,목
2022-01-20,우이신설선,4.19민주묘지,2670,2596,5266,74,1,20,목
2022-01-20,우이신설선,가오리,3979,3996,7975,-17,1,20,목
2022-01-20,우이신설선,화계,3378,3147,6525,231,1,20,목
2022-01-20,우이신설선,삼양,1976,2044,4020,-68,1,20,목
2022-01-20,우이신설선,삼양사거리,2427,2455,4882,-28,1,20,목
2022-01-20,우이신설선,솔샘,5835,5636,11471,199,1,20,목
2022-01-20,우이신설선,북한산보국문,5909,5544,11453,365,1,20,목
2022-01-20,우이신설선,정릉,4506,4159,8665,347,1,20,목
2022-01-20,우이신설선,성신여대입구(돈암),3289,3547,6836,-258,1,20,목
2022-01-20,우이신설선,보문,1518,1493,3011,25,1,20,목
2022-01-20,우이신설선,신설동,2143,2097,4240,46,1,20,목
2022-01-20,일산선,원흥,10432,9974,20406,458,1,20,목
2022-01-20,일산선,삼송,18917,18617,37534,300,1,20,목
2022-01-20,일산선,원당,10777,10247,21024,530,1,20,목
2022-01-20,일산선,화정,16673,17066,33739,-393,1,20,목
2022-01-20,일산선,대곡,1968,1508,3476,460,1,20,목
2022-01-20,일산선,백석,9581,9833,19414,-252,1,20,목
2022-01-20,일산선,마두,7473,7542,15015,-69,1,20,목
2022-01-20,일산선,정발산,7028,6988,14016,40,1,20,목
2022-01-20,일산선,주엽,8675,8734,17409,-59,1,20,목
2022-01-20,일산선,대화,12541,9895,22436,2646,1,20,목
2022-01-20,장항선,봉명,1076,1062,2138,14,1,20,목
2022-01-20,장항선,쌍용(나사렛대),1638,1525,3163,113,1,20,목
2022-01-20,장항선,아산,2477,2283,4760,194,1,20,목
2022-01-20,장항선,탕정,426,395,821,31,1,20,목
2022-01-20,장항선,배방,880,847,1727,33,1,20,목
2022-01-20,장항선,온양온천,3060,3149,6209,-89,1,20,목
2022-01-20,장항선,신창(순천향대),896,826,1722,70,1,20,목
2022-01-20,중앙선,회기,23184,22547,45731,637,1,20,목
2022-01-20,중앙선,중랑,5463,5324,10787,139,1,20,목
2022-01-20,중앙선,상봉(시외버스터미널),5642,5522,11164,120,1,20,목
2022-01-20,중앙선,망우,7488,7502,14990,-14,1,20,목
2022-01-20,중앙선,양원,1974,1861,3835,113,1,20,목
2022-01-20,중앙선,구리,13148,13297,26445,-149,1,20,목
2022-01-20,중앙선,도농,10279,9441,19720,838,1,20,목
2022-01-20,중앙선,양정,689,620,1309,69,1,20,목
2022-01-20,중앙선,덕소,5287,5384,10671,-97,1,20,목
2022-01-20,중앙선,도심,2226,1716,3942,510,1,20,목
2022-01-20,중앙선,팔당,725,760,1485,-35,1,20,목
2022-01-20,중앙선,운길산,548,498,1046,50,1,20,목
2022-01-20,중앙선,양수,1561,1577,3138,-16,1,20,목
2022-01-20,중앙선,신원,166,136,302,30,1,20,목
2022-01-20,중앙선,국수,567,577,1144,-10,1,20,목
2022-01-20,중앙선,아신,462,477,939,-15,1,20,목
2022-01-20,중앙선,오빈,255,248,503,7,1,20,목
2022-01-20,중앙선,양평,2393,2374,4767,19,1,20,목
2022-01-20,중앙선,원덕,286,297,583,-11,1,20,목
2022-01-20,중앙선,용문,2196,2269,4465,-73,1,20,목
2022-01-20,중앙선,지평,67,58,125,9,1,20,목
2022-01-20,3호선,안국,20494,20977,41471,-483,1,20,목
2022-01-20,3호선,경복궁(정부서울청사),19273,19199,38472,74,1,20,목
2022-01-20,3호선,독립문,6733,6774,13507,-41,1,20,목
2022-01-20,3호선,무악재,3923,3922,7845,1,1,20,목
2022-01-20,3호선,홍제,16671,15925,32596,746,1,20,목
2022-01-20,3호선,녹번,15370,14071,29441,1299,1,20,목
2022-01-20,3호선,불광,15932,16764,32696,-832,1,20,목
2022-01-20,3호선,연신내,35346,33545,68891,1801,1,20,목
2022-01-20,3호선,구파발,20418,19414,39832,1004,1,20,목
2022-01-20,3호선,지축,4544,4285,8829,259,1,20,목
2022-01-20,2호선,용두(동대문구청),2466,2522,4988,-56,1,20,목
2022-01-20,2호선,신정네거리,10298,10671,20969,-373,1,20,목
2022-01-20,2호선,양천구청,6930,7353,14283,-423,1,20,목
2022-01-20,2호선,도림천,1405,1482,2887,-77,1,20,목
2022-01-20,2호선,신설동,3392,3558,6950,-166,1,20,목
2022-01-20,2호선,신답,1673,1957,3630,-284,1,20,목
2022-01-20,2호선,용답,2727,2738,5465,-11,1,20,목
2022-01-20,2호선,충정로(경기대입구),9797,10328,20125,-531,1,20,목
2022-01-20,2호선,아현,9856,9584,19440,272,1,20,목
2022-01-20,2호선,이대,12714,13357,26071,-643,1,20,목
2022-01-20,2호선,신촌,31946,33083,65029,-1137,1,20,목
2022-01-20,2호선,홍대입구,53551,54651,108202,-1100,1,20,목
2022-01-20,2호선,합정,31230,32291,63521,-1061,1,20,목
2022-01-20,2호선,당산,18206,21111,39317,-2905,1,20,목
2022-01-20,2호선,영등포구청,23554,24135,47689,-581,1,20,목
2022-01-20,2호선,문래,21923,22405,44328,-482,1,20,목
2022-01-20,2호선,신도림,47551,46788,94339,763,1,20,목
2022-01-20,2호선,대림(구로구청),23382,23917,47299,-535,1,20,목
2022-01-20,2호선,구로디지털단지,60461,60614,121075,-153,1,20,목
2022-01-20,2호선,신대방,26130,25583,51713,547,1,20,목
2022-01-20,2호선,신림,63222,61648,124870,1574,1,20,목
2022-01-20,2호선,봉천,23769,22294,46063,1475,1,20,목
2022-01-20,2호선,서울대입구(관악구청),47097,46244,93341,853,1,20,목
2022-01-20,2호선,낙성대(강감찬),26971,26307,53278,664,1,20,목
2022-01-20,2호선,사당,36242,39568,75810,-3326,1,20,목
2022-01-20,2호선,방배,16234,17152,33386,-918,1,20,목
2022-01-20,2호선,서초,22800,22220,45020,580,1,20,목
2022-01-20,2호선,교대(법원.검찰청),35367,40064,75431,-4697,1,20,목
2022-01-20,2호선,강남,89339,87282,176621,2057,1,20,목
2022-01-20,2호선,역삼,55561,61362,116923,-5801,1,20,목
2022-01-20,2호선,선릉,58951,52645,111596,6306,1,20,목
2022-01-20,2호선,삼성(무역센터),54633,55286,109919,-653,1,20,목
2022-01-20,2호선,종합운동장,7106,7525,14631,-419,1,20,목
2022-01-20,2호선,잠실새내,21335,21081,42416,254,1,20,목
2022-01-20,2호선,잠실(송파구청),68645,68286,136931,359,1,20,목
2022-01-20,2호선,잠실나루,14754,14335,29089,419,1,20,목
2022-01-20,1호선,서울역,43402,41037,84439,2365,1,20,목
2022-01-20,2호선,강변(동서울터미널),29369,27785,57154,1584,1,20,목
2022-01-20,2호선,구의(광진구청),24105,23835,47940,270,1,20,목
2022-01-20,2호선,건대입구,34628,36305,70933,-1677,1,20,목
2022-01-20,2호선,성수,38950,42255,81205,-3305,1,20,목
2022-01-20,2호선,뚝섬,22469,24453,46922,-1984,1,20,목
2022-01-20,2호선,한양대,7056,7319,14375,-263,1,20,목
2022-01-20,2호선,왕십리(성동구청),15655,12912,28567,2743,1,20,목
2022-01-20,2호선,상왕십리,14194,13999,28193,195,1,20,목
2022-01-20,2호선,신당,13600,13993,27593,-393,1,20,목
2022-01-20,2호선,동대문역사문화공원(DDP),11510,12708,24218,-1198,1,20,목
2022-01-20,2호선,을지로4가,13430,13335,26765,95,1,20,목
2022-01-20,2호선,을지로3가,22777,22762,45539,15,1,20,목
2022-01-20,2호선,을지로입구,40030,40815,80845,-785,1,20,목
2022-01-20,2호선,시청,24189,23385,47574,804,1,20,목
2022-01-20,1호선,청량리(서울시립대입구),20370,20097,40467,273,1,20,목
2022-01-20,1호선,제기동,17689,18394,36083,-705,1,20,목
2022-01-20,1호선,신설동,13742,13361,27103,381,1,20,목
2022-01-20,1호선,동대문,10441,9353,19794,1088,1,20,목
2022-01-20,1호선,종로5가,22152,22033,44185,119,1,20,목
2022-01-20,1호선,종로3가,25062,22768,47830,2294,1,20,목
2022-01-20,1호선,종각,35826,34909,70735,917,1,20,목
2022-01-20,1호선,시청,22125,22266,44391,-141,1,20,목
2022-01-20,1호선,동묘앞,7247,7631,14878,-384,1,20,목
2022-01-20,3호선,종로3가,10234,11636,21870,-1402,1,20,목
2022-01-20,3호선,을지로3가,10909,11230,22139,-321,1,20,목
2022-01-20,3호선,충무로,1,0,1,1,1,20,목
2022-01-20,3호선,동대입구,8124,8411,16535,-287,1,20,목
2022-01-20,3호선,약수,12679,12236,24915,443,1,20,목
2022-01-20,3호선,금호,7911,7485,15396,426,1,20,목
2022-01-20,3호선,옥수,8741,9205,17946,-464,1,20,목
2022-01-20,3호선,압구정,32976,34777,67753,-1801,1,20,목
2022-01-20,3호선,신사,32416,33822,66238,-1406,1,20,목
2022-01-20,3호선,잠원,4703,4556,9259,147,1,20,목
2022-01-21,3호선,녹번,15586,14305,29891,1281,1,21,금
2022-01-21,중앙선,지평,54,63,117,-9,1,21,금
2022-01-21,중앙선,용문,1446,1546,2992,-100,1,21,금
2022-01-21,중앙선,원덕,307,321,628,-14,1,21,금
2022-01-21,중앙선,양평,2450,2501,4951,-51,1,21,금
2022-01-21,중앙선,오빈,280,280,560,0,1,21,금
2022-01-21,중앙선,아신,537,528,1065,9,1,21,금
2022-01-21,중앙선,국수,585,613,1198,-28,1,21,금
2022-01-21,중앙선,신원,161,160,321,1,1,21,금
2022-01-21,중앙선,양수,1641,1627,3268,14,1,21,금
2022-01-21,중앙선,운길산,555,521,1076,34,1,21,금
2022-01-21,중앙선,팔당,780,819,1599,-39,1,21,금
2022-01-21,중앙선,도심,2235,1770,4005,465,1,21,금
2022-01-21,중앙선,덕소,5472,5500,10972,-28,1,21,금
2022-01-21,중앙선,양정,623,556,1179,67,1,21,금
2022-01-21,중앙선,도농,10290,9427,19717,863,1,21,금
2022-01-21,중앙선,구리,13593,14005,27598,-412,1,21,금
2022-01-21,중앙선,양원,2003,1951,3954,52,1,21,금
2022-01-21,중앙선,망우,7694,7617,15311,77,1,21,금
2022-01-21,중앙선,상봉(시외버스터미널),5901,5867,11768,34,1,21,금
2022-01-21,중앙선,중랑,5643,5305,10948,338,1,21,금
2022-01-21,중앙선,회기,23723,22802,46525,921,1,21,금
2022-01-21,장항선,신창(순천향대),1039,891,1930,148,1,21,금
2022-01-21,장항선,온양온천,3396,3520,6916,-124,1,21,금
2022-01-21,장항선,배방,1005,895,1900,110,1,21,금
2022-01-21,장항선,탕정,457,392,849,65,1,21,금
2022-01-21,장항선,아산,2880,2815,5695,65,1,21,금
2022-01-21,장항선,쌍용(나사렛대),1712,1545,3257,167,1,21,금
2022-01-21,장항선,봉명,1128,1064,2192,64,1,21,금
2022-01-21,일산선,대화,12566,10118,22684,2448,1,21,금
2022-01-21,일산선,주엽,9032,9050,18082,-18,1,21,금
2022-01-21,일산선,정발산,7469,7557,15026,-88,1,21,금
2022-01-21,일산선,마두,7604,7773,15377,-169,1,21,금
2022-01-21,일산선,백석,9978,10172,20150,-194,1,21,금
2022-01-21,일산선,대곡,1934,1505,3439,429,1,21,금
2022-01-21,일산선,화정,17084,17397,34481,-313,1,21,금
2022-01-21,일산선,원당,11022,10553,21575,469,1,21,금
2022-01-21,일산선,삼송,19283,19018,38301,265,1,21,금
2022-01-21,일산선,원흥,10518,9881,20399,637,1,21,금
2022-01-21,우이신설선,신설동,2255,2118,4373,137,1,21,금
2022-01-21,우이신설선,보문,1505,1451,2956,54,1,21,금
2022-01-21,우이신설선,성신여대입구(돈암),3775,3854,7629,-79,1,21,금
2022-01-21,우이신설선,정릉,4759,4334,9093,425,1,21,금
2022-01-21,우이신설선,북한산보국문,6132,5874,12006,258,1,21,금
2022-01-21,우이신설선,솔샘,5876,5450,11326,426,1,21,금
2022-01-21,우이신설선,삼양사거리,2553,2590,5143,-37,1,21,금
2022-01-21,우이신설선,삼양,2068,2180,4248,-112,1,21,금
2022-01-21,우이신설선,화계,3402,3207,6609,195,1,21,금
2022-01-21,우이신설선,가오리,4139,3979,8118,160,1,21,금
2022-01-21,우이신설선,4.19민주묘지,3032,2778,5810,254,1,21,금
2022-01-21,우이신설선,솔밭공원,2399,2254,4653,145,1,21,금
2022-01-21,우이신설선,북한산우이,2476,2132,4608,344,1,21,금
2022-01-21,안산선,수리산,4139,3302,7441,837,1,21,금
2022-01-21,안산선,오이도,8101,8078,16179,23,1,21,금
2022-01-21,안산선,정왕,8600,8636,17236,-36,1,21,금
2022-01-21,안산선,신길온천,1662,1555,3217,107,1,21,금
2022-01-21,안산선,안산,11388,10497,21885,891,1,21,금
2022-01-21,안산선,초지,4436,4531,8967,-95,1,21,금
2022-01-21,안산선,고잔,8754,8337,17091,417,1,21,금
2022-01-21,안산선,중앙,18217,18934,37151,-717,1,21,금
2022-01-21,안산선,한대앞,8606,8755,17361,-149,1,21,금
2022-01-21,안산선,상록수,15013,15381,30394,-368,1,21,금
2022-01-21,안산선,반월,4084,3969,8053,115,1,21,금
2022-01-21,안산선,대야미,4890,4336,9226,554,1,21,금
2022-01-21,안산선,산본,15770,17000,32770,-1230,1,21,금
2022-01-21,수인선,인천,994,1641,2635,-647,1,21,금
2022-01-21,수인선,신포,1729,1786,3515,-57,1,21,금
2022-01-21,수인선,숭의,3927,3667,7594,260,1,21,금
2022-01-21,수인선,인하대,5674,5351,11025,323,1,21,금
2022-01-21,수인선,송도,2487,2379,4866,108,1,21,금
2022-01-21,수인선,연수,4526,4548,9074,-22,1,21,금
2022-01-21,수인선,원인재,4567,4681,9248,-114,1,21,금
2022-01-21,수인선,남동인더스파크,2364,2592,4956,-228,1,21,금
2022-01-21,수인선,호구포,4020,4222,8242,-202,1,21,금
2022-01-21,수인선,인천논현,5453,5923,11376,-470,1,21,금
2022-01-21,수인선,소래포구,4862,4668,9530,194,1,21,금
2022-01-21,수인선,월곶,2537,2330,4867,207,1,21,금
2022-01-21,수인선,달월,99,58,157,41,1,21,금
2022-01-21,수인선,사리,4509,4074,8583,435,1,21,금
2022-01-21,수인선,야목,350,277,627,73,1,21,금
2022-01-21,수인선,어천,738,728,1466,10,1,21,금
2022-01-21,수인선,오목천,2837,2645,5482,192,1,21,금
2022-01-21,수인선,고색,4745,4317,9062,428,1,21,금
2022-01-21,분당선,매교,2746,2849,5595,-103,1,21,금
2022-01-21,분당선,수원시청,13551,14909,28460,-1358,1,21,금
2022-01-21,분당선,매탄권선,4999,4684,9683,315,1,21,금
2022-01-21,분당선,망포,15295,14208,29503,1087,1,21,금
2022-01-21,분당선,영통,8703,8856,17559,-153,1,21,금
2022-01-21,분당선,청명,4289,4031,8320,258,1,21,금
2022-01-21,분당선,상갈,5418,5212,10630,206,1,21,금
2022-01-21,분당선,기흥,9877,9509,19386,368,1,21,금
2022-01-21,분당선,신갈,4571,4558,9129,13,1,21,금
2022-01-21,분당선,구성,5093,5397,10490,-304,1,21,금
2022-01-21,분당선,죽전,13793,14735,28528,-942,1,21,금
2022-01-21,분당선,보정,2483,2261,4744,222,1,21,금
2022-01-21,분당선,이매,5721,5502,11223,219,1,21,금
2022-01-21,분당선,오리,12357,10263,22620,2094,1,21,금
2022-01-21,분당선,미금,16240,17137,33377,-897,1,21,금
2022-01-21,분당선,정자,18242,19345,37587,-1103,1,21,금
2022-01-21,분당선,수내,14217,14038,28255,179,1,21,금
2022-01-21,분당선,서현,26259,26853,53112,-594,1,21,금
2022-01-21,분당선,야탑,26850,27822,54672,-972,1,21,금
2022-01-21,분당선,모란,20237,20532,40769,-295,1,21,금
2022-01-21,분당선,태평,13847,13317,27164,530,1,21,금
2022-01-21,분당선,가천대,6636,7215,13851,-579,1,21,금
2022-01-21,분당선,선정릉,8513,8780,17293,-267,1,21,금
2022-01-21,분당선,강남구청,11068,12473,23541,-1405,1,21,금
2022-01-21,분당선,압구정로데오,21866,23677,45543,-1811,1,21,금
2022-01-21,분당선,서울숲,10935,11099,22034,-164,1,21,금
2022-01-21,분당선,수원,8424,7187,15611,1237,1,21,금
2022-01-21,분당선,수서,14748,15338,30086,-590,1,21,금
2022-01-21,분당선,대모산입구,4651,4319,8970,332,1,21,금
2022-01-21,분당선,개포동,3891,4099,7990,-208,1,21,금
2022-01-21,분당선,구룡,1950,1855,3805,95,1,21,금
2022-01-21,분당선,도곡,7211,7126,14337,85,1,21,금
2022-01-21,분당선,한티,16052,17015,33067,-963,1,21,금
2022-01-21,분당선,선릉,14175,21071,35246,-6896,1,21,금
2022-01-21,과천선,범계,26192,25651,51843,541,1,21,금
2022-01-21,과천선,평촌,18012,17748,35760,264,1,21,금
2022-01-21,과천선,인덕원,24705,25947,50652,-1242,1,21,금
2022-01-21,과천선,정부과천청사,10848,10712,21560,136,1,21,금
2022-01-21,과천선,과천,6192,5945,12137,247,1,21,금
2022-01-21,과천선,대공원,2364,2498,4862,-134,1,21,금
2022-01-21,과천선,경마공원,5443,5538,10981,-95,1,21,금
2022-01-21,과천선,선바위,8339,7304,15643,1035,1,21,금
2022-01-21,공항철도 1호선,영종,2943,3018,5961,-75,1,21,금
2022-01-21,공항철도 1호선,인천공항2터미널,2137,2053,4190,84,1,21,금
2022-01-21,공항철도 1호선,인천공항1터미널,3370,3820,7190,-450,1,21,금
2022-01-21,공항철도 1호선,공항화물청사,2342,2475,4817,-133,1,21,금
2022-01-21,공항철도 1호선,운서,6638,6503,13141,135,1,21,금
2022-01-21,공항철도 1호선,청라국제도시,6852,6499,13351,353,1,21,금
2022-01-21,공항철도 1호선,검암,6713,6689,13402,24,1,21,금
2022-01-21,공항철도 1호선,계양,9938,9492,19430,446,1,21,금
2022-01-21,공항철도 1호선,김포공항,13681,6579,20260,7102,1,21,금
2022-01-21,공항철도 1호선,마곡나루(서울식물원),8563,7935,16498,628,1,21,금
2022-01-21,공항철도 1호선,디지털미디어시티,14093,12550,26643,1543,1,21,금
2022-01-21,공항철도 1호선,홍대입구,10129,10441,20570,-312,1,21,금
2022-01-21,공항철도 1호선,공덕,2313,3134,5447,-821,1,21,금
2022-01-21,공항철도 1호선,서울역,8801,8243,17044,558,1,21,금
2022-01-21,경춘선,춘천,1209,1098,2307,111,1,21,금
2022-01-21,경춘선,남춘천,2190,2353,4543,-163,1,21,금
2022-01-21,경춘선,김유정,259,274,533,-15,1,21,금
2022-01-21,경춘선,강촌,306,312,618,-6,1,21,금
2022-01-21,경춘선,백양리,306,271,577,35,1,21,금
2022-01-21,경춘선,굴봉산,128,166,294,-38,1,21,금
2022-01-21,경춘선,가평,1481,1438,2919,43,1,21,금
2022-01-21,경춘선,상천,177,178,355,-1,1,21,금
2022-01-21,경춘선,청평,1437,1487,2924,-50,1,21,금
2022-01-21,경춘선,대성리,390,357,747,33,1,21,금
2022-01-21,경춘선,마석,3551,3578,7129,-27,1,21,금
2022-01-21,경춘선,천마산,1587,1447,3034,140,1,21,금
2022-01-21,경춘선,평내호평,5882,5782,11664,100,1,21,금
2022-01-21,경춘선,금곡,1436,1382,2818,54,1,21,금
2022-01-21,경춘선,사릉,3099,3008,6107,91,1,21,금
2022-01-21,경춘선,퇴계원,3566,3253,6819,313,1,21,금
2022-01-21,경춘선,별내,3383,3339,6722,44,1,21,금
2022-01-21,경춘선,갈매,2974,2653,5627,321,1,21,금
2022-01-21,경춘선,신내,1984,1833,3817,151,1,21,금
2022-01-21,경인선,도화,4129,3845,7974,284,1,21,금
2022-01-21,경인선,중동,9300,8718,18018,582,1,21,금
2022-01-21,경인선,온수(성공회대입구),6235,6076,12311,159,1,21,금
2022-01-21,경인선,도원,2533,2647,5180,-114,1,21,금
2022-01-21,경인선,간석,5899,5565,11464,334,1,21,금
2022-01-21,경인선,부개,8379,7960,16339,419,1,21,금
2022-01-21,경인선,소사,8248,8043,16291,205,1,21,금
2022-01-21,경인선,구일,6033,6081,12114,-48,1,21,금
2022-01-21,경인선,인천,3254,2448,5702,806,1,21,금
2022-01-21,경인선,동인천,13739,13075,26814,664,1,21,금
2022-01-21,경인선,제물포,10037,9558,19595,479,1,21,금
2022-01-21,경인선,주안,18269,16584,34853,1685,1,21,금
2022-01-21,경인선,동암,14646,15038,29684,-392,1,21,금
2022-01-21,경인선,백운,6658,6563,13221,95,1,21,금
2022-01-21,경인선,부평,29466,31832,61298,-2366,1,21,금
2022-01-21,경인선,송내,26300,26454,52754,-154,1,21,금
2022-01-21,경인선,부천,32397,33158,65555,-761,1,21,금
2022-01-21,경인선,역곡,26692,26526,53218,166,1,21,금
2022-01-21,경인선,오류동,11708,11165,22873,543,1,21,금
2022-01-21,경인선,개봉,21541,21648,43189,-107,1,21,금
2022-01-21,경의선,임진강,4,3,7,1,1,21,금
2022-01-21,경의선,문산,5085,4794,9879,291,1,21,금
2022-01-21,경의선,파주,976,656,1632,320,1,21,금
2022-01-21,경의선,월롱,2808,2134,4942,674,1,21,금
2022-01-21,경의선,금촌,6767,6743,13510,24,1,21,금
2022-01-21,경의선,금릉,4840,4548,9388,292,1,21,금
2022-01-21,경의선,운정,6845,6523,13368,322,1,21,금
2022-01-21,경의선,야당,7504,7402,14906,102,1,21,금
2022-01-21,경의선,탄현,7661,7557,15218,104,1,21,금
2022-01-21,경의선,일산,8932,9077,18009,-145,1,21,금
2022-01-21,경의선,풍산,5462,5188,10650,274,1,21,금
2022-01-21,경의선,백마,6805,6520,13325,285,1,21,금
2022-01-21,경의선,곡산,545,582,1127,-37,1,21,금
2022-01-21,경의선,능곡,3671,3444,7115,227,1,21,금
2022-01-21,경의선,행신,7976,8085,16061,-109,1,21,금
2022-01-21,경의선,강매,3088,2731,5819,357,1,21,금
2022-01-21,경의선,화전,1563,1467,3030,96,1,21,금
2022-01-21,경의선,수색,2724,2787,5511,-63,1,21,금
2022-01-21,경의선,디지털미디어시티,2438,2305,4743,133,1,21,금
2022-01-21,경의선,가좌,5428,5271,10699,157,1,21,금
2022-01-21,경의선,홍대입구,1787,2086,3873,-299,1,21,금
2022-01-21,경의선,서강대,2114,2043,4157,71,1,21,금
2022-01-21,경의선,공덕,3624,3246,6870,378,1,21,금
2022-01-21,경의선,효창공원앞,2915,3427,6342,-512,1,21,금
2022-01-21,경의선,신촌,808,1048,1856,-240,1,21,금
2022-01-21,경의선,서울역,4196,5342,9538,-1146,1,21,금
2022-01-21,경원선,소요산,2278,1949,4227,329,1,21,금
2022-01-21,경원선,동두천,1944,2170,4114,-226,1,21,금
2022-01-21,경원선,보산,1258,1178,2436,80,1,21,금
2022-01-21,경원선,동두천중앙,2923,2858,5781,65,1,21,금
2022-01-21,경원선,지행,6126,6186,12312,-60,1,21,금
2022-01-21,경원선,덕정,5180,4969,10149,211,1,21,금
2022-01-21,경원선,덕계,3037,2721,5758,316,1,21,금
2022-01-21,경원선,양주,7360,6974,14334,386,1,21,금
2022-01-21,경원선,녹양,4342,4106,8448,236,1,21,금
2022-01-21,경원선,가능,6368,6268,12636,100,1,21,금
2022-01-21,경원선,의정부,18140,18951,37091,-811,1,21,금
2022-01-21,경원선,회룡,12580,12400,24980,180,1,21,금
2022-01-21,경원선,망월사,7097,7320,14417,-223,1,21,금
2022-01-21,경원선,도봉산,7271,4506,11777,2765,1,21,금
2022-01-21,경원선,도봉,6143,5825,11968,318,1,21,금
2022-01-21,경원선,방학,9679,9523,19202,156,1,21,금
2022-01-21,경원선,녹천,4437,3723,8160,714,1,21,금
2022-01-21,경원선,월계,6286,6005,12291,281,1,21,금
2022-01-21,경원선,광운대,7472,7148,14620,324,1,21,금
2022-01-21,경원선,석계,8225,9153,17378,-928,1,21,금
2022-01-21,경원선,신이문,8396,7765,16161,631,1,21,금
2022-01-21,경원선,외대앞,7202,7143,14345,59,1,21,금
2022-01-21,경원선,청량리(서울시립대입구),16916,17500,34416,-584,1,21,금
2022-01-21,경원선,왕십리(성동구청),14179,16678,30857,-2499,1,21,금
2022-01-21,경원선,응봉,1922,1653,3575,269,1,21,금
2022-01-21,경원선,옥수,56,30,86,26,1,21,금
2022-01-21,경원선,한남,4131,3859,7990,272,1,21,금
2022-01-21,경원선,서빙고,2095,1955,4050,140,1,21,금
2022-01-21,경원선,이촌(국립중앙박물관),3726,2912,6638,814,1,21,금
2022-01-21,경부선,광명,3625,3234,6859,391,1,21,금
2022-01-21,경부선,서동탄,1384,1227,2611,157,1,21,금
2022-01-21,경부선,당정,6034,5716,11750,318,1,21,금
2022-01-21,경부선,천안,4844,5023,9867,-179,1,21,금
2022-01-21,경부선,두정,5228,5069,10297,159,1,21,금
2022-01-21,경부선,직산,813,752,1565,61,1,21,금
2022-01-21,경부선,성환,3119,2917,6036,202,1,21,금
2022-01-21,경부선,평택,11123,11050,22173,73,1,21,금
2022-01-21,경부선,평택지제,3771,3252,7023,519,1,21,금
2022-01-21,경부선,서정리,7368,5875,13243,1493,1,21,금
2022-01-21,경부선,송탄,4221,3901,8122,320,1,21,금
2022-01-21,경부선,진위,1716,1374,3090,342,1,21,금
2022-01-21,경부선,오산,9825,9552,19377,273,1,21,금
2022-01-21,경부선,오산대,3273,3065,6338,208,1,21,금
2022-01-21,경부선,세마,2694,2477,5171,217,1,21,금
2022-01-21,경부선,병점,14235,14182,28417,53,1,21,금
2022-01-21,경부선,세류,2985,2844,5829,141,1,21,금
2022-01-21,경부선,독산,18791,19535,38326,-744,1,21,금
2022-01-21,경부선,수원,33957,37033,70990,-3076,1,21,금
2022-01-21,경부선,화서,7818,7614,15432,204,1,21,금
2022-01-21,경부선,성균관대,14215,13680,27895,535,1,21,금
2022-01-21,경부선,의왕,9052,8969,18021,83,1,21,금
2022-01-21,경부선,군포,7776,7645,15421,131,1,21,금
2022-01-21,경부선,금정,27071,27578,54649,-507,1,21,금
2022-01-21,경부선,명학,8875,8665,17540,210,1,21,금
2022-01-21,경부선,안양,20999,21387,42386,-388,1,21,금
2022-01-21,경부선,관악,7101,6674,13775,427,1,21,금
2022-01-21,경부선,석수,9663,8666,18329,997,1,21,금
2022-01-21,경부선,금천구청,11791,12006,23797,-215,1,21,금
2022-01-21,경부선,가산디지털단지,18194,21082,39276,-2888,1,21,금
2022-01-21,경부선,구로,18399,18872,37271,-473,1,21,금
2022-01-21,경부선,신길,8995,7523,16518,1472,1,21,금
2022-01-21,경부선,신도림,4304,4092,8396,212,1,21,금
2022-01-21,경부선,영등포,39521,41165,80686,-1644,1,21,금
2022-01-21,경부선,대방,12931,13078,26009,-147,1,21,금
2022-01-21,경부선,노량진,8714,8875,17589,-161,1,21,금
2022-01-21,경부선,용산,36661,37035,73696,-374,1,21,금
2022-01-21,경부선,남영,9291,9768,19059,-477,1,21,금
2022-01-21,경부선,서울역,7530,2454,9984,5076,1,21,금
2022-01-21,경강선,여주,2067,2154,4221,-87,1,21,금
2022-01-21,경강선,세종대왕릉,344,300,644,44,1,21,금
2022-01-21,경강선,부발,2730,1964,4694,766,1,21,금
2022-01-21,경강선,이천,2842,2875,5717,-33,1,21,금
2022-01-21,경강선,신둔도예촌,1381,1286,2667,95,1,21,금
2022-01-21,경강선,곤지암,2315,2130,4445,185,1,21,금
2022-01-21,경강선,초월,3121,2967,6088,154,1,21,금
2022-01-21,경강선,경기광주,7588,7230,14818,358,1,21,금
2022-01-21,경강선,삼동,2463,2252,4715,211,1,21,금
2022-01-21,경강선,이매,1130,943,2073,187,1,21,금
2022-01-21,경강선,판교,4751,4745,9496,6,1,21,금
2022-01-21,9호선2~3단계,중앙보훈병원,10857,9449,20306,1408,1,21,금
2022-01-21,9호선2~3단계,둔촌오륜,1022,925,1947,97,1,21,금
2022-01-21,9호선2~3단계,올림픽공원(한국체대),7282,7057,14339,225,1,21,금
2022-01-21,9호선2~3단계,한성백제,2636,2492,5128,144,1,21,금
2022-01-21,9호선2~3단계,송파나루,5355,5790,11145,-435,1,21,금
2022-01-21,9호선2~3단계,석촌,8849,7802,16651,1047,1,21,금
2022-01-21,9호선2~3단계,석촌고분,6367,6431,12798,-64,1,21,금
2022-01-21,9호선2~3단계,삼전,7394,7053,14447,341,1,21,금
2022-01-21,9호선2~3단계,종합운동장,4586,4508,9094,78,1,21,금
2022-01-21,9호선2~3단계,봉은사,17714,17987,35701,-273,1,21,금
2022-01-21,9호선2~3단계,삼성중앙,7025,7430,14455,-405,1,21,금
2022-01-21,9호선2~3단계,선정릉,10002,10557,20559,-555,1,21,금
2022-01-21,9호선2~3단계,언주,11515,11547,23062,-32,1,21,금
2022-01-21,9호선,신논현,34993,34956,69949,37,1,21,금
2022-01-21,9호선,사평,3639,3496,7135,143,1,21,금
2022-01-21,9호선,고속터미널,12581,16999,29580,-4418,1,21,금
2022-01-21,9호선,신반포,3438,3268,6706,170,1,21,금
2022-01-21,9호선,구반포,1528,1571,3099,-43,1,21,금
2022-01-21,9호선,동작(현충원),1961,1565,3526,396,1,21,금
2022-01-21,9호선,흑석(중앙대입구),8030,8330,16360,-300,1,21,금
2022-01-21,9호선,노들,4490,3813,8303,677,1,21,금
2022-01-21,9호선,노량진,27307,26419,53726,888,1,21,금
2022-01-21,9호선,샛강,6194,6265,12459,-71,1,21,금
2022-01-21,9호선,여의도,29243,27206,56449,2037,1,21,금
2022-01-21,9호선,국회의사당,17211,17561,34772,-350,1,21,금
2022-01-21,9호선,당산,18997,18999,37996,-2,1,21,금
2022-01-21,9호선,선유도,8991,8597,17588,394,1,21,금
2022-01-21,9호선,신목동,4148,3672,7820,476,1,21,금
2022-01-21,9호선,염창,17715,16996,34711,719,1,21,금
2022-01-21,9호선,등촌,11682,11661,23343,21,1,21,금
2022-01-21,9호선,증미,7622,7621,15243,1,1,21,금
2022-01-21,9호선,가양,20678,20113,40791,565,1,21,금
2022-01-21,9호선,양천향교,9782,9927,19709,-145,1,21,금
2022-01-21,9호선,마곡나루(서울식물원),12162,12051,24213,111,1,21,금
2022-01-21,9호선,신방화,6864,6498,13362,366,1,21,금
2022-01-21,9호선,공항시장,2966,3262,6228,-296,1,21,금
2022-01-21,9호선,김포공항,8242,13149,21391,-4907,1,21,금
2022-01-21,9호선,개화,2449,1729,4178,720,1,21,금
2022-01-21,8호선,남위례,4000,4202,8202,-202,1,21,금
2022-01-21,8호선,모란,4345,3430,7775,915,1,21,금
2022-01-21,8호선,수진,5307,4830,10137,477,1,21,금
2022-01-21,8호선,신흥,4229,4596,8825,-367,1,21,금
2022-01-21,8호선,단대오거리,10606,10250,20856,356,1,21,금
2022-01-21,8호선,남한산성입구(성남법원.검찰청),13608,12348,25956,1260,1,21,금
2022-01-21,8호선,산성,5385,5325,10710,60,1,21,금
2022-01-21,8호선,복정,9767,8266,18033,1501,1,21,금
2022-01-21,8호선,장지,17637,16833,34470,804,1,21,금
2022-01-21,8호선,문정,22789,24000,46789,-1211,1,21,금
2022-01-21,8호선,가락시장,8487,9305,17792,-818,1,21,금
2022-01-21,8호선,송파,7636,7769,15405,-133,1,21,금
2022-01-21,8호선,석촌,8067,9399,17466,-1332,1,21,금
2022-01-21,8호선,잠실(송파구청),14519,17005,31524,-2486,1,21,금
2022-01-21,8호선,몽촌토성(평화의문),6240,6346,12586,-106,1,21,금
2022-01-21,8호선,강동구청,10979,11432,22411,-453,1,21,금
2022-01-21,8호선,천호(풍납토성),15735,18323,34058,-2588,1,21,금
2022-01-21,8호선,암사,19429,17291,36720,2138,1,21,금
2022-01-21,7호선,상동,2,0,2,2,1,21,금
2022-01-21,7호선,신중동,1,0,1,1,1,21,금
2022-01-21,7호선,춘의,1,0,1,1,1,21,금
2022-01-21,7호선,부천종합운동장,1,0,1,1,1,21,금
2022-01-21,7호선,까치울,1,0,1,1,1,21,금
2022-01-21,7호선,온수(성공회대입구),10035,9122,19157,913,1,21,금
2022-01-21,7호선,천왕,11401,10689,22090,712,1,21,금
2022-01-21,7호선,광명사거리,22676,22547,45223,129,1,21,금
2022-01-21,7호선,철산,21673,22059,43732,-386,1,21,금
2022-01-21,7호선,가산디지털단지,46564,45952,92516,612,1,21,금
2022-01-21,7호선,남구로,15744,16954,32698,-1210,1,21,금
2022-01-21,7호선,대림(구로구청),7678,7850,15528,-172,1,21,금
2022-01-21,7호선,신풍,11600,11106,22706,494,1,21,금
2022-01-21,7호선,보라매,9840,9695,19535,145,1,21,금
2022-01-21,7호선,신대방삼거리,16790,15872,32662,918,1,21,금
2022-01-21,7호선,장승배기,9290,9076,18366,214,1,21,금
2022-01-21,7호선,상도,10837,10399,21236,438,1,21,금
2022-01-21,7호선,숭실대입구(살피재),11431,11644,23075,-213,1,21,금
2022-01-21,7호선,남성,11265,10413,21678,852,1,21,금
2022-01-21,7호선,이수,16381,15746,32127,635,1,21,금
2022-01-21,7호선,내방,14930,15286,30216,-356,1,21,금
2022-01-21,7호선,고속터미널,16905,13928,30833,2977,1,21,금
2022-01-21,7호선,반포,6062,5692,11754,370,1,21,금
2022-01-21,7호선,논현,21521,23491,45012,-1970,1,21,금
2022-01-21,7호선,학동,25296,26530,51826,-1234,1,21,금
2022-01-21,7호선,강남구청,17213,18853,36066,-1640,1,21,금
2022-01-21,7호선,청담,19990,22447,42437,-2457,1,21,금
2022-01-21,7호선,뚝섬유원지,7469,7218,14687,251,1,21,금
2022-01-21,7호선,건대입구,12674,13151,25825,-477,1,21,금
2022-01-21,7호선,어린이대공원(세종대),12367,12180,24547,187,1,21,금
2022-01-21,7호선,군자(능동),15345,12307,27652,3038,1,21,금
2022-01-21,7호선,중곡,10672,10198,20870,474,1,21,금
2022-01-21,7호선,용마산(용마폭포공원),5960,5788,11748,172,1,21,금
2022-01-21,7호선,사가정,16198,16278,32476,-80,1,21,금
2022-01-21,7호선,면목,15468,15292,30760,176,1,21,금
2022-01-21,7호선,상봉(시외버스터미널),17358,16563,33921,795,1,21,금
2022-01-21,7호선,중화,10826,10654,21480,172,1,21,금
2022-01-21,7호선,먹골,10326,10047,20373,279,1,21,금
2022-01-21,7호선,태릉입구,8494,8071,16565,423,1,21,금
2022-01-21,7호선,공릉(서울과학기술대),11479,11558,23037,-79,1,21,금
2022-01-21,7호선,하계,17664,16392,34056,1272,1,21,금
2022-01-21,7호선,중계,13970,12508,26478,1462,1,21,금
2022-01-21,7호선,노원,20786,21282,42068,-496,1,21,금
2022-01-21,7호선,마들,13011,12327,25338,684,1,21,금
2022-01-21,7호선,수락산,12515,12144,24659,371,1,21,금
2022-01-21,7호선,도봉산,8782,10096,18878,-1314,1,21,금
2022-01-21,7호선,장암,2145,825,2970,1320,1,21,금
2022-01-21,6호선,봉화산(서울의료원),8965,8437,17402,528,1,21,금
2022-01-21,6호선,화랑대(서울여대입구),11713,9125,20838,2588,1,21,금
2022-01-21,6호선,태릉입구,5574,6047,11621,-473,1,21,금
2022-01-21,6호선,석계,12312,12577,24889,-265,1,21,금
2022-01-21,6호선,돌곶이,9525,8887,18412,638,1,21,금
2022-01-21,6호선,상월곡(한국과학기술연구원),6262,5645,11907,617,1,21,금
2022-01-21,6호선,월곡(동덕여대),11716,11612,23328,104,1,21,금
2022-01-21,6호선,고려대(종암),7839,7426,15265,413,1,21,금
2022-01-21,6호선,안암(고대병원앞),9928,9698,19626,230,1,21,금
2022-01-21,6호선,보문,7417,6763,14180,654,1,21,금
2022-01-21,6호선,창신,3382,2658,6040,724,1,21,금
2022-01-21,6호선,동묘앞,7935,7935,15870,0,1,21,금
2022-01-21,6호선,신당,9013,9299,18312,-286,1,21,금
2022-01-21,6호선,청구,3805,4032,7837,-227,1,21,금
2022-01-21,6호선,약수,3646,3779,7425,-133,1,21,금
2022-01-21,6호선,버티고개,2043,2097,4140,-54,1,21,금
2022-01-21,6호선,한강진,9800,11026,20826,-1226,1,21,금
2022-01-21,6호선,이태원,10468,10844,21312,-376,1,21,금
2022-01-21,6호선,녹사평(용산구청),4886,4840,9726,46,1,21,금
2022-01-21,6호선,삼각지,6590,5888,12478,702,1,21,금
2022-01-21,6호선,효창공원앞,7010,6386,13396,624,1,21,금
2022-01-21,6호선,공덕,19074,18364,37438,710,1,21,금
2022-01-21,6호선,대흥(서강대앞),8082,8272,16354,-190,1,21,금
2022-01-21,6호선,광흥창(서강),9056,8916,17972,140,1,21,금
2022-01-21,6호선,상수,8694,9740,18434,-1046,1,21,금
2022-01-21,6호선,합정,13760,13356,27116,404,1,21,금
2022-01-21,6호선,망원,14931,16154,31085,-1223,1,21,금
2022-01-21,6호선,마포구청,14566,13233,27799,1333,1,21,금
2022-01-21,6호선,월드컵경기장(성산),3831,3997,7828,-166,1,21,금
2022-01-21,6호선,디지털미디어시티,13449,14760,28209,-1311,1,21,금
2022-01-21,6호선,증산(명지대앞),10174,10018,20192,156,1,21,금
2022-01-21,6호선,새절(신사),12788,11938,24726,850,1,21,금
2022-01-21,6호선,구산,7574,5718,13292,1856,1,21,금
2022-01-21,6호선,연신내,1,0,1,1,1,21,금
2022-01-21,6호선,독바위,2662,2754,5416,-92,1,21,금
2022-01-21,6호선,불광,4283,4048,8331,235,1,21,금
2022-01-21,6호선,역촌,3830,4528,8358,-698,1,21,금
2022-01-21,6호선,응암,17614,17676,35290,-62,1,21,금
2022-01-21,5호선,하남검단산,5470,5206,10676,264,1,21,금
2022-01-21,5호선,하남시청(덕풍·신장),6555,6407,12962,148,1,21,금
2022-01-21,5호선,하남풍산,4219,4289,8508,-70,1,21,금
2022-01-21,5호선,미사,16110,16128,32238,-18,1,21,금
2022-01-21,5호선,강일,3923,3734,7657,189,1,21,금
2022-01-21,5호선,마천,6881,6702,13583,179,1,21,금
2022-01-21,5호선,거여,9340,8906,18246,434,1,21,금
2022-01-21,5호선,개롱,6369,6716,13085,-347,1,21,금
2022-01-21,5호선,오금,3708,3864,7572,-156,1,21,금
2022-01-21,5호선,방이,7478,7827,15305,-349,1,21,금
2022-01-21,5호선,올림픽공원(한국체대),4326,3792,8118,534,1,21,금
2022-01-21,5호선,둔촌동,8973,9114,18087,-141,1,21,금
2022-01-21,5호선,상일동,15866,14558,30424,1308,1,21,금
2022-01-21,5호선,고덕,9637,9552,19189,85,1,21,금
2022-01-21,5호선,명일,8721,9088,17809,-367,1,21,금
2022-01-21,5호선,굽은다리(강동구민회관앞),9790,9300,19090,490,1,21,금
2022-01-21,5호선,길동,8453,8916,17369,-463,1,21,금
2022-01-21,5호선,강동,18976,18173,37149,803,1,21,금
2022-01-21,5호선,천호(풍납토성),19164,18838,38002,326,1,21,금
2022-01-21,5호선,광나루(장신대),13518,12064,25582,1454,1,21,금
2022-01-21,5호선,아차산(어린이대공원후문),14056,13749,27805,307,1,21,금
2022-01-21,5호선,군자(능동),11610,12819,24429,-1209,1,21,금
2022-01-21,5호선,장한평,18874,18786,37660,88,1,21,금
2022-01-21,5호선,답십리,16378,15001,31379,1377,1,21,금
2022-01-21,5호선,마장,5958,5806,11764,152,1,21,금
2022-01-21,5호선,왕십리(성동구청),4854,5480,10334,-626,1,21,금
2022-01-21,5호선,행당,8153,7251,15404,902,1,21,금
2022-01-21,5호선,신금호,6415,6602,13017,-187,1,21,금
2022-01-21,5호선,청구,4118,3697,7815,421,1,21,금
2022-01-21,5호선,동대문역사문화공원(DDP),3110,3592,6702,-482,1,21,금
2022-01-21,5호선,을지로4가,6446,6533,12979,-87,1,21,금
2022-01-21,5호선,종로3가,13107,13051,26158,56,1,21,금
2022-01-21,5호선,광화문(세종문화회관),29609,30560,60169,-951,1,21,금
2022-01-21,5호선,서대문,18997,19357,38354,-360,1,21,금
2022-01-21,5호선,충정로(경기대입구),4738,4740,9478,-2,1,21,금
2022-01-21,5호선,애오개,6883,6977,13860,-94,1,21,금
2022-01-21,5호선,공덕,14454,15417,29871,-963,1,21,금
2022-01-21,5호선,마포,14695,15331,30026,-636,1,21,금
2022-01-21,5호선,여의나루,9330,10083,19413,-753,1,21,금
2022-01-21,5호선,여의도,29367,30652,60019,-1285,1,21,금
2022-01-21,5호선,신길,4193,4502,8695,-309,1,21,금
2022-01-21,5호선,영등포시장,10416,10663,21079,-247,1,21,금
2022-01-21,5호선,영등포구청,4002,4145,8147,-143,1,21,금
2022-01-21,5호선,양평,7702,7612,15314,90,1,21,금
2022-01-21,5호선,오목교(목동운동장앞),22832,24678,47510,-1846,1,21,금
2022-01-21,5호선,목동,17177,18579,35756,-1402,1,21,금
2022-01-21,5호선,신정(은행정),14053,11214,25267,2839,1,21,금
2022-01-21,5호선,까치산,29189,28116,57305,1073,1,21,금
2022-01-21,5호선,화곡,28755,26885,55640,1870,1,21,금
2022-01-21,5호선,우장산,14381,14178,28559,203,1,21,금
2022-01-21,5호선,발산,20228,20678,40906,-450,1,21,금
2022-01-21,5호선,마곡,11087,11018,22105,69,1,21,금
2022-01-21,5호선,송정,6660,6332,12992,328,1,21,금
2022-01-21,5호선,김포공항,8002,7435,15437,567,1,21,금
2022-01-21,5호선,개화산,5580,5274,10854,306,1,21,금
2022-01-21,5호선,방화,6576,6422,12998,154,1,21,금
2022-01-21,4호선,쌍문,29408,27376,56784,2032,1,21,금
2022-01-21,4호선,창동,27071,28736,55807,-1665,1,21,금
2022-01-21,4호선,노원,18736,21582,40318,-2846,1,21,금
2022-01-21,4호선,상계,18300,17754,36054,546,1,21,금
2022-01-21,4호선,당고개,12722,11677,24399,1045,1,21,금
2022-01-21,4호선,남태령,1270,1094,2364,176,1,21,금
2022-01-21,4호선,사당,26270,22040,48310,4230,1,21,금
2022-01-21,4호선,총신대입구(이수),19515,21302,40817,-1787,1,21,금
2022-01-21,4호선,동작(현충원),1390,1521,2911,-131,1,21,금
2022-01-21,4호선,이촌(국립중앙박물관),7698,8574,16272,-876,1,21,금
2022-01-21,4호선,신용산,17123,17936,35059,-813,1,21,금
2022-01-21,4호선,삼각지,5023,5891,10914,-868,1,21,금
2022-01-21,4호선,숙대입구(갈월),12792,12759,25551,33,1,21,금
2022-01-21,4호선,서울역,11151,17816,28967,-6665,1,21,금
2022-01-21,4호선,회현(남대문시장),24521,25816,50337,-1295,1,21,금
2022-01-21,4호선,명동,17877,18700,36577,-823,1,21,금
2022-01-21,4호선,충무로,26038,26625,52663,-587,1,21,금
2022-01-21,4호선,동대문역사문화공원(DDP),14538,13702,28240,836,1,21,금
2022-01-21,4호선,동대문,19228,19615,38843,-387,1,21,금
2022-01-21,4호선,혜화,32786,31435,64221,1351,1,21,금
2022-01-21,4호선,한성대입구(삼선교),13346,14329,27675,-983,1,21,금
2022-01-21,4호선,성신여대입구(돈암),20198,21328,41526,-1130,1,21,금
2022-01-21,4호선,길음,20628,20695,41323,-67,1,21,금
2022-01-21,4호선,미아사거리,27554,27645,55199,-91,1,21,금
2022-01-21,4호선,미아(서울사이버대학),14514,14166,28680,348,1,21,금
2022-01-21,4호선,수유(강북구청),33950,34409,68359,-459,1,21,금
2022-01-21,3호선,오금,6400,5611,12011,789,1,21,금
2022-01-21,3호선,경찰병원,7643,7704,15347,-61,1,21,금
2022-01-21,3호선,가락시장,9758,9466,19224,292,1,21,금
2022-01-21,3호선,수서,18504,18789,37293,-285,1,21,금
2022-01-21,3호선,일원,10041,9469,19510,572,1,21,금
2022-01-21,3호선,대청,10151,9524,19675,627,1,21,금
2022-01-21,3호선,학여울,1830,1828,3658,2,1,21,금
2022-01-21,3호선,대치,12363,12197,24560,166,1,21,금
2022-01-21,3호선,도곡,5478,5485,10963,-7,1,21,금
2022-01-21,3호선,매봉,12967,12363,25330,604,1,21,금
2022-01-21,3호선,양재(서초구청),41083,43387,84470,-2304,1,21,금
2022-01-21,3호선,남부터미널(예술의전당),31200,31100,62300,100,1,21,금
2022-01-21,3호선,교대(법원.검찰청),15409,9888,25297,5521,1,21,금
2022-01-21,3호선,고속터미널,44144,44964,89108,-820,1,21,금
2022-01-21,3호선,잠원,5067,4844,9911,223,1,21,금
2022-01-21,3호선,신사,34478,35794,70272,-1316,1,21,금
2022-01-21,3호선,압구정,35809,37898,73707,-2089,1,21,금
2022-01-21,3호선,옥수,9155,9604,18759,-449,1,21,금
2022-01-21,3호선,금호,8290,7661,15951,629,1,21,금
2022-01-21,3호선,약수,13181,12689,25870,492,1,21,금
2022-01-21,3호선,동대입구,7092,7483,14575,-391,1,21,금
2022-01-21,3호선,충무로,1,0,1,1,1,21,금
2022-01-21,3호선,을지로3가,11244,11290,22534,-46,1,21,금
2022-01-21,3호선,종로3가,10619,12153,22772,-1534,1,21,금
2022-01-21,3호선,안국,20548,21120,41668,-572,1,21,금
2022-01-21,3호선,경복궁(정부서울청사),19481,19160,38641,321,1,21,금
2022-01-21,3호선,독립문,6997,7070,14067,-73,1,21,금
2022-01-21,3호선,무악재,3894,3950,7844,-56,1,21,금
2022-01-21,3호선,홍제,17357,16548,33905,809,1,21,금
2022-01-21,3호선,불광,16121,17358,33479,-1237,1,21,금
2022-01-21,3호선,연신내,36748,34938,71686,1810,1,21,금
2022-01-21,3호선,구파발,20790,19464,40254,1326,1,21,금
2022-01-21,3호선,지축,4524,4356,8880,168,1,21,금
2022-01-21,2호선,용두(동대문구청),2638,2632,5270,6,1,21,금
2022-01-21,2호선,신정네거리,10491,10958,21449,-467,1,21,금
2022-01-21,2호선,양천구청,7020,7331,14351,-311,1,21,금
2022-01-21,2호선,도림천,1386,1443,2829,-57,1,21,금
2022-01-21,2호선,신설동,3684,3827,7511,-143,1,21,금
2022-01-21,2호선,신답,1701,1918,3619,-217,1,21,금
2022-01-21,2호선,용답,2731,2715,5446,16,1,21,금
2022-01-21,2호선,충정로(경기대입구),9741,10424,20165,-683,1,21,금
2022-01-21,2호선,아현,10267,9775,20042,492,1,21,금
2022-01-21,2호선,이대,13181,13798,26979,-617,1,21,금
2022-01-21,2호선,신촌,33381,34024,67405,-643,1,21,금
2022-01-21,2호선,홍대입구,56189,58740,114929,-2551,1,21,금
2022-01-21,2호선,합정,33005,34126,67131,-1121,1,21,금
2022-01-21,2호선,당산,18649,21227,39876,-2578,1,21,금
2022-01-21,2호선,영등포구청,23396,24073,47469,-677,1,21,금
2022-01-21,2호선,문래,21519,22047,43566,-528,1,21,금
2022-01-21,2호선,신도림,48182,47848,96030,334,1,21,금
2022-01-21,2호선,대림(구로구청),23870,24356,48226,-486,1,21,금
2022-01-21,2호선,구로디지털단지,60224,60333,120557,-109,1,21,금
2022-01-21,2호선,신대방,26493,25795,52288,698,1,21,금
2022-01-21,2호선,신림,64508,63198,127706,1310,1,21,금
2022-01-21,2호선,봉천,24029,22448,46477,1581,1,21,금
2022-01-21,2호선,서울대입구(관악구청),48684,47559,96243,1125,1,21,금
2022-01-21,2호선,낙성대(강감찬),27391,26265,53656,1126,1,21,금
2022-01-21,2호선,사당,38617,42109,80726,-3492,1,21,금
2022-01-21,2호선,방배,16490,17151,33641,-661,1,21,금
2022-01-21,2호선,서초,22413,21602,44015,811,1,21,금
2022-01-21,2호선,교대(법원.검찰청),35779,40689,76468,-4910,1,21,금
2022-01-21,2호선,강남,92932,91167,184099,1765,1,21,금
2022-01-21,2호선,역삼,53947,59558,113505,-5611,1,21,금
2022-01-21,2호선,선릉,57932,51335,109267,6597,1,21,금
2022-01-21,2호선,삼성(무역센터),56085,56247,112332,-162,1,21,금
2022-01-21,2호선,종합운동장,7167,7738,14905,-571,1,21,금
2022-01-21,2호선,잠실새내,22169,22508,44677,-339,1,21,금
2022-01-21,2호선,잠실(송파구청),70855,69615,140470,1240,1,21,금
2022-01-21,2호선,잠실나루,14987,14366,29353,621,1,21,금
2022-01-21,2호선,강변(동서울터미널),31486,30514,62000,972,1,21,금
2022-01-21,2호선,구의(광진구청),24357,24180,48537,177,1,21,금
2022-01-21,2호선,건대입구,37184,39631,76815,-2447,1,21,금
2022-01-21,2호선,성수,38604,41760,80364,-3156,1,21,금
2022-01-21,2호선,뚝섬,23137,24339,47476,-1202,1,21,금
2022-01-21,2호선,한양대,6751,6987,13738,-236,1,21,금
2022-01-21,2호선,왕십리(성동구청),16154,13329,29483,2825,1,21,금
2022-01-21,2호선,상왕십리,14523,14192,28715,331,1,21,금
2022-01-21,2호선,신당,14019,14446,28465,-427,1,21,금
2022-01-21,2호선,동대문역사문화공원(DDP),11723,13166,24889,-1443,1,21,금
2022-01-21,2호선,을지로4가,13506,13335,26841,171,1,21,금
2022-01-21,2호선,을지로3가,23140,22942,46082,198,1,21,금
2022-01-21,2호선,을지로입구,39961,40586,80547,-625,1,21,금
2022-01-21,2호선,시청,23783,22915,46698,868,1,21,금
2022-01-21,1호선,청량리(서울시립대입구),21669,21812,43481,-143,1,21,금
2022-01-21,1호선,제기동,19997,20638,40635,-641,1,21,금
2022-01-21,1호선,신설동,14300,13665,27965,635,1,21,금
2022-01-21,1호선,동대문,11068,10066,21134,1002,1,21,금
2022-01-21,1호선,종로5가,23292,22980,46272,312,1,21,금
2022-01-21,1호선,종로3가,26719,24562,51281,2157,1,21,금
2022-01-21,1호선,종각,36003,34974,70977,1029,1,21,금
2022-01-21,1호선,시청,22081,22228,44309,-147,1,21,금
2022-01-21,1호선,동묘앞,7810,8186,15996,-376,1,21,금
2022-01-21,1호선,서울역,46637,44427,91064,2210,1,21,금
2022-01-22,2호선,동대문역사문화공원(DDP),10063,10875,20938,-812,1,22,토
2022-01-22,3호선,일원,4658,4646,9304,12,1,22,토
2022-01-22,3호선,대청,5946,5503,11449,443,1,22,토
2022-01-22,3호선,학여울,990,1017,2007,-27,1,22,토
2022-01-22,3호선,대치,9186,8182,17368,1004,1,22,토
2022-01-22,3호선,도곡,3175,3129,6304,46,1,22,토
2022-01-22,3호선,매봉,6043,5836,11879,207,1,22,토
2022-01-22,3호선,양재(서초구청),20969,22200,43169,-1231,1,22,토
2022-01-22,3호선,남부터미널(예술의전당),19006,18898,37904,108,1,22,토
2022-01-22,3호선,교대(법원.검찰청),6662,4097,10759,2565,1,22,토
2022-01-22,3호선,고속터미널,45305,44716,90021,589,1,22,토
2022-01-22,3호선,잠원,3380,3224,6604,156,1,22,토
2022-01-22,3호선,신사,26640,27191,53831,-551,1,22,토
2022-01-22,3호선,압구정,25367,26391,51758,-1024,1,22,토
2022-01-22,3호선,옥수,6369,6608,12977,-239,1,22,토
2022-01-22,3호선,금호,5641,5177,10818,464,1,22,토
2022-01-22,3호선,약수,8733,8256,16989,477,1,22,토
2022-01-22,3호선,동대입구,5025,5846,10871,-821,1,22,토
2022-01-22,3호선,충무로,1,0,1,1,1,22,토
2022-01-22,3호선,을지로3가,4954,5258,10212,-304,1,22,토
2022-01-22,3호선,종로3가,5836,7936,13772,-2100,1,22,토
2022-01-22,3호선,안국,14062,15719,29781,-1657,1,22,토
2022-01-22,3호선,경복궁(정부서울청사),14239,14525,28764,-286,1,22,토
2022-01-22,3호선,독립문,5229,5505,10734,-276,1,22,토
2022-01-22,3호선,무악재,2605,2742,5347,-137,1,22,토
2022-01-22,3호선,홍제,12473,11799,24272,674,1,22,토
2022-01-22,3호선,녹번,9935,8739,18674,1196,1,22,토
2022-01-22,3호선,불광,12123,13521,25644,-1398,1,22,토
2022-01-22,3호선,연신내,28532,26881,55413,1651,1,22,토
2022-01-22,3호선,구파발,14234,14081,28315,153,1,22,토
2022-01-22,3호선,지축,2797,2738,5535,59,1,22,토
2022-01-22,2호선,용두(동대문구청),1802,1872,3674,-70,1,22,토
2022-01-22,2호선,신정네거리,7020,7207,14227,-187,1,22,토
2022-01-22,2호선,양천구청,4165,4338,8503,-173,1,22,토
2022-01-22,2호선,도림천,803,812,1615,-9,1,22,토
2022-01-22,2호선,신설동,3456,3578,7034,-122,1,22,토
2022-01-22,2호선,신답,983,1052,2035,-69,1,22,토
2022-01-22,2호선,용답,2034,2034,4068,0,1,22,토
2022-01-22,2호선,충정로(경기대입구),5515,5854,11369,-339,1,22,토
2022-01-22,2호선,아현,7086,6639,13725,447,1,22,토
2022-01-22,2호선,이대,9315,9935,19250,-620,1,22,토
2022-01-22,2호선,신촌,28813,29052,57865,-239,1,22,토
2022-01-22,2호선,홍대입구,63399,66290,129689,-2891,1,22,토
2022-01-22,2호선,합정,28460,30303,58763,-1843,1,22,토
2022-01-22,2호선,당산,11798,13361,25159,-1563,1,22,토
2022-01-22,2호선,영등포구청,12760,13427,26187,-667,1,22,토
2022-01-22,2호선,문래,11744,12547,24291,-803,1,22,토
2022-01-22,2호선,신도림,38224,38760,76984,-536,1,22,토
2022-01-22,3호선,가락시장,6198,6036,12234,162,1,22,토
2022-01-22,3호선,경찰병원,3813,3768,7581,45,1,22,토
2022-01-22,3호선,오금,3643,3387,7030,256,1,22,토
2022-01-22,4호선,수유(강북구청),25347,25103,50450,244,1,22,토
2022-01-22,4호선,미아(서울사이버대학),10210,9793,20003,417,1,22,토
2022-01-22,4호선,미아사거리,20793,20009,40802,784,1,22,토
2022-01-22,4호선,길음,13929,13483,27412,446,1,22,토
2022-01-22,4호선,성신여대입구(돈암),15915,15159,31074,756,1,22,토
2022-01-22,4호선,한성대입구(삼선교),9602,9153,18755,449,1,22,토
2022-01-22,4호선,혜화,27387,28094,55481,-707,1,22,토
2022-01-22,4호선,동대문,12391,12298,24689,93,1,22,토
2022-01-22,4호선,동대문역사문화공원(DDP),10753,9447,20200,1306,1,22,토
2022-01-22,4호선,충무로,11920,12194,24114,-274,1,22,토
2022-01-22,4호선,명동,13015,14903,27918,-1888,1,22,토
2022-01-22,4호선,회현(남대문시장),16490,17774,34264,-1284,1,22,토
2022-01-22,4호선,서울역,5410,12120,17530,-6710,1,22,토
2022-01-22,4호선,숙대입구(갈월),8885,8704,17589,181,1,22,토
2022-01-22,4호선,삼각지,3378,4245,7623,-867,1,22,토
2022-01-22,4호선,신용산,10051,10798,20849,-747,1,22,토
2022-01-22,4호선,이촌(국립중앙박물관),6503,7184,13687,-681,1,22,토
2022-01-22,4호선,동작(현충원),1087,1290,2377,-203,1,22,토
2022-01-22,4호선,총신대입구(이수),13900,14981,28881,-1081,1,22,토
2022-01-22,4호선,사당,20069,17199,37268,2870,1,22,토
2022-01-22,4호선,남태령,941,599,1540,342,1,22,토
2022-01-22,4호선,당고개,9498,8875,18373,623,1,22,토
2022-01-22,4호선,상계,13262,12601,25863,661,1,22,토
2022-01-22,4호선,노원,15642,17118,32760,-1476,1,22,토
2022-01-22,4호선,창동,19575,20483,40058,-908,1,22,토
2022-01-22,4호선,쌍문,20583,18629,39212,1954,1,22,토
2022-01-22,5호선,방화,4371,4279,8650,92,1,22,토
2022-01-22,5호선,개화산,3462,3339,6801,123,1,22,토
2022-01-22,5호선,김포공항,7052,7146,14198,-94,1,22,토
2022-01-22,5호선,송정,4825,4642,9467,183,1,22,토
2022-01-22,5호선,마곡,5425,5380,10805,45,1,22,토
2022-01-22,5호선,발산,12951,13443,26394,-492,1,22,토
2022-01-22,5호선,우장산,9554,9553,19107,1,1,22,토
2022-01-22,5호선,화곡,19480,18178,37658,1302,1,22,토
2022-01-22,5호선,까치산,20608,19914,40522,694,1,22,토
2022-01-22,5호선,신정(은행정),8868,7613,16481,1255,1,22,토
2022-01-22,5호선,목동,10996,11214,22210,-218,1,22,토
2022-01-22,5호선,오목교(목동운동장앞),15684,16097,31781,-413,1,22,토
2022-01-22,5호선,양평,3667,3621,7288,46,1,22,토
2022-01-22,5호선,영등포구청,2025,1938,3963,87,1,22,토
2022-01-22,5호선,영등포시장,7715,8162,15877,-447,1,22,토
2022-01-22,5호선,신길,2452,2716,5168,-264,1,22,토
2022-01-22,5호선,여의도,11224,11544,22768,-320,1,22,토
2022-01-22,5호선,여의나루,6439,7618,14057,-1179,1,22,토
2022-01-22,5호선,마포,7365,7361,14726,4,1,22,토
2022-01-22,5호선,공덕,6925,7075,14000,-150,1,22,토
2022-01-22,5호선,애오개,3532,3460,6992,72,1,22,토
2022-01-22,5호선,충정로(경기대입구),1848,1779,3627,69,1,22,토
2022-01-22,5호선,서대문,6958,6806,13764,152,1,22,토
2022-01-22,5호선,광화문(세종문화회관),13909,13941,27850,-32,1,22,토
2022-01-22,5호선,종로3가,11955,12108,24063,-153,1,22,토
2022-01-22,5호선,을지로4가,3426,3815,7241,-389,1,22,토
2022-01-22,5호선,동대문역사문화공원(DDP),1065,1392,2457,-327,1,22,토
2022-01-22,5호선,청구,2530,2286,4816,244,1,22,토
2022-01-22,5호선,신금호,4011,4134,8145,-123,1,22,토
2022-01-22,5호선,행당,5300,4661,9961,639,1,22,토
2022-01-22,5호선,왕십리(성동구청),3405,4074,7479,-669,1,22,토
2022-01-22,5호선,마장,4202,4165,8367,37,1,22,토
2022-01-22,5호선,답십리,9944,9143,19087,801,1,22,토
2022-01-22,5호선,장한평,10934,10754,21688,180,1,22,토
2022-01-22,5호선,군자(능동),8329,9157,17486,-828,1,22,토
2022-01-22,5호선,아차산(어린이대공원후문),12580,12014,24594,566,1,22,토
2022-01-22,5호선,광나루(장신대),9018,8599,17617,419,1,22,토
2022-01-22,5호선,천호(풍납토성),16292,15534,31826,758,1,22,토
2022-01-22,5호선,강동,12429,11759,24188,670,1,22,토
2022-01-22,5호선,길동,5801,6106,11907,-305,1,22,토
2022-01-22,5호선,굽은다리(강동구민회관앞),6924,6562,13486,362,1,22,토
2022-01-22,5호선,명일,6000,6051,12051,-51,1,22,토
2022-01-22,5호선,고덕,6052,6027,12079,25,1,22,토
2022-01-22,5호선,상일동,9082,8401,17483,681,1,22,토
2022-01-22,5호선,둔촌동,6108,6094,12202,14,1,22,토
2022-01-22,5호선,올림픽공원(한국체대),2764,2473,5237,291,1,22,토
2022-01-22,5호선,방이,5053,5024,10077,29,1,22,토
2022-01-22,5호선,오금,2166,2049,4215,117,1,22,토
2022-01-22,5호선,개롱,3986,4293,8279,-307,1,22,토
2022-01-22,5호선,거여,5779,5517,11296,262,1,22,토
2022-01-22,5호선,마천,4500,4667,9167,-167,1,22,토
2022-01-22,5호선,강일,2646,2548,5194,98,1,22,토
2022-01-22,5호선,미사,11400,11377,22777,23,1,22,토
2022-01-22,5호선,하남풍산,2578,2678,5256,-100,1,22,토
2022-01-22,5호선,하남시청(덕풍·신장),4971,4898,9869,73,1,22,토
2022-01-22,5호선,하남검단산,4728,4687,9415,41,1,22,토
2022-01-22,6호선,응암,12279,12418,24697,-139,1,22,토
2022-01-22,6호선,역촌,2506,3044,5550,-538,1,22,토
2022-01-22,6호선,불광,3524,3234,6758,290,1,22,토
2022-01-22,6호선,독바위,1862,2001,3863,-139,1,22,토
2022-01-22,6호선,구산,5298,3927,9225,1371,1,22,토
2022-01-22,6호선,새절(신사),8503,8125,16628,378,1,22,토
2022-01-22,6호선,증산(명지대앞),6986,7211,14197,-225,1,22,토
2022-01-22,6호선,디지털미디어시티,6789,6888,13677,-99,1,22,토
2022-01-22,6호선,월드컵경기장(성산),3513,3492,7005,21,1,22,토
2022-01-22,6호선,마포구청,9287,8373,17660,914,1,22,토
2022-01-22,6호선,망원,13357,14805,28162,-1448,1,22,토
2022-01-22,6호선,합정,12796,11456,24252,1340,1,22,토
2022-01-22,6호선,상수,8115,9264,17379,-1149,1,22,토
2022-01-22,6호선,광흥창(서강),5075,4668,9743,407,1,22,토
2022-01-22,6호선,대흥(서강대앞),5062,5149,10211,-87,1,22,토
2022-01-22,6호선,공덕,10039,9442,19481,597,1,22,토
2022-01-22,6호선,효창공원앞,4496,4056,8552,440,1,22,토
2022-01-22,6호선,삼각지,5109,4147,9256,962,1,22,토
2022-01-22,6호선,녹사평(용산구청),4453,4834,9287,-381,1,22,토
2022-01-22,6호선,이태원,11825,12072,23897,-247,1,22,토
2022-01-22,6호선,한강진,9879,11362,21241,-1483,1,22,토
2022-01-22,6호선,버티고개,1353,1452,2805,-99,1,22,토
2022-01-22,6호선,약수,2450,2492,4942,-42,1,22,토
2022-01-22,6호선,청구,2329,2362,4691,-33,1,22,토
2022-01-22,6호선,신당,6667,5764,12431,903,1,22,토
2022-01-22,6호선,동묘앞,7456,7049,14505,407,1,22,토
2022-01-22,6호선,창신,2088,1762,3850,326,1,22,토
2022-01-22,6호선,보문,4951,4436,9387,515,1,22,토
2022-01-22,6호선,안암(고대병원앞),5907,5847,11754,60,1,22,토
2022-01-22,6호선,고려대(종암),4794,4621,9415,173,1,22,토
2022-01-22,6호선,월곡(동덕여대),7633,7341,14974,292,1,22,토
2022-01-22,6호선,상월곡(한국과학기술연구원),4003,3636,7639,367,1,22,토
2022-01-22,6호선,돌곶이,6019,5617,11636,402,1,22,토
2022-01-22,6호선,석계,8603,8716,17319,-113,1,22,토
2022-01-22,6호선,태릉입구,4175,4416,8591,-241,1,22,토
2022-01-22,6호선,화랑대(서울여대입구),7767,6270,14037,1497,1,22,토
2022-01-22,6호선,봉화산(서울의료원),5153,5102,10255,51,1,22,토
2022-01-22,7호선,장암,1328,924,2252,404,1,22,토
2022-01-22,7호선,도봉산,6017,8230,14247,-2213,1,22,토
2022-01-22,7호선,수락산,9558,9444,19002,114,1,22,토
2022-01-22,7호선,마들,8702,8210,16912,492,1,22,토
2022-01-22,7호선,노원,15488,15703,31191,-215,1,22,토
2022-01-22,7호선,중계,8798,7863,16661,935,1,22,토
2022-01-22,7호선,하계,11940,11160,23100,780,1,22,토
2022-01-22,7호선,공릉(서울과학기술대),8333,8413,16746,-80,1,22,토
2022-01-22,7호선,태릉입구,6479,6035,12514,444,1,22,토
2022-01-22,7호선,먹골,7978,7837,15815,141,1,22,토
2022-01-22,7호선,중화,7418,7199,14617,219,1,22,토
2022-01-22,7호선,상봉(시외버스터미널),13057,12550,25607,507,1,22,토
2022-01-22,7호선,면목,10578,10503,21081,75,1,22,토
2022-01-22,7호선,사가정,11843,11639,23482,204,1,22,토
2022-01-22,7호선,용마산(용마폭포공원),4375,4465,8840,-90,1,22,토
2022-01-22,7호선,군자(능동),10515,8123,18638,2392,1,22,토
2022-01-22,7호선,어린이대공원(세종대),9213,8955,18168,258,1,22,토
2022-01-22,7호선,건대입구,10640,10737,21377,-97,1,22,토
2022-01-22,7호선,뚝섬유원지,5770,5440,11210,330,1,22,토
2022-01-22,7호선,청담,11071,11870,22941,-799,1,22,토
2022-01-22,7호선,강남구청,10036,10942,20978,-906,1,22,토
2022-01-22,7호선,학동,10754,11167,21921,-413,1,22,토
2022-01-22,7호선,논현,11348,12126,23474,-778,1,22,토
2022-01-22,7호선,반포,4287,3985,8272,302,1,22,토
2022-01-22,7호선,고속터미널,13223,10310,23533,2913,1,22,토
2022-01-22,7호선,내방,7717,7725,15442,-8,1,22,토
2022-01-22,7호선,이수,12071,11246,23317,825,1,22,토
2022-01-22,7호선,남성,7557,7141,14698,416,1,22,토
2022-01-22,7호선,숭실대입구(살피재),7843,7814,15657,29,1,22,토
2022-01-22,7호선,상도,7181,6763,13944,418,1,22,토
2022-01-22,7호선,장승배기,6349,6121,12470,228,1,22,토
2022-01-22,7호선,신대방삼거리,11059,10386,21445,673,1,22,토
2022-01-22,7호선,보라매,5832,5600,11432,232,1,22,토
2022-01-22,7호선,신풍,7804,7340,15144,464,1,22,토
2022-01-22,7호선,대림(구로구청),6696,7122,13818,-426,1,22,토
2022-01-22,7호선,남구로,7953,8354,16307,-401,1,22,토
2022-01-22,7호선,가산디지털단지,14212,12790,27002,1422,1,22,토
2022-01-22,7호선,철산,14726,14795,29521,-69,1,22,토
2022-01-22,7호선,광명사거리,16732,16599,33331,133,1,22,토
2022-01-22,7호선,천왕,6850,6481,13331,369,1,22,토
2022-01-22,7호선,온수(성공회대입구),5258,5280,10538,-22,1,22,토
2022-01-22,7호선,까치울,1,0,1,1,1,22,토
2022-01-22,7호선,상동,1,0,1,1,1,22,토
2022-01-22,7호선,굴포천,2,0,2,2,1,22,토
2022-01-22,8호선,암사,12331,11344,23675,987,1,22,토
2022-01-22,8호선,천호(풍납토성),11970,13941,25911,-1971,1,22,토
2022-01-22,8호선,강동구청,6185,6220,12405,-35,1,22,토
2022-01-22,8호선,몽촌토성(평화의문),4014,4091,8105,-77,1,22,토
2022-01-22,8호선,잠실(송파구청),12627,14506,27133,-1879,1,22,토
2022-01-22,8호선,석촌,5792,7183,12975,-1391,1,22,토
2022-01-22,8호선,송파,4863,5000,9863,-137,1,22,토
2022-01-22,8호선,가락시장,5883,5887,11770,-4,1,22,토
2022-01-22,8호선,문정,8589,8743,17332,-154,1,22,토
2022-01-22,8호선,장지,11707,10848,22555,859,1,22,토
2022-01-22,8호선,복정,6099,5114,11213,985,1,22,토
2022-01-22,8호선,산성,3864,3874,7738,-10,1,22,토
2022-01-22,8호선,남한산성입구(성남법원.검찰청),8769,8088,16857,681,1,22,토
2022-01-22,8호선,단대오거리,7453,7067,14520,386,1,22,토
2022-01-22,8호선,신흥,3352,3585,6937,-233,1,22,토
2022-01-22,8호선,수진,4074,3678,7752,396,1,22,토
2022-01-22,8호선,모란,3589,3011,6600,578,1,22,토
2022-01-22,8호선,남위례,2658,2880,5538,-222,1,22,토
2022-01-22,9호선,개화,1265,1054,2319,211,1,22,토
2022-01-22,9호선,김포공항,7727,11769,19496,-4042,1,22,토
2022-01-22,9호선,공항시장,2266,2352,4618,-86,1,22,토
2022-01-22,9호선,신방화,4535,4413,8948,122,1,22,토
2022-01-22,9호선,마곡나루(서울식물원),7805,7620,15425,185,1,22,토
2022-01-22,9호선,양천향교,5687,5569,11256,118,1,22,토
2022-01-22,9호선,가양,13753,13070,26823,683,1,22,토
2022-01-22,9호선,증미,3961,3943,7904,18,1,22,토
2022-01-22,9호선,등촌,7145,6997,14142,148,1,22,토
2022-01-22,9호선,염창,11455,10767,22222,688,1,22,토
2022-01-22,9호선,신목동,2278,1992,4270,286,1,22,토
2022-01-22,9호선,선유도,3740,3574,7314,166,1,22,토
2022-01-22,9호선,당산,12686,11720,24406,966,1,22,토
2022-01-22,9호선,국회의사당,4148,4332,8480,-184,1,22,토
2022-01-22,9호선,여의도,11566,11114,22680,452,1,22,토
2022-01-22,9호선,샛강,2441,2472,4913,-31,1,22,토
2022-01-22,9호선,노량진,20878,20449,41327,429,1,22,토
2022-01-22,9호선,노들,3153,2696,5849,457,1,22,토
2022-01-22,9호선,흑석(중앙대입구),5301,5434,10735,-133,1,22,토
2022-01-22,9호선,동작(현충원),1556,1252,2808,304,1,22,토
2022-01-22,9호선,구반포,1165,1169,2334,-4,1,22,토
2022-01-22,9호선,신반포,2465,2358,4823,107,1,22,토
2022-01-22,9호선,고속터미널,11234,16062,27296,-4828,1,22,토
2022-01-22,9호선,사평,2204,2014,4218,190,1,22,토
2022-01-22,9호선,신논현,26414,25630,52044,784,1,22,토
2022-01-22,9호선2~3단계,언주,6014,6172,12186,-158,1,22,토
2022-01-22,9호선2~3단계,선정릉,4602,5143,9745,-541,1,22,토
2022-01-22,9호선2~3단계,삼성중앙,2921,3160,6081,-239,1,22,토
2022-01-22,9호선2~3단계,봉은사,12248,13094,25342,-846,1,22,토
2022-01-22,9호선2~3단계,종합운동장,3065,2700,5765,365,1,22,토
2022-01-22,9호선2~3단계,삼전,4905,4607,9512,298,1,22,토
2022-01-22,9호선2~3단계,석촌고분,4166,4056,8222,110,1,22,토
2022-01-22,9호선2~3단계,석촌,6472,5585,12057,887,1,22,토
2022-01-22,9호선2~3단계,송파나루,4097,4368,8465,-271,1,22,토
2022-01-22,9호선2~3단계,한성백제,1634,1420,3054,214,1,22,토
2022-01-22,9호선2~3단계,올림픽공원(한국체대),5832,5730,11562,102,1,22,토
2022-01-22,9호선2~3단계,둔촌오륜,599,636,1235,-37,1,22,토
2022-01-22,9호선2~3단계,중앙보훈병원,4434,4212,8646,222,1,22,토
2022-01-22,경강선,판교,2906,2783,5689,123,1,22,토
2022-01-22,경강선,이매,738,567,1305,171,1,22,토
2022-01-22,경강선,삼동,1486,1370,2856,116,1,22,토
2022-01-22,경강선,경기광주,5086,4886,9972,200,1,22,토
2022-01-22,경강선,초월,2121,1885,4006,236,1,22,토
2022-01-22,경강선,곤지암,1788,1722,3510,66,1,22,토
2022-01-22,경강선,신둔도예촌,1059,999,2058,60,1,22,토
2022-01-22,경강선,이천,2595,2599,5194,-4,1,22,토
2022-01-22,경강선,부발,2024,1676,3700,348,1,22,토
2022-01-22,경강선,세종대왕릉,267,289,556,-22,1,22,토
2022-01-22,경강선,여주,1773,1879,3652,-106,1,22,토
2022-01-22,경부선,서울역,6382,2012,8394,4370,1,22,토
2022-01-22,경부선,남영,5686,5801,11487,-115,1,22,토
2022-01-22,경부선,용산,31764,33270,65034,-1506,1,22,토
2022-01-22,경부선,노량진,8123,7653,15776,470,1,22,토
2022-01-22,경부선,대방,7718,7876,15594,-158,1,22,토
2022-01-22,경부선,영등포,37071,38924,75995,-1853,1,22,토
2022-01-22,경부선,신도림,3021,2804,5825,217,1,22,토
2022-01-22,경부선,신길,5903,4990,10893,913,1,22,토
2022-01-22,경부선,구로,12038,12342,24380,-304,1,22,토
2022-01-22,경부선,가산디지털단지,6102,8013,14115,-1911,1,22,토
2022-01-22,경부선,금천구청,8139,8097,16236,42,1,22,토
2022-01-22,경부선,석수,6626,6322,12948,304,1,22,토
2022-01-22,경부선,관악,5490,5209,10699,281,1,22,토
2022-01-22,경부선,안양,16814,16883,33697,-69,1,22,토
2022-01-22,경부선,명학,4852,4598,9450,254,1,22,토
2022-01-22,경부선,금정,17860,17925,35785,-65,1,22,토
2022-01-22,경부선,군포,4100,3821,7921,279,1,22,토
2022-01-22,경부선,의왕,5637,5448,11085,189,1,22,토
2022-01-22,경부선,성균관대,9756,9836,19592,-80,1,22,토
2022-01-22,경부선,화서,5184,5251,10435,-67,1,22,토
2022-01-22,경부선,수원,34338,36821,71159,-2483,1,22,토
2022-01-22,경부선,독산,8747,8872,17619,-125,1,22,토
2022-01-22,경부선,세류,2199,2265,4464,-66,1,22,토
2022-01-22,경부선,병점,11406,11233,22639,173,1,22,토
2022-01-22,경부선,세마,1980,1847,3827,133,1,22,토
2022-01-22,경부선,오산대,2520,2246,4766,274,1,22,토
2022-01-22,경부선,오산,8313,7947,16260,366,1,22,토
2022-01-22,경부선,진위,889,770,1659,119,1,22,토
2022-01-22,경부선,송탄,3938,3666,7604,272,1,22,토
2022-01-22,경부선,서정리,6417,5354,11771,1063,1,22,토
2022-01-22,경부선,평택지제,2818,2594,5412,224,1,22,토
2022-01-22,경부선,평택,11304,10769,22073,535,1,22,토
2022-01-22,경부선,성환,2433,2246,4679,187,1,22,토
2022-01-22,경부선,직산,597,566,1163,31,1,22,토
2022-01-22,경부선,두정,4720,4708,9428,12,1,22,토
2022-01-22,경부선,천안,5302,5313,10615,-11,1,22,토
2022-01-22,경부선,당정,3893,3644,7537,249,1,22,토
2022-01-22,경부선,서동탄,957,981,1938,-24,1,22,토
2022-01-22,경부선,광명,2556,2217,4773,339,1,22,토
2022-01-22,경원선,이촌(국립중앙박물관),2701,2016,4717,685,1,22,토
2022-01-22,경원선,서빙고,1417,1451,2868,-34,1,22,토
2022-01-22,경원선,한남,2664,2478,5142,186,1,22,토
2022-01-22,경원선,옥수,27,23,50,4,1,22,토
2022-01-22,경원선,응봉,1352,1209,2561,143,1,22,토
2022-01-22,경원선,왕십리(성동구청),11962,13815,25777,-1853,1,22,토
2022-01-22,경원선,청량리(서울시립대입구),15477,16395,31872,-918,1,22,토
2022-01-22,경원선,외대앞,5570,5478,11048,92,1,22,토
2022-01-22,경원선,신이문,5872,5410,11282,462,1,22,토
2022-01-22,경원선,석계,6664,7045,13709,-381,1,22,토
2022-01-22,경원선,광운대,5728,5620,11348,108,1,22,토
2022-01-22,경원선,월계,4709,4336,9045,373,1,22,토
2022-01-22,경원선,녹천,3112,2710,5822,402,1,22,토
2022-01-22,경원선,방학,6979,6777,13756,202,1,22,토
2022-01-22,경원선,도봉,4339,4107,8446,232,1,22,토
2022-01-22,경원선,도봉산,8005,5392,13397,2613,1,22,토
2022-01-22,경원선,망월사,5610,5682,11292,-72,1,22,토
2022-01-22,경원선,회룡,9297,9325,18622,-28,1,22,토
2022-01-22,경원선,의정부,16205,17122,33327,-917,1,22,토
2022-01-22,경원선,가능,4762,4528,9290,234,1,22,토
2022-01-22,경원선,녹양,3281,3193,6474,88,1,22,토
2022-01-22,경원선,양주,5817,5532,11349,285,1,22,토
2022-01-22,경원선,덕계,2299,2185,4484,114,1,22,토
2022-01-22,경원선,덕정,4066,3705,7771,361,1,22,토
2022-01-22,경원선,지행,4986,5048,10034,-62,1,22,토
2022-01-22,경원선,동두천중앙,2346,2246,4592,100,1,22,토
2022-01-22,경원선,보산,1074,1101,2175,-27,1,22,토
2022-01-22,경원선,동두천,1443,1708,3151,-265,1,22,토
2022-01-22,경원선,소요산,2879,2422,5301,457,1,22,토
2022-01-22,경의선,서울역,1153,1317,2470,-164,1,22,토
2022-01-22,경의선,신촌,322,354,676,-32,1,22,토
2022-01-22,경의선,효창공원앞,1664,1862,3526,-198,1,22,토
2022-01-22,경의선,공덕,2623,2028,4651,595,1,22,토
2022-01-22,경의선,서강대,1551,1504,3055,47,1,22,토
2022-01-22,경의선,홍대입구,1840,2192,4032,-352,1,22,토
2022-01-22,경의선,가좌,3688,3628,7316,60,1,22,토
2022-01-22,경의선,디지털미디어시티,1843,1695,3538,148,1,22,토
2022-01-22,경의선,수색,1343,1349,2692,-6,1,22,토
2022-01-22,경의선,화전,980,889,1869,91,1,22,토
2022-01-22,경의선,강매,1935,1768,3703,167,1,22,토
2022-01-22,경의선,행신,5019,5156,10175,-137,1,22,토
2022-01-22,경의선,곡산,389,355,744,34,1,22,토
2022-01-22,경의선,백마,4269,3952,8221,317,1,22,토
2022-01-22,경의선,풍산,4131,3989,8120,142,1,22,토
2022-01-22,경의선,일산,5870,5688,11558,182,1,22,토
2022-01-22,경의선,탄현,5114,4988,10102,126,1,22,토
2022-01-22,경의선,야당,5862,5821,11683,41,1,22,토
2022-01-22,경의선,운정,4759,4449,9208,310,1,22,토
2022-01-22,경의선,금릉,3607,3511,7118,96,1,22,토
2022-01-22,경의선,금촌,5086,4990,10076,96,1,22,토
2022-01-22,경의선,월롱,1608,1325,2933,283,1,22,토
2022-01-22,경의선,파주,805,599,1404,206,1,22,토
2022-01-22,경의선,문산,4097,3922,8019,175,1,22,토
2022-01-22,경의선,임진강,47,64,111,-17,1,22,토
2022-01-22,경인선,개봉,15239,15158,30397,81,1,22,토
2022-01-22,경인선,오류동,8621,8009,16630,612,1,22,토
2022-01-22,경인선,역곡,19207,19111,38318,96,1,22,토
2022-01-22,경인선,부천,27397,28387,55784,-990,1,22,토
2022-01-22,경인선,송내,17056,16975,34031,81,1,22,토
2022-01-22,경인선,부평,27902,29310,57212,-1408,1,22,토
2022-01-22,경인선,백운,5037,5072,10109,-35,1,22,토
2022-01-22,경인선,동암,11780,12057,23837,-277,1,22,토
2022-01-22,경인선,주안,14754,13104,27858,1650,1,22,토
2022-01-22,경인선,제물포,7025,6743,13768,282,1,22,토
2022-01-22,경인선,동인천,10954,10704,21658,250,1,22,토
2022-01-22,경인선,인천,3460,2990,6450,470,1,22,토
2022-01-22,경인선,구일,4057,3937,7994,120,1,22,토
2022-01-22,경인선,소사,7115,6767,13882,348,1,22,토
2022-01-22,경인선,부개,6046,5892,11938,154,1,22,토
2022-01-22,경인선,간석,4083,4025,8108,58,1,22,토
2022-01-22,경인선,도원,1778,1895,3673,-117,1,22,토
2022-01-22,경인선,온수(성공회대입구),4615,4234,8849,381,1,22,토
2022-01-22,경인선,중동,6427,6114,12541,313,1,22,토
2022-01-22,경인선,도화,3089,2845,5934,244,1,22,토
2022-01-22,경춘선,신내,1100,1050,2150,50,1,22,토
2022-01-22,경춘선,갈매,1929,1626,3555,303,1,22,토
2022-01-22,경춘선,별내,2279,2203,4482,76,1,22,토
2022-01-22,경춘선,퇴계원,2509,2191,4700,318,1,22,토
2022-01-22,경춘선,사릉,2099,1915,4014,184,1,22,토
2022-01-22,경춘선,금곡,1014,998,2012,16,1,22,토
2022-01-22,경춘선,평내호평,4200,3973,8173,227,1,22,토
2022-01-22,경춘선,천마산,1286,1250,2536,36,1,22,토
2022-01-22,경춘선,마석,2897,2761,5658,136,1,22,토
2022-01-22,경춘선,대성리,402,422,824,-20,1,22,토
2022-01-22,경춘선,청평,1297,1465,2762,-168,1,22,토
2022-01-22,경춘선,상천,232,213,445,19,1,22,토
2022-01-22,경춘선,가평,1270,1478,2748,-208,1,22,토
2022-01-22,경춘선,굴봉산,141,169,310,-28,1,22,토
2022-01-22,경춘선,백양리,411,388,799,23,1,22,토
2022-01-22,경춘선,강촌,473,529,1002,-56,1,22,토
2022-01-22,경춘선,김유정,352,400,752,-48,1,22,토
2022-01-22,경춘선,남춘천,2854,2905,5759,-51,1,22,토
2022-01-22,경춘선,춘천,1187,1185,2372,2,1,22,토
2022-01-22,공항철도 1호선,서울역,6980,7121,14101,-141,1,22,토
2022-01-22,공항철도 1호선,공덕,1544,2376,3920,-832,1,22,토
2022-01-22,공항철도 1호선,홍대입구,12357,12190,24547,167,1,22,토
2022-01-22,공항철도 1호선,디지털미디어시티,5108,4700,9808,408,1,22,토
2022-01-22,공항철도 1호선,마곡나루(서울식물원),2996,3341,6337,-345,1,22,토
2022-01-22,공항철도 1호선,김포공항,11070,5386,16456,5684,1,22,토
2022-01-22,공항철도 1호선,계양,6486,6151,12637,335,1,22,토
2022-01-22,공항철도 1호선,검암,4352,4304,8656,48,1,22,토
2022-01-22,공항철도 1호선,청라국제도시,4016,3977,7993,39,1,22,토
2022-01-22,공항철도 1호선,운서,5607,5722,11329,-115,1,22,토
2022-01-22,공항철도 1호선,공항화물청사,1215,1221,2436,-6,1,22,토
2022-01-22,공항철도 1호선,인천공항1터미널,3002,3238,6240,-236,1,22,토
2022-01-22,공항철도 1호선,인천공항2터미널,1655,1555,3210,100,1,22,토
2022-01-22,공항철도 1호선,영종,2599,2644,5243,-45,1,22,토
2022-01-22,과천선,선바위,4948,4318,9266,630,1,22,토
2022-01-22,과천선,경마공원,7824,7830,15654,-6,1,22,토
2022-01-22,과천선,대공원,3854,4096,7950,-242,1,22,토
2022-01-22,과천선,과천,4343,4054,8397,289,1,22,토
2022-01-22,과천선,정부과천청사,5773,5812,11585,-39,1,22,토
2022-01-22,과천선,인덕원,15331,15305,30636,26,1,22,토
2022-01-22,과천선,평촌,8777,8617,17394,160,1,22,토
2022-01-22,과천선,범계,19427,17774,37201,1653,1,22,토
2022-01-22,분당선,선릉,5017,7990,13007,-2973,1,22,토
2022-01-22,분당선,한티,12369,12159,24528,210,1,22,토
2022-01-22,분당선,도곡,4464,4054,8518,410,1,22,토
2022-01-22,분당선,구룡,1308,1161,2469,147,1,22,토
2022-01-22,분당선,개포동,2478,2388,4866,90,1,22,토
2022-01-22,분당선,대모산입구,3153,2890,6043,263,1,22,토
2022-01-22,분당선,수서,9901,10355,20256,-454,1,22,토
2022-01-22,분당선,수원,7087,5789,12876,1298,1,22,토
2022-01-22,분당선,서울숲,7269,7814,15083,-545,1,22,토
2022-01-22,분당선,압구정로데오,19759,21549,41308,-1790,1,22,토
2022-01-22,분당선,강남구청,5721,6795,12516,-1074,1,22,토
2022-01-22,분당선,선정릉,3352,3420,6772,-68,1,22,토
2022-01-22,분당선,가천대,4786,5291,10077,-505,1,22,토
2022-01-22,분당선,태평,10566,10023,20589,543,1,22,토
2022-01-22,분당선,모란,15844,16038,31882,-194,1,22,토
2022-01-22,분당선,야탑,17161,17994,35155,-833,1,22,토
2022-01-22,분당선,서현,18979,19054,38033,-75,1,22,토
2022-01-22,분당선,수내,8597,8155,16752,442,1,22,토
2022-01-22,분당선,정자,10454,10669,21123,-215,1,22,토
2022-01-22,분당선,미금,10522,10905,21427,-383,1,22,토
2022-01-22,분당선,오리,7680,6440,14120,1240,1,22,토
2022-01-22,분당선,이매,4137,4088,8225,49,1,22,토
2022-01-22,분당선,보정,1480,1423,2903,57,1,22,토
2022-01-22,분당선,죽전,9671,10734,20405,-1063,1,22,토
2022-01-22,분당선,구성,3072,3202,6274,-130,1,22,토
2022-01-22,분당선,신갈,2566,2551,5117,15,1,22,토
2022-01-22,분당선,기흥,6276,6006,12282,270,1,22,토
2022-01-22,분당선,상갈,3562,3559,7121,3,1,22,토
2022-01-22,분당선,청명,2488,2459,4947,29,1,22,토
2022-01-22,분당선,영통,6401,6306,12707,95,1,22,토
2022-01-22,분당선,망포,9355,8605,17960,750,1,22,토
2022-01-22,분당선,매탄권선,3351,3263,6614,88,1,22,토
2022-01-22,분당선,수원시청,10834,11700,22534,-866,1,22,토
2022-01-22,분당선,매교,1996,2126,4122,-130,1,22,토
2022-01-22,수인선,고색,2596,2561,5157,35,1,22,토
2022-01-22,수인선,오목천,2029,1769,3798,260,1,22,토
2022-01-22,수인선,어천,650,582,1232,68,1,22,토
2022-01-22,수인선,야목,242,193,435,49,1,22,토
2022-01-22,수인선,사리,3180,2767,5947,413,1,22,토
2022-01-22,7호선,중곡,6776,6407,13183,369,1,22,토
2022-01-22,수인선,달월,51,44,95,7,1,22,토
2022-01-22,수인선,월곶,2006,1860,3866,146,1,22,토
2022-01-22,수인선,소래포구,4807,4762,9569,45,1,22,토
2022-01-22,수인선,인천논현,4172,4438,8610,-266,1,22,토
2022-01-22,수인선,호구포,2397,2279,4676,118,1,22,토
2022-01-22,수인선,남동인더스파크,986,944,1930,42,1,22,토
2022-01-22,수인선,원인재,3564,3771,7335,-207,1,22,토
2022-01-22,수인선,연수,3798,3912,7710,-114,1,22,토
2022-01-22,수인선,송도,1939,1928,3867,11,1,22,토
2022-01-22,수인선,인하대,3935,3713,7648,222,1,22,토
2022-01-22,수인선,숭의,2647,2418,5065,229,1,22,토
2022-01-22,수인선,신포,1441,1444,2885,-3,1,22,토
2022-01-22,수인선,인천,1146,1809,2955,-663,1,22,토
2022-01-22,안산선,산본,11816,12575,24391,-759,1,22,토
2022-01-22,안산선,대야미,3560,3058,6618,502,1,22,토
2022-01-22,우이신설선,신설동,1449,1387,2836,62,1,22,토
2022-01-22,일산선,원흥,6945,6640,13585,305,1,22,토
2022-01-22,일산선,지축,1,0,1,1,1,22,토
2022-01-22,일산선,삼송,13731,13439,27170,292,1,22,토
2022-01-22,일산선,원당,7767,7528,15295,239,1,22,토
2022-01-22,일산선,화정,12128,12563,24691,-435,1,22,토
2022-01-22,일산선,대곡,1186,1000,2186,186,1,22,토
2022-01-22,일산선,백석,7178,7245,14423,-67,1,22,토
2022-01-22,일산선,마두,4731,4802,9533,-71,1,22,토
2022-01-22,안산선,반월,3103,2963,6066,140,1,22,토
2022-01-22,안산선,상록수,11706,11758,23464,-52,1,22,토
2022-01-22,안산선,한대앞,6636,6621,13257,15,1,22,토
2022-01-22,안산선,중앙,15709,15847,31556,-138,1,22,토
2022-01-22,안산선,고잔,6147,6153,12300,-6,1,22,토
2022-01-22,안산선,초지,3235,3203,6438,32,1,22,토
2022-01-22,안산선,안산,8541,8656,17197,-115,1,22,토
2022-01-22,안산선,신길온천,1298,1212,2510,86,1,22,토
2022-01-22,안산선,정왕,5803,5985,11788,-182,1,22,토
2022-01-22,안산선,오이도,6608,6921,13529,-313,1,22,토
2022-01-22,안산선,수리산,2645,2371,5016,274,1,22,토
2022-01-22,우이신설선,북한산우이,2757,2872,5629,-115,1,22,토
2022-01-22,우이신설선,솔밭공원,1766,1680,3446,86,1,22,토
2022-01-22,우이신설선,4.19민주묘지,2212,1947,4159,265,1,22,토
2022-01-22,우이신설선,가오리,2929,2841,5770,88,1,22,토
2022-01-22,우이신설선,화계,2400,2263,4663,137,1,22,토
2022-01-22,우이신설선,삼양,1501,1598,3099,-97,1,22,토
2022-01-22,우이신설선,삼양사거리,1824,1773,3597,51,1,22,토
2022-01-22,우이신설선,솔샘,3791,3413,7204,378,1,22,토
2022-01-22,우이신설선,북한산보국문,4587,4139,8726,448,1,22,토
2022-01-22,우이신설선,정릉,3402,2905,6307,497,1,22,토
2022-01-22,우이신설선,성신여대입구(돈암),2769,3177,5946,-408,1,22,토
2022-01-22,우이신설선,보문,1100,1064,2164,36,1,22,토
2022-01-22,3호선,수서,12795,12885,25680,-90,1,22,토
2022-01-22,중앙선,지평,40,55,95,-15,1,22,토
2022-01-22,중앙선,용문,1431,1638,3069,-207,1,22,토
2022-01-22,중앙선,원덕,269,286,555,-17,1,22,토
2022-01-22,중앙선,양평,2018,2199,4217,-181,1,22,토
2022-01-22,중앙선,오빈,218,218,436,0,1,22,토
2022-01-22,중앙선,아신,412,464,876,-52,1,22,토
2022-01-22,중앙선,국수,478,533,1011,-55,1,22,토
2022-01-22,중앙선,신원,183,155,338,28,1,22,토
2022-01-22,중앙선,양수,1477,1576,3053,-99,1,22,토
2022-01-22,중앙선,운길산,787,750,1537,37,1,22,토
2022-01-22,중앙선,팔당,1016,1131,2147,-115,1,22,토
2022-01-22,중앙선,도심,1357,1149,2506,208,1,22,토
2022-01-22,중앙선,덕소,4003,4117,8120,-114,1,22,토
2022-01-22,중앙선,양정,440,414,854,26,1,22,토
2022-01-22,중앙선,도농,6554,6305,12859,249,1,22,토
2022-01-22,중앙선,구리,9753,10080,19833,-327,1,22,토
2022-01-22,중앙선,양원,1291,1328,2619,-37,1,22,토
2022-01-22,중앙선,망우,6207,6127,12334,80,1,22,토
2022-01-22,중앙선,상봉(시외버스터미널),4688,4599,9287,89,1,22,토
2022-01-22,중앙선,중랑,4263,4104,8367,159,1,22,토
2022-01-22,중앙선,회기,18164,17268,35432,896,1,22,토
2022-01-22,장항선,신창(순천향대),832,722,1554,110,1,22,토
2022-01-22,장항선,온양온천,3257,3383,6640,-126,1,22,토
2022-01-22,장항선,배방,918,872,1790,46,1,22,토
2022-01-22,장항선,탕정,387,358,745,29,1,22,토
2022-01-22,장항선,아산,2467,2407,4874,60,1,22,토
2022-01-22,장항선,쌍용(나사렛대),1326,1320,2646,6,1,22,토
2022-01-22,장항선,봉명,663,607,1270,56,1,22,토
2022-01-22,일산선,대화,7992,7257,15249,735,1,22,토
2022-01-22,일산선,주엽,6108,6104,12212,4,1,22,토
2022-01-22,일산선,정발산,6057,6242,12299,-185,1,22,토
2022-01-22,경의선,능곡,2598,2516,5114,82,1,22,토
2022-01-22,1호선,서울역,28977,28803,57780,174,1,22,토
2022-01-22,1호선,동묘앞,10581,11012,21593,-431,1,22,토
2022-01-22,1호선,시청,10106,10589,20695,-483,1,22,토
2022-01-22,1호선,종각,18119,16687,34806,1432,1,22,토
2022-01-22,1호선,종로3가,21796,20115,41911,1681,1,22,토
2022-01-22,1호선,종로5가,17821,18012,35833,-191,1,22,토
2022-01-22,1호선,동대문,9942,9099,19041,843,1,22,토
2022-01-22,1호선,신설동,9669,9176,18845,493,1,22,토
2022-01-22,1호선,제기동,17662,18300,35962,-638,1,22,토
2022-01-22,1호선,청량리(서울시립대입구),18658,19140,37798,-482,1,22,토
2022-01-22,2호선,시청,8444,7588,16032,856,1,22,토
2022-01-22,2호선,을지로입구,19913,19659,39572,254,1,22,토
2022-01-22,2호선,을지로3가,10399,10307,20706,92,1,22,토
2022-01-22,2호선,을지로4가,7337,7489,14826,-152,1,22,토
2022-01-22,2호선,대림(구로구청),16973,18046,35019,-1073,1,22,토
2022-01-22,2호선,구로디지털단지,33563,32984,66547,579,1,22,토
2022-01-22,2호선,신대방,19185,18438,37623,747,1,22,토
2022-01-22,2호선,신림,49464,48148,97612,1316,1,22,토
2022-01-22,2호선,봉천,17091,15840,32931,1251,1,22,토
2022-01-22,2호선,서울대입구(관악구청),37320,36010,73330,1310,1,22,토
2022-01-22,2호선,낙성대(강감찬),20642,19530,40172,1112,1,22,토
2022-01-22,2호선,사당,30064,32649,62713,-2585,1,22,토
2022-01-22,2호선,방배,9610,10034,19644,-424,1,22,토
2022-01-22,2호선,서초,10639,8963,19602,1676,1,22,토
2022-01-22,2호선,교대(법원.검찰청),16627,18904,35531,-2277,1,22,토
2022-01-22,2호선,강남,62465,61334,123799,1131,1,22,토
2022-01-22,2호선,역삼,18902,20767,39669,-1865,1,22,토
2022-01-22,2호선,선릉,23672,20913,44585,2759,1,22,토
2022-01-22,2호선,삼성(무역센터),32095,31891,63986,204,1,22,토
2022-01-22,2호선,종합운동장,5841,6525,12366,-684,1,22,토
2022-01-22,2호선,잠실새내,16441,16867,33308,-426,1,22,토
2022-01-22,2호선,잠실(송파구청),62632,59632,122264,3000,1,22,토
2022-01-22,2호선,잠실나루,7072,6924,13996,148,1,22,토
2022-01-22,2호선,강변(동서울터미널),24020,24002,48022,18,1,22,토
2022-01-22,2호선,구의(광진구청),16009,15875,31884,134,1,22,토
2022-01-22,2호선,건대입구,33819,36161,69980,-2342,1,22,토
2022-01-22,2호선,성수,19625,21745,41370,-2120,1,22,토
2022-01-22,2호선,뚝섬,13542,13670,27212,-128,1,22,토
2022-01-22,2호선,한양대,3162,3182,6344,-20,1,22,토
2022-01-22,2호선,왕십리(성동구청),12759,10681,23440,2078,1,22,토
2022-01-22,2호선,상왕십리,9668,9436,19104,232,1,22,토
2022-01-22,2호선,신당,10598,11232,21830,-634,1,22,토
2022-01-23,경원선,왕십리(성동구청),8978,9810,18788,-832,1,23,일
2022-01-23,안산선,상록수,8363,8235,16598,128,1,23,일
2022-01-23,안산선,한대앞,4738,4858,9596,-120,1,23,일
2022-01-23,안산선,중앙,11291,11076,22367,215,1,23,일
2022-01-23,안산선,고잔,4076,3917,7993,159,1,23,일
2022-01-23,안산선,초지,2271,2224,4495,47,1,23,일
2022-01-23,경원선,창동,3,0,3,3,1,23,일
2022-01-23,1호선,서울역,23835,21440,45275,2395,1,23,일
2022-01-23,분당선,복정,1,0,1,1,1,23,일
2022-01-23,1호선,동묘앞,11459,11555,23014,-96,1,23,일
2022-01-23,1호선,시청,6993,6565,13558,428,1,23,일
2022-01-23,1호선,종각,12042,10621,22663,1421,1,23,일
2022-01-23,1호선,종로3가,13245,11686,24931,1559,1,23,일
2022-01-23,1호선,종로5가,8719,8553,17272,166,1,23,일
2022-01-23,1호선,동대문,8408,8749,17157,-341,1,23,일
2022-01-23,1호선,신설동,7372,7275,14647,97,1,23,일
2022-01-23,1호선,제기동,11302,11957,23259,-655,1,23,일
2022-01-23,1호선,청량리(서울시립대입구),12993,13008,26001,-15,1,23,일
2022-01-23,2호선,시청,5496,4478,9974,1018,1,23,일
2022-01-23,2호선,을지로입구,14704,13696,28400,1008,1,23,일
2022-01-23,2호선,을지로3가,7844,7098,14942,746,1,23,일
2022-01-23,2호선,을지로4가,3489,3283,6772,206,1,23,일
2022-01-23,2호선,동대문역사문화공원(DDP),6795,8159,14954,-1364,1,23,일
2022-01-23,2호선,신당,7702,8249,15951,-547,1,23,일
2022-01-23,2호선,상왕십리,6585,6569,13154,16,1,23,일
2022-01-23,2호선,왕십리(성동구청),8770,7440,16210,1330,1,23,일
2022-01-23,2호선,한양대,2244,2381,4625,-137,1,23,일
2022-01-23,2호선,뚝섬,10100,10174,20274,-74,1,23,일
2022-01-23,2호선,성수,13693,14782,28475,-1089,1,23,일
2022-01-23,2호선,건대입구,26000,26891,52891,-891,1,23,일
2022-01-23,2호선,구의(광진구청),11127,11341,22468,-214,1,23,일
2022-01-23,2호선,강변(동서울터미널),18335,18291,36626,44,1,23,일
2022-01-23,2호선,잠실나루,4828,4870,9698,-42,1,23,일
2022-01-23,2호선,잠실(송파구청),46400,43069,89469,3331,1,23,일
2022-01-23,2호선,잠실새내,10373,10930,21303,-557,1,23,일
2022-01-23,2호선,종합운동장,3723,3948,7671,-225,1,23,일
2022-01-23,2호선,삼성(무역센터),21348,20506,41854,842,1,23,일
2022-01-23,2호선,선릉,12504,10935,23439,1569,1,23,일
2022-01-23,2호선,역삼,11486,12629,24115,-1143,1,23,일
2022-01-23,2호선,강남,35304,33656,68960,1648,1,23,일
2022-01-23,2호선,교대(법원.검찰청),9695,10548,20243,-853,1,23,일
2022-01-23,2호선,서초,10906,9961,20867,945,1,23,일
2022-01-23,2호선,방배,6479,6889,13368,-410,1,23,일
2022-01-23,2호선,사당,20511,22655,43166,-2144,1,23,일
2022-01-23,2호선,낙성대(강감찬),14937,15120,30057,-183,1,23,일
2022-01-23,2호선,서울대입구(관악구청),25981,26328,52309,-347,1,23,일
2022-01-23,2호선,봉천,11753,11240,22993,513,1,23,일
2022-01-23,2호선,신림,35605,35342,70947,263,1,23,일
2022-01-23,2호선,신대방,14337,13949,28286,388,1,23,일
2022-01-23,2호선,구로디지털단지,22260,21887,44147,373,1,23,일
2022-01-23,2호선,대림(구로구청),13772,14012,27784,-240,1,23,일
2022-01-23,2호선,신도림,26144,26681,52825,-537,1,23,일
2022-01-23,2호선,문래,7514,7800,15314,-286,1,23,일
2022-01-23,2호선,영등포구청,7427,7712,15139,-285,1,23,일
2022-01-23,2호선,당산,7942,8701,16643,-759,1,23,일
2022-01-23,2호선,합정,20462,21316,41778,-854,1,23,일
2022-01-23,2호선,홍대입구,48221,47073,95294,1148,1,23,일
2022-01-23,2호선,신촌,20815,19999,40814,816,1,23,일
2022-01-23,2호선,이대,6505,6987,13492,-482,1,23,일
2022-01-23,2호선,아현,4975,5010,9985,-35,1,23,일
2022-01-23,2호선,충정로(경기대입구),3984,4224,8208,-240,1,23,일
2022-01-23,2호선,용답,1605,1698,3303,-93,1,23,일
2022-01-23,2호선,신답,764,802,1566,-38,1,23,일
2022-01-23,2호선,신설동,3018,3214,6232,-196,1,23,일
2022-01-23,2호선,도림천,438,481,919,-43,1,23,일
2022-01-23,2호선,양천구청,3112,3189,6301,-77,1,23,일
2022-01-23,2호선,신정네거리,5110,5157,10267,-47,1,23,일
2022-01-23,2호선,용두(동대문구청),1174,1164,2338,10,1,23,일
2022-01-23,3호선,지축,1908,1897,3805,11,1,23,일
2022-01-23,3호선,구파발,10154,10398,20552,-244,1,23,일
2022-01-23,3호선,연신내,19954,19091,39045,863,1,23,일
2022-01-23,3호선,불광,9134,10491,19625,-1357,1,23,일
2022-01-23,3호선,녹번,6857,6212,13069,645,1,23,일
2022-01-23,3호선,홍제,8685,8281,16966,404,1,23,일
2022-01-23,3호선,무악재,1733,1842,3575,-109,1,23,일
2022-01-23,3호선,독립문,3872,4224,8096,-352,1,23,일
2022-01-23,3호선,경복궁(정부서울청사),10498,10934,21432,-436,1,23,일
2022-01-23,3호선,안국,10196,10985,21181,-789,1,23,일
2022-01-23,3호선,종로3가,3698,4843,8541,-1145,1,23,일
2022-01-23,3호선,을지로3가,3116,2743,5859,373,1,23,일
2022-01-23,3호선,충무로,1,0,1,1,1,23,일
2022-01-23,3호선,동대입구,4240,4734,8974,-494,1,23,일
2022-01-23,3호선,약수,6292,5955,12247,337,1,23,일
2022-01-23,3호선,금호,3877,3774,7651,103,1,23,일
2022-01-23,3호선,옥수,4392,4714,9106,-322,1,23,일
2022-01-23,3호선,압구정,13214,13846,27060,-632,1,23,일
2022-01-23,3호선,신사,14532,14174,28706,358,1,23,일
2022-01-23,3호선,잠원,1975,2027,4002,-52,1,23,일
2022-01-23,3호선,고속터미널,35272,33988,69260,1284,1,23,일
2022-01-23,3호선,교대(법원.검찰청),3884,2440,6324,1444,1,23,일
2022-01-23,3호선,남부터미널(예술의전당),12985,13839,26824,-854,1,23,일
2022-01-23,3호선,양재(서초구청),12886,14805,27691,-1919,1,23,일
2022-01-23,3호선,매봉,3836,3802,7638,34,1,23,일
2022-01-23,3호선,도곡,1805,1941,3746,-136,1,23,일
2022-01-23,3호선,대치,5816,5196,11012,620,1,23,일
2022-01-23,3호선,학여울,890,886,1776,4,1,23,일
2022-01-23,3호선,대청,3779,3804,7583,-25,1,23,일
2022-01-23,3호선,일원,2922,3181,6103,-259,1,23,일
2022-01-23,3호선,수서,9714,9555,19269,159,1,23,일
2022-01-23,3호선,가락시장,3486,3784,7270,-298,1,23,일
2022-01-23,3호선,경찰병원,2581,2625,5206,-44,1,23,일
2022-01-23,3호선,오금,2463,2419,4882,44,1,23,일
2022-01-23,4호선,수유(강북구청),18978,18518,37496,460,1,23,일
2022-01-23,4호선,미아(서울사이버대학),7530,7082,14612,448,1,23,일
2022-01-23,4호선,미아사거리,14892,14393,29285,499,1,23,일
2022-01-23,4호선,길음,9752,9589,19341,163,1,23,일
2022-01-23,4호선,성신여대입구(돈암),11975,11437,23412,538,1,23,일
2022-01-23,4호선,한성대입구(삼선교),6921,7115,14036,-194,1,23,일
2022-01-23,4호선,혜화,22071,22722,44793,-651,1,23,일
2022-01-23,4호선,동대문,5889,6554,12443,-665,1,23,일
2022-01-23,4호선,동대문역사문화공원(DDP),8303,7531,15834,772,1,23,일
2022-01-23,4호선,충무로,7429,7301,14730,128,1,23,일
2022-01-23,4호선,명동,10084,9916,20000,168,1,23,일
2022-01-23,4호선,회현(남대문시장),8436,8817,17253,-381,1,23,일
2022-01-23,4호선,서울역,4027,8922,12949,-4895,1,23,일
2022-01-23,4호선,숙대입구(갈월),6936,6746,13682,190,1,23,일
2022-01-23,4호선,삼각지,2482,3169,5651,-687,1,23,일
2022-01-23,4호선,신용산,7509,7599,15108,-90,1,23,일
2022-01-23,4호선,이촌(국립중앙박물관),5062,5433,10495,-371,1,23,일
2022-01-23,4호선,동작(현충원),924,1074,1998,-150,1,23,일
2022-01-23,4호선,총신대입구(이수),9658,10527,20185,-869,1,23,일
2022-01-23,4호선,사당,14144,13180,27324,964,1,23,일
2022-01-23,4호선,남태령,654,492,1146,162,1,23,일
2022-01-23,4호선,당고개,7292,7147,14439,145,1,23,일
2022-01-23,4호선,상계,9584,9031,18615,553,1,23,일
2022-01-23,4호선,노원,11417,12173,23590,-756,1,23,일
2022-01-23,4호선,창동,14892,15628,30520,-736,1,23,일
2022-01-23,4호선,쌍문,14530,13503,28033,1027,1,23,일
2022-01-23,5호선,방화,3209,3353,6562,-144,1,23,일
2022-01-23,5호선,개화산,2521,2564,5085,-43,1,23,일
2022-01-23,5호선,김포공항,6367,6348,12715,19,1,23,일
2022-01-23,5호선,송정,3521,3433,6954,88,1,23,일
2022-01-23,5호선,마곡,3708,3763,7471,-55,1,23,일
2022-01-23,5호선,발산,8763,8943,17706,-180,1,23,일
2022-01-23,5호선,우장산,6331,6579,12910,-248,1,23,일
2022-01-23,5호선,화곡,13380,12625,26005,755,1,23,일
2022-01-23,5호선,까치산,14801,14439,29240,362,1,23,일
2022-01-23,5호선,신정(은행정),6028,5514,11542,514,1,23,일
2022-01-23,5호선,목동,7069,7371,14440,-302,1,23,일
2022-01-23,5호선,오목교(목동운동장앞),10643,10967,21610,-324,1,23,일
2022-01-23,5호선,양평,2534,2628,5162,-94,1,23,일
2022-01-23,5호선,영등포구청,1333,1201,2534,132,1,23,일
2022-01-23,5호선,영등포시장,5059,5167,10226,-108,1,23,일
2022-01-23,5호선,신길,1733,2002,3735,-269,1,23,일
2022-01-23,5호선,여의도,7591,7692,15283,-101,1,23,일
2022-01-23,5호선,여의나루,5762,6613,12375,-851,1,23,일
2022-01-23,5호선,마포,4567,4782,9349,-215,1,23,일
2022-01-23,5호선,공덕,4217,4343,8560,-126,1,23,일
2022-01-23,5호선,애오개,2468,2563,5031,-95,1,23,일
2022-01-23,5호선,충정로(경기대입구),1336,1372,2708,-36,1,23,일
2022-01-23,5호선,서대문,4801,4760,9561,41,1,23,일
2022-01-23,5호선,광화문(세종문화회관),9853,9814,19667,39,1,23,일
2022-01-23,5호선,종로3가,8736,7680,16416,1056,1,23,일
2022-01-23,5호선,을지로4가,1519,1609,3128,-90,1,23,일
2022-01-23,5호선,동대문역사문화공원(DDP),695,828,1523,-133,1,23,일
2022-01-23,5호선,청구,1757,1519,3276,238,1,23,일
2022-01-23,5호선,신금호,2863,3035,5898,-172,1,23,일
2022-01-23,5호선,행당,3576,3429,7005,147,1,23,일
2022-01-23,5호선,왕십리(성동구청),2311,2696,5007,-385,1,23,일
2022-01-23,5호선,마장,2933,2960,5893,-27,1,23,일
2022-01-23,5호선,답십리,7058,6596,13654,462,1,23,일
2022-01-23,5호선,장한평,7302,7342,14644,-40,1,23,일
2022-01-23,5호선,군자(능동),5907,6412,12319,-505,1,23,일
2022-01-23,5호선,아차산(어린이대공원후문),10111,10018,20129,93,1,23,일
2022-01-23,5호선,광나루(장신대),7271,7097,14368,174,1,23,일
2022-01-23,5호선,천호(풍납토성),11805,11064,22869,741,1,23,일
2022-01-23,5호선,강동,8398,8293,16691,105,1,23,일
2022-01-23,5호선,길동,4034,4201,8235,-167,1,23,일
2022-01-23,5호선,굽은다리(강동구민회관앞),5015,4606,9621,409,1,23,일
2022-01-23,5호선,명일,4446,4593,9039,-147,1,23,일
2022-01-23,5호선,고덕,3993,3874,7867,119,1,23,일
2022-01-23,5호선,상일동,6409,6286,12695,123,1,23,일
2022-01-23,5호선,둔촌동,4317,4412,8729,-95,1,23,일
2022-01-23,5호선,올림픽공원(한국체대),1987,1815,3802,172,1,23,일
2022-01-23,5호선,방이,3787,3722,7509,65,1,23,일
2022-01-23,5호선,오금,1437,1427,2864,10,1,23,일
2022-01-23,5호선,개롱,2667,3058,5725,-391,1,23,일
2022-01-23,5호선,거여,4015,3929,7944,86,1,23,일
2022-01-23,5호선,마천,3406,3641,7047,-235,1,23,일
2022-01-23,5호선,강일,1952,1871,3823,81,1,23,일
2022-01-23,5호선,미사,8362,8277,16639,85,1,23,일
2022-01-23,5호선,하남풍산,1970,2111,4081,-141,1,23,일
2022-01-23,5호선,하남시청(덕풍·신장),3623,3475,7098,148,1,23,일
2022-01-23,5호선,하남검단산,4182,4193,8375,-11,1,23,일
2022-01-23,6호선,응암,8867,8777,17644,90,1,23,일
2022-01-23,6호선,역촌,1920,2235,4155,-315,1,23,일
2022-01-23,6호선,불광,2759,2533,5292,226,1,23,일
2022-01-23,6호선,독바위,1380,1854,3234,-474,1,23,일
2022-01-23,6호선,구산,3602,2713,6315,889,1,23,일
2022-01-23,6호선,새절(신사),6150,6004,12154,146,1,23,일
2022-01-23,6호선,증산(명지대앞),5134,5261,10395,-127,1,23,일
2022-01-23,6호선,디지털미디어시티,4847,5103,9950,-256,1,23,일
2022-01-23,6호선,월드컵경기장(성산),2593,2527,5120,66,1,23,일
2022-01-23,6호선,마포구청,6807,6400,13207,407,1,23,일
2022-01-23,6호선,망원,9860,10674,20534,-814,1,23,일
2022-01-23,6호선,합정,9078,8198,17276,880,1,23,일
2022-01-23,6호선,상수,6123,7024,13147,-901,1,23,일
2022-01-23,6호선,광흥창(서강),3989,4056,8045,-67,1,23,일
2022-01-23,6호선,대흥(서강대앞),3504,3708,7212,-204,1,23,일
2022-01-23,6호선,공덕,6622,6106,12728,516,1,23,일
2022-01-23,6호선,효창공원앞,3196,2900,6096,296,1,23,일
2022-01-23,6호선,삼각지,3462,2786,6248,676,1,23,일
2022-01-23,6호선,녹사평(용산구청),3582,3544,7126,38,1,23,일
2022-01-23,6호선,이태원,8819,8171,16990,648,1,23,일
2022-01-23,6호선,한강진,7227,8077,15304,-850,1,23,일
2022-01-23,6호선,버티고개,970,1073,2043,-103,1,23,일
2022-01-23,6호선,약수,1591,1639,3230,-48,1,23,일
2022-01-23,6호선,청구,1609,1587,3196,22,1,23,일
2022-01-23,6호선,신당,3958,4453,8411,-495,1,23,일
2022-01-23,6호선,동묘앞,5661,5472,11133,189,1,23,일
2022-01-23,6호선,창신,1503,1390,2893,113,1,23,일
2022-01-23,6호선,보문,3860,3581,7441,279,1,23,일
2022-01-23,6호선,안암(고대병원앞),4355,4500,8855,-145,1,23,일
2022-01-23,6호선,고려대(종암),3847,3808,7655,39,1,23,일
2022-01-23,6호선,월곡(동덕여대),5510,5279,10789,231,1,23,일
2022-01-23,6호선,상월곡(한국과학기술연구원),3126,2854,5980,272,1,23,일
2022-01-23,6호선,돌곶이,4810,4590,9400,220,1,23,일
2022-01-23,6호선,석계,5985,6438,12423,-453,1,23,일
2022-01-23,6호선,태릉입구,2976,3175,6151,-199,1,23,일
2022-01-23,6호선,화랑대(서울여대입구),5133,4461,9594,672,1,23,일
2022-01-23,6호선,봉화산(서울의료원),3742,3697,7439,45,1,23,일
2022-01-23,7호선,장암,1104,743,1847,361,1,23,일
2022-01-23,7호선,도봉산,4844,6970,11814,-2126,1,23,일
2022-01-23,7호선,수락산,7631,7334,14965,297,1,23,일
2022-01-23,7호선,마들,5582,5269,10851,313,1,23,일
2022-01-23,7호선,노원,10592,10562,21154,30,1,23,일
2022-01-23,7호선,중계,6193,5708,11901,485,1,23,일
2022-01-23,7호선,하계,8498,8024,16522,474,1,23,일
2022-01-23,7호선,공릉(서울과학기술대),6015,6048,12063,-33,1,23,일
2022-01-23,7호선,태릉입구,4663,4310,8973,353,1,23,일
2022-01-23,7호선,먹골,5244,5071,10315,173,1,23,일
2022-01-23,7호선,중화,5261,5246,10507,15,1,23,일
2022-01-23,7호선,상봉(시외버스터미널),8545,7849,16394,696,1,23,일
2022-01-23,7호선,면목,7698,7505,15203,193,1,23,일
2022-01-23,7호선,사가정,8356,8297,16653,59,1,23,일
2022-01-23,7호선,용마산(용마폭포공원),3131,3440,6571,-309,1,23,일
2022-01-23,7호선,중곡,4957,4869,9826,88,1,23,일
2022-01-23,7호선,군자(능동),7374,5787,13161,1587,1,23,일
2022-01-23,7호선,어린이대공원(세종대),7763,7755,15518,8,1,23,일
2022-01-23,7호선,건대입구,7187,7166,14353,21,1,23,일
2022-01-23,7호선,뚝섬유원지,4988,4690,9678,298,1,23,일
2022-01-23,7호선,청담,6196,6665,12861,-469,1,23,일
2022-01-23,7호선,강남구청,5640,6006,11646,-366,1,23,일
2022-01-23,7호선,학동,5889,6221,12110,-332,1,23,일
2022-01-23,7호선,논현,6126,6518,12644,-392,1,23,일
2022-01-23,7호선,반포,2620,2606,5226,14,1,23,일
2022-01-23,7호선,고속터미널,10471,7472,17943,2999,1,23,일
2022-01-23,7호선,내방,4964,5228,10192,-264,1,23,일
2022-01-23,7호선,이수,8014,7626,15640,388,1,23,일
2022-01-23,7호선,남성,4973,4975,9948,-2,1,23,일
2022-01-23,7호선,숭실대입구(살피재),5429,5936,11365,-507,1,23,일
2022-01-23,7호선,상도,5145,4969,10114,176,1,23,일
2022-01-23,7호선,장승배기,4412,4353,8765,59,1,23,일
2022-01-23,7호선,신대방삼거리,7616,7395,15011,221,1,23,일
2022-01-23,7호선,보라매,3938,3971,7909,-33,1,23,일
2022-01-23,7호선,신풍,5584,5343,10927,241,1,23,일
2022-01-23,7호선,대림(구로구청),6357,6099,12456,258,1,23,일
2022-01-23,7호선,남구로,5979,5964,11943,15,1,23,일
2022-01-23,7호선,가산디지털단지,9635,8951,18586,684,1,23,일
2022-01-23,7호선,철산,9906,9864,19770,42,1,23,일
2022-01-23,7호선,광명사거리,11864,11784,23648,80,1,23,일
2022-01-23,7호선,천왕,4782,4628,9410,154,1,23,일
2022-01-23,7호선,온수(성공회대입구),3745,3749,7494,-4,1,23,일
2022-01-23,7호선,까치울,1,0,1,1,1,23,일
2022-01-23,7호선,부천종합운동장,1,0,1,1,1,23,일
2022-01-23,7호선,굴포천,1,0,1,1,1,23,일
2022-01-23,8호선,암사,8359,7999,16358,360,1,23,일
2022-01-23,8호선,천호(풍납토성),8351,9556,17907,-1205,1,23,일
2022-01-23,8호선,강동구청,4229,4513,8742,-284,1,23,일
2022-01-23,8호선,몽촌토성(평화의문),2978,2856,5834,122,1,23,일
2022-01-23,8호선,잠실(송파구청),9225,10588,19813,-1363,1,23,일
2022-01-23,8호선,석촌,4109,4941,9050,-832,1,23,일
2022-01-23,8호선,송파,3221,3436,6657,-215,1,23,일
2022-01-23,8호선,가락시장,3133,3872,7005,-739,1,23,일
2022-01-23,8호선,문정,5295,5512,10807,-217,1,23,일
2022-01-23,8호선,장지,8295,8632,16927,-337,1,23,일
2022-01-23,8호선,복정,4316,3986,8302,330,1,23,일
2022-01-23,8호선,산성,2937,2949,5886,-12,1,23,일
2022-01-23,8호선,남한산성입구(성남법원.검찰청),6380,6071,12451,309,1,23,일
2022-01-23,8호선,단대오거리,5107,5105,10212,2,1,23,일
2022-01-23,8호선,신흥,2405,2522,4927,-117,1,23,일
2022-01-23,8호선,수진,2964,2644,5608,320,1,23,일
2022-01-23,8호선,모란,2502,2108,4610,394,1,23,일
2022-01-23,8호선,남위례,1942,2032,3974,-90,1,23,일
2022-01-23,9호선,개화,885,882,1767,3,1,23,일
2022-01-23,9호선,김포공항,6866,11132,17998,-4266,1,23,일
2022-01-23,9호선,공항시장,1653,1852,3505,-199,1,23,일
2022-01-23,9호선,신방화,3183,3130,6313,53,1,23,일
2022-01-23,9호선,마곡나루(서울식물원),5266,5297,10563,-31,1,23,일
2022-01-23,9호선,양천향교,4023,4237,8260,-214,1,23,일
2022-01-23,9호선,가양,9723,9441,19164,282,1,23,일
2022-01-23,9호선,증미,2345,2315,4660,30,1,23,일
2022-01-23,9호선,등촌,4869,4891,9760,-22,1,23,일
2022-01-23,9호선,염창,7877,8007,15884,-130,1,23,일
2022-01-23,9호선,신목동,1620,1441,3061,179,1,23,일
2022-01-23,9호선,선유도,2579,2604,5183,-25,1,23,일
2022-01-23,9호선,당산,8618,8441,17059,177,1,23,일
2022-01-23,9호선,국회의사당,4597,4417,9014,180,1,23,일
2022-01-23,9호선,여의도,8466,7598,16064,868,1,23,일
2022-01-23,9호선,샛강,1512,1636,3148,-124,1,23,일
2022-01-23,9호선,노량진,14646,15360,30006,-714,1,23,일
2022-01-23,9호선,노들,2370,2122,4492,248,1,23,일
2022-01-23,9호선,흑석(중앙대입구),3537,3780,7317,-243,1,23,일
2022-01-23,9호선,동작(현충원),1454,1040,2494,414,1,23,일
2022-01-23,9호선,구반포,507,514,1021,-7,1,23,일
2022-01-23,9호선,신반포,1712,1689,3401,23,1,23,일
2022-01-23,9호선,고속터미널,8530,11945,20475,-3415,1,23,일
2022-01-23,9호선,사평,1450,1549,2999,-99,1,23,일
2022-01-23,9호선,신논현,15627,14859,30486,768,1,23,일
2022-01-23,9호선2~3단계,언주,3593,3674,7267,-81,1,23,일
2022-01-23,9호선2~3단계,선정릉,2757,3059,5816,-302,1,23,일
2022-01-23,9호선2~3단계,삼성중앙,1731,1852,3583,-121,1,23,일
2022-01-23,9호선2~3단계,봉은사,7946,8186,16132,-240,1,23,일
2022-01-23,9호선2~3단계,종합운동장,1954,1817,3771,137,1,23,일
2022-01-23,9호선2~3단계,삼전,3493,3376,6869,117,1,23,일
2022-01-23,9호선2~3단계,석촌고분,2894,2859,5753,35,1,23,일
2022-01-23,9호선2~3단계,석촌,4541,3906,8447,635,1,23,일
2022-01-23,9호선2~3단계,송파나루,3061,3378,6439,-317,1,23,일
2022-01-23,9호선2~3단계,한성백제,1221,1178,2399,43,1,23,일
2022-01-23,9호선2~3단계,올림픽공원(한국체대),4157,4230,8387,-73,1,23,일
2022-01-23,9호선2~3단계,둔촌오륜,480,474,954,6,1,23,일
2022-01-23,9호선2~3단계,중앙보훈병원,3153,3071,6224,82,1,23,일
2022-01-23,경강선,판교,2329,2269,4598,60,1,23,일
2022-01-23,경강선,이매,619,410,1029,209,1,23,일
2022-01-23,경강선,삼동,999,939,1938,60,1,23,일
2022-01-23,경강선,경기광주,3585,3615,7200,-30,1,23,일
2022-01-23,경강선,초월,1468,1445,2913,23,1,23,일
2022-01-23,경강선,곤지암,1367,1390,2757,-23,1,23,일
2022-01-23,경강선,신둔도예촌,798,757,1555,41,1,23,일
2022-01-23,경강선,이천,1779,1964,3743,-185,1,23,일
2022-01-23,경강선,부발,1389,1913,3302,-524,1,23,일
2022-01-23,경강선,세종대왕릉,205,196,401,9,1,23,일
2022-01-23,경강선,여주,1693,1587,3280,106,1,23,일
2022-01-23,경부선,서울역,6427,1656,8083,4771,1,23,일
2022-01-23,경부선,남영,4215,4347,8562,-132,1,23,일
2022-01-23,경부선,용산,28217,25590,53807,2627,1,23,일
2022-01-23,경부선,노량진,5630,5395,11025,235,1,23,일
2022-01-23,경부선,대방,5264,5619,10883,-355,1,23,일
2022-01-23,경부선,영등포,30749,29864,60613,885,1,23,일
2022-01-23,경부선,신도림,2374,2250,4624,124,1,23,일
2022-01-23,경부선,신길,4342,3841,8183,501,1,23,일
2022-01-23,경부선,구로,8857,9020,17877,-163,1,23,일
2022-01-23,경부선,가산디지털단지,4211,5831,10042,-1620,1,23,일
2022-01-23,경부선,금천구청,5973,5807,11780,166,1,23,일
2022-01-23,경부선,석수,4869,4813,9682,56,1,23,일
2022-01-23,경부선,관악,4367,4025,8392,342,1,23,일
2022-01-23,경부선,안양,12500,12151,24651,349,1,23,일
2022-01-23,경부선,명학,3056,3131,6187,-75,1,23,일
2022-01-23,경부선,금정,12820,13284,26104,-464,1,23,일
2022-01-23,경부선,군포,2875,2747,5622,128,1,23,일
2022-01-23,경부선,의왕,3852,4082,7934,-230,1,23,일
2022-01-23,경부선,성균관대,7427,7720,15147,-293,1,23,일
2022-01-23,경부선,화서,3902,3815,7717,87,1,23,일
2022-01-23,경부선,수원,30123,28988,59111,1135,1,23,일
2022-01-23,경부선,독산,6111,6047,12158,64,1,23,일
2022-01-23,경부선,세류,1790,1831,3621,-41,1,23,일
2022-01-23,경부선,병점,8580,9443,18023,-863,1,23,일
2022-01-23,경부선,세마,1581,1500,3081,81,1,23,일
2022-01-23,경부선,오산대,1841,1798,3639,43,1,23,일
2022-01-23,경부선,오산,7212,7804,15016,-592,1,23,일
2022-01-23,경부선,진위,729,709,1438,20,1,23,일
2022-01-23,경부선,송탄,3008,3449,6457,-441,1,23,일
2022-01-23,경부선,서정리,3933,5642,9575,-1709,1,23,일
2022-01-23,경부선,평택지제,2049,2047,4096,2,1,23,일
2022-01-23,경부선,평택,9426,9673,19099,-247,1,23,일
2022-01-23,경부선,성환,1919,2219,4138,-300,1,23,일
2022-01-23,경부선,직산,434,526,960,-92,1,23,일
2022-01-23,경부선,두정,3778,4040,7818,-262,1,23,일
2022-01-23,경부선,천안,4851,4740,9591,111,1,23,일
2022-01-23,경부선,당정,2732,2772,5504,-40,1,23,일
2022-01-23,경부선,서동탄,685,750,1435,-65,1,23,일
2022-01-23,경부선,광명,2289,1731,4020,558,1,23,일
2022-01-23,경원선,이촌(국립중앙박물관),2018,1636,3654,382,1,23,일
2022-01-23,경원선,서빙고,1282,1352,2634,-70,1,23,일
2022-01-23,경원선,한남,1831,1867,3698,-36,1,23,일
2022-01-23,경원선,옥수,37,14,51,23,1,23,일
2022-01-23,경원선,응봉,924,868,1792,56,1,23,일
2022-01-23,경원선,청량리(서울시립대입구),13033,11860,24893,1173,1,23,일
2022-01-23,경원선,외대앞,4499,4409,8908,90,1,23,일
2022-01-23,경원선,신이문,4414,4121,8535,293,1,23,일
2022-01-23,경원선,석계,4633,5170,9803,-537,1,23,일
2022-01-23,경원선,광운대,3808,4003,7811,-195,1,23,일
2022-01-23,경원선,월계,3532,3252,6784,280,1,23,일
2022-01-23,경원선,녹천,2470,2146,4616,324,1,23,일
2022-01-23,경원선,방학,5455,5214,10669,241,1,23,일
2022-01-23,경원선,도봉,3366,3200,6566,166,1,23,일
2022-01-23,경원선,도봉산,7629,5325,12954,2304,1,23,일
2022-01-23,경원선,망월사,4413,4583,8996,-170,1,23,일
2022-01-23,경원선,회룡,6988,6925,13913,63,1,23,일
2022-01-23,경원선,의정부,12718,12772,25490,-54,1,23,일
2022-01-23,경원선,가능,3625,3448,7073,177,1,23,일
2022-01-23,경원선,녹양,2392,2294,4686,98,1,23,일
2022-01-23,경원선,양주,4429,4466,8895,-37,1,23,일
2022-01-23,경원선,덕계,1595,1560,3155,35,1,23,일
2022-01-23,경원선,덕정,2918,3065,5983,-147,1,23,일
2022-01-23,경원선,지행,3735,3640,7375,95,1,23,일
2022-01-23,경원선,동두천중앙,1880,1835,3715,45,1,23,일
2022-01-23,경원선,보산,890,858,1748,32,1,23,일
2022-01-23,경원선,동두천,1064,1357,2421,-293,1,23,일
2022-01-23,경원선,소요산,2871,2500,5371,371,1,23,일
2022-01-23,경의선,서울역,851,898,1749,-47,1,23,일
2022-01-23,경의선,신촌,229,262,491,-33,1,23,일
2022-01-23,경의선,효창공원앞,1263,1415,2678,-152,1,23,일
2022-01-23,경의선,공덕,1680,1293,2973,387,1,23,일
2022-01-23,경의선,서강대,1117,1045,2162,72,1,23,일
2022-01-23,경의선,홍대입구,1565,1794,3359,-229,1,23,일
2022-01-23,경의선,가좌,2622,2605,5227,17,1,23,일
2022-01-23,경의선,디지털미디어시티,1278,1163,2441,115,1,23,일
2022-01-23,경의선,수색,881,913,1794,-32,1,23,일
2022-01-23,경의선,화전,732,683,1415,49,1,23,일
2022-01-23,경의선,강매,1433,1387,2820,46,1,23,일
2022-01-23,경의선,행신,4228,3836,8064,392,1,23,일
2022-01-23,경의선,능곡,2014,2002,4016,12,1,23,일
2022-01-23,경의선,곡산,278,235,513,43,1,23,일
2022-01-23,경의선,백마,3279,3174,6453,105,1,23,일
2022-01-23,경의선,풍산,3404,3306,6710,98,1,23,일
2022-01-23,경의선,일산,5729,5712,11441,17,1,23,일
2022-01-23,경의선,탄현,3919,3656,7575,263,1,23,일
2022-01-23,경의선,야당,4560,4447,9007,113,1,23,일
2022-01-23,경의선,운정,3470,3463,6933,7,1,23,일
2022-01-23,경의선,금릉,2634,2656,5290,-22,1,23,일
2022-01-23,경의선,금촌,3652,3803,7455,-151,1,23,일
2022-01-23,경의선,월롱,839,1926,2765,-1087,1,23,일
2022-01-23,경의선,파주,542,432,974,110,1,23,일
2022-01-23,경의선,문산,3173,3282,6455,-109,1,23,일
2022-01-23,경의선,임진강,52,60,112,-8,1,23,일
2022-01-23,경의선,김포공항,1,0,1,1,1,23,일
2022-01-23,경인선,개봉,10996,10950,21946,46,1,23,일
2022-01-23,경인선,오류동,6701,6251,12952,450,1,23,일
2022-01-23,경인선,역곡,13593,13496,27089,97,1,23,일
2022-01-23,경인선,부천,20005,19736,39741,269,1,23,일
2022-01-23,경인선,송내,12091,11884,23975,207,1,23,일
2022-01-23,경인선,부평,20981,21565,42546,-584,1,23,일
2022-01-23,경인선,백운,3626,3688,7314,-62,1,23,일
2022-01-23,경인선,동암,8803,8709,17512,94,1,23,일
2022-01-23,경인선,주안,11029,9542,20571,1487,1,23,일
2022-01-23,경인선,제물포,5136,4966,10102,170,1,23,일
2022-01-23,경인선,동인천,8836,8448,17284,388,1,23,일
2022-01-23,경인선,인천,3277,2646,5923,631,1,23,일
2022-01-23,경인선,구일,4279,4424,8703,-145,1,23,일
2022-01-23,경인선,소사,5025,4697,9722,328,1,23,일
2022-01-23,경인선,부개,4454,4142,8596,312,1,23,일
2022-01-23,경인선,간석,2913,2843,5756,70,1,23,일
2022-01-23,경인선,도원,1590,1638,3228,-48,1,23,일
2022-01-23,경인선,온수(성공회대입구),3318,3216,6534,102,1,23,일
2022-01-23,경인선,중동,4751,4456,9207,295,1,23,일
2022-01-23,경인선,도화,2255,2229,4484,26,1,23,일
2022-01-23,경춘선,신내,863,896,1759,-33,1,23,일
2022-01-23,경춘선,갈매,1409,1201,2610,208,1,23,일
2022-01-23,경춘선,별내,1779,1691,3470,88,1,23,일
2022-01-23,경춘선,퇴계원,1872,1776,3648,96,1,23,일
2022-01-23,경춘선,사릉,1543,1526,3069,17,1,23,일
2022-01-23,경춘선,금곡,818,796,1614,22,1,23,일
2022-01-23,경춘선,평내호평,3232,3036,6268,196,1,23,일
2022-01-23,경춘선,천마산,986,989,1975,-3,1,23,일
2022-01-23,경춘선,마석,2604,2614,5218,-10,1,23,일
2022-01-23,경춘선,대성리,432,346,778,86,1,23,일
2022-01-23,경춘선,청평,1277,1058,2335,219,1,23,일
2022-01-23,경춘선,상천,251,224,475,27,1,23,일
2022-01-23,경춘선,가평,1351,1163,2514,188,1,23,일
2022-01-23,경춘선,굴봉산,174,187,361,-13,1,23,일
2022-01-23,경춘선,백양리,301,262,563,39,1,23,일
2022-01-23,경춘선,강촌,497,373,870,124,1,23,일
2022-01-23,경춘선,김유정,345,347,692,-2,1,23,일
2022-01-23,경춘선,남춘천,1934,1923,3857,11,1,23,일
2022-01-23,경춘선,춘천,1280,1092,2372,188,1,23,일
2022-01-23,공항철도 1호선,서울역,6657,5921,12578,736,1,23,일
2022-01-23,공항철도 1호선,공덕,1024,1536,2560,-512,1,23,일
2022-01-23,공항철도 1호선,홍대입구,9840,9195,19035,645,1,23,일
2022-01-23,공항철도 1호선,디지털미디어시티,3538,3558,7096,-20,1,23,일
2022-01-23,공항철도 1호선,마곡나루(서울식물원),2156,2436,4592,-280,1,23,일
2022-01-23,공항철도 1호선,김포공항,11057,5690,16747,5367,1,23,일
2022-01-23,공항철도 1호선,계양,4759,4717,9476,42,1,23,일
2022-01-23,공항철도 1호선,검암,3110,3164,6274,-54,1,23,일
2022-01-23,공항철도 1호선,청라국제도시,2974,2922,5896,52,1,23,일
2022-01-23,공항철도 1호선,운서,4630,4811,9441,-181,1,23,일
2022-01-23,공항철도 1호선,공항화물청사,893,989,1882,-96,1,23,일
2022-01-23,공항철도 1호선,인천공항1터미널,2859,2980,5839,-121,1,23,일
2022-01-23,공항철도 1호선,인천공항2터미널,1575,1649,3224,-74,1,23,일
2022-01-23,공항철도 1호선,영종,2251,2047,4298,204,1,23,일
2022-01-23,과천선,선바위,3520,3250,6770,270,1,23,일
2022-01-23,과천선,경마공원,8554,8617,17171,-63,1,23,일
2022-01-23,과천선,대공원,3754,3809,7563,-55,1,23,일
2022-01-23,과천선,과천,3313,3275,6588,38,1,23,일
2022-01-23,과천선,정부과천청사,4113,4174,8287,-61,1,23,일
2022-01-23,과천선,인덕원,11126,11300,22426,-174,1,23,일
2022-01-23,과천선,평촌,5868,5700,11568,168,1,23,일
2022-01-23,과천선,범계,14045,12889,26934,1156,1,23,일
2022-01-23,분당선,선릉,2755,4159,6914,-1404,1,23,일
2022-01-23,분당선,한티,8357,7981,16338,376,1,23,일
2022-01-23,분당선,도곡,2451,2404,4855,47,1,23,일
2022-01-23,분당선,구룡,707,770,1477,-63,1,23,일
2022-01-23,분당선,개포동,1817,1800,3617,17,1,23,일
2022-01-23,분당선,대모산입구,2138,1976,4114,162,1,23,일
2022-01-23,분당선,수서,7955,7945,15900,10,1,23,일
2022-01-23,분당선,수원,5553,4508,10061,1045,1,23,일
2022-01-23,분당선,서울숲,5480,5640,11120,-160,1,23,일
2022-01-23,분당선,압구정로데오,11133,11625,22758,-492,1,23,일
2022-01-23,분당선,강남구청,3445,4068,7513,-623,1,23,일
2022-01-23,분당선,선정릉,1916,1988,3904,-72,1,23,일
2022-01-23,분당선,가천대,3605,4204,7809,-599,1,23,일
2022-01-23,분당선,태평,7707,7424,15131,283,1,23,일
2022-01-23,분당선,모란,10658,11076,21734,-418,1,23,일
2022-01-23,분당선,야탑,12382,12591,24973,-209,1,23,일
2022-01-23,분당선,서현,14459,14366,28825,93,1,23,일
2022-01-23,분당선,수내,5913,5690,11603,223,1,23,일
2022-01-23,분당선,정자,7473,7663,15136,-190,1,23,일
2022-01-23,분당선,미금,6936,7440,14376,-504,1,23,일
2022-01-23,분당선,오리,5250,4625,9875,625,1,23,일
2022-01-23,분당선,이매,3101,3252,6353,-151,1,23,일
2022-01-23,분당선,보정,1022,1083,2105,-61,1,23,일
2022-01-23,분당선,죽전,7179,7958,15137,-779,1,23,일
2022-01-23,분당선,구성,2224,2399,4623,-175,1,23,일
2022-01-23,분당선,신갈,1858,1491,3349,367,1,23,일
2022-01-23,안산선,안산,8156,7754,15910,402,1,23,일
2022-01-23,안산선,신길온천,1028,975,2003,53,1,23,일
2022-01-23,안산선,정왕,4775,5135,9910,-360,1,23,일
2022-01-23,안산선,오이도,5032,5028,10060,4,1,23,일
2022-01-23,안산선,수리산,1912,1957,3869,-45,1,23,일
2022-01-23,우이신설선,북한산우이,2510,2541,5051,-31,1,23,일
2022-01-23,우이신설선,솔밭공원,1347,1290,2637,57,1,23,일
2022-01-23,우이신설선,4.19민주묘지,1876,1576,3452,300,1,23,일
2022-01-23,우이신설선,가오리,2186,2098,4284,88,1,23,일
2022-01-23,중앙선,신원,207,121,328,86,1,23,일
2022-01-23,중앙선,국수,519,523,1042,-4,1,23,일
2022-01-23,중앙선,아신,402,368,770,34,1,23,일
2022-01-23,중앙선,오빈,193,174,367,19,1,23,일
2022-01-23,중앙선,양평,2903,2779,5682,124,1,23,일
2022-01-23,중앙선,원덕,284,212,496,72,1,23,일
2022-01-23,중앙선,용문,1365,1228,2593,137,1,23,일
2022-01-23,중앙선,지평,49,39,88,10,1,23,일
2022-01-23,중앙선,양수,1402,1300,2702,102,1,23,일
2022-01-23,중앙선,운길산,743,743,1486,0,1,23,일
2022-01-23,중앙선,팔당,987,1051,2038,-64,1,23,일
2022-01-23,중앙선,도심,1132,1001,2133,131,1,23,일
2022-01-23,중앙선,덕소,3119,3176,6295,-57,1,23,일
2022-01-23,중앙선,양정,355,286,641,69,1,23,일
2022-01-23,중앙선,도농,4750,4764,9514,-14,1,23,일
2022-01-23,중앙선,구리,7067,7348,14415,-281,1,23,일
2022-01-23,중앙선,양원,956,994,1950,-38,1,23,일
2022-01-23,중앙선,망우,4368,4318,8686,50,1,23,일
2022-01-23,중앙선,상봉(시외버스터미널),3430,3582,7012,-152,1,23,일
2022-01-23,중앙선,중랑,3123,3027,6150,96,1,23,일
2022-01-23,중앙선,회기,14626,14517,29143,109,1,23,일
2022-01-23,장항선,신창(순천향대),689,733,1422,-44,1,23,일
2022-01-23,장항선,온양온천,2806,2864,5670,-58,1,23,일
2022-01-23,장항선,배방,661,777,1438,-116,1,23,일
2022-01-23,장항선,탕정,300,282,582,18,1,23,일
2022-01-23,장항선,아산,2525,1848,4373,677,1,23,일
2022-01-23,장항선,쌍용(나사렛대),1064,1035,2099,29,1,23,일
2022-01-23,장항선,봉명,471,511,982,-40,1,23,일
2022-01-23,일산선,대화,5678,5338,11016,340,1,23,일
2022-01-23,일산선,주엽,4195,4120,8315,75,1,23,일
2022-01-23,일산선,정발산,5077,4836,9913,241,1,23,일
2022-01-23,일산선,마두,3103,3234,6337,-131,1,23,일
2022-01-23,일산선,백석,5167,5097,10264,70,1,23,일
2022-01-23,일산선,대곡,945,772,1717,173,1,23,일
2022-01-23,일산선,화정,8816,9147,17963,-331,1,23,일
2022-01-23,일산선,원당,5568,5491,11059,77,1,23,일
2022-01-23,일산선,삼송,10861,10648,21509,213,1,23,일
2022-01-23,일산선,원흥,4966,4735,9701,231,1,23,일
2022-01-23,우이신설선,신설동,1161,1123,2284,38,1,23,일
2022-01-23,우이신설선,보문,955,954,1909,1,1,23,일
2022-01-23,우이신설선,성신여대입구(돈암),2199,2414,4613,-215,1,23,일
2022-01-23,우이신설선,정릉,2634,2191,4825,443,1,23,일
2022-01-23,우이신설선,북한산보국문,3622,3269,6891,353,1,23,일
2022-01-23,우이신설선,솔샘,2725,2632,5357,93,1,23,일
2022-01-23,우이신설선,삼양사거리,1435,1416,2851,19,1,23,일
2022-01-23,우이신설선,삼양,1122,1181,2303,-59,1,23,일
2022-01-23,우이신설선,화계,2062,1924,3986,138,1,23,일
2022-01-23,분당선,기흥,4708,4553,9261,155,1,23,일
2022-01-23,분당선,상갈,2586,2724,5310,-138,1,23,일
2022-01-23,분당선,청명,1877,1929,3806,-52,1,23,일
2022-01-23,분당선,영통,4594,4564,9158,30,1,23,일
2022-01-23,분당선,망포,6126,6451,12577,-325,1,23,일
2022-01-23,분당선,매탄권선,2350,2370,4720,-20,1,23,일
2022-01-23,분당선,수원시청,7529,7564,15093,-35,1,23,일
2022-01-23,분당선,매교,1403,1506,2909,-103,1,23,일
2022-01-23,수인선,고색,1626,1697,3323,-71,1,23,일
2022-01-23,수인선,오목천,1368,1361,2729,7,1,23,일
2022-01-23,수인선,어천,408,557,965,-149,1,23,일
2022-01-23,수인선,야목,199,158,357,41,1,23,일
2022-01-23,수인선,사리,2409,2092,4501,317,1,23,일
2022-01-23,수인선,달월,41,38,79,3,1,23,일
2022-01-23,수인선,월곶,1539,1434,2973,105,1,23,일
2022-01-23,수인선,소래포구,3981,3909,7890,72,1,23,일
2022-01-23,수인선,인천논현,2736,2842,5578,-106,1,23,일
2022-01-23,수인선,호구포,1794,1834,3628,-40,1,23,일
2022-01-23,수인선,남동인더스파크,554,556,1110,-2,1,23,일
2022-01-23,수인선,원인재,2802,2897,5699,-95,1,23,일
2022-01-23,수인선,연수,3051,3061,6112,-10,1,23,일
2022-01-23,수인선,송도,1550,1485,3035,65,1,23,일
2022-01-23,수인선,인하대,3220,2999,6219,221,1,23,일
2022-01-23,수인선,숭의,1767,1697,3464,70,1,23,일
2022-01-23,수인선,신포,1112,1080,2192,32,1,23,일
2022-01-23,수인선,인천,1051,1534,2585,-483,1,23,일
2022-01-23,안산선,산본,8186,8755,16941,-569,1,23,일
2022-01-23,안산선,대야미,2637,2441,5078,196,1,23,일
2022-01-23,안산선,반월,2341,2310,4651,31,1,23,일
2022-01-24,경의선,금촌,6146,6187,12333,-41,1,24,월
2022-01-24,경의선,월롱,2439,2285,4724,154,1,24,월
2022-01-24,경의선,파주,961,745,1706,216,1,24,월
2022-01-24,경의선,문산,5083,5106,10189,-23,1,24,월
2022-01-24,경의선,임진강,9,4,13,5,1,24,월
2022-01-24,경인선,개봉,21119,21050,42169,69,1,24,월
2022-01-24,경인선,오류동,11572,11117,22689,455,1,24,월
2022-01-24,경인선,역곡,26462,26068,52530,394,1,24,월
2022-01-24,경인선,부천,31443,31148,62591,295,1,24,월
2022-01-24,경인선,송내,25691,25509,51200,182,1,24,월
2022-01-24,경인선,부평,28058,29326,57384,-1268,1,24,월
2022-01-24,경인선,백운,6679,6739,13418,-60,1,24,월
2022-01-24,경인선,동암,14209,14136,28345,73,1,24,월
2022-01-24,경인선,주안,17738,15901,33639,1837,1,24,월
2022-01-24,경인선,제물포,9944,9510,19454,434,1,24,월
2022-01-24,경인선,동인천,13211,12381,25592,830,1,24,월
2022-01-24,경인선,인천,3207,2359,5566,848,1,24,월
2022-01-24,경인선,구일,6002,6045,12047,-43,1,24,월
2022-01-24,경인선,소사,8471,8158,16629,313,1,24,월
2022-01-24,경인선,부개,8424,7906,16330,518,1,24,월
2022-01-24,경인선,간석,5724,5439,11163,285,1,24,월
2022-01-24,경인선,도원,2540,2524,5064,16,1,24,월
2022-01-24,경인선,온수(성공회대입구),6235,5978,12213,257,1,24,월
2022-01-24,경인선,중동,9269,8672,17941,597,1,24,월
2022-01-24,경인선,도화,4054,3882,7936,172,1,24,월
2022-01-24,경춘선,신내,1930,1843,3773,87,1,24,월
2022-01-24,경춘선,갈매,2947,2544,5491,403,1,24,월
2022-01-24,경춘선,별내,3363,3103,6466,260,1,24,월
2022-01-24,경춘선,퇴계원,3528,3264,6792,264,1,24,월
2022-01-24,경춘선,사릉,3160,3007,6167,153,1,24,월
2022-01-24,경춘선,금곡,1425,1331,2756,94,1,24,월
2022-01-24,경춘선,평내호평,6053,5715,11768,338,1,24,월
2022-01-24,경춘선,천마산,1634,1472,3106,162,1,24,월
2022-01-24,경춘선,마석,3510,3441,6951,69,1,24,월
2022-01-24,경춘선,대성리,422,394,816,28,1,24,월
2022-01-24,경춘선,청평,1441,1416,2857,25,1,24,월
2022-01-24,경춘선,상천,209,194,403,15,1,24,월
2022-01-24,경춘선,가평,1440,1553,2993,-113,1,24,월
2022-01-24,경춘선,굴봉산,136,154,290,-18,1,24,월
2022-01-24,경춘선,백양리,314,300,614,14,1,24,월
2022-01-24,경춘선,강촌,275,308,583,-33,1,24,월
2022-01-24,경춘선,김유정,253,242,495,11,1,24,월
2022-01-24,경춘선,남춘천,2019,2073,4092,-54,1,24,월
2022-01-24,경춘선,춘천,1101,942,2043,159,1,24,월
2022-01-24,공항철도 1호선,서울역,7358,6956,14314,402,1,24,월
2022-01-24,공항철도 1호선,공덕,2257,2847,5104,-590,1,24,월
2022-01-24,공항철도 1호선,홍대입구,8910,9006,17916,-96,1,24,월
2022-01-24,공항철도 1호선,디지털미디어시티,14403,13068,27471,1335,1,24,월
2022-01-24,공항철도 1호선,마곡나루(서울식물원),9104,8776,17880,328,1,24,월
2022-01-24,공항철도 1호선,김포공항,11517,6827,18344,4690,1,24,월
2022-01-24,공항철도 1호선,계양,10021,9436,19457,585,1,24,월
2022-01-24,공항철도 1호선,검암,6821,6478,13299,343,1,24,월
2022-01-24,공항철도 1호선,청라국제도시,6733,6261,12994,472,1,24,월
2022-01-24,공항철도 1호선,운서,6268,6325,12593,-57,1,24,월
2022-01-24,공항철도 1호선,공항화물청사,2339,2488,4827,-149,1,24,월
2022-01-24,공항철도 1호선,인천공항1터미널,3177,3454,6631,-277,1,24,월
2022-01-24,공항철도 1호선,인천공항2터미널,1988,1883,3871,105,1,24,월
2022-01-24,공항철도 1호선,영종,2909,2872,5781,37,1,24,월
2022-01-24,과천선,선바위,8020,6955,14975,1065,1,24,월
2022-01-24,과천선,경마공원,889,876,1765,13,1,24,월
2022-01-24,과천선,대공원,2156,2253,4409,-97,1,24,월
2022-01-24,과천선,과천,5999,5587,11586,412,1,24,월
2022-01-24,과천선,정부과천청사,10430,10315,20745,115,1,24,월
2022-01-24,과천선,인덕원,23731,24762,48493,-1031,1,24,월
2022-01-24,과천선,평촌,18194,17943,36137,251,1,24,월
2022-01-24,과천선,범계,25173,23635,48808,1538,1,24,월
2022-01-24,분당선,선릉,14085,21261,35346,-7176,1,24,월
2022-01-24,분당선,한티,14867,15875,30742,-1008,1,24,월
2022-01-24,분당선,도곡,7001,6989,13990,12,1,24,월
2022-01-24,분당선,구룡,1927,1932,3859,-5,1,24,월
2022-01-24,분당선,개포동,3660,3830,7490,-170,1,24,월
2022-01-24,분당선,대모산입구,4588,4378,8966,210,1,24,월
2022-01-24,분당선,수서,13931,14241,28172,-310,1,24,월
2022-01-24,분당선,복정,1,0,1,1,1,24,월
2022-01-24,분당선,수원,7590,6437,14027,1153,1,24,월
2022-01-24,분당선,서울숲,9795,9952,19747,-157,1,24,월
2022-01-24,분당선,압구정로데오,18124,19228,37352,-1104,1,24,월
2022-01-24,분당선,강남구청,10497,11777,22274,-1280,1,24,월
2022-01-24,분당선,선정릉,8432,9054,17486,-622,1,24,월
2022-01-24,분당선,가천대,6360,7338,13698,-978,1,24,월
2022-01-24,2호선,한양대,6735,7138,13873,-403,1,24,월
2022-01-24,8호선,수진,5356,5038,10394,318,1,24,월
2022-01-24,분당선,태평,13768,13302,27070,466,1,24,월
2022-01-24,분당선,모란,26115,27339,53454,-1224,1,24,월
2022-01-24,분당선,야탑,25866,26823,52689,-957,1,24,월
2022-01-24,분당선,서현,24917,25358,50275,-441,1,24,월
2022-01-24,분당선,수내,13547,13414,26961,133,1,24,월
2022-01-24,분당선,정자,17683,18535,36218,-852,1,24,월
2022-01-24,분당선,미금,15874,16757,32631,-883,1,24,월
2022-01-24,분당선,오리,12007,9954,21961,2053,1,24,월
2022-01-24,분당선,이매,5622,5393,11015,229,1,24,월
2022-01-24,분당선,보정,2409,2148,4557,261,1,24,월
2022-01-24,분당선,죽전,12942,14342,27284,-1400,1,24,월
2022-01-24,분당선,구성,5090,5299,10389,-209,1,24,월
2022-01-24,2호선,신대방,25842,25183,51025,659,1,24,월
2022-01-24,분당선,신갈,4587,4177,8764,410,1,24,월
2022-01-24,분당선,기흥,9486,8979,18465,507,1,24,월
2022-01-24,2호선,신림,61664,60370,122034,1294,1,24,월
2022-01-24,2호선,봉천,23519,22260,45779,1259,1,24,월
2022-01-24,2호선,서울대입구(관악구청),46284,46019,92303,265,1,24,월
2022-01-24,2호선,낙성대(강감찬),26305,25955,52260,350,1,24,월
2022-01-24,2호선,사당,34740,37793,72533,-3053,1,24,월
2022-01-24,2호선,방배,16018,16620,32638,-602,1,24,월
2022-01-24,2호선,서초,21833,21489,43322,344,1,24,월
2022-01-24,2호선,교대(법원.검찰청),33998,38309,72307,-4311,1,24,월
2022-01-24,2호선,강남,87455,85914,173369,1541,1,24,월
2022-01-24,2호선,역삼,54845,61050,115895,-6205,1,24,월
2022-01-24,2호선,선릉,57972,51638,109610,6334,1,24,월
2022-01-24,2호선,삼성(무역센터),51731,52110,103841,-379,1,24,월
2022-01-24,2호선,종합운동장,7851,8444,16295,-593,1,24,월
2022-01-24,2호선,잠실새내,20857,20648,41505,209,1,24,월
2022-01-24,5호선,신정(은행정),13861,11199,25060,2662,1,24,월
2022-01-24,5호선,목동,16531,18257,34788,-1726,1,24,월
2022-01-24,5호선,오목교(목동운동장앞),22030,23449,45479,-1419,1,24,월
2022-01-24,5호선,양평,7723,7786,15509,-63,1,24,월
2022-01-24,5호선,영등포구청,4071,4266,8337,-195,1,24,월
2022-01-24,5호선,영등포시장,10073,10312,20385,-239,1,24,월
2022-01-24,5호선,신길,4115,4566,8681,-451,1,24,월
2022-01-24,5호선,여의도,29890,30836,60726,-946,1,24,월
2022-01-24,5호선,여의나루,9572,10712,20284,-1140,1,24,월
2022-01-24,5호선,마포,14707,14985,29692,-278,1,24,월
2022-01-24,5호선,공덕,14091,14916,29007,-825,1,24,월
2022-01-24,5호선,애오개,6758,6832,13590,-74,1,24,월
2022-01-24,5호선,충정로(경기대입구),4878,4901,9779,-23,1,24,월
2022-01-24,5호선,서대문,19021,19398,38419,-377,1,24,월
2022-01-24,3호선,남부터미널(예술의전당),28256,28926,57182,-670,1,24,월
2022-01-24,3호선,양재(서초구청),38528,42207,80735,-3679,1,24,월
2022-01-24,3호선,매봉,12707,12245,24952,462,1,24,월
2022-01-24,3호선,도곡,5364,5472,10836,-108,1,24,월
2022-01-24,3호선,대치,11804,11676,23480,128,1,24,월
2022-01-24,3호선,학여울,1771,1782,3553,-11,1,24,월
2022-01-24,3호선,대청,9902,9330,19232,572,1,24,월
2022-01-24,3호선,일원,10206,9951,20157,255,1,24,월
2022-01-24,3호선,수서,16492,17060,33552,-568,1,24,월
2022-01-24,3호선,가락시장,9239,9213,18452,26,1,24,월
2022-01-24,3호선,경찰병원,7695,7734,15429,-39,1,24,월
2022-01-24,3호선,오금,6249,5697,11946,552,1,24,월
2022-01-24,4호선,수유(강북구청),32610,32765,65375,-155,1,24,월
2022-01-24,4호선,미아(서울사이버대학),14356,13976,28332,380,1,24,월
2022-01-24,중앙선,지평,67,55,122,12,1,24,월
2022-01-24,중앙선,용문,1438,1421,2859,17,1,24,월
2022-01-24,중앙선,원덕,305,301,606,4,1,24,월
2022-01-24,중앙선,양평,2448,2367,4815,81,1,24,월
2022-01-24,중앙선,오빈,278,264,542,14,1,24,월
2022-01-24,중앙선,아신,485,446,931,39,1,24,월
2022-01-24,중앙선,국수,630,653,1283,-23,1,24,월
2022-01-24,중앙선,신원,173,157,330,16,1,24,월
2022-01-24,6호선,마포구청,14081,12956,27037,1125,1,24,월
2022-01-24,5호선,광화문(세종문화회관),29031,29914,58945,-883,1,24,월
2022-01-24,5호선,종로3가,12075,11798,23873,277,1,24,월
2022-01-24,5호선,을지로4가,6353,6488,12841,-135,1,24,월
2022-01-24,5호선,동대문역사문화공원(DDP),3146,3566,6712,-420,1,24,월
2022-01-24,5호선,청구,4061,3652,7713,409,1,24,월
2022-01-24,5호선,신금호,6215,6540,12755,-325,1,24,월
2022-01-24,4호선,미아사거리,26696,25958,52654,738,1,24,월
2022-01-24,4호선,길음,19473,19235,38708,238,1,24,월
2022-01-24,4호선,성신여대입구(돈암),18677,18122,36799,555,1,24,월
2022-01-24,4호선,한성대입구(삼선교),12282,11968,24250,314,1,24,월
2022-01-24,4호선,혜화,29518,29506,59024,12,1,24,월
2022-01-24,4호선,동대문,18765,19329,38094,-564,1,24,월
2022-01-24,4호선,동대문역사문화공원(DDP),14049,12913,26962,1136,1,24,월
2022-01-24,4호선,충무로,25413,26315,51728,-902,1,24,월
2022-01-24,4호선,명동,16618,16914,33532,-296,1,24,월
2022-01-24,4호선,회현(남대문시장),23156,24589,47745,-1433,1,24,월
2022-01-24,4호선,서울역,10864,15442,26306,-4578,1,24,월
2022-01-24,4호선,숙대입구(갈월),11710,11631,23341,79,1,24,월
2022-01-24,4호선,삼각지,4607,5002,9609,-395,1,24,월
2022-01-24,4호선,신용산,16064,16987,33051,-923,1,24,월
2022-01-24,4호선,이촌(국립중앙박물관),7022,7837,14859,-815,1,24,월
2022-01-24,4호선,동작(현충원),1423,1549,2972,-126,1,24,월
2022-01-24,4호선,총신대입구(이수),18300,19705,38005,-1405,1,24,월
2022-01-24,4호선,사당,23653,19408,43061,4245,1,24,월
2022-01-24,4호선,남태령,1073,920,1993,153,1,24,월
2022-01-24,4호선,당고개,12413,11295,23708,1118,1,24,월
2022-01-24,4호선,상계,18420,17349,35769,1071,1,24,월
2022-01-24,4호선,노원,17935,19847,37782,-1912,1,24,월
2022-01-24,4호선,창동,25062,26335,51397,-1273,1,24,월
2022-01-24,4호선,쌍문,28862,26646,55508,2216,1,24,월
2022-01-24,5호선,방화,6427,6176,12603,251,1,24,월
2022-01-24,5호선,개화산,5552,5288,10840,264,1,24,월
2022-01-24,5호선,김포공항,7115,6921,14036,194,1,24,월
2022-01-24,5호선,송정,6544,6086,12630,458,1,24,월
2022-01-24,5호선,마곡,11083,10908,21991,175,1,24,월
2022-01-24,5호선,발산,20517,20751,41268,-234,1,24,월
2022-01-24,5호선,우장산,13919,13826,27745,93,1,24,월
2022-01-24,5호선,화곡,28259,26524,54783,1735,1,24,월
2022-01-24,5호선,행당,7994,7229,15223,765,1,24,월
2022-01-24,5호선,왕십리(성동구청),4625,5012,9637,-387,1,24,월
2022-01-24,5호선,마장,5886,5500,11386,386,1,24,월
2022-01-24,중앙선,양수,1642,1585,3227,57,1,24,월
2022-01-24,중앙선,운길산,512,473,985,39,1,24,월
2022-01-24,중앙선,팔당,759,750,1509,9,1,24,월
2022-01-24,중앙선,도심,2313,1785,4098,528,1,24,월
2022-01-24,중앙선,덕소,5411,5333,10744,78,1,24,월
2022-01-24,중앙선,양정,692,570,1262,122,1,24,월
2022-01-24,중앙선,도농,10435,9422,19857,1013,1,24,월
2022-01-24,중앙선,구리,13251,13195,26446,56,1,24,월
2022-01-24,중앙선,양원,1923,1903,3826,20,1,24,월
2022-01-24,중앙선,망우,7442,7276,14718,166,1,24,월
2022-01-24,중앙선,상봉(시외버스터미널),5601,5766,11367,-165,1,24,월
2022-01-24,중앙선,중랑,5355,5156,10511,199,1,24,월
2022-01-24,중앙선,회기,22760,22035,44795,725,1,24,월
2022-01-24,장항선,신창(순천향대),854,922,1776,-68,1,24,월
2022-01-24,장항선,온양온천,4196,4158,8354,38,1,24,월
2022-01-24,장항선,배방,964,1011,1975,-47,1,24,월
2022-01-24,장항선,탕정,479,453,932,26,1,24,월
2022-01-24,장항선,아산,2609,1784,4393,825,1,24,월
2022-01-24,장항선,쌍용(나사렛대),1741,1693,3434,48,1,24,월
2022-01-24,장항선,봉명,1227,1173,2400,54,1,24,월
2022-01-24,일산선,대화,12529,9807,22336,2722,1,24,월
2022-01-24,일산선,주엽,8841,8921,17762,-80,1,24,월
2022-01-24,일산선,정발산,7049,6916,13965,133,1,24,월
2022-01-24,일산선,마두,7484,7616,15100,-132,1,24,월
2022-01-24,일산선,백석,9678,9727,19405,-49,1,24,월
2022-01-24,일산선,대곡,1967,1535,3502,432,1,24,월
2022-01-24,일산선,화정,16431,16857,33288,-426,1,24,월
2022-01-24,일산선,원당,10660,10109,20769,551,1,24,월
2022-01-24,일산선,삼송,18833,18292,37125,541,1,24,월
2022-01-24,일산선,원흥,10386,9936,20322,450,1,24,월
2022-01-24,우이신설선,신설동,2191,2023,4214,168,1,24,월
2022-01-24,우이신설선,보문,1508,1449,2957,59,1,24,월
2022-01-24,우이신설선,성신여대입구(돈암),3083,3352,6435,-269,1,24,월
2022-01-24,우이신설선,정릉,4379,4210,8589,169,1,24,월
2022-01-24,우이신설선,북한산보국문,5809,5600,11409,209,1,24,월
2022-01-24,우이신설선,솔샘,5783,5537,11320,246,1,24,월
2022-01-24,우이신설선,삼양사거리,2521,2572,5093,-51,1,24,월
2022-01-24,우이신설선,삼양,2006,2135,4141,-129,1,24,월
2022-01-24,우이신설선,화계,3403,3194,6597,209,1,24,월
2022-01-24,우이신설선,가오리,4079,4101,8180,-22,1,24,월
2022-01-24,우이신설선,4.19민주묘지,2678,2564,5242,114,1,24,월
2022-01-24,우이신설선,솔밭공원,2427,2321,4748,106,1,24,월
2022-01-24,우이신설선,북한산우이,2344,2158,4502,186,1,24,월
2022-01-24,안산선,수리산,4038,3417,7455,621,1,24,월
2022-01-24,안산선,오이도,7718,7372,15090,346,1,24,월
2022-01-24,안산선,정왕,7202,7713,14915,-511,1,24,월
2022-01-24,안산선,신길온천,1658,1511,3169,147,1,24,월
2022-01-24,안산선,안산,11375,10247,21622,1128,1,24,월
2022-01-24,안산선,초지,4382,4538,8920,-156,1,24,월
2022-01-24,안산선,고잔,8634,8113,16747,521,1,24,월
2022-01-24,안산선,중앙,17344,17604,34948,-260,1,24,월
2022-01-24,안산선,한대앞,8594,8494,17088,100,1,24,월
2022-01-24,안산선,상록수,14940,15157,30097,-217,1,24,월
2022-01-24,안산선,반월,4142,3995,8137,147,1,24,월
2022-01-24,안산선,대야미,4889,4339,9228,550,1,24,월
2022-01-24,안산선,산본,15484,16466,31950,-982,1,24,월
2022-01-24,수인선,인천,954,1612,2566,-658,1,24,월
2022-01-24,수인선,신포,1650,1696,3346,-46,1,24,월
2022-01-24,수인선,숭의,3989,3729,7718,260,1,24,월
2022-01-24,수인선,인하대,5451,5124,10575,327,1,24,월
2022-01-24,수인선,송도,2336,2215,4551,121,1,24,월
2022-01-24,수인선,연수,4242,4200,8442,42,1,24,월
2022-01-24,수인선,원인재,4319,4537,8856,-218,1,24,월
2022-01-24,수인선,남동인더스파크,2242,2558,4800,-316,1,24,월
2022-01-24,수인선,호구포,3895,4131,8026,-236,1,24,월
2022-01-24,수인선,인천논현,5225,5590,10815,-365,1,24,월
2022-01-24,수인선,소래포구,4568,4280,8848,288,1,24,월
2022-01-24,수인선,월곶,2419,2271,4690,148,1,24,월
2022-01-24,2호선,잠실(송파구청),65603,65223,130826,380,1,24,월
2022-01-24,2호선,잠실나루,14717,14353,29070,364,1,24,월
2022-01-24,2호선,강변(동서울터미널),29253,27957,57210,1296,1,24,월
2022-01-24,2호선,구의(광진구청),23327,23137,46464,190,1,24,월
2022-01-24,2호선,건대입구,33272,35081,68353,-1809,1,24,월
2022-01-24,2호선,성수,38072,40892,78964,-2820,1,24,월
2022-01-24,2호선,뚝섬,21602,23399,45001,-1797,1,24,월
2022-01-24,2호선,왕십리(성동구청),15088,12382,27470,2706,1,24,월
2022-01-24,2호선,상왕십리,14008,13747,27755,261,1,24,월
2022-01-24,2호선,신당,13272,13689,26961,-417,1,24,월
2022-01-24,5호선,답십리,16044,14694,30738,1350,1,24,월
2022-01-24,5호선,장한평,18694,18503,37197,191,1,24,월
2022-01-24,5호선,군자(능동),10845,11882,22727,-1037,1,24,월
2022-01-24,5호선,아차산(어린이대공원후문),13347,12961,26308,386,1,24,월
2022-01-24,5호선,광나루(장신대),12908,11788,24696,1120,1,24,월
2022-01-24,5호선,천호(풍납토성),17334,17470,34804,-136,1,24,월
2022-01-24,5호선,강동,18451,17814,36265,637,1,24,월
2022-01-24,5호선,길동,8134,8447,16581,-313,1,24,월
2022-01-24,5호선,굽은다리(강동구민회관앞),9399,9074,18473,325,1,24,월
2022-01-24,5호선,명일,8524,8844,17368,-320,1,24,월
2022-01-24,5호선,고덕,9248,9492,18740,-244,1,24,월
2022-01-24,5호선,상일동,15501,14292,29793,1209,1,24,월
2022-01-24,5호선,둔촌동,8690,8563,17253,127,1,24,월
2022-01-24,5호선,올림픽공원(한국체대),4031,3595,7626,436,1,24,월
2022-01-24,5호선,방이,7070,7256,14326,-186,1,24,월
2022-01-24,5호선,오금,3752,3698,7450,54,1,24,월
2022-01-24,5호선,개롱,6292,6575,12867,-283,1,24,월
2022-01-24,5호선,거여,9293,8873,18166,420,1,24,월
2022-01-24,5호선,마천,6857,6747,13604,110,1,24,월
2022-01-24,5호선,강일,3918,3860,7778,58,1,24,월
2022-01-24,5호선,미사,15806,15634,31440,172,1,24,월
2022-01-24,5호선,하남풍산,4179,4124,8303,55,1,24,월
2022-01-24,5호선,하남시청(덕풍·신장),6656,6438,13094,218,1,24,월
2022-01-24,5호선,하남검단산,5291,5191,10482,100,1,24,월
2022-01-24,6호선,응암,17196,17173,34369,23,1,24,월
2022-01-24,6호선,역촌,3757,4477,8234,-720,1,24,월
2022-01-24,6호선,불광,3961,3926,7887,35,1,24,월
2022-01-24,6호선,독바위,2676,2836,5512,-160,1,24,월
2022-01-24,6호선,연신내,1,0,1,1,1,24,월
2022-01-24,6호선,구산,7436,5707,13143,1729,1,24,월
2022-01-24,6호선,새절(신사),12260,11537,23797,723,1,24,월
2022-01-24,6호선,증산(명지대앞),10008,9969,19977,39,1,24,월
2022-01-24,6호선,디지털미디어시티,13604,14960,28564,-1356,1,24,월
2022-01-24,6호선,월드컵경기장(성산),4014,4141,8155,-127,1,24,월
2022-01-24,6호선,망원,13569,14367,27936,-798,1,24,월
2022-01-24,6호선,합정,12189,11914,24103,275,1,24,월
2022-01-24,6호선,상수,7475,8242,15717,-767,1,24,월
2022-01-24,6호선,광흥창(서강),8872,8634,17506,238,1,24,월
2022-01-24,6호선,대흥(서강대앞),7796,8114,15910,-318,1,24,월
2022-01-24,6호선,공덕,18532,17850,36382,682,1,24,월
2022-01-24,6호선,효창공원앞,6712,6153,12865,559,1,24,월
2022-01-24,6호선,삼각지,5657,5034,10691,623,1,24,월
2022-01-24,6호선,녹사평(용산구청),4259,4183,8442,76,1,24,월
2022-01-24,6호선,이태원,8430,8598,17028,-168,1,24,월
2022-01-24,6호선,한강진,6690,7427,14117,-737,1,24,월
2022-01-24,6호선,버티고개,2005,2058,4063,-53,1,24,월
2022-01-24,6호선,약수,3519,3543,7062,-24,1,24,월
2022-01-24,6호선,청구,3517,3908,7425,-391,1,24,월
2022-01-24,6호선,신당,7344,7788,15132,-444,1,24,월
2022-01-24,6호선,동묘앞,7493,7736,15229,-243,1,24,월
2022-01-24,6호선,창신,3215,2655,5870,560,1,24,월
2022-01-24,6호선,보문,6914,6420,13334,494,1,24,월
2022-01-24,6호선,안암(고대병원앞),9656,9796,19452,-140,1,24,월
2022-01-24,6호선,고려대(종암),7412,7260,14672,152,1,24,월
2022-01-24,6호선,월곡(동덕여대),11584,11494,23078,90,1,24,월
2022-01-24,6호선,상월곡(한국과학기술연구원),6204,5666,11870,538,1,24,월
2022-01-24,2호선,동대문역사문화공원(DDP),10526,12018,22544,-1492,1,24,월
2022-01-24,2호선,을지로4가,13106,13053,26159,53,1,24,월
2022-01-24,2호선,을지로3가,22157,21988,44145,169,1,24,월
2022-01-24,2호선,을지로입구,38792,39527,78319,-735,1,24,월
2022-01-24,2호선,시청,23356,22691,46047,665,1,24,월
2022-01-24,1호선,청량리(서울시립대입구),20846,21012,41858,-166,1,24,월
2022-01-24,1호선,제기동,19915,20683,40598,-768,1,24,월
2022-01-24,1호선,신설동,13549,13040,26589,509,1,24,월
2022-01-24,1호선,동대문,10477,9794,20271,683,1,24,월
2022-01-24,1호선,종로5가,21737,21575,43312,162,1,24,월
2022-01-24,6호선,돌곶이,9313,8749,18062,564,1,24,월
2022-01-24,6호선,석계,11820,12321,24141,-501,1,24,월
2022-01-24,6호선,태릉입구,5233,5581,10814,-348,1,24,월
2022-01-24,6호선,화랑대(서울여대입구),11493,8985,20478,2508,1,24,월
2022-01-24,6호선,봉화산(서울의료원),8778,8125,16903,653,1,24,월
2022-01-24,7호선,장암,2195,769,2964,1426,1,24,월
2022-01-24,1호선,종로3가,24867,22725,47592,2142,1,24,월
2022-01-24,1호선,종각,34229,33503,67732,726,1,24,월
2022-01-24,1호선,시청,21013,21267,42280,-254,1,24,월
2022-01-24,1호선,동묘앞,7115,7417,14532,-302,1,24,월
2022-01-24,1호선,서울역,41306,39822,81128,1484,1,24,월
2022-01-24,분당선,상갈,5289,5078,10367,211,1,24,월
2022-01-24,분당선,청명,4140,4093,8233,47,1,24,월
2022-01-24,분당선,영통,7823,7974,15797,-151,1,24,월
2022-01-24,분당선,망포,13986,13524,27510,462,1,24,월
2022-01-24,분당선,매탄권선,4802,4637,9439,165,1,24,월
2022-01-24,분당선,수원시청,12680,13156,25836,-476,1,24,월
2022-01-24,분당선,매교,2779,2777,5556,2,1,24,월
2022-01-24,수인선,고색,4546,4213,8759,333,1,24,월
2022-01-24,수인선,오목천,2574,2481,5055,93,1,24,월
2022-01-24,수인선,어천,650,677,1327,-27,1,24,월
2022-01-24,수인선,야목,326,238,564,88,1,24,월
2022-01-24,수인선,사리,4333,3797,8130,536,1,24,월
2022-01-24,7호선,도봉산,8856,9995,18851,-1139,1,24,월
2022-01-24,7호선,수락산,12210,12077,24287,133,1,24,월
2022-01-24,7호선,마들,12558,12111,24669,447,1,24,월
2022-01-24,7호선,노원,19220,20208,39428,-988,1,24,월
2022-01-24,7호선,중계,13940,12635,26575,1305,1,24,월
2022-01-24,7호선,하계,16957,16029,32986,928,1,24,월
2022-01-24,7호선,공릉(서울과학기술대),11058,11244,22302,-186,1,24,월
2022-01-24,7호선,태릉입구,8162,7748,15910,414,1,24,월
2022-01-24,7호선,먹골,9928,9809,19737,119,1,24,월
2022-01-24,7호선,중화,10851,10538,21389,313,1,24,월
2022-01-24,7호선,상봉(시외버스터미널),16583,15681,32264,902,1,24,월
2022-01-24,7호선,면목,15169,14852,30021,317,1,24,월
2022-01-24,7호선,사가정,15664,15889,31553,-225,1,24,월
2022-01-24,7호선,용마산(용마폭포공원),5929,5802,11731,127,1,24,월
2022-01-24,7호선,중곡,10735,10093,20828,642,1,24,월
2022-01-24,7호선,군자(능동),14657,11934,26591,2723,1,24,월
2022-01-24,7호선,어린이대공원(세종대),11752,11661,23413,91,1,24,월
2022-01-24,7호선,건대입구,11675,12527,24202,-852,1,24,월
2022-01-24,7호선,뚝섬유원지,7624,7384,15008,240,1,24,월
2022-01-24,7호선,청담,19492,21625,41117,-2133,1,24,월
2022-01-24,7호선,강남구청,16292,17880,34172,-1588,1,24,월
2022-01-24,7호선,학동,25080,26672,51752,-1592,1,24,월
2022-01-24,7호선,논현,21041,22740,43781,-1699,1,24,월
2022-01-24,7호선,반포,5603,5457,11060,146,1,24,월
2022-01-24,7호선,고속터미널,15878,13176,29054,2702,1,24,월
2022-01-24,7호선,내방,14696,14965,29661,-269,1,24,월
2022-01-24,7호선,이수,15206,15059,30265,147,1,24,월
2022-01-24,7호선,남성,11043,10252,21295,791,1,24,월
2022-01-24,7호선,숭실대입구(살피재),11177,11555,22732,-378,1,24,월
2022-01-24,3호선,교대(법원.검찰청),14484,9377,23861,5107,1,24,월
2022-01-24,3호선,고속터미널,37539,35783,73322,1756,1,24,월
2022-01-24,3호선,잠원,4697,4589,9286,108,1,24,월
2022-01-24,3호선,신사,32042,33099,65141,-1057,1,24,월
2022-01-24,3호선,압구정,32305,34341,66646,-2036,1,24,월
2022-01-24,3호선,옥수,8647,9061,17708,-414,1,24,월
2022-01-24,3호선,금호,7815,7478,15293,337,1,24,월
2022-01-24,3호선,약수,12660,12335,24995,325,1,24,월
2022-01-24,3호선,동대입구,6759,7046,13805,-287,1,24,월
2022-01-24,3호선,충무로,2,0,2,2,1,24,월
2022-01-24,3호선,을지로3가,10513,10694,21207,-181,1,24,월
2022-01-24,3호선,종로3가,10168,11526,21694,-1358,1,24,월
2022-01-24,3호선,안국,18869,19301,38170,-432,1,24,월
2022-01-24,3호선,경복궁(정부서울청사),18578,18599,37177,-21,1,24,월
2022-01-24,3호선,독립문,6323,6510,12833,-187,1,24,월
2022-01-24,수인선,달월,103,55,158,48,1,24,월
2022-01-24,3호선,무악재,3876,3887,7763,-11,1,24,월
2022-01-24,3호선,홍제,16672,15886,32558,786,1,24,월
2022-01-24,3호선,녹번,15184,14103,29287,1081,1,24,월
2022-01-24,3호선,불광,15699,16677,32376,-978,1,24,월
2022-01-24,3호선,연신내,35447,33699,69146,1748,1,24,월
2022-01-24,3호선,구파발,20272,19057,39329,1215,1,24,월
2022-01-24,3호선,지축,4409,4299,8708,110,1,24,월
2022-01-24,2호선,용두(동대문구청),2578,2704,5282,-126,1,24,월
2022-01-24,2호선,신정네거리,10224,10633,20857,-409,1,24,월
2022-01-24,2호선,양천구청,6740,7119,13859,-379,1,24,월
2022-01-24,2호선,도림천,1425,1459,2884,-34,1,24,월
2022-01-24,2호선,신설동,3259,3414,6673,-155,1,24,월
2022-01-24,2호선,신답,1652,1956,3608,-304,1,24,월
2022-01-24,2호선,용답,2643,2621,5264,22,1,24,월
2022-01-24,2호선,충정로(경기대입구),9811,10317,20128,-506,1,24,월
2022-01-24,2호선,아현,9899,9503,19402,396,1,24,월
2022-01-24,2호선,이대,12397,13002,25399,-605,1,24,월
2022-01-24,2호선,신촌,30584,31417,62001,-833,1,24,월
2022-01-24,2호선,홍대입구,49818,50731,100549,-913,1,24,월
2022-01-24,2호선,합정,29409,30278,59687,-869,1,24,월
2022-01-24,2호선,당산,17910,20787,38697,-2877,1,24,월
2022-01-24,2호선,영등포구청,23502,24051,47553,-549,1,24,월
2022-01-24,2호선,문래,21413,21805,43218,-392,1,24,월
2022-01-24,2호선,신도림,45960,45048,91008,912,1,24,월
2022-01-24,2호선,대림(구로구청),23866,24506,48372,-640,1,24,월
2022-01-24,2호선,구로디지털단지,59992,60197,120189,-205,1,24,월
2022-01-24,7호선,상도,10544,10173,20717,371,1,24,월
2022-01-24,7호선,장승배기,9098,9035,18133,63,1,24,월
2022-01-24,7호선,신대방삼거리,16605,16055,32660,550,1,24,월
2022-01-24,7호선,보라매,9842,9791,19633,51,1,24,월
2022-01-24,7호선,신풍,11421,10876,22297,545,1,24,월
2022-01-24,7호선,대림(구로구청),7937,7840,15777,97,1,24,월
2022-01-24,7호선,남구로,16415,17155,33570,-740,1,24,월
2022-01-24,7호선,가산디지털단지,47964,48049,96013,-85,1,24,월
2022-01-24,7호선,철산,20812,21352,42164,-540,1,24,월
2022-01-24,7호선,광명사거리,22055,21699,43754,356,1,24,월
2022-01-24,7호선,천왕,11432,10837,22269,595,1,24,월
2022-01-24,7호선,온수(성공회대입구),9964,9175,19139,789,1,24,월
2022-01-24,7호선,까치울,1,0,1,1,1,24,월
2022-01-24,7호선,춘의,1,0,1,1,1,24,월
2022-01-24,7호선,신중동,1,0,1,1,1,24,월
2022-01-24,8호선,암사,18881,16840,35721,2041,1,24,월
2022-01-24,8호선,천호(풍납토성),14741,16531,31272,-1790,1,24,월
2022-01-24,8호선,강동구청,10725,11269,21994,-544,1,24,월
2022-01-24,8호선,몽촌토성(평화의문),6065,6189,12254,-124,1,24,월
2022-01-24,8호선,잠실(송파구청),13465,15598,29063,-2133,1,24,월
2022-01-24,8호선,석촌,7638,8896,16534,-1258,1,24,월
2022-01-24,8호선,송파,7527,7595,15122,-68,1,24,월
2022-01-24,8호선,가락시장,8200,9007,17207,-807,1,24,월
2022-01-24,8호선,문정,22816,24232,47048,-1416,1,24,월
2022-01-24,8호선,장지,16977,16512,33489,465,1,24,월
2022-01-24,8호선,복정,9344,7895,17239,1449,1,24,월
2022-01-24,8호선,산성,5199,5170,10369,29,1,24,월
2022-01-24,8호선,남한산성입구(성남법원.검찰청),13431,12336,25767,1095,1,24,월
2022-01-24,8호선,단대오거리,10650,10423,21073,227,1,24,월
2022-01-24,8호선,신흥,4203,4532,8735,-329,1,24,월
2022-01-24,8호선,모란,6192,4714,10906,1478,1,24,월
2022-01-24,8호선,남위례,3721,3958,7679,-237,1,24,월
2022-01-24,9호선,개화,2498,1747,4245,751,1,24,월
2022-01-24,9호선,김포공항,7117,11348,18465,-4231,1,24,월
2022-01-24,9호선,공항시장,2866,3234,6100,-368,1,24,월
2022-01-24,9호선,신방화,6725,6612,13337,113,1,24,월
2022-01-24,9호선,마곡나루(서울식물원),11830,11651,23481,179,1,24,월
2022-01-24,9호선,양천향교,9423,9580,19003,-157,1,24,월
2022-01-24,9호선,가양,20411,19901,40312,510,1,24,월
2022-01-24,9호선,증미,7677,7699,15376,-22,1,24,월
2022-01-24,9호선,등촌,11508,11407,22915,101,1,24,월
2022-01-24,9호선,염창,17034,16629,33663,405,1,24,월
2022-01-24,9호선,신목동,4090,3651,7741,439,1,24,월
2022-01-24,9호선,선유도,8951,8411,17362,540,1,24,월
2022-01-24,9호선,당산,17724,17929,35653,-205,1,24,월
2022-01-24,9호선,국회의사당,17048,17741,34789,-693,1,24,월
2022-01-24,9호선,여의도,28214,27265,55479,949,1,24,월
2022-01-24,9호선,샛강,5988,6220,12208,-232,1,24,월
2022-01-24,9호선,노량진,25747,24843,50590,904,1,24,월
2022-01-24,9호선,노들,4393,3829,8222,564,1,24,월
2022-01-24,9호선,흑석(중앙대입구),8012,8470,16482,-458,1,24,월
2022-01-24,9호선,동작(현충원),2081,1621,3702,460,1,24,월
2022-01-24,9호선,구반포,1389,1475,2864,-86,1,24,월
2022-01-24,9호선,신반포,3271,3210,6481,61,1,24,월
2022-01-24,9호선,고속터미널,11473,14441,25914,-2968,1,24,월
2022-01-24,9호선,사평,3435,3364,6799,71,1,24,월
2022-01-24,9호선,신논현,32373,31851,64224,522,1,24,월
2022-01-24,9호선2~3단계,언주,10863,11291,22154,-428,1,24,월
2022-01-24,9호선2~3단계,선정릉,9830,10783,20613,-953,1,24,월
2022-01-24,9호선2~3단계,삼성중앙,6991,7479,14470,-488,1,24,월
2022-01-24,9호선2~3단계,봉은사,15454,15966,31420,-512,1,24,월
2022-01-24,9호선2~3단계,종합운동장,4183,4315,8498,-132,1,24,월
2022-01-24,9호선2~3단계,삼전,6957,6557,13514,400,1,24,월
2022-01-24,9호선2~3단계,석촌고분,5976,6039,12015,-63,1,24,월
2022-01-24,9호선2~3단계,석촌,8272,7333,15605,939,1,24,월
2022-01-24,9호선2~3단계,송파나루,4819,5175,9994,-356,1,24,월
2022-01-24,9호선2~3단계,한성백제,2439,2241,4680,198,1,24,월
2022-01-24,9호선2~3단계,올림픽공원(한국체대),5636,5605,11241,31,1,24,월
2022-01-24,9호선2~3단계,둔촌오륜,939,935,1874,4,1,24,월
2022-01-24,9호선2~3단계,중앙보훈병원,10788,9574,20362,1214,1,24,월
2022-01-24,경강선,판교,4860,4652,9512,208,1,24,월
2022-01-24,경강선,이매,998,875,1873,123,1,24,월
2022-01-24,경강선,삼동,2408,2255,4663,153,1,24,월
2022-01-24,경강선,경기광주,7653,7188,14841,465,1,24,월
2022-01-24,경강선,초월,3021,2992,6013,29,1,24,월
2022-01-24,경강선,곤지암,2138,2253,4391,-115,1,24,월
2022-01-24,경강선,신둔도예촌,1318,1250,2568,68,1,24,월
2022-01-24,경강선,이천,2442,2489,4931,-47,1,24,월
2022-01-24,경강선,부발,1912,1952,3864,-40,1,24,월
2022-01-24,경강선,세종대왕릉,298,280,578,18,1,24,월
2022-01-24,경강선,여주,1865,1843,3708,22,1,24,월
2022-01-24,경부선,서울역,5757,1926,7683,3831,1,24,월
2022-01-24,경부선,남영,8682,9089,17771,-407,1,24,월
2022-01-24,경부선,용산,30766,31499,62265,-733,1,24,월
2022-01-24,경부선,노량진,7891,8052,15943,-161,1,24,월
2022-01-24,경부선,대방,13055,13459,26514,-404,1,24,월
2022-01-24,경부선,영등포,34571,35700,70271,-1129,1,24,월
2022-01-24,경부선,신도림,4310,4030,8340,280,1,24,월
2022-01-24,경부선,신길,8899,7479,16378,1420,1,24,월
2022-01-24,경부선,구로,18339,18237,36576,102,1,24,월
2022-01-24,경부선,가산디지털단지,18650,21529,40179,-2879,1,24,월
2022-01-24,경부선,금천구청,11741,11615,23356,126,1,24,월
2022-01-24,경부선,석수,9390,8473,17863,917,1,24,월
2022-01-24,경부선,관악,6948,6570,13518,378,1,24,월
2022-01-24,경부선,안양,20359,20304,40663,55,1,24,월
2022-01-24,경부선,명학,8805,8820,17625,-15,1,24,월
2022-01-24,경부선,금정,26149,26653,52802,-504,1,24,월
2022-01-24,5호선,까치산,28659,27512,56171,1147,1,24,월
2022-01-24,경부선,군포,7820,7912,15732,-92,1,24,월
2022-01-24,경부선,의왕,9006,9051,18057,-45,1,24,월
2022-01-24,경부선,성균관대,13115,13290,26405,-175,1,24,월
2022-01-24,경부선,화서,7626,7431,15057,195,1,24,월
2022-01-24,경부선,수원,30587,32424,63011,-1837,1,24,월
2022-01-24,경부선,독산,19080,20042,39122,-962,1,24,월
2022-01-24,경부선,세류,2923,2690,5613,233,1,24,월
2022-01-24,경부선,병점,13279,13037,26316,242,1,24,월
2022-01-24,경부선,세마,2591,2467,5058,124,1,24,월
2022-01-24,경부선,오산대,3083,2799,5882,284,1,24,월
2022-01-24,경부선,오산,8880,8981,17861,-101,1,24,월
2022-01-24,경부선,진위,1533,1402,2935,131,1,24,월
2022-01-24,경부선,송탄,3807,3664,7471,143,1,24,월
2022-01-24,경부선,서정리,5983,5842,11825,141,1,24,월
2022-01-24,경부선,평택지제,3173,3136,6309,37,1,24,월
2022-01-24,경부선,평택,10218,10101,20319,117,1,24,월
2022-01-24,경부선,성환,2771,2896,5667,-125,1,24,월
2022-01-24,경부선,직산,756,705,1461,51,1,24,월
2022-01-24,경부선,두정,4409,4486,8895,-77,1,24,월
2022-01-24,경부선,천안,4317,4454,8771,-137,1,24,월
2022-01-24,경부선,당정,5985,5734,11719,251,1,24,월
2022-01-24,경부선,서동탄,1389,1180,2569,209,1,24,월
2022-01-24,경부선,광명,3309,2832,6141,477,1,24,월
2022-01-24,경원선,이촌(국립중앙박물관),3638,2801,6439,837,1,24,월
2022-01-24,경원선,서빙고,1835,1718,3553,117,1,24,월
2022-01-24,경원선,한남,4175,3899,8074,276,1,24,월
2022-01-24,경원선,옥수,40,32,72,8,1,24,월
2022-01-24,경원선,응봉,1761,1550,3311,211,1,24,월
2022-01-24,경원선,왕십리(성동구청),13303,15280,28583,-1977,1,24,월
2022-01-24,경원선,청량리(서울시립대입구),14734,15158,29892,-424,1,24,월
2022-01-24,경원선,외대앞,6983,6964,13947,19,1,24,월
2022-01-24,경원선,신이문,8303,7877,16180,426,1,24,월
2022-01-24,경원선,석계,7880,8836,16716,-956,1,24,월
2022-01-24,경원선,광운대,7114,6873,13987,241,1,24,월
2022-01-24,경원선,월계,6235,5928,12163,307,1,24,월
2022-01-24,경원선,녹천,4538,3868,8406,670,1,24,월
2022-01-24,경원선,창동,1,0,1,1,1,24,월
2022-01-24,경원선,방학,9584,9398,18982,186,1,24,월
2022-01-24,경원선,도봉,6161,5755,11916,406,1,24,월
2022-01-24,경원선,도봉산,7084,4427,11511,2657,1,24,월
2022-01-24,경원선,망월사,7103,7266,14369,-163,1,24,월
2022-01-24,경원선,회룡,12169,11979,24148,190,1,24,월
2022-01-24,경원선,의정부,17287,17571,34858,-284,1,24,월
2022-01-24,경원선,가능,6368,6133,12501,235,1,24,월
2022-01-24,경원선,녹양,4261,4069,8330,192,1,24,월
2022-01-24,경원선,양주,7191,6761,13952,430,1,24,월
2022-01-24,경원선,덕계,2924,2561,5485,363,1,24,월
2022-01-24,경원선,덕정,4973,4909,9882,64,1,24,월
2022-01-24,경원선,지행,6077,5997,12074,80,1,24,월
2022-01-24,경원선,동두천중앙,2975,2707,5682,268,1,24,월
2022-01-24,경원선,보산,1274,1117,2391,157,1,24,월
2022-01-24,경원선,동두천,1868,2165,4033,-297,1,24,월
2022-01-24,경원선,소요산,2092,1803,3895,289,1,24,월
2022-01-24,경의선,서울역,4265,5267,9532,-1002,1,24,월
2022-01-24,경의선,신촌,814,1047,1861,-233,1,24,월
2022-01-24,경의선,효창공원앞,2899,3360,6259,-461,1,24,월
2022-01-24,경의선,공덕,3504,3140,6644,364,1,24,월
2022-01-24,경의선,서강대,2096,2028,4124,68,1,24,월
2022-01-24,경의선,홍대입구,1547,1655,3202,-108,1,24,월
2022-01-24,경의선,가좌,5233,5039,10272,194,1,24,월
2022-01-24,경의선,디지털미디어시티,2370,2237,4607,133,1,24,월
2022-01-24,경의선,수색,2740,2875,5615,-135,1,24,월
2022-01-24,경의선,화전,1423,1337,2760,86,1,24,월
2022-01-24,경의선,강매,3185,2769,5954,416,1,24,월
2022-01-24,경의선,행신,7733,7706,15439,27,1,24,월
2022-01-24,경의선,능곡,3699,3379,7078,320,1,24,월
2022-01-24,경의선,곡산,556,595,1151,-39,1,24,월
2022-01-24,경의선,백마,6795,6591,13386,204,1,24,월
2022-01-24,경의선,풍산,5470,5020,10490,450,1,24,월
2022-01-24,경의선,일산,8877,8763,17640,114,1,24,월
2022-01-24,경의선,탄현,7729,7388,15117,341,1,24,월
2022-01-24,경의선,야당,7185,6992,14177,193,1,24,월
2022-01-24,경의선,운정,6826,6415,13241,411,1,24,월
2022-01-24,경의선,금릉,4622,4323,8945,299,1,24,월
2022-01-25,경부선,가산디지털단지,18824,21661,40485,-2837,1,25,화
2022-01-25,5호선,신금호,6280,6549,12829,-269,1,25,화
2022-01-25,5호선,청구,4044,3747,7791,297,1,25,화
2022-01-25,5호선,동대문역사문화공원(DDP),3102,3633,6735,-531,1,25,화
2022-01-25,5호선,을지로4가,6258,6438,12696,-180,1,25,화
2022-01-25,5호선,종로3가,12117,11957,24074,160,1,25,화
2022-01-25,5호선,광화문(세종문화회관),29863,31260,61123,-1397,1,25,화
2022-01-25,5호선,서대문,19339,19876,39215,-537,1,25,화
2022-01-25,5호선,충정로(경기대입구),4943,5018,9961,-75,1,25,화
2022-01-25,5호선,애오개,6998,7113,14111,-115,1,25,화
2022-01-25,5호선,공덕,14558,15271,29829,-713,1,25,화
2022-01-25,5호선,마포,15100,15385,30485,-285,1,25,화
2022-01-25,5호선,여의나루,8967,10037,19004,-1070,1,25,화
2022-01-25,5호선,여의도,29956,31300,61256,-1344,1,25,화
2022-01-25,5호선,신길,4234,4574,8808,-340,1,25,화
2022-01-25,5호선,영등포시장,10119,10385,20504,-266,1,25,화
2022-01-25,5호선,영등포구청,4048,4239,8287,-191,1,25,화
2022-01-25,5호선,양평,7831,7965,15796,-134,1,25,화
2022-01-25,5호선,오목교(목동운동장앞),22240,23709,45949,-1469,1,25,화
2022-01-25,5호선,목동,17036,18376,35412,-1340,1,25,화
2022-01-25,5호선,신정(은행정),13908,11228,25136,2680,1,25,화
2022-01-25,2호선,강변(동서울터미널),28139,26926,55065,1213,1,25,화
2022-01-25,2호선,구의(광진구청),23800,23661,47461,139,1,25,화
2022-01-25,2호선,건대입구,33503,35380,68883,-1877,1,25,화
2022-01-25,2호선,성수,38914,41723,80637,-2809,1,25,화
2022-01-25,2호선,뚝섬,22030,23773,45803,-1743,1,25,화
2022-01-25,2호선,한양대,6611,6959,13570,-348,1,25,화
2022-01-25,2호선,왕십리(성동구청),15280,12865,28145,2415,1,25,화
2022-01-25,2호선,상왕십리,14104,13925,28029,179,1,25,화
2022-01-25,2호선,신당,13655,14251,27906,-596,1,25,화
2022-01-25,2호선,동대문역사문화공원(DDP),10755,11998,22753,-1243,1,25,화
2022-01-25,2호선,을지로4가,13169,13060,26229,109,1,25,화
2022-01-25,2호선,을지로3가,22698,22384,45082,314,1,25,화
2022-01-25,2호선,을지로입구,39615,40508,80123,-893,1,25,화
2022-01-25,2호선,시청,24495,23416,47911,1079,1,25,화
2022-01-25,1호선,청량리(서울시립대입구),20098,20142,40240,-44,1,25,화
2022-01-25,1호선,제기동,18781,19241,38022,-460,1,25,화
2022-01-25,1호선,신설동,13446,13092,26538,354,1,25,화
2022-01-25,1호선,동대문,10203,9494,19697,709,1,25,화
2022-01-25,1호선,종로5가,22005,21675,43680,330,1,25,화
2022-01-25,1호선,종로3가,24710,22412,47122,2298,1,25,화
2022-01-25,1호선,종각,34558,33662,68220,896,1,25,화
2022-01-25,1호선,시청,22124,22099,44223,25,1,25,화
2022-01-25,1호선,동묘앞,6342,6640,12982,-298,1,25,화
2022-01-25,1호선,서울역,41537,39739,81276,1798,1,25,화
2022-01-25,7호선,마들,12634,12170,24804,464,1,25,화
2022-01-25,5호선,화곡,28389,26603,54992,1786,1,25,화
2022-01-25,5호선,우장산,14163,14199,28362,-36,1,25,화
2022-01-25,5호선,발산,20910,21088,41998,-178,1,25,화
2022-01-25,5호선,마곡,11093,11007,22100,86,1,25,화
2022-01-25,5호선,송정,6540,6083,12623,457,1,25,화
2022-01-25,5호선,김포공항,6947,6721,13668,226,1,25,화
2022-01-25,5호선,개화산,5558,5283,10841,275,1,25,화
2022-01-25,5호선,방화,6430,6273,12703,157,1,25,화
2022-01-25,4호선,쌍문,28803,26707,55510,2096,1,25,화
2022-01-25,4호선,창동,24991,26527,51518,-1536,1,25,화
2022-01-25,4호선,노원,17914,20186,38100,-2272,1,25,화
2022-01-25,4호선,상계,18446,17163,35609,1283,1,25,화
2022-01-25,4호선,당고개,12434,11198,23632,1236,1,25,화
2022-01-25,4호선,남태령,1159,1004,2163,155,1,25,화
2022-01-25,4호선,사당,24558,20036,44594,4522,1,25,화
2022-01-25,4호선,총신대입구(이수),18574,20086,38660,-1512,1,25,화
2022-01-25,4호선,동작(현충원),1231,1493,2724,-262,1,25,화
2022-01-25,4호선,이촌(국립중앙박물관),7452,8035,15487,-583,1,25,화
2022-01-25,4호선,신용산,16324,17487,33811,-1163,1,25,화
2022-01-25,4호선,삼각지,4842,5398,10240,-556,1,25,화
2022-01-25,4호선,숙대입구(갈월),12384,12199,24583,185,1,25,화
2022-01-25,4호선,서울역,11021,15894,26915,-4873,1,25,화
2022-01-25,4호선,회현(남대문시장),22877,24200,47077,-1323,1,25,화
2022-01-25,4호선,명동,16920,17537,34457,-617,1,25,화
2022-01-25,4호선,충무로,26245,27324,53569,-1079,1,25,화
2022-01-25,4호선,동대문역사문화공원(DDP),14029,12923,26952,1106,1,25,화
2022-01-25,4호선,동대문,18394,18926,37320,-532,1,25,화
2022-01-25,4호선,혜화,31447,31146,62593,301,1,25,화
2022-01-25,4호선,한성대입구(삼선교),12570,12031,24601,539,1,25,화
2022-01-25,4호선,성신여대입구(돈암),19445,18968,38413,477,1,25,화
2022-01-25,4호선,길음,19904,19538,39442,366,1,25,화
2022-01-25,4호선,미아사거리,26691,26124,52815,567,1,25,화
2022-01-25,4호선,미아(서울사이버대학),14204,13951,28155,253,1,25,화
2022-01-25,4호선,수유(강북구청),32834,33064,65898,-230,1,25,화
2022-01-25,3호선,오금,6011,5628,11639,383,1,25,화
2022-01-25,3호선,경찰병원,7460,7414,14874,46,1,25,화
2022-01-25,3호선,가락시장,9096,9181,18277,-85,1,25,화
2022-01-25,3호선,수서,16656,16796,33452,-140,1,25,화
2022-01-25,3호선,일원,10079,9595,19674,484,1,25,화
2022-01-25,3호선,대청,9969,9303,19272,666,1,25,화
2022-01-25,3호선,학여울,1719,1784,3503,-65,1,25,화
2022-01-25,3호선,대치,11692,11506,23198,186,1,25,화
2022-01-25,3호선,도곡,5502,5649,11151,-147,1,25,화
2022-01-25,3호선,매봉,13017,12223,25240,794,1,25,화
2022-01-25,3호선,양재(서초구청),40211,42629,82840,-2418,1,25,화
2022-01-25,3호선,남부터미널(예술의전당),28982,29402,58384,-420,1,25,화
2022-01-25,3호선,교대(법원.검찰청),14610,9704,24314,4906,1,25,화
2022-01-25,3호선,고속터미널,37772,36985,74757,787,1,25,화
2022-01-25,3호선,잠원,4729,4676,9405,53,1,25,화
2022-01-25,3호선,신사,32623,33733,66356,-1110,1,25,화
2022-01-25,3호선,압구정,33229,34888,68117,-1659,1,25,화
2022-01-25,3호선,옥수,8766,9448,18214,-682,1,25,화
2022-01-25,3호선,금호,8166,8291,16457,-125,1,25,화
2022-01-25,3호선,약수,12755,13033,25788,-278,1,25,화
2022-01-25,3호선,동대입구,6944,7445,14389,-501,1,25,화
2022-01-25,3호선,을지로3가,10649,11182,21831,-533,1,25,화
2022-01-25,3호선,종로3가,10344,11486,21830,-1142,1,25,화
2022-01-25,3호선,안국,18933,19800,38733,-867,1,25,화
2022-01-25,3호선,경복궁(정부서울청사),18762,18572,37334,190,1,25,화
2022-01-25,3호선,독립문,6694,6973,13667,-279,1,25,화
2022-01-25,3호선,무악재,3939,3987,7926,-48,1,25,화
2022-01-25,3호선,홍제,16974,16458,33432,516,1,25,화
2022-01-25,3호선,녹번,15349,14378,29727,971,1,25,화
2022-01-25,3호선,불광,15934,17110,33044,-1176,1,25,화
2022-01-25,3호선,연신내,35689,33880,69569,1809,1,25,화
2022-01-25,3호선,구파발,20414,19233,39647,1181,1,25,화
2022-01-25,3호선,지축,4345,4345,8690,0,1,25,화
2022-01-25,2호선,용두(동대문구청),2461,2576,5037,-115,1,25,화
2022-01-25,2호선,신정네거리,10201,10612,20813,-411,1,25,화
2022-01-25,2호선,양천구청,6934,7325,14259,-391,1,25,화
2022-01-25,2호선,도림천,1447,1518,2965,-71,1,25,화
2022-01-25,2호선,신설동,3243,3388,6631,-145,1,25,화
2022-01-25,2호선,신답,1690,1986,3676,-296,1,25,화
2022-01-25,2호선,용답,2618,2647,5265,-29,1,25,화
2022-01-25,2호선,충정로(경기대입구),9924,10414,20338,-490,1,25,화
2022-01-25,2호선,이대,12463,13282,25745,-819,1,25,화
2022-01-25,2호선,신촌,31067,31839,62906,-772,1,25,화
2022-01-25,2호선,홍대입구,50950,51776,102726,-826,1,25,화
2022-01-25,2호선,합정,30529,31710,62239,-1181,1,25,화
2022-01-25,2호선,당산,18259,21084,39343,-2825,1,25,화
2022-01-25,2호선,영등포구청,23710,24357,48067,-647,1,25,화
2022-01-25,2호선,문래,22017,22328,44345,-311,1,25,화
2022-01-25,2호선,신도림,45798,45147,90945,651,1,25,화
2022-01-25,2호선,대림(구로구청),23697,24226,47923,-529,1,25,화
2022-01-25,2호선,구로디지털단지,60520,60634,121154,-114,1,25,화
2022-01-25,2호선,신대방,25965,25391,51356,574,1,25,화
2022-01-25,2호선,신림,61983,60624,122607,1359,1,25,화
2022-01-25,2호선,봉천,23996,22385,46381,1611,1,25,화
2022-01-25,2호선,서울대입구(관악구청),46703,46012,92715,691,1,25,화
2022-01-25,2호선,낙성대(강감찬),26698,26203,52901,495,1,25,화
2022-01-25,2호선,사당,36033,39314,75347,-3281,1,25,화
2022-01-25,2호선,방배,17753,18454,36207,-701,1,25,화
2022-01-25,2호선,서초,22088,21278,43366,810,1,25,화
2022-01-25,2호선,교대(법원.검찰청),35010,39389,74399,-4379,1,25,화
2022-01-25,2호선,강남,88820,86868,175688,1952,1,25,화
2022-01-25,2호선,역삼,56501,62621,119122,-6120,1,25,화
2022-01-25,2호선,선릉,58570,51906,110476,6664,1,25,화
2022-01-25,2호선,삼성(무역센터),53338,53772,107110,-434,1,25,화
2022-01-25,2호선,종합운동장,7556,7795,15351,-239,1,25,화
2022-01-25,2호선,잠실새내,21188,21092,42280,96,1,25,화
2022-01-25,2호선,잠실(송파구청),67366,67356,134722,10,1,25,화
2022-01-25,2호선,잠실나루,14763,14408,29171,355,1,25,화
2022-01-25,2호선,아현,9863,9460,19323,403,1,25,화
2022-01-25,우이신설선,정릉,4566,4287,8853,279,1,25,화
2022-01-25,우이신설선,성신여대입구(돈암),3221,3523,6744,-302,1,25,화
2022-01-25,우이신설선,보문,1500,1532,3032,-32,1,25,화
2022-01-25,우이신설선,신설동,2121,2058,4179,63,1,25,화
2022-01-25,일산선,원흥,10481,9995,20476,486,1,25,화
2022-01-25,일산선,삼송,19433,18772,38205,661,1,25,화
2022-01-25,일산선,원당,10833,10410,21243,423,1,25,화
2022-01-25,일산선,화정,16933,17402,34335,-469,1,25,화
2022-01-25,일산선,대곡,1968,1543,3511,425,1,25,화
2022-01-25,일산선,백석,9850,10048,19898,-198,1,25,화
2022-01-25,일산선,마두,7588,7575,15163,13,1,25,화
2022-01-25,일산선,정발산,6948,6865,13813,83,1,25,화
2022-01-25,일산선,주엽,8848,8801,17649,47,1,25,화
2022-01-25,일산선,대화,12685,9995,22680,2690,1,25,화
2022-01-25,장항선,봉명,1100,1112,2212,-12,1,25,화
2022-01-25,장항선,쌍용(나사렛대),1558,1533,3091,25,1,25,화
2022-01-25,장항선,아산,2289,2068,4357,221,1,25,화
2022-01-25,장항선,탕정,402,374,776,28,1,25,화
2022-01-25,장항선,배방,834,801,1635,33,1,25,화
2022-01-25,장항선,온양온천,3069,3136,6205,-67,1,25,화
2022-01-25,장항선,신창(순천향대),836,846,1682,-10,1,25,화
2022-01-25,중앙선,회기,22854,21986,44840,868,1,25,화
2022-01-25,중앙선,중랑,5369,5158,10527,211,1,25,화
2022-01-25,중앙선,상봉(시외버스터미널),5677,5601,11278,76,1,25,화
2022-01-25,중앙선,망우,7281,7251,14532,30,1,25,화
2022-01-25,중앙선,양원,1920,1858,3778,62,1,25,화
2022-01-25,중앙선,구리,12919,13073,25992,-154,1,25,화
2022-01-25,중앙선,도농,10230,9322,19552,908,1,25,화
2022-01-25,중앙선,양정,677,587,1264,90,1,25,화
2022-01-25,중앙선,덕소,5294,5201,10495,93,1,25,화
2022-01-25,중앙선,도심,2261,1749,4010,512,1,25,화
2022-01-25,중앙선,팔당,683,721,1404,-38,1,25,화
2022-01-25,중앙선,운길산,489,439,928,50,1,25,화
2022-01-25,중앙선,양수,1474,1541,3015,-67,1,25,화
2022-01-25,중앙선,신원,152,121,273,31,1,25,화
2022-01-25,중앙선,국수,581,576,1157,5,1,25,화
2022-01-25,중앙선,아신,449,452,901,-3,1,25,화
2022-01-25,중앙선,오빈,271,271,542,0,1,25,화
2022-01-25,중앙선,양평,2348,2312,4660,36,1,25,화
2022-01-25,중앙선,원덕,295,266,561,29,1,25,화
2022-01-25,중앙선,용문,2169,2218,4387,-49,1,25,화
2022-01-25,중앙선,지평,56,51,107,5,1,25,화
2022-01-25,우이신설선,북한산보국문,5819,5549,11368,270,1,25,화
2022-01-25,우이신설선,솔샘,5851,5485,11336,366,1,25,화
2022-01-25,우이신설선,삼양사거리,2454,2416,4870,38,1,25,화
2022-01-25,우이신설선,삼양,1934,2136,4070,-202,1,25,화
2022-01-25,우이신설선,화계,3320,3103,6423,217,1,25,화
2022-01-25,우이신설선,가오리,3959,4013,7972,-54,1,25,화
2022-01-25,우이신설선,4.19민주묘지,2584,2451,5035,133,1,25,화
2022-01-25,우이신설선,솔밭공원,2359,2332,4691,27,1,25,화
2022-01-25,우이신설선,북한산우이,2246,1950,4196,296,1,25,화
2022-01-25,수인선,송도,2299,2209,4508,90,1,25,화
2022-01-25,수인선,연수,4169,4152,8321,17,1,25,화
2022-01-25,수인선,원인재,4287,4502,8789,-215,1,25,화
2022-01-25,수인선,남동인더스파크,2315,2541,4856,-226,1,25,화
2022-01-25,수인선,호구포,3958,4148,8106,-190,1,25,화
2022-01-25,수인선,인천논현,5187,5574,10761,-387,1,25,화
2022-01-25,수인선,소래포구,4490,4117,8607,373,1,25,화
2022-01-25,수인선,월곶,2398,2211,4609,187,1,25,화
2022-01-25,수인선,달월,105,50,155,55,1,25,화
2022-01-25,수인선,사리,4239,3757,7996,482,1,25,화
2022-01-25,수인선,야목,310,222,532,88,1,25,화
2022-01-25,수인선,어천,596,626,1222,-30,1,25,화
2022-01-25,수인선,오목천,2538,2369,4907,169,1,25,화
2022-01-25,수인선,고색,4499,4162,8661,337,1,25,화
2022-01-25,분당선,매교,2674,2689,5363,-15,1,25,화
2022-01-25,분당선,수원시청,12275,13072,25347,-797,1,25,화
2022-01-25,분당선,매탄권선,4763,4598,9361,165,1,25,화
2022-01-25,분당선,망포,14282,13451,27733,831,1,25,화
2022-01-25,분당선,영통,8065,7983,16048,82,1,25,화
2022-01-25,분당선,청명,4139,3971,8110,168,1,25,화
2022-01-25,분당선,상갈,5208,4977,10185,231,1,25,화
2022-01-25,분당선,기흥,9463,8947,18410,516,1,25,화
2022-01-25,분당선,신갈,4474,4513,8987,-39,1,25,화
2022-01-25,분당선,구성,4900,5184,10084,-284,1,25,화
2022-01-25,분당선,죽전,12703,14132,26835,-1429,1,25,화
2022-01-25,분당선,보정,2393,2072,4465,321,1,25,화
2022-01-25,분당선,이매,5253,5072,10325,181,1,25,화
2022-01-25,분당선,오리,12070,9940,22010,2130,1,25,화
2022-01-25,분당선,미금,15536,16423,31959,-887,1,25,화
2022-01-25,분당선,정자,17673,18631,36304,-958,1,25,화
2022-01-25,분당선,수내,13626,13472,27098,154,1,25,화
2022-01-25,분당선,서현,24529,24784,49313,-255,1,25,화
2022-01-25,분당선,야탑,25579,26759,52338,-1180,1,25,화
2022-01-25,분당선,모란,19492,19376,38868,116,1,25,화
2022-01-25,분당선,태평,13312,12935,26247,377,1,25,화
2022-01-25,분당선,가천대,6653,7387,14040,-734,1,25,화
2022-01-25,분당선,선정릉,8614,9119,17733,-505,1,25,화
2022-01-25,분당선,강남구청,10711,12142,22853,-1431,1,25,화
2022-01-25,분당선,압구정로데오,20008,21720,41728,-1712,1,25,화
2022-01-25,분당선,서울숲,10106,10265,20371,-159,1,25,화
2022-01-25,분당선,수원,7489,6256,13745,1233,1,25,화
2022-01-25,분당선,수서,13541,14262,27803,-721,1,25,화
2022-01-25,분당선,대모산입구,4604,4341,8945,263,1,25,화
2022-01-25,분당선,개포동,3601,3775,7376,-174,1,25,화
2022-01-25,분당선,구룡,1880,1827,3707,53,1,25,화
2022-01-25,분당선,도곡,7112,7009,14121,103,1,25,화
2022-01-25,분당선,한티,15211,16214,31425,-1003,1,25,화
2022-01-25,분당선,선릉,14275,21490,35765,-7215,1,25,화
2022-01-25,과천선,범계,25421,24329,49750,1092,1,25,화
2022-01-25,과천선,평촌,18442,17961,36403,481,1,25,화
2022-01-25,과천선,인덕원,23979,25118,49097,-1139,1,25,화
2022-01-25,과천선,정부과천청사,10682,10678,21360,4,1,25,화
2022-01-25,과천선,과천,6193,5840,12033,353,1,25,화
2022-01-25,과천선,대공원,2027,2155,4182,-128,1,25,화
2022-01-25,과천선,경마공원,1619,1604,3223,15,1,25,화
2022-01-25,과천선,선바위,8081,6940,15021,1141,1,25,화
2022-01-25,공항철도 1호선,영종,2818,2859,5677,-41,1,25,화
2022-01-25,공항철도 1호선,인천공항2터미널,1986,1973,3959,13,1,25,화
2022-01-25,공항철도 1호선,인천공항1터미널,3176,3503,6679,-327,1,25,화
2022-01-25,공항철도 1호선,공항화물청사,2309,2540,4849,-231,1,25,화
2022-01-25,공항철도 1호선,운서,6249,6236,12485,13,1,25,화
2022-01-25,공항철도 1호선,청라국제도시,6801,6529,13330,272,1,25,화
2022-01-25,공항철도 1호선,검암,6719,6560,13279,159,1,25,화
2022-01-25,공항철도 1호선,계양,10146,9605,19751,541,1,25,화
2022-01-25,공항철도 1호선,김포공항,11336,6670,18006,4666,1,25,화
2022-01-25,공항철도 1호선,마곡나루(서울식물원),9456,9035,18491,421,1,25,화
2022-01-25,공항철도 1호선,디지털미디어시티,14533,13256,27789,1277,1,25,화
2022-01-25,공항철도 1호선,홍대입구,9275,9237,18512,38,1,25,화
2022-01-25,공항철도 1호선,공덕,2360,3050,5410,-690,1,25,화
2022-01-25,공항철도 1호선,서울역,7022,6581,13603,441,1,25,화
2022-01-25,경춘선,춘천,1028,904,1932,124,1,25,화
2022-01-25,경춘선,남춘천,1967,2005,3972,-38,1,25,화
2022-01-25,경춘선,김유정,228,234,462,-6,1,25,화
2022-01-25,경춘선,강촌,305,325,630,-20,1,25,화
2022-01-25,경춘선,백양리,337,210,547,127,1,25,화
2022-01-25,경춘선,굴봉산,146,112,258,34,1,25,화
2022-01-25,경춘선,가평,1477,1414,2891,63,1,25,화
2022-01-25,경춘선,상천,197,172,369,25,1,25,화
2022-01-25,경춘선,청평,1454,1365,2819,89,1,25,화
2022-01-25,경춘선,대성리,380,308,688,72,1,25,화
2022-01-25,경춘선,마석,3379,3327,6706,52,1,25,화
2022-01-25,경춘선,천마산,1498,1428,2926,70,1,25,화
2022-01-25,경춘선,평내호평,5864,5679,11543,185,1,25,화
2022-01-25,경춘선,금곡,1456,1365,2821,91,1,25,화
2022-01-25,경춘선,사릉,3064,2925,5989,139,1,25,화
2022-01-25,경춘선,퇴계원,3526,3263,6789,263,1,25,화
2022-01-25,경춘선,별내,3243,3072,6315,171,1,25,화
2022-01-25,경춘선,갈매,2954,2636,5590,318,1,25,화
2022-01-25,경춘선,신내,1974,1802,3776,172,1,25,화
2022-01-25,경인선,도화,4089,3809,7898,280,1,25,화
2022-01-25,경인선,중동,9166,8738,17904,428,1,25,화
2022-01-25,경인선,온수(성공회대입구),6308,6112,12420,196,1,25,화
2022-01-25,경인선,도원,2467,2577,5044,-110,1,25,화
2022-01-25,경인선,간석,5906,5556,11462,350,1,25,화
2022-01-25,경인선,부개,8399,7856,16255,543,1,25,화
2022-01-25,경인선,소사,8248,8168,16416,80,1,25,화
2022-01-25,경인선,구일,6021,5959,11980,62,1,25,화
2022-01-25,안산선,수리산,4132,3325,7457,807,1,25,화
2022-01-25,안산선,오이도,7674,7443,15117,231,1,25,화
2022-01-25,안산선,정왕,7049,7462,14511,-413,1,25,화
2022-01-25,안산선,신길온천,1623,1467,3090,156,1,25,화
2022-01-25,안산선,안산,10927,9896,20823,1031,1,25,화
2022-01-25,안산선,초지,4394,4519,8913,-125,1,25,화
2022-01-25,안산선,고잔,8642,8119,16761,523,1,25,화
2022-01-25,안산선,중앙,17182,17526,34708,-344,1,25,화
2022-01-25,경인선,인천,3014,2173,5187,841,1,25,화
2022-01-25,경인선,동인천,13002,12212,25214,790,1,25,화
2022-01-25,경인선,제물포,9868,9529,19397,339,1,25,화
2022-01-25,경인선,주안,17744,16037,33781,1707,1,25,화
2022-01-25,경인선,동암,14145,14324,28469,-179,1,25,화
2022-01-25,경인선,백운,6653,6642,13295,11,1,25,화
2022-01-25,경인선,부평,27553,28774,56327,-1221,1,25,화
2022-01-25,경인선,송내,26004,26045,52049,-41,1,25,화
2022-01-25,경인선,부천,31710,31470,63180,240,1,25,화
2022-01-25,경인선,역곡,26078,26086,52164,-8,1,25,화
2022-01-25,경인선,오류동,11588,11152,22740,436,1,25,화
2022-01-25,경인선,개봉,21074,21044,42118,30,1,25,화
2022-01-25,경의선,임진강,2,6,8,-4,1,25,화
2022-01-25,경의선,문산,4540,4734,9274,-194,1,25,화
2022-01-25,경의선,파주,1026,692,1718,334,1,25,화
2022-01-25,경의선,월롱,2370,2188,4558,182,1,25,화
2022-01-25,경의선,금촌,6050,5978,12028,72,1,25,화
2022-01-25,경의선,금릉,4630,4403,9033,227,1,25,화
2022-01-25,경의선,운정,6832,6461,13293,371,1,25,화
2022-01-25,경의선,야당,7309,7028,14337,281,1,25,화
2022-01-25,경의선,탄현,7704,7465,15169,239,1,25,화
2022-01-25,경의선,일산,8819,8766,17585,53,1,25,화
2022-01-25,경의선,풍산,5440,5133,10573,307,1,25,화
2022-01-25,경의선,백마,6899,6522,13421,377,1,25,화
2022-01-25,경의선,곡산,553,561,1114,-8,1,25,화
2022-01-25,경의선,능곡,3708,3382,7090,326,1,25,화
2022-01-25,안산선,한대앞,8239,8368,16607,-129,1,25,화
2022-01-25,안산선,상록수,14682,15185,29867,-503,1,25,화
2022-01-25,안산선,반월,4074,3902,7976,172,1,25,화
2022-01-25,안산선,대야미,4708,4341,9049,367,1,25,화
2022-01-25,안산선,산본,15374,16591,31965,-1217,1,25,화
2022-01-25,수인선,인천,964,1518,2482,-554,1,25,화
2022-01-25,수인선,신포,1688,1694,3382,-6,1,25,화
2022-01-25,수인선,숭의,3796,3617,7413,179,1,25,화
2022-01-25,수인선,인하대,5380,5063,10443,317,1,25,화
2022-01-25,경의선,행신,7778,7830,15608,-52,1,25,화
2022-01-25,경의선,강매,3134,2768,5902,366,1,25,화
2022-01-25,경의선,화전,1370,1289,2659,81,1,25,화
2022-01-25,경의선,수색,2874,3045,5919,-171,1,25,화
2022-01-25,경의선,디지털미디어시티,2450,2213,4663,237,1,25,화
2022-01-25,경의선,가좌,5298,5122,10420,176,1,25,화
2022-01-25,경의선,홍대입구,1584,1749,3333,-165,1,25,화
2022-01-25,경의선,서강대,2110,1987,4097,123,1,25,화
2022-01-25,경의선,공덕,3597,3119,6716,478,1,25,화
2022-01-25,경의선,효창공원앞,2906,3398,6304,-492,1,25,화
2022-01-25,경의선,신촌,842,1057,1899,-215,1,25,화
2022-01-25,경의선,서울역,4245,5345,9590,-1100,1,25,화
2022-01-25,경원선,소요산,1853,1626,3479,227,1,25,화
2022-01-25,경원선,동두천,1898,2118,4016,-220,1,25,화
2022-01-25,경원선,보산,1221,1076,2297,145,1,25,화
2022-01-25,경원선,동두천중앙,2979,2989,5968,-10,1,25,화
2022-01-25,경원선,지행,5948,5865,11813,83,1,25,화
2022-01-25,경원선,덕정,4820,4646,9466,174,1,25,화
2022-01-25,경원선,덕계,2973,2636,5609,337,1,25,화
2022-01-25,경원선,양주,7118,6602,13720,516,1,25,화
2022-01-25,경원선,녹양,4316,4072,8388,244,1,25,화
2022-01-25,경원선,가능,6356,6193,12549,163,1,25,화
2022-01-25,경원선,의정부,16989,17260,34249,-271,1,25,화
2022-01-25,경원선,회룡,12028,11939,23967,89,1,25,화
2022-01-25,경원선,망월사,6973,7299,14272,-326,1,25,화
2022-01-25,경원선,도봉산,6198,3778,9976,2420,1,25,화
2022-01-25,경원선,도봉,6074,5823,11897,251,1,25,화
2022-01-25,경원선,방학,9407,9203,18610,204,1,25,화
2022-01-25,경원선,창동,5,0,5,5,1,25,화
2022-01-25,경원선,녹천,4511,3849,8360,662,1,25,화
2022-01-25,경원선,월계,5988,5703,11691,285,1,25,화
2022-01-25,경원선,광운대,7178,6869,14047,309,1,25,화
2022-01-25,경원선,석계,7717,8790,16507,-1073,1,25,화
2022-01-25,경원선,신이문,8261,7721,15982,540,1,25,화
2022-01-25,경원선,외대앞,6842,6924,13766,-82,1,25,화
2022-01-25,경원선,청량리(서울시립대입구),13961,14669,28630,-708,1,25,화
2022-01-25,경원선,왕십리(성동구청),13330,15095,28425,-1765,1,25,화
2022-01-25,경원선,응봉,1809,1515,3324,294,1,25,화
2022-01-25,경원선,옥수,45,41,86,4,1,25,화
2022-01-25,경원선,한남,4136,3840,7976,296,1,25,화
2022-01-25,경원선,서빙고,1925,1851,3776,74,1,25,화
2022-01-25,경원선,이촌(국립중앙박물관),3494,2854,6348,640,1,25,화
2022-01-25,경부선,광명,3131,2718,5849,413,1,25,화
2022-01-25,경부선,서동탄,1362,1186,2548,176,1,25,화
2022-01-25,경부선,당정,5986,5671,11657,315,1,25,화
2022-01-25,경부선,천안,3933,4062,7995,-129,1,25,화
2022-01-25,경부선,두정,4240,4343,8583,-103,1,25,화
2022-01-25,경부선,직산,694,658,1352,36,1,25,화
2022-01-25,경부선,성환,2593,2643,5236,-50,1,25,화
2022-01-25,경부선,평택,9426,9384,18810,42,1,25,화
2022-01-25,경부선,평택지제,3022,2957,5979,65,1,25,화
2022-01-25,경부선,서정리,5924,5439,11363,485,1,25,화
2022-01-25,경부선,송탄,3627,3572,7199,55,1,25,화
2022-01-25,경부선,진위,1515,1324,2839,191,1,25,화
2022-01-25,경부선,오산,8605,8703,17308,-98,1,25,화
2022-01-25,경부선,오산대,3112,2878,5990,234,1,25,화
2022-01-25,경부선,세마,2606,2445,5051,161,1,25,화
2022-01-25,경부선,병점,13198,12833,26031,365,1,25,화
2022-01-25,경부선,세류,2828,2601,5429,227,1,25,화
2022-01-25,경부선,독산,18798,20015,38813,-1217,1,25,화
2022-01-25,경부선,수원,29483,31424,60907,-1941,1,25,화
2022-01-25,경부선,화서,7846,7565,15411,281,1,25,화
2022-01-25,경부선,성균관대,12952,13032,25984,-80,1,25,화
2022-01-25,경부선,의왕,8931,8901,17832,30,1,25,화
2022-01-25,경부선,군포,7758,7747,15505,11,1,25,화
2022-01-25,경부선,금정,26483,26904,53387,-421,1,25,화
2022-01-25,경부선,명학,8837,8755,17592,82,1,25,화
2022-01-25,경부선,안양,20242,20343,40585,-101,1,25,화
2022-01-25,경부선,관악,7122,6686,13808,436,1,25,화
2022-01-25,경부선,석수,9365,8423,17788,942,1,25,화
2022-01-25,경부선,금천구청,11649,11673,23322,-24,1,25,화
2022-01-25,5호선,행당,8289,7374,15663,915,1,25,화
2022-01-25,경부선,구로,18137,18490,36627,-353,1,25,화
2022-01-25,경부선,신길,8911,7517,16428,1394,1,25,화
2022-01-25,경부선,신도림,4098,3938,8036,160,1,25,화
2022-01-25,경부선,영등포,35090,35589,70679,-499,1,25,화
2022-01-25,경부선,대방,12962,13275,26237,-313,1,25,화
2022-01-25,경부선,노량진,7942,8046,15988,-104,1,25,화
2022-01-25,경부선,용산,30783,31572,62355,-789,1,25,화
2022-01-25,경부선,남영,8933,9339,18272,-406,1,25,화
2022-01-25,경부선,서울역,5481,1867,7348,3614,1,25,화
2022-01-25,경강선,여주,1792,1701,3493,91,1,25,화
2022-01-25,경강선,세종대왕릉,282,266,548,16,1,25,화
2022-01-25,경강선,부발,1852,1755,3607,97,1,25,화
2022-01-25,경강선,이천,2387,2401,4788,-14,1,25,화
2022-01-25,경강선,신둔도예촌,1319,1205,2524,114,1,25,화
2022-01-25,경강선,곤지암,2106,2050,4156,56,1,25,화
2022-01-25,경강선,초월,2933,2858,5791,75,1,25,화
2022-01-25,경강선,경기광주,7418,6973,14391,445,1,25,화
2022-01-25,경강선,삼동,2310,2241,4551,69,1,25,화
2022-01-25,경강선,이매,1088,911,1999,177,1,25,화
2022-01-25,경강선,판교,4803,4793,9596,10,1,25,화
2022-01-25,9호선2~3단계,중앙보훈병원,10952,9815,20767,1137,1,25,화
2022-01-25,9호선2~3단계,둔촌오륜,982,946,1928,36,1,25,화
2022-01-25,9호선2~3단계,올림픽공원(한국체대),5571,5590,11161,-19,1,25,화
2022-01-25,9호선2~3단계,한성백제,2485,2350,4835,135,1,25,화
2022-01-25,9호선2~3단계,송파나루,5098,5377,10475,-279,1,25,화
2022-01-25,9호선2~3단계,석촌,8570,7657,16227,913,1,25,화
2022-01-25,9호선2~3단계,석촌고분,6206,6073,12279,133,1,25,화
2022-01-25,9호선2~3단계,삼전,6987,6831,13818,156,1,25,화
2022-01-25,9호선2~3단계,종합운동장,4289,4314,8603,-25,1,25,화
2022-01-25,9호선2~3단계,봉은사,16182,16306,32488,-124,1,25,화
2022-01-25,9호선2~3단계,삼성중앙,7190,7714,14904,-524,1,25,화
2022-01-25,9호선2~3단계,선정릉,10013,10979,20992,-966,1,25,화
2022-01-25,9호선2~3단계,언주,11298,11536,22834,-238,1,25,화
2022-01-25,9호선,신논현,32981,32931,65912,50,1,25,화
2022-01-25,9호선,사평,3574,3445,7019,129,1,25,화
2022-01-25,9호선,고속터미널,11431,14992,26423,-3561,1,25,화
2022-01-25,9호선,신반포,3231,3210,6441,21,1,25,화
2022-01-25,9호선,구반포,1455,1520,2975,-65,1,25,화
2022-01-25,9호선,동작(현충원),2143,1675,3818,468,1,25,화
2022-01-25,9호선,흑석(중앙대입구),8148,8453,16601,-305,1,25,화
2022-01-25,9호선,노들,4493,3811,8304,682,1,25,화
2022-01-25,9호선,노량진,25773,24969,50742,804,1,25,화
2022-01-25,9호선,샛강,6163,6328,12491,-165,1,25,화
2022-01-25,9호선,여의도,28512,27435,55947,1077,1,25,화
2022-01-25,9호선,국회의사당,17833,18350,36183,-517,1,25,화
2022-01-25,9호선,당산,18180,18068,36248,112,1,25,화
2022-01-25,9호선,선유도,9163,8900,18063,263,1,25,화
2022-01-25,9호선,신목동,4106,3660,7766,446,1,25,화
2022-01-25,9호선,염창,17464,16728,34192,736,1,25,화
2022-01-25,9호선,등촌,11611,11580,23191,31,1,25,화
2022-01-25,9호선,증미,7680,7637,15317,43,1,25,화
2022-01-25,9호선,가양,20414,20064,40478,350,1,25,화
2022-01-25,9호선,양천향교,9662,9802,19464,-140,1,25,화
2022-01-25,9호선,마곡나루(서울식물원),12182,11917,24099,265,1,25,화
2022-01-25,9호선,신방화,6779,6610,13389,169,1,25,화
2022-01-25,9호선,공항시장,2963,3249,6212,-286,1,25,화
2022-01-25,9호선,김포공항,7029,10897,17926,-3868,1,25,화
2022-01-25,9호선,개화,2443,1739,4182,704,1,25,화
2022-01-25,8호선,남위례,3795,3995,7790,-200,1,25,화
2022-01-25,8호선,모란,4253,3217,7470,1036,1,25,화
2022-01-25,8호선,수진,5131,4644,9775,487,1,25,화
2022-01-25,8호선,신흥,4055,4411,8466,-356,1,25,화
2022-01-25,8호선,단대오거리,10263,10192,20455,71,1,25,화
2022-01-25,8호선,남한산성입구(성남법원.검찰청),13233,12212,25445,1021,1,25,화
2022-01-25,8호선,산성,5037,5104,10141,-67,1,25,화
2022-01-25,8호선,복정,9361,7991,17352,1370,1,25,화
2022-01-25,8호선,장지,17414,16775,34189,639,1,25,화
2022-01-25,8호선,문정,23193,24613,47806,-1420,1,25,화
2022-01-25,8호선,가락시장,8532,9472,18004,-940,1,25,화
2022-01-25,8호선,송파,7428,7507,14935,-79,1,25,화
2022-01-25,8호선,석촌,7790,8913,16703,-1123,1,25,화
2022-01-25,8호선,잠실(송파구청),13725,16004,29729,-2279,1,25,화
2022-01-25,8호선,몽촌토성(평화의문),5976,6071,12047,-95,1,25,화
2022-01-25,8호선,강동구청,10895,11372,22267,-477,1,25,화
2022-01-25,8호선,천호(풍납토성),14901,16869,31770,-1968,1,25,화
2022-01-25,8호선,암사,19030,16958,35988,2072,1,25,화
2022-01-25,7호선,굴포천,1,0,1,1,1,25,화
2022-01-25,7호선,상동,1,0,1,1,1,25,화
2022-01-25,7호선,부천시청,2,0,2,2,1,25,화
2022-01-25,7호선,온수(성공회대입구),10198,9280,19478,918,1,25,화
2022-01-25,7호선,천왕,11475,10948,22423,527,1,25,화
2022-01-25,7호선,광명사거리,22083,21886,43969,197,1,25,화
2022-01-25,7호선,철산,20885,21395,42280,-510,1,25,화
2022-01-25,7호선,가산디지털단지,48036,48004,96040,32,1,25,화
2022-01-25,7호선,남구로,16485,17314,33799,-829,1,25,화
2022-01-25,7호선,대림(구로구청),8023,8134,16157,-111,1,25,화
2022-01-25,7호선,신풍,11537,11129,22666,408,1,25,화
2022-01-25,7호선,보라매,9871,10095,19966,-224,1,25,화
2022-01-25,7호선,신대방삼거리,16713,16049,32762,664,1,25,화
2022-01-25,7호선,장승배기,9174,9035,18209,139,1,25,화
2022-01-25,7호선,상도,10754,10445,21199,309,1,25,화
2022-01-25,7호선,숭실대입구(살피재),11470,11651,23121,-181,1,25,화
2022-01-25,7호선,남성,11245,10409,21654,836,1,25,화
2022-01-25,7호선,이수,15811,15452,31263,359,1,25,화
2022-01-25,7호선,내방,15115,15391,30506,-276,1,25,화
2022-01-25,7호선,고속터미널,15521,13225,28746,2296,1,25,화
2022-01-25,7호선,반포,5837,5485,11322,352,1,25,화
2022-01-25,7호선,논현,21627,23075,44702,-1448,1,25,화
2022-01-25,7호선,학동,25641,27065,52706,-1424,1,25,화
2022-01-25,7호선,강남구청,17362,18569,35931,-1207,1,25,화
2022-01-25,7호선,청담,19767,22209,41976,-2442,1,25,화
2022-01-25,7호선,뚝섬유원지,7105,6931,14036,174,1,25,화
2022-01-25,7호선,건대입구,11887,12337,24224,-450,1,25,화
2022-01-25,7호선,어린이대공원(세종대),11758,11559,23317,199,1,25,화
2022-01-25,7호선,군자(능동),15185,12220,27405,2965,1,25,화
2022-01-25,7호선,중곡,10668,10162,20830,506,1,25,화
2022-01-25,7호선,용마산(용마폭포공원),5975,5698,11673,277,1,25,화
2022-01-25,7호선,사가정,15722,15774,31496,-52,1,25,화
2022-01-25,7호선,면목,15182,14853,30035,329,1,25,화
2022-01-25,7호선,상봉(시외버스터미널),16917,16000,32917,917,1,25,화
2022-01-25,7호선,중화,10738,10625,21363,113,1,25,화
2022-01-25,7호선,먹골,10214,10085,20299,129,1,25,화
2022-01-25,7호선,태릉입구,8223,7770,15993,453,1,25,화
2022-01-25,7호선,공릉(서울과학기술대),11141,11122,22263,19,1,25,화
2022-01-25,7호선,하계,17453,16353,33806,1100,1,25,화
2022-01-25,7호선,중계,13905,12821,26726,1084,1,25,화
2022-01-25,7호선,노원,19291,20017,39308,-726,1,25,화
2022-01-25,7호선,수락산,12212,11996,24208,216,1,25,화
2022-01-25,7호선,도봉산,8626,9717,18343,-1091,1,25,화
2022-01-25,7호선,장암,2183,772,2955,1411,1,25,화
2022-01-25,5호선,까치산,28773,27727,56500,1046,1,25,화
2022-01-25,6호선,봉화산(서울의료원),9003,8393,17396,610,1,25,화
2022-01-25,6호선,화랑대(서울여대입구),11461,9126,20587,2335,1,25,화
2022-01-25,6호선,태릉입구,5322,5817,11139,-495,1,25,화
2022-01-25,6호선,석계,12039,12369,24408,-330,1,25,화
2022-01-25,6호선,돌곶이,9234,8730,17964,504,1,25,화
2022-01-25,6호선,상월곡(한국과학기술연구원),6200,5621,11821,579,1,25,화
2022-01-25,6호선,월곡(동덕여대),11375,11263,22638,112,1,25,화
2022-01-25,6호선,고려대(종암),7542,7353,14895,189,1,25,화
2022-01-25,6호선,안암(고대병원앞),9939,9861,19800,78,1,25,화
2022-01-25,6호선,보문,7095,6557,13652,538,1,25,화
2022-01-25,6호선,창신,3317,2696,6013,621,1,25,화
2022-01-25,6호선,동묘앞,7282,7403,14685,-121,1,25,화
2022-01-25,6호선,신당,8121,8415,16536,-294,1,25,화
2022-01-25,6호선,청구,3735,3992,7727,-257,1,25,화
2022-01-25,6호선,약수,3660,3609,7269,51,1,25,화
2022-01-25,6호선,버티고개,1935,2025,3960,-90,1,25,화
2022-01-25,6호선,한강진,7886,8879,16765,-993,1,25,화
2022-01-25,6호선,이태원,8646,8697,17343,-51,1,25,화
2022-01-25,6호선,녹사평(용산구청),4361,4285,8646,76,1,25,화
2022-01-25,6호선,삼각지,6350,5731,12081,619,1,25,화
2022-01-25,6호선,효창공원앞,6908,6261,13169,647,1,25,화
2022-01-25,6호선,공덕,18884,18189,37073,695,1,25,화
2022-01-25,6호선,대흥(서강대앞),7940,8169,16109,-229,1,25,화
2022-01-25,6호선,광흥창(서강),8954,8777,17731,177,1,25,화
2022-01-25,6호선,상수,8026,8704,16730,-678,1,25,화
2022-01-25,6호선,합정,12598,12329,24927,269,1,25,화
2022-01-25,6호선,망원,14144,15268,29412,-1124,1,25,화
2022-01-25,6호선,마포구청,14537,13117,27654,1420,1,25,화
2022-01-25,6호선,월드컵경기장(성산),3772,3939,7711,-167,1,25,화
2022-01-25,6호선,디지털미디어시티,13689,15289,28978,-1600,1,25,화
2022-01-25,6호선,증산(명지대앞),10202,10139,20341,63,1,25,화
2022-01-25,6호선,새절(신사),12629,11814,24443,815,1,25,화
2022-01-25,6호선,구산,7429,5717,13146,1712,1,25,화
2022-01-25,6호선,독바위,2686,2856,5542,-170,1,25,화
2022-01-25,6호선,불광,4002,4108,8110,-106,1,25,화
2022-01-25,6호선,역촌,3837,4588,8425,-751,1,25,화
2022-01-25,6호선,응암,17570,17413,34983,157,1,25,화
2022-01-25,5호선,하남검단산,5187,4973,10160,214,1,25,화
2022-01-25,5호선,하남시청(덕풍·신장),6035,5984,12019,51,1,25,화
2022-01-25,5호선,하남풍산,4152,4218,8370,-66,1,25,화
2022-01-25,5호선,미사,15704,15383,31087,321,1,25,화
2022-01-25,5호선,강일,3783,3683,7466,100,1,25,화
2022-01-25,5호선,마천,6858,6810,13668,48,1,25,화
2022-01-25,5호선,거여,9440,8863,18303,577,1,25,화
2022-01-25,5호선,개롱,6332,6619,12951,-287,1,25,화
2022-01-25,5호선,오금,3848,3837,7685,11,1,25,화
2022-01-25,5호선,방이,7314,7523,14837,-209,1,25,화
2022-01-25,5호선,올림픽공원(한국체대),4060,3436,7496,624,1,25,화
2022-01-25,5호선,둔촌동,8590,8653,17243,-63,1,25,화
2022-01-25,5호선,상일동,15482,14184,29666,1298,1,25,화
2022-01-25,5호선,고덕,9194,9382,18576,-188,1,25,화
2022-01-25,5호선,명일,8616,8803,17419,-187,1,25,화
2022-01-25,5호선,굽은다리(강동구민회관앞),9353,8825,18178,528,1,25,화
2022-01-25,5호선,길동,8151,8420,16571,-269,1,25,화
2022-01-25,5호선,강동,18681,17960,36641,721,1,25,화
2022-01-25,5호선,천호(풍납토성),17354,17381,34735,-27,1,25,화
2022-01-25,5호선,광나루(장신대),12715,11498,24213,1217,1,25,화
2022-01-25,5호선,아차산(어린이대공원후문),13731,13544,27275,187,1,25,화
2022-01-25,5호선,군자(능동),10898,11927,22825,-1029,1,25,화
2022-01-25,5호선,장한평,18625,18700,37325,-75,1,25,화
2022-01-25,5호선,답십리,16062,14725,30787,1337,1,25,화
2022-01-25,5호선,마장,5885,5522,11407,363,1,25,화
2022-01-25,5호선,왕십리(성동구청),4631,5099,9730,-468,1,25,화
2022-01-26,2호선,신정네거리,10379,10728,21107,-349,1,26,수
2022-01-26,2호선,용두(동대문구청),2662,2755,5417,-93,1,26,수
2022-01-26,3호선,지축,4558,4360,8918,198,1,26,수
2022-01-26,3호선,구파발,20727,19587,40314,1140,1,26,수
2022-01-26,3호선,연신내,36139,34564,70703,1575,1,26,수
2022-01-26,3호선,불광,16280,17565,33845,-1285,1,26,수
2022-01-26,3호선,녹번,15455,14222,29677,1233,1,26,수
2022-01-26,3호선,홍제,17134,16417,33551,717,1,26,수
2022-01-26,3호선,무악재,4018,3962,7980,56,1,26,수
2022-01-26,3호선,독립문,6712,6937,13649,-225,1,26,수
2022-01-26,3호선,경복궁(정부서울청사),19891,19391,39282,500,1,26,수
2022-01-26,3호선,안국,20288,20774,41062,-486,1,26,수
2022-01-26,3호선,종로3가,10639,11847,22486,-1208,1,26,수
2022-01-26,3호선,을지로3가,10731,10948,21679,-217,1,26,수
2022-01-26,3호선,충무로,1,0,1,1,1,26,수
2022-01-26,3호선,동대입구,6997,7274,14271,-277,1,26,수
2022-01-26,3호선,약수,12881,12453,25334,428,1,26,수
2022-01-26,3호선,금호,8197,7802,15999,395,1,26,수
2022-01-26,3호선,옥수,8939,9504,18443,-565,1,26,수
2022-01-26,3호선,압구정,34171,36128,70299,-1957,1,26,수
2022-01-26,3호선,신사,32315,33500,65815,-1185,1,26,수
2022-01-26,3호선,잠원,4803,4823,9626,-20,1,26,수
2022-01-26,3호선,대치,11668,11607,23275,61,1,26,수
2022-01-26,3호선,학여울,1865,1866,3731,-1,1,26,수
2022-01-26,3호선,대청,10055,9373,19428,682,1,26,수
2022-01-26,3호선,일원,10335,10153,20488,182,1,26,수
2022-01-26,3호선,수서,17270,17668,34938,-398,1,26,수
2022-01-26,3호선,가락시장,9656,9446,19102,210,1,26,수
2022-01-26,3호선,경찰병원,7709,7801,15510,-92,1,26,수
2022-01-26,3호선,오금,6294,5735,12029,559,1,26,수
2022-01-26,4호선,수유(강북구청),33139,33553,66692,-414,1,26,수
2022-01-26,4호선,미아(서울사이버대학),14617,14083,28700,534,1,26,수
2022-01-26,4호선,미아사거리,27290,26634,53924,656,1,26,수
2022-01-26,4호선,길음,20425,20328,40753,97,1,26,수
2022-01-26,4호선,성신여대입구(돈암),19558,18780,38338,778,1,26,수
2022-01-26,4호선,한성대입구(삼선교),12863,12645,25508,218,1,26,수
2022-01-26,4호선,혜화,33973,33813,67786,160,1,26,수
2022-01-26,4호선,동대문,18917,19594,38511,-677,1,26,수
2022-01-26,4호선,동대문역사문화공원(DDP),14252,13263,27515,989,1,26,수
2022-01-26,4호선,충무로,25875,26571,52446,-696,1,26,수
2022-01-26,4호선,명동,17457,17794,35251,-337,1,26,수
2022-01-26,4호선,회현(남대문시장),23364,24782,48146,-1418,1,26,수
2022-01-26,4호선,서울역,11174,16894,28068,-5720,1,26,수
2022-01-26,4호선,숙대입구(갈월),12460,12309,24769,151,1,26,수
2022-01-26,4호선,삼각지,5029,5546,10575,-517,1,26,수
2022-01-26,4호선,신용산,16785,17905,34690,-1120,1,26,수
2022-01-26,4호선,이촌(국립중앙박물관),7798,8595,16393,-797,1,26,수
2022-01-26,4호선,동작(현충원),1364,1576,2940,-212,1,26,수
2022-01-26,4호선,총신대입구(이수),19151,20800,39951,-1649,1,26,수
2022-01-26,4호선,사당,24444,20090,44534,4354,1,26,수
2022-01-26,4호선,남태령,1131,975,2106,156,1,26,수
2022-01-26,4호선,당고개,12691,11350,24041,1341,1,26,수
2022-01-26,4호선,상계,18673,17455,36128,1218,1,26,수
2022-01-26,4호선,노원,18695,20840,39535,-2145,1,26,수
2022-01-26,4호선,창동,25810,27606,53416,-1796,1,26,수
2022-01-26,4호선,쌍문,29182,26992,56174,2190,1,26,수
2022-01-26,5호선,방화,6481,6279,12760,202,1,26,수
2022-01-26,3호선,고속터미널,38125,38019,76144,106,1,26,수
2022-01-26,3호선,교대(법원.검찰청),14975,9515,24490,5460,1,26,수
2022-01-26,3호선,남부터미널(예술의전당),29423,30370,59793,-947,1,26,수
2022-01-26,3호선,양재(서초구청),40537,43664,84201,-3127,1,26,수
2022-01-26,3호선,매봉,13117,12554,25671,563,1,26,수
2022-01-26,3호선,도곡,5475,5637,11112,-162,1,26,수
2022-01-26,5호선,거여,9576,9026,18602,550,1,26,수
2022-01-26,5호선,종로3가,12805,12335,25140,470,1,26,수
2022-01-26,5호선,광화문(세종문화회관),30422,31409,61831,-987,1,26,수
2022-01-26,5호선,서대문,19630,19908,39538,-278,1,26,수
2022-01-26,5호선,충정로(경기대입구),4800,4991,9791,-191,1,26,수
2022-01-26,5호선,애오개,7025,7033,14058,-8,1,26,수
2022-01-26,5호선,공덕,14385,15453,29838,-1068,1,26,수
2022-01-26,5호선,마포,15281,15643,30924,-362,1,26,수
2022-01-26,5호선,여의나루,9350,10227,19577,-877,1,26,수
2022-01-26,5호선,여의도,30144,31140,61284,-996,1,26,수
2022-01-26,5호선,신길,4198,4519,8717,-321,1,26,수
2022-01-26,5호선,영등포시장,10175,10485,20660,-310,1,26,수
2022-01-26,5호선,영등포구청,4058,4193,8251,-135,1,26,수
2022-01-26,5호선,양평,7926,7851,15777,75,1,26,수
2022-01-26,5호선,오목교(목동운동장앞),22743,24111,46854,-1368,1,26,수
2022-01-26,5호선,목동,17249,18740,35989,-1491,1,26,수
2022-01-26,5호선,신정(은행정),13904,11469,25373,2435,1,26,수
2022-01-26,5호선,까치산,29170,28177,57347,993,1,26,수
2022-01-26,8호선,석촌,8030,8952,16982,-922,1,26,수
2022-01-26,2호선,시청,24913,23899,48812,1014,1,26,수
2022-01-26,5호선,화곡,28442,26868,55310,1574,1,26,수
2022-01-26,수인선,야목,339,236,575,103,1,26,수
2022-01-26,6호선,한강진,9310,10302,19612,-992,1,26,수
2022-01-26,6호선,버티고개,1907,2051,3958,-144,1,26,수
2022-01-26,6호선,약수,3536,3501,7037,35,1,26,수
2022-01-26,6호선,청구,3743,4032,7775,-289,1,26,수
2022-01-26,6호선,신당,8580,8758,17338,-178,1,26,수
2022-01-26,6호선,동묘앞,7769,7944,15713,-175,1,26,수
2022-01-26,6호선,창신,3365,2703,6068,662,1,26,수
2022-01-26,6호선,보문,7310,6723,14033,587,1,26,수
2022-01-26,6호선,안암(고대병원앞),9883,10051,19934,-168,1,26,수
2022-01-26,6호선,고려대(종암),7635,7412,15047,223,1,26,수
2022-01-26,6호선,월곡(동덕여대),11680,11661,23341,19,1,26,수
2022-01-26,6호선,상월곡(한국과학기술연구원),6288,5570,11858,718,1,26,수
2022-01-26,6호선,돌곶이,9541,9053,18594,488,1,26,수
2022-01-26,6호선,석계,12251,12512,24763,-261,1,26,수
2022-01-26,6호선,태릉입구,5567,6010,11577,-443,1,26,수
2022-01-26,6호선,화랑대(서울여대입구),12041,9336,21377,2705,1,26,수
2022-01-26,6호선,봉화산(서울의료원),9013,8398,17411,615,1,26,수
2022-01-26,7호선,장암,2205,770,2975,1435,1,26,수
2022-01-26,7호선,도봉산,8875,10374,19249,-1499,1,26,수
2022-01-26,7호선,수락산,12575,12419,24994,156,1,26,수
2022-01-26,7호선,마들,12917,12513,25430,404,1,26,수
2022-01-26,7호선,노원,19747,20439,40186,-692,1,26,수
2022-01-26,7호선,중계,14123,12909,27032,1214,1,26,수
2022-01-26,7호선,하계,18250,17152,35402,1098,1,26,수
2022-01-26,7호선,공릉(서울과학기술대),11381,11173,22554,208,1,26,수
2022-01-26,7호선,태릉입구,8629,8090,16719,539,1,26,수
2022-01-26,7호선,먹골,10390,10195,20585,195,1,26,수
2022-01-26,7호선,중화,10876,10819,21695,57,1,26,수
2022-01-26,7호선,상봉(시외버스터미널),17183,15963,33146,1220,1,26,수
2022-01-26,7호선,면목,15458,15136,30594,322,1,26,수
2022-01-26,7호선,사가정,16340,16345,32685,-5,1,26,수
2022-01-26,7호선,용마산(용마폭포공원),5994,5892,11886,102,1,26,수
2022-01-26,7호선,중곡,10818,10197,21015,621,1,26,수
2022-01-26,7호선,군자(능동),15239,12298,27537,2941,1,26,수
2022-01-26,7호선,어린이대공원(세종대),11967,11768,23735,199,1,26,수
2022-01-26,7호선,건대입구,12042,12840,24882,-798,1,26,수
2022-01-26,7호선,뚝섬유원지,7486,7254,14740,232,1,26,수
2022-01-26,7호선,청담,19792,22214,42006,-2422,1,26,수
2022-01-26,7호선,강남구청,17539,19005,36544,-1466,1,26,수
2022-01-26,7호선,학동,25870,27245,53115,-1375,1,26,수
2022-01-26,7호선,논현,21423,23085,44508,-1662,1,26,수
2022-01-26,7호선,반포,5954,5593,11547,361,1,26,수
2022-01-26,7호선,고속터미널,15474,13393,28867,2081,1,26,수
2022-01-26,7호선,내방,15191,15596,30787,-405,1,26,수
2022-01-26,7호선,이수,16032,15565,31597,467,1,26,수
2022-01-26,7호선,남성,11096,10293,21389,803,1,26,수
2022-01-26,7호선,숭실대입구(살피재),11482,11690,23172,-208,1,26,수
2022-01-26,7호선,상도,10787,10884,21671,-97,1,26,수
2022-01-26,7호선,장승배기,9243,9083,18326,160,1,26,수
2022-01-26,7호선,신대방삼거리,16938,16281,33219,657,1,26,수
2022-01-26,7호선,보라매,9734,9854,19588,-120,1,26,수
2022-01-26,7호선,신풍,11570,11063,22633,507,1,26,수
2022-01-26,7호선,대림(구로구청),8004,8005,16009,-1,1,26,수
2022-01-26,7호선,남구로,16311,17346,33657,-1035,1,26,수
2022-01-26,7호선,가산디지털단지,47561,47472,95033,89,1,26,수
2022-01-26,7호선,철산,21148,21555,42703,-407,1,26,수
2022-01-26,7호선,광명사거리,22503,22296,44799,207,1,26,수
2022-01-26,7호선,천왕,11737,11192,22929,545,1,26,수
2022-01-26,7호선,온수(성공회대입구),10080,9274,19354,806,1,26,수
2022-01-26,7호선,춘의,1,0,1,1,1,26,수
2022-01-26,7호선,신중동,2,0,2,2,1,26,수
2022-01-26,5호선,우장산,14451,14358,28809,93,1,26,수
2022-01-26,5호선,발산,21108,21592,42700,-484,1,26,수
2022-01-26,5호선,마곡,11527,11194,22721,333,1,26,수
2022-01-26,5호선,송정,6688,6198,12886,490,1,26,수
2022-01-26,5호선,김포공항,7107,6976,14083,131,1,26,수
2022-01-26,5호선,마천,6947,6880,13827,67,1,26,수
2022-01-26,5호선,개화산,5613,5511,11124,102,1,26,수
2022-01-26,5호선,강일,3973,3852,7825,121,1,26,수
2022-01-26,5호선,미사,16452,16168,32620,284,1,26,수
2022-01-26,5호선,하남풍산,4129,4192,8321,-63,1,26,수
2022-01-26,5호선,하남시청(덕풍·신장),6451,6274,12725,177,1,26,수
2022-01-26,5호선,하남검단산,5335,5130,10465,205,1,26,수
2022-01-26,6호선,응암,17732,17728,35460,4,1,26,수
2022-01-26,6호선,역촌,3852,4544,8396,-692,1,26,수
2022-01-26,5호선,을지로4가,6474,6520,12994,-46,1,26,수
2022-01-26,5호선,동대문역사문화공원(DDP),3105,3570,6675,-465,1,26,수
2022-01-26,5호선,청구,4123,3768,7891,355,1,26,수
2022-01-26,5호선,신금호,6299,6568,12867,-269,1,26,수
2022-01-26,5호선,행당,8434,7553,15987,881,1,26,수
2022-01-26,5호선,왕십리(성동구청),4858,5335,10193,-477,1,26,수
2022-01-26,5호선,마장,6134,5894,12028,240,1,26,수
2022-01-26,5호선,답십리,16622,15236,31858,1386,1,26,수
2022-01-26,5호선,장한평,19089,19195,38284,-106,1,26,수
2022-01-26,5호선,군자(능동),11430,12546,23976,-1116,1,26,수
2022-01-26,5호선,아차산(어린이대공원후문),14320,13910,28230,410,1,26,수
2022-01-26,5호선,광나루(장신대),13238,11905,25143,1333,1,26,수
2022-01-26,5호선,천호(풍납토성),17954,17951,35905,3,1,26,수
2022-01-26,5호선,강동,18645,18134,36779,511,1,26,수
2022-01-26,5호선,길동,8328,8529,16857,-201,1,26,수
2022-01-26,5호선,굽은다리(강동구민회관앞),9574,9202,18776,372,1,26,수
2022-01-26,5호선,명일,8618,9109,17727,-491,1,26,수
2022-01-26,5호선,고덕,9508,9704,19212,-196,1,26,수
2022-01-26,5호선,상일동,15687,14479,30166,1208,1,26,수
2022-01-26,5호선,둔촌동,8747,8758,17505,-11,1,26,수
2022-01-26,5호선,올림픽공원(한국체대),4215,3552,7767,663,1,26,수
2022-01-26,5호선,방이,7359,7604,14963,-245,1,26,수
2022-01-26,5호선,오금,3788,3768,7556,20,1,26,수
2022-01-26,6호선,불광,4442,4381,8823,61,1,26,수
2022-01-26,5호선,개롱,6557,6784,13341,-227,1,26,수
2022-01-26,6호선,독바위,2682,2829,5511,-147,1,26,수
2022-01-26,6호선,연신내,2,0,2,2,1,26,수
2022-01-26,6호선,구산,7467,5686,13153,1781,1,26,수
2022-01-26,6호선,새절(신사),12674,12028,24702,646,1,26,수
2022-01-26,6호선,증산(명지대앞),10188,10067,20255,121,1,26,수
2022-01-26,6호선,디지털미디어시티,13946,15240,29186,-1294,1,26,수
2022-01-26,6호선,월드컵경기장(성산),4063,4206,8269,-143,1,26,수
2022-01-26,6호선,마포구청,14609,13390,27999,1219,1,26,수
2022-01-26,6호선,망원,14701,15522,30223,-821,1,26,수
2022-01-26,6호선,합정,12953,12431,25384,522,1,26,수
2022-01-26,6호선,상수,8263,9115,17378,-852,1,26,수
2022-01-26,6호선,광흥창(서강),9309,9089,18398,220,1,26,수
2022-01-26,6호선,대흥(서강대앞),7911,8253,16164,-342,1,26,수
2022-01-26,6호선,공덕,19040,18078,37118,962,1,26,수
2022-01-26,6호선,효창공원앞,6935,6230,13165,705,1,26,수
2022-01-26,6호선,삼각지,6408,5687,12095,721,1,26,수
2022-01-26,6호선,녹사평(용산구청),4444,4446,8890,-2,1,26,수
2022-01-26,6호선,이태원,9021,9133,18154,-112,1,26,수
2022-01-26,1호선,서울역,42167,41207,83374,960,1,26,수
2022-01-26,1호선,동묘앞,7813,8166,15979,-353,1,26,수
2022-01-26,1호선,시청,22733,22803,45536,-70,1,26,수
2022-01-26,1호선,종각,35346,34368,69714,978,1,26,수
2022-01-26,1호선,종로3가,25502,23461,48963,2041,1,26,수
2022-01-26,1호선,종로5가,22828,22386,45214,442,1,26,수
2022-01-26,1호선,동대문,10782,9880,20662,902,1,26,수
2022-01-26,수인선,어천,673,666,1339,7,1,26,수
2022-01-26,1호선,신설동,14042,13539,27581,503,1,26,수
2022-01-26,1호선,제기동,20506,21250,41756,-744,1,26,수
2022-01-26,1호선,청량리(서울시립대입구),21722,22121,43843,-399,1,26,수
2022-01-26,2호선,을지로입구,39993,40899,80892,-906,1,26,수
2022-01-26,2호선,을지로3가,22773,22454,45227,319,1,26,수
2022-01-26,2호선,을지로4가,13658,13221,26879,437,1,26,수
2022-01-26,2호선,동대문역사문화공원(DDP),11308,12485,23793,-1177,1,26,수
2022-01-26,2호선,신당,13915,14514,28429,-599,1,26,수
2022-01-26,2호선,상왕십리,14406,14224,28630,182,1,26,수
2022-01-26,2호선,왕십리(성동구청),15496,13172,28668,2324,1,26,수
2022-01-26,2호선,한양대,6970,7312,14282,-342,1,26,수
2022-01-26,2호선,뚝섬,22596,24314,46910,-1718,1,26,수
2022-01-26,2호선,성수,39178,42286,81464,-3108,1,26,수
2022-01-26,2호선,건대입구,34195,36169,70364,-1974,1,26,수
2022-01-26,2호선,구의(광진구청),24303,23911,48214,392,1,26,수
2022-01-26,2호선,강변(동서울터미널),29411,27746,57157,1665,1,26,수
2022-01-26,2호선,잠실나루,14986,14461,29447,525,1,26,수
2022-01-26,7호선,부평구청,1,0,1,1,1,26,수
2022-01-26,8호선,암사,19236,17239,36475,1997,1,26,수
2022-01-26,8호선,천호(풍납토성),14941,16982,31923,-2041,1,26,수
2022-01-26,8호선,강동구청,10892,11394,22286,-502,1,26,수
2022-01-26,8호선,몽촌토성(평화의문),6114,6303,12417,-189,1,26,수
2022-01-26,8호선,잠실(송파구청),13856,16270,30126,-2414,1,26,수
2022-01-26,8호선,송파,7509,7743,15252,-234,1,26,수
2022-01-26,8호선,가락시장,8300,9134,17434,-834,1,26,수
2022-01-26,8호선,문정,23176,24464,47640,-1288,1,26,수
2022-01-26,8호선,장지,17548,17125,34673,423,1,26,수
2022-01-26,8호선,복정,9716,8265,17981,1451,1,26,수
2022-01-26,8호선,산성,5282,5289,10571,-7,1,26,수
2022-01-26,8호선,남한산성입구(성남법원.검찰청),13530,12301,25831,1229,1,26,수
2022-01-26,8호선,단대오거리,10483,10387,20870,96,1,26,수
2022-01-26,8호선,신흥,4216,4560,8776,-344,1,26,수
2022-01-26,8호선,수진,5139,4733,9872,406,1,26,수
2022-01-26,8호선,모란,4219,3265,7484,954,1,26,수
2022-01-26,8호선,남위례,3897,4120,8017,-223,1,26,수
2022-01-26,9호선,개화,2515,1696,4211,819,1,26,수
2022-01-26,9호선,김포공항,7227,11289,18516,-4062,1,26,수
2022-01-26,9호선,공항시장,2963,3214,6177,-251,1,26,수
2022-01-26,9호선,신방화,6885,6665,13550,220,1,26,수
2022-01-26,9호선,마곡나루(서울식물원),12204,12058,24262,146,1,26,수
2022-01-26,9호선,양천향교,9714,9896,19610,-182,1,26,수
2022-01-26,9호선,가양,20581,20197,40778,384,1,26,수
2022-01-26,9호선,증미,7546,7526,15072,20,1,26,수
2022-01-26,9호선,등촌,11775,11696,23471,79,1,26,수
2022-01-26,9호선,염창,17566,17084,34650,482,1,26,수
2022-01-26,9호선,신목동,4218,3800,8018,418,1,26,수
2022-01-26,9호선,선유도,9123,8765,17888,358,1,26,수
2022-01-26,9호선,당산,18419,18415,36834,4,1,26,수
2022-01-26,9호선,국회의사당,18193,18619,36812,-426,1,26,수
2022-01-26,9호선,여의도,29140,27745,56885,1395,1,26,수
2022-01-26,9호선,샛강,6137,6374,12511,-237,1,26,수
2022-01-26,9호선,노량진,26574,25750,52324,824,1,26,수
2022-01-26,9호선,노들,4575,3939,8514,636,1,26,수
2022-01-26,9호선,흑석(중앙대입구),8158,8451,16609,-293,1,26,수
2022-01-26,9호선,동작(현충원),2245,1768,4013,477,1,26,수
2022-01-26,9호선,구반포,1447,1494,2941,-47,1,26,수
2022-01-26,9호선,신반포,3280,3260,6540,20,1,26,수
2022-01-26,9호선,고속터미널,11773,15517,27290,-3744,1,26,수
2022-01-26,9호선,사평,3499,3456,6955,43,1,26,수
2022-01-26,9호선,신논현,32884,32514,65398,370,1,26,수
2022-01-26,9호선2~3단계,언주,11203,11470,22673,-267,1,26,수
2022-01-26,9호선2~3단계,선정릉,9973,11072,21045,-1099,1,26,수
2022-01-26,9호선2~3단계,삼성중앙,7122,7423,14545,-301,1,26,수
2022-01-26,9호선2~3단계,봉은사,16811,16966,33777,-155,1,26,수
2022-01-26,9호선2~3단계,종합운동장,4338,4321,8659,17,1,26,수
2022-01-26,9호선2~3단계,삼전,7082,6842,13924,240,1,26,수
2022-01-26,9호선2~3단계,석촌고분,6233,6206,12439,27,1,26,수
2022-01-26,9호선2~3단계,석촌,8603,7756,16359,847,1,26,수
2022-01-26,9호선2~3단계,송파나루,5292,5538,10830,-246,1,26,수
2022-01-26,9호선2~3단계,한성백제,2577,2422,4999,155,1,26,수
2022-01-26,9호선2~3단계,올림픽공원(한국체대),5849,5874,11723,-25,1,26,수
2022-01-26,9호선2~3단계,둔촌오륜,981,983,1964,-2,1,26,수
2022-01-26,9호선2~3단계,중앙보훈병원,11105,9715,20820,1390,1,26,수
2022-01-26,경강선,판교,4887,4759,9646,128,1,26,수
2022-01-26,경강선,이매,1071,857,1928,214,1,26,수
2022-01-26,경강선,삼동,2365,2266,4631,99,1,26,수
2022-01-26,경강선,경기광주,7524,7111,14635,413,1,26,수
2022-01-26,경강선,초월,3014,2905,5919,109,1,26,수
2022-01-26,경강선,곤지암,2226,2091,4317,135,1,26,수
2022-01-26,경강선,신둔도예촌,1296,1210,2506,86,1,26,수
2022-01-26,경강선,이천,2396,2492,4888,-96,1,26,수
2022-01-26,경강선,부발,2191,1838,4029,353,1,26,수
2022-01-26,경강선,세종대왕릉,246,256,502,-10,1,26,수
2022-01-26,경강선,여주,1851,1876,3727,-25,1,26,수
2022-01-26,경부선,서울역,5523,1994,7517,3529,1,26,수
2022-01-26,경부선,남영,9030,9411,18441,-381,1,26,수
2022-01-26,경부선,용산,31500,32670,64170,-1170,1,26,수
2022-01-26,경부선,노량진,8117,8419,16536,-302,1,26,수
2022-01-26,경부선,대방,13114,13451,26565,-337,1,26,수
2022-01-26,경부선,영등포,36059,36687,72746,-628,1,26,수
2022-01-26,경부선,신도림,4255,4152,8407,103,1,26,수
2022-01-26,경부선,신길,8914,7600,16514,1314,1,26,수
2022-01-26,경부선,구로,18737,19026,37763,-289,1,26,수
2022-01-26,경부선,가산디지털단지,18833,21554,40387,-2721,1,26,수
2022-01-26,경부선,금천구청,11840,11997,23837,-157,1,26,수
2022-01-26,경부선,석수,9776,8574,18350,1202,1,26,수
2022-01-26,경부선,관악,7168,6755,13923,413,1,26,수
2022-01-26,경부선,안양,20660,20906,41566,-246,1,26,수
2022-01-26,경부선,명학,8915,8816,17731,99,1,26,수
2022-01-26,경부선,금정,26671,27247,53918,-576,1,26,수
2022-01-26,경부선,군포,7940,7896,15836,44,1,26,수
2022-01-26,경부선,의왕,9138,9071,18209,67,1,26,수
2022-01-26,경부선,성균관대,13254,13195,26449,59,1,26,수
2022-01-26,경부선,화서,7846,7500,15346,346,1,26,수
2022-01-26,경부선,수원,30764,32838,63602,-2074,1,26,수
2022-01-26,경부선,독산,19074,20030,39104,-956,1,26,수
2022-01-26,경부선,세류,2983,2771,5754,212,1,26,수
2022-01-26,경부선,병점,13326,13104,26430,222,1,26,수
2022-01-26,경부선,세마,2614,2406,5020,208,1,26,수
2022-01-26,경부선,오산대,3095,2872,5967,223,1,26,수
2022-01-26,경부선,오산,9082,8950,18032,132,1,26,수
2022-01-26,경부선,진위,1524,1330,2854,194,1,26,수
2022-01-26,경부선,송탄,3843,3601,7444,242,1,26,수
2022-01-26,경부선,서정리,6278,5528,11806,750,1,26,수
2022-01-26,경부선,평택지제,3109,3033,6142,76,1,26,수
2022-01-26,경부선,평택,9854,9726,19580,128,1,26,수
2022-01-26,경부선,성환,2678,2723,5401,-45,1,26,수
2022-01-26,경부선,직산,679,696,1375,-17,1,26,수
2022-01-26,경부선,두정,4508,4466,8974,42,1,26,수
2022-01-26,경부선,천안,4363,4413,8776,-50,1,26,수
2022-01-26,경부선,당정,6060,5880,11940,180,1,26,수
2022-01-26,경부선,서동탄,1362,1182,2544,180,1,26,수
2022-01-26,경부선,광명,3090,2825,5915,265,1,26,수
2022-01-26,경원선,이촌(국립중앙박물관),3666,2945,6611,721,1,26,수
2022-01-26,경원선,서빙고,2048,1957,4005,91,1,26,수
2022-01-26,경원선,한남,4127,3904,8031,223,1,26,수
2022-01-26,경원선,옥수,50,33,83,17,1,26,수
2022-01-26,경원선,응봉,1842,1593,3435,249,1,26,수
2022-01-26,경원선,왕십리(성동구청),13945,15534,29479,-1589,1,26,수
2022-01-26,경원선,청량리(서울시립대입구),14916,15647,30563,-731,1,26,수
2022-01-26,경원선,외대앞,7149,7057,14206,92,1,26,수
2022-01-26,경원선,신이문,8432,7923,16355,509,1,26,수
2022-01-26,경원선,석계,8040,9126,17166,-1086,1,26,수
2022-01-26,경원선,광운대,7292,7176,14468,116,1,26,수
2022-01-26,경원선,월계,6429,6117,12546,312,1,26,수
2022-01-26,경원선,녹천,4456,3820,8276,636,1,26,수
2022-01-26,경원선,방학,9664,9489,19153,175,1,26,수
2022-01-26,경원선,도봉,6312,6135,12447,177,1,26,수
2022-01-26,경원선,도봉산,7258,4525,11783,2733,1,26,수
2022-01-26,경원선,망월사,7040,7389,14429,-349,1,26,수
2022-01-26,경원선,회룡,12515,12308,24823,207,1,26,수
2022-01-26,경원선,의정부,17817,18308,36125,-491,1,26,수
2022-01-26,경원선,가능,6397,6258,12655,139,1,26,수
2022-01-26,경원선,녹양,4497,4161,8658,336,1,26,수
2022-01-26,경원선,양주,7366,6893,14259,473,1,26,수
2022-01-26,경원선,덕계,3017,2709,5726,308,1,26,수
2022-01-26,경원선,덕정,5036,4768,9804,268,1,26,수
2022-01-26,경원선,지행,5972,5898,11870,74,1,26,수
2022-01-26,경원선,동두천중앙,2910,2785,5695,125,1,26,수
2022-01-26,경원선,보산,1267,1179,2446,88,1,26,수
2022-01-26,경원선,동두천,1939,2150,4089,-211,1,26,수
2022-01-26,경원선,소요산,2141,1808,3949,333,1,26,수
2022-01-26,경의선,서울역,4187,5300,9487,-1113,1,26,수
2022-01-26,경의선,신촌,860,1006,1866,-146,1,26,수
2022-01-26,경의선,효창공원앞,2926,3424,6350,-498,1,26,수
2022-01-26,경의선,공덕,3727,3106,6833,621,1,26,수
2022-01-26,경의선,서강대,2144,2079,4223,65,1,26,수
2022-01-26,경의선,홍대입구,1731,1998,3729,-267,1,26,수
2022-01-26,경의선,가좌,5254,5100,10354,154,1,26,수
2022-01-26,경의선,디지털미디어시티,2367,2253,4620,114,1,26,수
2022-01-26,경의선,수색,2804,2919,5723,-115,1,26,수
2022-01-26,경의선,화전,1469,1300,2769,169,1,26,수
2022-01-26,경의선,강매,3159,2750,5909,409,1,26,수
2022-01-26,경의선,행신,7655,7815,15470,-160,1,26,수
2022-01-26,경의선,능곡,3647,3416,7063,231,1,26,수
2022-01-26,경의선,곡산,581,596,1177,-15,1,26,수
2022-01-26,경의선,백마,6773,6557,13330,216,1,26,수
2022-01-26,경의선,풍산,5373,4945,10318,428,1,26,수
2022-01-26,경의선,일산,8954,9058,18012,-104,1,26,수
2022-01-26,경의선,탄현,7585,7417,15002,168,1,26,수
2022-01-26,경의선,야당,7468,7161,14629,307,1,26,수
2022-01-26,경의선,운정,7002,6460,13462,542,1,26,수
2022-01-26,경의선,금릉,4730,4573,9303,157,1,26,수
2022-01-26,경의선,금촌,6702,6870,13572,-168,1,26,수
2022-01-26,경의선,월롱,2601,2203,4804,398,1,26,수
2022-01-26,경의선,파주,991,717,1708,274,1,26,수
2022-01-26,경의선,문산,4701,4643,9344,58,1,26,수
2022-01-26,경의선,임진강,4,7,11,-3,1,26,수
2022-01-26,경인선,개봉,21108,21199,42307,-91,1,26,수
2022-01-26,경인선,오류동,11840,11206,23046,634,1,26,수
2022-01-26,경인선,역곡,26403,26363,52766,40,1,26,수
2022-01-26,경인선,부천,31856,31943,63799,-87,1,26,수
2022-01-26,경인선,송내,26191,26072,52263,119,1,26,수
2022-01-26,경인선,부평,28255,29836,58091,-1581,1,26,수
2022-01-26,경인선,백운,6648,6594,13242,54,1,26,수
2022-01-26,경인선,동암,14318,14511,28829,-193,1,26,수
2022-01-26,경인선,주안,17934,16312,34246,1622,1,26,수
2022-01-26,경인선,제물포,9940,9602,19542,338,1,26,수
2022-01-26,경인선,동인천,13636,12970,26606,666,1,26,수
2022-01-26,경인선,인천,3174,2411,5585,763,1,26,수
2022-01-26,경인선,구일,5996,5972,11968,24,1,26,수
2022-01-26,경인선,소사,8361,8162,16523,199,1,26,수
2022-01-26,경인선,부개,8325,7910,16235,415,1,26,수
2022-01-26,경인선,간석,5821,5461,11282,360,1,26,수
2022-01-26,경인선,도원,2426,2510,4936,-84,1,26,수
2022-01-26,경인선,온수(성공회대입구),6269,6104,12373,165,1,26,수
2022-01-26,경인선,중동,9232,8801,18033,431,1,26,수
2022-01-26,경인선,도화,4078,3851,7929,227,1,26,수
2022-01-26,경춘선,신내,1965,1865,3830,100,1,26,수
2022-01-26,경춘선,갈매,3043,2645,5688,398,1,26,수
2022-01-26,경춘선,별내,3312,3081,6393,231,1,26,수
2022-01-26,경춘선,퇴계원,3589,3388,6977,201,1,26,수
2022-01-26,경춘선,사릉,3100,3038,6138,62,1,26,수
2022-01-26,경춘선,금곡,1464,1420,2884,44,1,26,수
2022-01-26,경춘선,평내호평,6015,5745,11760,270,1,26,수
2022-01-26,경춘선,천마산,1560,1420,2980,140,1,26,수
2022-01-26,경춘선,마석,3438,3438,6876,0,1,26,수
2022-01-26,경춘선,대성리,390,393,783,-3,1,26,수
2022-01-26,경춘선,청평,1481,1365,2846,116,1,26,수
2022-01-26,경춘선,상천,204,183,387,21,1,26,수
2022-01-26,경춘선,가평,1492,1476,2968,16,1,26,수
2022-01-26,경춘선,굴봉산,121,142,263,-21,1,26,수
2022-01-26,경춘선,백양리,303,269,572,34,1,26,수
2022-01-26,경춘선,강촌,319,302,621,17,1,26,수
2022-01-26,경춘선,김유정,270,258,528,12,1,26,수
2022-01-26,경춘선,남춘천,1942,1914,3856,28,1,26,수
2022-01-26,경춘선,춘천,1033,894,1927,139,1,26,수
2022-01-26,공항철도 1호선,서울역,7071,6853,13924,218,1,26,수
2022-01-26,공항철도 1호선,공덕,2258,2956,5214,-698,1,26,수
2022-01-26,공항철도 1호선,홍대입구,9430,9473,18903,-43,1,26,수
2022-01-26,공항철도 1호선,디지털미디어시티,14728,13258,27986,1470,1,26,수
2022-01-26,공항철도 1호선,마곡나루(서울식물원),9227,8851,18078,376,1,26,수
2022-01-26,공항철도 1호선,김포공항,11575,6525,18100,5050,1,26,수
2022-01-26,공항철도 1호선,계양,10158,9524,19682,634,1,26,수
2022-01-26,공항철도 1호선,검암,6734,6562,13296,172,1,26,수
2022-01-26,공항철도 1호선,청라국제도시,6897,6459,13356,438,1,26,수
2022-01-26,공항철도 1호선,운서,6390,6244,12634,146,1,26,수
2022-01-26,공항철도 1호선,공항화물청사,2288,2548,4836,-260,1,26,수
2022-01-26,공항철도 1호선,인천공항1터미널,3245,3540,6785,-295,1,26,수
2022-01-26,공항철도 1호선,인천공항2터미널,1962,1905,3867,57,1,26,수
2022-01-26,공항철도 1호선,영종,2920,2909,5829,11,1,26,수
2022-01-26,과천선,선바위,8268,7182,15450,1086,1,26,수
2022-01-26,과천선,경마공원,1770,1774,3544,-4,1,26,수
2022-01-26,과천선,대공원,2501,2612,5113,-111,1,26,수
2022-01-26,과천선,과천,6273,5818,12091,455,1,26,수
2022-01-26,과천선,정부과천청사,10607,10559,21166,48,1,26,수
2022-01-26,과천선,인덕원,24119,25373,49492,-1254,1,26,수
2022-01-26,과천선,평촌,18129,17887,36016,242,1,26,수
2022-01-26,과천선,범계,26066,25730,51796,336,1,26,수
2022-01-26,분당선,선릉,14187,21071,35258,-6884,1,26,수
2022-01-26,분당선,한티,15382,16454,31836,-1072,1,26,수
2022-01-26,분당선,도곡,7051,7051,14102,0,1,26,수
2022-01-26,분당선,구룡,1994,1923,3917,71,1,26,수
2022-01-26,분당선,개포동,3812,4065,7877,-253,1,26,수
2022-01-26,분당선,대모산입구,4582,4345,8927,237,1,26,수
2022-01-26,분당선,수서,13296,14321,27617,-1025,1,26,수
2022-01-26,분당선,수원,7680,6497,14177,1183,1,26,수
2022-01-26,분당선,서울숲,10476,10743,21219,-267,1,26,수
2022-01-26,분당선,압구정로데오,20403,21924,42327,-1521,1,26,수
2022-01-26,분당선,강남구청,11057,12415,23472,-1358,1,26,수
2022-01-26,분당선,선정릉,8494,9071,17565,-577,1,26,수
2022-01-26,수인선,사리,4301,3816,8117,485,1,26,수
2022-01-26,분당선,가천대,6495,7320,13815,-825,1,26,수
2022-01-26,분당선,태평,13692,13376,27068,316,1,26,수
2022-01-26,분당선,모란,20032,20049,40081,-17,1,26,수
2022-01-26,분당선,야탑,26671,27642,54313,-971,1,26,수
2022-01-26,분당선,서현,24939,25323,50262,-384,1,26,수
2022-01-26,분당선,수내,13878,13848,27726,30,1,26,수
2022-01-26,분당선,정자,17903,18808,36711,-905,1,26,수
2022-01-26,분당선,미금,15982,17104,33086,-1122,1,26,수
2022-01-26,분당선,오리,12514,10142,22656,2372,1,26,수
2022-01-26,분당선,이매,5666,5512,11178,154,1,26,수
2022-01-26,분당선,보정,2411,2119,4530,292,1,26,수
2022-01-26,분당선,죽전,13196,14443,27639,-1247,1,26,수
2022-01-26,분당선,구성,5050,5358,10408,-308,1,26,수
2022-01-26,분당선,신갈,4504,4520,9024,-16,1,26,수
2022-01-26,분당선,기흥,9234,8939,18173,295,1,26,수
2022-01-26,분당선,상갈,5318,5137,10455,181,1,26,수
2022-01-26,분당선,청명,4173,4041,8214,132,1,26,수
2022-01-26,분당선,영통,8347,8135,16482,212,1,26,수
2022-01-26,분당선,망포,14496,13627,28123,869,1,26,수
2022-01-26,분당선,매탄권선,4811,4668,9479,143,1,26,수
2022-01-26,분당선,수원시청,12900,13605,26505,-705,1,26,수
2022-01-26,분당선,매교,2753,2757,5510,-4,1,26,수
2022-01-26,수인선,고색,4529,4275,8804,254,1,26,수
2022-01-26,수인선,월곶,2662,2510,5172,152,1,26,수
2022-01-26,수인선,소래포구,4689,4323,9012,366,1,26,수
2022-01-26,수인선,인천논현,5304,5527,10831,-223,1,26,수
2022-01-26,수인선,호구포,4055,4167,8222,-112,1,26,수
2022-01-26,수인선,남동인더스파크,2375,2625,5000,-250,1,26,수
2022-01-26,수인선,원인재,4365,4532,8897,-167,1,26,수
2022-01-26,수인선,연수,4221,4185,8406,36,1,26,수
2022-01-26,수인선,송도,2422,2273,4695,149,1,26,수
2022-01-26,수인선,인하대,5467,5166,10633,301,1,26,수
2022-01-26,수인선,숭의,3862,3572,7434,290,1,26,수
2022-01-26,수인선,신포,1711,1813,3524,-102,1,26,수
2022-01-26,수인선,인천,965,1567,2532,-602,1,26,수
2022-01-26,안산선,산본,15627,16761,32388,-1134,1,26,수
2022-01-26,안산선,대야미,4888,4388,9276,500,1,26,수
2022-01-26,안산선,반월,4182,4074,8256,108,1,26,수
2022-01-26,안산선,상록수,14991,15263,30254,-272,1,26,수
2022-01-26,안산선,한대앞,8506,8500,17006,6,1,26,수
2022-01-26,안산선,중앙,17464,17724,35188,-260,1,26,수
2022-01-26,안산선,고잔,8643,8176,16819,467,1,26,수
2022-01-26,안산선,초지,4376,4472,8848,-96,1,26,수
2022-01-26,안산선,안산,10978,10169,21147,809,1,26,수
2022-01-26,안산선,신길온천,1579,1515,3094,64,1,26,수
2022-01-26,안산선,정왕,7213,7607,14820,-394,1,26,수
2022-01-26,안산선,오이도,7785,7486,15271,299,1,26,수
2022-01-26,안산선,수리산,4150,3325,7475,825,1,26,수
2022-01-26,우이신설선,북한산우이,2535,2274,4809,261,1,26,수
2022-01-26,우이신설선,솔밭공원,2490,2302,4792,188,1,26,수
2022-01-26,우이신설선,4.19민주묘지,2796,2639,5435,157,1,26,수
2022-01-26,우이신설선,가오리,4134,4104,8238,30,1,26,수
2022-01-26,우이신설선,화계,3474,3255,6729,219,1,26,수
2022-01-26,우이신설선,삼양,2051,2139,4190,-88,1,26,수
2022-01-26,우이신설선,삼양사거리,2452,2466,4918,-14,1,26,수
2022-01-26,우이신설선,솔샘,5927,5645,11572,282,1,26,수
2022-01-26,우이신설선,북한산보국문,6013,5870,11883,143,1,26,수
2022-01-26,우이신설선,정릉,4749,4409,9158,340,1,26,수
2022-01-26,우이신설선,성신여대입구(돈암),3312,3569,6881,-257,1,26,수
2022-01-26,우이신설선,보문,1542,1532,3074,10,1,26,수
2022-01-26,우이신설선,신설동,2149,2153,4302,-4,1,26,수
2022-01-26,일산선,원흥,10672,10131,20803,541,1,26,수
2022-01-26,일산선,삼송,19231,18983,38214,248,1,26,수
2022-01-26,일산선,원당,10993,10436,21429,557,1,26,수
2022-01-26,일산선,화정,16915,17334,34249,-419,1,26,수
2022-01-26,일산선,대곡,1914,1517,3431,397,1,26,수
2022-01-26,일산선,백석,9495,9498,18993,-3,1,26,수
2022-01-26,일산선,마두,7710,7755,15465,-45,1,26,수
2022-01-26,일산선,정발산,7154,6970,14124,184,1,26,수
2022-01-26,일산선,주엽,8868,8983,17851,-115,1,26,수
2022-01-26,일산선,대화,12388,10063,22451,2325,1,26,수
2022-01-26,장항선,봉명,1133,1116,2249,17,1,26,수
2022-01-26,장항선,쌍용(나사렛대),1777,1607,3384,170,1,26,수
2022-01-26,장항선,아산,2489,2364,4853,125,1,26,수
2022-01-26,장항선,탕정,453,415,868,38,1,26,수
2022-01-26,장항선,배방,931,903,1834,28,1,26,수
2022-01-26,장항선,온양온천,3240,3246,6486,-6,1,26,수
2022-01-26,장항선,신창(순천향대),857,819,1676,38,1,26,수
2022-01-26,중앙선,회기,23270,22436,45706,834,1,26,수
2022-01-26,중앙선,중랑,5516,5259,10775,257,1,26,수
2022-01-26,중앙선,상봉(시외버스터미널),5693,5831,11524,-138,1,26,수
2022-01-26,중앙선,망우,7556,7541,15097,15,1,26,수
2022-01-26,중앙선,양원,2075,2026,4101,49,1,26,수
2022-01-26,중앙선,구리,13374,13431,26805,-57,1,26,수
2022-01-26,중앙선,도농,10314,9336,19650,978,1,26,수
2022-01-26,중앙선,양정,705,629,1334,76,1,26,수
2022-01-26,중앙선,덕소,5347,5411,10758,-64,1,26,수
2022-01-26,중앙선,도심,2287,1809,4096,478,1,26,수
2022-01-26,중앙선,팔당,745,803,1548,-58,1,26,수
2022-01-26,중앙선,운길산,588,527,1115,61,1,26,수
2022-01-26,중앙선,양수,1666,1674,3340,-8,1,26,수
2022-01-26,중앙선,신원,143,117,260,26,1,26,수
2022-01-26,중앙선,국수,562,565,1127,-3,1,26,수
2022-01-26,중앙선,아신,454,484,938,-30,1,26,수
2022-01-26,중앙선,오빈,274,256,530,18,1,26,수
2022-01-26,중앙선,양평,2425,2417,4842,8,1,26,수
2022-01-26,중앙선,원덕,292,282,574,10,1,26,수
2022-01-26,중앙선,용문,1392,1390,2782,2,1,26,수
2022-01-26,중앙선,지평,55,55,110,0,1,26,수
2022-01-26,2호선,잠실(송파구청),68262,67853,136115,409,1,26,수
2022-01-26,2호선,잠실새내,21376,21318,42694,58,1,26,수
2022-01-26,2호선,종합운동장,7670,8093,15763,-423,1,26,수
2022-01-26,2호선,삼성(무역센터),53163,53728,106891,-565,1,26,수
2022-01-26,2호선,선릉,58871,51999,110870,6872,1,26,수
2022-01-26,2호선,역삼,56425,61937,118362,-5512,1,26,수
2022-01-26,2호선,강남,88530,85855,174385,2675,1,26,수
2022-01-26,2호선,교대(법원.검찰청),35390,39856,75246,-4466,1,26,수
2022-01-26,2호선,서초,22293,21529,43822,764,1,26,수
2022-01-26,2호선,방배,17644,18331,35975,-687,1,26,수
2022-01-26,2호선,사당,36681,39503,76184,-2822,1,26,수
2022-01-26,2호선,낙성대(강감찬),26820,26284,53104,536,1,26,수
2022-01-26,2호선,서울대입구(관악구청),47347,46793,94140,554,1,26,수
2022-01-26,2호선,봉천,24124,22793,46917,1331,1,26,수
2022-01-26,2호선,신림,62999,61637,124636,1362,1,26,수
2022-01-26,2호선,신대방,26303,25672,51975,631,1,26,수
2022-01-26,2호선,구로디지털단지,60610,60593,121203,17,1,26,수
2022-01-26,2호선,대림(구로구청),23911,24663,48574,-752,1,26,수
2022-01-26,2호선,신도림,47560,46892,94452,668,1,26,수
2022-01-26,2호선,문래,21808,22193,44001,-385,1,26,수
2022-01-26,수인선,달월,94,65,159,29,1,26,수
2022-01-26,수인선,오목천,2647,2514,5161,133,1,26,수
2022-01-26,2호선,영등포구청,23831,24437,48268,-606,1,26,수
2022-01-26,2호선,당산,18360,21247,39607,-2887,1,26,수
2022-01-26,2호선,합정,31127,31944,63071,-817,1,26,수
2022-01-26,2호선,홍대입구,53110,53614,106724,-504,1,26,수
2022-01-26,2호선,신촌,31692,32663,64355,-971,1,26,수
2022-01-26,2호선,이대,12590,13344,25934,-754,1,26,수
2022-01-26,2호선,아현,9910,9617,19527,293,1,26,수
2022-01-26,2호선,충정로(경기대입구),10230,10828,21058,-598,1,26,수
2022-01-26,2호선,용답,2709,2772,5481,-63,1,26,수
2022-01-26,2호선,신답,1705,2017,3722,-312,1,26,수
2022-01-26,2호선,신설동,3468,3550,7018,-82,1,26,수
2022-01-26,2호선,도림천,1484,1516,3000,-32,1,26,수
2022-01-26,2호선,양천구청,6930,7347,14277,-417,1,26,수
2022-01-27,우이신설선,정릉,4571,4102,8673,469,1,27,목
2022-01-27,우이신설선,보문,1466,1438,2904,28,1,27,목
2022-01-27,우이신설선,신설동,2147,2135,4282,12,1,27,목
2022-01-27,일산선,원흥,10588,9828,20416,760,1,27,목
2022-01-27,일산선,삼송,19041,18694,37735,347,1,27,목
2022-01-27,일산선,원당,10854,10183,21037,671,1,27,목
2022-01-27,일산선,화정,16707,16998,33705,-291,1,27,목
2022-01-27,일산선,대곡,1894,1461,3355,433,1,27,목
2022-01-27,일산선,백석,9806,9935,19741,-129,1,27,목
2022-01-27,일산선,마두,7385,7563,14948,-178,1,27,목
2022-01-27,일산선,정발산,7111,6952,14063,159,1,27,목
2022-01-27,일산선,주엽,8600,8581,17181,19,1,27,목
2022-01-27,일산선,대화,12319,9823,22142,2496,1,27,목
2022-01-27,장항선,봉명,1186,1154,2340,32,1,27,목
2022-01-27,장항선,쌍용(나사렛대),1603,1462,3065,141,1,27,목
2022-01-27,장항선,아산,2372,2690,5062,-318,1,27,목
2022-01-27,장항선,탕정,431,380,811,51,1,27,목
2022-01-27,장항선,배방,980,891,1871,89,1,27,목
2022-01-27,장항선,온양온천,3154,3218,6372,-64,1,27,목
2022-01-27,장항선,신창(순천향대),900,791,1691,109,1,27,목
2022-01-27,중앙선,회기,23295,21830,45125,1465,1,27,목
2022-01-27,중앙선,중랑,5389,5082,10471,307,1,27,목
2022-01-27,중앙선,상봉(시외버스터미널),5764,5718,11482,46,1,27,목
2022-01-27,중앙선,망우,7473,7417,14890,56,1,27,목
2022-01-27,중앙선,양원,2038,2001,4039,37,1,27,목
2022-01-27,중앙선,구리,13086,13253,26339,-167,1,27,목
2022-01-27,중앙선,도농,10177,9270,19447,907,1,27,목
2022-01-27,중앙선,양정,630,534,1164,96,1,27,목
2022-01-27,중앙선,덕소,5355,5316,10671,39,1,27,목
2022-01-27,중앙선,도심,2193,1752,3945,441,1,27,목
2022-01-27,중앙선,팔당,726,776,1502,-50,1,27,목
2022-01-27,중앙선,운길산,508,438,946,70,1,27,목
2022-01-27,중앙선,양수,1519,1496,3015,23,1,27,목
2022-01-27,중앙선,신원,191,151,342,40,1,27,목
2022-01-27,중앙선,국수,584,577,1161,7,1,27,목
2022-01-27,중앙선,아신,459,478,937,-19,1,27,목
2022-01-27,중앙선,오빈,245,228,473,17,1,27,목
2022-01-27,중앙선,양평,2249,2313,4562,-64,1,27,목
2022-01-27,중앙선,원덕,281,253,534,28,1,27,목
2022-01-27,중앙선,용문,1344,1372,2716,-28,1,27,목
2022-01-27,중앙선,지평,58,50,108,8,1,27,목
2022-01-27,6호선,청구,3791,4048,7839,-257,1,27,목
2022-01-27,안산선,중앙,16814,17117,33931,-303,1,27,목
2022-01-27,안산선,한대앞,8304,8285,16589,19,1,27,목
2022-01-27,안산선,상록수,14699,15053,29752,-354,1,27,목
2022-01-27,안산선,반월,4006,3831,7837,175,1,27,목
2022-01-27,안산선,대야미,4799,4272,9071,527,1,27,목
2022-01-27,안산선,산본,15310,16423,31733,-1113,1,27,목
2022-01-27,수인선,인천,943,1519,2462,-576,1,27,목
2022-01-27,수인선,신포,1579,1718,3297,-139,1,27,목
2022-01-27,수인선,숭의,3771,3462,7233,309,1,27,목
2022-01-27,수인선,인하대,5303,4903,10206,400,1,27,목
2022-01-27,수인선,송도,2299,2198,4497,101,1,27,목
2022-01-27,수인선,연수,4137,4074,8211,63,1,27,목
2022-01-27,수인선,원인재,4236,4403,8639,-167,1,27,목
2022-01-27,수인선,남동인더스파크,2301,2554,4855,-253,1,27,목
2022-01-27,수인선,호구포,3818,3970,7788,-152,1,27,목
2022-01-27,수인선,인천논현,5139,5485,10624,-346,1,27,목
2022-01-27,수인선,소래포구,4519,4280,8799,239,1,27,목
2022-01-27,수인선,고색,4300,4166,8466,134,1,27,목
2022-01-27,분당선,매교,2514,2573,5087,-59,1,27,목
2022-01-27,분당선,수원시청,12290,12957,25247,-667,1,27,목
2022-01-27,분당선,매탄권선,4742,4570,9312,172,1,27,목
2022-01-27,분당선,망포,14304,13312,27616,992,1,27,목
2022-01-27,분당선,영통,8102,7989,16091,113,1,27,목
2022-01-27,분당선,청명,4047,3903,7950,144,1,27,목
2022-01-27,분당선,상갈,5146,5005,10151,141,1,27,목
2022-01-27,분당선,기흥,9254,8833,18087,421,1,27,목
2022-01-27,분당선,신갈,4437,4431,8868,6,1,27,목
2022-01-27,분당선,구성,4936,5247,10183,-311,1,27,목
2022-01-27,분당선,죽전,12786,13752,26538,-966,1,27,목
2022-01-27,분당선,보정,2428,2159,4587,269,1,27,목
2022-01-27,분당선,이매,5401,5192,10593,209,1,27,목
2022-01-27,분당선,오리,11923,9836,21759,2087,1,27,목
2022-01-27,분당선,미금,15354,16290,31644,-936,1,27,목
2022-01-27,분당선,정자,17341,18357,35698,-1016,1,27,목
2022-01-27,분당선,수내,13526,13500,27026,26,1,27,목
2022-01-27,분당선,서현,24599,24848,49447,-249,1,27,목
2022-01-27,분당선,야탑,25844,27095,52939,-1251,1,27,목
2022-01-27,분당선,모란,19914,19999,39913,-85,1,27,목
2022-01-27,분당선,태평,13342,12904,26246,438,1,27,목
2022-01-27,분당선,가천대,6246,6977,13223,-731,1,27,목
2022-01-27,분당선,선정릉,8493,8967,17460,-474,1,27,목
2022-01-27,분당선,강남구청,10525,12056,22581,-1531,1,27,목
2022-01-27,분당선,압구정로데오,20362,21813,42175,-1451,1,27,목
2022-01-27,분당선,서울숲,10106,10397,20503,-291,1,27,목
2022-01-27,분당선,수원,7749,6519,14268,1230,1,27,목
2022-01-27,분당선,수서,12977,14372,27349,-1395,1,27,목
2022-01-27,분당선,대모산입구,4483,4207,8690,276,1,27,목
2022-01-27,분당선,개포동,3611,3733,7344,-122,1,27,목
2022-01-27,분당선,구룡,1734,1734,3468,0,1,27,목
2022-01-27,분당선,도곡,6933,7035,13968,-102,1,27,목
2022-01-27,분당선,한티,15247,16214,31461,-967,1,27,목
2022-01-27,분당선,선릉,13925,20479,34404,-6554,1,27,목
2022-01-27,과천선,범계,25230,24939,50169,291,1,27,목
2022-01-27,과천선,평촌,18051,17782,35833,269,1,27,목
2022-01-27,과천선,인덕원,23559,24829,48388,-1270,1,27,목
2022-01-27,과천선,정부과천청사,10382,10383,20765,-1,1,27,목
2022-01-27,과천선,과천,6007,5575,11582,432,1,27,목
2022-01-27,과천선,대공원,2253,2327,4580,-74,1,27,목
2022-01-27,과천선,경마공원,1342,1346,2688,-4,1,27,목
2022-01-27,과천선,선바위,7991,6995,14986,996,1,27,목
2022-01-27,공항철도 1호선,영종,2827,2849,5676,-22,1,27,목
2022-01-27,공항철도 1호선,인천공항2터미널,2045,2069,4114,-24,1,27,목
2022-01-27,공항철도 1호선,인천공항1터미널,3171,3425,6596,-254,1,27,목
2022-01-27,공항철도 1호선,공항화물청사,2258,2443,4701,-185,1,27,목
2022-01-27,공항철도 1호선,운서,6298,6151,12449,147,1,27,목
2022-01-27,공항철도 1호선,청라국제도시,6596,6382,12978,214,1,27,목
2022-01-27,공항철도 1호선,검암,6628,6507,13135,121,1,27,목
2022-01-27,공항철도 1호선,계양,9934,9243,19177,691,1,27,목
2022-01-27,공항철도 1호선,김포공항,11960,7214,19174,4746,1,27,목
2022-01-27,공항철도 1호선,마곡나루(서울식물원),8874,8282,17156,592,1,27,목
2022-01-27,공항철도 1호선,디지털미디어시티,14592,13072,27664,1520,1,27,목
2022-01-27,공항철도 1호선,홍대입구,9567,9311,18878,256,1,27,목
2022-01-27,공항철도 1호선,공덕,2380,2924,5304,-544,1,27,목
2022-01-27,공항철도 1호선,서울역,7083,7897,14980,-814,1,27,목
2022-01-27,경춘선,춘천,948,922,1870,26,1,27,목
2022-01-27,경춘선,남춘천,2535,2525,5060,10,1,27,목
2022-01-27,경춘선,김유정,293,302,595,-9,1,27,목
2022-01-27,경춘선,강촌,324,333,657,-9,1,27,목
2022-01-27,경춘선,백양리,277,247,524,30,1,27,목
2022-01-27,경춘선,굴봉산,139,153,292,-14,1,27,목
2022-01-27,경춘선,가평,1393,1413,2806,-20,1,27,목
2022-01-27,경춘선,상천,187,197,384,-10,1,27,목
2022-01-27,경춘선,청평,1425,1358,2783,67,1,27,목
2022-01-27,경춘선,대성리,402,359,761,43,1,27,목
2022-01-27,경춘선,마석,3470,3470,6940,0,1,27,목
2022-01-27,경춘선,천마산,1579,1437,3016,142,1,27,목
2022-01-27,경춘선,평내호평,5868,5592,11460,276,1,27,목
2022-01-27,경춘선,금곡,1435,1347,2782,88,1,27,목
2022-01-27,경춘선,사릉,3017,2858,5875,159,1,27,목
2022-01-27,경춘선,퇴계원,3539,3224,6763,315,1,27,목
2022-01-27,경춘선,별내,3278,3073,6351,205,1,27,목
2022-01-27,경춘선,갈매,2977,2592,5569,385,1,27,목
2022-01-27,경춘선,신내,1930,1823,3753,107,1,27,목
2022-01-27,경인선,도화,4103,3749,7852,354,1,27,목
2022-01-27,경인선,중동,9031,8667,17698,364,1,27,목
2022-01-27,경인선,온수(성공회대입구),6142,5932,12074,210,1,27,목
2022-01-27,경인선,도원,2297,2301,4598,-4,1,27,목
2022-01-27,경인선,간석,5650,5352,11002,298,1,27,목
2022-01-27,경인선,부개,8215,7778,15993,437,1,27,목
2022-01-27,경인선,소사,8045,7948,15993,97,1,27,목
2022-01-27,경인선,구일,5992,5896,11888,96,1,27,목
2022-01-27,경인선,인천,3000,2296,5296,704,1,27,목
2022-01-27,경인선,동인천,13229,12491,25720,738,1,27,목
2022-01-27,경인선,제물포,9656,9240,18896,416,1,27,목
2022-01-27,경인선,주안,17706,15807,33513,1899,1,27,목
2022-01-27,경인선,동암,14020,14278,28298,-258,1,27,목
2022-01-27,경인선,백운,6504,6474,12978,30,1,27,목
2022-01-27,경인선,부평,28086,29445,57531,-1359,1,27,목
2022-01-27,경인선,송내,25724,25489,51213,235,1,27,목
2022-01-27,경인선,부천,31638,31495,63133,143,1,27,목
2022-01-27,경인선,역곡,25958,25867,51825,91,1,27,목
2022-01-27,경인선,오류동,11736,11175,22911,561,1,27,목
2022-01-27,경인선,개봉,20787,20700,41487,87,1,27,목
2022-01-27,경의선,임진강,4,4,8,0,1,27,목
2022-01-27,경의선,문산,4701,4711,9412,-10,1,27,목
2022-01-27,경의선,파주,873,650,1523,223,1,27,목
2022-01-27,경의선,월롱,2466,2086,4552,380,1,27,목
2022-01-27,경의선,금촌,6155,6040,12195,115,1,27,목
2022-01-27,경의선,금릉,4550,4258,8808,292,1,27,목
2022-01-27,경의선,운정,6770,6328,13098,442,1,27,목
2022-01-27,경의선,야당,7336,6975,14311,361,1,27,목
2022-01-27,경의선,탄현,7524,7195,14719,329,1,27,목
2022-01-27,경의선,일산,8861,8764,17625,97,1,27,목
2022-01-27,경의선,풍산,5374,5023,10397,351,1,27,목
2022-01-27,경의선,백마,6581,6329,12910,252,1,27,목
2022-01-27,경의선,곡산,522,542,1064,-20,1,27,목
2022-01-27,경의선,능곡,3743,3399,7142,344,1,27,목
2022-01-27,경의선,행신,7583,7800,15383,-217,1,27,목
2022-01-27,경의선,강매,3116,2730,5846,386,1,27,목
2022-01-27,경의선,화전,1363,1250,2613,113,1,27,목
2022-01-27,경의선,수색,2708,2848,5556,-140,1,27,목
2022-01-27,경의선,디지털미디어시티,2361,2190,4551,171,1,27,목
2022-01-27,경의선,가좌,5307,5054,10361,253,1,27,목
2022-01-27,경의선,홍대입구,1627,1838,3465,-211,1,27,목
2022-01-27,경의선,서강대,2106,2013,4119,93,1,27,목
2022-01-27,경의선,공덕,3609,3093,6702,516,1,27,목
2022-01-27,경의선,효창공원앞,2887,3348,6235,-461,1,27,목
2022-01-27,경의선,신촌,784,1031,1815,-247,1,27,목
2022-01-27,경의선,서울역,4034,5220,9254,-1186,1,27,목
2022-01-27,경원선,소요산,2091,1902,3993,189,1,27,목
2022-01-27,경원선,동두천,1888,2077,3965,-189,1,27,목
2022-01-27,경원선,보산,1255,1162,2417,93,1,27,목
2022-01-27,경원선,동두천중앙,2783,2708,5491,75,1,27,목
2022-01-27,경원선,지행,5898,5695,11593,203,1,27,목
2022-01-27,경원선,덕정,4940,4824,9764,116,1,27,목
2022-01-27,경원선,덕계,2887,2581,5468,306,1,27,목
2022-01-27,경원선,양주,7127,6618,13745,509,1,27,목
2022-01-27,경원선,녹양,4404,4095,8499,309,1,27,목
2022-01-27,경원선,가능,6217,6094,12311,123,1,27,목
2022-01-27,경원선,의정부,17362,17710,35072,-348,1,27,목
2022-01-27,경원선,회룡,12169,11947,24116,222,1,27,목
2022-01-27,경원선,망월사,7047,7243,14290,-196,1,27,목
2022-01-27,경원선,도봉산,7034,4426,11460,2608,1,27,목
2022-01-27,경원선,도봉,6050,5901,11951,149,1,27,목
2022-01-27,경원선,방학,9443,9280,18723,163,1,27,목
2022-01-27,경원선,녹천,4506,3802,8308,704,1,27,목
2022-01-27,경원선,월계,6299,5895,12194,404,1,27,목
2022-01-27,경원선,광운대,7207,7024,14231,183,1,27,목
2022-01-27,경원선,석계,8070,8932,17002,-862,1,27,목
2022-01-27,경원선,신이문,8283,7856,16139,427,1,27,목
2022-01-27,경원선,외대앞,7015,6829,13844,186,1,27,목
2022-01-27,경원선,청량리(서울시립대입구),14645,15705,30350,-1060,1,27,목
2022-01-27,경원선,왕십리(성동구청),13646,15314,28960,-1668,1,27,목
2022-01-27,경원선,응봉,1874,1563,3437,311,1,27,목
2022-01-27,경원선,옥수,38,32,70,6,1,27,목
2022-01-27,경원선,한남,4107,3771,7878,336,1,27,목
2022-01-27,경원선,서빙고,1929,1843,3772,86,1,27,목
2022-01-27,경원선,이촌(국립중앙박물관),3630,2769,6399,861,1,27,목
2022-01-27,경부선,광명,3147,3079,6226,68,1,27,목
2022-01-27,경부선,서동탄,1385,1236,2621,149,1,27,목
2022-01-27,경부선,당정,6091,5745,11836,346,1,27,목
2022-01-27,경부선,천안,4107,4354,8461,-247,1,27,목
2022-01-27,경부선,두정,4397,4320,8717,77,1,27,목
2022-01-27,경부선,직산,679,695,1374,-16,1,27,목
2022-01-27,경부선,성환,2651,2621,5272,30,1,27,목
2022-01-27,경부선,평택,10325,10110,20435,215,1,27,목
2022-01-27,경부선,평택지제,3276,3046,6322,230,1,27,목
2022-01-27,경부선,서정리,7099,5739,12838,1360,1,27,목
2022-01-27,경부선,송탄,4026,3587,7613,439,1,27,목
2022-01-27,경부선,진위,1565,1364,2929,201,1,27,목
2022-01-27,경부선,오산,8924,8863,17787,61,1,27,목
2022-01-27,경부선,오산대,2992,2757,5749,235,1,27,목
2022-01-27,경부선,세마,2574,2371,4945,203,1,27,목
2022-01-27,경부선,병점,13127,12791,25918,336,1,27,목
2022-01-27,경부선,세류,2789,2631,5420,158,1,27,목
2022-01-27,경부선,독산,19125,19992,39117,-867,1,27,목
2022-01-27,경부선,수원,30025,33003,63028,-2978,1,27,목
2022-01-27,경부선,화서,7488,7153,14641,335,1,27,목
2022-01-27,경부선,성균관대,13364,13065,26429,299,1,27,목
2022-01-27,경부선,의왕,8846,8662,17508,184,1,27,목
2022-01-27,경부선,군포,7475,7509,14984,-34,1,27,목
2022-01-27,경부선,금정,26089,26520,52609,-431,1,27,목
2022-01-27,경부선,명학,8619,8485,17104,134,1,27,목
2022-01-27,경부선,안양,20302,20470,40772,-168,1,27,목
2022-01-27,경부선,관악,6948,6449,13397,499,1,27,목
2022-01-27,경부선,석수,9306,8363,17669,943,1,27,목
2022-01-27,경부선,금천구청,11546,11649,23195,-103,1,27,목
2022-01-27,경부선,가산디지털단지,18644,21335,39979,-2691,1,27,목
2022-01-27,경부선,구로,17953,18382,36335,-429,1,27,목
2022-01-27,경부선,신길,8635,7220,15855,1415,1,27,목
2022-01-27,경부선,신도림,4210,3910,8120,300,1,27,목
2022-01-27,경부선,영등포,36231,37310,73541,-1079,1,27,목
2022-01-27,경부선,대방,12654,12995,25649,-341,1,27,목
2022-01-27,경부선,노량진,8078,8158,16236,-80,1,27,목
2022-01-27,경부선,용산,31599,36137,67736,-4538,1,27,목
2022-01-27,경부선,남영,8853,9114,17967,-261,1,27,목
2022-01-27,경부선,서울역,5437,2435,7872,3002,1,27,목
2022-01-27,경강선,여주,1747,1727,3474,20,1,27,목
2022-01-27,경강선,세종대왕릉,270,247,517,23,1,27,목
2022-01-27,경강선,부발,2110,1708,3818,402,1,27,목
2022-01-27,경강선,이천,2408,2447,4855,-39,1,27,목
2022-01-27,경강선,신둔도예촌,1311,1260,2571,51,1,27,목
2022-01-27,경강선,곤지암,2155,2104,4259,51,1,27,목
2022-01-27,경강선,초월,2956,2835,5791,121,1,27,목
2022-01-27,경강선,경기광주,7385,6957,14342,428,1,27,목
2022-01-27,경강선,삼동,2344,2127,4471,217,1,27,목
2022-01-27,경강선,이매,987,858,1845,129,1,27,목
2022-01-27,경강선,판교,4544,4607,9151,-63,1,27,목
2022-01-27,9호선2~3단계,중앙보훈병원,10432,9341,19773,1091,1,27,목
2022-01-27,9호선2~3단계,둔촌오륜,930,882,1812,48,1,27,목
2022-01-27,9호선2~3단계,올림픽공원(한국체대),5655,5552,11207,103,1,27,목
2022-01-27,9호선2~3단계,한성백제,2641,2323,4964,318,1,27,목
2022-01-27,9호선2~3단계,송파나루,5205,5388,10593,-183,1,27,목
2022-01-27,9호선2~3단계,석촌,8444,7395,15839,1049,1,27,목
2022-01-27,9호선2~3단계,석촌고분,6306,6226,12532,80,1,27,목
2022-01-27,9호선2~3단계,삼전,7000,6752,13752,248,1,27,목
2022-01-27,9호선2~3단계,종합운동장,4591,4528,9119,63,1,27,목
2022-01-27,9호선2~3단계,봉은사,15921,16246,32167,-325,1,27,목
2022-01-27,9호선2~3단계,삼성중앙,7122,7440,14562,-318,1,27,목
2022-01-27,9호선2~3단계,선정릉,9809,10869,20678,-1060,1,27,목
2022-01-27,9호선2~3단계,언주,11151,11215,22366,-64,1,27,목
2022-01-27,9호선,신논현,32847,32368,65215,479,1,27,목
2022-01-27,9호선,사평,3525,3459,6984,66,1,27,목
2022-01-27,9호선,고속터미널,11657,16139,27796,-4482,1,27,목
2022-01-27,9호선,신반포,3009,3032,6041,-23,1,27,목
2022-01-27,9호선,구반포,1422,1513,2935,-91,1,27,목
2022-01-27,9호선,동작(현충원),2330,1805,4135,525,1,27,목
2022-01-27,9호선,흑석(중앙대입구),8020,8344,16364,-324,1,27,목
2022-01-27,9호선,노들,4476,3833,8309,643,1,27,목
2022-01-27,9호선,노량진,26398,25085,51483,1313,1,27,목
2022-01-27,9호선,샛강,6054,6168,12222,-114,1,27,목
2022-01-27,9호선,여의도,28124,26712,54836,1412,1,27,목
2022-01-27,9호선,국회의사당,17880,17979,35859,-99,1,27,목
2022-01-27,9호선,당산,18284,17986,36270,298,1,27,목
2022-01-27,9호선,선유도,8889,8564,17453,325,1,27,목
2022-01-27,9호선,신목동,4077,3689,7766,388,1,27,목
2022-01-27,9호선,염창,17349,16588,33937,761,1,27,목
2022-01-27,9호선,등촌,11810,11581,23391,229,1,27,목
2022-01-27,9호선,증미,7721,7673,15394,48,1,27,목
2022-01-27,9호선,가양,20469,19748,40217,721,1,27,목
2022-01-27,9호선,양천향교,9497,9565,19062,-68,1,27,목
2022-01-27,9호선,마곡나루(서울식물원),11885,11574,23459,311,1,27,목
2022-01-27,9호선,신방화,6805,6674,13479,131,1,27,목
2022-01-27,9호선,공항시장,2974,3217,6191,-243,1,27,목
2022-01-27,9호선,김포공항,7473,12503,19976,-5030,1,27,목
2022-01-27,9호선,개화,2458,1721,4179,737,1,27,목
2022-01-27,8호선,남위례,3711,4026,7737,-315,1,27,목
2022-01-27,8호선,모란,4239,3231,7470,1008,1,27,목
2022-01-27,8호선,수진,5190,4645,9835,545,1,27,목
2022-01-27,8호선,신흥,4053,4313,8366,-260,1,27,목
2022-01-27,8호선,단대오거리,10173,9879,20052,294,1,27,목
2022-01-27,8호선,남한산성입구(성남법원.검찰청),13061,11995,25056,1066,1,27,목
2022-01-27,8호선,산성,5128,5132,10260,-4,1,27,목
2022-01-27,8호선,복정,9250,7817,17067,1433,1,27,목
2022-01-27,8호선,장지,17215,16390,33605,825,1,27,목
2022-01-27,8호선,문정,22991,24215,47206,-1224,1,27,목
2022-01-27,8호선,가락시장,8256,9274,17530,-1018,1,27,목
2022-01-27,8호선,송파,7303,7452,14755,-149,1,27,목
2022-01-27,8호선,석촌,7773,8876,16649,-1103,1,27,목
2022-01-27,8호선,잠실(송파구청),13698,15970,29668,-2272,1,27,목
2022-01-27,8호선,몽촌토성(평화의문),6241,6265,12506,-24,1,27,목
2022-01-27,8호선,강동구청,10834,11365,22199,-531,1,27,목
2022-01-27,8호선,천호(풍납토성),14937,16830,31767,-1893,1,27,목
2022-01-27,8호선,암사,18985,16789,35774,2196,1,27,목
2022-01-27,7호선,상동,1,0,1,1,1,27,목
2022-01-27,7호선,신중동,2,0,2,2,1,27,목
2022-01-27,7호선,춘의,1,0,1,1,1,27,목
2022-01-27,7호선,온수(성공회대입구),10027,9103,19130,924,1,27,목
2022-01-27,7호선,천왕,11484,10850,22334,634,1,27,목
2022-01-27,7호선,광명사거리,22214,21877,44091,337,1,27,목
2022-01-27,7호선,철산,20869,21238,42107,-369,1,27,목
2022-01-27,7호선,가산디지털단지,46554,46764,93318,-210,1,27,목
2022-01-27,7호선,남구로,15995,17090,33085,-1095,1,27,목
2022-01-27,7호선,대림(구로구청),8171,8059,16230,112,1,27,목
2022-01-27,7호선,신풍,11274,10719,21993,555,1,27,목
2022-01-27,7호선,보라매,9480,9474,18954,6,1,27,목
2022-01-27,7호선,신대방삼거리,16530,16037,32567,493,1,27,목
2022-01-27,7호선,장승배기,9269,8967,18236,302,1,27,목
2022-01-27,7호선,상도,10497,10116,20613,381,1,27,목
2022-01-27,7호선,숭실대입구(살피재),11330,11428,22758,-98,1,27,목
2022-01-27,7호선,남성,11111,10396,21507,715,1,27,목
2022-01-27,7호선,이수,15934,15325,31259,609,1,27,목
2022-01-27,7호선,내방,14826,15344,30170,-518,1,27,목
2022-01-27,7호선,고속터미널,14868,13728,28596,1140,1,27,목
2022-01-27,7호선,반포,5799,5566,11365,233,1,27,목
2022-01-27,7호선,논현,20802,22665,43467,-1863,1,27,목
2022-01-27,7호선,학동,25369,26779,52148,-1410,1,27,목
2022-01-27,7호선,강남구청,17336,18700,36036,-1364,1,27,목
2022-01-27,7호선,청담,19557,21997,41554,-2440,1,27,목
2022-01-27,7호선,뚝섬유원지,7293,7162,14455,131,1,27,목
2022-01-27,7호선,건대입구,12035,12465,24500,-430,1,27,목
2022-01-27,7호선,어린이대공원(세종대),12145,11899,24044,246,1,27,목
2022-01-27,7호선,군자(능동),15125,12273,27398,2852,1,27,목
2022-01-27,7호선,중곡,10821,10177,20998,644,1,27,목
2022-01-27,7호선,용마산(용마폭포공원),5939,5700,11639,239,1,27,목
2022-01-27,7호선,사가정,15984,15778,31762,206,1,27,목
2022-01-27,7호선,면목,15124,14735,29859,389,1,27,목
2022-01-27,7호선,상봉(시외버스터미널),16882,15918,32800,964,1,27,목
2022-01-27,7호선,중화,10806,10360,21166,446,1,27,목
2022-01-27,7호선,먹골,10152,9954,20106,198,1,27,목
2022-01-27,7호선,태릉입구,8372,7981,16353,391,1,27,목
2022-01-27,7호선,공릉(서울과학기술대),11422,11251,22673,171,1,27,목
2022-01-27,7호선,하계,17299,16235,33534,1064,1,27,목
2022-01-27,7호선,중계,13897,12563,26460,1334,1,27,목
2022-01-27,7호선,노원,19353,19905,39258,-552,1,27,목
2022-01-27,7호선,마들,12864,12390,25254,474,1,27,목
2022-01-27,7호선,수락산,12275,12059,24334,216,1,27,목
2022-01-27,7호선,도봉산,8615,9888,18503,-1273,1,27,목
2022-01-27,7호선,장암,2202,788,2990,1414,1,27,목
2022-01-27,6호선,봉화산(서울의료원),8969,8342,17311,627,1,27,목
2022-01-27,6호선,화랑대(서울여대입구),11464,8937,20401,2527,1,27,목
2022-01-27,6호선,태릉입구,5579,5874,11453,-295,1,27,목
2022-01-27,6호선,석계,12066,12295,24361,-229,1,27,목
2022-01-27,6호선,돌곶이,9314,8624,17938,690,1,27,목
2022-01-27,6호선,상월곡(한국과학기술연구원),6064,5476,11540,588,1,27,목
2022-01-27,6호선,월곡(동덕여대),11591,11444,23035,147,1,27,목
2022-01-27,6호선,고려대(종암),7502,7168,14670,334,1,27,목
2022-01-27,6호선,안암(고대병원앞),9736,9486,19222,250,1,27,목
2022-01-27,6호선,보문,7165,6594,13759,571,1,27,목
2022-01-27,6호선,창신,3309,2719,6028,590,1,27,목
2022-01-27,6호선,동묘앞,7583,7581,15164,2,1,27,목
2022-01-27,6호선,신당,8117,8541,16658,-424,1,27,목
2022-01-27,6호선,약수,3604,3556,7160,48,1,27,목
2022-01-27,6호선,버티고개,1972,2042,4014,-70,1,27,목
2022-01-27,6호선,한강진,8045,9175,17220,-1130,1,27,목
2022-01-27,6호선,이태원,9181,9099,18280,82,1,27,목
2022-01-27,6호선,녹사평(용산구청),4448,4512,8960,-64,1,27,목
2022-01-27,6호선,삼각지,6079,5587,11666,492,1,27,목
2022-01-27,6호선,효창공원앞,7022,6356,13378,666,1,27,목
2022-01-27,6호선,공덕,18581,17623,36204,958,1,27,목
2022-01-27,6호선,대흥(서강대앞),7776,8089,15865,-313,1,27,목
2022-01-27,6호선,광흥창(서강),9038,8677,17715,361,1,27,목
2022-01-27,6호선,상수,8038,8693,16731,-655,1,27,목
2022-01-27,6호선,합정,12776,12272,25048,504,1,27,목
2022-01-27,6호선,망원,14263,15174,29437,-911,1,27,목
2022-01-27,6호선,마포구청,14300,12945,27245,1355,1,27,목
2022-01-27,6호선,월드컵경기장(성산),3841,3976,7817,-135,1,27,목
2022-01-27,6호선,디지털미디어시티,13456,15044,28500,-1588,1,27,목
2022-01-27,6호선,증산(명지대앞),10015,10013,20028,2,1,27,목
2022-01-27,6호선,새절(신사),12349,11604,23953,745,1,27,목
2022-01-27,6호선,구산,7528,5695,13223,1833,1,27,목
2022-01-27,6호선,독바위,2731,2853,5584,-122,1,27,목
2022-01-27,6호선,불광,4192,4090,8282,102,1,27,목
2022-01-27,6호선,역촌,3926,4488,8414,-562,1,27,목
2022-01-27,6호선,응암,17286,17110,34396,176,1,27,목
2022-01-27,5호선,하남검단산,5313,5065,10378,248,1,27,목
2022-01-27,5호선,하남시청(덕풍·신장),6140,6003,12143,137,1,27,목
2022-01-27,5호선,하남풍산,4339,4345,8684,-6,1,27,목
2022-01-27,5호선,미사,16047,15731,31778,316,1,27,목
2022-01-27,5호선,강일,3803,3660,7463,143,1,27,목
2022-01-27,5호선,마천,6923,6818,13741,105,1,27,목
2022-01-27,5호선,거여,9304,8877,18181,427,1,27,목
2022-01-27,5호선,개롱,6438,6689,13127,-251,1,27,목
2022-01-27,5호선,오금,3633,3760,7393,-127,1,27,목
2022-01-27,5호선,방이,7226,7415,14641,-189,1,27,목
2022-01-27,5호선,올림픽공원(한국체대),4049,3440,7489,609,1,27,목
2022-01-27,5호선,둔촌동,8291,8361,16652,-70,1,27,목
2022-01-27,5호선,상일동,15180,13983,29163,1197,1,27,목
2022-01-27,5호선,고덕,9177,9538,18715,-361,1,27,목
2022-01-27,5호선,명일,8490,8704,17194,-214,1,27,목
2022-01-27,5호선,굽은다리(강동구민회관앞),9447,9001,18448,446,1,27,목
2022-01-27,5호선,길동,8175,8522,16697,-347,1,27,목
2022-01-27,5호선,강동,18528,17709,36237,819,1,27,목
2022-01-27,5호선,천호(풍납토성),18005,17584,35589,421,1,27,목
2022-01-27,5호선,광나루(장신대),13005,11828,24833,1177,1,27,목
2022-01-27,5호선,아차산(어린이대공원후문),14340,14028,28368,312,1,27,목
2022-01-27,5호선,군자(능동),11282,12142,23424,-860,1,27,목
2022-01-27,5호선,장한평,18791,18564,37355,227,1,27,목
2022-01-27,5호선,답십리,16216,14644,30860,1572,1,27,목
2022-01-27,5호선,마장,6033,5766,11799,267,1,27,목
2022-01-27,5호선,왕십리(성동구청),4640,5237,9877,-597,1,27,목
2022-01-27,5호선,행당,8205,7289,15494,916,1,27,목
2022-01-27,5호선,신금호,6303,6608,12911,-305,1,27,목
2022-01-27,5호선,청구,4070,3679,7749,391,1,27,목
2022-01-27,5호선,동대문역사문화공원(DDP),2947,3431,6378,-484,1,27,목
2022-01-27,5호선,을지로4가,6293,6407,12700,-114,1,27,목
2022-01-27,5호선,종로3가,12159,11888,24047,271,1,27,목
2022-01-27,5호선,광화문(세종문화회관),29342,30503,59845,-1161,1,27,목
2022-01-27,5호선,서대문,19012,19603,38615,-591,1,27,목
2022-01-27,5호선,충정로(경기대입구),4776,4865,9641,-89,1,27,목
2022-01-27,5호선,애오개,6823,6888,13711,-65,1,27,목
2022-01-27,5호선,공덕,13955,14902,28857,-947,1,27,목
2022-01-27,5호선,마포,14958,15388,30346,-430,1,27,목
2022-01-27,5호선,여의나루,8840,9687,18527,-847,1,27,목
2022-01-27,5호선,여의도,29366,30343,59709,-977,1,27,목
2022-01-27,5호선,신길,4121,4474,8595,-353,1,27,목
2022-01-27,5호선,영등포시장,10092,10398,20490,-306,1,27,목
2022-01-27,5호선,영등포구청,3956,4073,8029,-117,1,27,목
2022-01-27,5호선,양평,7840,7840,15680,0,1,27,목
2022-01-27,5호선,오목교(목동운동장앞),21851,23409,45260,-1558,1,27,목
2022-01-27,5호선,목동,16770,18138,34908,-1368,1,27,목
2022-01-27,5호선,신정(은행정),13774,11252,25026,2522,1,27,목
2022-01-27,5호선,까치산,28531,27354,55885,1177,1,27,목
2022-01-27,5호선,화곡,27855,25993,53848,1862,1,27,목
2022-01-27,5호선,우장산,14016,13942,27958,74,1,27,목
2022-01-27,5호선,발산,20594,20495,41089,99,1,27,목
2022-01-27,5호선,마곡,11230,10937,22167,293,1,27,목
2022-01-27,5호선,송정,6541,6134,12675,407,1,27,목
2022-01-27,5호선,김포공항,7183,7269,14452,-86,1,27,목
2022-01-27,5호선,개화산,5548,5386,10934,162,1,27,목
2022-01-27,5호선,방화,6498,6187,12685,311,1,27,목
2022-01-27,4호선,쌍문,28924,26584,55508,2340,1,27,목
2022-01-27,4호선,창동,25304,26971,52275,-1667,1,27,목
2022-01-27,4호선,노원,18127,20115,38242,-1988,1,27,목
2022-01-27,4호선,상계,18555,17190,35745,1365,1,27,목
2022-01-27,4호선,당고개,12363,11259,23622,1104,1,27,목
2022-01-27,4호선,남태령,1108,942,2050,166,1,27,목
2022-01-27,4호선,사당,24074,19631,43705,4443,1,27,목
2022-01-27,4호선,총신대입구(이수),18684,20338,39022,-1654,1,27,목
2022-01-27,4호선,동작(현충원),1414,1645,3059,-231,1,27,목
2022-01-27,4호선,이촌(국립중앙박물관),7212,7992,15204,-780,1,27,목
2022-01-27,4호선,신용산,16113,17691,33804,-1578,1,27,목
2022-01-27,4호선,삼각지,4875,5302,10177,-427,1,27,목
2022-01-27,4호선,숙대입구(갈월),12079,12092,24171,-13,1,27,목
2022-01-27,4호선,서울역,10729,17696,28425,-6967,1,27,목
2022-01-27,4호선,회현(남대문시장),22710,24007,46717,-1297,1,27,목
2022-01-27,4호선,명동,16611,16852,33463,-241,1,27,목
2022-01-27,4호선,동대문역사문화공원(DDP),13977,12868,26845,1109,1,27,목
2022-01-27,4호선,동대문,18510,19000,37510,-490,1,27,목
2022-01-27,4호선,한성대입구(삼선교),12552,12193,24745,359,1,27,목
2022-01-27,4호선,성신여대입구(돈암),19315,18279,37594,1036,1,27,목
2022-01-27,4호선,길음,20064,19486,39550,578,1,27,목
2022-01-27,4호선,미아사거리,26551,26314,52865,237,1,27,목
2022-01-27,4호선,미아(서울사이버대학),14353,13996,28349,357,1,27,목
2022-01-27,4호선,수유(강북구청),32907,32985,65892,-78,1,27,목
2022-01-27,3호선,오금,6222,5520,11742,702,1,27,목
2022-01-27,3호선,경찰병원,7510,7547,15057,-37,1,27,목
2022-01-27,3호선,가락시장,9547,9278,18825,269,1,27,목
2022-01-27,3호선,수서,16593,17307,33900,-714,1,27,목
2022-01-27,3호선,일원,10277,9740,20017,537,1,27,목
2022-01-27,3호선,대청,10126,9367,19493,759,1,27,목
2022-01-27,3호선,학여울,1710,1824,3534,-114,1,27,목
2022-01-27,3호선,대치,11683,11867,23550,-184,1,27,목
2022-01-27,3호선,도곡,5384,5436,10820,-52,1,27,목
2022-01-27,3호선,매봉,12864,12310,25174,554,1,27,목
2022-01-27,3호선,양재(서초구청),40104,42999,83103,-2895,1,27,목
2022-01-27,3호선,남부터미널(예술의전당),29211,30814,60025,-1603,1,27,목
2022-01-27,3호선,교대(법원.검찰청),15207,9543,24750,5664,1,27,목
2022-01-27,3호선,고속터미널,38641,41346,79987,-2705,1,27,목
2022-01-27,3호선,잠원,4679,4686,9365,-7,1,27,목
2022-01-27,3호선,신사,32731,34092,66823,-1361,1,27,목
2022-01-27,3호선,압구정,33555,35758,69313,-2203,1,27,목
2022-01-27,3호선,옥수,8873,9181,18054,-308,1,27,목
2022-01-27,3호선,금호,8094,7603,15697,491,1,27,목
2022-01-27,3호선,약수,12874,12382,25256,492,1,27,목
2022-01-27,3호선,동대입구,6858,7056,13914,-198,1,27,목
2022-01-27,3호선,을지로3가,10538,10698,21236,-160,1,27,목
2022-01-27,3호선,종로3가,10362,11563,21925,-1201,1,27,목
2022-01-27,3호선,안국,19284,19819,39103,-535,1,27,목
2022-01-27,3호선,경복궁(정부서울청사),18997,18486,37483,511,1,27,목
2022-01-27,3호선,독립문,6672,6800,13472,-128,1,27,목
2022-01-27,3호선,무악재,3779,3836,7615,-57,1,27,목
2022-01-27,3호선,홍제,16941,15963,32904,978,1,27,목
2022-01-27,3호선,녹번,15533,14148,29681,1385,1,27,목
2022-01-27,3호선,불광,16273,17253,33526,-980,1,27,목
2022-01-27,3호선,연신내,35895,34154,70049,1741,1,27,목
2022-01-27,3호선,구파발,20431,19413,39844,1018,1,27,목
2022-01-27,3호선,지축,4414,4281,8695,133,1,27,목
2022-01-27,2호선,용두(동대문구청),2571,2709,5280,-138,1,27,목
2022-01-27,2호선,신정네거리,10165,10663,20828,-498,1,27,목
2022-01-27,2호선,양천구청,6784,7137,13921,-353,1,27,목
2022-01-27,2호선,도림천,1386,1440,2826,-54,1,27,목
2022-01-27,2호선,신설동,3432,3456,6888,-24,1,27,목
2022-01-27,2호선,신답,1657,1879,3536,-222,1,27,목
2022-01-27,2호선,용답,2652,2714,5366,-62,1,27,목
2022-01-27,2호선,충정로(경기대입구),9803,10263,20066,-460,1,27,목
2022-01-27,2호선,아현,9867,9371,19238,496,1,27,목
2022-01-27,2호선,이대,12448,12746,25194,-298,1,27,목
2022-01-27,2호선,신촌,31305,31930,63235,-625,1,27,목
2022-01-27,2호선,홍대입구,51805,52873,104678,-1068,1,27,목
2022-01-27,2호선,합정,30141,31231,61372,-1090,1,27,목
2022-01-27,2호선,당산,17867,20671,38538,-2804,1,27,목
2022-01-27,2호선,영등포구청,23469,23786,47255,-317,1,27,목
2022-01-27,2호선,문래,21562,21917,43479,-355,1,27,목
2022-01-27,2호선,신도림,46535,46034,92569,501,1,27,목
2022-01-27,2호선,대림(구로구청),23703,24394,48097,-691,1,27,목
2022-01-27,2호선,구로디지털단지,60098,59717,119815,381,1,27,목
2022-01-27,2호선,신대방,25764,25050,50814,714,1,27,목
2022-01-27,2호선,신림,63104,60538,123642,2566,1,27,목
2022-01-27,2호선,봉천,23686,22162,45848,1524,1,27,목
2022-01-27,2호선,서울대입구(관악구청),46382,45079,91461,1303,1,27,목
2022-01-27,2호선,낙성대(강감찬),26880,25481,52361,1399,1,27,목
2022-01-27,2호선,사당,35433,38249,73682,-2816,1,27,목
2022-01-27,2호선,방배,16748,17151,33899,-403,1,27,목
2022-01-27,2호선,서초,22189,21620,43809,569,1,27,목
2022-01-27,2호선,교대(법원.검찰청),35175,39824,74999,-4649,1,27,목
2022-01-27,2호선,강남,87398,85315,172713,2083,1,27,목
2022-01-27,2호선,역삼,55019,60740,115759,-5721,1,27,목
2022-01-27,2호선,선릉,57138,50565,107703,6573,1,27,목
2022-01-27,2호선,삼성(무역센터),52070,52410,104480,-340,1,27,목
2022-01-27,2호선,종합운동장,8334,8693,17027,-359,1,27,목
2022-01-27,2호선,잠실새내,21214,21025,42239,189,1,27,목
2022-01-27,2호선,잠실(송파구청),66420,66215,132635,205,1,27,목
2022-01-27,2호선,잠실나루,14628,14133,28761,495,1,27,목
2022-01-27,2호선,강변(동서울터미널),28775,28343,57118,432,1,27,목
2022-01-27,2호선,구의(광진구청),23925,23336,47261,589,1,27,목
2022-01-27,2호선,건대입구,33606,35200,68806,-1594,1,27,목
2022-01-27,2호선,성수,38088,41342,79430,-3254,1,27,목
2022-01-27,2호선,뚝섬,22034,23744,45778,-1710,1,27,목
2022-01-27,2호선,한양대,6725,6964,13689,-239,1,27,목
2022-01-27,2호선,왕십리(성동구청),15586,12893,28479,2693,1,27,목
2022-01-27,2호선,신당,13793,14252,28045,-459,1,27,목
2022-01-27,2호선,동대문역사문화공원(DDP),10948,12103,23051,-1155,1,27,목
2022-01-27,2호선,을지로4가,13075,12928,26003,147,1,27,목
2022-01-27,2호선,을지로3가,22042,21941,43983,101,1,27,목
2022-01-27,2호선,을지로입구,39213,40035,79248,-822,1,27,목
2022-01-27,2호선,시청,23830,23067,46897,763,1,27,목
2022-01-27,1호선,청량리(서울시립대입구),20872,21268,42140,-396,1,27,목
2022-01-27,1호선,제기동,19563,20404,39967,-841,1,27,목
2022-01-27,1호선,신설동,13602,13058,26660,544,1,27,목
2022-01-27,1호선,동대문,10541,9703,20244,838,1,27,목
2022-01-27,1호선,종로5가,22600,21405,44005,1195,1,27,목
2022-01-27,1호선,종로3가,24453,22290,46743,2163,1,27,목
2022-01-27,1호선,종각,34149,33315,67464,834,1,27,목
2022-01-27,1호선,시청,21888,21799,43687,89,1,27,목
2022-01-27,1호선,동묘앞,7534,7763,15297,-229,1,27,목
2022-01-27,1호선,서울역,40907,44780,85687,-3873,1,27,목
2022-01-27,2호선,상왕십리,14277,13680,27957,597,1,27,목
2022-01-27,4호선,충무로,25672,26243,51915,-571,1,27,목
2022-01-27,경의선,계양,1,0,1,1,1,27,목
2022-01-27,수인선,오목천,2528,2384,4912,144,1,27,목
2022-01-27,수인선,어천,607,580,1187,27,1,27,목
2022-01-27,수인선,야목,321,237,558,84,1,27,목
2022-01-27,수인선,사리,4214,3787,8001,427,1,27,목
2022-01-27,수인선,달월,88,49,137,39,1,27,목
2022-01-27,수인선,월곶,2541,2394,4935,147,1,27,목
2022-01-27,4호선,혜화,33543,33101,66644,442,1,27,목
2022-01-27,안산선,고잔,8372,8039,16411,333,1,27,목
2022-01-27,안산선,초지,4330,4480,8810,-150,1,27,목
2022-01-27,안산선,안산,10885,9983,20868,902,1,27,목
2022-01-27,안산선,신길온천,1581,1468,3049,113,1,27,목
2022-01-27,안산선,정왕,7195,7539,14734,-344,1,27,목
2022-01-27,안산선,오이도,7620,7338,14958,282,1,27,목
2022-01-27,안산선,수리산,4045,3254,7299,791,1,27,목
2022-01-27,우이신설선,북한산우이,2359,2178,4537,181,1,27,목
2022-01-27,우이신설선,솔밭공원,2406,2321,4727,85,1,27,목
2022-01-27,우이신설선,4.19민주묘지,2831,2466,5297,365,1,27,목
2022-01-27,우이신설선,가오리,4033,4054,8087,-21,1,27,목
2022-01-27,우이신설선,화계,3418,3227,6645,191,1,27,목
2022-01-27,우이신설선,삼양,2021,2113,4134,-92,1,27,목
2022-01-27,우이신설선,삼양사거리,2422,2498,4920,-76,1,27,목
2022-01-27,우이신설선,솔샘,5833,5518,11351,315,1,27,목
2022-01-27,우이신설선,북한산보국문,5972,5573,11545,399,1,27,목
2022-01-27,우이신설선,성신여대입구(돈암),3213,3494,6707,-281,1,27,목
2022-01-28,수인선,원인재,4372,4526,8898,-154,1,28,금
2022-01-28,안산선,오이도,7695,7568,15263,127,1,28,금
2022-01-28,안산선,수리산,3940,3106,7046,834,1,28,금
2022-01-28,우이신설선,북한산우이,2233,2033,4266,200,1,28,금
2022-01-28,우이신설선,솔밭공원,2347,2133,4480,214,1,28,금
2022-01-28,우이신설선,4.19민주묘지,2689,2490,5179,199,1,28,금
2022-01-28,우이신설선,가오리,4052,3894,7946,158,1,28,금
2022-01-28,우이신설선,화계,3376,3167,6543,209,1,28,금
2022-01-28,우이신설선,삼양,1949,2110,4059,-161,1,28,금
2022-01-28,우이신설선,삼양사거리,2458,2500,4958,-42,1,28,금
2022-01-28,우이신설선,솔샘,5695,5185,10880,510,1,28,금
2022-01-28,우이신설선,북한산보국문,5879,5571,11450,308,1,28,금
2022-01-28,우이신설선,정릉,4621,4148,8769,473,1,28,금
2022-01-28,우이신설선,성신여대입구(돈암),3548,3678,7226,-130,1,28,금
2022-01-28,우이신설선,보문,1564,1491,3055,73,1,28,금
2022-01-28,수인선,신포,1580,1687,3267,-107,1,28,금
2022-01-28,수인선,인천,1000,1544,2544,-544,1,28,금
2022-01-28,1호선,동묘앞,7723,7949,15672,-226,1,28,금
2022-01-28,경원선,광운대,7116,6793,13909,323,1,28,금
2022-01-28,안산선,산본,15533,16802,32335,-1269,1,28,금
2022-01-28,안산선,대야미,4758,4142,8900,616,1,28,금
2022-01-28,1호선,서울역,38242,39895,78137,-1653,1,28,금
2022-01-28,안산선,반월,4048,3922,7970,126,1,28,금
2022-01-28,안산선,상록수,14744,15089,29833,-345,1,28,금
2022-01-28,안산선,한대앞,8287,8306,16593,-19,1,28,금
2022-01-28,안산선,중앙,16982,17986,34968,-1004,1,28,금
2022-01-28,안산선,고잔,8424,7927,16351,497,1,28,금
2022-01-28,안산선,초지,4143,4361,8504,-218,1,28,금
2022-01-28,장항선,봉명,1046,1018,2064,28,1,28,금
2022-01-28,장항선,쌍용(나사렛대),1560,1498,3058,62,1,28,금
2022-01-28,장항선,아산,2737,2989,5726,-252,1,28,금
2022-01-28,장항선,탕정,414,369,783,45,1,28,금
2022-01-28,장항선,배방,940,934,1874,6,1,28,금
2022-01-28,장항선,온양온천,3415,3612,7027,-197,1,28,금
2022-01-28,장항선,신창(순천향대),1021,936,1957,85,1,28,금
2022-01-28,중앙선,회기,22939,20986,43925,1953,1,28,금
2022-01-28,중앙선,중랑,5470,5113,10583,357,1,28,금
2022-01-28,중앙선,상봉(시외버스터미널),5669,5608,11277,61,1,28,금
2022-01-28,중앙선,망우,7576,7456,15032,120,1,28,금
2022-01-28,중앙선,양원,1973,1901,3874,72,1,28,금
2022-01-28,중앙선,구리,12609,13152,25761,-543,1,28,금
2022-01-28,중앙선,도농,9636,8884,18520,752,1,28,금
2022-01-28,중앙선,양정,587,527,1114,60,1,28,금
2022-01-28,중앙선,덕소,5218,5349,10567,-131,1,28,금
2022-01-28,중앙선,도심,2182,1737,3919,445,1,28,금
2022-01-28,중앙선,팔당,766,865,1631,-99,1,28,금
2022-01-28,중앙선,운길산,512,476,988,36,1,28,금
2022-01-28,중앙선,양수,1468,1510,2978,-42,1,28,금
2022-01-28,중앙선,신원,171,161,332,10,1,28,금
2022-01-28,중앙선,국수,601,629,1230,-28,1,28,금
2022-01-28,중앙선,아신,493,511,1004,-18,1,28,금
2022-01-28,중앙선,오빈,256,284,540,-28,1,28,금
2022-01-28,중앙선,양평,3283,3449,6732,-166,1,28,금
2022-01-28,중앙선,원덕,302,323,625,-21,1,28,금
2022-01-28,중앙선,용문,1452,1699,3151,-247,1,28,금
2022-01-28,중앙선,지평,61,66,127,-5,1,28,금
2022-01-28,수인선,연수,4310,4285,8595,25,1,28,금
2022-01-28,수인선,송도,2327,2258,4585,69,1,28,금
2022-01-28,수인선,인하대,5147,4817,9964,330,1,28,금
2022-01-28,수인선,숭의,3740,3408,7148,332,1,28,금
2022-01-28,우이신설선,신설동,2048,2026,4074,22,1,28,금
2022-01-28,일산선,원흥,10146,9453,19599,693,1,28,금
2022-01-28,일산선,지축,1,0,1,1,1,28,금
2022-01-28,일산선,삼송,18817,18490,37307,327,1,28,금
2022-01-28,일산선,원당,10552,10080,20632,472,1,28,금
2022-01-28,일산선,화정,16282,16886,33168,-604,1,28,금
2022-01-28,일산선,대곡,1814,1405,3219,409,1,28,금
2022-01-28,일산선,백석,9719,9877,19596,-158,1,28,금
2022-01-28,일산선,마두,7285,7447,14732,-162,1,28,금
2022-01-28,일산선,정발산,7313,7502,14815,-189,1,28,금
2022-01-28,일산선,주엽,8565,8705,17270,-140,1,28,금
2022-01-28,일산선,대화,11813,9557,21370,2256,1,28,금
2022-01-28,안산선,안산,11198,10774,21972,424,1,28,금
2022-01-28,안산선,신길온천,1602,1503,3105,99,1,28,금
2022-01-28,안산선,정왕,7811,7849,15660,-38,1,28,금
2022-01-28,1호선,시청,19955,20181,40136,-226,1,28,금
2022-01-28,1호선,종각,31832,30911,62743,921,1,28,금
2022-01-28,1호선,종로3가,24404,22454,46858,1950,1,28,금
2022-01-28,1호선,종로5가,23053,21716,44769,1337,1,28,금
2022-01-28,1호선,동대문,10582,9624,20206,958,1,28,금
2022-01-28,1호선,신설동,13659,12886,26545,773,1,28,금
2022-01-28,1호선,제기동,19090,19678,38768,-588,1,28,금
2022-01-28,1호선,청량리(서울시립대입구),21027,21465,42492,-438,1,28,금
2022-01-28,2호선,시청,21968,20967,42935,1001,1,28,금
2022-01-28,2호선,을지로입구,37071,37516,74587,-445,1,28,금
2022-01-28,2호선,을지로3가,20667,20681,41348,-14,1,28,금
2022-01-28,2호선,을지로4가,12631,12433,25064,198,1,28,금
2022-01-28,2호선,동대문역사문화공원(DDP),10996,12249,23245,-1253,1,28,금
2022-01-28,2호선,신당,13800,14223,28023,-423,1,28,금
2022-01-28,2호선,상왕십리,14190,13404,27594,786,1,28,금
2022-01-28,2호선,왕십리(성동구청),15515,12935,28450,2580,1,28,금
2022-01-28,2호선,한양대,6257,6458,12715,-201,1,28,금
2022-01-28,2호선,뚝섬,21381,22708,44089,-1327,1,28,금
2022-01-28,2호선,성수,36274,39245,75519,-2971,1,28,금
2022-01-28,2호선,건대입구,35378,36881,72259,-1503,1,28,금
2022-01-28,2호선,구의(광진구청),23469,22689,46158,780,1,28,금
2022-01-28,2호선,강변(동서울터미널),30198,35416,65614,-5218,1,28,금
2022-01-28,2호선,잠실나루,14165,13376,27541,789,1,28,금
2022-01-28,2호선,잠실(송파구청),66146,65513,131659,633,1,28,금
2022-01-28,2호선,잠실새내,21516,21426,42942,90,1,28,금
2022-01-28,2호선,종합운동장,7303,7833,15136,-530,1,28,금
2022-01-28,2호선,삼성(무역센터),49950,49315,99265,635,1,28,금
2022-01-28,2호선,선릉,52544,46044,98588,6500,1,28,금
2022-01-28,2호선,역삼,50114,54467,104581,-4353,1,28,금
2022-01-28,2호선,강남,86385,83877,170262,2508,1,28,금
2022-01-28,2호선,교대(법원.검찰청),32776,36595,69371,-3819,1,28,금
2022-01-28,2호선,서초,20354,19052,39406,1302,1,28,금
2022-01-28,2호선,방배,15354,16380,31734,-1026,1,28,금
2022-01-28,2호선,사당,34683,37854,72537,-3171,1,28,금
2022-01-28,2호선,낙성대(강감찬),26713,24311,51024,2402,1,28,금
2022-01-28,2호선,서울대입구(관악구청),47501,44279,91780,3222,1,28,금
2022-01-28,2호선,봉천,23605,21180,44785,2425,1,28,금
2022-01-28,2호선,신림,63605,59295,122900,4310,1,28,금
2022-01-28,2호선,신대방,25688,24188,49876,1500,1,28,금
2022-01-28,2호선,구로디지털단지,57624,56705,114329,919,1,28,금
2022-01-28,2호선,대림(구로구청),23561,24111,47672,-550,1,28,금
2022-01-28,2호선,신도림,46983,46685,93668,298,1,28,금
2022-01-28,2호선,문래,20584,21022,41606,-438,1,28,금
2022-01-28,2호선,영등포구청,22356,22941,45297,-585,1,28,금
2022-01-28,2호선,당산,17390,19857,37247,-2467,1,28,금
2022-01-28,2호선,합정,30507,31896,62403,-1389,1,28,금
2022-01-28,2호선,홍대입구,53953,55044,108997,-1091,1,28,금
2022-01-28,2호선,신촌,31921,31722,63643,199,1,28,금
2022-01-28,2호선,이대,12577,12681,25258,-104,1,28,금
2022-01-28,2호선,아현,9804,9239,19043,565,1,28,금
2022-01-28,2호선,충정로(경기대입구),9281,9807,19088,-526,1,28,금
2022-01-28,2호선,용답,2682,2566,5248,116,1,28,금
2022-01-28,2호선,신답,1640,1862,3502,-222,1,28,금
2022-01-28,2호선,신설동,3839,3646,7485,193,1,28,금
2022-01-28,2호선,도림천,1363,1405,2768,-42,1,28,금
2022-01-28,2호선,양천구청,6710,6901,13611,-191,1,28,금
2022-01-28,2호선,신정네거리,10066,10523,20589,-457,1,28,금
2022-01-28,2호선,용두(동대문구청),2648,2719,5367,-71,1,28,금
2022-01-28,3호선,지축,4258,3985,8243,273,1,28,금
2022-01-28,3호선,구파발,20279,18898,39177,1381,1,28,금
2022-01-28,3호선,연신내,36381,34455,70836,1926,1,28,금
2022-01-28,3호선,불광,16152,16842,32994,-690,1,28,금
2022-01-28,3호선,녹번,15164,13532,28696,1632,1,28,금
2022-01-28,3호선,홍제,16829,16063,32892,766,1,28,금
2022-01-28,3호선,무악재,3775,3765,7540,10,1,28,금
2022-01-28,3호선,독립문,6669,6654,13323,15,1,28,금
2022-01-28,3호선,경복궁(정부서울청사),18776,18025,36801,751,1,28,금
2022-01-28,3호선,안국,18970,18891,37861,79,1,28,금
2022-01-28,3호선,종로3가,10120,11592,21712,-1472,1,28,금
2022-01-28,3호선,을지로3가,10185,10284,20469,-99,1,28,금
2022-01-28,3호선,충무로,1,0,1,1,1,28,금
2022-01-28,3호선,동대입구,7536,7587,15123,-51,1,28,금
2022-01-28,3호선,약수,12802,12076,24878,726,1,28,금
2022-01-28,3호선,금호,8151,7612,15763,539,1,28,금
2022-01-28,3호선,옥수,8963,9278,18241,-315,1,28,금
2022-01-28,3호선,압구정,34300,36606,70906,-2306,1,28,금
2022-01-28,3호선,신사,33324,34327,67651,-1003,1,28,금
2022-01-28,3호선,잠원,4805,4677,9482,128,1,28,금
2022-01-28,3호선,고속터미널,42711,62417,105128,-19706,1,28,금
2022-01-28,3호선,교대(법원.검찰청),13664,8835,22499,4829,1,28,금
2022-01-28,3호선,남부터미널(예술의전당),30528,34946,65474,-4418,1,28,금
2022-01-28,3호선,양재(서초구청),38937,39912,78849,-975,1,28,금
2022-01-28,3호선,매봉,12399,11655,24054,744,1,28,금
2022-01-28,3호선,도곡,5395,5452,10847,-57,1,28,금
2022-01-28,3호선,대치,11982,11944,23926,38,1,28,금
2022-01-28,3호선,학여울,1720,1702,3422,18,1,28,금
2022-01-28,3호선,대청,9793,9097,18890,696,1,28,금
2022-01-28,3호선,일원,9734,9119,18853,615,1,28,금
2022-01-28,3호선,수서,14584,15592,30176,-1008,1,28,금
2022-01-28,3호선,가락시장,9397,9213,18610,184,1,28,금
2022-01-28,3호선,경찰병원,7148,7056,14204,92,1,28,금
2022-01-28,3호선,오금,5889,5260,11149,629,1,28,금
2022-01-28,4호선,수유(강북구청),33455,34060,67515,-605,1,28,금
2022-01-28,4호선,미아(서울사이버대학),14399,14351,28750,48,1,28,금
2022-01-28,4호선,미아사거리,26889,26476,53365,413,1,28,금
2022-01-28,4호선,길음,19463,19418,38881,45,1,28,금
2022-01-28,4호선,성신여대입구(돈암),19796,19263,39059,533,1,28,금
2022-01-28,4호선,한성대입구(삼선교),12713,12317,25030,396,1,28,금
2022-01-28,4호선,혜화,32104,31056,63160,1048,1,28,금
2022-01-28,4호선,동대문,17050,17620,34670,-570,1,28,금
2022-01-28,4호선,동대문역사문화공원(DDP),13835,12706,26541,1129,1,28,금
2022-01-28,4호선,충무로,23789,24833,48622,-1044,1,28,금
2022-01-28,4호선,명동,16134,16314,32448,-180,1,28,금
2022-01-28,4호선,회현(남대문시장),22115,22678,44793,-563,1,28,금
2022-01-28,4호선,서울역,9898,15116,25014,-5218,1,28,금
2022-01-28,4호선,숙대입구(갈월),12079,11639,23718,440,1,28,금
2022-01-28,4호선,삼각지,4771,5344,10115,-573,1,28,금
2022-01-28,4호선,신용산,15167,16406,31573,-1239,1,28,금
2022-01-28,4호선,이촌(국립중앙박물관),7299,7948,15247,-649,1,28,금
2022-01-28,4호선,동작(현충원),1355,1610,2965,-255,1,28,금
2022-01-28,4호선,총신대입구(이수),18943,20652,39595,-1709,1,28,금
2022-01-28,4호선,사당,24087,19449,43536,4638,1,28,금
2022-01-28,4호선,남태령,1186,955,2141,231,1,28,금
2022-01-28,4호선,당고개,12114,11065,23179,1049,1,28,금
2022-01-28,4호선,상계,18223,17353,35576,870,1,28,금
2022-01-28,4호선,노원,18621,21136,39757,-2515,1,28,금
2022-01-28,4호선,창동,26258,28091,54349,-1833,1,28,금
2022-01-28,4호선,쌍문,28444,26551,54995,1893,1,28,금
2022-01-28,5호선,방화,6253,5928,12181,325,1,28,금
2022-01-28,5호선,개화산,5540,5231,10771,309,1,28,금
2022-01-28,5호선,김포공항,7902,8373,16275,-471,1,28,금
2022-01-28,5호선,송정,6474,6066,12540,408,1,28,금
2022-01-28,5호선,마곡,10523,10346,20869,177,1,28,금
2022-01-28,5호선,발산,19375,19974,39349,-599,1,28,금
2022-01-28,5호선,우장산,13988,13880,27868,108,1,28,금
2022-01-28,5호선,화곡,28004,25777,53781,2227,1,28,금
2022-01-28,5호선,까치산,28575,26946,55521,1629,1,28,금
2022-01-28,5호선,신정(은행정),13583,10933,24516,2650,1,28,금
2022-01-28,5호선,목동,16508,17487,33995,-979,1,28,금
2022-01-28,5호선,오목교(목동운동장앞),22373,24081,46454,-1708,1,28,금
2022-01-28,5호선,양평,7629,7305,14934,324,1,28,금
2022-01-28,5호선,영등포구청,3849,3845,7694,4,1,28,금
2022-01-28,5호선,영등포시장,10302,10466,20768,-164,1,28,금
2022-01-28,5호선,신길,4120,4230,8350,-110,1,28,금
2022-01-28,5호선,여의도,27839,28850,56689,-1011,1,28,금
2022-01-28,5호선,여의나루,8500,9086,17586,-586,1,28,금
2022-01-28,5호선,마포,13985,14222,28207,-237,1,28,금
2022-01-28,5호선,공덕,13395,14131,27526,-736,1,28,금
2022-01-28,5호선,애오개,6661,6500,13161,161,1,28,금
2022-01-28,5호선,충정로(경기대입구),4549,4599,9148,-50,1,28,금
2022-01-28,5호선,서대문,18199,18228,36427,-29,1,28,금
2022-01-28,5호선,광화문(세종문화회관),27367,28052,55419,-685,1,28,금
2022-01-28,5호선,종로3가,12437,12203,24640,234,1,28,금
2022-01-28,5호선,을지로4가,5894,6072,11966,-178,1,28,금
2022-01-28,5호선,동대문역사문화공원(DDP),2681,3155,5836,-474,1,28,금
2022-01-28,5호선,청구,3978,3527,7505,451,1,28,금
2022-01-28,5호선,신금호,6243,6416,12659,-173,1,28,금
2022-01-28,5호선,행당,7980,6999,14979,981,1,28,금
2022-01-28,5호선,왕십리(성동구청),4672,5383,10055,-711,1,28,금
2022-01-28,5호선,마장,6019,5770,11789,249,1,28,금
2022-01-28,5호선,답십리,15605,14237,29842,1368,1,28,금
2022-01-28,5호선,장한평,18160,17912,36072,248,1,28,금
2022-01-28,5호선,군자(능동),11132,11848,22980,-716,1,28,금
2022-01-28,5호선,아차산(어린이대공원후문),13637,13166,26803,471,1,28,금
2022-01-28,5호선,광나루(장신대),12503,11198,23701,1305,1,28,금
2022-01-28,5호선,천호(풍납토성),18597,18302,36899,295,1,28,금
2022-01-28,5호선,강동,18233,16969,35202,1264,1,28,금
2022-01-28,5호선,길동,8131,8569,16700,-438,1,28,금
2022-01-28,5호선,굽은다리(강동구민회관앞),9508,9046,18554,462,1,28,금
2022-01-28,5호선,명일,8297,8771,17068,-474,1,28,금
2022-01-28,5호선,고덕,9188,9305,18493,-117,1,28,금
2022-01-28,5호선,상일동,14891,13553,28444,1338,1,28,금
2022-01-28,5호선,둔촌동,8260,8203,16463,57,1,28,금
2022-01-28,5호선,올림픽공원(한국체대),4099,3638,7737,461,1,28,금
2022-01-28,5호선,방이,7121,7402,14523,-281,1,28,금
2022-01-28,5호선,오금,3524,3530,7054,-6,1,28,금
2022-01-28,5호선,개롱,6234,6498,12732,-264,1,28,금
2022-01-28,5호선,거여,9109,8344,17453,765,1,28,금
2022-01-28,5호선,마천,6684,6606,13290,78,1,28,금
2022-01-28,5호선,강일,3760,3529,7289,231,1,28,금
2022-01-28,5호선,미사,15477,15337,30814,140,1,28,금
2022-01-28,5호선,하남풍산,4045,4192,8237,-147,1,28,금
2022-01-28,5호선,하남시청(덕풍·신장),6326,6202,12528,124,1,28,금
2022-01-28,5호선,하남검단산,5307,5176,10483,131,1,28,금
2022-01-28,6호선,응암,17221,17010,34231,211,1,28,금
2022-01-28,6호선,역촌,3864,4559,8423,-695,1,28,금
2022-01-28,6호선,불광,4230,4051,8281,179,1,28,금
2022-01-28,6호선,독바위,2587,2692,5279,-105,1,28,금
2022-01-28,6호선,연신내,2,0,2,2,1,28,금
2022-01-28,6호선,구산,7337,5482,12819,1855,1,28,금
2022-01-28,6호선,새절(신사),12204,11182,23386,1022,1,28,금
2022-01-28,6호선,증산(명지대앞),9862,9695,19557,167,1,28,금
2022-01-28,6호선,디지털미디어시티,12635,13959,26594,-1324,1,28,금
2022-01-28,6호선,월드컵경기장(성산),4050,4211,8261,-161,1,28,금
2022-01-28,6호선,마포구청,14204,12604,26808,1600,1,28,금
2022-01-28,6호선,망원,14868,15716,30584,-848,1,28,금
2022-01-28,6호선,합정,13100,12760,25860,340,1,28,금
2022-01-28,6호선,상수,8568,9518,18086,-950,1,28,금
2022-01-28,6호선,광흥창(서강),8796,8527,17323,269,1,28,금
2022-01-28,6호선,대흥(서강대앞),7755,7811,15566,-56,1,28,금
2022-01-28,6호선,공덕,17952,17403,35355,549,1,28,금
2022-01-28,6호선,효창공원앞,6774,6205,12979,569,1,28,금
2022-01-28,6호선,삼각지,5957,5336,11293,621,1,28,금
2022-01-28,6호선,녹사평(용산구청),4608,4642,9250,-34,1,28,금
2022-01-28,6호선,이태원,9978,10307,20285,-329,1,28,금
2022-01-28,6호선,한강진,9338,10577,19915,-1239,1,28,금
2022-01-28,6호선,버티고개,1919,2006,3925,-87,1,28,금
2022-01-28,6호선,약수,3433,3537,6970,-104,1,28,금
2022-01-28,6호선,청구,3688,3814,7502,-126,1,28,금
2022-01-28,6호선,신당,8306,7890,16196,416,1,28,금
2022-01-28,6호선,동묘앞,7675,7443,15118,232,1,28,금
2022-01-28,6호선,창신,3269,2537,5806,732,1,28,금
2022-01-28,6호선,보문,7234,6354,13588,880,1,28,금
2022-01-28,6호선,안암(고대병원앞),9465,8792,18257,673,1,28,금
2022-01-28,6호선,고려대(종암),7445,7046,14491,399,1,28,금
2022-01-28,6호선,월곡(동덕여대),11497,11124,22621,373,1,28,금
2022-01-28,6호선,상월곡(한국과학기술연구원),6062,5270,11332,792,1,28,금
2022-01-28,6호선,돌곶이,9035,8235,17270,800,1,28,금
2022-01-28,6호선,석계,11795,12001,23796,-206,1,28,금
2022-01-28,6호선,태릉입구,5392,5728,11120,-336,1,28,금
2022-01-28,6호선,화랑대(서울여대입구),10999,8621,19620,2378,1,28,금
2022-01-28,6호선,봉화산(서울의료원),8541,8169,16710,372,1,28,금
2022-01-28,7호선,장암,2048,793,2841,1255,1,28,금
2022-01-28,7호선,도봉산,8289,9556,17845,-1267,1,28,금
2022-01-28,7호선,수락산,12217,12018,24235,199,1,28,금
2022-01-28,7호선,마들,12700,12123,24823,577,1,28,금
2022-01-28,7호선,노원,20369,20982,41351,-613,1,28,금
2022-01-28,7호선,중계,13468,12181,25649,1287,1,28,금
2022-01-28,7호선,하계,16965,15709,32674,1256,1,28,금
2022-01-28,7호선,공릉(서울과학기술대),11508,11079,22587,429,1,28,금
2022-01-28,7호선,태릉입구,8272,7710,15982,562,1,28,금
2022-01-28,7호선,먹골,10278,9902,20180,376,1,28,금
2022-01-28,7호선,중화,10634,10251,20885,383,1,28,금
2022-01-28,7호선,상봉(시외버스터미널),16895,16219,33114,676,1,28,금
2022-01-28,7호선,면목,15221,14867,30088,354,1,28,금
2022-01-28,7호선,사가정,15749,15648,31397,101,1,28,금
2022-01-28,7호선,용마산(용마폭포공원),5869,5523,11392,346,1,28,금
2022-01-28,7호선,중곡,10736,10036,20772,700,1,28,금
2022-01-28,7호선,군자(능동),15079,11620,26699,3459,1,28,금
2022-01-28,7호선,어린이대공원(세종대),11957,11492,23449,465,1,28,금
2022-01-28,7호선,건대입구,12273,12476,24749,-203,1,28,금
2022-01-28,7호선,뚝섬유원지,7339,7148,14487,191,1,28,금
2022-01-28,7호선,청담,18623,20942,39565,-2319,1,28,금
2022-01-28,7호선,강남구청,16463,17748,34211,-1285,1,28,금
2022-01-28,7호선,학동,23321,24666,47987,-1345,1,28,금
2022-01-28,7호선,논현,20200,22172,42372,-1972,1,28,금
2022-01-28,7호선,반포,6009,5692,11701,317,1,28,금
2022-01-28,7호선,고속터미널,15461,16157,31618,-696,1,28,금
2022-01-28,7호선,내방,14421,14772,29193,-351,1,28,금
2022-01-28,7호선,이수,15999,15043,31042,956,1,28,금
2022-01-28,7호선,남성,11032,9954,20986,1078,1,28,금
2022-01-28,7호선,숭실대입구(살피재),11280,11075,22355,205,1,28,금
2022-01-28,7호선,상도,10786,9855,20641,931,1,28,금
2022-01-28,7호선,장승배기,9201,8837,18038,364,1,28,금
2022-01-28,7호선,신대방삼거리,16812,15445,32257,1367,1,28,금
2022-01-28,7호선,보라매,9472,9139,18611,333,1,28,금
2022-01-28,7호선,신풍,11342,10631,21973,711,1,28,금
2022-01-28,7호선,대림(구로구청),8708,8803,17511,-95,1,28,금
2022-01-28,7호선,남구로,15771,16295,32066,-524,1,28,금
2022-01-28,7호선,가산디지털단지,43662,42765,86427,897,1,28,금
2022-01-28,7호선,철산,21031,21446,42477,-415,1,28,금
2022-01-28,7호선,광명사거리,22456,22506,44962,-50,1,28,금
2022-01-28,7호선,천왕,11146,10453,21599,693,1,28,금
2022-01-28,7호선,온수(성공회대입구),9647,8757,18404,890,1,28,금
2022-01-28,8호선,암사,18613,16450,35063,2163,1,28,금
2022-01-28,8호선,천호(풍납토성),15163,17407,32570,-2244,1,28,금
2022-01-28,8호선,강동구청,10652,11089,21741,-437,1,28,금
2022-01-28,8호선,몽촌토성(평화의문),5942,5953,11895,-11,1,28,금
2022-01-28,8호선,잠실(송파구청),14240,16430,30670,-2190,1,28,금
2022-01-28,8호선,석촌,7906,9082,16988,-1176,1,28,금
2022-01-28,8호선,송파,7302,7469,14771,-167,1,28,금
2022-01-28,8호선,가락시장,8129,9170,17299,-1041,1,28,금
2022-01-28,8호선,문정,20803,21816,42619,-1013,1,28,금
2022-01-28,8호선,장지,16579,15660,32239,919,1,28,금
2022-01-28,8호선,복정,8987,7550,16537,1437,1,28,금
2022-01-28,8호선,산성,5094,5011,10105,83,1,28,금
2022-01-28,8호선,남한산성입구(성남법원.검찰청),12969,11556,24525,1413,1,28,금
2022-01-28,8호선,단대오거리,10329,9857,20186,472,1,28,금
2022-01-28,8호선,신흥,4116,4609,8725,-493,1,28,금
2022-01-28,8호선,수진,5297,4746,10043,551,1,28,금
2022-01-28,8호선,모란,4230,3312,7542,918,1,28,금
2022-01-28,8호선,남위례,3652,3905,7557,-253,1,28,금
2022-01-28,9호선,개화,2336,1671,4007,665,1,28,금
2022-01-28,9호선,김포공항,7775,14698,22473,-6923,1,28,금
2022-01-28,9호선,공항시장,2976,3116,6092,-140,1,28,금
2022-01-28,9호선,신방화,6763,6483,13246,280,1,28,금
2022-01-28,9호선,마곡나루(서울식물원),11509,11079,22588,430,1,28,금
2022-01-28,9호선,양천향교,9206,9052,18258,154,1,28,금
2022-01-28,9호선,가양,20330,19310,39640,1020,1,28,금
2022-01-28,9호선,증미,7652,7392,15044,260,1,28,금
2022-01-28,9호선,등촌,11821,11344,23165,477,1,28,금
2022-01-28,9호선,염창,17140,16096,33236,1044,1,28,금
2022-01-28,9호선,신목동,3996,3440,7436,556,1,28,금
2022-01-28,9호선,선유도,8444,7917,16361,527,1,28,금
2022-01-28,9호선,당산,18067,17592,35659,475,1,28,금
2022-01-28,9호선,국회의사당,15388,15506,30894,-118,1,28,금
2022-01-28,9호선,여의도,27794,25194,52988,2600,1,28,금
2022-01-28,9호선,샛강,5589,5700,11289,-111,1,28,금
2022-01-28,9호선,노량진,27022,25165,52187,1857,1,28,금
2022-01-28,9호선,노들,4509,3636,8145,873,1,28,금
2022-01-28,9호선,흑석(중앙대입구),7974,8125,16099,-151,1,28,금
2022-01-28,9호선,동작(현충원),2362,1890,4252,472,1,28,금
2022-01-28,9호선,구반포,1404,1461,2865,-57,1,28,금
2022-01-28,9호선,신반포,2944,3000,5944,-56,1,28,금
2022-01-28,9호선,고속터미널,12310,23067,35377,-10757,1,28,금
2022-01-28,9호선,사평,3598,3381,6979,217,1,28,금
2022-01-28,9호선,신논현,33427,33100,66527,327,1,28,금
2022-01-28,9호선2~3단계,언주,10936,10617,21553,319,1,28,금
2022-01-28,9호선2~3단계,선정릉,9423,9951,19374,-528,1,28,금
2022-01-28,9호선2~3단계,삼성중앙,6723,6909,13632,-186,1,28,금
2022-01-28,9호선2~3단계,봉은사,15035,14952,29987,83,1,28,금
2022-01-28,9호선2~3단계,종합운동장,4256,4142,8398,114,1,28,금
2022-01-28,9호선2~3단계,삼전,7096,6634,13730,462,1,28,금
2022-01-28,9호선2~3단계,석촌고분,6278,6052,12330,226,1,28,금
2022-01-28,9호선2~3단계,석촌,8614,7342,15956,1272,1,28,금
2022-01-28,9호선2~3단계,송파나루,5214,5350,10564,-136,1,28,금
2022-01-28,9호선2~3단계,한성백제,2477,2227,4704,250,1,28,금
2022-01-28,9호선2~3단계,올림픽공원(한국체대),6638,6436,13074,202,1,28,금
2022-01-28,9호선2~3단계,둔촌오륜,830,826,1656,4,1,28,금
2022-01-28,9호선2~3단계,중앙보훈병원,9958,8790,18748,1168,1,28,금
2022-01-28,경강선,판교,4547,4560,9107,-13,1,28,금
2022-01-28,경강선,이매,1050,844,1894,206,1,28,금
2022-01-28,경강선,삼동,2337,2160,4497,177,1,28,금
2022-01-28,경강선,경기광주,7349,7113,14462,236,1,28,금
2022-01-28,경강선,초월,2965,2690,5655,275,1,28,금
2022-01-28,경강선,곤지암,2271,2152,4423,119,1,28,금
2022-01-28,경강선,신둔도예촌,1299,1239,2538,60,1,28,금
2022-01-28,경강선,이천,2578,2792,5370,-214,1,28,금
2022-01-28,경강선,부발,2743,1884,4627,859,1,28,금
2022-01-28,경강선,세종대왕릉,281,298,579,-17,1,28,금
2022-01-28,경강선,여주,1860,2058,3918,-198,1,28,금
2022-01-28,경부선,서울역,4562,2068,6630,2494,1,28,금
2022-01-28,경부선,남영,8510,8908,17418,-398,1,28,금
2022-01-28,경부선,용산,30750,33735,64485,-2985,1,28,금
2022-01-28,경부선,노량진,8329,8204,16533,125,1,28,금
2022-01-28,경부선,대방,12361,12541,24902,-180,1,28,금
2022-01-28,경부선,영등포,38669,40119,78788,-1450,1,28,금
2022-01-28,경부선,신도림,4127,3732,7859,395,1,28,금
2022-01-28,경부선,신길,8353,6895,15248,1458,1,28,금
2022-01-28,경부선,구로,17658,17926,35584,-268,1,28,금
2022-01-28,경부선,가산디지털단지,16836,19496,36332,-2660,1,28,금
2022-01-28,경부선,금천구청,11279,11395,22674,-116,1,28,금
2022-01-28,경부선,석수,9309,8167,17476,1142,1,28,금
2022-01-28,경부선,관악,6787,6266,13053,521,1,28,금
2022-01-28,경부선,안양,20376,20868,41244,-492,1,28,금
2022-01-28,경부선,명학,8096,7969,16065,127,1,28,금
2022-01-28,경부선,금정,25069,25594,50663,-525,1,28,금
2022-01-28,경부선,군포,7457,7413,14870,44,1,28,금
2022-01-28,경부선,의왕,8466,8174,16640,292,1,28,금
2022-01-28,경부선,성균관대,13337,12836,26173,501,1,28,금
2022-01-28,경부선,화서,7121,7035,14156,86,1,28,금
2022-01-28,경부선,수원,32851,36601,69452,-3750,1,28,금
2022-01-28,경부선,독산,18108,18554,36662,-446,1,28,금
2022-01-28,경부선,세류,2838,2885,5723,-47,1,28,금
2022-01-28,경부선,병점,13961,13337,27298,624,1,28,금
2022-01-28,경부선,세마,2712,2522,5234,190,1,28,금
2022-01-28,경부선,오산대,3211,2929,6140,282,1,28,금
2022-01-28,경부선,오산,10193,10098,20291,95,1,28,금
2022-01-28,경부선,진위,1660,1358,3018,302,1,28,금
2022-01-28,경부선,송탄,4266,3758,8024,508,1,28,금
2022-01-28,경부선,서정리,7214,5567,12781,1647,1,28,금
2022-01-28,경부선,평택지제,3361,2922,6283,439,1,28,금
2022-01-28,경부선,평택,12252,11335,23587,917,1,28,금
2022-01-28,경부선,성환,2908,2752,5660,156,1,28,금
2022-01-28,경부선,직산,745,685,1430,60,1,28,금
2022-01-28,경부선,두정,5110,5154,10264,-44,1,28,금
2022-01-28,경부선,천안,5079,5639,10718,-560,1,28,금
2022-01-28,경부선,당정,5828,5490,11318,338,1,28,금
2022-01-28,경부선,서동탄,1306,1202,2508,104,1,28,금
2022-01-28,경부선,광명,2884,2984,5868,-100,1,28,금
2022-01-28,경원선,이촌(국립중앙박물관),3555,2856,6411,699,1,28,금
2022-01-28,경원선,서빙고,2013,1856,3869,157,1,28,금
2022-01-28,경원선,한남,4120,3797,7917,323,1,28,금
2022-01-28,경원선,옥수,43,24,67,19,1,28,금
2022-01-28,경원선,응봉,1836,1540,3376,296,1,28,금
2022-01-28,경원선,왕십리(성동구청),14105,15618,29723,-1513,1,28,금
2022-01-28,경원선,청량리(서울시립대입구),14702,15653,30355,-951,1,28,금
2022-01-28,경원선,외대앞,6948,6652,13600,296,1,28,금
2022-01-28,경원선,신이문,8337,7681,16018,656,1,28,금
2022-01-28,경원선,석계,7914,8771,16685,-857,1,28,금
2022-01-28,경원선,월계,6145,5776,11921,369,1,28,금
2022-01-28,경원선,녹천,4449,3719,8168,730,1,28,금
2022-01-28,경원선,방학,9384,9233,18617,151,1,28,금
2022-01-28,경원선,도봉,5930,5550,11480,380,1,28,금
2022-01-28,경원선,도봉산,6856,4420,11276,2436,1,28,금
2022-01-28,경원선,망월사,6933,7063,13996,-130,1,28,금
2022-01-28,경원선,회룡,11989,11752,23741,237,1,28,금
2022-01-28,경원선,의정부,18008,18861,36869,-853,1,28,금
2022-01-28,경원선,가능,6240,5962,12202,278,1,28,금
2022-01-28,경원선,녹양,4281,4043,8324,238,1,28,금
2022-01-28,경원선,양주,7104,6804,13908,300,1,28,금
2022-01-28,경원선,덕계,2756,2445,5201,311,1,28,금
2022-01-28,경원선,덕정,4875,4629,9504,246,1,28,금
2022-01-28,경원선,지행,5843,5923,11766,-80,1,28,금
2022-01-28,경원선,동두천중앙,2845,2822,5667,23,1,28,금
2022-01-28,경원선,보산,1430,1187,2617,243,1,28,금
2022-01-28,경원선,동두천,1875,2057,3932,-182,1,28,금
2022-01-28,경원선,소요산,2089,1857,3946,232,1,28,금
2022-01-28,경의선,서울역,3560,4869,8429,-1309,1,28,금
2022-01-28,경의선,신촌,751,915,1666,-164,1,28,금
2022-01-28,경의선,효창공원앞,2765,3155,5920,-390,1,28,금
2022-01-28,경의선,공덕,3456,2989,6445,467,1,28,금
2022-01-28,경의선,서강대,2047,1928,3975,119,1,28,금
2022-01-28,경의선,홍대입구,1587,1790,3377,-203,1,28,금
2022-01-28,경의선,가좌,5206,4933,10139,273,1,28,금
2022-01-28,경의선,디지털미디어시티,2451,2144,4595,307,1,28,금
2022-01-28,경의선,수색,2523,2481,5004,42,1,28,금
2022-01-28,경의선,화전,1365,1198,2563,167,1,28,금
2022-01-28,경의선,강매,3010,2621,5631,389,1,28,금
2022-01-28,경의선,행신,7334,7235,14569,99,1,28,금
2022-01-28,경의선,능곡,3515,3255,6770,260,1,28,금
2022-01-28,경의선,곡산,547,550,1097,-3,1,28,금
2022-01-28,경의선,백마,6412,6217,12629,195,1,28,금
2022-01-28,경의선,풍산,5212,5146,10358,66,1,28,금
2022-01-28,경의선,일산,9633,9854,19487,-221,1,28,금
2022-01-28,경의선,탄현,7157,7065,14222,92,1,28,금
2022-01-28,경의선,야당,7262,7153,14415,109,1,28,금
2022-01-28,경의선,운정,6452,6096,12548,356,1,28,금
2022-01-28,경의선,금릉,4507,4300,8807,207,1,28,금
2022-01-28,경의선,금촌,6169,6164,12333,5,1,28,금
2022-01-28,경의선,월롱,3192,1931,5123,1261,1,28,금
2022-01-28,경의선,파주,889,647,1536,242,1,28,금
2022-01-28,경의선,문산,4820,4589,9409,231,1,28,금
2022-01-28,경의선,임진강,6,4,10,2,1,28,금
2022-01-28,경인선,개봉,20350,20338,40688,12,1,28,금
2022-01-28,경인선,오류동,11515,10690,22205,825,1,28,금
2022-01-28,경인선,역곡,25609,25417,51026,192,1,28,금
2022-01-28,경인선,부천,32323,32978,65301,-655,1,28,금
2022-01-28,경인선,송내,24886,24912,49798,-26,1,28,금
2022-01-28,경인선,부평,28947,31459,60406,-2512,1,28,금
2022-01-28,경인선,백운,6436,6360,12796,76,1,28,금
2022-01-28,경인선,동암,14056,14677,28733,-621,1,28,금
2022-01-28,경인선,주안,17671,15997,33668,1674,1,28,금
2022-01-28,경인선,제물포,9684,9257,18941,427,1,28,금
2022-01-28,경인선,동인천,12970,12438,25408,532,1,28,금
2022-01-28,경인선,인천,3013,2323,5336,690,1,28,금
2022-01-28,경인선,구일,5718,5739,11457,-21,1,28,금
2022-01-28,경인선,소사,7864,7637,15501,227,1,28,금
2022-01-28,경인선,부개,7984,7535,15519,449,1,28,금
2022-01-28,경인선,간석,5653,5308,10961,345,1,28,금
2022-01-28,경인선,도원,2350,2397,4747,-47,1,28,금
2022-01-28,경인선,온수(성공회대입구),6136,5832,11968,304,1,28,금
2022-01-28,경인선,중동,8998,8650,17648,348,1,28,금
2022-01-28,경인선,도화,4059,3746,7805,313,1,28,금
2022-01-28,경춘선,신내,1800,1661,3461,139,1,28,금
2022-01-28,경춘선,갈매,2813,2514,5327,299,1,28,금
2022-01-28,경춘선,별내,3163,2951,6114,212,1,28,금
2022-01-28,경춘선,퇴계원,3478,3204,6682,274,1,28,금
2022-01-28,경춘선,사릉,2939,2807,5746,132,1,28,금
2022-01-28,경춘선,금곡,1358,1296,2654,62,1,28,금
2022-01-28,경춘선,평내호평,5873,5751,11624,122,1,28,금
2022-01-28,경춘선,천마산,1498,1406,2904,92,1,28,금
2022-01-28,경춘선,마석,3729,3767,7496,-38,1,28,금
2022-01-28,경춘선,대성리,381,398,779,-17,1,28,금
2022-01-28,경춘선,청평,1483,1479,2962,4,1,28,금
2022-01-28,경춘선,상천,223,198,421,25,1,28,금
2022-01-28,경춘선,가평,1506,1530,3036,-24,1,28,금
2022-01-28,경춘선,굴봉산,132,156,288,-24,1,28,금
2022-01-28,경춘선,백양리,321,282,603,39,1,28,금
2022-01-28,경춘선,강촌,321,300,621,21,1,28,금
2022-01-28,경춘선,김유정,216,237,453,-21,1,28,금
2022-01-28,경춘선,남춘천,2320,2461,4781,-141,1,28,금
2022-01-28,경춘선,춘천,1161,1097,2258,64,1,28,금
2022-01-28,공항철도 1호선,서울역,6656,6664,13320,-8,1,28,금
2022-01-28,공항철도 1호선,공덕,2262,2846,5108,-584,1,28,금
2022-01-28,공항철도 1호선,홍대입구,9662,9741,19403,-79,1,28,금
2022-01-28,공항철도 1호선,디지털미디어시티,13297,11692,24989,1605,1,28,금
2022-01-28,공항철도 1호선,마곡나루(서울식물원),7345,6800,14145,545,1,28,금
2022-01-28,공항철도 1호선,김포공항,13464,7853,21317,5611,1,28,금
2022-01-28,공항철도 1호선,계양,9470,8894,18364,576,1,28,금
2022-01-28,공항철도 1호선,검암,6391,6254,12645,137,1,28,금
2022-01-28,공항철도 1호선,청라국제도시,6397,5974,12371,423,1,28,금
2022-01-28,공항철도 1호선,운서,6368,6079,12447,289,1,28,금
2022-01-28,공항철도 1호선,공항화물청사,2315,2398,4713,-83,1,28,금
2022-01-28,공항철도 1호선,인천공항1터미널,3336,3767,7103,-431,1,28,금
2022-01-28,공항철도 1호선,인천공항2터미널,2042,1908,3950,134,1,28,금
2022-01-28,공항철도 1호선,영종,2830,2919,5749,-89,1,28,금
2022-01-28,과천선,선바위,7805,6803,14608,1002,1,28,금
2022-01-28,과천선,경마공원,5801,5871,11672,-70,1,28,금
2022-01-28,과천선,대공원,2075,2194,4269,-119,1,28,금
2022-01-28,과천선,과천,5911,5649,11560,262,1,28,금
2022-01-28,과천선,정부과천청사,9833,9722,19555,111,1,28,금
2022-01-28,과천선,인덕원,22741,23648,46389,-907,1,28,금
2022-01-28,과천선,평촌,16810,16488,33298,322,1,28,금
2022-01-28,과천선,범계,25320,25307,50627,13,1,28,금
2022-01-28,분당선,선릉,12474,18571,31045,-6097,1,28,금
2022-01-28,분당선,한티,15454,16412,31866,-958,1,28,금
2022-01-28,분당선,도곡,6932,6904,13836,28,1,28,금
2022-01-28,분당선,구룡,1596,1559,3155,37,1,28,금
2022-01-28,분당선,개포동,3623,3836,7459,-213,1,28,금
2022-01-28,분당선,대모산입구,4338,4046,8384,292,1,28,금
2022-01-28,분당선,수서,11246,12478,23724,-1232,1,28,금
2022-01-28,분당선,복정,1,0,1,1,1,28,금
2022-01-28,분당선,수원,8135,6957,15092,1178,1,28,금
2022-01-28,분당선,서울숲,10046,10011,20057,35,1,28,금
2022-01-28,분당선,압구정로데오,21081,22941,44022,-1860,1,28,금
2022-01-28,분당선,강남구청,10420,11634,22054,-1214,1,28,금
2022-01-28,분당선,선정릉,7786,8115,15901,-329,1,28,금
2022-01-28,분당선,가천대,5863,6445,12308,-582,1,28,금
2022-01-28,분당선,태평,13802,13212,27014,590,1,28,금
2022-01-28,분당선,모란,19922,20163,40085,-241,1,28,금
2022-01-28,분당선,야탑,25771,27811,53582,-2040,1,28,금
2022-01-28,분당선,서현,25986,21487,47473,4499,1,28,금
2022-01-28,분당선,수내,13423,13509,26932,-86,1,28,금
2022-01-28,분당선,정자,17280,18346,35626,-1066,1,28,금
2022-01-28,분당선,미금,15482,16339,31821,-857,1,28,금
2022-01-28,분당선,오리,11654,9676,21330,1978,1,28,금
2022-01-28,분당선,이매,5340,5187,10527,153,1,28,금
2022-01-28,분당선,보정,2338,2060,4398,278,1,28,금
2022-01-28,분당선,죽전,13203,14075,27278,-872,1,28,금
2022-01-28,분당선,구성,4807,5039,9846,-232,1,28,금
2022-01-28,분당선,신갈,4258,4234,8492,24,1,28,금
2022-01-28,분당선,기흥,9060,8783,17843,277,1,28,금
2022-01-28,분당선,상갈,5245,4925,10170,320,1,28,금
2022-01-28,분당선,청명,3985,3901,7886,84,1,28,금
2022-01-28,분당선,영통,8600,8530,17130,70,1,28,금
2022-01-28,분당선,망포,15050,13352,28402,1698,1,28,금
2022-01-28,분당선,매탄권선,5122,4525,9647,597,1,28,금
2022-01-28,분당선,수원시청,12866,14001,26867,-1135,1,28,금
2022-01-28,분당선,매교,2520,2573,5093,-53,1,28,금
2022-01-28,수인선,고색,4307,4089,8396,218,1,28,금
2022-01-28,수인선,오목천,2691,2451,5142,240,1,28,금
2022-01-28,수인선,어천,767,639,1406,128,1,28,금
2022-01-28,수인선,야목,292,241,533,51,1,28,금
2022-01-28,수인선,사리,4136,3728,7864,408,1,28,금
2022-01-28,수인선,달월,104,50,154,54,1,28,금
2022-01-28,수인선,월곶,2424,2263,4687,161,1,28,금
2022-01-28,수인선,소래포구,4447,4273,8720,174,1,28,금
2022-01-28,수인선,인천논현,5073,5623,10696,-550,1,28,금
2022-01-28,수인선,호구포,3902,3957,7859,-55,1,28,금
2022-01-28,수인선,남동인더스파크,2254,2544,4798,-290,1,28,금
2022-01-29,수인선,신포,1184,1231,2415,-47,1,29,토
2022-01-29,과천선,선바위,3916,3525,7441,391,1,29,토
2022-01-29,공항철도 1호선,김포공항,10886,6290,17176,4596,1,29,토
2022-01-29,공항철도 1호선,마곡나루(서울식물원),2126,2149,4275,-23,1,29,토
2022-01-29,공항철도 1호선,디지털미디어시티,3834,3231,7065,603,1,29,토
2022-01-29,공항철도 1호선,홍대입구,9117,8551,17668,566,1,29,토
2022-01-29,공항철도 1호선,공덕,1173,1543,2716,-370,1,29,토
2022-01-29,공항철도 1호선,서울역,4540,5493,10033,-953,1,29,토
2022-01-29,경춘선,춘천,1016,1201,2217,-185,1,29,토
2022-01-29,경춘선,남춘천,1904,2318,4222,-414,1,29,토
2022-01-29,경춘선,김유정,226,301,527,-75,1,29,토
2022-01-29,경춘선,강촌,453,396,849,57,1,29,토
2022-01-29,경춘선,백양리,329,270,599,59,1,29,토
2022-01-29,경춘선,굴봉산,137,205,342,-68,1,29,토
2022-01-29,경춘선,가평,1204,1523,2727,-319,1,29,토
2022-01-29,경춘선,상천,191,174,365,17,1,29,토
2022-01-29,경춘선,청평,1148,1361,2509,-213,1,29,토
2022-01-29,경춘선,대성리,352,403,755,-51,1,29,토
2022-01-29,경춘선,마석,2378,2398,4776,-20,1,29,토
2022-01-29,경춘선,천마산,1096,1124,2220,-28,1,29,토
2022-01-29,중앙선,오빈,162,175,337,-13,1,29,토
2022-01-29,경춘선,평내호평,3569,3483,7052,86,1,29,토
2022-01-29,경춘선,금곡,912,859,1771,53,1,29,토
2022-01-29,경춘선,사릉,1780,1731,3511,49,1,29,토
2022-01-29,경춘선,퇴계원,2098,1937,4035,161,1,29,토
2022-01-29,경춘선,별내,1903,1755,3658,148,1,29,토
2022-01-29,경춘선,갈매,1530,1290,2820,240,1,29,토
2022-01-29,경춘선,신내,877,770,1647,107,1,29,토
2022-01-29,경인선,도화,2533,2379,4912,154,1,29,토
2022-01-29,경인선,중동,5323,5174,10497,149,1,29,토
2022-01-29,경인선,온수(성공회대입구),3761,3537,7298,224,1,29,토
2022-01-29,경인선,도원,1443,1545,2988,-102,1,29,토
2022-01-29,경인선,간석,3502,3368,6870,134,1,29,토
2022-01-29,경인선,부개,5073,4924,9997,149,1,29,토
2022-01-29,경인선,소사,5110,5061,10171,49,1,29,토
2022-01-29,경인선,구일,3319,3113,6432,206,1,29,토
2022-01-29,경인선,인천,2766,2429,5195,337,1,29,토
2022-01-29,경인선,동인천,9425,9515,18940,-90,1,29,토
2022-01-29,경인선,제물포,5858,5537,11395,321,1,29,토
2022-01-29,경인선,주안,12287,10823,23110,1464,1,29,토
2022-01-29,경인선,동암,9897,10473,20370,-576,1,29,토
2022-01-29,경인선,백운,4226,4276,8502,-50,1,29,토
2022-01-29,경인선,부평,23767,26209,49976,-2442,1,29,토
2022-01-29,경인선,송내,13662,13793,27455,-131,1,29,토
2022-01-29,경인선,부천,24115,24476,48591,-361,1,29,토
2022-01-29,경인선,역곡,16090,16015,32105,75,1,29,토
2022-01-29,경인선,오류동,7220,6401,13621,819,1,29,토
2022-01-29,경인선,개봉,12979,12690,25669,289,1,29,토
2022-01-29,경의선,임진강,54,56,110,-2,1,29,토
2022-01-29,경의선,문산,3969,4035,8004,-66,1,29,토
2022-01-29,경의선,파주,654,488,1142,166,1,29,토
2022-01-29,경의선,월롱,1208,967,2175,241,1,29,토
2022-01-29,경의선,금촌,4738,4627,9365,111,1,29,토
2022-01-29,경의선,금릉,3043,3018,6061,25,1,29,토
2022-01-29,경의선,운정,3862,3747,7609,115,1,29,토
2022-01-29,경의선,야당,4907,4776,9683,131,1,29,토
2022-01-29,경의선,탄현,4158,4188,8346,-30,1,29,토
2022-01-29,경의선,일산,4960,4851,9811,109,1,29,토
2022-01-29,경의선,풍산,3542,3418,6960,124,1,29,토
2022-01-29,경의선,백마,3395,3264,6659,131,1,29,토
2022-01-29,경의선,곡산,316,302,618,14,1,29,토
2022-01-29,경의선,능곡,2190,2082,4272,108,1,29,토
2022-01-29,경의선,행신,3967,4047,8014,-80,1,29,토
2022-01-29,경의선,강매,1626,1553,3179,73,1,29,토
2022-01-29,경의선,화전,683,625,1308,58,1,29,토
2022-01-29,경의선,수색,925,943,1868,-18,1,29,토
2022-01-29,경의선,디지털미디어시티,1410,1268,2678,142,1,29,토
2022-01-29,경의선,가좌,3042,2887,5929,155,1,29,토
2022-01-29,경의선,홍대입구,1429,1673,3102,-244,1,29,토
2022-01-29,경의선,서강대,1319,1164,2483,155,1,29,토
2022-01-29,경의선,공덕,1888,1394,3282,494,1,29,토
2022-01-29,경의선,효창공원앞,1364,1432,2796,-68,1,29,토
2022-01-29,경의선,신촌,277,269,546,8,1,29,토
2022-01-29,경의선,서울역,820,991,1811,-171,1,29,토
2022-01-29,경원선,소요산,2278,2128,4406,150,1,29,토
2022-01-29,경원선,동두천,1314,1595,2909,-281,1,29,토
2022-01-29,경원선,보산,980,977,1957,3,1,29,토
2022-01-29,경원선,동두천중앙,2127,2192,4319,-65,1,29,토
2022-01-29,경원선,지행,4337,4428,8765,-91,1,29,토
2022-01-29,경원선,덕정,3572,3349,6921,223,1,29,토
2022-01-29,경원선,덕계,1845,1618,3463,227,1,29,토
2022-01-29,경원선,양주,4916,4873,9789,43,1,29,토
2022-01-29,경원선,녹양,2848,2839,5687,9,1,29,토
2022-01-29,경원선,가능,4171,4106,8277,65,1,29,토
2022-01-29,경원선,의정부,15236,15835,31071,-599,1,29,토
2022-01-29,경원선,회룡,7890,7996,15886,-106,1,29,토
2022-01-29,경원선,망월사,4728,4871,9599,-143,1,29,토
2022-01-29,경원선,도봉산,6656,4488,11144,2168,1,29,토
2022-01-29,경원선,도봉,3860,3699,7559,161,1,29,토
2022-01-29,경원선,방학,6292,5956,12248,336,1,29,토
2022-01-29,경원선,녹천,2715,2237,4952,478,1,29,토
2022-01-29,경원선,월계,4007,3675,7682,332,1,29,토
2022-01-29,경원선,광운대,4388,4219,8607,169,1,29,토
2022-01-29,경원선,석계,5552,5691,11243,-139,1,29,토
2022-01-29,경원선,신이문,5215,4792,10007,423,1,29,토
2022-01-29,경원선,외대앞,4751,4317,9068,434,1,29,토
2022-01-29,경원선,청량리(서울시립대입구),11841,12938,24779,-1097,1,29,토
2022-01-29,경원선,왕십리(성동구청),9518,10254,19772,-736,1,29,토
2022-01-29,경원선,응봉,1102,947,2049,155,1,29,토
2022-01-29,경원선,옥수,26,28,54,-2,1,29,토
2022-01-29,경원선,한남,2218,2101,4319,117,1,29,토
2022-01-29,경원선,서빙고,1139,1190,2329,-51,1,29,토
2022-01-29,경원선,이촌(국립중앙박물관),2293,1769,4062,524,1,29,토
2022-01-29,경부선,광명,1651,1830,3481,-179,1,29,토
2022-01-29,경부선,서동탄,652,710,1362,-58,1,29,토
2022-01-29,경부선,당정,3052,2972,6024,80,1,29,토
2022-01-29,경부선,천안,4710,5864,10574,-1154,1,29,토
2022-01-29,경부선,두정,3943,4023,7966,-80,1,29,토
2022-01-29,경부선,직산,543,505,1048,38,1,29,토
2022-01-29,경부선,성환,2272,2161,4433,111,1,29,토
2022-01-29,경부선,평택,10354,10523,20877,-169,1,29,토
2022-01-29,경부선,평택지제,1808,1935,3743,-127,1,29,토
2022-01-29,경부선,서정리,4574,4091,8665,483,1,29,토
2022-01-29,경부선,송탄,3474,3081,6555,393,1,29,토
2022-01-29,경부선,진위,775,677,1452,98,1,29,토
2022-01-29,경부선,오산,7642,7463,15105,179,1,29,토
2022-01-29,경부선,오산대,2049,1898,3947,151,1,29,토
2022-01-29,경부선,세마,1638,1473,3111,165,1,29,토
2022-01-29,경부선,병점,9279,9123,18402,156,1,29,토
2022-01-29,경부선,세류,1853,2181,4034,-328,1,29,토
2022-01-29,경부선,독산,7502,7085,14587,417,1,29,토
2022-01-29,경부선,수원,29083,31398,60481,-2315,1,29,토
2022-01-29,경부선,화서,3978,4085,8063,-107,1,29,토
2022-01-29,경부선,성균관대,7900,7524,15424,376,1,29,토
2022-01-29,경부선,의왕,4612,4584,9196,28,1,29,토
2022-01-29,경부선,군포,3318,3053,6371,265,1,29,토
2022-01-29,경부선,금정,14702,14880,29582,-178,1,29,토
2022-01-29,경부선,명학,3568,3452,7020,116,1,29,토
2022-01-29,경부선,안양,14075,13921,27996,154,1,29,토
2022-01-29,경부선,관악,4458,4282,8740,176,1,29,토
2022-01-29,경부선,석수,5063,4818,9881,245,1,29,토
2022-01-29,경부선,금천구청,6479,6598,13077,-119,1,29,토
2022-01-29,경부선,가산디지털단지,4718,5897,10615,-1179,1,29,토
2022-01-29,경부선,구로,9466,9647,19113,-181,1,29,토
2022-01-29,경부선,신길,4664,3627,8291,1037,1,29,토
2022-01-29,경부선,신도림,2314,2052,4366,262,1,29,토
2022-01-29,경부선,영등포,30823,31032,61855,-209,1,29,토
2022-01-29,경부선,대방,6043,5761,11804,282,1,29,토
2022-01-29,경부선,노량진,6845,6221,13066,624,1,29,토
2022-01-29,경부선,용산,23283,28054,51337,-4771,1,29,토
2022-01-29,경부선,남영,4445,4309,8754,136,1,29,토
2022-01-29,경부선,서울역,2853,1536,4389,1317,1,29,토
2022-01-29,경강선,여주,1561,2048,3609,-487,1,29,토
2022-01-29,경강선,세종대왕릉,189,239,428,-50,1,29,토
2022-01-29,경강선,부발,1515,1465,2980,50,1,29,토
2022-01-29,경강선,이천,2198,2371,4569,-173,1,29,토
2022-01-29,경강선,신둔도예촌,869,922,1791,-53,1,29,토
2022-01-29,경강선,곤지암,1664,1619,3283,45,1,29,토
2022-01-29,경강선,초월,1789,1745,3534,44,1,29,토
2022-01-29,경강선,경기광주,4397,4301,8698,96,1,29,토
2022-01-29,경강선,삼동,1229,1187,2416,42,1,29,토
2022-01-29,경강선,이매,742,482,1224,260,1,29,토
2022-01-29,경강선,판교,2664,2415,5079,249,1,29,토
2022-01-29,9호선2~3단계,중앙보훈병원,3365,3136,6501,229,1,29,토
2022-01-29,9호선2~3단계,둔촌오륜,477,461,938,16,1,29,토
2022-01-29,9호선2~3단계,올림픽공원(한국체대),4638,4335,8973,303,1,29,토
2022-01-29,9호선2~3단계,한성백제,1462,1096,2558,366,1,29,토
2022-01-29,9호선2~3단계,송파나루,3460,3455,6915,5,1,29,토
2022-01-29,9호선2~3단계,석촌,5211,4265,9476,946,1,29,토
2022-01-29,9호선2~3단계,석촌고분,3607,3210,6817,397,1,29,토
2022-01-29,9호선2~3단계,삼전,4314,3753,8067,561,1,29,토
2022-01-29,9호선2~3단계,종합운동장,2378,2203,4581,175,1,29,토
2022-01-29,9호선2~3단계,봉은사,7093,7178,14271,-85,1,29,토
2022-01-29,9호선2~3단계,삼성중앙,2348,2275,4623,73,1,29,토
2022-01-29,9호선2~3단계,선정릉,3381,3468,6849,-87,1,29,토
2022-01-29,9호선2~3단계,언주,4010,3707,7717,303,1,29,토
2022-01-29,9호선,신논현,19991,19432,39423,559,1,29,토
2022-01-29,9호선,사평,1932,1829,3761,103,1,29,토
2022-01-29,9호선,고속터미널,8773,19640,28413,-10867,1,29,토
2022-01-29,9호선,신반포,1624,1545,3169,79,1,29,토
2022-01-29,9호선,구반포,663,694,1357,-31,1,29,토
2022-01-29,9호선,동작(현충원),1255,918,2173,337,1,29,토
2022-01-29,9호선,흑석(중앙대입구),4300,4219,8519,81,1,29,토
2022-01-29,9호선,노들,2679,2215,4894,464,1,29,토
2022-01-29,9호선,노량진,17626,16109,33735,1517,1,29,토
2022-01-29,9호선,샛강,1787,1869,3656,-82,1,29,토
2022-01-29,9호선,여의도,8746,7809,16555,937,1,29,토
2022-01-29,9호선,국회의사당,2706,2686,5392,20,1,29,토
2022-01-29,9호선,당산,9964,8546,18510,1418,1,29,토
2022-01-29,9호선,선유도,3054,2626,5680,428,1,29,토
2022-01-29,9호선,신목동,1770,1504,3274,266,1,29,토
2022-01-29,9호선,염창,9484,8300,17784,1184,1,29,토
2022-01-29,9호선,등촌,6528,5994,12522,534,1,29,토
2022-01-29,9호선,증미,3662,3418,7080,244,1,29,토
2022-01-29,9호선,가양,11456,10270,21726,1186,1,29,토
2022-01-29,9호선,양천향교,4697,4206,8903,491,1,29,토
2022-01-29,9호선,마곡나루(서울식물원),5678,5155,10833,523,1,29,토
2022-01-29,9호선,신방화,4013,3749,7762,264,1,29,토
2022-01-29,9호선,공항시장,1975,2052,4027,-77,1,29,토
2022-01-29,9호선,김포공항,6626,13318,19944,-6692,1,29,토
2022-01-29,9호선,개화,1062,903,1965,159,1,29,토
2022-01-29,8호선,남위례,2222,2236,4458,-14,1,29,토
2022-01-29,8호선,모란,4927,4000,8927,927,1,29,토
2022-01-29,8호선,수진,3790,3323,7113,467,1,29,토
2022-01-29,8호선,신흥,3142,3294,6436,-152,1,29,토
2022-01-29,8호선,단대오거리,6551,6120,12671,431,1,29,토
2022-01-29,8호선,남한산성입구(성남법원.검찰청),7826,6925,14751,901,1,29,토
2022-01-29,8호선,산성,3376,3377,6753,-1,1,29,토
2022-01-29,8호선,복정,4782,4108,8890,674,1,29,토
2022-01-29,8호선,장지,9408,9080,18488,328,1,29,토
2022-01-29,8호선,문정,5578,5290,10868,288,1,29,토
2022-01-29,8호선,가락시장,5084,5705,10789,-621,1,29,토
2022-01-29,8호선,송파,4191,4137,8328,54,1,29,토
2022-01-29,8호선,석촌,4953,5749,10702,-796,1,29,토
2022-01-29,8호선,잠실(송파구청),10491,11558,22049,-1067,1,29,토
2022-01-29,8호선,몽촌토성(평화의문),3485,3329,6814,156,1,29,토
2022-01-29,8호선,강동구청,5153,5137,10290,16,1,29,토
2022-01-29,8호선,천호(풍납토성),10117,11536,21653,-1419,1,29,토
2022-01-29,8호선,암사,10636,9834,20470,802,1,29,토
2022-01-29,7호선,부평구청,1,0,1,1,1,29,토
2022-01-29,7호선,춘의,1,0,1,1,1,29,토
2022-01-29,7호선,온수(성공회대입구),4549,4396,8945,153,1,29,토
2022-01-29,7호선,천왕,5839,5584,11423,255,1,29,토
2022-01-29,7호선,광명사거리,15173,15044,30217,129,1,29,토
2022-01-29,7호선,철산,12224,12305,24529,-81,1,29,토
2022-01-29,7호선,가산디지털단지,11297,9560,20857,1737,1,29,토
2022-01-29,7호선,남구로,7321,7238,14559,83,1,29,토
2022-01-29,7호선,대림(구로구청),7407,7591,14998,-184,1,29,토
2022-01-29,7호선,신풍,6653,6141,12794,512,1,29,토
2022-01-29,7호선,보라매,4883,4433,9316,450,1,29,토
2022-01-29,7호선,신대방삼거리,9615,8440,18055,1175,1,29,토
2022-01-29,7호선,장승배기,5720,5142,10862,578,1,29,토
2022-01-29,7호선,상도,6205,5232,11437,973,1,29,토
2022-01-29,7호선,숭실대입구(살피재),6457,6019,12476,438,1,29,토
2022-01-29,7호선,남성,6268,5496,11764,772,1,29,토
2022-01-29,7호선,이수,9862,8789,18651,1073,1,29,토
2022-01-29,7호선,내방,6414,6239,12653,175,1,29,토
2022-01-29,7호선,고속터미널,9028,10889,19917,-1861,1,29,토
2022-01-29,7호선,반포,3645,3528,7173,117,1,29,토
2022-01-29,7호선,논현,8698,9547,18245,-849,1,29,토
2022-01-29,7호선,학동,6980,7045,14025,-65,1,29,토
2022-01-29,7호선,강남구청,7137,7524,14661,-387,1,29,토
2022-01-29,7호선,청담,7927,8404,16331,-477,1,29,토
2022-01-29,7호선,뚝섬유원지,4885,4618,9503,267,1,29,토
2022-01-29,7호선,건대입구,8594,8145,16739,449,1,29,토
2022-01-29,7호선,어린이대공원(세종대),6961,6198,13159,763,1,29,토
2022-01-29,7호선,군자(능동),9020,6558,15578,2462,1,29,토
2022-01-29,7호선,중곡,5835,5388,11223,447,1,29,토
2022-01-29,7호선,용마산(용마폭포공원),3473,3555,7028,-82,1,29,토
2022-01-29,7호선,사가정,10326,9804,20130,522,1,29,토
2022-01-29,7호선,면목,9770,9359,19129,411,1,29,토
2022-01-29,7호선,상봉(시외버스터미널),11197,10580,21777,617,1,29,토
2022-01-29,7호선,중화,6131,5905,12036,226,1,29,토
2022-01-29,7호선,먹골,6536,6221,12757,315,1,29,토
2022-01-29,7호선,태릉입구,5383,4685,10068,698,1,29,토
2022-01-29,7호선,공릉(서울과학기술대),7252,6856,14108,396,1,29,토
2022-01-29,7호선,하계,9818,9108,18926,710,1,29,토
2022-01-29,7호선,중계,7561,6672,14233,889,1,29,토
2022-01-29,7호선,노원,13583,13534,27117,49,1,29,토
2022-01-29,7호선,마들,7935,7510,15445,425,1,29,토
2022-01-29,7호선,수락산,8334,8028,16362,306,1,29,토
2022-01-29,7호선,도봉산,4972,6970,11942,-1998,1,29,토
2022-01-29,7호선,장암,1076,811,1887,265,1,29,토
2022-01-29,6호선,봉화산(서울의료원),4354,4284,8638,70,1,29,토
2022-01-29,6호선,화랑대(서울여대입구),5404,4540,9944,864,1,29,토
2022-01-29,6호선,태릉입구,3222,3373,6595,-151,1,29,토
2022-01-29,6호선,석계,7137,7152,14289,-15,1,29,토
2022-01-29,6호선,돌곶이,4923,4415,9338,508,1,29,토
2022-01-29,6호선,상월곡(한국과학기술연구원),3390,2939,6329,451,1,29,토
2022-01-29,6호선,월곡(동덕여대),6302,5843,12145,459,1,29,토
2022-01-29,6호선,고려대(종암),4283,3778,8061,505,1,29,토
2022-01-29,6호선,안암(고대병원앞),4901,4087,8988,814,1,29,토
2022-01-29,6호선,보문,4061,3395,7456,666,1,29,토
2022-01-29,6호선,창신,1720,1532,3252,188,1,29,토
2022-01-29,6호선,동묘앞,5847,5522,11369,325,1,29,토
2022-01-29,6호선,신당,4895,4281,9176,614,1,29,토
2022-01-29,6호선,청구,1883,1890,3773,-7,1,29,토
2022-01-29,6호선,약수,2043,2087,4130,-44,1,29,토
2022-01-29,6호선,버티고개,1159,1204,2363,-45,1,29,토
2022-01-29,6호선,한강진,7576,8604,16180,-1028,1,29,토
2022-01-29,6호선,이태원,9278,9679,18957,-401,1,29,토
2022-01-29,6호선,녹사평(용산구청),3518,3799,7317,-281,1,29,토
2022-01-29,6호선,삼각지,3434,2831,6265,603,1,29,토
2022-01-29,6호선,효창공원앞,3707,3216,6923,491,1,29,토
2022-01-29,6호선,공덕,8080,7329,15409,751,1,29,토
2022-01-29,6호선,대흥(서강대앞),4340,4189,8529,151,1,29,토
2022-01-29,6호선,광흥창(서강),4153,3895,8048,258,1,29,토
2022-01-29,6호선,상수,6459,6881,13340,-422,1,29,토
2022-01-29,6호선,합정,9653,8668,18321,985,1,29,토
2022-01-29,6호선,망원,11278,12032,23310,-754,1,29,토
2022-01-29,6호선,마포구청,7536,6481,14017,1055,1,29,토
2022-01-29,6호선,월드컵경기장(성산),3120,3107,6227,13,1,29,토
2022-01-29,6호선,디지털미디어시티,5589,5713,11302,-124,1,29,토
2022-01-29,6호선,증산(명지대앞),6075,5940,12015,135,1,29,토
2022-01-29,6호선,새절(신사),7223,6829,14052,394,1,29,토
2022-01-29,6호선,구산,4330,3330,7660,1000,1,29,토
2022-01-29,6호선,연신내,1,0,1,1,1,29,토
2022-01-29,6호선,독바위,1629,1896,3525,-267,1,29,토
2022-01-29,6호선,불광,3175,2814,5989,361,1,29,토
2022-01-29,6호선,역촌,2229,2519,4748,-290,1,29,토
2022-01-29,6호선,응암,10658,10314,20972,344,1,29,토
2022-01-29,5호선,하남검단산,4483,4502,8985,-19,1,29,토
2022-01-29,5호선,하남시청(덕풍·신장),4946,4884,9830,62,1,29,토
2022-01-29,5호선,하남풍산,2306,2469,4775,-163,1,29,토
2022-01-29,5호선,미사,9811,9351,19162,460,1,29,토
2022-01-29,5호선,강일,2286,2193,4479,93,1,29,토
2022-01-29,5호선,마천,4065,4303,8368,-238,1,29,토
2022-01-29,5호선,거여,4862,4636,9498,226,1,29,토
2022-01-29,5호선,개롱,3430,3661,7091,-231,1,29,토
2022-01-29,5호선,오금,1631,1623,3254,8,1,29,토
2022-01-29,5호선,방이,4149,4188,8337,-39,1,29,토
2022-01-29,5호선,올림픽공원(한국체대),2315,2115,4430,200,1,29,토
2022-01-29,5호선,둔촌동,4982,4909,9891,73,1,29,토
2022-01-29,5호선,상일동,7650,7117,14767,533,1,29,토
2022-01-29,5호선,고덕,5180,5015,10195,165,1,29,토
2022-01-29,5호선,명일,5115,5152,10267,-37,1,29,토
2022-01-29,5호선,굽은다리(강동구민회관앞),5910,5507,11417,403,1,29,토
2022-01-29,5호선,길동,5225,5392,10617,-167,1,29,토
2022-01-29,5호선,강동,9719,8979,18698,740,1,29,토
2022-01-29,5호선,천호(풍납토성),13966,12949,26915,1017,1,29,토
2022-01-29,5호선,광나루(장신대),7683,7377,15060,306,1,29,토
2022-01-29,5호선,아차산(어린이대공원후문),9845,9164,19009,681,1,29,토
2022-01-29,5호선,군자(능동),6698,6961,13659,-263,1,29,토
2022-01-29,5호선,장한평,9010,8624,17634,386,1,29,토
2022-01-29,5호선,답십리,8276,7451,15727,825,1,29,토
2022-01-29,5호선,마장,4039,3898,7937,141,1,29,토
2022-01-29,5호선,왕십리(성동구청),2838,3258,6096,-420,1,29,토
2022-01-29,5호선,행당,4381,3808,8189,573,1,29,토
2022-01-29,5호선,신금호,3447,3472,6919,-25,1,29,토
2022-01-29,5호선,청구,2100,1960,4060,140,1,29,토
2022-01-29,5호선,동대문역사문화공원(DDP),780,1023,1803,-243,1,29,토
2022-01-29,5호선,을지로4가,2374,2672,5046,-298,1,29,토
2022-01-29,5호선,종로3가,9268,9004,18272,264,1,29,토
2022-01-29,5호선,광화문(세종문화회관),10700,10856,21556,-156,1,29,토
2022-01-29,5호선,서대문,5326,4891,10217,435,1,29,토
2022-01-29,5호선,충정로(경기대입구),1419,1275,2694,144,1,29,토
2022-01-29,5호선,애오개,2943,2705,5648,238,1,29,토
2022-01-29,5호선,공덕,5290,5367,10657,-77,1,29,토
2022-01-29,5호선,마포,5656,5676,11332,-20,1,29,토
2022-01-29,5호선,여의나루,4129,5227,9356,-1098,1,29,토
2022-01-29,5호선,여의도,8238,8467,16705,-229,1,29,토
2022-01-29,5호선,신길,1968,1861,3829,107,1,29,토
2022-01-29,5호선,영등포시장,5998,5870,11868,128,1,29,토
2022-01-29,5호선,영등포구청,1624,1518,3142,106,1,29,토
2022-01-29,5호선,양평,3001,2607,5608,394,1,29,토
2022-01-29,5호선,오목교(목동운동장앞),12902,13288,26190,-386,1,29,토
2022-01-29,5호선,목동,9018,9063,18081,-45,1,29,토
2022-01-29,5호선,신정(은행정),7348,6282,13630,1066,1,29,토
2022-01-29,5호선,까치산,17926,16561,34487,1365,1,29,토
2022-01-29,5호선,화곡,16770,15023,31793,1747,1,29,토
2022-01-29,5호선,우장산,8409,8325,16734,84,1,29,토
2022-01-29,5호선,발산,9932,10233,20165,-301,1,29,토
2022-01-29,5호선,마곡,4469,4455,8924,14,1,29,토
2022-01-29,5호선,송정,4232,4056,8288,176,1,29,토
2022-01-29,5호선,김포공항,6407,7577,13984,-1170,1,29,토
2022-01-29,5호선,개화산,3123,3043,6166,80,1,29,토
2022-01-29,5호선,방화,3821,3668,7489,153,1,29,토
2022-01-29,4호선,쌍문,17907,15924,33831,1983,1,29,토
2022-01-29,4호선,창동,17780,18853,36633,-1073,1,29,토
2022-01-29,4호선,노원,13481,14518,27999,-1037,1,29,토
2022-01-29,4호선,상계,11585,11047,22632,538,1,29,토
2022-01-29,4호선,당고개,8266,7936,16202,330,1,29,토
2022-01-29,4호선,남태령,679,502,1181,177,1,29,토
2022-01-29,4호선,사당,15676,13304,28980,2372,1,29,토
2022-01-29,4호선,총신대입구(이수),12304,12990,25294,-686,1,29,토
2022-01-29,4호선,동작(현충원),836,996,1832,-160,1,29,토
2022-01-29,4호선,이촌(국립중앙박물관),5170,5598,10768,-428,1,29,토
2022-01-29,4호선,신용산,7573,8795,16368,-1222,1,29,토
2022-01-29,4호선,삼각지,2730,3193,5923,-463,1,29,토
2022-01-29,4호선,숙대입구(갈월),6674,6202,12876,472,1,29,토
2022-01-29,4호선,서울역,4074,9099,13173,-5025,1,29,토
2022-01-29,4호선,회현(남대문시장),12914,13981,26895,-1067,1,29,토
2022-01-29,4호선,명동,9672,10830,20502,-1158,1,29,토
2022-01-29,4호선,충무로,8657,8878,17535,-221,1,29,토
2022-01-29,4호선,동대문역사문화공원(DDP),8542,7657,16199,885,1,29,토
2022-01-29,4호선,동대문,8823,9136,17959,-313,1,29,토
2022-01-29,4호선,혜화,22139,21845,43984,294,1,29,토
2022-01-29,4호선,한성대입구(삼선교),8018,7358,15376,660,1,29,토
2022-01-29,4호선,성신여대입구(돈암),13786,12499,26285,1287,1,29,토
2022-01-29,4호선,길음,11789,10968,22757,821,1,29,토
2022-01-29,4호선,미아사거리,18454,17712,36166,742,1,29,토
2022-01-29,4호선,미아(서울사이버대학),9199,8635,17834,564,1,29,토
2022-01-29,4호선,수유(강북구청),22488,21667,44155,821,1,29,토
2022-01-29,3호선,오금,2959,2657,5616,302,1,29,토
2022-01-29,3호선,경찰병원,3295,2970,6265,325,1,29,토
2022-01-29,3호선,가락시장,5398,5256,10654,142,1,29,토
2022-01-29,3호선,수서,8542,9570,18112,-1028,1,29,토
2022-01-29,3호선,일원,3823,3726,7549,97,1,29,토
2022-01-29,3호선,대청,4907,4473,9380,434,1,29,토
2022-01-29,3호선,학여울,855,830,1685,25,1,29,토
2022-01-29,3호선,대치,8329,7482,15811,847,1,29,토
2022-01-29,3호선,도곡,2467,2447,4914,20,1,29,토
2022-01-29,3호선,매봉,4755,4466,9221,289,1,29,토
2022-01-29,3호선,양재(서초구청),15150,15569,30719,-419,1,29,토
2022-01-29,3호선,남부터미널(예술의전당),15713,19877,35590,-4164,1,29,토
2022-01-29,3호선,교대(법원.검찰청),4990,2924,7914,2066,1,29,토
2022-01-29,3호선,고속터미널,35794,56093,91887,-20299,1,29,토
2022-01-29,3호선,잠원,2476,2428,4904,48,1,29,토
2022-01-29,3호선,신사,19733,20281,40014,-548,1,29,토
2022-01-29,3호선,압구정,21122,22140,43262,-1018,1,29,토
2022-01-29,3호선,옥수,5440,5597,11037,-157,1,29,토
2022-01-29,3호선,금호,4943,4429,9372,514,1,29,토
2022-01-29,3호선,약수,7452,6776,14228,676,1,29,토
2022-01-29,3호선,동대입구,5361,5733,11094,-372,1,29,토
2022-01-29,3호선,충무로,1,0,1,1,1,29,토
2022-01-29,3호선,을지로3가,3583,3596,7179,-13,1,29,토
2022-01-29,3호선,종로3가,4459,5985,10444,-1526,1,29,토
2022-01-29,3호선,안국,10345,11421,21766,-1076,1,29,토
2022-01-29,3호선,경복궁(정부서울청사),11309,11290,22599,19,1,29,토
2022-01-29,3호선,독립문,4501,4655,9156,-154,1,29,토
2022-01-29,3호선,무악재,2202,2187,4389,15,1,29,토
2022-01-29,3호선,홍제,11148,10185,21333,963,1,29,토
2022-01-29,3호선,녹번,8635,7400,16035,1235,1,29,토
2022-01-29,3호선,불광,11100,12101,23201,-1001,1,29,토
2022-01-29,3호선,연신내,25391,23455,48846,1936,1,29,토
2022-01-29,3호선,구파발,12453,12285,24738,168,1,29,토
2022-01-29,3호선,지축,2371,2322,4693,49,1,29,토
2022-01-29,2호선,용두(동대문구청),1614,1645,3259,-31,1,29,토
2022-01-29,2호선,신정네거리,6023,5988,12011,35,1,29,토
2022-01-29,2호선,양천구청,3689,3672,7361,17,1,29,토
2022-01-29,2호선,도림천,684,708,1392,-24,1,29,토
2022-01-29,2호선,신설동,2994,2956,5950,38,1,29,토
2022-01-29,2호선,신답,840,845,1685,-5,1,29,토
2022-01-29,2호선,용답,1888,1710,3598,178,1,29,토
2022-01-29,2호선,충정로(경기대입구),4139,4172,8311,-33,1,29,토
2022-01-29,2호선,아현,5938,5564,11502,374,1,29,토
2022-01-29,2호선,이대,7598,7256,14854,342,1,29,토
2022-01-29,2호선,신촌,22910,22150,45060,760,1,29,토
2022-01-29,2호선,홍대입구,47166,47569,94735,-403,1,29,토
2022-01-29,2호선,합정,20557,21749,42306,-1192,1,29,토
2022-01-29,2호선,당산,9027,9636,18663,-609,1,29,토
2022-01-29,2호선,영등포구청,9413,9308,18721,105,1,29,토
2022-01-29,2호선,문래,8463,8664,17127,-201,1,29,토
2022-01-29,2호선,신도림,28405,28328,56733,77,1,29,토
2022-01-29,2호선,대림(구로구청),15127,16037,31164,-910,1,29,토
2022-01-29,2호선,구로디지털단지,27413,25446,52859,1967,1,29,토
2022-01-29,2호선,신대방,16405,14670,31075,1735,1,29,토
2022-01-29,2호선,신림,41764,36642,78406,5122,1,29,토
2022-01-29,2호선,봉천,14330,12551,26881,1779,1,29,토
2022-01-29,2호선,서울대입구(관악구청),30054,26418,56472,3636,1,29,토
2022-01-29,2호선,낙성대(강감찬),16638,14034,30672,2604,1,29,토
2022-01-29,2호선,사당,21888,23978,45866,-2090,1,29,토
2022-01-29,2호선,방배,7168,7684,14852,-516,1,29,토
2022-01-29,2호선,서초,7232,6382,13614,850,1,29,토
2022-01-29,2호선,교대(법원.검찰청),13106,14424,27530,-1318,1,29,토
2022-01-29,2호선,강남,46702,45958,92660,744,1,29,토
2022-01-29,2호선,역삼,13948,14802,28750,-854,1,29,토
2022-01-29,2호선,선릉,16621,14513,31134,2108,1,29,토
2022-01-29,2호선,삼성(무역센터),19407,19342,38749,65,1,29,토
2022-01-29,2호선,종합운동장,3865,4074,7939,-209,1,29,토
2022-01-29,2호선,잠실새내,13809,14249,28058,-440,1,29,토
2022-01-29,2호선,잠실(송파구청),46446,44730,91176,1716,1,29,토
2022-01-29,2호선,잠실나루,6029,5886,11915,143,1,29,토
2022-01-29,2호선,강변(동서울터미널),19081,26896,45977,-7815,1,29,토
2022-01-29,2호선,구의(광진구청),13451,12550,26001,901,1,29,토
2022-01-29,2호선,건대입구,26634,27417,54051,-783,1,29,토
2022-01-29,2호선,성수,15279,16135,31414,-856,1,29,토
2022-01-29,2호선,뚝섬,10176,10270,20446,-94,1,29,토
2022-01-29,2호선,한양대,2304,2281,4585,23,1,29,토
2022-01-29,2호선,왕십리(성동구청),10111,8229,18340,1882,1,29,토
2022-01-29,2호선,상왕십리,7862,7206,15068,656,1,29,토
2022-01-29,2호선,신당,9226,9255,18481,-29,1,29,토
2022-01-29,2호선,동대문역사문화공원(DDP),7380,8209,15589,-829,1,29,토
2022-01-29,2호선,을지로4가,5322,5373,10695,-51,1,29,토
2022-01-29,2호선,을지로3가,7260,7155,14415,105,1,29,토
2022-01-29,2호선,을지로입구,15693,15581,31274,112,1,29,토
2022-01-29,2호선,시청,5799,4963,10762,836,1,29,토
2022-01-29,1호선,청량리(서울시립대입구),16977,17105,34082,-128,1,29,토
2022-01-29,1호선,제기동,15376,16120,31496,-744,1,29,토
2022-01-29,1호선,신설동,8060,7327,15387,733,1,29,토
2022-01-29,1호선,동대문,8649,8281,16930,368,1,29,토
2022-01-29,1호선,종로5가,14878,14124,29002,754,1,29,토
2022-01-29,1호선,종로3가,17062,15986,33048,1076,1,29,토
2022-01-29,1호선,종각,13440,12581,26021,859,1,29,토
2022-01-29,1호선,시청,7205,7244,14449,-39,1,29,토
2022-01-29,1호선,동묘앞,9309,9512,18821,-203,1,29,토
2022-01-29,1호선,서울역,19588,24323,43911,-4735,1,29,토
2022-01-29,중앙선,양평,1727,2214,3941,-487,1,29,토
2022-01-29,중앙선,원덕,261,259,520,2,1,29,토
2022-01-29,중앙선,용문,1192,1609,2801,-417,1,29,토
2022-01-29,중앙선,지평,30,37,67,-7,1,29,토
2022-01-29,중앙선,덕소,3524,3631,7155,-107,1,29,토
2022-01-29,중앙선,양정,359,321,680,38,1,29,토
2022-01-29,중앙선,도농,5279,5167,10446,112,1,29,토
2022-01-29,중앙선,구리,7924,8332,16256,-408,1,29,토
2022-01-29,중앙선,양원,1076,1079,2155,-3,1,29,토
2022-01-29,중앙선,망우,5223,5174,10397,49,1,29,토
2022-01-29,중앙선,상봉(시외버스터미널),4120,3929,8049,191,1,29,토
2022-01-29,중앙선,중랑,3665,3439,7104,226,1,29,토
2022-01-29,중앙선,회기,14843,12997,27840,1846,1,29,토
2022-01-29,장항선,신창(순천향대),737,830,1567,-93,1,29,토
2022-01-29,장항선,온양온천,3869,4090,7959,-221,1,29,토
2022-01-29,장항선,배방,740,768,1508,-28,1,29,토
2022-01-29,장항선,탕정,336,344,680,-8,1,29,토
2022-01-29,장항선,아산,1884,2096,3980,-212,1,29,토
2022-01-29,장항선,쌍용(나사렛대),1178,1151,2329,27,1,29,토
2022-01-29,장항선,봉명,641,588,1229,53,1,29,토
2022-01-29,일산선,대화,6760,6212,12972,548,1,29,토
2022-01-29,일산선,주엽,5289,5273,10562,16,1,29,토
2022-01-29,일산선,정발산,5359,5296,10655,63,1,29,토
2022-01-29,일산선,마두,4070,4123,8193,-53,1,29,토
2022-01-29,일산선,백석,6225,6380,12605,-155,1,29,토
2022-01-29,일산선,대곡,884,823,1707,61,1,29,토
2022-01-29,일산선,화정,10748,10953,21701,-205,1,29,토
2022-01-29,일산선,원당,6764,6620,13384,144,1,29,토
2022-01-29,일산선,삼송,11875,11468,23343,407,1,29,토
2022-01-29,일산선,원흥,5970,5560,11530,410,1,29,토
2022-01-29,우이신설선,신설동,1229,1181,2410,48,1,29,토
2022-01-29,우이신설선,보문,996,881,1877,115,1,29,토
2022-01-29,우이신설선,성신여대입구(돈암),2453,2766,5219,-313,1,29,토
2022-01-29,우이신설선,정릉,3039,2448,5487,591,1,29,토
2022-01-29,우이신설선,북한산보국문,3963,3511,7474,452,1,29,토
2022-01-29,우이신설선,솔샘,3275,2931,6206,344,1,29,토
2022-01-29,우이신설선,삼양사거리,1750,1706,3456,44,1,29,토
2022-01-29,우이신설선,삼양,1394,1460,2854,-66,1,29,토
2022-01-29,우이신설선,화계,2240,2086,4326,154,1,29,토
2022-01-29,우이신설선,가오리,2638,2480,5118,158,1,29,토
2022-01-29,우이신설선,4.19민주묘지,1915,1598,3513,317,1,29,토
2022-01-29,우이신설선,솔밭공원,1541,1458,2999,83,1,29,토
2022-01-29,우이신설선,북한산우이,2446,2406,4852,40,1,29,토
2022-01-29,안산선,수리산,2353,2044,4397,309,1,29,토
2022-01-29,안산선,오이도,5294,5728,11022,-434,1,29,토
2022-01-29,안산선,정왕,5526,5148,10674,378,1,29,토
2022-01-29,안산선,신길온천,1080,1058,2138,22,1,29,토
2022-01-29,안산선,안산,8458,9160,17618,-702,1,29,토
2022-01-29,안산선,초지,2460,2514,4974,-54,1,29,토
2022-01-29,안산선,고잔,4433,4282,8715,151,1,29,토
2022-01-29,안산선,중앙,11892,12464,24356,-572,1,29,토
2022-01-29,안산선,한대앞,5611,5471,11082,140,1,29,토
2022-01-29,안산선,상록수,9553,9906,19459,-353,1,29,토
2022-01-29,안산선,반월,2774,2575,5349,199,1,29,토
2022-01-29,안산선,대야미,3033,2752,5785,281,1,29,토
2022-01-29,안산선,산본,10017,10358,20375,-341,1,29,토
2022-01-29,수인선,인천,905,1427,2332,-522,1,29,토
2022-01-29,수인선,숭의,2048,1994,4042,54,1,29,토
2022-01-29,수인선,인하대,3368,3000,6368,368,1,29,토
2022-01-29,수인선,송도,1479,1527,3006,-48,1,29,토
2022-01-29,수인선,연수,3298,3305,6603,-7,1,29,토
2022-01-29,수인선,원인재,3069,3226,6295,-157,1,29,토
2022-01-29,수인선,남동인더스파크,916,839,1755,77,1,29,토
2022-01-29,수인선,호구포,2048,1963,4011,85,1,29,토
2022-01-29,수인선,인천논현,3475,3672,7147,-197,1,29,토
2022-01-29,수인선,소래포구,3806,3795,7601,11,1,29,토
2022-01-29,수인선,월곶,1698,1646,3344,52,1,29,토
2022-01-29,수인선,달월,43,35,78,8,1,29,토
2022-01-29,수인선,사리,2667,2390,5057,277,1,29,토
2022-01-29,수인선,야목,187,155,342,32,1,29,토
2022-01-29,수인선,어천,543,469,1012,74,1,29,토
2022-01-29,수인선,오목천,1683,1405,3088,278,1,29,토
2022-01-29,수인선,고색,2046,2082,4128,-36,1,29,토
2022-01-29,중앙선,도심,1177,1035,2212,142,1,29,토
2022-01-29,중앙선,팔당,860,919,1779,-59,1,29,토
2022-01-29,중앙선,운길산,742,722,1464,20,1,29,토
2022-01-29,중앙선,양수,1288,1377,2665,-89,1,29,토
2022-01-29,중앙선,신원,169,151,320,18,1,29,토
2022-01-29,중앙선,국수,419,476,895,-57,1,29,토
2022-01-29,중앙선,아신,345,417,762,-72,1,29,토
2022-01-29,분당선,매교,1582,1649,3231,-67,1,29,토
2022-01-29,분당선,수원시청,8191,8333,16524,-142,1,29,토
2022-01-29,분당선,매탄권선,2658,2615,5273,43,1,29,토
2022-01-29,분당선,망포,7228,6597,13825,631,1,29,토
2022-01-29,분당선,영통,5376,5113,10489,263,1,29,토
2022-01-29,분당선,청명,2006,2031,4037,-25,1,29,토
2022-01-29,분당선,상갈,3044,3160,6204,-116,1,29,토
2022-01-29,분당선,기흥,5324,5177,10501,147,1,29,토
2022-01-29,분당선,신갈,2169,2268,4437,-99,1,29,토
2022-01-29,분당선,구성,2725,2874,5599,-149,1,29,토
2022-01-29,분당선,죽전,8394,9168,17562,-774,1,29,토
2022-01-29,분당선,보정,1339,1301,2640,38,1,29,토
2022-01-29,분당선,이매,3295,3311,6606,-16,1,29,토
2022-01-29,분당선,오리,6667,5595,12262,1072,1,29,토
2022-01-29,분당선,미금,9309,9524,18833,-215,1,29,토
2022-01-29,분당선,정자,8875,8816,17691,59,1,29,토
2022-01-29,분당선,수내,7781,7191,14972,590,1,29,토
2022-01-29,분당선,서현,16619,10052,26671,6567,1,29,토
2022-01-29,분당선,야탑,14408,16053,30461,-1645,1,29,토
2022-01-29,분당선,모란,19705,20113,39818,-408,1,29,토
2022-01-29,분당선,태평,9719,9268,18987,451,1,29,토
2022-01-29,분당선,가천대,3654,3924,7578,-270,1,29,토
2022-01-29,분당선,선정릉,2377,2306,4683,71,1,29,토
2022-01-29,분당선,강남구청,3974,4613,8587,-639,1,29,토
2022-01-29,분당선,압구정로데오,14416,15832,30248,-1416,1,29,토
2022-01-29,분당선,서울숲,5322,5518,10840,-196,1,29,토
2022-01-29,분당선,수원,6036,4957,10993,1079,1,29,토
2022-01-29,분당선,수서,6539,7983,14522,-1444,1,29,토
2022-01-29,분당선,대모산입구,2538,2311,4849,227,1,29,토
2022-01-29,분당선,개포동,1990,2008,3998,-18,1,29,토
2022-01-29,분당선,구룡,871,851,1722,20,1,29,토
2022-01-29,분당선,도곡,3571,3214,6785,357,1,29,토
2022-01-29,분당선,한티,10510,10114,20624,396,1,29,토
2022-01-29,분당선,선릉,3649,5354,9003,-1705,1,29,토
2022-01-29,과천선,범계,15980,15658,31638,322,1,29,토
2022-01-29,과천선,평촌,6846,6464,13310,382,1,29,토
2022-01-29,과천선,인덕원,12367,12409,24776,-42,1,29,토
2022-01-29,과천선,정부과천청사,4655,4709,9364,-54,1,29,토
2022-01-29,과천선,과천,3701,3359,7060,342,1,29,토
2022-01-29,과천선,대공원,2960,3228,6188,-268,1,29,토
2022-01-29,과천선,경마공원,8193,8221,16414,-28,1,29,토
2022-01-29,공항철도 1호선,영종,2166,2142,4308,24,1,29,토
2022-01-29,공항철도 1호선,인천공항2터미널,1591,1473,3064,118,1,29,토
2022-01-29,공항철도 1호선,인천공항1터미널,2779,3094,5873,-315,1,29,토
2022-01-29,공항철도 1호선,공항화물청사,1176,1218,2394,-42,1,29,토
2022-01-29,공항철도 1호선,운서,4919,4591,9510,328,1,29,토
2022-01-29,공항철도 1호선,청라국제도시,3010,3039,6049,-29,1,29,토
2022-01-29,공항철도 1호선,검암,3410,3400,6810,10,1,29,토
2022-01-29,공항철도 1호선,계양,5170,5008,10178,162,1,29,토
2022-01-30,7호선,건대입구,6532,6092,12624,440,1,30,일
2022-01-30,경춘선,남춘천,1654,1943,3597,-289,1,30,일
2022-01-30,경춘선,춘천,883,1055,1938,-172,1,30,일
2022-01-30,공항철도 1호선,서울역,3695,4628,8323,-933,1,30,일
2022-01-30,공항철도 1호선,공덕,918,1157,2075,-239,1,30,일
2022-01-30,공항철도 1호선,홍대입구,7202,6627,13829,575,1,30,일
2022-01-30,공항철도 1호선,디지털미디어시티,2770,2382,5152,388,1,30,일
2022-01-30,공항철도 1호선,마곡나루(서울식물원),1568,1605,3173,-37,1,30,일
2022-01-30,공항철도 1호선,김포공항,8874,5263,14137,3611,1,30,일
2022-01-30,공항철도 1호선,계양,3979,3899,7878,80,1,30,일
2022-01-30,공항철도 1호선,검암,2748,2745,5493,3,1,30,일
2022-01-30,공항철도 1호선,청라국제도시,2280,2224,4504,56,1,30,일
2022-01-30,공항철도 1호선,운서,4019,3837,7856,182,1,30,일
2022-01-30,공항철도 1호선,공항화물청사,908,861,1769,47,1,30,일
2022-01-30,공항철도 1호선,인천공항1터미널,2780,2983,5763,-203,1,30,일
2022-01-30,공항철도 1호선,인천공항2터미널,1567,1552,3119,15,1,30,일
2022-01-30,공항철도 1호선,영종,1745,1715,3460,30,1,30,일
2022-01-30,과천선,선바위,2824,2659,5483,165,1,30,일
2022-01-30,과천선,경마공원,8366,8468,16834,-102,1,30,일
2022-01-30,과천선,대공원,2899,2882,5781,17,1,30,일
2022-01-30,과천선,과천,2863,2718,5581,145,1,30,일
2022-01-30,과천선,정부과천청사,3376,3353,6729,23,1,30,일
2022-01-30,과천선,인덕원,9018,9052,18070,-34,1,30,일
2022-01-30,과천선,평촌,4863,4620,9483,243,1,30,일
2022-01-30,과천선,범계,11615,11259,22874,356,1,30,일
2022-01-30,분당선,선릉,1845,2608,4453,-763,1,30,일
2022-01-30,분당선,한티,6987,6499,13486,488,1,30,일
2022-01-30,분당선,도곡,2069,1953,4022,116,1,30,일
2022-01-30,분당선,구룡,539,545,1084,-6,1,30,일
2022-01-30,분당선,개포동,1417,1428,2845,-11,1,30,일
2022-01-30,분당선,대모산입구,1550,1485,3035,65,1,30,일
2022-01-30,분당선,수서,4683,5781,10464,-1098,1,30,일
2022-01-30,분당선,수원,4639,3918,8557,721,1,30,일
2022-01-30,분당선,서울숲,4061,3961,8022,100,1,30,일
2022-01-30,분당선,압구정로데오,8252,9008,17260,-756,1,30,일
2022-01-30,분당선,강남구청,2134,2396,4530,-262,1,30,일
2022-01-30,분당선,선정릉,1331,1269,2600,62,1,30,일
2022-01-30,분당선,가천대,2649,2864,5513,-215,1,30,일
2022-01-30,분당선,태평,7103,6779,13882,324,1,30,일
2022-01-30,분당선,모란,9339,9401,18740,-62,1,30,일
2022-01-30,분당선,야탑,10374,11590,21964,-1216,1,30,일
2022-01-30,분당선,서현,12223,6876,19099,5347,1,30,일
2022-01-30,분당선,수내,4926,4670,9596,256,1,30,일
2022-01-30,분당선,정자,5773,5630,11403,143,1,30,일
2022-01-30,분당선,미금,6084,6245,12329,-161,1,30,일
2022-01-30,분당선,오리,4605,3800,8405,805,1,30,일
2022-01-30,분당선,이매,2327,2452,4779,-125,1,30,일
2022-01-30,분당선,보정,897,842,1739,55,1,30,일
2022-01-30,분당선,죽전,6302,6896,13198,-594,1,30,일
2022-01-30,분당선,구성,1846,2099,3945,-253,1,30,일
2022-01-30,분당선,신갈,1560,1550,3110,10,1,30,일
2022-01-30,분당선,기흥,3803,3766,7569,37,1,30,일
2022-01-30,분당선,상갈,2261,2311,4572,-50,1,30,일
2022-01-30,분당선,청명,1526,1500,3026,26,1,30,일
2022-01-30,분당선,영통,3891,3465,7356,426,1,30,일
2022-01-30,분당선,망포,4793,4542,9335,251,1,30,일
2022-01-30,분당선,매탄권선,1954,1771,3725,183,1,30,일
2022-01-30,분당선,수원시청,5544,5288,10832,256,1,30,일
2022-01-30,분당선,매교,1147,1167,2314,-20,1,30,일
2022-01-30,수인선,고색,1373,1452,2825,-79,1,30,일
2022-01-30,수인선,오목천,1249,1177,2426,72,1,30,일
2022-01-30,수인선,어천,448,393,841,55,1,30,일
2022-01-30,수인선,야목,145,129,274,16,1,30,일
2022-01-30,수인선,사리,2032,1743,3775,289,1,30,일
2022-01-30,수인선,달월,37,40,77,-3,1,30,일
2022-01-30,수인선,월곶,1296,1204,2500,92,1,30,일
2022-01-30,수인선,소래포구,3427,3470,6897,-43,1,30,일
2022-01-30,수인선,인천논현,2468,2554,5022,-86,1,30,일
2022-01-30,수인선,호구포,1671,1508,3179,163,1,30,일
2022-01-30,수인선,남동인더스파크,585,488,1073,97,1,30,일
2022-01-30,수인선,원인재,2466,2524,4990,-58,1,30,일
2022-01-30,수인선,연수,2707,2634,5341,73,1,30,일
2022-01-30,수인선,송도,1128,1195,2323,-67,1,30,일
2022-01-30,수인선,인하대,2388,2235,4623,153,1,30,일
2022-01-30,수인선,숭의,1621,1548,3169,73,1,30,일
2022-01-30,수인선,신포,942,977,1919,-35,1,30,일
2022-01-30,수인선,인천,848,1280,2128,-432,1,30,일
2022-01-30,안산선,산본,7104,7393,14497,-289,1,30,일
2022-01-30,안산선,대야미,2333,2006,4339,327,1,30,일
2022-01-30,안산선,반월,2086,2044,4130,42,1,30,일
2022-01-30,안산선,상록수,7632,7755,15387,-123,1,30,일
2022-01-30,안산선,한대앞,4278,4335,8613,-57,1,30,일
2022-01-30,안산선,중앙,8525,9048,17573,-523,1,30,일
2022-01-30,안산선,고잔,3103,3076,6179,27,1,30,일
2022-01-30,안산선,초지,1702,1920,3622,-218,1,30,일
2022-01-30,안산선,안산,8909,9676,18585,-767,1,30,일
2022-01-30,안산선,신길온천,830,835,1665,-5,1,30,일
2022-01-30,안산선,정왕,4711,4556,9267,155,1,30,일
2022-01-30,안산선,오이도,4213,4450,8663,-237,1,30,일
2022-01-30,안산선,수리산,1668,1564,3232,104,1,30,일
2022-01-30,우이신설선,북한산우이,2070,2136,4206,-66,1,30,일
2022-01-30,우이신설선,솔밭공원,1198,1092,2290,106,1,30,일
2022-01-30,우이신설선,4.19민주묘지,1530,1234,2764,296,1,30,일
2022-01-30,중앙선,운길산,608,548,1156,60,1,30,일
2022-01-30,중앙선,양수,1066,1136,2202,-70,1,30,일
2022-01-30,중앙선,신원,127,115,242,12,1,30,일
2022-01-30,중앙선,국수,377,401,778,-24,1,30,일
2022-01-30,중앙선,아신,337,370,707,-33,1,30,일
2022-01-30,중앙선,오빈,149,178,327,-29,1,30,일
2022-01-30,중앙선,양평,1450,1903,3353,-453,1,30,일
2022-01-30,중앙선,원덕,184,264,448,-80,1,30,일
2022-01-30,중앙선,용문,1947,2350,4297,-403,1,30,일
2022-01-30,중앙선,지평,41,61,102,-20,1,30,일
2022-01-30,경인선,주안,9323,8342,17665,981,1,30,일
2022-01-30,경인선,동암,7856,8152,16008,-296,1,30,일
2022-01-30,경인선,백운,3115,3235,6350,-120,1,30,일
2022-01-30,경인선,부평,19414,20898,40312,-1484,1,30,일
2022-01-30,경인선,송내,9738,9907,19645,-169,1,30,일
2022-01-30,경인선,부천,19190,19165,38355,25,1,30,일
2022-01-30,경인선,역곡,11892,11835,23727,57,1,30,일
2022-01-30,경인선,오류동,5795,4983,10778,812,1,30,일
2022-01-30,경인선,개봉,9411,9287,18698,124,1,30,일
2022-01-30,경의선,임진강,48,36,84,12,1,30,일
2022-01-30,경의선,문산,2610,2787,5397,-177,1,30,일
2022-01-30,경의선,파주,487,386,873,101,1,30,일
2022-01-30,경의선,월롱,703,687,1390,16,1,30,일
2022-01-30,경의선,금촌,3533,3640,7173,-107,1,30,일
2022-01-30,경의선,금릉,2101,2137,4238,-36,1,30,일
2022-01-30,경의선,운정,2745,2884,5629,-139,1,30,일
2022-01-30,경의선,야당,3822,3674,7496,148,1,30,일
2022-01-30,경의선,탄현,3228,3205,6433,23,1,30,일
2022-01-30,경의선,일산,3744,3808,7552,-64,1,30,일
2022-01-30,경의선,풍산,2758,2745,5503,13,1,30,일
2022-01-30,경의선,백마,2580,2556,5136,24,1,30,일
2022-01-30,경의선,곡산,236,224,460,12,1,30,일
2022-01-30,경의선,능곡,1702,1730,3432,-28,1,30,일
2022-01-30,경의선,행신,3052,3067,6119,-15,1,30,일
2022-01-30,경의선,강매,1156,1043,2199,113,1,30,일
2022-01-30,경의선,화전,548,445,993,103,1,30,일
2022-01-30,경의선,수색,694,679,1373,15,1,30,일
2022-01-30,경의선,디지털미디어시티,1102,958,2060,144,1,30,일
2022-01-30,경의선,가좌,2287,2034,4321,253,1,30,일
2022-01-30,경의선,홍대입구,1203,1313,2516,-110,1,30,일
2022-01-30,경의선,서강대,954,829,1783,125,1,30,일
2022-01-30,경의선,공덕,1295,1019,2314,276,1,30,일
2022-01-30,경의선,효창공원앞,1016,1063,2079,-47,1,30,일
2022-01-30,경의선,신촌,179,171,350,8,1,30,일
2022-01-30,경의선,서울역,655,735,1390,-80,1,30,일
2022-01-30,경원선,소요산,2097,2075,4172,22,1,30,일
2022-01-30,경원선,동두천,941,1311,2252,-370,1,30,일
2022-01-30,경원선,보산,848,924,1772,-76,1,30,일
2022-01-30,경원선,동두천중앙,1984,2067,4051,-83,1,30,일
2022-01-30,경원선,지행,3274,3414,6688,-140,1,30,일
2022-01-30,경원선,덕정,2716,2591,5307,125,1,30,일
2022-01-30,경원선,덕계,1249,1259,2508,-10,1,30,일
2022-01-30,경원선,양주,3893,3899,7792,-6,1,30,일
2022-01-30,경원선,녹양,2097,2141,4238,-44,1,30,일
2022-01-30,경원선,가능,3229,3093,6322,136,1,30,일
2022-01-30,경원선,의정부,12051,12647,24698,-596,1,30,일
2022-01-30,경원선,회룡,5942,5918,11860,24,1,30,일
2022-01-30,경원선,망월사,3608,3763,7371,-155,1,30,일
2022-01-30,경원선,도봉산,5969,4076,10045,1893,1,30,일
2022-01-30,경원선,도봉,3009,2794,5803,215,1,30,일
2022-01-30,경원선,방학,5080,4841,9921,239,1,30,일
2022-01-30,경원선,녹천,2282,1920,4202,362,1,30,일
2022-01-30,경원선,월계,3272,3018,6290,254,1,30,일
2022-01-30,경원선,광운대,3397,3358,6755,39,1,30,일
2022-01-30,경원선,석계,4214,4277,8491,-63,1,30,일
2022-01-30,경원선,신이문,4174,3842,8016,332,1,30,일
2022-01-30,경원선,외대앞,3713,3281,6994,432,1,30,일
2022-01-30,경원선,청량리(서울시립대입구),9516,10344,19860,-828,1,30,일
2022-01-30,경원선,왕십리(성동구청),7104,7537,14641,-433,1,30,일
2022-01-30,경원선,응봉,798,714,1512,84,1,30,일
2022-01-30,경원선,옥수,26,18,44,8,1,30,일
2022-01-30,경원선,한남,1608,1494,3102,114,1,30,일
2022-01-30,경원선,서빙고,1066,1051,2117,15,1,30,일
2022-01-30,경원선,이촌(국립중앙박물관),1788,1407,3195,381,1,30,일
2022-01-30,경부선,광명,1368,1497,2865,-129,1,30,일
2022-01-30,경부선,서동탄,550,585,1135,-35,1,30,일
2022-01-30,경부선,당정,2336,2237,4573,99,1,30,일
2022-01-30,경부선,천안,4165,4882,9047,-717,1,30,일
2022-01-30,경부선,두정,3047,3081,6128,-34,1,30,일
2022-01-30,경부선,직산,396,380,776,16,1,30,일
2022-01-30,경부선,성환,1859,1918,3777,-59,1,30,일
2022-01-30,경부선,평택,8417,8567,16984,-150,1,30,일
2022-01-30,경부선,평택지제,1350,1459,2809,-109,1,30,일
2022-01-30,경부선,서정리,3316,3233,6549,83,1,30,일
2022-01-30,경부선,송탄,2759,2511,5270,248,1,30,일
2022-01-30,경부선,진위,593,581,1174,12,1,30,일
2022-01-30,경부선,오산,6084,6084,12168,0,1,30,일
2022-01-30,경부선,오산대,1625,1414,3039,211,1,30,일
2022-01-30,경부선,세마,1272,1174,2446,98,1,30,일
2022-01-30,경부선,병점,6833,6915,13748,-82,1,30,일
2022-01-30,경부선,세류,1477,1585,3062,-108,1,30,일
2022-01-30,경부선,독산,5216,4931,10147,285,1,30,일
2022-01-30,경부선,수원,24059,25775,49834,-1716,1,30,일
2022-01-30,경부선,화서,2950,2972,5922,-22,1,30,일
2022-01-30,경부선,성균관대,5675,5504,11179,171,1,30,일
2022-01-30,경부선,의왕,3252,3316,6568,-64,1,30,일
2022-01-30,경부선,군포,2471,2263,4734,208,1,30,일
2022-01-30,경부선,금정,11130,11361,22491,-231,1,30,일
2022-01-30,경부선,명학,2423,2406,4829,17,1,30,일
2022-01-30,경부선,안양,10373,10677,21050,-304,1,30,일
2022-01-30,경부선,관악,3392,3218,6610,174,1,30,일
2022-01-30,경부선,석수,3688,3744,7432,-56,1,30,일
2022-01-30,경부선,금천구청,4958,4849,9807,109,1,30,일
2022-01-30,경부선,가산디지털단지,3529,4439,7968,-910,1,30,일
2022-01-30,경부선,구로,7385,7533,14918,-148,1,30,일
2022-01-30,경부선,신길,3512,2809,6321,703,1,30,일
2022-01-30,경부선,신도림,1819,1505,3324,314,1,30,일
2022-01-30,경부선,영등포,24482,24823,49305,-341,1,30,일
2022-01-30,경부선,대방,4397,4215,8612,182,1,30,일
2022-01-30,경부선,노량진,5127,4778,9905,349,1,30,일
2022-01-30,경부선,용산,19341,23070,42411,-3729,1,30,일
2022-01-30,경부선,남영,3366,3309,6675,57,1,30,일
2022-01-30,경부선,서울역,2526,1206,3732,1320,1,30,일
2022-01-30,경강선,여주,1433,1859,3292,-426,1,30,일
2022-01-30,경강선,세종대왕릉,207,271,478,-64,1,30,일
2022-01-30,경강선,부발,1145,1205,2350,-60,1,30,일
2022-01-30,경강선,이천,1672,1974,3646,-302,1,30,일
2022-01-30,경강선,신둔도예촌,626,706,1332,-80,1,30,일
2022-01-30,경강선,곤지암,1517,1493,3010,24,1,30,일
2022-01-30,경강선,초월,1301,1260,2561,41,1,30,일
2022-01-30,경강선,경기광주,3144,3329,6473,-185,1,30,일
2022-01-30,경강선,삼동,879,818,1697,61,1,30,일
2022-01-30,경강선,이매,601,366,967,235,1,30,일
2022-01-30,경강선,판교,2083,1946,4029,137,1,30,일
2022-01-30,9호선2~3단계,중앙보훈병원,2459,2436,4895,23,1,30,일
2022-01-30,9호선2~3단계,둔촌오륜,445,427,872,18,1,30,일
2022-01-30,9호선2~3단계,올림픽공원(한국체대),3450,3276,6726,174,1,30,일
2022-01-30,9호선2~3단계,한성백제,1045,802,1847,243,1,30,일
2022-01-30,9호선2~3단계,송파나루,2500,2476,4976,24,1,30,일
2022-01-30,9호선2~3단계,석촌,3688,2710,6398,978,1,30,일
2022-01-30,9호선2~3단계,석촌고분,2526,2197,4723,329,1,30,일
2022-01-30,9호선2~3단계,삼전,2997,2502,5499,495,1,30,일
2022-01-30,9호선2~3단계,종합운동장,1783,1500,3283,283,1,30,일
2022-01-30,9호선2~3단계,봉은사,5366,5224,10590,142,1,30,일
2022-01-30,9호선2~3단계,삼성중앙,1488,1431,2919,57,1,30,일
2022-01-30,9호선2~3단계,선정릉,2133,2027,4160,106,1,30,일
2022-01-30,9호선2~3단계,언주,2417,2205,4622,212,1,30,일
2022-01-30,9호선,신논현,12150,11509,23659,641,1,30,일
2022-01-30,9호선,사평,1122,1138,2260,-16,1,30,일
2022-01-30,9호선,고속터미널,6281,14433,20714,-8152,1,30,일
2022-01-30,9호선,신반포,1198,1187,2385,11,1,30,일
2022-01-30,9호선,구반포,429,376,805,53,1,30,일
2022-01-30,9호선,동작(현충원),1130,802,1932,328,1,30,일
2022-01-30,9호선,흑석(중앙대입구),3148,3112,6260,36,1,30,일
2022-01-30,9호선,노들,1980,1652,3632,328,1,30,일
2022-01-30,9호선,노량진,12060,11009,23069,1051,1,30,일
2022-01-30,9호선,샛강,1191,1170,2361,21,1,30,일
2022-01-30,9호선,여의도,6539,5769,12308,770,1,30,일
2022-01-30,9호선,국회의사당,2976,2644,5620,332,1,30,일
2022-01-30,9호선,당산,6524,5881,12405,643,1,30,일
2022-01-30,9호선,선유도,2190,1940,4130,250,1,30,일
2022-01-30,9호선,신목동,1294,1130,2424,164,1,30,일
2022-01-30,9호선,염창,7020,5969,12989,1051,1,30,일
2022-01-30,9호선,등촌,4534,4172,8706,362,1,30,일
2022-01-30,9호선,증미,2668,2543,5211,125,1,30,일
2022-01-30,9호선,가양,8315,7421,15736,894,1,30,일
2022-01-30,9호선,양천향교,3324,2906,6230,418,1,30,일
2022-01-30,9호선,마곡나루(서울식물원),3874,3573,7447,301,1,30,일
2022-01-30,9호선,신방화,2771,2700,5471,71,1,30,일
2022-01-30,9호선,공항시장,1406,1436,2842,-30,1,30,일
2022-01-30,9호선,김포공항,5427,10787,16214,-5360,1,30,일
2022-01-30,9호선,개화,850,769,1619,81,1,30,일
2022-01-30,8호선,남위례,1514,1624,3138,-110,1,30,일
2022-01-30,8호선,모란,2273,1848,4121,425,1,30,일
2022-01-30,8호선,수진,2490,2232,4722,258,1,30,일
2022-01-30,8호선,신흥,2102,2252,4354,-150,1,30,일
2022-01-30,8호선,단대오거리,4615,4357,8972,258,1,30,일
2022-01-30,8호선,남한산성입구(성남법원.검찰청),5605,4994,10599,611,1,30,일
2022-01-30,8호선,산성,2460,2545,5005,-85,1,30,일
2022-01-30,8호선,복정,3441,3114,6555,327,1,30,일
2022-01-30,8호선,장지,7142,6972,14114,170,1,30,일
2022-01-30,8호선,문정,3601,3364,6965,237,1,30,일
2022-01-30,8호선,가락시장,3320,3538,6858,-218,1,30,일
2022-01-30,8호선,송파,2729,2899,5628,-170,1,30,일
2022-01-30,8호선,석촌,3235,3898,7133,-663,1,30,일
2022-01-30,8호선,잠실(송파구청),7950,9081,17031,-1131,1,30,일
2022-01-30,8호선,몽촌토성(평화의문),2417,2245,4662,172,1,30,일
2022-01-30,8호선,강동구청,3744,3750,7494,-6,1,30,일
2022-01-30,8호선,천호(풍납토성),7325,8256,15581,-931,1,30,일
2022-01-30,8호선,암사,7761,7202,14963,559,1,30,일
2022-01-30,7호선,신중동,1,0,1,1,1,30,일
2022-01-30,7호선,온수(성공회대입구),3353,3265,6618,88,1,30,일
2022-01-30,7호선,천왕,4220,4032,8252,188,1,30,일
2022-01-30,7호선,광명사거리,11615,11730,23345,-115,1,30,일
2022-01-30,7호선,철산,8489,8498,16987,-9,1,30,일
2022-01-30,7호선,가산디지털단지,8157,6825,14982,1332,1,30,일
2022-01-30,7호선,남구로,5721,5664,11385,57,1,30,일
2022-01-30,7호선,대림(구로구청),7105,7040,14145,65,1,30,일
2022-01-30,7호선,신풍,4955,4585,9540,370,1,30,일
2022-01-30,7호선,보라매,3501,3068,6569,433,1,30,일
2022-01-30,7호선,신대방삼거리,6744,6010,12754,734,1,30,일
2022-01-30,7호선,장승배기,4153,3801,7954,352,1,30,일
2022-01-30,7호선,상도,4186,3685,7871,501,1,30,일
2022-01-30,7호선,숭실대입구(살피재),4600,4258,8858,342,1,30,일
2022-01-30,7호선,남성,4534,3989,8523,545,1,30,일
2022-01-30,7호선,이수,6584,5949,12533,635,1,30,일
2022-01-30,7호선,내방,4287,4250,8537,37,1,30,일
2022-01-30,7호선,고속터미널,6759,7722,14481,-963,1,30,일
2022-01-30,7호선,반포,2247,2234,4481,13,1,30,일
2022-01-30,7호선,논현,4915,5265,10180,-350,1,30,일
2022-01-30,7호선,학동,3694,3568,7262,126,1,30,일
2022-01-30,7호선,강남구청,3750,3708,7458,42,1,30,일
2022-01-30,7호선,청담,4368,4641,9009,-273,1,30,일
2022-01-30,7호선,뚝섬유원지,3724,3417,7141,307,1,30,일
2022-01-30,경춘선,김유정,304,331,635,-27,1,30,일
2022-01-30,7호선,어린이대공원(세종대),5387,4550,9937,837,1,30,일
2022-01-30,7호선,군자(능동),6155,4400,10555,1755,1,30,일
2022-01-30,7호선,중곡,4404,4016,8420,388,1,30,일
2022-01-30,7호선,용마산(용마폭포공원),2697,2831,5528,-134,1,30,일
2022-01-30,7호선,사가정,7250,7129,14379,121,1,30,일
2022-01-30,7호선,면목,7036,6711,13747,325,1,30,일
2022-01-30,7호선,상봉(시외버스터미널),7924,7275,15199,649,1,30,일
2022-01-30,7호선,중화,4607,4334,8941,273,1,30,일
2022-01-30,7호선,먹골,4662,4469,9131,193,1,30,일
2022-01-30,7호선,태릉입구,3798,3468,7266,330,1,30,일
2022-01-30,7호선,공릉(서울과학기술대),5245,4937,10182,308,1,30,일
2022-01-30,7호선,하계,7449,7024,14473,425,1,30,일
2022-01-30,7호선,중계,5668,5228,10896,440,1,30,일
2022-01-30,7호선,노원,9136,9175,18311,-39,1,30,일
2022-01-30,7호선,마들,5032,4547,9579,485,1,30,일
2022-01-30,7호선,수락산,6249,6186,12435,63,1,30,일
2022-01-30,7호선,도봉산,3748,5526,9274,-1778,1,30,일
2022-01-30,7호선,장암,795,588,1383,207,1,30,일
2022-01-30,6호선,봉화산(서울의료원),3141,3269,6410,-128,1,30,일
2022-01-30,6호선,화랑대(서울여대입구),3894,3302,7196,592,1,30,일
2022-01-30,6호선,태릉입구,2434,2383,4817,51,1,30,일
2022-01-30,6호선,석계,5336,5407,10743,-71,1,30,일
2022-01-30,6호선,돌곶이,4274,3870,8144,404,1,30,일
2022-01-30,6호선,상월곡(한국과학기술연구원),2619,2304,4923,315,1,30,일
2022-01-30,6호선,월곡(동덕여대),4579,4250,8829,329,1,30,일
2022-01-30,6호선,고려대(종암),3189,2769,5958,420,1,30,일
2022-01-30,6호선,안암(고대병원앞),3075,2636,5711,439,1,30,일
2022-01-30,6호선,보문,3155,2543,5698,612,1,30,일
2022-01-30,6호선,창신,1352,1229,2581,123,1,30,일
2022-01-30,6호선,동묘앞,4810,4308,9118,502,1,30,일
2022-01-30,6호선,신당,3211,2890,6101,321,1,30,일
2022-01-30,6호선,청구,1421,1357,2778,64,1,30,일
2022-01-30,6호선,약수,1314,1416,2730,-102,1,30,일
2022-01-30,6호선,버티고개,839,905,1744,-66,1,30,일
2022-01-30,6호선,한강진,4604,5461,10065,-857,1,30,일
2022-01-30,6호선,이태원,7644,7660,15304,-16,1,30,일
2022-01-30,6호선,녹사평(용산구청),2953,2859,5812,94,1,30,일
2022-01-30,6호선,삼각지,2705,2029,4734,676,1,30,일
2022-01-30,6호선,효창공원앞,2711,2332,5043,379,1,30,일
2022-01-30,6호선,공덕,5531,5148,10679,383,1,30,일
2022-01-30,6호선,대흥(서강대앞),2867,2785,5652,82,1,30,일
2022-01-30,6호선,광흥창(서강),3360,3178,6538,182,1,30,일
2022-01-30,6호선,상수,4599,5055,9654,-456,1,30,일
2022-01-30,6호선,합정,7065,6248,13313,817,1,30,일
2022-01-30,6호선,망원,8612,8865,17477,-253,1,30,일
2022-01-30,6호선,마포구청,5605,4682,10287,923,1,30,일
2022-01-30,6호선,월드컵경기장(성산),2556,2580,5136,-24,1,30,일
2022-01-30,6호선,디지털미디어시티,4135,4318,8453,-183,1,30,일
2022-01-30,6호선,증산(명지대앞),4587,4496,9083,91,1,30,일
2022-01-30,6호선,새절(신사),5321,5065,10386,256,1,30,일
2022-01-30,6호선,구산,3217,2395,5612,822,1,30,일
2022-01-30,6호선,독바위,1247,1593,2840,-346,1,30,일
2022-01-30,6호선,불광,2431,2140,4571,291,1,30,일
2022-01-30,6호선,역촌,1742,1849,3591,-107,1,30,일
2022-01-30,6호선,응암,7976,7559,15535,417,1,30,일
2022-01-30,5호선,하남검단산,3668,3812,7480,-144,1,30,일
2022-01-30,5호선,하남시청(덕풍·신장),3389,3248,6637,141,1,30,일
2022-01-30,5호선,하남풍산,1726,1850,3576,-124,1,30,일
2022-01-30,5호선,미사,7080,6865,13945,215,1,30,일
2022-01-30,5호선,강일,1638,1621,3259,17,1,30,일
2022-01-30,5호선,마천,3007,3213,6220,-206,1,30,일
2022-01-30,5호선,거여,3522,3229,6751,293,1,30,일
2022-01-30,5호선,개롱,2440,2597,5037,-157,1,30,일
2022-01-30,5호선,오금,1182,1137,2319,45,1,30,일
2022-01-30,5호선,방이,3003,2919,5922,84,1,30,일
2022-01-30,5호선,올림픽공원(한국체대),1631,1521,3152,110,1,30,일
2022-01-30,5호선,둔촌동,3830,3685,7515,145,1,30,일
2022-01-30,5호선,상일동,5469,5089,10558,380,1,30,일
2022-01-30,5호선,고덕,3464,3358,6822,106,1,30,일
2022-01-30,5호선,명일,3739,3808,7547,-69,1,30,일
2022-01-30,5호선,굽은다리(강동구민회관앞),4319,3940,8259,379,1,30,일
2022-01-30,5호선,길동,3637,3752,7389,-115,1,30,일
2022-01-30,5호선,강동,6686,6326,13012,360,1,30,일
2022-01-30,5호선,천호(풍납토성),10244,9690,19934,554,1,30,일
2022-01-30,5호선,광나루(장신대),5486,5367,10853,119,1,30,일
2022-01-30,5호선,아차산(어린이대공원후문),7584,7346,14930,238,1,30,일
2022-01-30,5호선,군자(능동),4653,4625,9278,28,1,30,일
2022-01-30,5호선,장한평,6128,5870,11998,258,1,30,일
2022-01-30,5호선,답십리,5978,5368,11346,610,1,30,일
2022-01-30,5호선,마장,2801,2787,5588,14,1,30,일
2022-01-30,5호선,왕십리(성동구청),1933,2324,4257,-391,1,30,일
2022-01-30,5호선,행당,3262,2780,6042,482,1,30,일
2022-01-30,5호선,신금호,2440,2498,4938,-58,1,30,일
2022-01-30,5호선,청구,1490,1347,2837,143,1,30,일
2022-01-30,5호선,동대문역사문화공원(DDP),607,740,1347,-133,1,30,일
2022-01-30,5호선,을지로4가,1292,1404,2696,-112,1,30,일
2022-01-30,5호선,종로3가,6473,6262,12735,211,1,30,일
2022-01-30,5호선,광화문(세종문화회관),8764,8495,17259,269,1,30,일
2022-01-30,5호선,서대문,3880,3790,7670,90,1,30,일
2022-01-30,5호선,충정로(경기대입구),1055,1000,2055,55,1,30,일
2022-01-30,5호선,애오개,2063,2035,4098,28,1,30,일
2022-01-30,5호선,공덕,3612,3478,7090,134,1,30,일
2022-01-30,5호선,마포,3878,3774,7652,104,1,30,일
2022-01-30,5호선,여의나루,4128,5013,9141,-885,1,30,일
2022-01-30,5호선,여의도,6077,5945,12022,132,1,30,일
2022-01-30,5호선,신길,1291,1228,2519,63,1,30,일
2022-01-30,5호선,영등포시장,3968,3860,7828,108,1,30,일
2022-01-30,5호선,영등포구청,1053,971,2024,82,1,30,일
2022-01-30,5호선,양평,2045,1879,3924,166,1,30,일
2022-01-30,5호선,오목교(목동운동장앞),9126,9369,18495,-243,1,30,일
2022-01-30,5호선,목동,6097,6118,12215,-21,1,30,일
2022-01-30,5호선,신정(은행정),5293,4595,9888,698,1,30,일
2022-01-30,5호선,까치산,13174,12176,25350,998,1,30,일
2022-01-30,5호선,화곡,11712,10492,22204,1220,1,30,일
2022-01-30,5호선,우장산,5963,5990,11953,-27,1,30,일
2022-01-30,5호선,발산,6786,6837,13623,-51,1,30,일
2022-01-30,5호선,마곡,2952,2859,5811,93,1,30,일
2022-01-30,5호선,송정,3110,2998,6108,112,1,30,일
2022-01-30,5호선,김포공항,5773,6612,12385,-839,1,30,일
2022-01-30,5호선,개화산,2315,2337,4652,-22,1,30,일
2022-01-30,5호선,방화,3043,2868,5911,175,1,30,일
2022-01-30,4호선,쌍문,13106,11871,24977,1235,1,30,일
2022-01-30,4호선,창동,13914,14751,28665,-837,1,30,일
2022-01-30,4호선,노원,9804,10631,20435,-827,1,30,일
2022-01-30,4호선,상계,8696,8275,16971,421,1,30,일
2022-01-30,4호선,당고개,6228,6168,12396,60,1,30,일
2022-01-30,4호선,남태령,555,378,933,177,1,30,일
2022-01-30,4호선,사당,11370,9536,20906,1834,1,30,일
2022-01-30,4호선,총신대입구(이수),8983,9631,18614,-648,1,30,일
2022-01-30,4호선,동작(현충원),739,786,1525,-47,1,30,일
2022-01-30,4호선,이촌(국립중앙박물관),4005,4249,8254,-244,1,30,일
2022-01-30,4호선,신용산,5543,6394,11937,-851,1,30,일
2022-01-30,4호선,삼각지,1860,2313,4173,-453,1,30,일
2022-01-30,4호선,숙대입구(갈월),5142,4694,9836,448,1,30,일
2022-01-30,4호선,서울역,3166,7232,10398,-4066,1,30,일
2022-01-30,4호선,회현(남대문시장),7303,7777,15080,-474,1,30,일
2022-01-30,4호선,명동,9003,9469,18472,-466,1,30,일
2022-01-30,4호선,충무로,5764,5400,11164,364,1,30,일
2022-01-30,4호선,동대문역사문화공원(DDP),7113,6273,13386,840,1,30,일
2022-01-30,4호선,동대문,4642,4806,9448,-164,1,30,일
2022-01-30,4호선,혜화,17607,17586,35193,21,1,30,일
2022-01-30,4호선,한성대입구(삼선교),5989,5416,11405,573,1,30,일
2022-01-30,4호선,성신여대입구(돈암),9473,8499,17972,974,1,30,일
2022-01-30,4호선,길음,8179,7799,15978,380,1,30,일
2022-01-30,4호선,미아사거리,13931,13050,26981,881,1,30,일
2022-01-30,4호선,미아(서울사이버대학),6926,6423,13349,503,1,30,일
2022-01-30,4호선,수유(강북구청),16882,15981,32863,901,1,30,일
2022-01-30,3호선,오금,2147,2033,4180,114,1,30,일
2022-01-30,3호선,경찰병원,2204,2112,4316,92,1,30,일
2022-01-30,3호선,가락시장,3662,3360,7022,302,1,30,일
2022-01-30,3호선,수서,6363,7379,13742,-1016,1,30,일
2022-01-30,3호선,일원,2674,2695,5369,-21,1,30,일
2022-01-30,3호선,대청,3511,3209,6720,302,1,30,일
2022-01-30,3호선,학여울,679,653,1332,26,1,30,일
2022-01-30,3호선,대치,5352,4554,9906,798,1,30,일
2022-01-30,3호선,도곡,1538,1532,3070,6,1,30,일
2022-01-30,3호선,매봉,3105,2926,6031,179,1,30,일
2022-01-30,3호선,양재(서초구청),9659,10219,19878,-560,1,30,일
2022-01-30,3호선,남부터미널(예술의전당),9973,13520,23493,-3547,1,30,일
2022-01-30,3호선,교대(법원.검찰청),2823,1622,4445,1201,1,30,일
2022-01-30,3호선,고속터미널,26728,42041,68769,-15313,1,30,일
2022-01-30,3호선,잠원,1684,1736,3420,-52,1,30,일
2022-01-30,3호선,신사,10893,10966,21859,-73,1,30,일
2022-01-30,3호선,압구정,12216,12534,24750,-318,1,30,일
2022-01-30,3호선,옥수,3803,3873,7676,-70,1,30,일
2022-01-30,3호선,금호,3557,3237,6794,320,1,30,일
2022-01-30,3호선,약수,5502,4986,10488,516,1,30,일
2022-01-30,3호선,동대입구,3437,3613,7050,-176,1,30,일
2022-01-30,3호선,을지로3가,2393,2206,4599,187,1,30,일
2022-01-30,3호선,종로3가,2858,3793,6651,-935,1,30,일
2022-01-30,3호선,안국,7915,8658,16573,-743,1,30,일
2022-01-30,3호선,경복궁(정부서울청사),8624,8860,17484,-236,1,30,일
2022-01-30,3호선,독립문,3442,3606,7048,-164,1,30,일
2022-01-30,3호선,무악재,1602,1625,3227,-23,1,30,일
2022-01-30,3호선,홍제,7799,7303,15102,496,1,30,일
2022-01-30,3호선,녹번,6083,5307,11390,776,1,30,일
2022-01-30,3호선,불광,8116,8847,16963,-731,1,30,일
2022-01-30,3호선,연신내,18496,17208,35704,1288,1,30,일
2022-01-30,3호선,구파발,9092,8868,17960,224,1,30,일
2022-01-30,3호선,지축,1708,1691,3399,17,1,30,일
2022-01-30,2호선,용두(동대문구청),1238,1196,2434,42,1,30,일
2022-01-30,2호선,신정네거리,4282,4145,8427,137,1,30,일
2022-01-30,2호선,양천구청,2660,2673,5333,-13,1,30,일
2022-01-30,2호선,도림천,363,381,744,-18,1,30,일
2022-01-30,2호선,신설동,2514,2605,5119,-91,1,30,일
2022-01-30,2호선,신답,606,583,1189,23,1,30,일
2022-01-30,2호선,용답,1456,1376,2832,80,1,30,일
2022-01-30,2호선,충정로(경기대입구),2719,2773,5492,-54,1,30,일
2022-01-30,2호선,아현,4259,4030,8289,229,1,30,일
2022-01-30,2호선,이대,4984,4709,9693,275,1,30,일
2022-01-30,2호선,신촌,15969,14852,30821,1117,1,30,일
2022-01-30,2호선,홍대입구,35149,34713,69862,436,1,30,일
2022-01-30,2호선,합정,14690,15094,29784,-404,1,30,일
2022-01-30,2호선,당산,6121,6610,12731,-489,1,30,일
2022-01-30,2호선,영등포구청,5962,6009,11971,-47,1,30,일
2022-01-30,2호선,문래,5579,5819,11398,-240,1,30,일
2022-01-30,2호선,신도림,20382,20410,40792,-28,1,30,일
2022-01-30,2호선,대림(구로구청),12149,12872,25021,-723,1,30,일
2022-01-30,2호선,구로디지털단지,18368,17111,35479,1257,1,30,일
2022-01-30,2호선,신대방,12362,11121,23483,1241,1,30,일
2022-01-30,2호선,신림,30405,26212,56617,4193,1,30,일
2022-01-30,2호선,봉천,10023,8503,18526,1520,1,30,일
2022-01-30,2호선,서울대입구(관악구청),20125,17726,37851,2399,1,30,일
2022-01-30,2호선,낙성대(강감찬),11822,9890,21712,1932,1,30,일
2022-01-30,2호선,사당,14732,16128,30860,-1396,1,30,일
2022-01-30,2호선,방배,4906,5189,10095,-283,1,30,일
2022-01-30,2호선,서초,7938,7252,15190,686,1,30,일
2022-01-30,2호선,교대(법원.검찰청),7449,8143,15592,-694,1,30,일
2022-01-30,2호선,강남,26059,25004,51063,1055,1,30,일
2022-01-30,2호선,역삼,8490,8971,17461,-481,1,30,일
2022-01-30,2호선,삼성(무역센터),14770,14392,29162,378,1,30,일
2022-01-30,2호선,종합운동장,4065,4387,8452,-322,1,30,일
2022-01-30,2호선,잠실새내,8826,8965,17791,-139,1,30,일
2022-01-30,2호선,잠실(송파구청),36173,34622,70795,1551,1,30,일
2022-01-30,2호선,잠실나루,3954,3817,7771,137,1,30,일
2022-01-30,2호선,강변(동서울터미널),14584,20807,35391,-6223,1,30,일
2022-01-30,2호선,구의(광진구청),9212,8547,17759,665,1,30,일
2022-01-30,2호선,건대입구,20565,20469,41034,96,1,30,일
2022-01-30,2호선,성수,10838,11602,22440,-764,1,30,일
2022-01-30,2호선,뚝섬,7111,7032,14143,79,1,30,일
2022-01-30,2호선,한양대,1489,1360,2849,129,1,30,일
2022-01-30,2호선,왕십리(성동구청),6977,5849,12826,1128,1,30,일
2022-01-30,2호선,상왕십리,5839,5328,11167,511,1,30,일
2022-01-30,2호선,신당,6633,6805,13438,-172,1,30,일
2022-01-30,2호선,동대문역사문화공원(DDP),6098,6877,12975,-779,1,30,일
2022-01-30,2호선,을지로4가,2566,2544,5110,22,1,30,일
2022-01-30,2호선,을지로3가,5969,5802,11771,167,1,30,일
2022-01-30,2호선,을지로입구,11924,11334,23258,590,1,30,일
2022-01-30,2호선,시청,4417,3647,8064,770,1,30,일
2022-01-30,1호선,청량리(서울시립대입구),12675,12947,25622,-272,1,30,일
2022-01-30,1호선,제기동,10067,10483,20550,-416,1,30,일
2022-01-30,1호선,신설동,6398,5607,12005,791,1,30,일
2022-01-30,1호선,동대문,8095,8313,16408,-218,1,30,일
2022-01-30,1호선,종로5가,8322,7719,16041,603,1,30,일
2022-01-30,1호선,종로3가,10842,9841,20683,1001,1,30,일
2022-01-30,1호선,종각,9133,8329,17462,804,1,30,일
2022-01-30,1호선,시청,5500,5305,10805,195,1,30,일
2022-01-30,1호선,동묘앞,9488,9649,19137,-161,1,30,일
2022-01-30,1호선,서울역,15691,19367,35058,-3676,1,30,일
2022-01-30,2호선,선릉,9118,7709,16827,1409,1,30,일
2022-01-30,우이신설선,신설동,911,928,1839,-17,1,30,일
2022-01-30,우이신설선,보문,817,770,1587,47,1,30,일
2022-01-30,우이신설선,성신여대입구(돈암),1773,2008,3781,-235,1,30,일
2022-01-30,우이신설선,정릉,2300,1870,4170,430,1,30,일
2022-01-30,우이신설선,북한산보국문,3094,2655,5749,439,1,30,일
2022-01-30,우이신설선,솔샘,2354,2133,4487,221,1,30,일
2022-01-30,우이신설선,삼양사거리,1358,1261,2619,97,1,30,일
2022-01-30,우이신설선,삼양,1106,1150,2256,-44,1,30,일
2022-01-30,우이신설선,화계,1725,1534,3259,191,1,30,일
2022-01-30,우이신설선,가오리,2103,1995,4098,108,1,30,일
2022-01-30,중앙선,팔당,873,885,1758,-12,1,30,일
2022-01-30,중앙선,도심,899,834,1733,65,1,30,일
2022-01-30,중앙선,덕소,2720,2829,5549,-109,1,30,일
2022-01-30,중앙선,양정,272,249,521,23,1,30,일
2022-01-30,중앙선,도농,3932,3939,7871,-7,1,30,일
2022-01-30,중앙선,구리,5904,6144,12048,-240,1,30,일
2022-01-30,중앙선,양원,841,852,1693,-11,1,30,일
2022-01-30,중앙선,망우,3955,3967,7922,-12,1,30,일
2022-01-30,중앙선,상봉(시외버스터미널),2970,2949,5919,21,1,30,일
2022-01-30,중앙선,중랑,2894,2615,5509,279,1,30,일
2022-01-30,중앙선,회기,11708,10051,21759,1657,1,30,일
2022-01-30,장항선,신창(순천향대),635,802,1437,-167,1,30,일
2022-01-30,장항선,온양온천,2507,2800,5307,-293,1,30,일
2022-01-30,장항선,배방,505,563,1068,-58,1,30,일
2022-01-30,장항선,탕정,268,214,482,54,1,30,일
2022-01-30,장항선,아산,1494,1567,3061,-73,1,30,일
2022-01-30,장항선,쌍용(나사렛대),832,794,1626,38,1,30,일
2022-01-30,장항선,봉명,371,378,749,-7,1,30,일
2022-01-30,일산선,대화,5024,4635,9659,389,1,30,일
2022-01-30,일산선,주엽,3577,3770,7347,-193,1,30,일
2022-01-30,일산선,정발산,4300,4190,8490,110,1,30,일
2022-01-30,일산선,마두,2800,2815,5615,-15,1,30,일
2022-01-30,일산선,백석,4644,4676,9320,-32,1,30,일
2022-01-30,일산선,대곡,702,633,1335,69,1,30,일
2022-01-30,일산선,화정,7893,8039,15932,-146,1,30,일
2022-01-30,일산선,원당,5100,5025,10125,75,1,30,일
2022-01-30,일산선,삼송,9291,9131,18422,160,1,30,일
2022-01-30,일산선,원흥,4586,4288,8874,298,1,30,일
2022-01-30,경인선,제물포,4447,4412,8859,35,1,30,일
2022-01-30,경인선,동인천,7578,7649,15227,-71,1,30,일
2022-01-30,경인선,인천,2755,2336,5091,419,1,30,일
2022-01-30,경인선,구일,2373,2272,4645,101,1,30,일
2022-01-30,경인선,소사,4043,4035,8078,8,1,30,일
2022-01-30,경인선,부개,4053,3943,7996,110,1,30,일
2022-01-30,경인선,간석,2515,2494,5009,21,1,30,일
2022-01-30,경인선,도원,1242,1252,2494,-10,1,30,일
2022-01-30,경인선,온수(성공회대입구),2904,2744,5648,160,1,30,일
2022-01-30,경인선,중동,4104,3930,8034,174,1,30,일
2022-01-30,경인선,도화,1967,1896,3863,71,1,30,일
2022-01-30,경춘선,신내,661,645,1306,16,1,30,일
2022-01-30,경춘선,갈매,1127,994,2121,133,1,30,일
2022-01-30,경춘선,별내,1412,1324,2736,88,1,30,일
2022-01-30,경춘선,퇴계원,1591,1506,3097,85,1,30,일
2022-01-30,경춘선,사릉,1268,1312,2580,-44,1,30,일
2022-01-30,경춘선,금곡,704,695,1399,9,1,30,일
2022-01-30,경춘선,평내호평,2623,2602,5225,21,1,30,일
2022-01-30,경춘선,천마산,891,866,1757,25,1,30,일
2022-01-30,경춘선,마석,1868,1932,3800,-64,1,30,일
2022-01-30,경춘선,대성리,355,241,596,114,1,30,일
2022-01-30,경춘선,청평,945,1057,2002,-112,1,30,일
2022-01-30,경춘선,상천,208,167,375,41,1,30,일
2022-01-30,경춘선,가평,1095,1220,2315,-125,1,30,일
2022-01-30,경춘선,굴봉산,119,127,246,-8,1,30,일
2022-01-30,경춘선,백양리,438,353,791,85,1,30,일
2022-01-30,경춘선,강촌,301,388,689,-87,1,30,일
2022-01-31,안산선,신길온천,706,710,1416,-4,1,31,월
2022-01-31,안산선,안산,8525,8617,17142,-92,1,31,월
2022-01-31,안산선,초지,1323,1586,2909,-263,1,31,월
2022-01-31,안산선,고잔,2575,2619,5194,-44,1,31,월
2022-01-31,안산선,중앙,6821,7042,13863,-221,1,31,월
2022-01-31,안산선,한대앞,3439,3501,6940,-62,1,31,월
2022-01-31,안산선,상록수,5904,6154,12058,-250,1,31,월
2022-01-31,안산선,반월,1652,1672,3324,-20,1,31,월
2022-01-31,안산선,대야미,1735,1619,3354,116,1,31,월
2022-01-31,안산선,산본,5370,5686,11056,-316,1,31,월
2022-01-31,수인선,인천,850,1312,2162,-462,1,31,월
2022-01-31,수인선,신포,740,742,1482,-2,1,31,월
2022-01-31,수인선,숭의,1330,1235,2565,95,1,31,월
2022-01-31,수인선,인하대,1987,1843,3830,144,1,31,월
2022-01-31,수인선,송도,923,992,1915,-69,1,31,월
2022-01-31,수인선,연수,2123,1926,4049,197,1,31,월
2022-01-31,수인선,원인재,1969,2115,4084,-146,1,31,월
2022-01-31,수인선,남동인더스파크,411,392,803,19,1,31,월
2022-01-31,수인선,호구포,1271,1309,2580,-38,1,31,월
2022-01-31,수인선,인천논현,2081,2188,4269,-107,1,31,월
2022-01-31,수인선,소래포구,3112,3204,6316,-92,1,31,월
2022-01-31,수인선,월곶,1047,1030,2077,17,1,31,월
2022-01-31,수인선,달월,34,39,73,-5,1,31,월
2022-01-31,수인선,사리,1586,1414,3000,172,1,31,월
2022-01-31,수인선,야목,112,100,212,12,1,31,월
2022-01-31,수인선,어천,350,381,731,-31,1,31,월
2022-01-31,수인선,오목천,956,881,1837,75,1,31,월
2022-01-31,수인선,고색,1138,1241,2379,-103,1,31,월
2022-01-31,분당선,매교,908,883,1791,25,1,31,월
2022-01-31,분당선,수원시청,4108,3883,7991,225,1,31,월
2022-01-31,분당선,매탄권선,1549,1535,3084,14,1,31,월
2022-01-31,분당선,망포,3893,3606,7499,287,1,31,월
2022-01-31,분당선,영통,2860,2473,5333,387,1,31,월
2022-01-31,분당선,청명,1113,1106,2219,7,1,31,월
2022-01-31,분당선,상갈,1781,1871,3652,-90,1,31,월
2022-01-31,분당선,기흥,3177,3007,6184,170,1,31,월
2022-01-31,분당선,신갈,1163,1264,2427,-101,1,31,월
2022-01-31,분당선,구성,1416,1653,3069,-237,1,31,월
2022-01-31,분당선,죽전,3968,4414,8382,-446,1,31,월
2022-01-31,분당선,보정,687,645,1332,42,1,31,월
2022-01-31,분당선,이매,1824,1838,3662,-14,1,31,월
2022-01-31,분당선,오리,3580,3019,6599,561,1,31,월
2022-01-31,분당선,미금,4758,4869,9627,-111,1,31,월
2022-01-31,분당선,정자,4499,4331,8830,168,1,31,월
2022-01-31,분당선,수내,3836,3647,7483,189,1,31,월
2022-01-31,분당선,서현,8685,4896,13581,3789,1,31,월
2022-01-31,분당선,야탑,7914,8745,16659,-831,1,31,월
2022-01-31,분당선,모란,7319,7685,15004,-366,1,31,월
2022-01-31,분당선,태평,5841,5468,11309,373,1,31,월
2022-01-31,분당선,가천대,2113,2282,4395,-169,1,31,월
2022-01-31,분당선,선정릉,960,945,1905,15,1,31,월
2022-01-31,분당선,강남구청,1616,1792,3408,-176,1,31,월
2022-01-31,분당선,압구정로데오,5266,5545,10811,-279,1,31,월
2022-01-31,분당선,서울숲,2635,2578,5213,57,1,31,월
2022-01-31,분당선,수원,4046,3189,7235,857,1,31,월
2022-01-31,분당선,복정,1,0,1,1,1,31,월
2022-01-31,분당선,수서,4240,4808,9048,-568,1,31,월
2022-01-31,분당선,대모산입구,1323,1220,2543,103,1,31,월
2022-01-31,분당선,개포동,934,930,1864,4,1,31,월
2022-01-31,분당선,구룡,414,419,833,-5,1,31,월
2022-01-31,분당선,도곡,1806,1630,3436,176,1,31,월
2022-01-31,분당선,한티,3656,3587,7243,69,1,31,월
2022-01-31,분당선,선릉,1399,1891,3290,-492,1,31,월
2022-01-31,과천선,범계,7915,7772,15687,143,1,31,월
2022-01-31,과천선,평촌,3851,3581,7432,270,1,31,월
2022-01-31,과천선,인덕원,6201,6474,12675,-273,1,31,월
2022-01-31,과천선,정부과천청사,2444,2504,4948,-60,1,31,월
2022-01-31,과천선,과천,2048,1941,3989,107,1,31,월
2022-01-31,과천선,대공원,2738,2717,5455,21,1,31,월
2022-01-31,과천선,경마공원,320,313,633,7,1,31,월
2022-01-31,과천선,선바위,1967,1845,3812,122,1,31,월
2022-01-31,공항철도 1호선,영종,1537,1516,3053,21,1,31,월
2022-01-31,공항철도 1호선,인천공항2터미널,1533,1411,2944,122,1,31,월
2022-01-31,공항철도 1호선,인천공항1터미널,2635,2795,5430,-160,1,31,월
2022-01-31,공항철도 1호선,공항화물청사,833,876,1709,-43,1,31,월
2022-01-31,공항철도 1호선,운서,3607,3245,6852,362,1,31,월
2022-01-31,공항철도 1호선,청라국제도시,1836,1807,3643,29,1,31,월
2022-01-31,공항철도 1호선,검암,2252,2347,4599,-95,1,31,월
2022-01-31,공항철도 1호선,계양,3151,3163,6314,-12,1,31,월
2022-01-31,공항철도 1호선,김포공항,8697,4721,13418,3976,1,31,월
2022-01-31,공항철도 1호선,마곡나루(서울식물원),1255,1287,2542,-32,1,31,월
2022-01-31,공항철도 1호선,디지털미디어시티,2280,2036,4316,244,1,31,월
2022-01-31,공항철도 1호선,홍대입구,5113,4476,9589,637,1,31,월
2022-01-31,공항철도 1호선,공덕,811,952,1763,-141,1,31,월
2022-01-31,공항철도 1호선,서울역,3675,4141,7816,-466,1,31,월
2022-01-31,경춘선,춘천,1008,1056,2064,-48,1,31,월
2022-01-31,경춘선,남춘천,1485,1708,3193,-223,1,31,월
2022-01-31,경춘선,김유정,218,278,496,-60,1,31,월
2022-01-31,경춘선,강촌,307,291,598,16,1,31,월
2022-01-31,경춘선,백양리,441,393,834,48,1,31,월
2022-01-31,경춘선,굴봉산,125,125,250,0,1,31,월
2022-01-31,경춘선,가평,1083,1267,2350,-184,1,31,월
2022-01-31,경춘선,상천,163,160,323,3,1,31,월
2022-01-31,경춘선,청평,893,1107,2000,-214,1,31,월
2022-01-31,경춘선,대성리,235,231,466,4,1,31,월
2022-01-31,경춘선,마석,1595,1748,3343,-153,1,31,월
2022-01-31,경춘선,천마산,710,771,1481,-61,1,31,월
2022-01-31,경춘선,평내호평,2127,2271,4398,-144,1,31,월
2022-01-31,경춘선,금곡,576,625,1201,-49,1,31,월
2022-01-31,경춘선,사릉,1024,1140,2164,-116,1,31,월
2022-01-31,경춘선,퇴계원,1316,1317,2633,-1,1,31,월
2022-01-31,경춘선,별내,1200,1066,2266,134,1,31,월
2022-01-31,경춘선,갈매,887,797,1684,90,1,31,월
2022-01-31,경춘선,신내,584,550,1134,34,1,31,월
2022-01-31,경인선,도화,1662,1625,3287,37,1,31,월
2022-01-31,경인선,중동,3266,3341,6607,-75,1,31,월
2022-01-31,경인선,온수(성공회대입구),2427,2213,4640,214,1,31,월
2022-01-31,경인선,도원,949,1019,1968,-70,1,31,월
2022-01-31,경인선,간석,2194,2187,4381,7,1,31,월
2022-01-31,경인선,부개,3286,3177,6463,109,1,31,월
2022-01-31,경인선,소사,3264,3514,6778,-250,1,31,월
2022-01-31,경인선,구일,1942,1838,3780,104,1,31,월
2022-01-31,경인선,인천,2605,2196,4801,409,1,31,월
2022-01-31,경인선,동인천,5678,5763,11441,-85,1,31,월
2022-01-31,경인선,제물포,3402,3641,7043,-239,1,31,월
2022-01-31,경인선,주안,7864,6944,14808,920,1,31,월
2022-01-31,경인선,동암,6417,6762,13179,-345,1,31,월
2022-01-31,경인선,백운,2596,2755,5351,-159,1,31,월
2022-01-31,경인선,부평,16139,16610,32749,-471,1,31,월
2022-01-31,경인선,송내,7909,7983,15892,-74,1,31,월
2022-01-31,경인선,부천,15478,15969,31447,-491,1,31,월
2022-01-31,경인선,역곡,9263,9611,18874,-348,1,31,월
2022-01-31,경인선,오류동,4679,4174,8853,505,1,31,월
2022-01-31,경인선,개봉,7634,7916,15550,-282,1,31,월
2022-01-31,경의선,임진강,38,38,76,0,1,31,월
2022-01-31,경의선,문산,2300,2718,5018,-418,1,31,월
2022-01-31,경의선,파주,441,433,874,8,1,31,월
2022-01-31,경의선,월롱,680,668,1348,12,1,31,월
2022-01-31,경의선,금촌,3141,3279,6420,-138,1,31,월
2022-01-31,경의선,금릉,1894,1991,3885,-97,1,31,월
2022-01-31,경의선,운정,2300,2356,4656,-56,1,31,월
2022-01-31,경의선,야당,3024,2968,5992,56,1,31,월
2022-01-31,경의선,탄현,2604,2567,5171,37,1,31,월
2022-01-31,경의선,일산,2985,3125,6110,-140,1,31,월
2022-01-31,경의선,풍산,2196,2248,4444,-52,1,31,월
2022-01-31,경의선,백마,1970,2015,3985,-45,1,31,월
2022-01-31,경의선,곡산,163,165,328,-2,1,31,월
2022-01-31,경의선,능곡,1421,1362,2783,59,1,31,월
2022-01-31,경의선,행신,2640,2674,5314,-34,1,31,월
2022-01-31,경의선,강매,951,854,1805,97,1,31,월
2022-01-31,경의선,화전,408,389,797,19,1,31,월
2022-01-31,경의선,수색,617,597,1214,20,1,31,월
2022-01-31,경의선,디지털미디어시티,942,845,1787,97,1,31,월
2022-01-31,경의선,가좌,1807,1627,3434,180,1,31,월
2022-01-31,경의선,홍대입구,750,894,1644,-144,1,31,월
2022-01-31,경의선,서강대,792,650,1442,142,1,31,월
2022-01-31,경의선,공덕,1125,896,2021,229,1,31,월
2022-01-31,경의선,효창공원앞,710,808,1518,-98,1,31,월
2022-01-31,경의선,신촌,158,159,317,-1,1,31,월
2022-01-31,경의선,서울역,642,663,1305,-21,1,31,월
2022-01-31,경원선,소요산,1726,1747,3473,-21,1,31,월
2022-01-31,경원선,동두천,794,1106,1900,-312,1,31,월
2022-01-31,경원선,보산,724,809,1533,-85,1,31,월
2022-01-31,경원선,동두천중앙,1468,1706,3174,-238,1,31,월
2022-01-31,경원선,지행,2610,2931,5541,-321,1,31,월
2022-01-31,경원선,덕정,2137,2336,4473,-199,1,31,월
2022-01-31,경원선,덕계,1025,982,2007,43,1,31,월
2022-01-31,경원선,양주,2954,3353,6307,-399,1,31,월
2022-01-31,경원선,녹양,1764,1813,3577,-49,1,31,월
2022-01-31,경원선,가능,2614,2661,5275,-47,1,31,월
2022-01-31,경원선,의정부,8938,9277,18215,-339,1,31,월
2022-01-31,경원선,회룡,4348,4609,8957,-261,1,31,월
2022-01-31,경원선,망월사,2690,2907,5597,-217,1,31,월
2022-01-31,경원선,도봉산,4224,2952,7176,1272,1,31,월
2022-01-31,경원선,도봉,2343,2253,4596,90,1,31,월
2022-01-31,경원선,방학,3860,3780,7640,80,1,31,월
2022-01-31,경원선,녹천,1734,1428,3162,306,1,31,월
2022-01-31,경원선,월계,2685,2516,5201,169,1,31,월
2022-01-31,경원선,광운대,2727,2767,5494,-40,1,31,월
2022-01-31,경원선,석계,3380,3540,6920,-160,1,31,월
2022-01-31,경원선,신이문,3402,3198,6600,204,1,31,월
2022-01-31,경원선,외대앞,3078,2772,5850,306,1,31,월
2022-01-31,경원선,청량리(서울시립대입구),7483,7947,15430,-464,1,31,월
2022-01-31,경원선,왕십리(성동구청),5494,5794,11288,-300,1,31,월
2022-01-31,경원선,응봉,723,604,1327,119,1,31,월
2022-01-31,경원선,옥수,15,20,35,-5,1,31,월
2022-01-31,경원선,한남,1364,1253,2617,111,1,31,월
2022-01-31,경원선,서빙고,651,609,1260,42,1,31,월
2022-01-31,경원선,이촌(국립중앙박물관),1226,1044,2270,182,1,31,월
2022-01-31,경부선,광명,1319,1216,2535,103,1,31,월
2022-01-31,경부선,서동탄,430,424,854,6,1,31,월
2022-01-31,경부선,당정,1724,1783,3507,-59,1,31,월
2022-01-31,경부선,천안,3663,4381,8044,-718,1,31,월
2022-01-31,경부선,두정,2498,2367,4865,131,1,31,월
2022-01-31,경부선,직산,340,382,722,-42,1,31,월
2022-01-31,경부선,성환,1627,2023,3650,-396,1,31,월
2022-01-31,경부선,평택,7142,7725,14867,-583,1,31,월
2022-01-31,경부선,평택지제,1205,1147,2352,58,1,31,월
2022-01-31,경부선,서정리,2817,2804,5621,13,1,31,월
2022-01-31,경부선,송탄,2317,2135,4452,182,1,31,월
2022-01-31,경부선,진위,475,506,981,-31,1,31,월
2022-01-31,경부선,오산,5521,5144,10665,377,1,31,월
2022-01-31,경부선,오산대,1325,1206,2531,119,1,31,월
2022-01-31,경부선,세마,988,936,1924,52,1,31,월
2022-01-31,경부선,병점,5634,5879,11513,-245,1,31,월
2022-01-31,경부선,세류,1282,1410,2692,-128,1,31,월
2022-01-31,경부선,독산,4066,3728,7794,338,1,31,월
2022-01-31,경부선,수원,20299,21784,42083,-1485,1,31,월
2022-01-31,경부선,화서,2354,2476,4830,-122,1,31,월
2022-01-31,경부선,성균관대,4428,4394,8822,34,1,31,월
2022-01-31,경부선,의왕,2700,2758,5458,-58,1,31,월
2022-01-31,경부선,군포,2095,1997,4092,98,1,31,월
2022-01-31,경부선,금정,8714,9067,17781,-353,1,31,월
2022-01-31,경부선,명학,1987,1858,3845,129,1,31,월
2022-01-31,경부선,안양,8035,8335,16370,-300,1,31,월
2022-01-31,경부선,관악,2455,2474,4929,-19,1,31,월
2022-01-31,경부선,석수,3027,2848,5875,179,1,31,월
2022-01-31,경부선,금천구청,3880,4065,7945,-185,1,31,월
2022-01-31,경부선,가산디지털단지,3124,3931,7055,-807,1,31,월
2022-01-31,경부선,구로,6411,6532,12943,-121,1,31,월
2022-01-31,경부선,신길,2943,2375,5318,568,1,31,월
2022-01-31,경부선,신도림,1389,1182,2571,207,1,31,월
2022-01-31,경부선,영등포,17232,16774,34006,458,1,31,월
2022-01-31,경부선,대방,3429,3308,6737,121,1,31,월
2022-01-31,경부선,노량진,4662,4215,8877,447,1,31,월
2022-01-31,경부선,용산,18538,19644,38182,-1106,1,31,월
2022-01-31,경부선,남영,2506,2466,4972,40,1,31,월
2022-01-31,경부선,서울역,2886,939,3825,1947,1,31,월
2022-01-31,경강선,여주,1255,1689,2944,-434,1,31,월
2022-01-31,경강선,세종대왕릉,179,270,449,-91,1,31,월
2022-01-31,경강선,부발,929,1059,1988,-130,1,31,월
2022-01-31,경강선,이천,1566,1874,3440,-308,1,31,월
2022-01-31,경강선,신둔도예촌,500,638,1138,-138,1,31,월
2022-01-31,경강선,곤지암,1393,1444,2837,-51,1,31,월
2022-01-31,경강선,초월,1033,1111,2144,-78,1,31,월
2022-01-31,경강선,경기광주,2408,2814,5222,-406,1,31,월
2022-01-31,경강선,삼동,628,619,1247,9,1,31,월
2022-01-31,경강선,이매,453,275,728,178,1,31,월
2022-01-31,경강선,판교,1149,991,2140,158,1,31,월
2022-01-31,9호선2~3단계,중앙보훈병원,1778,1788,3566,-10,1,31,월
2022-01-31,9호선2~3단계,둔촌오륜,238,258,496,-20,1,31,월
2022-01-31,9호선2~3단계,올림픽공원(한국체대),1622,1628,3250,-6,1,31,월
2022-01-31,9호선2~3단계,한성백제,721,555,1276,166,1,31,월
2022-01-31,9호선2~3단계,송파나루,1818,1752,3570,66,1,31,월
2022-01-31,9호선2~3단계,석촌,2705,2049,4754,656,1,31,월
2022-01-31,9호선2~3단계,석촌고분,1901,1623,3524,278,1,31,월
2022-01-31,9호선2~3단계,삼전,2178,1946,4124,232,1,31,월
2022-01-31,9호선2~3단계,종합운동장,1088,1004,2092,84,1,31,월
2022-01-31,9호선2~3단계,봉은사,4377,4421,8798,-44,1,31,월
2022-01-31,9호선2~3단계,삼성중앙,1246,1027,2273,219,1,31,월
2022-01-31,9호선2~3단계,선정릉,1558,1464,3022,94,1,31,월
2022-01-31,9호선2~3단계,언주,1747,1562,3309,185,1,31,월
2022-01-31,9호선,신논현,9001,8353,17354,648,1,31,월
2022-01-31,9호선,사평,946,943,1889,3,1,31,월
2022-01-31,9호선,고속터미널,4686,9228,13914,-4542,1,31,월
2022-01-31,9호선,신반포,826,811,1637,15,1,31,월
2022-01-31,9호선,구반포,266,280,546,-14,1,31,월
2022-01-31,9호선,동작(현충원),828,602,1430,226,1,31,월
2022-01-31,9호선,흑석(중앙대입구),2314,2444,4758,-130,1,31,월
2022-01-31,9호선,노들,1512,1253,2765,259,1,31,월
2022-01-31,9호선,노량진,10416,9547,19963,869,1,31,월
2022-01-31,9호선,샛강,1034,1011,2045,23,1,31,월
2022-01-31,9호선,여의도,3592,3302,6894,290,1,31,월
2022-01-31,9호선,국회의사당,1484,1371,2855,113,1,31,월
2022-01-31,9호선,당산,4897,4591,9488,306,1,31,월
2022-01-31,9호선,선유도,1607,1429,3036,178,1,31,월
2022-01-31,9호선,신목동,1024,926,1950,98,1,31,월
2022-01-31,9호선,염창,5156,4783,9939,373,1,31,월
2022-01-31,9호선,등촌,3646,3599,7245,47,1,31,월
2022-01-31,9호선,증미,2172,2159,4331,13,1,31,월
2022-01-31,9호선,가양,6483,6086,12569,397,1,31,월
2022-01-31,9호선,양천향교,2621,2360,4981,261,1,31,월
2022-01-31,9호선,마곡나루(서울식물원),2949,2725,5674,224,1,31,월
2022-01-31,9호선,신방화,2213,2185,4398,28,1,31,월
2022-01-31,9호선,공항시장,1186,1206,2392,-20,1,31,월
2022-01-31,9호선,김포공항,4990,8934,13924,-3944,1,31,월
2022-01-31,9호선,개화,769,666,1435,103,1,31,월
2022-01-31,8호선,남위례,1108,1234,2342,-126,1,31,월
2022-01-31,8호선,모란,1719,1487,3206,232,1,31,월
2022-01-31,8호선,수진,1997,1732,3729,265,1,31,월
2022-01-31,8호선,신흥,1695,1747,3442,-52,1,31,월
2022-01-31,8호선,단대오거리,3613,3424,7037,189,1,31,월
2022-01-31,8호선,남한산성입구(성남법원.검찰청),4322,4046,8368,276,1,31,월
2022-01-31,8호선,산성,1887,1925,3812,-38,1,31,월
2022-01-31,8호선,복정,2504,2109,4613,395,1,31,월
2022-01-31,8호선,장지,5669,5551,11220,118,1,31,월
2022-01-31,8호선,문정,2673,2561,5234,112,1,31,월
2022-01-31,8호선,가락시장,2429,2604,5033,-175,1,31,월
2022-01-31,8호선,송파,2049,2156,4205,-107,1,31,월
2022-01-31,8호선,석촌,2382,2789,5171,-407,1,31,월
2022-01-31,8호선,잠실(송파구청),6106,6739,12845,-633,1,31,월
2022-01-31,8호선,몽촌토성(평화의문),1916,1830,3746,86,1,31,월
2022-01-31,8호선,강동구청,2858,2900,5758,-42,1,31,월
2022-01-31,8호선,천호(풍납토성),5103,5712,10815,-609,1,31,월
2022-01-31,8호선,암사,5996,5757,11753,239,1,31,월
2022-01-31,7호선,굴포천,2,0,2,2,1,31,월
2022-01-31,7호선,부천시청,1,0,1,1,1,31,월
2022-01-31,7호선,춘의,1,0,1,1,1,31,월
2022-01-31,7호선,까치울,1,0,1,1,1,31,월
2022-01-31,7호선,온수(성공회대입구),2628,2597,5225,31,1,31,월
2022-01-31,7호선,천왕,3277,3328,6605,-51,1,31,월
2022-01-31,7호선,광명사거리,9468,9722,19190,-254,1,31,월
2022-01-31,7호선,철산,6478,6556,13034,-78,1,31,월
2022-01-31,7호선,가산디지털단지,6882,5726,12608,1156,1,31,월
2022-01-31,7호선,남구로,4828,4879,9707,-51,1,31,월
2022-01-31,7호선,대림(구로구청),5642,5457,11099,185,1,31,월
2022-01-31,7호선,신풍,3857,3659,7516,198,1,31,월
2022-01-31,7호선,보라매,2657,2342,4999,315,1,31,월
2022-01-31,7호선,신대방삼거리,5374,4780,10154,594,1,31,월
2022-01-31,7호선,장승배기,3191,2933,6124,258,1,31,월
2022-01-31,7호선,상도,3125,2777,5902,348,1,31,월
2022-01-31,7호선,숭실대입구(살피재),3436,3283,6719,153,1,31,월
2022-01-31,7호선,남성,3384,3114,6498,270,1,31,월
2022-01-31,7호선,이수,4860,4417,9277,443,1,31,월
2022-01-31,7호선,내방,3190,2951,6141,239,1,31,월
2022-01-31,7호선,고속터미널,6671,5249,11920,1422,1,31,월
2022-01-31,7호선,반포,1898,1842,3740,56,1,31,월
2022-01-31,7호선,논현,3623,3647,7270,-24,1,31,월
2022-01-31,7호선,학동,2473,2410,4883,63,1,31,월
2022-01-31,7호선,강남구청,2686,2604,5290,82,1,31,월
2022-01-31,7호선,청담,3217,3342,6559,-125,1,31,월
2022-01-31,7호선,뚝섬유원지,2887,2745,5632,142,1,31,월
2022-01-31,7호선,건대입구,4525,4276,8801,249,1,31,월
2022-01-31,7호선,어린이대공원(세종대),4032,3385,7417,647,1,31,월
2022-01-31,7호선,군자(능동),4697,3444,8141,1253,1,31,월
2022-01-31,7호선,중곡,3285,3262,6547,23,1,31,월
2022-01-31,7호선,용마산(용마폭포공원),2154,2255,4409,-101,1,31,월
2022-01-31,7호선,사가정,5882,5919,11801,-37,1,31,월
2022-01-31,7호선,면목,5538,5460,10998,78,1,31,월
2022-01-31,7호선,상봉(시외버스터미널),6150,5720,11870,430,1,31,월
2022-01-31,7호선,중화,3640,3573,7213,67,1,31,월
2022-01-31,7호선,먹골,3429,3303,6732,126,1,31,월
2022-01-31,7호선,태릉입구,2779,2489,5268,290,1,31,월
2022-01-31,7호선,공릉(서울과학기술대),3819,3824,7643,-5,1,31,월
2022-01-31,7호선,하계,5735,5396,11131,339,1,31,월
2022-01-31,7호선,중계,4473,4083,8556,390,1,31,월
2022-01-31,7호선,노원,6351,6287,12638,64,1,31,월
2022-01-31,7호선,마들,4299,4069,8368,230,1,31,월
2022-01-31,7호선,수락산,4613,4786,9399,-173,1,31,월
2022-01-31,7호선,도봉산,2852,4227,7079,-1375,1,31,월
2022-01-31,7호선,장암,554,421,975,133,1,31,월
2022-01-31,6호선,봉화산(서울의료원),2424,2547,4971,-123,1,31,월
2022-01-31,6호선,화랑대(서울여대입구),3073,2662,5735,411,1,31,월
2022-01-31,6호선,태릉입구,1795,1899,3694,-104,1,31,월
2022-01-31,6호선,석계,4134,4275,8409,-141,1,31,월
2022-01-31,6호선,돌곶이,2991,2880,5871,111,1,31,월
2022-01-31,6호선,상월곡(한국과학기술연구원),2051,1787,3838,264,1,31,월
2022-01-31,6호선,월곡(동덕여대),3636,3477,7113,159,1,31,월
2022-01-31,6호선,고려대(종암),2662,2294,4956,368,1,31,월
2022-01-31,6호선,안암(고대병원앞),2475,2092,4567,383,1,31,월
2022-01-31,6호선,보문,2414,1966,4380,448,1,31,월
2022-01-31,6호선,창신,1041,923,1964,118,1,31,월
2022-01-31,6호선,동묘앞,3389,3169,6558,220,1,31,월
2022-01-31,6호선,신당,2039,1787,3826,252,1,31,월
2022-01-31,6호선,청구,1023,1047,2070,-24,1,31,월
2022-01-31,6호선,약수,1117,1147,2264,-30,1,31,월
2022-01-31,6호선,버티고개,659,729,1388,-70,1,31,월
2022-01-31,6호선,한강진,3454,3926,7380,-472,1,31,월
2022-01-31,6호선,이태원,6436,6097,12533,339,1,31,월
2022-01-31,6호선,녹사평(용산구청),1935,1978,3913,-43,1,31,월
2022-01-31,6호선,삼각지,1920,1394,3314,526,1,31,월
2022-01-31,6호선,효창공원앞,1957,1711,3668,246,1,31,월
2022-01-31,6호선,공덕,4221,3821,8042,400,1,31,월
2022-01-31,6호선,대흥(서강대앞),2178,2141,4319,37,1,31,월
2022-01-31,6호선,광흥창(서강),2220,2118,4338,102,1,31,월
2022-01-31,6호선,상수,3162,3213,6375,-51,1,31,월
2022-01-31,6호선,합정,5050,4500,9550,550,1,31,월
2022-01-31,6호선,마포구청,4231,3709,7940,522,1,31,월
2022-01-31,6호선,월드컵경기장(성산),2359,2216,4575,143,1,31,월
2022-01-31,6호선,디지털미디어시티,3262,3414,6676,-152,1,31,월
2022-01-31,6호선,증산(명지대앞),3707,3614,7321,93,1,31,월
2022-01-31,6호선,새절(신사),4280,4239,8519,41,1,31,월
2022-01-31,6호선,구산,2560,1896,4456,664,1,31,월
2022-01-31,6호선,독바위,1016,1226,2242,-210,1,31,월
2022-01-31,6호선,불광,1864,1649,3513,215,1,31,월
2022-01-31,6호선,역촌,1267,1483,2750,-216,1,31,월
2022-01-31,6호선,응암,6302,6375,12677,-73,1,31,월
2022-01-31,5호선,하남검단산,2886,3006,5892,-120,1,31,월
2022-01-31,5호선,하남시청(덕풍·신장),2757,2747,5504,10,1,31,월
2022-01-31,5호선,하남풍산,1411,1478,2889,-67,1,31,월
2022-01-31,5호선,미사,5537,5132,10669,405,1,31,월
2022-01-31,5호선,강일,1327,1353,2680,-26,1,31,월
2022-01-31,5호선,마천,2291,2414,4705,-123,1,31,월
2022-01-31,5호선,거여,2416,2384,4800,32,1,31,월
2022-01-31,5호선,개롱,1717,1928,3645,-211,1,31,월
2022-01-31,5호선,오금,876,874,1750,2,1,31,월
2022-01-31,5호선,방이,1951,1894,3845,57,1,31,월
2022-01-31,5호선,올림픽공원(한국체대),1276,1086,2362,190,1,31,월
2022-01-31,5호선,둔촌동,2685,2677,5362,8,1,31,월
2022-01-31,5호선,상일동,4096,3977,8073,119,1,31,월
2022-01-31,5호선,고덕,2637,2749,5386,-112,1,31,월
2022-01-31,5호선,명일,2611,2647,5258,-36,1,31,월
2022-01-31,5호선,굽은다리(강동구민회관앞),3311,3101,6412,210,1,31,월
2022-01-31,5호선,길동,2899,3053,5952,-154,1,31,월
2022-01-31,5호선,강동,5237,5053,10290,184,1,31,월
2022-01-31,5호선,천호(풍납토성),6779,6302,13081,477,1,31,월
2022-01-31,5호선,광나루(장신대),4164,4135,8299,29,1,31,월
2022-01-31,5호선,아차산(어린이대공원후문),5705,5458,11163,247,1,31,월
2022-01-31,5호선,군자(능동),3429,3648,7077,-219,1,31,월
2022-01-31,5호선,장한평,4479,4246,8725,233,1,31,월
2022-01-31,5호선,답십리,4445,4218,8663,227,1,31,월
2022-01-31,5호선,마장,1906,1889,3795,17,1,31,월
2022-01-31,5호선,왕십리(성동구청),1499,1792,3291,-293,1,31,월
2022-01-31,5호선,행당,2322,2028,4350,294,1,31,월
2022-01-31,5호선,신금호,1914,2092,4006,-178,1,31,월
2022-01-31,5호선,청구,1136,1017,2153,119,1,31,월
2022-01-31,5호선,동대문역사문화공원(DDP),508,583,1091,-75,1,31,월
2022-01-31,5호선,을지로4가,941,1072,2013,-131,1,31,월
2022-01-31,5호선,종로3가,5353,4837,10190,516,1,31,월
2022-01-31,5호선,광화문(세종문화회관),6564,6356,12920,208,1,31,월
2022-01-31,5호선,서대문,2794,2677,5471,117,1,31,월
2022-01-31,5호선,충정로(경기대입구),777,699,1476,78,1,31,월
2022-01-31,5호선,애오개,1559,1537,3096,22,1,31,월
2022-01-31,5호선,공덕,2706,2639,5345,67,1,31,월
2022-01-31,5호선,마포,2979,2893,5872,86,1,31,월
2022-01-31,5호선,여의나루,2238,2349,4587,-111,1,31,월
2022-01-31,5호선,여의도,3482,3660,7142,-178,1,31,월
2022-01-31,5호선,신길,1010,1005,2015,5,1,31,월
2022-01-31,5호선,영등포시장,2684,2519,5203,165,1,31,월
2022-01-31,5호선,영등포구청,802,745,1547,57,1,31,월
2022-01-31,5호선,양평,1610,1473,3083,137,1,31,월
2022-01-31,5호선,오목교(목동운동장앞),5876,6013,11889,-137,1,31,월
2022-01-31,5호선,목동,4734,4904,9638,-170,1,31,월
2022-01-31,5호선,신정(은행정),4022,3662,7684,360,1,31,월
2022-01-31,5호선,까치산,10409,10039,20448,370,1,31,월
2022-01-31,5호선,화곡,9082,8512,17594,570,1,31,월
2022-01-31,5호선,우장산,4442,4678,9120,-236,1,31,월
2022-01-31,5호선,발산,5528,5446,10974,82,1,31,월
2022-01-31,5호선,마곡,2217,2169,4386,48,1,31,월
2022-01-31,5호선,송정,2537,2541,5078,-4,1,31,월
2022-01-31,5호선,김포공항,5070,5278,10348,-208,1,31,월
2022-01-31,5호선,개화산,1914,2030,3944,-116,1,31,월
2022-01-31,5호선,방화,2371,2357,4728,14,1,31,월
2022-01-31,4호선,쌍문,10109,9425,19534,684,1,31,월
2022-01-31,4호선,창동,10048,10827,20875,-779,1,31,월
2022-01-31,4호선,노원,7259,7828,15087,-569,1,31,월
2022-01-31,4호선,상계,6743,6665,13408,78,1,31,월
2022-01-31,4호선,당고개,4678,4775,9453,-97,1,31,월
2022-01-31,4호선,남태령,407,325,732,82,1,31,월
2022-01-31,4호선,사당,8037,6982,15019,1055,1,31,월
2022-01-31,4호선,총신대입구(이수),6842,7246,14088,-404,1,31,월
2022-01-31,4호선,동작(현충원),644,709,1353,-65,1,31,월
2022-01-31,4호선,이촌(국립중앙박물관),3511,3730,7241,-219,1,31,월
2022-01-31,4호선,신용산,4371,4899,9270,-528,1,31,월
2022-01-31,4호선,삼각지,1281,1582,2863,-301,1,31,월
2022-01-31,4호선,숙대입구(갈월),3533,3119,6652,414,1,31,월
2022-01-31,4호선,서울역,2552,5878,8430,-3326,1,31,월
2022-01-31,4호선,회현(남대문시장),6632,7004,13636,-372,1,31,월
2022-01-31,4호선,명동,7239,7055,14294,184,1,31,월
2022-01-31,4호선,충무로,4621,4312,8933,309,1,31,월
2022-01-31,4호선,동대문역사문화공원(DDP),5222,4573,9795,649,1,31,월
2022-01-31,4호선,동대문,3474,3495,6969,-21,1,31,월
2022-01-31,4호선,혜화,10652,10119,20771,533,1,31,월
2022-01-31,4호선,한성대입구(삼선교),4541,4157,8698,384,1,31,월
2022-01-31,4호선,성신여대입구(돈암),7219,6703,13922,516,1,31,월
2022-01-31,4호선,길음,6260,6070,12330,190,1,31,월
2022-01-31,4호선,미아사거리,10328,10020,20348,308,1,31,월
2022-01-31,4호선,미아(서울사이버대학),5564,5345,10909,219,1,31,월
2022-01-31,4호선,수유(강북구청),13016,12864,25880,152,1,31,월
2022-01-31,3호선,오금,1571,1438,3009,133,1,31,월
2022-01-31,3호선,경찰병원,1834,1658,3492,176,1,31,월
2022-01-31,3호선,가락시장,2686,2604,5290,82,1,31,월
2022-01-31,3호선,수서,5447,5933,11380,-486,1,31,월
2022-01-31,3호선,일원,2061,2098,4159,-37,1,31,월
2022-01-31,3호선,대청,2642,2506,5148,136,1,31,월
2022-01-31,3호선,학여울,422,434,856,-12,1,31,월
2022-01-31,3호선,대치,3479,3151,6630,328,1,31,월
2022-01-31,3호선,도곡,1257,1171,2428,86,1,31,월
2022-01-31,3호선,매봉,2359,2213,4572,146,1,31,월
2022-01-31,3호선,양재(서초구청),6275,6726,13001,-451,1,31,월
2022-01-31,3호선,남부터미널(예술의전당),6773,8550,15323,-1777,1,31,월
2022-01-31,3호선,교대(법원.검찰청),2115,1261,3376,854,1,31,월
2022-01-31,3호선,고속터미널,17880,24849,42729,-6969,1,31,월
2022-01-31,3호선,잠원,1350,1321,2671,29,1,31,월
2022-01-31,3호선,신사,7594,7324,14918,270,1,31,월
2022-01-31,3호선,압구정,9121,9260,18381,-139,1,31,월
2022-01-31,3호선,옥수,3002,3039,6041,-37,1,31,월
2022-01-31,3호선,금호,2757,2642,5399,115,1,31,월
2022-01-31,3호선,약수,4079,3747,7826,332,1,31,월
2022-01-31,3호선,동대입구,2774,2936,5710,-162,1,31,월
2022-01-31,3호선,을지로3가,1576,1461,3037,115,1,31,월
2022-01-31,3호선,종로3가,2210,2776,4986,-566,1,31,월
2022-01-31,3호선,안국,6523,6927,13450,-404,1,31,월
2022-01-31,3호선,경복궁(정부서울청사),6824,7332,14156,-508,1,31,월
2022-01-31,3호선,독립문,2658,2814,5472,-156,1,31,월
2022-01-31,3호선,무악재,1240,1320,2560,-80,1,31,월
2022-01-31,3호선,홍제,6249,5881,12130,368,1,31,월
2022-01-31,3호선,녹번,4693,4187,8880,506,1,31,월
2022-01-31,3호선,불광,5904,6629,12533,-725,1,31,월
2022-01-31,3호선,연신내,14600,13756,28356,844,1,31,월
2022-01-31,3호선,구파발,7239,7372,14611,-133,1,31,월
2022-01-31,3호선,지축,1383,1307,2690,76,1,31,월
2022-01-31,2호선,용두(동대문구청),851,847,1698,4,1,31,월
2022-01-31,2호선,신정네거리,3255,3418,6673,-163,1,31,월
2022-01-31,2호선,양천구청,2004,2059,4063,-55,1,31,월
2022-01-31,2호선,도림천,274,307,581,-33,1,31,월
2022-01-31,2호선,신설동,1362,1318,2680,44,1,31,월
2022-01-31,2호선,신답,461,505,966,-44,1,31,월
2022-01-31,2호선,용답,1172,1128,2300,44,1,31,월
2022-01-31,2호선,충정로(경기대입구),2274,2310,4584,-36,1,31,월
2022-01-31,2호선,아현,3194,3050,6244,144,1,31,월
2022-01-31,2호선,이대,3578,3393,6971,185,1,31,월
2022-01-31,2호선,신촌,11815,10594,22409,1221,1,31,월
2022-01-31,2호선,홍대입구,25297,24169,49466,1128,1,31,월
2022-01-31,2호선,합정,9989,10210,20199,-221,1,31,월
2022-01-31,2호선,당산,4748,4954,9702,-206,1,31,월
2022-01-31,2호선,영등포구청,4699,4651,9350,48,1,31,월
2022-01-31,2호선,문래,4056,4251,8307,-195,1,31,월
2022-01-31,2호선,신도림,14964,15188,30152,-224,1,31,월
2022-01-31,2호선,대림(구로구청),9571,10216,19787,-645,1,31,월
2022-01-31,2호선,구로디지털단지,14330,13472,27802,858,1,31,월
2022-01-31,2호선,신대방,9484,8862,18346,622,1,31,월
2022-01-31,2호선,신림,23366,20345,43711,3021,1,31,월
2022-01-31,2호선,봉천,7549,6603,14152,946,1,31,월
2022-01-31,2호선,서울대입구(관악구청),15227,13388,28615,1839,1,31,월
2022-01-31,2호선,낙성대(강감찬),8485,7327,15812,1158,1,31,월
2022-01-31,2호선,사당,10684,11885,22569,-1201,1,31,월
2022-01-31,2호선,방배,3350,3465,6815,-115,1,31,월
2022-01-31,2호선,서초,2969,2594,5563,375,1,31,월
2022-01-31,2호선,교대(법원.검찰청),5477,5907,11384,-430,1,31,월
2022-01-31,2호선,강남,18308,17141,35449,1167,1,31,월
2022-01-31,2호선,역삼,6027,6214,12241,-187,1,31,월
2022-01-31,2호선,선릉,6472,5276,11748,1196,1,31,월
2022-01-31,2호선,삼성(무역센터),9989,9555,19544,434,1,31,월
2022-01-31,2호선,종합운동장,2015,2102,4117,-87,1,31,월
2022-01-31,2호선,잠실새내,6645,6698,13343,-53,1,31,월
2022-01-31,2호선,잠실(송파구청),26747,25859,52606,888,1,31,월
2022-01-31,2호선,잠실나루,3125,3118,6243,7,1,31,월
2022-01-31,2호선,강변(동서울터미널),11754,15860,27614,-4106,1,31,월
2022-01-31,2호선,구의(광진구청),6973,6684,13657,289,1,31,월
2022-01-31,2호선,건대입구,15140,15279,30419,-139,1,31,월
2022-01-31,2호선,성수,7513,8055,15568,-542,1,31,월
2022-01-31,2호선,뚝섬,4882,4785,9667,97,1,31,월
2022-01-31,2호선,한양대,1207,1104,2311,103,1,31,월
2022-01-31,2호선,왕십리(성동구청),5161,4127,9288,1034,1,31,월
2022-01-31,2호선,상왕십리,4165,3982,8147,183,1,31,월
2022-01-31,2호선,신당,4981,5121,10102,-140,1,31,월
2022-01-31,2호선,동대문역사문화공원(DDP),4459,4932,9391,-473,1,31,월
2022-01-31,2호선,을지로4가,2077,1872,3949,205,1,31,월
2022-01-31,2호선,을지로3가,3521,3165,6686,356,1,31,월
2022-01-31,2호선,을지로입구,6685,6092,12777,593,1,31,월
2022-01-31,2호선,시청,2790,2247,5037,543,1,31,월
2022-01-31,1호선,청량리(서울시립대입구),9670,10051,19721,-381,1,31,월
2022-01-31,1호선,제기동,7217,7169,14386,48,1,31,월
2022-01-31,1호선,동대문,6744,6720,13464,24,1,31,월
2022-01-31,1호선,종로5가,6658,6303,12961,355,1,31,월
2022-01-31,1호선,종로3가,8629,7556,16185,1073,1,31,월
2022-01-31,1호선,종각,7447,6393,13840,1054,1,31,월
2022-01-31,1호선,동묘앞,6014,6136,12150,-122,1,31,월
2022-01-31,1호선,서울역,15649,16857,32506,-1208,1,31,월
2022-01-31,1호선,신설동,4267,3770,8037,497,1,31,월
2022-01-31,6호선,망원,6428,6691,13119,-263,1,31,월
2022-01-31,1호선,시청,4315,4155,8470,160,1,31,월
2022-01-31,중앙선,양수,961,1127,2088,-166,1,31,월
2022-01-31,중앙선,신원,90,85,175,5,1,31,월
2022-01-31,중앙선,국수,286,399,685,-113,1,31,월
2022-01-31,중앙선,아신,311,391,702,-80,1,31,월
2022-01-31,중앙선,오빈,113,159,272,-46,1,31,월
2022-01-31,중앙선,양평,1364,1801,3165,-437,1,31,월
2022-01-31,중앙선,원덕,220,273,493,-53,1,31,월
2022-01-31,중앙선,용문,1074,1650,2724,-576,1,31,월
2022-01-31,중앙선,지평,43,54,97,-11,1,31,월
2022-01-31,일산선,대화,3887,3625,7512,262,1,31,월
2022-01-31,장항선,봉명,328,336,664,-8,1,31,월
2022-01-31,장항선,쌍용(나사렛대),764,705,1469,59,1,31,월
2022-01-31,장항선,아산,1524,1320,2844,204,1,31,월
2022-01-31,장항선,탕정,212,217,429,-5,1,31,월
2022-01-31,장항선,배방,469,482,951,-13,1,31,월
2022-01-31,장항선,온양온천,2263,2608,4871,-345,1,31,월
2022-01-31,장항선,신창(순천향대),642,846,1488,-204,1,31,월
2022-01-31,중앙선,회기,8704,7611,16315,1093,1,31,월
2022-01-31,중앙선,중랑,2211,2052,4263,159,1,31,월
2022-01-31,중앙선,상봉(시외버스터미널),2588,2508,5096,80,1,31,월
2022-01-31,중앙선,망우,3189,3044,6233,145,1,31,월
2022-01-31,중앙선,양원,595,589,1184,6,1,31,월
2022-01-31,중앙선,구리,4319,4615,8934,-296,1,31,월
2022-01-31,중앙선,도농,3098,3208,6306,-110,1,31,월
2022-01-31,중앙선,양정,204,180,384,24,1,31,월
2022-01-31,중앙선,덕소,2117,2284,4401,-167,1,31,월
2022-01-31,중앙선,도심,679,631,1310,48,1,31,월
2022-01-31,중앙선,팔당,733,702,1435,31,1,31,월
2022-01-31,중앙선,운길산,468,491,959,-23,1,31,월
2022-01-31,일산선,주엽,2883,2897,5780,-14,1,31,월
2022-01-31,일산선,정발산,2631,2637,5268,-6,1,31,월
2022-01-31,일산선,마두,2345,2390,4735,-45,1,31,월
2022-01-31,일산선,백석,3742,3906,7648,-164,1,31,월
2022-01-31,일산선,대곡,661,518,1179,143,1,31,월
2022-01-31,일산선,화정,6199,6475,12674,-276,1,31,월
2022-01-31,일산선,원당,3949,4151,8100,-202,1,31,월
2022-01-31,일산선,삼송,7524,7545,15069,-21,1,31,월
2022-01-31,일산선,원흥,3471,3297,6768,174,1,31,월
2022-01-31,우이신설선,신설동,662,651,1313,11,1,31,월
2022-01-31,우이신설선,보문,659,587,1246,72,1,31,월
2022-01-31,우이신설선,성신여대입구(돈암),1333,1517,2850,-184,1,31,월
2022-01-31,우이신설선,정릉,1714,1446,3160,268,1,31,월
2022-01-31,우이신설선,북한산보국문,2323,2074,4397,249,1,31,월
2022-01-31,우이신설선,솔샘,1867,1744,3611,123,1,31,월
2022-01-31,우이신설선,삼양사거리,1070,1049,2119,21,1,31,월
2022-01-31,우이신설선,삼양,837,929,1766,-92,1,31,월
2022-01-31,우이신설선,화계,1332,1265,2597,67,1,31,월
2022-01-31,우이신설선,가오리,1585,1634,3219,-49,1,31,월
2022-01-31,우이신설선,4.19민주묘지,1105,1021,2126,84,1,31,월
2022-01-31,우이신설선,솔밭공원,975,966,1941,9,1,31,월
2022-01-31,우이신설선,북한산우이,1641,1683,3324,-42,1,31,월
2022-01-31,안산선,수리산,1333,1225,2558,108,1,31,월
2022-01-31,안산선,오이도,3753,3975,7728,-222,1,31,월
2022-01-31,안산선,정왕,3878,3739,7617,139,1,31,월
