날짜,노선,역,승차승객,하차승객,총 승객,승차-하차,월,일,요일
2022-02-01,5호선,화곡,8399,8782,17181,-383,2,1,화
2022-02-01,경강선,곤지암,1283,1197,2480,86,2,1,화
2022-02-01,경강선,초월,1134,961,2095,173,2,1,화
2022-02-01,경강선,경기광주,2482,2311,4793,171,2,1,화
2022-02-01,경강선,삼동,562,572,1134,-10,2,1,화
2022-02-01,경강선,이매,420,317,737,103,2,1,화
2022-02-01,경강선,판교,914,965,1879,-51,2,1,화
2022-02-01,9호선2~3단계,중앙보훈병원,1939,1900,3839,39,2,1,화
2022-02-01,9호선2~3단계,둔촌오륜,227,218,445,9,2,1,화
2022-02-01,9호선2~3단계,올림픽공원(한국체대),1536,1692,3228,-156,2,1,화
2022-02-01,9호선2~3단계,한성백제,743,730,1473,13,2,1,화
2022-02-01,9호선2~3단계,송파나루,1501,1650,3151,-149,2,1,화
2022-02-01,9호선2~3단계,석촌,2348,2396,4744,-48,2,1,화
2022-02-01,9호선2~3단계,석촌고분,1626,1943,3569,-317,2,1,화
2022-02-01,9호선2~3단계,삼전,1882,2245,4127,-363,2,1,화
2022-02-01,9호선2~3단계,종합운동장,1025,1071,2096,-46,2,1,화
2022-02-01,9호선2~3단계,봉은사,5174,5635,10809,-461,2,1,화
2022-02-01,9호선2~3단계,삼성중앙,879,960,1839,-81,2,1,화
2022-02-01,9호선2~3단계,선정릉,1137,1538,2675,-401,2,1,화
2022-02-01,9호선2~3단계,언주,1338,1440,2778,-102,2,1,화
2022-02-01,9호선,신논현,6205,6213,12418,-8,2,1,화
2022-02-01,9호선,사평,820,863,1683,-43,2,1,화
2022-02-01,9호선,고속터미널,7335,4824,12159,2511,2,1,화
2022-02-01,9호선,신반포,537,539,1076,-2,2,1,화
2022-02-01,9호선,구반포,230,202,432,28,2,1,화
2022-02-01,9호선,동작(현충원),803,664,1467,139,2,1,화
2022-02-01,9호선,흑석(중앙대입구),2146,2272,4418,-126,2,1,화
2022-02-01,9호선,노들,1243,1188,2431,55,2,1,화
2022-02-01,9호선,노량진,7781,9072,16853,-1291,2,1,화
2022-02-01,9호선,샛강,732,753,1485,-21,2,1,화
2022-02-01,9호선,여의도,2734,2738,5472,-4,2,1,화
2022-02-01,9호선,국회의사당,1118,1172,2290,-54,2,1,화
2022-02-01,9호선,당산,4156,4902,9058,-746,2,1,화
2022-02-01,9호선,선유도,1393,1643,3036,-250,2,1,화
2022-02-01,9호선,신목동,996,905,1901,91,2,1,화
2022-02-01,9호선,염창,4572,5255,9827,-683,2,1,화
2022-02-01,9호선,등촌,2940,3445,6385,-505,2,1,화
2022-02-01,9호선,증미,1612,1868,3480,-256,2,1,화
2022-02-01,9호선,가양,5635,6248,11883,-613,2,1,화
2022-02-01,9호선,양천향교,2297,2680,4977,-383,2,1,화
2022-02-01,9호선,마곡나루(서울식물원),2564,2989,5553,-425,2,1,화
2022-02-01,9호선,신방화,2125,2147,4272,-22,2,1,화
2022-02-01,9호선,공항시장,1045,1216,2261,-171,2,1,화
2022-02-01,9호선,김포공항,6900,8777,15677,-1877,2,1,화
2022-02-01,9호선,개화,493,464,957,29,2,1,화
2022-02-01,8호선,남위례,981,1077,2058,-96,2,1,화
2022-02-01,8호선,모란,1571,1264,2835,307,2,1,화
2022-02-01,8호선,수진,1764,1739,3503,25,2,1,화
2022-02-01,8호선,신흥,1516,1698,3214,-182,2,1,화
2022-02-01,8호선,단대오거리,3254,3349,6603,-95,2,1,화
2022-02-01,8호선,남한산성입구(성남법원.검찰청),3982,3878,7860,104,2,1,화
2022-02-01,8호선,산성,1703,1711,3414,-8,2,1,화
2022-02-01,8호선,복정,2217,1917,4134,300,2,1,화
2022-02-01,8호선,장지,3792,3775,7567,17,2,1,화
2022-02-01,8호선,문정,1997,2380,4377,-383,2,1,화
2022-02-01,8호선,가락시장,1471,1654,3125,-183,2,1,화
2022-02-01,8호선,송파,1795,1978,3773,-183,2,1,화
2022-02-01,8호선,석촌,2042,2615,4657,-573,2,1,화
2022-02-01,8호선,잠실(송파구청),5356,5827,11183,-471,2,1,화
2022-02-01,8호선,몽촌토성(평화의문),1702,1874,3576,-172,2,1,화
2022-02-01,8호선,강동구청,2538,2726,5264,-188,2,1,화
2022-02-01,8호선,천호(풍납토성),4256,5224,9480,-968,2,1,화
2022-02-01,8호선,암사,5024,5046,10070,-22,2,1,화
2022-02-01,7호선,상동,1,0,1,1,2,1,화
2022-02-01,7호선,춘의,1,0,1,1,2,1,화
2022-02-01,7호선,온수(성공회대입구),2528,2627,5155,-99,2,1,화
2022-02-01,7호선,천왕,3028,3074,6102,-46,2,1,화
2022-02-01,7호선,광명사거리,7645,7716,15361,-71,2,1,화
2022-02-01,7호선,철산,6028,6334,12362,-306,2,1,화
2022-02-01,7호선,가산디지털단지,4948,5187,10135,-239,2,1,화
2022-02-01,7호선,남구로,4806,5069,9875,-263,2,1,화
2022-02-01,7호선,대림(구로구청),4338,4420,8758,-82,2,1,화
2022-02-01,7호선,신풍,3607,3758,7365,-151,2,1,화
2022-02-01,7호선,보라매,2263,2547,4810,-284,2,1,화
2022-02-01,7호선,신대방삼거리,4646,5476,10122,-830,2,1,화
2022-02-01,7호선,장승배기,2932,3288,6220,-356,2,1,화
2022-02-01,7호선,상도,2789,3068,5857,-279,2,1,화
2022-02-01,7호선,숭실대입구(살피재),3101,3689,6790,-588,2,1,화
2022-02-01,7호선,남성,3159,3420,6579,-261,2,1,화
2022-02-01,7호선,이수,3877,3929,7806,-52,2,1,화
2022-02-01,7호선,내방,2397,2608,5005,-211,2,1,화
2022-02-01,7호선,고속터미널,14674,3901,18575,10773,2,1,화
2022-02-01,7호선,반포,1234,1041,2275,193,2,1,화
2022-02-01,7호선,논현,2569,3009,5578,-440,2,1,화
2022-02-01,7호선,학동,1984,2099,4083,-115,2,1,화
2022-02-01,7호선,강남구청,1893,2225,4118,-332,2,1,화
2022-02-01,7호선,청담,2504,2715,5219,-211,2,1,화
2022-02-01,7호선,뚝섬유원지,2559,2647,5206,-88,2,1,화
2022-02-01,7호선,건대입구,3613,3950,7563,-337,2,1,화
2022-02-01,7호선,어린이대공원(세종대),3607,4112,7719,-505,2,1,화
2022-02-01,7호선,군자(능동),4190,3840,8030,350,2,1,화
2022-02-01,7호선,중곡,3003,3321,6324,-318,2,1,화
2022-02-01,7호선,용마산(용마폭포공원),2141,2265,4406,-124,2,1,화
2022-02-01,7호선,사가정,5500,5712,11212,-212,2,1,화
2022-02-01,7호선,면목,5176,5444,10620,-268,2,1,화
2022-02-01,7호선,상봉(시외버스터미널),5341,5324,10665,17,2,1,화
2022-02-01,7호선,중화,3477,3614,7091,-137,2,1,화
2022-02-01,7호선,먹골,3365,3511,6876,-146,2,1,화
2022-02-01,7호선,태릉입구,2533,2507,5040,26,2,1,화
2022-02-01,7호선,공릉(서울과학기술대),3571,3905,7476,-334,2,1,화
2022-02-01,7호선,하계,5236,5051,10287,185,2,1,화
2022-02-01,7호선,중계,4459,4287,8746,172,2,1,화
2022-02-01,7호선,노원,5414,5413,10827,1,2,1,화
2022-02-01,7호선,마들,4277,4279,8556,-2,2,1,화
2022-02-01,7호선,수락산,4495,4272,8767,223,2,1,화
2022-02-01,7호선,도봉산,2726,3688,6414,-962,2,1,화
2022-02-01,7호선,장암,602,317,919,285,2,1,화
2022-02-01,6호선,봉화산(서울의료원),2543,2554,5097,-11,2,1,화
2022-02-01,6호선,화랑대(서울여대입구),2884,2600,5484,284,2,1,화
2022-02-01,6호선,태릉입구,1658,1868,3526,-210,2,1,화
2022-02-01,6호선,석계,4275,4287,8562,-12,2,1,화
2022-02-01,6호선,돌곶이,2884,2956,5840,-72,2,1,화
2022-02-01,6호선,상월곡(한국과학기술연구원),2021,1933,3954,88,2,1,화
2022-02-01,6호선,월곡(동덕여대),3301,3423,6724,-122,2,1,화
2022-02-01,6호선,고려대(종암),2391,2585,4976,-194,2,1,화
2022-02-01,6호선,안암(고대병원앞),1998,2204,4202,-206,2,1,화
2022-02-01,6호선,보문,2618,2724,5342,-106,2,1,화
2022-02-01,6호선,창신,1054,999,2053,55,2,1,화
2022-02-01,6호선,동묘앞,2419,2519,4938,-100,2,1,화
2022-02-01,6호선,신당,1734,1783,3517,-49,2,1,화
2022-02-01,6호선,청구,1117,1102,2219,15,2,1,화
2022-02-01,6호선,약수,1003,1041,2044,-38,2,1,화
2022-02-01,6호선,버티고개,564,662,1226,-98,2,1,화
2022-02-01,6호선,한강진,1445,1811,3256,-366,2,1,화
2022-02-01,6호선,이태원,5200,5447,10647,-247,2,1,화
2022-02-01,6호선,녹사평(용산구청),1759,1669,3428,90,2,1,화
2022-02-01,6호선,삼각지,1597,1189,2786,408,2,1,화
2022-02-01,6호선,효창공원앞,1825,1723,3548,102,2,1,화
2022-02-01,6호선,공덕,3382,3440,6822,-58,2,1,화
2022-02-01,6호선,대흥(서강대앞),1861,2071,3932,-210,2,1,화
2022-02-01,6호선,광흥창(서강),1973,2015,3988,-42,2,1,화
2022-02-01,6호선,상수,2406,2870,5276,-464,2,1,화
2022-02-01,6호선,합정,4105,3624,7729,481,2,1,화
2022-02-01,6호선,망원,4243,4870,9113,-627,2,1,화
2022-02-01,6호선,마포구청,4134,4230,8364,-96,2,1,화
2022-02-01,6호선,월드컵경기장(성산),1909,1794,3703,115,2,1,화
2022-02-01,6호선,디지털미디어시티,3213,3400,6613,-187,2,1,화
2022-02-01,6호선,증산(명지대앞),3625,3783,7408,-158,2,1,화
2022-02-01,6호선,새절(신사),4227,4394,8621,-167,2,1,화
2022-02-01,6호선,구산,2484,1996,4480,488,2,1,화
2022-02-01,6호선,독바위,1079,1171,2250,-92,2,1,화
2022-02-01,6호선,불광,1321,1239,2560,82,2,1,화
2022-02-01,6호선,역촌,1395,1839,3234,-444,2,1,화
2022-02-01,6호선,응암,5918,6290,12208,-372,2,1,화
2022-02-01,5호선,하남검단산,2724,2538,5262,186,2,1,화
2022-02-01,5호선,하남시청(덕풍·신장),2455,2400,4855,55,2,1,화
2022-02-01,5호선,하남풍산,1113,1074,2187,39,2,1,화
2022-02-01,5호선,미사,4681,5122,9803,-441,2,1,화
2022-02-01,5호선,강일,1166,1235,2401,-69,2,1,화
2022-02-01,5호선,마천,2114,2303,4417,-189,2,1,화
2022-02-01,5호선,거여,2410,2379,4789,31,2,1,화
2022-02-01,5호선,개롱,1514,1682,3196,-168,2,1,화
2022-02-01,5호선,오금,807,790,1597,17,2,1,화
2022-02-01,5호선,방이,1634,1657,3291,-23,2,1,화
2022-02-01,5호선,올림픽공원(한국체대),1043,940,1983,103,2,1,화
2022-02-01,5호선,둔촌동,2011,2127,4138,-116,2,1,화
2022-02-01,5호선,상일동,3804,3470,7274,334,2,1,화
2022-02-01,5호선,고덕,2097,2146,4243,-49,2,1,화
2022-02-01,5호선,명일,2253,2212,4465,41,2,1,화
2022-02-01,5호선,굽은다리(강동구민회관앞),3068,3055,6123,13,2,1,화
2022-02-01,5호선,길동,2197,2419,4616,-222,2,1,화
2022-02-01,5호선,강동,4941,5373,10314,-432,2,1,화
2022-02-01,5호선,천호(풍납토성),5469,5461,10930,8,2,1,화
2022-02-01,5호선,광나루(장신대),3779,3373,7152,406,2,1,화
2022-02-01,5호선,아차산(어린이대공원후문),5092,5134,10226,-42,2,1,화
2022-02-01,5호선,군자(능동),3249,3901,7150,-652,2,1,화
2022-02-01,5호선,장한평,3985,4332,8317,-347,2,1,화
2022-02-01,5호선,답십리,4426,4588,9014,-162,2,1,화
2022-02-01,5호선,마장,1650,1627,3277,23,2,1,화
2022-02-01,5호선,왕십리(성동구청),1441,1611,3052,-170,2,1,화
2022-02-01,5호선,행당,2461,2231,4692,230,2,1,화
2022-02-01,5호선,신금호,1993,2082,4075,-89,2,1,화
2022-02-01,5호선,청구,1167,1110,2277,57,2,1,화
2022-02-01,5호선,동대문역사문화공원(DDP),356,486,842,-130,2,1,화
2022-02-01,5호선,을지로4가,515,546,1061,-31,2,1,화
2022-02-01,5호선,종로3가,4344,4035,8379,309,2,1,화
2022-02-01,5호선,광화문(세종문화회관),5385,5269,10654,116,2,1,화
2022-02-01,5호선,서대문,2653,2592,5245,61,2,1,화
2022-02-01,5호선,충정로(경기대입구),766,776,1542,-10,2,1,화
2022-02-01,5호선,애오개,1479,1547,3026,-68,2,1,화
2022-02-01,5호선,공덕,2180,2417,4597,-237,2,1,화
2022-02-01,5호선,마포,2474,2567,5041,-93,2,1,화
2022-02-01,5호선,여의나루,1648,1642,3290,6,2,1,화
2022-02-01,5호선,여의도,2719,2862,5581,-143,2,1,화
2022-02-01,5호선,신길,936,1238,2174,-302,2,1,화
2022-02-01,5호선,영등포시장,2202,2577,4779,-375,2,1,화
2022-02-01,5호선,영등포구청,683,784,1467,-101,2,1,화
2022-02-01,5호선,양평,1373,1659,3032,-286,2,1,화
2022-02-01,5호선,오목교(목동운동장앞),4431,4684,9115,-253,2,1,화
2022-02-01,5호선,목동,4353,4742,9095,-389,2,1,화
2022-02-01,5호선,신정(은행정),3872,3937,7809,-65,2,1,화
2022-02-01,5호선,까치산,9383,10525,19908,-1142,2,1,화
2022-02-01,5호선,우장산,3528,3899,7427,-371,2,1,화
2022-02-01,5호선,발산,4058,4182,8240,-124,2,1,화
2022-02-01,5호선,마곡,1770,1939,3709,-169,2,1,화
2022-02-01,5호선,송정,2405,2443,4848,-38,2,1,화
2022-02-01,5호선,김포공항,6351,5457,11808,894,2,1,화
2022-02-01,5호선,개화산,1906,1944,3850,-38,2,1,화
2022-02-01,5호선,방화,2417,2316,4733,101,2,1,화
2022-02-01,4호선,쌍문,9894,9347,19241,547,2,1,화
2022-02-01,4호선,창동,9137,9310,18447,-173,2,1,화
2022-02-01,4호선,노원,6767,7299,14066,-532,2,1,화
2022-02-01,4호선,상계,6686,6444,13130,242,2,1,화
2022-02-01,4호선,당고개,5055,4687,9742,368,2,1,화
2022-02-01,4호선,남태령,345,308,653,37,2,1,화
2022-02-01,4호선,사당,7021,6430,13451,591,2,1,화
2022-02-01,4호선,총신대입구(이수),4717,5295,10012,-578,2,1,화
2022-02-01,4호선,동작(현충원),543,592,1135,-49,2,1,화
2022-02-01,4호선,이촌(국립중앙박물관),1580,1812,3392,-232,2,1,화
2022-02-01,4호선,신용산,3979,3676,7655,303,2,1,화
2022-02-01,4호선,삼각지,1014,1403,2417,-389,2,1,화
2022-02-01,4호선,숙대입구(갈월),2928,2906,5834,22,2,1,화
2022-02-01,4호선,서울역,2332,4904,7236,-2572,2,1,화
2022-02-01,4호선,회현(남대문시장),2040,2063,4103,-23,2,1,화
2022-02-01,4호선,명동,4780,4531,9311,249,2,1,화
2022-02-01,4호선,충무로,3916,4117,8033,-201,2,1,화
2022-02-01,4호선,동대문역사문화공원(DDP),3784,3337,7121,447,2,1,화
2022-02-01,4호선,동대문,1830,1705,3535,125,2,1,화
2022-02-01,4호선,혜화,8076,8586,16662,-510,2,1,화
2022-02-01,4호선,한성대입구(삼선교),4395,4574,8969,-179,2,1,화
2022-02-01,4호선,성신여대입구(돈암),6233,6399,12632,-166,2,1,화
2022-02-01,4호선,길음,5870,6068,11938,-198,2,1,화
2022-02-01,4호선,미아사거리,9241,8902,18143,339,2,1,화
2022-02-01,4호선,미아(서울사이버대학),5144,4986,10130,158,2,1,화
2022-02-01,4호선,수유(강북구청),12578,13008,25586,-430,2,1,화
2022-02-01,3호선,오금,1288,1379,2667,-91,2,1,화
2022-02-01,3호선,경찰병원,1417,1604,3021,-187,2,1,화
2022-02-01,3호선,가락시장,1760,1739,3499,21,2,1,화
2022-02-01,3호선,수서,5691,4990,10681,701,2,1,화
2022-02-01,3호선,일원,1784,1869,3653,-85,2,1,화
2022-02-01,3호선,대청,2174,2241,4415,-67,2,1,화
2022-02-01,3호선,학여울,339,382,721,-43,2,1,화
2022-02-01,3호선,대치,2095,2068,4163,27,2,1,화
2022-02-01,3호선,도곡,889,930,1819,-41,2,1,화
2022-02-01,3호선,매봉,1760,1774,3534,-14,2,1,화
2022-02-01,3호선,양재(서초구청),5351,6618,11969,-1267,2,1,화
2022-02-01,3호선,남부터미널(예술의전당),9858,6343,16201,3515,2,1,화
2022-02-01,3호선,교대(법원.검찰청),1449,997,2446,452,2,1,화
2022-02-01,3호선,고속터미널,30168,13336,43504,16832,2,1,화
2022-02-01,3호선,잠원,1016,1031,2047,-15,2,1,화
2022-02-01,3호선,신사,3735,4126,7861,-391,2,1,화
2022-02-01,3호선,압구정,3522,3930,7452,-408,2,1,화
2022-02-01,3호선,옥수,2654,2951,5605,-297,2,1,화
2022-02-01,3호선,금호,2599,2512,5111,87,2,1,화
2022-02-01,3호선,약수,3631,3714,7345,-83,2,1,화
2022-02-01,3호선,동대입구,3085,3628,6713,-543,2,1,화
2022-02-01,3호선,을지로3가,1135,1083,2218,52,2,1,화
2022-02-01,3호선,종로3가,1573,2478,4051,-905,2,1,화
2022-02-01,3호선,안국,5840,6316,12156,-476,2,1,화
2022-02-01,3호선,경복궁(정부서울청사),5914,7253,13167,-1339,2,1,화
2022-02-01,3호선,독립문,2325,2420,4745,-95,2,1,화
2022-02-01,3호선,무악재,1195,1332,2527,-137,2,1,화
2022-02-01,3호선,홍제,5555,5563,11118,-8,2,1,화
2022-02-01,3호선,녹번,4431,4398,8829,33,2,1,화
2022-02-01,3호선,연신내,12409,12922,25331,-513,2,1,화
2022-02-01,3호선,구파발,6629,6843,13472,-214,2,1,화
2022-02-01,3호선,지축,1183,1134,2317,49,2,1,화
2022-02-01,2호선,용두(동대문구청),563,627,1190,-64,2,1,화
2022-02-01,2호선,신정네거리,2944,3260,6204,-316,2,1,화
2022-02-01,2호선,양천구청,2013,2121,4134,-108,2,1,화
2022-02-01,2호선,도림천,280,295,575,-15,2,1,화
2022-02-01,2호선,신설동,862,912,1774,-50,2,1,화
2022-02-01,2호선,신답,331,399,730,-68,2,1,화
2022-02-01,2호선,용답,982,1097,2079,-115,2,1,화
2022-02-01,2호선,충정로(경기대입구),1974,2156,4130,-182,2,1,화
2022-02-01,2호선,아현,2755,3005,5760,-250,2,1,화
2022-02-01,2호선,이대,2850,3186,6036,-336,2,1,화
2022-02-01,2호선,신촌,7624,8400,16024,-776,2,1,화
2022-02-01,2호선,홍대입구,18355,19663,38018,-1308,2,1,화
2022-02-01,2호선,합정,7427,8312,15739,-885,2,1,화
2022-02-01,2호선,당산,4112,4561,8673,-449,2,1,화
2022-02-01,2호선,영등포구청,3845,4217,8062,-372,2,1,화
2022-02-01,2호선,문래,3305,3451,6756,-146,2,1,화
2022-02-01,2호선,신도림,12259,12931,25190,-672,2,1,화
2022-02-01,2호선,대림(구로구청),7685,8678,16363,-993,2,1,화
2022-02-01,2호선,구로디지털단지,11935,13310,25245,-1375,2,1,화
2022-02-01,2호선,신대방,8420,9382,17802,-962,2,1,화
2022-02-01,2호선,신림,19446,23401,42847,-3955,2,1,화
2022-02-01,2호선,봉천,5972,6781,12753,-809,2,1,화
2022-02-01,2호선,서울대입구(관악구청),11387,13735,25122,-2348,2,1,화
2022-02-01,2호선,낙성대(강감찬),6698,8270,14968,-1572,2,1,화
2022-02-01,2호선,사당,9376,10026,19402,-650,2,1,화
2022-02-01,2호선,방배,2720,2933,5653,-213,2,1,화
2022-02-01,2호선,서초,2456,2135,4591,321,2,1,화
2022-02-01,2호선,교대(법원.검찰청),3830,4233,8063,-403,2,1,화
2022-02-01,2호선,강남,12192,12225,24417,-33,2,1,화
2022-02-01,2호선,역삼,3970,4714,8684,-744,2,1,화
2022-02-01,2호선,선릉,4339,4146,8485,193,2,1,화
2022-02-01,2호선,삼성(무역센터),8602,8132,16734,470,2,1,화
2022-02-01,2호선,종합운동장,1749,1959,3708,-210,2,1,화
2022-02-01,2호선,잠실새내,4928,5520,10448,-592,2,1,화
2022-02-01,2호선,잠실(송파구청),22539,20628,43167,1911,2,1,화
2022-02-01,2호선,잠실나루,2782,2763,5545,19,2,1,화
2022-02-01,2호선,강변(동서울터미널),17862,9916,27778,7946,2,1,화
2022-02-01,2호선,구의(광진구청),5832,6553,12385,-721,2,1,화
2022-02-01,2호선,건대입구,12468,14328,26796,-1860,2,1,화
2022-02-01,2호선,성수,5137,6014,11151,-877,2,1,화
2022-02-01,2호선,뚝섬,3411,3561,6972,-150,2,1,화
2022-02-01,2호선,한양대,998,1091,2089,-93,2,1,화
2022-02-01,2호선,왕십리(성동구청),4167,3874,8041,293,2,1,화
2022-02-01,2호선,상왕십리,3777,4062,7839,-285,2,1,화
2022-02-01,2호선,신당,3709,4257,7966,-548,2,1,화
2022-02-01,2호선,동대문역사문화공원(DDP),3129,3528,6657,-399,2,1,화
2022-02-01,2호선,을지로4가,1147,1187,2334,-40,2,1,화
2022-02-01,2호선,을지로3가,2577,2514,5091,63,2,1,화
2022-02-01,2호선,을지로입구,4659,4006,8665,653,2,1,화
2022-02-01,2호선,시청,2516,2385,4901,131,2,1,화
2022-02-01,1호선,청량리(서울시립대입구),6194,6306,12500,-112,2,1,화
2022-02-01,1호선,제기동,3458,3693,7151,-235,2,1,화
2022-02-01,1호선,신설동,3126,3237,6363,-111,2,1,화
2022-02-01,1호선,동대문,5813,5304,11117,509,2,1,화
2022-02-01,1호선,종로5가,3389,3142,6531,247,2,1,화
2022-02-01,1호선,종로3가,6012,5363,11375,649,2,1,화
2022-02-01,1호선,종각,7295,6513,13808,782,2,1,화
2022-02-01,1호선,시청,3743,3740,7483,3,2,1,화
2022-02-01,1호선,동묘앞,3082,3500,6582,-418,2,1,화
2022-02-01,1호선,서울역,16407,14010,30417,2397,2,1,화
2022-02-01,3호선,불광,4874,5889,10763,-1015,2,1,화
2022-02-01,경인선,부평,14109,14240,28349,-131,2,1,화
2022-02-01,경인선,송내,7848,7384,15232,464,2,1,화
2022-02-01,경인선,부천,13228,13608,26836,-380,2,1,화
2022-02-01,경인선,역곡,8731,8846,17577,-115,2,1,화
2022-02-01,경인선,오류동,3990,4273,8263,-283,2,1,화
2022-02-01,경인선,개봉,7553,7528,15081,25,2,1,화
2022-02-01,경의선,임진강,44,41,85,3,2,1,화
2022-02-01,경의선,문산,2606,2328,4934,278,2,1,화
2022-02-01,경의선,파주,463,382,845,81,2,1,화
2022-02-01,경의선,월롱,556,692,1248,-136,2,1,화
2022-02-01,경의선,금촌,2900,3029,5929,-129,2,1,화
2022-02-01,경의선,금릉,1860,1731,3591,129,2,1,화
2022-02-01,경의선,운정,2323,2153,4476,170,2,1,화
2022-02-01,경의선,야당,2849,2740,5589,109,2,1,화
2022-02-01,경의선,탄현,2605,2427,5032,178,2,1,화
2022-02-01,경의선,일산,2904,2770,5674,134,2,1,화
2022-02-01,경의선,풍산,1802,1731,3533,71,2,1,화
2022-02-01,경의선,백마,1940,1786,3726,154,2,1,화
2022-02-01,경의선,곡산,162,136,298,26,2,1,화
2022-02-01,중앙선,지평,56,51,107,5,2,1,화
2022-02-01,중앙선,용문,1873,1200,3073,673,2,1,화
2022-02-01,중앙선,원덕,327,211,538,116,2,1,화
2022-02-01,중앙선,양평,2058,1432,3490,626,2,1,화
2022-02-01,중앙선,오빈,189,122,311,67,2,1,화
2022-02-01,중앙선,아신,470,392,862,78,2,1,화
2022-02-01,중앙선,국수,389,321,710,68,2,1,화
2022-02-01,중앙선,신원,117,91,208,26,2,1,화
2022-02-01,중앙선,양수,1086,962,2048,124,2,1,화
2022-02-01,중앙선,운길산,522,444,966,78,2,1,화
2022-02-01,중앙선,팔당,514,583,1097,-69,2,1,화
2022-02-01,중앙선,도심,775,660,1435,115,2,1,화
2022-02-01,중앙선,덕소,2066,2013,4079,53,2,1,화
2022-02-01,중앙선,양정,250,174,424,76,2,1,화
2022-02-01,중앙선,도농,2986,2940,5926,46,2,1,화
2022-02-01,중앙선,구리,4254,4437,8691,-183,2,1,화
2022-02-01,중앙선,양원,630,637,1267,-7,2,1,화
2022-02-01,중앙선,망우,2795,3000,5795,-205,2,1,화
2022-02-01,중앙선,상봉(시외버스터미널),2432,2630,5062,-198,2,1,화
2022-02-01,중앙선,중랑,2029,2145,4174,-116,2,1,화
2022-02-01,경의선,능곡,1388,1279,2667,109,2,1,화
2022-02-01,경의선,행신,2332,2617,4949,-285,2,1,화
2022-02-01,경의선,강매,930,890,1820,40,2,1,화
2022-02-01,경의선,화전,370,344,714,26,2,1,화
2022-02-01,경의선,수색,484,590,1074,-106,2,1,화
2022-02-01,경의선,디지털미디어시티,896,884,1780,12,2,1,화
2022-02-01,경의선,가좌,1678,1786,3464,-108,2,1,화
2022-02-01,경의선,홍대입구,488,701,1189,-213,2,1,화
2022-02-01,경의선,서강대,672,773,1445,-101,2,1,화
2022-02-01,경의선,공덕,979,880,1859,99,2,1,화
2022-02-01,경의선,효창공원앞,744,875,1619,-131,2,1,화
2022-02-01,경의선,신촌,110,122,232,-12,2,1,화
2022-02-01,경의선,서울역,600,571,1171,29,2,1,화
2022-02-01,경원선,소요산,1801,1339,3140,462,2,1,화
2022-02-01,경원선,동두천,886,948,1834,-62,2,1,화
2022-02-01,경원선,보산,755,686,1441,69,2,1,화
2022-02-01,경원선,동두천중앙,1601,1534,3135,67,2,1,화
2022-02-01,경원선,지행,2988,2622,5610,366,2,1,화
2022-02-01,경원선,덕정,2167,2063,4230,104,2,1,화
2022-02-01,경원선,덕계,970,936,1906,34,2,1,화
2022-02-01,경원선,양주,3150,2923,6073,227,2,1,화
2022-02-01,경원선,녹양,1728,1546,3274,182,2,1,화
2022-02-01,경원선,가능,2814,2568,5382,246,2,1,화
2022-02-01,경원선,의정부,7806,8105,15911,-299,2,1,화
2022-02-01,경원선,회룡,4437,4297,8734,140,2,1,화
2022-02-01,경원선,망월사,2622,2678,5300,-56,2,1,화
2022-02-01,경원선,도봉산,3631,2405,6036,1226,2,1,화
2022-02-01,경원선,도봉,2269,2094,4363,175,2,1,화
2022-02-01,경원선,방학,3709,3722,7431,-13,2,1,화
2022-02-01,경원선,창동,1,0,1,1,2,1,화
2022-02-01,경원선,녹천,1758,1554,3312,204,2,1,화
2022-02-01,경원선,월계,2431,2312,4743,119,2,1,화
2022-02-01,경원선,광운대,2744,2971,5715,-227,2,1,화
2022-02-01,경원선,석계,3233,3421,6654,-188,2,1,화
2022-02-01,경원선,신이문,3230,2979,6209,251,2,1,화
2022-02-01,경원선,외대앞,2595,2745,5340,-150,2,1,화
2022-02-01,경원선,청량리(서울시립대입구),6577,6566,13143,11,2,1,화
2022-02-01,경원선,왕십리(성동구청),4547,5660,10207,-1113,2,1,화
2022-02-01,경원선,응봉,686,625,1311,61,2,1,화
2022-02-01,경원선,옥수,20,6,26,14,2,1,화
2022-02-01,경원선,한남,1074,1129,2203,-55,2,1,화
2022-02-01,경원선,서빙고,550,573,1123,-23,2,1,화
2022-02-01,경원선,이촌(국립중앙박물관),953,737,1690,216,2,1,화
2022-02-01,경부선,광명,1316,956,2272,360,2,1,화
2022-02-01,경부선,서동탄,508,461,969,47,2,1,화
2022-02-01,경부선,당정,1765,1682,3447,83,2,1,화
2022-02-01,경부선,천안,5747,4244,9991,1503,2,1,화
2022-02-01,경부선,두정,2534,2565,5099,-31,2,1,화
2022-02-01,경부선,직산,407,406,813,1,2,1,화
2022-02-01,경부선,성환,1943,1614,3557,329,2,1,화
2022-02-01,경부선,평택,8172,7178,15350,994,2,1,화
2022-02-01,경부선,평택지제,1503,1283,2786,220,2,1,화
2022-02-01,경부선,서정리,2763,3233,5996,-470,2,1,화
2022-02-01,경부선,송탄,2172,2313,4485,-141,2,1,화
2022-02-01,경부선,진위,514,417,931,97,2,1,화
2022-02-01,경부선,오산,5458,5344,10802,114,2,1,화
2022-02-01,경부선,오산대,1363,1256,2619,107,2,1,화
2022-02-01,경부선,세마,1041,927,1968,114,2,1,화
2022-02-01,경부선,병점,5655,6204,11859,-549,2,1,화
2022-02-01,경부선,세류,1576,1429,3005,147,2,1,화
2022-02-01,경부선,독산,3487,3857,7344,-370,2,1,화
2022-02-01,경부선,수원,19067,19710,38777,-643,2,1,화
2022-02-01,경부선,화서,2502,2415,4917,87,2,1,화
2022-02-01,경부선,성균관대,4281,4714,8995,-433,2,1,화
2022-02-01,경부선,의왕,2570,2645,5215,-75,2,1,화
2022-02-01,경부선,군포,2050,1892,3942,158,2,1,화
2022-02-01,경부선,금정,8300,8634,16934,-334,2,1,화
2022-02-01,경부선,명학,2017,1925,3942,92,2,1,화
2022-02-01,경부선,안양,7626,7657,15283,-31,2,1,화
2022-02-01,경부선,관악,2504,2394,4898,110,2,1,화
2022-02-01,경부선,석수,2985,2747,5732,238,2,1,화
2022-02-01,경부선,금천구청,4000,4257,8257,-257,2,1,화
2022-02-01,경부선,가산디지털단지,2682,4236,6918,-1554,2,1,화
2022-02-01,경부선,구로,5688,5952,11640,-264,2,1,화
2022-02-01,경부선,신길,2808,2675,5483,133,2,1,화
2022-02-01,경부선,신도림,1359,1305,2664,54,2,1,화
2022-02-01,경부선,영등포,15278,16242,31520,-964,2,1,화
2022-02-01,경부선,대방,3169,3515,6684,-346,2,1,화
2022-02-01,경부선,노량진,3291,3439,6730,-148,2,1,화
2022-02-01,경부선,용산,17416,15413,32829,2003,2,1,화
2022-02-01,경부선,남영,2159,2382,4541,-223,2,1,화
2022-02-01,경부선,서울역,3855,784,4639,3071,2,1,화
2022-02-01,경강선,여주,1788,1277,3065,511,2,1,화
2022-02-01,경강선,세종대왕릉,283,185,468,98,2,1,화
2022-02-01,경강선,부발,1300,901,2201,399,2,1,화
2022-02-01,경인선,백운,2875,2788,5663,87,2,1,화
2022-02-01,경강선,이천,1757,1577,3334,180,2,1,화
2022-02-01,경강선,신둔도예촌,712,523,1235,189,2,1,화
2022-02-01,경인선,동암,6511,6628,13139,-117,2,1,화
2022-02-01,경인선,주안,7993,7042,15035,951,2,1,화
2022-02-01,경인선,제물포,3700,3676,7376,24,2,1,화
2022-02-01,경인선,동인천,5393,5160,10553,233,2,1,화
2022-02-01,경인선,인천,2486,2076,4562,410,2,1,화
2022-02-01,경인선,구일,1775,1812,3587,-37,2,1,화
2022-02-01,경인선,소사,3467,3364,6831,103,2,1,화
2022-02-01,경인선,부개,3373,3133,6506,240,2,1,화
2022-02-01,경인선,간석,2222,2129,4351,93,2,1,화
2022-02-01,경인선,도원,955,949,1904,6,2,1,화
2022-02-01,경인선,온수(성공회대입구),2392,2125,4517,267,2,1,화
2022-02-01,경인선,중동,3344,3168,6512,176,2,1,화
2022-02-01,경인선,도화,1633,1558,3191,75,2,1,화
2022-02-01,경춘선,신내,616,553,1169,63,2,1,화
2022-02-01,경춘선,갈매,790,703,1493,87,2,1,화
2022-02-01,경춘선,별내,942,956,1898,-14,2,1,화
2022-02-01,경춘선,퇴계원,1271,1200,2471,71,2,1,화
2022-02-01,경춘선,사릉,1086,1053,2139,33,2,1,화
2022-02-01,경춘선,금곡,640,542,1182,98,2,1,화
2022-02-01,경춘선,평내호평,2068,1937,4005,131,2,1,화
2022-02-01,경춘선,천마산,711,647,1358,64,2,1,화
2022-02-01,경춘선,마석,1667,1608,3275,59,2,1,화
2022-02-01,경춘선,대성리,279,241,520,38,2,1,화
2022-02-01,경춘선,청평,1066,821,1887,245,2,1,화
2022-02-01,경춘선,상천,152,111,263,41,2,1,화
2022-02-01,경춘선,가평,1480,1040,2520,440,2,1,화
2022-02-01,경춘선,굴봉산,117,97,214,20,2,1,화
2022-02-01,경춘선,백양리,252,237,489,15,2,1,화
2022-02-01,경춘선,강촌,333,259,592,74,2,1,화
2022-02-01,경춘선,김유정,253,189,442,64,2,1,화
2022-02-01,경춘선,남춘천,2030,1621,3651,409,2,1,화
2022-02-01,경춘선,춘천,1684,938,2622,746,2,1,화
2022-02-01,공항철도 1호선,서울역,4841,3412,8253,1429,2,1,화
2022-02-01,공항철도 1호선,공덕,676,1084,1760,-408,2,1,화
2022-02-01,공항철도 1호선,홍대입구,3308,3596,6904,-288,2,1,화
2022-02-01,공항철도 1호선,디지털미디어시티,2167,2274,4441,-107,2,1,화
2022-02-01,공항철도 1호선,마곡나루(서울식물원),1213,1330,2543,-117,2,1,화
2022-02-01,공항철도 1호선,김포공항,10951,4902,15853,6049,2,1,화
2022-02-01,공항철도 1호선,계양,3234,3042,6276,192,2,1,화
2022-02-01,공항철도 1호선,검암,2396,2420,4816,-24,2,1,화
2022-02-01,공항철도 1호선,청라국제도시,1773,1632,3405,141,2,1,화
2022-02-01,공항철도 1호선,운서,3308,3518,6826,-210,2,1,화
2022-02-01,공항철도 1호선,공항화물청사,764,845,1609,-81,2,1,화
2022-02-01,공항철도 1호선,인천공항1터미널,2599,2860,5459,-261,2,1,화
2022-02-01,공항철도 1호선,인천공항2터미널,1409,1431,2840,-22,2,1,화
2022-02-01,공항철도 1호선,영종,1456,1469,2925,-13,2,1,화
2022-02-01,과천선,선바위,1595,1441,3036,154,2,1,화
2022-02-01,과천선,경마공원,220,216,436,4,2,1,화
2022-02-01,과천선,대공원,1997,1946,3943,51,2,1,화
2022-02-01,과천선,과천,1901,1773,3674,128,2,1,화
2022-02-01,과천선,정부과천청사,1910,1984,3894,-74,2,1,화
2022-02-01,과천선,인덕원,5885,6038,11923,-153,2,1,화
2022-02-01,과천선,평촌,3054,3203,6257,-149,2,1,화
2022-02-01,과천선,범계,6553,6674,13227,-121,2,1,화
2022-02-01,분당선,선릉,949,1562,2511,-613,2,1,화
2022-02-01,분당선,한티,2474,2699,5173,-225,2,1,화
2022-02-01,분당선,도곡,1173,1178,2351,-5,2,1,화
2022-02-01,분당선,구룡,315,325,640,-10,2,1,화
2022-02-01,분당선,개포동,719,785,1504,-66,2,1,화
2022-02-01,분당선,대모산입구,1114,1137,2251,-23,2,1,화
2022-02-01,분당선,수서,4550,3941,8491,609,2,1,화
2022-02-01,분당선,복정,1,0,1,1,2,1,화
2022-02-01,분당선,수원,3518,2590,6108,928,2,1,화
2022-02-01,분당선,서울숲,2120,2181,4301,-61,2,1,화
2022-02-01,분당선,압구정로데오,2243,2576,4819,-333,2,1,화
2022-02-01,분당선,강남구청,1222,1441,2663,-219,2,1,화
2022-02-01,분당선,선정릉,700,811,1511,-111,2,1,화
2022-02-01,분당선,가천대,1823,2504,4327,-681,2,1,화
2022-02-01,분당선,태평,4897,4852,9749,45,2,1,화
2022-02-01,분당선,모란,6225,6464,12689,-239,2,1,화
2022-02-01,분당선,야탑,7766,6755,14521,1011,2,1,화
2022-02-01,분당선,서현,5864,4926,10790,938,2,1,화
2022-02-01,분당선,수내,2387,2519,4906,-132,2,1,화
2022-02-01,분당선,정자,3578,3849,7427,-271,2,1,화
2022-02-01,분당선,미금,3930,4029,7959,-99,2,1,화
2022-02-01,분당선,오리,2931,2424,5355,507,2,1,화
2022-02-01,분당선,이매,1684,1738,3422,-54,2,1,화
2022-02-01,분당선,보정,681,652,1333,29,2,1,화
2022-02-01,분당선,죽전,3208,3825,7033,-617,2,1,화
2022-02-01,분당선,구성,1395,1465,2860,-70,2,1,화
2022-02-01,분당선,신갈,1241,1172,2413,69,2,1,화
2022-02-01,분당선,기흥,3177,2809,5986,368,2,1,화
2022-02-01,분당선,상갈,1682,1691,3373,-9,2,1,화
2022-02-01,분당선,청명,1138,1096,2234,42,2,1,화
2022-02-01,분당선,영통,2302,2444,4746,-142,2,1,화
2022-02-01,분당선,망포,3563,3621,7184,-58,2,1,화
2022-02-01,분당선,매탄권선,1544,1508,3052,36,2,1,화
2022-02-01,분당선,수원시청,3725,4248,7973,-523,2,1,화
2022-02-01,분당선,매교,815,812,1627,3,2,1,화
2022-02-01,수인선,고색,1190,1148,2338,42,2,1,화
2022-02-01,수인선,오목천,957,932,1889,25,2,1,화
2022-02-01,수인선,어천,353,394,747,-41,2,1,화
2022-02-01,수인선,야목,139,106,245,33,2,1,화
2022-02-01,수인선,사리,1787,1489,3276,298,2,1,화
2022-02-01,수인선,달월,22,22,44,0,2,1,화
2022-02-01,수인선,월곶,1050,941,1991,109,2,1,화
2022-02-01,수인선,소래포구,2679,2558,5237,121,2,1,화
2022-02-01,수인선,인천논현,1887,1942,3829,-55,2,1,화
2022-02-01,수인선,호구포,1194,1293,2487,-99,2,1,화
2022-02-01,수인선,남동인더스파크,339,320,659,19,2,1,화
2022-02-01,수인선,원인재,2083,2146,4229,-63,2,1,화
2022-02-01,수인선,연수,1822,1960,3782,-138,2,1,화
2022-02-01,수인선,송도,911,955,1866,-44,2,1,화
2022-02-01,수인선,인하대,1769,1728,3497,41,2,1,화
2022-02-01,수인선,숭의,1431,1232,2663,199,2,1,화
2022-02-01,수인선,신포,649,622,1271,27,2,1,화
2022-02-01,수인선,인천,851,1241,2092,-390,2,1,화
2022-02-01,안산선,산본,4894,5175,10069,-281,2,1,화
2022-02-01,안산선,대야미,1684,1407,3091,277,2,1,화
2022-02-01,안산선,반월,1611,1472,3083,139,2,1,화
2022-02-01,안산선,상록수,6450,6093,12543,357,2,1,화
2022-02-01,안산선,한대앞,3377,3375,6752,2,2,1,화
2022-02-01,안산선,중앙,6736,6492,13228,244,2,1,화
2022-02-01,안산선,고잔,2696,2606,5302,90,2,1,화
2022-02-01,안산선,초지,1448,1415,2863,33,2,1,화
2022-02-01,안산선,안산,7565,6972,14537,593,2,1,화
2022-02-01,안산선,신길온천,834,716,1550,118,2,1,화
2022-02-01,안산선,정왕,3806,4274,8080,-468,2,1,화
2022-02-01,안산선,오이도,3708,3666,7374,42,2,1,화
2022-02-01,안산선,수리산,1255,1142,2397,113,2,1,화
2022-02-01,우이신설선,북한산우이,2142,2040,4182,102,2,1,화
2022-02-01,우이신설선,솔밭공원,966,944,1910,22,2,1,화
2022-02-01,우이신설선,4.19민주묘지,1147,1080,2227,67,2,1,화
2022-02-01,우이신설선,가오리,1688,1624,3312,64,2,1,화
2022-02-01,우이신설선,화계,1411,1371,2782,40,2,1,화
2022-02-01,우이신설선,삼양,809,861,1670,-52,2,1,화
2022-02-01,우이신설선,삼양사거리,989,973,1962,16,2,1,화
2022-02-01,우이신설선,솔샘,1982,1911,3893,71,2,1,화
2022-02-01,우이신설선,북한산보국문,2284,2234,4518,50,2,1,화
2022-02-01,우이신설선,정릉,1716,1478,3194,238,2,1,화
2022-02-01,우이신설선,성신여대입구(돈암),1196,1346,2542,-150,2,1,화
2022-02-01,우이신설선,보문,682,694,1376,-12,2,1,화
2022-02-01,우이신설선,신설동,558,527,1085,31,2,1,화
2022-02-01,일산선,원흥,3036,3006,6042,30,2,1,화
2022-02-01,일산선,삼송,6869,6701,13570,168,2,1,화
2022-02-01,일산선,원당,3769,3657,7426,112,2,1,화
2022-02-01,일산선,화정,5432,5671,11103,-239,2,1,화
2022-02-01,일산선,대곡,579,431,1010,148,2,1,화
2022-02-01,일산선,백석,3140,3078,6218,62,2,1,화
2022-02-01,일산선,마두,1978,1980,3958,-2,2,1,화
2022-02-01,일산선,정발산,2149,2302,4451,-153,2,1,화
2022-02-01,일산선,주엽,2571,2605,5176,-34,2,1,화
2022-02-01,일산선,대화,3606,3496,7102,110,2,1,화
2022-02-01,장항선,봉명,358,338,696,20,2,1,화
2022-02-01,장항선,쌍용(나사렛대),857,708,1565,149,2,1,화
2022-02-01,장항선,아산,1769,1191,2960,578,2,1,화
2022-02-01,장항선,탕정,193,171,364,22,2,1,화
2022-02-01,장항선,배방,558,473,1031,85,2,1,화
2022-02-01,장항선,온양온천,2465,1980,4445,485,2,1,화
2022-02-01,장항선,신창(순천향대),1033,567,1600,466,2,1,화
2022-02-01,중앙선,회기,7450,8491,15941,-1041,2,1,화
2022-02-02,9호선2~3단계,송파나루,2047,2499,4546,-452,2,2,수
2022-02-02,분당선,수서,5917,4844,10761,1073,2,2,수
2022-02-02,분당선,복정,1,0,1,1,2,2,수
2022-02-02,분당선,수원,4844,3797,8641,1047,2,2,수
2022-02-02,분당선,서울숲,3591,3903,7494,-312,2,2,수
2022-02-02,분당선,압구정로데오,6000,6579,12579,-579,2,2,수
2022-02-02,분당선,강남구청,2054,2596,4650,-542,2,2,수
2022-02-02,분당선,선정릉,1191,1331,2522,-140,2,2,수
2022-02-02,분당선,가천대,2404,3220,5624,-816,2,2,수
2022-02-02,분당선,죽전,6058,6799,12857,-741,2,2,수
2022-02-02,분당선,구성,1822,1868,3690,-46,2,2,수
2022-02-02,분당선,신갈,1490,1557,3047,-67,2,2,수
2022-02-02,분당선,기흥,4085,3716,7801,369,2,2,수
2022-02-02,분당선,상갈,2319,2333,4652,-14,2,2,수
2022-02-02,분당선,청명,1379,1393,2772,-14,2,2,수
2022-02-02,분당선,영통,3356,3552,6908,-196,2,2,수
2022-02-02,분당선,망포,4722,5244,9966,-522,2,2,수
2022-02-02,분당선,매탄권선,1885,1958,3843,-73,2,2,수
2022-02-02,분당선,수원시청,5229,5535,10764,-306,2,2,수
2022-02-02,분당선,매교,1070,1074,2144,-4,2,2,수
2022-02-02,수인선,고색,1487,1523,3010,-36,2,2,수
2022-02-02,수인선,오목천,1161,1186,2347,-25,2,2,수
2022-02-02,수인선,어천,386,534,920,-148,2,2,수
2022-02-02,수인선,야목,145,108,253,37,2,2,수
2022-02-02,수인선,사리,2143,1744,3887,399,2,2,수
2022-02-02,수인선,달월,40,37,77,3,2,2,수
2022-02-02,수인선,월곶,1528,1378,2906,150,2,2,수
2022-02-02,수인선,소래포구,3190,3007,6197,183,2,2,수
2022-02-02,수인선,인천논현,2335,2391,4726,-56,2,2,수
2022-02-02,수인선,호구포,1318,1494,2812,-176,2,2,수
2022-02-02,수인선,남동인더스파크,355,415,770,-60,2,2,수
2022-02-02,수인선,원인재,2269,2479,4748,-210,2,2,수
2022-02-02,수인선,연수,2273,2261,4534,12,2,2,수
2022-02-02,수인선,송도,1230,1153,2383,77,2,2,수
2022-02-02,수인선,인하대,2251,2251,4502,0,2,2,수
2022-02-02,수인선,숭의,1575,1459,3034,116,2,2,수
2022-02-02,수인선,신포,825,821,1646,4,2,2,수
2022-02-02,수인선,인천,902,1252,2154,-350,2,2,수
2022-02-02,안산선,산본,6598,7031,13629,-433,2,2,수
2022-02-02,안산선,대야미,2069,1945,4014,124,2,2,수
2022-02-02,안산선,반월,1798,1765,3563,33,2,2,수
2022-02-02,안산선,상록수,7175,6876,14051,299,2,2,수
2022-02-02,안산선,한대앞,3898,3698,7596,200,2,2,수
2022-02-02,안산선,중앙,9222,8401,17623,821,2,2,수
2022-02-02,안산선,고잔,3285,2849,6134,436,2,2,수
2022-02-02,안산선,초지,1812,1681,3493,131,2,2,수
2022-02-02,안산선,안산,7123,6364,13487,759,2,2,수
2022-02-02,안산선,신길온천,875,782,1657,93,2,2,수
2022-02-02,안산선,정왕,3961,4647,8608,-686,2,2,수
2022-02-02,안산선,오이도,4441,4353,8794,88,2,2,수
2022-02-02,안산선,수리산,1583,1427,3010,156,2,2,수
2022-02-02,우이신설선,북한산우이,2204,2224,4428,-20,2,2,수
2022-02-02,우이신설선,솔밭공원,1039,1027,2066,12,2,2,수
2022-02-02,우이신설선,4.19민주묘지,1346,1225,2571,121,2,2,수
2022-02-02,우이신설선,가오리,1791,1704,3495,87,2,2,수
2022-02-02,우이신설선,화계,1542,1481,3023,61,2,2,수
2022-02-02,우이신설선,삼양,878,955,1833,-77,2,2,수
2022-02-02,우이신설선,삼양사거리,1108,1146,2254,-38,2,2,수
2022-02-02,우이신설선,솔샘,2142,2049,4191,93,2,2,수
2022-02-02,우이신설선,북한산보국문,2681,2634,5315,47,2,2,수
2022-02-02,우이신설선,정릉,1875,1689,3564,186,2,2,수
2022-02-02,분당선,보정,907,869,1776,38,2,2,수
2022-02-02,분당선,이매,2169,2297,4466,-128,2,2,수
2022-02-02,분당선,오리,3843,3464,7307,379,2,2,수
2022-02-02,분당선,미금,5770,6295,12065,-525,2,2,수
2022-02-02,분당선,정자,5392,6038,11430,-646,2,2,수
2022-02-02,분당선,수내,3857,4037,7894,-180,2,2,수
2022-02-02,분당선,서현,11471,11474,22945,-3,2,2,수
2022-02-02,분당선,야탑,11644,10482,22126,1162,2,2,수
2022-02-02,분당선,모란,8583,9154,17737,-571,2,2,수
2022-02-02,분당선,태평,6268,5972,12240,296,2,2,수
2022-02-02,우이신설선,성신여대입구(돈암),1770,2048,3818,-278,2,2,수
2022-02-02,우이신설선,보문,667,706,1373,-39,2,2,수
2022-02-02,우이신설선,신설동,753,699,1452,54,2,2,수
2022-02-02,일산선,원흥,3846,3863,7709,-17,2,2,수
2022-02-02,일산선,삼송,8702,8405,17107,297,2,2,수
2022-02-02,일산선,원당,4529,4394,8923,135,2,2,수
2022-02-02,일산선,화정,7626,7941,15567,-315,2,2,수
2022-02-02,일산선,대곡,708,604,1312,104,2,2,수
2022-02-02,일산선,백석,4416,4357,8773,59,2,2,수
2022-02-02,일산선,마두,2652,2702,5354,-50,2,2,수
2022-02-02,중앙선,지평,48,30,78,18,2,2,수
2022-02-02,경부선,석수,3897,3457,7354,440,2,2,수
2022-02-02,경부선,금천구청,4758,4557,9315,201,2,2,수
2022-02-02,경부선,가산디지털단지,3427,5218,8645,-1791,2,2,수
2022-02-02,경부선,구로,7066,7244,14310,-178,2,2,수
2022-02-02,경부선,신길,3093,3088,6181,5,2,2,수
2022-02-02,경부선,신도림,1826,1692,3518,134,2,2,수
2022-02-02,경부선,영등포,24691,25177,49868,-486,2,2,수
2022-02-02,경부선,대방,3773,4388,8161,-615,2,2,수
2022-02-02,경부선,노량진,4087,4171,8258,-84,2,2,수
2022-02-02,경부선,용산,22930,18790,41720,4140,2,2,수
2022-02-02,경부선,남영,2803,3348,6151,-545,2,2,수
2022-02-02,경부선,서울역,5395,904,6299,4491,2,2,수
2022-02-02,경강선,여주,2162,1325,3487,837,2,2,수
2022-02-02,경강선,세종대왕릉,278,170,448,108,2,2,수
2022-02-02,경강선,부발,1437,1233,2670,204,2,2,수
2022-02-02,경강선,이천,1971,1753,3724,218,2,2,수
2022-02-02,경강선,신둔도예촌,766,657,1423,109,2,2,수
2022-02-02,경강선,곤지암,1320,1341,2661,-21,2,2,수
2022-02-02,경강선,초월,1193,1267,2460,-74,2,2,수
2022-02-02,경강선,경기광주,3317,3010,6327,307,2,2,수
2022-02-02,경강선,삼동,833,795,1628,38,2,2,수
2022-02-02,경강선,이매,510,353,863,157,2,2,수
2022-02-02,경강선,판교,2027,2072,4099,-45,2,2,수
2022-02-02,7호선,청담,3893,4306,8199,-413,2,2,수
2022-02-02,7호선,뚝섬유원지,3436,3549,6985,-113,2,2,수
2022-02-02,9호선2~3단계,한성백제,1008,1064,2072,-56,2,2,수
2022-02-02,9호선2~3단계,올림픽공원(한국체대),2217,2343,4560,-126,2,2,수
2022-02-02,9호선2~3단계,둔촌오륜,348,313,661,35,2,2,수
2022-02-02,9호선2~3단계,중앙보훈병원,2545,2452,4997,93,2,2,수
2022-02-02,경부선,관악,3550,3243,6793,307,2,2,수
2022-02-02,경부선,안양,10213,9786,19999,427,2,2,수
2022-02-02,경부선,명학,2369,2380,4749,-11,2,2,수
2022-02-02,경부선,금정,10210,10401,20611,-191,2,2,수
2022-02-02,경부선,군포,2340,2350,4690,-10,2,2,수
2022-02-02,경부선,의왕,3222,3227,6449,-5,2,2,수
2022-02-02,경부선,성균관대,5280,5935,11215,-655,2,2,수
2022-02-02,경부선,화서,2978,2835,5813,143,2,2,수
2022-02-02,경부선,수원,25517,25319,50836,198,2,2,수
2022-02-02,경부선,독산,4335,4846,9181,-511,2,2,수
2022-02-02,경부선,세류,1733,1522,3255,211,2,2,수
2022-02-02,경부선,병점,6895,7771,14666,-876,2,2,수
2022-02-02,경부선,세마,1268,1160,2428,108,2,2,수
2022-02-02,경부선,오산대,1535,1549,3084,-14,2,2,수
2022-02-02,경부선,오산,6836,6893,13729,-57,2,2,수
2022-02-02,경부선,진위,602,552,1154,50,2,2,수
2022-02-02,경부선,송탄,2532,3084,5616,-552,2,2,수
2022-02-02,경부선,서정리,3290,4722,8012,-1432,2,2,수
2022-02-02,경부선,평택지제,1909,1782,3691,127,2,2,수
2022-02-02,경부선,평택,9380,9383,18763,-3,2,2,수
2022-02-02,경부선,성환,1830,2024,3854,-194,2,2,수
2022-02-02,경부선,직산,402,399,801,3,2,2,수
2022-02-02,경부선,두정,3063,3200,6263,-137,2,2,수
2022-02-02,경부선,천안,5864,4326,10190,1538,2,2,수
2022-02-02,경부선,당정,2098,2062,4160,36,2,2,수
2022-02-02,경부선,서동탄,606,513,1119,93,2,2,수
2022-02-02,경부선,광명,1856,1241,3097,615,2,2,수
2022-02-02,경원선,이촌(국립중앙박물관),1464,1306,2770,158,2,2,수
2022-02-02,경원선,서빙고,788,882,1670,-94,2,2,수
2022-02-02,경원선,한남,1402,1478,2880,-76,2,2,수
2022-02-02,경원선,옥수,30,18,48,12,2,2,수
2022-02-02,경원선,응봉,808,729,1537,79,2,2,수
2022-02-02,경원선,왕십리(성동구청),6119,7934,14053,-1815,2,2,수
2022-02-02,경원선,청량리(서울시립대입구),9057,8751,17808,306,2,2,수
2022-02-02,경원선,외대앞,3014,3446,6460,-432,2,2,수
2022-02-02,경원선,신이문,3406,3259,6665,147,2,2,수
2022-02-02,경원선,석계,3516,3952,7468,-436,2,2,수
2022-02-02,경원선,광운대,2779,3114,5893,-335,2,2,수
2022-02-02,경원선,월계,2653,2489,5142,164,2,2,수
2022-02-02,경원선,녹천,1792,1646,3438,146,2,2,수
2022-02-02,경원선,방학,4204,4124,8328,80,2,2,수
2022-02-02,경원선,도봉,2562,2473,5035,89,2,2,수
2022-02-02,경원선,도봉산,5663,3795,9458,1868,2,2,수
2022-02-02,경원선,망월사,3073,3180,6253,-107,2,2,수
2022-02-02,경원선,회룡,5331,5073,10404,258,2,2,수
2022-02-02,경원선,의정부,11100,11176,22276,-76,2,2,수
2022-02-02,경원선,가능,2968,2741,5709,227,2,2,수
2022-02-02,경원선,녹양,2106,1846,3952,260,2,2,수
2022-02-02,경원선,양주,3745,3322,7067,423,2,2,수
2022-02-02,경원선,덕계,1281,1139,2420,142,2,2,수
2022-02-02,경원선,덕정,2433,2535,4968,-102,2,2,수
2022-02-02,경원선,지행,3376,3054,6430,322,2,2,수
2022-02-02,경원선,동두천중앙,1629,1408,3037,221,2,2,수
2022-02-02,경원선,보산,934,881,1815,53,2,2,수
2022-02-02,경원선,동두천,1046,1104,2150,-58,2,2,수
2022-02-02,경원선,소요산,2479,1884,4363,595,2,2,수
2022-02-02,경의선,서울역,670,664,1334,6,2,2,수
2022-02-02,경의선,신촌,185,185,370,0,2,2,수
2022-02-02,경의선,효창공원앞,852,1126,1978,-274,2,2,수
2022-02-02,경의선,공덕,1259,1130,2389,129,2,2,수
2022-02-02,경의선,서강대,873,916,1789,-43,2,2,수
2022-02-02,경의선,홍대입구,989,1270,2259,-281,2,2,수
2022-02-02,경의선,가좌,1967,2099,4066,-132,2,2,수
2022-02-02,경의선,디지털미디어시티,974,928,1902,46,2,2,수
2022-02-02,경의선,수색,602,705,1307,-103,2,2,수
2022-02-02,경의선,화전,455,506,961,-51,2,2,수
2022-02-02,경의선,강매,1113,1006,2119,107,2,2,수
2022-02-02,경의선,행신,2867,3015,5882,-148,2,2,수
2022-02-02,경의선,능곡,1503,1459,2962,44,2,2,수
2022-02-02,경의선,곡산,232,204,436,28,2,2,수
2022-02-02,경의선,백마,2521,2321,4842,200,2,2,수
2022-02-02,경의선,풍산,2535,2368,4903,167,2,2,수
2022-02-02,경의선,일산,3617,3162,6779,455,2,2,수
2022-02-02,경의선,탄현,3264,2956,6220,308,2,2,수
2022-02-02,경의선,야당,3607,3395,7002,212,2,2,수
2022-02-02,경의선,운정,2668,2490,5158,178,2,2,수
2022-02-02,경의선,금릉,2283,2107,4390,176,2,2,수
2022-02-02,경의선,금촌,3395,3388,6783,7,2,2,수
2022-02-02,경의선,월롱,625,1037,1662,-412,2,2,수
2022-02-02,경의선,파주,519,361,880,158,2,2,수
2022-02-02,경의선,문산,2896,2634,5530,262,2,2,수
2022-02-02,경의선,임진강,27,20,47,7,2,2,수
2022-02-02,경인선,개봉,8804,8664,17468,140,2,2,수
2022-02-02,경인선,오류동,4977,5005,9982,-28,2,2,수
2022-02-02,경인선,역곡,10863,10596,21459,267,2,2,수
2022-02-02,경인선,부천,17230,16908,34138,322,2,2,수
2022-02-02,경인선,송내,9791,9182,18973,609,2,2,수
2022-02-02,경인선,부평,18069,18038,36107,31,2,2,수
2022-02-02,경인선,백운,2964,2814,5778,150,2,2,수
2022-02-02,경인선,동암,7365,6913,14278,452,2,2,수
2022-02-02,경인선,주안,9171,8017,17188,1154,2,2,수
2022-02-02,경인선,제물포,4032,3666,7698,366,2,2,수
2022-02-02,경인선,동인천,7297,6836,14133,461,2,2,수
2022-02-02,경인선,인천,2794,2318,5112,476,2,2,수
2022-02-02,경인선,구일,2161,2321,4482,-160,2,2,수
2022-02-02,경인선,소사,3840,3535,7375,305,2,2,수
2022-02-02,경인선,부개,3741,3302,7043,439,2,2,수
2022-02-02,경인선,간석,2459,2204,4663,255,2,2,수
2022-02-02,경인선,도원,1014,1023,2037,-9,2,2,수
2022-02-02,경인선,온수(성공회대입구),2728,2523,5251,205,2,2,수
2022-02-02,경인선,중동,3725,3487,7212,238,2,2,수
2022-02-02,경인선,도화,1768,1601,3369,167,2,2,수
2022-02-02,경춘선,신내,600,618,1218,-18,2,2,수
2022-02-02,경춘선,갈매,974,908,1882,66,2,2,수
2022-02-02,경춘선,별내,1379,1268,2647,111,2,2,수
2022-02-02,경춘선,퇴계원,1551,1364,2915,187,2,2,수
2022-02-02,경춘선,사릉,1289,1134,2423,155,2,2,수
2022-02-02,경춘선,금곡,663,609,1272,54,2,2,수
2022-02-02,경춘선,평내호평,2667,2245,4912,422,2,2,수
2022-02-02,경춘선,천마산,824,721,1545,103,2,2,수
2022-02-02,경춘선,마석,1900,1765,3665,135,2,2,수
2022-02-02,경춘선,대성리,313,273,586,40,2,2,수
2022-02-02,경춘선,청평,1157,822,1979,335,2,2,수
2022-02-02,경춘선,상천,202,152,354,50,2,2,수
2022-02-02,경춘선,가평,1288,922,2210,366,2,2,수
2022-02-02,경춘선,굴봉산,129,158,287,-29,2,2,수
2022-02-02,경춘선,백양리,344,253,597,91,2,2,수
2022-02-02,경춘선,강촌,346,317,663,29,2,2,수
2022-02-02,경춘선,김유정,312,241,553,71,2,2,수
2022-02-02,경춘선,남춘천,2502,1887,4389,615,2,2,수
2022-02-02,경춘선,춘천,1873,1041,2914,832,2,2,수
2022-02-02,공항철도 1호선,서울역,5252,3864,9116,1388,2,2,수
2022-02-02,공항철도 1호선,공덕,858,1209,2067,-351,2,2,수
2022-02-02,공항철도 1호선,홍대입구,6220,6582,12802,-362,2,2,수
2022-02-02,공항철도 1호선,디지털미디어시티,2618,2873,5491,-255,2,2,수
2022-02-02,공항철도 1호선,마곡나루(서울식물원),1462,1728,3190,-266,2,2,수
2022-02-02,공항철도 1호선,김포공항,13424,5072,18496,8352,2,2,수
2022-02-02,공항철도 1호선,계양,4093,3630,7723,463,2,2,수
2022-02-02,공항철도 1호선,검암,2995,2775,5770,220,2,2,수
2022-02-02,공항철도 1호선,청라국제도시,2234,2066,4300,168,2,2,수
2022-02-02,공항철도 1호선,운서,3820,4396,8216,-576,2,2,수
2022-02-02,공항철도 1호선,공항화물청사,926,974,1900,-48,2,2,수
2022-02-02,공항철도 1호선,인천공항1터미널,2767,2787,5554,-20,2,2,수
2022-02-02,공항철도 1호선,인천공항2터미널,1428,1380,2808,48,2,2,수
2022-02-02,공항철도 1호선,영종,1819,1714,3533,105,2,2,수
2022-02-02,과천선,선바위,2379,2140,4519,239,2,2,수
2022-02-02,과천선,경마공원,304,283,587,21,2,2,수
2022-02-02,과천선,대공원,3227,3240,6467,-13,2,2,수
2022-02-02,과천선,과천,2565,2327,4892,238,2,2,수
2022-02-02,과천선,정부과천청사,3071,3140,6211,-69,2,2,수
2022-02-02,과천선,인덕원,8192,8265,16457,-73,2,2,수
2022-02-02,과천선,평촌,4434,4501,8935,-67,2,2,수
2022-02-02,과천선,범계,11271,10812,22083,459,2,2,수
2022-02-02,분당선,선릉,1689,2776,4465,-1087,2,2,수
2022-02-02,분당선,한티,5098,5491,10589,-393,2,2,수
2022-02-02,분당선,도곡,2169,2074,4243,95,2,2,수
2022-02-02,분당선,구룡,494,540,1034,-46,2,2,수
2022-02-02,분당선,개포동,1153,1162,2315,-9,2,2,수
2022-02-02,1호선,서울역,19614,15617,35231,3997,2,2,수
2022-02-02,1호선,동묘앞,5716,6138,11854,-422,2,2,수
2022-02-02,1호선,종각,9460,8673,18133,787,2,2,수
2022-02-02,1호선,종로3가,10190,9097,19287,1093,2,2,수
2022-02-02,1호선,종로5가,6412,6474,12886,-62,2,2,수
2022-02-02,1호선,동대문,5875,5428,11303,447,2,2,수
2022-02-02,1호선,신설동,4381,4819,9200,-438,2,2,수
2022-02-02,1호선,제기동,5266,5764,11030,-498,2,2,수
2022-02-02,2호선,시청,3922,3480,7402,442,2,2,수
2022-02-02,2호선,을지로입구,11399,10444,21843,955,2,2,수
2022-02-02,2호선,을지로3가,4794,4419,9213,375,2,2,수
2022-02-02,2호선,을지로4가,1968,1959,3927,9,2,2,수
2022-02-02,2호선,동대문역사문화공원(DDP),4841,5470,10311,-629,2,2,수
2022-02-02,2호선,신당,5278,6013,11291,-735,2,2,수
2022-02-02,2호선,상왕십리,4950,5367,10317,-417,2,2,수
2022-02-02,2호선,왕십리(성동구청),6132,6104,12236,28,2,2,수
2022-02-02,2호선,한양대,1355,1697,3052,-342,2,2,수
2022-02-02,2호선,뚝섬,6436,6750,13186,-314,2,2,수
2022-02-02,2호선,성수,9894,11113,21007,-1219,2,2,수
2022-02-02,2호선,건대입구,18908,21842,40750,-2934,2,2,수
2022-02-02,2호선,구의(광진구청),8082,9031,17113,-949,2,2,수
2022-02-02,2호선,강변(동서울터미널),24176,13892,38068,10284,2,2,수
2022-02-02,2호선,잠실나루,3620,3807,7427,-187,2,2,수
2022-02-02,2호선,잠실(송파구청),36509,33632,70141,2877,2,2,수
2022-02-02,2호선,잠실새내,8326,8960,17286,-634,2,2,수
2022-02-02,2호선,종합운동장,3269,3352,6621,-83,2,2,수
2022-02-02,2호선,삼성(무역센터),14599,14232,28831,367,2,2,수
2022-02-02,2호선,선릉,8165,7780,15945,385,2,2,수
2022-02-02,2호선,역삼,7179,8834,16013,-1655,2,2,수
2022-02-02,2호선,강남,23905,22983,46888,922,2,2,수
2022-02-02,2호선,교대(법원.검찰청),7267,8203,15470,-936,2,2,수
2022-02-02,2호선,서초,4248,3669,7917,579,2,2,수
2022-02-02,2호선,방배,4290,4744,9034,-454,2,2,수
2022-02-02,2호선,사당,14687,16403,31090,-1716,2,2,수
2022-02-02,2호선,낙성대(강감찬),9610,12387,21997,-2777,2,2,수
2022-02-02,2호선,서울대입구(관악구청),17253,21625,38878,-4372,2,2,수
2022-02-02,2호선,봉천,7990,9324,17314,-1334,2,2,수
2022-02-02,2호선,신림,25843,30769,56612,-4926,2,2,수
2022-02-02,2호선,신대방,10456,11780,22236,-1324,2,2,수
2022-02-02,분당선,대모산입구,1454,1414,2868,40,2,2,수
2022-02-02,2호선,구로디지털단지,16668,18435,35103,-1767,2,2,수
2022-02-02,2호선,대림(구로구청),10316,10727,21043,-411,2,2,수
2022-02-02,2호선,신도림,18264,19064,37328,-800,2,2,수
2022-02-02,2호선,문래,5244,5549,10793,-305,2,2,수
2022-02-02,2호선,영등포구청,6123,6556,12679,-433,2,2,수
2022-02-02,2호선,당산,5843,6321,12164,-478,2,2,수
2022-02-02,2호선,합정,12924,14577,27501,-1653,2,2,수
2022-02-02,2호선,홍대입구,32410,34201,66611,-1791,2,2,수
2022-02-02,2호선,신촌,12582,13725,26307,-1143,2,2,수
2022-02-02,2호선,이대,3929,5239,9168,-1310,2,2,수
2022-02-02,2호선,아현,3481,3683,7164,-202,2,2,수
2022-02-02,2호선,충정로(경기대입구),2639,2946,5585,-307,2,2,수
2022-02-02,2호선,용답,1192,1373,2565,-181,2,2,수
2022-02-02,2호선,신답,482,621,1103,-139,2,2,수
2022-02-02,2호선,신설동,1425,1538,2963,-113,2,2,수
2022-02-02,2호선,도림천,356,398,754,-42,2,2,수
2022-02-02,2호선,양천구청,2443,2456,4899,-13,2,2,수
2022-02-02,2호선,신정네거리,3708,3897,7605,-189,2,2,수
2022-02-02,2호선,용두(동대문구청),839,950,1789,-111,2,2,수
2022-02-02,3호선,지축,1520,1367,2887,153,2,2,수
2022-02-02,3호선,구파발,8460,8890,17350,-430,2,2,수
2022-02-02,3호선,연신내,15961,16045,32006,-84,2,2,수
2022-02-02,3호선,불광,6820,8337,15157,-1517,2,2,수
2022-02-02,3호선,녹번,5354,5195,10549,159,2,2,수
2022-02-02,3호선,홍제,6552,6769,13321,-217,2,2,수
2022-02-02,3호선,무악재,1410,1585,2995,-175,2,2,수
2022-02-02,3호선,독립문,3209,3508,6717,-299,2,2,수
2022-02-02,3호선,경복궁(정부서울청사),8239,9287,17526,-1048,2,2,수
2022-02-02,3호선,안국,8239,9009,17248,-770,2,2,수
2022-02-02,3호선,종로3가,2763,3746,6509,-983,2,2,수
2022-02-02,3호선,을지로3가,2054,2043,4097,11,2,2,수
2022-02-02,3호선,충무로,1,0,1,1,2,2,수
2022-02-02,3호선,동대입구,3178,3879,7057,-701,2,2,수
2022-02-02,3호선,약수,4654,4860,9514,-206,2,2,수
2022-02-02,3호선,금호,3180,3118,6298,62,2,2,수
2022-02-02,3호선,옥수,3400,3795,7195,-395,2,2,수
2022-02-02,3호선,압구정,7513,8290,15803,-777,2,2,수
2022-02-02,3호선,신사,9407,9954,19361,-547,2,2,수
2022-02-02,3호선,잠원,1602,1596,3198,6,2,2,수
2022-02-02,3호선,고속터미널,54010,25892,79902,28118,2,2,수
2022-02-02,3호선,교대(법원.검찰청),2755,2044,4799,711,2,2,수
2022-02-02,3호선,남부터미널(예술의전당),14792,10318,25110,4474,2,2,수
2022-02-02,3호선,양재(서초구청),8415,10589,19004,-2174,2,2,수
2022-02-02,3호선,매봉,2996,3022,6018,-26,2,2,수
2022-02-02,3호선,도곡,1453,1493,2946,-40,2,2,수
2022-02-02,3호선,대치,3583,3447,7030,136,2,2,수
2022-02-02,3호선,학여울,535,533,1068,2,2,2,수
2022-02-02,3호선,대청,3072,3182,6254,-110,2,2,수
2022-02-02,3호선,일원,3322,3580,6902,-258,2,2,수
2022-02-02,3호선,수서,7499,6352,13851,1147,2,2,수
2022-02-02,3호선,가락시장,2743,2661,5404,82,2,2,수
2022-02-02,3호선,경찰병원,2024,2200,4224,-176,2,2,수
2022-02-02,3호선,오금,1792,1845,3637,-53,2,2,수
2022-02-02,4호선,수유(강북구청),15158,15265,30423,-107,2,2,수
2022-02-02,4호선,미아(서울사이버대학),5821,5617,11438,204,2,2,수
2022-02-02,4호선,미아사거리,12026,11529,23555,497,2,2,수
2022-02-02,4호선,길음,7257,7389,14646,-132,2,2,수
2022-02-02,4호선,성신여대입구(돈암),8456,9357,17813,-901,2,2,수
2022-02-02,4호선,한성대입구(삼선교),5191,5810,11001,-619,2,2,수
2022-02-02,4호선,혜화,13292,14450,27742,-1158,2,2,수
2022-02-02,4호선,동대문,3630,3632,7262,-2,2,2,수
2022-02-02,4호선,동대문역사문화공원(DDP),5588,5046,10634,542,2,2,수
2022-02-02,4호선,충무로,5541,6223,11764,-682,2,2,수
2022-02-02,4호선,명동,6800,7436,14236,-636,2,2,수
2022-02-02,4호선,회현(남대문시장),3906,4387,8293,-481,2,2,수
2022-02-02,4호선,서울역,2878,5400,8278,-2522,2,2,수
2022-02-02,4호선,숙대입구(갈월),4199,4297,8496,-98,2,2,수
2022-02-02,4호선,삼각지,1514,2176,3690,-662,2,2,수
2022-02-02,4호선,신용산,5926,5597,11523,329,2,2,수
2022-02-02,4호선,이촌(국립중앙박물관),3757,4133,7890,-376,2,2,수
2022-02-02,4호선,동작(현충원),953,1126,2079,-173,2,2,수
2022-02-02,4호선,총신대입구(이수),6878,7861,14739,-983,2,2,수
2022-02-02,4호선,사당,10191,9934,20125,257,2,2,수
2022-02-02,4호선,남태령,421,383,804,38,2,2,수
2022-02-02,4호선,당고개,5662,5241,10903,421,2,2,수
2022-02-02,4호선,상계,7561,7137,14698,424,2,2,수
2022-02-02,4호선,노원,9105,9883,18988,-778,2,2,수
2022-02-02,4호선,창동,11877,12112,23989,-235,2,2,수
2022-02-02,4호선,쌍문,11818,10774,22592,1044,2,2,수
2022-02-02,5호선,방화,2624,2772,5396,-148,2,2,수
2022-02-02,5호선,개화산,2252,2323,4575,-71,2,2,수
2022-02-02,5호선,김포공항,8198,6204,14402,1994,2,2,수
2022-02-02,5호선,송정,2905,3058,5963,-153,2,2,수
2022-02-02,5호선,마곡,2603,2772,5375,-169,2,2,수
2022-02-02,5호선,발산,6794,7196,13990,-402,2,2,수
2022-02-02,5호선,우장산,4931,5253,10184,-322,2,2,수
2022-02-02,5호선,화곡,10462,10622,21084,-160,2,2,수
2022-02-02,5호선,까치산,11426,12393,23819,-967,2,2,수
2022-02-02,5호선,신정(은행정),4749,4595,9344,154,2,2,수
2022-02-02,5호선,목동,5511,5875,11386,-364,2,2,수
2022-02-02,5호선,오목교(목동운동장앞),8885,9109,17994,-224,2,2,수
2022-02-02,5호선,양평,1711,2125,3836,-414,2,2,수
2022-02-02,5호선,영등포구청,972,1051,2023,-79,2,2,수
2022-02-02,5호선,영등포시장,3418,3916,7334,-498,2,2,수
2022-02-02,5호선,신길,1184,1734,2918,-550,2,2,수
2022-02-02,5호선,여의도,6654,6513,13167,141,2,2,수
2022-02-02,5호선,여의나루,3538,4519,8057,-981,2,2,수
2022-02-02,5호선,마포,3511,3837,7348,-326,2,2,수
2022-02-02,5호선,공덕,3247,3464,6711,-217,2,2,수
2022-02-02,5호선,애오개,1785,2026,3811,-241,2,2,수
2022-02-02,5호선,충정로(경기대입구),902,1034,1936,-132,2,2,수
2022-02-02,5호선,서대문,3352,3512,6864,-160,2,2,수
2022-02-02,5호선,광화문(세종문화회관),9018,8784,17802,234,2,2,수
2022-02-02,5호선,종로3가,6780,6246,13026,534,2,2,수
2022-02-02,5호선,을지로4가,940,1005,1945,-65,2,2,수
2022-02-02,5호선,동대문역사문화공원(DDP),541,646,1187,-105,2,2,수
2022-02-02,5호선,청구,1336,1316,2652,20,2,2,수
2022-02-02,5호선,신금호,2187,2482,4669,-295,2,2,수
2022-02-02,5호선,행당,2890,2610,5500,280,2,2,수
2022-02-02,5호선,왕십리(성동구청),1818,2200,4018,-382,2,2,수
2022-02-02,5호선,마장,1824,1857,3681,-33,2,2,수
2022-02-02,5호선,답십리,5233,5436,10669,-203,2,2,수
2022-02-02,5호선,장한평,5570,6189,11759,-619,2,2,수
2022-02-02,5호선,군자(능동),4335,5197,9532,-862,2,2,수
2022-02-02,5호선,아차산(어린이대공원후문),6872,6839,13711,33,2,2,수
2022-02-02,5호선,광나루(장신대),5168,4969,10137,199,2,2,수
2022-02-02,5호선,천호(풍납토성),9386,9039,18425,347,2,2,수
2022-02-02,5호선,강동,6265,6816,13081,-551,2,2,수
2022-02-02,5호선,길동,2950,3322,6272,-372,2,2,수
2022-02-02,5호선,굽은다리(강동구민회관앞),3986,3896,7882,90,2,2,수
2022-02-02,5호선,명일,3137,3205,6342,-68,2,2,수
2022-02-02,5호선,고덕,3205,3222,6427,-17,2,2,수
2022-02-02,5호선,상일동,4831,4629,9460,202,2,2,수
2022-02-02,5호선,둔촌동,2914,3072,5986,-158,2,2,수
2022-02-02,5호선,올림픽공원(한국체대),1488,1302,2790,186,2,2,수
2022-02-02,6호선,마포구청,4961,5200,10161,-239,2,2,수
2022-02-02,6호선,월드컵경기장(성산),2706,2676,5382,30,2,2,수
2022-02-02,6호선,디지털미디어시티,3790,4016,7806,-226,2,2,수
2022-02-02,6호선,증산(명지대앞),4062,4373,8435,-311,2,2,수
2022-02-02,6호선,새절(신사),4794,4852,9646,-58,2,2,수
2022-02-02,6호선,구산,2886,2240,5126,646,2,2,수
2022-02-02,6호선,독바위,1118,1389,2507,-271,2,2,수
2022-02-02,6호선,불광,2291,1960,4251,331,2,2,수
2022-02-02,6호선,역촌,1468,1887,3355,-419,2,2,수
2022-02-02,6호선,응암,6754,7183,13937,-429,2,2,수
2022-02-02,5호선,하남검단산,3519,3407,6926,112,2,2,수
2022-02-02,5호선,하남시청(덕풍·신장),3081,2922,6003,159,2,2,수
2022-02-02,5호선,하남풍산,1695,1681,3376,14,2,2,수
2022-02-02,5호선,미사,6507,7061,13568,-554,2,2,수
2022-02-02,중앙선,용문,1764,1125,2889,639,2,2,수
2022-02-02,중앙선,원덕,332,200,532,132,2,2,수
2022-02-02,중앙선,양평,2001,1413,3414,588,2,2,수
2022-02-02,중앙선,오빈,172,126,298,46,2,2,수
2022-02-02,중앙선,아신,386,277,663,109,2,2,수
2022-02-02,중앙선,국수,365,282,647,83,2,2,수
2022-02-02,중앙선,신원,143,76,219,67,2,2,수
2022-02-02,중앙선,양수,1134,1044,2178,90,2,2,수
2022-02-02,중앙선,운길산,716,621,1337,95,2,2,수
2022-02-02,중앙선,팔당,827,933,1760,-106,2,2,수
2022-02-02,중앙선,도심,897,753,1650,144,2,2,수
2022-02-02,중앙선,덕소,2570,2464,5034,106,2,2,수
2022-02-02,중앙선,양정,269,230,499,39,2,2,수
2022-02-02,중앙선,도농,3680,3511,7191,169,2,2,수
2022-02-02,중앙선,구리,5680,5623,11303,57,2,2,수
2022-02-02,중앙선,양원,720,724,1444,-4,2,2,수
2022-02-02,중앙선,망우,3632,3664,7296,-32,2,2,수
2022-02-02,중앙선,상봉(시외버스터미널),2928,3095,6023,-167,2,2,수
2022-02-02,중앙선,중랑,2405,2495,4900,-90,2,2,수
2022-02-02,중앙선,회기,9079,10999,20078,-1920,2,2,수
2022-02-02,장항선,신창(순천향대),999,721,1720,278,2,2,수
2022-02-02,장항선,온양온천,2782,2472,5254,310,2,2,수
2022-02-02,장항선,배방,609,600,1209,9,2,2,수
2022-02-02,장항선,탕정,240,251,491,-11,2,2,수
2022-02-02,장항선,아산,2327,1510,3837,817,2,2,수
2022-02-02,장항선,쌍용(나사렛대),916,800,1716,116,2,2,수
2022-02-02,장항선,봉명,409,381,790,28,2,2,수
2022-02-02,일산선,대화,4641,4302,8943,339,2,2,수
2022-02-02,일산선,주엽,3543,3384,6927,159,2,2,수
2022-02-02,일산선,정발산,3810,3845,7655,-35,2,2,수
2022-02-02,1호선,청량리(서울시립대입구),8259,8385,16644,-126,2,2,수
2022-02-02,1호선,시청,5463,5437,10900,26,2,2,수
2022-02-02,5호선,방이,2364,2292,4656,72,2,2,수
2022-02-02,5호선,오금,1029,1045,2074,-16,2,2,수
2022-02-02,5호선,개롱,2109,2273,4382,-164,2,2,수
2022-02-02,5호선,거여,2909,2940,5849,-31,2,2,수
2022-02-02,5호선,마천,2638,2777,5415,-139,2,2,수
2022-02-02,5호선,강일,1564,1536,3100,28,2,2,수
2022-02-02,6호선,망원,6227,7252,13479,-1025,2,2,수
2022-02-02,6호선,합정,6660,5965,12625,695,2,2,수
2022-02-02,6호선,상수,3806,4550,8356,-744,2,2,수
2022-02-02,6호선,광흥창(서강),2647,2738,5385,-91,2,2,수
2022-02-02,6호선,대흥(서강대앞),2461,2844,5305,-383,2,2,수
2022-02-02,6호선,공덕,4744,4723,9467,21,2,2,수
2022-02-02,6호선,효창공원앞,2159,2076,4235,83,2,2,수
2022-02-02,6호선,삼각지,2290,2009,4299,281,2,2,수
2022-02-02,6호선,녹사평(용산구청),2408,2370,4778,38,2,2,수
2022-02-02,6호선,이태원,6314,5667,11981,647,2,2,수
2022-02-02,6호선,한강진,4852,5539,10391,-687,2,2,수
2022-02-02,6호선,버티고개,714,850,1564,-136,2,2,수
2022-02-02,6호선,약수,1180,1244,2424,-64,2,2,수
2022-02-02,6호선,청구,1284,1242,2526,42,2,2,수
2022-02-02,6호선,신당,2745,2691,5436,54,2,2,수
2022-02-02,6호선,동묘앞,3666,3675,7341,-9,2,2,수
2022-02-02,6호선,창신,1147,1108,2255,39,2,2,수
2022-02-02,6호선,보문,2722,2972,5694,-250,2,2,수
2022-02-02,6호선,안암(고대병원앞),2699,3612,6311,-913,2,2,수
2022-02-02,6호선,고려대(종암),2580,3017,5597,-437,2,2,수
2022-02-02,6호선,월곡(동덕여대),4306,4481,8787,-175,2,2,수
2022-02-02,6호선,상월곡(한국과학기술연구원),2177,2149,4326,28,2,2,수
2022-02-02,6호선,돌곶이,3339,3287,6626,52,2,2,수
2022-02-02,6호선,석계,4834,5217,10051,-383,2,2,수
2022-02-02,6호선,태릉입구,2149,2412,4561,-263,2,2,수
2022-02-02,6호선,화랑대(서울여대입구),3620,3185,6805,435,2,2,수
2022-02-02,6호선,봉화산(서울의료원),2902,2931,5833,-29,2,2,수
2022-02-02,7호선,장암,844,470,1314,374,2,2,수
2022-02-02,7호선,도봉산,3725,4948,8673,-1223,2,2,수
2022-02-02,7호선,수락산,5634,5432,11066,202,2,2,수
2022-02-02,7호선,마들,4830,4836,9666,-6,2,2,수
2022-02-02,7호선,노원,9318,9325,18643,-7,2,2,수
2022-02-02,7호선,중계,4949,4804,9753,145,2,2,수
2022-02-02,7호선,하계,6801,6533,13334,268,2,2,수
2022-02-02,7호선,공릉(서울과학기술대),4591,5146,9737,-555,2,2,수
2022-02-02,7호선,태릉입구,3395,3461,6856,-66,2,2,수
2022-02-02,7호선,먹골,4029,4218,8247,-189,2,2,수
2022-02-02,7호선,중화,4318,4331,8649,-13,2,2,수
2022-02-02,7호선,상봉(시외버스터미널),7007,7080,14087,-73,2,2,수
2022-02-02,7호선,면목,6154,6297,12451,-143,2,2,수
2022-02-02,7호선,사가정,6485,6752,13237,-267,2,2,수
2022-02-02,7호선,용마산(용마폭포공원),2402,2697,5099,-295,2,2,수
2022-02-02,7호선,중곡,3654,3849,7503,-195,2,2,수
2022-02-02,7호선,군자(능동),5421,5086,10507,335,2,2,수
2022-02-02,7호선,어린이대공원(세종대),4847,6122,10969,-1275,2,2,수
2022-02-02,7호선,건대입구,6015,6333,12348,-318,2,2,수
2022-02-02,7호선,강남구청,3398,3877,7275,-479,2,2,수
2022-02-02,7호선,학동,3166,3604,6770,-438,2,2,수
2022-02-02,7호선,논현,4130,4796,8926,-666,2,2,수
2022-02-02,7호선,반포,2307,2099,4406,208,2,2,수
2022-02-02,7호선,고속터미널,20754,5661,26415,15093,2,2,수
2022-02-02,7호선,내방,3640,3950,7590,-310,2,2,수
2022-02-02,7호선,이수,5881,6230,12111,-349,2,2,수
2022-02-02,7호선,남성,3880,4445,8325,-565,2,2,수
2022-02-02,7호선,숭실대입구(살피재),3744,4644,8388,-900,2,2,수
2022-02-02,7호선,상도,3388,4020,7408,-632,2,2,수
2022-02-02,7호선,장승배기,3821,4061,7882,-240,2,2,수
2022-02-02,7호선,신대방삼거리,5576,6679,12255,-1103,2,2,수
2022-02-02,7호선,보라매,2844,3339,6183,-495,2,2,수
2022-02-02,7호선,신풍,4128,4235,8363,-107,2,2,수
2022-02-02,7호선,대림(구로구청),5213,4997,10210,216,2,2,수
2022-02-02,7호선,남구로,5260,5191,10451,69,2,2,수
2022-02-02,7호선,가산디지털단지,7844,8191,16035,-347,2,2,수
2022-02-02,7호선,철산,7439,7665,15104,-226,2,2,수
2022-02-02,7호선,광명사거리,8918,8584,17502,334,2,2,수
2022-02-02,7호선,천왕,3612,3601,7213,11,2,2,수
2022-02-02,7호선,온수(성공회대입구),2937,3035,5972,-98,2,2,수
2022-02-02,7호선,신중동,1,0,1,1,2,2,수
2022-02-02,7호선,굴포천,1,0,1,1,2,2,수
2022-02-02,8호선,암사,6580,6403,12983,177,2,2,수
2022-02-02,8호선,천호(풍납토성),6727,8063,14790,-1336,2,2,수
2022-02-02,8호선,강동구청,3462,3728,7190,-266,2,2,수
2022-02-02,8호선,몽촌토성(평화의문),2426,2729,5155,-303,2,2,수
2022-02-02,8호선,잠실(송파구청),8588,9474,18062,-886,2,2,수
2022-02-02,8호선,석촌,2912,3900,6812,-988,2,2,수
2022-02-02,8호선,송파,2598,2843,5441,-245,2,2,수
2022-02-02,8호선,가락시장,2314,2631,4945,-317,2,2,수
2022-02-02,8호선,문정,3585,4102,7687,-517,2,2,수
2022-02-02,8호선,장지,6963,7608,14571,-645,2,2,수
2022-02-02,8호선,복정,2978,2994,5972,-16,2,2,수
2022-02-02,8호선,산성,2329,2377,4706,-48,2,2,수
2022-02-02,8호선,남한산성입구(성남법원.검찰청),5087,4858,9945,229,2,2,수
2022-02-02,8호선,단대오거리,4226,4178,8404,48,2,2,수
2022-02-02,8호선,신흥,2103,2364,4467,-261,2,2,수
2022-02-02,8호선,수진,2304,2193,4497,111,2,2,수
2022-02-02,8호선,모란,2043,1673,3716,370,2,2,수
2022-02-02,8호선,남위례,1531,1659,3190,-128,2,2,수
2022-02-02,9호선,개화,832,778,1610,54,2,2,수
2022-02-02,9호선,김포공항,8234,9932,18166,-1698,2,2,수
2022-02-02,9호선,공항시장,1209,1488,2697,-279,2,2,수
2022-02-02,9호선,신방화,2454,2551,5005,-97,2,2,수
2022-02-02,9호선,마곡나루(서울식물원),3722,4293,8015,-571,2,2,수
2022-02-02,9호선,양천향교,2990,3676,6666,-686,2,2,수
2022-02-02,9호선,가양,6875,7678,14553,-803,2,2,수
2022-02-02,9호선,증미,2134,2458,4592,-324,2,2,수
2022-02-02,9호선,등촌,3915,4611,8526,-696,2,2,수
2022-02-02,9호선,염창,6045,6909,12954,-864,2,2,수
2022-02-02,9호선,신목동,1322,1177,2499,145,2,2,수
2022-02-02,9호선,선유도,1920,2213,4133,-293,2,2,수
2022-02-02,9호선,당산,6054,7143,13197,-1089,2,2,수
2022-02-02,9호선,국회의사당,2230,2405,4635,-175,2,2,수
2022-02-02,9호선,여의도,7076,6666,13742,410,2,2,수
2022-02-02,9호선,샛강,1215,1209,2424,6,2,2,수
2022-02-02,9호선,노량진,10519,12624,23143,-2105,2,2,수
2022-02-02,9호선,노들,1632,1630,3262,2,2,2,수
2022-02-02,9호선,흑석(중앙대입구),2590,2998,5588,-408,2,2,수
2022-02-02,9호선,동작(현충원),1282,1026,2308,256,2,2,수
2022-02-02,9호선,구반포,328,350,678,-22,2,2,수
2022-02-02,9호선,신반포,936,945,1881,-9,2,2,수
2022-02-02,9호선,고속터미널,12259,9083,21342,3176,2,2,수
2022-02-02,9호선,사평,1257,1318,2575,-61,2,2,수
2022-02-02,9호선,신논현,11181,11370,22551,-189,2,2,수
2022-02-02,9호선2~3단계,언주,1938,2330,4268,-392,2,2,수
2022-02-02,9호선2~3단계,선정릉,1849,2379,4228,-530,2,2,수
2022-02-02,9호선2~3단계,삼성중앙,1304,1589,2893,-285,2,2,수
2022-02-02,9호선2~3단계,봉은사,5625,5795,11420,-170,2,2,수
2022-02-02,9호선2~3단계,종합운동장,1437,1591,3028,-154,2,2,수
2022-02-02,9호선2~3단계,삼전,2569,3013,5582,-444,2,2,수
2022-02-02,9호선2~3단계,석촌고분,2119,2530,4649,-411,2,2,수
2022-02-02,9호선2~3단계,석촌,3219,3360,6579,-141,2,2,수
2022-02-03,7호선,대림(구로구청),7514,7249,14763,265,2,3,목
2022-02-03,경원선,망월사,6432,6681,13113,-249,2,3,목
2022-02-03,경원선,도봉산,6404,3983,10387,2421,2,3,목
2022-02-03,경원선,도봉,5242,5060,10302,182,2,3,목
2022-02-03,경원선,방학,8512,8490,17002,22,2,3,목
2022-02-03,경원선,녹천,4026,3439,7465,587,2,3,목
2022-02-03,경원선,월계,5381,5252,10633,129,2,3,목
2022-02-03,경원선,광운대,6254,6386,12640,-132,2,3,목
2022-02-03,경원선,석계,6741,7947,14688,-1206,2,3,목
2022-02-03,경원선,신이문,7468,7073,14541,395,2,3,목
2022-02-03,경원선,외대앞,5820,6382,12202,-562,2,3,목
2022-02-03,경원선,청량리(서울시립대입구),13247,12410,25657,837,2,3,목
2022-02-03,경원선,왕십리(성동구청),11458,13389,24847,-1931,2,3,목
2022-02-03,경원선,응봉,1590,1383,2973,207,2,3,목
2022-02-03,경원선,옥수,45,29,74,16,2,3,목
2022-02-03,경원선,한남,3626,3427,7053,199,2,3,목
2022-02-03,경원선,서빙고,1740,1692,3432,48,2,3,목
2022-02-03,경원선,이촌(국립중앙박물관),3185,2478,5663,707,2,3,목
2022-02-03,경원선,회룡,11048,10851,21899,197,2,3,목
2022-02-03,경부선,광명,3381,2373,5754,1008,2,3,목
2022-02-03,경부선,당정,5209,4929,10138,280,2,3,목
2022-02-03,경부선,천안,4136,4383,8519,-247,2,3,목
2022-02-03,경부선,두정,3751,3995,7746,-244,2,3,목
2022-02-03,경부선,직산,594,555,1149,39,2,3,목
2022-02-03,경부선,성환,2445,2536,4981,-91,2,3,목
2022-02-03,경부선,평택,9767,9513,19280,254,2,3,목
2022-02-03,경부선,평택지제,2829,2519,5348,310,2,3,목
2022-02-03,경부선,서정리,5183,5561,10744,-378,2,3,목
2022-02-03,경부선,송탄,3512,3625,7137,-113,2,3,목
2022-02-03,5호선,서대문,16538,16562,33100,-24,2,3,목
2022-02-03,5호선,광화문(세종문화회관),25501,26198,51699,-697,2,3,목
2022-02-03,5호선,종로3가,10324,10135,20459,189,2,3,목
2022-02-03,5호선,을지로4가,5231,5306,10537,-75,2,3,목
2022-02-03,5호선,동대문역사문화공원(DDP),2532,2901,5433,-369,2,3,목
2022-02-03,5호선,청구,3514,3362,6876,152,2,3,목
2022-02-03,5호선,신금호,5864,6211,12075,-347,2,3,목
2022-02-03,5호선,행당,6960,6471,13431,489,2,3,목
2022-02-03,5호선,왕십리(성동구청),4117,4550,8667,-433,2,3,목
2022-02-03,5호선,마장,4760,4439,9199,321,2,3,목
2022-02-03,5호선,답십리,14265,13429,27694,836,2,3,목
2022-02-03,5호선,장한평,16874,17094,33968,-220,2,3,목
2022-02-03,5호선,군자(능동),9750,10777,20527,-1027,2,3,목
2022-02-03,5호선,아차산(어린이대공원후문),12650,12472,25122,178,2,3,목
2022-02-03,5호선,광나루(장신대),11469,10491,21960,978,2,3,목
2022-02-03,5호선,천호(풍납토성),15763,15754,31517,9,2,3,목
2022-02-03,5호선,강동,16379,15953,32332,426,2,3,목
2022-02-03,5호선,길동,7265,7679,14944,-414,2,3,목
2022-02-03,5호선,굽은다리(강동구민회관앞),8492,8127,16619,365,2,3,목
2022-02-03,5호선,명일,7655,7922,15577,-267,2,3,목
2022-02-03,5호선,고덕,8399,8506,16905,-107,2,3,목
2022-02-03,5호선,상일동,13619,12918,26537,701,2,3,목
2022-02-03,5호선,둔촌동,7453,7526,14979,-73,2,3,목
2022-02-03,5호선,올림픽공원(한국체대),3590,3102,6692,488,2,3,목
2022-02-03,5호선,방이,6365,6693,13058,-328,2,3,목
2022-02-03,경부선,진위,1391,1226,2617,165,2,3,목
2022-02-03,경부선,오산,8211,8521,16732,-310,2,3,목
2022-02-03,경부선,오산대,2746,2568,5314,178,2,3,목
2022-02-03,경부선,세마,2340,2199,4539,141,2,3,목
2022-02-03,경부선,병점,11651,11783,23434,-132,2,3,목
2022-02-03,경부선,세류,2643,2320,4963,323,2,3,목
2022-02-03,경부선,독산,16236,17266,33502,-1030,2,3,목
2022-02-03,경부선,수원,30014,30090,60104,-76,2,3,목
2022-02-03,경부선,화서,6583,6312,12895,271,2,3,목
2022-02-03,경부선,성균관대,11357,11796,23153,-439,2,3,목
2022-02-03,경부선,의왕,7477,7573,15050,-96,2,3,목
2022-02-03,경부선,군포,6717,6939,13656,-222,2,3,목
2022-02-03,경부선,금정,22031,22416,44447,-385,2,3,목
2022-02-03,경부선,명학,7665,7513,15178,152,2,3,목
2022-02-03,경부선,안양,18353,18138,36491,215,2,3,목
2022-02-03,경부선,관악,6322,5836,12158,486,2,3,목
2022-02-03,경부선,석수,8096,7308,15404,788,2,3,목
2022-02-03,경부선,금천구청,10265,10324,20589,-59,2,3,목
2022-02-03,경부선,가산디지털단지,15432,18162,33594,-2730,2,3,목
2022-02-03,9호선,양천향교,8408,8947,17355,-539,2,3,목
2022-02-03,9호선,마곡나루(서울식물원),9797,10106,19903,-309,2,3,목
2022-02-03,9호선,신방화,6057,6046,12103,11,2,3,목
2022-02-03,9호선,공항시장,2704,2921,5625,-217,2,3,목
2022-02-03,9호선,김포공항,6937,10304,17241,-3367,2,3,목
2022-02-03,9호선,개화,2188,1509,3697,679,2,3,목
2022-02-03,8호선,남위례,3367,3687,7054,-320,2,3,목
2022-02-03,8호선,모란,3872,3028,6900,844,2,3,목
2022-02-03,8호선,수진,4749,4352,9101,397,2,3,목
2022-02-03,8호선,신흥,3944,4259,8203,-315,2,3,목
2022-02-03,8호선,단대오거리,9294,9166,18460,128,2,3,목
2022-02-03,8호선,남한산성입구(성남법원.검찰청),11789,10929,22718,860,2,3,목
2022-02-03,8호선,산성,4566,4559,9125,7,2,3,목
2022-02-03,8호선,복정,7908,6989,14897,919,2,3,목
2022-02-03,8호선,장지,14884,14660,29544,224,2,3,목
2022-02-03,8호선,문정,18825,19912,38737,-1087,2,3,목
2022-02-03,8호선,가락시장,5960,7136,13096,-1176,2,3,목
2022-02-03,8호선,송파,6678,6816,13494,-138,2,3,목
2022-02-03,8호선,석촌,7178,8175,15353,-997,2,3,목
2022-02-03,8호선,잠실(송파구청),12582,14425,27007,-1843,2,3,목
2022-02-03,8호선,몽촌토성(평화의문),5286,5371,10657,-85,2,3,목
2022-02-03,8호선,강동구청,9614,10131,19745,-517,2,3,목
2022-02-03,8호선,천호(풍납토성),13025,14866,27891,-1841,2,3,목
2022-02-03,8호선,암사,16747,15060,31807,1687,2,3,목
2022-02-03,7호선,부평구청,1,0,1,1,2,3,목
2022-02-03,7호선,신중동,3,0,3,3,2,3,목
2022-02-03,7호선,온수(성공회대입구),9098,8471,17569,627,2,3,목
2022-02-03,7호선,천왕,10137,9798,19935,339,2,3,목
2022-02-03,7호선,광명사거리,19485,19222,38707,263,2,3,목
2022-02-03,7호선,철산,18577,18892,37469,-315,2,3,목
2022-02-03,7호선,가산디지털단지,41031,40743,81774,288,2,3,목
2022-02-03,7호선,남구로,14783,15419,30202,-636,2,3,목
2022-02-03,7호선,신풍,10174,9748,19922,426,2,3,목
2022-02-03,5호선,오금,3223,3232,6455,-9,2,3,목
2022-02-03,중앙선,지평,61,48,109,13,2,3,목
2022-02-03,중앙선,용문,1331,1365,2696,-34,2,3,목
2022-02-03,중앙선,원덕,274,261,535,13,2,3,목
2022-02-03,중앙선,양평,2516,2382,4898,134,2,3,목
2022-02-03,중앙선,오빈,229,222,451,7,2,3,목
2022-02-03,중앙선,아신,420,411,831,9,2,3,목
2022-02-03,중앙선,국수,535,514,1049,21,2,3,목
2022-02-03,중앙선,신원,142,118,260,24,2,3,목
2022-02-03,중앙선,양수,1405,1448,2853,-43,2,3,목
2022-02-03,중앙선,운길산,527,479,1006,48,2,3,목
2022-02-03,중앙선,팔당,717,705,1422,12,2,3,목
2022-02-03,중앙선,도심,1946,1555,3501,391,2,3,목
2022-02-03,중앙선,덕소,4965,4776,9741,189,2,3,목
2022-02-03,중앙선,양정,609,498,1107,111,2,3,목
2022-02-03,중앙선,도농,9035,8303,17338,732,2,3,목
2022-02-03,중앙선,구리,11721,11947,23668,-226,2,3,목
2022-02-03,중앙선,양원,1873,1892,3765,-19,2,3,목
2022-02-03,중앙선,망우,6703,6678,13381,25,2,3,목
2022-02-03,중앙선,상봉(시외버스터미널),5177,5155,10332,22,2,3,목
2022-02-03,중앙선,중랑,4919,4776,9695,143,2,3,목
2022-02-03,중앙선,회기,19306,19881,39187,-575,2,3,목
2022-02-03,장항선,신창(순천향대),736,859,1595,-123,2,3,목
2022-02-03,장항선,온양온천,3040,3012,6052,28,2,3,목
2022-02-03,장항선,배방,786,846,1632,-60,2,3,목
2022-02-03,장항선,탕정,377,371,748,6,2,3,목
2022-02-03,장항선,아산,2853,2022,4875,831,2,3,목
2022-02-03,장항선,쌍용(나사렛대),1424,1366,2790,58,2,3,목
2022-02-03,장항선,봉명,1015,1065,2080,-50,2,3,목
2022-02-03,일산선,대화,11389,9039,20428,2350,2,3,목
2022-02-03,일산선,주엽,7972,8037,16009,-65,2,3,목
2022-02-03,일산선,정발산,6622,6604,13226,18,2,3,목
2022-02-03,일산선,마두,6759,6891,13650,-132,2,3,목
2022-02-03,일산선,백석,8864,8860,17724,4,2,3,목
2022-02-03,일산선,대곡,1673,1348,3021,325,2,3,목
2022-02-03,일산선,화정,15398,15821,31219,-423,2,3,목
2022-02-03,일산선,원당,9744,9125,18869,619,2,3,목
2022-02-03,일산선,삼송,17202,17086,34288,116,2,3,목
2022-02-03,일산선,원흥,9232,8970,18202,262,2,3,목
2022-02-03,우이신설선,신설동,1880,1813,3693,67,2,3,목
2022-02-03,우이신설선,보문,1300,1393,2693,-93,2,3,목
2022-02-03,우이신설선,성신여대입구(돈암),2950,3276,6226,-326,2,3,목
2022-02-03,우이신설선,북한산보국문,5151,5207,10358,-56,2,3,목
2022-02-03,우이신설선,솔샘,5204,5093,10297,111,2,3,목
2022-02-03,우이신설선,삼양사거리,2235,2250,4485,-15,2,3,목
2022-02-03,우이신설선,삼양,1735,1907,3642,-172,2,3,목
2022-02-03,우이신설선,화계,3156,3014,6170,142,2,3,목
2022-02-03,우이신설선,가오리,3759,3743,7502,16,2,3,목
2022-02-03,우이신설선,4.19민주묘지,2443,2368,4811,75,2,3,목
2022-02-03,우이신설선,솔밭공원,2180,2154,4334,26,2,3,목
2022-02-03,우이신설선,북한산우이,2650,2484,5134,166,2,3,목
2022-02-03,안산선,수리산,3640,3024,6664,616,2,3,목
2022-02-03,안산선,오이도,6897,6748,13645,149,2,3,목
2022-02-03,안산선,정왕,6552,7074,13626,-522,2,3,목
2022-02-03,안산선,신길온천,1456,1313,2769,143,2,3,목
2022-02-03,안산선,안산,10250,9297,19547,953,2,3,목
2022-02-03,안산선,초지,3809,3852,7661,-43,2,3,목
2022-02-03,안산선,고잔,7607,7130,14737,477,2,3,목
2022-02-03,안산선,중앙,15568,15852,31420,-284,2,3,목
2022-02-03,안산선,한대앞,7330,7229,14559,101,2,3,목
2022-02-03,안산선,상록수,13458,13720,27178,-262,2,3,목
2022-02-03,안산선,반월,3649,3579,7228,70,2,3,목
2022-02-03,안산선,대야미,4193,3845,8038,348,2,3,목
2022-02-03,안산선,산본,13934,14896,28830,-962,2,3,목
2022-02-03,수인선,인천,910,1443,2353,-533,2,3,목
2022-02-03,수인선,신포,1526,1450,2976,76,2,3,목
2022-02-03,수인선,숭의,3435,3245,6680,190,2,3,목
2022-02-03,수인선,인하대,4665,4533,9198,132,2,3,목
2022-02-03,수인선,송도,2091,1969,4060,122,2,3,목
2022-02-03,수인선,연수,3741,3757,7498,-16,2,3,목
2022-02-03,수인선,원인재,4028,4235,8263,-207,2,3,목
2022-02-03,수인선,남동인더스파크,2055,2311,4366,-256,2,3,목
2022-02-03,수인선,호구포,3464,3674,7138,-210,2,3,목
2022-02-03,수인선,인천논현,4864,5064,9928,-200,2,3,목
2022-02-03,수인선,소래포구,3932,3585,7517,347,2,3,목
2022-02-03,수인선,월곶,2310,2153,4463,157,2,3,목
2022-02-03,수인선,달월,94,53,147,41,2,3,목
2022-02-03,수인선,사리,4028,3494,7522,534,2,3,목
2022-02-03,수인선,야목,283,210,493,73,2,3,목
2022-02-03,수인선,어천,575,633,1208,-58,2,3,목
2022-02-03,수인선,오목천,2295,2189,4484,106,2,3,목
2022-02-03,수인선,고색,3954,3724,7678,230,2,3,목
2022-02-03,분당선,매교,2218,2242,4460,-24,2,3,목
2022-02-03,분당선,수원시청,11436,12144,23580,-708,2,3,목
2022-02-03,분당선,매탄권선,4333,4318,8651,15,2,3,목
2022-02-03,분당선,망포,12032,11583,23615,449,2,3,목
2022-02-03,분당선,영통,6987,7287,14274,-300,2,3,목
2022-02-03,분당선,청명,3465,3491,6956,-26,2,3,목
2022-02-03,분당선,상갈,4602,4513,9115,89,2,3,목
2022-02-03,분당선,기흥,8221,7880,16101,341,2,3,목
2022-02-03,분당선,신갈,3952,3934,7886,18,2,3,목
2022-02-03,분당선,구성,4257,4622,8879,-365,2,3,목
2022-02-03,분당선,죽전,11004,12427,23431,-1423,2,3,목
2022-02-03,분당선,보정,2100,1895,3995,205,2,3,목
2022-02-03,분당선,이매,5033,4847,9880,186,2,3,목
2022-02-03,분당선,오리,10299,8372,18671,1927,2,3,목
2022-02-03,분당선,미금,14166,14825,28991,-659,2,3,목
2022-02-03,분당선,정자,14053,15030,29083,-977,2,3,목
2022-02-03,분당선,수내,12085,11988,24073,97,2,3,목
2022-02-03,분당선,서현,23156,23289,46445,-133,2,3,목
2022-02-03,분당선,야탑,23679,24029,47708,-350,2,3,목
2022-02-03,분당선,모란,17235,17583,34818,-348,2,3,목
2022-02-03,분당선,태평,12149,11886,24035,263,2,3,목
2022-02-03,분당선,가천대,5117,6185,11302,-1068,2,3,목
2022-02-03,분당선,선정릉,7062,7477,14539,-415,2,3,목
2022-02-03,분당선,강남구청,9401,10599,20000,-1198,2,3,목
2022-02-03,분당선,압구정로데오,17594,18887,36481,-1293,2,3,목
2022-02-03,분당선,서울숲,8669,8959,17628,-290,2,3,목
2022-02-03,분당선,수원,7131,5969,13100,1162,2,3,목
2022-02-03,분당선,수서,12552,10971,23523,1581,2,3,목
2022-02-03,분당선,대모산입구,3969,3797,7766,172,2,3,목
2022-02-03,분당선,개포동,3038,3168,6206,-130,2,3,목
2022-02-03,분당선,구룡,1358,1473,2831,-115,2,3,목
2022-02-03,분당선,도곡,6191,6111,12302,80,2,3,목
2022-02-03,분당선,한티,12875,14155,27030,-1280,2,3,목
2022-02-03,분당선,선릉,11776,17802,29578,-6026,2,3,목
2022-02-03,과천선,범계,22575,22253,44828,322,2,3,목
2022-02-03,과천선,평촌,15564,15140,30704,424,2,3,목
2022-02-03,과천선,인덕원,20411,21513,41924,-1102,2,3,목
2022-02-03,과천선,정부과천청사,9230,9150,18380,80,2,3,목
2022-02-03,과천선,과천,5368,5053,10421,315,2,3,목
2022-02-03,과천선,대공원,2103,2212,4315,-109,2,3,목
2022-02-03,과천선,경마공원,946,932,1878,14,2,3,목
2022-02-03,과천선,선바위,6660,5906,12566,754,2,3,목
2022-02-03,공항철도 1호선,영종,2563,2698,5261,-135,2,3,목
2022-02-03,공항철도 1호선,인천공항2터미널,1897,1933,3830,-36,2,3,목
2022-02-03,공항철도 1호선,인천공항1터미널,3139,3336,6475,-197,2,3,목
2022-02-03,공항철도 1호선,공항화물청사,2322,2507,4829,-185,2,3,목
2022-02-03,공항철도 1호선,운서,5617,6127,11744,-510,2,3,목
2022-02-03,공항철도 1호선,청라국제도시,5748,5387,11135,361,2,3,목
2022-02-03,공항철도 1호선,검암,5965,5795,11760,170,2,3,목
2022-02-03,공항철도 1호선,계양,8819,8321,17140,498,2,3,목
2022-02-03,공항철도 1호선,김포공항,12564,5637,18201,6927,2,3,목
2022-02-03,공항철도 1호선,마곡나루(서울식물원),5023,5348,10371,-325,2,3,목
2022-02-03,공항철도 1호선,디지털미디어시티,11880,10886,22766,994,2,3,목
2022-02-03,공항철도 1호선,홍대입구,8089,9034,17123,-945,2,3,목
2022-02-03,공항철도 1호선,공덕,1943,2530,4473,-587,2,3,목
2022-02-03,공항철도 1호선,서울역,8013,5265,13278,2748,2,3,목
2022-02-03,경춘선,춘천,940,858,1798,82,2,3,목
2022-02-03,경춘선,남춘천,1849,1860,3709,-11,2,3,목
2022-02-03,경춘선,김유정,254,237,491,17,2,3,목
2022-02-03,경춘선,강촌,238,259,497,-21,2,3,목
2022-02-03,경춘선,백양리,277,285,562,-8,2,3,목
2022-02-03,경춘선,굴봉산,124,151,275,-27,2,3,목
2022-02-03,경춘선,가평,1243,1337,2580,-94,2,3,목
2022-02-03,경춘선,상천,170,161,331,9,2,3,목
2022-02-03,경춘선,청평,1321,1326,2647,-5,2,3,목
2022-02-03,경춘선,대성리,365,363,728,2,2,3,목
2022-02-03,경춘선,마석,3293,3298,6591,-5,2,3,목
2022-02-03,경춘선,천마산,1437,1325,2762,112,2,3,목
2022-02-03,경춘선,평내호평,5449,5153,10602,296,2,3,목
2022-02-03,경춘선,금곡,1282,1152,2434,130,2,3,목
2022-02-03,경춘선,사릉,2814,2607,5421,207,2,3,목
2022-02-03,경춘선,퇴계원,3156,2951,6107,205,2,3,목
2022-02-03,경춘선,별내,2908,2839,5747,69,2,3,목
2022-02-03,경춘선,갈매,2564,2269,4833,295,2,3,목
2022-02-03,경춘선,신내,1756,1645,3401,111,2,3,목
2022-02-03,경인선,도화,3747,3451,7198,296,2,3,목
2022-02-03,경인선,중동,8173,7625,15798,548,2,3,목
2022-02-03,경인선,온수(성공회대입구),5676,5523,11199,153,2,3,목
2022-02-03,경인선,도원,2142,2292,4434,-150,2,3,목
2022-02-03,경인선,간석,5158,4963,10121,195,2,3,목
2022-02-03,경인선,부개,7489,7111,14600,378,2,3,목
2022-02-03,경인선,소사,7522,7287,14809,235,2,3,목
2022-02-03,경인선,구일,5337,5449,10786,-112,2,3,목
2022-02-03,경인선,인천,2633,2119,4752,514,2,3,목
2022-02-03,경인선,동인천,12149,11634,23783,515,2,3,목
2022-02-03,경인선,제물포,8886,8455,17341,431,2,3,목
2022-02-03,경인선,주안,16121,14630,30751,1491,2,3,목
2022-02-03,경인선,동암,12794,12798,25592,-4,2,3,목
2022-02-03,경인선,백운,5947,5797,11744,150,2,3,목
2022-02-03,경인선,부평,26569,27678,54247,-1109,2,3,목
2022-02-03,경인선,송내,23382,23120,46502,262,2,3,목
2022-02-03,경인선,부천,28672,28396,57068,276,2,3,목
2022-02-03,경인선,역곡,23531,23324,46855,207,2,3,목
2022-02-03,경인선,오류동,10279,10109,20388,170,2,3,목
2022-02-03,경인선,개봉,18708,18724,37432,-16,2,3,목
2022-02-03,경의선,임진강,8,2,10,6,2,3,목
2022-02-03,경의선,문산,4290,4291,8581,-1,2,3,목
2022-02-03,경의선,파주,883,652,1535,231,2,3,목
2022-02-03,경의선,월롱,1339,1668,3007,-329,2,3,목
2022-02-03,경의선,금촌,5599,5585,11184,14,2,3,목
2022-02-03,경의선,금릉,4237,4023,8260,214,2,3,목
2022-02-03,경의선,운정,6050,5534,11584,516,2,3,목
2022-02-03,경의선,야당,6294,6233,12527,61,2,3,목
2022-02-03,경의선,탄현,6851,6635,13486,216,2,3,목
2022-02-03,경의선,일산,8103,7923,16026,180,2,3,목
2022-02-03,경의선,풍산,4786,4452,9238,334,2,3,목
2022-02-03,경의선,백마,5917,5791,11708,126,2,3,목
2022-02-03,경의선,곡산,489,469,958,20,2,3,목
2022-02-03,경의선,능곡,3288,3026,6314,262,2,3,목
2022-02-03,경의선,행신,7044,6835,13879,209,2,3,목
2022-02-03,경의선,강매,2803,2462,5265,341,2,3,목
2022-02-03,경의선,화전,1274,1197,2471,77,2,3,목
2022-02-03,경의선,수색,2359,2503,4862,-144,2,3,목
2022-02-03,경의선,디지털미디어시티,2165,1955,4120,210,2,3,목
2022-02-03,경의선,가좌,4528,4608,9136,-80,2,3,목
2022-02-03,경의선,홍대입구,1441,1677,3118,-236,2,3,목
2022-02-03,경의선,서강대,1811,1884,3695,-73,2,3,목
2022-02-03,경의선,공덕,3033,2636,5669,397,2,3,목
2022-02-03,경의선,효창공원앞,2663,3064,5727,-401,2,3,목
2022-02-03,경의선,신촌,762,972,1734,-210,2,3,목
2022-02-03,경의선,서울역,3828,4488,8316,-660,2,3,목
2022-02-03,경원선,소요산,2177,1861,4038,316,2,3,목
2022-02-03,경원선,동두천,1847,2004,3851,-157,2,3,목
2022-02-03,경원선,보산,1236,1099,2335,137,2,3,목
2022-02-03,경원선,동두천중앙,2716,2615,5331,101,2,3,목
2022-02-03,경원선,지행,5597,5498,11095,99,2,3,목
2022-02-03,경원선,덕정,4448,4478,8926,-30,2,3,목
2022-02-03,경원선,덕계,2534,2339,4873,195,2,3,목
2022-02-03,경원선,양주,6713,6175,12888,538,2,3,목
2022-02-03,경원선,녹양,3979,3754,7733,225,2,3,목
2022-02-03,경원선,가능,5744,5586,11330,158,2,3,목
2022-02-03,경원선,의정부,16633,16870,33503,-237,2,3,목
2022-02-03,경부선,서동탄,1127,999,2126,128,2,3,목
2022-02-03,경부선,구로,16441,16508,32949,-67,2,3,목
2022-02-03,경부선,신길,7533,6489,14022,1044,2,3,목
2022-02-03,경부선,신도림,3735,3567,7302,168,2,3,목
2022-02-03,경부선,영등포,33683,33539,67222,144,2,3,목
2022-02-03,경부선,대방,10855,11585,22440,-730,2,3,목
2022-02-03,경부선,노량진,6428,6923,13351,-495,2,3,목
2022-02-03,경부선,용산,33304,27440,60744,5864,2,3,목
2022-02-03,경부선,남영,7742,8336,16078,-594,2,3,목
2022-02-03,경부선,서울역,8335,1516,9851,6819,2,3,목
2022-02-03,경강선,여주,1782,1633,3415,149,2,3,목
2022-02-03,경강선,세종대왕릉,274,248,522,26,2,3,목
2022-02-03,경강선,부발,1634,1711,3345,-77,2,3,목
2022-02-03,경강선,이천,2280,2408,4688,-128,2,3,목
2022-02-03,경강선,신둔도예촌,1169,1097,2266,72,2,3,목
2022-02-03,경강선,곤지암,1942,1957,3899,-15,2,3,목
2022-02-03,경강선,초월,2609,2517,5126,92,2,3,목
2022-02-03,경강선,경기광주,6797,6575,13372,222,2,3,목
2022-02-03,경강선,삼동,2032,1953,3985,79,2,3,목
2022-02-03,경강선,이매,916,806,1722,110,2,3,목
2022-02-03,경강선,판교,4096,4005,8101,91,2,3,목
2022-02-03,9호선2~3단계,중앙보훈병원,9233,8190,17423,1043,2,3,목
2022-02-03,9호선2~3단계,둔촌오륜,898,891,1789,7,2,3,목
2022-02-03,9호선2~3단계,올림픽공원(한국체대),5069,4917,9986,152,2,3,목
2022-02-03,9호선2~3단계,한성백제,2190,2048,4238,142,2,3,목
2022-02-03,9호선2~3단계,송파나루,4458,4911,9369,-453,2,3,목
2022-02-03,9호선2~3단계,석촌,7488,6673,14161,815,2,3,목
2022-02-03,9호선2~3단계,석촌고분,5400,5532,10932,-132,2,3,목
2022-02-03,9호선2~3단계,삼전,6123,6131,12254,-8,2,3,목
2022-02-03,9호선2~3단계,종합운동장,3702,3739,7441,-37,2,3,목
2022-02-03,9호선2~3단계,봉은사,14001,14239,28240,-238,2,3,목
2022-02-03,9호선2~3단계,삼성중앙,6217,6583,12800,-366,2,3,목
2022-02-03,9호선2~3단계,선정릉,8292,9259,17551,-967,2,3,목
2022-02-03,9호선2~3단계,언주,9638,10003,19641,-365,2,3,목
2022-02-03,9호선,신논현,28665,28701,57366,-36,2,3,목
2022-02-03,9호선,사평,3149,3111,6260,38,2,3,목
2022-02-03,9호선,고속터미널,10907,12957,23864,-2050,2,3,목
2022-02-03,9호선,신반포,2603,2691,5294,-88,2,3,목
2022-02-03,9호선,구반포,1171,1236,2407,-65,2,3,목
2022-02-03,9호선,동작(현충원),1853,1570,3423,283,2,3,목
2022-02-03,9호선,흑석(중앙대입구),6850,7366,14216,-516,2,3,목
2022-02-03,9호선,노들,3854,3403,7257,451,2,3,목
2022-02-03,9호선,노량진,22171,22310,44481,-139,2,3,목
2022-02-03,9호선,샛강,5118,5292,10410,-174,2,3,목
2022-02-03,9호선,여의도,23468,22609,46077,859,2,3,목
2022-02-03,9호선,국회의사당,14993,15060,30053,-67,2,3,목
2022-02-03,9호선,당산,15588,16220,31808,-632,2,3,목
2022-02-03,9호선,선유도,7452,7257,14709,195,2,3,목
2022-02-03,9호선,신목동,3562,3258,6820,304,2,3,목
2022-02-03,9호선,염창,15106,15126,30232,-20,2,3,목
2022-02-03,9호선,등촌,10239,10352,20591,-113,2,3,목
2022-02-03,9호선,증미,6448,6610,13058,-162,2,3,목
2022-02-03,9호선,가양,17854,17917,35771,-63,2,3,목
2022-02-03,7호선,보라매,8647,8652,17299,-5,2,3,목
2022-02-03,7호선,신대방삼거리,14543,14535,29078,8,2,3,목
2022-02-03,7호선,장승배기,8274,8328,16602,-54,2,3,목
2022-02-03,7호선,상도,9284,9413,18697,-129,2,3,목
2022-02-03,7호선,숭실대입구(살피재),9966,10521,20487,-555,2,3,목
2022-02-03,7호선,남성,9811,9530,19341,281,2,3,목
2022-02-03,7호선,이수,13862,13594,27456,268,2,3,목
2022-02-03,7호선,내방,13501,13624,27125,-123,2,3,목
2022-02-03,7호선,고속터미널,17272,11588,28860,5684,2,3,목
2022-02-03,7호선,반포,5208,5014,10222,194,2,3,목
2022-02-03,7호선,논현,18362,20068,38430,-1706,2,3,목
2022-02-03,7호선,학동,22516,23706,46222,-1190,2,3,목
2022-02-03,7호선,강남구청,15161,16654,31815,-1493,2,3,목
2022-02-03,7호선,청담,17673,19549,37222,-1876,2,3,목
2022-02-03,7호선,뚝섬유원지,6381,6302,12683,79,2,3,목
2022-02-03,7호선,건대입구,10765,11359,22124,-594,2,3,목
2022-02-03,7호선,어린이대공원(세종대),10667,10903,21570,-236,2,3,목
2022-02-03,7호선,군자(능동),13140,11123,24263,2017,2,3,목
2022-02-03,7호선,중곡,9924,9381,19305,543,2,3,목
2022-02-03,7호선,용마산(용마폭포공원),5491,5431,10922,60,2,3,목
2022-02-03,7호선,사가정,14308,14567,28875,-259,2,3,목
2022-02-03,7호선,면목,13706,13678,27384,28,2,3,목
2022-02-03,7호선,상봉(시외버스터미널),15033,14144,29177,889,2,3,목
2022-02-03,7호선,중화,9837,9714,19551,123,2,3,목
2022-02-03,7호선,먹골,9153,9198,18351,-45,2,3,목
2022-02-03,7호선,태릉입구,7575,7338,14913,237,2,3,목
2022-02-03,7호선,공릉(서울과학기술대),9984,10392,20376,-408,2,3,목
2022-02-03,7호선,하계,15835,15127,30962,708,2,3,목
2022-02-03,7호선,중계,12348,11520,23868,828,2,3,목
2022-02-03,7호선,노원,18457,18799,37256,-342,2,3,목
2022-02-03,7호선,마들,11805,11647,23452,158,2,3,목
2022-02-03,7호선,수락산,11295,11163,22458,132,2,3,목
2022-02-03,7호선,도봉산,8179,9340,17519,-1161,2,3,목
2022-02-03,7호선,장암,1953,663,2616,1290,2,3,목
2022-02-03,6호선,봉화산(서울의료원),8025,7541,15566,484,2,3,목
2022-02-03,6호선,화랑대(서울여대입구),10151,8363,18514,1788,2,3,목
2022-02-03,6호선,태릉입구,4885,5349,10234,-464,2,3,목
2022-02-03,6호선,석계,10656,11262,21918,-606,2,3,목
2022-02-03,6호선,돌곶이,8275,7842,16117,433,2,3,목
2022-02-03,6호선,상월곡(한국과학기술연구원),5459,5009,10468,450,2,3,목
2022-02-03,6호선,월곡(동덕여대),9545,9773,19318,-228,2,3,목
2022-02-03,6호선,고려대(종암),6654,6720,13374,-66,2,3,목
2022-02-03,6호선,안암(고대병원앞),8210,8688,16898,-478,2,3,목
2022-02-03,6호선,보문,6415,6129,12544,286,2,3,목
2022-02-03,6호선,창신,2939,2462,5401,477,2,3,목
2022-02-03,6호선,동묘앞,6129,6702,12831,-573,2,3,목
2022-02-03,6호선,신당,5828,6710,12538,-882,2,3,목
2022-02-03,6호선,청구,3325,3472,6797,-147,2,3,목
2022-02-03,6호선,약수,3190,3210,6400,-20,2,3,목
2022-02-03,6호선,버티고개,1738,1858,3596,-120,2,3,목
2022-02-03,6호선,한강진,7379,8284,15663,-905,2,3,목
2022-02-03,6호선,이태원,8116,8135,16251,-19,2,3,목
2022-02-03,6호선,녹사평(용산구청),3904,3916,7820,-12,2,3,목
2022-02-03,6호선,삼각지,4994,4565,9559,429,2,3,목
2022-02-03,6호선,효창공원앞,5987,5487,11474,500,2,3,목
2022-02-03,6호선,공덕,15343,15096,30439,247,2,3,목
2022-02-03,6호선,대흥(서강대앞),6911,7339,14250,-428,2,3,목
2022-02-03,6호선,광흥창(서강),8076,7942,16018,134,2,3,목
2022-02-03,6호선,상수,7024,7892,14916,-868,2,3,목
2022-02-03,6호선,합정,11209,10935,22144,274,2,3,목
2022-02-03,6호선,망원,11993,13144,25137,-1151,2,3,목
2022-02-03,6호선,마포구청,12661,11902,24563,759,2,3,목
2022-02-03,6호선,월드컵경기장(성산),3333,3496,6829,-163,2,3,목
2022-02-03,6호선,디지털미디어시티,11940,13262,25202,-1322,2,3,목
2022-02-03,6호선,증산(명지대앞),8919,9210,18129,-291,2,3,목
2022-02-03,6호선,새절(신사),11180,10430,21610,750,2,3,목
2022-02-03,6호선,구산,6947,5557,12504,1390,2,3,목
2022-02-03,6호선,독바위,2379,2532,4911,-153,2,3,목
2022-02-03,6호선,불광,3760,3672,7432,88,2,3,목
2022-02-03,6호선,역촌,3568,4288,7856,-720,2,3,목
2022-02-03,6호선,응암,15688,16029,31717,-341,2,3,목
2022-02-03,5호선,하남검단산,4903,4820,9723,83,2,3,목
2022-02-03,5호선,하남시청(덕풍·신장),5792,5622,11414,170,2,3,목
2022-02-03,5호선,하남풍산,3792,3774,7566,18,2,3,목
2022-02-03,5호선,미사,14245,14563,28808,-318,2,3,목
2022-02-03,5호선,강일,3393,3387,6780,6,2,3,목
2022-02-03,5호선,마천,6198,6200,12398,-2,2,3,목
2022-02-03,5호선,거여,8409,8034,16443,375,2,3,목
2022-02-03,5호선,개롱,5756,6096,11852,-340,2,3,목
2022-02-03,5호선,충정로(경기대입구),4185,4272,8457,-87,2,3,목
2022-02-03,5호선,애오개,5859,6022,11881,-163,2,3,목
2022-02-03,5호선,공덕,11630,12187,23817,-557,2,3,목
2022-02-03,5호선,마포,12514,12782,25296,-268,2,3,목
2022-02-03,5호선,여의나루,5915,7118,13033,-1203,2,3,목
2022-02-03,5호선,여의도,26015,26363,52378,-348,2,3,목
2022-02-03,5호선,신길,3541,3979,7520,-438,2,3,목
2022-02-03,5호선,영등포시장,9093,9464,18557,-371,2,3,목
2022-02-03,5호선,영등포구청,3554,3559,7113,-5,2,3,목
2022-02-03,5호선,양평,6694,6855,13549,-161,2,3,목
2022-02-03,5호선,오목교(목동운동장앞),19435,20724,40159,-1289,2,3,목
2022-02-03,5호선,신정(은행정),12266,10210,22476,2056,2,3,목
2022-02-03,5호선,까치산,25653,25313,50966,340,2,3,목
2022-02-03,5호선,화곡,25338,24208,49546,1130,2,3,목
2022-02-03,5호선,우장산,12912,12766,25678,146,2,3,목
2022-02-03,5호선,발산,17524,18000,35524,-476,2,3,목
2022-02-03,5호선,마곡,9389,9308,18697,81,2,3,목
2022-02-03,5호선,송정,5715,5608,11323,107,2,3,목
2022-02-03,5호선,김포공항,7209,6567,13776,642,2,3,목
2022-02-03,5호선,개화산,5054,4842,9896,212,2,3,목
2022-02-03,5호선,방화,5875,5713,11588,162,2,3,목
2022-02-03,4호선,쌍문,26394,24517,50911,1877,2,3,목
2022-02-03,4호선,창동,22451,23686,46137,-1235,2,3,목
2022-02-03,4호선,노원,16576,18649,35225,-2073,2,3,목
2022-02-03,4호선,상계,16693,15544,32237,1149,2,3,목
2022-02-03,4호선,당고개,11457,10508,21965,949,2,3,목
2022-02-03,4호선,남태령,992,921,1913,71,2,3,목
2022-02-03,4호선,사당,20585,17051,37636,3534,2,3,목
2022-02-03,4호선,총신대입구(이수),16221,17803,34024,-1582,2,3,목
2022-02-03,4호선,동작(현충원),1307,1401,2708,-94,2,3,목
2022-02-03,4호선,이촌(국립중앙박물관),6453,7112,13565,-659,2,3,목
2022-02-03,4호선,신용산,14650,14712,29362,-62,2,3,목
2022-02-03,4호선,삼각지,4132,4509,8641,-377,2,3,목
2022-02-03,4호선,숙대입구(갈월),11000,10743,21743,257,2,3,목
2022-02-03,4호선,서울역,8832,11956,20788,-3124,2,3,목
2022-02-03,4호선,회현(남대문시장),18511,19536,38047,-1025,2,3,목
2022-02-03,4호선,명동,14980,15469,30449,-489,2,3,목
2022-02-03,4호선,충무로,22729,23895,46624,-1166,2,3,목
2022-02-03,4호선,동대문역사문화공원(DDP),12380,11757,24137,623,2,3,목
2022-02-03,4호선,동대문,14719,16089,30808,-1370,2,3,목
2022-02-03,4호선,혜화,27037,27280,54317,-243,2,3,목
2022-02-03,4호선,한성대입구(삼선교),11440,11684,23124,-244,2,3,목
2022-02-03,4호선,성신여대입구(돈암),17037,17003,34040,34,2,3,목
2022-02-03,4호선,길음,17611,17768,35379,-157,2,3,목
2022-02-03,4호선,미아사거리,24307,23849,48156,458,2,3,목
2022-02-03,4호선,미아(서울사이버대학),12971,12677,25648,294,2,3,목
2022-02-03,4호선,수유(강북구청),30668,30860,61528,-192,2,3,목
2022-02-03,3호선,오금,5455,4981,10436,474,2,3,목
2022-02-03,3호선,경찰병원,6482,6640,13122,-158,2,3,목
2022-02-03,3호선,가락시장,7202,7286,14488,-84,2,3,목
2022-02-03,3호선,수서,14853,13797,28650,1056,2,3,목
2022-02-03,3호선,일원,8812,8610,17422,202,2,3,목
2022-02-03,3호선,대청,8764,8359,17123,405,2,3,목
2022-02-03,3호선,옥수,7758,8184,15942,-426,2,3,목
2022-02-03,3호선,금호,6943,6749,13692,194,2,3,목
2022-02-03,3호선,약수,11370,11084,22454,286,2,3,목
2022-02-03,3호선,동대입구,5831,6249,12080,-418,2,3,목
2022-02-03,3호선,충무로,1,0,1,1,2,3,목
2022-02-03,3호선,을지로3가,9184,9366,18550,-182,2,3,목
2022-02-03,3호선,종로3가,9162,10519,19681,-1357,2,3,목
2022-02-03,3호선,안국,14181,15069,29250,-888,2,3,목
2022-02-03,3호선,경복궁(정부서울청사),16592,16240,32832,352,2,3,목
2022-02-03,3호선,독립문,6051,6229,12280,-178,2,3,목
2022-02-03,3호선,무악재,3476,3592,7068,-116,2,3,목
2022-02-03,3호선,홍제,15133,14751,29884,382,2,3,목
2022-02-03,3호선,녹번,13700,12748,26448,952,2,3,목
2022-02-03,3호선,불광,14164,15357,29521,-1193,2,3,목
2022-02-03,3호선,연신내,32366,31073,63439,1293,2,3,목
2022-02-03,3호선,구파발,18419,17556,35975,863,2,3,목
2022-02-03,3호선,지축,3885,3796,7681,89,2,3,목
2022-02-03,2호선,용두(동대문구청),1960,2086,4046,-126,2,3,목
2022-02-03,2호선,신정네거리,8961,9315,18276,-354,2,3,목
2022-02-03,2호선,양천구청,6065,6377,12442,-312,2,3,목
2022-02-03,2호선,도림천,1308,1331,2639,-23,2,3,목
2022-02-03,2호선,신설동,2889,3040,5929,-151,2,3,목
2022-02-03,2호선,신답,1433,1728,3161,-295,2,3,목
2022-02-03,2호선,용답,2308,2444,4752,-136,2,3,목
2022-02-03,2호선,충정로(경기대입구),8859,9280,18139,-421,2,3,목
2022-02-03,2호선,아현,8851,8754,17605,97,2,3,목
2022-02-03,2호선,이대,10492,11639,22131,-1147,2,3,목
2022-02-03,2호선,신촌,28041,29323,57364,-1282,2,3,목
2022-02-03,2호선,홍대입구,46546,47687,94233,-1141,2,3,목
2022-02-03,2호선,합정,26399,27522,53921,-1123,2,3,목
2022-02-03,2호선,당산,15721,18128,33849,-2407,2,3,목
2022-02-03,2호선,영등포구청,20581,21096,41677,-515,2,3,목
2022-02-03,2호선,문래,19102,19408,38510,-306,2,3,목
2022-02-03,2호선,신도림,41307,41022,82329,285,2,3,목
2022-02-03,2호선,대림(구로구청),21221,21578,42799,-357,2,3,목
2022-02-03,2호선,구로디지털단지,52174,52355,104529,-181,2,3,목
2022-02-03,2호선,신대방,22951,22757,45708,194,2,3,목
2022-02-03,2호선,신림,54914,55941,110855,-1027,2,3,목
2022-02-03,2호선,봉천,20568,20058,40626,510,2,3,목
2022-02-03,2호선,서울대입구(관악구청),39967,41059,81026,-1092,2,3,목
2022-02-03,2호선,낙성대(강감찬),22725,23400,46125,-675,2,3,목
2022-02-03,2호선,사당,29962,33183,63145,-3221,2,3,목
2022-02-03,2호선,방배,13890,14711,28601,-821,2,3,목
2022-02-03,2호선,서초,18299,17851,36150,448,2,3,목
2022-02-03,2호선,교대(법원.검찰청),29561,32992,62553,-3431,2,3,목
2022-02-03,2호선,강남,76628,74210,150838,2418,2,3,목
2022-02-03,2호선,역삼,46505,50998,97503,-4493,2,3,목
2022-02-03,2호선,선릉,48506,42652,91158,5854,2,3,목
2022-02-03,2호선,삼성(무역센터),44336,43877,88213,459,2,3,목
2022-02-03,2호선,종합운동장,6403,6918,13321,-515,2,3,목
2022-02-03,2호선,잠실새내,18779,18674,37453,105,2,3,목
2022-02-03,2호선,잠실(송파구청),58185,57664,115849,521,2,3,목
2022-02-03,2호선,잠실나루,12918,12679,25597,239,2,3,목
2022-02-03,2호선,강변(동서울터미널),28348,25089,53437,3259,2,3,목
2022-02-03,2호선,구의(광진구청),20783,21115,41898,-332,2,3,목
2022-02-03,2호선,건대입구,29276,31604,60880,-2328,2,3,목
2022-02-03,2호선,성수,33200,35605,68805,-2405,2,3,목
2022-02-03,2호선,뚝섬,19687,21011,40698,-1324,2,3,목
2022-02-03,2호선,한양대,5869,6332,12201,-463,2,3,목
2022-02-03,2호선,왕십리(성동구청),13103,11356,24459,1747,2,3,목
2022-02-03,2호선,상왕십리,12461,12628,25089,-167,2,3,목
2022-02-03,2호선,신당,11716,12364,24080,-648,2,3,목
2022-02-03,2호선,동대문역사문화공원(DDP),9261,10569,19830,-1308,2,3,목
2022-02-03,2호선,을지로4가,10841,10686,21527,155,2,3,목
2022-02-03,2호선,을지로3가,18840,18737,37577,103,2,3,목
2022-02-03,2호선,을지로입구,33559,33691,67250,-132,2,3,목
2022-02-03,2호선,시청,20461,19671,40132,790,2,3,목
2022-02-03,1호선,청량리(서울시립대입구),15691,15706,31397,-15,2,3,목
2022-02-03,1호선,제기동,13138,13361,26499,-223,2,3,목
2022-02-03,1호선,신설동,11718,11721,23439,-3,2,3,목
2022-02-03,1호선,종로5가,19561,19651,39212,-90,2,3,목
2022-02-03,1호선,종로3가,21582,20138,41720,1444,2,3,목
2022-02-03,1호선,종각,28418,27821,56239,597,2,3,목
2022-02-03,1호선,시청,18621,18945,37566,-324,2,3,목
2022-02-03,1호선,동묘앞,6253,6630,12883,-377,2,3,목
2022-02-03,1호선,서울역,40979,32120,73099,8859,2,3,목
2022-02-03,우이신설선,정릉,4063,3836,7899,227,2,3,목
2022-02-03,1호선,동대문,8433,8191,16624,242,2,3,목
2022-02-03,3호선,압구정,30096,31836,61932,-1740,2,3,목
2022-02-03,3호선,신사,28498,29583,58081,-1085,2,3,목
2022-02-03,3호선,잠원,4110,4002,8112,108,2,3,목
2022-02-03,3호선,고속터미널,39424,31243,70667,8181,2,3,목
2022-02-03,3호선,교대(법원.검찰청),12184,7947,20131,4237,2,3,목
2022-02-03,3호선,남부터미널(예술의전당),27205,26429,53634,776,2,3,목
2022-02-03,3호선,양재(서초구청),32963,36425,69388,-3462,2,3,목
2022-02-03,3호선,매봉,11124,10640,21764,484,2,3,목
2022-02-03,3호선,도곡,4728,4877,9605,-149,2,3,목
2022-02-03,3호선,대치,9997,10076,20073,-79,2,3,목
2022-02-03,3호선,학여울,1561,1563,3124,-2,2,3,목
2022-02-03,5호선,목동,14980,16466,31446,-1486,2,3,목
2022-02-04,3호선,금호,7524,7000,14524,524,2,4,금
2022-02-04,3호선,약수,12107,11625,23732,482,2,4,금
2022-02-04,3호선,동대입구,7702,7994,15696,-292,2,4,금
2022-02-04,3호선,을지로3가,9722,9876,19598,-154,2,4,금
2022-02-04,3호선,종로3가,9906,11381,21287,-1475,2,4,금
2022-02-04,3호선,안국,15908,16544,32452,-636,2,4,금
2022-02-04,3호선,경복궁(정부서울청사),18216,17429,35645,787,2,4,금
2022-02-04,3호선,독립문,6586,6630,13216,-44,2,4,금
2022-02-04,3호선,무악재,3630,3661,7291,-31,2,4,금
2022-02-04,3호선,홍제,16079,15623,31702,456,2,4,금
2022-02-04,3호선,녹번,14270,12992,27262,1278,2,4,금
2022-02-04,3호선,불광,15136,16122,31258,-986,2,4,금
2022-02-04,3호선,연신내,33915,32648,66563,1267,2,4,금
2022-02-04,3호선,구파발,19529,18409,37938,1120,2,4,금
2022-02-04,3호선,지축,4086,3894,7980,192,2,4,금
2022-02-04,2호선,용두(동대문구청),2145,2177,4322,-32,2,4,금
2022-02-04,2호선,신정네거리,9489,9906,19395,-417,2,4,금
2022-02-04,2호선,양천구청,6369,6713,13082,-344,2,4,금
2022-02-04,2호선,도림천,1341,1389,2730,-48,2,4,금
2022-02-04,2호선,신설동,3179,3283,6462,-104,2,4,금
2022-02-04,2호선,신답,1539,1780,3319,-241,2,4,금
2022-02-04,2호선,용답,2469,2513,4982,-44,2,4,금
2022-02-04,2호선,충정로(경기대입구),9050,9617,18667,-567,2,4,금
2022-02-04,2호선,아현,9489,9248,18737,241,2,4,금
2022-02-04,2호선,이대,11624,12420,24044,-796,2,4,금
2022-02-04,2호선,신촌,30761,31312,62073,-551,2,4,금
2022-02-04,2호선,홍대입구,51236,52727,103963,-1491,2,4,금
2022-02-04,2호선,합정,29174,30537,59711,-1363,2,4,금
2022-02-04,2호선,당산,16844,19254,36098,-2410,2,4,금
2022-02-04,2호선,영등포구청,21268,21561,42829,-293,2,4,금
2022-02-04,2호선,문래,19784,20176,39960,-392,2,4,금
2022-02-04,2호선,신도림,44235,43958,88193,277,2,4,금
2022-02-04,2호선,대림(구로구청),21771,22482,44253,-711,2,4,금
2022-02-04,2호선,구로디지털단지,54993,55304,110297,-311,2,4,금
2022-02-04,2호선,신대방,24256,23912,48168,344,2,4,금
2022-02-04,2호선,신림,58841,58500,117341,341,2,4,금
2022-02-04,2호선,봉천,21852,20923,42775,929,2,4,금
2022-02-04,2호선,서울대입구(관악구청),44177,43835,88012,342,2,4,금
2022-02-04,2호선,낙성대(강감찬),24940,24384,49324,556,2,4,금
2022-02-04,2호선,사당,33218,36066,69284,-2848,2,4,금
2022-02-04,2호선,방배,15194,15714,30908,-520,2,4,금
2022-02-04,2호선,서초,19583,19098,38681,485,2,4,금
2022-02-04,2호선,교대(법원.검찰청),31675,35537,67212,-3862,2,4,금
2022-02-04,2호선,강남,83260,81092,164352,2168,2,4,금
2022-02-04,2호선,역삼,48072,52726,100798,-4654,2,4,금
2022-02-04,2호선,선릉,51134,45096,96230,6038,2,4,금
2022-02-04,2호선,삼성(무역센터),46205,46139,92344,66,2,4,금
2022-02-04,2호선,종합운동장,6565,7178,13743,-613,2,4,금
2022-02-04,2호선,잠실새내,20233,20196,40429,37,2,4,금
2022-02-04,2호선,잠실(송파구청),62610,61353,123963,1257,2,4,금
2022-02-04,2호선,잠실나루,13475,12849,26324,626,2,4,금
2022-02-04,2호선,강변(동서울터미널),27762,26415,54177,1347,2,4,금
2022-02-04,2호선,구의(광진구청),22021,21961,43982,60,2,4,금
2022-02-04,2호선,건대입구,31745,34371,66116,-2626,2,4,금
2022-02-04,2호선,성수,35319,37779,73098,-2460,2,4,금
2022-02-04,2호선,뚝섬,20561,22025,42586,-1464,2,4,금
2022-02-04,2호선,한양대,6193,6325,12518,-132,2,4,금
2022-02-04,2호선,왕십리(성동구청),14560,12378,26938,2182,2,4,금
2022-02-04,2호선,상왕십리,13402,13162,26564,240,2,4,금
2022-02-04,2호선,신당,12748,13305,26053,-557,2,4,금
2022-02-04,2호선,동대문역사문화공원(DDP),10432,11615,22047,-1183,2,4,금
2022-02-04,2호선,을지로4가,11310,11256,22566,54,2,4,금
2022-02-04,2호선,을지로3가,20221,20000,40221,221,2,4,금
2022-02-04,2호선,을지로입구,35344,35972,71316,-628,2,4,금
2022-02-04,2호선,시청,21835,20882,42717,953,2,4,금
2022-02-04,1호선,청량리(서울시립대입구),16692,16750,33442,-58,2,4,금
2022-02-04,1호선,제기동,14132,14326,28458,-194,2,4,금
2022-02-04,1호선,신설동,12654,12366,25020,288,2,4,금
2022-02-04,1호선,동대문,9723,8884,18607,839,2,4,금
2022-02-04,1호선,종로5가,21502,21115,42617,387,2,4,금
2022-02-04,1호선,종로3가,23615,22179,45794,1436,2,4,금
2022-02-04,1호선,종각,30369,29494,59863,875,2,4,금
2022-02-04,1호선,시청,19724,19912,39636,-188,2,4,금
2022-02-04,1호선,동묘앞,6658,7054,13712,-396,2,4,금
2022-02-04,1호선,서울역,39412,35770,75182,3642,2,4,금
2022-02-04,분당선,서울숲,9418,9597,19015,-179,2,4,금
2022-02-04,분당선,압구정로데오,19621,21385,41006,-1764,2,4,금
2022-02-04,분당선,강남구청,10170,11368,21538,-1198,2,4,금
2022-02-04,분당선,선정릉,7489,7793,15282,-304,2,4,금
2022-02-04,중앙선,지평,55,68,123,-13,2,4,금
2022-02-04,중앙선,용문,1359,1417,2776,-58,2,4,금
2022-02-04,중앙선,원덕,296,268,564,28,2,4,금
2022-02-04,중앙선,양평,2302,2357,4659,-55,2,4,금
2022-02-04,중앙선,오빈,237,232,469,5,2,4,금
2022-02-04,중앙선,아신,485,474,959,11,2,4,금
2022-02-04,중앙선,국수,503,513,1016,-10,2,4,금
2022-02-04,중앙선,신원,139,147,286,-8,2,4,금
2022-02-04,중앙선,양수,1463,1435,2898,28,2,4,금
2022-02-04,중앙선,운길산,660,561,1221,99,2,4,금
2022-02-04,중앙선,팔당,775,824,1599,-49,2,4,금
2022-02-04,중앙선,도심,2108,1609,3717,499,2,4,금
2022-02-04,중앙선,덕소,5037,5093,10130,-56,2,4,금
2022-02-04,중앙선,양정,627,557,1184,70,2,4,금
2022-02-04,중앙선,도농,9296,8552,17848,744,2,4,금
2022-02-04,중앙선,구리,12223,12521,24744,-298,2,4,금
2022-02-04,중앙선,양원,1924,1926,3850,-2,2,4,금
2022-02-04,중앙선,망우,6936,6965,13901,-29,2,4,금
2022-02-04,중앙선,상봉(시외버스터미널),5319,5289,10608,30,2,4,금
2022-02-04,중앙선,중랑,5136,4973,10109,163,2,4,금
2022-02-04,중앙선,회기,20646,20779,41425,-133,2,4,금
2022-02-04,장항선,신창(순천향대),878,794,1672,84,2,4,금
2022-02-04,장항선,온양온천,3304,3319,6623,-15,2,4,금
2022-02-04,장항선,배방,912,836,1748,76,2,4,금
2022-02-04,장항선,탕정,423,385,808,38,2,4,금
2022-02-04,장항선,아산,2482,2260,4742,222,2,4,금
2022-02-04,장항선,쌍용(나사렛대),1513,1439,2952,74,2,4,금
2022-02-04,장항선,봉명,1014,1013,2027,1,2,4,금
2022-02-04,일산선,대화,11386,9178,20564,2208,2,4,금
2022-02-04,일산선,주엽,8263,8238,16501,25,2,4,금
2022-02-04,일산선,정발산,6711,6752,13463,-41,2,4,금
2022-02-04,일산선,마두,7008,7196,14204,-188,2,4,금
2022-02-04,일산선,백석,9143,9309,18452,-166,2,4,금
2022-02-04,일산선,대곡,1727,1306,3033,421,2,4,금
2022-02-04,일산선,화정,15637,16379,32016,-742,2,4,금
2022-02-04,일산선,원당,10153,9538,19691,615,2,4,금
2022-02-04,일산선,삼송,17878,17626,35504,252,2,4,금
2022-02-04,일산선,원흥,9650,9179,18829,471,2,4,금
2022-02-04,경원선,덕정,4658,4586,9244,72,2,4,금
2022-02-04,안산선,고잔,7792,7376,15168,416,2,4,금
2022-02-04,안산선,중앙,15999,16593,32592,-594,2,4,금
2022-02-04,안산선,한대앞,7723,7802,15525,-79,2,4,금
2022-02-04,분당선,수서,13375,13172,26547,203,2,4,금
2022-02-04,분당선,대모산입구,4240,3986,8226,254,2,4,금
2022-02-04,분당선,수원,7477,6309,13786,1168,2,4,금
2022-02-04,분당선,개포동,3577,3792,7369,-215,2,4,금
2022-02-04,안산선,초지,3944,4110,8054,-166,2,4,금
2022-02-04,안산선,안산,10460,9617,20077,843,2,4,금
2022-02-04,안산선,신길온천,1459,1370,2829,89,2,4,금
2022-02-04,안산선,정왕,6915,7235,14150,-320,2,4,금
2022-02-04,안산선,오이도,7047,6948,13995,99,2,4,금
2022-02-04,안산선,수리산,3710,2971,6681,739,2,4,금
2022-02-04,우이신설선,북한산우이,2999,2665,5664,334,2,4,금
2022-02-04,우이신설선,솔밭공원,2320,2210,4530,110,2,4,금
2022-02-04,우이신설선,4.19민주묘지,2548,2454,5002,94,2,4,금
2022-02-04,우이신설선,가오리,3865,3934,7799,-69,2,4,금
2022-02-04,우이신설선,화계,3250,2988,6238,262,2,4,금
2022-02-04,우이신설선,삼양,1841,2050,3891,-209,2,4,금
2022-02-04,우이신설선,삼양사거리,2323,2347,4670,-24,2,4,금
2022-02-04,우이신설선,솔샘,5462,5136,10598,326,2,4,금
2022-02-04,우이신설선,북한산보국문,5593,5508,11101,85,2,4,금
2022-02-04,우이신설선,정릉,4345,4242,8587,103,2,4,금
2022-02-04,우이신설선,성신여대입구(돈암),3214,3499,6713,-285,2,4,금
2022-02-04,안산선,상록수,13746,14402,28148,-656,2,4,금
2022-02-04,안산선,반월,3889,3661,7550,228,2,4,금
2022-02-04,안산선,대야미,4485,4040,8525,445,2,4,금
2022-02-04,안산선,산본,14763,15899,30662,-1136,2,4,금
2022-02-04,우이신설선,보문,1456,1514,2970,-58,2,4,금
2022-02-04,우이신설선,신설동,2101,1989,4090,112,2,4,금
2022-02-04,분당선,구룡,1476,1457,2933,19,2,4,금
2022-02-04,분당선,도곡,6562,6440,13002,122,2,4,금
2022-02-04,분당선,한티,14130,15295,29425,-1165,2,4,금
2022-02-04,분당선,선릉,12473,18610,31083,-6137,2,4,금
2022-02-04,과천선,범계,24015,23628,47643,387,2,4,금
2022-02-04,과천선,평촌,16057,15836,31893,221,2,4,금
2022-02-04,과천선,인덕원,21674,22702,44376,-1028,2,4,금
2022-02-04,과천선,정부과천청사,9466,9488,18954,-22,2,4,금
2022-02-04,과천선,과천,5705,5409,11114,296,2,4,금
2022-02-04,과천선,대공원,2037,2110,4147,-73,2,4,금
2022-02-04,과천선,경마공원,1065,1074,2139,-9,2,4,금
2022-02-04,과천선,선바위,6987,6332,13319,655,2,4,금
2022-02-04,공항철도 1호선,영종,2719,2788,5507,-69,2,4,금
2022-02-04,공항철도 1호선,인천공항2터미널,1869,1856,3725,13,2,4,금
2022-02-04,공항철도 1호선,인천공항1터미널,3213,3483,6696,-270,2,4,금
2022-02-04,공항철도 1호선,공항화물청사,2321,2432,4753,-111,2,4,금
2022-02-04,공항철도 1호선,운서,5987,6146,12133,-159,2,4,금
2022-02-04,공항철도 1호선,청라국제도시,6072,5753,11825,319,2,4,금
2022-02-04,공항철도 1호선,검암,6087,5928,12015,159,2,4,금
2022-02-04,공항철도 1호선,계양,9088,8584,17672,504,2,4,금
2022-02-04,공항철도 1호선,김포공항,13535,5973,19508,7562,2,4,금
2022-02-04,공항철도 1호선,마곡나루(서울식물원),6003,6093,12096,-90,2,4,금
2022-02-04,공항철도 1호선,디지털미디어시티,12286,11116,23402,1170,2,4,금
2022-02-04,공항철도 1호선,홍대입구,9131,10008,19139,-877,2,4,금
2022-02-04,공항철도 1호선,공덕,2053,2834,4887,-781,2,4,금
2022-02-04,공항철도 1호선,서울역,7211,6188,13399,1023,2,4,금
2022-02-04,경춘선,춘천,918,936,1854,-18,2,4,금
2022-02-04,경춘선,남춘천,1908,1937,3845,-29,2,4,금
2022-02-04,경춘선,김유정,212,252,464,-40,2,4,금
2022-02-04,경춘선,강촌,267,259,526,8,2,4,금
2022-02-04,경춘선,백양리,275,263,538,12,2,4,금
2022-02-04,경춘선,굴봉산,135,146,281,-11,2,4,금
2022-02-04,경춘선,가평,1380,1404,2784,-24,2,4,금
2022-02-04,경춘선,상천,182,172,354,10,2,4,금
2022-02-04,경춘선,청평,1393,1322,2715,71,2,4,금
2022-02-04,경춘선,대성리,400,364,764,36,2,4,금
2022-02-04,경춘선,마석,3288,3233,6521,55,2,4,금
2022-02-04,경춘선,천마산,1503,1411,2914,92,2,4,금
2022-02-04,경춘선,평내호평,5421,5250,10671,171,2,4,금
2022-02-04,경춘선,금곡,1311,1212,2523,99,2,4,금
2022-02-04,경춘선,사릉,2862,2738,5600,124,2,4,금
2022-02-04,경춘선,퇴계원,3227,2980,6207,247,2,4,금
2022-02-04,경춘선,별내,3110,2927,6037,183,2,4,금
2022-02-04,경춘선,갈매,2713,2461,5174,252,2,4,금
2022-02-04,경춘선,신내,1836,1690,3526,146,2,4,금
2022-02-04,경인선,도화,3795,3503,7298,292,2,4,금
2022-02-04,경인선,중동,8514,8036,16550,478,2,4,금
2022-02-04,경인선,온수(성공회대입구),6000,5797,11797,203,2,4,금
2022-02-04,경인선,도원,2234,2333,4567,-99,2,4,금
2022-02-04,경인선,간석,5356,5106,10462,250,2,4,금
2022-02-04,경인선,부개,7803,7328,15131,475,2,4,금
2022-02-04,경인선,소사,7840,7558,15398,282,2,4,금
2022-02-04,경인선,구일,5537,5582,11119,-45,2,4,금
2022-02-04,경인선,인천,2784,2204,4988,580,2,4,금
2022-02-04,경인선,동인천,12555,11811,24366,744,2,4,금
2022-02-04,경인선,제물포,9347,9015,18362,332,2,4,금
2022-02-04,경인선,주안,16827,15369,32196,1458,2,4,금
2022-02-04,경인선,동암,13166,13496,26662,-330,2,4,금
2022-02-04,경인선,백운,6116,6037,12153,79,2,4,금
2022-02-04,경인선,부평,28003,29762,57765,-1759,2,4,금
2022-02-04,경인선,송내,24181,24189,48370,-8,2,4,금
2022-02-04,경인선,부천,29739,30191,59930,-452,2,4,금
2022-02-04,경인선,역곡,24572,24531,49103,41,2,4,금
2022-02-04,경인선,오류동,10809,10264,21073,545,2,4,금
2022-02-04,경인선,개봉,19547,19750,39297,-203,2,4,금
2022-02-04,경의선,계양,1,0,1,1,2,4,금
2022-02-04,경의선,임진강,3,13,16,-10,2,4,금
2022-02-04,경의선,문산,4657,4534,9191,123,2,4,금
2022-02-04,경의선,파주,922,687,1609,235,2,4,금
2022-02-04,경의선,월롱,1720,1644,3364,76,2,4,금
2022-02-04,경의선,금촌,5822,5797,11619,25,2,4,금
2022-02-04,경의선,금릉,4211,4087,8298,124,2,4,금
2022-02-04,경의선,운정,6197,5904,12101,293,2,4,금
2022-02-04,경의선,야당,6669,6518,13187,151,2,4,금
2022-02-04,경의선,탄현,6958,6876,13834,82,2,4,금
2022-02-04,경의선,일산,8227,8066,16293,161,2,4,금
2022-02-04,경의선,풍산,4948,4734,9682,214,2,4,금
2022-02-04,경의선,백마,6046,5844,11890,202,2,4,금
2022-02-04,경의선,곡산,517,512,1029,5,2,4,금
2022-02-04,경의선,능곡,3322,3087,6409,235,2,4,금
2022-02-04,경의선,행신,7179,7167,14346,12,2,4,금
2022-02-04,경의선,강매,2837,2511,5348,326,2,4,금
2022-02-04,경의선,화전,1368,1222,2590,146,2,4,금
2022-02-04,경의선,수색,2499,2463,4962,36,2,4,금
2022-02-04,경의선,디지털미디어시티,2227,2098,4325,129,2,4,금
2022-02-04,경의선,가좌,4806,4639,9445,167,2,4,금
2022-02-04,경의선,홍대입구,1537,1887,3424,-350,2,4,금
2022-02-04,경의선,서강대,1903,1957,3860,-54,2,4,금
2022-02-04,경의선,공덕,3346,2915,6261,431,2,4,금
2022-02-04,경의선,효창공원앞,2744,3149,5893,-405,2,4,금
2022-02-04,경의선,신촌,739,952,1691,-213,2,4,금
2022-02-04,경의선,서울역,3680,4659,8339,-979,2,4,금
2022-02-04,경원선,소요산,2160,1835,3995,325,2,4,금
2022-02-04,경원선,동두천,1831,2000,3831,-169,2,4,금
2022-02-04,경원선,보산,1214,1122,2336,92,2,4,금
2022-02-04,경원선,동두천중앙,2842,2815,5657,27,2,4,금
2022-02-04,경원선,지행,5680,5632,11312,48,2,4,금
2022-02-04,경원선,덕계,2673,2427,5100,246,2,4,금
2022-02-04,경원선,양주,6797,6454,13251,343,2,4,금
2022-02-04,경원선,녹양,4171,3894,8065,277,2,4,금
2022-02-04,경원선,가능,5895,5708,11603,187,2,4,금
2022-02-04,경원선,의정부,17111,17852,34963,-741,2,4,금
2022-02-04,경원선,회룡,11513,11292,22805,221,2,4,금
2022-02-04,경원선,망월사,6779,6923,13702,-144,2,4,금
2022-02-04,경원선,도봉산,6279,4137,10416,2142,2,4,금
2022-02-04,경원선,도봉,5556,5440,10996,116,2,4,금
2022-02-04,경원선,방학,8941,8709,17650,232,2,4,금
2022-02-04,경원선,녹천,4257,3632,7889,625,2,4,금
2022-02-04,경원선,월계,5625,5388,11013,237,2,4,금
2022-02-04,경원선,광운대,6648,6504,13152,144,2,4,금
2022-02-04,경원선,석계,7311,8289,15600,-978,2,4,금
2022-02-04,경원선,신이문,7822,7286,15108,536,2,4,금
2022-02-04,경원선,외대앞,6365,6532,12897,-167,2,4,금
2022-02-04,경원선,청량리(서울시립대입구),14097,14174,28271,-77,2,4,금
2022-02-04,경원선,왕십리(성동구청),12461,14208,26669,-1747,2,4,금
2022-02-04,경원선,응봉,1618,1426,3044,192,2,4,금
2022-02-04,경원선,옥수,42,32,74,10,2,4,금
2022-02-04,경원선,한남,3759,3521,7280,238,2,4,금
2022-02-04,경원선,서빙고,1861,1682,3543,179,2,4,금
2022-02-04,경원선,이촌(국립중앙박물관),3473,2729,6202,744,2,4,금
2022-02-04,경부선,광명,3052,2630,5682,422,2,4,금
2022-02-04,경부선,서동탄,1222,1104,2326,118,2,4,금
2022-02-04,경부선,당정,5487,5287,10774,200,2,4,금
2022-02-04,경부선,천안,4329,4545,8874,-216,2,4,금
2022-02-04,경부선,두정,4217,4250,8467,-33,2,4,금
2022-02-04,경부선,직산,713,647,1360,66,2,4,금
2022-02-04,경부선,성환,2670,2543,5213,127,2,4,금
2022-02-04,수인선,인천,896,1453,2349,-557,2,4,금
2022-02-04,경부선,평택,10150,9801,19951,349,2,4,금
2022-02-04,경부선,평택지제,3005,2744,5749,261,2,4,금
2022-02-04,경부선,서정리,6047,5387,11434,660,2,4,금
2022-02-04,경부선,송탄,3719,3589,7308,130,2,4,금
2022-02-04,경부선,진위,1483,1238,2721,245,2,4,금
2022-02-04,경부선,오산,8410,8341,16751,69,2,4,금
2022-02-04,경부선,오산대,2905,2755,5660,150,2,4,금
2022-02-04,경부선,세마,2489,2340,4829,149,2,4,금
2022-02-04,경부선,병점,12560,12437,24997,123,2,4,금
2022-02-04,경부선,세류,2721,2504,5225,217,2,4,금
2022-02-04,경부선,독산,17202,17854,35056,-652,2,4,금
2022-02-04,경부선,수원,30621,32114,62735,-1493,2,4,금
2022-02-04,경부선,화서,6827,6692,13519,135,2,4,금
2022-02-04,경부선,성균관대,12032,12110,24142,-78,2,4,금
2022-02-04,경부선,의왕,7959,7966,15925,-7,2,4,금
2022-02-04,경부선,군포,7201,7191,14392,10,2,4,금
2022-02-04,경부선,금정,23194,23676,46870,-482,2,4,금
2022-02-04,경부선,명학,7917,7655,15572,262,2,4,금
2022-02-04,경부선,안양,19068,19226,38294,-158,2,4,금
2022-02-04,경부선,관악,6545,6183,12728,362,2,4,금
2022-02-04,경부선,석수,8695,7708,16403,987,2,4,금
2022-02-04,경부선,금천구청,10720,10943,21663,-223,2,4,금
2022-02-04,경부선,가산디지털단지,16046,18894,34940,-2848,2,4,금
2022-02-04,경부선,구로,17025,17331,34356,-306,2,4,금
2022-02-04,경부선,신길,7812,6639,14451,1173,2,4,금
2022-02-04,경부선,신도림,3688,3539,7227,149,2,4,금
2022-02-04,경부선,영등포,35520,36261,71781,-741,2,4,금
2022-02-04,경부선,대방,11233,11705,22938,-472,2,4,금
2022-02-04,경부선,노량진,7365,7332,14697,33,2,4,금
2022-02-04,경부선,용산,31730,30393,62123,1337,2,4,금
2022-02-04,경부선,남영,8223,8647,16870,-424,2,4,금
2022-02-04,경부선,서울역,6167,1810,7977,4357,2,4,금
2022-02-04,경강선,여주,1785,1862,3647,-77,2,4,금
2022-02-04,경강선,세종대왕릉,233,224,457,9,2,4,금
2022-02-04,경강선,부발,2179,1715,3894,464,2,4,금
2022-02-04,경강선,이천,2510,2511,5021,-1,2,4,금
2022-02-04,경강선,신둔도예촌,1317,1198,2515,119,2,4,금
2022-02-04,경강선,곤지암,2097,1949,4046,148,2,4,금
2022-02-04,경강선,초월,2804,2730,5534,74,2,4,금
2022-02-04,경강선,경기광주,7114,6781,13895,333,2,4,금
2022-02-04,경강선,삼동,2150,2054,4204,96,2,4,금
2022-02-04,경강선,이매,953,860,1813,93,2,4,금
2022-02-04,경강선,판교,4209,4246,8455,-37,2,4,금
2022-02-04,9호선2~3단계,중앙보훈병원,9621,8564,18185,1057,2,4,금
2022-02-04,9호선2~3단계,둔촌오륜,933,842,1775,91,2,4,금
2022-02-04,9호선2~3단계,올림픽공원(한국체대),5230,5121,10351,109,2,4,금
2022-02-04,9호선2~3단계,한성백제,2295,2146,4441,149,2,4,금
2022-02-04,9호선2~3단계,송파나루,4769,5188,9957,-419,2,4,금
2022-02-04,9호선2~3단계,석촌,7834,7014,14848,820,2,4,금
2022-02-04,9호선2~3단계,석촌고분,5830,5752,11582,78,2,4,금
2022-02-04,9호선2~3단계,삼전,6548,6459,13007,89,2,4,금
2022-02-04,9호선2~3단계,종합운동장,3926,3969,7895,-43,2,4,금
2022-02-04,9호선2~3단계,봉은사,14966,15090,30056,-124,2,4,금
2022-02-04,9호선2~3단계,삼성중앙,6643,6925,13568,-282,2,4,금
2022-02-04,9호선2~3단계,선정릉,8720,9456,18176,-736,2,4,금
2022-02-04,9호선2~3단계,언주,10263,10403,20666,-140,2,4,금
2022-02-04,9호선,신논현,31320,31194,62514,126,2,4,금
2022-02-04,9호선,사평,3354,3259,6613,95,2,4,금
2022-02-04,9호선,고속터미널,11116,14306,25422,-3190,2,4,금
2022-02-04,9호선,신반포,2718,2691,5409,27,2,4,금
2022-02-04,9호선,구반포,1257,1377,2634,-120,2,4,금
2022-02-04,9호선,동작(현충원),1896,1495,3391,401,2,4,금
2022-02-04,9호선,흑석(중앙대입구),7102,7498,14600,-396,2,4,금
2022-02-04,9호선,노들,4101,3529,7630,572,2,4,금
2022-02-04,9호선,노량진,24027,23467,47494,560,2,4,금
2022-02-04,9호선,샛강,5436,5761,11197,-325,2,4,금
2022-02-04,9호선,여의도,25193,23682,48875,1511,2,4,금
2022-02-04,9호선,국회의사당,15332,15236,30568,96,2,4,금
2022-02-04,9호선,당산,16799,17050,33849,-251,2,4,금
2022-02-04,9호선,선유도,7944,7720,15664,224,2,4,금
2022-02-04,9호선,신목동,3631,3251,6882,380,2,4,금
2022-02-04,9호선,염창,15849,15365,31214,484,2,4,금
2022-02-04,9호선,등촌,10562,10604,21166,-42,2,4,금
2022-02-04,9호선,증미,6882,6868,13750,14,2,4,금
2022-02-04,9호선,가양,18805,18445,37250,360,2,4,금
2022-02-04,9호선,양천향교,8876,9230,18106,-354,2,4,금
2022-02-04,9호선,마곡나루(서울식물원),10676,10425,21101,251,2,4,금
2022-02-04,9호선,신방화,6412,6324,12736,88,2,4,금
2022-02-04,9호선,공항시장,2758,3045,5803,-287,2,4,금
2022-02-04,9호선,김포공항,7529,11106,18635,-3577,2,4,금
2022-02-04,9호선,개화,2262,1596,3858,666,2,4,금
2022-02-04,8호선,남위례,3654,3882,7536,-228,2,4,금
2022-02-04,8호선,모란,4986,3809,8795,1177,2,4,금
2022-02-04,8호선,수진,4993,4624,9617,369,2,4,금
2022-02-04,수인선,신포,1551,1586,3137,-35,2,4,금
2022-02-04,8호선,신흥,4066,4614,8680,-548,2,4,금
2022-02-04,8호선,단대오거리,10270,9725,19995,545,2,4,금
2022-02-04,8호선,남한산성입구(성남법원.검찰청),12674,11737,24411,937,2,4,금
2022-02-04,8호선,산성,4852,4828,9680,24,2,4,금
2022-02-04,8호선,복정,8654,7306,15960,1348,2,4,금
2022-02-04,8호선,장지,16003,15574,31577,429,2,4,금
2022-02-04,8호선,문정,19692,20730,40422,-1038,2,4,금
2022-02-04,8호선,가락시장,7070,7760,14830,-690,2,4,금
2022-02-04,8호선,송파,7032,7270,14302,-238,2,4,금
2022-02-04,8호선,석촌,7629,8678,16307,-1049,2,4,금
2022-02-04,8호선,잠실(송파구청),13618,15740,29358,-2122,2,4,금
2022-02-04,8호선,몽촌토성(평화의문),5488,5522,11010,-34,2,4,금
2022-02-04,8호선,강동구청,10152,10562,20714,-410,2,4,금
2022-02-04,분당선,가천대,5892,6685,12577,-793,2,4,금
2022-02-04,분당선,태평,12951,12592,25543,359,2,4,금
2022-02-04,분당선,모란,21382,21894,43276,-512,2,4,금
2022-02-04,분당선,야탑,24643,25652,50295,-1009,2,4,금
2022-02-04,분당선,서현,24335,24521,48856,-186,2,4,금
2022-02-04,분당선,수내,12531,12426,24957,105,2,4,금
2022-02-04,분당선,정자,15820,16760,32580,-940,2,4,금
2022-02-04,분당선,미금,14753,15781,30534,-1028,2,4,금
2022-02-04,분당선,오리,11028,8997,20025,2031,2,4,금
2022-02-04,분당선,이매,5221,5081,10302,140,2,4,금
2022-02-04,분당선,보정,2178,1915,4093,263,2,4,금
2022-02-04,분당선,죽전,11962,13059,25021,-1097,2,4,금
2022-02-04,분당선,구성,4471,4689,9160,-218,2,4,금
2022-02-04,분당선,신갈,4154,4113,8267,41,2,4,금
2022-02-04,분당선,기흥,8617,8306,16923,311,2,4,금
2022-02-04,분당선,상갈,4929,4689,9618,240,2,4,금
2022-02-04,분당선,청명,3767,3736,7503,31,2,4,금
2022-02-04,분당선,영통,7531,7602,15133,-71,2,4,금
2022-02-04,분당선,망포,13095,12457,25552,638,2,4,금
2022-02-04,분당선,매탄권선,4454,4327,8781,127,2,4,금
2022-02-04,분당선,수원시청,12283,13210,25493,-927,2,4,금
2022-02-04,분당선,매교,2378,2465,4843,-87,2,4,금
2022-02-04,수인선,고색,4205,3866,8071,339,2,4,금
2022-02-04,수인선,오목천,2480,2230,4710,250,2,4,금
2022-02-04,수인선,어천,700,645,1345,55,2,4,금
2022-02-04,수인선,야목,281,207,488,74,2,4,금
2022-02-04,수인선,사리,4161,3657,7818,504,2,4,금
2022-02-04,수인선,달월,98,54,152,44,2,4,금
2022-02-04,수인선,월곶,2260,2198,4458,62,2,4,금
2022-02-04,수인선,소래포구,3867,3588,7455,279,2,4,금
2022-02-04,수인선,인천논현,4945,5242,10187,-297,2,4,금
2022-02-04,수인선,호구포,3647,3788,7435,-141,2,4,금
2022-02-04,수인선,남동인더스파크,2123,2322,4445,-199,2,4,금
2022-02-04,수인선,원인재,3987,4260,8247,-273,2,4,금
2022-02-04,수인선,연수,3951,4043,7994,-92,2,4,금
2022-02-04,수인선,송도,2242,2100,4342,142,2,4,금
2022-02-04,수인선,인하대,4872,4636,9508,236,2,4,금
2022-02-04,수인선,숭의,3466,3295,6761,171,2,4,금
2022-02-04,8호선,천호(풍납토성),13974,16329,30303,-2355,2,4,금
2022-02-04,8호선,암사,17765,15964,33729,1801,2,4,금
2022-02-04,7호선,굴포천,1,0,1,1,2,4,금
2022-02-04,7호선,부천시청,1,0,1,1,2,4,금
2022-02-04,7호선,부천종합운동장,2,0,2,2,2,4,금
2022-02-04,7호선,온수(성공회대입구),9424,8736,18160,688,2,4,금
2022-02-04,7호선,천왕,10568,9998,20566,570,2,4,금
2022-02-04,7호선,광명사거리,20749,20435,41184,314,2,4,금
2022-02-04,7호선,철산,19343,19954,39297,-611,2,4,금
2022-02-04,7호선,가산디지털단지,41891,41740,83631,151,2,4,금
2022-02-04,7호선,남구로,15147,15892,31039,-745,2,4,금
2022-02-04,7호선,대림(구로구청),7374,7430,14804,-56,2,4,금
2022-02-04,7호선,신풍,10562,10263,20825,299,2,4,금
2022-02-04,7호선,보라매,9076,9112,18188,-36,2,4,금
2022-02-04,7호선,신대방삼거리,15227,14773,30000,454,2,4,금
2022-02-04,7호선,장승배기,8800,8556,17356,244,2,4,금
2022-02-04,7호선,상도,9881,9791,19672,90,2,4,금
2022-02-04,7호선,숭실대입구(살피재),10493,10742,21235,-249,2,4,금
2022-02-04,7호선,남성,10142,9532,19674,610,2,4,금
2022-02-04,7호선,이수,15003,14745,29748,258,2,4,금
2022-02-04,7호선,내방,13839,14197,28036,-358,2,4,금
2022-02-04,7호선,고속터미널,15470,12244,27714,3226,2,4,금
2022-02-04,7호선,반포,5449,5162,10611,287,2,4,금
2022-02-04,7호선,논현,19511,21504,41015,-1993,2,4,금
2022-02-04,7호선,학동,22905,24113,47018,-1208,2,4,금
2022-02-04,7호선,강남구청,15698,17207,32905,-1509,2,4,금
2022-02-04,7호선,청담,17938,20188,38126,-2250,2,4,금
2022-02-04,7호선,뚝섬유원지,6566,6442,13008,124,2,4,금
2022-02-04,7호선,건대입구,11397,11792,23189,-395,2,4,금
2022-02-04,7호선,어린이대공원(세종대),11119,11283,22402,-164,2,4,금
2022-02-04,7호선,군자(능동),14063,11586,25649,2477,2,4,금
2022-02-04,7호선,중곡,10156,9715,19871,441,2,4,금
2022-02-04,7호선,용마산(용마폭포공원),5671,5496,11167,175,2,4,금
2022-02-04,7호선,사가정,15295,15246,30541,49,2,4,금
2022-02-04,7호선,면목,14270,14234,28504,36,2,4,금
2022-02-04,7호선,상봉(시외버스터미널),15986,15169,31155,817,2,4,금
2022-02-04,7호선,중화,10435,10050,20485,385,2,4,금
2022-02-04,7호선,먹골,9717,9511,19228,206,2,4,금
2022-02-04,7호선,태릉입구,7782,7368,15150,414,2,4,금
2022-02-04,7호선,공릉(서울과학기술대),10790,10975,21765,-185,2,4,금
2022-02-04,7호선,하계,16166,15388,31554,778,2,4,금
2022-02-04,7호선,중계,13076,11855,24931,1221,2,4,금
2022-02-04,7호선,노원,19726,20134,39860,-408,2,4,금
2022-02-04,7호선,마들,12322,11859,24181,463,2,4,금
2022-02-04,7호선,수락산,11605,11634,23239,-29,2,4,금
2022-02-04,7호선,도봉산,8499,9374,17873,-875,2,4,금
2022-02-04,7호선,장암,2000,746,2746,1254,2,4,금
2022-02-04,6호선,봉화산(서울의료원),8384,7892,16276,492,2,4,금
2022-02-04,6호선,화랑대(서울여대입구),10722,8466,19188,2256,2,4,금
2022-02-04,6호선,태릉입구,4971,5545,10516,-574,2,4,금
2022-02-04,6호선,석계,11391,11882,23273,-491,2,4,금
2022-02-04,6호선,돌곶이,8680,8181,16861,499,2,4,금
2022-02-04,6호선,상월곡(한국과학기술연구원),5642,5047,10689,595,2,4,금
2022-02-04,6호선,월곡(동덕여대),10686,10630,21316,56,2,4,금
2022-02-04,6호선,고려대(종암),7068,7058,14126,10,2,4,금
2022-02-04,6호선,안암(고대병원앞),8725,8731,17456,-6,2,4,금
2022-02-04,6호선,보문,7083,6543,13626,540,2,4,금
2022-02-04,6호선,창신,3110,2535,5645,575,2,4,금
2022-02-04,6호선,동묘앞,7214,7438,14652,-224,2,4,금
2022-02-04,6호선,신당,7366,7729,15095,-363,2,4,금
2022-02-04,6호선,청구,3492,3766,7258,-274,2,4,금
2022-02-04,6호선,약수,3457,3492,6949,-35,2,4,금
2022-02-04,6호선,버티고개,1881,1930,3811,-49,2,4,금
2022-02-04,6호선,한강진,8192,9186,17378,-994,2,4,금
2022-02-04,6호선,이태원,8915,9476,18391,-561,2,4,금
2022-02-04,6호선,녹사평(용산구청),4231,4288,8519,-57,2,4,금
2022-02-04,6호선,삼각지,5692,5097,10789,595,2,4,금
2022-02-04,6호선,효창공원앞,6350,5887,12237,463,2,4,금
2022-02-04,6호선,공덕,16849,16136,32985,713,2,4,금
2022-02-04,6호선,대흥(서강대앞),7391,7638,15029,-247,2,4,금
2022-02-04,6호선,광흥창(서강),8227,8153,16380,74,2,4,금
2022-02-04,6호선,상수,8147,8913,17060,-766,2,4,금
2022-02-04,6호선,합정,12742,12106,24848,636,2,4,금
2022-02-04,6호선,망원,13603,14671,28274,-1068,2,4,금
2022-02-04,6호선,마포구청,13331,12495,25826,836,2,4,금
2022-02-04,6호선,월드컵경기장(성산),3409,3442,6851,-33,2,4,금
2022-02-04,6호선,디지털미디어시티,12331,13606,25937,-1275,2,4,금
2022-02-04,6호선,증산(명지대앞),9270,9350,18620,-80,2,4,금
2022-02-04,6호선,새절(신사),11780,11185,22965,595,2,4,금
2022-02-04,6호선,구산,7190,5592,12782,1598,2,4,금
2022-02-04,6호선,독바위,2529,2652,5181,-123,2,4,금
2022-02-04,6호선,불광,3989,3869,7858,120,2,4,금
2022-02-04,6호선,역촌,3690,4351,8041,-661,2,4,금
2022-02-04,6호선,응암,16329,16419,32748,-90,2,4,금
2022-02-04,5호선,하남검단산,5070,4930,10000,140,2,4,금
2022-02-04,5호선,하남시청(덕풍·신장),6104,5984,12088,120,2,4,금
2022-02-04,5호선,하남풍산,3914,3946,7860,-32,2,4,금
2022-02-04,5호선,미사,14631,14854,29485,-223,2,4,금
2022-02-04,5호선,강일,3708,3536,7244,172,2,4,금
2022-02-04,5호선,마천,6414,6328,12742,86,2,4,금
2022-02-04,5호선,거여,8740,8338,17078,402,2,4,금
2022-02-04,5호선,개롱,6009,6221,12230,-212,2,4,금
2022-02-04,5호선,오금,3376,3340,6716,36,2,4,금
2022-02-04,5호선,방이,6724,7024,13748,-300,2,4,금
2022-02-04,5호선,올림픽공원(한국체대),3861,3299,7160,562,2,4,금
2022-02-04,5호선,둔촌동,7821,7998,15819,-177,2,4,금
2022-02-04,5호선,상일동,14305,13379,27684,926,2,4,금
2022-02-04,5호선,고덕,8949,8894,17843,55,2,4,금
2022-02-04,5호선,명일,8245,8564,16809,-319,2,4,금
2022-02-04,5호선,굽은다리(강동구민회관앞),9025,8553,17578,472,2,4,금
2022-02-04,5호선,길동,7717,8329,16046,-612,2,4,금
2022-02-04,5호선,강동,17512,16786,34298,726,2,4,금
2022-02-04,5호선,천호(풍납토성),17122,16896,34018,226,2,4,금
2022-02-04,5호선,광나루(장신대),12088,10909,22997,1179,2,4,금
2022-02-04,5호선,아차산(어린이대공원후문),13568,13244,26812,324,2,4,금
2022-02-04,5호선,군자(능동),10621,11744,22365,-1123,2,4,금
2022-02-04,5호선,장한평,18017,18158,36175,-141,2,4,금
2022-02-04,5호선,답십리,15239,14002,29241,1237,2,4,금
2022-02-04,5호선,마장,5123,4799,9922,324,2,4,금
2022-02-04,5호선,왕십리(성동구청),4370,4904,9274,-534,2,4,금
2022-02-04,5호선,행당,7670,6861,14531,809,2,4,금
2022-02-04,5호선,신금호,6077,6342,12419,-265,2,4,금
2022-02-04,5호선,청구,3840,3459,7299,381,2,4,금
2022-02-04,5호선,동대문역사문화공원(DDP),2687,3071,5758,-384,2,4,금
2022-02-04,5호선,을지로4가,5429,5561,10990,-132,2,4,금
2022-02-04,5호선,종로3가,11420,11316,22736,104,2,4,금
2022-02-04,5호선,광화문(세종문화회관),26588,27418,54006,-830,2,4,금
2022-02-04,5호선,서대문,18034,18055,36089,-21,2,4,금
2022-02-04,5호선,충정로(경기대입구),4306,4379,8685,-73,2,4,금
2022-02-04,5호선,애오개,6332,6526,12858,-194,2,4,금
2022-02-04,5호선,공덕,12447,13411,25858,-964,2,4,금
2022-02-04,5호선,마포,13266,13783,27049,-517,2,4,금
2022-02-04,5호선,여의나루,6781,7992,14773,-1211,2,4,금
2022-02-04,5호선,여의도,26911,27701,54612,-790,2,4,금
2022-02-04,5호선,신길,3774,4258,8032,-484,2,4,금
2022-02-04,5호선,영등포시장,9633,9886,19519,-253,2,4,금
2022-02-04,5호선,영등포구청,3684,3705,7389,-21,2,4,금
2022-02-04,5호선,양평,7160,7091,14251,69,2,4,금
2022-02-04,5호선,오목교(목동운동장앞),20782,22298,43080,-1516,2,4,금
2022-02-04,5호선,목동,15683,16997,32680,-1314,2,4,금
2022-02-04,5호선,신정(은행정),12814,10543,23357,2271,2,4,금
2022-02-04,5호선,까치산,27013,26324,53337,689,2,4,금
2022-02-04,5호선,화곡,26675,25222,51897,1453,2,4,금
2022-02-04,5호선,우장산,13179,13126,26305,53,2,4,금
2022-02-04,5호선,발산,18262,18788,37050,-526,2,4,금
2022-02-04,5호선,마곡,9987,9742,19729,245,2,4,금
2022-02-04,5호선,송정,6076,5846,11922,230,2,4,금
2022-02-04,5호선,김포공항,7462,6617,14079,845,2,4,금
2022-02-04,5호선,개화산,5172,5015,10187,157,2,4,금
2022-02-04,5호선,방화,6130,5947,12077,183,2,4,금
2022-02-04,4호선,쌍문,27554,25647,53201,1907,2,4,금
2022-02-04,4호선,창동,23589,25128,48717,-1539,2,4,금
2022-02-04,4호선,노원,17625,19917,37542,-2292,2,4,금
2022-02-04,4호선,상계,17248,16177,33425,1071,2,4,금
2022-02-04,4호선,당고개,12085,11068,23153,1017,2,4,금
2022-02-04,4호선,남태령,1073,980,2053,93,2,4,금
2022-02-04,4호선,사당,22607,18592,41199,4015,2,4,금
2022-02-04,4호선,총신대입구(이수),17472,18965,36437,-1493,2,4,금
2022-02-04,4호선,동작(현충원),1219,1357,2576,-138,2,4,금
2022-02-04,4호선,이촌(국립중앙박물관),6973,7621,14594,-648,2,4,금
2022-02-04,4호선,신용산,15292,15589,30881,-297,2,4,금
2022-02-04,4호선,삼각지,4533,5023,9556,-490,2,4,금
2022-02-04,4호선,숙대입구(갈월),11744,11541,23285,203,2,4,금
2022-02-04,4호선,서울역,9371,13533,22904,-4162,2,4,금
2022-02-04,4호선,회현(남대문시장),21611,22641,44252,-1030,2,4,금
2022-02-04,4호선,명동,15660,16385,32045,-725,2,4,금
2022-02-04,4호선,충무로,23847,24504,48351,-657,2,4,금
2022-02-04,4호선,동대문역사문화공원(DDP),13522,12509,26031,1013,2,4,금
2022-02-04,4호선,동대문,17817,18388,36205,-571,2,4,금
2022-02-04,4호선,혜화,28568,28197,56765,371,2,4,금
2022-02-04,4호선,한성대입구(삼선교),12549,12708,25257,-159,2,4,금
2022-02-04,4호선,성신여대입구(돈암),18724,18445,37169,279,2,4,금
2022-02-04,4호선,길음,18434,18594,37028,-160,2,4,금
2022-02-04,4호선,미아사거리,25956,25355,51311,601,2,4,금
2022-02-04,4호선,미아(서울사이버대학),13598,13446,27044,152,2,4,금
2022-02-04,4호선,수유(강북구청),32001,32654,64655,-653,2,4,금
2022-02-04,3호선,오금,5697,5039,10736,658,2,4,금
2022-02-04,3호선,경찰병원,6873,6811,13684,62,2,4,금
2022-02-04,3호선,가락시장,8258,7878,16136,380,2,4,금
2022-02-04,3호선,수서,16172,15575,31747,597,2,4,금
2022-02-04,3호선,일원,9226,8901,18127,325,2,4,금
2022-02-04,3호선,대청,9599,8912,18511,687,2,4,금
2022-02-04,3호선,학여울,1628,1655,3283,-27,2,4,금
2022-02-04,3호선,대치,10790,11085,21875,-295,2,4,금
2022-02-04,3호선,도곡,4930,5008,9938,-78,2,4,금
2022-02-04,3호선,매봉,11757,11186,22943,571,2,4,금
2022-02-04,3호선,양재(서초구청),36636,38968,75604,-2332,2,4,금
2022-02-04,3호선,남부터미널(예술의전당),27821,27898,55719,-77,2,4,금
2022-02-04,3호선,교대(법원.검찰청),12991,8512,21503,4479,2,4,금
2022-02-04,3호선,고속터미널,39289,37132,76421,2157,2,4,금
2022-02-04,3호선,잠원,4274,4223,8497,51,2,4,금
2022-02-04,3호선,신사,31276,32381,63657,-1105,2,4,금
2022-02-04,3호선,압구정,32599,34646,67245,-2047,2,4,금
2022-02-04,3호선,옥수,8213,8577,16790,-364,2,4,금
2022-02-05,2호선,합정,24056,25854,49910,-1798,2,5,토
2022-02-05,2호선,신촌,24523,24492,49015,31,2,5,토
2022-02-05,2호선,이대,7888,8415,16303,-527,2,5,토
2022-02-05,2호선,아현,5971,5781,11752,190,2,5,토
2022-02-05,2호선,충정로(경기대입구),4151,4294,8445,-143,2,5,토
2022-02-05,2호선,용답,1736,1711,3447,25,2,5,토
2022-02-05,2호선,신답,797,851,1648,-54,2,5,토
2022-02-05,2호선,신설동,2555,2633,5188,-78,2,5,토
2022-02-05,2호선,도림천,763,788,1551,-25,2,5,토
2022-02-05,2호선,양천구청,3570,3711,7281,-141,2,5,토
2022-02-05,2호선,신정네거리,5995,6091,12086,-96,2,5,토
2022-02-05,2호선,용두(동대문구청),1362,1367,2729,-5,2,5,토
2022-02-05,3호선,지축,2386,2336,4722,50,2,5,토
2022-02-05,3호선,구파발,12209,12248,24457,-39,2,5,토
2022-02-05,3호선,연신내,24102,23158,47260,944,2,5,토
2022-02-05,3호선,불광,10617,11859,22476,-1242,2,5,토
2022-02-05,3호선,녹번,8618,7598,16216,1020,2,5,토
2022-02-05,3호선,홍제,10749,10324,21073,425,2,5,토
2022-02-05,3호선,무악재,2166,2310,4476,-144,2,5,토
2022-02-05,3호선,독립문,4334,4543,8877,-209,2,5,토
2022-02-05,3호선,경복궁(정부서울청사),11914,11997,23911,-83,2,5,토
2022-02-05,3호선,안국,11199,12179,23378,-980,2,5,토
2022-02-05,3호선,종로3가,5114,6407,11521,-1293,2,5,토
2022-02-05,3호선,을지로3가,4150,4255,8405,-105,2,5,토
2022-02-05,3호선,충무로,1,0,1,1,2,5,토
2022-02-05,3호선,동대입구,5237,5651,10888,-414,2,5,토
2022-02-05,3호선,약수,7711,7247,14958,464,2,5,토
2022-02-05,3호선,금호,4833,4552,9385,281,2,5,토
2022-02-05,3호선,옥수,5450,5758,11208,-308,2,5,토
2022-02-05,3호선,압구정,22962,23596,46558,-634,2,5,토
2022-02-05,3호선,신사,22001,22330,44331,-329,2,5,토
2022-02-05,3호선,잠원,2611,2574,5185,37,2,5,토
2022-02-05,3호선,고속터미널,38852,36716,75568,2136,2,5,토
2022-02-05,3호선,교대(법원.검찰청),5623,3359,8982,2264,2,5,토
2022-02-05,3호선,남부터미널(예술의전당),16814,16489,33303,325,2,5,토
2022-02-05,3호선,양재(서초구청),17288,18618,35906,-1330,2,5,토
2022-02-05,3호선,매봉,5073,4930,10003,143,2,5,토
2022-02-05,3호선,도곡,2582,2552,5134,30,2,5,토
2022-02-05,3호선,대치,8419,7676,16095,743,2,5,토
2022-02-05,3호선,학여울,1181,1222,2403,-41,2,5,토
2022-02-05,3호선,대청,4907,4599,9506,308,2,5,토
2022-02-05,3호선,일원,3957,4039,7996,-82,2,5,토
2022-02-05,3호선,수서,10895,10547,21442,348,2,5,토
2022-02-05,3호선,가락시장,4853,4616,9469,237,2,5,토
2022-02-05,3호선,경찰병원,3317,3242,6559,75,2,5,토
2022-02-05,3호선,오금,2930,2871,5801,59,2,5,토
2022-02-05,4호선,수유(강북구청),22379,22055,44434,324,2,5,토
2022-02-05,4호선,미아(서울사이버대학),9546,9021,18567,525,2,5,토
2022-02-05,4호선,미아사거리,18528,18089,36617,439,2,5,토
2022-02-05,4호선,길음,11762,11496,23258,266,2,5,토
2022-02-05,4호선,성신여대입구(돈암),13978,13727,27705,251,2,5,토
2022-02-05,4호선,한성대입구(삼선교),8949,8643,17592,306,2,5,토
2022-02-05,4호선,혜화,21578,22134,43712,-556,2,5,토
2022-02-05,4호선,동대문,10296,10465,20761,-169,2,5,토
2022-02-05,4호선,동대문역사문화공원(DDP),8996,7897,16893,1099,2,5,토
2022-02-05,4호선,충무로,9878,10279,20157,-401,2,5,토
2022-02-05,4호선,명동,9688,11007,20695,-1319,2,5,토
2022-02-05,4호선,회현(남대문시장),13547,14540,28087,-993,2,5,토
2022-02-05,4호선,서울역,4228,8561,12789,-4333,2,5,토
2022-02-05,4호선,숙대입구(갈월),7321,7124,14445,197,2,5,토
2022-02-05,4호선,삼각지,2821,3454,6275,-633,2,5,토
2022-02-05,4호선,신용산,8536,9103,17639,-567,2,5,토
2022-02-05,4호선,이촌(국립중앙박물관),5240,5680,10920,-440,2,5,토
2022-02-05,4호선,동작(현충원),922,1052,1974,-130,2,5,토
2022-02-05,4호선,총신대입구(이수),11626,12640,24266,-1014,2,5,토
2022-02-05,4호선,사당,16674,14412,31086,2262,2,5,토
2022-02-05,4호선,남태령,658,496,1154,162,2,5,토
2022-02-05,4호선,당고개,7703,7354,15057,349,2,5,토
2022-02-05,4호선,상계,11444,10906,22350,538,2,5,토
2022-02-05,4호선,노원,13763,14737,28500,-974,2,5,토
2022-02-05,4호선,창동,16241,17084,33325,-843,2,5,토
2022-02-05,4호선,쌍문,18021,16628,34649,1393,2,5,토
2022-02-05,5호선,방화,3757,3665,7422,92,2,5,토
2022-02-05,5호선,개화산,3268,3206,6474,62,2,5,토
2022-02-05,5호선,김포공항,6424,6068,12492,356,2,5,토
2022-02-05,5호선,송정,4197,4168,8365,29,2,5,토
2022-02-05,5호선,마곡,4770,4855,9625,-85,2,5,토
2022-02-05,5호선,발산,10790,11103,21893,-313,2,5,토
2022-02-05,5호선,우장산,8179,8214,16393,-35,2,5,토
2022-02-05,5호선,화곡,16893,15811,32704,1082,2,5,토
2022-02-05,5호선,까치산,17786,17616,35402,170,2,5,토
2022-02-05,5호선,신정(은행정),7517,6534,14051,983,2,5,토
2022-02-05,5호선,목동,9422,9610,19032,-188,2,5,토
2022-02-05,5호선,오목교(목동운동장앞),13197,13347,26544,-150,2,5,토
2022-02-05,5호선,양평,3095,3080,6175,15,2,5,토
2022-02-05,5호선,영등포구청,1627,1552,3179,75,2,5,토
2022-02-05,5호선,영등포시장,6220,6550,12770,-330,2,5,토
2022-02-05,5호선,신길,2195,2378,4573,-183,2,5,토
2022-02-05,5호선,여의도,9882,10017,19899,-135,2,5,토
2022-02-05,5호선,여의나루,4086,5471,9557,-1385,2,5,토
2022-02-05,5호선,마포,6174,6221,12395,-47,2,5,토
2022-02-05,5호선,공덕,5743,6116,11859,-373,2,5,토
2022-02-05,5호선,애오개,3045,3102,6147,-57,2,5,토
2022-02-05,5호선,충정로(경기대입구),1544,1531,3075,13,2,5,토
2022-02-05,5호선,서대문,5795,5399,11194,396,2,5,토
2022-02-05,5호선,광화문(세종문화회관),11626,11752,23378,-126,2,5,토
2022-02-05,5호선,종로3가,9830,9524,19354,306,2,5,토
2022-02-05,5호선,을지로4가,2649,2843,5492,-194,2,5,토
2022-02-05,5호선,동대문역사문화공원(DDP),855,1136,1991,-281,2,5,토
2022-02-05,5호선,청구,2176,1980,4156,196,2,5,토
2022-02-05,5호선,신금호,3465,3660,7125,-195,2,5,토
2022-02-05,5호선,행당,4418,3836,8254,582,2,5,토
2022-02-05,5호선,왕십리(성동구청),3133,3641,6774,-508,2,5,토
2022-02-05,5호선,마장,3146,3047,6193,99,2,5,토
2022-02-05,5호선,답십리,8616,8181,16797,435,2,5,토
2022-02-05,5호선,장한평,9604,9928,19532,-324,2,5,토
2022-02-05,5호선,군자(능동),7143,7870,15013,-727,2,5,토
2022-02-05,5호선,아차산(어린이대공원후문),9850,9502,19352,348,2,5,토
2022-02-05,5호선,광나루(장신대),8347,7786,16133,561,2,5,토
2022-02-05,5호선,천호(풍납토성),14128,13356,27484,772,2,5,토
2022-02-05,5호선,강동,10814,10409,21223,405,2,5,토
2022-02-05,5호선,길동,5119,5315,10434,-196,2,5,토
2022-02-05,5호선,굽은다리(강동구민회관앞),5799,5579,11378,220,2,5,토
2022-02-05,5호선,명일,5497,5487,10984,10,2,5,토
2022-02-05,5호선,고덕,5237,5174,10411,63,2,5,토
2022-02-05,5호선,상일동,7701,7445,15146,256,2,5,토
2022-02-05,5호선,둔촌동,4984,5073,10057,-89,2,5,토
2022-02-05,5호선,올림픽공원(한국체대),2284,2003,4287,281,2,5,토
2022-02-05,5호선,방이,4548,4331,8879,217,2,5,토
2022-02-05,5호선,오금,1768,1701,3469,67,2,5,토
2022-02-05,5호선,개롱,3462,3716,7178,-254,2,5,토
2022-02-05,5호선,거여,4910,4788,9698,122,2,5,토
2022-02-05,5호선,마천,3947,4010,7957,-63,2,5,토
2022-02-05,5호선,강일,2295,2166,4461,129,2,5,토
2022-02-05,5호선,미사,9922,9819,19741,103,2,5,토
2022-02-05,5호선,하남풍산,2322,2368,4690,-46,2,5,토
2022-02-05,5호선,하남시청(덕풍·신장),4302,4225,8527,77,2,5,토
2022-02-05,5호선,하남검단산,4040,4154,8194,-114,2,5,토
2022-02-05,6호선,응암,10389,10542,20931,-153,2,5,토
2022-02-05,6호선,역촌,2270,2605,4875,-335,2,5,토
2022-02-05,6호선,불광,3137,2832,5969,305,2,5,토
2022-02-05,6호선,독바위,1606,1834,3440,-228,2,5,토
2022-02-05,6호선,연신내,1,0,1,1,2,5,토
2022-02-05,6호선,구산,4615,3601,8216,1014,2,5,토
2022-02-05,6호선,새절(신사),7150,7016,14166,134,2,5,토
2022-02-05,6호선,증산(명지대앞),5947,6097,12044,-150,2,5,토
2022-02-05,6호선,디지털미디어시티,5780,5951,11731,-171,2,5,토
2022-02-05,6호선,월드컵경기장(성산),2830,2966,5796,-136,2,5,토
2022-02-05,6호선,마포구청,8039,7367,15406,672,2,5,토
2022-02-05,6호선,망원,11340,12395,23735,-1055,2,5,토
2022-02-05,6호선,합정,10980,9739,20719,1241,2,5,토
2022-02-05,6호선,상수,7279,8457,15736,-1178,2,5,토
2022-02-05,6호선,광흥창(서강),4380,4272,8652,108,2,5,토
2022-02-05,6호선,대흥(서강대앞),4621,4584,9205,37,2,5,토
2022-02-05,6호선,공덕,8384,7885,16269,499,2,5,토
2022-02-05,6호선,효창공원앞,3752,3477,7229,275,2,5,토
2022-02-05,6호선,삼각지,3811,3306,7117,505,2,5,토
2022-02-05,6호선,녹사평(용산구청),3508,3764,7272,-256,2,5,토
2022-02-05,6호선,이태원,9587,9722,19309,-135,2,5,토
2022-02-05,6호선,한강진,8327,9302,17629,-975,2,5,토
2022-02-05,6호선,버티고개,1180,1268,2448,-88,2,5,토
2022-02-05,6호선,약수,2077,2041,4118,36,2,5,토
2022-02-05,6호선,청구,1992,2107,4099,-115,2,5,토
2022-02-05,6호선,신당,4795,4101,8896,694,2,5,토
2022-02-05,6호선,동묘앞,6184,5616,11800,568,2,5,토
2022-02-05,6호선,창신,1810,1623,3433,187,2,5,토
2022-02-05,6호선,보문,4284,4000,8284,284,2,5,토
2022-02-05,6호선,안암(고대병원앞),4897,4817,9714,80,2,5,토
2022-02-05,6호선,고려대(종암),4291,4312,8603,-21,2,5,토
2022-02-05,6호선,월곡(동덕여대),6064,6071,12135,-7,2,5,토
2022-02-05,6호선,상월곡(한국과학기술연구원),3381,3061,6442,320,2,5,토
2022-02-05,6호선,돌곶이,5143,4781,9924,362,2,5,토
2022-02-05,6호선,석계,6997,7253,14250,-256,2,5,토
2022-02-05,6호선,태릉입구,3346,3708,7054,-362,2,5,토
2022-02-05,6호선,화랑대(서울여대입구),5563,4762,10325,801,2,5,토
2022-02-05,6호선,봉화산(서울의료원),4375,4295,8670,80,2,5,토
2022-02-05,7호선,장암,1121,729,1850,392,2,5,토
2022-02-05,7호선,도봉산,5364,6805,12169,-1441,2,5,토
2022-02-05,7호선,수락산,8161,7938,16099,223,2,5,토
2022-02-05,7호선,마들,7433,7294,14727,139,2,5,토
2022-02-05,7호선,노원,13770,13839,27609,-69,2,5,토
2022-02-05,7호선,중계,7758,7047,14805,711,2,5,토
2022-02-05,7호선,하계,9695,9196,18891,499,2,5,토
2022-02-05,7호선,공릉(서울과학기술대),7242,7262,14504,-20,2,5,토
2022-02-05,7호선,태릉입구,5347,5055,10402,292,2,5,토
2022-02-05,7호선,먹골,6562,6453,13015,109,2,5,토
2022-02-05,7호선,중화,6454,6480,12934,-26,2,5,토
2022-02-05,7호선,상봉(시외버스터미널),11125,10627,21752,498,2,5,토
2022-02-05,7호선,면목,9545,9323,18868,222,2,5,토
2022-02-05,7호선,사가정,10257,10156,20413,101,2,5,토
2022-02-05,7호선,용마산(용마폭포공원),3628,3761,7389,-133,2,5,토
2022-02-05,7호선,중곡,5903,5623,11526,280,2,5,토
2022-02-05,7호선,군자(능동),9036,7284,16320,1752,2,5,토
2022-02-05,7호선,어린이대공원(세종대),7496,7503,14999,-7,2,5,토
2022-02-05,7호선,건대입구,9085,9217,18302,-132,2,5,토
2022-02-05,7호선,뚝섬유원지,4541,4405,8946,136,2,5,토
2022-02-05,7호선,청담,8913,9592,18505,-679,2,5,토
2022-02-05,7호선,강남구청,8354,8987,17341,-633,2,5,토
2022-02-05,7호선,학동,9074,9427,18501,-353,2,5,토
2022-02-05,7호선,논현,9848,10834,20682,-986,2,5,토
2022-02-05,7호선,반포,3600,3473,7073,127,2,5,토
2022-02-05,7호선,고속터미널,11261,8644,19905,2617,2,5,토
2022-02-05,7호선,내방,6897,6793,13690,104,2,5,토
2022-02-05,7호선,이수,10405,9720,20125,685,2,5,토
2022-02-05,7호선,남성,6548,6190,12738,358,2,5,토
2022-02-05,7호선,숭실대입구(살피재),6395,6716,13111,-321,2,5,토
2022-02-05,7호선,상도,6077,5793,11870,284,2,5,토
2022-02-05,7호선,장승배기,5565,5385,10950,180,2,5,토
2022-02-05,7호선,신대방삼거리,9570,9131,18701,439,2,5,토
2022-02-05,7호선,보라매,4856,4650,9506,206,2,5,토
2022-02-05,7호선,신풍,6654,6429,13083,225,2,5,토
2022-02-05,7호선,대림(구로구청),5880,6048,11928,-168,2,5,토
2022-02-05,7호선,남구로,6728,7027,13755,-299,2,5,토
2022-02-05,7호선,가산디지털단지,11896,10783,22679,1113,2,5,토
2022-02-05,7호선,철산,11951,12065,24016,-114,2,5,토
2022-02-05,7호선,광명사거리,13973,13984,27957,-11,2,5,토
2022-02-05,7호선,천왕,5717,5414,11131,303,2,5,토
2022-02-05,7호선,온수(성공회대입구),4643,4633,9276,10,2,5,토
2022-02-05,7호선,신중동,1,0,1,1,2,5,토
2022-02-05,7호선,삼산체육관,3,0,3,3,2,5,토
2022-02-05,8호선,암사,10447,9858,20305,589,2,5,토
2022-02-05,8호선,천호(풍납토성),10179,12068,22247,-1889,2,5,토
2022-02-05,8호선,강동구청,5399,5418,10817,-19,2,5,토
2022-02-05,8호선,몽촌토성(평화의문),3778,3686,7464,92,2,5,토
2022-02-05,8호선,잠실(송파구청),10690,12103,22793,-1413,2,5,토
2022-02-05,8호선,석촌,5111,5994,11105,-883,2,5,토
2022-02-05,8호선,송파,4202,4378,8580,-176,2,5,토
2022-02-05,8호선,가락시장,4608,4524,9132,84,2,5,토
2022-02-05,8호선,문정,7161,7368,14529,-207,2,5,토
2022-02-05,8호선,장지,10206,9561,19767,645,2,5,토
2022-02-05,8호선,복정,5222,4411,9633,811,2,5,토
2022-02-05,8호선,산성,3337,3329,6666,8,2,5,토
2022-02-05,8호선,남한산성입구(성남법원.검찰청),7576,6799,14375,777,2,5,토
2022-02-05,8호선,단대오거리,6378,6099,12477,279,2,5,토
2022-02-05,8호선,신흥,3072,3375,6447,-303,2,5,토
2022-02-05,8호선,수진,3529,3374,6903,155,2,5,토
2022-02-05,8호선,모란,3058,2640,5698,418,2,5,토
2022-02-05,8호선,남위례,2149,2257,4406,-108,2,5,토
2022-02-05,9호선,개화,1023,923,1946,100,2,5,토
2022-02-05,9호선,김포공항,6789,9781,16570,-2992,2,5,토
2022-02-05,9호선,공항시장,1985,2195,4180,-210,2,5,토
2022-02-05,9호선,신방화,4002,3994,7996,8,2,5,토
2022-02-05,9호선,마곡나루(서울식물원),6656,6644,13300,12,2,5,토
2022-02-05,9호선,양천향교,4814,4891,9705,-77,2,5,토
2022-02-05,9호선,가양,11191,10844,22035,347,2,5,토
2022-02-05,9호선,증미,3504,3504,7008,0,2,5,토
2022-02-05,9호선,등촌,6413,6263,12676,150,2,5,토
2022-02-05,9호선,염창,9515,9160,18675,355,2,5,토
2022-02-05,9호선,신목동,1803,1607,3410,196,2,5,토
2022-02-05,9호선,선유도,3145,3158,6303,-13,2,5,토
2022-02-05,9호선,당산,10620,10241,20861,379,2,5,토
2022-02-05,9호선,국회의사당,3994,4014,8008,-20,2,5,토
2022-02-05,9호선,여의도,10075,9410,19485,665,2,5,토
2022-02-05,9호선,샛강,1973,2069,4042,-96,2,5,토
2022-02-05,9호선,노량진,17278,17151,34429,127,2,5,토
2022-02-05,9호선,노들,2584,2252,4836,332,2,5,토
2022-02-05,9호선,흑석(중앙대입구),4396,4547,8943,-151,2,5,토
2022-02-05,9호선,동작(현충원),1464,1134,2598,330,2,5,토
2022-02-05,9호선,구반포,667,744,1411,-77,2,5,토
2022-02-05,9호선,신반포,1849,1840,3689,9,2,5,토
2022-02-05,9호선,고속터미널,9025,12896,21921,-3871,2,5,토
2022-02-05,9호선,사평,1870,1859,3729,11,2,5,토
2022-02-05,9호선,신논현,22696,22464,45160,232,2,5,토
2022-02-05,9호선2~3단계,언주,5418,5388,10806,30,2,5,토
2022-02-05,9호선2~3단계,선정릉,3674,4025,7699,-351,2,5,토
2022-02-05,9호선2~3단계,삼성중앙,2595,2734,5329,-139,2,5,토
2022-02-05,9호선2~3단계,봉은사,9078,9161,18239,-83,2,5,토
2022-02-05,9호선2~3단계,종합운동장,2601,2385,4986,216,2,5,토
2022-02-05,9호선2~3단계,삼전,4417,4211,8628,206,2,5,토
2022-02-05,9호선2~3단계,석촌고분,3776,3734,7510,42,2,5,토
2022-02-05,9호선2~3단계,석촌,5443,4703,10146,740,2,5,토
2022-02-05,9호선2~3단계,송파나루,3646,3959,7605,-313,2,5,토
2022-02-05,9호선2~3단계,한성백제,1450,1250,2700,200,2,5,토
2022-02-05,9호선2~3단계,올림픽공원(한국체대),3752,3750,7502,2,2,5,토
2022-02-05,9호선2~3단계,둔촌오륜,439,463,902,-24,2,5,토
2022-02-05,9호선2~3단계,중앙보훈병원,3727,3501,7228,226,2,5,토
2022-02-05,경강선,판교,2506,2494,5000,12,2,5,토
2022-02-05,경강선,이매,656,499,1155,157,2,5,토
2022-02-05,경강선,삼동,1239,1131,2370,108,2,5,토
2022-02-05,경강선,경기광주,4272,4145,8417,127,2,5,토
2022-02-05,경강선,초월,1776,1648,3424,128,2,5,토
2022-02-05,경강선,곤지암,1486,1429,2915,57,2,5,토
2022-02-05,경강선,신둔도예촌,835,803,1638,32,2,5,토
2022-02-05,경강선,이천,2021,2054,4075,-33,2,5,토
2022-02-05,경강선,부발,1517,1361,2878,156,2,5,토
2022-02-05,경강선,세종대왕릉,174,177,351,-3,2,5,토
2022-02-05,경강선,여주,1526,1609,3135,-83,2,5,토
2022-02-05,경부선,서울역,5264,1285,6549,3979,2,5,토
2022-02-05,경부선,남영,4499,4717,9216,-218,2,5,토
2022-02-05,경부선,용산,26038,25575,51613,463,2,5,토
2022-02-05,경부선,노량진,6085,5904,11989,181,2,5,토
2022-02-05,경부선,대방,5861,6048,11909,-187,2,5,토
2022-02-05,경부선,영등포,31127,32219,63346,-1092,2,5,토
2022-02-05,경부선,신도림,2413,2313,4726,100,2,5,토
2022-02-05,경부선,신길,4758,3982,8740,776,2,5,토
2022-02-05,경부선,구로,9899,10190,20089,-291,2,5,토
2022-02-05,경부선,가산디지털단지,4929,6674,11603,-1745,2,5,토
2022-02-05,경부선,금천구청,6374,6478,12852,-104,2,5,토
2022-02-05,경부선,석수,5242,4991,10233,251,2,5,토
2022-02-05,경부선,관악,4446,4231,8677,215,2,5,토
2022-02-05,경부선,안양,13752,14054,27806,-302,2,5,토
2022-02-05,경부선,명학,3779,3618,7397,161,2,5,토
2022-02-05,경부선,금정,14739,14582,29321,157,2,5,토
2022-02-05,경부선,군포,3480,3271,6751,209,2,5,토
2022-02-05,경부선,의왕,4620,4533,9153,87,2,5,토
2022-02-05,경부선,성균관대,7921,8115,16036,-194,2,5,토
2022-02-05,경부선,화서,3858,4030,7888,-172,2,5,토
2022-02-05,경부선,수원,28047,29471,57518,-1424,2,5,토
2022-02-05,경부선,독산,7290,7336,14626,-46,2,5,토
2022-02-05,경부선,세류,1858,1983,3841,-125,2,5,토
2022-02-05,경부선,병점,9077,9246,18323,-169,2,5,토
2022-02-05,경부선,세마,1766,1630,3396,136,2,5,토
2022-02-05,경부선,오산대,2043,1807,3850,236,2,5,토
2022-02-05,경부선,오산,6689,6441,13130,248,2,5,토
2022-02-05,경부선,진위,791,658,1449,133,2,5,토
2022-02-05,경부선,송탄,3298,3067,6365,231,2,5,토
2022-02-05,경부선,서정리,4803,4132,8935,671,2,5,토
2022-02-05,경부선,평택지제,2261,2176,4437,85,2,5,토
2022-02-05,경부선,평택,8884,8719,17603,165,2,5,토
2022-02-05,경부선,성환,1992,1774,3766,218,2,5,토
2022-02-05,경부선,직산,432,381,813,51,2,5,토
2022-02-05,경부선,두정,3401,3552,6953,-151,2,5,토
2022-02-05,경부선,천안,4011,4340,8351,-329,2,5,토
2022-02-05,경부선,당정,3157,3008,6165,149,2,5,토
2022-02-05,경부선,서동탄,755,697,1452,58,2,5,토
2022-02-05,경부선,광명,2103,1780,3883,323,2,5,토
2022-02-05,경원선,이촌(국립중앙박물관),2232,1691,3923,541,2,5,토
2022-02-05,경원선,서빙고,1084,1163,2247,-79,2,5,토
2022-02-05,경원선,한남,2156,2045,4201,111,2,5,토
2022-02-05,경원선,옥수,15,33,48,-18,2,5,토
2022-02-05,경원선,응봉,1088,933,2021,155,2,5,토
2022-02-05,경원선,왕십리(성동구청),9556,11124,20680,-1568,2,5,토
2022-02-05,경원선,청량리(서울시립대입구),12244,12732,24976,-488,2,5,토
2022-02-05,경원선,외대앞,4756,4739,9495,17,2,5,토
2022-02-05,경원선,신이문,4907,4636,9543,271,2,5,토
2022-02-05,경원선,석계,5265,5475,10740,-210,2,5,토
2022-02-05,경원선,광운대,4139,4308,8447,-169,2,5,토
2022-02-05,경원선,월계,3699,3515,7214,184,2,5,토
2022-02-05,경원선,녹천,2663,2327,4990,336,2,5,토
2022-02-05,경원선,방학,6047,5922,11969,125,2,5,토
2022-02-05,경원선,도봉,3678,3484,7162,194,2,5,토
2022-02-05,경원선,도봉산,5849,4155,10004,1694,2,5,토
2022-02-05,경원선,망월사,4458,4687,9145,-229,2,5,토
2022-02-05,경원선,회룡,7876,7841,15717,35,2,5,토
2022-02-05,경원선,의정부,14113,14473,28586,-360,2,5,토
2022-02-05,경원선,가능,4051,3965,8016,86,2,5,토
2022-02-05,경원선,녹양,2758,2708,5466,50,2,5,토
2022-02-05,경원선,양주,4848,4598,9446,250,2,5,토
2022-02-05,경원선,덕계,1816,1696,3512,120,2,5,토
2022-02-05,경원선,덕정,3276,3047,6323,229,2,5,토
2022-02-05,경원선,지행,4173,4202,8375,-29,2,5,토
2022-02-05,경원선,동두천중앙,1979,1950,3929,29,2,5,토
2022-02-05,경원선,보산,931,961,1892,-30,2,5,토
2022-02-05,경원선,동두천,1311,1544,2855,-233,2,5,토
2022-02-05,경원선,소요산,2212,1923,4135,289,2,5,토
2022-02-05,경의선,서울역,896,993,1889,-97,2,5,토
2022-02-05,경의선,신촌,275,294,569,-19,2,5,토
2022-02-05,경의선,효창공원앞,1339,1528,2867,-189,2,5,토
2022-02-05,경의선,공덕,2243,1629,3872,614,2,5,토
2022-02-05,경의선,서강대,1361,1290,2651,71,2,5,토
2022-02-05,경의선,홍대입구,1473,1921,3394,-448,2,5,토
2022-02-05,경의선,가좌,2941,2994,5935,-53,2,5,토
2022-02-05,경의선,디지털미디어시티,1395,1270,2665,125,2,5,토
2022-02-05,경의선,수색,1104,1130,2234,-26,2,5,토
2022-02-05,경의선,화전,742,669,1411,73,2,5,토
2022-02-05,경의선,강매,1631,1537,3168,94,2,5,토
2022-02-05,경의선,행신,4101,4100,8201,1,2,5,토
2022-02-05,경의선,능곡,2125,2022,4147,103,2,5,토
2022-02-05,경의선,곡산,299,284,583,15,2,5,토
2022-02-05,경의선,백마,3523,3369,6892,154,2,5,토
2022-02-05,경의선,풍산,3508,3393,6901,115,2,5,토
2022-02-05,경의선,일산,4812,4518,9330,294,2,5,토
2022-02-05,경의선,탄현,4386,4264,8650,122,2,5,토
2022-02-05,경의선,야당,4746,4729,9475,17,2,5,토
2022-02-05,경의선,운정,3810,3700,7510,110,2,5,토
2022-02-05,경의선,금릉,2902,2822,5724,80,2,5,토
2022-02-05,경의선,금촌,4075,4032,8107,43,2,5,토
2022-02-05,경의선,월롱,1066,1091,2157,-25,2,5,토
2022-02-05,경의선,파주,646,459,1105,187,2,5,토
2022-02-05,경의선,문산,3360,3321,6681,39,2,5,토
2022-02-05,경의선,임진강,25,17,42,8,2,5,토
2022-02-05,경인선,개봉,12992,12930,25922,62,2,5,토
2022-02-05,경인선,오류동,7425,6857,14282,568,2,5,토
2022-02-05,경인선,역곡,15860,15900,31760,-40,2,5,토
2022-02-05,경인선,부천,23063,23537,46600,-474,2,5,토
2022-02-05,경인선,송내,14393,14122,28515,271,2,5,토
2022-02-05,경인선,부평,23739,25463,49202,-1724,2,5,토
2022-02-05,경인선,백운,4083,4118,8201,-35,2,5,토
2022-02-05,경인선,동암,9736,10043,19779,-307,2,5,토
2022-02-05,경인선,주안,12539,11320,23859,1219,2,5,토
2022-02-05,경인선,제물포,5924,5808,11732,116,2,5,토
2022-02-05,경인선,동인천,9351,9075,18426,276,2,5,토
2022-02-05,경인선,인천,2464,2141,4605,323,2,5,토
2022-02-05,경인선,구일,3370,3294,6664,76,2,5,토
2022-02-05,경인선,소사,5220,5232,10452,-12,2,5,토
2022-02-05,경인선,부개,5066,4934,10000,132,2,5,토
2022-02-05,경인선,간석,3579,3491,7070,88,2,5,토
2022-02-05,경인선,도원,1594,1659,3253,-65,2,5,토
2022-02-05,경인선,온수(성공회대입구),3758,3500,7258,258,2,5,토
2022-02-05,경인선,중동,5412,5028,10440,384,2,5,토
2022-02-05,경인선,도화,2510,2378,4888,132,2,5,토
2022-02-05,경춘선,신내,940,924,1864,16,2,5,토
2022-02-05,경춘선,갈매,1575,1393,2968,182,2,5,토
2022-02-05,경춘선,별내,1917,1790,3707,127,2,5,토
2022-02-05,경춘선,퇴계원,2071,1866,3937,205,2,5,토
2022-02-05,경춘선,사릉,1706,1681,3387,25,2,5,토
2022-02-05,경춘선,금곡,850,822,1672,28,2,5,토
2022-02-05,경춘선,평내호평,3602,3449,7051,153,2,5,토
2022-02-05,경춘선,천마산,988,1010,1998,-22,2,5,토
2022-02-05,경춘선,마석,2274,2184,4458,90,2,5,토
2022-02-05,경춘선,대성리,397,354,751,43,2,5,토
2022-02-05,경춘선,청평,1062,1187,2249,-125,2,5,토
2022-02-05,경춘선,상천,169,157,326,12,2,5,토
2022-02-05,경춘선,가평,1150,1260,2410,-110,2,5,토
2022-02-05,경춘선,굴봉산,120,196,316,-76,2,5,토
2022-02-05,경춘선,백양리,338,261,599,77,2,5,토
2022-02-05,경춘선,강촌,293,336,629,-43,2,5,토
2022-02-05,경춘선,김유정,308,320,628,-12,2,5,토
2022-02-05,경춘선,남춘천,1751,1780,3531,-29,2,5,토
2022-02-05,경춘선,춘천,932,859,1791,73,2,5,토
2022-02-05,공항철도 1호선,서울역,5693,5323,11016,370,2,5,토
2022-02-05,공항철도 1호선,공덕,1326,2045,3371,-719,2,5,토
2022-02-05,공항철도 1호선,홍대입구,10237,10417,20654,-180,2,5,토
2022-02-05,공항철도 1호선,디지털미디어시티,3991,3742,7733,249,2,5,토
2022-02-05,공항철도 1호선,마곡나루(서울식물원),2382,2548,4930,-166,2,5,토
2022-02-05,공항철도 1호선,김포공항,10421,4875,15296,5546,2,5,토
2022-02-05,공항철도 1호선,계양,5426,5202,10628,224,2,5,토
2022-02-05,공항철도 1호선,검암,3384,3533,6917,-149,2,5,토
2022-02-05,공항철도 1호선,청라국제도시,3310,3142,6452,168,2,5,토
2022-02-05,공항철도 1호선,운서,4898,4954,9852,-56,2,5,토
2022-02-05,공항철도 1호선,공항화물청사,1224,1253,2477,-29,2,5,토
2022-02-05,공항철도 1호선,인천공항1터미널,2653,2970,5623,-317,2,5,토
2022-02-05,공항철도 1호선,인천공항2터미널,1673,1700,3373,-27,2,5,토
2022-02-05,공항철도 1호선,영종,2150,2148,4298,2,2,5,토
2022-02-05,과천선,선바위,3646,3260,6906,386,2,5,토
2022-02-05,과천선,경마공원,579,545,1124,34,2,5,토
2022-02-05,과천선,대공원,2644,2801,5445,-157,2,5,토
2022-02-05,과천선,과천,3638,3464,7102,174,2,5,토
2022-02-05,과천선,정부과천청사,4695,4697,9392,-2,2,5,토
2022-02-05,과천선,인덕원,12398,12482,24880,-84,2,5,토
2022-02-05,과천선,평촌,7224,7192,14416,32,2,5,토
2022-02-05,과천선,범계,16351,15788,32139,563,2,5,토
2022-02-05,분당선,선릉,4186,6544,10730,-2358,2,5,토
2022-02-05,분당선,한티,10760,10537,21297,223,2,5,토
2022-02-05,분당선,도곡,3531,3367,6898,164,2,5,토
2022-02-05,분당선,구룡,836,855,1691,-19,2,5,토
2022-02-05,분당선,개포동,2238,2224,4462,14,2,5,토
2022-02-05,분당선,대모산입구,2454,2294,4748,160,2,5,토
2022-02-05,분당선,수서,8595,8478,17073,117,2,5,토
2022-02-05,분당선,수원,5851,4786,10637,1065,2,5,토
2022-02-05,분당선,서울숲,5899,6091,11990,-192,2,5,토
2022-02-05,분당선,압구정로데오,17287,18729,36016,-1442,2,5,토
2022-02-05,분당선,강남구청,4794,5702,10496,-908,2,5,토
2022-02-05,분당선,선정릉,2706,2776,5482,-70,2,5,토
2022-02-05,분당선,가천대,3854,4601,8455,-747,2,5,토
2022-02-05,분당선,태평,8955,8513,17468,442,2,5,토
2022-02-05,분당선,모란,13272,13640,26912,-368,2,5,토
2022-02-05,분당선,야탑,14620,15197,29817,-577,2,5,토
2022-02-05,분당선,서현,16848,16715,33563,133,2,5,토
2022-02-05,분당선,수내,7644,7322,14966,322,2,5,토
2022-02-05,분당선,정자,9061,9314,18375,-253,2,5,토
2022-02-05,분당선,미금,9348,9638,18986,-290,2,5,토
2022-02-05,분당선,오리,6212,5188,11400,1024,2,5,토
2022-02-05,분당선,이매,3408,3309,6717,99,2,5,토
2022-02-05,분당선,보정,1196,1168,2364,28,2,5,토
2022-02-05,분당선,죽전,8248,9169,17417,-921,2,5,토
2022-02-05,분당선,구성,2621,2749,5370,-128,2,5,토
2022-02-05,분당선,신갈,2160,2271,4431,-111,2,5,토
2022-02-05,분당선,기흥,5503,5209,10712,294,2,5,토
2022-02-05,분당선,상갈,2964,3021,5985,-57,2,5,토
2022-02-05,분당선,청명,2170,2192,4362,-22,2,5,토
2022-02-05,분당선,영통,5372,5240,10612,132,2,5,토
2022-02-05,분당선,망포,7434,7273,14707,161,2,5,토
2022-02-05,분당선,매탄권선,2668,2643,5311,25,2,5,토
2022-02-05,분당선,수원시청,8914,9391,18305,-477,2,5,토
2022-02-05,분당선,매교,1510,1626,3136,-116,2,5,토
2022-02-05,수인선,고색,2156,2112,4268,44,2,5,토
2022-02-05,수인선,오목천,1648,1484,3132,164,2,5,토
2022-02-05,수인선,어천,482,445,927,37,2,5,토
2022-02-05,수인선,야목,199,151,350,48,2,5,토
2022-02-05,수인선,사리,2745,2370,5115,375,2,5,토
2022-02-05,수인선,달월,35,26,61,9,2,5,토
2022-02-05,수인선,월곶,1714,1658,3372,56,2,5,토
2022-02-05,수인선,소래포구,3249,3294,6543,-45,2,5,토
2022-02-05,수인선,인천논현,3557,3789,7346,-232,2,5,토
2022-02-05,수인선,호구포,2045,1936,3981,109,2,5,토
2022-02-05,수인선,남동인더스파크,856,881,1737,-25,2,5,토
2022-02-05,수인선,원인재,2981,3152,6133,-171,2,5,토
2022-02-05,수인선,연수,2934,3037,5971,-103,2,5,토
2022-02-05,수인선,송도,1542,1522,3064,20,2,5,토
2022-02-05,수인선,인하대,3309,3142,6451,167,2,5,토
2022-02-05,수인선,숭의,2150,2059,4209,91,2,5,토
2022-02-05,수인선,신포,1040,1010,2050,30,2,5,토
2022-02-05,수인선,인천,908,1328,2236,-420,2,5,토
2022-02-05,안산선,산본,10173,10754,20927,-581,2,5,토
2022-02-05,안산선,대야미,3053,2705,5758,348,2,5,토
2022-02-05,안산선,반월,2568,2464,5032,104,2,5,토
2022-02-05,안산선,상록수,9517,9728,19245,-211,2,5,토
2022-02-05,안산선,한대앞,5432,5529,10961,-97,2,5,토
2022-02-05,안산선,중앙,12233,12594,24827,-361,2,5,토
2022-02-05,안산선,고잔,4656,4520,9176,136,2,5,토
2022-02-05,안산선,초지,2606,2541,5147,65,2,5,토
2022-02-05,안산선,안산,6984,6783,13767,201,2,5,토
2022-02-05,안산선,신길온천,1056,983,2039,73,2,5,토
2022-02-05,안산선,정왕,4610,4708,9318,-98,2,5,토
2022-02-05,안산선,오이도,5404,5657,11061,-253,2,5,토
2022-02-05,안산선,수리산,2295,2038,4333,257,2,5,토
2022-02-05,우이신설선,북한산우이,2243,2267,4510,-24,2,5,토
2022-02-05,우이신설선,솔밭공원,1460,1403,2863,57,2,5,토
2022-02-05,우이신설선,4.19민주묘지,1850,1654,3504,196,2,5,토
2022-02-05,우이신설선,가오리,2536,2452,4988,84,2,5,토
2022-02-05,우이신설선,화계,2253,2155,4408,98,2,5,토
2022-02-05,우이신설선,삼양,1277,1365,2642,-88,2,5,토
2022-02-05,우이신설선,삼양사거리,1699,1589,3288,110,2,5,토
2022-02-05,우이신설선,솔샘,3318,2917,6235,401,2,5,토
2022-02-05,우이신설선,북한산보국문,3952,3650,7602,302,2,5,토
2022-02-05,우이신설선,정릉,2932,2584,5516,348,2,5,토
2022-02-05,우이신설선,성신여대입구(돈암),2460,2846,5306,-386,2,5,토
2022-02-05,우이신설선,보문,959,983,1942,-24,2,5,토
2022-02-05,우이신설선,신설동,1181,1130,2311,51,2,5,토
2022-02-05,일산선,원흥,6118,5922,12040,196,2,5,토
2022-02-05,일산선,삼송,11858,11694,23552,164,2,5,토
2022-02-05,일산선,원당,6577,6392,12969,185,2,5,토
2022-02-05,일산선,화정,10883,11218,22101,-335,2,5,토
2022-02-05,일산선,대곡,936,828,1764,108,2,5,토
2022-02-05,일산선,백석,6131,6147,12278,-16,2,5,토
2022-02-05,일산선,마두,4112,4164,8276,-52,2,5,토
2022-02-05,일산선,정발산,5064,5206,10270,-142,2,5,토
2022-02-05,일산선,주엽,5207,5184,10391,23,2,5,토
2022-02-05,일산선,대화,6733,6235,12968,498,2,5,토
2022-02-05,장항선,봉명,573,561,1134,12,2,5,토
2022-02-05,장항선,쌍용(나사렛대),1055,950,2005,105,2,5,토
2022-02-05,장항선,아산,2001,1759,3760,242,2,5,토
2022-02-05,장항선,탕정,333,316,649,17,2,5,토
2022-02-05,장항선,배방,672,662,1334,10,2,5,토
2022-02-05,장항선,온양온천,2589,2743,5332,-154,2,5,토
2022-02-05,장항선,신창(순천향대),663,643,1306,20,2,5,토
2022-02-05,중앙선,회기,15156,15033,30189,123,2,5,토
2022-02-05,중앙선,중랑,3671,3563,7234,108,2,5,토
2022-02-05,중앙선,상봉(시외버스터미널),3827,3873,7700,-46,2,5,토
2022-02-05,중앙선,망우,5112,5159,10271,-47,2,5,토
2022-02-05,중앙선,양원,1164,1168,2332,-4,2,5,토
2022-02-05,중앙선,구리,7921,8342,16263,-421,2,5,토
2022-02-05,중앙선,도농,5479,5329,10808,150,2,5,토
2022-02-05,중앙선,양정,431,397,828,34,2,5,토
2022-02-05,중앙선,덕소,3428,3509,6937,-81,2,5,토
2022-02-05,중앙선,도심,1247,1089,2336,158,2,5,토
2022-02-05,중앙선,팔당,920,973,1893,-53,2,5,토
2022-02-05,중앙선,운길산,642,596,1238,46,2,5,토
2022-02-05,중앙선,양수,1263,1263,2526,0,2,5,토
2022-02-05,중앙선,신원,133,123,256,10,2,5,토
2022-02-05,중앙선,국수,409,442,851,-33,2,5,토
2022-02-05,중앙선,아신,349,401,750,-52,2,5,토
2022-02-05,중앙선,오빈,170,156,326,14,2,5,토
2022-02-05,중앙선,양평,1677,1732,3409,-55,2,5,토
2022-02-05,중앙선,원덕,229,228,457,1,2,5,토
2022-02-05,중앙선,용문,2103,2192,4295,-89,2,5,토
2022-02-05,중앙선,지평,34,47,81,-13,2,5,토
2022-02-05,1호선,서울역,22832,21468,44300,1364,2,5,토
2022-02-05,1호선,동묘앞,8397,8494,16891,-97,2,5,토
2022-02-05,1호선,시청,8421,8634,17055,-213,2,5,토
2022-02-05,1호선,종각,14426,13701,28127,725,2,5,토
2022-02-05,1호선,종로3가,16936,16424,33360,512,2,5,토
2022-02-05,1호선,종로5가,15064,15010,30074,54,2,5,토
2022-02-05,1호선,동대문,8335,7490,15825,845,2,5,토
2022-02-05,1호선,신설동,7452,7166,14618,286,2,5,토
2022-02-05,1호선,제기동,11245,11376,22621,-131,2,5,토
2022-02-05,1호선,청량리(서울시립대입구),13325,13555,26880,-230,2,5,토
2022-02-05,2호선,시청,7111,6315,13426,796,2,5,토
2022-02-05,2호선,을지로입구,16473,16172,32645,301,2,5,토
2022-02-05,2호선,을지로3가,8583,8394,16977,189,2,5,토
2022-02-05,2호선,을지로4가,5776,5896,11672,-120,2,5,토
2022-02-05,2호선,동대문역사문화공원(DDP),8119,8825,16944,-706,2,5,토
2022-02-05,2호선,신당,9235,9510,18745,-275,2,5,토
2022-02-05,2호선,상왕십리,8140,7937,16077,203,2,5,토
2022-02-05,2호선,왕십리(성동구청),10821,9486,20307,1335,2,5,토
2022-02-05,2호선,한양대,2714,2804,5518,-90,2,5,토
2022-02-05,2호선,뚝섬,11070,11285,22355,-215,2,5,토
2022-02-05,2호선,성수,16650,18070,34720,-1420,2,5,토
2022-02-05,2호선,건대입구,27720,29631,57351,-1911,2,5,토
2022-02-05,2호선,구의(광진구청),13975,13842,27817,133,2,5,토
2022-02-05,2호선,강변(동서울터미널),19390,18919,38309,471,2,5,토
2022-02-05,2호선,잠실나루,6040,5896,11936,144,2,5,토
2022-02-05,2호선,잠실(송파구청),50475,47748,98223,2727,2,5,토
2022-02-05,2호선,잠실새내,14300,14739,29039,-439,2,5,토
2022-02-05,2호선,종합운동장,4149,4488,8637,-339,2,5,토
2022-02-05,2호선,삼성(무역센터),24387,24117,48504,270,2,5,토
2022-02-05,2호선,선릉,19872,17786,37658,2086,2,5,토
2022-02-05,2호선,역삼,16610,18198,34808,-1588,2,5,토
2022-02-05,2호선,강남,54188,52583,106771,1605,2,5,토
2022-02-05,2호선,교대(법원.검찰청),14623,16322,30945,-1699,2,5,토
2022-02-05,2호선,서초,8840,7584,16424,1256,2,5,토
2022-02-05,2호선,방배,8056,8343,16399,-287,2,5,토
2022-02-05,2호선,사당,25012,27112,52124,-2100,2,5,토
2022-02-05,2호선,낙성대(강감찬),17291,16801,34092,490,2,5,토
2022-02-05,2호선,서울대입구(관악구청),31851,30986,62837,865,2,5,토
2022-02-05,2호선,봉천,14585,14113,28698,472,2,5,토
2022-02-05,2호선,신림,42273,42100,84373,173,2,5,토
2022-02-05,2호선,신대방,16534,16322,32856,212,2,5,토
2022-02-05,2호선,구로디지털단지,29021,28634,57655,387,2,5,토
2022-02-05,2호선,대림(구로구청),14370,15418,29788,-1048,2,5,토
2022-02-05,2호선,신도림,31885,32231,64116,-346,2,5,토
2022-02-05,2호선,문래,9318,9618,18936,-300,2,5,토
2022-02-05,2호선,영등포구청,10737,11095,21832,-358,2,5,토
2022-02-05,2호선,당산,9764,10780,20544,-1016,2,5,토
2022-02-05,2호선,홍대입구,52918,54533,107451,-1615,2,5,토
2022-02-06,경인선,개봉,9154,9313,18467,-159,2,6,일
2022-02-06,경의선,임진강,25,18,43,7,2,6,일
2022-02-06,경의선,문산,2523,2627,5150,-104,2,6,일
2022-02-06,경의선,파주,440,397,837,43,2,6,일
2022-02-06,경의선,월롱,748,1658,2406,-910,2,6,일
2022-02-06,경의선,금촌,3344,3583,6927,-239,2,6,일
2022-02-06,경의선,금릉,2092,2144,4236,-52,2,6,일
2022-02-06,경의선,운정,2842,2795,5637,47,2,6,일
2022-02-06,경의선,야당,3711,3570,7281,141,2,6,일
2022-02-06,경의선,탄현,3285,3187,6472,98,2,6,일
2022-02-06,경의선,일산,3582,3480,7062,102,2,6,일
2022-02-06,경의선,풍산,2644,2567,5211,77,2,6,일
2022-02-06,경의선,백마,2646,2618,5264,28,2,6,일
2022-02-06,경의선,곡산,232,210,442,22,2,6,일
2022-02-06,경의선,능곡,1687,1647,3334,40,2,6,일
2022-02-06,경의선,행신,3320,3027,6347,293,2,6,일
2022-02-06,경의선,강매,1235,1107,2342,128,2,6,일
2022-02-06,경의선,화전,506,522,1028,-16,2,6,일
2022-02-06,경의선,수색,708,760,1468,-52,2,6,일
2022-02-06,경의선,디지털미디어시티,1037,1019,2056,18,2,6,일
2022-02-06,경의선,가좌,2256,2311,4567,-55,2,6,일
2022-02-06,경의선,홍대입구,1241,1490,2731,-249,2,6,일
2022-02-06,경의선,서강대,993,983,1976,10,2,6,일
2022-02-06,경의선,공덕,1390,1096,2486,294,2,6,일
2022-02-06,경의선,효창공원앞,1047,1316,2363,-269,2,6,일
2022-02-06,경의선,신촌,202,202,404,0,2,6,일
2022-02-06,경의선,서울역,684,680,1364,4,2,6,일
2022-02-06,경원선,소요산,2318,2060,4378,258,2,6,일
2022-02-06,경원선,동두천,940,1073,2013,-133,2,6,일
2022-02-06,경원선,보산,885,836,1721,49,2,6,일
2022-02-06,경원선,동두천중앙,1546,1477,3023,69,2,6,일
2022-02-06,경원선,지행,3279,3211,6490,68,2,6,일
2022-02-06,경원선,덕정,2373,2542,4915,-169,2,6,일
2022-02-06,경원선,덕계,1363,1327,2690,36,2,6,일
2022-02-06,경원선,양주,3628,3696,7324,-68,2,6,일
2022-02-06,경원선,녹양,2020,1968,3988,52,2,6,일
2022-02-06,경원선,가능,3055,2815,5870,240,2,6,일
2022-02-06,경원선,의정부,11022,10991,22013,31,2,6,일
2022-02-06,경원선,회룡,5902,5946,11848,-44,2,6,일
2022-02-06,경원선,망월사,3551,3702,7253,-151,2,6,일
2022-02-06,경원선,도봉산,5813,4353,10166,1460,2,6,일
2022-02-06,경원선,도봉,2790,2699,5489,91,2,6,일
2022-02-06,경원선,방학,4912,4663,9575,249,2,6,일
2022-02-06,경원선,녹천,1985,1719,3704,266,2,6,일
2022-02-06,경원선,월계,2965,2851,5816,114,2,6,일
2022-02-06,경원선,광운대,3121,3206,6327,-85,2,6,일
2022-02-06,경원선,석계,3804,4117,7921,-313,2,6,일
2022-02-06,경원선,신이문,3808,3574,7382,234,2,6,일
2022-02-06,경원선,외대앞,3635,3717,7352,-82,2,6,일
2022-02-06,경원선,청량리(서울시립대입구),10819,9336,20155,1483,2,6,일
2022-02-06,경원선,왕십리(성동구청),7001,8179,15180,-1178,2,6,일
2022-02-06,경원선,응봉,816,776,1592,40,2,6,일
2022-02-06,경원선,옥수,36,22,58,14,2,6,일
2022-02-06,경원선,한남,1567,1584,3151,-17,2,6,일
2022-02-06,경원선,서빙고,1052,1091,2143,-39,2,6,일
2022-02-06,경원선,이촌(국립중앙박물관),1656,1332,2988,324,2,6,일
2022-02-06,경부선,광명,1826,1344,3170,482,2,6,일
2022-02-06,경부선,서동탄,538,525,1063,13,2,6,일
2022-02-06,경부선,당정,2232,2223,4455,9,2,6,일
2022-02-06,경부선,천안,3969,3833,7802,136,2,6,일
2022-02-06,경부선,두정,2889,3117,6006,-228,2,6,일
2022-02-06,경부선,직산,335,403,738,-68,2,6,일
2022-02-06,경부선,성환,1676,1909,3585,-233,2,6,일
2022-02-06,경부선,평택,7765,8173,15938,-408,2,6,일
2022-02-06,경부선,평택지제,1971,1838,3809,133,2,6,일
2022-02-06,경부선,서정리,3320,4856,8176,-1536,2,6,일
2022-02-06,경부선,송탄,2518,3031,5549,-513,2,6,일
2022-02-06,경부선,진위,600,589,1189,11,2,6,일
2022-02-06,경부선,오산,5426,5929,11355,-503,2,6,일
2022-02-06,경부선,오산대,1501,1440,2941,61,2,6,일
2022-02-06,경부선,세마,1330,1257,2587,73,2,6,일
2022-02-06,경부선,병점,6929,7584,14513,-655,2,6,일
2022-02-06,경부선,세류,1441,1475,2916,-34,2,6,일
2022-02-06,경부선,독산,4850,4831,9681,19,2,6,일
2022-02-06,경부선,수원,24166,23281,47447,885,2,6,일
2022-02-06,경부선,화서,2962,2921,5883,41,2,6,일
2022-02-06,경부선,성균관대,5834,6123,11957,-289,2,6,일
2022-02-06,경부선,의왕,3149,3237,6386,-88,2,6,일
2022-02-06,경부선,군포,2403,2284,4687,119,2,6,일
2022-02-06,경부선,금정,10405,10908,21313,-503,2,6,일
2022-02-06,경부선,명학,2544,2506,5050,38,2,6,일
2022-02-06,경부선,안양,10589,10182,20771,407,2,6,일
2022-02-06,경부선,관악,3579,3343,6922,236,2,6,일
2022-02-06,경부선,석수,3902,3768,7670,134,2,6,일
2022-02-06,경부선,금천구청,4829,4725,9554,104,2,6,일
2022-02-06,경부선,가산디지털단지,3571,4801,8372,-1230,2,6,일
2022-02-06,경부선,구로,7352,7211,14563,141,2,6,일
2022-02-06,경부선,신길,3709,3253,6962,456,2,6,일
2022-02-06,경부선,신도림,1986,1828,3814,158,2,6,일
2022-02-06,경부선,영등포,24991,23960,48951,1031,2,6,일
2022-02-06,경부선,대방,4621,4863,9484,-242,2,6,일
2022-02-06,경부선,노량진,4371,4327,8698,44,2,6,일
2022-02-06,경부선,용산,22868,20268,43136,2600,2,6,일
2022-02-06,경부선,남영,3399,3578,6977,-179,2,6,일
2022-02-06,경부선,서울역,5455,1186,6641,4269,2,6,일
2022-02-06,경강선,여주,1341,1266,2607,75,2,6,일
2022-02-06,경강선,세종대왕릉,154,140,294,14,2,6,일
2022-02-06,경강선,부발,1057,1717,2774,-660,2,6,일
2022-02-06,경강선,이천,1504,1687,3191,-183,2,6,일
2022-02-06,경강선,신둔도예촌,624,641,1265,-17,2,6,일
2022-02-06,경강선,곤지암,1214,1265,2479,-51,2,6,일
2022-02-06,경강선,초월,1239,1230,2469,9,2,6,일
2022-02-06,경강선,경기광주,2928,3082,6010,-154,2,6,일
2022-02-06,경강선,삼동,865,869,1734,-4,2,6,일
2022-02-06,경강선,이매,502,350,852,152,2,6,일
2022-02-06,경강선,판교,2071,1837,3908,234,2,6,일
2022-02-06,9호선2~3단계,중앙보훈병원,2666,2600,5266,66,2,6,일
2022-02-06,9호선2~3단계,둔촌오륜,437,385,822,52,2,6,일
2022-02-06,9호선2~3단계,올림픽공원(한국체대),3016,3096,6112,-80,2,6,일
2022-02-06,9호선2~3단계,한성백제,1002,948,1950,54,2,6,일
2022-02-06,9호선2~3단계,송파나루,2650,2749,5399,-99,2,6,일
2022-02-06,9호선2~3단계,석촌,3762,3393,7155,369,2,6,일
2022-02-06,9호선2~3단계,석촌고분,2577,2701,5278,-124,2,6,일
2022-02-06,9호선2~3단계,삼전,3126,3060,6186,66,2,6,일
2022-02-06,9호선2~3단계,종합운동장,1910,1683,3593,227,2,6,일
2022-02-06,9호선2~3단계,봉은사,6348,6361,12709,-13,2,6,일
2022-02-06,9호선2~3단계,삼성중앙,1643,1778,3421,-135,2,6,일
2022-02-06,9호선2~3단계,선정릉,2275,2612,4887,-337,2,6,일
2022-02-06,9호선2~3단계,언주,3015,3146,6161,-131,2,6,일
2022-02-06,9호선,신논현,13147,12232,25379,915,2,6,일
2022-02-06,9호선,사평,1231,1330,2561,-99,2,6,일
2022-02-06,9호선,고속터미널,7257,10003,17260,-2746,2,6,일
2022-02-06,9호선,신반포,1230,1315,2545,-85,2,6,일
2022-02-06,9호선,구반포,428,462,890,-34,2,6,일
2022-02-06,9호선,동작(현충원),1619,1156,2775,463,2,6,일
2022-02-06,9호선,흑석(중앙대입구),3004,3257,6261,-253,2,6,일
2022-02-06,9호선,노들,2106,1885,3991,221,2,6,일
2022-02-06,9호선,노량진,12058,12666,24724,-608,2,6,일
2022-02-06,9호선,샛강,1306,1350,2656,-44,2,6,일
2022-02-06,9호선,여의도,7240,6509,13749,731,2,6,일
2022-02-06,9호선,국회의사당,3901,3734,7635,167,2,6,일
2022-02-06,9호선,당산,7133,7026,14159,107,2,6,일
2022-02-06,9호선,선유도,2347,2328,4675,19,2,6,일
2022-02-06,9호선,신목동,1351,1240,2591,111,2,6,일
2022-02-06,9호선,염창,7023,7001,14024,22,2,6,일
2022-02-06,9호선,등촌,4264,4431,8695,-167,2,6,일
2022-02-06,9호선,증미,2430,2491,4921,-61,2,6,일
2022-02-06,9호선,가양,8361,8251,16612,110,2,6,일
2022-02-06,9호선,양천향교,3428,3682,7110,-254,2,6,일
2022-02-06,9호선,마곡나루(서울식물원),4691,4794,9485,-103,2,6,일
2022-02-06,9호선,신방화,2920,2972,5892,-52,2,6,일
2022-02-06,9호선,공항시장,1510,1595,3105,-85,2,6,일
2022-02-06,9호선,김포공항,6376,9830,16206,-3454,2,6,일
2022-02-06,9호선,개화,735,735,1470,0,2,6,일
2022-02-06,8호선,남위례,1640,1749,3389,-109,2,6,일
2022-02-06,8호선,모란,2188,1785,3973,403,2,6,일
2022-02-06,8호선,수진,2558,2279,4837,279,2,6,일
2022-02-06,8호선,신흥,2178,2368,4546,-190,2,6,일
2022-02-06,8호선,단대오거리,4530,4557,9087,-27,2,6,일
2022-02-06,8호선,남한산성입구(성남법원.검찰청),5496,5172,10668,324,2,6,일
2022-02-06,8호선,산성,2416,2507,4923,-91,2,6,일
2022-02-06,8호선,복정,3782,3553,7335,229,2,6,일
2022-02-06,8호선,장지,7330,7894,15224,-564,2,6,일
2022-02-06,8호선,문정,4384,4591,8975,-207,2,6,일
2022-02-06,8호선,가락시장,2486,3198,5684,-712,2,6,일
2022-02-06,8호선,송파,2861,3048,5909,-187,2,6,일
2022-02-06,8호선,석촌,3509,4126,7635,-617,2,6,일
2022-02-06,8호선,잠실(송파구청),7800,8573,16373,-773,2,6,일
2022-02-06,8호선,몽촌토성(평화의문),2605,2623,5228,-18,2,6,일
2022-02-06,8호선,강동구청,3809,4075,7884,-266,2,6,일
2022-02-06,8호선,천호(풍납토성),7387,8289,15676,-902,2,6,일
2022-02-06,8호선,암사,7344,7126,14470,218,2,6,일
2022-02-06,7호선,부평구청,1,0,1,1,2,6,일
2022-02-06,7호선,온수(성공회대입구),3119,3074,6193,45,2,6,일
2022-02-06,7호선,천왕,4003,4012,8015,-9,2,6,일
2022-02-06,7호선,광명사거리,10025,10014,20039,11,2,6,일
2022-02-06,7호선,철산,8056,8074,16130,-18,2,6,일
2022-02-06,7호선,가산디지털단지,8016,7410,15426,606,2,6,일
2022-02-06,7호선,남구로,5307,5170,10477,137,2,6,일
2022-02-06,7호선,대림(구로구청),4925,4587,9512,338,2,6,일
2022-02-06,7호선,신풍,4822,4618,9440,204,2,6,일
2022-02-06,7호선,보라매,3677,3596,7273,81,2,6,일
2022-02-06,7호선,신대방삼거리,6834,6626,13460,208,2,6,일
2022-02-06,7호선,장승배기,4039,3982,8021,57,2,6,일
2022-02-06,7호선,상도,4175,4213,8388,-38,2,6,일
2022-02-06,7호선,숭실대입구(살피재),4585,4994,9579,-409,2,6,일
2022-02-06,7호선,남성,4429,4475,8904,-46,2,6,일
2022-02-06,7호선,이수,7008,6638,13646,370,2,6,일
2022-02-06,7호선,내방,4277,4519,8796,-242,2,6,일
2022-02-06,7호선,고속터미널,8562,5988,14550,2574,2,6,일
2022-02-06,7호선,반포,2375,2328,4703,47,2,6,일
2022-02-06,7호선,논현,5085,5436,10521,-351,2,6,일
2022-02-06,7호선,학동,4882,5288,10170,-406,2,6,일
2022-02-06,7호선,강남구청,4535,4943,9478,-408,2,6,일
2022-02-06,7호선,청담,5415,5906,11321,-491,2,6,일
2022-02-06,7호선,뚝섬유원지,3738,3639,7377,99,2,6,일
2022-02-06,7호선,건대입구,6529,6569,13098,-40,2,6,일
2022-02-06,7호선,어린이대공원(세종대),5991,6018,12009,-27,2,6,일
2022-02-06,7호선,군자(능동),6415,5042,11457,1373,2,6,일
2022-02-06,7호선,중곡,4283,4330,8613,-47,2,6,일
2022-02-06,7호선,용마산(용마폭포공원),2665,3055,5720,-390,2,6,일
2022-02-06,7호선,사가정,7437,7328,14765,109,2,6,일
2022-02-06,7호선,면목,6820,6680,13500,140,2,6,일
2022-02-06,7호선,상봉(시외버스터미널),7721,7337,15058,384,2,6,일
2022-02-06,7호선,중화,4702,4596,9298,106,2,6,일
2022-02-06,7호선,먹골,4470,4466,8936,4,2,6,일
2022-02-06,7호선,태릉입구,3899,3697,7596,202,2,6,일
2022-02-06,7호선,공릉(서울과학기술대),5165,5314,10479,-149,2,6,일
2022-02-06,7호선,하계,7313,7049,14362,264,2,6,일
2022-02-06,7호선,중계,5428,5075,10503,353,2,6,일
2022-02-06,7호선,노원,9411,9211,18622,200,2,6,일
2022-02-06,7호선,마들,4812,4637,9449,175,2,6,일
2022-02-06,7호선,수락산,6607,6368,12975,239,2,6,일
2022-02-06,7호선,도봉산,4450,5831,10281,-1381,2,6,일
2022-02-06,7호선,장암,909,653,1562,256,2,6,일
2022-02-06,6호선,봉화산(서울의료원),3167,3173,6340,-6,2,6,일
2022-02-06,6호선,화랑대(서울여대입구),4496,3851,8347,645,2,6,일
2022-02-06,6호선,태릉입구,2473,2585,5058,-112,2,6,일
2022-02-06,6호선,석계,5264,5410,10674,-146,2,6,일
2022-02-06,6호선,돌곶이,4192,4007,8199,185,2,6,일
2022-02-06,6호선,상월곡(한국과학기술연구원),2676,2429,5105,247,2,6,일
2022-02-06,6호선,월곡(동덕여대),4561,4554,9115,7,2,6,일
2022-02-06,6호선,고려대(종암),3320,3273,6593,47,2,6,일
2022-02-06,6호선,안암(고대병원앞),3616,3961,7577,-345,2,6,일
2022-02-06,6호선,보문,3349,3207,6556,142,2,6,일
2022-02-06,6호선,창신,1403,1256,2659,147,2,6,일
2022-02-06,6호선,동묘앞,4534,4479,9013,55,2,6,일
2022-02-06,6호선,신당,3197,3776,6973,-579,2,6,일
2022-02-06,6호선,청구,1404,1353,2757,51,2,6,일
2022-02-06,6호선,약수,1439,1465,2904,-26,2,6,일
2022-02-06,6호선,버티고개,776,926,1702,-150,2,6,일
2022-02-06,6호선,한강진,6191,6796,12987,-605,2,6,일
2022-02-06,6호선,이태원,7028,6439,13467,589,2,6,일
2022-02-06,6호선,녹사평(용산구청),2716,2807,5523,-91,2,6,일
2022-02-06,6호선,삼각지,2794,2269,5063,525,2,6,일
2022-02-06,6호선,효창공원앞,2783,2527,5310,256,2,6,일
2022-02-06,6호선,공덕,5543,5196,10739,347,2,6,일
2022-02-06,6호선,대흥(서강대앞),3134,3257,6391,-123,2,6,일
2022-02-06,6호선,광흥창(서강),3522,3585,7107,-63,2,6,일
2022-02-06,6호선,상수,5477,6304,11781,-827,2,6,일
2022-02-06,6호선,합정,8357,7292,15649,1065,2,6,일
2022-02-06,6호선,망원,8028,8488,16516,-460,2,6,일
2022-02-06,6호선,마포구청,6080,5627,11707,453,2,6,일
2022-02-06,6호선,월드컵경기장(성산),2537,2559,5096,-22,2,6,일
2022-02-06,6호선,디지털미디어시티,4345,4557,8902,-212,2,6,일
2022-02-06,6호선,증산(명지대앞),4479,4687,9166,-208,2,6,일
2022-02-06,6호선,새절(신사),5146,5096,10242,50,2,6,일
2022-02-06,6호선,구산,3257,2517,5774,740,2,6,일
2022-02-06,6호선,연신내,1,0,1,1,2,6,일
2022-02-06,6호선,독바위,1210,1460,2670,-250,2,6,일
2022-02-06,6호선,불광,2422,2027,4449,395,2,6,일
2022-02-06,6호선,역촌,1641,2008,3649,-367,2,6,일
2022-02-06,6호선,응암,7751,7884,15635,-133,2,6,일
2022-02-06,5호선,하남검단산,3546,3593,7139,-47,2,6,일
2022-02-06,5호선,하남시청(덕풍·신장),3190,3192,6382,-2,2,6,일
2022-02-06,5호선,하남풍산,1741,1840,3581,-99,2,6,일
2022-02-06,5호선,미사,7152,7089,14241,63,2,6,일
2022-02-06,5호선,강일,1685,1562,3247,123,2,6,일
2022-02-06,5호선,마천,2944,3228,6172,-284,2,6,일
2022-02-06,5호선,거여,3592,3488,7080,104,2,6,일
2022-02-06,5호선,개롱,2456,2685,5141,-229,2,6,일
2022-02-06,5호선,오금,1228,1224,2452,4,2,6,일
2022-02-06,5호선,방이,3276,3221,6497,55,2,6,일
2022-02-06,5호선,올림픽공원(한국체대),1737,1565,3302,172,2,6,일
2022-02-06,5호선,둔촌동,3816,3919,7735,-103,2,6,일
2022-02-06,5호선,상일동,5245,5273,10518,-28,2,6,일
2022-02-06,5호선,고덕,3465,3528,6993,-63,2,6,일
2022-02-06,5호선,명일,3938,4052,7990,-114,2,6,일
2022-02-06,5호선,굽은다리(강동구민회관앞),4382,4143,8525,239,2,6,일
2022-02-06,5호선,길동,3574,3663,7237,-89,2,6,일
2022-02-06,5호선,강동,7474,7414,14888,60,2,6,일
2022-02-06,5호선,천호(풍납토성),10425,9697,20122,728,2,6,일
2022-02-06,5호선,광나루(장신대),6489,6311,12800,178,2,6,일
2022-02-06,5호선,아차산(어린이대공원후문),8004,7806,15810,198,2,6,일
2022-02-06,5호선,군자(능동),5028,5683,10711,-655,2,6,일
2022-02-06,5호선,장한평,6709,6765,13474,-56,2,6,일
2022-02-06,5호선,답십리,6128,5907,12035,221,2,6,일
2022-02-06,5호선,마장,2368,2286,4654,82,2,6,일
2022-02-06,5호선,왕십리(성동구청),2062,2363,4425,-301,2,6,일
2022-02-06,5호선,행당,3297,3107,6404,190,2,6,일
2022-02-06,5호선,신금호,2462,2757,5219,-295,2,6,일
2022-02-06,5호선,청구,1467,1394,2861,73,2,6,일
2022-02-06,5호선,동대문역사문화공원(DDP),631,690,1321,-59,2,6,일
2022-02-06,5호선,을지로4가,1250,1280,2530,-30,2,6,일
2022-02-06,5호선,종로3가,6399,5845,12244,554,2,6,일
2022-02-06,5호선,광화문(세종문화회관),8435,8065,16500,370,2,6,일
2022-02-06,5호선,서대문,4169,4031,8200,138,2,6,일
2022-02-06,5호선,충정로(경기대입구),1202,1235,2437,-33,2,6,일
2022-02-06,5호선,애오개,2134,2247,4381,-113,2,6,일
2022-02-06,5호선,공덕,3652,3695,7347,-43,2,6,일
2022-02-06,5호선,마포,3920,4101,8021,-181,2,6,일
2022-02-06,5호선,여의나루,4124,5005,9129,-881,2,6,일
2022-02-06,5호선,여의도,6681,6605,13286,76,2,6,일
2022-02-06,5호선,신길,1590,1749,3339,-159,2,6,일
2022-02-06,5호선,영등포시장,4029,4307,8336,-278,2,6,일
2022-02-06,5호선,영등포구청,1159,1129,2288,30,2,6,일
2022-02-06,5호선,양평,2190,2358,4548,-168,2,6,일
2022-02-06,5호선,오목교(목동운동장앞),9388,9663,19051,-275,2,6,일
2022-02-06,5호선,목동,6356,6645,13001,-289,2,6,일
2022-02-06,5호선,신정(은행정),5326,4824,10150,502,2,6,일
2022-02-06,5호선,까치산,12933,12676,25609,257,2,6,일
2022-02-06,5호선,화곡,11766,11366,23132,400,2,6,일
2022-02-06,5호선,우장산,5687,5913,11600,-226,2,6,일
2022-02-06,5호선,발산,7515,7517,15032,-2,2,6,일
2022-02-06,5호선,마곡,3165,3314,6479,-149,2,6,일
2022-02-06,5호선,송정,2993,3010,6003,-17,2,6,일
2022-02-06,5호선,김포공항,6228,5752,11980,476,2,6,일
2022-02-06,5호선,개화산,2240,2250,4490,-10,2,6,일
2022-02-06,5호선,방화,3008,3120,6128,-112,2,6,일
2022-02-06,4호선,쌍문,13049,11804,24853,1245,2,6,일
2022-02-06,4호선,창동,12249,12974,25223,-725,2,6,일
2022-02-06,4호선,노원,9693,10540,20233,-847,2,6,일
2022-02-06,4호선,상계,8011,7692,15703,319,2,6,일
2022-02-06,4호선,당고개,6071,5812,11883,259,2,6,일
2022-02-06,4호선,남태령,497,391,888,106,2,6,일
2022-02-06,4호선,사당,11987,11106,23093,881,2,6,일
2022-02-06,4호선,총신대입구(이수),7998,8778,16776,-780,2,6,일
2022-02-06,4호선,동작(현충원),1175,1092,2267,83,2,6,일
2022-02-06,4호선,이촌(국립중앙박물관),4060,4451,8511,-391,2,6,일
2022-02-06,4호선,신용산,6168,6419,12587,-251,2,6,일
2022-02-06,4호선,삼각지,2018,2511,4529,-493,2,6,일
2022-02-06,4호선,숙대입구(갈월),5807,5605,11412,202,2,6,일
2022-02-06,4호선,서울역,3264,6596,9860,-3332,2,6,일
2022-02-06,4호선,회현(남대문시장),6966,7203,14169,-237,2,6,일
2022-02-06,4호선,명동,7898,7615,15513,283,2,6,일
2022-02-06,4호선,충무로,6177,6203,12380,-26,2,6,일
2022-02-06,4호선,동대문역사문화공원(DDP),7057,6884,13941,173,2,6,일
2022-02-06,4호선,동대문,4701,5274,9975,-573,2,6,일
2022-02-06,4호선,혜화,16832,17343,34175,-511,2,6,일
2022-02-06,4호선,한성대입구(삼선교),6419,6416,12835,3,2,6,일
2022-02-06,4호선,성신여대입구(돈암),10202,9942,20144,260,2,6,일
2022-02-06,4호선,길음,8460,8322,16782,138,2,6,일
2022-02-06,4호선,미아사거리,13238,12605,25843,633,2,6,일
2022-02-06,4호선,미아(서울사이버대학),6783,6612,13395,171,2,6,일
2022-02-06,4호선,수유(강북구청),16316,15692,32008,624,2,6,일
2022-02-06,3호선,오금,2133,2128,4261,5,2,6,일
2022-02-06,3호선,경찰병원,2223,2295,4518,-72,2,6,일
2022-02-06,3호선,가락시장,2952,3227,6179,-275,2,6,일
2022-02-06,3호선,수서,8564,8063,16627,501,2,6,일
2022-02-06,3호선,일원,2841,3048,5889,-207,2,6,일
2022-02-06,2호선,한양대,1751,1857,3608,-106,2,6,일
2022-02-06,2호선,신촌,18237,17653,35890,584,2,6,일
2022-02-06,2호선,홍대입구,39899,38842,78741,1057,2,6,일
2022-02-06,3호선,옥수,3778,4125,7903,-347,2,6,일
2022-02-06,3호선,금호,3554,3504,7058,50,2,6,일
2022-02-06,3호선,약수,5497,5241,10738,256,2,6,일
2022-02-06,3호선,동대입구,4085,4480,8565,-395,2,6,일
2022-02-06,3호선,을지로3가,2518,2393,4911,125,2,6,일
2022-02-06,3호선,종로3가,3117,3857,6974,-740,2,6,일
2022-02-06,3호선,안국,7774,8265,16039,-491,2,6,일
2022-02-06,3호선,경복궁(정부서울청사),8619,8675,17294,-56,2,6,일
2022-02-06,3호선,독립문,3650,3905,7555,-255,2,6,일
2022-02-06,3호선,무악재,1443,1588,3031,-145,2,6,일
2022-02-06,3호선,홍제,7545,7247,14792,298,2,6,일
2022-02-06,3호선,녹번,5974,5511,11485,463,2,6,일
2022-02-06,3호선,불광,7987,9005,16992,-1018,2,6,일
2022-02-06,3호선,연신내,17576,16692,34268,884,2,6,일
2022-02-06,3호선,대청,3514,3450,6964,64,2,6,일
2022-02-06,3호선,학여울,733,758,1491,-25,2,6,일
2022-02-06,3호선,대치,5255,4618,9873,637,2,6,일
2022-02-06,3호선,도곡,1614,1698,3312,-84,2,6,일
2022-02-06,3호선,매봉,3471,3401,6872,70,2,6,일
2022-02-06,3호선,양재(서초구청),10879,12526,23405,-1647,2,6,일
2022-02-06,3호선,남부터미널(예술의전당),10646,10967,21613,-321,2,6,일
2022-02-06,3호선,교대(법원.검찰청),3451,2310,5761,1141,2,6,일
2022-02-06,3호선,고속터미널,29931,28013,57944,1918,2,6,일
2022-02-06,3호선,잠원,1672,1804,3476,-132,2,6,일
2022-02-06,3호선,신사,11460,11624,23084,-164,2,6,일
2022-02-06,3호선,구파발,8962,9265,18227,-303,2,6,일
2022-02-06,3호선,지축,1667,1613,3280,54,2,6,일
2022-02-06,2호선,용두(동대문구청),900,883,1783,17,2,6,일
2022-02-06,2호선,신정네거리,4118,4232,8350,-114,2,6,일
2022-02-06,2호선,양천구청,2599,2773,5372,-174,2,6,일
2022-02-06,2호선,도림천,391,395,786,-4,2,6,일
2022-02-06,2호선,신설동,2235,2444,4679,-209,2,6,일
2022-02-06,2호선,신답,609,668,1277,-59,2,6,일
2022-02-06,2호선,용답,1328,1366,2694,-38,2,6,일
2022-02-06,3호선,압구정,11938,12180,24118,-242,2,6,일
2022-02-06,2호선,충정로(경기대입구),3029,3127,6156,-98,2,6,일
2022-02-06,2호선,합정,17287,18076,35363,-789,2,6,일
2022-02-06,2호선,아현,4349,4338,8687,11,2,6,일
2022-02-06,2호선,당산,6768,7482,14250,-714,2,6,일
2022-02-06,2호선,영등포구청,6719,6945,13664,-226,2,6,일
2022-02-06,2호선,문래,6313,6479,12792,-166,2,6,일
2022-02-06,2호선,신도림,22949,23322,46271,-373,2,6,일
2022-02-06,2호선,대림(구로구청),11498,11893,23391,-395,2,6,일
2022-02-06,2호선,구로디지털단지,19385,19197,38582,188,2,6,일
2022-02-06,2호선,신대방,12536,12355,24891,181,2,6,일
2022-02-06,2호선,신림,31357,30942,62299,415,2,6,일
2022-02-06,2호선,봉천,10196,10181,20377,15,2,6,일
2022-02-06,2호선,서울대입구(관악구청),22837,23014,45851,-177,2,6,일
2022-02-06,2호선,낙성대(강감찬),12887,13455,26342,-568,2,6,일
2022-02-06,2호선,사당,17539,19165,36704,-1626,2,6,일
2022-02-06,2호선,방배,5550,6076,11626,-526,2,6,일
2022-02-06,2호선,서초,9792,8938,18730,854,2,6,일
2022-02-06,2호선,교대(법원.검찰청),8637,9623,18260,-986,2,6,일
2022-02-06,2호선,강남,29281,28033,57314,1248,2,6,일
2022-02-06,2호선,역삼,10093,10952,21045,-859,2,6,일
2022-02-06,2호선,선릉,10920,9548,20468,1372,2,6,일
2022-02-06,2호선,삼성(무역센터),17513,16811,34324,702,2,6,일
2022-02-06,2호선,종합운동장,5000,5360,10360,-360,2,6,일
2022-02-06,2호선,잠실새내,9163,9367,18530,-204,2,6,일
2022-02-06,2호선,잠실(송파구청),37179,35210,72389,1969,2,6,일
2022-02-06,2호선,잠실나루,4058,4200,8258,-142,2,6,일
2022-02-06,2호선,강변(동서울터미널),14987,14637,29624,350,2,6,일
2022-02-06,2호선,구의(광진구청),9500,9676,19176,-176,2,6,일
2022-02-06,2호선,건대입구,21418,21870,43288,-452,2,6,일
2022-02-06,2호선,성수,11701,12407,24108,-706,2,6,일
2022-02-06,2호선,뚝섬,7900,7871,15771,29,2,6,일
2022-02-06,2호선,왕십리(성동구청),7580,6588,14168,992,2,6,일
2022-02-06,2호선,상왕십리,5730,5922,11652,-192,2,6,일
2022-02-06,2호선,신당,6701,7014,13715,-313,2,6,일
2022-02-06,2호선,동대문역사문화공원(DDP),6100,7353,13453,-1253,2,6,일
2022-02-06,2호선,을지로4가,2591,2430,5021,161,2,6,일
2022-02-06,2호선,을지로3가,6457,6047,12504,410,2,6,일
2022-02-06,2호선,을지로입구,12293,11487,23780,806,2,6,일
2022-02-06,2호선,시청,4504,3820,8324,684,2,6,일
2022-02-06,1호선,청량리(서울시립대입구),10091,10101,20192,-10,2,6,일
2022-02-06,1호선,제기동,7427,7757,15184,-330,2,6,일
2022-02-06,1호선,동묘앞,9142,9174,18316,-32,2,6,일
2022-02-06,1호선,신설동,5887,5919,11806,-32,2,6,일
2022-02-06,1호선,동대문,6638,6980,13618,-342,2,6,일
2022-02-06,1호선,시청,5692,5454,11146,238,2,6,일
2022-02-06,1호선,종각,9467,8512,17979,955,2,6,일
2022-02-06,1호선,종로3가,10752,9499,20251,1253,2,6,일
2022-02-06,1호선,종로5가,6825,6650,13475,175,2,6,일
2022-02-06,2호선,이대,5634,6101,11735,-467,2,6,일
2022-02-06,중앙선,지평,46,28,74,18,2,6,일
2022-02-06,중앙선,용문,1212,1003,2215,209,2,6,일
2022-02-06,중앙선,원덕,186,177,363,9,2,6,일
2022-02-06,중앙선,양평,1333,1252,2585,81,2,6,일
2022-02-06,중앙선,오빈,108,112,220,-4,2,6,일
2022-02-06,중앙선,아신,308,299,607,9,2,6,일
2022-02-06,중앙선,국수,411,403,814,8,2,6,일
2022-02-06,중앙선,신원,148,107,255,41,2,6,일
2022-02-06,중앙선,양수,1095,1061,2156,34,2,6,일
2022-02-06,중앙선,운길산,669,636,1305,33,2,6,일
2022-02-06,중앙선,팔당,878,898,1776,-20,2,6,일
2022-02-06,중앙선,도심,896,813,1709,83,2,6,일
2022-02-06,중앙선,덕소,2665,2657,5322,8,2,6,일
2022-02-06,중앙선,양정,306,237,543,69,2,6,일
2022-02-06,중앙선,도농,3868,3885,7753,-17,2,6,일
2022-02-06,중앙선,구리,5811,6172,11983,-361,2,6,일
2022-02-06,중앙선,양원,841,835,1676,6,2,6,일
2022-02-06,중앙선,망우,3844,3806,7650,38,2,6,일
2022-02-06,중앙선,상봉(시외버스터미널),2931,3031,5962,-100,2,6,일
2022-02-06,중앙선,중랑,2638,2625,5263,13,2,6,일
2022-02-06,중앙선,회기,11887,11863,23750,24,2,6,일
2022-02-06,장항선,신창(순천향대),547,637,1184,-90,2,6,일
2022-02-06,장항선,온양온천,2209,2303,4512,-94,2,6,일
2022-02-06,장항선,배방,524,651,1175,-127,2,6,일
2022-02-06,장항선,탕정,272,320,592,-48,2,6,일
2022-02-06,장항선,아산,2100,1437,3537,663,2,6,일
2022-02-06,장항선,쌍용(나사렛대),863,901,1764,-38,2,6,일
2022-02-06,장항선,봉명,439,441,880,-2,2,6,일
2022-02-06,일산선,대화,4836,4463,9299,373,2,6,일
2022-02-06,일산선,주엽,3526,3530,7056,-4,2,6,일
2022-02-06,일산선,정발산,3978,3914,7892,64,2,6,일
2022-02-06,일산선,마두,2734,2754,5488,-20,2,6,일
2022-02-06,일산선,백석,4341,4329,8670,12,2,6,일
2022-02-06,일산선,대곡,761,623,1384,138,2,6,일
2022-02-06,일산선,화정,7775,8044,15819,-269,2,6,일
2022-02-06,일산선,원당,4886,4793,9679,93,2,6,일
2022-02-06,일산선,삼송,9041,8930,17971,111,2,6,일
2022-02-06,일산선,원흥,4341,4162,8503,179,2,6,일
2022-02-06,우이신설선,신설동,973,1005,1978,-32,2,6,일
2022-02-06,우이신설선,보문,846,850,1696,-4,2,6,일
2022-02-06,우이신설선,성신여대입구(돈암),1932,2098,4030,-166,2,6,일
2022-02-06,우이신설선,정릉,2203,1960,4163,243,2,6,일
2022-02-06,우이신설선,북한산보국문,3131,2882,6013,249,2,6,일
2022-02-06,우이신설선,솔샘,2292,2211,4503,81,2,6,일
2022-02-06,우이신설선,삼양사거리,1309,1299,2608,10,2,6,일
2022-02-06,우이신설선,삼양,1041,1120,2161,-79,2,6,일
2022-02-06,우이신설선,화계,1681,1585,3266,96,2,6,일
2022-02-06,우이신설선,가오리,1972,1866,3838,106,2,6,일
2022-02-06,우이신설선,4.19민주묘지,1468,1315,2783,153,2,6,일
2022-02-06,우이신설선,솔밭공원,1200,1126,2326,74,2,6,일
2022-02-06,우이신설선,북한산우이,2234,2212,4446,22,2,6,일
2022-02-06,안산선,수리산,1596,1570,3166,26,2,6,일
2022-02-06,안산선,오이도,4095,4077,8172,18,2,6,일
2022-02-06,안산선,정왕,3549,3836,7385,-287,2,6,일
2022-02-06,안산선,신길온천,763,737,1500,26,2,6,일
2022-02-06,안산선,안산,6419,6079,12498,340,2,6,일
2022-02-06,안산선,초지,1686,1731,3417,-45,2,6,일
2022-02-06,안산선,고잔,3337,3140,6477,197,2,6,일
2022-02-06,안산선,중앙,8859,8797,17656,62,2,6,일
2022-02-06,안산선,한대앞,4009,3953,7962,56,2,6,일
2022-02-06,안산선,상록수,7171,7175,14346,-4,2,6,일
2022-02-06,안산선,반월,1876,1894,3770,-18,2,6,일
2022-02-06,안산선,대야미,2119,2012,4131,107,2,6,일
2022-02-06,안산선,산본,7115,7615,14730,-500,2,6,일
2022-02-06,수인선,인천,800,1099,1899,-299,2,6,일
2022-02-06,수인선,신포,871,879,1750,-8,2,6,일
2022-02-06,수인선,숭의,1613,1414,3027,199,2,6,일
2022-02-06,수인선,인하대,2552,2541,5093,11,2,6,일
2022-02-06,수인선,송도,1236,1257,2493,-21,2,6,일
2022-02-06,수인선,연수,2269,2254,4523,15,2,6,일
2022-02-06,수인선,원인재,2226,2259,4485,-33,2,6,일
2022-02-06,수인선,남동인더스파크,436,445,881,-9,2,6,일
2022-02-06,수인선,호구포,1553,1573,3126,-20,2,6,일
2022-02-06,수인선,인천논현,2396,2532,4928,-136,2,6,일
2022-02-06,수인선,소래포구,2874,2791,5665,83,2,6,일
2022-02-06,수인선,월곶,1387,1242,2629,145,2,6,일
2022-02-06,수인선,달월,34,26,60,8,2,6,일
2022-02-06,수인선,사리,1989,1673,3662,316,2,6,일
2022-02-06,수인선,야목,169,131,300,38,2,6,일
2022-02-06,수인선,어천,388,431,819,-43,2,6,일
2022-02-06,수인선,오목천,1176,1151,2327,25,2,6,일
2022-02-06,수인선,고색,1451,1566,3017,-115,2,6,일
2022-02-06,분당선,매교,1124,1191,2315,-67,2,6,일
2022-02-06,분당선,수원시청,5851,5753,11604,98,2,6,일
2022-02-06,분당선,매탄권선,1994,2060,4054,-66,2,6,일
2022-02-06,분당선,망포,5240,5511,10751,-271,2,6,일
2022-02-06,분당선,영통,3959,4009,7968,-50,2,6,일
2022-02-06,분당선,청명,1509,1619,3128,-110,2,6,일
2022-02-06,분당선,상갈,2261,2383,4644,-122,2,6,일
2022-02-06,분당선,기흥,3906,3749,7655,157,2,6,일
2022-02-06,분당선,신갈,1565,1639,3204,-74,2,6,일
2022-02-06,분당선,구성,1829,2031,3860,-202,2,6,일
2022-02-06,분당선,죽전,6292,7273,13565,-981,2,6,일
2022-02-06,분당선,보정,891,869,1760,22,2,6,일
2022-02-06,분당선,이매,2456,2570,5026,-114,2,6,일
2022-02-06,분당선,오리,4174,3733,7907,441,2,6,일
2022-02-06,분당선,미금,5919,6307,12226,-388,2,6,일
2022-02-06,분당선,정자,6360,6372,12732,-12,2,6,일
2022-02-06,1호선,서울역,19362,16886,36248,2476,2,6,일
2022-02-06,분당선,수내,4935,4824,9759,111,2,6,일
2022-02-06,분당선,서현,12093,12097,24190,-4,2,6,일
2022-02-06,분당선,야탑,11261,11351,22612,-90,2,6,일
2022-02-06,분당선,모란,9230,9412,18642,-182,2,6,일
2022-02-06,분당선,태평,6742,6370,13112,372,2,6,일
2022-02-06,분당선,가천대,2838,3429,6267,-591,2,6,일
2022-02-06,분당선,선정릉,1606,1641,3247,-35,2,6,일
2022-02-06,분당선,강남구청,2535,3193,5728,-658,2,6,일
2022-02-06,분당선,압구정로데오,9213,9582,18795,-369,2,6,일
2022-02-06,분당선,서울숲,4395,4420,8815,-25,2,6,일
2022-02-06,분당선,수원,4438,3630,8068,808,2,6,일
2022-02-06,분당선,수서,7261,6320,13581,941,2,6,일
2022-02-06,분당선,대모산입구,1846,1766,3612,80,2,6,일
2022-02-06,분당선,개포동,1665,1787,3452,-122,2,6,일
2022-02-06,분당선,구룡,570,665,1235,-95,2,6,일
2022-02-06,분당선,도곡,2104,2148,4252,-44,2,6,일
2022-02-06,분당선,한티,7327,7075,14402,252,2,6,일
2022-02-06,분당선,선릉,2289,3480,5769,-1191,2,6,일
2022-02-06,과천선,범계,11418,11059,22477,359,2,6,일
2022-02-06,과천선,평촌,4805,4691,9496,114,2,6,일
2022-02-06,과천선,인덕원,9020,9132,18152,-112,2,6,일
2022-02-06,과천선,정부과천청사,3317,3589,6906,-272,2,6,일
2022-02-06,과천선,과천,2741,2677,5418,64,2,6,일
2022-02-06,과천선,대공원,2635,2791,5426,-156,2,6,일
2022-02-06,과천선,경마공원,427,387,814,40,2,6,일
2022-02-06,과천선,선바위,2657,2600,5257,57,2,6,일
2022-02-06,공항철도 1호선,영종,1718,1728,3446,-10,2,6,일
2022-02-06,공항철도 1호선,인천공항2터미널,1580,1554,3134,26,2,6,일
2022-02-06,공항철도 1호선,인천공항1터미널,2670,2869,5539,-199,2,6,일
2022-02-06,공항철도 1호선,공항화물청사,887,936,1823,-49,2,6,일
2022-02-06,공항철도 1호선,운서,4045,4338,8383,-293,2,6,일
2022-02-06,공항철도 1호선,청라국제도시,2460,2463,4923,-3,2,6,일
2022-02-06,공항철도 1호선,검암,2769,2859,5628,-90,2,6,일
2022-02-06,공항철도 1호선,계양,3999,4070,8069,-71,2,6,일
2022-02-06,공항철도 1호선,김포공항,10724,4776,15500,5948,2,6,일
2022-02-06,공항철도 1호선,마곡나루(서울식물원),1758,1998,3756,-240,2,6,일
2022-02-06,공항철도 1호선,디지털미디어시티,2984,2962,5946,22,2,6,일
2022-02-06,공항철도 1호선,홍대입구,7832,7537,15369,295,2,6,일
2022-02-06,공항철도 1호선,공덕,931,1280,2211,-349,2,6,일
2022-02-06,공항철도 1호선,서울역,5533,4575,10108,958,2,6,일
2022-02-06,경춘선,춘천,861,760,1621,101,2,6,일
2022-02-06,경춘선,남춘천,1614,1579,3193,35,2,6,일
2022-02-06,경춘선,김유정,312,268,580,44,2,6,일
2022-02-06,경춘선,강촌,399,372,771,27,2,6,일
2022-02-06,경춘선,백양리,275,216,491,59,2,6,일
2022-02-06,경춘선,굴봉산,146,134,280,12,2,6,일
2022-02-06,경춘선,가평,1168,1001,2169,167,2,6,일
2022-02-06,경춘선,상천,187,164,351,23,2,6,일
2022-02-06,경춘선,청평,1036,863,1899,173,2,6,일
2022-02-06,경춘선,대성리,359,279,638,80,2,6,일
2022-02-06,경춘선,마석,1809,1719,3528,90,2,6,일
2022-02-06,경춘선,천마산,849,818,1667,31,2,6,일
2022-02-06,경춘선,평내호평,2567,2500,5067,67,2,6,일
2022-02-06,경춘선,금곡,697,681,1378,16,2,6,일
2022-02-06,경춘선,사릉,1298,1335,2633,-37,2,6,일
2022-02-06,경춘선,퇴계원,1516,1447,2963,69,2,6,일
2022-02-06,경춘선,별내,1465,1356,2821,109,2,6,일
2022-02-06,경춘선,갈매,1123,979,2102,144,2,6,일
2022-02-06,경춘선,신내,706,720,1426,-14,2,6,일
2022-02-06,경인선,도화,1912,1882,3794,30,2,6,일
2022-02-06,경인선,중동,3911,3653,7564,258,2,6,일
2022-02-06,경인선,온수(성공회대입구),2849,2720,5569,129,2,6,일
2022-02-06,경인선,도원,1239,1248,2487,-9,2,6,일
2022-02-06,경인선,간석,2471,2488,4959,-17,2,6,일
2022-02-06,경인선,부개,3869,3637,7506,232,2,6,일
2022-02-06,경인선,소사,4039,3852,7891,187,2,6,일
2022-02-06,경인선,구일,2452,2507,4959,-55,2,6,일
2022-02-06,경인선,인천,2369,1891,4260,478,2,6,일
2022-02-06,경인선,동인천,7405,7115,14520,290,2,6,일
2022-02-06,경인선,제물포,4377,4219,8596,158,2,6,일
2022-02-06,경인선,주안,9229,8084,17313,1145,2,6,일
2022-02-06,경인선,동암,7309,7413,14722,-104,2,6,일
2022-02-06,경인선,백운,3015,3060,6075,-45,2,6,일
2022-02-06,경인선,부평,18075,18280,36355,-205,2,6,일
2022-02-06,경인선,송내,10073,10011,20084,62,2,6,일
2022-02-06,경인선,부천,17579,17216,34795,363,2,6,일
2022-02-06,경인선,역곡,11448,11420,22868,28,2,6,일
2022-02-06,경인선,오류동,5944,5466,11410,478,2,6,일
2022-02-07,경인선,중동,8850,8283,17133,567,2,7,월
2022-02-07,경춘선,신내,1944,1840,3784,104,2,7,월
2022-02-07,경춘선,갈매,2842,2496,5338,346,2,7,월
2022-02-07,경춘선,별내,3160,2960,6120,200,2,7,월
2022-02-07,경춘선,퇴계원,3345,3093,6438,252,2,7,월
2022-02-07,경춘선,사릉,2972,2833,5805,139,2,7,월
2022-02-07,경춘선,금곡,1343,1293,2636,50,2,7,월
2022-02-07,경춘선,평내호평,5639,5470,11109,169,2,7,월
2022-02-07,경춘선,천마산,1504,1383,2887,121,2,7,월
2022-02-07,경춘선,마석,3339,3199,6538,140,2,7,월
2022-02-07,경춘선,대성리,355,375,730,-20,2,7,월
2022-02-07,경춘선,청평,1333,1333,2666,0,2,7,월
2022-02-07,경춘선,상천,184,157,341,27,2,7,월
2022-02-07,경춘선,가평,1325,1367,2692,-42,2,7,월
2022-02-07,경춘선,굴봉산,128,125,253,3,2,7,월
2022-02-07,경춘선,백양리,199,259,458,-60,2,7,월
2022-02-07,경춘선,강촌,266,288,554,-22,2,7,월
2022-02-07,경춘선,김유정,203,185,388,18,2,7,월
2022-02-07,경춘선,남춘천,2175,2111,4286,64,2,7,월
2022-02-07,경춘선,춘천,909,818,1727,91,2,7,월
2022-02-07,공항철도 1호선,서울역,6251,5819,12070,432,2,7,월
2022-02-07,공항철도 1호선,공덕,2155,2710,4865,-555,2,7,월
2022-02-07,공항철도 1호선,홍대입구,8273,8333,16606,-60,2,7,월
2022-02-07,공항철도 1호선,디지털미디어시티,13155,12135,25290,1020,2,7,월
2022-02-07,공항철도 1호선,마곡나루(서울식물원),8513,8192,16705,321,2,7,월
2022-02-07,공항철도 1호선,김포공항,11336,6049,17385,5287,2,7,월
2022-02-07,공항철도 1호선,계양,9395,8863,18258,532,2,7,월
2022-02-07,공항철도 1호선,검암,6327,6189,12516,138,2,7,월
2022-02-07,공항철도 1호선,청라국제도시,6416,6013,12429,403,2,7,월
2022-02-07,공항철도 1호선,운서,5911,6016,11927,-105,2,7,월
2022-02-07,공항철도 1호선,공항화물청사,2225,2357,4582,-132,2,7,월
2022-02-07,공항철도 1호선,인천공항1터미널,3011,3229,6240,-218,2,7,월
2022-02-07,공항철도 1호선,인천공항2터미널,1872,1878,3750,-6,2,7,월
2022-02-07,공항철도 1호선,영종,2682,2623,5305,59,2,7,월
2022-02-07,과천선,경마공원,875,828,1703,47,2,7,월
2022-02-07,과천선,대공원,1615,1696,3311,-81,2,7,월
2022-02-07,과천선,과천,5603,5447,11050,156,2,7,월
2022-02-07,과천선,정부과천청사,9825,9883,19708,-58,2,7,월
2022-02-07,과천선,인덕원,22125,23488,45613,-1363,2,7,월
2022-02-07,과천선,평촌,17234,16945,34179,289,2,7,월
2022-02-07,과천선,범계,23618,23114,46732,504,2,7,월
2022-02-07,분당선,선릉,13241,20114,33355,-6873,2,7,월
2022-02-07,분당선,한티,13629,14822,28451,-1193,2,7,월
2022-02-07,분당선,도곡,6724,6708,13432,16,2,7,월
2022-02-07,분당선,구룡,2097,2060,4157,37,2,7,월
2022-02-07,분당선,개포동,3560,3678,7238,-118,2,7,월
2022-02-07,분당선,대모산입구,4388,4166,8554,222,2,7,월
2022-02-07,분당선,수서,12545,13022,25567,-477,2,7,월
2022-02-07,분당선,수원,7211,6006,13217,1205,2,7,월
2022-02-07,분당선,서울숲,9296,9388,18684,-92,2,7,월
2022-02-07,분당선,압구정로데오,16772,17930,34702,-1158,2,7,월
2022-02-07,분당선,강남구청,9840,10987,20827,-1147,2,7,월
2022-02-07,분당선,선정릉,8197,8579,16776,-382,2,7,월
2022-02-07,분당선,가천대,6095,7041,13136,-946,2,7,월
2022-02-07,분당선,태평,12732,12404,25136,328,2,7,월
2022-02-07,분당선,모란,18295,18401,36696,-106,2,7,월
2022-02-07,분당선,야탑,24466,25145,49611,-679,2,7,월
2022-02-07,분당선,서현,23379,23642,47021,-263,2,7,월
2022-02-07,분당선,수내,12912,12854,25766,58,2,7,월
2022-02-07,분당선,정자,16535,17211,33746,-676,2,7,월
2022-02-07,분당선,미금,14572,15291,29863,-719,2,7,월
2022-02-07,분당선,오리,11295,9177,20472,2118,2,7,월
2022-02-07,분당선,이매,5300,5096,10396,204,2,7,월
2022-02-07,분당선,보정,2154,1942,4096,212,2,7,월
2022-02-07,분당선,죽전,11859,12929,24788,-1070,2,7,월
2022-02-07,분당선,구성,4625,5023,9648,-398,2,7,월
2022-02-07,분당선,신갈,4219,4300,8519,-81,2,7,월
2022-02-07,분당선,기흥,8806,8515,17321,291,2,7,월
2022-02-07,분당선,상갈,4948,4747,9695,201,2,7,월
2022-02-07,분당선,청명,3875,3791,7666,84,2,7,월
2022-02-07,분당선,영통,7523,7546,15069,-23,2,7,월
2022-02-07,분당선,망포,13406,12912,26318,494,2,7,월
2022-02-07,분당선,매탄권선,4640,4475,9115,165,2,7,월
2022-02-07,분당선,수원시청,11821,12399,24220,-578,2,7,월
2022-02-07,분당선,매교,2650,2637,5287,13,2,7,월
2022-02-07,수인선,고색,4358,4007,8365,351,2,7,월
2022-02-07,수인선,오목천,2360,2331,4691,29,2,7,월
2022-02-07,수인선,어천,583,664,1247,-81,2,7,월
2022-02-07,수인선,야목,315,236,551,79,2,7,월
2022-02-07,수인선,사리,4062,3557,7619,505,2,7,월
2022-02-07,수인선,달월,99,53,152,46,2,7,월
2022-02-07,수인선,월곶,2275,2156,4431,119,2,7,월
2022-02-07,수인선,소래포구,3987,3605,7592,382,2,7,월
2022-02-07,수인선,인천논현,4997,5276,10273,-279,2,7,월
2022-02-07,수인선,호구포,3824,3923,7747,-99,2,7,월
2022-02-07,수인선,남동인더스파크,2256,2554,4810,-298,2,7,월
2022-02-07,수인선,원인재,4094,4294,8388,-200,2,7,월
2022-02-07,수인선,연수,3911,3862,7773,49,2,7,월
2022-02-07,수인선,송도,2207,2011,4218,196,2,7,월
2022-02-07,수인선,인하대,4949,4741,9690,208,2,7,월
2022-02-07,수인선,숭의,3604,3414,7018,190,2,7,월
2022-02-07,수인선,신포,1491,1486,2977,5,2,7,월
2022-02-07,수인선,인천,896,1415,2311,-519,2,7,월
2022-02-07,안산선,산본,14485,15464,29949,-979,2,7,월
2022-02-07,안산선,대야미,4466,4097,8563,369,2,7,월
2022-02-07,안산선,반월,3786,3728,7514,58,2,7,월
2022-02-07,안산선,상록수,13938,14351,28289,-413,2,7,월
2022-02-07,안산선,한대앞,7842,7902,15744,-60,2,7,월
2022-02-07,안산선,중앙,15668,15980,31648,-312,2,7,월
2022-02-07,안산선,고잔,8110,7561,15671,549,2,7,월
2022-02-07,안산선,초지,4095,4181,8276,-86,2,7,월
2022-02-07,안산선,안산,10590,9631,20221,959,2,7,월
2022-02-07,안산선,신길온천,1602,1421,3023,181,2,7,월
2022-02-07,안산선,정왕,6941,7294,14235,-353,2,7,월
2022-02-07,안산선,오이도,7169,6888,14057,281,2,7,월
2022-02-07,안산선,수리산,3861,3212,7073,649,2,7,월
2022-02-07,우이신설선,북한산우이,2267,2066,4333,201,2,7,월
2022-02-07,우이신설선,솔밭공원,2288,2231,4519,57,2,7,월
2022-02-07,우이신설선,4.19민주묘지,2643,2530,5173,113,2,7,월
2022-02-07,우이신설선,가오리,3944,3965,7909,-21,2,7,월
2022-02-07,우이신설선,화계,3203,3053,6256,150,2,7,월
2022-02-07,우이신설선,삼양,1856,2013,3869,-157,2,7,월
2022-02-07,우이신설선,삼양사거리,2355,2416,4771,-61,2,7,월
2022-02-07,우이신설선,솔샘,5481,5281,10762,200,2,7,월
2022-02-07,우이신설선,북한산보국문,5421,5332,10753,89,2,7,월
2022-02-07,우이신설선,정릉,4312,4042,8354,270,2,7,월
2022-02-07,우이신설선,성신여대입구(돈암),2974,3309,6283,-335,2,7,월
2022-02-07,우이신설선,보문,1414,1361,2775,53,2,7,월
2022-02-07,우이신설선,신설동,2196,2059,4255,137,2,7,월
2022-02-07,일산선,원흥,10009,9578,19587,431,2,7,월
2022-02-07,일산선,삼송,18052,17765,35817,287,2,7,월
2022-02-07,일산선,원당,10191,9660,19851,531,2,7,월
2022-02-07,일산선,화정,15959,16262,32221,-303,2,7,월
2022-02-07,일산선,대곡,1840,1412,3252,428,2,7,월
2022-02-07,일산선,백석,9073,9115,18188,-42,2,7,월
2022-02-07,일산선,마두,7182,7327,14509,-145,2,7,월
2022-02-07,일산선,정발산,6512,6483,12995,29,2,7,월
2022-02-07,일산선,주엽,8354,8308,16662,46,2,7,월
2022-02-07,일산선,대화,11842,9435,21277,2407,2,7,월
2022-02-07,장항선,봉명,1111,1076,2187,35,2,7,월
2022-02-07,장항선,쌍용(나사렛대),1494,1373,2867,121,2,7,월
2022-02-07,장항선,아산,2285,2062,4347,223,2,7,월
2022-02-07,장항선,탕정,427,422,849,5,2,7,월
2022-02-07,장항선,배방,809,828,1637,-19,2,7,월
2022-02-07,장항선,온양온천,2855,2913,5768,-58,2,7,월
2022-02-07,장항선,신창(순천향대),774,850,1624,-76,2,7,월
2022-02-07,중앙선,회기,21635,21131,42766,504,2,7,월
2022-02-07,중앙선,중랑,5227,4952,10179,275,2,7,월
2022-02-07,중앙선,상봉(시외버스터미널),5206,5326,10532,-120,2,7,월
2022-02-07,중앙선,망우,6881,6794,13675,87,2,7,월
2022-02-07,중앙선,양원,2068,2061,4129,7,2,7,월
2022-02-07,중앙선,구리,12407,12297,24704,110,2,7,월
2022-02-07,중앙선,도농,9772,8903,18675,869,2,7,월
2022-02-07,중앙선,양정,624,537,1161,87,2,7,월
2022-02-07,중앙선,덕소,5128,5075,10203,53,2,7,월
2022-02-07,중앙선,도심,2147,1707,3854,440,2,7,월
2022-02-07,중앙선,팔당,705,750,1455,-45,2,7,월
2022-02-07,중앙선,운길산,476,431,907,45,2,7,월
2022-02-07,중앙선,양수,1437,1418,2855,19,2,7,월
2022-02-07,중앙선,신원,154,129,283,25,2,7,월
2022-02-07,중앙선,국수,539,559,1098,-20,2,7,월
2022-02-07,중앙선,아신,447,442,889,5,2,7,월
2022-02-07,중앙선,오빈,242,227,469,15,2,7,월
2022-02-07,중앙선,양평,2280,2192,4472,88,2,7,월
2022-02-07,중앙선,원덕,288,283,571,5,2,7,월
2022-02-07,중앙선,용문,1359,1348,2707,11,2,7,월
2022-02-07,중앙선,지평,52,62,114,-10,2,7,월
2022-02-07,7호선,장암,2146,743,2889,1403,2,7,월
2022-02-07,과천선,선바위,7525,6608,14133,917,2,7,월
2022-02-07,1호선,서울역,37914,36091,74005,1823,2,7,월
2022-02-07,1호선,동묘앞,6524,6950,13474,-426,2,7,월
2022-02-07,1호선,시청,20241,20422,40663,-181,2,7,월
2022-02-07,1호선,종각,32283,31701,63984,582,2,7,월
2022-02-07,1호선,종로3가,22857,21276,44133,1581,2,7,월
2022-02-07,1호선,종로5가,20565,20554,41119,11,2,7,월
2022-02-07,1호선,동대문,9510,8983,18493,527,2,7,월
2022-02-07,1호선,신설동,13051,12717,25768,334,2,7,월
2022-02-07,1호선,제기동,15013,15221,30234,-208,2,7,월
2022-02-07,1호선,청량리(서울시립대입구),17660,17491,35151,169,2,7,월
2022-02-07,2호선,시청,22345,21664,44009,681,2,7,월
2022-02-07,2호선,을지로입구,35652,36191,71843,-539,2,7,월
2022-02-07,2호선,을지로3가,20397,20454,40851,-57,2,7,월
2022-02-07,2호선,을지로4가,12343,12152,24495,191,2,7,월
2022-02-07,2호선,동대문역사문화공원(DDP),10109,11295,21404,-1186,2,7,월
2022-02-07,2호선,신당,12726,13072,25798,-346,2,7,월
2022-02-07,2호선,상왕십리,13535,13387,26922,148,2,7,월
2022-02-07,2호선,왕십리(성동구청),14221,11701,25922,2520,2,7,월
2022-02-07,2호선,한양대,6498,6837,13335,-339,2,7,월
2022-02-07,2호선,뚝섬,20764,22217,42981,-1453,2,7,월
2022-02-07,2호선,성수,35966,38589,74555,-2623,2,7,월
2022-02-07,2호선,건대입구,30733,32604,63337,-1871,2,7,월
2022-02-07,2호선,구의(광진구청),22240,22227,44467,13,2,7,월
2022-02-07,2호선,강변(동서울터미널),26990,25850,52840,1140,2,7,월
2022-02-07,2호선,잠실나루,13490,13245,26735,245,2,7,월
2022-02-07,2호선,잠실(송파구청),58794,58722,117516,72,2,7,월
2022-02-07,2호선,잠실새내,19607,19588,39195,19,2,7,월
2022-02-07,2호선,종합운동장,6720,7317,14037,-597,2,7,월
2022-02-07,2호선,삼성(무역센터),48612,48568,97180,44,2,7,월
2022-02-07,2호선,선릉,56023,49520,105543,6503,2,7,월
2022-02-07,2호선,역삼,52405,57752,110157,-5347,2,7,월
2022-02-07,2호선,강남,81821,80344,162165,1477,2,7,월
2022-02-07,2호선,교대(법원.검찰청),32501,36133,68634,-3632,2,7,월
2022-02-07,2호선,서초,20457,19972,40429,485,2,7,월
2022-02-07,2호선,방배,15165,15764,30929,-599,2,7,월
2022-02-07,2호선,사당,32360,35226,67586,-2866,2,7,월
2022-02-07,2호선,낙성대(강감찬),24854,24708,49562,146,2,7,월
2022-02-07,2호선,서울대입구(관악구청),43383,43205,86588,178,2,7,월
2022-02-07,2호선,봉천,22670,21555,44225,1115,2,7,월
2022-02-07,2호선,신림,58784,57941,116725,843,2,7,월
2022-02-07,2호선,신대방,24907,24300,49207,607,2,7,월
2022-02-07,2호선,구로디지털단지,57405,57874,115279,-469,2,7,월
2022-02-07,2호선,대림(구로구청),22772,23157,45929,-385,2,7,월
2022-02-07,2호선,신도림,43130,42062,85192,1068,2,7,월
2022-02-07,2호선,문래,20490,20878,41368,-388,2,7,월
2022-02-07,2호선,영등포구청,22170,22677,44847,-507,2,7,월
2022-02-07,2호선,당산,16877,19687,36564,-2810,2,7,월
2022-02-07,2호선,합정,27491,28114,55605,-623,2,7,월
2022-02-07,2호선,홍대입구,45748,46300,92048,-552,2,7,월
2022-02-07,2호선,신촌,29123,29991,59114,-868,2,7,월
2022-02-07,2호선,이대,11668,12348,24016,-680,2,7,월
2022-02-07,2호선,아현,9291,9038,18329,253,2,7,월
2022-02-07,2호선,충정로(경기대입구),9379,9823,19202,-444,2,7,월
2022-02-07,2호선,용답,2439,2448,4887,-9,2,7,월
2022-02-07,2호선,신답,1567,1841,3408,-274,2,7,월
2022-02-07,2호선,신설동,3148,3278,6426,-130,2,7,월
2022-02-07,2호선,도림천,1409,1492,2901,-83,2,7,월
2022-02-07,2호선,양천구청,6468,6861,13329,-393,2,7,월
2022-02-07,2호선,신정네거리,9514,9865,19379,-351,2,7,월
2022-02-07,2호선,용두(동대문구청),2239,2351,4590,-112,2,7,월
2022-02-07,3호선,지축,4203,4183,8386,20,2,7,월
2022-02-07,3호선,구파발,19329,18319,37648,1010,2,7,월
2022-02-07,3호선,연신내,33902,32324,66226,1578,2,7,월
2022-02-07,3호선,불광,15134,16047,31181,-913,2,7,월
2022-02-07,3호선,녹번,14503,13292,27795,1211,2,7,월
2022-02-07,3호선,홍제,16132,15489,31621,643,2,7,월
2022-02-07,3호선,무악재,3654,3688,7342,-34,2,7,월
2022-02-07,3호선,독립문,6274,6421,12695,-147,2,7,월
2022-02-07,3호선,경복궁(정부서울청사),16982,16345,33327,637,2,7,월
2022-02-07,3호선,안국,18274,18549,36823,-275,2,7,월
2022-02-07,3호선,종로3가,9763,10827,20590,-1064,2,7,월
2022-02-07,3호선,을지로3가,9895,10056,19951,-161,2,7,월
2022-02-07,3호선,동대입구,6309,6581,12890,-272,2,7,월
2022-02-07,3호선,약수,12034,11801,23835,233,2,7,월
2022-02-07,3호선,금호,7478,7199,14677,279,2,7,월
2022-02-07,3호선,옥수,8016,8472,16488,-456,2,7,월
2022-02-07,3호선,압구정,30480,32224,62704,-1744,2,7,월
2022-02-07,3호선,신사,30074,31343,61417,-1269,2,7,월
2022-02-07,3호선,잠원,4324,4361,8685,-37,2,7,월
2022-02-07,3호선,고속터미널,34253,31743,65996,2510,2,7,월
2022-02-07,3호선,교대(법원.검찰청),13393,8787,22180,4606,2,7,월
2022-02-07,3호선,남부터미널(예술의전당),26962,27431,54393,-469,2,7,월
2022-02-07,3호선,양재(서초구청),36779,39578,76357,-2799,2,7,월
2022-02-07,3호선,매봉,12089,11577,23666,512,2,7,월
2022-02-07,3호선,도곡,5228,5337,10565,-109,2,7,월
2022-02-07,3호선,대치,10584,10912,21496,-328,2,7,월
2022-02-07,3호선,학여울,1636,1684,3320,-48,2,7,월
2022-02-07,3호선,대청,9825,9091,18916,734,2,7,월
2022-02-07,3호선,일원,10003,9744,19747,259,2,7,월
2022-02-07,3호선,수서,15598,16043,31641,-445,2,7,월
2022-02-07,3호선,가락시장,8264,8092,16356,172,2,7,월
2022-02-07,3호선,경찰병원,7313,7369,14682,-56,2,7,월
2022-02-07,3호선,오금,5910,5362,11272,548,2,7,월
2022-02-07,4호선,수유(강북구청),31162,31375,62537,-213,2,7,월
2022-02-07,4호선,미아(서울사이버대학),14078,13868,27946,210,2,7,월
2022-02-07,4호선,미아사거리,25368,24656,50024,712,2,7,월
2022-02-07,4호선,길음,18428,18354,36782,74,2,7,월
2022-02-07,4호선,성신여대입구(돈암),17623,17168,34791,455,2,7,월
2022-02-07,4호선,한성대입구(삼선교),11704,11598,23302,106,2,7,월
2022-02-07,4호선,혜화,27430,27100,54530,330,2,7,월
2022-02-07,4호선,동대문,17953,18416,36369,-463,2,7,월
2022-02-07,4호선,동대문역사문화공원(DDP),13443,12398,25841,1045,2,7,월
2022-02-07,4호선,충무로,24197,24757,48954,-560,2,7,월
2022-02-07,4호선,명동,15712,15793,31505,-81,2,7,월
2022-02-07,4호선,회현(남대문시장),21317,22355,43672,-1038,2,7,월
2022-02-07,4호선,서울역,10287,13919,24206,-3632,2,7,월
2022-02-07,4호선,숙대입구(갈월),11361,11264,22625,97,2,7,월
2022-02-07,4호선,삼각지,4372,4786,9158,-414,2,7,월
2022-02-07,4호선,신용산,15017,15624,30641,-607,2,7,월
2022-02-07,4호선,이촌(국립중앙박물관),6539,7378,13917,-839,2,7,월
2022-02-07,4호선,동작(현충원),1358,1524,2882,-166,2,7,월
2022-02-07,4호선,총신대입구(이수),17189,18653,35842,-1464,2,7,월
2022-02-07,4호선,사당,22020,17908,39928,4112,2,7,월
2022-02-07,4호선,남태령,990,899,1889,91,2,7,월
2022-02-07,4호선,당고개,11845,10527,22372,1318,2,7,월
2022-02-07,4호선,상계,17394,16490,33884,904,2,7,월
2022-02-07,4호선,노원,16959,18667,35626,-1708,2,7,월
2022-02-07,4호선,창동,23468,24859,48327,-1391,2,7,월
2022-02-07,4호선,쌍문,27421,25592,53013,1829,2,7,월
2022-02-07,5호선,방화,6237,5942,12179,295,2,7,월
2022-02-07,5호선,개화산,5487,5296,10783,191,2,7,월
2022-02-07,5호선,김포공항,6660,6379,13039,281,2,7,월
2022-02-07,5호선,송정,6219,5840,12059,379,2,7,월
2022-02-07,5호선,마곡,10952,10576,21528,376,2,7,월
2022-02-07,5호선,발산,19524,19689,39213,-165,2,7,월
2022-02-07,5호선,우장산,13536,13552,27088,-16,2,7,월
2022-02-07,5호선,화곡,27092,25515,52607,1577,2,7,월
2022-02-07,5호선,까치산,27457,26765,54222,692,2,7,월
2022-02-07,5호선,신정(은행정),13250,10881,24131,2369,2,7,월
2022-02-07,5호선,목동,16068,17489,33557,-1421,2,7,월
2022-02-07,5호선,오목교(목동운동장앞),20476,21789,42265,-1313,2,7,월
2022-02-07,5호선,양평,7407,7500,14907,-93,2,7,월
2022-02-07,5호선,영등포구청,3871,3885,7756,-14,2,7,월
2022-02-07,5호선,영등포시장,9601,9883,19484,-282,2,7,월
2022-02-07,5호선,신길,3936,4406,8342,-470,2,7,월
2022-02-07,5호선,여의도,27893,28840,56733,-947,2,7,월
2022-02-07,5호선,여의나루,8055,8939,16994,-884,2,7,월
2022-02-07,5호선,마포,14037,14279,28316,-242,2,7,월
2022-02-07,5호선,공덕,13428,13982,27410,-554,2,7,월
2022-02-07,5호선,애오개,6662,6693,13355,-31,2,7,월
2022-02-07,5호선,충정로(경기대입구),4696,4720,9416,-24,2,7,월
2022-02-07,5호선,서대문,18596,19024,37620,-428,2,7,월
2022-02-07,5호선,광화문(세종문화회관),27551,28413,55964,-862,2,7,월
2022-02-07,5호선,종로3가,10775,10673,21448,102,2,7,월
2022-02-07,5호선,을지로4가,5878,5951,11829,-73,2,7,월
2022-02-07,5호선,동대문역사문화공원(DDP),2960,3386,6346,-426,2,7,월
2022-02-07,5호선,청구,3879,3430,7309,449,2,7,월
2022-02-07,5호선,신금호,6215,6510,12725,-295,2,7,월
2022-02-07,5호선,행당,7652,7130,14782,522,2,7,월
2022-02-07,5호선,왕십리(성동구청),4241,4589,8830,-348,2,7,월
2022-02-07,5호선,마장,5264,4920,10184,344,2,7,월
2022-02-07,5호선,답십리,15489,14292,29781,1197,2,7,월
2022-02-07,5호선,장한평,17852,17756,35608,96,2,7,월
2022-02-07,5호선,군자(능동),10536,11459,21995,-923,2,7,월
2022-02-07,5호선,아차산(어린이대공원후문),13271,13072,26343,199,2,7,월
2022-02-07,5호선,광나루(장신대),12184,11053,23237,1131,2,7,월
2022-02-07,5호선,천호(풍납토성),16293,16313,32606,-20,2,7,월
2022-02-07,5호선,강동,17775,17205,34980,570,2,7,월
2022-02-07,5호선,길동,7622,8022,15644,-400,2,7,월
2022-02-07,5호선,굽은다리(강동구민회관앞),9042,8531,17573,511,2,7,월
2022-02-07,5호선,명일,8012,8470,16482,-458,2,7,월
2022-02-07,5호선,고덕,9185,9375,18560,-190,2,7,월
2022-02-07,5호선,상일동,14644,13499,28143,1145,2,7,월
2022-02-07,5호선,둔촌동,8013,8146,16159,-133,2,7,월
2022-02-07,5호선,올림픽공원(한국체대),3832,3301,7133,531,2,7,월
2022-02-07,5호선,방이,6772,7172,13944,-400,2,7,월
2022-02-07,5호선,오금,3518,3433,6951,85,2,7,월
2022-02-07,5호선,개롱,6051,6394,12445,-343,2,7,월
2022-02-07,5호선,거여,8957,8535,17492,422,2,7,월
2022-02-07,5호선,마천,6560,6504,13064,56,2,7,월
2022-02-07,5호선,강일,3717,3746,7463,-29,2,7,월
2022-02-07,5호선,미사,14856,14652,29508,204,2,7,월
2022-02-07,5호선,하남풍산,3999,4008,8007,-9,2,7,월
2022-02-07,5호선,하남시청(덕풍·신장),5924,5808,11732,116,2,7,월
2022-02-07,5호선,하남검단산,4982,4847,9829,135,2,7,월
2022-02-07,6호선,응암,16520,16648,33168,-128,2,7,월
2022-02-07,6호선,역촌,3692,4387,8079,-695,2,7,월
2022-02-07,6호선,불광,3811,3876,7687,-65,2,7,월
2022-02-07,6호선,독바위,2514,2709,5223,-195,2,7,월
2022-02-07,6호선,연신내,1,0,1,1,2,7,월
2022-02-07,6호선,구산,7179,5476,12655,1703,2,7,월
2022-02-07,6호선,새절(신사),11998,11448,23446,550,2,7,월
2022-02-07,6호선,증산(명지대앞),9377,9503,18880,-126,2,7,월
2022-02-07,6호선,디지털미디어시티,13066,14258,27324,-1192,2,7,월
2022-02-07,6호선,월드컵경기장(성산),3556,3586,7142,-30,2,7,월
2022-02-07,6호선,마포구청,13691,12422,26113,1269,2,7,월
2022-02-07,6호선,망원,12542,13531,26073,-989,2,7,월
2022-02-07,6호선,합정,11349,11216,22565,133,2,7,월
2022-02-07,6호선,상수,7219,7822,15041,-603,2,7,월
2022-02-07,6호선,광흥창(서강),8621,8413,17034,208,2,7,월
2022-02-07,6호선,대흥(서강대앞),7536,7818,15354,-282,2,7,월
2022-02-07,6호선,공덕,17632,17004,34636,628,2,7,월
2022-02-07,6호선,효창공원앞,6424,5847,12271,577,2,7,월
2022-02-07,6호선,삼각지,5325,4768,10093,557,2,7,월
2022-02-07,6호선,녹사평(용산구청),3871,3907,7778,-36,2,7,월
2022-02-07,6호선,이태원,7996,8040,16036,-44,2,7,월
2022-02-07,6호선,한강진,6159,6840,12999,-681,2,7,월
2022-02-07,6호선,버티고개,1876,1992,3868,-116,2,7,월
2022-02-07,6호선,약수,3394,3452,6846,-58,2,7,월
2022-02-07,6호선,청구,3517,3837,7354,-320,2,7,월
2022-02-07,6호선,신당,7296,7811,15107,-515,2,7,월
2022-02-07,6호선,동묘앞,7215,7405,14620,-190,2,7,월
2022-02-07,6호선,창신,3146,2582,5728,564,2,7,월
2022-02-07,6호선,보문,6643,6236,12879,407,2,7,월
2022-02-07,6호선,안암(고대병원앞),9168,9177,18345,-9,2,7,월
2022-02-07,6호선,고려대(종암),7189,7041,14230,148,2,7,월
2022-02-07,6호선,월곡(동덕여대),10847,10810,21657,37,2,7,월
2022-02-07,6호선,상월곡(한국과학기술연구원),5743,5351,11094,392,2,7,월
2022-02-07,6호선,돌곶이,9036,8621,17657,415,2,7,월
2022-02-07,6호선,석계,11338,11880,23218,-542,2,7,월
2022-02-07,6호선,태릉입구,4988,5433,10421,-445,2,7,월
2022-02-07,6호선,화랑대(서울여대입구),10989,8842,19831,2147,2,7,월
2022-02-07,6호선,봉화산(서울의료원),8581,7912,16493,669,2,7,월
2022-02-07,7호선,도봉산,8816,9624,18440,-808,2,7,월
2022-02-07,7호선,수락산,11645,11683,23328,-38,2,7,월
2022-02-07,7호선,마들,11987,11731,23718,256,2,7,월
2022-02-07,7호선,노원,18697,19171,37868,-474,2,7,월
2022-02-07,7호선,중계,13219,12168,25387,1051,2,7,월
2022-02-07,7호선,하계,16015,15229,31244,786,2,7,월
2022-02-07,7호선,공릉(서울과학기술대),10809,10890,21699,-81,2,7,월
2022-02-07,7호선,태릉입구,7872,7517,15389,355,2,7,월
2022-02-07,7호선,먹골,9713,9530,19243,183,2,7,월
2022-02-07,7호선,중화,10341,10187,20528,154,2,7,월
2022-02-07,7호선,상봉(시외버스터미널),15670,14686,30356,984,2,7,월
2022-02-07,7호선,면목,14615,14410,29025,205,2,7,월
2022-02-07,7호선,사가정,15207,15378,30585,-171,2,7,월
2022-02-07,7호선,용마산(용마폭포공원),5784,5695,11479,89,2,7,월
2022-02-07,7호선,중곡,10440,9798,20238,642,2,7,월
2022-02-07,7호선,군자(능동),14336,11543,25879,2793,2,7,월
2022-02-07,7호선,어린이대공원(세종대),11271,11048,22319,223,2,7,월
2022-02-07,7호선,건대입구,11321,11666,22987,-345,2,7,월
2022-02-07,7호선,뚝섬유원지,6655,6602,13257,53,2,7,월
2022-02-07,7호선,청담,18624,20930,39554,-2306,2,7,월
2022-02-07,7호선,강남구청,15761,17106,32867,-1345,2,7,월
2022-02-07,7호선,학동,24273,25541,49814,-1268,2,7,월
2022-02-07,7호선,논현,20111,21726,41837,-1615,2,7,월
2022-02-07,7호선,반포,5336,5144,10480,192,2,7,월
2022-02-07,7호선,고속터미널,14625,12138,26763,2487,2,7,월
2022-02-07,7호선,내방,14112,14368,28480,-256,2,7,월
2022-02-07,7호선,이수,14524,14277,28801,247,2,7,월
2022-02-07,7호선,남성,10409,9882,20291,527,2,7,월
2022-02-07,7호선,숭실대입구(살피재),10618,10988,21606,-370,2,7,월
2022-02-07,7호선,상도,9925,9860,19785,65,2,7,월
2022-02-07,7호선,장승배기,8887,8813,17700,74,2,7,월
2022-02-07,7호선,신대방삼거리,15819,15451,31270,368,2,7,월
2022-02-07,7호선,보라매,9591,9497,19088,94,2,7,월
2022-02-07,7호선,신풍,10904,10347,21251,557,2,7,월
2022-02-07,7호선,대림(구로구청),7441,7355,14796,86,2,7,월
2022-02-07,7호선,남구로,16011,16777,32788,-766,2,7,월
2022-02-07,7호선,가산디지털단지,46853,46662,93515,191,2,7,월
2022-02-07,7호선,철산,19505,20047,39552,-542,2,7,월
2022-02-07,7호선,광명사거리,20728,20412,41140,316,2,7,월
2022-02-07,7호선,천왕,10930,10475,21405,455,2,7,월
2022-02-07,7호선,온수(성공회대입구),9774,9087,18861,687,2,7,월
2022-02-07,7호선,춘의,1,0,1,1,2,7,월
2022-02-07,7호선,신중동,3,0,3,3,2,7,월
2022-02-07,7호선,상동,1,0,1,1,2,7,월
2022-02-07,7호선,부평구청,1,0,1,1,2,7,월
2022-02-07,8호선,암사,18020,16158,34178,1862,2,7,월
2022-02-07,8호선,천호(풍납토성),13695,15600,29295,-1905,2,7,월
2022-02-07,8호선,강동구청,10248,10770,21018,-522,2,7,월
2022-02-07,8호선,몽촌토성(평화의문),5730,5856,11586,-126,2,7,월
2022-02-07,8호선,잠실(송파구청),12525,14444,26969,-1919,2,7,월
2022-02-07,8호선,석촌,7256,8288,15544,-1032,2,7,월
2022-02-07,8호선,송파,7350,7527,14877,-177,2,7,월
2022-02-07,8호선,가락시장,7208,7777,14985,-569,2,7,월
2022-02-07,8호선,문정,22225,23248,45473,-1023,2,7,월
2022-02-07,8호선,장지,15772,15416,31188,356,2,7,월
2022-02-07,8호선,복정,8595,7442,16037,1153,2,7,월
2022-02-07,8호선,산성,4846,4889,9735,-43,2,7,월
2022-02-07,8호선,남한산성입구(성남법원.검찰청),12669,11638,24307,1031,2,7,월
2022-02-07,8호선,단대오거리,9890,9879,19769,11,2,7,월
2022-02-07,8호선,신흥,3974,4379,8353,-405,2,7,월
2022-02-07,8호선,수진,4976,4583,9559,393,2,7,월
2022-02-07,8호선,모란,3972,3069,7041,903,2,7,월
2022-02-07,8호선,남위례,3658,3913,7571,-255,2,7,월
2022-02-07,9호선,개화,2376,1681,4057,695,2,7,월
2022-02-07,9호선,김포공항,6645,10245,16890,-3600,2,7,월
2022-02-07,9호선,공항시장,2842,3073,5915,-231,2,7,월
2022-02-07,9호선,신방화,6392,6313,12705,79,2,7,월
2022-02-07,9호선,마곡나루(서울식물원),11045,11026,22071,19,2,7,월
2022-02-07,9호선,양천향교,9171,9361,18532,-190,2,7,월
2022-02-07,9호선,가양,19705,19163,38868,542,2,7,월
2022-02-07,9호선,증미,7159,7186,14345,-27,2,7,월
2022-02-07,9호선,등촌,11034,10867,21901,167,2,7,월
2022-02-07,9호선,염창,16316,16136,32452,180,2,7,월
2022-02-07,9호선,신목동,3934,3478,7412,456,2,7,월
2022-02-07,9호선,선유도,8563,8349,16912,214,2,7,월
2022-02-07,9호선,당산,16923,17278,34201,-355,2,7,월
2022-02-07,9호선,국회의사당,16672,17126,33798,-454,2,7,월
2022-02-07,9호선,여의도,26032,25048,51080,984,2,7,월
2022-02-07,9호선,샛강,5583,5928,11511,-345,2,7,월
2022-02-07,9호선,노량진,24168,23356,47524,812,2,7,월
2022-02-07,9호선,노들,4134,3627,7761,507,2,7,월
2022-02-07,9호선,흑석(중앙대입구),7451,7860,15311,-409,2,7,월
2022-02-07,9호선,동작(현충원),1852,1511,3363,341,2,7,월
2022-02-07,9호선,구반포,1369,1406,2775,-37,2,7,월
2022-02-07,9호선,신반포,3123,2994,6117,129,2,7,월
2022-02-07,9호선,고속터미널,10393,13291,23684,-2898,2,7,월
2022-02-07,9호선,사평,3359,3320,6679,39,2,7,월
2022-02-07,9호선,신논현,30218,29832,60050,386,2,7,월
2022-02-07,9호선2~3단계,언주,10640,11012,21652,-372,2,7,월
2022-02-07,9호선2~3단계,선정릉,9407,10407,19814,-1000,2,7,월
2022-02-07,9호선2~3단계,삼성중앙,6795,7285,14080,-490,2,7,월
2022-02-07,9호선2~3단계,봉은사,15027,15282,30309,-255,2,7,월
2022-02-07,9호선2~3단계,종합운동장,3998,4066,8064,-68,2,7,월
2022-02-07,9호선2~3단계,삼전,6639,6505,13144,134,2,7,월
2022-02-07,9호선2~3단계,석촌고분,5923,5941,11864,-18,2,7,월
2022-02-07,9호선2~3단계,석촌,7929,7065,14994,864,2,7,월
2022-02-07,9호선2~3단계,송파나루,4672,4958,9630,-286,2,7,월
2022-02-07,9호선2~3단계,한성백제,2314,2223,4537,91,2,7,월
2022-02-07,9호선2~3단계,올림픽공원(한국체대),5351,5357,10708,-6,2,7,월
2022-02-07,9호선2~3단계,둔촌오륜,1090,1056,2146,34,2,7,월
2022-02-07,9호선2~3단계,중앙보훈병원,10590,9401,19991,1189,2,7,월
2022-02-07,경강선,판교,4407,4437,8844,-30,2,7,월
2022-02-07,경강선,이매,985,823,1808,162,2,7,월
2022-02-07,경강선,삼동,2221,2098,4319,123,2,7,월
2022-02-07,경강선,경기광주,7190,6855,14045,335,2,7,월
2022-02-07,경강선,초월,2825,2806,5631,19,2,7,월
2022-02-07,경강선,곤지암,1967,1999,3966,-32,2,7,월
2022-02-07,경강선,신둔도예촌,1267,1188,2455,79,2,7,월
2022-02-07,경강선,이천,2261,2358,4619,-97,2,7,월
2022-02-07,경강선,부발,1699,1752,3451,-53,2,7,월
2022-02-07,경강선,세종대왕릉,254,251,505,3,2,7,월
2022-02-07,경강선,여주,1687,1641,3328,46,2,7,월
2022-02-07,경부선,서울역,5206,1732,6938,3474,2,7,월
2022-02-07,경부선,남영,8251,8781,17032,-530,2,7,월
2022-02-07,경부선,용산,28327,28661,56988,-334,2,7,월
2022-02-07,경부선,노량진,6870,7260,14130,-390,2,7,월
2022-02-07,경부선,대방,12138,12928,25066,-790,2,7,월
2022-02-07,경부선,영등포,32256,32965,65221,-709,2,7,월
2022-02-07,경부선,신도림,3848,3757,7605,91,2,7,월
2022-02-07,경부선,신길,8315,6912,15227,1403,2,7,월
2022-02-07,경부선,구로,17559,17715,35274,-156,2,7,월
2022-02-07,경부선,가산디지털단지,18200,21155,39355,-2955,2,7,월
2022-02-07,경부선,금천구청,11192,11255,22447,-63,2,7,월
2022-02-07,경부선,석수,8841,7938,16779,903,2,7,월
2022-02-07,경부선,관악,6548,6112,12660,436,2,7,월
2022-02-07,경부선,안양,19149,19176,38325,-27,2,7,월
2022-02-07,경부선,명학,8459,8446,16905,13,2,7,월
2022-02-07,경부선,금정,24526,25255,49781,-729,2,7,월
2022-02-07,경부선,군포,7637,7586,15223,51,2,7,월
2022-02-07,경부선,의왕,8386,8423,16809,-37,2,7,월
2022-02-07,경부선,성균관대,12317,12273,24590,44,2,7,월
2022-02-07,경부선,화서,7192,6887,14079,305,2,7,월
2022-02-07,경부선,수원,28330,30182,58512,-1852,2,7,월
2022-02-07,경부선,독산,18339,19194,37533,-855,2,7,월
2022-02-07,경부선,세류,2685,2417,5102,268,2,7,월
2022-02-07,경부선,병점,12365,12394,24759,-29,2,7,월
2022-02-07,경부선,세마,2442,2293,4735,149,2,7,월
2022-02-07,경부선,오산대,2917,2661,5578,256,2,7,월
2022-02-07,경부선,오산,8364,8447,16811,-83,2,7,월
2022-02-07,경부선,진위,1483,1326,2809,157,2,7,월
2022-02-07,경부선,송탄,3693,3486,7179,207,2,7,월
2022-02-07,경부선,서정리,5663,5567,11230,96,2,7,월
2022-02-07,경부선,평택지제,3003,2925,5928,78,2,7,월
2022-02-07,경부선,평택,9413,9169,18582,244,2,7,월
2022-02-07,경부선,성환,2665,2773,5438,-108,2,7,월
2022-02-07,경부선,직산,666,602,1268,64,2,7,월
2022-02-07,경부선,두정,4029,4200,8229,-171,2,7,월
2022-02-07,경부선,천안,3830,4038,7868,-208,2,7,월
2022-02-07,경부선,당정,5781,5393,11174,388,2,7,월
2022-02-07,경부선,서동탄,1253,1037,2290,216,2,7,월
2022-02-07,경부선,광명,3132,2753,5885,379,2,7,월
2022-02-07,경원선,이촌(국립중앙박물관),3444,2628,6072,816,2,7,월
2022-02-07,경원선,서빙고,1734,1637,3371,97,2,7,월
2022-02-07,경원선,한남,3815,3640,7455,175,2,7,월
2022-02-07,경원선,옥수,40,33,73,7,2,7,월
2022-02-07,경원선,응봉,1736,1476,3212,260,2,7,월
2022-02-07,경원선,왕십리(성동구청),11984,13479,25463,-1495,2,7,월
2022-02-07,경원선,청량리(서울시립대입구),12600,13110,25710,-510,2,7,월
2022-02-07,경원선,외대앞,6440,6545,12985,-105,2,7,월
2022-02-07,경원선,신이문,7862,7316,15178,546,2,7,월
2022-02-07,경원선,석계,7189,8256,15445,-1067,2,7,월
2022-02-07,경원선,광운대,6969,6709,13678,260,2,7,월
2022-02-07,경원선,월계,5712,5435,11147,277,2,7,월
2022-02-07,경원선,녹천,4385,3745,8130,640,2,7,월
2022-02-07,경원선,방학,8905,8695,17600,210,2,7,월
2022-02-07,경원선,도봉,5585,5354,10939,231,2,7,월
2022-02-07,경원선,도봉산,5917,4136,10053,1781,2,7,월
2022-02-07,경원선,망월사,6610,6780,13390,-170,2,7,월
2022-02-07,경원선,회룡,11428,11144,22572,284,2,7,월
2022-02-07,경원선,의정부,16583,16422,33005,161,2,7,월
2022-02-07,경원선,가능,5892,5744,11636,148,2,7,월
2022-02-07,경원선,녹양,4127,3850,7977,277,2,7,월
2022-02-07,경원선,양주,6841,6360,13201,481,2,7,월
2022-02-07,경원선,덕계,2738,2445,5183,293,2,7,월
2022-02-07,경원선,덕정,4687,4628,9315,59,2,7,월
2022-02-07,경원선,지행,5721,5604,11325,117,2,7,월
2022-02-07,경원선,동두천중앙,2682,2561,5243,121,2,7,월
2022-02-07,경원선,보산,1254,1125,2379,129,2,7,월
2022-02-07,경원선,동두천,1800,1957,3757,-157,2,7,월
2022-02-07,경원선,소요산,1941,1686,3627,255,2,7,월
2022-02-07,경의선,서울역,3962,4883,8845,-921,2,7,월
2022-02-07,경의선,신촌,792,1004,1796,-212,2,7,월
2022-02-07,경의선,효창공원앞,2748,3205,5953,-457,2,7,월
2022-02-07,경의선,공덕,3281,2937,6218,344,2,7,월
2022-02-07,경의선,서강대,1937,1923,3860,14,2,7,월
2022-02-07,경의선,홍대입구,1400,1569,2969,-169,2,7,월
2022-02-07,경의선,가좌,4911,4726,9637,185,2,7,월
2022-02-07,경의선,디지털미디어시티,2209,1997,4206,212,2,7,월
2022-02-07,경의선,수색,2749,2840,5589,-91,2,7,월
2022-02-07,경의선,화전,1362,1310,2672,52,2,7,월
2022-02-07,경의선,강매,3007,2630,5637,377,2,7,월
2022-02-07,경의선,행신,7209,7340,14549,-131,2,7,월
2022-02-07,경의선,능곡,3495,3230,6725,265,2,7,월
2022-02-07,경의선,곡산,577,573,1150,4,2,7,월
2022-02-07,경의선,백마,6312,6039,12351,273,2,7,월
2022-02-07,경의선,풍산,4979,4686,9665,293,2,7,월
2022-02-07,경의선,일산,8361,8243,16604,118,2,7,월
2022-02-07,경의선,탄현,7160,6984,14144,176,2,7,월
2022-02-07,경의선,야당,6601,6354,12955,247,2,7,월
2022-02-07,경의선,운정,6375,5962,12337,413,2,7,월
2022-02-07,경의선,금릉,4319,4089,8408,230,2,7,월
2022-02-07,경의선,금촌,5600,5624,11224,-24,2,7,월
2022-02-07,경의선,월롱,2079,2006,4085,73,2,7,월
2022-02-07,경의선,파주,890,671,1561,219,2,7,월
2022-02-07,경의선,문산,4527,4466,8993,61,2,7,월
2022-02-07,경의선,임진강,6,12,18,-6,2,7,월
2022-02-07,경인선,개봉,20004,20191,40195,-187,2,7,월
2022-02-07,경인선,오류동,11079,10433,21512,646,2,7,월
2022-02-07,경인선,역곡,25007,24886,49893,121,2,7,월
2022-02-07,경인선,부천,29622,29321,58943,301,2,7,월
2022-02-07,경인선,송내,24703,24676,49379,27,2,7,월
2022-02-07,경인선,부평,26604,27634,54238,-1030,2,7,월
2022-02-07,경인선,백운,6245,6257,12502,-12,2,7,월
2022-02-07,경인선,동암,13237,13281,26518,-44,2,7,월
2022-02-07,경인선,주안,16622,15040,31662,1582,2,7,월
2022-02-07,경인선,제물포,9458,8997,18455,461,2,7,월
2022-02-07,경인선,동인천,12185,11359,23544,826,2,7,월
2022-02-07,경인선,인천,2757,2101,4858,656,2,7,월
2022-02-07,경인선,구일,5725,5790,11515,-65,2,7,월
2022-02-07,경인선,소사,7945,7660,15605,285,2,7,월
2022-02-07,경인선,부개,7826,7342,15168,484,2,7,월
2022-02-07,경인선,간석,5449,5165,10614,284,2,7,월
2022-02-07,경인선,도원,2254,2307,4561,-53,2,7,월
2022-02-07,경인선,온수(성공회대입구),5998,5851,11849,147,2,7,월
2022-02-07,경인선,도화,3716,3501,7217,215,2,7,월
2022-02-08,5호선,장한평,17948,17988,35936,-40,2,8,화
2022-02-08,5호선,답십리,15557,14344,29901,1213,2,8,화
2022-02-08,5호선,마장,5335,4957,10292,378,2,8,화
2022-02-08,5호선,왕십리(성동구청),4241,4706,8947,-465,2,8,화
2022-02-08,5호선,행당,7796,7152,14948,644,2,8,화
2022-02-08,5호선,신금호,6119,6449,12568,-330,2,8,화
2022-02-08,5호선,청구,4018,3519,7537,499,2,8,화
2022-02-08,5호선,동대문역사문화공원(DDP),2870,3259,6129,-389,2,8,화
2022-02-08,5호선,을지로4가,6105,6009,12114,96,2,8,화
2022-02-08,5호선,종로3가,10986,10945,21931,41,2,8,화
2022-02-08,5호선,광화문(세종문화회관),27773,28875,56648,-1102,2,8,화
2022-02-08,5호선,서대문,18834,18898,37732,-64,2,8,화
2022-02-08,5호선,충정로(경기대입구),4725,4851,9576,-126,2,8,화
2022-02-08,5호선,애오개,6761,6758,13519,3,2,8,화
2022-02-08,5호선,공덕,13672,14219,27891,-547,2,8,화
2022-02-08,5호선,마포,14166,14426,28592,-260,2,8,화
2022-02-08,5호선,여의나루,8275,8909,17184,-634,2,8,화
2022-02-08,5호선,여의도,28222,29139,57361,-917,2,8,화
2022-02-08,5호선,신길,4022,4388,8410,-366,2,8,화
2022-02-08,5호선,영등포시장,9791,10049,19840,-258,2,8,화
2022-02-08,5호선,영등포구청,3941,4072,8013,-131,2,8,화
2022-02-08,5호선,양평,7409,7413,14822,-4,2,8,화
2022-02-08,5호선,오목교(목동운동장앞),20453,21844,42297,-1391,2,8,화
2022-02-08,5호선,목동,16275,17718,33993,-1443,2,8,화
2022-02-08,5호선,신정(은행정),13527,11066,24593,2461,2,8,화
2022-02-08,5호선,까치산,27614,26936,54550,678,2,8,화
2022-02-08,5호선,화곡,27348,25838,53186,1510,2,8,화
2022-02-08,5호선,우장산,13849,13778,27627,71,2,8,화
2022-02-08,5호선,발산,19702,19706,39408,-4,2,8,화
2022-02-08,5호선,마곡,10880,10707,21587,173,2,8,화
2022-02-08,5호선,송정,6201,5906,12107,295,2,8,화
2022-02-08,5호선,김포공항,6661,6392,13053,269,2,8,화
2022-02-08,5호선,개화산,5392,5246,10638,146,2,8,화
2022-02-08,5호선,방화,6214,6045,12259,169,2,8,화
2022-02-08,4호선,쌍문,27632,25695,53327,1937,2,8,화
2022-02-08,4호선,창동,24133,25333,49466,-1200,2,8,화
2022-02-08,4호선,노원,17612,19557,37169,-1945,2,8,화
2022-02-08,4호선,상계,17677,16665,34342,1012,2,8,화
2022-02-08,4호선,당고개,11884,10841,22725,1043,2,8,화
2022-02-08,4호선,남태령,1052,938,1990,114,2,8,화
2022-02-08,4호선,사당,23031,18762,41793,4269,2,8,화
2022-02-08,4호선,총신대입구(이수),17459,18947,36406,-1488,2,8,화
2022-02-08,4호선,동작(현충원),1361,1499,2860,-138,2,8,화
2022-02-08,4호선,이촌(국립중앙박물관),6937,7657,14594,-720,2,8,화
2022-02-08,4호선,신용산,15123,15943,31066,-820,2,8,화
2022-02-08,4호선,삼각지,4449,4804,9253,-355,2,8,화
2022-02-08,4호선,숙대입구(갈월),11841,11551,23392,290,2,8,화
2022-02-08,4호선,서울역,10252,13864,24116,-3612,2,8,화
2022-02-08,4호선,회현(남대문시장),22006,23106,45112,-1100,2,8,화
2022-02-08,4호선,명동,15948,16352,32300,-404,2,8,화
2022-02-08,4호선,충무로,24551,25358,49909,-807,2,8,화
2022-02-08,4호선,동대문역사문화공원(DDP),13282,12207,25489,1075,2,8,화
2022-02-08,4호선,동대문,18334,18820,37154,-486,2,8,화
2022-02-08,4호선,혜화,29573,29424,58997,149,2,8,화
2022-02-08,4호선,한성대입구(삼선교),12287,12217,24504,70,2,8,화
2022-02-08,4호선,성신여대입구(돈암),17965,17596,35561,369,2,8,화
2022-02-08,4호선,길음,18842,18750,37592,92,2,8,화
2022-02-08,4호선,미아사거리,25744,25070,50814,674,2,8,화
2022-02-08,4호선,미아(서울사이버대학),14079,13913,27992,166,2,8,화
2022-02-08,4호선,수유(강북구청),31901,32030,63931,-129,2,8,화
2022-02-08,3호선,오금,5897,5562,11459,335,2,8,화
2022-02-08,3호선,경찰병원,7076,7136,14212,-60,2,8,화
2022-02-08,3호선,가락시장,8578,8343,16921,235,2,8,화
2022-02-08,3호선,수서,15616,15844,31460,-228,2,8,화
2022-02-08,3호선,일원,10077,9641,19718,436,2,8,화
2022-02-08,3호선,대청,9794,9121,18915,673,2,8,화
2022-02-08,3호선,학여울,1686,1650,3336,36,2,8,화
2022-02-08,3호선,대치,10746,10984,21730,-238,2,8,화
2022-02-08,3호선,도곡,5202,5545,10747,-343,2,8,화
2022-02-08,3호선,매봉,12134,11646,23780,488,2,8,화
2022-02-08,3호선,양재(서초구청),37272,39948,77220,-2676,2,8,화
2022-02-08,3호선,남부터미널(예술의전당),27451,27954,55405,-503,2,8,화
2022-02-08,3호선,교대(법원.검찰청),13626,8906,22532,4720,2,8,화
2022-02-08,3호선,고속터미널,33609,32388,65997,1221,2,8,화
2022-02-08,3호선,잠원,4496,4421,8917,75,2,8,화
2022-02-08,3호선,신사,30401,31261,61662,-860,2,8,화
2022-02-08,3호선,압구정,31080,32777,63857,-1697,2,8,화
2022-02-08,3호선,옥수,8187,8576,16763,-389,2,8,화
2022-02-08,3호선,금호,7493,7271,14764,222,2,8,화
2022-02-08,3호선,약수,12054,11819,23873,235,2,8,화
2022-02-08,3호선,동대입구,7248,7457,14705,-209,2,8,화
2022-02-08,3호선,을지로3가,10058,10095,20153,-37,2,8,화
2022-02-08,3호선,종로3가,9834,11047,20881,-1213,2,8,화
2022-02-08,3호선,안국,18696,19083,37779,-387,2,8,화
2022-02-08,3호선,경복궁(정부서울청사),18020,17529,35549,491,2,8,화
2022-02-08,3호선,독립문,6675,6976,13651,-301,2,8,화
2022-02-08,3호선,무악재,3749,3775,7524,-26,2,8,화
2022-02-08,3호선,홍제,16183,15401,31584,782,2,8,화
2022-02-08,중앙선,원덕,314,306,620,8,2,8,화
2022-02-08,3호선,녹번,14792,13579,28371,1213,2,8,화
2022-02-08,3호선,불광,15185,16331,31516,-1146,2,8,화
2022-02-08,3호선,연신내,34722,32836,67558,1886,2,8,화
2022-02-08,3호선,구파발,19448,18550,37998,898,2,8,화
2022-02-08,3호선,지축,4293,4189,8482,104,2,8,화
2022-02-08,2호선,용두(동대문구청),2282,2408,4690,-126,2,8,화
2022-02-08,2호선,신정네거리,9661,10132,19793,-471,2,8,화
2022-02-08,2호선,양천구청,6568,6853,13421,-285,2,8,화
2022-02-08,2호선,도림천,1358,1411,2769,-53,2,8,화
2022-02-08,2호선,신설동,3150,3228,6378,-78,2,8,화
2022-02-08,2호선,신답,1591,1886,3477,-295,2,8,화
2022-02-08,2호선,용답,2492,2504,4996,-12,2,8,화
2022-02-08,2호선,충정로(경기대입구),9727,10148,19875,-421,2,8,화
2022-02-08,2호선,이대,11608,12587,24195,-979,2,8,화
2022-02-08,2호선,신촌,29660,30164,59824,-504,2,8,화
2022-02-08,2호선,홍대입구,46324,46901,93225,-577,2,8,화
2022-02-08,2호선,합정,28005,29042,57047,-1037,2,8,화
2022-02-08,2호선,당산,17116,19966,37082,-2850,2,8,화
2022-02-08,2호선,영등포구청,22649,23082,45731,-433,2,8,화
2022-02-08,2호선,문래,20527,20787,41314,-260,2,8,화
2022-02-08,2호선,신도림,44091,43454,87545,637,2,8,화
2022-02-08,2호선,대림(구로구청),22877,23364,46241,-487,2,8,화
2022-02-08,2호선,구로디지털단지,57806,57855,115661,-49,2,8,화
2022-02-08,2호선,신대방,24874,24637,49511,237,2,8,화
2022-02-08,2호선,신림,59342,58415,117757,927,2,8,화
2022-02-08,2호선,봉천,22774,21467,44241,1307,2,8,화
2022-02-08,2호선,서울대입구(관악구청),43997,43517,87514,480,2,8,화
2022-02-08,2호선,낙성대(강감찬),25388,25046,50434,342,2,8,화
2022-02-08,2호선,사당,33539,36299,69838,-2760,2,8,화
2022-02-08,2호선,방배,15409,16286,31695,-877,2,8,화
2022-02-08,2호선,서초,20983,20599,41582,384,2,8,화
2022-02-08,2호선,교대(법원.검찰청),32992,36737,69729,-3745,2,8,화
2022-02-08,2호선,강남,82469,80567,163036,1902,2,8,화
2022-02-08,2호선,역삼,52537,57938,110475,-5401,2,8,화
2022-02-08,2호선,선릉,55870,49379,105249,6491,2,8,화
2022-02-08,2호선,삼성(무역센터),48561,48322,96883,239,2,8,화
2022-02-08,2호선,종합운동장,6852,7392,14244,-540,2,8,화
2022-02-08,2호선,잠실새내,20000,19809,39809,191,2,8,화
2022-02-08,2호선,잠실(송파구청),60928,60050,120978,878,2,8,화
2022-02-08,2호선,잠실나루,14357,14057,28414,300,2,8,화
2022-02-08,2호선,강변(동서울터미널),26409,25158,51567,1251,2,8,화
2022-02-08,2호선,구의(광진구청),22790,22781,45571,9,2,8,화
2022-02-08,2호선,건대입구,31415,32981,64396,-1566,2,8,화
2022-02-08,2호선,성수,37022,39881,76903,-2859,2,8,화
2022-02-08,2호선,뚝섬,20969,22588,43557,-1619,2,8,화
2022-02-08,2호선,한양대,6444,6848,13292,-404,2,8,화
2022-02-08,2호선,왕십리(성동구청),14477,11975,26452,2502,2,8,화
2022-02-08,2호선,상왕십리,13444,13160,26604,284,2,8,화
2022-02-08,2호선,신당,13180,13534,26714,-354,2,8,화
2022-02-08,2호선,동대문역사문화공원(DDP),10336,11347,21683,-1011,2,8,화
2022-02-08,2호선,을지로4가,12374,12244,24618,130,2,8,화
2022-02-08,2호선,을지로3가,20662,20651,41313,11,2,8,화
2022-02-08,2호선,을지로입구,36398,37236,73634,-838,2,8,화
2022-02-08,2호선,시청,22866,22147,45013,719,2,8,화
2022-02-08,1호선,청량리(서울시립대입구),18061,18076,36137,-15,2,8,화
2022-02-08,1호선,제기동,15944,16194,32138,-250,2,8,화
2022-02-08,1호선,신설동,12760,12527,25287,233,2,8,화
2022-02-08,1호선,동대문,9815,8977,18792,838,2,8,화
2022-02-08,1호선,종로5가,21626,21278,42904,348,2,8,화
2022-02-08,1호선,종로3가,23444,21501,44945,1943,2,8,화
2022-02-08,1호선,종각,32313,31758,64071,555,2,8,화
2022-02-08,1호선,시청,20754,20986,41740,-232,2,8,화
2022-02-08,1호선,동묘앞,7185,7389,14574,-204,2,8,화
2022-02-08,1호선,서울역,38004,35865,73869,2139,2,8,화
2022-02-08,중앙선,국수,584,579,1163,5,2,8,화
2022-02-08,중앙선,아신,439,440,879,-1,2,8,화
2022-02-08,중앙선,오빈,239,239,478,0,2,8,화
2022-02-08,중앙선,양평,2994,3077,6071,-83,2,8,화
2022-02-08,경부선,석수,9061,8144,17205,917,2,8,화
2022-02-08,중앙선,회기,21633,21258,42891,375,2,8,화
2022-02-08,장항선,신창(순천향대),726,723,1449,3,2,8,화
2022-02-08,장항선,온양온천,2933,2944,5877,-11,2,8,화
2022-02-08,장항선,배방,864,837,1701,27,2,8,화
2022-02-08,장항선,탕정,457,442,899,15,2,8,화
2022-02-08,장항선,아산,2237,2015,4252,222,2,8,화
2022-02-08,장항선,쌍용(나사렛대),1507,1423,2930,84,2,8,화
2022-02-08,장항선,봉명,1141,1120,2261,21,2,8,화
2022-02-08,일산선,대화,11879,9354,21233,2525,2,8,화
2022-02-08,일산선,주엽,8265,8326,16591,-61,2,8,화
2022-02-08,일산선,정발산,6648,6530,13178,118,2,8,화
2022-02-08,일산선,마두,7062,7366,14428,-304,2,8,화
2022-02-08,일산선,백석,9225,9225,18450,0,2,8,화
2022-02-08,일산선,대곡,1850,1582,3432,268,2,8,화
2022-02-08,일산선,화정,16083,16526,32609,-443,2,8,화
2022-02-08,일산선,원당,10301,9989,20290,312,2,8,화
2022-02-08,일산선,삼송,18254,17890,36144,364,2,8,화
2022-02-08,일산선,원흥,9947,9426,19373,521,2,8,화
2022-02-08,우이신설선,신설동,2062,1940,4002,122,2,8,화
2022-02-08,우이신설선,보문,1390,1393,2783,-3,2,8,화
2022-02-08,우이신설선,성신여대입구(돈암),3078,3283,6361,-205,2,8,화
2022-02-08,우이신설선,정릉,4277,4069,8346,208,2,8,화
2022-02-08,우이신설선,북한산보국문,5588,5502,11090,86,2,8,화
2022-02-08,우이신설선,솔샘,5508,5402,10910,106,2,8,화
2022-02-08,2호선,아현,9433,9170,18603,263,2,8,화
2022-02-08,중앙선,신원,160,149,309,11,2,8,화
2022-02-08,중앙선,양수,1568,1546,3114,22,2,8,화
2022-02-08,중앙선,운길산,601,538,1139,63,2,8,화
2022-02-08,중앙선,팔당,737,826,1563,-89,2,8,화
2022-02-08,중앙선,도심,2163,1763,3926,400,2,8,화
2022-02-08,중앙선,덕소,5177,5073,10250,104,2,8,화
2022-02-08,중앙선,양정,669,550,1219,119,2,8,화
2022-02-08,중앙선,도농,9837,9027,18864,810,2,8,화
2022-02-08,중앙선,구리,12475,12548,25023,-73,2,8,화
2022-02-08,중앙선,양원,2047,2058,4105,-11,2,8,화
2022-02-08,중앙선,망우,6944,6922,13866,22,2,8,화
2022-02-08,중앙선,상봉(시외버스터미널),5453,5445,10898,8,2,8,화
2022-02-08,중앙선,지평,47,56,103,-9,2,8,화
2022-02-08,중앙선,용문,1406,1366,2772,40,2,8,화
2022-02-08,우이신설선,삼양사거리,2380,2389,4769,-9,2,8,화
2022-02-08,우이신설선,삼양,1889,2060,3949,-171,2,8,화
2022-02-08,우이신설선,화계,3272,3119,6391,153,2,8,화
2022-02-08,우이신설선,가오리,3893,3878,7771,15,2,8,화
2022-02-08,우이신설선,4.19민주묘지,2644,2509,5153,135,2,8,화
2022-02-08,우이신설선,솔밭공원,2318,2244,4562,74,2,8,화
2022-02-08,우이신설선,북한산우이,2362,2053,4415,309,2,8,화
2022-02-08,안산선,수리산,3858,3168,7026,690,2,8,화
2022-02-08,안산선,오이도,7323,7007,14330,316,2,8,화
2022-02-08,안산선,정왕,6732,7193,13925,-461,2,8,화
2022-02-08,안산선,신길온천,1502,1383,2885,119,2,8,화
2022-02-08,안산선,안산,10649,9447,20096,1202,2,8,화
2022-02-08,안산선,초지,4043,4157,8200,-114,2,8,화
2022-02-08,안산선,고잔,8108,7679,15787,429,2,8,화
2022-02-08,안산선,중앙,15805,16085,31890,-280,2,8,화
2022-02-08,안산선,한대앞,7918,8127,16045,-209,2,8,화
2022-02-08,안산선,상록수,14212,14617,28829,-405,2,8,화
2022-02-08,안산선,반월,3918,3731,7649,187,2,8,화
2022-02-08,안산선,대야미,4596,4179,8775,417,2,8,화
2022-02-08,안산선,산본,14524,15707,30231,-1183,2,8,화
2022-02-08,수인선,인천,872,1466,2338,-594,2,8,화
2022-02-08,수인선,신포,1579,1603,3182,-24,2,8,화
2022-02-08,수인선,숭의,3798,3541,7339,257,2,8,화
2022-02-08,수인선,인하대,5029,4711,9740,318,2,8,화
2022-02-08,수인선,송도,2245,2145,4390,100,2,8,화
2022-02-08,수인선,연수,4013,4012,8025,1,2,8,화
2022-02-08,수인선,원인재,3988,4179,8167,-191,2,8,화
2022-02-08,수인선,남동인더스파크,2320,2564,4884,-244,2,8,화
2022-02-08,수인선,호구포,3778,3956,7734,-178,2,8,화
2022-02-08,수인선,인천논현,5037,5353,10390,-316,2,8,화
2022-02-08,수인선,소래포구,4244,4040,8284,204,2,8,화
2022-02-08,수인선,월곶,2343,2154,4497,189,2,8,화
2022-02-08,수인선,달월,103,68,171,35,2,8,화
2022-02-08,수인선,사리,4048,3698,7746,350,2,8,화
2022-02-08,수인선,야목,322,236,558,86,2,8,화
2022-02-08,수인선,어천,571,605,1176,-34,2,8,화
2022-02-08,수인선,오목천,2490,2463,4953,27,2,8,화
2022-02-08,수인선,고색,4463,4124,8587,339,2,8,화
2022-02-08,분당선,매교,2658,2659,5317,-1,2,8,화
2022-02-08,분당선,수원시청,11806,12429,24235,-623,2,8,화
2022-02-08,분당선,매탄권선,4537,4429,8966,108,2,8,화
2022-02-08,분당선,망포,13434,12824,26258,610,2,8,화
2022-02-08,분당선,영통,7332,7531,14863,-199,2,8,화
2022-02-08,분당선,청명,3897,3806,7703,91,2,8,화
2022-02-08,분당선,상갈,4957,4766,9723,191,2,8,화
2022-02-08,분당선,기흥,8932,8645,17577,287,2,8,화
2022-02-08,분당선,신갈,4332,4309,8641,23,2,8,화
2022-02-08,분당선,구성,4732,5021,9753,-289,2,8,화
2022-02-08,분당선,죽전,12086,13130,25216,-1044,2,8,화
2022-02-08,분당선,보정,2253,1988,4241,265,2,8,화
2022-02-08,분당선,이매,5295,5064,10359,231,2,8,화
2022-02-08,분당선,오리,11365,9367,20732,1998,2,8,화
2022-02-08,분당선,미금,14699,15657,30356,-958,2,8,화
2022-02-08,분당선,정자,16446,17287,33733,-841,2,8,화
2022-02-08,분당선,수내,13015,13074,26089,-59,2,8,화
2022-02-08,분당선,서현,23395,23414,46809,-19,2,8,화
2022-02-08,분당선,야탑,24570,25374,49944,-804,2,8,화
2022-02-08,분당선,모란,18625,18709,37334,-84,2,8,화
2022-02-08,분당선,태평,12842,12316,25158,526,2,8,화
2022-02-08,분당선,가천대,6063,7030,13093,-967,2,8,화
2022-02-08,분당선,선정릉,8141,8728,16869,-587,2,8,화
2022-02-08,분당선,강남구청,10131,11485,21616,-1354,2,8,화
2022-02-08,분당선,압구정로데오,18336,19753,38089,-1417,2,8,화
2022-02-08,분당선,서울숲,9401,9491,18892,-90,2,8,화
2022-02-08,분당선,수원,7142,6063,13205,1079,2,8,화
2022-02-08,분당선,수서,12512,12833,25345,-321,2,8,화
2022-02-08,분당선,대모산입구,4332,4125,8457,207,2,8,화
2022-02-08,분당선,개포동,3557,3685,7242,-128,2,8,화
2022-02-08,분당선,구룡,2083,2060,4143,23,2,8,화
2022-02-08,분당선,도곡,6806,6846,13652,-40,2,8,화
2022-02-08,분당선,한티,13936,15113,29049,-1177,2,8,화
2022-02-08,분당선,선릉,13308,20036,33344,-6728,2,8,화
2022-02-08,과천선,범계,23610,23462,47072,148,2,8,화
2022-02-08,과천선,평촌,17435,17228,34663,207,2,8,화
2022-02-08,과천선,인덕원,22606,23902,46508,-1296,2,8,화
2022-02-08,과천선,정부과천청사,9943,9867,19810,76,2,8,화
2022-02-08,과천선,과천,5833,5447,11280,386,2,8,화
2022-02-08,과천선,대공원,2380,2495,4875,-115,2,8,화
2022-02-08,과천선,경마공원,1269,1264,2533,5,2,8,화
2022-02-08,과천선,선바위,7769,6776,14545,993,2,8,화
2022-02-08,공항철도 1호선,영종,2649,2727,5376,-78,2,8,화
2022-02-08,공항철도 1호선,인천공항2터미널,1909,1940,3849,-31,2,8,화
2022-02-08,공항철도 1호선,인천공항1터미널,3134,3476,6610,-342,2,8,화
2022-02-08,공항철도 1호선,공항화물청사,2254,2421,4675,-167,2,8,화
2022-02-08,공항철도 1호선,운서,6011,6002,12013,9,2,8,화
2022-02-08,공항철도 1호선,청라국제도시,6444,6060,12504,384,2,8,화
2022-02-08,공항철도 1호선,검암,6392,6273,12665,119,2,8,화
2022-02-08,공항철도 1호선,계양,9556,8993,18549,563,2,8,화
2022-02-08,공항철도 1호선,김포공항,11385,6311,17696,5074,2,8,화
2022-02-08,공항철도 1호선,마곡나루(서울식물원),8609,8171,16780,438,2,8,화
2022-02-08,공항철도 1호선,디지털미디어시티,13395,12338,25733,1057,2,8,화
2022-02-08,공항철도 1호선,홍대입구,8408,8453,16861,-45,2,8,화
2022-02-08,공항철도 1호선,공덕,2137,2769,4906,-632,2,8,화
2022-02-08,공항철도 1호선,서울역,6405,5736,12141,669,2,8,화
2022-02-08,경춘선,춘천,910,836,1746,74,2,8,화
2022-02-08,경춘선,남춘천,1819,1860,3679,-41,2,8,화
2022-02-08,경춘선,김유정,219,220,439,-1,2,8,화
2022-02-08,경춘선,강촌,314,315,629,-1,2,8,화
2022-02-08,경춘선,백양리,326,233,559,93,2,8,화
2022-02-08,경춘선,굴봉산,117,160,277,-43,2,8,화
2022-02-08,경춘선,가평,1393,1290,2683,103,2,8,화
2022-02-08,경춘선,상천,207,193,400,14,2,8,화
2022-02-08,경춘선,청평,1417,1315,2732,102,2,8,화
2022-02-08,경춘선,대성리,462,350,812,112,2,8,화
2022-02-08,경춘선,마석,3657,3640,7297,17,2,8,화
2022-02-08,경춘선,천마산,1574,1452,3026,122,2,8,화
2022-02-08,경춘선,평내호평,5727,5579,11306,148,2,8,화
2022-02-08,경춘선,금곡,1402,1294,2696,108,2,8,화
2022-02-08,경춘선,사릉,3008,2888,5896,120,2,8,화
2022-02-08,경춘선,퇴계원,3370,3207,6577,163,2,8,화
2022-02-08,경춘선,별내,3157,3001,6158,156,2,8,화
2022-02-08,경춘선,갈매,2884,2575,5459,309,2,8,화
2022-02-08,경춘선,신내,2055,1931,3986,124,2,8,화
2022-02-08,경인선,도화,3919,3615,7534,304,2,8,화
2022-02-08,경인선,중동,8856,8501,17357,355,2,8,화
2022-02-08,경인선,온수(성공회대입구),6057,5973,12030,84,2,8,화
2022-02-08,경인선,도원,2285,2368,4653,-83,2,8,화
2022-02-08,경인선,간석,5534,5241,10775,293,2,8,화
2022-02-08,경인선,부개,7937,7469,15406,468,2,8,화
2022-02-08,경인선,소사,7956,7789,15745,167,2,8,화
2022-02-08,경인선,구일,5862,5878,11740,-16,2,8,화
2022-02-08,경인선,인천,2960,2318,5278,642,2,8,화
2022-02-08,경인선,동인천,12381,11728,24109,653,2,8,화
2022-02-08,경인선,제물포,9574,9216,18790,358,2,8,화
2022-02-08,경인선,주안,16775,15104,31879,1671,2,8,화
2022-02-08,경인선,동암,13489,13442,26931,47,2,8,화
2022-02-08,경인선,백운,6401,6393,12794,8,2,8,화
2022-02-08,경인선,부평,26266,27616,53882,-1350,2,8,화
2022-02-08,경인선,송내,25130,25130,50260,0,2,8,화
2022-02-08,경인선,부천,29562,29474,59036,88,2,8,화
2022-02-08,경인선,역곡,25248,25099,50347,149,2,8,화
2022-02-08,경인선,오류동,11163,10602,21765,561,2,8,화
2022-02-08,경인선,개봉,20164,20251,40415,-87,2,8,화
2022-02-08,경의선,임진강,4,6,10,-2,2,8,화
2022-02-08,경의선,문산,4383,4334,8717,49,2,8,화
2022-02-08,경의선,파주,910,703,1613,207,2,8,화
2022-02-08,경의선,월롱,2232,2122,4354,110,2,8,화
2022-02-08,경의선,금촌,5853,5799,11652,54,2,8,화
2022-02-08,경의선,금릉,4486,4278,8764,208,2,8,화
2022-02-08,경의선,운정,6563,6203,12766,360,2,8,화
2022-02-08,경의선,야당,6866,6672,13538,194,2,8,화
2022-02-08,경의선,탄현,7161,7097,14258,64,2,8,화
2022-02-08,경의선,일산,9224,9197,18421,27,2,8,화
2022-02-08,경의선,풍산,5181,4882,10063,299,2,8,화
2022-02-08,경의선,백마,6478,6306,12784,172,2,8,화
2022-02-08,경의선,곡산,601,628,1229,-27,2,8,화
2022-02-08,경의선,능곡,3554,3263,6817,291,2,8,화
2022-02-08,경의선,행신,7319,7337,14656,-18,2,8,화
2022-02-08,경의선,강매,3028,2698,5726,330,2,8,화
2022-02-08,경의선,화전,1376,1273,2649,103,2,8,화
2022-02-08,경의선,수색,2784,2856,5640,-72,2,8,화
2022-02-08,경의선,디지털미디어시티,2312,2080,4392,232,2,8,화
2022-02-08,경의선,가좌,5030,4888,9918,142,2,8,화
2022-02-08,경의선,홍대입구,1458,1635,3093,-177,2,8,화
2022-02-08,경의선,서강대,1850,1844,3694,6,2,8,화
2022-02-08,경의선,공덕,3357,2963,6320,394,2,8,화
2022-02-08,경의선,효창공원앞,2832,3230,6062,-398,2,8,화
2022-02-08,경의선,신촌,838,1044,1882,-206,2,8,화
2022-02-08,경의선,서울역,3939,5045,8984,-1106,2,8,화
2022-02-08,경원선,소요산,2236,1968,4204,268,2,8,화
2022-02-08,경원선,동두천,1851,2012,3863,-161,2,8,화
2022-02-08,경원선,보산,1267,1165,2432,102,2,8,화
2022-02-08,경원선,동두천중앙,2775,2651,5426,124,2,8,화
2022-02-08,경원선,지행,5660,5650,11310,10,2,8,화
2022-02-08,경원선,덕정,4728,4727,9455,1,2,8,화
2022-02-08,경원선,덕계,2779,2558,5337,221,2,8,화
2022-02-08,경원선,양주,6725,6290,13015,435,2,8,화
2022-02-08,경원선,녹양,4181,3897,8078,284,2,8,화
2022-02-08,경원선,가능,5935,5910,11845,25,2,8,화
2022-02-08,경원선,의정부,16632,16834,33466,-202,2,8,화
2022-02-08,경원선,회룡,11677,11583,23260,94,2,8,화
2022-02-08,경원선,망월사,6874,7108,13982,-234,2,8,화
2022-02-08,경원선,도봉산,6441,4501,10942,1940,2,8,화
2022-02-08,경원선,도봉,5735,5555,11290,180,2,8,화
2022-02-08,경원선,방학,9177,9093,18270,84,2,8,화
2022-02-08,경원선,녹천,4480,3866,8346,614,2,8,화
2022-02-08,경원선,월계,5916,5623,11539,293,2,8,화
2022-02-08,경원선,광운대,6975,6744,13719,231,2,8,화
2022-02-08,경원선,석계,7353,8386,15739,-1033,2,8,화
2022-02-08,경원선,신이문,7928,7436,15364,492,2,8,화
2022-02-08,경원선,외대앞,6556,6661,13217,-105,2,8,화
2022-02-08,경원선,청량리(서울시립대입구),12784,13379,26163,-595,2,8,화
2022-02-08,경원선,왕십리(성동구청),12136,13734,25870,-1598,2,8,화
2022-02-08,경원선,응봉,1811,1567,3378,244,2,8,화
2022-02-08,경원선,옥수,35,20,55,15,2,8,화
2022-02-08,경원선,한남,4015,3726,7741,289,2,8,화
2022-02-08,경원선,서빙고,1923,1757,3680,166,2,8,화
2022-02-08,경원선,이촌(국립중앙박물관),3422,2699,6121,723,2,8,화
2022-02-08,경부선,광명,2879,2536,5415,343,2,8,화
2022-02-08,경부선,서동탄,1325,1158,2483,167,2,8,화
2022-02-08,경부선,당정,5741,5437,11178,304,2,8,화
2022-02-08,경부선,천안,3867,4093,7960,-226,2,8,화
2022-02-08,경부선,두정,3958,4030,7988,-72,2,8,화
2022-02-08,경부선,직산,707,697,1404,10,2,8,화
2022-02-08,경부선,성환,2642,2632,5274,10,2,8,화
2022-02-08,경부선,평택,9289,9151,18440,138,2,8,화
2022-02-08,경부선,평택지제,2925,2913,5838,12,2,8,화
2022-02-08,경부선,서정리,5616,5286,10902,330,2,8,화
2022-02-08,경부선,송탄,3542,3394,6936,148,2,8,화
2022-02-08,경부선,진위,1514,1342,2856,172,2,8,화
2022-02-08,경부선,오산,8599,8672,17271,-73,2,8,화
2022-02-08,경부선,오산대,2874,2699,5573,175,2,8,화
2022-02-08,경부선,세마,2480,2346,4826,134,2,8,화
2022-02-08,경부선,병점,12547,12451,24998,96,2,8,화
2022-02-08,경부선,세류,2654,2419,5073,235,2,8,화
2022-02-08,경부선,독산,18333,19133,37466,-800,2,8,화
2022-02-08,경부선,수원,28297,29995,58292,-1698,2,8,화
2022-02-08,경부선,화서,7500,7346,14846,154,2,8,화
2022-02-08,경부선,성균관대,12673,12715,25388,-42,2,8,화
2022-02-08,경부선,의왕,8386,8484,16870,-98,2,8,화
2022-02-08,경부선,군포,7595,7673,15268,-78,2,8,화
2022-02-08,경부선,금정,25113,25504,50617,-391,2,8,화
2022-02-08,경부선,명학,8625,8453,17078,172,2,8,화
2022-02-08,경부선,안양,19211,19265,38476,-54,2,8,화
2022-02-08,경부선,관악,6857,6414,13271,443,2,8,화
2022-02-08,경부선,금천구청,11321,11354,22675,-33,2,8,화
2022-02-08,경부선,가산디지털단지,18117,20947,39064,-2830,2,8,화
2022-02-08,경부선,구로,17380,17628,35008,-248,2,8,화
2022-02-08,경부선,신길,8410,7120,15530,1290,2,8,화
2022-02-08,경부선,신도림,4095,3767,7862,328,2,8,화
2022-02-08,경부선,영등포,32568,33271,65839,-703,2,8,화
2022-02-08,경부선,대방,12156,12591,24747,-435,2,8,화
2022-02-08,경부선,노량진,7296,7519,14815,-223,2,8,화
2022-02-08,경부선,용산,27813,27852,55665,-39,2,8,화
2022-02-08,경부선,남영,8506,8965,17471,-459,2,8,화
2022-02-08,경부선,서울역,4536,1536,6072,3000,2,8,화
2022-02-08,경강선,여주,1674,1695,3369,-21,2,8,화
2022-02-08,경강선,세종대왕릉,269,255,524,14,2,8,화
2022-02-08,경강선,부발,1783,1679,3462,104,2,8,화
2022-02-08,경강선,이천,2222,2267,4489,-45,2,8,화
2022-02-08,경강선,신둔도예촌,1234,1162,2396,72,2,8,화
2022-02-08,경강선,곤지암,2047,1955,4002,92,2,8,화
2022-02-08,경강선,초월,2809,2761,5570,48,2,8,화
2022-02-08,경강선,경기광주,7237,6920,14157,317,2,8,화
2022-02-08,경강선,삼동,2201,2144,4345,57,2,8,화
2022-02-08,경강선,이매,983,896,1879,87,2,8,화
2022-02-08,경강선,판교,4385,4331,8716,54,2,8,화
2022-02-08,9호선2~3단계,중앙보훈병원,10502,9505,20007,997,2,8,화
2022-02-08,9호선2~3단계,둔촌오륜,1130,1067,2197,63,2,8,화
2022-02-08,9호선2~3단계,올림픽공원(한국체대),5526,5569,11095,-43,2,8,화
2022-02-08,9호선2~3단계,한성백제,2481,2248,4729,233,2,8,화
2022-02-08,9호선2~3단계,송파나루,4886,5123,10009,-237,2,8,화
2022-02-08,9호선2~3단계,석촌,8145,7210,15355,935,2,8,화
2022-02-08,9호선2~3단계,석촌고분,6041,6101,12142,-60,2,8,화
2022-02-08,9호선2~3단계,삼전,6779,6578,13357,201,2,8,화
2022-02-08,9호선2~3단계,종합운동장,3960,4088,8048,-128,2,8,화
2022-02-08,9호선2~3단계,봉은사,15132,15573,30705,-441,2,8,화
2022-02-08,9호선2~3단계,삼성중앙,6872,7226,14098,-354,2,8,화
2022-02-08,9호선2~3단계,선정릉,9739,10540,20279,-801,2,8,화
2022-02-08,9호선2~3단계,언주,10768,11026,21794,-258,2,8,화
2022-02-08,9호선,신논현,30428,30210,60638,218,2,8,화
2022-02-08,9호선,사평,3295,3260,6555,35,2,8,화
2022-02-08,9호선,고속터미널,10466,13322,23788,-2856,2,8,화
2022-02-08,9호선,신반포,3147,3060,6207,87,2,8,화
2022-02-08,9호선,구반포,1365,1460,2825,-95,2,8,화
2022-02-08,9호선,동작(현충원),1812,1450,3262,362,2,8,화
2022-02-08,9호선,흑석(중앙대입구),7495,7854,15349,-359,2,8,화
2022-02-08,9호선,노들,4150,3574,7724,576,2,8,화
2022-02-08,9호선,노량진,24192,23409,47601,783,2,8,화
2022-02-08,9호선,샛강,5837,6137,11974,-300,2,8,화
2022-02-08,9호선,여의도,26540,25212,51752,1328,2,8,화
2022-02-08,9호선,국회의사당,16847,17356,34203,-509,2,8,화
2022-02-08,9호선,당산,17304,17320,34624,-16,2,8,화
2022-02-08,9호선,선유도,8614,8309,16923,305,2,8,화
2022-02-08,9호선,신목동,3969,3528,7497,441,2,8,화
2022-02-08,9호선,염창,16662,16302,32964,360,2,8,화
2022-02-08,9호선,등촌,10887,10827,21714,60,2,8,화
2022-02-08,9호선,증미,7129,7065,14194,64,2,8,화
2022-02-08,9호선,가양,19509,19093,38602,416,2,8,화
2022-02-08,9호선,양천향교,9149,9374,18523,-225,2,8,화
2022-02-08,9호선,마곡나루(서울식물원),11438,11362,22800,76,2,8,화
2022-02-08,9호선,신방화,6510,6425,12935,85,2,8,화
2022-02-08,9호선,공항시장,2893,3163,6056,-270,2,8,화
2022-02-08,9호선,김포공항,6668,10414,17082,-3746,2,8,화
2022-02-08,9호선,개화,2309,1620,3929,689,2,8,화
2022-02-08,8호선,남위례,3888,4180,8068,-292,2,8,화
2022-02-08,8호선,모란,3968,3126,7094,842,2,8,화
2022-02-08,8호선,수진,4952,4601,9553,351,2,8,화
2022-02-08,8호선,신흥,3921,4239,8160,-318,2,8,화
2022-02-08,8호선,단대오거리,9911,9696,19607,215,2,8,화
2022-02-08,8호선,남한산성입구(성남법원.검찰청),12923,11948,24871,975,2,8,화
2022-02-08,8호선,산성,4917,5004,9921,-87,2,8,화
2022-02-08,8호선,복정,8970,7693,16663,1277,2,8,화
2022-02-08,8호선,장지,16361,15812,32173,549,2,8,화
2022-02-08,8호선,문정,22166,23354,45520,-1188,2,8,화
2022-02-08,8호선,가락시장,7325,8050,15375,-725,2,8,화
2022-02-08,8호선,송파,7407,7512,14919,-105,2,8,화
2022-02-08,8호선,석촌,7534,8581,16115,-1047,2,8,화
2022-02-08,8호선,잠실(송파구청),12720,14631,27351,-1911,2,8,화
2022-02-08,8호선,몽촌토성(평화의문),5883,5922,11805,-39,2,8,화
2022-02-08,8호선,강동구청,10317,10788,21105,-471,2,8,화
2022-02-08,8호선,천호(풍납토성),14039,15944,29983,-1905,2,8,화
2022-02-08,8호선,암사,18295,16317,34612,1978,2,8,화
2022-02-08,7호선,부평구청,1,0,1,1,2,8,화
2022-02-08,7호선,굴포천,1,0,1,1,2,8,화
2022-02-08,7호선,까치울,2,0,2,2,2,8,화
2022-02-08,7호선,온수(성공회대입구),9893,9064,18957,829,2,8,화
2022-02-08,7호선,천왕,11016,10598,21614,418,2,8,화
2022-02-08,7호선,광명사거리,20857,20657,41514,200,2,8,화
2022-02-08,7호선,철산,19851,20202,40053,-351,2,8,화
2022-02-08,7호선,가산디지털단지,46448,46145,92593,303,2,8,화
2022-02-08,7호선,남구로,15679,16608,32287,-929,2,8,화
2022-02-08,7호선,대림(구로구청),7418,7355,14773,63,2,8,화
2022-02-08,7호선,신풍,11145,10637,21782,508,2,8,화
2022-02-08,7호선,보라매,9371,9462,18833,-91,2,8,화
2022-02-08,7호선,신대방삼거리,16027,15602,31629,425,2,8,화
2022-02-08,7호선,장승배기,8736,8646,17382,90,2,8,화
2022-02-08,7호선,상도,10138,10053,20191,85,2,8,화
2022-02-08,7호선,숭실대입구(살피재),10880,11092,21972,-212,2,8,화
2022-02-08,7호선,남성,10598,10023,20621,575,2,8,화
2022-02-08,7호선,이수,14967,14619,29586,348,2,8,화
2022-02-08,7호선,내방,14392,14596,28988,-204,2,8,화
2022-02-08,7호선,고속터미널,14019,12258,26277,1761,2,8,화
2022-02-08,7호선,반포,5446,5262,10708,184,2,8,화
2022-02-08,7호선,논현,20343,22039,42382,-1696,2,8,화
2022-02-08,7호선,학동,24681,25831,50512,-1150,2,8,화
2022-02-08,7호선,강남구청,16238,17866,34104,-1628,2,8,화
2022-02-08,7호선,청담,19257,21172,40429,-1915,2,8,화
2022-02-08,7호선,뚝섬유원지,7255,7077,14332,178,2,8,화
2022-02-08,7호선,건대입구,11195,11762,22957,-567,2,8,화
2022-02-08,7호선,어린이대공원(세종대),11366,11310,22676,56,2,8,화
2022-02-08,7호선,군자(능동),14420,11805,26225,2615,2,8,화
2022-02-08,7호선,중곡,10672,10015,20687,657,2,8,화
2022-02-08,7호선,용마산(용마폭포공원),5804,5635,11439,169,2,8,화
2022-02-08,7호선,사가정,15415,15521,30936,-106,2,8,화
2022-02-08,7호선,면목,14616,14410,29026,206,2,8,화
2022-02-08,7호선,상봉(시외버스터미널),16135,15007,31142,1128,2,8,화
2022-02-08,7호선,중화,10412,10208,20620,204,2,8,화
2022-02-08,7호선,먹골,9689,9688,19377,1,2,8,화
2022-02-08,7호선,태릉입구,7863,7533,15396,330,2,8,화
2022-02-08,7호선,공릉(서울과학기술대),11006,11019,22025,-13,2,8,화
2022-02-08,7호선,하계,16398,15617,32015,781,2,8,화
2022-02-08,7호선,중계,13544,12517,26061,1027,2,8,화
2022-02-08,7호선,노원,18736,19281,38017,-545,2,8,화
2022-02-08,7호선,마들,12174,11861,24035,313,2,8,화
2022-02-08,7호선,수락산,11804,11560,23364,244,2,8,화
2022-02-08,7호선,도봉산,9169,9864,19033,-695,2,8,화
2022-02-08,7호선,장암,2175,731,2906,1444,2,8,화
2022-02-08,6호선,봉화산(서울의료원),8641,8102,16743,539,2,8,화
2022-02-08,6호선,화랑대(서울여대입구),11117,8793,19910,2324,2,8,화
2022-02-08,6호선,태릉입구,5160,5597,10757,-437,2,8,화
2022-02-08,6호선,석계,11455,11896,23351,-441,2,8,화
2022-02-08,6호선,돌곶이,8879,8432,17311,447,2,8,화
2022-02-08,6호선,상월곡(한국과학기술연구원),5798,5301,11099,497,2,8,화
2022-02-08,6호선,월곡(동덕여대),10830,10882,21712,-52,2,8,화
2022-02-08,6호선,고려대(종암),7261,7095,14356,166,2,8,화
2022-02-08,6호선,안암(고대병원앞),9220,9084,18304,136,2,8,화
2022-02-08,6호선,보문,6864,6529,13393,335,2,8,화
2022-02-08,6호선,창신,3208,2612,5820,596,2,8,화
2022-02-08,6호선,동묘앞,7276,7305,14581,-29,2,8,화
2022-02-08,6호선,신당,7405,7875,15280,-470,2,8,화
2022-02-08,6호선,청구,3632,3893,7525,-261,2,8,화
2022-02-08,6호선,약수,3507,3358,6865,149,2,8,화
2022-02-08,6호선,버티고개,1879,1992,3871,-113,2,8,화
2022-02-08,6호선,한강진,6848,7648,14496,-800,2,8,화
2022-02-08,6호선,이태원,8117,8122,16239,-5,2,8,화
2022-02-08,6호선,녹사평(용산구청),4087,4105,8192,-18,2,8,화
2022-02-08,6호선,삼각지,5649,5113,10762,536,2,8,화
2022-02-08,6호선,효창공원앞,6472,6042,12514,430,2,8,화
2022-02-08,6호선,공덕,17656,17061,34717,595,2,8,화
2022-02-08,6호선,대흥(서강대앞),7514,7800,15314,-286,2,8,화
2022-02-08,6호선,광흥창(서강),8755,8563,17318,192,2,8,화
2022-02-08,6호선,상수,7487,8137,15624,-650,2,8,화
2022-02-08,6호선,합정,11710,11238,22948,472,2,8,화
2022-02-08,6호선,망원,12891,13807,26698,-916,2,8,화
2022-02-08,6호선,마포구청,13732,12616,26348,1116,2,8,화
2022-02-08,6호선,월드컵경기장(성산),3664,3855,7519,-191,2,8,화
2022-02-08,6호선,디지털미디어시티,13254,14541,27795,-1287,2,8,화
2022-02-08,6호선,증산(명지대앞),9573,9618,19191,-45,2,8,화
2022-02-08,6호선,새절(신사),12044,11478,23522,566,2,8,화
2022-02-08,6호선,구산,7207,5565,12772,1642,2,8,화
2022-02-08,6호선,연신내,2,0,2,2,2,8,화
2022-02-08,6호선,독바위,2575,2734,5309,-159,2,8,화
2022-02-08,6호선,불광,3996,3816,7812,180,2,8,화
2022-02-08,6호선,역촌,3578,4239,7817,-661,2,8,화
2022-02-08,6호선,응암,16767,16822,33589,-55,2,8,화
2022-02-08,중앙선,중랑,5232,5011,10243,221,2,8,화
2022-02-08,5호선,하남검단산,5170,4906,10076,264,2,8,화
2022-02-08,5호선,하남시청(덕풍·신장),6066,5970,12036,96,2,8,화
2022-02-08,5호선,하남풍산,4137,4085,8222,52,2,8,화
2022-02-08,5호선,미사,14954,15028,29982,-74,2,8,화
2022-02-08,5호선,강일,3754,3670,7424,84,2,8,화
2022-02-08,5호선,마천,6633,6501,13134,132,2,8,화
2022-02-08,5호선,거여,8914,8562,17476,352,2,8,화
2022-02-08,5호선,개롱,6021,6264,12285,-243,2,8,화
2022-02-08,5호선,오금,3683,3570,7253,113,2,8,화
2022-02-08,5호선,방이,6873,7096,13969,-223,2,8,화
2022-02-08,5호선,올림픽공원(한국체대),3893,3375,7268,518,2,8,화
2022-02-08,5호선,둔촌동,8295,8412,16707,-117,2,8,화
2022-02-08,5호선,상일동,14635,13612,28247,1023,2,8,화
2022-02-08,5호선,고덕,9007,9167,18174,-160,2,8,화
2022-02-08,5호선,명일,8101,8437,16538,-336,2,8,화
2022-02-08,5호선,굽은다리(강동구민회관앞),8863,8450,17313,413,2,8,화
2022-02-08,5호선,길동,7796,8140,15936,-344,2,8,화
2022-02-08,5호선,강동,17967,17348,35315,619,2,8,화
2022-02-08,5호선,천호(풍납토성),16874,16687,33561,187,2,8,화
2022-02-08,5호선,광나루(장신대),12443,11446,23889,997,2,8,화
2022-02-08,5호선,아차산(어린이대공원후문),13645,13390,27035,255,2,8,화
2022-02-08,5호선,군자(능동),10592,11475,22067,-883,2,8,화
2022-02-09,분당선,서울숲,9859,9902,19761,-43,2,9,수
2022-02-09,6호선,합정,11886,11504,23390,382,2,9,수
2022-02-09,중앙선,양평,2228,2218,4446,10,2,9,수
2022-02-09,중앙선,원덕,292,281,573,11,2,9,수
2022-02-09,중앙선,용문,1356,1385,2741,-29,2,9,수
2022-02-09,중앙선,지평,55,49,104,6,2,9,수
2022-02-09,7호선,장암,2178,778,2956,1400,2,9,수
2022-02-09,경원선,광운대,6862,6614,13476,248,2,9,수
2022-02-09,1호선,서울역,38756,36031,74787,2725,2,9,수
2022-02-09,1호선,동묘앞,7348,7491,14839,-143,2,9,수
2022-02-09,1호선,시청,21132,21446,42578,-314,2,9,수
2022-02-09,1호선,종각,32742,32205,64947,537,2,9,수
2022-02-09,1호선,종로3가,24002,21924,45926,2078,2,9,수
2022-02-09,1호선,종로5가,20849,20647,41496,202,2,9,수
2022-02-09,1호선,동대문,9908,9132,19040,776,2,9,수
2022-02-09,1호선,신설동,13339,13000,26339,339,2,9,수
2022-02-09,1호선,제기동,15979,16256,32235,-277,2,9,수
2022-02-09,1호선,청량리(서울시립대입구),18412,18307,36719,105,2,9,수
2022-02-09,2호선,시청,23050,22639,45689,411,2,9,수
2022-02-09,2호선,을지로입구,36501,37500,74001,-999,2,9,수
2022-02-09,2호선,을지로3가,21125,20907,42032,218,2,9,수
2022-02-09,2호선,을지로4가,12532,12514,25046,18,2,9,수
2022-02-09,2호선,동대문역사문화공원(DDP),10592,11984,22576,-1392,2,9,수
2022-02-09,2호선,신당,12955,13282,26237,-327,2,9,수
2022-02-09,2호선,상왕십리,13697,13584,27281,113,2,9,수
2022-02-09,2호선,왕십리(성동구청),14750,12128,26878,2622,2,9,수
2022-02-09,2호선,한양대,6581,6875,13456,-294,2,9,수
2022-02-09,2호선,뚝섬,21278,22987,44265,-1709,2,9,수
2022-02-09,2호선,성수,36777,39743,76520,-2966,2,9,수
2022-02-09,2호선,건대입구,31139,33219,64358,-2080,2,9,수
2022-02-09,2호선,구의(광진구청),23023,22760,45783,263,2,9,수
2022-02-09,2호선,강변(동서울터미널),27651,25980,53631,1671,2,9,수
2022-02-09,2호선,잠실나루,14272,13842,28114,430,2,9,수
2022-02-09,2호선,잠실(송파구청),62171,61072,123243,1099,2,9,수
2022-02-09,2호선,잠실새내,20005,19759,39764,246,2,9,수
2022-02-09,2호선,종합운동장,7052,7765,14817,-713,2,9,수
2022-02-09,2호선,삼성(무역센터),50034,50085,100119,-51,2,9,수
2022-02-09,2호선,선릉,55563,49450,105013,6113,2,9,수
2022-02-09,2호선,역삼,51921,57730,109651,-5809,2,9,수
2022-02-09,2호선,강남,80793,78754,159547,2039,2,9,수
2022-02-09,2호선,교대(법원.검찰청),32903,36940,69843,-4037,2,9,수
2022-02-09,2호선,서초,20829,20279,41108,550,2,9,수
2022-02-09,2호선,방배,15707,16492,32199,-785,2,9,수
2022-02-09,2호선,사당,33853,36663,70516,-2810,2,9,수
2022-02-09,2호선,낙성대(강감찬),25245,24822,50067,423,2,9,수
2022-02-09,2호선,서울대입구(관악구청),44260,43600,87860,660,2,9,수
2022-02-09,2호선,봉천,22680,21476,44156,1204,2,9,수
2022-02-09,2호선,신림,60056,58673,118729,1383,2,9,수
2022-02-09,2호선,신대방,24910,24555,49465,355,2,9,수
2022-02-09,2호선,구로디지털단지,57693,57766,115459,-73,2,9,수
2022-02-09,2호선,대림(구로구청),22861,23271,46132,-410,2,9,수
2022-02-09,2호선,신도림,44107,43197,87304,910,2,9,수
2022-02-09,2호선,문래,20629,21019,41648,-390,2,9,수
2022-02-09,2호선,영등포구청,22229,22884,45113,-655,2,9,수
2022-02-09,2호선,당산,17587,20319,37906,-2732,2,9,수
2022-02-09,2호선,합정,28899,29477,58376,-578,2,9,수
2022-02-09,2호선,홍대입구,47562,48334,95896,-772,2,9,수
2022-02-09,2호선,신촌,29699,30374,60073,-675,2,9,수
2022-02-09,2호선,이대,11983,12607,24590,-624,2,9,수
2022-02-09,2호선,아현,9645,9354,18999,291,2,9,수
2022-02-09,2호선,충정로(경기대입구),9848,10662,20510,-814,2,9,수
2022-02-09,2호선,용답,2587,2603,5190,-16,2,9,수
2022-02-09,2호선,신답,1685,1913,3598,-228,2,9,수
2022-02-09,2호선,신설동,3204,3318,6522,-114,2,9,수
2022-02-09,2호선,도림천,1392,1521,2913,-129,2,9,수
2022-02-09,2호선,양천구청,6557,6838,13395,-281,2,9,수
2022-02-09,2호선,신정네거리,9802,10167,19969,-365,2,9,수
2022-02-09,2호선,용두(동대문구청),2223,2365,4588,-142,2,9,수
2022-02-09,3호선,지축,4325,4190,8515,135,2,9,수
2022-02-09,3호선,구파발,19727,18808,38535,919,2,9,수
2022-02-09,3호선,연신내,34770,32927,67697,1843,2,9,수
2022-02-09,3호선,불광,15433,16529,31962,-1096,2,9,수
2022-02-09,3호선,녹번,14846,13708,28554,1138,2,9,수
2022-02-09,3호선,홍제,16377,15650,32027,727,2,9,수
2022-02-09,3호선,무악재,3712,3828,7540,-116,2,9,수
2022-02-09,3호선,독립문,6547,6761,13308,-214,2,9,수
2022-02-09,3호선,경복궁(정부서울청사),18469,18218,36687,251,2,9,수
2022-02-09,3호선,안국,19233,19840,39073,-607,2,9,수
2022-02-09,3호선,종로3가,10071,11151,21222,-1080,2,9,수
2022-02-09,3호선,을지로3가,10204,10289,20493,-85,2,9,수
2022-02-09,3호선,동대입구,6966,7249,14215,-283,2,9,수
2022-02-09,3호선,약수,12390,12013,24403,377,2,9,수
2022-02-09,3호선,금호,7646,7374,15020,272,2,9,수
2022-02-09,3호선,옥수,8279,8729,17008,-450,2,9,수
2022-02-09,3호선,압구정,31259,33132,64391,-1873,2,9,수
2022-02-09,3호선,신사,29374,30304,59678,-930,2,9,수
2022-02-09,3호선,잠원,4522,4453,8975,69,2,9,수
2022-02-09,3호선,고속터미널,34197,32273,66470,1924,2,9,수
2022-02-09,3호선,교대(법원.검찰청),13667,8887,22554,4780,2,9,수
2022-02-09,3호선,남부터미널(예술의전당),27601,28112,55713,-511,2,9,수
2022-02-09,3호선,양재(서초구청),36826,39852,76678,-3026,2,9,수
2022-02-09,3호선,매봉,12086,11650,23736,436,2,9,수
2022-02-09,3호선,도곡,5097,5241,10338,-144,2,9,수
2022-02-09,3호선,대치,10570,10867,21437,-297,2,9,수
2022-02-09,3호선,학여울,1764,1779,3543,-15,2,9,수
2022-02-09,3호선,대청,9945,9217,19162,728,2,9,수
2022-02-09,3호선,일원,10157,9828,19985,329,2,9,수
2022-02-09,3호선,수서,15684,15887,31571,-203,2,9,수
2022-02-09,3호선,가락시장,8490,8175,16665,315,2,9,수
2022-02-09,3호선,경찰병원,7187,7169,14356,18,2,9,수
2022-02-09,3호선,오금,5973,5411,11384,562,2,9,수
2022-02-09,4호선,수유(강북구청),32036,32275,64311,-239,2,9,수
2022-02-09,4호선,미아(서울사이버대학),14355,13886,28241,469,2,9,수
2022-02-09,4호선,미아사거리,25947,25171,51118,776,2,9,수
2022-02-09,4호선,길음,19008,19043,38051,-35,2,9,수
2022-02-09,4호선,성신여대입구(돈암),18426,17827,36253,599,2,9,수
2022-02-09,4호선,한성대입구(삼선교),12308,11949,24257,359,2,9,수
2022-02-09,4호선,혜화,30310,30150,60460,160,2,9,수
2022-02-09,4호선,동대문,18185,18727,36912,-542,2,9,수
2022-02-09,4호선,동대문역사문화공원(DDP),13770,12474,26244,1296,2,9,수
2022-02-09,4호선,충무로,24550,25364,49914,-814,2,9,수
2022-02-09,4호선,명동,16275,16716,32991,-441,2,9,수
2022-02-09,4호선,회현(남대문시장),22049,23352,45401,-1303,2,9,수
2022-02-09,4호선,서울역,10314,14148,24462,-3834,2,9,수
2022-02-09,4호선,숙대입구(갈월),11737,11545,23282,192,2,9,수
2022-02-09,4호선,삼각지,4612,4979,9591,-367,2,9,수
2022-02-09,4호선,신용산,15353,16126,31479,-773,2,9,수
2022-02-09,4호선,이촌(국립중앙박물관),7023,7819,14842,-796,2,9,수
2022-02-09,4호선,동작(현충원),1392,1570,2962,-178,2,9,수
2022-02-09,4호선,총신대입구(이수),17938,19321,37259,-1383,2,9,수
2022-02-09,4호선,사당,23071,18893,41964,4178,2,9,수
2022-02-09,4호선,남태령,1069,904,1973,165,2,9,수
2022-02-09,4호선,당고개,12004,10899,22903,1105,2,9,수
2022-02-09,4호선,상계,17717,16745,34462,972,2,9,수
2022-02-09,4호선,노원,17535,19609,37144,-2074,2,9,수
2022-02-09,4호선,창동,23690,25083,48773,-1393,2,9,수
2022-02-09,4호선,쌍문,27741,25764,53505,1977,2,9,수
2022-02-09,5호선,방화,6202,5904,12106,298,2,9,수
2022-02-09,5호선,개화산,5556,5263,10819,293,2,9,수
2022-02-09,5호선,김포공항,6767,6367,13134,400,2,9,수
2022-02-09,5호선,송정,6325,5958,12283,367,2,9,수
2022-02-09,5호선,마곡,10855,10722,21577,133,2,9,수
2022-02-09,5호선,발산,19586,19613,39199,-27,2,9,수
2022-02-09,5호선,우장산,13569,13688,27257,-119,2,9,수
2022-02-09,5호선,화곡,27272,25597,52869,1675,2,9,수
2022-02-09,5호선,까치산,27809,27100,54909,709,2,9,수
2022-02-09,5호선,신정(은행정),13616,11229,24845,2387,2,9,수
2022-02-09,5호선,목동,16206,17624,33830,-1418,2,9,수
2022-02-09,5호선,오목교(목동운동장앞),20573,22000,42573,-1427,2,9,수
2022-02-09,5호선,양평,7542,7501,15043,41,2,9,수
2022-02-09,5호선,영등포구청,3904,3951,7855,-47,2,9,수
2022-02-09,5호선,영등포시장,9745,9915,19660,-170,2,9,수
2022-02-09,5호선,신길,4006,4369,8375,-363,2,9,수
2022-02-09,5호선,여의도,28006,28668,56674,-662,2,9,수
2022-02-09,5호선,여의나루,8367,8996,17363,-629,2,9,수
2022-02-09,5호선,마포,14238,14506,28744,-268,2,9,수
2022-02-09,5호선,공덕,13443,14366,27809,-923,2,9,수
2022-02-09,5호선,애오개,6672,6885,13557,-213,2,9,수
2022-02-09,5호선,충정로(경기대입구),4765,4885,9650,-120,2,9,수
2022-02-09,5호선,서대문,18655,18176,36831,479,2,9,수
2022-02-09,5호선,광화문(세종문화회관),27844,27525,55369,319,2,9,수
2022-02-09,5호선,종로3가,11307,11069,22376,238,2,9,수
2022-02-09,5호선,을지로4가,6067,5633,11700,434,2,9,수
2022-02-09,5호선,동대문역사문화공원(DDP),2783,3152,5935,-369,2,9,수
2022-02-09,5호선,청구,4018,3673,7691,345,2,9,수
2022-02-09,5호선,신금호,6164,6447,12611,-283,2,9,수
2022-02-09,5호선,행당,7704,7136,14840,568,2,9,수
2022-02-09,5호선,왕십리(성동구청),4381,4891,9272,-510,2,9,수
2022-02-09,5호선,마장,5288,4993,10281,295,2,9,수
2022-02-09,5호선,답십리,15560,14408,29968,1152,2,9,수
2022-02-09,5호선,장한평,18240,18319,36559,-79,2,9,수
2022-02-09,5호선,군자(능동),10801,11828,22629,-1027,2,9,수
2022-02-09,5호선,아차산(어린이대공원후문),13872,13685,27557,187,2,9,수
2022-02-09,5호선,광나루(장신대),12327,11610,23937,717,2,9,수
2022-02-09,5호선,천호(풍납토성),17083,16904,33987,179,2,9,수
2022-02-09,5호선,강동,17660,17220,34880,440,2,9,수
2022-02-09,5호선,길동,7670,8075,15745,-405,2,9,수
2022-02-09,5호선,굽은다리(강동구민회관앞),9020,8854,17874,166,2,9,수
2022-02-09,5호선,명일,8139,8756,16895,-617,2,9,수
2022-02-09,5호선,고덕,9162,9863,19025,-701,2,9,수
2022-02-09,5호선,상일동,14679,14103,28782,576,2,9,수
2022-02-09,5호선,둔촌동,8346,8369,16715,-23,2,9,수
2022-02-09,5호선,올림픽공원(한국체대),3934,3584,7518,350,2,9,수
2022-02-09,5호선,방이,6980,7103,14083,-123,2,9,수
2022-02-09,5호선,오금,3547,3513,7060,34,2,9,수
2022-02-09,5호선,개롱,6268,6677,12945,-409,2,9,수
2022-02-09,5호선,거여,8962,8747,17709,215,2,9,수
2022-02-09,5호선,마천,6684,6640,13324,44,2,9,수
2022-02-09,5호선,강일,3837,3796,7633,41,2,9,수
2022-02-09,5호선,미사,15300,15290,30590,10,2,9,수
2022-02-09,5호선,하남풍산,4062,4082,8144,-20,2,9,수
2022-02-09,5호선,하남시청(덕풍·신장),6394,6287,12681,107,2,9,수
2022-02-09,5호선,하남검단산,5192,5046,10238,146,2,9,수
2022-02-09,6호선,응암,16772,16890,33662,-118,2,9,수
2022-02-09,6호선,역촌,3965,4642,8607,-677,2,9,수
2022-02-09,6호선,불광,4089,3975,8064,114,2,9,수
2022-02-09,6호선,독바위,2526,2696,5222,-170,2,9,수
2022-02-09,6호선,구산,7133,5530,12663,1603,2,9,수
2022-02-09,6호선,새절(신사),12237,11583,23820,654,2,9,수
2022-02-09,6호선,증산(명지대앞),9718,9776,19494,-58,2,9,수
2022-02-09,6호선,디지털미디어시티,13223,14548,27771,-1325,2,9,수
2022-02-09,6호선,월드컵경기장(성산),3789,3969,7758,-180,2,9,수
2022-02-09,6호선,마포구청,13657,12652,26309,1005,2,9,수
2022-02-09,6호선,망원,13208,13933,27141,-725,2,9,수
2022-02-09,6호선,상수,7432,8258,15690,-826,2,9,수
2022-02-09,6호선,광흥창(서강),8654,8558,17212,96,2,9,수
2022-02-09,6호선,대흥(서강대앞),7599,7958,15557,-359,2,9,수
2022-02-09,6호선,공덕,17922,17228,35150,694,2,9,수
2022-02-09,6호선,효창공원앞,6516,6000,12516,516,2,9,수
2022-02-09,6호선,삼각지,5724,5083,10807,641,2,9,수
2022-02-09,6호선,녹사평(용산구청),4067,4088,8155,-21,2,9,수
2022-02-09,6호선,이태원,8512,8620,17132,-108,2,9,수
2022-02-09,6호선,한강진,6857,7692,14549,-835,2,9,수
2022-02-09,6호선,버티고개,1847,1959,3806,-112,2,9,수
2022-02-09,6호선,약수,3427,3380,6807,47,2,9,수
2022-02-09,6호선,청구,3688,3985,7673,-297,2,9,수
2022-02-09,6호선,신당,7292,7767,15059,-475,2,9,수
2022-02-09,6호선,동묘앞,7225,7322,14547,-97,2,9,수
2022-02-09,6호선,창신,3148,2619,5767,529,2,9,수
2022-02-09,6호선,보문,6952,6424,13376,528,2,9,수
2022-02-09,6호선,안암(고대병원앞),9300,9253,18553,47,2,9,수
2022-02-09,6호선,고려대(종암),7209,7269,14478,-60,2,9,수
2022-02-09,6호선,월곡(동덕여대),10990,11029,22019,-39,2,9,수
2022-02-09,6호선,상월곡(한국과학기술연구원),5885,5325,11210,560,2,9,수
2022-02-09,6호선,돌곶이,9009,8624,17633,385,2,9,수
2022-02-09,6호선,석계,11442,11906,23348,-464,2,9,수
2022-02-09,6호선,태릉입구,5128,5596,10724,-468,2,9,수
2022-02-09,6호선,화랑대(서울여대입구),10991,8656,19647,2335,2,9,수
2022-02-09,6호선,봉화산(서울의료원),8573,8027,16600,546,2,9,수
2022-02-09,7호선,도봉산,9172,9935,19107,-763,2,9,수
2022-02-09,7호선,수락산,11944,11825,23769,119,2,9,수
2022-02-09,7호선,마들,12315,11796,24111,519,2,9,수
2022-02-09,7호선,노원,18325,19129,37454,-804,2,9,수
2022-02-09,7호선,중계,13693,12569,26262,1124,2,9,수
2022-02-09,7호선,하계,17046,16096,33142,950,2,9,수
2022-02-09,7호선,공릉(서울과학기술대),11014,10930,21944,84,2,9,수
2022-02-09,7호선,태릉입구,8017,7503,15520,514,2,9,수
2022-02-09,7호선,먹골,9766,9643,19409,123,2,9,수
2022-02-09,7호선,중화,10364,10254,20618,110,2,9,수
2022-02-09,7호선,상봉(시외버스터미널),16055,14984,31039,1071,2,9,수
2022-02-09,7호선,면목,14692,14554,29246,138,2,9,수
2022-02-09,7호선,사가정,15644,15508,31152,136,2,9,수
2022-02-09,7호선,용마산(용마폭포공원),5719,5641,11360,78,2,9,수
2022-02-09,7호선,중곡,10382,9901,20283,481,2,9,수
2022-02-09,7호선,군자(능동),14562,11818,26380,2744,2,9,수
2022-02-09,7호선,어린이대공원(세종대),11368,11226,22594,142,2,9,수
2022-02-09,7호선,건대입구,11418,11653,23071,-235,2,9,수
2022-02-09,7호선,뚝섬유원지,7032,6892,13924,140,2,9,수
2022-02-09,7호선,청담,18975,21140,40115,-2165,2,9,수
2022-02-09,7호선,강남구청,16271,17839,34110,-1568,2,9,수
2022-02-09,7호선,학동,24563,25887,50450,-1324,2,9,수
2022-02-09,7호선,논현,19883,21381,41264,-1498,2,9,수
2022-02-09,7호선,반포,5590,5365,10955,225,2,9,수
2022-02-09,7호선,고속터미널,13854,12228,26082,1626,2,9,수
2022-02-09,7호선,내방,14363,14549,28912,-186,2,9,수
2022-02-09,7호선,이수,15134,14684,29818,450,2,9,수
2022-02-09,7호선,남성,10565,9874,20439,691,2,9,수
2022-02-09,7호선,숭실대입구(살피재),10868,11087,21955,-219,2,9,수
2022-02-09,7호선,상도,10082,9901,19983,181,2,9,수
2022-02-09,7호선,장승배기,8703,8615,17318,88,2,9,수
2022-02-09,7호선,신대방삼거리,15886,15502,31388,384,2,9,수
2022-02-09,7호선,보라매,9380,9392,18772,-12,2,9,수
2022-02-09,7호선,신풍,11160,10665,21825,495,2,9,수
2022-02-09,7호선,대림(구로구청),7209,7207,14416,2,2,9,수
2022-02-09,7호선,남구로,15594,16449,32043,-855,2,9,수
2022-02-09,7호선,가산디지털단지,45828,45986,91814,-158,2,9,수
2022-02-09,7호선,철산,19781,20097,39878,-316,2,9,수
2022-02-09,7호선,광명사거리,20992,20836,41828,156,2,9,수
2022-02-09,7호선,천왕,11158,10645,21803,513,2,9,수
2022-02-09,7호선,온수(성공회대입구),9979,9216,19195,763,2,9,수
2022-02-09,7호선,까치울,1,0,1,1,2,9,수
2022-02-09,7호선,춘의,1,0,1,1,2,9,수
2022-02-09,7호선,부천시청,1,0,1,1,2,9,수
2022-02-09,7호선,상동,1,0,1,1,2,9,수
2022-02-09,7호선,부평구청,1,0,1,1,2,9,수
2022-02-09,8호선,암사,18633,16418,35051,2215,2,9,수
2022-02-09,8호선,천호(풍납토성),14427,16205,30632,-1778,2,9,수
2022-02-09,8호선,강동구청,10375,10844,21219,-469,2,9,수
2022-02-09,8호선,몽촌토성(평화의문),5840,5894,11734,-54,2,9,수
2022-02-09,8호선,잠실(송파구청),12994,14737,27731,-1743,2,9,수
2022-02-09,8호선,석촌,7615,8579,16194,-964,2,9,수
2022-02-09,8호선,송파,7433,7510,14943,-77,2,9,수
2022-02-09,8호선,가락시장,7494,8183,15677,-689,2,9,수
2022-02-09,8호선,문정,22338,23456,45794,-1118,2,9,수
2022-02-09,8호선,장지,16709,16122,32831,587,2,9,수
2022-02-09,8호선,복정,9035,7730,16765,1305,2,9,수
2022-02-09,8호선,산성,5045,5048,10093,-3,2,9,수
2022-02-09,8호선,남한산성입구(성남법원.검찰청),13072,11992,25064,1080,2,9,수
2022-02-09,8호선,단대오거리,10338,10140,20478,198,2,9,수
2022-02-09,8호선,신흥,4036,4490,8526,-454,2,9,수
2022-02-09,8호선,수진,5107,4723,9830,384,2,9,수
2022-02-09,8호선,모란,5596,4369,9965,1227,2,9,수
2022-02-09,8호선,남위례,3937,4204,8141,-267,2,9,수
2022-02-09,9호선,개화,2390,1648,4038,742,2,9,수
2022-02-09,9호선,김포공항,6727,10426,17153,-3699,2,9,수
2022-02-09,9호선,공항시장,2912,3130,6042,-218,2,9,수
2022-02-09,9호선,신방화,6472,6328,12800,144,2,9,수
2022-02-09,9호선,마곡나루(서울식물원),11447,11396,22843,51,2,9,수
2022-02-09,9호선,양천향교,9242,9566,18808,-324,2,9,수
2022-02-09,9호선,가양,19727,19274,39001,453,2,9,수
2022-02-09,9호선,증미,7128,7117,14245,11,2,9,수
2022-02-09,9호선,등촌,10977,10782,21759,195,2,9,수
2022-02-09,9호선,염창,16773,16459,33232,314,2,9,수
2022-02-09,9호선,신목동,3980,3542,7522,438,2,9,수
2022-02-09,9호선,선유도,8563,8251,16814,312,2,9,수
2022-02-09,9호선,당산,17422,17621,35043,-199,2,9,수
2022-02-09,9호선,국회의사당,16460,17043,33503,-583,2,9,수
2022-02-09,9호선,여의도,26732,25690,52422,1042,2,9,수
2022-02-09,9호선,샛강,5723,5911,11634,-188,2,9,수
2022-02-09,9호선,노량진,24687,23982,48669,705,2,9,수
2022-02-09,9호선,노들,4281,3754,8035,527,2,9,수
2022-02-09,9호선,흑석(중앙대입구),7634,8082,15716,-448,2,9,수
2022-02-09,9호선,동작(현충원),1940,1499,3439,441,2,9,수
2022-02-09,9호선,구반포,1325,1429,2754,-104,2,9,수
2022-02-09,9호선,신반포,3347,3112,6459,235,2,9,수
2022-02-09,9호선,고속터미널,10703,13862,24565,-3159,2,9,수
2022-02-09,9호선,사평,3255,3250,6505,5,2,9,수
2022-02-09,9호선,신논현,30175,29747,59922,428,2,9,수
2022-02-09,9호선2~3단계,언주,10640,10851,21491,-211,2,9,수
2022-02-09,9호선2~3단계,선정릉,9670,10502,20172,-832,2,9,수
2022-02-09,9호선2~3단계,삼성중앙,6690,7091,13781,-401,2,9,수
2022-02-09,9호선2~3단계,봉은사,16177,16754,32931,-577,2,9,수
2022-02-09,9호선2~3단계,종합운동장,4144,4188,8332,-44,2,9,수
2022-02-09,9호선2~3단계,삼전,6778,6603,13381,175,2,9,수
2022-02-09,9호선2~3단계,석촌고분,5961,5986,11947,-25,2,9,수
2022-02-09,9호선2~3단계,석촌,8247,7389,15636,858,2,9,수
2022-02-09,9호선2~3단계,송파나루,4761,5077,9838,-316,2,9,수
2022-02-09,9호선2~3단계,한성백제,2499,2275,4774,224,2,9,수
2022-02-09,9호선2~3단계,올림픽공원(한국체대),5667,5485,11152,182,2,9,수
2022-02-09,9호선2~3단계,둔촌오륜,1118,1062,2180,56,2,9,수
2022-02-09,9호선2~3단계,중앙보훈병원,10756,9468,20224,1288,2,9,수
2022-02-09,경강선,판교,4419,4341,8760,78,2,9,수
2022-02-09,경강선,이매,995,839,1834,156,2,9,수
2022-02-09,경강선,삼동,2304,2141,4445,163,2,9,수
2022-02-09,경강선,경기광주,7204,6782,13986,422,2,9,수
2022-02-09,경강선,초월,2870,2832,5702,38,2,9,수
2022-02-09,경강선,곤지암,2002,1909,3911,93,2,9,수
2022-02-09,경강선,신둔도예촌,1235,1246,2481,-11,2,9,수
2022-02-09,경강선,이천,2195,2246,4441,-51,2,9,수
2022-02-09,경강선,부발,1778,1686,3464,92,2,9,수
2022-02-09,경강선,세종대왕릉,283,289,572,-6,2,9,수
2022-02-09,경강선,여주,1659,1693,3352,-34,2,9,수
2022-02-09,경부선,서울역,4833,1582,6415,3251,2,9,수
2022-02-09,경부선,남영,8442,8753,17195,-311,2,9,수
2022-02-09,경부선,용산,29028,29153,58181,-125,2,9,수
2022-02-09,경부선,노량진,7444,7554,14998,-110,2,9,수
2022-02-09,경부선,대방,12221,12623,24844,-402,2,9,수
2022-02-09,경부선,영등포,33562,34141,67703,-579,2,9,수
2022-02-09,경부선,신도림,4106,3873,7979,233,2,9,수
2022-02-09,경부선,신길,8624,7304,15928,1320,2,9,수
2022-02-09,경부선,구로,17935,18115,36050,-180,2,9,수
2022-02-09,경부선,가산디지털단지,18108,20828,38936,-2720,2,9,수
2022-02-09,경부선,금천구청,11436,11428,22864,8,2,9,수
2022-02-09,경부선,석수,9158,8264,17422,894,2,9,수
2022-02-09,경부선,관악,6917,6495,13412,422,2,9,수
2022-02-09,경부선,안양,19480,19603,39083,-123,2,9,수
2022-02-09,경부선,명학,8582,8456,17038,126,2,9,수
2022-02-09,경부선,금정,25056,25721,50777,-665,2,9,수
2022-02-09,경부선,군포,7599,7674,15273,-75,2,9,수
2022-02-09,경부선,의왕,8739,8697,17436,42,2,9,수
2022-02-09,경부선,성균관대,12900,12785,25685,115,2,9,수
2022-02-09,경부선,화서,7287,7154,14441,133,2,9,수
2022-02-09,경부선,수원,28594,29995,58589,-1401,2,9,수
2022-02-09,경부선,독산,18298,19153,37451,-855,2,9,수
2022-02-09,경부선,세류,2709,2448,5157,261,2,9,수
2022-02-09,경부선,병점,12492,12457,24949,35,2,9,수
2022-02-09,경부선,세마,2600,2406,5006,194,2,9,수
2022-02-09,경부선,오산대,2913,2749,5662,164,2,9,수
2022-02-09,경부선,오산,8272,8375,16647,-103,2,9,수
2022-02-09,경부선,진위,1502,1322,2824,180,2,9,수
2022-02-09,경부선,송탄,3672,3556,7228,116,2,9,수
2022-02-09,경부선,서정리,5739,5412,11151,327,2,9,수
2022-02-09,경부선,평택지제,2915,2844,5759,71,2,9,수
2022-02-09,경부선,평택,9432,9481,18913,-49,2,9,수
2022-02-09,경부선,성환,2658,2727,5385,-69,2,9,수
2022-02-09,경부선,직산,681,712,1393,-31,2,9,수
2022-02-09,경부선,두정,4297,4174,8471,123,2,9,수
2022-02-09,경부선,천안,3926,4151,8077,-225,2,9,수
2022-02-09,경부선,당정,5728,5534,11262,194,2,9,수
2022-02-09,경부선,서동탄,1286,1129,2415,157,2,9,수
2022-02-09,경부선,광명,2968,2555,5523,413,2,9,수
2022-02-09,경원선,이촌(국립중앙박물관),3511,2730,6241,781,2,9,수
2022-02-09,경원선,서빙고,1920,1835,3755,85,2,9,수
2022-02-09,경원선,한남,3958,3694,7652,264,2,9,수
2022-02-09,경원선,옥수,41,33,74,8,2,9,수
2022-02-09,경원선,응봉,1725,1495,3220,230,2,9,수
2022-02-09,경원선,왕십리(성동구청),12508,14102,26610,-1594,2,9,수
2022-02-09,경원선,청량리(서울시립대입구),12811,13400,26211,-589,2,9,수
2022-02-09,경원선,외대앞,6600,6639,13239,-39,2,9,수
2022-02-09,경원선,신이문,7864,7487,15351,377,2,9,수
2022-02-09,경원선,석계,7426,8376,15802,-950,2,9,수
2022-02-09,경원선,월계,5760,5584,11344,176,2,9,수
2022-02-09,경원선,녹천,4483,3817,8300,666,2,9,수
2022-02-09,경원선,방학,9212,9055,18267,157,2,9,수
2022-02-09,경원선,도봉,5845,5661,11506,184,2,9,수
2022-02-09,경원선,도봉산,6567,4549,11116,2018,2,9,수
2022-02-09,경원선,망월사,6866,7160,14026,-294,2,9,수
2022-02-09,경원선,회룡,11957,11767,23724,190,2,9,수
2022-02-09,경원선,의정부,16813,17190,34003,-377,2,9,수
2022-02-09,경원선,가능,5994,5823,11817,171,2,9,수
2022-02-09,경원선,녹양,4370,4179,8549,191,2,9,수
2022-02-09,경원선,양주,6955,6599,13554,356,2,9,수
2022-02-09,경원선,덕계,2852,2526,5378,326,2,9,수
2022-02-09,경원선,덕정,4813,4700,9513,113,2,9,수
2022-02-09,경원선,지행,5695,5565,11260,130,2,9,수
2022-02-09,경원선,동두천중앙,2722,2622,5344,100,2,9,수
2022-02-09,경원선,보산,1224,1146,2370,78,2,9,수
2022-02-09,경원선,동두천,1846,2044,3890,-198,2,9,수
2022-02-09,경원선,소요산,2180,1910,4090,270,2,9,수
2022-02-09,경의선,서울역,3974,5071,9045,-1097,2,9,수
2022-02-09,경의선,신촌,753,978,1731,-225,2,9,수
2022-02-09,경의선,효창공원앞,2862,3273,6135,-411,2,9,수
2022-02-09,경의선,공덕,3291,3078,6369,213,2,9,수
2022-02-09,경의선,서강대,1974,1837,3811,137,2,9,수
2022-02-09,경의선,홍대입구,1541,1753,3294,-212,2,9,수
2022-02-09,경의선,가좌,5036,4882,9918,154,2,9,수
2022-02-09,경의선,디지털미디어시티,2288,2084,4372,204,2,9,수
2022-02-09,경의선,수색,2738,2853,5591,-115,2,9,수
2022-02-09,경의선,화전,1301,1222,2523,79,2,9,수
2022-02-09,경의선,강매,3112,2699,5811,413,2,9,수
2022-02-09,경의선,행신,7179,7313,14492,-134,2,9,수
2022-02-09,경의선,능곡,3535,3222,6757,313,2,9,수
2022-02-09,경의선,곡산,601,618,1219,-17,2,9,수
2022-02-09,경의선,백마,6384,6169,12553,215,2,9,수
2022-02-09,경의선,풍산,5080,4832,9912,248,2,9,수
2022-02-09,경의선,일산,8616,8509,17125,107,2,9,수
2022-02-09,경의선,탄현,7195,7058,14253,137,2,9,수
2022-02-09,경의선,야당,6805,6769,13574,36,2,9,수
2022-02-09,경의선,운정,6392,5929,12321,463,2,9,수
2022-02-09,경의선,금릉,4379,4100,8479,279,2,9,수
2022-02-09,경의선,금촌,5720,5719,11439,1,2,9,수
2022-02-09,경의선,월롱,2238,2102,4340,136,2,9,수
2022-02-09,경의선,파주,899,690,1589,209,2,9,수
2022-02-09,경의선,문산,4763,4715,9478,48,2,9,수
2022-02-09,경의선,임진강,7,17,24,-10,2,9,수
2022-02-09,경인선,개봉,20553,20392,40945,161,2,9,수
2022-02-09,경인선,오류동,11324,10762,22086,562,2,9,수
2022-02-09,경인선,역곡,24958,25196,50154,-238,2,9,수
2022-02-09,경인선,부천,29912,29832,59744,80,2,9,수
2022-02-09,경인선,송내,25330,25238,50568,92,2,9,수
2022-02-09,경인선,부평,26564,27808,54372,-1244,2,9,수
2022-02-09,경인선,백운,6325,6386,12711,-61,2,9,수
2022-02-09,경인선,동암,13558,13641,27199,-83,2,9,수
2022-02-09,경인선,주안,16849,15371,32220,1478,2,9,수
2022-02-09,경인선,제물포,9682,9184,18866,498,2,9,수
2022-02-09,경인선,동인천,13027,12358,25385,669,2,9,수
2022-02-09,경인선,인천,3024,2332,5356,692,2,9,수
2022-02-09,경인선,구일,5939,6009,11948,-70,2,9,수
2022-02-09,경인선,소사,7939,7713,15652,226,2,9,수
2022-02-09,경인선,부개,8061,7573,15634,488,2,9,수
2022-02-09,경인선,간석,5570,5270,10840,300,2,9,수
2022-02-09,경인선,도원,2292,2366,4658,-74,2,9,수
2022-02-09,경인선,온수(성공회대입구),6145,5962,12107,183,2,9,수
2022-02-09,경인선,중동,8759,8338,17097,421,2,9,수
2022-02-09,경인선,도화,3868,3644,7512,224,2,9,수
2022-02-09,경춘선,신내,2003,1918,3921,85,2,9,수
2022-02-09,경춘선,갈매,2869,2563,5432,306,2,9,수
2022-02-09,경춘선,별내,3151,3025,6176,126,2,9,수
2022-02-09,경춘선,퇴계원,3357,3090,6447,267,2,9,수
2022-02-09,경춘선,사릉,2995,2926,5921,69,2,9,수
2022-02-09,경춘선,금곡,1351,1279,2630,72,2,9,수
2022-02-09,경춘선,평내호평,5672,5537,11209,135,2,9,수
2022-02-09,경춘선,천마산,1525,1387,2912,138,2,9,수
2022-02-09,경춘선,마석,3298,3319,6617,-21,2,9,수
2022-02-09,경춘선,대성리,419,360,779,59,2,9,수
2022-02-09,경춘선,청평,1339,1295,2634,44,2,9,수
2022-02-09,경춘선,상천,203,196,399,7,2,9,수
2022-02-09,경춘선,가평,1346,1373,2719,-27,2,9,수
2022-02-09,경춘선,굴봉산,134,163,297,-29,2,9,수
2022-02-09,경춘선,백양리,322,260,582,62,2,9,수
2022-02-09,경춘선,강촌,300,258,558,42,2,9,수
2022-02-09,경춘선,김유정,252,277,529,-25,2,9,수
2022-02-09,경춘선,남춘천,1871,1937,3808,-66,2,9,수
2022-02-09,경춘선,춘천,953,869,1822,84,2,9,수
2022-02-09,공항철도 1호선,서울역,6481,5892,12373,589,2,9,수
2022-02-09,공항철도 1호선,공덕,2235,2800,5035,-565,2,9,수
2022-02-09,공항철도 1호선,홍대입구,8545,8595,17140,-50,2,9,수
2022-02-09,공항철도 1호선,디지털미디어시티,13160,12053,25213,1107,2,9,수
2022-02-09,공항철도 1호선,마곡나루(서울식물원),8581,8272,16853,309,2,9,수
2022-02-09,공항철도 1호선,김포공항,11143,6215,17358,4928,2,9,수
2022-02-09,공항철도 1호선,계양,9657,8926,18583,731,2,9,수
2022-02-09,공항철도 1호선,검암,6304,6138,12442,166,2,9,수
2022-02-09,공항철도 1호선,청라국제도시,6385,6023,12408,362,2,9,수
2022-02-09,공항철도 1호선,운서,6101,6175,12276,-74,2,9,수
2022-02-09,공항철도 1호선,공항화물청사,2283,2422,4705,-139,2,9,수
2022-02-09,공항철도 1호선,인천공항1터미널,3191,3489,6680,-298,2,9,수
2022-02-09,공항철도 1호선,인천공항2터미널,1832,1876,3708,-44,2,9,수
2022-02-09,공항철도 1호선,영종,2704,2700,5404,4,2,9,수
2022-02-09,과천선,선바위,7605,6745,14350,860,2,9,수
2022-02-09,과천선,경마공원,1502,1553,3055,-51,2,9,수
2022-02-09,과천선,대공원,2417,2549,4966,-132,2,9,수
2022-02-09,과천선,과천,5861,5542,11403,319,2,9,수
2022-02-09,과천선,정부과천청사,9903,9965,19868,-62,2,9,수
2022-02-09,과천선,인덕원,22849,24120,46969,-1271,2,9,수
2022-02-09,과천선,평촌,17279,16975,34254,304,2,9,수
2022-02-09,과천선,범계,24085,23716,47801,369,2,9,수
2022-02-09,분당선,선릉,13323,19901,33224,-6578,2,9,수
2022-02-09,분당선,한티,13960,15133,29093,-1173,2,9,수
2022-02-09,분당선,도곡,6722,6682,13404,40,2,9,수
2022-02-09,분당선,구룡,2093,2089,4182,4,2,9,수
2022-02-09,분당선,개포동,3770,3940,7710,-170,2,9,수
2022-02-09,분당선,대모산입구,4324,4121,8445,203,2,9,수
2022-02-09,분당선,수서,12769,13122,25891,-353,2,9,수
2022-02-09,분당선,복정,1,0,1,1,2,9,수
2022-02-09,분당선,수원,7392,6229,13621,1163,2,9,수
2022-02-09,분당선,압구정로데오,18098,19511,37609,-1413,2,9,수
2022-02-09,분당선,강남구청,10225,11527,21752,-1302,2,9,수
2022-02-09,분당선,선정릉,8194,8653,16847,-459,2,9,수
2022-02-09,분당선,가천대,6093,7037,13130,-944,2,9,수
2022-02-09,분당선,태평,13103,12594,25697,509,2,9,수
2022-02-09,분당선,모란,23422,24478,47900,-1056,2,9,수
2022-02-09,분당선,야탑,25356,26031,51387,-675,2,9,수
2022-02-09,분당선,서현,23673,23773,47446,-100,2,9,수
2022-02-09,분당선,수내,13162,13095,26257,67,2,9,수
2022-02-09,분당선,정자,16421,17624,34045,-1203,2,9,수
2022-02-09,분당선,미금,15126,16156,31282,-1030,2,9,수
2022-02-09,분당선,오리,11502,9552,21054,1950,2,9,수
2022-02-09,분당선,이매,5297,5191,10488,106,2,9,수
2022-02-09,분당선,보정,2307,2105,4412,202,2,9,수
2022-02-09,분당선,죽전,12419,13505,25924,-1086,2,9,수
2022-02-09,분당선,구성,4874,5213,10087,-339,2,9,수
2022-02-09,분당선,신갈,4250,4336,8586,-86,2,9,수
2022-02-09,분당선,기흥,9003,8508,17511,495,2,9,수
2022-02-09,분당선,상갈,5161,4885,10046,276,2,9,수
2022-02-09,분당선,청명,3943,3829,7772,114,2,9,수
2022-02-09,분당선,영통,7599,7570,15169,29,2,9,수
2022-02-09,분당선,망포,13472,12774,26246,698,2,9,수
2022-02-09,분당선,매탄권선,4480,4404,8884,76,2,9,수
2022-02-09,분당선,수원시청,11885,12646,24531,-761,2,9,수
2022-02-09,분당선,매교,2621,2678,5299,-57,2,9,수
2022-02-09,수인선,고색,4479,4126,8605,353,2,9,수
2022-02-09,수인선,오목천,2477,2436,4913,41,2,9,수
2022-02-09,수인선,어천,651,651,1302,0,2,9,수
2022-02-09,수인선,야목,312,243,555,69,2,9,수
2022-02-09,수인선,사리,4059,3726,7785,333,2,9,수
2022-02-09,수인선,달월,92,51,143,41,2,9,수
2022-02-09,수인선,월곶,2468,2326,4794,142,2,9,수
2022-02-09,수인선,소래포구,4325,4039,8364,286,2,9,수
2022-02-09,수인선,인천논현,5134,5454,10588,-320,2,9,수
2022-02-09,수인선,호구포,3783,4021,7804,-238,2,9,수
2022-02-09,수인선,남동인더스파크,2298,2559,4857,-261,2,9,수
2022-02-09,수인선,원인재,4087,4287,8374,-200,2,9,수
2022-02-09,수인선,연수,3947,3969,7916,-22,2,9,수
2022-02-09,수인선,송도,2331,2221,4552,110,2,9,수
2022-02-09,수인선,인하대,5112,4854,9966,258,2,9,수
2022-02-09,수인선,숭의,3762,3541,7303,221,2,9,수
2022-02-09,수인선,신포,1610,1570,3180,40,2,9,수
2022-02-09,수인선,인천,918,1512,2430,-594,2,9,수
2022-02-09,안산선,산본,14857,15828,30685,-971,2,9,수
2022-02-09,안산선,대야미,4695,4260,8955,435,2,9,수
2022-02-09,안산선,반월,3979,3843,7822,136,2,9,수
2022-02-09,안산선,상록수,14434,14835,29269,-401,2,9,수
2022-02-09,안산선,한대앞,7896,8074,15970,-178,2,9,수
2022-02-09,안산선,중앙,15899,16222,32121,-323,2,9,수
2022-02-09,안산선,고잔,8264,7828,16092,436,2,9,수
2022-02-09,안산선,초지,4105,4268,8373,-163,2,9,수
2022-02-09,안산선,안산,10553,9565,20118,988,2,9,수
2022-02-09,안산선,신길온천,1560,1440,3000,120,2,9,수
2022-02-09,안산선,정왕,6911,7429,14340,-518,2,9,수
2022-02-09,안산선,오이도,7333,7139,14472,194,2,9,수
2022-02-09,안산선,수리산,3883,3277,7160,606,2,9,수
2022-02-09,우이신설선,북한산우이,2571,2289,4860,282,2,9,수
2022-02-09,우이신설선,솔밭공원,2455,2355,4810,100,2,9,수
2022-02-09,우이신설선,4.19민주묘지,2767,2571,5338,196,2,9,수
2022-02-09,우이신설선,가오리,4064,4077,8141,-13,2,9,수
2022-02-09,우이신설선,화계,3316,3244,6560,72,2,9,수
2022-02-09,우이신설선,삼양,1933,2044,3977,-111,2,9,수
2022-02-09,우이신설선,삼양사거리,2417,2453,4870,-36,2,9,수
2022-02-09,우이신설선,솔샘,5718,5441,11159,277,2,9,수
2022-02-09,우이신설선,북한산보국문,5748,5556,11304,192,2,9,수
2022-02-09,우이신설선,정릉,4405,4137,8542,268,2,9,수
2022-02-09,우이신설선,성신여대입구(돈암),3128,3314,6442,-186,2,9,수
2022-02-09,우이신설선,보문,1441,1464,2905,-23,2,9,수
2022-02-09,우이신설선,신설동,2164,2129,4293,35,2,9,수
2022-02-09,일산선,원흥,9907,9480,19387,427,2,9,수
2022-02-09,일산선,삼송,18373,18096,36469,277,2,9,수
2022-02-09,일산선,원당,10313,9932,20245,381,2,9,수
2022-02-09,일산선,화정,15963,16357,32320,-394,2,9,수
2022-02-09,일산선,대곡,1800,1474,3274,326,2,9,수
2022-02-09,일산선,백석,9098,9122,18220,-24,2,9,수
2022-02-09,일산선,마두,7094,7408,14502,-314,2,9,수
2022-02-09,일산선,정발산,6922,6798,13720,124,2,9,수
2022-02-09,일산선,주엽,8397,8496,16893,-99,2,9,수
2022-02-09,일산선,대화,11834,9462,21296,2372,2,9,수
2022-02-09,장항선,봉명,1171,1170,2341,1,2,9,수
2022-02-09,장항선,쌍용(나사렛대),1630,1522,3152,108,2,9,수
2022-02-09,장항선,아산,2290,2048,4338,242,2,9,수
2022-02-09,장항선,탕정,462,449,911,13,2,9,수
2022-02-09,장항선,배방,858,857,1715,1,2,9,수
2022-02-09,장항선,온양온천,3823,3811,7634,12,2,9,수
2022-02-09,장항선,신창(순천향대),856,839,1695,17,2,9,수
2022-02-09,중앙선,회기,21801,21317,43118,484,2,9,수
2022-02-09,중앙선,중랑,5329,5158,10487,171,2,9,수
2022-02-09,중앙선,상봉(시외버스터미널),5444,5454,10898,-10,2,9,수
2022-02-09,중앙선,망우,7071,7077,14148,-6,2,9,수
2022-02-09,중앙선,양원,2151,2126,4277,25,2,9,수
2022-02-09,중앙선,구리,12380,12593,24973,-213,2,9,수
2022-02-09,중앙선,도농,10006,9128,19134,878,2,9,수
2022-02-09,중앙선,양정,681,607,1288,74,2,9,수
2022-02-09,중앙선,덕소,5075,5100,10175,-25,2,9,수
2022-02-09,중앙선,도심,2166,1686,3852,480,2,9,수
2022-02-09,중앙선,팔당,773,812,1585,-39,2,9,수
2022-02-09,중앙선,운길산,578,535,1113,43,2,9,수
2022-02-09,중앙선,양수,1590,1551,3141,39,2,9,수
2022-02-09,중앙선,신원,150,129,279,21,2,9,수
2022-02-09,중앙선,국수,524,553,1077,-29,2,9,수
2022-02-09,중앙선,아신,422,420,842,2,2,9,수
2022-02-09,중앙선,오빈,262,261,523,1,2,9,수
2022-02-10,2호선,방배,15633,16324,31957,-691,2,10,목
2022-02-10,2호선,사당,34149,37006,71155,-2857,2,10,목
2022-02-10,2호선,낙성대(강감찬),25718,25095,50813,623,2,10,목
2022-02-10,2호선,서울대입구(관악구청),44317,43729,88046,588,2,10,목
2022-02-10,2호선,봉천,22469,21310,43779,1159,2,10,목
2022-02-10,2호선,신림,59971,58842,118813,1129,2,10,목
2022-02-10,2호선,신대방,25176,24604,49780,572,2,10,목
2022-02-10,2호선,구로디지털단지,57568,57393,114961,175,2,10,목
2022-02-10,2호선,대림(구로구청),22547,23187,45734,-640,2,10,목
2022-02-10,2호선,신도림,44378,43888,88266,490,2,10,목
2022-02-10,2호선,문래,20638,20928,41566,-290,2,10,목
2022-02-10,2호선,영등포구청,22273,22802,45075,-529,2,10,목
2022-02-10,2호선,당산,17549,20149,37698,-2600,2,10,목
2022-02-10,2호선,합정,29012,30191,59203,-1179,2,10,목
2022-02-10,2호선,홍대입구,48587,49601,98188,-1014,2,10,목
2022-02-10,2호선,신촌,29376,30281,59657,-905,2,10,목
2022-02-10,2호선,이대,11737,12411,24148,-674,2,10,목
2022-02-10,2호선,아현,9609,9199,18808,410,2,10,목
2022-02-10,2호선,충정로(경기대입구),9468,10059,19527,-591,2,10,목
2022-02-10,2호선,용답,2530,2571,5101,-41,2,10,목
2022-02-10,2호선,신답,1549,1822,3371,-273,2,10,목
2022-02-10,2호선,신설동,3220,3242,6462,-22,2,10,목
2022-02-10,2호선,도림천,1381,1415,2796,-34,2,10,목
2022-02-10,2호선,양천구청,6543,6866,13409,-323,2,10,목
2022-02-10,2호선,신정네거리,9903,10217,20120,-314,2,10,목
2022-02-10,2호선,용두(동대문구청),2210,2325,4535,-115,2,10,목
2022-02-10,3호선,지축,4326,4191,8517,135,2,10,목
2022-02-10,3호선,구파발,19465,18498,37963,967,2,10,목
2022-02-10,3호선,연신내,34948,33244,68192,1704,2,10,목
2022-02-10,3호선,불광,15563,16637,32200,-1074,2,10,목
2022-02-10,3호선,녹번,14644,13392,28036,1252,2,10,목
2022-02-10,3호선,홍제,16331,15692,32023,639,2,10,목
2022-02-10,3호선,무악재,3758,3743,7501,15,2,10,목
2022-02-10,3호선,독립문,6709,6886,13595,-177,2,10,목
2022-02-10,3호선,경복궁(정부서울청사),18191,18101,36292,90,2,10,목
2022-02-10,3호선,안국,18922,19038,37960,-116,2,10,목
2022-02-10,3호선,종로3가,9990,11284,21274,-1294,2,10,목
2022-02-10,3호선,을지로3가,9854,10102,19956,-248,2,10,목
2022-02-10,3호선,충무로,2,0,2,2,2,10,목
2022-02-10,3호선,동대입구,6951,7137,14088,-186,2,10,목
2022-02-10,3호선,약수,12273,11998,24271,275,2,10,목
2022-02-10,3호선,금호,7519,7161,14680,358,2,10,목
2022-02-10,3호선,옥수,8326,8637,16963,-311,2,10,목
2022-02-10,3호선,압구정,31082,32704,63786,-1622,2,10,목
2022-02-10,3호선,신사,30712,31763,62475,-1051,2,10,목
2022-02-10,3호선,잠원,4384,4368,8752,16,2,10,목
2022-02-10,3호선,고속터미널,35373,33881,69254,1492,2,10,목
2022-02-10,3호선,교대(법원.검찰청),13892,8973,22865,4919,2,10,목
2022-02-10,3호선,남부터미널(예술의전당),28151,28644,56795,-493,2,10,목
2022-02-10,3호선,양재(서초구청),37428,40471,77899,-3043,2,10,목
2022-02-10,3호선,매봉,12011,11584,23595,427,2,10,목
2022-02-10,3호선,도곡,5168,5395,10563,-227,2,10,목
2022-02-10,3호선,대치,10998,11062,22060,-64,2,10,목
2022-02-10,3호선,학여울,3082,3166,6248,-84,2,10,목
2022-02-10,3호선,대청,9754,9190,18944,564,2,10,목
2022-02-10,3호선,일원,10121,9843,19964,278,2,10,목
2022-02-10,3호선,수서,15874,16203,32077,-329,2,10,목
2022-02-10,3호선,가락시장,8582,8417,16999,165,2,10,목
2022-02-10,3호선,경찰병원,7083,7074,14157,9,2,10,목
2022-02-10,3호선,오금,5916,5404,11320,512,2,10,목
2022-02-10,4호선,수유(강북구청),31750,31967,63717,-217,2,10,목
2022-02-10,4호선,미아(서울사이버대학),14190,13947,28137,243,2,10,목
2022-02-10,4호선,미아사거리,25908,25399,51307,509,2,10,목
2022-02-10,4호선,길음,18877,18775,37652,102,2,10,목
2022-02-10,4호선,성신여대입구(돈암),18280,17734,36014,546,2,10,목
2022-02-10,4호선,한성대입구(삼선교),12138,11844,23982,294,2,10,목
2022-02-10,4호선,혜화,30074,30029,60103,45,2,10,목
2022-02-10,4호선,동대문,18131,18681,36812,-550,2,10,목
2022-02-10,4호선,동대문역사문화공원(DDP),13810,12431,26241,1379,2,10,목
2022-02-10,4호선,충무로,24714,25442,50156,-728,2,10,목
2022-02-10,4호선,명동,16216,16665,32881,-449,2,10,목
2022-02-10,4호선,회현(남대문시장),22300,23383,45683,-1083,2,10,목
2022-02-10,4호선,서울역,10352,14458,24810,-4106,2,10,목
2022-02-10,4호선,숙대입구(갈월),11815,11567,23382,248,2,10,목
2022-02-10,4호선,삼각지,5877,6011,11888,-134,2,10,목
2022-02-10,4호선,신용산,15261,16071,31332,-810,2,10,목
2022-02-10,4호선,이촌(국립중앙박물관),6848,7569,14417,-721,2,10,목
2022-02-10,4호선,동작(현충원),1471,1586,3057,-115,2,10,목
2022-02-10,4호선,총신대입구(이수),17693,19227,36920,-1534,2,10,목
2022-02-10,4호선,사당,22936,18752,41688,4184,2,10,목
2022-02-10,4호선,남태령,1078,978,2056,100,2,10,목
2022-02-10,4호선,당고개,12148,11104,23252,1044,2,10,목
2022-02-10,4호선,상계,17710,16783,34493,927,2,10,목
2022-02-10,4호선,노원,17572,19560,37132,-1988,2,10,목
2022-02-10,4호선,창동,23996,25478,49474,-1482,2,10,목
2022-02-10,4호선,쌍문,27659,25749,53408,1910,2,10,목
2022-02-10,5호선,방화,6266,6033,12299,233,2,10,목
2022-02-10,5호선,개화산,5311,5148,10459,163,2,10,목
2022-02-10,5호선,김포공항,6868,6602,13470,266,2,10,목
2022-02-10,5호선,송정,6266,5892,12158,374,2,10,목
2022-02-10,5호선,마곡,10894,10698,21592,196,2,10,목
2022-02-10,5호선,발산,19956,19893,39849,63,2,10,목
2022-02-10,5호선,우장산,13877,13782,27659,95,2,10,목
2022-02-10,5호선,화곡,27223,25591,52814,1632,2,10,목
2022-02-10,5호선,까치산,27868,27037,54905,831,2,10,목
2022-02-10,5호선,신정(은행정),13613,11189,24802,2424,2,10,목
2022-02-10,5호선,목동,15965,17435,33400,-1470,2,10,목
2022-02-10,5호선,오목교(목동운동장앞),20568,22048,42616,-1480,2,10,목
2022-02-10,5호선,양평,7342,7311,14653,31,2,10,목
2022-02-10,5호선,영등포구청,3894,3982,7876,-88,2,10,목
2022-02-10,5호선,영등포시장,9846,10070,19916,-224,2,10,목
2022-02-10,5호선,신길,4018,4329,8347,-311,2,10,목
2022-02-10,5호선,여의도,27767,28631,56398,-864,2,10,목
2022-02-10,5호선,여의나루,8455,9178,17633,-723,2,10,목
2022-02-10,5호선,마포,14041,14452,28493,-411,2,10,목
2022-02-10,5호선,공덕,13327,14022,27349,-695,2,10,목
2022-02-10,5호선,애오개,6739,6780,13519,-41,2,10,목
2022-02-10,5호선,충정로(경기대입구),4622,4706,9328,-84,2,10,목
2022-02-10,5호선,서대문,18455,18556,37011,-101,2,10,목
2022-02-10,5호선,광화문(세종문화회관),27256,27784,55040,-528,2,10,목
2022-02-10,5호선,종로3가,11476,11288,22764,188,2,10,목
2022-02-10,5호선,을지로4가,6094,5950,12044,144,2,10,목
2022-02-10,5호선,동대문역사문화공원(DDP),2766,3278,6044,-512,2,10,목
2022-02-10,5호선,청구,4017,3511,7528,506,2,10,목
2022-02-10,5호선,신금호,6305,6693,12998,-388,2,10,목
2022-02-10,5호선,행당,7618,6912,14530,706,2,10,목
2022-02-10,5호선,왕십리(성동구청),4315,4737,9052,-422,2,10,목
2022-02-10,5호선,마장,5310,4808,10118,502,2,10,목
2022-02-10,5호선,답십리,15410,14256,29666,1154,2,10,목
2022-02-10,5호선,장한평,18104,18062,36166,42,2,10,목
2022-02-10,5호선,군자(능동),10701,11646,22347,-945,2,10,목
2022-02-10,5호선,아차산(어린이대공원후문),13709,13329,27038,380,2,10,목
2022-02-10,5호선,광나루(장신대),12490,11635,24125,855,2,10,목
2022-02-10,5호선,천호(풍납토성),16918,16749,33667,169,2,10,목
2022-02-10,5호선,강동,17925,17258,35183,667,2,10,목
2022-02-10,5호선,길동,7687,8098,15785,-411,2,10,목
2022-02-10,5호선,굽은다리(강동구민회관앞),9121,8707,17828,414,2,10,목
2022-02-10,5호선,명일,8002,8336,16338,-334,2,10,목
2022-02-10,5호선,고덕,9131,9167,18298,-36,2,10,목
2022-02-10,5호선,상일동,14354,13397,27751,957,2,10,목
2022-02-10,5호선,둔촌동,8427,8523,16950,-96,2,10,목
2022-02-10,5호선,올림픽공원(한국체대),3983,3504,7487,479,2,10,목
2022-02-10,5호선,방이,7036,7282,14318,-246,2,10,목
2022-02-10,5호선,오금,3622,3572,7194,50,2,10,목
2022-02-10,5호선,개롱,6108,6457,12565,-349,2,10,목
2022-02-10,5호선,거여,8984,8590,17574,394,2,10,목
2022-02-10,5호선,마천,6589,6509,13098,80,2,10,목
2022-02-10,5호선,강일,3726,3681,7407,45,2,10,목
2022-02-10,5호선,미사,15181,15039,30220,142,2,10,목
2022-02-10,5호선,하남풍산,4007,4046,8053,-39,2,10,목
2022-02-10,5호선,하남시청(덕풍·신장),5878,5861,11739,17,2,10,목
2022-02-10,5호선,하남검단산,5137,5004,10141,133,2,10,목
2022-02-10,6호선,응암,16695,16797,33492,-102,2,10,목
2022-02-10,6호선,역촌,3650,4233,7883,-583,2,10,목
2022-02-10,6호선,불광,4000,3919,7919,81,2,10,목
2022-02-10,6호선,독바위,2611,2723,5334,-112,2,10,목
2022-02-10,6호선,연신내,1,0,1,1,2,10,목
2022-02-10,6호선,구산,7223,5634,12857,1589,2,10,목
2022-02-10,6호선,새절(신사),12095,11423,23518,672,2,10,목
2022-02-10,6호선,증산(명지대앞),9599,9673,19272,-74,2,10,목
2022-02-10,6호선,디지털미디어시티,13088,14402,27490,-1314,2,10,목
2022-02-10,6호선,월드컵경기장(성산),3761,3929,7690,-168,2,10,목
2022-02-10,6호선,마포구청,13584,12273,25857,1311,2,10,목
2022-02-10,6호선,망원,13384,14367,27751,-983,2,10,목
2022-02-10,6호선,합정,12038,11673,23711,365,2,10,목
2022-02-10,6호선,상수,7471,8293,15764,-822,2,10,목
2022-02-10,6호선,광흥창(서강),8606,8456,17062,150,2,10,목
2022-02-10,6호선,대흥(서강대앞),7562,7818,15380,-256,2,10,목
2022-02-10,6호선,공덕,17463,16952,34415,511,2,10,목
2022-02-10,6호선,효창공원앞,6512,5902,12414,610,2,10,목
2022-02-10,6호선,삼각지,5886,5181,11067,705,2,10,목
2022-02-10,6호선,녹사평(용산구청),4193,4147,8340,46,2,10,목
2022-02-10,6호선,이태원,8548,8443,16991,105,2,10,목
2022-02-10,6호선,한강진,7067,7956,15023,-889,2,10,목
2022-02-10,6호선,버티고개,1937,1977,3914,-40,2,10,목
2022-02-10,6호선,약수,3427,3366,6793,61,2,10,목
2022-02-10,6호선,청구,3653,3994,7647,-341,2,10,목
2022-02-10,6호선,신당,7264,7724,14988,-460,2,10,목
2022-02-10,6호선,동묘앞,7405,7443,14848,-38,2,10,목
2022-02-10,6호선,창신,3136,2600,5736,536,2,10,목
2022-02-10,6호선,보문,6845,6349,13194,496,2,10,목
2022-02-10,6호선,안암(고대병원앞),9138,9132,18270,6,2,10,목
2022-02-10,6호선,고려대(종암),7188,7022,14210,166,2,10,목
2022-02-10,6호선,월곡(동덕여대),10945,10909,21854,36,2,10,목
2022-02-10,6호선,상월곡(한국과학기술연구원),5765,5281,11046,484,2,10,목
2022-02-10,6호선,돌곶이,8974,8305,17279,669,2,10,목
2022-02-10,6호선,석계,11471,11826,23297,-355,2,10,목
2022-02-10,6호선,태릉입구,5105,5631,10736,-526,2,10,목
2022-02-10,6호선,화랑대(서울여대입구),10960,8704,19664,2256,2,10,목
2022-02-10,6호선,봉화산(서울의료원),8509,8024,16533,485,2,10,목
2022-02-10,7호선,장암,2135,785,2920,1350,2,10,목
2022-02-10,7호선,도봉산,9246,9995,19241,-749,2,10,목
2022-02-10,7호선,수락산,12009,11866,23875,143,2,10,목
2022-02-10,7호선,마들,12164,11701,23865,463,2,10,목
2022-02-10,7호선,노원,18751,19313,38064,-562,2,10,목
2022-02-10,7호선,중계,13649,12437,26086,1212,2,10,목
2022-02-10,7호선,하계,16701,15879,32580,822,2,10,목
2022-02-10,7호선,공릉(서울과학기술대),10955,10986,21941,-31,2,10,목
2022-02-10,7호선,태릉입구,8104,7788,15892,316,2,10,목
2022-02-10,7호선,먹골,9759,9572,19331,187,2,10,목
2022-02-10,7호선,중화,10512,10418,20930,94,2,10,목
2022-02-10,7호선,상봉(시외버스터미널),16371,15087,31458,1284,2,10,목
2022-02-10,7호선,면목,14783,14489,29272,294,2,10,목
2022-02-10,7호선,사가정,15327,15416,30743,-89,2,10,목
2022-02-10,7호선,용마산(용마폭포공원),5799,5669,11468,130,2,10,목
2022-02-10,7호선,중곡,10080,9729,19809,351,2,10,목
2022-02-10,7호선,군자(능동),14482,11770,26252,2712,2,10,목
2022-02-10,7호선,어린이대공원(세종대),11518,11491,23009,27,2,10,목
2022-02-10,7호선,건대입구,11048,11388,22436,-340,2,10,목
2022-02-10,7호선,뚝섬유원지,7377,7221,14598,156,2,10,목
2022-02-10,7호선,청담,18975,20999,39974,-2024,2,10,목
2022-02-10,7호선,강남구청,16302,17928,34230,-1626,2,10,목
2022-02-10,7호선,학동,24513,25750,50263,-1237,2,10,목
2022-02-10,7호선,논현,20065,21737,41802,-1672,2,10,목
2022-02-10,7호선,반포,5540,5272,10812,268,2,10,목
2022-02-10,7호선,고속터미널,14423,12341,26764,2082,2,10,목
2022-02-10,7호선,내방,14365,14642,29007,-277,2,10,목
2022-02-10,7호선,이수,15194,14563,29757,631,2,10,목
2022-02-10,7호선,남성,10444,9890,20334,554,2,10,목
2022-02-10,7호선,숭실대입구(살피재),10753,11030,21783,-277,2,10,목
2022-02-10,7호선,상도,9989,9767,19756,222,2,10,목
2022-02-10,7호선,장승배기,8780,8581,17361,199,2,10,목
2022-02-10,7호선,신대방삼거리,15903,15459,31362,444,2,10,목
2022-02-10,7호선,보라매,9398,9492,18890,-94,2,10,목
2022-02-10,7호선,신풍,10905,10418,21323,487,2,10,목
2022-02-10,7호선,대림(구로구청),7196,7229,14425,-33,2,10,목
2022-02-10,7호선,남구로,15625,16310,31935,-685,2,10,목
2022-02-10,7호선,가산디지털단지,45189,45586,90775,-397,2,10,목
2022-02-10,7호선,철산,19705,20257,39962,-552,2,10,목
2022-02-10,7호선,광명사거리,21215,20866,42081,349,2,10,목
2022-02-10,7호선,천왕,10952,10511,21463,441,2,10,목
2022-02-10,7호선,온수(성공회대입구),9675,9011,18686,664,2,10,목
2022-02-10,7호선,부천시청,2,0,2,2,2,10,목
2022-02-10,7호선,상동,1,0,1,1,2,10,목
2022-02-10,7호선,부평구청,1,0,1,1,2,10,목
2022-02-10,8호선,암사,18150,16203,34353,1947,2,10,목
2022-02-10,8호선,천호(풍납토성),14038,16044,30082,-2006,2,10,목
2022-02-10,8호선,강동구청,10273,10639,20912,-366,2,10,목
2022-02-10,8호선,몽촌토성(평화의문),5779,5801,11580,-22,2,10,목
2022-02-10,8호선,잠실(송파구청),13058,15079,28137,-2021,2,10,목
2022-02-10,장항선,온양온천,2995,2979,5974,16,2,10,목
2022-02-10,8호선,석촌,7516,8543,16059,-1027,2,10,목
2022-02-10,8호선,송파,7415,7448,14863,-33,2,10,목
2022-02-10,8호선,가락시장,7425,8133,15558,-708,2,10,목
2022-02-10,8호선,문정,22094,23356,45450,-1262,2,10,목
2022-02-10,8호선,장지,16362,15744,32106,618,2,10,목
2022-02-10,8호선,복정,8954,7709,16663,1245,2,10,목
2022-02-10,8호선,산성,4897,5014,9911,-117,2,10,목
2022-02-10,8호선,남한산성입구(성남법원.검찰청),12763,11702,24465,1061,2,10,목
2022-02-10,8호선,단대오거리,9993,9655,19648,338,2,10,목
2022-02-10,8호선,신흥,3975,4283,8258,-308,2,10,목
2022-02-10,8호선,수진,5101,4665,9766,436,2,10,목
2022-02-10,8호선,모란,4051,3199,7250,852,2,10,목
2022-02-10,8호선,남위례,3916,4238,8154,-322,2,10,목
2022-02-10,9호선,개화,2364,1694,4058,670,2,10,목
2022-02-10,9호선,김포공항,6997,10638,17635,-3641,2,10,목
2022-02-10,9호선,공항시장,2830,3127,5957,-297,2,10,목
2022-02-10,9호선,신방화,6541,6401,12942,140,2,10,목
2022-02-10,9호선,마곡나루(서울식물원),11409,11276,22685,133,2,10,목
2022-02-10,9호선,양천향교,9072,9272,18344,-200,2,10,목
2022-02-10,9호선,가양,19502,19202,38704,300,2,10,목
2022-02-10,9호선,증미,7042,6994,14036,48,2,10,목
2022-02-10,9호선,등촌,10986,10902,21888,84,2,10,목
2022-02-10,9호선,염창,16437,16186,32623,251,2,10,목
2022-02-10,9호선,신목동,3908,3443,7351,465,2,10,목
2022-02-10,9호선,선유도,8433,8071,16504,362,2,10,목
2022-02-10,9호선,당산,17423,17410,34833,13,2,10,목
2022-02-10,9호선,국회의사당,16366,16839,33205,-473,2,10,목
2022-02-10,9호선,여의도,26187,25306,51493,881,2,10,목
2022-02-10,9호선,샛강,5790,5865,11655,-75,2,10,목
2022-02-10,9호선,노량진,24269,23575,47844,694,2,10,목
2022-02-10,9호선,노들,4222,3648,7870,574,2,10,목
2022-02-10,9호선,흑석(중앙대입구),7610,7928,15538,-318,2,10,목
2022-02-10,9호선,동작(현충원),1945,1502,3447,443,2,10,목
2022-02-10,9호선,구반포,1284,1394,2678,-110,2,10,목
2022-02-10,9호선,신반포,3130,3147,6277,-17,2,10,목
2022-02-10,9호선,고속터미널,10856,14102,24958,-3246,2,10,목
2022-02-10,9호선,사평,3238,3157,6395,81,2,10,목
2022-02-10,9호선,신논현,30368,30332,60700,36,2,10,목
2022-02-10,9호선2~3단계,언주,10554,10850,21404,-296,2,10,목
2022-02-10,9호선2~3단계,선정릉,9513,10376,19889,-863,2,10,목
2022-02-10,9호선2~3단계,삼성중앙,6704,7089,13793,-385,2,10,목
2022-02-10,9호선2~3단계,봉은사,15891,16205,32096,-314,2,10,목
2022-02-10,9호선2~3단계,종합운동장,4001,4097,8098,-96,2,10,목
2022-02-10,9호선2~3단계,삼전,6808,6548,13356,260,2,10,목
2022-02-10,9호선2~3단계,석촌고분,5967,5933,11900,34,2,10,목
2022-02-10,9호선2~3단계,석촌,8091,7273,15364,818,2,10,목
2022-02-10,9호선2~3단계,송파나루,4820,5227,10047,-407,2,10,목
2022-02-10,9호선2~3단계,한성백제,2516,2207,4723,309,2,10,목
2022-02-10,9호선2~3단계,올림픽공원(한국체대),5498,5413,10911,85,2,10,목
2022-02-10,9호선2~3단계,둔촌오륜,1083,1041,2124,42,2,10,목
2022-02-10,9호선2~3단계,중앙보훈병원,10469,9275,19744,1194,2,10,목
2022-02-10,경강선,판교,4528,4377,8905,151,2,10,목
2022-02-10,경강선,이매,1023,858,1881,165,2,10,목
2022-02-10,공항철도 1호선,공덕,2128,2758,4886,-630,2,10,목
2022-02-10,공항철도 1호선,홍대입구,8764,8731,17495,33,2,10,목
2022-02-10,공항철도 1호선,디지털미디어시티,13365,12155,25520,1210,2,10,목
2022-02-10,공항철도 1호선,마곡나루(서울식물원),8565,8185,16750,380,2,10,목
2022-02-10,공항철도 1호선,김포공항,11664,6451,18115,5213,2,10,목
2022-02-10,공항철도 1호선,계양,9397,8915,18312,482,2,10,목
2022-02-10,공항철도 1호선,검암,6380,6258,12638,122,2,10,목
2022-02-10,공항철도 1호선,청라국제도시,6361,6065,12426,296,2,10,목
2022-02-10,공항철도 1호선,운서,6245,6191,12436,54,2,10,목
2022-02-10,공항철도 1호선,공항화물청사,2270,2432,4702,-162,2,10,목
2022-02-10,공항철도 1호선,인천공항1터미널,3135,3394,6529,-259,2,10,목
2022-02-10,공항철도 1호선,인천공항2터미널,2024,2029,4053,-5,2,10,목
2022-02-10,공항철도 1호선,영종,2737,2772,5509,-35,2,10,목
2022-02-10,과천선,선바위,7621,6749,14370,872,2,10,목
2022-02-10,과천선,경마공원,1317,1310,2627,7,2,10,목
2022-02-10,과천선,대공원,2642,2762,5404,-120,2,10,목
2022-02-10,과천선,과천,5796,5538,11334,258,2,10,목
2022-02-10,과천선,정부과천청사,9887,9939,19826,-52,2,10,목
2022-02-10,과천선,인덕원,22843,23977,46820,-1134,2,10,목
2022-02-10,과천선,평촌,17349,17039,34388,310,2,10,목
2022-02-10,과천선,범계,23953,23616,47569,337,2,10,목
2022-02-10,분당선,선릉,13283,19651,32934,-6368,2,10,목
2022-02-10,분당선,한티,13859,14989,28848,-1130,2,10,목
2022-02-10,분당선,도곡,6702,6520,13222,182,2,10,목
2022-02-10,경강선,삼동,2243,2094,4337,149,2,10,목
2022-02-10,경강선,경기광주,7315,6989,14304,326,2,10,목
2022-02-10,경강선,초월,2871,2756,5627,115,2,10,목
2022-02-10,경강선,곤지암,1986,2047,4033,-61,2,10,목
2022-02-10,경강선,신둔도예촌,1199,1155,2354,44,2,10,목
2022-02-10,경강선,이천,2313,2363,4676,-50,2,10,목
2022-02-10,분당선,구룡,2172,2077,4249,95,2,10,목
2022-02-10,분당선,개포동,3515,3662,7177,-147,2,10,목
2022-02-10,분당선,대모산입구,4368,4129,8497,239,2,10,목
2022-02-10,분당선,수서,12823,13223,26046,-400,2,10,목
2022-02-10,분당선,수원,7364,6143,13507,1221,2,10,목
2022-02-10,분당선,서울숲,9725,9746,19471,-21,2,10,목
2022-02-10,분당선,압구정로데오,18884,20217,39101,-1333,2,10,목
2022-02-10,분당선,강남구청,9979,11491,21470,-1512,2,10,목
2022-02-10,분당선,선정릉,7993,8492,16485,-499,2,10,목
2022-02-10,분당선,가천대,6146,7004,13150,-858,2,10,목
2022-02-10,경강선,부발,1898,1779,3677,119,2,10,목
2022-02-10,경강선,세종대왕릉,267,254,521,13,2,10,목
2022-02-10,경강선,여주,1894,1855,3749,39,2,10,목
2022-02-10,경부선,서울역,5090,1697,6787,3393,2,10,목
2022-02-10,경부선,남영,8698,9056,17754,-358,2,10,목
2022-02-10,경부선,용산,29612,29883,59495,-271,2,10,목
2022-02-10,경부선,노량진,7407,7385,14792,22,2,10,목
2022-02-10,경부선,대방,12229,12620,24849,-391,2,10,목
2022-02-10,경부선,영등포,33741,34321,68062,-580,2,10,목
2022-02-10,경부선,신도림,4006,3797,7803,209,2,10,목
2022-02-10,경부선,신길,8407,7058,15465,1349,2,10,목
2022-02-10,경부선,구로,17707,17944,35651,-237,2,10,목
2022-02-10,경부선,가산디지털단지,18166,20646,38812,-2480,2,10,목
2022-02-10,경부선,금천구청,11172,11330,22502,-158,2,10,목
2022-02-10,경부선,석수,9129,8254,17383,875,2,10,목
2022-02-10,경부선,관악,6713,6305,13018,408,2,10,목
2022-02-10,경부선,안양,19613,19790,39403,-177,2,10,목
2022-02-10,경부선,명학,8621,8503,17124,118,2,10,목
2022-02-10,경부선,금정,25064,25314,50378,-250,2,10,목
2022-02-10,경부선,군포,7488,7568,15056,-80,2,10,목
2022-02-10,경부선,의왕,8566,8548,17114,18,2,10,목
2022-02-10,경부선,성균관대,12623,12797,25420,-174,2,10,목
2022-02-10,경부선,화서,7320,7103,14423,217,2,10,목
2022-02-10,경부선,수원,28878,30788,59666,-1910,2,10,목
2022-02-10,경부선,독산,18121,18997,37118,-876,2,10,목
2022-02-10,경부선,세류,2764,2473,5237,291,2,10,목
2022-02-10,경부선,병점,12605,12585,25190,20,2,10,목
2022-02-10,경부선,세마,2597,2381,4978,216,2,10,목
2022-02-10,경부선,오산대,2991,2783,5774,208,2,10,목
2022-02-10,경부선,오산,8435,8414,16849,21,2,10,목
2022-02-10,경부선,진위,1503,1375,2878,128,2,10,목
2022-02-10,경부선,송탄,3621,3595,7216,26,2,10,목
2022-02-10,경부선,서정리,5716,5193,10909,523,2,10,목
2022-02-10,경부선,평택지제,2941,2791,5732,150,2,10,목
2022-02-10,경부선,평택,9645,9547,19192,98,2,10,목
2022-02-10,경부선,성환,2989,3123,6112,-134,2,10,목
2022-02-10,경부선,직산,692,675,1367,17,2,10,목
2022-02-10,경부선,두정,4299,4308,8607,-9,2,10,목
2022-02-10,경부선,천안,3954,4119,8073,-165,2,10,목
2022-02-10,경부선,당정,5787,5544,11331,243,2,10,목
2022-02-10,경부선,서동탄,1335,1155,2490,180,2,10,목
2022-02-10,경부선,광명,3039,2680,5719,359,2,10,목
2022-02-10,경원선,이촌(국립중앙박물관),3566,2743,6309,823,2,10,목
2022-02-10,경원선,서빙고,1923,1794,3717,129,2,10,목
2022-02-10,경원선,한남,4026,3736,7762,290,2,10,목
2022-02-10,경원선,옥수,51,34,85,17,2,10,목
2022-02-10,경원선,응봉,1780,1462,3242,318,2,10,목
2022-02-10,경원선,왕십리(성동구청),12377,14217,26594,-1840,2,10,목
2022-02-10,경원선,청량리(서울시립대입구),13439,13858,27297,-419,2,10,목
2022-02-10,경원선,외대앞,6573,6785,13358,-212,2,10,목
2022-02-10,경원선,신이문,7900,7374,15274,526,2,10,목
2022-02-10,경원선,석계,7542,8414,15956,-872,2,10,목
2022-02-10,경원선,광운대,7002,6825,13827,177,2,10,목
2022-02-10,경원선,월계,5905,5620,11525,285,2,10,목
2022-02-10,경원선,녹천,4466,3882,8348,584,2,10,목
2022-02-10,경원선,방학,9088,8960,18048,128,2,10,목
2022-02-10,경원선,도봉,5843,5602,11445,241,2,10,목
2022-02-10,경원선,도봉산,6521,4563,11084,1958,2,10,목
2022-02-10,경원선,망월사,7102,7301,14403,-199,2,10,목
2022-02-10,경원선,회룡,11778,11733,23511,45,2,10,목
2022-02-10,경원선,의정부,17257,17529,34786,-272,2,10,목
2022-02-10,경원선,가능,6038,5976,12014,62,2,10,목
2022-02-10,경원선,녹양,4147,3982,8129,165,2,10,목
2022-02-10,경원선,양주,7028,6532,13560,496,2,10,목
2022-02-10,경원선,덕계,2850,2558,5408,292,2,10,목
2022-02-10,경원선,덕정,4812,4648,9460,164,2,10,목
2022-02-10,경원선,지행,5694,5737,11431,-43,2,10,목
2022-02-10,경원선,동두천중앙,2974,2905,5879,69,2,10,목
2022-02-10,경원선,보산,1290,1225,2515,65,2,10,목
2022-02-10,경원선,동두천,1883,2103,3986,-220,2,10,목
2022-02-10,경원선,소요산,2217,1941,4158,276,2,10,목
2022-02-10,경의선,서울역,3995,4993,8988,-998,2,10,목
2022-02-10,경의선,신촌,804,1006,1810,-202,2,10,목
2022-02-10,경의선,효창공원앞,2822,3262,6084,-440,2,10,목
2022-02-10,경의선,공덕,3406,3020,6426,386,2,10,목
2022-02-10,경의선,서강대,1898,1869,3767,29,2,10,목
2022-02-10,경의선,홍대입구,1604,1748,3352,-144,2,10,목
2022-02-10,경의선,가좌,4874,4624,9498,250,2,10,목
2022-02-10,경의선,디지털미디어시티,2343,2092,4435,251,2,10,목
2022-02-10,경의선,수색,2756,2788,5544,-32,2,10,목
2022-02-10,경의선,화전,1365,1255,2620,110,2,10,목
2022-02-10,경의선,강매,2980,2716,5696,264,2,10,목
2022-02-10,경의선,행신,7149,7201,14350,-52,2,10,목
2022-02-10,경의선,능곡,3536,3290,6826,246,2,10,목
2022-02-10,경의선,곡산,570,581,1151,-11,2,10,목
2022-02-10,경의선,백마,6334,6263,12597,71,2,10,목
2022-02-10,경의선,풍산,5328,4964,10292,364,2,10,목
2022-02-10,경의선,일산,8459,8397,16856,62,2,10,목
2022-02-10,경의선,탄현,7258,7135,14393,123,2,10,목
2022-02-10,경의선,야당,6738,6686,13424,52,2,10,목
2022-02-10,경의선,운정,6394,5993,12387,401,2,10,목
2022-02-10,경의선,금릉,4383,4235,8618,148,2,10,목
2022-02-10,경의선,금촌,5797,5642,11439,155,2,10,목
2022-02-10,경의선,월롱,2291,2111,4402,180,2,10,목
2022-02-10,경의선,파주,890,650,1540,240,2,10,목
2022-02-10,경의선,문산,4421,4463,8884,-42,2,10,목
2022-02-10,경의선,임진강,8,5,13,3,2,10,목
2022-02-10,경인선,개봉,20185,20414,40599,-229,2,10,목
2022-02-10,경인선,오류동,11404,10752,22156,652,2,10,목
2022-02-10,경인선,역곡,25287,25133,50420,154,2,10,목
2022-02-10,경인선,부천,29971,30146,60117,-175,2,10,목
2022-02-10,경인선,송내,25093,24975,50068,118,2,10,목
2022-02-10,경인선,부평,26823,28101,54924,-1278,2,10,목
2022-02-10,경인선,백운,6377,6300,12677,77,2,10,목
2022-02-10,경인선,동암,13491,13639,27130,-148,2,10,목
2022-02-10,경인선,주안,16883,15451,32334,1432,2,10,목
2022-02-10,경인선,제물포,9404,8979,18383,425,2,10,목
2022-02-10,경인선,동인천,12740,12058,24798,682,2,10,목
2022-02-10,경인선,인천,3220,2451,5671,769,2,10,목
2022-02-10,경인선,구일,5800,5781,11581,19,2,10,목
2022-02-10,경인선,소사,8084,7695,15779,389,2,10,목
2022-02-10,경인선,부개,7905,7540,15445,365,2,10,목
2022-02-10,경인선,간석,5412,5141,10553,271,2,10,목
2022-02-10,경인선,도원,2312,2362,4674,-50,2,10,목
2022-02-10,경인선,온수(성공회대입구),6198,6053,12251,145,2,10,목
2022-02-10,경인선,중동,8852,8373,17225,479,2,10,목
2022-02-10,경인선,도화,3835,3641,7476,194,2,10,목
2022-02-10,경춘선,신내,1967,1881,3848,86,2,10,목
2022-02-10,경춘선,갈매,2905,2487,5392,418,2,10,목
2022-02-10,경춘선,별내,3217,2987,6204,230,2,10,목
2022-02-10,경춘선,퇴계원,3401,3119,6520,282,2,10,목
2022-02-10,경춘선,사릉,2891,2912,5803,-21,2,10,목
2022-02-10,경춘선,금곡,1385,1337,2722,48,2,10,목
2022-02-10,장항선,배방,842,869,1711,-27,2,10,목
2022-02-10,장항선,탕정,443,415,858,28,2,10,목
2022-02-10,장항선,아산,2283,2122,4405,161,2,10,목
2022-02-10,장항선,쌍용(나사렛대),1795,1739,3534,56,2,10,목
2022-02-10,장항선,봉명,1140,1093,2233,47,2,10,목
2022-02-10,일산선,대화,11859,9750,21609,2109,2,10,목
2022-02-10,일산선,주엽,8556,8519,17075,37,2,10,목
2022-02-10,일산선,정발산,6869,6668,13537,201,2,10,목
2022-02-10,일산선,마두,7166,7321,14487,-155,2,10,목
2022-02-10,일산선,백석,9315,9367,18682,-52,2,10,목
2022-02-10,일산선,대곡,1953,1526,3479,427,2,10,목
2022-02-10,일산선,화정,16220,16663,32883,-443,2,10,목
2022-02-10,일산선,원당,10519,10107,20626,412,2,10,목
2022-02-10,일산선,삼송,18405,18062,36467,343,2,10,목
2022-02-10,일산선,원흥,10063,9541,19604,522,2,10,목
2022-02-10,우이신설선,신설동,2088,2053,4141,35,2,10,목
2022-02-10,우이신설선,보문,1462,1456,2918,6,2,10,목
2022-02-10,우이신설선,성신여대입구(돈암),3012,3347,6359,-335,2,10,목
2022-02-10,우이신설선,정릉,4460,4116,8576,344,2,10,목
2022-02-10,우이신설선,북한산보국문,5598,5403,11001,195,2,10,목
2022-02-10,우이신설선,솔샘,5524,5294,10818,230,2,10,목
2022-02-10,우이신설선,삼양사거리,2356,2434,4790,-78,2,10,목
2022-02-10,우이신설선,삼양,1893,1984,3877,-91,2,10,목
2022-02-10,경춘선,평내호평,5686,5488,11174,198,2,10,목
2022-02-10,경춘선,천마산,1561,1446,3007,115,2,10,목
2022-02-10,경춘선,마석,3430,3373,6803,57,2,10,목
2022-02-10,경춘선,대성리,463,390,853,73,2,10,목
2022-02-10,경춘선,청평,1339,1337,2676,2,2,10,목
2022-02-10,경춘선,상천,204,179,383,25,2,10,목
2022-02-10,경춘선,가평,1303,1411,2714,-108,2,10,목
2022-02-10,경춘선,굴봉산,125,147,272,-22,2,10,목
2022-02-10,경춘선,백양리,324,264,588,60,2,10,목
2022-02-10,경춘선,강촌,316,336,652,-20,2,10,목
2022-02-10,경춘선,김유정,275,272,547,3,2,10,목
2022-02-10,경춘선,남춘천,1909,1966,3875,-57,2,10,목
2022-02-10,경춘선,춘천,976,894,1870,82,2,10,목
2022-02-10,공항철도 1호선,서울역,6590,6093,12683,497,2,10,목
2022-02-10,중앙선,중랑,5304,5060,10364,244,2,10,목
2022-02-10,중앙선,상봉(시외버스터미널),5650,5567,11217,83,2,10,목
2022-02-10,중앙선,망우,7231,7221,14452,10,2,10,목
2022-02-10,중앙선,양원,2158,2136,4294,22,2,10,목
2022-02-10,중앙선,구리,12452,12679,25131,-227,2,10,목
2022-02-10,중앙선,도농,10023,9304,19327,719,2,10,목
2022-02-10,중앙선,양정,684,602,1286,82,2,10,목
2022-02-10,중앙선,덕소,5131,5173,10304,-42,2,10,목
2022-02-10,중앙선,도심,2155,1678,3833,477,2,10,목
2022-02-10,중앙선,팔당,812,862,1674,-50,2,10,목
2022-02-10,중앙선,운길산,639,591,1230,48,2,10,목
2022-02-10,중앙선,국수,565,564,1129,1,2,10,목
2022-02-10,중앙선,신원,168,146,314,22,2,10,목
2022-02-10,중앙선,양수,1652,1690,3342,-38,2,10,목
2022-02-10,중앙선,아신,443,444,887,-1,2,10,목
2022-02-10,중앙선,오빈,266,250,516,16,2,10,목
2022-02-10,중앙선,양평,2415,2321,4736,94,2,10,목
2022-02-10,중앙선,원덕,340,311,651,29,2,10,목
2022-02-10,중앙선,용문,2779,2849,5628,-70,2,10,목
2022-02-10,중앙선,지평,73,61,134,12,2,10,목
2022-02-10,장항선,신창(순천향대),819,766,1585,53,2,10,목
2022-02-10,중앙선,회기,22294,21736,44030,558,2,10,목
2022-02-10,1호선,서울역,38849,36875,75724,1974,2,10,목
2022-02-10,1호선,동묘앞,6957,7271,14228,-314,2,10,목
2022-02-10,1호선,시청,20919,21339,42258,-420,2,10,목
2022-02-10,1호선,종각,31926,31261,63187,665,2,10,목
2022-02-10,1호선,종로3가,23631,21759,45390,1872,2,10,목
2022-02-10,1호선,종로5가,21142,20939,42081,203,2,10,목
2022-02-10,1호선,동대문,9818,9130,18948,688,2,10,목
2022-02-10,1호선,신설동,13261,12981,26242,280,2,10,목
2022-02-10,1호선,제기동,16315,16369,32684,-54,2,10,목
2022-02-10,1호선,청량리(서울시립대입구),18451,18420,36871,31,2,10,목
2022-02-10,2호선,시청,22715,22010,44725,705,2,10,목
2022-02-10,2호선,을지로입구,36225,36916,73141,-691,2,10,목
2022-02-10,2호선,을지로3가,20461,20503,40964,-42,2,10,목
2022-02-10,2호선,을지로4가,12481,12433,24914,48,2,10,목
2022-02-10,2호선,동대문역사문화공원(DDP),10584,11674,22258,-1090,2,10,목
2022-02-10,2호선,신당,12942,13479,26421,-537,2,10,목
2022-02-10,2호선,상왕십리,13375,13269,26644,106,2,10,목
2022-02-10,2호선,왕십리(성동구청),14445,12114,26559,2331,2,10,목
2022-02-10,2호선,한양대,6522,6860,13382,-338,2,10,목
2022-02-10,2호선,뚝섬,21465,22933,44398,-1468,2,10,목
2022-02-10,2호선,성수,36583,39473,76056,-2890,2,10,목
2022-02-10,2호선,건대입구,31348,33216,64564,-1868,2,10,목
2022-02-10,2호선,구의(광진구청),22640,22484,45124,156,2,10,목
2022-02-10,2호선,강변(동서울터미널),27320,26325,53645,995,2,10,목
2022-02-10,2호선,잠실나루,14013,13623,27636,390,2,10,목
2022-02-10,2호선,잠실(송파구청),62478,61855,124333,623,2,10,목
2022-02-10,2호선,잠실새내,20229,20071,40300,158,2,10,목
2022-02-10,2호선,종합운동장,6880,7285,14165,-405,2,10,목
2022-02-10,2호선,삼성(무역센터),49380,49727,99107,-347,2,10,목
2022-02-10,2호선,선릉,55193,49160,104353,6033,2,10,목
2022-02-10,2호선,역삼,51612,57299,108911,-5687,2,10,목
2022-02-10,2호선,강남,81452,79256,160708,2196,2,10,목
2022-02-10,2호선,교대(법원.검찰청),32816,36773,69589,-3957,2,10,목
2022-02-10,분당선,태평,12872,12542,25414,330,2,10,목
2022-02-10,분당선,모란,18853,18895,37748,-42,2,10,목
2022-02-10,분당선,야탑,24762,25599,50361,-837,2,10,목
2022-02-10,분당선,서현,23465,23518,46983,-53,2,10,목
2022-02-10,분당선,수내,12906,13007,25913,-101,2,10,목
2022-02-10,분당선,정자,16401,17261,33662,-860,2,10,목
2022-02-10,분당선,미금,14780,15611,30391,-831,2,10,목
2022-02-10,분당선,오리,11317,9477,20794,1840,2,10,목
2022-02-10,분당선,이매,5210,5133,10343,77,2,10,목
2022-02-10,분당선,보정,2308,2052,4360,256,2,10,목
2022-02-10,분당선,죽전,12113,13177,25290,-1064,2,10,목
2022-02-10,분당선,구성,4848,5145,9993,-297,2,10,목
2022-02-10,분당선,신갈,4245,4278,8523,-33,2,10,목
2022-02-10,분당선,기흥,8847,8446,17293,401,2,10,목
2022-02-10,분당선,상갈,4991,4782,9773,209,2,10,목
2022-02-10,분당선,청명,3835,3808,7643,27,2,10,목
2022-02-10,분당선,영통,7675,7575,15250,100,2,10,목
2022-02-10,분당선,망포,13259,12837,26096,422,2,10,목
2022-02-10,분당선,매탄권선,4509,4379,8888,130,2,10,목
2022-02-10,분당선,수원시청,11744,12411,24155,-667,2,10,목
2022-02-10,분당선,매교,2643,2643,5286,0,2,10,목
2022-02-10,수인선,고색,4371,4187,8558,184,2,10,목
2022-02-10,수인선,오목천,2481,2322,4803,159,2,10,목
2022-02-10,수인선,어천,599,596,1195,3,2,10,목
2022-02-10,수인선,야목,295,208,503,87,2,10,목
2022-02-10,수인선,사리,4100,3726,7826,374,2,10,목
2022-02-10,수인선,달월,98,62,160,36,2,10,목
2022-02-10,수인선,월곶,2550,2389,4939,161,2,10,목
2022-02-10,수인선,소래포구,4427,4126,8553,301,2,10,목
2022-02-10,수인선,인천논현,5117,5467,10584,-350,2,10,목
2022-02-10,수인선,호구포,3918,4024,7942,-106,2,10,목
2022-02-10,수인선,남동인더스파크,2286,2550,4836,-264,2,10,목
2022-02-10,수인선,원인재,3999,4261,8260,-262,2,10,목
2022-02-10,수인선,연수,3987,4005,7992,-18,2,10,목
2022-02-10,수인선,송도,2306,2164,4470,142,2,10,목
2022-02-10,수인선,인하대,5138,4889,10027,249,2,10,목
2022-02-10,수인선,숭의,3704,3574,7278,130,2,10,목
2022-02-10,수인선,신포,1626,1614,3240,12,2,10,목
2022-02-10,수인선,인천,981,1516,2497,-535,2,10,목
2022-02-10,안산선,산본,14824,15829,30653,-1005,2,10,목
2022-02-10,안산선,대야미,4621,4118,8739,503,2,10,목
2022-02-10,안산선,반월,3812,3723,7535,89,2,10,목
2022-02-10,안산선,상록수,14264,14633,28897,-369,2,10,목
2022-02-10,안산선,한대앞,8036,8064,16100,-28,2,10,목
2022-02-10,안산선,중앙,15695,16162,31857,-467,2,10,목
2022-02-10,안산선,고잔,8308,7867,16175,441,2,10,목
2022-02-10,안산선,초지,4220,4363,8583,-143,2,10,목
2022-02-10,안산선,안산,10695,9538,20233,1157,2,10,목
2022-02-10,안산선,신길온천,1514,1435,2949,79,2,10,목
2022-02-10,안산선,정왕,6881,7226,14107,-345,2,10,목
2022-02-10,안산선,오이도,7424,7214,14638,210,2,10,목
2022-02-10,안산선,수리산,3895,3264,7159,631,2,10,목
2022-02-10,우이신설선,북한산우이,2400,2173,4573,227,2,10,목
2022-02-10,우이신설선,솔밭공원,2338,2307,4645,31,2,10,목
2022-02-10,우이신설선,4.19민주묘지,2708,2520,5228,188,2,10,목
2022-02-10,우이신설선,가오리,3917,3886,7803,31,2,10,목
2022-02-10,2호선,서초,20701,20220,40921,481,2,10,목
2022-02-10,우이신설선,화계,3248,3084,6332,164,2,10,목
2022-02-11,2호선,양천구청,6438,6792,13230,-354,2,11,금
2022-02-11,2호선,아현,9828,9316,19144,512,2,11,금
2022-02-11,우이신설선,정릉,4436,4049,8485,387,2,11,금
2022-02-11,우이신설선,성신여대입구(돈암),3344,3484,6828,-140,2,11,금
2022-02-11,우이신설선,보문,1432,1437,2869,-5,2,11,금
2022-02-11,우이신설선,신설동,2149,2036,4185,113,2,11,금
2022-02-11,일산선,원흥,10091,9510,19601,581,2,11,금
2022-02-11,일산선,삼송,18428,17468,35896,960,2,11,금
2022-02-11,일산선,원당,10604,9928,20532,676,2,11,금
2022-02-11,일산선,화정,16144,16444,32588,-300,2,11,금
2022-02-11,일산선,대곡,2008,1566,3574,442,2,11,금
2022-02-11,일산선,백석,9341,9289,18630,52,2,11,금
2022-02-11,일산선,마두,7386,7488,14874,-102,2,11,금
2022-02-11,일산선,정발산,7223,7267,14490,-44,2,11,금
2022-02-11,일산선,주엽,8572,8481,17053,91,2,11,금
2022-02-11,일산선,대화,11794,9485,21279,2309,2,11,금
2022-02-11,장항선,봉명,1135,1088,2223,47,2,11,금
2022-02-11,장항선,쌍용(나사렛대),1758,1522,3280,236,2,11,금
2022-02-11,장항선,아산,2712,2753,5465,-41,2,11,금
2022-02-11,장항선,탕정,494,475,969,19,2,11,금
2022-02-11,안산선,신길온천,1539,1466,3005,73,2,11,금
2022-02-11,안산선,정왕,7493,7694,15187,-201,2,11,금
2022-02-11,안산선,오이도,7866,7701,15567,165,2,11,금
2022-02-11,안산선,수리산,3773,3254,7027,519,2,11,금
2022-02-11,우이신설선,북한산우이,2370,2110,4480,260,2,11,금
2022-02-11,우이신설선,솔밭공원,2340,2236,4576,104,2,11,금
2022-02-11,우이신설선,4.19민주묘지,2645,2513,5158,132,2,11,금
2022-02-11,우이신설선,가오리,4059,4032,8091,27,2,11,금
2022-02-11,우이신설선,화계,3406,3078,6484,328,2,11,금
2022-02-11,우이신설선,삼양,1928,2058,3986,-130,2,11,금
2022-02-11,우이신설선,삼양사거리,2473,2528,5001,-55,2,11,금
2022-02-11,우이신설선,솔샘,5659,5261,10920,398,2,11,금
2022-02-11,우이신설선,북한산보국문,5784,5612,11396,172,2,11,금
2022-02-11,7호선,노원,19661,20167,39828,-506,2,11,금
2022-02-11,1호선,서울역,42390,40709,83099,1681,2,11,금
2022-02-11,1호선,동묘앞,7135,7397,14532,-262,2,11,금
2022-02-11,1호선,시청,20307,20842,41149,-535,2,11,금
2022-02-11,1호선,종각,31765,30900,62665,865,2,11,금
2022-02-11,1호선,종로3가,24998,23043,48041,1955,2,11,금
2022-02-11,1호선,종로5가,21710,21776,43486,-66,2,11,금
2022-02-11,1호선,동대문,10400,9513,19913,887,2,11,금
2022-02-11,1호선,신설동,13936,13376,27312,560,2,11,금
2022-02-11,1호선,제기동,16387,16673,33060,-286,2,11,금
2022-02-11,1호선,청량리(서울시립대입구),19246,19344,38590,-98,2,11,금
2022-02-11,2호선,시청,22244,21453,43697,791,2,11,금
2022-02-11,2호선,을지로입구,36276,36814,73090,-538,2,11,금
2022-02-11,2호선,을지로3가,20647,20617,41264,30,2,11,금
2022-02-11,2호선,을지로4가,12656,12367,25023,289,2,11,금
2022-02-11,2호선,동대문역사문화공원(DDP),11048,12490,23538,-1442,2,11,금
2022-02-11,2호선,신당,13358,13650,27008,-292,2,11,금
2022-02-11,2호선,상왕십리,13787,13366,27153,421,2,11,금
2022-02-11,2호선,왕십리(성동구청),15272,12850,28122,2422,2,11,금
2022-02-11,2호선,한양대,6520,6801,13321,-281,2,11,금
2022-02-11,2호선,뚝섬,21297,22772,44069,-1475,2,11,금
2022-02-11,2호선,성수,36656,39686,76342,-3030,2,11,금
2022-02-11,2호선,건대입구,33388,35840,69228,-2452,2,11,금
2022-02-11,2호선,구의(광진구청),23237,22811,46048,426,2,11,금
2022-02-11,2호선,강변(동서울터미널),28795,28236,57031,559,2,11,금
2022-02-11,2호선,잠실나루,14143,13479,27622,664,2,11,금
2022-02-11,2호선,잠실(송파구청),64495,63428,127923,1067,2,11,금
2022-02-11,2호선,잠실새내,20775,20619,41394,156,2,11,금
2022-02-11,2호선,종합운동장,6978,7570,14548,-592,2,11,금
2022-02-11,2호선,삼성(무역센터),49238,49208,98446,30,2,11,금
2022-02-11,2호선,선릉,54004,47922,101926,6082,2,11,금
2022-02-11,2호선,역삼,49576,54698,104274,-5122,2,11,금
2022-02-11,2호선,강남,84950,82108,167058,2842,2,11,금
2022-02-11,2호선,교대(법원.검찰청),33130,37278,70408,-4148,2,11,금
2022-02-11,2호선,서초,20482,19555,40037,927,2,11,금
2022-02-11,2호선,방배,16380,17029,33409,-649,2,11,금
2022-02-11,2호선,사당,36029,38715,74744,-2686,2,11,금
2022-02-11,2호선,낙성대(강감찬),26178,24881,51059,1297,2,11,금
2022-02-11,2호선,서울대입구(관악구청),45691,44483,90174,1208,2,11,금
2022-02-11,2호선,봉천,22849,21495,44344,1354,2,11,금
2022-02-11,2호선,신림,61018,59648,120666,1370,2,11,금
2022-02-11,2호선,신대방,25315,24777,50092,538,2,11,금
2022-02-11,2호선,구로디지털단지,57367,57129,114496,238,2,11,금
2022-02-11,2호선,대림(구로구청),22997,23539,46536,-542,2,11,금
2022-02-11,2호선,신도림,45858,45907,91765,-49,2,11,금
2022-02-11,2호선,문래,20497,20868,41365,-371,2,11,금
2022-02-11,2호선,영등포구청,22242,22615,44857,-373,2,11,금
2022-02-11,2호선,당산,17579,20212,37791,-2633,2,11,금
2022-02-11,2호선,합정,29964,31629,61593,-1665,2,11,금
2022-02-11,2호선,홍대입구,52112,53663,105775,-1551,2,11,금
2022-02-11,2호선,신촌,30679,31379,62058,-700,2,11,금
2022-02-11,2호선,이대,12263,12800,25063,-537,2,11,금
2022-02-11,2호선,충정로(경기대입구),9416,9950,19366,-534,2,11,금
2022-02-11,2호선,용답,2621,2572,5193,49,2,11,금
2022-02-11,2호선,신답,1637,1835,3472,-198,2,11,금
2022-02-11,2호선,신설동,3421,3596,7017,-175,2,11,금
2022-02-11,2호선,도림천,1297,1303,2600,-6,2,11,금
2022-02-11,2호선,신정네거리,9839,10424,20263,-585,2,11,금
2022-02-11,2호선,용두(동대문구청),2392,2398,4790,-6,2,11,금
2022-02-11,3호선,지축,4335,4062,8397,273,2,11,금
2022-02-11,3호선,구파발,19170,18399,37569,771,2,11,금
2022-02-11,3호선,연신내,35201,33053,68254,2148,2,11,금
2022-02-11,3호선,불광,15369,16592,31961,-1223,2,11,금
2022-02-11,3호선,녹번,14701,12755,27456,1946,2,11,금
2022-02-11,3호선,홍제,16537,15153,31690,1384,2,11,금
2022-02-11,3호선,무악재,3810,4168,7978,-358,2,11,금
2022-02-11,3호선,독립문,6664,6806,13470,-142,2,11,금
2022-02-11,3호선,경복궁(정부서울청사),18884,18281,37165,603,2,11,금
2022-02-11,3호선,안국,18704,19629,38333,-925,2,11,금
2022-02-11,3호선,종로3가,9956,11869,21825,-1913,2,11,금
2022-02-11,3호선,을지로3가,9873,10351,20224,-478,2,11,금
2022-02-11,3호선,충무로,2,0,2,2,2,11,금
2022-02-11,3호선,동대입구,7530,8382,15912,-852,2,11,금
2022-02-11,3호선,약수,12395,12329,24724,66,2,11,금
2022-02-11,3호선,금호,7862,7874,15736,-12,2,11,금
2022-02-11,3호선,옥수,8636,8980,17616,-344,2,11,금
2022-02-11,3호선,압구정,33010,35089,68099,-2079,2,11,금
2022-02-11,3호선,신사,32220,35280,67500,-3060,2,11,금
2022-02-11,3호선,잠원,4631,4582,9213,49,2,11,금
2022-02-11,3호선,고속터미널,40286,40598,80884,-312,2,11,금
2022-02-11,3호선,교대(법원.검찰청),13915,9206,23121,4709,2,11,금
2022-02-11,3호선,남부터미널(예술의전당),28916,29821,58737,-905,2,11,금
2022-02-11,3호선,양재(서초구청),38276,40461,78737,-2185,2,11,금
2022-02-11,3호선,매봉,12237,11796,24033,441,2,11,금
2022-02-11,3호선,도곡,5224,5401,10625,-177,2,11,금
2022-02-11,3호선,대치,11415,11340,22755,75,2,11,금
2022-02-11,3호선,학여울,3147,3346,6493,-199,2,11,금
2022-02-11,3호선,대청,9959,9213,19172,746,2,11,금
2022-02-11,3호선,일원,9926,9247,19173,679,2,11,금
2022-02-11,3호선,수서,17215,17718,34933,-503,2,11,금
2022-02-11,3호선,가락시장,8957,8625,17582,332,2,11,금
2022-02-11,3호선,경찰병원,7182,7037,14219,145,2,11,금
2022-02-11,3호선,오금,5836,5278,11114,558,2,11,금
2022-02-11,4호선,수유(강북구청),32480,33371,65851,-891,2,11,금
2022-02-11,4호선,미아(서울사이버대학),14401,14357,28758,44,2,11,금
2022-02-11,4호선,미아사거리,26615,26665,53280,-50,2,11,금
2022-02-11,4호선,길음,18837,19043,37880,-206,2,11,금
2022-02-11,4호선,성신여대입구(돈암),18767,18719,37486,48,2,11,금
2022-02-11,4호선,한성대입구(삼선교),12534,12281,24815,253,2,11,금
2022-02-11,4호선,혜화,29706,28985,58691,721,2,11,금
2022-02-11,4호선,동대문,18209,18657,36866,-448,2,11,금
2022-02-11,4호선,동대문역사문화공원(DDP),14100,12855,26955,1245,2,11,금
2022-02-11,4호선,충무로,25103,26115,51218,-1012,2,11,금
2022-02-11,4호선,명동,16412,16509,32921,-97,2,11,금
2022-02-11,4호선,회현(남대문시장),21964,22473,44437,-509,2,11,금
2022-02-11,4호선,서울역,10222,15426,25648,-5204,2,11,금
2022-02-11,4호선,숙대입구(갈월),11779,11402,23181,377,2,11,금
2022-02-11,4호선,삼각지,4790,5355,10145,-565,2,11,금
2022-02-11,4호선,신용산,15350,15600,30950,-250,2,11,금
2022-02-11,4호선,이촌(국립중앙박물관),7097,7739,14836,-642,2,11,금
2022-02-11,4호선,동작(현충원),1520,1848,3368,-328,2,11,금
2022-02-11,4호선,총신대입구(이수),18171,20061,38232,-1890,2,11,금
2022-02-11,4호선,사당,24422,20062,44484,4360,2,11,금
2022-02-11,4호선,남태령,1142,1171,2313,-29,2,11,금
2022-02-11,4호선,당고개,12120,11241,23361,879,2,11,금
2022-02-11,4호선,상계,17852,17394,35246,458,2,11,금
2022-02-11,4호선,노원,18100,21031,39131,-2931,2,11,금
2022-02-11,4호선,창동,25522,27115,52637,-1593,2,11,금
2022-02-11,4호선,쌍문,27320,26540,53860,780,2,11,금
2022-02-11,5호선,방화,6332,6070,12402,262,2,11,금
2022-02-11,5호선,개화산,5396,5091,10487,305,2,11,금
2022-02-11,5호선,김포공항,7761,7287,15048,474,2,11,금
2022-02-11,5호선,송정,6472,6063,12535,409,2,11,금
2022-02-11,5호선,마곡,10435,10448,20883,-13,2,11,금
2022-02-11,5호선,발산,19045,19414,38459,-369,2,11,금
2022-02-11,5호선,우장산,13741,13669,27410,72,2,11,금
2022-02-11,5호선,화곡,27422,25903,53325,1519,2,11,금
2022-02-11,5호선,까치산,28041,27193,55234,848,2,11,금
2022-02-11,5호선,신정(은행정),13512,10863,24375,2649,2,11,금
2022-02-11,5호선,목동,16299,17596,33895,-1297,2,11,금
2022-02-11,5호선,오목교(목동운동장앞),21232,22748,43980,-1516,2,11,금
2022-02-11,5호선,양평,7341,7256,14597,85,2,11,금
2022-02-11,5호선,영등포구청,3788,3881,7669,-93,2,11,금
2022-02-11,5호선,영등포시장,10025,10347,20372,-322,2,11,금
2022-02-11,5호선,신길,4029,4310,8339,-281,2,11,금
2022-02-11,5호선,여의도,27168,28326,55494,-1158,2,11,금
2022-02-11,5호선,여의나루,8643,9491,18134,-848,2,11,금
2022-02-11,5호선,마포,13917,14395,28312,-478,2,11,금
2022-02-11,5호선,공덕,13427,14335,27762,-908,2,11,금
2022-02-11,5호선,애오개,6673,6801,13474,-128,2,11,금
2022-02-11,5호선,충정로(경기대입구),4532,4546,9078,-14,2,11,금
2022-02-11,5호선,서대문,17757,18171,35928,-414,2,11,금
2022-02-11,5호선,광화문(세종문화회관),27204,28124,55328,-920,2,11,금
2022-02-11,5호선,종로3가,11905,11939,23844,-34,2,11,금
2022-02-11,5호선,을지로4가,6004,6139,12143,-135,2,11,금
2022-02-11,5호선,동대문역사문화공원(DDP),2764,3179,5943,-415,2,11,금
2022-02-11,5호선,청구,3930,3506,7436,424,2,11,금
2022-02-11,5호선,신금호,6047,6303,12350,-256,2,11,금
2022-02-11,5호선,행당,7711,6794,14505,917,2,11,금
2022-02-11,5호선,왕십리(성동구청),4463,5151,9614,-688,2,11,금
2022-02-11,5호선,마장,5343,4966,10309,377,2,11,금
2022-02-11,5호선,답십리,15569,14276,29845,1293,2,11,금
2022-02-11,5호선,장한평,18251,18080,36331,171,2,11,금
2022-02-11,5호선,군자(능동),10649,11980,22629,-1331,2,11,금
2022-02-11,5호선,아차산(어린이대공원후문),13869,13441,27310,428,2,11,금
2022-02-11,5호선,광나루(장신대),12849,11414,24263,1435,2,11,금
2022-02-11,5호선,천호(풍납토성),18066,17958,36024,108,2,11,금
2022-02-11,5호선,강동,18011,17197,35208,814,2,11,금
2022-02-11,5호선,길동,7903,8256,16159,-353,2,11,금
2022-02-11,5호선,굽은다리(강동구민회관앞),9126,8755,17881,371,2,11,금
2022-02-11,5호선,명일,8250,8650,16900,-400,2,11,금
2022-02-11,5호선,고덕,9062,9180,18242,-118,2,11,금
2022-02-11,5호선,상일동,14601,13341,27942,1260,2,11,금
2022-02-11,5호선,둔촌동,8527,8518,17045,9,2,11,금
2022-02-11,5호선,올림픽공원(한국체대),3974,3422,7396,552,2,11,금
2022-02-11,5호선,방이,7037,7237,14274,-200,2,11,금
2022-02-11,5호선,오금,3542,3581,7123,-39,2,11,금
2022-02-11,5호선,개롱,6259,6566,12825,-307,2,11,금
2022-02-11,5호선,거여,9071,8572,17643,499,2,11,금
2022-02-11,5호선,마천,6662,6590,13252,72,2,11,금
2022-02-11,5호선,강일,3760,3580,7340,180,2,11,금
2022-02-11,5호선,미사,15215,15491,30706,-276,2,11,금
2022-02-11,5호선,하남풍산,4053,4055,8108,-2,2,11,금
2022-02-11,5호선,하남시청(덕풍·신장),6286,6210,12496,76,2,11,금
2022-02-11,5호선,하남검단산,5320,5148,10468,172,2,11,금
2022-02-11,6호선,응암,16865,17081,33946,-216,2,11,금
2022-02-11,6호선,역촌,3844,4484,8328,-640,2,11,금
2022-02-11,6호선,불광,3999,4070,8069,-71,2,11,금
2022-02-11,6호선,독바위,2641,2632,5273,9,2,11,금
2022-02-11,6호선,연신내,3,0,3,3,2,11,금
2022-02-11,6호선,구산,7384,5622,13006,1762,2,11,금
2022-02-11,6호선,새절(신사),12059,11428,23487,631,2,11,금
2022-02-11,6호선,증산(명지대앞),9579,9519,19098,60,2,11,금
2022-02-11,6호선,디지털미디어시티,13024,13967,26991,-943,2,11,금
2022-02-11,6호선,월드컵경기장(성산),3955,4074,8029,-119,2,11,금
2022-02-11,6호선,마포구청,13936,12611,26547,1325,2,11,금
2022-02-11,6호선,망원,14038,15029,29067,-991,2,11,금
2022-02-11,6호선,합정,12853,12314,25167,539,2,11,금
2022-02-11,6호선,상수,8026,9029,17055,-1003,2,11,금
2022-02-11,6호선,광흥창(서강),8551,8413,16964,138,2,11,금
2022-02-11,6호선,대흥(서강대앞),7671,7866,15537,-195,2,11,금
2022-02-11,6호선,공덕,17844,17124,34968,720,2,11,금
2022-02-11,6호선,효창공원앞,6718,6082,12800,636,2,11,금
2022-02-11,6호선,삼각지,5955,5280,11235,675,2,11,금
2022-02-11,6호선,녹사평(용산구청),4360,4430,8790,-70,2,11,금
2022-02-11,6호선,이태원,9314,9726,19040,-412,2,11,금
2022-02-11,6호선,한강진,7460,8291,15751,-831,2,11,금
2022-02-11,6호선,버티고개,1938,1966,3904,-28,2,11,금
2022-02-11,6호선,약수,3556,3535,7091,21,2,11,금
2022-02-11,6호선,청구,3638,3897,7535,-259,2,11,금
2022-02-11,6호선,신당,7405,7668,15073,-263,2,11,금
2022-02-11,6호선,동묘앞,7579,7658,15237,-79,2,11,금
2022-02-11,6호선,창신,3174,2499,5673,675,2,11,금
2022-02-11,6호선,보문,7034,6431,13465,603,2,11,금
2022-02-11,6호선,안암(고대병원앞),9201,8948,18149,253,2,11,금
2022-02-11,6호선,고려대(종암),7518,7070,14588,448,2,11,금
2022-02-11,6호선,월곡(동덕여대),11025,10672,21697,353,2,11,금
2022-02-11,6호선,상월곡(한국과학기술연구원),5772,5235,11007,537,2,11,금
2022-02-11,6호선,돌곶이,8889,8293,17182,596,2,11,금
2022-02-11,6호선,석계,11527,11844,23371,-317,2,11,금
2022-02-11,6호선,태릉입구,5199,5732,10931,-533,2,11,금
2022-02-11,6호선,화랑대(서울여대입구),11111,8747,19858,2364,2,11,금
2022-02-11,6호선,봉화산(서울의료원),8542,8034,16576,508,2,11,금
2022-02-11,7호선,장암,2082,807,2889,1275,2,11,금
2022-02-11,7호선,도봉산,8876,9812,18688,-936,2,11,금
2022-02-11,7호선,수락산,12069,11851,23920,218,2,11,금
2022-02-11,7호선,마들,12377,11699,24076,678,2,11,금
2022-02-11,7호선,중계,13392,12045,25437,1347,2,11,금
2022-02-11,7호선,하계,16786,15661,32447,1125,2,11,금
2022-02-11,7호선,공릉(서울과학기술대),11113,10979,22092,134,2,11,금
2022-02-11,7호선,태릉입구,8121,7838,15959,283,2,11,금
2022-02-11,7호선,먹골,9901,9710,19611,191,2,11,금
2022-02-11,7호선,중화,10367,10095,20462,272,2,11,금
2022-02-11,7호선,상봉(시외버스터미널),16419,15628,32047,791,2,11,금
2022-02-11,7호선,면목,14845,14508,29353,337,2,11,금
2022-02-11,7호선,사가정,15652,15733,31385,-81,2,11,금
2022-02-11,7호선,용마산(용마폭포공원),5710,5528,11238,182,2,11,금
2022-02-11,7호선,중곡,10133,9707,19840,426,2,11,금
2022-02-11,7호선,군자(능동),14788,11777,26565,3011,2,11,금
2022-02-11,7호선,어린이대공원(세종대),11703,11528,23231,175,2,11,금
2022-02-11,7호선,건대입구,11385,11874,23259,-489,2,11,금
2022-02-11,7호선,뚝섬유원지,7335,7116,14451,219,2,11,금
2022-02-11,7호선,청담,18675,20829,39504,-2154,2,11,금
2022-02-11,7호선,강남구청,16377,17946,34323,-1569,2,11,금
2022-02-11,7호선,학동,23696,24977,48673,-1281,2,11,금
2022-02-11,7호선,논현,20570,21979,42549,-1409,2,11,금
2022-02-11,7호선,반포,5713,5329,11042,384,2,11,금
2022-02-11,7호선,고속터미널,15520,12987,28507,2533,2,11,금
2022-02-11,7호선,내방,14277,14517,28794,-240,2,11,금
2022-02-11,7호선,이수,15776,14946,30722,830,2,11,금
2022-02-11,7호선,남성,10627,9814,20441,813,2,11,금
2022-02-11,7호선,숭실대입구(살피재),10923,10798,21721,125,2,11,금
2022-02-11,7호선,상도,10300,9871,20171,429,2,11,금
2022-02-11,7호선,장승배기,8910,8768,17678,142,2,11,금
2022-02-11,7호선,신대방삼거리,16130,15348,31478,782,2,11,금
2022-02-11,7호선,보라매,9296,9268,18564,28,2,11,금
2022-02-11,7호선,신풍,11188,10688,21876,500,2,11,금
2022-02-11,7호선,대림(구로구청),7279,7315,14594,-36,2,11,금
2022-02-11,7호선,남구로,15386,16409,31795,-1023,2,11,금
2022-02-11,7호선,가산디지털단지,44501,44232,88733,269,2,11,금
2022-02-11,7호선,철산,20236,20719,40955,-483,2,11,금
2022-02-11,7호선,광명사거리,21783,21432,43215,351,2,11,금
2022-02-11,7호선,천왕,11014,10307,21321,707,2,11,금
2022-02-11,7호선,온수(성공회대입구),9684,8972,18656,712,2,11,금
2022-02-11,7호선,굴포천,1,0,1,1,2,11,금
2022-02-11,8호선,암사,18305,16387,34692,1918,2,11,금
2022-02-11,8호선,천호(풍납토성),14743,17210,31953,-2467,2,11,금
2022-02-11,8호선,강동구청,10414,10695,21109,-281,2,11,금
2022-02-11,8호선,몽촌토성(평화의문),5806,5919,11725,-113,2,11,금
2022-02-11,8호선,잠실(송파구청),13823,15986,29809,-2163,2,11,금
2022-02-11,8호선,석촌,7802,9027,16829,-1225,2,11,금
2022-02-11,8호선,송파,7248,7355,14603,-107,2,11,금
2022-02-11,8호선,가락시장,7594,8350,15944,-756,2,11,금
2022-02-11,8호선,문정,21763,22699,44462,-936,2,11,금
2022-02-11,8호선,장지,16786,16079,32865,707,2,11,금
2022-02-11,8호선,복정,9311,7883,17194,1428,2,11,금
2022-02-11,8호선,산성,4979,4984,9963,-5,2,11,금
2022-02-11,8호선,남한산성입구(성남법원.검찰청),12970,11622,24592,1348,2,11,금
2022-02-11,8호선,단대오거리,10159,9941,20100,218,2,11,금
2022-02-11,8호선,수진,5160,4607,9767,553,2,11,금
2022-02-11,8호선,모란,3979,3219,7198,760,2,11,금
2022-02-11,8호선,남위례,3989,4284,8273,-295,2,11,금
2022-02-11,9호선,개화,2394,1641,4035,753,2,11,금
2022-02-11,9호선,김포공항,7601,12123,19724,-4522,2,11,금
2022-02-11,9호선,공항시장,2894,3107,6001,-213,2,11,금
2022-02-11,9호선,신방화,6496,6266,12762,230,2,11,금
2022-02-11,9호선,마곡나루(서울식물원),11675,11307,22982,368,2,11,금
2022-02-11,9호선,양천향교,9205,9311,18516,-106,2,11,금
2022-02-11,9호선,가양,19648,19138,38786,510,2,11,금
2022-02-11,9호선,증미,7107,6952,14059,155,2,11,금
2022-02-11,9호선,등촌,11152,11036,22188,116,2,11,금
2022-02-11,9호선,염창,16446,16024,32470,422,2,11,금
2022-02-11,9호선,신목동,3805,3404,7209,401,2,11,금
2022-02-11,9호선,선유도,8464,8111,16575,353,2,11,금
2022-02-11,9호선,당산,17852,17805,35657,47,2,11,금
2022-02-11,9호선,국회의사당,15489,15995,31484,-506,2,11,금
2022-02-11,9호선,여의도,26712,25131,51843,1581,2,11,금
2022-02-11,9호선,샛강,5539,5598,11137,-59,2,11,금
2022-02-11,9호선,노량진,25213,23853,49066,1360,2,11,금
2022-02-11,9호선,노들,4366,3613,7979,753,2,11,금
2022-02-11,9호선,흑석(중앙대입구),7728,7963,15691,-235,2,11,금
2022-02-11,9호선,동작(현충원),1949,1562,3511,387,2,11,금
2022-02-11,9호선,구반포,1360,1392,2752,-32,2,11,금
2022-02-11,9호선,신반포,3112,3047,6159,65,2,11,금
2022-02-11,9호선,고속터미널,11800,15952,27752,-4152,2,11,금
2022-02-11,9호선,사평,3428,3196,6624,232,2,11,금
2022-02-11,9호선,신논현,32001,31664,63665,337,2,11,금
2022-02-11,9호선2~3단계,언주,10512,10594,21106,-82,2,11,금
2022-02-11,9호선2~3단계,선정릉,9524,10255,19779,-731,2,11,금
2022-02-11,9호선2~3단계,삼성중앙,6745,7061,13806,-316,2,11,금
2022-02-11,9호선2~3단계,봉은사,15432,15639,31071,-207,2,11,금
2022-02-11,9호선2~3단계,종합운동장,4034,4149,8183,-115,2,11,금
2022-02-11,9호선2~3단계,삼전,6861,6560,13421,301,2,11,금
2022-02-11,9호선2~3단계,석촌고분,6074,5978,12052,96,2,11,금
2022-02-11,9호선2~3단계,석촌,8327,7447,15774,880,2,11,금
2022-02-11,9호선2~3단계,송파나루,4999,5355,10354,-356,2,11,금
2022-02-11,9호선2~3단계,한성백제,2516,2261,4777,255,2,11,금
2022-02-11,9호선2~3단계,올림픽공원(한국체대),5468,5407,10875,61,2,11,금
2022-02-11,9호선2~3단계,둔촌오륜,1123,1033,2156,90,2,11,금
2022-02-11,9호선2~3단계,중앙보훈병원,10118,8982,19100,1136,2,11,금
2022-02-11,경강선,판교,4535,4576,9111,-41,2,11,금
2022-02-11,경강선,이매,1044,943,1987,101,2,11,금
2022-02-11,경강선,삼동,2301,2108,4409,193,2,11,금
2022-02-11,경강선,경기광주,7276,7041,14317,235,2,11,금
2022-02-11,경강선,초월,3026,2889,5915,137,2,11,금
2022-02-11,경강선,곤지암,2204,2183,4387,21,2,11,금
2022-02-11,경강선,신둔도예촌,1302,1244,2546,58,2,11,금
2022-02-11,경강선,이천,2571,2604,5175,-33,2,11,금
2022-02-11,경강선,부발,2603,1870,4473,733,2,11,금
2022-02-11,경강선,세종대왕릉,293,303,596,-10,2,11,금
2022-02-11,경강선,여주,1838,1929,3767,-91,2,11,금
2022-02-11,경부선,서울역,6679,2199,8878,4480,2,11,금
2022-02-11,경부선,남영,8669,9036,17705,-367,2,11,금
2022-02-11,경부선,용산,33823,34584,68407,-761,2,11,금
2022-02-11,경부선,노량진,7886,7862,15748,24,2,11,금
2022-02-11,경부선,대방,12258,12663,24921,-405,2,11,금
2022-02-11,경부선,영등포,37618,38556,76174,-938,2,11,금
2022-02-11,경부선,신도림,3973,3884,7857,89,2,11,금
2022-02-11,경부선,신길,8499,7087,15586,1412,2,11,금
2022-02-11,경부선,구로,17835,18166,36001,-331,2,11,금
2022-02-11,경부선,가산디지털단지,17523,20217,37740,-2694,2,11,금
2022-02-11,경부선,금천구청,11426,11586,23012,-160,2,11,금
2022-02-11,경부선,석수,9224,8272,17496,952,2,11,금
2022-02-11,경부선,관악,6853,6462,13315,391,2,11,금
2022-02-11,경부선,안양,20043,20365,40408,-322,2,11,금
2022-02-11,경부선,명학,8432,8262,16694,170,2,11,금
2022-02-11,경부선,금정,25844,25975,51819,-131,2,11,금
2022-02-11,경부선,군포,7756,7577,15333,179,2,11,금
2022-02-11,경부선,의왕,8652,8637,17289,15,2,11,금
2022-02-11,경부선,성균관대,12959,12882,25841,77,2,11,금
2022-02-11,경부선,화서,7381,7271,14652,110,2,11,금
2022-02-11,경부선,수원,31967,34478,66445,-2511,2,11,금
2022-02-11,경부선,독산,17925,18635,36560,-710,2,11,금
2022-02-11,경부선,세류,2809,2711,5520,98,2,11,금
2022-02-11,경부선,병점,13630,13206,26836,424,2,11,금
2022-02-11,경부선,세마,2672,2477,5149,195,2,11,금
2022-02-11,경부선,오산대,3187,2992,6179,195,2,11,금
2022-02-11,경부선,오산,9456,9158,18614,298,2,11,금
2022-02-11,경부선,진위,1620,1342,2962,278,2,11,금
2022-02-11,경부선,송탄,4135,3919,8054,216,2,11,금
2022-02-11,경부선,서정리,6986,5641,12627,1345,2,11,금
2022-02-11,경부선,평택지제,3512,3263,6775,249,2,11,금
2022-02-11,경부선,평택,11139,10695,21834,444,2,11,금
2022-02-11,경부선,성환,3272,3050,6322,222,2,11,금
2022-02-11,경부선,직산,745,706,1451,39,2,11,금
2022-02-11,경부선,두정,4797,4728,9525,69,2,11,금
2022-02-11,경부선,천안,4552,4823,9375,-271,2,11,금
2022-02-11,경부선,당정,5842,5593,11435,249,2,11,금
2022-02-11,경부선,서동탄,1351,1235,2586,116,2,11,금
2022-02-11,경부선,광명,3240,3033,6273,207,2,11,금
2022-02-11,경원선,이촌(국립중앙박물관),3503,2754,6257,749,2,11,금
2022-02-11,경원선,서빙고,1961,1790,3751,171,2,11,금
2022-02-11,경원선,한남,3997,3786,7783,211,2,11,금
2022-02-11,경원선,옥수,55,42,97,13,2,11,금
2022-02-11,경원선,응봉,1812,1495,3307,317,2,11,금
2022-02-11,경원선,왕십리(성동구청),13752,15393,29145,-1641,2,11,금
2022-02-11,경원선,청량리(서울시립대입구),15043,15765,30808,-722,2,11,금
2022-02-11,경원선,외대앞,6825,6764,13589,61,2,11,금
2022-02-11,경원선,신이문,7914,7290,15204,624,2,11,금
2022-02-11,경원선,석계,7834,8673,16507,-839,2,11,금
2022-02-11,경원선,광운대,7128,6901,14029,227,2,11,금
2022-02-11,경원선,월계,6371,5984,12355,387,2,11,금
2022-02-11,경원선,녹천,4465,3812,8277,653,2,11,금
2022-02-11,경원선,창동,2,0,2,2,2,11,금
2022-02-11,경원선,방학,9423,9185,18608,238,2,11,금
2022-02-11,경원선,도봉,5976,5692,11668,284,2,11,금
2022-02-11,경원선,도봉산,6668,4611,11279,2057,2,11,금
2022-02-11,경원선,망월사,6912,7051,13963,-139,2,11,금
2022-02-11,경원선,회룡,11777,11754,23531,23,2,11,금
2022-02-11,경원선,의정부,17510,18251,35761,-741,2,11,금
2022-02-11,경원선,가능,6068,5828,11896,240,2,11,금
2022-02-11,경원선,녹양,4329,4155,8484,174,2,11,금
2022-02-11,경원선,양주,7161,6717,13878,444,2,11,금
2022-02-11,경원선,덕계,2892,2612,5504,280,2,11,금
2022-02-11,경원선,덕정,4872,4729,9601,143,2,11,금
2022-02-11,경원선,지행,5854,5938,11792,-84,2,11,금
2022-02-11,경원선,동두천중앙,2963,2817,5780,146,2,11,금
2022-02-11,경원선,보산,1497,1334,2831,163,2,11,금
2022-02-11,경원선,동두천,1931,2128,4059,-197,2,11,금
2022-02-11,경원선,소요산,2360,2031,4391,329,2,11,금
2022-02-11,경의선,서울역,3986,4908,8894,-922,2,11,금
2022-02-11,경의선,신촌,788,985,1773,-197,2,11,금
2022-02-11,경의선,효창공원앞,2784,3254,6038,-470,2,11,금
2022-02-11,경의선,공덕,3441,3018,6459,423,2,11,금
2022-02-11,경의선,서강대,2008,1967,3975,41,2,11,금
2022-02-11,경의선,홍대입구,1644,1940,3584,-296,2,11,금
2022-02-11,경의선,가좌,5029,4973,10002,56,2,11,금
2022-02-11,경의선,디지털미디어시티,2370,2210,4580,160,2,11,금
2022-02-11,경의선,수색,2628,2703,5331,-75,2,11,금
2022-02-11,경의선,화전,1357,1258,2615,99,2,11,금
2022-02-11,경의선,강매,2979,2655,5634,324,2,11,금
2022-02-11,경의선,행신,7561,7783,15344,-222,2,11,금
2022-02-11,경의선,능곡,3612,3337,6949,275,2,11,금
2022-02-11,경의선,곡산,511,545,1056,-34,2,11,금
2022-02-11,경의선,백마,6345,6293,12638,52,2,11,금
2022-02-11,경의선,풍산,5313,5039,10352,274,2,11,금
2022-02-11,경의선,일산,8580,8767,17347,-187,2,11,금
2022-02-11,경의선,탄현,7251,7071,14322,180,2,11,금
2022-02-11,경의선,야당,7064,6864,13928,200,2,11,금
2022-02-11,경의선,운정,6431,6135,12566,296,2,11,금
2022-02-11,경의선,금릉,4425,4290,8715,135,2,11,금
2022-02-11,경의선,금촌,6403,6474,12877,-71,2,11,금
2022-02-11,경의선,월롱,2589,2074,4663,515,2,11,금
2022-02-11,경의선,파주,953,706,1659,247,2,11,금
2022-02-11,경의선,문산,4888,4724,9612,164,2,11,금
2022-02-11,경의선,임진강,12,2,14,10,2,11,금
2022-02-11,경인선,개봉,20517,20376,40893,141,2,11,금
2022-02-11,경인선,오류동,11226,10520,21746,706,2,11,금
2022-02-11,경인선,역곡,25473,25290,50763,183,2,11,금
2022-02-11,경인선,부천,30816,31401,62217,-585,2,11,금
2022-02-11,경인선,송내,24972,25169,50141,-197,2,11,금
2022-02-11,경인선,부평,27808,30024,57832,-2216,2,11,금
2022-02-11,경인선,백운,6417,6292,12709,125,2,11,금
2022-02-11,경인선,동암,13720,14136,27856,-416,2,11,금
2022-02-11,경인선,주안,17373,15849,33222,1524,2,11,금
2022-02-11,경인선,제물포,9835,9389,19224,446,2,11,금
2022-02-11,경인선,동인천,12880,12314,25194,566,2,11,금
2022-02-11,경인선,인천,3132,2496,5628,636,2,11,금
2022-02-11,경인선,구일,5668,5721,11389,-53,2,11,금
2022-02-11,경인선,소사,8090,8011,16101,79,2,11,금
2022-02-11,경인선,부개,8072,7438,15510,634,2,11,금
2022-02-11,경인선,간석,5503,5166,10669,337,2,11,금
2022-02-11,경인선,도원,2387,2455,4842,-68,2,11,금
2022-02-11,경인선,온수(성공회대입구),6151,5981,12132,170,2,11,금
2022-02-11,경인선,중동,8910,8284,17194,626,2,11,금
2022-02-11,경인선,도화,3852,3602,7454,250,2,11,금
2022-02-11,경춘선,신내,1937,1800,3737,137,2,11,금
2022-02-11,경춘선,갈매,2913,2520,5433,393,2,11,금
2022-02-11,경춘선,별내,3217,3084,6301,133,2,11,금
2022-02-11,경춘선,퇴계원,3393,3168,6561,225,2,11,금
2022-02-11,경춘선,사릉,2950,2937,5887,13,2,11,금
2022-02-11,경춘선,금곡,1408,1301,2709,107,2,11,금
2022-02-11,경춘선,평내호평,5630,5560,11190,70,2,11,금
2022-02-11,경춘선,천마산,1582,1475,3057,107,2,11,금
2022-02-11,경춘선,마석,3528,3646,7174,-118,2,11,금
2022-02-11,경춘선,대성리,429,411,840,18,2,11,금
2022-02-11,경춘선,청평,1370,1341,2711,29,2,11,금
2022-02-11,경춘선,상천,206,204,410,2,2,11,금
2022-02-11,경춘선,가평,1453,1456,2909,-3,2,11,금
2022-02-11,경춘선,굴봉산,129,163,292,-34,2,11,금
2022-02-11,경춘선,백양리,316,273,589,43,2,11,금
2022-02-11,경춘선,강촌,313,338,651,-25,2,11,금
2022-02-11,경춘선,김유정,288,326,614,-38,2,11,금
2022-02-11,경춘선,남춘천,2173,2177,4350,-4,2,11,금
2022-02-11,경춘선,춘천,1079,1056,2135,23,2,11,금
2022-02-11,공항철도 1호선,서울역,8091,7482,15573,609,2,11,금
2022-02-11,공항철도 1호선,공덕,2225,2953,5178,-728,2,11,금
2022-02-11,공항철도 1호선,홍대입구,9648,9551,19199,97,2,11,금
2022-02-11,공항철도 1호선,디지털미디어시티,13074,11894,24968,1180,2,11,금
2022-02-11,공항철도 1호선,마곡나루(서울식물원),7843,7597,15440,246,2,11,금
2022-02-11,공항철도 1호선,김포공항,14087,6855,20942,7232,2,11,금
2022-02-11,공항철도 1호선,계양,9595,9123,18718,472,2,11,금
2022-02-11,공항철도 1호선,검암,6387,6483,12870,-96,2,11,금
2022-02-11,공항철도 1호선,청라국제도시,6537,6098,12635,439,2,11,금
2022-02-11,공항철도 1호선,운서,6391,6366,12757,25,2,11,금
2022-02-11,공항철도 1호선,공항화물청사,2287,2372,4659,-85,2,11,금
2022-02-11,공항철도 1호선,인천공항1터미널,3384,3682,7066,-298,2,11,금
2022-02-11,공항철도 1호선,인천공항2터미널,1989,1989,3978,0,2,11,금
2022-02-11,공항철도 1호선,영종,2755,2851,5606,-96,2,11,금
2022-02-11,과천선,선바위,8034,7390,15424,644,2,11,금
2022-02-11,과천선,경마공원,5518,5752,11270,-234,2,11,금
2022-02-11,과천선,대공원,2595,2766,5361,-171,2,11,금
2022-02-11,과천선,과천,5944,6713,12657,-769,2,11,금
2022-02-11,과천선,정부과천청사,9861,10312,20173,-451,2,11,금
2022-02-11,과천선,인덕원,23380,24402,47782,-1022,2,11,금
2022-02-11,과천선,평촌,16949,16912,33861,37,2,11,금
2022-02-11,과천선,범계,24599,24524,49123,75,2,11,금
2022-02-11,분당선,선릉,13050,19448,32498,-6398,2,11,금
2022-02-11,분당선,한티,14503,15537,30040,-1034,2,11,금
2022-02-11,분당선,도곡,6887,6731,13618,156,2,11,금
2022-02-11,분당선,구룡,1994,1961,3955,33,2,11,금
2022-02-11,분당선,개포동,3627,3865,7492,-238,2,11,금
2022-02-11,분당선,대모산입구,4442,4224,8666,218,2,11,금
2022-02-11,분당선,수서,13895,14769,28664,-874,2,11,금
2022-02-11,분당선,수원,7895,6665,14560,1230,2,11,금
2022-02-11,분당선,서울숲,9982,10154,20136,-172,2,11,금
2022-02-11,분당선,압구정로데오,20362,22218,42580,-1856,2,11,금
2022-02-11,분당선,강남구청,10339,11671,22010,-1332,2,11,금
2022-02-11,분당선,선정릉,8025,8359,16384,-334,2,11,금
2022-02-11,분당선,가천대,6162,7028,13190,-866,2,11,금
2022-02-11,분당선,태평,13145,12641,25786,504,2,11,금
2022-02-11,분당선,모란,19318,19373,38691,-55,2,11,금
2022-02-11,분당선,야탑,25249,26376,51625,-1127,2,11,금
2022-02-11,분당선,서현,24636,24836,49472,-200,2,11,금
2022-02-11,분당선,수내,13087,13041,26128,46,2,11,금
2022-02-11,분당선,정자,16951,17966,34917,-1015,2,11,금
2022-02-11,분당선,미금,15361,16212,31573,-851,2,11,금
2022-02-11,분당선,오리,11415,9400,20815,2015,2,11,금
2022-02-11,분당선,이매,5349,5246,10595,103,2,11,금
2022-02-11,분당선,보정,2289,2019,4308,270,2,11,금
2022-02-11,분당선,죽전,12613,13647,26260,-1034,2,11,금
2022-02-11,분당선,구성,4803,4993,9796,-190,2,11,금
2022-02-11,분당선,신갈,4375,4356,8731,19,2,11,금
2022-02-11,분당선,기흥,9064,8672,17736,392,2,11,금
2022-02-11,분당선,상갈,5161,4838,9999,323,2,11,금
2022-02-11,분당선,청명,4137,3909,8046,228,2,11,금
2022-02-11,분당선,영통,8123,8261,16384,-138,2,11,금
2022-02-11,분당선,망포,14134,13243,27377,891,2,11,금
2022-02-11,분당선,매탄권선,4798,4655,9453,143,2,11,금
2022-02-11,분당선,수원시청,12466,13555,26021,-1089,2,11,금
2022-02-11,분당선,매교,2673,2713,5386,-40,2,11,금
2022-02-11,수인선,고색,4582,4240,8822,342,2,11,금
2022-02-11,수인선,오목천,2724,2471,5195,253,2,11,금
2022-02-11,수인선,어천,767,681,1448,86,2,11,금
2022-02-11,수인선,야목,334,262,596,72,2,11,금
2022-02-11,수인선,사리,4292,3855,8147,437,2,11,금
2022-02-11,수인선,달월,100,59,159,41,2,11,금
2022-02-11,수인선,월곶,2410,2267,4677,143,2,11,금
2022-02-11,수인선,소래포구,4486,4320,8806,166,2,11,금
2022-02-11,수인선,인천논현,5358,5772,11130,-414,2,11,금
2022-02-11,수인선,호구포,3946,3979,7925,-33,2,11,금
2022-02-11,수인선,남동인더스파크,2340,2535,4875,-195,2,11,금
2022-02-11,수인선,원인재,4246,4435,8681,-189,2,11,금
2022-02-11,수인선,연수,4229,4284,8513,-55,2,11,금
2022-02-11,수인선,송도,2373,2209,4582,164,2,11,금
2022-02-11,수인선,인하대,5291,4952,10243,339,2,11,금
2022-02-11,수인선,숭의,3841,3511,7352,330,2,11,금
2022-02-11,수인선,신포,1615,1691,3306,-76,2,11,금
2022-02-11,수인선,인천,1025,1590,2615,-565,2,11,금
2022-02-11,안산선,산본,15280,16470,31750,-1190,2,11,금
2022-02-11,안산선,대야미,4875,4291,9166,584,2,11,금
2022-02-11,안산선,반월,3963,3789,7752,174,2,11,금
2022-02-11,안산선,상록수,14893,15499,30392,-606,2,11,금
2022-02-11,안산선,한대앞,8155,8444,16599,-289,2,11,금
2022-02-11,안산선,중앙,16637,17131,33768,-494,2,11,금
2022-02-11,안산선,고잔,8480,7992,16472,488,2,11,금
2022-02-11,안산선,초지,4323,4638,8961,-315,2,11,금
2022-02-11,안산선,안산,10822,9954,20776,868,2,11,금
2022-02-11,장항선,배방,987,951,1938,36,2,11,금
2022-02-11,장항선,온양온천,3208,3304,6512,-96,2,11,금
2022-02-11,장항선,신창(순천향대),1060,849,1909,211,2,11,금
2022-02-11,중앙선,회기,22394,21599,43993,795,2,11,금
2022-02-11,중앙선,중랑,5443,5113,10556,330,2,11,금
2022-02-11,중앙선,상봉(시외버스터미널),5723,5768,11491,-45,2,11,금
2022-02-11,중앙선,망우,7420,7424,14844,-4,2,11,금
2022-02-11,중앙선,양원,2180,2081,4261,99,2,11,금
2022-02-11,중앙선,구리,12740,13018,25758,-278,2,11,금
2022-02-11,중앙선,도농,10002,9110,19112,892,2,11,금
2022-02-11,중앙선,양정,644,554,1198,90,2,11,금
2022-02-11,중앙선,덕소,5173,5204,10377,-31,2,11,금
2022-02-11,중앙선,도심,2169,1743,3912,426,2,11,금
2022-02-11,중앙선,팔당,762,792,1554,-30,2,11,금
2022-02-11,중앙선,운길산,614,617,1231,-3,2,11,금
2022-02-11,중앙선,양수,1781,1713,3494,68,2,11,금
2022-02-11,중앙선,신원,154,143,297,11,2,11,금
2022-02-11,중앙선,국수,569,562,1131,7,2,11,금
2022-02-11,중앙선,아신,454,468,922,-14,2,11,금
2022-02-11,중앙선,오빈,239,224,463,15,2,11,금
2022-02-11,중앙선,양평,2418,2494,4912,-76,2,11,금
2022-02-11,중앙선,원덕,282,302,584,-20,2,11,금
2022-02-11,중앙선,용문,1358,1481,2839,-123,2,11,금
2022-02-11,중앙선,지평,58,66,124,-8,2,11,금
2022-02-11,8호선,신흥,4047,4472,8519,-425,2,11,금
2022-02-12,경강선,곤지암,1734,1703,3437,31,2,12,토
2022-02-12,6호선,효창공원앞,4302,3912,8214,390,2,12,토
2022-02-12,1호선,서울역,25027,25115,50142,-88,2,12,토
2022-02-12,1호선,동묘앞,10166,10566,20732,-400,2,12,토
2022-02-12,1호선,시청,9220,9699,18919,-479,2,12,토
2022-02-12,1호선,종각,15857,14805,30662,1052,2,12,토
2022-02-12,1호선,종로3가,20757,18690,39447,2067,2,12,토
2022-02-12,1호선,종로5가,16296,16389,32685,-93,2,12,토
2022-02-12,1호선,동대문,9279,8508,17787,771,2,12,토
2022-02-12,1호선,신설동,9288,8709,17997,579,2,12,토
2022-02-12,1호선,제기동,14298,14846,29144,-548,2,12,토
2022-02-12,1호선,청량리(서울시립대입구),16459,16798,33257,-339,2,12,토
2022-02-12,2호선,시청,7806,7082,14888,724,2,12,토
2022-02-12,2호선,을지로입구,17962,17548,35510,414,2,12,토
2022-02-12,2호선,을지로3가,9278,9066,18344,212,2,12,토
2022-02-12,2호선,을지로4가,6361,6551,12912,-190,2,12,토
2022-02-12,2호선,동대문역사문화공원(DDP),9086,9947,19033,-861,2,12,토
2022-02-12,2호선,신당,10066,10701,20767,-635,2,12,토
2022-02-12,2호선,상왕십리,8748,8449,17197,299,2,12,토
2022-02-12,2호선,왕십리(성동구청),11563,10174,21737,1389,2,12,토
2022-02-12,2호선,한양대,3469,3555,7024,-86,2,12,토
2022-02-12,2호선,뚝섬,12347,12528,24875,-181,2,12,토
2022-02-12,2호선,성수,18142,20031,38173,-1889,2,12,토
2022-02-12,2호선,건대입구,29724,31837,61561,-2113,2,12,토
2022-02-12,2호선,구의(광진구청),15027,14801,29828,226,2,12,토
2022-02-12,2호선,강변(동서울터미널),22057,21964,44021,93,2,12,토
2022-02-12,2호선,잠실나루,6549,6413,12962,136,2,12,토
2022-02-12,2호선,잠실(송파구청),54470,51844,106314,2626,2,12,토
2022-02-12,2호선,잠실새내,14878,15450,30328,-572,2,12,토
2022-02-12,2호선,종합운동장,4733,5070,9803,-337,2,12,토
2022-02-12,2호선,삼성(무역센터),24022,23963,47985,59,2,12,토
2022-02-12,2호선,선릉,21814,19482,41296,2332,2,12,토
2022-02-12,2호선,역삼,17654,19453,37107,-1799,2,12,토
2022-02-12,2호선,강남,56473,55193,111666,1280,2,12,토
2022-02-12,2호선,교대(법원.검찰청),15568,17343,32911,-1775,2,12,토
2022-02-12,2호선,서초,9722,8521,18243,1201,2,12,토
2022-02-12,2호선,방배,8573,8956,17529,-383,2,12,토
2022-02-12,2호선,사당,27458,29598,57056,-2140,2,12,토
2022-02-12,2호선,낙성대(강감찬),19030,17834,36864,1196,2,12,토
2022-02-12,2호선,서울대입구(관악구청),34877,34137,69014,740,2,12,토
2022-02-12,2호선,봉천,15807,14770,30577,1037,2,12,토
2022-02-12,2호선,신림,45930,44514,90444,1416,2,12,토
2022-02-12,2호선,신대방,18289,17812,36101,477,2,12,토
2022-02-12,2호선,구로디지털단지,31094,30496,61590,598,2,12,토
2022-02-12,2호선,대림(구로구청),16249,17059,33308,-810,2,12,토
2022-02-12,2호선,신도림,36328,36715,73043,-387,2,12,토
2022-02-12,2호선,문래,11868,12559,24427,-691,2,12,토
2022-02-12,2호선,영등포구청,11970,12443,24413,-473,2,12,토
2022-02-12,2호선,당산,11292,12207,23499,-915,2,12,토
2022-02-12,2호선,합정,25608,27756,53364,-2148,2,12,토
2022-02-12,2호선,홍대입구,54688,57313,112001,-2625,2,12,토
2022-02-12,2호선,신촌,25833,25816,51649,17,2,12,토
2022-02-12,2호선,이대,8634,8970,17604,-336,2,12,토
2022-02-12,2호선,아현,6613,6337,12950,276,2,12,토
2022-02-12,2호선,충정로(경기대입구),5092,5485,10577,-393,2,12,토
2022-02-12,2호선,용답,1880,1820,3700,60,2,12,토
2022-02-12,2호선,신답,972,964,1936,8,2,12,토
2022-02-12,2호선,신설동,3180,3253,6433,-73,2,12,토
2022-02-12,2호선,도림천,765,736,1501,29,2,12,토
2022-02-12,2호선,양천구청,4134,4183,8317,-49,2,12,토
2022-02-12,2호선,신정네거리,6747,6849,13596,-102,2,12,토
2022-02-12,2호선,용두(동대문구청),1526,1580,3106,-54,2,12,토
2022-02-12,3호선,지축,2778,2615,5393,163,2,12,토
2022-02-12,3호선,구파발,13293,13198,26491,95,2,12,토
2022-02-12,3호선,연신내,26618,25342,51960,1276,2,12,토
2022-02-12,3호선,불광,11681,13247,24928,-1566,2,12,토
2022-02-12,3호선,녹번,9234,8110,17344,1124,2,12,토
2022-02-12,3호선,홍제,11977,11399,23376,578,2,12,토
2022-02-12,3호선,무악재,2384,2538,4922,-154,2,12,토
2022-02-12,3호선,독립문,5048,5362,10410,-314,2,12,토
2022-02-12,3호선,경복궁(정부서울청사),13616,14071,27687,-455,2,12,토
2022-02-12,3호선,안국,12941,14302,27243,-1361,2,12,토
2022-02-12,3호선,종로3가,5192,6884,12076,-1692,2,12,토
2022-02-12,3호선,을지로3가,4457,4626,9083,-169,2,12,토
2022-02-12,3호선,동대입구,6308,6810,13118,-502,2,12,토
2022-02-12,3호선,약수,8358,7712,16070,646,2,12,토
2022-02-12,3호선,금호,5287,4890,10177,397,2,12,토
2022-02-12,3호선,옥수,6115,6188,12303,-73,2,12,토
2022-02-12,3호선,압구정,23662,24654,48316,-992,2,12,토
2022-02-12,3호선,신사,24743,25282,50025,-539,2,12,토
2022-02-12,3호선,잠원,2903,2800,5703,103,2,12,토
2022-02-12,3호선,고속터미널,40908,40316,81224,592,2,12,토
2022-02-12,3호선,교대(법원.검찰청),6204,3711,9915,2493,2,12,토
2022-02-12,3호선,남부터미널(예술의전당),18481,18182,36663,299,2,12,토
2022-02-12,3호선,양재(서초구청),19240,20522,39762,-1282,2,12,토
2022-02-12,3호선,매봉,5807,5588,11395,219,2,12,토
2022-02-12,3호선,도곡,3106,3107,6213,-1,2,12,토
2022-02-12,3호선,대치,8659,7809,16468,850,2,12,토
2022-02-12,3호선,학여울,2705,2924,5629,-219,2,12,토
2022-02-12,3호선,대청,5482,5076,10558,406,2,12,토
2022-02-12,3호선,일원,5639,5393,11032,246,2,12,토
2022-02-12,3호선,수서,11683,12053,23736,-370,2,12,토
2022-02-12,3호선,가락시장,5443,5058,10501,385,2,12,토
2022-02-12,3호선,경찰병원,3535,3494,7029,41,2,12,토
2022-02-12,3호선,오금,3432,3318,6750,114,2,12,토
2022-02-12,4호선,수유(강북구청),24207,23930,48137,277,2,12,토
2022-02-12,4호선,미아(서울사이버대학),9864,9525,19389,339,2,12,토
2022-02-12,4호선,미아사거리,19906,18917,38823,989,2,12,토
2022-02-12,4호선,길음,12750,12408,25158,342,2,12,토
2022-02-12,4호선,성신여대입구(돈암),14883,14360,29243,523,2,12,토
2022-02-12,4호선,한성대입구(삼선교),9362,8943,18305,419,2,12,토
2022-02-12,4호선,혜화,25265,25599,50864,-334,2,12,토
2022-02-12,4호선,동대문,11479,11406,22885,73,2,12,토
2022-02-12,4호선,동대문역사문화공원(DDP),10038,8945,18983,1093,2,12,토
2022-02-12,4호선,충무로,11195,11580,22775,-385,2,12,토
2022-02-12,4호선,명동,11468,13069,24537,-1601,2,12,토
2022-02-12,4호선,회현(남대문시장),15015,16381,31396,-1366,2,12,토
2022-02-12,4호선,서울역,4896,10154,15050,-5258,2,12,토
2022-02-12,4호선,숙대입구(갈월),8120,7869,15989,251,2,12,토
2022-02-12,4호선,삼각지,3199,4040,7239,-841,2,12,토
2022-02-12,4호선,신용산,8903,9771,18674,-868,2,12,토
2022-02-12,4호선,이촌(국립중앙박물관),5762,6390,12152,-628,2,12,토
2022-02-12,4호선,동작(현충원),1249,1295,2544,-46,2,12,토
2022-02-12,4호선,총신대입구(이수),12811,13840,26651,-1029,2,12,토
2022-02-12,4호선,사당,18091,16036,34127,2055,2,12,토
2022-02-12,4호선,남태령,805,542,1347,263,2,12,토
2022-02-12,4호선,당고개,9298,8782,18080,516,2,12,토
2022-02-12,4호선,상계,12736,11979,24715,757,2,12,토
2022-02-12,4호선,노원,14459,15708,30167,-1249,2,12,토
2022-02-12,4호선,창동,18484,19365,37849,-881,2,12,토
2022-02-12,4호선,쌍문,19705,18059,37764,1646,2,12,토
2022-02-12,5호선,방화,4434,4203,8637,231,2,12,토
2022-02-12,5호선,개화산,3461,3417,6878,44,2,12,토
2022-02-12,5호선,김포공항,6778,6765,13543,13,2,12,토
2022-02-12,5호선,송정,4451,4474,8925,-23,2,12,토
2022-02-12,5호선,마곡,5141,5128,10269,13,2,12,토
2022-02-12,5호선,발산,12309,13024,25333,-715,2,12,토
2022-02-12,5호선,우장산,8903,8852,17755,51,2,12,토
2022-02-12,5호선,화곡,18454,17208,35662,1246,2,12,토
2022-02-12,5호선,까치산,19458,18861,38319,597,2,12,토
2022-02-12,5호선,신정(은행정),8166,7140,15306,1026,2,12,토
2022-02-12,5호선,목동,10713,10936,21649,-223,2,12,토
2022-02-12,5호선,오목교(목동운동장앞),15039,15423,30462,-384,2,12,토
2022-02-12,5호선,양평,3433,3361,6794,72,2,12,토
2022-02-12,5호선,영등포구청,1856,1818,3674,38,2,12,토
2022-02-12,5호선,영등포시장,7503,7752,15255,-249,2,12,토
2022-02-12,5호선,신길,2351,2439,4790,-88,2,12,토
2022-02-12,5호선,여의도,10132,10700,20832,-568,2,12,토
2022-02-12,5호선,여의나루,6533,7726,14259,-1193,2,12,토
2022-02-12,5호선,마포,6755,6909,13664,-154,2,12,토
2022-02-12,5호선,공덕,6351,6432,12783,-81,2,12,토
2022-02-12,5호선,애오개,3305,3240,6545,65,2,12,토
2022-02-12,5호선,충정로(경기대입구),1705,1626,3331,79,2,12,토
2022-02-12,5호선,서대문,6618,6424,13042,194,2,12,토
2022-02-12,5호선,광화문(세종문화회관),12032,12203,24235,-171,2,12,토
2022-02-12,5호선,종로3가,10364,10321,20685,43,2,12,토
2022-02-12,5호선,을지로4가,3004,3480,6484,-476,2,12,토
2022-02-12,5호선,동대문역사문화공원(DDP),920,1181,2101,-261,2,12,토
2022-02-12,5호선,청구,2393,2234,4627,159,2,12,토
2022-02-12,5호선,신금호,3923,4031,7954,-108,2,12,토
2022-02-12,5호선,행당,4829,4188,9017,641,2,12,토
2022-02-12,5호선,왕십리(성동구청),3293,3819,7112,-526,2,12,토
2022-02-12,5호선,마장,3547,3319,6866,228,2,12,토
2022-02-12,5호선,답십리,9366,8645,18011,721,2,12,토
2022-02-12,5호선,장한평,10321,10387,20708,-66,2,12,토
2022-02-12,5호선,군자(능동),7772,8380,16152,-608,2,12,토
2022-02-12,5호선,아차산(어린이대공원후문),10960,10716,21676,244,2,12,토
2022-02-12,5호선,광나루(장신대),9322,8894,18216,428,2,12,토
2022-02-12,5호선,천호(풍납토성),15428,14490,29918,938,2,12,토
2022-02-12,5호선,강동,11929,11304,23233,625,2,12,토
2022-02-12,5호선,길동,5601,5753,11354,-152,2,12,토
2022-02-12,5호선,굽은다리(강동구민회관앞),6421,6041,12462,380,2,12,토
2022-02-12,5호선,명일,5469,5579,11048,-110,2,12,토
2022-02-12,5호선,고덕,5613,5593,11206,20,2,12,토
2022-02-12,5호선,상일동,8352,7820,16172,532,2,12,토
2022-02-12,5호선,둔촌동,5591,5649,11240,-58,2,12,토
2022-02-12,5호선,올림픽공원(한국체대),2677,2367,5044,310,2,12,토
2022-02-12,5호선,방이,4845,4839,9684,6,2,12,토
2022-02-12,5호선,오금,1959,1853,3812,106,2,12,토
2022-02-12,5호선,개롱,3935,3995,7930,-60,2,12,토
2022-02-12,5호선,거여,5515,5274,10789,241,2,12,토
2022-02-12,5호선,마천,4440,4595,9035,-155,2,12,토
2022-02-12,5호선,강일,2644,2467,5111,177,2,12,토
2022-02-12,5호선,미사,10637,10607,21244,30,2,12,토
2022-02-12,5호선,하남풍산,2392,2469,4861,-77,2,12,토
2022-02-12,5호선,하남시청(덕풍·신장),4716,4557,9273,159,2,12,토
2022-02-12,5호선,하남검단산,4778,4679,9457,99,2,12,토
2022-02-12,6호선,응암,11658,11448,23106,210,2,12,토
2022-02-12,6호선,역촌,2450,2901,5351,-451,2,12,토
2022-02-12,6호선,불광,3361,3023,6384,338,2,12,토
2022-02-12,6호선,독바위,1810,2033,3843,-223,2,12,토
2022-02-12,6호선,구산,4924,3710,8634,1214,2,12,토
2022-02-12,6호선,새절(신사),8012,7632,15644,380,2,12,토
2022-02-12,6호선,증산(명지대앞),6733,6811,13544,-78,2,12,토
2022-02-12,6호선,디지털미디어시티,6642,6844,13486,-202,2,12,토
2022-02-12,6호선,월드컵경기장(성산),3444,3502,6946,-58,2,12,토
2022-02-12,6호선,마포구청,8754,7933,16687,821,2,12,토
2022-02-12,6호선,망원,12088,13104,25192,-1016,2,12,토
2022-02-12,6호선,합정,11309,10284,21593,1025,2,12,토
2022-02-12,6호선,상수,7330,8344,15674,-1014,2,12,토
2022-02-12,6호선,광흥창(서강),4794,4510,9304,284,2,12,토
2022-02-12,6호선,대흥(서강대앞),4796,4834,9630,-38,2,12,토
2022-02-12,6호선,공덕,9077,8545,17622,532,2,12,토
2022-02-12,6호선,삼각지,4479,3540,8019,939,2,12,토
2022-02-12,6호선,녹사평(용산구청),4138,4392,8530,-254,2,12,토
2022-02-12,6호선,이태원,10395,10769,21164,-374,2,12,토
2022-02-12,6호선,한강진,6345,7686,14031,-1341,2,12,토
2022-02-12,6호선,버티고개,1288,1361,2649,-73,2,12,토
2022-02-12,6호선,약수,2218,2341,4559,-123,2,12,토
2022-02-12,6호선,청구,2240,2206,4446,34,2,12,토
2022-02-12,6호선,신당,5769,4963,10732,806,2,12,토
2022-02-12,6호선,동묘앞,7046,6658,13704,388,2,12,토
2022-02-12,6호선,창신,2008,1609,3617,399,2,12,토
2022-02-12,6호선,보문,4839,4399,9238,440,2,12,토
2022-02-12,6호선,안암(고대병원앞),5444,5376,10820,68,2,12,토
2022-02-12,6호선,고려대(종암),5043,4931,9974,112,2,12,토
2022-02-12,6호선,월곡(동덕여대),6650,6647,13297,3,2,12,토
2022-02-12,6호선,상월곡(한국과학기술연구원),3667,3259,6926,408,2,12,토
2022-02-12,6호선,돌곶이,5483,5132,10615,351,2,12,토
2022-02-12,6호선,석계,7870,7956,15826,-86,2,12,토
2022-02-12,6호선,태릉입구,3722,3990,7712,-268,2,12,토
2022-02-12,6호선,화랑대(서울여대입구),6360,5437,11797,923,2,12,토
2022-02-12,6호선,봉화산(서울의료원),4822,4657,9479,165,2,12,토
2022-02-12,7호선,장암,1402,998,2400,404,2,12,토
2022-02-12,7호선,도봉산,5773,7939,13712,-2166,2,12,토
2022-02-12,7호선,수락산,9077,8811,17888,266,2,12,토
2022-02-12,7호선,마들,8191,7782,15973,409,2,12,토
2022-02-12,7호선,노원,14328,14296,28624,32,2,12,토
2022-02-12,7호선,중계,8324,7460,15784,864,2,12,토
2022-02-12,7호선,하계,10952,10321,21273,631,2,12,토
2022-02-12,7호선,공릉(서울과학기술대),7943,8046,15989,-103,2,12,토
2022-02-12,7호선,태릉입구,5894,5441,11335,453,2,12,토
2022-02-12,7호선,먹골,7423,7331,14754,92,2,12,토
2022-02-12,7호선,중화,7323,7065,14388,258,2,12,토
2022-02-12,7호선,상봉(시외버스터미널),12235,11644,23879,591,2,12,토
2022-02-12,7호선,면목,10312,10116,20428,196,2,12,토
2022-02-12,7호선,사가정,11165,11000,22165,165,2,12,토
2022-02-12,7호선,용마산(용마폭포공원),4223,4311,8534,-88,2,12,토
2022-02-12,7호선,중곡,6520,6148,12668,372,2,12,토
2022-02-12,7호선,군자(능동),9874,7650,17524,2224,2,12,토
2022-02-12,7호선,어린이대공원(세종대),8039,8115,16154,-76,2,12,토
2022-02-12,7호선,건대입구,9591,9777,19368,-186,2,12,토
2022-02-12,7호선,뚝섬유원지,6260,6054,12314,206,2,12,토
2022-02-12,7호선,청담,10248,10999,21247,-751,2,12,토
2022-02-12,7호선,강남구청,9332,10063,19395,-731,2,12,토
2022-02-12,7호선,학동,10120,10617,20737,-497,2,12,토
2022-02-12,7호선,논현,10503,11286,21789,-783,2,12,토
2022-02-12,7호선,반포,3947,3657,7604,290,2,12,토
2022-02-12,7호선,고속터미널,12024,9659,21683,2365,2,12,토
2022-02-12,7호선,내방,7238,7150,14388,88,2,12,토
2022-02-12,7호선,이수,10966,10141,21107,825,2,12,토
2022-02-12,7호선,남성,6997,6499,13496,498,2,12,토
2022-02-12,7호선,숭실대입구(살피재),7032,7327,14359,-295,2,12,토
2022-02-12,7호선,상도,6633,6210,12843,423,2,12,토
2022-02-12,7호선,장승배기,5997,5758,11755,239,2,12,토
2022-02-12,7호선,신대방삼거리,10428,9710,20138,718,2,12,토
2022-02-12,7호선,보라매,5487,5346,10833,141,2,12,토
2022-02-12,7호선,신풍,7310,6990,14300,320,2,12,토
2022-02-12,7호선,대림(구로구청),6042,6518,12560,-476,2,12,토
2022-02-12,7호선,남구로,7600,7877,15477,-277,2,12,토
2022-02-12,7호선,가산디지털단지,12964,11781,24745,1183,2,12,토
2022-02-12,7호선,철산,13621,13706,27327,-85,2,12,토
2022-02-12,7호선,광명사거리,15308,15525,30833,-217,2,12,토
2022-02-12,7호선,천왕,6205,5989,12194,216,2,12,토
2022-02-12,7호선,온수(성공회대입구),5085,5038,10123,47,2,12,토
2022-02-12,7호선,상동,2,0,2,2,2,12,토
2022-02-12,7호선,굴포천,1,0,1,1,2,12,토
2022-02-12,8호선,암사,11234,10308,21542,926,2,12,토
2022-02-12,8호선,천호(풍납토성),11085,13021,24106,-1936,2,12,토
2022-02-12,8호선,강동구청,5670,5634,11304,36,2,12,토
2022-02-12,8호선,몽촌토성(평화의문),3744,3778,7522,-34,2,12,토
2022-02-12,8호선,잠실(송파구청),10971,12733,23704,-1762,2,12,토
2022-02-12,8호선,석촌,5320,6488,11808,-1168,2,12,토
2022-02-12,8호선,송파,4500,4529,9029,-29,2,12,토
2022-02-12,8호선,가락시장,4871,5054,9925,-183,2,12,토
2022-02-12,8호선,문정,8035,8202,16237,-167,2,12,토
2022-02-12,8호선,장지,10861,10159,21020,702,2,12,토
2022-02-12,8호선,복정,5771,4946,10717,825,2,12,토
2022-02-12,8호선,산성,3541,3652,7193,-111,2,12,토
2022-02-12,8호선,남한산성입구(성남법원.검찰청),8257,7475,15732,782,2,12,토
2022-02-12,8호선,단대오거리,6856,6665,13521,191,2,12,토
2022-02-12,8호선,신흥,3227,3504,6731,-277,2,12,토
2022-02-12,8호선,수진,3828,3474,7302,354,2,12,토
2022-02-12,8호선,모란,3339,2844,6183,495,2,12,토
2022-02-12,8호선,남위례,2806,2902,5708,-96,2,12,토
2022-02-12,9호선,개화,1159,1051,2210,108,2,12,토
2022-02-12,9호선,김포공항,6879,11143,18022,-4264,2,12,토
2022-02-12,9호선,공항시장,2101,2240,4341,-139,2,12,토
2022-02-12,9호선,신방화,4329,4144,8473,185,2,12,토
2022-02-12,9호선,마곡나루(서울식물원),7335,7203,14538,132,2,12,토
2022-02-12,9호선,양천향교,5309,5300,10609,9,2,12,토
2022-02-12,9호선,가양,12710,12085,24795,625,2,12,토
2022-02-12,9호선,증미,3825,3603,7428,222,2,12,토
2022-02-12,9호선,등촌,6643,6527,13170,116,2,12,토
2022-02-12,9호선,염창,10562,10130,20692,432,2,12,토
2022-02-12,9호선,신목동,2066,1733,3799,333,2,12,토
2022-02-12,9호선,선유도,3484,3352,6836,132,2,12,토
2022-02-12,9호선,당산,11525,10954,22479,571,2,12,토
2022-02-12,9호선,국회의사당,4384,4590,8974,-206,2,12,토
2022-02-12,9호선,여의도,10954,10273,21227,681,2,12,토
2022-02-12,9호선,샛강,2138,2158,4296,-20,2,12,토
2022-02-12,9호선,노량진,18893,18681,37574,212,2,12,토
2022-02-12,9호선,노들,2889,2450,5339,439,2,12,토
2022-02-12,9호선,흑석(중앙대입구),4920,4869,9789,51,2,12,토
2022-02-12,9호선,동작(현충원),1581,1237,2818,344,2,12,토
2022-02-12,9호선,구반포,1080,1138,2218,-58,2,12,토
2022-02-12,9호선,신반포,2282,2123,4405,159,2,12,토
2022-02-12,9호선,고속터미널,10135,14510,24645,-4375,2,12,토
2022-02-12,9호선,사평,1934,1873,3807,61,2,12,토
2022-02-12,9호선,신논현,23250,23009,46259,241,2,12,토
2022-02-12,9호선2~3단계,언주,5823,5894,11717,-71,2,12,토
2022-02-12,9호선2~3단계,선정릉,4298,4671,8969,-373,2,12,토
2022-02-12,9호선2~3단계,삼성중앙,2801,2964,5765,-163,2,12,토
2022-02-12,9호선2~3단계,봉은사,9028,9470,18498,-442,2,12,토
2022-02-12,9호선2~3단계,종합운동장,2880,2655,5535,225,2,12,토
2022-02-12,9호선2~3단계,삼전,4579,4262,8841,317,2,12,토
2022-02-12,9호선2~3단계,석촌고분,4013,3777,7790,236,2,12,토
2022-02-12,9호선2~3단계,석촌,5998,5238,11236,760,2,12,토
2022-02-12,9호선2~3단계,송파나루,3832,4159,7991,-327,2,12,토
2022-02-12,9호선2~3단계,한성백제,1650,1374,3024,276,2,12,토
2022-02-12,9호선2~3단계,올림픽공원(한국체대),5347,5113,10460,234,2,12,토
2022-02-12,9호선2~3단계,둔촌오륜,520,549,1069,-29,2,12,토
2022-02-12,9호선2~3단계,중앙보훈병원,4188,3929,8117,259,2,12,토
2022-02-12,경강선,판교,2735,2699,5434,36,2,12,토
2022-02-12,경강선,이매,721,565,1286,156,2,12,토
2022-02-12,경강선,삼동,1342,1320,2662,22,2,12,토
2022-02-12,경강선,경기광주,4720,4512,9232,208,2,12,토
2022-02-12,경강선,초월,1987,1863,3850,124,2,12,토
2022-02-12,경강선,신둔도예촌,966,940,1906,26,2,12,토
2022-02-12,경강선,이천,2370,2496,4866,-126,2,12,토
2022-02-12,경강선,부발,1822,1500,3322,322,2,12,토
2022-02-12,경강선,세종대왕릉,249,289,538,-40,2,12,토
2022-02-12,경강선,여주,1693,1782,3475,-89,2,12,토
2022-02-12,경부선,서울역,5309,1663,6972,3646,2,12,토
2022-02-12,경부선,남영,4965,5158,10123,-193,2,12,토
2022-02-12,경부선,용산,27854,28818,56672,-964,2,12,토
2022-02-12,경부선,노량진,7178,6603,13781,575,2,12,토
2022-02-12,경부선,대방,7009,7147,14156,-138,2,12,토
2022-02-12,경부선,영등포,34584,35601,70185,-1017,2,12,토
2022-02-12,경부선,신도림,2704,2699,5403,5,2,12,토
2022-02-12,경부선,신길,5608,4602,10210,1006,2,12,토
2022-02-12,경부선,구로,11548,11724,23272,-176,2,12,토
2022-02-12,경부선,가산디지털단지,5732,7490,13222,-1758,2,12,토
2022-02-12,경부선,금천구청,7353,7477,14830,-124,2,12,토
2022-02-12,경부선,석수,6096,5803,11899,293,2,12,토
2022-02-12,경부선,관악,5418,5066,10484,352,2,12,토
2022-02-12,경부선,안양,15534,15625,31159,-91,2,12,토
2022-02-12,경부선,명학,4459,4281,8740,178,2,12,토
2022-02-12,경부선,금정,16589,16899,33488,-310,2,12,토
2022-02-12,경부선,군포,3835,3569,7404,266,2,12,토
2022-02-12,경부선,의왕,5283,5149,10432,134,2,12,토
2022-02-12,경부선,성균관대,8992,9163,18155,-171,2,12,토
2022-02-12,경부선,화서,4658,4692,9350,-34,2,12,토
2022-02-12,경부선,수원,31242,33652,64894,-2410,2,12,토
2022-02-12,경부선,독산,8022,7849,15871,173,2,12,토
2022-02-12,경부선,세류,2189,2163,4352,26,2,12,토
2022-02-12,경부선,병점,10315,10383,20698,-68,2,12,토
2022-02-12,경부선,세마,1869,1757,3626,112,2,12,토
2022-02-12,경부선,오산대,2368,2132,4500,236,2,12,토
2022-02-12,경부선,오산,7897,7534,15431,363,2,12,토
2022-02-12,경부선,진위,902,786,1688,116,2,12,토
2022-02-12,경부선,송탄,4201,3758,7959,443,2,12,토
2022-02-12,경부선,서정리,6100,5105,11205,995,2,12,토
2022-02-12,경부선,평택지제,2712,2534,5246,178,2,12,토
2022-02-12,경부선,평택,11002,10689,21691,313,2,12,토
2022-02-12,경부선,성환,2368,2150,4518,218,2,12,토
2022-02-12,경부선,직산,595,555,1150,40,2,12,토
2022-02-12,경부선,두정,4220,4351,8571,-131,2,12,토
2022-02-12,경부선,천안,4817,5190,10007,-373,2,12,토
2022-02-12,경부선,당정,3675,3446,7121,229,2,12,토
2022-02-12,경부선,서동탄,806,826,1632,-20,2,12,토
2022-02-12,경부선,광명,2223,2099,4322,124,2,12,토
2022-02-12,경원선,이촌(국립중앙박물관),2554,1934,4488,620,2,12,토
2022-02-12,경원선,서빙고,1376,1348,2724,28,2,12,토
2022-02-12,경원선,한남,2528,2290,4818,238,2,12,토
2022-02-12,경원선,옥수,31,25,56,6,2,12,토
2022-02-12,경원선,응봉,1186,991,2177,195,2,12,토
2022-02-12,경원선,왕십리(성동구청),11348,12684,24032,-1336,2,12,토
2022-02-12,경원선,청량리(서울시립대입구),13540,14362,27902,-822,2,12,토
2022-02-12,경원선,외대앞,5197,5128,10325,69,2,12,토
2022-02-12,경원선,신이문,5531,5103,10634,428,2,12,토
2022-02-12,경원선,석계,6031,6401,12432,-370,2,12,토
2022-02-12,경원선,광운대,4733,4603,9336,130,2,12,토
2022-02-12,경원선,월계,4218,4108,8326,110,2,12,토
2022-02-12,경원선,녹천,3085,2567,5652,518,2,12,토
2022-02-12,경원선,방학,6744,6456,13200,288,2,12,토
2022-02-12,경원선,도봉,4143,3972,8115,171,2,12,토
2022-02-12,경원선,도봉산,7975,5629,13604,2346,2,12,토
2022-02-12,경원선,망월사,5403,5544,10947,-141,2,12,토
2022-02-12,경원선,회룡,8841,8793,17634,48,2,12,토
2022-02-12,경원선,의정부,16062,16788,32850,-726,2,12,토
2022-02-12,경원선,가능,4679,4513,9192,166,2,12,토
2022-02-12,경원선,녹양,3128,2965,6093,163,2,12,토
2022-02-12,경원선,양주,5671,5288,10959,383,2,12,토
2022-02-12,경원선,덕계,2189,2045,4234,144,2,12,토
2022-02-12,경원선,덕정,3934,3791,7725,143,2,12,토
2022-02-12,경원선,지행,4721,4808,9529,-87,2,12,토
2022-02-12,경원선,동두천중앙,2274,2286,4560,-12,2,12,토
2022-02-12,경원선,보산,1329,1278,2607,51,2,12,토
2022-02-12,경원선,동두천,1384,1729,3113,-345,2,12,토
2022-02-12,경원선,소요산,3014,2634,5648,380,2,12,토
2022-02-12,경의선,서울역,1012,1164,2176,-152,2,12,토
2022-02-12,경의선,신촌,332,315,647,17,2,12,토
2022-02-12,경의선,효창공원앞,1565,1761,3326,-196,2,12,토
2022-02-12,경의선,공덕,2412,1811,4223,601,2,12,토
2022-02-12,경의선,서강대,1517,1451,2968,66,2,12,토
2022-02-12,경의선,홍대입구,1636,2019,3655,-383,2,12,토
2022-02-12,경의선,가좌,3397,3295,6692,102,2,12,토
2022-02-12,경의선,디지털미디어시티,1664,1556,3220,108,2,12,토
2022-02-12,경의선,수색,1362,1352,2714,10,2,12,토
2022-02-12,경의선,화전,885,839,1724,46,2,12,토
2022-02-12,경의선,강매,1750,1633,3383,117,2,12,토
2022-02-12,경의선,행신,4387,4524,8911,-137,2,12,토
2022-02-12,경의선,능곡,2512,2430,4942,82,2,12,토
2022-02-12,경의선,곡산,330,332,662,-2,2,12,토
2022-02-12,경의선,백마,3917,3700,7617,217,2,12,토
2022-02-12,경의선,풍산,3833,3792,7625,41,2,12,토
2022-02-12,경의선,일산,5581,5207,10788,374,2,12,토
2022-02-12,경의선,탄현,4719,4650,9369,69,2,12,토
2022-02-12,경의선,야당,5353,5283,10636,70,2,12,토
2022-02-12,경의선,운정,4148,3959,8107,189,2,12,토
2022-02-12,경의선,금릉,3260,3177,6437,83,2,12,토
2022-02-12,경의선,금촌,4730,4618,9348,112,2,12,토
2022-02-12,경의선,월롱,1512,1304,2816,208,2,12,토
2022-02-12,경의선,파주,774,593,1367,181,2,12,토
2022-02-12,경의선,문산,3825,3713,7538,112,2,12,토
2022-02-12,경의선,임진강,46,32,78,14,2,12,토
2022-02-12,경인선,개봉,14425,14335,28760,90,2,12,토
2022-02-12,경인선,오류동,8076,7409,15485,667,2,12,토
2022-02-12,경인선,역곡,17875,17820,35695,55,2,12,토
2022-02-12,경인선,부천,25595,26394,51989,-799,2,12,토
2022-02-12,경인선,송내,15872,15718,31590,154,2,12,토
2022-02-12,경인선,부평,25181,27336,52517,-2155,2,12,토
2022-02-12,경인선,백운,4598,4592,9190,6,2,12,토
2022-02-12,경인선,동암,10763,11127,21890,-364,2,12,토
2022-02-12,경인선,주안,13634,12134,25768,1500,2,12,토
2022-02-12,경인선,제물포,6567,6376,12943,191,2,12,토
2022-02-12,경인선,동인천,10180,10116,20296,64,2,12,토
2022-02-12,경인선,인천,3372,2880,6252,492,2,12,토
2022-02-12,경인선,구일,3857,3590,7447,267,2,12,토
2022-02-12,경인선,소사,6556,6339,12895,217,2,12,토
2022-02-12,경인선,부개,5646,5271,10917,375,2,12,토
2022-02-12,경인선,간석,3867,3708,7575,159,2,12,토
2022-02-12,경인선,도원,1873,1889,3762,-16,2,12,토
2022-02-12,경인선,온수(성공회대입구),4331,3908,8239,423,2,12,토
2022-02-12,경인선,중동,5949,5625,11574,324,2,12,토
2022-02-12,경인선,도화,2822,2631,5453,191,2,12,토
2022-02-12,경춘선,신내,1147,1069,2216,78,2,12,토
2022-02-12,경춘선,갈매,1765,1543,3308,222,2,12,토
2022-02-12,경춘선,별내,2123,2068,4191,55,2,12,토
2022-02-12,경춘선,퇴계원,2327,2181,4508,146,2,12,토
2022-02-12,경춘선,사릉,1913,1900,3813,13,2,12,토
2022-02-12,경춘선,금곡,1010,1006,2016,4,2,12,토
2022-02-12,경춘선,평내호평,4047,3905,7952,142,2,12,토
2022-02-12,경춘선,천마산,1187,1231,2418,-44,2,12,토
2022-02-12,경춘선,마석,2667,2709,5376,-42,2,12,토
2022-02-12,경춘선,대성리,461,468,929,-7,2,12,토
2022-02-12,경춘선,청평,1357,1456,2813,-99,2,12,토
2022-02-12,경춘선,상천,313,269,582,44,2,12,토
2022-02-12,경춘선,가평,1396,1548,2944,-152,2,12,토
2022-02-12,경춘선,굴봉산,179,224,403,-45,2,12,토
2022-02-12,경춘선,백양리,377,349,726,28,2,12,토
2022-02-12,경춘선,강촌,468,430,898,38,2,12,토
2022-02-12,경춘선,김유정,393,438,831,-45,2,12,토
2022-02-12,경춘선,남춘천,2760,2776,5536,-16,2,12,토
2022-02-12,경춘선,춘천,1321,1210,2531,111,2,12,토
2022-02-12,공항철도 1호선,서울역,6125,6014,12139,111,2,12,토
2022-02-12,공항철도 1호선,공덕,1335,2129,3464,-794,2,12,토
2022-02-12,공항철도 1호선,홍대입구,10652,10230,20882,422,2,12,토
2022-02-12,공항철도 1호선,디지털미디어시티,4633,4340,8973,293,2,12,토
2022-02-12,공항철도 1호선,마곡나루(서울식물원),2849,3050,5899,-201,2,12,토
2022-02-12,공항철도 1호선,김포공항,11123,5356,16479,5767,2,12,토
2022-02-12,공항철도 1호선,계양,5885,5652,11537,233,2,12,토
2022-02-12,공항철도 1호선,검암,4100,4123,8223,-23,2,12,토
2022-02-12,공항철도 1호선,청라국제도시,3630,3506,7136,124,2,12,토
2022-02-12,공항철도 1호선,운서,5386,5501,10887,-115,2,12,토
2022-02-12,공항철도 1호선,공항화물청사,1239,1167,2406,72,2,12,토
2022-02-12,공항철도 1호선,인천공항1터미널,2990,3301,6291,-311,2,12,토
2022-02-12,공항철도 1호선,인천공항2터미널,1713,1645,3358,68,2,12,토
2022-02-12,공항철도 1호선,영종,2554,2518,5072,36,2,12,토
2022-02-12,과천선,선바위,4670,3998,8668,672,2,12,토
2022-02-12,과천선,경마공원,7868,7935,15803,-67,2,12,토
2022-02-12,과천선,대공원,3740,3972,7712,-232,2,12,토
2022-02-12,과천선,과천,3970,3753,7723,217,2,12,토
2022-02-12,과천선,정부과천청사,5279,5445,10724,-166,2,12,토
2022-02-12,과천선,인덕원,14335,14170,28505,165,2,12,토
2022-02-12,과천선,평촌,8307,8035,16342,272,2,12,토
2022-02-12,과천선,범계,18100,17602,35702,498,2,12,토
2022-02-12,분당선,선릉,4423,6958,11381,-2535,2,12,토
2022-02-12,분당선,한티,11694,11430,23124,264,2,12,토
2022-02-12,분당선,도곡,4247,3881,8128,366,2,12,토
2022-02-12,분당선,구룡,1160,1033,2193,127,2,12,토
2022-02-12,분당선,개포동,2357,2361,4718,-4,2,12,토
2022-02-12,분당선,대모산입구,2704,2481,5185,223,2,12,토
2022-02-12,분당선,수서,9159,9700,18859,-541,2,12,토
2022-02-12,분당선,복정,2,0,2,2,2,12,토
2022-02-12,분당선,수원,6535,5480,12015,1055,2,12,토
2022-02-12,분당선,서울숲,6685,6912,13597,-227,2,12,토
2022-02-12,분당선,압구정로데오,18740,20415,39155,-1675,2,12,토
2022-02-12,분당선,강남구청,5158,6367,11525,-1209,2,12,토
2022-02-12,분당선,선정릉,3207,3327,6534,-120,2,12,토
2022-02-12,분당선,가천대,4315,4913,9228,-598,2,12,토
2022-02-12,분당선,태평,9836,9445,19281,391,2,12,토
2022-02-12,분당선,모란,14791,14780,29571,11,2,12,토
2022-02-12,분당선,야탑,15679,16400,32079,-721,2,12,토
2022-02-12,분당선,서현,17770,17861,35631,-91,2,12,토
2022-02-12,분당선,수내,7996,7523,15519,473,2,12,토
2022-02-12,분당선,정자,9780,9968,19748,-188,2,12,토
2022-02-12,분당선,미금,10017,10398,20415,-381,2,12,토
2022-02-12,분당선,오리,6858,5580,12438,1278,2,12,토
2022-02-12,분당선,이매,3698,3715,7413,-17,2,12,토
2022-02-12,분당선,보정,1381,1351,2732,30,2,12,토
2022-02-12,분당선,죽전,9099,10228,19327,-1129,2,12,토
2022-02-12,분당선,구성,2933,3086,6019,-153,2,12,토
2022-02-12,분당선,신갈,2411,2432,4843,-21,2,12,토
2022-02-12,분당선,기흥,5838,5565,11403,273,2,12,토
2022-02-12,분당선,상갈,3290,3242,6532,48,2,12,토
2022-02-12,분당선,청명,2372,2365,4737,7,2,12,토
2022-02-12,분당선,영통,5823,5761,11584,62,2,12,토
2022-02-12,분당선,망포,8470,7788,16258,682,2,12,토
2022-02-12,분당선,매탄권선,3264,3088,6352,176,2,12,토
2022-02-12,분당선,수원시청,10177,10869,21046,-692,2,12,토
2022-02-12,분당선,매교,1910,1783,3693,127,2,12,토
2022-02-12,수인선,고색,2405,2372,4777,33,2,12,토
2022-02-12,수인선,오목천,1885,1633,3518,252,2,12,토
2022-02-12,수인선,어천,580,491,1071,89,2,12,토
2022-02-12,수인선,야목,211,185,396,26,2,12,토
2022-02-12,수인선,사리,2973,2625,5598,348,2,12,토
2022-02-12,수인선,달월,56,54,110,2,2,12,토
2022-02-12,수인선,월곶,1891,1757,3648,134,2,12,토
2022-02-12,수인선,소래포구,4356,4443,8799,-87,2,12,토
2022-02-12,수인선,인천논현,3993,4202,8195,-209,2,12,토
2022-02-12,수인선,호구포,2250,2205,4455,45,2,12,토
2022-02-12,수인선,남동인더스파크,971,916,1887,55,2,12,토
2022-02-12,수인선,원인재,3238,3314,6552,-76,2,12,토
2022-02-12,수인선,연수,3496,3561,7057,-65,2,12,토
2022-02-12,수인선,송도,1840,1834,3674,6,2,12,토
2022-02-12,수인선,인하대,3650,3604,7254,46,2,12,토
2022-02-12,수인선,숭의,2510,2219,4729,291,2,12,토
2022-02-12,수인선,신포,1335,1427,2762,-92,2,12,토
2022-02-12,수인선,인천,1048,1603,2651,-555,2,12,토
2022-02-12,안산선,산본,11087,11994,23081,-907,2,12,토
2022-02-12,안산선,대야미,3429,3017,6446,412,2,12,토
2022-02-12,안산선,반월,2990,2832,5822,158,2,12,토
2022-02-12,안산선,상록수,10936,10915,21851,21,2,12,토
2022-02-12,안산선,한대앞,6086,6137,12223,-51,2,12,토
2022-02-12,안산선,중앙,13777,14069,27846,-292,2,12,토
2022-02-12,안산선,고잔,5546,5605,11151,-59,2,12,토
2022-02-12,안산선,초지,2864,2894,5758,-30,2,12,토
2022-02-12,안산선,안산,8122,8219,16341,-97,2,12,토
2022-02-12,안산선,신길온천,1168,1155,2323,13,2,12,토
2022-02-12,안산선,정왕,5574,5667,11241,-93,2,12,토
2022-02-12,안산선,오이도,6343,6487,12830,-144,2,12,토
2022-02-12,안산선,수리산,2485,2235,4720,250,2,12,토
2022-02-12,우이신설선,북한산우이,2695,2713,5408,-18,2,12,토
2022-02-12,우이신설선,솔밭공원,1691,1624,3315,67,2,12,토
2022-02-12,우이신설선,4.19민주묘지,2158,1888,4046,270,2,12,토
2022-02-12,우이신설선,가오리,2762,2608,5370,154,2,12,토
2022-02-12,우이신설선,화계,2371,2333,4704,38,2,12,토
2022-02-12,우이신설선,삼양,1372,1513,2885,-141,2,12,토
2022-02-12,우이신설선,삼양사거리,1763,1766,3529,-3,2,12,토
2022-02-12,우이신설선,솔샘,3547,3272,6819,275,2,12,토
2022-02-12,우이신설선,북한산보국문,4498,4060,8558,438,2,12,토
2022-02-12,우이신설선,정릉,3406,2779,6185,627,2,12,토
2022-02-12,우이신설선,성신여대입구(돈암),2556,3041,5597,-485,2,12,토
2022-02-12,우이신설선,보문,1041,1028,2069,13,2,12,토
2022-02-12,우이신설선,신설동,1455,1400,2855,55,2,12,토
2022-02-12,일산선,원흥,6488,6069,12557,419,2,12,토
2022-02-12,일산선,지축,1,0,1,1,2,12,토
2022-02-12,일산선,삼송,12773,12648,25421,125,2,12,토
2022-02-12,일산선,원당,7336,7187,14523,149,2,12,토
2022-02-12,일산선,화정,11481,11864,23345,-383,2,12,토
2022-02-12,일산선,대곡,1192,1018,2210,174,2,12,토
2022-02-12,일산선,백석,6604,6744,13348,-140,2,12,토
2022-02-12,일산선,마두,4457,4538,8995,-81,2,12,토
2022-02-12,일산선,정발산,5840,5880,11720,-40,2,12,토
2022-02-12,일산선,주엽,5718,5848,11566,-130,2,12,토
2022-02-12,일산선,대화,7447,6683,14130,764,2,12,토
2022-02-12,장항선,봉명,673,624,1297,49,2,12,토
2022-02-12,장항선,쌍용(나사렛대),1247,1099,2346,148,2,12,토
2022-02-12,장항선,아산,2324,2203,4527,121,2,12,토
2022-02-12,장항선,탕정,444,419,863,25,2,12,토
2022-02-12,장항선,배방,922,824,1746,98,2,12,토
2022-02-12,장항선,온양온천,3076,3102,6178,-26,2,12,토
2022-02-12,장항선,신창(순천향대),826,781,1607,45,2,12,토
2022-02-12,중앙선,회기,17161,16604,33765,557,2,12,토
2022-02-12,중앙선,중랑,3929,3881,7810,48,2,12,토
2022-02-12,중앙선,상봉(시외버스터미널),4491,4434,8925,57,2,12,토
2022-02-12,중앙선,망우,5940,5753,11693,187,2,12,토
2022-02-12,중앙선,양원,1358,1360,2718,-2,2,12,토
2022-02-12,중앙선,구리,9043,9242,18285,-199,2,12,토
2022-02-12,중앙선,도농,6258,6060,12318,198,2,12,토
2022-02-12,중앙선,양정,487,426,913,61,2,12,토
2022-02-12,중앙선,덕소,3784,3904,7688,-120,2,12,토
2022-02-12,중앙선,도심,1332,1190,2522,142,2,12,토
2022-02-12,중앙선,팔당,1131,1186,2317,-55,2,12,토
2022-02-12,중앙선,운길산,930,869,1799,61,2,12,토
2022-02-12,중앙선,양수,1511,1608,3119,-97,2,12,토
2022-02-12,중앙선,신원,189,207,396,-18,2,12,토
2022-02-12,중앙선,국수,538,543,1081,-5,2,12,토
2022-02-12,중앙선,아신,448,454,902,-6,2,12,토
2022-02-12,중앙선,오빈,182,198,380,-16,2,12,토
2022-02-12,중앙선,양평,1984,2058,4042,-74,2,12,토
2022-02-12,중앙선,원덕,291,298,589,-7,2,12,토
2022-02-12,중앙선,용문,1398,1582,2980,-184,2,12,토
2022-02-12,중앙선,지평,27,51,78,-24,2,12,토
2022-02-13,1호선,동대문,7631,8088,15719,-457,2,13,일
2022-02-13,1호선,종로5가,7823,7753,15576,70,2,13,일
2022-02-13,1호선,종각,10444,9568,20012,876,2,13,일
2022-02-13,우이신설선,정릉,2548,2226,4774,322,2,13,일
2022-02-13,우이신설선,북한산보국문,3806,3373,7179,433,2,13,일
2022-02-13,우이신설선,솔샘,2572,2552,5124,20,2,13,일
2022-02-13,우이신설선,삼양사거리,1457,1424,2881,33,2,13,일
2022-02-13,우이신설선,삼양,1156,1119,2275,37,2,13,일
2022-02-13,우이신설선,화계,1909,1738,3647,171,2,13,일
2022-02-13,우이신설선,가오리,2174,1966,4140,208,2,13,일
2022-02-13,우이신설선,4.19민주묘지,1738,1432,3170,306,2,13,일
2022-02-13,우이신설선,솔밭공원,1283,1239,2522,44,2,13,일
2022-02-13,우이신설선,북한산우이,2437,2646,5083,-209,2,13,일
2022-02-13,안산선,수리산,1797,1735,3532,62,2,13,일
2022-02-13,안산선,오이도,4762,4871,9633,-109,2,13,일
2022-02-13,안산선,정왕,4206,4701,8907,-495,2,13,일
2022-02-13,안산선,신길온천,950,897,1847,53,2,13,일
2022-02-13,안산선,안산,7420,6794,14214,626,2,13,일
2022-02-13,안산선,초지,1997,2028,4025,-31,2,13,일
2022-02-13,안산선,고잔,3867,3700,7567,167,2,13,일
2022-02-13,안산선,중앙,9886,9721,19607,165,2,13,일
2022-02-13,안산선,한대앞,4495,4472,8967,23,2,13,일
2022-02-13,안산선,상록수,7940,7719,15659,221,2,13,일
2022-02-13,안산선,반월,2151,2117,4268,34,2,13,일
2022-02-13,안산선,대야미,2527,2346,4873,181,2,13,일
2022-02-13,2호선,강변(동서울터미널),17025,16707,33732,318,2,13,일
2022-02-13,1호선,종로3가,12510,11007,23517,1503,2,13,일
2022-02-13,중앙선,지평,56,37,93,19,2,13,일
2022-02-13,중앙선,용문,1418,1192,2610,226,2,13,일
2022-02-13,중앙선,원덕,293,247,540,46,2,13,일
2022-02-13,중앙선,양평,2856,2756,5612,100,2,13,일
2022-02-13,중앙선,오빈,155,146,301,9,2,13,일
2022-02-13,중앙선,아신,407,353,760,54,2,13,일
2022-02-13,중앙선,국수,514,468,982,46,2,13,일
2022-02-13,중앙선,신원,216,167,383,49,2,13,일
2022-02-13,중앙선,양수,1458,1295,2753,163,2,13,일
2022-02-13,중앙선,운길산,843,786,1629,57,2,13,일
2022-02-13,중앙선,팔당,1021,1135,2156,-114,2,13,일
2022-02-13,중앙선,도심,972,905,1877,67,2,13,일
2022-02-13,중앙선,덕소,2919,2888,5807,31,2,13,일
2022-02-13,중앙선,양정,360,292,652,68,2,13,일
2022-02-13,중앙선,도농,4656,4537,9193,119,2,13,일
2022-02-13,중앙선,구리,6483,6790,13273,-307,2,13,일
2022-02-13,중앙선,양원,1039,1069,2108,-30,2,13,일
2022-02-13,중앙선,망우,4380,4288,8668,92,2,13,일
2022-02-13,중앙선,상봉(시외버스터미널),3293,3406,6699,-113,2,13,일
2022-02-13,중앙선,중랑,3014,2977,5991,37,2,13,일
2022-02-13,중앙선,회기,13208,13111,26319,97,2,13,일
2022-02-13,장항선,신창(순천향대),644,726,1370,-82,2,13,일
2022-02-13,장항선,온양온천,2597,2658,5255,-61,2,13,일
2022-02-13,장항선,배방,681,759,1440,-78,2,13,일
2022-02-13,장항선,탕정,307,316,623,-9,2,13,일
2022-02-13,장항선,아산,2302,1724,4026,578,2,13,일
2022-02-13,장항선,쌍용(나사렛대),1025,921,1946,104,2,13,일
2022-02-13,장항선,봉명,460,460,920,0,2,13,일
2022-02-13,일산선,대화,5178,4732,9910,446,2,13,일
2022-02-13,일산선,주엽,3943,3981,7924,-38,2,13,일
2022-02-13,일산선,정발산,4807,4778,9585,29,2,13,일
2022-02-13,일산선,마두,2973,2907,5880,66,2,13,일
2022-02-13,일산선,백석,4780,4768,9548,12,2,13,일
2022-02-13,일산선,대곡,909,791,1700,118,2,13,일
2022-02-13,일산선,화정,8293,8582,16875,-289,2,13,일
2022-02-13,일산선,원당,5380,5273,10653,107,2,13,일
2022-02-13,일산선,삼송,9786,9620,19406,166,2,13,일
2022-02-13,일산선,원흥,4686,4400,9086,286,2,13,일
2022-02-13,우이신설선,신설동,1139,1080,2219,59,2,13,일
2022-02-13,우이신설선,보문,893,900,1793,-7,2,13,일
2022-02-13,안산선,산본,7674,8105,15779,-431,2,13,일
2022-02-13,수인선,인천,899,1250,2149,-351,2,13,일
2022-02-13,수인선,신포,915,934,1849,-19,2,13,일
2022-02-13,수인선,숭의,1735,1631,3366,104,2,13,일
2022-02-13,수인선,인하대,2688,2546,5234,142,2,13,일
2022-02-13,수인선,송도,1357,1269,2626,88,2,13,일
2022-02-13,수인선,연수,2786,2752,5538,34,2,13,일
2022-02-13,수인선,원인재,2525,2565,5090,-40,2,13,일
2022-02-13,수인선,남동인더스파크,473,481,954,-8,2,13,일
2022-02-13,수인선,호구포,1701,1707,3408,-6,2,13,일
2022-02-13,수인선,인천논현,2622,2710,5332,-88,2,13,일
2022-02-13,수인선,소래포구,3694,3534,7228,160,2,13,일
2022-02-13,수인선,월곶,1446,1442,2888,4,2,13,일
2022-02-13,수인선,달월,56,50,106,6,2,13,일
2022-02-13,수인선,사리,2140,1884,4024,256,2,13,일
2022-02-13,수인선,야목,169,158,327,11,2,13,일
2022-02-13,수인선,어천,415,527,942,-112,2,13,일
2022-02-13,수인선,오목천,1254,1245,2499,9,2,13,일
2022-02-13,수인선,고색,1618,1687,3305,-69,2,13,일
2022-02-13,분당선,매교,1305,1368,2673,-63,2,13,일
2022-02-13,분당선,수원시청,6773,6759,13532,14,2,13,일
2022-02-13,분당선,매탄권선,2166,2158,4324,8,2,13,일
2022-02-13,분당선,망포,5493,5755,11248,-262,2,13,일
2022-02-13,분당선,영통,4091,4030,8121,61,2,13,일
2022-02-13,분당선,청명,1779,1815,3594,-36,2,13,일
2022-02-13,분당선,상갈,2374,2451,4825,-77,2,13,일
2022-02-13,분당선,기흥,4325,4106,8431,219,2,13,일
2022-02-13,분당선,신갈,1661,1736,3397,-75,2,13,일
2022-02-13,분당선,구성,1998,2224,4222,-226,2,13,일
2022-02-13,분당선,죽전,6497,7301,13798,-804,2,13,일
2022-02-13,분당선,보정,947,903,1850,44,2,13,일
2022-02-13,분당선,이매,2946,2929,5875,17,2,13,일
2022-02-13,분당선,오리,4699,4050,8749,649,2,13,일
2022-02-13,분당선,미금,6471,6842,13313,-371,2,13,일
2022-02-13,분당선,정자,6733,6965,13698,-232,2,13,일
2022-02-13,분당선,수내,5164,5116,10280,48,2,13,일
2022-02-13,분당선,서현,13641,13508,27149,133,2,13,일
2022-02-13,분당선,야탑,11436,12015,23451,-579,2,13,일
2022-02-13,분당선,모란,10026,10165,20191,-139,2,13,일
2022-02-13,분당선,태평,7332,6960,14292,372,2,13,일
2022-02-13,분당선,가천대,3122,3644,6766,-522,2,13,일
2022-02-13,분당선,선정릉,1896,1935,3831,-39,2,13,일
2022-02-13,분당선,강남구청,2902,3532,6434,-630,2,13,일
2022-02-13,분당선,압구정로데오,10369,10989,21358,-620,2,13,일
2022-02-13,분당선,서울숲,4921,4982,9903,-61,2,13,일
2022-02-13,분당선,수원,5003,4037,9040,966,2,13,일
2022-02-13,분당선,수서,7607,7210,14817,397,2,13,일
2022-02-13,분당선,대모산입구,1795,1709,3504,86,2,13,일
2022-02-13,분당선,개포동,1608,1638,3246,-30,2,13,일
2022-02-13,분당선,구룡,593,636,1229,-43,2,13,일
2022-02-13,분당선,도곡,2245,2248,4493,-3,2,13,일
2022-02-13,분당선,한티,7664,7440,15104,224,2,13,일
2022-02-13,분당선,선릉,2503,3823,6326,-1320,2,13,일
2022-02-13,과천선,범계,12672,12210,24882,462,2,13,일
2022-02-13,과천선,평촌,5366,5147,10513,219,2,13,일
2022-02-13,과천선,인덕원,10193,10533,20726,-340,2,13,일
2022-02-13,과천선,정부과천청사,4004,4141,8145,-137,2,13,일
2022-02-13,과천선,과천,3104,3025,6129,79,2,13,일
2022-02-13,과천선,대공원,3683,3858,7541,-175,2,13,일
2022-02-13,과천선,경마공원,8432,8609,17041,-177,2,13,일
2022-02-13,과천선,선바위,3422,3127,6549,295,2,13,일
2022-02-13,공항철도 1호선,영종,2072,2018,4090,54,2,13,일
2022-02-13,공항철도 1호선,인천공항2터미널,1584,1549,3133,35,2,13,일
2022-02-13,공항철도 1호선,인천공항1터미널,2964,3149,6113,-185,2,13,일
2022-02-13,공항철도 1호선,공항화물청사,899,968,1867,-69,2,13,일
2022-02-13,공항철도 1호선,운서,4255,4643,8898,-388,2,13,일
2022-02-13,공항철도 1호선,청라국제도시,2670,2538,5208,132,2,13,일
2022-02-13,공항철도 1호선,검암,3079,3041,6120,38,2,13,일
2022-02-13,공항철도 1호선,계양,4384,4223,8607,161,2,13,일
2022-02-13,공항철도 1호선,김포공항,10387,5554,15941,4833,2,13,일
2022-02-13,공항철도 1호선,마곡나루(서울식물원),2014,2262,4276,-248,2,13,일
2022-02-13,공항철도 1호선,디지털미디어시티,3036,2985,6021,51,2,13,일
2022-02-13,공항철도 1호선,홍대입구,8616,7870,16486,746,2,13,일
2022-02-13,공항철도 1호선,공덕,1029,1513,2542,-484,2,13,일
2022-02-13,공항철도 1호선,서울역,6022,5271,11293,751,2,13,일
2022-02-13,경춘선,춘천,1078,927,2005,151,2,13,일
2022-02-13,경춘선,남춘천,1913,1884,3797,29,2,13,일
2022-02-13,경춘선,김유정,361,358,719,3,2,13,일
2022-02-13,경춘선,강촌,593,494,1087,99,2,13,일
2022-02-13,경춘선,백양리,327,280,607,47,2,13,일
2022-02-13,경춘선,굴봉산,244,214,458,30,2,13,일
2022-02-13,경춘선,가평,1298,1203,2501,95,2,13,일
2022-02-13,경춘선,상천,285,214,499,71,2,13,일
2022-02-13,경춘선,청평,1159,1052,2211,107,2,13,일
2022-02-13,경춘선,대성리,474,298,772,176,2,13,일
2022-02-13,경춘선,마석,2418,2381,4799,37,2,13,일
2022-02-13,경춘선,천마산,998,1015,2013,-17,2,13,일
2022-02-13,경춘선,평내호평,3002,2798,5800,204,2,13,일
2022-02-13,경춘선,금곡,837,846,1683,-9,2,13,일
2022-02-13,경춘선,사릉,1438,1441,2879,-3,2,13,일
2022-02-13,경춘선,퇴계원,1783,1648,3431,135,2,13,일
2022-02-13,경춘선,별내,1596,1513,3109,83,2,13,일
2022-02-13,경춘선,갈매,1260,1117,2377,143,2,13,일
2022-02-13,경춘선,신내,827,834,1661,-7,2,13,일
2022-02-13,경인선,도화,2027,1958,3985,69,2,13,일
2022-02-13,경인선,중동,4273,3964,8237,309,2,13,일
2022-02-13,경인선,온수(성공회대입구),3125,2995,6120,130,2,13,일
2022-02-13,경인선,도원,1395,1384,2779,11,2,13,일
2022-02-13,경인선,간석,2784,2524,5308,260,2,13,일
2022-02-13,경인선,부개,4128,3910,8038,218,2,13,일
2022-02-13,경인선,소사,4893,4621,9514,272,2,13,일
2022-02-13,경인선,구일,2800,2805,5605,-5,2,13,일
2022-02-13,경인선,인천,3117,2527,5644,590,2,13,일
2022-02-13,경인선,동인천,8121,7918,16039,203,2,13,일
2022-02-13,경인선,제물포,4842,4753,9595,89,2,13,일
2022-02-13,경인선,주안,10098,9083,19181,1015,2,13,일
2022-02-13,경인선,동암,8182,8281,16463,-99,2,13,일
2022-02-13,경인선,백운,3249,3222,6471,27,2,13,일
2022-02-13,경인선,부평,18918,19158,38076,-240,2,13,일
2022-02-13,경인선,송내,11248,11207,22455,41,2,13,일
2022-02-13,경인선,부천,18782,18349,37131,433,2,13,일
2022-02-13,경인선,역곡,12337,12219,24556,118,2,13,일
2022-02-13,경인선,오류동,6440,5878,12318,562,2,13,일
2022-02-13,경인선,개봉,10340,10120,20460,220,2,13,일
2022-02-13,경의선,임진강,30,24,54,6,2,13,일
2022-02-13,경의선,문산,2794,2927,5721,-133,2,13,일
2022-02-13,경의선,파주,544,502,1046,42,2,13,일
2022-02-13,경의선,월롱,871,1740,2611,-869,2,13,일
2022-02-13,경의선,금촌,3381,3625,7006,-244,2,13,일
2022-02-13,경의선,금릉,2420,2363,4783,57,2,13,일
2022-02-13,경의선,운정,3156,3150,6306,6,2,13,일
2022-02-13,경의선,야당,4154,3956,8110,198,2,13,일
2022-02-13,경의선,탄현,3556,3483,7039,73,2,13,일
2022-02-13,경의선,일산,5027,4745,9772,282,2,13,일
2022-02-13,경의선,풍산,3135,3030,6165,105,2,13,일
2022-02-13,경의선,백마,3027,2950,5977,77,2,13,일
2022-02-13,경의선,곡산,278,292,570,-14,2,13,일
2022-02-13,경의선,능곡,1989,1910,3899,79,2,13,일
2022-02-13,경의선,행신,3680,3455,7135,225,2,13,일
2022-02-13,경의선,강매,1278,1201,2479,77,2,13,일
2022-02-13,경의선,화전,623,623,1246,0,2,13,일
2022-02-13,경의선,수색,745,901,1646,-156,2,13,일
2022-02-13,경의선,디지털미디어시티,1211,1061,2272,150,2,13,일
2022-02-13,경의선,가좌,2426,2404,4830,22,2,13,일
2022-02-13,경의선,홍대입구,1343,1619,2962,-276,2,13,일
2022-02-13,경의선,서강대,1148,1127,2275,21,2,13,일
2022-02-13,경의선,공덕,1692,1209,2901,483,2,13,일
2022-02-13,경의선,효창공원앞,1140,1339,2479,-199,2,13,일
2022-02-13,경의선,신촌,208,263,471,-55,2,13,일
2022-02-13,경의선,서울역,891,830,1721,61,2,13,일
2022-02-13,경원선,소요산,2946,2574,5520,372,2,13,일
2022-02-13,경원선,동두천,1084,1269,2353,-185,2,13,일
2022-02-13,경원선,보산,1095,1021,2116,74,2,13,일
2022-02-13,경원선,동두천중앙,1700,1705,3405,-5,2,13,일
2022-02-13,경원선,지행,3570,3503,7073,67,2,13,일
2022-02-13,경원선,덕정,2815,2829,5644,-14,2,13,일
2022-02-13,경원선,덕계,1590,1513,3103,77,2,13,일
2022-02-13,경원선,양주,4099,4098,8197,1,2,13,일
2022-02-13,경원선,녹양,2319,2250,4569,69,2,13,일
2022-02-13,경원선,가능,3397,3284,6681,113,2,13,일
2022-02-13,경원선,의정부,12117,12223,24340,-106,2,13,일
2022-02-13,경원선,회룡,6687,6630,13317,57,2,13,일
2022-02-13,경원선,망월사,3977,4154,8131,-177,2,13,일
2022-02-13,경원선,도봉산,7659,5430,13089,2229,2,13,일
2022-02-13,경원선,도봉,3086,2874,5960,212,2,13,일
2022-02-13,경원선,방학,5187,4966,10153,221,2,13,일
2022-02-13,경원선,창동,1,0,1,1,2,13,일
2022-02-13,경원선,녹천,2240,1955,4195,285,2,13,일
2022-02-13,경원선,월계,3325,2993,6318,332,2,13,일
2022-02-13,경원선,광운대,3536,3631,7167,-95,2,13,일
2022-02-13,경원선,석계,4386,4644,9030,-258,2,13,일
2022-02-13,경원선,신이문,4128,3947,8075,181,2,13,일
2022-02-13,경원선,외대앞,4066,3966,8032,100,2,13,일
2022-02-13,경원선,청량리(서울시립대입구),11742,10540,22282,1202,2,13,일
2022-02-13,경원선,왕십리(성동구청),8086,9007,17093,-921,2,13,일
2022-02-13,경원선,응봉,936,816,1752,120,2,13,일
2022-02-13,경원선,옥수,56,31,87,25,2,13,일
2022-02-13,경원선,한남,1724,1648,3372,76,2,13,일
2022-02-13,경원선,서빙고,1213,1278,2491,-65,2,13,일
2022-02-13,경원선,이촌(국립중앙박물관),1853,1486,3339,367,2,13,일
2022-02-13,경부선,광명,2101,1601,3702,500,2,13,일
2022-02-13,경부선,서동탄,659,681,1340,-22,2,13,일
2022-02-13,경부선,당정,2588,2595,5183,-7,2,13,일
2022-02-13,경부선,천안,4542,4509,9051,33,2,13,일
2022-02-13,경부선,두정,3583,3809,7392,-226,2,13,일
2022-02-13,경부선,직산,442,503,945,-61,2,13,일
2022-02-13,경부선,성환,1785,2191,3976,-406,2,13,일
2022-02-13,경부선,평택,9323,9581,18904,-258,2,13,일
2022-02-13,경부선,평택지제,2109,1989,4098,120,2,13,일
2022-02-13,경부선,서정리,3699,5412,9111,-1713,2,13,일
2022-02-13,경부선,송탄,3073,3632,6705,-559,2,13,일
2022-02-13,경부선,진위,701,697,1398,4,2,13,일
2022-02-13,경부선,오산,6566,7182,13748,-616,2,13,일
2022-02-13,경부선,오산대,1739,1705,3444,34,2,13,일
2022-02-13,경부선,세마,1449,1355,2804,94,2,13,일
2022-02-13,경부선,병점,7939,8523,16462,-584,2,13,일
2022-02-13,경부선,세류,1685,1798,3483,-113,2,13,일
2022-02-13,경부선,독산,5372,5544,10916,-172,2,13,일
2022-02-13,경부선,수원,27578,26698,54276,880,2,13,일
2022-02-13,경부선,화서,3417,3364,6781,53,2,13,일
2022-02-13,경부선,성균관대,6789,7070,13859,-281,2,13,일
2022-02-13,경부선,의왕,3667,3729,7396,-62,2,13,일
2022-02-13,경부선,군포,2597,2527,5124,70,2,13,일
2022-02-13,경부선,금정,11664,12244,23908,-580,2,13,일
2022-02-13,경부선,명학,3006,2912,5918,94,2,13,일
2022-02-13,경부선,안양,11509,10965,22474,544,2,13,일
2022-02-13,경부선,관악,4415,4027,8442,388,2,13,일
2022-02-13,경부선,석수,4449,4499,8948,-50,2,13,일
2022-02-13,경부선,금천구청,5739,5422,11161,317,2,13,일
2022-02-13,경부선,가산디지털단지,3900,5398,9298,-1498,2,13,일
2022-02-13,경부선,구로,8355,8363,16718,-8,2,13,일
2022-02-13,경부선,신길,4199,3564,7763,635,2,13,일
2022-02-13,경부선,신도림,2245,2022,4267,223,2,13,일
2022-02-13,경부선,영등포,28003,26832,54835,1171,2,13,일
2022-02-13,경부선,대방,5169,5507,10676,-338,2,13,일
2022-02-13,경부선,노량진,4939,4790,9729,149,2,13,일
2022-02-13,경부선,용산,24787,22810,47597,1977,2,13,일
2022-02-13,경부선,남영,3872,4096,7968,-224,2,13,일
2022-02-13,경부선,서울역,5501,1437,6938,4064,2,13,일
2022-02-13,경강선,여주,1600,1485,3085,115,2,13,일
2022-02-13,경강선,세종대왕릉,216,214,430,2,2,13,일
2022-02-13,경강선,부발,1279,1939,3218,-660,2,13,일
2022-02-13,경강선,이천,1771,1858,3629,-87,2,13,일
2022-02-13,경강선,신둔도예촌,731,700,1431,31,2,13,일
2022-02-13,경강선,곤지암,1304,1499,2803,-195,2,13,일
2022-02-13,경강선,초월,1319,1391,2710,-72,2,13,일
2022-02-13,경강선,경기광주,3343,3354,6697,-11,2,13,일
2022-02-13,경강선,삼동,856,881,1737,-25,2,13,일
2022-02-13,경강선,이매,568,389,957,179,2,13,일
2022-02-13,경강선,판교,2150,2104,4254,46,2,13,일
2022-02-13,9호선2~3단계,중앙보훈병원,2886,2837,5723,49,2,13,일
2022-02-13,9호선2~3단계,둔촌오륜,390,424,814,-34,2,13,일
2022-02-13,9호선2~3단계,올림픽공원(한국체대),4285,4181,8466,104,2,13,일
2022-02-13,9호선2~3단계,한성백제,1199,1068,2267,131,2,13,일
2022-02-13,9호선2~3단계,송파나루,2744,2907,5651,-163,2,13,일
2022-02-13,9호선2~3단계,석촌,4159,3612,7771,547,2,13,일
2022-02-13,9호선2~3단계,석촌고분,2789,2761,5550,28,2,13,일
2022-02-13,9호선2~3단계,삼전,3248,3191,6439,57,2,13,일
2022-02-13,9호선2~3단계,종합운동장,1906,1752,3658,154,2,13,일
2022-02-13,9호선2~3단계,봉은사,6308,6469,12777,-161,2,13,일
2022-02-13,9호선2~3단계,삼성중앙,1726,1889,3615,-163,2,13,일
2022-02-13,9호선2~3단계,선정릉,2625,3037,5662,-412,2,13,일
2022-02-13,9호선2~3단계,언주,3450,3491,6941,-41,2,13,일
2022-02-13,9호선,신논현,13665,13140,26805,525,2,13,일
2022-02-13,9호선,사평,1493,1465,2958,28,2,13,일
2022-02-13,9호선,고속터미널,7901,10868,18769,-2967,2,13,일
2022-02-13,9호선,신반포,1458,1564,3022,-106,2,13,일
2022-02-13,9호선,구반포,544,573,1117,-29,2,13,일
2022-02-13,9호선,동작(현충원),1640,1352,2992,288,2,13,일
2022-02-13,9호선,흑석(중앙대입구),3222,3421,6643,-199,2,13,일
2022-02-13,9호선,노들,2283,1990,4273,293,2,13,일
2022-02-13,9호선,노량진,12756,13547,26303,-791,2,13,일
2022-02-13,9호선,샛강,1417,1455,2872,-38,2,13,일
2022-02-13,9호선,여의도,8177,7429,15606,748,2,13,일
2022-02-13,9호선,국회의사당,4509,4260,8769,249,2,13,일
2022-02-13,9호선,당산,7939,7804,15743,135,2,13,일
2022-02-13,9호선,선유도,2429,2439,4868,-10,2,13,일
2022-02-13,9호선,신목동,1490,1342,2832,148,2,13,일
2022-02-13,9호선,염창,7410,7422,14832,-12,2,13,일
2022-02-13,9호선,등촌,4555,4591,9146,-36,2,13,일
2022-02-13,9호선,증미,2160,2119,4279,41,2,13,일
2022-02-13,9호선,가양,8369,8353,16722,16,2,13,일
2022-02-13,9호선,양천향교,3536,3758,7294,-222,2,13,일
2022-02-13,9호선,마곡나루(서울식물원),5006,4975,9981,31,2,13,일
2022-02-13,9호선,신방화,2986,2974,5960,12,2,13,일
2022-02-13,9호선,공항시장,1553,1668,3221,-115,2,13,일
2022-02-13,9호선,김포공항,6069,10165,16234,-4096,2,13,일
2022-02-13,9호선,개화,861,829,1690,32,2,13,일
2022-02-13,8호선,남위례,1803,1937,3740,-134,2,13,일
2022-02-13,8호선,모란,2337,2030,4367,307,2,13,일
2022-02-13,8호선,수진,2718,2573,5291,145,2,13,일
2022-02-13,8호선,신흥,2245,2437,4682,-192,2,13,일
2022-02-13,8호선,단대오거리,4882,4831,9713,51,2,13,일
2022-02-13,8호선,남한산성입구(성남법원.검찰청),5872,5566,11438,306,2,13,일
2022-02-13,8호선,산성,2738,2813,5551,-75,2,13,일
2022-02-13,8호선,복정,3987,3658,7645,329,2,13,일
2022-02-13,8호선,장지,7780,8161,15941,-381,2,13,일
2022-02-13,8호선,문정,4885,5249,10134,-364,2,13,일
2022-02-13,8호선,가락시장,2765,3463,6228,-698,2,13,일
2022-02-13,8호선,송파,3141,3336,6477,-195,2,13,일
2022-02-13,8호선,석촌,3738,4573,8311,-835,2,13,일
2022-02-13,8호선,잠실(송파구청),8315,9247,17562,-932,2,13,일
2022-02-13,8호선,몽촌토성(평화의문),2810,2742,5552,68,2,13,일
2022-02-13,8호선,강동구청,3966,4204,8170,-238,2,13,일
2022-02-13,8호선,천호(풍납토성),7826,9003,16829,-1177,2,13,일
2022-02-13,8호선,암사,7777,7316,15093,461,2,13,일
2022-02-13,7호선,부평구청,1,0,1,1,2,13,일
2022-02-13,7호선,상동,1,0,1,1,2,13,일
2022-02-13,7호선,까치울,1,0,1,1,2,13,일
2022-02-13,7호선,온수(성공회대입구),3410,3367,6777,43,2,13,일
2022-02-13,7호선,천왕,4289,4177,8466,112,2,13,일
2022-02-13,7호선,광명사거리,11022,10996,22018,26,2,13,일
2022-02-13,7호선,철산,9444,9602,19046,-158,2,13,일
2022-02-13,7호선,가산디지털단지,8787,8224,17011,563,2,13,일
2022-02-13,7호선,남구로,5696,5585,11281,111,2,13,일
2022-02-13,7호선,대림(구로구청),5583,5295,10878,288,2,13,일
2022-02-13,7호선,신풍,5299,4956,10255,343,2,13,일
2022-02-13,7호선,보라매,3738,3754,7492,-16,2,13,일
2022-02-13,7호선,신대방삼거리,6955,7002,13957,-47,2,13,일
2022-02-13,7호선,장승배기,4063,3969,8032,94,2,13,일
2022-02-13,7호선,상도,4598,4633,9231,-35,2,13,일
2022-02-13,7호선,숭실대입구(살피재),4916,5389,10305,-473,2,13,일
2022-02-13,7호선,남성,4846,4774,9620,72,2,13,일
2022-02-13,7호선,이수,7429,6792,14221,637,2,13,일
2022-02-13,7호선,내방,4606,4833,9439,-227,2,13,일
2022-02-13,7호선,고속터미널,9597,6754,16351,2843,2,13,일
2022-02-13,7호선,반포,2523,2480,5003,43,2,13,일
2022-02-13,7호선,논현,5609,5849,11458,-240,2,13,일
2022-02-13,7호선,학동,5280,5657,10937,-377,2,13,일
2022-02-13,7호선,강남구청,5111,5525,10636,-414,2,13,일
2022-02-13,7호선,청담,6101,6496,12597,-395,2,13,일
2022-02-13,7호선,뚝섬유원지,5035,4764,9799,271,2,13,일
2022-02-13,7호선,건대입구,6679,6606,13285,73,2,13,일
2022-02-13,7호선,어린이대공원(세종대),8040,8132,16172,-92,2,13,일
2022-02-13,7호선,군자(능동),6998,5421,12419,1577,2,13,일
2022-02-13,7호선,중곡,4764,4656,9420,108,2,13,일
2022-02-13,7호선,용마산(용마폭포공원),2890,3230,6120,-340,2,13,일
2022-02-13,7호선,사가정,7998,7773,15771,225,2,13,일
2022-02-13,7호선,면목,7231,7258,14489,-27,2,13,일
2022-02-13,7호선,상봉(시외버스터미널),8180,7537,15717,643,2,13,일
2022-02-13,7호선,중화,5055,4939,9994,116,2,13,일
2022-02-13,7호선,먹골,4837,4868,9705,-31,2,13,일
2022-02-13,7호선,태릉입구,4462,4035,8497,427,2,13,일
2022-02-13,7호선,공릉(서울과학기술대),5532,5676,11208,-144,2,13,일
2022-02-13,7호선,하계,7893,7614,15507,279,2,13,일
2022-02-13,7호선,중계,5820,5478,11298,342,2,13,일
2022-02-13,7호선,노원,10000,10100,20100,-100,2,13,일
2022-02-13,7호선,마들,5169,4953,10122,216,2,13,일
2022-02-13,7호선,수락산,7326,7201,14527,125,2,13,일
2022-02-13,7호선,도봉산,4618,6907,11525,-2289,2,13,일
2022-02-13,7호선,장암,1239,862,2101,377,2,13,일
2022-02-13,6호선,봉화산(서울의료원),3401,3321,6722,80,2,13,일
2022-02-13,6호선,화랑대(서울여대입구),4549,3948,8497,601,2,13,일
2022-02-13,6호선,태릉입구,2803,2915,5718,-112,2,13,일
2022-02-13,6호선,석계,5644,5808,11452,-164,2,13,일
2022-02-13,6호선,돌곶이,4616,4421,9037,195,2,13,일
2022-02-13,6호선,상월곡(한국과학기술연구원),2826,2480,5306,346,2,13,일
2022-02-13,6호선,월곡(동덕여대),4775,4687,9462,88,2,13,일
2022-02-13,6호선,고려대(종암),3594,3507,7101,87,2,13,일
2022-02-13,6호선,안암(고대병원앞),3877,4134,8011,-257,2,13,일
2022-02-13,6호선,보문,3666,3409,7075,257,2,13,일
2022-02-13,6호선,창신,1485,1330,2815,155,2,13,일
2022-02-13,6호선,동묘앞,5246,5172,10418,74,2,13,일
2022-02-13,6호선,신당,3845,4387,8232,-542,2,13,일
2022-02-13,6호선,청구,1439,1402,2841,37,2,13,일
2022-02-13,6호선,약수,1557,1569,3126,-12,2,13,일
2022-02-13,6호선,버티고개,872,958,1830,-86,2,13,일
2022-02-13,6호선,한강진,4598,5413,10011,-815,2,13,일
2022-02-13,6호선,이태원,7917,7358,15275,559,2,13,일
2022-02-13,6호선,녹사평(용산구청),3203,3282,6485,-79,2,13,일
2022-02-13,6호선,삼각지,3143,2398,5541,745,2,13,일
2022-02-13,6호선,효창공원앞,3021,2748,5769,273,2,13,일
2022-02-13,6호선,공덕,5998,5643,11641,355,2,13,일
2022-02-13,6호선,대흥(서강대앞),3470,3484,6954,-14,2,13,일
2022-02-13,6호선,광흥창(서강),3682,3670,7352,12,2,13,일
2022-02-13,6호선,상수,5541,6350,11891,-809,2,13,일
2022-02-13,6호선,합정,8457,7421,15878,1036,2,13,일
2022-02-13,6호선,망원,9055,9481,18536,-426,2,13,일
2022-02-13,6호선,마포구청,6318,5818,12136,500,2,13,일
2022-02-13,6호선,월드컵경기장(성산),2611,2574,5185,37,2,13,일
2022-02-13,6호선,디지털미디어시티,4686,4854,9540,-168,2,13,일
2022-02-13,6호선,증산(명지대앞),4898,5001,9899,-103,2,13,일
2022-02-13,6호선,새절(신사),5536,5465,11001,71,2,13,일
2022-02-13,6호선,구산,3362,2516,5878,846,2,13,일
2022-02-13,6호선,연신내,2,0,2,2,2,13,일
2022-02-13,6호선,독바위,1364,1646,3010,-282,2,13,일
2022-02-13,6호선,불광,2585,2341,4926,244,2,13,일
2022-02-13,6호선,역촌,1806,2164,3970,-358,2,13,일
2022-02-13,6호선,응암,8242,8218,16460,24,2,13,일
2022-02-13,5호선,하남검단산,3990,4113,8103,-123,2,13,일
2022-02-13,5호선,하남시청(덕풍·신장),3311,3225,6536,86,2,13,일
2022-02-13,5호선,하남풍산,1939,1891,3830,48,2,13,일
2022-02-13,5호선,미사,7675,7737,15412,-62,2,13,일
2022-02-13,5호선,강일,1823,1799,3622,24,2,13,일
2022-02-13,5호선,마천,3304,3544,6848,-240,2,13,일
2022-02-13,5호선,거여,3796,3748,7544,48,2,13,일
2022-02-13,5호선,개롱,2558,2855,5413,-297,2,13,일
2022-02-13,5호선,오금,1409,1357,2766,52,2,13,일
2022-02-13,5호선,방이,3445,3415,6860,30,2,13,일
2022-02-13,5호선,올림픽공원(한국체대),1885,1743,3628,142,2,13,일
2022-02-13,5호선,둔촌동,4004,4115,8119,-111,2,13,일
2022-02-13,5호선,상일동,5702,5638,11340,64,2,13,일
2022-02-13,5호선,고덕,3898,3772,7670,126,2,13,일
2022-02-13,5호선,명일,4249,4244,8493,5,2,13,일
2022-02-13,5호선,굽은다리(강동구민회관앞),4628,4412,9040,216,2,13,일
2022-02-13,5호선,길동,3720,3989,7709,-269,2,13,일
2022-02-13,5호선,강동,7796,7816,15612,-20,2,13,일
2022-02-13,5호선,천호(풍납토성),11133,10418,21551,715,2,13,일
2022-02-13,5호선,광나루(장신대),6579,6550,13129,29,2,13,일
2022-02-13,5호선,아차산(어린이대공원후문),8887,8833,17720,54,2,13,일
2022-02-13,5호선,군자(능동),5611,6023,11634,-412,2,13,일
2022-02-13,5호선,장한평,6820,7005,13825,-185,2,13,일
2022-02-13,5호선,답십리,6721,6271,12992,450,2,13,일
2022-02-13,5호선,마장,2439,2441,4880,-2,2,13,일
2022-02-13,5호선,왕십리(성동구청),2227,2696,4923,-469,2,13,일
2022-02-13,5호선,행당,3452,3228,6680,224,2,13,일
2022-02-13,5호선,신금호,2481,2821,5302,-340,2,13,일
2022-02-13,5호선,청구,1641,1460,3101,181,2,13,일
2022-02-13,5호선,동대문역사문화공원(DDP),687,761,1448,-74,2,13,일
2022-02-13,5호선,을지로4가,1374,1315,2689,59,2,13,일
2022-02-13,5호선,종로3가,7625,6937,14562,688,2,13,일
2022-02-13,5호선,광화문(세종문화회관),9060,8911,17971,149,2,13,일
2022-02-13,5호선,서대문,4569,4553,9122,16,2,13,일
2022-02-13,5호선,충정로(경기대입구),1244,1243,2487,1,2,13,일
2022-02-13,5호선,애오개,2316,2348,4664,-32,2,13,일
2022-02-13,5호선,공덕,4046,3973,8019,73,2,13,일
2022-02-13,5호선,마포,4215,4283,8498,-68,2,13,일
2022-02-13,5호선,여의나루,6381,6972,13353,-591,2,13,일
2022-02-13,5호선,여의도,7258,7525,14783,-267,2,13,일
2022-02-13,5호선,신길,1611,1880,3491,-269,2,13,일
2022-02-13,5호선,영등포시장,4760,5004,9764,-244,2,13,일
2022-02-13,5호선,영등포구청,1280,1186,2466,94,2,13,일
2022-02-13,5호선,양평,2354,2417,4771,-63,2,13,일
2022-02-13,5호선,오목교(목동운동장앞),10143,10473,20616,-330,2,13,일
2022-02-13,5호선,목동,6756,6868,13624,-112,2,13,일
2022-02-13,5호선,신정(은행정),5646,5109,10755,537,2,13,일
2022-02-13,5호선,까치산,13926,13743,27669,183,2,13,일
2022-02-13,5호선,화곡,12522,11934,24456,588,2,13,일
2022-02-13,5호선,우장산,6207,6233,12440,-26,2,13,일
2022-02-13,5호선,발산,7873,8206,16079,-333,2,13,일
2022-02-13,5호선,마곡,3258,3348,6606,-90,2,13,일
2022-02-13,5호선,송정,3180,3201,6381,-21,2,13,일
2022-02-13,5호선,김포공항,5973,5883,11856,90,2,13,일
2022-02-13,5호선,개화산,2330,2446,4776,-116,2,13,일
2022-02-13,5호선,방화,3149,3130,6279,19,2,13,일
2022-02-13,4호선,쌍문,13998,12884,26882,1114,2,13,일
2022-02-13,4호선,창동,13964,14368,28332,-404,2,13,일
2022-02-13,4호선,노원,10602,11297,21899,-695,2,13,일
2022-02-13,4호선,상계,9266,8821,18087,445,2,13,일
2022-02-13,4호선,당고개,6975,6756,13731,219,2,13,일
2022-02-13,4호선,남태령,555,437,992,118,2,13,일
2022-02-13,4호선,사당,13105,12404,25509,701,2,13,일
2022-02-13,4호선,총신대입구(이수),9247,10127,19374,-880,2,13,일
2022-02-13,4호선,동작(현충원),1308,1275,2583,33,2,13,일
2022-02-13,4호선,이촌(국립중앙박물관),4322,4743,9065,-421,2,13,일
2022-02-13,4호선,신용산,6620,7085,13705,-465,2,13,일
2022-02-13,4호선,삼각지,2135,2826,4961,-691,2,13,일
2022-02-13,4호선,숙대입구(갈월),6548,6337,12885,211,2,13,일
2022-02-13,4호선,서울역,3583,7723,11306,-4140,2,13,일
2022-02-13,4호선,회현(남대문시장),7657,7994,15651,-337,2,13,일
2022-02-13,4호선,명동,9217,8999,18216,218,2,13,일
2022-02-13,4호선,충무로,6735,6755,13490,-20,2,13,일
2022-02-13,4호선,동대문역사문화공원(DDP),8050,7591,15641,459,2,13,일
2022-02-13,4호선,동대문,5211,5886,11097,-675,2,13,일
2022-02-13,4호선,혜화,20079,20581,40660,-502,2,13,일
2022-02-13,4호선,한성대입구(삼선교),6837,6666,13503,171,2,13,일
2022-02-13,4호선,성신여대입구(돈암),11143,10581,21724,562,2,13,일
2022-02-13,1호선,서울역,21053,19161,40214,1892,2,13,일
2022-02-13,1호선,동묘앞,10570,10640,21210,-70,2,13,일
2022-02-13,1호선,시청,6328,6058,12386,270,2,13,일
2022-02-13,4호선,길음,9668,9695,19363,-27,2,13,일
2022-02-13,4호선,미아사거리,14154,13499,27653,655,2,13,일
2022-02-13,4호선,미아(서울사이버대학),7232,6832,14064,400,2,13,일
2022-02-13,4호선,수유(강북구청),17818,17214,35032,604,2,13,일
2022-02-13,3호선,오금,2381,2393,4774,-12,2,13,일
2022-02-13,3호선,경찰병원,2376,2471,4847,-95,2,13,일
2022-02-13,3호선,가락시장,3210,3309,6519,-99,2,13,일
2022-02-13,3호선,수서,9144,8920,18064,224,2,13,일
2022-02-13,3호선,일원,2914,3058,5972,-144,2,13,일
2022-02-13,3호선,대청,3660,3619,7279,41,2,13,일
2022-02-13,3호선,학여울,2321,2446,4767,-125,2,13,일
2022-02-13,3호선,대치,5473,4773,10246,700,2,13,일
2022-02-13,3호선,도곡,1634,1776,3410,-142,2,13,일
2022-02-13,3호선,매봉,3631,3609,7240,22,2,13,일
2022-02-13,3호선,양재(서초구청),12212,13787,25999,-1575,2,13,일
2022-02-13,3호선,남부터미널(예술의전당),12287,13054,25341,-767,2,13,일
2022-02-13,3호선,교대(법원.검찰청),3650,2168,5818,1482,2,13,일
2022-02-13,3호선,고속터미널,32390,30857,63247,1533,2,13,일
2022-02-13,3호선,잠원,1875,1904,3779,-29,2,13,일
2022-02-13,3호선,신사,13128,13070,26198,58,2,13,일
2022-02-13,3호선,압구정,12690,12963,25653,-273,2,13,일
2022-02-13,3호선,옥수,4262,4547,8809,-285,2,13,일
2022-02-13,3호선,금호,3801,3721,7522,80,2,13,일
2022-02-13,3호선,약수,6006,5753,11759,253,2,13,일
2022-02-13,3호선,동대입구,4096,4562,8658,-466,2,13,일
2022-02-13,3호선,충무로,3,0,3,3,2,13,일
2022-02-13,3호선,을지로3가,2687,2458,5145,229,2,13,일
2022-02-13,3호선,종로3가,3462,4464,7926,-1002,2,13,일
2022-02-13,3호선,안국,9199,9883,19082,-684,2,13,일
2022-02-13,3호선,경복궁(정부서울청사),10114,10206,20320,-92,2,13,일
2022-02-13,3호선,독립문,3807,4119,7926,-312,2,13,일
2022-02-13,3호선,무악재,1549,1800,3349,-251,2,13,일
2022-02-13,3호선,홍제,8273,7887,16160,386,2,13,일
2022-02-13,3호선,녹번,6327,5749,12076,578,2,13,일
2022-02-13,3호선,불광,8406,9844,18250,-1438,2,13,일
2022-02-13,3호선,연신내,19125,18043,37168,1082,2,13,일
2022-02-13,3호선,구파발,9472,9634,19106,-162,2,13,일
2022-02-13,3호선,지축,1943,1825,3768,118,2,13,일
2022-02-13,2호선,용두(동대문구청),965,923,1888,42,2,13,일
2022-02-13,2호선,신정네거리,4581,4673,9254,-92,2,13,일
2022-02-13,2호선,양천구청,2782,3002,5784,-220,2,13,일
2022-02-13,2호선,도림천,421,437,858,-16,2,13,일
2022-02-13,2호선,신설동,2764,3093,5857,-329,2,13,일
2022-02-13,2호선,신답,708,752,1460,-44,2,13,일
2022-02-13,2호선,용답,1435,1436,2871,-1,2,13,일
2022-02-13,2호선,충정로(경기대입구),3464,3742,7206,-278,2,13,일
2022-02-13,2호선,아현,4450,4556,9006,-106,2,13,일
2022-02-13,2호선,이대,5807,6209,12016,-402,2,13,일
2022-02-13,2호선,신촌,19107,18425,37532,682,2,13,일
2022-02-13,2호선,홍대입구,42621,42157,84778,464,2,13,일
2022-02-13,2호선,합정,18414,19258,37672,-844,2,13,일
2022-02-13,2호선,당산,7770,8317,16087,-547,2,13,일
2022-02-13,2호선,영등포구청,7135,7277,14412,-142,2,13,일
2022-02-13,2호선,문래,6807,7116,13923,-309,2,13,일
2022-02-13,2호선,신도림,25320,25672,50992,-352,2,13,일
2022-02-13,2호선,대림(구로구청),12579,12749,25328,-170,2,13,일
2022-02-13,2호선,구로디지털단지,21156,20821,41977,335,2,13,일
2022-02-13,2호선,신대방,13573,13409,26982,164,2,13,일
2022-02-13,2호선,신림,34033,33376,67409,657,2,13,일
2022-02-13,2호선,봉천,11158,11002,22160,156,2,13,일
2022-02-13,2호선,서울대입구(관악구청),24958,25406,50364,-448,2,13,일
2022-02-13,2호선,낙성대(강감찬),14058,14303,28361,-245,2,13,일
2022-02-13,2호선,사당,18728,20722,39450,-1994,2,13,일
2022-02-13,2호선,방배,5951,6270,12221,-319,2,13,일
2022-02-13,2호선,서초,9848,9178,19026,670,2,13,일
2022-02-13,2호선,교대(법원.검찰청),9022,10101,19123,-1079,2,13,일
2022-02-13,2호선,강남,31158,29861,61019,1297,2,13,일
2022-02-13,2호선,역삼,10531,11708,22239,-1177,2,13,일
2022-02-13,2호선,선릉,11862,10287,22149,1575,2,13,일
2022-02-13,2호선,삼성(무역센터),17969,17128,35097,841,2,13,일
2022-02-13,2호선,종합운동장,4036,4313,8349,-277,2,13,일
2022-02-13,2호선,잠실새내,9616,9975,19591,-359,2,13,일
2022-02-13,2호선,잠실(송파구청),40336,37898,78234,2438,2,13,일
2022-02-13,2호선,잠실나루,4433,4648,9081,-215,2,13,일
2022-02-13,2호선,구의(광진구청),10160,10392,20552,-232,2,13,일
2022-02-13,우이신설선,성신여대입구(돈암),1977,2236,4213,-259,2,13,일
2022-02-13,2호선,건대입구,23188,23565,46753,-377,2,13,일
2022-02-13,2호선,성수,12698,13614,26312,-916,2,13,일
2022-02-13,2호선,뚝섬,8844,9119,17963,-275,2,13,일
2022-02-13,2호선,한양대,2213,2394,4607,-181,2,13,일
2022-02-13,2호선,왕십리(성동구청),8212,7220,15432,992,2,13,일
2022-02-13,2호선,상왕십리,6191,6070,12261,121,2,13,일
2022-02-13,2호선,신당,7235,7679,14914,-444,2,13,일
2022-02-13,2호선,동대문역사문화공원(DDP),6995,8273,15268,-1278,2,13,일
2022-02-13,2호선,을지로4가,2946,2747,5693,199,2,13,일
2022-02-13,2호선,을지로3가,6865,6524,13389,341,2,13,일
2022-02-13,2호선,을지로입구,13561,12850,26411,711,2,13,일
2022-02-13,2호선,시청,5240,4360,9600,880,2,13,일
2022-02-13,1호선,청량리(서울시립대입구),11528,11689,23217,-161,2,13,일
2022-02-13,1호선,제기동,9132,9569,18701,-437,2,13,일
2022-02-13,1호선,신설동,7061,6936,13997,125,2,13,일
2022-02-14,5호선,오금,3507,3657,7164,-150,2,14,월
2022-02-14,중앙선,원덕,291,270,561,21,2,14,월
2022-02-14,중앙선,용문,1387,1310,2697,77,2,14,월
2022-02-14,중앙선,지평,63,60,123,3,2,14,월
2022-02-14,1호선,동대문,9746,9166,18912,580,2,14,월
2022-02-14,1호선,서울역,38551,37346,75897,1205,2,14,월
2022-02-14,1호선,동묘앞,6217,6505,12722,-288,2,14,월
2022-02-14,1호선,시청,19787,20335,40122,-548,2,14,월
2022-02-14,1호선,종각,31755,30760,62515,995,2,14,월
2022-02-14,1호선,종로3가,22677,21188,43865,1489,2,14,월
2022-02-14,1호선,종로5가,20692,20170,40862,522,2,14,월
2022-02-14,1호선,신설동,13023,12930,25953,93,2,14,월
2022-02-14,1호선,제기동,15516,15567,31083,-51,2,14,월
2022-02-14,1호선,청량리(서울시립대입구),18270,18221,36491,49,2,14,월
2022-02-14,2호선,시청,21957,20999,42956,958,2,14,월
2022-02-14,2호선,을지로입구,35911,36246,72157,-335,2,14,월
2022-02-14,2호선,을지로3가,20919,20494,41413,425,2,14,월
2022-02-14,2호선,을지로4가,12188,12377,24565,-189,2,14,월
2022-02-14,2호선,동대문역사문화공원(DDP),10239,11668,21907,-1429,2,14,월
2022-02-14,2호선,신당,12908,13369,26277,-461,2,14,월
2022-02-14,2호선,상왕십리,13400,13378,26778,22,2,14,월
2022-02-14,2호선,왕십리(성동구청),14219,11817,26036,2402,2,14,월
2022-02-14,2호선,한양대,6622,6930,13552,-308,2,14,월
2022-02-14,2호선,뚝섬,20261,21857,42118,-1596,2,14,월
2022-02-14,2호선,성수,36336,38724,75060,-2388,2,14,월
2022-02-14,2호선,건대입구,31311,33144,64455,-1833,2,14,월
2022-02-14,2호선,구의(광진구청),22375,22457,44832,-82,2,14,월
2022-02-14,2호선,강변(동서울터미널),27545,26143,53688,1402,2,14,월
2022-02-14,2호선,잠실나루,13500,13491,26991,9,2,14,월
2022-02-14,2호선,잠실(송파구청),60655,60024,120679,631,2,14,월
2022-02-14,2호선,잠실새내,19835,19770,39605,65,2,14,월
2022-02-14,2호선,종합운동장,6574,7141,13715,-567,2,14,월
2022-02-14,2호선,삼성(무역센터),48756,48312,97068,444,2,14,월
2022-02-14,2호선,선릉,54957,48573,103530,6384,2,14,월
2022-02-14,2호선,역삼,51209,55739,106948,-4530,2,14,월
2022-02-14,2호선,강남,81670,79216,160886,2454,2,14,월
2022-02-14,2호선,교대(법원.검찰청),32258,36030,68288,-3772,2,14,월
2022-02-14,2호선,서초,20456,19804,40260,652,2,14,월
2022-02-14,2호선,방배,15072,15624,30696,-552,2,14,월
2022-02-14,2호선,사당,32392,35436,67828,-3044,2,14,월
2022-02-14,2호선,낙성대(강감찬),24897,24615,49512,282,2,14,월
2022-02-14,2호선,서울대입구(관악구청),43756,43661,87417,95,2,14,월
2022-02-14,2호선,봉천,22460,21581,44041,879,2,14,월
2022-02-14,2호선,신림,59025,58014,117039,1011,2,14,월
2022-02-14,2호선,신대방,24967,24537,49504,430,2,14,월
2022-02-14,2호선,구로디지털단지,56942,56942,113884,0,2,14,월
2022-02-14,2호선,대림(구로구청),22649,23252,45901,-603,2,14,월
2022-02-14,2호선,신도림,43409,42560,85969,849,2,14,월
2022-02-14,2호선,문래,20332,20737,41069,-405,2,14,월
2022-02-14,2호선,영등포구청,22195,22699,44894,-504,2,14,월
2022-02-14,2호선,당산,16740,19477,36217,-2737,2,14,월
2022-02-14,2호선,합정,27474,28694,56168,-1220,2,14,월
2022-02-14,2호선,홍대입구,47712,47632,95344,80,2,14,월
2022-02-14,2호선,신촌,29727,30123,59850,-396,2,14,월
2022-02-14,2호선,이대,11481,12289,23770,-808,2,14,월
2022-02-14,2호선,아현,9324,9103,18427,221,2,14,월
2022-02-14,2호선,충정로(경기대입구),9588,10147,19735,-559,2,14,월
2022-02-14,2호선,용답,2493,2557,5050,-64,2,14,월
2022-02-14,2호선,신답,1633,1857,3490,-224,2,14,월
2022-02-14,2호선,신설동,3209,3206,6415,3,2,14,월
2022-02-14,2호선,도림천,1342,1403,2745,-61,2,14,월
2022-02-14,2호선,양천구청,6445,6842,13287,-397,2,14,월
2022-02-14,2호선,신정네거리,9561,9942,19503,-381,2,14,월
2022-02-14,2호선,용두(동대문구청),2270,2377,4647,-107,2,14,월
2022-02-14,3호선,지축,4262,4118,8380,144,2,14,월
2022-02-14,3호선,구파발,18794,17877,36671,917,2,14,월
2022-02-14,3호선,연신내,33493,32067,65560,1426,2,14,월
2022-02-14,3호선,불광,14920,15899,30819,-979,2,14,월
2022-02-14,3호선,녹번,14359,13443,27802,916,2,14,월
2022-02-14,3호선,홍제,16160,15575,31735,585,2,14,월
2022-02-14,3호선,무악재,3622,3795,7417,-173,2,14,월
2022-02-14,3호선,독립문,6138,6439,12577,-301,2,14,월
2022-02-14,3호선,경복궁(정부서울청사),17346,17184,34530,162,2,14,월
2022-02-14,3호선,안국,18035,18219,36254,-184,2,14,월
2022-02-14,3호선,종로3가,9821,10952,20773,-1131,2,14,월
2022-02-14,3호선,을지로3가,10072,9959,20031,113,2,14,월
2022-02-14,3호선,충무로,1,0,1,1,2,14,월
2022-02-14,3호선,동대입구,6606,6764,13370,-158,2,14,월
2022-02-14,3호선,약수,11887,11585,23472,302,2,14,월
2022-02-14,3호선,금호,7394,7111,14505,283,2,14,월
2022-02-14,3호선,옥수,8000,8422,16422,-422,2,14,월
2022-02-14,3호선,압구정,30757,32617,63374,-1860,2,14,월
2022-02-14,3호선,신사,30591,31460,62051,-869,2,14,월
2022-02-14,3호선,잠원,4482,4445,8927,37,2,14,월
2022-02-14,3호선,고속터미널,36180,34149,70329,2031,2,14,월
2022-02-14,3호선,교대(법원.검찰청),13394,8813,22207,4581,2,14,월
2022-02-14,3호선,남부터미널(예술의전당),26755,27256,54011,-501,2,14,월
2022-02-14,3호선,양재(서초구청),36379,39347,75726,-2968,2,14,월
2022-02-14,3호선,매봉,11933,11418,23351,515,2,14,월
2022-02-14,3호선,도곡,5100,5254,10354,-154,2,14,월
2022-02-14,3호선,대치,10804,10858,21662,-54,2,14,월
2022-02-14,3호선,학여울,1641,1645,3286,-4,2,14,월
2022-02-14,3호선,대청,9602,9011,18613,591,2,14,월
2022-02-14,3호선,일원,9630,9445,19075,185,2,14,월
2022-02-14,3호선,수서,15382,15794,31176,-412,2,14,월
2022-02-14,3호선,가락시장,8391,8159,16550,232,2,14,월
2022-02-14,3호선,경찰병원,7352,7384,14736,-32,2,14,월
2022-02-14,3호선,오금,6059,5405,11464,654,2,14,월
2022-02-14,4호선,수유(강북구청),31244,31313,62557,-69,2,14,월
2022-02-14,4호선,미아(서울사이버대학),13576,13405,26981,171,2,14,월
2022-02-14,4호선,미아사거리,25163,24820,49983,343,2,14,월
2022-02-14,4호선,길음,18149,18367,36516,-218,2,14,월
2022-02-14,4호선,성신여대입구(돈암),17768,17428,35196,340,2,14,월
2022-02-14,4호선,한성대입구(삼선교),11713,11595,23308,118,2,14,월
2022-02-14,4호선,혜화,27651,27177,54828,474,2,14,월
2022-02-14,4호선,동대문,18110,18108,36218,2,2,14,월
2022-02-14,4호선,동대문역사문화공원(DDP),13427,12170,25597,1257,2,14,월
2022-02-14,4호선,충무로,23769,24452,48221,-683,2,14,월
2022-02-14,4호선,명동,15613,15976,31589,-363,2,14,월
2022-02-14,4호선,회현(남대문시장),21724,22136,43860,-412,2,14,월
2022-02-14,4호선,서울역,10281,14493,24774,-4212,2,14,월
2022-02-14,4호선,숙대입구(갈월),11409,11144,22553,265,2,14,월
2022-02-14,4호선,삼각지,4362,4710,9072,-348,2,14,월
2022-02-14,4호선,신용산,15029,15761,30790,-732,2,14,월
2022-02-14,4호선,이촌(국립중앙박물관),6405,7264,13669,-859,2,14,월
2022-02-14,4호선,동작(현충원),1271,1417,2688,-146,2,14,월
2022-02-14,4호선,총신대입구(이수),17191,18754,35945,-1563,2,14,월
2022-02-14,4호선,사당,22395,18018,40413,4377,2,14,월
2022-02-14,4호선,남태령,1029,947,1976,82,2,14,월
2022-02-14,4호선,당고개,11735,10825,22560,910,2,14,월
2022-02-14,4호선,상계,17471,16470,33941,1001,2,14,월
2022-02-14,4호선,노원,16809,18815,35624,-2006,2,14,월
2022-02-14,4호선,창동,23397,24839,48236,-1442,2,14,월
2022-02-14,4호선,쌍문,27047,25266,52313,1781,2,14,월
2022-02-14,5호선,방화,6124,5911,12035,213,2,14,월
2022-02-14,5호선,개화산,5296,5062,10358,234,2,14,월
2022-02-14,5호선,김포공항,6834,6700,13534,134,2,14,월
2022-02-14,5호선,송정,6174,5904,12078,270,2,14,월
2022-02-14,5호선,마곡,10563,10174,20737,389,2,14,월
2022-02-14,5호선,발산,19338,19125,38463,213,2,14,월
2022-02-14,5호선,우장산,13301,13405,26706,-104,2,14,월
2022-02-14,5호선,화곡,26899,25319,52218,1580,2,14,월
2022-02-14,5호선,까치산,27289,26818,54107,471,2,14,월
2022-02-14,5호선,신정(은행정),13417,11081,24498,2336,2,14,월
2022-02-14,5호선,목동,15770,17200,32970,-1430,2,14,월
2022-02-14,5호선,오목교(목동운동장앞),20361,21754,42115,-1393,2,14,월
2022-02-14,5호선,양평,7330,7293,14623,37,2,14,월
2022-02-14,5호선,영등포구청,3890,3841,7731,49,2,14,월
2022-02-14,5호선,영등포시장,9333,9623,18956,-290,2,14,월
2022-02-14,5호선,신길,3867,4356,8223,-489,2,14,월
2022-02-14,5호선,여의도,28391,28078,56469,313,2,14,월
2022-02-14,5호선,여의나루,8101,9237,17338,-1136,2,14,월
2022-02-14,5호선,마포,13802,13955,27757,-153,2,14,월
2022-02-14,5호선,공덕,12907,13486,26393,-579,2,14,월
2022-02-14,5호선,애오개,6380,6605,12985,-225,2,14,월
2022-02-14,5호선,충정로(경기대입구),4620,4715,9335,-95,2,14,월
2022-02-14,5호선,서대문,17890,17330,35220,560,2,14,월
2022-02-14,5호선,광화문(세종문화회관),27313,26726,54039,587,2,14,월
2022-02-14,5호선,종로3가,11112,10721,21833,391,2,14,월
2022-02-14,5호선,을지로4가,5778,5424,11202,354,2,14,월
2022-02-14,5호선,동대문역사문화공원(DDP),2934,3185,6119,-251,2,14,월
2022-02-14,5호선,청구,3881,3608,7489,273,2,14,월
2022-02-14,5호선,신금호,5874,6342,12216,-468,2,14,월
2022-02-14,5호선,행당,7522,7131,14653,391,2,14,월
2022-02-14,5호선,왕십리(성동구청),4329,4684,9013,-355,2,14,월
2022-02-14,5호선,마장,5098,4827,9925,271,2,14,월
2022-02-14,5호선,답십리,15129,14208,29337,921,2,14,월
2022-02-14,5호선,장한평,17628,17603,35231,25,2,14,월
2022-02-14,5호선,군자(능동),10276,11471,21747,-1195,2,14,월
2022-02-14,5호선,아차산(어린이대공원후문),13090,12942,26032,148,2,14,월
2022-02-14,5호선,광나루(장신대),12116,11265,23381,851,2,14,월
2022-02-14,5호선,천호(풍납토성),16404,16094,32498,310,2,14,월
2022-02-14,5호선,강동,17606,17239,34845,367,2,14,월
2022-02-14,5호선,길동,7729,8187,15916,-458,2,14,월
2022-02-14,5호선,굽은다리(강동구민회관앞),8840,8811,17651,29,2,14,월
2022-02-14,5호선,명일,7906,8783,16689,-877,2,14,월
2022-02-14,5호선,고덕,8813,9311,18124,-498,2,14,월
2022-02-14,5호선,상일동,14365,13969,28334,396,2,14,월
2022-02-14,5호선,둔촌동,8246,8361,16607,-115,2,14,월
2022-02-14,5호선,올림픽공원(한국체대),3851,3343,7194,508,2,14,월
2022-02-14,5호선,방이,6729,7077,13806,-348,2,14,월
2022-02-14,5호선,개롱,6169,6676,12845,-507,2,14,월
2022-02-14,5호선,거여,8801,8545,17346,256,2,14,월
2022-02-14,5호선,마천,6550,6526,13076,24,2,14,월
2022-02-14,5호선,강일,3617,3689,7306,-72,2,14,월
2022-02-14,5호선,미사,14827,14788,29615,39,2,14,월
2022-02-14,5호선,하남풍산,3956,3958,7914,-2,2,14,월
2022-02-14,5호선,하남시청(덕풍·신장),6106,6059,12165,47,2,14,월
2022-02-14,5호선,하남검단산,4932,4747,9679,185,2,14,월
2022-02-14,6호선,응암,16427,16623,33050,-196,2,14,월
2022-02-14,6호선,역촌,3656,4329,7985,-673,2,14,월
2022-02-14,6호선,불광,3900,3910,7810,-10,2,14,월
2022-02-14,6호선,독바위,2542,2654,5196,-112,2,14,월
2022-02-14,6호선,연신내,1,0,1,1,2,14,월
2022-02-14,6호선,구산,6991,5505,12496,1486,2,14,월
2022-02-14,6호선,새절(신사),11602,11095,22697,507,2,14,월
2022-02-14,6호선,증산(명지대앞),9590,9526,19116,64,2,14,월
2022-02-14,6호선,디지털미디어시티,12892,14318,27210,-1426,2,14,월
2022-02-14,6호선,월드컵경기장(성산),3580,3677,7257,-97,2,14,월
2022-02-14,6호선,마포구청,13477,12441,25918,1036,2,14,월
2022-02-14,6호선,망원,12737,13602,26339,-865,2,14,월
2022-02-14,6호선,합정,11740,11162,22902,578,2,14,월
2022-02-14,6호선,상수,7423,8155,15578,-732,2,14,월
2022-02-14,6호선,광흥창(서강),8332,8226,16558,106,2,14,월
2022-02-14,6호선,대흥(서강대앞),7392,7737,15129,-345,2,14,월
2022-02-14,6호선,공덕,17308,16927,34235,381,2,14,월
2022-02-14,6호선,효창공원앞,6409,6012,12421,397,2,14,월
2022-02-14,6호선,삼각지,5312,4772,10084,540,2,14,월
2022-02-14,6호선,녹사평(용산구청),3918,3915,7833,3,2,14,월
2022-02-14,6호선,이태원,8118,8104,16222,14,2,14,월
2022-02-14,6호선,한강진,6359,7072,13431,-713,2,14,월
2022-02-14,6호선,버티고개,1881,1981,3862,-100,2,14,월
2022-02-14,6호선,약수,3346,3376,6722,-30,2,14,월
2022-02-14,6호선,청구,3611,3880,7491,-269,2,14,월
2022-02-14,6호선,신당,7803,8142,15945,-339,2,14,월
2022-02-14,6호선,동묘앞,7216,7506,14722,-290,2,14,월
2022-02-14,6호선,창신,3133,2598,5731,535,2,14,월
2022-02-14,6호선,보문,6736,6278,13014,458,2,14,월
2022-02-14,6호선,안암(고대병원앞),8999,9119,18118,-120,2,14,월
2022-02-14,6호선,고려대(종암),7203,7096,14299,107,2,14,월
2022-02-14,6호선,월곡(동덕여대),10884,10830,21714,54,2,14,월
2022-02-14,6호선,상월곡(한국과학기술연구원),5721,5315,11036,406,2,14,월
2022-02-14,6호선,돌곶이,8828,8502,17330,326,2,14,월
2022-02-14,6호선,석계,11230,11793,23023,-563,2,14,월
2022-02-14,6호선,태릉입구,5056,5433,10489,-377,2,14,월
2022-02-14,6호선,화랑대(서울여대입구),10961,8682,19643,2279,2,14,월
2022-02-14,6호선,봉화산(서울의료원),8456,8038,16494,418,2,14,월
2022-02-14,6호선,신내,1,0,1,1,2,14,월
2022-02-14,7호선,장암,2201,738,2939,1463,2,14,월
2022-02-14,7호선,도봉산,8422,9558,17980,-1136,2,14,월
2022-02-14,7호선,수락산,11599,11464,23063,135,2,14,월
2022-02-14,7호선,마들,11884,11622,23506,262,2,14,월
2022-02-14,7호선,노원,18632,18809,37441,-177,2,14,월
2022-02-14,7호선,중계,13128,12235,25363,893,2,14,월
2022-02-14,7호선,하계,16070,15251,31321,819,2,14,월
2022-02-14,7호선,공릉(서울과학기술대),10820,10941,21761,-121,2,14,월
2022-02-14,7호선,태릉입구,7721,7293,15014,428,2,14,월
2022-02-14,7호선,먹골,9643,9600,19243,43,2,14,월
2022-02-14,7호선,중화,10238,10260,20498,-22,2,14,월
2022-02-14,7호선,상봉(시외버스터미널),15731,14484,30215,1247,2,14,월
2022-02-14,7호선,면목,14750,14454,29204,296,2,14,월
2022-02-14,7호선,사가정,15177,15218,30395,-41,2,14,월
2022-02-14,7호선,용마산(용마폭포공원),5640,5558,11198,82,2,14,월
2022-02-14,7호선,중곡,10210,9709,19919,501,2,14,월
2022-02-14,7호선,군자(능동),14398,11746,26144,2652,2,14,월
2022-02-14,7호선,어린이대공원(세종대),11395,10969,22364,426,2,14,월
2022-02-14,7호선,건대입구,11443,11888,23331,-445,2,14,월
2022-02-14,7호선,뚝섬유원지,6840,6767,13607,73,2,14,월
2022-02-14,7호선,청담,18356,20542,38898,-2186,2,14,월
2022-02-14,7호선,강남구청,15428,17031,32459,-1603,2,14,월
2022-02-14,7호선,학동,24073,25171,49244,-1098,2,14,월
2022-02-14,7호선,논현,19809,21456,41265,-1647,2,14,월
2022-02-14,7호선,반포,5337,5307,10644,30,2,14,월
2022-02-14,7호선,고속터미널,14702,12045,26747,2657,2,14,월
2022-02-14,7호선,내방,14029,14162,28191,-133,2,14,월
2022-02-14,7호선,이수,14769,14345,29114,424,2,14,월
2022-02-14,7호선,남성,10387,10038,20425,349,2,14,월
2022-02-14,7호선,숭실대입구(살피재),11108,11471,22579,-363,2,14,월
2022-02-14,7호선,상도,9991,9935,19926,56,2,14,월
2022-02-14,7호선,장승배기,8719,8660,17379,59,2,14,월
2022-02-14,7호선,신대방삼거리,15874,15322,31196,552,2,14,월
2022-02-14,7호선,보라매,9529,9621,19150,-92,2,14,월
2022-02-14,7호선,신풍,10867,10563,21430,304,2,14,월
2022-02-14,7호선,대림(구로구청),7709,7603,15312,106,2,14,월
2022-02-14,7호선,남구로,15942,16757,32699,-815,2,14,월
2022-02-14,7호선,가산디지털단지,45973,45137,91110,836,2,14,월
2022-02-14,7호선,철산,19586,20119,39705,-533,2,14,월
2022-02-14,7호선,광명사거리,20769,20563,41332,206,2,14,월
2022-02-14,7호선,천왕,10820,10346,21166,474,2,14,월
2022-02-14,7호선,온수(성공회대입구),9547,8822,18369,725,2,14,월
2022-02-14,7호선,까치울,1,0,1,1,2,14,월
2022-02-14,7호선,상동,3,0,3,3,2,14,월
2022-02-14,7호선,굴포천,1,0,1,1,2,14,월
2022-02-14,7호선,부평구청,1,0,1,1,2,14,월
2022-02-14,8호선,암사,18406,16176,34582,2230,2,14,월
2022-02-14,8호선,천호(풍납토성),14164,15745,29909,-1581,2,14,월
2022-02-14,8호선,강동구청,10232,10748,20980,-516,2,14,월
2022-02-14,8호선,몽촌토성(평화의문),5819,5762,11581,57,2,14,월
2022-02-14,8호선,잠실(송파구청),12997,14865,27862,-1868,2,14,월
2022-02-14,8호선,석촌,7501,8487,15988,-986,2,14,월
2022-02-14,8호선,송파,7112,7448,14560,-336,2,14,월
2022-02-14,8호선,가락시장,7206,7975,15181,-769,2,14,월
2022-02-14,8호선,문정,22204,23134,45338,-930,2,14,월
2022-02-14,8호선,장지,15815,15436,31251,379,2,14,월
2022-02-14,8호선,복정,8520,7476,15996,1044,2,14,월
2022-02-14,8호선,산성,4853,4942,9795,-89,2,14,월
2022-02-14,8호선,남한산성입구(성남법원.검찰청),12725,11730,24455,995,2,14,월
2022-02-14,8호선,단대오거리,9960,9776,19736,184,2,14,월
2022-02-14,8호선,신흥,4080,4327,8407,-247,2,14,월
2022-02-14,8호선,수진,5192,4854,10046,338,2,14,월
2022-02-14,8호선,모란,5237,4006,9243,1231,2,14,월
2022-02-14,8호선,남위례,3902,4057,7959,-155,2,14,월
2022-02-14,9호선,개화,2454,1733,4187,721,2,14,월
2022-02-14,9호선,김포공항,6808,11202,18010,-4394,2,14,월
2022-02-14,9호선,공항시장,2835,3118,5953,-283,2,14,월
2022-02-14,9호선,신방화,6323,6299,12622,24,2,14,월
2022-02-14,9호선,마곡나루(서울식물원),11104,10932,22036,172,2,14,월
2022-02-14,9호선,양천향교,9145,9333,18478,-188,2,14,월
2022-02-14,9호선,가양,19308,19009,38317,299,2,14,월
2022-02-14,9호선,증미,7195,7201,14396,-6,2,14,월
2022-02-14,9호선,등촌,11305,11182,22487,123,2,14,월
2022-02-14,9호선,염창,16139,15943,32082,196,2,14,월
2022-02-14,9호선,신목동,3871,3478,7349,393,2,14,월
2022-02-14,9호선,선유도,8514,8191,16705,323,2,14,월
2022-02-14,9호선,당산,16854,17107,33961,-253,2,14,월
2022-02-14,9호선,국회의사당,16749,16868,33617,-119,2,14,월
2022-02-14,9호선,여의도,26754,25394,52148,1360,2,14,월
2022-02-14,9호선,샛강,5665,5868,11533,-203,2,14,월
2022-02-14,9호선,노량진,24131,23416,47547,715,2,14,월
2022-02-14,9호선,노들,4156,3704,7860,452,2,14,월
2022-02-14,9호선,흑석(중앙대입구),7536,8030,15566,-494,2,14,월
2022-02-14,9호선,동작(현충원),1923,1497,3420,426,2,14,월
2022-02-14,9호선,구반포,1307,1356,2663,-49,2,14,월
2022-02-14,9호선,신반포,3065,3057,6122,8,2,14,월
2022-02-14,9호선,고속터미널,10697,13743,24440,-3046,2,14,월
2022-02-14,9호선,사평,3229,3237,6466,-8,2,14,월
2022-02-14,9호선,신논현,29672,29219,58891,453,2,14,월
2022-02-14,9호선2~3단계,언주,10809,10903,21712,-94,2,14,월
2022-02-14,9호선2~3단계,선정릉,9268,10200,19468,-932,2,14,월
2022-02-14,9호선2~3단계,삼성중앙,6657,7006,13663,-349,2,14,월
2022-02-14,9호선2~3단계,봉은사,14926,15072,29998,-146,2,14,월
2022-02-14,9호선2~3단계,종합운동장,4138,3970,8108,168,2,14,월
2022-02-14,9호선2~3단계,삼전,6756,6652,13408,104,2,14,월
2022-02-14,9호선2~3단계,석촌고분,5835,5836,11671,-1,2,14,월
2022-02-14,9호선2~3단계,석촌,7909,7202,15111,707,2,14,월
2022-02-14,9호선2~3단계,송파나루,4829,4969,9798,-140,2,14,월
2022-02-14,9호선2~3단계,한성백제,2449,2290,4739,159,2,14,월
2022-02-14,9호선2~3단계,올림픽공원(한국체대),5507,5219,10726,288,2,14,월
2022-02-14,9호선2~3단계,둔촌오륜,915,885,1800,30,2,14,월
2022-02-14,9호선2~3단계,중앙보훈병원,10667,9354,20021,1313,2,14,월
2022-02-14,경강선,판교,4578,4370,8948,208,2,14,월
2022-02-14,경강선,이매,1063,877,1940,186,2,14,월
2022-02-14,경강선,삼동,2255,2172,4427,83,2,14,월
2022-02-14,경강선,경기광주,7325,7066,14391,259,2,14,월
2022-02-14,경강선,초월,2847,2853,5700,-6,2,14,월
2022-02-14,경강선,곤지암,2036,1982,4018,54,2,14,월
2022-02-14,경강선,신둔도예촌,1220,1169,2389,51,2,14,월
2022-02-14,경강선,이천,2406,2541,4947,-135,2,14,월
2022-02-14,경강선,부발,1777,1800,3577,-23,2,14,월
2022-02-14,경강선,세종대왕릉,273,241,514,32,2,14,월
2022-02-14,경강선,여주,1840,1805,3645,35,2,14,월
2022-02-14,경부선,서울역,5458,1866,7324,3592,2,14,월
2022-02-14,경부선,남영,8197,8646,16843,-449,2,14,월
2022-02-14,경부선,용산,29595,30219,59814,-624,2,14,월
2022-02-14,경부선,노량진,7003,7227,14230,-224,2,14,월
2022-02-14,경부선,대방,11988,12604,24592,-616,2,14,월
2022-02-14,경부선,영등포,33534,33996,67530,-462,2,14,월
2022-02-14,경부선,신도림,3952,3715,7667,237,2,14,월
2022-02-14,경부선,신길,8379,7265,15644,1114,2,14,월
2022-02-14,경부선,구로,17815,17767,35582,48,2,14,월
2022-02-14,경부선,가산디지털단지,17782,20828,38610,-3046,2,14,월
2022-02-14,경부선,금천구청,11221,11133,22354,88,2,14,월
2022-02-14,경부선,석수,9080,8226,17306,854,2,14,월
2022-02-14,경부선,관악,6630,6283,12913,347,2,14,월
2022-02-14,경부선,안양,19566,19518,39084,48,2,14,월
2022-02-14,경부선,명학,8622,8580,17202,42,2,14,월
2022-02-14,경부선,금정,24871,25337,50208,-466,2,14,월
2022-02-14,경부선,군포,7405,7590,14995,-185,2,14,월
2022-02-14,경부선,의왕,8444,8492,16936,-48,2,14,월
2022-02-14,경부선,성균관대,12715,12749,25464,-34,2,14,월
2022-02-14,경부선,화서,7241,6961,14202,280,2,14,월
2022-02-14,경부선,수원,29549,31038,60587,-1489,2,14,월
2022-02-14,경부선,독산,18235,18943,37178,-708,2,14,월
2022-02-14,경부선,세류,2790,2517,5307,273,2,14,월
2022-02-14,경부선,병점,12565,12526,25091,39,2,14,월
2022-02-14,경부선,세마,2486,2354,4840,132,2,14,월
2022-02-14,경부선,오산대,2935,2719,5654,216,2,14,월
2022-02-14,경부선,오산,8492,8610,17102,-118,2,14,월
2022-02-14,경부선,진위,1519,1341,2860,178,2,14,월
2022-02-14,경부선,송탄,3893,3780,7673,113,2,14,월
2022-02-14,경부선,서정리,5765,5579,11344,186,2,14,월
2022-02-14,경부선,평택지제,3263,3099,6362,164,2,14,월
2022-02-14,경부선,평택,10188,10293,20481,-105,2,14,월
2022-02-14,경부선,성환,2754,2932,5686,-178,2,14,월
2022-02-14,경부선,직산,665,632,1297,33,2,14,월
2022-02-14,경부선,두정,4330,4376,8706,-46,2,14,월
2022-02-14,경부선,천안,4250,4449,8699,-199,2,14,월
2022-02-14,경부선,당정,5770,5454,11224,316,2,14,월
2022-02-14,경부선,서동탄,1286,1113,2399,173,2,14,월
2022-02-14,경부선,광명,3195,2682,5877,513,2,14,월
2022-02-14,경원선,이촌(국립중앙박물관),3393,2682,6075,711,2,14,월
2022-02-14,경원선,서빙고,1758,1634,3392,124,2,14,월
2022-02-14,경원선,한남,3837,3693,7530,144,2,14,월
2022-02-14,경원선,옥수,39,29,68,10,2,14,월
2022-02-14,경원선,응봉,1724,1460,3184,264,2,14,월
2022-02-14,경원선,왕십리(성동구청),12862,14394,27256,-1532,2,14,월
2022-02-14,경원선,청량리(서울시립대입구),13136,13489,26625,-353,2,14,월
2022-02-14,경원선,외대앞,6714,6744,13458,-30,2,14,월
2022-02-14,경원선,신이문,7871,7429,15300,442,2,14,월
2022-02-14,경원선,석계,7479,8486,15965,-1007,2,14,월
2022-02-14,경원선,광운대,6918,6736,13654,182,2,14,월
2022-02-14,경원선,월계,5873,5616,11489,257,2,14,월
2022-02-14,경원선,녹천,4447,3760,8207,687,2,14,월
2022-02-14,경원선,창동,1,0,1,1,2,14,월
2022-02-14,경원선,방학,9101,8859,17960,242,2,14,월
2022-02-14,경원선,도봉,5678,5473,11151,205,2,14,월
2022-02-14,경원선,도봉산,6588,4177,10765,2411,2,14,월
2022-02-14,경원선,망월사,6865,7083,13948,-218,2,14,월
2022-02-14,경원선,회룡,11603,11455,23058,148,2,14,월
2022-02-14,경원선,의정부,16712,16764,33476,-52,2,14,월
2022-02-14,경원선,가능,6026,5835,11861,191,2,14,월
2022-02-14,경원선,녹양,4199,4006,8205,193,2,14,월
2022-02-14,경원선,양주,6920,6548,13468,372,2,14,월
2022-02-14,경원선,덕계,2721,2426,5147,295,2,14,월
2022-02-14,경원선,덕정,4983,4919,9902,64,2,14,월
2022-02-14,경원선,지행,5812,5747,11559,65,2,14,월
2022-02-14,경원선,동두천중앙,2712,2617,5329,95,2,14,월
2022-02-14,경원선,보산,1348,1276,2624,72,2,14,월
2022-02-14,경원선,동두천,1823,2001,3824,-178,2,14,월
2022-02-14,경원선,소요산,2061,1692,3753,369,2,14,월
2022-02-14,경의선,서울역,4011,4998,9009,-987,2,14,월
2022-02-14,경의선,신촌,795,955,1750,-160,2,14,월
2022-02-14,경의선,효창공원앞,2813,3201,6014,-388,2,14,월
2022-02-14,경의선,공덕,3271,2955,6226,316,2,14,월
2022-02-14,경의선,서강대,1938,1859,3797,79,2,14,월
2022-02-14,경의선,홍대입구,1370,1685,3055,-315,2,14,월
2022-02-14,경의선,가좌,4903,4874,9777,29,2,14,월
2022-02-14,경의선,디지털미디어시티,2321,2120,4441,201,2,14,월
2022-02-14,경의선,수색,2705,2770,5475,-65,2,14,월
2022-02-14,경의선,화전,1472,1345,2817,127,2,14,월
2022-02-14,경의선,강매,2978,2611,5589,367,2,14,월
2022-02-14,경의선,행신,7302,7380,14682,-78,2,14,월
2022-02-14,경의선,능곡,3430,3238,6668,192,2,14,월
2022-02-14,경의선,곡산,564,531,1095,33,2,14,월
2022-02-14,경의선,백마,6443,6204,12647,239,2,14,월
2022-02-14,경의선,풍산,5032,4760,9792,272,2,14,월
2022-02-14,경의선,일산,8464,8450,16914,14,2,14,월
2022-02-14,경의선,탄현,7275,7118,14393,157,2,14,월
2022-02-14,경의선,야당,6676,6403,13079,273,2,14,월
2022-02-14,경의선,운정,6339,5930,12269,409,2,14,월
2022-02-14,경의선,금릉,4344,4080,8424,264,2,14,월
2022-02-14,경의선,금촌,5749,5724,11473,25,2,14,월
2022-02-14,경의선,월롱,2080,2141,4221,-61,2,14,월
2022-02-14,경의선,파주,912,692,1604,220,2,14,월
2022-02-14,경의선,문산,4694,4699,9393,-5,2,14,월
2022-02-14,경의선,임진강,2,0,2,2,2,14,월
2022-02-14,경인선,개봉,19996,20220,40216,-224,2,14,월
2022-02-14,경인선,오류동,11086,10564,21650,522,2,14,월
2022-02-14,경인선,역곡,24729,24610,49339,119,2,14,월
2022-02-14,경인선,부천,29517,29435,58952,82,2,14,월
2022-02-14,경인선,송내,24552,24522,49074,30,2,14,월
2022-02-14,경인선,부평,26654,27668,54322,-1014,2,14,월
2022-02-14,경인선,백운,6287,6283,12570,4,2,14,월
2022-02-14,경인선,동암,13216,13224,26440,-8,2,14,월
2022-02-14,경인선,주안,16633,14975,31608,1658,2,14,월
2022-02-14,경인선,제물포,9236,8823,18059,413,2,14,월
2022-02-14,경인선,동인천,12065,11471,23536,594,2,14,월
2022-02-14,경인선,인천,2733,2095,4828,638,2,14,월
2022-02-14,경인선,구일,5645,5673,11318,-28,2,14,월
2022-02-14,경인선,소사,7996,7678,15674,318,2,14,월
2022-02-14,경인선,부개,7943,7649,15592,294,2,14,월
2022-02-14,경인선,간석,5290,5135,10425,155,2,14,월
2022-02-14,경인선,도원,2251,2272,4523,-21,2,14,월
2022-02-14,경인선,온수(성공회대입구),5753,5600,11353,153,2,14,월
2022-02-14,경인선,중동,8922,8387,17309,535,2,14,월
2022-02-14,경인선,도화,3773,3578,7351,195,2,14,월
2022-02-14,경춘선,신내,1961,1780,3741,181,2,14,월
2022-02-14,경춘선,갈매,2804,2429,5233,375,2,14,월
2022-02-14,경춘선,별내,3192,3005,6197,187,2,14,월
2022-02-14,경춘선,퇴계원,3291,3087,6378,204,2,14,월
2022-02-14,경춘선,사릉,3049,2864,5913,185,2,14,월
2022-02-14,경춘선,금곡,1314,1250,2564,64,2,14,월
2022-02-14,경춘선,평내호평,5610,5313,10923,297,2,14,월
2022-02-14,경춘선,천마산,1510,1393,2903,117,2,14,월
2022-02-14,경춘선,마석,3273,3254,6527,19,2,14,월
2022-02-14,경춘선,대성리,408,388,796,20,2,14,월
2022-02-14,경춘선,청평,1309,1282,2591,27,2,14,월
2022-02-14,경춘선,상천,208,194,402,14,2,14,월
2022-02-14,경춘선,가평,1419,1506,2925,-87,2,14,월
2022-02-14,경춘선,굴봉산,129,139,268,-10,2,14,월
2022-02-14,경춘선,백양리,227,254,481,-27,2,14,월
2022-02-14,경춘선,강촌,297,315,612,-18,2,14,월
2022-02-14,경춘선,김유정,261,251,512,10,2,14,월
2022-02-14,경춘선,남춘천,1897,2002,3899,-105,2,14,월
2022-02-14,경춘선,춘천,950,898,1848,52,2,14,월
2022-02-14,공항철도 1호선,서울역,6594,6232,12826,362,2,14,월
2022-02-14,공항철도 1호선,공덕,2118,2684,4802,-566,2,14,월
2022-02-14,공항철도 1호선,홍대입구,8463,8608,17071,-145,2,14,월
2022-02-14,공항철도 1호선,디지털미디어시티,13255,12068,25323,1187,2,14,월
2022-02-14,공항철도 1호선,마곡나루(서울식물원),8176,7948,16124,228,2,14,월
2022-02-14,공항철도 1호선,김포공항,11405,6577,17982,4828,2,14,월
2022-02-14,공항철도 1호선,계양,9503,8959,18462,544,2,14,월
2022-02-14,공항철도 1호선,검암,6424,6079,12503,345,2,14,월
2022-02-14,공항철도 1호선,청라국제도시,6464,6001,12465,463,2,14,월
2022-02-14,공항철도 1호선,운서,6046,6163,12209,-117,2,14,월
2022-02-14,공항철도 1호선,공항화물청사,2256,2382,4638,-126,2,14,월
2022-02-14,공항철도 1호선,인천공항1터미널,2920,3124,6044,-204,2,14,월
2022-02-14,공항철도 1호선,인천공항2터미널,1874,1791,3665,83,2,14,월
2022-02-14,공항철도 1호선,영종,2781,2717,5498,64,2,14,월
2022-02-14,과천선,선바위,7553,6561,14114,992,2,14,월
2022-02-14,과천선,경마공원,820,799,1619,21,2,14,월
2022-02-14,과천선,대공원,1792,1889,3681,-97,2,14,월
2022-02-14,과천선,과천,5592,5476,11068,116,2,14,월
2022-02-14,과천선,정부과천청사,9654,9842,19496,-188,2,14,월
2022-02-14,과천선,인덕원,22398,23609,46007,-1211,2,14,월
2022-02-14,과천선,평촌,17026,16977,34003,49,2,14,월
2022-02-14,과천선,범계,23795,23462,47257,333,2,14,월
2022-02-14,분당선,선릉,13277,19777,33054,-6500,2,14,월
2022-02-14,분당선,한티,13849,14855,28704,-1006,2,14,월
2022-02-14,분당선,도곡,6534,6605,13139,-71,2,14,월
2022-02-14,분당선,구룡,1777,1767,3544,10,2,14,월
2022-02-14,분당선,개포동,3483,3627,7110,-144,2,14,월
2022-02-14,분당선,대모산입구,4273,4024,8297,249,2,14,월
2022-02-14,분당선,수서,12669,13101,25770,-432,2,14,월
2022-02-14,분당선,복정,1,0,1,1,2,14,월
2022-02-14,분당선,수원,7276,6126,13402,1150,2,14,월
2022-02-14,분당선,서울숲,9232,9238,18470,-6,2,14,월
2022-02-14,분당선,압구정로데오,16930,18052,34982,-1122,2,14,월
2022-02-14,분당선,강남구청,10087,11305,21392,-1218,2,14,월
2022-02-14,분당선,선정릉,8177,8539,16716,-362,2,14,월
2022-02-14,분당선,가천대,6088,6893,12981,-805,2,14,월
2022-02-14,분당선,태평,13100,12873,25973,227,2,14,월
2022-02-14,분당선,모란,22466,23166,45632,-700,2,14,월
2022-02-14,분당선,야탑,24806,25336,50142,-530,2,14,월
2022-02-14,분당선,서현,23647,23885,47532,-238,2,14,월
2022-02-14,분당선,수내,12771,12667,25438,104,2,14,월
2022-02-14,분당선,정자,16142,17048,33190,-906,2,14,월
2022-02-14,분당선,미금,14674,15768,30442,-1094,2,14,월
2022-02-14,분당선,오리,11279,9362,20641,1917,2,14,월
2022-02-14,분당선,이매,5385,5212,10597,173,2,14,월
2022-02-14,분당선,보정,2282,1997,4279,285,2,14,월
2022-02-14,분당선,죽전,12106,13291,25397,-1185,2,14,월
2022-02-14,분당선,구성,4702,5072,9774,-370,2,14,월
2022-02-14,분당선,신갈,4314,4312,8626,2,2,14,월
2022-02-14,분당선,기흥,8846,8502,17348,344,2,14,월
2022-02-14,분당선,상갈,4916,4764,9680,152,2,14,월
2022-02-14,분당선,청명,3813,3720,7533,93,2,14,월
2022-02-14,분당선,영통,7537,7585,15122,-48,2,14,월
2022-02-14,분당선,망포,13300,12944,26244,356,2,14,월
2022-02-14,분당선,매탄권선,4533,4395,8928,138,2,14,월
2022-02-14,분당선,수원시청,11970,12456,24426,-486,2,14,월
2022-02-14,분당선,매교,2684,2687,5371,-3,2,14,월
2022-02-14,수인선,고색,4260,4142,8402,118,2,14,월
2022-02-14,수인선,오목천,2456,2422,4878,34,2,14,월
2022-02-14,수인선,어천,605,645,1250,-40,2,14,월
2022-02-14,수인선,야목,304,230,534,74,2,14,월
2022-02-14,수인선,사리,4170,3601,7771,569,2,14,월
2022-02-14,수인선,달월,105,50,155,55,2,14,월
2022-02-14,수인선,월곶,2324,2180,4504,144,2,14,월
2022-02-14,수인선,소래포구,4276,3927,8203,349,2,14,월
2022-02-14,수인선,인천논현,5072,5304,10376,-232,2,14,월
2022-02-14,수인선,호구포,3747,3906,7653,-159,2,14,월
2022-02-14,수인선,남동인더스파크,2196,2545,4741,-349,2,14,월
2022-02-14,수인선,원인재,4026,4186,8212,-160,2,14,월
2022-02-14,수인선,연수,4029,3905,7934,124,2,14,월
2022-02-14,수인선,송도,2243,2105,4348,138,2,14,월
2022-02-14,수인선,인하대,4982,4729,9711,253,2,14,월
2022-02-14,수인선,숭의,3746,3429,7175,317,2,14,월
2022-02-14,수인선,신포,1497,1484,2981,13,2,14,월
2022-02-14,수인선,인천,902,1472,2374,-570,2,14,월
2022-02-14,안산선,산본,14464,15665,30129,-1201,2,14,월
2022-02-14,안산선,대야미,4509,4147,8656,362,2,14,월
2022-02-14,안산선,반월,3912,3795,7707,117,2,14,월
2022-02-14,안산선,상록수,14094,14523,28617,-429,2,14,월
2022-02-14,안산선,한대앞,8087,8091,16178,-4,2,14,월
2022-02-14,안산선,중앙,15880,16132,32012,-252,2,14,월
2022-02-14,안산선,고잔,8286,7737,16023,549,2,14,월
2022-02-14,안산선,초지,4201,4339,8540,-138,2,14,월
2022-02-14,안산선,안산,10828,9878,20706,950,2,14,월
2022-02-14,안산선,신길온천,1569,1439,3008,130,2,14,월
2022-02-14,안산선,정왕,6910,7510,14420,-600,2,14,월
2022-02-14,안산선,오이도,7355,6976,14331,379,2,14,월
2022-02-14,안산선,수리산,3857,3257,7114,600,2,14,월
2022-02-14,우이신설선,북한산우이,2281,2026,4307,255,2,14,월
2022-02-14,우이신설선,솔밭공원,2241,2208,4449,33,2,14,월
2022-02-14,우이신설선,4.19민주묘지,2583,2501,5084,82,2,14,월
2022-02-14,우이신설선,가오리,3943,4049,7992,-106,2,14,월
2022-02-14,우이신설선,화계,3239,3084,6323,155,2,14,월
2022-02-14,우이신설선,삼양,1907,2136,4043,-229,2,14,월
2022-02-14,우이신설선,삼양사거리,2361,2337,4698,24,2,14,월
2022-02-14,우이신설선,솔샘,5570,5333,10903,237,2,14,월
2022-02-14,우이신설선,북한산보국문,5522,5410,10932,112,2,14,월
2022-02-14,우이신설선,정릉,4234,4032,8266,202,2,14,월
2022-02-14,우이신설선,성신여대입구(돈암),2960,3279,6239,-319,2,14,월
2022-02-14,우이신설선,보문,1447,1415,2862,32,2,14,월
2022-02-14,우이신설선,신설동,1998,1906,3904,92,2,14,월
2022-02-14,일산선,원흥,9576,9111,18687,465,2,14,월
2022-02-14,일산선,삼송,18006,17670,35676,336,2,14,월
2022-02-14,일산선,원당,10297,9723,20020,574,2,14,월
2022-02-14,일산선,화정,15756,16156,31912,-400,2,14,월
2022-02-14,일산선,대곡,1842,1454,3296,388,2,14,월
2022-02-14,일산선,백석,9087,9272,18359,-185,2,14,월
2022-02-14,일산선,마두,7222,7353,14575,-131,2,14,월
2022-02-14,일산선,정발산,6644,6564,13208,80,2,14,월
2022-02-14,일산선,주엽,8521,8496,17017,25,2,14,월
2022-02-14,일산선,대화,11990,9500,21490,2490,2,14,월
2022-02-14,장항선,봉명,1114,1088,2202,26,2,14,월
2022-02-14,장항선,쌍용(나사렛대),1621,1558,3179,63,2,14,월
2022-02-14,장항선,아산,2504,2207,4711,297,2,14,월
2022-02-14,장항선,탕정,497,473,970,24,2,14,월
2022-02-14,장항선,배방,857,863,1720,-6,2,14,월
2022-02-14,장항선,온양온천,3659,3723,7382,-64,2,14,월
2022-02-14,장항선,신창(순천향대),938,995,1933,-57,2,14,월
2022-02-14,중앙선,회기,21690,21349,43039,341,2,14,월
2022-02-14,중앙선,중랑,5249,5039,10288,210,2,14,월
2022-02-14,중앙선,상봉(시외버스터미널),5344,5402,10746,-58,2,14,월
2022-02-14,중앙선,망우,6970,6912,13882,58,2,14,월
2022-02-14,중앙선,양원,1986,1957,3943,29,2,14,월
2022-02-14,중앙선,구리,12561,12619,25180,-58,2,14,월
2022-02-14,중앙선,도농,9750,8888,18638,862,2,14,월
2022-02-14,중앙선,양정,655,559,1214,96,2,14,월
2022-02-14,중앙선,덕소,5084,4976,10060,108,2,14,월
2022-02-14,중앙선,도심,2076,1649,3725,427,2,14,월
2022-02-14,중앙선,팔당,712,738,1450,-26,2,14,월
2022-02-14,중앙선,운길산,466,464,930,2,2,14,월
2022-02-14,중앙선,양수,1533,1517,3050,16,2,14,월
2022-02-14,중앙선,신원,182,132,314,50,2,14,월
2022-02-14,중앙선,국수,531,546,1077,-15,2,14,월
2022-02-14,중앙선,아신,444,445,889,-1,2,14,월
2022-02-14,중앙선,오빈,246,227,473,19,2,14,월
2022-02-14,중앙선,양평,2223,2181,4404,42,2,14,월
2022-02-15,분당선,상갈,4867,4742,9609,125,2,15,화
2022-02-15,분당선,기흥,8949,8653,17602,296,2,15,화
2022-02-15,분당선,신갈,4084,4111,8195,-27,2,15,화
2022-02-15,분당선,구성,4564,4978,9542,-414,2,15,화
2022-02-15,분당선,죽전,11930,13080,25010,-1150,2,15,화
2022-02-15,분당선,보정,2346,2115,4461,231,2,15,화
2022-02-15,분당선,이매,5091,5072,10163,19,2,15,화
2022-02-15,분당선,오리,11194,9111,20305,2083,2,15,화
2022-02-15,분당선,미금,14749,15597,30346,-848,2,15,화
2022-02-15,분당선,정자,16377,17206,33583,-829,2,15,화
2022-02-15,분당선,수내,12689,12700,25389,-11,2,15,화
2022-02-15,분당선,서현,23179,23373,46552,-194,2,15,화
2022-02-15,분당선,야탑,24584,25222,49806,-638,2,15,화
2022-02-15,분당선,모란,18321,18619,36940,-298,2,15,화
2022-02-15,분당선,태평,12711,12526,25237,185,2,15,화
2022-02-15,분당선,가천대,5946,6916,12862,-970,2,15,화
2022-02-15,분당선,선정릉,8148,8517,16665,-369,2,15,화
2022-02-15,분당선,강남구청,10057,11360,21417,-1303,2,15,화
2022-02-15,분당선,압구정로데오,18453,19866,38319,-1413,2,15,화
2022-02-15,분당선,서울숲,9270,9268,18538,2,2,15,화
2022-02-15,분당선,수원,7172,5855,13027,1317,2,15,화
2022-02-15,분당선,수서,12185,12571,24756,-386,2,15,화
2022-02-15,분당선,대모산입구,4165,3949,8114,216,2,15,화
2022-02-15,분당선,개포동,3511,3668,7179,-157,2,15,화
2022-02-15,분당선,구룡,1707,1726,3433,-19,2,15,화
2022-02-15,분당선,도곡,6525,6431,12956,94,2,15,화
2022-02-15,분당선,한티,14090,15188,29278,-1098,2,15,화
2022-02-15,분당선,선릉,13124,19469,32593,-6345,2,15,화
2022-02-15,과천선,범계,23746,23478,47224,268,2,15,화
2022-02-15,과천선,평촌,17325,17007,34332,318,2,15,화
2022-02-15,과천선,인덕원,22894,23857,46751,-963,2,15,화
2022-02-15,과천선,정부과천청사,10034,10093,20127,-59,2,15,화
2022-02-15,과천선,과천,5951,5709,11660,242,2,15,화
2022-02-15,과천선,대공원,2379,2534,4913,-155,2,15,화
2022-02-15,과천선,경마공원,1232,1208,2440,24,2,15,화
2022-02-15,과천선,선바위,7603,6582,14185,1021,2,15,화
2022-02-15,공항철도 1호선,영종,2671,2622,5293,49,2,15,화
2022-02-15,공항철도 1호선,인천공항2터미널,1948,2051,3999,-103,2,15,화
2022-02-15,공항철도 1호선,인천공항1터미널,3115,3484,6599,-369,2,15,화
2022-02-15,공항철도 1호선,공항화물청사,2283,2442,4725,-159,2,15,화
2022-02-15,공항철도 1호선,운서,5978,6175,12153,-197,2,15,화
2022-02-15,공항철도 1호선,청라국제도시,6320,5894,12214,426,2,15,화
2022-02-15,공항철도 1호선,검암,6216,6045,12261,171,2,15,화
2022-02-15,공항철도 1호선,계양,9565,9076,18641,489,2,15,화
2022-02-15,공항철도 1호선,김포공항,10996,6442,17438,4554,2,15,화
2022-02-15,공항철도 1호선,마곡나루(서울식물원),8262,8094,16356,168,2,15,화
2022-02-15,공항철도 1호선,디지털미디어시티,13370,12094,25464,1276,2,15,화
2022-02-15,공항철도 1호선,홍대입구,8517,8350,16867,167,2,15,화
2022-02-15,공항철도 1호선,공덕,2110,2677,4787,-567,2,15,화
2022-02-15,공항철도 1호선,서울역,6531,5836,12367,695,2,15,화
2022-02-15,경춘선,춘천,939,836,1775,103,2,15,화
2022-02-15,경춘선,남춘천,1844,1865,3709,-21,2,15,화
2022-02-15,경춘선,김유정,262,268,530,-6,2,15,화
2022-02-15,경춘선,강촌,296,274,570,22,2,15,화
2022-02-15,경춘선,백양리,324,270,594,54,2,15,화
2022-02-15,경춘선,굴봉산,119,113,232,6,2,15,화
2022-02-15,경춘선,가평,1548,1436,2984,112,2,15,화
2022-02-15,경춘선,상천,165,164,329,1,2,15,화
2022-02-15,경춘선,청평,1238,1172,2410,66,2,15,화
2022-02-15,경춘선,대성리,359,351,710,8,2,15,화
2022-02-15,경춘선,마석,3315,3229,6544,86,2,15,화
2022-02-15,경춘선,천마산,1471,1387,2858,84,2,15,화
2022-02-15,경춘선,평내호평,5501,5294,10795,207,2,15,화
2022-02-15,경춘선,금곡,1348,1238,2586,110,2,15,화
2022-02-15,경춘선,사릉,2934,2830,5764,104,2,15,화
2022-02-15,경춘선,퇴계원,3310,3134,6444,176,2,15,화
2022-02-15,경춘선,별내,3092,2946,6038,146,2,15,화
2022-02-15,경춘선,갈매,2786,2391,5177,395,2,15,화
2022-02-15,경춘선,신내,1912,1816,3728,96,2,15,화
2022-02-15,경인선,도화,3782,3531,7313,251,2,15,화
2022-02-15,경인선,중동,8577,8163,16740,414,2,15,화
2022-02-15,경인선,온수(성공회대입구),5847,5664,11511,183,2,15,화
2022-02-15,경인선,도원,2164,2220,4384,-56,2,15,화
2022-02-15,경인선,간석,5263,5097,10360,166,2,15,화
2022-02-15,경인선,부개,7875,7339,15214,536,2,15,화
2022-02-15,경인선,소사,7658,7459,15117,199,2,15,화
2022-02-15,중앙선,아신,475,491,966,-16,2,15,화
2022-02-15,중앙선,국수,491,526,1017,-35,2,15,화
2022-02-15,중앙선,신원,156,146,302,10,2,15,화
2022-02-15,중앙선,양수,1583,1590,3173,-7,2,15,화
2022-02-15,중앙선,운길산,579,507,1086,72,2,15,화
2022-02-15,중앙선,팔당,737,740,1477,-3,2,15,화
2022-02-15,중앙선,도심,2052,1700,3752,352,2,15,화
2022-02-15,중앙선,덕소,5002,4922,9924,80,2,15,화
2022-02-15,중앙선,양정,677,581,1258,96,2,15,화
2022-02-15,중앙선,도농,9712,9032,18744,680,2,15,화
2022-02-15,중앙선,구리,12214,12366,24580,-152,2,15,화
2022-02-15,중앙선,양원,1975,1936,3911,39,2,15,화
2022-02-15,중앙선,망우,6911,6896,13807,15,2,15,화
2022-02-15,중앙선,상봉(시외버스터미널),5345,5312,10657,33,2,15,화
2022-02-15,중앙선,중랑,5180,4908,10088,272,2,15,화
2022-02-15,중앙선,회기,21396,21166,42562,230,2,15,화
2022-02-15,장항선,신창(순천향대),834,860,1694,-26,2,15,화
2022-02-15,장항선,온양온천,2848,2894,5742,-46,2,15,화
2022-02-15,장항선,배방,853,838,1691,15,2,15,화
2022-02-15,장항선,탕정,457,412,869,45,2,15,화
2022-02-15,장항선,아산,2331,2116,4447,215,2,15,화
2022-02-15,장항선,쌍용(나사렛대),1533,1449,2982,84,2,15,화
2022-02-15,장항선,봉명,1121,1096,2217,25,2,15,화
2022-02-15,일산선,대화,11742,9448,21190,2294,2,15,화
2022-02-15,일산선,주엽,8163,8331,16494,-168,2,15,화
2022-02-15,일산선,정발산,6749,6651,13400,98,2,15,화
2022-02-15,일산선,마두,7075,7180,14255,-105,2,15,화
2022-02-15,일산선,백석,9232,9169,18401,63,2,15,화
2022-02-15,일산선,대곡,1851,1538,3389,313,2,15,화
2022-02-15,일산선,화정,15693,16245,31938,-552,2,15,화
2022-02-15,일산선,원당,10428,9829,20257,599,2,15,화
2022-02-15,일산선,삼송,17949,17716,35665,233,2,15,화
2022-02-15,일산선,지축,1,0,1,1,2,15,화
2022-02-15,일산선,원흥,9537,9165,18702,372,2,15,화
2022-02-15,경인선,구일,5531,5561,11092,-30,2,15,화
2022-02-15,경인선,인천,2921,2154,5075,767,2,15,화
2022-02-15,경인선,동인천,11860,11098,22958,762,2,15,화
2022-02-15,경인선,제물포,9040,8611,17651,429,2,15,화
2022-02-15,경인선,주안,16420,14830,31250,1590,2,15,화
2022-02-15,경인선,동암,12987,13284,26271,-297,2,15,화
2022-02-15,경인선,백운,6200,6198,12398,2,2,15,화
2022-02-15,경인선,부평,25916,27034,52950,-1118,2,15,화
2022-02-15,경인선,송내,24596,24618,49214,-22,2,15,화
2022-02-15,경인선,부천,29126,28923,58049,203,2,15,화
2022-02-15,경인선,역곡,24465,24719,49184,-254,2,15,화
2022-02-15,경인선,오류동,10836,10396,21232,440,2,15,화
2022-02-15,경인선,개봉,19963,20188,40151,-225,2,15,화
2022-02-15,경의선,임진강,5,1,6,4,2,15,화
2022-02-15,경의선,문산,4313,4237,8550,76,2,15,화
2022-02-15,8호선,수진,4971,4556,9527,415,2,15,화
2022-02-15,1호선,서울역,37878,35755,73633,2123,2,15,화
2022-02-15,1호선,동묘앞,6006,6331,12337,-325,2,15,화
2022-02-15,1호선,시청,21803,21945,43748,-142,2,15,화
2022-02-15,1호선,종각,32639,31849,64488,790,2,15,화
2022-02-15,1호선,종로3가,22148,20516,42664,1632,2,15,화
2022-02-15,1호선,종로5가,20638,20219,40857,419,2,15,화
2022-02-15,1호선,동대문,9724,8933,18657,791,2,15,화
2022-02-15,1호선,신설동,12655,12434,25089,221,2,15,화
2022-02-15,1호선,제기동,14133,14482,28615,-349,2,15,화
2022-02-15,1호선,청량리(서울시립대입구),17467,17104,34571,363,2,15,화
2022-02-15,2호선,시청,22801,22060,44861,741,2,15,화
2022-02-15,2호선,을지로입구,35996,36622,72618,-626,2,15,화
2022-02-15,2호선,을지로3가,20607,20331,40938,276,2,15,화
2022-02-15,2호선,을지로4가,12319,12356,24675,-37,2,15,화
2022-02-15,2호선,동대문역사문화공원(DDP),10300,11477,21777,-1177,2,15,화
2022-02-15,2호선,신당,12696,13417,26113,-721,2,15,화
2022-02-15,2호선,상왕십리,13264,13106,26370,158,2,15,화
2022-02-15,2호선,왕십리(성동구청),14149,11798,25947,2351,2,15,화
2022-02-15,2호선,한양대,6641,6921,13562,-280,2,15,화
2022-02-15,2호선,뚝섬,20730,22170,42900,-1440,2,15,화
2022-02-15,2호선,성수,36462,39216,75678,-2754,2,15,화
2022-02-15,2호선,건대입구,31095,32718,63813,-1623,2,15,화
2022-02-15,2호선,구의(광진구청),22737,22503,45240,234,2,15,화
2022-02-15,2호선,강변(동서울터미널),27131,25643,52774,1488,2,15,화
2022-02-15,2호선,잠실나루,13628,13370,26998,258,2,15,화
2022-02-15,2호선,잠실(송파구청),60615,59665,120280,950,2,15,화
2022-02-15,2호선,잠실새내,19576,19200,38776,376,2,15,화
2022-02-15,2호선,종합운동장,6694,7270,13964,-576,2,15,화
2022-02-15,2호선,삼성(무역센터),48098,47959,96057,139,2,15,화
2022-02-15,2호선,선릉,54245,48213,102458,6032,2,15,화
2022-02-15,2호선,역삼,52188,56664,108852,-4476,2,15,화
2022-02-15,2호선,강남,81470,79470,160940,2000,2,15,화
2022-02-15,2호선,교대(법원.검찰청),32885,36567,69452,-3682,2,15,화
2022-02-15,2호선,서초,20816,20393,41209,423,2,15,화
2022-02-15,2호선,방배,15415,16097,31512,-682,2,15,화
2022-02-15,2호선,사당,33442,36121,69563,-2679,2,15,화
2022-02-15,2호선,낙성대(강감찬),25041,24868,49909,173,2,15,화
2022-02-15,2호선,서울대입구(관악구청),44218,43166,87384,1052,2,15,화
2022-02-15,2호선,봉천,22500,21345,43845,1155,2,15,화
2022-02-15,2호선,신림,58894,57889,116783,1005,2,15,화
2022-02-15,2호선,신대방,24696,24431,49127,265,2,15,화
2022-02-15,2호선,구로디지털단지,56791,56963,113754,-172,2,15,화
2022-02-15,2호선,대림(구로구청),22044,22730,44774,-686,2,15,화
2022-02-15,2호선,신도림,42842,42121,84963,721,2,15,화
2022-02-15,2호선,문래,20537,20746,41283,-209,2,15,화
2022-02-15,2호선,영등포구청,22168,22614,44782,-446,2,15,화
2022-02-15,2호선,당산,16900,19548,36448,-2648,2,15,화
2022-02-15,2호선,합정,27897,28328,56225,-431,2,15,화
2022-02-15,2호선,홍대입구,47219,47933,95152,-714,2,15,화
2022-02-15,2호선,신촌,29334,29780,59114,-446,2,15,화
2022-02-15,2호선,이대,11610,12239,23849,-629,2,15,화
2022-02-15,2호선,아현,9409,9074,18483,335,2,15,화
2022-02-15,2호선,충정로(경기대입구),9492,10195,19687,-703,2,15,화
2022-02-15,2호선,용답,2494,2523,5017,-29,2,15,화
2022-02-15,2호선,신답,1546,1776,3322,-230,2,15,화
2022-02-15,2호선,신설동,3047,3115,6162,-68,2,15,화
2022-02-15,2호선,도림천,1348,1435,2783,-87,2,15,화
2022-02-15,2호선,양천구청,6335,6808,13143,-473,2,15,화
2022-02-15,2호선,신정네거리,9565,9939,19504,-374,2,15,화
2022-02-15,2호선,용두(동대문구청),2205,2273,4478,-68,2,15,화
2022-02-15,3호선,지축,4154,4066,8220,88,2,15,화
2022-02-15,3호선,구파발,19102,18002,37104,1100,2,15,화
2022-02-15,3호선,연신내,33500,31903,65403,1597,2,15,화
2022-02-15,3호선,불광,14866,15892,30758,-1026,2,15,화
2022-02-15,3호선,녹번,14425,13398,27823,1027,2,15,화
2022-02-15,3호선,홍제,15871,15337,31208,534,2,15,화
2022-02-15,3호선,무악재,3686,3826,7512,-140,2,15,화
2022-02-15,3호선,독립문,6148,6363,12511,-215,2,15,화
2022-02-15,3호선,경복궁(정부서울청사),17908,17604,35512,304,2,15,화
2022-02-15,3호선,안국,18514,18979,37493,-465,2,15,화
2022-02-15,3호선,종로3가,10021,11042,21063,-1021,2,15,화
2022-02-15,3호선,을지로3가,10082,10098,20180,-16,2,15,화
2022-02-15,3호선,충무로,1,0,1,1,2,15,화
2022-02-15,3호선,동대입구,6630,6951,13581,-321,2,15,화
2022-02-15,3호선,약수,11916,11506,23422,410,2,15,화
2022-02-15,3호선,금호,7465,7090,14555,375,2,15,화
2022-02-15,3호선,옥수,8007,8472,16479,-465,2,15,화
2022-02-15,3호선,압구정,30804,32686,63490,-1882,2,15,화
2022-02-15,3호선,신사,30297,31227,61524,-930,2,15,화
2022-02-15,3호선,잠원,4366,4295,8661,71,2,15,화
2022-02-15,3호선,고속터미널,35307,33400,68707,1907,2,15,화
2022-02-15,3호선,교대(법원.검찰청),13491,8708,22199,4783,2,15,화
2022-02-15,3호선,남부터미널(예술의전당),27157,27596,54753,-439,2,15,화
2022-02-15,3호선,양재(서초구청),36639,39348,75987,-2709,2,15,화
2022-02-15,3호선,매봉,12040,11497,23537,543,2,15,화
2022-02-15,3호선,도곡,4929,5109,10038,-180,2,15,화
2022-02-15,3호선,대치,10954,11030,21984,-76,2,15,화
2022-02-15,3호선,학여울,1559,1548,3107,11,2,15,화
2022-02-15,3호선,대청,9425,8830,18255,595,2,15,화
2022-02-15,3호선,일원,9675,9452,19127,223,2,15,화
2022-02-15,3호선,수서,15402,15568,30970,-166,2,15,화
2022-02-15,3호선,가락시장,8309,8053,16362,256,2,15,화
2022-02-15,3호선,경찰병원,7144,7170,14314,-26,2,15,화
2022-02-15,3호선,오금,6080,5384,11464,696,2,15,화
2022-02-15,4호선,수유(강북구청),31040,31520,62560,-480,2,15,화
2022-02-15,4호선,미아(서울사이버대학),13505,13337,26842,168,2,15,화
2022-02-15,4호선,미아사거리,24990,24655,49645,335,2,15,화
2022-02-15,4호선,길음,18407,18438,36845,-31,2,15,화
2022-02-15,4호선,성신여대입구(돈암),17987,17493,35480,494,2,15,화
2022-02-15,4호선,한성대입구(삼선교),11921,11789,23710,132,2,15,화
2022-02-15,4호선,혜화,29869,29285,59154,584,2,15,화
2022-02-15,4호선,동대문,17439,18038,35477,-599,2,15,화
2022-02-15,4호선,동대문역사문화공원(DDP),13096,11885,24981,1211,2,15,화
2022-02-15,4호선,충무로,24249,24852,49101,-603,2,15,화
2022-02-15,4호선,명동,15719,15709,31428,10,2,15,화
2022-02-15,4호선,회현(남대문시장),21449,22290,43739,-841,2,15,화
2022-02-15,4호선,서울역,10264,14269,24533,-4005,2,15,화
2022-02-15,4호선,숙대입구(갈월),11550,11332,22882,218,2,15,화
2022-02-15,4호선,삼각지,4485,4909,9394,-424,2,15,화
2022-02-15,4호선,신용산,14973,15718,30691,-745,2,15,화
2022-02-15,4호선,이촌(국립중앙박물관),6657,7505,14162,-848,2,15,화
2022-02-15,4호선,동작(현충원),1224,1464,2688,-240,2,15,화
2022-02-15,4호선,총신대입구(이수),17333,18786,36119,-1453,2,15,화
2022-02-15,4호선,사당,22938,18619,41557,4319,2,15,화
2022-02-15,4호선,남태령,1067,974,2041,93,2,15,화
2022-02-15,4호선,당고개,11898,10882,22780,1016,2,15,화
2022-02-15,4호선,상계,17443,16480,33923,963,2,15,화
2022-02-15,4호선,노원,16978,18972,35950,-1994,2,15,화
2022-02-15,4호선,창동,23239,24746,47985,-1507,2,15,화
2022-02-15,4호선,쌍문,26870,25249,52119,1621,2,15,화
2022-02-15,5호선,방화,6195,6026,12221,169,2,15,화
2022-02-15,5호선,개화산,5307,5051,10358,256,2,15,화
2022-02-15,5호선,김포공항,6697,6727,13424,-30,2,15,화
2022-02-15,5호선,송정,6083,5826,11909,257,2,15,화
2022-02-15,5호선,마곡,10605,10237,20842,368,2,15,화
2022-02-15,5호선,발산,19328,19337,38665,-9,2,15,화
2022-02-15,5호선,우장산,13152,13352,26504,-200,2,15,화
2022-02-15,5호선,화곡,26596,25391,51987,1205,2,15,화
2022-02-15,5호선,까치산,27133,26724,53857,409,2,15,화
2022-02-15,5호선,신정(은행정),13169,11176,24345,1993,2,15,화
2022-02-15,5호선,목동,15839,17262,33101,-1423,2,15,화
2022-02-15,5호선,오목교(목동운동장앞),20281,21446,41727,-1165,2,15,화
2022-02-15,5호선,양평,7250,7280,14530,-30,2,15,화
2022-02-15,5호선,영등포구청,3766,3714,7480,52,2,15,화
2022-02-15,5호선,영등포시장,9449,9614,19063,-165,2,15,화
2022-02-15,5호선,신길,3910,4334,8244,-424,2,15,화
2022-02-15,5호선,여의도,28147,28093,56240,54,2,15,화
2022-02-15,5호선,여의나루,8065,8801,16866,-736,2,15,화
2022-02-15,5호선,마포,13918,14015,27933,-97,2,15,화
2022-02-15,5호선,공덕,13040,13869,26909,-829,2,15,화
2022-02-15,5호선,애오개,6310,6744,13054,-434,2,15,화
2022-02-15,5호선,충정로(경기대입구),4598,4728,9326,-130,2,15,화
2022-02-15,5호선,서대문,17928,17441,35369,487,2,15,화
2022-02-15,5호선,광화문(세종문화회관),28364,27855,56219,509,2,15,화
2022-02-15,5호선,종로3가,10856,10422,21278,434,2,15,화
2022-02-15,5호선,을지로4가,5715,5367,11082,348,2,15,화
2022-02-15,5호선,동대문역사문화공원(DDP),2644,2912,5556,-268,2,15,화
2022-02-15,5호선,청구,3864,3584,7448,280,2,15,화
2022-02-15,5호선,신금호,5858,6288,12146,-430,2,15,화
2022-02-15,5호선,행당,7455,7077,14532,378,2,15,화
2022-02-15,5호선,왕십리(성동구청),4286,4598,8884,-312,2,15,화
2022-02-15,5호선,마장,5042,4762,9804,280,2,15,화
2022-02-15,5호선,답십리,14942,13908,28850,1034,2,15,화
2022-02-15,5호선,장한평,17456,17574,35030,-118,2,15,화
2022-02-15,5호선,군자(능동),10261,11557,21818,-1296,2,15,화
2022-02-15,5호선,아차산(어린이대공원후문),13333,13145,26478,188,2,15,화
2022-02-15,5호선,광나루(장신대),12160,10929,23089,1231,2,15,화
2022-02-15,5호선,천호(풍납토성),16427,16118,32545,309,2,15,화
2022-02-15,5호선,강동,17505,16958,34463,547,2,15,화
2022-02-15,5호선,길동,7491,7886,15377,-395,2,15,화
2022-02-15,5호선,굽은다리(강동구민회관앞),8747,8588,17335,159,2,15,화
2022-02-15,5호선,명일,7695,8381,16076,-686,2,15,화
2022-02-15,5호선,고덕,8459,8730,17189,-271,2,15,화
2022-02-15,5호선,상일동,13830,13556,27386,274,2,15,화
2022-02-15,5호선,둔촌동,8290,8329,16619,-39,2,15,화
2022-02-15,5호선,올림픽공원(한국체대),3669,3203,6872,466,2,15,화
2022-02-15,5호선,방이,6852,7130,13982,-278,2,15,화
2022-02-15,5호선,오금,3435,3418,6853,17,2,15,화
2022-02-15,5호선,개롱,5991,6397,12388,-406,2,15,화
2022-02-15,5호선,거여,8841,8620,17461,221,2,15,화
2022-02-15,5호선,마천,6387,6427,12814,-40,2,15,화
2022-02-15,5호선,강일,3496,3594,7090,-98,2,15,화
2022-02-15,5호선,미사,14428,14687,29115,-259,2,15,화
2022-02-15,5호선,하남풍산,3902,3956,7858,-54,2,15,화
2022-02-15,5호선,하남시청(덕풍·신장),5823,5756,11579,67,2,15,화
2022-02-15,5호선,하남검단산,4858,4775,9633,83,2,15,화
2022-02-15,6호선,응암,16663,16657,33320,6,2,15,화
2022-02-15,6호선,역촌,3648,4440,8088,-792,2,15,화
2022-02-15,6호선,불광,3904,3831,7735,73,2,15,화
2022-02-15,6호선,독바위,2493,2622,5115,-129,2,15,화
2022-02-15,6호선,연신내,1,0,1,1,2,15,화
2022-02-15,6호선,구산,6952,5477,12429,1475,2,15,화
2022-02-15,6호선,새절(신사),11834,11254,23088,580,2,15,화
2022-02-15,6호선,증산(명지대앞),9480,9638,19118,-158,2,15,화
2022-02-15,6호선,디지털미디어시티,12612,14194,26806,-1582,2,15,화
2022-02-15,6호선,월드컵경기장(성산),3501,3695,7196,-194,2,15,화
2022-02-15,6호선,마포구청,13565,12591,26156,974,2,15,화
2022-02-15,6호선,망원,12564,13588,26152,-1024,2,15,화
2022-02-15,6호선,합정,11765,11385,23150,380,2,15,화
2022-02-15,6호선,상수,7430,8094,15524,-664,2,15,화
2022-02-15,6호선,광흥창(서강),8476,8318,16794,158,2,15,화
2022-02-15,6호선,대흥(서강대앞),7346,7701,15047,-355,2,15,화
2022-02-15,6호선,공덕,17476,16997,34473,479,2,15,화
2022-02-15,6호선,효창공원앞,6492,5978,12470,514,2,15,화
2022-02-15,6호선,삼각지,5765,5142,10907,623,2,15,화
2022-02-15,6호선,녹사평(용산구청),3983,3909,7892,74,2,15,화
2022-02-15,6호선,이태원,8182,8069,16251,113,2,15,화
2022-02-15,6호선,한강진,7666,8596,16262,-930,2,15,화
2022-02-15,6호선,버티고개,1865,1923,3788,-58,2,15,화
2022-02-15,6호선,약수,3279,3336,6615,-57,2,15,화
2022-02-15,6호선,청구,3667,3797,7464,-130,2,15,화
2022-02-15,6호선,신당,7950,8146,16096,-196,2,15,화
2022-02-15,6호선,동묘앞,7281,7402,14683,-121,2,15,화
2022-02-15,6호선,창신,3218,2600,5818,618,2,15,화
2022-02-15,6호선,보문,6645,6256,12901,389,2,15,화
2022-02-15,6호선,안암(고대병원앞),9154,9099,18253,55,2,15,화
2022-02-15,6호선,고려대(종암),7125,7108,14233,17,2,15,화
2022-02-15,6호선,월곡(동덕여대),10728,10653,21381,75,2,15,화
2022-02-15,6호선,상월곡(한국과학기술연구원),5802,5200,11002,602,2,15,화
2022-02-15,6호선,돌곶이,8718,8360,17078,358,2,15,화
2022-02-15,6호선,석계,11355,11815,23170,-460,2,15,화
2022-02-15,6호선,태릉입구,4970,5381,10351,-411,2,15,화
2022-02-15,6호선,화랑대(서울여대입구),10799,8700,19499,2099,2,15,화
2022-02-15,6호선,봉화산(서울의료원),8394,7998,16392,396,2,15,화
2022-02-15,7호선,장암,2112,795,2907,1317,2,15,화
2022-02-15,7호선,도봉산,8267,9574,17841,-1307,2,15,화
2022-02-15,7호선,수락산,11694,11605,23299,89,2,15,화
2022-02-15,7호선,마들,11868,11567,23435,301,2,15,화
2022-02-15,7호선,노원,18623,18862,37485,-239,2,15,화
2022-02-15,7호선,중계,13316,12287,25603,1029,2,15,화
2022-02-15,7호선,하계,16422,15552,31974,870,2,15,화
2022-02-15,7호선,공릉(서울과학기술대),10787,10823,21610,-36,2,15,화
2022-02-15,7호선,태릉입구,7778,7452,15230,326,2,15,화
2022-02-15,7호선,먹골,9570,9477,19047,93,2,15,화
2022-02-15,7호선,중화,10272,10176,20448,96,2,15,화
2022-02-15,7호선,상봉(시외버스터미널),15752,14610,30362,1142,2,15,화
2022-02-15,7호선,면목,14614,14478,29092,136,2,15,화
2022-02-15,7호선,사가정,15109,15130,30239,-21,2,15,화
2022-02-15,7호선,용마산(용마폭포공원),5666,5535,11201,131,2,15,화
2022-02-15,7호선,중곡,10163,9754,19917,409,2,15,화
2022-02-15,7호선,군자(능동),14510,11700,26210,2810,2,15,화
2022-02-15,7호선,어린이대공원(세종대),11357,11267,22624,90,2,15,화
2022-02-15,7호선,건대입구,10969,11405,22374,-436,2,15,화
2022-02-15,7호선,뚝섬유원지,6896,6777,13673,119,2,15,화
2022-02-15,7호선,청담,18886,20845,39731,-1959,2,15,화
2022-02-15,7호선,강남구청,16076,17456,33532,-1380,2,15,화
2022-02-15,7호선,학동,23912,25321,49233,-1409,2,15,화
2022-02-15,7호선,논현,19901,21577,41478,-1676,2,15,화
2022-02-15,7호선,반포,5278,5062,10340,216,2,15,화
2022-02-15,7호선,고속터미널,14125,12304,26429,1821,2,15,화
2022-02-15,7호선,내방,14048,14273,28321,-225,2,15,화
2022-02-15,7호선,이수,14869,14256,29125,613,2,15,화
2022-02-15,7호선,남성,10424,10037,20461,387,2,15,화
2022-02-15,7호선,숭실대입구(살피재),11117,11489,22606,-372,2,15,화
2022-02-15,7호선,상도,9935,9704,19639,231,2,15,화
2022-02-15,7호선,장승배기,8656,8669,17325,-13,2,15,화
2022-02-15,7호선,신대방삼거리,15932,15304,31236,628,2,15,화
2022-02-15,7호선,보라매,9460,9488,18948,-28,2,15,화
2022-02-15,7호선,신풍,10867,10422,21289,445,2,15,화
2022-02-15,7호선,대림(구로구청),7582,7609,15191,-27,2,15,화
2022-02-15,7호선,남구로,15655,16586,32241,-931,2,15,화
2022-02-15,7호선,가산디지털단지,45454,45182,90636,272,2,15,화
2022-02-15,7호선,철산,19578,20032,39610,-454,2,15,화
2022-02-15,7호선,광명사거리,20374,20237,40611,137,2,15,화
2022-02-15,7호선,천왕,10731,10256,20987,475,2,15,화
2022-02-15,7호선,온수(성공회대입구),9486,8808,18294,678,2,15,화
2022-02-15,7호선,굴포천,1,0,1,1,2,15,화
2022-02-15,8호선,암사,18347,16272,34619,2075,2,15,화
2022-02-15,8호선,천호(풍납토성),14209,15622,29831,-1413,2,15,화
2022-02-15,8호선,강동구청,10040,10550,20590,-510,2,15,화
2022-02-15,8호선,몽촌토성(평화의문),5806,5842,11648,-36,2,15,화
2022-02-15,8호선,잠실(송파구청),12747,14491,27238,-1744,2,15,화
2022-02-15,8호선,석촌,7564,8562,16126,-998,2,15,화
2022-02-15,8호선,송파,6965,7177,14142,-212,2,15,화
2022-02-15,8호선,가락시장,7178,7754,14932,-576,2,15,화
2022-02-15,8호선,문정,21796,23090,44886,-1294,2,15,화
2022-02-15,8호선,장지,16060,15702,31762,358,2,15,화
2022-02-15,8호선,복정,8923,7575,16498,1348,2,15,화
2022-02-15,8호선,산성,4914,4972,9886,-58,2,15,화
2022-02-15,8호선,남한산성입구(성남법원.검찰청),12622,11594,24216,1028,2,15,화
2022-02-15,8호선,단대오거리,9844,9604,19448,240,2,15,화
2022-02-15,8호선,신흥,3855,4187,8042,-332,2,15,화
2022-02-15,8호선,모란,3888,2943,6831,945,2,15,화
2022-02-15,8호선,남위례,3872,4191,8063,-319,2,15,화
2022-02-15,9호선,개화,2409,1793,4202,616,2,15,화
2022-02-15,9호선,김포공항,6855,10819,17674,-3964,2,15,화
2022-02-15,9호선,공항시장,2833,3068,5901,-235,2,15,화
2022-02-15,9호선,신방화,6395,6337,12732,58,2,15,화
2022-02-15,9호선,마곡나루(서울식물원),11293,11062,22355,231,2,15,화
2022-02-15,9호선,양천향교,9170,9397,18567,-227,2,15,화
2022-02-15,9호선,가양,19196,18758,37954,438,2,15,화
2022-02-15,9호선,증미,7213,7230,14443,-17,2,15,화
2022-02-15,9호선,등촌,10937,10763,21700,174,2,15,화
2022-02-15,9호선,염창,16164,15853,32017,311,2,15,화
2022-02-15,9호선,신목동,3757,3448,7205,309,2,15,화
2022-02-15,9호선,선유도,8605,8294,16899,311,2,15,화
2022-02-15,9호선,당산,17202,17238,34440,-36,2,15,화
2022-02-15,9호선,국회의사당,16459,16618,33077,-159,2,15,화
2022-02-15,9호선,여의도,26258,25406,51664,852,2,15,화
2022-02-15,9호선,샛강,5687,5892,11579,-205,2,15,화
2022-02-15,9호선,노량진,24170,23360,47530,810,2,15,화
2022-02-15,9호선,노들,4147,3636,7783,511,2,15,화
2022-02-15,9호선,흑석(중앙대입구),7636,8018,15654,-382,2,15,화
2022-02-15,9호선,동작(현충원),1895,1500,3395,395,2,15,화
2022-02-15,9호선,구반포,1330,1420,2750,-90,2,15,화
2022-02-15,9호선,신반포,3060,3056,6116,4,2,15,화
2022-02-15,9호선,고속터미널,11002,14223,25225,-3221,2,15,화
2022-02-15,9호선,사평,3318,3260,6578,58,2,15,화
2022-02-15,9호선,신논현,29849,29508,59357,341,2,15,화
2022-02-15,9호선2~3단계,언주,10558,10859,21417,-301,2,15,화
2022-02-15,9호선2~3단계,선정릉,9386,10274,19660,-888,2,15,화
2022-02-15,9호선2~3단계,삼성중앙,6570,7054,13624,-484,2,15,화
2022-02-15,9호선2~3단계,봉은사,15099,15385,30484,-286,2,15,화
2022-02-15,9호선2~3단계,종합운동장,4071,4020,8091,51,2,15,화
2022-02-15,9호선2~3단계,삼전,6716,6633,13349,83,2,15,화
2022-02-15,9호선2~3단계,석촌고분,5942,6059,12001,-117,2,15,화
2022-02-15,9호선2~3단계,석촌,7864,6920,14784,944,2,15,화
2022-02-15,9호선2~3단계,송파나루,4962,5228,10190,-266,2,15,화
2022-02-15,9호선2~3단계,한성백제,2422,2250,4672,172,2,15,화
2022-02-15,9호선2~3단계,올림픽공원(한국체대),5351,5240,10591,111,2,15,화
2022-02-15,9호선2~3단계,둔촌오륜,969,924,1893,45,2,15,화
2022-02-15,9호선2~3단계,중앙보훈병원,10662,9320,19982,1342,2,15,화
2022-02-15,경강선,판교,4327,4261,8588,66,2,15,화
2022-02-15,경강선,이매,1009,860,1869,149,2,15,화
2022-02-15,경강선,삼동,2244,2099,4343,145,2,15,화
2022-02-15,경강선,경기광주,7302,6810,14112,492,2,15,화
2022-02-15,경강선,초월,2801,2718,5519,83,2,15,화
2022-02-15,경강선,곤지암,2027,1995,4022,32,2,15,화
2022-02-15,경강선,신둔도예촌,1216,1133,2349,83,2,15,화
2022-02-15,경강선,이천,2302,2333,4635,-31,2,15,화
2022-02-15,경강선,부발,1759,1634,3393,125,2,15,화
2022-02-15,경강선,세종대왕릉,258,259,517,-1,2,15,화
2022-02-15,경강선,여주,1740,1729,3469,11,2,15,화
2022-02-15,경부선,서울역,5031,1738,6769,3293,2,15,화
2022-02-15,경부선,남영,8294,8751,17045,-457,2,15,화
2022-02-15,경부선,용산,28776,28967,57743,-191,2,15,화
2022-02-15,경부선,노량진,7098,7406,14504,-308,2,15,화
2022-02-15,경부선,대방,11866,12435,24301,-569,2,15,화
2022-02-15,경부선,영등포,33020,33192,66212,-172,2,15,화
2022-02-15,경부선,신도림,3897,3609,7506,288,2,15,화
2022-02-15,경부선,신길,8317,7122,15439,1195,2,15,화
2022-02-15,경부선,구로,17422,17466,34888,-44,2,15,화
2022-02-15,경부선,가산디지털단지,17456,20257,37713,-2801,2,15,화
2022-02-15,경부선,금천구청,11141,11131,22272,10,2,15,화
2022-02-15,경부선,석수,9066,8171,17237,895,2,15,화
2022-02-15,경부선,관악,6785,6440,13225,345,2,15,화
2022-02-15,경부선,안양,19747,19683,39430,64,2,15,화
2022-02-15,경부선,명학,8576,8534,17110,42,2,15,화
2022-02-15,경부선,금정,24560,25101,49661,-541,2,15,화
2022-02-15,경부선,군포,7492,7445,14937,47,2,15,화
2022-02-15,경부선,의왕,8454,8513,16967,-59,2,15,화
2022-02-15,경부선,성균관대,12591,12661,25252,-70,2,15,화
2022-02-15,경부선,화서,7354,7161,14515,193,2,15,화
2022-02-15,경부선,수원,28696,30211,58907,-1515,2,15,화
2022-02-15,경부선,독산,17913,18984,36897,-1071,2,15,화
2022-02-15,경부선,세류,2681,2515,5196,166,2,15,화
2022-02-15,경부선,병점,12337,12351,24688,-14,2,15,화
2022-02-15,경부선,세마,2399,2252,4651,147,2,15,화
2022-02-15,경부선,오산대,2848,2643,5491,205,2,15,화
2022-02-15,경부선,오산,8170,8138,16308,32,2,15,화
2022-02-15,경부선,진위,1469,1292,2761,177,2,15,화
2022-02-15,경부선,송탄,3470,3381,6851,89,2,15,화
2022-02-15,경부선,서정리,5753,5311,11064,442,2,15,화
2022-02-15,경부선,평택지제,2857,2888,5745,-31,2,15,화
2022-02-15,경부선,평택,9377,9300,18677,77,2,15,화
2022-02-15,경부선,성환,2556,2592,5148,-36,2,15,화
2022-02-15,경부선,직산,637,636,1273,1,2,15,화
2022-02-15,경부선,두정,4115,4232,8347,-117,2,15,화
2022-02-15,경부선,천안,3936,4104,8040,-168,2,15,화
2022-02-15,경부선,당정,5694,5413,11107,281,2,15,화
2022-02-15,경부선,서동탄,1333,1141,2474,192,2,15,화
2022-02-15,경부선,광명,2995,2671,5666,324,2,15,화
2022-02-15,경원선,이촌(국립중앙박물관),3318,2577,5895,741,2,15,화
2022-02-15,경원선,서빙고,1806,1764,3570,42,2,15,화
2022-02-15,경원선,한남,3880,3644,7524,236,2,15,화
2022-02-15,경원선,옥수,50,44,94,6,2,15,화
2022-02-15,경원선,응봉,1647,1415,3062,232,2,15,화
2022-02-15,경원선,왕십리(성동구청),12391,13923,26314,-1532,2,15,화
2022-02-15,경원선,청량리(서울시립대입구),12942,13046,25988,-104,2,15,화
2022-02-15,경원선,외대앞,6457,6567,13024,-110,2,15,화
2022-02-15,경원선,신이문,7779,7317,15096,462,2,15,화
2022-02-15,경원선,석계,7283,8268,15551,-985,2,15,화
2022-02-15,경원선,광운대,6729,6500,13229,229,2,15,화
2022-02-15,경원선,월계,5759,5600,11359,159,2,15,화
2022-02-15,경원선,녹천,4245,3695,7940,550,2,15,화
2022-02-15,경원선,방학,9023,8929,17952,94,2,15,화
2022-02-15,경원선,도봉,5568,5420,10988,148,2,15,화
2022-02-15,경원선,도봉산,6645,4049,10694,2596,2,15,화
2022-02-15,경원선,망월사,6894,7098,13992,-204,2,15,화
2022-02-15,경원선,회룡,11508,11387,22895,121,2,15,화
2022-02-15,경원선,의정부,16527,16845,33372,-318,2,15,화
2022-02-15,경원선,가능,6017,5873,11890,144,2,15,화
2022-02-15,경원선,녹양,4086,3880,7966,206,2,15,화
2022-02-15,경원선,양주,6769,6518,13287,251,2,15,화
2022-02-15,경원선,덕계,2789,2497,5286,292,2,15,화
2022-02-15,경원선,덕정,4692,4651,9343,41,2,15,화
2022-02-15,경원선,지행,5568,5456,11024,112,2,15,화
2022-02-15,경원선,동두천중앙,2810,2698,5508,112,2,15,화
2022-02-15,경원선,보산,1255,1159,2414,96,2,15,화
2022-02-15,경원선,동두천,1739,1966,3705,-227,2,15,화
2022-02-15,경원선,소요산,1960,1643,3603,317,2,15,화
2022-02-15,경의선,서울역,3874,4931,8805,-1057,2,15,화
2022-02-15,경의선,신촌,772,988,1760,-216,2,15,화
2022-02-15,경의선,효창공원앞,2771,3188,5959,-417,2,15,화
2022-02-15,경의선,공덕,3273,2967,6240,306,2,15,화
2022-02-15,경의선,서강대,1830,1807,3637,23,2,15,화
2022-02-15,경의선,홍대입구,1415,1553,2968,-138,2,15,화
2022-02-15,경의선,가좌,4873,4803,9676,70,2,15,화
2022-02-15,경의선,디지털미디어시티,2208,2066,4274,142,2,15,화
2022-02-15,경의선,수색,2713,2816,5529,-103,2,15,화
2022-02-15,경의선,화전,1362,1334,2696,28,2,15,화
2022-02-15,경의선,강매,2985,2662,5647,323,2,15,화
2022-02-15,경의선,행신,7099,7171,14270,-72,2,15,화
2022-02-15,경의선,능곡,3501,3221,6722,280,2,15,화
2022-02-15,경의선,곡산,532,567,1099,-35,2,15,화
2022-02-15,경의선,백마,6308,6199,12507,109,2,15,화
2022-02-15,경의선,풍산,5064,4727,9791,337,2,15,화
2022-02-15,경의선,일산,8394,8403,16797,-9,2,15,화
2022-02-15,경의선,탄현,7145,6959,14104,186,2,15,화
2022-02-15,경의선,야당,6670,6473,13143,197,2,15,화
2022-02-15,경의선,운정,6286,6001,12287,285,2,15,화
2022-02-15,경의선,금릉,4177,4087,8264,90,2,15,화
2022-02-15,경의선,금촌,5583,5493,11076,90,2,15,화
2022-02-15,경의선,월롱,2096,2111,4207,-15,2,15,화
2022-02-15,경의선,파주,917,679,1596,238,2,15,화
2022-02-15,중앙선,지평,62,46,108,16,2,15,화
2022-02-15,중앙선,용문,2047,2091,4138,-44,2,15,화
2022-02-15,중앙선,원덕,295,281,576,14,2,15,화
2022-02-15,중앙선,양평,2221,2170,4391,51,2,15,화
2022-02-15,중앙선,오빈,277,259,536,18,2,15,화
2022-02-15,우이신설선,신설동,2017,1925,3942,92,2,15,화
2022-02-15,우이신설선,보문,1437,1448,2885,-11,2,15,화
2022-02-15,우이신설선,성신여대입구(돈암),3093,3255,6348,-162,2,15,화
2022-02-15,우이신설선,정릉,4167,4040,8207,127,2,15,화
2022-02-15,우이신설선,북한산보국문,5483,5470,10953,13,2,15,화
2022-02-15,우이신설선,솔샘,5484,5312,10796,172,2,15,화
2022-02-15,우이신설선,삼양사거리,2277,2372,4649,-95,2,15,화
2022-02-15,우이신설선,삼양,1923,2030,3953,-107,2,15,화
2022-02-15,우이신설선,화계,3233,3083,6316,150,2,15,화
2022-02-15,우이신설선,가오리,3794,3915,7709,-121,2,15,화
2022-02-15,우이신설선,4.19민주묘지,2606,2506,5112,100,2,15,화
2022-02-15,우이신설선,솔밭공원,2250,2150,4400,100,2,15,화
2022-02-15,우이신설선,북한산우이,2565,2232,4797,333,2,15,화
2022-02-15,안산선,수리산,3866,3219,7085,647,2,15,화
2022-02-15,안산선,오이도,7383,7143,14526,240,2,15,화
2022-02-15,안산선,정왕,6783,7178,13961,-395,2,15,화
2022-02-15,안산선,신길온천,1467,1380,2847,87,2,15,화
2022-02-15,안산선,안산,10591,9573,20164,1018,2,15,화
2022-02-15,안산선,초지,4193,4338,8531,-145,2,15,화
2022-02-15,안산선,고잔,8122,7659,15781,463,2,15,화
2022-02-15,안산선,중앙,15363,16034,31397,-671,2,15,화
2022-02-15,안산선,한대앞,7848,7936,15784,-88,2,15,화
2022-02-15,안산선,상록수,14089,14470,28559,-381,2,15,화
2022-02-15,안산선,반월,3812,3665,7477,147,2,15,화
2022-02-15,안산선,대야미,4367,3950,8317,417,2,15,화
2022-02-15,안산선,산본,14321,15317,29638,-996,2,15,화
2022-02-15,수인선,인천,906,1543,2449,-637,2,15,화
2022-02-15,수인선,신포,1468,1500,2968,-32,2,15,화
2022-02-15,수인선,숭의,3500,3313,6813,187,2,15,화
2022-02-15,수인선,인하대,5042,4791,9833,251,2,15,화
2022-02-15,수인선,송도,2121,1949,4070,172,2,15,화
2022-02-15,수인선,연수,3824,3816,7640,8,2,15,화
2022-02-15,수인선,원인재,4056,4188,8244,-132,2,15,화
2022-02-15,수인선,남동인더스파크,2233,2500,4733,-267,2,15,화
2022-02-15,수인선,호구포,3813,3896,7709,-83,2,15,화
2022-02-15,수인선,인천논현,4880,5134,10014,-254,2,15,화
2022-02-15,수인선,소래포구,3920,3696,7616,224,2,15,화
2022-02-15,수인선,월곶,2202,2083,4285,119,2,15,화
2022-02-15,수인선,달월,87,43,130,44,2,15,화
2022-02-15,수인선,사리,4025,3571,7596,454,2,15,화
2022-02-15,수인선,야목,303,224,527,79,2,15,화
2022-02-15,수인선,어천,541,596,1137,-55,2,15,화
2022-02-15,수인선,오목천,2400,2359,4759,41,2,15,화
2022-02-15,수인선,고색,4406,4147,8553,259,2,15,화
2022-02-15,분당선,매교,2510,2549,5059,-39,2,15,화
2022-02-15,분당선,수원시청,11740,12320,24060,-580,2,15,화
2022-02-15,분당선,매탄권선,4467,4346,8813,121,2,15,화
2022-02-15,분당선,망포,13190,12573,25763,617,2,15,화
2022-02-15,분당선,영통,7379,7515,14894,-136,2,15,화
2022-02-15,분당선,청명,3787,3696,7483,91,2,15,화
2022-02-16,우이신설선,삼양사거리,2179,2245,4424,-66,2,16,수
2022-02-16,우이신설선,솔샘,5284,5128,10412,156,2,16,수
2022-02-16,우이신설선,북한산보국문,5413,5288,10701,125,2,16,수
2022-02-16,우이신설선,정릉,4062,3894,7956,168,2,16,수
2022-02-16,우이신설선,성신여대입구(돈암),2949,3214,6163,-265,2,16,수
2022-02-16,4호선,동작(현충원),1088,1197,2285,-109,2,16,수
2022-02-16,4호선,이촌(국립중앙박물관),6673,7395,14068,-722,2,16,수
2022-02-16,4호선,신용산,14687,15376,30063,-689,2,16,수
2022-02-16,4호선,삼각지,4373,4746,9119,-373,2,16,수
2022-02-16,4호선,숙대입구(갈월),11481,11091,22572,390,2,16,수
2022-02-16,4호선,서울역,10086,14144,24230,-4058,2,16,수
2022-02-16,4호선,회현(남대문시장),20709,21639,42348,-930,2,16,수
2022-02-16,4호선,명동,15743,16007,31750,-264,2,16,수
2022-02-16,4호선,충무로,24005,24470,48475,-465,2,16,수
2022-02-16,4호선,동대문역사문화공원(DDP),13366,11955,25321,1411,2,16,수
2022-02-16,4호선,동대문,17117,17566,34683,-449,2,16,수
2022-02-16,4호선,혜화,30534,29710,60244,824,2,16,수
2022-02-16,4호선,한성대입구(삼선교),11665,11542,23207,123,2,16,수
2022-02-16,4호선,성신여대입구(돈암),17322,16976,34298,346,2,16,수
2022-02-16,4호선,길음,18175,18125,36300,50,2,16,수
2022-02-16,4호선,미아사거리,24139,23697,47836,442,2,16,수
2022-02-16,4호선,미아(서울사이버대학),13226,13031,26257,195,2,16,수
2022-02-16,4호선,수유(강북구청),30289,30744,61033,-455,2,16,수
2022-02-16,3호선,오금,5894,5160,11054,734,2,16,수
2022-02-16,3호선,경찰병원,6975,6961,13936,14,2,16,수
2022-02-16,3호선,가락시장,8098,7747,15845,351,2,16,수
2022-02-16,3호선,수서,15012,15391,30403,-379,2,16,수
2022-02-16,3호선,일원,9368,9059,18427,309,2,16,수
2022-02-16,3호선,대청,9232,8625,17857,607,2,16,수
2022-02-16,3호선,학여울,1573,1621,3194,-48,2,16,수
2022-02-16,3호선,대치,10356,10589,20945,-233,2,16,수
2022-02-16,3호선,도곡,4856,4965,9821,-109,2,16,수
2022-02-16,3호선,매봉,12020,11402,23422,618,2,16,수
2022-02-16,3호선,양재(서초구청),35841,38605,74446,-2764,2,16,수
2022-02-16,3호선,남부터미널(예술의전당),26836,27315,54151,-479,2,16,수
2022-02-16,3호선,교대(법원.검찰청),13462,8502,21964,4960,2,16,수
2022-02-16,3호선,고속터미널,33970,32435,66405,1535,2,16,수
2022-02-16,3호선,잠원,4305,4237,8542,68,2,16,수
2022-02-16,3호선,신사,29080,29849,58929,-769,2,16,수
2022-02-16,3호선,압구정,29938,31996,61934,-2058,2,16,수
2022-02-16,3호선,옥수,7910,8353,16263,-443,2,16,수
2022-02-16,3호선,금호,7300,6952,14252,348,2,16,수
2022-02-16,3호선,약수,11798,11420,23218,378,2,16,수
2022-02-16,3호선,동대입구,6282,6796,13078,-514,2,16,수
2022-02-16,3호선,을지로3가,10111,9924,20035,187,2,16,수
2022-02-16,3호선,종로3가,9507,10630,20137,-1123,2,16,수
2022-02-16,3호선,안국,17792,17899,35691,-107,2,16,수
2022-02-16,3호선,경복궁(정부서울청사),17706,17513,35219,193,2,16,수
2022-02-16,3호선,독립문,5983,6091,12074,-108,2,16,수
2022-02-16,3호선,무악재,3493,3539,7032,-46,2,16,수
2022-02-16,3호선,홍제,15524,15083,30607,441,2,16,수
2022-02-16,3호선,녹번,14168,12975,27143,1193,2,16,수
2022-02-16,3호선,불광,14572,15515,30087,-943,2,16,수
2022-02-16,3호선,연신내,32709,31234,63943,1475,2,16,수
2022-02-16,3호선,구파발,18506,17245,35751,1261,2,16,수
2022-02-16,3호선,지축,4085,3981,8066,104,2,16,수
2022-02-16,2호선,용두(동대문구청),2142,2210,4352,-68,2,16,수
2022-02-16,2호선,신정네거리,9306,9666,18972,-360,2,16,수
2022-02-16,2호선,양천구청,6208,6531,12739,-323,2,16,수
2022-02-16,2호선,도림천,1306,1380,2686,-74,2,16,수
2022-02-16,2호선,신설동,3023,3167,6190,-144,2,16,수
2022-02-16,5호선,마장,5020,4787,9807,233,2,16,수
2022-02-16,5호선,답십리,14725,13758,28483,967,2,16,수
2022-02-16,5호선,장한평,17511,17580,35091,-69,2,16,수
2022-02-16,5호선,군자(능동),10304,11222,21526,-918,2,16,수
2022-02-16,6호선,상수,7609,8125,15734,-516,2,16,수
2022-02-16,6호선,광흥창(서강),8324,8198,16522,126,2,16,수
2022-02-16,6호선,대흥(서강대앞),7134,7531,14665,-397,2,16,수
2022-02-16,6호선,공덕,16824,16466,33290,358,2,16,수
2022-02-16,6호선,효창공원앞,6321,5875,12196,446,2,16,수
2022-02-16,6호선,삼각지,5622,5145,10767,477,2,16,수
2022-02-16,6호선,녹사평(용산구청),3877,3859,7736,18,2,16,수
2022-02-16,6호선,이태원,7997,8098,16095,-101,2,16,수
2022-02-16,6호선,한강진,8678,9569,18247,-891,2,16,수
2022-02-16,6호선,버티고개,1787,1875,3662,-88,2,16,수
2022-02-16,6호선,약수,3337,3316,6653,21,2,16,수
2022-02-16,6호선,청구,3531,3848,7379,-317,2,16,수
2022-02-16,6호선,신당,7910,8298,16208,-388,2,16,수
2022-02-16,6호선,동묘앞,6972,7202,14174,-230,2,16,수
2022-02-16,6호선,창신,3198,2689,5887,509,2,16,수
2022-02-16,분당선,매탄권선,4366,4313,8679,53,2,16,수
2022-02-16,분당선,수원시청,11696,12265,23961,-569,2,16,수
2022-02-16,6호선,보문,6672,6180,12852,492,2,16,수
2022-02-16,6호선,안암(고대병원앞),9046,9091,18137,-45,2,16,수
2022-02-16,6호선,고려대(종암),7123,7045,14168,78,2,16,수
2022-02-16,6호선,월곡(동덕여대),10414,10362,20776,52,2,16,수
2022-02-16,6호선,상월곡(한국과학기술연구원),5680,5257,10937,423,2,16,수
2022-02-16,6호선,돌곶이,8620,8237,16857,383,2,16,수
2022-02-16,6호선,석계,11110,11618,22728,-508,2,16,수
2022-02-16,6호선,태릉입구,4907,5411,10318,-504,2,16,수
2022-02-16,6호선,화랑대(서울여대입구),10855,8598,19453,2257,2,16,수
2022-02-16,6호선,봉화산(서울의료원),8306,7889,16195,417,2,16,수
2022-02-16,6호선,신내,2,0,2,2,2,16,수
2022-02-16,7호선,장암,2036,720,2756,1316,2,16,수
2022-02-16,7호선,도봉산,8035,9120,17155,-1085,2,16,수
2022-02-16,7호선,수락산,11203,11103,22306,100,2,16,수
2022-02-16,7호선,마들,11886,11527,23413,359,2,16,수
2022-02-16,7호선,노원,17894,18134,36028,-240,2,16,수
2022-02-16,7호선,중계,12858,11887,24745,971,2,16,수
2022-02-16,7호선,하계,16274,15614,31888,660,2,16,수
2022-02-16,7호선,공릉(서울과학기술대),10427,10585,21012,-158,2,16,수
2022-02-16,7호선,태릉입구,7851,7455,15306,396,2,16,수
2022-02-16,5호선,아차산(어린이대공원후문),12627,12422,25049,205,2,16,수
2022-02-16,5호선,광나루(장신대),11636,10577,22213,1059,2,16,수
2022-02-16,5호선,천호(풍납토성),16012,15704,31716,308,2,16,수
2022-02-16,5호선,강동,17228,16437,33665,791,2,16,수
2022-02-16,5호선,길동,7261,7699,14960,-438,2,16,수
2022-02-16,5호선,굽은다리(강동구민회관앞),8477,8441,16918,36,2,16,수
2022-02-16,5호선,명일,7672,8450,16122,-778,2,16,수
2022-02-16,5호선,고덕,8244,8480,16724,-236,2,16,수
2022-02-16,5호선,상일동,13465,13228,26693,237,2,16,수
2022-02-16,5호선,둔촌동,7853,7927,15780,-74,2,16,수
2022-02-16,5호선,올림픽공원(한국체대),3599,3131,6730,468,2,16,수
2022-02-16,2호선,삼성(무역센터),47861,47632,95493,229,2,16,수
2022-02-16,2호선,선릉,53404,47312,100716,6092,2,16,수
2022-02-16,2호선,역삼,51454,55970,107424,-4516,2,16,수
2022-02-16,2호선,강남,79564,76984,156548,2580,2,16,수
2022-02-16,2호선,교대(법원.검찰청),32109,35804,67913,-3695,2,16,수
2022-02-16,5호선,방이,6753,7009,13762,-256,2,16,수
2022-02-16,5호선,오금,3343,3243,6586,100,2,16,수
2022-02-16,5호선,개롱,5952,6399,12351,-447,2,16,수
2022-02-16,5호선,거여,8570,8528,17098,42,2,16,수
2022-02-16,5호선,마천,6243,6265,12508,-22,2,16,수
2022-02-16,5호선,강일,3542,3525,7067,17,2,16,수
2022-02-16,5호선,미사,14444,14571,29015,-127,2,16,수
2022-02-16,5호선,하남풍산,3795,3892,7687,-97,2,16,수
2022-02-16,5호선,하남시청(덕풍·신장),5674,5576,11250,98,2,16,수
2022-02-16,5호선,하남검단산,4660,4568,9228,92,2,16,수
2022-02-16,6호선,응암,15998,16132,32130,-134,2,16,수
2022-02-16,6호선,역촌,3561,4315,7876,-754,2,16,수
2022-02-16,6호선,불광,4019,3860,7879,159,2,16,수
2022-02-16,6호선,독바위,2435,2602,5037,-167,2,16,수
2022-02-16,6호선,연신내,3,0,3,3,2,16,수
2022-02-16,6호선,구산,6991,5334,12325,1657,2,16,수
2022-02-16,2호선,서초,20236,19823,40059,413,2,16,수
2022-02-16,2호선,방배,15015,15628,30643,-613,2,16,수
2022-02-16,2호선,사당,32536,35591,68127,-3055,2,16,수
2022-02-16,2호선,낙성대(강감찬),24607,24313,48920,294,2,16,수
2022-02-16,2호선,서울대입구(관악구청),43856,42658,86514,1198,2,16,수
2022-02-16,2호선,봉천,21816,20818,42634,998,2,16,수
2022-02-16,2호선,신림,58368,57528,115896,840,2,16,수
2022-02-16,2호선,신대방,23997,23839,47836,158,2,16,수
2022-02-16,2호선,구로디지털단지,55296,55366,110662,-70,2,16,수
2022-02-16,2호선,대림(구로구청),21476,22055,43531,-579,2,16,수
2022-02-16,2호선,신도림,42239,41454,83693,785,2,16,수
2022-02-16,2호선,문래,20067,20357,40424,-290,2,16,수
2022-02-16,2호선,영등포구청,21896,22246,44142,-350,2,16,수
2022-02-16,2호선,당산,16604,19103,35707,-2499,2,16,수
2022-02-16,2호선,합정,27667,28437,56104,-770,2,16,수
2022-02-16,2호선,홍대입구,47052,47373,94425,-321,2,16,수
2022-02-16,2호선,신촌,29353,29903,59256,-550,2,16,수
2022-02-16,2호선,이대,11335,12149,23484,-814,2,16,수
2022-02-16,2호선,아현,9073,8900,17973,173,2,16,수
2022-02-16,2호선,충정로(경기대입구),9456,10106,19562,-650,2,16,수
2022-02-16,2호선,용답,2428,2530,4958,-102,2,16,수
2022-02-16,2호선,신답,1563,1780,3343,-217,2,16,수
2022-02-16,5호선,광화문(세종문화회관),27718,27444,55162,274,2,16,수
2022-02-16,5호선,서대문,17987,17929,35916,58,2,16,수
2022-02-16,5호선,충정로(경기대입구),4537,4644,9181,-107,2,16,수
2022-02-16,5호선,애오개,6317,6412,12729,-95,2,16,수
2022-02-16,5호선,공덕,12791,13312,26103,-521,2,16,수
2022-02-16,5호선,마포,13727,13895,27622,-168,2,16,수
2022-02-16,5호선,여의나루,7546,8544,16090,-998,2,16,수
2022-02-16,5호선,여의도,27744,27556,55300,188,2,16,수
2022-02-16,5호선,신길,3760,4306,8066,-546,2,16,수
2022-02-16,5호선,영등포시장,9108,9473,18581,-365,2,16,수
2022-02-16,5호선,영등포구청,3600,3631,7231,-31,2,16,수
2022-02-16,5호선,양평,7280,7276,14556,4,2,16,수
2022-02-16,5호선,오목교(목동운동장앞),20121,21265,41386,-1144,2,16,수
2022-02-16,5호선,목동,15528,16992,32520,-1464,2,16,수
2022-02-16,5호선,신정(은행정),13026,10907,23933,2119,2,16,수
2022-02-16,5호선,까치산,26536,25976,52512,560,2,16,수
2022-02-16,5호선,화곡,26106,24955,51061,1151,2,16,수
2022-02-16,5호선,우장산,12882,13097,25979,-215,2,16,수
2022-02-16,5호선,발산,19371,19255,38626,116,2,16,수
2022-02-16,5호선,마곡,10452,10069,20521,383,2,16,수
2022-02-16,5호선,송정,5947,5709,11656,238,2,16,수
2022-02-16,5호선,김포공항,6697,6553,13250,144,2,16,수
2022-02-16,5호선,개화산,5096,4969,10065,127,2,16,수
2022-02-16,5호선,방화,6001,5836,11837,165,2,16,수
2022-02-16,4호선,쌍문,26410,24856,51266,1554,2,16,수
2022-02-16,4호선,창동,22752,24001,46753,-1249,2,16,수
2022-02-16,4호선,노원,16471,18517,34988,-2046,2,16,수
2022-02-16,4호선,상계,17033,16252,33285,781,2,16,수
2022-02-16,4호선,당고개,11368,10536,21904,832,2,16,수
2022-02-16,4호선,남태령,1012,912,1924,100,2,16,수
2022-02-16,5호선,왕십리(성동구청),4243,4615,8858,-372,2,16,수
2022-02-16,4호선,사당,22322,18015,40337,4307,2,16,수
2022-02-16,4호선,총신대입구(이수),16736,18203,34939,-1467,2,16,수
2022-02-16,6호선,새절(신사),11535,10958,22493,577,2,16,수
2022-02-16,6호선,증산(명지대앞),9219,9386,18605,-167,2,16,수
2022-02-16,6호선,디지털미디어시티,12442,13694,26136,-1252,2,16,수
2022-02-16,6호선,월드컵경기장(성산),3230,3432,6662,-202,2,16,수
2022-02-16,5호선,행당,7470,6984,14454,486,2,16,수
2022-02-16,5호선,신금호,5682,6118,11800,-436,2,16,수
2022-02-16,5호선,청구,3842,3408,7250,434,2,16,수
2022-02-16,5호선,동대문역사문화공원(DDP),2538,2822,5360,-284,2,16,수
2022-02-16,5호선,을지로4가,5695,5313,11008,382,2,16,수
2022-02-16,5호선,종로3가,10884,10376,21260,508,2,16,수
2022-02-16,6호선,마포구청,13104,12187,25291,917,2,16,수
2022-02-16,6호선,망원,12635,13423,26058,-788,2,16,수
2022-02-16,6호선,합정,11775,11237,23012,538,2,16,수
2022-02-16,1호선,서울역,37631,35674,73305,1957,2,16,수
2022-02-16,1호선,동묘앞,5702,6011,11713,-309,2,16,수
2022-02-16,1호선,시청,20616,20948,41564,-332,2,16,수
2022-02-16,1호선,종각,31581,30571,62152,1010,2,16,수
2022-02-16,1호선,종로3가,21177,19675,40852,1502,2,16,수
2022-02-16,1호선,종로5가,19702,19361,39063,341,2,16,수
2022-02-16,1호선,동대문,9149,8620,17769,529,2,16,수
2022-02-16,1호선,신설동,12633,12379,25012,254,2,16,수
2022-02-16,1호선,제기동,13505,13392,26897,113,2,16,수
2022-02-16,1호선,청량리(서울시립대입구),16253,16283,32536,-30,2,16,수
2022-02-16,2호선,시청,22584,21591,44175,993,2,16,수
2022-02-16,2호선,을지로입구,35510,35923,71433,-413,2,16,수
2022-02-16,2호선,을지로3가,20650,20329,40979,321,2,16,수
2022-02-16,2호선,을지로4가,12017,11889,23906,128,2,16,수
2022-02-16,2호선,동대문역사문화공원(DDP),10314,11613,21927,-1299,2,16,수
2022-02-16,2호선,신당,12476,12966,25442,-490,2,16,수
2022-02-16,2호선,상왕십리,13043,12993,26036,50,2,16,수
2022-02-16,2호선,왕십리(성동구청),14530,11896,26426,2634,2,16,수
2022-02-16,2호선,한양대,6642,7046,13688,-404,2,16,수
2022-02-16,2호선,뚝섬,20438,22018,42456,-1580,2,16,수
2022-02-16,2호선,성수,36013,38549,74562,-2536,2,16,수
2022-02-16,2호선,건대입구,30389,32050,62439,-1661,2,16,수
2022-02-16,2호선,구의(광진구청),22271,22113,44384,158,2,16,수
2022-02-16,2호선,강변(동서울터미널),26712,24998,51710,1714,2,16,수
2022-02-16,2호선,잠실나루,13259,12898,26157,361,2,16,수
2022-02-16,2호선,잠실(송파구청),60141,59357,119498,784,2,16,수
2022-02-16,2호선,잠실새내,19875,19737,39612,138,2,16,수
2022-02-16,2호선,종합운동장,6331,6717,13048,-386,2,16,수
2022-02-16,7호선,먹골,9281,9292,18573,-11,2,16,수
2022-02-16,7호선,중화,10091,10046,20137,45,2,16,수
2022-02-16,7호선,상봉(시외버스터미널),15494,14337,29831,1157,2,16,수
2022-02-16,7호선,면목,14114,13966,28080,148,2,16,수
2022-02-16,7호선,사가정,14510,14653,29163,-143,2,16,수
2022-02-16,7호선,용마산(용마폭포공원),5568,5425,10993,143,2,16,수
2022-02-16,7호선,중곡,9931,9624,19555,307,2,16,수
2022-02-16,7호선,군자(능동),14027,11377,25404,2650,2,16,수
2022-02-16,7호선,어린이대공원(세종대),11379,11265,22644,114,2,16,수
2022-02-16,7호선,건대입구,10957,11324,22281,-367,2,16,수
2022-02-16,7호선,뚝섬유원지,6490,6338,12828,152,2,16,수
2022-02-16,7호선,청담,18468,20465,38933,-1997,2,16,수
2022-02-16,7호선,강남구청,15791,17191,32982,-1400,2,16,수
2022-02-16,7호선,학동,23826,24948,48774,-1122,2,16,수
2022-02-16,7호선,논현,19244,20764,40008,-1520,2,16,수
2022-02-16,7호선,반포,5354,5122,10476,232,2,16,수
2022-02-16,7호선,고속터미널,13860,11724,25584,2136,2,16,수
2022-02-16,7호선,내방,13882,14243,28125,-361,2,16,수
2022-02-16,7호선,이수,14646,14121,28767,525,2,16,수
2022-02-16,7호선,남성,10402,9945,20347,457,2,16,수
2022-02-16,7호선,숭실대입구(살피재),10882,11324,22206,-442,2,16,수
2022-02-16,7호선,상도,9683,9590,19273,93,2,16,수
2022-02-16,7호선,장승배기,8361,8270,16631,91,2,16,수
2022-02-16,7호선,신대방삼거리,15514,15056,30570,458,2,16,수
2022-02-16,7호선,보라매,9181,9187,18368,-6,2,16,수
2022-02-16,7호선,신풍,10490,10110,20600,380,2,16,수
2022-02-16,7호선,대림(구로구청),6933,6955,13888,-22,2,16,수
2022-02-16,7호선,남구로,15264,16093,31357,-829,2,16,수
2022-02-16,7호선,가산디지털단지,44801,44509,89310,292,2,16,수
2022-02-16,7호선,철산,18877,19485,38362,-608,2,16,수
2022-02-16,7호선,광명사거리,19910,19645,39555,265,2,16,수
2022-02-16,7호선,천왕,10570,10087,20657,483,2,16,수
2022-02-16,7호선,온수(성공회대입구),9371,8654,18025,717,2,16,수
2022-02-16,7호선,부천종합운동장,1,0,1,1,2,16,수
2022-02-16,7호선,춘의,4,0,4,4,2,16,수
2022-02-16,7호선,부천시청,1,0,1,1,2,16,수
2022-02-16,7호선,상동,2,0,2,2,2,16,수
2022-02-16,중앙선,지평,44,29,73,15,2,16,수
2022-02-16,중앙선,용문,1202,1257,2459,-55,2,16,수
2022-02-16,중앙선,원덕,232,222,454,10,2,16,수
2022-02-16,중앙선,양평,2066,2043,4109,23,2,16,수
2022-02-16,중앙선,오빈,239,239,478,0,2,16,수
2022-02-16,중앙선,아신,394,411,805,-17,2,16,수
2022-02-16,중앙선,국수,474,481,955,-7,2,16,수
2022-02-16,중앙선,신원,126,110,236,16,2,16,수
2022-02-16,중앙선,양수,1351,1360,2711,-9,2,16,수
2022-02-16,중앙선,운길산,456,416,872,40,2,16,수
2022-02-16,중앙선,팔당,617,648,1265,-31,2,16,수
2022-02-16,8호선,암사,17702,15737,33439,1965,2,16,수
2022-02-16,8호선,천호(풍납토성),13651,15312,28963,-1661,2,16,수
2022-02-16,8호선,강동구청,9956,10329,20285,-373,2,16,수
2022-02-16,8호선,몽촌토성(평화의문),5575,5613,11188,-38,2,16,수
2022-02-16,8호선,잠실(송파구청),12749,14660,27409,-1911,2,16,수
2022-02-16,8호선,석촌,7231,8256,15487,-1025,2,16,수
2022-02-16,8호선,송파,6860,7048,13908,-188,2,16,수
2022-02-16,8호선,가락시장,6945,7529,14474,-584,2,16,수
2022-02-16,8호선,문정,21358,22477,43835,-1119,2,16,수
2022-02-16,8호선,장지,16179,15689,31868,490,2,16,수
2022-02-16,8호선,복정,8627,7464,16091,1163,2,16,수
2022-02-16,8호선,산성,4679,4725,9404,-46,2,16,수
2022-02-16,8호선,남한산성입구(성남법원.검찰청),12309,11369,23678,940,2,16,수
2022-02-16,8호선,단대오거리,9596,9512,19108,84,2,16,수
2022-02-16,8호선,신흥,3823,4237,8060,-414,2,16,수
2022-02-16,8호선,수진,4794,4504,9298,290,2,16,수
2022-02-16,8호선,모란,3824,2833,6657,991,2,16,수
2022-02-16,8호선,남위례,3716,3933,7649,-217,2,16,수
2022-02-16,9호선,개화,2363,1645,4008,718,2,16,수
2022-02-16,9호선,김포공항,6830,10988,17818,-4158,2,16,수
2022-02-16,9호선,공항시장,2793,2997,5790,-204,2,16,수
2022-02-16,9호선,신방화,6273,6176,12449,97,2,16,수
2022-02-16,9호선,마곡나루(서울식물원),11151,10968,22119,183,2,16,수
2022-02-16,9호선,양천향교,8916,9258,18174,-342,2,16,수
2022-02-16,9호선,가양,18646,18271,36917,375,2,16,수
2022-02-16,9호선,증미,6972,6993,13965,-21,2,16,수
2022-02-16,9호선,등촌,10503,10610,21113,-107,2,16,수
2022-02-16,9호선,염창,15953,15722,31675,231,2,16,수
2022-02-16,9호선,신목동,3738,3404,7142,334,2,16,수
2022-02-16,9호선,선유도,8287,7874,16161,413,2,16,수
2022-02-16,9호선,당산,16852,17020,33872,-168,2,16,수
2022-02-16,9호선,국회의사당,16694,16626,33320,68,2,16,수
2022-02-16,9호선,여의도,25918,24699,50617,1219,2,16,수
2022-02-16,9호선,샛강,5492,5895,11387,-403,2,16,수
2022-02-16,9호선,노량진,23861,23027,46888,834,2,16,수
2022-02-16,9호선,노들,4004,3523,7527,481,2,16,수
2022-02-16,9호선,흑석(중앙대입구),7236,7642,14878,-406,2,16,수
2022-02-16,9호선,동작(현충원),1749,1431,3180,318,2,16,수
2022-02-16,9호선,구반포,1274,1346,2620,-72,2,16,수
2022-02-16,9호선,신반포,3091,3073,6164,18,2,16,수
2022-02-16,9호선,고속터미널,10268,13200,23468,-2932,2,16,수
2022-02-16,9호선,사평,3176,3236,6412,-60,2,16,수
2022-02-16,9호선,신논현,28748,28491,57239,257,2,16,수
2022-02-16,9호선2~3단계,언주,10497,10561,21058,-64,2,16,수
2022-02-16,9호선2~3단계,선정릉,9112,10180,19292,-1068,2,16,수
2022-02-16,9호선2~3단계,삼성중앙,6379,6808,13187,-429,2,16,수
2022-02-16,9호선2~3단계,봉은사,14949,14929,29878,20,2,16,수
2022-02-16,9호선2~3단계,종합운동장,4095,4005,8100,90,2,16,수
2022-02-16,9호선2~3단계,삼전,6754,6520,13274,234,2,16,수
2022-02-16,9호선2~3단계,석촌고분,5903,5922,11825,-19,2,16,수
2022-02-16,9호선2~3단계,석촌,7853,6963,14816,890,2,16,수
2022-02-16,9호선2~3단계,송파나루,4850,5100,9950,-250,2,16,수
2022-02-16,9호선2~3단계,한성백제,2443,2212,4655,231,2,16,수
2022-02-16,9호선2~3단계,올림픽공원(한국체대),5306,5095,10401,211,2,16,수
2022-02-16,9호선2~3단계,둔촌오륜,969,923,1892,46,2,16,수
2022-02-16,9호선2~3단계,중앙보훈병원,10231,8925,19156,1306,2,16,수
2022-02-16,경강선,판교,4393,4276,8669,117,2,16,수
2022-02-16,경강선,이매,1000,816,1816,184,2,16,수
2022-02-16,경강선,삼동,2162,2081,4243,81,2,16,수
2022-02-16,경강선,경기광주,6757,6594,13351,163,2,16,수
2022-02-16,경강선,초월,2771,2735,5506,36,2,16,수
2022-02-16,경강선,곤지암,1886,1887,3773,-1,2,16,수
2022-02-16,경강선,신둔도예촌,1121,1099,2220,22,2,16,수
2022-02-16,경강선,이천,2187,2241,4428,-54,2,16,수
2022-02-16,경강선,부발,1688,1638,3326,50,2,16,수
2022-02-16,경강선,세종대왕릉,241,228,469,13,2,16,수
2022-02-16,경강선,여주,1610,1614,3224,-4,2,16,수
2022-02-16,경부선,서울역,4984,1709,6693,3275,2,16,수
2022-02-16,경부선,남영,7975,8364,16339,-389,2,16,수
2022-02-16,경부선,용산,28318,28340,56658,-22,2,16,수
2022-02-16,경부선,노량진,6878,7097,13975,-219,2,16,수
2022-02-16,경부선,대방,11655,12292,23947,-637,2,16,수
2022-02-16,경부선,영등포,32171,32691,64862,-520,2,16,수
2022-02-16,경부선,신도림,3716,3527,7243,189,2,16,수
2022-02-16,경부선,신길,8226,7053,15279,1173,2,16,수
2022-02-16,경부선,구로,17253,17534,34787,-281,2,16,수
2022-02-16,경부선,가산디지털단지,17053,19859,36912,-2806,2,16,수
2022-02-16,경부선,금천구청,10704,10751,21455,-47,2,16,수
2022-02-16,경부선,석수,8590,7799,16389,791,2,16,수
2022-02-16,경부선,관악,6352,5997,12349,355,2,16,수
2022-02-16,경부선,안양,19311,19359,38670,-48,2,16,수
2022-02-16,경부선,명학,8348,8144,16492,204,2,16,수
2022-02-16,경부선,금정,24249,24511,48760,-262,2,16,수
2022-02-16,경부선,군포,7241,7270,14511,-29,2,16,수
2022-02-16,경부선,의왕,8207,8221,16428,-14,2,16,수
2022-02-16,경부선,성균관대,12440,12365,24805,75,2,16,수
2022-02-16,경부선,화서,6928,6721,13649,207,2,16,수
2022-02-16,경부선,수원,27879,29257,57136,-1378,2,16,수
2022-02-16,경부선,독산,17552,18365,35917,-813,2,16,수
2022-02-16,경부선,세류,2561,2320,4881,241,2,16,수
2022-02-16,경부선,병점,11935,12019,23954,-84,2,16,수
2022-02-16,경부선,세마,2384,2279,4663,105,2,16,수
2022-02-16,경부선,오산대,2810,2634,5444,176,2,16,수
2022-02-16,경부선,오산,7986,8032,16018,-46,2,16,수
2022-02-16,경부선,진위,1484,1270,2754,214,2,16,수
2022-02-16,경부선,송탄,3435,3388,6823,47,2,16,수
2022-02-16,경부선,서정리,5564,5244,10808,320,2,16,수
2022-02-16,경부선,평택지제,2880,2756,5636,124,2,16,수
2022-02-16,우이신설선,보문,1360,1365,2725,-5,2,16,수
2022-02-16,우이신설선,신설동,1965,1913,3878,52,2,16,수
2022-02-16,일산선,원흥,9321,9028,18349,293,2,16,수
2022-02-16,일산선,삼송,17299,17145,34444,154,2,16,수
2022-02-16,일산선,원당,9821,9353,19174,468,2,16,수
2022-02-16,중앙선,도심,2043,1632,3675,411,2,16,수
2022-02-16,경부선,평택,9120,8944,18064,176,2,16,수
2022-02-16,경부선,성환,2574,2656,5230,-82,2,16,수
2022-02-16,경부선,직산,676,676,1352,0,2,16,수
2022-02-16,경부선,두정,4588,4522,9110,66,2,16,수
2022-02-16,경부선,천안,3931,4218,8149,-287,2,16,수
2022-02-16,경부선,당정,5485,5213,10698,272,2,16,수
2022-02-16,경부선,서동탄,1210,1066,2276,144,2,16,수
2022-02-16,경부선,광명,2912,2488,5400,424,2,16,수
2022-02-16,경원선,이촌(국립중앙박물관),3232,2592,5824,640,2,16,수
2022-02-16,경원선,서빙고,1798,1713,3511,85,2,16,수
2022-02-16,경원선,한남,3616,3404,7020,212,2,16,수
2022-02-16,경원선,옥수,36,28,64,8,2,16,수
2022-02-16,경원선,응봉,1646,1373,3019,273,2,16,수
2022-02-16,경원선,왕십리(성동구청),12371,13837,26208,-1466,2,16,수
2022-02-16,경원선,청량리(서울시립대입구),12320,12725,25045,-405,2,16,수
2022-02-16,경원선,외대앞,6367,6600,12967,-233,2,16,수
2022-02-16,경원선,신이문,7478,7041,14519,437,2,16,수
2022-02-16,경원선,석계,6965,7967,14932,-1002,2,16,수
2022-02-16,경원선,광운대,6576,6265,12841,311,2,16,수
2022-02-16,경원선,월계,5661,5493,11154,168,2,16,수
2022-02-16,경원선,녹천,4199,3598,7797,601,2,16,수
2022-02-16,경원선,창동,1,0,1,1,2,16,수
2022-02-16,경원선,방학,8573,8459,17032,114,2,16,수
2022-02-16,경원선,도봉,5439,5326,10765,113,2,16,수
2022-02-16,경원선,도봉산,5985,3661,9646,2324,2,16,수
2022-02-16,경원선,망월사,6524,6707,13231,-183,2,16,수
2022-02-16,경원선,회룡,11107,11009,22116,98,2,16,수
2022-02-16,경원선,의정부,15896,16016,31912,-120,2,16,수
2022-02-16,경원선,가능,5685,5649,11334,36,2,16,수
2022-02-16,경원선,녹양,4051,3815,7866,236,2,16,수
2022-02-16,경원선,양주,6503,6234,12737,269,2,16,수
2022-02-16,경원선,덕계,2617,2386,5003,231,2,16,수
2022-02-16,경원선,덕정,4538,4456,8994,82,2,16,수
2022-02-16,경원선,지행,5330,5205,10535,125,2,16,수
2022-02-16,경원선,동두천중앙,2465,2405,4870,60,2,16,수
2022-02-16,경원선,보산,1199,1130,2329,69,2,16,수
2022-02-16,경원선,동두천,1641,1829,3470,-188,2,16,수
2022-02-16,경원선,소요산,1681,1437,3118,244,2,16,수
2022-02-16,경의선,서울역,3769,4778,8547,-1009,2,16,수
2022-02-16,경의선,신촌,705,906,1611,-201,2,16,수
2022-02-16,경의선,효창공원앞,2652,3111,5763,-459,2,16,수
2022-02-16,경의선,공덕,3304,2755,6059,549,2,16,수
2022-02-16,경의선,서강대,1788,1812,3600,-24,2,16,수
2022-02-16,경의선,홍대입구,1377,1526,2903,-149,2,16,수
2022-02-16,경의선,가좌,4679,4618,9297,61,2,16,수
2022-02-16,경의선,디지털미디어시티,2149,2003,4152,146,2,16,수
2022-02-16,경의선,수색,2600,2732,5332,-132,2,16,수
2022-02-16,경의선,화전,1399,1320,2719,79,2,16,수
2022-02-16,경의선,강매,2853,2508,5361,345,2,16,수
2022-02-16,경의선,행신,7025,7148,14173,-123,2,16,수
2022-02-16,경의선,능곡,3358,3119,6477,239,2,16,수
2022-02-16,경의선,곡산,529,521,1050,8,2,16,수
2022-02-16,중앙선,덕소,4772,4756,9528,16,2,16,수
2022-02-16,경의선,백마,6125,5894,12019,231,2,16,수
2022-02-16,경의선,풍산,4864,4500,9364,364,2,16,수
2022-02-16,경의선,일산,8048,8134,16182,-86,2,16,수
2022-02-16,경의선,탄현,6855,6717,13572,138,2,16,수
2022-02-16,경의선,야당,6511,6365,12876,146,2,16,수
2022-02-16,경의선,운정,6091,5730,11821,361,2,16,수
2022-02-16,경의선,금릉,4100,3920,8020,180,2,16,수
2022-02-16,경의선,금촌,5628,5659,11287,-31,2,16,수
2022-02-16,경의선,월롱,2178,1952,4130,226,2,16,수
2022-02-16,경의선,파주,834,619,1453,215,2,16,수
2022-02-16,경의선,문산,4175,4132,8307,43,2,16,수
2022-02-16,경의선,임진강,5,1,6,4,2,16,수
2022-02-16,경인선,개봉,19258,19569,38827,-311,2,16,수
2022-02-16,경인선,오류동,10547,10029,20576,518,2,16,수
2022-02-16,경인선,역곡,23853,23914,47767,-61,2,16,수
2022-02-16,경인선,부천,28199,28273,56472,-74,2,16,수
2022-02-16,경인선,송내,24078,23924,48002,154,2,16,수
2022-02-16,경인선,부평,25399,26569,51968,-1170,2,16,수
2022-02-16,경인선,백운,5891,5916,11807,-25,2,16,수
2022-02-16,경인선,동암,12613,12804,25417,-191,2,16,수
2022-02-16,경인선,주안,16201,14612,30813,1589,2,16,수
2022-02-16,경인선,제물포,8926,8613,17539,313,2,16,수
2022-02-16,경인선,동인천,11958,11333,23291,625,2,16,수
2022-02-16,경인선,인천,2625,2027,4652,598,2,16,수
2022-02-16,경인선,구일,5379,5431,10810,-52,2,16,수
2022-02-16,경인선,소사,7503,7216,14719,287,2,16,수
2022-02-16,경인선,부개,7461,7171,14632,290,2,16,수
2022-02-16,경인선,간석,5080,4885,9965,195,2,16,수
2022-02-16,경인선,도원,2089,2148,4237,-59,2,16,수
2022-02-16,중앙선,양정,619,566,1185,53,2,16,수
2022-02-16,중앙선,도농,9219,8469,17688,750,2,16,수
2022-02-16,중앙선,구리,11843,11891,23734,-48,2,16,수
2022-02-16,중앙선,양원,1935,1925,3860,10,2,16,수
2022-02-16,중앙선,망우,6719,6707,13426,12,2,16,수
2022-02-16,중앙선,상봉(시외버스터미널),5133,5105,10238,28,2,16,수
2022-02-16,중앙선,중랑,4917,4760,9677,157,2,16,수
2022-02-16,중앙선,회기,22126,21716,43842,410,2,16,수
2022-02-16,장항선,신창(순천향대),859,927,1786,-68,2,16,수
2022-02-16,장항선,온양온천,2848,3037,5885,-189,2,16,수
2022-02-16,장항선,배방,947,880,1827,67,2,16,수
2022-02-16,장항선,탕정,576,481,1057,95,2,16,수
2022-02-16,장항선,아산,2690,2394,5084,296,2,16,수
2022-02-16,경인선,온수(성공회대입구),5584,5499,11083,85,2,16,수
2022-02-16,경인선,중동,8387,8018,16405,369,2,16,수
2022-02-16,경인선,도화,3637,3403,7040,234,2,16,수
2022-02-16,경춘선,신내,1837,1753,3590,84,2,16,수
2022-02-16,경춘선,갈매,2619,2316,4935,303,2,16,수
2022-02-16,경춘선,별내,2997,2828,5825,169,2,16,수
2022-02-16,경춘선,퇴계원,3147,2982,6129,165,2,16,수
2022-02-16,경춘선,사릉,2845,2715,5560,130,2,16,수
2022-02-16,경춘선,금곡,1309,1212,2521,97,2,16,수
2022-02-16,경춘선,평내호평,5266,5162,10428,104,2,16,수
2022-02-16,경춘선,천마산,1478,1385,2863,93,2,16,수
2022-02-16,경춘선,마석,3143,3127,6270,16,2,16,수
2022-02-16,경춘선,대성리,376,327,703,49,2,16,수
2022-02-16,장항선,쌍용(나사렛대),1823,1584,3407,239,2,16,수
2022-02-16,장항선,봉명,1179,1152,2331,27,2,16,수
2022-02-16,일산선,대화,11226,9220,20446,2006,2,16,수
2022-02-16,일산선,주엽,7992,8107,16099,-115,2,16,수
2022-02-16,일산선,정발산,6472,6309,12781,163,2,16,수
2022-02-16,일산선,마두,6780,6931,13711,-151,2,16,수
2022-02-16,일산선,백석,8697,8902,17599,-205,2,16,수
2022-02-16,일산선,대곡,1804,1462,3266,342,2,16,수
2022-02-16,일산선,화정,15157,15736,30893,-579,2,16,수
2022-02-16,경춘선,청평,1315,1222,2537,93,2,16,수
2022-02-16,경춘선,상천,152,125,277,27,2,16,수
2022-02-16,경춘선,가평,1397,1318,2715,79,2,16,수
2022-02-16,경춘선,굴봉산,118,135,253,-17,2,16,수
2022-02-16,경춘선,백양리,291,269,560,22,2,16,수
2022-02-16,경춘선,강촌,302,288,590,14,2,16,수
2022-02-16,경춘선,김유정,229,221,450,8,2,16,수
2022-02-16,경춘선,남춘천,1730,1725,3455,5,2,16,수
2022-02-16,경춘선,춘천,872,837,1709,35,2,16,수
2022-02-16,공항철도 1호선,서울역,6423,5892,12315,531,2,16,수
2022-02-16,공항철도 1호선,공덕,2081,2683,4764,-602,2,16,수
2022-02-16,공항철도 1호선,홍대입구,8247,8264,16511,-17,2,16,수
2022-02-16,공항철도 1호선,디지털미디어시티,13219,11921,25140,1298,2,16,수
2022-02-16,공항철도 1호선,마곡나루(서울식물원),8042,7718,15760,324,2,16,수
2022-02-16,공항철도 1호선,김포공항,10903,6093,16996,4810,2,16,수
2022-02-16,공항철도 1호선,계양,9284,8751,18035,533,2,16,수
2022-02-16,공항철도 1호선,검암,6090,5873,11963,217,2,16,수
2022-02-16,공항철도 1호선,청라국제도시,6228,5836,12064,392,2,16,수
2022-02-16,공항철도 1호선,운서,5977,5949,11926,28,2,16,수
2022-02-16,공항철도 1호선,공항화물청사,2232,2401,4633,-169,2,16,수
2022-02-16,공항철도 1호선,인천공항1터미널,3158,3448,6606,-290,2,16,수
2022-02-16,공항철도 1호선,인천공항2터미널,1843,1781,3624,62,2,16,수
2022-02-16,공항철도 1호선,영종,2546,2584,5130,-38,2,16,수
2022-02-16,과천선,선바위,7433,6462,13895,971,2,16,수
2022-02-16,과천선,경마공원,1315,1351,2666,-36,2,16,수
2022-02-16,과천선,대공원,2052,2145,4197,-93,2,16,수
2022-02-16,과천선,과천,5759,5627,11386,132,2,16,수
2022-02-16,과천선,정부과천청사,9779,9719,19498,60,2,16,수
2022-02-16,과천선,인덕원,21940,23285,45225,-1345,2,16,수
2022-02-16,과천선,평촌,16792,16573,33365,219,2,16,수
2022-02-16,과천선,범계,23317,23057,46374,260,2,16,수
2022-02-16,분당선,선릉,12944,19116,32060,-6172,2,16,수
2022-02-16,분당선,한티,13832,14759,28591,-927,2,16,수
2022-02-16,분당선,도곡,6212,6224,12436,-12,2,16,수
2022-02-16,분당선,구룡,1764,1648,3412,116,2,16,수
2022-02-16,분당선,개포동,3405,3597,7002,-192,2,16,수
2022-02-16,분당선,대모산입구,4090,3900,7990,190,2,16,수
2022-02-16,분당선,수서,12263,12415,24678,-152,2,16,수
2022-02-16,분당선,수원,7048,5666,12714,1382,2,16,수
2022-02-16,분당선,서울숲,9288,9408,18696,-120,2,16,수
2022-02-16,분당선,압구정로데오,17695,18886,36581,-1191,2,16,수
2022-02-16,분당선,강남구청,9788,11226,21014,-1438,2,16,수
2022-02-16,분당선,선정릉,7932,8371,16303,-439,2,16,수
2022-02-16,분당선,가천대,5942,6897,12839,-955,2,16,수
2022-02-16,분당선,태평,12455,12051,24506,404,2,16,수
2022-02-16,분당선,모란,17719,17898,35617,-179,2,16,수
2022-02-16,분당선,야탑,24290,25019,49309,-729,2,16,수
2022-02-16,분당선,서현,22759,22809,45568,-50,2,16,수
2022-02-16,분당선,수내,12569,12507,25076,62,2,16,수
2022-02-16,분당선,정자,15951,16760,32711,-809,2,16,수
2022-02-16,분당선,미금,14281,15236,29517,-955,2,16,수
2022-02-16,분당선,오리,10908,9039,19947,1869,2,16,수
2022-02-16,분당선,이매,5090,5005,10095,85,2,16,수
2022-02-16,분당선,보정,2155,1863,4018,292,2,16,수
2022-02-16,분당선,죽전,11775,13113,24888,-1338,2,16,수
2022-02-16,분당선,구성,4492,4797,9289,-305,2,16,수
2022-02-16,분당선,신갈,4058,4024,8082,34,2,16,수
2022-02-16,분당선,기흥,8719,8267,16986,452,2,16,수
2022-02-16,분당선,상갈,4800,4590,9390,210,2,16,수
2022-02-16,분당선,청명,3725,3743,7468,-18,2,16,수
2022-02-16,분당선,영통,7320,7375,14695,-55,2,16,수
2022-02-16,분당선,망포,12998,12483,25481,515,2,16,수
2022-02-16,분당선,매교,2443,2500,4943,-57,2,16,수
2022-02-16,수인선,고색,4318,4045,8363,273,2,16,수
2022-02-16,수인선,오목천,2373,2328,4701,45,2,16,수
2022-02-16,수인선,어천,549,554,1103,-5,2,16,수
2022-02-16,수인선,야목,306,219,525,87,2,16,수
2022-02-16,수인선,사리,3960,3588,7548,372,2,16,수
2022-02-16,수인선,달월,85,50,135,35,2,16,수
2022-02-16,수인선,월곶,2346,2174,4520,172,2,16,수
2022-02-16,수인선,소래포구,3789,3440,7229,349,2,16,수
2022-02-16,수인선,인천논현,4798,5162,9960,-364,2,16,수
2022-02-16,수인선,호구포,3736,3904,7640,-168,2,16,수
2022-02-16,수인선,남동인더스파크,2207,2484,4691,-277,2,16,수
2022-02-16,수인선,원인재,3944,4058,8002,-114,2,16,수
2022-02-16,수인선,연수,3759,3759,7518,0,2,16,수
2022-02-16,수인선,송도,2129,1927,4056,202,2,16,수
2022-02-16,수인선,인하대,4830,4538,9368,292,2,16,수
2022-02-16,수인선,숭의,3528,3313,6841,215,2,16,수
2022-02-16,수인선,신포,1431,1399,2830,32,2,16,수
2022-02-16,수인선,인천,861,1333,2194,-472,2,16,수
2022-02-16,안산선,산본,14102,15145,29247,-1043,2,16,수
2022-02-16,안산선,대야미,4327,3906,8233,421,2,16,수
2022-02-16,안산선,반월,3722,3529,7251,193,2,16,수
2022-02-16,안산선,상록수,13606,14062,27668,-456,2,16,수
2022-02-16,안산선,한대앞,7589,7698,15287,-109,2,16,수
2022-02-16,안산선,중앙,15224,15777,31001,-553,2,16,수
2022-02-16,안산선,고잔,7900,7491,15391,409,2,16,수
2022-02-16,안산선,초지,4056,4204,8260,-148,2,16,수
2022-02-16,안산선,안산,10248,9281,19529,967,2,16,수
2022-02-16,안산선,신길온천,1447,1365,2812,82,2,16,수
2022-02-16,안산선,정왕,6688,7177,13865,-489,2,16,수
2022-02-16,안산선,오이도,7088,6846,13934,242,2,16,수
2022-02-16,안산선,수리산,3729,3070,6799,659,2,16,수
2022-02-16,우이신설선,북한산우이,2218,1963,4181,255,2,16,수
2022-02-16,우이신설선,솔밭공원,2211,2238,4449,-27,2,16,수
2022-02-16,우이신설선,4.19민주묘지,2408,2345,4753,63,2,16,수
2022-02-16,우이신설선,가오리,3737,3817,7554,-80,2,16,수
2022-02-16,우이신설선,화계,3204,3047,6251,157,2,16,수
2022-02-16,우이신설선,삼양,1840,2013,3853,-173,2,16,수
2022-02-17,3호선,연신내,32487,30891,63378,1596,2,17,목
2022-02-17,공항철도 1호선,운서,5950,5961,11911,-11,2,17,목
2022-02-17,공항철도 1호선,청라국제도시,6129,5791,11920,338,2,17,목
2022-02-17,공항철도 1호선,검암,5907,5849,11756,58,2,17,목
2022-02-17,공항철도 1호선,계양,9164,8661,17825,503,2,17,목
2022-02-17,공항철도 1호선,김포공항,11914,6137,18051,5777,2,17,목
2022-02-17,공항철도 1호선,마곡나루(서울식물원),8000,7603,15603,397,2,17,목
2022-02-17,공항철도 1호선,디지털미디어시티,13077,11673,24750,1404,2,17,목
2022-02-17,공항철도 1호선,홍대입구,8724,8710,17434,14,2,17,목
2022-02-17,공항철도 1호선,공덕,2149,2680,4829,-531,2,17,목
2022-02-17,공항철도 1호선,서울역,6530,6052,12582,478,2,17,목
2022-02-17,경춘선,춘천,922,828,1750,94,2,17,목
2022-02-17,경춘선,남춘천,2103,2058,4161,45,2,17,목
2022-02-17,경춘선,김유정,181,196,377,-15,2,17,목
2022-02-17,경춘선,강촌,257,263,520,-6,2,17,목
2022-02-17,경춘선,백양리,285,268,553,17,2,17,목
2022-02-17,경춘선,굴봉산,113,129,242,-16,2,17,목
2022-02-17,경춘선,가평,1315,1378,2693,-63,2,17,목
2022-02-17,경춘선,상천,163,165,328,-2,2,17,목
2022-02-17,경춘선,청평,1262,1188,2450,74,2,17,목
2022-02-17,경춘선,대성리,381,381,762,0,2,17,목
2022-02-17,경춘선,마석,3069,3156,6225,-87,2,17,목
2022-02-17,경춘선,천마산,1414,1349,2763,65,2,17,목
2022-02-17,경춘선,평내호평,5363,5193,10556,170,2,17,목
2022-02-17,경춘선,금곡,1307,1211,2518,96,2,17,목
2022-02-17,경춘선,사릉,2838,2771,5609,67,2,17,목
2022-02-17,경춘선,퇴계원,3134,2999,6133,135,2,17,목
2022-02-17,경춘선,별내,2973,2885,5858,88,2,17,목
2022-02-17,경춘선,갈매,2678,2364,5042,314,2,17,목
2022-02-17,경춘선,신내,1894,1723,3617,171,2,17,목
2022-02-17,경인선,도화,3568,3347,6915,221,2,17,목
2022-02-17,경인선,중동,8293,7873,16166,420,2,17,목
2022-02-17,경인선,온수(성공회대입구),5592,5494,11086,98,2,17,목
2022-02-17,경인선,도원,2056,2108,4164,-52,2,17,목
2022-02-17,경인선,간석,5036,4806,9842,230,2,17,목
2022-02-17,경인선,부개,7538,7118,14656,420,2,17,목
2022-02-17,경인선,소사,7465,7380,14845,85,2,17,목
2022-02-17,경인선,구일,5361,5431,10792,-70,2,17,목
2022-02-17,경인선,인천,2602,1983,4585,619,2,17,목
2022-02-17,경인선,동인천,11840,11376,23216,464,2,17,목
2022-02-17,경인선,제물포,8917,8445,17362,472,2,17,목
2022-02-17,경인선,주안,15953,14476,30429,1477,2,17,목
2022-02-17,경인선,동암,12650,12723,25373,-73,2,17,목
2022-02-17,경인선,백운,5884,5902,11786,-18,2,17,목
2022-02-17,경인선,부평,25453,26825,52278,-1372,2,17,목
2022-02-17,경인선,송내,23686,23515,47201,171,2,17,목
2022-02-17,경인선,부천,28066,28048,56114,18,2,17,목
2022-02-17,경인선,역곡,24514,24706,49220,-192,2,17,목
2022-02-17,경인선,오류동,10510,9998,20508,512,2,17,목
2022-02-17,경인선,개봉,18850,18985,37835,-135,2,17,목
2022-02-17,경의선,임진강,6,4,10,2,2,17,목
2022-02-17,경의선,문산,4219,4210,8429,9,2,17,목
2022-02-17,경의선,파주,841,614,1455,227,2,17,목
2022-02-17,경의선,월롱,2138,1992,4130,146,2,17,목
2022-02-17,경의선,금촌,5444,5475,10919,-31,2,17,목
2022-02-17,경의선,금릉,4182,4028,8210,154,2,17,목
2022-02-17,경의선,운정,6058,5590,11648,468,2,17,목
2022-02-17,경의선,야당,6458,6371,12829,87,2,17,목
2022-02-17,경의선,탄현,6889,6766,13655,123,2,17,목
2022-02-17,경의선,일산,8138,8061,16199,77,2,17,목
2022-02-17,경의선,풍산,4962,4627,9589,335,2,17,목
2022-02-17,경의선,백마,6297,6030,12327,267,2,17,목
2022-02-17,경의선,곡산,545,580,1125,-35,2,17,목
2022-02-17,경의선,능곡,3297,3065,6362,232,2,17,목
2022-02-17,경의선,행신,6985,7149,14134,-164,2,17,목
2022-02-17,경의선,강매,2896,2539,5435,357,2,17,목
2022-02-17,경의선,화전,1412,1341,2753,71,2,17,목
2022-02-17,경의선,수색,2528,2613,5141,-85,2,17,목
2022-02-17,경의선,디지털미디어시티,2236,2021,4257,215,2,17,목
2022-02-17,경의선,가좌,4623,4534,9157,89,2,17,목
2022-02-17,경의선,홍대입구,1452,1683,3135,-231,2,17,목
2022-02-17,경의선,서강대,1842,1802,3644,40,2,17,목
2022-02-17,경의선,공덕,3334,2792,6126,542,2,17,목
2022-02-17,경의선,효창공원앞,2731,3157,5888,-426,2,17,목
2022-02-17,경의선,신촌,737,895,1632,-158,2,17,목
2022-02-17,경의선,서울역,3897,4697,8594,-800,2,17,목
2022-02-17,경원선,소요산,1726,1483,3209,243,2,17,목
2022-02-17,경원선,동두천,1778,1884,3662,-106,2,17,목
2022-02-17,경원선,보산,1409,1180,2589,229,2,17,목
2022-02-17,경원선,동두천중앙,2491,2406,4897,85,2,17,목
2022-02-17,경원선,지행,5409,5427,10836,-18,2,17,목
2022-02-17,경원선,덕정,4658,4586,9244,72,2,17,목
2022-02-17,경원선,덕계,2639,2391,5030,248,2,17,목
2022-02-17,경원선,양주,6591,6180,12771,411,2,17,목
2022-02-17,경원선,녹양,4070,3888,7958,182,2,17,목
2022-02-17,경원선,가능,5712,5555,11267,157,2,17,목
2022-02-17,경원선,의정부,16278,16615,32893,-337,2,17,목
2022-02-17,경원선,회룡,10959,10903,21862,56,2,17,목
2022-02-17,경원선,망월사,6815,7109,13924,-294,2,17,목
2022-02-17,경원선,도봉산,6017,3668,9685,2349,2,17,목
2022-02-17,경원선,도봉,5407,5207,10614,200,2,17,목
2022-02-17,경원선,방학,8625,8519,17144,106,2,17,목
2022-02-17,경원선,녹천,4137,3522,7659,615,2,17,목
2022-02-17,경원선,월계,5703,5461,11164,242,2,17,목
2022-02-17,경원선,광운대,6583,6399,12982,184,2,17,목
2022-02-17,경원선,석계,7054,8038,15092,-984,2,17,목
2022-02-17,경원선,신이문,7378,7135,14513,243,2,17,목
2022-02-17,경원선,외대앞,6335,6502,12837,-167,2,17,목
2022-02-17,경원선,청량리(서울시립대입구),12354,12565,24919,-211,2,17,목
2022-02-17,경원선,왕십리(성동구청),12758,14165,26923,-1407,2,17,목
2022-02-17,경원선,응봉,1593,1376,2969,217,2,17,목
2022-02-17,경원선,옥수,35,28,63,7,2,17,목
2022-02-17,경원선,한남,3628,3442,7070,186,2,17,목
2022-02-17,경원선,서빙고,1711,1681,3392,30,2,17,목
2022-02-17,경원선,이촌(국립중앙박물관),3136,2419,5555,717,2,17,목
2022-02-17,경부선,광명,2918,2631,5549,287,2,17,목
2022-02-17,경부선,서동탄,1237,1053,2290,184,2,17,목
2022-02-17,경부선,당정,5669,5307,10976,362,2,17,목
2022-02-17,경부선,천안,3865,4170,8035,-305,2,17,목
2022-02-17,경부선,두정,4195,4174,8369,21,2,17,목
2022-02-17,경부선,직산,652,639,1291,13,2,17,목
2022-02-17,경부선,성환,2458,2500,4958,-42,2,17,목
2022-02-17,경부선,평택,9534,9144,18678,390,2,17,목
2022-02-17,경부선,평택지제,2856,2799,5655,57,2,17,목
2022-02-17,경부선,서정리,5665,5224,10889,441,2,17,목
2022-02-17,경부선,송탄,3510,3468,6978,42,2,17,목
2022-02-17,경부선,진위,1397,1203,2600,194,2,17,목
2022-02-17,경부선,오산,7954,7874,15828,80,2,17,목
2022-02-17,경부선,오산대,2750,2519,5269,231,2,17,목
2022-02-17,경부선,세마,2356,2239,4595,117,2,17,목
2022-02-17,경부선,병점,12017,12003,24020,14,2,17,목
2022-02-17,경부선,세류,2542,2442,4984,100,2,17,목
2022-02-17,경부선,독산,17297,18113,35410,-816,2,17,목
2022-02-17,경부선,수원,28187,29569,57756,-1382,2,17,목
2022-02-17,경부선,화서,6907,6733,13640,174,2,17,목
2022-02-17,경부선,성균관대,12253,12326,24579,-73,2,17,목
2022-02-17,경부선,의왕,8174,8219,16393,-45,2,17,목
2022-02-17,경부선,군포,7177,7219,14396,-42,2,17,목
2022-02-17,경부선,금정,23707,24259,47966,-552,2,17,목
2022-02-17,경부선,명학,8422,8270,16692,152,2,17,목
2022-02-17,경부선,안양,18813,18654,37467,159,2,17,목
2022-02-17,경부선,관악,6272,5908,12180,364,2,17,목
2022-02-17,경부선,석수,8644,7746,16390,898,2,17,목
2022-02-17,경부선,금천구청,10660,10594,21254,66,2,17,목
2022-02-17,경부선,가산디지털단지,16651,19490,36141,-2839,2,17,목
2022-02-17,경부선,구로,16962,17180,34142,-218,2,17,목
2022-02-17,경부선,신길,7978,6727,14705,1251,2,17,목
2022-02-17,경부선,신도림,3642,3448,7090,194,2,17,목
2022-02-17,경부선,영등포,32383,32734,65117,-351,2,17,목
2022-02-17,경부선,대방,11714,12040,23754,-326,2,17,목
2022-02-17,경부선,노량진,6740,7004,13744,-264,2,17,목
2022-02-17,경부선,용산,29103,28794,57897,309,2,17,목
2022-02-17,경부선,남영,7958,8440,16398,-482,2,17,목
2022-02-17,경부선,서울역,5220,1814,7034,3406,2,17,목
2022-02-17,경강선,여주,1639,1659,3298,-20,2,17,목
2022-02-17,경강선,세종대왕릉,264,247,511,17,2,17,목
2022-02-17,경강선,부발,1772,1666,3438,106,2,17,목
2022-02-17,경강선,이천,2303,2366,4669,-63,2,17,목
2022-02-17,경강선,신둔도예촌,1168,1110,2278,58,2,17,목
2022-02-17,경강선,곤지암,1944,1896,3840,48,2,17,목
2022-02-17,경강선,초월,2729,2642,5371,87,2,17,목
2022-02-17,경강선,경기광주,6845,6473,13318,372,2,17,목
2022-02-17,경강선,삼동,2160,2087,4247,73,2,17,목
2022-02-17,경강선,이매,1003,825,1828,178,2,17,목
2022-02-17,경강선,판교,4342,4293,8635,49,2,17,목
2022-02-17,9호선2~3단계,중앙보훈병원,10236,9008,19244,1228,2,17,목
2022-02-17,9호선2~3단계,둔촌오륜,910,865,1775,45,2,17,목
2022-02-17,9호선2~3단계,올림픽공원(한국체대),5065,4955,10020,110,2,17,목
2022-02-17,9호선2~3단계,한성백제,2380,2196,4576,184,2,17,목
2022-02-17,9호선2~3단계,송파나루,4786,5024,9810,-238,2,17,목
2022-02-17,9호선2~3단계,석촌,7724,6919,14643,805,2,17,목
2022-02-17,9호선2~3단계,석촌고분,5833,5714,11547,119,2,17,목
2022-02-17,9호선2~3단계,삼전,6631,6410,13041,221,2,17,목
2022-02-17,9호선2~3단계,종합운동장,3894,3953,7847,-59,2,17,목
2022-02-17,분당선,수내,12229,12186,24415,43,2,17,목
2022-02-17,9호선2~3단계,봉은사,15749,16153,31902,-404,2,17,목
2022-02-17,9호선2~3단계,삼성중앙,6470,6854,13324,-384,2,17,목
2022-02-17,9호선2~3단계,선정릉,9128,9789,18917,-661,2,17,목
2022-02-17,9호선2~3단계,언주,10111,10552,20663,-441,2,17,목
2022-02-17,9호선,신논현,28990,28622,57612,368,2,17,목
2022-02-17,9호선,사평,3211,3124,6335,87,2,17,목
2022-02-17,9호선,고속터미널,10698,14111,24809,-3413,2,17,목
2022-02-17,9호선,신반포,2966,2905,5871,61,2,17,목
2022-02-17,9호선,구반포,1193,1300,2493,-107,2,17,목
2022-02-17,9호선,동작(현충원),1744,1421,3165,323,2,17,목
2022-02-17,9호선,흑석(중앙대입구),7066,7296,14362,-230,2,17,목
2022-02-17,9호선,노들,4019,3484,7503,535,2,17,목
2022-02-17,9호선,노량진,23382,22434,45816,948,2,17,목
2022-02-17,9호선,샛강,5444,5695,11139,-251,2,17,목
2022-02-17,9호선,여의도,25060,24022,49082,1038,2,17,목
2022-02-17,9호선,국회의사당,15670,15980,31650,-310,2,17,목
2022-02-17,9호선,당산,16623,16581,33204,42,2,17,목
2022-02-17,9호선,선유도,8072,7755,15827,317,2,17,목
2022-02-17,9호선,신목동,3691,3316,7007,375,2,17,목
2022-02-17,9호선,염창,15760,15314,31074,446,2,17,목
2022-02-17,9호선,등촌,10444,10343,20787,101,2,17,목
2022-02-17,9호선,증미,6784,6756,13540,28,2,17,목
2022-02-17,9호선,가양,18525,18207,36732,318,2,17,목
2022-02-17,9호선,양천향교,8837,9174,18011,-337,2,17,목
2022-02-17,9호선,마곡나루(서울식물원),11122,10842,21964,280,2,17,목
2022-02-17,9호선,신방화,6207,6126,12333,81,2,17,목
2022-02-17,9호선,공항시장,2799,3048,5847,-249,2,17,목
2022-02-17,9호선,김포공항,6785,11048,17833,-4263,2,17,목
2022-02-17,9호선,개화,2331,1599,3930,732,2,17,목
2022-02-17,8호선,남위례,3704,3943,7647,-239,2,17,목
2022-02-17,8호선,모란,3717,2895,6612,822,2,17,목
2022-02-17,8호선,수진,4911,4567,9478,344,2,17,목
2022-02-17,8호선,신흥,3905,4246,8151,-341,2,17,목
2022-02-17,8호선,단대오거리,9477,9278,18755,199,2,17,목
2022-02-17,8호선,남한산성입구(성남법원.검찰청),12485,11629,24114,856,2,17,목
2022-02-17,8호선,산성,4584,4572,9156,12,2,17,목
2022-02-17,8호선,복정,8649,7374,16023,1275,2,17,목
2022-02-17,8호선,장지,15635,15302,30937,333,2,17,목
2022-02-17,8호선,문정,21138,22219,43357,-1081,2,17,목
2022-02-17,8호선,가락시장,7037,7629,14666,-592,2,17,목
2022-02-17,8호선,송파,6807,7076,13883,-269,2,17,목
2022-02-17,8호선,석촌,7292,8128,15420,-836,2,17,목
2022-02-17,8호선,잠실(송파구청),12578,14230,26808,-1652,2,17,목
2022-02-17,8호선,몽촌토성(평화의문),5500,5577,11077,-77,2,17,목
2022-02-17,8호선,강동구청,9720,10141,19861,-421,2,17,목
2022-02-17,8호선,천호(풍납토성),13418,15263,28681,-1845,2,17,목
2022-02-17,8호선,암사,17385,15337,32722,2048,2,17,목
2022-02-17,7호선,상동,1,0,1,1,2,17,목
2022-02-17,7호선,부천시청,1,0,1,1,2,17,목
2022-02-17,7호선,신중동,1,0,1,1,2,17,목
2022-02-17,7호선,춘의,1,0,1,1,2,17,목
2022-02-17,7호선,까치울,1,0,1,1,2,17,목
2022-02-17,7호선,온수(성공회대입구),9193,8520,17713,673,2,17,목
2022-02-17,7호선,천왕,10374,9828,20202,546,2,17,목
2022-02-17,7호선,광명사거리,19668,19506,39174,162,2,17,목
2022-02-17,7호선,철산,18726,19051,37777,-325,2,17,목
2022-02-17,7호선,가산디지털단지,43901,43706,87607,195,2,17,목
2022-02-17,7호선,남구로,15079,15903,30982,-824,2,17,목
2022-02-17,7호선,대림(구로구청),6798,6775,13573,23,2,17,목
2022-02-17,7호선,신풍,10505,10156,20661,349,2,17,목
2022-02-17,7호선,보라매,9251,9247,18498,4,2,17,목
2022-02-17,7호선,신대방삼거리,15312,14713,30025,599,2,17,목
2022-02-17,7호선,장승배기,8228,8173,16401,55,2,17,목
2022-02-17,7호선,상도,9715,9618,19333,97,2,17,목
2022-02-17,7호선,숭실대입구(살피재),10873,11001,21874,-128,2,17,목
2022-02-17,7호선,남성,10122,9630,19752,492,2,17,목
2022-02-17,7호선,이수,14301,13813,28114,488,2,17,목
2022-02-17,7호선,내방,13753,14199,27952,-446,2,17,목
2022-02-17,7호선,고속터미널,13988,11786,25774,2202,2,17,목
2022-02-17,7호선,반포,5416,5219,10635,197,2,17,목
2022-02-17,7호선,논현,18999,20567,39566,-1568,2,17,목
2022-02-17,7호선,학동,23535,24775,48310,-1240,2,17,목
2022-02-17,7호선,강남구청,15609,17181,32790,-1572,2,17,목
2022-02-17,7호선,청담,18311,20585,38896,-2274,2,17,목
2022-02-17,7호선,뚝섬유원지,6584,6513,13097,71,2,17,목
2022-02-17,7호선,건대입구,10818,11218,22036,-400,2,17,목
2022-02-17,7호선,어린이대공원(세종대),11086,11081,22167,5,2,17,목
2022-02-17,7호선,군자(능동),13816,11276,25092,2540,2,17,목
2022-02-17,7호선,중곡,9868,9483,19351,385,2,17,목
2022-02-17,7호선,용마산(용마폭포공원),5508,5243,10751,265,2,17,목
2022-02-17,7호선,사가정,14521,14583,29104,-62,2,17,목
2022-02-17,7호선,면목,13989,13788,27777,201,2,17,목
2022-02-17,7호선,상봉(시외버스터미널),15362,14440,29802,922,2,17,목
2022-02-17,7호선,중화,9983,9929,19912,54,2,17,목
2022-02-17,7호선,먹골,9314,9167,18481,147,2,17,목
2022-02-17,7호선,태릉입구,7898,7327,15225,571,2,17,목
2022-02-17,7호선,공릉(서울과학기술대),11213,11242,22455,-29,2,17,목
2022-02-17,7호선,하계,15956,15123,31079,833,2,17,목
2022-02-17,7호선,중계,12779,11682,24461,1097,2,17,목
2022-02-17,7호선,노원,17995,18593,36588,-598,2,17,목
2022-02-17,7호선,마들,11654,11337,22991,317,2,17,목
2022-02-17,7호선,수락산,11364,11077,22441,287,2,17,목
2022-02-17,7호선,도봉산,7931,9124,17055,-1193,2,17,목
2022-02-17,7호선,장암,2091,747,2838,1344,2,17,목
2022-02-17,6호선,신내,2,0,2,2,2,17,목
2022-02-17,6호선,봉화산(서울의료원),8193,7803,15996,390,2,17,목
2022-02-17,6호선,화랑대(서울여대입구),10633,8537,19170,2096,2,17,목
2022-02-17,6호선,태릉입구,5042,5344,10386,-302,2,17,목
2022-02-17,6호선,석계,10815,11450,22265,-635,2,17,목
2022-02-17,6호선,돌곶이,8679,7882,16561,797,2,17,목
2022-02-17,6호선,상월곡(한국과학기술연구원),5621,5074,10695,547,2,17,목
2022-02-17,6호선,월곡(동덕여대),10422,10363,20785,59,2,17,목
2022-02-17,6호선,고려대(종암),6956,6894,13850,62,2,17,목
2022-02-17,6호선,안암(고대병원앞),8999,8856,17855,143,2,17,목
2022-02-17,6호선,보문,6716,6201,12917,515,2,17,목
2022-02-17,6호선,창신,3068,2599,5667,469,2,17,목
2022-02-17,6호선,동묘앞,7751,7751,15502,0,2,17,목
2022-02-17,6호선,신당,7832,8136,15968,-304,2,17,목
2022-02-17,6호선,청구,3571,3769,7340,-198,2,17,목
2022-02-17,6호선,약수,3226,3190,6416,36,2,17,목
2022-02-17,6호선,버티고개,1753,1893,3646,-140,2,17,목
2022-02-17,6호선,한강진,7492,8327,15819,-835,2,17,목
2022-02-17,6호선,이태원,8065,8151,16216,-86,2,17,목
2022-02-17,6호선,녹사평(용산구청),3953,3973,7926,-20,2,17,목
2022-02-17,6호선,삼각지,5506,5065,10571,441,2,17,목
2022-02-17,6호선,효창공원앞,6260,5767,12027,493,2,17,목
2022-02-17,6호선,공덕,16713,16103,32816,610,2,17,목
2022-02-17,6호선,대흥(서강대앞),7019,7459,14478,-440,2,17,목
2022-02-17,6호선,광흥창(서강),8254,8057,16311,197,2,17,목
2022-02-17,6호선,상수,7665,8271,15936,-606,2,17,목
2022-02-17,6호선,합정,11675,11184,22859,491,2,17,목
2022-02-17,6호선,망원,12466,13479,25945,-1013,2,17,목
2022-02-17,6호선,마포구청,13182,12178,25360,1004,2,17,목
2022-02-17,6호선,월드컵경기장(성산),3708,3861,7569,-153,2,17,목
2022-02-17,6호선,디지털미디어시티,12174,13664,25838,-1490,2,17,목
2022-02-17,6호선,증산(명지대앞),9153,9156,18309,-3,2,17,목
2022-02-17,6호선,새절(신사),11383,10743,22126,640,2,17,목
2022-02-17,6호선,구산,6814,5327,12141,1487,2,17,목
2022-02-17,6호선,연신내,1,0,1,1,2,17,목
2022-02-17,6호선,독바위,2389,2506,4895,-117,2,17,목
2022-02-17,6호선,불광,3934,3851,7785,83,2,17,목
2022-02-17,6호선,역촌,3605,4262,7867,-657,2,17,목
2022-02-17,6호선,응암,15856,16051,31907,-195,2,17,목
2022-02-17,5호선,하남검단산,4720,4568,9288,152,2,17,목
2022-02-17,5호선,하남시청(덕풍·신장),5569,5579,11148,-10,2,17,목
2022-02-17,5호선,하남풍산,3860,3843,7703,17,2,17,목
2022-02-17,5호선,미사,14314,14346,28660,-32,2,17,목
2022-02-17,5호선,강일,3505,3512,7017,-7,2,17,목
2022-02-17,5호선,마천,6280,6183,12463,97,2,17,목
2022-02-17,5호선,거여,8593,8238,16831,355,2,17,목
2022-02-17,5호선,개롱,5954,6244,12198,-290,2,17,목
2022-02-17,5호선,오금,3322,3355,6677,-33,2,17,목
2022-02-17,5호선,방이,6658,6970,13628,-312,2,17,목
2022-02-17,5호선,올림픽공원(한국체대),3522,3111,6633,411,2,17,목
2022-02-17,5호선,둔촌동,7847,7997,15844,-150,2,17,목
2022-02-17,5호선,상일동,13502,12812,26314,690,2,17,목
2022-02-17,5호선,고덕,7994,8317,16311,-323,2,17,목
2022-02-17,5호선,명일,7613,8132,15745,-519,2,17,목
2022-02-17,5호선,굽은다리(강동구민회관앞),8559,8310,16869,249,2,17,목
2022-02-17,5호선,길동,7200,7591,14791,-391,2,17,목
2022-02-17,5호선,강동,16981,16220,33201,761,2,17,목
2022-02-17,5호선,천호(풍납토성),15886,15521,31407,365,2,17,목
2022-02-17,5호선,광나루(장신대),11531,10463,21994,1068,2,17,목
2022-02-17,5호선,아차산(어린이대공원후문),13057,12718,25775,339,2,17,목
2022-02-17,5호선,군자(능동),10141,11101,21242,-960,2,17,목
2022-02-17,5호선,장한평,17503,17394,34897,109,2,17,목
2022-02-17,5호선,답십리,14580,13450,28030,1130,2,17,목
2022-02-17,5호선,마장,4994,4706,9700,288,2,17,목
2022-02-17,5호선,왕십리(성동구청),4373,4785,9158,-412,2,17,목
2022-02-17,5호선,행당,7315,6588,13903,727,2,17,목
2022-02-17,5호선,신금호,5702,6005,11707,-303,2,17,목
2022-02-17,5호선,청구,3819,3473,7292,346,2,17,목
2022-02-17,5호선,동대문역사문화공원(DDP),2819,3198,6017,-379,2,17,목
2022-02-17,5호선,을지로4가,5630,5534,11164,96,2,17,목
2022-02-17,5호선,종로3가,10521,10243,20764,278,2,17,목
2022-02-17,5호선,광화문(세종문화회관),27007,27745,54752,-738,2,17,목
2022-02-17,5호선,서대문,17507,17433,34940,74,2,17,목
2022-02-17,5호선,충정로(경기대입구),4358,4485,8843,-127,2,17,목
2022-02-17,5호선,애오개,6279,6420,12699,-141,2,17,목
2022-02-17,5호선,공덕,12640,13387,26027,-747,2,17,목
2022-02-17,5호선,마포,13676,13857,27533,-181,2,17,목
2022-02-17,5호선,여의나루,7372,8362,15734,-990,2,17,목
2022-02-17,5호선,여의도,26920,27385,54305,-465,2,17,목
2022-02-17,5호선,신길,3781,4204,7985,-423,2,17,목
2022-02-17,5호선,영등포시장,9262,9481,18743,-219,2,17,목
2022-02-17,5호선,영등포구청,3646,3711,7357,-65,2,17,목
2022-02-17,5호선,양평,7031,7122,14153,-91,2,17,목
2022-02-17,5호선,오목교(목동운동장앞),19896,21227,41123,-1331,2,17,목
2022-02-17,5호선,목동,15516,16619,32135,-1103,2,17,목
2022-02-17,5호선,신정(은행정),12900,10762,23662,2138,2,17,목
2022-02-17,5호선,까치산,26349,25547,51896,802,2,17,목
2022-02-17,5호선,화곡,25764,24590,50354,1174,2,17,목
2022-02-17,5호선,우장산,12647,12740,25387,-93,2,17,목
2022-02-17,5호선,발산,18747,18877,37624,-130,2,17,목
2022-02-17,5호선,마곡,10253,10065,20318,188,2,17,목
2022-02-17,5호선,송정,5721,5508,11229,213,2,17,목
2022-02-17,5호선,김포공항,7010,6412,13422,598,2,17,목
2022-02-17,5호선,개화산,5106,4931,10037,175,2,17,목
2022-02-17,5호선,방화,5874,5673,11547,201,2,17,목
2022-02-17,4호선,쌍문,26343,24741,51084,1602,2,17,목
2022-02-17,4호선,창동,22465,24040,46505,-1575,2,17,목
2022-02-17,4호선,노원,16559,18447,35006,-1888,2,17,목
2022-02-17,4호선,상계,17091,16017,33108,1074,2,17,목
2022-02-17,4호선,당고개,11286,10423,21709,863,2,17,목
2022-02-17,4호선,남태령,985,867,1852,118,2,17,목
2022-02-17,4호선,사당,22092,18049,40141,4043,2,17,목
2022-02-17,4호선,총신대입구(이수),16334,17683,34017,-1349,2,17,목
2022-02-17,4호선,동작(현충원),1123,1359,2482,-236,2,17,목
2022-02-17,4호선,이촌(국립중앙박물관),6296,7002,13298,-706,2,17,목
2022-02-17,4호선,신용산,14531,15295,29826,-764,2,17,목
2022-02-17,4호선,삼각지,4376,4778,9154,-402,2,17,목
2022-02-17,4호선,숙대입구(갈월),11224,11048,22272,176,2,17,목
2022-02-17,4호선,서울역,9891,14218,24109,-4327,2,17,목
2022-02-17,4호선,회현(남대문시장),20240,21375,41615,-1135,2,17,목
2022-02-17,4호선,명동,15314,15487,30801,-173,2,17,목
2022-02-17,4호선,충무로,24690,25407,50097,-717,2,17,목
2022-02-17,4호선,동대문역사문화공원(DDP),13374,12175,25549,1199,2,17,목
2022-02-17,4호선,동대문,17048,17454,34502,-406,2,17,목
2022-02-17,4호선,혜화,28863,28627,57490,236,2,17,목
2022-02-17,4호선,한성대입구(삼선교),11459,11306,22765,153,2,17,목
2022-02-17,4호선,성신여대입구(돈암),17583,16938,34521,645,2,17,목
2022-02-17,4호선,길음,17871,18127,35998,-256,2,17,목
2022-02-17,4호선,미아사거리,24076,23546,47622,530,2,17,목
2022-02-17,4호선,미아(서울사이버대학),13058,12973,26031,85,2,17,목
2022-02-17,4호선,수유(강북구청),30218,30759,60977,-541,2,17,목
2022-02-17,3호선,오금,5739,5154,10893,585,2,17,목
2022-02-17,3호선,경찰병원,6761,6876,13637,-115,2,17,목
2022-02-17,3호선,가락시장,8077,7948,16025,129,2,17,목
2022-02-17,3호선,수서,15215,15375,30590,-160,2,17,목
2022-02-17,3호선,일원,9197,8937,18134,260,2,17,목
2022-02-17,3호선,대청,9088,8442,17530,646,2,17,목
2022-02-17,3호선,학여울,1762,1753,3515,9,2,17,목
2022-02-17,3호선,대치,10657,10623,21280,34,2,17,목
2022-02-17,3호선,도곡,4761,4891,9652,-130,2,17,목
2022-02-17,3호선,매봉,11545,11076,22621,469,2,17,목
2022-02-17,3호선,양재(서초구청),35541,38457,73998,-2916,2,17,목
2022-02-17,3호선,남부터미널(예술의전당),26649,26983,53632,-334,2,17,목
2022-02-17,3호선,교대(법원.검찰청),13028,8381,21409,4647,2,17,목
2022-02-17,3호선,고속터미널,34501,33436,67937,1065,2,17,목
2022-02-17,3호선,잠원,4245,4220,8465,25,2,17,목
2022-02-17,3호선,신사,29117,30040,59157,-923,2,17,목
2022-02-17,3호선,압구정,29578,31198,60776,-1620,2,17,목
2022-02-17,3호선,옥수,7747,8076,15823,-329,2,17,목
2022-02-17,3호선,금호,7137,6779,13916,358,2,17,목
2022-02-17,3호선,약수,11618,11249,22867,369,2,17,목
2022-02-17,3호선,동대입구,6684,7233,13917,-549,2,17,목
2022-02-17,3호선,충무로,1,0,1,1,2,17,목
2022-02-17,3호선,을지로3가,9634,9595,19229,39,2,17,목
2022-02-17,3호선,종로3가,9602,10649,20251,-1047,2,17,목
2022-02-17,3호선,안국,17335,17492,34827,-157,2,17,목
2022-02-17,3호선,경복궁(정부서울청사),17466,16982,34448,484,2,17,목
2022-02-17,3호선,독립문,5861,6062,11923,-201,2,17,목
2022-02-17,3호선,무악재,3470,3585,7055,-115,2,17,목
2022-02-17,3호선,홍제,15353,14717,30070,636,2,17,목
2022-02-17,3호선,녹번,13995,12776,26771,1219,2,17,목
2022-02-17,3호선,불광,14365,15382,29747,-1017,2,17,목
2022-02-17,3호선,구파발,18381,17465,35846,916,2,17,목
2022-02-17,3호선,지축,4031,3952,7983,79,2,17,목
2022-02-17,2호선,용두(동대문구청),2081,2209,4290,-128,2,17,목
2022-02-17,2호선,신정네거리,9292,9619,18911,-327,2,17,목
2022-02-17,2호선,양천구청,6089,6454,12543,-365,2,17,목
2022-02-17,2호선,도림천,1298,1320,2618,-22,2,17,목
2022-02-17,2호선,신설동,2955,3122,6077,-167,2,17,목
2022-02-17,2호선,신답,1535,1746,3281,-211,2,17,목
2022-02-17,2호선,용답,2481,2415,4896,66,2,17,목
2022-02-17,2호선,충정로(경기대입구),9078,9583,18661,-505,2,17,목
2022-02-17,2호선,아현,8933,8633,17566,300,2,17,목
2022-02-17,2호선,이대,11359,11878,23237,-519,2,17,목
2022-02-17,2호선,신촌,28632,29539,58171,-907,2,17,목
2022-02-17,2호선,홍대입구,48272,49268,97540,-996,2,17,목
2022-02-17,2호선,합정,27897,28839,56736,-942,2,17,목
2022-02-17,2호선,당산,16458,18906,35364,-2448,2,17,목
2022-02-17,2호선,영등포구청,21516,21971,43487,-455,2,17,목
2022-02-17,2호선,문래,19606,20018,39624,-412,2,17,목
2022-02-17,2호선,신도림,42276,41696,83972,580,2,17,목
2022-02-17,2호선,대림(구로구청),21306,21898,43204,-592,2,17,목
2022-02-17,2호선,구로디지털단지,55250,55199,110449,51,2,17,목
2022-02-17,2호선,신대방,23989,23483,47472,506,2,17,목
2022-02-17,2호선,신림,57920,56944,114864,976,2,17,목
2022-02-17,2호선,봉천,21723,20505,42228,1218,2,17,목
2022-02-17,2호선,서울대입구(관악구청),43131,42211,85342,920,2,17,목
2022-02-17,2호선,낙성대(강감찬),24410,23763,48173,647,2,17,목
2022-02-17,2호선,사당,32389,34992,67381,-2603,2,17,목
2022-02-17,2호선,방배,14778,15316,30094,-538,2,17,목
2022-02-17,2호선,서초,19791,19323,39114,468,2,17,목
2022-02-17,2호선,교대(법원.검찰청),31662,35311,66973,-3649,2,17,목
2022-02-17,2호선,강남,78622,76462,155084,2160,2,17,목
2022-02-17,2호선,역삼,49309,54294,103603,-4985,2,17,목
2022-02-17,2호선,선릉,52863,46596,99459,6267,2,17,목
2022-02-17,2호선,삼성(무역센터),49241,49197,98438,44,2,17,목
2022-02-17,2호선,종합운동장,6245,6620,12865,-375,2,17,목
2022-02-17,2호선,잠실새내,19002,18936,37938,66,2,17,목
2022-02-17,2호선,잠실(송파구청),59181,58927,118108,254,2,17,목
2022-02-17,2호선,잠실나루,13150,12721,25871,429,2,17,목
2022-02-17,2호선,강변(동서울터미널),26429,25195,51624,1234,2,17,목
2022-02-17,2호선,구의(광진구청),21817,21606,43423,211,2,17,목
2022-02-17,2호선,건대입구,30461,32191,62652,-1730,2,17,목
2022-02-17,2호선,성수,35412,38029,73441,-2617,2,17,목
2022-02-17,2호선,뚝섬,20305,21707,42012,-1402,2,17,목
2022-02-17,2호선,한양대,6959,7958,14917,-999,2,17,목
2022-02-17,2호선,왕십리(성동구청),14828,12093,26921,2735,2,17,목
2022-02-17,2호선,상왕십리,12902,12670,25572,232,2,17,목
2022-02-17,2호선,신당,12373,12854,25227,-481,2,17,목
2022-02-17,2호선,동대문역사문화공원(DDP),10444,11766,22210,-1322,2,17,목
2022-02-17,2호선,을지로4가,11879,11750,23629,129,2,17,목
2022-02-17,2호선,을지로3가,20073,19960,40033,113,2,17,목
2022-02-17,2호선,을지로입구,34739,35558,70297,-819,2,17,목
2022-02-17,2호선,시청,21853,20897,42750,956,2,17,목
2022-02-17,1호선,청량리(서울시립대입구),16772,16543,33315,229,2,17,목
2022-02-17,1호선,제기동,13645,13676,27321,-31,2,17,목
2022-02-17,1호선,신설동,12559,12316,24875,243,2,17,목
2022-02-17,1호선,동대문,9389,8704,18093,685,2,17,목
2022-02-17,1호선,종로5가,19833,19655,39488,178,2,17,목
2022-02-17,1호선,종로3가,21485,19944,41429,1541,2,17,목
2022-02-17,1호선,종각,30827,30022,60849,805,2,17,목
2022-02-17,1호선,시청,20034,20242,40276,-208,2,17,목
2022-02-17,1호선,동묘앞,5995,6220,12215,-225,2,17,목
2022-02-17,1호선,서울역,37548,35823,73371,1725,2,17,목
2022-02-17,분당선,정자,15784,16776,32560,-992,2,17,목
2022-02-17,분당선,미금,14194,14927,29121,-733,2,17,목
2022-02-17,분당선,오리,10928,8885,19813,2043,2,17,목
2022-02-17,분당선,이매,5211,5055,10266,156,2,17,목
2022-02-17,분당선,보정,2159,1912,4071,247,2,17,목
2022-02-17,분당선,죽전,11806,13048,24854,-1242,2,17,목
2022-02-17,분당선,구성,4408,4744,9152,-336,2,17,목
2022-02-17,분당선,신갈,4039,4064,8103,-25,2,17,목
2022-02-17,분당선,기흥,8484,7995,16479,489,2,17,목
2022-02-17,분당선,상갈,4749,4546,9295,203,2,17,목
2022-02-17,분당선,청명,3605,3597,7202,8,2,17,목
2022-02-17,분당선,영통,7273,7361,14634,-88,2,17,목
2022-02-17,분당선,망포,12791,12120,24911,671,2,17,목
2022-02-17,분당선,매탄권선,4328,4244,8572,84,2,17,목
2022-02-17,분당선,수원시청,11312,11941,23253,-629,2,17,목
2022-02-17,분당선,매교,2390,2533,4923,-143,2,17,목
2022-02-17,수인선,고색,4289,4077,8366,212,2,17,목
2022-02-17,수인선,오목천,2359,2341,4700,18,2,17,목
2022-02-17,수인선,어천,542,600,1142,-58,2,17,목
2022-02-17,수인선,야목,283,236,519,47,2,17,목
2022-02-17,수인선,사리,3962,3512,7474,450,2,17,목
2022-02-17,수인선,달월,91,41,132,50,2,17,목
2022-02-17,수인선,월곶,2393,2232,4625,161,2,17,목
2022-02-17,수인선,소래포구,3905,3636,7541,269,2,17,목
2022-02-17,수인선,인천논현,4773,5087,9860,-314,2,17,목
2022-02-17,수인선,호구포,3735,3852,7587,-117,2,17,목
2022-02-17,수인선,남동인더스파크,2179,2392,4571,-213,2,17,목
2022-02-17,수인선,원인재,3823,4066,7889,-243,2,17,목
2022-02-17,수인선,연수,3707,3741,7448,-34,2,17,목
2022-02-17,수인선,송도,2083,1884,3967,199,2,17,목
2022-02-17,수인선,인하대,4805,4579,9384,226,2,17,목
2022-02-17,수인선,숭의,3373,3253,6626,120,2,17,목
2022-02-17,수인선,신포,1486,1462,2948,24,2,17,목
2022-02-17,수인선,인천,884,1390,2274,-506,2,17,목
2022-02-17,안산선,산본,13715,14766,28481,-1051,2,17,목
2022-02-17,안산선,대야미,4330,3948,8278,382,2,17,목
2022-02-17,안산선,반월,3583,3464,7047,119,2,17,목
2022-02-17,안산선,상록수,13600,14044,27644,-444,2,17,목
2022-02-17,안산선,한대앞,7688,7677,15365,11,2,17,목
2022-02-17,안산선,중앙,15230,15675,30905,-445,2,17,목
2022-02-17,안산선,고잔,7881,7405,15286,476,2,17,목
2022-02-17,안산선,초지,4225,4418,8643,-193,2,17,목
2022-02-17,안산선,안산,10195,9108,19303,1087,2,17,목
2022-02-17,안산선,신길온천,1397,1334,2731,63,2,17,목
2022-02-17,안산선,정왕,6519,6836,13355,-317,2,17,목
2022-02-17,안산선,오이도,6973,6856,13829,117,2,17,목
2022-02-17,안산선,수리산,3704,3036,6740,668,2,17,목
2022-02-17,우이신설선,북한산우이,2131,1830,3961,301,2,17,목
2022-02-17,우이신설선,솔밭공원,2242,2171,4413,71,2,17,목
2022-02-17,우이신설선,4.19민주묘지,2433,2322,4755,111,2,17,목
2022-02-17,우이신설선,가오리,3757,3832,7589,-75,2,17,목
2022-02-17,우이신설선,화계,3119,2977,6096,142,2,17,목
2022-02-17,우이신설선,삼양,1834,1993,3827,-159,2,17,목
2022-02-17,우이신설선,삼양사거리,2211,2221,4432,-10,2,17,목
2022-02-17,우이신설선,솔샘,5272,4997,10269,275,2,17,목
2022-02-17,우이신설선,북한산보국문,5375,5258,10633,117,2,17,목
2022-02-17,우이신설선,정릉,4219,3900,8119,319,2,17,목
2022-02-17,우이신설선,성신여대입구(돈암),2871,3218,6089,-347,2,17,목
2022-02-17,우이신설선,보문,1354,1321,2675,33,2,17,목
2022-02-17,우이신설선,신설동,1945,1825,3770,120,2,17,목
2022-02-17,일산선,원흥,9162,8818,17980,344,2,17,목
2022-02-17,일산선,지축,1,0,1,1,2,17,목
2022-02-17,일산선,삼송,17513,17113,34626,400,2,17,목
2022-02-17,일산선,원당,10035,9502,19537,533,2,17,목
2022-02-17,일산선,화정,14950,15496,30446,-546,2,17,목
2022-02-17,일산선,대곡,1793,1440,3233,353,2,17,목
2022-02-17,일산선,백석,8882,8908,17790,-26,2,17,목
2022-02-17,일산선,마두,6738,6838,13576,-100,2,17,목
2022-02-17,분당선,서현,22500,22790,45290,-290,2,17,목
2022-02-17,분당선,야탑,24618,25385,50003,-767,2,17,목
2022-02-17,분당선,모란,17753,18004,35757,-251,2,17,목
2022-02-17,분당선,태평,12333,12012,24345,321,2,17,목
2022-02-17,분당선,가천대,5737,6701,12438,-964,2,17,목
2022-02-17,중앙선,도농,9226,8611,17837,615,2,17,목
2022-02-17,중앙선,양정,605,504,1109,101,2,17,목
2022-02-17,중앙선,덕소,4722,4708,9430,14,2,17,목
2022-02-17,중앙선,도심,2015,1611,3626,404,2,17,목
2022-02-17,중앙선,팔당,615,695,1310,-80,2,17,목
2022-02-17,중앙선,운길산,450,398,848,52,2,17,목
2022-02-17,중앙선,양수,1350,1336,2686,14,2,17,목
2022-02-17,중앙선,신원,145,116,261,29,2,17,목
2022-02-17,중앙선,국수,509,498,1007,11,2,17,목
2022-02-17,중앙선,아신,432,425,857,7,2,17,목
2022-02-17,중앙선,오빈,236,259,495,-23,2,17,목
2022-02-17,중앙선,양평,2143,2073,4216,70,2,17,목
2022-02-17,중앙선,원덕,209,224,433,-15,2,17,목
2022-02-17,중앙선,용문,1248,1183,2431,65,2,17,목
2022-02-17,중앙선,지평,41,51,92,-10,2,17,목
2022-02-17,분당선,선정릉,7678,8261,15939,-583,2,17,목
2022-02-17,분당선,강남구청,9677,11016,20693,-1339,2,17,목
2022-02-17,분당선,압구정로데오,18197,19510,37707,-1313,2,17,목
2022-02-17,분당선,서울숲,9261,9243,18504,18,2,17,목
2022-02-17,분당선,수원,6990,5792,12782,1198,2,17,목
2022-02-17,분당선,수서,12341,12744,25085,-403,2,17,목
2022-02-17,분당선,대모산입구,4157,3972,8129,185,2,17,목
2022-02-17,분당선,개포동,3300,3562,6862,-262,2,17,목
2022-02-17,분당선,구룡,1678,1616,3294,62,2,17,목
2022-02-17,분당선,도곡,6267,6187,12454,80,2,17,목
2022-02-17,분당선,한티,13608,14559,28167,-951,2,17,목
2022-02-17,분당선,선릉,12883,18879,31762,-5996,2,17,목
2022-02-17,과천선,범계,22888,22762,45650,126,2,17,목
2022-02-17,과천선,평촌,16475,16098,32573,377,2,17,목
2022-02-17,과천선,인덕원,21827,22739,44566,-912,2,17,목
2022-02-17,과천선,정부과천청사,9534,9516,19050,18,2,17,목
2022-02-17,과천선,과천,5636,5339,10975,297,2,17,목
2022-02-17,과천선,대공원,1977,2094,4071,-117,2,17,목
2022-02-17,과천선,경마공원,1244,1213,2457,31,2,17,목
2022-02-17,과천선,선바위,7121,6357,13478,764,2,17,목
2022-02-17,공항철도 1호선,영종,2609,2526,5135,83,2,17,목
2022-02-17,공항철도 1호선,인천공항2터미널,1916,1978,3894,-62,2,17,목
2022-02-17,공항철도 1호선,인천공항1터미널,3198,3364,6562,-166,2,17,목
2022-02-17,공항철도 1호선,공항화물청사,2283,2397,4680,-114,2,17,목
2022-02-17,일산선,정발산,6374,6213,12587,161,2,17,목
2022-02-17,일산선,주엽,7776,7992,15768,-216,2,17,목
2022-02-17,일산선,대화,11048,8830,19878,2218,2,17,목
2022-02-17,장항선,봉명,1039,1039,2078,0,2,17,목
2022-02-17,장항선,쌍용(나사렛대),1542,1472,3014,70,2,17,목
2022-02-17,장항선,아산,2578,2273,4851,305,2,17,목
2022-02-17,장항선,탕정,467,449,916,18,2,17,목
2022-02-17,장항선,배방,876,864,1740,12,2,17,목
2022-02-17,장항선,온양온천,2812,2822,5634,-10,2,17,목
2022-02-17,장항선,신창(순천향대),1163,1251,2414,-88,2,17,목
2022-02-17,중앙선,회기,21233,20780,42013,453,2,17,목
2022-02-17,중앙선,중랑,4866,4713,9579,153,2,17,목
2022-02-17,중앙선,상봉(시외버스터미널),5131,5065,10196,66,2,17,목
2022-02-17,중앙선,망우,6670,6708,13378,-38,2,17,목
2022-02-17,중앙선,양원,1905,1899,3804,6,2,17,목
2022-02-17,중앙선,구리,11781,11935,23716,-154,2,17,목
2022-02-18,2호선,동대문역사문화공원(DDP),10850,12327,23177,-1477,2,18,금
2022-02-18,2호선,을지로4가,12188,11998,24186,190,2,18,금
2022-02-18,2호선,을지로3가,19882,20103,39985,-221,2,18,금
2022-02-18,2호선,을지로입구,34724,35452,70176,-728,2,18,금
2022-02-18,2호선,시청,21463,20564,42027,899,2,18,금
2022-02-18,1호선,청량리(서울시립대입구),18698,18761,37459,-63,2,18,금
2022-02-18,1호선,제기동,15603,15727,31330,-124,2,18,금
2022-02-18,1호선,신설동,13219,12864,26083,355,2,18,금
2022-02-18,1호선,동대문,9967,9127,19094,840,2,18,금
2022-02-18,1호선,종로5가,20951,20774,41725,177,2,18,금
2022-02-18,1호선,종로3가,24092,22175,46267,1917,2,18,금
2022-02-18,1호선,종각,30834,29832,60666,1002,2,18,금
2022-02-18,1호선,시청,19717,20247,39964,-530,2,18,금
2022-02-18,1호선,동묘앞,7033,7310,14343,-277,2,18,금
2022-02-18,1호선,서울역,41323,39749,81072,1574,2,18,금
2022-02-18,2호선,상왕십리,13279,12969,26248,310,2,18,금
2022-02-18,2호선,왕십리(성동구청),15078,12644,27722,2434,2,18,금
2022-02-18,2호선,한양대,7259,8220,15479,-961,2,18,금
2022-02-18,2호선,뚝섬,20903,22204,43107,-1301,2,18,금
2022-02-18,2호선,성수,35700,38727,74427,-3027,2,18,금
2022-02-18,2호선,건대입구,32667,34705,67372,-2038,2,18,금
2022-02-18,2호선,구의(광진구청),22807,22580,45387,227,2,18,금
2022-02-18,2호선,강변(동서울터미널),28106,27388,55494,718,2,18,금
2022-02-18,2호선,잠실나루,13350,12649,25999,701,2,18,금
2022-02-18,2호선,잠실(송파구청),61090,60243,121333,847,2,18,금
2022-02-18,2호선,잠실새내,19983,20062,40045,-79,2,18,금
2022-02-18,2호선,종합운동장,6330,6747,13077,-417,2,18,금
2022-02-18,2호선,삼성(무역센터),48153,47979,96132,174,2,18,금
2022-02-18,2호선,선릉,52462,46359,98821,6103,2,18,금
2022-02-18,2호선,역삼,48050,52687,100737,-4637,2,18,금
2022-02-18,2호선,강남,81098,78943,160041,2155,2,18,금
2022-02-18,2호선,교대(법원.검찰청),31540,35267,66807,-3727,2,18,금
2022-02-18,2호선,서초,19385,18852,38237,533,2,18,금
2022-02-18,9호선2~3단계,선정릉,8996,9734,18730,-738,2,18,금
2022-02-18,9호선2~3단계,언주,10057,10197,20254,-140,2,18,금
2022-02-18,9호선,신논현,30854,30771,61625,83,2,18,금
2022-02-18,9호선,사평,3388,3208,6596,180,2,18,금
2022-02-18,9호선,고속터미널,11240,15416,26656,-4176,2,18,금
2022-02-18,9호선,신반포,3150,3050,6200,100,2,18,금
2022-02-18,9호선,구반포,1290,1329,2619,-39,2,18,금
2022-02-18,9호선,동작(현충원),1805,1521,3326,284,2,18,금
2022-02-18,9호선,흑석(중앙대입구),7569,7836,15405,-267,2,18,금
2022-02-18,9호선,노들,4123,3436,7559,687,2,18,금
2022-02-18,9호선,노량진,24310,23323,47633,987,2,18,금
2022-02-18,9호선,샛강,5417,5626,11043,-209,2,18,금
2022-02-18,9호선,여의도,25162,23578,48740,1584,2,18,금
2022-02-18,9호선,국회의사당,14523,14959,29482,-436,2,18,금
2022-02-18,9호선,당산,17276,16943,34219,333,2,18,금
2022-02-18,9호선,선유도,7943,7582,15525,361,2,18,금
2022-02-18,9호선,신목동,3759,3281,7040,478,2,18,금
2022-02-18,9호선,염창,15923,15322,31245,601,2,18,금
2022-02-18,9호선,등촌,10677,10527,21204,150,2,18,금
2022-02-18,9호선,증미,6851,6755,13606,96,2,18,금
2022-02-18,9호선,가양,19083,18574,37657,509,2,18,금
2022-02-18,9호선,양천향교,8889,8323,17212,566,2,18,금
2022-02-18,9호선,마곡나루(서울식물원),11029,10920,21949,109,2,18,금
2022-02-18,9호선,신방화,6269,6087,12356,182,2,18,금
2022-02-18,9호선,공항시장,2779,2948,5727,-169,2,18,금
2022-02-18,9호선,김포공항,7610,12320,19930,-4710,2,18,금
2022-02-18,9호선,개화,2239,1608,3847,631,2,18,금
2022-02-18,8호선,남위례,3829,4171,8000,-342,2,18,금
2022-02-18,8호선,모란,3886,3049,6935,837,2,18,금
2022-02-18,8호선,수진,5002,4651,9653,351,2,18,금
2022-02-18,8호선,신흥,3950,4352,8302,-402,2,18,금
2022-02-18,8호선,단대오거리,9896,9525,19421,371,2,18,금
2022-02-18,8호선,남한산성입구(성남법원.검찰청),12558,11344,23902,1214,2,18,금
2022-02-18,8호선,산성,4762,4827,9589,-65,2,18,금
2022-02-18,8호선,복정,8948,7620,16568,1328,2,18,금
2022-02-18,8호선,장지,16022,15393,31415,629,2,18,금
2022-02-18,8호선,문정,20838,21927,42765,-1089,2,18,금
2022-02-18,8호선,가락시장,7142,7940,15082,-798,2,18,금
2022-02-18,8호선,송파,6923,6915,13838,8,2,18,금
2022-02-18,8호선,석촌,7517,8631,16148,-1114,2,18,금
2022-02-18,8호선,잠실(송파구청),12830,14847,27677,-2017,2,18,금
2022-02-18,8호선,몽촌토성(평화의문),5661,5930,11591,-269,2,18,금
2022-02-18,8호선,강동구청,9936,10237,20173,-301,2,18,금
2022-02-18,8호선,천호(풍납토성),13974,16330,30304,-2356,2,18,금
2022-02-18,8호선,암사,17853,15672,33525,2181,2,18,금
2022-02-18,7호선,부평구청,1,0,1,1,2,18,금
2022-02-18,7호선,삼산체육관,1,0,1,1,2,18,금
2022-02-18,7호선,상동,2,0,2,2,2,18,금
2022-02-18,7호선,신중동,1,0,1,1,2,18,금
2022-02-18,7호선,춘의,1,0,1,1,2,18,금
2022-02-18,7호선,까치울,1,0,1,1,2,18,금
2022-02-18,7호선,온수(성공회대입구),9413,8718,18131,695,2,18,금
2022-02-18,7호선,천왕,10373,9986,20359,387,2,18,금
2022-02-18,7호선,광명사거리,20889,20565,41454,324,2,18,금
2022-02-18,7호선,철산,19721,20228,39949,-507,2,18,금
2022-02-18,7호선,가산디지털단지,42660,42256,84916,404,2,18,금
2022-02-18,7호선,남구로,14921,15665,30586,-744,2,18,금
2022-02-18,7호선,대림(구로구청),6982,7103,14085,-121,2,18,금
2022-02-18,7호선,신풍,10906,10447,21353,459,2,18,금
2022-02-18,7호선,보라매,9364,9155,18519,209,2,18,금
2022-02-18,7호선,신대방삼거리,15762,14907,30669,855,2,18,금
2022-02-18,7호선,장승배기,8617,8631,17248,-14,2,18,금
2022-02-18,7호선,상도,10147,9733,19880,414,2,18,금
2022-02-18,7호선,숭실대입구(살피재),11432,11687,23119,-255,2,18,금
2022-02-18,7호선,남성,10378,9699,20077,679,2,18,금
2022-02-18,7호선,이수,15143,14384,29527,759,2,18,금
2022-02-18,7호선,내방,13600,13798,27398,-198,2,18,금
2022-02-18,7호선,고속터미널,15495,12599,28094,2896,2,18,금
2022-02-18,7호선,반포,5537,5226,10763,311,2,18,금
2022-02-18,7호선,논현,19546,21095,40641,-1549,2,18,금
2022-02-18,7호선,학동,22705,24187,46892,-1482,2,18,금
2022-02-18,7호선,강남구청,15653,17139,32792,-1486,2,18,금
2022-02-18,7호선,청담,18124,20321,38445,-2197,2,18,금
2022-02-18,7호선,뚝섬유원지,6910,6759,13669,151,2,18,금
2022-02-18,7호선,건대입구,11186,11617,22803,-431,2,18,금
2022-02-18,7호선,어린이대공원(세종대),12645,13002,25647,-357,2,18,금
2022-02-18,7호선,군자(능동),14284,11398,25682,2886,2,18,금
2022-02-18,7호선,중곡,10077,9548,19625,529,2,18,금
2022-02-18,7호선,용마산(용마폭포공원),5652,5374,11026,278,2,18,금
2022-02-18,7호선,사가정,15200,15259,30459,-59,2,18,금
2022-02-18,7호선,면목,14493,14327,28820,166,2,18,금
2022-02-18,7호선,상봉(시외버스터미널),15820,15070,30890,750,2,18,금
2022-02-18,7호선,중화,10285,10048,20333,237,2,18,금
2022-02-18,7호선,먹골,9620,9599,19219,21,2,18,금
2022-02-18,7호선,태릉입구,8127,7870,15997,257,2,18,금
2022-02-18,7호선,공릉(서울과학기술대),11727,11428,23155,299,2,18,금
2022-02-18,7호선,하계,16066,15144,31210,922,2,18,금
2022-02-18,7호선,중계,13098,11839,24937,1259,2,18,금
2022-02-18,7호선,노원,18990,19602,38592,-612,2,18,금
2022-02-18,7호선,마들,12068,11565,23633,503,2,18,금
2022-02-18,7호선,수락산,11651,11307,22958,344,2,18,금
2022-02-18,7호선,도봉산,8260,9518,17778,-1258,2,18,금
2022-02-18,7호선,장암,1957,836,2793,1121,2,18,금
2022-02-18,6호선,봉화산(서울의료원),8278,7748,16026,530,2,18,금
2022-02-18,6호선,화랑대(서울여대입구),11051,8756,19807,2295,2,18,금
2022-02-18,6호선,태릉입구,5110,5645,10755,-535,2,18,금
2022-02-18,6호선,석계,11281,11685,22966,-404,2,18,금
2022-02-18,6호선,돌곶이,8656,8121,16777,535,2,18,금
2022-02-18,6호선,상월곡(한국과학기술연구원),5796,5077,10873,719,2,18,금
2022-02-18,6호선,월곡(동덕여대),10725,10667,21392,58,2,18,금
2022-02-18,6호선,고려대(종암),7307,7248,14555,59,2,18,금
2022-02-18,6호선,안암(고대병원앞),9519,9217,18736,302,2,18,금
2022-02-18,6호선,보문,7073,6357,13430,716,2,18,금
2022-02-18,6호선,창신,3078,2476,5554,602,2,18,금
2022-02-18,6호선,동묘앞,7350,7434,14784,-84,2,18,금
2022-02-18,6호선,신당,8016,8288,16304,-272,2,18,금
2022-02-18,6호선,청구,3599,3778,7377,-179,2,18,금
2022-02-18,6호선,약수,3340,3360,6700,-20,2,18,금
2022-02-18,6호선,버티고개,1888,1915,3803,-27,2,18,금
2022-02-18,6호선,한강진,8972,10047,19019,-1075,2,18,금
2022-02-18,6호선,이태원,9297,9752,19049,-455,2,18,금
2022-02-18,6호선,녹사평(용산구청),4269,4385,8654,-116,2,18,금
2022-02-18,6호선,삼각지,5900,5264,11164,636,2,18,금
2022-02-18,6호선,효창공원앞,6456,5814,12270,642,2,18,금
2022-02-18,6호선,공덕,17175,16550,33725,625,2,18,금
2022-02-18,6호선,대흥(서강대앞),7436,7700,15136,-264,2,18,금
2022-02-18,6호선,광흥창(서강),8325,8042,16367,283,2,18,금
2022-02-18,6호선,상수,8396,9566,17962,-1170,2,18,금
2022-02-18,6호선,합정,12438,11828,24266,610,2,18,금
2022-02-18,6호선,망원,13384,14460,27844,-1076,2,18,금
2022-02-18,6호선,마포구청,13456,12231,25687,1225,2,18,금
2022-02-18,6호선,월드컵경기장(성산),3777,3872,7649,-95,2,18,금
2022-02-18,6호선,디지털미디어시티,12218,13385,25603,-1167,2,18,금
2022-02-18,6호선,증산(명지대앞),9531,9466,18997,65,2,18,금
2022-02-18,6호선,새절(신사),11779,11104,22883,675,2,18,금
2022-02-18,6호선,구산,7030,5425,12455,1605,2,18,금
2022-02-18,6호선,독바위,2496,2541,5037,-45,2,18,금
2022-02-18,6호선,불광,4039,3984,8023,55,2,18,금
2022-02-18,6호선,역촌,3717,4338,8055,-621,2,18,금
2022-02-18,6호선,응암,16427,16421,32848,6,2,18,금
2022-02-18,5호선,하남검단산,5100,4949,10049,151,2,18,금
2022-02-18,5호선,하남시청(덕풍·신장),6086,5920,12006,166,2,18,금
2022-02-18,5호선,하남풍산,3934,4078,8012,-144,2,18,금
2022-02-18,5호선,미사,14669,14828,29497,-159,2,18,금
2022-02-18,5호선,강일,3648,3575,7223,73,2,18,금
2022-02-18,5호선,마천,6423,6387,12810,36,2,18,금
2022-02-18,5호선,거여,8866,8433,17299,433,2,18,금
2022-02-18,5호선,개롱,6102,6370,12472,-268,2,18,금
2022-02-18,5호선,오금,3502,3429,6931,73,2,18,금
2022-02-18,5호선,방이,6678,7025,13703,-347,2,18,금
2022-02-18,5호선,올림픽공원(한국체대),3867,3281,7148,586,2,18,금
2022-02-18,5호선,둔촌동,8106,8272,16378,-166,2,18,금
2022-02-18,5호선,상일동,13974,12976,26950,998,2,18,금
2022-02-18,5호선,고덕,8524,8640,17164,-116,2,18,금
2022-02-18,5호선,명일,7854,8302,16156,-448,2,18,금
2022-02-18,5호선,굽은다리(강동구민회관앞),9017,8713,17730,304,2,18,금
2022-02-18,5호선,길동,7770,8139,15909,-369,2,18,금
2022-02-18,5호선,강동,17443,16467,33910,976,2,18,금
2022-02-18,5호선,천호(풍납토성),17341,17221,34562,120,2,18,금
2022-02-18,5호선,광나루(장신대),12173,10989,23162,1184,2,18,금
2022-02-18,5호선,아차산(어린이대공원후문),13398,13154,26552,244,2,18,금
2022-02-18,5호선,군자(능동),10650,11647,22297,-997,2,18,금
2022-02-18,5호선,장한평,17548,17582,35130,-34,2,18,금
2022-02-18,5호선,답십리,15201,14031,29232,1170,2,18,금
2022-02-18,5호선,마장,5199,4771,9970,428,2,18,금
2022-02-18,경원선,석계,7613,8531,16144,-918,2,18,금
2022-02-18,5호선,왕십리(성동구청),4436,4983,9419,-547,2,18,금
2022-02-18,5호선,행당,7488,6632,14120,856,2,18,금
2022-02-18,5호선,신금호,5825,6022,11847,-197,2,18,금
2022-02-18,5호선,청구,3848,3450,7298,398,2,18,금
2022-02-18,5호선,동대문역사문화공원(DDP),2638,3078,5716,-440,2,18,금
2022-02-18,5호선,을지로4가,5652,5759,11411,-107,2,18,금
2022-02-18,5호선,종로3가,11298,11491,22789,-193,2,18,금
2022-02-18,5호선,광화문(세종문화회관),26221,27076,53297,-855,2,18,금
2022-02-18,5호선,서대문,16712,16805,33517,-93,2,18,금
2022-02-18,5호선,충정로(경기대입구),4339,4345,8684,-6,2,18,금
2022-02-18,5호선,애오개,6383,6387,12770,-4,2,18,금
2022-02-18,5호선,공덕,12572,13406,25978,-834,2,18,금
2022-02-18,5호선,마포,13422,13733,27155,-311,2,18,금
2022-02-18,5호선,여의나루,7840,8705,16545,-865,2,18,금
2022-02-18,5호선,여의도,26059,26781,52840,-722,2,18,금
2022-02-18,5호선,신길,3905,4198,8103,-293,2,18,금
2022-02-18,5호선,영등포시장,9711,9978,19689,-267,2,18,금
2022-02-18,5호선,영등포구청,3748,3852,7600,-104,2,18,금
2022-02-18,5호선,양평,7083,6915,13998,168,2,18,금
2022-02-18,5호선,오목교(목동운동장앞),20457,22071,42528,-1614,2,18,금
2022-02-18,5호선,목동,15776,17048,32824,-1272,2,18,금
2022-02-18,5호선,신정(은행정),13167,10721,23888,2446,2,18,금
2022-02-18,5호선,까치산,27228,26195,53423,1033,2,18,금
2022-02-18,5호선,화곡,26450,24800,51250,1650,2,18,금
2022-02-18,5호선,우장산,13033,13034,26067,-1,2,18,금
2022-02-18,5호선,발산,18428,19012,37440,-584,2,18,금
2022-02-18,5호선,마곡,10031,9938,19969,93,2,18,금
2022-02-18,5호선,김포공항,7463,6980,14443,483,2,18,금
2022-02-18,5호선,개화산,5186,4946,10132,240,2,18,금
2022-02-18,5호선,방화,6160,5886,12046,274,2,18,금
2022-02-18,4호선,쌍문,27267,25415,52682,1852,2,18,금
2022-02-18,4호선,창동,24152,25717,49869,-1565,2,18,금
2022-02-18,4호선,노원,17476,19699,37175,-2223,2,18,금
2022-02-18,4호선,상계,17394,16423,33817,971,2,18,금
2022-02-18,4호선,당고개,11894,10955,22849,939,2,18,금
2022-02-18,4호선,남태령,1153,942,2095,211,2,18,금
2022-02-18,4호선,사당,23318,19142,42460,4176,2,18,금
2022-02-18,4호선,총신대입구(이수),17511,19097,36608,-1586,2,18,금
2022-02-18,4호선,동작(현충원),1301,1540,2841,-239,2,18,금
2022-02-18,4호선,이촌(국립중앙박물관),6893,7517,14410,-624,2,18,금
2022-02-18,4호선,신용산,15140,15737,30877,-597,2,18,금
2022-02-18,4호선,삼각지,4580,5117,9697,-537,2,18,금
2022-02-18,4호선,숙대입구(갈월),11553,11453,23006,100,2,18,금
2022-02-18,4호선,서울역,10095,15594,25689,-5499,2,18,금
2022-02-18,4호선,회현(남대문시장),21247,22466,43713,-1219,2,18,금
2022-02-18,4호선,명동,16034,16708,32742,-674,2,18,금
2022-02-18,경춘선,강촌,277,277,554,0,2,18,금
2022-02-18,경춘선,백양리,288,265,553,23,2,18,금
2022-02-18,경춘선,굴봉산,112,147,259,-35,2,18,금
2022-02-18,경춘선,가평,1521,1480,3001,41,2,18,금
2022-02-18,경춘선,상천,198,198,396,0,2,18,금
2022-02-18,경춘선,청평,1461,1488,2949,-27,2,18,금
2022-02-18,경춘선,대성리,412,349,761,63,2,18,금
2022-02-18,경춘선,마석,3634,3545,7179,89,2,18,금
2022-02-18,경춘선,천마산,1495,1383,2878,112,2,18,금
2022-02-18,경춘선,평내호평,5590,5487,11077,103,2,18,금
2022-02-18,경춘선,금곡,1334,1280,2614,54,2,18,금
2022-02-18,경춘선,사릉,2913,2846,5759,67,2,18,금
2022-02-18,경춘선,퇴계원,3311,3082,6393,229,2,18,금
2022-02-18,경춘선,별내,3084,3020,6104,64,2,18,금
2022-02-18,4호선,충무로,23830,24833,48663,-1003,2,18,금
2022-02-18,4호선,동대문역사문화공원(DDP),13823,12567,26390,1256,2,18,금
2022-02-18,4호선,동대문,17836,18382,36218,-546,2,18,금
2022-02-18,4호선,혜화,29498,28946,58444,552,2,18,금
2022-02-18,4호선,한성대입구(삼선교),12313,12183,24496,130,2,18,금
2022-02-18,4호선,성신여대입구(돈암),18519,17855,36374,664,2,18,금
2022-02-18,4호선,길음,18369,18044,36413,325,2,18,금
2022-02-18,4호선,미아사거리,25268,24883,50151,385,2,18,금
2022-02-18,4호선,미아(서울사이버대학),13810,13552,27362,258,2,18,금
2022-02-18,4호선,수유(강북구청),31869,32035,63904,-166,2,18,금
2022-02-18,3호선,오금,5890,5197,11087,693,2,18,금
2022-02-18,3호선,경찰병원,6955,6924,13879,31,2,18,금
2022-02-18,3호선,가락시장,8474,8206,16680,268,2,18,금
2022-02-18,3호선,수서,16507,16972,33479,-465,2,18,금
2022-02-18,3호선,일원,9345,8985,18330,360,2,18,금
2022-02-18,3호선,대청,9385,8779,18164,606,2,18,금
2022-02-18,3호선,학여울,2506,2452,4958,54,2,18,금
2022-02-18,9호선2~3단계,삼성중앙,6294,6704,12998,-410,2,18,금
2022-02-18,9호선2~3단계,봉은사,15850,16144,31994,-294,2,18,금
2022-02-18,9호선2~3단계,종합운동장,3985,4030,8015,-45,2,18,금
2022-02-18,9호선2~3단계,삼전,6722,6570,13292,152,2,18,금
2022-02-18,9호선2~3단계,석촌고분,5749,5713,11462,36,2,18,금
2022-02-18,9호선2~3단계,석촌,7989,7165,15154,824,2,18,금
2022-02-18,9호선2~3단계,송파나루,4981,5195,10176,-214,2,18,금
2022-02-18,9호선2~3단계,한성백제,2425,2211,4636,214,2,18,금
2022-02-18,9호선2~3단계,올림픽공원(한국체대),5273,5194,10467,79,2,18,금
2022-02-18,9호선2~3단계,둔촌오륜,960,901,1861,59,2,18,금
2022-02-18,9호선2~3단계,중앙보훈병원,9800,8601,18401,1199,2,18,금
2022-02-18,경강선,판교,4352,4316,8668,36,2,18,금
2022-02-18,경강선,이매,1032,863,1895,169,2,18,금
2022-02-18,경강선,삼동,2260,1991,4251,269,2,18,금
2022-02-18,경강선,경기광주,7103,6776,13879,327,2,18,금
2022-02-18,경강선,초월,2826,2736,5562,90,2,18,금
2022-02-18,경강선,곤지암,2144,2096,4240,48,2,18,금
2022-02-18,경강선,신둔도예촌,1238,1196,2434,42,2,18,금
2022-02-18,경강선,이천,2554,2547,5101,7,2,18,금
2022-02-18,경강선,부발,2417,1716,4133,701,2,18,금
2022-02-18,경강선,세종대왕릉,286,270,556,16,2,18,금
2022-02-18,경강선,여주,1780,1936,3716,-156,2,18,금
2022-02-18,경부선,서울역,6866,2298,9164,4568,2,18,금
2022-02-18,경부선,남영,8285,8709,16994,-424,2,18,금
2022-02-18,경부선,용산,33162,33679,66841,-517,2,18,금
2022-02-18,경부선,노량진,7779,7774,15553,5,2,18,금
2022-02-18,경부선,대방,11838,12017,23855,-179,2,18,금
2022-02-18,경부선,영등포,36245,37337,73582,-1092,2,18,금
2022-02-18,경부선,신도림,3934,3667,7601,267,2,18,금
2022-02-18,경부선,신길,8452,7102,15554,1350,2,18,금
2022-02-18,경부선,구로,17446,17911,35357,-465,2,18,금
2022-02-18,경부선,가산디지털단지,17015,19532,36547,-2517,2,18,금
2022-02-18,경부선,금천구청,10970,11110,22080,-140,2,18,금
2022-02-18,경부선,석수,8942,8051,16993,891,2,18,금
2022-02-18,경부선,관악,6597,6218,12815,379,2,18,금
2022-02-18,경부선,안양,19968,20255,40223,-287,2,18,금
2022-02-18,경부선,명학,8470,8229,16699,241,2,18,금
2022-02-18,경부선,금정,25070,25420,50490,-350,2,18,금
2022-02-18,경부선,군포,7271,7380,14651,-109,2,18,금
2022-02-18,경부선,의왕,8515,8456,16971,59,2,18,금
2022-02-18,경부선,성균관대,12902,13017,25919,-115,2,18,금
2022-02-18,3호선,대치,10844,10834,21678,10,2,18,금
2022-02-18,3호선,도곡,4847,5046,9893,-199,2,18,금
2022-02-18,3호선,매봉,11481,10884,22365,597,2,18,금
2022-02-18,3호선,양재(서초구청),36513,38514,75027,-2001,2,18,금
2022-02-18,3호선,남부터미널(예술의전당),27965,28520,56485,-555,2,18,금
2022-02-18,3호선,교대(법원.검찰청),12869,8189,21058,4680,2,18,금
2022-02-18,3호선,고속터미널,38217,39537,77754,-1320,2,18,금
2022-02-18,3호선,잠원,4501,4380,8881,121,2,18,금
2022-02-18,3호선,신사,30938,31804,62742,-866,2,18,금
2022-02-18,3호선,압구정,31923,33981,65904,-2058,2,18,금
2022-02-18,2호선,방배,14720,15449,30169,-729,2,18,금
2022-02-18,2호선,사당,33880,36512,70392,-2632,2,18,금
2022-02-18,2호선,낙성대(강감찬),25294,24167,49461,1127,2,18,금
2022-02-18,2호선,서울대입구(관악구청),44639,43326,87965,1313,2,18,금
2022-02-18,2호선,봉천,22569,21055,43624,1514,2,18,금
2022-02-18,2호선,신림,59778,58288,118066,1490,2,18,금
2022-02-18,2호선,신대방,24730,24042,48772,688,2,18,금
2022-02-18,2호선,구로디지털단지,55548,55247,110795,301,2,18,금
2022-02-18,2호선,대림(구로구청),21860,22459,44319,-599,2,18,금
2022-02-18,2호선,신도림,44084,44119,88203,-35,2,18,금
2022-02-18,2호선,문래,19833,20235,40068,-402,2,18,금
2022-02-18,2호선,영등포구청,21519,21867,43386,-348,2,18,금
2022-02-18,2호선,당산,16977,19827,36804,-2850,2,18,금
2022-02-18,2호선,합정,29253,30374,59627,-1121,2,18,금
2022-02-18,2호선,홍대입구,51581,53484,105065,-1903,2,18,금
2022-02-18,2호선,신촌,31493,31894,63387,-401,2,18,금
2022-02-18,2호선,이대,11947,12397,24344,-450,2,18,금
2022-02-18,2호선,아현,9351,8888,18239,463,2,18,금
2022-02-18,2호선,충정로(경기대입구),9169,9640,18809,-471,2,18,금
2022-02-18,2호선,용답,2476,2560,5036,-84,2,18,금
2022-02-18,2호선,신답,1612,1832,3444,-220,2,18,금
2022-02-18,2호선,신설동,3368,3487,6855,-119,2,18,금
2022-02-18,2호선,도림천,1277,1288,2565,-11,2,18,금
2022-02-18,2호선,양천구청,6190,6526,12716,-336,2,18,금
2022-02-18,2호선,신정네거리,9490,9987,19477,-497,2,18,금
2022-02-18,2호선,용두(동대문구청),2320,2263,4583,57,2,18,금
2022-02-18,3호선,지축,4245,4044,8289,201,2,18,금
2022-02-18,3호선,구파발,18700,17788,36488,912,2,18,금
2022-02-18,3호선,연신내,34262,32617,66879,1645,2,18,금
2022-02-18,3호선,불광,15064,16082,31146,-1018,2,18,금
2022-02-18,3호선,녹번,14319,12977,27296,1342,2,18,금
2022-02-18,3호선,홍제,15899,15394,31293,505,2,18,금
2022-02-18,3호선,무악재,3563,3597,7160,-34,2,18,금
2022-02-18,3호선,독립문,6337,6368,12705,-31,2,18,금
2022-02-18,3호선,경복궁(정부서울청사),17993,17763,35756,230,2,18,금
2022-02-18,3호선,안국,17753,18187,35940,-434,2,18,금
2022-02-18,3호선,종로3가,9804,11301,21105,-1497,2,18,금
2022-02-18,3호선,을지로3가,9486,9836,19322,-350,2,18,금
2022-02-18,3호선,충무로,1,0,1,1,2,18,금
2022-02-18,3호선,동대입구,6625,6992,13617,-367,2,18,금
2022-02-18,3호선,약수,12116,11551,23667,565,2,18,금
2022-02-18,3호선,금호,7570,7088,14658,482,2,18,금
2022-02-18,3호선,옥수,8162,8557,16719,-395,2,18,금
2022-02-18,수인선,인천,997,1564,2561,-567,2,18,금
2022-02-18,안산선,산본,14541,16003,30544,-1462,2,18,금
2022-02-18,안산선,대야미,4668,4120,8788,548,2,18,금
2022-02-18,안산선,반월,3909,3735,7644,174,2,18,금
2022-02-18,안산선,상록수,14356,14880,29236,-524,2,18,금
2022-02-18,안산선,한대앞,8098,8182,16280,-84,2,18,금
2022-02-18,안산선,중앙,16372,17269,33641,-897,2,18,금
2022-02-18,안산선,고잔,8102,7684,15786,418,2,18,금
2022-02-18,안산선,초지,4279,4525,8804,-246,2,18,금
2022-02-18,안산선,안산,10724,9805,20529,919,2,18,금
2022-02-18,안산선,신길온천,1568,1469,3037,99,2,18,금
2022-02-18,안산선,정왕,7642,7925,15567,-283,2,18,금
2022-02-18,안산선,오이도,7542,7304,14846,238,2,18,금
2022-02-18,안산선,수리산,3900,3098,6998,802,2,18,금
2022-02-18,우이신설선,북한산우이,2394,2105,4499,289,2,18,금
2022-02-18,우이신설선,솔밭공원,2249,2168,4417,81,2,18,금
2022-02-18,우이신설선,4.19민주묘지,2596,2445,5041,151,2,18,금
2022-02-18,2호선,신당,13040,13676,26716,-636,2,18,금
2022-02-18,우이신설선,가오리,4192,4167,8359,25,2,18,금
2022-02-18,우이신설선,화계,3260,3042,6302,218,2,18,금
2022-02-18,우이신설선,삼양,2027,2169,4196,-142,2,18,금
2022-02-18,우이신설선,삼양사거리,2429,2506,4935,-77,2,18,금
2022-02-18,우이신설선,솔샘,5355,5208,10563,147,2,18,금
2022-02-18,우이신설선,북한산보국문,5567,5500,11067,67,2,18,금
2022-02-18,우이신설선,정릉,4317,4317,8634,0,2,18,금
2022-02-18,우이신설선,성신여대입구(돈암),3170,3460,6630,-290,2,18,금
2022-02-18,우이신설선,보문,1395,1425,2820,-30,2,18,금
2022-02-18,우이신설선,신설동,2027,1925,3952,102,2,18,금
2022-02-18,일산선,원흥,9380,9191,18571,189,2,18,금
2022-02-18,일산선,지축,1,0,1,1,2,18,금
2022-02-18,일산선,삼송,17901,17517,35418,384,2,18,금
2022-02-18,일산선,원당,10212,9844,20056,368,2,18,금
2022-02-18,일산선,화정,15774,16243,32017,-469,2,18,금
2022-02-18,일산선,대곡,1851,1447,3298,404,2,18,금
2022-02-18,일산선,백석,9168,9337,18505,-169,2,18,금
2022-02-18,일산선,마두,6956,7091,14047,-135,2,18,금
2022-02-18,일산선,정발산,6983,7126,14109,-143,2,18,금
2022-02-18,일산선,주엽,8262,8431,16693,-169,2,18,금
2022-02-18,일산선,대화,11480,9331,20811,2149,2,18,금
2022-02-18,경춘선,갈매,2727,2431,5158,296,2,18,금
2022-02-18,경춘선,신내,1877,1807,3684,70,2,18,금
2022-02-18,경인선,도화,3839,3542,7381,297,2,18,금
2022-02-18,경인선,중동,8593,8170,16763,423,2,18,금
2022-02-18,경인선,온수(성공회대입구),5914,5675,11589,239,2,18,금
2022-02-18,경인선,도원,2232,2308,4540,-76,2,18,금
2022-02-18,경인선,간석,5302,5106,10408,196,2,18,금
2022-02-18,경인선,부개,7800,7314,15114,486,2,18,금
2022-02-18,경인선,소사,7769,7562,15331,207,2,18,금
2022-02-18,경인선,구일,5559,5625,11184,-66,2,18,금
2022-02-18,경인선,인천,3046,2316,5362,730,2,18,금
2022-02-18,경인선,동인천,12583,12033,24616,550,2,18,금
2022-02-18,경인선,제물포,9394,8972,18366,422,2,18,금
2022-02-18,경인선,주안,17435,16095,33530,1340,2,18,금
2022-02-18,경인선,동암,13423,13691,27114,-268,2,18,금
2022-02-18,경인선,백운,6184,6118,12302,66,2,18,금
2022-02-18,경인선,부평,27574,29499,57073,-1925,2,18,금
2022-02-18,경인선,송내,24285,24256,48541,29,2,18,금
2022-02-18,경인선,부천,30014,30765,60779,-751,2,18,금
2022-02-18,경인선,역곡,25506,25300,50806,206,2,18,금
2022-02-18,경인선,오류동,10871,10230,21101,641,2,18,금
2022-02-18,경인선,개봉,19873,19897,39770,-24,2,18,금
2022-02-18,경의선,임진강,4,8,12,-4,2,18,금
2022-02-18,경의선,문산,4695,4538,9233,157,2,18,금
2022-02-18,경의선,파주,947,688,1635,259,2,18,금
2022-02-18,경의선,월롱,2456,1965,4421,491,2,18,금
2022-02-18,경의선,금촌,5992,5891,11883,101,2,18,금
2022-02-18,경의선,금릉,4400,4300,8700,100,2,18,금
2022-02-18,경의선,운정,6359,6002,12361,357,2,18,금
2022-02-18,경의선,야당,6876,6847,13723,29,2,18,금
2022-02-18,경의선,탄현,7201,6987,14188,214,2,18,금
2022-02-18,경의선,일산,9178,9202,18380,-24,2,18,금
2022-02-18,장항선,봉명,1111,1069,2180,42,2,18,금
2022-02-18,장항선,쌍용(나사렛대),1663,1547,3210,116,2,18,금
2022-02-18,장항선,아산,2870,2825,5695,45,2,18,금
2022-02-18,장항선,탕정,521,511,1032,10,2,18,금
2022-02-18,장항선,배방,975,975,1950,0,2,18,금
2022-02-18,장항선,온양온천,3168,3282,6450,-114,2,18,금
2022-02-18,장항선,신창(순천향대),1352,1131,2483,221,2,18,금
2022-02-18,중앙선,회기,22470,21726,44196,744,2,18,금
2022-02-18,수인선,신포,1568,1626,3194,-58,2,18,금
2022-02-18,수인선,숭의,3721,3484,7205,237,2,18,금
2022-02-18,수인선,인하대,5548,5316,10864,232,2,18,금
2022-02-18,수인선,송도,2262,2219,4481,43,2,18,금
2022-02-18,수인선,연수,4256,4169,8425,87,2,18,금
2022-02-18,수인선,원인재,4143,4316,8459,-173,2,18,금
2022-02-18,수인선,남동인더스파크,2213,2436,4649,-223,2,18,금
2022-02-18,수인선,호구포,3822,4028,7850,-206,2,18,금
2022-02-18,수인선,인천논현,4986,5426,10412,-440,2,18,금
2022-02-18,수인선,소래포구,4277,3957,8234,320,2,18,금
2022-02-18,수인선,월곶,2404,2323,4727,81,2,18,금
2022-02-18,수인선,달월,101,54,155,47,2,18,금
2022-02-18,수인선,사리,4129,3682,7811,447,2,18,금
2022-02-18,수인선,야목,324,242,566,82,2,18,금
2022-02-18,수인선,어천,712,633,1345,79,2,18,금
2022-02-18,분당선,수원시청,12191,13301,25492,-1110,2,18,금
2022-02-18,분당선,매탄권선,4557,4479,9036,78,2,18,금
2022-02-18,분당선,망포,13744,12696,26440,1048,2,18,금
2022-02-18,분당선,영통,8070,8010,16080,60,2,18,금
2022-02-18,분당선,청명,3782,3766,7548,16,2,18,금
2022-02-18,분당선,상갈,4949,4715,9664,234,2,18,금
2022-02-18,분당선,기흥,8757,8340,17097,417,2,18,금
2022-02-18,분당선,신갈,4084,4088,8172,-4,2,18,금
2022-02-18,분당선,구성,4500,4881,9381,-381,2,18,금
2022-02-18,분당선,죽전,12604,13691,26295,-1087,2,18,금
2022-02-18,분당선,보정,2214,1916,4130,298,2,18,금
2022-02-18,분당선,이매,5181,5053,10234,128,2,18,금
2022-02-18,분당선,오리,11079,9200,20279,1879,2,18,금
2022-02-18,분당선,미금,14518,15528,30046,-1010,2,18,금
2022-02-18,분당선,정자,16374,17249,33623,-875,2,18,금
2022-02-18,분당선,수내,12710,12660,25370,50,2,18,금
2022-02-18,분당선,서현,23869,24157,48026,-288,2,18,금
2022-02-18,분당선,야탑,24687,25552,50239,-865,2,18,금
2022-02-18,분당선,모란,18632,18853,37485,-221,2,18,금
2022-02-18,분당선,태평,12705,12242,24947,463,2,18,금
2022-02-18,분당선,가천대,5941,6657,12598,-716,2,18,금
2022-02-18,분당선,선정릉,7647,8063,15710,-416,2,18,금
2022-02-18,분당선,강남구청,9823,11117,20940,-1294,2,18,금
2022-02-18,분당선,압구정로데오,19865,21561,41426,-1696,2,18,금
2022-02-18,분당선,서울숲,9673,9553,19226,120,2,18,금
2022-02-18,분당선,수원,7572,6505,14077,1067,2,18,금
2022-02-18,분당선,수서,13379,14086,27465,-707,2,18,금
2022-02-18,분당선,대모산입구,4198,3925,8123,273,2,18,금
2022-02-18,분당선,개포동,3524,3750,7274,-226,2,18,금
2022-02-18,분당선,구룡,1706,1636,3342,70,2,18,금
2022-02-18,분당선,도곡,6585,6315,12900,270,2,18,금
2022-02-18,분당선,한티,14310,15324,29634,-1014,2,18,금
2022-02-18,분당선,선릉,12584,18776,31360,-6192,2,18,금
2022-02-18,과천선,범계,24109,24034,48143,75,2,18,금
2022-02-18,과천선,평촌,16350,16182,32532,168,2,18,금
2022-02-18,과천선,인덕원,22611,23468,46079,-857,2,18,금
2022-02-18,5호선,송정,6202,5803,12005,399,2,18,금
2022-02-18,경원선,신이문,7890,7330,15220,560,2,18,금
2022-02-18,경원선,외대앞,7168,7196,14364,-28,2,18,금
2022-02-18,경원선,청량리(서울시립대입구),14853,15117,29970,-264,2,18,금
2022-02-18,경원선,왕십리(성동구청),13159,14686,27845,-1527,2,18,금
2022-02-18,경원선,응봉,1768,1488,3256,280,2,18,금
2022-02-18,경원선,옥수,38,24,62,14,2,18,금
2022-02-18,경원선,한남,3698,3500,7198,198,2,18,금
2022-02-18,경원선,서빙고,1931,1760,3691,171,2,18,금
2022-02-18,경원선,이촌(국립중앙박물관),3365,2637,6002,728,2,18,금
2022-02-18,경부선,광명,3236,3079,6315,157,2,18,금
2022-02-18,경부선,서동탄,1324,1122,2446,202,2,18,금
2022-02-18,경부선,당정,5692,5341,11033,351,2,18,금
2022-02-18,경부선,천안,4616,4713,9329,-97,2,18,금
2022-02-18,경부선,두정,4906,4910,9816,-4,2,18,금
2022-02-18,경부선,직산,750,652,1402,98,2,18,금
2022-02-18,경부선,성환,2873,2646,5519,227,2,18,금
2022-02-18,경부선,평택,10883,10667,21550,216,2,18,금
2022-02-18,경부선,평택지제,3465,3209,6674,256,2,18,금
2022-02-18,과천선,정부과천청사,9708,9890,19598,-182,2,18,금
2022-02-18,과천선,과천,5695,5349,11044,346,2,18,금
2022-02-18,과천선,대공원,2342,2418,4760,-76,2,18,금
2022-02-18,과천선,경마공원,5270,5416,10686,-146,2,18,금
2022-02-18,과천선,선바위,7517,6833,14350,684,2,18,금
2022-02-18,공항철도 1호선,영종,2767,2869,5636,-102,2,18,금
2022-02-18,공항철도 1호선,인천공항2터미널,2042,1973,4015,69,2,18,금
2022-02-18,공항철도 1호선,인천공항1터미널,3310,3608,6918,-298,2,18,금
2022-02-18,공항철도 1호선,공항화물청사,2157,2339,4496,-182,2,18,금
2022-02-18,공항철도 1호선,운서,6274,6180,12454,94,2,18,금
2022-02-18,공항철도 1호선,청라국제도시,6248,5931,12179,317,2,18,금
2022-02-18,공항철도 1호선,검암,6211,6153,12364,58,2,18,금
2022-02-18,공항철도 1호선,계양,9405,8836,18241,569,2,18,금
2022-02-18,공항철도 1호선,김포공항,13827,6342,20169,7485,2,18,금
2022-02-18,공항철도 1호선,마곡나루(서울식물원),7336,7026,14362,310,2,18,금
2022-02-18,공항철도 1호선,디지털미디어시티,12234,11199,23433,1035,2,18,금
2022-02-18,공항철도 1호선,홍대입구,9675,9806,19481,-131,2,18,금
2022-02-18,공항철도 1호선,공덕,2058,2727,4785,-669,2,18,금
2022-02-18,중앙선,지평,46,54,100,-8,2,18,금
2022-02-18,중앙선,용문,1334,1482,2816,-148,2,18,금
2022-02-18,중앙선,원덕,315,321,636,-6,2,18,금
2022-02-18,중앙선,양평,2966,2987,5953,-21,2,18,금
2022-02-18,중앙선,오빈,245,261,506,-16,2,18,금
2022-02-18,중앙선,아신,482,480,962,2,2,18,금
2022-02-18,중앙선,국수,573,567,1140,6,2,18,금
2022-02-18,중앙선,신원,146,129,275,17,2,18,금
2022-02-18,중앙선,양수,1456,1414,2870,42,2,18,금
2022-02-18,중앙선,운길산,517,501,1018,16,2,18,금
2022-02-18,중앙선,팔당,741,789,1530,-48,2,18,금
2022-02-18,중앙선,도심,2107,1728,3835,379,2,18,금
2022-02-18,중앙선,덕소,5003,4960,9963,43,2,18,금
2022-02-18,중앙선,양정,630,531,1161,99,2,18,금
2022-02-18,중앙선,도농,9429,8691,18120,738,2,18,금
2022-02-18,중앙선,구리,12312,12685,24997,-373,2,18,금
2022-02-18,중앙선,양원,2053,1964,4017,89,2,18,금
2022-02-18,중앙선,망우,7216,7263,14479,-47,2,18,금
2022-02-18,중앙선,상봉(시외버스터미널),5596,5407,11003,189,2,18,금
2022-02-18,중앙선,중랑,5145,5015,10160,130,2,18,금
2022-02-18,공항철도 1호선,서울역,7862,7445,15307,417,2,18,금
2022-02-18,경춘선,춘천,1079,968,2047,111,2,18,금
2022-02-18,경춘선,남춘천,2070,2240,4310,-170,2,18,금
2022-02-18,경춘선,김유정,238,290,528,-52,2,18,금
2022-02-18,경부선,서정리,6857,5567,12424,1290,2,18,금
2022-02-18,경부선,송탄,4334,3891,8225,443,2,18,금
2022-02-18,경부선,진위,1608,1329,2937,279,2,18,금
2022-02-18,경부선,오산,9186,9012,18198,174,2,18,금
2022-02-18,경부선,오산대,3010,2885,5895,125,2,18,금
2022-02-18,경부선,세마,2593,2378,4971,215,2,18,금
2022-02-18,경부선,병점,13490,13135,26625,355,2,18,금
2022-02-18,경부선,세류,2751,2607,5358,144,2,18,금
2022-02-18,경부선,독산,17439,18095,35534,-656,2,18,금
2022-02-18,경부선,수원,31278,33356,64634,-2078,2,18,금
2022-02-18,경부선,화서,7044,7019,14063,25,2,18,금
2022-02-18,수인선,오목천,2564,2388,4952,176,2,18,금
2022-02-18,수인선,고색,4449,4125,8574,324,2,18,금
2022-02-18,분당선,매교,2600,2591,5191,9,2,18,금
2022-02-18,경원선,광운대,6966,6737,13703,229,2,18,금
2022-02-18,경원선,월계,6043,5721,11764,322,2,18,금
2022-02-18,경원선,녹천,4397,3670,8067,727,2,18,금
2022-02-18,경원선,방학,9265,9041,18306,224,2,18,금
2022-02-18,경원선,도봉,5652,5428,11080,224,2,18,금
2022-02-18,경원선,도봉산,6931,4441,11372,2490,2,18,금
2022-02-18,경원선,망월사,6874,7085,13959,-211,2,18,금
2022-02-18,경원선,회룡,11547,11537,23084,10,2,18,금
2022-02-18,경원선,의정부,17132,17824,34956,-692,2,18,금
2022-02-18,경원선,가능,6012,5951,11963,61,2,18,금
2022-02-18,경원선,녹양,4220,3957,8177,263,2,18,금
2022-02-18,경원선,양주,6967,6567,13534,400,2,18,금
2022-02-18,경원선,덕계,2814,2598,5412,216,2,18,금
2022-02-18,경원선,덕정,4877,4767,9644,110,2,18,금
2022-02-18,경원선,지행,5799,5798,11597,1,2,18,금
2022-02-18,경원선,동두천중앙,2744,2659,5403,85,2,18,금
2022-02-18,경원선,보산,1534,1377,2911,157,2,18,금
2022-02-18,경원선,동두천,1817,2026,3843,-209,2,18,금
2022-02-18,경원선,소요산,2175,1812,3987,363,2,18,금
2022-02-18,경의선,서울역,3911,5030,8941,-1119,2,18,금
2022-02-18,경의선,신촌,779,959,1738,-180,2,18,금
2022-02-18,경의선,효창공원앞,2746,3126,5872,-380,2,18,금
2022-02-18,경의선,공덕,3378,2935,6313,443,2,18,금
2022-02-18,경의선,서강대,1875,1833,3708,42,2,18,금
2022-02-18,경의선,홍대입구,1635,1840,3475,-205,2,18,금
2022-02-18,경의선,가좌,4913,4848,9761,65,2,18,금
2022-02-18,경의선,디지털미디어시티,2278,2119,4397,159,2,18,금
2022-02-18,경의선,수색,2579,2541,5120,38,2,18,금
2022-02-18,경의선,화전,1641,1588,3229,53,2,18,금
2022-02-18,경의선,강매,2922,2563,5485,359,2,18,금
2022-02-18,경의선,행신,7336,7450,14786,-114,2,18,금
2022-02-18,경의선,능곡,3512,3217,6729,295,2,18,금
2022-02-18,경의선,곡산,554,587,1141,-33,2,18,금
2022-02-18,경의선,백마,6519,6322,12841,197,2,18,금
2022-02-18,경의선,풍산,5139,5022,10161,117,2,18,금
2022-02-19,9호선,국회의사당,4465,4683,9148,-218,2,19,토
2022-02-19,1호선,서울역,24632,25055,49687,-423,2,19,토
2022-02-19,1호선,동묘앞,9499,9760,19259,-261,2,19,토
2022-02-19,1호선,시청,9810,10057,19867,-247,2,19,토
2022-02-19,1호선,종각,16290,15067,31357,1223,2,19,토
2022-02-19,5호선,장한평,9957,9993,19950,-36,2,19,토
2022-02-19,5호선,답십리,9074,8489,17563,585,2,19,토
2022-02-19,5호선,마장,3484,3397,6881,87,2,19,토
2022-02-19,5호선,왕십리(성동구청),3162,3753,6915,-591,2,19,토
2022-02-19,5호선,행당,4785,4263,9048,522,2,19,토
2022-02-19,5호선,신금호,3812,3972,7784,-160,2,19,토
2022-02-19,5호선,청구,2323,2116,4439,207,2,19,토
2022-02-19,5호선,동대문역사문화공원(DDP),948,1227,2175,-279,2,19,토
2022-02-19,5호선,을지로4가,2871,3398,6269,-527,2,19,토
2022-02-19,5호선,종로3가,10223,10410,20633,-187,2,19,토
2022-02-19,5호선,광화문(세종문화회관),14230,14556,28786,-326,2,19,토
2022-02-19,5호선,서대문,6480,6196,12676,284,2,19,토
2022-02-19,5호선,충정로(경기대입구),1682,1630,3312,52,2,19,토
2022-02-19,5호선,애오개,3213,3297,6510,-84,2,19,토
2022-02-19,5호선,공덕,6143,6396,12539,-253,2,19,토
2022-02-19,5호선,마포,6666,6710,13376,-44,2,19,토
2022-02-19,5호선,여의나루,5302,6672,11974,-1370,2,19,토
2022-02-19,5호선,여의도,10177,9877,20054,300,2,19,토
2022-02-19,5호선,신길,2280,2539,4819,-259,2,19,토
2022-02-19,5호선,영등포시장,7366,7690,15056,-324,2,19,토
2022-02-19,5호선,영등포구청,1757,1640,3397,117,2,19,토
2022-02-19,5호선,양평,3270,3220,6490,50,2,19,토
2022-02-19,5호선,오목교(목동운동장앞),15317,15316,30633,1,2,19,토
2022-02-19,5호선,목동,10044,10232,20276,-188,2,19,토
2022-02-19,5호선,신정(은행정),8073,7144,15217,929,2,19,토
2022-02-19,5호선,까치산,19196,18696,37892,500,2,19,토
2022-02-19,5호선,화곡,18050,16938,34988,1112,2,19,토
2022-02-19,5호선,우장산,8692,8706,17398,-14,2,19,토
2022-02-19,5호선,발산,12567,12952,25519,-385,2,19,토
2022-02-19,5호선,마곡,5363,5363,10726,0,2,19,토
2022-02-19,5호선,송정,4537,4513,9050,24,2,19,토
2022-02-19,5호선,김포공항,6922,6835,13757,87,2,19,토
2022-02-19,5호선,개화산,3334,3336,6670,-2,2,19,토
2022-02-19,5호선,방화,4228,4078,8306,150,2,19,토
2022-02-19,4호선,쌍문,18785,17471,36256,1314,2,19,토
2022-02-19,4호선,창동,18208,19212,37420,-1004,2,19,토
2022-02-19,4호선,노원,14027,15091,29118,-1064,2,19,토
2022-02-19,4호선,상계,12403,11951,24354,452,2,19,토
2022-02-19,4호선,당고개,8658,8307,16965,351,2,19,토
2022-02-19,4호선,남태령,844,550,1394,294,2,19,토
2022-02-19,4호선,사당,17984,15397,33381,2587,2,19,토
2022-02-19,4호선,총신대입구(이수),12512,13307,25819,-795,2,19,토
2022-02-19,4호선,동작(현충원),1162,1304,2466,-142,2,19,토
2022-02-19,4호선,이촌(국립중앙박물관),5705,6041,11746,-336,2,19,토
2022-02-19,4호선,신용산,9217,9699,18916,-482,2,19,토
2022-02-19,4호선,삼각지,2968,3780,6748,-812,2,19,토
2022-02-19,4호선,숙대입구(갈월),8611,8032,16643,579,2,19,토
2022-02-19,4호선,서울역,4755,10265,15020,-5510,2,19,토
2022-02-19,4호선,회현(남대문시장),14581,15397,29978,-816,2,19,토
2022-02-19,4호선,명동,11051,12354,23405,-1303,2,19,토
2022-02-19,4호선,충무로,10811,11070,21881,-259,2,19,토
2022-02-19,4호선,동대문역사문화공원(DDP),9301,7956,17257,1345,2,19,토
2022-02-19,4호선,동대문,11104,11287,22391,-183,2,19,토
2022-02-19,4호선,혜화,24562,24650,49212,-88,2,19,토
2022-02-19,4호선,한성대입구(삼선교),9070,8860,17930,210,2,19,토
2022-02-19,4호선,성신여대입구(돈암),14725,14175,28900,550,2,19,토
2022-02-19,4호선,길음,12560,12299,24859,261,2,19,토
2022-02-19,4호선,미아사거리,19692,18782,38474,910,2,19,토
2022-02-19,4호선,미아(서울사이버대학),9690,9443,19133,247,2,19,토
2022-02-19,4호선,수유(강북구청),23627,23247,46874,380,2,19,토
2022-02-19,3호선,오금,3472,3329,6801,143,2,19,토
2022-02-19,3호선,경찰병원,3546,3471,7017,75,2,19,토
2022-02-19,3호선,가락시장,5398,5007,10405,391,2,19,토
2022-02-19,3호선,수서,11740,11896,23636,-156,2,19,토
2022-02-19,3호선,일원,4704,4664,9368,40,2,19,토
2022-02-19,3호선,대청,5424,4995,10419,429,2,19,토
2022-02-19,3호선,학여울,2046,2028,4074,18,2,19,토
2022-02-19,2호선,도림천,785,769,1554,16,2,19,토
2022-02-19,2호선,신설동,3243,3118,6361,125,2,19,토
2022-02-19,2호선,신답,904,928,1832,-24,2,19,토
2022-02-19,2호선,용답,1879,1869,3748,10,2,19,토
2022-02-19,2호선,충정로(경기대입구),5136,5494,10630,-358,2,19,토
2022-02-19,2호선,아현,6449,6309,12758,140,2,19,토
2022-02-19,2호선,이대,8507,9140,17647,-633,2,19,토
2022-02-19,2호선,신촌,27485,27149,54634,336,2,19,토
2022-02-19,2호선,홍대입구,56618,57933,114551,-1315,2,19,토
2022-02-19,2호선,합정,24752,26480,51232,-1728,2,19,토
2022-02-19,2호선,당산,10651,11713,22364,-1062,2,19,토
2022-02-19,2호선,영등포구청,11683,11880,23563,-197,2,19,토
2022-02-19,2호선,문래,11114,11578,22692,-464,2,19,토
2022-02-19,2호선,신도림,34571,35093,69664,-522,2,19,토
2022-02-19,2호선,대림(구로구청),15283,16555,31838,-1272,2,19,토
2022-02-19,2호선,구로디지털단지,30741,30162,60903,579,2,19,토
2022-02-19,2호선,신대방,17667,17336,35003,331,2,19,토
2022-02-19,2호선,신림,45906,44861,90767,1045,2,19,토
2022-02-19,2호선,봉천,15538,14641,30179,897,2,19,토
2022-02-19,2호선,서울대입구(관악구청),34418,33244,67662,1174,2,19,토
2022-02-19,2호선,낙성대(강감찬),19304,18461,37765,843,2,19,토
2022-02-19,2호선,사당,26527,29203,55730,-2676,2,19,토
2022-02-19,2호선,방배,8316,8677,16993,-361,2,19,토
2022-02-19,2호선,서초,9547,8350,17897,1197,2,19,토
2022-02-19,2호선,교대(법원.검찰청),15262,16989,32251,-1727,2,19,토
2022-02-19,2호선,강남,55961,54330,110291,1631,2,19,토
2022-02-19,2호선,역삼,17847,19230,37077,-1383,2,19,토
2022-02-19,2호선,선릉,22045,19722,41767,2323,2,19,토
2022-02-19,2호선,삼성(무역센터),29355,28205,57560,1150,2,19,토
2022-02-19,2호선,종합운동장,4180,4606,8786,-426,2,19,토
2022-02-19,2호선,잠실새내,14739,15123,29862,-384,2,19,토
2022-02-19,2호선,잠실(송파구청),51976,49839,101815,2137,2,19,토
2022-02-19,2호선,잠실나루,6329,6258,12587,71,2,19,토
2022-02-19,2호선,강변(동서울터미널),22124,21717,43841,407,2,19,토
2022-02-19,2호선,구의(광진구청),14825,14650,29475,175,2,19,토
2022-02-19,2호선,건대입구,29910,31115,61025,-1205,2,19,토
2022-02-19,2호선,성수,17901,19583,37484,-1682,2,19,토
2022-02-19,2호선,뚝섬,11914,12481,24395,-567,2,19,토
2022-02-19,2호선,한양대,3629,3758,7387,-129,2,19,토
2022-02-19,2호선,왕십리(성동구청),11699,10118,21817,1581,2,19,토
2022-02-19,2호선,상왕십리,8764,8547,17311,217,2,19,토
2022-02-19,2호선,신당,9864,10308,20172,-444,2,19,토
2022-02-19,2호선,동대문역사문화공원(DDP),8238,8961,17199,-723,2,19,토
2022-02-19,2호선,을지로4가,6461,6378,12839,83,2,19,토
2022-02-19,2호선,을지로3가,9017,8758,17775,259,2,19,토
2022-02-19,2호선,을지로입구,17207,17005,34212,202,2,19,토
2022-02-19,2호선,시청,8027,6863,14890,1164,2,19,토
2022-02-19,1호선,청량리(서울시립대입구),15733,15769,31502,-36,2,19,토
2022-02-19,1호선,제기동,13304,13292,26596,12,2,19,토
2022-02-19,1호선,신설동,8822,8308,17130,514,2,19,토
2022-02-19,1호선,동대문,9200,8716,17916,484,2,19,토
2022-02-19,1호선,종로5가,16085,16086,32171,-1,2,19,토
2022-02-19,1호선,종로3가,18911,18508,37419,403,2,19,토
2022-02-19,5호선,오금,1951,1868,3819,83,2,19,토
2022-02-19,6호선,합정,11067,10118,21185,949,2,19,토
2022-02-19,6호선,상수,7899,8632,16531,-733,2,19,토
2022-02-19,6호선,광흥창(서강),4660,4502,9162,158,2,19,토
2022-02-19,6호선,대흥(서강대앞),4835,4889,9724,-54,2,19,토
2022-02-19,6호선,공덕,8750,8316,17066,434,2,19,토
2022-02-19,6호선,효창공원앞,4060,3813,7873,247,2,19,토
2022-02-19,6호선,삼각지,4307,3537,7844,770,2,19,토
2022-02-19,6호선,녹사평(용산구청),3948,4266,8214,-318,2,19,토
2022-02-19,6호선,이태원,10550,10640,21190,-90,2,19,토
2022-02-19,6호선,한강진,6523,7849,14372,-1326,2,19,토
2022-02-19,6호선,버티고개,1209,1294,2503,-85,2,19,토
2022-02-19,6호선,약수,2334,2292,4626,42,2,19,토
2022-02-19,6호선,청구,2161,2262,4423,-101,2,19,토
2022-02-19,6호선,신당,6216,5170,11386,1046,2,19,토
2022-02-19,6호선,동묘앞,7056,6338,13394,718,2,19,토
2022-02-19,6호선,창신,1860,1642,3502,218,2,19,토
2022-02-19,6호선,보문,4596,4206,8802,390,2,19,토
2022-02-19,6호선,안암(고대병원앞),5896,5740,11636,156,2,19,토
2022-02-19,6호선,고려대(종암),4908,4905,9813,3,2,19,토
2022-02-19,6호선,월곡(동덕여대),6648,6540,13188,108,2,19,토
2022-02-19,6호선,상월곡(한국과학기술연구원),3726,3403,7129,323,2,19,토
2022-02-19,6호선,돌곶이,5287,5017,10304,270,2,19,토
2022-02-19,6호선,석계,7886,8014,15900,-128,2,19,토
2022-02-19,6호선,태릉입구,3663,3852,7515,-189,2,19,토
2022-02-19,6호선,화랑대(서울여대입구),5957,5041,10998,916,2,19,토
2022-02-19,6호선,봉화산(서울의료원),4706,4713,9419,-7,2,19,토
2022-02-19,7호선,장암,1325,877,2202,448,2,19,토
2022-02-19,7호선,도봉산,5468,7914,13382,-2446,2,19,토
2022-02-19,7호선,수락산,8836,8690,17526,146,2,19,토
2022-02-19,7호선,마들,7742,7457,15199,285,2,19,토
2022-02-19,7호선,노원,14261,14250,28511,11,2,19,토
2022-02-19,7호선,중계,8125,7282,15407,843,2,19,토
2022-02-19,7호선,하계,10783,10342,21125,441,2,19,토
2022-02-19,7호선,공릉(서울과학기술대),7940,7957,15897,-17,2,19,토
2022-02-19,7호선,태릉입구,5738,5373,11111,365,2,19,토
2022-02-19,7호선,먹골,7324,7176,14500,148,2,19,토
2022-02-19,7호선,중화,6894,6753,13647,141,2,19,토
2022-02-19,7호선,면목,10169,9868,20037,301,2,19,토
2022-02-19,2호선,양천구청,3965,4026,7991,-61,2,19,토
2022-02-19,2호선,신정네거리,6199,6483,12682,-284,2,19,토
2022-02-19,2호선,용두(동대문구청),1433,1509,2942,-76,2,19,토
2022-02-19,3호선,지축,2655,2571,5226,84,2,19,토
2022-02-19,3호선,구파발,12706,12664,25370,42,2,19,토
2022-02-19,3호선,연신내,25761,24287,50048,1474,2,19,토
2022-02-19,3호선,불광,11594,12854,24448,-1260,2,19,토
2022-02-19,3호선,녹번,9165,8105,17270,1060,2,19,토
2022-02-19,3호선,홍제,11975,11497,23472,478,2,19,토
2022-02-19,3호선,무악재,2319,2583,4902,-264,2,19,토
2022-02-19,3호선,독립문,4979,5181,10160,-202,2,19,토
2022-02-19,3호선,경복궁(정부서울청사),13505,13793,27298,-288,2,19,토
2022-02-19,3호선,안국,12525,13274,25799,-749,2,19,토
2022-02-19,3호선,종로3가,5341,6895,12236,-1554,2,19,토
2022-02-19,3호선,을지로3가,4402,4588,8990,-186,2,19,토
2022-02-19,3호선,충무로,2,0,2,2,2,19,토
2022-02-19,3호선,동대입구,4815,5348,10163,-533,2,19,토
2022-02-19,3호선,약수,8014,7616,15630,398,2,19,토
2022-02-19,3호선,금호,5084,4779,9863,305,2,19,토
2022-02-19,3호선,옥수,5741,6124,11865,-383,2,19,토
2022-02-19,3호선,압구정,23232,24035,47267,-803,2,19,토
2022-02-19,3호선,신사,23233,23686,46919,-453,2,19,토
2022-02-19,3호선,잠원,3132,3012,6144,120,2,19,토
2022-02-19,3호선,고속터미널,39193,39028,78221,165,2,19,토
2022-02-19,3호선,교대(법원.검찰청),5959,3597,9556,2362,2,19,토
2022-02-19,3호선,남부터미널(예술의전당),18024,17946,35970,78,2,19,토
2022-02-19,3호선,양재(서초구청),19316,20422,39738,-1106,2,19,토
2022-02-19,3호선,매봉,5708,5491,11199,217,2,19,토
2022-02-19,3호선,도곡,2859,3222,6081,-363,2,19,토
2022-02-19,3호선,대치,8708,7933,16641,775,2,19,토
2022-02-19,중앙선,지평,34,46,80,-12,2,19,토
2022-02-19,중앙선,용문,1247,1437,2684,-190,2,19,토
2022-02-19,중앙선,원덕,273,302,575,-29,2,19,토
2022-02-19,중앙선,양평,1906,1936,3842,-30,2,19,토
2022-02-19,중앙선,오빈,193,228,421,-35,2,19,토
2022-02-19,중앙선,아신,369,431,800,-62,2,19,토
2022-02-19,중앙선,국수,464,481,945,-17,2,19,토
2022-02-19,중앙선,신원,180,167,347,13,2,19,토
2022-02-19,중앙선,양수,1380,1403,2783,-23,2,19,토
2022-02-19,중앙선,운길산,800,726,1526,74,2,19,토
2022-02-19,중앙선,팔당,998,1126,2124,-128,2,19,토
2022-02-19,중앙선,도심,1225,1054,2279,171,2,19,토
2022-02-19,중앙선,덕소,3602,3746,7348,-144,2,19,토
2022-02-19,중앙선,양정,453,369,822,84,2,19,토
2022-02-19,중앙선,도농,5925,5531,11456,394,2,19,토
2022-02-19,중앙선,구리,8691,8831,17522,-140,2,19,토
2022-02-19,중앙선,양원,1362,1376,2738,-14,2,19,토
2022-02-19,중앙선,망우,5476,5481,10957,-5,2,19,토
2022-02-19,중앙선,상봉(시외버스터미널),4064,4132,8196,-68,2,19,토
2022-02-19,중앙선,중랑,3778,3656,7434,122,2,19,토
2022-02-19,중앙선,회기,17139,16433,33572,706,2,19,토
2022-02-19,장항선,신창(순천향대),854,718,1572,136,2,19,토
2022-02-19,장항선,온양온천,3597,3610,7207,-13,2,19,토
2022-02-19,장항선,배방,864,818,1682,46,2,19,토
2022-02-19,장항선,탕정,505,444,949,61,2,19,토
2022-02-19,장항선,아산,2295,2309,4604,-14,2,19,토
2022-02-19,장항선,쌍용(나사렛대),1324,1206,2530,118,2,19,토
2022-02-19,장항선,봉명,707,623,1330,84,2,19,토
2022-02-19,일산선,대화,7082,6508,13590,574,2,19,토
2022-02-19,일산선,주엽,5747,5740,11487,7,2,19,토
2022-02-19,일산선,정발산,5515,5754,11269,-239,2,19,토
2022-02-19,일산선,마두,4405,4513,8918,-108,2,19,토
2022-02-19,일산선,백석,6659,6681,13340,-22,2,19,토
2022-02-19,일산선,대곡,1124,1019,2143,105,2,19,토
2022-02-19,일산선,화정,11177,11613,22790,-436,2,19,토
2022-02-19,일산선,원당,7011,6688,13699,323,2,19,토
2022-02-19,일산선,삼송,12349,12198,24547,151,2,19,토
2022-02-19,일산선,원흥,6176,5918,12094,258,2,19,토
2022-02-19,우이신설선,신설동,1397,1331,2728,66,2,19,토
2022-02-19,우이신설선,보문,1021,1020,2041,1,2,19,토
2022-02-19,우이신설선,성신여대입구(돈암),2646,2929,5575,-283,2,19,토
2022-02-19,우이신설선,정릉,3257,2767,6024,490,2,19,토
2022-02-19,우이신설선,북한산보국문,4293,3969,8262,324,2,19,토
2022-02-19,우이신설선,솔샘,3302,3130,6432,172,2,19,토
2022-02-19,우이신설선,삼양사거리,1707,1700,3407,7,2,19,토
2022-02-19,우이신설선,삼양,1413,1479,2892,-66,2,19,토
2022-02-19,우이신설선,화계,2252,2216,4468,36,2,19,토
2022-02-19,우이신설선,가오리,2685,2586,5271,99,2,19,토
2022-02-19,우이신설선,4.19민주묘지,2017,1755,3772,262,2,19,토
2022-02-19,우이신설선,솔밭공원,1632,1545,3177,87,2,19,토
2022-02-19,우이신설선,북한산우이,2583,2675,5258,-92,2,19,토
2022-02-19,안산선,수리산,2546,2258,4804,288,2,19,토
2022-02-19,안산선,오이도,5974,6168,12142,-194,2,19,토
2022-02-19,안산선,정왕,5276,5297,10573,-21,2,19,토
2022-02-19,안산선,신길온천,1128,1143,2271,-15,2,19,토
2022-02-19,안산선,안산,7667,7833,15500,-166,2,19,토
2022-02-19,안산선,초지,2790,2849,5639,-59,2,19,토
2022-02-19,안산선,고잔,5246,5300,10546,-54,2,19,토
2022-02-19,안산선,중앙,12903,13486,26389,-583,2,19,토
2022-02-19,안산선,한대앞,5963,5902,11865,61,2,19,토
2022-02-19,안산선,상록수,10536,10730,21266,-194,2,19,토
2022-02-19,안산선,반월,2897,2707,5604,190,2,19,토
2022-02-19,안산선,대야미,3222,2814,6036,408,2,19,토
2022-02-19,안산선,산본,10681,11482,22163,-801,2,19,토
2022-02-19,수인선,인천,1033,1623,2656,-590,2,19,토
2022-02-19,수인선,신포,1286,1309,2595,-23,2,19,토
2022-02-19,수인선,숭의,2667,2512,5179,155,2,19,토
2022-02-19,수인선,인하대,3741,3515,7256,226,2,19,토
2022-02-19,수인선,송도,1896,1866,3762,30,2,19,토
2022-02-19,수인선,연수,3590,3439,7029,151,2,19,토
2022-02-19,수인선,원인재,3213,3394,6607,-181,2,19,토
2022-02-19,수인선,남동인더스파크,972,893,1865,79,2,19,토
2022-02-19,수인선,호구포,2253,2183,4436,70,2,19,토
2022-02-19,수인선,인천논현,3727,3962,7689,-235,2,19,토
2022-02-19,수인선,소래포구,4106,4103,8209,3,2,19,토
2022-02-19,수인선,월곶,1809,1728,3537,81,2,19,토
2022-02-19,수인선,달월,43,37,80,6,2,19,토
2022-02-19,수인선,사리,2953,2536,5489,417,2,19,토
2022-02-19,수인선,야목,214,173,387,41,2,19,토
2022-02-19,수인선,어천,564,508,1072,56,2,19,토
2022-02-19,수인선,오목천,1750,1506,3256,244,2,19,토
2022-02-19,수인선,고색,2458,2452,4910,6,2,19,토
2022-02-19,분당선,매교,1809,1804,3613,5,2,19,토
2022-02-19,분당선,수원시청,9807,10131,19938,-324,2,19,토
2022-02-19,분당선,매탄권선,2986,2854,5840,132,2,19,토
2022-02-19,분당선,망포,8164,7549,15713,615,2,19,토
2022-02-19,분당선,영통,5866,5790,11656,76,2,19,토
2022-02-19,분당선,청명,2237,2295,4532,-58,2,19,토
2022-02-19,분당선,상갈,3169,3202,6371,-33,2,19,토
2022-02-19,분당선,기흥,5707,5605,11312,102,2,19,토
2022-02-19,분당선,신갈,2303,2364,4667,-61,2,19,토
2022-02-19,분당선,구성,2847,3074,5921,-227,2,19,토
2022-02-19,분당선,죽전,8915,9989,18904,-1074,2,19,토
2022-02-19,분당선,보정,1414,1335,2749,79,2,19,토
2022-02-19,분당선,이매,3627,3728,7355,-101,2,19,토
2022-02-19,분당선,오리,6919,5737,12656,1182,2,19,토
2022-02-19,분당선,미금,9507,9903,19410,-396,2,19,토
2022-02-19,분당선,정자,9641,9839,19480,-198,2,19,토
2022-02-19,분당선,수내,7827,7483,15310,344,2,19,토
2022-02-19,분당선,서현,17895,17672,35567,223,2,19,토
2022-02-19,분당선,야탑,16008,16585,32593,-577,2,19,토
2022-02-19,분당선,모란,19649,20392,40041,-743,2,19,토
2022-02-19,분당선,태평,9907,9461,19368,446,2,19,토
2022-02-19,분당선,가천대,4400,4931,9331,-531,2,19,토
2022-02-19,분당선,선정릉,3232,3302,6534,-70,2,19,토
2022-02-19,분당선,강남구청,5305,6348,11653,-1043,2,19,토
2022-02-19,분당선,압구정로데오,17529,18875,36404,-1346,2,19,토
2022-02-19,분당선,서울숲,6222,6408,12630,-186,2,19,토
2022-02-19,분당선,수원,6114,5329,11443,785,2,19,토
2022-02-19,분당선,복정,1,0,1,1,2,19,토
2022-02-19,분당선,수서,9268,9621,18889,-353,2,19,토
2022-02-19,분당선,대모산입구,2714,2547,5261,167,2,19,토
2022-02-19,분당선,개포동,2413,2383,4796,30,2,19,토
2022-02-19,분당선,구룡,1071,1028,2099,43,2,19,토
2022-02-19,분당선,도곡,4404,3815,8219,589,2,19,토
2022-02-19,분당선,한티,11298,11141,22439,157,2,19,토
2022-02-19,분당선,선릉,4754,7400,12154,-2646,2,19,토
2022-02-19,과천선,범계,17615,17013,34628,602,2,19,토
2022-02-19,과천선,평촌,8070,7948,16018,122,2,19,토
2022-02-19,과천선,인덕원,13870,14067,27937,-197,2,19,토
2022-02-19,과천선,정부과천청사,5544,5452,10996,92,2,19,토
2022-02-19,과천선,과천,4048,3722,7770,326,2,19,토
2022-02-19,과천선,대공원,3292,3513,6805,-221,2,19,토
2022-02-19,과천선,경마공원,7811,7816,15627,-5,2,19,토
2022-02-19,과천선,선바위,4469,3989,8458,480,2,19,토
2022-02-19,공항철도 1호선,영종,2420,2392,4812,28,2,19,토
2022-02-19,공항철도 1호선,인천공항2터미널,1724,1654,3378,70,2,19,토
2022-02-19,공항철도 1호선,인천공항1터미널,2734,3063,5797,-329,2,19,토
2022-02-19,공항철도 1호선,공항화물청사,1220,1238,2458,-18,2,19,토
2022-02-19,공항철도 1호선,운서,5227,5290,10517,-63,2,19,토
2022-02-19,공항철도 1호선,청라국제도시,3467,3435,6902,32,2,19,토
2022-02-19,공항철도 1호선,검암,3748,3864,7612,-116,2,19,토
2022-02-19,공항철도 1호선,계양,5828,5561,11389,267,2,19,토
2022-02-19,공항철도 1호선,김포공항,10694,5157,15851,5537,2,19,토
2022-02-19,공항철도 1호선,마곡나루(서울식물원),2576,2769,5345,-193,2,19,토
2022-02-19,공항철도 1호선,디지털미디어시티,4724,4372,9096,352,2,19,토
2022-02-19,공항철도 1호선,홍대입구,10320,10264,20584,56,2,19,토
2022-02-19,공항철도 1호선,공덕,1330,2169,3499,-839,2,19,토
2022-02-19,공항철도 1호선,서울역,6170,6026,12196,144,2,19,토
2022-02-19,경춘선,춘천,1076,1062,2138,14,2,19,토
2022-02-19,경춘선,남춘천,2060,2063,4123,-3,2,19,토
2022-02-19,경춘선,김유정,392,381,773,11,2,19,토
2022-02-19,경춘선,강촌,374,435,809,-61,2,19,토
2022-02-19,경춘선,백양리,318,301,619,17,2,19,토
2022-02-19,경춘선,굴봉산,126,160,286,-34,2,19,토
2022-02-19,경춘선,가평,1317,1510,2827,-193,2,19,토
2022-02-19,경춘선,상천,239,271,510,-32,2,19,토
2022-02-19,경춘선,청평,1280,1327,2607,-47,2,19,토
2022-02-19,경춘선,대성리,410,415,825,-5,2,19,토
2022-02-19,경춘선,마석,2550,2397,4947,153,2,19,토
2022-02-19,경춘선,천마산,1138,1180,2318,-42,2,19,토
2022-02-19,경춘선,평내호평,3778,3682,7460,96,2,19,토
2022-02-19,경춘선,금곡,948,834,1782,114,2,19,토
2022-02-19,경춘선,사릉,1951,1864,3815,87,2,19,토
2022-02-19,경춘선,퇴계원,2167,2009,4176,158,2,19,토
2022-02-19,경춘선,별내,2029,1907,3936,122,2,19,토
2022-02-19,경춘선,갈매,1734,1502,3236,232,2,19,토
2022-02-19,경춘선,신내,1093,1038,2131,55,2,19,토
2022-02-19,경인선,도화,2716,2473,5189,243,2,19,토
2022-02-19,경인선,중동,5781,5464,11245,317,2,19,토
2022-02-19,경인선,온수(성공회대입구),4042,3962,8004,80,2,19,토
2022-02-19,경인선,도원,3160,3202,6362,-42,2,19,토
2022-02-19,경인선,간석,3682,3629,7311,53,2,19,토
2022-02-19,경인선,부개,5392,5120,10512,272,2,19,토
2022-02-19,경인선,소사,6366,6140,12506,226,2,19,토
2022-02-19,경인선,구일,3677,3739,7416,-62,2,19,토
2022-02-19,경인선,인천,3189,2724,5913,465,2,19,토
2022-02-19,경인선,동인천,10125,10028,20153,97,2,19,토
2022-02-19,경인선,제물포,6362,6259,12621,103,2,19,토
2022-02-19,경인선,주안,13804,12139,25943,1665,2,19,토
2022-02-19,경인선,동암,10491,10939,21430,-448,2,19,토
2022-02-19,경인선,백운,4468,4378,8846,90,2,19,토
2022-02-19,경인선,부평,24831,26585,51416,-1754,2,19,토
2022-02-19,경인선,송내,15131,15150,30281,-19,2,19,토
2022-02-19,경인선,부천,24878,25629,50507,-751,2,19,토
2022-02-19,경인선,역곡,17269,17325,34594,-56,2,19,토
2022-02-19,경인선,오류동,7705,7190,14895,515,2,19,토
2022-02-19,경인선,개봉,14176,13977,28153,199,2,19,토
2022-02-19,경의선,임진강,15,24,39,-9,2,19,토
2022-02-19,경의선,문산,3849,3730,7579,119,2,19,토
2022-02-19,경의선,파주,714,510,1224,204,2,19,토
2022-02-19,경의선,월롱,1527,1368,2895,159,2,19,토
2022-02-19,경의선,금촌,4467,4407,8874,60,2,19,토
2022-02-19,경의선,금릉,3175,3067,6242,108,2,19,토
2022-02-19,경의선,운정,4070,3875,7945,195,2,19,토
2022-02-19,경의선,야당,5214,5110,10324,104,2,19,토
2022-02-19,경의선,탄현,4597,4541,9138,56,2,19,토
2022-02-19,경의선,일산,5288,5023,10311,265,2,19,토
2022-02-19,경의선,풍산,3732,3637,7369,95,2,19,토
2022-02-19,경의선,백마,3827,3831,7658,-4,2,19,토
2022-02-19,경의선,곡산,348,349,697,-1,2,19,토
2022-02-19,경의선,능곡,2410,2262,4672,148,2,19,토
2022-02-19,경의선,행신,4330,4494,8824,-164,2,19,토
2022-02-19,경의선,강매,1674,1570,3244,104,2,19,토
2022-02-19,경의선,화전,804,733,1537,71,2,19,토
2022-02-19,경의선,수색,1339,1326,2665,13,2,19,토
2022-02-19,경의선,디지털미디어시티,1583,1410,2993,173,2,19,토
2022-02-19,경의선,가좌,3323,3263,6586,60,2,19,토
2022-02-19,경의선,홍대입구,1487,1983,3470,-496,2,19,토
2022-02-19,경의선,서강대,1398,1402,2800,-4,2,19,토
2022-02-19,경의선,공덕,2381,1743,4124,638,2,19,토
2022-02-19,경의선,효창공원앞,1589,1780,3369,-191,2,19,토
2022-02-19,경의선,신촌,276,356,632,-80,2,19,토
2022-02-19,경의선,서울역,975,1085,2060,-110,2,19,토
2022-02-19,경원선,소요산,2760,2417,5177,343,2,19,토
2022-02-19,경원선,동두천,1333,1530,2863,-197,2,19,토
2022-02-19,경원선,보산,1219,1226,2445,-7,2,19,토
2022-02-19,경원선,동두천중앙,2118,2067,4185,51,2,19,토
2022-02-19,경원선,지행,4546,4650,9196,-104,2,19,토
2022-02-19,경원선,덕정,3617,3360,6977,257,2,19,토
2022-02-19,경원선,덕계,2040,1845,3885,195,2,19,토
2022-02-19,경원선,양주,5347,5054,10401,293,2,19,토
2022-02-19,경원선,녹양,2961,2796,5757,165,2,19,토
2022-02-19,경원선,가능,4546,4268,8814,278,2,19,토
2022-02-19,경원선,의정부,15351,15746,31097,-395,2,19,토
2022-02-19,경원선,회룡,8437,8306,16743,131,2,19,토
2022-02-19,경원선,망월사,4879,5025,9904,-146,2,19,토
2022-02-19,경원선,도봉산,7568,5339,12907,2229,2,19,토
2022-02-19,경원선,도봉,4015,3758,7773,257,2,19,토
2022-02-19,경원선,방학,6940,6749,13689,191,2,19,토
2022-02-19,경원선,녹천,2894,2404,5298,490,2,19,토
2022-02-19,경원선,월계,4363,3964,8327,399,2,19,토
2022-02-19,경원선,광운대,4650,4588,9238,62,2,19,토
2022-02-19,경원선,석계,5869,6004,11873,-135,2,19,토
2022-02-19,경원선,신이문,5395,4799,10194,596,2,19,토
2022-02-19,경원선,외대앞,5431,5233,10664,198,2,19,토
2022-02-19,경원선,청량리(서울시립대입구),13145,14098,27243,-953,2,19,토
2022-02-19,경원선,왕십리(성동구청),10827,12290,23117,-1463,2,19,토
2022-02-19,경원선,응봉,1205,980,2185,225,2,19,토
2022-02-19,경원선,옥수,23,24,47,-1,2,19,토
2022-02-19,경원선,한남,2309,2229,4538,80,2,19,토
2022-02-19,경원선,서빙고,1251,1225,2476,26,2,19,토
2022-02-19,경원선,이촌(국립중앙박물관),2431,1800,4231,631,2,19,토
2022-02-19,경부선,광명,2190,2032,4222,158,2,19,토
2022-02-19,경부선,서동탄,851,924,1775,-73,2,19,토
2022-02-19,경부선,당정,3479,3324,6803,155,2,19,토
2022-02-19,경부선,천안,4769,5027,9796,-258,2,19,토
2022-02-19,경부선,두정,4191,4213,8404,-22,2,19,토
2022-02-19,경부선,직산,569,482,1051,87,2,19,토
2022-02-19,경부선,성환,2271,2119,4390,152,2,19,토
2022-02-19,경부선,평택,10696,10228,20924,468,2,19,토
2022-02-19,경부선,평택지제,2720,2595,5315,125,2,19,토
2022-02-19,경부선,서정리,5787,4813,10600,974,2,19,토
2022-02-19,경부선,송탄,4143,3674,7817,469,2,19,토
2022-02-19,경부선,진위,799,709,1508,90,2,19,토
2022-02-19,경부선,오산,7747,7238,14985,509,2,19,토
2022-02-19,경부선,오산대,2294,2016,4310,278,2,19,토
2022-02-19,경부선,세마,1749,1603,3352,146,2,19,토
2022-02-19,경부선,병점,10106,10175,20281,-69,2,19,토
2022-02-19,경부선,세류,2022,2051,4073,-29,2,19,토
2022-02-19,경부선,독산,7670,7735,15405,-65,2,19,토
2022-02-19,경부선,수원,30574,32351,62925,-1777,2,19,토
2022-02-19,경부선,화서,4467,4594,9061,-127,2,19,토
2022-02-19,경부선,성균관대,9223,9419,18642,-196,2,19,토
2022-02-19,경부선,의왕,5022,4991,10013,31,2,19,토
2022-02-19,경부선,군포,3875,3657,7532,218,2,19,토
2022-02-19,경부선,금정,16195,16413,32608,-218,2,19,토
2022-02-19,경부선,명학,4770,4744,9514,26,2,19,토
2022-02-19,경부선,안양,14972,15116,30088,-144,2,19,토
2022-02-19,경부선,관악,4927,4642,9569,285,2,19,토
2022-02-19,경부선,석수,5933,5693,11626,240,2,19,토
2022-02-19,경부선,금천구청,7326,7315,14641,11,2,19,토
2022-02-19,경부선,가산디지털단지,5354,7335,12689,-1981,2,19,토
2022-02-19,경부선,구로,11509,12111,23620,-602,2,19,토
2022-02-19,경부선,신길,5339,4562,9901,777,2,19,토
2022-02-19,경부선,신도림,2710,2606,5316,104,2,19,토
2022-02-19,경부선,영등포,34172,34817,68989,-645,2,19,토
2022-02-19,경부선,대방,7007,7087,14094,-80,2,19,토
2022-02-19,경부선,노량진,6729,6458,13187,271,2,19,토
2022-02-19,경부선,용산,27599,29094,56693,-1495,2,19,토
2022-02-19,경부선,남영,5310,5986,11296,-676,2,19,토
2022-02-19,경부선,서울역,5545,1613,7158,3932,2,19,토
2022-02-19,경강선,여주,1694,1807,3501,-113,2,19,토
2022-02-19,경강선,세종대왕릉,212,242,454,-30,2,19,토
2022-02-19,경강선,부발,1779,1483,3262,296,2,19,토
2022-02-19,경강선,이천,2267,2257,4524,10,2,19,토
2022-02-19,경강선,신둔도예촌,928,878,1806,50,2,19,토
2022-02-19,경강선,곤지암,1589,1660,3249,-71,2,19,토
2022-02-19,경강선,초월,1936,1796,3732,140,2,19,토
2022-02-19,경강선,경기광주,4567,4470,9037,97,2,19,토
2022-02-19,경강선,삼동,1283,1268,2551,15,2,19,토
2022-02-19,경강선,이매,651,509,1160,142,2,19,토
2022-02-19,경강선,판교,2822,2670,5492,152,2,19,토
2022-02-19,9호선2~3단계,중앙보훈병원,4242,3951,8193,291,2,19,토
2022-02-19,9호선2~3단계,둔촌오륜,516,531,1047,-15,2,19,토
2022-02-19,9호선2~3단계,올림픽공원(한국체대),6306,6111,12417,195,2,19,토
2022-02-19,9호선2~3단계,한성백제,1782,1560,3342,222,2,19,토
2022-02-19,9호선2~3단계,송파나루,4123,4185,8308,-62,2,19,토
2022-02-19,9호선2~3단계,석촌,5966,5005,10971,961,2,19,토
2022-02-19,9호선2~3단계,석촌고분,3780,3749,7529,31,2,19,토
2022-02-19,9호선2~3단계,삼전,4612,4487,9099,125,2,19,토
2022-02-19,9호선2~3단계,종합운동장,2660,2517,5177,143,2,19,토
2022-02-19,9호선2~3단계,봉은사,11106,11935,23041,-829,2,19,토
2022-02-19,9호선2~3단계,삼성중앙,2902,2954,5856,-52,2,19,토
2022-02-19,9호선2~3단계,선정릉,4165,4618,8783,-453,2,19,토
2022-02-19,9호선2~3단계,언주,5790,5837,11627,-47,2,19,토
2022-02-19,9호선,신논현,23369,23060,46429,309,2,19,토
2022-02-19,9호선,사평,2035,1918,3953,117,2,19,토
2022-02-19,9호선,고속터미널,9526,13993,23519,-4467,2,19,토
2022-02-19,9호선,신반포,2376,2263,4639,113,2,19,토
2022-02-19,9호선,구반포,1049,1090,2139,-41,2,19,토
2022-02-19,9호선,동작(현충원),1564,1165,2729,399,2,19,토
2022-02-19,9호선,흑석(중앙대입구),4933,4892,9825,41,2,19,토
2022-02-19,9호선,노들,2760,2473,5233,287,2,19,토
2022-02-19,9호선,노량진,18602,18296,36898,306,2,19,토
2022-02-19,9호선,샛강,2148,2137,4285,11,2,19,토
2022-02-19,9호선,여의도,10398,9627,20025,771,2,19,토
2022-02-19,9호선,당산,11301,10690,21991,611,2,19,토
2022-02-19,9호선,선유도,3409,3295,6704,114,2,19,토
2022-02-19,9호선,신목동,2016,1782,3798,234,2,19,토
2022-02-19,9호선,염창,10284,9547,19831,737,2,19,토
2022-02-19,9호선,등촌,6483,6346,12829,137,2,19,토
2022-02-19,9호선,증미,3687,3715,7402,-28,2,19,토
2022-02-19,9호선,가양,12431,11795,24226,636,2,19,토
2022-02-19,9호선,양천향교,5305,5060,10365,245,2,19,토
2022-02-19,9호선,마곡나루(서울식물원),7496,7236,14732,260,2,19,토
2022-02-19,9호선,신방화,4200,4133,8333,67,2,19,토
2022-02-19,9호선,공항시장,2070,2275,4345,-205,2,19,토
2022-02-19,9호선,김포공항,7008,10825,17833,-3817,2,19,토
2022-02-19,9호선,개화,1073,950,2023,123,2,19,토
2022-02-19,8호선,남위례,2626,2747,5373,-121,2,19,토
2022-02-19,8호선,모란,5105,4275,9380,830,2,19,토
2022-02-19,8호선,수진,4092,3725,7817,367,2,19,토
2022-02-19,8호선,신흥,3279,3530,6809,-251,2,19,토
2022-02-19,8호선,단대오거리,7052,6753,13805,299,2,19,토
2022-02-19,8호선,남한산성입구(성남법원.검찰청),8324,7575,15899,749,2,19,토
2022-02-19,8호선,산성,3757,3858,7615,-101,2,19,토
2022-02-19,8호선,복정,5758,4761,10519,997,2,19,토
2022-02-19,8호선,장지,10933,10256,21189,677,2,19,토
2022-02-19,8호선,문정,7990,8221,16211,-231,2,19,토
2022-02-19,8호선,가락시장,4989,5067,10056,-78,2,19,토
2022-02-19,8호선,송파,4636,4683,9319,-47,2,19,토
2022-02-19,8호선,석촌,5353,6576,11929,-1223,2,19,토
2022-02-19,8호선,잠실(송파구청),11153,12641,23794,-1488,2,19,토
2022-02-19,8호선,몽촌토성(평화의문),4120,3906,8026,214,2,19,토
2022-02-19,8호선,강동구청,5492,5524,11016,-32,2,19,토
2022-02-19,8호선,천호(풍납토성),10997,12912,23909,-1915,2,19,토
2022-02-19,8호선,암사,11055,10353,21408,702,2,19,토
2022-02-19,7호선,상동,2,0,2,2,2,19,토
2022-02-19,7호선,신중동,1,0,1,1,2,19,토
2022-02-19,7호선,춘의,1,0,1,1,2,19,토
2022-02-19,7호선,온수(성공회대입구),4975,4798,9773,177,2,19,토
2022-02-19,7호선,천왕,6019,5801,11820,218,2,19,토
2022-02-19,7호선,광명사거리,14988,15070,30058,-82,2,19,토
2022-02-19,7호선,철산,12957,13190,26147,-233,2,19,토
2022-02-19,7호선,가산디지털단지,12962,11635,24597,1327,2,19,토
2022-02-19,7호선,남구로,7606,8003,15609,-397,2,19,토
2022-02-19,7호선,대림(구로구청),5922,6187,12109,-265,2,19,토
2022-02-19,7호선,신풍,7124,6874,13998,250,2,19,토
2022-02-19,7호선,보라매,5267,5081,10348,186,2,19,토
2022-02-19,7호선,신대방삼거리,10421,9950,20371,471,2,19,토
2022-02-19,7호선,장승배기,5874,5677,11551,197,2,19,토
2022-02-19,7호선,상도,6600,6170,12770,430,2,19,토
2022-02-19,7호선,숭실대입구(살피재),7092,7137,14229,-45,2,19,토
2022-02-19,7호선,남성,6883,6495,13378,388,2,19,토
2022-02-19,7호선,이수,10858,10035,20893,823,2,19,토
2022-02-19,7호선,내방,6941,6924,13865,17,2,19,토
2022-02-19,7호선,고속터미널,12008,9188,21196,2820,2,19,토
2022-02-19,7호선,반포,3900,3722,7622,178,2,19,토
2022-02-19,7호선,논현,10221,11223,21444,-1002,2,19,토
2022-02-19,7호선,학동,9844,10350,20194,-506,2,19,토
2022-02-19,7호선,강남구청,9133,10057,19190,-924,2,19,토
2022-02-19,7호선,청담,10299,11098,21397,-799,2,19,토
2022-02-19,7호선,뚝섬유원지,5098,5005,10103,93,2,19,토
2022-02-19,7호선,건대입구,9395,9556,18951,-161,2,19,토
2022-02-19,7호선,어린이대공원(세종대),8983,8680,17663,303,2,19,토
2022-02-19,7호선,군자(능동),9562,7436,16998,2126,2,19,토
2022-02-19,7호선,중곡,6249,6167,12416,82,2,19,토
2022-02-19,7호선,용마산(용마폭포공원),4173,4390,8563,-217,2,19,토
2022-02-19,7호선,사가정,11073,10835,21908,238,2,19,토
2022-02-19,7호선,상봉(시외버스터미널),12125,11387,23512,738,2,19,토
2022-02-19,6호선,망원,11861,12626,24487,-765,2,19,토
2022-02-19,6호선,마포구청,8582,7746,16328,836,2,19,토
2022-02-19,6호선,월드컵경기장(성산),3258,3304,6562,-46,2,19,토
2022-02-19,5호선,군자(능동),7634,8345,15979,-711,2,19,토
2022-02-19,5호선,아차산(어린이대공원후문),11366,10984,22350,382,2,19,토
2022-02-19,5호선,광나루(장신대),8696,8261,16957,435,2,19,토
2022-02-19,5호선,천호(풍납토성),14976,14000,28976,976,2,19,토
2022-02-19,5호선,강동,11917,11403,23320,514,2,19,토
2022-02-19,5호선,길동,5461,5696,11157,-235,2,19,토
2022-02-19,5호선,굽은다리(강동구민회관앞),6346,5965,12311,381,2,19,토
2022-02-19,5호선,명일,5472,5540,11012,-68,2,19,토
2022-02-19,5호선,고덕,5492,5408,10900,84,2,19,토
2022-02-19,5호선,상일동,8224,7889,16113,335,2,19,토
2022-02-19,5호선,둔촌동,5706,5727,11433,-21,2,19,토
2022-02-19,5호선,올림픽공원(한국체대),2698,2438,5136,260,2,19,토
2022-02-19,5호선,방이,4987,4978,9965,9,2,19,토
2022-02-19,5호선,개롱,3697,3921,7618,-224,2,19,토
2022-02-19,5호선,거여,5453,5306,10759,147,2,19,토
2022-02-19,5호선,마천,4303,4552,8855,-249,2,19,토
2022-02-19,5호선,강일,2447,2310,4757,137,2,19,토
2022-02-19,5호선,미사,10516,10438,20954,78,2,19,토
2022-02-19,5호선,하남풍산,2316,2390,4706,-74,2,19,토
2022-02-19,5호선,하남시청(덕풍·신장),4948,4833,9781,115,2,19,토
2022-02-19,5호선,하남검단산,4633,4797,9430,-164,2,19,토
2022-02-19,6호선,응암,11156,11205,22361,-49,2,19,토
2022-02-19,6호선,역촌,2489,2864,5353,-375,2,19,토
2022-02-19,6호선,불광,3329,3026,6355,303,2,19,토
2022-02-19,6호선,독바위,1682,1985,3667,-303,2,19,토
2022-02-19,6호선,구산,4934,3784,8718,1150,2,19,토
2022-02-19,6호선,새절(신사),7604,7429,15033,175,2,19,토
2022-02-19,6호선,증산(명지대앞),6505,6593,13098,-88,2,19,토
2022-02-19,6호선,디지털미디어시티,6264,6531,12795,-267,2,19,토
2022-02-20,분당선,개포동,1527,1590,3117,-63,2,20,일
2022-02-20,분당선,구룡,627,657,1284,-30,2,20,일
2022-02-20,분당선,도곡,2289,2362,4651,-73,2,20,일
2022-02-20,분당선,한티,7491,7151,14642,340,2,20,일
2022-02-20,분당선,선릉,2384,3797,6181,-1413,2,20,일
2022-02-20,과천선,범계,12374,11922,24296,452,2,20,일
2022-02-20,과천선,평촌,5509,5506,11015,3,2,20,일
2022-02-20,과천선,인덕원,9690,9939,19629,-249,2,20,일
2022-02-20,과천선,정부과천청사,3740,3724,7464,16,2,20,일
2022-02-20,과천선,과천,2841,2789,5630,52,2,20,일
2022-02-20,과천선,대공원,2508,2574,5082,-66,2,20,일
2022-02-20,과천선,경마공원,8344,8390,16734,-46,2,20,일
2022-02-20,과천선,선바위,3146,2898,6044,248,2,20,일
2022-02-20,공항철도 1호선,영종,1899,1820,3719,79,2,20,일
2022-02-20,공항철도 1호선,인천공항2터미널,1535,1506,3041,29,2,20,일
2022-02-20,공항철도 1호선,인천공항1터미널,2808,2988,5796,-180,2,20,일
2022-02-20,공항철도 1호선,공항화물청사,878,953,1831,-75,2,20,일
2022-02-20,공항철도 1호선,운서,4199,4523,8722,-324,2,20,일
2022-02-20,공항철도 1호선,청라국제도시,2478,2450,4928,28,2,20,일
2022-02-20,공항철도 1호선,검암,2899,2917,5816,-18,2,20,일
2022-02-20,공항철도 1호선,계양,4175,4109,8284,66,2,20,일
2022-02-20,공항철도 1호선,김포공항,10599,5349,15948,5250,2,20,일
2022-02-20,공항철도 1호선,마곡나루(서울식물원),1784,2042,3826,-258,2,20,일
2022-02-20,공항철도 1호선,디지털미디어시티,3253,3179,6432,74,2,20,일
2022-02-20,공항철도 1호선,홍대입구,8405,7626,16031,779,2,20,일
2022-02-20,공항철도 1호선,공덕,1103,1573,2676,-470,2,20,일
2022-02-20,공항철도 1호선,서울역,5989,5078,11067,911,2,20,일
2022-02-20,경춘선,춘천,992,822,1814,170,2,20,일
2022-02-20,경춘선,남춘천,1803,1733,3536,70,2,20,일
2022-02-20,경춘선,김유정,387,353,740,34,2,20,일
2022-02-20,경춘선,강촌,413,382,795,31,2,20,일
2022-02-20,경춘선,백양리,249,262,511,-13,2,20,일
2022-02-20,경춘선,굴봉산,174,171,345,3,2,20,일
2022-02-20,경춘선,가평,1354,1088,2442,266,2,20,일
2022-02-20,경춘선,상천,219,176,395,43,2,20,일
2022-02-20,경춘선,청평,1093,1000,2093,93,2,20,일
2022-02-20,경춘선,대성리,365,290,655,75,2,20,일
2022-02-20,경춘선,마석,1918,1859,3777,59,2,20,일
2022-02-20,경춘선,천마산,811,821,1632,-10,2,20,일
2022-02-20,경춘선,평내호평,2705,2608,5313,97,2,20,일
2022-02-20,경춘선,금곡,672,677,1349,-5,2,20,일
2022-02-20,경춘선,사릉,1319,1352,2671,-33,2,20,일
2022-02-20,경춘선,퇴계원,1617,1569,3186,48,2,20,일
2022-02-20,경춘선,별내,1505,1450,2955,55,2,20,일
2022-02-20,분당선,구성,2014,2235,4249,-221,2,20,일
2022-02-20,분당선,신갈,1594,1638,3232,-44,2,20,일
2022-02-20,분당선,기흥,4275,4163,8438,112,2,20,일
2022-02-20,분당선,상갈,2327,2409,4736,-82,2,20,일
2022-02-20,분당선,청명,1593,1637,3230,-44,2,20,일
2022-02-20,분당선,영통,4162,4099,8261,63,2,20,일
2022-02-20,분당선,망포,5341,5692,11033,-351,2,20,일
2022-02-20,분당선,매탄권선,2064,2076,4140,-12,2,20,일
2022-02-20,분당선,수원시청,6433,6454,12887,-21,2,20,일
2022-02-20,분당선,매교,1121,1155,2276,-34,2,20,일
2022-02-20,수인선,고색,1647,1742,3389,-95,2,20,일
2022-02-20,수인선,오목천,1168,1141,2309,27,2,20,일
2022-02-20,수인선,어천,377,446,823,-69,2,20,일
2022-02-20,수인선,야목,163,141,304,22,2,20,일
2022-02-20,수인선,사리,2099,1783,3882,316,2,20,일
2022-02-20,수인선,달월,32,35,67,-3,2,20,일
2022-02-20,수인선,월곶,1318,1286,2604,32,2,20,일
2022-02-20,수인선,소래포구,3011,2849,5860,162,2,20,일
2022-02-20,수인선,인천논현,2385,2495,4880,-110,2,20,일
2022-02-20,수인선,호구포,1500,1606,3106,-106,2,20,일
2022-02-20,수인선,남동인더스파크,496,489,985,7,2,20,일
2022-02-20,수인선,원인재,2356,2437,4793,-81,2,20,일
2022-02-20,수인선,연수,2646,2567,5213,79,2,20,일
2022-02-20,수인선,송도,1236,1184,2420,52,2,20,일
2022-02-20,수인선,인하대,2633,2473,5106,160,2,20,일
2022-02-20,수인선,숭의,1602,1446,3048,156,2,20,일
2022-02-20,수인선,신포,853,861,1714,-8,2,20,일
2022-02-20,수인선,인천,810,1198,2008,-388,2,20,일
2022-02-20,안산선,산본,7201,7695,14896,-494,2,20,일
2022-02-20,안산선,대야미,2327,2165,4492,162,2,20,일
2022-02-20,안산선,반월,1974,1925,3899,49,2,20,일
2022-02-20,안산선,상록수,7376,7416,14792,-40,2,20,일
2022-02-20,안산선,한대앞,4352,4262,8614,90,2,20,일
2022-02-20,안산선,중앙,9173,9108,18281,65,2,20,일
2022-02-20,안산선,고잔,3812,3724,7536,88,2,20,일
2022-02-20,안산선,초지,1862,1862,3724,0,2,20,일
2022-02-20,안산선,안산,7136,6539,13675,597,2,20,일
2022-02-20,안산선,신길온천,844,807,1651,37,2,20,일
2022-02-20,안산선,정왕,4054,4257,8311,-203,2,20,일
2022-02-20,안산선,오이도,4526,4403,8929,123,2,20,일
2022-02-20,안산선,수리산,1667,1668,3335,-1,2,20,일
2022-02-20,우이신설선,북한산우이,2037,2029,4066,8,2,20,일
2022-02-20,우이신설선,솔밭공원,1144,1073,2217,71,2,20,일
2022-02-20,우이신설선,4.19민주묘지,1561,1381,2942,180,2,20,일
2022-02-20,우이신설선,가오리,2035,1926,3961,109,2,20,일
2022-02-20,우이신설선,화계,1700,1589,3289,111,2,20,일
2022-02-20,우이신설선,삼양,1086,1087,2173,-1,2,20,일
2022-02-20,우이신설선,삼양사거리,1363,1260,2623,103,2,20,일
2022-02-20,4호선,한성대입구(삼선교),6372,6413,12785,-41,2,20,일
2022-02-20,4호선,혜화,18695,18854,37549,-159,2,20,일
2022-02-20,4호선,동대문,4757,5547,10304,-790,2,20,일
2022-02-20,4호선,동대문역사문화공원(DDP),6954,6476,13430,478,2,20,일
2022-02-20,4호선,충무로,6678,6834,13512,-156,2,20,일
2022-02-20,4호선,명동,8738,8651,17389,87,2,20,일
2022-02-20,4호선,회현(남대문시장),7258,7285,14543,-27,2,20,일
2022-02-20,4호선,서울역,3368,7824,11192,-4456,2,20,일
2022-02-20,4호선,숙대입구(갈월),6227,5883,12110,344,2,20,일
2022-02-20,4호선,삼각지,2103,2669,4772,-566,2,20,일
2022-02-20,4호선,신용산,6537,6905,13442,-368,2,20,일
2022-02-20,4호선,이촌(국립중앙박물관),3858,4260,8118,-402,2,20,일
2022-02-20,4호선,동작(현충원),1102,1188,2290,-86,2,20,일
2022-02-20,4호선,총신대입구(이수),8403,9256,17659,-853,2,20,일
2022-02-20,4호선,사당,12535,11676,24211,859,2,20,일
2022-02-20,4호선,남태령,536,418,954,118,2,20,일
2022-02-20,4호선,당고개,6317,6091,12408,226,2,20,일
2022-02-20,4호선,상계,8653,8099,16752,554,2,20,일
2022-02-20,4호선,노원,9842,10698,20540,-856,2,20,일
2022-02-20,4호선,창동,13559,14105,27664,-546,2,20,일
2022-02-20,4호선,쌍문,13442,11958,25400,1484,2,20,일
2022-02-20,5호선,방화,2894,3076,5970,-182,2,20,일
2022-02-20,5호선,개화산,2289,2330,4619,-41,2,20,일
2022-02-20,5호선,김포공항,6376,6098,12474,278,2,20,일
2022-02-20,5호선,송정,3029,3083,6112,-54,2,20,일
2022-02-20,5호선,마곡,3165,3287,6452,-122,2,20,일
2022-02-20,5호선,발산,7755,7935,15690,-180,2,20,일
2022-02-20,5호선,우장산,5643,5785,11428,-142,2,20,일
2022-02-20,5호선,화곡,11856,11389,23245,467,2,20,일
2022-02-20,5호선,까치산,13212,13134,26346,78,2,20,일
2022-02-20,5호선,신정(은행정),5431,4907,10338,524,2,20,일
2022-02-20,5호선,목동,6457,6748,13205,-291,2,20,일
2022-02-20,5호선,오목교(목동운동장앞),10195,10281,20476,-86,2,20,일
2022-02-20,5호선,양평,2222,2285,4507,-63,2,20,일
2022-02-20,5호선,영등포구청,1110,1078,2188,32,2,20,일
2022-02-20,5호선,영등포시장,4783,5020,9803,-237,2,20,일
2022-02-20,5호선,신길,1565,1827,3392,-262,2,20,일
2022-02-20,5호선,여의도,6854,6966,13820,-112,2,20,일
2022-02-20,5호선,여의나루,4174,5410,9584,-1236,2,20,일
2022-02-20,5호선,마포,4170,4284,8454,-114,2,20,일
2022-02-20,5호선,공덕,3806,3906,7712,-100,2,20,일
2022-02-20,5호선,애오개,2238,2368,4606,-130,2,20,일
2022-02-20,5호선,충정로(경기대입구),1202,1256,2458,-54,2,20,일
2022-02-20,5호선,서대문,4339,4245,8584,94,2,20,일
2022-02-20,5호선,광화문(세종문화회관),8791,8762,17553,29,2,20,일
2022-02-20,5호선,종로3가,6672,6027,12699,645,2,20,일
2022-02-20,5호선,을지로4가,1220,1309,2529,-89,2,20,일
2022-02-20,5호선,동대문역사문화공원(DDP),671,734,1405,-63,2,20,일
2022-02-20,5호선,청구,1598,1386,2984,212,2,20,일
2022-02-20,5호선,신금호,2584,2814,5398,-230,2,20,일
2022-02-20,5호선,행당,3350,3013,6363,337,2,20,일
2022-02-20,5호선,왕십리(성동구청),2229,2555,4784,-326,2,20,일
2022-02-20,5호선,마장,2413,2257,4670,156,2,20,일
2022-02-20,5호선,답십리,6254,5827,12081,427,2,20,일
2022-02-20,5호선,장한평,6570,6672,13242,-102,2,20,일
2022-02-20,5호선,군자(능동),5142,5697,10839,-555,2,20,일
2022-02-20,5호선,아차산(어린이대공원후문),8876,8559,17435,317,2,20,일
2022-02-20,5호선,광나루(장신대),6269,6311,12580,-42,2,20,일
2022-02-20,5호선,천호(풍납토성),10831,9978,20809,853,2,20,일
2022-02-20,5호선,강동,8173,8004,16177,169,2,20,일
2022-02-20,5호선,길동,3546,3696,7242,-150,2,20,일
2022-02-20,5호선,굽은다리(강동구민회관앞),4674,4380,9054,294,2,20,일
2022-02-20,5호선,명일,3865,3931,7796,-66,2,20,일
2022-02-20,5호선,고덕,3700,3730,7430,-30,2,20,일
2022-02-20,5호선,상일동,5441,5464,10905,-23,2,20,일
2022-02-20,5호선,둔촌동,3745,3969,7714,-224,2,20,일
2022-02-20,5호선,올림픽공원(한국체대),1851,1719,3570,132,2,20,일
2022-02-20,5호선,방이,3226,3228,6454,-2,2,20,일
2022-02-20,5호선,오금,1259,1263,2522,-4,2,20,일
2022-02-20,5호선,개롱,2410,2678,5088,-268,2,20,일
2022-02-20,5호선,거여,3825,3644,7469,181,2,20,일
2022-02-20,5호선,마천,3036,3345,6381,-309,2,20,일
2022-02-20,5호선,강일,1725,1618,3343,107,2,20,일
2022-02-20,5호선,미사,7253,7159,14412,94,2,20,일
2022-02-20,5호선,하남풍산,1729,1801,3530,-72,2,20,일
2022-02-20,5호선,하남시청(덕풍·신장),3232,3197,6429,35,2,20,일
2022-02-20,5호선,하남검단산,3613,3566,7179,47,2,20,일
2022-02-20,6호선,응암,7688,8013,15701,-325,2,20,일
2022-02-20,6호선,역촌,1756,1964,3720,-208,2,20,일
2022-02-20,6호선,불광,2469,2077,4546,392,2,20,일
2022-02-20,6호선,독바위,1210,1595,2805,-385,2,20,일
2022-02-20,6호선,구산,3302,2542,5844,760,2,20,일
2022-02-20,6호선,새절(신사),5214,5122,10336,92,2,20,일
2022-02-20,6호선,증산(명지대앞),4557,4752,9309,-195,2,20,일
2022-02-20,6호선,디지털미디어시티,4266,4561,8827,-295,2,20,일
2022-02-20,6호선,월드컵경기장(성산),2567,2560,5127,7,2,20,일
2022-02-20,6호선,마포구청,5820,5539,11359,281,2,20,일
2022-02-20,6호선,망원,8126,8553,16679,-427,2,20,일
2022-02-20,6호선,합정,8041,7052,15093,989,2,20,일
2022-02-20,6호선,상수,5508,6173,11681,-665,2,20,일
2022-02-20,6호선,광흥창(서강),3440,3441,6881,-1,2,20,일
2022-02-20,6호선,대흥(서강대앞),3238,3334,6572,-96,2,20,일
2022-02-20,6호선,효창공원앞,2861,2625,5486,236,2,20,일
2022-02-20,6호선,삼각지,2942,2411,5353,531,2,20,일
2022-02-20,6호선,녹사평(용산구청),2973,2939,5912,34,2,20,일
2022-02-20,6호선,이태원,7517,7041,14558,476,2,20,일
2022-02-20,6호선,한강진,4761,5466,10227,-705,2,20,일
2022-02-20,6호선,버티고개,870,922,1792,-52,2,20,일
2022-02-20,6호선,약수,1515,1432,2947,83,2,20,일
2022-02-20,6호선,청구,1483,1441,2924,42,2,20,일
2022-02-20,6호선,신당,3824,4220,8044,-396,2,20,일
2022-02-20,6호선,동묘앞,4710,4641,9351,69,2,20,일
2022-02-20,6호선,창신,1396,1294,2690,102,2,20,일
2022-02-20,6호선,보문,3372,3205,6577,167,2,20,일
2022-02-20,6호선,안암(고대병원앞),4340,4475,8815,-135,2,20,일
2022-02-20,6호선,고려대(종암),3733,3767,7500,-34,2,20,일
2022-02-20,6호선,월곡(동덕여대),4651,4654,9305,-3,2,20,일
2022-02-20,6호선,상월곡(한국과학기술연구원),2721,2421,5142,300,2,20,일
2022-02-20,6호선,돌곶이,4463,4248,8711,215,2,20,일
2022-02-20,6호선,석계,5570,5840,11410,-270,2,20,일
2022-02-20,6호선,태릉입구,2666,2687,5353,-21,2,20,일
2022-02-20,6호선,화랑대(서울여대입구),4282,3624,7906,658,2,20,일
2022-02-20,6호선,봉화산(서울의료원),3272,3308,6580,-36,2,20,일
2022-02-20,7호선,장암,983,608,1591,375,2,20,일
2022-02-20,7호선,도봉산,4067,5826,9893,-1759,2,20,일
2022-02-20,7호선,수락산,6517,6358,12875,159,2,20,일
2022-02-20,7호선,마들,4956,4691,9647,265,2,20,일
2022-02-20,7호선,노원,9502,9191,18693,311,2,20,일
2022-02-20,7호선,중계,5457,5137,10594,320,2,20,일
2022-02-20,7호선,하계,7512,7066,14578,446,2,20,일
2022-02-20,7호선,공릉(서울과학기술대),5604,5858,11462,-254,2,20,일
2022-02-20,7호선,태릉입구,4043,3869,7912,174,2,20,일
2022-02-20,7호선,먹골,4771,4741,9512,30,2,20,일
2022-02-20,7호선,중화,4677,4579,9256,98,2,20,일
2022-02-20,7호선,상봉(시외버스터미널),8096,7620,15716,476,2,20,일
2022-02-20,7호선,면목,6787,6736,13523,51,2,20,일
2022-02-20,7호선,사가정,7397,7330,14727,67,2,20,일
2022-02-20,7호선,용마산(용마폭포공원),2591,2996,5587,-405,2,20,일
2022-02-20,7호선,중곡,4616,4461,9077,155,2,20,일
2022-02-20,7호선,군자(능동),6544,5260,11804,1284,2,20,일
2022-02-20,7호선,어린이대공원(세종대),6041,6042,12083,-1,2,20,일
2022-02-20,7호선,건대입구,6739,6899,13638,-160,2,20,일
2022-02-20,7호선,뚝섬유원지,3653,3614,7267,39,2,20,일
2022-02-20,7호선,청담,5865,6387,12252,-522,2,20,일
2022-02-20,7호선,강남구청,5496,5953,11449,-457,2,20,일
2022-02-20,7호선,학동,5323,5798,11121,-475,2,20,일
2022-02-20,7호선,논현,5071,5555,10626,-484,2,20,일
2022-02-20,7호선,반포,2409,2419,4828,-10,2,20,일
2022-02-20,7호선,고속터미널,9251,6244,15495,3007,2,20,일
2022-02-20,7호선,이수,7360,6837,14197,523,2,20,일
2022-02-20,7호선,남성,4515,4504,9019,11,2,20,일
2022-02-20,7호선,숭실대입구(살피재),4637,5056,9693,-419,2,20,일
2022-02-20,7호선,상도,4388,4416,8804,-28,2,20,일
2022-02-20,7호선,장승배기,3843,3811,7654,32,2,20,일
2022-02-20,7호선,신대방삼거리,6756,6694,13450,62,2,20,일
2022-02-20,7호선,보라매,3608,3487,7095,121,2,20,일
2022-02-20,경부선,오산대,1474,1540,3014,-66,2,20,일
2022-02-20,7호선,신풍,4988,4746,9734,242,2,20,일
2022-02-20,7호선,대림(구로구청),5133,4898,10031,235,2,20,일
2022-02-20,7호선,남구로,5401,5291,10692,110,2,20,일
2022-02-20,7호선,가산디지털단지,8379,7769,16148,610,2,20,일
2022-02-20,7호선,철산,8824,8776,17600,48,2,20,일
2022-02-20,7호선,광명사거리,10170,10112,20282,58,2,20,일
2022-02-20,7호선,천왕,4088,4009,8097,79,2,20,일
2022-02-20,7호선,온수(성공회대입구),3284,3290,6574,-6,2,20,일
2022-02-20,7호선,신중동,1,0,1,1,2,20,일
2022-02-20,7호선,부평구청,1,0,1,1,2,20,일
2022-02-20,8호선,암사,7640,7310,14950,330,2,20,일
2022-02-20,8호선,천호(풍납토성),7841,8908,16749,-1067,2,20,일
2022-02-20,8호선,강동구청,3945,4161,8106,-216,2,20,일
2022-02-20,8호선,몽촌토성(평화의문),2705,2721,5426,-16,2,20,일
2022-02-20,8호선,잠실(송파구청),8618,9601,18219,-983,2,20,일
2022-02-20,8호선,석촌,3553,4318,7871,-765,2,20,일
2022-02-20,8호선,송파,2822,3114,5936,-292,2,20,일
2022-02-20,8호선,가락시장,2714,3414,6128,-700,2,20,일
2022-02-20,8호선,문정,5045,5287,10332,-242,2,20,일
2022-02-20,8호선,장지,7934,8231,16165,-297,2,20,일
2022-02-20,8호선,복정,3810,3630,7440,180,2,20,일
2022-02-20,8호선,산성,2485,2488,4973,-3,2,20,일
2022-02-20,8호선,남한산성입구(성남법원.검찰청),5730,5305,11035,425,2,20,일
2022-02-20,8호선,단대오거리,4672,4625,9297,47,2,20,일
2022-02-20,8호선,신흥,2273,2481,4754,-208,2,20,일
2022-02-20,8호선,수진,2542,2345,4887,197,2,20,일
2022-02-20,8호선,모란,2215,1811,4026,404,2,20,일
2022-02-20,8호선,남위례,1660,1781,3441,-121,2,20,일
2022-02-20,9호선,개화,836,820,1656,16,2,20,일
2022-02-20,9호선,김포공항,6339,9897,16236,-3558,2,20,일
2022-02-20,9호선,공항시장,1604,1670,3274,-66,2,20,일
2022-02-20,9호선,신방화,2873,2933,5806,-60,2,20,일
2022-02-20,9호선,마곡나루(서울식물원),5136,5010,10146,126,2,20,일
2022-02-20,9호선,양천향교,3494,3754,7248,-260,2,20,일
2022-02-20,9호선,가양,8414,8330,16744,84,2,20,일
2022-02-20,9호선,증미,2596,2606,5202,-10,2,20,일
2022-02-20,9호선,등촌,4353,4491,8844,-138,2,20,일
2022-02-20,9호선,염창,7170,7124,14294,46,2,20,일
2022-02-20,9호선,신목동,1413,1307,2720,106,2,20,일
2022-02-20,9호선,선유도,2349,2392,4741,-43,2,20,일
2022-02-20,9호선,당산,7629,7585,15214,44,2,20,일
2022-02-20,9호선,국회의사당,3989,3850,7839,139,2,20,일
2022-02-20,9호선,여의도,7587,6664,14251,923,2,20,일
2022-02-20,9호선,샛강,1443,1480,2923,-37,2,20,일
2022-02-20,9호선,노량진,12833,13482,26315,-649,2,20,일
2022-02-20,9호선,노들,2194,1984,4178,210,2,20,일
2022-02-20,9호선,흑석(중앙대입구),3225,3403,6628,-178,2,20,일
2022-02-20,9호선,동작(현충원),1690,1176,2866,514,2,20,일
2022-02-20,9호선,구반포,396,441,837,-45,2,20,일
2022-02-20,9호선,신반포,1473,1496,2969,-23,2,20,일
2022-02-20,9호선,고속터미널,7604,10545,18149,-2941,2,20,일
2022-02-20,9호선,사평,1208,1289,2497,-81,2,20,일
2022-02-20,9호선,신논현,13466,12847,26313,619,2,20,일
2022-02-20,9호선2~3단계,언주,3261,3259,6520,2,2,20,일
2022-02-20,9호선2~3단계,선정릉,2438,2819,5257,-381,2,20,일
2022-02-20,9호선2~3단계,삼성중앙,1693,1876,3569,-183,2,20,일
2022-02-20,9호선2~3단계,봉은사,8543,8824,17367,-281,2,20,일
2022-02-20,9호선2~3단계,종합운동장,1847,1676,3523,171,2,20,일
2022-02-20,9호선2~3단계,삼전,3186,3115,6301,71,2,20,일
2022-02-20,9호선2~3단계,석촌고분,2647,2666,5313,-19,2,20,일
2022-02-20,9호선2~3단계,석촌,3945,3402,7347,543,2,20,일
2022-02-20,9호선2~3단계,송파나루,2788,2946,5734,-158,2,20,일
2022-02-20,9호선2~3단계,한성백제,1176,1086,2262,90,2,20,일
2022-02-20,9호선2~3단계,올림픽공원(한국체대),4674,4465,9139,209,2,20,일
2022-02-20,9호선2~3단계,둔촌오륜,411,436,847,-25,2,20,일
2022-02-20,9호선2~3단계,중앙보훈병원,2750,2719,5469,31,2,20,일
2022-02-20,경강선,판교,2028,1965,3993,63,2,20,일
2022-02-20,경강선,이매,522,376,898,146,2,20,일
2022-02-20,경강선,삼동,829,855,1684,-26,2,20,일
2022-02-20,경강선,경기광주,3134,3171,6305,-37,2,20,일
2022-02-20,경강선,초월,1305,1289,2594,16,2,20,일
2022-02-20,경강선,곤지암,1283,1318,2601,-35,2,20,일
2022-02-20,경강선,신둔도예촌,666,645,1311,21,2,20,일
2022-02-20,경강선,이천,1545,1774,3319,-229,2,20,일
2022-02-20,경강선,부발,1129,1764,2893,-635,2,20,일
2022-02-20,경강선,세종대왕릉,185,180,365,5,2,20,일
2022-02-20,경강선,여주,1516,1392,2908,124,2,20,일
2022-02-20,경부선,서울역,6055,1472,7527,4583,2,20,일
2022-02-20,경부선,남영,3527,3700,7227,-173,2,20,일
2022-02-20,경부선,용산,24926,22638,47564,2288,2,20,일
2022-02-20,경부선,노량진,4593,4475,9068,118,2,20,일
2022-02-20,경부선,대방,4864,5171,10035,-307,2,20,일
2022-02-20,경부선,영등포,27666,26136,53802,1530,2,20,일
2022-02-20,경부선,신도림,1999,1730,3729,269,2,20,일
2022-02-20,경부선,신길,3905,3410,7315,495,2,20,일
2022-02-20,경부선,구로,7676,7691,15367,-15,2,20,일
2022-02-20,경부선,가산디지털단지,3766,5189,8955,-1423,2,20,일
2022-02-20,경부선,금천구청,5124,5028,10152,96,2,20,일
2022-02-20,경부선,석수,4047,3972,8019,75,2,20,일
2022-02-20,경부선,관악,3811,3567,7378,244,2,20,일
2022-02-20,경부선,안양,10855,10470,21325,385,2,20,일
2022-02-20,경부선,명학,2992,2903,5895,89,2,20,일
2022-02-20,경부선,금정,11211,11591,22802,-380,2,20,일
2022-02-20,경부선,군포,2503,2410,4913,93,2,20,일
2022-02-20,경부선,의왕,3468,3458,6926,10,2,20,일
2022-02-20,경부선,성균관대,6521,6990,13511,-469,2,20,일
2022-02-20,경부선,화서,3181,3186,6367,-5,2,20,일
2022-02-20,경부선,수원,26377,25214,51591,1163,2,20,일
2022-02-20,경부선,독산,5082,5274,10356,-192,2,20,일
2022-02-20,경부선,세류,1520,1604,3124,-84,2,20,일
2022-02-20,경부선,병점,7367,8113,15480,-746,2,20,일
2022-02-20,경부선,세마,1336,1241,2577,95,2,20,일
2022-02-20,우이신설선,솔샘,2336,2288,4624,48,2,20,일
2022-02-20,우이신설선,북한산보국문,3137,2891,6028,246,2,20,일
2022-02-20,우이신설선,정릉,2350,2004,4354,346,2,20,일
2022-02-20,우이신설선,성신여대입구(돈암),1865,2144,4009,-279,2,20,일
2022-02-20,우이신설선,보문,817,840,1657,-23,2,20,일
2022-02-20,우이신설선,신설동,984,1000,1984,-16,2,20,일
2022-02-20,일산선,원흥,4250,4070,8320,180,2,20,일
2022-02-20,일산선,삼송,9126,9035,18161,91,2,20,일
2022-02-20,일산선,원당,4982,4849,9831,133,2,20,일
2022-02-20,일산선,화정,7606,7973,15579,-367,2,20,일
2022-02-20,일산선,대곡,791,695,1486,96,2,20,일
2022-02-20,일산선,백석,4664,4606,9270,58,2,20,일
2022-02-20,일산선,마두,2702,2784,5486,-82,2,20,일
2022-02-20,일산선,정발산,4427,4243,8670,184,2,20,일
2022-02-20,일산선,주엽,3630,3683,7313,-53,2,20,일
2022-02-20,일산선,대화,5020,4635,9655,385,2,20,일
2022-02-20,장항선,봉명,467,428,895,39,2,20,일
2022-02-20,장항선,쌍용(나사렛대),913,870,1783,43,2,20,일
2022-02-20,장항선,아산,2292,1756,4048,536,2,20,일
2022-02-20,장항선,탕정,290,332,622,-42,2,20,일
2022-02-20,장항선,배방,568,647,1215,-79,2,20,일
2022-02-20,장항선,온양온천,2367,2523,4890,-156,2,20,일
2022-02-20,장항선,신창(순천향대),699,764,1463,-65,2,20,일
2022-02-20,중앙선,회기,12933,12992,25925,-59,2,20,일
2022-02-20,중앙선,중랑,2743,2751,5494,-8,2,20,일
2022-02-20,중앙선,상봉(시외버스터미널),3090,3052,6142,38,2,20,일
2022-02-20,중앙선,망우,4029,4038,8067,-9,2,20,일
2022-02-20,중앙선,양원,942,975,1917,-33,2,20,일
2022-02-20,중앙선,구리,6185,6446,12631,-261,2,20,일
2022-02-20,중앙선,도농,4045,4087,8132,-42,2,20,일
2022-02-20,중앙선,양정,307,267,574,40,2,20,일
2022-02-20,중앙선,덕소,2709,2747,5456,-38,2,20,일
2022-02-20,중앙선,도심,909,802,1711,107,2,20,일
2022-02-20,중앙선,팔당,903,944,1847,-41,2,20,일
2022-02-20,중앙선,운길산,722,599,1321,123,2,20,일
2022-02-20,중앙선,양수,1082,1064,2146,18,2,20,일
2022-02-20,중앙선,신원,200,115,315,85,2,20,일
2022-02-20,중앙선,국수,343,365,708,-22,2,20,일
2022-02-20,중앙선,아신,303,299,602,4,2,20,일
2022-02-20,중앙선,오빈,177,148,325,29,2,20,일
2022-02-20,중앙선,양평,1422,1424,2846,-2,2,20,일
2022-02-20,중앙선,원덕,245,219,464,26,2,20,일
2022-02-20,중앙선,용문,2380,2187,4567,193,2,20,일
2022-02-20,중앙선,지평,55,36,91,19,2,20,일
2022-02-20,경춘선,갈매,1101,1014,2115,87,2,20,일
2022-02-20,경춘선,신내,831,764,1595,67,2,20,일
2022-02-20,경인선,도화,1868,1842,3710,26,2,20,일
2022-02-20,경인선,중동,4069,3799,7868,270,2,20,일
2022-02-20,경인선,온수(성공회대입구),2985,2823,5808,162,2,20,일
2022-02-20,경인선,도원,1185,1233,2418,-48,2,20,일
2022-02-20,경인선,간석,2506,2436,4942,70,2,20,일
2022-02-20,경인선,부개,3895,3662,7557,233,2,20,일
2022-02-20,경인선,소사,4485,4204,8689,281,2,20,일
2022-02-20,경인선,구일,2754,2755,5509,-1,2,20,일
2022-02-20,경인선,인천,2580,1989,4569,591,2,20,일
2022-02-20,경인선,동인천,7160,7048,14208,112,2,20,일
2022-02-20,경인선,제물포,4420,4376,8796,44,2,20,일
2022-02-20,경인선,주안,9601,8301,17902,1300,2,20,일
2022-02-20,경인선,동암,7781,7619,15400,162,2,20,일
2022-02-20,경인선,백운,3068,3075,6143,-7,2,20,일
2022-02-20,경인선,부평,18196,18482,36678,-286,2,20,일
2022-02-20,경인선,송내,10464,10255,20719,209,2,20,일
2022-02-20,경인선,부천,18382,18072,36454,310,2,20,일
2022-02-20,경인선,역곡,11588,11644,23232,-56,2,20,일
2022-02-20,경인선,오류동,5869,5528,11397,341,2,20,일
2022-02-20,경인선,개봉,9456,9497,18953,-41,2,20,일
2022-02-20,경의선,임진강,34,23,57,11,2,20,일
2022-02-20,경의선,문산,2503,2720,5223,-217,2,20,일
2022-02-20,경의선,파주,422,368,790,54,2,20,일
2022-02-20,경의선,월롱,739,1563,2302,-824,2,20,일
2022-02-20,경의선,금촌,3142,3429,6571,-287,2,20,일
2022-02-20,경의선,금릉,2189,2211,4400,-22,2,20,일
2022-02-20,경의선,운정,2794,2781,5575,13,2,20,일
2022-02-20,경의선,야당,3811,3664,7475,147,2,20,일
2022-02-20,경의선,탄현,3416,3266,6682,150,2,20,일
2022-02-20,경의선,일산,3730,3636,7366,94,2,20,일
2022-02-20,경의선,풍산,2853,2710,5563,143,2,20,일
2022-02-20,경의선,백마,2741,2636,5377,105,2,20,일
2022-02-20,경의선,곡산,224,210,434,14,2,20,일
2022-02-20,6호선,공덕,6047,5629,11676,418,2,20,일
2022-02-20,경의선,능곡,1719,1705,3424,14,2,20,일
2022-02-20,경의선,행신,3547,3242,6789,305,2,20,일
2022-02-20,경의선,강매,1280,1117,2397,163,2,20,일
2022-02-20,경의선,화전,554,566,1120,-12,2,20,일
2022-02-20,경의선,수색,726,810,1536,-84,2,20,일
2022-02-20,경의선,디지털미디어시티,1123,1052,2175,71,2,20,일
2022-02-20,경의선,가좌,2281,2272,4553,9,2,20,일
2022-02-20,경의선,홍대입구,1177,1466,2643,-289,2,20,일
2022-02-20,경의선,서강대,998,1007,2005,-9,2,20,일
2022-02-20,경의선,공덕,1693,1217,2910,476,2,20,일
2022-02-20,경의선,효창공원앞,1130,1255,2385,-125,2,20,일
2022-02-20,경의선,신촌,212,239,451,-27,2,20,일
2022-02-20,경의선,서울역,760,772,1532,-12,2,20,일
2022-02-20,경원선,소요산,2278,2020,4298,258,2,20,일
2022-02-20,경원선,동두천,976,1133,2109,-157,2,20,일
2022-02-20,경원선,보산,1025,974,1999,51,2,20,일
2022-02-20,경원선,동두천중앙,1716,1699,3415,17,2,20,일
2022-02-20,경원선,지행,3277,3169,6446,108,2,20,일
2022-02-20,경원선,덕정,2511,2643,5154,-132,2,20,일
2022-02-20,경원선,덕계,1349,1341,2690,8,2,20,일
2022-02-20,3호선,신사,12537,12504,25041,33,2,20,일
2022-02-20,경원선,양주,3843,3717,7560,126,2,20,일
2022-02-20,3호선,압구정,12680,13024,25704,-344,2,20,일
2022-02-20,3호선,옥수,3940,4161,8101,-221,2,20,일
2022-02-20,3호선,금호,3501,3425,6926,76,2,20,일
2022-02-20,경원선,가능,3169,3064,6233,105,2,20,일
2022-02-20,3호선,약수,5661,5446,11107,215,2,20,일
2022-02-20,3호선,동대입구,3939,4188,8127,-249,2,20,일
2022-02-20,3호선,을지로3가,2814,2553,5367,261,2,20,일
2022-02-20,3호선,종로3가,3194,3904,7098,-710,2,20,일
2022-02-20,3호선,안국,8295,8757,17052,-462,2,20,일
2022-02-20,3호선,경복궁(정부서울청사),9251,9222,18473,29,2,20,일
2022-02-20,3호선,독립문,3455,3616,7071,-161,2,20,일
2022-02-20,3호선,무악재,1521,1708,3229,-187,2,20,일
2022-02-20,3호선,홍제,7645,7469,15114,176,2,20,일
2022-02-20,3호선,녹번,6109,5544,11653,565,2,20,일
2022-02-20,3호선,불광,8162,9232,17394,-1070,2,20,일
2022-02-20,3호선,연신내,17649,16914,34563,735,2,20,일
2022-02-20,3호선,구파발,9050,9333,18383,-283,2,20,일
2022-02-20,3호선,지축,1778,1665,3443,113,2,20,일
2022-02-20,2호선,용두(동대문구청),909,953,1862,-44,2,20,일
2022-02-20,경원선,의정부,11622,11584,23206,38,2,20,일
2022-02-20,3호선,잠원,1729,1805,3534,-76,2,20,일
2022-02-20,3호선,고속터미널,31301,29308,60609,1993,2,20,일
2022-02-20,3호선,교대(법원.검찰청),3615,2273,5888,1342,2,20,일
2022-02-20,3호선,남부터미널(예술의전당),11625,12172,23797,-547,2,20,일
2022-02-20,3호선,양재(서초구청),12260,13958,26218,-1698,2,20,일
2022-02-20,3호선,매봉,3488,3518,7006,-30,2,20,일
2022-02-20,3호선,도곡,1664,1813,3477,-149,2,20,일
2022-02-20,경원선,회룡,6075,6178,12253,-103,2,20,일
2022-02-20,경원선,망월사,3692,3771,7463,-79,2,20,일
2022-02-20,경원선,도봉산,6233,4392,10625,1841,2,20,일
2022-02-20,경원선,도봉,2841,2790,5631,51,2,20,일
2022-02-20,경원선,방학,5018,4846,9864,172,2,20,일
2022-02-20,경원선,녹천,2095,1804,3899,291,2,20,일
2022-02-20,경원선,월계,3193,3041,6234,152,2,20,일
2022-02-20,경원선,광운대,3505,3502,7007,3,2,20,일
2022-02-20,경원선,석계,4061,4452,8513,-391,2,20,일
2022-02-20,경원선,신이문,3852,3716,7568,136,2,20,일
2022-02-20,경원선,외대앞,4066,3954,8020,112,2,20,일
2022-02-20,경원선,청량리(서울시립대입구),11458,10203,21661,1255,2,20,일
2022-02-20,경원선,왕십리(성동구청),8199,9219,17418,-1020,2,20,일
2022-02-20,2호선,신정네거리,4385,4518,8903,-133,2,20,일
2022-02-20,2호선,양천구청,2719,2745,5464,-26,2,20,일
2022-02-20,2호선,도림천,370,408,778,-38,2,20,일
2022-02-20,2호선,신설동,2732,1819,4551,913,2,20,일
2022-02-20,2호선,신답,615,667,1282,-52,2,20,일
2022-02-20,2호선,용답,1376,1439,2815,-63,2,20,일
2022-02-20,2호선,충정로(경기대입구),3385,3642,7027,-257,2,20,일
2022-02-20,2호선,아현,4290,4284,8574,6,2,20,일
2022-02-20,3호선,대치,5295,4671,9966,624,2,20,일
2022-02-20,3호선,학여울,1442,1652,3094,-210,2,20,일
2022-02-20,3호선,대청,3579,3506,7085,73,2,20,일
2022-02-20,3호선,일원,2844,2971,5815,-127,2,20,일
2022-02-20,3호선,수서,9076,8879,17955,197,2,20,일
2022-02-20,3호선,가락시장,3143,3299,6442,-156,2,20,일
2022-02-20,3호선,경찰병원,2238,2378,4616,-140,2,20,일
2022-02-20,3호선,오금,2196,2169,4365,27,2,20,일
2022-02-20,4호선,수유(강북구청),17204,16659,33863,545,2,20,일
2022-02-20,4호선,미아(서울사이버대학),6811,6510,13321,301,2,20,일
2022-02-20,4호선,미아사거리,13519,13009,26528,510,2,20,일
2022-02-20,4호선,길음,8622,8506,17128,116,2,20,일
2022-02-20,4호선,성신여대입구(돈암),10615,10301,20916,314,2,20,일
2022-02-20,경원선,응봉,828,744,1572,84,2,20,일
2022-02-20,경원선,옥수,45,23,68,22,2,20,일
2022-02-20,경원선,한남,1590,1616,3206,-26,2,20,일
2022-02-20,경원선,서빙고,1095,1131,2226,-36,2,20,일
2022-02-20,경원선,이촌(국립중앙박물관),1722,1342,3064,380,2,20,일
2022-02-20,경부선,광명,2130,1616,3746,514,2,20,일
2022-02-20,경부선,서동탄,554,596,1150,-42,2,20,일
2022-02-20,경부선,당정,2364,2442,4806,-78,2,20,일
2022-02-20,경부선,천안,4408,4312,8720,96,2,20,일
2022-02-20,경부선,두정,3407,3643,7050,-236,2,20,일
2022-02-20,경부선,직산,386,481,867,-95,2,20,일
2022-02-20,경부선,성환,1738,2043,3781,-305,2,20,일
2022-02-20,경부선,평택,8517,8816,17333,-299,2,20,일
2022-02-20,경부선,평택지제,2003,1976,3979,27,2,20,일
2022-02-20,경부선,서정리,3494,5060,8554,-1566,2,20,일
2022-02-20,경부선,송탄,2941,3373,6314,-432,2,20,일
2022-02-20,경부선,진위,601,606,1207,-5,2,20,일
2022-02-20,경부선,오산,5718,6322,12040,-604,2,20,일
2022-02-20,2호선,이대,5766,6248,12014,-482,2,20,일
2022-02-20,2호선,신촌,19873,19169,39042,704,2,20,일
2022-02-20,2호선,홍대입구,42342,41503,83845,839,2,20,일
2022-02-20,2호선,합정,17494,18081,35575,-587,2,20,일
2022-02-20,2호선,당산,6961,7654,14615,-693,2,20,일
2022-02-20,2호선,영등포구청,7486,7728,15214,-242,2,20,일
2022-02-20,2호선,문래,7202,7541,14743,-339,2,20,일
2022-02-20,2호선,신도림,24425,24834,49259,-409,2,20,일
2022-02-20,2호선,대림(구로구청),11601,11729,23330,-128,2,20,일
2022-02-20,2호선,구로디지털단지,20605,20291,40896,314,2,20,일
2022-02-20,2호선,신대방,12768,12728,25496,40,2,20,일
2022-02-20,2호선,신림,32588,32252,64840,336,2,20,일
2022-02-20,2호선,봉천,10523,10373,20896,150,2,20,일
2022-02-20,2호선,서울대입구(관악구청),23428,23856,47284,-428,2,20,일
2022-02-20,2호선,낙성대(강감찬),13278,13927,27205,-649,2,20,일
2022-02-20,2호선,사당,18092,19807,37899,-1715,2,20,일
2022-02-20,2호선,방배,5525,5927,11452,-402,2,20,일
2022-02-20,2호선,서초,9927,9028,18955,899,2,20,일
2022-02-20,2호선,교대(법원.검찰청),8772,9819,18591,-1047,2,20,일
2022-02-20,2호선,강남,30478,28782,59260,1696,2,20,일
2022-02-20,2호선,역삼,11127,12032,23159,-905,2,20,일
2022-02-20,2호선,선릉,11645,9979,21624,1666,2,20,일
2022-02-20,2호선,삼성(무역센터),21560,20780,42340,780,2,20,일
2022-02-20,2호선,종합운동장,3429,3599,7028,-170,2,20,일
2022-02-20,2호선,잠실새내,9280,9715,18995,-435,2,20,일
2022-02-20,2호선,잠실(송파구청),39360,36497,75857,2863,2,20,일
2022-02-20,2호선,잠실나루,4267,4507,8774,-240,2,20,일
2022-02-20,2호선,강변(동서울터미널),16446,16095,32541,351,2,20,일
2022-02-20,2호선,구의(광진구청),9824,9926,19750,-102,2,20,일
2022-02-20,2호선,건대입구,21869,22398,44267,-529,2,20,일
2022-02-20,2호선,성수,11950,12889,24839,-939,2,20,일
2022-02-20,2호선,뚝섬,7998,8224,16222,-226,2,20,일
2022-02-20,2호선,한양대,2043,2271,4314,-228,2,20,일
2022-02-20,2호선,왕십리(성동구청),8128,7172,15300,956,2,20,일
2022-02-20,2호선,상왕십리,5922,5887,11809,35,2,20,일
2022-02-20,2호선,신당,6765,7367,14132,-602,2,20,일
2022-02-20,2호선,동대문역사문화공원(DDP),5775,6891,12666,-1116,2,20,일
2022-02-20,2호선,을지로4가,2808,2674,5482,134,2,20,일
2022-02-20,2호선,을지로3가,6785,6362,13147,423,2,20,일
2022-02-20,2호선,을지로입구,12948,12032,24980,916,2,20,일
2022-02-20,2호선,시청,4994,4037,9031,957,2,20,일
2022-02-20,1호선,청량리(서울시립대입구),10520,10541,21061,-21,2,20,일
2022-02-20,1호선,제기동,7896,8148,16044,-252,2,20,일
2022-02-20,1호선,신설동,6237,6321,12558,-84,2,20,일
2022-02-20,1호선,동대문,6916,7067,13983,-151,2,20,일
2022-02-20,1호선,종로5가,7622,7108,14730,514,2,20,일
2022-02-20,1호선,종로3가,10628,9589,20217,1039,2,20,일
2022-02-20,1호선,종각,10292,9143,19435,1149,2,20,일
2022-02-20,1호선,시청,6085,5978,12063,107,2,20,일
2022-02-20,1호선,동묘앞,8966,9306,18272,-340,2,20,일
2022-02-20,1호선,서울역,21179,19303,40482,1876,2,20,일
2022-02-20,경원선,녹양,2177,2022,4199,155,2,20,일
2022-02-20,7호선,내방,4468,4637,9105,-169,2,20,일
2022-02-20,분당선,죽전,6626,7630,14256,-1004,2,20,일
2022-02-20,분당선,보정,886,875,1761,11,2,20,일
2022-02-20,분당선,이매,2527,2641,5168,-114,2,20,일
2022-02-20,분당선,오리,4562,4009,8571,553,2,20,일
2022-02-20,분당선,미금,6090,6611,12701,-521,2,20,일
2022-02-20,분당선,정자,6629,6872,13501,-243,2,20,일
2022-02-20,분당선,수내,5209,4988,10197,221,2,20,일
2022-02-20,분당선,서현,13171,12952,26123,219,2,20,일
2022-02-20,분당선,야탑,11272,11557,22829,-285,2,20,일
2022-02-20,분당선,모란,9507,9726,19233,-219,2,20,일
2022-02-20,분당선,태평,6777,6530,13307,247,2,20,일
2022-02-20,분당선,가천대,3056,3660,6716,-604,2,20,일
2022-02-20,분당선,선정릉,1850,1895,3745,-45,2,20,일
2022-02-20,분당선,강남구청,3086,3748,6834,-662,2,20,일
2022-02-20,분당선,압구정로데오,9740,10372,20112,-632,2,20,일
2022-02-20,분당선,서울숲,4322,4492,8814,-170,2,20,일
2022-02-20,분당선,수원,4808,3883,8691,925,2,20,일
2022-02-20,분당선,수서,7373,6948,14321,425,2,20,일
2022-02-20,분당선,대모산입구,1840,1816,3656,24,2,20,일
2022-02-21,9호선2~3단계,중앙보훈병원,10012,8834,18846,1178,2,21,월
2022-02-21,경춘선,별내,2987,2841,5828,146,2,21,월
2022-02-21,경춘선,갈매,2691,2359,5050,332,2,21,월
2022-02-21,경춘선,신내,1865,1748,3613,117,2,21,월
2022-02-21,경인선,도화,3625,3327,6952,298,2,21,월
2022-02-21,경인선,중동,8493,7932,16425,561,2,21,월
2022-02-21,경인선,온수(성공회대입구),5711,5600,11311,111,2,21,월
2022-02-21,경인선,도원,2061,2164,4225,-103,2,21,월
2022-02-21,경인선,간석,5213,5017,10230,196,2,21,월
2022-02-21,경인선,부개,7702,7291,14993,411,2,21,월
2022-02-21,경인선,소사,7747,7497,15244,250,2,21,월
2022-02-21,경인선,구일,5362,5466,10828,-104,2,21,월
2022-02-21,경인선,인천,2672,2130,4802,542,2,21,월
2022-02-21,경인선,동인천,12004,11168,23172,836,2,21,월
2022-02-21,경인선,제물포,9187,8620,17807,567,2,21,월
2022-02-21,경인선,주안,16249,14682,30931,1567,2,21,월
2022-02-21,경인선,동암,12873,12881,25754,-8,2,21,월
2022-02-21,경인선,백운,6054,5978,12032,76,2,21,월
2022-02-21,경인선,부평,25762,26722,52484,-960,2,21,월
2022-02-21,경인선,송내,23556,23392,46948,164,2,21,월
2022-02-21,경인선,부천,28975,28660,57635,315,2,21,월
2022-02-21,경인선,역곡,24383,24289,48672,94,2,21,월
2022-02-21,경인선,오류동,10756,10237,20993,519,2,21,월
2022-02-21,경인선,개봉,19372,19457,38829,-85,2,21,월
2022-02-21,경의선,임진강,3,3,6,0,2,21,월
2022-02-21,경의선,문산,4399,4392,8791,7,2,21,월
2022-02-21,경의선,파주,845,644,1489,201,2,21,월
2022-02-21,경의선,월롱,2104,2146,4250,-42,2,21,월
2022-02-21,경의선,금촌,6005,5995,12000,10,2,21,월
2022-02-21,경의선,금릉,4222,3910,8132,312,2,21,월
2022-02-21,경의선,운정,6262,5743,12005,519,2,21,월
2022-02-21,경의선,야당,6591,6406,12997,185,2,21,월
2022-02-21,경의선,탄현,7069,6747,13816,322,2,21,월
2022-02-21,경의선,일산,8177,8068,16245,109,2,21,월
2022-02-21,경의선,풍산,4854,4613,9467,241,2,21,월
2022-02-21,경의선,백마,6332,6130,12462,202,2,21,월
2022-02-21,경의선,곡산,521,523,1044,-2,2,21,월
2022-02-21,경의선,능곡,3396,3052,6448,344,2,21,월
2022-02-21,경의선,행신,6726,7004,13730,-278,2,21,월
2022-02-21,경의선,강매,2949,2548,5497,401,2,21,월
2022-02-21,경의선,화전,1297,1197,2494,100,2,21,월
2022-02-21,경의선,수색,2773,2859,5632,-86,2,21,월
2022-02-21,경의선,디지털미디어시티,2195,2045,4240,150,2,21,월
2022-02-21,경의선,가좌,4609,4588,9197,21,2,21,월
2022-02-21,경의선,홍대입구,1386,1688,3074,-302,2,21,월
2022-02-21,경의선,서강대,2045,1911,3956,134,2,21,월
2022-02-21,경의선,공덕,3116,2787,5903,329,2,21,월
2022-02-21,경의선,효창공원앞,2704,3105,5809,-401,2,21,월
2022-02-21,경의선,신촌,797,986,1783,-189,2,21,월
2022-02-21,경의선,서울역,3812,4764,8576,-952,2,21,월
2022-02-21,경원선,소요산,1890,1635,3525,255,2,21,월
2022-02-21,경원선,동두천,1829,1917,3746,-88,2,21,월
2022-02-21,경원선,보산,1324,1332,2656,-8,2,21,월
2022-02-21,경원선,동두천중앙,2679,2520,5199,159,2,21,월
2022-02-21,경원선,지행,5517,5402,10919,115,2,21,월
2022-02-21,경원선,덕정,4683,4651,9334,32,2,21,월
2022-02-21,경원선,덕계,2765,2417,5182,348,2,21,월
2022-02-21,경원선,양주,6609,6265,12874,344,2,21,월
2022-02-21,경원선,녹양,3971,3790,7761,181,2,21,월
2022-02-21,경원선,가능,5791,5669,11460,122,2,21,월
2022-02-21,경원선,의정부,16307,16440,32747,-133,2,21,월
2022-02-21,경원선,회룡,11082,10951,22033,131,2,21,월
2022-02-21,경원선,망월사,6524,6691,13215,-167,2,21,월
2022-02-21,경원선,도봉산,6302,3837,10139,2465,2,21,월
2022-02-21,경원선,도봉,5454,5210,10664,244,2,21,월
2022-02-21,경원선,방학,8722,8617,17339,105,2,21,월
2022-02-21,경원선,녹천,4259,3595,7854,664,2,21,월
2022-02-21,경원선,월계,5574,5395,10969,179,2,21,월
2022-02-21,경원선,광운대,6785,6574,13359,211,2,21,월
2022-02-21,경원선,석계,7189,8211,15400,-1022,2,21,월
2022-02-21,경원선,신이문,7684,7232,14916,452,2,21,월
2022-02-21,경원선,외대앞,6402,6499,12901,-97,2,21,월
2022-02-21,경원선,청량리(서울시립대입구),12719,12806,25525,-87,2,21,월
2022-02-21,경원선,왕십리(성동구청),11811,13125,24936,-1314,2,21,월
2022-02-21,경원선,응봉,1632,1418,3050,214,2,21,월
2022-02-21,경원선,옥수,41,31,72,10,2,21,월
2022-02-21,경원선,한남,3660,3486,7146,174,2,21,월
2022-02-21,경원선,서빙고,1679,1576,3255,103,2,21,월
2022-02-21,경원선,이촌(국립중앙박물관),3195,2552,5747,643,2,21,월
2022-02-21,경부선,광명,3128,2655,5783,473,2,21,월
2022-02-21,경부선,서동탄,1249,1067,2316,182,2,21,월
2022-02-21,경부선,당정,5697,5439,11136,258,2,21,월
2022-02-21,경부선,천안,4112,4381,8493,-269,2,21,월
2022-02-21,경부선,두정,4252,4315,8567,-63,2,21,월
2022-02-21,경부선,직산,657,635,1292,22,2,21,월
2022-02-21,경부선,성환,2688,2839,5527,-151,2,21,월
2022-02-21,4호선,혜화,27623,27145,54768,478,2,21,월
2022-02-21,4호선,동대문,17502,18080,35582,-578,2,21,월
2022-02-21,4호선,동대문역사문화공원(DDP),13032,11751,24783,1281,2,21,월
2022-02-21,4호선,충무로,23342,24081,47423,-739,2,21,월
2022-02-21,4호선,명동,15422,15634,31056,-212,2,21,월
2022-02-21,4호선,회현(남대문시장),20447,21108,41555,-661,2,21,월
2022-02-21,4호선,서울역,9854,14002,23856,-4148,2,21,월
2022-02-21,4호선,숙대입구(갈월),11026,10844,21870,182,2,21,월
2022-02-21,4호선,삼각지,4141,4429,8570,-288,2,21,월
2022-02-21,4호선,신용산,14220,14896,29116,-676,2,21,월
2022-02-21,4호선,이촌(국립중앙박물관),6201,6846,13047,-645,2,21,월
2022-02-21,4호선,동작(현충원),1156,1387,2543,-231,2,21,월
2022-02-21,4호선,총신대입구(이수),16549,18048,34597,-1499,2,21,월
2022-02-21,4호선,사당,21432,17555,38987,3877,2,21,월
2022-02-21,4호선,남태령,971,852,1823,119,2,21,월
2022-02-21,4호선,당고개,11464,10409,21873,1055,2,21,월
2022-02-21,4호선,상계,17012,15978,32990,1034,2,21,월
2022-02-21,4호선,노원,16359,18226,34585,-1867,2,21,월
2022-02-21,4호선,창동,22771,24072,46843,-1301,2,21,월
2022-02-21,4호선,쌍문,26305,24555,50860,1750,2,21,월
2022-02-21,5호선,방화,5849,5631,11480,218,2,21,월
2022-02-21,5호선,개화산,5127,4929,10056,198,2,21,월
2022-02-21,5호선,김포공항,6808,6587,13395,221,2,21,월
2022-02-21,5호선,송정,5867,5627,11494,240,2,21,월
2022-02-21,5호선,마곡,10155,10003,20158,152,2,21,월
2022-02-21,경부선,평택,9829,9888,19717,-59,2,21,월
2022-02-21,경부선,평택지제,3116,2949,6065,167,2,21,월
2022-02-21,경부선,서정리,5722,5602,11324,120,2,21,월
2022-02-21,경부선,송탄,3781,3781,7562,0,2,21,월
2022-02-21,경부선,진위,1438,1264,2702,174,2,21,월
2022-02-21,경부선,오산,8119,8278,16397,-159,2,21,월
2022-02-21,경부선,오산대,2910,2640,5550,270,2,21,월
2022-02-21,경부선,세마,2407,2296,4703,111,2,21,월
2022-02-21,경부선,병점,12299,12191,24490,108,2,21,월
2022-02-21,경부선,세류,2619,2383,5002,236,2,21,월
2022-02-21,경부선,독산,17592,18581,36173,-989,2,21,월
2022-02-21,경부선,수원,28654,30353,59007,-1699,2,21,월
2022-02-21,경부선,화서,7080,6826,13906,254,2,21,월
2022-02-21,경부선,성균관대,12837,12863,25700,-26,2,21,월
2022-02-21,경부선,의왕,8160,8186,16346,-26,2,21,월
2022-02-21,경부선,군포,7296,7385,14681,-89,2,21,월
2022-02-21,경부선,금정,23903,24450,48353,-547,2,21,월
2022-02-21,경부선,명학,8407,8275,16682,132,2,21,월
2022-02-21,경부선,안양,18608,18729,37337,-121,2,21,월
2022-02-21,경부선,관악,6381,5979,12360,402,2,21,월
2022-02-21,경부선,석수,8661,7876,16537,785,2,21,월
2022-02-21,경부선,금천구청,10891,10793,21684,98,2,21,월
2022-02-21,경부선,가산디지털단지,17362,20126,37488,-2764,2,21,월
2022-02-21,경부선,구로,17284,17252,34536,32,2,21,월
2022-02-21,경부선,신길,8118,6808,14926,1310,2,21,월
2022-02-21,경부선,신도림,3819,3534,7353,285,2,21,월
2022-02-21,경부선,영등포,31981,32723,64704,-742,2,21,월
2022-02-21,경부선,대방,11724,12145,23869,-421,2,21,월
2022-02-21,경부선,노량진,6823,7021,13844,-198,2,21,월
2022-02-21,경부선,용산,28314,28612,56926,-298,2,21,월
2022-02-21,경부선,남영,7893,8304,16197,-411,2,21,월
2022-02-21,경부선,서울역,5605,1819,7424,3786,2,21,월
2022-02-21,경강선,여주,1665,1626,3291,39,2,21,월
2022-02-21,경강선,세종대왕릉,285,265,550,20,2,21,월
2022-02-21,경강선,부발,1710,1729,3439,-19,2,21,월
2022-02-21,경강선,이천,2183,2310,4493,-127,2,21,월
2022-02-21,경강선,신둔도예촌,1161,1138,2299,23,2,21,월
2022-02-21,경강선,곤지암,1918,1933,3851,-15,2,21,월
2022-02-21,경강선,초월,2772,2755,5527,17,2,21,월
2022-02-21,경강선,경기광주,6882,6647,13529,235,2,21,월
2022-02-21,경강선,삼동,2127,1984,4111,143,2,21,월
2022-02-21,경강선,이매,922,784,1706,138,2,21,월
2022-02-21,경강선,판교,4296,4150,8446,146,2,21,월
2022-02-21,9호선2~3단계,둔촌오륜,974,920,1894,54,2,21,월
2022-02-21,9호선2~3단계,올림픽공원(한국체대),5025,4991,10016,34,2,21,월
2022-02-21,9호선2~3단계,한성백제,2329,2098,4427,231,2,21,월
2022-02-21,9호선2~3단계,송파나루,4555,4758,9313,-203,2,21,월
2022-02-21,9호선2~3단계,석촌,7556,6759,14315,797,2,21,월
2022-02-21,9호선2~3단계,석촌고분,5685,5732,11417,-47,2,21,월
2022-02-21,9호선2~3단계,삼전,6558,6451,13009,107,2,21,월
2022-02-21,9호선2~3단계,종합운동장,3779,3759,7538,20,2,21,월
2022-02-21,9호선2~3단계,봉은사,13974,14211,28185,-237,2,21,월
2022-02-21,9호선2~3단계,삼성중앙,6273,6612,12885,-339,2,21,월
2022-02-21,9호선2~3단계,선정릉,8936,9708,18644,-772,2,21,월
2022-02-21,9호선2~3단계,언주,10036,10401,20437,-365,2,21,월
2022-02-21,9호선,신논현,28711,28436,57147,275,2,21,월
2022-02-21,9호선,사평,3174,3158,6332,16,2,21,월
2022-02-21,9호선,고속터미널,10216,13025,23241,-2809,2,21,월
2022-02-21,9호선,신반포,2861,2760,5621,101,2,21,월
2022-02-21,9호선,구반포,1193,1290,2483,-97,2,21,월
2022-02-21,9호선,동작(현충원),1786,1413,3199,373,2,21,월
2022-02-21,9호선,흑석(중앙대입구),7327,7716,15043,-389,2,21,월
2022-02-21,9호선,노들,3912,3400,7312,512,2,21,월
2022-02-21,9호선,노량진,23091,22455,45546,636,2,21,월
2022-02-21,9호선,샛강,5404,5594,10998,-190,2,21,월
2022-02-21,9호선,여의도,24816,23995,48811,821,2,21,월
2022-02-21,9호선,국회의사당,15382,15815,31197,-433,2,21,월
2022-02-21,9호선,당산,16156,16512,32668,-356,2,21,월
2022-02-21,9호선,선유도,8099,7788,15887,311,2,21,월
2022-02-21,9호선,신목동,3588,3209,6797,379,2,21,월
2022-02-21,9호선,염창,15491,15151,30642,340,2,21,월
2022-02-21,9호선,등촌,10606,10447,21053,159,2,21,월
2022-02-21,5호선,발산,18901,18907,37808,-6,2,21,월
2022-02-21,5호선,우장산,12719,12810,25529,-91,2,21,월
2022-02-21,5호선,화곡,25935,24569,50504,1366,2,21,월
2022-02-21,5호선,까치산,26590,25851,52441,739,2,21,월
2022-02-21,5호선,신정(은행정),12823,10509,23332,2314,2,21,월
2022-02-21,5호선,목동,15140,16553,31693,-1413,2,21,월
2022-02-21,5호선,오목교(목동운동장앞),19604,20836,40440,-1232,2,21,월
2022-02-21,5호선,양평,7025,7075,14100,-50,2,21,월
2022-02-21,5호선,영등포구청,3642,3709,7351,-67,2,21,월
2022-02-21,5호선,영등포시장,8924,9223,18147,-299,2,21,월
2022-02-21,5호선,신길,3814,4204,8018,-390,2,21,월
2022-02-21,5호선,여의도,26332,27000,53332,-668,2,21,월
2022-02-21,5호선,여의나루,7533,8634,16167,-1101,2,21,월
2022-02-21,5호선,마포,13407,13740,27147,-333,2,21,월
2022-02-21,5호선,공덕,12427,12954,25381,-527,2,21,월
2022-02-21,5호선,애오개,6085,6257,12342,-172,2,21,월
2022-02-21,5호선,충정로(경기대입구),4458,4512,8970,-54,2,21,월
2022-02-21,5호선,서대문,17576,17642,35218,-66,2,21,월
2022-02-21,5호선,광화문(세종문화회관),25657,26086,51743,-429,2,21,월
2022-02-21,5호선,종로3가,10513,10344,20857,169,2,21,월
2022-02-21,5호선,을지로4가,5645,5640,11285,5,2,21,월
2022-02-21,5호선,동대문역사문화공원(DDP),2842,3256,6098,-414,2,21,월
2022-02-21,5호선,청구,3654,3380,7034,274,2,21,월
2022-02-21,5호선,신금호,5659,6128,11787,-469,2,21,월
2022-02-21,5호선,행당,7363,6682,14045,681,2,21,월
2022-02-21,5호선,왕십리(성동구청),4115,4506,8621,-391,2,21,월
2022-02-21,5호선,마장,4931,4639,9570,292,2,21,월
2022-02-21,5호선,답십리,14579,13544,28123,1035,2,21,월
2022-02-21,5호선,장한평,16856,16897,33753,-41,2,21,월
2022-02-21,5호선,군자(능동),9930,10737,20667,-807,2,21,월
2022-02-21,5호선,아차산(어린이대공원후문),12686,12262,24948,424,2,21,월
2022-02-21,5호선,광나루(장신대),11487,10374,21861,1113,2,21,월
2022-02-21,5호선,천호(풍납토성),15645,15586,31231,59,2,21,월
2022-02-21,5호선,강동,17162,16358,33520,804,2,21,월
2022-02-21,5호선,길동,7372,7781,15153,-409,2,21,월
2022-02-21,5호선,굽은다리(강동구민회관앞),8564,8306,16870,258,2,21,월
2022-02-21,5호선,명일,7747,8193,15940,-446,2,21,월
2022-02-21,5호선,고덕,8388,8470,16858,-82,2,21,월
2022-02-21,5호선,상일동,13369,12809,26178,560,2,21,월
2022-02-21,5호선,둔촌동,7818,7850,15668,-32,2,21,월
2022-02-21,5호선,올림픽공원(한국체대),3623,3109,6732,514,2,21,월
2022-02-21,5호선,방이,6419,6755,13174,-336,2,21,월
2022-02-21,5호선,오금,3346,3270,6616,76,2,21,월
2022-02-21,5호선,개롱,5773,6171,11944,-398,2,21,월
2022-02-21,5호선,거여,8710,8366,17076,344,2,21,월
2022-02-21,5호선,마천,6347,6306,12653,41,2,21,월
2022-02-21,5호선,강일,3534,3523,7057,11,2,21,월
2022-02-21,5호선,미사,14230,14149,28379,81,2,21,월
2022-02-21,5호선,하남풍산,3796,3865,7661,-69,2,21,월
2022-02-21,5호선,하남시청(덕풍·신장),5781,5644,11425,137,2,21,월
2022-02-21,5호선,하남검단산,4775,4698,9473,77,2,21,월
2022-02-21,6호선,응암,16076,16092,32168,-16,2,21,월
2022-02-21,6호선,역촌,3575,4297,7872,-722,2,21,월
2022-02-21,6호선,불광,3776,3626,7402,150,2,21,월
2022-02-21,6호선,독바위,2417,2611,5028,-194,2,21,월
2022-02-21,6호선,구산,6907,5359,12266,1548,2,21,월
2022-02-21,6호선,새절(신사),11387,10660,22047,727,2,21,월
2022-02-21,6호선,증산(명지대앞),9147,9191,18338,-44,2,21,월
2022-02-21,6호선,디지털미디어시티,12155,13621,25776,-1466,2,21,월
2022-02-21,6호선,월드컵경기장(성산),3310,3462,6772,-152,2,21,월
2022-02-21,6호선,마포구청,13140,12110,25250,1030,2,21,월
2022-02-21,9호선,증미,6707,6828,13535,-121,2,21,월
2022-02-21,6호선,망원,11997,12883,24880,-886,2,21,월
2022-02-21,6호선,합정,11102,10693,21795,409,2,21,월
2022-02-21,6호선,상수,7073,7597,14670,-524,2,21,월
2022-02-21,6호선,광흥창(서강),8087,7971,16058,116,2,21,월
2022-02-21,6호선,대흥(서강대앞),7272,7784,15056,-512,2,21,월
2022-02-21,6호선,공덕,16654,16169,32823,485,2,21,월
2022-02-21,6호선,효창공원앞,6183,5643,11826,540,2,21,월
2022-02-21,6호선,삼각지,5040,4462,9502,578,2,21,월
2022-02-21,6호선,녹사평(용산구청),3838,3833,7671,5,2,21,월
2022-02-21,6호선,이태원,7895,7831,15726,64,2,21,월
2022-02-21,6호선,한강진,6102,6962,13064,-860,2,21,월
2022-02-21,6호선,버티고개,1775,1830,3605,-55,2,21,월
2022-02-21,6호선,약수,3258,3230,6488,28,2,21,월
2022-02-21,6호선,청구,3404,3747,7151,-343,2,21,월
2022-02-21,6호선,신당,7007,7589,14596,-582,2,21,월
2022-02-21,6호선,동묘앞,6930,7180,14110,-250,2,21,월
2022-02-21,6호선,창신,3061,2542,5603,519,2,21,월
2022-02-21,6호선,보문,6557,6099,12656,458,2,21,월
2022-02-21,6호선,안암(고대병원앞),9729,9680,19409,49,2,21,월
2022-02-21,6호선,고려대(종암),7204,7149,14353,55,2,21,월
2022-02-21,6호선,월곡(동덕여대),10736,10597,21333,139,2,21,월
2022-02-21,6호선,상월곡(한국과학기술연구원),5578,5182,10760,396,2,21,월
2022-02-21,6호선,돌곶이,8478,8001,16479,477,2,21,월
2022-02-21,6호선,석계,11104,11727,22831,-623,2,21,월
2022-02-21,6호선,태릉입구,4856,5332,10188,-476,2,21,월
2022-02-21,6호선,화랑대(서울여대입구),10605,8305,18910,2300,2,21,월
2022-02-21,6호선,봉화산(서울의료원),8201,7671,15872,530,2,21,월
2022-02-21,7호선,장암,2055,739,2794,1316,2,21,월
2022-02-21,7호선,도봉산,8018,9208,17226,-1190,2,21,월
2022-02-21,7호선,수락산,11248,11183,22431,65,2,21,월
2022-02-21,7호선,마들,11544,11269,22813,275,2,21,월
2022-02-21,7호선,노원,17966,18474,36440,-508,2,21,월
2022-02-21,7호선,중계,12679,11695,24374,984,2,21,월
2022-02-21,7호선,하계,15634,14731,30365,903,2,21,월
2022-02-21,7호선,공릉(서울과학기술대),11374,11268,22642,106,2,21,월
2022-02-21,7호선,태릉입구,7469,7103,14572,366,2,21,월
2022-02-21,7호선,먹골,9362,9212,18574,150,2,21,월
2022-02-21,7호선,중화,9951,9847,19798,104,2,21,월
2022-02-21,7호선,상봉(시외버스터미널),15337,14242,29579,1095,2,21,월
2022-02-21,7호선,면목,13952,13860,27812,92,2,21,월
2022-02-21,7호선,사가정,14708,14899,29607,-191,2,21,월
2022-02-21,7호선,용마산(용마폭포공원),5493,5341,10834,152,2,21,월
2022-02-21,7호선,중곡,10073,9593,19666,480,2,21,월
2022-02-21,7호선,군자(능동),13657,11129,24786,2528,2,21,월
2022-02-21,7호선,어린이대공원(세종대),11157,11269,22426,-112,2,21,월
2022-02-21,7호선,건대입구,10742,11104,21846,-362,2,21,월
2022-02-21,7호선,뚝섬유원지,6350,6223,12573,127,2,21,월
2022-02-21,7호선,청담,17869,19801,37670,-1932,2,21,월
2022-02-21,7호선,강남구청,15037,16511,31548,-1474,2,21,월
2022-02-21,7호선,학동,22936,24026,46962,-1090,2,21,월
2022-02-21,7호선,논현,19316,21048,40364,-1732,2,21,월
2022-02-21,7호선,반포,5163,5013,10176,150,2,21,월
2022-02-21,7호선,고속터미널,14185,11657,25842,2528,2,21,월
2022-02-21,7호선,내방,13392,13653,27045,-261,2,21,월
2022-02-21,7호선,이수,14052,13676,27728,376,2,21,월
2022-02-21,7호선,남성,10102,9578,19680,524,2,21,월
2022-02-21,7호선,숭실대입구(살피재),10393,10805,21198,-412,2,21,월
2022-02-21,7호선,상도,9464,9362,18826,102,2,21,월
2022-02-21,7호선,장승배기,8493,8308,16801,185,2,21,월
2022-02-21,7호선,신대방삼거리,15083,14833,29916,250,2,21,월
2022-02-21,7호선,보라매,8859,8759,17618,100,2,21,월
2022-02-21,7호선,신풍,10522,10150,20672,372,2,21,월
2022-02-21,7호선,대림(구로구청),7108,7127,14235,-19,2,21,월
2022-02-21,7호선,남구로,15346,15978,31324,-632,2,21,월
2022-02-21,7호선,가산디지털단지,44242,44035,88277,207,2,21,월
2022-02-21,7호선,철산,18866,19219,38085,-353,2,21,월
2022-02-21,7호선,광명사거리,20093,19861,39954,232,2,21,월
2022-02-21,7호선,천왕,10446,9998,20444,448,2,21,월
2022-02-21,7호선,온수(성공회대입구),9283,8606,17889,677,2,21,월
2022-02-21,7호선,춘의,1,0,1,1,2,21,월
2022-02-21,7호선,삼산체육관,1,0,1,1,2,21,월
2022-02-21,8호선,암사,17414,15586,33000,1828,2,21,월
2022-02-21,8호선,천호(풍납토성),13303,15115,28418,-1812,2,21,월
2022-02-21,8호선,강동구청,9854,10192,20046,-338,2,21,월
2022-02-21,8호선,몽촌토성(평화의문),5547,5556,11103,-9,2,21,월
2022-02-21,8호선,잠실(송파구청),12419,14192,26611,-1773,2,21,월
2022-02-21,8호선,석촌,7066,7936,15002,-870,2,21,월
2022-02-21,8호선,송파,6724,6946,13670,-222,2,21,월
2022-02-21,8호선,가락시장,6910,7643,14553,-733,2,21,월
2022-02-21,8호선,문정,21391,22448,43839,-1057,2,21,월
2022-02-21,8호선,장지,15188,15024,30212,164,2,21,월
2022-02-21,8호선,복정,8241,7171,15412,1070,2,21,월
2022-02-21,8호선,산성,4658,4733,9391,-75,2,21,월
2022-02-21,8호선,남한산성입구(성남법원.검찰청),12275,11404,23679,871,2,21,월
2022-02-21,8호선,단대오거리,9555,9346,18901,209,2,21,월
2022-02-21,8호선,신흥,3851,4216,8067,-365,2,21,월
2022-02-21,8호선,수진,4874,4535,9409,339,2,21,월
2022-02-21,8호선,모란,3910,2983,6893,927,2,21,월
2022-02-21,8호선,남위례,3726,3957,7683,-231,2,21,월
2022-02-21,9호선,개화,2275,1659,3934,616,2,21,월
2022-02-21,9호선,김포공항,6514,10858,17372,-4344,2,21,월
2022-02-21,9호선,공항시장,2768,2992,5760,-224,2,21,월
2022-02-21,9호선,신방화,6208,6094,12302,114,2,21,월
2022-02-21,9호선,마곡나루(서울식물원),10590,10560,21150,30,2,21,월
2022-02-21,9호선,양천향교,8899,8674,17573,225,2,21,월
2022-02-21,9호선,가양,18669,18038,36707,631,2,21,월
2022-02-21,중앙선,지평,65,52,117,13,2,21,월
2022-02-21,중앙선,용문,1307,1250,2557,57,2,21,월
2022-02-21,중앙선,원덕,295,279,574,16,2,21,월
2022-02-21,중앙선,양평,2320,2264,4584,56,2,21,월
2022-02-21,중앙선,오빈,234,221,455,13,2,21,월
2022-02-21,중앙선,아신,423,473,896,-50,2,21,월
2022-02-21,중앙선,국수,528,544,1072,-16,2,21,월
2022-02-21,중앙선,신원,167,151,318,16,2,21,월
2022-02-21,중앙선,양수,1487,1434,2921,53,2,21,월
2022-02-21,중앙선,운길산,487,454,941,33,2,21,월
2022-02-21,중앙선,팔당,653,720,1373,-67,2,21,월
2022-02-21,중앙선,도심,2098,1641,3739,457,2,21,월
2022-02-21,중앙선,덕소,4923,4956,9879,-33,2,21,월
2022-02-21,중앙선,양정,663,554,1217,109,2,21,월
2022-02-21,중앙선,도농,9360,8578,17938,782,2,21,월
2022-02-21,중앙선,구리,12134,12169,24303,-35,2,21,월
2022-02-21,중앙선,양원,2123,2031,4154,92,2,21,월
2022-02-21,중앙선,망우,6693,6656,13349,37,2,21,월
2022-02-21,중앙선,상봉(시외버스터미널),5125,5126,10251,-1,2,21,월
2022-02-21,중앙선,중랑,4963,4773,9736,190,2,21,월
2022-02-21,중앙선,회기,21634,21072,42706,562,2,21,월
2022-02-21,장항선,신창(순천향대),905,914,1819,-9,2,21,월
2022-02-21,장항선,온양온천,2979,3023,6002,-44,2,21,월
2022-02-21,장항선,배방,869,870,1739,-1,2,21,월
2022-02-21,장항선,탕정,531,494,1025,37,2,21,월
2022-02-21,장항선,아산,2543,2258,4801,285,2,21,월
2022-02-21,장항선,쌍용(나사렛대),1573,1420,2993,153,2,21,월
2022-02-21,장항선,봉명,1036,1032,2068,4,2,21,월
2022-02-21,일산선,대화,11384,9088,20472,2296,2,21,월
2022-02-21,일산선,주엽,8255,8114,16369,141,2,21,월
2022-02-21,일산선,정발산,6397,6397,12794,0,2,21,월
2022-02-21,일산선,마두,6853,6979,13832,-126,2,21,월
2022-02-21,일산선,백석,8912,9064,17976,-152,2,21,월
2022-02-21,일산선,대곡,1819,1415,3234,404,2,21,월
2022-02-21,일산선,화정,15335,15771,31106,-436,2,21,월
2022-02-21,일산선,원당,9957,9438,19395,519,2,21,월
2022-02-21,일산선,삼송,17499,17071,34570,428,2,21,월
2022-02-21,일산선,원흥,9241,8966,18207,275,2,21,월
2022-02-21,우이신설선,신설동,1976,1892,3868,84,2,21,월
2022-02-21,우이신설선,보문,1411,1414,2825,-3,2,21,월
2022-02-21,우이신설선,성신여대입구(돈암),2933,3116,6049,-183,2,21,월
2022-02-21,우이신설선,정릉,4232,3951,8183,281,2,21,월
2022-02-21,우이신설선,북한산보국문,5272,5281,10553,-9,2,21,월
2022-02-21,우이신설선,솔샘,5337,5071,10408,266,2,21,월
2022-02-21,우이신설선,삼양사거리,2212,2283,4495,-71,2,21,월
2022-02-21,우이신설선,삼양,1813,1980,3793,-167,2,21,월
2022-02-21,우이신설선,화계,3103,2951,6054,152,2,21,월
2022-02-21,우이신설선,가오리,3772,3785,7557,-13,2,21,월
2022-02-21,우이신설선,4.19민주묘지,2516,2372,4888,144,2,21,월
2022-02-21,우이신설선,솔밭공원,2186,2102,4288,84,2,21,월
2022-02-21,우이신설선,북한산우이,2145,1914,4059,231,2,21,월
2022-02-21,안산선,수리산,3726,3096,6822,630,2,21,월
2022-02-21,안산선,오이도,7141,6883,14024,258,2,21,월
2022-02-21,안산선,정왕,6729,7227,13956,-498,2,21,월
2022-02-21,안산선,신길온천,1508,1321,2829,187,2,21,월
2022-02-21,안산선,안산,10393,9505,19898,888,2,21,월
2022-02-21,안산선,초지,4026,4198,8224,-172,2,21,월
2022-02-21,안산선,고잔,7922,7388,15310,534,2,21,월
2022-02-21,안산선,중앙,15226,15823,31049,-597,2,21,월
2022-02-21,안산선,한대앞,7802,7796,15598,6,2,21,월
2022-02-21,안산선,상록수,13988,14095,28083,-107,2,21,월
2022-02-21,안산선,반월,3765,3645,7410,120,2,21,월
2022-02-21,안산선,대야미,4315,3922,8237,393,2,21,월
2022-02-21,안산선,산본,13981,15082,29063,-1101,2,21,월
2022-02-21,수인선,인천,923,1394,2317,-471,2,21,월
2022-02-21,수인선,신포,1533,1514,3047,19,2,21,월
2022-02-21,수인선,숭의,3508,3357,6865,151,2,21,월
2022-02-21,수인선,인하대,4924,4727,9651,197,2,21,월
2022-02-21,수인선,송도,2166,1959,4125,207,2,21,월
2022-02-21,수인선,연수,3834,3743,7577,91,2,21,월
2022-02-21,수인선,원인재,3975,4189,8164,-214,2,21,월
2022-02-21,수인선,남동인더스파크,2147,2401,4548,-254,2,21,월
2022-02-21,수인선,호구포,3700,3822,7522,-122,2,21,월
2022-02-21,수인선,인천논현,4809,5095,9904,-286,2,21,월
2022-02-21,수인선,소래포구,3816,3483,7299,333,2,21,월
2022-02-21,수인선,월곶,2211,2007,4218,204,2,21,월
2022-02-21,수인선,달월,92,57,149,35,2,21,월
2022-02-21,수인선,사리,4033,3548,7581,485,2,21,월
2022-02-21,수인선,야목,287,235,522,52,2,21,월
2022-02-21,수인선,어천,541,626,1167,-85,2,21,월
2022-02-21,수인선,오목천,2382,2347,4729,35,2,21,월
2022-02-21,수인선,고색,4372,4149,8521,223,2,21,월
2022-02-21,분당선,매교,2689,2677,5366,12,2,21,월
2022-02-21,분당선,수원시청,11586,12194,23780,-608,2,21,월
2022-02-21,분당선,매탄권선,4421,4349,8770,72,2,21,월
2022-02-21,분당선,망포,12917,12376,25293,541,2,21,월
2022-02-21,분당선,영통,7375,7388,14763,-13,2,21,월
2022-02-21,분당선,청명,3708,3684,7392,24,2,21,월
2022-02-21,분당선,상갈,4683,4609,9292,74,2,21,월
2022-02-21,분당선,기흥,8719,8374,17093,345,2,21,월
2022-02-21,분당선,신갈,4012,3995,8007,17,2,21,월
2022-02-21,분당선,구성,4457,4781,9238,-324,2,21,월
2022-02-21,분당선,죽전,11580,12556,24136,-976,2,21,월
2022-02-21,분당선,보정,2150,1912,4062,238,2,21,월
2022-02-21,분당선,이매,4905,4841,9746,64,2,21,월
2022-02-21,분당선,오리,10751,8928,19679,1823,2,21,월
2022-02-21,분당선,미금,14058,15166,29224,-1108,2,21,월
2022-02-21,분당선,정자,15523,16318,31841,-795,2,21,월
2022-02-21,분당선,수내,12334,12218,24552,116,2,21,월
2022-02-21,분당선,서현,22321,22361,44682,-40,2,21,월
2022-02-21,분당선,야탑,23720,24302,48022,-582,2,21,월
2022-02-21,분당선,모란,17645,17943,35588,-298,2,21,월
2022-02-21,분당선,태평,12353,11979,24332,374,2,21,월
2022-02-21,분당선,가천대,5840,6746,12586,-906,2,21,월
2022-02-21,분당선,선정릉,7784,8194,15978,-410,2,21,월
2022-02-21,분당선,강남구청,9400,10474,19874,-1074,2,21,월
2022-02-21,분당선,압구정로데오,15910,17028,32938,-1118,2,21,월
2022-02-21,분당선,서울숲,8866,8933,17799,-67,2,21,월
2022-02-21,분당선,수원,7027,5928,12955,1099,2,21,월
2022-02-21,분당선,수서,12372,12447,24819,-75,2,21,월
2022-02-21,분당선,대모산입구,4188,3855,8043,333,2,21,월
2022-02-21,분당선,개포동,3322,3492,6814,-170,2,21,월
2022-02-21,분당선,구룡,1751,1720,3471,31,2,21,월
2022-02-21,분당선,도곡,6368,6411,12779,-43,2,21,월
2022-02-21,분당선,한티,13312,14373,27685,-1061,2,21,월
2022-02-21,분당선,선릉,12507,18872,31379,-6365,2,21,월
2022-02-21,과천선,범계,22991,22775,45766,216,2,21,월
2022-02-21,과천선,평촌,16501,16124,32625,377,2,21,월
2022-02-21,과천선,인덕원,21828,22742,44570,-914,2,21,월
2022-02-21,과천선,정부과천청사,9371,9501,18872,-130,2,21,월
2022-02-21,과천선,과천,5472,5195,10667,277,2,21,월
2022-02-21,과천선,대공원,1623,1722,3345,-99,2,21,월
2022-02-21,과천선,경마공원,764,747,1511,17,2,21,월
2022-02-21,과천선,선바위,7140,6326,13466,814,2,21,월
2022-02-21,공항철도 1호선,영종,2737,2694,5431,43,2,21,월
2022-02-21,공항철도 1호선,인천공항2터미널,1893,1808,3701,85,2,21,월
2022-02-21,공항철도 1호선,인천공항1터미널,3023,3083,6106,-60,2,21,월
2022-02-21,공항철도 1호선,공항화물청사,2132,2321,4453,-189,2,21,월
2022-02-21,공항철도 1호선,운서,5653,5937,11590,-284,2,21,월
2022-02-21,공항철도 1호선,청라국제도시,6115,5774,11889,341,2,21,월
2022-02-21,공항철도 1호선,검암,6001,5876,11877,125,2,21,월
2022-02-21,공항철도 1호선,계양,9165,8591,17756,574,2,21,월
2022-02-21,공항철도 1호선,김포공항,11283,5883,17166,5400,2,21,월
2022-02-21,공항철도 1호선,마곡나루(서울식물원),7847,7617,15464,230,2,21,월
2022-02-21,공항철도 1호선,디지털미디어시티,13484,12058,25542,1426,2,21,월
2022-02-21,공항철도 1호선,홍대입구,8381,8293,16674,88,2,21,월
2022-02-21,공항철도 1호선,공덕,2067,2621,4688,-554,2,21,월
2022-02-21,공항철도 1호선,서울역,6618,6152,12770,466,2,21,월
2022-02-21,경춘선,춘천,1009,930,1939,79,2,21,월
2022-02-21,경춘선,남춘천,1878,1991,3869,-113,2,21,월
2022-02-21,경춘선,김유정,226,204,430,22,2,21,월
2022-02-21,경춘선,강촌,299,308,607,-9,2,21,월
2022-02-21,경춘선,백양리,308,254,562,54,2,21,월
2022-02-21,경춘선,굴봉산,102,118,220,-16,2,21,월
2022-02-21,경춘선,가평,1322,1395,2717,-73,2,21,월
2022-02-21,경춘선,상천,181,152,333,29,2,21,월
2022-02-21,경춘선,청평,1347,1256,2603,91,2,21,월
2022-02-21,경춘선,대성리,380,391,771,-11,2,21,월
2022-02-21,경춘선,마석,3222,3174,6396,48,2,21,월
2022-02-21,경춘선,천마산,1444,1308,2752,136,2,21,월
2022-02-21,경춘선,평내호평,5495,5235,10730,260,2,21,월
2022-02-21,경춘선,금곡,1303,1205,2508,98,2,21,월
2022-02-21,경춘선,사릉,2994,2768,5762,226,2,21,월
2022-02-21,경춘선,퇴계원,3269,3046,6315,223,2,21,월
2022-02-21,4호선,한성대입구(삼선교),11494,11265,22759,229,2,21,월
2022-02-21,4호선,성신여대입구(돈암),17227,16795,34022,432,2,21,월
2022-02-21,4호선,길음,17941,17835,35776,106,2,21,월
2022-02-21,4호선,미아사거리,24261,23943,48204,318,2,21,월
2022-02-21,4호선,미아(서울사이버대학),13304,13046,26350,258,2,21,월
2022-02-21,4호선,수유(강북구청),30240,30568,60808,-328,2,21,월
2022-02-21,3호선,오금,5799,5202,11001,597,2,21,월
2022-02-21,3호선,경찰병원,7006,7072,14078,-66,2,21,월
2022-02-21,3호선,가락시장,7985,7817,15802,168,2,21,월
2022-02-21,3호선,수서,15165,15780,30945,-615,2,21,월
2022-02-21,3호선,일원,9151,9078,18229,73,2,21,월
2022-02-21,3호선,대청,9316,8728,18044,588,2,21,월
2022-02-21,3호선,학여울,1567,1550,3117,17,2,21,월
2022-02-21,3호선,대치,10658,10734,21392,-76,2,21,월
2022-02-21,3호선,도곡,4983,4928,9911,55,2,21,월
2022-02-21,3호선,매봉,11623,10946,22569,677,2,21,월
2022-02-21,3호선,양재(서초구청),34772,37747,72519,-2975,2,21,월
2022-02-21,3호선,남부터미널(예술의전당),26004,26260,52264,-256,2,21,월
2022-02-21,3호선,교대(법원.검찰청),12869,8449,21318,4420,2,21,월
2022-02-21,3호선,고속터미널,33338,31632,64970,1706,2,21,월
2022-02-21,3호선,잠원,4254,4263,8517,-9,2,21,월
2022-02-21,3호선,신사,28796,29860,58656,-1064,2,21,월
2022-02-21,3호선,압구정,29511,31193,60704,-1682,2,21,월
2022-02-21,3호선,옥수,7552,8135,15687,-583,2,21,월
2022-02-21,3호선,금호,7167,6783,13950,384,2,21,월
2022-02-21,3호선,약수,11523,11231,22754,292,2,21,월
2022-02-21,3호선,동대입구,6132,6517,12649,-385,2,21,월
2022-02-21,3호선,충무로,3,0,3,3,2,21,월
2022-02-21,3호선,을지로3가,9463,9806,19269,-343,2,21,월
2022-02-21,3호선,종로3가,9481,10616,20097,-1135,2,21,월
2022-02-21,3호선,안국,16980,17174,34154,-194,2,21,월
2022-02-21,3호선,경복궁(정부서울청사),16516,16199,32715,317,2,21,월
2022-02-21,3호선,독립문,5864,6045,11909,-181,2,21,월
2022-02-21,3호선,무악재,3560,3614,7174,-54,2,21,월
2022-02-21,3호선,홍제,15569,14953,30522,616,2,21,월
2022-02-21,3호선,녹번,13787,12722,26509,1065,2,21,월
2022-02-21,3호선,불광,14775,15566,30341,-791,2,21,월
2022-02-21,3호선,연신내,32448,31035,63483,1413,2,21,월
2022-02-21,3호선,구파발,18318,17436,35754,882,2,21,월
2022-02-21,3호선,지축,4128,4054,8182,74,2,21,월
2022-02-21,2호선,용두(동대문구청),2284,2282,4566,2,2,21,월
2022-02-21,2호선,신정네거리,9221,9599,18820,-378,2,21,월
2022-02-21,2호선,양천구청,6225,6605,12830,-380,2,21,월
2022-02-21,2호선,도림천,1303,1358,2661,-55,2,21,월
2022-02-21,2호선,신설동,3120,1712,4832,1408,2,21,월
2022-02-21,2호선,신답,1459,1726,3185,-267,2,21,월
2022-02-21,2호선,용답,2490,2523,5013,-33,2,21,월
2022-02-21,2호선,충정로(경기대입구),9221,9619,18840,-398,2,21,월
2022-02-21,2호선,아현,8970,8872,17842,98,2,21,월
2022-02-21,2호선,이대,11336,12223,23559,-887,2,21,월
2022-02-21,2호선,신촌,30157,30499,60656,-342,2,21,월
2022-02-21,2호선,홍대입구,46260,47146,93406,-886,2,21,월
2022-02-21,2호선,합정,26634,27307,53941,-673,2,21,월
2022-02-21,2호선,당산,16004,18771,34775,-2767,2,21,월
2022-02-21,2호선,영등포구청,21579,21942,43521,-363,2,21,월
2022-02-21,2호선,문래,19433,19726,39159,-293,2,21,월
2022-02-21,2호선,신도림,41594,40887,82481,707,2,21,월
2022-02-21,2호선,대림(구로구청),22013,22443,44456,-430,2,21,월
2022-02-21,2호선,구로디지털단지,55051,55122,110173,-71,2,21,월
2022-02-21,2호선,신대방,24139,23707,47846,432,2,21,월
2022-02-21,2호선,신림,57564,56716,114280,848,2,21,월
2022-02-21,2호선,봉천,21822,20796,42618,1026,2,21,월
2022-02-21,2호선,서울대입구(관악구청),42462,42056,84518,406,2,21,월
2022-02-21,2호선,낙성대(강감찬),23989,23910,47899,79,2,21,월
2022-02-21,2호선,사당,31136,34118,65254,-2982,2,21,월
2022-02-21,2호선,방배,14463,15026,29489,-563,2,21,월
2022-02-21,2호선,서초,19346,18790,38136,556,2,21,월
2022-02-21,2호선,교대(법원.검찰청),31298,34907,66205,-3609,2,21,월
2022-02-21,2호선,강남,78182,76458,154640,1724,2,21,월
2022-02-21,2호선,역삼,49114,54001,103115,-4887,2,21,월
2022-02-21,2호선,선릉,53178,46813,99991,6365,2,21,월
2022-02-21,2호선,삼성(무역센터),45240,45439,90679,-199,2,21,월
2022-02-21,2호선,종합운동장,6505,6707,13212,-202,2,21,월
2022-02-21,2호선,잠실새내,18709,18620,37329,89,2,21,월
2022-02-21,2호선,잠실(송파구청),57702,57424,115126,278,2,21,월
2022-02-21,2호선,잠실나루,12990,12905,25895,85,2,21,월
2022-02-21,2호선,강변(동서울터미널),26548,25236,51784,1312,2,21,월
2022-02-21,2호선,구의(광진구청),21715,21931,43646,-216,2,21,월
2022-02-21,2호선,건대입구,29971,31615,61586,-1644,2,21,월
2022-02-21,2호선,성수,34663,37128,71791,-2465,2,21,월
2022-02-21,2호선,뚝섬,19549,20923,40472,-1374,2,21,월
2022-02-21,2호선,한양대,6768,7538,14306,-770,2,21,월
2022-02-21,2호선,왕십리(성동구청),13976,11339,25315,2637,2,21,월
2022-02-21,2호선,상왕십리,12867,12641,25508,226,2,21,월
2022-02-21,2호선,신당,12313,12643,24956,-330,2,21,월
2022-02-21,2호선,동대문역사문화공원(DDP),9895,11050,20945,-1155,2,21,월
2022-02-21,2호선,을지로4가,11913,11858,23771,55,2,21,월
2022-02-21,2호선,을지로3가,19945,19800,39745,145,2,21,월
2022-02-21,2호선,을지로입구,34550,34934,69484,-384,2,21,월
2022-02-21,2호선,시청,21069,20319,41388,750,2,21,월
2022-02-21,1호선,청량리(서울시립대입구),17422,17620,35042,-198,2,21,월
2022-02-21,1호선,제기동,14798,15091,29889,-293,2,21,월
2022-02-21,1호선,신설동,12592,12360,24952,232,2,21,월
2022-02-21,1호선,동대문,9408,9006,18414,402,2,21,월
2022-02-21,1호선,종로5가,20321,19222,39543,1099,2,21,월
2022-02-21,1호선,종로3가,22017,20250,42267,1767,2,21,월
2022-02-21,1호선,종각,30447,29514,59961,933,2,21,월
2022-02-21,1호선,시청,19281,19453,38734,-172,2,21,월
2022-02-21,1호선,동묘앞,5979,6286,12265,-307,2,21,월
2022-02-21,1호선,서울역,37553,36039,73592,1514,2,21,월
2022-02-22,7호선,청담,18312,20446,38758,-2134,2,22,화
2022-02-22,7호선,뚝섬유원지,6430,6385,12815,45,2,22,화
2022-02-22,7호선,건대입구,11268,11555,22823,-287,2,22,화
2022-02-22,7호선,어린이대공원(세종대),11518,11470,22988,48,2,22,화
2022-02-22,7호선,군자(능동),13839,11423,25262,2416,2,22,화
2022-02-22,7호선,중곡,10279,9720,19999,559,2,22,화
2022-02-22,7호선,용마산(용마폭포공원),5543,5438,10981,105,2,22,화
2022-02-22,7호선,사가정,14587,14735,29322,-148,2,22,화
2022-02-22,7호선,면목,14257,13936,28193,321,2,22,화
2022-02-22,7호선,상봉(시외버스터미널),15648,14541,30189,1107,2,22,화
2022-02-22,7호선,중화,10049,10021,20070,28,2,22,화
2022-02-22,7호선,먹골,9371,9424,18795,-53,2,22,화
2022-02-22,7호선,공릉(서울과학기술대),11485,11376,22861,109,2,22,화
2022-02-22,7호선,하계,15808,15132,30940,676,2,22,화
2022-02-22,7호선,중계,12782,11715,24497,1067,2,22,화
2022-02-22,7호선,노원,18262,18571,36833,-309,2,22,화
2022-02-22,7호선,마들,11773,11532,23305,241,2,22,화
2022-02-22,7호선,수락산,11322,11063,22385,259,2,22,화
2022-02-22,7호선,도봉산,8012,9230,17242,-1218,2,22,화
2022-02-22,7호선,장암,2008,750,2758,1258,2,22,화
2022-02-22,6호선,봉화산(서울의료원),8269,7740,16009,529,2,22,화
2022-02-22,6호선,화랑대(서울여대입구),10576,8334,18910,2242,2,22,화
2022-02-22,6호선,태릉입구,4952,5325,10277,-373,2,22,화
2022-02-22,6호선,석계,11231,11843,23074,-612,2,22,화
2022-02-22,6호선,돌곶이,8488,8062,16550,426,2,22,화
2022-02-22,6호선,상월곡(한국과학기술연구원),5609,5101,10710,508,2,22,화
2022-02-22,6호선,월곡(동덕여대),10563,10537,21100,26,2,22,화
2022-02-22,6호선,고려대(종암),6998,6919,13917,79,2,22,화
2022-02-22,6호선,안암(고대병원앞),9455,9336,18791,119,2,22,화
2022-02-22,6호선,보문,6560,6201,12761,359,2,22,화
2022-02-22,6호선,동묘앞,7037,7199,14236,-162,2,22,화
2022-02-22,6호선,신당,7692,7998,15690,-306,2,22,화
2022-02-22,6호선,청구,3465,3783,7248,-318,2,22,화
2022-02-22,6호선,약수,3231,3246,6477,-15,2,22,화
2022-02-22,6호선,버티고개,1772,1885,3657,-113,2,22,화
2022-02-22,6호선,한강진,6617,7594,14211,-977,2,22,화
2022-02-22,6호선,이태원,8100,7960,16060,140,2,22,화
2022-02-22,6호선,녹사평(용산구청),4051,4022,8073,29,2,22,화
2022-02-22,6호선,삼각지,5443,4926,10369,517,2,22,화
2022-02-22,6호선,효창공원앞,6385,5844,12229,541,2,22,화
2022-02-22,6호선,공덕,16867,16199,33066,668,2,22,화
2022-02-22,6호선,대흥(서강대앞),7027,7421,14448,-394,2,22,화
2022-02-22,6호선,광흥창(서강),8202,8099,16301,103,2,22,화
2022-02-22,6호선,상수,7588,8133,15721,-545,2,22,화
2022-02-22,6호선,합정,11355,11033,22388,322,2,22,화
2022-02-22,6호선,망원,12302,13103,25405,-801,2,22,화
2022-02-22,6호선,마포구청,13259,12114,25373,1145,2,22,화
2022-02-22,6호선,월드컵경기장(성산),3510,3760,7270,-250,2,22,화
2022-02-22,6호선,디지털미디어시티,12431,13739,26170,-1308,2,22,화
2022-02-22,6호선,증산(명지대앞),9368,9424,18792,-56,2,22,화
2022-02-22,6호선,새절(신사),11714,10904,22618,810,2,22,화
2022-02-22,6호선,구산,6908,5447,12355,1461,2,22,화
2022-02-22,6호선,독바위,2470,2612,5082,-142,2,22,화
2022-02-22,6호선,불광,3926,3760,7686,166,2,22,화
2022-02-22,6호선,역촌,3584,4296,7880,-712,2,22,화
2022-02-22,6호선,응암,16183,16135,32318,48,2,22,화
2022-02-22,5호선,하남검단산,4817,4575,9392,242,2,22,화
2022-02-22,5호선,하남시청(덕풍·신장),5846,5805,11651,41,2,22,화
2022-02-22,5호선,하남풍산,4088,3952,8040,136,2,22,화
2022-02-22,5호선,미사,14290,14176,28466,114,2,22,화
2022-02-22,5호선,강일,3421,3449,6870,-28,2,22,화
2022-02-22,5호선,마천,6417,6255,12672,162,2,22,화
2022-02-22,5호선,거여,8741,8245,16986,496,2,22,화
2022-02-22,5호선,개롱,5784,6063,11847,-279,2,22,화
2022-02-22,5호선,오금,3361,3517,6878,-156,2,22,화
2022-02-22,5호선,방이,6541,6793,13334,-252,2,22,화
2022-02-22,5호선,올림픽공원(한국체대),3732,3282,7014,450,2,22,화
2022-02-22,5호선,둔촌동,7995,8053,16048,-58,2,22,화
2022-02-22,5호선,상일동,13545,12658,26203,887,2,22,화
2022-02-22,5호선,고덕,8279,8319,16598,-40,2,22,화
2022-02-22,5호선,명일,7739,7879,15618,-140,2,22,화
2022-02-22,5호선,굽은다리(강동구민회관앞),8576,7945,16521,631,2,22,화
2022-02-22,5호선,길동,7244,7463,14707,-219,2,22,화
2022-02-22,5호선,강동,17194,17141,34335,53,2,22,화
2022-02-22,5호선,천호(풍납토성),15936,15768,31704,168,2,22,화
2022-02-22,5호선,광나루(장신대),11735,10715,22450,1020,2,22,화
2022-02-22,5호선,아차산(어린이대공원후문),13109,12813,25922,296,2,22,화
2022-02-22,5호선,군자(능동),10328,11231,21559,-903,2,22,화
2022-02-22,5호선,장한평,17150,17215,34365,-65,2,22,화
2022-02-22,5호선,답십리,14629,13706,28335,923,2,22,화
2022-02-22,5호선,마장,5000,4744,9744,256,2,22,화
2022-02-22,5호선,왕십리(성동구청),4106,4670,8776,-564,2,22,화
2022-02-22,5호선,행당,7423,6639,14062,784,2,22,화
2022-02-22,5호선,신금호,5545,5944,11489,-399,2,22,화
2022-02-22,5호선,청구,3827,3460,7287,367,2,22,화
2022-02-22,5호선,동대문역사문화공원(DDP),2745,3235,5980,-490,2,22,화
2022-02-22,5호선,을지로4가,5713,5720,11433,-7,2,22,화
2022-02-22,5호선,종로3가,10695,10372,21067,323,2,22,화
2022-02-22,5호선,광화문(세종문화회관),26200,26972,53172,-772,2,22,화
2022-02-22,5호선,서대문,17080,17519,34599,-439,2,22,화
2022-02-22,5호선,충정로(경기대입구),4392,4492,8884,-100,2,22,화
2022-02-22,5호선,애오개,6205,6337,12542,-132,2,22,화
2022-02-22,5호선,공덕,12342,13093,25435,-751,2,22,화
2022-02-22,5호선,마포,13542,14028,27570,-486,2,22,화
2022-02-22,5호선,여의나루,7636,8477,16113,-841,2,22,화
2022-02-22,5호선,여의도,26579,27352,53931,-773,2,22,화
2022-02-22,5호선,신길,3817,4130,7947,-313,2,22,화
2022-02-22,5호선,영등포시장,9205,9509,18714,-304,2,22,화
2022-02-22,6호선,창신,3148,2645,5793,503,2,22,화
2022-02-22,2호선,아현,8900,8756,17656,144,2,22,화
2022-02-22,2호선,신대방,24172,23758,47930,414,2,22,화
2022-02-22,2호선,구로디지털단지,55154,55393,110547,-239,2,22,화
2022-02-22,2호선,대림(구로구청),21787,22384,44171,-597,2,22,화
2022-02-22,2호선,신도림,41242,40510,81752,732,2,22,화
2022-02-22,2호선,문래,19796,20089,39885,-293,2,22,화
2022-02-22,2호선,영등포구청,21698,21926,43624,-228,2,22,화
2022-02-22,2호선,당산,16235,18908,35143,-2673,2,22,화
2022-02-22,2호선,합정,27269,27997,55266,-728,2,22,화
2022-02-22,2호선,홍대입구,46931,47679,94610,-748,2,22,화
2022-02-22,2호선,신촌,29049,29384,58433,-335,2,22,화
2022-02-22,2호선,이대,11531,12271,23802,-740,2,22,화
2022-02-22,2호선,충정로(경기대입구),9238,9708,18946,-470,2,22,화
2022-02-22,2호선,용답,2437,2471,4908,-34,2,22,화
2022-02-22,2호선,신답,1514,1746,3260,-232,2,22,화
2022-02-22,2호선,신설동,3116,1713,4829,1403,2,22,화
2022-02-22,2호선,도림천,1258,1308,2566,-50,2,22,화
2022-02-22,2호선,양천구청,6231,6676,12907,-445,2,22,화
2022-02-22,2호선,신정네거리,9359,9716,19075,-357,2,22,화
2022-02-22,2호선,용두(동대문구청),2238,2230,4468,8,2,22,화
2022-02-22,3호선,지축,4091,4022,8113,69,2,22,화
2022-02-22,3호선,구파발,18820,17711,36531,1109,2,22,화
2022-02-22,3호선,연신내,32773,31427,64200,1346,2,22,화
2022-02-22,3호선,불광,14623,15484,30107,-861,2,22,화
2022-02-22,3호선,녹번,14294,13053,27347,1241,2,22,화
2022-02-22,3호선,홍제,15609,15108,30717,501,2,22,화
2022-02-22,3호선,무악재,3624,3678,7302,-54,2,22,화
2022-02-22,3호선,독립문,6181,6364,12545,-183,2,22,화
2022-02-22,3호선,경복궁(정부서울청사),17116,16631,33747,485,2,22,화
2022-02-22,3호선,안국,17753,18014,35767,-261,2,22,화
2022-02-22,3호선,종로3가,9608,10743,20351,-1135,2,22,화
2022-02-22,3호선,을지로3가,9725,9689,19414,36,2,22,화
2022-02-22,3호선,충무로,1,0,1,1,2,22,화
2022-02-22,3호선,동대입구,6980,7509,14489,-529,2,22,화
2022-02-22,3호선,약수,11734,11231,22965,503,2,22,화
2022-02-22,3호선,금호,7244,6893,14137,351,2,22,화
2022-02-22,3호선,옥수,7928,8250,16178,-322,2,22,화
2022-02-22,3호선,압구정,29839,31683,61522,-1844,2,22,화
2022-02-22,3호선,신사,29599,30043,59642,-444,2,22,화
2022-02-22,3호선,잠원,4265,4291,8556,-26,2,22,화
2022-02-22,3호선,고속터미널,33806,32433,66239,1373,2,22,화
2022-02-22,3호선,교대(법원.검찰청),13073,8550,21623,4523,2,22,화
2022-02-22,3호선,남부터미널(예술의전당),26501,26883,53384,-382,2,22,화
2022-02-22,3호선,양재(서초구청),35546,38301,73847,-2755,2,22,화
2022-02-22,3호선,매봉,11637,11120,22757,517,2,22,화
2022-02-22,3호선,도곡,4804,4823,9627,-19,2,22,화
2022-02-22,3호선,대치,10685,10652,21337,33,2,22,화
2022-02-22,3호선,학여울,1600,1624,3224,-24,2,22,화
2022-02-22,3호선,대청,9023,8445,17468,578,2,22,화
2022-02-22,3호선,일원,9365,8904,18269,461,2,22,화
2022-02-22,3호선,수서,14779,15176,29955,-397,2,22,화
2022-02-22,3호선,가락시장,8054,7773,15827,281,2,22,화
2022-02-22,3호선,경찰병원,7025,7003,14028,22,2,22,화
2022-02-22,3호선,오금,5699,5180,10879,519,2,22,화
2022-02-22,4호선,수유(강북구청),30617,30780,61397,-163,2,22,화
2022-02-22,4호선,미아(서울사이버대학),13230,13031,26261,199,2,22,화
2022-02-22,4호선,미아사거리,24276,23751,48027,525,2,22,화
2022-02-22,4호선,길음,18019,17919,35938,100,2,22,화
2022-02-22,4호선,성신여대입구(돈암),17452,16959,34411,493,2,22,화
2022-02-22,4호선,한성대입구(삼선교),11919,11713,23632,206,2,22,화
2022-02-22,4호선,혜화,29700,29048,58748,652,2,22,화
2022-02-22,4호선,동대문,17459,17914,35373,-455,2,22,화
2022-02-22,4호선,동대문역사문화공원(DDP),13110,11798,24908,1312,2,22,화
2022-02-22,4호선,충무로,24905,25419,50324,-514,2,22,화
2022-02-22,4호선,명동,15620,15999,31619,-379,2,22,화
2022-02-22,4호선,회현(남대문시장),21156,21893,43049,-737,2,22,화
2022-02-22,4호선,서울역,10022,14205,24227,-4183,2,22,화
2022-02-22,4호선,숙대입구(갈월),11380,11105,22485,275,2,22,화
2022-02-22,4호선,삼각지,4288,4697,8985,-409,2,22,화
2022-02-22,4호선,신용산,14376,15080,29456,-704,2,22,화
2022-02-22,4호선,이촌(국립중앙박물관),6597,7252,13849,-655,2,22,화
2022-02-22,4호선,동작(현충원),1167,1335,2502,-168,2,22,화
2022-02-22,4호선,총신대입구(이수),16698,18277,34975,-1579,2,22,화
2022-02-22,4호선,사당,22514,18066,40580,4448,2,22,화
2022-02-22,4호선,남태령,1044,917,1961,127,2,22,화
2022-02-22,4호선,당고개,11440,10688,22128,752,2,22,화
2022-02-22,4호선,상계,17095,16069,33164,1026,2,22,화
2022-02-22,4호선,노원,16410,18457,34867,-2047,2,22,화
2022-02-22,4호선,창동,22916,24453,47369,-1537,2,22,화
2022-02-22,4호선,쌍문,26437,24670,51107,1767,2,22,화
2022-02-22,5호선,방화,5887,5814,11701,73,2,22,화
2022-02-22,5호선,개화산,5208,5070,10278,138,2,22,화
2022-02-22,5호선,김포공항,6656,6441,13097,215,2,22,화
2022-02-22,5호선,송정,6102,5820,11922,282,2,22,화
2022-02-22,5호선,마곡,10182,10061,20243,121,2,22,화
2022-02-22,5호선,발산,19107,19259,38366,-152,2,22,화
2022-02-22,5호선,우장산,12831,12794,25625,37,2,22,화
2022-02-22,5호선,화곡,26196,24487,50683,1709,2,22,화
2022-02-22,5호선,까치산,26548,25804,52352,744,2,22,화
2022-02-22,5호선,신정(은행정),12892,10694,23586,2198,2,22,화
2022-02-22,5호선,목동,15291,16706,31997,-1415,2,22,화
2022-02-22,5호선,오목교(목동운동장앞),19821,20974,40795,-1153,2,22,화
2022-02-22,5호선,양평,6982,7040,14022,-58,2,22,화
2022-02-22,안산선,안산,10464,9376,19840,1088,2,22,화
2022-02-22,안산선,초지,4061,4152,8213,-91,2,22,화
2022-02-22,안산선,고잔,7981,7487,15468,494,2,22,화
2022-02-22,안산선,중앙,15528,16018,31546,-490,2,22,화
2022-02-22,안산선,한대앞,7872,7919,15791,-47,2,22,화
2022-02-22,안산선,상록수,13899,14311,28210,-412,2,22,화
2022-02-22,안산선,반월,3792,3690,7482,102,2,22,화
2022-02-22,안산선,대야미,4301,3870,8171,431,2,22,화
2022-02-22,안산선,산본,14213,15270,29483,-1057,2,22,화
2022-02-22,수인선,인천,912,1421,2333,-509,2,22,화
2022-02-22,수인선,신포,1543,1519,3062,24,2,22,화
2022-02-22,수인선,숭의,3544,3315,6859,229,2,22,화
2022-02-22,수인선,인하대,5031,4709,9740,322,2,22,화
2022-02-22,수인선,송도,2083,1912,3995,171,2,22,화
2022-02-22,수인선,연수,3869,3839,7708,30,2,22,화
2022-02-22,수인선,원인재,3803,4014,7817,-211,2,22,화
2022-02-22,수인선,남동인더스파크,2213,2461,4674,-248,2,22,화
2022-02-22,수인선,호구포,3679,3847,7526,-168,2,22,화
2022-02-22,수인선,인천논현,4828,5073,9901,-245,2,22,화
2022-02-22,수인선,소래포구,4052,3715,7767,337,2,22,화
2022-02-22,수인선,월곶,2230,2069,4299,161,2,22,화
2022-02-22,수인선,달월,83,47,130,36,2,22,화
2022-02-22,수인선,사리,4068,3593,7661,475,2,22,화
2022-02-22,수인선,야목,325,240,565,85,2,22,화
2022-02-22,수인선,어천,552,598,1150,-46,2,22,화
2022-02-22,수인선,오목천,2308,2243,4551,65,2,22,화
2022-02-22,수인선,고색,4348,4150,8498,198,2,22,화
2022-02-22,분당선,매교,2557,2591,5148,-34,2,22,화
2022-02-22,분당선,수원시청,11384,12026,23410,-642,2,22,화
2022-02-22,분당선,매탄권선,4411,4341,8752,70,2,22,화
2022-02-22,분당선,망포,12775,12224,24999,551,2,22,화
2022-02-22,분당선,영통,7149,7302,14451,-153,2,22,화
2022-02-22,분당선,청명,3780,3603,7383,177,2,22,화
2022-02-22,분당선,상갈,4744,4672,9416,72,2,22,화
2022-02-22,분당선,기흥,8527,8135,16662,392,2,22,화
2022-02-22,분당선,신갈,4017,3956,7973,61,2,22,화
2022-02-22,분당선,구성,4514,4805,9319,-291,2,22,화
2022-02-22,분당선,죽전,11601,12787,24388,-1186,2,22,화
2022-02-22,분당선,보정,2205,2024,4229,181,2,22,화
2022-02-22,분당선,이매,5083,4903,9986,180,2,22,화
2022-02-22,분당선,오리,10757,9014,19771,1743,2,22,화
2022-02-22,분당선,미금,14206,15137,29343,-931,2,22,화
2022-02-22,분당선,정자,15700,16604,32304,-904,2,22,화
2022-02-22,분당선,수내,12438,12572,25010,-134,2,22,화
2022-02-22,분당선,서현,22737,22825,45562,-88,2,22,화
2022-02-22,분당선,야탑,23466,24161,47627,-695,2,22,화
2022-02-22,분당선,모란,18040,18106,36146,-66,2,22,화
2022-02-22,분당선,태평,12533,12235,24768,298,2,22,화
2022-02-22,분당선,가천대,6380,7388,13768,-1008,2,22,화
2022-02-22,분당선,선정릉,7764,8201,15965,-437,2,22,화
2022-02-22,분당선,강남구청,9559,10872,20431,-1313,2,22,화
2022-02-22,분당선,압구정로데오,17580,19150,36730,-1570,2,22,화
2022-02-22,분당선,서울숲,9291,9281,18572,10,2,22,화
2022-02-22,분당선,수원,7109,5842,12951,1267,2,22,화
2022-02-22,분당선,수서,12192,12467,24659,-275,2,22,화
2022-02-22,분당선,대모산입구,4154,3863,8017,291,2,22,화
2022-02-22,분당선,개포동,3478,3625,7103,-147,2,22,화
2022-02-22,분당선,구룡,1770,1725,3495,45,2,22,화
2022-02-22,분당선,도곡,6269,6272,12541,-3,2,22,화
2022-02-22,분당선,한티,13650,14766,28416,-1116,2,22,화
2022-02-22,분당선,선릉,12881,18950,31831,-6069,2,22,화
2022-02-22,과천선,범계,23042,22826,45868,216,2,22,화
2022-02-22,과천선,평촌,16531,16170,32701,361,2,22,화
2022-02-22,과천선,인덕원,21806,22843,44649,-1037,2,22,화
2022-02-22,과천선,정부과천청사,9548,9633,19181,-85,2,22,화
2022-02-22,과천선,과천,5586,5346,10932,240,2,22,화
2022-02-22,과천선,대공원,2048,2168,4216,-120,2,22,화
2022-02-22,과천선,경마공원,1205,1178,2383,27,2,22,화
2022-02-22,과천선,선바위,7334,6487,13821,847,2,22,화
2022-02-22,공항철도 1호선,영종,2662,2752,5414,-90,2,22,화
2022-02-22,공항철도 1호선,인천공항2터미널,1888,1985,3873,-97,2,22,화
2022-02-22,공항철도 1호선,인천공항1터미널,3164,3568,6732,-404,2,22,화
2022-02-22,공항철도 1호선,공항화물청사,2268,2422,4690,-154,2,22,화
2022-02-22,공항철도 1호선,운서,6064,6093,12157,-29,2,22,화
2022-02-22,공항철도 1호선,청라국제도시,6105,5785,11890,320,2,22,화
2022-02-22,공항철도 1호선,검암,5905,5865,11770,40,2,22,화
2022-02-22,공항철도 1호선,계양,9215,8736,17951,479,2,22,화
2022-02-22,공항철도 1호선,김포공항,10928,6077,17005,4851,2,22,화
2022-02-22,공항철도 1호선,마곡나루(서울식물원),7919,7730,15649,189,2,22,화
2022-02-22,공항철도 1호선,디지털미디어시티,12982,11774,24756,1208,2,22,화
2022-02-22,공항철도 1호선,홍대입구,8254,8293,16547,-39,2,22,화
2022-02-22,공항철도 1호선,공덕,2045,2662,4707,-617,2,22,화
2022-02-22,공항철도 1호선,서울역,6419,5776,12195,643,2,22,화
2022-02-22,경춘선,춘천,940,954,1894,-14,2,22,화
2022-02-22,경춘선,남춘천,2280,2272,4552,8,2,22,화
2022-02-22,경춘선,김유정,244,229,473,15,2,22,화
2022-02-22,경춘선,강촌,263,253,516,10,2,22,화
2022-02-22,경춘선,백양리,288,249,537,39,2,22,화
2022-02-22,경춘선,굴봉산,110,104,214,6,2,22,화
2022-02-22,경춘선,가평,1407,1445,2852,-38,2,22,화
2022-02-22,경춘선,상천,170,148,318,22,2,22,화
2022-02-22,경춘선,청평,1461,1333,2794,128,2,22,화
2022-02-22,경춘선,대성리,438,345,783,93,2,22,화
2022-02-22,경춘선,마석,3238,3175,6413,63,2,22,화
2022-02-22,경춘선,천마산,1442,1369,2811,73,2,22,화
2022-02-22,경춘선,평내호평,5504,5292,10796,212,2,22,화
2022-02-22,경춘선,금곡,1353,1294,2647,59,2,22,화
2022-02-22,경춘선,사릉,2853,2792,5645,61,2,22,화
2022-02-22,경춘선,퇴계원,3266,3024,6290,242,2,22,화
2022-02-22,경춘선,별내,3089,2876,5965,213,2,22,화
2022-02-22,경춘선,갈매,2699,2392,5091,307,2,22,화
2022-02-22,경춘선,신내,1891,1868,3759,23,2,22,화
2022-02-22,경인선,도화,3581,3435,7016,146,2,22,화
2022-02-22,경인선,중동,8381,8083,16464,298,2,22,화
2022-02-22,경인선,온수(성공회대입구),5696,5482,11178,214,2,22,화
2022-02-22,경인선,도원,2176,2281,4457,-105,2,22,화
2022-02-22,경인선,간석,5245,5009,10254,236,2,22,화
2022-02-22,경인선,부개,7707,7231,14938,476,2,22,화
2022-02-22,경인선,소사,7783,7506,15289,277,2,22,화
2022-02-22,경인선,구일,5332,5381,10713,-49,2,22,화
2022-02-22,경인선,인천,2866,2270,5136,596,2,22,화
2022-02-22,경인선,동인천,11883,11218,23101,665,2,22,화
2022-02-22,경인선,제물포,9036,8677,17713,359,2,22,화
2022-02-22,경인선,주안,16213,14498,30711,1715,2,22,화
2022-02-22,경인선,동암,12706,12814,25520,-108,2,22,화
2022-02-22,경인선,백운,6036,6075,12111,-39,2,22,화
2022-02-22,경인선,부평,26037,27217,53254,-1180,2,22,화
2022-02-22,경인선,송내,24017,24052,48069,-35,2,22,화
2022-02-22,경인선,부천,29416,29095,58511,321,2,22,화
2022-02-22,경인선,역곡,24496,24495,48991,1,2,22,화
2022-02-22,경인선,오류동,10545,10030,20575,515,2,22,화
2022-02-22,경인선,개봉,19424,19576,39000,-152,2,22,화
2022-02-22,경의선,임진강,7,2,9,5,2,22,화
2022-02-22,경의선,문산,4207,4164,8371,43,2,22,화
2022-02-22,경의선,파주,846,669,1515,177,2,22,화
2022-02-22,경의선,월롱,2075,1998,4073,77,2,22,화
2022-02-22,경의선,금촌,5656,5444,11100,212,2,22,화
2022-02-22,경의선,금릉,4156,3979,8135,177,2,22,화
2022-02-22,경의선,운정,6049,5668,11717,381,2,22,화
2022-02-22,경의선,야당,6527,6293,12820,234,2,22,화
2022-02-22,경의선,탄현,6904,6644,13548,260,2,22,화
2022-02-22,경의선,일산,8095,8058,16153,37,2,22,화
2022-02-22,경의선,풍산,4956,4563,9519,393,2,22,화
2022-02-22,경의선,백마,6405,6202,12607,203,2,22,화
2022-02-22,경의선,곡산,505,520,1025,-15,2,22,화
2022-02-22,경의선,능곡,3256,3071,6327,185,2,22,화
2022-02-22,경의선,행신,6874,7088,13962,-214,2,22,화
2022-02-22,경의선,강매,2931,2597,5528,334,2,22,화
2022-02-22,경의선,화전,1285,1227,2512,58,2,22,화
2022-02-22,경의선,수색,2624,2704,5328,-80,2,22,화
2022-02-22,경의선,디지털미디어시티,2151,1990,4141,161,2,22,화
2022-02-22,경의선,가좌,4773,4605,9378,168,2,22,화
2022-02-22,경의선,홍대입구,1421,1632,3053,-211,2,22,화
2022-02-22,경의선,서강대,1781,1796,3577,-15,2,22,화
2022-02-22,경의선,공덕,3183,2845,6028,338,2,22,화
2022-02-22,경의선,효창공원앞,2744,3082,5826,-338,2,22,화
2022-02-22,경의선,신촌,784,959,1743,-175,2,22,화
2022-02-22,경의선,서울역,3680,4722,8402,-1042,2,22,화
2022-02-22,경원선,소요산,1863,1609,3472,254,2,22,화
2022-02-22,1호선,동대문,9552,8926,18478,626,2,22,화
2022-02-22,장항선,배방,829,815,1644,14,2,22,화
2022-02-22,장항선,탕정,518,477,995,41,2,22,화
2022-02-22,장항선,아산,2345,2115,4460,230,2,22,화
2022-02-22,장항선,쌍용(나사렛대),1618,1478,3096,140,2,22,화
2022-02-22,장항선,봉명,1131,1096,2227,35,2,22,화
2022-02-22,일산선,대화,11281,9156,20437,2125,2,22,화
2022-02-22,일산선,주엽,8052,8029,16081,23,2,22,화
2022-02-22,일산선,정발산,6420,6305,12725,115,2,22,화
2022-02-22,일산선,마두,7062,7207,14269,-145,2,22,화
2022-02-22,일산선,백석,8953,9112,18065,-159,2,22,화
2022-02-22,일산선,대곡,1761,1448,3209,313,2,22,화
2022-02-22,일산선,화정,15496,15798,31294,-302,2,22,화
2022-02-22,일산선,원당,9889,9400,19289,489,2,22,화
2022-02-22,일산선,삼송,17541,17167,34708,374,2,22,화
2022-02-22,일산선,원흥,9536,9116,18652,420,2,22,화
2022-02-22,우이신설선,신설동,1975,1845,3820,130,2,22,화
2022-02-22,우이신설선,보문,1329,1322,2651,7,2,22,화
2022-02-22,우이신설선,성신여대입구(돈암),3059,3256,6315,-197,2,22,화
2022-02-22,우이신설선,정릉,4236,3910,8146,326,2,22,화
2022-02-22,우이신설선,북한산보국문,5369,5350,10719,19,2,22,화
2022-02-22,우이신설선,솔샘,5233,5067,10300,166,2,22,화
2022-02-22,우이신설선,삼양사거리,2237,2216,4453,21,2,22,화
2022-02-22,우이신설선,삼양,1818,2018,3836,-200,2,22,화
2022-02-22,우이신설선,화계,3097,2929,6026,168,2,22,화
2022-02-22,우이신설선,가오리,3767,3811,7578,-44,2,22,화
2022-02-22,우이신설선,4.19민주묘지,2412,2346,4758,66,2,22,화
2022-02-22,우이신설선,솔밭공원,2171,2123,4294,48,2,22,화
2022-02-22,우이신설선,북한산우이,2126,1916,4042,210,2,22,화
2022-02-22,안산선,수리산,3801,3096,6897,705,2,22,화
2022-02-22,안산선,오이도,7073,6914,13987,159,2,22,화
2022-02-22,안산선,정왕,6784,7175,13959,-391,2,22,화
2022-02-22,1호선,신설동,12214,11992,24206,222,2,22,화
2022-02-22,5호선,영등포구청,3659,3764,7423,-105,2,22,화
2022-02-22,경의선,계양,1,0,1,1,2,22,화
2022-02-22,안산선,신길온천,1464,1307,2771,157,2,22,화
2022-02-22,1호선,제기동,14557,14695,29252,-138,2,22,화
2022-02-22,1호선,청량리(서울시립대입구),17344,17412,34756,-68,2,22,화
2022-02-22,2호선,시청,21815,20778,42593,1037,2,22,화
2022-02-22,2호선,을지로입구,34897,35836,70733,-939,2,22,화
2022-02-22,2호선,을지로3가,20141,19772,39913,369,2,22,화
2022-02-22,2호선,을지로4가,12130,12084,24214,46,2,22,화
2022-02-22,2호선,동대문역사문화공원(DDP),9825,11036,20861,-1211,2,22,화
2022-02-22,2호선,신당,12587,13283,25870,-696,2,22,화
2022-02-22,2호선,상왕십리,12977,12911,25888,66,2,22,화
2022-02-22,2호선,왕십리(성동구청),14500,11861,26361,2639,2,22,화
2022-02-22,2호선,한양대,6958,7984,14942,-1026,2,22,화
2022-02-22,2호선,뚝섬,20100,21544,41644,-1444,2,22,화
2022-02-22,2호선,성수,35307,37921,73228,-2614,2,22,화
2022-02-22,2호선,건대입구,30808,32777,63585,-1969,2,22,화
2022-02-22,2호선,구의(광진구청),22287,22052,44339,235,2,22,화
2022-02-22,2호선,강변(동서울터미널),26111,25023,51134,1088,2,22,화
2022-02-22,2호선,잠실나루,13333,12932,26265,401,2,22,화
2022-02-22,2호선,잠실(송파구청),59771,58955,118726,816,2,22,화
2022-02-22,2호선,잠실새내,18888,18791,37679,97,2,22,화
2022-02-22,2호선,종합운동장,6536,6886,13422,-350,2,22,화
2022-02-22,장항선,온양온천,2849,2955,5804,-106,2,22,화
2022-02-22,장항선,신창(순천향대),850,845,1695,5,2,22,화
2022-02-22,중앙선,회기,21520,21249,42769,271,2,22,화
2022-02-22,중앙선,중랑,5062,4787,9849,275,2,22,화
2022-02-22,중앙선,상봉(시외버스터미널),5131,5066,10197,65,2,22,화
2022-02-22,중앙선,망우,6679,6661,13340,18,2,22,화
2022-02-22,중앙선,양원,2132,2081,4213,51,2,22,화
2022-02-22,중앙선,구리,12063,12377,24440,-314,2,22,화
2022-02-22,중앙선,도농,9313,8612,17925,701,2,22,화
2022-02-22,중앙선,양정,633,520,1153,113,2,22,화
2022-02-22,중앙선,덕소,4893,4928,9821,-35,2,22,화
2022-02-22,중앙선,도심,2089,1643,3732,446,2,22,화
2022-02-22,중앙선,팔당,661,720,1381,-59,2,22,화
2022-02-22,중앙선,운길산,480,440,920,40,2,22,화
2022-02-22,중앙선,양수,1421,1359,2780,62,2,22,화
2022-02-22,중앙선,신원,146,127,273,19,2,22,화
2022-02-22,중앙선,국수,502,497,999,5,2,22,화
2022-02-22,중앙선,아신,471,455,926,16,2,22,화
2022-02-22,중앙선,오빈,229,242,471,-13,2,22,화
2022-02-22,중앙선,양평,2216,2166,4382,50,2,22,화
2022-02-22,중앙선,원덕,273,244,517,29,2,22,화
2022-02-22,중앙선,용문,1299,1299,2598,0,2,22,화
2022-02-22,중앙선,지평,56,50,106,6,2,22,화
2022-02-22,2호선,삼성(무역센터),46680,46928,93608,-248,2,22,화
2022-02-22,2호선,선릉,52905,47135,100040,5770,2,22,화
2022-02-22,2호선,역삼,50570,55935,106505,-5365,2,22,화
2022-02-22,2호선,강남,78965,77437,156402,1528,2,22,화
2022-02-22,2호선,교대(법원.검찰청),32199,36198,68397,-3999,2,22,화
2022-02-22,2호선,서초,20177,19843,40020,334,2,22,화
2022-02-22,2호선,방배,15743,16518,32261,-775,2,22,화
2022-02-22,2호선,사당,32628,35529,68157,-2901,2,22,화
2022-02-22,2호선,낙성대(강감찬),24471,23928,48399,543,2,22,화
2022-02-22,2호선,서울대입구(관악구청),43014,41858,84872,1156,2,22,화
2022-02-22,2호선,봉천,21818,20581,42399,1237,2,22,화
2022-02-22,2호선,신림,58060,56323,114383,1737,2,22,화
2022-02-22,1호선,종로5가,20274,20064,40338,210,2,22,화
2022-02-22,1호선,종로3가,21815,20056,41871,1759,2,22,화
2022-02-22,1호선,종각,30255,29544,59799,711,2,22,화
2022-02-22,1호선,시청,20259,20377,40636,-118,2,22,화
2022-02-22,1호선,동묘앞,6033,6571,12604,-538,2,22,화
2022-02-22,1호선,서울역,37054,35325,72379,1729,2,22,화
2022-02-22,7호선,태릉입구,7691,7171,14862,520,2,22,화
2022-02-22,경원선,동두천,1762,1952,3714,-190,2,22,화
2022-02-22,경원선,보산,1214,1146,2360,68,2,22,화
2022-02-22,경원선,동두천중앙,2629,2515,5144,114,2,22,화
2022-02-22,경원선,지행,5622,5397,11019,225,2,22,화
2022-02-22,경원선,덕정,4587,4567,9154,20,2,22,화
2022-02-22,경원선,덕계,2603,2427,5030,176,2,22,화
2022-02-22,경원선,양주,6778,6295,13073,483,2,22,화
2022-02-22,경원선,녹양,3955,3781,7736,174,2,22,화
2022-02-22,경원선,가능,5859,5695,11554,164,2,22,화
2022-02-22,경원선,의정부,16095,16255,32350,-160,2,22,화
2022-02-22,경원선,회룡,11300,11045,22345,255,2,22,화
2022-02-22,경원선,망월사,6648,6874,13522,-226,2,22,화
2022-02-22,경원선,도봉산,6391,3971,10362,2420,2,22,화
2022-02-22,경원선,도봉,5434,5335,10769,99,2,22,화
2022-02-22,경원선,방학,8788,8570,17358,218,2,22,화
2022-02-22,경원선,녹천,4289,3562,7851,727,2,22,화
2022-02-22,경원선,월계,5667,5339,11006,328,2,22,화
2022-02-22,경원선,광운대,6638,6376,13014,262,2,22,화
2022-02-22,경원선,석계,7270,8064,15334,-794,2,22,화
2022-02-22,경원선,신이문,7632,7090,14722,542,2,22,화
2022-02-22,경원선,외대앞,6470,6485,12955,-15,2,22,화
2022-02-22,경원선,청량리(서울시립대입구),12564,12901,25465,-337,2,22,화
2022-02-22,경원선,왕십리(성동구청),12352,13711,26063,-1359,2,22,화
2022-02-22,경원선,응봉,1647,1374,3021,273,2,22,화
2022-02-22,경원선,옥수,36,32,68,4,2,22,화
2022-02-22,경원선,한남,3690,3501,7191,189,2,22,화
2022-02-22,경원선,서빙고,1840,1767,3607,73,2,22,화
2022-02-22,경원선,이촌(국립중앙박물관),3126,2448,5574,678,2,22,화
2022-02-22,경부선,광명,2785,2446,5231,339,2,22,화
2022-02-22,경부선,서동탄,1244,1046,2290,198,2,22,화
2022-02-22,경부선,당정,5532,5287,10819,245,2,22,화
2022-02-22,경부선,천안,3908,4155,8063,-247,2,22,화
2022-02-22,경부선,두정,4033,4060,8093,-27,2,22,화
2022-02-22,경부선,직산,654,617,1271,37,2,22,화
2022-02-22,경부선,성환,2607,2603,5210,4,2,22,화
2022-02-22,경부선,평택,9278,9155,18433,123,2,22,화
2022-02-22,경부선,평택지제,2853,2810,5663,43,2,22,화
2022-02-22,경부선,서정리,5780,5425,11205,355,2,22,화
2022-02-22,경부선,송탄,3564,3484,7048,80,2,22,화
2022-02-22,경부선,진위,1419,1279,2698,140,2,22,화
2022-02-22,경부선,오산,8150,8064,16214,86,2,22,화
2022-02-22,경부선,오산대,2902,2596,5498,306,2,22,화
2022-02-22,경부선,세마,2434,2266,4700,168,2,22,화
2022-02-22,경부선,병점,12225,12349,24574,-124,2,22,화
2022-02-22,경부선,세류,2573,2279,4852,294,2,22,화
2022-02-22,경부선,독산,17556,18404,35960,-848,2,22,화
2022-02-22,경부선,수원,27893,29690,57583,-1797,2,22,화
2022-02-22,경부선,화서,7219,6964,14183,255,2,22,화
2022-02-22,경부선,성균관대,12772,12840,25612,-68,2,22,화
2022-02-22,경부선,의왕,8205,8215,16420,-10,2,22,화
2022-02-22,경부선,군포,7359,7397,14756,-38,2,22,화
2022-02-22,경부선,금정,23791,24577,48368,-786,2,22,화
2022-02-22,경부선,명학,8454,8385,16839,69,2,22,화
2022-02-22,경부선,안양,18919,18786,37705,133,2,22,화
2022-02-22,경부선,관악,6485,6009,12494,476,2,22,화
2022-02-22,경부선,석수,8828,7878,16706,950,2,22,화
2022-02-22,경부선,금천구청,10635,10597,21232,38,2,22,화
2022-02-22,경부선,가산디지털단지,16827,19814,36641,-2987,2,22,화
2022-02-22,경부선,구로,17025,17058,34083,-33,2,22,화
2022-02-22,경부선,신길,8086,6820,14906,1266,2,22,화
2022-02-22,경부선,신도림,3663,3519,7182,144,2,22,화
2022-02-22,경부선,영등포,32512,32748,65260,-236,2,22,화
2022-02-22,경부선,대방,11706,12328,24034,-622,2,22,화
2022-02-22,경부선,노량진,6753,6998,13751,-245,2,22,화
2022-02-22,경부선,용산,28128,28131,56259,-3,2,22,화
2022-02-22,경부선,남영,8024,8428,16452,-404,2,22,화
2022-02-22,경부선,서울역,4957,1720,6677,3237,2,22,화
2022-02-22,경강선,여주,1634,1688,3322,-54,2,22,화
2022-02-22,경강선,세종대왕릉,250,229,479,21,2,22,화
2022-02-22,경강선,부발,1686,1674,3360,12,2,22,화
2022-02-22,경강선,이천,2302,2331,4633,-29,2,22,화
2022-02-22,경강선,신둔도예촌,1194,1110,2304,84,2,22,화
2022-02-22,경강선,곤지암,1902,1852,3754,50,2,22,화
2022-02-22,경강선,초월,2779,2647,5426,132,2,22,화
2022-02-22,경강선,경기광주,6983,6747,13730,236,2,22,화
2022-02-22,경강선,삼동,2111,2035,4146,76,2,22,화
2022-02-22,경강선,이매,999,817,1816,182,2,22,화
2022-02-22,경강선,판교,4217,4216,8433,1,2,22,화
2022-02-22,9호선2~3단계,중앙보훈병원,10137,9038,19175,1099,2,22,화
2022-02-22,9호선2~3단계,둔촌오륜,928,917,1845,11,2,22,화
2022-02-22,9호선2~3단계,올림픽공원(한국체대),5051,5026,10077,25,2,22,화
2022-02-22,9호선2~3단계,한성백제,2373,2209,4582,164,2,22,화
2022-02-22,9호선2~3단계,송파나루,4743,4939,9682,-196,2,22,화
2022-02-22,9호선2~3단계,석촌,7656,6722,14378,934,2,22,화
2022-02-22,9호선2~3단계,석촌고분,5605,5728,11333,-123,2,22,화
2022-02-22,9호선2~3단계,삼전,6648,6504,13152,144,2,22,화
2022-02-22,9호선2~3단계,종합운동장,3752,3784,7536,-32,2,22,화
2022-02-22,9호선2~3단계,봉은사,14600,14751,29351,-151,2,22,화
2022-02-22,9호선2~3단계,삼성중앙,6418,6846,13264,-428,2,22,화
2022-02-22,9호선2~3단계,선정릉,9023,9936,18959,-913,2,22,화
2022-02-22,9호선2~3단계,언주,10302,10509,20811,-207,2,22,화
2022-02-22,9호선,신논현,29376,28791,58167,585,2,22,화
2022-02-22,9호선,사평,3119,3141,6260,-22,2,22,화
2022-02-22,9호선,고속터미널,10374,13315,23689,-2941,2,22,화
2022-02-22,9호선,신반포,2895,2831,5726,64,2,22,화
2022-02-22,9호선,구반포,1365,1452,2817,-87,2,22,화
2022-02-22,9호선,동작(현충원),1793,1389,3182,404,2,22,화
2022-02-22,9호선,흑석(중앙대입구),7191,7635,14826,-444,2,22,화
2022-02-22,9호선,노들,4039,3445,7484,594,2,22,화
2022-02-22,9호선,노량진,23274,22577,45851,697,2,22,화
2022-02-22,9호선,샛강,5722,5948,11670,-226,2,22,화
2022-02-22,9호선,여의도,25109,23804,48913,1305,2,22,화
2022-02-22,9호선,국회의사당,15447,15905,31352,-458,2,22,화
2022-02-22,9호선,당산,16443,16724,33167,-281,2,22,화
2022-02-22,9호선,선유도,8085,7751,15836,334,2,22,화
2022-02-22,9호선,신목동,3667,3318,6985,349,2,22,화
2022-02-22,9호선,염창,15607,15312,30919,295,2,22,화
2022-02-22,9호선,등촌,10557,10440,20997,117,2,22,화
2022-02-22,9호선,증미,6829,6856,13685,-27,2,22,화
2022-02-22,9호선,가양,18582,18241,36823,341,2,22,화
2022-02-22,9호선,양천향교,9037,9237,18274,-200,2,22,화
2022-02-22,9호선,마곡나루(서울식물원),10967,10765,21732,202,2,22,화
2022-02-22,9호선,신방화,6286,6198,12484,88,2,22,화
2022-02-22,9호선,공항시장,2812,2977,5789,-165,2,22,화
2022-02-22,9호선,김포공항,6421,10021,16442,-3600,2,22,화
2022-02-22,9호선,개화,2305,1692,3997,613,2,22,화
2022-02-22,8호선,남위례,3727,3937,7664,-210,2,22,화
2022-02-22,8호선,모란,3956,3080,7036,876,2,22,화
2022-02-22,8호선,수진,4898,4530,9428,368,2,22,화
2022-02-22,8호선,신흥,3840,4111,7951,-271,2,22,화
2022-02-22,8호선,단대오거리,9696,9413,19109,283,2,22,화
2022-02-22,8호선,남한산성입구(성남법원.검찰청),12251,11430,23681,821,2,22,화
2022-02-22,8호선,산성,4640,4707,9347,-67,2,22,화
2022-02-22,8호선,복정,8590,7290,15880,1300,2,22,화
2022-02-22,8호선,장지,15747,15195,30942,552,2,22,화
2022-02-22,8호선,문정,21410,22467,43877,-1057,2,22,화
2022-02-22,8호선,가락시장,6922,7530,14452,-608,2,22,화
2022-02-22,8호선,송파,6742,7027,13769,-285,2,22,화
2022-02-22,8호선,석촌,7059,8089,15148,-1030,2,22,화
2022-02-22,8호선,잠실(송파구청),12557,14308,26865,-1751,2,22,화
2022-02-22,8호선,몽촌토성(평화의문),5512,5567,11079,-55,2,22,화
2022-02-22,8호선,강동구청,9825,10298,20123,-473,2,22,화
2022-02-22,8호선,천호(풍납토성),13609,15394,29003,-1785,2,22,화
2022-02-22,8호선,암사,17326,15463,32789,1863,2,22,화
2022-02-22,7호선,부평구청,1,0,1,1,2,22,화
2022-02-22,7호선,온수(성공회대입구),9253,8645,17898,608,2,22,화
2022-02-22,7호선,천왕,10472,9937,20409,535,2,22,화
2022-02-22,7호선,광명사거리,20190,20047,40237,143,2,22,화
2022-02-22,7호선,철산,18727,19245,37972,-518,2,22,화
2022-02-22,7호선,가산디지털단지,44263,44012,88275,251,2,22,화
2022-02-22,7호선,남구로,15221,15899,31120,-678,2,22,화
2022-02-22,7호선,대림(구로구청),7167,7097,14264,70,2,22,화
2022-02-22,7호선,신풍,10633,10286,20919,347,2,22,화
2022-02-22,7호선,보라매,9032,9054,18086,-22,2,22,화
2022-02-22,7호선,신대방삼거리,15418,14934,30352,484,2,22,화
2022-02-22,7호선,장승배기,8459,8466,16925,-7,2,22,화
2022-02-22,7호선,상도,9699,9532,19231,167,2,22,화
2022-02-22,7호선,숭실대입구(살피재),10556,10935,21491,-379,2,22,화
2022-02-22,7호선,남성,10347,9796,20143,551,2,22,화
2022-02-22,7호선,이수,14402,13971,28373,431,2,22,화
2022-02-22,7호선,내방,13747,13950,27697,-203,2,22,화
2022-02-22,7호선,고속터미널,13668,11529,25197,2139,2,22,화
2022-02-22,7호선,반포,5353,5022,10375,331,2,22,화
2022-02-22,7호선,논현,19495,20968,40463,-1473,2,22,화
2022-02-22,7호선,학동,23347,24583,47930,-1236,2,22,화
2022-02-22,7호선,강남구청,15503,16986,32489,-1483,2,22,화
2022-02-23,분당선,보정,2151,1926,4077,225,2,23,수
2022-02-23,중앙선,지평,64,42,106,22,2,23,수
2022-02-23,중앙선,용문,1211,1279,2490,-68,2,23,수
2022-02-23,중앙선,원덕,286,262,548,24,2,23,수
2022-02-23,중앙선,양평,2702,2715,5417,-13,2,23,수
2022-02-23,중앙선,오빈,249,252,501,-3,2,23,수
2022-02-23,중앙선,아신,442,431,873,11,2,23,수
2022-02-23,중앙선,국수,547,556,1103,-9,2,23,수
2022-02-23,중앙선,신원,158,174,332,-16,2,23,수
2022-02-23,중앙선,양수,1432,1355,2787,77,2,23,수
2022-02-23,중앙선,운길산,482,464,946,18,2,23,수
2022-02-23,중앙선,팔당,651,660,1311,-9,2,23,수
2022-02-23,중앙선,도심,2081,1709,3790,372,2,23,수
2022-02-23,중앙선,덕소,4826,4811,9637,15,2,23,수
2022-02-23,중앙선,양정,598,522,1120,76,2,23,수
2022-02-23,중앙선,도농,9312,8539,17851,773,2,23,수
2022-02-23,중앙선,구리,11899,12108,24007,-209,2,23,수
2022-02-23,중앙선,양원,2231,2179,4410,52,2,23,수
2022-02-23,중앙선,망우,6791,6761,13552,30,2,23,수
2022-02-23,중앙선,상봉(시외버스터미널),5085,5162,10247,-77,2,23,수
2022-02-23,중앙선,중랑,4999,4819,9818,180,2,23,수
2022-02-23,중앙선,회기,21558,20894,42452,664,2,23,수
2022-02-23,장항선,신창(순천향대),972,955,1927,17,2,23,수
2022-02-23,장항선,온양온천,2813,2832,5645,-19,2,23,수
2022-02-23,장항선,배방,818,782,1600,36,2,23,수
2022-02-23,장항선,탕정,537,518,1055,19,2,23,수
2022-02-23,장항선,아산,2397,2092,4489,305,2,23,수
2022-02-23,장항선,쌍용(나사렛대),1525,1422,2947,103,2,23,수
2022-02-23,장항선,봉명,1094,1083,2177,11,2,23,수
2022-02-23,일산선,대화,11113,8994,20107,2119,2,23,수
2022-02-23,일산선,주엽,8002,7970,15972,32,2,23,수
2022-02-23,일산선,정발산,6628,6507,13135,121,2,23,수
2022-02-23,일산선,마두,6700,6930,13630,-230,2,23,수
2022-02-23,일산선,백석,8585,8562,17147,23,2,23,수
2022-02-23,일산선,대곡,1745,1401,3146,344,2,23,수
2022-02-23,일산선,화정,15121,15468,30589,-347,2,23,수
2022-02-23,일산선,원당,9722,9311,19033,411,2,23,수
2022-02-23,일산선,삼송,17336,16977,34313,359,2,23,수
2022-02-23,일산선,원흥,9374,9081,18455,293,2,23,수
2022-02-23,우이신설선,신설동,1940,1847,3787,93,2,23,수
2022-02-23,우이신설선,보문,1325,1369,2694,-44,2,23,수
2022-02-23,우이신설선,성신여대입구(돈암),3006,3346,6352,-340,2,23,수
2022-02-23,우이신설선,정릉,4194,3779,7973,415,2,23,수
2022-02-23,우이신설선,북한산보국문,5353,5243,10596,110,2,23,수
2022-02-23,우이신설선,솔샘,5296,5021,10317,275,2,23,수
2022-02-23,우이신설선,삼양사거리,2210,2212,4422,-2,2,23,수
2022-02-23,우이신설선,삼양,1779,2000,3779,-221,2,23,수
2022-02-23,우이신설선,화계,3077,2871,5948,206,2,23,수
2022-02-23,우이신설선,가오리,3776,3815,7591,-39,2,23,수
2022-02-23,우이신설선,4.19민주묘지,2651,2678,5329,-27,2,23,수
2022-02-23,우이신설선,솔밭공원,2195,2098,4293,97,2,23,수
2022-02-23,우이신설선,북한산우이,2181,1950,4131,231,2,23,수
2022-02-23,안산선,수리산,3661,3089,6750,572,2,23,수
2022-02-23,안산선,오이도,7166,6979,14145,187,2,23,수
2022-02-23,안산선,정왕,6570,7041,13611,-471,2,23,수
2022-02-23,안산선,신길온천,1438,1415,2853,23,2,23,수
2022-02-23,안산선,안산,10108,9163,19271,945,2,23,수
2022-02-23,안산선,초지,4081,4173,8254,-92,2,23,수
2022-02-23,안산선,고잔,7807,7436,15243,371,2,23,수
2022-02-23,안산선,중앙,15302,15705,31007,-403,2,23,수
2022-02-23,안산선,한대앞,7907,7948,15855,-41,2,23,수
2022-02-23,안산선,상록수,13829,14284,28113,-455,2,23,수
2022-02-23,안산선,반월,3715,3631,7346,84,2,23,수
2022-02-23,안산선,대야미,4289,3964,8253,325,2,23,수
2022-02-23,안산선,산본,14162,15152,29314,-990,2,23,수
2022-02-23,수인선,인천,895,1401,2296,-506,2,23,수
2022-02-23,수인선,신포,1487,1473,2960,14,2,23,수
2022-02-23,수인선,숭의,3497,3339,6836,158,2,23,수
2022-02-23,수인선,인하대,5012,4736,9748,276,2,23,수
2022-02-23,수인선,송도,2091,1980,4071,111,2,23,수
2022-02-23,수인선,연수,3849,3848,7697,1,2,23,수
2022-02-23,수인선,원인재,3879,4121,8000,-242,2,23,수
2022-02-23,수인선,남동인더스파크,2281,2483,4764,-202,2,23,수
2022-02-23,수인선,호구포,3686,3836,7522,-150,2,23,수
2022-02-23,수인선,인천논현,4885,5149,10034,-264,2,23,수
2022-02-23,수인선,소래포구,3944,3715,7659,229,2,23,수
2022-02-23,수인선,월곶,2503,2326,4829,177,2,23,수
2022-02-23,수인선,달월,95,62,157,33,2,23,수
2022-02-23,수인선,사리,4113,3599,7712,514,2,23,수
2022-02-23,수인선,야목,326,239,565,87,2,23,수
2022-02-23,수인선,어천,576,607,1183,-31,2,23,수
2022-02-23,수인선,오목천,2338,2231,4569,107,2,23,수
2022-02-23,수인선,고색,4396,4239,8635,157,2,23,수
2022-02-23,분당선,매교,2468,2486,4954,-18,2,23,수
2022-02-23,분당선,수원시청,11486,12090,23576,-604,2,23,수
2022-02-23,분당선,매탄권선,4363,4255,8618,108,2,23,수
2022-02-23,분당선,망포,12871,12154,25025,717,2,23,수
2022-02-23,분당선,영통,7383,7340,14723,43,2,23,수
2022-02-23,분당선,청명,3567,3644,7211,-77,2,23,수
2022-02-23,분당선,상갈,4733,4560,9293,173,2,23,수
2022-02-23,분당선,기흥,8445,8054,16499,391,2,23,수
2022-02-23,분당선,신갈,3964,3954,7918,10,2,23,수
2022-02-23,분당선,구성,4414,4666,9080,-252,2,23,수
2022-02-23,분당선,죽전,11334,12564,23898,-1230,2,23,수
2022-02-23,분당선,이매,4997,4953,9950,44,2,23,수
2022-02-23,분당선,오리,10821,9030,19851,1791,2,23,수
2022-02-23,분당선,미금,14034,14905,28939,-871,2,23,수
2022-02-23,분당선,정자,15612,16535,32147,-923,2,23,수
2022-02-23,분당선,수내,12325,12383,24708,-58,2,23,수
2022-02-23,분당선,서현,22372,22617,44989,-245,2,23,수
2022-02-23,분당선,야탑,23749,24745,48494,-996,2,23,수
2022-02-23,분당선,모란,17778,17968,35746,-190,2,23,수
2022-02-23,분당선,태평,12337,11916,24253,421,2,23,수
2022-02-23,분당선,가천대,6677,7640,14317,-963,2,23,수
2022-02-23,분당선,선정릉,7688,8132,15820,-444,2,23,수
2022-02-23,분당선,강남구청,9674,11001,20675,-1327,2,23,수
2022-02-23,분당선,압구정로데오,17569,18907,36476,-1338,2,23,수
2022-02-23,분당선,서울숲,9072,9237,18309,-165,2,23,수
2022-02-23,분당선,수원,7114,5829,12943,1285,2,23,수
2022-02-23,분당선,복정,2,0,2,2,2,23,수
2022-02-23,분당선,수서,12022,12131,24153,-109,2,23,수
2022-02-23,분당선,대모산입구,4034,3877,7911,157,2,23,수
2022-02-23,분당선,개포동,3427,3583,7010,-156,2,23,수
2022-02-23,분당선,구룡,1704,1644,3348,60,2,23,수
2022-02-23,분당선,도곡,6204,6196,12400,8,2,23,수
2022-02-23,분당선,한티,13482,14381,27863,-899,2,23,수
2022-02-23,분당선,선릉,12636,18793,31429,-6157,2,23,수
2022-02-23,과천선,범계,23251,22834,46085,417,2,23,수
2022-02-23,과천선,평촌,16534,16103,32637,431,2,23,수
2022-02-23,과천선,인덕원,21681,22746,44427,-1065,2,23,수
2022-02-23,과천선,정부과천청사,9345,9475,18820,-130,2,23,수
2022-02-23,과천선,과천,5594,5245,10839,349,2,23,수
2022-02-23,과천선,대공원,1944,2000,3944,-56,2,23,수
2022-02-23,과천선,경마공원,1398,1389,2787,9,2,23,수
2022-02-23,과천선,선바위,7161,6363,13524,798,2,23,수
2022-02-23,공항철도 1호선,영종,2658,2618,5276,40,2,23,수
2022-02-23,공항철도 1호선,인천공항2터미널,1956,1883,3839,73,2,23,수
2022-02-23,공항철도 1호선,인천공항1터미널,3398,3646,7044,-248,2,23,수
2022-02-23,공항철도 1호선,공항화물청사,2230,2368,4598,-138,2,23,수
2022-02-23,공항철도 1호선,운서,6005,5920,11925,85,2,23,수
2022-02-23,공항철도 1호선,청라국제도시,6264,5746,12010,518,2,23,수
2022-02-23,공항철도 1호선,검암,5957,5832,11789,125,2,23,수
2022-02-23,공항철도 1호선,계양,9158,8602,17760,556,2,23,수
2022-02-23,공항철도 1호선,김포공항,10908,6004,16912,4904,2,23,수
2022-02-23,공항철도 1호선,마곡나루(서울식물원),7850,7572,15422,278,2,23,수
2022-02-23,공항철도 1호선,디지털미디어시티,12606,11513,24119,1093,2,23,수
2022-02-23,공항철도 1호선,홍대입구,8317,8434,16751,-117,2,23,수
2022-02-23,공항철도 1호선,공덕,2043,2620,4663,-577,2,23,수
2022-02-23,공항철도 1호선,서울역,6524,5994,12518,530,2,23,수
2022-02-23,경춘선,춘천,998,953,1951,45,2,23,수
2022-02-23,경춘선,남춘천,1828,1805,3633,23,2,23,수
2022-02-23,경춘선,김유정,216,237,453,-21,2,23,수
2022-02-23,경춘선,강촌,285,250,535,35,2,23,수
2022-02-23,경춘선,백양리,252,224,476,28,2,23,수
2022-02-23,경춘선,굴봉산,100,106,206,-6,2,23,수
2022-02-23,경춘선,가평,1325,1288,2613,37,2,23,수
2022-02-23,경춘선,상천,186,170,356,16,2,23,수
2022-02-23,경춘선,청평,1306,1288,2594,18,2,23,수
2022-02-23,경춘선,대성리,386,329,715,57,2,23,수
2022-02-23,경춘선,마석,3391,3392,6783,-1,2,23,수
2022-02-23,경춘선,천마산,1411,1343,2754,68,2,23,수
2022-02-23,경춘선,평내호평,5199,5087,10286,112,2,23,수
2022-02-23,경춘선,금곡,1331,1229,2560,102,2,23,수
2022-02-23,경춘선,사릉,2769,2731,5500,38,2,23,수
2022-02-23,경춘선,퇴계원,3119,2948,6067,171,2,23,수
2022-02-23,경춘선,별내,2866,2798,5664,68,2,23,수
2022-02-23,경춘선,갈매,2671,2318,4989,353,2,23,수
2022-02-23,경춘선,신내,1880,1812,3692,68,2,23,수
2022-02-23,경인선,도화,3649,3405,7054,244,2,23,수
2022-02-23,경인선,중동,8347,7825,16172,522,2,23,수
2022-02-23,경인선,온수(성공회대입구),5675,5457,11132,218,2,23,수
2022-02-23,경인선,도원,2287,2342,4629,-55,2,23,수
2022-02-23,경인선,간석,5108,4902,10010,206,2,23,수
2022-02-23,경인선,부개,7495,7108,14603,387,2,23,수
2022-02-23,경인선,소사,7614,7414,15028,200,2,23,수
2022-02-23,경인선,구일,5379,5363,10742,16,2,23,수
2022-02-23,경인선,인천,2815,2132,4947,683,2,23,수
2022-02-23,경인선,동인천,12200,11573,23773,627,2,23,수
2022-02-23,경인선,제물포,9167,8722,17889,445,2,23,수
2022-02-23,경인선,주안,16262,14509,30771,1753,2,23,수
2022-02-23,경인선,동암,12689,12982,25671,-293,2,23,수
2022-02-23,경인선,백운,5961,5900,11861,61,2,23,수
2022-02-23,경인선,부평,25483,26838,52321,-1355,2,23,수
2022-02-23,경인선,송내,23700,23631,47331,69,2,23,수
2022-02-23,경인선,부천,28696,28639,57335,57,2,23,수
2022-02-23,경인선,역곡,23975,23816,47791,159,2,23,수
2022-02-23,경인선,오류동,10575,10116,20691,459,2,23,수
2022-02-23,경인선,개봉,18966,19158,38124,-192,2,23,수
2022-02-23,경의선,임진강,4,7,11,-3,2,23,수
2022-02-23,경의선,문산,4200,4114,8314,86,2,23,수
2022-02-23,경의선,파주,863,672,1535,191,2,23,수
2022-02-23,경의선,월롱,2217,1982,4199,235,2,23,수
2022-02-23,경의선,금촌,5620,5569,11189,51,2,23,수
2022-02-23,경의선,금릉,4098,3977,8075,121,2,23,수
2022-02-23,경의선,운정,6137,5705,11842,432,2,23,수
2022-02-23,경의선,야당,6602,6474,13076,128,2,23,수
2022-02-23,경의선,탄현,6772,6581,13353,191,2,23,수
2022-02-23,경의선,일산,8688,8747,17435,-59,2,23,수
2022-02-23,경의선,풍산,4783,4371,9154,412,2,23,수
2022-02-23,경의선,백마,6226,6060,12286,166,2,23,수
2022-02-23,경의선,곡산,531,560,1091,-29,2,23,수
2022-02-23,경의선,능곡,3390,3104,6494,286,2,23,수
2022-02-23,경의선,행신,6865,6893,13758,-28,2,23,수
2022-02-23,경의선,강매,2942,2615,5557,327,2,23,수
2022-02-23,경의선,화전,1308,1255,2563,53,2,23,수
2022-02-23,경의선,수색,2585,2662,5247,-77,2,23,수
2022-02-23,경의선,디지털미디어시티,2124,1925,4049,199,2,23,수
2022-02-23,경의선,가좌,4708,4535,9243,173,2,23,수
2022-02-23,경의선,홍대입구,1468,1615,3083,-147,2,23,수
2022-02-23,경의선,서강대,1837,1861,3698,-24,2,23,수
2022-02-23,경의선,공덕,3159,2809,5968,350,2,23,수
2022-02-23,경의선,효창공원앞,2690,3041,5731,-351,2,23,수
2022-02-23,경의선,신촌,732,900,1632,-168,2,23,수
2022-02-23,경의선,서울역,3761,4753,8514,-992,2,23,수
2022-02-23,경원선,소요산,1792,1493,3285,299,2,23,수
2022-02-23,경원선,동두천,1720,1882,3602,-162,2,23,수
2022-02-23,경원선,보산,1224,1091,2315,133,2,23,수
2022-02-23,경원선,동두천중앙,2483,2505,4988,-22,2,23,수
2022-02-23,경원선,지행,5461,5287,10748,174,2,23,수
2022-02-23,경원선,덕정,4579,4433,9012,146,2,23,수
2022-02-23,경원선,덕계,2665,2370,5035,295,2,23,수
2022-02-23,경원선,양주,6571,6261,12832,310,2,23,수
2022-02-23,경원선,녹양,4013,3761,7774,252,2,23,수
2022-02-23,경원선,가능,5744,5515,11259,229,2,23,수
2022-02-23,경원선,의정부,15974,16393,32367,-419,2,23,수
2022-02-23,경원선,회룡,11097,11035,22132,62,2,23,수
2022-02-23,경원선,망월사,6418,6740,13158,-322,2,23,수
2022-02-23,경원선,도봉산,6219,3796,10015,2423,2,23,수
2022-02-23,경원선,도봉,5486,5122,10608,364,2,23,수
2022-02-23,경원선,방학,8563,8501,17064,62,2,23,수
2022-02-23,경원선,녹천,4125,3420,7545,705,2,23,수
2022-02-23,경원선,월계,5554,5321,10875,233,2,23,수
2022-02-23,경원선,광운대,6600,6485,13085,115,2,23,수
2022-02-23,경원선,석계,7026,7827,14853,-801,2,23,수
2022-02-23,경원선,신이문,7538,7092,14630,446,2,23,수
2022-02-23,경원선,외대앞,6566,6616,13182,-50,2,23,수
2022-02-23,경원선,청량리(서울시립대입구),12347,12750,25097,-403,2,23,수
2022-02-23,경원선,왕십리(성동구청),12123,13605,25728,-1482,2,23,수
2022-02-23,경원선,응봉,1641,1377,3018,264,2,23,수
2022-02-23,경원선,옥수,55,25,80,30,2,23,수
2022-02-23,경원선,한남,3606,3431,7037,175,2,23,수
2022-02-23,경원선,서빙고,1831,1739,3570,92,2,23,수
2022-02-23,경원선,이촌(국립중앙박물관),3195,2424,5619,771,2,23,수
2022-02-23,경부선,광명,2785,2470,5255,315,2,23,수
2022-02-23,경부선,서동탄,1239,1061,2300,178,2,23,수
2022-02-23,경부선,당정,5529,5326,10855,203,2,23,수
2022-02-23,경부선,천안,4123,4218,8341,-95,2,23,수
2022-02-23,경부선,두정,4299,4456,8755,-157,2,23,수
2022-02-23,경부선,직산,635,639,1274,-4,2,23,수
2022-02-23,경부선,성환,2572,2546,5118,26,2,23,수
2022-02-23,경부선,평택,9412,9197,18609,215,2,23,수
2022-02-23,경부선,평택지제,2820,2814,5634,6,2,23,수
2022-02-23,경부선,서정리,5556,5244,10800,312,2,23,수
2022-02-23,경부선,송탄,3610,3552,7162,58,2,23,수
2022-02-23,경부선,진위,1474,1247,2721,227,2,23,수
2022-02-23,경부선,오산,8109,8271,16380,-162,2,23,수
2022-02-23,경부선,오산대,2952,2657,5609,295,2,23,수
2022-02-23,경부선,세마,2411,2381,4792,30,2,23,수
2022-02-23,경부선,병점,12201,12198,24399,3,2,23,수
2022-02-23,경부선,세류,2571,2381,4952,190,2,23,수
2022-02-23,경부선,독산,17154,18103,35257,-949,2,23,수
2022-02-23,경부선,수원,28243,29666,57909,-1423,2,23,수
2022-02-23,경부선,화서,7052,6795,13847,257,2,23,수
2022-02-23,경부선,성균관대,12618,12383,25001,235,2,23,수
2022-02-23,경부선,의왕,8077,8089,16166,-12,2,23,수
2022-02-23,경부선,군포,7108,7163,14271,-55,2,23,수
2022-02-23,경부선,금정,23905,24342,48247,-437,2,23,수
2022-02-23,경부선,명학,8418,8183,16601,235,2,23,수
2022-02-23,경부선,안양,19140,19112,38252,28,2,23,수
2022-02-23,경부선,관악,6283,5880,12163,403,2,23,수
2022-02-23,경부선,석수,8558,7774,16332,784,2,23,수
2022-02-23,경부선,금천구청,10561,10578,21139,-17,2,23,수
2022-02-23,경부선,가산디지털단지,16793,19594,36387,-2801,2,23,수
2022-02-23,경부선,구로,16952,17246,34198,-294,2,23,수
2022-02-23,경부선,신길,7990,6683,14673,1307,2,23,수
2022-02-23,경부선,신도림,3814,3551,7365,263,2,23,수
2022-02-23,경부선,영등포,32376,32834,65210,-458,2,23,수
2022-02-23,경부선,대방,11525,11983,23508,-458,2,23,수
2022-02-23,경부선,노량진,6679,6934,13613,-255,2,23,수
2022-02-23,경부선,용산,28032,28206,56238,-174,2,23,수
2022-02-23,경부선,남영,7892,8305,16197,-413,2,23,수
2022-02-23,경부선,서울역,5055,1614,6669,3441,2,23,수
2022-02-23,경강선,여주,1630,1651,3281,-21,2,23,수
2022-02-23,경강선,세종대왕릉,234,248,482,-14,2,23,수
2022-02-23,경강선,부발,1675,1628,3303,47,2,23,수
2022-02-23,경강선,이천,2243,2249,4492,-6,2,23,수
2022-02-23,경강선,신둔도예촌,1138,1090,2228,48,2,23,수
2022-02-23,경강선,곤지암,1882,1812,3694,70,2,23,수
2022-02-23,경강선,초월,2756,2677,5433,79,2,23,수
2022-02-23,경강선,경기광주,6887,6567,13454,320,2,23,수
2022-02-23,경강선,삼동,2146,2057,4203,89,2,23,수
2022-02-23,경강선,이매,957,801,1758,156,2,23,수
2022-02-23,경강선,판교,4318,4258,8576,60,2,23,수
2022-02-23,9호선2~3단계,중앙보훈병원,10183,8908,19091,1275,2,23,수
2022-02-23,9호선2~3단계,둔촌오륜,942,990,1932,-48,2,23,수
2022-02-23,9호선2~3단계,올림픽공원(한국체대),5068,4924,9992,144,2,23,수
2022-02-23,9호선2~3단계,한성백제,2432,2176,4608,256,2,23,수
2022-02-23,9호선2~3단계,송파나루,4745,4984,9729,-239,2,23,수
2022-02-23,9호선2~3단계,석촌,7665,6702,14367,963,2,23,수
2022-02-23,9호선2~3단계,석촌고분,5760,5756,11516,4,2,23,수
2022-02-23,9호선2~3단계,삼전,6537,6392,12929,145,2,23,수
2022-02-23,9호선2~3단계,종합운동장,3870,3852,7722,18,2,23,수
2022-02-23,9호선2~3단계,봉은사,15439,15738,31177,-299,2,23,수
2022-02-23,9호선2~3단계,삼성중앙,6433,6790,13223,-357,2,23,수
2022-02-23,9호선2~3단계,선정릉,8874,9717,18591,-843,2,23,수
2022-02-23,9호선2~3단계,언주,10106,10365,20471,-259,2,23,수
2022-02-23,9호선,신논현,28474,28058,56532,416,2,23,수
2022-02-23,9호선,사평,3188,3165,6353,23,2,23,수
2022-02-23,9호선,고속터미널,10101,13060,23161,-2959,2,23,수
2022-02-23,9호선,신반포,2983,2920,5903,63,2,23,수
2022-02-23,9호선,구반포,1166,1228,2394,-62,2,23,수
2022-02-23,9호선,동작(현충원),1800,1436,3236,364,2,23,수
2022-02-23,9호선,흑석(중앙대입구),7186,7598,14784,-412,2,23,수
2022-02-23,9호선,노들,3921,3449,7370,472,2,23,수
2022-02-23,9호선,노량진,23344,22839,46183,505,2,23,수
2022-02-23,9호선,샛강,5510,5720,11230,-210,2,23,수
2022-02-23,9호선,여의도,25135,23861,48996,1274,2,23,수
2022-02-23,9호선,국회의사당,15946,16210,32156,-264,2,23,수
2022-02-23,9호선,당산,16758,16632,33390,126,2,23,수
2022-02-23,9호선,선유도,8065,7755,15820,310,2,23,수
2022-02-23,9호선,신목동,3655,3247,6902,408,2,23,수
2022-02-23,9호선,염창,15587,15458,31045,129,2,23,수
2022-02-23,9호선,등촌,10391,10304,20695,87,2,23,수
2022-02-23,9호선,증미,6782,6621,13403,161,2,23,수
2022-02-23,9호선,가양,18221,17934,36155,287,2,23,수
2022-02-23,9호선,양천향교,8725,8912,17637,-187,2,23,수
2022-02-23,9호선,마곡나루(서울식물원),10953,10660,21613,293,2,23,수
2022-02-23,9호선,신방화,6319,6219,12538,100,2,23,수
2022-02-23,9호선,공항시장,2722,3007,5729,-285,2,23,수
2022-02-23,9호선,김포공항,6511,10207,16718,-3696,2,23,수
2022-02-23,9호선,개화,2237,1601,3838,636,2,23,수
2022-02-23,8호선,남위례,3759,3940,7699,-181,2,23,수
2022-02-23,8호선,모란,3883,2956,6839,927,2,23,수
2022-02-23,8호선,수진,4905,4475,9380,430,2,23,수
2022-02-23,8호선,신흥,3773,4197,7970,-424,2,23,수
2022-02-23,8호선,단대오거리,9498,9448,18946,50,2,23,수
2022-02-23,8호선,남한산성입구(성남법원.검찰청),12256,11324,23580,932,2,23,수
2022-02-23,8호선,산성,4695,4710,9405,-15,2,23,수
2022-02-23,8호선,복정,8579,7216,15795,1363,2,23,수
2022-02-23,8호선,장지,15734,15441,31175,293,2,23,수
2022-02-23,8호선,문정,21132,22252,43384,-1120,2,23,수
2022-02-23,8호선,가락시장,6944,7572,14516,-628,2,23,수
2022-02-23,8호선,송파,6744,6970,13714,-226,2,23,수
2022-02-23,8호선,석촌,7141,8069,15210,-928,2,23,수
2022-02-23,8호선,잠실(송파구청),12328,14154,26482,-1826,2,23,수
2022-02-23,8호선,몽촌토성(평화의문),5410,5455,10865,-45,2,23,수
2022-02-23,8호선,강동구청,10019,10303,20322,-284,2,23,수
2022-02-23,8호선,천호(풍납토성),13443,15017,28460,-1574,2,23,수
2022-02-23,8호선,암사,17354,15590,32944,1764,2,23,수
2022-02-23,7호선,부평구청,1,0,1,1,2,23,수
2022-02-23,7호선,굴포천,1,0,1,1,2,23,수
2022-02-23,7호선,삼산체육관,1,0,1,1,2,23,수
2022-02-23,7호선,상동,1,0,1,1,2,23,수
2022-02-23,7호선,부천시청,2,0,2,2,2,23,수
2022-02-23,7호선,신중동,1,0,1,1,2,23,수
2022-02-23,7호선,춘의,2,0,2,2,2,23,수
2022-02-23,7호선,까치울,1,0,1,1,2,23,수
2022-02-23,7호선,온수(성공회대입구),9226,8645,17871,581,2,23,수
2022-02-23,7호선,천왕,10253,9749,20002,504,2,23,수
2022-02-23,7호선,광명사거리,19886,19802,39688,84,2,23,수
2022-02-23,7호선,철산,18780,19083,37863,-303,2,23,수
2022-02-23,7호선,가산디지털단지,43450,43290,86740,160,2,23,수
2022-02-23,7호선,남구로,14950,15903,30853,-953,2,23,수
2022-02-23,7호선,대림(구로구청),6978,6935,13913,43,2,23,수
2022-02-23,7호선,신풍,10477,10097,20574,380,2,23,수
2022-02-23,7호선,보라매,8794,8671,17465,123,2,23,수
2022-02-23,7호선,신대방삼거리,15170,14748,29918,422,2,23,수
2022-02-23,7호선,장승배기,8340,8247,16587,93,2,23,수
2022-02-23,7호선,상도,9684,9491,19175,193,2,23,수
2022-02-23,7호선,숭실대입구(살피재),10536,10877,21413,-341,2,23,수
2022-02-23,7호선,남성,10182,9590,19772,592,2,23,수
2022-02-23,7호선,이수,14334,13810,28144,524,2,23,수
2022-02-23,7호선,내방,13627,13925,27552,-298,2,23,수
2022-02-23,7호선,고속터미널,13379,11304,24683,2075,2,23,수
2022-02-23,7호선,반포,5167,4996,10163,171,2,23,수
2022-02-23,7호선,논현,19023,20694,39717,-1671,2,23,수
2022-02-23,7호선,학동,23232,24491,47723,-1259,2,23,수
2022-02-23,7호선,강남구청,15529,16886,32415,-1357,2,23,수
2022-02-23,7호선,청담,17873,19991,37864,-2118,2,23,수
2022-02-23,7호선,뚝섬유원지,6397,6315,12712,82,2,23,수
2022-02-23,7호선,건대입구,10898,11221,22119,-323,2,23,수
2022-02-23,7호선,어린이대공원(세종대),11309,11237,22546,72,2,23,수
2022-02-23,7호선,군자(능동),13864,11209,25073,2655,2,23,수
2022-02-23,7호선,중곡,10204,9744,19948,460,2,23,수
2022-02-23,7호선,용마산(용마폭포공원),5548,5395,10943,153,2,23,수
2022-02-23,7호선,사가정,14600,14596,29196,4,2,23,수
2022-02-23,7호선,면목,14018,14042,28060,-24,2,23,수
2022-02-23,7호선,상봉(시외버스터미널),15240,14272,29512,968,2,23,수
2022-02-23,7호선,중화,9964,9794,19758,170,2,23,수
2022-02-23,7호선,먹골,9273,9243,18516,30,2,23,수
2022-02-23,7호선,태릉입구,7623,7127,14750,496,2,23,수
2022-02-23,7호선,공릉(서울과학기술대),11453,11425,22878,28,2,23,수
2022-02-23,7호선,하계,16337,15440,31777,897,2,23,수
2022-02-23,7호선,중계,12543,11507,24050,1036,2,23,수
2022-02-23,7호선,노원,17744,18217,35961,-473,2,23,수
2022-02-23,7호선,마들,11653,11388,23041,265,2,23,수
2022-02-23,7호선,수락산,11351,11145,22496,206,2,23,수
2022-02-23,7호선,도봉산,7853,9031,16884,-1178,2,23,수
2022-02-23,7호선,장암,2024,727,2751,1297,2,23,수
2022-02-23,6호선,봉화산(서울의료원),8066,7583,15649,483,2,23,수
2022-02-23,6호선,화랑대(서울여대입구),10522,8387,18909,2135,2,23,수
2022-02-23,6호선,태릉입구,4941,5347,10288,-406,2,23,수
2022-02-23,6호선,석계,11346,11800,23146,-454,2,23,수
2022-02-23,6호선,돌곶이,8648,8176,16824,472,2,23,수
2022-02-23,6호선,상월곡(한국과학기술연구원),5643,5142,10785,501,2,23,수
2022-02-23,6호선,월곡(동덕여대),10509,10602,21111,-93,2,23,수
2022-02-23,6호선,고려대(종암),6993,6918,13911,75,2,23,수
2022-02-23,6호선,안암(고대병원앞),9529,9548,19077,-19,2,23,수
2022-02-23,6호선,보문,6615,6123,12738,492,2,23,수
2022-02-23,6호선,창신,3082,2558,5640,524,2,23,수
2022-02-23,6호선,동묘앞,7039,7156,14195,-117,2,23,수
2022-02-23,6호선,신당,8072,8342,16414,-270,2,23,수
2022-02-23,6호선,청구,3492,3805,7297,-313,2,23,수
2022-02-23,6호선,약수,3245,3196,6441,49,2,23,수
2022-02-23,6호선,버티고개,1801,1857,3658,-56,2,23,수
2022-02-23,6호선,한강진,6630,7587,14217,-957,2,23,수
2022-02-23,6호선,이태원,7925,8076,16001,-151,2,23,수
2022-02-23,6호선,녹사평(용산구청),4033,4009,8042,24,2,23,수
2022-02-23,6호선,삼각지,5339,4950,10289,389,2,23,수
2022-02-23,6호선,효창공원앞,6287,5792,12079,495,2,23,수
2022-02-23,6호선,공덕,16669,16100,32769,569,2,23,수
2022-02-23,6호선,대흥(서강대앞),7161,7530,14691,-369,2,23,수
2022-02-23,6호선,광흥창(서강),8100,8119,16219,-19,2,23,수
2022-02-23,6호선,상수,7345,7962,15307,-617,2,23,수
2022-02-23,6호선,합정,11464,10979,22443,485,2,23,수
2022-02-23,6호선,망원,12476,13391,25867,-915,2,23,수
2022-02-23,6호선,마포구청,13219,12087,25306,1132,2,23,수
2022-02-23,6호선,월드컵경기장(성산),3512,3668,7180,-156,2,23,수
2022-02-23,6호선,디지털미디어시티,12255,13530,25785,-1275,2,23,수
2022-02-23,6호선,증산(명지대앞),9061,9139,18200,-78,2,23,수
2022-02-23,6호선,새절(신사),11447,10808,22255,639,2,23,수
2022-02-23,6호선,구산,6801,5342,12143,1459,2,23,수
2022-02-23,6호선,독바위,2430,2585,5015,-155,2,23,수
2022-02-23,6호선,불광,3957,3891,7848,66,2,23,수
2022-02-23,6호선,역촌,3572,4226,7798,-654,2,23,수
2022-02-23,6호선,응암,15908,16163,32071,-255,2,23,수
2022-02-23,5호선,하남검단산,4536,4467,9003,69,2,23,수
2022-02-23,5호선,하남시청(덕풍·신장),5703,5589,11292,114,2,23,수
2022-02-23,5호선,하남풍산,3694,3729,7423,-35,2,23,수
2022-02-23,5호선,미사,14263,14358,28621,-95,2,23,수
2022-02-23,5호선,강일,3449,3445,6894,4,2,23,수
2022-02-23,5호선,마천,6282,6275,12557,7,2,23,수
2022-02-23,5호선,거여,8876,8399,17275,477,2,23,수
2022-02-23,5호선,개롱,5842,6207,12049,-365,2,23,수
2022-02-23,5호선,오금,3373,3262,6635,111,2,23,수
2022-02-23,5호선,방이,6500,6761,13261,-261,2,23,수
2022-02-23,5호선,올림픽공원(한국체대),3768,3221,6989,547,2,23,수
2022-02-23,5호선,둔촌동,7849,7858,15707,-9,2,23,수
2022-02-23,5호선,상일동,13476,12749,26225,727,2,23,수
2022-02-23,5호선,고덕,8297,8399,16696,-102,2,23,수
2022-02-23,5호선,명일,7729,8216,15945,-487,2,23,수
2022-02-23,5호선,굽은다리(강동구민회관앞),8723,8289,17012,434,2,23,수
2022-02-23,5호선,길동,7290,7752,15042,-462,2,23,수
2022-02-23,5호선,강동,17026,16296,33322,730,2,23,수
2022-02-23,5호선,천호(풍납토성),15930,15850,31780,80,2,23,수
2022-02-23,5호선,광나루(장신대),11705,10557,22262,1148,2,23,수
2022-02-23,5호선,아차산(어린이대공원후문),12925,12755,25680,170,2,23,수
2022-02-23,5호선,군자(능동),10176,11106,21282,-930,2,23,수
2022-02-23,5호선,장한평,17389,17436,34825,-47,2,23,수
2022-02-23,5호선,답십리,14606,13618,28224,988,2,23,수
2022-02-23,5호선,마장,4970,4639,9609,331,2,23,수
2022-02-23,5호선,왕십리(성동구청),4226,4565,8791,-339,2,23,수
2022-02-23,5호선,행당,7316,6656,13972,660,2,23,수
2022-02-23,5호선,신금호,5575,5983,11558,-408,2,23,수
2022-02-23,5호선,청구,3761,3417,7178,344,2,23,수
2022-02-23,5호선,동대문역사문화공원(DDP),2784,3126,5910,-342,2,23,수
2022-02-23,5호선,을지로4가,5652,5678,11330,-26,2,23,수
2022-02-23,5호선,종로3가,10722,10553,21275,169,2,23,수
2022-02-23,5호선,광화문(세종문화회관),26493,27200,53693,-707,2,23,수
2022-02-23,5호선,서대문,17315,17456,34771,-141,2,23,수
2022-02-23,5호선,충정로(경기대입구),4396,4467,8863,-71,2,23,수
2022-02-23,5호선,애오개,6148,6315,12463,-167,2,23,수
2022-02-23,5호선,공덕,12763,13417,26180,-654,2,23,수
2022-02-23,5호선,마포,13610,13826,27436,-216,2,23,수
2022-02-23,5호선,여의나루,7621,8620,16241,-999,2,23,수
2022-02-23,5호선,여의도,26492,27120,53612,-628,2,23,수
2022-02-23,5호선,신길,3763,4202,7965,-439,2,23,수
2022-02-23,5호선,영등포시장,9147,9550,18697,-403,2,23,수
2022-02-23,5호선,영등포구청,3572,3630,7202,-58,2,23,수
2022-02-23,5호선,양평,6950,6974,13924,-24,2,23,수
2022-02-23,5호선,오목교(목동운동장앞),19815,20992,40807,-1177,2,23,수
2022-02-23,5호선,목동,15210,16573,31783,-1363,2,23,수
2022-02-23,5호선,신정(은행정),12827,10563,23390,2264,2,23,수
2022-02-23,5호선,까치산,26403,25767,52170,636,2,23,수
2022-02-23,5호선,화곡,26127,24638,50765,1489,2,23,수
2022-02-23,5호선,우장산,12555,12666,25221,-111,2,23,수
2022-02-23,5호선,발산,19120,19185,38305,-65,2,23,수
2022-02-23,5호선,마곡,10129,9926,20055,203,2,23,수
2022-02-23,5호선,송정,5972,5741,11713,231,2,23,수
2022-02-23,5호선,김포공항,6621,6299,12920,322,2,23,수
2022-02-23,5호선,개화산,5022,4921,9943,101,2,23,수
2022-02-23,5호선,방화,5896,5663,11559,233,2,23,수
2022-02-23,4호선,쌍문,26443,24677,51120,1766,2,23,수
2022-02-23,4호선,창동,22651,24142,46793,-1491,2,23,수
2022-02-23,4호선,노원,16612,18587,35199,-1975,2,23,수
2022-02-23,4호선,상계,16833,15982,32815,851,2,23,수
2022-02-23,4호선,당고개,11270,10347,21617,923,2,23,수
2022-02-23,4호선,남태령,1010,877,1887,133,2,23,수
2022-02-23,4호선,사당,21839,17950,39789,3889,2,23,수
2022-02-23,4호선,총신대입구(이수),16843,18161,35004,-1318,2,23,수
2022-02-23,4호선,동작(현충원),1162,1294,2456,-132,2,23,수
2022-02-23,4호선,이촌(국립중앙박물관),6936,7726,14662,-790,2,23,수
2022-02-23,4호선,신용산,14496,14933,29429,-437,2,23,수
2022-02-23,4호선,삼각지,4321,4698,9019,-377,2,23,수
2022-02-23,4호선,숙대입구(갈월),11498,11201,22699,297,2,23,수
2022-02-23,4호선,서울역,10152,14360,24512,-4208,2,23,수
2022-02-23,4호선,회현(남대문시장),20816,21686,42502,-870,2,23,수
2022-02-23,4호선,명동,15756,16200,31956,-444,2,23,수
2022-02-23,4호선,충무로,24265,24717,48982,-452,2,23,수
2022-02-23,4호선,동대문역사문화공원(DDP),13115,11941,25056,1174,2,23,수
2022-02-23,4호선,동대문,17005,17434,34439,-429,2,23,수
2022-02-23,4호선,혜화,31040,30550,61590,490,2,23,수
2022-02-23,4호선,한성대입구(삼선교),11793,11573,23366,220,2,23,수
2022-02-23,4호선,성신여대입구(돈암),17460,17036,34496,424,2,23,수
2022-02-23,4호선,길음,17947,18025,35972,-78,2,23,수
2022-02-23,4호선,미아사거리,24246,23605,47851,641,2,23,수
2022-02-23,4호선,미아(서울사이버대학),13151,13039,26190,112,2,23,수
2022-02-23,4호선,수유(강북구청),30407,30880,61287,-473,2,23,수
2022-02-23,3호선,오금,5529,5121,10650,408,2,23,수
2022-02-23,3호선,경찰병원,6800,6896,13696,-96,2,23,수
2022-02-23,3호선,가락시장,8063,7729,15792,334,2,23,수
2022-02-23,3호선,수서,14839,15075,29914,-236,2,23,수
2022-02-23,3호선,일원,9039,8830,17869,209,2,23,수
2022-02-23,3호선,대청,9171,8547,17718,624,2,23,수
2022-02-23,3호선,학여울,1587,1650,3237,-63,2,23,수
2022-02-23,3호선,대치,10350,10419,20769,-69,2,23,수
2022-02-23,3호선,도곡,4774,4970,9744,-196,2,23,수
2022-02-23,3호선,매봉,11524,10925,22449,599,2,23,수
2022-02-23,3호선,양재(서초구청),34931,37575,72506,-2644,2,23,수
2022-02-23,3호선,남부터미널(예술의전당),26466,27190,53656,-724,2,23,수
2022-02-23,3호선,교대(법원.검찰청),13115,8255,21370,4860,2,23,수
2022-02-23,3호선,고속터미널,32901,31693,64594,1208,2,23,수
2022-02-23,3호선,잠원,4242,4249,8491,-7,2,23,수
2022-02-23,3호선,신사,28775,29357,58132,-582,2,23,수
2022-02-23,3호선,압구정,29097,31060,60157,-1963,2,23,수
2022-02-23,3호선,옥수,7692,8279,15971,-587,2,23,수
2022-02-23,3호선,금호,7181,6833,14014,348,2,23,수
2022-02-23,3호선,약수,11560,11295,22855,265,2,23,수
2022-02-23,3호선,동대입구,6540,6883,13423,-343,2,23,수
2022-02-23,3호선,충무로,1,0,1,1,2,23,수
2022-02-23,3호선,을지로3가,9663,9704,19367,-41,2,23,수
2022-02-23,3호선,종로3가,9555,10737,20292,-1182,2,23,수
2022-02-23,3호선,안국,18003,18425,36428,-422,2,23,수
2022-02-23,3호선,경복궁(정부서울청사),17514,17352,34866,162,2,23,수
2022-02-23,3호선,독립문,6048,6198,12246,-150,2,23,수
2022-02-23,3호선,무악재,3448,3556,7004,-108,2,23,수
2022-02-23,3호선,홍제,15521,15031,30552,490,2,23,수
2022-02-23,3호선,녹번,13986,12855,26841,1131,2,23,수
2022-02-23,3호선,불광,14575,15391,29966,-816,2,23,수
2022-02-23,3호선,연신내,32679,31453,64132,1226,2,23,수
2022-02-23,3호선,구파발,18654,17647,36301,1007,2,23,수
2022-02-23,3호선,지축,4141,3989,8130,152,2,23,수
2022-02-23,2호선,용두(동대문구청),2184,2235,4419,-51,2,23,수
2022-02-23,2호선,신정네거리,9171,9557,18728,-386,2,23,수
2022-02-23,2호선,양천구청,6162,6473,12635,-311,2,23,수
2022-02-23,2호선,도림천,1258,1319,2577,-61,2,23,수
2022-02-23,2호선,신설동,3025,3169,6194,-144,2,23,수
2022-02-23,2호선,신답,1514,1794,3308,-280,2,23,수
2022-02-23,2호선,용답,2506,2504,5010,2,2,23,수
2022-02-23,2호선,충정로(경기대입구),9055,9630,18685,-575,2,23,수
2022-02-23,2호선,아현,8882,8801,17683,81,2,23,수
2022-02-23,2호선,이대,11548,12374,23922,-826,2,23,수
2022-02-23,2호선,신촌,29067,29602,58669,-535,2,23,수
2022-02-23,2호선,홍대입구,47109,47872,94981,-763,2,23,수
2022-02-23,2호선,합정,27419,28036,55455,-617,2,23,수
2022-02-23,2호선,당산,16156,18815,34971,-2659,2,23,수
2022-02-23,2호선,영등포구청,21460,21828,43288,-368,2,23,수
2022-02-23,2호선,문래,19617,19795,39412,-178,2,23,수
2022-02-23,2호선,신도림,42145,41594,83739,551,2,23,수
2022-02-23,2호선,대림(구로구청),21663,22263,43926,-600,2,23,수
2022-02-23,2호선,구로디지털단지,54723,54510,109233,213,2,23,수
2022-02-23,2호선,신대방,24065,23737,47802,328,2,23,수
2022-02-23,2호선,신림,58008,56883,114891,1125,2,23,수
2022-02-23,2호선,봉천,21701,20711,42412,990,2,23,수
2022-02-23,2호선,서울대입구(관악구청),42658,41685,84343,973,2,23,수
2022-02-23,2호선,낙성대(강감찬),24551,24028,48579,523,2,23,수
2022-02-23,2호선,사당,32266,35367,67633,-3101,2,23,수
2022-02-23,2호선,방배,15149,15902,31051,-753,2,23,수
2022-02-23,2호선,서초,20109,19761,39870,348,2,23,수
2022-02-23,2호선,교대(법원.검찰청),31296,35098,66394,-3802,2,23,수
2022-02-23,2호선,강남,77492,74922,152414,2570,2,23,수
2022-02-23,2호선,역삼,50144,54981,105125,-4837,2,23,수
2022-02-23,2호선,선릉,52741,46502,99243,6239,2,23,수
2022-02-23,2호선,삼성(무역센터),48420,48412,96832,8,2,23,수
2022-02-23,2호선,종합운동장,6409,6711,13120,-302,2,23,수
2022-02-23,2호선,잠실새내,18729,18761,37490,-32,2,23,수
2022-02-23,2호선,잠실(송파구청),58463,57745,116208,718,2,23,수
2022-02-23,2호선,잠실나루,13156,12674,25830,482,2,23,수
2022-02-23,2호선,강변(동서울터미널),26056,24731,50787,1325,2,23,수
2022-02-23,2호선,구의(광진구청),21968,21778,43746,190,2,23,수
2022-02-23,2호선,건대입구,30361,32138,62499,-1777,2,23,수
2022-02-23,2호선,성수,35618,38246,73864,-2628,2,23,수
2022-02-23,2호선,뚝섬,20381,21838,42219,-1457,2,23,수
2022-02-23,2호선,한양대,6697,7192,13889,-495,2,23,수
2022-02-23,2호선,왕십리(성동구청),14369,11850,26219,2519,2,23,수
2022-02-23,2호선,상왕십리,12996,12697,25693,299,2,23,수
2022-02-23,2호선,신당,12468,13141,25609,-673,2,23,수
2022-02-23,2호선,동대문역사문화공원(DDP),10635,11588,22223,-953,2,23,수
2022-02-23,2호선,을지로4가,11981,11653,23634,328,2,23,수
2022-02-23,2호선,을지로3가,20410,20086,40496,324,2,23,수
2022-02-23,2호선,을지로입구,34849,35627,70476,-778,2,23,수
2022-02-23,2호선,시청,21845,20709,42554,1136,2,23,수
2022-02-23,1호선,청량리(서울시립대입구),16795,16840,33635,-45,2,23,수
2022-02-23,1호선,제기동,14352,14292,28644,60,2,23,수
2022-02-23,1호선,신설동,12480,12257,24737,223,2,23,수
2022-02-23,1호선,동대문,9497,8868,18365,629,2,23,수
2022-02-23,1호선,종로5가,19701,19394,39095,307,2,23,수
2022-02-23,1호선,종로3가,21239,19509,40748,1730,2,23,수
2022-02-23,1호선,종각,30684,29634,60318,1050,2,23,수
2022-02-23,1호선,시청,20290,20409,40699,-119,2,23,수
2022-02-23,1호선,동묘앞,5953,6296,12249,-343,2,23,수
2022-02-23,1호선,서울역,37127,35236,72363,1891,2,23,수
2022-02-24,우이신설선,보문,1345,1386,2731,-41,2,24,목
2022-02-24,경의선,계양,1,0,1,1,2,24,목
2022-02-24,일산선,원흥,9446,9094,18540,352,2,24,목
2022-02-24,일산선,삼송,17581,17304,34885,277,2,24,목
2022-02-24,일산선,원당,9863,9357,19220,506,2,24,목
2022-02-24,일산선,화정,15333,15829,31162,-496,2,24,목
2022-02-24,일산선,대곡,1761,1368,3129,393,2,24,목
2022-02-24,일산선,백석,8831,8791,17622,40,2,24,목
2022-02-24,일산선,마두,6675,6859,13534,-184,2,24,목
2022-02-24,일산선,정발산,6444,6400,12844,44,2,24,목
2022-02-24,일산선,주엽,8085,8099,16184,-14,2,24,목
2022-02-24,일산선,대화,11250,9002,20252,2248,2,24,목
2022-02-24,장항선,봉명,1142,1113,2255,29,2,24,목
2022-02-24,장항선,쌍용(나사렛대),1663,1581,3244,82,2,24,목
2022-02-24,장항선,아산,2446,2201,4647,245,2,24,목
2022-02-24,장항선,탕정,557,538,1095,19,2,24,목
2022-02-24,장항선,배방,914,868,1782,46,2,24,목
2022-02-24,장항선,온양온천,3584,3704,7288,-120,2,24,목
2022-02-24,장항선,신창(순천향대),934,883,1817,51,2,24,목
2022-02-24,중앙선,회기,21448,20791,42239,657,2,24,목
2022-02-24,중앙선,중랑,5096,4859,9955,237,2,24,목
2022-02-24,중앙선,상봉(시외버스터미널),5158,5161,10319,-3,2,24,목
2022-02-24,중앙선,망우,6750,6836,13586,-86,2,24,목
2022-02-24,중앙선,양원,2129,2031,4160,98,2,24,목
2022-02-24,중앙선,구리,11842,12098,23940,-256,2,24,목
2022-02-24,중앙선,도농,9317,8779,18096,538,2,24,목
2022-02-24,중앙선,양정,615,522,1137,93,2,24,목
2022-02-24,중앙선,덕소,4855,4790,9645,65,2,24,목
2022-02-24,중앙선,도심,1986,1619,3605,367,2,24,목
2022-02-24,중앙선,팔당,695,761,1456,-66,2,24,목
2022-02-24,중앙선,운길산,545,455,1000,90,2,24,목
2022-02-24,중앙선,양수,1409,1445,2854,-36,2,24,목
2022-02-24,중앙선,신원,154,133,287,21,2,24,목
2022-02-24,중앙선,국수,563,582,1145,-19,2,24,목
2022-02-24,중앙선,아신,457,414,871,43,2,24,목
2022-02-24,중앙선,오빈,257,245,502,12,2,24,목
2022-02-24,중앙선,양평,2196,2157,4353,39,2,24,목
2022-02-24,중앙선,원덕,244,236,480,8,2,24,목
2022-02-24,중앙선,용문,1325,1391,2716,-66,2,24,목
2022-02-24,중앙선,지평,41,57,98,-16,2,24,목
2022-02-24,우이신설선,신설동,2008,1886,3894,122,2,24,목
2022-02-24,우이신설선,성신여대입구(돈암),3019,3338,6357,-319,2,24,목
2022-02-24,우이신설선,정릉,4319,3933,8252,386,2,24,목
2022-02-24,우이신설선,북한산보국문,5482,5289,10771,193,2,24,목
2022-02-24,우이신설선,솔샘,5230,4986,10216,244,2,24,목
2022-02-24,우이신설선,삼양사거리,2215,2273,4488,-58,2,24,목
2022-02-24,우이신설선,삼양,1883,2040,3923,-157,2,24,목
2022-02-24,우이신설선,화계,3083,3038,6121,45,2,24,목
2022-02-24,우이신설선,가오리,3796,3799,7595,-3,2,24,목
2022-02-24,우이신설선,4.19민주묘지,2801,2749,5550,52,2,24,목
2022-02-24,3호선,안국,17590,17971,35561,-381,2,24,목
2022-02-24,우이신설선,솔밭공원,2248,2162,4410,86,2,24,목
2022-02-24,우이신설선,북한산우이,2364,2094,4458,270,2,24,목
2022-02-24,안산선,수리산,3774,3096,6870,678,2,24,목
2022-02-24,안산선,오이도,7104,7035,14139,69,2,24,목
2022-02-24,안산선,정왕,6693,7000,13693,-307,2,24,목
2022-02-24,안산선,신길온천,1469,1371,2840,98,2,24,목
2022-02-24,안산선,안산,10342,9267,19609,1075,2,24,목
2022-02-24,안산선,초지,4069,4234,8303,-165,2,24,목
2022-02-24,안산선,고잔,7920,7536,15456,384,2,24,목
2022-02-24,안산선,중앙,15127,15651,30778,-524,2,24,목
2022-02-24,안산선,한대앞,7802,7903,15705,-101,2,24,목
2022-02-24,안산선,상록수,13882,14148,28030,-266,2,24,목
2022-02-24,안산선,반월,3763,3615,7378,148,2,24,목
2022-02-24,안산선,대야미,4378,3993,8371,385,2,24,목
2022-02-24,안산선,산본,14064,14984,29048,-920,2,24,목
2022-02-24,수인선,인천,882,1446,2328,-564,2,24,목
2022-02-24,수인선,신포,1572,1540,3112,32,2,24,목
2022-02-24,수인선,숭의,3514,3292,6806,222,2,24,목
2022-02-24,수인선,인하대,5141,4766,9907,375,2,24,목
2022-02-24,수인선,송도,2180,1986,4166,194,2,24,목
2022-02-24,수인선,연수,3820,3858,7678,-38,2,24,목
2022-02-24,수인선,원인재,3916,4152,8068,-236,2,24,목
2022-02-24,수인선,남동인더스파크,2233,2532,4765,-299,2,24,목
2022-02-24,수인선,호구포,3644,3758,7402,-114,2,24,목
2022-02-24,수인선,인천논현,4826,5070,9896,-244,2,24,목
2022-02-24,수인선,소래포구,4029,3727,7756,302,2,24,목
2022-02-24,수인선,월곶,2375,2149,4524,226,2,24,목
2022-02-24,수인선,달월,99,63,162,36,2,24,목
2022-02-24,수인선,사리,4142,3577,7719,565,2,24,목
2022-02-24,수인선,야목,318,223,541,95,2,24,목
2022-02-24,수인선,어천,602,604,1206,-2,2,24,목
2022-02-24,수인선,오목천,2435,2305,4740,130,2,24,목
2022-02-24,수인선,고색,4442,4288,8730,154,2,24,목
2022-02-24,분당선,매교,2877,2927,5804,-50,2,24,목
2022-02-24,분당선,수원시청,11322,11918,23240,-596,2,24,목
2022-02-24,분당선,매탄권선,4405,4196,8601,209,2,24,목
2022-02-24,분당선,망포,12879,12275,25154,604,2,24,목
2022-02-24,분당선,영통,7266,7388,14654,-122,2,24,목
2022-02-24,분당선,청명,3652,3608,7260,44,2,24,목
2022-02-24,분당선,상갈,4721,4604,9325,117,2,24,목
2022-02-24,분당선,기흥,8509,8106,16615,403,2,24,목
2022-02-24,분당선,신갈,3976,4026,8002,-50,2,24,목
2022-02-24,분당선,구성,4541,4776,9317,-235,2,24,목
2022-02-24,분당선,죽전,11648,13035,24683,-1387,2,24,목
2022-02-24,분당선,보정,2152,1877,4029,275,2,24,목
2022-02-24,분당선,이매,5014,4888,9902,126,2,24,목
2022-02-24,분당선,오리,10805,9019,19824,1786,2,24,목
2022-02-24,분당선,미금,14346,15257,29603,-911,2,24,목
2022-02-24,분당선,정자,15538,16450,31988,-912,2,24,목
2022-02-24,분당선,수내,12562,12453,25015,109,2,24,목
2022-02-24,분당선,서현,22564,22661,45225,-97,2,24,목
2022-02-24,분당선,야탑,23916,24743,48659,-827,2,24,목
2022-02-24,분당선,모란,22635,23289,45924,-654,2,24,목
2022-02-24,분당선,태평,12643,12287,24930,356,2,24,목
2022-02-24,분당선,가천대,6819,7689,14508,-870,2,24,목
2022-02-24,분당선,선정릉,7650,8093,15743,-443,2,24,목
2022-02-24,분당선,강남구청,9538,10842,20380,-1304,2,24,목
2022-02-24,분당선,압구정로데오,17772,19165,36937,-1393,2,24,목
2022-02-24,분당선,서울숲,9065,9112,18177,-47,2,24,목
2022-02-24,분당선,수원,7077,5853,12930,1224,2,24,목
2022-02-24,분당선,복정,1,0,1,1,2,24,목
2022-02-24,분당선,수서,12494,12753,25247,-259,2,24,목
2022-02-24,분당선,대모산입구,4108,3816,7924,292,2,24,목
2022-02-24,분당선,개포동,3341,3602,6943,-261,2,24,목
2022-02-24,분당선,구룡,1744,1716,3460,28,2,24,목
2022-02-24,분당선,도곡,6317,6202,12519,115,2,24,목
2022-02-24,분당선,한티,13537,14463,28000,-926,2,24,목
2022-02-24,분당선,선릉,12525,18608,31133,-6083,2,24,목
2022-02-24,과천선,범계,23007,22574,45581,433,2,24,목
2022-02-24,과천선,평촌,16319,16070,32389,249,2,24,목
2022-02-24,과천선,인덕원,21936,22717,44653,-781,2,24,목
2022-02-24,과천선,정부과천청사,9500,9637,19137,-137,2,24,목
2022-02-24,과천선,과천,5600,5333,10933,267,2,24,목
2022-02-24,과천선,대공원,2157,2304,4461,-147,2,24,목
2022-02-24,과천선,경마공원,1200,1208,2408,-8,2,24,목
2022-02-24,과천선,선바위,7196,6463,13659,733,2,24,목
2022-02-24,공항철도 1호선,영종,2776,2725,5501,51,2,24,목
2022-02-24,공항철도 1호선,인천공항2터미널,1848,1820,3668,28,2,24,목
2022-02-24,공항철도 1호선,인천공항1터미널,3403,3668,7071,-265,2,24,목
2022-02-24,공항철도 1호선,공항화물청사,2221,2325,4546,-104,2,24,목
2022-02-24,공항철도 1호선,운서,5990,6199,12189,-209,2,24,목
2022-02-24,공항철도 1호선,청라국제도시,6055,5734,11789,321,2,24,목
2022-02-24,공항철도 1호선,검암,6025,5943,11968,82,2,24,목
2022-02-24,공항철도 1호선,계양,9035,8516,17551,519,2,24,목
2022-02-24,공항철도 1호선,김포공항,11480,6074,17554,5406,2,24,목
2022-02-24,공항철도 1호선,마곡나루(서울식물원),7834,7557,15391,277,2,24,목
2022-02-24,공항철도 1호선,디지털미디어시티,12593,11569,24162,1024,2,24,목
2022-02-24,공항철도 1호선,홍대입구,8801,8530,17331,271,2,24,목
2022-02-24,1호선,서울역,37837,35692,73529,2145,2,24,목
2022-02-24,1호선,동묘앞,6531,6841,13372,-310,2,24,목
2022-02-24,1호선,시청,20005,20204,40209,-199,2,24,목
2022-02-24,1호선,종각,30155,29396,59551,759,2,24,목
2022-02-24,1호선,종로3가,22333,20489,42822,1844,2,24,목
2022-02-24,1호선,종로5가,20479,19916,40395,563,2,24,목
2022-02-24,1호선,동대문,9556,8859,18415,697,2,24,목
2022-02-24,1호선,신설동,12651,12414,25065,237,2,24,목
2022-02-24,1호선,제기동,15014,15319,30333,-305,2,24,목
2022-02-24,1호선,청량리(서울시립대입구),17450,17775,35225,-325,2,24,목
2022-02-24,2호선,시청,21515,20765,42280,750,2,24,목
2022-02-24,2호선,을지로입구,34543,35363,69906,-820,2,24,목
2022-02-24,2호선,을지로3가,19818,19682,39500,136,2,24,목
2022-02-24,2호선,을지로4가,12058,11853,23911,205,2,24,목
2022-02-24,2호선,동대문역사문화공원(DDP),9949,11258,21207,-1309,2,24,목
2022-02-24,2호선,신당,12615,13124,25739,-509,2,24,목
2022-02-24,2호선,상왕십리,12932,12626,25558,306,2,24,목
2022-02-24,2호선,왕십리(성동구청),14217,12056,26273,2161,2,24,목
2022-02-24,2호선,한양대,6641,7146,13787,-505,2,24,목
2022-02-24,2호선,뚝섬,20121,21680,41801,-1559,2,24,목
2022-02-24,2호선,성수,35037,38067,73104,-3030,2,24,목
2022-02-24,2호선,건대입구,31009,32730,63739,-1721,2,24,목
2022-02-24,2호선,구의(광진구청),21892,21676,43568,216,2,24,목
2022-02-24,2호선,강변(동서울터미널),26439,25018,51457,1421,2,24,목
2022-02-24,2호선,잠실나루,12927,12651,25578,276,2,24,목
2022-02-24,2호선,잠실(송파구청),58624,58158,116782,466,2,24,목
2022-02-24,2호선,잠실새내,18972,18835,37807,137,2,24,목
2022-02-24,2호선,종합운동장,6173,6465,12638,-292,2,24,목
2022-02-24,2호선,삼성(무역센터),48671,48677,97348,-6,2,24,목
2022-02-24,2호선,선릉,52319,46189,98508,6130,2,24,목
2022-02-24,2호선,역삼,48233,53237,101470,-5004,2,24,목
2022-02-24,2호선,강남,78049,75887,153936,2162,2,24,목
2022-02-24,2호선,교대(법원.검찰청),31319,34992,66311,-3673,2,24,목
2022-02-24,2호선,서초,19488,19130,38618,358,2,24,목
2022-02-24,2호선,방배,14819,15600,30419,-781,2,24,목
2022-02-24,2호선,사당,32650,35319,67969,-2669,2,24,목
2022-02-24,2호선,낙성대(강감찬),24498,23836,48334,662,2,24,목
2022-02-24,2호선,서울대입구(관악구청),42850,42178,85028,672,2,24,목
2022-02-24,2호선,봉천,21663,20364,42027,1299,2,24,목
2022-02-24,2호선,신림,58164,57098,115262,1066,2,24,목
2022-02-24,2호선,신대방,24386,23664,48050,722,2,24,목
2022-02-24,2호선,구로디지털단지,54452,54816,109268,-364,2,24,목
2022-02-24,2호선,대림(구로구청),21629,22100,43729,-471,2,24,목
2022-02-24,2호선,신도림,41860,41365,83225,495,2,24,목
2022-02-24,2호선,문래,19741,20016,39757,-275,2,24,목
2022-02-24,2호선,영등포구청,21430,21778,43208,-348,2,24,목
2022-02-24,2호선,당산,16366,19053,35419,-2687,2,24,목
2022-02-24,2호선,합정,27527,28313,55840,-786,2,24,목
2022-02-24,2호선,홍대입구,47853,49300,97153,-1447,2,24,목
2022-02-24,2호선,신촌,28791,29131,57922,-340,2,24,목
2022-02-24,2호선,이대,11943,12637,24580,-694,2,24,목
2022-02-24,2호선,아현,9001,8665,17666,336,2,24,목
2022-02-24,2호선,충정로(경기대입구),9078,9613,18691,-535,2,24,목
2022-02-24,2호선,용답,2448,2473,4921,-25,2,24,목
2022-02-24,2호선,신답,1543,1773,3316,-230,2,24,목
2022-02-24,2호선,신설동,3061,3177,6238,-116,2,24,목
2022-02-24,2호선,도림천,1266,1320,2586,-54,2,24,목
2022-02-24,2호선,양천구청,6117,6433,12550,-316,2,24,목
2022-02-24,2호선,신정네거리,9242,9629,18871,-387,2,24,목
2022-02-24,2호선,용두(동대문구청),2130,2327,4457,-197,2,24,목
2022-02-24,3호선,지축,4120,3924,8044,196,2,24,목
2022-02-24,3호선,구파발,18524,17717,36241,807,2,24,목
2022-02-24,3호선,연신내,32820,31236,64056,1584,2,24,목
2022-02-24,3호선,불광,14789,15809,30598,-1020,2,24,목
2022-02-24,3호선,녹번,13991,12630,26621,1361,2,24,목
2022-02-24,3호선,홍제,15763,15105,30868,658,2,24,목
2022-02-24,3호선,무악재,3530,3600,7130,-70,2,24,목
2022-02-24,3호선,독립문,6161,6386,12547,-225,2,24,목
2022-02-24,3호선,경복궁(정부서울청사),17286,17274,34560,12,2,24,목
2022-02-24,3호선,종로3가,9649,10929,20578,-1280,2,24,목
2022-02-24,3호선,을지로3가,9438,9520,18958,-82,2,24,목
2022-02-24,3호선,동대입구,7109,7582,14691,-473,2,24,목
2022-02-24,3호선,약수,11588,11120,22708,468,2,24,목
2022-02-24,3호선,금호,7158,6690,13848,468,2,24,목
2022-02-24,3호선,옥수,7815,8208,16023,-393,2,24,목
2022-02-24,3호선,압구정,29278,30924,60202,-1646,2,24,목
2022-02-24,3호선,신사,28939,29897,58836,-958,2,24,목
2022-02-24,3호선,잠원,4196,4200,8396,-4,2,24,목
2022-02-24,3호선,고속터미널,33755,32848,66603,907,2,24,목
2022-02-24,3호선,교대(법원.검찰청),13076,8584,21660,4492,2,24,목
2022-02-24,3호선,남부터미널(예술의전당),26310,26764,53074,-454,2,24,목
2022-02-24,3호선,양재(서초구청),35453,38382,73835,-2929,2,24,목
2022-02-24,3호선,매봉,11608,11045,22653,563,2,24,목
2022-02-24,3호선,도곡,4715,4875,9590,-160,2,24,목
2022-02-24,3호선,대치,10618,10519,21137,99,2,24,목
2022-02-24,3호선,학여울,1611,1595,3206,16,2,24,목
2022-02-24,3호선,대청,9037,8525,17562,512,2,24,목
2022-02-24,3호선,일원,8949,8643,17592,306,2,24,목
2022-02-24,3호선,수서,15291,15710,31001,-419,2,24,목
2022-02-24,3호선,가락시장,8173,7901,16074,272,2,24,목
2022-02-24,3호선,경찰병원,6733,6790,13523,-57,2,24,목
2022-02-24,3호선,오금,5703,5149,10852,554,2,24,목
2022-02-24,4호선,수유(강북구청),30683,30906,61589,-223,2,24,목
2022-02-24,4호선,미아(서울사이버대학),13288,13197,26485,91,2,24,목
2022-02-24,4호선,미아사거리,24453,24051,48504,402,2,24,목
2022-02-24,4호선,길음,17895,17731,35626,164,2,24,목
2022-02-24,4호선,성신여대입구(돈암),17943,17365,35308,578,2,24,목
2022-02-24,4호선,한성대입구(삼선교),11686,11312,22998,374,2,24,목
2022-02-24,4호선,혜화,29376,29097,58473,279,2,24,목
2022-02-24,4호선,동대문,17234,17821,35055,-587,2,24,목
2022-02-24,4호선,동대문역사문화공원(DDP),13362,12072,25434,1290,2,24,목
2022-02-24,4호선,충무로,24227,24905,49132,-678,2,24,목
2022-02-24,4호선,명동,15644,16165,31809,-521,2,24,목
2022-02-24,4호선,회현(남대문시장),20614,21799,42413,-1185,2,24,목
2022-02-24,4호선,서울역,9927,14091,24018,-4164,2,24,목
2022-02-24,4호선,숙대입구(갈월),11534,11501,23035,33,2,24,목
2022-02-24,4호선,삼각지,4247,4676,8923,-429,2,24,목
2022-02-24,4호선,신용산,14302,15179,29481,-877,2,24,목
2022-02-24,4호선,이촌(국립중앙박물관),6645,7276,13921,-631,2,24,목
2022-02-24,4호선,동작(현충원),1222,1366,2588,-144,2,24,목
2022-02-24,4호선,총신대입구(이수),16955,18300,35255,-1345,2,24,목
2022-02-24,4호선,사당,21720,17985,39705,3735,2,24,목
2022-02-24,4호선,남태령,989,860,1849,129,2,24,목
2022-02-24,4호선,당고개,11506,10568,22074,938,2,24,목
2022-02-24,4호선,상계,17022,15984,33006,1038,2,24,목
2022-02-24,4호선,노원,16569,18529,35098,-1960,2,24,목
2022-02-24,4호선,창동,22887,24450,47337,-1563,2,24,목
2022-02-24,4호선,쌍문,26760,24591,51351,2169,2,24,목
2022-02-24,5호선,방화,5898,5635,11533,263,2,24,목
2022-02-24,5호선,개화산,5158,4991,10149,167,2,24,목
2022-02-24,5호선,김포공항,6810,6260,13070,550,2,24,목
2022-02-24,5호선,송정,5961,5647,11608,314,2,24,목
2022-02-24,5호선,마곡,10076,10094,20170,-18,2,24,목
2022-02-24,5호선,발산,19188,19350,38538,-162,2,24,목
2022-02-24,5호선,우장산,12860,12848,25708,12,2,24,목
2022-02-24,5호선,화곡,26003,24521,50524,1482,2,24,목
2022-02-24,5호선,까치산,26531,25634,52165,897,2,24,목
2022-02-24,5호선,신정(은행정),12801,10642,23443,2159,2,24,목
2022-02-24,5호선,목동,15148,16315,31463,-1167,2,24,목
2022-02-24,5호선,오목교(목동운동장앞),19876,20969,40845,-1093,2,24,목
2022-02-24,5호선,양평,6958,6992,13950,-34,2,24,목
2022-02-24,5호선,영등포구청,3666,3749,7415,-83,2,24,목
2022-02-24,5호선,영등포시장,9251,9540,18791,-289,2,24,목
2022-02-24,5호선,신길,3770,4164,7934,-394,2,24,목
2022-02-24,5호선,여의도,26046,26958,53004,-912,2,24,목
2022-02-24,5호선,여의나루,7706,8778,16484,-1072,2,24,목
2022-02-24,5호선,마포,13224,13533,26757,-309,2,24,목
2022-02-24,5호선,공덕,12488,13071,25559,-583,2,24,목
2022-02-24,5호선,애오개,6237,6335,12572,-98,2,24,목
2022-02-24,5호선,충정로(경기대입구),4255,4406,8661,-151,2,24,목
2022-02-24,5호선,서대문,17054,17277,34331,-223,2,24,목
2022-02-24,5호선,광화문(세종문화회관),26184,27043,53227,-859,2,24,목
2022-02-24,5호선,종로3가,10809,10721,21530,88,2,24,목
2022-02-24,5호선,을지로4가,5689,5739,11428,-50,2,24,목
2022-02-24,5호선,동대문역사문화공원(DDP),2731,3156,5887,-425,2,24,목
2022-02-24,5호선,청구,3725,3445,7170,280,2,24,목
2022-02-24,5호선,신금호,5688,6002,11690,-314,2,24,목
2022-02-24,5호선,행당,7235,6564,13799,671,2,24,목
2022-02-24,5호선,왕십리(성동구청),4267,4717,8984,-450,2,24,목
2022-02-24,5호선,마장,5038,4594,9632,444,2,24,목
2022-02-24,5호선,답십리,14518,13434,27952,1084,2,24,목
2022-02-24,5호선,장한평,17401,17373,34774,28,2,24,목
2022-02-24,5호선,군자(능동),10428,11351,21779,-923,2,24,목
2022-02-24,5호선,아차산(어린이대공원후문),13288,13031,26319,257,2,24,목
2022-02-24,5호선,광나루(장신대),11795,10780,22575,1015,2,24,목
2022-02-24,5호선,천호(풍납토성),16105,15787,31892,318,2,24,목
2022-02-24,5호선,강동,17047,16204,33251,843,2,24,목
2022-02-24,5호선,길동,7188,7592,14780,-404,2,24,목
2022-02-24,5호선,굽은다리(강동구민회관앞),8655,8286,16941,369,2,24,목
2022-02-24,5호선,명일,7651,7982,15633,-331,2,24,목
2022-02-24,5호선,고덕,8247,8373,16620,-126,2,24,목
2022-02-24,5호선,상일동,13670,12758,26428,912,2,24,목
2022-02-24,5호선,둔촌동,7817,7983,15800,-166,2,24,목
2022-02-24,5호선,올림픽공원(한국체대),3602,3216,6818,386,2,24,목
2022-02-24,5호선,방이,6607,6967,13574,-360,2,24,목
2022-02-24,5호선,오금,3340,3402,6742,-62,2,24,목
2022-02-24,5호선,개롱,5793,6144,11937,-351,2,24,목
2022-02-24,5호선,거여,8795,8371,17166,424,2,24,목
2022-02-24,5호선,마천,6401,6366,12767,35,2,24,목
2022-02-24,공항철도 1호선,공덕,2094,2657,4751,-563,2,24,목
2022-02-24,공항철도 1호선,서울역,6478,5955,12433,523,2,24,목
2022-02-24,경춘선,춘천,1001,884,1885,117,2,24,목
2022-02-24,경춘선,남춘천,1869,1876,3745,-7,2,24,목
2022-02-24,경춘선,김유정,233,248,481,-15,2,24,목
2022-02-24,경춘선,강촌,242,291,533,-49,2,24,목
2022-02-24,경춘선,백양리,285,272,557,13,2,24,목
2022-02-24,경춘선,굴봉산,74,93,167,-19,2,24,목
2022-02-24,경춘선,가평,1332,1377,2709,-45,2,24,목
2022-02-24,경춘선,상천,172,157,329,15,2,24,목
2022-02-24,경춘선,청평,1385,1353,2738,32,2,24,목
2022-02-24,경춘선,대성리,396,346,742,50,2,24,목
2022-02-24,경춘선,마석,3130,3111,6241,19,2,24,목
2022-02-24,경춘선,천마산,1461,1331,2792,130,2,24,목
2022-02-24,경춘선,평내호평,5381,5183,10564,198,2,24,목
2022-02-24,경춘선,금곡,1335,1292,2627,43,2,24,목
2022-02-24,경춘선,사릉,2839,2774,5613,65,2,24,목
2022-02-24,경춘선,퇴계원,3253,2995,6248,258,2,24,목
2022-02-24,경춘선,별내,2946,2834,5780,112,2,24,목
2022-02-24,경춘선,갈매,2739,2328,5067,411,2,24,목
2022-02-24,경춘선,신내,1825,1805,3630,20,2,24,목
2022-02-24,경인선,도화,3719,3413,7132,306,2,24,목
2022-02-24,경인선,중동,8326,8020,16346,306,2,24,목
2022-02-24,경인선,온수(성공회대입구),5842,5657,11499,185,2,24,목
2022-02-24,경인선,도원,2222,2290,4512,-68,2,24,목
2022-02-24,경인선,간석,5209,4960,10169,249,2,24,목
2022-02-24,경인선,부개,7601,7264,14865,337,2,24,목
2022-02-24,경인선,소사,7579,7413,14992,166,2,24,목
2022-02-24,경인선,구일,5385,5409,10794,-24,2,24,목
2022-02-24,경인선,인천,2958,2298,5256,660,2,24,목
2022-02-24,경인선,동인천,12223,11632,23855,591,2,24,목
2022-02-24,경인선,제물포,9092,8645,17737,447,2,24,목
2022-02-24,경인선,주안,16122,14820,30942,1302,2,24,목
2022-02-24,경인선,동암,12933,12962,25895,-29,2,24,목
2022-02-24,경인선,백운,6125,6070,12195,55,2,24,목
2022-02-24,경인선,부평,25730,26838,52568,-1108,2,24,목
2022-02-24,경인선,송내,23674,23595,47269,79,2,24,목
2022-02-24,경인선,부천,28919,28743,57662,176,2,24,목
2022-02-24,경인선,역곡,23999,23903,47902,96,2,24,목
2022-02-24,경인선,오류동,10642,10076,20718,566,2,24,목
2022-02-24,경인선,개봉,19433,19297,38730,136,2,24,목
2022-02-24,경의선,임진강,4,3,7,1,2,24,목
2022-02-24,경의선,문산,4510,4435,8945,75,2,24,목
2022-02-24,경의선,파주,900,674,1574,226,2,24,목
2022-02-24,경의선,월롱,2256,2020,4276,236,2,24,목
2022-02-24,경의선,금촌,5674,5507,11181,167,2,24,목
2022-02-24,경의선,금릉,4188,4050,8238,138,2,24,목
2022-02-24,경의선,운정,6108,5752,11860,356,2,24,목
2022-02-24,경의선,야당,6487,6371,12858,116,2,24,목
2022-02-24,경의선,탄현,6830,6662,13492,168,2,24,목
2022-02-24,경의선,일산,8216,8121,16337,95,2,24,목
2022-02-24,경의선,풍산,5004,4578,9582,426,2,24,목
2022-02-24,경의선,백마,6172,6098,12270,74,2,24,목
2022-02-24,경의선,곡산,476,535,1011,-59,2,24,목
2022-02-24,경의선,능곡,3367,3063,6430,304,2,24,목
2022-02-24,경의선,행신,6824,7001,13825,-177,2,24,목
2022-02-24,경의선,강매,2922,2581,5503,341,2,24,목
2022-02-24,경의선,화전,1250,1171,2421,79,2,24,목
2022-02-24,경의선,수색,2567,2660,5227,-93,2,24,목
2022-02-24,경의선,디지털미디어시티,2161,2005,4166,156,2,24,목
2022-02-24,경의선,가좌,4680,4481,9161,199,2,24,목
2022-02-24,경의선,홍대입구,1459,1704,3163,-245,2,24,목
2022-02-24,경의선,서강대,1816,1845,3661,-29,2,24,목
2022-02-24,경의선,공덕,3127,2786,5913,341,2,24,목
2022-02-24,경의선,효창공원앞,2665,3123,5788,-458,2,24,목
2022-02-24,경의선,신촌,806,1014,1820,-208,2,24,목
2022-02-24,경의선,서울역,3706,4872,8578,-1166,2,24,목
2022-02-24,경원선,소요산,2136,1836,3972,300,2,24,목
2022-02-24,경원선,동두천,1797,1970,3767,-173,2,24,목
2022-02-24,경원선,보산,1233,1145,2378,88,2,24,목
2022-02-24,경원선,동두천중앙,2637,2571,5208,66,2,24,목
2022-02-24,경원선,지행,5487,5437,10924,50,2,24,목
2022-02-24,경원선,덕정,4686,4594,9280,92,2,24,목
2022-02-24,경원선,덕계,2676,2438,5114,238,2,24,목
2022-02-24,경원선,양주,6568,6194,12762,374,2,24,목
2022-02-24,경원선,녹양,3953,3781,7734,172,2,24,목
2022-02-24,경원선,가능,5881,5730,11611,151,2,24,목
2022-02-24,경원선,의정부,16146,16409,32555,-263,2,24,목
2022-02-24,경원선,회룡,11297,11246,22543,51,2,24,목
2022-02-24,경원선,망월사,6727,6826,13553,-99,2,24,목
2022-02-24,5호선,강일,3543,3548,7091,-5,2,24,목
2022-02-24,5호선,미사,14512,14455,28967,57,2,24,목
2022-02-24,5호선,하남풍산,3873,3953,7826,-80,2,24,목
2022-02-24,5호선,하남시청(덕풍·신장),6039,5983,12022,56,2,24,목
2022-02-24,5호선,하남검단산,4928,4858,9786,70,2,24,목
2022-02-24,6호선,응암,15998,16066,32064,-68,2,24,목
2022-02-24,6호선,역촌,3608,4194,7802,-586,2,24,목
2022-02-24,6호선,불광,3836,3790,7626,46,2,24,목
2022-02-24,6호선,독바위,2456,2639,5095,-183,2,24,목
2022-02-24,6호선,연신내,1,0,1,1,2,24,목
2022-02-24,6호선,구산,6832,5338,12170,1494,2,24,목
2022-02-24,6호선,새절(신사),11588,10921,22509,667,2,24,목
2022-02-24,6호선,증산(명지대앞),9293,9261,18554,32,2,24,목
2022-02-24,6호선,디지털미디어시티,12326,13490,25816,-1164,2,24,목
2022-02-24,6호선,월드컵경기장(성산),3707,3833,7540,-126,2,24,목
2022-02-24,6호선,마포구청,13112,12190,25302,922,2,24,목
2022-02-24,6호선,망원,12755,13449,26204,-694,2,24,목
2022-02-24,6호선,합정,11558,11212,22770,346,2,24,목
2022-02-24,6호선,상수,7474,8287,15761,-813,2,24,목
2022-02-24,6호선,광흥창(서강),8068,7896,15964,172,2,24,목
2022-02-24,6호선,대흥(서강대앞),7261,7562,14823,-301,2,24,목
2022-02-24,6호선,공덕,16650,15966,32616,684,2,24,목
2022-02-24,6호선,효창공원앞,6364,5852,12216,512,2,24,목
2022-02-24,6호선,삼각지,5533,4875,10408,658,2,24,목
2022-02-24,6호선,녹사평(용산구청),4050,4099,8149,-49,2,24,목
2022-02-24,6호선,이태원,8265,8242,16507,23,2,24,목
2022-02-24,6호선,한강진,6471,7426,13897,-955,2,24,목
2022-02-24,6호선,버티고개,1807,1840,3647,-33,2,24,목
2022-02-24,6호선,약수,3201,3252,6453,-51,2,24,목
2022-02-24,6호선,청구,3564,3756,7320,-192,2,24,목
2022-02-24,6호선,신당,7692,7996,15688,-304,2,24,목
2022-02-24,6호선,동묘앞,7126,7240,14366,-114,2,24,목
2022-02-24,6호선,창신,3095,2463,5558,632,2,24,목
2022-02-24,6호선,보문,6751,6176,12927,575,2,24,목
2022-02-24,6호선,안암(고대병원앞),9675,9602,19277,73,2,24,목
2022-02-24,6호선,고려대(종암),7205,7203,14408,2,2,24,목
2022-02-24,6호선,월곡(동덕여대),10470,10440,20910,30,2,24,목
2022-02-24,6호선,상월곡(한국과학기술연구원),5621,5042,10663,579,2,24,목
2022-02-24,6호선,돌곶이,8585,8053,16638,532,2,24,목
2022-02-24,6호선,석계,11304,11778,23082,-474,2,24,목
2022-02-24,6호선,태릉입구,4999,5416,10415,-417,2,24,목
2022-02-24,6호선,화랑대(서울여대입구),10554,8457,19011,2097,2,24,목
2022-02-24,6호선,봉화산(서울의료원),8036,7593,15629,443,2,24,목
2022-02-24,7호선,장암,2016,758,2774,1258,2,24,목
2022-02-24,7호선,도봉산,8055,9390,17445,-1335,2,24,목
2022-02-24,7호선,수락산,11296,11215,22511,81,2,24,목
2022-02-24,7호선,마들,11765,11312,23077,453,2,24,목
2022-02-24,7호선,노원,17807,18232,36039,-425,2,24,목
2022-02-24,7호선,중계,12654,11525,24179,1129,2,24,목
2022-02-24,7호선,하계,15944,15015,30959,929,2,24,목
2022-02-24,7호선,공릉(서울과학기술대),11641,11436,23077,205,2,24,목
2022-02-24,7호선,태릉입구,7755,7292,15047,463,2,24,목
2022-02-24,7호선,먹골,9329,9213,18542,116,2,24,목
2022-02-24,7호선,중화,9963,9790,19753,173,2,24,목
2022-02-24,7호선,상봉(시외버스터미널),15529,14587,30116,942,2,24,목
2022-02-24,7호선,면목,14021,13785,27806,236,2,24,목
2022-02-24,7호선,사가정,14631,14886,29517,-255,2,24,목
2022-02-24,7호선,용마산(용마폭포공원),5575,5471,11046,104,2,24,목
2022-02-24,7호선,중곡,9912,9415,19327,497,2,24,목
2022-02-24,7호선,군자(능동),13917,11146,25063,2771,2,24,목
2022-02-24,7호선,어린이대공원(세종대),11312,11230,22542,82,2,24,목
2022-02-24,7호선,건대입구,10766,11067,21833,-301,2,24,목
2022-02-24,7호선,뚝섬유원지,6665,6497,13162,168,2,24,목
2022-02-24,7호선,청담,18241,20419,38660,-2178,2,24,목
2022-02-24,7호선,강남구청,15513,16876,32389,-1363,2,24,목
2022-02-24,7호선,학동,22973,24208,47181,-1235,2,24,목
2022-02-24,7호선,논현,18911,20453,39364,-1542,2,24,목
2022-02-24,7호선,반포,5384,5119,10503,265,2,24,목
2022-02-24,7호선,고속터미널,13729,11804,25533,1925,2,24,목
2022-02-24,7호선,내방,13623,13897,27520,-274,2,24,목
2022-02-24,7호선,이수,14355,13970,28325,385,2,24,목
2022-02-24,7호선,남성,10036,9480,19516,556,2,24,목
2022-02-24,7호선,숭실대입구(살피재),10373,10699,21072,-326,2,24,목
2022-02-24,7호선,상도,9746,9494,19240,252,2,24,목
2022-02-24,7호선,장승배기,8453,8348,16801,105,2,24,목
2022-02-24,7호선,신대방삼거리,15477,14751,30228,726,2,24,목
2022-02-24,7호선,보라매,8992,9003,17995,-11,2,24,목
2022-02-24,7호선,신풍,10553,10058,20611,495,2,24,목
2022-02-24,7호선,대림(구로구청),6905,6894,13799,11,2,24,목
2022-02-24,7호선,남구로,14839,15722,30561,-883,2,24,목
2022-02-24,7호선,가산디지털단지,42963,43060,86023,-97,2,24,목
2022-02-24,7호선,철산,18606,19003,37609,-397,2,24,목
2022-02-24,7호선,광명사거리,20153,19965,40118,188,2,24,목
2022-02-24,7호선,천왕,10289,9899,20188,390,2,24,목
2022-02-24,7호선,온수(성공회대입구),9106,8448,17554,658,2,24,목
2022-02-24,7호선,까치울,1,0,1,1,2,24,목
2022-02-24,7호선,신중동,1,0,1,1,2,24,목
2022-02-24,7호선,부천시청,2,0,2,2,2,24,목
2022-02-24,8호선,암사,17404,15445,32849,1959,2,24,목
2022-02-24,8호선,천호(풍납토성),13550,15437,28987,-1887,2,24,목
2022-02-24,8호선,강동구청,9778,10229,20007,-451,2,24,목
2022-02-24,8호선,몽촌토성(평화의문),5426,5529,10955,-103,2,24,목
2022-02-24,8호선,잠실(송파구청),12235,14151,26386,-1916,2,24,목
2022-02-24,8호선,석촌,7297,8168,15465,-871,2,24,목
2022-02-24,8호선,송파,6742,6964,13706,-222,2,24,목
2022-02-24,8호선,가락시장,7114,7755,14869,-641,2,24,목
2022-02-24,8호선,문정,21012,22049,43061,-1037,2,24,목
2022-02-24,8호선,장지,15630,15364,30994,266,2,24,목
2022-02-24,8호선,복정,8594,7391,15985,1203,2,24,목
2022-02-24,8호선,산성,4582,4727,9309,-145,2,24,목
2022-02-24,8호선,남한산성입구(성남법원.검찰청),12357,11406,23763,951,2,24,목
2022-02-24,8호선,단대오거리,9748,9551,19299,197,2,24,목
2022-02-24,8호선,신흥,3956,4258,8214,-302,2,24,목
2022-02-24,8호선,수진,5009,4570,9579,439,2,24,목
2022-02-24,8호선,모란,5353,4132,9485,1221,2,24,목
2022-02-24,8호선,남위례,3779,4001,7780,-222,2,24,목
2022-02-24,9호선,개화,2207,1602,3809,605,2,24,목
2022-02-24,9호선,김포공항,6689,10269,16958,-3580,2,24,목
2022-02-24,9호선,공항시장,2819,3026,5845,-207,2,24,목
2022-02-24,9호선,신방화,6197,6128,12325,69,2,24,목
2022-02-24,9호선,마곡나루(서울식물원),10820,10656,21476,164,2,24,목
2022-02-24,9호선,양천향교,8867,9026,17893,-159,2,24,목
2022-02-24,9호선,가양,18403,17967,36370,436,2,24,목
2022-02-24,9호선,증미,6723,6701,13424,22,2,24,목
2022-02-24,9호선,등촌,10440,10336,20776,104,2,24,목
2022-02-24,9호선,염창,15668,15340,31008,328,2,24,목
2022-02-24,9호선,신목동,3657,3213,6870,444,2,24,목
2022-02-24,9호선,선유도,7809,7502,15311,307,2,24,목
2022-02-24,9호선,당산,16631,16401,33032,230,2,24,목
2022-02-24,9호선,국회의사당,15048,15258,30306,-210,2,24,목
2022-02-24,9호선,여의도,24844,23616,48460,1228,2,24,목
2022-02-24,9호선,샛강,5304,5493,10797,-189,2,24,목
2022-02-24,9호선,노량진,23389,22686,46075,703,2,24,목
2022-02-24,9호선,노들,3921,3369,7290,552,2,24,목
2022-02-24,9호선,흑석(중앙대입구),7184,7529,14713,-345,2,24,목
2022-02-24,9호선,동작(현충원),1825,1518,3343,307,2,24,목
2022-02-24,9호선,구반포,1193,1257,2450,-64,2,24,목
2022-02-24,9호선,신반포,2925,2898,5823,27,2,24,목
2022-02-24,9호선,고속터미널,10291,13409,23700,-3118,2,24,목
2022-02-24,9호선,사평,3141,3005,6146,136,2,24,목
2022-02-24,9호선,신논현,28628,28333,56961,295,2,24,목
2022-02-24,9호선2~3단계,언주,9976,10261,20237,-285,2,24,목
2022-02-24,9호선2~3단계,선정릉,8856,9642,18498,-786,2,24,목
2022-02-24,9호선2~3단계,삼성중앙,6121,6529,12650,-408,2,24,목
2022-02-24,9호선2~3단계,봉은사,15614,16053,31667,-439,2,24,목
2022-02-24,9호선2~3단계,종합운동장,3898,3802,7700,96,2,24,목
2022-02-24,9호선2~3단계,삼전,6601,6389,12990,212,2,24,목
2022-02-24,9호선2~3단계,석촌고분,5718,5761,11479,-43,2,24,목
2022-02-24,9호선2~3단계,석촌,7638,6813,14451,825,2,24,목
2022-02-24,9호선2~3단계,송파나루,4843,5004,9847,-161,2,24,목
2022-02-24,9호선2~3단계,한성백제,2424,2147,4571,277,2,24,목
2022-02-24,9호선2~3단계,올림픽공원(한국체대),5105,5053,10158,52,2,24,목
2022-02-24,9호선2~3단계,둔촌오륜,1020,970,1990,50,2,24,목
2022-02-24,9호선2~3단계,중앙보훈병원,9905,8836,18741,1069,2,24,목
2022-02-24,경강선,판교,4211,4155,8366,56,2,24,목
2022-02-24,경강선,이매,1016,839,1855,177,2,24,목
2022-02-24,경강선,삼동,2090,2004,4094,86,2,24,목
2022-02-24,경강선,경기광주,6815,6523,13338,292,2,24,목
2022-02-24,경강선,초월,2721,2673,5394,48,2,24,목
2022-02-24,경강선,곤지암,1865,1897,3762,-32,2,24,목
2022-02-24,경강선,신둔도예촌,1167,1153,2320,14,2,24,목
2022-02-24,경강선,이천,2258,2304,4562,-46,2,24,목
2022-02-24,경강선,부발,1773,1647,3420,126,2,24,목
2022-02-24,경강선,세종대왕릉,239,247,486,-8,2,24,목
2022-02-24,경강선,여주,1734,1845,3579,-111,2,24,목
2022-02-24,경부선,서울역,5343,1775,7118,3568,2,24,목
2022-02-24,경부선,남영,8225,8560,16785,-335,2,24,목
2022-02-24,경부선,용산,28675,28737,57412,-62,2,24,목
2022-02-24,경부선,노량진,6773,6962,13735,-189,2,24,목
2022-02-24,경부선,대방,11554,11973,23527,-419,2,24,목
2022-02-24,경부선,영등포,32896,33024,65920,-128,2,24,목
2022-02-24,경부선,신도림,3796,3654,7450,142,2,24,목
2022-02-24,경부선,신길,8004,6822,14826,1182,2,24,목
2022-02-24,경부선,구로,16750,17052,33802,-302,2,24,목
2022-02-24,경부선,가산디지털단지,16783,19393,36176,-2610,2,24,목
2022-02-24,경부선,금천구청,10690,10715,21405,-25,2,24,목
2022-02-24,경부선,석수,8679,7828,16507,851,2,24,목
2022-02-24,경부선,관악,6419,5957,12376,462,2,24,목
2022-02-24,경부선,안양,18936,18785,37721,151,2,24,목
2022-02-24,경부선,명학,8321,8229,16550,92,2,24,목
2022-02-24,경부선,금정,23733,24261,47994,-528,2,24,목
2022-02-24,경부선,군포,7208,7282,14490,-74,2,24,목
2022-02-24,경부선,의왕,8021,7976,15997,45,2,24,목
2022-02-24,경부선,성균관대,12561,12421,24982,140,2,24,목
2022-02-24,경부선,화서,7051,6882,13933,169,2,24,목
2022-02-24,경부선,수원,28409,30288,58697,-1879,2,24,목
2022-02-24,경부선,독산,17211,18118,35329,-907,2,24,목
2022-02-24,경부선,세류,2565,2365,4930,200,2,24,목
2022-02-24,경부선,병점,12247,12144,24391,103,2,24,목
2022-02-24,경부선,세마,2313,2182,4495,131,2,24,목
2022-02-24,경부선,오산대,2939,2694,5633,245,2,24,목
2022-02-24,경부선,오산,7999,8074,16073,-75,2,24,목
2022-02-24,경부선,진위,1363,1232,2595,131,2,24,목
2022-02-24,경부선,송탄,3670,3501,7171,169,2,24,목
2022-02-24,경부선,서정리,5626,5232,10858,394,2,24,목
2022-02-24,경부선,평택지제,2830,2815,5645,15,2,24,목
2022-02-24,경부선,평택,9466,9359,18825,107,2,24,목
2022-02-24,경부선,성환,2481,2453,4934,28,2,24,목
2022-02-24,경부선,직산,678,648,1326,30,2,24,목
2022-02-24,경부선,두정,4273,4359,8632,-86,2,24,목
2022-02-24,경부선,천안,3918,4115,8033,-197,2,24,목
2022-02-24,경부선,당정,5625,5397,11022,228,2,24,목
2022-02-24,경원선,도봉산,6816,4213,11029,2603,2,24,목
2022-02-24,경원선,도봉,5466,5384,10850,82,2,24,목
2022-02-24,경원선,방학,8625,8548,17173,77,2,24,목
2022-02-24,경원선,녹천,4191,3526,7717,665,2,24,목
2022-02-24,경원선,월계,5657,5397,11054,260,2,24,목
2022-02-24,경원선,광운대,7287,7265,14552,22,2,24,목
2022-02-24,경원선,석계,7391,8115,15506,-724,2,24,목
2022-02-24,경원선,신이문,7603,7094,14697,509,2,24,목
2022-02-24,경원선,외대앞,6579,6624,13203,-45,2,24,목
2022-02-24,경원선,청량리(서울시립대입구),13023,13153,26176,-130,2,24,목
2022-02-24,경원선,왕십리(성동구청),12396,13802,26198,-1406,2,24,목
2022-02-24,경원선,응봉,1673,1367,3040,306,2,24,목
2022-02-24,경원선,옥수,42,22,64,20,2,24,목
2022-02-24,경원선,한남,3694,3412,7106,282,2,24,목
2022-02-24,경원선,서빙고,1875,1808,3683,67,2,24,목
2022-02-24,경원선,이촌(국립중앙박물관),3114,2442,5556,672,2,24,목
2022-02-24,경부선,광명,2896,2583,5479,313,2,24,목
2022-02-24,경부선,서동탄,1221,1083,2304,138,2,24,목
2022-02-25,3호선,홍제,16218,15640,31858,578,2,25,금
2022-02-25,2호선,아현,9327,9027,18354,300,2,25,금
2022-02-25,중앙선,원덕,278,294,572,-16,2,25,금
2022-02-25,중앙선,용문,2438,2566,5004,-128,2,25,금
2022-02-25,중앙선,지평,66,64,130,2,2,25,금
2022-02-25,1호선,서울역,41491,40496,81987,995,2,25,금
2022-02-25,1호선,동묘앞,7198,7720,14918,-522,2,25,금
2022-02-25,1호선,시청,19899,20338,40237,-439,2,25,금
2022-02-25,1호선,종각,30665,29559,60224,1106,2,25,금
2022-02-25,1호선,종로3가,23849,21836,45685,2013,2,25,금
2022-02-25,1호선,종로5가,21823,21594,43417,229,2,25,금
2022-02-25,1호선,동대문,10233,9572,19805,661,2,25,금
2022-02-25,1호선,신설동,13337,12932,26269,405,2,25,금
2022-02-25,1호선,제기동,16181,16616,32797,-435,2,25,금
2022-02-25,1호선,청량리(서울시립대입구),19380,19483,38863,-103,2,25,금
2022-02-25,2호선,시청,21304,20737,42041,567,2,25,금
2022-02-25,2호선,을지로입구,34721,35705,70426,-984,2,25,금
2022-02-25,2호선,을지로3가,19940,20221,40161,-281,2,25,금
2022-02-25,2호선,을지로4가,11970,12075,24045,-105,2,25,금
2022-02-25,2호선,동대문역사문화공원(DDP),10651,11807,22458,-1156,2,25,금
2022-02-25,2호선,신당,13204,13649,26853,-445,2,25,금
2022-02-25,2호선,상왕십리,13360,13087,26447,273,2,25,금
2022-02-25,2호선,왕십리(성동구청),14891,12374,27265,2517,2,25,금
2022-02-25,2호선,한양대,6475,6910,13385,-435,2,25,금
2022-02-25,2호선,뚝섬,20585,21881,42466,-1296,2,25,금
2022-02-25,2호선,성수,35111,38305,73416,-3194,2,25,금
2022-02-25,2호선,건대입구,32633,35145,67778,-2512,2,25,금
2022-02-25,2호선,구의(광진구청),22589,22197,44786,392,2,25,금
2022-02-25,2호선,강변(동서울터미널),28180,27536,55716,644,2,25,금
2022-02-25,2호선,잠실나루,13247,12640,25887,607,2,25,금
2022-02-25,2호선,잠실(송파구청),61029,60105,121134,924,2,25,금
2022-02-25,2호선,잠실새내,19847,19822,39669,25,2,25,금
2022-02-25,2호선,종합운동장,6624,7210,13834,-586,2,25,금
2022-02-25,2호선,삼성(무역센터),48565,48562,97127,3,2,25,금
2022-02-25,2호선,선릉,51910,45918,97828,5992,2,25,금
2022-02-25,2호선,역삼,47360,52138,99498,-4778,2,25,금
2022-02-25,2호선,강남,81528,79636,161164,1892,2,25,금
2022-02-25,2호선,교대(법원.검찰청),31369,35079,66448,-3710,2,25,금
2022-02-25,2호선,서초,19477,18774,38251,703,2,25,금
2022-02-25,2호선,방배,14502,15173,29675,-671,2,25,금
2022-02-25,2호선,사당,33974,36946,70920,-2972,2,25,금
2022-02-25,2호선,낙성대(강감찬),25530,24396,49926,1134,2,25,금
2022-02-25,2호선,서울대입구(관악구청),45705,44336,90041,1369,2,25,금
2022-02-25,2호선,봉천,22452,21065,43517,1387,2,25,금
2022-02-25,2호선,신림,60347,58809,119156,1538,2,25,금
2022-02-25,2호선,신대방,24838,23976,48814,862,2,25,금
2022-02-25,2호선,구로디지털단지,55205,55226,110431,-21,2,25,금
2022-02-25,2호선,대림(구로구청),22122,22552,44674,-430,2,25,금
2022-02-25,2호선,신도림,43994,43696,87690,298,2,25,금
2022-02-25,2호선,문래,19894,20256,40150,-362,2,25,금
2022-02-25,2호선,영등포구청,21156,21700,42856,-544,2,25,금
2022-02-25,2호선,당산,16805,19337,36142,-2532,2,25,금
2022-02-25,2호선,합정,29008,30386,59394,-1378,2,25,금
2022-02-25,2호선,홍대입구,52009,54886,106895,-2877,2,25,금
2022-02-25,2호선,신촌,30743,31027,61770,-284,2,25,금
2022-02-25,2호선,이대,12442,13090,25532,-648,2,25,금
2022-02-25,2호선,충정로(경기대입구),9044,9551,18595,-507,2,25,금
2022-02-25,2호선,용답,2686,2616,5302,70,2,25,금
2022-02-25,2호선,신답,1548,1748,3296,-200,2,25,금
2022-02-25,2호선,신설동,3373,3469,6842,-96,2,25,금
2022-02-25,2호선,도림천,1211,1239,2450,-28,2,25,금
2022-02-25,2호선,양천구청,6240,6654,12894,-414,2,25,금
2022-02-25,2호선,신정네거리,9508,10006,19514,-498,2,25,금
2022-02-25,2호선,용두(동대문구청),2327,2296,4623,31,2,25,금
2022-02-25,3호선,지축,4276,3990,8266,286,2,25,금
2022-02-25,3호선,구파발,19135,18054,37189,1081,2,25,금
2022-02-25,3호선,연신내,34257,32925,67182,1332,2,25,금
2022-02-25,3호선,불광,15249,16161,31410,-912,2,25,금
2022-02-25,3호선,녹번,14215,12819,27034,1396,2,25,금
2022-02-25,3호선,무악재,3621,3582,7203,39,2,25,금
2022-02-25,3호선,독립문,6333,6497,12830,-164,2,25,금
2022-02-25,3호선,경복궁(정부서울청사),18138,18060,36198,78,2,25,금
2022-02-25,3호선,안국,17652,18238,35890,-586,2,25,금
2022-02-25,3호선,종로3가,9880,11186,21066,-1306,2,25,금
2022-02-25,3호선,을지로3가,9652,9830,19482,-178,2,25,금
2022-02-25,3호선,충무로,1,0,1,1,2,25,금
2022-02-25,3호선,동대입구,6910,7284,14194,-374,2,25,금
2022-02-25,3호선,약수,12118,11731,23849,387,2,25,금
2022-02-25,3호선,금호,7457,6980,14437,477,2,25,금
2022-02-25,3호선,옥수,8147,8473,16620,-326,2,25,금
2022-02-25,3호선,압구정,31199,33715,64914,-2516,2,25,금
2022-02-25,3호선,신사,30919,32142,63061,-1223,2,25,금
2022-02-25,3호선,잠원,4509,4357,8866,152,2,25,금
2022-02-25,3호선,고속터미널,38343,40062,78405,-1719,2,25,금
2022-02-25,3호선,교대(법원.검찰청),13332,8458,21790,4874,2,25,금
2022-02-25,3호선,남부터미널(예술의전당),28220,28723,56943,-503,2,25,금
2022-02-25,3호선,양재(서초구청),36322,38374,74696,-2052,2,25,금
2022-02-25,3호선,매봉,11473,10983,22456,490,2,25,금
2022-02-25,3호선,도곡,4935,4962,9897,-27,2,25,금
2022-02-25,3호선,대치,10968,11050,22018,-82,2,25,금
2022-02-25,3호선,학여울,2602,2725,5327,-123,2,25,금
2022-02-25,3호선,대청,9418,8762,18180,656,2,25,금
2022-02-25,3호선,일원,9123,8744,17867,379,2,25,금
2022-02-25,3호선,수서,16799,17108,33907,-309,2,25,금
2022-02-25,3호선,가락시장,8471,8334,16805,137,2,25,금
2022-02-25,3호선,경찰병원,6836,6736,13572,100,2,25,금
2022-02-25,3호선,오금,5796,5121,10917,675,2,25,금
2022-02-25,4호선,수유(강북구청),31976,32313,64289,-337,2,25,금
2022-02-25,4호선,미아(서울사이버대학),13833,13453,27286,380,2,25,금
2022-02-25,4호선,미아사거리,25587,25070,50657,517,2,25,금
2022-02-25,4호선,길음,18750,18395,37145,355,2,25,금
2022-02-25,4호선,성신여대입구(돈암),18780,17956,36736,824,2,25,금
2022-02-25,4호선,한성대입구(삼선교),12125,11664,23789,461,2,25,금
2022-02-25,4호선,혜화,30415,30010,60425,405,2,25,금
2022-02-25,4호선,동대문,17633,18360,35993,-727,2,25,금
2022-02-25,4호선,동대문역사문화공원(DDP),13553,12259,25812,1294,2,25,금
2022-02-25,4호선,충무로,23531,24539,48070,-1008,2,25,금
2022-02-25,4호선,명동,16561,17357,33918,-796,2,25,금
2022-02-25,4호선,회현(남대문시장),21148,22592,43740,-1444,2,25,금
2022-02-25,4호선,서울역,10042,15864,25906,-5822,2,25,금
2022-02-25,4호선,숙대입구(갈월),12169,12046,24215,123,2,25,금
2022-02-25,4호선,삼각지,4495,5146,9641,-651,2,25,금
2022-02-25,4호선,신용산,14841,15659,30500,-818,2,25,금
2022-02-25,4호선,이촌(국립중앙박물관),6938,7578,14516,-640,2,25,금
2022-02-25,4호선,동작(현충원),1326,1519,2845,-193,2,25,금
2022-02-25,4호선,총신대입구(이수),17918,19403,37321,-1485,2,25,금
2022-02-25,4호선,사당,23278,19239,42517,4039,2,25,금
2022-02-25,4호선,남태령,1087,853,1940,234,2,25,금
2022-02-25,4호선,당고개,11940,11056,22996,884,2,25,금
2022-02-25,4호선,상계,17408,16265,33673,1143,2,25,금
2022-02-25,4호선,노원,17653,19934,37587,-2281,2,25,금
2022-02-25,4호선,창동,24411,26115,50526,-1704,2,25,금
2022-02-25,4호선,쌍문,27349,25363,52712,1986,2,25,금
2022-02-25,5호선,방화,6171,5696,11867,475,2,25,금
2022-02-25,5호선,개화산,5271,5075,10346,196,2,25,금
2022-02-25,5호선,김포공항,7722,7178,14900,544,2,25,금
2022-02-25,5호선,송정,6335,5914,12249,421,2,25,금
2022-02-25,5호선,마곡,10002,9896,19898,106,2,25,금
2022-02-25,5호선,발산,18929,19424,38353,-495,2,25,금
2022-02-25,5호선,우장산,13055,13091,26146,-36,2,25,금
2022-02-25,5호선,화곡,26832,25172,52004,1660,2,25,금
2022-02-25,5호선,까치산,27236,26445,53681,791,2,25,금
2022-02-25,5호선,신정(은행정),13051,10530,23581,2521,2,25,금
2022-02-25,5호선,목동,15604,16782,32386,-1178,2,25,금
2022-02-25,5호선,오목교(목동운동장앞),20557,22032,42589,-1475,2,25,금
2022-02-25,5호선,양평,7117,6900,14017,217,2,25,금
2022-02-25,5호선,영등포구청,3859,3822,7681,37,2,25,금
2022-02-25,5호선,영등포시장,9779,10058,19837,-279,2,25,금
2022-02-25,5호선,신길,3829,4040,7869,-211,2,25,금
2022-02-25,5호선,여의도,26204,27143,53347,-939,2,25,금
2022-02-25,5호선,여의나루,8786,9976,18762,-1190,2,25,금
2022-02-25,5호선,마포,13328,13724,27052,-396,2,25,금
2022-02-25,5호선,공덕,12574,13232,25806,-658,2,25,금
2022-02-25,5호선,애오개,6462,6520,12982,-58,2,25,금
2022-02-25,5호선,충정로(경기대입구),4167,4222,8389,-55,2,25,금
2022-02-25,5호선,서대문,16792,17101,33893,-309,2,25,금
2022-02-25,5호선,광화문(세종문화회관),25661,26577,52238,-916,2,25,금
2022-02-25,5호선,종로3가,11661,11859,23520,-198,2,25,금
2022-02-25,5호선,을지로4가,5681,5820,11501,-139,2,25,금
2022-02-25,5호선,동대문역사문화공원(DDP),2685,3157,5842,-472,2,25,금
2022-02-25,5호선,청구,3915,3516,7431,399,2,25,금
2022-02-25,5호선,신금호,5815,6015,11830,-200,2,25,금
2022-02-25,5호선,행당,7466,6612,14078,854,2,25,금
2022-02-25,5호선,왕십리(성동구청),4353,4987,9340,-634,2,25,금
2022-02-25,5호선,마장,5133,4833,9966,300,2,25,금
2022-02-25,5호선,답십리,14925,13840,28765,1085,2,25,금
2022-02-25,5호선,장한평,17500,17444,34944,56,2,25,금
2022-02-25,5호선,군자(능동),10442,11607,22049,-1165,2,25,금
2022-02-25,5호선,아차산(어린이대공원후문),13560,13221,26781,339,2,25,금
2022-02-25,5호선,광나루(장신대),12164,10971,23135,1193,2,25,금
2022-02-25,5호선,천호(풍납토성),17290,17390,34680,-100,2,25,금
2022-02-25,5호선,강동,17319,16493,33812,826,2,25,금
2022-02-25,5호선,길동,7616,8036,15652,-420,2,25,금
2022-02-25,5호선,굽은다리(강동구민회관앞),8781,8329,17110,452,2,25,금
2022-02-25,5호선,명일,8012,8201,16213,-189,2,25,금
2022-02-25,5호선,고덕,8498,8626,17124,-128,2,25,금
2022-02-25,5호선,상일동,13949,12804,26753,1145,2,25,금
2022-02-25,5호선,둔촌동,8109,8280,16389,-171,2,25,금
2022-02-25,5호선,올림픽공원(한국체대),3831,3343,7174,488,2,25,금
2022-02-25,5호선,방이,6743,6867,13610,-124,2,25,금
2022-02-25,5호선,오금,3301,3458,6759,-157,2,25,금
2022-02-25,5호선,개롱,5952,6252,12204,-300,2,25,금
2022-02-25,5호선,거여,8910,8476,17386,434,2,25,금
2022-02-25,5호선,마천,6437,6247,12684,190,2,25,금
2022-02-25,5호선,강일,3696,3529,7225,167,2,25,금
2022-02-25,5호선,미사,14548,14672,29220,-124,2,25,금
2022-02-25,5호선,하남풍산,3932,4019,7951,-87,2,25,금
2022-02-25,5호선,하남시청(덕풍·신장),6183,5931,12114,252,2,25,금
2022-02-25,5호선,하남검단산,5037,4878,9915,159,2,25,금
2022-02-25,6호선,응암,16456,16272,32728,184,2,25,금
2022-02-25,6호선,역촌,3678,4306,7984,-628,2,25,금
2022-02-25,6호선,불광,3973,3905,7878,68,2,25,금
2022-02-25,6호선,독바위,2508,2554,5062,-46,2,25,금
2022-02-25,6호선,구산,7121,5295,12416,1826,2,25,금
2022-02-25,6호선,새절(신사),11943,11381,23324,562,2,25,금
2022-02-25,6호선,증산(명지대앞),9628,9411,19039,217,2,25,금
2022-02-25,6호선,디지털미디어시티,12348,13501,25849,-1153,2,25,금
2022-02-25,6호선,월드컵경기장(성산),3826,3934,7760,-108,2,25,금
2022-02-25,6호선,마포구청,13476,12118,25594,1358,2,25,금
2022-02-25,6호선,망원,13614,14649,28263,-1035,2,25,금
2022-02-25,6호선,합정,12328,12250,24578,78,2,25,금
2022-02-25,6호선,상수,8184,9067,17251,-883,2,25,금
2022-02-25,6호선,광흥창(서강),8321,8033,16354,288,2,25,금
2022-02-25,6호선,대흥(서강대앞),7570,7815,15385,-245,2,25,금
2022-02-25,6호선,공덕,17342,16635,33977,707,2,25,금
2022-02-25,6호선,효창공원앞,6577,6024,12601,553,2,25,금
2022-02-25,6호선,삼각지,5809,5189,10998,620,2,25,금
2022-02-25,6호선,녹사평(용산구청),4447,4456,8903,-9,2,25,금
2022-02-25,6호선,이태원,9672,10288,19960,-616,2,25,금
2022-02-25,6호선,한강진,8181,9208,17389,-1027,2,25,금
2022-02-25,6호선,버티고개,1844,1884,3728,-40,2,25,금
2022-02-25,6호선,약수,3335,3376,6711,-41,2,25,금
2022-02-25,6호선,청구,3470,3794,7264,-324,2,25,금
2022-02-25,6호선,신당,7936,8247,16183,-311,2,25,금
2022-02-25,6호선,동묘앞,7549,7448,14997,101,2,25,금
2022-02-25,6호선,창신,3094,2440,5534,654,2,25,금
2022-02-25,6호선,보문,6847,6206,13053,641,2,25,금
2022-02-25,6호선,안암(고대병원앞),11328,11076,22404,252,2,25,금
2022-02-25,6호선,고려대(종암),8396,8534,16930,-138,2,25,금
2022-02-25,6호선,월곡(동덕여대),10822,10731,21553,91,2,25,금
2022-02-25,6호선,상월곡(한국과학기술연구원),5741,5076,10817,665,2,25,금
2022-02-25,6호선,돌곶이,8802,8239,17041,563,2,25,금
2022-02-25,6호선,석계,11518,11946,23464,-428,2,25,금
2022-02-25,6호선,태릉입구,5077,5411,10488,-334,2,25,금
2022-02-25,6호선,화랑대(서울여대입구),10675,8438,19113,2237,2,25,금
2022-02-25,6호선,봉화산(서울의료원),8233,7687,15920,546,2,25,금
2022-02-25,7호선,장암,2039,784,2823,1255,2,25,금
2022-02-25,7호선,도봉산,8176,9477,17653,-1301,2,25,금
2022-02-25,7호선,수락산,11703,11516,23219,187,2,25,금
2022-02-25,7호선,마들,11983,11371,23354,612,2,25,금
2022-02-25,7호선,노원,18987,19953,38940,-966,2,25,금
2022-02-25,7호선,중계,12902,11350,24252,1552,2,25,금
2022-02-25,7호선,하계,16023,14935,30958,1088,2,25,금
2022-02-25,7호선,공릉(서울과학기술대),11858,11552,23410,306,2,25,금
2022-02-25,7호선,태릉입구,7938,7402,15340,536,2,25,금
2022-02-25,7호선,먹골,9713,9507,19220,206,2,25,금
2022-02-25,7호선,중화,10268,10019,20287,249,2,25,금
2022-02-25,7호선,상봉(시외버스터미널),15918,15236,31154,682,2,25,금
2022-02-25,7호선,면목,14442,14071,28513,371,2,25,금
2022-02-25,7호선,사가정,15316,15236,30552,80,2,25,금
2022-02-25,7호선,용마산(용마폭포공원),5658,5481,11139,177,2,25,금
2022-02-25,7호선,중곡,9799,9340,19139,459,2,25,금
2022-02-25,7호선,군자(능동),14215,11406,25621,2809,2,25,금
2022-02-25,7호선,어린이대공원(세종대),11970,11796,23766,174,2,25,금
2022-02-25,7호선,건대입구,11169,11481,22650,-312,2,25,금
2022-02-25,7호선,뚝섬유원지,7047,6809,13856,238,2,25,금
2022-02-25,7호선,청담,18050,20347,38397,-2297,2,25,금
2022-02-25,7호선,강남구청,15610,17106,32716,-1496,2,25,금
2022-02-25,7호선,학동,22265,23685,45950,-1420,2,25,금
2022-02-25,7호선,논현,19537,21240,40777,-1703,2,25,금
2022-02-25,7호선,반포,5487,5285,10772,202,2,25,금
2022-02-25,7호선,고속터미널,15363,12616,27979,2747,2,25,금
2022-02-25,7호선,내방,13604,13924,27528,-320,2,25,금
2022-02-25,7호선,이수,14815,14382,29197,433,2,25,금
2022-02-25,7호선,남성,10412,9617,20029,795,2,25,금
2022-02-25,7호선,숭실대입구(살피재),11046,11084,22130,-38,2,25,금
2022-02-25,7호선,상도,10206,9747,19953,459,2,25,금
2022-02-25,7호선,장승배기,8838,8635,17473,203,2,25,금
2022-02-25,7호선,신대방삼거리,15791,14991,30782,800,2,25,금
2022-02-25,7호선,보라매,8944,8926,17870,18,2,25,금
2022-02-25,7호선,신풍,10732,10172,20904,560,2,25,금
2022-02-25,7호선,대림(구로구청),7001,7151,14152,-150,2,25,금
2022-02-25,7호선,남구로,14992,15625,30617,-633,2,25,금
2022-02-25,7호선,가산디지털단지,42415,41901,84316,514,2,25,금
2022-02-25,7호선,철산,19437,19827,39264,-390,2,25,금
2022-02-25,7호선,광명사거리,21130,21011,42141,119,2,25,금
2022-02-25,7호선,천왕,10458,9879,20337,579,2,25,금
2022-02-25,7호선,온수(성공회대입구),9245,8666,17911,579,2,25,금
2022-02-25,7호선,신중동,1,0,1,1,2,25,금
2022-02-25,7호선,굴포천,1,0,1,1,2,25,금
2022-02-25,8호선,암사,17493,15519,33012,1974,2,25,금
2022-02-25,8호선,천호(풍납토성),13827,16313,30140,-2486,2,25,금
2022-02-25,8호선,강동구청,9904,10061,19965,-157,2,25,금
2022-02-25,8호선,몽촌토성(평화의문),5641,5649,11290,-8,2,25,금
2022-02-25,8호선,잠실(송파구청),12862,14837,27699,-1975,2,25,금
2022-02-25,8호선,석촌,7250,8426,15676,-1176,2,25,금
2022-02-25,8호선,송파,6886,6932,13818,-46,2,25,금
2022-02-25,8호선,가락시장,7330,8111,15441,-781,2,25,금
2022-02-25,8호선,문정,21000,21872,42872,-872,2,25,금
2022-02-25,8호선,장지,15785,15269,31054,516,2,25,금
2022-02-25,8호선,복정,8908,7525,16433,1383,2,25,금
2022-02-25,8호선,산성,4743,4783,9526,-40,2,25,금
2022-02-25,8호선,남한산성입구(성남법원.검찰청),12686,11573,24259,1113,2,25,금
2022-02-25,8호선,단대오거리,10017,9616,19633,401,2,25,금
2022-02-25,8호선,신흥,4009,4341,8350,-332,2,25,금
2022-02-25,8호선,수진,4983,4367,9350,616,2,25,금
2022-02-25,8호선,모란,4130,3242,7372,888,2,25,금
2022-02-25,8호선,남위례,3790,4085,7875,-295,2,25,금
2022-02-25,9호선,개화,2296,1657,3953,639,2,25,금
2022-02-25,9호선,김포공항,7671,12108,19779,-4437,2,25,금
2022-02-25,9호선,공항시장,2897,3116,6013,-219,2,25,금
2022-02-25,9호선,신방화,6361,6132,12493,229,2,25,금
2022-02-25,9호선,마곡나루(서울식물원),11196,10972,22168,224,2,25,금
2022-02-25,9호선,양천향교,8981,8976,17957,5,2,25,금
2022-02-25,9호선,가양,18880,18276,37156,604,2,25,금
2022-02-25,9호선,증미,6906,6755,13661,151,2,25,금
2022-02-25,9호선,등촌,10764,10484,21248,280,2,25,금
2022-02-25,9호선,염창,16007,15402,31409,605,2,25,금
2022-02-25,9호선,신목동,3637,3234,6871,403,2,25,금
2022-02-25,9호선,선유도,7713,7391,15104,322,2,25,금
2022-02-25,9호선,당산,17135,17030,34165,105,2,25,금
2022-02-25,9호선,국회의사당,14350,14856,29206,-506,2,25,금
2022-02-25,9호선,여의도,26138,24562,50700,1576,2,25,금
2022-02-25,9호선,샛강,5377,5488,10865,-111,2,25,금
2022-02-25,9호선,노량진,24595,23370,47965,1225,2,25,금
2022-02-25,9호선,노들,4024,3379,7403,645,2,25,금
2022-02-25,9호선,흑석(중앙대입구),7756,7957,15713,-201,2,25,금
2022-02-25,9호선,동작(현충원),1828,1504,3332,324,2,25,금
2022-02-25,9호선,구반포,1288,1375,2663,-87,2,25,금
2022-02-25,9호선,신반포,2997,3025,6022,-28,2,25,금
2022-02-25,9호선,고속터미널,11444,15732,27176,-4288,2,25,금
2022-02-25,9호선,사평,3347,3156,6503,191,2,25,금
2022-02-25,9호선,신논현,31088,31020,62108,68,2,25,금
2022-02-25,9호선2~3단계,언주,10157,10271,20428,-114,2,25,금
2022-02-25,9호선2~3단계,선정릉,9114,9642,18756,-528,2,25,금
2022-02-25,9호선2~3단계,삼성중앙,6262,6450,12712,-188,2,25,금
2022-02-25,9호선2~3단계,봉은사,16018,16289,32307,-271,2,25,금
2022-02-25,9호선2~3단계,종합운동장,3925,3998,7923,-73,2,25,금
2022-02-25,9호선2~3단계,삼전,6699,6331,13030,368,2,25,금
2022-02-25,9호선2~3단계,석촌고분,5773,5640,11413,133,2,25,금
2022-02-25,9호선2~3단계,석촌,7878,7097,14975,781,2,25,금
2022-02-25,9호선2~3단계,송파나루,4934,5159,10093,-225,2,25,금
2022-02-25,9호선2~3단계,한성백제,2342,2180,4522,162,2,25,금
2022-02-25,9호선2~3단계,올림픽공원(한국체대),5366,5313,10679,53,2,25,금
2022-02-25,9호선2~3단계,둔촌오륜,931,905,1836,26,2,25,금
2022-02-25,9호선2~3단계,중앙보훈병원,9597,8504,18101,1093,2,25,금
2022-02-25,경강선,판교,4371,4298,8669,73,2,25,금
2022-02-25,경강선,이매,951,876,1827,75,2,25,금
2022-02-25,경강선,삼동,2214,2047,4261,167,2,25,금
2022-02-25,경강선,경기광주,7008,6688,13696,320,2,25,금
2022-02-25,경강선,초월,2953,2697,5650,256,2,25,금
2022-02-25,경강선,곤지암,2146,2030,4176,116,2,25,금
2022-02-25,경강선,신둔도예촌,1313,1271,2584,42,2,25,금
2022-02-25,경강선,이천,2516,2538,5054,-22,2,25,금
2022-02-25,경강선,부발,2461,1908,4369,553,2,25,금
2022-02-25,경강선,세종대왕릉,272,271,543,1,2,25,금
2022-02-25,경강선,여주,1965,2011,3976,-46,2,25,금
2022-02-25,경부선,서울역,7073,2446,9519,4627,2,25,금
2022-02-25,경부선,남영,8338,8780,17118,-442,2,25,금
2022-02-25,경부선,용산,32893,33519,66412,-626,2,25,금
2022-02-25,경부선,노량진,7529,7658,15187,-129,2,25,금
2022-02-25,경부선,대방,11935,12247,24182,-312,2,25,금
2022-02-25,경부선,영등포,36251,37832,74083,-1581,2,25,금
2022-02-25,경부선,신도림,3827,3769,7596,58,2,25,금
2022-02-25,경부선,신길,8398,6878,15276,1520,2,25,금
2022-02-25,경부선,구로,17074,17779,34853,-705,2,25,금
2022-02-25,경부선,가산디지털단지,17081,19473,36554,-2392,2,25,금
2022-02-25,경부선,금천구청,11017,11182,22199,-165,2,25,금
2022-02-25,경부선,석수,8945,8066,17011,879,2,25,금
2022-02-25,경부선,관악,6544,6212,12756,332,2,25,금
2022-02-25,경부선,안양,19601,19838,39439,-237,2,25,금
2022-02-25,경부선,명학,8268,8099,16367,169,2,25,금
2022-02-25,경부선,금정,25204,25343,50547,-139,2,25,금
2022-02-25,경부선,군포,7467,7367,14834,100,2,25,금
2022-02-25,경부선,의왕,8471,8310,16781,161,2,25,금
2022-02-25,경부선,성균관대,13525,12827,26352,698,2,25,금
2022-02-25,경부선,화서,7056,7094,14150,-38,2,25,금
2022-02-25,경부선,수원,31472,34044,65516,-2572,2,25,금
2022-02-25,경부선,독산,17492,17811,35303,-319,2,25,금
2022-02-25,경부선,세류,2751,2568,5319,183,2,25,금
2022-02-25,경부선,병점,13469,13028,26497,441,2,25,금
2022-02-25,경부선,세마,2552,2352,4904,200,2,25,금
2022-02-25,경부선,오산대,3118,2839,5957,279,2,25,금
2022-02-25,경부선,오산,9087,8890,17977,197,2,25,금
2022-02-25,경부선,진위,1684,1365,3049,319,2,25,금
2022-02-25,경부선,송탄,4201,3939,8140,262,2,25,금
2022-02-25,경부선,서정리,7008,5674,12682,1334,2,25,금
2022-02-25,경부선,평택지제,3487,3279,6766,208,2,25,금
2022-02-25,경부선,평택,11230,10740,21970,490,2,25,금
2022-02-25,경부선,성환,2923,2697,5620,226,2,25,금
2022-02-25,경부선,직산,787,731,1518,56,2,25,금
2022-02-25,경부선,두정,5117,4941,10058,176,2,25,금
2022-02-25,경부선,천안,4598,4846,9444,-248,2,25,금
2022-02-25,경부선,당정,5693,5423,11116,270,2,25,금
2022-02-25,경부선,서동탄,1299,1130,2429,169,2,25,금
2022-02-25,경부선,광명,3253,3079,6332,174,2,25,금
2022-02-25,경원선,이촌(국립중앙박물관),3301,2579,5880,722,2,25,금
2022-02-25,경원선,서빙고,1954,1910,3864,44,2,25,금
2022-02-25,경원선,한남,3777,3541,7318,236,2,25,금
2022-02-25,경원선,옥수,40,26,66,14,2,25,금
2022-02-25,경원선,응봉,1708,1442,3150,266,2,25,금
2022-02-25,경원선,왕십리(성동구청),12976,14650,27626,-1674,2,25,금
2022-02-25,경원선,청량리(서울시립대입구),15278,15861,31139,-583,2,25,금
2022-02-25,경원선,외대앞,6984,7046,14030,-62,2,25,금
2022-02-25,경원선,신이문,7912,7246,15158,666,2,25,금
2022-02-25,경원선,석계,7780,8534,16314,-754,2,25,금
2022-02-25,경원선,광운대,7294,7047,14341,247,2,25,금
2022-02-25,경원선,월계,5881,5613,11494,268,2,25,금
2022-02-25,경원선,녹천,4264,3587,7851,677,2,25,금
2022-02-25,경원선,창동,1,0,1,1,2,25,금
2022-02-25,경원선,방학,9145,9045,18190,100,2,25,금
2022-02-25,경원선,도봉,5596,5327,10923,269,2,25,금
2022-02-25,경원선,도봉산,7115,4540,11655,2575,2,25,금
2022-02-25,경원선,망월사,6953,7085,14038,-132,2,25,금
2022-02-25,경원선,회룡,11766,11567,23333,199,2,25,금
2022-02-25,경원선,의정부,17598,18270,35868,-672,2,25,금
2022-02-25,경원선,가능,6141,6021,12162,120,2,25,금
2022-02-25,경원선,녹양,4261,3969,8230,292,2,25,금
2022-02-25,경원선,양주,7227,6643,13870,584,2,25,금
2022-02-25,경원선,덕계,2890,2641,5531,249,2,25,금
2022-02-25,경원선,덕정,5082,4836,9918,246,2,25,금
2022-02-25,경원선,지행,5912,5894,11806,18,2,25,금
2022-02-25,경원선,동두천중앙,2995,2971,5966,24,2,25,금
2022-02-25,경원선,보산,1438,1290,2728,148,2,25,금
2022-02-25,경원선,동두천,1930,2102,4032,-172,2,25,금
2022-02-25,경원선,소요산,2329,1954,4283,375,2,25,금
2022-02-25,경의선,서울역,3806,4971,8777,-1165,2,25,금
2022-02-25,경의선,신촌,740,901,1641,-161,2,25,금
2022-02-25,경의선,효창공원앞,2753,3168,5921,-415,2,25,금
2022-02-25,경의선,공덕,3230,2917,6147,313,2,25,금
2022-02-25,경의선,서강대,1939,1943,3882,-4,2,25,금
2022-02-25,경의선,홍대입구,1637,1916,3553,-279,2,25,금
2022-02-25,경의선,가좌,4950,4815,9765,135,2,25,금
2022-02-25,경의선,디지털미디어시티,2337,2193,4530,144,2,25,금
2022-02-25,경의선,수색,2785,2762,5547,23,2,25,금
2022-02-25,경의선,화전,1396,1300,2696,96,2,25,금
2022-02-25,경의선,강매,2879,2494,5373,385,2,25,금
2022-02-25,경의선,행신,7102,7364,14466,-262,2,25,금
2022-02-25,경의선,능곡,3476,3238,6714,238,2,25,금
2022-02-25,경의선,곡산,577,545,1122,32,2,25,금
2022-02-25,경의선,백마,6365,6277,12642,88,2,25,금
2022-02-25,경의선,풍산,5111,4894,10005,217,2,25,금
2022-02-25,경의선,일산,8321,8338,16659,-17,2,25,금
2022-02-25,경의선,탄현,7008,6908,13916,100,2,25,금
2022-02-25,경의선,야당,6830,6652,13482,178,2,25,금
2022-02-25,경의선,운정,6262,5855,12117,407,2,25,금
2022-02-25,경의선,금릉,4367,4290,8657,77,2,25,금
2022-02-25,경의선,금촌,6040,5884,11924,156,2,25,금
2022-02-25,경의선,월롱,2498,1944,4442,554,2,25,금
2022-02-25,경의선,파주,956,702,1658,254,2,25,금
2022-02-25,경의선,문산,4609,4513,9122,96,2,25,금
2022-02-25,경의선,임진강,3,3,6,0,2,25,금
2022-02-25,경인선,개봉,19925,19771,39696,154,2,25,금
2022-02-25,경인선,오류동,10902,10129,21031,773,2,25,금
2022-02-25,경인선,역곡,24731,24764,49495,-33,2,25,금
2022-02-25,경인선,부천,30553,31110,61663,-557,2,25,금
2022-02-25,경인선,송내,24314,24137,48451,177,2,25,금
2022-02-25,경인선,부평,27380,29331,56711,-1951,2,25,금
2022-02-25,경인선,백운,6418,6344,12762,74,2,25,금
2022-02-25,경인선,동암,13569,13661,27230,-92,2,25,금
2022-02-25,경인선,주안,17246,15669,32915,1577,2,25,금
2022-02-25,경인선,제물포,9458,9072,18530,386,2,25,금
2022-02-25,경인선,동인천,12685,12102,24787,583,2,25,금
2022-02-25,경인선,인천,3167,2530,5697,637,2,25,금
2022-02-25,경인선,구일,5519,5468,10987,51,2,25,금
2022-02-25,경인선,소사,7767,7507,15274,260,2,25,금
2022-02-25,경인선,부개,7974,7392,15366,582,2,25,금
2022-02-25,경인선,간석,5417,5174,10591,243,2,25,금
2022-02-25,경인선,도원,2334,2448,4782,-114,2,25,금
2022-02-25,경인선,온수(성공회대입구),5940,5670,11610,270,2,25,금
2022-02-25,경인선,중동,8763,8174,16937,589,2,25,금
2022-02-25,경인선,도화,3849,3557,7406,292,2,25,금
2022-02-25,경춘선,신내,1909,1748,3657,161,2,25,금
2022-02-25,경춘선,갈매,2798,2493,5291,305,2,25,금
2022-02-25,경춘선,별내,3089,2942,6031,147,2,25,금
2022-02-25,경춘선,퇴계원,3251,3065,6316,186,2,25,금
2022-02-25,경춘선,사릉,2936,2916,5852,20,2,25,금
2022-02-25,경춘선,금곡,1316,1236,2552,80,2,25,금
2022-02-25,경춘선,평내호평,5591,5555,11146,36,2,25,금
2022-02-25,경춘선,천마산,1579,1486,3065,93,2,25,금
2022-02-25,경춘선,마석,3424,3418,6842,6,2,25,금
2022-02-25,경춘선,대성리,450,387,837,63,2,25,금
2022-02-25,경춘선,청평,1527,1454,2981,73,2,25,금
2022-02-25,경춘선,상천,231,211,442,20,2,25,금
2022-02-25,경춘선,가평,1468,1524,2992,-56,2,25,금
2022-02-25,경춘선,굴봉산,91,135,226,-44,2,25,금
2022-02-25,경춘선,백양리,291,308,599,-17,2,25,금
2022-02-25,경춘선,강촌,309,307,616,2,2,25,금
2022-02-25,경춘선,김유정,271,296,567,-25,2,25,금
2022-02-25,경춘선,남춘천,2078,2200,4278,-122,2,25,금
2022-02-25,경춘선,춘천,1165,1086,2251,79,2,25,금
2022-02-25,공항철도 1호선,서울역,7901,7542,15443,359,2,25,금
2022-02-25,공항철도 1호선,공덕,2058,2754,4812,-696,2,25,금
2022-02-25,공항철도 1호선,홍대입구,9456,9620,19076,-164,2,25,금
2022-02-25,공항철도 1호선,디지털미디어시티,12865,11402,24267,1463,2,25,금
2022-02-25,공항철도 1호선,마곡나루(서울식물원),7377,6975,14352,402,2,25,금
2022-02-25,공항철도 1호선,김포공항,13627,6803,20430,6824,2,25,금
2022-02-25,공항철도 1호선,계양,9244,8684,17928,560,2,25,금
2022-02-25,공항철도 1호선,검암,6188,6174,12362,14,2,25,금
2022-02-25,공항철도 1호선,청라국제도시,6180,5776,11956,404,2,25,금
2022-02-25,공항철도 1호선,운서,6300,6261,12561,39,2,25,금
2022-02-25,공항철도 1호선,공항화물청사,2169,2364,4533,-195,2,25,금
2022-02-25,공항철도 1호선,인천공항1터미널,3447,3916,7363,-469,2,25,금
2022-02-25,공항철도 1호선,인천공항2터미널,1923,1899,3822,24,2,25,금
2022-02-25,공항철도 1호선,영종,2819,2965,5784,-146,2,25,금
2022-02-25,과천선,선바위,7556,6615,14171,941,2,25,금
2022-02-25,과천선,경마공원,5334,5430,10764,-96,2,25,금
2022-02-25,과천선,대공원,2510,2598,5108,-88,2,25,금
2022-02-25,과천선,과천,5872,5618,11490,254,2,25,금
2022-02-25,과천선,정부과천청사,9626,9598,19224,28,2,25,금
2022-02-25,과천선,인덕원,22892,23841,46733,-949,2,25,금
2022-02-25,과천선,평촌,16395,16027,32422,368,2,25,금
2022-02-25,과천선,범계,24117,24126,48243,-9,2,25,금
2022-02-25,분당선,선릉,12494,18497,30991,-6003,2,25,금
2022-02-25,분당선,한티,14050,15040,29090,-990,2,25,금
2022-02-25,분당선,도곡,6610,6270,12880,340,2,25,금
2022-02-25,분당선,구룡,1732,1697,3429,35,2,25,금
2022-02-25,분당선,개포동,3411,3645,7056,-234,2,25,금
2022-02-25,분당선,대모산입구,4117,3856,7973,261,2,25,금
2022-02-25,분당선,수서,13460,14313,27773,-853,2,25,금
2022-02-25,분당선,복정,6,0,6,6,2,25,금
2022-02-25,분당선,수원,7689,6560,14249,1129,2,25,금
2022-02-25,분당선,서울숲,9363,9488,18851,-125,2,25,금
2022-02-25,분당선,압구정로데오,19948,22109,42057,-2161,2,25,금
2022-02-25,분당선,강남구청,9811,11047,20858,-1236,2,25,금
2022-02-25,분당선,선정릉,7531,8013,15544,-482,2,25,금
2022-02-25,분당선,가천대,6285,6881,13166,-596,2,25,금
2022-02-25,분당선,태평,12825,12476,25301,349,2,25,금
2022-02-25,분당선,모란,18819,18954,37773,-135,2,25,금
2022-02-25,분당선,야탑,24414,25740,50154,-1326,2,25,금
2022-02-25,분당선,서현,23937,24224,48161,-287,2,25,금
2022-02-25,분당선,수내,12898,12741,25639,157,2,25,금
2022-02-25,분당선,정자,16027,17037,33064,-1010,2,25,금
2022-02-25,분당선,미금,14755,15622,30377,-867,2,25,금
2022-02-25,분당선,오리,11066,9053,20119,2013,2,25,금
2022-02-25,분당선,이매,5038,4898,9936,140,2,25,금
2022-02-25,분당선,보정,2142,1933,4075,209,2,25,금
2022-02-25,분당선,죽전,12512,13310,25822,-798,2,25,금
2022-02-25,분당선,구성,4591,4849,9440,-258,2,25,금
2022-02-25,분당선,신갈,4159,4188,8347,-29,2,25,금
2022-02-25,분당선,기흥,8848,8413,17261,435,2,25,금
2022-02-25,분당선,상갈,4933,4720,9653,213,2,25,금
2022-02-25,분당선,청명,3886,3856,7742,30,2,25,금
2022-02-25,분당선,영통,8052,8049,16101,3,2,25,금
2022-02-25,분당선,망포,13618,12667,26285,951,2,25,금
2022-02-25,분당선,매탄권선,4614,4364,8978,250,2,25,금
2022-02-25,분당선,수원시청,12216,13319,25535,-1103,2,25,금
2022-02-25,분당선,매교,2887,2931,5818,-44,2,25,금
2022-02-25,수인선,고색,4616,4227,8843,389,2,25,금
2022-02-25,수인선,오목천,2636,2416,5052,220,2,25,금
2022-02-25,수인선,어천,739,680,1419,59,2,25,금
2022-02-25,수인선,야목,362,276,638,86,2,25,금
2022-02-25,수인선,사리,4379,3743,8122,636,2,25,금
2022-02-25,수인선,달월,98,63,161,35,2,25,금
2022-02-25,수인선,월곶,2469,2291,4760,178,2,25,금
2022-02-25,수인선,소래포구,4354,4144,8498,210,2,25,금
2022-02-25,수인선,인천논현,5161,5540,10701,-379,2,25,금
2022-02-25,수인선,호구포,3872,3937,7809,-65,2,25,금
2022-02-25,수인선,남동인더스파크,2199,2440,4639,-241,2,25,금
2022-02-25,수인선,원인재,4079,4272,8351,-193,2,25,금
2022-02-25,수인선,연수,4145,4189,8334,-44,2,25,금
2022-02-25,수인선,송도,2204,2086,4290,118,2,25,금
2022-02-25,수인선,인하대,5294,5021,10315,273,2,25,금
2022-02-25,수인선,숭의,3674,3387,7061,287,2,25,금
2022-02-25,수인선,신포,1590,1642,3232,-52,2,25,금
2022-02-25,수인선,인천,1045,1612,2657,-567,2,25,금
2022-02-25,안산선,산본,14825,16100,30925,-1275,2,25,금
2022-02-25,안산선,대야미,4725,4176,8901,549,2,25,금
2022-02-25,안산선,반월,3987,3773,7760,214,2,25,금
2022-02-25,안산선,상록수,14500,15067,29567,-567,2,25,금
2022-02-25,안산선,한대앞,8155,8247,16402,-92,2,25,금
2022-02-25,안산선,중앙,16499,17220,33719,-721,2,25,금
2022-02-25,안산선,고잔,8094,7708,15802,386,2,25,금
2022-02-25,안산선,초지,4120,4383,8503,-263,2,25,금
2022-02-25,안산선,안산,10780,9965,20745,815,2,25,금
2022-02-25,안산선,신길온천,1512,1395,2907,117,2,25,금
2022-02-25,안산선,정왕,7478,7616,15094,-138,2,25,금
2022-02-25,안산선,오이도,7662,7516,15178,146,2,25,금
2022-02-25,안산선,수리산,3869,3090,6959,779,2,25,금
2022-02-25,우이신설선,북한산우이,2415,2113,4528,302,2,25,금
2022-02-25,우이신설선,솔밭공원,2309,2185,4494,124,2,25,금
2022-02-25,우이신설선,4.19민주묘지,2704,2592,5296,112,2,25,금
2022-02-25,우이신설선,가오리,3919,3922,7841,-3,2,25,금
2022-02-25,우이신설선,화계,3317,3098,6415,219,2,25,금
2022-02-25,우이신설선,삼양,2025,2177,4202,-152,2,25,금
2022-02-25,우이신설선,삼양사거리,2416,2385,4801,31,2,25,금
2022-02-25,우이신설선,솔샘,5399,4999,10398,400,2,25,금
2022-02-25,우이신설선,북한산보국문,5622,5430,11052,192,2,25,금
2022-02-25,우이신설선,정릉,4289,3911,8200,378,2,25,금
2022-02-25,우이신설선,성신여대입구(돈암),3251,3564,6815,-313,2,25,금
2022-02-25,우이신설선,보문,1365,1412,2777,-47,2,25,금
2022-02-25,우이신설선,신설동,2078,2030,4108,48,2,25,금
2022-02-25,일산선,원흥,9875,9511,19386,364,2,25,금
2022-02-25,일산선,삼송,17979,17490,35469,489,2,25,금
2022-02-25,일산선,원당,10164,9759,19923,405,2,25,금
2022-02-25,일산선,화정,15922,16361,32283,-439,2,25,금
2022-02-25,일산선,대곡,1814,1400,3214,414,2,25,금
2022-02-25,일산선,백석,9210,9297,18507,-87,2,25,금
2022-02-25,일산선,마두,7095,7179,14274,-84,2,25,금
2022-02-25,일산선,정발산,7230,7346,14576,-116,2,25,금
2022-02-25,일산선,주엽,8299,8375,16674,-76,2,25,금
2022-02-25,일산선,대화,11351,9309,20660,2042,2,25,금
2022-02-25,장항선,봉명,1065,1008,2073,57,2,25,금
2022-02-25,장항선,쌍용(나사렛대),1671,1494,3165,177,2,25,금
2022-02-25,장항선,아산,2857,2898,5755,-41,2,25,금
2022-02-25,장항선,탕정,588,540,1128,48,2,25,금
2022-02-25,장항선,배방,955,943,1898,12,2,25,금
2022-02-25,장항선,온양온천,3281,3376,6657,-95,2,25,금
2022-02-25,장항선,신창(순천향대),1172,1073,2245,99,2,25,금
2022-02-25,중앙선,회기,22343,21479,43822,864,2,25,금
2022-02-25,중앙선,중랑,5273,4985,10258,288,2,25,금
2022-02-25,중앙선,상봉(시외버스터미널),5547,5421,10968,126,2,25,금
2022-02-25,중앙선,망우,7213,7256,14469,-43,2,25,금
2022-02-25,중앙선,양원,2190,2082,4272,108,2,25,금
2022-02-25,중앙선,구리,12431,12813,25244,-382,2,25,금
2022-02-25,중앙선,도농,9624,8876,18500,748,2,25,금
2022-02-25,중앙선,양정,653,536,1189,117,2,25,금
2022-02-25,중앙선,덕소,5090,5211,10301,-121,2,25,금
2022-02-25,중앙선,도심,2112,1643,3755,469,2,25,금
2022-02-25,중앙선,팔당,748,844,1592,-96,2,25,금
2022-02-25,중앙선,운길산,637,540,1177,97,2,25,금
2022-02-25,중앙선,양수,1577,1596,3173,-19,2,25,금
2022-02-25,중앙선,신원,171,177,348,-6,2,25,금
2022-02-25,중앙선,국수,586,568,1154,18,2,25,금
2022-02-25,중앙선,아신,464,472,936,-8,2,25,금
2022-02-25,중앙선,오빈,279,291,570,-12,2,25,금
2022-02-25,중앙선,양평,2377,2486,4863,-109,2,25,금
2022-02-26,3호선,수서,11261,11696,22957,-435,2,26,토
2022-02-26,3호선,가락시장,5107,4870,9977,237,2,26,토
2022-02-26,3호선,경찰병원,3549,3414,6963,135,2,26,토
2022-02-26,3호선,오금,3252,2985,6237,267,2,26,토
2022-02-26,4호선,수유(강북구청),23034,22724,45758,310,2,26,토
2022-02-26,4호선,미아(서울사이버대학),9148,8900,18048,248,2,26,토
2022-02-26,4호선,미아사거리,19220,18548,37768,672,2,26,토
2022-02-26,4호선,길음,12168,11652,23820,516,2,26,토
2022-02-26,4호선,성신여대입구(돈암),13986,13237,27223,749,2,26,토
2022-02-26,4호선,한성대입구(삼선교),8673,8582,17255,91,2,26,토
2022-02-26,4호선,혜화,22269,22459,44728,-190,2,26,토
2022-02-26,4호선,동대문,10640,10741,21381,-101,2,26,토
2022-02-26,4호선,동대문역사문화공원(DDP),9203,7843,17046,1360,2,26,토
2022-02-26,4호선,충무로,10209,10788,20997,-579,2,26,토
2022-02-26,4호선,명동,10314,11676,21990,-1362,2,26,토
2022-02-26,4호선,회현(남대문시장),14167,14984,29151,-817,2,26,토
2022-02-26,4호선,서울역,4564,10430,14994,-5866,2,26,토
2022-02-26,4호선,숙대입구(갈월),8070,7672,15742,398,2,26,토
2022-02-26,4호선,삼각지,2949,3683,6632,-734,2,26,토
2022-02-26,4호선,신용산,8375,9258,17633,-883,2,26,토
2022-02-26,4호선,이촌(국립중앙박물관),5482,5822,11304,-340,2,26,토
2022-02-26,4호선,동작(현충원),978,1098,2076,-120,2,26,토
2022-02-26,4호선,총신대입구(이수),12055,13134,25189,-1079,2,26,토
2022-02-26,4호선,사당,17491,15025,32516,2466,2,26,토
2022-02-26,4호선,남태령,799,590,1389,209,2,26,토
2022-02-26,4호선,당고개,8052,7750,15802,302,2,26,토
2022-02-26,4호선,상계,12011,11257,23268,754,2,26,토
2022-02-26,4호선,노원,13622,14713,28335,-1091,2,26,토
2022-02-26,4호선,창동,17873,18633,36506,-760,2,26,토
2022-02-26,4호선,쌍문,18216,16763,34979,1453,2,26,토
2022-02-26,5호선,방화,3972,3926,7898,46,2,26,토
2022-02-26,5호선,개화산,3258,3195,6453,63,2,26,토
2022-02-26,5호선,김포공항,6634,6958,13592,-324,2,26,토
2022-02-26,5호선,송정,4351,4342,8693,9,2,26,토
2022-02-26,5호선,마곡,4828,4734,9562,94,2,26,토
2022-02-26,5호선,발산,11949,12455,24404,-506,2,26,토
2022-02-26,5호선,우장산,8534,8451,16985,83,2,26,토
2022-02-26,5호선,화곡,17339,16241,33580,1098,2,26,토
2022-02-26,5호선,까치산,18414,17919,36333,495,2,26,토
2022-02-26,5호선,신정(은행정),8012,6926,14938,1086,2,26,토
2022-02-26,5호선,목동,9856,9928,19784,-72,2,26,토
2022-02-26,5호선,오목교(목동운동장앞),14767,15115,29882,-348,2,26,토
2022-02-26,5호선,양평,3213,3010,6223,203,2,26,토
2022-02-26,5호선,영등포구청,1625,1670,3295,-45,2,26,토
2022-02-26,5호선,충정로(경기대입구),1670,1545,3215,125,2,26,토
2022-02-26,5호선,애오개,3138,3108,6246,30,2,26,토
2022-02-26,5호선,공덕,5928,6199,12127,-271,2,26,토
2022-02-26,5호선,마포,6479,6587,13066,-108,2,26,토
2022-02-26,5호선,여의나루,5318,7407,12725,-2089,2,26,토
2022-02-26,5호선,여의도,10877,10681,21558,196,2,26,토
2022-02-26,2호선,합정,22943,24166,47109,-1223,2,26,토
2022-02-26,2호선,당산,10332,11341,21673,-1009,2,26,토
2022-02-26,2호선,영등포구청,11575,11718,23293,-143,2,26,토
2022-02-26,2호선,문래,10598,11129,21727,-531,2,26,토
2022-02-26,2호선,신도림,34855,34940,69795,-85,2,26,토
2022-02-26,2호선,대림(구로구청),15179,16218,31397,-1039,2,26,토
2022-02-26,2호선,구로디지털단지,29237,28823,58060,414,2,26,토
2022-02-26,2호선,신대방,17429,16835,34264,594,2,26,토
2022-02-26,2호선,신림,44630,42885,87515,1745,2,26,토
2022-02-26,2호선,봉천,14936,13855,28791,1081,2,26,토
2022-02-26,2호선,서울대입구(관악구청),32941,32235,65176,706,2,26,토
2022-02-26,2호선,낙성대(강감찬),18240,16874,35114,1366,2,26,토
2022-02-26,2호선,사당,25301,27660,52961,-2359,2,26,토
2022-02-26,2호선,방배,8306,8493,16799,-187,2,26,토
2022-02-26,2호선,서초,9197,8036,17233,1161,2,26,토
2022-02-26,2호선,교대(법원.검찰청),14605,16413,31018,-1808,2,26,토
2022-02-26,2호선,강남,53607,51737,105344,1870,2,26,토
2022-02-26,2호선,역삼,17228,18756,35984,-1528,2,26,토
2022-02-26,2호선,선릉,21019,18497,39516,2522,2,26,토
2022-02-26,2호선,삼성(무역센터),28165,27852,56017,313,2,26,토
2022-02-26,2호선,종합운동장,4211,4623,8834,-412,2,26,토
2022-02-26,2호선,잠실새내,13922,14536,28458,-614,2,26,토
2022-02-26,2호선,잠실(송파구청),50751,48389,99140,2362,2,26,토
2022-02-26,2호선,잠실나루,6177,6092,12269,85,2,26,토
2022-02-26,2호선,강변(동서울터미널),21259,21534,42793,-275,2,26,토
2022-02-26,2호선,구의(광진구청),14236,14070,28306,166,2,26,토
2022-02-26,2호선,건대입구,28012,29293,57305,-1281,2,26,토
2022-02-26,2호선,성수,16623,18277,34900,-1654,2,26,토
2022-02-26,2호선,신당,9655,10219,19874,-564,2,26,토
2022-02-26,6호선,상수,7093,8171,15264,-1078,2,26,토
2022-02-26,7호선,천왕,5675,5557,11232,118,2,26,토
2022-02-26,우이신설선,정릉,3139,2577,5716,562,2,26,토
2022-02-26,우이신설선,성신여대입구(돈암),2412,2723,5135,-311,2,26,토
2022-02-26,우이신설선,보문,979,980,1959,-1,2,26,토
2022-02-26,우이신설선,신설동,1301,1287,2588,14,2,26,토
2022-02-26,일산선,원흥,6087,5916,12003,171,2,26,토
2022-02-26,일산선,삼송,11724,11644,23368,80,2,26,토
2022-02-26,일산선,원당,6707,6445,13152,262,2,26,토
2022-02-26,일산선,화정,10850,11356,22206,-506,2,26,토
2022-02-26,일산선,대곡,1067,835,1902,232,2,26,토
2022-02-26,일산선,백석,6335,6344,12679,-9,2,26,토
2022-02-26,일산선,마두,4175,4293,8468,-118,2,26,토
2022-02-26,일산선,정발산,5903,6025,11928,-122,2,26,토
2022-02-26,일산선,주엽,5474,5494,10968,-20,2,26,토
2022-02-26,일산선,대화,6939,6568,13507,371,2,26,토
2022-02-26,장항선,봉명,667,584,1251,83,2,26,토
2022-02-26,장항선,쌍용(나사렛대),1292,1145,2437,147,2,26,토
2022-02-26,장항선,아산,2335,2205,4540,130,2,26,토
2022-02-26,장항선,탕정,432,392,824,40,2,26,토
2022-02-26,장항선,배방,847,737,1584,110,2,26,토
2022-02-26,장항선,온양온천,2983,3059,6042,-76,2,26,토
2022-02-26,장항선,신창(순천향대),843,947,1790,-104,2,26,토
2022-02-26,중앙선,회기,16953,16287,33240,666,2,26,토
2022-02-26,중앙선,중랑,3661,3606,7267,55,2,26,토
2022-02-26,중앙선,상봉(시외버스터미널),4083,4097,8180,-14,2,26,토
2022-02-26,중앙선,망우,5249,5396,10645,-147,2,26,토
2022-02-26,중앙선,양원,1449,1393,2842,56,2,26,토
2022-02-26,중앙선,구리,8259,8484,16743,-225,2,26,토
2022-02-26,중앙선,도농,5670,5508,11178,162,2,26,토
2022-02-26,중앙선,양정,435,381,816,54,2,26,토
2022-02-26,중앙선,덕소,3695,3710,7405,-15,2,26,토
2022-02-26,중앙선,도심,1177,1007,2184,170,2,26,토
2022-02-26,중앙선,팔당,916,974,1890,-58,2,26,토
2022-02-26,중앙선,운길산,697,667,1364,30,2,26,토
2022-02-26,중앙선,양수,1376,1418,2794,-42,2,26,토
2022-02-26,중앙선,신원,183,154,337,29,2,26,토
2022-02-26,중앙선,국수,441,477,918,-36,2,26,토
2022-02-26,중앙선,아신,368,384,752,-16,2,26,토
2022-02-26,중앙선,오빈,181,189,370,-8,2,26,토
2022-02-26,중앙선,양평,1945,2076,4021,-131,2,26,토
2022-02-26,중앙선,원덕,241,255,496,-14,2,26,토
2022-02-26,중앙선,용문,1321,1463,2784,-142,2,26,토
2022-02-26,중앙선,지평,28,36,64,-8,2,26,토
2022-02-26,3호선,매봉,5322,5104,10426,218,2,26,토
2022-02-26,2호선,홍대입구,51026,52844,103870,-1818,2,26,토
2022-02-26,2호선,신촌,24896,24965,49861,-69,2,26,토
2022-02-26,2호선,이대,8786,9305,18091,-519,2,26,토
2022-02-26,2호선,아현,6272,6011,12283,261,2,26,토
2022-02-26,2호선,충정로(경기대입구),5048,5492,10540,-444,2,26,토
2022-02-26,2호선,용답,1740,1784,3524,-44,2,26,토
2022-02-26,2호선,신답,853,918,1771,-65,2,26,토
2022-02-26,2호선,신설동,3157,3096,6253,61,2,26,토
2022-02-26,2호선,도림천,696,755,1451,-59,2,26,토
2022-02-26,2호선,양천구청,3876,3879,7755,-3,2,26,토
2022-02-26,2호선,신정네거리,6358,6367,12725,-9,2,26,토
2022-02-26,2호선,용두(동대문구청),1432,1442,2874,-10,2,26,토
2022-02-26,3호선,지축,2582,2382,4964,200,2,26,토
2022-02-26,3호선,구파발,12097,12104,24201,-7,2,26,토
2022-02-26,3호선,연신내,24862,23406,48268,1456,2,26,토
2022-02-26,3호선,불광,10823,12187,23010,-1364,2,26,토
2022-02-26,3호선,녹번,8785,7871,16656,914,2,26,토
2022-02-26,3호선,홍제,11187,10777,21964,410,2,26,토
2022-02-26,3호선,무악재,2222,2376,4598,-154,2,26,토
2022-02-26,3호선,독립문,4902,5018,9920,-116,2,26,토
2022-02-26,3호선,경복궁(정부서울청사),11944,12207,24151,-263,2,26,토
2022-02-26,3호선,안국,11321,12057,23378,-736,2,26,토
2022-02-26,3호선,종로3가,4917,6588,11505,-1671,2,26,토
2022-02-26,3호선,을지로3가,4202,4325,8527,-123,2,26,토
2022-02-26,3호선,동대입구,5804,6238,12042,-434,2,26,토
2022-02-26,3호선,약수,7893,7334,15227,559,2,26,토
2022-02-26,3호선,금호,5059,4639,9698,420,2,26,토
2022-02-26,3호선,옥수,5475,5716,11191,-241,2,26,토
2022-02-26,3호선,압구정,21643,22667,44310,-1024,2,26,토
2022-02-26,3호선,신사,22714,23084,45798,-370,2,26,토
2022-02-26,3호선,잠원,3058,2967,6025,91,2,26,토
2022-02-26,3호선,고속터미널,37745,38612,76357,-867,2,26,토
2022-02-26,3호선,교대(법원.검찰청),5917,3639,9556,2278,2,26,토
2022-02-26,3호선,남부터미널(예술의전당),17810,18139,35949,-329,2,26,토
2022-02-26,3호선,양재(서초구청),18028,19152,37180,-1124,2,26,토
2022-02-26,우이신설선,북한산보국문,4115,3816,7931,299,2,26,토
2022-02-26,우이신설선,솔샘,3321,3034,6355,287,2,26,토
2022-02-26,우이신설선,삼양사거리,1654,1628,3282,26,2,26,토
2022-02-26,우이신설선,삼양,1386,1476,2862,-90,2,26,토
2022-02-26,우이신설선,화계,2151,2029,4180,122,2,26,토
2022-02-26,우이신설선,가오리,2566,2553,5119,13,2,26,토
2022-02-26,우이신설선,4.19민주묘지,1968,1737,3705,231,2,26,토
2022-02-26,우이신설선,솔밭공원,1528,1422,2950,106,2,26,토
2022-02-26,우이신설선,북한산우이,2179,2283,4462,-104,2,26,토
2022-02-26,안산선,수리산,2393,2086,4479,307,2,26,토
2022-02-26,안산선,오이도,5742,5788,11530,-46,2,26,토
2022-02-26,안산선,정왕,5335,5396,10731,-61,2,26,토
2022-02-26,안산선,신길온천,1127,1069,2196,58,2,26,토
2022-02-26,안산선,안산,7481,7733,15214,-252,2,26,토
2022-02-26,안산선,초지,2625,2628,5253,-3,2,26,토
2022-02-26,안산선,고잔,5350,5277,10627,73,2,26,토
2022-02-26,안산선,중앙,12519,13087,25606,-568,2,26,토
2022-02-26,안산선,한대앞,5732,5793,11525,-61,2,26,토
2022-02-26,안산선,상록수,10245,10383,20628,-138,2,26,토
2022-02-26,안산선,반월,2798,2575,5373,223,2,26,토
2022-02-26,안산선,대야미,3149,2840,5989,309,2,26,토
2022-02-26,안산선,산본,10143,10892,21035,-749,2,26,토
2022-02-26,수인선,인천,831,1311,2142,-480,2,26,토
2022-02-26,수인선,신포,1083,1187,2270,-104,2,26,토
2022-02-26,수인선,숭의,2376,2116,4492,260,2,26,토
2022-02-26,수인선,인하대,3761,3526,7287,235,2,26,토
2022-02-26,수인선,송도,1651,1557,3208,94,2,26,토
2022-02-26,수인선,연수,3265,3287,6552,-22,2,26,토
2022-02-26,수인선,원인재,3157,3264,6421,-107,2,26,토
2022-02-26,수인선,남동인더스파크,998,1017,2015,-19,2,26,토
2022-02-26,수인선,호구포,2118,2106,4224,12,2,26,토
2022-02-26,수인선,인천논현,3701,3834,7535,-133,2,26,토
2022-02-26,수인선,소래포구,3824,3907,7731,-83,2,26,토
2022-02-26,수인선,월곶,1757,1682,3439,75,2,26,토
2022-02-26,수인선,달월,48,44,92,4,2,26,토
2022-02-26,수인선,사리,2817,2366,5183,451,2,26,토
2022-02-26,수인선,야목,215,159,374,56,2,26,토
2022-02-26,수인선,어천,555,518,1073,37,2,26,토
2022-02-26,수인선,오목천,1773,1602,3375,171,2,26,토
2022-02-26,수인선,고색,2557,2449,5006,108,2,26,토
2022-02-26,분당선,매교,1633,1667,3300,-34,2,26,토
2022-02-26,분당선,수원시청,9644,10116,19760,-472,2,26,토
2022-02-26,분당선,매탄권선,2864,2871,5735,-7,2,26,토
2022-02-26,분당선,망포,7662,7250,14912,412,2,26,토
2022-02-26,분당선,영통,5743,5523,11266,220,2,26,토
2022-02-26,분당선,청명,2307,2274,4581,33,2,26,토
2022-02-26,분당선,상갈,3107,3136,6243,-29,2,26,토
2022-02-26,분당선,기흥,5541,5267,10808,274,2,26,토
2022-02-26,분당선,신갈,2240,2263,4503,-23,2,26,토
2022-02-26,분당선,구성,2740,2848,5588,-108,2,26,토
2022-02-26,분당선,죽전,8340,9480,17820,-1140,2,26,토
2022-02-26,분당선,보정,1371,1268,2639,103,2,26,토
2022-02-26,분당선,이매,3438,3314,6752,124,2,26,토
2022-02-26,분당선,오리,6523,5445,11968,1078,2,26,토
2022-02-26,분당선,미금,9313,9596,18909,-283,2,26,토
2022-02-26,분당선,정자,9113,9279,18392,-166,2,26,토
2022-02-26,분당선,수내,7679,7144,14823,535,2,26,토
2022-02-26,분당선,서현,17033,16922,33955,111,2,26,토
2022-02-26,분당선,야탑,15362,15926,31288,-564,2,26,토
2022-02-26,분당선,모란,13732,13954,27686,-222,2,26,토
2022-02-26,분당선,태평,9391,8988,18379,403,2,26,토
2022-02-26,분당선,가천대,4318,4794,9112,-476,2,26,토
2022-02-26,분당선,선정릉,2990,3071,6061,-81,2,26,토
2022-02-26,분당선,강남구청,4857,6007,10864,-1150,2,26,토
2022-02-26,분당선,압구정로데오,17158,18722,35880,-1564,2,26,토
2022-02-26,분당선,서울숲,5746,5830,11576,-84,2,26,토
2022-02-26,분당선,수원,6144,5185,11329,959,2,26,토
2022-02-26,분당선,수서,8743,9441,18184,-698,2,26,토
2022-02-26,분당선,대모산입구,2892,2586,5478,306,2,26,토
2022-02-26,분당선,개포동,2295,2300,4595,-5,2,26,토
2022-02-26,분당선,구룡,1204,1091,2295,113,2,26,토
2022-02-26,분당선,도곡,4047,3703,7750,344,2,26,토
2022-02-26,분당선,한티,11186,10894,22080,292,2,26,토
2022-02-26,분당선,선릉,4447,6896,11343,-2449,2,26,토
2022-02-26,과천선,범계,16797,16438,33235,359,2,26,토
2022-02-26,과천선,평촌,7514,7218,14732,296,2,26,토
2022-02-26,과천선,인덕원,13222,13276,26498,-54,2,26,토
2022-02-26,과천선,정부과천청사,5135,5057,10192,78,2,26,토
2022-02-26,과천선,과천,3692,3608,7300,84,2,26,토
2022-02-26,과천선,대공원,2947,3139,6086,-192,2,26,토
2022-02-26,과천선,경마공원,7879,7865,15744,14,2,26,토
2022-02-26,과천선,선바위,4104,3712,7816,392,2,26,토
2022-02-26,공항철도 1호선,영종,2388,2454,4842,-66,2,26,토
2022-02-26,공항철도 1호선,인천공항2터미널,1740,1708,3448,32,2,26,토
2022-02-26,공항철도 1호선,인천공항1터미널,2884,3144,6028,-260,2,26,토
2022-02-26,공항철도 1호선,공항화물청사,1205,1199,2404,6,2,26,토
2022-02-26,공항철도 1호선,운서,5148,5147,10295,1,2,26,토
2022-02-26,공항철도 1호선,청라국제도시,3206,3179,6385,27,2,26,토
2022-02-26,공항철도 1호선,검암,3660,3799,7459,-139,2,26,토
2022-02-26,공항철도 1호선,계양,5752,5398,11150,354,2,26,토
2022-02-26,공항철도 1호선,김포공항,10800,5299,16099,5501,2,26,토
2022-02-26,공항철도 1호선,마곡나루(서울식물원),2353,2652,5005,-299,2,26,토
2022-02-26,공항철도 1호선,디지털미디어시티,4745,4292,9037,453,2,26,토
2022-02-26,공항철도 1호선,홍대입구,9529,9338,18867,191,2,26,토
2022-02-26,공항철도 1호선,공덕,1357,2098,3455,-741,2,26,토
2022-02-26,공항철도 1호선,서울역,5998,6269,12267,-271,2,26,토
2022-02-26,경춘선,춘천,1143,1091,2234,52,2,26,토
2022-02-26,경춘선,남춘천,1995,2075,4070,-80,2,26,토
2022-02-26,경춘선,김유정,294,306,600,-12,2,26,토
2022-02-26,경춘선,강촌,367,394,761,-27,2,26,토
2022-02-26,경춘선,백양리,260,202,462,58,2,26,토
2022-02-26,경춘선,굴봉산,123,135,258,-12,2,26,토
2022-02-26,경춘선,가평,1158,1259,2417,-101,2,26,토
2022-02-26,경춘선,상천,231,208,439,23,2,26,토
2022-02-26,경춘선,청평,1047,1192,2239,-145,2,26,토
2022-02-26,경춘선,대성리,360,412,772,-52,2,26,토
2022-02-26,경춘선,마석,2357,2332,4689,25,2,26,토
2022-02-26,경춘선,천마산,1086,1084,2170,2,2,26,토
2022-02-26,경춘선,평내호평,3496,3317,6813,179,2,26,토
2022-02-26,경춘선,금곡,904,851,1755,53,2,26,토
2022-02-26,경춘선,사릉,1797,1723,3520,74,2,26,토
2022-02-26,경춘선,퇴계원,2082,1964,4046,118,2,26,토
2022-02-26,경춘선,별내,1990,1883,3873,107,2,26,토
2022-02-26,경춘선,갈매,1672,1461,3133,211,2,26,토
2022-02-26,경춘선,신내,1052,1024,2076,28,2,26,토
2022-02-26,경인선,도화,2625,2500,5125,125,2,26,토
2022-02-26,경인선,중동,5593,5310,10903,283,2,26,토
2022-02-26,경인선,온수(성공회대입구),3973,3698,7671,275,2,26,토
2022-02-26,경인선,도원,2967,3051,6018,-84,2,26,토
2022-02-26,경인선,간석,3555,3514,7069,41,2,26,토
2022-02-26,경인선,부개,5391,5139,10530,252,2,26,토
2022-02-26,경인선,소사,6373,6137,12510,236,2,26,토
2022-02-26,경인선,구일,3816,3557,7373,259,2,26,토
2022-02-26,경인선,인천,2901,2526,5427,375,2,26,토
2022-02-26,경인선,동인천,9560,9412,18972,148,2,26,토
2022-02-26,경인선,제물포,6204,6027,12231,177,2,26,토
2022-02-26,경인선,주안,13282,11898,25180,1384,2,26,토
2022-02-26,경인선,동암,10304,10666,20970,-362,2,26,토
2022-02-26,경인선,백운,4470,4474,8944,-4,2,26,토
2022-02-26,경인선,부평,24234,25793,50027,-1559,2,26,토
2022-02-26,경인선,송내,14942,14817,29759,125,2,26,토
2022-02-26,경인선,부천,24591,25258,49849,-667,2,26,토
2022-02-26,경인선,역곡,16687,16705,33392,-18,2,26,토
2022-02-26,경인선,오류동,7463,7012,14475,451,2,26,토
2022-02-26,경인선,개봉,13922,13665,27587,257,2,26,토
2022-02-26,경의선,임진강,18,9,27,9,2,26,토
2022-02-26,경의선,문산,3498,3310,6808,188,2,26,토
2022-02-26,경의선,파주,697,498,1195,199,2,26,토
2022-02-26,경의선,월롱,1487,1236,2723,251,2,26,토
2022-02-26,경의선,금촌,4578,4547,9125,31,2,26,토
2022-02-26,경의선,금릉,2871,2759,5630,112,2,26,토
2022-02-26,경의선,운정,3959,3735,7694,224,2,26,토
2022-02-26,경의선,야당,4892,4880,9772,12,2,26,토
2022-02-26,1호선,서울역,24750,25357,50107,-607,2,26,토
2022-02-26,1호선,동묘앞,9163,9418,18581,-255,2,26,토
2022-02-26,1호선,시청,8584,9078,17662,-494,2,26,토
2022-02-26,1호선,종각,14692,14633,29325,59,2,26,토
2022-02-26,1호선,종로3가,17885,17194,35079,691,2,26,토
2022-02-26,1호선,종로5가,15956,15656,31612,300,2,26,토
2022-02-26,1호선,동대문,8843,7977,16820,866,2,26,토
2022-02-26,1호선,신설동,8483,8161,16644,322,2,26,토
2022-02-26,1호선,제기동,12927,13309,26236,-382,2,26,토
2022-02-26,1호선,청량리(서울시립대입구),15439,15507,30946,-68,2,26,토
2022-02-26,2호선,시청,7744,6699,14443,1045,2,26,토
2022-02-26,2호선,을지로입구,16626,16717,33343,-91,2,26,토
2022-02-26,2호선,을지로3가,8418,8175,16593,243,2,26,토
2022-02-26,2호선,을지로4가,6099,6177,12276,-78,2,26,토
2022-02-26,2호선,동대문역사문화공원(DDP),8261,8816,17077,-555,2,26,토
2022-02-26,2호선,상왕십리,8578,8084,16662,494,2,26,토
2022-02-26,2호선,왕십리(성동구청),11465,9613,21078,1852,2,26,토
2022-02-26,2호선,한양대,3872,3927,7799,-55,2,26,토
2022-02-26,2호선,뚝섬,10938,11225,22163,-287,2,26,토
2022-02-26,경의선,탄현,4347,4165,8512,182,2,26,토
2022-02-26,경의선,일산,5034,4888,9922,146,2,26,토
2022-02-26,경의선,풍산,3417,3393,6810,24,2,26,토
2022-02-26,경의선,백마,3731,3657,7388,74,2,26,토
2022-02-26,경의선,곡산,295,313,608,-18,2,26,토
2022-02-26,경의선,능곡,2275,2324,4599,-49,2,26,토
2022-02-26,경의선,행신,4093,4377,8470,-284,2,26,토
2022-02-26,경의선,강매,1578,1469,3047,109,2,26,토
2022-02-26,경의선,화전,909,853,1762,56,2,26,토
2022-02-26,경의선,수색,1284,1275,2559,9,2,26,토
2022-02-26,경의선,디지털미디어시티,1654,1496,3150,158,2,26,토
2022-02-26,경의선,가좌,3192,3083,6275,109,2,26,토
2022-02-26,경의선,홍대입구,1452,1839,3291,-387,2,26,토
2022-02-26,경의선,서강대,1390,1369,2759,21,2,26,토
2022-02-26,경의선,공덕,2326,1754,4080,572,2,26,토
2022-02-26,경의선,효창공원앞,1512,1656,3168,-144,2,26,토
2022-02-26,경의선,신촌,303,309,612,-6,2,26,토
2022-02-26,경의선,서울역,1007,1099,2106,-92,2,26,토
2022-02-26,경원선,소요산,2316,2050,4366,266,2,26,토
2022-02-26,경원선,동두천,1305,1411,2716,-106,2,26,토
2022-02-26,경원선,보산,1228,1205,2433,23,2,26,토
2022-02-26,경원선,동두천중앙,2032,2002,4034,30,2,26,토
2022-02-26,경원선,지행,4365,4284,8649,81,2,26,토
2022-02-26,경원선,덕정,3346,3140,6486,206,2,26,토
2022-02-26,경원선,덕계,1945,1820,3765,125,2,26,토
2022-02-26,경원선,양주,5102,4805,9907,297,2,26,토
2022-02-26,경원선,녹양,2857,2789,5646,68,2,26,토
2022-02-26,경원선,가능,4205,4199,8404,6,2,26,토
2022-02-26,경원선,의정부,14836,15516,30352,-680,2,26,토
2022-02-26,경원선,회룡,7949,8040,15989,-91,2,26,토
2022-02-26,경원선,망월사,4709,4934,9643,-225,2,26,토
2022-02-26,경원선,도봉산,6885,4494,11379,2391,2,26,토
2022-02-26,경원선,도봉,3721,3717,7438,4,2,26,토
2022-02-26,경원선,방학,6384,6265,12649,119,2,26,토
2022-02-26,경원선,녹천,2736,2325,5061,411,2,26,토
2022-02-26,경원선,월계,4081,3822,7903,259,2,26,토
2022-02-26,경원선,광운대,4853,4744,9597,109,2,26,토
2022-02-26,경원선,석계,5581,5877,11458,-296,2,26,토
2022-02-26,경원선,신이문,5203,4820,10023,383,2,26,토
2022-02-26,경원선,외대앞,5341,5194,10535,147,2,26,토
2022-02-26,경원선,청량리(서울시립대입구),12703,14078,26781,-1375,2,26,토
2022-02-26,경원선,왕십리(성동구청),10042,11670,21712,-1628,2,26,토
2022-02-26,경원선,응봉,1236,1096,2332,140,2,26,토
2022-02-26,경원선,옥수,25,32,57,-7,2,26,토
2022-02-26,경원선,한남,2245,2112,4357,133,2,26,토
2022-02-26,경원선,서빙고,1167,1163,2330,4,2,26,토
2022-02-26,경원선,이촌(국립중앙박물관),2245,1755,4000,490,2,26,토
2022-02-26,경부선,광명,2262,2019,4281,243,2,26,토
2022-02-26,경부선,서동탄,788,825,1613,-37,2,26,토
2022-02-26,경부선,당정,3329,3150,6479,179,2,26,토
2022-02-26,경부선,천안,4635,4961,9596,-326,2,26,토
2022-02-26,경부선,두정,4245,4151,8396,94,2,26,토
2022-02-26,경부선,직산,532,541,1073,-9,2,26,토
2022-02-26,경부선,성환,2358,2225,4583,133,2,26,토
2022-02-26,경부선,평택,10563,10304,20867,259,2,26,토
2022-02-26,경부선,평택지제,2650,2491,5141,159,2,26,토
2022-02-26,경부선,서정리,5758,4720,10478,1038,2,26,토
2022-02-26,경부선,송탄,4044,3562,7606,482,2,26,토
2022-02-26,경부선,진위,875,743,1618,132,2,26,토
2022-02-26,경부선,오산,7561,7081,14642,480,2,26,토
2022-02-26,경부선,오산대,2268,2023,4291,245,2,26,토
2022-02-26,경부선,세마,1813,1649,3462,164,2,26,토
2022-02-26,경부선,병점,9840,9766,19606,74,2,26,토
2022-02-26,경부선,세류,1953,1998,3951,-45,2,26,토
2022-02-26,경부선,독산,8010,7854,15864,156,2,26,토
2022-02-26,경부선,수원,30219,32621,62840,-2402,2,26,토
2022-02-26,경부선,화서,4341,4391,8732,-50,2,26,토
2022-02-26,경부선,성균관대,8732,8664,17396,68,2,26,토
2022-02-26,경부선,의왕,4807,4611,9418,196,2,26,토
2022-02-26,경부선,군포,3749,3419,7168,330,2,26,토
2022-02-26,경부선,금정,15732,15844,31576,-112,2,26,토
2022-02-26,경부선,명학,4449,4311,8760,138,2,26,토
2022-02-26,경부선,안양,14335,14268,28603,67,2,26,토
2022-02-26,경부선,관악,4635,4484,9119,151,2,26,토
2022-02-26,경부선,석수,5506,5250,10756,256,2,26,토
2022-02-26,경부선,금천구청,6930,6895,13825,35,2,26,토
2022-02-26,경부선,가산디지털단지,5360,6840,12200,-1480,2,26,토
2022-02-26,경부선,구로,11378,11675,23053,-297,2,26,토
2022-02-26,경부선,신길,4962,4267,9229,695,2,26,토
2022-02-26,경부선,신도림,2699,2615,5314,84,2,26,토
2022-02-26,경부선,영등포,33490,34448,67938,-958,2,26,토
2022-02-26,경부선,대방,6854,6912,13766,-58,2,26,토
2022-02-26,경부선,노량진,6389,5982,12371,407,2,26,토
2022-02-26,경부선,용산,26840,28672,55512,-1832,2,26,토
2022-02-26,경부선,남영,5001,5313,10314,-312,2,26,토
2022-02-26,경부선,서울역,5273,1741,7014,3532,2,26,토
2022-02-26,경강선,여주,1626,1872,3498,-246,2,26,토
2022-02-26,경강선,세종대왕릉,250,235,485,15,2,26,토
2022-02-26,경강선,부발,1761,1405,3166,356,2,26,토
2022-02-26,경강선,이천,2154,2190,4344,-36,2,26,토
2022-02-26,경강선,신둔도예촌,925,907,1832,18,2,26,토
2022-02-26,경강선,곤지암,1497,1662,3159,-165,2,26,토
2022-02-26,경강선,초월,1862,1758,3620,104,2,26,토
2022-02-26,경강선,경기광주,4289,4091,8380,198,2,26,토
2022-02-26,경강선,삼동,1232,1174,2406,58,2,26,토
2022-02-26,경강선,이매,646,488,1134,158,2,26,토
2022-02-26,경강선,판교,2610,2483,5093,127,2,26,토
2022-02-26,9호선2~3단계,중앙보훈병원,4109,3870,7979,239,2,26,토
2022-02-26,9호선2~3단계,둔촌오륜,466,514,980,-48,2,26,토
2022-02-26,9호선2~3단계,올림픽공원(한국체대),3173,3345,6518,-172,2,26,토
2022-02-26,9호선2~3단계,한성백제,1630,1399,3029,231,2,26,토
2022-02-26,9호선2~3단계,송파나루,3756,3807,7563,-51,2,26,토
2022-02-26,9호선2~3단계,석촌,5681,4811,10492,870,2,26,토
2022-02-26,9호선2~3단계,석촌고분,3767,3748,7515,19,2,26,토
2022-02-26,9호선2~3단계,삼전,4474,4197,8671,277,2,26,토
2022-02-26,9호선2~3단계,종합운동장,2457,2235,4692,222,2,26,토
2022-02-26,9호선2~3단계,봉은사,10830,11270,22100,-440,2,26,토
2022-02-26,9호선2~3단계,삼성중앙,2663,2720,5383,-57,2,26,토
2022-02-26,9호선2~3단계,선정릉,3994,4477,8471,-483,2,26,토
2022-02-26,9호선2~3단계,언주,5618,5523,11141,95,2,26,토
2022-02-26,9호선,신논현,22669,22035,44704,634,2,26,토
2022-02-26,9호선,사평,2204,2111,4315,93,2,26,토
2022-02-26,9호선,고속터미널,9594,14169,23763,-4575,2,26,토
2022-02-26,9호선,신반포,2302,2175,4477,127,2,26,토
2022-02-26,9호선,구반포,920,973,1893,-53,2,26,토
2022-02-26,9호선,동작(현충원),1611,1146,2757,465,2,26,토
2022-02-26,9호선,흑석(중앙대입구),4649,4676,9325,-27,2,26,토
2022-02-26,9호선,노들,2682,2363,5045,319,2,26,토
2022-02-26,9호선,노량진,17806,17422,35228,384,2,26,토
2022-02-26,9호선,샛강,2152,2143,4295,9,2,26,토
2022-02-26,9호선,여의도,11254,10095,21349,1159,2,26,토
2022-02-26,9호선,국회의사당,4254,4302,8556,-48,2,26,토
2022-02-26,9호선,당산,11297,10478,21775,819,2,26,토
2022-02-26,9호선,선유도,3254,3043,6297,211,2,26,토
2022-02-26,9호선,신목동,1883,1676,3559,207,2,26,토
2022-02-26,9호선,염창,10084,9378,19462,706,2,26,토
2022-02-26,9호선,등촌,6399,6227,12626,172,2,26,토
2022-02-26,9호선,증미,3505,3402,6907,103,2,26,토
2022-02-26,9호선,가양,12011,11474,23485,537,2,26,토
2022-02-26,9호선,양천향교,4945,4842,9787,103,2,26,토
2022-02-26,9호선,마곡나루(서울식물원),7085,6747,13832,338,2,26,토
2022-02-26,9호선,신방화,4051,3932,7983,119,2,26,토
2022-02-26,9호선,공항시장,2022,2175,4197,-153,2,26,토
2022-02-26,9호선,김포공항,6751,11413,18164,-4662,2,26,토
2022-02-26,9호선,개화,1085,927,2012,158,2,26,토
2022-02-26,8호선,남위례,2436,2586,5022,-150,2,26,토
2022-02-26,8호선,모란,3171,2715,5886,456,2,26,토
2022-02-26,8호선,수진,3790,3389,7179,401,2,26,토
2022-02-26,8호선,신흥,3030,3245,6275,-215,2,26,토
2022-02-26,8호선,단대오거리,6610,6435,13045,175,2,26,토
2022-02-26,8호선,남한산성입구(성남법원.검찰청),7902,7111,15013,791,2,26,토
2022-02-26,8호선,산성,3508,3481,6989,27,2,26,토
2022-02-26,8호선,복정,5361,4541,9902,820,2,26,토
2022-02-26,8호선,장지,10430,9814,20244,616,2,26,토
2022-02-26,8호선,문정,7539,7658,15197,-119,2,26,토
2022-02-26,8호선,가락시장,4715,4733,9448,-18,2,26,토
2022-02-26,8호선,송파,4360,4561,8921,-201,2,26,토
2022-02-26,8호선,석촌,4948,6126,11074,-1178,2,26,토
2022-02-26,8호선,잠실(송파구청),10614,11934,22548,-1320,2,26,토
2022-02-26,8호선,몽촌토성(평화의문),3829,3744,7573,85,2,26,토
2022-02-26,8호선,강동구청,5355,5394,10749,-39,2,26,토
2022-02-26,8호선,천호(풍납토성),10462,12230,22692,-1768,2,26,토
2022-02-26,8호선,암사,10642,9853,20495,789,2,26,토
2022-02-26,7호선,굴포천,1,0,1,1,2,26,토
2022-02-26,7호선,상동,1,0,1,1,2,26,토
2022-02-26,7호선,온수(성공회대입구),4881,4796,9677,85,2,26,토
2022-02-26,7호선,광명사거리,14409,14527,28936,-118,2,26,토
2022-02-26,7호선,철산,12481,12691,25172,-210,2,26,토
2022-02-26,7호선,가산디지털단지,12214,11223,23437,991,2,26,토
2022-02-26,7호선,남구로,7233,7582,14815,-349,2,26,토
2022-02-26,7호선,대림(구로구청),5904,6284,12188,-380,2,26,토
2022-02-26,7호선,신풍,6954,6653,13607,301,2,26,토
2022-02-26,7호선,보라매,5506,5274,10780,232,2,26,토
2022-02-26,7호선,신대방삼거리,10079,9513,19592,566,2,26,토
2022-02-26,7호선,장승배기,5810,5541,11351,269,2,26,토
2022-02-26,7호선,상도,6354,5998,12352,356,2,26,토
2022-02-26,7호선,숭실대입구(살피재),7016,7086,14102,-70,2,26,토
2022-02-26,7호선,남성,6521,6175,12696,346,2,26,토
2022-02-26,7호선,이수,10457,9562,20019,895,2,26,토
2022-02-26,7호선,내방,6816,6817,13633,-1,2,26,토
2022-02-26,7호선,고속터미널,11692,8780,20472,2912,2,26,토
2022-02-26,7호선,반포,3815,3600,7415,215,2,26,토
2022-02-26,7호선,논현,9615,10407,20022,-792,2,26,토
2022-02-26,7호선,학동,9651,10136,19787,-485,2,26,토
2022-02-26,7호선,강남구청,8757,9644,18401,-887,2,26,토
2022-02-26,7호선,청담,9774,10818,20592,-1044,2,26,토
2022-02-26,7호선,뚝섬유원지,4695,4580,9275,115,2,26,토
2022-02-26,7호선,건대입구,8977,9066,18043,-89,2,26,토
2022-02-26,7호선,어린이대공원(세종대),8133,7946,16079,187,2,26,토
2022-02-26,7호선,군자(능동),9427,7272,16699,2155,2,26,토
2022-02-26,7호선,중곡,6188,5974,12162,214,2,26,토
2022-02-26,7호선,용마산(용마폭포공원),3634,3801,7435,-167,2,26,토
2022-02-26,7호선,사가정,10556,10509,21065,47,2,26,토
2022-02-26,7호선,면목,9694,9482,19176,212,2,26,토
2022-02-26,7호선,상봉(시외버스터미널),11312,10818,22130,494,2,26,토
2022-02-26,7호선,중화,6587,6360,12947,227,2,26,토
2022-02-26,7호선,먹골,6999,6927,13926,72,2,26,토
2022-02-26,7호선,태릉입구,5522,5135,10657,387,2,26,토
2022-02-26,7호선,공릉(서울과학기술대),7695,7558,15253,137,2,26,토
2022-02-26,7호선,하계,10341,9658,19999,683,2,26,토
2022-02-26,7호선,중계,7695,7104,14799,591,2,26,토
2022-02-26,7호선,노원,13977,13630,27607,347,2,26,토
2022-02-26,7호선,마들,7738,7559,15297,179,2,26,토
2022-02-26,7호선,수락산,8288,8002,16290,286,2,26,토
2022-02-26,7호선,도봉산,5061,6924,11985,-1863,2,26,토
2022-02-26,7호선,장암,1135,761,1896,374,2,26,토
2022-02-26,6호선,봉화산(서울의료원),4441,4362,8803,79,2,26,토
2022-02-26,6호선,화랑대(서울여대입구),5847,4802,10649,1045,2,26,토
2022-02-26,6호선,태릉입구,3661,3729,7390,-68,2,26,토
2022-02-26,6호선,석계,7450,7573,15023,-123,2,26,토
2022-02-26,5호선,신길,2313,2490,4803,-177,2,26,토
2022-02-26,6호선,돌곶이,5282,4907,10189,375,2,26,토
2022-02-26,6호선,상월곡(한국과학기술연구원),3573,3148,6721,425,2,26,토
2022-02-26,6호선,월곡(동덕여대),6413,6383,12796,30,2,26,토
2022-02-26,6호선,고려대(종암),4892,4990,9882,-98,2,26,토
2022-02-26,6호선,안암(고대병원앞),6324,6001,12325,323,2,26,토
2022-02-26,6호선,보문,4284,3941,8225,343,2,26,토
2022-02-26,6호선,창신,1803,1471,3274,332,2,26,토
2022-02-26,6호선,동묘앞,6563,5971,12534,592,2,26,토
2022-02-26,6호선,신당,5763,4835,10598,928,2,26,토
2022-02-26,6호선,청구,2116,2198,4314,-82,2,26,토
2022-02-26,6호선,약수,2199,2222,4421,-23,2,26,토
2022-02-26,6호선,버티고개,1216,1291,2507,-75,2,26,토
2022-02-26,6호선,한강진,6693,7835,14528,-1142,2,26,토
2022-02-26,6호선,이태원,10342,10556,20898,-214,2,26,토
2022-02-26,6호선,녹사평(용산구청),3666,3872,7538,-206,2,26,토
2022-02-26,6호선,삼각지,4023,3231,7254,792,2,26,토
2022-02-26,6호선,효창공원앞,4085,3719,7804,366,2,26,토
2022-02-26,6호선,공덕,8689,8133,16822,556,2,26,토
2022-02-26,6호선,대흥(서강대앞),4771,4824,9595,-53,2,26,토
2022-02-26,6호선,광흥창(서강),4407,4286,8693,121,2,26,토
2022-02-26,6호선,합정,10267,9283,19550,984,2,26,토
2022-02-26,6호선,망원,10738,11614,22352,-876,2,26,토
2022-02-26,6호선,마포구청,8204,7364,15568,840,2,26,토
2022-02-26,6호선,월드컵경기장(성산),3085,3216,6301,-131,2,26,토
2022-02-26,6호선,디지털미디어시티,6127,6262,12389,-135,2,26,토
2022-02-26,6호선,증산(명지대앞),6367,6438,12805,-71,2,26,토
2022-02-26,6호선,새절(신사),7563,7221,14784,342,2,26,토
2022-02-26,6호선,구산,4766,3684,8450,1082,2,26,토
2022-02-26,6호선,연신내,3,0,3,3,2,26,토
2022-02-26,6호선,독바위,1641,1893,3534,-252,2,26,토
2022-02-26,6호선,불광,3381,2876,6257,505,2,26,토
2022-02-26,6호선,역촌,2387,2909,5296,-522,2,26,토
2022-02-26,6호선,응암,11768,11582,23350,186,2,26,토
2022-02-26,5호선,하남검단산,4278,4353,8631,-75,2,26,토
2022-02-26,5호선,하남시청(덕풍·신장),4583,4401,8984,182,2,26,토
2022-02-26,5호선,하남풍산,2366,2370,4736,-4,2,26,토
2022-02-26,5호선,미사,9890,9694,19584,196,2,26,토
2022-02-26,5호선,강일,2328,2170,4498,158,2,26,토
2022-02-26,5호선,마천,4173,4329,8502,-156,2,26,토
2022-02-26,5호선,거여,5311,5069,10380,242,2,26,토
2022-02-26,5호선,개롱,3782,3924,7706,-142,2,26,토
2022-02-26,5호선,오금,1871,1806,3677,65,2,26,토
2022-02-26,5호선,방이,4353,4386,8739,-33,2,26,토
2022-02-26,5호선,올림픽공원(한국체대),2406,2037,4443,369,2,26,토
2022-02-26,5호선,둔촌동,5602,5533,11135,69,2,26,토
2022-02-26,5호선,상일동,7818,7377,15195,441,2,26,토
2022-02-26,5호선,고덕,5400,5314,10714,86,2,26,토
2022-02-26,5호선,명일,5235,5205,10440,30,2,26,토
2022-02-26,5호선,굽은다리(강동구민회관앞),6042,5694,11736,348,2,26,토
2022-02-26,5호선,길동,5233,5400,10633,-167,2,26,토
2022-02-26,5호선,강동,11294,10761,22055,533,2,26,토
2022-02-26,5호선,천호(풍납토성),14737,13763,28500,974,2,26,토
2022-02-26,5호선,광나루(장신대),8798,8450,17248,348,2,26,토
2022-02-26,5호선,아차산(어린이대공원후문),10591,10385,20976,206,2,26,토
2022-02-26,5호선,군자(능동),7210,7871,15081,-661,2,26,토
2022-02-26,5호선,장한평,9738,9579,19317,159,2,26,토
2022-02-26,5호선,답십리,8785,8248,17033,537,2,26,토
2022-02-26,5호선,마장,3330,3120,6450,210,2,26,토
2022-02-26,5호선,왕십리(성동구청),3089,3650,6739,-561,2,26,토
2022-02-26,5호선,행당,4586,4082,8668,504,2,26,토
2022-02-26,5호선,신금호,3636,3769,7405,-133,2,26,토
2022-02-26,5호선,청구,2293,2027,4320,266,2,26,토
2022-02-26,5호선,동대문역사문화공원(DDP),907,1148,2055,-241,2,26,토
2022-02-26,5호선,을지로4가,2749,3075,5824,-326,2,26,토
2022-02-26,5호선,종로3가,9638,9712,19350,-74,2,26,토
2022-02-26,5호선,광화문(세종문화회관),11844,11990,23834,-146,2,26,토
2022-02-26,5호선,서대문,5977,5853,11830,124,2,26,토
2022-02-26,5호선,영등포시장,7299,7523,14822,-224,2,26,토
2022-02-26,3호선,도곡,2948,2969,5917,-21,2,26,토
2022-02-26,3호선,대치,8356,7572,15928,784,2,26,토
2022-02-26,3호선,학여울,1579,1562,3141,17,2,26,토
2022-02-26,3호선,대청,5250,4780,10030,470,2,26,토
2022-02-26,3호선,일원,4212,4161,8373,51,2,26,토
2022-02-27,5호선,둔촌동,4002,4113,8115,-111,2,27,일
2022-02-27,2호선,종합운동장,3931,3887,7818,44,2,27,일
2022-02-27,2호선,삼성(무역센터),20654,20356,41010,298,2,27,일
2022-02-27,2호선,선릉,11906,10200,22106,1706,2,27,일
2022-02-27,2호선,역삼,11174,12348,23522,-1174,2,27,일
2022-02-27,2호선,강남,30527,29407,59934,1120,2,27,일
2022-02-27,2호선,교대(법원.검찰청),9358,10243,19601,-885,2,27,일
2022-02-27,2호선,서초,9729,8927,18656,802,2,27,일
2022-02-27,2호선,방배,5792,6154,11946,-362,2,27,일
2022-02-27,2호선,사당,18450,20369,38819,-1919,2,27,일
2022-02-27,2호선,낙성대(강감찬),13912,14044,27956,-132,2,27,일
2022-02-27,2호선,서울대입구(관악구청),24215,24763,48978,-548,2,27,일
2022-02-27,2호선,봉천,10831,10440,21271,391,2,27,일
2022-02-27,2호선,신림,33965,33011,66976,954,2,27,일
2022-02-27,2호선,신대방,13168,13045,26213,123,2,27,일
2022-02-27,2호선,구로디지털단지,20228,19979,40207,249,2,27,일
2022-02-27,2호선,대림(구로구청),12463,12534,24997,-71,2,27,일
2022-02-27,2호선,신도림,23142,23623,46765,-481,2,27,일
2022-02-27,2호선,문래,7216,7438,14654,-222,2,27,일
2022-02-27,2호선,영등포구청,6908,7173,14081,-265,2,27,일
2022-02-27,2호선,당산,7293,8049,15342,-756,2,27,일
2022-02-27,2호선,합정,17962,18703,36665,-741,2,27,일
2022-02-27,2호선,홍대입구,43505,43068,86573,437,2,27,일
2022-02-27,2호선,신촌,19522,18726,38248,796,2,27,일
2022-02-27,2호선,이대,6790,7575,14365,-785,2,27,일
2022-02-27,2호선,아현,4603,4665,9268,-62,2,27,일
2022-02-27,2호선,충정로(경기대입구),3465,3831,7296,-366,2,27,일
2022-02-27,2호선,용답,1538,1563,3101,-25,2,27,일
2022-02-27,2호선,신답,644,691,1335,-47,2,27,일
2022-02-27,2호선,신설동,2959,3082,6041,-123,2,27,일
2022-02-27,2호선,도림천,416,407,823,9,2,27,일
2022-02-27,2호선,양천구청,2791,2922,5713,-131,2,27,일
2022-02-27,2호선,신정네거리,4450,4484,8934,-34,2,27,일
2022-02-27,2호선,용두(동대문구청),993,974,1967,19,2,27,일
2022-02-27,3호선,지축,1955,1830,3785,125,2,27,일
2022-02-27,3호선,구파발,9719,9805,19524,-86,2,27,일
2022-02-27,3호선,연신내,19190,17748,36938,1442,2,27,일
2022-02-27,3호선,불광,8652,10016,18668,-1364,2,27,일
2022-02-27,3호선,녹번,6251,5783,12034,468,2,27,일
2022-02-27,3호선,홍제,8189,7995,16184,194,2,27,일
2022-02-27,3호선,무악재,1535,1813,3348,-278,2,27,일
2022-02-27,3호선,독립문,4169,4554,8723,-385,2,27,일
2022-02-27,3호선,경복궁(정부서울청사),11135,11175,22310,-40,2,27,일
2022-02-27,3호선,안국,9305,10078,19383,-773,2,27,일
2022-02-27,3호선,종로3가,3563,4413,7976,-850,2,27,일
2022-02-27,3호선,을지로3가,2858,2673,5531,185,2,27,일
2022-02-27,3호선,동대입구,5438,5854,11292,-416,2,27,일
2022-02-27,3호선,약수,5631,5467,11098,164,2,27,일
2022-02-27,3호선,금호,3589,3528,7117,61,2,27,일
2022-02-27,3호선,옥수,4511,4433,8944,78,2,27,일
2022-02-27,3호선,압구정,12376,12869,25245,-493,2,27,일
2022-02-27,3호선,신사,12982,12915,25897,67,2,27,일
2022-02-27,3호선,잠원,1861,1888,3749,-27,2,27,일
2022-02-27,3호선,고속터미널,31987,30119,62106,1868,2,27,일
2022-02-27,3호선,교대(법원.검찰청),3798,2411,6209,1387,2,27,일
2022-02-27,3호선,남부터미널(예술의전당),12153,12530,24683,-377,2,27,일
2022-02-27,3호선,양재(서초구청),11763,13172,24935,-1409,2,27,일
2022-02-27,3호선,매봉,3509,3381,6890,128,2,27,일
2022-02-27,3호선,도곡,1573,1691,3264,-118,2,27,일
2022-02-27,3호선,대치,5454,4741,10195,713,2,27,일
2022-02-27,3호선,학여울,1406,1535,2941,-129,2,27,일
2022-02-27,3호선,대청,3767,3668,7435,99,2,27,일
2022-02-27,3호선,일원,2823,2995,5818,-172,2,27,일
2022-02-27,3호선,수서,8857,8647,17504,210,2,27,일
2022-02-27,3호선,가락시장,3133,3309,6442,-176,2,27,일
2022-02-27,3호선,경찰병원,2271,2382,4653,-111,2,27,일
2022-02-27,3호선,오금,2416,2298,4714,118,2,27,일
2022-02-27,4호선,수유(강북구청),18099,17419,35518,680,2,27,일
2022-02-27,4호선,미아(서울사이버대학),7008,6786,13794,222,2,27,일
2022-02-27,우이신설선,신설동,1119,1113,2232,6,2,27,일
2022-02-27,우이신설선,보문,827,886,1713,-59,2,27,일
2022-02-27,우이신설선,성신여대입구(돈암),1965,2255,4220,-290,2,27,일
2022-02-27,우이신설선,정릉,2452,2195,4647,257,2,27,일
2022-02-27,우이신설선,북한산보국문,3438,3098,6536,340,2,27,일
2022-02-27,우이신설선,솔샘,2507,2315,4822,192,2,27,일
2022-02-27,우이신설선,삼양사거리,1406,1354,2760,52,2,27,일
2022-02-27,우이신설선,삼양,1094,1101,2195,-7,2,27,일
2022-02-27,2호선,시청,5622,4825,10447,797,2,27,일
2022-02-27,중앙선,지평,43,42,85,1,2,27,일
2022-02-27,중앙선,용문,1466,1254,2720,212,2,27,일
2022-02-27,중앙선,원덕,284,219,503,65,2,27,일
2022-02-27,중앙선,양평,1707,1566,3273,141,2,27,일
2022-02-27,중앙선,오빈,153,135,288,18,2,27,일
2022-02-27,중앙선,아신,349,308,657,41,2,27,일
2022-02-27,중앙선,국수,451,401,852,50,2,27,일
2022-02-27,중앙선,신원,208,172,380,36,2,27,일
2022-02-27,중앙선,양수,1386,1238,2624,148,2,27,일
2022-02-27,중앙선,운길산,1000,890,1890,110,2,27,일
2022-02-27,중앙선,팔당,1180,1144,2324,36,2,27,일
2022-02-27,중앙선,도심,1022,938,1960,84,2,27,일
2022-02-27,중앙선,덕소,2793,2884,5677,-91,2,27,일
2022-02-27,중앙선,양정,371,305,676,66,2,27,일
2022-02-27,중앙선,도농,4283,4250,8533,33,2,27,일
2022-02-27,우이신설선,북한산우이,2782,2933,5715,-151,2,27,일
2022-02-27,안산선,수리산,1810,1768,3578,42,2,27,일
2022-02-27,안산선,오이도,4994,5117,10111,-123,2,27,일
2022-02-27,안산선,정왕,4438,4670,9108,-232,2,27,일
2022-02-27,안산선,신길온천,923,880,1803,43,2,27,일
2022-02-27,안산선,안산,7833,7307,15140,526,2,27,일
2022-02-27,안산선,초지,1961,1957,3918,4,2,27,일
2022-02-27,안산선,고잔,3783,3706,7489,77,2,27,일
2022-02-27,안산선,중앙,10142,9917,20059,225,2,27,일
2022-02-27,안산선,한대앞,4674,4437,9111,237,2,27,일
2022-02-27,안산선,상록수,7840,8019,15859,-179,2,27,일
2022-02-27,안산선,반월,2106,2084,4190,22,2,27,일
2022-02-27,안산선,대야미,2471,2294,4765,177,2,27,일
2022-02-27,안산선,산본,7648,7936,15584,-288,2,27,일
2022-02-27,수인선,인천,1059,1562,2621,-503,2,27,일
2022-02-27,수인선,신포,973,958,1931,15,2,27,일
2022-02-27,수인선,숭의,1691,1584,3275,107,2,27,일
2022-02-27,수인선,인하대,3002,2901,5903,101,2,27,일
2022-02-27,수인선,송도,1378,1354,2732,24,2,27,일
2022-02-27,수인선,연수,2773,2789,5562,-16,2,27,일
2022-02-27,수인선,원인재,2516,2572,5088,-56,2,27,일
2022-02-27,수인선,남동인더스파크,482,472,954,10,2,27,일
2022-02-27,수인선,호구포,1621,1654,3275,-33,2,27,일
2022-02-27,수인선,인천논현,2400,2630,5030,-230,2,27,일
2022-02-27,수인선,소래포구,3845,3689,7534,156,2,27,일
2022-02-27,수인선,월곶,1488,1372,2860,116,2,27,일
2022-02-27,수인선,달월,33,43,76,-10,2,27,일
2022-02-27,수인선,사리,2239,1950,4189,289,2,27,일
2022-02-27,수인선,야목,139,140,279,-1,2,27,일
2022-02-27,수인선,어천,396,488,884,-92,2,27,일
2022-02-27,수인선,오목천,1328,1285,2613,43,2,27,일
2022-02-27,수인선,고색,1790,1793,3583,-3,2,27,일
2022-02-27,분당선,매교,1268,1290,2558,-22,2,27,일
2022-02-27,분당선,수원시청,6402,6483,12885,-81,2,27,일
2022-02-27,분당선,매탄권선,2092,2078,4170,14,2,27,일
2022-02-27,분당선,망포,5354,5489,10843,-135,2,27,일
2022-02-27,분당선,영통,4047,4050,8097,-3,2,27,일
2022-02-27,분당선,청명,1662,1683,3345,-21,2,27,일
2022-02-27,분당선,상갈,2363,2402,4765,-39,2,27,일
2022-02-27,분당선,기흥,4193,4076,8269,117,2,27,일
2022-02-27,분당선,신갈,1707,1729,3436,-22,2,27,일
2022-02-27,분당선,구성,2028,2227,4255,-199,2,27,일
2022-02-27,분당선,죽전,6334,7165,13499,-831,2,27,일
2022-02-27,분당선,보정,906,868,1774,38,2,27,일
2022-02-27,분당선,이매,2777,2872,5649,-95,2,27,일
2022-02-27,분당선,오리,4687,3948,8635,739,2,27,일
2022-02-27,분당선,미금,6320,6774,13094,-454,2,27,일
2022-02-27,분당선,정자,6485,6778,13263,-293,2,27,일
2022-02-27,분당선,수내,5289,5227,10516,62,2,27,일
2022-02-27,분당선,서현,13755,13511,27266,244,2,27,일
2022-02-27,분당선,야탑,11451,11988,23439,-537,2,27,일
2022-02-27,분당선,모란,9794,9985,19779,-191,2,27,일
2022-02-27,분당선,태평,7180,6761,13941,419,2,27,일
2022-02-27,분당선,가천대,3633,4135,7768,-502,2,27,일
2022-02-27,분당선,선정릉,1818,1915,3733,-97,2,27,일
2022-02-27,분당선,강남구청,3079,3610,6689,-531,2,27,일
2022-02-27,분당선,압구정로데오,10101,10929,21030,-828,2,27,일
2022-02-27,분당선,서울숲,5170,5196,10366,-26,2,27,일
2022-02-27,분당선,수원,4903,4130,9033,773,2,27,일
2022-02-27,분당선,수서,7240,6726,13966,514,2,27,일
2022-02-27,분당선,대모산입구,1912,1897,3809,15,2,27,일
2022-02-27,분당선,개포동,1579,1640,3219,-61,2,27,일
2022-02-27,분당선,구룡,700,712,1412,-12,2,27,일
2022-02-27,분당선,도곡,2151,2160,4311,-9,2,27,일
2022-02-27,분당선,한티,7624,7248,14872,376,2,27,일
2022-02-27,분당선,선릉,2457,3758,6215,-1301,2,27,일
2022-02-27,과천선,범계,12854,12488,25342,366,2,27,일
2022-02-27,과천선,평촌,5390,5202,10592,188,2,27,일
2022-02-27,과천선,인덕원,10541,10348,20889,193,2,27,일
2022-02-27,과천선,정부과천청사,3966,4132,8098,-166,2,27,일
2022-02-27,과천선,과천,3075,2933,6008,142,2,27,일
2022-02-27,과천선,대공원,3808,3882,7690,-74,2,27,일
2022-02-27,과천선,경마공원,8597,8640,17237,-43,2,27,일
2022-02-27,과천선,선바위,3375,3139,6514,236,2,27,일
2022-02-27,공항철도 1호선,영종,2179,2128,4307,51,2,27,일
2022-02-27,공항철도 1호선,인천공항2터미널,1576,1537,3113,39,2,27,일
2022-02-27,공항철도 1호선,인천공항1터미널,3119,3400,6519,-281,2,27,일
2022-02-27,공항철도 1호선,공항화물청사,892,955,1847,-63,2,27,일
2022-02-27,공항철도 1호선,운서,4545,4772,9317,-227,2,27,일
2022-02-27,공항철도 1호선,청라국제도시,2562,2557,5119,5,2,27,일
2022-02-27,공항철도 1호선,검암,2993,3084,6077,-91,2,27,일
2022-02-27,공항철도 1호선,계양,4444,4342,8786,102,2,27,일
2022-02-27,공항철도 1호선,김포공항,10195,5152,15347,5043,2,27,일
2022-02-27,공항철도 1호선,마곡나루(서울식물원),1977,2171,4148,-194,2,27,일
2022-02-27,공항철도 1호선,디지털미디어시티,3116,3095,6211,21,2,27,일
2022-02-27,공항철도 1호선,홍대입구,8805,8148,16953,657,2,27,일
2022-02-27,공항철도 1호선,공덕,1017,1367,2384,-350,2,27,일
2022-02-27,공항철도 1호선,서울역,5997,5252,11249,745,2,27,일
2022-02-27,경춘선,춘천,1176,1024,2200,152,2,27,일
2022-02-27,경춘선,남춘천,2466,2567,5033,-101,2,27,일
2022-02-27,경춘선,김유정,413,423,836,-10,2,27,일
2022-02-27,경춘선,강촌,513,471,984,42,2,27,일
2022-02-27,경춘선,백양리,424,300,724,124,2,27,일
2022-02-27,경춘선,굴봉산,147,180,327,-33,2,27,일
2022-02-27,경춘선,가평,1305,1239,2544,66,2,27,일
2022-02-27,경춘선,상천,225,187,412,38,2,27,일
2022-02-27,경춘선,청평,1191,1063,2254,128,2,27,일
2022-02-27,경춘선,대성리,525,407,932,118,2,27,일
2022-02-27,경춘선,마석,2053,2026,4079,27,2,27,일
2022-02-27,경춘선,천마산,976,953,1929,23,2,27,일
2022-02-27,경춘선,평내호평,3004,2827,5831,177,2,27,일
2022-02-27,경춘선,금곡,773,753,1526,20,2,27,일
2022-02-27,경춘선,사릉,1411,1415,2826,-4,2,27,일
2022-02-27,경춘선,퇴계원,1683,1620,3303,63,2,27,일
2022-02-27,경춘선,별내,1578,1454,3032,124,2,27,일
2022-02-27,경춘선,갈매,1217,1156,2373,61,2,27,일
2022-02-27,경춘선,신내,815,801,1616,14,2,27,일
2022-02-27,경인선,도화,2010,1840,3850,170,2,27,일
2022-02-27,경인선,중동,4213,4011,8224,202,2,27,일
2022-02-27,경인선,온수(성공회대입구),3067,3006,6073,61,2,27,일
2022-02-27,경인선,도원,1277,1323,2600,-46,2,27,일
2022-02-27,경인선,간석,2592,2558,5150,34,2,27,일
2022-02-27,경인선,부개,3913,3791,7704,122,2,27,일
2022-02-27,경인선,소사,4711,4436,9147,275,2,27,일
2022-02-27,경인선,구일,2742,2728,5470,14,2,27,일
2022-02-27,경인선,인천,3519,2949,6468,570,2,27,일
2022-02-27,경인선,동인천,7973,7736,15709,237,2,27,일
2022-02-27,경인선,제물포,4777,4602,9379,175,2,27,일
2022-02-27,경인선,주안,10172,8913,19085,1259,2,27,일
2022-02-27,경인선,동암,8077,7885,15962,192,2,27,일
2022-02-27,경인선,백운,3240,3263,6503,-23,2,27,일
2022-02-27,경인선,부평,18929,19340,38269,-411,2,27,일
2022-02-27,경인선,송내,10907,10808,21715,99,2,27,일
2022-02-27,경인선,부천,18324,18051,36375,273,2,27,일
2022-02-27,경인선,역곡,12358,12280,24638,78,2,27,일
2022-02-27,경인선,오류동,6213,5801,12014,412,2,27,일
2022-02-27,경인선,개봉,10117,9877,19994,240,2,27,일
2022-02-27,경의선,임진강,45,30,75,15,2,27,일
2022-02-27,경의선,문산,2744,2840,5584,-96,2,27,일
2022-02-27,경의선,파주,515,430,945,85,2,27,일
2022-02-27,경의선,월롱,772,1426,2198,-654,2,27,일
2022-02-27,경의선,금촌,3489,3555,7044,-66,2,27,일
2022-02-27,경의선,금릉,2369,2278,4647,91,2,27,일
2022-02-27,경의선,운정,3005,3047,6052,-42,2,27,일
2022-02-27,경의선,야당,3928,3837,7765,91,2,27,일
2022-02-27,경의선,탄현,3554,3352,6906,202,2,27,일
2022-02-27,경의선,일산,3878,3769,7647,109,2,27,일
2022-02-27,경의선,풍산,3005,2843,5848,162,2,27,일
2022-02-27,경의선,백마,2860,2823,5683,37,2,27,일
2022-02-27,경의선,곡산,298,292,590,6,2,27,일
2022-02-27,경의선,능곡,1909,1899,3808,10,2,27,일
2022-02-27,경의선,행신,3644,3436,7080,208,2,27,일
2022-02-27,경의선,강매,1243,1191,2434,52,2,27,일
2022-02-27,경의선,화전,779,748,1527,31,2,27,일
2022-02-27,경의선,수색,806,847,1653,-41,2,27,일
2022-02-27,경의선,디지털미디어시티,1080,1059,2139,21,2,27,일
2022-02-27,경의선,가좌,2447,2509,4956,-62,2,27,일
2022-02-27,경의선,홍대입구,1376,1632,3008,-256,2,27,일
2022-02-27,경의선,서강대,1075,1036,2111,39,2,27,일
2022-02-27,경의선,공덕,1599,1202,2801,397,2,27,일
2022-02-27,경의선,효창공원앞,1220,1275,2495,-55,2,27,일
2022-02-27,경의선,신촌,255,275,530,-20,2,27,일
2022-02-27,경의선,서울역,776,849,1625,-73,2,27,일
2022-02-27,경원선,소요산,3126,2763,5889,363,2,27,일
2022-02-27,경원선,동두천,1043,1342,2385,-299,2,27,일
2022-02-27,경원선,보산,1082,1031,2113,51,2,27,일
2022-02-27,경원선,동두천중앙,1831,1715,3546,116,2,27,일
2022-02-27,경원선,지행,3593,3549,7142,44,2,27,일
2022-02-27,경원선,덕정,2768,2919,5687,-151,2,27,일
2022-02-27,경원선,덕계,1451,1381,2832,70,2,27,일
2022-02-27,경원선,양주,4174,4071,8245,103,2,27,일
2022-02-27,경원선,녹양,2317,2223,4540,94,2,27,일
2022-02-27,경원선,가능,3281,3105,6386,176,2,27,일
2022-02-27,경원선,의정부,12212,12278,24490,-66,2,27,일
2022-02-27,경원선,회룡,6463,6442,12905,21,2,27,일
2022-02-27,경원선,망월사,3860,4117,7977,-257,2,27,일
2022-02-27,경원선,도봉산,8080,5760,13840,2320,2,27,일
2022-02-27,경원선,도봉,3085,2896,5981,189,2,27,일
2022-02-27,경원선,방학,5250,5181,10431,69,2,27,일
2022-02-27,경원선,녹천,2416,2061,4477,355,2,27,일
2022-02-27,경원선,월계,3305,3044,6349,261,2,27,일
2022-02-27,경원선,광운대,3856,3949,7805,-93,2,27,일
2022-02-27,경원선,석계,4209,4673,8882,-464,2,27,일
2022-02-27,경원선,신이문,4046,3810,7856,236,2,27,일
2022-02-27,경원선,외대앞,4295,4302,8597,-7,2,27,일
2022-02-27,경원선,청량리(서울시립대입구),11590,10989,22579,601,2,27,일
2022-02-27,경원선,왕십리(성동구청),7987,8924,16911,-937,2,27,일
2022-02-27,경원선,응봉,950,864,1814,86,2,27,일
2022-02-27,경원선,옥수,43,37,80,6,2,27,일
2022-02-27,경원선,한남,1701,1662,3363,39,2,27,일
2022-02-27,경원선,서빙고,1181,1205,2386,-24,2,27,일
2022-02-27,경원선,이촌(국립중앙박물관),1921,1502,3423,419,2,27,일
2022-02-27,경부선,광명,1933,1587,3520,346,2,27,일
2022-02-27,경부선,서동탄,605,604,1209,1,2,27,일
2022-02-27,경부선,당정,2594,2558,5152,36,2,27,일
2022-02-27,경부선,천안,4684,4603,9287,81,2,27,일
2022-02-27,경부선,두정,3583,3800,7383,-217,2,27,일
2022-02-27,경부선,직산,449,505,954,-56,2,27,일
2022-02-27,경부선,성환,1883,2132,4015,-249,2,27,일
2022-02-27,경부선,평택,8833,9235,18068,-402,2,27,일
2022-02-27,경부선,평택지제,1929,1809,3738,120,2,27,일
2022-02-27,경부선,서정리,3796,5302,9098,-1506,2,27,일
2022-02-27,경부선,송탄,3086,3485,6571,-399,2,27,일
2022-02-27,경부선,진위,696,661,1357,35,2,27,일
2022-02-27,경부선,오산,6295,6453,12748,-158,2,27,일
2022-02-27,경부선,오산대,1687,1587,3274,100,2,27,일
2022-02-27,경부선,세마,1321,1284,2605,37,2,27,일
2022-02-27,경부선,병점,7686,8298,15984,-612,2,27,일
2022-02-27,경부선,세류,1579,1575,3154,4,2,27,일
2022-02-27,경부선,독산,5369,5377,10746,-8,2,27,일
2022-02-27,경부선,수원,26476,26000,52476,476,2,27,일
2022-02-27,경부선,화서,3390,3288,6678,102,2,27,일
2022-02-27,경부선,성균관대,6554,7213,13767,-659,2,27,일
2022-02-27,경부선,의왕,3598,3578,7176,20,2,27,일
2022-02-27,경부선,군포,2592,2506,5098,86,2,27,일
2022-02-27,경부선,금정,11744,12059,23803,-315,2,27,일
2022-02-27,경부선,명학,3111,3065,6176,46,2,27,일
2022-02-27,경부선,안양,11412,11007,22419,405,2,27,일
2022-02-27,경부선,관악,4060,3743,7803,317,2,27,일
2022-02-27,경부선,석수,4464,4415,8879,49,2,27,일
2022-02-27,경부선,금천구청,5431,5309,10740,122,2,27,일
2022-02-27,경부선,가산디지털단지,3984,5401,9385,-1417,2,27,일
2022-02-27,경부선,구로,7837,7933,15770,-96,2,27,일
2022-02-27,경부선,신길,4039,3482,7521,557,2,27,일
2022-02-27,경부선,신도림,1995,1859,3854,136,2,27,일
2022-02-27,경부선,영등포,27964,26763,54727,1201,2,27,일
2022-02-27,경부선,대방,4895,5236,10131,-341,2,27,일
2022-02-27,경부선,노량진,4935,4805,9740,130,2,27,일
2022-02-27,경부선,용산,24497,22720,47217,1777,2,27,일
2022-02-27,경부선,남영,3986,4111,8097,-125,2,27,일
2022-02-27,경부선,서울역,5754,1376,7130,4378,2,27,일
2022-02-27,경강선,여주,1560,1569,3129,-9,2,27,일
2022-02-27,경강선,세종대왕릉,247,228,475,19,2,27,일
2022-02-27,경강선,부발,1166,1625,2791,-459,2,27,일
2022-02-27,경강선,이천,1732,1882,3614,-150,2,27,일
2022-02-27,경강선,신둔도예촌,699,693,1392,6,2,27,일
2022-02-27,경강선,곤지암,1317,1298,2615,19,2,27,일
2022-02-27,경강선,초월,1285,1281,2566,4,2,27,일
2022-02-27,경강선,경기광주,3229,3147,6376,82,2,27,일
2022-02-27,경강선,삼동,944,911,1855,33,2,27,일
2022-02-27,경강선,이매,535,404,939,131,2,27,일
2022-02-27,경강선,판교,2142,1997,4139,145,2,27,일
2022-02-27,9호선2~3단계,중앙보훈병원,3017,2788,5805,229,2,27,일
2022-02-27,9호선2~3단계,둔촌오륜,411,396,807,15,2,27,일
2022-02-27,9호선2~3단계,올림픽공원(한국체대),2732,2819,5551,-87,2,27,일
2022-02-27,9호선2~3단계,한성백제,1201,1088,2289,113,2,27,일
2022-02-27,9호선2~3단계,송파나루,2615,2835,5450,-220,2,27,일
2022-02-27,9호선2~3단계,석촌,4041,3672,7713,369,2,27,일
2022-02-27,9호선2~3단계,석촌고분,2680,2640,5320,40,2,27,일
2022-02-27,9호선2~3단계,삼전,3177,3064,6241,113,2,27,일
2022-02-27,9호선2~3단계,종합운동장,1814,1662,3476,152,2,27,일
2022-02-27,9호선2~3단계,봉은사,8571,9171,17742,-600,2,27,일
2022-02-27,9호선2~3단계,삼성중앙,1723,1855,3578,-132,2,27,일
2022-02-27,9호선2~3단계,선정릉,2543,2828,5371,-285,2,27,일
2022-02-27,9호선2~3단계,언주,3349,3355,6704,-6,2,27,일
2022-02-27,9호선,신논현,13684,13059,26743,625,2,27,일
2022-02-27,9호선,사평,1291,1386,2677,-95,2,27,일
2022-02-27,9호선,고속터미널,7870,10744,18614,-2874,2,27,일
2022-02-27,9호선,신반포,1486,1641,3127,-155,2,27,일
2022-02-27,9호선,구반포,432,430,862,2,2,27,일
2022-02-27,9호선,동작(현충원),1726,1227,2953,499,2,27,일
2022-02-27,9호선,흑석(중앙대입구),3490,3734,7224,-244,2,27,일
2022-02-27,9호선,노들,2254,2027,4281,227,2,27,일
2022-02-27,9호선,노량진,13121,13758,26879,-637,2,27,일
2022-02-27,9호선,샛강,1450,1553,3003,-103,2,27,일
2022-02-27,9호선,여의도,8780,7923,16703,857,2,27,일
2022-02-27,9호선,국회의사당,4152,4025,8177,127,2,27,일
2022-02-27,9호선,당산,7761,7602,15363,159,2,27,일
2022-02-27,9호선,선유도,2467,2517,4984,-50,2,27,일
2022-02-27,9호선,신목동,1434,1257,2691,177,2,27,일
2022-02-27,9호선,염창,7369,7329,14698,40,2,27,일
2022-02-27,9호선,등촌,4436,4591,9027,-155,2,27,일
2022-02-27,9호선,증미,2089,2156,4245,-67,2,27,일
2022-02-27,9호선,가양,8673,8464,17137,209,2,27,일
2022-02-27,9호선,양천향교,3553,3742,7295,-189,2,27,일
2022-02-27,9호선,마곡나루(서울식물원),5078,4983,10061,95,2,27,일
2022-02-27,9호선,신방화,2952,2856,5808,96,2,27,일
2022-02-27,9호선,공항시장,1544,1696,3240,-152,2,27,일
2022-02-27,9호선,김포공항,6305,10078,16383,-3773,2,27,일
2022-02-27,9호선,개화,894,891,1785,3,2,27,일
2022-02-27,8호선,남위례,1772,1877,3649,-105,2,27,일
2022-02-27,8호선,모란,2328,1914,4242,414,2,27,일
2022-02-27,8호선,수진,2703,2457,5160,246,2,27,일
2022-02-27,8호선,신흥,2319,2526,4845,-207,2,27,일
2022-02-27,8호선,단대오거리,4815,4648,9463,167,2,27,일
2022-02-27,8호선,남한산성입구(성남법원.검찰청),5986,5574,11560,412,2,27,일
2022-02-27,8호선,산성,2683,2769,5452,-86,2,27,일
2022-02-27,8호선,복정,4036,3722,7758,314,2,27,일
2022-02-27,8호선,장지,7819,8000,15819,-181,2,27,일
2022-02-27,8호선,문정,5119,5387,10506,-268,2,27,일
2022-02-27,8호선,가락시장,2730,3321,6051,-591,2,27,일
2022-02-27,8호선,송파,3012,3178,6190,-166,2,27,일
2022-02-27,8호선,석촌,3619,4344,7963,-725,2,27,일
2022-02-27,8호선,잠실(송파구청),8273,9431,17704,-1158,2,27,일
2022-02-27,8호선,몽촌토성(평화의문),2886,2802,5688,84,2,27,일
2022-02-27,8호선,강동구청,3877,4023,7900,-146,2,27,일
2022-02-27,8호선,천호(풍납토성),7655,8875,16530,-1220,2,27,일
2022-02-27,8호선,암사,7651,7285,14936,366,2,27,일
2022-02-27,7호선,상동,1,0,1,1,2,27,일
2022-02-27,7호선,까치울,1,0,1,1,2,27,일
2022-02-27,7호선,온수(성공회대입구),3373,3363,6736,10,2,27,일
2022-02-27,7호선,천왕,4396,4214,8610,182,2,27,일
2022-02-27,7호선,광명사거리,10893,10663,21556,230,2,27,일
2022-02-27,7호선,철산,8996,8920,17916,76,2,27,일
2022-02-27,7호선,가산디지털단지,8889,8042,16931,847,2,27,일
2022-02-27,7호선,남구로,5497,5404,10901,93,2,27,일
2022-02-27,7호선,대림(구로구청),5391,5194,10585,197,2,27,일
2022-02-27,7호선,신풍,5069,4788,9857,281,2,27,일
2022-02-27,7호선,보라매,3772,3629,7401,143,2,27,일
2022-02-27,7호선,신대방삼거리,7078,6924,14002,154,2,27,일
2022-02-27,7호선,장승배기,3976,3858,7834,118,2,27,일
2022-02-27,7호선,상도,4792,4845,9637,-53,2,27,일
2022-02-27,7호선,숭실대입구(살피재),5048,5339,10387,-291,2,27,일
2022-02-27,7호선,남성,4716,4793,9509,-77,2,27,일
2022-02-27,7호선,이수,7037,6578,13615,459,2,27,일
2022-02-27,7호선,내방,4472,4638,9110,-166,2,27,일
2022-02-27,7호선,고속터미널,9249,6512,15761,2737,2,27,일
2022-02-27,7호선,반포,2353,2369,4722,-16,2,27,일
2022-02-27,7호선,논현,5354,5774,11128,-420,2,27,일
2022-02-27,7호선,학동,5459,5680,11139,-221,2,27,일
2022-02-27,7호선,강남구청,5031,5404,10435,-373,2,27,일
2022-02-27,7호선,청담,6192,6505,12697,-313,2,27,일
2022-02-27,7호선,뚝섬유원지,5403,5136,10539,267,2,27,일
2022-02-27,7호선,건대입구,6700,6601,13301,99,2,27,일
2022-02-27,7호선,어린이대공원(세종대),6583,6606,13189,-23,2,27,일
2022-02-27,7호선,군자(능동),6544,5305,11849,1239,2,27,일
2022-02-27,7호선,중곡,4659,4554,9213,105,2,27,일
2022-02-27,7호선,용마산(용마폭포공원),3062,3320,6382,-258,2,27,일
2022-02-27,7호선,사가정,7858,7678,15536,180,2,27,일
2022-02-27,7호선,면목,7101,6911,14012,190,2,27,일
2022-02-27,7호선,상봉(시외버스터미널),8074,7491,15565,583,2,27,일
2022-02-27,7호선,중화,4989,4961,9950,28,2,27,일
2022-02-27,7호선,먹골,4824,4695,9519,129,2,27,일
2022-02-27,7호선,태릉입구,4197,3986,8183,211,2,27,일
2022-02-27,7호선,공릉(서울과학기술대),5805,6029,11834,-224,2,27,일
2022-02-27,7호선,하계,8023,7548,15571,475,2,27,일
2022-02-27,7호선,중계,5669,5309,10978,360,2,27,일
2022-02-27,7호선,노원,10210,9973,20183,237,2,27,일
2022-02-27,7호선,마들,5317,5037,10354,280,2,27,일
2022-02-27,7호선,수락산,7320,7152,14472,168,2,27,일
2022-02-27,7호선,도봉산,4528,6756,11284,-2228,2,27,일
2022-02-27,7호선,장암,1216,838,2054,378,2,27,일
2022-02-27,6호선,봉화산(서울의료원),3354,3315,6669,39,2,27,일
2022-02-27,6호선,화랑대(서울여대입구),4712,4147,8859,565,2,27,일
2022-02-27,6호선,태릉입구,2745,2829,5574,-84,2,27,일
2022-02-27,6호선,석계,5730,6262,11992,-532,2,27,일
2022-02-27,6호선,돌곶이,4568,4258,8826,310,2,27,일
2022-02-27,6호선,상월곡(한국과학기술연구원),2777,2499,5276,278,2,27,일
2022-02-27,6호선,월곡(동덕여대),4834,4708,9542,126,2,27,일
2022-02-27,6호선,고려대(종암),4008,4130,8138,-122,2,27,일
2022-02-27,6호선,안암(고대병원앞),5218,5451,10669,-233,2,27,일
2022-02-27,6호선,보문,3443,3241,6684,202,2,27,일
2022-02-27,6호선,창신,1536,1326,2862,210,2,27,일
2022-02-27,6호선,동묘앞,5500,5339,10839,161,2,27,일
2022-02-27,6호선,신당,4214,4626,8840,-412,2,27,일
2022-02-27,6호선,청구,1517,1478,2995,39,2,27,일
2022-02-27,6호선,약수,1573,1581,3154,-8,2,27,일
2022-02-27,6호선,버티고개,897,997,1894,-100,2,27,일
2022-02-27,6호선,한강진,5956,6816,12772,-860,2,27,일
2022-02-27,6호선,이태원,8357,8126,16483,231,2,27,일
2022-02-27,6호선,녹사평(용산구청),3330,3320,6650,10,2,27,일
2022-02-27,6호선,삼각지,3164,2431,5595,733,2,27,일
2022-02-27,6호선,효창공원앞,3116,2920,6036,196,2,27,일
2022-02-27,6호선,공덕,5969,5652,11621,317,2,27,일
2022-02-27,6호선,대흥(서강대앞),3650,3651,7301,-1,2,27,일
2022-02-27,6호선,광흥창(서강),3597,3621,7218,-24,2,27,일
2022-02-27,6호선,상수,5646,6253,11899,-607,2,27,일
2022-02-27,6호선,합정,8485,7344,15829,1141,2,27,일
2022-02-27,6호선,망원,8553,9170,17723,-617,2,27,일
2022-02-27,6호선,마포구청,6364,5845,12209,519,2,27,일
2022-02-27,6호선,월드컵경기장(성산),2654,2697,5351,-43,2,27,일
2022-02-27,6호선,디지털미디어시티,4301,4594,8895,-293,2,27,일
2022-02-27,6호선,증산(명지대앞),4913,4948,9861,-35,2,27,일
2022-02-27,6호선,새절(신사),5533,5323,10856,210,2,27,일
2022-02-27,6호선,구산,3332,2580,5912,752,2,27,일
2022-02-27,6호선,독바위,1349,1712,3061,-363,2,27,일
2022-02-27,6호선,불광,2659,2477,5136,182,2,27,일
2022-02-27,6호선,역촌,1826,2130,3956,-304,2,27,일
2022-02-27,6호선,응암,7770,7975,15745,-205,2,27,일
2022-02-27,5호선,하남검단산,4072,4090,8162,-18,2,27,일
2022-02-27,5호선,하남시청(덕풍·신장),3325,3315,6640,10,2,27,일
2022-02-27,5호선,하남풍산,1814,1796,3610,18,2,27,일
2022-02-27,5호선,미사,7444,7444,14888,0,2,27,일
2022-02-27,5호선,강일,1829,1769,3598,60,2,27,일
2022-02-27,5호선,마천,3247,3422,6669,-175,2,27,일
2022-02-27,5호선,거여,3930,3819,7749,111,2,27,일
2022-02-27,5호선,개롱,2576,2832,5408,-256,2,27,일
2022-02-27,5호선,오금,1470,1457,2927,13,2,27,일
2022-02-27,5호선,방이,3270,3161,6431,109,2,27,일
2022-02-27,5호선,올림픽공원(한국체대),2012,1733,3745,279,2,27,일
2022-02-27,2호선,잠실새내,9514,9764,19278,-250,2,27,일
2022-02-27,5호선,상일동,5577,5564,11141,13,2,27,일
2022-02-27,5호선,고덕,3724,3695,7419,29,2,27,일
2022-02-27,5호선,명일,4143,4206,8349,-63,2,27,일
2022-02-27,5호선,굽은다리(강동구민회관앞),4495,4187,8682,308,2,27,일
2022-02-27,5호선,길동,3699,3938,7637,-239,2,27,일
2022-02-27,5호선,강동,7945,7782,15727,163,2,27,일
2022-02-27,5호선,천호(풍납토성),11105,10105,21210,1000,2,27,일
2022-02-27,5호선,광나루(장신대),6737,6690,13427,47,2,27,일
2022-02-27,5호선,아차산(어린이대공원후문),9684,9599,19283,85,2,27,일
2022-02-27,5호선,군자(능동),5351,5776,11127,-425,2,27,일
2022-02-27,5호선,장한평,6699,6712,13411,-13,2,27,일
2022-02-27,5호선,답십리,6564,6178,12742,386,2,27,일
2022-02-27,5호선,마장,2466,2481,4947,-15,2,27,일
2022-02-27,5호선,왕십리(성동구청),2181,2511,4692,-330,2,27,일
2022-02-27,5호선,행당,3535,3262,6797,273,2,27,일
2022-02-27,5호선,신금호,2573,2799,5372,-226,2,27,일
2022-02-27,5호선,청구,1622,1507,3129,115,2,27,일
2022-02-27,5호선,동대문역사문화공원(DDP),612,804,1416,-192,2,27,일
2022-02-27,5호선,을지로4가,1343,1524,2867,-181,2,27,일
2022-02-27,5호선,종로3가,7610,7037,14647,573,2,27,일
2022-02-27,5호선,광화문(세종문화회관),10206,9939,20145,267,2,27,일
2022-02-27,5호선,서대문,4597,4488,9085,109,2,27,일
2022-02-27,5호선,충정로(경기대입구),1311,1286,2597,25,2,27,일
2022-02-27,5호선,애오개,2267,2291,4558,-24,2,27,일
2022-02-27,5호선,공덕,3998,3967,7965,31,2,27,일
2022-02-27,5호선,마포,4196,4263,8459,-67,2,27,일
2022-02-27,5호선,여의나루,7285,8541,15826,-1256,2,27,일
2022-02-27,5호선,여의도,8116,7975,16091,141,2,27,일
2022-02-27,5호선,신길,1729,1913,3642,-184,2,27,일
2022-02-27,5호선,영등포시장,5027,5231,10258,-204,2,27,일
2022-02-27,5호선,영등포구청,1166,1139,2305,27,2,27,일
2022-02-27,5호선,양평,2261,2245,4506,16,2,27,일
2022-02-27,5호선,오목교(목동운동장앞),10252,10512,20764,-260,2,27,일
2022-02-27,5호선,목동,6715,6788,13503,-73,2,27,일
2022-02-27,5호선,신정(은행정),5477,5040,10517,437,2,27,일
2022-02-27,5호선,까치산,13686,13498,27184,188,2,27,일
2022-02-27,5호선,화곡,12245,11719,23964,526,2,27,일
2022-02-27,5호선,우장산,5895,6055,11950,-160,2,27,일
2022-02-27,5호선,발산,8426,8846,17272,-420,2,27,일
2022-02-27,5호선,마곡,3249,3303,6552,-54,2,27,일
2022-02-27,5호선,송정,3250,3152,6402,98,2,27,일
2022-02-27,5호선,김포공항,6211,5869,12080,342,2,27,일
2022-02-27,5호선,개화산,2379,2511,4890,-132,2,27,일
2022-02-27,5호선,방화,3066,3064,6130,2,2,27,일
2022-02-27,4호선,쌍문,13932,12635,26567,1297,2,27,일
2022-02-27,4호선,창동,14029,14560,28589,-531,2,27,일
2022-02-27,4호선,노원,10533,11266,21799,-733,2,27,일
2022-02-27,4호선,상계,9197,8645,17842,552,2,27,일
2022-02-27,4호선,당고개,6770,6401,13171,369,2,27,일
2022-02-27,4호선,남태령,776,533,1309,243,2,27,일
2022-02-27,4호선,사당,12723,11723,24446,1000,2,27,일
2022-02-27,4호선,총신대입구(이수),9058,9887,18945,-829,2,27,일
2022-02-27,4호선,동작(현충원),1174,1317,2491,-143,2,27,일
2022-02-27,4호선,이촌(국립중앙박물관),4476,5012,9488,-536,2,27,일
2022-02-27,4호선,신용산,6566,6666,13232,-100,2,27,일
2022-02-27,4호선,삼각지,2105,2849,4954,-744,2,27,일
2022-02-27,4호선,숙대입구(갈월),6520,6245,12765,275,2,27,일
2022-02-27,4호선,서울역,3634,8102,11736,-4468,2,27,일
2022-02-27,4호선,회현(남대문시장),7663,8012,15675,-349,2,27,일
2022-02-27,4호선,명동,9638,9771,19409,-133,2,27,일
2022-02-27,4호선,충무로,7343,7309,14652,34,2,27,일
2022-02-27,4호선,동대문역사문화공원(DDP),7699,7396,15095,303,2,27,일
2022-02-27,4호선,동대문,5814,6514,12328,-700,2,27,일
2022-02-27,4호선,혜화,19694,20393,40087,-699,2,27,일
2022-02-27,4호선,한성대입구(삼선교),6680,6756,13436,-76,2,27,일
2022-02-27,4호선,성신여대입구(돈암),10931,10473,21404,458,2,27,일
2022-02-27,4호선,길음,9186,9089,18275,97,2,27,일
2022-02-27,4호선,미아사거리,14040,13349,27389,691,2,27,일
2022-02-27,일산선,원흥,4752,4607,9359,145,2,27,일
2022-02-27,일산선,삼송,9577,9512,19089,65,2,27,일
2022-02-27,일산선,원당,5256,5044,10300,212,2,27,일
2022-02-27,일산선,화정,8249,8599,16848,-350,2,27,일
2022-02-27,일산선,대곡,913,787,1700,126,2,27,일
2022-02-27,일산선,백석,4705,4646,9351,59,2,27,일
2022-02-27,일산선,마두,2949,2988,5937,-39,2,27,일
2022-02-27,일산선,정발산,4798,4884,9682,-86,2,27,일
2022-02-27,일산선,주엽,4011,4006,8017,5,2,27,일
2022-02-27,일산선,대화,5687,4960,10647,727,2,27,일
2022-02-27,장항선,봉명,501,516,1017,-15,2,27,일
2022-02-27,장항선,쌍용(나사렛대),979,1007,1986,-28,2,27,일
2022-02-27,장항선,아산,2352,1689,4041,663,2,27,일
2022-02-27,장항선,탕정,330,320,650,10,2,27,일
2022-02-27,장항선,배방,674,763,1437,-89,2,27,일
2022-02-27,장항선,온양온천,2762,2840,5602,-78,2,27,일
2022-02-27,장항선,신창(순천향대),861,1275,2136,-414,2,27,일
2022-02-27,중앙선,회기,14185,14270,28455,-85,2,27,일
2022-02-27,중앙선,중랑,2889,2841,5730,48,2,27,일
2022-02-27,중앙선,상봉(시외버스터미널),3208,3179,6387,29,2,27,일
2022-02-27,중앙선,망우,4114,4063,8177,51,2,27,일
2022-02-27,중앙선,양원,1089,1094,2183,-5,2,27,일
2022-02-27,중앙선,구리,6401,6710,13111,-309,2,27,일
2022-02-27,우이신설선,솔밭공원,1201,1168,2369,33,2,27,일
2022-02-27,우이신설선,4.19민주묘지,1798,1609,3407,189,2,27,일
2022-02-27,우이신설선,가오리,2005,1868,3873,137,2,27,일
2022-02-27,우이신설선,화계,1883,1776,3659,107,2,27,일
2022-02-27,1호선,서울역,21220,19479,40699,1741,2,27,일
2022-02-27,1호선,동묘앞,11213,11392,22605,-179,2,27,일
2022-02-27,1호선,시청,6975,6898,13873,77,2,27,일
2022-02-27,1호선,종각,11166,9716,20882,1450,2,27,일
2022-02-27,1호선,종로3가,12266,10969,23235,1297,2,27,일
2022-02-27,1호선,종로5가,8070,7938,16008,132,2,27,일
2022-02-27,1호선,동대문,7794,8256,16050,-462,2,27,일
2022-02-27,1호선,신설동,7069,6949,14018,120,2,27,일
2022-02-27,1호선,제기동,8911,9282,18193,-371,2,27,일
2022-02-27,1호선,청량리(서울시립대입구),11597,11864,23461,-267,2,27,일
2022-02-27,2호선,을지로입구,13599,12688,26287,911,2,27,일
2022-02-27,2호선,을지로3가,6902,6568,13470,334,2,27,일
2022-02-27,2호선,을지로4가,3126,3044,6170,82,2,27,일
2022-02-27,2호선,동대문역사문화공원(DDP),6664,8099,14763,-1435,2,27,일
2022-02-27,2호선,신당,7137,7735,14872,-598,2,27,일
2022-02-27,2호선,상왕십리,6203,6261,12464,-58,2,27,일
2022-02-27,2호선,왕십리(성동구청),8322,7318,15640,1004,2,27,일
2022-02-27,2호선,한양대,2363,2550,4913,-187,2,27,일
2022-02-27,2호선,뚝섬,9457,9609,19066,-152,2,27,일
2022-02-27,2호선,성수,12804,13874,26678,-1070,2,27,일
2022-02-27,2호선,건대입구,23569,24069,47638,-500,2,27,일
2022-02-27,2호선,구의(광진구청),10247,10405,20652,-158,2,27,일
2022-02-27,2호선,강변(동서울터미널),16638,16456,33094,182,2,27,일
2022-02-27,2호선,잠실나루,4375,4436,8811,-61,2,27,일
2022-02-27,2호선,잠실(송파구청),40936,38328,79264,2608,2,27,일
2022-02-28,2호선,이대,12764,13749,26513,-985,2,28,월
2022-02-28,2호선,아현,8950,8504,17454,446,2,28,월
2022-02-28,2호선,충정로(경기대입구),8535,8954,17489,-419,2,28,월
2022-02-28,2호선,용답,2566,2537,5103,29,2,28,월
2022-02-28,2호선,신답,1445,1682,3127,-237,2,28,월
2022-02-28,2호선,신설동,3048,3165,6213,-117,2,28,월
2022-02-28,2호선,도림천,1203,1217,2420,-14,2,28,월
2022-02-28,2호선,양천구청,5961,6198,12159,-237,2,28,월
2022-02-28,2호선,신정네거리,8903,9168,18071,-265,2,28,월
2022-02-28,2호선,용두(동대문구청),2198,2269,4467,-71,2,28,월
2022-02-28,3호선,지축,4106,3938,8044,168,2,28,월
2022-02-28,3호선,구파발,18342,17446,35788,896,2,28,월
2022-02-28,3호선,연신내,32965,31273,64238,1692,2,28,월
2022-02-28,3호선,불광,14469,15629,30098,-1160,2,28,월
2022-02-28,3호선,녹번,13560,12285,25845,1275,2,28,월
2022-02-28,3호선,홍제,15655,14861,30516,794,2,28,월
2022-02-28,3호선,무악재,3339,3431,6770,-92,2,28,월
2022-02-28,3호선,독립문,6053,6209,12262,-156,2,28,월
2022-02-28,3호선,경복궁(정부서울청사),16409,16468,32877,-59,2,28,월
2022-02-28,3호선,안국,15518,16466,31984,-948,2,28,월
2022-02-28,3호선,종로3가,9419,11156,20575,-1737,2,28,월
2022-02-28,3호선,을지로3가,8817,9115,17932,-298,2,28,월
2022-02-28,3호선,충무로,1,0,1,1,2,28,월
2022-02-28,3호선,동대입구,7191,7583,14774,-392,2,28,월
2022-02-28,3호선,약수,11428,10942,22370,486,2,28,월
2022-02-28,3호선,금호,6848,6392,13240,456,2,28,월
2022-02-28,3호선,옥수,7581,7876,15457,-295,2,28,월
2022-02-28,3호선,압구정,28631,30286,58917,-1655,2,28,월
2022-02-28,3호선,신사,27435,28457,55892,-1022,2,28,월
2022-02-28,3호선,잠원,4143,3958,8101,185,2,28,월
2022-02-28,3호선,고속터미널,35460,34105,69565,1355,2,28,월
2022-02-28,3호선,교대(법원.검찰청),11975,7909,19884,4066,2,28,월
2022-02-28,3호선,남부터미널(예술의전당),23641,24042,47683,-401,2,28,월
2022-02-28,3호선,양재(서초구청),31504,34508,66012,-3004,2,28,월
2022-02-28,3호선,매봉,10293,9874,20167,419,2,28,월
2022-02-28,3호선,도곡,4474,4698,9172,-224,2,28,월
2022-02-28,3호선,대치,10043,9971,20014,72,2,28,월
2022-02-28,3호선,학여울,1509,1485,2994,24,2,28,월
2022-02-28,3호선,대청,8733,7976,16709,757,2,28,월
2022-02-28,3호선,일원,8697,8413,17110,284,2,28,월
2022-02-28,3호선,수서,14531,14682,29213,-151,2,28,월
2022-02-28,3호선,가락시장,7643,7490,15133,153,2,28,월
2022-02-28,3호선,경찰병원,6309,6306,12615,3,2,28,월
2022-02-28,3호선,오금,5172,4695,9867,477,2,28,월
2022-02-28,4호선,당고개,11481,10449,21930,1032,2,28,월
2022-02-28,4호선,상계,16745,15469,32214,1276,2,28,월
2022-02-28,4호선,노원,16636,18823,35459,-2187,2,28,월
2022-02-28,4호선,창동,23184,24504,47688,-1320,2,28,월
2022-02-28,4호선,쌍문,26115,23941,50056,2174,2,28,월
2022-02-28,4호선,수유(강북구청),30897,31078,61975,-181,2,28,월
2022-02-28,4호선,미아(서울사이버대학),13602,13210,26812,392,2,28,월
2022-02-28,4호선,미아사거리,24415,24034,48449,381,2,28,월
2022-02-28,4호선,길음,17895,17372,35267,523,2,28,월
2022-02-28,4호선,성신여대입구(돈암),17910,17288,35198,622,2,28,월
2022-02-28,4호선,한성대입구(삼선교),11101,11100,22201,1,2,28,월
2022-02-28,중앙선,중랑,5047,4883,9930,164,2,28,월
2022-02-28,중앙선,상봉(시외버스터미널),5198,5171,10369,27,2,28,월
2022-02-28,중앙선,망우,6784,6731,13515,53,2,28,월
2022-02-28,중앙선,양원,2046,1979,4025,67,2,28,월
2022-02-28,중앙선,구리,12068,12209,24277,-141,2,28,월
2022-02-28,중앙선,도농,9164,8338,17502,826,2,28,월
2022-02-28,중앙선,양정,648,552,1200,96,2,28,월
2022-02-28,중앙선,덕소,4984,5000,9984,-16,2,28,월
2022-02-28,중앙선,도심,2062,1618,3680,444,2,28,월
2022-02-28,중앙선,팔당,737,820,1557,-83,2,28,월
2022-02-28,중앙선,운길산,615,577,1192,38,2,28,월
2022-02-28,중앙선,양수,1618,1648,3266,-30,2,28,월
2022-02-28,중앙선,신원,192,144,336,48,2,28,월
2022-02-28,중앙선,국수,623,626,1249,-3,2,28,월
2022-02-28,중앙선,아신,468,500,968,-32,2,28,월
2022-02-28,중앙선,오빈,264,265,529,-1,2,28,월
2022-02-28,중앙선,양평,3248,3211,6459,37,2,28,월
2022-02-28,중앙선,원덕,333,321,654,12,2,28,월
2022-02-28,중앙선,용문,1499,1518,3017,-19,2,28,월
2022-02-28,중앙선,지평,62,57,119,5,2,28,월
2022-02-28,일산선,주엽,7890,8004,15894,-114,2,28,월
2022-02-28,일산선,정발산,6607,6630,13237,-23,2,28,월
2022-02-28,일산선,마두,6715,6817,13532,-102,2,28,월
2022-02-28,일산선,백석,8682,8758,17440,-76,2,28,월
2022-02-28,일산선,대곡,1675,1340,3015,335,2,28,월
2022-02-28,일산선,화정,15415,15711,31126,-296,2,28,월
2022-02-28,2호선,왕십리(성동구청),13877,11973,25850,1904,2,28,월
2022-02-28,2호선,상왕십리,12534,12085,24619,449,2,28,월
2022-02-28,2호선,신당,12419,13052,25471,-633,2,28,월
2022-02-28,2호선,동대문역사문화공원(DDP),10510,12066,22576,-1556,2,28,월
2022-02-28,2호선,을지로4가,11308,11427,22735,-119,2,28,월
2022-02-28,2호선,을지로3가,18358,18524,36882,-166,2,28,월
2022-02-28,2호선,을지로입구,32086,32701,64787,-615,2,28,월
2022-02-28,2호선,시청,19376,18935,38311,441,2,28,월
2022-02-28,1호선,동묘앞,7188,7339,14527,-151,2,28,월
2022-02-28,1호선,청량리(서울시립대입구),18473,18410,36883,63,2,28,월
2022-02-28,1호선,제기동,15913,16250,32163,-337,2,28,월
2022-02-28,1호선,신설동,12533,12300,24833,233,2,28,월
2022-02-28,1호선,동대문,10159,9709,19868,450,2,28,월
2022-02-28,1호선,종로5가,20531,20461,40992,70,2,28,월
2022-02-28,1호선,종로3가,23565,21630,45195,1935,2,28,월
2022-02-28,1호선,종각,27981,27637,55618,344,2,28,월
2022-02-28,1호선,시청,17878,18388,36266,-510,2,28,월
2022-02-28,1호선,서울역,37038,34360,71398,2678,2,28,월
2022-02-28,2호선,한양대,6148,6480,12628,-332,2,28,월
2022-02-28,2호선,뚝섬,18456,19899,38355,-1443,2,28,월
2022-02-28,2호선,성수,32001,34804,66805,-2803,2,28,월
2022-02-28,2호선,건대입구,32198,34466,66664,-2268,2,28,월
2022-02-28,2호선,구의(광진구청),20999,20987,41986,12,2,28,월
2022-02-28,2호선,강변(동서울터미널),26230,24850,51080,1380,2,28,월
2022-02-28,2호선,잠실나루,12299,11871,24170,428,2,28,월
2022-02-28,2호선,잠실(송파구청),58643,57996,116639,647,2,28,월
2022-02-28,2호선,잠실새내,18376,18593,36969,-217,2,28,월
2022-02-28,2호선,종합운동장,6051,6385,12436,-334,2,28,월
2022-02-28,2호선,삼성(무역센터),39986,40281,80267,-295,2,28,월
2022-02-28,2호선,선릉,47826,42385,90211,5441,2,28,월
2022-02-28,2호선,역삼,42072,47655,89727,-5583,2,28,월
2022-02-28,2호선,강남,75033,73663,148696,1370,2,28,월
2022-02-28,2호선,교대(법원.검찰청),29889,33295,63184,-3406,2,28,월
2022-02-28,2호선,서초,17778,17236,35014,542,2,28,월
2022-02-28,2호선,방배,13466,13780,27246,-314,2,28,월
2022-02-28,2호선,사당,30262,34022,64284,-3760,2,28,월
2022-02-28,2호선,낙성대(강감찬),23770,23087,46857,683,2,28,월
2022-02-28,2호선,서울대입구(관악구청),42172,41856,84028,316,2,28,월
2022-02-28,2호선,봉천,21387,19987,41374,1400,2,28,월
2022-02-28,2호선,신림,56674,55484,112158,1190,2,28,월
2022-02-28,2호선,신대방,23442,23140,46582,302,2,28,월
2022-02-28,2호선,구로디지털단지,51012,51081,102093,-69,2,28,월
2022-02-28,2호선,대림(구로구청),21710,22163,43873,-453,2,28,월
2022-02-28,2호선,신도림,41356,41389,82745,-33,2,28,월
2022-02-28,2호선,문래,18514,19021,37535,-507,2,28,월
2022-02-28,2호선,영등포구청,20418,20824,41242,-406,2,28,월
2022-02-28,7호선,천왕,9825,9282,19107,543,2,28,월
2022-02-28,5호선,거여,8480,8198,16678,282,2,28,월
2022-02-28,일산선,원당,9880,9249,19129,631,2,28,월
2022-02-28,4호선,혜화,27089,27152,54241,-63,2,28,월
2022-02-28,4호선,동대문,18212,18918,37130,-706,2,28,월
2022-02-28,4호선,동대문역사문화공원(DDP),13155,12174,25329,981,2,28,월
2022-02-28,4호선,충무로,22939,24043,46982,-1104,2,28,월
2022-02-28,4호선,명동,15540,16264,31804,-724,2,28,월
2022-02-28,4호선,회현(남대문시장),21280,22449,43729,-1169,2,28,월
2022-02-28,4호선,서울역,9153,13347,22500,-4194,2,28,월
2022-02-28,4호선,숙대입구(갈월),11469,11204,22673,265,2,28,월
2022-02-28,4호선,삼각지,4069,4643,8712,-574,2,28,월
2022-02-28,4호선,신용산,13592,14416,28008,-824,2,28,월
2022-02-28,4호선,이촌(국립중앙박물관),6548,7116,13664,-568,2,28,월
2022-02-28,4호선,동작(현충원),1344,1516,2860,-172,2,28,월
2022-02-28,4호선,총신대입구(이수),16722,18180,34902,-1458,2,28,월
2022-02-28,4호선,사당,20580,17270,37850,3310,2,28,월
2022-02-28,4호선,남태령,1002,858,1860,144,2,28,월
2022-02-28,5호선,개화산,5008,4736,9744,272,2,28,월
2022-02-28,5호선,김포공항,6648,6467,13115,181,2,28,월
2022-02-28,5호선,송정,6070,5817,11887,253,2,28,월
2022-02-28,5호선,마곡,9180,9110,18290,70,2,28,월
2022-02-28,5호선,발산,17835,18598,36433,-763,2,28,월
2022-02-28,5호선,우장산,12250,12101,24351,149,2,28,월
2022-02-28,5호선,화곡,25750,23861,49611,1889,2,28,월
2022-02-28,5호선,까치산,26136,25056,51192,1080,2,28,월
2022-02-28,5호선,신정(은행정),12165,9913,22078,2252,2,28,월
2022-02-28,5호선,목동,14694,15832,30526,-1138,2,28,월
2022-02-28,5호선,오목교(목동운동장앞),19462,20493,39955,-1031,2,28,월
2022-02-28,5호선,양평,6415,6369,12784,46,2,28,월
2022-02-28,5호선,영등포구청,3535,3643,7178,-108,2,28,월
2022-02-28,5호선,영등포시장,9010,9359,18369,-349,2,28,월
2022-02-28,5호선,신길,3631,3860,7491,-229,2,28,월
2022-02-28,5호선,여의도,24843,25703,50546,-860,2,28,월
2022-02-28,5호선,여의나루,8813,10276,19089,-1463,2,28,월
2022-02-28,5호선,마포,12221,12600,24821,-379,2,28,월
2022-02-28,5호선,공덕,11737,12500,24237,-763,2,28,월
2022-02-28,5호선,애오개,5832,5905,11737,-73,2,28,월
2022-02-28,5호선,충정로(경기대입구),3948,3887,7835,61,2,28,월
2022-02-28,5호선,서대문,15268,15642,30910,-374,2,28,월
2022-02-28,5호선,광화문(세종문화회관),23657,24448,48105,-791,2,28,월
2022-02-28,5호선,종로3가,11261,11591,22852,-330,2,28,월
2022-02-28,5호선,을지로4가,5299,5498,10797,-199,2,28,월
2022-02-28,5호선,동대문역사문화공원(DDP),2371,2778,5149,-407,2,28,월
2022-02-28,5호선,청구,3589,3276,6865,313,2,28,월
2022-02-28,5호선,신금호,5450,5576,11026,-126,2,28,월
2022-02-28,5호선,왕십리(성동구청),4279,4801,9080,-522,2,28,월
2022-02-28,5호선,마장,4992,4607,9599,385,2,28,월
2022-02-28,5호선,답십리,14118,13080,27198,1038,2,28,월
2022-02-28,5호선,장한평,16150,16143,32293,7,2,28,월
2022-02-28,5호선,군자(능동),9944,10898,20842,-954,2,28,월
2022-02-28,5호선,아차산(어린이대공원후문),12324,11985,24309,339,2,28,월
2022-02-28,5호선,광나루(장신대),11161,10140,21301,1021,2,28,월
2022-02-28,5호선,천호(풍납토성),16158,15913,32071,245,2,28,월
2022-02-28,5호선,강동,15635,14968,30603,667,2,28,월
2022-02-28,5호선,길동,7306,7698,15004,-392,2,28,월
2022-02-28,5호선,굽은다리(강동구민회관앞),8479,8060,16539,419,2,28,월
2022-02-28,5호선,명일,7345,7599,14944,-254,2,28,월
2022-02-28,5호선,고덕,7994,8219,16213,-225,2,28,월
2022-02-28,5호선,상일동,12869,11703,24572,1166,2,28,월
2022-02-28,5호선,둔촌동,7650,7805,15455,-155,2,28,월
2022-02-28,5호선,올림픽공원(한국체대),3640,3209,6849,431,2,28,월
2022-02-28,5호선,방이,5921,6041,11962,-120,2,28,월
2022-02-28,5호선,오금,3052,3022,6074,30,2,28,월
2022-02-28,5호선,개롱,5480,5692,11172,-212,2,28,월
2022-02-28,5호선,마천,6125,5960,12085,165,2,28,월
2022-02-28,5호선,강일,3389,3277,6666,112,2,28,월
2022-02-28,5호선,미사,13710,13582,27292,128,2,28,월
2022-02-28,5호선,하남풍산,3553,3646,7199,-93,2,28,월
2022-02-28,5호선,하남시청(덕풍·신장),5870,5619,11489,251,2,28,월
2022-02-28,5호선,하남검단산,4918,4776,9694,142,2,28,월
2022-02-28,6호선,응암,15693,15570,31263,123,2,28,월
2022-02-28,6호선,역촌,3549,4088,7637,-539,2,28,월
2022-02-28,6호선,불광,3944,3803,7747,141,2,28,월
2022-02-28,6호선,독바위,2353,2478,4831,-125,2,28,월
2022-02-28,6호선,연신내,1,0,1,1,2,28,월
2022-02-28,6호선,구산,6721,5162,11883,1559,2,28,월
2022-02-28,6호선,새절(신사),11117,10425,21542,692,2,28,월
2022-02-28,6호선,증산(명지대앞),9085,8905,17990,180,2,28,월
2022-02-28,6호선,디지털미디어시티,11497,12485,23982,-988,2,28,월
2022-02-28,6호선,월드컵경기장(성산),3748,3845,7593,-97,2,28,월
2022-02-28,6호선,마포구청,12693,11490,24183,1203,2,28,월
2022-02-28,6호선,망원,12259,13287,25546,-1028,2,28,월
2022-02-28,6호선,합정,11528,11232,22760,296,2,28,월
2022-02-28,6호선,상수,7365,8148,15513,-783,2,28,월
2022-02-28,6호선,광흥창(서강),7837,7469,15306,368,2,28,월
2022-02-28,6호선,대흥(서강대앞),6908,7121,14029,-213,2,28,월
2022-02-28,6호선,공덕,15919,15378,31297,541,2,28,월
2022-02-28,6호선,효창공원앞,6199,5689,11888,510,2,28,월
2022-02-28,6호선,삼각지,5074,4445,9519,629,2,28,월
2022-02-28,6호선,녹사평(용산구청),4050,4079,8129,-29,2,28,월
2022-02-28,6호선,이태원,8826,9202,18028,-376,2,28,월
2022-02-28,6호선,한강진,6019,7177,13196,-1158,2,28,월
2022-02-28,6호선,버티고개,1737,1830,3567,-93,2,28,월
2022-02-28,6호선,약수,3259,3237,6496,22,2,28,월
2022-02-28,6호선,청구,3293,3534,6827,-241,2,28,월
2022-02-28,6호선,신당,7625,8013,15638,-388,2,28,월
2022-02-28,6호선,동묘앞,7297,7441,14738,-144,2,28,월
2022-02-28,6호선,창신,2864,2355,5219,509,2,28,월
2022-02-28,6호선,보문,6482,5941,12423,541,2,28,월
2022-02-28,6호선,안암(고대병원앞),10232,10174,20406,58,2,28,월
2022-02-28,6호선,고려대(종암),7200,7175,14375,25,2,28,월
2022-02-28,6호선,월곡(동덕여대),10571,10473,21044,98,2,28,월
2022-02-28,6호선,상월곡(한국과학기술연구원),5432,4820,10252,612,2,28,월
2022-02-28,6호선,돌곶이,8223,7718,15941,505,2,28,월
2022-02-28,6호선,석계,11000,11454,22454,-454,2,28,월
2022-02-28,6호선,태릉입구,4944,5364,10308,-420,2,28,월
2022-02-28,6호선,화랑대(서울여대입구),10097,7898,17995,2199,2,28,월
2022-02-28,6호선,봉화산(서울의료원),7731,7290,15021,441,2,28,월
2022-02-28,7호선,장암,1901,709,2610,1192,2,28,월
2022-02-28,7호선,도봉산,7790,8757,16547,-967,2,28,월
2022-02-28,7호선,수락산,11300,10987,22287,313,2,28,월
2022-02-28,7호선,마들,11306,10619,21925,687,2,28,월
2022-02-28,7호선,노원,18383,19174,37557,-791,2,28,월
2022-02-28,7호선,중계,12074,10778,22852,1296,2,28,월
2022-02-28,7호선,하계,14920,13897,28817,1023,2,28,월
2022-02-28,7호선,공릉(서울과학기술대),11077,11069,22146,8,2,28,월
2022-02-28,7호선,태릉입구,7354,7071,14425,283,2,28,월
2022-02-28,7호선,먹골,9137,9026,18163,111,2,28,월
2022-02-28,7호선,중화,9622,9400,19022,222,2,28,월
2022-02-28,7호선,상봉(시외버스터미널),15035,14175,29210,860,2,28,월
2022-02-28,7호선,면목,13822,13330,27152,492,2,28,월
2022-02-28,7호선,사가정,14275,14389,28664,-114,2,28,월
2022-02-28,7호선,용마산(용마폭포공원),5326,5201,10527,125,2,28,월
2022-02-28,7호선,중곡,9402,9094,18496,308,2,28,월
2022-02-28,7호선,군자(능동),13192,10767,23959,2425,2,28,월
2022-02-28,7호선,어린이대공원(세종대),10892,10995,21887,-103,2,28,월
2022-02-28,7호선,건대입구,10958,11650,22608,-692,2,28,월
2022-02-28,7호선,뚝섬유원지,7348,6940,14288,408,2,28,월
2022-02-28,7호선,청담,15971,17822,33793,-1851,2,28,월
2022-02-28,7호선,강남구청,13462,14726,28188,-1264,2,28,월
2022-02-28,7호선,학동,19696,20925,40621,-1229,2,28,월
2022-02-28,7호선,논현,17617,19110,36727,-1493,2,28,월
2022-02-28,7호선,반포,5048,4907,9955,141,2,28,월
2022-02-28,7호선,고속터미널,13962,11511,25473,2451,2,28,월
2022-02-28,7호선,내방,12421,12716,25137,-295,2,28,월
2022-02-28,7호선,이수,13940,13633,27573,307,2,28,월
2022-02-28,7호선,남성,9755,9122,18877,633,2,28,월
2022-02-28,7호선,숭실대입구(살피재),10390,10676,21066,-286,2,28,월
2022-02-28,7호선,상도,9572,9305,18877,267,2,28,월
2022-02-28,7호선,장승배기,8300,8162,16462,138,2,28,월
2022-02-28,7호선,신대방삼거리,14781,14152,28933,629,2,28,월
2022-02-28,7호선,보라매,8334,8139,16473,195,2,28,월
2022-02-28,7호선,신풍,10195,9590,19785,605,2,28,월
2022-02-28,7호선,대림(구로구청),7270,7379,14649,-109,2,28,월
2022-02-28,7호선,남구로,13618,14325,27943,-707,2,28,월
2022-02-28,7호선,가산디지털단지,37320,37388,74708,-68,2,28,월
2022-02-28,7호선,철산,18279,18650,36929,-371,2,28,월
2022-02-28,7호선,광명사거리,20041,19623,39664,418,2,28,월
2022-02-28,7호선,온수(성공회대입구),8627,7851,16478,776,2,28,월
2022-02-28,7호선,까치울,1,0,1,1,2,28,월
2022-02-28,8호선,암사,16407,14563,30970,1844,2,28,월
2022-02-28,8호선,천호(풍납토성),12785,15006,27791,-2221,2,28,월
2022-02-28,8호선,강동구청,9389,9640,19029,-251,2,28,월
2022-02-28,8호선,몽촌토성(평화의문),5176,5105,10281,71,2,28,월
2022-02-28,8호선,잠실(송파구청),11947,14031,25978,-2084,2,28,월
2022-02-28,8호선,석촌,6901,7950,14851,-1049,2,28,월
2022-02-28,8호선,송파,6440,6408,12848,32,2,28,월
2022-02-28,8호선,가락시장,6846,7642,14488,-796,2,28,월
2022-02-28,8호선,문정,17474,18586,36060,-1112,2,28,월
2022-02-28,8호선,장지,14361,13775,28136,586,2,28,월
2022-02-28,8호선,복정,7640,6607,14247,1033,2,28,월
2022-02-28,8호선,산성,4606,4461,9067,145,2,28,월
2022-02-28,8호선,남한산성입구(성남법원.검찰청),11874,10803,22677,1071,2,28,월
2022-02-28,8호선,단대오거리,9343,8972,18315,371,2,28,월
2022-02-28,8호선,신흥,3906,4288,8194,-382,2,28,월
2022-02-28,8호선,수진,4799,4331,9130,468,2,28,월
2022-02-28,8호선,모란,4011,3158,7169,853,2,28,월
2022-02-28,8호선,남위례,3545,3736,7281,-191,2,28,월
2022-02-28,9호선,개화,2110,1581,3691,529,2,28,월
2022-02-28,9호선,김포공항,6938,9631,16569,-2693,2,28,월
2022-02-28,9호선,공항시장,2800,2924,5724,-124,2,28,월
2022-02-28,9호선,신방화,6064,5828,11892,236,2,28,월
2022-02-28,9호선,마곡나루(서울식물원),9822,9811,19633,11,2,28,월
2022-02-28,9호선,양천향교,8211,8300,16511,-89,2,28,월
2022-02-28,9호선,가양,17988,17507,35495,481,2,28,월
2022-02-28,9호선,증미,6361,6313,12674,48,2,28,월
2022-02-28,9호선,등촌,10483,10175,20658,308,2,28,월
2022-02-28,9호선,염창,14665,14276,28941,389,2,28,월
2022-02-28,9호선,신목동,3333,2897,6230,436,2,28,월
2022-02-28,9호선,선유도,7085,6984,14069,101,2,28,월
2022-02-28,9호선,당산,15532,15399,30931,133,2,28,월
2022-02-28,9호선,국회의사당,13101,13530,26631,-429,2,28,월
2022-02-28,9호선,여의도,23641,22928,46569,713,2,28,월
2022-02-28,9호선,샛강,4774,4976,9750,-202,2,28,월
2022-02-28,9호선,노량진,22728,22014,44742,714,2,28,월
2022-02-28,9호선,노들,3802,3224,7026,578,2,28,월
2022-02-28,9호선,흑석(중앙대입구),7440,7857,15297,-417,2,28,월
2022-02-28,9호선,동작(현충원),1755,1465,3220,290,2,28,월
2022-02-28,9호선,구반포,1109,1177,2286,-68,2,28,월
2022-02-28,9호선,신반포,2892,2825,5717,67,2,28,월
2022-02-28,9호선,고속터미널,10478,13604,24082,-3126,2,28,월
2022-02-28,9호선,사평,2929,2866,5795,63,2,28,월
2022-02-28,9호선,신논현,28240,28052,56292,188,2,28,월
2022-02-28,9호선2~3단계,언주,8557,8845,17402,-288,2,28,월
2022-02-28,9호선2~3단계,선정릉,7716,8517,16233,-801,2,28,월
2022-02-28,9호선2~3단계,삼성중앙,5562,5875,11437,-313,2,28,월
2022-02-28,9호선2~3단계,봉은사,12413,12781,25194,-368,2,28,월
2022-02-28,9호선2~3단계,종합운동장,3602,3636,7238,-34,2,28,월
2022-02-28,9호선2~3단계,삼전,6170,5894,12064,276,2,28,월
2022-02-28,9호선2~3단계,석촌고분,5343,5198,10541,145,2,28,월
2022-02-28,9호선2~3단계,석촌,7441,6525,13966,916,2,28,월
2022-02-28,9호선2~3단계,송파나루,4371,4584,8955,-213,2,28,월
2022-02-28,9호선2~3단계,한성백제,2148,1951,4099,197,2,28,월
2022-02-28,9호선2~3단계,올림픽공원(한국체대),4914,4933,9847,-19,2,28,월
2022-02-28,9호선2~3단계,둔촌오륜,860,848,1708,12,2,28,월
2022-02-28,9호선2~3단계,중앙보훈병원,9094,8062,17156,1032,2,28,월
2022-02-28,경강선,판교,3763,3747,7510,16,2,28,월
2022-02-28,경강선,이매,982,769,1751,213,2,28,월
2022-02-28,경강선,삼동,1990,1834,3824,156,2,28,월
2022-02-28,경강선,경기광주,6464,6130,12594,334,2,28,월
2022-02-28,경강선,초월,2658,2547,5205,111,2,28,월
2022-02-28,경강선,곤지암,1909,1834,3743,75,2,28,월
2022-02-28,경강선,신둔도예촌,1157,1099,2256,58,2,28,월
2022-02-28,경강선,이천,2328,2433,4761,-105,2,28,월
2022-02-28,경강선,부발,1770,1672,3442,98,2,28,월
2022-02-28,경강선,세종대왕릉,265,250,515,15,2,28,월
2022-02-28,경강선,여주,1767,1839,3606,-72,2,28,월
2022-02-28,경부선,서울역,5715,1701,7416,4014,2,28,월
2022-02-28,경부선,남영,7784,8179,15963,-395,2,28,월
2022-02-28,경부선,용산,29126,29418,58544,-292,2,28,월
2022-02-28,경부선,노량진,7046,7053,14099,-7,2,28,월
2022-02-28,경부선,대방,11018,11446,22464,-428,2,28,월
2022-02-28,경부선,영등포,33857,34616,68473,-759,2,28,월
2022-02-28,경부선,신도림,3816,3638,7454,178,2,28,월
2022-02-28,경부선,신길,7702,6469,14171,1233,2,28,월
2022-02-28,경부선,구로,16803,16863,33666,-60,2,28,월
2022-02-28,경부선,가산디지털단지,15218,17670,32888,-2452,2,28,월
2022-02-28,경부선,금천구청,10544,10612,21156,-68,2,28,월
2022-02-28,경부선,석수,8342,7485,15827,857,2,28,월
2022-02-28,경부선,관악,6209,5736,11945,473,2,28,월
2022-02-28,경부선,안양,18732,18798,37530,-66,2,28,월
2022-02-28,경부선,명학,7690,7567,15257,123,2,28,월
2022-02-28,경부선,금정,22493,22814,45307,-321,2,28,월
2022-02-28,경부선,군포,6599,6643,13242,-44,2,28,월
2022-02-28,경부선,의왕,7663,7735,15398,-72,2,28,월
2022-02-28,경부선,성균관대,12031,12130,24161,-99,2,28,월
2022-02-28,경부선,화서,6733,6346,13079,387,2,28,월
2022-02-28,경부선,수원,30970,32535,63505,-1565,2,28,월
2022-02-28,경부선,독산,16129,16729,32858,-600,2,28,월
2022-02-28,경부선,세류,2594,2371,4965,223,2,28,월
2022-02-28,경부선,병점,12317,12497,24814,-180,2,28,월
2022-02-28,경부선,세마,2504,2275,4779,229,2,28,월
2022-02-28,경부선,오산대,2839,2684,5523,155,2,28,월
2022-02-28,경부선,오산,8651,8746,17397,-95,2,28,월
2022-02-28,경부선,진위,1323,1187,2510,136,2,28,월
2022-02-28,경부선,송탄,4059,3868,7927,191,2,28,월
2022-02-28,경부선,서정리,6146,5760,11906,386,2,28,월
2022-02-28,경부선,평택지제,3080,2942,6022,138,2,28,월
2022-02-28,경부선,평택,10568,10513,21081,55,2,28,월
2022-02-28,경부선,성환,2837,3012,5849,-175,2,28,월
2022-02-28,경부선,직산,685,656,1341,29,2,28,월
2022-02-28,경부선,두정,4734,5132,9866,-398,2,28,월
2022-02-28,경부선,천안,4642,4938,9580,-296,2,28,월
2022-02-28,경부선,당정,5314,5162,10476,152,2,28,월
2022-02-28,경부선,서동탄,1188,1085,2273,103,2,28,월
2022-02-28,경부선,광명,2912,2402,5314,510,2,28,월
2022-02-28,경원선,이촌(국립중앙박물관),3111,2420,5531,691,2,28,월
2022-02-28,경원선,서빙고,1610,1531,3141,79,2,28,월
2022-02-28,경원선,한남,3759,3508,7267,251,2,28,월
2022-02-28,경원선,옥수,58,38,96,20,2,28,월
2022-02-28,경원선,응봉,1578,1359,2937,219,2,28,월
2022-02-28,경원선,왕십리(성동구청),12415,14039,26454,-1624,2,28,월
2022-02-28,경원선,청량리(서울시립대입구),13807,13912,27719,-105,2,28,월
2022-02-28,경원선,외대앞,7008,7103,14111,-95,2,28,월
2022-02-28,경원선,신이문,7671,7131,14802,540,2,28,월
2022-02-28,경원선,석계,7413,8253,15666,-840,2,28,월
2022-02-28,경원선,광운대,6812,6691,13503,121,2,28,월
2022-02-28,우이신설선,정릉,4114,3662,7776,452,2,28,월
2022-02-28,경원선,월계,5635,5393,11028,242,2,28,월
2022-02-28,경원선,녹천,4198,3493,7691,705,2,28,월
2022-02-28,경원선,창동,1,0,1,1,2,28,월
2022-02-28,경원선,방학,8749,8523,17272,226,2,28,월
2022-02-28,경원선,도봉,5592,5277,10869,315,2,28,월
2022-02-28,경원선,도봉산,6790,4455,11245,2335,2,28,월
2022-02-28,경원선,망월사,6919,6979,13898,-60,2,28,월
2022-02-28,경원선,회룡,11420,11228,22648,192,2,28,월
2022-02-28,경원선,의정부,16938,17377,34315,-439,2,28,월
2022-02-28,경원선,가능,5876,5659,11535,217,2,28,월
2022-02-28,경원선,녹양,3974,3804,7778,170,2,28,월
2022-02-28,경원선,양주,6814,6338,13152,476,2,28,월
2022-02-28,경원선,덕계,2636,2457,5093,179,2,28,월
2022-02-28,경원선,덕정,4821,4695,9516,126,2,28,월
2022-02-28,경원선,지행,5864,5710,11574,154,2,28,월
2022-02-28,경원선,동두천중앙,2717,2602,5319,115,2,28,월
2022-02-28,경원선,보산,1335,1226,2561,109,2,28,월
2022-02-28,경원선,동두천,1870,2012,3882,-142,2,28,월
2022-02-28,경원선,소요산,2247,1845,4092,402,2,28,월
2022-02-28,우이신설선,북한산보국문,5256,5114,10370,142,2,28,월
2022-02-28,경의선,서울역,3487,4655,8142,-1168,2,28,월
2022-02-28,경의선,신촌,803,1008,1811,-205,2,28,월
2022-02-28,경의선,효창공원앞,2618,2985,5603,-367,2,28,월
2022-02-28,경의선,공덕,3053,2729,5782,324,2,28,월
2022-02-28,경의선,서강대,1889,1839,3728,50,2,28,월
2022-02-28,경의선,홍대입구,1489,1715,3204,-226,2,28,월
2022-02-28,경의선,가좌,4620,4549,9169,71,2,28,월
2022-02-28,경의선,디지털미디어시티,2153,1965,4118,188,2,28,월
2022-02-28,우이신설선,솔샘,5086,4791,9877,295,2,28,월
2022-02-28,경의선,수색,2496,2558,5054,-62,2,28,월
2022-02-28,경의선,화전,1437,1411,2848,26,2,28,월
2022-02-28,경의선,강매,2761,2333,5094,428,2,28,월
2022-02-28,경의선,행신,6679,6797,13476,-118,2,28,월
2022-02-28,경의선,능곡,3349,3013,6362,336,2,28,월
2022-02-28,경의선,곡산,523,521,1044,2,2,28,월
2022-02-28,경의선,백마,6270,5894,12164,376,2,28,월
2022-02-28,경의선,풍산,4823,4447,9270,376,2,28,월
2022-02-28,경의선,일산,8841,8738,17579,103,2,28,월
2022-02-28,경의선,탄현,6830,6472,13302,358,2,28,월
2022-02-28,경의선,야당,6795,6577,13372,218,2,28,월
2022-02-28,경의선,운정,6117,5704,11821,413,2,28,월
2022-02-28,경의선,금릉,4244,4088,8332,156,2,28,월
2022-02-28,경의선,금촌,5967,5812,11779,155,2,28,월
2022-02-28,경의선,월롱,2150,1974,4124,176,2,28,월
2022-02-28,경의선,파주,934,705,1639,229,2,28,월
2022-02-28,경의선,문산,4522,4496,9018,26,2,28,월
2022-02-28,경의선,임진강,5,3,8,2,2,28,월
2022-02-28,우이신설선,삼양사거리,2291,2321,4612,-30,2,28,월
2022-02-28,우이신설선,삼양,1893,2060,3953,-167,2,28,월
2022-02-28,우이신설선,화계,3106,2898,6004,208,2,28,월
2022-02-28,우이신설선,가오리,3821,3758,7579,63,2,28,월
2022-02-28,우이신설선,4.19민주묘지,2598,2503,5101,95,2,28,월
2022-02-28,우이신설선,솔밭공원,2268,2054,4322,214,2,28,월
2022-02-28,우이신설선,북한산우이,2488,2224,4712,264,2,28,월
2022-02-28,안산선,수리산,3666,2988,6654,678,2,28,월
2022-02-28,안산선,오이도,7351,7238,14589,113,2,28,월
2022-02-28,장항선,온양온천,3387,3455,6842,-68,2,28,월
2022-02-28,장항선,배방,1001,898,1899,103,2,28,월
2022-02-28,장항선,탕정,540,540,1080,0,2,28,월
2022-02-28,장항선,아산,2919,2608,5527,311,2,28,월
2022-02-28,장항선,쌍용(나사렛대),1803,1724,3527,79,2,28,월
2022-02-28,장항선,봉명,1225,1085,2310,140,2,28,월
2022-02-28,일산선,대화,10964,8927,19891,2037,2,28,월
2022-02-28,경인선,개봉,19531,19419,38950,112,2,28,월
2022-02-28,경인선,오류동,10922,10398,21320,524,2,28,월
2022-02-28,경인선,역곡,24146,23772,47918,374,2,28,월
2022-02-28,경인선,부천,29701,29772,59473,-71,2,28,월
2022-02-28,경인선,송내,23409,22864,46273,545,2,28,월
2022-02-28,경인선,부평,26749,27750,54499,-1001,2,28,월
2022-02-28,경인선,백운,6189,6124,12313,65,2,28,월
2022-02-28,경인선,동암,12917,13036,25953,-119,2,28,월
2022-02-28,경인선,주안,17113,15237,32350,1876,2,28,월
2022-02-28,경인선,제물포,9061,8581,17642,480,2,28,월
2022-02-28,경인선,동인천,12274,11632,23906,642,2,28,월
2022-02-28,경인선,인천,3311,2629,5940,682,2,28,월
2022-02-28,경인선,구일,5287,5324,10611,-37,2,28,월
2022-02-28,경인선,소사,7867,7626,15493,241,2,28,월
2022-02-28,경인선,부개,7590,7041,14631,549,2,28,월
2022-02-28,경인선,간석,5203,4951,10154,252,2,28,월
2022-02-28,경인선,도원,2303,2421,4724,-118,2,28,월
2022-02-28,경인선,온수(성공회대입구),5710,5446,11156,264,2,28,월
2022-02-28,경인선,중동,8217,7734,15951,483,2,28,월
2022-02-28,경인선,도화,3738,3426,7164,312,2,28,월
2022-02-28,경춘선,신내,1866,1744,3610,122,2,28,월
2022-02-28,경춘선,갈매,2605,2252,4857,353,2,28,월
2022-02-28,경춘선,별내,2995,2812,5807,183,2,28,월
2022-02-28,경춘선,퇴계원,3151,2924,6075,227,2,28,월
2022-02-28,경춘선,사릉,2844,2697,5541,147,2,28,월
2022-02-28,경춘선,금곡,1309,1270,2579,39,2,28,월
2022-02-28,경춘선,평내호평,5613,5290,10903,323,2,28,월
2022-02-28,경춘선,천마산,1524,1446,2970,78,2,28,월
2022-02-28,경춘선,마석,3594,3563,7157,31,2,28,월
2022-02-28,경춘선,대성리,498,414,912,84,2,28,월
2022-02-28,경춘선,청평,1427,1408,2835,19,2,28,월
2022-02-28,경춘선,상천,239,213,452,26,2,28,월
2022-02-28,경춘선,가평,1467,1308,2775,159,2,28,월
2022-02-28,경춘선,굴봉산,95,122,217,-27,2,28,월
2022-02-28,경춘선,백양리,266,191,457,75,2,28,월
2022-02-28,경춘선,강촌,355,358,713,-3,2,28,월
2022-02-28,경춘선,김유정,288,303,591,-15,2,28,월
2022-02-28,경춘선,남춘천,1957,2209,4166,-252,2,28,월
2022-02-28,경춘선,춘천,1416,1275,2691,141,2,28,월
2022-02-28,공항철도 1호선,서울역,6580,5982,12562,598,2,28,월
2022-02-28,공항철도 1호선,공덕,1904,2598,4502,-694,2,28,월
2022-02-28,공항철도 1호선,홍대입구,8813,8694,17507,119,2,28,월
2022-02-28,공항철도 1호선,디지털미디어시티,11307,10533,21840,774,2,28,월
2022-02-28,공항철도 1호선,마곡나루(서울식물원),6326,6286,12612,40,2,28,월
2022-02-28,공항철도 1호선,김포공항,10927,5733,16660,5194,2,28,월
2022-02-28,공항철도 1호선,계양,8776,8125,16901,651,2,28,월
2022-02-28,공항철도 1호선,검암,5827,5700,11527,127,2,28,월
2022-02-28,공항철도 1호선,청라국제도시,5716,5351,11067,365,2,28,월
2022-02-28,공항철도 1호선,운서,6118,6145,12263,-27,2,28,월
2022-02-28,공항철도 1호선,공항화물청사,2051,2232,4283,-181,2,28,월
2022-02-28,공항철도 1호선,인천공항1터미널,3211,3536,6747,-325,2,28,월
2022-02-28,공항철도 1호선,인천공항2터미널,1947,1860,3807,87,2,28,월
2022-02-28,공항철도 1호선,영종,2789,2809,5598,-20,2,28,월
2022-02-28,과천선,선바위,6700,5858,12558,842,2,28,월
2022-02-28,과천선,경마공원,835,786,1621,49,2,28,월
2022-02-28,과천선,대공원,2492,2576,5068,-84,2,28,월
2022-02-28,과천선,과천,5313,4886,10199,427,2,28,월
2022-02-28,과천선,정부과천청사,8407,8483,16890,-76,2,28,월
2022-02-28,과천선,인덕원,20056,20636,40692,-580,2,28,월
2022-02-28,과천선,평촌,14688,14403,29091,285,2,28,월
2022-02-28,과천선,범계,23062,22589,45651,473,2,28,월
2022-02-28,분당선,선릉,11164,16901,28065,-5737,2,28,월
2022-02-28,분당선,한티,12810,13604,26414,-794,2,28,월
2022-02-28,분당선,도곡,6151,6028,12179,123,2,28,월
2022-02-28,분당선,구룡,1757,1738,3495,19,2,28,월
2022-02-28,분당선,개포동,3261,3336,6597,-75,2,28,월
2022-02-28,분당선,대모산입구,3967,3664,7631,303,2,28,월
2022-02-28,분당선,수서,11665,11524,23189,141,2,28,월
2022-02-28,분당선,복정,1,0,1,1,2,28,월
2022-02-28,분당선,수원,7115,6099,13214,1016,2,28,월
2022-02-28,분당선,서울숲,8478,8590,17068,-112,2,28,월
2022-02-28,분당선,압구정로데오,16246,17803,34049,-1557,2,28,월
2022-02-28,분당선,강남구청,8802,9981,18783,-1179,2,28,월
2022-02-28,분당선,선정릉,6615,7069,13684,-454,2,28,월
2022-02-28,분당선,가천대,5939,6610,12549,-671,2,28,월
2022-02-28,분당선,태평,12292,11885,24177,407,2,28,월
2022-02-28,분당선,모란,17919,18529,36448,-610,2,28,월
2022-02-28,분당선,야탑,22590,23628,46218,-1038,2,28,월
2022-02-28,분당선,서현,22269,22442,44711,-173,2,28,월
2022-02-28,분당선,수내,11507,11388,22895,119,2,28,월
2022-02-28,5호선,방화,5734,5456,11190,278,2,28,월
2022-02-28,분당선,정자,14187,15169,29356,-982,2,28,월
2022-02-28,분당선,미금,13996,14640,28636,-644,2,28,월
2022-02-28,분당선,오리,10025,8389,18414,1636,2,28,월
2022-02-28,분당선,이매,4855,4632,9487,223,2,28,월
2022-02-28,분당선,보정,2020,1795,3815,225,2,28,월
2022-02-28,분당선,죽전,11028,12397,23425,-1369,2,28,월
2022-02-28,분당선,구성,4217,4362,8579,-145,2,28,월
2022-02-28,분당선,신갈,3887,3845,7732,42,2,28,월
2022-02-28,분당선,기흥,8096,7531,15627,565,2,28,월
2022-02-28,분당선,상갈,4613,4385,8998,228,2,28,월
2022-02-28,분당선,청명,3447,3402,6849,45,2,28,월
2022-02-28,분당선,영통,7398,7442,14840,-44,2,28,월
2022-02-28,분당선,망포,12310,11379,23689,931,2,28,월
2022-02-28,분당선,매탄권선,4140,3977,8117,163,2,28,월
2022-02-28,분당선,수원시청,11470,12419,23889,-949,2,28,월
2022-02-28,분당선,매교,2532,2511,5043,21,2,28,월
2022-02-28,수인선,고색,4098,3998,8096,100,2,28,월
2022-02-28,수인선,오목천,2509,2317,4826,192,2,28,월
2022-02-28,수인선,어천,594,647,1241,-53,2,28,월
2022-02-28,수인선,야목,294,215,509,79,2,28,월
2022-02-28,수인선,사리,3981,3569,7550,412,2,28,월
2022-02-28,수인선,달월,92,58,150,34,2,28,월
2022-02-28,수인선,월곶,2343,2219,4562,124,2,28,월
2022-02-28,수인선,소래포구,4483,4222,8705,261,2,28,월
2022-02-28,수인선,인천논현,4903,5203,10106,-300,2,28,월
2022-02-28,수인선,호구포,3543,3650,7193,-107,2,28,월
2022-02-28,수인선,남동인더스파크,1986,2257,4243,-271,2,28,월
2022-02-28,수인선,원인재,3987,4229,8216,-242,2,28,월
2022-02-28,수인선,연수,4047,3840,7887,207,2,28,월
2022-02-28,수인선,송도,2176,2066,4242,110,2,28,월
2022-02-28,수인선,인하대,5365,5142,10507,223,2,28,월
2022-02-28,수인선,숭의,3656,3345,7001,311,2,28,월
2022-02-28,수인선,신포,1523,1509,3032,14,2,28,월
2022-02-28,수인선,인천,1056,1609,2665,-553,2,28,월
2022-02-28,일산선,삼송,17198,16770,33968,428,2,28,월
2022-02-28,안산선,산본,14038,15164,29202,-1126,2,28,월
2022-02-28,일산선,원흥,9593,9027,18620,566,2,28,월
2022-02-28,우이신설선,신설동,2019,1896,3915,123,2,28,월
2022-02-28,우이신설선,보문,1391,1346,2737,45,2,28,월
2022-02-28,우이신설선,성신여대입구(돈암),3083,3461,6544,-378,2,28,월
2022-02-28,5호선,행당,6989,6201,13190,788,2,28,월
2022-02-28,안산선,대야미,4417,3987,8404,430,2,28,월
2022-02-28,안산선,반월,3879,3625,7504,254,2,28,월
2022-02-28,안산선,상록수,13886,14010,27896,-124,2,28,월
2022-02-28,안산선,한대앞,8014,8157,16171,-143,2,28,월
2022-02-28,안산선,중앙,15743,16238,31981,-495,2,28,월
2022-02-28,안산선,고잔,7809,7435,15244,374,2,28,월
2022-02-28,안산선,초지,3857,3975,7832,-118,2,28,월
2022-02-28,안산선,안산,10386,9415,19801,971,2,28,월
2022-02-28,안산선,신길온천,1549,1378,2927,171,2,28,월
2022-02-28,안산선,정왕,7572,7839,15411,-267,2,28,월
2022-02-28,장항선,신창(순천향대),2743,2508,5251,235,2,28,월
2022-02-28,중앙선,회기,21942,21477,43419,465,2,28,월
2022-02-28,2호선,당산,15750,18370,34120,-2620,2,28,월
2022-02-28,2호선,합정,26415,27830,54245,-1415,2,28,월
2022-02-28,2호선,홍대입구,48847,50982,99829,-2135,2,28,월
2022-02-28,2호선,신촌,29728,30184,59912,-456,2,28,월
