날짜,노선,역,승차승객,하차승객,총 승객,승차-하차,월,일,요일
2022-03-01,장항선,배방,593,698,1291,-105,3,1,화
2022-03-01,장항선,온양온천,2388,2517,4905,-129,3,1,화
2022-03-01,장항선,신창(순천향대),1065,1164,2229,-99,3,1,화
2022-03-01,안산선,오이도,4789,4668,9457,121,3,1,화
2022-03-01,안산선,수리산,1892,1693,3585,199,3,1,화
2022-03-01,우이신설선,북한산우이,2122,2228,4350,-106,3,1,화
2022-03-01,우이신설선,솔밭공원,1360,1331,2691,29,3,1,화
2022-03-01,우이신설선,4.19민주묘지,1836,1663,3499,173,3,1,화
2022-03-01,우이신설선,가오리,2211,2122,4333,89,3,1,화
2022-03-01,우이신설선,화계,1899,1814,3713,85,3,1,화
2022-03-01,우이신설선,삼양,1205,1229,2434,-24,3,1,화
2022-03-01,우이신설선,삼양사거리,1489,1432,2921,57,3,1,화
2022-03-01,우이신설선,솔샘,2700,2510,5210,190,3,1,화
2022-03-01,우이신설선,북한산보국문,3577,3338,6915,239,3,1,화
2022-03-01,중앙선,오빈,189,176,365,13,3,1,화
2022-03-01,중앙선,아신,336,326,662,10,3,1,화
2022-03-01,중앙선,국수,332,351,683,-19,3,1,화
2022-03-01,중앙선,신원,171,126,297,45,3,1,화
2022-03-01,중앙선,양수,1364,1302,2666,62,3,1,화
2022-03-01,중앙선,운길산,720,705,1425,15,3,1,화
2022-03-01,중앙선,팔당,848,946,1794,-98,3,1,화
2022-03-01,중앙선,도심,1038,909,1947,129,3,1,화
2022-03-01,중앙선,덕소,2970,2954,5924,16,3,1,화
2022-03-01,중앙선,양정,425,361,786,64,3,1,화
2022-03-01,중앙선,도농,4753,4492,9245,261,3,1,화
2022-03-01,중앙선,구리,6742,6990,13732,-248,3,1,화
2022-03-01,중앙선,양원,1166,1164,2330,2,3,1,화
2022-03-01,중앙선,망우,4398,4416,8814,-18,3,1,화
2022-03-01,중앙선,상봉(시외버스터미널),3305,3342,6647,-37,3,1,화
2022-03-01,중앙선,중랑,3171,3075,6246,96,3,1,화
2022-03-01,중앙선,회기,13732,13733,27465,-1,3,1,화
2022-03-01,안산선,정왕,4050,4361,8411,-311,3,1,화
2022-03-01,안산선,신길온천,948,869,1817,79,3,1,화
2022-03-01,안산선,안산,6387,6035,12422,352,3,1,화
2022-03-01,안산선,초지,1962,2003,3965,-41,3,1,화
2022-03-01,안산선,고잔,3688,3443,7131,245,3,1,화
2022-03-01,안산선,중앙,9642,9864,19506,-222,3,1,화
2022-03-01,안산선,한대앞,4830,5002,9832,-172,3,1,화
2022-03-01,안산선,상록수,8221,8427,16648,-206,3,1,화
2022-03-01,안산선,반월,2225,2205,4430,20,3,1,화
2022-03-01,안산선,대야미,2531,2259,4790,272,3,1,화
2022-03-01,안산선,산본,7969,8547,16516,-578,3,1,화
2022-03-01,수인선,인천,958,1395,2353,-437,3,1,화
2022-03-01,수인선,신포,1019,1044,2063,-25,3,1,화
2022-03-01,수인선,숭의,1930,1852,3782,78,3,1,화
2022-03-01,수인선,인하대,3246,3060,6306,186,3,1,화
2022-03-01,수인선,송도,1367,1324,2691,43,3,1,화
2022-03-01,수인선,연수,2636,2590,5226,46,3,1,화
2022-03-01,수인선,원인재,2521,2600,5121,-79,3,1,화
2022-03-01,수인선,남동인더스파크,727,778,1505,-51,3,1,화
2022-03-01,수인선,호구포,1782,1702,3484,80,3,1,화
2022-03-01,수인선,인천논현,2771,2925,5696,-154,3,1,화
2022-03-01,수인선,소래포구,3582,3420,7002,162,3,1,화
2022-03-01,수인선,월곶,1654,1555,3209,99,3,1,화
2022-03-01,수인선,달월,32,39,71,-7,3,1,화
2022-03-01,수인선,사리,2360,2054,4414,306,3,1,화
2022-03-01,수인선,야목,158,147,305,11,3,1,화
2022-03-01,수인선,어천,412,448,860,-36,3,1,화
2022-03-01,수인선,오목천,1290,1276,2566,14,3,1,화
2022-03-01,경강선,이천,1545,1581,3126,-36,3,1,화
2022-03-01,경강선,신둔도예촌,700,689,1389,11,3,1,화
2022-03-01,경강선,곤지암,1118,1293,2411,-175,3,1,화
2022-03-01,경강선,초월,1352,1307,2659,45,3,1,화
2022-03-01,경강선,경기광주,3321,3166,6487,155,3,1,화
2022-03-01,경강선,삼동,970,910,1880,60,3,1,화
2022-03-01,경강선,이매,474,383,857,91,3,1,화
2022-03-01,경강선,판교,2181,2243,4424,-62,3,1,화
2022-03-01,9호선2~3단계,중앙보훈병원,2848,2817,5665,31,3,1,화
2022-03-01,9호선2~3단계,둔촌오륜,406,418,824,-12,3,1,화
2022-03-01,9호선2~3단계,올림픽공원(한국체대),2408,2618,5026,-210,3,1,화
2022-03-01,9호선2~3단계,한성백제,1185,976,2161,209,3,1,화
2022-03-01,9호선2~3단계,송파나루,2656,2833,5489,-177,3,1,화
2022-03-01,9호선2~3단계,석촌,4149,3651,7800,498,3,1,화
2022-03-01,9호선2~3단계,석촌고분,2837,2826,5663,11,3,1,화
2022-03-01,9호선2~3단계,삼전,3403,3375,6778,28,3,1,화
2022-03-01,9호선2~3단계,종합운동장,1791,1677,3468,114,3,1,화
2022-03-01,9호선2~3단계,봉은사,6559,6697,13256,-138,3,1,화
2022-03-01,9호선2~3단계,삼성중앙,1876,1953,3829,-77,3,1,화
2022-03-01,9호선2~3단계,선정릉,2579,2957,5536,-378,3,1,화
2022-03-01,9호선2~3단계,언주,3274,3326,6600,-52,3,1,화
2022-03-01,9호선,신논현,13981,13557,27538,424,3,1,화
2022-03-01,9호선,사평,1401,1413,2814,-12,3,1,화
2022-03-01,9호선,고속터미널,7516,9974,17490,-2458,3,1,화
2022-03-01,9호선,신반포,1516,1440,2956,76,3,1,화
2022-03-01,9호선,구반포,520,546,1066,-26,3,1,화
2022-03-01,9호선,동작(현충원),1364,1073,2437,291,3,1,화
2022-03-01,9호선,흑석(중앙대입구),5002,4917,9919,85,3,1,화
2022-03-01,9호선,노들,2095,1863,3958,232,3,1,화
2022-03-01,9호선,노량진,14283,14600,28883,-317,3,1,화
2022-03-01,9호선,샛강,1687,1670,3357,17,3,1,화
2022-03-01,9호선,여의도,9199,8361,17560,838,3,1,화
2022-03-01,9호선,국회의사당,3687,3636,7323,51,3,1,화
2022-03-01,9호선,선유도,2622,2475,5097,147,3,1,화
2022-03-01,9호선,신목동,1463,1308,2771,155,3,1,화
2022-03-01,9호선,염창,7746,7524,15270,222,3,1,화
2022-03-01,9호선,등촌,4978,5052,10030,-74,3,1,화
2022-03-01,9호선,증미,2842,2880,5722,-38,3,1,화
2022-03-01,9호선,가양,9263,9086,18349,177,3,1,화
2022-03-01,9호선,양천향교,4006,4142,8148,-136,3,1,화
2022-03-01,9호선,마곡나루(서울식물원),5363,5305,10668,58,3,1,화
2022-03-01,9호선,신방화,3196,3179,6375,17,3,1,화
2022-03-01,9호선,공항시장,1615,1793,3408,-178,3,1,화
2022-03-01,9호선,김포공항,6503,8831,15334,-2328,3,1,화
2022-03-01,9호선,개화,918,897,1815,21,3,1,화
2022-03-01,8호선,남위례,1867,1879,3746,-12,3,1,화
2022-03-01,8호선,모란,2476,2139,4615,337,3,1,화
2022-03-01,8호선,수진,2709,2598,5307,111,3,1,화
2022-03-01,8호선,신흥,2361,2517,4878,-156,3,1,화
2022-03-01,8호선,단대오거리,5097,5142,10239,-45,3,1,화
2022-03-01,8호선,남한산성입구(성남법원.검찰청),6245,5933,12178,312,3,1,화
2022-03-01,8호선,산성,2580,2659,5239,-79,3,1,화
2022-03-01,8호선,복정,4000,3605,7605,395,3,1,화
2022-03-01,8호선,장지,8920,8981,17901,-61,3,1,화
2022-03-01,8호선,문정,5040,5119,10159,-79,3,1,화
2022-03-01,8호선,가락시장,3718,4041,7759,-323,3,1,화
2022-03-01,8호선,송파,3288,3461,6749,-173,3,1,화
2022-03-01,8호선,석촌,4039,4815,8854,-776,3,1,화
2022-03-01,8호선,잠실(송파구청),9265,10208,19473,-943,3,1,화
2022-03-01,8호선,몽촌토성(평화의문),3032,2905,5937,127,3,1,화
2022-03-01,8호선,강동구청,4340,4372,8712,-32,3,1,화
2022-03-01,8호선,천호(풍납토성),7978,9154,17132,-1176,3,1,화
2022-03-01,8호선,암사,8502,8069,16571,433,3,1,화
2022-03-01,7호선,온수(성공회대입구),3607,3542,7149,65,3,1,화
2022-03-01,7호선,천왕,4510,4380,8890,130,3,1,화
2022-03-01,7호선,광명사거리,11303,11297,22600,6,3,1,화
2022-03-01,7호선,철산,9125,9196,18321,-71,3,1,화
2022-03-01,7호선,가산디지털단지,10716,9956,20672,760,3,1,화
2022-03-01,7호선,남구로,5940,5982,11922,-42,3,1,화
2022-03-01,7호선,대림(구로구청),5081,5114,10195,-33,3,1,화
2022-03-01,7호선,신풍,5334,5102,10436,232,3,1,화
2022-03-01,7호선,보라매,3767,3763,7530,4,3,1,화
2022-03-01,7호선,신대방삼거리,7374,7280,14654,94,3,1,화
2022-03-01,7호선,장승배기,4426,4341,8767,85,3,1,화
2022-03-01,7호선,상도,5141,5035,10176,106,3,1,화
2022-03-01,7호선,숭실대입구(살피재),5491,5679,11170,-188,3,1,화
2022-03-01,7호선,남성,5262,5159,10421,103,3,1,화
2022-03-01,7호선,내방,4989,5077,10066,-88,3,1,화
2022-03-01,7호선,고속터미널,8026,5894,13920,2132,3,1,화
2022-03-01,7호선,반포,2878,2798,5676,80,3,1,화
2022-03-01,7호선,논현,6183,6638,12821,-455,3,1,화
2022-03-01,7호선,학동,5812,6119,11931,-307,3,1,화
2022-03-01,7호선,강남구청,5341,5876,11217,-535,3,1,화
2022-03-01,7호선,청담,6171,6524,12695,-353,3,1,화
2022-03-01,7호선,뚝섬유원지,4941,4443,9384,498,3,1,화
2022-03-01,7호선,건대입구,7435,7438,14873,-3,3,1,화
2022-03-01,7호선,어린이대공원(세종대),6632,6618,13250,14,3,1,화
2022-03-01,7호선,군자(능동),7344,5842,13186,1502,3,1,화
2022-03-01,7호선,중곡,4927,4790,9717,137,3,1,화
2022-03-01,7호선,용마산(용마폭포공원),3030,3194,6224,-164,3,1,화
2022-03-01,7호선,사가정,8209,8326,16535,-117,3,1,화
2022-03-01,7호선,면목,7794,7684,15478,110,3,1,화
2022-03-01,7호선,상봉(시외버스터미널),8658,8270,16928,388,3,1,화
2022-03-01,7호선,중화,5254,5168,10422,86,3,1,화
2022-03-01,7호선,먹골,5081,4995,10076,86,3,1,화
2022-03-01,7호선,태릉입구,4352,4009,8361,343,3,1,화
2022-03-01,7호선,공릉(서울과학기술대),5992,6117,12109,-125,3,1,화
2022-03-01,7호선,하계,7971,7670,15641,301,3,1,화
2022-03-01,7호선,중계,6014,5532,11546,482,3,1,화
2022-03-01,7호선,노원,10398,10384,20782,14,3,1,화
2022-03-01,7호선,마들,5711,5534,11245,177,3,1,화
2022-03-01,7호선,수락산,6564,6491,13055,73,3,1,화
2022-03-01,7호선,도봉산,4019,5482,9501,-1463,3,1,화
2022-03-01,7호선,장암,937,602,1539,335,3,1,화
2022-03-01,6호선,봉화산(서울의료원),3578,3583,7161,-5,3,1,화
2022-03-01,6호선,화랑대(서울여대입구),4714,4078,8792,636,3,1,화
2022-03-01,6호선,태릉입구,2915,3188,6103,-273,3,1,화
2022-03-01,6호선,석계,6193,6350,12543,-157,3,1,화
2022-03-01,6호선,돌곶이,4443,4282,8725,161,3,1,화
2022-03-01,6호선,상월곡(한국과학기술연구원),3037,2752,5789,285,3,1,화
2022-03-01,6호선,월곡(동덕여대),5704,5747,11451,-43,3,1,화
2022-03-01,6호선,고려대(종암),3840,3888,7728,-48,3,1,화
2022-03-01,6호선,안암(고대병원앞),5385,5679,11064,-294,3,1,화
2022-03-01,6호선,보문,3678,3507,7185,171,3,1,화
2022-03-01,6호선,창신,1529,1396,2925,133,3,1,화
2022-03-01,6호선,동묘앞,5024,4769,9793,255,3,1,화
2022-03-01,6호선,신당,4703,4796,9499,-93,3,1,화
2022-03-01,6호선,청구,1880,1993,3873,-113,3,1,화
2022-03-01,6호선,약수,1636,1602,3238,34,3,1,화
2022-03-01,6호선,버티고개,864,972,1836,-108,3,1,화
2022-03-01,6호선,한강진,5359,6261,11620,-902,3,1,화
2022-03-01,6호선,이태원,7714,7258,14972,456,3,1,화
2022-03-01,6호선,녹사평(용산구청),3028,3108,6136,-80,3,1,화
2022-03-01,6호선,삼각지,3277,2517,5794,760,3,1,화
2022-03-01,6호선,효창공원앞,3183,2947,6130,236,3,1,화
2022-03-01,6호선,공덕,6560,5982,12542,578,3,1,화
2022-03-01,6호선,대흥(서강대앞),3590,3670,7260,-80,3,1,화
2022-03-01,6호선,광흥창(서강),3414,3272,6686,142,3,1,화
2022-03-01,6호선,상수,5553,5959,11512,-406,3,1,화
2022-03-01,6호선,합정,8223,7699,15922,524,3,1,화
2022-03-01,6호선,망원,8620,9325,17945,-705,3,1,화
2022-03-01,6호선,마포구청,6581,5946,12527,635,3,1,화
2022-03-01,6호선,월드컵경기장(성산),3593,3626,7219,-33,3,1,화
2022-03-01,6호선,디지털미디어시티,4885,5073,9958,-188,3,1,화
2022-03-01,6호선,증산(명지대앞),5299,5554,10853,-255,3,1,화
2022-03-01,6호선,새절(신사),6165,6062,12227,103,3,1,화
2022-03-01,6호선,구산,3731,2851,6582,880,3,1,화
2022-03-01,6호선,독바위,1405,1558,2963,-153,3,1,화
2022-03-01,6호선,불광,2887,2602,5489,285,3,1,화
2022-03-01,6호선,역촌,1915,2266,4181,-351,3,1,화
2022-03-01,6호선,응암,8725,8681,17406,44,3,1,화
2022-03-01,5호선,하남검단산,3815,3853,7668,-38,3,1,화
2022-03-01,5호선,하남시청(덕풍·신장),3612,3455,7067,157,3,1,화
2022-03-01,5호선,하남풍산,1906,1925,3831,-19,3,1,화
2022-03-01,5호선,미사,7925,7944,15869,-19,3,1,화
2022-03-01,5호선,강일,1909,1932,3841,-23,3,1,화
2022-03-01,5호선,마천,3173,3307,6480,-134,3,1,화
2022-03-01,5호선,거여,4088,3970,8058,118,3,1,화
2022-03-01,5호선,개롱,2636,2907,5543,-271,3,1,화
2022-03-01,5호선,오금,1321,1325,2646,-4,3,1,화
2022-03-01,5호선,방이,3091,3046,6137,45,3,1,화
2022-03-01,5호선,올림픽공원(한국체대),2065,1724,3789,341,3,1,화
2022-03-01,5호선,둔촌동,4188,4221,8409,-33,3,1,화
2022-03-01,5호선,상일동,6077,5898,11975,179,3,1,화
2022-03-01,5호선,고덕,3930,3995,7925,-65,3,1,화
2022-03-01,5호선,명일,4053,4011,8064,42,3,1,화
2022-03-01,5호선,굽은다리(강동구민회관앞),5248,5043,10291,205,3,1,화
2022-03-01,5호선,길동,4100,4225,8325,-125,3,1,화
2022-03-01,5호선,강동,7976,7820,15796,156,3,1,화
2022-03-01,5호선,천호(풍납토성),11338,10716,22054,622,3,1,화
2022-03-01,5호선,광나루(장신대),6154,6050,12204,104,3,1,화
2022-03-01,5호선,아차산(어린이대공원후문),8536,8361,16897,175,3,1,화
2022-03-01,5호선,군자(능동),5774,6492,12266,-718,3,1,화
2022-03-01,5호선,장한평,8057,8120,16177,-63,3,1,화
2022-03-01,5호선,답십리,7351,6933,14284,418,3,1,화
2022-03-01,5호선,마장,2779,2634,5413,145,3,1,화
2022-03-01,5호선,왕십리(성동구청),2470,2904,5374,-434,3,1,화
2022-03-01,5호선,행당,3661,3208,6869,453,3,1,화
2022-03-01,5호선,신금호,2849,3083,5932,-234,3,1,화
2022-03-01,5호선,청구,1970,1828,3798,142,3,1,화
2022-03-01,5호선,동대문역사문화공원(DDP),805,923,1728,-118,3,1,화
2022-03-01,5호선,을지로4가,2597,2705,5302,-108,3,1,화
2022-03-01,5호선,종로3가,9349,8635,17984,714,3,1,화
2022-03-01,5호선,광화문(세종문화회관),17406,18804,36210,-1398,3,1,화
2022-03-01,5호선,서대문,4587,4457,9044,130,3,1,화
2022-03-01,5호선,충정로(경기대입구),1281,1240,2521,41,3,1,화
2022-03-01,5호선,애오개,2316,2368,4684,-52,3,1,화
2022-03-01,5호선,공덕,4381,4454,8835,-73,3,1,화
2022-03-01,5호선,마포,4935,4949,9884,-14,3,1,화
2022-03-01,5호선,여의나루,6231,7713,13944,-1482,3,1,화
2022-03-01,5호선,여의도,8852,8827,17679,25,3,1,화
2022-03-01,5호선,신길,1866,2069,3935,-203,3,1,화
2022-03-01,5호선,영등포시장,4794,5093,9887,-299,3,1,화
2022-03-01,5호선,영등포구청,1389,1385,2774,4,3,1,화
2022-03-01,5호선,양평,2520,2516,5036,4,3,1,화
2022-03-01,5호선,오목교(목동운동장앞),10953,11417,22370,-464,3,1,화
2022-03-01,5호선,목동,7385,7414,14799,-29,3,1,화
2022-03-01,5호선,신정(은행정),6147,5535,11682,612,3,1,화
2022-03-01,5호선,까치산,14930,14628,29558,302,3,1,화
2022-03-01,5호선,화곡,13860,13058,26918,802,3,1,화
2022-03-01,5호선,우장산,6277,6382,12659,-105,3,1,화
2022-03-01,5호선,발산,8799,9169,17968,-370,3,1,화
2022-03-01,5호선,마곡,3753,3787,7540,-34,3,1,화
2022-03-01,5호선,송정,3446,3460,6906,-14,3,1,화
2022-03-01,5호선,김포공항,6565,5925,12490,640,3,1,화
2022-03-01,5호선,개화산,2656,2692,5348,-36,3,1,화
2022-03-01,5호선,방화,3183,3113,6296,70,3,1,화
2022-03-01,4호선,남태령,519,450,969,69,3,1,화
2022-03-01,4호선,사당,12251,11388,23639,863,3,1,화
2022-03-01,4호선,총신대입구(이수),9425,10326,19751,-901,3,1,화
2022-03-01,4호선,동작(현충원),885,1068,1953,-183,3,1,화
2022-03-01,4호선,이촌(국립중앙박물관),4311,4868,9179,-557,3,1,화
2022-03-01,4호선,신용산,7110,7414,14524,-304,3,1,화
2022-03-01,4호선,삼각지,2163,2786,4949,-623,3,1,화
2022-03-01,4호선,숙대입구(갈월),5927,5680,11607,247,3,1,화
2022-03-01,4호선,서울역,3553,6516,10069,-2963,3,1,화
2022-03-01,4호선,회현(남대문시장),14260,15039,29299,-779,3,1,화
2022-03-01,4호선,명동,10337,11167,21504,-830,3,1,화
2022-03-01,4호선,충무로,8403,8451,16854,-48,3,1,화
2022-03-01,4호선,동대문역사문화공원(DDP),8617,7878,16495,739,3,1,화
2022-03-01,4호선,동대문,13621,14216,27837,-595,3,1,화
2022-03-01,4호선,혜화,17618,17900,35518,-282,3,1,화
2022-03-01,4호선,한성대입구(삼선교),7170,7055,14225,115,3,1,화
2022-03-01,4호선,성신여대입구(돈암),11967,11534,23501,433,3,1,화
2022-03-01,4호선,길음,9563,9563,19126,0,3,1,화
2022-03-01,4호선,미아사거리,15284,14890,30174,394,3,1,화
2022-03-01,4호선,미아(서울사이버대학),7721,7379,15100,342,3,1,화
2022-03-01,4호선,수유(강북구청),18824,18561,37385,263,3,1,화
2022-03-01,중앙선,원덕,185,192,377,-7,3,1,화
2022-03-01,4호선,쌍문,14984,13883,28867,1101,3,1,화
2022-03-01,4호선,창동,14162,14880,29042,-718,3,1,화
2022-03-01,4호선,노원,10844,11744,22588,-900,3,1,화
2022-03-01,4호선,상계,9358,8985,18343,373,3,1,화
2022-03-01,4호선,당고개,6728,6539,13267,189,3,1,화
2022-03-01,3호선,오금,2205,2173,4378,32,3,1,화
2022-03-01,3호선,경찰병원,2406,2467,4873,-61,3,1,화
2022-03-01,3호선,가락시장,3876,3854,7730,22,3,1,화
2022-03-01,3호선,수서,8241,7861,16102,380,3,1,화
2022-03-01,3호선,일원,2909,3033,5942,-124,3,1,화
2022-03-01,3호선,대청,3992,3861,7853,131,3,1,화
2022-03-01,3호선,학여울,715,748,1463,-33,3,1,화
2022-03-01,3호선,대치,5386,5100,10486,286,3,1,화
2022-03-01,3호선,도곡,1819,1857,3676,-38,3,1,화
2022-03-01,3호선,매봉,3875,3778,7653,97,3,1,화
2022-03-01,3호선,양재(서초구청),11963,13387,25350,-1424,3,1,화
2022-03-01,3호선,남부터미널(예술의전당),12136,12541,24677,-405,3,1,화
2022-03-01,3호선,교대(법원.검찰청),4175,2588,6763,1587,3,1,화
2022-03-01,3호선,고속터미널,30301,28148,58449,2153,3,1,화
2022-03-01,3호선,잠원,1957,1905,3862,52,3,1,화
2022-03-01,3호선,신사,12472,12698,25170,-226,3,1,화
2022-03-01,3호선,압구정,12541,13110,25651,-569,3,1,화
2022-03-01,3호선,옥수,4455,4734,9189,-279,3,1,화
2022-03-01,3호선,금호,3957,3791,7748,166,3,1,화
2022-03-01,3호선,약수,5993,5842,11835,151,3,1,화
2022-03-01,3호선,동대입구,3941,4438,8379,-497,3,1,화
2022-03-01,3호선,을지로3가,3450,3227,6677,223,3,1,화
2022-03-01,3호선,종로3가,4124,5498,9622,-1374,3,1,화
2022-03-01,3호선,안국,10504,11366,21870,-862,3,1,화
2022-03-01,3호선,경복궁(정부서울청사),11119,11966,23085,-847,3,1,화
2022-03-01,3호선,독립문,4890,5393,10283,-503,3,1,화
2022-03-01,3호선,무악재,1827,1922,3749,-95,3,1,화
2022-03-01,3호선,홍제,8873,8640,17513,233,3,1,화
2022-03-01,3호선,녹번,6911,6395,13306,516,3,1,화
2022-03-01,3호선,불광,8945,10133,19078,-1188,3,1,화
2022-03-01,3호선,연신내,20147,19128,39275,1019,3,1,화
2022-03-01,3호선,구파발,9962,10251,20213,-289,3,1,화
2022-03-01,3호선,지축,2155,2020,4175,135,3,1,화
2022-03-01,2호선,용두(동대문구청),1290,1237,2527,53,3,1,화
2022-03-01,2호선,신정네거리,4689,4873,9562,-184,3,1,화
2022-03-01,2호선,양천구청,2910,2972,5882,-62,3,1,화
2022-03-01,2호선,도림천,540,558,1098,-18,3,1,화
2022-03-01,2호선,신설동,1772,1801,3573,-29,3,1,화
2022-03-01,2호선,신답,690,766,1456,-76,3,1,화
2022-03-01,2호선,용답,1747,1776,3523,-29,3,1,화
2022-03-01,2호선,충정로(경기대입구),3485,3565,7050,-80,3,1,화
2022-03-01,2호선,아현,5065,5031,10096,34,3,1,화
2022-03-01,2호선,이대,6952,7604,14556,-652,3,1,화
2022-03-01,2호선,신촌,23032,22803,45835,229,3,1,화
2022-03-01,2호선,홍대입구,42527,41933,84460,594,3,1,화
2022-03-01,2호선,합정,18065,18905,36970,-840,3,1,화
2022-03-01,2호선,당산,7707,8424,16131,-717,3,1,화
2022-03-01,2호선,영등포구청,8053,8192,16245,-139,3,1,화
2022-03-01,2호선,문래,7526,7972,15498,-446,3,1,화
2022-03-01,분당선,수원,4952,4037,8989,915,3,1,화
2022-03-01,2호선,신도림,24306,24411,48717,-105,3,1,화
2022-03-01,2호선,대림(구로구청),12844,13398,26242,-554,3,1,화
2022-03-01,2호선,구로디지털단지,23568,23549,47117,19,3,1,화
2022-03-01,2호선,신대방,14340,14252,28592,88,3,1,화
2022-03-01,2호선,신림,35239,34577,69816,662,3,1,화
2022-03-01,2호선,봉천,11563,11318,22881,245,3,1,화
2022-03-01,2호선,서울대입구(관악구청),25897,26254,52151,-357,3,1,화
2022-03-01,2호선,낙성대(강감찬),14235,14370,28605,-135,3,1,화
2022-03-01,2호선,사당,18745,20100,38845,-1355,3,1,화
2022-03-01,2호선,방배,5761,6245,12006,-484,3,1,화
2022-03-01,2호선,서초,6189,5598,11787,591,3,1,화
2022-03-01,2호선,교대(법원.검찰청),10157,11250,21407,-1093,3,1,화
2022-03-01,2호선,강남,33706,32061,65767,1645,3,1,화
2022-03-01,2호선,역삼,11029,12373,23402,-1344,3,1,화
2022-03-01,2호선,선릉,13795,12306,26101,1489,3,1,화
2022-03-01,2호선,삼성(무역센터),17714,17036,34750,678,3,1,화
2022-03-01,분당선,수서,6831,6353,13184,478,3,1,화
2022-03-01,분당선,대모산입구,1911,1774,3685,137,3,1,화
2022-03-01,분당선,개포동,1582,1652,3234,-70,3,1,화
2022-03-01,분당선,구룡,953,1035,1988,-82,3,1,화
2022-03-01,분당선,도곡,2628,2560,5188,68,3,1,화
2022-03-01,분당선,한티,6833,6907,13740,-74,3,1,화
2022-03-01,분당선,선릉,2849,4315,7164,-1466,3,1,화
2022-03-01,과천선,범계,13084,12925,26009,159,3,1,화
2022-03-01,과천선,평촌,5568,5411,10979,157,3,1,화
2022-03-01,과천선,인덕원,10019,10193,20212,-174,3,1,화
2022-03-01,과천선,정부과천청사,4215,4353,8568,-138,3,1,화
2022-03-01,과천선,과천,2976,2857,5833,119,3,1,화
2022-03-01,과천선,대공원,2944,3091,6035,-147,3,1,화
2022-03-01,과천선,경마공원,892,829,1721,63,3,1,화
2022-03-01,과천선,선바위,3165,3054,6219,111,3,1,화
2022-03-01,공항철도 1호선,영종,2006,1820,3826,186,3,1,화
2022-03-01,공항철도 1호선,인천공항2터미널,1638,1681,3319,-43,3,1,화
2022-03-01,공항철도 1호선,인천공항1터미널,3159,3416,6575,-257,3,1,화
2022-03-01,공항철도 1호선,공항화물청사,1065,1184,2249,-119,3,1,화
2022-03-01,공항철도 1호선,운서,4555,4674,9229,-119,3,1,화
2022-03-01,공항철도 1호선,청라국제도시,2806,2727,5533,79,3,1,화
2022-03-01,2호선,종합운동장,3133,3333,6466,-200,3,1,화
2022-03-01,2호선,잠실새내,10338,10620,20958,-282,3,1,화
2022-03-01,2호선,잠실(송파구청),40025,37905,77930,2120,3,1,화
2022-03-01,2호선,잠실나루,4614,4734,9348,-120,3,1,화
2022-03-01,2호선,강변(동서울터미널),15777,15029,30806,748,3,1,화
2022-03-01,2호선,구의(광진구청),11371,11439,22810,-68,3,1,화
2022-03-01,2호선,건대입구,24109,25303,49412,-1194,3,1,화
2022-03-01,2호선,성수,14137,15417,29554,-1280,3,1,화
2022-03-01,2호선,뚝섬,8856,8889,17745,-33,3,1,화
2022-03-01,2호선,한양대,2660,2904,5564,-244,3,1,화
2022-03-01,2호선,왕십리(성동구청),8974,8081,17055,893,3,1,화
2022-03-01,2호선,상왕십리,6699,6675,13374,24,3,1,화
2022-03-01,2호선,신당,8009,8495,16504,-486,3,1,화
2022-03-01,2호선,동대문역사문화공원(DDP),7724,8706,16430,-982,3,1,화
2022-03-01,2호선,을지로4가,5373,5232,10605,141,3,1,화
2022-03-01,2호선,을지로3가,6862,6227,13089,635,3,1,화
2022-03-01,2호선,을지로입구,17384,16462,33846,922,3,1,화
2022-03-01,2호선,시청,8191,6299,14490,1892,3,1,화
2022-03-01,1호선,동묘앞,7106,7394,14500,-288,3,1,화
2022-03-01,1호선,청량리(서울시립대입구),13021,12958,25979,63,3,1,화
2022-03-01,1호선,제기동,10733,11414,22147,-681,3,1,화
2022-03-01,1호선,신설동,6374,6211,12585,163,3,1,화
2022-03-01,1호선,동대문,8153,7978,16131,175,3,1,화
2022-03-01,1호선,종로5가,14036,13472,27508,564,3,1,화
2022-03-01,1호선,종로3가,16349,14533,30882,1816,3,1,화
2022-03-01,1호선,종각,15750,13544,29294,2206,3,1,화
2022-03-01,1호선,시청,12439,12379,24818,60,3,1,화
2022-03-01,1호선,서울역,20994,19468,40462,1526,3,1,화
2022-03-01,수인선,고색,2098,2199,4297,-101,3,1,화
2022-03-01,분당선,매교,1420,1427,2847,-7,3,1,화
2022-03-01,분당선,수원시청,6310,6442,12752,-132,3,1,화
2022-03-01,분당선,매탄권선,2260,2226,4486,34,3,1,화
2022-03-01,분당선,망포,5749,5852,11601,-103,3,1,화
2022-03-01,분당선,영통,4357,4407,8764,-50,3,1,화
2022-03-01,분당선,청명,1642,1719,3361,-77,3,1,화
2022-03-01,분당선,상갈,2473,2553,5026,-80,3,1,화
2022-03-01,분당선,기흥,4462,4289,8751,173,3,1,화
2022-03-01,분당선,신갈,1729,1801,3530,-72,3,1,화
2022-03-01,분당선,구성,2193,2342,4535,-149,3,1,화
2022-03-01,분당선,죽전,6885,7845,14730,-960,3,1,화
2022-03-01,분당선,보정,1027,996,2023,31,3,1,화
2022-03-01,분당선,이매,2567,2619,5186,-52,3,1,화
2022-03-01,분당선,오리,4945,4263,9208,682,3,1,화
2022-03-01,분당선,미금,6953,7459,14412,-506,3,1,화
2022-03-01,분당선,정자,6959,7247,14206,-288,3,1,화
2022-03-01,분당선,수내,5774,5685,11459,89,3,1,화
2022-03-01,분당선,서현,13068,12965,26033,103,3,1,화
2022-03-01,분당선,야탑,12558,12913,25471,-355,3,1,화
2022-03-01,분당선,모란,10765,11048,21813,-283,3,1,화
2022-03-01,분당선,태평,7329,7175,14504,154,3,1,화
2022-03-01,분당선,가천대,3532,4090,7622,-558,3,1,화
2022-03-01,분당선,선정릉,1905,2022,3927,-117,3,1,화
2022-03-01,분당선,강남구청,3168,3653,6821,-485,3,1,화
2022-03-01,분당선,압구정로데오,11219,12007,23226,-788,3,1,화
2022-03-01,분당선,서울숲,4779,4768,9547,11,3,1,화
2022-03-01,경강선,부발,1238,1372,2610,-134,3,1,화
2022-03-01,경강선,세종대왕릉,166,171,337,-5,3,1,화
2022-03-01,경강선,여주,1369,1255,2624,114,3,1,화
2022-03-01,경부선,서울역,4651,1010,5661,3641,3,1,화
2022-03-01,경부선,남영,3809,4173,7982,-364,3,1,화
2022-03-01,경부선,용산,23482,22004,45486,1478,3,1,화
2022-03-01,경부선,노량진,5318,5160,10478,158,3,1,화
2022-03-01,경부선,대방,5152,5447,10599,-295,3,1,화
2022-03-01,경부선,영등포,27373,27352,54725,21,3,1,화
2022-03-01,경부선,신도림,2104,1990,4094,114,3,1,화
2022-03-01,경부선,신길,4238,3631,7869,607,3,1,화
2022-03-01,경부선,구로,9187,9201,18388,-14,3,1,화
2022-03-01,경부선,가산디지털단지,4484,6051,10535,-1567,3,1,화
2022-03-01,경부선,금천구청,5794,5761,11555,33,3,1,화
2022-03-01,경부선,석수,4506,4286,8792,220,3,1,화
2022-03-01,경부선,관악,3932,3773,7705,159,3,1,화
2022-03-01,경부선,안양,11735,11728,23463,7,3,1,화
2022-03-01,경부선,명학,3514,3462,6976,52,3,1,화
2022-03-01,경부선,금정,12443,12610,25053,-167,3,1,화
2022-03-01,경부선,군포,3122,2963,6085,159,3,1,화
2022-03-01,경부선,의왕,4050,4187,8237,-137,3,1,화
2022-03-01,경부선,성균관대,6766,7167,13933,-401,3,1,화
2022-03-01,경부선,화서,3298,3410,6708,-112,3,1,화
2022-03-01,경부선,수원,25971,25575,51546,396,3,1,화
2022-03-01,경부선,독산,6687,6906,13593,-219,3,1,화
2022-03-01,경부선,세류,1571,1529,3100,42,3,1,화
2022-03-01,경부선,병점,7921,8241,16162,-320,3,1,화
2022-03-01,경부선,세마,1479,1341,2820,138,3,1,화
2022-03-01,경부선,오산대,1772,1654,3426,118,3,1,화
2022-03-01,경부선,오산,5902,5955,11857,-53,3,1,화
2022-03-01,경부선,진위,685,628,1313,57,3,1,화
2022-03-01,경부선,송탄,2879,2885,5764,-6,3,1,화
2022-03-01,경부선,서정리,3767,4228,7995,-461,3,1,화
2022-03-01,경부선,평택지제,2121,1922,4043,199,3,1,화
2022-03-01,경부선,평택,7883,7869,15752,14,3,1,화
2022-03-01,경부선,성환,1962,2195,4157,-233,3,1,화
2022-03-01,경부선,직산,400,414,814,-14,3,1,화
2022-03-01,경부선,두정,3282,3741,7023,-459,3,1,화
2022-03-01,경부선,천안,4100,4192,8292,-92,3,1,화
2022-03-01,경부선,당정,2700,2630,5330,70,3,1,화
2022-03-01,경부선,서동탄,584,552,1136,32,3,1,화
2022-03-01,경부선,광명,1840,1483,3323,357,3,1,화
2022-03-01,경원선,이촌(국립중앙박물관),1742,1355,3097,387,3,1,화
2022-03-01,경원선,서빙고,1000,1059,2059,-59,3,1,화
2022-03-01,경원선,한남,1824,1710,3534,114,3,1,화
2022-03-01,경원선,옥수,27,16,43,11,3,1,화
2022-03-01,경원선,응봉,953,800,1753,153,3,1,화
2022-03-01,경원선,왕십리(성동구청),8556,9488,18044,-932,3,1,화
2022-03-01,경원선,청량리(서울시립대입구),10809,10690,21499,119,3,1,화
2022-03-01,경원선,외대앞,4770,4826,9596,-56,3,1,화
2022-03-01,경원선,신이문,4472,4288,8760,184,3,1,화
2022-03-01,경원선,석계,4772,5216,9988,-444,3,1,화
2022-03-01,경원선,광운대,4089,4266,8355,-177,3,1,화
2022-03-01,경원선,월계,3387,3183,6570,204,3,1,화
2022-03-01,경원선,녹천,2415,2029,4444,386,3,1,화
2022-03-01,경원선,방학,5353,5255,10608,98,3,1,화
2022-03-01,경원선,도봉,3162,3053,6215,109,3,1,화
2022-03-01,경원선,도봉산,5509,3768,9277,1741,3,1,화
2022-03-01,경원선,망월사,4081,4213,8294,-132,3,1,화
2022-03-01,경원선,회룡,6753,6691,13444,62,3,1,화
2022-03-01,경원선,의정부,11450,11640,23090,-190,3,1,화
2022-03-01,경원선,가능,3509,3375,6884,134,3,1,화
2022-03-01,경원선,녹양,2300,2225,4525,75,3,1,화
2022-03-01,경원선,양주,4130,4033,8163,97,3,1,화
2022-03-01,경원선,덕계,1605,1528,3133,77,3,1,화
2022-03-01,경원선,덕정,2808,2828,5636,-20,3,1,화
2022-03-01,경원선,지행,3730,3677,7407,53,3,1,화
2022-03-01,경원선,동두천중앙,1641,1593,3234,48,3,1,화
2022-03-01,경원선,보산,868,829,1697,39,3,1,화
2022-03-01,경원선,동두천,1201,1453,2654,-252,3,1,화
2022-03-01,경원선,소요산,2249,1978,4227,271,3,1,화
2022-03-01,경의선,서울역,1022,940,1962,82,3,1,화
2022-03-01,경의선,신촌,302,333,635,-31,3,1,화
2022-03-01,경의선,효창공원앞,1234,1353,2587,-119,3,1,화
2022-03-01,경의선,공덕,1640,1275,2915,365,3,1,화
2022-03-01,경의선,서강대,1093,1102,2195,-9,3,1,화
2022-03-01,경의선,홍대입구,1265,1515,2780,-250,3,1,화
2022-03-01,경의선,가좌,2562,2600,5162,-38,3,1,화
2022-03-01,경의선,디지털미디어시티,1254,1175,2429,79,3,1,화
2022-03-01,경의선,수색,1030,1058,2088,-28,3,1,화
2022-03-01,경의선,화전,920,955,1875,-35,3,1,화
2022-03-01,경의선,강매,1313,1283,2596,30,3,1,화
2022-03-01,경의선,행신,3619,3497,7116,122,3,1,화
2022-03-01,경의선,능곡,1958,1905,3863,53,3,1,화
2022-03-01,경의선,곡산,273,277,550,-4,3,1,화
2022-03-01,경의선,백마,3302,3190,6492,112,3,1,화
2022-03-01,경의선,풍산,2972,2829,5801,143,3,1,화
2022-03-01,경의선,일산,4057,3958,8015,99,3,1,화
2022-03-01,경의선,탄현,3703,3470,7173,233,3,1,화
2022-03-01,경의선,야당,4152,3905,8057,247,3,1,화
2022-03-01,경의선,운정,3241,3108,6349,133,3,1,화
2022-03-01,경의선,금릉,2336,2390,4726,-54,3,1,화
2022-03-01,경의선,금촌,3747,3791,7538,-44,3,1,화
2022-03-01,경의선,월롱,1075,1583,2658,-508,3,1,화
2022-03-01,경의선,파주,496,371,867,125,3,1,화
2022-03-01,경의선,문산,2749,2787,5536,-38,3,1,화
2022-03-01,경의선,임진강,30,25,55,5,3,1,화
2022-03-01,경의선,계양,1,0,1,1,3,1,화
2022-03-01,경인선,개봉,11091,11196,22287,-105,3,1,화
2022-03-01,경인선,오류동,6368,6026,12394,342,3,1,화
2022-03-01,경인선,역곡,13715,13849,27564,-134,3,1,화
2022-03-01,경인선,부천,20050,19906,39956,144,3,1,화
2022-03-01,경인선,송내,11702,11547,23249,155,3,1,화
2022-03-01,경인선,부평,19113,19611,38724,-498,3,1,화
2022-03-01,경인선,백운,3582,3570,7152,12,3,1,화
2022-03-01,경인선,동암,8301,8322,16623,-21,3,1,화
2022-03-01,경인선,주안,10472,9256,19728,1216,3,1,화
2022-03-01,경인선,제물포,4934,4711,9645,223,3,1,화
2022-03-01,경인선,동인천,8084,7921,16005,163,3,1,화
2022-03-01,경인선,인천,3181,2541,5722,640,3,1,화
2022-03-01,경인선,구일,2926,2844,5770,82,3,1,화
2022-03-01,경인선,소사,4551,4418,8969,133,3,1,화
2022-03-01,경인선,부개,4250,4053,8303,197,3,1,화
2022-03-01,경인선,간석,2937,2753,5690,184,3,1,화
2022-03-01,경인선,도원,1334,1369,2703,-35,3,1,화
2022-03-01,경인선,온수(성공회대입구),3268,3054,6322,214,3,1,화
2022-03-01,경인선,중동,4508,4243,8751,265,3,1,화
2022-03-01,경인선,도화,2153,2075,4228,78,3,1,화
2022-03-01,경춘선,신내,937,890,1827,47,3,1,화
2022-03-01,경춘선,갈매,1345,1193,2538,152,3,1,화
2022-03-01,경춘선,별내,1669,1600,3269,69,3,1,화
2022-03-01,경춘선,퇴계원,1807,1665,3472,142,3,1,화
2022-03-01,경춘선,사릉,1602,1532,3134,70,3,1,화
2022-03-01,경춘선,금곡,786,748,1534,38,3,1,화
2022-03-01,경춘선,평내호평,2873,2768,5641,105,3,1,화
2022-03-01,경춘선,천마산,907,905,1812,2,3,1,화
2022-03-01,경춘선,마석,2046,1932,3978,114,3,1,화
2022-03-01,경춘선,대성리,386,319,705,67,3,1,화
2022-03-01,경춘선,청평,1081,915,1996,166,3,1,화
2022-03-01,경춘선,상천,157,136,293,21,3,1,화
2022-03-01,경춘선,가평,1045,886,1931,159,3,1,화
2022-03-01,경춘선,굴봉산,100,106,206,-6,3,1,화
2022-03-01,경춘선,백양리,187,124,311,63,3,1,화
2022-03-01,경춘선,강촌,327,300,627,27,3,1,화
2022-03-01,경춘선,김유정,304,300,604,4,3,1,화
2022-03-01,경춘선,남춘천,1692,2009,3701,-317,3,1,화
2022-03-01,경춘선,춘천,1140,1019,2159,121,3,1,화
2022-03-01,공항철도 1호선,서울역,5149,4512,9661,637,3,1,화
2022-03-01,공항철도 1호선,공덕,995,1405,2400,-410,3,1,화
2022-03-01,공항철도 1호선,홍대입구,7856,7415,15271,441,3,1,화
2022-03-01,공항철도 1호선,디지털미디어시티,3617,3571,7188,46,3,1,화
2022-03-01,공항철도 1호선,마곡나루(서울식물원),2163,2424,4587,-261,3,1,화
2022-03-01,공항철도 1호선,김포공항,10028,4825,14853,5203,3,1,화
2022-03-01,공항철도 1호선,계양,4528,4571,9099,-43,3,1,화
2022-03-01,공항철도 1호선,검암,2985,3086,6071,-101,3,1,화
2022-03-01,중앙선,용문,1286,1181,2467,105,3,1,화
2022-03-01,중앙선,지평,29,27,56,2,3,1,화
2022-03-01,중앙선,양평,1515,1442,2957,73,3,1,화
2022-03-01,9호선,당산,7633,7554,15187,79,3,1,화
2022-03-01,우이신설선,정릉,2648,2276,4924,372,3,1,화
2022-03-01,우이신설선,성신여대입구(돈암),2112,2433,4545,-321,3,1,화
2022-03-01,7호선,이수,7646,7158,14804,488,3,1,화
2022-03-01,우이신설선,보문,780,820,1600,-40,3,1,화
2022-03-01,우이신설선,신설동,1127,1055,2182,72,3,1,화
2022-03-01,일산선,원흥,5062,4907,9969,155,3,1,화
2022-03-01,일산선,삼송,10277,9969,20246,308,3,1,화
2022-03-01,일산선,원당,5664,5404,11068,260,3,1,화
2022-03-01,일산선,화정,8715,9128,17843,-413,3,1,화
2022-03-01,일산선,대곡,887,818,1705,69,3,1,화
2022-03-01,일산선,백석,5046,5011,10057,35,3,1,화
2022-03-01,일산선,마두,3087,3111,6198,-24,3,1,화
2022-03-01,일산선,정발산,4162,4126,8288,36,3,1,화
2022-03-01,일산선,주엽,4296,4269,8565,27,3,1,화
2022-03-01,일산선,대화,5382,4910,10292,472,3,1,화
2022-03-01,장항선,봉명,421,431,852,-10,3,1,화
2022-03-01,장항선,쌍용(나사렛대),1107,1057,2164,50,3,1,화
2022-03-01,장항선,아산,2192,1706,3898,486,3,1,화
2022-03-01,장항선,탕정,362,377,739,-15,3,1,화
2022-03-02,경의선,문산,4597,4525,9122,72,3,2,수
2022-03-02,중앙선,지평,73,76,149,-3,3,2,수
2022-03-02,수인선,어천,608,613,1221,-5,3,2,수
2022-03-02,수인선,오목천,3186,3032,6218,154,3,2,수
2022-03-02,수인선,고색,4789,4513,9302,276,3,2,수
2022-03-02,1호선,서울역,35974,34212,70186,1762,3,2,수
2022-03-02,1호선,시청,20111,20187,40298,-76,3,2,수
2022-03-02,1호선,종각,30162,29499,59661,663,3,2,수
2022-03-02,1호선,종로3가,21817,19803,41620,2014,3,2,수
2022-03-02,1호선,종로5가,20566,20001,40567,565,3,2,수
2022-03-02,1호선,동대문,10037,9347,19384,690,3,2,수
2022-03-02,1호선,신설동,13284,13035,26319,249,3,2,수
2022-03-02,1호선,제기동,15660,15915,31575,-255,3,2,수
2022-03-02,1호선,청량리(서울시립대입구),18246,18182,36428,64,3,2,수
2022-03-02,1호선,동묘앞,7000,7349,14349,-349,3,2,수
2022-03-02,2호선,시청,21357,20496,41853,861,3,2,수
2022-03-02,2호선,을지로입구,33949,35029,68978,-1080,3,2,수
2022-03-02,2호선,을지로3가,19588,19486,39074,102,3,2,수
2022-03-02,2호선,을지로4가,12067,11844,23911,223,3,2,수
2022-03-02,2호선,동대문역사문화공원(DDP),10555,11900,22455,-1345,3,2,수
2022-03-02,2호선,신당,12840,13302,26142,-462,3,2,수
2022-03-02,2호선,상왕십리,13238,13014,26252,224,3,2,수
2022-03-02,2호선,왕십리(성동구청),15507,12311,27818,3196,3,2,수
2022-03-02,2호선,한양대,14511,16359,30870,-1848,3,2,수
2022-03-02,2호선,뚝섬,19677,21232,40909,-1555,3,2,수
2022-03-02,2호선,성수,34223,36965,71188,-2742,3,2,수
2022-03-02,2호선,건대입구,31411,32960,64371,-1549,3,2,수
2022-03-02,2호선,구의(광진구청),22032,22191,44223,-159,3,2,수
2022-03-02,2호선,강변(동서울터미널),25921,24215,50136,1706,3,2,수
2022-03-02,2호선,잠실나루,13383,13043,26426,340,3,2,수
2022-03-02,2호선,잠실(송파구청),56221,56212,112433,9,3,2,수
2022-03-02,2호선,잠실새내,18933,19061,37994,-128,3,2,수
2022-03-02,2호선,종합운동장,7337,8001,15338,-664,3,2,수
2022-03-02,2호선,삼성(무역센터),44433,44668,89101,-235,3,2,수
2022-03-02,2호선,선릉,52126,46172,98298,5954,3,2,수
2022-03-02,2호선,역삼,47882,53147,101029,-5265,3,2,수
2022-03-02,2호선,강남,72534,70880,143414,1654,3,2,수
2022-03-02,2호선,교대(법원.검찰청),31315,35141,66456,-3826,3,2,수
2022-03-02,2호선,서초,20225,19796,40021,429,3,2,수
2022-03-02,2호선,방배,17627,18240,35867,-613,3,2,수
2022-03-02,2호선,사당,31227,34395,65622,-3168,3,2,수
2022-03-02,2호선,낙성대(강감찬),25387,25361,50748,26,3,2,수
2022-03-02,2호선,서울대입구(관악구청),45109,44482,89591,627,3,2,수
2022-03-02,2호선,봉천,22050,20911,42961,1139,3,2,수
2022-03-02,2호선,신림,58677,57204,115881,1473,3,2,수
2022-03-02,2호선,신대방,24496,24157,48653,339,3,2,수
2022-03-02,2호선,구로디지털단지,54471,54487,108958,-16,3,2,수
2022-03-02,2호선,대림(구로구청),22401,23014,45415,-613,3,2,수
2022-03-02,2호선,신도림,41844,41365,83209,479,3,2,수
2022-03-02,2호선,문래,19680,19948,39628,-268,3,2,수
2022-03-02,2호선,영등포구청,21338,21776,43114,-438,3,2,수
2022-03-02,2호선,당산,16871,19580,36451,-2709,3,2,수
2022-03-02,2호선,합정,26747,27506,54253,-759,3,2,수
2022-03-02,2호선,홍대입구,45184,46208,91392,-1024,3,2,수
2022-03-02,2호선,신촌,29532,29754,59286,-222,3,2,수
2022-03-02,2호선,이대,12682,13593,26275,-911,3,2,수
2022-03-02,2호선,아현,9641,9374,19015,267,3,2,수
2022-03-02,2호선,충정로(경기대입구),9418,9940,19358,-522,3,2,수
2022-03-02,2호선,용답,3253,3411,6664,-158,3,2,수
2022-03-02,2호선,신답,1529,1775,3304,-246,3,2,수
2022-03-02,2호선,신설동,3197,3184,6381,13,3,2,수
2022-03-02,2호선,도림천,1321,1423,2744,-102,3,2,수
2022-03-02,2호선,양천구청,6353,6721,13074,-368,3,2,수
2022-03-02,2호선,신정네거리,9519,9941,19460,-422,3,2,수
2022-03-02,2호선,용두(동대문구청),2272,2400,4672,-128,3,2,수
2022-03-02,3호선,지축,4379,4152,8531,227,3,2,수
2022-03-02,3호선,구파발,19251,18374,37625,877,3,2,수
2022-03-02,3호선,연신내,34463,32621,67084,1842,3,2,수
2022-03-02,3호선,불광,15033,16309,31342,-1276,3,2,수
2022-03-02,3호선,녹번,14644,13511,28155,1133,3,2,수
2022-03-02,3호선,홍제,16388,15852,32240,536,3,2,수
2022-03-02,3호선,무악재,3579,3649,7228,-70,3,2,수
2022-03-02,3호선,독립문,6555,6881,13436,-326,3,2,수
2022-03-02,3호선,경복궁(정부서울청사),18428,17872,36300,556,3,2,수
2022-03-02,3호선,안국,18042,18279,36321,-237,3,2,수
2022-03-02,3호선,종로3가,9420,10484,19904,-1064,3,2,수
2022-03-02,3호선,을지로3가,9383,9602,18985,-219,3,2,수
2022-03-02,3호선,동대입구,7645,8299,15944,-654,3,2,수
2022-03-02,3호선,약수,12159,11841,24000,318,3,2,수
2022-03-02,3호선,금호,7287,6955,14242,332,3,2,수
2022-03-02,3호선,옥수,8007,8488,16495,-481,3,2,수
2022-03-02,3호선,압구정,28872,30530,59402,-1658,3,2,수
2022-03-02,3호선,신사,27064,27942,55006,-878,3,2,수
2022-03-02,3호선,잠원,4306,4244,8550,62,3,2,수
2022-03-02,3호선,고속터미널,31943,29794,61737,2149,3,2,수
2022-03-02,3호선,교대(법원.검찰청),13031,8448,21479,4583,3,2,수
2022-03-02,3호선,남부터미널(예술의전당),25592,26076,51668,-484,3,2,수
2022-03-02,3호선,양재(서초구청),35259,38242,73501,-2983,3,2,수
2022-03-02,3호선,매봉,11528,10948,22476,580,3,2,수
2022-03-02,3호선,도곡,4929,5111,10040,-182,3,2,수
2022-03-02,3호선,대치,9942,10099,20041,-157,3,2,수
2022-03-02,3호선,학여울,1777,1806,3583,-29,3,2,수
2022-03-02,3호선,대청,9663,8971,18634,692,3,2,수
2022-03-02,3호선,일원,9707,9375,19082,332,3,2,수
2022-03-02,3호선,수서,15085,15615,30700,-530,3,2,수
2022-03-02,3호선,가락시장,8129,8040,16169,89,3,2,수
2022-03-02,3호선,경찰병원,6832,6812,13644,20,3,2,수
2022-03-02,3호선,오금,5775,5250,11025,525,3,2,수
2022-03-02,4호선,당고개,12194,11105,23299,1089,3,2,수
2022-03-02,4호선,상계,17976,16581,34557,1395,3,2,수
2022-03-02,4호선,노원,17223,19412,36635,-2189,3,2,수
2022-03-02,4호선,창동,23820,25244,49064,-1424,3,2,수
2022-03-02,4호선,쌍문,27567,25636,53203,1931,3,2,수
2022-03-02,4호선,수유(강북구청),32207,32417,64624,-210,3,2,수
2022-03-02,4호선,미아(서울사이버대학),14651,14272,28923,379,3,2,수
2022-03-02,4호선,미아사거리,25873,25254,51127,619,3,2,수
2022-03-02,4호선,길음,19215,19519,38734,-304,3,2,수
2022-03-02,4호선,성신여대입구(돈암),19850,19053,38903,797,3,2,수
2022-03-02,4호선,한성대입구(삼선교),12295,11962,24257,333,3,2,수
2022-03-02,4호선,혜화,28233,28226,56459,7,3,2,수
2022-03-02,4호선,동대문,17550,17978,35528,-428,3,2,수
2022-03-02,4호선,동대문역사문화공원(DDP),12895,11996,24891,899,3,2,수
2022-03-02,4호선,충무로,26475,26979,53454,-504,3,2,수
2022-03-02,4호선,명동,17963,18323,36286,-360,3,2,수
2022-03-02,4호선,회현(남대문시장),21668,22789,44457,-1121,3,2,수
2022-03-02,4호선,서울역,10016,13181,23197,-3165,3,2,수
2022-03-02,4호선,숙대입구(갈월),12991,12564,25555,427,3,2,수
2022-03-02,4호선,삼각지,4298,4614,8912,-316,3,2,수
2022-03-02,4호선,신용산,14297,15150,29447,-853,3,2,수
2022-03-02,4호선,이촌(국립중앙박물관),6685,7315,14000,-630,3,2,수
2022-03-02,4호선,동작(현충원),1338,1620,2958,-282,3,2,수
2022-03-02,4호선,총신대입구(이수),17497,18968,36465,-1471,3,2,수
2022-03-02,4호선,사당,21466,18076,39542,3390,3,2,수
2022-03-02,4호선,남태령,1074,953,2027,121,3,2,수
2022-03-02,5호선,방화,6420,6121,12541,299,3,2,수
2022-03-02,5호선,개화산,5273,5051,10324,222,3,2,수
2022-03-02,5호선,김포공항,6341,5699,12040,642,3,2,수
2022-03-02,5호선,송정,6262,5883,12145,379,3,2,수
2022-03-02,5호선,마곡,10135,10148,20283,-13,3,2,수
2022-03-02,5호선,발산,19507,19631,39138,-124,3,2,수
2022-03-02,5호선,우장산,13769,13628,27397,141,3,2,수
2022-03-02,5호선,화곡,26925,25275,52200,1650,3,2,수
2022-03-02,5호선,까치산,27248,26396,53644,852,3,2,수
2022-03-02,5호선,신정(은행정),13195,10923,24118,2272,3,2,수
2022-03-02,5호선,목동,15474,16993,32467,-1519,3,2,수
2022-03-02,5호선,오목교(목동운동장앞),19659,20973,40632,-1314,3,2,수
2022-03-02,5호선,양평,7150,7155,14305,-5,3,2,수
2022-03-02,5호선,영등포구청,3771,3850,7621,-79,3,2,수
2022-03-02,5호선,영등포시장,9371,9584,18955,-213,3,2,수
2022-03-02,5호선,신길,3791,4268,8059,-477,3,2,수
2022-03-02,5호선,여의도,25921,26930,52851,-1009,3,2,수
2022-03-02,5호선,여의나루,8519,9501,18020,-982,3,2,수
2022-03-02,5호선,마포,13246,13568,26814,-322,3,2,수
2022-03-02,5호선,공덕,12822,13270,26092,-448,3,2,수
2022-03-02,5호선,애오개,6282,6321,12603,-39,3,2,수
2022-03-02,5호선,충정로(경기대입구),4462,4530,8992,-68,3,2,수
2022-03-02,5호선,서대문,18158,18409,36567,-251,3,2,수
2022-03-02,5호선,광화문(세종문화회관),26597,27305,53902,-708,3,2,수
2022-03-02,5호선,종로3가,10037,10066,20103,-29,3,2,수
2022-03-02,5호선,을지로4가,5766,5654,11420,112,3,2,수
2022-03-02,5호선,동대문역사문화공원(DDP),2764,3159,5923,-395,3,2,수
2022-03-02,5호선,청구,3930,3450,7380,480,3,2,수
2022-03-02,5호선,신금호,6114,6490,12604,-376,3,2,수
2022-03-02,5호선,행당,7620,6857,14477,763,3,2,수
2022-03-02,5호선,왕십리(성동구청),4316,4851,9167,-535,3,2,수
2022-03-02,5호선,마장,5373,5123,10496,250,3,2,수
2022-03-02,5호선,답십리,15099,13930,29029,1169,3,2,수
2022-03-02,5호선,장한평,17312,17262,34574,50,3,2,수
2022-03-02,5호선,군자(능동),10424,11393,21817,-969,3,2,수
2022-03-02,5호선,아차산(어린이대공원후문),14113,13636,27749,477,3,2,수
2022-03-02,5호선,광나루(장신대),12379,11517,23896,862,3,2,수
2022-03-02,5호선,천호(풍납토성),16215,16342,32557,-127,3,2,수
2022-03-02,5호선,강동,17108,16593,33701,515,3,2,수
2022-03-02,5호선,길동,7587,7852,15439,-265,3,2,수
2022-03-02,5호선,굽은다리(강동구민회관앞),8886,8511,17397,375,3,2,수
2022-03-02,5호선,명일,8237,8421,16658,-184,3,2,수
2022-03-02,5호선,고덕,9153,9197,18350,-44,3,2,수
2022-03-02,5호선,상일동,13877,13139,27016,738,3,2,수
2022-03-02,5호선,둔촌동,8037,8158,16195,-121,3,2,수
2022-03-02,5호선,올림픽공원(한국체대),4066,3623,7689,443,3,2,수
2022-03-02,5호선,방이,6529,6829,13358,-300,3,2,수
2022-03-02,5호선,오금,3606,3575,7181,31,3,2,수
2022-03-02,5호선,개롱,6177,6425,12602,-248,3,2,수
2022-03-02,5호선,거여,9451,8984,18435,467,3,2,수
2022-03-02,5호선,마천,6747,6641,13388,106,3,2,수
2022-03-02,5호선,강일,3724,3601,7325,123,3,2,수
2022-03-02,5호선,미사,14734,15027,29761,-293,3,2,수
2022-03-02,5호선,하남풍산,4083,4117,8200,-34,3,2,수
2022-03-02,5호선,하남시청(덕풍·신장),6106,6046,12152,60,3,2,수
2022-03-02,5호선,하남검단산,5165,4892,10057,273,3,2,수
2022-03-02,6호선,응암,16564,16591,33155,-27,3,2,수
2022-03-02,6호선,역촌,3635,4234,7869,-599,3,2,수
2022-03-02,6호선,불광,4000,4038,8038,-38,3,2,수
2022-03-02,6호선,독바위,2503,2686,5189,-183,3,2,수
2022-03-02,6호선,연신내,1,0,1,1,3,2,수
2022-03-02,6호선,구산,7380,5730,13110,1650,3,2,수
2022-03-02,6호선,새절(신사),12389,11621,24010,768,3,2,수
2022-03-02,6호선,증산(명지대앞),9561,9702,19263,-141,3,2,수
2022-03-02,6호선,디지털미디어시티,13010,14051,27061,-1041,3,2,수
2022-03-02,6호선,월드컵경기장(성산),4121,4303,8424,-182,3,2,수
2022-03-02,6호선,마포구청,13622,12512,26134,1110,3,2,수
2022-03-02,6호선,망원,12614,13268,25882,-654,3,2,수
2022-03-02,6호선,합정,11528,11242,22770,286,3,2,수
2022-03-02,6호선,상수,7584,8295,15879,-711,3,2,수
2022-03-02,6호선,광흥창(서강),8692,8530,17222,162,3,2,수
2022-03-02,6호선,대흥(서강대앞),7777,8172,15949,-395,3,2,수
2022-03-02,6호선,공덕,16790,16359,33149,431,3,2,수
2022-03-02,6호선,효창공원앞,6589,6234,12823,355,3,2,수
2022-03-02,6호선,삼각지,5637,5022,10659,615,3,2,수
2022-03-02,6호선,녹사평(용산구청),4139,4106,8245,33,3,2,수
2022-03-02,6호선,이태원,7966,7960,15926,6,3,2,수
2022-03-02,6호선,한강진,6957,7939,14896,-982,3,2,수
2022-03-02,6호선,버티고개,1870,1962,3832,-92,3,2,수
2022-03-02,6호선,약수,3390,3298,6688,92,3,2,수
2022-03-02,6호선,청구,3575,3958,7533,-383,3,2,수
2022-03-02,6호선,신당,7417,8011,15428,-594,3,2,수
2022-03-02,6호선,동묘앞,7376,7361,14737,15,3,2,수
2022-03-02,6호선,창신,3399,2871,6270,528,3,2,수
2022-03-02,6호선,보문,6916,6405,13321,511,3,2,수
2022-03-02,6호선,안암(고대병원앞),11604,11747,23351,-143,3,2,수
2022-03-02,6호선,고려대(종암),7685,7756,15441,-71,3,2,수
2022-03-02,6호선,월곡(동덕여대),10822,10893,21715,-71,3,2,수
2022-03-02,6호선,상월곡(한국과학기술연구원),5899,5351,11250,548,3,2,수
2022-03-02,6호선,돌곶이,9133,8705,17838,428,3,2,수
2022-03-02,6호선,석계,11913,12628,24541,-715,3,2,수
2022-03-02,6호선,태릉입구,5208,5686,10894,-478,3,2,수
2022-03-02,6호선,화랑대(서울여대입구),11536,9052,20588,2484,3,2,수
2022-03-02,6호선,봉화산(서울의료원),8322,7939,16261,383,3,2,수
2022-03-02,7호선,장암,2014,765,2779,1249,3,2,수
2022-03-02,7호선,도봉산,8836,10340,19176,-1504,3,2,수
2022-03-02,7호선,수락산,11771,11558,23329,213,3,2,수
2022-03-02,7호선,마들,12099,11740,23839,359,3,2,수
2022-03-02,7호선,노원,18872,19409,38281,-537,3,2,수
2022-03-02,7호선,중계,13477,12523,26000,954,3,2,수
2022-03-02,7호선,하계,17044,16375,33419,669,3,2,수
2022-03-02,7호선,공릉(서울과학기술대),12136,12068,24204,68,3,2,수
2022-03-02,7호선,태릉입구,7954,7690,15644,264,3,2,수
2022-03-02,7호선,먹골,9774,9635,19409,139,3,2,수
2022-03-02,7호선,중화,10368,10251,20619,117,3,2,수
2022-03-02,7호선,상봉(시외버스터미널),15455,14567,30022,888,3,2,수
2022-03-02,7호선,면목,15587,15233,30820,354,3,2,수
2022-03-02,7호선,사가정,15195,15450,30645,-255,3,2,수
2022-03-02,7호선,용마산(용마폭포공원),5761,5647,11408,114,3,2,수
2022-03-02,7호선,중곡,10538,9967,20505,571,3,2,수
2022-03-02,7호선,군자(능동),14120,11570,25690,2550,3,2,수
2022-03-02,7호선,어린이대공원(세종대),13799,13911,27710,-112,3,2,수
2022-03-02,7호선,건대입구,11605,12115,23720,-510,3,2,수
2022-03-02,7호선,뚝섬유원지,7188,7010,14198,178,3,2,수
2022-03-02,7호선,청담,18446,20093,38539,-1647,3,2,수
2022-03-02,7호선,강남구청,15540,16936,32476,-1396,3,2,수
2022-03-02,7호선,학동,23398,24755,48153,-1357,3,2,수
2022-03-02,7호선,논현,18927,20358,39285,-1431,3,2,수
2022-03-02,7호선,반포,5452,5326,10778,126,3,2,수
2022-03-02,7호선,고속터미널,13297,11386,24683,1911,3,2,수
2022-03-02,7호선,내방,13873,14151,28024,-278,3,2,수
2022-03-02,7호선,이수,14614,13979,28593,635,3,2,수
2022-03-02,7호선,남성,10328,9831,20159,497,3,2,수
2022-03-02,7호선,숭실대입구(살피재),14326,14816,29142,-490,3,2,수
2022-03-02,7호선,상도,10928,10848,21776,80,3,2,수
2022-03-02,7호선,장승배기,8766,8659,17425,107,3,2,수
2022-03-02,7호선,신대방삼거리,15960,15491,31451,469,3,2,수
2022-03-02,7호선,보라매,9401,9360,18761,41,3,2,수
2022-03-02,7호선,신풍,10959,10508,21467,451,3,2,수
2022-03-02,7호선,대림(구로구청),7329,7344,14673,-15,3,2,수
2022-03-02,7호선,남구로,15259,15872,31131,-613,3,2,수
2022-03-02,7호선,가산디지털단지,43458,43317,86775,141,3,2,수
2022-03-02,7호선,철산,19409,19763,39172,-354,3,2,수
2022-03-02,7호선,광명사거리,20789,20670,41459,119,3,2,수
2022-03-02,7호선,천왕,10832,10535,21367,297,3,2,수
2022-03-02,7호선,온수(성공회대입구),9988,9244,19232,744,3,2,수
2022-03-02,7호선,까치울,1,0,1,1,3,2,수
2022-03-02,7호선,춘의,1,0,1,1,3,2,수
2022-03-02,7호선,신중동,1,0,1,1,3,2,수
2022-03-02,7호선,부천시청,1,0,1,1,3,2,수
2022-03-02,7호선,굴포천,1,0,1,1,3,2,수
2022-03-02,8호선,암사,17681,15802,33483,1879,3,2,수
2022-03-02,8호선,천호(풍납토성),13388,15289,28677,-1901,3,2,수
2022-03-02,8호선,강동구청,10000,10498,20498,-498,3,2,수
2022-03-02,8호선,몽촌토성(평화의문),5477,5575,11052,-98,3,2,수
2022-03-02,8호선,잠실(송파구청),11955,13670,25625,-1715,3,2,수
2022-03-02,8호선,석촌,6905,8004,14909,-1099,3,2,수
2022-03-02,8호선,송파,7182,7315,14497,-133,3,2,수
2022-03-02,8호선,가락시장,6893,7701,14594,-808,3,2,수
2022-03-02,8호선,문정,21001,22064,43065,-1063,3,2,수
2022-03-02,8호선,장지,15598,15231,30829,367,3,2,수
2022-03-02,8호선,복정,8917,7757,16674,1160,3,2,수
2022-03-02,8호선,산성,4987,5086,10073,-99,3,2,수
2022-03-02,8호선,남한산성입구(성남법원.검찰청),13876,13137,27013,739,3,2,수
2022-03-02,8호선,단대오거리,10837,10370,21207,467,3,2,수
2022-03-02,8호선,신흥,3999,4348,8347,-349,3,2,수
2022-03-02,8호선,수진,5184,4711,9895,473,3,2,수
2022-03-02,8호선,모란,4275,3394,7669,881,3,2,수
2022-03-02,8호선,남위례,4081,4345,8426,-264,3,2,수
2022-03-02,9호선,개화,2240,1645,3885,595,3,2,수
2022-03-02,9호선,김포공항,6049,8334,14383,-2285,3,2,수
2022-03-02,9호선,공항시장,2836,3076,5912,-240,3,2,수
2022-03-02,9호선,신방화,6721,6497,13218,224,3,2,수
2022-03-02,9호선,마곡나루(서울식물원),11002,10905,21907,97,3,2,수
2022-03-02,9호선,양천향교,9101,9352,18453,-251,3,2,수
2022-03-02,9호선,가양,18985,18839,37824,146,3,2,수
2022-03-02,9호선,증미,6997,6879,13876,118,3,2,수
2022-03-02,9호선,등촌,10927,10739,21666,188,3,2,수
2022-03-02,9호선,염창,15829,15528,31357,301,3,2,수
2022-03-02,9호선,신목동,3736,3386,7122,350,3,2,수
2022-03-02,9호선,선유도,8129,7807,15936,322,3,2,수
2022-03-02,9호선,당산,16521,16697,33218,-176,3,2,수
2022-03-02,9호선,국회의사당,15839,15955,31794,-116,3,2,수
2022-03-02,9호선,여의도,24378,23606,47984,772,3,2,수
2022-03-02,9호선,샛강,5295,5539,10834,-244,3,2,수
2022-03-02,9호선,노량진,23417,22793,46210,624,3,2,수
2022-03-02,9호선,노들,4058,3513,7571,545,3,2,수
2022-03-02,9호선,흑석(중앙대입구),8989,9129,18118,-140,3,2,수
2022-03-02,9호선,동작(현충원),1824,1496,3320,328,3,2,수
2022-03-02,9호선,구반포,1230,1285,2515,-55,3,2,수
2022-03-02,9호선,신반포,3219,3023,6242,196,3,2,수
2022-03-02,9호선,고속터미널,9913,12483,22396,-2570,3,2,수
2022-03-02,9호선,사평,3182,3192,6374,-10,3,2,수
2022-03-02,9호선,신논현,27413,27291,54704,122,3,2,수
2022-03-02,9호선2~3단계,언주,9602,9843,19445,-241,3,2,수
2022-03-02,9호선2~3단계,선정릉,8888,9745,18633,-857,3,2,수
2022-03-02,9호선2~3단계,삼성중앙,6309,6663,12972,-354,3,2,수
2022-03-02,9호선2~3단계,봉은사,13791,13850,27641,-59,3,2,수
2022-03-02,9호선2~3단계,종합운동장,3783,3878,7661,-95,3,2,수
2022-03-02,9호선2~3단계,삼전,6484,6265,12749,219,3,2,수
2022-03-02,9호선2~3단계,석촌고분,5673,5605,11278,68,3,2,수
2022-03-02,9호선2~3단계,석촌,7692,6790,14482,902,3,2,수
2022-03-02,9호선2~3단계,송파나루,4679,4953,9632,-274,3,2,수
2022-03-02,9호선2~3단계,한성백제,2343,2231,4574,112,3,2,수
2022-03-02,9호선2~3단계,올림픽공원(한국체대),5264,5208,10472,56,3,2,수
2022-03-02,9호선2~3단계,둔촌오륜,1216,1143,2359,73,3,2,수
2022-03-02,9호선2~3단계,중앙보훈병원,10033,8855,18888,1178,3,2,수
2022-03-02,경강선,판교,4152,4118,8270,34,3,2,수
2022-03-02,경강선,이매,1021,869,1890,152,3,2,수
2022-03-02,경강선,삼동,2252,2081,4333,171,3,2,수
2022-03-02,경강선,경기광주,7134,6877,14011,257,3,2,수
2022-03-02,경강선,초월,2867,2840,5707,27,3,2,수
2022-03-02,경강선,곤지암,1885,1853,3738,32,3,2,수
2022-03-02,경강선,신둔도예촌,1472,1292,2764,180,3,2,수
2022-03-02,경강선,이천,2350,2348,4698,2,3,2,수
2022-03-02,경강선,부발,1823,1797,3620,26,3,2,수
2022-03-02,경강선,세종대왕릉,256,282,538,-26,3,2,수
2022-03-02,경강선,여주,1766,1783,3549,-17,3,2,수
2022-03-02,경부선,서울역,4541,1604,6145,2937,3,2,수
2022-03-02,경부선,남영,8780,9555,18335,-775,3,2,수
2022-03-02,경부선,용산,26669,27408,54077,-739,3,2,수
2022-03-02,경부선,노량진,7094,7383,14477,-289,3,2,수
2022-03-02,경부선,대방,12052,12417,24469,-365,3,2,수
2022-03-02,경부선,영등포,32136,32608,64744,-472,3,2,수
2022-03-02,경부선,신도림,3858,3784,7642,74,3,2,수
2022-03-02,경부선,신길,8580,7260,15840,1320,3,2,수
2022-03-02,경부선,구로,17441,17516,34957,-75,3,2,수
2022-03-02,경부선,가산디지털단지,17280,19947,37227,-2667,3,2,수
2022-03-02,경부선,금천구청,10987,11054,22041,-67,3,2,수
2022-03-02,경부선,석수,9168,8249,17417,919,3,2,수
2022-03-02,경부선,관악,6731,6350,13081,381,3,2,수
2022-03-02,경부선,안양,23642,23382,47024,260,3,2,수
2022-03-02,경부선,명학,10099,9750,19849,349,3,2,수
2022-03-02,경부선,금정,24769,25376,50145,-607,3,2,수
2022-03-02,경부선,군포,7421,7637,15058,-216,3,2,수
2022-03-02,경부선,의왕,8643,8759,17402,-116,3,2,수
2022-03-02,경부선,성균관대,14117,14060,28177,57,3,2,수
2022-03-02,경부선,화서,7630,7224,14854,406,3,2,수
2022-03-02,경부선,수원,30622,32461,63083,-1839,3,2,수
2022-03-02,경부선,독산,18178,18911,37089,-733,3,2,수
2022-03-02,경부선,세류,2739,2448,5187,291,3,2,수
2022-03-02,경부선,병점,13493,13755,27248,-262,3,2,수
2022-03-02,경부선,세마,2678,2540,5218,138,3,2,수
2022-03-02,경부선,오산대,3296,2970,6266,326,3,2,수
2022-03-02,경부선,오산,8891,8975,17866,-84,3,2,수
2022-03-02,경부선,진위,1620,1466,3086,154,3,2,수
2022-03-02,경부선,송탄,4144,3921,8065,223,3,2,수
2022-03-02,경부선,서정리,7019,6738,13757,281,3,2,수
2022-03-02,경부선,평택지제,3149,3102,6251,47,3,2,수
2022-03-02,경부선,평택,11813,11644,23457,169,3,2,수
2022-03-02,경부선,성환,5357,5280,10637,77,3,2,수
2022-03-02,경부선,직산,708,698,1406,10,3,2,수
2022-03-02,경부선,두정,7807,8172,15979,-365,3,2,수
2022-03-02,경부선,천안,6105,5740,11845,365,3,2,수
2022-03-02,경부선,당정,5924,5647,11571,277,3,2,수
2022-03-02,경부선,서동탄,1287,1119,2406,168,3,2,수
2022-03-02,경부선,광명,2912,2526,5438,386,3,2,수
2022-03-02,경원선,이촌(국립중앙박물관),3355,2700,6055,655,3,2,수
2022-03-02,경원선,서빙고,1864,1810,3674,54,3,2,수
2022-03-02,경원선,한남,3770,3538,7308,232,3,2,수
2022-03-02,경원선,옥수,46,25,71,21,3,2,수
2022-03-02,경원선,응봉,1752,1449,3201,303,3,2,수
2022-03-02,경원선,왕십리(성동구청),13489,14191,27680,-702,3,2,수
2022-03-02,경원선,청량리(서울시립대입구),12560,13021,25581,-461,3,2,수
2022-03-02,경원선,외대앞,8262,8360,16622,-98,3,2,수
2022-03-02,경원선,신이문,7905,7506,15411,399,3,2,수
2022-03-02,경원선,석계,7572,8465,16037,-893,3,2,수
2022-03-02,경원선,광운대,9383,9269,18652,114,3,2,수
2022-03-02,경원선,월계,8266,7728,15994,538,3,2,수
2022-03-02,경원선,녹천,4484,3692,8176,792,3,2,수
2022-03-02,경원선,방학,9331,9188,18519,143,3,2,수
2022-03-02,경원선,도봉,5734,5501,11235,233,3,2,수
2022-03-02,경원선,도봉산,7469,4853,12322,2616,3,2,수
2022-03-02,경원선,망월사,7140,7269,14409,-129,3,2,수
2022-03-02,경원선,회룡,11813,11792,23605,21,3,2,수
2022-03-02,경원선,의정부,17154,17377,34531,-223,3,2,수
2022-03-02,경원선,가능,6365,6215,12580,150,3,2,수
2022-03-02,경원선,녹양,4448,4198,8646,250,3,2,수
2022-03-02,경원선,양주,7353,6916,14269,437,3,2,수
2022-03-02,경원선,덕계,2963,2680,5643,283,3,2,수
2022-03-02,경원선,덕정,5889,5739,11628,150,3,2,수
2022-03-02,경원선,지행,6227,6158,12385,69,3,2,수
2022-03-02,경원선,동두천중앙,2988,2834,5822,154,3,2,수
2022-03-02,경원선,보산,1415,1298,2713,117,3,2,수
2022-03-02,경원선,동두천,2371,2478,4849,-107,3,2,수
2022-03-02,경원선,소요산,2424,2049,4473,375,3,2,수
2022-03-02,경의선,서울역,3951,5076,9027,-1125,3,2,수
2022-03-02,경의선,신촌,823,1003,1826,-180,3,2,수
2022-03-02,경의선,효창공원앞,2873,3150,6023,-277,3,2,수
2022-03-02,경의선,공덕,3106,2759,5865,347,3,2,수
2022-03-02,경의선,서강대,1985,1956,3941,29,3,2,수
2022-03-02,경의선,홍대입구,1459,1670,3129,-211,3,2,수
2022-03-02,경의선,가좌,5108,4957,10065,151,3,2,수
2022-03-02,경의선,디지털미디어시티,2337,2145,4482,192,3,2,수
2022-03-02,경의선,수색,2720,2819,5539,-99,3,2,수
2022-03-02,경의선,화전,3813,3538,7351,275,3,2,수
2022-03-02,경의선,강매,3040,2642,5682,398,3,2,수
2022-03-02,경의선,행신,7181,7463,14644,-282,3,2,수
2022-03-02,경의선,능곡,3667,3331,6998,336,3,2,수
2022-03-02,경의선,곡산,565,581,1146,-16,3,2,수
2022-03-02,경의선,백마,6843,6674,13517,169,3,2,수
2022-03-02,경의선,풍산,5188,4804,9992,384,3,2,수
2022-03-02,경의선,일산,9001,8872,17873,129,3,2,수
2022-03-02,경의선,탄현,7231,6961,14192,270,3,2,수
2022-03-02,경의선,야당,6892,6789,13681,103,3,2,수
2022-03-02,경의선,운정,6579,6306,12885,273,3,2,수
2022-03-02,경의선,금릉,4504,4505,9009,-1,3,2,수
2022-03-02,경의선,금촌,5984,5940,11924,44,3,2,수
2022-03-02,경의선,월롱,2778,2659,5437,119,3,2,수
2022-03-02,경의선,파주,1652,1171,2823,481,3,2,수
2022-03-02,경의선,임진강,10,2,12,8,3,2,수
2022-03-02,경인선,개봉,20173,20209,40382,-36,3,2,수
2022-03-02,경인선,오류동,11359,10787,22146,572,3,2,수
2022-03-02,경인선,역곡,25051,24855,49906,196,3,2,수
2022-03-02,경인선,부천,29798,29678,59476,120,3,2,수
2022-03-02,경인선,송내,25015,25101,50116,-86,3,2,수
2022-03-02,경인선,부평,25507,26786,52293,-1279,3,2,수
2022-03-02,경인선,백운,6539,6484,13023,55,3,2,수
2022-03-02,경인선,동암,13416,13478,26894,-62,3,2,수
2022-03-02,경인선,주안,17386,15735,33121,1651,3,2,수
2022-03-02,경인선,제물포,10308,9822,20130,486,3,2,수
2022-03-02,경인선,동인천,12880,12242,25122,638,3,2,수
2022-03-02,경인선,인천,3016,2258,5274,758,3,2,수
2022-03-02,경인선,구일,5884,6013,11897,-129,3,2,수
2022-03-02,경인선,소사,8212,8033,16245,179,3,2,수
2022-03-02,경인선,부개,8011,7600,15611,411,3,2,수
2022-03-02,경인선,간석,5531,5242,10773,289,3,2,수
2022-03-02,경인선,도원,2920,2924,5844,-4,3,2,수
2022-03-02,경인선,온수(성공회대입구),6399,6292,12691,107,3,2,수
2022-03-02,경인선,중동,8863,8459,17322,404,3,2,수
2022-03-02,경인선,도화,4061,3772,7833,289,3,2,수
2022-03-02,경춘선,신내,2213,2067,4280,146,3,2,수
2022-03-02,경춘선,갈매,2893,2550,5443,343,3,2,수
2022-03-02,경춘선,별내,3175,3025,6200,150,3,2,수
2022-03-02,경춘선,퇴계원,3464,3207,6671,257,3,2,수
2022-03-02,경춘선,사릉,3116,3010,6126,106,3,2,수
2022-03-02,경춘선,금곡,1435,1403,2838,32,3,2,수
2022-03-02,경춘선,평내호평,6033,5849,11882,184,3,2,수
2022-03-02,경춘선,천마산,1613,1516,3129,97,3,2,수
2022-03-02,경춘선,마석,3707,3640,7347,67,3,2,수
2022-03-02,경춘선,대성리,353,324,677,29,3,2,수
2022-03-02,경춘선,청평,1350,1329,2679,21,3,2,수
2022-03-02,경춘선,상천,218,235,453,-17,3,2,수
2022-03-02,경춘선,가평,1302,1308,2610,-6,3,2,수
2022-03-02,경춘선,굴봉산,104,109,213,-5,3,2,수
2022-03-02,경춘선,백양리,123,98,221,25,3,2,수
2022-03-02,경춘선,강촌,287,288,575,-1,3,2,수
2022-03-02,경춘선,김유정,228,217,445,11,3,2,수
2022-03-02,경춘선,남춘천,2551,2515,5066,36,3,2,수
2022-03-02,경춘선,춘천,1228,1198,2426,30,3,2,수
2022-03-02,공항철도 1호선,서울역,5936,5607,11543,329,3,2,수
2022-03-02,공항철도 1호선,공덕,1991,2579,4570,-588,3,2,수
2022-03-02,공항철도 1호선,홍대입구,7776,7566,15342,210,3,2,수
2022-03-02,공항철도 1호선,디지털미디어시티,12643,11809,24452,834,3,2,수
2022-03-02,공항철도 1호선,마곡나루(서울식물원),8211,8025,16236,186,3,2,수
2022-03-02,공항철도 1호선,김포공항,10218,5572,15790,4646,3,2,수
2022-03-02,공항철도 1호선,계양,9565,8861,18426,704,3,2,수
2022-03-02,공항철도 1호선,검암,5967,5833,11800,134,3,2,수
2022-03-02,공항철도 1호선,청라국제도시,6112,5690,11802,422,3,2,수
2022-03-02,공항철도 1호선,운서,6139,6152,12291,-13,3,2,수
2022-03-02,공항철도 1호선,공항화물청사,2285,2406,4691,-121,3,2,수
2022-03-02,공항철도 1호선,인천공항1터미널,3232,3486,6718,-254,3,2,수
2022-03-02,공항철도 1호선,인천공항2터미널,1897,1851,3748,46,3,2,수
2022-03-02,공항철도 1호선,영종,2713,2653,5366,60,3,2,수
2022-03-02,과천선,선바위,7666,6642,14308,1024,3,2,수
2022-03-02,과천선,경마공원,1160,1171,2331,-11,3,2,수
2022-03-02,과천선,대공원,2068,2208,4276,-140,3,2,수
2022-03-02,과천선,과천,5763,5468,11231,295,3,2,수
2022-03-02,과천선,정부과천청사,9632,9690,19322,-58,3,2,수
2022-03-02,과천선,인덕원,22411,23212,45623,-801,3,2,수
2022-03-02,과천선,평촌,16778,16346,33124,432,3,2,수
2022-03-02,과천선,범계,24020,24067,48087,-47,3,2,수
2022-03-02,분당선,선릉,12480,18669,31149,-6189,3,2,수
2022-03-02,분당선,한티,13323,14333,27656,-1010,3,2,수
2022-03-02,분당선,도곡,6518,6483,13001,35,3,2,수
2022-03-02,분당선,구룡,2237,2188,4425,49,3,2,수
2022-03-02,분당선,개포동,3552,3707,7259,-155,3,2,수
2022-03-02,분당선,대모산입구,4313,4071,8384,242,3,2,수
2022-03-02,분당선,수서,12041,12093,24134,-52,3,2,수
2022-03-02,분당선,수원,7296,6024,13320,1272,3,2,수
2022-03-02,분당선,서울숲,9122,9140,18262,-18,3,2,수
2022-03-02,분당선,압구정로데오,16736,18133,34869,-1397,3,2,수
2022-03-02,분당선,강남구청,9720,10913,20633,-1193,3,2,수
2022-03-02,분당선,선정릉,7659,8121,15780,-462,3,2,수
2022-03-02,분당선,가천대,6560,7480,14040,-920,3,2,수
2022-03-02,분당선,태평,12522,12201,24723,321,3,2,수
2022-03-02,분당선,모란,18504,18738,37242,-234,3,2,수
2022-03-02,분당선,야탑,24453,25471,49924,-1018,3,2,수
2022-03-02,분당선,서현,22285,22667,44952,-382,3,2,수
2022-03-02,분당선,수내,12589,12522,25111,67,3,2,수
2022-03-02,분당선,정자,15424,16329,31753,-905,3,2,수
2022-03-02,분당선,미금,14815,15722,30537,-907,3,2,수
2022-03-02,분당선,오리,10934,9039,19973,1895,3,2,수
2022-03-02,분당선,이매,5561,5058,10619,503,3,2,수
2022-03-02,분당선,보정,2429,2156,4585,273,3,2,수
2022-03-02,분당선,죽전,13022,14254,27276,-1232,3,2,수
2022-03-02,분당선,구성,4665,4946,9611,-281,3,2,수
2022-03-02,분당선,신갈,4208,4287,8495,-79,3,2,수
2022-03-02,분당선,기흥,8909,8595,17504,314,3,2,수
2022-03-02,분당선,상갈,4936,4746,9682,190,3,2,수
2022-03-02,분당선,청명,4010,3968,7978,42,3,2,수
2022-03-02,분당선,영통,7568,7677,15245,-109,3,2,수
2022-03-02,분당선,망포,13222,12683,25905,539,3,2,수
2022-03-02,분당선,매탄권선,4725,4693,9418,32,3,2,수
2022-03-02,분당선,수원시청,11541,11977,23518,-436,3,2,수
2022-03-02,분당선,매교,3098,3132,6230,-34,3,2,수
2022-03-02,수인선,야목,353,273,626,80,3,2,수
2022-03-02,수인선,사리,4373,3999,8372,374,3,2,수
2022-03-02,수인선,달월,97,49,146,48,3,2,수
2022-03-02,수인선,월곶,2718,2523,5241,195,3,2,수
2022-03-02,수인선,소래포구,4522,4192,8714,330,3,2,수
2022-03-02,수인선,인천논현,5220,5524,10744,-304,3,2,수
2022-03-02,수인선,호구포,3822,4072,7894,-250,3,2,수
2022-03-02,수인선,남동인더스파크,2221,2496,4717,-275,3,2,수
2022-03-02,수인선,원인재,4169,4329,8498,-160,3,2,수
2022-03-02,수인선,연수,4183,4095,8278,88,3,2,수
2022-03-02,수인선,송도,2333,2172,4505,161,3,2,수
2022-03-02,수인선,인하대,5732,5451,11183,281,3,2,수
2022-03-02,수인선,숭의,3767,3506,7273,261,3,2,수
2022-03-02,수인선,신포,1819,1758,3577,61,3,2,수
2022-03-02,수인선,인천,900,1563,2463,-663,3,2,수
2022-03-02,안산선,산본,14643,15694,30337,-1051,3,2,수
2022-03-02,안산선,대야미,4715,4323,9038,392,3,2,수
2022-03-02,안산선,반월,4148,4030,8178,118,3,2,수
2022-03-02,안산선,상록수,15813,16244,32057,-431,3,2,수
2022-03-02,안산선,한대앞,9728,9757,19485,-29,3,2,수
2022-03-02,안산선,중앙,16700,16995,33695,-295,3,2,수
2022-03-02,안산선,고잔,8298,7783,16081,515,3,2,수
2022-03-02,안산선,초지,4923,5330,10253,-407,3,2,수
2022-03-02,안산선,안산,10680,9760,20440,920,3,2,수
2022-03-02,안산선,신길온천,1625,1473,3098,152,3,2,수
2022-03-02,안산선,정왕,9793,10232,20025,-439,3,2,수
2022-03-02,안산선,오이도,7852,7636,15488,216,3,2,수
2022-03-02,안산선,수리산,3979,3331,7310,648,3,2,수
2022-03-02,우이신설선,북한산우이,2643,2416,5059,227,3,2,수
2022-03-02,우이신설선,솔밭공원,2361,2320,4681,41,3,2,수
2022-03-02,우이신설선,4.19민주묘지,4002,3946,7948,56,3,2,수
2022-03-02,우이신설선,가오리,4093,4126,8219,-33,3,2,수
2022-03-02,우이신설선,화계,3315,3204,6519,111,3,2,수
2022-03-02,우이신설선,삼양,1908,2050,3958,-142,3,2,수
2022-03-02,우이신설선,삼양사거리,2387,2468,4855,-81,3,2,수
2022-03-02,우이신설선,솔샘,5498,5323,10821,175,3,2,수
2022-03-02,우이신설선,북한산보국문,5729,5558,11287,171,3,2,수
2022-03-02,우이신설선,정릉,4455,4019,8474,436,3,2,수
2022-03-02,우이신설선,성신여대입구(돈암),3353,3609,6962,-256,3,2,수
2022-03-02,우이신설선,보문,1467,1520,2987,-53,3,2,수
2022-03-02,우이신설선,신설동,2104,1938,4042,166,3,2,수
2022-03-02,일산선,원흥,10007,9599,19606,408,3,2,수
2022-03-02,일산선,삼송,18234,18055,36289,179,3,2,수
2022-03-02,일산선,원당,10431,9922,20353,509,3,2,수
2022-03-02,일산선,화정,15825,16115,31940,-290,3,2,수
2022-03-02,일산선,대곡,1877,1515,3392,362,3,2,수
2022-03-02,일산선,백석,8986,8990,17976,-4,3,2,수
2022-03-02,일산선,마두,7024,7193,14217,-169,3,2,수
2022-03-02,일산선,정발산,6584,6509,13093,75,3,2,수
2022-03-02,일산선,주엽,8370,8468,16838,-98,3,2,수
2022-03-02,일산선,대화,11856,9548,21404,2308,3,2,수
2022-03-02,장항선,봉명,1166,1157,2323,9,3,2,수
2022-03-02,장항선,쌍용(나사렛대),2313,2162,4475,151,3,2,수
2022-03-02,장항선,아산,3628,3075,6703,553,3,2,수
2022-03-02,장항선,탕정,713,673,1386,40,3,2,수
2022-03-02,장항선,배방,1159,1080,2239,79,3,2,수
2022-03-02,장항선,온양온천,3248,3337,6585,-89,3,2,수
2022-03-02,장항선,신창(순천향대),2951,3013,5964,-62,3,2,수
2022-03-02,중앙선,회기,22558,22128,44686,430,3,2,수
2022-03-02,중앙선,중랑,5348,5102,10450,246,3,2,수
2022-03-02,중앙선,상봉(시외버스터미널),5368,5267,10635,101,3,2,수
2022-03-02,중앙선,망우,7264,7165,14429,99,3,2,수
2022-03-02,중앙선,양원,2711,2583,5294,128,3,2,수
2022-03-02,중앙선,구리,12673,12902,25575,-229,3,2,수
2022-03-02,중앙선,도농,10001,9113,19114,888,3,2,수
2022-03-02,중앙선,양정,683,596,1279,87,3,2,수
2022-03-02,중앙선,덕소,5201,5231,10432,-30,3,2,수
2022-03-02,중앙선,도심,2326,1820,4146,506,3,2,수
2022-03-02,중앙선,팔당,747,731,1478,16,3,2,수
2022-03-02,중앙선,운길산,608,591,1199,17,3,2,수
2022-03-02,중앙선,양수,1695,1684,3379,11,3,2,수
2022-03-02,중앙선,신원,207,198,405,9,3,2,수
2022-03-02,중앙선,국수,709,696,1405,13,3,2,수
2022-03-02,중앙선,아신,476,451,927,25,3,2,수
2022-03-02,중앙선,오빈,288,276,564,12,3,2,수
2022-03-02,중앙선,양평,2522,2612,5134,-90,3,2,수
2022-03-02,중앙선,원덕,297,286,583,11,3,2,수
2022-03-02,중앙선,용문,1443,1401,2844,42,3,2,수
2022-03-03,2호선,뚝섬,19778,21322,41100,-1544,3,3,목
2022-03-03,2호선,한양대,14630,16089,30719,-1459,3,3,목
2022-03-03,수인선,송도,2265,2169,4434,96,3,3,목
2022-03-03,수인선,인하대,5681,5367,11048,314,3,3,목
2022-03-03,수인선,숭의,3762,3555,7317,207,3,3,목
2022-03-03,수인선,신포,1626,1651,3277,-25,3,3,목
2022-03-03,안산선,수리산,4067,3353,7420,714,3,3,목
2022-03-03,우이신설선,북한산우이,3362,3017,6379,345,3,3,목
2022-03-03,우이신설선,솔밭공원,2331,2242,4573,89,3,3,목
2022-03-03,우이신설선,4.19민주묘지,3387,3277,6664,110,3,3,목
2022-03-03,우이신설선,가오리,3946,4045,7991,-99,3,3,목
2022-03-03,우이신설선,화계,3316,3094,6410,222,3,3,목
2022-03-03,우이신설선,삼양,1993,2077,4070,-84,3,3,목
2022-03-03,우이신설선,삼양사거리,2355,2388,4743,-33,3,3,목
2022-03-03,우이신설선,솔샘,5442,5256,10698,186,3,3,목
2022-03-03,우이신설선,북한산보국문,5694,5547,11241,147,3,3,목
2022-03-03,우이신설선,정릉,4505,4114,8619,391,3,3,목
2022-03-03,우이신설선,성신여대입구(돈암),3180,3337,6517,-157,3,3,목
2022-03-03,우이신설선,보문,1489,1518,3007,-29,3,3,목
2022-03-03,우이신설선,신설동,2072,2012,4084,60,3,3,목
2022-03-03,일산선,원흥,9979,9672,19651,307,3,3,목
2022-03-03,일산선,삼송,18172,17654,35826,518,3,3,목
2022-03-03,일산선,원당,10530,10092,20622,438,3,3,목
2022-03-03,일산선,화정,15995,16457,32452,-462,3,3,목
2022-03-03,일산선,대곡,1907,1510,3417,397,3,3,목
2022-03-03,일산선,백석,9194,9111,18305,83,3,3,목
2022-03-03,일산선,마두,7051,7107,14158,-56,3,3,목
2022-03-03,일산선,정발산,6471,6459,12930,12,3,3,목
2022-03-03,일산선,주엽,8260,8433,16693,-173,3,3,목
2022-03-03,일산선,대화,12455,10371,22826,2084,3,3,목
2022-03-03,장항선,봉명,1243,1181,2424,62,3,3,목
2022-03-03,장항선,쌍용(나사렛대),2332,2058,4390,274,3,3,목
2022-03-03,장항선,아산,3563,3230,6793,333,3,3,목
2022-03-03,장항선,탕정,720,621,1341,99,3,3,목
2022-03-03,장항선,배방,1113,1082,2195,31,3,3,목
2022-03-03,장항선,온양온천,3319,3481,6800,-162,3,3,목
2022-03-03,장항선,신창(순천향대),3495,2787,6282,708,3,3,목
2022-03-03,중앙선,회기,23136,22316,45452,820,3,3,목
2022-03-03,중앙선,중랑,5293,5071,10364,222,3,3,목
2022-03-03,중앙선,상봉(시외버스터미널),5289,5258,10547,31,3,3,목
2022-03-03,중앙선,망우,7242,7189,14431,53,3,3,목
2022-03-03,중앙선,양원,2535,2482,5017,53,3,3,목
2022-03-03,중앙선,구리,12528,12880,25408,-352,3,3,목
2022-03-03,중앙선,도농,9845,9103,18948,742,3,3,목
2022-03-03,중앙선,양정,747,595,1342,152,3,3,목
2022-03-03,중앙선,덕소,5208,5384,10592,-176,3,3,목
2022-03-03,중앙선,도심,2317,1838,4155,479,3,3,목
2022-03-03,중앙선,팔당,760,807,1567,-47,3,3,목
2022-03-03,중앙선,운길산,857,788,1645,69,3,3,목
2022-03-03,중앙선,양수,1680,1693,3373,-13,3,3,목
2022-03-03,중앙선,신원,197,182,379,15,3,3,목
2022-03-03,중앙선,국수,721,752,1473,-31,3,3,목
2022-03-03,중앙선,아신,471,483,954,-12,3,3,목
2022-03-03,중앙선,오빈,286,285,571,1,3,3,목
2022-03-03,중앙선,양평,3275,3249,6524,26,3,3,목
2022-03-03,중앙선,원덕,305,286,591,19,3,3,목
2022-03-03,중앙선,용문,1568,1534,3102,34,3,3,목
2022-03-03,중앙선,지평,65,67,132,-2,3,3,목
2022-03-03,9호선2~3단계,중앙보훈병원,9840,8685,18525,1155,3,3,목
2022-03-03,9호선2~3단계,둔촌오륜,1121,1095,2216,26,3,3,목
2022-03-03,9호선2~3단계,올림픽공원(한국체대),5190,5159,10349,31,3,3,목
2022-03-03,9호선2~3단계,한성백제,2380,2181,4561,199,3,3,목
2022-03-03,9호선2~3단계,송파나루,4663,4805,9468,-142,3,3,목
2022-03-03,9호선2~3단계,석촌,7554,6677,14231,877,3,3,목
2022-03-03,9호선2~3단계,석촌고분,5704,5645,11349,59,3,3,목
2022-03-03,9호선2~3단계,삼전,6513,6283,12796,230,3,3,목
2022-03-03,9호선2~3단계,종합운동장,3691,3806,7497,-115,3,3,목
2022-03-03,9호선2~3단계,봉은사,14214,14603,28817,-389,3,3,목
2022-03-03,9호선2~3단계,삼성중앙,6190,6590,12780,-400,3,3,목
2022-03-03,9호선2~3단계,선정릉,8894,9640,18534,-746,3,3,목
2022-03-03,9호선2~3단계,언주,9666,9900,19566,-234,3,3,목
2022-03-03,9호선,신논현,27697,27468,55165,229,3,3,목
2022-03-03,9호선,사평,3198,3152,6350,46,3,3,목
2022-03-03,9호선,고속터미널,9975,12215,22190,-2240,3,3,목
2022-03-03,9호선,신반포,3032,2898,5930,134,3,3,목
2022-03-03,9호선,구반포,1199,1236,2435,-37,3,3,목
2022-03-03,9호선,동작(현충원),1835,1470,3305,365,3,3,목
2022-03-03,9호선,흑석(중앙대입구),8672,8852,17524,-180,3,3,목
2022-03-03,9호선,노들,4041,3407,7448,634,3,3,목
2022-03-03,9호선,노량진,23339,22789,46128,550,3,3,목
2022-03-03,9호선,샛강,5322,5453,10775,-131,3,3,목
2022-03-03,9호선,여의도,24705,23903,48608,802,3,3,목
2022-03-03,9호선,국회의사당,14298,14607,28905,-309,3,3,목
2022-03-03,9호선,당산,16435,16729,33164,-294,3,3,목
2022-03-03,9호선,선유도,8016,7714,15730,302,3,3,목
2022-03-03,9호선,신목동,3863,3394,7257,469,3,3,목
2022-03-03,9호선,염창,15852,15716,31568,136,3,3,목
2022-03-03,9호선,등촌,10916,10688,21604,228,3,3,목
2022-03-03,9호선,증미,6903,6827,13730,76,3,3,목
2022-03-03,9호선,가양,19142,18684,37826,458,3,3,목
2022-03-03,9호선,양천향교,9129,9367,18496,-238,3,3,목
2022-03-03,9호선,마곡나루(서울식물원),10788,10910,21698,-122,3,3,목
2022-03-03,9호선,신방화,6515,6373,12888,142,3,3,목
2022-03-03,9호선,공항시장,2805,3092,5897,-287,3,3,목
2022-03-03,9호선,김포공항,5605,8550,14155,-2945,3,3,목
2022-03-03,9호선,개화,2279,1670,3949,609,3,3,목
2022-03-03,8호선,남위례,4037,4317,8354,-280,3,3,목
2022-03-03,8호선,모란,4116,3294,7410,822,3,3,목
2022-03-03,8호선,수진,5058,4704,9762,354,3,3,목
2022-03-03,8호선,신흥,3854,4184,8038,-330,3,3,목
2022-03-03,8호선,단대오거리,10598,10071,20669,527,3,3,목
2022-03-03,8호선,남한산성입구(성남법원.검찰청),13900,13184,27084,716,3,3,목
2022-03-03,8호선,산성,5041,5033,10074,8,3,3,목
2022-03-03,8호선,복정,9214,7763,16977,1451,3,3,목
2022-03-03,8호선,장지,15657,15208,30865,449,3,3,목
2022-03-03,8호선,문정,21216,22298,43514,-1082,3,3,목
2022-03-03,8호선,가락시장,7139,7833,14972,-694,3,3,목
2022-03-03,8호선,송파,7249,7190,14439,59,3,3,목
2022-03-03,8호선,석촌,6962,8058,15020,-1096,3,3,목
2022-03-03,8호선,잠실(송파구청),11661,13480,25141,-1819,3,3,목
2022-03-03,8호선,몽촌토성(평화의문),5520,5530,11050,-10,3,3,목
2022-03-03,8호선,강동구청,9983,10238,20221,-255,3,3,목
2022-03-03,8호선,천호(풍납토성),13353,15104,28457,-1751,3,3,목
2022-03-03,8호선,암사,17701,15799,33500,1902,3,3,목
2022-03-03,7호선,부천시청,1,0,1,1,3,3,목
2022-03-03,7호선,까치울,1,0,1,1,3,3,목
2022-03-03,7호선,온수(성공회대입구),10059,9202,19261,857,3,3,목
2022-03-03,7호선,천왕,10737,10233,20970,504,3,3,목
2022-03-03,7호선,광명사거리,20912,20686,41598,226,3,3,목
2022-03-03,7호선,철산,19278,19694,38972,-416,3,3,목
2022-03-03,7호선,가산디지털단지,43370,43263,86633,107,3,3,목
2022-03-03,7호선,남구로,15074,15821,30895,-747,3,3,목
2022-03-03,7호선,대림(구로구청),6999,7038,14037,-39,3,3,목
2022-03-03,7호선,신풍,10784,10457,21241,327,3,3,목
2022-03-03,7호선,보라매,9474,9445,18919,29,3,3,목
2022-03-03,7호선,신대방삼거리,15942,15373,31315,569,3,3,목
2022-03-03,7호선,장승배기,8619,8441,17060,178,3,3,목
2022-03-03,7호선,상도,10733,10667,21400,66,3,3,목
2022-03-03,7호선,숭실대입구(살피재),14544,14761,29305,-217,3,3,목
2022-03-03,7호선,남성,10378,9819,20197,559,3,3,목
2022-03-03,7호선,이수,14310,13738,28048,572,3,3,목
2022-03-03,7호선,내방,13766,14153,27919,-387,3,3,목
2022-03-03,7호선,고속터미널,13607,11807,25414,1800,3,3,목
2022-03-03,7호선,반포,5459,5257,10716,202,3,3,목
2022-03-03,7호선,논현,18996,20632,39628,-1636,3,3,목
2022-03-03,7호선,학동,23139,24382,47521,-1243,3,3,목
2022-03-03,7호선,강남구청,15435,16763,32198,-1328,3,3,목
2022-03-03,7호선,청담,18370,20481,38851,-2111,3,3,목
2022-03-03,7호선,뚝섬유원지,7415,7278,14693,137,3,3,목
2022-03-03,7호선,건대입구,11712,12077,23789,-365,3,3,목
2022-03-03,7호선,어린이대공원(세종대),13382,13588,26970,-206,3,3,목
2022-03-03,7호선,군자(능동),14075,11272,25347,2803,3,3,목
2022-03-03,7호선,중곡,10568,9947,20515,621,3,3,목
2022-03-03,7호선,용마산(용마폭포공원),5749,5635,11384,114,3,3,목
2022-03-03,7호선,사가정,15433,15561,30994,-128,3,3,목
2022-03-03,7호선,면목,15732,15396,31128,336,3,3,목
2022-03-03,7호선,상봉(시외버스터미널),15472,14625,30097,847,3,3,목
2022-03-03,7호선,중화,10286,10225,20511,61,3,3,목
2022-03-03,7호선,먹골,9559,9366,18925,193,3,3,목
2022-03-03,7호선,태릉입구,7970,7553,15523,417,3,3,목
2022-03-03,7호선,공릉(서울과학기술대),12190,11925,24115,265,3,3,목
2022-03-03,7호선,하계,16863,15933,32796,930,3,3,목
2022-03-03,7호선,중계,13662,12533,26195,1129,3,3,목
2022-03-03,7호선,노원,17823,18720,36543,-897,3,3,목
2022-03-03,7호선,마들,12164,11769,23933,395,3,3,목
2022-03-03,7호선,수락산,11787,11612,23399,175,3,3,목
2022-03-03,7호선,도봉산,8892,10511,19403,-1619,3,3,목
2022-03-03,7호선,장암,2077,815,2892,1262,3,3,목
2022-03-03,6호선,봉화산(서울의료원),8409,7952,16361,457,3,3,목
2022-03-03,6호선,화랑대(서울여대입구),11261,8882,20143,2379,3,3,목
2022-03-03,6호선,태릉입구,5164,5658,10822,-494,3,3,목
2022-03-03,6호선,석계,11814,12419,24233,-605,3,3,목
2022-03-03,6호선,돌곶이,9128,8512,17640,616,3,3,목
2022-03-03,6호선,상월곡(한국과학기술연구원),5839,5291,11130,548,3,3,목
2022-03-03,6호선,월곡(동덕여대),10741,10866,21607,-125,3,3,목
2022-03-03,6호선,고려대(종암),7673,7531,15204,142,3,3,목
2022-03-03,6호선,안암(고대병원앞),11400,11426,22826,-26,3,3,목
2022-03-03,6호선,보문,6987,6505,13492,482,3,3,목
2022-03-03,6호선,창신,3268,2667,5935,601,3,3,목
2022-03-03,6호선,동묘앞,7296,7454,14750,-158,3,3,목
2022-03-03,6호선,신당,7361,7759,15120,-398,3,3,목
2022-03-03,6호선,청구,3565,3832,7397,-267,3,3,목
2022-03-03,6호선,약수,3329,3356,6685,-27,3,3,목
2022-03-03,6호선,버티고개,1871,2013,3884,-142,3,3,목
2022-03-03,6호선,한강진,6619,7527,14146,-908,3,3,목
2022-03-03,6호선,이태원,8071,8183,16254,-112,3,3,목
2022-03-03,6호선,녹사평(용산구청),4159,4140,8299,19,3,3,목
2022-03-03,6호선,삼각지,5607,4945,10552,662,3,3,목
2022-03-03,6호선,효창공원앞,6758,6347,13105,411,3,3,목
2022-03-03,6호선,공덕,16551,16048,32599,503,3,3,목
2022-03-03,6호선,대흥(서강대앞),7890,8255,16145,-365,3,3,목
2022-03-03,6호선,광흥창(서강),8459,8187,16646,272,3,3,목
2022-03-03,6호선,상수,7655,8394,16049,-739,3,3,목
2022-03-03,6호선,합정,11566,11306,22872,260,3,3,목
2022-03-03,6호선,망원,12480,13275,25755,-795,3,3,목
2022-03-03,6호선,마포구청,13452,12245,25697,1207,3,3,목
2022-03-03,6호선,월드컵경기장(성산),4077,4247,8324,-170,3,3,목
2022-03-03,6호선,디지털미디어시티,12746,13966,26712,-1220,3,3,목
2022-03-03,6호선,증산(명지대앞),9660,9843,19503,-183,3,3,목
2022-03-03,6호선,새절(신사),12461,11830,24291,631,3,3,목
2022-03-03,6호선,구산,7317,5689,13006,1628,3,3,목
2022-03-03,6호선,독바위,2544,2770,5314,-226,3,3,목
2022-03-03,6호선,불광,3913,3868,7781,45,3,3,목
2022-03-03,6호선,역촌,3613,4303,7916,-690,3,3,목
2022-03-03,6호선,응암,16509,16581,33090,-72,3,3,목
2022-03-03,5호선,하남검단산,5150,4947,10097,203,3,3,목
2022-03-03,5호선,하남시청(덕풍·신장),6114,6022,12136,92,3,3,목
2022-03-03,5호선,하남풍산,4121,4136,8257,-15,3,3,목
2022-03-03,5호선,미사,14545,14569,29114,-24,3,3,목
2022-03-03,5호선,강일,3797,3637,7434,160,3,3,목
2022-03-03,5호선,마천,6657,6553,13210,104,3,3,목
2022-03-03,5호선,거여,9346,9021,18367,325,3,3,목
2022-03-03,5호선,개롱,6158,6361,12519,-203,3,3,목
2022-03-03,5호선,오금,3692,3633,7325,59,3,3,목
2022-03-03,5호선,올림픽공원(한국체대),3912,3387,7299,525,3,3,목
2022-03-03,5호선,둔촌동,8160,8065,16225,95,3,3,목
2022-03-03,5호선,상일동,13783,12977,26760,806,3,3,목
2022-03-03,5호선,고덕,8903,8983,17886,-80,3,3,목
2022-03-03,5호선,명일,8044,8261,16305,-217,3,3,목
2022-03-03,5호선,굽은다리(강동구민회관앞),8850,8556,17406,294,3,3,목
2022-03-03,5호선,길동,7399,7793,15192,-394,3,3,목
2022-03-03,5호선,강동,17261,16780,34041,481,3,3,목
2022-03-03,5호선,천호(풍납토성),16239,16455,32694,-216,3,3,목
2022-03-03,5호선,광나루(장신대),12425,11460,23885,965,3,3,목
2022-03-03,5호선,아차산(어린이대공원후문),13979,13482,27461,497,3,3,목
2022-03-03,5호선,군자(능동),10392,11495,21887,-1103,3,3,목
2022-03-03,5호선,장한평,17335,17324,34659,11,3,3,목
2022-03-03,5호선,답십리,14914,13853,28767,1061,3,3,목
2022-03-03,5호선,마장,5441,5107,10548,334,3,3,목
2022-03-03,5호선,왕십리(성동구청),4334,4794,9128,-460,3,3,목
2022-03-03,5호선,행당,7571,6764,14335,807,3,3,목
2022-03-03,5호선,신금호,5959,6303,12262,-344,3,3,목
2022-03-03,5호선,청구,3902,3438,7340,464,3,3,목
2022-03-03,5호선,동대문역사문화공원(DDP),2700,3127,5827,-427,3,3,목
2022-03-03,5호선,을지로4가,5713,5781,11494,-68,3,3,목
2022-03-03,5호선,종로3가,10477,10413,20890,64,3,3,목
2022-03-03,5호선,광화문(세종문화회관),26281,27722,54003,-1441,3,3,목
2022-03-03,5호선,서대문,18028,18223,36251,-195,3,3,목
2022-03-03,5호선,충정로(경기대입구),4461,4430,8891,31,3,3,목
2022-03-03,5호선,애오개,6337,6387,12724,-50,3,3,목
2022-03-03,5호선,공덕,12559,13235,25794,-676,3,3,목
2022-03-03,5호선,마포,13332,13527,26859,-195,3,3,목
2022-03-03,5호선,여의나루,8788,9677,18465,-889,3,3,목
2022-03-03,5호선,여의도,26482,27686,54168,-1204,3,3,목
2022-03-03,5호선,신길,3892,4142,8034,-250,3,3,목
2022-03-03,5호선,영등포시장,9503,9699,19202,-196,3,3,목
2022-03-03,5호선,영등포구청,3726,3810,7536,-84,3,3,목
2022-03-03,5호선,양평,7078,7039,14117,39,3,3,목
2022-03-03,5호선,오목교(목동운동장앞),19315,20772,40087,-1457,3,3,목
2022-03-03,5호선,목동,15671,17041,32712,-1370,3,3,목
2022-03-03,5호선,신정(은행정),13053,10681,23734,2372,3,3,목
2022-03-03,5호선,까치산,27440,26502,53942,938,3,3,목
2022-03-03,5호선,화곡,26846,25285,52131,1561,3,3,목
2022-03-03,5호선,우장산,13684,13560,27244,124,3,3,목
2022-03-03,5호선,발산,19857,19996,39853,-139,3,3,목
2022-03-03,5호선,마곡,10277,10127,20404,150,3,3,목
2022-03-03,5호선,송정,6131,5846,11977,285,3,3,목
2022-03-03,5호선,김포공항,6064,5654,11718,410,3,3,목
2022-03-03,5호선,개화산,5315,5153,10468,162,3,3,목
2022-03-03,5호선,방화,6291,6050,12341,241,3,3,목
2022-03-03,4호선,남태령,1104,989,2093,115,3,3,목
2022-03-03,4호선,사당,22036,18280,40316,3756,3,3,목
2022-03-03,4호선,총신대입구(이수),17339,18967,36306,-1628,3,3,목
2022-03-03,4호선,동작(현충원),1304,1510,2814,-206,3,3,목
2022-03-03,4호선,이촌(국립중앙박물관),6673,7327,14000,-654,3,3,목
2022-03-03,4호선,신용산,14451,15165,29616,-714,3,3,목
2022-03-03,4호선,삼각지,4270,4769,9039,-499,3,3,목
2022-03-03,4호선,숙대입구(갈월),13046,12603,25649,443,3,3,목
2022-03-03,4호선,서울역,9782,13022,22804,-3240,3,3,목
2022-03-03,4호선,회현(남대문시장),21640,22988,44628,-1348,3,3,목
2022-03-03,4호선,명동,17133,17573,34706,-440,3,3,목
2022-03-03,4호선,충무로,26904,27377,54281,-473,3,3,목
2022-03-03,4호선,동대문역사문화공원(DDP),12988,11940,24928,1048,3,3,목
2022-03-03,4호선,동대문,17665,18311,35976,-646,3,3,목
2022-03-03,4호선,혜화,27956,27886,55842,70,3,3,목
2022-03-03,4호선,한성대입구(삼선교),12291,12057,24348,234,3,3,목
2022-03-03,4호선,성신여대입구(돈암),19225,18610,37835,615,3,3,목
2022-03-03,4호선,길음,19206,19279,38485,-73,3,3,목
2022-03-03,4호선,미아사거리,25498,25172,50670,326,3,3,목
2022-03-03,4호선,미아(서울사이버대학),14654,14257,28911,397,3,3,목
2022-03-03,4호선,수유(강북구청),31868,31948,63816,-80,3,3,목
2022-03-03,4호선,쌍문,27336,25390,52726,1946,3,3,목
2022-03-03,4호선,창동,23864,25487,49351,-1623,3,3,목
2022-03-03,4호선,노원,16842,18953,35795,-2111,3,3,목
2022-03-03,4호선,상계,17886,16797,34683,1089,3,3,목
2022-03-03,4호선,당고개,12363,11451,23814,912,3,3,목
2022-03-03,3호선,오금,5747,5307,11054,440,3,3,목
2022-03-03,3호선,경찰병원,6908,6918,13826,-10,3,3,목
2022-03-03,3호선,가락시장,8162,7984,16146,178,3,3,목
2022-03-03,3호선,수서,15154,15352,30506,-198,3,3,목
2022-03-03,3호선,일원,9787,9502,19289,285,3,3,목
2022-03-03,3호선,대청,9090,8546,17636,544,3,3,목
2022-03-03,3호선,학여울,2792,2998,5790,-206,3,3,목
2022-03-03,3호선,대치,10101,10172,20273,-71,3,3,목
2022-03-03,3호선,도곡,4906,4928,9834,-22,3,3,목
2022-03-03,3호선,매봉,11603,11165,22768,438,3,3,목
2022-03-03,3호선,양재(서초구청),35984,38713,74697,-2729,3,3,목
2022-03-03,3호선,남부터미널(예술의전당),26067,26285,52352,-218,3,3,목
2022-03-03,3호선,교대(법원.검찰청),13329,8751,22080,4578,3,3,목
2022-03-03,3호선,고속터미널,31939,30518,62457,1421,3,3,목
2022-03-03,3호선,잠원,4372,4307,8679,65,3,3,목
2022-03-03,3호선,신사,27592,28872,56464,-1280,3,3,목
2022-03-03,3호선,압구정,28559,30297,58856,-1738,3,3,목
2022-03-03,3호선,옥수,8050,8373,16423,-323,3,3,목
2022-03-03,3호선,금호,7340,6965,14305,375,3,3,목
2022-03-03,3호선,약수,12172,11708,23880,464,3,3,목
2022-03-03,3호선,동대입구,8142,8750,16892,-608,3,3,목
2022-03-03,3호선,충무로,1,0,1,1,3,3,목
2022-03-03,3호선,을지로3가,9400,9408,18808,-8,3,3,목
2022-03-03,3호선,종로3가,9199,10412,19611,-1213,3,3,목
2022-03-03,3호선,안국,17951,18261,36212,-310,3,3,목
2022-03-03,3호선,경복궁(정부서울청사),18561,18369,36930,192,3,3,목
2022-03-03,3호선,독립문,6470,6868,13338,-398,3,3,목
2022-03-03,3호선,무악재,3713,3809,7522,-96,3,3,목
2022-03-03,3호선,홍제,16354,15712,32066,642,3,3,목
2022-03-03,3호선,녹번,14948,13483,28431,1465,3,3,목
2022-03-03,3호선,불광,15134,16080,31214,-946,3,3,목
2022-03-03,3호선,연신내,33926,32406,66332,1520,3,3,목
2022-03-03,3호선,구파발,18979,18242,37221,737,3,3,목
2022-03-03,3호선,지축,4398,4166,8564,232,3,3,목
2022-03-03,2호선,용두(동대문구청),2244,2336,4580,-92,3,3,목
2022-03-03,2호선,신정네거리,9622,9989,19611,-367,3,3,목
2022-03-03,2호선,양천구청,6389,6738,13127,-349,3,3,목
2022-03-03,2호선,도림천,1344,1461,2805,-117,3,3,목
2022-03-03,2호선,신설동,3125,3227,6352,-102,3,3,목
2022-03-03,2호선,신답,1554,1816,3370,-262,3,3,목
2022-03-03,2호선,용답,3318,3445,6763,-127,3,3,목
2022-03-03,2호선,충정로(경기대입구),9330,9924,19254,-594,3,3,목
2022-03-03,2호선,아현,9910,9610,19520,300,3,3,목
2022-03-03,2호선,이대,12678,13184,25862,-506,3,3,목
2022-03-03,2호선,신촌,29189,29536,58725,-347,3,3,목
2022-03-03,2호선,왕십리(성동구청),15414,12060,27474,3354,3,3,목
2022-03-03,2호선,상왕십리,12983,12768,25751,215,3,3,목
2022-03-03,2호선,동대문역사문화공원(DDP),10509,11521,22030,-1012,3,3,목
2022-03-03,1호선,시청,19914,19971,39885,-57,3,3,목
2022-03-03,1호선,종각,31468,30836,62304,632,3,3,목
2022-03-03,1호선,종로3가,22398,20259,42657,2139,3,3,목
2022-03-03,1호선,종로5가,20530,20199,40729,331,3,3,목
2022-03-03,1호선,동대문,9897,9400,19297,497,3,3,목
2022-03-03,1호선,신설동,13047,12795,25842,252,3,3,목
2022-03-03,2호선,신당,12860,13122,25982,-262,3,3,목
2022-03-03,1호선,제기동,16041,16009,32050,32,3,3,목
2022-03-03,1호선,청량리(서울시립대입구),18350,18397,36747,-47,3,3,목
2022-03-03,1호선,동묘앞,7314,7692,15006,-378,3,3,목
2022-03-03,2호선,시청,20837,20400,41237,437,3,3,목
2022-03-03,2호선,을지로입구,33926,35090,69016,-1164,3,3,목
2022-03-03,2호선,을지로3가,19288,19285,38573,3,3,3,목
2022-03-03,2호선,을지로4가,12057,11940,23997,117,3,3,목
2022-03-03,5호선,방이,6544,6906,13450,-362,3,3,목
2022-03-03,1호선,서울역,35847,34633,70480,1214,3,3,목
2022-03-03,2호선,홍대입구,45627,46964,92591,-1337,3,3,목
2022-03-03,2호선,합정,27102,28229,55331,-1127,3,3,목
2022-03-03,2호선,당산,16966,19634,36600,-2668,3,3,목
2022-03-03,2호선,영등포구청,21473,21999,43472,-526,3,3,목
2022-03-03,2호선,문래,19795,20002,39797,-207,3,3,목
2022-03-03,2호선,신도림,42031,41566,83597,465,3,3,목
2022-03-03,2호선,대림(구로구청),22255,22787,45042,-532,3,3,목
2022-03-03,2호선,구로디지털단지,55097,55138,110235,-41,3,3,목
2022-03-03,2호선,신대방,24544,24043,48587,501,3,3,목
2022-03-03,2호선,신림,58697,57185,115882,1512,3,3,목
2022-03-03,2호선,봉천,22052,20813,42865,1239,3,3,목
2022-03-03,2호선,서울대입구(관악구청),44834,43647,88481,1187,3,3,목
2022-03-03,2호선,낙성대(강감찬),25398,24931,50329,467,3,3,목
2022-03-03,2호선,사당,32221,35008,67229,-2787,3,3,목
2022-03-03,2호선,방배,17811,18373,36184,-562,3,3,목
2022-03-03,2호선,서초,19407,18821,38228,586,3,3,목
2022-03-03,2호선,교대(법원.검찰청),31316,35056,66372,-3740,3,3,목
2022-03-03,2호선,강남,72584,71204,143788,1380,3,3,목
2022-03-03,2호선,역삼,47561,53060,100621,-5499,3,3,목
2022-03-03,2호선,선릉,51931,46305,98236,5626,3,3,목
2022-03-03,2호선,삼성(무역센터),44835,45251,90086,-416,3,3,목
2022-03-03,2호선,종합운동장,6822,7085,13907,-263,3,3,목
2022-03-03,2호선,잠실새내,19138,18926,38064,212,3,3,목
2022-03-03,2호선,잠실(송파구청),55247,55030,110277,217,3,3,목
2022-03-03,2호선,잠실나루,13216,12939,26155,277,3,3,목
2022-03-03,2호선,강변(동서울터미널),26133,24279,50412,1854,3,3,목
2022-03-03,2호선,구의(광진구청),22322,21987,44309,335,3,3,목
2022-03-03,2호선,건대입구,30844,32600,63444,-1756,3,3,목
2022-03-03,2호선,성수,34357,37122,71479,-2765,3,3,목
2022-03-03,경강선,판교,4166,4100,8266,66,3,3,목
2022-03-03,경강선,이매,1061,886,1947,175,3,3,목
2022-03-03,경강선,삼동,2173,2106,4279,67,3,3,목
2022-03-03,경강선,경기광주,7158,6819,13977,339,3,3,목
2022-03-03,경강선,초월,2757,2801,5558,-44,3,3,목
2022-03-03,경강선,곤지암,1867,1902,3769,-35,3,3,목
2022-03-03,경강선,신둔도예촌,1462,1308,2770,154,3,3,목
2022-03-03,경강선,이천,2288,2367,4655,-79,3,3,목
2022-03-03,경강선,부발,1789,1748,3537,41,3,3,목
2022-03-03,경강선,세종대왕릉,252,252,504,0,3,3,목
2022-03-03,경강선,여주,1749,1803,3552,-54,3,3,목
2022-03-03,경부선,서울역,4411,1488,5899,2923,3,3,목
2022-03-03,경부선,남영,9194,9588,18782,-394,3,3,목
2022-03-03,경부선,용산,27453,27285,54738,168,3,3,목
2022-03-03,경부선,노량진,7284,7387,14671,-103,3,3,목
2022-03-03,경부선,대방,12055,12481,24536,-426,3,3,목
2022-03-03,경부선,영등포,33175,33567,66742,-392,3,3,목
2022-03-03,경부선,신도림,3864,3718,7582,146,3,3,목
2022-03-03,경부선,신길,8496,7162,15658,1334,3,3,목
2022-03-03,경부선,구로,17324,17631,34955,-307,3,3,목
2022-03-03,경부선,가산디지털단지,17562,20324,37886,-2762,3,3,목
2022-03-03,경부선,금천구청,11214,11325,22539,-111,3,3,목
2022-03-03,경부선,석수,9252,8354,17606,898,3,3,목
2022-03-03,경부선,관악,6781,6417,13198,364,3,3,목
2022-03-03,경부선,안양,23351,23046,46397,305,3,3,목
2022-03-03,경부선,명학,10095,9914,20009,181,3,3,목
2022-03-03,경부선,금정,25063,25596,50659,-533,3,3,목
2022-03-03,경부선,군포,7543,7584,15127,-41,3,3,목
2022-03-03,경부선,의왕,8857,8839,17696,18,3,3,목
2022-03-03,경부선,성균관대,14418,14232,28650,186,3,3,목
2022-03-03,경부선,화서,7550,7399,14949,151,3,3,목
2022-03-03,경부선,수원,31802,33471,65273,-1669,3,3,목
2022-03-03,경부선,독산,18185,18900,37085,-715,3,3,목
2022-03-03,경부선,세류,2808,2531,5339,277,3,3,목
2022-03-03,경부선,병점,13703,14073,27776,-370,3,3,목
2022-03-03,경부선,세마,2675,2614,5289,61,3,3,목
2022-03-03,경부선,오산대,3399,3116,6515,283,3,3,목
2022-03-03,경부선,오산,9242,9399,18641,-157,3,3,목
2022-03-03,경부선,진위,1665,1438,3103,227,3,3,목
2022-03-03,경부선,송탄,4037,3868,7905,169,3,3,목
2022-03-03,경부선,서정리,6804,6413,13217,391,3,3,목
2022-03-03,경부선,평택지제,3066,3013,6079,53,3,3,목
2022-03-03,경부선,평택,11873,11713,23586,160,3,3,목
2022-03-03,경부선,성환,5520,5059,10579,461,3,3,목
2022-03-03,경부선,직산,775,744,1519,31,3,3,목
2022-03-03,경부선,두정,7874,8012,15886,-138,3,3,목
2022-03-03,경부선,천안,6556,5960,12516,596,3,3,목
2022-03-03,경부선,당정,6108,5936,12044,172,3,3,목
2022-03-03,경부선,서동탄,1278,1130,2408,148,3,3,목
2022-03-03,경부선,광명,2800,2537,5337,263,3,3,목
2022-03-03,경원선,이촌(국립중앙박물관),3311,2643,5954,668,3,3,목
2022-03-03,경원선,서빙고,1876,1789,3665,87,3,3,목
2022-03-03,경원선,한남,3819,3686,7505,133,3,3,목
2022-03-03,경원선,옥수,55,30,85,25,3,3,목
2022-03-03,경원선,응봉,1795,1583,3378,212,3,3,목
2022-03-03,경원선,왕십리(성동구청),13293,13980,27273,-687,3,3,목
2022-03-03,경원선,청량리(서울시립대입구),12960,13350,26310,-390,3,3,목
2022-03-03,경원선,외대앞,8254,8357,16611,-103,3,3,목
2022-03-03,경원선,신이문,7970,7453,15423,517,3,3,목
2022-03-03,경원선,석계,7589,8504,16093,-915,3,3,목
2022-03-03,경원선,광운대,8944,8800,17744,144,3,3,목
2022-03-03,경원선,월계,8214,7534,15748,680,3,3,목
2022-03-03,경원선,녹천,4452,3739,8191,713,3,3,목
2022-03-03,경원선,창동,1,0,1,1,3,3,목
2022-03-03,경원선,방학,9196,9141,18337,55,3,3,목
2022-03-03,경원선,도봉,5689,5440,11129,249,3,3,목
2022-03-03,경원선,도봉산,7532,4989,12521,2543,3,3,목
2022-03-03,경원선,망월사,7171,7204,14375,-33,3,3,목
2022-03-03,경원선,회룡,11965,11876,23841,89,3,3,목
2022-03-03,경원선,의정부,16793,17250,34043,-457,3,3,목
2022-03-03,경원선,가능,6405,6276,12681,129,3,3,목
2022-03-03,경원선,녹양,4388,4100,8488,288,3,3,목
2022-03-03,경원선,양주,7617,7004,14621,613,3,3,목
2022-03-03,경원선,덕계,3060,2737,5797,323,3,3,목
2022-03-03,경원선,덕정,5829,5561,11390,268,3,3,목
2022-03-03,경원선,지행,6015,6041,12056,-26,3,3,목
2022-03-03,경원선,동두천중앙,2955,2827,5782,128,3,3,목
2022-03-03,경원선,보산,1427,1301,2728,126,3,3,목
2022-03-03,경원선,동두천,2000,2207,4207,-207,3,3,목
2022-03-03,경원선,소요산,2529,2233,4762,296,3,3,목
2022-03-03,경의선,서울역,4021,5022,9043,-1001,3,3,목
2022-03-03,경의선,신촌,848,1060,1908,-212,3,3,목
2022-03-03,경의선,효창공원앞,2915,3244,6159,-329,3,3,목
2022-03-03,경의선,공덕,3185,2803,5988,382,3,3,목
2022-03-03,경의선,서강대,1970,1917,3887,53,3,3,목
2022-03-03,경의선,홍대입구,1516,1655,3171,-139,3,3,목
2022-03-03,경의선,가좌,5006,5011,10017,-5,3,3,목
2022-03-03,경의선,디지털미디어시티,2368,2280,4648,88,3,3,목
2022-03-03,경의선,수색,2723,2793,5516,-70,3,3,목
2022-03-03,경의선,화전,3539,3291,6830,248,3,3,목
2022-03-03,경의선,강매,3037,2661,5698,376,3,3,목
2022-03-03,경의선,행신,7304,7531,14835,-227,3,3,목
2022-03-03,경의선,능곡,3617,3337,6954,280,3,3,목
2022-03-03,경의선,곡산,564,608,1172,-44,3,3,목
2022-03-03,경의선,백마,6916,6774,13690,142,3,3,목
2022-03-03,경의선,풍산,5284,5028,10312,256,3,3,목
2022-03-03,경의선,일산,9712,9699,19411,13,3,3,목
2022-03-03,경의선,탄현,7203,7078,14281,125,3,3,목
2022-03-03,경의선,야당,6849,6850,13699,-1,3,3,목
2022-03-03,경의선,운정,6541,6317,12858,224,3,3,목
2022-03-03,경의선,금릉,4489,4457,8946,32,3,3,목
2022-03-03,경의선,금촌,6004,5939,11943,65,3,3,목
2022-03-03,경의선,월롱,2753,2337,5090,416,3,3,목
2022-03-03,경의선,파주,1605,1140,2745,465,3,3,목
2022-03-03,경의선,문산,4530,4612,9142,-82,3,3,목
2022-03-03,경의선,임진강,10,7,17,3,3,3,목
2022-03-03,경인선,개봉,20109,20129,40238,-20,3,3,목
2022-03-03,경인선,오류동,11289,10673,21962,616,3,3,목
2022-03-03,경인선,역곡,24727,24886,49613,-159,3,3,목
2022-03-03,경인선,부천,29785,29872,59657,-87,3,3,목
2022-03-03,경인선,송내,25253,25203,50456,50,3,3,목
2022-03-03,경인선,부평,25357,26698,52055,-1341,3,3,목
2022-03-03,경인선,백운,6337,6386,12723,-49,3,3,목
2022-03-03,경인선,동암,13420,13607,27027,-187,3,3,목
2022-03-03,경인선,주안,17256,15598,32854,1658,3,3,목
2022-03-03,경인선,제물포,9955,9730,19685,225,3,3,목
2022-03-03,경인선,동인천,12961,12234,25195,727,3,3,목
2022-03-03,경인선,인천,3112,2405,5517,707,3,3,목
2022-03-03,경인선,구일,5879,5877,11756,2,3,3,목
2022-03-03,경인선,소사,8170,7914,16084,256,3,3,목
2022-03-03,경인선,부개,8025,7597,15622,428,3,3,목
2022-03-03,경인선,간석,5521,5328,10849,193,3,3,목
2022-03-03,경인선,도원,2567,2673,5240,-106,3,3,목
2022-03-03,경인선,온수(성공회대입구),6406,6252,12658,154,3,3,목
2022-03-03,경인선,중동,8779,8445,17224,334,3,3,목
2022-03-03,경인선,도화,3889,3655,7544,234,3,3,목
2022-03-03,경춘선,신내,2125,2048,4173,77,3,3,목
2022-03-03,경춘선,갈매,2866,2548,5414,318,3,3,목
2022-03-03,경춘선,별내,3228,3088,6316,140,3,3,목
2022-03-03,경춘선,퇴계원,3364,3199,6563,165,3,3,목
2022-03-03,경춘선,사릉,3187,3140,6327,47,3,3,목
2022-03-03,경춘선,금곡,1457,1370,2827,87,3,3,목
2022-03-03,경춘선,평내호평,5866,5868,11734,-2,3,3,목
2022-03-03,경춘선,천마산,1675,1583,3258,92,3,3,목
2022-03-03,경춘선,마석,3864,3862,7726,2,3,3,목
2022-03-03,경춘선,대성리,401,365,766,36,3,3,목
2022-03-03,경춘선,청평,1397,1371,2768,26,3,3,목
2022-03-03,경춘선,상천,189,199,388,-10,3,3,목
2022-03-03,경춘선,가평,1250,1217,2467,33,3,3,목
2022-03-03,경춘선,굴봉산,88,105,193,-17,3,3,목
2022-03-03,경춘선,백양리,130,111,241,19,3,3,목
2022-03-03,경춘선,강촌,256,273,529,-17,3,3,목
2022-03-03,경춘선,김유정,224,252,476,-28,3,3,목
2022-03-03,경춘선,남춘천,2516,2189,4705,327,3,3,목
2022-03-03,경춘선,춘천,1467,1183,2650,284,3,3,목
2022-03-03,수인선,인천,890,1428,2318,-538,3,3,목
2022-03-03,안산선,산본,14663,15727,30390,-1064,3,3,목
2022-03-03,안산선,대야미,4653,4268,8921,385,3,3,목
2022-03-03,안산선,반월,4172,3993,8165,179,3,3,목
2022-03-03,안산선,상록수,15789,16099,31888,-310,3,3,목
2022-03-03,안산선,한대앞,10088,10160,20248,-72,3,3,목
2022-03-03,안산선,중앙,16455,17150,33605,-695,3,3,목
2022-03-03,안산선,고잔,8394,8002,16396,392,3,3,목
2022-03-03,안산선,초지,4881,5322,10203,-441,3,3,목
2022-03-03,안산선,안산,10819,9745,20564,1074,3,3,목
2022-03-03,안산선,신길온천,1661,1572,3233,89,3,3,목
2022-03-03,안산선,정왕,10001,10221,20222,-220,3,3,목
2022-03-03,안산선,오이도,7727,7597,15324,130,3,3,목
2022-03-03,공항철도 1호선,서울역,6293,5557,11850,736,3,3,목
2022-03-03,공항철도 1호선,공덕,2063,2593,4656,-530,3,3,목
2022-03-03,공항철도 1호선,홍대입구,7940,7608,15548,332,3,3,목
2022-03-03,공항철도 1호선,디지털미디어시티,12609,11569,24178,1040,3,3,목
2022-03-03,공항철도 1호선,마곡나루(서울식물원),8265,7935,16200,330,3,3,목
2022-03-03,공항철도 1호선,김포공항,9499,5257,14756,4242,3,3,목
2022-03-03,공항철도 1호선,계양,9422,8886,18308,536,3,3,목
2022-03-03,공항철도 1호선,검암,6006,6124,12130,-118,3,3,목
2022-03-03,공항철도 1호선,청라국제도시,6119,5796,11915,323,3,3,목
2022-03-03,공항철도 1호선,운서,6072,6265,12337,-193,3,3,목
2022-03-03,공항철도 1호선,공항화물청사,2243,2419,4662,-176,3,3,목
2022-03-03,공항철도 1호선,인천공항1터미널,3343,3562,6905,-219,3,3,목
2022-03-03,공항철도 1호선,인천공항2터미널,2031,1931,3962,100,3,3,목
2022-03-03,공항철도 1호선,영종,2686,2720,5406,-34,3,3,목
2022-03-03,과천선,선바위,7675,6769,14444,906,3,3,목
2022-03-03,과천선,경마공원,1235,1209,2444,26,3,3,목
2022-03-03,과천선,대공원,2198,2258,4456,-60,3,3,목
2022-03-03,과천선,과천,5768,5366,11134,402,3,3,목
2022-03-03,과천선,정부과천청사,9832,9794,19626,38,3,3,목
2022-03-03,과천선,인덕원,22536,23335,45871,-799,3,3,목
2022-03-03,과천선,평촌,16841,16685,33526,156,3,3,목
2022-03-03,과천선,범계,23913,23943,47856,-30,3,3,목
2022-03-03,분당선,선릉,12477,18605,31082,-6128,3,3,목
2022-03-03,분당선,한티,13210,14241,27451,-1031,3,3,목
2022-03-03,분당선,도곡,6484,6391,12875,93,3,3,목
2022-03-03,분당선,구룡,2227,2151,4378,76,3,3,목
2022-03-03,분당선,개포동,3419,3597,7016,-178,3,3,목
2022-03-03,분당선,대모산입구,4303,4092,8395,211,3,3,목
2022-03-03,분당선,수서,12028,12351,24379,-323,3,3,목
2022-03-03,분당선,복정,2,0,2,2,3,3,목
2022-03-03,분당선,수원,7515,6219,13734,1296,3,3,목
2022-03-03,분당선,서울숲,9185,9317,18502,-132,3,3,목
2022-03-03,분당선,압구정로데오,17031,18443,35474,-1412,3,3,목
2022-03-03,분당선,강남구청,9477,10842,20319,-1365,3,3,목
2022-03-03,분당선,선정릉,7702,8169,15871,-467,3,3,목
2022-03-03,분당선,가천대,6499,7419,13918,-920,3,3,목
2022-03-03,분당선,태평,12463,12156,24619,307,3,3,목
2022-03-03,분당선,모란,18560,18966,37526,-406,3,3,목
2022-03-03,분당선,야탑,24384,25219,49603,-835,3,3,목
2022-03-03,분당선,서현,22171,22562,44733,-391,3,3,목
2022-03-03,분당선,수내,12232,12245,24477,-13,3,3,목
2022-03-03,분당선,정자,15446,16379,31825,-933,3,3,목
2022-03-03,분당선,미금,14732,15571,30303,-839,3,3,목
2022-03-03,분당선,오리,11022,9161,20183,1861,3,3,목
2022-03-03,분당선,이매,5337,4972,10309,365,3,3,목
2022-03-03,분당선,보정,2426,2156,4582,270,3,3,목
2022-03-03,분당선,죽전,13263,14359,27622,-1096,3,3,목
2022-03-03,분당선,구성,4648,5062,9710,-414,3,3,목
2022-03-03,분당선,신갈,4227,4294,8521,-67,3,3,목
2022-03-03,분당선,기흥,8983,8632,17615,351,3,3,목
2022-03-03,분당선,상갈,5000,4830,9830,170,3,3,목
2022-03-03,분당선,청명,4064,3979,8043,85,3,3,목
2022-03-03,분당선,영통,7608,7739,15347,-131,3,3,목
2022-03-03,분당선,망포,13336,12710,26046,626,3,3,목
2022-03-03,분당선,매탄권선,4841,4734,9575,107,3,3,목
2022-03-03,분당선,수원시청,11534,12218,23752,-684,3,3,목
2022-03-03,분당선,매교,3080,3113,6193,-33,3,3,목
2022-03-03,수인선,고색,4599,4413,9012,186,3,3,목
2022-03-03,수인선,오목천,3324,3146,6470,178,3,3,목
2022-03-03,수인선,어천,634,635,1269,-1,3,3,목
2022-03-03,수인선,야목,356,259,615,97,3,3,목
2022-03-03,수인선,사리,4403,4015,8418,388,3,3,목
2022-03-03,수인선,달월,84,54,138,30,3,3,목
2022-03-03,수인선,월곶,2717,2434,5151,283,3,3,목
2022-03-03,수인선,소래포구,4484,4275,8759,209,3,3,목
2022-03-03,수인선,인천논현,5075,5521,10596,-446,3,3,목
2022-03-03,수인선,호구포,3936,4032,7968,-96,3,3,목
2022-03-03,수인선,남동인더스파크,2235,2461,4696,-226,3,3,목
2022-03-03,수인선,원인재,4059,4315,8374,-256,3,3,목
2022-03-03,수인선,연수,4140,4039,8179,101,3,3,목
2022-03-04,경강선,곤지암,2059,2045,4104,14,3,4,금
2022-03-04,장항선,쌍용(나사렛대),2283,1941,4224,342,3,4,금
2022-03-04,장항선,봉명,1239,1137,2376,102,3,4,금
2022-03-04,일산선,대화,12323,10433,22756,1890,3,4,금
2022-03-04,일산선,주엽,8195,8307,16502,-112,3,4,금
2022-03-04,일산선,정발산,6838,7029,13867,-191,3,4,금
2022-03-04,일산선,마두,6907,7264,14171,-357,3,4,금
2022-03-04,일산선,백석,9303,9254,18557,49,3,4,금
2022-03-04,일산선,대곡,1820,1434,3254,386,3,4,금
2022-03-04,일산선,화정,15840,16382,32222,-542,3,4,금
2022-03-04,일산선,원당,10300,9755,20055,545,3,4,금
2022-03-04,일산선,삼송,17931,17809,35740,122,3,4,금
2022-03-04,일산선,원흥,9949,9476,19425,473,3,4,금
2022-03-04,우이신설선,신설동,2080,1984,4064,96,3,4,금
2022-03-04,우이신설선,보문,1493,1473,2966,20,3,4,금
2022-03-04,우이신설선,성신여대입구(돈암),3074,3436,6510,-362,3,4,금
2022-03-04,우이신설선,정릉,4365,4092,8457,273,3,4,금
2022-03-04,우이신설선,북한산보국문,5800,5468,11268,332,3,4,금
2022-03-04,우이신설선,솔샘,5396,5220,10616,176,3,4,금
2022-03-04,우이신설선,삼양사거리,2332,2349,4681,-17,3,4,금
2022-03-04,우이신설선,삼양,1954,2080,4034,-126,3,4,금
2022-03-04,우이신설선,화계,3121,3017,6138,104,3,4,금
2022-03-04,우이신설선,가오리,3968,3844,7812,124,3,4,금
2022-03-04,우이신설선,4.19민주묘지,3653,3564,7217,89,3,4,금
2022-03-04,우이신설선,솔밭공원,2288,2186,4474,102,3,4,금
2022-03-04,우이신설선,북한산우이,2470,2160,4630,310,3,4,금
2022-03-04,안산선,수리산,3919,3230,7149,689,3,4,금
2022-03-04,안산선,오이도,7551,7635,15186,-84,3,4,금
2022-03-04,안산선,정왕,10055,9629,19684,426,3,4,금
2022-03-04,안산선,신길온천,1640,1518,3158,122,3,4,금
2022-03-04,안산선,안산,10901,10034,20935,867,3,4,금
2022-03-04,안산선,초지,4586,4821,9407,-235,3,4,금
2022-03-04,안산선,고잔,8252,7874,16126,378,3,4,금
2022-03-04,안산선,중앙,16825,17931,34756,-1106,3,4,금
2022-03-04,안산선,한대앞,10119,9879,19998,240,3,4,금
2022-03-04,안산선,상록수,15366,15751,31117,-385,3,4,금
2022-03-04,안산선,반월,4176,4060,8236,116,3,4,금
2022-03-04,안산선,대야미,4726,4182,8908,544,3,4,금
2022-03-04,안산선,산본,14703,16146,30849,-1443,3,4,금
2022-03-04,수인선,인천,871,1436,2307,-565,3,4,금
2022-03-04,수인선,신포,1666,1710,3376,-44,3,4,금
2022-03-04,수인선,숭의,3750,3440,7190,310,3,4,금
2022-03-04,수인선,인하대,5945,5531,11476,414,3,4,금
2022-03-04,수인선,송도,2304,2156,4460,148,3,4,금
2022-03-04,수인선,연수,4231,4235,8466,-4,3,4,금
2022-03-04,수인선,원인재,4187,4533,8720,-346,3,4,금
2022-03-04,수인선,남동인더스파크,2297,2513,4810,-216,3,4,금
2022-03-04,수인선,호구포,3806,3989,7795,-183,3,4,금
2022-03-04,수인선,인천논현,5041,5469,10510,-428,3,4,금
2022-03-04,수인선,소래포구,4257,4033,8290,224,3,4,금
2022-03-04,수인선,월곶,2541,2337,4878,204,3,4,금
2022-03-04,수인선,달월,102,62,164,40,3,4,금
2022-03-04,수인선,사리,4322,4056,8378,266,3,4,금
2022-03-04,수인선,야목,372,273,645,99,3,4,금
2022-03-04,수인선,어천,772,710,1482,62,3,4,금
2022-03-04,수인선,오목천,3368,2966,6334,402,3,4,금
2022-03-04,수인선,고색,4864,4614,9478,250,3,4,금
2022-03-04,분당선,매교,3115,3098,6213,17,3,4,금
2022-03-04,분당선,수원시청,11992,13150,25142,-1158,3,4,금
2022-03-04,분당선,매탄권선,4818,4833,9651,-15,3,4,금
2022-03-04,분당선,망포,14143,13177,27320,966,3,4,금
2022-03-04,분당선,영통,8357,8384,16741,-27,3,4,금
2022-03-04,분당선,청명,4196,4019,8215,177,3,4,금
2022-03-04,분당선,상갈,4936,4914,9850,22,3,4,금
2022-03-04,분당선,기흥,9115,8842,17957,273,3,4,금
2022-03-04,분당선,신갈,4248,4347,8595,-99,3,4,금
2022-03-04,분당선,구성,4744,5137,9881,-393,3,4,금
2022-03-04,분당선,죽전,13451,14225,27676,-774,3,4,금
2022-03-04,분당선,보정,2421,2166,4587,255,3,4,금
2022-03-04,분당선,이매,5620,5258,10878,362,3,4,금
2022-03-04,분당선,오리,11087,9096,20183,1991,3,4,금
2022-03-04,분당선,미금,15051,16014,31065,-963,3,4,금
2022-03-04,분당선,정자,15958,16891,32849,-933,3,4,금
2022-03-04,분당선,수내,12484,12570,25054,-86,3,4,금
2022-03-04,분당선,서현,23604,24219,47823,-615,3,4,금
2022-03-04,분당선,야탑,25244,25719,50963,-475,3,4,금
2022-03-04,분당선,모란,23807,24778,48585,-971,3,4,금
2022-03-04,분당선,태평,13248,12919,26167,329,3,4,금
2022-03-04,분당선,가천대,6943,7599,14542,-656,3,4,금
2022-03-04,분당선,선정릉,7836,8302,16138,-466,3,4,금
2022-03-04,분당선,강남구청,9689,11086,20775,-1397,3,4,금
2022-03-04,분당선,압구정로데오,18550,20448,38998,-1898,3,4,금
2022-03-04,분당선,서울숲,9345,9373,18718,-28,3,4,금
2022-03-04,분당선,수원,7923,6662,14585,1261,3,4,금
2022-03-04,분당선,수서,13455,14018,27473,-563,3,4,금
2022-03-04,분당선,대모산입구,4371,4213,8584,158,3,4,금
2022-03-04,분당선,개포동,3535,3749,7284,-214,3,4,금
2022-03-04,분당선,구룡,2278,2188,4466,90,3,4,금
2022-03-04,분당선,도곡,6708,6591,13299,117,3,4,금
2022-03-04,분당선,한티,13931,14892,28823,-961,3,4,금
2022-03-04,분당선,선릉,12347,18563,30910,-6216,3,4,금
2022-03-04,과천선,범계,24387,24646,49033,-259,3,4,금
2022-03-04,과천선,평촌,16430,16308,32738,122,3,4,금
2022-03-04,과천선,인덕원,22479,23567,46046,-1088,3,4,금
2022-03-04,과천선,정부과천청사,9666,9549,19215,117,3,4,금
2022-03-04,과천선,과천,5825,5535,11360,290,3,4,금
2022-03-04,과천선,대공원,1827,1888,3715,-61,3,4,금
2022-03-04,과천선,경마공원,5237,5333,10570,-96,3,4,금
2022-03-04,과천선,선바위,7638,6781,14419,857,3,4,금
2022-03-04,공항철도 1호선,영종,2723,2796,5519,-73,3,4,금
2022-03-04,공항철도 1호선,인천공항2터미널,2100,2004,4104,96,3,4,금
2022-03-04,공항철도 1호선,인천공항1터미널,3596,3826,7422,-230,3,4,금
2022-03-04,공항철도 1호선,공항화물청사,2183,2330,4513,-147,3,4,금
2022-03-04,공항철도 1호선,운서,6298,6228,12526,70,3,4,금
2022-03-04,공항철도 1호선,청라국제도시,6217,5926,12143,291,3,4,금
2022-03-04,공항철도 1호선,검암,6062,6099,12161,-37,3,4,금
2022-03-04,공항철도 1호선,계양,9306,8943,18249,363,3,4,금
2022-03-04,공항철도 1호선,김포공항,11406,6582,17988,4824,3,4,금
2022-03-04,공항철도 1호선,마곡나루(서울식물원),7498,7229,14727,269,3,4,금
2022-03-04,공항철도 1호선,디지털미디어시티,12467,11317,23784,1150,3,4,금
2022-03-04,공항철도 1호선,홍대입구,8740,8408,17148,332,3,4,금
2022-03-04,공항철도 1호선,공덕,1978,2706,4684,-728,3,4,금
2022-03-04,공항철도 1호선,서울역,8091,6852,14943,1239,3,4,금
2022-03-04,경춘선,춘천,1464,1082,2546,382,3,4,금
2022-03-04,경춘선,남춘천,2753,2209,4962,544,3,4,금
2022-03-04,경춘선,김유정,230,275,505,-45,3,4,금
2022-03-04,경춘선,강촌,201,251,452,-50,3,4,금
2022-03-04,경춘선,백양리,127,111,238,16,3,4,금
2022-03-04,경춘선,굴봉산,81,89,170,-8,3,4,금
2022-03-04,경춘선,가평,1222,1342,2564,-120,3,4,금
2022-03-04,경춘선,상천,222,205,427,17,3,4,금
2022-03-04,경춘선,청평,1369,1512,2881,-143,3,4,금
2022-03-04,경춘선,대성리,360,373,733,-13,3,4,금
2022-03-04,경춘선,마석,3639,3679,7318,-40,3,4,금
2022-03-04,경춘선,천마산,1514,1493,3007,21,3,4,금
2022-03-04,경춘선,평내호평,5821,5864,11685,-43,3,4,금
2022-03-04,경춘선,금곡,1326,1351,2677,-25,3,4,금
2022-03-04,경춘선,사릉,2970,2969,5939,1,3,4,금
2022-03-04,경춘선,퇴계원,3286,3112,6398,174,3,4,금
2022-03-04,경춘선,별내,3159,3045,6204,114,3,4,금
2022-03-04,경춘선,갈매,2828,2538,5366,290,3,4,금
2022-03-04,경춘선,신내,1984,1964,3948,20,3,4,금
2022-03-04,경인선,도화,3774,3501,7275,273,3,4,금
2022-03-04,경인선,중동,8699,8249,16948,450,3,4,금
2022-03-04,경인선,온수(성공회대입구),6270,6143,12413,127,3,4,금
2022-03-04,경인선,도원,2531,2720,5251,-189,3,4,금
2022-03-04,경인선,간석,5399,5213,10612,186,3,4,금
2022-03-04,경인선,부개,7960,7444,15404,516,3,4,금
2022-03-04,경인선,소사,8129,7792,15921,337,3,4,금
2022-03-04,경인선,구일,5798,5729,11527,69,3,4,금
2022-03-04,경인선,인천,2856,2121,4977,735,3,4,금
2022-03-04,경인선,동인천,12593,12136,24729,457,3,4,금
2022-03-04,경인선,제물포,9728,9248,18976,480,3,4,금
2022-03-04,경인선,주안,17444,15940,33384,1504,3,4,금
2022-03-04,경인선,동암,13183,13681,26864,-498,3,4,금
2022-03-04,경인선,백운,6387,6316,12703,71,3,4,금
2022-03-04,경인선,부평,26314,28615,54929,-2301,3,4,금
2022-03-04,경인선,송내,24598,24574,49172,24,3,4,금
2022-03-04,경인선,부천,29643,30520,60163,-877,3,4,금
2022-03-04,경인선,역곡,24915,24866,49781,49,3,4,금
2022-03-04,경인선,오류동,11169,10326,21495,843,3,4,금
2022-03-04,경인선,개봉,19975,20085,40060,-110,3,4,금
2022-03-04,경의선,임진강,8,4,12,4,3,4,금
2022-03-04,경의선,문산,5025,4792,9817,233,3,4,금
2022-03-04,경의선,파주,1247,770,2017,477,3,4,금
2022-03-04,경의선,월롱,2576,1892,4468,684,3,4,금
2022-03-04,경의선,금촌,5945,6054,11999,-109,3,4,금
2022-03-04,경의선,금릉,4454,4466,8920,-12,3,4,금
2022-03-04,경의선,운정,6458,6352,12810,106,3,4,금
2022-03-04,경의선,야당,6697,6914,13611,-217,3,4,금
2022-03-04,경의선,탄현,7168,7131,14299,37,3,4,금
2022-03-04,경의선,일산,8669,8920,17589,-251,3,4,금
2022-03-04,경의선,풍산,5086,4950,10036,136,3,4,금
2022-03-04,경의선,백마,6711,6678,13389,33,3,4,금
2022-03-04,경의선,곡산,550,567,1117,-17,3,4,금
2022-03-04,경의선,능곡,3517,3349,6866,168,3,4,금
2022-03-04,경의선,행신,7369,7580,14949,-211,3,4,금
2022-03-04,경의선,강매,2979,2622,5601,357,3,4,금
2022-03-04,경의선,화전,2795,2504,5299,291,3,4,금
2022-03-04,경의선,수색,2655,2676,5331,-21,3,4,금
2022-03-04,경의선,디지털미디어시티,2302,2217,4519,85,3,4,금
2022-03-04,경의선,가좌,4854,4810,9664,44,3,4,금
2022-03-04,경의선,홍대입구,1577,1904,3481,-327,3,4,금
2022-03-04,경의선,서강대,2031,2026,4057,5,3,4,금
2022-03-04,경의선,공덕,3174,2923,6097,251,3,4,금
2022-03-04,경의선,효창공원앞,2799,3154,5953,-355,3,4,금
2022-03-04,경의선,신촌,847,1017,1864,-170,3,4,금
2022-03-04,경의선,서울역,3984,5005,8989,-1021,3,4,금
2022-03-04,경원선,소요산,2104,1789,3893,315,3,4,금
2022-03-04,경원선,동두천,1969,2143,4112,-174,3,4,금
2022-03-04,경원선,보산,1591,1448,3039,143,3,4,금
2022-03-04,경원선,동두천중앙,2919,2765,5684,154,3,4,금
2022-03-04,경원선,지행,6120,6252,12372,-132,3,4,금
2022-03-04,경원선,덕정,5551,5257,10808,294,3,4,금
2022-03-04,경원선,덕계,2850,2577,5427,273,3,4,금
2022-03-04,경원선,양주,7132,6792,13924,340,3,4,금
2022-03-04,경원선,녹양,4209,4048,8257,161,3,4,금
2022-03-04,경원선,가능,6337,6124,12461,213,3,4,금
2022-03-04,경원선,의정부,17176,17828,35004,-652,3,4,금
2022-03-04,경원선,회룡,11648,11646,23294,2,3,4,금
2022-03-04,경원선,망월사,7192,7314,14506,-122,3,4,금
2022-03-04,경원선,도봉산,6646,4291,10937,2355,3,4,금
2022-03-04,경원선,도봉,5612,5485,11097,127,3,4,금
2022-03-04,경원선,방학,9255,9099,18354,156,3,4,금
2022-03-04,경원선,녹천,4371,3648,8019,723,3,4,금
2022-03-04,경원선,월계,7671,7158,14829,513,3,4,금
2022-03-04,경원선,광운대,8487,8007,16494,480,3,4,금
2022-03-04,경원선,석계,7795,8676,16471,-881,3,4,금
2022-03-04,경원선,신이문,7782,7232,15014,550,3,4,금
2022-03-04,경원선,외대앞,8591,8199,16790,392,3,4,금
2022-03-04,경원선,청량리(서울시립대입구),14626,14437,29063,189,3,4,금
2022-03-04,경원선,왕십리(성동구청),13901,14931,28832,-1030,3,4,금
2022-03-04,경원선,응봉,1742,1461,3203,281,3,4,금
2022-03-04,경원선,옥수,61,25,86,36,3,4,금
2022-03-04,경원선,한남,3827,3629,7456,198,3,4,금
2022-03-04,경원선,서빙고,1819,1385,3204,434,3,4,금
2022-03-04,경원선,이촌(국립중앙박물관),3523,2748,6271,775,3,4,금
2022-03-04,경부선,광명,3225,2968,6193,257,3,4,금
2022-03-04,경부선,서동탄,1310,1179,2489,131,3,4,금
2022-03-04,경부선,당정,5913,5746,11659,167,3,4,금
2022-03-04,경부선,천안,6380,5874,12254,506,3,4,금
2022-03-04,경부선,두정,7181,6285,13466,896,3,4,금
2022-03-04,경부선,직산,842,766,1608,76,3,4,금
2022-03-04,경부선,성환,4231,3520,7751,711,3,4,금
2022-03-04,경부선,평택,12729,12147,24876,582,3,4,금
2022-03-04,경부선,평택지제,3433,3294,6727,139,3,4,금
2022-03-04,경부선,서정리,7272,6134,13406,1138,3,4,금
2022-03-04,경부선,송탄,4450,4087,8537,363,3,4,금
2022-03-04,경부선,진위,1794,1432,3226,362,3,4,금
2022-03-04,경부선,오산,9341,9472,18813,-131,3,4,금
2022-03-04,경부선,오산대,3353,3104,6457,249,3,4,금
2022-03-04,경부선,세마,2754,2621,5375,133,3,4,금
2022-03-04,경부선,병점,14003,14288,28291,-285,3,4,금
2022-03-04,경부선,세류,2905,2682,5587,223,3,4,금
2022-03-04,경부선,독산,17791,18379,36170,-588,3,4,금
2022-03-04,경부선,수원,33163,35415,68578,-2252,3,4,금
2022-03-04,경부선,화서,7417,7256,14673,161,3,4,금
2022-03-04,경부선,성균관대,14063,13524,27587,539,3,4,금
2022-03-04,경부선,의왕,8710,8637,17347,73,3,4,금
2022-03-04,경부선,군포,7450,7504,14954,-54,3,4,금
2022-03-04,경부선,금정,24973,25501,50474,-528,3,4,금
2022-03-04,경부선,명학,9111,8861,17972,250,3,4,금
2022-03-04,경부선,안양,22908,22739,45647,169,3,4,금
2022-03-04,경부선,관악,6620,6304,12924,316,3,4,금
2022-03-04,경부선,석수,8853,8164,17017,689,3,4,금
2022-03-04,경부선,금천구청,11029,11238,22267,-209,3,4,금
2022-03-04,경부선,가산디지털단지,17221,19840,37061,-2619,3,4,금
2022-03-04,경부선,구로,17021,17515,34536,-494,3,4,금
2022-03-04,경부선,신길,8380,7094,15474,1286,3,4,금
2022-03-04,경부선,신도림,3746,3732,7478,14,3,4,금
2022-03-04,경부선,영등포,35529,36225,71754,-696,3,4,금
2022-03-04,경부선,대방,11996,12358,24354,-362,3,4,금
2022-03-04,경부선,노량진,7477,7632,15109,-155,3,4,금
2022-03-04,경부선,용산,31830,31810,63640,20,3,4,금
2022-03-04,경부선,남영,8889,9305,18194,-416,3,4,금
2022-03-04,경부선,서울역,5972,2168,8140,3804,3,4,금
2022-03-04,경강선,여주,1869,1992,3861,-123,3,4,금
2022-03-04,경강선,세종대왕릉,296,300,596,-4,3,4,금
2022-03-04,경강선,부발,2520,1862,4382,658,3,4,금
2022-03-04,경강선,이천,2498,2648,5146,-150,3,4,금
2022-03-04,경강선,신둔도예촌,1554,1353,2907,201,3,4,금
2022-03-04,경강선,초월,2993,2839,5832,154,3,4,금
2022-03-04,경강선,경기광주,7151,6945,14096,206,3,4,금
2022-03-04,경강선,삼동,2287,2077,4364,210,3,4,금
2022-03-04,경강선,이매,1082,933,2015,149,3,4,금
2022-03-04,경강선,판교,4257,4273,8530,-16,3,4,금
2022-03-04,9호선2~3단계,중앙보훈병원,9765,8691,18456,1074,3,4,금
2022-03-04,9호선2~3단계,둔촌오륜,1184,1053,2237,131,3,4,금
2022-03-04,9호선2~3단계,올림픽공원(한국체대),5374,5016,10390,358,3,4,금
2022-03-04,9호선2~3단계,한성백제,2339,2170,4509,169,3,4,금
2022-03-04,9호선2~3단계,송파나루,4705,4873,9578,-168,3,4,금
2022-03-04,9호선2~3단계,석촌,7831,6947,14778,884,3,4,금
2022-03-04,9호선2~3단계,석촌고분,5728,5622,11350,106,3,4,금
2022-03-04,9호선2~3단계,삼전,6532,6352,12884,180,3,4,금
2022-03-04,9호선2~3단계,종합운동장,3741,3806,7547,-65,3,4,금
2022-03-04,9호선2~3단계,봉은사,14026,14102,28128,-76,3,4,금
2022-03-04,9호선2~3단계,삼성중앙,6325,6598,12923,-273,3,4,금
2022-03-04,9호선2~3단계,선정릉,9040,9851,18891,-811,3,4,금
2022-03-04,9호선2~3단계,언주,9501,9692,19193,-191,3,4,금
2022-03-04,9호선,신논현,30075,30189,60264,-114,3,4,금
2022-03-04,9호선,사평,3278,3242,6520,36,3,4,금
2022-03-04,9호선,고속터미널,11046,14500,25546,-3454,3,4,금
2022-03-04,9호선,신반포,3296,3142,6438,154,3,4,금
2022-03-04,9호선,구반포,1253,1302,2555,-49,3,4,금
2022-03-04,9호선,동작(현충원),1818,1470,3288,348,3,4,금
2022-03-04,9호선,흑석(중앙대입구),8664,8743,17407,-79,3,4,금
2022-03-04,9호선,노들,4081,3488,7569,593,3,4,금
2022-03-04,9호선,노량진,24353,23492,47845,861,3,4,금
2022-03-04,9호선,샛강,5576,5634,11210,-58,3,4,금
2022-03-04,9호선,여의도,25105,23537,48642,1568,3,4,금
2022-03-04,9호선,국회의사당,14424,14604,29028,-180,3,4,금
2022-03-04,9호선,당산,16842,16769,33611,73,3,4,금
2022-03-04,9호선,선유도,8041,7528,15569,513,3,4,금
2022-03-04,9호선,신목동,3824,3413,7237,411,3,4,금
2022-03-04,9호선,염창,16006,15458,31464,548,3,4,금
2022-03-04,9호선,등촌,10514,10401,20915,113,3,4,금
2022-03-04,9호선,증미,6956,6711,13667,245,3,4,금
2022-03-04,9호선,가양,18800,18425,37225,375,3,4,금
2022-03-04,9호선,양천향교,8948,9189,18137,-241,3,4,금
2022-03-04,9호선,마곡나루(서울식물원),11044,10945,21989,99,3,4,금
2022-03-04,9호선,신방화,6650,6520,13170,130,3,4,금
2022-03-04,9호선,공항시장,2825,3035,5860,-210,3,4,금
2022-03-04,9호선,김포공항,6505,10762,17267,-4257,3,4,금
2022-03-04,9호선,개화,2256,1595,3851,661,3,4,금
2022-03-04,8호선,남위례,4156,4480,8636,-324,3,4,금
2022-03-04,8호선,모란,5702,4517,10219,1185,3,4,금
2022-03-04,8호선,수진,5215,4833,10048,382,3,4,금
2022-03-04,8호선,신흥,4031,4342,8373,-311,3,4,금
2022-03-04,8호선,단대오거리,10880,10127,21007,753,3,4,금
2022-03-04,8호선,남한산성입구(성남법원.검찰청),13642,12516,26158,1126,3,4,금
2022-03-04,8호선,산성,4868,4909,9777,-41,3,4,금
2022-03-04,8호선,복정,9229,7807,17036,1422,3,4,금
2022-03-04,8호선,장지,15788,15179,30967,609,3,4,금
2022-03-04,8호선,문정,21016,21938,42954,-922,3,4,금
2022-03-04,8호선,가락시장,7045,7884,14929,-839,3,4,금
2022-03-04,8호선,송파,7138,7370,14508,-232,3,4,금
2022-03-04,8호선,석촌,7207,8383,15590,-1176,3,4,금
2022-03-04,8호선,잠실(송파구청),12331,14146,26477,-1815,3,4,금
2022-03-04,8호선,몽촌토성(평화의문),5544,5681,11225,-137,3,4,금
2022-03-04,8호선,강동구청,10117,10391,20508,-274,3,4,금
2022-03-04,8호선,천호(풍납토성),13786,16113,29899,-2327,3,4,금
2022-03-04,8호선,암사,17701,15764,33465,1937,3,4,금
2022-03-04,7호선,상동,1,0,1,1,3,4,금
2022-03-04,7호선,부천시청,2,0,2,2,3,4,금
2022-03-04,7호선,춘의,1,0,1,1,3,4,금
2022-03-04,7호선,온수(성공회대입구),10071,9183,19254,888,3,4,금
2022-03-04,7호선,천왕,10583,10160,20743,423,3,4,금
2022-03-04,7호선,광명사거리,21037,20757,41794,280,3,4,금
2022-03-04,7호선,철산,19585,20133,39718,-548,3,4,금
2022-03-04,7호선,가산디지털단지,42554,42136,84690,418,3,4,금
2022-03-04,7호선,남구로,14746,15550,30296,-804,3,4,금
2022-03-04,7호선,대림(구로구청),7214,7460,14674,-246,3,4,금
2022-03-04,7호선,신풍,10726,10369,21095,357,3,4,금
2022-03-04,7호선,보라매,9538,9325,18863,213,3,4,금
2022-03-04,7호선,신대방삼거리,15984,15295,31279,689,3,4,금
2022-03-04,7호선,장승배기,8869,8678,17547,191,3,4,금
2022-03-04,7호선,상도,10720,10388,21108,332,3,4,금
2022-03-04,7호선,숭실대입구(살피재),13766,13693,27459,73,3,4,금
2022-03-04,7호선,남성,10449,9718,20167,731,3,4,금
2022-03-04,7호선,이수,14835,14179,29014,656,3,4,금
2022-03-04,7호선,내방,13824,14248,28072,-424,3,4,금
2022-03-04,7호선,고속터미널,15115,12392,27507,2723,3,4,금
2022-03-04,7호선,반포,5613,5360,10973,253,3,4,금
2022-03-04,7호선,논현,19122,20796,39918,-1674,3,4,금
2022-03-04,7호선,학동,22831,24194,47025,-1363,3,4,금
2022-03-04,7호선,강남구청,15367,16904,32271,-1537,3,4,금
2022-03-04,7호선,청담,18013,20249,38262,-2236,3,4,금
2022-03-04,7호선,뚝섬유원지,7095,6871,13966,224,3,4,금
2022-03-04,7호선,건대입구,11745,12100,23845,-355,3,4,금
2022-03-04,7호선,어린이대공원(세종대),13228,13198,26426,30,3,4,금
2022-03-04,7호선,군자(능동),14197,11362,25559,2835,3,4,금
2022-03-04,7호선,중곡,10583,9855,20438,728,3,4,금
2022-03-04,7호선,용마산(용마폭포공원),5724,5513,11237,211,3,4,금
2022-03-04,7호선,사가정,15430,15391,30821,39,3,4,금
2022-03-04,7호선,면목,15584,15329,30913,255,3,4,금
2022-03-04,7호선,상봉(시외버스터미널),15763,14815,30578,948,3,4,금
2022-03-04,7호선,중화,10422,10295,20717,127,3,4,금
2022-03-04,7호선,먹골,9601,9350,18951,251,3,4,금
2022-03-04,7호선,태릉입구,8047,7508,15555,539,3,4,금
2022-03-04,7호선,공릉(서울과학기술대),12295,11976,24271,319,3,4,금
2022-03-04,7호선,하계,16578,15558,32136,1020,3,4,금
2022-03-04,7호선,중계,13393,12369,25762,1024,3,4,금
2022-03-04,7호선,노원,18566,19260,37826,-694,3,4,금
2022-03-04,7호선,마들,12053,11524,23577,529,3,4,금
2022-03-04,7호선,수락산,11647,11411,23058,236,3,4,금
2022-03-04,7호선,도봉산,8399,9807,18206,-1408,3,4,금
2022-03-04,7호선,장암,1976,729,2705,1247,3,4,금
2022-03-04,6호선,봉화산(서울의료원),8112,7761,15873,351,3,4,금
2022-03-04,6호선,화랑대(서울여대입구),11354,8795,20149,2559,3,4,금
2022-03-04,6호선,태릉입구,5232,5671,10903,-439,3,4,금
2022-03-04,6호선,석계,11724,12268,23992,-544,3,4,금
2022-03-04,6호선,돌곶이,8972,8503,17475,469,3,4,금
2022-03-04,6호선,상월곡(한국과학기술연구원),5998,5393,11391,605,3,4,금
2022-03-04,6호선,월곡(동덕여대),11001,11085,22086,-84,3,4,금
2022-03-04,6호선,고려대(종암),7646,7339,14985,307,3,4,금
2022-03-04,6호선,안암(고대병원앞),11473,11053,22526,420,3,4,금
2022-03-04,6호선,보문,7191,6560,13751,631,3,4,금
2022-03-04,6호선,창신,3199,2733,5932,466,3,4,금
2022-03-04,6호선,동묘앞,7361,7259,14620,102,3,4,금
2022-03-04,6호선,신당,7584,7642,15226,-58,3,4,금
2022-03-04,6호선,청구,3543,3826,7369,-283,3,4,금
2022-03-04,6호선,약수,3436,3420,6856,16,3,4,금
2022-03-04,6호선,버티고개,1863,1933,3796,-70,3,4,금
2022-03-04,6호선,한강진,7006,8065,15071,-1059,3,4,금
2022-03-04,6호선,이태원,9299,9619,18918,-320,3,4,금
2022-03-04,6호선,녹사평(용산구청),4292,4347,8639,-55,3,4,금
2022-03-04,6호선,삼각지,5692,4925,10617,767,3,4,금
2022-03-04,6호선,효창공원앞,6499,6062,12561,437,3,4,금
2022-03-04,6호선,공덕,16756,16187,32943,569,3,4,금
2022-03-04,6호선,대흥(서강대앞),7873,8021,15894,-148,3,4,금
2022-03-04,6호선,광흥창(서강),8579,8453,17032,126,3,4,금
2022-03-04,6호선,상수,8609,9216,17825,-607,3,4,금
2022-03-04,6호선,합정,12159,11840,23999,319,3,4,금
2022-03-04,6호선,망원,12879,13705,26584,-826,3,4,금
2022-03-04,6호선,마포구청,13366,12249,25615,1117,3,4,금
2022-03-04,6호선,월드컵경기장(성산),3835,4000,7835,-165,3,4,금
2022-03-04,6호선,디지털미디어시티,12395,13432,25827,-1037,3,4,금
2022-03-04,6호선,증산(명지대앞),9472,9514,18986,-42,3,4,금
2022-03-04,6호선,새절(신사),11893,11329,23222,564,3,4,금
2022-03-04,6호선,구산,7151,5477,12628,1674,3,4,금
2022-03-04,6호선,연신내,2,0,2,2,3,4,금
2022-03-04,6호선,독바위,2461,2595,5056,-134,3,4,금
2022-03-04,6호선,불광,3823,3862,7685,-39,3,4,금
2022-03-04,6호선,역촌,3663,4238,7901,-575,3,4,금
2022-03-04,6호선,응암,16466,16504,32970,-38,3,4,금
2022-03-04,5호선,하남검단산,5147,4982,10129,165,3,4,금
2022-03-04,5호선,하남시청(덕풍·신장),6409,6385,12794,24,3,4,금
2022-03-04,5호선,하남풍산,4102,4170,8272,-68,3,4,금
2022-03-04,5호선,미사,14469,14704,29173,-235,3,4,금
2022-03-04,5호선,강일,3757,3537,7294,220,3,4,금
2022-03-04,5호선,마천,6630,6473,13103,157,3,4,금
2022-03-04,5호선,거여,9388,8982,18370,406,3,4,금
2022-03-04,5호선,개롱,5999,6269,12268,-270,3,4,금
2022-03-04,5호선,오금,3710,3688,7398,22,3,4,금
2022-03-04,5호선,방이,6672,6907,13579,-235,3,4,금
2022-03-04,5호선,올림픽공원(한국체대),3989,3530,7519,459,3,4,금
2022-03-04,5호선,둔촌동,8111,8259,16370,-148,3,4,금
2022-03-04,5호선,상일동,13819,13006,26825,813,3,4,금
2022-03-04,5호선,고덕,9289,9310,18599,-21,3,4,금
2022-03-04,5호선,명일,8232,8533,16765,-301,3,4,금
2022-03-04,5호선,굽은다리(강동구민회관앞),8786,8377,17163,409,3,4,금
2022-03-04,5호선,길동,7739,8131,15870,-392,3,4,금
2022-03-04,5호선,강동,17678,16879,34557,799,3,4,금
2022-03-04,5호선,천호(풍납토성),16548,16548,33096,0,3,4,금
2022-03-04,5호선,광나루(장신대),12177,11083,23260,1094,3,4,금
2022-03-04,5호선,아차산(어린이대공원후문),14336,13919,28255,417,3,4,금
2022-03-04,5호선,군자(능동),10683,11801,22484,-1118,3,4,금
2022-03-04,5호선,장한평,17406,17261,34667,145,3,4,금
2022-03-04,5호선,답십리,15075,13919,28994,1156,3,4,금
2022-03-04,5호선,마장,5336,4987,10323,349,3,4,금
2022-03-04,5호선,왕십리(성동구청),4307,4812,9119,-505,3,4,금
2022-03-04,5호선,행당,7326,6701,14027,625,3,4,금
2022-03-04,5호선,신금호,6033,6170,12203,-137,3,4,금
2022-03-04,5호선,동대문역사문화공원(DDP),2616,3069,5685,-453,3,4,금
2022-03-04,5호선,을지로4가,5513,5637,11150,-124,3,4,금
2022-03-04,5호선,종로3가,10978,11231,22209,-253,3,4,금
2022-03-04,5호선,광화문(세종문화회관),26107,27238,53345,-1131,3,4,금
2022-03-04,5호선,서대문,17477,17315,34792,162,3,4,금
2022-03-04,5호선,충정로(경기대입구),4293,4335,8628,-42,3,4,금
2022-03-04,5호선,애오개,6249,6199,12448,50,3,4,금
2022-03-04,5호선,공덕,12570,13290,25860,-720,3,4,금
2022-03-04,5호선,마포,13079,13689,26768,-610,3,4,금
2022-03-04,5호선,여의나루,8405,9335,17740,-930,3,4,금
2022-03-04,5호선,여의도,25705,26886,52591,-1181,3,4,금
2022-03-04,5호선,신길,3858,4133,7991,-275,3,4,금
2022-03-04,5호선,영등포시장,9429,9642,19071,-213,3,4,금
2022-03-04,5호선,영등포구청,3715,3718,7433,-3,3,4,금
2022-03-04,5호선,양평,7188,6958,14146,230,3,4,금
2022-03-04,5호선,오목교(목동운동장앞),19570,21392,40962,-1822,3,4,금
2022-03-04,5호선,목동,15632,16785,32417,-1153,3,4,금
2022-03-04,5호선,신정(은행정),13157,10812,23969,2345,3,4,금
2022-03-04,5호선,까치산,26990,26032,53022,958,3,4,금
2022-03-04,5호선,화곡,26544,25185,51729,1359,3,4,금
2022-03-04,5호선,우장산,13753,13480,27233,273,3,4,금
2022-03-04,5호선,발산,18689,19080,37769,-391,3,4,금
2022-03-04,5호선,마곡,9918,9935,19853,-17,3,4,금
2022-03-04,5호선,송정,6126,5915,12041,211,3,4,금
2022-03-04,5호선,김포공항,6570,6553,13123,17,3,4,금
2022-03-04,5호선,개화산,5153,5004,10157,149,3,4,금
2022-03-04,5호선,방화,6267,6062,12329,205,3,4,금
2022-03-04,4호선,남태령,1129,936,2065,193,3,4,금
2022-03-04,4호선,사당,22912,18808,41720,4104,3,4,금
2022-03-04,4호선,총신대입구(이수),17522,18888,36410,-1366,3,4,금
2022-03-04,4호선,동작(현충원),1335,1468,2803,-133,3,4,금
2022-03-04,4호선,이촌(국립중앙박물관),6731,7467,14198,-736,3,4,금
2022-03-04,4호선,신용산,14676,15240,29916,-564,3,4,금
2022-03-04,4호선,삼각지,4443,4960,9403,-517,3,4,금
2022-03-04,4호선,숙대입구(갈월),12769,12359,25128,410,3,4,금
2022-03-04,4호선,서울역,9723,14644,24367,-4921,3,4,금
2022-03-04,4호선,회현(남대문시장),21240,22520,43760,-1280,3,4,금
2022-03-04,4호선,명동,17028,17727,34755,-699,3,4,금
2022-03-04,4호선,충무로,25866,26295,52161,-429,3,4,금
2022-03-04,4호선,동대문역사문화공원(DDP),13166,12178,25344,988,3,4,금
2022-03-04,4호선,동대문,17561,17854,35415,-293,3,4,금
2022-03-04,4호선,혜화,28278,27819,56097,459,3,4,금
2022-03-04,4호선,한성대입구(삼선교),12293,12042,24335,251,3,4,금
2022-03-04,4호선,성신여대입구(돈암),19571,18758,38329,813,3,4,금
2022-03-04,4호선,길음,19042,18749,37791,293,3,4,금
2022-03-04,4호선,미아사거리,25359,25095,50454,264,3,4,금
2022-03-04,4호선,미아(서울사이버대학),14672,14100,28772,572,3,4,금
2022-03-04,4호선,수유(강북구청),31857,32210,64067,-353,3,4,금
2022-03-04,4호선,쌍문,27299,25512,52811,1787,3,4,금
2022-03-04,4호선,창동,23704,25428,49132,-1724,3,4,금
2022-03-04,4호선,노원,17356,19845,37201,-2489,3,4,금
2022-03-04,4호선,상계,17584,16454,34038,1130,3,4,금
2022-03-04,4호선,당고개,12000,11193,23193,807,3,4,금
2022-03-04,3호선,오금,5820,5335,11155,485,3,4,금
2022-03-04,3호선,경찰병원,6878,6888,13766,-10,3,4,금
2022-03-04,3호선,가락시장,8269,7951,16220,318,3,4,금
2022-03-04,3호선,수서,16404,16606,33010,-202,3,4,금
2022-03-04,3호선,일원,9468,9108,18576,360,3,4,금
2022-03-04,3호선,대청,9305,8701,18006,604,3,4,금
2022-03-04,3호선,학여울,2839,3017,5856,-178,3,4,금
2022-03-04,3호선,대치,10395,10669,21064,-274,3,4,금
2022-03-04,3호선,도곡,5136,5122,10258,14,3,4,금
2022-03-04,3호선,매봉,11527,11075,22602,452,3,4,금
2022-03-04,3호선,양재(서초구청),36440,38376,74816,-1936,3,4,금
2022-03-04,3호선,남부터미널(예술의전당),27678,27739,55417,-61,3,4,금
2022-03-04,3호선,교대(법원.검찰청),13276,8617,21893,4659,3,4,금
2022-03-04,3호선,고속터미널,36618,37533,74151,-915,3,4,금
2022-03-04,3호선,잠원,4492,4422,8914,70,3,4,금
2022-03-04,3호선,신사,29187,30526,59713,-1339,3,4,금
2022-03-04,3호선,압구정,30455,32488,62943,-2033,3,4,금
2022-03-04,3호선,옥수,7966,8332,16298,-366,3,4,금
2022-03-04,3호선,금호,7204,6900,14104,304,3,4,금
2022-03-04,3호선,약수,12137,11898,24035,239,3,4,금
2022-03-04,3호선,동대입구,7347,7811,15158,-464,3,4,금
2022-03-04,3호선,충무로,1,0,1,1,3,4,금
2022-03-04,3호선,을지로3가,9602,9658,19260,-56,3,4,금
2022-03-04,3호선,종로3가,9431,10831,20262,-1400,3,4,금
2022-03-04,3호선,안국,17796,17905,35701,-109,3,4,금
2022-03-04,3호선,경복궁(정부서울청사),17879,17348,35227,531,3,4,금
2022-03-04,3호선,독립문,6537,6494,13031,43,3,4,금
2022-03-04,3호선,무악재,3677,3721,7398,-44,3,4,금
2022-03-04,3호선,홍제,16080,15475,31555,605,3,4,금
2022-03-04,3호선,녹번,14479,13091,27570,1388,3,4,금
2022-03-04,3호선,불광,14824,15910,30734,-1086,3,4,금
2022-03-04,3호선,연신내,33606,32208,65814,1398,3,4,금
2022-03-04,3호선,구파발,19078,17991,37069,1087,3,4,금
2022-03-04,2호선,용두(동대문구청),2325,2296,4621,29,3,4,금
2022-03-04,2호선,신정네거리,9461,10073,19534,-612,3,4,금
2022-03-04,2호선,양천구청,6238,6717,12955,-479,3,4,금
2022-03-04,2호선,도림천,1400,1387,2787,13,3,4,금
2022-03-04,2호선,신설동,3363,3411,6774,-48,3,4,금
2022-03-04,2호선,신답,1541,1730,3271,-189,3,4,금
2022-03-04,2호선,용답,3051,3151,6202,-100,3,4,금
2022-03-04,2호선,충정로(경기대입구),9131,9682,18813,-551,3,4,금
2022-03-04,2호선,이대,13715,13975,27690,-260,3,4,금
2022-03-04,2호선,신촌,31554,31352,62906,202,3,4,금
2022-03-04,2호선,홍대입구,49339,52261,101600,-2922,3,4,금
2022-03-04,2호선,합정,28496,29860,58356,-1364,3,4,금
2022-03-04,2호선,당산,16863,19824,36687,-2961,3,4,금
2022-03-04,2호선,영등포구청,21367,21933,43300,-566,3,4,금
2022-03-04,2호선,문래,19727,20160,39887,-433,3,4,금
2022-03-04,2호선,신도림,42741,43167,85908,-426,3,4,금
2022-03-04,2호선,대림(구로구청),22090,22927,45017,-837,3,4,금
2022-03-04,2호선,구로디지털단지,54687,54532,109219,155,3,4,금
2022-03-04,2호선,신대방,24419,23753,48172,666,3,4,금
2022-03-04,2호선,신림,59862,58228,118090,1634,3,4,금
2022-03-04,2호선,봉천,22336,20851,43187,1485,3,4,금
2022-03-04,2호선,서울대입구(관악구청),45642,44027,89669,1615,3,4,금
2022-03-04,2호선,낙성대(강감찬),26019,24737,50756,1282,3,4,금
2022-03-04,2호선,사당,33602,36466,70068,-2864,3,4,금
2022-03-04,2호선,방배,17020,17730,34750,-710,3,4,금
2022-03-04,2호선,서초,19465,18504,37969,961,3,4,금
2022-03-04,2호선,교대(법원.검찰청),31425,35226,66651,-3801,3,4,금
2022-03-04,2호선,강남,78169,77067,155236,1102,3,4,금
2022-03-04,2호선,역삼,45912,50732,96644,-4820,3,4,금
2022-03-04,2호선,선릉,51178,45268,96446,5910,3,4,금
2022-03-04,2호선,삼성(무역센터),44273,44644,88917,-371,3,4,금
2022-03-04,2호선,종합운동장,6667,7168,13835,-501,3,4,금
2022-03-04,2호선,잠실새내,19800,20004,39804,-204,3,4,금
2022-03-04,2호선,잠실(송파구청),57734,57757,115491,-23,3,4,금
2022-03-04,2호선,잠실나루,12985,12676,25661,309,3,4,금
2022-03-04,2호선,강변(동서울터미널),28116,26490,54606,1626,3,4,금
2022-03-04,2호선,구의(광진구청),22375,21911,44286,464,3,4,금
2022-03-04,2호선,건대입구,33057,35180,68237,-2123,3,4,금
2022-03-04,2호선,성수,34384,37412,71796,-3028,3,4,금
2022-03-04,2호선,뚝섬,19977,21328,41305,-1351,3,4,금
2022-03-04,2호선,한양대,12498,13123,25621,-625,3,4,금
2022-03-04,2호선,왕십리(성동구청),15736,12691,28427,3045,3,4,금
2022-03-04,2호선,상왕십리,13262,12965,26227,297,3,4,금
2022-03-04,2호선,신당,13038,13277,26315,-239,3,4,금
2022-03-04,2호선,동대문역사문화공원(DDP),11130,12328,23458,-1198,3,4,금
2022-03-04,2호선,을지로4가,11822,11841,23663,-19,3,4,금
2022-03-04,2호선,을지로3가,19777,19781,39558,-4,3,4,금
2022-03-04,2호선,을지로입구,34133,35441,69574,-1308,3,4,금
2022-03-04,2호선,시청,20875,20216,41091,659,3,4,금
2022-03-04,1호선,동묘앞,6935,7403,14338,-468,3,4,금
2022-03-04,1호선,청량리(서울시립대입구),18005,18165,36170,-160,3,4,금
2022-03-04,1호선,제기동,14998,15113,30111,-115,3,4,금
2022-03-04,1호선,신설동,13281,12971,26252,310,3,4,금
2022-03-04,1호선,동대문,9761,8911,18672,850,3,4,금
2022-03-04,1호선,종로5가,20378,20033,40411,345,3,4,금
2022-03-04,1호선,종로3가,22378,20647,43025,1731,3,4,금
2022-03-04,1호선,종각,30186,29482,59668,704,3,4,금
2022-03-04,1호선,시청,19824,19714,39538,110,3,4,금
2022-03-04,1호선,서울역,40023,38144,78167,1879,3,4,금
2022-03-04,일산선,지축,2,0,2,2,3,4,금
2022-03-04,3호선,지축,4293,4146,8439,147,3,4,금
2022-03-04,2호선,아현,9731,9311,19042,420,3,4,금
2022-03-04,장항선,아산,3809,3464,7273,345,3,4,금
2022-03-04,중앙선,지평,53,88,141,-35,3,4,금
2022-03-04,중앙선,용문,1474,1498,2972,-24,3,4,금
2022-03-04,중앙선,원덕,293,330,623,-37,3,4,금
2022-03-04,중앙선,양평,2527,2603,5130,-76,3,4,금
2022-03-04,중앙선,오빈,242,249,491,-7,3,4,금
2022-03-04,중앙선,아신,484,473,957,11,3,4,금
2022-03-04,중앙선,국수,689,715,1404,-26,3,4,금
2022-03-04,중앙선,신원,161,143,304,18,3,4,금
2022-03-04,중앙선,양수,1576,1677,3253,-101,3,4,금
2022-03-04,중앙선,운길산,531,532,1063,-1,3,4,금
2022-03-04,중앙선,팔당,723,776,1499,-53,3,4,금
2022-03-04,중앙선,도심,2202,1744,3946,458,3,4,금
2022-03-04,중앙선,덕소,5093,5223,10316,-130,3,4,금
2022-03-04,중앙선,양정,653,593,1246,60,3,4,금
2022-03-04,중앙선,도농,9634,9013,18647,621,3,4,금
2022-03-04,중앙선,구리,12328,12754,25082,-426,3,4,금
2022-03-04,중앙선,양원,2524,2387,4911,137,3,4,금
2022-03-04,중앙선,망우,7238,7312,14550,-74,3,4,금
2022-03-04,중앙선,상봉(시외버스터미널),5394,5376,10770,18,3,4,금
2022-03-04,중앙선,중랑,5299,5145,10444,154,3,4,금
2022-03-04,중앙선,회기,23889,22725,46614,1164,3,4,금
2022-03-04,장항선,신창(순천향대),3241,1944,5185,1297,3,4,금
2022-03-04,장항선,온양온천,4098,4377,8475,-279,3,4,금
2022-03-04,장항선,배방,1227,1170,2397,57,3,4,금
2022-03-04,장항선,탕정,787,622,1409,165,3,4,금
2022-03-04,5호선,청구,3796,3397,7193,399,3,4,금
2022-03-05,9호선2~3단계,둔촌오륜,509,544,1053,-35,3,5,토
2022-03-05,우이신설선,솔밭공원,1584,1471,3055,113,3,5,토
2022-03-05,7호선,철산,12581,12742,25323,-161,3,5,토
2022-03-05,7호선,광명사거리,14777,14814,29591,-37,3,5,토
2022-03-05,7호선,천왕,5822,5538,11360,284,3,5,토
2022-03-05,7호선,온수(성공회대입구),4731,4752,9483,-21,3,5,토
2022-03-05,7호선,춘의,1,0,1,1,3,5,토
2022-03-05,7호선,부평구청,1,0,1,1,3,5,토
2022-03-05,8호선,암사,10782,9921,20703,861,3,5,토
2022-03-05,8호선,천호(풍납토성),10785,12576,23361,-1791,3,5,토
2022-03-05,8호선,강동구청,5492,5494,10986,-2,3,5,토
2022-03-05,8호선,몽촌토성(평화의문),4073,3930,8003,143,3,5,토
2022-03-05,8호선,잠실(송파구청),10759,12490,23249,-1731,3,5,토
2022-03-05,8호선,석촌,5367,6257,11624,-890,3,5,토
2022-03-05,8호선,송파,4438,4541,8979,-103,3,5,토
2022-03-05,8호선,가락시장,4879,4761,9640,118,3,5,토
2022-03-05,6호선,광흥창(서강),4918,4717,9635,201,3,5,토
2022-03-05,6호선,상수,7585,8651,16236,-1066,3,5,토
2022-03-05,8호선,문정,7739,7851,15590,-112,3,5,토
2022-03-05,6호선,대흥(서강대앞),5004,5028,10032,-24,3,5,토
2022-03-05,6호선,공덕,8489,7947,16436,542,3,5,토
2022-03-05,6호선,효창공원앞,3902,3569,7471,333,3,5,토
2022-03-05,6호선,삼각지,4098,3296,7394,802,3,5,토
2022-03-05,6호선,녹사평(용산구청),4083,4518,8601,-435,3,5,토
2022-03-05,6호선,이태원,11729,12149,23878,-420,3,5,토
2022-03-05,6호선,한강진,6444,7860,14304,-1416,3,5,토
2022-03-05,6호선,버티고개,1114,1242,2356,-128,3,5,토
2022-03-05,6호선,약수,2240,2230,4470,10,3,5,토
2022-03-05,9호선,국회의사당,3976,4092,8068,-116,3,5,토
2022-03-05,9호선,당산,10671,10086,20757,585,3,5,토
2022-03-05,9호선,선유도,3230,3118,6348,112,3,5,토
2022-03-05,9호선,신목동,1851,1651,3502,200,3,5,토
2022-03-05,9호선,염창,10091,9489,19580,602,3,5,토
2022-03-05,9호선,등촌,6405,6147,12552,258,3,5,토
2022-03-05,9호선,증미,3489,3443,6932,46,3,5,토
2022-03-05,9호선,가양,11662,11276,22938,386,3,5,토
2022-03-05,9호선,양천향교,5023,4954,9977,69,3,5,토
2022-03-05,9호선,마곡나루(서울식물원),6814,6750,13564,64,3,5,토
2022-03-05,9호선,신방화,4291,4017,8308,274,3,5,토
2022-03-05,9호선,공항시장,2128,2194,4322,-66,3,5,토
2022-03-05,9호선,김포공항,6133,10048,16181,-3915,3,5,토
2022-03-05,9호선,개화,1107,966,2073,141,3,5,토
2022-03-05,8호선,남위례,2546,2696,5242,-150,3,5,토
2022-03-05,8호선,모란,3160,2692,5852,468,3,5,토
2022-03-05,8호선,수진,3915,3535,7450,380,3,5,토
2022-03-05,8호선,신흥,3071,3167,6238,-96,3,5,토
2022-03-05,8호선,단대오거리,6677,6256,12933,421,3,5,토
2022-03-05,중앙선,상봉(시외버스터미널),3924,3988,7912,-64,3,5,토
2022-03-05,중앙선,중랑,3773,3700,7473,73,3,5,토
2022-03-05,중앙선,회기,17478,16634,34112,844,3,5,토
2022-03-05,장항선,신창(순천향대),1166,1086,2252,80,3,5,토
2022-03-05,장항선,온양온천,3080,3125,6205,-45,3,5,토
2022-03-05,장항선,배방,833,797,1630,36,3,5,토
2022-03-05,7호선,수락산,8891,8469,17360,422,3,5,토
2022-03-05,장항선,탕정,522,411,933,111,3,5,토
2022-03-05,장항선,아산,2296,2213,4509,83,3,5,토
2022-03-05,장항선,쌍용(나사렛대),1341,1238,2579,103,3,5,토
2022-03-05,장항선,봉명,633,577,1210,56,3,5,토
2022-03-05,일산선,대화,7795,7290,15085,505,3,5,토
2022-03-05,일산선,주엽,5467,5499,10966,-32,3,5,토
2022-03-05,안산선,대야미,3309,2983,6292,326,3,5,토
2022-03-05,안산선,반월,2836,2653,5489,183,3,5,토
2022-03-05,7호선,마들,7677,7412,15089,265,3,5,토
2022-03-05,안산선,상록수,10492,10633,21125,-141,3,5,토
2022-03-05,안산선,한대앞,6107,5959,12066,148,3,5,토
2022-03-05,안산선,중앙,12880,13285,26165,-405,3,5,토
2022-03-05,안산선,고잔,5045,4984,10029,61,3,5,토
2022-03-05,안산선,초지,2700,2777,5477,-77,3,5,토
2022-03-05,안산선,안산,7778,7923,15701,-145,3,5,토
2022-03-05,안산선,신길온천,1127,1108,2235,19,3,5,토
2022-03-05,안산선,정왕,5610,5749,11359,-139,3,5,토
2022-03-05,6호선,청구,2191,2135,4326,56,3,5,토
2022-03-05,6호선,신당,4614,3940,8554,674,3,5,토
2022-03-05,6호선,동묘앞,6581,6221,12802,360,3,5,토
2022-03-05,6호선,창신,1948,1663,3611,285,3,5,토
2022-03-05,6호선,보문,4828,4455,9283,373,3,5,토
2022-03-05,6호선,안암(고대병원앞),6597,6354,12951,243,3,5,토
2022-03-05,6호선,고려대(종암),4772,4724,9496,48,3,5,토
2022-03-05,6호선,월곡(동덕여대),6617,6492,13109,125,3,5,토
2022-03-05,6호선,상월곡(한국과학기술연구원),3986,3532,7518,454,3,5,토
2022-03-05,6호선,돌곶이,5469,5066,10535,403,3,5,토
2022-03-05,6호선,석계,7915,7859,15774,56,3,5,토
2022-03-05,6호선,태릉입구,3547,3742,7289,-195,3,5,토
2022-03-05,6호선,화랑대(서울여대입구),6170,5152,11322,1018,3,5,토
2022-03-05,6호선,봉화산(서울의료원),4435,4444,8879,-9,3,5,토
2022-03-05,7호선,장암,1227,857,2084,370,3,5,토
2022-03-05,7호선,도봉산,5207,7470,12677,-2263,3,5,토
2022-03-05,6호선,합정,11119,10099,21218,1020,3,5,토
2022-03-05,6호선,망원,11156,12096,23252,-940,3,5,토
2022-03-05,6호선,마포구청,8233,7448,15681,785,3,5,토
2022-03-05,6호선,월드컵경기장(성산),3570,3708,7278,-138,3,5,토
2022-03-05,6호선,디지털미디어시티,5970,6363,12333,-393,3,5,토
2022-03-05,6호선,증산(명지대앞),6554,6646,13200,-92,3,5,토
2022-03-05,8호선,장지,10238,9612,19850,626,3,5,토
2022-03-05,8호선,복정,5514,4671,10185,843,3,5,토
2022-03-05,8호선,산성,3456,3478,6934,-22,3,5,토
2022-03-05,8호선,남한산성입구(성남법원.검찰청),7860,7050,14910,810,3,5,토
2022-03-05,안산선,오이도,5731,6044,11775,-313,3,5,토
2022-03-05,안산선,수리산,2458,2177,4635,281,3,5,토
2022-03-05,우이신설선,북한산우이,2880,2946,5826,-66,3,5,토
2022-03-05,수인선,인천,916,1467,2383,-551,3,5,토
2022-03-05,7호선,노원,16122,15865,31987,257,3,5,토
2022-03-05,7호선,중계,7778,7214,14992,564,3,5,토
2022-03-05,안산선,산본,10531,11028,21559,-497,3,5,토
2022-03-05,일산선,정발산,5673,5882,11555,-209,3,5,토
2022-03-05,일산선,마두,4273,4356,8629,-83,3,5,토
2022-03-05,일산선,백석,6524,6523,13047,1,3,5,토
2022-03-05,일산선,대곡,1092,939,2031,153,3,5,토
2022-03-05,일산선,화정,10977,11432,22409,-455,3,5,토
2022-03-05,일산선,원당,7049,6654,13703,395,3,5,토
2022-03-05,중앙선,지평,47,65,112,-18,3,5,토
2022-03-05,중앙선,용문,2665,2801,5466,-136,3,5,토
2022-03-05,중앙선,원덕,341,345,686,-4,3,5,토
2022-03-05,중앙선,양평,1914,1987,3901,-73,3,5,토
2022-03-05,중앙선,오빈,217,204,421,13,3,5,토
2022-03-05,중앙선,아신,419,477,896,-58,3,5,토
2022-03-05,중앙선,국수,543,552,1095,-9,3,5,토
2022-03-05,중앙선,신원,250,159,409,91,3,5,토
2022-03-05,중앙선,양수,1633,1525,3158,108,3,5,토
2022-03-05,수인선,신포,1167,1207,2374,-40,3,5,토
2022-03-05,수인선,숭의,2366,2206,4572,160,3,5,토
2022-03-05,수인선,인하대,4169,3860,8029,309,3,5,토
2022-03-05,수인선,송도,1713,1658,3371,55,3,5,토
2022-03-05,수인선,연수,3435,3440,6875,-5,3,5,토
2022-03-05,분당선,망포,7865,7424,15289,441,3,5,토
2022-03-05,분당선,영통,6068,5815,11883,253,3,5,토
2022-03-05,분당선,청명,2237,2267,4504,-30,3,5,토
2022-03-05,분당선,상갈,3116,3198,6314,-82,3,5,토
2022-03-05,분당선,기흥,5705,5569,11274,136,3,5,토
2022-03-05,분당선,신갈,2235,2334,4569,-99,3,5,토
2022-03-05,분당선,구성,2777,2869,5646,-92,3,5,토
2022-03-05,분당선,죽전,8730,9741,18471,-1011,3,5,토
2022-03-05,분당선,보정,1338,1255,2593,83,3,5,토
2022-03-05,분당선,이매,3469,3522,6991,-53,3,5,토
2022-03-05,분당선,오리,6524,5449,11973,1075,3,5,토
2022-03-05,분당선,미금,9783,9994,19777,-211,3,5,토
2022-03-05,분당선,정자,9446,9657,19103,-211,3,5,토
2022-03-05,분당선,수내,7769,7363,15132,406,3,5,토
2022-03-05,분당선,서현,18234,18052,36286,182,3,5,토
2022-03-05,분당선,야탑,16045,16602,32647,-557,3,5,토
2022-03-05,분당선,모란,14167,14238,28405,-71,3,5,토
2022-03-05,분당선,태평,9431,9098,18529,333,3,5,토
2022-03-05,분당선,가천대,4723,5221,9944,-498,3,5,토
2022-03-05,분당선,선정릉,3155,3232,6387,-77,3,5,토
2022-03-05,분당선,강남구청,4790,5852,10642,-1062,3,5,토
2022-03-05,분당선,압구정로데오,16622,18551,35173,-1929,3,5,토
2022-03-05,분당선,서울숲,6393,6592,12985,-199,3,5,토
2022-03-05,분당선,수원,6277,5315,11592,962,3,5,토
2022-03-05,분당선,수서,8568,8957,17525,-389,3,5,토
2022-03-05,분당선,대모산입구,2851,2575,5426,276,3,5,토
2022-03-05,분당선,개포동,2297,2238,4535,59,3,5,토
2022-03-05,분당선,구룡,1133,1120,2253,13,3,5,토
2022-03-05,분당선,도곡,4025,3629,7654,396,3,5,토
2022-03-05,분당선,한티,11183,10895,22078,288,3,5,토
2022-03-05,분당선,선릉,4332,6823,11155,-2491,3,5,토
2022-03-05,과천선,범계,17447,16849,34296,598,3,5,토
2022-03-05,과천선,평촌,7634,7448,15082,186,3,5,토
2022-03-05,과천선,인덕원,13666,13756,27422,-90,3,5,토
2022-03-05,과천선,정부과천청사,5330,5110,10440,220,3,5,토
2022-03-05,과천선,과천,3882,3647,7529,235,3,5,토
2022-03-05,과천선,대공원,3067,3226,6293,-159,3,5,토
2022-03-05,과천선,경마공원,7860,7929,15789,-69,3,5,토
2022-03-05,과천선,선바위,4335,3897,8232,438,3,5,토
2022-03-05,공항철도 1호선,영종,2353,2389,4742,-36,3,5,토
2022-03-05,공항철도 1호선,인천공항2터미널,1840,1708,3548,132,3,5,토
2022-03-05,공항철도 1호선,인천공항1터미널,2939,3087,6026,-148,3,5,토
2022-03-05,공항철도 1호선,공항화물청사,1260,1257,2517,3,3,5,토
2022-03-05,공항철도 1호선,운서,5148,5324,10472,-176,3,5,토
2022-03-05,공항철도 1호선,청라국제도시,3306,3244,6550,62,3,5,토
2022-03-05,공항철도 1호선,검암,3404,3646,7050,-242,3,5,토
2022-03-05,공항철도 1호선,계양,5863,5408,11271,455,3,5,토
2022-03-05,공항철도 1호선,김포공항,9142,4769,13911,4373,3,5,토
2022-03-05,공항철도 1호선,마곡나루(서울식물원),2341,2615,4956,-274,3,5,토
2022-03-05,공항철도 1호선,디지털미디어시티,4464,4126,8590,338,3,5,토
2022-03-05,공항철도 1호선,홍대입구,9352,9347,18699,5,3,5,토
2022-03-05,공항철도 1호선,공덕,1289,1905,3194,-616,3,5,토
2022-03-05,공항철도 1호선,서울역,5606,5457,11063,149,3,5,토
2022-03-05,경춘선,춘천,1153,1022,2175,131,3,5,토
2022-03-05,경춘선,남춘천,2007,1976,3983,31,3,5,토
2022-03-05,경춘선,김유정,353,386,739,-33,3,5,토
2022-03-05,경춘선,강촌,409,454,863,-45,3,5,토
2022-03-05,경춘선,백양리,244,280,524,-36,3,5,토
2022-03-05,경춘선,굴봉산,142,151,293,-9,3,5,토
2022-03-05,경춘선,가평,1150,1314,2464,-164,3,5,토
2022-03-05,경춘선,상천,239,229,468,10,3,5,토
2022-03-05,경춘선,청평,1134,1272,2406,-138,3,5,토
2022-03-05,경춘선,대성리,363,349,712,14,3,5,토
2022-03-05,경춘선,마석,2574,2458,5032,116,3,5,토
2022-03-05,경춘선,천마산,1151,1161,2312,-10,3,5,토
2022-03-05,경춘선,평내호평,4089,3955,8044,134,3,5,토
2022-03-05,경춘선,금곡,977,945,1922,32,3,5,토
2022-03-05,경춘선,사릉,1962,1900,3862,62,3,5,토
2022-03-05,경춘선,퇴계원,2116,1981,4097,135,3,5,토
2022-03-05,경춘선,별내,1994,1923,3917,71,3,5,토
2022-03-05,경춘선,갈매,1634,1421,3055,213,3,5,토
2022-03-05,경춘선,신내,992,961,1953,31,3,5,토
2022-03-05,경인선,도화,2659,2490,5149,169,3,5,토
2022-03-05,경인선,중동,5664,5454,11118,210,3,5,토
2022-03-05,경인선,온수(성공회대입구),3958,3707,7665,251,3,5,토
2022-03-05,경인선,도원,2619,2436,5055,183,3,5,토
2022-03-05,경인선,간석,3687,3554,7241,133,3,5,토
2022-03-05,경인선,부개,5343,5110,10453,233,3,5,토
2022-03-05,경인선,소사,6241,6032,12273,209,3,5,토
2022-03-05,경인선,구일,3673,3549,7222,124,3,5,토
2022-03-05,경인선,인천,2986,2621,5607,365,3,5,토
2022-03-05,경인선,동인천,9644,9528,19172,116,3,5,토
2022-03-05,경인선,제물포,6374,6093,12467,281,3,5,토
2022-03-05,경인선,주안,13738,12070,25808,1668,3,5,토
2022-03-05,경인선,동암,10296,10727,21023,-431,3,5,토
2022-03-05,경인선,백운,4457,4521,8978,-64,3,5,토
2022-03-05,경인선,부평,24310,26295,50605,-1985,3,5,토
2022-03-05,경인선,송내,14772,14634,29406,138,3,5,토
2022-03-05,경인선,부천,24434,25145,49579,-711,3,5,토
2022-03-05,경인선,역곡,17001,16925,33926,76,3,5,토
2022-03-05,경인선,오류동,7833,7201,15034,632,3,5,토
2022-03-05,경인선,개봉,13499,13368,26867,131,3,5,토
2022-03-05,경의선,임진강,53,36,89,17,3,5,토
2022-03-05,경의선,문산,3557,3539,7096,18,3,5,토
2022-03-05,경의선,파주,727,560,1287,167,3,5,토
2022-03-05,경의선,월롱,1361,1216,2577,145,3,5,토
2022-03-05,경의선,금촌,4376,4213,8589,163,3,5,토
2022-03-05,경의선,금릉,2962,2867,5829,95,3,5,토
2022-03-05,경의선,운정,3908,3687,7595,221,3,5,토
2022-03-05,경의선,야당,4939,4949,9888,-10,3,5,토
2022-03-05,경의선,탄현,4369,4194,8563,175,3,5,토
2022-03-05,경의선,일산,5020,4843,9863,177,3,5,토
2022-03-05,경의선,풍산,3453,3367,6820,86,3,5,토
2022-03-05,경의선,백마,3508,3345,6853,163,3,5,토
2022-03-05,경의선,곡산,354,353,707,1,3,5,토
2022-03-05,경의선,능곡,2294,2261,4555,33,3,5,토
2022-03-05,경의선,행신,4240,4391,8631,-151,3,5,토
2022-03-05,경의선,강매,1617,1483,3100,134,3,5,토
2022-03-05,경의선,화전,980,952,1932,28,3,5,토
2022-03-05,경의선,수색,1293,1262,2555,31,3,5,토
2022-03-05,경의선,디지털미디어시티,1517,1409,2926,108,3,5,토
2022-03-05,경의선,가좌,3114,3167,6281,-53,3,5,토
2022-03-05,경의선,홍대입구,1425,1828,3253,-403,3,5,토
2022-03-05,경의선,서강대,1440,1389,2829,51,3,5,토
2022-03-05,경의선,공덕,2197,1767,3964,430,3,5,토
2022-03-05,경의선,효창공원앞,1487,1632,3119,-145,3,5,토
2022-03-05,경의선,신촌,311,309,620,2,3,5,토
2022-03-05,경의선,서울역,951,1041,1992,-90,3,5,토
2022-03-05,경원선,소요산,2602,2287,4889,315,3,5,토
2022-03-05,경원선,동두천,1444,1725,3169,-281,3,5,토
2022-03-05,경원선,보산,1315,1223,2538,92,3,5,토
2022-03-05,경원선,동두천중앙,2237,2257,4494,-20,3,5,토
2022-03-05,경원선,지행,4668,4528,9196,140,3,5,토
2022-03-05,경원선,덕정,3762,3422,7184,340,3,5,토
2022-03-05,경원선,덕계,1990,1837,3827,153,3,5,토
2022-03-05,경원선,양주,5158,4983,10141,175,3,5,토
2022-03-05,경원선,녹양,2974,2888,5862,86,3,5,토
2022-03-05,경원선,가능,4476,4266,8742,210,3,5,토
2022-03-05,경원선,의정부,14879,15229,30108,-350,3,5,토
2022-03-05,경원선,회룡,8133,8268,16401,-135,3,5,토
2022-03-05,경원선,망월사,4999,5159,10158,-160,3,5,토
2022-03-05,경원선,도봉산,7590,5104,12694,2486,3,5,토
2022-03-05,경원선,도봉,3905,3696,7601,209,3,5,토
2022-03-05,경원선,방학,6441,6372,12813,69,3,5,토
2022-03-05,경원선,녹천,2816,2429,5245,387,3,5,토
2022-03-05,경원선,월계,4021,3670,7691,351,3,5,토
2022-03-05,경원선,광운대,4831,4850,9681,-19,3,5,토
2022-03-05,경원선,석계,5772,6104,11876,-332,3,5,토
2022-03-05,경원선,신이문,5285,4984,10269,301,3,5,토
2022-03-05,경원선,외대앞,5698,5547,11245,151,3,5,토
2022-03-05,경원선,청량리(서울시립대입구),12425,13199,25624,-774,3,5,토
2022-03-05,경원선,왕십리(성동구청),10827,12230,23057,-1403,3,5,토
2022-03-05,경원선,응봉,1156,1017,2173,139,3,5,토
2022-03-05,경원선,옥수,29,25,54,4,3,5,토
2022-03-05,경원선,한남,2219,2192,4411,27,3,5,토
2022-03-05,경원선,서빙고,1259,1356,2615,-97,3,5,토
2022-03-05,경원선,이촌(국립중앙박물관),2577,1898,4475,679,3,5,토
2022-03-05,경부선,광명,2058,1841,3899,217,3,5,토
2022-03-05,경부선,서동탄,740,797,1537,-57,3,5,토
2022-03-05,경부선,당정,3401,3201,6602,200,3,5,토
2022-03-05,경부선,천안,4933,4966,9899,-33,3,5,토
2022-03-05,경부선,두정,4425,4436,8861,-11,3,5,토
2022-03-05,경부선,직산,566,546,1112,20,3,5,토
2022-03-05,경부선,성환,2496,2289,4785,207,3,5,토
2022-03-05,경부선,평택,10958,10612,21570,346,3,5,토
2022-03-05,경부선,평택지제,2608,2423,5031,185,3,5,토
2022-03-05,경부선,서정리,6016,4830,10846,1186,3,5,토
2022-03-05,경부선,송탄,4130,3845,7975,285,3,5,토
2022-03-05,경부선,진위,858,737,1595,121,3,5,토
2022-03-05,경부선,오산,7680,7326,15006,354,3,5,토
2022-03-05,경부선,오산대,2193,2003,4196,190,3,5,토
2022-03-05,경부선,세마,1762,1590,3352,172,3,5,토
2022-03-05,경부선,병점,9959,9961,19920,-2,3,5,토
2022-03-05,경부선,세류,1944,1971,3915,-27,3,5,토
2022-03-05,경부선,독산,7857,7589,15446,268,3,5,토
2022-03-05,경부선,수원,30299,32625,62924,-2326,3,5,토
2022-03-05,경부선,화서,4346,4428,8774,-82,3,5,토
2022-03-05,경부선,성균관대,9001,8784,17785,217,3,5,토
2022-03-05,경부선,의왕,5047,4897,9944,150,3,5,토
2022-03-05,경부선,군포,3911,3728,7639,183,3,5,토
2022-03-05,경부선,금정,15784,16107,31891,-323,3,5,토
2022-03-05,수인선,원인재,3166,3395,6561,-229,3,5,토
2022-03-05,경부선,명학,4627,4453,9080,174,3,5,토
2022-03-05,경부선,안양,14610,14619,29229,-9,3,5,토
2022-03-05,경부선,관악,4887,4638,9525,249,3,5,토
2022-03-05,경부선,석수,5630,5425,11055,205,3,5,토
2022-03-05,경부선,금천구청,6904,7010,13914,-106,3,5,토
2022-03-05,경부선,가산디지털단지,5071,6980,12051,-1909,3,5,토
2022-03-05,경부선,구로,10752,11166,21918,-414,3,5,토
2022-03-05,경부선,신길,5159,4432,9591,727,3,5,토
2022-03-05,경부선,신도림,2644,2460,5104,184,3,5,토
2022-03-05,경부선,영등포,33307,34304,67611,-997,3,5,토
2022-03-05,경부선,대방,6690,6732,13422,-42,3,5,토
2022-03-05,경부선,노량진,6465,5928,12393,537,3,5,토
2022-03-05,경부선,용산,26848,28177,55025,-1329,3,5,토
2022-03-05,경부선,남영,4934,5133,10067,-199,3,5,토
2022-03-05,경부선,서울역,4392,1366,5758,3026,3,5,토
2022-03-05,경강선,여주,1890,2103,3993,-213,3,5,토
2022-03-05,경강선,세종대왕릉,226,248,474,-22,3,5,토
2022-03-05,경강선,부발,1777,1426,3203,351,3,5,토
2022-03-05,경강선,이천,2126,2237,4363,-111,3,5,토
2022-03-05,경강선,신둔도예촌,933,876,1809,57,3,5,토
2022-03-05,경강선,곤지암,1463,1494,2957,-31,3,5,토
2022-03-05,경강선,초월,1890,1672,3562,218,3,5,토
2022-03-05,경강선,경기광주,4453,4209,8662,244,3,5,토
2022-03-05,경강선,삼동,1212,1182,2394,30,3,5,토
2022-03-05,경강선,이매,660,522,1182,138,3,5,토
2022-03-05,경강선,판교,2588,2528,5116,60,3,5,토
2022-03-05,9호선2~3단계,중앙보훈병원,3787,3562,7349,225,3,5,토
2022-03-05,9호선2~3단계,올림픽공원(한국체대),4940,4977,9917,-37,3,5,토
2022-03-05,9호선2~3단계,한성백제,1514,1352,2866,162,3,5,토
2022-03-05,9호선2~3단계,송파나루,3626,3867,7493,-241,3,5,토
2022-03-05,9호선2~3단계,석촌,5735,4726,10461,1009,3,5,토
2022-03-05,9호선2~3단계,석촌고분,3684,3498,7182,186,3,5,토
2022-03-05,9호선2~3단계,삼전,4458,4175,8633,283,3,5,토
2022-03-05,9호선2~3단계,종합운동장,2593,2390,4983,203,3,5,토
2022-03-05,9호선2~3단계,봉은사,9384,9805,19189,-421,3,5,토
2022-03-05,9호선2~3단계,삼성중앙,2747,2757,5504,-10,3,5,토
2022-03-05,9호선2~3단계,선정릉,4134,4550,8684,-416,3,5,토
2022-03-05,9호선2~3단계,언주,5153,5249,10402,-96,3,5,토
2022-03-05,9호선,신논현,22204,21984,44188,220,3,5,토
2022-03-05,9호선,사평,2020,1816,3836,204,3,5,토
2022-03-05,9호선,고속터미널,9486,13089,22575,-3603,3,5,토
2022-03-05,9호선,신반포,2294,2161,4455,133,3,5,토
2022-03-05,9호선,구반포,837,801,1638,36,3,5,토
2022-03-05,9호선,동작(현충원),1625,1216,2841,409,3,5,토
2022-03-05,9호선,흑석(중앙대입구),5292,5200,10492,92,3,5,토
2022-03-05,9호선,노들,2856,2413,5269,443,3,5,토
2022-03-05,9호선,노량진,18424,17600,36024,824,3,5,토
2022-03-05,9호선,샛강,2198,2281,4479,-83,3,5,토
2022-03-05,9호선,여의도,11419,10379,21798,1040,3,5,토
2022-03-05,일산선,지축,1,0,1,1,3,5,토
2022-03-05,일산선,원흥,6278,5945,12223,333,3,5,토
2022-03-05,우이신설선,신설동,1270,1244,2514,26,3,5,토
2022-03-05,우이신설선,보문,1014,1083,2097,-69,3,5,토
2022-03-05,우이신설선,성신여대입구(돈암),2715,2968,5683,-253,3,5,토
2022-03-05,우이신설선,정릉,3176,2611,5787,565,3,5,토
2022-03-05,우이신설선,북한산보국문,4324,3933,8257,391,3,5,토
2022-03-05,우이신설선,솔샘,3306,3029,6335,277,3,5,토
2022-03-05,우이신설선,삼양사거리,1717,1739,3456,-22,3,5,토
2022-03-05,우이신설선,삼양,1449,1527,2976,-78,3,5,토
2022-03-05,우이신설선,화계,2224,2089,4313,135,3,5,토
2022-03-05,우이신설선,가오리,2632,2474,5106,158,3,5,토
2022-03-05,우이신설선,4.19민주묘지,2284,1929,4213,355,3,5,토
2022-03-05,수인선,남동인더스파크,953,929,1882,24,3,5,토
2022-03-05,수인선,호구포,2240,2168,4408,72,3,5,토
2022-03-05,수인선,인천논현,3778,4014,7792,-236,3,5,토
2022-03-05,수인선,소래포구,3772,3777,7549,-5,3,5,토
2022-03-05,수인선,월곶,1752,1705,3457,47,3,5,토
2022-03-05,수인선,달월,50,43,93,7,3,5,토
2022-03-05,수인선,사리,2872,2500,5372,372,3,5,토
2022-03-05,수인선,야목,185,163,348,22,3,5,토
2022-03-05,수인선,어천,517,497,1014,20,3,5,토
2022-03-05,수인선,오목천,1778,1596,3374,182,3,5,토
2022-03-05,수인선,고색,2785,2708,5493,77,3,5,토
2022-03-05,분당선,매교,1683,1854,3537,-171,3,5,토
2022-03-05,분당선,수원시청,9810,10480,20290,-670,3,5,토
2022-03-05,분당선,매탄권선,2938,2870,5808,68,3,5,토
2022-03-05,중앙선,운길산,829,823,1652,6,3,5,토
2022-03-05,중앙선,팔당,1047,1092,2139,-45,3,5,토
2022-03-05,중앙선,도심,1278,1117,2395,161,3,5,토
2022-03-05,중앙선,덕소,3710,3791,7501,-81,3,5,토
2022-03-05,중앙선,양정,448,392,840,56,3,5,토
2022-03-05,중앙선,도농,5758,5553,11311,205,3,5,토
2022-03-05,중앙선,구리,8390,8753,17143,-363,3,5,토
2022-03-05,중앙선,양원,1477,1444,2921,33,3,5,토
2022-03-05,중앙선,망우,5460,5361,10821,99,3,5,토
2022-03-05,1호선,서울역,23365,23142,46507,223,3,5,토
2022-03-05,1호선,시청,10598,10808,21406,-210,3,5,토
2022-03-05,1호선,종각,17526,16107,33633,1419,3,5,토
2022-03-05,일산선,삼송,12184,11955,24139,229,3,5,토
2022-03-05,1호선,종로3가,18166,17189,35355,977,3,5,토
2022-03-05,1호선,종로5가,15453,15249,30702,204,3,5,토
2022-03-05,1호선,동대문,8748,8162,16910,586,3,5,토
2022-03-05,1호선,신설동,8434,8023,16457,411,3,5,토
2022-03-05,1호선,제기동,12681,12896,25577,-215,3,5,토
2022-03-05,1호선,청량리(서울시립대입구),15308,15693,31001,-385,3,5,토
2022-03-05,1호선,동묘앞,9433,9989,19422,-556,3,5,토
2022-03-05,2호선,시청,7913,6721,14634,1192,3,5,토
2022-03-05,2호선,을지로입구,17601,17446,35047,155,3,5,토
2022-03-05,2호선,을지로3가,8770,8887,17657,-117,3,5,토
2022-03-05,2호선,을지로4가,6024,6081,12105,-57,3,5,토
2022-03-05,2호선,동대문역사문화공원(DDP),9048,9861,18909,-813,3,5,토
2022-03-05,2호선,신당,9545,9787,19332,-242,3,5,토
2022-03-05,2호선,상왕십리,8593,8345,16938,248,3,5,토
2022-03-05,2호선,왕십리(성동구청),11558,10202,21760,1356,3,5,토
2022-03-05,2호선,한양대,4931,5117,10048,-186,3,5,토
2022-03-05,2호선,뚝섬,11426,11783,23209,-357,3,5,토
2022-03-05,2호선,성수,17261,19034,36295,-1773,3,5,토
2022-03-05,2호선,건대입구,31139,32776,63915,-1637,3,5,토
2022-03-05,2호선,구의(광진구청),14297,14019,28316,278,3,5,토
2022-03-05,2호선,강변(동서울터미널),20720,20383,41103,337,3,5,토
2022-03-05,2호선,잠실나루,6145,6052,12197,93,3,5,토
2022-03-05,2호선,잠실(송파구청),51503,49476,100979,2027,3,5,토
2022-03-05,2호선,잠실새내,14419,14841,29260,-422,3,5,토
2022-03-05,2호선,종합운동장,4744,5254,9998,-510,3,5,토
2022-03-05,2호선,삼성(무역센터),25122,24691,49813,431,3,5,토
2022-03-05,2호선,선릉,20725,18423,39148,2302,3,5,토
2022-03-05,2호선,역삼,15931,17468,33399,-1537,3,5,토
2022-03-05,2호선,강남,53278,52967,106245,311,3,5,토
2022-03-05,2호선,교대(법원.검찰청),14984,16620,31604,-1636,3,5,토
2022-03-05,2호선,서초,9055,7599,16654,1456,3,5,토
2022-03-05,2호선,방배,8707,9073,17780,-366,3,5,토
2022-03-05,2호선,사당,25401,27849,53250,-2448,3,5,토
2022-03-05,2호선,낙성대(강감찬),18909,17648,36557,1261,3,5,토
2022-03-05,2호선,서울대입구(관악구청),33688,32888,66576,800,3,5,토
2022-03-05,2호선,봉천,15355,14191,29546,1164,3,5,토
2022-03-05,2호선,신림,44359,43111,87470,1248,3,5,토
2022-03-05,2호선,신대방,17620,17091,34711,529,3,5,토
2022-03-05,2호선,구로디지털단지,29229,28783,58012,446,3,5,토
2022-03-05,2호선,대림(구로구청),15267,16343,31610,-1076,3,5,토
2022-03-05,2호선,신도림,33830,34886,68716,-1056,3,5,토
2022-03-05,2호선,문래,11028,11839,22867,-811,3,5,토
2022-03-05,2호선,영등포구청,11593,11764,23357,-171,3,5,토
2022-03-05,2호선,당산,10065,11050,21115,-985,3,5,토
2022-03-05,2호선,합정,24087,26079,50166,-1992,3,5,토
2022-03-05,2호선,홍대입구,53670,57034,110704,-3364,3,5,토
2022-03-05,2호선,신촌,27365,27121,54486,244,3,5,토
2022-03-05,2호선,이대,9201,9531,18732,-330,3,5,토
2022-03-05,2호선,아현,6510,5935,12445,575,3,5,토
2022-03-05,2호선,충정로(경기대입구),5059,5466,10525,-407,3,5,토
2022-03-05,2호선,용답,1924,1862,3786,62,3,5,토
2022-03-05,2호선,신답,865,950,1815,-85,3,5,토
2022-03-05,2호선,신설동,3138,3104,6242,34,3,5,토
2022-03-05,2호선,도림천,756,762,1518,-6,3,5,토
2022-03-05,2호선,양천구청,3939,3981,7920,-42,3,5,토
2022-03-05,2호선,신정네거리,6246,6243,12489,3,3,5,토
2022-03-05,2호선,용두(동대문구청),1580,1537,3117,43,3,5,토
2022-03-05,3호선,지축,2609,2397,5006,212,3,5,토
2022-03-05,3호선,구파발,13234,13345,26579,-111,3,5,토
2022-03-05,3호선,연신내,25685,24267,49952,1418,3,5,토
2022-03-05,3호선,불광,11269,12748,24017,-1479,3,5,토
2022-03-05,3호선,녹번,8952,7865,16817,1087,3,5,토
2022-03-05,3호선,홍제,11134,10680,21814,454,3,5,토
2022-03-05,3호선,무악재,2422,2504,4926,-82,3,5,토
2022-03-05,3호선,독립문,5169,5560,10729,-391,3,5,토
2022-03-05,3호선,경복궁(정부서울청사),13389,13854,27243,-465,3,5,토
2022-03-05,3호선,안국,12650,13622,26272,-972,3,5,토
2022-03-05,3호선,종로3가,5137,6655,11792,-1518,3,5,토
2022-03-05,3호선,을지로3가,4229,4466,8695,-237,3,5,토
2022-03-05,3호선,동대입구,4780,5415,10195,-635,3,5,토
2022-03-05,3호선,약수,7870,7367,15237,503,3,5,토
2022-03-05,3호선,금호,4889,4609,9498,280,3,5,토
2022-03-05,3호선,옥수,5694,5872,11566,-178,3,5,토
2022-03-05,3호선,압구정,21519,22578,44097,-1059,3,5,토
2022-03-05,3호선,신사,22898,23606,46504,-708,3,5,토
2022-03-05,3호선,잠원,2832,2785,5617,47,3,5,토
2022-03-05,3호선,고속터미널,37456,36942,74398,514,3,5,토
2022-03-05,3호선,교대(법원.검찰청),5873,3623,9496,2250,3,5,토
2022-03-05,3호선,남부터미널(예술의전당),17017,17000,34017,17,3,5,토
2022-03-05,3호선,양재(서초구청),17719,19040,36759,-1321,3,5,토
2022-03-05,3호선,매봉,5096,4945,10041,151,3,5,토
2022-03-05,3호선,도곡,2857,2876,5733,-19,3,5,토
2022-03-05,3호선,대치,8320,7563,15883,757,3,5,토
2022-03-05,3호선,학여울,2835,3131,5966,-296,3,5,토
2022-03-05,3호선,대청,5114,4760,9874,354,3,5,토
2022-03-05,3호선,일원,4427,4327,8754,100,3,5,토
2022-03-05,3호선,수서,10891,11139,22030,-248,3,5,토
2022-03-05,3호선,가락시장,5047,4727,9774,320,3,5,토
2022-03-05,3호선,경찰병원,3447,3433,6880,14,3,5,토
2022-03-05,3호선,오금,3236,3132,6368,104,3,5,토
2022-03-05,4호선,당고개,8515,8119,16634,396,3,5,토
2022-03-05,4호선,상계,11987,11262,23249,725,3,5,토
2022-03-05,4호선,노원,14181,15802,29983,-1621,3,5,토
2022-03-05,4호선,창동,18046,18828,36874,-782,3,5,토
2022-03-05,4호선,쌍문,18663,16892,35555,1771,3,5,토
2022-03-05,4호선,수유(강북구청),24074,23554,47628,520,3,5,토
2022-03-05,4호선,미아(서울사이버대학),9704,9177,18881,527,3,5,토
2022-03-05,4호선,미아사거리,19249,18624,37873,625,3,5,토
2022-03-05,4호선,길음,12325,12000,24325,325,3,5,토
2022-03-05,4호선,성신여대입구(돈암),14596,13834,28430,762,3,5,토
2022-03-05,4호선,한성대입구(삼선교),8990,8989,17979,1,3,5,토
2022-03-05,4호선,혜화,22100,22529,44629,-429,3,5,토
2022-03-05,4호선,동대문,10613,10696,21309,-83,3,5,토
2022-03-05,4호선,동대문역사문화공원(DDP),9634,8479,18113,1155,3,5,토
2022-03-05,4호선,충무로,11154,11458,22612,-304,3,5,토
2022-03-05,4호선,명동,10895,12542,23437,-1647,3,5,토
2022-03-05,4호선,회현(남대문시장),14173,15234,29407,-1061,3,5,토
2022-03-05,4호선,서울역,4586,8949,13535,-4363,3,5,토
2022-03-05,4호선,숙대입구(갈월),8281,7932,16213,349,3,5,토
2022-03-05,4호선,삼각지,2782,3726,6508,-944,3,5,토
2022-03-05,4호선,신용산,8753,9212,17965,-459,3,5,토
2022-03-05,4호선,이촌(국립중앙박물관),5539,6135,11674,-596,3,5,토
2022-03-05,4호선,동작(현충원),1064,1326,2390,-262,3,5,토
2022-03-05,4호선,총신대입구(이수),12192,13154,25346,-962,3,5,토
2022-03-05,4호선,사당,17153,14734,31887,2419,3,5,토
2022-03-05,4호선,남태령,920,727,1647,193,3,5,토
2022-03-05,5호선,방화,4141,3996,8137,145,3,5,토
2022-03-05,5호선,개화산,3240,3265,6505,-25,3,5,토
2022-03-05,5호선,김포공항,6269,6379,12648,-110,3,5,토
2022-03-05,5호선,송정,4461,4270,8731,191,3,5,토
2022-03-05,5호선,마곡,5001,4994,9995,7,3,5,토
2022-03-05,5호선,발산,11973,12513,24486,-540,3,5,토
2022-03-05,5호선,우장산,8512,8442,16954,70,3,5,토
2022-03-05,5호선,화곡,17903,16544,34447,1359,3,5,토
2022-03-05,5호선,까치산,18445,18025,36470,420,3,5,토
2022-03-05,5호선,신정(은행정),8018,7050,15068,968,3,5,토
2022-03-05,5호선,목동,9575,9714,19289,-139,3,5,토
2022-03-05,5호선,오목교(목동운동장앞),14324,14671,28995,-347,3,5,토
2022-03-05,5호선,양평,3241,3116,6357,125,3,5,토
2022-03-05,5호선,영등포구청,1683,1616,3299,67,3,5,토
2022-03-05,5호선,영등포시장,7165,7571,14736,-406,3,5,토
2022-03-05,5호선,신길,2313,2406,4719,-93,3,5,토
2022-03-05,5호선,여의도,11186,11040,22226,146,3,5,토
2022-03-05,5호선,여의나루,6446,8417,14863,-1971,3,5,토
2022-03-05,5호선,마포,6327,6429,12756,-102,3,5,토
2022-03-05,5호선,공덕,5928,6158,12086,-230,3,5,토
2022-03-05,5호선,애오개,3106,3126,6232,-20,3,5,토
2022-03-05,5호선,충정로(경기대입구),1695,1606,3301,89,3,5,토
2022-03-05,5호선,서대문,6165,6050,12215,115,3,5,토
2022-03-05,5호선,광화문(세종문화회관),16403,16833,33236,-430,3,5,토
2022-03-05,5호선,종로3가,10547,10406,20953,141,3,5,토
2022-03-05,5호선,을지로4가,2910,3070,5980,-160,3,5,토
2022-03-05,5호선,동대문역사문화공원(DDP),897,1164,2061,-267,3,5,토
2022-03-05,5호선,청구,2208,2071,4279,137,3,5,토
2022-03-05,5호선,신금호,3729,3836,7565,-107,3,5,토
2022-03-05,5호선,행당,4470,4048,8518,422,3,5,토
2022-03-05,5호선,왕십리(성동구청),3165,3730,6895,-565,3,5,토
2022-03-05,5호선,마장,3505,3355,6860,150,3,5,토
2022-03-05,5호선,답십리,9153,8407,17560,746,3,5,토
2022-03-05,5호선,장한평,9700,9738,19438,-38,3,5,토
2022-03-05,5호선,군자(능동),7662,8505,16167,-843,3,5,토
2022-03-05,5호선,아차산(어린이대공원후문),13420,13157,26577,263,3,5,토
2022-03-05,5호선,광나루(장신대),8569,8107,16676,462,3,5,토
2022-03-05,5호선,천호(풍납토성),14794,13949,28743,845,3,5,토
2022-03-05,5호선,강동,11203,10818,22021,385,3,5,토
2022-03-05,5호선,길동,5280,5516,10796,-236,3,5,토
2022-03-05,5호선,굽은다리(강동구민회관앞),6227,5782,12009,445,3,5,토
2022-03-05,5호선,명일,5457,5346,10803,111,3,5,토
2022-03-05,5호선,고덕,5527,5540,11067,-13,3,5,토
2022-03-05,5호선,상일동,7932,7508,15440,424,3,5,토
2022-03-05,5호선,둔촌동,5434,5401,10835,33,3,5,토
2022-03-05,5호선,올림픽공원(한국체대),2506,2234,4740,272,3,5,토
2022-03-05,5호선,방이,4899,4783,9682,116,3,5,토
2022-03-05,5호선,오금,2142,2084,4226,58,3,5,토
2022-03-05,5호선,개롱,3866,4045,7911,-179,3,5,토
2022-03-05,5호선,거여,5414,5243,10657,171,3,5,토
2022-03-05,5호선,마천,4160,4321,8481,-161,3,5,토
2022-03-05,5호선,강일,2327,2248,4575,79,3,5,토
2022-03-05,5호선,미사,10149,9920,20069,229,3,5,토
2022-03-05,5호선,하남풍산,2446,2500,4946,-54,3,5,토
2022-03-05,5호선,하남시청(덕풍·신장),4642,4554,9196,88,3,5,토
2022-03-05,5호선,하남검단산,4377,4453,8830,-76,3,5,토
2022-03-05,6호선,응암,11153,10931,22084,222,3,5,토
2022-03-05,6호선,역촌,2353,2740,5093,-387,3,5,토
2022-03-05,6호선,불광,3384,3055,6439,329,3,5,토
2022-03-05,6호선,독바위,1744,2182,3926,-438,3,5,토
2022-03-05,6호선,구산,4769,3703,8472,1066,3,5,토
2022-03-05,6호선,새절(신사),7496,7142,14638,354,3,5,토
2022-03-05,7호선,하계,10732,9932,20664,800,3,5,토
2022-03-05,7호선,공릉(서울과학기술대),8374,8250,16624,124,3,5,토
2022-03-05,7호선,태릉입구,5744,5300,11044,444,3,5,토
2022-03-05,7호선,먹골,7499,7356,14855,143,3,5,토
2022-03-05,7호선,중화,7348,6996,14344,352,3,5,토
2022-03-05,7호선,상봉(시외버스터미널),11344,10899,22243,445,3,5,토
2022-03-05,7호선,면목,10050,9638,19688,412,3,5,토
2022-03-05,7호선,사가정,10715,10543,21258,172,3,5,토
2022-03-05,7호선,용마산(용마폭포공원),4020,4199,8219,-179,3,5,토
2022-03-05,7호선,중곡,6082,5815,11897,267,3,5,토
2022-03-05,7호선,군자(능동),9649,7378,17027,2271,3,5,토
2022-03-05,7호선,어린이대공원(세종대),10047,9727,19774,320,3,5,토
2022-03-05,7호선,건대입구,9952,9886,19838,66,3,5,토
2022-03-05,7호선,뚝섬유원지,5830,5507,11337,323,3,5,토
2022-03-05,7호선,청담,9991,10667,20658,-676,3,5,토
2022-03-05,7호선,강남구청,8679,9316,17995,-637,3,5,토
2022-03-05,7호선,학동,9130,9519,18649,-389,3,5,토
2022-03-05,7호선,논현,9604,10643,20247,-1039,3,5,토
2022-03-05,7호선,반포,3780,3624,7404,156,3,5,토
2022-03-05,7호선,고속터미널,11086,8794,19880,2292,3,5,토
2022-03-05,7호선,내방,7101,6968,14069,133,3,5,토
2022-03-05,7호선,이수,10679,9856,20535,823,3,5,토
2022-03-05,7호선,남성,6740,6306,13046,434,3,5,토
2022-03-05,7호선,숭실대입구(살피재),7749,7733,15482,16,3,5,토
2022-03-05,7호선,상도,6625,6262,12887,363,3,5,토
2022-03-05,7호선,장승배기,6003,5689,11692,314,3,5,토
2022-03-05,7호선,신대방삼거리,10187,9515,19702,672,3,5,토
2022-03-05,7호선,보라매,5623,5457,11080,166,3,5,토
2022-03-05,7호선,신풍,6850,6608,13458,242,3,5,토
2022-03-05,7호선,대림(구로구청),6176,6542,12718,-366,3,5,토
2022-03-05,7호선,남구로,7339,7552,14891,-213,3,5,토
2022-03-05,7호선,가산디지털단지,12445,11410,23855,1035,3,5,토
2022-03-06,경춘선,김유정,346,342,688,4,3,6,일
2022-03-06,경춘선,강촌,440,389,829,51,3,6,일
2022-03-06,경춘선,백양리,176,135,311,41,3,6,일
2022-03-06,경춘선,굴봉산,158,119,277,39,3,6,일
2022-03-06,경춘선,가평,1095,894,1989,201,3,6,일
2022-03-06,경춘선,청평,1150,969,2119,181,3,6,일
2022-03-06,경춘선,대성리,404,301,705,103,3,6,일
2022-03-06,경춘선,마석,1972,1897,3869,75,3,6,일
2022-03-06,경춘선,천마산,847,833,1680,14,3,6,일
2022-03-06,경춘선,평내호평,2737,2508,5245,229,3,6,일
2022-03-06,경춘선,금곡,702,701,1403,1,3,6,일
2022-03-06,경춘선,사릉,1351,1308,2659,43,3,6,일
2022-03-06,경춘선,퇴계원,1713,1551,3264,162,3,6,일
2022-03-06,경춘선,별내,1569,1396,2965,173,3,6,일
2022-03-06,경춘선,갈매,1232,1015,2247,217,3,6,일
2022-03-06,경춘선,신내,906,784,1690,122,3,6,일
2022-03-06,경인선,도화,1950,1861,3811,89,3,6,일
2022-03-06,경인선,중동,4106,3895,8001,211,3,6,일
2022-03-06,경인선,온수(성공회대입구),3126,3007,6133,119,3,6,일
2022-03-06,경인선,도원,1406,1310,2716,96,3,6,일
2022-03-06,경인선,간석,2605,2481,5086,124,3,6,일
2022-03-06,경인선,부개,3899,3682,7581,217,3,6,일
2022-03-06,경인선,소사,4622,4363,8985,259,3,6,일
2022-03-06,경인선,구일,2589,2588,5177,1,3,6,일
2022-03-06,경인선,인천,2741,2221,4962,520,3,6,일
2022-03-06,경인선,동인천,7697,7338,15035,359,3,6,일
2022-03-06,경인선,제물포,4529,4387,8916,142,3,6,일
2022-03-06,경인선,주안,9704,8494,18198,1210,3,6,일
2022-03-06,경인선,동암,7907,7752,15659,155,3,6,일
2022-03-06,경인선,백운,3067,3033,6100,34,3,6,일
2022-03-06,경인선,부평,17914,18047,35961,-133,3,6,일
2022-03-06,경인선,송내,10839,10325,21164,514,3,6,일
2022-03-06,경인선,부천,19215,18623,37838,592,3,6,일
2022-03-06,경인선,역곡,12124,11996,24120,128,3,6,일
2022-03-06,경인선,오류동,6009,5632,11641,377,3,6,일
2022-03-06,경인선,개봉,9384,9505,18889,-121,3,6,일
2022-03-06,경의선,검암,1,0,1,1,3,6,일
2022-03-06,경의선,임진강,29,28,57,1,3,6,일
2022-03-06,경의선,문산,2648,2708,5356,-60,3,6,일
2022-03-06,경의선,파주,502,452,954,50,3,6,일
2022-03-06,경의선,월롱,761,1588,2349,-827,3,6,일
2022-03-06,경의선,금촌,3703,3920,7623,-217,3,6,일
2022-03-06,경의선,금릉,2220,2208,4428,12,3,6,일
2022-03-06,경의선,운정,2905,2767,5672,138,3,6,일
2022-03-06,경의선,야당,4024,3737,7761,287,3,6,일
2022-03-06,경의선,탄현,3335,3047,6382,288,3,6,일
2022-03-06,경의선,일산,3944,3537,7481,407,3,6,일
2022-03-06,경의선,풍산,2815,2561,5376,254,3,6,일
2022-03-06,경의선,백마,2765,2584,5349,181,3,6,일
2022-03-06,경의선,곡산,255,260,515,-5,3,6,일
2022-03-06,경의선,능곡,1775,1767,3542,8,3,6,일
2022-03-06,경의선,행신,3546,3287,6833,259,3,6,일
2022-03-06,경의선,강매,1224,1056,2280,168,3,6,일
2022-03-06,경의선,화전,659,771,1430,-112,3,6,일
2022-03-06,경의선,수색,725,772,1497,-47,3,6,일
2022-03-06,경의선,디지털미디어시티,1079,1022,2101,57,3,6,일
2022-03-06,경의선,가좌,2262,2209,4471,53,3,6,일
2022-03-06,경의선,홍대입구,1293,1342,2635,-49,3,6,일
2022-03-06,경의선,서강대,1075,1098,2173,-23,3,6,일
2022-03-06,경의선,공덕,1425,1070,2495,355,3,6,일
2022-03-06,경의선,효창공원앞,1122,1257,2379,-135,3,6,일
2022-03-06,경의선,신촌,198,239,437,-41,3,6,일
2022-03-06,경의선,서울역,775,773,1548,2,3,6,일
2022-03-06,경원선,소요산,2935,2462,5397,473,3,6,일
2022-03-06,경원선,동두천,1135,1434,2569,-299,3,6,일
2022-03-06,경원선,보산,1037,1109,2146,-72,3,6,일
2022-03-06,경원선,동두천중앙,1680,1555,3235,125,3,6,일
2022-03-06,경원선,지행,3870,3772,7642,98,3,6,일
2022-03-06,경원선,덕정,2776,2935,5711,-159,3,6,일
2022-03-06,경원선,덕계,1497,1414,2911,83,3,6,일
2022-03-06,경원선,양주,4072,4039,8111,33,3,6,일
2022-03-06,경원선,녹양,2206,2124,4330,82,3,6,일
2022-03-06,경원선,가능,3233,3049,6282,184,3,6,일
2022-03-06,경원선,의정부,11960,11956,23916,4,3,6,일
2022-03-06,경원선,회룡,6319,6261,12580,58,3,6,일
2022-03-06,경원선,망월사,3802,3898,7700,-96,3,6,일
2022-03-06,경원선,도봉산,8483,6026,14509,2457,3,6,일
2022-03-06,경원선,도봉,3044,2850,5894,194,3,6,일
2022-03-06,경원선,방학,5164,4980,10144,184,3,6,일
2022-03-06,경원선,녹천,2210,1862,4072,348,3,6,일
2022-03-06,경원선,월계,3262,3026,6288,236,3,6,일
2022-03-06,경원선,광운대,3546,3832,7378,-286,3,6,일
2022-03-06,경원선,석계,4269,4450,8719,-181,3,6,일
2022-03-06,경원선,신이문,3970,3703,7673,267,3,6,일
2022-03-06,경원선,외대앞,4328,4357,8685,-29,3,6,일
2022-03-06,경원선,청량리(서울시립대입구),11130,10422,21552,708,3,6,일
2022-03-06,경원선,왕십리(성동구청),8529,9388,17917,-859,3,6,일
2022-03-06,경원선,응봉,909,844,1753,65,3,6,일
2022-03-06,경원선,옥수,46,17,63,29,3,6,일
2022-03-06,경원선,한남,1596,1624,3220,-28,3,6,일
2022-03-06,경원선,서빙고,1149,1205,2354,-56,3,6,일
2022-03-06,경원선,이촌(국립중앙박물관),1816,1410,3226,406,3,6,일
2022-03-06,경부선,광명,1852,1486,3338,366,3,6,일
2022-03-06,경부선,서동탄,570,557,1127,13,3,6,일
2022-03-06,경부선,당정,2420,2396,4816,24,3,6,일
2022-03-06,경부선,천안,4711,4970,9681,-259,3,6,일
2022-03-06,경부선,두정,3466,4634,8100,-1168,3,6,일
2022-03-06,경부선,직산,401,511,912,-110,3,6,일
2022-03-06,경부선,성환,1928,2547,4475,-619,3,6,일
2022-03-06,경부선,평택,8779,9442,18221,-663,3,6,일
2022-03-06,경부선,평택지제,2172,1884,4056,288,3,6,일
2022-03-06,경부선,서정리,3591,5137,8728,-1546,3,6,일
2022-03-06,경부선,송탄,2846,3318,6164,-472,3,6,일
2022-03-06,경부선,진위,679,731,1410,-52,3,6,일
2022-03-06,경부선,오산,6016,6407,12423,-391,3,6,일
2022-03-06,경부선,오산대,1733,1657,3390,76,3,6,일
2022-03-06,경부선,세마,1437,1325,2762,112,3,6,일
2022-03-06,경부선,병점,7434,7957,15391,-523,3,6,일
2022-03-06,경부선,세류,1570,1564,3134,6,3,6,일
2022-03-06,경부선,독산,5126,5107,10233,19,3,6,일
2022-03-06,경부선,수원,26451,25349,51800,1102,3,6,일
2022-03-06,경부선,화서,3359,3137,6496,222,3,6,일
2022-03-06,경부선,성균관대,6322,7008,13330,-686,3,6,일
2022-03-06,경부선,의왕,3485,3551,7036,-66,3,6,일
2022-03-06,경부선,군포,2523,2390,4913,133,3,6,일
2022-03-06,경부선,금정,11144,11574,22718,-430,3,6,일
2022-03-06,경부선,명학,2797,2705,5502,92,3,6,일
2022-03-06,경부선,안양,10807,10175,20982,632,3,6,일
2022-03-06,경부선,관악,4187,3845,8032,342,3,6,일
2022-03-06,경부선,석수,4100,4006,8106,94,3,6,일
2022-03-06,경부선,금천구청,5105,4983,10088,122,3,6,일
2022-03-06,경부선,가산디지털단지,3753,5128,8881,-1375,3,6,일
2022-03-06,경부선,구로,7680,7862,15542,-182,3,6,일
2022-03-06,경부선,신길,3818,3347,7165,471,3,6,일
2022-03-06,경부선,신도림,1997,1850,3847,147,3,6,일
2022-03-06,경부선,영등포,26699,25848,52547,851,3,6,일
2022-03-06,경부선,대방,4874,5233,10107,-359,3,6,일
2022-03-06,경부선,노량진,4514,4342,8856,172,3,6,일
2022-03-06,경부선,용산,24478,23008,47486,1470,3,6,일
2022-03-06,경부선,남영,3545,3819,7364,-274,3,6,일
2022-03-06,경부선,서울역,5130,1271,6401,3859,3,6,일
2022-03-06,경강선,여주,1564,1463,3027,101,3,6,일
2022-03-06,경강선,세종대왕릉,216,205,421,11,3,6,일
2022-03-06,경강선,부발,1141,1740,2881,-599,3,6,일
2022-03-06,경강선,이천,1540,1755,3295,-215,3,6,일
2022-03-06,경강선,신둔도예촌,694,726,1420,-32,3,6,일
2022-03-06,경강선,곤지암,1141,1305,2446,-164,3,6,일
2022-03-06,경강선,초월,1299,1259,2558,40,3,6,일
2022-03-06,중앙선,망우,4210,4113,8323,97,3,6,일
2022-03-06,중앙선,양원,1034,1122,2156,-88,3,6,일
2022-03-06,중앙선,구리,6012,6201,12213,-189,3,6,일
2022-03-06,중앙선,도농,3938,3827,7765,111,3,6,일
2022-03-06,중앙선,양정,331,267,598,64,3,6,일
2022-03-06,중앙선,덕소,2749,2686,5435,63,3,6,일
2022-03-06,중앙선,도심,966,852,1818,114,3,6,일
2022-03-06,중앙선,팔당,1080,1132,2212,-52,3,6,일
2022-03-06,중앙선,운길산,900,789,1689,111,3,6,일
2022-03-06,중앙선,양수,1417,1195,2612,222,3,6,일
2022-03-06,중앙선,신원,238,176,414,62,3,6,일
2022-03-06,중앙선,국수,423,420,843,3,3,6,일
2022-03-06,중앙선,아신,412,381,793,31,3,6,일
2022-03-06,중앙선,오빈,170,148,318,22,3,6,일
2022-03-06,중앙선,양평,1580,1496,3076,84,3,6,일
2022-03-06,중앙선,원덕,302,205,507,97,3,6,일
2022-03-06,중앙선,용문,1304,1089,2393,215,3,6,일
2022-03-06,중앙선,지평,43,34,77,9,3,6,일
2022-03-06,공항철도 1호선,계양,4309,4019,8328,290,3,6,일
2022-03-06,공항철도 1호선,김포공항,9845,4905,14750,4940,3,6,일
2022-03-06,경강선,경기광주,3142,3082,6224,60,3,6,일
2022-03-06,경강선,삼동,891,881,1772,10,3,6,일
2022-03-06,경강선,이매,539,438,977,101,3,6,일
2022-03-06,경강선,판교,2000,1866,3866,134,3,6,일
2022-03-06,9호선2~3단계,중앙보훈병원,2693,2635,5328,58,3,6,일
2022-03-06,9호선2~3단계,둔촌오륜,362,389,751,-27,3,6,일
2022-03-06,9호선2~3단계,올림픽공원(한국체대),4141,4173,8314,-32,3,6,일
2022-03-06,9호선2~3단계,한성백제,1133,984,2117,149,3,6,일
2022-03-06,9호선2~3단계,송파나루,2598,2801,5399,-203,3,6,일
2022-03-06,9호선2~3단계,석촌,3775,3252,7027,523,3,6,일
2022-03-06,9호선2~3단계,석촌고분,2677,2636,5313,41,3,6,일
2022-03-06,9호선2~3단계,삼전,3098,3059,6157,39,3,6,일
2022-03-06,9호선2~3단계,종합운동장,1732,1611,3343,121,3,6,일
2022-03-06,9호선2~3단계,봉은사,6493,6548,13041,-55,3,6,일
2022-03-06,9호선2~3단계,삼성중앙,1652,1844,3496,-192,3,6,일
2022-03-06,9호선2~3단계,선정릉,2493,2700,5193,-207,3,6,일
2022-03-06,9호선2~3단계,언주,3117,3184,6301,-67,3,6,일
2022-03-06,9호선,신논현,13038,12416,25454,622,3,6,일
2022-03-06,9호선,사평,1329,1415,2744,-86,3,6,일
2022-03-06,9호선,고속터미널,7497,10661,18158,-3164,3,6,일
2022-03-06,9호선,신반포,1440,1568,3008,-128,3,6,일
2022-03-06,9호선,구반포,406,392,798,14,3,6,일
2022-03-06,9호선,동작(현충원),1840,1281,3121,559,3,6,일
2022-03-06,9호선,흑석(중앙대입구),3446,3669,7115,-223,3,6,일
2022-03-06,9호선,노들,2285,2064,4349,221,3,6,일
2022-03-06,9호선,노량진,12231,12746,24977,-515,3,6,일
2022-03-06,9호선,샛강,1401,1454,2855,-53,3,6,일
2022-03-06,9호선,여의도,8347,7483,15830,864,3,6,일
2022-03-06,9호선,국회의사당,4375,4088,8463,287,3,6,일
2022-03-06,9호선,당산,7379,7113,14492,266,3,6,일
2022-03-06,9호선,선유도,2304,2264,4568,40,3,6,일
2022-03-06,9호선,신목동,1504,1325,2829,179,3,6,일
2022-03-06,9호선,염창,7058,6911,13969,147,3,6,일
2022-03-06,9호선,등촌,4289,4277,8566,12,3,6,일
2022-03-06,9호선,증미,2405,2530,4935,-125,3,6,일
2022-03-06,9호선,가양,8382,8286,16668,96,3,6,일
2022-03-06,9호선,양천향교,3496,3572,7068,-76,3,6,일
2022-03-06,9호선,마곡나루(서울식물원),4691,4722,9413,-31,3,6,일
2022-03-06,9호선,신방화,2907,2902,5809,5,3,6,일
2022-03-06,9호선,공항시장,1521,1622,3143,-101,3,6,일
2022-03-06,9호선,김포공항,5826,8775,14601,-2949,3,6,일
2022-03-06,9호선,개화,826,821,1647,5,3,6,일
2022-03-06,8호선,남위례,1643,1796,3439,-153,3,6,일
2022-03-06,8호선,모란,2213,1824,4037,389,3,6,일
2022-03-06,8호선,수진,2636,2292,4928,344,3,6,일
2022-03-06,8호선,신흥,2233,2399,4632,-166,3,6,일
2022-03-06,8호선,단대오거리,4466,4606,9072,-140,3,6,일
2022-03-06,8호선,남한산성입구(성남법원.검찰청),5602,5269,10871,333,3,6,일
2022-03-06,8호선,산성,2602,2660,5262,-58,3,6,일
2022-03-06,8호선,복정,3813,3552,7365,261,3,6,일
2022-03-06,8호선,장지,7415,7761,15176,-346,3,6,일
2022-03-06,8호선,문정,4489,4689,9178,-200,3,6,일
2022-03-06,8호선,가락시장,2655,3375,6030,-720,3,6,일
2022-03-06,8호선,송파,2888,3004,5892,-116,3,6,일
2022-03-06,8호선,석촌,3460,4307,7767,-847,3,6,일
2022-03-06,8호선,잠실(송파구청),8233,8988,17221,-755,3,6,일
2022-03-06,8호선,몽촌토성(평화의문),2830,2725,5555,105,3,6,일
2022-03-06,8호선,강동구청,3782,3939,7721,-157,3,6,일
2022-03-06,8호선,천호(풍납토성),7586,8744,16330,-1158,3,6,일
2022-03-06,8호선,암사,7377,6966,14343,411,3,6,일
2022-03-06,7호선,부평구청,1,0,1,1,3,6,일
2022-03-06,7호선,상동,1,0,1,1,3,6,일
2022-03-06,7호선,부천시청,1,0,1,1,3,6,일
2022-03-06,7호선,부천종합운동장,1,0,1,1,3,6,일
2022-03-06,7호선,온수(성공회대입구),3255,3289,6544,-34,3,6,일
2022-03-06,7호선,천왕,4014,3847,7861,167,3,6,일
2022-03-06,7호선,광명사거리,10532,10366,20898,166,3,6,일
2022-03-06,7호선,철산,8378,8368,16746,10,3,6,일
2022-03-06,7호선,가산디지털단지,8552,7911,16463,641,3,6,일
2022-03-06,7호선,남구로,5434,5303,10737,131,3,6,일
2022-03-06,7호선,대림(구로구청),5529,5173,10702,356,3,6,일
2022-03-06,7호선,신풍,5177,4910,10087,267,3,6,일
2022-03-06,7호선,보라매,3601,3646,7247,-45,3,6,일
2022-03-06,7호선,신대방삼거리,6748,6756,13504,-8,3,6,일
2022-03-06,7호선,장승배기,3832,3823,7655,9,3,6,일
2022-03-06,7호선,상도,4789,4764,9553,25,3,6,일
2022-03-06,7호선,숭실대입구(살피재),4832,5302,10134,-470,3,6,일
2022-03-06,7호선,남성,4533,4436,8969,97,3,6,일
2022-03-06,7호선,이수,6967,6547,13514,420,3,6,일
2022-03-06,7호선,내방,4376,4690,9066,-314,3,6,일
2022-03-06,7호선,고속터미널,8976,6248,15224,2728,3,6,일
2022-03-06,7호선,반포,2514,2570,5084,-56,3,6,일
2022-03-06,7호선,논현,5180,5602,10782,-422,3,6,일
2022-03-06,7호선,학동,5243,5669,10912,-426,3,6,일
2022-03-06,7호선,강남구청,4756,5137,9893,-381,3,6,일
2022-03-06,7호선,청담,5643,6088,11731,-445,3,6,일
2022-03-06,7호선,뚝섬유원지,4829,4673,9502,156,3,6,일
2022-03-06,7호선,건대입구,6620,7098,13718,-478,3,6,일
2022-03-06,7호선,어린이대공원(세종대),6953,6964,13917,-11,3,6,일
2022-03-06,7호선,군자(능동),6489,4987,11476,1502,3,6,일
2022-03-06,7호선,중곡,4386,4295,8681,91,3,6,일
2022-03-06,7호선,용마산(용마폭포공원),2756,3070,5826,-314,3,6,일
2022-03-06,7호선,사가정,7593,7215,14808,378,3,6,일
2022-03-06,7호선,면목,6780,6576,13356,204,3,6,일
2022-03-06,7호선,상봉(시외버스터미널),7909,7296,15205,613,3,6,일
2022-03-06,7호선,중화,4652,4602,9254,50,3,6,일
2022-03-06,7호선,먹골,4649,4599,9248,50,3,6,일
2022-03-06,7호선,태릉입구,4105,3905,8010,200,3,6,일
2022-03-06,7호선,공릉(서울과학기술대),5660,5927,11587,-267,3,6,일
2022-03-06,7호선,하계,7511,7214,14725,297,3,6,일
2022-03-06,7호선,중계,5397,5146,10543,251,3,6,일
2022-03-06,7호선,노원,9616,9320,18936,296,3,6,일
2022-03-06,7호선,마들,5158,4761,9919,397,3,6,일
2022-03-06,7호선,수락산,6904,6810,13714,94,3,6,일
2022-03-06,7호선,도봉산,4699,7115,11814,-2416,3,6,일
2022-03-06,7호선,장암,1101,714,1815,387,3,6,일
2022-03-06,6호선,신내,1,0,1,1,3,6,일
2022-03-06,6호선,봉화산(서울의료원),3294,3297,6591,-3,3,6,일
2022-03-06,6호선,화랑대(서울여대입구),4350,3771,8121,579,3,6,일
2022-03-06,6호선,태릉입구,2596,2804,5400,-208,3,6,일
2022-03-06,6호선,석계,5669,5868,11537,-199,3,6,일
2022-03-06,6호선,돌곶이,4585,4366,8951,219,3,6,일
2022-03-06,6호선,상월곡(한국과학기술연구원),2744,2510,5254,234,3,6,일
2022-03-06,6호선,월곡(동덕여대),4869,4751,9620,118,3,6,일
2022-03-06,6호선,고려대(종암),3392,3459,6851,-67,3,6,일
2022-03-06,6호선,안암(고대병원앞),4893,5237,10130,-344,3,6,일
2022-03-06,6호선,보문,3306,3136,6442,170,3,6,일
2022-03-06,6호선,창신,1373,1278,2651,95,3,6,일
2022-03-06,6호선,동묘앞,5341,5144,10485,197,3,6,일
2022-03-06,6호선,신당,3092,3578,6670,-486,3,6,일
2022-03-06,6호선,청구,1398,1381,2779,17,3,6,일
2022-03-06,6호선,약수,1448,1472,2920,-24,3,6,일
2022-03-06,6호선,버티고개,869,949,1818,-80,3,6,일
2022-03-06,6호선,한강진,4783,5568,10351,-785,3,6,일
2022-03-06,6호선,이태원,7940,7270,15210,670,3,6,일
2022-03-06,6호선,녹사평(용산구청),3074,3160,6234,-86,3,6,일
2022-03-06,6호선,삼각지,2893,2194,5087,699,3,6,일
2022-03-06,6호선,효창공원앞,2815,2528,5343,287,3,6,일
2022-03-06,6호선,공덕,5842,5484,11326,358,3,6,일
2022-03-06,6호선,대흥(서강대앞),3405,3597,7002,-192,3,6,일
2022-03-06,6호선,광흥창(서강),3430,3411,6841,19,3,6,일
2022-03-06,6호선,상수,5433,6148,11581,-715,3,6,일
2022-03-06,6호선,합정,7962,7269,15231,693,3,6,일
2022-03-06,6호선,망원,8113,8554,16667,-441,3,6,일
2022-03-06,6호선,마포구청,6000,5543,11543,457,3,6,일
2022-03-06,6호선,월드컵경기장(성산),3215,3243,6458,-28,3,6,일
2022-03-06,6호선,디지털미디어시티,4208,4412,8620,-204,3,6,일
2022-03-06,6호선,증산(명지대앞),4594,4732,9326,-138,3,6,일
2022-03-06,6호선,새절(신사),5394,5199,10593,195,3,6,일
2022-03-06,6호선,구산,3180,2508,5688,672,3,6,일
2022-03-06,6호선,독바위,1279,1669,2948,-390,3,6,일
2022-03-06,6호선,불광,2557,2286,4843,271,3,6,일
2022-03-06,6호선,역촌,1753,1980,3733,-227,3,6,일
2022-03-06,6호선,응암,8525,8663,17188,-138,3,6,일
2022-03-06,5호선,하남검단산,3895,3835,7730,60,3,6,일
2022-03-06,5호선,하남시청(덕풍·신장),3314,3217,6531,97,3,6,일
2022-03-06,5호선,하남풍산,1850,1798,3648,52,3,6,일
2022-03-06,5호선,미사,7197,7183,14380,14,3,6,일
2022-03-06,5호선,강일,1752,1624,3376,128,3,6,일
2022-03-06,5호선,마천,3051,3215,6266,-164,3,6,일
2022-03-06,5호선,거여,3716,3617,7333,99,3,6,일
2022-03-06,5호선,개롱,2469,2741,5210,-272,3,6,일
2022-03-06,5호선,오금,1371,1297,2668,74,3,6,일
2022-03-06,5호선,방이,3412,3259,6671,153,3,6,일
2022-03-06,5호선,올림픽공원(한국체대),1773,1636,3409,137,3,6,일
2022-03-06,5호선,둔촌동,3658,3785,7443,-127,3,6,일
2022-03-06,5호선,상일동,5460,5371,10831,89,3,6,일
2022-03-06,5호선,고덕,3747,3750,7497,-3,3,6,일
2022-03-06,5호선,명일,3897,3926,7823,-29,3,6,일
2022-03-06,5호선,굽은다리(강동구민회관앞),4629,4374,9003,255,3,6,일
2022-03-06,5호선,길동,3483,3609,7092,-126,3,6,일
2022-03-06,5호선,강동,7803,7553,15356,250,3,6,일
2022-03-06,5호선,천호(풍납토성),10996,9714,20710,1282,3,6,일
2022-03-06,5호선,광나루(장신대),6612,6769,13381,-157,3,6,일
2022-03-06,5호선,아차산(어린이대공원후문),9314,9054,18368,260,3,6,일
2022-03-06,5호선,군자(능동),5146,5828,10974,-682,3,6,일
2022-03-06,5호선,장한평,6467,6378,12845,89,3,6,일
2022-03-06,5호선,답십리,6272,5824,12096,448,3,6,일
2022-03-06,5호선,마장,2419,2273,4692,146,3,6,일
2022-03-06,5호선,왕십리(성동구청),2255,2617,4872,-362,3,6,일
2022-03-06,5호선,행당,3144,2981,6125,163,3,6,일
2022-03-06,5호선,신금호,2535,2715,5250,-180,3,6,일
2022-03-06,5호선,청구,1537,1394,2931,143,3,6,일
2022-03-06,5호선,동대문역사문화공원(DDP),605,737,1342,-132,3,6,일
2022-03-06,5호선,을지로4가,1208,1302,2510,-94,3,6,일
2022-03-06,5호선,종로3가,6976,6221,13197,755,3,6,일
2022-03-06,5호선,광화문(세종문화회관),9190,9175,18365,15,3,6,일
2022-03-06,5호선,서대문,4367,4210,8577,157,3,6,일
2022-03-06,5호선,충정로(경기대입구),1204,1248,2452,-44,3,6,일
2022-03-06,5호선,애오개,2182,2268,4450,-86,3,6,일
2022-03-06,5호선,공덕,3810,3947,7757,-137,3,6,일
2022-03-06,5호선,마포,3977,3975,7952,2,3,6,일
2022-03-06,5호선,여의나루,6214,7504,13718,-1290,3,6,일
2022-03-06,5호선,여의도,7551,7403,14954,148,3,6,일
2022-03-06,5호선,신길,1555,1764,3319,-209,3,6,일
2022-03-06,5호선,영등포시장,4475,4750,9225,-275,3,6,일
2022-03-06,5호선,영등포구청,1072,1115,2187,-43,3,6,일
2022-03-06,5호선,양평,2175,2282,4457,-107,3,6,일
2022-03-06,5호선,오목교(목동운동장앞),9988,10150,20138,-162,3,6,일
2022-03-06,5호선,목동,6389,6411,12800,-22,3,6,일
2022-03-06,5호선,신정(은행정),5401,4896,10297,505,3,6,일
2022-03-06,5호선,까치산,13056,12672,25728,384,3,6,일
2022-03-06,5호선,화곡,11813,11214,23027,599,3,6,일
2022-03-06,5호선,우장산,5612,5854,11466,-242,3,6,일
2022-03-06,5호선,발산,7784,8034,15818,-250,3,6,일
2022-03-06,5호선,마곡,3089,3192,6281,-103,3,6,일
2022-03-06,5호선,송정,3143,3113,6256,30,3,6,일
2022-03-06,5호선,김포공항,5766,5539,11305,227,3,6,일
2022-03-06,5호선,개화산,2315,2330,4645,-15,3,6,일
2022-03-06,5호선,방화,2984,2986,5970,-2,3,6,일
2022-03-06,4호선,남태령,536,346,882,190,3,6,일
2022-03-06,4호선,사당,12107,11503,23610,604,3,6,일
2022-03-06,4호선,총신대입구(이수),8665,9562,18227,-897,3,6,일
2022-03-06,4호선,동작(현충원),1129,1283,2412,-154,3,6,일
2022-03-06,4호선,이촌(국립중앙박물관),4142,4540,8682,-398,3,6,일
2022-03-06,4호선,신용산,6478,6669,13147,-191,3,6,일
2022-03-06,4호선,삼각지,2029,2619,4648,-590,3,6,일
2022-03-06,4호선,숙대입구(갈월),6246,5994,12240,252,3,6,일
2022-03-06,4호선,서울역,3413,7020,10433,-3607,3,6,일
2022-03-06,4호선,회현(남대문시장),7175,7527,14702,-352,3,6,일
2022-03-06,4호선,명동,8774,8909,17683,-135,3,6,일
2022-03-06,4호선,충무로,6813,7089,13902,-276,3,6,일
2022-03-06,4호선,동대문역사문화공원(DDP),7565,7343,14908,222,3,6,일
2022-03-06,4호선,동대문,5436,6191,11627,-755,3,6,일
2022-03-06,4호선,혜화,17403,17734,35137,-331,3,6,일
2022-03-06,4호선,한성대입구(삼선교),7184,7677,14861,-493,3,6,일
2022-03-06,4호선,성신여대입구(돈암),10805,10272,21077,533,3,6,일
2022-03-06,4호선,길음,8704,8537,17241,167,3,6,일
2022-03-06,4호선,미아사거리,13788,13120,26908,668,3,6,일
2022-03-06,4호선,미아(서울사이버대학),6857,6572,13429,285,3,6,일
2022-03-06,4호선,수유(강북구청),17349,16734,34083,615,3,6,일
2022-03-06,4호선,쌍문,13202,11937,25139,1265,3,6,일
2022-03-06,4호선,창동,13994,14365,28359,-371,3,6,일
2022-03-06,4호선,노원,9622,10495,20117,-873,3,6,일
2022-03-06,4호선,상계,8924,8390,17314,534,3,6,일
2022-03-06,4호선,당고개,6493,6254,12747,239,3,6,일
2022-03-06,3호선,오금,2174,2210,4384,-36,3,6,일
2022-03-06,3호선,경찰병원,2268,2343,4611,-75,3,6,일
2022-03-06,3호선,가락시장,3048,3232,6280,-184,3,6,일
2022-03-06,3호선,수서,8610,8292,16902,318,3,6,일
2022-03-06,3호선,일원,2832,2917,5749,-85,3,6,일
2022-03-06,3호선,대청,3556,3445,7001,111,3,6,일
2022-03-06,3호선,학여울,2080,2252,4332,-172,3,6,일
2022-03-06,3호선,대치,5240,4602,9842,638,3,6,일
2022-03-06,3호선,도곡,1598,1736,3334,-138,3,6,일
2022-03-06,3호선,매봉,3405,3342,6747,63,3,6,일
2022-03-06,3호선,양재(서초구청),11006,12793,23799,-1787,3,6,일
2022-03-06,3호선,남부터미널(예술의전당),11590,12581,24171,-991,3,6,일
2022-03-06,3호선,교대(법원.검찰청),3566,2343,5909,1223,3,6,일
2022-03-06,3호선,고속터미널,30602,29341,59943,1261,3,6,일
2022-03-06,3호선,잠원,1788,1879,3667,-91,3,6,일
2022-03-06,3호선,신사,11926,11799,23725,127,3,6,일
2022-03-06,3호선,압구정,11240,11607,22847,-367,3,6,일
2022-03-06,3호선,옥수,3886,4149,8035,-263,3,6,일
2022-03-06,3호선,금호,3463,3386,6849,77,3,6,일
2022-03-06,3호선,약수,5588,5450,11038,138,3,6,일
2022-03-06,3호선,동대입구,3775,4185,7960,-410,3,6,일
2022-03-06,3호선,충무로,2,0,2,2,3,6,일
2022-03-06,3호선,을지로3가,2520,2248,4768,272,3,6,일
2022-03-06,3호선,종로3가,3198,3922,7120,-724,3,6,일
2022-03-06,3호선,안국,8422,8979,17401,-557,3,6,일
2022-03-06,3호선,경복궁(정부서울청사),9258,9459,18717,-201,3,6,일
2022-03-06,3호선,독립문,3793,4205,7998,-412,3,6,일
2022-03-06,3호선,무악재,1385,1672,3057,-287,3,6,일
2022-03-06,3호선,홍제,7735,7526,15261,209,3,6,일
2022-03-06,3호선,녹번,6237,5523,11760,714,3,6,일
2022-03-06,3호선,불광,8111,9171,17282,-1060,3,6,일
2022-03-06,3호선,연신내,18222,17106,35328,1116,3,6,일
2022-03-06,3호선,구파발,9426,9834,19260,-408,3,6,일
2022-03-06,3호선,지축,1862,1778,3640,84,3,6,일
2022-03-06,2호선,용두(동대문구청),1080,1045,2125,35,3,6,일
2022-03-06,2호선,신정네거리,4268,4390,8658,-122,3,6,일
2022-03-06,2호선,양천구청,2666,2755,5421,-89,3,6,일
2022-03-06,2호선,도림천,369,403,772,-34,3,6,일
2022-03-06,2호선,신설동,2903,3063,5966,-160,3,6,일
2022-03-06,2호선,신답,640,727,1367,-87,3,6,일
2022-03-06,2호선,용답,1518,1557,3075,-39,3,6,일
2022-03-06,2호선,충정로(경기대입구),3283,3525,6808,-242,3,6,일
2022-03-06,2호선,아현,4405,4503,8908,-98,3,6,일
2022-03-06,2호선,이대,6187,6728,12915,-541,3,6,일
2022-03-06,2호선,신촌,20048,19166,39214,882,3,6,일
2022-03-06,2호선,홍대입구,39802,39020,78822,782,3,6,일
2022-03-06,2호선,합정,17354,18275,35629,-921,3,6,일
2022-03-06,2호선,당산,7072,7584,14656,-512,3,6,일
2022-03-06,2호선,영등포구청,6909,7341,14250,-432,3,6,일
2022-03-06,2호선,문래,6730,6951,13681,-221,3,6,일
2022-03-06,2호선,신도림,23037,23494,46531,-457,3,6,일
2022-03-06,2호선,대림(구로구청),12035,12328,24363,-293,3,6,일
2022-03-06,2호선,구로디지털단지,19549,18991,38540,558,3,6,일
2022-03-06,2호선,신대방,12938,12601,25539,337,3,6,일
2022-03-06,2호선,신림,33020,32543,65563,477,3,6,일
2022-03-06,2호선,봉천,10365,10100,20465,265,3,6,일
2022-03-06,2호선,서울대입구(관악구청),23716,24264,47980,-548,3,6,일
2022-03-06,2호선,낙성대(강감찬),13726,14192,27918,-466,3,6,일
2022-03-06,2호선,사당,17694,19713,37407,-2019,3,6,일
2022-03-06,2호선,방배,5684,6062,11746,-378,3,6,일
2022-03-06,2호선,서초,10063,9242,19305,821,3,6,일
2022-03-06,2호선,교대(법원.검찰청),8724,9541,18265,-817,3,6,일
2022-03-06,2호선,강남,29068,28236,57304,832,3,6,일
2022-03-06,2호선,역삼,9576,10472,20048,-896,3,6,일
2022-03-06,2호선,선릉,11300,9734,21034,1566,3,6,일
2022-03-06,2호선,삼성(무역센터),17717,17029,34746,688,3,6,일
2022-03-06,2호선,종합운동장,3822,3927,7749,-105,3,6,일
2022-03-06,2호선,잠실새내,9121,9395,18516,-274,3,6,일
2022-03-06,2호선,잠실(송파구청),37927,35542,73469,2385,3,6,일
2022-03-06,2호선,잠실나루,4171,4328,8499,-157,3,6,일
2022-03-06,2호선,강변(동서울터미널),15843,15980,31823,-137,3,6,일
2022-03-06,2호선,구의(광진구청),9682,9815,19497,-133,3,6,일
2022-03-06,2호선,건대입구,22839,23488,46327,-649,3,6,일
2022-03-06,2호선,성수,12020,13095,25115,-1075,3,6,일
2022-03-06,2호선,뚝섬,8280,8318,16598,-38,3,6,일
2022-03-06,2호선,한양대,2014,2327,4341,-313,3,6,일
2022-03-06,2호선,왕십리(성동구청),8140,7390,15530,750,3,6,일
2022-03-06,2호선,상왕십리,5827,5914,11741,-87,3,6,일
2022-03-06,2호선,신당,6895,7336,14231,-441,3,6,일
2022-03-06,2호선,동대문역사문화공원(DDP),6543,7943,14486,-1400,3,6,일
2022-03-06,2호선,을지로4가,2799,2658,5457,141,3,6,일
2022-03-06,2호선,을지로3가,6699,6112,12811,587,3,6,일
2022-03-06,2호선,을지로입구,12712,11913,24625,799,3,6,일
2022-03-06,2호선,시청,4670,3763,8433,907,3,6,일
2022-03-06,1호선,동묘앞,10674,10866,21540,-192,3,6,일
2022-03-06,1호선,청량리(서울시립대입구),11153,11284,22437,-131,3,6,일
2022-03-06,1호선,제기동,8347,8720,17067,-373,3,6,일
2022-03-06,1호선,신설동,6733,6599,13332,134,3,6,일
2022-03-06,1호선,동대문,7649,8148,15797,-499,3,6,일
2022-03-06,1호선,종로5가,7275,7266,14541,9,3,6,일
2022-03-06,1호선,종로3가,11387,10292,21679,1095,3,6,일
2022-03-06,1호선,종각,10309,9069,19378,1240,3,6,일
2022-03-06,1호선,시청,6006,5685,11691,321,3,6,일
2022-03-06,1호선,서울역,19236,18236,37472,1000,3,6,일
2022-03-06,공항철도 1호선,마곡나루(서울식물원),1841,1998,3839,-157,3,6,일
2022-03-06,공항철도 1호선,디지털미디어시티,3067,3128,6195,-61,3,6,일
2022-03-06,공항철도 1호선,홍대입구,7422,6967,14389,455,3,6,일
2022-03-06,공항철도 1호선,공덕,986,1346,2332,-360,3,6,일
2022-03-06,공항철도 1호선,서울역,5384,5119,10503,265,3,6,일
2022-03-06,경춘선,춘천,1105,1103,2208,2,3,6,일
2022-03-06,경춘선,남춘천,1702,2285,3987,-583,3,6,일
2022-03-06,공항철도 1호선,검암,2851,2771,5622,80,3,6,일
2022-03-06,과천선,인덕원,9716,9840,19556,-124,3,6,일
2022-03-06,과천선,정부과천청사,3789,3552,7341,237,3,6,일
2022-03-06,분당선,정자,6167,6322,12489,-155,3,6,일
2022-03-06,분당선,수내,5103,4848,9951,255,3,6,일
2022-03-06,일산선,삼송,9117,8840,17957,277,3,6,일
2022-03-06,일산선,원흥,4496,4360,8856,136,3,6,일
2022-03-06,우이신설선,신설동,1100,1047,2147,53,3,6,일
2022-03-06,우이신설선,보문,797,819,1616,-22,3,6,일
2022-03-06,우이신설선,성신여대입구(돈암),2100,2324,4424,-224,3,6,일
2022-03-06,우이신설선,정릉,2457,2084,4541,373,3,6,일
2022-03-06,우이신설선,북한산보국문,3405,3140,6545,265,3,6,일
2022-03-06,우이신설선,솔샘,2453,2330,4783,123,3,6,일
2022-03-06,우이신설선,삼양사거리,1365,1344,2709,21,3,6,일
2022-03-06,우이신설선,삼양,1147,1212,2359,-65,3,6,일
2022-03-06,우이신설선,화계,1866,1667,3533,199,3,6,일
2022-03-06,우이신설선,가오리,2050,1954,4004,96,3,6,일
2022-03-06,우이신설선,4.19민주묘지,1768,1560,3328,208,3,6,일
2022-03-06,과천선,선바위,3235,3085,6320,150,3,6,일
2022-03-06,우이신설선,솔밭공원,1158,1168,2326,-10,3,6,일
2022-03-06,우이신설선,북한산우이,2486,2599,5085,-113,3,6,일
2022-03-06,안산선,수리산,1710,1577,3287,133,3,6,일
2022-03-06,안산선,오이도,4466,4280,8746,186,3,6,일
2022-03-06,안산선,정왕,4241,4777,9018,-536,3,6,일
2022-03-06,안산선,신길온천,858,843,1701,15,3,6,일
2022-03-06,안산선,안산,7561,7034,14595,527,3,6,일
2022-03-06,안산선,초지,1849,1810,3659,39,3,6,일
2022-03-06,안산선,고잔,3590,3437,7027,153,3,6,일
2022-03-06,안산선,중앙,9497,9233,18730,264,3,6,일
2022-03-06,안산선,한대앞,4298,4456,8754,-158,3,6,일
2022-03-06,안산선,상록수,7480,7420,14900,60,3,6,일
2022-03-06,안산선,반월,2064,2059,4123,5,3,6,일
2022-03-06,안산선,대야미,2327,2171,4498,156,3,6,일
2022-03-06,안산선,산본,7229,7661,14890,-432,3,6,일
2022-03-06,수인선,인천,865,1327,2192,-462,3,6,일
2022-03-06,수인선,신포,939,874,1813,65,3,6,일
2022-03-06,수인선,숭의,1657,1556,3213,101,3,6,일
2022-03-06,수인선,인하대,2829,2793,5622,36,3,6,일
2022-03-06,수인선,송도,1287,1210,2497,77,3,6,일
2022-03-06,수인선,연수,2688,2624,5312,64,3,6,일
2022-03-06,수인선,원인재,2292,2438,4730,-146,3,6,일
2022-03-06,수인선,남동인더스파크,661,620,1281,41,3,6,일
2022-03-06,수인선,호구포,1674,1676,3350,-2,3,6,일
2022-03-06,수인선,인천논현,2536,2638,5174,-102,3,6,일
2022-03-06,수인선,소래포구,3286,3105,6391,181,3,6,일
2022-03-06,수인선,월곶,1362,1290,2652,72,3,6,일
2022-03-06,수인선,달월,36,42,78,-6,3,6,일
2022-03-06,수인선,사리,2163,1759,3922,404,3,6,일
2022-03-06,수인선,야목,190,135,325,55,3,6,일
2022-03-06,수인선,어천,381,504,885,-123,3,6,일
2022-03-06,수인선,오목천,1252,1230,2482,22,3,6,일
2022-03-06,수인선,고색,1698,1810,3508,-112,3,6,일
2022-03-06,분당선,매교,1183,1225,2408,-42,3,6,일
2022-03-06,분당선,수원시청,6318,6155,12473,163,3,6,일
2022-03-06,분당선,매탄권선,2088,2074,4162,14,3,6,일
2022-03-06,분당선,망포,5197,5381,10578,-184,3,6,일
2022-03-06,분당선,영통,4361,4354,8715,7,3,6,일
2022-03-06,분당선,청명,1553,1653,3206,-100,3,6,일
2022-03-06,분당선,상갈,2281,2355,4636,-74,3,6,일
2022-03-06,분당선,기흥,4052,3976,8028,76,3,6,일
2022-03-06,분당선,신갈,1651,1723,3374,-72,3,6,일
2022-03-06,분당선,구성,1974,2075,4049,-101,3,6,일
2022-03-06,분당선,죽전,6518,7504,14022,-986,3,6,일
2022-03-06,분당선,보정,904,794,1698,110,3,6,일
2022-03-06,분당선,이매,2577,2629,5206,-52,3,6,일
2022-03-06,분당선,오리,4488,3981,8469,507,3,6,일
2022-03-06,분당선,미금,6085,6466,12551,-381,3,6,일
2022-03-06,분당선,서현,12684,12457,25141,227,3,6,일
2022-03-06,분당선,야탑,10898,11346,22244,-448,3,6,일
2022-03-06,분당선,모란,9494,9735,19229,-241,3,6,일
2022-03-06,분당선,태평,7012,6691,13703,321,3,6,일
2022-03-06,분당선,가천대,3198,3779,6977,-581,3,6,일
2022-03-06,분당선,선정릉,1795,1779,3574,16,3,6,일
2022-03-06,분당선,강남구청,2812,3325,6137,-513,3,6,일
2022-03-06,분당선,압구정로데오,8958,9671,18629,-713,3,6,일
2022-03-06,분당선,서울숲,4782,4918,9700,-136,3,6,일
2022-03-06,분당선,수원,4804,3954,8758,850,3,6,일
2022-03-06,분당선,수서,6840,6605,13445,235,3,6,일
2022-03-06,분당선,대모산입구,1730,1648,3378,82,3,6,일
2022-03-06,분당선,개포동,1625,1688,3313,-63,3,6,일
2022-03-06,분당선,구룡,726,790,1516,-64,3,6,일
2022-03-06,분당선,도곡,2287,2212,4499,75,3,6,일
2022-03-06,분당선,한티,7353,7051,14404,302,3,6,일
2022-03-06,분당선,선릉,2497,3667,6164,-1170,3,6,일
2022-03-06,과천선,범계,12091,11617,23708,474,3,6,일
2022-03-06,과천선,평촌,5051,4797,9848,254,3,6,일
2022-03-06,과천선,과천,2865,2678,5543,187,3,6,일
2022-03-06,과천선,대공원,3132,3264,6396,-132,3,6,일
2022-03-06,과천선,경마공원,8925,9017,17942,-92,3,6,일
2022-03-06,공항철도 1호선,영종,1896,1793,3689,103,3,6,일
2022-03-06,공항철도 1호선,인천공항2터미널,1633,1552,3185,81,3,6,일
2022-03-06,공항철도 1호선,인천공항1터미널,3080,3031,6111,49,3,6,일
2022-03-06,공항철도 1호선,공항화물청사,929,978,1907,-49,3,6,일
2022-03-06,공항철도 1호선,운서,4245,4527,8772,-282,3,6,일
2022-03-06,공항철도 1호선,청라국제도시,2407,2318,4725,89,3,6,일
2022-03-06,중앙선,상봉(시외버스터미널),2957,2946,5903,11,3,6,일
2022-03-06,일산선,원당,5205,5003,10208,202,3,6,일
2022-03-06,중앙선,중랑,2913,2844,5757,69,3,6,일
2022-03-06,중앙선,회기,13400,13628,27028,-228,3,6,일
2022-03-06,장항선,신창(순천향대),816,1818,2634,-1002,3,6,일
2022-03-06,장항선,온양온천,2589,2594,5183,-5,3,6,일
2022-03-06,장항선,배방,599,743,1342,-144,3,6,일
2022-03-06,장항선,탕정,322,401,723,-79,3,6,일
2022-03-06,장항선,아산,2709,1929,4638,780,3,6,일
2022-03-06,장항선,쌍용(나사렛대),982,1037,2019,-55,3,6,일
2022-03-06,장항선,봉명,440,467,907,-27,3,6,일
2022-03-06,일산선,대화,5735,5386,11121,349,3,6,일
2022-03-06,일산선,주엽,3925,3845,7770,80,3,6,일
2022-03-06,일산선,정발산,5939,5814,11753,125,3,6,일
2022-03-06,일산선,마두,2891,2873,5764,18,3,6,일
2022-03-06,일산선,백석,4638,4648,9286,-10,3,6,일
2022-03-06,일산선,대곡,882,754,1636,128,3,6,일
2022-03-06,일산선,화정,7997,8148,16145,-151,3,6,일
2022-03-06,경춘선,상천,297,192,489,105,3,6,일
2022-03-07,안산선,대야미,4616,4214,8830,402,3,7,월
2022-03-07,7호선,남구로,15131,15799,30930,-668,3,7,월
2022-03-07,7호선,대림(구로구청),7260,7262,14522,-2,3,7,월
2022-03-07,7호선,신풍,10701,10311,21012,390,3,7,월
2022-03-07,7호선,보라매,9347,9403,18750,-56,3,7,월
2022-03-07,7호선,신대방삼거리,15678,15305,30983,373,3,7,월
2022-03-07,7호선,장승배기,8547,8510,17057,37,3,7,월
2022-03-07,7호선,상도,10357,10449,20806,-92,3,7,월
2022-03-07,7호선,숭실대입구(살피재),14654,14972,29626,-318,3,7,월
2022-03-07,7호선,남성,10275,9650,19925,625,3,7,월
2022-03-07,7호선,이수,13860,13661,27521,199,3,7,월
2022-03-07,7호선,내방,13356,13693,27049,-337,3,7,월
2022-03-07,7호선,고속터미널,13814,11728,25542,2086,3,7,월
2022-03-07,7호선,반포,5140,4990,10130,150,3,7,월
2022-03-07,7호선,논현,18697,20344,39041,-1647,3,7,월
2022-03-07,7호선,학동,22619,23924,46543,-1305,3,7,월
2022-03-07,7호선,강남구청,14728,15957,30685,-1229,3,7,월
2022-03-07,7호선,청담,17807,19764,37571,-1957,3,7,월
2022-03-07,7호선,뚝섬유원지,6631,6462,13093,169,3,7,월
2022-03-07,7호선,건대입구,11095,11654,22749,-559,3,7,월
2022-03-07,7호선,어린이대공원(세종대),13481,13817,27298,-336,3,7,월
2022-03-07,7호선,군자(능동),13659,11145,24804,2514,3,7,월
2022-03-07,7호선,중곡,10449,9809,20258,640,3,7,월
2022-03-07,7호선,용마산(용마폭포공원),5722,5520,11242,202,3,7,월
2022-03-07,7호선,사가정,15104,15408,30512,-304,3,7,월
2022-03-07,7호선,면목,15644,15269,30913,375,3,7,월
2022-03-07,7호선,상봉(시외버스터미널),15210,14171,29381,1039,3,7,월
2022-03-07,7호선,중화,10054,9940,19994,114,3,7,월
2022-03-07,7호선,먹골,9429,9193,18622,236,3,7,월
2022-03-07,7호선,태릉입구,7799,7411,15210,388,3,7,월
2022-03-07,7호선,공릉(서울과학기술대),11924,11714,23638,210,3,7,월
2022-03-07,7호선,하계,16243,15368,31611,875,3,7,월
2022-03-07,7호선,중계,13621,12597,26218,1024,3,7,월
2022-03-07,7호선,노원,17235,17907,35142,-672,3,7,월
2022-03-07,7호선,마들,11731,11171,22902,560,3,7,월
2022-03-07,7호선,수락산,11506,11312,22818,194,3,7,월
2022-03-07,7호선,도봉산,8632,9983,18615,-1351,3,7,월
2022-03-07,7호선,장암,2021,702,2723,1319,3,7,월
2022-03-07,6호선,신내,1,0,1,1,3,7,월
2022-03-07,6호선,봉화산(서울의료원),8224,7708,15932,516,3,7,월
2022-03-07,6호선,화랑대(서울여대입구),11090,8771,19861,2319,3,7,월
2022-03-07,6호선,태릉입구,5070,5520,10590,-450,3,7,월
2022-03-07,6호선,석계,11597,12321,23918,-724,3,7,월
2022-03-07,6호선,돌곶이,8702,8422,17124,280,3,7,월
2022-03-07,6호선,상월곡(한국과학기술연구원),5657,5063,10720,594,3,7,월
2022-03-07,6호선,월곡(동덕여대),10878,10881,21759,-3,3,7,월
2022-03-07,6호선,고려대(종암),7347,7209,14556,138,3,7,월
2022-03-07,6호선,안암(고대병원앞),10974,11178,22152,-204,3,7,월
2022-03-07,6호선,보문,6731,6271,13002,460,3,7,월
2022-03-07,6호선,창신,3257,2669,5926,588,3,7,월
2022-03-07,6호선,동묘앞,7039,7188,14227,-149,3,7,월
2022-03-07,6호선,신당,7441,7897,15338,-456,3,7,월
2022-03-07,6호선,청구,3406,3760,7166,-354,3,7,월
2022-03-07,6호선,약수,3307,3348,6655,-41,3,7,월
2022-03-07,6호선,버티고개,1835,1850,3685,-15,3,7,월
2022-03-07,6호선,한강진,5725,6539,12264,-814,3,7,월
2022-03-07,6호선,이태원,7560,7626,15186,-66,3,7,월
2022-03-07,6호선,녹사평(용산구청),3792,3769,7561,23,3,7,월
2022-03-07,6호선,삼각지,5262,4685,9947,577,3,7,월
2022-03-07,6호선,효창공원앞,6398,6045,12443,353,3,7,월
2022-03-07,6호선,공덕,16161,15748,31909,413,3,7,월
2022-03-07,6호선,대흥(서강대앞),7542,7793,15335,-251,3,7,월
2022-03-07,6호선,광흥창(서강),8209,8121,16330,88,3,7,월
2022-03-07,6호선,상수,7225,8117,15342,-892,3,7,월
2022-03-07,6호선,합정,10964,10737,21701,227,3,7,월
2022-03-07,6호선,망원,12019,12683,24702,-664,3,7,월
2022-03-07,6호선,마포구청,13229,12001,25230,1228,3,7,월
2022-03-07,6호선,월드컵경기장(성산),3764,3897,7661,-133,3,7,월
2022-03-07,6호선,디지털미디어시티,12502,13743,26245,-1241,3,7,월
2022-03-07,6호선,증산(명지대앞),9249,9280,18529,-31,3,7,월
2022-03-07,6호선,새절(신사),12209,11591,23800,618,3,7,월
2022-03-07,6호선,구산,7097,5448,12545,1649,3,7,월
2022-03-07,6호선,연신내,1,0,1,1,3,7,월
2022-03-07,6호선,독바위,2450,2601,5051,-151,3,7,월
2022-03-07,6호선,불광,3736,3623,7359,113,3,7,월
2022-03-07,6호선,역촌,3590,4074,7664,-484,3,7,월
2022-03-07,6호선,응암,16005,16053,32058,-48,3,7,월
2022-03-07,5호선,하남검단산,5026,4935,9961,91,3,7,월
2022-03-07,5호선,하남시청(덕풍·신장),6079,5950,12029,129,3,7,월
2022-03-07,5호선,하남풍산,4047,3974,8021,73,3,7,월
2022-03-07,5호선,미사,14208,14234,28442,-26,3,7,월
2022-03-07,5호선,강일,3741,3547,7288,194,3,7,월
2022-03-07,5호선,마천,6561,6329,12890,232,3,7,월
2022-03-07,5호선,거여,9174,8868,18042,306,3,7,월
2022-03-07,5호선,개롱,5884,6204,12088,-320,3,7,월
2022-03-07,5호선,오금,3518,3414,6932,104,3,7,월
2022-03-07,5호선,방이,6372,6684,13056,-312,3,7,월
2022-03-07,5호선,올림픽공원(한국체대),3933,3355,7288,578,3,7,월
2022-03-07,5호선,둔촌동,7868,7919,15787,-51,3,7,월
2022-03-07,5호선,상일동,13532,12893,26425,639,3,7,월
2022-03-07,5호선,고덕,8844,8834,17678,10,3,7,월
2022-03-07,5호선,명일,7793,8114,15907,-321,3,7,월
2022-03-07,5호선,굽은다리(강동구민회관앞),8642,8295,16937,347,3,7,월
2022-03-07,5호선,길동,7413,7747,15160,-334,3,7,월
2022-03-07,5호선,강동,17016,16363,33379,653,3,7,월
2022-03-07,5호선,천호(풍납토성),15549,15480,31029,69,3,7,월
2022-03-07,5호선,광나루(장신대),12108,10872,22980,1236,3,7,월
2022-03-07,5호선,아차산(어린이대공원후문),13213,12765,25978,448,3,7,월
2022-03-07,5호선,군자(능동),10048,11032,21080,-984,3,7,월
2022-03-07,5호선,장한평,16849,16621,33470,228,3,7,월
2022-03-07,5호선,답십리,14849,13777,28626,1072,3,7,월
2022-03-07,5호선,마장,5360,5075,10435,285,3,7,월
2022-03-07,5호선,왕십리(성동구청),4023,4568,8591,-545,3,7,월
2022-03-07,5호선,행당,7333,6762,14095,571,3,7,월
2022-03-07,5호선,신금호,5911,6167,12078,-256,3,7,월
2022-03-07,5호선,청구,3785,3333,7118,452,3,7,월
2022-03-07,5호선,동대문역사문화공원(DDP),2659,3074,5733,-415,3,7,월
2022-03-07,5호선,을지로4가,5618,5575,11193,43,3,7,월
2022-03-07,5호선,종로3가,9933,9984,19917,-51,3,7,월
2022-03-07,5호선,광화문(세종문화회관),25586,26528,52114,-942,3,7,월
2022-03-07,5호선,서대문,17381,17629,35010,-248,3,7,월
2022-03-07,5호선,충정로(경기대입구),4451,4442,8893,9,3,7,월
2022-03-07,5호선,애오개,6108,6145,12253,-37,3,7,월
2022-03-07,5호선,공덕,12313,12948,25261,-635,3,7,월
2022-03-07,5호선,마포,12982,13308,26290,-326,3,7,월
2022-03-07,5호선,여의나루,7252,7755,15007,-503,3,7,월
2022-03-07,5호선,여의도,24558,25997,50555,-1439,3,7,월
2022-03-07,5호선,신길,3799,4169,7968,-370,3,7,월
2022-03-07,5호선,영등포시장,9027,9171,18198,-144,3,7,월
2022-03-07,5호선,영등포구청,3697,3757,7454,-60,3,7,월
2022-03-07,5호선,양평,6930,6966,13896,-36,3,7,월
2022-03-07,5호선,오목교(목동운동장앞),19044,20374,39418,-1330,3,7,월
2022-03-07,5호선,목동,15279,16563,31842,-1284,3,7,월
2022-03-07,5호선,신정(은행정),12882,10521,23403,2361,3,7,월
2022-03-07,5호선,까치산,26837,25734,52571,1103,3,7,월
2022-03-07,5호선,화곡,26258,24884,51142,1374,3,7,월
2022-03-07,5호선,우장산,13456,13192,26648,264,3,7,월
2022-03-07,5호선,발산,19263,19483,38746,-220,3,7,월
2022-03-07,5호선,마곡,10084,9865,19949,219,3,7,월
2022-03-07,5호선,송정,6041,5788,11829,253,3,7,월
2022-03-07,5호선,김포공항,5655,5253,10908,402,3,7,월
2022-03-07,5호선,개화산,5174,5006,10180,168,3,7,월
2022-03-07,4호선,남태령,1061,953,2014,108,3,7,월
2022-03-07,4호선,사당,21236,17897,39133,3339,3,7,월
2022-03-07,4호선,총신대입구(이수),17212,18462,35674,-1250,3,7,월
2022-03-07,4호선,동작(현충원),1336,1653,2989,-317,3,7,월
2022-03-07,4호선,이촌(국립중앙박물관),6014,6601,12615,-587,3,7,월
2022-03-07,4호선,신용산,13891,14782,28673,-891,3,7,월
2022-03-07,4호선,삼각지,4157,4480,8637,-323,3,7,월
2022-03-07,4호선,숙대입구(갈월),12767,12394,25161,373,3,7,월
2022-03-07,4호선,서울역,9615,12948,22563,-3333,3,7,월
2022-03-07,4호선,회현(남대문시장),21128,22162,43290,-1034,3,7,월
2022-03-07,4호선,명동,16957,17275,34232,-318,3,7,월
2022-03-07,4호선,동대문역사문화공원(DDP),12900,11967,24867,933,3,7,월
2022-03-07,4호선,동대문,18024,18480,36504,-456,3,7,월
2022-03-07,4호선,혜화,27538,27373,54911,165,3,7,월
2022-03-07,4호선,한성대입구(삼선교),11778,11442,23220,336,3,7,월
2022-03-07,4호선,성신여대입구(돈암),19124,18257,37381,867,3,7,월
2022-03-07,4호선,길음,18856,19179,38035,-323,3,7,월
2022-03-07,4호선,미아사거리,24509,23573,48082,936,3,7,월
2022-03-07,4호선,미아(서울사이버대학),13886,14031,27917,-145,3,7,월
2022-03-07,4호선,수유(강북구청),31050,31150,62200,-100,3,7,월
2022-03-07,4호선,쌍문,26842,24919,51761,1923,3,7,월
2022-03-07,4호선,창동,23055,24387,47442,-1332,3,7,월
2022-03-07,4호선,노원,16174,18285,34459,-2111,3,7,월
2022-03-07,4호선,상계,17415,16249,33664,1166,3,7,월
2022-03-07,4호선,당고개,12037,10951,22988,1086,3,7,월
2022-03-07,3호선,오금,5673,5081,10754,592,3,7,월
2022-03-07,3호선,경찰병원,6728,6788,13516,-60,3,7,월
2022-03-07,3호선,가락시장,8188,8064,16252,124,3,7,월
2022-03-07,3호선,수서,14661,15223,29884,-562,3,7,월
2022-03-07,3호선,일원,9572,9404,18976,168,3,7,월
2022-03-07,3호선,대청,9069,8380,17449,689,3,7,월
2022-03-07,3호선,학여울,1587,1566,3153,21,3,7,월
2022-03-07,3호선,대치,9909,10097,20006,-188,3,7,월
2022-03-07,3호선,도곡,4950,5109,10059,-159,3,7,월
2022-03-07,3호선,매봉,11309,10713,22022,596,3,7,월
2022-03-07,3호선,양재(서초구청),34295,37590,71885,-3295,3,7,월
2022-03-07,3호선,남부터미널(예술의전당),25085,25528,50613,-443,3,7,월
2022-03-07,3호선,교대(법원.검찰청),12670,8463,21133,4207,3,7,월
2022-03-07,3호선,고속터미널,31899,30352,62251,1547,3,7,월
2022-03-07,3호선,잠원,4309,4170,8479,139,3,7,월
2022-03-07,3호선,신사,27041,28120,55161,-1079,3,7,월
2022-03-07,3호선,압구정,28049,30076,58125,-2027,3,7,월
2022-03-07,3호선,옥수,7630,8015,15645,-385,3,7,월
2022-03-07,3호선,금호,7181,6891,14072,290,3,7,월
2022-03-07,3호선,약수,11706,11484,23190,222,3,7,월
2022-03-07,3호선,동대입구,8139,8851,16990,-712,3,7,월
2022-03-07,3호선,충무로,1,0,1,1,3,7,월
2022-03-07,3호선,을지로3가,9111,9322,18433,-211,3,7,월
2022-03-07,3호선,종로3가,8943,10251,19194,-1308,3,7,월
2022-03-07,3호선,안국,16965,17245,34210,-280,3,7,월
2022-03-07,3호선,경복궁(정부서울청사),17656,17191,34847,465,3,7,월
2022-03-07,3호선,독립문,6250,6453,12703,-203,3,7,월
2022-03-07,3호선,무악재,3608,3742,7350,-134,3,7,월
2022-03-07,3호선,홍제,16110,15483,31593,627,3,7,월
2022-03-07,3호선,녹번,14417,13179,27596,1238,3,7,월
2022-03-07,3호선,불광,14661,15544,30205,-883,3,7,월
2022-03-07,3호선,연신내,33030,31465,64495,1565,3,7,월
2022-03-07,3호선,구파발,18990,17950,36940,1040,3,7,월
2022-03-07,3호선,지축,4302,4100,8402,202,3,7,월
2022-03-07,2호선,용두(동대문구청),2269,2324,4593,-55,3,7,월
2022-03-07,2호선,신정네거리,9398,9700,19098,-302,3,7,월
2022-03-07,2호선,양천구청,6240,6709,12949,-469,3,7,월
2022-03-07,2호선,도림천,1373,1447,2820,-74,3,7,월
2022-03-07,2호선,신설동,3100,3170,6270,-70,3,7,월
2022-03-07,2호선,신답,1490,1700,3190,-210,3,7,월
2022-03-07,2호선,용답,3246,3373,6619,-127,3,7,월
2022-03-07,2호선,충정로(경기대입구),9001,9372,18373,-371,3,7,월
2022-03-07,2호선,아현,9421,9154,18575,267,3,7,월
2022-03-07,2호선,이대,12957,13837,26794,-880,3,7,월
2022-03-07,2호선,신촌,28977,29288,58265,-311,3,7,월
2022-03-07,2호선,홍대입구,44148,45357,89505,-1209,3,7,월
2022-03-07,2호선,합정,25403,26125,51528,-722,3,7,월
2022-03-07,2호선,당산,16635,19157,35792,-2522,3,7,월
2022-03-07,2호선,영등포구청,21052,21600,42652,-548,3,7,월
2022-03-07,2호선,문래,19330,19668,38998,-338,3,7,월
2022-03-07,2호선,신도림,41272,40857,82129,415,3,7,월
2022-03-07,2호선,대림(구로구청),21998,22490,44488,-492,3,7,월
2022-03-07,2호선,구로디지털단지,53756,53663,107419,93,3,7,월
2022-03-07,2호선,신대방,23938,23410,47348,528,3,7,월
2022-03-07,2호선,신림,56843,55397,112240,1446,3,7,월
2022-03-07,2호선,봉천,21609,20582,42191,1027,3,7,월
2022-03-07,2호선,서울대입구(관악구청),43974,43549,87523,425,3,7,월
2022-03-07,2호선,낙성대(강감찬),24563,24438,49001,125,3,7,월
2022-03-07,2호선,사당,31000,34017,65017,-3017,3,7,월
2022-03-07,2호선,방배,16944,17651,34595,-707,3,7,월
2022-03-07,2호선,서초,19232,18516,37748,716,3,7,월
2022-03-07,2호선,교대(법원.검찰청),30417,34188,64605,-3771,3,7,월
2022-03-07,2호선,강남,72968,71746,144714,1222,3,7,월
2022-03-07,2호선,역삼,47242,52614,99856,-5372,3,7,월
2022-03-07,2호선,선릉,51428,45627,97055,5801,3,7,월
2022-03-07,2호선,삼성(무역센터),43227,43717,86944,-490,3,7,월
2022-03-07,2호선,종합운동장,6785,7374,14159,-589,3,7,월
2022-03-07,2호선,잠실새내,18479,18338,36817,141,3,7,월
2022-03-07,2호선,잠실(송파구청),52184,51924,104108,260,3,7,월
2022-03-07,2호선,잠실나루,13073,12853,25926,220,3,7,월
2022-03-07,2호선,강변(동서울터미널),26001,24686,50687,1315,3,7,월
2022-03-07,2호선,구의(광진구청),21581,21586,43167,-5,3,7,월
2022-03-07,2호선,건대입구,30266,31843,62109,-1577,3,7,월
2022-03-07,2호선,성수,33156,35780,68936,-2624,3,7,월
2022-03-07,2호선,뚝섬,19191,20758,39949,-1567,3,7,월
2022-03-07,2호선,한양대,14794,16671,31465,-1877,3,7,월
2022-03-07,2호선,왕십리(성동구청),15071,11866,26937,3205,3,7,월
2022-03-07,2호선,상왕십리,12810,12447,25257,363,3,7,월
2022-03-07,2호선,신당,12360,12848,25208,-488,3,7,월
2022-03-07,2호선,동대문역사문화공원(DDP),10441,11653,22094,-1212,3,7,월
2022-03-07,2호선,을지로4가,11841,11647,23488,194,3,7,월
2022-03-07,2호선,을지로3가,19101,19096,38197,5,3,7,월
2022-03-07,2호선,을지로입구,30570,31501,62071,-931,3,7,월
2022-03-07,2호선,시청,20313,19747,40060,566,3,7,월
2022-03-07,1호선,동묘앞,6492,6887,13379,-395,3,7,월
2022-03-07,1호선,청량리(서울시립대입구),17979,18021,36000,-42,3,7,월
2022-03-07,1호선,제기동,15194,15482,30676,-288,3,7,월
2022-03-07,1호선,신설동,12760,12504,25264,256,3,7,월
2022-03-07,1호선,동대문,9882,9146,19028,736,3,7,월
2022-03-07,1호선,종로5가,19945,19901,39846,44,3,7,월
2022-03-07,1호선,종로3가,21986,20146,42132,1840,3,7,월
2022-03-07,1호선,종각,29721,29183,58904,538,3,7,월
2022-03-07,1호선,시청,18881,19131,38012,-250,3,7,월
2022-03-07,1호선,서울역,35599,34253,69852,1346,3,7,월
2022-03-07,5호선,방화,6080,5931,12011,149,3,7,월
2022-03-07,9호선,양천향교,9345,9561,18906,-216,3,7,월
2022-03-07,9호선,가양,18835,18152,36987,683,3,7,월
2022-03-07,9호선,증미,6804,6688,13492,116,3,7,월
2022-03-07,9호선,등촌,10641,10375,21016,266,3,7,월
2022-03-07,9호선,염창,15360,14875,30235,485,3,7,월
2022-03-07,9호선,신목동,3808,3344,7152,464,3,7,월
2022-03-07,9호선,선유도,8139,7737,15876,402,3,7,월
2022-03-07,9호선,당산,16021,16425,32446,-404,3,7,월
2022-03-07,9호선,국회의사당,14232,14747,28979,-515,3,7,월
2022-03-07,9호선,여의도,22957,22218,45175,739,3,7,월
2022-03-07,9호선,샛강,5298,5508,10806,-210,3,7,월
2022-03-07,9호선,노량진,22918,22554,45472,364,3,7,월
2022-03-07,9호선,노들,3929,3379,7308,550,3,7,월
2022-03-07,9호선,흑석(중앙대입구),8483,8810,17293,-327,3,7,월
2022-03-07,9호선,동작(현충원),1917,1480,3397,437,3,7,월
2022-03-07,9호선,구반포,1197,1265,2462,-68,3,7,월
2022-03-07,9호선,신반포,3039,2923,5962,116,3,7,월
2022-03-07,9호선,고속터미널,9815,12342,22157,-2527,3,7,월
2022-03-07,9호선,사평,3112,3073,6185,39,3,7,월
2022-03-07,9호선,신논현,27169,27147,54316,22,3,7,월
2022-03-07,9호선2~3단계,언주,9405,9708,19113,-303,3,7,월
2022-03-07,9호선2~3단계,선정릉,8603,9524,18127,-921,3,7,월
2022-03-07,9호선2~3단계,삼성중앙,6218,6474,12692,-256,3,7,월
2022-03-07,9호선2~3단계,봉은사,13368,13541,26909,-173,3,7,월
2022-03-07,9호선2~3단계,종합운동장,3606,3698,7304,-92,3,7,월
2022-03-07,9호선2~3단계,삼전,6345,6199,12544,146,3,7,월
2022-03-07,9호선2~3단계,석촌고분,5448,5383,10831,65,3,7,월
2022-03-07,9호선2~3단계,석촌,7340,6549,13889,791,3,7,월
2022-03-07,9호선2~3단계,송파나루,4421,4590,9011,-169,3,7,월
2022-03-07,9호선2~3단계,한성백제,2288,2100,4388,188,3,7,월
2022-03-07,9호선2~3단계,올림픽공원(한국체대),5049,5092,10141,-43,3,7,월
2022-03-07,9호선2~3단계,둔촌오륜,1069,1056,2125,13,3,7,월
2022-03-07,9호선2~3단계,중앙보훈병원,10225,9009,19234,1216,3,7,월
2022-03-07,경강선,판교,4219,4158,8377,61,3,7,월
2022-03-07,경강선,이매,1051,890,1941,161,3,7,월
2022-03-07,경강선,삼동,2228,2070,4298,158,3,7,월
2022-03-07,경강선,경기광주,7113,6855,13968,258,3,7,월
2022-03-07,경강선,초월,2931,2864,5795,67,3,7,월
2022-03-07,경강선,곤지암,1939,1964,3903,-25,3,7,월
2022-03-07,경강선,신둔도예촌,1481,1356,2837,125,3,7,월
2022-03-07,경강선,이천,2299,2390,4689,-91,3,7,월
2022-03-07,경강선,부발,1829,1913,3742,-84,3,7,월
2022-03-07,경강선,세종대왕릉,249,258,507,-9,3,7,월
2022-03-07,경강선,여주,2354,2209,4563,145,3,7,월
2022-03-07,경부선,서울역,4837,1554,6391,3283,3,7,월
2022-03-07,경부선,남영,8834,9409,18243,-575,3,7,월
2022-03-07,경부선,용산,26384,27118,53502,-734,3,7,월
2022-03-07,경부선,노량진,7035,7171,14206,-136,3,7,월
2022-03-07,경부선,대방,11906,12262,24168,-356,3,7,월
2022-03-07,경부선,영등포,30252,31175,61427,-923,3,7,월
2022-03-07,경부선,신도림,3785,3669,7454,116,3,7,월
2022-03-07,경부선,신길,8204,6978,15182,1226,3,7,월
2022-03-07,경부선,구로,17345,17530,34875,-185,3,7,월
2022-03-07,경부선,가산디지털단지,17380,19949,37329,-2569,3,7,월
2022-03-07,경부선,금천구청,11000,10944,21944,56,3,7,월
2022-03-07,경부선,석수,9032,8212,17244,820,3,7,월
2022-03-07,경부선,관악,6643,6138,12781,505,3,7,월
2022-03-07,경부선,안양,23286,23010,46296,276,3,7,월
2022-03-07,경부선,명학,9873,9797,19670,76,3,7,월
2022-03-07,경부선,금정,24752,25186,49938,-434,3,7,월
2022-03-07,경부선,군포,7381,7510,14891,-129,3,7,월
2022-03-07,경부선,의왕,8630,8669,17299,-39,3,7,월
2022-03-07,경부선,성균관대,14273,14356,28629,-83,3,7,월
2022-03-07,경부선,화서,7421,7074,14495,347,3,7,월
2022-03-07,경부선,수원,30724,32802,63526,-2078,3,7,월
2022-03-07,경부선,독산,17917,18532,36449,-615,3,7,월
2022-03-07,경부선,세류,2840,2449,5289,391,3,7,월
2022-03-07,경부선,병점,13793,13663,27456,130,3,7,월
2022-03-07,경부선,세마,2631,2525,5156,106,3,7,월
2022-03-07,경부선,오산대,3741,3403,7144,338,3,7,월
2022-03-07,경부선,오산,9663,9787,19450,-124,3,7,월
2022-03-07,경부선,진위,1731,1466,3197,265,3,7,월
2022-03-07,경부선,송탄,4195,3961,8156,234,3,7,월
2022-03-07,경부선,서정리,7049,6841,13890,208,3,7,월
2022-03-07,경부선,평택지제,3311,3159,6470,152,3,7,월
2022-03-07,경부선,평택,12022,12128,24150,-106,3,7,월
2022-03-07,경부선,성환,5163,5245,10408,-82,3,7,월
2022-03-07,경부선,직산,797,743,1540,54,3,7,월
2022-03-07,경부선,두정,7213,8112,15325,-899,3,7,월
2022-03-07,경부선,천안,6187,5964,12151,223,3,7,월
2022-03-07,경부선,당정,6097,5763,11860,334,3,7,월
2022-03-07,경부선,서동탄,1288,1097,2385,191,3,7,월
2022-03-07,경부선,광명,2929,2526,5455,403,3,7,월
2022-03-07,경원선,이촌(국립중앙박물관),3322,2636,5958,686,3,7,월
2022-03-07,경원선,서빙고,1707,1589,3296,118,3,7,월
2022-03-07,경원선,한남,3763,3612,7375,151,3,7,월
2022-03-07,경원선,옥수,48,37,85,11,3,7,월
2022-03-07,경원선,응봉,1718,1466,3184,252,3,7,월
2022-03-07,경원선,왕십리(성동구청),12950,13487,26437,-537,3,7,월
2022-03-07,경원선,청량리(서울시립대입구),12031,12581,24612,-550,3,7,월
2022-03-07,경원선,외대앞,8099,8193,16292,-94,3,7,월
2022-03-07,경원선,신이문,7827,7163,14990,664,3,7,월
2022-03-07,경원선,석계,7556,8449,16005,-893,3,7,월
2022-03-07,경원선,광운대,8803,8886,17689,-83,3,7,월
2022-03-07,경원선,월계,8017,7510,15527,507,3,7,월
2022-03-07,경원선,녹천,4372,3645,8017,727,3,7,월
2022-03-07,경원선,방학,9096,8985,18081,111,3,7,월
2022-03-07,경원선,도봉,5561,5297,10858,264,3,7,월
2022-03-07,경원선,도봉산,6886,4467,11353,2419,3,7,월
2022-03-07,경원선,망월사,7016,7246,14262,-230,3,7,월
2022-03-07,경원선,회룡,11640,11614,23254,26,3,7,월
2022-03-07,경원선,의정부,16729,16933,33662,-204,3,7,월
2022-03-07,경원선,가능,6316,6049,12365,267,3,7,월
2022-03-07,경원선,녹양,4380,4085,8465,295,3,7,월
2022-03-07,경원선,양주,7331,6982,14313,349,3,7,월
2022-03-07,경원선,덕계,3082,2708,5790,374,3,7,월
2022-03-07,경원선,덕정,6249,6042,12291,207,3,7,월
2022-03-07,경원선,지행,5950,6057,12007,-107,3,7,월
2022-03-07,경원선,동두천중앙,2923,2731,5654,192,3,7,월
2022-03-07,경원선,보산,1404,1174,2578,230,3,7,월
2022-03-07,경원선,동두천,2443,2692,5135,-249,3,7,월
2022-03-07,경원선,소요산,2350,1905,4255,445,3,7,월
2022-03-07,경의선,서울역,3969,4976,8945,-1007,3,7,월
2022-03-07,경의선,신촌,801,1050,1851,-249,3,7,월
2022-03-07,경의선,효창공원앞,2850,3113,5963,-263,3,7,월
2022-03-07,경의선,공덕,3081,2783,5864,298,3,7,월
2022-03-07,경의선,서강대,1947,1908,3855,39,3,7,월
2022-03-07,경의선,홍대입구,1337,1468,2805,-131,3,7,월
2022-03-07,경의선,가좌,4980,4930,9910,50,3,7,월
2022-03-07,경의선,디지털미디어시티,2336,2156,4492,180,3,7,월
2022-03-07,경의선,수색,2808,2870,5678,-62,3,7,월
2022-03-07,경의선,화전,3500,3382,6882,118,3,7,월
2022-03-07,경의선,강매,3006,2649,5655,357,3,7,월
2022-03-07,경의선,행신,7200,7457,14657,-257,3,7,월
2022-03-07,경의선,능곡,3623,3326,6949,297,3,7,월
2022-03-07,경의선,곡산,547,586,1133,-39,3,7,월
2022-03-07,경의선,백마,6773,6498,13271,275,3,7,월
2022-03-07,경의선,풍산,4935,4628,9563,307,3,7,월
2022-03-07,경의선,일산,8798,8588,17386,210,3,7,월
2022-03-07,경의선,탄현,7193,6870,14063,323,3,7,월
2022-03-07,경의선,야당,6549,6534,13083,15,3,7,월
2022-03-07,경의선,운정,6573,6144,12717,429,3,7,월
2022-03-07,경의선,금릉,4500,4283,8783,217,3,7,월
2022-03-07,경의선,금촌,5849,5915,11764,-66,3,7,월
2022-03-07,경의선,월롱,2584,2680,5264,-96,3,7,월
2022-03-07,경의선,파주,1662,1193,2855,469,3,7,월
2022-03-07,경의선,문산,4531,4517,9048,14,3,7,월
2022-03-07,경의선,임진강,11,3,14,8,3,7,월
2022-03-07,경인선,개봉,19742,3169,22911,16573,3,7,월
2022-03-07,경인선,오류동,11368,10518,21886,850,3,7,월
2022-03-07,경인선,역곡,24661,24234,48895,427,3,7,월
2022-03-07,경인선,부천,29020,28941,57961,79,3,7,월
2022-03-07,경인선,송내,24694,24499,49193,195,3,7,월
2022-03-07,경인선,부평,25393,26345,51738,-952,3,7,월
2022-03-07,경인선,백운,6308,6283,12591,25,3,7,월
2022-03-07,경인선,동암,13153,12962,26115,191,3,7,월
2022-03-07,경인선,주안,16747,15304,32051,1443,3,7,월
2022-03-07,경인선,제물포,9824,9487,19311,337,3,7,월
2022-03-07,경인선,동인천,12240,11366,23606,874,3,7,월
2022-03-07,경인선,인천,2819,2159,4978,660,3,7,월
2022-03-07,경인선,구일,5782,5721,11503,61,3,7,월
2022-03-07,경인선,소사,8300,7970,16270,330,3,7,월
2022-03-07,경인선,부개,7870,7488,15358,382,3,7,월
2022-03-07,경인선,간석,5394,5073,10467,321,3,7,월
2022-03-07,경인선,도원,2486,2556,5042,-70,3,7,월
2022-03-07,경인선,온수(성공회대입구),6383,6204,12587,179,3,7,월
2022-03-07,경인선,중동,8714,8281,16995,433,3,7,월
2022-03-07,경인선,도화,3760,3464,7224,296,3,7,월
2022-03-07,경춘선,신내,2070,1926,3996,144,3,7,월
2022-03-07,경춘선,갈매,2802,2476,5278,326,3,7,월
2022-03-07,경춘선,별내,3153,2960,6113,193,3,7,월
2022-03-07,경춘선,퇴계원,3336,3070,6406,266,3,7,월
2022-03-07,경춘선,사릉,3254,3080,6334,174,3,7,월
2022-03-07,경춘선,금곡,1408,1357,2765,51,3,7,월
2022-03-07,경춘선,평내호평,5984,5902,11886,82,3,7,월
2022-03-07,경춘선,천마산,1581,1477,3058,104,3,7,월
2022-03-07,경춘선,마석,3704,3568,7272,136,3,7,월
2022-03-07,경춘선,대성리,370,347,717,23,3,7,월
2022-03-07,경춘선,청평,1402,1287,2689,115,3,7,월
2022-03-07,경춘선,상천,203,204,407,-1,3,7,월
2022-03-07,경춘선,가평,1301,1194,2495,107,3,7,월
2022-03-07,경춘선,굴봉산,92,98,190,-6,3,7,월
2022-03-07,경춘선,백양리,71,64,135,7,3,7,월
2022-03-07,경춘선,강촌,349,343,692,6,3,7,월
2022-03-07,경춘선,김유정,243,217,460,26,3,7,월
2022-03-07,경춘선,남춘천,2583,2733,5316,-150,3,7,월
2022-03-07,경춘선,춘천,1232,1286,2518,-54,3,7,월
2022-03-07,공항철도 1호선,서울역,6029,5700,11729,329,3,7,월
2022-03-07,공항철도 1호선,공덕,1970,2491,4461,-521,3,7,월
2022-03-07,공항철도 1호선,홍대입구,7323,7250,14573,73,3,7,월
2022-03-07,공항철도 1호선,디지털미디어시티,12651,11696,24347,955,3,7,월
2022-03-07,공항철도 1호선,마곡나루(서울식물원),7866,7757,15623,109,3,7,월
2022-03-07,공항철도 1호선,김포공항,9564,5516,15080,4048,3,7,월
2022-03-07,공항철도 1호선,계양,9231,8649,17880,582,3,7,월
2022-03-07,공항철도 1호선,검암,6037,5835,11872,202,3,7,월
2022-03-07,공항철도 1호선,청라국제도시,6214,5796,12010,418,3,7,월
2022-03-07,공항철도 1호선,운서,6097,5911,12008,186,3,7,월
2022-03-07,공항철도 1호선,공항화물청사,2196,2377,4573,-181,3,7,월
2022-03-07,공항철도 1호선,인천공항1터미널,3028,3170,6198,-142,3,7,월
2022-03-07,공항철도 1호선,인천공항2터미널,2034,1862,3896,172,3,7,월
2022-03-07,공항철도 1호선,영종,2747,2679,5426,68,3,7,월
2022-03-07,과천선,선바위,7465,6569,14034,896,3,7,월
2022-03-07,과천선,경마공원,829,789,1618,40,3,7,월
2022-03-07,과천선,대공원,1757,1823,3580,-66,3,7,월
2022-03-07,과천선,과천,5680,5297,10977,383,3,7,월
2022-03-07,과천선,정부과천청사,9715,9819,19534,-104,3,7,월
2022-03-07,과천선,인덕원,22102,22881,44983,-779,3,7,월
2022-03-07,과천선,평촌,17042,16776,33818,266,3,7,월
2022-03-07,과천선,범계,23231,22905,46136,326,3,7,월
2022-03-07,분당선,선릉,12215,18580,30795,-6365,3,7,월
2022-03-07,분당선,한티,12309,13315,25624,-1006,3,7,월
2022-03-07,분당선,도곡,6497,6288,12785,209,3,7,월
2022-03-07,분당선,구룡,2178,2116,4294,62,3,7,월
2022-03-07,분당선,개포동,3348,3487,6835,-139,3,7,월
2022-03-07,분당선,대모산입구,4142,3956,8098,186,3,7,월
2022-03-07,분당선,수서,11856,12091,23947,-235,3,7,월
2022-03-07,분당선,수원,7543,6136,13679,1407,3,7,월
2022-03-07,분당선,서울숲,8723,8864,17587,-141,3,7,월
2022-03-07,분당선,압구정로데오,15216,16428,31644,-1212,3,7,월
2022-03-07,분당선,강남구청,9188,10508,19696,-1320,3,7,월
2022-03-07,분당선,선정릉,7761,8271,16032,-510,3,7,월
2022-03-07,분당선,가천대,6477,7415,13892,-938,3,7,월
2022-03-07,분당선,태평,12217,11863,24080,354,3,7,월
2022-03-07,분당선,모란,18284,18562,36846,-278,3,7,월
2022-03-07,분당선,야탑,23501,24534,48035,-1033,3,7,월
2022-03-07,분당선,서현,20833,21012,41845,-179,3,7,월
2022-03-07,분당선,수내,11204,11142,22346,62,3,7,월
2022-03-07,분당선,정자,15098,16035,31133,-937,3,7,월
2022-03-07,분당선,미금,14248,15000,29248,-752,3,7,월
2022-03-07,분당선,오리,10581,8751,19332,1830,3,7,월
2022-03-07,분당선,이매,5238,4898,10136,340,3,7,월
2022-03-07,분당선,보정,2351,2085,4436,266,3,7,월
2022-03-07,분당선,죽전,12670,13831,26501,-1161,3,7,월
2022-03-07,분당선,구성,4508,4837,9345,-329,3,7,월
2022-03-07,분당선,신갈,4179,4168,8347,11,3,7,월
2022-03-07,분당선,기흥,9035,8599,17634,436,3,7,월
2022-03-07,분당선,상갈,4831,4632,9463,199,3,7,월
2022-03-07,분당선,청명,3890,3949,7839,-59,3,7,월
2022-03-07,분당선,영통,7366,7619,14985,-253,3,7,월
2022-03-07,분당선,망포,13030,12600,25630,430,3,7,월
2022-03-07,분당선,매탄권선,4701,4573,9274,128,3,7,월
2022-03-07,분당선,수원시청,11200,11760,22960,-560,3,7,월
2022-03-07,분당선,매교,3016,3005,6021,11,3,7,월
2022-03-07,수인선,고색,4614,4458,9072,156,3,7,월
2022-03-07,수인선,오목천,3302,3031,6333,271,3,7,월
2022-03-07,수인선,어천,636,662,1298,-26,3,7,월
2022-03-07,수인선,야목,313,257,570,56,3,7,월
2022-03-07,수인선,사리,4445,3970,8415,475,3,7,월
2022-03-07,수인선,달월,103,61,164,42,3,7,월
2022-03-07,수인선,월곶,2482,2246,4728,236,3,7,월
2022-03-07,수인선,소래포구,4228,3911,8139,317,3,7,월
2022-03-07,수인선,인천논현,4971,5343,10314,-372,3,7,월
2022-03-07,수인선,호구포,3703,3949,7652,-246,3,7,월
2022-03-07,수인선,남동인더스파크,2229,2490,4719,-261,3,7,월
2022-03-07,수인선,원인재,4057,4221,8278,-164,3,7,월
2022-03-07,수인선,연수,4044,3939,7983,105,3,7,월
2022-03-07,수인선,송도,2260,2093,4353,167,3,7,월
2022-03-07,수인선,인하대,5589,5395,10984,194,3,7,월
2022-03-07,수인선,숭의,3789,3539,7328,250,3,7,월
2022-03-07,수인선,신포,1544,1512,3056,32,3,7,월
2022-03-07,수인선,인천,902,1431,2333,-529,3,7,월
2022-03-07,안산선,산본,14352,15425,29777,-1073,3,7,월
2022-03-07,7호선,가산디지털단지,43253,43276,86529,-23,3,7,월
2022-03-07,안산선,반월,4117,3981,8098,136,3,7,월
2022-03-07,일산선,원흥,9639,9284,18923,355,3,7,월
2022-03-07,일산선,지축,1,0,1,1,3,7,월
2022-03-07,일산선,삼송,17749,17313,35062,436,3,7,월
2022-03-07,일산선,원당,10380,9954,20334,426,3,7,월
2022-03-07,일산선,화정,15554,15960,31514,-406,3,7,월
2022-03-07,일산선,대곡,1868,1476,3344,392,3,7,월
2022-03-07,일산선,백석,8908,8856,17764,52,3,7,월
2022-03-07,일산선,마두,6916,7020,13936,-104,3,7,월
2022-03-07,일산선,정발산,5990,6032,12022,-42,3,7,월
2022-03-07,일산선,주엽,8309,8213,16522,96,3,7,월
2022-03-07,일산선,대화,11729,9425,21154,2304,3,7,월
2022-03-07,장항선,봉명,1231,1242,2473,-11,3,7,월
2022-03-07,장항선,쌍용(나사렛대),2311,2310,4621,1,3,7,월
2022-03-07,장항선,아산,3782,3064,6846,718,3,7,월
2022-03-07,장항선,탕정,690,629,1319,61,3,7,월
2022-03-07,장항선,배방,1100,1043,2143,57,3,7,월
2022-03-07,4호선,충무로,26264,26975,53239,-711,3,7,월
2022-03-07,안산선,상록수,15663,15960,31623,-297,3,7,월
2022-03-07,안산선,한대앞,9786,9867,19653,-81,3,7,월
2022-03-07,안산선,중앙,16484,16809,33293,-325,3,7,월
2022-03-07,안산선,고잔,8353,7831,16184,522,3,7,월
2022-03-07,안산선,초지,4787,5313,10100,-526,3,7,월
2022-03-07,안산선,안산,10989,9869,20858,1120,3,7,월
2022-03-07,안산선,신길온천,1626,1464,3090,162,3,7,월
2022-03-07,안산선,정왕,9549,10132,19681,-583,3,7,월
2022-03-07,안산선,오이도,7668,7366,15034,302,3,7,월
2022-03-07,안산선,수리산,3922,3206,7128,716,3,7,월
2022-03-07,우이신설선,북한산우이,2388,2136,4524,252,3,7,월
2022-03-07,우이신설선,솔밭공원,2283,2173,4456,110,3,7,월
2022-03-07,우이신설선,4.19민주묘지,3571,3458,7029,113,3,7,월
2022-03-07,우이신설선,가오리,3858,3892,7750,-34,3,7,월
2022-03-07,우이신설선,화계,3153,2967,6120,186,3,7,월
2022-03-07,우이신설선,삼양,1875,2018,3893,-143,3,7,월
2022-03-07,우이신설선,삼양사거리,2325,2293,4618,32,3,7,월
2022-03-07,우이신설선,솔샘,5461,5267,10728,194,3,7,월
2022-03-07,우이신설선,북한산보국문,5590,5411,11001,179,3,7,월
2022-03-07,우이신설선,정릉,4374,4034,8408,340,3,7,월
2022-03-07,우이신설선,성신여대입구(돈암),3144,3489,6633,-345,3,7,월
2022-03-07,우이신설선,보문,1399,1419,2818,-20,3,7,월
2022-03-07,우이신설선,신설동,2045,1928,3973,117,3,7,월
2022-03-07,장항선,온양온천,3414,3525,6939,-111,3,7,월
2022-03-07,장항선,신창(순천향대),2887,3251,6138,-364,3,7,월
2022-03-07,중앙선,회기,22673,22473,45146,200,3,7,월
2022-03-07,중앙선,중랑,5180,4928,10108,252,3,7,월
2022-03-07,중앙선,상봉(시외버스터미널),5189,5268,10457,-79,3,7,월
2022-03-07,중앙선,망우,7013,6945,13958,68,3,7,월
2022-03-07,중앙선,양원,2461,2308,4769,153,3,7,월
2022-03-07,중앙선,구리,12200,12393,24593,-193,3,7,월
2022-03-07,중앙선,도농,9857,8833,18690,1024,3,7,월
2022-03-07,중앙선,양정,679,590,1269,89,3,7,월
2022-03-07,중앙선,덕소,5153,5206,10359,-53,3,7,월
2022-03-07,중앙선,도심,2228,1763,3991,465,3,7,월
2022-03-07,중앙선,팔당,708,742,1450,-34,3,7,월
2022-03-07,중앙선,운길산,611,577,1188,34,3,7,월
2022-03-07,중앙선,양수,1622,1566,3188,56,3,7,월
2022-03-07,중앙선,신원,187,178,365,9,3,7,월
2022-03-07,중앙선,국수,695,705,1400,-10,3,7,월
2022-03-07,중앙선,아신,472,463,935,9,3,7,월
2022-03-07,중앙선,오빈,272,271,543,1,3,7,월
2022-03-07,중앙선,양평,2464,2409,4873,55,3,7,월
2022-03-07,중앙선,원덕,336,301,637,35,3,7,월
2022-03-07,중앙선,용문,1501,1423,2924,78,3,7,월
2022-03-07,중앙선,지평,48,62,110,-14,3,7,월
2022-03-07,9호선,마곡나루(서울식물원),10550,10497,21047,53,3,7,월
2022-03-07,9호선,신방화,6340,6238,12578,102,3,7,월
2022-03-07,9호선,공항시장,2809,3079,5888,-270,3,7,월
2022-03-07,9호선,김포공항,5452,7868,13320,-2416,3,7,월
2022-03-07,9호선,개화,2298,1638,3936,660,3,7,월
2022-03-07,8호선,남위례,3979,4191,8170,-212,3,7,월
2022-03-07,8호선,모란,4062,3268,7330,794,3,7,월
2022-03-07,8호선,수진,4951,4658,9609,293,3,7,월
2022-03-07,8호선,신흥,3823,4131,7954,-308,3,7,월
2022-03-07,8호선,단대오거리,10337,9921,20258,416,3,7,월
2022-03-07,8호선,남한산성입구(성남법원.검찰청),13537,12570,26107,967,3,7,월
2022-03-07,8호선,산성,4850,4837,9687,13,3,7,월
2022-03-07,8호선,복정,8617,7359,15976,1258,3,7,월
2022-03-07,8호선,장지,15198,14913,30111,285,3,7,월
2022-03-07,8호선,문정,20933,22016,42949,-1083,3,7,월
2022-03-07,8호선,가락시장,6933,7584,14517,-651,3,7,월
2022-03-07,8호선,송파,6801,6996,13797,-195,3,7,월
2022-03-07,8호선,석촌,6813,7677,14490,-864,3,7,월
2022-03-07,8호선,잠실(송파구청),11149,12785,23934,-1636,3,7,월
2022-03-07,8호선,몽촌토성(평화의문),5570,5532,11102,38,3,7,월
2022-03-07,8호선,강동구청,9862,10154,20016,-292,3,7,월
2022-03-07,8호선,천호(풍납토성),12877,14825,27702,-1948,3,7,월
2022-03-07,8호선,암사,17152,15262,32414,1890,3,7,월
2022-03-07,7호선,춘의,1,0,1,1,3,7,월
2022-03-07,7호선,온수(성공회대입구),9846,9089,18935,757,3,7,월
2022-03-07,7호선,천왕,10685,10191,20876,494,3,7,월
2022-03-07,7호선,광명사거리,20467,20098,40565,369,3,7,월
2022-03-07,7호선,철산,19115,19478,38593,-363,3,7,월
2022-03-08,분당선,도곡,6502,6302,12804,200,3,8,화
2022-03-08,분당선,한티,13474,14261,27735,-787,3,8,화
2022-03-08,분당선,선릉,12257,18626,30883,-6369,3,8,화
2022-03-08,과천선,범계,24676,24409,49085,267,3,8,화
2022-03-08,과천선,평촌,16784,16518,33302,266,3,8,화
2022-03-08,과천선,인덕원,22565,23342,45907,-777,3,8,화
2022-03-08,과천선,정부과천청사,9648,9705,19353,-57,3,8,화
2022-03-08,과천선,과천,5920,5397,11317,523,3,8,화
2022-03-08,과천선,대공원,2195,2288,4483,-93,3,8,화
2022-03-08,과천선,경마공원,1287,1237,2524,50,3,8,화
2022-03-08,공항철도 1호선,영종,2757,2860,5617,-103,3,8,화
2022-03-08,공항철도 1호선,인천공항2터미널,1962,1941,3903,21,3,8,화
2022-03-08,공항철도 1호선,인천공항1터미널,3077,3393,6470,-316,3,8,화
2022-03-08,공항철도 1호선,공항화물청사,2204,2416,4620,-212,3,8,화
2022-03-08,공항철도 1호선,운서,6231,6359,12590,-128,3,8,화
2022-03-08,공항철도 1호선,청라국제도시,6301,6004,12305,297,3,8,화
2022-03-08,공항철도 1호선,검암,6079,6077,12156,2,3,8,화
2022-03-08,수인선,달월,96,56,152,40,3,8,화
2022-03-08,공항철도 1호선,계양,9531,9055,18586,476,3,8,화
2022-03-08,공항철도 1호선,김포공항,9602,5465,15067,4137,3,8,화
2022-03-08,공항철도 1호선,마곡나루(서울식물원),8389,8008,16397,381,3,8,화
2022-03-08,공항철도 1호선,디지털미디어시티,12879,11871,24750,1008,3,8,화
2022-03-08,공항철도 1호선,홍대입구,8032,8454,16486,-422,3,8,화
2022-03-08,공항철도 1호선,공덕,2060,2676,4736,-616,3,8,화
2022-03-08,공항철도 1호선,서울역,6668,5859,12527,809,3,8,화
2022-03-08,경춘선,춘천,1531,1272,2803,259,3,8,화
2022-03-08,경춘선,남춘천,2482,2212,4694,270,3,8,화
2022-03-08,경춘선,김유정,204,239,443,-35,3,8,화
2022-03-08,경춘선,강촌,385,379,764,6,3,8,화
2022-03-08,경춘선,백양리,86,81,167,5,3,8,화
2022-03-08,경춘선,굴봉산,109,107,216,2,3,8,화
2022-03-08,경춘선,가평,1286,1305,2591,-19,3,8,화
2022-03-08,경춘선,상천,198,213,411,-15,3,8,화
2022-03-08,경춘선,청평,1384,1426,2810,-42,3,8,화
2022-03-08,경춘선,대성리,380,381,761,-1,3,8,화
2022-03-08,경춘선,마석,4053,4092,8145,-39,3,8,화
2022-03-08,경춘선,천마산,1621,1525,3146,96,3,8,화
2022-03-08,경춘선,평내호평,5974,5914,11888,60,3,8,화
2022-03-08,경춘선,금곡,1467,1456,2923,11,3,8,화
2022-03-08,경춘선,사릉,3279,3085,6364,194,3,8,화
2022-03-08,경춘선,퇴계원,3421,3191,6612,230,3,8,화
2022-03-08,경춘선,별내,3197,3081,6278,116,3,8,화
2022-03-08,경춘선,갈매,2892,2506,5398,386,3,8,화
2022-03-08,경춘선,신내,2063,1980,4043,83,3,8,화
2022-03-08,경인선,도화,3794,3485,7279,309,3,8,화
2022-03-08,경인선,중동,8820,8311,17131,509,3,8,화
2022-03-08,경인선,온수(성공회대입구),6698,6280,12978,418,3,8,화
2022-03-08,경인선,도원,2394,2471,4865,-77,3,8,화
2022-03-08,경인선,간석,5472,5223,10695,249,3,8,화
2022-03-08,경인선,부개,8045,7450,15495,595,3,8,화
2022-03-08,경인선,소사,8330,7999,16329,331,3,8,화
2022-03-08,경인선,구일,5774,5654,11428,120,3,8,화
2022-03-08,경인선,인천,3121,2461,5582,660,3,8,화
2022-03-08,경인선,동인천,12471,11747,24218,724,3,8,화
2022-03-08,경인선,제물포,10091,9538,19629,553,3,8,화
2022-03-08,경인선,주안,17395,15810,33205,1585,3,8,화
2022-03-08,경인선,동암,13456,13695,27151,-239,3,8,화
2022-03-08,경인선,백운,6462,6474,12936,-12,3,8,화
2022-03-08,경인선,부평,25842,27776,53618,-1934,3,8,화
2022-03-08,경인선,송내,25185,24923,50108,262,3,8,화
2022-03-08,경인선,부천,29527,29814,59341,-287,3,8,화
2022-03-08,경인선,역곡,25298,24929,50227,369,3,8,화
2022-03-08,경인선,오류동,11309,10527,21836,782,3,8,화
2022-03-08,경인선,개봉,20319,20119,40438,200,3,8,화
2022-03-08,경의선,임진강,9,1,10,8,3,8,화
2022-03-08,경의선,문산,4671,4603,9274,68,3,8,화
2022-03-08,경의선,파주,1650,1149,2799,501,3,8,화
2022-03-08,경의선,월롱,3014,2584,5598,430,3,8,화
2022-03-08,경의선,금촌,5943,5910,11853,33,3,8,화
2022-03-08,경의선,금릉,4607,4450,9057,157,3,8,화
2022-03-08,경의선,운정,6697,6453,13150,244,3,8,화
2022-03-08,경의선,야당,7596,7717,15313,-121,3,8,화
2022-03-08,경의선,탄현,7398,7114,14512,284,3,8,화
2022-03-08,경의선,일산,10095,9986,20081,109,3,8,화
2022-03-08,경의선,풍산,5311,4972,10283,339,3,8,화
2022-03-08,경의선,백마,6783,6676,13459,107,3,8,화
2022-03-08,경의선,곡산,582,628,1210,-46,3,8,화
2022-03-08,경의선,능곡,3638,3338,6976,300,3,8,화
2022-03-08,경의선,행신,7291,7471,14762,-180,3,8,화
2022-03-08,경의선,강매,3154,2700,5854,454,3,8,화
2022-03-08,경의선,화전,3681,3394,7075,287,3,8,화
2022-03-08,경의선,수색,2706,2835,5541,-129,3,8,화
2022-03-08,경의선,디지털미디어시티,2379,2260,4639,119,3,8,화
2022-03-08,경의선,가좌,5070,4928,9998,142,3,8,화
2022-03-08,경의선,홍대입구,1611,1737,3348,-126,3,8,화
2022-03-08,경의선,서강대,1934,1995,3929,-61,3,8,화
2022-03-08,경의선,공덕,3170,2897,6067,273,3,8,화
2022-03-08,경의선,효창공원앞,2878,3215,6093,-337,3,8,화
2022-03-08,경의선,신촌,850,1108,1958,-258,3,8,화
2022-03-08,경의선,서울역,3922,4981,8903,-1059,3,8,화
2022-03-08,경원선,소요산,2305,2065,4370,240,3,8,화
2022-03-08,경원선,동두천,2659,2846,5505,-187,3,8,화
2022-03-08,경원선,보산,1378,1326,2704,52,3,8,화
2022-03-08,경원선,동두천중앙,2925,2914,5839,11,3,8,화
2022-03-08,경원선,지행,6303,6258,12561,45,3,8,화
2022-03-08,경원선,덕정,6207,5818,12025,389,3,8,화
2022-03-08,경원선,덕계,3101,2756,5857,345,3,8,화
2022-03-08,경원선,양주,7560,7094,14654,466,3,8,화
2022-03-08,경원선,녹양,4434,4059,8493,375,3,8,화
2022-03-08,경원선,가능,6359,6134,12493,225,3,8,화
2022-03-08,경원선,의정부,17117,17748,34865,-631,3,8,화
2022-03-08,경원선,회룡,11905,11759,23664,146,3,8,화
2022-03-08,경원선,망월사,7084,7245,14329,-161,3,8,화
2022-03-08,경원선,도봉산,7230,4674,11904,2556,3,8,화
2022-03-08,경원선,도봉,5802,5551,11353,251,3,8,화
2022-03-08,경원선,방학,9247,9122,18369,125,3,8,화
2022-03-08,경원선,창동,1,0,1,1,3,8,화
2022-03-08,경원선,녹천,4539,3709,8248,830,3,8,화
2022-03-08,경원선,월계,8408,7539,15947,869,3,8,화
2022-03-08,경원선,광운대,8913,8837,17750,76,3,8,화
2022-03-08,경원선,석계,7942,8934,16876,-992,3,8,화
2022-03-08,경원선,신이문,7944,7441,15385,503,3,8,화
2022-03-08,경원선,외대앞,8188,8225,16413,-37,3,8,화
2022-03-08,경원선,청량리(서울시립대입구),13215,13796,27011,-581,3,8,화
2022-03-08,경원선,왕십리(성동구청),13716,14528,28244,-812,3,8,화
2022-03-08,경원선,응봉,1845,1484,3329,361,3,8,화
2022-03-08,경원선,옥수,61,29,90,32,3,8,화
2022-03-08,경원선,한남,3695,3550,7245,145,3,8,화
2022-03-08,경원선,서빙고,1754,1728,3482,26,3,8,화
2022-03-08,경원선,이촌(국립중앙박물관),3405,2630,6035,775,3,8,화
2022-03-08,경부선,광명,2844,2518,5362,326,3,8,화
2022-03-08,경부선,서동탄,1341,1199,2540,142,3,8,화
2022-03-08,경부선,당정,6075,5825,11900,250,3,8,화
2022-03-08,경부선,천안,6965,6108,13073,857,3,8,화
2022-03-08,경부선,두정,8099,8550,16649,-451,3,8,화
2022-03-08,경부선,직산,782,781,1563,1,3,8,화
2022-03-08,경부선,성환,5394,5023,10417,371,3,8,화
2022-03-08,경부선,평택,12640,12467,25107,173,3,8,화
2022-03-08,경부선,평택지제,3438,3240,6678,198,3,8,화
2022-03-08,경부선,서정리,7606,6611,14217,995,3,8,화
2022-03-08,경부선,송탄,4467,4061,8528,406,3,8,화
2022-03-08,경부선,진위,1672,1490,3162,182,3,8,화
2022-03-08,수인선,월곶,2493,2290,4783,203,3,8,화
2022-03-08,수인선,소래포구,4516,4319,8835,197,3,8,화
2022-03-08,수인선,인천논현,5070,5474,10544,-404,3,8,화
2022-03-08,수인선,호구포,3926,4053,7979,-127,3,8,화
2022-03-08,수인선,남동인더스파크,2212,2439,4651,-227,3,8,화
2022-03-08,수인선,원인재,3999,4318,8317,-319,3,8,화
2022-03-08,수인선,연수,4231,4114,8345,117,3,8,화
2022-03-08,수인선,송도,2240,2131,4371,109,3,8,화
2022-03-08,수인선,인하대,5771,5408,11179,363,3,8,화
2022-03-08,경부선,오산,10221,10218,20439,3,3,8,화
2022-03-08,경부선,오산대,4077,3728,7805,349,3,8,화
2022-03-08,경부선,세마,2758,2588,5346,170,3,8,화
2022-03-08,경부선,병점,14453,14908,29361,-455,3,8,화
2022-03-08,경부선,세류,2869,2552,5421,317,3,8,화
2022-03-08,경부선,독산,18056,18738,36794,-682,3,8,화
2022-03-08,경부선,수원,32907,35251,68158,-2344,3,8,화
2022-03-08,경부선,화서,7885,7628,15513,257,3,8,화
2022-03-08,경부선,성균관대,15242,14673,29915,569,3,8,화
2022-03-08,경부선,의왕,8828,8845,17673,-17,3,8,화
2022-03-08,경부선,군포,7598,7607,15205,-9,3,8,화
2022-03-08,경부선,금정,25483,25815,51298,-332,3,8,화
2022-03-08,경부선,명학,10321,10247,20568,74,3,8,화
2022-03-08,경부선,안양,23761,23352,47113,409,3,8,화
2022-03-08,경부선,관악,6786,6189,12975,597,3,8,화
2022-03-08,경부선,석수,9344,8321,17665,1023,3,8,화
2022-03-08,경부선,금천구청,11045,11153,22198,-108,3,8,화
2022-03-08,경부선,가산디지털단지,17239,19942,37181,-2703,3,8,화
2022-03-08,경부선,구로,17257,18149,35406,-892,3,8,화
2022-03-08,경부선,신길,8521,7164,15685,1357,3,8,화
2022-03-08,경부선,신도림,4020,3854,7874,166,3,8,화
2022-03-08,경부선,영등포,33182,34483,67665,-1301,3,8,화
2022-03-08,경부선,대방,12150,12328,24478,-178,3,8,화
2022-03-08,경부선,노량진,7486,7727,15213,-241,3,8,화
2022-03-08,경부선,용산,27867,28182,56049,-315,3,8,화
2022-03-08,경부선,남영,9126,9700,18826,-574,3,8,화
2022-03-08,경부선,서울역,4958,1643,6601,3315,3,8,화
2022-03-08,경강선,여주,2420,2296,4716,124,3,8,화
2022-03-08,경강선,세종대왕릉,285,298,583,-13,3,8,화
2022-03-08,경강선,부발,2140,1868,4008,272,3,8,화
2022-03-08,경강선,이천,2425,2495,4920,-70,3,8,화
2022-03-08,경강선,신둔도예촌,1574,1358,2932,216,3,8,화
2022-03-08,경강선,곤지암,2072,1999,4071,73,3,8,화
2022-03-08,경강선,초월,2954,2841,5795,113,3,8,화
2022-03-08,경강선,경기광주,7271,6887,14158,384,3,8,화
2022-03-08,경강선,삼동,2186,1984,4170,202,3,8,화
2022-03-08,경강선,이매,1037,895,1932,142,3,8,화
2022-03-08,경강선,판교,4212,4232,8444,-20,3,8,화
2022-03-08,9호선2~3단계,중앙보훈병원,10010,8837,18847,1173,3,8,화
2022-03-08,9호선2~3단계,둔촌오륜,1087,1046,2133,41,3,8,화
2022-03-08,9호선2~3단계,올림픽공원(한국체대),5227,5192,10419,35,3,8,화
2022-03-08,분당선,미금,14761,15640,30401,-879,3,8,화
2022-03-08,분당선,오리,10895,9023,19918,1872,3,8,화
2022-03-08,수인선,숭의,3976,3576,7552,400,3,8,화
2022-03-08,수인선,신포,1669,1743,3412,-74,3,8,화
2022-03-08,수인선,인천,861,1478,2339,-617,3,8,화
2022-03-08,안산선,산본,14885,16143,31028,-1258,3,8,화
2022-03-08,안산선,대야미,4733,4270,9003,463,3,8,화
2022-03-08,안산선,반월,4136,3996,8132,140,3,8,화
2022-03-08,안산선,상록수,16066,16302,32368,-236,3,8,화
2022-03-08,일산선,화정,16147,16619,32766,-472,3,8,화
2022-03-08,일산선,대곡,1901,1531,3432,370,3,8,화
2022-03-08,분당선,정자,15611,16653,32264,-1042,3,8,화
2022-03-08,분당선,수내,12327,12365,24692,-38,3,8,화
2022-03-08,분당선,서현,22201,22646,44847,-445,3,8,화
2022-03-08,분당선,야탑,24153,25082,49235,-929,3,8,화
2022-03-08,분당선,모란,19013,19395,38408,-382,3,8,화
2022-03-08,6호선,약수,3336,3322,6658,14,3,8,화
2022-03-08,5호선,방화,6122,5920,12042,202,3,8,화
2022-03-08,안산선,한대앞,10646,10534,21180,112,3,8,화
2022-03-08,안산선,중앙,16959,17916,34875,-957,3,8,화
2022-03-08,안산선,고잔,8551,8102,16653,449,3,8,화
2022-03-08,안산선,초지,4925,5342,10267,-417,3,8,화
2022-03-08,안산선,안산,11010,10106,21116,904,3,8,화
2022-03-08,안산선,신길온천,1690,1539,3229,151,3,8,화
2022-03-08,안산선,정왕,10479,10411,20890,68,3,8,화
2022-03-08,안산선,오이도,7854,7786,15640,68,3,8,화
2022-03-08,안산선,수리산,4111,3291,7402,820,3,8,화
2022-03-08,분당선,이매,5369,4882,10251,487,3,8,화
2022-03-08,1호선,서울역,37193,35485,72678,1708,3,8,화
2022-03-08,1호선,시청,27134,28043,55177,-909,3,8,화
2022-03-08,1호선,종각,32567,31518,64085,1049,3,8,화
2022-03-08,1호선,종로3가,23079,21367,44446,1712,3,8,화
2022-03-08,1호선,종로5가,21276,21016,42292,260,3,8,화
2022-03-08,1호선,동대문,10275,9580,19855,695,3,8,화
2022-03-08,1호선,신설동,12618,12464,25082,154,3,8,화
2022-03-08,1호선,제기동,15670,16026,31696,-356,3,8,화
2022-03-08,1호선,청량리(서울시립대입구),18749,18725,37474,24,3,8,화
2022-03-08,1호선,동묘앞,7215,7617,14832,-402,3,8,화
2022-03-08,2호선,시청,25676,24180,49856,1496,3,8,화
2022-03-08,2호선,을지로입구,36289,36757,73046,-468,3,8,화
2022-03-08,2호선,을지로3가,19792,20182,39974,-390,3,8,화
2022-03-08,2호선,을지로4가,12022,12289,24311,-267,3,8,화
2022-03-08,2호선,동대문역사문화공원(DDP),10717,12338,23055,-1621,3,8,화
2022-03-08,2호선,신당,13229,13634,26863,-405,3,8,화
2022-03-08,2호선,상왕십리,13232,12923,26155,309,3,8,화
2022-03-08,2호선,왕십리(성동구청),15588,12553,28141,3035,3,8,화
2022-03-08,2호선,한양대,16002,17485,33487,-1483,3,8,화
2022-03-08,2호선,뚝섬,19657,21163,40820,-1506,3,8,화
2022-03-08,2호선,성수,34075,37555,71630,-3480,3,8,화
2022-03-08,2호선,건대입구,33788,36187,69975,-2399,3,8,화
2022-03-08,2호선,구의(광진구청),22209,21882,44091,327,3,8,화
2022-03-08,2호선,강변(동서울터미널),26188,24376,50564,1812,3,8,화
2022-03-08,2호선,잠실나루,13799,13202,27001,597,3,8,화
2022-03-08,2호선,잠실(송파구청),57042,56755,113797,287,3,8,화
2022-03-08,2호선,잠실새내,19372,19473,38845,-101,3,8,화
2022-03-08,2호선,종합운동장,7319,7632,14951,-313,3,8,화
2022-03-08,2호선,삼성(무역센터),44066,44792,88858,-726,3,8,화
2022-03-08,2호선,선릉,51626,45986,97612,5640,3,8,화
2022-03-08,2호선,역삼,46847,52756,99603,-5909,3,8,화
2022-03-08,2호선,강남,76264,75532,151796,732,3,8,화
2022-03-08,2호선,교대(법원.검찰청),31453,35242,66695,-3789,3,8,화
2022-03-08,2호선,서초,19579,19033,38612,546,3,8,화
2022-03-08,2호선,방배,17492,18171,35663,-679,3,8,화
2022-03-08,2호선,사당,33285,36955,70240,-3670,3,8,화
2022-03-08,2호선,낙성대(강감찬),25648,24613,50261,1035,3,8,화
2022-03-08,2호선,서울대입구(관악구청),45807,44341,90148,1466,3,8,화
2022-03-08,2호선,봉천,22047,20434,42481,1613,3,8,화
2022-03-08,2호선,신림,58736,57181,115917,1555,3,8,화
2022-03-08,2호선,신대방,24859,23922,48781,937,3,8,화
2022-03-08,2호선,구로디지털단지,55178,55399,110577,-221,3,8,화
2022-03-08,2호선,대림(구로구청),22105,23014,45119,-909,3,8,화
2022-03-08,2호선,신도림,42590,43247,85837,-657,3,8,화
2022-03-08,2호선,문래,19685,20239,39924,-554,3,8,화
2022-03-08,2호선,영등포구청,21488,22319,43807,-831,3,8,화
2022-03-08,2호선,당산,17508,20243,37751,-2735,3,8,화
2022-03-08,2호선,합정,27374,28983,56357,-1609,3,8,화
2022-03-08,2호선,홍대입구,48958,51747,100705,-2789,3,8,화
2022-03-08,2호선,신촌,30513,30948,61461,-435,3,8,화
2022-03-08,2호선,이대,13235,13922,27157,-687,3,8,화
2022-03-08,2호선,아현,9855,9294,19149,561,3,8,화
2022-03-08,2호선,충정로(경기대입구),9271,9819,19090,-548,3,8,화
2022-03-08,2호선,용답,3219,3391,6610,-172,3,8,화
2022-03-08,2호선,신답,1521,1717,3238,-196,3,8,화
2022-03-08,2호선,신설동,2933,3089,6022,-156,3,8,화
2022-03-08,2호선,도림천,1378,1417,2795,-39,3,8,화
2022-03-08,2호선,양천구청,6321,6653,12974,-332,3,8,화
2022-03-08,2호선,신정네거리,9580,9862,19442,-282,3,8,화
2022-03-08,2호선,용두(동대문구청),2290,2292,4582,-2,3,8,화
2022-03-08,3호선,지축,4446,4136,8582,310,3,8,화
2022-03-08,3호선,구파발,18938,18154,37092,784,3,8,화
2022-03-08,3호선,연신내,33719,32048,65767,1671,3,8,화
2022-03-08,3호선,불광,14938,16179,31117,-1241,3,8,화
2022-03-08,3호선,녹번,14760,13260,28020,1500,3,8,화
2022-03-08,3호선,홍제,16346,15570,31916,776,3,8,화
2022-03-08,3호선,무악재,3632,3739,7371,-107,3,8,화
2022-03-08,3호선,독립문,6598,6740,13338,-142,3,8,화
2022-03-08,3호선,경복궁(정부서울청사),19112,18605,37717,507,3,8,화
2022-03-08,3호선,안국,17662,18363,36025,-701,3,8,화
2022-03-08,3호선,종로3가,9103,10776,19879,-1673,3,8,화
2022-03-08,3호선,을지로3가,9457,9921,19378,-464,3,8,화
2022-03-08,3호선,충무로,3,0,3,3,3,8,화
2022-03-08,3호선,동대입구,8191,8890,17081,-699,3,8,화
2022-03-08,3호선,약수,12073,11954,24027,119,3,8,화
2022-03-08,3호선,금호,7420,6854,14274,566,3,8,화
2022-03-08,3호선,옥수,7971,8236,16207,-265,3,8,화
2022-03-08,3호선,압구정,29064,31150,60214,-2086,3,8,화
2022-03-08,3호선,신사,28034,29462,57496,-1428,3,8,화
2022-03-08,3호선,잠원,4388,4204,8592,184,3,8,화
2022-03-08,3호선,고속터미널,33295,32389,65684,906,3,8,화
2022-03-08,3호선,교대(법원.검찰청),13121,8767,21888,4354,3,8,화
2022-03-08,3호선,남부터미널(예술의전당),26257,26405,52662,-148,3,8,화
2022-03-08,3호선,양재(서초구청),35588,38533,74121,-2945,3,8,화
2022-03-08,3호선,매봉,11442,10804,22246,638,3,8,화
2022-03-08,3호선,도곡,4899,5042,9941,-143,3,8,화
2022-03-08,3호선,대치,10240,10274,20514,-34,3,8,화
2022-03-08,3호선,학여울,1618,1609,3227,9,3,8,화
2022-03-08,3호선,대청,9124,8459,17583,665,3,8,화
2022-03-08,3호선,일원,9893,9432,19325,461,3,8,화
2022-03-08,3호선,수서,15250,15486,30736,-236,3,8,화
2022-03-08,3호선,가락시장,8317,8066,16383,251,3,8,화
2022-03-08,3호선,경찰병원,6965,6922,13887,43,3,8,화
2022-03-08,3호선,오금,5656,5241,10897,415,3,8,화
2022-03-08,4호선,당고개,12466,11273,23739,1193,3,8,화
2022-03-08,4호선,상계,17868,16384,34252,1484,3,8,화
2022-03-08,4호선,노원,17349,19750,37099,-2401,3,8,화
2022-03-08,4호선,창동,23920,25410,49330,-1490,3,8,화
2022-03-08,4호선,쌍문,27332,25023,52355,2309,3,8,화
2022-03-08,4호선,수유(강북구청),31661,31950,63611,-289,3,8,화
2022-03-08,4호선,미아(서울사이버대학),14430,13934,28364,496,3,8,화
2022-03-08,4호선,미아사거리,25481,24716,50197,765,3,8,화
2022-03-08,4호선,길음,19341,19205,38546,136,3,8,화
2022-03-08,4호선,성신여대입구(돈암),19615,18821,38436,794,3,8,화
2022-03-08,4호선,한성대입구(삼선교),12270,12009,24279,261,3,8,화
2022-03-08,4호선,혜화,30615,29618,60233,997,3,8,화
2022-03-08,4호선,동대문,18021,18714,36735,-693,3,8,화
2022-03-08,4호선,동대문역사문화공원(DDP),12876,12126,25002,750,3,8,화
2022-03-08,4호선,충무로,26368,26985,53353,-617,3,8,화
2022-03-08,4호선,명동,17238,17870,35108,-632,3,8,화
2022-03-08,4호선,회현(남대문시장),21633,23237,44870,-1604,3,8,화
2022-03-08,4호선,서울역,9953,13872,23825,-3919,3,8,화
2022-03-08,4호선,숙대입구(갈월),13259,12841,26100,418,3,8,화
2022-03-08,4호선,삼각지,4503,5005,9508,-502,3,8,화
2022-03-08,4호선,신용산,14264,15118,29382,-854,3,8,화
2022-03-08,4호선,이촌(국립중앙박물관),6252,7002,13254,-750,3,8,화
2022-03-08,4호선,동작(현충원),1523,1675,3198,-152,3,8,화
2022-03-08,4호선,총신대입구(이수),17693,19346,37039,-1653,3,8,화
2022-03-08,4호선,사당,22857,19284,42141,3573,3,8,화
2022-03-08,4호선,남태령,1110,926,2036,184,3,8,화
2022-03-08,5호선,개화산,5295,5052,10347,243,3,8,화
2022-03-08,5호선,김포공항,5880,5858,11738,22,3,8,화
2022-03-08,5호선,송정,6075,5875,11950,200,3,8,화
2022-03-08,5호선,마곡,10047,10042,20089,5,3,8,화
2022-03-08,5호선,발산,19416,19949,39365,-533,3,8,화
2022-03-08,5호선,우장산,13616,13329,26945,287,3,8,화
2022-03-08,5호선,화곡,26669,24847,51516,1822,3,8,화
2022-03-08,5호선,까치산,27206,26067,53273,1139,3,8,화
2022-03-08,5호선,신정(은행정),13111,10437,23548,2674,3,8,화
2022-03-08,5호선,목동,15701,16908,32609,-1207,3,8,화
2022-03-08,5호선,오목교(목동운동장앞),19496,20960,40456,-1464,3,8,화
2022-03-08,5호선,양평,7008,6890,13898,118,3,8,화
2022-03-08,5호선,영등포구청,3652,3777,7429,-125,3,8,화
2022-03-08,5호선,영등포시장,9172,9473,18645,-301,3,8,화
2022-03-08,5호선,신길,3889,4155,8044,-266,3,8,화
2022-03-08,5호선,여의도,25947,27366,53313,-1419,3,8,화
2022-03-08,5호선,여의나루,8547,9633,18180,-1086,3,8,화
2022-03-08,5호선,마포,13244,13572,26816,-328,3,8,화
2022-03-08,5호선,공덕,12672,13515,26187,-843,3,8,화
2022-03-08,5호선,애오개,6320,6381,12701,-61,3,8,화
2022-03-08,5호선,충정로(경기대입구),4465,4574,9039,-109,3,8,화
2022-03-08,5호선,서대문,17690,17976,35666,-286,3,8,화
2022-03-08,5호선,광화문(세종문화회관),30685,32587,63272,-1902,3,8,화
2022-03-08,5호선,종로3가,10763,11337,22100,-574,3,8,화
2022-03-08,5호선,을지로4가,5793,5816,11609,-23,3,8,화
2022-03-08,5호선,동대문역사문화공원(DDP),2664,3152,5816,-488,3,8,화
2022-03-08,5호선,청구,3839,3475,7314,364,3,8,화
2022-03-08,5호선,신금호,6115,6361,12476,-246,3,8,화
2022-03-08,5호선,행당,7589,6765,14354,824,3,8,화
2022-03-08,5호선,왕십리(성동구청),4202,4889,9091,-687,3,8,화
2022-03-08,5호선,마장,5471,5178,10649,293,3,8,화
2022-03-08,5호선,답십리,15117,13839,28956,1278,3,8,화
2022-03-08,5호선,장한평,17223,17099,34322,124,3,8,화
2022-03-08,5호선,군자(능동),10527,11758,22285,-1231,3,8,화
2022-03-08,5호선,아차산(어린이대공원후문),14101,13584,27685,517,3,8,화
2022-03-08,5호선,광나루(장신대),12256,11127,23383,1129,3,8,화
2022-03-08,5호선,천호(풍납토성),16382,16423,32805,-41,3,8,화
2022-03-08,5호선,강동,17534,16676,34210,858,3,8,화
2022-03-08,5호선,길동,7587,7905,15492,-318,3,8,화
2022-03-08,5호선,굽은다리(강동구민회관앞),8856,8203,17059,653,3,8,화
2022-03-08,5호선,명일,7955,8152,16107,-197,3,8,화
2022-03-08,5호선,고덕,8943,8915,17858,28,3,8,화
2022-03-08,5호선,상일동,13714,12872,26586,842,3,8,화
2022-03-08,5호선,둔촌동,8148,8189,16337,-41,3,8,화
2022-03-08,5호선,올림픽공원(한국체대),3993,3464,7457,529,3,8,화
2022-03-08,5호선,방이,6641,6914,13555,-273,3,8,화
2022-03-08,5호선,오금,3546,3523,7069,23,3,8,화
2022-03-08,5호선,개롱,6016,6097,12113,-81,3,8,화
2022-03-08,5호선,거여,9518,8954,18472,564,3,8,화
2022-03-08,5호선,마천,6705,6436,13141,269,3,8,화
2022-03-08,5호선,강일,3774,3651,7425,123,3,8,화
2022-03-08,5호선,미사,14426,14428,28854,-2,3,8,화
2022-03-08,5호선,하남풍산,3983,3962,7945,21,3,8,화
2022-03-08,5호선,하남시청(덕풍·신장),6151,5947,12098,204,3,8,화
2022-03-08,5호선,하남검단산,5156,4911,10067,245,3,8,화
2022-03-08,6호선,응암,16569,16211,32780,358,3,8,화
2022-03-08,6호선,역촌,3562,4102,7664,-540,3,8,화
2022-03-08,6호선,불광,3891,3782,7673,109,3,8,화
2022-03-08,6호선,독바위,2519,2617,5136,-98,3,8,화
2022-03-08,6호선,구산,7309,5550,12859,1759,3,8,화
2022-03-08,6호선,새절(신사),12329,11675,24004,654,3,8,화
2022-03-08,6호선,증산(명지대앞),9434,9540,18974,-106,3,8,화
2022-03-08,6호선,디지털미디어시티,12660,13900,26560,-1240,3,8,화
2022-03-08,6호선,월드컵경기장(성산),3937,4103,8040,-166,3,8,화
2022-03-08,6호선,마포구청,13412,12164,25576,1248,3,8,화
2022-03-08,6호선,망원,12458,13376,25834,-918,3,8,화
2022-03-08,6호선,합정,11645,11567,23212,78,3,8,화
2022-03-08,6호선,상수,7984,8937,16921,-953,3,8,화
2022-03-08,6호선,광흥창(서강),8260,7986,16246,274,3,8,화
2022-03-08,6호선,대흥(서강대앞),7733,7957,15690,-224,3,8,화
2022-03-08,6호선,공덕,16918,16486,33404,432,3,8,화
2022-03-08,6호선,효창공원앞,6493,6117,12610,376,3,8,화
2022-03-08,6호선,삼각지,5691,4994,10685,697,3,8,화
2022-03-08,6호선,녹사평(용산구청),4104,4192,8296,-88,3,8,화
2022-03-08,6호선,이태원,8852,9319,18171,-467,3,8,화
2022-03-08,6호선,한강진,6512,7686,14198,-1174,3,8,화
2022-03-08,6호선,버티고개,1884,1919,3803,-35,3,8,화
2022-03-08,6호선,청구,3581,3832,7413,-251,3,8,화
2022-03-08,6호선,신당,7585,8037,15622,-452,3,8,화
2022-03-08,6호선,동묘앞,7456,7539,14995,-83,3,8,화
2022-03-08,6호선,창신,3295,2684,5979,611,3,8,화
2022-03-08,6호선,보문,6852,6331,13183,521,3,8,화
2022-03-08,6호선,안암(고대병원앞),11550,11363,22913,187,3,8,화
2022-03-08,6호선,고려대(종암),7567,7305,14872,262,3,8,화
2022-03-08,6호선,월곡(동덕여대),10882,10828,21710,54,3,8,화
2022-03-08,6호선,상월곡(한국과학기술연구원),5790,5215,11005,575,3,8,화
2022-03-08,6호선,돌곶이,9622,8936,18558,686,3,8,화
2022-03-08,6호선,석계,11751,12384,24135,-633,3,8,화
2022-03-08,6호선,태릉입구,5227,5770,10997,-543,3,8,화
2022-03-08,6호선,화랑대(서울여대입구),11285,8718,20003,2567,3,8,화
2022-03-08,6호선,봉화산(서울의료원),8410,7872,16282,538,3,8,화
2022-03-08,6호선,신내,3,0,3,3,3,8,화
2022-03-08,7호선,장암,2113,777,2890,1336,3,8,화
2022-03-08,7호선,도봉산,8935,10159,19094,-1224,3,8,화
2022-03-08,7호선,수락산,11797,11583,23380,214,3,8,화
2022-03-08,7호선,마들,11973,11336,23309,637,3,8,화
2022-03-08,7호선,노원,18415,19320,37735,-905,3,8,화
2022-03-08,7호선,중계,13823,12606,26429,1217,3,8,화
2022-03-08,7호선,하계,17002,15814,32816,1188,3,8,화
2022-03-08,7호선,공릉(서울과학기술대),12272,12070,24342,202,3,8,화
2022-03-08,7호선,먹골,9509,9312,18821,197,3,8,화
2022-03-08,7호선,중화,10293,10100,20393,193,3,8,화
2022-03-08,7호선,상봉(시외버스터미널),15621,14805,30426,816,3,8,화
2022-03-08,7호선,면목,15786,15456,31242,330,3,8,화
2022-03-08,7호선,사가정,15492,15484,30976,8,3,8,화
2022-03-08,7호선,용마산(용마폭포공원),5743,5515,11258,228,3,8,화
2022-03-08,7호선,중곡,10603,9879,20482,724,3,8,화
2022-03-08,7호선,군자(능동),14111,11261,25372,2850,3,8,화
2022-03-08,7호선,어린이대공원(세종대),13727,14113,27840,-386,3,8,화
2022-03-08,7호선,건대입구,12108,12588,24696,-480,3,8,화
2022-03-08,7호선,뚝섬유원지,7234,7016,14250,218,3,8,화
2022-03-08,7호선,청담,17874,20099,37973,-2225,3,8,화
2022-03-08,7호선,강남구청,15087,16606,31693,-1519,3,8,화
2022-03-08,7호선,학동,22634,24093,46727,-1459,3,8,화
2022-03-08,7호선,논현,18978,20637,39615,-1659,3,8,화
2022-03-08,7호선,반포,5309,5033,10342,276,3,8,화
2022-03-08,7호선,고속터미널,13642,11961,25603,1681,3,8,화
2022-03-08,7호선,내방,13502,14028,27530,-526,3,8,화
2022-03-08,7호선,이수,14796,14201,28997,595,3,8,화
2022-03-08,7호선,남성,10604,9829,20433,775,3,8,화
2022-03-08,7호선,숭실대입구(살피재),14857,14880,29737,-23,3,8,화
2022-03-08,7호선,상도,10650,10358,21008,292,3,8,화
2022-03-08,7호선,장승배기,8569,8476,17045,93,3,8,화
2022-03-08,7호선,신대방삼거리,15933,15232,31165,701,3,8,화
2022-03-08,7호선,보라매,9559,9399,18958,160,3,8,화
2022-03-08,7호선,신풍,10914,10355,21269,559,3,8,화
2022-03-08,7호선,대림(구로구청),7417,7433,14850,-16,3,8,화
2022-03-08,7호선,남구로,14904,15862,30766,-958,3,8,화
2022-03-08,우이신설선,북한산우이,2418,2197,4615,221,3,8,화
2022-03-08,우이신설선,솔밭공원,2314,2179,4493,135,3,8,화
2022-03-08,7호선,가산디지털단지,42501,43029,85530,-528,3,8,화
2022-03-08,7호선,철산,19536,20130,39666,-594,3,8,화
2022-03-08,7호선,광명사거리,20982,20614,41596,368,3,8,화
2022-03-08,7호선,천왕,10618,10110,20728,508,3,8,화
2022-03-08,7호선,온수(성공회대입구),10071,9427,19498,644,3,8,화
2022-03-08,7호선,춘의,1,0,1,1,3,8,화
2022-03-08,7호선,신중동,2,0,2,2,3,8,화
2022-03-08,7호선,부천시청,1,0,1,1,3,8,화
2022-03-08,7호선,상동,1,0,1,1,3,8,화
2022-03-08,8호선,암사,17700,15470,33170,2230,3,8,화
2022-03-08,8호선,천호(풍납토성),13397,15657,29054,-2260,3,8,화
2022-03-08,8호선,강동구청,9824,10058,19882,-234,3,8,화
2022-03-08,8호선,몽촌토성(평화의문),5516,5680,11196,-164,3,8,화
2022-03-08,8호선,잠실(송파구청),11915,13849,25764,-1934,3,8,화
2022-03-08,8호선,석촌,6984,8064,15048,-1080,3,8,화
2022-03-08,8호선,송파,7100,7007,14107,93,3,8,화
2022-03-08,8호선,가락시장,7156,8003,15159,-847,3,8,화
2022-03-08,8호선,문정,20940,22063,43003,-1123,3,8,화
2022-03-08,8호선,장지,15774,15005,30779,769,3,8,화
2022-03-08,8호선,복정,9058,7556,16614,1502,3,8,화
2022-03-08,8호선,산성,5028,5002,10030,26,3,8,화
2022-03-08,8호선,남한산성입구(성남법원.검찰청),13829,12811,26640,1018,3,8,화
2022-03-08,8호선,단대오거리,10820,10031,20851,789,3,8,화
2022-03-08,8호선,신흥,3904,4104,8008,-200,3,8,화
2022-03-08,8호선,수진,5002,4617,9619,385,3,8,화
2022-03-08,8호선,모란,4224,3433,7657,791,3,8,화
2022-03-08,8호선,남위례,4181,4368,8549,-187,3,8,화
2022-03-08,9호선,개화,2199,1604,3803,595,3,8,화
2022-03-08,9호선,김포공항,5742,8927,14669,-3185,3,8,화
2022-03-08,9호선,공항시장,2889,3095,5984,-206,3,8,화
2022-03-08,9호선,신방화,6338,6025,12363,313,3,8,화
2022-03-08,9호선,마곡나루(서울식물원),11023,11055,22078,-32,3,8,화
2022-03-08,9호선,양천향교,9536,9550,19086,-14,3,8,화
2022-03-08,9호선,가양,19027,18368,37395,659,3,8,화
2022-03-08,9호선,증미,6822,6640,13462,182,3,8,화
2022-03-08,9호선,등촌,10610,10159,20769,451,3,8,화
2022-03-08,9호선,염창,15722,15117,30839,605,3,8,화
2022-03-08,9호선,신목동,3821,3306,7127,515,3,8,화
2022-03-08,9호선,선유도,7998,7788,15786,210,3,8,화
2022-03-08,9호선,당산,16733,16904,33637,-171,3,8,화
2022-03-08,9호선,국회의사당,13785,14513,28298,-728,3,8,화
2022-03-08,9호선,여의도,24732,23835,48567,897,3,8,화
2022-03-08,9호선,샛강,5425,5477,10902,-52,3,8,화
2022-03-08,9호선,노량진,23740,23219,46959,521,3,8,화
2022-03-08,9호선,노들,4025,3350,7375,675,3,8,화
2022-03-08,9호선,흑석(중앙대입구),8985,8904,17889,81,3,8,화
2022-03-08,9호선,동작(현충원),2037,1565,3602,472,3,8,화
2022-03-08,9호선,구반포,1168,1242,2410,-74,3,8,화
2022-03-08,9호선,신반포,3030,2942,5972,88,3,8,화
2022-03-08,9호선,고속터미널,10193,12779,22972,-2586,3,8,화
2022-03-08,9호선,사평,3155,3095,6250,60,3,8,화
2022-03-08,9호선,신논현,28758,29195,57953,-437,3,8,화
2022-03-08,9호선2~3단계,언주,9388,9701,19089,-313,3,8,화
2022-03-08,9호선2~3단계,선정릉,8767,9741,18508,-974,3,8,화
2022-03-08,9호선2~3단계,삼성중앙,6198,6648,12846,-450,3,8,화
2022-03-08,9호선2~3단계,봉은사,13605,13938,27543,-333,3,8,화
2022-03-08,9호선2~3단계,종합운동장,3709,3775,7484,-66,3,8,화
2022-03-08,9호선2~3단계,삼전,6457,6079,12536,378,3,8,화
2022-03-08,9호선2~3단계,석촌고분,5629,5518,11147,111,3,8,화
2022-03-08,9호선2~3단계,석촌,7625,6710,14335,915,3,8,화
2022-03-08,9호선2~3단계,송파나루,4489,4700,9189,-211,3,8,화
2022-03-08,우이신설선,4.19민주묘지,3280,3028,6308,252,3,8,화
2022-03-08,9호선2~3단계,한성백제,2317,2054,4371,263,3,8,화
2022-03-08,우이신설선,가오리,3871,3833,7704,38,3,8,화
2022-03-08,우이신설선,화계,3203,2912,6115,291,3,8,화
2022-03-08,우이신설선,삼양,1946,2057,4003,-111,3,8,화
2022-03-08,우이신설선,삼양사거리,2318,2301,4619,17,3,8,화
2022-03-08,우이신설선,솔샘,5435,5098,10533,337,3,8,화
2022-03-08,우이신설선,북한산보국문,5717,5327,11044,390,3,8,화
2022-03-08,우이신설선,정릉,4406,3985,8391,421,3,8,화
2022-03-08,우이신설선,성신여대입구(돈암),3232,3501,6733,-269,3,8,화
2022-03-08,우이신설선,보문,1462,1443,2905,19,3,8,화
2022-03-08,우이신설선,신설동,1984,1922,3906,62,3,8,화
2022-03-08,일산선,원흥,10032,9534,19566,498,3,8,화
2022-03-08,일산선,삼송,18141,17589,35730,552,3,8,화
2022-03-08,일산선,원당,10480,9935,20415,545,3,8,화
2022-03-08,중앙선,지평,52,76,128,-24,3,8,화
2022-03-08,일산선,백석,9385,9325,18710,60,3,8,화
2022-03-08,일산선,마두,7059,7124,14183,-65,3,8,화
2022-03-08,일산선,정발산,6461,6543,13004,-82,3,8,화
2022-03-08,일산선,주엽,8233,8329,16562,-96,3,8,화
2022-03-08,일산선,대화,11726,9328,21054,2398,3,8,화
2022-03-08,장항선,봉명,1322,1244,2566,78,3,8,화
2022-03-08,장항선,쌍용(나사렛대),2530,2313,4843,217,3,8,화
2022-03-08,장항선,아산,3846,3290,7136,556,3,8,화
2022-03-08,장항선,탕정,785,691,1476,94,3,8,화
2022-03-08,장항선,배방,1243,1096,2339,147,3,8,화
2022-03-08,장항선,온양온천,3392,3589,6981,-197,3,8,화
2022-03-08,장항선,신창(순천향대),3411,2850,6261,561,3,8,화
2022-03-08,중앙선,회기,23682,22816,46498,866,3,8,화
2022-03-08,중앙선,중랑,5404,5056,10460,348,3,8,화
2022-03-08,중앙선,상봉(시외버스터미널),5279,5252,10531,27,3,8,화
2022-03-08,중앙선,망우,7139,7068,14207,71,3,8,화
2022-03-08,중앙선,양원,2500,2385,4885,115,3,8,화
2022-03-08,중앙선,구리,12535,12734,25269,-199,3,8,화
2022-03-08,중앙선,도농,9903,9076,18979,827,3,8,화
2022-03-08,중앙선,양정,709,617,1326,92,3,8,화
2022-03-08,중앙선,덕소,5214,5313,10527,-99,3,8,화
2022-03-08,중앙선,도심,2299,1847,4146,452,3,8,화
2022-03-08,중앙선,팔당,808,833,1641,-25,3,8,화
2022-03-08,중앙선,운길산,629,622,1251,7,3,8,화
2022-03-08,중앙선,양수,1633,1644,3277,-11,3,8,화
2022-03-08,중앙선,신원,208,177,385,31,3,8,화
2022-03-08,중앙선,국수,722,733,1455,-11,3,8,화
2022-03-08,중앙선,아신,489,470,959,19,3,8,화
2022-03-08,중앙선,오빈,292,297,589,-5,3,8,화
2022-03-08,중앙선,양평,3346,3362,6708,-16,3,8,화
2022-03-08,중앙선,원덕,308,305,613,3,3,8,화
2022-03-08,중앙선,용문,1503,1514,3017,-11,3,8,화
2022-03-08,7호선,태릉입구,7990,7680,15670,310,3,8,화
2022-03-08,과천선,선바위,7519,6798,14317,721,3,8,화
2022-03-08,수인선,사리,4667,4117,8784,550,3,8,화
2022-03-08,수인선,야목,379,292,671,87,3,8,화
2022-03-08,수인선,어천,683,674,1357,9,3,8,화
2022-03-08,수인선,오목천,3387,3180,6567,207,3,8,화
2022-03-08,수인선,고색,4734,4520,9254,214,3,8,화
2022-03-08,분당선,매교,3097,3041,6138,56,3,8,화
2022-03-08,분당선,수원시청,11663,12811,24474,-1148,3,8,화
2022-03-08,분당선,매탄권선,5001,4820,9821,181,3,8,화
2022-03-08,분당선,망포,13881,13038,26919,843,3,8,화
2022-03-08,분당선,영통,7872,7982,15854,-110,3,8,화
2022-03-08,분당선,청명,4238,3992,8230,246,3,8,화
2022-03-08,분당선,상갈,5008,4907,9915,101,3,8,화
2022-03-08,분당선,기흥,9351,8604,17955,747,3,8,화
2022-03-08,분당선,신갈,4249,4298,8547,-49,3,8,화
2022-03-08,분당선,구성,4711,4953,9664,-242,3,8,화
2022-03-08,분당선,죽전,13303,14603,27906,-1300,3,8,화
2022-03-08,분당선,보정,2445,2130,4575,315,3,8,화
2022-03-08,분당선,태평,12622,12129,24751,493,3,8,화
2022-03-08,분당선,가천대,7016,7759,14775,-743,3,8,화
2022-03-08,분당선,선정릉,7601,8013,15614,-412,3,8,화
2022-03-08,분당선,강남구청,9367,10991,20358,-1624,3,8,화
2022-03-08,분당선,압구정로데오,17160,19036,36196,-1876,3,8,화
2022-03-08,분당선,서울숲,8912,9176,18088,-264,3,8,화
2022-03-08,분당선,수원,7849,6446,14295,1403,3,8,화
2022-03-08,분당선,수서,12103,12270,24373,-167,3,8,화
2022-03-08,분당선,대모산입구,4259,3947,8206,312,3,8,화
2022-03-08,분당선,개포동,3587,3693,7280,-106,3,8,화
2022-03-08,분당선,구룡,2228,2086,4314,142,3,8,화
2022-03-09,7호선,반포,3071,2982,6053,89,3,9,수
2022-03-09,경원선,석계,4968,5329,10297,-361,3,9,수
2022-03-09,경원선,광운대,4322,4450,8772,-128,3,9,수
2022-03-09,경원선,월계,3496,3286,6782,210,3,9,수
2022-03-09,경원선,녹천,2648,2253,4901,395,3,9,수
2022-03-09,경원선,방학,5789,5683,11472,106,3,9,수
2022-03-09,경원선,도봉,3580,3373,6953,207,3,9,수
2022-03-09,경원선,도봉산,7359,5304,12663,2055,3,9,수
2022-03-09,경원선,망월사,4507,4642,9149,-135,3,9,수
2022-03-09,경원선,회룡,7180,7259,14439,-79,3,9,수
2022-03-09,경원선,의정부,11971,12177,24148,-206,3,9,수
2022-03-09,경원선,가능,3795,3599,7394,196,3,9,수
2022-03-09,경원선,녹양,2531,2473,5004,58,3,9,수
2022-03-09,경원선,양주,4578,4435,9013,143,3,9,수
2022-03-09,1호선,서울역,17151,16519,33670,632,3,9,수
2022-03-09,5호선,개화산,2838,2866,5704,-28,3,9,수
2022-03-09,5호선,김포공항,5707,5478,11185,229,3,9,수
2022-03-09,5호선,송정,3596,3549,7145,47,3,9,수
2022-03-09,5호선,마곡,3786,4016,7802,-230,3,9,수
2022-03-09,5호선,발산,9342,9620,18962,-278,3,9,수
2022-03-09,5호선,우장산,6588,6859,13447,-271,3,9,수
2022-03-09,5호선,화곡,15020,14049,29069,971,3,9,수
2022-03-09,5호선,까치산,15830,15443,31273,387,3,9,수
2022-03-09,5호선,신정(은행정),6571,5986,12557,585,3,9,수
2022-03-09,5호선,목동,7813,7929,15742,-116,3,9,수
2022-03-09,5호선,오목교(목동운동장앞),11327,11623,22950,-296,3,9,수
2022-03-09,5호선,양평,2704,2608,5312,96,3,9,수
2022-03-09,5호선,영등포구청,1461,1430,2891,31,3,9,수
2022-03-09,중앙선,지평,38,33,71,5,3,9,수
2022-03-09,중앙선,용문,1407,1331,2738,76,3,9,수
2022-03-09,5호선,영등포시장,5045,5228,10273,-183,3,9,수
2022-03-09,5호선,신길,1876,2109,3985,-233,3,9,수
2022-03-09,5호선,여의도,8575,8572,17147,3,3,9,수
2022-03-09,5호선,여의나루,9918,11301,21219,-1383,3,9,수
2022-03-09,5호선,마포,5334,5429,10763,-95,3,9,수
2022-03-09,5호선,공덕,4749,4777,9526,-28,3,9,수
2022-03-09,5호선,애오개,2614,2496,5110,118,3,9,수
2022-03-09,5호선,충정로(경기대입구),1392,1312,2704,80,3,9,수
2022-03-09,5호선,서대문,4862,4814,9676,48,3,9,수
2022-03-09,5호선,광화문(세종문화회관),10892,11000,21892,-108,3,9,수
2022-03-09,5호선,종로3가,9151,8611,17762,540,3,9,수
2022-03-09,5호선,을지로4가,2550,2602,5152,-52,3,9,수
2022-03-09,5호선,동대문역사문화공원(DDP),920,1146,2066,-226,3,9,수
2022-03-09,5호선,청구,2186,1896,4082,290,3,9,수
2022-03-09,5호선,신금호,3074,3240,6314,-166,3,9,수
2022-03-09,5호선,행당,3949,3436,7385,513,3,9,수
2022-03-09,5호선,왕십리(성동구청),2618,3021,5639,-403,3,9,수
2022-03-09,5호선,마장,2931,2756,5687,175,3,9,수
2022-03-09,5호선,답십리,7984,7440,15424,544,3,9,수
2022-03-09,5호선,장한평,8169,8226,16395,-57,3,9,수
2022-03-09,중앙선,원덕,294,243,537,51,3,9,수
2022-03-09,중앙선,양평,1617,1699,3316,-82,3,9,수
2022-03-09,중앙선,오빈,223,191,414,32,3,9,수
2022-03-09,중앙선,아신,398,398,796,0,3,9,수
2022-03-09,중앙선,국수,470,433,903,37,3,9,수
2022-03-09,중앙선,신원,222,174,396,48,3,9,수
2022-03-09,중앙선,양수,1587,1529,3116,58,3,9,수
2022-03-09,중앙선,운길산,1005,960,1965,45,3,9,수
2022-03-09,중앙선,팔당,1175,1205,2380,-30,3,9,수
2022-03-09,중앙선,도심,1184,1058,2242,126,3,9,수
2022-03-09,중앙선,덕소,3231,3315,6546,-84,3,9,수
2022-03-09,중앙선,양정,506,434,940,72,3,9,수
2022-03-09,중앙선,도농,4776,4722,9498,54,3,9,수
2022-03-09,중앙선,구리,7307,7504,14811,-197,3,9,수
2022-03-09,중앙선,양원,1351,1269,2620,82,3,9,수
2022-03-09,중앙선,망우,4566,4517,9083,49,3,9,수
2022-03-09,중앙선,상봉(시외버스터미널),3272,3406,6678,-134,3,9,수
2022-03-09,중앙선,중랑,3336,3187,6523,149,3,9,수
2022-03-09,중앙선,회기,14567,14016,28583,551,3,9,수
2022-03-09,장항선,신창(순천향대),1151,1346,2497,-195,3,9,수
2022-03-09,장항선,온양온천,3334,3328,6662,6,3,9,수
2022-03-09,장항선,배방,701,779,1480,-78,3,9,수
2022-03-09,장항선,탕정,462,439,901,23,3,9,수
2022-03-09,장항선,아산,2044,1777,3821,267,3,9,수
2022-03-09,장항선,쌍용(나사렛대),1274,1316,2590,-42,3,9,수
2022-03-09,장항선,봉명,552,523,1075,29,3,9,수
2022-03-09,일산선,대화,5563,5058,10621,505,3,9,수
2022-03-09,일산선,주엽,4473,4481,8954,-8,3,9,수
2022-03-09,일산선,정발산,4607,4574,9181,33,3,9,수
2022-03-09,일산선,마두,3416,3493,6909,-77,3,9,수
2022-03-09,일산선,백석,5106,4969,10075,137,3,9,수
2022-03-09,일산선,대곡,947,852,1799,95,3,9,수
2022-03-09,일산선,화정,8866,9163,18029,-297,3,9,수
2022-03-09,일산선,원당,5935,5911,11846,24,3,9,수
2022-03-09,일산선,삼송,10703,10414,21117,289,3,9,수
2022-03-09,일산선,지축,1,0,1,1,3,9,수
2022-03-09,일산선,원흥,5206,5054,10260,152,3,9,수
2022-03-09,우이신설선,신설동,1177,1193,2370,-16,3,9,수
2022-03-09,우이신설선,보문,901,944,1845,-43,3,9,수
2022-03-09,우이신설선,성신여대입구(돈암),2294,2664,4958,-370,3,9,수
2022-03-09,우이신설선,정릉,2859,2451,5310,408,3,9,수
2022-03-09,우이신설선,북한산보국문,3852,3477,7329,375,3,9,수
2022-03-09,우이신설선,솔샘,2897,2683,5580,214,3,9,수
2022-03-09,우이신설선,삼양사거리,1479,1500,2979,-21,3,9,수
2022-03-09,우이신설선,삼양,1293,1335,2628,-42,3,9,수
2022-03-09,우이신설선,화계,2027,1876,3903,151,3,9,수
2022-03-09,우이신설선,가오리,2314,2203,4517,111,3,9,수
2022-03-09,우이신설선,4.19민주묘지,1921,1787,3708,134,3,9,수
2022-03-09,우이신설선,솔밭공원,1393,1381,2774,12,3,9,수
2022-03-09,우이신설선,북한산우이,2711,2664,5375,47,3,9,수
2022-03-09,안산선,수리산,2129,1978,4107,151,3,9,수
2022-03-09,안산선,오이도,5438,5469,10907,-31,3,9,수
2022-03-09,안산선,정왕,4566,4799,9365,-233,3,9,수
2022-03-09,안산선,신길온천,1050,975,2025,75,3,9,수
2022-03-09,안산선,안산,6608,6213,12821,395,3,9,수
2022-03-09,안산선,초지,2235,2258,4493,-23,3,9,수
2022-03-09,안산선,고잔,3957,3814,7771,143,3,9,수
2022-03-09,안산선,중앙,10671,10736,21407,-65,3,9,수
2022-03-09,안산선,한대앞,5170,5116,10286,54,3,9,수
2022-03-09,안산선,상록수,8691,8766,17457,-75,3,9,수
2022-03-09,안산선,반월,2440,2379,4819,61,3,9,수
2022-03-09,안산선,대야미,2844,2521,5365,323,3,9,수
2022-03-09,안산선,산본,8628,9143,17771,-515,3,9,수
2022-03-09,수인선,인천,1042,1562,2604,-520,3,9,수
2022-03-09,수인선,신포,1180,1137,2317,43,3,9,수
2022-03-09,수인선,숭의,2092,1988,4080,104,3,9,수
2022-03-09,수인선,인하대,3367,3262,6629,105,3,9,수
2022-03-09,수인선,연수,2808,2707,5515,101,3,9,수
2022-03-09,수인선,원인재,2791,2821,5612,-30,3,9,수
2022-03-09,수인선,남동인더스파크,754,799,1553,-45,3,9,수
2022-03-09,수인선,호구포,1919,1933,3852,-14,3,9,수
2022-03-09,수인선,인천논현,3093,3284,6377,-191,3,9,수
2022-03-09,수인선,소래포구,4104,3991,8095,113,3,9,수
2022-03-09,수인선,월곶,1548,1449,2997,99,3,9,수
2022-03-09,수인선,달월,39,37,76,2,3,9,수
2022-03-09,수인선,사리,2515,2220,4735,295,3,9,수
2022-03-09,수인선,야목,191,177,368,14,3,9,수
2022-03-09,수인선,어천,487,488,975,-1,3,9,수
2022-03-09,수인선,오목천,1365,1404,2769,-39,3,9,수
2022-03-09,수인선,고색,2330,2410,4740,-80,3,9,수
2022-03-09,분당선,매교,1376,1420,2796,-44,3,9,수
2022-03-09,분당선,수원시청,6735,6842,13577,-107,3,9,수
2022-03-09,분당선,매탄권선,2406,2349,4755,57,3,9,수
2022-03-09,분당선,망포,6265,6176,12441,89,3,9,수
2022-03-09,분당선,영통,4706,4651,9357,55,3,9,수
2022-03-09,분당선,청명,1818,1908,3726,-90,3,9,수
2022-03-09,분당선,상갈,2871,2823,5694,48,3,9,수
2022-03-09,분당선,기흥,4660,4408,9068,252,3,9,수
2022-03-09,분당선,신갈,1892,1931,3823,-39,3,9,수
2022-03-09,분당선,구성,2296,2435,4731,-139,3,9,수
2022-03-09,분당선,죽전,7564,8253,15817,-689,3,9,수
2022-03-09,분당선,보정,1149,1026,2175,123,3,9,수
2022-03-09,분당선,이매,2792,2879,5671,-87,3,9,수
2022-03-09,분당선,오리,5486,4626,10112,860,3,9,수
2022-03-09,분당선,미금,7917,8340,16257,-423,3,9,수
2022-03-09,분당선,정자,7513,7891,15404,-378,3,9,수
2022-03-09,분당선,수내,6078,5914,11992,164,3,9,수
2022-03-09,분당선,서현,13746,13824,27570,-78,3,9,수
2022-03-09,분당선,야탑,12494,12990,25484,-496,3,9,수
2022-03-09,분당선,모란,17336,18175,35511,-839,3,9,수
2022-03-09,분당선,태평,8144,7722,15866,422,3,9,수
2022-03-09,분당선,가천대,3797,4454,8251,-657,3,9,수
2022-03-09,분당선,선정릉,2231,2251,4482,-20,3,9,수
2022-03-09,분당선,강남구청,3483,4175,7658,-692,3,9,수
2022-03-09,분당선,압구정로데오,11872,13190,25062,-1318,3,9,수
2022-03-09,분당선,서울숲,6073,6167,12240,-94,3,9,수
2022-03-09,분당선,수원,5319,4294,9613,1025,3,9,수
2022-03-09,분당선,수서,6006,6176,12182,-170,3,9,수
2022-03-09,분당선,대모산입구,2098,2045,4143,53,3,9,수
2022-03-09,분당선,개포동,1843,1899,3742,-56,3,9,수
2022-03-09,분당선,구룡,971,959,1930,12,3,9,수
2022-03-09,분당선,도곡,2958,2906,5864,52,3,9,수
2022-03-09,분당선,한티,7567,7567,15134,0,3,9,수
2022-03-09,분당선,선릉,3203,4876,8079,-1673,3,9,수
2022-03-09,과천선,범계,14118,13728,27846,390,3,9,수
2022-03-09,과천선,평촌,5742,5577,11319,165,3,9,수
2022-03-09,과천선,인덕원,10786,10871,21657,-85,3,9,수
2022-03-09,과천선,정부과천청사,4185,4411,8596,-226,3,9,수
2022-03-09,과천선,과천,3341,3047,6388,294,3,9,수
2022-03-09,과천선,대공원,4553,4697,9250,-144,3,9,수
2022-03-09,과천선,경마공원,711,672,1383,39,3,9,수
2022-03-09,과천선,선바위,3401,3211,6612,190,3,9,수
2022-03-09,공항철도 1호선,영종,2138,2114,4252,24,3,9,수
2022-03-09,공항철도 1호선,인천공항2터미널,1643,1533,3176,110,3,9,수
2022-03-09,공항철도 1호선,인천공항1터미널,3292,3490,6782,-198,3,9,수
2022-03-09,공항철도 1호선,공항화물청사,1139,1190,2329,-51,3,9,수
2022-03-09,공항철도 1호선,운서,4895,4992,9887,-97,3,9,수
2022-03-09,공항철도 1호선,청라국제도시,2827,2645,5472,182,3,9,수
2022-03-09,공항철도 1호선,검암,3018,3171,6189,-153,3,9,수
2022-03-09,공항철도 1호선,계양,4820,4617,9437,203,3,9,수
2022-03-09,공항철도 1호선,김포공항,8429,4498,12927,3931,3,9,수
2022-03-09,공항철도 1호선,마곡나루(서울식물원),2329,2564,4893,-235,3,9,수
2022-03-09,공항철도 1호선,디지털미디어시티,3632,3583,7215,49,3,9,수
2022-03-09,공항철도 1호선,홍대입구,8059,7505,15564,554,3,9,수
2022-03-09,공항철도 1호선,공덕,990,1397,2387,-407,3,9,수
2022-03-09,공항철도 1호선,서울역,4126,3883,8009,243,3,9,수
2022-03-09,경춘선,춘천,1267,1104,2371,163,3,9,수
2022-03-09,경춘선,남춘천,1852,1929,3781,-77,3,9,수
2022-03-09,경춘선,김유정,402,474,876,-72,3,9,수
2022-03-09,경춘선,강촌,412,455,867,-43,3,9,수
2022-03-09,경춘선,백양리,87,86,173,1,3,9,수
2022-03-09,경춘선,굴봉산,123,116,239,7,3,9,수
2022-03-09,경춘선,가평,1103,1075,2178,28,3,9,수
2022-03-09,경춘선,상천,294,242,536,52,3,9,수
2022-03-09,경춘선,청평,1112,1067,2179,45,3,9,수
2022-03-09,경춘선,대성리,464,380,844,84,3,9,수
2022-03-09,경춘선,마석,2279,2237,4516,42,3,9,수
2022-03-09,경춘선,천마산,1060,1105,2165,-45,3,9,수
2022-03-09,경춘선,평내호평,3350,3257,6607,93,3,9,수
2022-03-09,경춘선,금곡,893,793,1686,100,3,9,수
2022-03-09,경춘선,사릉,1675,1640,3315,35,3,9,수
2022-03-09,경춘선,퇴계원,1957,1829,3786,128,3,9,수
2022-03-09,경춘선,별내,1676,1589,3265,87,3,9,수
2022-03-09,경춘선,갈매,1550,1339,2889,211,3,9,수
2022-03-09,경춘선,신내,992,968,1960,24,3,9,수
2022-03-09,경인선,도화,2405,2262,4667,143,3,9,수
2022-03-09,경인선,중동,4880,4604,9484,276,3,9,수
2022-03-09,경인선,온수(성공회대입구),3587,3332,6919,255,3,9,수
2022-03-09,경인선,도원,1423,1504,2927,-81,3,9,수
2022-03-09,경인선,간석,3170,3022,6192,148,3,9,수
2022-03-09,경의선,임진강,37,26,63,11,3,9,수
2022-03-09,경의선,문산,3305,3281,6586,24,3,9,수
2022-03-09,경의선,파주,561,473,1034,88,3,9,수
2022-03-09,경의선,월롱,1263,1571,2834,-308,3,9,수
2022-03-09,경의선,금촌,3792,3714,7506,78,3,9,수
2022-03-09,경의선,금릉,2630,2479,5109,151,3,9,수
2022-03-09,경의선,운정,3335,3198,6533,137,3,9,수
2022-03-09,경의선,야당,4202,4196,8398,6,3,9,수
2022-03-09,경의선,탄현,3639,3613,7252,26,3,9,수
2022-03-09,경의선,일산,4336,4224,8560,112,3,9,수
2022-03-09,경의선,풍산,2847,2763,5610,84,3,9,수
2022-03-09,경의선,백마,3295,3245,6540,50,3,9,수
2022-03-09,경의선,곡산,323,333,656,-10,3,9,수
2022-03-09,경의선,능곡,2103,2026,4129,77,3,9,수
2022-03-09,경의선,행신,3527,3457,6984,70,3,9,수
2022-03-09,경의선,강매,1419,1350,2769,69,3,9,수
2022-03-09,경의선,화전,901,956,1857,-55,3,9,수
2022-03-09,경의선,수색,989,1006,1995,-17,3,9,수
2022-03-09,경의선,디지털미디어시티,1205,1121,2326,84,3,9,수
2022-03-09,경의선,가좌,2695,2627,5322,68,3,9,수
2022-03-09,경의선,홍대입구,1324,1535,2859,-211,3,9,수
2022-03-09,경의선,서강대,1221,1192,2413,29,3,9,수
2022-03-09,경의선,공덕,1555,1361,2916,194,3,9,수
2022-03-09,경의선,효창공원앞,1353,1545,2898,-192,3,9,수
2022-03-09,경의선,신촌,259,255,514,4,3,9,수
2022-03-09,경의선,서울역,866,769,1635,97,3,9,수
2022-03-09,경원선,소요산,2955,2554,5509,401,3,9,수
2022-03-09,경원선,동두천,1265,1568,2833,-303,3,9,수
2022-03-09,경원선,보산,956,956,1912,0,3,9,수
2022-03-09,경원선,동두천중앙,1801,1787,3588,14,3,9,수
2022-03-09,경원선,지행,4044,3952,7996,92,3,9,수
2022-03-09,경원선,덕정,3000,2893,5893,107,3,9,수
2022-03-09,경원선,덕계,1714,1618,3332,96,3,9,수
2022-03-09,경부선,의왕,4540,4527,9067,13,3,9,수
2022-03-09,경부선,군포,3467,3282,6749,185,3,9,수
2022-03-09,경부선,금정,13122,13307,26429,-185,3,9,수
2022-03-09,경부선,명학,3738,3692,7430,46,3,9,수
2022-03-09,경부선,안양,12613,12386,24999,227,3,9,수
2022-03-09,경부선,관악,4331,4055,8386,276,3,9,수
2022-03-09,경부선,석수,4814,4845,9659,-31,3,9,수
2022-03-09,9호선2~3단계,송파나루,2862,3159,6021,-297,3,9,수
2022-03-09,9호선2~3단계,석촌,4812,4021,8833,791,3,9,수
2022-03-09,5호선,군자(능동),6287,6874,13161,-587,3,9,수
2022-03-09,5호선,아차산(어린이대공원후문),10773,10685,21458,88,3,9,수
2022-03-09,5호선,광나루(장신대),7267,7097,14364,170,3,9,수
2022-03-09,5호선,천호(풍납토성),11711,11055,22766,656,3,9,수
2022-03-09,5호선,강동,9244,8949,18193,295,3,9,수
2022-03-09,5호선,길동,4421,4418,8839,3,3,9,수
2022-03-09,5호선,굽은다리(강동구민회관앞),5061,4961,10022,100,3,9,수
2022-03-09,5호선,명일,4373,4309,8682,64,3,9,수
2022-03-09,5호선,고덕,4300,4425,8725,-125,3,9,수
2022-03-09,5호선,상일동,6657,6316,12973,341,3,9,수
2022-03-09,5호선,둔촌동,4220,4252,8472,-32,3,9,수
2022-03-09,5호선,올림픽공원(한국체대),2271,1981,4252,290,3,9,수
2022-03-09,5호선,방이,3456,3432,6888,24,3,9,수
2022-03-09,5호선,오금,1555,1474,3029,81,3,9,수
2022-03-09,5호선,개롱,2859,3085,5944,-226,3,9,수
2022-03-09,5호선,거여,4518,4332,8850,186,3,9,수
2022-03-09,5호선,마천,3493,3721,7214,-228,3,9,수
2022-03-09,5호선,강일,2073,1988,4061,85,3,9,수
2022-03-09,5호선,미사,8701,8688,17389,13,3,9,수
2022-03-09,9호선2~3단계,석촌고분,3054,3058,6112,-4,3,9,수
2022-03-09,9호선2~3단계,삼전,3618,3640,7258,-22,3,9,수
2022-03-09,9호선2~3단계,종합운동장,1929,1936,3865,-7,3,9,수
2022-03-09,9호선2~3단계,봉은사,6394,6532,12926,-138,3,9,수
2022-03-09,9호선2~3단계,삼성중앙,1928,2050,3978,-122,3,9,수
2022-03-09,9호선2~3단계,선정릉,2887,3128,6015,-241,3,9,수
2022-03-09,9호선2~3단계,언주,3270,3320,6590,-50,3,9,수
2022-03-09,9호선,신논현,15646,15371,31017,275,3,9,수
2022-03-09,8호선,신흥,2664,2810,5474,-146,3,9,수
2022-03-09,8호선,단대오거리,5945,5734,11679,211,3,9,수
2022-03-09,8호선,남한산성입구(성남법원.검찰청),6990,6448,13438,542,3,9,수
2022-03-09,8호선,산성,3088,3109,6197,-21,3,9,수
2022-03-09,8호선,복정,4261,3813,8074,448,3,9,수
2022-03-09,8호선,장지,8806,8803,17609,3,3,9,수
2022-03-09,8호선,문정,5506,5623,11129,-117,3,9,수
2022-03-09,8호선,가락시장,3898,4230,8128,-332,3,9,수
2022-03-09,8호선,송파,3486,3713,7199,-227,3,9,수
2022-03-09,8호선,석촌,4609,5372,9981,-763,3,9,수
2022-03-09,8호선,잠실(송파구청),8965,9831,18796,-866,3,9,수
2022-03-09,8호선,몽촌토성(평화의문),3502,3347,6849,155,3,9,수
2022-03-09,8호선,강동구청,4510,4619,9129,-109,3,9,수
2022-03-09,8호선,천호(풍납토성),8246,9532,17778,-1286,3,9,수
2022-03-09,8호선,암사,9114,8486,17600,628,3,9,수
2022-03-09,7호선,부천시청,2,0,2,2,3,9,수
2022-03-09,7호선,온수(성공회대입구),4050,4107,8157,-57,3,9,수
2022-03-09,7호선,천왕,4893,4759,9652,134,3,9,수
2022-03-09,7호선,광명사거리,12316,12215,24531,101,3,9,수
2022-03-09,7호선,철산,9901,10116,20017,-215,3,9,수
2022-03-09,7호선,가산디지털단지,10950,10190,21140,760,3,9,수
2022-03-09,7호선,남구로,6235,6286,12521,-51,3,9,수
2022-03-09,7호선,대림(구로구청),5321,5025,10346,296,3,9,수
2022-03-09,7호선,신풍,5916,5723,11639,193,3,9,수
2022-03-09,7호선,신대방삼거리,8114,8018,16132,96,3,9,수
2022-03-09,7호선,장승배기,4989,4699,9688,290,3,9,수
2022-03-09,7호선,상도,5399,5228,10627,171,3,9,수
2022-03-09,7호선,숭실대입구(살피재),5982,6197,12179,-215,3,9,수
2022-03-09,7호선,남성,5542,5351,10893,191,3,9,수
2022-03-09,7호선,이수,8317,7941,16258,376,3,9,수
2022-03-09,7호선,내방,5510,5743,11253,-233,3,9,수
2022-03-09,7호선,고속터미널,7377,6005,13382,1372,3,9,수
2022-03-09,7호선,논현,7588,8286,15874,-698,3,9,수
2022-03-09,7호선,학동,6499,6733,13232,-234,3,9,수
2022-03-09,7호선,강남구청,6067,6551,12618,-484,3,9,수
2022-03-09,7호선,청담,6855,7317,14172,-462,3,9,수
2022-03-09,7호선,뚝섬유원지,7907,7562,15469,345,3,9,수
2022-03-09,7호선,건대입구,7421,7645,15066,-224,3,9,수
2022-03-09,7호선,어린이대공원(세종대),7914,8055,15969,-141,3,9,수
2022-03-09,7호선,군자(능동),8231,6343,14574,1888,3,9,수
2022-03-09,7호선,중곡,5254,5006,10260,248,3,9,수
2022-03-09,7호선,용마산(용마폭포공원),3358,3782,7140,-424,3,9,수
2022-03-09,7호선,사가정,9029,8775,17804,254,3,9,수
2022-03-09,7호선,면목,8407,8181,16588,226,3,9,수
2022-03-09,7호선,상봉(시외버스터미널),9337,8824,18161,513,3,9,수
2022-03-09,7호선,중화,5733,5552,11285,181,3,9,수
2022-03-09,7호선,먹골,5690,5508,11198,182,3,9,수
2022-03-09,7호선,태릉입구,4975,4600,9575,375,3,9,수
2022-03-09,7호선,공릉(서울과학기술대),6670,6689,13359,-19,3,9,수
2022-03-09,7호선,하계,9027,8681,17708,346,3,9,수
2022-03-09,7호선,중계,6546,6053,12599,493,3,9,수
2022-03-09,7호선,노원,10885,11224,22109,-339,3,9,수
2022-03-09,7호선,마들,6245,6141,12386,104,3,9,수
2022-03-09,7호선,수락산,7440,7439,14879,1,3,9,수
2022-03-09,7호선,도봉산,4741,6794,11535,-2053,3,9,수
2022-03-09,7호선,장암,1172,777,1949,395,3,9,수
2022-03-09,6호선,봉화산(서울의료원),3801,3820,7621,-19,3,9,수
2022-03-09,6호선,화랑대(서울여대입구),5233,4447,9680,786,3,9,수
2022-03-09,6호선,태릉입구,3079,3377,6456,-298,3,9,수
2022-03-09,6호선,석계,6759,6662,13421,97,3,9,수
2022-03-09,6호선,돌곶이,4800,4563,9363,237,3,9,수
2022-03-09,6호선,상월곡(한국과학기술연구원),3234,2909,6143,325,3,9,수
2022-03-09,6호선,월곡(동덕여대),6024,5875,11899,149,3,9,수
2022-03-09,6호선,고려대(종암),3882,3947,7829,-65,3,9,수
2022-03-09,6호선,안암(고대병원앞),5499,5530,11029,-31,3,9,수
2022-03-09,6호선,보문,4026,3741,7767,285,3,9,수
2022-03-09,6호선,창신,1592,1530,3122,62,3,9,수
2022-03-09,6호선,동묘앞,5481,5157,10638,324,3,9,수
2022-03-09,6호선,신당,4804,4944,9748,-140,3,9,수
2022-03-09,6호선,청구,2065,2257,4322,-192,3,9,수
2022-03-09,6호선,약수,1871,1820,3691,51,3,9,수
2022-03-09,6호선,버티고개,966,1084,2050,-118,3,9,수
2022-03-09,6호선,한강진,5129,6199,11328,-1070,3,9,수
2022-03-09,6호선,이태원,8524,8066,16590,458,3,9,수
2022-03-09,6호선,녹사평(용산구청),3471,3523,6994,-52,3,9,수
2022-03-09,6호선,삼각지,3539,2710,6249,829,3,9,수
2022-03-09,6호선,효창공원앞,3418,3137,6555,281,3,9,수
2022-03-09,6호선,공덕,6927,6572,13499,355,3,9,수
2022-03-09,6호선,대흥(서강대앞),3841,4026,7867,-185,3,9,수
2022-03-09,6호선,광흥창(서강),3893,3790,7683,103,3,9,수
2022-03-09,6호선,상수,6005,6717,12722,-712,3,9,수
2022-03-09,6호선,합정,8549,8049,16598,500,3,9,수
2022-03-09,6호선,망원,9852,10550,20402,-698,3,9,수
2022-03-09,6호선,마포구청,7115,6426,13541,689,3,9,수
2022-03-09,6호선,월드컵경기장(성산),3677,3582,7259,95,3,9,수
2022-03-09,6호선,디지털미디어시티,5100,5415,10515,-315,3,9,수
2022-03-09,6호선,증산(명지대앞),5560,5624,11184,-64,3,9,수
2022-03-09,6호선,새절(신사),6592,6320,12912,272,3,9,수
2022-03-09,6호선,구산,3892,3038,6930,854,3,9,수
2022-03-09,6호선,연신내,1,0,1,1,3,9,수
2022-03-09,6호선,독바위,1389,1728,3117,-339,3,9,수
2022-03-09,5호선,방화,3522,3397,6919,125,3,9,수
2022-03-09,4호선,남태령,526,482,1008,44,3,9,수
2022-03-09,4호선,사당,13180,12044,25224,1136,3,9,수
2022-03-09,4호선,총신대입구(이수),9976,10773,20749,-797,3,9,수
2022-03-09,4호선,동작(현충원),1253,1285,2538,-32,3,9,수
2022-03-09,4호선,이촌(국립중앙박물관),4236,4704,8940,-468,3,9,수
2022-03-09,4호선,신용산,7184,7492,14676,-308,3,9,수
2022-03-09,4호선,삼각지,2454,3113,5567,-659,3,9,수
2022-03-09,4호선,숙대입구(갈월),6674,6331,13005,343,3,9,수
2022-03-09,4호선,서울역,3553,6006,9559,-2453,3,9,수
2022-03-09,4호선,회현(남대문시장),13844,15049,28893,-1205,3,9,수
2022-03-09,4호선,명동,8714,9429,18143,-715,3,9,수
2022-03-09,4호선,충무로,9979,10033,20012,-54,3,9,수
2022-03-09,4호선,동대문역사문화공원(DDP),9239,8646,17885,593,3,9,수
2022-03-09,4호선,동대문,13644,14394,28038,-750,3,9,수
2022-03-09,4호선,혜화,19067,19370,38437,-303,3,9,수
2022-03-09,4호선,한성대입구(삼선교),7532,7495,15027,37,3,9,수
2022-03-09,4호선,성신여대입구(돈암),12643,11954,24597,689,3,9,수
2022-03-09,4호선,길음,10170,9923,20093,247,3,9,수
2022-03-09,4호선,미아사거리,15904,15060,30964,844,3,9,수
2022-03-09,4호선,미아(서울사이버대학),8355,7981,16336,374,3,9,수
2022-03-09,4호선,수유(강북구청),20365,19837,40202,528,3,9,수
2022-03-09,4호선,쌍문,15729,14560,30289,1169,3,9,수
2022-03-09,4호선,창동,15082,15385,30467,-303,3,9,수
2022-03-09,4호선,노원,11545,12459,24004,-914,3,9,수
2022-03-09,4호선,상계,10459,10065,20524,394,3,9,수
2022-03-09,4호선,당고개,7418,6965,14383,453,3,9,수
2022-03-09,3호선,오금,2297,2269,4566,28,3,9,수
2022-03-09,3호선,경찰병원,2659,2697,5356,-38,3,9,수
2022-03-09,3호선,가락시장,4066,3979,8045,87,3,9,수
2022-03-09,3호선,수서,7644,7700,15344,-56,3,9,수
2022-03-09,3호선,일원,3213,3279,6492,-66,3,9,수
2022-03-09,3호선,대청,4211,4084,8295,127,3,9,수
2022-03-09,3호선,학여울,871,1055,1926,-184,3,9,수
2022-03-09,3호선,대치,5563,5359,10922,204,3,9,수
2022-03-09,3호선,도곡,2098,2074,4172,24,3,9,수
2022-03-09,3호선,매봉,3969,3871,7840,98,3,9,수
2022-03-09,3호선,양재(서초구청),12084,13469,25553,-1385,3,9,수
2022-03-09,3호선,남부터미널(예술의전당),12285,12509,24794,-224,3,9,수
2022-03-09,3호선,교대(법원.검찰청),4286,2777,7063,1509,3,9,수
2022-03-09,3호선,고속터미널,28527,26957,55484,1570,3,9,수
2022-03-09,3호선,잠원,2289,2189,4478,100,3,9,수
2022-03-09,3호선,신사,14669,14951,29620,-282,3,9,수
2022-03-09,3호선,압구정,14560,15439,29999,-879,3,9,수
2022-03-09,3호선,옥수,4857,5118,9975,-261,3,9,수
2022-03-09,3호선,금호,4193,3981,8174,212,3,9,수
2022-03-09,3호선,약수,6701,6220,12921,481,3,9,수
2022-03-09,3호선,동대입구,4305,5027,9332,-722,3,9,수
2022-03-09,3호선,을지로3가,3561,3537,7098,24,3,9,수
2022-03-09,3호선,종로3가,4801,5973,10774,-1172,3,9,수
2022-03-09,3호선,안국,10736,11934,22670,-1198,3,9,수
2022-03-09,3호선,경복궁(정부서울청사),11655,12565,24220,-910,3,9,수
2022-03-09,3호선,독립문,4316,4798,9114,-482,3,9,수
2022-03-09,3호선,무악재,1929,2089,4018,-160,3,9,수
2022-03-09,3호선,홍제,9284,8985,18269,299,3,9,수
2022-03-09,3호선,녹번,7417,6652,14069,765,3,9,수
2022-03-09,3호선,불광,9587,10918,20505,-1331,3,9,수
2022-03-09,3호선,연신내,21248,20001,41249,1247,3,9,수
2022-03-09,3호선,구파발,10749,10923,21672,-174,3,9,수
2022-03-09,3호선,지축,2431,2282,4713,149,3,9,수
2022-03-09,2호선,용두(동대문구청),1379,1299,2678,80,3,9,수
2022-03-09,2호선,신정네거리,4960,5036,9996,-76,3,9,수
2022-03-09,2호선,양천구청,3005,3113,6118,-108,3,9,수
2022-03-09,2호선,도림천,556,599,1155,-43,3,9,수
2022-03-09,2호선,신설동,2062,2053,4115,9,3,9,수
2022-03-09,2호선,신답,723,820,1543,-97,3,9,수
2022-03-09,2호선,용답,1743,1702,3445,41,3,9,수
2022-03-09,2호선,충정로(경기대입구),3406,3675,7081,-269,3,9,수
2022-03-09,2호선,아현,5374,5109,10483,265,3,9,수
2022-03-09,2호선,신촌,19902,19390,39292,512,3,9,수
2022-03-09,2호선,홍대입구,44230,44611,88841,-381,3,9,수
2022-03-09,2호선,합정,18653,19703,38356,-1050,3,9,수
2022-03-09,2호선,당산,8653,9339,17992,-686,3,9,수
2022-03-09,2호선,영등포구청,8398,8527,16925,-129,3,9,수
2022-03-09,2호선,문래,7847,8099,15946,-252,3,9,수
2022-03-09,2호선,신도림,24558,25109,49667,-551,3,9,수
2022-03-09,2호선,대림(구로구청),13282,13908,27190,-626,3,9,수
2022-03-09,2호선,구로디지털단지,23835,23578,47413,257,3,9,수
2022-03-09,2호선,신대방,14985,14840,29825,145,3,9,수
2022-03-09,2호선,신림,37109,36490,73599,619,3,9,수
2022-03-09,2호선,봉천,12663,11883,24546,780,3,9,수
2022-03-09,2호선,서울대입구(관악구청),27947,28204,56151,-257,3,9,수
2022-03-09,2호선,낙성대(강감찬),15697,15330,31027,367,3,9,수
2022-03-09,2호선,사당,20341,21568,41909,-1227,3,9,수
2022-03-09,2호선,방배,6535,6703,13238,-168,3,9,수
2022-03-09,2호선,서초,6063,5319,11382,744,3,9,수
2022-03-09,2호선,교대(법원.검찰청),10934,11976,22910,-1042,3,9,수
2022-03-09,2호선,강남,36809,35716,72525,1093,3,9,수
2022-03-09,2호선,역삼,11815,13161,24976,-1346,3,9,수
2022-03-09,2호선,선릉,15325,13660,28985,1665,3,9,수
2022-03-09,2호선,삼성(무역센터),17152,16612,33764,540,3,9,수
2022-03-09,2호선,종합운동장,4402,4560,8962,-158,3,9,수
2022-03-09,2호선,잠실새내,11405,11611,23016,-206,3,9,수
2022-03-09,2호선,잠실(송파구청),41635,39020,80655,2615,3,9,수
2022-03-09,2호선,잠실나루,5109,5071,10180,38,3,9,수
2022-03-09,2호선,강변(동서울터미널),15366,15006,30372,360,3,9,수
2022-03-09,2호선,구의(광진구청),11880,11646,23526,234,3,9,수
2022-03-09,2호선,건대입구,25973,26357,52330,-384,3,9,수
2022-03-09,2호선,성수,15433,17226,32659,-1793,3,9,수
2022-03-09,2호선,뚝섬,10426,10707,21133,-281,3,9,수
2022-03-09,2호선,한양대,2944,3231,6175,-287,3,9,수
2022-03-09,2호선,왕십리(성동구청),9465,8183,17648,1282,3,9,수
2022-03-09,2호선,상왕십리,7231,7058,14289,173,3,9,수
2022-03-09,2호선,신당,8471,8742,17213,-271,3,9,수
2022-03-09,2호선,동대문역사문화공원(DDP),8146,9504,17650,-1358,3,9,수
2022-03-09,2호선,을지로4가,5725,5867,11592,-142,3,9,수
2022-03-09,2호선,을지로3가,7399,6838,14237,561,3,9,수
2022-03-09,2호선,을지로입구,14017,13579,27596,438,3,9,수
2022-03-09,2호선,시청,5448,4402,9850,1046,3,9,수
2022-03-09,1호선,동묘앞,7668,8132,15800,-464,3,9,수
2022-03-09,1호선,청량리(서울시립대입구),13217,13311,26528,-94,3,9,수
2022-03-09,1호선,제기동,11165,11391,22556,-226,3,9,수
2022-03-09,1호선,신설동,6888,6415,13303,473,3,9,수
2022-03-09,1호선,동대문,8223,8040,16263,183,3,9,수
2022-03-09,1호선,종로5가,13381,13338,26719,43,3,9,수
2022-03-09,1호선,종로3가,16041,14513,30554,1528,3,9,수
2022-03-09,1호선,종각,12453,11279,23732,1174,3,9,수
2022-03-09,1호선,시청,6860,6938,13798,-78,3,9,수
2022-03-09,2호선,이대,7312,7828,15140,-516,3,9,수
2022-03-09,5호선,하남풍산,1920,1812,3732,108,3,9,수
2022-03-09,5호선,하남시청(덕풍·신장),4193,4097,8290,96,3,9,수
2022-03-09,5호선,하남검단산,4107,4170,8277,-63,3,9,수
2022-03-09,6호선,응암,9309,9117,18426,192,3,9,수
2022-03-09,6호선,역촌,2053,2408,4461,-355,3,9,수
2022-03-09,6호선,불광,2817,2593,5410,224,3,9,수
2022-03-09,7호선,보라매,4193,4090,8283,103,3,9,수
2022-03-09,8호선,수진,3079,2805,5884,274,3,9,수
2022-03-09,8호선,모란,4389,3644,8033,745,3,9,수
2022-03-09,8호선,남위례,2070,2119,4189,-49,3,9,수
2022-03-09,9호선,개화,1061,969,2030,92,3,9,수
2022-03-09,9호선,김포공항,5299,7718,13017,-2419,3,9,수
2022-03-09,9호선,공항시장,1693,1941,3634,-248,3,9,수
2022-03-09,9호선,신방화,3444,3241,6685,203,3,9,수
2022-03-09,9호선,마곡나루(서울식물원),5448,5271,10719,177,3,9,수
2022-03-09,9호선,양천향교,4228,4314,8542,-86,3,9,수
2022-03-09,9호선,가양,9423,9201,18624,222,3,9,수
2022-03-09,9호선,증미,3068,2918,5986,150,3,9,수
2022-03-09,9호선,등촌,5374,5285,10659,89,3,9,수
2022-03-09,9호선,염창,8064,7862,15926,202,3,9,수
2022-03-09,9호선,신목동,1672,1485,3157,187,3,9,수
2022-03-09,9호선,선유도,2920,2735,5655,185,3,9,수
2022-03-09,9호선,당산,8314,8074,16388,240,3,9,수
2022-03-09,9호선,국회의사당,3775,4225,8000,-450,3,9,수
2022-03-09,9호선,여의도,8666,8149,16815,517,3,9,수
2022-03-09,9호선,샛강,1832,1806,3638,26,3,9,수
2022-03-09,9호선,노량진,14941,14921,29862,20,3,9,수
2022-03-09,9호선,노들,2337,2110,4447,227,3,9,수
2022-03-09,9호선,흑석(중앙대입구),4268,4301,8569,-33,3,9,수
2022-03-09,9호선,동작(현충원),1429,1140,2569,289,3,9,수
2022-03-09,9호선,구반포,575,597,1172,-22,3,9,수
2022-03-09,9호선,신반포,1520,1541,3061,-21,3,9,수
2022-03-09,9호선,고속터미널,7589,10055,17644,-2466,3,9,수
2022-03-09,9호선,사평,1604,1544,3148,60,3,9,수
2022-03-09,9호선2~3단계,한성백제,1405,1153,2558,252,3,9,수
2022-03-09,9호선2~3단계,올림픽공원(한국체대),2870,3094,5964,-224,3,9,수
2022-03-09,9호선2~3단계,둔촌오륜,424,490,914,-66,3,9,수
2022-03-09,9호선2~3단계,중앙보훈병원,2999,2925,5924,74,3,9,수
2022-03-09,경강선,판교,2354,2292,4646,62,3,9,수
2022-03-09,경강선,이매,588,432,1020,156,3,9,수
2022-03-09,경강선,삼동,1050,1007,2057,43,3,9,수
2022-03-09,경강선,경기광주,3768,3649,7417,119,3,9,수
2022-03-09,경강선,초월,1498,1408,2906,90,3,9,수
2022-03-09,경강선,곤지암,1190,1404,2594,-214,3,9,수
2022-03-09,경강선,신둔도예촌,750,816,1566,-66,3,9,수
2022-03-09,경강선,이천,1685,1678,3363,7,3,9,수
2022-03-09,경강선,부발,1307,1474,2781,-167,3,9,수
2022-03-09,경강선,세종대왕릉,195,208,403,-13,3,9,수
2022-03-09,경강선,여주,1508,1618,3126,-110,3,9,수
2022-03-09,경부선,서울역,2980,877,3857,2103,3,9,수
2022-03-09,경부선,남영,4112,4306,8418,-194,3,9,수
2022-03-09,경부선,용산,20257,20041,40298,216,3,9,수
2022-03-09,경부선,노량진,5623,5476,11099,147,3,9,수
2022-03-09,경부선,대방,5561,5904,11465,-343,3,9,수
2022-03-09,경부선,영등포,26255,26346,52601,-91,3,9,수
2022-03-09,경부선,신도림,2108,2094,4202,14,3,9,수
2022-03-09,경부선,신길,4430,3733,8163,697,3,9,수
2022-03-09,경부선,구로,9236,9367,18603,-131,3,9,수
2022-03-09,경부선,가산디지털단지,4574,5965,10539,-1391,3,9,수
2022-03-09,경부선,금천구청,6105,5867,11972,238,3,9,수
2022-03-09,경부선,성균관대,7344,7688,15032,-344,3,9,수
2022-03-09,경부선,화서,3609,3558,7167,51,3,9,수
2022-03-09,경부선,수원,25609,26156,51765,-547,3,9,수
2022-03-09,경부선,독산,7024,6881,13905,143,3,9,수
2022-03-09,경부선,세류,1635,1680,3315,-45,3,9,수
2022-03-09,경부선,병점,8242,8525,16767,-283,3,9,수
2022-03-09,경부선,세마,1596,1449,3045,147,3,9,수
2022-03-09,경부선,오산대,1901,1770,3671,131,3,9,수
2022-03-09,경부선,오산,6208,6210,12418,-2,3,9,수
2022-03-09,경부선,진위,751,732,1483,19,3,9,수
2022-03-09,경부선,송탄,3061,3051,6112,10,3,9,수
2022-03-09,경부선,서정리,4092,4645,8737,-553,3,9,수
2022-03-09,경부선,평택지제,1957,1898,3855,59,3,9,수
2022-03-09,경부선,평택,8739,8723,17462,16,3,9,수
2022-03-09,수인선,송도,1466,1429,2895,37,3,9,수
2022-03-09,경인선,부개,4528,4401,8929,127,3,9,수
2022-03-09,경인선,소사,4825,4681,9506,144,3,9,수
2022-03-09,경인선,구일,3219,3130,6349,89,3,9,수
2022-03-09,경인선,인천,3525,3072,6597,453,3,9,수
2022-03-09,경인선,동인천,8413,8189,16602,224,3,9,수
2022-03-09,경인선,제물포,5142,5149,10291,-7,3,9,수
2022-03-09,경인선,주안,11107,9734,20841,1373,3,9,수
2022-03-09,경인선,동암,8711,8802,17513,-91,3,9,수
2022-03-09,경인선,백운,3562,3665,7227,-103,3,9,수
2022-03-09,경인선,부평,19826,20583,40409,-757,3,9,수
2022-03-09,경인선,송내,12416,12231,24647,185,3,9,수
2022-03-09,경인선,부천,20713,20518,41231,195,3,9,수
2022-03-09,경인선,역곡,14366,14281,28647,85,3,9,수
2022-03-09,경인선,오류동,6791,6370,13161,421,3,9,수
2022-03-09,경인선,개봉,11611,11456,23067,155,3,9,수
2022-03-09,경부선,성환,2150,2244,4394,-94,3,9,수
2022-03-09,경부선,직산,429,460,889,-31,3,9,수
2022-03-09,경부선,두정,3568,3768,7336,-200,3,9,수
2022-03-09,경부선,천안,4277,4414,8691,-137,3,9,수
2022-03-09,경부선,당정,2971,2872,5843,99,3,9,수
2022-03-09,경부선,서동탄,642,697,1339,-55,3,9,수
2022-03-09,경부선,광명,1457,1287,2744,170,3,9,수
2022-03-09,경원선,이촌(국립중앙박물관),2057,1557,3614,500,3,9,수
2022-03-09,경원선,서빙고,1205,1273,2478,-68,3,9,수
2022-03-09,경원선,한남,2112,2081,4193,31,3,9,수
2022-03-09,경원선,옥수,24,21,45,3,3,9,수
2022-03-09,경원선,응봉,1162,1036,2198,126,3,9,수
2022-03-09,경원선,왕십리(성동구청),8759,9823,18582,-1064,3,9,수
2022-03-09,경원선,청량리(서울시립대입구),10149,10377,20526,-228,3,9,수
2022-03-09,경원선,외대앞,4962,4835,9797,127,3,9,수
2022-03-09,경원선,신이문,4758,4499,9257,259,3,9,수
2022-03-10,경의선,풍산,5070,4750,9820,320,3,10,목
2022-03-10,경의선,백마,6612,6397,13009,215,3,10,목
2022-03-10,경의선,곡산,541,589,1130,-48,3,10,목
2022-03-10,경의선,능곡,3530,3293,6823,237,3,10,목
2022-03-10,경의선,행신,7132,7306,14438,-174,3,10,목
2022-03-10,경의선,강매,3037,2643,5680,394,3,10,목
2022-03-10,경의선,화전,3464,3272,6736,192,3,10,목
2022-03-10,경의선,수색,2604,2741,5345,-137,3,10,목
2022-03-10,경의선,디지털미디어시티,2360,2194,4554,166,3,10,목
2022-03-10,경의선,가좌,4953,4770,9723,183,3,10,목
2022-03-10,경의선,홍대입구,1472,1620,3092,-148,3,10,목
2022-03-10,경의선,서강대,2034,1987,4021,47,3,10,목
2022-03-10,경의선,공덕,3101,2831,5932,270,3,10,목
2022-03-10,경의선,효창공원앞,2794,3129,5923,-335,3,10,목
2022-03-10,경의선,신촌,804,1060,1864,-256,3,10,목
2022-03-10,경의선,서울역,3873,4847,8720,-974,3,10,목
2022-03-10,경원선,소요산,2156,1844,4000,312,3,10,목
2022-03-10,경원선,동두천,2519,2658,5177,-139,3,10,목
2022-03-10,경원선,보산,1352,1208,2560,144,3,10,목
2022-03-10,경원선,동두천중앙,3042,2921,5963,121,3,10,목
2022-03-10,경원선,지행,5959,6047,12006,-88,3,10,목
2022-03-10,경원선,덕정,5991,5750,11741,241,3,10,목
2022-03-10,경원선,덕계,2929,2687,5616,242,3,10,목
2022-03-10,경원선,양주,7497,6858,14355,639,3,10,목
2022-03-10,경원선,녹양,4253,4055,8308,198,3,10,목
2022-03-10,경원선,가능,6286,6068,12354,218,3,10,목
2022-03-10,경원선,의정부,16629,16968,33597,-339,3,10,목
2022-03-10,경원선,회룡,11562,11533,23095,29,3,10,목
2022-03-10,경원선,망월사,7111,7206,14317,-95,3,10,목
2022-03-10,경원선,도봉산,6862,4514,11376,2348,3,10,목
2022-03-10,경원선,도봉,5451,5214,10665,237,3,10,목
2022-03-10,경원선,방학,8893,8691,17584,202,3,10,목
2022-03-10,경원선,녹천,4354,3696,8050,658,3,10,목
2022-03-10,경원선,월계,7383,7016,14399,367,3,10,목
2022-03-10,경원선,광운대,8568,8432,17000,136,3,10,목
2022-03-10,경원선,석계,7377,8435,15812,-1058,3,10,목
2022-03-10,경원선,신이문,7693,7117,14810,576,3,10,목
2022-03-10,경원선,외대앞,7961,7981,15942,-20,3,10,목
2022-03-10,경원선,청량리(서울시립대입구),12821,12807,25628,14,3,10,목
2022-03-10,경원선,왕십리(성동구청),12942,13694,26636,-752,3,10,목
2022-03-10,경원선,응봉,1726,1448,3174,278,3,10,목
2022-03-10,경원선,옥수,42,33,75,9,3,10,목
2022-03-10,경원선,한남,3688,3546,7234,142,3,10,목
2022-03-10,경원선,서빙고,1804,1674,3478,130,3,10,목
2022-03-10,경원선,이촌(국립중앙박물관),3293,2635,5928,658,3,10,목
2022-03-10,경부선,광명,2818,2523,5341,295,3,10,목
2022-03-10,경부선,서동탄,1276,1103,2379,173,3,10,목
2022-03-10,경부선,당정,5986,5715,11701,271,3,10,목
2022-03-10,경부선,천안,6419,5872,12291,547,3,10,목
2022-03-10,경부선,두정,7330,7746,15076,-416,3,10,목
2022-03-10,경부선,직산,756,762,1518,-6,3,10,목
2022-03-10,경부선,성환,5091,4893,9984,198,3,10,목
2022-03-10,경부선,평택,11689,11688,23377,1,3,10,목
2022-03-10,경부선,평택지제,3256,3105,6361,151,3,10,목
2022-03-10,경부선,서정리,6648,6332,12980,316,3,10,목
2022-03-10,경부선,송탄,4000,3813,7813,187,3,10,목
2022-03-10,경부선,진위,1555,1364,2919,191,3,10,목
2022-03-10,경부선,오산,9100,9190,18290,-90,3,10,목
2022-03-10,경부선,오산대,3638,3352,6990,286,3,10,목
2022-03-10,경부선,세마,2659,2483,5142,176,3,10,목
2022-03-10,경부선,병점,13642,13789,27431,-147,3,10,목
2022-03-10,경부선,세류,2761,2532,5293,229,3,10,목
2022-03-10,경부선,독산,17407,18131,35538,-724,3,10,목
2022-03-10,경부선,수원,31116,32794,63910,-1678,3,10,목
2022-03-10,경부선,화서,7485,7168,14653,317,3,10,목
2022-03-10,경부선,성균관대,14297,14309,28606,-12,3,10,목
2022-03-10,경부선,의왕,8649,8701,17350,-52,3,10,목
2022-03-10,경부선,군포,7269,7332,14601,-63,3,10,목
2022-03-10,경부선,금정,24458,24885,49343,-427,3,10,목
2022-03-10,경부선,명학,9926,9864,19790,62,3,10,목
2022-03-10,경부선,안양,22657,22070,44727,587,3,10,목
2022-03-10,경부선,관악,6611,6095,12706,516,3,10,목
2022-03-10,경부선,금천구청,10677,10751,21428,-74,3,10,목
2022-03-10,경부선,가산디지털단지,16913,19495,36408,-2582,3,10,목
2022-03-10,경부선,구로,16922,17208,34130,-286,3,10,목
2022-03-10,경부선,신길,8145,6895,15040,1250,3,10,목
2022-03-10,경부선,신도림,3741,3672,7413,69,3,10,목
2022-03-10,경부선,영등포,31516,31956,63472,-440,3,10,목
2022-03-10,경부선,대방,11814,12164,23978,-350,3,10,목
2022-03-10,경부선,노량진,6957,7155,14112,-198,3,10,목
2022-03-10,경부선,용산,26964,26848,53812,116,3,10,목
2022-03-10,경부선,남영,8872,9312,18184,-440,3,10,목
2022-03-10,경부선,서울역,4958,1654,6612,3304,3,10,목
2022-03-10,경강선,여주,2425,2167,4592,258,3,10,목
2022-03-10,경강선,세종대왕릉,250,253,503,-3,3,10,목
2022-03-10,경강선,부발,1879,1805,3684,74,3,10,목
2022-03-10,경강선,이천,2278,2351,4629,-73,3,10,목
2022-03-10,경강선,신둔도예촌,1457,1296,2753,161,3,10,목
2022-03-10,경강선,곤지암,2013,1999,4012,14,3,10,목
2022-03-10,경강선,초월,2843,2736,5579,107,3,10,목
2022-03-10,경강선,경기광주,7035,6775,13810,260,3,10,목
2022-03-10,경강선,삼동,2169,2090,4259,79,3,10,목
2022-03-10,경강선,이매,1053,865,1918,188,3,10,목
2022-03-10,경강선,판교,4177,4151,8328,26,3,10,목
2022-03-10,9호선2~3단계,중앙보훈병원,9847,8756,18603,1091,3,10,목
2022-03-10,9호선2~3단계,둔촌오륜,1091,1016,2107,75,3,10,목
2022-03-10,9호선2~3단계,올림픽공원(한국체대),5110,5168,10278,-58,3,10,목
2022-03-10,9호선2~3단계,한성백제,2264,2099,4363,165,3,10,목
2022-03-10,9호선2~3단계,송파나루,4436,4662,9098,-226,3,10,목
2022-03-10,9호선2~3단계,석촌,7455,6628,14083,827,3,10,목
2022-03-10,9호선2~3단계,석촌고분,5477,5439,10916,38,3,10,목
2022-03-10,9호선2~3단계,삼전,6325,6120,12445,205,3,10,목
2022-03-10,9호선2~3단계,종합운동장,3999,4034,8033,-35,3,10,목
2022-03-10,9호선2~3단계,봉은사,14541,15219,29760,-678,3,10,목
2022-03-10,9호선2~3단계,삼성중앙,6089,6465,12554,-376,3,10,목
2022-03-10,9호선2~3단계,선정릉,8566,9522,18088,-956,3,10,목
2022-03-10,9호선2~3단계,언주,9352,9625,18977,-273,3,10,목
2022-03-10,9호선,신논현,27484,27263,54747,221,3,10,목
2022-03-10,9호선,사평,3084,3093,6177,-9,3,10,목
2022-03-10,9호선,고속터미널,10296,12878,23174,-2582,3,10,목
2022-03-10,9호선,신반포,3017,3038,6055,-21,3,10,목
2022-03-10,9호선,구반포,1172,1215,2387,-43,3,10,목
2022-03-10,9호선,동작(현충원),1885,1525,3410,360,3,10,목
2022-03-10,9호선,흑석(중앙대입구),8421,8640,17061,-219,3,10,목
2022-03-10,9호선,노들,3953,3369,7322,584,3,10,목
2022-03-10,9호선,노량진,22899,22341,45240,558,3,10,목
2022-03-10,9호선,샛강,5130,5362,10492,-232,3,10,목
2022-03-10,9호선,여의도,23480,22821,46301,659,3,10,목
2022-03-10,9호선,국회의사당,13728,13847,27575,-119,3,10,목
2022-03-10,9호선,당산,16214,16362,32576,-148,3,10,목
2022-03-10,9호선,선유도,7917,7580,15497,337,3,10,목
2022-03-10,9호선,신목동,3653,3202,6855,451,3,10,목
2022-03-10,9호선,염창,15484,15057,30541,427,3,10,목
2022-03-10,9호선,등촌,10377,10113,20490,264,3,10,목
2022-03-10,9호선,증미,6698,6560,13258,138,3,10,목
2022-03-10,9호선,가양,18643,18124,36767,519,3,10,목
2022-03-10,9호선,양천향교,9368,9440,18808,-72,3,10,목
2022-03-10,9호선,마곡나루(서울식물원),10693,10626,21319,67,3,10,목
2022-03-10,9호선,신방화,6233,6019,12252,214,3,10,목
2022-03-10,9호선,공항시장,2784,2970,5754,-186,3,10,목
2022-03-10,9호선,김포공항,5638,8549,14187,-2911,3,10,목
2022-03-10,9호선,개화,2187,1616,3803,571,3,10,목
2022-03-10,8호선,남위례,4031,4223,8254,-192,3,10,목
2022-03-10,8호선,모란,3898,3125,7023,773,3,10,목
2022-03-10,8호선,수진,4880,4459,9339,421,3,10,목
2022-03-10,8호선,신흥,3728,4032,7760,-304,3,10,목
2022-03-10,8호선,단대오거리,10450,9891,20341,559,3,10,목
2022-03-10,8호선,남한산성입구(성남법원.검찰청),13445,12651,26096,794,3,10,목
2022-03-10,8호선,산성,4848,4796,9644,52,3,10,목
2022-03-10,8호선,복정,8771,7486,16257,1285,3,10,목
2022-03-10,8호선,장지,15206,14848,30054,358,3,10,목
2022-03-10,8호선,문정,20585,21663,42248,-1078,3,10,목
2022-03-10,8호선,가락시장,6799,7612,14411,-813,3,10,목
2022-03-10,8호선,송파,6861,6939,13800,-78,3,10,목
2022-03-10,8호선,석촌,6741,7646,14387,-905,3,10,목
2022-03-10,8호선,잠실(송파구청),11168,13284,24452,-2116,3,10,목
2022-03-10,8호선,몽촌토성(평화의문),5362,5458,10820,-96,3,10,목
2022-03-10,8호선,강동구청,9562,10016,19578,-454,3,10,목
2022-03-10,8호선,천호(풍납토성),12970,14868,27838,-1898,3,10,목
2022-03-10,8호선,암사,17325,15266,32591,2059,3,10,목
2022-03-10,7호선,삼산체육관,1,0,1,1,3,10,목
2022-03-10,7호선,상동,2,0,2,2,3,10,목
2022-03-10,7호선,온수(성공회대입구),9725,9223,18948,502,3,10,목
2022-03-10,7호선,천왕,10501,10027,20528,474,3,10,목
2022-03-10,7호선,광명사거리,20144,19917,40061,227,3,10,목
2022-03-10,7호선,철산,18862,19426,38288,-564,3,10,목
2022-03-10,7호선,가산디지털단지,41606,41978,83584,-372,3,10,목
2022-03-10,7호선,남구로,14521,15311,29832,-790,3,10,목
2022-03-10,7호선,대림(구로구청),6804,6957,13761,-153,3,10,목
2022-03-10,7호선,신풍,10556,10188,20744,368,3,10,목
2022-03-10,7호선,보라매,9184,9143,18327,41,3,10,목
2022-03-10,7호선,신대방삼거리,15359,14850,30209,509,3,10,목
2022-03-10,7호선,장승배기,8354,8206,16560,148,3,10,목
2022-03-10,7호선,상도,10394,10310,20704,84,3,10,목
2022-03-10,7호선,숭실대입구(살피재),13650,14002,27652,-352,3,10,목
2022-03-10,7호선,남성,10156,9635,19791,521,3,10,목
2022-03-10,7호선,이수,13780,13358,27138,422,3,10,목
2022-03-10,7호선,내방,13328,13663,26991,-335,3,10,목
2022-03-10,7호선,고속터미널,13591,11387,24978,2204,3,10,목
2022-03-10,7호선,반포,5318,5025,10343,293,3,10,목
2022-03-10,7호선,논현,18215,19645,37860,-1430,3,10,목
2022-03-10,7호선,학동,22665,24058,46723,-1393,3,10,목
2022-03-10,7호선,강남구청,15200,16560,31760,-1360,3,10,목
2022-03-10,7호선,청담,17812,19848,37660,-2036,3,10,목
2022-03-10,분당선,보정,2148,1899,4047,249,3,10,목
2022-03-10,분당선,이매,5294,4865,10159,429,3,10,목
2022-03-10,분당선,오리,10666,8857,19523,1809,3,10,목
2022-03-10,분당선,미금,14339,15092,29431,-753,3,10,목
2022-03-10,분당선,정자,15297,16139,31436,-842,3,10,목
2022-03-10,분당선,수내,12116,12167,24283,-51,3,10,목
2022-03-10,분당선,서현,21136,21508,42644,-372,3,10,목
2022-03-10,분당선,야탑,23884,24698,48582,-814,3,10,목
2022-03-10,분당선,모란,18284,18268,36552,16,3,10,목
2022-03-10,7호선,뚝섬유원지,7472,7294,14766,178,3,10,목
2022-03-10,7호선,건대입구,11172,11679,22851,-507,3,10,목
2022-03-10,7호선,어린이대공원(세종대),13106,13229,26335,-123,3,10,목
2022-03-10,7호선,군자(능동),13608,10882,24490,2726,3,10,목
2022-03-10,7호선,중곡,10199,9471,19670,728,3,10,목
2022-03-10,7호선,용마산(용마폭포공원),5679,5448,11127,231,3,10,목
2022-03-10,7호선,사가정,14732,15019,29751,-287,3,10,목
2022-03-10,7호선,면목,15358,14938,30296,420,3,10,목
2022-03-10,7호선,상봉(시외버스터미널),15032,14103,29135,929,3,10,목
2022-03-10,7호선,중화,9938,9769,19707,169,3,10,목
2022-03-10,7호선,먹골,9474,9259,18733,215,3,10,목
2022-03-10,7호선,태릉입구,7863,7592,15455,271,3,10,목
2022-03-10,7호선,공릉(서울과학기술대),11521,11439,22960,82,3,10,목
2022-03-10,7호선,하계,16349,15591,31940,758,3,10,목
2022-03-10,7호선,중계,13663,12586,26249,1077,3,10,목
2022-03-10,7호선,노원,17415,18038,35453,-623,3,10,목
2022-03-10,7호선,마들,11769,11333,23102,436,3,10,목
2022-03-10,7호선,수락산,11412,11204,22616,208,3,10,목
2022-03-10,7호선,도봉산,8518,9932,18450,-1414,3,10,목
2022-03-10,7호선,장암,2042,747,2789,1295,3,10,목
2022-03-10,6호선,봉화산(서울의료원),8001,7608,15609,393,3,10,목
2022-03-10,6호선,화랑대(서울여대입구),11236,8861,20097,2375,3,10,목
2022-03-10,6호선,태릉입구,4992,5531,10523,-539,3,10,목
2022-03-10,6호선,석계,11508,12164,23672,-656,3,10,목
2022-03-10,6호선,돌곶이,8853,8407,17260,446,3,10,목
2022-03-10,6호선,상월곡(한국과학기술연구원),5708,5124,10832,584,3,10,목
2022-03-10,6호선,월곡(동덕여대),10477,10677,21154,-200,3,10,목
2022-03-10,6호선,고려대(종암),7446,7316,14762,130,3,10,목
2022-03-10,6호선,안암(고대병원앞),11029,10975,22004,54,3,10,목
2022-03-10,6호선,보문,6700,6296,12996,404,3,10,목
2022-03-10,6호선,창신,3149,2541,5690,608,3,10,목
2022-03-10,6호선,동묘앞,6994,7119,14113,-125,3,10,목
2022-03-10,6호선,신당,7199,7614,14813,-415,3,10,목
2022-03-10,6호선,청구,3429,3697,7126,-268,3,10,목
2022-03-10,6호선,약수,3182,3159,6341,23,3,10,목
2022-03-10,6호선,버티고개,1851,1850,3701,1,3,10,목
2022-03-10,6호선,한강진,6273,7229,13502,-956,3,10,목
2022-03-10,6호선,이태원,7907,8068,15975,-161,3,10,목
2022-03-10,6호선,녹사평(용산구청),4021,4008,8029,13,3,10,목
2022-03-10,6호선,삼각지,5490,4825,10315,665,3,10,목
2022-03-10,6호선,효창공원앞,6577,6118,12695,459,3,10,목
2022-03-10,6호선,공덕,16138,15622,31760,516,3,10,목
2022-03-10,6호선,대흥(서강대앞),7623,7834,15457,-211,3,10,목
2022-03-10,6호선,광흥창(서강),8170,8056,16226,114,3,10,목
2022-03-10,6호선,상수,7485,8174,15659,-689,3,10,목
2022-03-10,6호선,합정,10914,10717,21631,197,3,10,목
2022-03-10,6호선,망원,12169,13037,25206,-868,3,10,목
2022-03-10,6호선,마포구청,13104,11735,24839,1369,3,10,목
2022-03-10,6호선,월드컵경기장(성산),3680,3840,7520,-160,3,10,목
2022-03-10,6호선,디지털미디어시티,12410,13576,25986,-1166,3,10,목
2022-03-10,6호선,증산(명지대앞),9238,9332,18570,-94,3,10,목
2022-03-10,6호선,새절(신사),11900,11518,23418,382,3,10,목
2022-03-10,6호선,구산,7060,5284,12344,1776,3,10,목
2022-03-10,6호선,연신내,2,0,2,2,3,10,목
2022-03-10,6호선,독바위,2433,2575,5008,-142,3,10,목
2022-03-10,6호선,불광,3685,3680,7365,5,3,10,목
2022-03-10,6호선,역촌,3487,4194,7681,-707,3,10,목
2022-03-10,6호선,응암,15940,15842,31782,98,3,10,목
2022-03-10,5호선,하남검단산,4887,4709,9596,178,3,10,목
2022-03-10,5호선,하남시청(덕풍·신장),5925,5855,11780,70,3,10,목
2022-03-10,5호선,하남풍산,3927,3905,7832,22,3,10,목
2022-03-10,5호선,미사,14252,14162,28414,90,3,10,목
2022-03-10,5호선,강일,3656,3468,7124,188,3,10,목
2022-03-10,5호선,마천,6433,6307,12740,126,3,10,목
2022-03-10,5호선,거여,9188,8788,17976,400,3,10,목
2022-03-10,5호선,개롱,5766,5997,11763,-231,3,10,목
2022-03-10,5호선,오금,3486,3451,6937,35,3,10,목
2022-03-10,5호선,방이,6229,6459,12688,-230,3,10,목
2022-03-10,5호선,올림픽공원(한국체대),3847,3312,7159,535,3,10,목
2022-03-10,경부선,석수,8874,8030,16904,844,3,10,목
2022-03-10,5호선,둔촌동,7618,7700,15318,-82,3,10,목
2022-03-10,5호선,상일동,13312,12575,25887,737,3,10,목
2022-03-10,5호선,고덕,8563,8600,17163,-37,3,10,목
2022-03-10,5호선,명일,7671,7912,15583,-241,3,10,목
2022-03-10,5호선,굽은다리(강동구민회관앞),8562,8036,16598,526,3,10,목
2022-03-10,5호선,길동,7194,7561,14755,-367,3,10,목
2022-03-10,5호선,강동,17102,16353,33455,749,3,10,목
2022-03-10,5호선,천호(풍납토성),15346,15512,30858,-166,3,10,목
2022-03-10,5호선,광나루(장신대),12002,11008,23010,994,3,10,목
2022-03-10,5호선,아차산(어린이대공원후문),13728,13285,27013,443,3,10,목
2022-03-10,5호선,군자(능동),10059,11102,21161,-1043,3,10,목
2022-03-10,5호선,장한평,17039,16952,33991,87,3,10,목
2022-03-10,5호선,답십리,14496,13326,27822,1170,3,10,목
2022-03-10,5호선,마장,5248,4922,10170,326,3,10,목
2022-03-10,5호선,왕십리(성동구청),4139,4560,8699,-421,3,10,목
2022-03-10,5호선,행당,7346,6561,13907,785,3,10,목
2022-03-10,5호선,신금호,5745,6109,11854,-364,3,10,목
2022-03-10,5호선,청구,3716,3377,7093,339,3,10,목
2022-03-10,5호선,동대문역사문화공원(DDP),2687,3146,5833,-459,3,10,목
2022-03-10,5호선,을지로4가,5570,5478,11048,92,3,10,목
2022-03-10,5호선,광화문(세종문화회관),25418,26556,51974,-1138,3,10,목
2022-03-10,5호선,서대문,17614,17820,35434,-206,3,10,목
2022-03-10,5호선,충정로(경기대입구),4451,4480,8931,-29,3,10,목
2022-03-10,5호선,애오개,6170,6233,12403,-63,3,10,목
2022-03-10,5호선,공덕,12272,12882,25154,-610,3,10,목
2022-03-10,5호선,마포,12841,13230,26071,-389,3,10,목
2022-03-10,5호선,여의나루,8694,9466,18160,-772,3,10,목
2022-03-10,5호선,여의도,24516,26083,50599,-1567,3,10,목
2022-03-10,5호선,신길,3701,3981,7682,-280,3,10,목
2022-03-10,5호선,영등포시장,9104,9259,18363,-155,3,10,목
2022-03-10,5호선,영등포구청,3654,3696,7350,-42,3,10,목
2022-03-10,5호선,양평,6903,6743,13646,160,3,10,목
2022-03-10,5호선,오목교(목동운동장앞),18897,20138,39035,-1241,3,10,목
2022-03-10,5호선,목동,15162,16370,31532,-1208,3,10,목
2022-03-10,5호선,신정(은행정),12761,10456,23217,2305,3,10,목
2022-03-10,5호선,까치산,26541,25491,52032,1050,3,10,목
2022-03-10,5호선,화곡,25893,24166,50059,1727,3,10,목
2022-03-10,5호선,우장산,13160,13076,26236,84,3,10,목
2022-03-10,5호선,발산,18766,18955,37721,-189,3,10,목
2022-03-10,5호선,마곡,9900,9902,19802,-2,3,10,목
2022-03-10,5호선,송정,5890,5636,11526,254,3,10,목
2022-03-10,5호선,김포공항,5731,5538,11269,193,3,10,목
2022-03-10,5호선,개화산,5090,4913,10003,177,3,10,목
2022-03-10,5호선,방화,6030,5768,11798,262,3,10,목
2022-03-10,4호선,남태령,1044,917,1961,127,3,10,목
2022-03-10,4호선,사당,21748,18059,39807,3689,3,10,목
2022-03-10,4호선,총신대입구(이수),16893,18258,35151,-1365,3,10,목
2022-03-10,4호선,동작(현충원),1336,1559,2895,-223,3,10,목
2022-03-10,4호선,이촌(국립중앙박물관),6011,6809,12820,-798,3,10,목
2022-03-10,4호선,신용산,13917,14639,28556,-722,3,10,목
2022-03-10,4호선,삼각지,4167,4677,8844,-510,3,10,목
2022-03-10,4호선,숙대입구(갈월),13118,12942,26060,176,3,10,목
2022-03-10,4호선,서울역,9755,13229,22984,-3474,3,10,목
2022-03-10,4호선,회현(남대문시장),20596,21892,42488,-1296,3,10,목
2022-03-10,4호선,명동,16503,16826,33329,-323,3,10,목
2022-03-10,4호선,충무로,26236,26837,53073,-601,3,10,목
2022-03-10,4호선,동대문역사문화공원(DDP),12695,11817,24512,878,3,10,목
2022-03-10,4호선,동대문,17107,17698,34805,-591,3,10,목
2022-03-10,4호선,혜화,28879,28598,57477,281,3,10,목
2022-03-10,4호선,한성대입구(삼선교),12655,12405,25060,250,3,10,목
2022-03-10,4호선,성신여대입구(돈암),18818,17835,36653,983,3,10,목
2022-03-10,4호선,길음,18975,18855,37830,120,3,10,목
2022-03-10,4호선,미아사거리,24469,23589,48058,880,3,10,목
2022-03-10,4호선,미아(서울사이버대학),13992,13790,27782,202,3,10,목
2022-03-10,4호선,수유(강북구청),30691,30790,61481,-99,3,10,목
2022-03-10,4호선,쌍문,26784,24702,51486,2082,3,10,목
2022-03-10,4호선,창동,23054,24336,47390,-1282,3,10,목
2022-03-10,4호선,노원,16378,18644,35022,-2266,3,10,목
2022-03-10,4호선,상계,17403,16270,33673,1133,3,10,목
2022-03-10,4호선,당고개,12127,10960,23087,1167,3,10,목
2022-03-10,3호선,오금,5501,5136,10637,365,3,10,목
2022-03-10,3호선,경찰병원,6549,6577,13126,-28,3,10,목
2022-03-10,3호선,가락시장,7821,7652,15473,169,3,10,목
2022-03-10,3호선,수서,14485,14997,29482,-512,3,10,목
2022-03-10,3호선,일원,9686,9267,18953,419,3,10,목
2022-03-10,3호선,대청,8777,8261,17038,516,3,10,목
2022-03-10,3호선,학여울,1520,1561,3081,-41,3,10,목
2022-03-10,3호선,대치,9720,9859,19579,-139,3,10,목
2022-03-10,3호선,도곡,4843,5015,9858,-172,3,10,목
2022-03-10,3호선,매봉,10933,10545,21478,388,3,10,목
2022-03-10,3호선,양재(서초구청),34544,37650,72194,-3106,3,10,목
2022-03-10,3호선,남부터미널(예술의전당),25746,26099,51845,-353,3,10,목
2022-03-10,3호선,교대(법원.검찰청),13030,8515,21545,4515,3,10,목
2022-03-10,3호선,고속터미널,32445,30256,62701,2189,3,10,목
2022-03-10,3호선,잠원,4357,4239,8596,118,3,10,목
2022-03-10,3호선,신사,26777,27852,54629,-1075,3,10,목
2022-03-10,3호선,압구정,27663,29526,57189,-1863,3,10,목
2022-03-10,3호선,옥수,7715,8061,15776,-346,3,10,목
2022-03-10,3호선,금호,7184,6823,14007,361,3,10,목
2022-03-10,3호선,약수,11422,11234,22656,188,3,10,목
2022-03-10,3호선,동대입구,8114,8851,16965,-737,3,10,목
2022-03-10,3호선,을지로3가,8973,9134,18107,-161,3,10,목
2022-03-10,3호선,종로3가,9214,10386,19600,-1172,3,10,목
2022-03-10,3호선,안국,17336,17924,35260,-588,3,10,목
2022-03-10,3호선,경복궁(정부서울청사),18115,17547,35662,568,3,10,목
2022-03-10,3호선,독립문,6344,6572,12916,-228,3,10,목
2022-03-10,3호선,무악재,3529,3668,7197,-139,3,10,목
2022-03-10,3호선,홍제,15971,15315,31286,656,3,10,목
2022-03-10,3호선,녹번,14316,13002,27318,1314,3,10,목
2022-03-10,3호선,불광,14440,15511,29951,-1071,3,10,목
2022-03-10,3호선,연신내,33102,31348,64450,1754,3,10,목
2022-03-10,3호선,구파발,18493,17864,36357,629,3,10,목
2022-03-10,3호선,지축,4245,4097,8342,148,3,10,목
2022-03-10,2호선,용두(동대문구청),2125,2227,4352,-102,3,10,목
2022-03-10,2호선,신정네거리,9264,9641,18905,-377,3,10,목
2022-03-10,2호선,양천구청,6163,6530,12693,-367,3,10,목
2022-03-10,2호선,도림천,1359,1329,2688,30,3,10,목
2022-03-10,2호선,신설동,3002,3066,6068,-64,3,10,목
2022-03-10,2호선,신답,1499,1688,3187,-189,3,10,목
2022-03-10,2호선,용답,3148,3284,6432,-136,3,10,목
2022-03-10,2호선,충정로(경기대입구),9014,9540,18554,-526,3,10,목
2022-03-10,2호선,아현,9432,9047,18479,385,3,10,목
2022-03-10,2호선,이대,12611,13528,26139,-917,3,10,목
2022-03-10,2호선,신촌,28797,29305,58102,-508,3,10,목
2022-03-10,2호선,홍대입구,44199,45487,89686,-1288,3,10,목
2022-03-10,2호선,합정,26092,27201,53293,-1109,3,10,목
2022-03-10,2호선,당산,16828,19589,36417,-2761,3,10,목
2022-03-10,2호선,영등포구청,20929,21505,42434,-576,3,10,목
2022-03-10,2호선,문래,19203,19567,38770,-364,3,10,목
2022-03-10,2호선,신도림,41107,41243,82350,-136,3,10,목
2022-03-10,2호선,대림(구로구청),21578,21888,43466,-310,3,10,목
2022-03-10,2호선,구로디지털단지,53493,53393,106886,100,3,10,목
2022-03-10,2호선,신대방,24061,23545,47606,516,3,10,목
2022-03-10,2호선,신림,57375,55712,113087,1663,3,10,목
2022-03-10,2호선,봉천,21385,20112,41497,1273,3,10,목
2022-03-10,2호선,서울대입구(관악구청),43854,42596,86450,1258,3,10,목
2022-03-10,2호선,낙성대(강감찬),24454,24225,48679,229,3,10,목
2022-03-10,2호선,사당,31384,35042,66426,-3658,3,10,목
2022-03-10,2호선,방배,17479,18268,35747,-789,3,10,목
2022-03-10,2호선,서초,19043,18489,37532,554,3,10,목
2022-03-10,2호선,교대(법원.검찰청),30888,34519,65407,-3631,3,10,목
2022-03-10,2호선,강남,72596,71082,143678,1514,3,10,목
2022-03-10,분당선,태평,12292,11878,24170,414,3,10,목
2022-03-10,분당선,가천대,6386,7218,13604,-832,3,10,목
2022-03-10,분당선,선정릉,7318,7811,15129,-493,3,10,목
2022-03-10,분당선,강남구청,9192,10612,19804,-1420,3,10,목
2022-03-10,분당선,압구정로데오,16655,18455,35110,-1800,3,10,목
2022-03-10,분당선,서울숲,8874,9140,18014,-266,3,10,목
2022-03-10,분당선,수원,7442,6183,13625,1259,3,10,목
2022-03-10,분당선,수서,12123,12372,24495,-249,3,10,목
2022-03-10,분당선,대모산입구,4094,3738,7832,356,3,10,목
2022-03-10,분당선,개포동,3328,3489,6817,-161,3,10,목
2022-03-10,분당선,구룡,2162,2124,4286,38,3,10,목
2022-03-10,7호선,춘의,2,0,2,2,3,10,목
2022-03-10,분당선,도곡,6170,6105,12275,65,3,10,목
2022-03-10,1호선,서울역,35453,34369,69822,1084,3,10,목
2022-03-10,1호선,시청,19311,19104,38415,207,3,10,목
2022-03-10,1호선,종각,29050,28418,57468,632,3,10,목
2022-03-10,1호선,종로3가,21856,20128,41984,1728,3,10,목
2022-03-10,1호선,종로5가,19594,19441,39035,153,3,10,목
2022-03-10,1호선,동대문,9575,8890,18465,685,3,10,목
2022-03-10,1호선,신설동,12558,12402,24960,156,3,10,목
2022-03-10,1호선,제기동,14214,14392,28606,-178,3,10,목
2022-03-10,1호선,청량리(서울시립대입구),17347,17265,34612,82,3,10,목
2022-03-10,1호선,동묘앞,6850,7163,14013,-313,3,10,목
2022-03-10,2호선,시청,20080,19697,39777,383,3,10,목
2022-03-10,2호선,을지로입구,33109,34134,67243,-1025,3,10,목
2022-03-10,2호선,을지로3가,19004,19140,38144,-136,3,10,목
2022-03-10,2호선,을지로4가,11555,11677,23232,-122,3,10,목
2022-03-10,2호선,동대문역사문화공원(DDP),10330,11650,21980,-1320,3,10,목
2022-03-10,2호선,신당,12448,12687,25135,-239,3,10,목
2022-03-10,2호선,상왕십리,12888,12507,25395,381,3,10,목
2022-03-10,2호선,왕십리(성동구청),14792,11661,26453,3131,3,10,목
2022-03-10,2호선,한양대,14292,16192,30484,-1900,3,10,목
2022-03-10,2호선,뚝섬,19425,21065,40490,-1640,3,10,목
2022-03-10,2호선,성수,33283,36172,69455,-2889,3,10,목
2022-03-10,2호선,건대입구,30615,32283,62898,-1668,3,10,목
2022-03-10,2호선,구의(광진구청),21294,21340,42634,-46,3,10,목
2022-03-10,2호선,강변(동서울터미널),26564,24616,51180,1948,3,10,목
2022-03-10,2호선,잠실나루,12948,12741,25689,207,3,10,목
2022-03-10,2호선,잠실(송파구청),58332,57823,116155,509,3,10,목
2022-03-10,2호선,잠실새내,18893,18585,37478,308,3,10,목
2022-03-10,2호선,종합운동장,18717,20587,39304,-1870,3,10,목
2022-03-10,2호선,삼성(무역센터),45977,46312,92289,-335,3,10,목
2022-03-10,2호선,선릉,50957,45451,96408,5506,3,10,목
2022-03-10,2호선,역삼,46223,52122,98345,-5899,3,10,목
2022-03-10,분당선,한티,12884,13850,26734,-966,3,10,목
2022-03-10,분당선,선릉,12179,18058,30237,-5879,3,10,목
2022-03-10,과천선,범계,23259,23069,46328,190,3,10,목
2022-03-10,과천선,평촌,16451,16148,32599,303,3,10,목
2022-03-10,과천선,인덕원,21845,22794,44639,-949,3,10,목
2022-03-10,과천선,정부과천청사,9334,9252,18586,82,3,10,목
2022-03-10,과천선,과천,5595,5282,10877,313,3,10,목
2022-03-10,과천선,대공원,2081,2194,4275,-113,3,10,목
2022-03-10,과천선,경마공원,1191,1116,2307,75,3,10,목
2022-03-10,과천선,선바위,7418,6527,13945,891,3,10,목
2022-03-10,공항철도 1호선,영종,2652,2594,5246,58,3,10,목
2022-03-10,공항철도 1호선,인천공항2터미널,2079,1987,4066,92,3,10,목
2022-03-10,공항철도 1호선,인천공항1터미널,3216,3260,6476,-44,3,10,목
2022-03-10,공항철도 1호선,공항화물청사,2119,2305,4424,-186,3,10,목
2022-03-10,공항철도 1호선,운서,5981,6083,12064,-102,3,10,목
2022-03-10,공항철도 1호선,청라국제도시,6170,5815,11985,355,3,10,목
2022-03-10,공항철도 1호선,검암,6043,6003,12046,40,3,10,목
2022-03-10,공항철도 1호선,계양,9344,8893,18237,451,3,10,목
2022-03-10,분당선,죽전,12739,13875,26614,-1136,3,10,목
2022-03-10,공항철도 1호선,김포공항,9071,5524,14595,3547,3,10,목
2022-03-10,공항철도 1호선,마곡나루(서울식물원),7849,7649,15498,200,3,10,목
2022-03-10,공항철도 1호선,디지털미디어시티,12470,11340,23810,1130,3,10,목
2022-03-10,공항철도 1호선,홍대입구,7769,7816,15585,-47,3,10,목
2022-03-10,공항철도 1호선,공덕,2019,2511,4530,-492,3,10,목
2022-03-10,공항철도 1호선,서울역,6412,5753,12165,659,3,10,목
2022-03-10,경춘선,춘천,1417,1243,2660,174,3,10,목
2022-03-10,경춘선,남춘천,2446,2287,4733,159,3,10,목
2022-03-10,경춘선,김유정,244,242,486,2,3,10,목
2022-03-10,경춘선,강촌,322,287,609,35,3,10,목
2022-03-10,경춘선,백양리,61,61,122,0,3,10,목
2022-03-10,경춘선,굴봉산,100,97,197,3,3,10,목
2022-03-10,경춘선,가평,1279,1205,2484,74,3,10,목
2022-03-10,경춘선,상천,205,194,399,11,3,10,목
2022-03-10,경춘선,청평,1333,1346,2679,-13,3,10,목
2022-03-10,경춘선,대성리,376,329,705,47,3,10,목
2022-03-10,경춘선,마석,3540,3551,7091,-11,3,10,목
2022-03-10,경춘선,천마산,1615,1483,3098,132,3,10,목
2022-03-10,경춘선,평내호평,5734,5664,11398,70,3,10,목
2022-03-10,경춘선,금곡,1406,1404,2810,2,3,10,목
2022-03-10,경춘선,사릉,3125,3038,6163,87,3,10,목
2022-03-10,경춘선,퇴계원,3281,3046,6327,235,3,10,목
2022-03-10,경춘선,별내,3127,3000,6127,127,3,10,목
2022-03-10,경춘선,갈매,2844,2458,5302,386,3,10,목
2022-03-10,경춘선,신내,1992,1814,3806,178,3,10,목
2022-03-10,경인선,도화,3766,3548,7314,218,3,10,목
2022-03-10,경인선,중동,8618,8128,16746,490,3,10,목
2022-03-10,경인선,온수(성공회대입구),6307,6122,12429,185,3,10,목
2022-03-10,경인선,도원,2403,2468,4871,-65,3,10,목
2022-03-10,경인선,간석,5330,5056,10386,274,3,10,목
2022-03-10,경인선,부개,7765,7333,15098,432,3,10,목
2022-03-10,경인선,소사,8079,7858,15937,221,3,10,목
2022-03-10,경인선,구일,5738,5735,11473,3,3,10,목
2022-03-10,경인선,인천,2928,2251,5179,677,3,10,목
2022-03-10,경인선,동인천,12337,11679,24016,658,3,10,목
2022-03-10,경인선,제물포,9740,9310,19050,430,3,10,목
2022-03-10,경인선,주안,16732,15168,31900,1564,3,10,목
2022-03-10,경인선,동암,13117,13195,26312,-78,3,10,목
2022-03-10,경인선,백운,6306,6181,12487,125,3,10,목
2022-03-10,경인선,부평,25065,26507,51572,-1442,3,10,목
2022-03-10,경인선,송내,24536,24383,48919,153,3,10,목
2022-03-10,경인선,부천,28854,28669,57523,185,3,10,목
2022-03-10,경인선,역곡,25891,25720,51611,171,3,10,목
2022-03-10,경인선,오류동,11171,10605,21776,566,3,10,목
2022-03-10,경인선,개봉,19357,19179,38536,178,3,10,목
2022-03-10,경의선,임진강,4,2,6,2,3,10,목
2022-03-10,경의선,문산,4437,4453,8890,-16,3,10,목
2022-03-10,경의선,파주,1493,1105,2598,388,3,10,목
2022-03-10,경의선,월롱,2580,2399,4979,181,3,10,목
2022-03-10,경의선,금촌,5720,5744,11464,-24,3,10,목
2022-03-10,경의선,금릉,4431,4384,8815,47,3,10,목
2022-03-10,경의선,운정,6364,6154,12518,210,3,10,목
2022-03-10,중앙선,지평,69,76,145,-7,3,10,목
2022-03-10,중앙선,용문,2533,2541,5074,-8,3,10,목
2022-03-10,중앙선,원덕,360,324,684,36,3,10,목
2022-03-10,5호선,종로3가,10162,10168,20330,-6,3,10,목
2022-03-10,경의선,야당,6724,6658,13382,66,3,10,목
2022-03-10,경의선,탄현,7131,6742,13873,389,3,10,목
2022-03-10,경의선,일산,8793,8717,17510,76,3,10,목
2022-03-10,중앙선,양평,2428,2451,4879,-23,3,10,목
2022-03-10,중앙선,오빈,267,264,531,3,3,10,목
2022-03-10,중앙선,아신,496,450,946,46,3,10,목
2022-03-10,중앙선,국수,716,703,1419,13,3,10,목
2022-03-10,중앙선,신원,193,172,365,21,3,10,목
2022-03-10,중앙선,양수,1543,1583,3126,-40,3,10,목
2022-03-10,중앙선,운길산,621,578,1199,43,3,10,목
2022-03-10,중앙선,팔당,740,759,1499,-19,3,10,목
2022-03-10,중앙선,도심,2274,1806,4080,468,3,10,목
2022-03-10,중앙선,덕소,5049,5081,10130,-32,3,10,목
2022-03-10,중앙선,양정,661,595,1256,66,3,10,목
2022-03-10,중앙선,도농,9723,8876,18599,847,3,10,목
2022-03-10,중앙선,구리,12046,12301,24347,-255,3,10,목
2022-03-10,중앙선,양원,2378,2233,4611,145,3,10,목
2022-03-10,중앙선,망우,7012,6840,13852,172,3,10,목
2022-03-10,중앙선,상봉(시외버스터미널),5011,5085,10096,-74,3,10,목
2022-03-10,중앙선,중랑,5131,4898,10029,233,3,10,목
2022-03-10,중앙선,회기,22583,21915,44498,668,3,10,목
2022-03-10,장항선,신창(순천향대),3288,2831,6119,457,3,10,목
2022-03-10,장항선,온양온천,3208,3365,6573,-157,3,10,목
2022-03-10,장항선,배방,1143,1060,2203,83,3,10,목
2022-03-10,장항선,탕정,719,660,1379,59,3,10,목
2022-03-10,장항선,아산,3651,3213,6864,438,3,10,목
2022-03-10,장항선,쌍용(나사렛대),2887,2605,5492,282,3,10,목
2022-03-10,장항선,봉명,1224,1160,2384,64,3,10,목
2022-03-10,일산선,대화,11724,9444,21168,2280,3,10,목
2022-03-10,일산선,주엽,8100,8209,16309,-109,3,10,목
2022-03-10,일산선,정발산,6197,6243,12440,-46,3,10,목
2022-03-10,일산선,마두,6854,7074,13928,-220,3,10,목
2022-03-10,일산선,백석,8973,8853,17826,120,3,10,목
2022-03-10,일산선,대곡,1925,1567,3492,358,3,10,목
2022-03-10,일산선,화정,15423,15713,31136,-290,3,10,목
2022-03-10,일산선,원당,10241,9802,20043,439,3,10,목
2022-03-10,일산선,삼송,17650,17161,34811,489,3,10,목
2022-03-10,일산선,지축,1,0,1,1,3,10,목
2022-03-10,일산선,원흥,9629,9265,18894,364,3,10,목
2022-03-10,우이신설선,신설동,1951,1845,3796,106,3,10,목
2022-03-10,우이신설선,보문,1449,1405,2854,44,3,10,목
2022-03-10,우이신설선,성신여대입구(돈암),3037,3317,6354,-280,3,10,목
2022-03-10,우이신설선,정릉,4175,3970,8145,205,3,10,목
2022-03-10,우이신설선,북한산보국문,5612,5377,10989,235,3,10,목
2022-03-10,우이신설선,솔샘,5324,5151,10475,173,3,10,목
2022-03-10,우이신설선,삼양사거리,2192,2274,4466,-82,3,10,목
2022-03-10,우이신설선,삼양,1822,1887,3709,-65,3,10,목
2022-03-10,우이신설선,화계,3099,2895,5994,204,3,10,목
2022-03-10,우이신설선,가오리,3754,3769,7523,-15,3,10,목
2022-03-10,우이신설선,4.19민주묘지,3106,2963,6069,143,3,10,목
2022-03-10,우이신설선,솔밭공원,2274,2204,4478,70,3,10,목
2022-03-10,우이신설선,북한산우이,2411,2124,4535,287,3,10,목
2022-03-10,안산선,수리산,3897,3207,7104,690,3,10,목
2022-03-10,안산선,오이도,7486,7420,14906,66,3,10,목
2022-03-10,안산선,정왕,9873,10137,20010,-264,3,10,목
2022-03-10,안산선,신길온천,1571,1477,3048,94,3,10,목
2022-03-10,안산선,안산,10706,9598,20304,1108,3,10,목
2022-03-10,안산선,초지,4755,5093,9848,-338,3,10,목
2022-03-10,안산선,고잔,8363,7953,16316,410,3,10,목
2022-03-10,안산선,중앙,16319,16982,33301,-663,3,10,목
2022-03-10,안산선,한대앞,10098,10020,20118,78,3,10,목
2022-03-10,안산선,상록수,15235,15515,30750,-280,3,10,목
2022-03-10,안산선,반월,4043,3889,7932,154,3,10,목
2022-03-10,안산선,대야미,4531,4192,8723,339,3,10,목
2022-03-10,안산선,산본,14130,15241,29371,-1111,3,10,목
2022-03-10,수인선,인천,883,1346,2229,-463,3,10,목
2022-03-10,수인선,신포,1661,1631,3292,30,3,10,목
2022-03-10,수인선,숭의,3626,3379,7005,247,3,10,목
2022-03-10,수인선,인하대,5450,5171,10621,279,3,10,목
2022-03-10,수인선,송도,2236,2031,4267,205,3,10,목
2022-03-10,수인선,연수,4016,3909,7925,107,3,10,목
2022-03-10,수인선,원인재,3984,4198,8182,-214,3,10,목
2022-03-10,수인선,남동인더스파크,2112,2417,4529,-305,3,10,목
2022-03-10,수인선,호구포,3725,3994,7719,-269,3,10,목
2022-03-10,수인선,인천논현,4944,5219,10163,-275,3,10,목
2022-03-10,수인선,소래포구,4365,4123,8488,242,3,10,목
2022-03-10,수인선,월곶,2524,2436,4960,88,3,10,목
2022-03-10,수인선,달월,92,52,144,40,3,10,목
2022-03-10,수인선,사리,4354,3939,8293,415,3,10,목
2022-03-10,수인선,야목,352,265,617,87,3,10,목
2022-03-10,수인선,어천,651,672,1323,-21,3,10,목
2022-03-10,수인선,오목천,3200,2980,6180,220,3,10,목
2022-03-10,수인선,고색,4670,4493,9163,177,3,10,목
2022-03-10,분당선,매교,3005,2983,5988,22,3,10,목
2022-03-10,분당선,수원시청,11186,11916,23102,-730,3,10,목
2022-03-10,분당선,매탄권선,4715,4643,9358,72,3,10,목
2022-03-10,분당선,망포,13345,12732,26077,613,3,10,목
2022-03-10,분당선,영통,7612,7792,15404,-180,3,10,목
2022-03-10,분당선,청명,3904,3832,7736,72,3,10,목
2022-03-10,분당선,상갈,4842,4618,9460,224,3,10,목
2022-03-10,분당선,기흥,8779,8398,17177,381,3,10,목
2022-03-10,분당선,신갈,4046,4091,8137,-45,3,10,목
2022-03-10,분당선,구성,4538,4900,9438,-362,3,10,목
2022-03-11,2호선,충정로(경기대입구),8898,9431,18329,-533,3,11,금
2022-03-11,중앙선,양수,1775,1895,3670,-120,3,11,금
2022-03-11,중앙선,신원,188,186,374,2,3,11,금
2022-03-11,중앙선,국수,699,677,1376,22,3,11,금
2022-03-11,중앙선,아신,493,477,970,16,3,11,금
2022-03-11,중앙선,오빈,264,290,554,-26,3,11,금
2022-03-11,중앙선,양평,2668,2762,5430,-94,3,11,금
2022-03-11,중앙선,원덕,284,315,599,-31,3,11,금
2022-03-11,중앙선,용문,1527,1662,3189,-135,3,11,금
2022-03-11,중앙선,지평,54,67,121,-13,3,11,금
2022-03-11,우이신설선,신설동,2010,2030,4040,-20,3,11,금
2022-03-11,우이신설선,보문,1425,1403,2828,22,3,11,금
2022-03-11,우이신설선,성신여대입구(돈암),3159,3506,6665,-347,3,11,금
2022-03-11,우이신설선,정릉,4404,3991,8395,413,3,11,금
2022-03-11,우이신설선,북한산보국문,5760,5367,11127,393,3,11,금
2022-03-11,우이신설선,솔샘,5518,5061,10579,457,3,11,금
2022-03-11,우이신설선,삼양사거리,2278,2326,4604,-48,3,11,금
2022-03-11,우이신설선,삼양,1889,1908,3797,-19,3,11,금
2022-03-11,우이신설선,화계,3180,2994,6174,186,3,11,금
2022-03-11,우이신설선,가오리,3970,3812,7782,158,3,11,금
2022-03-11,우이신설선,4.19민주묘지,3436,3207,6643,229,3,11,금
2022-03-11,3호선,금호,7398,6873,14271,525,3,11,금
2022-03-11,우이신설선,솔밭공원,2331,2273,4604,58,3,11,금
2022-03-11,우이신설선,북한산우이,2490,2274,4764,216,3,11,금
2022-03-11,안산선,수리산,4012,3270,7282,742,3,11,금
2022-03-11,안산선,오이도,7811,7828,15639,-17,3,11,금
2022-03-11,안산선,정왕,9913,9500,19413,413,3,11,금
2022-03-11,안산선,신길온천,1644,1569,3213,75,3,11,금
2022-03-11,안산선,안산,11047,10177,21224,870,3,11,금
2022-03-11,안산선,초지,4518,4865,9383,-347,3,11,금
2022-03-11,안산선,고잔,8306,7954,16260,352,3,11,금
2022-03-11,안산선,중앙,17229,18289,35518,-1060,3,11,금
2022-03-11,안산선,한대앞,10143,9897,20040,246,3,11,금
2022-03-11,안산선,상록수,15318,15581,30899,-263,3,11,금
2022-03-11,안산선,반월,4180,4032,8212,148,3,11,금
2022-03-11,안산선,대야미,4764,4287,9051,477,3,11,금
2022-03-11,안산선,산본,15001,16265,31266,-1264,3,11,금
2022-03-11,수인선,인천,920,1499,2419,-579,3,11,금
2022-03-11,수인선,신포,1729,1758,3487,-29,3,11,금
2022-03-11,일산선,화정,15824,16397,32221,-573,3,11,금
2022-03-11,일산선,대곡,1897,1579,3476,318,3,11,금
2022-03-11,일산선,백석,9044,8987,18031,57,3,11,금
2022-03-11,일산선,마두,6871,7206,14077,-335,3,11,금
2022-03-11,일산선,정발산,6943,7309,14252,-366,3,11,금
2022-03-11,일산선,주엽,8379,8512,16891,-133,3,11,금
2022-03-11,일산선,대화,12165,10105,22270,2060,3,11,금
2022-03-11,장항선,봉명,1202,1138,2340,64,3,11,금
2022-03-11,장항선,쌍용(나사렛대),2498,2169,4667,329,3,11,금
2022-03-11,장항선,아산,3823,3698,7521,125,3,11,금
2022-03-11,장항선,탕정,741,651,1392,90,3,11,금
2022-03-11,장항선,배방,1143,1092,2235,51,3,11,금
2022-03-11,장항선,온양온천,3495,3744,7239,-249,3,11,금
2022-03-11,장항선,신창(순천향대),3130,1939,5069,1191,3,11,금
2022-03-11,중앙선,회기,23832,22502,46334,1330,3,11,금
2022-03-11,중앙선,중랑,5439,5095,10534,344,3,11,금
2022-03-11,중앙선,상봉(시외버스터미널),5421,5474,10895,-53,3,11,금
2022-03-11,중앙선,망우,7325,7154,14479,171,3,11,금
2022-03-11,중앙선,양원,2460,2320,4780,140,3,11,금
2022-03-11,중앙선,구리,12443,12954,25397,-511,3,11,금
2022-03-11,중앙선,도농,9728,9103,18831,625,3,11,금
2022-03-11,중앙선,양정,716,605,1321,111,3,11,금
2022-03-11,중앙선,덕소,5102,5245,10347,-143,3,11,금
2022-03-11,중앙선,도심,2237,1784,4021,453,3,11,금
2022-03-11,중앙선,팔당,769,824,1593,-55,3,11,금
2022-03-11,중앙선,운길산,750,699,1449,51,3,11,금
2022-03-11,수인선,숭의,3787,3486,7273,301,3,11,금
2022-03-11,수인선,인하대,5752,5467,11219,285,3,11,금
2022-03-11,수인선,송도,2363,2238,4601,125,3,11,금
2022-03-11,수인선,연수,4466,4535,9001,-69,3,11,금
2022-03-11,수인선,원인재,4264,4542,8806,-278,3,11,금
2022-03-11,수인선,남동인더스파크,2207,2443,4650,-236,3,11,금
2022-03-11,수인선,호구포,3900,4014,7914,-114,3,11,금
2022-03-11,수인선,인천논현,5235,5669,10904,-434,3,11,금
2022-03-11,수인선,소래포구,4579,4395,8974,184,3,11,금
2022-03-11,수인선,월곶,2528,2389,4917,139,3,11,금
2022-03-11,수인선,달월,101,63,164,38,3,11,금
2022-03-11,수인선,사리,4443,3983,8426,460,3,11,금
2022-03-11,수인선,야목,369,270,639,99,3,11,금
2022-03-11,수인선,어천,739,695,1434,44,3,11,금
2022-03-11,수인선,오목천,3372,3008,6380,364,3,11,금
2022-03-11,수인선,고색,4912,4640,9552,272,3,11,금
2022-03-11,분당선,매교,3141,3069,6210,72,3,11,금
2022-03-11,분당선,수원시청,12204,13489,25693,-1285,3,11,금
2022-03-11,분당선,매탄권선,4976,4731,9707,245,3,11,금
2022-03-11,분당선,망포,14041,12997,27038,1044,3,11,금
2022-03-11,분당선,영통,8333,8363,16696,-30,3,11,금
2022-03-11,분당선,청명,4284,3979,8263,305,3,11,금
2022-03-11,분당선,상갈,4991,4897,9888,94,3,11,금
2022-03-11,분당선,기흥,9010,8579,17589,431,3,11,금
2022-03-11,분당선,신갈,4297,4271,8568,26,3,11,금
2022-03-11,분당선,구성,4723,4952,9675,-229,3,11,금
2022-03-11,분당선,죽전,13220,14337,27557,-1117,3,11,금
2022-03-11,분당선,보정,2445,2125,4570,320,3,11,금
2022-03-11,분당선,이매,5503,5120,10623,383,3,11,금
2022-03-11,분당선,오리,11092,9042,20134,2050,3,11,금
2022-03-11,분당선,미금,15180,15994,31174,-814,3,11,금
2022-03-11,분당선,정자,15847,16846,32693,-999,3,11,금
2022-03-11,분당선,수내,12431,12426,24857,5,3,11,금
2022-03-11,분당선,서현,23296,23768,47064,-472,3,11,금
2022-03-11,분당선,야탑,24554,25721,50275,-1167,3,11,금
2022-03-11,분당선,모란,19184,19471,38655,-287,3,11,금
2022-03-11,분당선,태평,12632,12306,24938,326,3,11,금
2022-03-11,분당선,가천대,6828,7377,14205,-549,3,11,금
2022-03-11,분당선,선정릉,7255,7801,15056,-546,3,11,금
2022-03-11,분당선,강남구청,9411,10868,20279,-1457,3,11,금
2022-03-11,분당선,압구정로데오,18376,20789,39165,-2413,3,11,금
2022-03-11,분당선,서울숲,9466,9610,19076,-144,3,11,금
2022-03-11,분당선,수원,7943,6654,14597,1289,3,11,금
2022-03-11,분당선,수서,13175,13777,26952,-602,3,11,금
2022-03-11,분당선,대모산입구,4171,3894,8065,277,3,11,금
2022-03-11,분당선,개포동,3382,3553,6935,-171,3,11,금
2022-03-11,분당선,구룡,2376,2161,4537,215,3,11,금
2022-03-11,분당선,도곡,6621,6304,12925,317,3,11,금
2022-03-11,분당선,한티,13692,14462,28154,-770,3,11,금
2022-03-11,분당선,선릉,12063,17950,30013,-5887,3,11,금
2022-03-11,과천선,범계,24571,24490,49061,81,3,11,금
2022-03-11,과천선,평촌,16335,16125,32460,210,3,11,금
2022-03-11,과천선,인덕원,22630,23440,46070,-810,3,11,금
2022-03-11,과천선,정부과천청사,9718,9581,19299,137,3,11,금
2022-03-11,과천선,과천,5952,5448,11400,504,3,11,금
2022-03-11,과천선,대공원,2309,2410,4719,-101,3,11,금
2022-03-11,과천선,경마공원,5107,5250,10357,-143,3,11,금
2022-03-11,과천선,선바위,7550,6610,14160,940,3,11,금
2022-03-11,공항철도 1호선,영종,2720,2912,5632,-192,3,11,금
2022-03-11,공항철도 1호선,인천공항2터미널,2067,1912,3979,155,3,11,금
2022-03-11,공항철도 1호선,인천공항1터미널,3472,3673,7145,-201,3,11,금
2022-03-11,공항철도 1호선,공항화물청사,2218,2357,4575,-139,3,11,금
2022-03-11,공항철도 1호선,운서,6344,6435,12779,-91,3,11,금
2022-03-11,공항철도 1호선,청라국제도시,6301,5995,12296,306,3,11,금
2022-03-11,공항철도 1호선,검암,6113,6096,12209,17,3,11,금
2022-03-11,공항철도 1호선,계양,9475,8963,18438,512,3,11,금
2022-03-11,공항철도 1호선,김포공항,11499,6447,17946,5052,3,11,금
2022-03-11,공항철도 1호선,마곡나루(서울식물원),7531,7162,14693,369,3,11,금
2022-03-11,공항철도 1호선,디지털미디어시티,12316,11195,23511,1121,3,11,금
2022-03-11,공항철도 1호선,홍대입구,9076,9199,18275,-123,3,11,금
2022-03-11,공항철도 1호선,공덕,2064,2647,4711,-583,3,11,금
2022-03-11,공항철도 1호선,서울역,7926,6942,14868,984,3,11,금
2022-03-11,경춘선,춘천,1542,1110,2652,432,3,11,금
2022-03-11,경춘선,남춘천,2848,2299,5147,549,3,11,금
2022-03-11,경춘선,김유정,273,330,603,-57,3,11,금
2022-03-11,경춘선,강촌,301,343,644,-42,3,11,금
2022-03-11,경춘선,백양리,72,69,141,3,3,11,금
2022-03-11,경춘선,굴봉산,98,111,209,-13,3,11,금
2022-03-11,경춘선,가평,1391,1480,2871,-89,3,11,금
2022-03-11,경춘선,상천,255,248,503,7,3,11,금
2022-03-11,경춘선,청평,1446,1501,2947,-55,3,11,금
2022-03-11,경춘선,대성리,420,436,856,-16,3,11,금
2022-03-11,경춘선,마석,3607,3794,7401,-187,3,11,금
2022-03-11,경춘선,천마산,1607,1514,3121,93,3,11,금
2022-03-11,경춘선,평내호평,5723,5755,11478,-32,3,11,금
2022-03-11,경춘선,금곡,1400,1363,2763,37,3,11,금
2022-03-11,경춘선,사릉,3048,3039,6087,9,3,11,금
2022-03-11,경춘선,퇴계원,3299,3109,6408,190,3,11,금
2022-03-11,경춘선,별내,3253,3187,6440,66,3,11,금
2022-03-11,경춘선,갈매,2919,2561,5480,358,3,11,금
2022-03-11,경춘선,신내,2027,1926,3953,101,3,11,금
2022-03-11,경인선,도화,4053,3753,7806,300,3,11,금
2022-03-11,경인선,중동,8818,8346,17164,472,3,11,금
2022-03-11,경인선,온수(성공회대입구),6505,6148,12653,357,3,11,금
2022-03-11,경인선,도원,2437,2553,4990,-116,3,11,금
2022-03-11,경인선,간석,5633,5363,10996,270,3,11,금
2022-03-11,경인선,부개,7836,7418,15254,418,3,11,금
2022-03-11,경인선,소사,8216,7800,16016,416,3,11,금
2022-03-11,경인선,구일,5816,5841,11657,-25,3,11,금
2022-03-11,경인선,인천,3136,2517,5653,619,3,11,금
2022-03-11,경인선,동인천,12708,12062,24770,646,3,11,금
2022-03-11,경인선,제물포,10064,9500,19564,564,3,11,금
2022-03-11,경인선,주안,17623,16192,33815,1431,3,11,금
2022-03-11,경인선,동암,13551,13930,27481,-379,3,11,금
2022-03-11,경인선,백운,6454,6286,12740,168,3,11,금
2022-03-11,경인선,부평,26609,29137,55746,-2528,3,11,금
2022-03-11,경인선,송내,24550,24709,49259,-159,3,11,금
2022-03-11,경인선,부천,29757,30413,60170,-656,3,11,금
2022-03-11,경인선,역곡,26128,25556,51684,572,3,11,금
2022-03-11,경인선,오류동,11361,10382,21743,979,3,11,금
2022-03-11,경인선,개봉,20000,19654,39654,346,3,11,금
2022-03-11,경의선,계양,1,0,1,1,3,11,금
2022-03-11,경의선,임진강,6,3,9,3,3,11,금
2022-03-11,경의선,문산,4826,4818,9644,8,3,11,금
2022-03-11,경의선,파주,1327,910,2237,417,3,11,금
2022-03-11,경의선,월롱,2695,2177,4872,518,3,11,금
2022-03-11,경의선,금촌,6564,6585,13149,-21,3,11,금
2022-03-11,경의선,금릉,4541,4465,9006,76,3,11,금
2022-03-11,경의선,운정,6566,6423,12989,143,3,11,금
2022-03-11,경의선,야당,7109,7376,14485,-267,3,11,금
2022-03-11,경의선,탄현,7178,7044,14222,134,3,11,금
2022-03-11,경의선,일산,8794,8987,17781,-193,3,11,금
2022-03-11,경의선,풍산,5192,4907,10099,285,3,11,금
2022-03-11,경의선,백마,6691,6602,13293,89,3,11,금
2022-03-11,경의선,곡산,558,585,1143,-27,3,11,금
2022-03-11,경의선,능곡,3645,3430,7075,215,3,11,금
2022-03-11,경의선,행신,7405,7519,14924,-114,3,11,금
2022-03-11,경의선,강매,2988,2716,5704,272,3,11,금
2022-03-11,경의선,화전,2780,2499,5279,281,3,11,금
2022-03-11,경의선,수색,2627,2667,5294,-40,3,11,금
2022-03-11,경의선,디지털미디어시티,2286,2200,4486,86,3,11,금
2022-03-11,경의선,가좌,4990,4932,9922,58,3,11,금
2022-03-11,경의선,홍대입구,1636,1826,3462,-190,3,11,금
2022-03-11,경의선,서강대,2031,2014,4045,17,3,11,금
2022-03-11,경의선,공덕,3133,2897,6030,236,3,11,금
2022-03-11,경의선,효창공원앞,2782,3108,5890,-326,3,11,금
2022-03-11,경의선,신촌,813,1053,1866,-240,3,11,금
2022-03-11,경의선,서울역,4037,5062,9099,-1025,3,11,금
2022-03-11,경원선,소요산,2554,2239,4793,315,3,11,금
2022-03-11,경원선,동두천,2246,2427,4673,-181,3,11,금
2022-03-11,경원선,보산,1651,1439,3090,212,3,11,금
2022-03-11,경원선,동두천중앙,2955,2808,5763,147,3,11,금
2022-03-11,경원선,지행,6382,6442,12824,-60,3,11,금
2022-03-11,경원선,덕정,5606,5367,10973,239,3,11,금
2022-03-11,경원선,덕계,3086,2764,5850,322,3,11,금
2022-03-11,경원선,양주,7605,7004,14609,601,3,11,금
2022-03-11,경원선,녹양,4419,4221,8640,198,3,11,금
2022-03-11,경원선,가능,6436,6142,12578,294,3,11,금
2022-03-11,경원선,의정부,17435,18297,35732,-862,3,11,금
2022-03-11,경원선,회룡,11746,11767,23513,-21,3,11,금
2022-03-11,경원선,망월사,7263,7325,14588,-62,3,11,금
2022-03-11,경원선,도봉산,7243,4828,12071,2415,3,11,금
2022-03-11,경원선,도봉,5766,5488,11254,278,3,11,금
2022-03-11,경원선,방학,9272,9258,18530,14,3,11,금
2022-03-11,경원선,창동,1,0,1,1,3,11,금
2022-03-11,경원선,녹천,4431,3709,8140,722,3,11,금
2022-03-11,경원선,월계,7529,6939,14468,590,3,11,금
2022-03-11,경원선,광운대,8471,8163,16634,308,3,11,금
2022-03-11,경원선,석계,7987,8888,16875,-901,3,11,금
2022-03-11,경원선,신이문,7790,7120,14910,670,3,11,금
2022-03-11,경원선,외대앞,8397,8162,16559,235,3,11,금
2022-03-11,경원선,청량리(서울시립대입구),14990,14990,29980,0,3,11,금
2022-03-11,경원선,왕십리(성동구청),13942,14507,28449,-565,3,11,금
2022-03-11,경원선,응봉,1745,1477,3222,268,3,11,금
2022-03-11,경원선,옥수,53,22,75,31,3,11,금
2022-03-11,경원선,한남,3783,3591,7374,192,3,11,금
2022-03-11,경원선,서빙고,1861,1731,3592,130,3,11,금
2022-03-11,경원선,이촌(국립중앙박물관),3433,2609,6042,824,3,11,금
2022-03-11,경부선,광명,3270,2905,6175,365,3,11,금
2022-03-11,경부선,서동탄,1369,1291,2660,78,3,11,금
2022-03-11,경부선,당정,6037,5674,11711,363,3,11,금
2022-03-11,경부선,천안,6223,5943,12166,280,3,11,금
2022-03-11,경부선,두정,7118,6224,13342,894,3,11,금
2022-03-11,경부선,직산,889,769,1658,120,3,11,금
2022-03-11,경부선,성환,4352,3654,8006,698,3,11,금
2022-03-11,경부선,평택,12718,12211,24929,507,3,11,금
2022-03-11,경부선,평택지제,3615,3424,7039,191,3,11,금
2022-03-11,경부선,서정리,7352,6222,13574,1130,3,11,금
2022-03-11,경부선,송탄,4375,4073,8448,302,3,11,금
2022-03-11,경부선,진위,1768,1491,3259,277,3,11,금
2022-03-11,경부선,오산,9678,9390,19068,288,3,11,금
2022-03-11,경부선,오산대,3583,3427,7010,156,3,11,금
2022-03-11,경부선,세마,2754,2562,5316,192,3,11,금
2022-03-11,경부선,병점,13974,14337,28311,-363,3,11,금
2022-03-11,경부선,세류,2874,2584,5458,290,3,11,금
2022-03-11,경부선,독산,17451,17957,35408,-506,3,11,금
2022-03-11,경부선,수원,33515,35950,69465,-2435,3,11,금
2022-03-11,경부선,화서,7431,7390,14821,41,3,11,금
2022-03-11,경부선,성균관대,14485,13973,28458,512,3,11,금
2022-03-11,경부선,의왕,8726,8608,17334,118,3,11,금
2022-03-11,경부선,군포,7391,7389,14780,2,3,11,금
2022-03-11,경부선,금정,25236,25801,51037,-565,3,11,금
2022-03-11,경부선,명학,9013,8853,17866,160,3,11,금
2022-03-11,경부선,안양,22458,22387,44845,71,3,11,금
2022-03-11,경부선,관악,6773,6293,13066,480,3,11,금
2022-03-11,경부선,석수,9039,8159,17198,880,3,11,금
2022-03-11,경부선,금천구청,11000,11058,22058,-58,3,11,금
2022-03-11,경부선,가산디지털단지,16982,19469,36451,-2487,3,11,금
2022-03-11,경부선,구로,17066,17836,34902,-770,3,11,금
2022-03-11,경부선,신길,8280,6998,15278,1282,3,11,금
2022-03-11,경부선,신도림,3820,3816,7636,4,3,11,금
2022-03-11,경부선,영등포,35393,36260,71653,-867,3,11,금
2022-03-11,경부선,대방,12068,12110,24178,-42,3,11,금
2022-03-11,경부선,노량진,7554,7654,15208,-100,3,11,금
2022-03-11,경부선,용산,31267,31947,63214,-680,3,11,금
2022-03-11,경부선,남영,8861,9242,18103,-381,3,11,금
2022-03-11,경부선,서울역,6299,2171,8470,4128,3,11,금
2022-03-11,경강선,여주,2047,2110,4157,-63,3,11,금
2022-03-11,경강선,세종대왕릉,274,275,549,-1,3,11,금
2022-03-11,경강선,부발,2424,1914,4338,510,3,11,금
2022-03-11,경강선,이천,2488,2589,5077,-101,3,11,금
2022-03-11,경강선,신둔도예촌,1481,1304,2785,177,3,11,금
2022-03-11,경강선,곤지암,2068,2040,4108,28,3,11,금
2022-03-11,경강선,초월,3004,2764,5768,240,3,11,금
2022-03-11,경강선,경기광주,7225,7006,14231,219,3,11,금
2022-03-11,경강선,삼동,2207,2018,4225,189,3,11,금
2022-03-11,경강선,이매,1035,907,1942,128,3,11,금
2022-03-11,경강선,판교,4350,4270,8620,80,3,11,금
2022-03-11,9호선2~3단계,중앙보훈병원,9871,8722,18593,1149,3,11,금
2022-03-11,9호선2~3단계,둔촌오륜,1081,1092,2173,-11,3,11,금
2022-03-11,9호선2~3단계,올림픽공원(한국체대),6033,5883,11916,150,3,11,금
2022-03-11,9호선2~3단계,한성백제,2255,2020,4275,235,3,11,금
2022-03-11,9호선2~3단계,송파나루,4671,4972,9643,-301,3,11,금
2022-03-11,9호선2~3단계,석촌,7774,6888,14662,886,3,11,금
2022-03-11,9호선2~3단계,석촌고분,5645,5443,11088,202,3,11,금
2022-03-11,9호선2~3단계,삼전,6476,6258,12734,218,3,11,금
2022-03-11,9호선2~3단계,종합운동장,3754,3927,7681,-173,3,11,금
2022-03-11,9호선2~3단계,봉은사,15451,15664,31115,-213,3,11,금
2022-03-11,9호선2~3단계,삼성중앙,6022,6282,12304,-260,3,11,금
2022-03-11,9호선2~3단계,선정릉,8828,9641,18469,-813,3,11,금
2022-03-11,9호선2~3단계,언주,9647,9764,19411,-117,3,11,금
2022-03-11,9호선,신논현,29884,29683,59567,201,3,11,금
2022-03-11,9호선,사평,3193,3054,6247,139,3,11,금
2022-03-11,9호선,고속터미널,11730,15190,26920,-3460,3,11,금
2022-03-11,9호선,신반포,3164,3109,6273,55,3,11,금
2022-03-11,9호선,구반포,1343,1374,2717,-31,3,11,금
2022-03-11,9호선,동작(현충원),1929,1646,3575,283,3,11,금
2022-03-11,9호선,흑석(중앙대입구),8553,8507,17060,46,3,11,금
2022-03-11,9호선,노들,4185,3537,7722,648,3,11,금
2022-03-11,9호선,노량진,23937,23134,47071,803,3,11,금
2022-03-11,9호선,샛강,5324,5507,10831,-183,3,11,금
2022-03-11,9호선,여의도,24289,23254,47543,1035,3,11,금
2022-03-11,9호선,국회의사당,13011,13459,26470,-448,3,11,금
2022-03-11,9호선,당산,16688,16825,33513,-137,3,11,금
2022-03-11,9호선,선유도,7880,7452,15332,428,3,11,금
2022-03-11,9호선,신목동,3777,3284,7061,493,3,11,금
2022-03-11,9호선,염창,15825,15032,30857,793,3,11,금
2022-03-11,9호선,등촌,10598,10355,20953,243,3,11,금
2022-03-11,9호선,증미,6702,6605,13307,97,3,11,금
2022-03-11,9호선,가양,19082,18426,37508,656,3,11,금
2022-03-11,9호선,양천향교,9250,9220,18470,30,3,11,금
2022-03-11,9호선,마곡나루(서울식물원),10978,10967,21945,11,3,11,금
2022-03-11,9호선,신방화,6407,6063,12470,344,3,11,금
2022-03-11,9호선,공항시장,2834,3107,5941,-273,3,11,금
2022-03-11,9호선,김포공항,6345,11229,17574,-4884,3,11,금
2022-03-11,9호선,개화,2244,1662,3906,582,3,11,금
2022-03-11,8호선,남위례,4227,4419,8646,-192,3,11,금
2022-03-11,8호선,모란,4214,3339,7553,875,3,11,금
2022-03-11,8호선,수진,5049,4595,9644,454,3,11,금
2022-03-11,8호선,신흥,3982,4284,8266,-302,3,11,금
2022-03-11,8호선,단대오거리,10448,9849,20297,599,3,11,금
2022-03-11,8호선,남한산성입구(성남법원.검찰청),13558,12289,25847,1269,3,11,금
2022-03-11,8호선,산성,4963,4902,9865,61,3,11,금
2022-03-11,8호선,복정,9108,7571,16679,1537,3,11,금
2022-03-11,8호선,장지,15888,15219,31107,669,3,11,금
2022-03-11,8호선,문정,20296,21257,41553,-961,3,11,금
2022-03-11,8호선,가락시장,7075,8043,15118,-968,3,11,금
2022-03-11,8호선,송파,7077,7060,14137,17,3,11,금
2022-03-11,8호선,석촌,7120,8148,15268,-1028,3,11,금
2022-03-11,8호선,잠실(송파구청),12135,14396,26531,-2261,3,11,금
2022-03-11,8호선,몽촌토성(평화의문),5545,5588,11133,-43,3,11,금
2022-03-11,8호선,강동구청,9854,10100,19954,-246,3,11,금
2022-03-11,8호선,천호(풍납토성),13732,16109,29841,-2377,3,11,금
2022-03-11,8호선,암사,17588,15515,33103,2073,3,11,금
2022-03-11,7호선,굴포천,1,0,1,1,3,11,금
2022-03-11,7호선,상동,1,0,1,1,3,11,금
2022-03-11,7호선,온수(성공회대입구),9896,9216,19112,680,3,11,금
2022-03-11,7호선,천왕,10568,10006,20574,562,3,11,금
2022-03-11,7호선,광명사거리,20994,20632,41626,362,3,11,금
2022-03-11,7호선,철산,19361,19980,39341,-619,3,11,금
2022-03-11,7호선,가산디지털단지,41232,41372,82604,-140,3,11,금
2022-03-11,7호선,남구로,14407,15366,29773,-959,3,11,금
2022-03-11,7호선,대림(구로구청),7043,7255,14298,-212,3,11,금
2022-03-11,7호선,신풍,10805,10409,21214,396,3,11,금
2022-03-11,7호선,보라매,9291,9111,18402,180,3,11,금
2022-03-11,7호선,신대방삼거리,15745,14961,30706,784,3,11,금
2022-03-11,7호선,장승배기,8587,8295,16882,292,3,11,금
2022-03-11,7호선,상도,10628,10384,21012,244,3,11,금
2022-03-11,7호선,숭실대입구(살피재),13114,13072,26186,42,3,11,금
2022-03-11,7호선,남성,10426,9508,19934,918,3,11,금
2022-03-11,7호선,이수,14681,14197,28878,484,3,11,금
2022-03-11,7호선,내방,13441,13952,27393,-511,3,11,금
2022-03-11,7호선,고속터미널,15334,12388,27722,2946,3,11,금
2022-03-11,7호선,반포,5484,5325,10809,159,3,11,금
2022-03-11,7호선,논현,18849,20480,39329,-1631,3,11,금
2022-03-11,7호선,학동,22010,23256,45266,-1246,3,11,금
2022-03-11,7호선,강남구청,15060,16603,31663,-1543,3,11,금
2022-03-11,7호선,청담,17941,20161,38102,-2220,3,11,금
2022-03-11,7호선,뚝섬유원지,9058,8784,17842,274,3,11,금
2022-03-11,7호선,건대입구,11747,12127,23874,-380,3,11,금
2022-03-11,7호선,어린이대공원(세종대),13378,13256,26634,122,3,11,금
2022-03-11,7호선,군자(능동),13970,11199,25169,2771,3,11,금
2022-03-11,7호선,중곡,10588,9780,20368,808,3,11,금
2022-03-11,7호선,용마산(용마폭포공원),5693,5378,11071,315,3,11,금
2022-03-11,7호선,사가정,15240,15272,30512,-32,3,11,금
2022-03-11,7호선,면목,15581,14950,30531,631,3,11,금
2022-03-11,7호선,상봉(시외버스터미널),15576,14773,30349,803,3,11,금
2022-03-11,7호선,중화,10162,9889,20051,273,3,11,금
2022-03-11,7호선,먹골,9599,9294,18893,305,3,11,금
2022-03-11,7호선,태릉입구,8213,7777,15990,436,3,11,금
2022-03-11,7호선,공릉(서울과학기술대),11836,11567,23403,269,3,11,금
2022-03-11,7호선,하계,16403,15266,31669,1137,3,11,금
2022-03-11,7호선,중계,13597,12352,25949,1245,3,11,금
2022-03-11,7호선,노원,18571,19539,38110,-968,3,11,금
2022-03-11,7호선,마들,11858,11440,23298,418,3,11,금
2022-03-11,7호선,수락산,11788,11499,23287,289,3,11,금
2022-03-11,7호선,도봉산,8570,9893,18463,-1323,3,11,금
2022-03-11,7호선,장암,2035,837,2872,1198,3,11,금
2022-03-11,6호선,봉화산(서울의료원),8169,7773,15942,396,3,11,금
2022-03-11,6호선,화랑대(서울여대입구),11381,8800,20181,2581,3,11,금
2022-03-11,6호선,태릉입구,5325,5803,11128,-478,3,11,금
2022-03-11,6호선,석계,11710,12179,23889,-469,3,11,금
2022-03-11,6호선,돌곶이,9011,8174,17185,837,3,11,금
2022-03-11,6호선,상월곡(한국과학기술연구원),5812,5141,10953,671,3,11,금
2022-03-11,6호선,월곡(동덕여대),10860,10869,21729,-9,3,11,금
2022-03-11,6호선,고려대(종암),7596,7379,14975,217,3,11,금
2022-03-11,6호선,안암(고대병원앞),11255,10726,21981,529,3,11,금
2022-03-11,6호선,보문,6912,6334,13246,578,3,11,금
2022-03-11,6호선,창신,3275,2653,5928,622,3,11,금
2022-03-11,6호선,동묘앞,7395,7294,14689,101,3,11,금
2022-03-11,6호선,신당,7438,7366,14804,72,3,11,금
2022-03-11,6호선,청구,3479,3710,7189,-231,3,11,금
2022-03-11,6호선,약수,3240,3381,6621,-141,3,11,금
2022-03-11,6호선,버티고개,1891,1860,3751,31,3,11,금
2022-03-11,6호선,한강진,7547,8959,16506,-1412,3,11,금
2022-03-11,6호선,이태원,9949,10739,20688,-790,3,11,금
2022-03-11,6호선,녹사평(용산구청),4464,4583,9047,-119,3,11,금
2022-03-11,6호선,삼각지,5775,5073,10848,702,3,11,금
2022-03-11,6호선,효창공원앞,6706,6147,12853,559,3,11,금
2022-03-11,6호선,공덕,16776,16428,33204,348,3,11,금
2022-03-11,6호선,대흥(서강대앞),7786,7996,15782,-210,3,11,금
2022-03-11,6호선,광흥창(서강),8248,7948,16196,300,3,11,금
2022-03-11,6호선,상수,8388,9380,17768,-992,3,11,금
2022-03-11,6호선,합정,11935,11934,23869,1,3,11,금
2022-03-11,6호선,망원,13120,14195,27315,-1075,3,11,금
2022-03-11,6호선,마포구청,13383,12094,25477,1289,3,11,금
2022-03-11,6호선,월드컵경기장(성산),4099,4166,8265,-67,3,11,금
2022-03-11,6호선,디지털미디어시티,12386,13334,25720,-948,3,11,금
2022-03-11,6호선,증산(명지대앞),9466,9309,18775,157,3,11,금
2022-03-11,6호선,새절(신사),11908,11252,23160,656,3,11,금
2022-03-11,6호선,구산,7349,5312,12661,2037,3,11,금
2022-03-11,6호선,독바위,2528,2638,5166,-110,3,11,금
2022-03-11,6호선,불광,3891,3880,7771,11,3,11,금
2022-03-11,6호선,역촌,3640,4288,7928,-648,3,11,금
2022-03-11,6호선,응암,16512,16343,32855,169,3,11,금
2022-03-11,5호선,하남검단산,5195,4978,10173,217,3,11,금
2022-03-11,5호선,하남시청(덕풍·신장),6185,6108,12293,77,3,11,금
2022-03-11,5호선,하남풍산,4076,4002,8078,74,3,11,금
2022-03-11,5호선,미사,14622,14599,29221,23,3,11,금
2022-03-11,5호선,강일,3761,3584,7345,177,3,11,금
2022-03-11,5호선,마천,6671,6397,13068,274,3,11,금
2022-03-11,5호선,거여,9322,8896,18218,426,3,11,금
2022-03-11,5호선,개롱,5914,5964,11878,-50,3,11,금
2022-03-11,5호선,오금,3458,3450,6908,8,3,11,금
2022-03-11,5호선,방이,6412,6704,13116,-292,3,11,금
2022-03-11,5호선,올림픽공원(한국체대),4031,3596,7627,435,3,11,금
2022-03-11,5호선,둔촌동,8081,8146,16227,-65,3,11,금
2022-03-11,5호선,상일동,13731,12849,26580,882,3,11,금
2022-03-11,5호선,고덕,9079,8926,18005,153,3,11,금
2022-03-11,5호선,명일,8000,8366,16366,-366,3,11,금
2022-03-11,5호선,굽은다리(강동구민회관앞),8643,8262,16905,381,3,11,금
2022-03-11,5호선,길동,7551,7921,15472,-370,3,11,금
2022-03-11,5호선,강동,17374,16605,33979,769,3,11,금
2022-03-11,5호선,천호(풍납토성),16924,16885,33809,39,3,11,금
2022-03-11,5호선,광나루(장신대),12970,11599,24569,1371,3,11,금
2022-03-11,5호선,아차산(어린이대공원후문),13929,13488,27417,441,3,11,금
2022-03-11,5호선,군자(능동),10521,11478,21999,-957,3,11,금
2022-03-11,5호선,장한평,17311,17269,34580,42,3,11,금
2022-03-11,5호선,답십리,15025,13773,28798,1252,3,11,금
2022-03-11,5호선,마장,5423,5068,10491,355,3,11,금
2022-03-11,5호선,왕십리(성동구청),4318,4935,9253,-617,3,11,금
2022-03-11,5호선,행당,7455,6575,14030,880,3,11,금
2022-03-11,5호선,신금호,5919,6112,12031,-193,3,11,금
2022-03-11,5호선,청구,3770,3410,7180,360,3,11,금
2022-03-11,5호선,동대문역사문화공원(DDP),2530,3021,5551,-491,3,11,금
2022-03-11,5호선,을지로4가,5726,5756,11482,-30,3,11,금
2022-03-11,5호선,종로3가,11015,11205,22220,-190,3,11,금
2022-03-11,5호선,광화문(세종문화회관),24601,25919,50520,-1318,3,11,금
2022-03-11,5호선,서대문,17035,17118,34153,-83,3,11,금
2022-03-11,5호선,충정로(경기대입구),4331,4281,8612,50,3,11,금
2022-03-11,5호선,애오개,6254,6228,12482,26,3,11,금
2022-03-11,5호선,공덕,12298,13092,25390,-794,3,11,금
2022-03-11,5호선,마포,13008,13477,26485,-469,3,11,금
2022-03-11,5호선,여의나루,10888,11479,22367,-591,3,11,금
2022-03-11,5호선,여의도,24631,26376,51007,-1745,3,11,금
2022-03-11,5호선,신길,3810,3967,7777,-157,3,11,금
2022-03-11,5호선,영등포시장,9517,9602,19119,-85,3,11,금
2022-03-11,5호선,영등포구청,3618,3789,7407,-171,3,11,금
2022-03-11,5호선,양평,6911,6625,13536,286,3,11,금
2022-03-11,5호선,오목교(목동운동장앞),19637,21388,41025,-1751,3,11,금
2022-03-11,5호선,목동,15633,16715,32348,-1082,3,11,금
2022-03-11,5호선,신정(은행정),12847,10444,23291,2403,3,11,금
2022-03-11,5호선,까치산,26990,25906,52896,1084,3,11,금
2022-03-11,5호선,화곡,26497,24918,51415,1579,3,11,금
2022-03-11,5호선,우장산,13666,13264,26930,402,3,11,금
2022-03-11,5호선,발산,18746,19313,38059,-567,3,11,금
2022-03-11,5호선,마곡,9740,9839,19579,-99,3,11,금
2022-03-11,5호선,송정,6089,5734,11823,355,3,11,금
2022-03-11,5호선,김포공항,6532,6587,13119,-55,3,11,금
2022-03-11,5호선,개화산,5189,5092,10281,97,3,11,금
2022-03-11,5호선,방화,6182,5941,12123,241,3,11,금
2022-03-11,4호선,남태령,1120,910,2030,210,3,11,금
2022-03-11,4호선,사당,22959,19560,42519,3399,3,11,금
2022-03-11,4호선,총신대입구(이수),17575,19041,36616,-1466,3,11,금
2022-03-11,4호선,동작(현충원),1495,1690,3185,-195,3,11,금
2022-03-11,4호선,이촌(국립중앙박물관),6371,7137,13508,-766,3,11,금
2022-03-11,4호선,신용산,14532,15213,29745,-681,3,11,금
2022-03-11,4호선,삼각지,4703,5223,9926,-520,3,11,금
2022-03-11,4호선,숙대입구(갈월),12657,12219,24876,438,3,11,금
2022-03-11,4호선,서울역,9695,14807,24502,-5112,3,11,금
2022-03-11,4호선,회현(남대문시장),21341,22967,44308,-1626,3,11,금
2022-03-11,4호선,명동,16845,17411,34256,-566,3,11,금
2022-03-11,4호선,충무로,25649,26495,52144,-846,3,11,금
2022-03-11,4호선,동대문역사문화공원(DDP),13473,12521,25994,952,3,11,금
2022-03-11,4호선,동대문,17784,18468,36252,-684,3,11,금
2022-03-11,4호선,혜화,29751,29336,59087,415,3,11,금
2022-03-11,4호선,한성대입구(삼선교),12858,12593,25451,265,3,11,금
2022-03-11,4호선,성신여대입구(돈암),19671,18670,38341,1001,3,11,금
2022-03-11,4호선,길음,19246,18558,37804,688,3,11,금
2022-03-11,4호선,미아사거리,25680,24973,50653,707,3,11,금
2022-03-11,4호선,미아(서울사이버대학),14514,14129,28643,385,3,11,금
2022-03-11,4호선,수유(강북구청),32323,32161,64484,162,3,11,금
2022-03-11,4호선,쌍문,27278,25100,52378,2178,3,11,금
2022-03-11,4호선,창동,24397,25930,50327,-1533,3,11,금
2022-03-11,4호선,노원,17476,20197,37673,-2721,3,11,금
2022-03-11,4호선,상계,17740,16550,34290,1190,3,11,금
2022-03-11,4호선,당고개,12291,11216,23507,1075,3,11,금
2022-03-11,3호선,오금,5696,5278,10974,418,3,11,금
2022-03-11,3호선,경찰병원,6688,6604,13292,84,3,11,금
2022-03-11,3호선,가락시장,8604,8395,16999,209,3,11,금
2022-03-11,3호선,수서,16373,16513,32886,-140,3,11,금
2022-03-11,3호선,일원,9613,9031,18644,582,3,11,금
2022-03-11,3호선,대청,9121,8547,17668,574,3,11,금
2022-03-11,3호선,학여울,1565,1560,3125,5,3,11,금
2022-03-11,3호선,대치,10236,10365,20601,-129,3,11,금
2022-03-11,3호선,도곡,4905,4992,9897,-87,3,11,금
2022-03-11,3호선,매봉,11271,10703,21974,568,3,11,금
2022-03-11,3호선,양재(서초구청),36019,38067,74086,-2048,3,11,금
2022-03-11,3호선,남부터미널(예술의전당),27313,27339,54652,-26,3,11,금
2022-03-11,3호선,교대(법원.검찰청),13243,8515,21758,4728,3,11,금
2022-03-11,3호선,고속터미널,37793,38573,76366,-780,3,11,금
2022-03-11,3호선,잠원,4524,4312,8836,212,3,11,금
2022-03-11,3호선,신사,29259,30880,60139,-1621,3,11,금
2022-03-11,3호선,압구정,29706,31898,61604,-2192,3,11,금
2022-03-11,3호선,옥수,8133,8418,16551,-285,3,11,금
2022-03-11,3호선,약수,11859,11592,23451,267,3,11,금
2022-03-11,3호선,동대입구,7714,8226,15940,-512,3,11,금
2022-03-11,3호선,충무로,4,0,4,4,3,11,금
2022-03-11,3호선,을지로3가,9421,9861,19282,-440,3,11,금
2022-03-11,3호선,종로3가,9377,11140,20517,-1763,3,11,금
2022-03-11,3호선,안국,17675,18397,36072,-722,3,11,금
2022-03-11,3호선,경복궁(정부서울청사),18045,17583,35628,462,3,11,금
2022-03-11,3호선,독립문,6548,6840,13388,-292,3,11,금
2022-03-11,3호선,무악재,3426,3517,6943,-91,3,11,금
2022-03-11,3호선,홍제,16266,15468,31734,798,3,11,금
2022-03-11,3호선,녹번,14540,12841,27381,1699,3,11,금
2022-03-11,3호선,불광,15014,15789,30803,-775,3,11,금
2022-03-11,3호선,연신내,34856,33369,68225,1487,3,11,금
2022-03-11,3호선,구파발,19155,18247,37402,908,3,11,금
2022-03-11,3호선,지축,4444,4195,8639,249,3,11,금
2022-03-11,2호선,용두(동대문구청),2334,2290,4624,44,3,11,금
2022-03-11,2호선,신정네거리,9633,9856,19489,-223,3,11,금
2022-03-11,2호선,양천구청,6302,6667,12969,-365,3,11,금
2022-03-11,2호선,도림천,1329,1418,2747,-89,3,11,금
2022-03-11,2호선,신설동,3283,3320,6603,-37,3,11,금
2022-03-11,2호선,신답,1562,1713,3275,-151,3,11,금
2022-03-11,2호선,용답,2998,3046,6044,-48,3,11,금
2022-03-11,2호선,아현,9753,9158,18911,595,3,11,금
2022-03-11,2호선,이대,13637,14016,27653,-379,3,11,금
2022-03-11,2호선,신촌,31358,31456,62814,-98,3,11,금
2022-03-11,2호선,홍대입구,50764,54827,105591,-4063,3,11,금
2022-03-11,2호선,합정,28415,30162,58577,-1747,3,11,금
2022-03-11,2호선,당산,17572,20234,37806,-2662,3,11,금
2022-03-11,2호선,영등포구청,21427,21844,43271,-417,3,11,금
2022-03-11,2호선,문래,19530,20156,39686,-626,3,11,금
2022-03-11,2호선,신도림,43063,43991,87054,-928,3,11,금
2022-03-11,2호선,대림(구로구청),22049,22588,44637,-539,3,11,금
2022-03-11,2호선,구로디지털단지,53981,53923,107904,58,3,11,금
2022-03-11,2호선,신대방,24582,23882,48464,700,3,11,금
2022-03-11,2호선,신림,59125,57517,116642,1608,3,11,금
2022-03-11,2호선,봉천,22257,20542,42799,1715,3,11,금
2022-03-11,2호선,서울대입구(관악구청),45537,44215,89752,1322,3,11,금
2022-03-11,2호선,낙성대(강감찬),25955,24312,50267,1643,3,11,금
2022-03-11,2호선,사당,33851,37200,71051,-3349,3,11,금
2022-03-11,2호선,방배,16989,17596,34585,-607,3,11,금
2022-03-11,2호선,서초,19131,18298,37429,833,3,11,금
2022-03-11,2호선,교대(법원.검찰청),31227,35295,66522,-4068,3,11,금
2022-03-11,2호선,강남,76815,76546,153361,269,3,11,금
2022-03-11,2호선,역삼,44959,50580,95539,-5621,3,11,금
2022-03-11,2호선,선릉,50874,45522,96396,5352,3,11,금
2022-03-11,2호선,삼성(무역센터),47403,47754,95157,-351,3,11,금
2022-03-11,2호선,종합운동장,7531,8041,15572,-510,3,11,금
2022-03-11,2호선,잠실새내,19629,19821,39450,-192,3,11,금
2022-03-11,2호선,잠실(송파구청),59513,59605,119118,-92,3,11,금
2022-03-11,2호선,잠실나루,13416,12709,26125,707,3,11,금
2022-03-11,2호선,강변(동서울터미널),28482,26866,55348,1616,3,11,금
2022-03-11,2호선,구의(광진구청),22112,21722,43834,390,3,11,금
2022-03-11,2호선,건대입구,33504,36096,69600,-2592,3,11,금
2022-03-11,2호선,성수,34102,37624,71726,-3522,3,11,금
2022-03-11,2호선,뚝섬,20155,21747,41902,-1592,3,11,금
2022-03-11,2호선,한양대,12342,13549,25891,-1207,3,11,금
2022-03-11,2호선,왕십리(성동구청),15603,12834,28437,2769,3,11,금
2022-03-11,2호선,상왕십리,13270,12699,25969,571,3,11,금
2022-03-11,2호선,신당,12912,13346,26258,-434,3,11,금
2022-03-11,2호선,동대문역사문화공원(DDP),11308,12887,24195,-1579,3,11,금
2022-03-11,2호선,을지로4가,11919,12000,23919,-81,3,11,금
2022-03-11,2호선,을지로3가,19581,19913,39494,-332,3,11,금
2022-03-11,2호선,을지로입구,33798,35238,69036,-1440,3,11,금
2022-03-11,2호선,시청,20414,19914,40328,500,3,11,금
2022-03-11,1호선,동묘앞,7824,8125,15949,-301,3,11,금
2022-03-11,1호선,청량리(서울시립대입구),18888,19012,37900,-124,3,11,금
2022-03-11,1호선,제기동,15802,15972,31774,-170,3,11,금
2022-03-11,1호선,신설동,13091,12808,25899,283,3,11,금
2022-03-11,1호선,동대문,10036,9151,19187,885,3,11,금
2022-03-11,1호선,종로5가,20876,20700,41576,176,3,11,금
2022-03-11,1호선,종로3가,23442,21631,45073,1811,3,11,금
2022-03-11,1호선,종각,29589,29151,58740,438,3,11,금
2022-03-11,1호선,시청,19268,19380,38648,-112,3,11,금
2022-03-11,1호선,서울역,39094,37789,76883,1305,3,11,금
2022-03-11,일산선,원당,10570,9960,20530,610,3,11,금
2022-03-11,일산선,삼송,18215,17577,35792,638,3,11,금
2022-03-11,일산선,원흥,9767,9386,19153,381,3,11,금
2022-03-12,수인선,연수,3555,3613,7168,-58,3,12,토
2022-03-12,수인선,남동인더스파크,949,895,1844,54,3,12,토
2022-03-12,수인선,호구포,2362,2245,4607,117,3,12,토
2022-03-12,수인선,인천논현,3916,3974,7890,-58,3,12,토
2022-03-12,수인선,소래포구,4653,4633,9286,20,3,12,토
2022-03-12,수인선,월곶,1911,1825,3736,86,3,12,토
2022-03-12,수인선,달월,50,60,110,-10,3,12,토
2022-03-12,수인선,사리,3141,2645,5786,496,3,12,토
2022-03-12,수인선,야목,244,233,477,11,3,12,토
2022-03-12,수인선,어천,646,576,1222,70,3,12,토
2022-03-12,수인선,오목천,1914,1650,3564,264,3,12,토
2022-03-12,수인선,고색,2710,2641,5351,69,3,12,토
2022-03-12,분당선,매교,1830,1862,3692,-32,3,12,토
2022-03-12,분당선,수원시청,10020,10829,20849,-809,3,12,토
2022-03-12,분당선,매탄권선,3103,2977,6080,126,3,12,토
2022-03-12,분당선,망포,7958,7398,15356,560,3,12,토
2022-03-12,분당선,영통,6098,6036,12134,62,3,12,토
2022-03-12,분당선,청명,2358,2356,4714,2,3,12,토
2022-03-12,분당선,상갈,3147,3081,6228,66,3,12,토
2022-03-12,분당선,기흥,5521,5386,10907,135,3,12,토
2022-03-12,분당선,신갈,2371,2338,4709,33,3,12,토
2022-03-12,분당선,구성,2826,2934,5760,-108,3,12,토
2022-03-12,분당선,죽전,9009,10034,19043,-1025,3,12,토
2022-03-12,분당선,보정,1328,1298,2626,30,3,12,토
2022-03-12,분당선,이매,3633,3576,7209,57,3,12,토
2022-03-12,분당선,오리,6777,5617,12394,1160,3,12,토
2022-03-12,분당선,미금,9220,9697,18917,-477,3,12,토
2022-03-12,분당선,정자,9429,9517,18946,-88,3,12,토
2022-03-12,분당선,수내,7810,7313,15123,497,3,12,토
2022-03-12,분당선,서현,16724,16888,33612,-164,3,12,토
2022-03-12,분당선,야탑,15569,16327,31896,-758,3,12,토
2022-03-12,분당선,모란,14112,14244,28356,-132,3,12,토
2022-03-12,분당선,태평,9543,8981,18524,562,3,12,토
2022-03-12,분당선,가천대,4703,5055,9758,-352,3,12,토
2022-03-12,분당선,선정릉,3044,3122,6166,-78,3,12,토
2022-03-12,분당선,강남구청,4749,5909,10658,-1160,3,12,토
2022-03-12,분당선,압구정로데오,16939,19181,36120,-2242,3,12,토
2022-03-12,분당선,서울숲,7463,7838,15301,-375,3,12,토
2022-03-12,분당선,수원,6684,5394,12078,1290,3,12,토
2022-03-12,분당선,수서,8753,9257,18010,-504,3,12,토
2022-03-12,분당선,대모산입구,2473,2314,4787,159,3,12,토
2022-03-12,분당선,개포동,2312,2250,4562,62,3,12,토
2022-03-12,분당선,구룡,1187,1057,2244,130,3,12,토
2022-03-12,분당선,도곡,4033,3656,7689,377,3,12,토
2022-03-12,분당선,한티,10866,10576,21442,290,3,12,토
2022-03-12,분당선,선릉,4486,7054,11540,-2568,3,12,토
2022-03-12,과천선,범계,17774,17274,35048,500,3,12,토
2022-03-12,과천선,평촌,8084,7733,15817,351,3,12,토
2022-03-12,과천선,인덕원,13925,13891,27816,34,3,12,토
2022-03-12,과천선,정부과천청사,5443,5440,10883,3,3,12,토
2022-03-12,과천선,과천,3935,3754,7689,181,3,12,토
2022-03-12,과천선,대공원,4459,4744,9203,-285,3,12,토
2022-03-12,과천선,경마공원,7746,7922,15668,-176,3,12,토
2022-03-12,과천선,선바위,4607,4077,8684,530,3,12,토
2022-03-12,공항철도 1호선,영종,2487,2440,4927,47,3,12,토
2022-03-12,공항철도 1호선,인천공항2터미널,1763,1649,3412,114,3,12,토
2022-03-12,공항철도 1호선,인천공항1터미널,2992,3163,6155,-171,3,12,토
2022-03-12,공항철도 1호선,공항화물청사,1211,1248,2459,-37,3,12,토
2022-03-12,공항철도 1호선,운서,5361,5407,10768,-46,3,12,토
2022-03-12,공항철도 1호선,청라국제도시,3505,3447,6952,58,3,12,토
2022-03-12,공항철도 1호선,검암,3764,3864,7628,-100,3,12,토
2022-03-12,공항철도 1호선,계양,5990,5743,11733,247,3,12,토
2022-03-12,공항철도 1호선,김포공항,9657,4853,14510,4804,3,12,토
2022-03-12,공항철도 1호선,마곡나루(서울식물원),2723,2936,5659,-213,3,12,토
2022-03-12,공항철도 1호선,디지털미디어시티,4502,4196,8698,306,3,12,토
2022-03-12,공항철도 1호선,홍대입구,10207,9873,20080,334,3,12,토
2022-03-12,공항철도 1호선,공덕,1325,2090,3415,-765,3,12,토
2022-03-12,공항철도 1호선,서울역,5682,5759,11441,-77,3,12,토
2022-03-12,경춘선,춘천,1373,1209,2582,164,3,12,토
2022-03-12,경춘선,남춘천,2594,2649,5243,-55,3,12,토
2022-03-12,경춘선,김유정,435,428,863,7,3,12,토
2022-03-12,경춘선,강촌,480,482,962,-2,3,12,토
2022-03-12,경춘선,백양리,86,90,176,-4,3,12,토
2022-03-12,경춘선,굴봉산,113,164,277,-51,3,12,토
2022-03-12,경춘선,가평,1256,1300,2556,-44,3,12,토
2022-03-12,경춘선,상천,321,265,586,56,3,12,토
2022-03-12,경춘선,청평,1234,1367,2601,-133,3,12,토
2022-03-12,경춘선,대성리,543,518,1061,25,3,12,토
2022-03-12,경춘선,마석,2647,2651,5298,-4,3,12,토
2022-03-12,경춘선,천마산,1193,1226,2419,-33,3,12,토
2022-03-12,경춘선,평내호평,3950,3842,7792,108,3,12,토
2022-03-12,경춘선,금곡,962,915,1877,47,3,12,토
2022-03-12,경춘선,사릉,1871,1833,3704,38,3,12,토
2022-03-12,경춘선,퇴계원,2186,2030,4216,156,3,12,토
2022-03-12,경춘선,별내,2126,2006,4132,120,3,12,토
2022-03-12,경춘선,갈매,1746,1514,3260,232,3,12,토
2022-03-12,경춘선,신내,1122,1036,2158,86,3,12,토
2022-03-12,경인선,도화,2844,2691,5535,153,3,12,토
2022-03-12,경인선,중동,5764,5494,11258,270,3,12,토
2022-03-12,경인선,온수(성공회대입구),4148,3894,8042,254,3,12,토
2022-03-12,경인선,도원,1670,1713,3383,-43,3,12,토
2022-03-12,경인선,간석,3738,3619,7357,119,3,12,토
2022-03-12,경인선,부개,5450,5080,10530,370,3,12,토
2022-03-12,경인선,소사,6414,6286,12700,128,3,12,토
2022-03-12,경인선,구일,3840,3657,7497,183,3,12,토
2022-03-12,경인선,인천,3537,2966,6503,571,3,12,토
2022-03-12,경인선,동인천,9938,9862,19800,76,3,12,토
2022-03-12,경인선,제물포,6470,6254,12724,216,3,12,토
2022-03-12,경인선,주안,13739,12162,25901,1577,3,12,토
2022-03-12,경인선,동암,10524,10830,21354,-306,3,12,토
2022-03-12,경인선,백운,4610,4567,9177,43,3,12,토
2022-03-12,경인선,부평,24846,27250,52096,-2404,3,12,토
2022-03-12,경인선,송내,15293,15052,30345,241,3,12,토
2022-03-12,경인선,부천,24562,25185,49747,-623,3,12,토
2022-03-12,경인선,역곡,17347,17032,34379,315,3,12,토
2022-03-12,경인선,오류동,7834,7330,15164,504,3,12,토
2022-03-12,경인선,개봉,13899,13875,27774,24,3,12,토
2022-03-12,경의선,임진강,40,30,70,10,3,12,토
2022-03-12,경의선,문산,3722,3768,7490,-46,3,12,토
2022-03-12,경의선,파주,711,545,1256,166,3,12,토
2022-03-12,경의선,월롱,1685,1337,3022,348,3,12,토
2022-03-12,경의선,금촌,4547,4464,9011,83,3,12,토
2022-03-12,경의선,금릉,3120,3062,6182,58,3,12,토
2022-03-12,경의선,운정,4247,3955,8202,292,3,12,토
2022-03-12,경의선,야당,5127,5050,10177,77,3,12,토
2022-03-12,경의선,탄현,4561,4453,9014,108,3,12,토
2022-03-12,경의선,일산,5235,5026,10261,209,3,12,토
2022-03-12,경의선,풍산,3588,3422,7010,166,3,12,토
2022-03-12,경의선,백마,3729,3555,7284,174,3,12,토
2022-03-12,경의선,곡산,377,377,754,0,3,12,토
2022-03-12,경의선,능곡,2401,2370,4771,31,3,12,토
2022-03-12,경의선,행신,4271,4338,8609,-67,3,12,토
2022-03-12,경의선,강매,1699,1599,3298,100,3,12,토
2022-03-12,경의선,화전,985,933,1918,52,3,12,토
2022-03-12,경의선,수색,1352,1256,2608,96,3,12,토
2022-03-12,경의선,디지털미디어시티,1600,1427,3027,173,3,12,토
2022-03-12,경의선,가좌,3330,3242,6572,88,3,12,토
2022-03-12,경의선,홍대입구,1667,2093,3760,-426,3,12,토
2022-03-12,경의선,서강대,1413,1404,2817,9,3,12,토
2022-03-12,경의선,공덕,2208,1704,3912,504,3,12,토
2022-03-12,경의선,효창공원앞,1515,1691,3206,-176,3,12,토
2022-03-12,경의선,신촌,321,327,648,-6,3,12,토
2022-03-12,경의선,서울역,1091,1080,2171,11,3,12,토
2022-03-12,경원선,소요산,3293,2871,6164,422,3,12,토
2022-03-12,경원선,동두천,1481,1766,3247,-285,3,12,토
2022-03-12,경원선,보산,1389,1412,2801,-23,3,12,토
2022-03-12,경원선,동두천중앙,2305,2271,4576,34,3,12,토
2022-03-12,경원선,지행,4812,4746,9558,66,3,12,토
2022-03-12,경원선,덕정,4100,3760,7860,340,3,12,토
2022-03-12,경원선,덕계,2157,2030,4187,127,3,12,토
2022-03-12,경원선,양주,5612,5306,10918,306,3,12,토
2022-03-12,경원선,녹양,3133,3032,6165,101,3,12,토
2022-03-12,경원선,가능,4602,4347,8949,255,3,12,토
2022-03-12,경원선,의정부,15453,16090,31543,-637,3,12,토
2022-03-12,경원선,회룡,8495,8427,16922,68,3,12,토
2022-03-12,경원선,망월사,5067,5244,10311,-177,3,12,토
2022-03-12,경원선,도봉산,8391,5911,14302,2480,3,12,토
2022-03-12,경원선,도봉,3929,3758,7687,171,3,12,토
2022-03-12,경원선,방학,6756,6504,13260,252,3,12,토
2022-03-12,경원선,녹천,2989,2481,5470,508,3,12,토
2022-03-12,경원선,월계,4167,3878,8045,289,3,12,토
2022-03-12,경원선,광운대,5980,5904,11884,76,3,12,토
2022-03-12,경원선,석계,6042,6321,12363,-279,3,12,토
2022-03-12,경원선,신이문,5267,4908,10175,359,3,12,토
2022-03-12,경원선,외대앞,5725,5460,11185,265,3,12,토
2022-03-12,경원선,청량리(서울시립대입구),13202,13888,27090,-686,3,12,토
2022-03-12,경원선,왕십리(성동구청),10693,11873,22566,-1180,3,12,토
2022-03-12,경원선,응봉,1313,1109,2422,204,3,12,토
2022-03-12,경원선,옥수,40,35,75,5,3,12,토
2022-03-12,경원선,한남,2504,2308,4812,196,3,12,토
2022-03-12,경원선,서빙고,1349,1382,2731,-33,3,12,토
2022-03-12,경원선,이촌(국립중앙박물관),2558,1915,4473,643,3,12,토
2022-03-12,경부선,광명,2228,1993,4221,235,3,12,토
2022-03-12,경부선,서동탄,798,825,1623,-27,3,12,토
2022-03-12,경부선,당정,3456,3146,6602,310,3,12,토
2022-03-12,경부선,천안,5174,5281,10455,-107,3,12,토
2022-03-12,경부선,두정,4644,4479,9123,165,3,12,토
2022-03-12,경부선,직산,583,560,1143,23,3,12,토
2022-03-12,경부선,성환,2629,2383,5012,246,3,12,토
2022-03-12,경부선,평택,11354,11023,22377,331,3,12,토
2022-03-12,경부선,평택지제,2719,2622,5341,97,3,12,토
2022-03-12,경부선,서정리,6212,5145,11357,1067,3,12,토
2022-03-12,경부선,송탄,4299,3786,8085,513,3,12,토
2022-03-12,경부선,진위,980,800,1780,180,3,12,토
2022-03-12,경부선,오산,8019,7618,15637,401,3,12,토
2022-03-12,경부선,오산대,2433,2110,4543,323,3,12,토
2022-03-12,경부선,세마,1892,1719,3611,173,3,12,토
2022-03-12,경부선,병점,10330,10357,20687,-27,3,12,토
2022-03-12,경부선,세류,2079,2132,4211,-53,3,12,토
2022-03-12,경부선,독산,7876,7828,15704,48,3,12,토
2022-03-12,경부선,수원,31139,34434,65573,-3295,3,12,토
2022-03-12,경부선,화서,4688,4599,9287,89,3,12,토
2022-03-12,경부선,성균관대,9149,9094,18243,55,3,12,토
2022-03-12,경부선,의왕,5306,5122,10428,184,3,12,토
2022-03-12,경부선,군포,3914,3701,7615,213,3,12,토
2022-03-12,경부선,금정,16166,16340,32506,-174,3,12,토
2022-03-12,경부선,명학,4520,4371,8891,149,3,12,토
2022-03-12,경부선,안양,14923,14977,29900,-54,3,12,토
2022-03-12,경부선,관악,5087,4783,9870,304,3,12,토
2022-03-12,경부선,석수,5878,5688,11566,190,3,12,토
2022-03-12,경부선,금천구청,7091,7128,14219,-37,3,12,토
2022-03-12,경부선,가산디지털단지,5652,7514,13166,-1862,3,12,토
2022-03-12,경부선,구로,11092,11629,22721,-537,3,12,토
2022-03-12,경부선,신길,5322,4465,9787,857,3,12,토
2022-03-12,경부선,신도림,2848,2646,5494,202,3,12,토
2022-03-12,경부선,영등포,32970,34149,67119,-1179,3,12,토
2022-03-12,경부선,대방,7033,7083,14116,-50,3,12,토
2022-03-12,경부선,노량진,6885,6134,13019,751,3,12,토
2022-03-12,경부선,용산,26883,27985,54868,-1102,3,12,토
2022-03-12,경부선,남영,4807,5053,9860,-246,3,12,토
2022-03-12,경부선,서울역,5039,1441,6480,3598,3,12,토
2022-03-12,경강선,여주,1910,2100,4010,-190,3,12,토
2022-03-12,경강선,세종대왕릉,256,303,559,-47,3,12,토
2022-03-12,경강선,부발,1823,1515,3338,308,3,12,토
2022-03-12,경강선,이천,2294,2274,4568,20,3,12,토
2022-03-12,경강선,신둔도예촌,955,884,1839,71,3,12,토
2022-03-12,경강선,곤지암,1534,1636,3170,-102,3,12,토
2022-03-12,경강선,초월,1929,1745,3674,184,3,12,토
2022-03-12,경강선,경기광주,4688,4497,9185,191,3,12,토
2022-03-12,경강선,삼동,1316,1185,2501,131,3,12,토
2022-03-12,경강선,이매,715,505,1220,210,3,12,토
2022-03-12,경강선,판교,2627,2646,5273,-19,3,12,토
2022-03-12,9호선2~3단계,중앙보훈병원,3965,3658,7623,307,3,12,토
2022-03-12,9호선2~3단계,둔촌오륜,568,608,1176,-40,3,12,토
2022-03-12,9호선2~3단계,올림픽공원(한국체대),4750,4665,9415,85,3,12,토
2022-03-12,9호선2~3단계,한성백제,1573,1413,2986,160,3,12,토
2022-03-12,9호선2~3단계,송파나루,3726,4007,7733,-281,3,12,토
2022-03-12,9호선2~3단계,석촌,5617,4772,10389,845,3,12,토
2022-03-12,9호선2~3단계,석촌고분,3796,3576,7372,220,3,12,토
2022-03-12,9호선2~3단계,삼전,4390,4219,8609,171,3,12,토
2022-03-12,9호선2~3단계,종합운동장,3110,2823,5933,287,3,12,토
2022-03-12,9호선2~3단계,봉은사,10290,10951,21241,-661,3,12,토
2022-03-12,9호선2~3단계,삼성중앙,2718,2748,5466,-30,3,12,토
2022-03-12,9호선2~3단계,선정릉,4020,4753,8773,-733,3,12,토
2022-03-12,9호선2~3단계,언주,5288,5400,10688,-112,3,12,토
2022-03-12,9호선,신논현,22921,22591,45512,330,3,12,토
2022-03-12,9호선,사평,1935,1763,3698,172,3,12,토
2022-03-12,9호선,고속터미널,10231,14534,24765,-4303,3,12,토
2022-03-12,9호선,신반포,2329,2236,4565,93,3,12,토
2022-03-12,9호선,구반포,1146,1157,2303,-11,3,12,토
2022-03-12,9호선,동작(현충원),1985,1557,3542,428,3,12,토
2022-03-12,9호선,흑석(중앙대입구),5192,5104,10296,88,3,12,토
2022-03-12,9호선,노들,2867,2443,5310,424,3,12,토
2022-03-12,9호선,노량진,18137,17827,35964,310,3,12,토
2022-03-12,9호선,샛강,2226,2152,4378,74,3,12,토
2022-03-12,9호선,여의도,11271,10749,22020,522,3,12,토
2022-03-12,9호선,국회의사당,3569,3680,7249,-111,3,12,토
2022-03-12,9호선,당산,11230,10472,21702,758,3,12,토
2022-03-12,9호선,선유도,3354,3240,6594,114,3,12,토
2022-03-12,9호선,신목동,1975,1676,3651,299,3,12,토
2022-03-12,9호선,염창,10290,9557,19847,733,3,12,토
2022-03-12,9호선,등촌,6505,6289,12794,216,3,12,토
2022-03-12,9호선,증미,3633,3378,7011,255,3,12,토
2022-03-12,9호선,가양,12347,11856,24203,491,3,12,토
2022-03-12,9호선,양천향교,5204,5042,10246,162,3,12,토
2022-03-12,9호선,마곡나루(서울식물원),7254,6989,14243,265,3,12,토
2022-03-12,9호선,신방화,4073,4021,8094,52,3,12,토
2022-03-12,9호선,공항시장,2014,2138,4152,-124,3,12,토
2022-03-12,9호선,김포공항,6696,9684,16380,-2988,3,12,토
2022-03-12,9호선,개화,1269,1103,2372,166,3,12,토
2022-03-12,8호선,남위례,2561,2662,5223,-101,3,12,토
2022-03-12,8호선,모란,3164,2699,5863,465,3,12,토
2022-03-12,1호선,서울역,23802,23666,47468,136,3,12,토
2022-03-12,8호선,수진,3613,3254,6867,359,3,12,토
2022-03-12,8호선,신흥,2921,3218,6139,-297,3,12,토
2022-03-12,8호선,단대오거리,6632,6304,12936,328,3,12,토
2022-03-12,8호선,남한산성입구(성남법원.검찰청),8234,7359,15593,875,3,12,토
2022-03-12,8호선,산성,3693,3765,7458,-72,3,12,토
2022-03-12,8호선,복정,5493,4594,10087,899,3,12,토
2022-03-12,8호선,장지,11165,10289,21454,876,3,12,토
2022-03-12,8호선,문정,7724,7766,15490,-42,3,12,토
2022-03-12,8호선,가락시장,4741,5014,9755,-273,3,12,토
2022-03-12,8호선,송파,4316,4387,8703,-71,3,12,토
2022-03-12,8호선,석촌,5204,6470,11674,-1266,3,12,토
2022-03-12,8호선,잠실(송파구청),10990,12758,23748,-1768,3,12,토
2022-03-12,8호선,몽촌토성(평화의문),3765,3818,7583,-53,3,12,토
2022-03-12,8호선,강동구청,5356,5501,10857,-145,3,12,토
2022-03-12,8호선,천호(풍납토성),10671,12429,23100,-1758,3,12,토
2022-03-12,8호선,암사,10839,9920,20759,919,3,12,토
2022-03-12,7호선,신중동,1,0,1,1,3,12,토
2022-03-12,7호선,까치울,1,0,1,1,3,12,토
2022-03-12,7호선,온수(성공회대입구),4745,4784,9529,-39,3,12,토
2022-03-12,7호선,천왕,5950,5662,11612,288,3,12,토
2022-03-12,7호선,광명사거리,14683,14714,29397,-31,3,12,토
2022-03-12,7호선,철산,12787,13044,25831,-257,3,12,토
2022-03-12,7호선,가산디지털단지,13250,12025,25275,1225,3,12,토
2022-03-12,7호선,남구로,7144,7560,14704,-416,3,12,토
2022-03-12,7호선,대림(구로구청),5906,6325,12231,-419,3,12,토
2022-03-12,7호선,신풍,6988,6769,13757,219,3,12,토
2022-03-12,7호선,보라매,5999,5750,11749,249,3,12,토
2022-03-12,7호선,신대방삼거리,9963,9354,19317,609,3,12,토
2022-03-12,7호선,장승배기,5823,5648,11471,175,3,12,토
2022-03-12,7호선,상도,6759,6359,13118,400,3,12,토
2022-03-12,7호선,숭실대입구(살피재),7338,7233,14571,105,3,12,토
2022-03-12,7호선,남성,6615,6207,12822,408,3,12,토
2022-03-12,7호선,이수,10478,9863,20341,615,3,12,토
2022-03-12,7호선,내방,6905,6810,13715,95,3,12,토
2022-03-12,7호선,고속터미널,11677,8880,20557,2797,3,12,토
2022-03-12,7호선,반포,3778,3618,7396,160,3,12,토
2022-03-12,7호선,논현,9748,10650,20398,-902,3,12,토
2022-03-12,7호선,학동,9671,10089,19760,-418,3,12,토
2022-03-12,7호선,강남구청,8649,9621,18270,-972,3,12,토
2022-03-12,7호선,청담,10397,11252,21649,-855,3,12,토
2022-03-12,7호선,뚝섬유원지,7925,7779,15704,146,3,12,토
2022-03-12,7호선,건대입구,9437,9908,19345,-471,3,12,토
2022-03-12,7호선,어린이대공원(세종대),9387,9306,18693,81,3,12,토
2022-03-12,7호선,군자(능동),9587,7285,16872,2302,3,12,토
2022-03-12,7호선,중곡,6098,5841,11939,257,3,12,토
2022-03-12,7호선,용마산(용마폭포공원),3893,4094,7987,-201,3,12,토
2022-03-12,7호선,사가정,10919,10586,21505,333,3,12,토
2022-03-12,7호선,면목,10060,9693,19753,367,3,12,토
2022-03-12,7호선,상봉(시외버스터미널),11580,11036,22616,544,3,12,토
2022-03-12,7호선,중화,6759,6556,13315,203,3,12,토
2022-03-12,7호선,먹골,7293,7139,14432,154,3,12,토
2022-03-12,7호선,태릉입구,5769,5344,11113,425,3,12,토
2022-03-12,7호선,공릉(서울과학기술대),7944,7794,15738,150,3,12,토
2022-03-12,7호선,하계,10869,10283,21152,586,3,12,토
2022-03-12,7호선,중계,8180,7251,15431,929,3,12,토
2022-03-12,7호선,노원,14322,14558,28880,-236,3,12,토
2022-03-12,7호선,마들,7666,7170,14836,496,3,12,토
2022-03-12,7호선,수락산,8992,8780,17772,212,3,12,토
2022-03-12,7호선,도봉산,5725,8079,13804,-2354,3,12,토
2022-03-12,7호선,장암,1373,975,2348,398,3,12,토
2022-03-12,6호선,신내,1,0,1,1,3,12,토
2022-03-12,6호선,봉화산(서울의료원),4465,4330,8795,135,3,12,토
2022-03-12,6호선,화랑대(서울여대입구),6132,5052,11184,1080,3,12,토
2022-03-12,6호선,태릉입구,3766,3918,7684,-152,3,12,토
2022-03-12,6호선,석계,7915,7788,15703,127,3,12,토
2022-03-12,6호선,돌곶이,5501,5050,10551,451,3,12,토
2022-03-12,6호선,상월곡(한국과학기술연구원),3698,3327,7025,371,3,12,토
2022-03-12,6호선,월곡(동덕여대),6701,6527,13228,174,3,12,토
2022-03-12,6호선,고려대(종암),4866,4717,9583,149,3,12,토
2022-03-12,6호선,안암(고대병원앞),6524,6071,12595,453,3,12,토
2022-03-12,6호선,보문,4447,4218,8665,229,3,12,토
2022-03-12,6호선,창신,1785,1635,3420,150,3,12,토
2022-03-12,6호선,동묘앞,6896,6565,13461,331,3,12,토
2022-03-12,6호선,신당,4602,4128,8730,474,3,12,토
2022-03-12,6호선,청구,2132,2166,4298,-34,3,12,토
2022-03-12,6호선,약수,2158,2153,4311,5,3,12,토
2022-03-12,6호선,버티고개,1274,1403,2677,-129,3,12,토
2022-03-12,6호선,한강진,7476,9148,16624,-1672,3,12,토
2022-03-12,6호선,이태원,11997,12656,24653,-659,3,12,토
2022-03-12,6호선,녹사평(용산구청),4155,4509,8664,-354,3,12,토
2022-03-12,6호선,삼각지,4495,3560,8055,935,3,12,토
2022-03-12,6호선,효창공원앞,4150,3677,7827,473,3,12,토
2022-03-12,6호선,공덕,8540,8031,16571,509,3,12,토
2022-03-12,6호선,대흥(서강대앞),5061,5049,10110,12,3,12,토
2022-03-12,6호선,광흥창(서강),4460,4297,8757,163,3,12,토
2022-03-12,6호선,상수,7442,8607,16049,-1165,3,12,토
2022-03-12,6호선,합정,10838,9991,20829,847,3,12,토
2022-03-12,6호선,망원,11373,12408,23781,-1035,3,12,토
2022-03-12,6호선,마포구청,8202,7427,15629,775,3,12,토
2022-03-12,6호선,월드컵경기장(성산),3953,3969,7922,-16,3,12,토
2022-03-12,6호선,디지털미디어시티,6140,6231,12371,-91,3,12,토
2022-03-12,6호선,증산(명지대앞),6573,6435,13008,138,3,12,토
2022-03-12,6호선,새절(신사),7639,7382,15021,257,3,12,토
2022-03-12,6호선,구산,4698,3669,8367,1029,3,12,토
2022-03-12,6호선,독바위,1776,2152,3928,-376,3,12,토
2022-03-12,6호선,불광,3208,2902,6110,306,3,12,토
2022-03-12,6호선,역촌,2360,2777,5137,-417,3,12,토
2022-03-12,6호선,응암,11141,10902,22043,239,3,12,토
2022-03-12,5호선,하남검단산,4522,4539,9061,-17,3,12,토
2022-03-12,5호선,하남시청(덕풍·신장),4750,4502,9252,248,3,12,토
2022-03-12,5호선,미사,10201,10199,20400,2,3,12,토
2022-03-12,5호선,강일,2529,2326,4855,203,3,12,토
2022-03-12,5호선,마천,4194,4395,8589,-201,3,12,토
2022-03-12,5호선,거여,5704,5393,11097,311,3,12,토
2022-03-12,5호선,개롱,3580,3820,7400,-240,3,12,토
2022-03-12,5호선,오금,1818,1736,3554,82,3,12,토
2022-03-12,5호선,방이,4514,4550,9064,-36,3,12,토
2022-03-12,5호선,올림픽공원(한국체대),2646,2405,5051,241,3,12,토
2022-03-12,5호선,둔촌동,5428,5263,10691,165,3,12,토
2022-03-12,5호선,상일동,7998,7548,15546,450,3,12,토
2022-03-12,5호선,고덕,5631,5376,11007,255,3,12,토
2022-03-12,5호선,명일,5301,5304,10605,-3,3,12,토
2022-03-12,5호선,굽은다리(강동구민회관앞),6201,5815,12016,386,3,12,토
2022-03-12,5호선,길동,5355,5505,10860,-150,3,12,토
2022-03-12,5호선,강동,11610,11133,22743,477,3,12,토
2022-03-12,5호선,천호(풍납토성),14771,14140,28911,631,3,12,토
2022-03-12,5호선,광나루(장신대),9351,8949,18300,402,3,12,토
2022-03-12,5호선,아차산(어린이대공원후문),12200,11916,24116,284,3,12,토
2022-03-12,5호선,군자(능동),7300,8063,15363,-763,3,12,토
2022-03-12,5호선,장한평,9735,9581,19316,154,3,12,토
2022-03-12,5호선,답십리,9056,8208,17264,848,3,12,토
2022-03-12,5호선,마장,3379,3204,6583,175,3,12,토
2022-03-12,5호선,왕십리(성동구청),2981,3594,6575,-613,3,12,토
2022-03-12,5호선,행당,4656,4039,8695,617,3,12,토
2022-03-12,5호선,신금호,3516,3622,7138,-106,3,12,토
2022-03-12,5호선,청구,2197,2052,4249,145,3,12,토
2022-03-12,5호선,동대문역사문화공원(DDP),931,1131,2062,-200,3,12,토
2022-03-12,5호선,을지로4가,2920,3389,6309,-469,3,12,토
2022-03-12,5호선,종로3가,10428,10548,20976,-120,3,12,토
2022-03-12,5호선,광화문(세종문화회관),14077,14408,28485,-331,3,12,토
2022-03-12,5호선,서대문,6075,5868,11943,207,3,12,토
2022-03-12,5호선,충정로(경기대입구),1692,1541,3233,151,3,12,토
2022-03-12,5호선,애오개,3179,3106,6285,73,3,12,토
2022-03-12,5호선,공덕,5882,6069,11951,-187,3,12,토
2022-03-12,5호선,마포,6529,6485,13014,44,3,12,토
2022-03-12,5호선,여의나루,10047,11528,21575,-1481,3,12,토
2022-03-12,5호선,여의도,10759,11118,21877,-359,3,12,토
2022-03-12,5호선,신길,2242,2361,4603,-119,3,12,토
2022-03-12,5호선,영등포시장,7278,7607,14885,-329,3,12,토
2022-03-12,5호선,영등포구청,1799,1827,3626,-28,3,12,토
2022-03-12,5호선,양평,3265,3086,6351,179,3,12,토
2022-03-12,5호선,오목교(목동운동장앞),14160,14405,28565,-245,3,12,토
2022-03-12,5호선,목동,9695,9750,19445,-55,3,12,토
2022-03-12,5호선,신정(은행정),7990,6875,14865,1115,3,12,토
2022-03-12,5호선,까치산,18851,17998,36849,853,3,12,토
2022-03-12,5호선,화곡,17686,16387,34073,1299,3,12,토
2022-03-12,5호선,우장산,8398,8399,16797,-1,3,12,토
2022-03-12,5호선,발산,12326,12800,25126,-474,3,12,토
2022-03-12,5호선,마곡,4820,4829,9649,-9,3,12,토
2022-03-12,5호선,송정,4481,4365,8846,116,3,12,토
2022-03-12,5호선,김포공항,6192,6319,12511,-127,3,12,토
2022-03-12,5호선,개화산,3410,3331,6741,79,3,12,토
2022-03-12,5호선,방화,3992,3862,7854,130,3,12,토
2022-03-12,4호선,남태령,846,535,1381,311,3,12,토
2022-03-12,4호선,사당,18042,15414,33456,2628,3,12,토
2022-03-12,4호선,총신대입구(이수),12475,13478,25953,-1003,3,12,토
2022-03-12,4호선,동작(현충원),1437,1662,3099,-225,3,12,토
2022-03-12,4호선,이촌(국립중앙박물관),5379,6084,11463,-705,3,12,토
2022-03-12,4호선,신용산,8612,9265,17877,-653,3,12,토
2022-03-12,4호선,삼각지,3056,3981,7037,-925,3,12,토
2022-03-12,4호선,숙대입구(갈월),8027,7638,15665,389,3,12,토
2022-03-12,4호선,서울역,4544,9569,14113,-5025,3,12,토
2022-03-12,4호선,회현(남대문시장),14530,16091,30621,-1561,3,12,토
2022-03-12,4호선,명동,11022,12652,23674,-1630,3,12,토
2022-03-12,4호선,충무로,11256,11690,22946,-434,3,12,토
2022-03-12,4호선,동대문역사문화공원(DDP),9873,8866,18739,1007,3,12,토
2022-03-12,4호선,동대문,11890,12153,24043,-263,3,12,토
2022-03-12,4호선,혜화,22770,23527,46297,-757,3,12,토
2022-03-12,4호선,한성대입구(삼선교),9123,8986,18109,137,3,12,토
2022-03-12,4호선,성신여대입구(돈암),14294,13624,27918,670,3,12,토
2022-03-12,4호선,길음,12302,11938,24240,364,3,12,토
2022-03-12,4호선,미아사거리,19265,18400,37665,865,3,12,토
2022-03-12,4호선,미아(서울사이버대학),9542,9120,18662,422,3,12,토
2022-03-12,4호선,수유(강북구청),23678,23103,46781,575,3,12,토
2022-03-12,4호선,쌍문,18452,16574,35026,1878,3,12,토
2022-03-12,4호선,창동,18910,19575,38485,-665,3,12,토
2022-03-12,4호선,노원,13663,15176,28839,-1513,3,12,토
2022-03-12,4호선,상계,12408,11576,23984,832,3,12,토
2022-03-12,4호선,당고개,8830,8484,17314,346,3,12,토
2022-03-12,3호선,오금,3153,2998,6151,155,3,12,토
2022-03-12,3호선,경찰병원,3433,3215,6648,218,3,12,토
2022-03-12,3호선,가락시장,5228,5049,10277,179,3,12,토
2022-03-12,3호선,수서,10966,11092,22058,-126,3,12,토
2022-03-12,3호선,일원,4307,4243,8550,64,3,12,토
2022-03-12,3호선,대청,5150,4733,9883,417,3,12,토
2022-03-12,3호선,학여울,928,918,1846,10,3,12,토
2022-03-12,3호선,대치,8445,7784,16229,661,3,12,토
2022-03-12,3호선,도곡,2860,2953,5813,-93,3,12,토
2022-03-12,3호선,매봉,5077,4889,9966,188,3,12,토
2022-03-12,3호선,양재(서초구청),17581,19082,36663,-1501,3,12,토
2022-03-12,3호선,남부터미널(예술의전당),17751,17737,35488,14,3,12,토
2022-03-12,3호선,교대(법원.검찰청),6038,3747,9785,2291,3,12,토
2022-03-12,3호선,고속터미널,39037,38442,77479,595,3,12,토
2022-03-12,3호선,잠원,3202,2991,6193,211,3,12,토
2022-03-12,3호선,신사,23296,24126,47422,-830,3,12,토
2022-03-12,3호선,압구정,21277,22630,43907,-1353,3,12,토
2022-03-12,3호선,옥수,5859,6024,11883,-165,3,12,토
2022-03-12,3호선,금호,5024,4630,9654,394,3,12,토
2022-03-12,3호선,약수,7888,7635,15523,253,3,12,토
2022-03-12,3호선,동대입구,5230,5639,10869,-409,3,12,토
2022-03-12,3호선,을지로3가,4303,4541,8844,-238,3,12,토
2022-03-12,3호선,종로3가,5061,6969,12030,-1908,3,12,토
2022-03-12,3호선,안국,12323,14073,26396,-1750,3,12,토
2022-03-12,3호선,경복궁(정부서울청사),13677,14347,28024,-670,3,12,토
2022-03-12,3호선,독립문,5337,5863,11200,-526,3,12,토
2022-03-12,3호선,무악재,2250,2446,4696,-196,3,12,토
2022-03-12,3호선,홍제,11571,10998,22569,573,3,12,토
2022-03-12,3호선,녹번,9062,7949,17011,1113,3,12,토
2022-03-12,3호선,불광,11379,12987,24366,-1608,3,12,토
2022-03-12,3호선,연신내,26005,24611,50616,1394,3,12,토
2022-03-12,3호선,구파발,12976,13365,26341,-389,3,12,토
2022-03-12,3호선,지축,2850,2757,5607,93,3,12,토
2022-03-12,2호선,용두(동대문구청),1494,1421,2915,73,3,12,토
2022-03-12,2호선,신정네거리,6480,6497,12977,-17,3,12,토
2022-03-12,2호선,양천구청,4070,3940,8010,130,3,12,토
2022-03-12,2호선,도림천,720,707,1427,13,3,12,토
2022-03-12,2호선,신설동,3039,3260,6299,-221,3,12,토
2022-03-12,2호선,신답,907,980,1887,-73,3,12,토
2022-03-12,2호선,용답,2003,1920,3923,83,3,12,토
2022-03-12,2호선,충정로(경기대입구),4765,5137,9902,-372,3,12,토
2022-03-12,2호선,아현,6732,6364,13096,368,3,12,토
2022-03-12,2호선,이대,9051,9558,18609,-507,3,12,토
2022-03-12,2호선,신촌,26315,26045,52360,270,3,12,토
2022-03-12,2호선,홍대입구,56036,59447,115483,-3411,3,12,토
2022-03-12,2호선,합정,24334,26325,50659,-1991,3,12,토
2022-03-12,2호선,당산,10829,11790,22619,-961,3,12,토
2022-03-12,2호선,영등포구청,11153,11582,22735,-429,3,12,토
2022-03-12,2호선,문래,11140,11803,22943,-663,3,12,토
2022-03-12,2호선,신도림,34164,35213,69377,-1049,3,12,토
2022-03-12,2호선,대림(구로구청),15109,16338,31447,-1229,3,12,토
2022-03-12,2호선,구로디지털단지,29662,29334,58996,328,3,12,토
2022-03-12,2호선,신대방,17753,17246,34999,507,3,12,토
2022-03-12,2호선,신림,44440,42740,87180,1700,3,12,토
2022-03-12,2호선,봉천,15045,13891,28936,1154,3,12,토
2022-03-12,2호선,서울대입구(관악구청),33666,33046,66712,620,3,12,토
2022-03-12,2호선,낙성대(강감찬),19025,17458,36483,1567,3,12,토
2022-03-12,2호선,사당,26590,28963,55553,-2373,3,12,토
2022-03-12,2호선,방배,8513,8810,17323,-297,3,12,토
2022-03-12,2호선,서초,9494,7920,17414,1574,3,12,토
2022-03-12,2호선,교대(법원.검찰청),15335,17021,32356,-1686,3,12,토
2022-03-12,2호선,강남,53990,53385,107375,605,3,12,토
2022-03-12,2호선,역삼,16231,17913,34144,-1682,3,12,토
2022-03-12,2호선,선릉,21517,18966,40483,2551,3,12,토
2022-03-12,2호선,삼성(무역센터),27561,27462,55023,99,3,12,토
2022-03-12,2호선,종합운동장,18632,19299,37931,-667,3,12,토
2022-03-12,2호선,잠실새내,14904,15397,30301,-493,3,12,토
2022-03-12,2호선,잠실(송파구청),57715,55148,112863,2567,3,12,토
2022-03-12,2호선,잠실나루,6393,6308,12701,85,3,12,토
2022-03-12,2호선,강변(동서울터미널),21736,21005,42741,731,3,12,토
2022-03-12,2호선,구의(광진구청),14454,14137,28591,317,3,12,토
2022-03-12,2호선,건대입구,31348,32775,64123,-1427,3,12,토
2022-03-12,2호선,성수,17597,20011,37608,-2414,3,12,토
2022-03-12,2호선,뚝섬,12675,12791,25466,-116,3,12,토
2022-03-12,2호선,한양대,4228,4441,8669,-213,3,12,토
2022-03-12,2호선,왕십리(성동구청),11524,10067,21591,1457,3,12,토
2022-03-12,2호선,상왕십리,8643,8436,17079,207,3,12,토
2022-03-12,2호선,신당,9512,9896,19408,-384,3,12,토
2022-03-12,2호선,동대문역사문화공원(DDP),9238,10509,19747,-1271,3,12,토
2022-03-12,2호선,을지로4가,6360,6572,12932,-212,3,12,토
2022-03-12,2호선,을지로3가,9251,9191,18442,60,3,12,토
2022-03-12,2호선,을지로입구,17425,17312,34737,113,3,12,토
2022-03-12,2호선,시청,6865,5926,12791,939,3,12,토
2022-03-12,1호선,동묘앞,10259,10800,21059,-541,3,12,토
2022-03-12,1호선,청량리(서울시립대입구),15805,15965,31770,-160,3,12,토
2022-03-12,1호선,제기동,13274,13727,27001,-453,3,12,토
2022-03-12,1호선,신설동,8768,8269,17037,499,3,12,토
2022-03-12,1호선,동대문,8996,8365,17361,631,3,12,토
2022-03-12,1호선,종로5가,15650,15774,31424,-124,3,12,토
2022-03-12,1호선,종로3가,18990,17576,36566,1414,3,12,토
2022-03-12,1호선,종각,15948,14743,30691,1205,3,12,토
2022-03-12,1호선,시청,9900,9759,19659,141,3,12,토
2022-03-12,5호선,하남풍산,2309,2281,4590,28,3,12,토
2022-03-12,중앙선,지평,36,63,99,-27,3,12,토
2022-03-12,중앙선,용문,1560,1679,3239,-119,3,12,토
2022-03-12,중앙선,원덕,330,345,675,-15,3,12,토
2022-03-12,중앙선,양평,2181,2305,4486,-124,3,12,토
2022-03-12,중앙선,오빈,238,225,463,13,3,12,토
2022-03-12,중앙선,아신,496,452,948,44,3,12,토
2022-03-12,중앙선,국수,567,625,1192,-58,3,12,토
2022-03-12,중앙선,신원,275,228,503,47,3,12,토
2022-03-12,중앙선,양수,1794,1768,3562,26,3,12,토
2022-03-12,중앙선,운길산,1168,1044,2212,124,3,12,토
2022-03-12,중앙선,팔당,1253,1387,2640,-134,3,12,토
2022-03-12,중앙선,도심,1356,1166,2522,190,3,12,토
2022-03-12,중앙선,덕소,3702,3791,7493,-89,3,12,토
2022-03-12,중앙선,양정,512,467,979,45,3,12,토
2022-03-12,중앙선,도농,5957,5682,11639,275,3,12,토
2022-03-12,중앙선,구리,8763,9015,17778,-252,3,12,토
2022-03-12,중앙선,양원,1596,1544,3140,52,3,12,토
2022-03-12,중앙선,망우,5562,5530,11092,32,3,12,토
2022-03-12,중앙선,상봉(시외버스터미널),4166,4066,8232,100,3,12,토
2022-03-12,중앙선,중랑,3894,3801,7695,93,3,12,토
2022-03-12,중앙선,회기,17663,16817,34480,846,3,12,토
2022-03-12,장항선,신창(순천향대),1186,1044,2230,142,3,12,토
2022-03-12,장항선,온양온천,3121,3183,6304,-62,3,12,토
2022-03-12,장항선,배방,918,825,1743,93,3,12,토
2022-03-12,장항선,탕정,501,502,1003,-1,3,12,토
2022-03-12,장항선,아산,2432,2329,4761,103,3,12,토
2022-03-12,장항선,쌍용(나사렛대),1508,1296,2804,212,3,12,토
2022-03-12,장항선,봉명,684,622,1306,62,3,12,토
2022-03-12,일산선,대화,7951,7298,15249,653,3,12,토
2022-03-12,일산선,주엽,5614,5668,11282,-54,3,12,토
2022-03-12,일산선,정발산,6029,6308,12337,-279,3,12,토
2022-03-12,일산선,마두,4404,4458,8862,-54,3,12,토
2022-03-12,일산선,백석,6388,6419,12807,-31,3,12,토
2022-03-12,일산선,대곡,1173,1033,2206,140,3,12,토
2022-03-12,일산선,화정,11209,11572,22781,-363,3,12,토
2022-03-12,일산선,원당,7316,6985,14301,331,3,12,토
2022-03-12,일산선,삼송,12440,12005,24445,435,3,12,토
2022-03-12,일산선,원흥,6256,5966,12222,290,3,12,토
2022-03-12,우이신설선,신설동,1343,1284,2627,59,3,12,토
2022-03-12,우이신설선,보문,989,974,1963,15,3,12,토
2022-03-12,우이신설선,성신여대입구(돈암),2504,2930,5434,-426,3,12,토
2022-03-12,우이신설선,정릉,3076,2558,5634,518,3,12,토
2022-03-12,우이신설선,북한산보국문,4346,3737,8083,609,3,12,토
2022-03-12,우이신설선,솔샘,3444,3150,6594,294,3,12,토
2022-03-12,우이신설선,삼양사거리,1716,1707,3423,9,3,12,토
2022-03-12,우이신설선,삼양,1392,1413,2805,-21,3,12,토
2022-03-12,우이신설선,화계,2287,2072,4359,215,3,12,토
2022-03-12,우이신설선,가오리,2741,2587,5328,154,3,12,토
2022-03-12,우이신설선,4.19민주묘지,2248,1924,4172,324,3,12,토
2022-03-12,우이신설선,솔밭공원,1631,1534,3165,97,3,12,토
2022-03-12,우이신설선,북한산우이,2973,3028,6001,-55,3,12,토
2022-03-12,안산선,수리산,2557,2346,4903,211,3,12,토
2022-03-12,안산선,오이도,6288,6370,12658,-82,3,12,토
2022-03-12,안산선,정왕,5743,5705,11448,38,3,12,토
2022-03-12,안산선,신길온천,1219,1235,2454,-16,3,12,토
2022-03-12,안산선,안산,8202,8329,16531,-127,3,12,토
2022-03-12,안산선,초지,2823,2761,5584,62,3,12,토
2022-03-12,안산선,고잔,5472,5518,10990,-46,3,12,토
2022-03-12,안산선,중앙,13584,13952,27536,-368,3,12,토
2022-03-12,안산선,한대앞,6488,6305,12793,183,3,12,토
2022-03-12,안산선,상록수,10791,10949,21740,-158,3,12,토
2022-03-12,안산선,반월,3082,2815,5897,267,3,12,토
2022-03-12,안산선,대야미,3600,3122,6722,478,3,12,토
2022-03-12,안산선,산본,10693,11566,22259,-873,3,12,토
2022-03-12,수인선,인천,971,1612,2583,-641,3,12,토
2022-03-12,수인선,신포,1331,1300,2631,31,3,12,토
2022-03-12,수인선,숭의,2514,2294,4808,220,3,12,토
2022-03-12,수인선,인하대,3978,3636,7614,342,3,12,토
2022-03-12,수인선,송도,1859,1760,3619,99,3,12,토
2022-03-12,수인선,원인재,3243,3408,6651,-165,3,12,토
2022-03-13,수인선,인하대,2478,2493,4971,-15,3,13,일
2022-03-13,수인선,송도,1166,1099,2265,67,3,13,일
2022-03-13,수인선,연수,2606,2583,5189,23,3,13,일
2022-03-13,수인선,원인재,2176,2329,4505,-153,3,13,일
2022-03-13,수인선,남동인더스파크,460,505,965,-45,3,13,일
2022-03-13,수인선,호구포,1487,1521,3008,-34,3,13,일
2022-03-13,수인선,인천논현,2259,2331,4590,-72,3,13,일
2022-03-13,수인선,소래포구,2869,2743,5612,126,3,13,일
2022-03-13,수인선,월곶,1260,1153,2413,107,3,13,일
2022-03-13,수인선,달월,26,29,55,-3,3,13,일
2022-03-13,수인선,사리,1925,1621,3546,304,3,13,일
2022-03-13,수인선,야목,145,127,272,18,3,13,일
2022-03-13,수인선,어천,362,447,809,-85,3,13,일
2022-03-13,수인선,오목천,1083,1144,2227,-61,3,13,일
2022-03-13,수인선,고색,1622,1657,3279,-35,3,13,일
2022-03-13,분당선,매교,976,978,1954,-2,3,13,일
2022-03-13,분당선,수원시청,5653,5586,11239,67,3,13,일
2022-03-13,분당선,매탄권선,1855,1754,3609,101,3,13,일
2022-03-13,분당선,망포,4849,4981,9830,-132,3,13,일
2022-03-13,분당선,영통,3765,3851,7616,-86,3,13,일
2022-03-13,분당선,청명,1498,1517,3015,-19,3,13,일
2022-03-13,분당선,상갈,2108,2158,4266,-50,3,13,일
2022-03-13,분당선,기흥,3682,3469,7151,213,3,13,일
2022-03-13,분당선,신갈,1399,1412,2811,-13,3,13,일
2022-03-13,분당선,구성,1722,1862,3584,-140,3,13,일
2022-03-13,분당선,죽전,5526,6480,12006,-954,3,13,일
2022-03-13,분당선,보정,810,763,1573,47,3,13,일
2022-03-13,분당선,이매,2258,2316,4574,-58,3,13,일
2022-03-13,분당선,오리,4119,3577,7696,542,3,13,일
2022-03-13,분당선,미금,5593,5938,11531,-345,3,13,일
2022-03-13,분당선,정자,5910,6082,11992,-172,3,13,일
2022-03-13,분당선,수내,4845,4686,9531,159,3,13,일
2022-03-13,분당선,서현,11714,11618,23332,96,3,13,일
2022-03-13,분당선,야탑,10406,10561,20967,-155,3,13,일
2022-03-13,분당선,모란,8424,8772,17196,-348,3,13,일
2022-03-13,분당선,태평,6333,5990,12323,343,3,13,일
2022-03-13,분당선,가천대,3162,3839,7001,-677,3,13,일
2022-03-13,분당선,선정릉,1637,1695,3332,-58,3,13,일
2022-03-13,분당선,강남구청,2728,3160,5888,-432,3,13,일
2022-03-13,분당선,압구정로데오,8250,9042,17292,-792,3,13,일
2022-03-13,분당선,서울숲,3737,3870,7607,-133,3,13,일
2022-03-13,분당선,수원,4404,3714,8118,690,3,13,일
2022-03-13,분당선,수서,7304,6901,14205,403,3,13,일
2022-03-13,분당선,대모산입구,1612,1498,3110,114,3,13,일
2022-03-13,분당선,개포동,1362,1415,2777,-53,3,13,일
2022-03-13,분당선,구룡,644,779,1423,-135,3,13,일
2022-03-13,분당선,도곡,1939,1996,3935,-57,3,13,일
2022-03-13,분당선,한티,7046,6697,13743,349,3,13,일
2022-03-13,분당선,선릉,2280,3521,5801,-1241,3,13,일
2022-03-13,과천선,범계,11052,10584,21636,468,3,13,일
2022-03-13,과천선,평촌,4770,4582,9352,188,3,13,일
2022-03-13,과천선,인덕원,8639,8713,17352,-74,3,13,일
2022-03-13,과천선,정부과천청사,3072,3125,6197,-53,3,13,일
2022-03-13,과천선,과천,2506,2302,4808,204,3,13,일
2022-03-13,과천선,대공원,1647,1652,3299,-5,3,13,일
2022-03-13,과천선,경마공원,8423,8592,17015,-169,3,13,일
2022-03-13,과천선,선바위,2903,2661,5564,242,3,13,일
2022-03-13,공항철도 1호선,영종,1781,1700,3481,81,3,13,일
2022-03-13,공항철도 1호선,인천공항2터미널,1637,1588,3225,49,3,13,일
2022-03-13,공항철도 1호선,인천공항1터미널,2779,2837,5616,-58,3,13,일
2022-03-13,공항철도 1호선,공항화물청사,953,944,1897,9,3,13,일
2022-03-13,공항철도 1호선,운서,4027,4274,8301,-247,3,13,일
2022-03-13,공항철도 1호선,청라국제도시,2452,2202,4654,250,3,13,일
2022-03-13,공항철도 1호선,검암,2723,2689,5412,34,3,13,일
2022-03-13,공항철도 1호선,계양,4028,3963,7991,65,3,13,일
2022-03-13,공항철도 1호선,김포공항,9883,4753,14636,5130,3,13,일
2022-03-13,공항철도 1호선,마곡나루(서울식물원),1726,1877,3603,-151,3,13,일
2022-03-13,공항철도 1호선,디지털미디어시티,2761,2734,5495,27,3,13,일
2022-03-13,공항철도 1호선,홍대입구,7190,6692,13882,498,3,13,일
2022-03-13,공항철도 1호선,공덕,903,1312,2215,-409,3,13,일
2022-03-13,공항철도 1호선,서울역,5563,5228,10791,335,3,13,일
2022-03-13,경춘선,춘천,784,946,1730,-162,3,13,일
2022-03-13,경춘선,남춘천,1514,2072,3586,-558,3,13,일
2022-03-13,경춘선,김유정,189,159,348,30,3,13,일
2022-03-13,경춘선,강촌,243,245,488,-2,3,13,일
2022-03-13,경춘선,백양리,68,54,122,14,3,13,일
2022-03-13,경춘선,굴봉산,99,86,185,13,3,13,일
2022-03-13,경춘선,가평,908,727,1635,181,3,13,일
2022-03-13,경춘선,상천,134,124,258,10,3,13,일
2022-03-13,경춘선,청평,951,744,1695,207,3,13,일
2022-03-13,경춘선,대성리,347,205,552,142,3,13,일
2022-03-13,경춘선,마석,1816,1718,3534,98,3,13,일
2022-03-13,경춘선,천마산,739,684,1423,55,3,13,일
2022-03-13,경춘선,평내호평,2240,2170,4410,70,3,13,일
2022-03-13,경춘선,금곡,597,547,1144,50,3,13,일
2022-03-13,경춘선,사릉,1232,1138,2370,94,3,13,일
2022-03-13,경춘선,퇴계원,1495,1315,2810,180,3,13,일
2022-03-13,경춘선,별내,1371,1241,2612,130,3,13,일
2022-03-13,경춘선,갈매,1011,910,1921,101,3,13,일
2022-03-13,경춘선,신내,680,636,1316,44,3,13,일
2022-03-13,경인선,도화,1852,1714,3566,138,3,13,일
2022-03-13,경인선,중동,3944,3590,7534,354,3,13,일
2022-03-13,경인선,온수(성공회대입구),2733,2623,5356,110,3,13,일
2022-03-13,경인선,도원,1882,1950,3832,-68,3,13,일
2022-03-13,경인선,간석,2417,2287,4704,130,3,13,일
2022-03-13,경인선,부개,3496,3277,6773,219,3,13,일
2022-03-13,경인선,소사,4072,3917,7989,155,3,13,일
2022-03-13,경인선,구일,2253,2292,4545,-39,3,13,일
2022-03-13,경인선,인천,2276,1824,4100,452,3,13,일
2022-03-13,경인선,동인천,7026,6704,13730,322,3,13,일
2022-03-13,경인선,제물포,4173,4051,8224,122,3,13,일
2022-03-13,경인선,주안,9235,8146,17381,1089,3,13,일
2022-03-13,경인선,동암,7244,7080,14324,164,3,13,일
2022-03-13,경인선,백운,2897,2836,5733,61,3,13,일
2022-03-13,경인선,부평,17438,17519,34957,-81,3,13,일
2022-03-13,경인선,송내,9833,9433,19266,400,3,13,일
2022-03-13,경인선,부천,16697,16098,32795,599,3,13,일
2022-03-13,경인선,역곡,11041,11040,22081,1,3,13,일
2022-03-13,경인선,오류동,5421,4959,10380,462,3,13,일
2022-03-13,경인선,개봉,8766,8464,17230,302,3,13,일
2022-03-13,경의선,임진강,13,11,24,2,3,13,일
2022-03-13,경의선,문산,2497,2478,4975,19,3,13,일
2022-03-13,경의선,파주,478,424,902,54,3,13,일
2022-03-13,경의선,월롱,787,1747,2534,-960,3,13,일
2022-03-13,경의선,금촌,3071,3302,6373,-231,3,13,일
2022-03-13,경의선,금릉,2098,2023,4121,75,3,13,일
2022-03-13,경의선,운정,2772,2674,5446,98,3,13,일
2022-03-13,경의선,야당,3609,3378,6987,231,3,13,일
2022-03-13,경의선,탄현,3176,2922,6098,254,3,13,일
2022-03-13,경의선,일산,4136,3848,7984,288,3,13,일
2022-03-13,경의선,풍산,2745,2488,5233,257,3,13,일
2022-03-13,경의선,백마,2636,2416,5052,220,3,13,일
2022-03-13,경의선,곡산,204,208,412,-4,3,13,일
2022-03-13,경의선,능곡,1696,1610,3306,86,3,13,일
2022-03-13,경의선,행신,3450,3182,6632,268,3,13,일
2022-03-13,경의선,강매,1097,1035,2132,62,3,13,일
2022-03-13,경의선,화전,604,658,1262,-54,3,13,일
2022-03-13,경의선,수색,689,756,1445,-67,3,13,일
2022-03-13,경의선,디지털미디어시티,978,904,1882,74,3,13,일
2022-03-13,경의선,가좌,2135,2172,4307,-37,3,13,일
2022-03-13,경의선,홍대입구,1254,1456,2710,-202,3,13,일
2022-03-13,경의선,서강대,1024,1037,2061,-13,3,13,일
2022-03-13,경의선,공덕,1418,1015,2433,403,3,13,일
2022-03-13,경의선,효창공원앞,1000,1092,2092,-92,3,13,일
2022-03-13,경의선,신촌,190,208,398,-18,3,13,일
2022-03-13,경의선,서울역,790,703,1493,87,3,13,일
2022-03-13,경원선,소요산,1905,1563,3468,342,3,13,일
2022-03-13,경원선,동두천,966,1209,2175,-243,3,13,일
2022-03-13,경원선,보산,1097,1065,2162,32,3,13,일
2022-03-13,경원선,동두천중앙,1535,1412,2947,123,3,13,일
2022-03-13,경원선,지행,3325,3358,6683,-33,3,13,일
2022-03-13,경원선,덕정,2173,2412,4585,-239,3,13,일
2022-03-13,경원선,덕계,1211,1175,2386,36,3,13,일
2022-03-13,경원선,양주,3522,3444,6966,78,3,13,일
2022-03-13,경원선,녹양,1997,1907,3904,90,3,13,일
2022-03-13,경원선,가능,2865,2760,5625,105,3,13,일
2022-03-13,경원선,의정부,10982,10971,21953,11,3,13,일
2022-03-13,경원선,회룡,5399,5200,10599,199,3,13,일
2022-03-13,경원선,망월사,3176,3339,6515,-163,3,13,일
2022-03-13,경원선,도봉산,4353,3054,7407,1299,3,13,일
2022-03-13,경원선,도봉,2501,2330,4831,171,3,13,일
2022-03-13,경원선,방학,4509,4292,8801,217,3,13,일
2022-03-13,경원선,녹천,1851,1580,3431,271,3,13,일
2022-03-13,경원선,월계,2702,2499,5201,203,3,13,일
2022-03-13,경원선,광운대,3136,3442,6578,-306,3,13,일
2022-03-13,경원선,석계,3712,4048,7760,-336,3,13,일
2022-03-13,경원선,신이문,3555,3329,6884,226,3,13,일
2022-03-13,경원선,외대앞,3815,3868,7683,-53,3,13,일
2022-03-13,경원선,청량리(서울시립대입구),9925,9224,19149,701,3,13,일
2022-03-13,경원선,왕십리(성동구청),6926,7730,14656,-804,3,13,일
2022-03-13,경원선,응봉,704,667,1371,37,3,13,일
2022-03-13,경원선,옥수,34,5,39,29,3,13,일
2022-03-13,경원선,한남,1385,1399,2784,-14,3,13,일
2022-03-13,경원선,서빙고,988,976,1964,12,3,13,일
2022-03-13,경원선,이촌(국립중앙박물관),1564,1196,2760,368,3,13,일
2022-03-13,경부선,광명,1926,1390,3316,536,3,13,일
2022-03-13,경부선,서동탄,527,554,1081,-27,3,13,일
2022-03-13,경부선,당정,2195,2187,4382,8,3,13,일
2022-03-13,경부선,천안,4460,4566,9026,-106,3,13,일
2022-03-13,경부선,두정,3233,4382,7615,-1149,3,13,일
2022-03-13,경부선,직산,347,409,756,-62,3,13,일
2022-03-13,경부선,성환,1732,2385,4117,-653,3,13,일
2022-03-13,경부선,평택,8356,8797,17153,-441,3,13,일
2022-03-13,경부선,평택지제,2035,1714,3749,321,3,13,일
2022-03-13,경부선,서정리,3319,4781,8100,-1462,3,13,일
2022-03-13,경부선,송탄,2668,3148,5816,-480,3,13,일
2022-03-13,경부선,진위,643,639,1282,4,3,13,일
2022-03-13,경부선,오산,5745,6068,11813,-323,3,13,일
2022-03-13,경부선,오산대,1516,1510,3026,6,3,13,일
2022-03-13,경부선,세마,1213,1133,2346,80,3,13,일
2022-03-13,경부선,병점,6869,7345,14214,-476,3,13,일
2022-03-13,경부선,세류,1399,1414,2813,-15,3,13,일
2022-03-13,경부선,독산,4617,4563,9180,54,3,13,일
2022-03-13,경부선,수원,24646,23345,47991,1301,3,13,일
2022-03-13,경부선,화서,2824,2720,5544,104,3,13,일
2022-03-13,경부선,성균관대,5914,6484,12398,-570,3,13,일
2022-03-13,경부선,의왕,3043,3183,6226,-140,3,13,일
2022-03-13,경부선,군포,2317,2190,4507,127,3,13,일
2022-03-13,경부선,금정,10366,10536,20902,-170,3,13,일
2022-03-13,경부선,명학,2538,2488,5026,50,3,13,일
2022-03-13,경부선,안양,9893,9555,19448,338,3,13,일
2022-03-13,경부선,관악,3112,2865,5977,247,3,13,일
2022-03-13,경부선,석수,3403,3139,6542,264,3,13,일
2022-03-13,경부선,금천구청,4632,4429,9061,203,3,13,일
2022-03-13,경부선,가산디지털단지,3668,5025,8693,-1357,3,13,일
2022-03-13,경부선,구로,7481,7616,15097,-135,3,13,일
2022-03-13,경부선,신길,3551,3066,6617,485,3,13,일
2022-03-13,경부선,신도림,1914,1658,3572,256,3,13,일
2022-03-13,경부선,영등포,25242,24219,49461,1023,3,13,일
2022-03-13,경부선,대방,4297,4680,8977,-383,3,13,일
2022-03-13,경부선,노량진,3994,3797,7791,197,3,13,일
2022-03-13,경부선,용산,23098,21309,44407,1789,3,13,일
2022-03-13,경부선,남영,3130,3465,6595,-335,3,13,일
2022-03-13,경부선,서울역,5476,1341,6817,4135,3,13,일
2022-03-13,경강선,여주,1379,1517,2896,-138,3,13,일
2022-03-13,경강선,세종대왕릉,175,134,309,41,3,13,일
2022-03-13,경강선,부발,1121,1753,2874,-632,3,13,일
2022-03-13,경강선,이천,1516,1649,3165,-133,3,13,일
2022-03-13,경강선,신둔도예촌,679,653,1332,26,3,13,일
2022-03-13,경강선,곤지암,1112,1214,2326,-102,3,13,일
2022-03-13,경강선,초월,1160,1152,2312,8,3,13,일
2022-03-13,경강선,경기광주,2805,2751,5556,54,3,13,일
2022-03-13,경강선,삼동,734,747,1481,-13,3,13,일
2022-03-13,경강선,이매,473,359,832,114,3,13,일
2022-03-13,경강선,판교,1937,1692,3629,245,3,13,일
2022-03-13,9호선2~3단계,중앙보훈병원,2391,2414,4805,-23,3,13,일
2022-03-13,9호선2~3단계,둔촌오륜,358,398,756,-40,3,13,일
2022-03-13,9호선2~3단계,올림픽공원(한국체대),3286,3192,6478,94,3,13,일
2022-03-13,9호선2~3단계,한성백제,1006,912,1918,94,3,13,일
2022-03-13,9호선2~3단계,송파나루,2548,2705,5253,-157,3,13,일
2022-03-13,9호선2~3단계,석촌,3771,3234,7005,537,3,13,일
2022-03-13,9호선2~3단계,석촌고분,2390,2449,4839,-59,3,13,일
2022-03-13,9호선2~3단계,삼전,2890,2840,5730,50,3,13,일
2022-03-13,9호선2~3단계,종합운동장,2019,1748,3767,271,3,13,일
2022-03-13,9호선2~3단계,봉은사,7122,7397,14519,-275,3,13,일
2022-03-13,9호선2~3단계,삼성중앙,1589,1677,3266,-88,3,13,일
2022-03-13,9호선2~3단계,선정릉,2402,2596,4998,-194,3,13,일
2022-03-13,9호선2~3단계,언주,2954,2953,5907,1,3,13,일
2022-03-13,9호선,신논현,12443,12028,24471,415,3,13,일
2022-03-13,9호선,사평,1151,1256,2407,-105,3,13,일
2022-03-13,9호선,고속터미널,7539,10986,18525,-3447,3,13,일
2022-03-13,9호선,신반포,1198,1341,2539,-143,3,13,일
2022-03-13,9호선,구반포,373,339,712,34,3,13,일
2022-03-13,9호선,동작(현충원),1724,1265,2989,459,3,13,일
2022-03-13,9호선,흑석(중앙대입구),3106,3270,6376,-164,3,13,일
2022-03-13,9호선,노들,1993,1732,3725,261,3,13,일
2022-03-13,9호선,노량진,11530,12065,23595,-535,3,13,일
2022-03-13,9호선,샛강,1193,1416,2609,-223,3,13,일
2022-03-13,9호선,여의도,7449,6703,14152,746,3,13,일
2022-03-13,9호선,국회의사당,3411,3264,6675,147,3,13,일
2022-03-13,9호선,당산,6951,6763,13714,188,3,13,일
2022-03-13,9호선,선유도,2084,1975,4059,109,3,13,일
2022-03-13,9호선,신목동,1240,1143,2383,97,3,13,일
2022-03-13,2호선,을지로4가,2527,2429,4956,98,3,13,일
2022-03-13,2호선,동대문역사문화공원(DDP),5692,6770,12462,-1078,3,13,일
2022-03-13,2호선,신당,5815,6145,11960,-330,3,13,일
2022-03-13,7호선,청담,5143,5444,10587,-301,3,13,일
2022-03-13,중앙선,지평,32,16,48,16,3,13,일
2022-03-13,중앙선,용문,1048,917,1965,131,3,13,일
2022-03-13,중앙선,원덕,177,168,345,9,3,13,일
2022-03-13,중앙선,양평,1861,1746,3607,115,3,13,일
2022-03-13,중앙선,오빈,142,121,263,21,3,13,일
2022-03-13,중앙선,아신,326,316,642,10,3,13,일
2022-03-13,중앙선,국수,317,289,606,28,3,13,일
2022-03-13,중앙선,신원,100,69,169,31,3,13,일
2022-03-13,중앙선,양수,1046,919,1965,127,3,13,일
2022-03-13,중앙선,운길산,526,476,1002,50,3,13,일
2022-03-13,중앙선,팔당,689,697,1386,-8,3,13,일
2022-03-13,중앙선,도심,820,694,1514,126,3,13,일
2022-03-13,9호선,염창,6537,6449,12986,88,3,13,일
2022-03-13,9호선,등촌,3811,3897,7708,-86,3,13,일
2022-03-13,9호선,증미,1795,1903,3698,-108,3,13,일
2022-03-13,9호선,가양,7598,7248,14846,350,3,13,일
2022-03-13,9호선,양천향교,3106,3289,6395,-183,3,13,일
2022-03-13,9호선,마곡나루(서울식물원),4343,4325,8668,18,3,13,일
2022-03-13,9호선,신방화,2602,2594,5196,8,3,13,일
2022-03-13,9호선,공항시장,1332,1510,2842,-178,3,13,일
2022-03-13,9호선,김포공항,5945,8768,14713,-2823,3,13,일
2022-03-13,9호선,개화,789,799,1588,-10,3,13,일
2022-03-13,8호선,남위례,1569,1665,3234,-96,3,13,일
2022-03-13,8호선,모란,1877,1665,3542,212,3,13,일
2022-03-13,8호선,수진,2325,2083,4408,242,3,13,일
2022-03-13,8호선,신흥,1944,2116,4060,-172,3,13,일
2022-03-13,8호선,단대오거리,4134,4157,8291,-23,3,13,일
2022-03-13,8호선,남한산성입구(성남법원.검찰청),5068,4712,9780,356,3,13,일
2022-03-13,8호선,산성,2070,2097,4167,-27,3,13,일
2022-03-13,8호선,복정,3416,3270,6686,146,3,13,일
2022-03-13,8호선,장지,6934,7268,14202,-334,3,13,일
2022-03-13,8호선,문정,4626,4768,9394,-142,3,13,일
2022-03-13,8호선,가락시장,2391,2992,5383,-601,3,13,일
2022-03-13,8호선,송파,2685,2836,5521,-151,3,13,일
2022-03-13,8호선,석촌,3336,4015,7351,-679,3,13,일
2022-03-13,8호선,잠실(송파구청),7696,8798,16494,-1102,3,13,일
2022-03-13,8호선,몽촌토성(평화의문),2434,2389,4823,45,3,13,일
2022-03-13,8호선,강동구청,3487,3490,6977,-3,3,13,일
2022-03-13,8호선,천호(풍납토성),6752,7867,14619,-1115,3,13,일
2022-03-13,8호선,암사,6762,6309,13071,453,3,13,일
2022-03-13,7호선,온수(성공회대입구),3035,3054,6089,-19,3,13,일
2022-03-13,7호선,천왕,3890,3643,7533,247,3,13,일
2022-03-13,7호선,광명사거리,9597,9413,19010,184,3,13,일
2022-03-13,7호선,철산,7725,7578,15303,147,3,13,일
2022-03-13,7호선,가산디지털단지,8107,7558,15665,549,3,13,일
2022-03-13,7호선,남구로,5131,4877,10008,254,3,13,일
2022-03-13,7호선,대림(구로구청),4924,4622,9546,302,3,13,일
2022-03-13,7호선,신풍,4457,4305,8762,152,3,13,일
2022-03-13,7호선,보라매,3248,3247,6495,1,3,13,일
2022-03-13,7호선,신대방삼거리,6382,6359,12741,23,3,13,일
2022-03-13,7호선,장승배기,3380,3329,6709,51,3,13,일
2022-03-13,7호선,상도,4179,4271,8450,-92,3,13,일
2022-03-13,7호선,숭실대입구(살피재),4334,4719,9053,-385,3,13,일
2022-03-13,7호선,남성,4177,4192,8369,-15,3,13,일
2022-03-13,7호선,이수,6393,5953,12346,440,3,13,일
2022-03-13,7호선,내방,4098,4263,8361,-165,3,13,일
2022-03-13,7호선,고속터미널,9146,6267,15413,2879,3,13,일
2022-03-13,7호선,반포,2082,2112,4194,-30,3,13,일
2022-03-13,7호선,논현,4803,5112,9915,-309,3,13,일
2022-03-13,7호선,학동,5258,5677,10935,-419,3,13,일
2022-03-13,7호선,강남구청,4505,4731,9236,-226,3,13,일
2022-03-13,7호선,뚝섬유원지,3582,3375,6957,207,3,13,일
2022-03-13,7호선,건대입구,5711,5929,11640,-218,3,13,일
2022-03-13,7호선,어린이대공원(세종대),5458,5587,11045,-129,3,13,일
2022-03-13,7호선,군자(능동),5749,4605,10354,1144,3,13,일
2022-03-13,7호선,중곡,4043,3891,7934,152,3,13,일
2022-03-13,7호선,용마산(용마폭포공원),2404,2411,4815,-7,3,13,일
2022-03-13,7호선,사가정,6501,6569,13070,-68,3,13,일
2022-03-13,7호선,면목,6109,6055,12164,54,3,13,일
2022-03-13,7호선,상봉(시외버스터미널),6772,6387,13159,385,3,13,일
2022-03-13,7호선,중화,4186,4133,8319,53,3,13,일
2022-03-13,7호선,먹골,4424,4299,8723,125,3,13,일
2022-03-13,7호선,태릉입구,3616,3508,7124,108,3,13,일
2022-03-13,7호선,공릉(서울과학기술대),4852,5029,9881,-177,3,13,일
2022-03-13,7호선,하계,6974,6552,13526,422,3,13,일
2022-03-13,7호선,중계,5002,4609,9611,393,3,13,일
2022-03-13,7호선,노원,8504,8400,16904,104,3,13,일
2022-03-13,7호선,마들,4460,4248,8708,212,3,13,일
2022-03-13,7호선,수락산,5499,5271,10770,228,3,13,일
2022-03-13,7호선,도봉산,3336,4422,7758,-1086,3,13,일
2022-03-13,7호선,장암,734,426,1160,308,3,13,일
2022-03-13,6호선,봉화산(서울의료원),2846,2794,5640,52,3,13,일
2022-03-13,6호선,화랑대(서울여대입구),3733,3170,6903,563,3,13,일
2022-03-13,6호선,태릉입구,2362,2540,4902,-178,3,13,일
2022-03-13,6호선,석계,4854,5146,10000,-292,3,13,일
2022-03-13,6호선,돌곶이,3986,3751,7737,235,3,13,일
2022-03-13,6호선,상월곡(한국과학기술연구원),2487,2334,4821,153,3,13,일
2022-03-13,6호선,월곡(동덕여대),4227,4028,8255,199,3,13,일
2022-03-13,6호선,고려대(종암),3251,3306,6557,-55,3,13,일
2022-03-13,6호선,안암(고대병원앞),4347,4911,9258,-564,3,13,일
2022-03-13,6호선,보문,3062,2933,5995,129,3,13,일
2022-03-13,6호선,창신,1223,1129,2352,94,3,13,일
2022-03-13,6호선,동묘앞,3580,3718,7298,-138,3,13,일
2022-03-13,6호선,신당,2563,3130,5693,-567,3,13,일
2022-03-13,6호선,청구,1302,1304,2606,-2,3,13,일
2022-03-13,6호선,약수,1224,1221,2445,3,3,13,일
2022-03-13,6호선,버티고개,747,818,1565,-71,3,13,일
2022-03-13,6호선,한강진,4903,5523,10426,-620,3,13,일
2022-03-13,6호선,이태원,6904,6415,13319,489,3,13,일
2022-03-13,6호선,녹사평(용산구청),2671,2637,5308,34,3,13,일
2022-03-13,6호선,삼각지,2593,2193,4786,400,3,13,일
2022-03-13,6호선,효창공원앞,2475,2278,4753,197,3,13,일
2022-03-13,6호선,공덕,5076,4721,9797,355,3,13,일
2022-03-13,6호선,대흥(서강대앞),3145,3210,6355,-65,3,13,일
2022-03-13,6호선,광흥창(서강),3195,3020,6215,175,3,13,일
2022-03-13,6호선,상수,4790,5630,10420,-840,3,13,일
2022-03-13,6호선,합정,6940,6226,13166,714,3,13,일
2022-03-13,6호선,망원,7321,7852,15173,-531,3,13,일
2022-03-13,6호선,마포구청,5225,4856,10081,369,3,13,일
2022-03-13,6호선,월드컵경기장(성산),1992,1888,3880,104,3,13,일
2022-03-13,6호선,디지털미디어시티,3691,3976,7667,-285,3,13,일
2022-03-13,6호선,증산(명지대앞),4078,4148,8226,-70,3,13,일
2022-03-13,6호선,새절(신사),4719,4551,9270,168,3,13,일
2022-03-13,6호선,구산,2889,2145,5034,744,3,13,일
2022-03-13,6호선,연신내,1,0,1,1,3,13,일
2022-03-13,6호선,독바위,1052,1212,2264,-160,3,13,일
2022-03-13,6호선,불광,2117,1836,3953,281,3,13,일
2022-03-13,6호선,역촌,1634,1874,3508,-240,3,13,일
2022-03-13,6호선,응암,6922,7022,13944,-100,3,13,일
2022-03-13,5호선,하남검단산,2851,2908,5759,-57,3,13,일
2022-03-13,5호선,하남시청(덕풍·신장),2776,2804,5580,-28,3,13,일
2022-03-13,5호선,하남풍산,1526,1570,3096,-44,3,13,일
2022-03-13,5호선,미사,6413,6337,12750,76,3,13,일
2022-03-13,5호선,강일,1461,1453,2914,8,3,13,일
2022-03-13,5호선,마천,2578,2691,5269,-113,3,13,일
2022-03-13,5호선,거여,3668,3548,7216,120,3,13,일
2022-03-13,5호선,개롱,2163,2408,4571,-245,3,13,일
2022-03-13,5호선,오금,1106,1053,2159,53,3,13,일
2022-03-13,5호선,방이,3037,2832,5869,205,3,13,일
2022-03-13,5호선,올림픽공원(한국체대),1518,1443,2961,75,3,13,일
2022-03-13,5호선,둔촌동,3449,3425,6874,24,3,13,일
2022-03-13,5호선,상일동,4759,4551,9310,208,3,13,일
2022-03-13,5호선,고덕,3098,3058,6156,40,3,13,일
2022-03-13,5호선,명일,3354,3402,6756,-48,3,13,일
2022-03-13,5호선,굽은다리(강동구민회관앞),3928,3688,7616,240,3,13,일
2022-03-13,5호선,길동,3259,3320,6579,-61,3,13,일
2022-03-13,5호선,강동,6887,6925,13812,-38,3,13,일
2022-03-13,5호선,천호(풍납토성),9738,8979,18717,759,3,13,일
2022-03-13,5호선,광나루(장신대),5898,5653,11551,245,3,13,일
2022-03-13,5호선,아차산(어린이대공원후문),6914,6800,13714,114,3,13,일
2022-03-13,5호선,군자(능동),4540,5089,9629,-549,3,13,일
2022-03-13,5호선,장한평,6060,5896,11956,164,3,13,일
2022-03-13,5호선,답십리,5540,5261,10801,279,3,13,일
2022-03-13,5호선,마장,2195,2109,4304,86,3,13,일
2022-03-13,5호선,왕십리(성동구청),1836,2224,4060,-388,3,13,일
2022-03-13,5호선,행당,3007,2771,5778,236,3,13,일
2022-03-13,5호선,신금호,2193,2291,4484,-98,3,13,일
2022-03-13,5호선,동대문역사문화공원(DDP),596,695,1291,-99,3,13,일
2022-03-13,5호선,을지로4가,1151,1175,2326,-24,3,13,일
2022-03-13,5호선,종로3가,6067,5458,11525,609,3,13,일
2022-03-13,5호선,광화문(세종문화회관),8077,8164,16241,-87,3,13,일
2022-03-13,5호선,서대문,3941,3819,7760,122,3,13,일
2022-03-13,5호선,충정로(경기대입구),1122,1080,2202,42,3,13,일
2022-03-13,5호선,애오개,1979,2058,4037,-79,3,13,일
2022-03-13,5호선,공덕,3506,3437,6943,69,3,13,일
2022-03-13,5호선,마포,3632,3550,7182,82,3,13,일
2022-03-13,5호선,여의나루,4746,5809,10555,-1063,3,13,일
2022-03-13,5호선,여의도,6372,6623,12995,-251,3,13,일
2022-03-13,5호선,신길,1479,1692,3171,-213,3,13,일
2022-03-13,5호선,영등포시장,4263,4476,8739,-213,3,13,일
2022-03-13,5호선,영등포구청,1001,1018,2019,-17,3,13,일
2022-03-13,5호선,양평,2032,2006,4038,26,3,13,일
2022-03-13,5호선,오목교(목동운동장앞),9099,9064,18163,35,3,13,일
2022-03-13,5호선,목동,5825,5901,11726,-76,3,13,일
2022-03-13,5호선,신정(은행정),4993,4366,9359,627,3,13,일
2022-03-13,5호선,까치산,12117,11918,24035,199,3,13,일
2022-03-13,5호선,화곡,10884,10458,21342,426,3,13,일
2022-03-13,5호선,우장산,5158,5221,10379,-63,3,13,일
2022-03-13,5호선,발산,7382,7582,14964,-200,3,13,일
2022-03-13,5호선,마곡,2783,3050,5833,-267,3,13,일
2022-03-13,5호선,송정,2752,2835,5587,-83,3,13,일
2022-03-13,5호선,김포공항,5493,5357,10850,136,3,13,일
2022-03-13,5호선,개화산,2161,2114,4275,47,3,13,일
2022-03-13,5호선,방화,2748,2671,5419,77,3,13,일
2022-03-13,4호선,남태령,672,543,1215,129,3,13,일
2022-03-13,4호선,사당,11102,10312,21414,790,3,13,일
2022-03-13,4호선,총신대입구(이수),7836,8511,16347,-675,3,13,일
2022-03-13,4호선,동작(현충원),998,1124,2122,-126,3,13,일
2022-03-13,4호선,이촌(국립중앙박물관),3271,3631,6902,-360,3,13,일
2022-03-13,4호선,신용산,6084,6153,12237,-69,3,13,일
2022-03-13,4호선,삼각지,2043,2525,4568,-482,3,13,일
2022-03-13,4호선,숙대입구(갈월),5617,5572,11189,45,3,13,일
2022-03-13,4호선,서울역,3159,7026,10185,-3867,3,13,일
2022-03-13,4호선,회현(남대문시장),6364,6804,13168,-440,3,13,일
2022-03-13,4호선,명동,7827,7526,15353,301,3,13,일
2022-03-13,4호선,충무로,6490,6804,13294,-314,3,13,일
2022-03-13,4호선,동대문역사문화공원(DDP),6860,6416,13276,444,3,13,일
2022-03-13,4호선,동대문,4699,5208,9907,-509,3,13,일
2022-03-13,4호선,혜화,16226,16964,33190,-738,3,13,일
2022-03-13,4호선,한성대입구(삼선교),5689,5829,11518,-140,3,13,일
2022-03-13,4호선,성신여대입구(돈암),10020,9548,19568,472,3,13,일
2022-03-13,4호선,길음,8113,7961,16074,152,3,13,일
2022-03-13,4호선,미아사거리,12222,11513,23735,709,3,13,일
2022-03-13,4호선,미아(서울사이버대학),6123,5852,11975,271,3,13,일
2022-03-13,4호선,수유(강북구청),15766,15360,31126,406,3,13,일
2022-03-13,4호선,쌍문,12342,11214,23556,1128,3,13,일
2022-03-13,4호선,창동,12992,13227,26219,-235,3,13,일
2022-03-13,4호선,노원,8942,9869,18811,-927,3,13,일
2022-03-13,4호선,상계,7736,7296,15032,440,3,13,일
2022-03-13,4호선,당고개,5558,5318,10876,240,3,13,일
2022-03-13,3호선,오금,1928,1922,3850,6,3,13,일
2022-03-13,3호선,경찰병원,2048,2103,4151,-55,3,13,일
2022-03-13,3호선,가락시장,2601,2926,5527,-325,3,13,일
2022-03-13,3호선,수서,8312,8067,16379,245,3,13,일
2022-03-13,3호선,일원,2651,2760,5411,-109,3,13,일
2022-03-13,3호선,대청,3261,3171,6432,90,3,13,일
2022-03-13,3호선,학여울,670,664,1334,6,3,13,일
2022-03-13,3호선,대치,5188,4438,9626,750,3,13,일
2022-03-13,3호선,도곡,1399,1431,2830,-32,3,13,일
2022-03-13,3호선,매봉,3136,3073,6209,63,3,13,일
2022-03-13,3호선,양재(서초구청),10167,11891,22058,-1724,3,13,일
2022-03-13,3호선,남부터미널(예술의전당),11086,12178,23264,-1092,3,13,일
2022-03-13,3호선,교대(법원.검찰청),3446,2236,5682,1210,3,13,일
2022-03-13,3호선,고속터미널,30023,29525,59548,498,3,13,일
2022-03-13,3호선,잠원,1617,1571,3188,46,3,13,일
2022-03-13,3호선,신사,11008,10902,21910,106,3,13,일
2022-03-13,3호선,압구정,10539,10971,21510,-432,3,13,일
2022-03-13,3호선,옥수,3513,3685,7198,-172,3,13,일
2022-03-13,3호선,금호,3071,3021,6092,50,3,13,일
2022-03-13,3호선,약수,4966,4836,9802,130,3,13,일
2022-03-13,3호선,동대입구,3520,3673,7193,-153,3,13,일
2022-03-13,3호선,을지로3가,2426,2134,4560,292,3,13,일
2022-03-13,3호선,종로3가,2870,3668,6538,-798,3,13,일
2022-03-13,3호선,안국,6938,7557,14495,-619,3,13,일
2022-03-13,3호선,경복궁(정부서울청사),7022,7230,14252,-208,3,13,일
2022-03-13,3호선,독립문,3148,3280,6428,-132,3,13,일
2022-03-13,3호선,무악재,1304,1340,2644,-36,3,13,일
2022-03-13,3호선,홍제,6923,6593,13516,330,3,13,일
2022-03-13,3호선,녹번,5621,5025,10646,596,3,13,일
2022-03-13,3호선,불광,6776,7560,14336,-784,3,13,일
2022-03-13,3호선,연신내,15638,15194,30832,444,3,13,일
2022-03-13,3호선,구파발,8093,7975,16068,118,3,13,일
2022-03-13,3호선,지축,1604,1557,3161,47,3,13,일
2022-03-13,2호선,용두(동대문구청),833,833,1666,0,3,13,일
2022-03-13,2호선,신정네거리,3852,3835,7687,17,3,13,일
2022-03-13,2호선,양천구청,2456,2501,4957,-45,3,13,일
2022-03-13,2호선,도림천,344,342,686,2,3,13,일
2022-03-13,2호선,신설동,1934,2130,4064,-196,3,13,일
2022-03-13,2호선,신답,579,603,1182,-24,3,13,일
2022-03-13,2호선,용답,1330,1308,2638,22,3,13,일
2022-03-13,2호선,충정로(경기대입구),2884,3209,6093,-325,3,13,일
2022-03-13,2호선,아현,4078,4052,8130,26,3,13,일
2022-03-13,2호선,이대,5631,6358,11989,-727,3,13,일
2022-03-13,2호선,신촌,17758,17048,34806,710,3,13,일
2022-03-13,2호선,홍대입구,36287,35864,72151,423,3,13,일
2022-03-13,2호선,합정,15869,16535,32404,-666,3,13,일
2022-03-13,2호선,당산,6481,6757,13238,-276,3,13,일
2022-03-13,2호선,영등포구청,6362,6620,12982,-258,3,13,일
2022-03-13,2호선,문래,5872,6142,12014,-270,3,13,일
2022-03-13,2호선,신도림,21606,22079,43685,-473,3,13,일
2022-03-13,2호선,대림(구로구청),11236,11351,22587,-115,3,13,일
2022-03-13,2호선,구로디지털단지,18327,17857,36184,470,3,13,일
2022-03-13,2호선,신대방,12011,11796,23807,215,3,13,일
2022-03-13,2호선,신림,30308,29724,60032,584,3,13,일
2022-03-13,2호선,봉천,9706,9391,19097,315,3,13,일
2022-03-13,2호선,서울대입구(관악구청),21325,22065,43390,-740,3,13,일
2022-03-13,2호선,낙성대(강감찬),12272,12868,25140,-596,3,13,일
2022-03-13,2호선,사당,15911,17879,33790,-1968,3,13,일
2022-03-13,2호선,방배,5372,5754,11126,-382,3,13,일
2022-03-13,2호선,서초,9062,8338,17400,724,3,13,일
2022-03-13,2호선,교대(법원.검찰청),8610,9344,17954,-734,3,13,일
2022-03-13,2호선,강남,27954,26977,54931,977,3,13,일
2022-03-13,2호선,역삼,9674,10423,20097,-749,3,13,일
2022-03-13,2호선,선릉,11581,9840,21421,1741,3,13,일
2022-03-13,2호선,삼성(무역센터),19168,18861,38029,307,3,13,일
2022-03-13,2호선,종합운동장,16391,17332,33723,-941,3,13,일
2022-03-13,2호선,잠실새내,9000,9094,18094,-94,3,13,일
2022-03-13,2호선,잠실(송파구청),38772,36676,75448,2096,3,13,일
2022-03-13,2호선,잠실나루,3820,3969,7789,-149,3,13,일
2022-03-13,2호선,강변(동서울터미널),15330,15765,31095,-435,3,13,일
2022-03-13,2호선,구의(광진구청),9162,9281,18443,-119,3,13,일
2022-03-13,2호선,건대입구,20349,21118,41467,-769,3,13,일
2022-03-13,2호선,성수,10013,10987,21000,-974,3,13,일
2022-03-13,2호선,뚝섬,6873,7218,14091,-345,3,13,일
2022-03-13,2호선,한양대,1835,2104,3939,-269,3,13,일
2022-03-13,2호선,왕십리(성동구청),7376,6598,13974,778,3,13,일
2022-03-13,2호선,상왕십리,5411,5251,10662,160,3,13,일
2022-03-13,중앙선,덕소,2291,2265,4556,26,3,13,일
2022-03-13,중앙선,양정,257,228,485,29,3,13,일
2022-03-13,중앙선,도농,3525,3448,6973,77,3,13,일
2022-03-13,중앙선,구리,5287,5467,10754,-180,3,13,일
2022-03-13,중앙선,양원,910,901,1811,9,3,13,일
2022-03-13,중앙선,망우,3556,3382,6938,174,3,13,일
2022-03-13,중앙선,상봉(시외버스터미널),2643,2620,5263,23,3,13,일
2022-03-13,중앙선,중랑,2495,2502,4997,-7,3,13,일
2022-03-13,중앙선,회기,12204,12430,24634,-226,3,13,일
2022-03-13,장항선,신창(순천향대),741,1728,2469,-987,3,13,일
2022-03-13,장항선,온양온천,2310,2388,4698,-78,3,13,일
2022-03-13,장항선,배방,576,760,1336,-184,3,13,일
2022-03-13,장항선,탕정,325,379,704,-54,3,13,일
2022-03-13,장항선,아산,2728,1780,4508,948,3,13,일
2022-03-13,장항선,쌍용(나사렛대),912,1055,1967,-143,3,13,일
2022-03-13,장항선,봉명,400,425,825,-25,3,13,일
2022-03-13,일산선,대화,5026,4678,9704,348,3,13,일
2022-03-13,일산선,주엽,3388,3269,6657,119,3,13,일
2022-03-13,일산선,정발산,3991,3989,7980,2,3,13,일
2022-03-13,일산선,마두,2587,2622,5209,-35,3,13,일
2022-03-13,일산선,백석,4159,4078,8237,81,3,13,일
2022-03-13,일산선,대곡,748,670,1418,78,3,13,일
2022-03-13,일산선,화정,7068,7161,14229,-93,3,13,일
2022-03-13,일산선,원당,4589,4487,9076,102,3,13,일
2022-03-13,일산선,삼송,8248,7986,16234,262,3,13,일
2022-03-13,일산선,원흥,3938,3946,7884,-8,3,13,일
2022-03-13,우이신설선,신설동,848,827,1675,21,3,13,일
2022-03-13,우이신설선,보문,705,732,1437,-27,3,13,일
2022-03-13,우이신설선,성신여대입구(돈암),1759,1991,3750,-232,3,13,일
2022-03-13,우이신설선,정릉,2044,1685,3729,359,3,13,일
2022-03-13,우이신설선,북한산보국문,2965,2784,5749,181,3,13,일
2022-03-13,우이신설선,솔샘,2173,1950,4123,223,3,13,일
2022-03-13,우이신설선,삼양사거리,1144,1117,2261,27,3,13,일
2022-03-13,안산선,안산,7170,6632,13802,538,3,13,일
2022-03-13,1호선,서울역,19062,17541,36603,1521,3,13,일
2022-03-13,1호선,시청,5256,5110,10366,146,3,13,일
2022-03-13,5호선,청구,1322,1225,2547,97,3,13,일
2022-03-13,분당선,복정,1,0,1,1,3,13,일
2022-03-13,1호선,종각,8788,8130,16918,658,3,13,일
2022-03-13,1호선,종로3가,9993,8862,18855,1131,3,13,일
2022-03-13,1호선,종로5가,6616,6774,13390,-158,3,13,일
2022-03-13,1호선,동대문,6217,6468,12685,-251,3,13,일
2022-03-13,1호선,신설동,5423,5286,10709,137,3,13,일
2022-03-13,1호선,제기동,6855,6971,13826,-116,3,13,일
2022-03-13,1호선,청량리(서울시립대입구),9384,9600,18984,-216,3,13,일
2022-03-13,1호선,동묘앞,6036,6379,12415,-343,3,13,일
2022-03-13,2호선,시청,4074,3288,7362,786,3,13,일
2022-03-13,2호선,을지로입구,11690,11060,22750,630,3,13,일
2022-03-13,2호선,을지로3가,6191,5653,11844,538,3,13,일
2022-03-13,우이신설선,삼양,869,868,1737,1,3,13,일
2022-03-13,우이신설선,화계,1656,1491,3147,165,3,13,일
2022-03-13,우이신설선,가오리,1716,1685,3401,31,3,13,일
2022-03-13,우이신설선,4.19민주묘지,1380,1259,2639,121,3,13,일
2022-03-13,우이신설선,솔밭공원,1051,1062,2113,-11,3,13,일
2022-03-13,우이신설선,북한산우이,1685,1694,3379,-9,3,13,일
2022-03-13,안산선,수리산,1538,1353,2891,185,3,13,일
2022-03-13,안산선,오이도,3963,3795,7758,168,3,13,일
2022-03-13,안산선,정왕,4119,4771,8890,-652,3,13,일
2022-03-13,안산선,신길온천,859,791,1650,68,3,13,일
2022-03-13,안산선,초지,1661,1589,3250,72,3,13,일
2022-03-13,안산선,고잔,3358,3158,6516,200,3,13,일
2022-03-13,안산선,중앙,8827,8790,17617,37,3,13,일
2022-03-13,안산선,한대앞,4074,4129,8203,-55,3,13,일
2022-03-13,안산선,상록수,6908,6897,13805,11,3,13,일
2022-03-13,안산선,반월,1830,1906,3736,-76,3,13,일
2022-03-13,안산선,대야미,1998,1971,3969,27,3,13,일
2022-03-13,안산선,산본,6563,6901,13464,-338,3,13,일
2022-03-13,수인선,인천,633,1018,1651,-385,3,13,일
2022-03-13,수인선,신포,885,812,1697,73,3,13,일
2022-03-13,수인선,숭의,1587,1495,3082,92,3,13,일
2022-03-14,분당선,매교,3022,2887,5909,135,3,14,월
2022-03-14,3호선,충무로,1,0,1,1,3,14,월
2022-03-14,3호선,동대입구,7982,8384,16366,-402,3,14,월
2022-03-14,3호선,약수,11148,11145,22293,3,3,14,월
2022-03-14,3호선,금호,6740,6509,13249,231,3,14,월
2022-03-14,3호선,옥수,7298,7699,14997,-401,3,14,월
2022-03-14,3호선,압구정,26892,28525,55417,-1633,3,14,월
2022-03-14,3호선,신사,26309,27323,53632,-1014,3,14,월
2022-03-14,3호선,잠원,4109,4041,8150,68,3,14,월
2022-03-14,3호선,고속터미널,31515,30225,61740,1290,3,14,월
2022-03-14,3호선,교대(법원.검찰청),12462,8178,20640,4284,3,14,월
2022-03-14,3호선,남부터미널(예술의전당),24114,24775,48889,-661,3,14,월
2022-03-14,3호선,양재(서초구청),33682,36559,70241,-2877,3,14,월
2022-03-14,3호선,매봉,10817,10408,21225,409,3,14,월
2022-03-14,3호선,도곡,4840,4868,9708,-28,3,14,월
2022-03-14,3호선,대치,9637,9988,19625,-351,3,14,월
2022-03-14,3호선,학여울,1508,1560,3068,-52,3,14,월
2022-03-14,3호선,대청,9210,8460,17670,750,3,14,월
2022-03-14,3호선,일원,9480,9153,18633,327,3,14,월
2022-03-14,3호선,수서,14588,15092,29680,-504,3,14,월
2022-03-14,3호선,가락시장,7817,7626,15443,191,3,14,월
2022-03-14,3호선,경찰병원,6777,6822,13599,-45,3,14,월
2022-03-14,3호선,오금,5468,4954,10422,514,3,14,월
2022-03-14,4호선,당고개,11529,10506,22035,1023,3,14,월
2022-03-14,4호선,상계,16827,15672,32499,1155,3,14,월
2022-03-14,4호선,노원,15783,17617,33400,-1834,3,14,월
2022-03-14,4호선,창동,22031,23486,45517,-1455,3,14,월
2022-03-14,4호선,쌍문,25946,24118,50064,1828,3,14,월
2022-03-14,4호선,수유(강북구청),29436,29687,59123,-251,3,14,월
2022-03-14,4호선,미아(서울사이버대학),13787,13375,27162,412,3,14,월
2022-03-14,4호선,미아사거리,23733,23230,46963,503,3,14,월
2022-03-14,4호선,길음,18255,18417,36672,-162,3,14,월
2022-03-14,4호선,성신여대입구(돈암),18023,17534,35557,489,3,14,월
2022-03-14,4호선,한성대입구(삼선교),12051,11847,23898,204,3,14,월
2022-03-14,4호선,혜화,26207,26178,52385,29,3,14,월
2022-03-14,4호선,동대문,16855,17159,34014,-304,3,14,월
2022-03-14,4호선,동대문역사문화공원(DDP),12439,11425,23864,1014,3,14,월
2022-03-14,4호선,충무로,25129,25621,50750,-492,3,14,월
2022-03-14,4호선,명동,15867,15997,31864,-130,3,14,월
2022-03-14,4호선,회현(남대문시장),19770,20413,40183,-643,3,14,월
2022-03-14,4호선,서울역,9224,12607,21831,-3383,3,14,월
2022-03-14,4호선,숙대입구(갈월),12373,11999,24372,374,3,14,월
2022-03-14,4호선,삼각지,4016,4287,8303,-271,3,14,월
2022-03-14,4호선,신용산,13356,14035,27391,-679,3,14,월
2022-03-14,4호선,이촌(국립중앙박물관),5731,6353,12084,-622,3,14,월
2022-03-14,4호선,동작(현충원),1017,1175,2192,-158,3,14,월
2022-03-14,4호선,총신대입구(이수),16015,17141,33156,-1126,3,14,월
2022-03-14,4호선,사당,20728,17163,37891,3565,3,14,월
2022-03-14,4호선,남태령,1008,867,1875,141,3,14,월
2022-03-14,5호선,방화,5793,5631,11424,162,3,14,월
2022-03-14,5호선,개화산,5068,4860,9928,208,3,14,월
2022-03-14,5호선,김포공항,5906,5534,11440,372,3,14,월
2022-03-14,5호선,송정,5654,5537,11191,117,3,14,월
2022-03-14,5호선,마곡,9876,9754,19630,122,3,14,월
2022-03-14,5호선,발산,18096,18414,36510,-318,3,14,월
2022-03-14,5호선,우장산,13004,12836,25840,168,3,14,월
2022-03-14,5호선,화곡,25363,23840,49203,1523,3,14,월
2022-03-14,5호선,까치산,25306,24454,49760,852,3,14,월
2022-03-14,5호선,신정(은행정),12453,10250,22703,2203,3,14,월
2022-03-14,5호선,목동,14511,15785,30296,-1274,3,14,월
2022-03-14,5호선,오목교(목동운동장앞),18332,19786,38118,-1454,3,14,월
2022-03-14,5호선,영등포구청,3482,3637,7119,-155,3,14,월
2022-03-14,5호선,영등포시장,8571,8794,17365,-223,3,14,월
2022-03-14,5호선,신길,3692,4066,7758,-374,3,14,월
2022-03-14,5호선,여의도,25271,25697,50968,-426,3,14,월
2022-03-14,5호선,여의나루,7190,8200,15390,-1010,3,14,월
2022-03-14,5호선,마포,12691,12998,25689,-307,3,14,월
2022-03-14,5호선,공덕,12163,12869,25032,-706,3,14,월
2022-03-14,5호선,애오개,5912,6008,11920,-96,3,14,월
2022-03-14,5호선,충정로(경기대입구),4239,4291,8530,-52,3,14,월
2022-03-14,5호선,서대문,17090,17053,34143,37,3,14,월
2022-03-14,5호선,광화문(세종문화회관),24568,25379,49947,-811,3,14,월
2022-03-14,5호선,종로3가,9360,9258,18618,102,3,14,월
2022-03-14,5호선,을지로4가,5287,5343,10630,-56,3,14,월
2022-03-14,5호선,동대문역사문화공원(DDP),2670,2985,5655,-315,3,14,월
2022-03-14,5호선,청구,3607,3282,6889,325,3,14,월
2022-03-14,5호선,신금호,5754,5983,11737,-229,3,14,월
2022-03-14,5호선,행당,7092,6512,13604,580,3,14,월
2022-03-14,5호선,왕십리(성동구청),3895,4391,8286,-496,3,14,월
2022-03-14,5호선,마장,5060,4738,9798,322,3,14,월
2022-03-14,5호선,답십리,14171,13136,27307,1035,3,14,월
2022-03-14,5호선,장한평,16204,16140,32344,64,3,14,월
2022-03-14,5호선,군자(능동),9770,10534,20304,-764,3,14,월
2022-03-14,5호선,아차산(어린이대공원후문),12508,12305,24813,203,3,14,월
2022-03-14,5호선,광나루(장신대),11424,10275,21699,1149,3,14,월
2022-03-14,5호선,천호(풍납토성),14943,15032,29975,-89,3,14,월
2022-03-14,5호선,강동,17001,16135,33136,866,3,14,월
2022-03-14,5호선,길동,7139,7521,14660,-382,3,14,월
2022-03-14,5호선,굽은다리(강동구민회관앞),8379,8054,16433,325,3,14,월
2022-03-14,5호선,명일,7513,7865,15378,-352,3,14,월
2022-03-14,5호선,고덕,8385,8452,16837,-67,3,14,월
2022-03-14,5호선,상일동,13325,12594,25919,731,3,14,월
2022-03-14,5호선,둔촌동,7573,7569,15142,4,3,14,월
2022-03-14,5호선,올림픽공원(한국체대),3775,3324,7099,451,3,14,월
2022-03-14,5호선,방이,6328,6612,12940,-284,3,14,월
2022-03-14,5호선,오금,3493,3437,6930,56,3,14,월
2022-03-14,5호선,개롱,5725,6006,11731,-281,3,14,월
2022-03-14,5호선,거여,9148,8814,17962,334,3,14,월
2022-03-14,5호선,마천,6250,6165,12415,85,3,14,월
2022-03-14,5호선,강일,3471,3363,6834,108,3,14,월
2022-03-14,5호선,미사,13433,13499,26932,-66,3,14,월
2022-03-14,5호선,하남풍산,3761,3838,7599,-77,3,14,월
2022-03-14,5호선,하남시청(덕풍·신장),5923,5826,11749,97,3,14,월
2022-03-14,5호선,하남검단산,4751,4456,9207,295,3,14,월
2022-03-14,6호선,응암,15326,15497,30823,-171,3,14,월
2022-03-14,6호선,역촌,3392,4026,7418,-634,3,14,월
2022-03-14,6호선,불광,3575,3536,7111,39,3,14,월
2022-03-14,6호선,독바위,2396,2483,4879,-87,3,14,월
2022-03-14,6호선,연신내,1,0,1,1,3,14,월
2022-03-14,6호선,구산,6806,5128,11934,1678,3,14,월
2022-03-14,6호선,새절(신사),11653,10959,22612,694,3,14,월
2022-03-14,6호선,증산(명지대앞),8814,8933,17747,-119,3,14,월
2022-03-14,6호선,디지털미디어시티,11980,13198,25178,-1218,3,14,월
2022-03-14,6호선,월드컵경기장(성산),3126,3344,6470,-218,3,14,월
2022-03-14,6호선,마포구청,12578,11521,24099,1057,3,14,월
2022-03-14,6호선,망원,11264,12028,23292,-764,3,14,월
2022-03-14,6호선,합정,10396,10202,20598,194,3,14,월
2022-03-14,6호선,상수,7030,7630,14660,-600,3,14,월
2022-03-14,6호선,광흥창(서강),8041,7844,15885,197,3,14,월
2022-03-14,6호선,대흥(서강대앞),7416,7614,15030,-198,3,14,월
2022-03-14,6호선,공덕,15771,15532,31303,239,3,14,월
2022-03-14,6호선,효창공원앞,6316,6074,12390,242,3,14,월
2022-03-14,6호선,삼각지,5032,4480,9512,552,3,14,월
2022-03-14,6호선,녹사평(용산구청),3691,3672,7363,19,3,14,월
2022-03-14,6호선,이태원,7273,7311,14584,-38,3,14,월
2022-03-14,6호선,한강진,5325,6199,11524,-874,3,14,월
2022-03-14,일산선,백석,8560,8583,17143,-23,3,14,월
2022-03-14,일산선,대곡,1830,1448,3278,382,3,14,월
2022-03-14,일산선,화정,14550,15010,29560,-460,3,14,월
2022-03-14,일산선,원당,9812,9269,19081,543,3,14,월
2022-03-14,5호선,양평,6782,6775,13557,7,3,14,월
2022-03-14,6호선,버티고개,1731,1800,3531,-69,3,14,월
2022-03-14,6호선,약수,3211,3000,6211,211,3,14,월
2022-03-14,6호선,청구,3276,3715,6991,-439,3,14,월
2022-03-14,6호선,동묘앞,6780,6911,13691,-131,3,14,월
2022-03-14,6호선,창신,3324,2761,6085,563,3,14,월
2022-03-14,6호선,보문,6402,5946,12348,456,3,14,월
2022-03-14,6호선,안암(고대병원앞),10766,10848,21614,-82,3,14,월
2022-03-14,6호선,고려대(종암),7146,7065,14211,81,3,14,월
2022-03-14,6호선,월곡(동덕여대),10074,10281,20355,-207,3,14,월
2022-03-14,6호선,상월곡(한국과학기술연구원),5555,4929,10484,626,3,14,월
2022-03-14,6호선,돌곶이,8357,8142,16499,215,3,14,월
2022-03-14,6호선,석계,11013,11920,22933,-907,3,14,월
2022-03-14,6호선,태릉입구,4894,5404,10298,-510,3,14,월
2022-03-14,6호선,화랑대(서울여대입구),11032,8775,19807,2257,3,14,월
2022-03-14,6호선,봉화산(서울의료원),7963,7493,15456,470,3,14,월
2022-03-14,7호선,장암,1933,639,2572,1294,3,14,월
2022-03-14,7호선,도봉산,8389,9182,17571,-793,3,14,월
2022-03-14,7호선,수락산,11070,10835,21905,235,3,14,월
2022-03-14,7호선,마들,11436,11087,22523,349,3,14,월
2022-03-14,7호선,노원,17179,17623,34802,-444,3,14,월
2022-03-14,7호선,중계,13341,12331,25672,1010,3,14,월
2022-03-14,7호선,하계,15754,14934,30688,820,3,14,월
2022-03-14,7호선,공릉(서울과학기술대),11220,11215,22435,5,3,14,월
2022-03-14,7호선,태릉입구,7554,7241,14795,313,3,14,월
2022-03-14,7호선,먹골,9005,8785,17790,220,3,14,월
2022-03-14,7호선,중화,9585,9578,19163,7,3,14,월
2022-03-14,7호선,상봉(시외버스터미널),14503,13644,28147,859,3,14,월
2022-03-14,7호선,면목,14780,14491,29271,289,3,14,월
2022-03-14,7호선,사가정,14149,14464,28613,-315,3,14,월
2022-03-14,7호선,용마산(용마폭포공원),5442,5301,10743,141,3,14,월
2022-03-14,7호선,중곡,9884,9373,19257,511,3,14,월
2022-03-14,7호선,군자(능동),13196,10766,23962,2430,3,14,월
2022-03-14,7호선,어린이대공원(세종대),12783,13098,25881,-315,3,14,월
2022-03-14,7호선,건대입구,11769,12192,23961,-423,3,14,월
2022-03-14,7호선,뚝섬유원지,6205,6146,12351,59,3,14,월
2022-03-14,7호선,청담,17080,18949,36029,-1869,3,14,월
2022-03-14,7호선,강남구청,14049,15420,29469,-1371,3,14,월
2022-03-14,7호선,학동,22303,23220,45523,-917,3,14,월
2022-03-14,7호선,논현,17883,19374,37257,-1491,3,14,월
2022-03-14,7호선,반포,5007,4900,9907,107,3,14,월
2022-03-14,7호선,고속터미널,13272,11270,24542,2002,3,14,월
2022-03-14,7호선,내방,13007,13256,26263,-249,3,14,월
2022-03-14,7호선,이수,13379,12951,26330,428,3,14,월
2022-03-14,7호선,남성,10070,9418,19488,652,3,14,월
2022-03-14,7호선,숭실대입구(살피재),13444,13752,27196,-308,3,14,월
2022-03-14,7호선,상도,10099,10012,20111,87,3,14,월
2022-03-14,7호선,장승배기,7988,8024,16012,-36,3,14,월
2022-03-14,7호선,신대방삼거리,15261,14690,29951,571,3,14,월
2022-03-14,7호선,보라매,9167,8986,18153,181,3,14,월
2022-03-14,7호선,신풍,10204,9993,20197,211,3,14,월
2022-03-14,7호선,대림(구로구청),7110,6929,14039,181,3,14,월
2022-03-14,7호선,남구로,14669,15492,30161,-823,3,14,월
2022-03-14,7호선,가산디지털단지,42023,41805,83828,218,3,14,월
2022-03-14,7호선,철산,18220,18633,36853,-413,3,14,월
2022-03-14,7호선,광명사거리,19340,18989,38329,351,3,14,월
2022-03-14,7호선,천왕,10269,9907,20176,362,3,14,월
2022-03-14,7호선,온수(성공회대입구),9622,8913,18535,709,3,14,월
2022-03-14,7호선,까치울,1,0,1,1,3,14,월
2022-03-14,8호선,암사,16870,14881,31751,1989,3,14,월
2022-03-14,8호선,천호(풍납토성),12637,14420,27057,-1783,3,14,월
2022-03-14,8호선,강동구청,9573,9941,19514,-368,3,14,월
2022-03-14,8호선,몽촌토성(평화의문),5238,5223,10461,15,3,14,월
2022-03-14,8호선,잠실(송파구청),11230,12942,24172,-1712,3,14,월
2022-03-14,8호선,석촌,6806,7621,14427,-815,3,14,월
2022-03-14,8호선,송파,6791,6968,13759,-177,3,14,월
2022-03-14,8호선,가락시장,6635,7211,13846,-576,3,14,월
2022-03-14,8호선,문정,20477,21315,41792,-838,3,14,월
2022-03-14,8호선,장지,14762,14672,29434,90,3,14,월
2022-03-14,8호선,복정,8380,7237,15617,1143,3,14,월
2022-03-14,8호선,산성,4683,4683,9366,0,3,14,월
2022-03-14,8호선,남한산성입구(성남법원.검찰청),13094,12344,25438,750,3,14,월
2022-03-14,8호선,단대오거리,10194,9753,19947,441,3,14,월
2022-03-14,8호선,신흥,3767,4020,7787,-253,3,14,월
2022-03-14,8호선,수진,4916,4756,9672,160,3,14,월
2022-03-14,8호선,모란,4786,3673,8459,1113,3,14,월
2022-03-14,8호선,남위례,3800,4078,7878,-278,3,14,월
2022-03-14,9호선,개화,2237,1641,3878,596,3,14,월
2022-03-14,9호선,김포공항,5846,8309,14155,-2463,3,14,월
2022-03-14,9호선,공항시장,2795,2960,5755,-165,3,14,월
2022-03-14,9호선,신방화,6207,6074,12281,133,3,14,월
2022-03-14,9호선,마곡나루(서울식물원),10350,10180,20530,170,3,14,월
2022-03-14,9호선,양천향교,9092,8728,17820,364,3,14,월
2022-03-14,9호선,가양,18099,17598,35697,501,3,14,월
2022-03-14,9호선,증미,6643,6548,13191,95,3,14,월
2022-03-14,9호선,등촌,10105,10002,20107,103,3,14,월
2022-03-14,9호선,염창,14979,14746,29725,233,3,14,월
2022-03-14,9호선,신목동,3570,3069,6639,501,3,14,월
2022-03-14,9호선,선유도,7952,7611,15563,341,3,14,월
2022-03-14,9호선,당산,15552,15818,31370,-266,3,14,월
2022-03-14,9호선,국회의사당,13569,13998,27567,-429,3,14,월
2022-03-14,9호선,여의도,23474,22601,46075,873,3,14,월
2022-03-14,9호선,샛강,5133,5464,10597,-331,3,14,월
2022-03-14,9호선,노량진,22097,21506,43603,591,3,14,월
2022-03-14,9호선,노들,3737,3202,6939,535,3,14,월
2022-03-14,9호선,흑석(중앙대입구),8055,8291,16346,-236,3,14,월
2022-03-14,9호선,동작(현충원),1660,1360,3020,300,3,14,월
2022-03-14,9호선,구반포,1223,1238,2461,-15,3,14,월
2022-03-14,9호선,신반포,2939,2906,5845,33,3,14,월
2022-03-14,9호선,고속터미널,9561,11949,21510,-2388,3,14,월
2022-03-14,9호선,사평,3068,3147,6215,-79,3,14,월
2022-03-14,9호선,신논현,25940,25565,51505,375,3,14,월
2022-03-14,9호선2~3단계,언주,9221,9569,18790,-348,3,14,월
2022-03-14,9호선2~3단계,선정릉,8458,9199,17657,-741,3,14,월
2022-03-14,9호선2~3단계,삼성중앙,5966,6388,12354,-422,3,14,월
2022-03-14,9호선2~3단계,봉은사,12976,12816,25792,160,3,14,월
2022-03-14,9호선2~3단계,종합운동장,3611,3629,7240,-18,3,14,월
2022-03-14,9호선2~3단계,삼전,6210,6167,12377,43,3,14,월
2022-03-14,9호선2~3단계,석촌고분,5355,5263,10618,92,3,14,월
2022-03-14,9호선2~3단계,석촌,7143,6374,13517,769,3,14,월
2022-03-14,9호선2~3단계,송파나루,4415,4624,9039,-209,3,14,월
2022-03-14,9호선2~3단계,한성백제,2193,2060,4253,133,3,14,월
2022-03-14,9호선2~3단계,올림픽공원(한국체대),4990,4877,9867,113,3,14,월
2022-03-14,9호선2~3단계,둔촌오륜,1222,1109,2331,113,3,14,월
2022-03-14,9호선2~3단계,중앙보훈병원,9800,8639,18439,1161,3,14,월
2022-03-14,경강선,판교,4163,4058,8221,105,3,14,월
2022-03-14,경강선,이매,1005,898,1903,107,3,14,월
2022-03-14,경강선,삼동,2090,1990,4080,100,3,14,월
2022-03-14,경강선,경기광주,6865,6645,13510,220,3,14,월
2022-03-14,경강선,초월,2785,2755,5540,30,3,14,월
2022-03-14,경강선,곤지암,1874,1871,3745,3,3,14,월
2022-03-14,경강선,신둔도예촌,1430,1310,2740,120,3,14,월
2022-03-14,경강선,이천,2158,2325,4483,-167,3,14,월
2022-03-14,경강선,부발,1767,1852,3619,-85,3,14,월
2022-03-14,경강선,세종대왕릉,237,231,468,6,3,14,월
2022-03-14,경강선,여주,2127,2090,4217,37,3,14,월
2022-03-14,경부선,서울역,4847,1699,6546,3148,3,14,월
2022-03-14,경부선,남영,8303,8879,17182,-576,3,14,월
2022-03-14,경부선,용산,26049,26752,52801,-703,3,14,월
2022-03-14,경부선,노량진,6510,6814,13324,-304,3,14,월
2022-03-14,경부선,대방,11438,11896,23334,-458,3,14,월
2022-03-14,경부선,영등포,29918,30942,60860,-1024,3,14,월
2022-03-14,경부선,신도림,3470,3402,6872,68,3,14,월
2022-03-14,경부선,신길,7872,6759,14631,1113,3,14,월
2022-03-14,경부선,구로,16495,16683,33178,-188,3,14,월
2022-03-14,경부선,가산디지털단지,16638,19177,35815,-2539,3,14,월
2022-03-14,경부선,금천구청,10438,10297,20735,141,3,14,월
2022-03-14,경부선,석수,8660,7900,16560,760,3,14,월
2022-03-14,경부선,관악,6168,5832,12000,336,3,14,월
2022-03-14,경부선,안양,21614,21427,43041,187,3,14,월
2022-03-14,경부선,명학,9481,9423,18904,58,3,14,월
2022-03-14,경부선,금정,23530,24029,47559,-499,3,14,월
2022-03-14,경부선,군포,7151,7175,14326,-24,3,14,월
2022-03-14,경부선,의왕,8159,8246,16405,-87,3,14,월
2022-03-14,경부선,성균관대,13466,13549,27015,-83,3,14,월
2022-03-14,경부선,화서,7053,6822,13875,231,3,14,월
2022-03-14,경부선,수원,29532,31019,60551,-1487,3,14,월
2022-03-14,경부선,독산,17075,17827,34902,-752,3,14,월
2022-03-14,경부선,세류,2650,2386,5036,264,3,14,월
2022-03-14,경부선,병점,13304,13229,26533,75,3,14,월
2022-03-14,경부선,세마,2530,2421,4951,109,3,14,월
2022-03-14,경부선,오산대,3649,3342,6991,307,3,14,월
2022-03-14,경부선,오산,8825,9119,17944,-294,3,14,월
2022-03-14,경부선,진위,1536,1391,2927,145,3,14,월
2022-03-14,경부선,송탄,3858,3704,7562,154,3,14,월
2022-03-14,경부선,서정리,6566,6393,12959,173,3,14,월
2022-03-14,경부선,평택지제,3271,3065,6336,206,3,14,월
2022-03-14,경부선,평택,11153,11201,22354,-48,3,14,월
2022-03-14,경부선,성환,4764,4946,9710,-182,3,14,월
2022-03-14,경부선,직산,775,706,1481,69,3,14,월
2022-03-14,경부선,두정,6796,7740,14536,-944,3,14,월
2022-03-14,경부선,천안,5843,5743,11586,100,3,14,월
2022-03-14,경부선,당정,5855,5493,11348,362,3,14,월
2022-03-14,경부선,서동탄,1243,1063,2306,180,3,14,월
2022-03-14,경부선,광명,2921,2384,5305,537,3,14,월
2022-03-14,경원선,이촌(국립중앙박물관),3035,2513,5548,522,3,14,월
2022-03-14,경원선,서빙고,1609,1446,3055,163,3,14,월
2022-03-14,경원선,한남,3542,3324,6866,218,3,14,월
2022-03-14,경원선,옥수,40,33,73,7,3,14,월
2022-03-14,경원선,응봉,1630,1347,2977,283,3,14,월
2022-03-14,경원선,왕십리(성동구청),12655,13294,25949,-639,3,14,월
2022-03-14,경원선,청량리(서울시립대입구),11736,12482,24218,-746,3,14,월
2022-03-14,경원선,외대앞,7680,7916,15596,-236,3,14,월
2022-03-14,경원선,신이문,7390,6878,14268,512,3,14,월
2022-03-14,경원선,석계,7318,8035,15353,-717,3,14,월
2022-03-14,경원선,광운대,8405,8375,16780,30,3,14,월
2022-03-14,경원선,월계,6876,6416,13292,460,3,14,월
2022-03-14,경원선,녹천,4176,3543,7719,633,3,14,월
2022-03-14,경원선,방학,8656,8444,17100,212,3,14,월
2022-03-14,경원선,도봉,5162,4989,10151,173,3,14,월
2022-03-14,경원선,도봉산,5637,3617,9254,2020,3,14,월
2022-03-14,경원선,망월사,6733,6891,13624,-158,3,14,월
2022-03-14,경원선,회룡,11106,10896,22002,210,3,14,월
2022-03-14,경원선,의정부,15559,15958,31517,-399,3,14,월
2022-03-14,경원선,가능,6048,5915,11963,133,3,14,월
2022-03-14,경원선,녹양,4151,3871,8022,280,3,14,월
2022-03-14,경원선,양주,7031,6724,13755,307,3,14,월
2022-03-14,경원선,덕계,2822,2526,5348,296,3,14,월
2022-03-14,경원선,덕정,5838,5678,11516,160,3,14,월
2022-03-14,경원선,지행,5784,5743,11527,41,3,14,월
2022-03-14,경원선,동두천중앙,2716,2627,5343,89,3,14,월
2022-03-14,경원선,보산,1358,1132,2490,226,3,14,월
2022-03-14,경원선,동두천,2299,2407,4706,-108,3,14,월
2022-03-14,경원선,소요산,1730,1414,3144,316,3,14,월
2022-03-14,경의선,서울역,3833,4746,8579,-913,3,14,월
2022-03-14,경의선,신촌,743,954,1697,-211,3,14,월
2022-03-14,경의선,효창공원앞,2769,3040,5809,-271,3,14,월
2022-03-14,경의선,공덕,2998,2601,5599,397,3,14,월
2022-03-14,경의선,서강대,1971,1928,3899,43,3,14,월
2022-03-14,경의선,홍대입구,1236,1403,2639,-167,3,14,월
2022-03-14,경의선,가좌,4699,4539,9238,160,3,14,월
2022-03-14,경의선,디지털미디어시티,2241,2041,4282,200,3,14,월
2022-03-14,경의선,수색,2542,2683,5225,-141,3,14,월
2022-03-14,경의선,화전,3290,3149,6439,141,3,14,월
2022-03-14,경의선,강매,2880,2479,5359,401,3,14,월
2022-03-14,경의선,행신,6828,7073,13901,-245,3,14,월
2022-03-14,경의선,능곡,3309,3050,6359,259,3,14,월
2022-03-14,경의선,곡산,511,511,1022,0,3,14,월
2022-03-14,경의선,백마,6290,6132,12422,158,3,14,월
2022-03-14,경의선,풍산,4753,4360,9113,393,3,14,월
2022-03-14,경의선,일산,8423,8276,16699,147,3,14,월
2022-03-14,경의선,탄현,6908,6608,13516,300,3,14,월
2022-03-14,경의선,야당,6413,6374,12787,39,3,14,월
2022-03-14,경의선,운정,6347,5845,12192,502,3,14,월
2022-03-14,경의선,금릉,4183,4077,8260,106,3,14,월
2022-03-14,경의선,금촌,5360,5490,10850,-130,3,14,월
2022-03-14,경의선,월롱,2554,2492,5046,62,3,14,월
2022-03-14,경의선,파주,1452,1056,2508,396,3,14,월
2022-03-14,경의선,문산,4490,4445,8935,45,3,14,월
2022-03-14,경의선,임진강,5,1,6,4,3,14,월
2022-03-14,경인선,개봉,18941,18962,37903,-21,3,14,월
2022-03-14,경인선,오류동,10692,10039,20731,653,3,14,월
2022-03-14,경인선,역곡,24764,24336,49100,428,3,14,월
2022-03-14,경인선,부천,27316,27041,54357,275,3,14,월
2022-03-14,경인선,송내,23848,23865,47713,-17,3,14,월
2022-03-14,경인선,부평,24282,25353,49635,-1071,3,14,월
2022-03-14,경인선,백운,6192,5998,12190,194,3,14,월
2022-03-14,경인선,동암,12494,12445,24939,49,3,14,월
2022-03-14,경인선,주안,16723,15391,32114,1332,3,14,월
2022-03-14,경인선,제물포,9478,9208,18686,270,3,14,월
2022-03-14,경인선,동인천,11363,10830,22193,533,3,14,월
2022-03-14,경인선,인천,2527,1798,4325,729,3,14,월
2022-03-14,경인선,구일,5467,5508,10975,-41,3,14,월
2022-03-14,경인선,소사,7798,7581,15379,217,3,14,월
2022-03-14,경인선,부개,7564,7090,14654,474,3,14,월
2022-03-14,경인선,간석,5116,4940,10056,176,3,14,월
2022-03-14,경인선,도원,2687,2705,5392,-18,3,14,월
2022-03-14,경인선,온수(성공회대입구),6032,5835,11867,197,3,14,월
2022-03-14,경인선,중동,8331,7883,16214,448,3,14,월
2022-03-14,경인선,도화,3644,3363,7007,281,3,14,월
2022-03-14,경춘선,신내,2031,1926,3957,105,3,14,월
2022-03-14,경춘선,갈매,2704,2353,5057,351,3,14,월
2022-03-14,경춘선,별내,2968,2744,5712,224,3,14,월
2022-03-14,경춘선,퇴계원,3212,2933,6145,279,3,14,월
2022-03-14,경춘선,사릉,3041,2966,6007,75,3,14,월
2022-03-14,경춘선,금곡,1307,1239,2546,68,3,14,월
2022-03-14,경춘선,평내호평,5462,5339,10801,123,3,14,월
2022-03-14,경춘선,천마산,1462,1328,2790,134,3,14,월
2022-03-14,경춘선,마석,3510,3427,6937,83,3,14,월
2022-03-14,경춘선,대성리,335,301,636,34,3,14,월
2022-03-14,경춘선,청평,1237,1159,2396,78,3,14,월
2022-03-14,경춘선,상천,189,173,362,16,3,14,월
2022-03-14,경춘선,가평,1215,1157,2372,58,3,14,월
2022-03-14,경춘선,굴봉산,72,70,142,2,3,14,월
2022-03-14,경춘선,백양리,49,46,95,3,3,14,월
2022-03-14,경춘선,강촌,253,254,507,-1,3,14,월
2022-03-14,경춘선,김유정,171,160,331,11,3,14,월
2022-03-14,경춘선,남춘천,2032,2262,4294,-230,3,14,월
2022-03-14,경춘선,춘천,1155,1262,2417,-107,3,14,월
2022-03-14,공항철도 1호선,서울역,6014,5925,11939,89,3,14,월
2022-03-14,공항철도 1호선,공덕,1940,2425,4365,-485,3,14,월
2022-03-14,공항철도 1호선,홍대입구,7119,7240,14359,-121,3,14,월
2022-03-14,공항철도 1호선,디지털미디어시티,12277,11288,23565,989,3,14,월
2022-03-14,공항철도 1호선,마곡나루(서울식물원),7575,7407,14982,168,3,14,월
2022-03-14,공항철도 1호선,김포공항,9828,5668,15496,4160,3,14,월
2022-03-14,공항철도 1호선,계양,9194,8542,17736,652,3,14,월
2022-03-14,공항철도 1호선,검암,5805,5588,11393,217,3,14,월
2022-03-14,공항철도 1호선,청라국제도시,5973,5602,11575,371,3,14,월
2022-03-14,공항철도 1호선,운서,5823,5754,11577,69,3,14,월
2022-03-14,공항철도 1호선,공항화물청사,2178,2293,4471,-115,3,14,월
2022-03-14,공항철도 1호선,인천공항1터미널,2973,3158,6131,-185,3,14,월
2022-03-14,공항철도 1호선,인천공항2터미널,2015,1869,3884,146,3,14,월
2022-03-14,공항철도 1호선,영종,2630,2602,5232,28,3,14,월
2022-03-14,과천선,선바위,7072,6269,13341,803,3,14,월
2022-03-14,과천선,경마공원,787,758,1545,29,3,14,월
2022-03-14,과천선,대공원,1163,1230,2393,-67,3,14,월
2022-03-14,과천선,과천,5465,5109,10574,356,3,14,월
2022-03-14,과천선,정부과천청사,9070,9102,18172,-32,3,14,월
2022-03-14,과천선,인덕원,21050,22243,43293,-1193,3,14,월
2022-03-14,과천선,평촌,16067,15812,31879,255,3,14,월
2022-03-14,과천선,범계,22589,22422,45011,167,3,14,월
2022-03-14,분당선,선릉,11711,17793,29504,-6082,3,14,월
2022-03-14,분당선,한티,12489,13430,25919,-941,3,14,월
2022-03-14,분당선,도곡,6213,6229,12442,-16,3,14,월
2022-03-14,분당선,구룡,2213,2113,4326,100,3,14,월
2022-03-14,분당선,개포동,3452,3539,6991,-87,3,14,월
2022-03-14,분당선,대모산입구,4048,3805,7853,243,3,14,월
2022-03-14,분당선,수서,11894,11978,23872,-84,3,14,월
2022-03-14,분당선,수원,7169,5976,13145,1193,3,14,월
2022-03-14,분당선,서울숲,8152,8142,16294,10,3,14,월
2022-03-14,분당선,압구정로데오,14355,15564,29919,-1209,3,14,월
2022-03-14,분당선,강남구청,8797,10060,18857,-1263,3,14,월
2022-03-14,분당선,선정릉,7319,7789,15108,-470,3,14,월
2022-03-14,분당선,가천대,6790,7815,14605,-1025,3,14,월
2022-03-14,분당선,태평,11980,11614,23594,366,3,14,월
2022-03-14,분당선,모란,20502,21183,41685,-681,3,14,월
2022-03-14,분당선,야탑,23022,23884,46906,-862,3,14,월
2022-03-14,분당선,서현,20984,21230,42214,-246,3,14,월
2022-03-14,분당선,수내,11583,11604,23187,-21,3,14,월
2022-03-14,분당선,정자,14740,15606,30346,-866,3,14,월
2022-03-14,분당선,미금,13491,14457,27948,-966,3,14,월
2022-03-14,분당선,오리,10383,8586,18969,1797,3,14,월
2022-03-14,분당선,이매,5098,4739,9837,359,3,14,월
2022-03-14,분당선,보정,2218,1927,4145,291,3,14,월
2022-03-14,분당선,죽전,12052,13345,25397,-1293,3,14,월
2022-03-14,분당선,구성,4504,4678,9182,-174,3,14,월
2022-03-14,분당선,신갈,4022,3961,7983,61,3,14,월
2022-03-14,분당선,기흥,8728,8356,17084,372,3,14,월
2022-03-14,분당선,상갈,4763,4672,9435,91,3,14,월
2022-03-14,분당선,청명,3886,3801,7687,85,3,14,월
2022-03-14,분당선,영통,7128,7362,14490,-234,3,14,월
2022-03-14,분당선,망포,12876,12431,25307,445,3,14,월
2022-03-14,분당선,매탄권선,4504,4382,8886,122,3,14,월
2022-03-14,분당선,수원시청,11007,11644,22651,-637,3,14,월
2022-03-14,3호선,을지로3가,9114,9055,18169,59,3,14,월
2022-03-14,수인선,고색,4605,4389,8994,216,3,14,월
2022-03-14,수인선,오목천,3089,2932,6021,157,3,14,월
2022-03-14,수인선,어천,606,651,1257,-45,3,14,월
2022-03-14,수인선,야목,322,229,551,93,3,14,월
2022-03-14,수인선,사리,4244,3747,7991,497,3,14,월
2022-03-14,수인선,달월,95,40,135,55,3,14,월
2022-03-14,수인선,월곶,2334,2196,4530,138,3,14,월
2022-03-14,수인선,소래포구,3871,3571,7442,300,3,14,월
2022-03-14,수인선,인천논현,4864,5163,10027,-299,3,14,월
2022-03-14,수인선,호구포,3690,3905,7595,-215,3,14,월
2022-03-14,수인선,남동인더스파크,2063,2355,4418,-292,3,14,월
2022-03-14,수인선,원인재,3898,4065,7963,-167,3,14,월
2022-03-14,수인선,연수,3984,3891,7875,93,3,14,월
2022-03-14,수인선,송도,2194,1952,4146,242,3,14,월
2022-03-14,수인선,인하대,6184,5860,12044,324,3,14,월
2022-03-14,수인선,숭의,3524,3328,6852,196,3,14,월
2022-03-14,수인선,신포,1559,1551,3110,8,3,14,월
2022-03-14,수인선,인천,845,1301,2146,-456,3,14,월
2022-03-14,안산선,산본,13726,14927,28653,-1201,3,14,월
2022-03-14,안산선,대야미,4325,4046,8371,279,3,14,월
2022-03-14,안산선,반월,3829,3774,7603,55,3,14,월
2022-03-14,안산선,상록수,14685,14893,29578,-208,3,14,월
2022-03-14,안산선,한대앞,9348,9420,18768,-72,3,14,월
2022-03-14,안산선,중앙,15830,16193,32023,-363,3,14,월
2022-03-14,안산선,고잔,8056,7390,15446,666,3,14,월
2022-03-14,안산선,초지,4656,5042,9698,-386,3,14,월
2022-03-14,안산선,안산,10772,9687,20459,1085,3,14,월
2022-03-14,안산선,신길온천,1497,1325,2822,172,3,14,월
2022-03-14,안산선,정왕,9262,9864,19126,-602,3,14,월
2022-03-14,안산선,오이도,7342,7011,14353,331,3,14,월
2022-03-14,안산선,수리산,3859,3116,6975,743,3,14,월
2022-03-14,우이신설선,북한산우이,2088,1811,3899,277,3,14,월
2022-03-14,우이신설선,솔밭공원,2080,2038,4118,42,3,14,월
2022-03-14,우이신설선,4.19민주묘지,3006,3011,6017,-5,3,14,월
2022-03-14,우이신설선,가오리,3618,3619,7237,-1,3,14,월
2022-03-14,우이신설선,화계,2827,2753,5580,74,3,14,월
2022-03-14,우이신설선,삼양,1681,1850,3531,-169,3,14,월
2022-03-14,우이신설선,삼양사거리,2131,2129,4260,2,3,14,월
2022-03-14,우이신설선,솔샘,5166,4996,10162,170,3,14,월
2022-03-14,우이신설선,북한산보국문,5219,5113,10332,106,3,14,월
2022-03-14,우이신설선,정릉,4020,3794,7814,226,3,14,월
2022-03-14,우이신설선,성신여대입구(돈암),2892,3137,6029,-245,3,14,월
2022-03-14,우이신설선,보문,1320,1359,2679,-39,3,14,월
2022-03-14,우이신설선,신설동,1923,1831,3754,92,3,14,월
2022-03-14,일산선,원흥,9231,8823,18054,408,3,14,월
2022-03-14,일산선,삼송,17076,16657,33733,419,3,14,월
2022-03-14,6호선,신당,7181,7637,14818,-456,3,14,월
2022-03-14,일산선,마두,6441,6622,13063,-181,3,14,월
2022-03-14,일산선,정발산,5801,5825,11626,-24,3,14,월
2022-03-14,일산선,주엽,7961,7795,15756,166,3,14,월
2022-03-14,일산선,대화,11466,8998,20464,2468,3,14,월
2022-03-14,장항선,봉명,1218,1170,2388,48,3,14,월
2022-03-14,장항선,쌍용(나사렛대),2564,2661,5225,-97,3,14,월
2022-03-14,장항선,아산,3653,2966,6619,687,3,14,월
2022-03-14,장항선,탕정,679,612,1291,67,3,14,월
2022-03-14,장항선,배방,1040,1078,2118,-38,3,14,월
2022-03-14,장항선,온양온천,3751,3770,7521,-19,3,14,월
2022-03-14,장항선,신창(순천향대),2654,3062,5716,-408,3,14,월
2022-03-14,중앙선,회기,20961,20870,41831,91,3,14,월
2022-03-14,중앙선,중랑,4934,4775,9709,159,3,14,월
2022-03-14,중앙선,상봉(시외버스터미널),4804,4863,9667,-59,3,14,월
2022-03-14,중앙선,망우,6673,6616,13289,57,3,14,월
2022-03-14,중앙선,양원,2439,2429,4868,10,3,14,월
2022-03-14,중앙선,구리,11557,11811,23368,-254,3,14,월
2022-03-14,중앙선,도농,9379,8444,17823,935,3,14,월
2022-03-14,중앙선,양정,669,556,1225,113,3,14,월
2022-03-14,중앙선,덕소,4941,5012,9953,-71,3,14,월
2022-03-14,중앙선,도심,2129,1721,3850,408,3,14,월
2022-03-14,중앙선,팔당,616,619,1235,-3,3,14,월
2022-03-14,중앙선,운길산,492,441,933,51,3,14,월
2022-03-14,중앙선,양수,1436,1424,2860,12,3,14,월
2022-03-14,중앙선,신원,140,122,262,18,3,14,월
2022-03-14,중앙선,국수,597,577,1174,20,3,14,월
2022-03-14,중앙선,아신,418,425,843,-7,3,14,월
2022-03-14,중앙선,오빈,261,244,505,17,3,14,월
2022-03-14,중앙선,양평,2287,2257,4544,30,3,14,월
2022-03-14,중앙선,원덕,315,283,598,32,3,14,월
2022-03-14,중앙선,용문,1327,1304,2631,23,3,14,월
2022-03-14,중앙선,지평,64,67,131,-3,3,14,월
2022-03-14,7호선,상동,1,0,1,1,3,14,월
2022-03-14,일산선,지축,1,0,1,1,3,14,월
2022-03-14,1호선,서울역,34426,33042,67468,1384,3,14,월
2022-03-14,1호선,시청,18916,18773,37689,143,3,14,월
2022-03-14,1호선,종각,28726,28161,56887,565,3,14,월
2022-03-14,1호선,종로3가,19548,18284,37832,1264,3,14,월
2022-03-14,1호선,종로5가,18731,18528,37259,203,3,14,월
2022-03-14,1호선,동대문,9186,8709,17895,477,3,14,월
2022-03-14,1호선,신설동,12299,12054,24353,245,3,14,월
2022-03-14,1호선,제기동,13108,13205,26313,-97,3,14,월
2022-03-14,1호선,청량리(서울시립대입구),16120,15968,32088,152,3,14,월
2022-03-14,1호선,동묘앞,5339,5594,10933,-255,3,14,월
2022-03-14,2호선,시청,19795,19069,38864,726,3,14,월
2022-03-14,2호선,을지로입구,32197,32893,65090,-696,3,14,월
2022-03-14,2호선,을지로3가,18624,18315,36939,309,3,14,월
2022-03-14,2호선,을지로4가,11116,11104,22220,12,3,14,월
2022-03-14,2호선,동대문역사문화공원(DDP),9996,11238,21234,-1242,3,14,월
2022-03-14,2호선,신당,11677,12113,23790,-436,3,14,월
2022-03-14,2호선,상왕십리,12554,12362,24916,192,3,14,월
2022-03-14,2호선,왕십리(성동구청),13905,11257,25162,2648,3,14,월
2022-03-14,2호선,한양대,14303,15665,29968,-1362,3,14,월
2022-03-14,2호선,뚝섬,17912,19501,37413,-1589,3,14,월
2022-03-14,2호선,성수,32191,34769,66960,-2578,3,14,월
2022-03-14,2호선,건대입구,28876,30711,59587,-1835,3,14,월
2022-03-14,2호선,구의(광진구청),20947,20914,41861,33,3,14,월
2022-03-14,2호선,강변(동서울터미널),24926,23779,48705,1147,3,14,월
2022-03-14,2호선,잠실나루,12516,12215,24731,301,3,14,월
2022-03-14,2호선,잠실(송파구청),52060,52009,104069,51,3,14,월
2022-03-14,2호선,잠실새내,17930,17709,35639,221,3,14,월
2022-03-14,2호선,종합운동장,6297,6923,13220,-626,3,14,월
2022-03-14,2호선,삼성(무역센터),42488,42669,85157,-181,3,14,월
2022-03-14,2호선,선릉,50108,44582,94690,5526,3,14,월
2022-03-14,2호선,역삼,46546,51414,97960,-4868,3,14,월
2022-03-14,2호선,강남,70027,68675,138702,1352,3,14,월
2022-03-14,2호선,교대(법원.검찰청),29829,33419,63248,-3590,3,14,월
2022-03-14,2호선,서초,18887,18114,37001,773,3,14,월
2022-03-14,2호선,방배,17012,17507,34519,-495,3,14,월
2022-03-14,2호선,사당,29571,32700,62271,-3129,3,14,월
2022-03-14,2호선,낙성대(강감찬),23653,23685,47338,-32,3,14,월
2022-03-14,2호선,서울대입구(관악구청),42039,41279,83318,760,3,14,월
2022-03-14,2호선,봉천,20936,19794,40730,1142,3,14,월
2022-03-14,2호선,신림,54904,53723,108627,1181,3,14,월
2022-03-14,2호선,신대방,23071,22655,45726,416,3,14,월
2022-03-14,2호선,구로디지털단지,52032,52064,104096,-32,3,14,월
2022-03-14,2호선,대림(구로구청),20897,21340,42237,-443,3,14,월
2022-03-14,2호선,신도림,40039,39544,79583,495,3,14,월
2022-03-14,2호선,문래,18527,18863,37390,-336,3,14,월
2022-03-14,2호선,영등포구청,20481,20816,41297,-335,3,14,월
2022-03-14,2호선,당산,15864,18413,34277,-2549,3,14,월
2022-03-14,2호선,합정,24522,25145,49667,-623,3,14,월
2022-03-14,2호선,홍대입구,41040,42160,83200,-1120,3,14,월
2022-03-14,2호선,신촌,27683,28019,55702,-336,3,14,월
2022-03-14,2호선,이대,12058,12933,24991,-875,3,14,월
2022-03-14,2호선,아현,8961,8806,17767,155,3,14,월
2022-03-14,2호선,충정로(경기대입구),8752,9234,17986,-482,3,14,월
2022-03-14,2호선,용답,2941,3207,6148,-266,3,14,월
2022-03-14,2호선,신답,1452,1670,3122,-218,3,14,월
2022-03-14,2호선,신설동,3034,3046,6080,-12,3,14,월
2022-03-14,2호선,도림천,1306,1387,2693,-81,3,14,월
2022-03-14,2호선,양천구청,6070,6396,12466,-326,3,14,월
2022-03-14,2호선,신정네거리,8933,9283,18216,-350,3,14,월
2022-03-14,2호선,용두(동대문구청),2087,2134,4221,-47,3,14,월
2022-03-14,3호선,지축,4151,4020,8171,131,3,14,월
2022-03-14,3호선,구파발,17765,16989,34754,776,3,14,월
2022-03-14,3호선,연신내,31631,29874,61505,1757,3,14,월
2022-03-14,3호선,불광,13743,14570,28313,-827,3,14,월
2022-03-14,3호선,녹번,13820,12556,26376,1264,3,14,월
2022-03-14,3호선,홍제,15604,14992,30596,612,3,14,월
2022-03-14,3호선,무악재,3332,3530,6862,-198,3,14,월
2022-03-14,3호선,독립문,5831,6079,11910,-248,3,14,월
2022-03-14,3호선,경복궁(정부서울청사),16890,16452,33342,438,3,14,월
2022-03-14,3호선,안국,16314,16316,32630,-2,3,14,월
2022-03-14,3호선,종로3가,8924,9855,18779,-931,3,14,월
2022-03-15,1호선,서울역,34864,33272,68136,1592,3,15,화
2022-03-15,2호선,영등포구청,20507,21234,41741,-727,3,15,화
2022-03-15,2호선,당산,16806,19280,36086,-2474,3,15,화
2022-03-15,2호선,합정,26100,26918,53018,-818,3,15,화
2022-03-15,2호선,홍대입구,44582,45758,90340,-1176,3,15,화
2022-03-15,2호선,신촌,28839,28941,57780,-102,3,15,화
2022-03-15,2호선,이대,12272,13299,25571,-1027,3,15,화
2022-03-15,2호선,아현,9583,9287,18870,296,3,15,화
2022-03-15,2호선,충정로(경기대입구),8926,9334,18260,-408,3,15,화
2022-03-15,2호선,용답,3100,3286,6386,-186,3,15,화
2022-03-15,2호선,신답,1481,1672,3153,-191,3,15,화
2022-03-15,2호선,신설동,2821,2891,5712,-70,3,15,화
2022-03-15,2호선,도림천,1365,1416,2781,-51,3,15,화
2022-03-15,2호선,양천구청,6127,6494,12621,-367,3,15,화
2022-03-15,2호선,신정네거리,9336,9729,19065,-393,3,15,화
2022-03-15,2호선,용두(동대문구청),2278,2333,4611,-55,3,15,화
2022-03-15,3호선,지축,4434,4167,8601,267,3,15,화
2022-03-15,3호선,구파발,18706,17982,36688,724,3,15,화
2022-03-15,3호선,연신내,33375,31884,65259,1491,3,15,화
2022-03-15,3호선,불광,14940,15781,30721,-841,3,15,화
2022-03-15,3호선,녹번,14315,13057,27372,1258,3,15,화
2022-03-15,3호선,홍제,15992,15588,31580,404,3,15,화
2022-03-15,3호선,무악재,3552,3530,7082,22,3,15,화
2022-03-15,3호선,독립문,6409,6638,13047,-229,3,15,화
2022-03-15,3호선,경복궁(정부서울청사),18197,17636,35833,561,3,15,화
2022-03-15,3호선,안국,17264,17701,34965,-437,3,15,화
2022-03-15,3호선,종로3가,9011,10305,19316,-1294,3,15,화
2022-03-15,3호선,을지로3가,9037,9220,18257,-183,3,15,화
2022-03-15,3호선,동대입구,7997,8669,16666,-672,3,15,화
2022-03-15,3호선,약수,11672,11345,23017,327,3,15,화
2022-03-15,3호선,금호,7060,6726,13786,334,3,15,화
2022-03-15,3호선,옥수,7791,8115,15906,-324,3,15,화
2022-03-15,3호선,압구정,28304,30001,58305,-1697,3,15,화
2022-03-15,3호선,신사,26726,27835,54561,-1109,3,15,화
2022-03-15,3호선,잠원,4336,4270,8606,66,3,15,화
2022-03-15,3호선,고속터미널,31037,29692,60729,1345,3,15,화
2022-03-15,3호선,교대(법원.검찰청),12828,8355,21183,4473,3,15,화
2022-03-15,3호선,남부터미널(예술의전당),24776,25471,50247,-695,3,15,화
2022-03-15,3호선,양재(서초구청),34533,37199,71732,-2666,3,15,화
2022-03-15,3호선,매봉,11048,10541,21589,507,3,15,화
2022-03-15,3호선,도곡,4791,4920,9711,-129,3,15,화
2022-03-15,3호선,대치,9965,10107,20072,-142,3,15,화
2022-03-15,3호선,학여울,1754,1711,3465,43,3,15,화
2022-03-15,3호선,대청,9367,8593,17960,774,3,15,화
2022-03-15,3호선,일원,9710,9432,19142,278,3,15,화
2022-03-15,3호선,수서,14428,14827,29255,-399,3,15,화
2022-03-15,3호선,가락시장,8122,8003,16125,119,3,15,화
2022-03-15,3호선,경찰병원,6642,6624,13266,18,3,15,화
2022-03-15,3호선,오금,5563,5128,10691,435,3,15,화
2022-03-15,4호선,당고개,11966,11097,23063,869,3,15,화
2022-03-15,4호선,상계,17474,16262,33736,1212,3,15,화
2022-03-15,4호선,노원,16475,18394,34869,-1919,3,15,화
2022-03-15,4호선,창동,23226,24380,47606,-1154,3,15,화
2022-03-15,4호선,쌍문,26547,24635,51182,1912,3,15,화
2022-03-15,4호선,수유(강북구청),30824,31070,61894,-246,3,15,화
2022-03-15,4호선,미아(서울사이버대학),14339,13995,28334,344,3,15,화
2022-03-15,4호선,미아사거리,24668,24113,48781,555,3,15,화
2022-03-15,4호선,길음,19141,19384,38525,-243,3,15,화
2022-03-15,4호선,성신여대입구(돈암),18892,18188,37080,704,3,15,화
2022-03-15,4호선,한성대입구(삼선교),12509,12237,24746,272,3,15,화
2022-03-15,4호선,혜화,28758,28599,57357,159,3,15,화
2022-03-15,4호선,동대문,17967,18412,36379,-445,3,15,화
2022-03-15,4호선,동대문역사문화공원(DDP),12897,11788,24685,1109,3,15,화
2022-03-15,4호선,충무로,25684,26119,51803,-435,3,15,화
2022-03-15,4호선,명동,16263,16751,33014,-488,3,15,화
2022-03-15,4호선,회현(남대문시장),21726,23086,44812,-1360,3,15,화
2022-03-15,4호선,서울역,9433,12555,21988,-3122,3,15,화
2022-03-15,4호선,숙대입구(갈월),12920,12577,25497,343,3,15,화
2022-03-15,4호선,삼각지,4204,4604,8808,-400,3,15,화
2022-03-15,4호선,신용산,13598,14403,28001,-805,3,15,화
2022-03-15,4호선,이촌(국립중앙박물관),6146,6807,12953,-661,3,15,화
2022-03-15,4호선,동작(현충원),1356,1642,2998,-286,3,15,화
2022-03-15,4호선,총신대입구(이수),17048,18412,35460,-1364,3,15,화
2022-03-15,4호선,사당,21649,17945,39594,3704,3,15,화
2022-03-15,4호선,남태령,1008,896,1904,112,3,15,화
2022-03-15,5호선,방화,6135,5825,11960,310,3,15,화
2022-03-15,5호선,개화산,5207,5016,10223,191,3,15,화
2022-03-15,5호선,김포공항,5752,5389,11141,363,3,15,화
2022-03-15,5호선,송정,6034,5647,11681,387,3,15,화
2022-03-15,5호선,마곡,9809,9745,19554,64,3,15,화
2022-03-15,5호선,발산,18593,18889,37482,-296,3,15,화
2022-03-15,5호선,우장산,13255,13252,26507,3,3,15,화
2022-03-15,5호선,화곡,26094,24788,50882,1306,3,15,화
2022-03-15,5호선,까치산,26476,25615,52091,861,3,15,화
2022-03-15,5호선,신정(은행정),12661,10323,22984,2338,3,15,화
2022-03-15,5호선,목동,15221,16374,31595,-1153,3,15,화
2022-03-15,5호선,오목교(목동운동장앞),18863,20175,39038,-1312,3,15,화
2022-03-15,5호선,양평,7056,6961,14017,95,3,15,화
2022-03-15,5호선,영등포구청,3668,3739,7407,-71,3,15,화
2022-03-15,5호선,영등포시장,8913,9248,18161,-335,3,15,화
2022-03-15,5호선,신길,3742,4006,7748,-264,3,15,화
2022-03-15,5호선,여의도,25144,26428,51572,-1284,3,15,화
2022-03-15,5호선,마포,13174,13329,26503,-155,3,15,화
2022-03-15,5호선,공덕,12451,13168,25619,-717,3,15,화
2022-03-15,5호선,애오개,6193,6214,12407,-21,3,15,화
2022-03-15,5호선,충정로(경기대입구),4385,4399,8784,-14,3,15,화
2022-03-15,5호선,서대문,17192,17477,34669,-285,3,15,화
2022-03-15,5호선,광화문(세종문화회관),24961,26078,51039,-1117,3,15,화
2022-03-15,5호선,종로3가,9987,10044,20031,-57,3,15,화
2022-03-15,5호선,을지로4가,5536,5567,11103,-31,3,15,화
2022-03-15,5호선,동대문역사문화공원(DDP),2620,2950,5570,-330,3,15,화
2022-03-15,5호선,청구,3747,3429,7176,318,3,15,화
2022-03-15,5호선,신금호,5974,6267,12241,-293,3,15,화
2022-03-15,5호선,행당,7351,6652,14003,699,3,15,화
2022-03-15,5호선,왕십리(성동구청),4045,4705,8750,-660,3,15,화
2022-03-15,5호선,마장,5309,5100,10409,209,3,15,화
2022-03-15,5호선,답십리,14546,13303,27849,1243,3,15,화
2022-03-15,5호선,장한평,16835,16769,33604,66,3,15,화
2022-03-15,5호선,군자(능동),10122,11178,21300,-1056,3,15,화
2022-03-15,5호선,아차산(어린이대공원후문),13674,13269,26943,405,3,15,화
2022-03-15,5호선,광나루(장신대),12029,10981,23010,1048,3,15,화
2022-03-15,5호선,천호(풍납토성),15735,15823,31558,-88,3,15,화
2022-03-15,5호선,강동,17199,16494,33693,705,3,15,화
2022-03-15,5호선,길동,7469,7766,15235,-297,3,15,화
2022-03-15,5호선,굽은다리(강동구민회관앞),8455,8076,16531,379,3,15,화
2022-03-15,5호선,명일,7884,8088,15972,-204,3,15,화
2022-03-15,5호선,고덕,8783,8706,17489,77,3,15,화
2022-03-15,5호선,상일동,13538,12894,26432,644,3,15,화
2022-03-15,5호선,둔촌동,7831,7839,15670,-8,3,15,화
2022-03-15,5호선,올림픽공원(한국체대),3970,3450,7420,520,3,15,화
2022-03-15,5호선,방이,6457,6652,13109,-195,3,15,화
2022-03-15,5호선,오금,3586,3543,7129,43,3,15,화
2022-03-15,5호선,개롱,5987,6195,12182,-208,3,15,화
2022-03-15,5호선,거여,9432,9079,18511,353,3,15,화
2022-03-15,5호선,마천,6732,6490,13222,242,3,15,화
2022-03-15,5호선,강일,3716,3514,7230,202,3,15,화
2022-03-15,5호선,미사,14349,14249,28598,100,3,15,화
2022-03-15,5호선,하남풍산,3893,3819,7712,74,3,15,화
2022-03-15,5호선,하남시청(덕풍·신장),5956,5937,11893,19,3,15,화
2022-03-15,5호선,하남검단산,4978,4807,9785,171,3,15,화
2022-03-15,6호선,응암,16218,16112,32330,106,3,15,화
2022-03-15,6호선,역촌,3513,4048,7561,-535,3,15,화
2022-03-15,6호선,불광,3727,3689,7416,38,3,15,화
2022-03-15,6호선,독바위,2467,2678,5145,-211,3,15,화
2022-03-15,6호선,구산,7224,5425,12649,1799,3,15,화
2022-03-15,6호선,새절(신사),12060,11339,23399,721,3,15,화
2022-03-15,6호선,증산(명지대앞),9194,9281,18475,-87,3,15,화
2022-03-15,6호선,디지털미디어시티,12374,13590,25964,-1216,3,15,화
2022-03-15,6호선,월드컵경기장(성산),3956,4193,8149,-237,3,15,화
2022-03-15,6호선,마포구청,13117,11869,24986,1248,3,15,화
2022-03-15,6호선,망원,12266,13059,25325,-793,3,15,화
2022-03-15,6호선,합정,11086,10797,21883,289,3,15,화
2022-03-15,6호선,상수,7395,8336,15731,-941,3,15,화
2022-03-15,6호선,광흥창(서강),8372,8171,16543,201,3,15,화
2022-03-15,6호선,대흥(서강대앞),7756,7930,15686,-174,3,15,화
2022-03-15,6호선,공덕,16528,15896,32424,632,3,15,화
2022-03-15,6호선,효창공원앞,6612,6231,12843,381,3,15,화
2022-03-15,6호선,삼각지,5500,4911,10411,589,3,15,화
2022-03-15,6호선,녹사평(용산구청),4057,4001,8058,56,3,15,화
2022-03-15,6호선,이태원,8007,8088,16095,-81,3,15,화
2022-03-15,6호선,한강진,6319,7415,13734,-1096,3,15,화
2022-03-15,6호선,버티고개,1836,1852,3688,-16,3,15,화
2022-03-15,6호선,약수,3139,3163,6302,-24,3,15,화
2022-03-15,6호선,청구,3426,3618,7044,-192,3,15,화
2022-03-15,6호선,신당,7224,7788,15012,-564,3,15,화
2022-03-15,6호선,동묘앞,7237,7260,14497,-23,3,15,화
2022-03-15,6호선,창신,3301,2808,6109,493,3,15,화
2022-03-15,6호선,보문,6642,6139,12781,503,3,15,화
2022-03-15,6호선,안암(고대병원앞),11447,11456,22903,-9,3,15,화
2022-03-15,6호선,고려대(종암),7365,7280,14645,85,3,15,화
2022-03-15,6호선,월곡(동덕여대),10621,10576,21197,45,3,15,화
2022-03-15,6호선,상월곡(한국과학기술연구원),5634,5103,10737,531,3,15,화
2022-03-15,6호선,돌곶이,8658,8089,16747,569,3,15,화
2022-03-15,6호선,석계,11523,12181,23704,-658,3,15,화
2022-03-15,6호선,태릉입구,5050,5651,10701,-601,3,15,화
2022-03-15,6호선,화랑대(서울여대입구),11317,8982,20299,2335,3,15,화
2022-03-15,6호선,봉화산(서울의료원),8122,7624,15746,498,3,15,화
2022-03-15,7호선,장암,2083,788,2871,1295,3,15,화
2022-03-15,7호선,도봉산,8834,10181,19015,-1347,3,15,화
2022-03-15,7호선,수락산,11343,11322,22665,21,3,15,화
2022-03-15,7호선,마들,11861,11445,23306,416,3,15,화
2022-03-15,7호선,노원,17391,18122,35513,-731,3,15,화
2022-03-15,7호선,중계,13654,12626,26280,1028,3,15,화
2022-03-15,7호선,하계,16491,15536,32027,955,3,15,화
2022-03-15,7호선,공릉(서울과학기술대),11806,11549,23355,257,3,15,화
2022-03-15,7호선,태릉입구,7885,7603,15488,282,3,15,화
2022-03-15,7호선,먹골,9278,9070,18348,208,3,15,화
2022-03-15,7호선,중화,9897,9950,19847,-53,3,15,화
2022-03-15,7호선,상봉(시외버스터미널),15292,14319,29611,973,3,15,화
2022-03-15,7호선,면목,15562,15194,30756,368,3,15,화
2022-03-15,7호선,사가정,14852,15010,29862,-158,3,15,화
2022-03-15,7호선,용마산(용마폭포공원),5657,5487,11144,170,3,15,화
2022-03-15,7호선,중곡,10187,9421,19608,766,3,15,화
2022-03-15,7호선,군자(능동),13623,10936,24559,2687,3,15,화
2022-03-15,7호선,어린이대공원(세종대),13404,13879,27283,-475,3,15,화
2022-03-15,7호선,건대입구,11628,12064,23692,-436,3,15,화
2022-03-15,7호선,뚝섬유원지,7705,7521,15226,184,3,15,화
2022-03-15,7호선,청담,17873,19965,37838,-2092,3,15,화
2022-03-15,7호선,강남구청,15005,16208,31213,-1203,3,15,화
2022-03-15,7호선,학동,22466,23811,46277,-1345,3,15,화
2022-03-15,7호선,논현,18802,20196,38998,-1394,3,15,화
2022-03-15,7호선,반포,5180,4961,10141,219,3,15,화
2022-03-15,7호선,고속터미널,12850,11232,24082,1618,3,15,화
2022-03-15,7호선,내방,13444,13641,27085,-197,3,15,화
2022-03-15,7호선,이수,14056,13676,27732,380,3,15,화
2022-03-15,7호선,남성,10258,9589,19847,669,3,15,화
2022-03-15,7호선,숭실대입구(살피재),13560,13852,27412,-292,3,15,화
2022-03-15,7호선,상도,10434,10261,20695,173,3,15,화
2022-03-15,7호선,장승배기,8327,8343,16670,-16,3,15,화
2022-03-15,7호선,신대방삼거리,15420,14783,30203,637,3,15,화
2022-03-15,7호선,보라매,9271,9250,18521,21,3,15,화
2022-03-15,7호선,신풍,10530,10058,20588,472,3,15,화
2022-03-15,7호선,대림(구로구청),6955,6917,13872,38,3,15,화
2022-03-15,7호선,남구로,14637,15404,30041,-767,3,15,화
2022-03-15,7호선,가산디지털단지,42021,42100,84121,-79,3,15,화
2022-03-15,7호선,철산,18771,19120,37891,-349,3,15,화
2022-03-15,7호선,광명사거리,20137,19866,40003,271,3,15,화
2022-03-15,7호선,천왕,10595,10153,20748,442,3,15,화
2022-03-15,7호선,온수(성공회대입구),9712,8979,18691,733,3,15,화
2022-03-15,7호선,굴포천,1,0,1,1,3,15,화
2022-03-15,8호선,암사,17072,15266,32338,1806,3,15,화
2022-03-15,8호선,천호(풍납토성),13090,15026,28116,-1936,3,15,화
2022-03-15,8호선,강동구청,9680,9895,19575,-215,3,15,화
2022-03-15,8호선,몽촌토성(평화의문),5417,5575,10992,-158,3,15,화
2022-03-15,8호선,잠실(송파구청),11369,13072,24441,-1703,3,15,화
2022-03-15,8호선,석촌,6912,7712,14624,-800,3,15,화
2022-03-15,8호선,송파,6979,7072,14051,-93,3,15,화
2022-03-15,8호선,가락시장,6942,7593,14535,-651,3,15,화
2022-03-15,8호선,문정,20470,21589,42059,-1119,3,15,화
2022-03-15,8호선,장지,15598,15119,30717,479,3,15,화
2022-03-15,8호선,복정,9086,7698,16784,1388,3,15,화
2022-03-15,8호선,산성,4904,4968,9872,-64,3,15,화
2022-03-15,8호선,남한산성입구(성남법원.검찰청),13459,12661,26120,798,3,15,화
2022-03-15,8호선,단대오거리,10266,9927,20193,339,3,15,화
2022-03-15,8호선,신흥,3691,3948,7639,-257,3,15,화
2022-03-15,8호선,수진,4908,4413,9321,495,3,15,화
2022-03-15,8호선,모란,3933,3119,7052,814,3,15,화
2022-03-15,8호선,남위례,4142,4368,8510,-226,3,15,화
2022-03-15,9호선,개화,2289,1696,3985,593,3,15,화
2022-03-15,9호선,김포공항,5522,8078,13600,-2556,3,15,화
2022-03-15,9호선,공항시장,2866,3111,5977,-245,3,15,화
2022-03-15,9호선,신방화,6308,6200,12508,108,3,15,화
2022-03-15,9호선,마곡나루(서울식물원),10919,10759,21678,160,3,15,화
2022-03-15,9호선,양천향교,9263,9368,18631,-105,3,15,화
2022-03-15,9호선,가양,18658,18154,36812,504,3,15,화
2022-03-15,9호선,증미,6751,6673,13424,78,3,15,화
2022-03-15,9호선,등촌,10449,10125,20574,324,3,15,화
2022-03-15,9호선,염창,15348,15149,30497,199,3,15,화
2022-03-15,9호선,신목동,3623,3262,6885,361,3,15,화
2022-03-15,9호선,선유도,7954,7590,15544,364,3,15,화
2022-03-15,9호선,당산,16227,16050,32277,177,3,15,화
2022-03-15,9호선,국회의사당,13544,14055,27599,-511,3,15,화
2022-03-15,9호선,여의도,23503,23026,46529,477,3,15,화
2022-03-15,9호선,샛강,5410,5377,10787,33,3,15,화
2022-03-15,9호선,노량진,22866,22106,44972,760,3,15,화
2022-03-15,9호선,노들,3934,3316,7250,618,3,15,화
2022-03-15,9호선,흑석(중앙대입구),8336,8429,16765,-93,3,15,화
2022-03-15,9호선,동작(현충원),1742,1441,3183,301,3,15,화
2022-03-15,9호선,구반포,1209,1270,2479,-61,3,15,화
2022-03-15,9호선,신반포,2952,2855,5807,97,3,15,화
2022-03-15,9호선,고속터미널,9781,12016,21797,-2235,3,15,화
2022-03-15,9호선,사평,3150,3049,6199,101,3,15,화
2022-03-15,9호선,신논현,26949,26727,53676,222,3,15,화
2022-03-15,9호선2~3단계,언주,9342,9717,19059,-375,3,15,화
2022-03-15,9호선2~3단계,선정릉,8746,9604,18350,-858,3,15,화
2022-03-15,9호선2~3단계,삼성중앙,6003,6443,12446,-440,3,15,화
2022-03-15,9호선2~3단계,봉은사,13475,13697,27172,-222,3,15,화
2022-03-15,9호선2~3단계,종합운동장,3570,3552,7122,18,3,15,화
2022-03-15,9호선2~3단계,삼전,6228,5956,12184,272,3,15,화
2022-03-15,9호선2~3단계,석촌고분,5524,5477,11001,47,3,15,화
2022-03-15,9호선2~3단계,석촌,7456,6577,14033,879,3,15,화
2022-03-15,9호선2~3단계,송파나루,4437,4711,9148,-274,3,15,화
2022-03-15,9호선2~3단계,한성백제,2218,2011,4229,207,3,15,화
2022-03-15,9호선2~3단계,올림픽공원(한국체대),5166,5175,10341,-9,3,15,화
2022-03-15,9호선2~3단계,둔촌오륜,1115,1027,2142,88,3,15,화
2022-03-15,9호선2~3단계,중앙보훈병원,9961,8830,18791,1131,3,15,화
2022-03-15,경강선,판교,4107,4100,8207,7,3,15,화
2022-03-15,경강선,이매,1050,906,1956,144,3,15,화
2022-03-15,경강선,삼동,2228,2038,4266,190,3,15,화
2022-03-15,경강선,경기광주,7125,6762,13887,363,3,15,화
2022-03-15,경강선,초월,2817,2745,5562,72,3,15,화
2022-03-15,경강선,곤지암,1978,1928,3906,50,3,15,화
2022-03-15,경강선,신둔도예촌,1396,1278,2674,118,3,15,화
2022-03-15,경강선,이천,2257,2368,4625,-111,3,15,화
2022-03-15,경강선,부발,1887,1830,3717,57,3,15,화
2022-03-15,경강선,세종대왕릉,290,294,584,-4,3,15,화
2022-03-15,경강선,여주,2209,2170,4379,39,3,15,화
2022-03-15,경부선,서울역,4185,1481,5666,2704,3,15,화
2022-03-15,경부선,남영,8732,9230,17962,-498,3,15,화
2022-03-15,경부선,용산,25567,25889,51456,-322,3,15,화
2022-03-15,경부선,노량진,6904,7062,13966,-158,3,15,화
2022-03-15,경부선,대방,11679,12041,23720,-362,3,15,화
2022-03-15,경부선,영등포,31308,31795,63103,-487,3,15,화
2022-03-15,경부선,신도림,3741,3666,7407,75,3,15,화
2022-03-15,경부선,신길,8119,6970,15089,1149,3,15,화
2022-03-15,경부선,구로,16731,17183,33914,-452,3,15,화
2022-03-15,경부선,가산디지털단지,16957,19518,36475,-2561,3,15,화
2022-03-15,경부선,금천구청,11010,10885,21895,125,3,15,화
2022-03-15,경부선,석수,9030,8239,17269,791,3,15,화
2022-03-15,경부선,관악,6665,6182,12847,483,3,15,화
2022-03-15,경부선,안양,21168,21091,42259,77,3,15,화
2022-03-15,경부선,명학,10172,10129,20301,43,3,15,화
2022-03-15,경부선,금정,24696,24990,49686,-294,3,15,화
2022-03-15,경부선,군포,7432,7413,14845,19,3,15,화
2022-03-15,경부선,의왕,8589,8582,17171,7,3,15,화
2022-03-15,경부선,성균관대,14054,14044,28098,10,3,15,화
2022-03-15,경부선,화서,7628,7259,14887,369,3,15,화
2022-03-15,경부선,수원,30539,32451,62990,-1912,3,15,화
2022-03-15,경부선,독산,17715,18312,36027,-597,3,15,화
2022-03-15,경부선,세류,2714,2406,5120,308,3,15,화
2022-03-15,경부선,병점,13503,13610,27113,-107,3,15,화
2022-03-15,경부선,세마,2594,2501,5095,93,3,15,화
2022-03-15,경부선,오산대,3799,3404,7203,395,3,15,화
2022-03-15,경부선,오산,9023,9056,18079,-33,3,15,화
2022-03-15,경부선,진위,1601,1405,3006,196,3,15,화
2022-03-15,경부선,송탄,4107,3879,7986,228,3,15,화
2022-03-15,경부선,서정리,6695,6337,13032,358,3,15,화
2022-03-15,경부선,평택지제,3145,3136,6281,9,3,15,화
2022-03-15,경부선,평택,11478,11447,22925,31,3,15,화
2022-03-15,경부선,성환,4633,4550,9183,83,3,15,화
2022-03-15,경부선,직산,774,764,1538,10,3,15,화
2022-03-15,경부선,두정,7107,7891,14998,-784,3,15,화
2022-03-15,경부선,천안,6198,5776,11974,422,3,15,화
2022-03-15,경부선,당정,6105,5799,11904,306,3,15,화
2022-03-15,경부선,서동탄,1295,1120,2415,175,3,15,화
2022-03-15,경부선,광명,2736,2397,5133,339,3,15,화
2022-03-15,경원선,이촌(국립중앙박물관),3216,2582,5798,634,3,15,화
2022-03-15,경원선,서빙고,1758,1683,3441,75,3,15,화
2022-03-15,경원선,한남,3643,3466,7109,177,3,15,화
2022-03-15,경원선,옥수,31,32,63,-1,3,15,화
2022-03-15,경원선,응봉,1795,1445,3240,350,3,15,화
2022-03-15,경원선,왕십리(성동구청),12992,13392,26384,-400,3,15,화
2022-03-15,경원선,청량리(서울시립대입구),12278,12931,25209,-653,3,15,화
2022-03-15,경원선,외대앞,7917,7972,15889,-55,3,15,화
2022-03-15,경원선,신이문,7707,7188,14895,519,3,15,화
2022-03-15,경원선,석계,7513,8378,15891,-865,3,15,화
2022-03-15,경원선,광운대,8478,8351,16829,127,3,15,화
2022-03-15,경원선,월계,7645,7104,14749,541,3,15,화
2022-03-15,경원선,녹천,4437,3752,8189,685,3,15,화
2022-03-15,5호선,여의나루,8657,9437,18094,-780,3,15,화
2022-03-15,경원선,방학,9158,9067,18225,91,3,15,화
2022-03-15,경원선,도봉,5540,5412,10952,128,3,15,화
2022-03-15,경원선,도봉산,7186,4719,11905,2467,3,15,화
2022-03-15,경원선,망월사,7079,7270,14349,-191,3,15,화
2022-03-15,경원선,회룡,11609,11535,23144,74,3,15,화
2022-03-15,경원선,의정부,16458,16872,33330,-414,3,15,화
2022-03-15,경원선,가능,6332,6046,12378,286,3,15,화
2022-03-15,경원선,녹양,4260,3985,8245,275,3,15,화
2022-03-15,경원선,양주,7409,6913,14322,496,3,15,화
2022-03-15,경원선,덕계,2977,2699,5676,278,3,15,화
2022-03-15,경원선,덕정,5993,5854,11847,139,3,15,화
2022-03-15,경원선,지행,6023,6215,12238,-192,3,15,화
2022-03-15,경원선,동두천중앙,3142,3024,6166,118,3,15,화
2022-03-15,경원선,보산,1510,1372,2882,138,3,15,화
2022-03-15,경원선,동두천,2603,2731,5334,-128,3,15,화
2022-03-15,경원선,소요산,2474,2129,4603,345,3,15,화
2022-03-15,경의선,서울역,3889,4986,8875,-1097,3,15,화
2022-03-15,경의선,신촌,833,1006,1839,-173,3,15,화
2022-03-15,경의선,효창공원앞,2751,3046,5797,-295,3,15,화
2022-03-15,경의선,공덕,3022,2742,5764,280,3,15,화
2022-03-15,경의선,서강대,1909,1944,3853,-35,3,15,화
2022-03-15,경의선,홍대입구,1434,1577,3011,-143,3,15,화
2022-03-15,경의선,가좌,4907,4739,9646,168,3,15,화
2022-03-15,경의선,디지털미디어시티,2296,2080,4376,216,3,15,화
2022-03-15,경의선,수색,2606,2759,5365,-153,3,15,화
2022-03-15,경의선,화전,3520,3377,6897,143,3,15,화
2022-03-15,경의선,강매,3032,2637,5669,395,3,15,화
2022-03-15,경의선,행신,7039,7216,14255,-177,3,15,화
2022-03-15,경의선,능곡,3505,3322,6827,183,3,15,화
2022-03-15,경의선,곡산,575,587,1162,-12,3,15,화
2022-03-15,경의선,백마,6542,6360,12902,182,3,15,화
2022-03-15,경의선,풍산,5112,4788,9900,324,3,15,화
2022-03-15,경의선,일산,8786,8729,17515,57,3,15,화
2022-03-15,경의선,탄현,7105,6920,14025,185,3,15,화
2022-03-15,경의선,야당,6813,6801,13614,12,3,15,화
2022-03-15,경의선,운정,6501,6120,12621,381,3,15,화
2022-03-15,경의선,금릉,4423,4312,8735,111,3,15,화
2022-03-15,경의선,금촌,5721,5742,11463,-21,3,15,화
2022-03-15,경의선,월롱,2720,2614,5334,106,3,15,화
2022-03-15,경의선,파주,1493,1102,2595,391,3,15,화
2022-03-15,경의선,문산,4450,4440,8890,10,3,15,화
2022-03-15,경의선,임진강,13,4,17,9,3,15,화
2022-03-15,경인선,개봉,19527,19390,38917,137,3,15,화
2022-03-15,일산선,백석,8968,8939,17907,29,3,15,화
2022-03-15,경인선,오류동,10973,10281,21254,692,3,15,화
2022-03-15,경인선,역곡,25795,25671,51466,124,3,15,화
2022-03-15,경인선,부천,28643,28795,57438,-152,3,15,화
2022-03-15,경인선,송내,24690,24585,49275,105,3,15,화
2022-03-15,경인선,부평,25157,26579,51736,-1422,3,15,화
2022-03-15,경인선,백운,6407,6352,12759,55,3,15,화
2022-03-15,경인선,동암,13202,13352,26554,-150,3,15,화
2022-03-15,경인선,주안,17147,15721,32868,1426,3,15,화
2022-03-15,경인선,제물포,10134,9600,19734,534,3,15,화
2022-03-15,경인선,동인천,12220,11507,23727,713,3,15,화
2022-03-15,경인선,인천,3033,2297,5330,736,3,15,화
2022-03-15,경인선,구일,5751,5704,11455,47,3,15,화
2022-03-15,경인선,소사,8152,7865,16017,287,3,15,화
2022-03-15,경인선,부개,7854,7463,15317,391,3,15,화
2022-03-15,경인선,간석,5383,5189,10572,194,3,15,화
2022-03-15,경인선,도원,2914,2849,5763,65,3,15,화
2022-03-15,경인선,온수(성공회대입구),6457,6073,12530,384,3,15,화
2022-03-15,경인선,중동,8657,8113,16770,544,3,15,화
2022-03-15,경인선,도화,3945,3615,7560,330,3,15,화
2022-03-15,경춘선,신내,2059,1979,4038,80,3,15,화
2022-03-15,경춘선,갈매,2836,2471,5307,365,3,15,화
2022-03-15,경춘선,별내,3095,3014,6109,81,3,15,화
2022-03-15,경춘선,퇴계원,3311,3193,6504,118,3,15,화
2022-03-15,경춘선,사릉,3177,3066,6243,111,3,15,화
2022-03-15,경춘선,금곡,1475,1426,2901,49,3,15,화
2022-03-15,경춘선,평내호평,5832,5828,11660,4,3,15,화
2022-03-15,경춘선,천마산,1655,1574,3229,81,3,15,화
2022-03-15,경춘선,마석,3741,3661,7402,80,3,15,화
2022-03-15,경춘선,대성리,396,356,752,40,3,15,화
2022-03-15,경춘선,청평,1361,1322,2683,39,3,15,화
2022-03-15,경춘선,상천,231,223,454,8,3,15,화
2022-03-15,경춘선,가평,1323,1318,2641,5,3,15,화
2022-03-15,경춘선,굴봉산,98,98,196,0,3,15,화
2022-03-15,경춘선,백양리,72,60,132,12,3,15,화
2022-03-15,경춘선,강촌,390,376,766,14,3,15,화
2022-03-15,경춘선,김유정,262,255,517,7,3,15,화
2022-03-15,경춘선,남춘천,2038,2125,4163,-87,3,15,화
2022-03-15,경춘선,춘천,1303,1243,2546,60,3,15,화
2022-03-15,공항철도 1호선,서울역,6051,5344,11395,707,3,15,화
2022-03-15,공항철도 1호선,공덕,2003,2540,4543,-537,3,15,화
2022-03-15,공항철도 1호선,홍대입구,7628,7742,15370,-114,3,15,화
2022-03-15,공항철도 1호선,디지털미디어시티,12333,11420,23753,913,3,15,화
2022-03-15,공항철도 1호선,마곡나루(서울식물원),8002,7784,15786,218,3,15,화
2022-03-15,공항철도 1호선,김포공항,9234,5319,14553,3915,3,15,화
2022-03-15,공항철도 1호선,계양,9288,9021,18309,267,3,15,화
2022-03-15,공항철도 1호선,검암,5829,5840,11669,-11,3,15,화
2022-03-15,공항철도 1호선,청라국제도시,6166,5810,11976,356,3,15,화
2022-03-15,공항철도 1호선,운서,6071,6193,12264,-122,3,15,화
2022-03-15,공항철도 1호선,공항화물청사,2267,2355,4622,-88,3,15,화
2022-03-15,공항철도 1호선,인천공항1터미널,3116,3563,6679,-447,3,15,화
2022-03-15,공항철도 1호선,인천공항2터미널,1959,1939,3898,20,3,15,화
2022-03-15,공항철도 1호선,영종,2697,2780,5477,-83,3,15,화
2022-03-15,과천선,선바위,7453,6616,14069,837,3,15,화
2022-03-15,과천선,경마공원,1332,1325,2657,7,3,15,화
2022-03-15,과천선,대공원,2327,2419,4746,-92,3,15,화
2022-03-15,과천선,과천,5698,5278,10976,420,3,15,화
2022-03-15,과천선,정부과천청사,9476,9497,18973,-21,3,15,화
2022-03-15,과천선,인덕원,21902,22736,44638,-834,3,15,화
2022-03-15,과천선,평촌,16564,16341,32905,223,3,15,화
2022-03-15,과천선,범계,23457,23151,46608,306,3,15,화
2022-03-15,분당선,선릉,12107,17967,30074,-5860,3,15,화
2022-03-15,분당선,한티,12736,13706,26442,-970,3,15,화
2022-03-15,분당선,도곡,6244,6193,12437,51,3,15,화
2022-03-15,분당선,구룡,2210,2129,4339,81,3,15,화
2022-03-15,분당선,개포동,3426,3545,6971,-119,3,15,화
2022-03-15,분당선,대모산입구,4169,3938,8107,231,3,15,화
2022-03-15,분당선,수서,11771,11843,23614,-72,3,15,화
2022-03-15,분당선,수원,7336,6096,13432,1240,3,15,화
2022-03-15,분당선,서울숲,8909,8933,17842,-24,3,15,화
2022-03-15,분당선,압구정로데오,16367,17746,34113,-1379,3,15,화
2022-03-15,분당선,강남구청,9005,10330,19335,-1325,3,15,화
2022-03-15,분당선,선정릉,7326,7839,15165,-513,3,15,화
2022-03-15,분당선,가천대,6980,8009,14989,-1029,3,15,화
2022-03-15,분당선,태평,12265,12083,24348,182,3,15,화
2022-03-15,분당선,모란,18432,18392,36824,40,3,15,화
2022-03-15,분당선,야탑,23325,24164,47489,-839,3,15,화
2022-03-15,분당선,서현,21310,21627,42937,-317,3,15,화
2022-03-15,분당선,수내,11968,11966,23934,2,3,15,화
2022-03-15,분당선,정자,15132,16073,31205,-941,3,15,화
2022-03-15,분당선,미금,14181,14974,29155,-793,3,15,화
2022-03-15,분당선,오리,10656,8742,19398,1914,3,15,화
2022-03-15,분당선,이매,5165,4866,10031,299,3,15,화
2022-03-15,분당선,보정,2387,2109,4496,278,3,15,화
2022-03-15,분당선,죽전,12932,14177,27109,-1245,3,15,화
2022-03-15,분당선,구성,4594,4883,9477,-289,3,15,화
2022-03-15,분당선,신갈,4131,4171,8302,-40,3,15,화
2022-03-15,분당선,기흥,8873,8352,17225,521,3,15,화
2022-03-15,분당선,상갈,4926,4861,9787,65,3,15,화
2022-03-15,분당선,청명,3945,3932,7877,13,3,15,화
2022-03-15,분당선,영통,7382,7577,14959,-195,3,15,화
2022-03-15,분당선,망포,13189,12538,25727,651,3,15,화
2022-03-15,분당선,매탄권선,4726,4545,9271,181,3,15,화
2022-03-15,분당선,수원시청,11416,12016,23432,-600,3,15,화
2022-03-15,분당선,매교,3074,3061,6135,13,3,15,화
2022-03-15,수인선,고색,4676,4340,9016,336,3,15,화
2022-03-15,수인선,오목천,3138,3029,6167,109,3,15,화
2022-03-15,수인선,어천,604,671,1275,-67,3,15,화
2022-03-15,수인선,야목,323,253,576,70,3,15,화
2022-03-15,수인선,사리,4417,3997,8414,420,3,15,화
2022-03-15,수인선,달월,97,59,156,38,3,15,화
2022-03-15,수인선,월곶,2515,2313,4828,202,3,15,화
2022-03-15,수인선,소래포구,4642,4261,8903,381,3,15,화
2022-03-15,수인선,인천논현,5166,5604,10770,-438,3,15,화
2022-03-15,수인선,호구포,3905,4080,7985,-175,3,15,화
2022-03-15,수인선,남동인더스파크,2228,2443,4671,-215,3,15,화
2022-03-15,수인선,원인재,4097,4331,8428,-234,3,15,화
2022-03-15,수인선,연수,4299,4186,8485,113,3,15,화
2022-03-15,수인선,송도,2450,2267,4717,183,3,15,화
2022-03-15,수인선,인하대,6566,6398,12964,168,3,15,화
2022-03-15,수인선,숭의,3878,3646,7524,232,3,15,화
2022-03-15,수인선,신포,1746,1706,3452,40,3,15,화
2022-03-15,수인선,인천,901,1555,2456,-654,3,15,화
2022-03-15,안산선,산본,14479,15669,30148,-1190,3,15,화
2022-03-15,안산선,대야미,4719,4297,9016,422,3,15,화
2022-03-15,안산선,반월,4062,3944,8006,118,3,15,화
2022-03-15,안산선,상록수,15448,15702,31150,-254,3,15,화
2022-03-15,안산선,한대앞,10086,10187,20273,-101,3,15,화
2022-03-15,안산선,중앙,16296,16877,33173,-581,3,15,화
2022-03-15,안산선,고잔,8208,7853,16061,355,3,15,화
2022-03-15,안산선,초지,4788,5185,9973,-397,3,15,화
2022-03-15,안산선,안산,10900,9730,20630,1170,3,15,화
2022-03-15,안산선,신길온천,1603,1490,3093,113,3,15,화
2022-03-15,안산선,정왕,9829,10094,19923,-265,3,15,화
2022-03-15,안산선,오이도,7670,7556,15226,114,3,15,화
2022-03-15,안산선,수리산,4011,3314,7325,697,3,15,화
2022-03-15,우이신설선,북한산우이,2465,2306,4771,159,3,15,화
2022-03-15,우이신설선,솔밭공원,2303,2191,4494,112,3,15,화
2022-03-15,우이신설선,4.19민주묘지,2977,2872,5849,105,3,15,화
2022-03-15,우이신설선,가오리,3820,3811,7631,9,3,15,화
2022-03-15,우이신설선,화계,3169,2974,6143,195,3,15,화
2022-03-15,우이신설선,삼양,1859,1979,3838,-120,3,15,화
2022-03-15,우이신설선,삼양사거리,2373,2354,4727,19,3,15,화
2022-03-15,우이신설선,솔샘,5337,5157,10494,180,3,15,화
2022-03-15,우이신설선,북한산보국문,5554,5284,10838,270,3,15,화
2022-03-15,우이신설선,정릉,4310,3938,8248,372,3,15,화
2022-03-15,우이신설선,성신여대입구(돈암),3082,3430,6512,-348,3,15,화
2022-03-15,우이신설선,보문,1409,1345,2754,64,3,15,화
2022-03-15,우이신설선,신설동,2124,2024,4148,100,3,15,화
2022-03-15,일산선,원흥,9733,9335,19068,398,3,15,화
2022-03-15,일산선,삼송,17735,17458,35193,277,3,15,화
2022-03-15,일산선,원당,10396,9896,20292,500,3,15,화
2022-03-15,일산선,화정,15650,16099,31749,-449,3,15,화
2022-03-15,일산선,대곡,1932,1490,3422,442,3,15,화
2022-03-15,일산선,마두,6744,6987,13731,-243,3,15,화
2022-03-15,일산선,정발산,6277,6270,12547,7,3,15,화
2022-03-15,일산선,주엽,8108,8369,16477,-261,3,15,화
2022-03-15,일산선,대화,11684,9216,20900,2468,3,15,화
2022-03-15,2호선,상왕십리,12750,12478,25228,272,3,15,화
2022-03-15,2호선,신당,12383,12729,25112,-346,3,15,화
2022-03-15,2호선,동대문역사문화공원(DDP),10481,11961,22442,-1480,3,15,화
2022-03-15,2호선,을지로4가,11579,11550,23129,29,3,15,화
2022-03-15,2호선,을지로3가,18904,18661,37565,243,3,15,화
2022-03-15,2호선,을지로입구,32850,33893,66743,-1043,3,15,화
2022-03-15,2호선,시청,20383,19641,40024,742,3,15,화
2022-03-15,1호선,동묘앞,7646,7923,15569,-277,3,15,화
2022-03-15,1호선,청량리(서울시립대입구),18638,18134,36772,504,3,15,화
2022-03-15,1호선,제기동,15904,16393,32297,-489,3,15,화
2022-03-15,1호선,신설동,12565,12161,24726,404,3,15,화
2022-03-15,1호선,동대문,9754,9202,18956,552,3,15,화
2022-03-15,1호선,종로5가,20652,20400,41052,252,3,15,화
2022-03-15,1호선,종로3가,22064,20370,42434,1694,3,15,화
2022-03-15,1호선,종각,29079,28525,57604,554,3,15,화
2022-03-15,1호선,시청,19279,19369,38648,-90,3,15,화
2022-03-15,중앙선,양평,2417,2473,4890,-56,3,15,화
2022-03-15,중앙선,오빈,296,294,590,2,3,15,화
2022-03-15,중앙선,아신,482,453,935,29,3,15,화
2022-03-15,중앙선,국수,671,669,1340,2,3,15,화
2022-03-15,중앙선,신원,225,204,429,21,3,15,화
2022-03-15,중앙선,양수,1666,1681,3347,-15,3,15,화
2022-03-15,중앙선,운길산,741,727,1468,14,3,15,화
2022-03-15,중앙선,팔당,816,821,1637,-5,3,15,화
2022-03-15,중앙선,도심,2247,1799,4046,448,3,15,화
2022-03-15,중앙선,덕소,5073,5230,10303,-157,3,15,화
2022-03-15,중앙선,양정,770,653,1423,117,3,15,화
2022-03-15,중앙선,도농,9661,8847,18508,814,3,15,화
2022-03-15,중앙선,구리,12221,12457,24678,-236,3,15,화
2022-03-15,중앙선,양원,2675,2568,5243,107,3,15,화
2022-03-15,중앙선,망우,7027,7011,14038,16,3,15,화
2022-03-15,중앙선,상봉(시외버스터미널),5267,5279,10546,-12,3,15,화
2022-03-15,중앙선,중랑,5163,4887,10050,276,3,15,화
2022-03-15,중앙선,회기,22574,22084,44658,490,3,15,화
2022-03-15,장항선,신창(순천향대),2659,2633,5292,26,3,15,화
2022-03-15,장항선,온양온천,3280,3343,6623,-63,3,15,화
2022-03-15,장항선,배방,1060,1021,2081,39,3,15,화
2022-03-15,장항선,탕정,728,678,1406,50,3,15,화
2022-03-15,장항선,아산,3384,2936,6320,448,3,15,화
2022-03-15,장항선,쌍용(나사렛대),2843,2631,5474,212,3,15,화
2022-03-15,2호선,왕십리(성동구청),14618,11885,26503,2733,3,15,화
2022-03-15,2호선,한양대,14941,16613,31554,-1672,3,15,화
2022-03-15,2호선,뚝섬,19328,20980,40308,-1652,3,15,화
2022-03-15,2호선,성수,33966,36623,70589,-2657,3,15,화
2022-03-15,2호선,건대입구,30812,32422,63234,-1610,3,15,화
2022-03-15,2호선,구의(광진구청),21670,21334,43004,336,3,15,화
2022-03-15,2호선,강변(동서울터미널),25173,23869,49042,1304,3,15,화
2022-03-15,2호선,잠실나루,13019,12618,25637,401,3,15,화
2022-03-15,2호선,잠실(송파구청),54671,54444,109115,227,3,15,화
2022-03-15,2호선,잠실새내,18253,18098,36351,155,3,15,화
2022-03-15,2호선,종합운동장,6624,7102,13726,-478,3,15,화
2022-03-15,2호선,삼성(무역센터),42081,42619,84700,-538,3,15,화
2022-03-15,2호선,선릉,51149,45519,96668,5630,3,15,화
2022-03-15,2호선,역삼,46267,51599,97866,-5332,3,15,화
2022-03-15,2호선,강남,72143,70514,142657,1629,3,15,화
2022-03-15,2호선,교대(법원.검찰청),30704,34699,65403,-3995,3,15,화
2022-03-15,2호선,서초,19370,18837,38207,533,3,15,화
2022-03-15,2호선,방배,17927,18650,36577,-723,3,15,화
2022-03-15,2호선,사당,31500,34645,66145,-3145,3,15,화
2022-03-15,2호선,낙성대(강감찬),24375,24499,48874,-124,3,15,화
2022-03-15,2호선,서울대입구(관악구청),43633,42551,86184,1082,3,15,화
2022-03-15,2호선,봉천,21599,20193,41792,1406,3,15,화
2022-03-15,2호선,신림,56546,55274,111820,1272,3,15,화
2022-03-15,2호선,신대방,23983,23509,47492,474,3,15,화
2022-03-15,2호선,구로디지털단지,53458,53276,106734,182,3,15,화
2022-03-15,2호선,대림(구로구청),21580,22191,43771,-611,3,15,화
2022-03-15,중앙선,지평,60,69,129,-9,3,15,화
2022-03-15,중앙선,용문,2820,2778,5598,42,3,15,화
2022-03-15,중앙선,원덕,330,330,660,0,3,15,화
2022-03-15,분당선,복정,1,0,1,1,3,15,화
2022-03-15,2호선,신도림,40894,40736,81630,158,3,15,화
2022-03-15,장항선,봉명,1193,1191,2384,2,3,15,화
2022-03-15,2호선,문래,19019,19283,38302,-264,3,15,화
2022-03-16,8호선,강동구청,9425,9887,19312,-462,3,16,수
2022-03-16,수인선,소래포구,4882,4526,9408,356,3,16,수
2022-03-16,수인선,인천논현,5228,5655,10883,-427,3,16,수
2022-03-16,수인선,호구포,3876,4042,7918,-166,3,16,수
2022-03-16,수인선,남동인더스파크,2156,2443,4599,-287,3,16,수
2022-03-16,수인선,원인재,4169,4427,8596,-258,3,16,수
2022-03-16,수인선,연수,4389,4311,8700,78,3,16,수
2022-03-16,수인선,송도,2416,2302,4718,114,3,16,수
2022-03-16,수인선,인하대,6575,6275,12850,300,3,16,수
2022-03-16,수인선,숭의,3865,3590,7455,275,3,16,수
2022-03-16,수인선,신포,1714,1726,3440,-12,3,16,수
2022-03-16,수인선,인천,887,1468,2355,-581,3,16,수
2022-03-16,2호선,아현,9605,9243,18848,362,3,16,수
2022-03-16,4호선,사당,21550,18042,39592,3508,3,16,수
2022-03-16,수인선,야목,372,283,655,89,3,16,수
2022-03-16,1호선,서울역,35130,33573,68703,1557,3,16,수
2022-03-16,1호선,시청,19287,19449,38736,-162,3,16,수
2022-03-16,1호선,종각,28749,28425,57174,324,3,16,수
2022-03-16,1호선,종로3가,22185,20198,42383,1987,3,16,수
2022-03-16,1호선,종로5가,20073,19914,39987,159,3,16,수
2022-03-16,1호선,동대문,9767,8999,18766,768,3,16,수
2022-03-16,1호선,신설동,12621,12433,25054,188,3,16,수
2022-03-16,1호선,제기동,15439,15800,31239,-361,3,16,수
2022-03-16,1호선,청량리(서울시립대입구),17547,17476,35023,71,3,16,수
2022-03-16,1호선,동묘앞,7418,7668,15086,-250,3,16,수
2022-03-16,2호선,시청,20450,19864,40314,586,3,16,수
2022-03-16,2호선,을지로입구,32761,33808,66569,-1047,3,16,수
2022-03-16,2호선,을지로3가,19174,19196,38370,-22,3,16,수
2022-03-16,2호선,을지로4가,11724,11470,23194,254,3,16,수
2022-03-16,2호선,동대문역사문화공원(DDP),10761,11993,22754,-1232,3,16,수
2022-03-16,2호선,신당,12457,12690,25147,-233,3,16,수
2022-03-16,2호선,상왕십리,12771,12474,25245,297,3,16,수
2022-03-16,2호선,왕십리(성동구청),15299,12216,27515,3083,3,16,수
2022-03-16,2호선,한양대,14194,15806,30000,-1612,3,16,수
2022-03-16,2호선,뚝섬,19621,21173,40794,-1552,3,16,수
2022-03-16,2호선,성수,34003,37351,71354,-3348,3,16,수
2022-03-16,2호선,건대입구,31030,32884,63914,-1854,3,16,수
2022-03-16,2호선,구의(광진구청),21549,21221,42770,328,3,16,수
2022-03-16,2호선,강변(동서울터미널),25189,23694,48883,1495,3,16,수
2022-03-16,2호선,잠실나루,13103,12583,25686,520,3,16,수
2022-03-16,2호선,잠실(송파구청),56105,55314,111419,791,3,16,수
2022-03-16,2호선,잠실새내,18070,18096,36166,-26,3,16,수
2022-03-16,2호선,종합운동장,6436,6806,13242,-370,3,16,수
2022-03-16,2호선,삼성(무역센터),42492,43020,85512,-528,3,16,수
2022-03-16,2호선,선릉,50169,44512,94681,5657,3,16,수
2022-03-16,2호선,역삼,45589,51178,96767,-5589,3,16,수
2022-03-16,2호선,강남,71378,69801,141179,1577,3,16,수
2022-03-16,2호선,교대(법원.검찰청),30702,34778,65480,-4076,3,16,수
2022-03-16,2호선,서초,19306,18752,38058,554,3,16,수
2022-03-16,2호선,방배,17548,18191,35739,-643,3,16,수
2022-03-16,2호선,사당,31409,34539,65948,-3130,3,16,수
2022-03-16,2호선,낙성대(강감찬),24708,24167,48875,541,3,16,수
2022-03-16,2호선,서울대입구(관악구청),43292,42692,85984,600,3,16,수
2022-03-16,2호선,봉천,21671,20152,41823,1519,3,16,수
2022-03-16,2호선,신림,56908,55617,112525,1291,3,16,수
2022-03-16,2호선,신대방,23937,23478,47415,459,3,16,수
2022-03-16,2호선,구로디지털단지,52719,52979,105698,-260,3,16,수
2022-03-16,2호선,대림(구로구청),21716,22003,43719,-287,3,16,수
2022-03-16,2호선,신도림,41137,41177,82314,-40,3,16,수
2022-03-16,2호선,문래,18967,19296,38263,-329,3,16,수
2022-03-16,2호선,영등포구청,20683,21248,41931,-565,3,16,수
2022-03-16,2호선,당산,17126,19698,36824,-2572,3,16,수
2022-03-16,2호선,합정,26385,27318,53703,-933,3,16,수
2022-03-16,2호선,홍대입구,44533,46081,90614,-1548,3,16,수
2022-03-16,2호선,신촌,28982,29038,58020,-56,3,16,수
2022-03-16,2호선,이대,12573,13398,25971,-825,3,16,수
2022-03-16,2호선,충정로(경기대입구),8834,9413,18247,-579,3,16,수
2022-03-16,2호선,용답,3007,3178,6185,-171,3,16,수
2022-03-16,2호선,신답,1560,1740,3300,-180,3,16,수
2022-03-16,2호선,신설동,3030,3097,6127,-67,3,16,수
2022-03-16,2호선,도림천,1275,1312,2587,-37,3,16,수
2022-03-16,2호선,양천구청,6282,6472,12754,-190,3,16,수
2022-03-16,2호선,신정네거리,9247,9651,18898,-404,3,16,수
2022-03-16,2호선,용두(동대문구청),2117,2205,4322,-88,3,16,수
2022-03-16,3호선,지축,4495,4199,8694,296,3,16,수
2022-03-16,3호선,구파발,18464,17956,36420,508,3,16,수
2022-03-16,3호선,연신내,33177,31425,64602,1752,3,16,수
2022-03-16,3호선,불광,14843,15951,30794,-1108,3,16,수
2022-03-16,3호선,녹번,14284,12924,27208,1360,3,16,수
2022-03-16,3호선,홍제,15985,15171,31156,814,3,16,수
2022-03-16,3호선,무악재,3504,3600,7104,-96,3,16,수
2022-03-16,3호선,독립문,6454,6645,13099,-191,3,16,수
2022-03-16,3호선,경복궁(정부서울청사),18462,18137,36599,325,3,16,수
2022-03-16,3호선,안국,17824,18248,36072,-424,3,16,수
2022-03-16,3호선,종로3가,8966,10278,19244,-1312,3,16,수
2022-03-16,3호선,을지로3가,9230,9403,18633,-173,3,16,수
2022-03-16,3호선,동대입구,8284,9050,17334,-766,3,16,수
2022-03-16,3호선,약수,11684,11289,22973,395,3,16,수
2022-03-16,3호선,금호,7065,6607,13672,458,3,16,수
2022-03-16,3호선,옥수,7711,8082,15793,-371,3,16,수
2022-03-16,3호선,압구정,27571,29159,56730,-1588,3,16,수
2022-03-16,3호선,신사,26749,27823,54572,-1074,3,16,수
2022-03-16,3호선,잠원,4330,4183,8513,147,3,16,수
2022-03-16,3호선,고속터미널,31214,29780,60994,1434,3,16,수
2022-03-16,3호선,교대(법원.검찰청),13151,8369,21520,4782,3,16,수
2022-03-16,3호선,남부터미널(예술의전당),25318,25812,51130,-494,3,16,수
2022-03-16,3호선,양재(서초구청),34222,37217,71439,-2995,3,16,수
2022-03-16,3호선,매봉,11181,10607,21788,574,3,16,수
2022-03-16,3호선,도곡,4730,4990,9720,-260,3,16,수
2022-03-16,3호선,대치,9541,9794,19335,-253,3,16,수
2022-03-16,3호선,학여울,2548,2579,5127,-31,3,16,수
2022-03-16,3호선,대청,9258,8348,17606,910,3,16,수
2022-03-16,3호선,일원,9512,9216,18728,296,3,16,수
2022-03-16,3호선,수서,14563,14801,29364,-238,3,16,수
2022-03-16,3호선,가락시장,7980,7768,15748,212,3,16,수
2022-03-16,3호선,경찰병원,6456,6495,12951,-39,3,16,수
2022-03-16,3호선,오금,5524,5091,10615,433,3,16,수
2022-03-16,4호선,당고개,12167,11152,23319,1015,3,16,수
2022-03-16,4호선,상계,17384,16229,33613,1155,3,16,수
2022-03-16,4호선,노원,16512,18683,35195,-2171,3,16,수
2022-03-16,4호선,창동,22768,24245,47013,-1477,3,16,수
2022-03-16,4호선,쌍문,26892,24713,51605,2179,3,16,수
2022-03-16,4호선,수유(강북구청),30821,30787,61608,34,3,16,수
2022-03-16,4호선,미아(서울사이버대학),14349,13881,28230,468,3,16,수
2022-03-16,4호선,미아사거리,24588,24062,48650,526,3,16,수
2022-03-16,4호선,길음,19136,19033,38169,103,3,16,수
2022-03-16,4호선,성신여대입구(돈암),19189,18197,37386,992,3,16,수
2022-03-16,4호선,한성대입구(삼선교),12653,12446,25099,207,3,16,수
2022-03-16,4호선,혜화,29245,29285,58530,-40,3,16,수
2022-03-16,4호선,동대문,17754,18341,36095,-587,3,16,수
2022-03-16,4호선,동대문역사문화공원(DDP),12987,11984,24971,1003,3,16,수
2022-03-16,4호선,충무로,25645,26069,51714,-424,3,16,수
2022-03-16,4호선,명동,16755,17224,33979,-469,3,16,수
2022-03-16,4호선,회현(남대문시장),21446,22869,44315,-1423,3,16,수
2022-03-16,4호선,서울역,9569,13036,22605,-3467,3,16,수
2022-03-16,4호선,숙대입구(갈월),13133,12668,25801,465,3,16,수
2022-03-16,4호선,삼각지,4277,4752,9029,-475,3,16,수
2022-03-16,4호선,신용산,13640,14424,28064,-784,3,16,수
2022-03-16,4호선,이촌(국립중앙박물관),6123,6877,13000,-754,3,16,수
2022-03-16,4호선,동작(현충원),1466,1616,3082,-150,3,16,수
2022-03-16,4호선,총신대입구(이수),16838,18178,35016,-1340,3,16,수
2022-03-16,4호선,남태령,1055,911,1966,144,3,16,수
2022-03-16,5호선,방화,5997,5796,11793,201,3,16,수
2022-03-16,5호선,개화산,5214,5097,10311,117,3,16,수
2022-03-16,5호선,김포공항,5563,5518,11081,45,3,16,수
2022-03-16,5호선,송정,5897,5696,11593,201,3,16,수
2022-03-16,5호선,마곡,9713,9781,19494,-68,3,16,수
2022-03-16,5호선,발산,18950,19318,38268,-368,3,16,수
2022-03-16,5호선,우장산,13241,13114,26355,127,3,16,수
2022-03-16,5호선,화곡,26239,24555,50794,1684,3,16,수
2022-03-16,5호선,까치산,26665,25593,52258,1072,3,16,수
2022-03-16,5호선,신정(은행정),12744,10505,23249,2239,3,16,수
2022-03-16,5호선,목동,15272,16501,31773,-1229,3,16,수
2022-03-16,5호선,오목교(목동운동장앞),19061,20355,39416,-1294,3,16,수
2022-03-16,5호선,양평,6994,6822,13816,172,3,16,수
2022-03-16,5호선,영등포구청,3645,3665,7310,-20,3,16,수
2022-03-16,5호선,영등포시장,8942,9193,18135,-251,3,16,수
2022-03-16,5호선,신길,3740,4023,7763,-283,3,16,수
2022-03-16,5호선,여의도,24802,26145,50947,-1343,3,16,수
2022-03-16,5호선,여의나루,9712,10436,20148,-724,3,16,수
2022-03-16,5호선,마포,12875,13272,26147,-397,3,16,수
2022-03-16,5호선,공덕,12423,13084,25507,-661,3,16,수
2022-03-16,5호선,애오개,6180,6185,12365,-5,3,16,수
2022-03-16,5호선,충정로(경기대입구),4383,4543,8926,-160,3,16,수
2022-03-16,5호선,서대문,17241,17381,34622,-140,3,16,수
2022-03-16,5호선,광화문(세종문화회관),25095,26412,51507,-1317,3,16,수
2022-03-16,5호선,종로3가,10340,10347,20687,-7,3,16,수
2022-03-16,5호선,을지로4가,5549,5615,11164,-66,3,16,수
2022-03-16,5호선,동대문역사문화공원(DDP),2485,2932,5417,-447,3,16,수
2022-03-16,5호선,청구,3750,3393,7143,357,3,16,수
2022-03-16,5호선,신금호,5865,6089,11954,-224,3,16,수
2022-03-16,5호선,행당,7331,6496,13827,835,3,16,수
2022-03-16,5호선,왕십리(성동구청),4197,4872,9069,-675,3,16,수
2022-03-16,5호선,마장,5143,4862,10005,281,3,16,수
2022-03-16,5호선,답십리,14687,13569,28256,1118,3,16,수
2022-03-16,5호선,장한평,17057,16893,33950,164,3,16,수
2022-03-16,5호선,군자(능동),10158,11055,21213,-897,3,16,수
2022-03-16,5호선,아차산(어린이대공원후문),13718,13297,27015,421,3,16,수
2022-03-16,5호선,광나루(장신대),12041,10919,22960,1122,3,16,수
2022-03-16,5호선,천호(풍납토성),15874,15659,31533,215,3,16,수
2022-03-16,5호선,강동,17080,16472,33552,608,3,16,수
2022-03-16,5호선,길동,7409,7600,15009,-191,3,16,수
2022-03-16,5호선,굽은다리(강동구민회관앞),8454,8150,16604,304,3,16,수
2022-03-16,5호선,명일,7977,8270,16247,-293,3,16,수
2022-03-16,5호선,고덕,8717,8605,17322,112,3,16,수
2022-03-16,5호선,상일동,13533,12753,26286,780,3,16,수
2022-03-16,5호선,둔촌동,7810,7815,15625,-5,3,16,수
2022-03-16,5호선,올림픽공원(한국체대),4044,3463,7507,581,3,16,수
2022-03-16,5호선,방이,6380,6617,12997,-237,3,16,수
2022-03-16,5호선,오금,3557,3496,7053,61,3,16,수
2022-03-16,5호선,개롱,5783,6013,11796,-230,3,16,수
2022-03-16,5호선,거여,9232,8931,18163,301,3,16,수
2022-03-16,5호선,마천,6682,6536,13218,146,3,16,수
2022-03-16,5호선,강일,3703,3587,7290,116,3,16,수
2022-03-16,5호선,미사,14455,14489,28944,-34,3,16,수
2022-03-16,5호선,하남풍산,3865,3830,7695,35,3,16,수
2022-03-16,5호선,하남시청(덕풍·신장),6069,5950,12019,119,3,16,수
2022-03-16,5호선,하남검단산,5050,4903,9953,147,3,16,수
2022-03-16,6호선,응암,15946,15881,31827,65,3,16,수
2022-03-16,6호선,역촌,3519,4125,7644,-606,3,16,수
2022-03-16,6호선,불광,4000,3886,7886,114,3,16,수
2022-03-16,6호선,독바위,2526,2680,5206,-154,3,16,수
2022-03-16,6호선,연신내,1,0,1,1,3,16,수
2022-03-16,6호선,구산,7041,5369,12410,1672,3,16,수
2022-03-16,6호선,새절(신사),11891,11233,23124,658,3,16,수
2022-03-16,6호선,증산(명지대앞),9233,9376,18609,-143,3,16,수
2022-03-16,6호선,디지털미디어시티,12500,13613,26113,-1113,3,16,수
2022-03-16,6호선,월드컵경기장(성산),3855,4043,7898,-188,3,16,수
2022-03-16,6호선,마포구청,13012,11727,24739,1285,3,16,수
2022-03-16,6호선,망원,12501,13283,25784,-782,3,16,수
2022-03-16,6호선,합정,11063,10986,22049,77,3,16,수
2022-03-16,6호선,상수,7553,8289,15842,-736,3,16,수
2022-03-16,6호선,광흥창(서강),8291,7966,16257,325,3,16,수
2022-03-16,6호선,대흥(서강대앞),7715,7898,15613,-183,3,16,수
2022-03-16,6호선,공덕,16382,15886,32268,496,3,16,수
2022-03-16,6호선,효창공원앞,6501,6071,12572,430,3,16,수
2022-03-16,6호선,삼각지,5535,4943,10478,592,3,16,수
2022-03-16,6호선,녹사평(용산구청),4114,4005,8119,109,3,16,수
2022-03-16,6호선,이태원,8498,8559,17057,-61,3,16,수
2022-03-16,6호선,한강진,6741,7948,14689,-1207,3,16,수
2022-03-16,6호선,버티고개,1869,1863,3732,6,3,16,수
2022-03-16,6호선,약수,3201,3138,6339,63,3,16,수
2022-03-16,6호선,청구,3412,3764,7176,-352,3,16,수
2022-03-16,6호선,신당,7241,7796,15037,-555,3,16,수
2022-03-16,6호선,동묘앞,6975,7216,14191,-241,3,16,수
2022-03-16,6호선,창신,3385,2916,6301,469,3,16,수
2022-03-16,6호선,보문,6716,6192,12908,524,3,16,수
2022-03-16,6호선,안암(고대병원앞),13173,13337,26510,-164,3,16,수
2022-03-16,6호선,고려대(종암),7823,7503,15326,320,3,16,수
2022-03-16,6호선,월곡(동덕여대),11955,11641,23596,314,3,16,수
2022-03-16,6호선,상월곡(한국과학기술연구원),6020,5595,11615,425,3,16,수
2022-03-16,6호선,돌곶이,8676,8145,16821,531,3,16,수
2022-03-16,6호선,석계,11541,12067,23608,-526,3,16,수
2022-03-16,6호선,태릉입구,5145,5736,10881,-591,3,16,수
2022-03-16,6호선,화랑대(서울여대입구),11585,9150,20735,2435,3,16,수
2022-03-16,6호선,봉화산(서울의료원),8110,7626,15736,484,3,16,수
2022-03-16,7호선,장암,2053,789,2842,1264,3,16,수
2022-03-16,7호선,도봉산,8676,10201,18877,-1525,3,16,수
2022-03-16,7호선,수락산,11513,11270,22783,243,3,16,수
2022-03-16,7호선,마들,11771,11241,23012,530,3,16,수
2022-03-16,7호선,노원,17427,18133,35560,-706,3,16,수
2022-03-16,7호선,중계,13623,12612,26235,1011,3,16,수
2022-03-16,7호선,하계,16620,15979,32599,641,3,16,수
2022-03-16,7호선,공릉(서울과학기술대),11771,11582,23353,189,3,16,수
2022-03-16,7호선,태릉입구,8221,7833,16054,388,3,16,수
2022-03-16,7호선,먹골,9357,9033,18390,324,3,16,수
2022-03-16,7호선,중화,9913,9723,19636,190,3,16,수
2022-03-16,7호선,상봉(시외버스터미널),15057,13941,28998,1116,3,16,수
2022-03-16,7호선,면목,15213,14873,30086,340,3,16,수
2022-03-16,7호선,사가정,14838,15128,29966,-290,3,16,수
2022-03-16,7호선,용마산(용마폭포공원),5576,5402,10978,174,3,16,수
2022-03-16,7호선,중곡,10247,9460,19707,787,3,16,수
2022-03-16,7호선,군자(능동),13579,10923,24502,2656,3,16,수
2022-03-16,7호선,어린이대공원(세종대),13460,13733,27193,-273,3,16,수
2022-03-16,7호선,건대입구,11678,12100,23778,-422,3,16,수
2022-03-16,7호선,뚝섬유원지,8515,8250,16765,265,3,16,수
2022-03-16,7호선,청담,17617,19591,37208,-1974,3,16,수
2022-03-16,7호선,강남구청,14656,16102,30758,-1446,3,16,수
2022-03-16,7호선,학동,22521,23729,46250,-1208,3,16,수
2022-03-16,7호선,논현,18237,19641,37878,-1404,3,16,수
2022-03-16,7호선,반포,5344,5132,10476,212,3,16,수
2022-03-16,7호선,고속터미널,12596,11123,23719,1473,3,16,수
2022-03-16,7호선,내방,13284,13690,26974,-406,3,16,수
2022-03-16,7호선,이수,14082,13541,27623,541,3,16,수
2022-03-16,7호선,남성,10119,9454,19573,665,3,16,수
2022-03-16,7호선,숭실대입구(살피재),13620,13918,27538,-298,3,16,수
2022-03-16,7호선,상도,10410,10234,20644,176,3,16,수
2022-03-16,7호선,장승배기,8270,8166,16436,104,3,16,수
2022-03-16,7호선,신대방삼거리,15500,14884,30384,616,3,16,수
2022-03-16,7호선,보라매,9188,9138,18326,50,3,16,수
2022-03-16,7호선,신풍,10585,10209,20794,376,3,16,수
2022-03-16,7호선,대림(구로구청),6936,7057,13993,-121,3,16,수
2022-03-16,7호선,남구로,14517,15222,29739,-705,3,16,수
2022-03-16,7호선,가산디지털단지,41229,41579,82808,-350,3,16,수
2022-03-16,7호선,철산,18741,19307,38048,-566,3,16,수
2022-03-16,7호선,광명사거리,20028,19868,39896,160,3,16,수
2022-03-16,7호선,천왕,10491,10058,20549,433,3,16,수
2022-03-16,7호선,온수(성공회대입구),9688,8998,18686,690,3,16,수
2022-03-16,7호선,까치울,1,0,1,1,3,16,수
2022-03-16,7호선,상동,1,0,1,1,3,16,수
2022-03-16,8호선,암사,16878,15145,32023,1733,3,16,수
2022-03-16,8호선,천호(풍납토성),13020,15136,28156,-2116,3,16,수
2022-03-16,8호선,몽촌토성(평화의문),5490,5542,11032,-52,3,16,수
2022-03-16,8호선,잠실(송파구청),11600,13366,24966,-1766,3,16,수
2022-03-16,8호선,석촌,6920,8003,14923,-1083,3,16,수
2022-03-16,8호선,송파,6958,7075,14033,-117,3,16,수
2022-03-16,8호선,가락시장,6833,7529,14362,-696,3,16,수
2022-03-16,8호선,문정,20213,21308,41521,-1095,3,16,수
2022-03-16,8호선,장지,15738,15183,30921,555,3,16,수
2022-03-16,8호선,복정,9202,7727,16929,1475,3,16,수
2022-03-16,8호선,산성,4898,5017,9915,-119,3,16,수
2022-03-16,8호선,남한산성입구(성남법원.검찰청),14077,13115,27192,962,3,16,수
2022-03-16,8호선,단대오거리,10394,9943,20337,451,3,16,수
2022-03-16,8호선,신흥,3751,3967,7718,-216,3,16,수
2022-03-16,8호선,수진,4732,4424,9156,308,3,16,수
2022-03-16,8호선,모란,3883,3089,6972,794,3,16,수
2022-03-16,8호선,남위례,4104,4388,8492,-284,3,16,수
2022-03-16,9호선,개화,2186,1586,3772,600,3,16,수
2022-03-16,9호선,김포공항,5396,8547,13943,-3151,3,16,수
2022-03-16,9호선,공항시장,2869,3060,5929,-191,3,16,수
2022-03-16,9호선,신방화,6444,6243,12687,201,3,16,수
2022-03-16,9호선,마곡나루(서울식물원),11092,10813,21905,279,3,16,수
2022-03-16,9호선,양천향교,9127,9401,18528,-274,3,16,수
2022-03-16,9호선,가양,18440,18091,36531,349,3,16,수
2022-03-16,9호선,증미,6741,6716,13457,25,3,16,수
2022-03-16,9호선,등촌,10240,9967,20207,273,3,16,수
2022-03-16,9호선,염창,15486,15205,30691,281,3,16,수
2022-03-16,9호선,신목동,3717,3285,7002,432,3,16,수
2022-03-16,9호선,선유도,7928,7592,15520,336,3,16,수
2022-03-16,9호선,당산,16021,15958,31979,63,3,16,수
2022-03-16,9호선,국회의사당,13691,14195,27886,-504,3,16,수
2022-03-16,9호선,여의도,23547,22903,46450,644,3,16,수
2022-03-16,9호선,샛강,5097,5382,10479,-285,3,16,수
2022-03-16,9호선,노량진,23127,22616,45743,511,3,16,수
2022-03-16,9호선,노들,4005,3469,7474,536,3,16,수
2022-03-16,9호선,흑석(중앙대입구),8566,8702,17268,-136,3,16,수
2022-03-16,9호선,동작(현충원),1817,1498,3315,319,3,16,수
2022-03-16,9호선,구반포,1459,1591,3050,-132,3,16,수
2022-03-16,9호선,신반포,3045,2942,5987,103,3,16,수
2022-03-16,9호선,고속터미널,10105,12362,22467,-2257,3,16,수
2022-03-16,9호선,사평,3114,3026,6140,88,3,16,수
2022-03-16,9호선,신논현,26236,26080,52316,156,3,16,수
2022-03-16,9호선2~3단계,언주,9437,9567,19004,-130,3,16,수
2022-03-16,9호선2~3단계,선정릉,8680,9455,18135,-775,3,16,수
2022-03-16,9호선2~3단계,삼성중앙,5905,6239,12144,-334,3,16,수
2022-03-16,9호선2~3단계,봉은사,13435,13744,27179,-309,3,16,수
2022-03-16,9호선2~3단계,종합운동장,3565,3704,7269,-139,3,16,수
2022-03-16,9호선2~3단계,삼전,6364,6163,12527,201,3,16,수
2022-03-16,9호선2~3단계,석촌고분,5409,5398,10807,11,3,16,수
2022-03-16,9호선2~3단계,석촌,7594,6750,14344,844,3,16,수
2022-03-16,9호선2~3단계,송파나루,4378,4710,9088,-332,3,16,수
2022-03-16,9호선2~3단계,한성백제,2327,2083,4410,244,3,16,수
2022-03-16,9호선2~3단계,올림픽공원(한국체대),5157,5290,10447,-133,3,16,수
2022-03-16,9호선2~3단계,둔촌오륜,1117,1027,2144,90,3,16,수
2022-03-16,9호선2~3단계,중앙보훈병원,9906,8816,18722,1090,3,16,수
2022-03-16,경강선,판교,4162,4118,8280,44,3,16,수
2022-03-16,경강선,이매,1040,913,1953,127,3,16,수
2022-03-16,경강선,삼동,2204,2044,4248,160,3,16,수
2022-03-16,경강선,경기광주,7109,6691,13800,418,3,16,수
2022-03-16,경강선,초월,2898,2802,5700,96,3,16,수
2022-03-16,경강선,곤지암,2002,1954,3956,48,3,16,수
2022-03-16,경강선,신둔도예촌,1400,1289,2689,111,3,16,수
2022-03-16,경강선,이천,2265,2332,4597,-67,3,16,수
2022-03-16,경강선,부발,1930,1828,3758,102,3,16,수
2022-03-16,경강선,세종대왕릉,260,267,527,-7,3,16,수
2022-03-16,경강선,여주,2157,2172,4329,-15,3,16,수
2022-03-16,경부선,서울역,4237,1486,5723,2751,3,16,수
2022-03-16,경부선,남영,8809,9256,18065,-447,3,16,수
2022-03-16,경부선,용산,26259,26505,52764,-246,3,16,수
2022-03-16,경부선,노량진,7155,7244,14399,-89,3,16,수
2022-03-16,경부선,대방,11907,12271,24178,-364,3,16,수
2022-03-16,경부선,영등포,31045,31592,62637,-547,3,16,수
2022-03-16,경부선,신도림,3744,3690,7434,54,3,16,수
2022-03-16,경부선,신길,8174,6994,15168,1180,3,16,수
2022-03-16,경부선,구로,16907,17526,34433,-619,3,16,수
2022-03-16,경부선,가산디지털단지,16841,19260,36101,-2419,3,16,수
2022-03-16,경부선,금천구청,10804,10768,21572,36,3,16,수
2022-03-16,경부선,석수,9150,8229,17379,921,3,16,수
2022-03-16,경부선,관악,6762,6161,12923,601,3,16,수
2022-03-16,경부선,안양,22472,22364,44836,108,3,16,수
2022-03-16,경부선,명학,10188,10128,20316,60,3,16,수
2022-03-16,경부선,금정,24866,25093,49959,-227,3,16,수
2022-03-16,경부선,군포,7375,7328,14703,47,3,16,수
2022-03-16,경부선,의왕,8675,8636,17311,39,3,16,수
2022-03-16,경부선,성균관대,13938,13863,27801,75,3,16,수
2022-03-16,경부선,화서,7564,7234,14798,330,3,16,수
2022-03-16,경부선,수원,30741,32665,63406,-1924,3,16,수
2022-03-16,경부선,독산,17394,17983,35377,-589,3,16,수
2022-03-16,경부선,세류,2701,2479,5180,222,3,16,수
2022-03-16,경부선,병점,14073,14334,28407,-261,3,16,수
2022-03-16,경부선,세마,2601,2506,5107,95,3,16,수
2022-03-16,경부선,오산대,3849,3507,7356,342,3,16,수
2022-03-16,경부선,오산,9225,9168,18393,57,3,16,수
2022-03-16,경부선,진위,1583,1389,2972,194,3,16,수
2022-03-16,경부선,송탄,3979,3767,7746,212,3,16,수
2022-03-16,경부선,서정리,6756,6432,13188,324,3,16,수
2022-03-16,경부선,평택지제,3163,3052,6215,111,3,16,수
2022-03-16,경부선,평택,11243,11441,22684,-198,3,16,수
2022-03-16,경부선,성환,5055,5019,10074,36,3,16,수
2022-03-16,경부선,직산,758,743,1501,15,3,16,수
2022-03-16,경부선,두정,7184,7738,14922,-554,3,16,수
2022-03-16,경부선,천안,6065,5675,11740,390,3,16,수
2022-03-16,경부선,당정,6105,5711,11816,394,3,16,수
2022-03-16,경부선,서동탄,1308,1111,2419,197,3,16,수
2022-03-16,경부선,광명,2783,2410,5193,373,3,16,수
2022-03-16,경원선,이촌(국립중앙박물관),3225,2567,5792,658,3,16,수
2022-03-16,경원선,서빙고,1770,1680,3450,90,3,16,수
2022-03-16,경원선,한남,3664,3364,7028,300,3,16,수
2022-03-16,경원선,옥수,41,25,66,16,3,16,수
2022-03-16,경원선,응봉,1720,1464,3184,256,3,16,수
2022-03-16,경원선,왕십리(성동구청),13144,13946,27090,-802,3,16,수
2022-03-16,경원선,청량리(서울시립대입구),12294,12804,25098,-510,3,16,수
2022-03-16,경원선,외대앞,7739,7771,15510,-32,3,16,수
2022-03-16,경원선,신이문,7762,7237,14999,525,3,16,수
2022-03-16,경원선,석계,7566,8380,15946,-814,3,16,수
2022-03-16,경원선,광운대,8466,8356,16822,110,3,16,수
2022-03-16,경원선,월계,7266,6790,14056,476,3,16,수
2022-03-16,경원선,녹천,4403,3670,8073,733,3,16,수
2022-03-16,경원선,방학,9030,9017,18047,13,3,16,수
2022-03-16,경원선,도봉,5592,5381,10973,211,3,16,수
2022-03-16,경원선,도봉산,7241,4837,12078,2404,3,16,수
2022-03-16,경원선,망월사,7042,7413,14455,-371,3,16,수
2022-03-16,경원선,회룡,11721,11649,23370,72,3,16,수
2022-03-16,경원선,의정부,16546,16917,33463,-371,3,16,수
2022-03-16,경원선,가능,6312,6111,12423,201,3,16,수
2022-03-16,경원선,녹양,4320,4043,8363,277,3,16,수
2022-03-16,경원선,양주,7450,7038,14488,412,3,16,수
2022-03-16,경원선,덕계,2985,2652,5637,333,3,16,수
2022-03-16,경원선,덕정,5968,5652,11620,316,3,16,수
2022-03-16,경원선,지행,6100,6131,12231,-31,3,16,수
2022-03-16,경원선,동두천중앙,2890,2815,5705,75,3,16,수
2022-03-16,경원선,보산,1512,1377,2889,135,3,16,수
2022-03-16,경원선,동두천,2588,2743,5331,-155,3,16,수
2022-03-16,경원선,소요산,2592,2186,4778,406,3,16,수
2022-03-16,경의선,서울역,3882,4947,8829,-1065,3,16,수
2022-03-16,경의선,신촌,762,995,1757,-233,3,16,수
2022-03-16,경의선,효창공원앞,2827,3051,5878,-224,3,16,수
2022-03-16,경의선,공덕,3095,2778,5873,317,3,16,수
2022-03-16,경의선,서강대,1981,1909,3890,72,3,16,수
2022-03-16,경의선,홍대입구,1469,1624,3093,-155,3,16,수
2022-03-16,경의선,가좌,4883,4678,9561,205,3,16,수
2022-03-16,경의선,디지털미디어시티,2282,2115,4397,167,3,16,수
2022-03-16,경의선,수색,2692,2817,5509,-125,3,16,수
2022-03-16,경의선,화전,3509,3349,6858,160,3,16,수
2022-03-16,경의선,강매,3022,2568,5590,454,3,16,수
2022-03-16,경의선,행신,7186,7278,14464,-92,3,16,수
2022-03-16,경의선,능곡,3585,3289,6874,296,3,16,수
2022-03-16,경의선,곡산,539,576,1115,-37,3,16,수
2022-03-16,경의선,백마,6544,6441,12985,103,3,16,수
2022-03-16,경의선,풍산,5071,4792,9863,279,3,16,수
2022-03-16,경의선,일산,8946,8787,17733,159,3,16,수
2022-03-16,경의선,탄현,7208,6944,14152,264,3,16,수
2022-03-16,경의선,야당,6808,6877,13685,-69,3,16,수
2022-03-16,경의선,운정,6687,6289,12976,398,3,16,수
2022-03-16,경의선,금릉,4472,4361,8833,111,3,16,수
2022-03-16,경의선,금촌,6256,6292,12548,-36,3,16,수
2022-03-16,경의선,월롱,2893,2626,5519,267,3,16,수
2022-03-16,경의선,파주,1491,1065,2556,426,3,16,수
2022-03-16,경의선,문산,4567,4491,9058,76,3,16,수
2022-03-16,경의선,임진강,8,5,13,3,3,16,수
2022-03-16,경인선,개봉,19480,19369,38849,111,3,16,수
2022-03-16,경인선,오류동,11076,10424,21500,652,3,16,수
2022-03-16,경인선,역곡,25826,25281,51107,545,3,16,수
2022-03-16,경인선,부천,29292,29226,58518,66,3,16,수
2022-03-16,경인선,송내,24824,24820,49644,4,3,16,수
2022-03-16,경인선,부평,25482,26844,52326,-1362,3,16,수
2022-03-16,경인선,백운,6267,6162,12429,105,3,16,수
2022-03-16,경인선,동암,13289,13533,26822,-244,3,16,수
2022-03-16,경인선,주안,17742,16292,34034,1450,3,16,수
2022-03-16,경인선,제물포,9844,9542,19386,302,3,16,수
2022-03-16,경인선,동인천,12941,12151,25092,790,3,16,수
2022-03-16,경인선,인천,3091,2412,5503,679,3,16,수
2022-03-16,경인선,구일,5776,5694,11470,82,3,16,수
2022-03-16,경인선,소사,8287,8052,16339,235,3,16,수
2022-03-16,경인선,부개,7966,7541,15507,425,3,16,수
2022-03-16,경인선,간석,5503,5146,10649,357,3,16,수
2022-03-16,경인선,도원,3014,2700,5714,314,3,16,수
2022-03-16,경인선,온수(성공회대입구),6417,6176,12593,241,3,16,수
2022-03-16,경인선,중동,8698,8324,17022,374,3,16,수
2022-03-16,경인선,도화,3970,3664,7634,306,3,16,수
2022-03-16,경춘선,신내,2010,1898,3908,112,3,16,수
2022-03-16,경춘선,갈매,2819,2503,5322,316,3,16,수
2022-03-16,경춘선,별내,3107,3011,6118,96,3,16,수
2022-03-16,경춘선,퇴계원,3357,3126,6483,231,3,16,수
2022-03-16,경춘선,사릉,3157,3093,6250,64,3,16,수
2022-03-16,경춘선,금곡,1398,1341,2739,57,3,16,수
2022-03-16,경춘선,평내호평,5796,5645,11441,151,3,16,수
2022-03-16,경춘선,천마산,1621,1563,3184,58,3,16,수
2022-03-16,경춘선,마석,3769,3748,7517,21,3,16,수
2022-03-16,경춘선,대성리,427,399,826,28,3,16,수
2022-03-16,경춘선,청평,1423,1346,2769,77,3,16,수
2022-03-16,경춘선,상천,274,251,525,23,3,16,수
2022-03-16,경춘선,가평,1282,1275,2557,7,3,16,수
2022-03-16,경춘선,굴봉산,116,111,227,5,3,16,수
2022-03-16,경춘선,백양리,68,67,135,1,3,16,수
2022-03-16,경춘선,강촌,413,375,788,38,3,16,수
2022-03-16,경춘선,김유정,246,261,507,-15,3,16,수
2022-03-16,경춘선,남춘천,2146,2091,4237,55,3,16,수
2022-03-16,경춘선,춘천,1277,1121,2398,156,3,16,수
2022-03-16,공항철도 1호선,서울역,6031,5425,11456,606,3,16,수
2022-03-16,공항철도 1호선,공덕,1981,2472,4453,-491,3,16,수
2022-03-16,공항철도 1호선,홍대입구,7907,7760,15667,147,3,16,수
2022-03-16,공항철도 1호선,디지털미디어시티,12428,11425,23853,1003,3,16,수
2022-03-16,공항철도 1호선,마곡나루(서울식물원),8125,7821,15946,304,3,16,수
2022-03-16,공항철도 1호선,김포공항,8970,4717,13687,4253,3,16,수
2022-03-16,공항철도 1호선,계양,9473,8854,18327,619,3,16,수
2022-03-16,공항철도 1호선,검암,5903,5846,11749,57,3,16,수
2022-03-16,공항철도 1호선,청라국제도시,6142,5858,12000,284,3,16,수
2022-03-16,공항철도 1호선,운서,6197,6165,12362,32,3,16,수
2022-03-16,공항철도 1호선,공항화물청사,2201,2315,4516,-114,3,16,수
2022-03-16,공항철도 1호선,인천공항1터미널,3328,3577,6905,-249,3,16,수
2022-03-16,공항철도 1호선,인천공항2터미널,1890,1844,3734,46,3,16,수
2022-03-16,공항철도 1호선,영종,2759,2790,5549,-31,3,16,수
2022-03-16,과천선,선바위,7385,6664,14049,721,3,16,수
2022-03-16,과천선,경마공원,1429,1441,2870,-12,3,16,수
2022-03-16,과천선,대공원,2488,2565,5053,-77,3,16,수
2022-03-16,과천선,과천,5765,5229,10994,536,3,16,수
2022-03-16,과천선,정부과천청사,9588,9572,19160,16,3,16,수
2022-03-16,과천선,인덕원,22222,23101,45323,-879,3,16,수
2022-03-16,과천선,평촌,16681,16285,32966,396,3,16,수
2022-03-16,과천선,범계,23952,23960,47912,-8,3,16,수
2022-03-16,분당선,선릉,11997,17878,29875,-5881,3,16,수
2022-03-16,분당선,한티,12982,13926,26908,-944,3,16,수
2022-03-16,분당선,도곡,6211,6089,12300,122,3,16,수
2022-03-16,분당선,구룡,2165,2105,4270,60,3,16,수
2022-03-16,분당선,개포동,3556,3688,7244,-132,3,16,수
2022-03-16,분당선,대모산입구,4082,3854,7936,228,3,16,수
2022-03-16,분당선,수서,11666,11726,23392,-60,3,16,수
2022-03-16,분당선,복정,2,0,2,2,3,16,수
2022-03-16,분당선,수원,7481,6154,13635,1327,3,16,수
2022-03-16,분당선,서울숲,9192,9331,18523,-139,3,16,수
2022-03-16,분당선,압구정로데오,16213,17788,34001,-1575,3,16,수
2022-03-16,분당선,강남구청,9055,10339,19394,-1284,3,16,수
2022-03-16,분당선,선정릉,7284,7810,15094,-526,3,16,수
2022-03-16,분당선,가천대,9034,9961,18995,-927,3,16,수
2022-03-16,분당선,태평,12138,11822,23960,316,3,16,수
2022-03-16,분당선,모란,18304,18503,36807,-199,3,16,수
2022-03-16,분당선,야탑,23827,24609,48436,-782,3,16,수
2022-03-16,분당선,서현,21548,21725,43273,-177,3,16,수
2022-03-16,분당선,수내,12006,12040,24046,-34,3,16,수
2022-03-16,분당선,정자,15207,15977,31184,-770,3,16,수
2022-03-16,분당선,미금,14392,15248,29640,-856,3,16,수
2022-03-16,분당선,오리,10557,8785,19342,1772,3,16,수
2022-03-16,분당선,이매,5263,4907,10170,356,3,16,수
2022-03-16,분당선,보정,2384,2070,4454,314,3,16,수
2022-03-16,분당선,죽전,12962,14081,27043,-1119,3,16,수
2022-03-16,분당선,구성,4675,4855,9530,-180,3,16,수
2022-03-16,분당선,신갈,4173,4146,8319,27,3,16,수
2022-03-16,분당선,기흥,8940,8506,17446,434,3,16,수
2022-03-16,분당선,상갈,4903,4772,9675,131,3,16,수
2022-03-16,분당선,청명,3909,3921,7830,-12,3,16,수
2022-03-16,분당선,영통,7540,7753,15293,-213,3,16,수
2022-03-16,분당선,망포,13294,12689,25983,605,3,16,수
2022-03-16,분당선,매탄권선,4714,4597,9311,117,3,16,수
2022-03-16,분당선,수원시청,11291,12328,23619,-1037,3,16,수
2022-03-16,분당선,매교,3043,2996,6039,47,3,16,수
2022-03-16,수인선,고색,4870,4632,9502,238,3,16,수
2022-03-16,수인선,오목천,3295,3069,6364,226,3,16,수
2022-03-16,수인선,어천,642,660,1302,-18,3,16,수
2022-03-16,수인선,사리,4514,3918,8432,596,3,16,수
2022-03-16,수인선,달월,111,59,170,52,3,16,수
2022-03-16,수인선,월곶,2704,2515,5219,189,3,16,수
2022-03-16,안산선,산본,14511,15817,30328,-1306,3,16,수
2022-03-16,안산선,대야미,4746,4279,9025,467,3,16,수
2022-03-16,안산선,반월,4127,3974,8101,153,3,16,수
2022-03-16,안산선,상록수,15350,15733,31083,-383,3,16,수
2022-03-16,안산선,한대앞,9764,9800,19564,-36,3,16,수
2022-03-16,안산선,중앙,16753,17369,34122,-616,3,16,수
2022-03-16,안산선,고잔,8207,7898,16105,309,3,16,수
2022-03-16,안산선,초지,4787,5109,9896,-322,3,16,수
2022-03-16,안산선,안산,10842,9682,20524,1160,3,16,수
2022-03-16,안산선,신길온천,1670,1535,3205,135,3,16,수
2022-03-16,안산선,정왕,9756,10116,19872,-360,3,16,수
2022-03-16,안산선,오이도,7705,7659,15364,46,3,16,수
2022-03-16,안산선,수리산,4093,3358,7451,735,3,16,수
2022-03-16,우이신설선,북한산우이,2438,2239,4677,199,3,16,수
2022-03-16,우이신설선,솔밭공원,2297,2254,4551,43,3,16,수
2022-03-16,우이신설선,4.19민주묘지,3461,3348,6809,113,3,16,수
2022-03-16,우이신설선,가오리,3869,3769,7638,100,3,16,수
2022-03-16,우이신설선,화계,3103,2982,6085,121,3,16,수
2022-03-16,우이신설선,삼양,1820,2004,3824,-184,3,16,수
2022-03-16,우이신설선,삼양사거리,2331,2374,4705,-43,3,16,수
2022-03-16,우이신설선,솔샘,5302,5073,10375,229,3,16,수
2022-03-16,우이신설선,북한산보국문,5667,5353,11020,314,3,16,수
2022-03-16,우이신설선,정릉,4289,3969,8258,320,3,16,수
2022-03-16,우이신설선,성신여대입구(돈암),3057,3359,6416,-302,3,16,수
2022-03-16,우이신설선,보문,1346,1374,2720,-28,3,16,수
2022-03-16,우이신설선,신설동,2056,1944,4000,112,3,16,수
2022-03-16,일산선,원흥,9685,9229,18914,456,3,16,수
2022-03-16,일산선,삼송,18298,17777,36075,521,3,16,수
2022-03-16,일산선,원당,10331,9854,20185,477,3,16,수
2022-03-16,일산선,화정,15271,15810,31081,-539,3,16,수
2022-03-16,일산선,대곡,2006,1584,3590,422,3,16,수
2022-03-16,일산선,백석,8753,8841,17594,-88,3,16,수
2022-03-16,일산선,마두,6892,7042,13934,-150,3,16,수
2022-03-16,일산선,정발산,6320,6419,12739,-99,3,16,수
2022-03-16,일산선,주엽,8146,8213,16359,-67,3,16,수
2022-03-16,일산선,대화,11529,9174,20703,2355,3,16,수
2022-03-16,장항선,봉명,1249,1207,2456,42,3,16,수
2022-03-16,장항선,쌍용(나사렛대),2699,2484,5183,215,3,16,수
2022-03-16,장항선,아산,3408,2939,6347,469,3,16,수
2022-03-16,장항선,탕정,743,661,1404,82,3,16,수
2022-03-16,장항선,배방,1124,1076,2200,48,3,16,수
2022-03-16,장항선,온양온천,3243,3353,6596,-110,3,16,수
2022-03-16,장항선,신창(순천향대),2838,2722,5560,116,3,16,수
2022-03-16,중앙선,회기,22515,21864,44379,651,3,16,수
2022-03-16,중앙선,중랑,5224,4965,10189,259,3,16,수
2022-03-16,중앙선,상봉(시외버스터미널),5134,5262,10396,-128,3,16,수
2022-03-16,중앙선,망우,7088,7006,14094,82,3,16,수
2022-03-16,중앙선,양원,2642,2528,5170,114,3,16,수
2022-03-16,중앙선,구리,12177,12434,24611,-257,3,16,수
2022-03-16,중앙선,도농,9578,8905,18483,673,3,16,수
2022-03-16,중앙선,양정,772,607,1379,165,3,16,수
2022-03-16,중앙선,덕소,5095,5167,10262,-72,3,16,수
2022-03-16,중앙선,도심,2236,1823,4059,413,3,16,수
2022-03-16,중앙선,팔당,783,834,1617,-51,3,16,수
2022-03-16,중앙선,운길산,791,767,1558,24,3,16,수
2022-03-16,중앙선,양수,1782,1810,3592,-28,3,16,수
2022-03-16,중앙선,신원,214,188,402,26,3,16,수
2022-03-16,중앙선,국수,714,717,1431,-3,3,16,수
2022-03-16,중앙선,아신,451,446,897,5,3,16,수
2022-03-16,중앙선,오빈,303,307,610,-4,3,16,수
2022-03-16,중앙선,양평,2398,2406,4804,-8,3,16,수
2022-03-16,중앙선,원덕,349,351,700,-2,3,16,수
2022-03-16,중앙선,용문,1542,1539,3081,3,3,16,수
2022-03-16,중앙선,지평,75,80,155,-5,3,16,수
2022-03-17,경원선,덕계,3010,2655,5665,355,3,17,목
2022-03-17,경원선,덕정,5977,5738,11715,239,3,17,목
2022-03-17,경원선,지행,6049,6212,12261,-163,3,17,목
2022-03-17,경원선,동두천중앙,2855,2735,5590,120,3,17,목
2022-03-17,1호선,서울역,35000,33191,68191,1809,3,17,목
2022-03-17,1호선,시청,19082,19172,38254,-90,3,17,목
2022-03-17,1호선,종각,29055,28218,57273,837,3,17,목
2022-03-17,1호선,종로3가,21224,19739,40963,1485,3,17,목
2022-03-17,1호선,종로5가,19764,19409,39173,355,3,17,목
2022-03-17,1호선,동대문,9401,8841,18242,560,3,17,목
2022-03-17,1호선,신설동,12677,12425,25102,252,3,17,목
2022-03-17,1호선,제기동,14994,15420,30414,-426,3,17,목
2022-03-17,1호선,청량리(서울시립대입구),17342,17334,34676,8,3,17,목
2022-03-17,1호선,동묘앞,6999,7313,14312,-314,3,17,목
2022-03-17,2호선,시청,20308,19506,39814,802,3,17,목
2022-03-17,2호선,을지로입구,33112,33792,66904,-680,3,17,목
2022-03-17,2호선,을지로3가,18781,18570,37351,211,3,17,목
2022-03-17,2호선,을지로4가,11517,11378,22895,139,3,17,목
2022-03-17,2호선,동대문역사문화공원(DDP),10562,11721,22283,-1159,3,17,목
2022-03-17,2호선,신당,12163,12540,24703,-377,3,17,목
2022-03-17,2호선,상왕십리,12556,12456,25012,100,3,17,목
2022-03-17,중앙선,양원,2632,2624,5256,8,3,17,목
2022-03-17,8호선,석촌,6829,7731,14560,-902,3,17,목
2022-03-17,8호선,송파,6880,7056,13936,-176,3,17,목
2022-03-17,8호선,가락시장,6840,7550,14390,-710,3,17,목
2022-03-17,8호선,문정,20519,21415,41934,-896,3,17,목
2022-03-17,8호선,장지,15272,14916,30188,356,3,17,목
2022-03-17,8호선,복정,9145,7762,16907,1383,3,17,목
2022-03-17,8호선,산성,4889,4903,9792,-14,3,17,목
2022-03-17,8호선,남한산성입구(성남법원.검찰청),13742,12909,26651,833,3,17,목
2022-03-17,8호선,단대오거리,10139,9547,19686,592,3,17,목
2022-03-17,8호선,신흥,3644,3957,7601,-313,3,17,목
2022-03-17,8호선,수진,4866,4510,9376,356,3,17,목
2022-03-17,8호선,모란,3914,3096,7010,818,3,17,목
2022-03-17,8호선,남위례,4191,4412,8603,-221,3,17,목
2022-03-17,9호선,개화,2106,1541,3647,565,3,17,목
2022-03-17,9호선,김포공항,5627,9675,15302,-4048,3,17,목
2022-03-17,9호선,공항시장,2769,3046,5815,-277,3,17,목
2022-03-17,9호선,신방화,6314,6083,12397,231,3,17,목
2022-03-17,9호선,마곡나루(서울식물원),10959,10721,21680,238,3,17,목
2022-03-17,9호선,양천향교,9126,9431,18557,-305,3,17,목
2022-03-17,9호선,가양,18044,17689,35733,355,3,17,목
2022-03-17,9호선,증미,6595,6521,13116,74,3,17,목
2022-03-17,2호선,왕십리(성동구청),14916,11772,26688,3144,3,17,목
2022-03-17,2호선,한양대,13993,15502,29495,-1509,3,17,목
2022-03-17,2호선,뚝섬,19005,20644,39649,-1639,3,17,목
2022-03-17,2호선,성수,33932,36990,70922,-3058,3,17,목
2022-03-17,2호선,건대입구,30819,32170,62989,-1351,3,17,목
2022-03-17,2호선,구의(광진구청),21470,21210,42680,260,3,17,목
2022-03-17,2호선,강변(동서울터미널),25358,23415,48773,1943,3,17,목
2022-03-17,2호선,잠실나루,12666,12439,25105,227,3,17,목
2022-03-17,2호선,잠실(송파구청),54150,54104,108254,46,3,17,목
2022-03-17,2호선,잠실새내,17968,17850,35818,118,3,17,목
2022-03-17,2호선,종합운동장,6266,6738,13004,-472,3,17,목
2022-03-17,2호선,삼성(무역센터),44981,45349,90330,-368,3,17,목
2022-03-17,2호선,선릉,49977,44555,94532,5422,3,17,목
2022-03-17,2호선,역삼,45564,50762,96326,-5198,3,17,목
2022-03-17,2호선,강남,71541,70061,141602,1480,3,17,목
2022-03-17,2호선,교대(법원.검찰청),30047,34137,64184,-4090,3,17,목
2022-03-17,2호선,서초,18931,18288,37219,643,3,17,목
2022-03-17,2호선,방배,17593,18355,35948,-762,3,17,목
2022-03-17,2호선,사당,31298,34220,65518,-2922,3,17,목
2022-03-17,2호선,낙성대(강감찬),24464,24078,48542,386,3,17,목
2022-03-17,2호선,서울대입구(관악구청),42450,41525,83975,925,3,17,목
2022-03-17,2호선,봉천,21170,19872,41042,1298,3,17,목
2022-03-17,2호선,신림,56693,54964,111657,1729,3,17,목
2022-03-17,2호선,신대방,23770,23191,46961,579,3,17,목
2022-03-17,2호선,구로디지털단지,52654,52454,105108,200,3,17,목
2022-03-17,2호선,대림(구로구청),21150,21793,42943,-643,3,17,목
2022-03-17,2호선,신도림,40423,40160,80583,263,3,17,목
2022-03-17,2호선,문래,19320,19628,38948,-308,3,17,목
2022-03-17,2호선,영등포구청,20303,20880,41183,-577,3,17,목
2022-03-17,2호선,당산,16411,19109,35520,-2698,3,17,목
2022-03-17,2호선,합정,26053,26911,52964,-858,3,17,목
2022-03-17,2호선,홍대입구,45126,46404,91530,-1278,3,17,목
2022-03-17,2호선,신촌,28596,28649,57245,-53,3,17,목
2022-03-17,2호선,이대,12326,13220,25546,-894,3,17,목
2022-03-17,2호선,아현,9437,9161,18598,276,3,17,목
2022-03-17,2호선,충정로(경기대입구),8815,9457,18272,-642,3,17,목
2022-03-17,2호선,용답,3034,3284,6318,-250,3,17,목
2022-03-17,2호선,신답,1501,1740,3241,-239,3,17,목
2022-03-17,2호선,신설동,2957,3024,5981,-67,3,17,목
2022-03-17,2호선,도림천,1254,1317,2571,-63,3,17,목
2022-03-17,2호선,양천구청,6098,6371,12469,-273,3,17,목
2022-03-17,2호선,용두(동대문구청),2093,2205,4298,-112,3,17,목
2022-03-17,3호선,지축,4351,4067,8418,284,3,17,목
2022-03-17,3호선,구파발,18462,17543,36005,919,3,17,목
2022-03-17,3호선,연신내,32546,31062,63608,1484,3,17,목
2022-03-17,3호선,불광,14293,15312,29605,-1019,3,17,목
2022-03-17,3호선,녹번,14081,12640,26721,1441,3,17,목
2022-03-17,3호선,홍제,15964,15198,31162,766,3,17,목
2022-03-17,3호선,무악재,3414,3509,6923,-95,3,17,목
2022-03-17,3호선,독립문,6084,6430,12514,-346,3,17,목
2022-03-17,3호선,경복궁(정부서울청사),18046,17465,35511,581,3,17,목
2022-03-17,3호선,안국,17466,17819,35285,-353,3,17,목
2022-03-17,3호선,종로3가,9021,10119,19140,-1098,3,17,목
2022-03-17,3호선,을지로3가,9151,9045,18196,106,3,17,목
2022-03-17,3호선,충무로,1,0,1,1,3,17,목
2022-03-17,3호선,동대입구,8008,8759,16767,-751,3,17,목
2022-03-17,3호선,약수,11509,11204,22713,305,3,17,목
2022-03-17,3호선,금호,6844,6542,13386,302,3,17,목
2022-03-17,3호선,옥수,7578,7895,15473,-317,3,17,목
2022-03-17,3호선,압구정,26736,28453,55189,-1717,3,17,목
2022-03-17,3호선,신사,26952,27554,54506,-602,3,17,목
2022-03-17,3호선,잠원,4226,4161,8387,65,3,17,목
2022-03-17,3호선,고속터미널,31145,29889,61034,1256,3,17,목
2022-03-17,3호선,교대(법원.검찰청),12852,8343,21195,4509,3,17,목
2022-03-17,3호선,남부터미널(예술의전당),25354,25753,51107,-399,3,17,목
2022-03-17,3호선,양재(서초구청),34071,36821,70892,-2750,3,17,목
2022-03-17,3호선,매봉,10836,10282,21118,554,3,17,목
2022-03-17,3호선,도곡,4609,4885,9494,-276,3,17,목
2022-03-17,3호선,대치,9711,9815,19526,-104,3,17,목
2022-03-17,3호선,학여울,2651,2797,5448,-146,3,17,목
2022-03-17,3호선,대청,9186,8460,17646,726,3,17,목
2022-03-17,3호선,일원,9321,9161,18482,160,3,17,목
2022-03-17,3호선,수서,14592,14765,29357,-173,3,17,목
2022-03-17,3호선,가락시장,7853,7662,15515,191,3,17,목
2022-03-17,3호선,경찰병원,6517,6533,13050,-16,3,17,목
2022-03-17,3호선,오금,5465,5021,10486,444,3,17,목
2022-03-17,4호선,당고개,11668,10884,22552,784,3,17,목
2022-03-17,4호선,상계,17049,15982,33031,1067,3,17,목
2022-03-17,4호선,노원,16220,18249,34469,-2029,3,17,목
2022-03-17,4호선,창동,22386,23844,46230,-1458,3,17,목
2022-03-17,4호선,쌍문,26113,24332,50445,1781,3,17,목
2022-03-17,4호선,수유(강북구청),30261,30125,60386,136,3,17,목
2022-03-17,4호선,미아(서울사이버대학),14051,13787,27838,264,3,17,목
2022-03-17,4호선,미아사거리,24181,23686,47867,495,3,17,목
2022-03-17,4호선,길음,18870,18835,37705,35,3,17,목
2022-03-17,4호선,성신여대입구(돈암),18763,17705,36468,1058,3,17,목
2022-03-17,4호선,한성대입구(삼선교),12637,12364,25001,273,3,17,목
2022-03-17,4호선,혜화,28448,28417,56865,31,3,17,목
2022-03-17,4호선,동대문,17124,17804,34928,-680,3,17,목
2022-03-17,4호선,동대문역사문화공원(DDP),12549,11727,24276,822,3,17,목
2022-03-17,4호선,충무로,25629,26166,51795,-537,3,17,목
2022-03-17,4호선,명동,16076,16478,32554,-402,3,17,목
2022-03-17,4호선,회현(남대문시장),20844,21960,42804,-1116,3,17,목
2022-03-17,4호선,서울역,9295,12764,22059,-3469,3,17,목
2022-03-17,4호선,숙대입구(갈월),13161,12404,25565,757,3,17,목
2022-03-17,4호선,삼각지,4266,4720,8986,-454,3,17,목
2022-03-17,4호선,신용산,13657,14216,27873,-559,3,17,목
2022-03-17,4호선,이촌(국립중앙박물관),5971,6531,12502,-560,3,17,목
2022-03-17,4호선,동작(현충원),1278,1433,2711,-155,3,17,목
2022-03-17,4호선,총신대입구(이수),16715,17873,34588,-1158,3,17,목
2022-03-17,4호선,사당,21643,17933,39576,3710,3,17,목
2022-03-17,4호선,남태령,1031,923,1954,108,3,17,목
2022-03-17,5호선,방화,5831,5694,11525,137,3,17,목
2022-03-17,5호선,개화산,5025,4828,9853,197,3,17,목
2022-03-17,5호선,김포공항,6054,5653,11707,401,3,17,목
2022-03-17,5호선,송정,5753,5524,11277,229,3,17,목
2022-03-17,5호선,마곡,9765,9738,19503,27,3,17,목
2022-03-17,5호선,발산,18281,18471,36752,-190,3,17,목
2022-03-17,5호선,우장산,13102,12925,26027,177,3,17,목
2022-03-17,5호선,화곡,25782,24062,49844,1720,3,17,목
2022-03-17,5호선,까치산,25973,25176,51149,797,3,17,목
2022-03-17,5호선,신정(은행정),12570,10294,22864,2276,3,17,목
2022-03-17,5호선,목동,14965,16299,31264,-1334,3,17,목
2022-03-17,5호선,오목교(목동운동장앞),18371,19743,38114,-1372,3,17,목
2022-03-17,5호선,양평,6785,6617,13402,168,3,17,목
2022-03-17,5호선,영등포구청,3570,3684,7254,-114,3,17,목
2022-03-17,5호선,영등포시장,8909,9150,18059,-241,3,17,목
2022-03-17,5호선,신길,3775,3954,7729,-179,3,17,목
2022-03-17,5호선,여의도,24711,25912,50623,-1201,3,17,목
2022-03-17,5호선,여의나루,7708,8602,16310,-894,3,17,목
2022-03-17,5호선,마포,12923,13295,26218,-372,3,17,목
2022-03-17,5호선,공덕,12379,13108,25487,-729,3,17,목
2022-03-17,5호선,애오개,6065,6183,12248,-118,3,17,목
2022-03-17,5호선,충정로(경기대입구),4501,4597,9098,-96,3,17,목
2022-03-17,5호선,서대문,17360,17618,34978,-258,3,17,목
2022-03-17,5호선,광화문(세종문화회관),24749,25540,50289,-791,3,17,목
2022-03-17,5호선,종로3가,10282,10148,20430,134,3,17,목
2022-03-17,5호선,을지로4가,5476,5524,11000,-48,3,17,목
2022-03-17,5호선,동대문역사문화공원(DDP),2645,2993,5638,-348,3,17,목
2022-03-17,5호선,신금호,5911,6150,12061,-239,3,17,목
2022-03-17,5호선,행당,7276,6614,13890,662,3,17,목
2022-03-17,5호선,왕십리(성동구청),4143,4592,8735,-449,3,17,목
2022-03-17,5호선,마장,5146,5001,10147,145,3,17,목
2022-03-17,5호선,답십리,14241,13172,27413,1069,3,17,목
2022-03-17,5호선,장한평,16973,16772,33745,201,3,17,목
2022-03-17,5호선,군자(능동),10078,10998,21076,-920,3,17,목
2022-03-17,5호선,아차산(어린이대공원후문),13457,13046,26503,411,3,17,목
2022-03-17,5호선,광나루(장신대),11959,11059,23018,900,3,17,목
2022-03-17,5호선,천호(풍납토성),15514,15427,30941,87,3,17,목
2022-03-17,5호선,강동,17016,16440,33456,576,3,17,목
2022-03-17,5호선,길동,7282,7643,14925,-361,3,17,목
2022-03-17,5호선,굽은다리(강동구민회관앞),8530,8216,16746,314,3,17,목
2022-03-17,5호선,명일,7728,7944,15672,-216,3,17,목
2022-03-17,5호선,고덕,8562,8509,17071,53,3,17,목
2022-03-17,5호선,상일동,13455,12722,26177,733,3,17,목
2022-03-17,5호선,둔촌동,7730,7664,15394,66,3,17,목
2022-03-17,5호선,올림픽공원(한국체대),3893,3287,7180,606,3,17,목
2022-03-17,5호선,방이,6374,6631,13005,-257,3,17,목
2022-03-17,5호선,오금,3536,3406,6942,130,3,17,목
2022-03-17,5호선,개롱,5679,6043,11722,-364,3,17,목
2022-03-17,5호선,거여,9242,8864,18106,378,3,17,목
2022-03-17,5호선,마천,6493,6445,12938,48,3,17,목
2022-03-17,5호선,강일,3643,3447,7090,196,3,17,목
2022-03-17,5호선,미사,14085,14303,28388,-218,3,17,목
2022-03-17,5호선,하남풍산,3881,3871,7752,10,3,17,목
2022-03-17,5호선,하남시청(덕풍·신장),5929,5858,11787,71,3,17,목
2022-03-17,5호선,하남검단산,4855,4713,9568,142,3,17,목
2022-03-17,6호선,응암,15733,15819,31552,-86,3,17,목
2022-03-17,6호선,역촌,3444,4149,7593,-705,3,17,목
2022-03-17,6호선,불광,3711,3754,7465,-43,3,17,목
2022-03-17,6호선,독바위,2404,2663,5067,-259,3,17,목
2022-03-17,6호선,구산,7031,5326,12357,1705,3,17,목
2022-03-17,6호선,새절(신사),11658,10955,22613,703,3,17,목
2022-03-17,6호선,증산(명지대앞),9122,9162,18284,-40,3,17,목
2022-03-17,6호선,디지털미디어시티,12076,13353,25429,-1277,3,17,목
2022-03-17,6호선,월드컵경기장(성산),3748,3933,7681,-185,3,17,목
2022-03-17,6호선,마포구청,12875,11694,24569,1181,3,17,목
2022-03-17,6호선,망원,12214,12817,25031,-603,3,17,목
2022-03-17,6호선,합정,10962,10819,21781,143,3,17,목
2022-03-17,6호선,상수,7756,8409,16165,-653,3,17,목
2022-03-17,6호선,광흥창(서강),8201,8088,16289,113,3,17,목
2022-03-17,6호선,대흥(서강대앞),7781,7971,15752,-190,3,17,목
2022-03-17,6호선,공덕,16070,15531,31601,539,3,17,목
2022-03-17,6호선,효창공원앞,6428,6158,12586,270,3,17,목
2022-03-17,6호선,삼각지,5435,4916,10351,519,3,17,목
2022-03-17,6호선,녹사평(용산구청),3932,4079,8011,-147,3,17,목
2022-03-17,6호선,이태원,8332,8468,16800,-136,3,17,목
2022-03-17,6호선,한강진,6391,7569,13960,-1178,3,17,목
2022-03-17,6호선,버티고개,1823,1866,3689,-43,3,17,목
2022-03-17,6호선,약수,3306,3249,6555,57,3,17,목
2022-03-17,6호선,청구,3401,3648,7049,-247,3,17,목
2022-03-17,6호선,신당,7277,7688,14965,-411,3,17,목
2022-03-17,6호선,동묘앞,6952,7150,14102,-198,3,17,목
2022-03-17,6호선,창신,3412,2861,6273,551,3,17,목
2022-03-17,6호선,보문,6654,6162,12816,492,3,17,목
2022-03-17,6호선,안암(고대병원앞),13137,12819,25956,318,3,17,목
2022-03-17,6호선,고려대(종암),8153,8007,16160,146,3,17,목
2022-03-17,6호선,월곡(동덕여대),11276,11083,22359,193,3,17,목
2022-03-17,6호선,상월곡(한국과학기술연구원),5871,5455,11326,416,3,17,목
2022-03-17,6호선,돌곶이,8786,7949,16735,837,3,17,목
2022-03-17,6호선,석계,11175,11965,23140,-790,3,17,목
2022-03-17,6호선,태릉입구,5150,5672,10822,-522,3,17,목
2022-03-17,6호선,화랑대(서울여대입구),11540,8971,20511,2569,3,17,목
2022-03-17,6호선,봉화산(서울의료원),7989,7629,15618,360,3,17,목
2022-03-17,6호선,신내,2,0,2,2,3,17,목
2022-03-17,7호선,장암,2015,779,2794,1236,3,17,목
2022-03-17,7호선,도봉산,8404,9837,18241,-1433,3,17,목
2022-03-17,7호선,수락산,11224,10948,22172,276,3,17,목
2022-03-17,7호선,마들,11711,11331,23042,380,3,17,목
2022-03-17,7호선,노원,16805,17679,34484,-874,3,17,목
2022-03-17,7호선,중계,13272,12389,25661,883,3,17,목
2022-03-17,7호선,하계,16241,15257,31498,984,3,17,목
2022-03-17,7호선,공릉(서울과학기술대),11558,11314,22872,244,3,17,목
2022-03-17,7호선,태릉입구,7961,7733,15694,228,3,17,목
2022-03-17,7호선,먹골,9220,8999,18219,221,3,17,목
2022-03-17,7호선,중화,9711,9619,19330,92,3,17,목
2022-03-17,7호선,상봉(시외버스터미널),15044,13931,28975,1113,3,17,목
2022-03-17,7호선,면목,15019,14651,29670,368,3,17,목
2022-03-17,7호선,사가정,14461,14688,29149,-227,3,17,목
2022-03-17,7호선,용마산(용마폭포공원),5616,5490,11106,126,3,17,목
2022-03-17,7호선,중곡,9915,9419,19334,496,3,17,목
2022-03-17,7호선,군자(능동),13491,10824,24315,2667,3,17,목
2022-03-17,7호선,어린이대공원(세종대),13171,13331,26502,-160,3,17,목
2022-03-17,7호선,건대입구,11533,11938,23471,-405,3,17,목
2022-03-17,7호선,뚝섬유원지,6914,6879,13793,35,3,17,목
2022-03-17,7호선,청담,17547,19632,37179,-2085,3,17,목
2022-03-17,7호선,강남구청,14563,16024,30587,-1461,3,17,목
2022-03-17,7호선,학동,22431,23692,46123,-1261,3,17,목
2022-03-17,7호선,논현,17840,19250,37090,-1410,3,17,목
2022-03-17,7호선,반포,5166,4980,10146,186,3,17,목
2022-03-17,7호선,고속터미널,12988,10958,23946,2030,3,17,목
2022-03-17,7호선,내방,13268,13426,26694,-158,3,17,목
2022-03-17,7호선,이수,13726,13516,27242,210,3,17,목
2022-03-17,7호선,남성,9877,9308,19185,569,3,17,목
2022-03-17,7호선,숭실대입구(살피재),13413,13748,27161,-335,3,17,목
2022-03-17,7호선,상도,10162,10064,20226,98,3,17,목
2022-03-17,7호선,장승배기,8035,7897,15932,138,3,17,목
2022-03-17,7호선,신대방삼거리,15443,14865,30308,578,3,17,목
2022-03-17,7호선,보라매,8993,8846,17839,147,3,17,목
2022-03-17,7호선,신풍,10416,10037,20453,379,3,17,목
2022-03-17,7호선,대림(구로구청),6664,6664,13328,0,3,17,목
2022-03-17,7호선,남구로,14201,15056,29257,-855,3,17,목
2022-03-17,7호선,가산디지털단지,41169,41454,82623,-285,3,17,목
2022-03-17,7호선,철산,18582,18953,37535,-371,3,17,목
2022-03-17,7호선,광명사거리,20070,19744,39814,326,3,17,목
2022-03-17,7호선,천왕,10268,9886,20154,382,3,17,목
2022-03-17,7호선,온수(성공회대입구),9586,9012,18598,574,3,17,목
2022-03-17,경원선,보산,1520,1419,2939,101,3,17,목
2022-03-17,7호선,부천종합운동장,1,0,1,1,3,17,목
2022-03-17,7호선,부천시청,4,0,4,4,3,17,목
2022-03-17,7호선,상동,2,0,2,2,3,17,목
2022-03-17,8호선,암사,16887,15155,32042,1732,3,17,목
2022-03-17,8호선,천호(풍납토성),13014,14640,27654,-1626,3,17,목
2022-03-17,8호선,강동구청,9443,9817,19260,-374,3,17,목
2022-03-17,8호선,몽촌토성(평화의문),5291,5410,10701,-119,3,17,목
2022-03-17,8호선,잠실(송파구청),11422,13052,24474,-1630,3,17,목
2022-03-17,경원선,동두천,2553,2729,5282,-176,3,17,목
2022-03-17,경원선,소요산,2299,1979,4278,320,3,17,목
2022-03-17,경의선,서울역,3903,4870,8773,-967,3,17,목
2022-03-17,경의선,신촌,802,992,1794,-190,3,17,목
2022-03-17,경의선,효창공원앞,2742,3041,5783,-299,3,17,목
2022-03-17,경의선,공덕,3089,2710,5799,379,3,17,목
2022-03-17,경의선,서강대,1899,1886,3785,13,3,17,목
2022-03-17,경의선,홍대입구,1461,1653,3114,-192,3,17,목
2022-03-17,경의선,가좌,4851,4692,9543,159,3,17,목
2022-03-17,경의선,디지털미디어시티,2206,2104,4310,102,3,17,목
2022-03-17,경의선,수색,2603,2787,5390,-184,3,17,목
2022-03-17,경의선,화전,3390,3191,6581,199,3,17,목
2022-03-17,경의선,강매,2982,2598,5580,384,3,17,목
2022-03-17,경의선,행신,7045,7287,14332,-242,3,17,목
2022-03-17,경의선,능곡,3510,3282,6792,228,3,17,목
2022-03-17,경의선,곡산,573,586,1159,-13,3,17,목
2022-03-17,경의선,백마,6475,6376,12851,99,3,17,목
2022-03-17,경의선,풍산,5012,4733,9745,279,3,17,목
2022-03-17,경의선,일산,8519,8573,17092,-54,3,17,목
2022-03-17,경의선,탄현,7012,6883,13895,129,3,17,목
2022-03-17,경의선,야당,6638,6707,13345,-69,3,17,목
2022-03-17,경의선,운정,6279,5972,12251,307,3,17,목
2022-03-17,우이신설선,보문,1357,1399,2756,-42,3,17,목
2022-03-17,우이신설선,신설동,2000,1946,3946,54,3,17,목
2022-03-17,일산선,원흥,9550,9153,18703,397,3,17,목
2022-03-17,일산선,삼송,17985,17545,35530,440,3,17,목
2022-03-17,일산선,원당,10050,9655,19705,395,3,17,목
2022-03-17,일산선,화정,15184,15561,30745,-377,3,17,목
2022-03-17,일산선,대곡,1911,1521,3432,390,3,17,목
2022-03-17,일산선,백석,8836,8708,17544,128,3,17,목
2022-03-17,일산선,마두,6573,6845,13418,-272,3,17,목
2022-03-17,일산선,정발산,6083,6068,12151,15,3,17,목
2022-03-17,일산선,주엽,7850,8041,15891,-191,3,17,목
2022-03-17,일산선,대화,11101,9101,20202,2000,3,17,목
2022-03-17,장항선,봉명,1154,1111,2265,43,3,17,목
2022-03-17,장항선,쌍용(나사렛대),2674,2401,5075,273,3,17,목
2022-03-17,9호선,등촌,10226,9961,20187,265,3,17,목
2022-03-17,9호선,염창,15614,15337,30951,277,3,17,목
2022-03-17,9호선,신목동,3726,3314,7040,412,3,17,목
2022-03-17,9호선,선유도,7678,7382,15060,296,3,17,목
2022-03-17,9호선,당산,15987,15934,31921,53,3,17,목
2022-03-17,9호선,국회의사당,13292,13650,26942,-358,3,17,목
2022-03-17,9호선,여의도,23044,22491,45535,553,3,17,목
2022-03-17,9호선,샛강,5083,5249,10332,-166,3,17,목
2022-03-17,9호선,노량진,22974,22119,45093,855,3,17,목
2022-03-17,9호선,노들,3829,3297,7126,532,3,17,목
2022-03-17,9호선,흑석(중앙대입구),8234,8305,16539,-71,3,17,목
2022-03-17,9호선,동작(현충원),1721,1330,3051,391,3,17,목
2022-03-17,9호선,구반포,1145,1193,2338,-48,3,17,목
2022-03-17,장항선,아산,3432,3115,6547,317,3,17,목
2022-03-17,장항선,탕정,689,563,1252,126,3,17,목
2022-03-17,장항선,배방,1032,953,1985,79,3,17,목
2022-03-17,장항선,온양온천,3004,3142,6146,-138,3,17,목
2022-03-17,장항선,신창(순천향대),3181,2468,5649,713,3,17,목
2022-03-17,중앙선,회기,22134,21371,43505,763,3,17,목
2022-03-17,중앙선,중랑,5099,4826,9925,273,3,17,목
2022-03-17,중앙선,상봉(시외버스터미널),5002,5073,10075,-71,3,17,목
2022-03-17,9호선,신반포,2938,2887,5825,51,3,17,목
2022-03-17,9호선,고속터미널,9799,12017,21816,-2218,3,17,목
2022-03-17,9호선,사평,3019,3006,6025,13,3,17,목
2022-03-17,9호선,신논현,26321,26244,52565,77,3,17,목
2022-03-17,9호선2~3단계,언주,9193,9392,18585,-199,3,17,목
2022-03-17,9호선2~3단계,선정릉,8330,9377,17707,-1047,3,17,목
2022-03-17,9호선2~3단계,삼성중앙,5879,6203,12082,-324,3,17,목
2022-03-17,9호선2~3단계,봉은사,14428,14977,29405,-549,3,17,목
2022-03-17,9호선2~3단계,종합운동장,3457,3603,7060,-146,3,17,목
2022-03-17,9호선2~3단계,삼전,6233,6094,12327,139,3,17,목
2022-03-17,9호선2~3단계,석촌고분,5345,5327,10672,18,3,17,목
2022-03-17,9호선2~3단계,석촌,7348,6565,13913,783,3,17,목
2022-03-17,9호선2~3단계,송파나루,4408,4701,9109,-293,3,17,목
2022-03-17,9호선2~3단계,한성백제,2168,1962,4130,206,3,17,목
2022-03-17,9호선2~3단계,올림픽공원(한국체대),5080,5164,10244,-84,3,17,목
2022-03-17,9호선2~3단계,둔촌오륜,1078,1038,2116,40,3,17,목
2022-03-17,9호선2~3단계,중앙보훈병원,9596,8420,18016,1176,3,17,목
2022-03-17,중앙선,망우,6886,6932,13818,-46,3,17,목
2022-03-17,경강선,판교,4094,3997,8091,97,3,17,목
2022-03-17,경의선,금릉,4273,4204,8477,69,3,17,목
2022-03-17,경의선,금촌,5652,5504,11156,148,3,17,목
2022-03-17,경의선,월롱,2586,2383,4969,203,3,17,목
2022-03-17,경의선,파주,1380,1029,2409,351,3,17,목
2022-03-17,경의선,문산,4307,4462,8769,-155,3,17,목
2022-03-17,경의선,임진강,16,1,17,15,3,17,목
2022-03-17,경인선,개봉,19099,19121,38220,-22,3,17,목
2022-03-17,경인선,오류동,10779,10005,20784,774,3,17,목
2022-03-17,경인선,역곡,25414,25224,50638,190,3,17,목
2022-03-17,경인선,부천,28256,28438,56694,-182,3,17,목
2022-03-17,경인선,송내,24393,24374,48767,19,3,17,목
2022-03-17,경인선,부평,25068,26485,51553,-1417,3,17,목
2022-03-17,경인선,백운,6340,6383,12723,-43,3,17,목
2022-03-17,경인선,동암,13045,13120,26165,-75,3,17,목
2022-03-17,경인선,주안,17372,16017,33389,1355,3,17,목
2022-03-17,경인선,제물포,9729,9442,19171,287,3,17,목
2022-03-17,경인선,동인천,12361,11773,24134,588,3,17,목
2022-03-17,경인선,인천,2914,2186,5100,728,3,17,목
2022-03-17,경인선,구일,5678,5621,11299,57,3,17,목
2022-03-17,경인선,소사,7967,7741,15708,226,3,17,목
2022-03-17,경인선,부개,7656,7330,14986,326,3,17,목
2022-03-17,경인선,간석,5270,5104,10374,166,3,17,목
2022-03-17,경인선,도원,2973,2634,5607,339,3,17,목
2022-03-17,경인선,온수(성공회대입구),6292,5983,12275,309,3,17,목
2022-03-17,경인선,중동,8382,7887,16269,495,3,17,목
2022-03-17,경인선,도화,3827,3545,7372,282,3,17,목
2022-03-17,경춘선,신내,2073,1952,4025,121,3,17,목
2022-03-17,경춘선,갈매,2731,2429,5160,302,3,17,목
2022-03-17,경춘선,별내,3056,2991,6047,65,3,17,목
2022-03-17,경춘선,퇴계원,3243,3123,6366,120,3,17,목
2022-03-17,경춘선,사릉,3072,3032,6104,40,3,17,목
2022-03-17,경춘선,금곡,1404,1380,2784,24,3,17,목
2022-03-17,경춘선,평내호평,5647,5650,11297,-3,3,17,목
2022-03-17,경춘선,천마산,1572,1468,3040,104,3,17,목
2022-03-17,경춘선,마석,3594,3601,7195,-7,3,17,목
2022-03-17,경춘선,대성리,405,357,762,48,3,17,목
2022-03-17,경춘선,청평,1337,1385,2722,-48,3,17,목
2022-03-17,경춘선,상천,215,207,422,8,3,17,목
2022-03-17,경춘선,가평,1251,1264,2515,-13,3,17,목
2022-03-17,경춘선,굴봉산,98,102,200,-4,3,17,목
2022-03-17,경춘선,백양리,59,51,110,8,3,17,목
2022-03-17,경춘선,강촌,366,344,710,22,3,17,목
2022-03-17,경춘선,김유정,240,248,488,-8,3,17,목
2022-03-17,경춘선,남춘천,2731,2407,5138,324,3,17,목
2022-03-17,경춘선,춘천,1482,1185,2667,297,3,17,목
2022-03-17,공항철도 1호선,서울역,6352,5632,11984,720,3,17,목
2022-03-17,공항철도 1호선,공덕,2027,2494,4521,-467,3,17,목
2022-03-17,공항철도 1호선,홍대입구,7733,7699,15432,34,3,17,목
2022-03-17,공항철도 1호선,디지털미디어시티,12451,11393,23844,1058,3,17,목
2022-03-17,공항철도 1호선,마곡나루(서울식물원),7839,7713,15552,126,3,17,목
2022-03-17,공항철도 1호선,김포공항,9600,4767,14367,4833,3,17,목
2022-03-17,공항철도 1호선,계양,9253,8847,18100,406,3,17,목
2022-03-17,공항철도 1호선,검암,5855,5797,11652,58,3,17,목
2022-03-17,공항철도 1호선,청라국제도시,6063,5810,11873,253,3,17,목
2022-03-17,공항철도 1호선,운서,5904,6010,11914,-106,3,17,목
2022-03-17,공항철도 1호선,공항화물청사,2213,2362,4575,-149,3,17,목
2022-03-17,공항철도 1호선,인천공항1터미널,3107,3159,6266,-52,3,17,목
2022-03-17,공항철도 1호선,인천공항2터미널,2099,1984,4083,115,3,17,목
2022-03-17,공항철도 1호선,영종,2569,2660,5229,-91,3,17,목
2022-03-17,과천선,선바위,7187,6492,13679,695,3,17,목
2022-03-17,과천선,경마공원,1158,1157,2315,1,3,17,목
2022-03-17,과천선,대공원,2219,2284,4503,-65,3,17,목
2022-03-17,과천선,과천,5468,5114,10582,354,3,17,목
2022-03-17,과천선,정부과천청사,9144,9169,18313,-25,3,17,목
2022-03-17,과천선,인덕원,21872,22589,44461,-717,3,17,목
2022-03-17,과천선,평촌,16235,16013,32248,222,3,17,목
2022-03-17,과천선,범계,23093,22975,46068,118,3,17,목
2022-03-17,분당선,선릉,11848,17685,29533,-5837,3,17,목
2022-03-17,분당선,한티,12712,13745,26457,-1033,3,17,목
2022-03-17,분당선,도곡,6008,6025,12033,-17,3,17,목
2022-03-17,분당선,구룡,2124,2067,4191,57,3,17,목
2022-03-17,분당선,개포동,3333,3399,6732,-66,3,17,목
2022-03-17,분당선,대모산입구,4079,3864,7943,215,3,17,목
2022-03-17,분당선,수서,11725,11960,23685,-235,3,17,목
2022-03-17,분당선,수원,7386,6101,13487,1285,3,17,목
2022-03-17,분당선,서울숲,8869,8851,17720,18,3,17,목
2022-03-17,분당선,압구정로데오,16499,17843,34342,-1344,3,17,목
2022-03-17,분당선,강남구청,8863,10131,18994,-1268,3,17,목
2022-03-17,분당선,선정릉,7382,7771,15153,-389,3,17,목
2022-03-17,분당선,가천대,9177,10092,19269,-915,3,17,목
2022-03-17,분당선,태평,12070,11788,23858,282,3,17,목
2022-03-17,분당선,모란,18009,18101,36110,-92,3,17,목
2022-03-17,분당선,야탑,23030,23957,46987,-927,3,17,목
2022-03-17,분당선,서현,21179,21484,42663,-305,3,17,목
2022-03-17,분당선,수내,11671,11788,23459,-117,3,17,목
2022-03-17,분당선,정자,15008,15961,30969,-953,3,17,목
2022-03-17,분당선,미금,13881,14878,28759,-997,3,17,목
2022-03-17,분당선,오리,10554,8823,19377,1731,3,17,목
2022-03-17,분당선,이매,5233,5011,10244,222,3,17,목
2022-03-17,분당선,보정,2365,1980,4345,385,3,17,목
2022-03-17,분당선,죽전,12750,13878,26628,-1128,3,17,목
2022-03-17,분당선,구성,4569,4790,9359,-221,3,17,목
2022-03-17,분당선,신갈,4056,4090,8146,-34,3,17,목
2022-03-17,분당선,기흥,8899,8473,17372,426,3,17,목
2022-03-17,분당선,상갈,4815,4719,9534,96,3,17,목
2022-03-17,분당선,청명,3893,3906,7799,-13,3,17,목
2022-03-17,분당선,영통,7334,7517,14851,-183,3,17,목
2022-03-17,분당선,망포,13048,12325,25373,723,3,17,목
2022-03-17,분당선,매탄권선,4677,4593,9270,84,3,17,목
2022-03-17,경강선,이매,1004,867,1871,137,3,17,목
2022-03-17,분당선,수원시청,11212,11995,23207,-783,3,17,목
2022-03-17,분당선,매교,2991,2999,5990,-8,3,17,목
2022-03-17,수인선,고색,4682,4516,9198,166,3,17,목
2022-03-17,수인선,오목천,3121,2992,6113,129,3,17,목
2022-03-17,수인선,어천,662,678,1340,-16,3,17,목
2022-03-17,수인선,야목,374,267,641,107,3,17,목
2022-03-17,수인선,사리,4479,4061,8540,418,3,17,목
2022-03-17,수인선,달월,99,59,158,40,3,17,목
2022-03-17,수인선,월곶,2576,2394,4970,182,3,17,목
2022-03-17,수인선,소래포구,4459,4173,8632,286,3,17,목
2022-03-17,수인선,인천논현,5098,5429,10527,-331,3,17,목
2022-03-17,수인선,호구포,3728,3947,7675,-219,3,17,목
2022-03-17,수인선,남동인더스파크,2193,2438,4631,-245,3,17,목
2022-03-17,수인선,원인재,3949,4230,8179,-281,3,17,목
2022-03-17,수인선,연수,4318,4237,8555,81,3,17,목
2022-03-17,수인선,송도,2329,2126,4455,203,3,17,목
2022-03-17,수인선,인하대,6524,6079,12603,445,3,17,목
2022-03-17,수인선,숭의,3652,3478,7130,174,3,17,목
2022-03-17,수인선,신포,1610,1661,3271,-51,3,17,목
2022-03-17,수인선,인천,818,1412,2230,-594,3,17,목
2022-03-17,안산선,산본,14058,15121,29179,-1063,3,17,목
2022-03-17,안산선,대야미,4525,4130,8655,395,3,17,목
2022-03-17,안산선,반월,3836,3776,7612,60,3,17,목
2022-03-17,안산선,상록수,14684,14971,29655,-287,3,17,목
2022-03-17,안산선,한대앞,9737,9848,19585,-111,3,17,목
2022-03-17,안산선,중앙,16246,16955,33201,-709,3,17,목
2022-03-17,안산선,고잔,8248,7842,16090,406,3,17,목
2022-03-17,안산선,초지,4661,5041,9702,-380,3,17,목
2022-03-17,안산선,안산,10525,9410,19935,1115,3,17,목
2022-03-17,안산선,신길온천,1570,1446,3016,124,3,17,목
2022-03-17,안산선,정왕,9715,9793,19508,-78,3,17,목
2022-03-17,안산선,오이도,7505,7538,15043,-33,3,17,목
2022-03-17,안산선,수리산,3889,3247,7136,642,3,17,목
2022-03-17,우이신설선,북한산우이,2438,2153,4591,285,3,17,목
2022-03-17,우이신설선,솔밭공원,2237,2197,4434,40,3,17,목
2022-03-17,우이신설선,4.19민주묘지,2927,2738,5665,189,3,17,목
2022-03-17,우이신설선,가오리,3747,3771,7518,-24,3,17,목
2022-03-17,우이신설선,화계,3054,2955,6009,99,3,17,목
2022-03-17,우이신설선,삼양,1815,1944,3759,-129,3,17,목
2022-03-17,우이신설선,삼양사거리,2179,2214,4393,-35,3,17,목
2022-03-17,우이신설선,솔샘,5217,4887,10104,330,3,17,목
2022-03-17,우이신설선,북한산보국문,5479,5248,10727,231,3,17,목
2022-03-17,우이신설선,정릉,4213,3932,8145,281,3,17,목
2022-03-17,우이신설선,성신여대입구(돈암),2998,3262,6260,-264,3,17,목
2022-03-17,경강선,삼동,2129,1981,4110,148,3,17,목
2022-03-17,경강선,경기광주,6999,6781,13780,218,3,17,목
2022-03-17,경강선,초월,2858,2691,5549,167,3,17,목
2022-03-17,경강선,곤지암,1983,1965,3948,18,3,17,목
2022-03-17,경강선,신둔도예촌,1461,1302,2763,159,3,17,목
2022-03-17,경강선,이천,2241,2333,4574,-92,3,17,목
2022-03-17,경강선,부발,1776,1718,3494,58,3,17,목
2022-03-17,경강선,세종대왕릉,255,249,504,6,3,17,목
2022-03-17,경강선,여주,2274,2133,4407,141,3,17,목
2022-03-17,경부선,서울역,4507,1557,6064,2950,3,17,목
2022-03-17,경부선,남영,8680,9380,18060,-700,3,17,목
2022-03-17,경부선,용산,26882,26579,53461,303,3,17,목
2022-03-17,경부선,노량진,6775,6979,13754,-204,3,17,목
2022-03-17,경부선,대방,11659,11907,23566,-248,3,17,목
2022-03-17,경부선,영등포,31258,31682,62940,-424,3,17,목
2022-03-17,경부선,신도림,3540,3590,7130,-50,3,17,목
2022-03-17,경부선,신길,8067,6940,15007,1127,3,17,목
2022-03-17,경부선,구로,16556,17035,33591,-479,3,17,목
2022-03-17,경부선,가산디지털단지,16745,19064,35809,-2319,3,17,목
2022-03-17,경부선,금천구청,10601,10614,21215,-13,3,17,목
2022-03-17,경부선,석수,8932,8098,17030,834,3,17,목
2022-03-17,경부선,관악,6653,6091,12744,562,3,17,목
2022-03-17,경부선,안양,21867,21720,43587,147,3,17,목
2022-03-17,경부선,명학,9880,9663,19543,217,3,17,목
2022-03-17,경부선,금정,24122,24694,48816,-572,3,17,목
2022-03-17,경부선,군포,7241,7389,14630,-148,3,17,목
2022-03-17,경부선,의왕,8506,8493,16999,13,3,17,목
2022-03-17,경부선,성균관대,13887,13620,27507,267,3,17,목
2022-03-17,경부선,화서,7363,7098,14461,265,3,17,목
2022-03-17,경부선,수원,30700,32616,63316,-1916,3,17,목
2022-03-17,경부선,독산,17224,17763,34987,-539,3,17,목
2022-03-17,경부선,세류,2651,2447,5098,204,3,17,목
2022-03-17,경부선,병점,13734,13928,27662,-194,3,17,목
2022-03-17,경부선,세마,2529,2445,4974,84,3,17,목
2022-03-17,경부선,오산대,3601,3289,6890,312,3,17,목
2022-03-17,경부선,오산,8966,8974,17940,-8,3,17,목
2022-03-17,경부선,진위,1590,1388,2978,202,3,17,목
2022-03-17,경부선,송탄,3892,3795,7687,97,3,17,목
2022-03-17,경부선,서정리,6648,6320,12968,328,3,17,목
2022-03-17,경부선,평택지제,3086,3060,6146,26,3,17,목
2022-03-17,경부선,평택,11112,11006,22118,106,3,17,목
2022-03-17,경부선,성환,4904,4554,9458,350,3,17,목
2022-03-17,경부선,직산,755,766,1521,-11,3,17,목
2022-03-17,경부선,두정,7053,7286,14339,-233,3,17,목
2022-03-17,경부선,천안,6210,5489,11699,721,3,17,목
2022-03-17,경부선,당정,5992,5695,11687,297,3,17,목
2022-03-17,경부선,서동탄,1241,1139,2380,102,3,17,목
2022-03-17,경부선,광명,2880,2462,5342,418,3,17,목
2022-03-17,경원선,이촌(국립중앙박물관),3054,2510,5564,544,3,17,목
2022-03-17,경원선,서빙고,1696,1592,3288,104,3,17,목
2022-03-17,경원선,한남,3688,3452,7140,236,3,17,목
2022-03-17,경원선,옥수,45,29,74,16,3,17,목
2022-03-17,경원선,응봉,1628,1382,3010,246,3,17,목
2022-03-17,경원선,왕십리(성동구청),12886,13375,26261,-489,3,17,목
2022-03-17,경원선,청량리(서울시립대입구),12453,12618,25071,-165,3,17,목
2022-03-17,경원선,외대앞,7828,7858,15686,-30,3,17,목
2022-03-17,경원선,신이문,7691,7205,14896,486,3,17,목
2022-03-17,경원선,석계,7455,8276,15731,-821,3,17,목
2022-03-17,경원선,광운대,8300,8132,16432,168,3,17,목
2022-03-17,경원선,월계,7215,6812,14027,403,3,17,목
2022-03-17,경원선,녹천,4355,3687,8042,668,3,17,목
2022-03-17,경원선,방학,8889,8908,17797,-19,3,17,목
2022-03-17,경원선,도봉,5423,5200,10623,223,3,17,목
2022-03-17,경원선,도봉산,6835,4443,11278,2392,3,17,목
2022-03-17,경원선,망월사,6903,7179,14082,-276,3,17,목
2022-03-17,경원선,회룡,11385,11304,22689,81,3,17,목
2022-03-17,5호선,청구,3703,3367,7070,336,3,17,목
2022-03-17,2호선,신정네거리,9030,9368,18398,-338,3,17,목
2022-03-17,중앙선,지평,58,67,125,-9,3,17,목
2022-03-17,중앙선,용문,1325,1354,2679,-29,3,17,목
2022-03-17,중앙선,원덕,317,309,626,8,3,17,목
2022-03-17,중앙선,양평,2223,2247,4470,-24,3,17,목
2022-03-17,중앙선,오빈,272,274,546,-2,3,17,목
2022-03-17,중앙선,아신,452,435,887,17,3,17,목
2022-03-17,중앙선,국수,622,601,1223,21,3,17,목
2022-03-17,중앙선,신원,206,181,387,25,3,17,목
2022-03-17,중앙선,양수,1528,1631,3159,-103,3,17,목
2022-03-17,중앙선,운길산,612,561,1173,51,3,17,목
2022-03-17,중앙선,팔당,674,721,1395,-47,3,17,목
2022-03-17,중앙선,도심,2190,1737,3927,453,3,17,목
2022-03-17,중앙선,덕소,4895,5053,9948,-158,3,17,목
2022-03-17,중앙선,양정,682,558,1240,124,3,17,목
2022-03-17,중앙선,도농,9560,8746,18306,814,3,17,목
2022-03-17,중앙선,구리,11856,12281,24137,-425,3,17,목
2022-03-17,경원선,의정부,16246,16783,33029,-537,3,17,목
2022-03-17,경원선,가능,6240,6110,12350,130,3,17,목
2022-03-17,경원선,녹양,4285,4019,8304,266,3,17,목
2022-03-17,경원선,양주,7332,6747,14079,585,3,17,목
2022-03-18,경강선,세종대왕릉,290,277,567,13,3,18,금
2022-03-18,경강선,이천,2405,2520,4925,-115,3,18,금
2022-03-18,경강선,신둔도예촌,1498,1321,2819,177,3,18,금
2022-03-18,경강선,곤지암,2007,1936,3943,71,3,18,금
2022-03-18,경강선,초월,2969,2755,5724,214,3,18,금
2022-03-18,경강선,경기광주,6944,6718,13662,226,3,18,금
2022-03-18,경강선,삼동,2141,1936,4077,205,3,18,금
2022-03-18,경강선,이매,991,865,1856,126,3,18,금
2022-03-18,경강선,판교,4155,4121,8276,34,3,18,금
2022-03-18,9호선2~3단계,중앙보훈병원,9477,8258,17735,1219,3,18,금
2022-03-18,9호선2~3단계,둔촌오륜,1082,984,2066,98,3,18,금
2022-03-18,9호선2~3단계,올림픽공원(한국체대),5137,5207,10344,-70,3,18,금
2022-03-18,9호선2~3단계,한성백제,2259,2016,4275,243,3,18,금
2022-03-18,9호선2~3단계,송파나루,4636,4877,9513,-241,3,18,금
2022-03-18,9호선2~3단계,석촌,7665,6635,14300,1030,3,18,금
2022-03-18,9호선2~3단계,석촌고분,5562,5375,10937,187,3,18,금
2022-03-18,9호선2~3단계,삼전,6436,6174,12610,262,3,18,금
2022-03-18,9호선2~3단계,종합운동장,3610,3834,7444,-224,3,18,금
2022-03-18,9호선2~3단계,봉은사,15221,15384,30605,-163,3,18,금
2022-03-18,9호선2~3단계,삼성중앙,5838,6168,12006,-330,3,18,금
2022-03-18,9호선2~3단계,선정릉,8461,9196,17657,-735,3,18,금
2022-03-18,9호선2~3단계,언주,9239,9394,18633,-155,3,18,금
2022-03-18,9호선,신논현,28871,29024,57895,-153,3,18,금
2022-03-18,9호선,사평,3202,3087,6289,115,3,18,금
2022-03-18,9호선,고속터미널,11145,14415,25560,-3270,3,18,금
2022-03-18,9호선,신반포,3023,2879,5902,144,3,18,금
2022-03-18,9호선,구반포,1175,1234,2409,-59,3,18,금
2022-03-18,1호선,서울역,38907,38083,76990,824,3,18,금
2022-03-18,1호선,시청,18980,19371,38351,-391,3,18,금
2022-03-18,1호선,종각,29468,28687,58155,781,3,18,금
2022-03-18,1호선,종로3가,21645,20341,41986,1304,3,18,금
2022-03-18,1호선,종로5가,20277,20114,40391,163,3,18,금
2022-03-18,1호선,동대문,9835,8950,18785,885,3,18,금
2022-03-18,1호선,신설동,12963,12584,25547,379,3,18,금
2022-03-18,1호선,제기동,14819,14866,29685,-47,3,18,금
2022-03-18,1호선,청량리(서울시립대입구),18003,17601,35604,402,3,18,금
2022-03-18,1호선,동묘앞,6874,7516,14390,-642,3,18,금
2022-03-18,2호선,시청,19872,19280,39152,592,3,18,금
2022-03-18,9호선,동작(현충원),1715,1365,3080,350,3,18,금
2022-03-18,2호선,을지로입구,32938,34035,66973,-1097,3,18,금
2022-03-18,9호선,흑석(중앙대입구),8256,8193,16449,63,3,18,금
2022-03-18,9호선,노들,4039,3394,7433,645,3,18,금
2022-03-18,9호선,노량진,23739,22966,46705,773,3,18,금
2022-03-18,9호선,샛강,5039,5243,10282,-204,3,18,금
2022-03-18,9호선,여의도,24021,22884,46905,1137,3,18,금
2022-03-18,9호선,국회의사당,13610,13960,27570,-350,3,18,금
2022-03-18,9호선,당산,16262,16249,32511,13,3,18,금
2022-03-18,9호선,선유도,7778,7192,14970,586,3,18,금
2022-03-18,9호선,신목동,3534,3084,6618,450,3,18,금
2022-03-18,9호선,염창,15445,15104,30549,341,3,18,금
2022-03-18,9호선,등촌,10213,9822,20035,391,3,18,금
2022-03-18,9호선,증미,6746,6676,13422,70,3,18,금
2022-03-18,9호선,가양,18660,17946,36606,714,3,18,금
2022-03-18,9호선,양천향교,9261,9259,18520,2,3,18,금
2022-03-18,9호선,마곡나루(서울식물원),11049,10857,21906,192,3,18,금
2022-03-18,9호선,신방화,6329,6187,12516,142,3,18,금
2022-03-18,9호선,공항시장,2807,2993,5800,-186,3,18,금
2022-03-18,9호선,김포공항,6370,12306,18676,-5936,3,18,금
2022-03-18,9호선,개화,2067,1544,3611,523,3,18,금
2022-03-18,8호선,남위례,4176,4350,8526,-174,3,18,금
2022-03-18,8호선,모란,4048,3257,7305,791,3,18,금
2022-03-18,8호선,수진,5017,4545,9562,472,3,18,금
2022-03-18,8호선,신흥,3864,4234,8098,-370,3,18,금
2022-03-18,8호선,단대오거리,10018,9475,19493,543,3,18,금
2022-03-18,8호선,남한산성입구(성남법원.검찰청),13472,12090,25562,1382,3,18,금
2022-03-18,8호선,산성,4851,4826,9677,25,3,18,금
2022-03-18,8호선,복정,9088,7548,16636,1540,3,18,금
2022-03-18,8호선,장지,16507,16036,32543,471,3,18,금
2022-03-18,8호선,문정,20286,20904,41190,-618,3,18,금
2022-03-18,8호선,가락시장,7008,7882,14890,-874,3,18,금
2022-03-18,8호선,송파,6999,6959,13958,40,3,18,금
2022-03-18,8호선,석촌,7111,8104,15215,-993,3,18,금
2022-03-18,8호선,잠실(송파구청),12044,13901,25945,-1857,3,18,금
2022-03-18,8호선,몽촌토성(평화의문),5427,5556,10983,-129,3,18,금
2022-03-18,8호선,강동구청,9434,9652,19086,-218,3,18,금
2022-03-18,8호선,천호(풍납토성),13419,15861,29280,-2442,3,18,금
2022-03-18,8호선,암사,17044,15054,32098,1990,3,18,금
2022-03-18,7호선,부천시청,1,0,1,1,3,18,금
2022-03-18,7호선,신중동,2,0,2,2,3,18,금
2022-03-18,7호선,춘의,1,0,1,1,3,18,금
2022-03-18,7호선,온수(성공회대입구),9565,8923,18488,642,3,18,금
2022-03-18,7호선,천왕,10294,9777,20071,517,3,18,금
2022-03-18,7호선,광명사거리,20223,19976,40199,247,3,18,금
2022-03-18,7호선,철산,19016,19426,38442,-410,3,18,금
2022-03-18,7호선,가산디지털단지,40265,39968,80233,297,3,18,금
2022-03-18,7호선,남구로,14165,15074,29239,-909,3,18,금
2022-03-18,7호선,대림(구로구청),6918,7101,14019,-183,3,18,금
2022-03-18,7호선,신풍,10366,10035,20401,331,3,18,금
2022-03-18,7호선,보라매,8971,8781,17752,190,3,18,금
2022-03-18,7호선,신대방삼거리,15352,14511,29863,841,3,18,금
2022-03-18,7호선,장승배기,8311,8094,16405,217,3,18,금
2022-03-18,7호선,상도,10260,9857,20117,403,3,18,금
2022-03-18,7호선,숭실대입구(살피재),12837,12679,25516,158,3,18,금
2022-03-18,7호선,남성,10019,9144,19163,875,3,18,금
2022-03-18,7호선,이수,14166,13660,27826,506,3,18,금
2022-03-18,7호선,내방,13374,13581,26955,-207,3,18,금
2022-03-18,7호선,고속터미널,14675,11963,26638,2712,3,18,금
2022-03-18,7호선,반포,5372,5129,10501,243,3,18,금
2022-03-18,7호선,논현,18263,19946,38209,-1683,3,18,금
2022-03-18,7호선,학동,21613,23099,44712,-1486,3,18,금
2022-03-18,7호선,강남구청,14626,16243,30869,-1617,3,18,금
2022-03-18,7호선,청담,17238,19485,36723,-2247,3,18,금
2022-03-18,7호선,뚝섬유원지,6812,6745,13557,67,3,18,금
2022-03-18,7호선,건대입구,11479,11925,23404,-446,3,18,금
2022-03-18,7호선,어린이대공원(세종대),12899,12824,25723,75,3,18,금
2022-03-18,7호선,군자(능동),13733,10858,24591,2875,3,18,금
2022-03-18,7호선,중곡,10088,9436,19524,652,3,18,금
2022-03-18,7호선,용마산(용마폭포공원),5520,5332,10852,188,3,18,금
2022-03-18,7호선,사가정,14694,14871,29565,-177,3,18,금
2022-03-18,7호선,면목,15038,14579,29617,459,3,18,금
2022-03-18,7호선,상봉(시외버스터미널),15264,14492,29756,772,3,18,금
2022-03-18,7호선,중화,9959,9594,19553,365,3,18,금
2022-03-18,7호선,먹골,9497,9130,18627,367,3,18,금
2022-03-18,7호선,태릉입구,7836,7570,15406,266,3,18,금
2022-03-18,7호선,공릉(서울과학기술대),11925,11468,23393,457,3,18,금
2022-03-18,7호선,하계,16232,15178,31410,1054,3,18,금
2022-03-18,7호선,중계,13142,11901,25043,1241,3,18,금
2022-03-18,7호선,노원,18163,18994,37157,-831,3,18,금
2022-03-18,7호선,마들,11845,11207,23052,638,3,18,금
2022-03-18,7호선,수락산,11106,10981,22087,125,3,18,금
2022-03-18,7호선,도봉산,8162,9484,17646,-1322,3,18,금
2022-03-18,7호선,장암,1955,748,2703,1207,3,18,금
2022-03-18,6호선,봉화산(서울의료원),7859,7488,15347,371,3,18,금
2022-03-18,6호선,화랑대(서울여대입구),11163,8629,19792,2534,3,18,금
2022-03-18,6호선,태릉입구,5127,5568,10695,-441,3,18,금
2022-03-18,6호선,석계,11406,11826,23232,-420,3,18,금
2022-03-18,6호선,돌곶이,8622,7923,16545,699,3,18,금
2022-03-18,6호선,상월곡(한국과학기술연구원),5928,5294,11222,634,3,18,금
2022-03-18,6호선,월곡(동덕여대),11147,10961,22108,186,3,18,금
2022-03-18,6호선,고려대(종암),7564,7356,14920,208,3,18,금
2022-03-18,6호선,안암(고대병원앞),11480,10792,22272,688,3,18,금
2022-03-18,6호선,보문,6765,6202,12967,563,3,18,금
2022-03-18,6호선,창신,3297,2825,6122,472,3,18,금
2022-03-18,6호선,동묘앞,7066,7046,14112,20,3,18,금
2022-03-18,6호선,신당,7356,7346,14702,10,3,18,금
2022-03-18,6호선,청구,3427,3695,7122,-268,3,18,금
2022-03-18,6호선,약수,3295,3346,6641,-51,3,18,금
2022-03-18,6호선,버티고개,1834,1900,3734,-66,3,18,금
2022-03-18,6호선,한강진,7408,8844,16252,-1436,3,18,금
2022-03-18,6호선,이태원,10235,11070,21305,-835,3,18,금
2022-03-18,6호선,녹사평(용산구청),4452,4599,9051,-147,3,18,금
2022-03-18,6호선,삼각지,5770,5002,10772,768,3,18,금
2022-03-18,6호선,효창공원앞,6400,5940,12340,460,3,18,금
2022-03-18,6호선,공덕,16635,16098,32733,537,3,18,금
2022-03-18,6호선,대흥(서강대앞),7873,8043,15916,-170,3,18,금
2022-03-18,6호선,광흥창(서강),8241,8174,16415,67,3,18,금
2022-03-18,6호선,상수,8529,9601,18130,-1072,3,18,금
2022-03-18,6호선,합정,12161,12166,24327,-5,3,18,금
2022-03-18,6호선,망원,12602,13569,26171,-967,3,18,금
2022-03-18,6호선,마포구청,12995,11642,24637,1353,3,18,금
2022-03-18,6호선,월드컵경기장(성산),3546,3697,7243,-151,3,18,금
2022-03-18,6호선,디지털미디어시티,11940,12982,24922,-1042,3,18,금
2022-03-18,6호선,증산(명지대앞),9080,8967,18047,113,3,18,금
2022-03-18,6호선,새절(신사),11501,10878,22379,623,3,18,금
2022-03-18,6호선,구산,7049,5268,12317,1781,3,18,금
2022-03-18,6호선,연신내,2,0,2,2,3,18,금
2022-03-18,6호선,독바위,2433,2503,4936,-70,3,18,금
2022-03-18,6호선,불광,3764,3743,7507,21,3,18,금
2022-03-18,6호선,역촌,3416,4022,7438,-606,3,18,금
2022-03-18,6호선,응암,15819,15614,31433,205,3,18,금
2022-03-18,5호선,하남검단산,4978,4778,9756,200,3,18,금
2022-03-18,5호선,하남시청(덕풍·신장),6114,5917,12031,197,3,18,금
2022-03-18,5호선,하남풍산,3837,3891,7728,-54,3,18,금
2022-03-18,5호선,미사,14279,14295,28574,-16,3,18,금
2022-03-18,5호선,강일,3624,3391,7015,233,3,18,금
2022-03-18,5호선,마천,6419,6241,12660,178,3,18,금
2022-03-18,5호선,거여,9115,8656,17771,459,3,18,금
2022-03-18,5호선,개롱,5874,6037,11911,-163,3,18,금
2022-03-18,5호선,오금,3553,3474,7027,79,3,18,금
2022-03-18,5호선,방이,6578,6763,13341,-185,3,18,금
2022-03-18,5호선,올림픽공원(한국체대),3902,3325,7227,577,3,18,금
2022-03-18,5호선,둔촌동,8053,7987,16040,66,3,18,금
2022-03-18,5호선,상일동,13434,12637,26071,797,3,18,금
2022-03-18,5호선,고덕,8742,8591,17333,151,3,18,금
2022-03-18,5호선,명일,7719,8084,15803,-365,3,18,금
2022-03-18,5호선,굽은다리(강동구민회관앞),8629,8224,16853,405,3,18,금
2022-03-18,5호선,길동,7364,7757,15121,-393,3,18,금
2022-03-18,5호선,강동,17039,16437,33476,602,3,18,금
2022-03-18,5호선,천호(풍납토성),16657,16469,33126,188,3,18,금
2022-03-18,5호선,광나루(장신대),11728,10531,22259,1197,3,18,금
2022-03-18,5호선,아차산(어린이대공원후문),13362,13132,26494,230,3,18,금
2022-03-18,5호선,군자(능동),10428,11807,22235,-1379,3,18,금
2022-03-18,5호선,장한평,16890,16854,33744,36,3,18,금
2022-03-18,5호선,답십리,14490,13614,28104,876,3,18,금
2022-03-18,5호선,마장,5134,4854,9988,280,3,18,금
2022-03-18,5호선,왕십리(성동구청),4250,4831,9081,-581,3,18,금
2022-03-18,5호선,행당,7230,6375,13605,855,3,18,금
2022-03-18,5호선,신금호,6035,6170,12205,-135,3,18,금
2022-03-18,5호선,청구,3656,3370,7026,286,3,18,금
2022-03-18,5호선,동대문역사문화공원(DDP),2530,2915,5445,-385,3,18,금
2022-03-18,5호선,을지로4가,5249,5569,10818,-320,3,18,금
2022-03-18,5호선,종로3가,10923,11203,22126,-280,3,18,금
2022-03-18,5호선,광화문(세종문화회관),24163,25349,49512,-1186,3,18,금
2022-03-18,5호선,서대문,16718,16574,33292,144,3,18,금
2022-03-18,5호선,충정로(경기대입구),4130,4221,8351,-91,3,18,금
2022-03-18,5호선,애오개,6309,6418,12727,-109,3,18,금
2022-03-18,5호선,공덕,12453,13166,25619,-713,3,18,금
2022-03-18,5호선,마포,12710,13315,26025,-605,3,18,금
2022-03-18,5호선,여의나루,8117,9271,17388,-1154,3,18,금
2022-03-18,5호선,여의도,24604,25920,50524,-1316,3,18,금
2022-03-18,5호선,신길,3817,4051,7868,-234,3,18,금
2022-03-18,5호선,영등포시장,9212,9263,18475,-51,3,18,금
2022-03-18,5호선,영등포구청,3524,3635,7159,-111,3,18,금
2022-03-18,5호선,양평,6726,6534,13260,192,3,18,금
2022-03-18,5호선,오목교(목동운동장앞),19045,20667,39712,-1622,3,18,금
2022-03-18,5호선,목동,15089,16291,31380,-1202,3,18,금
2022-03-18,5호선,신정(은행정),12669,10231,22900,2438,3,18,금
2022-03-18,5호선,까치산,26161,25130,51291,1031,3,18,금
2022-03-18,5호선,화곡,25952,24221,50173,1731,3,18,금
2022-03-18,5호선,우장산,13206,12926,26132,280,3,18,금
2022-03-18,5호선,발산,18381,18955,37336,-574,3,18,금
2022-03-18,5호선,마곡,9637,9524,19161,113,3,18,금
2022-03-18,5호선,송정,5986,5529,11515,457,3,18,금
2022-03-18,5호선,김포공항,6499,6658,13157,-159,3,18,금
2022-03-18,5호선,개화산,5026,4771,9797,255,3,18,금
2022-03-18,5호선,방화,5878,5687,11565,191,3,18,금
2022-03-18,4호선,남태령,1104,909,2013,195,3,18,금
2022-03-18,4호선,사당,22894,19027,41921,3867,3,18,금
2022-03-18,4호선,총신대입구(이수),16804,18401,35205,-1597,3,18,금
2022-03-18,4호선,동작(현충원),1259,1386,2645,-127,3,18,금
2022-03-18,4호선,이촌(국립중앙박물관),6085,6769,12854,-684,3,18,금
2022-03-18,4호선,신용산,14204,14879,29083,-675,3,18,금
2022-03-18,4호선,삼각지,4520,5083,9603,-563,3,18,금
2022-03-18,4호선,숙대입구(갈월),12358,12101,24459,257,3,18,금
2022-03-18,4호선,서울역,9464,14573,24037,-5109,3,18,금
2022-03-18,4호선,회현(남대문시장),20534,21599,42133,-1065,3,18,금
2022-03-18,4호선,명동,16266,16962,33228,-696,3,18,금
2022-03-18,4호선,충무로,24498,25603,50101,-1105,3,18,금
2022-03-18,4호선,동대문역사문화공원(DDP),13259,12321,25580,938,3,18,금
2022-03-18,4호선,동대문,17106,17953,35059,-847,3,18,금
2022-03-18,4호선,혜화,28872,28288,57160,584,3,18,금
2022-03-18,4호선,한성대입구(삼선교),13076,12619,25695,457,3,18,금
2022-03-18,4호선,성신여대입구(돈암),19150,18406,37556,744,3,18,금
2022-03-18,4호선,길음,18614,18287,36901,327,3,18,금
2022-03-18,4호선,미아사거리,24792,24567,49359,225,3,18,금
2022-03-18,4호선,미아(서울사이버대학),14060,13725,27785,335,3,18,금
2022-03-18,4호선,수유(강북구청),31386,31398,62784,-12,3,18,금
2022-03-18,4호선,쌍문,26534,24360,50894,2174,3,18,금
2022-03-18,4호선,창동,23040,24833,47873,-1793,3,18,금
2022-03-18,4호선,노원,16924,19510,36434,-2586,3,18,금
2022-03-18,4호선,상계,17200,16083,33283,1117,3,18,금
2022-03-18,4호선,당고개,11777,10888,22665,889,3,18,금
2022-03-18,3호선,오금,5745,5183,10928,562,3,18,금
2022-03-18,3호선,경찰병원,6598,6398,12996,200,3,18,금
2022-03-18,3호선,가락시장,8145,7968,16113,177,3,18,금
2022-03-18,3호선,수서,16385,16464,32849,-79,3,18,금
2022-03-18,3호선,일원,9602,8947,18549,655,3,18,금
2022-03-18,3호선,대청,9335,8488,17823,847,3,18,금
2022-03-18,3호선,학여울,2889,3002,5891,-113,3,18,금
2022-03-18,3호선,대치,10031,10120,20151,-89,3,18,금
2022-03-18,3호선,도곡,4670,4888,9558,-218,3,18,금
2022-03-18,3호선,매봉,10822,10406,21228,416,3,18,금
2022-03-18,3호선,양재(서초구청),35369,37285,72654,-1916,3,18,금
2022-03-18,3호선,남부터미널(예술의전당),27256,27502,54758,-246,3,18,금
2022-03-18,3호선,교대(법원.검찰청),13079,8242,21321,4837,3,18,금
2022-03-18,3호선,고속터미널,37200,38152,75352,-952,3,18,금
2022-03-18,3호선,잠원,4240,4166,8406,74,3,18,금
2022-03-18,3호선,신사,29209,30597,59806,-1388,3,18,금
2022-03-18,3호선,압구정,29025,31113,60138,-2088,3,18,금
2022-03-18,3호선,옥수,7672,8014,15686,-342,3,18,금
2022-03-18,3호선,금호,7070,6535,13605,535,3,18,금
2022-03-18,3호선,약수,11817,11339,23156,478,3,18,금
2022-03-18,3호선,동대입구,7175,7526,14701,-351,3,18,금
2022-03-18,3호선,충무로,1,0,1,1,3,18,금
2022-03-18,3호선,을지로3가,9313,9603,18916,-290,3,18,금
2022-03-18,3호선,종로3가,9269,10708,19977,-1439,3,18,금
2022-03-18,3호선,안국,17824,18169,35993,-345,3,18,금
2022-03-18,3호선,경복궁(정부서울청사),17934,17393,35327,541,3,18,금
2022-03-18,3호선,독립문,6125,6282,12407,-157,3,18,금
2022-03-18,3호선,무악재,3446,3451,6897,-5,3,18,금
2022-03-18,3호선,홍제,15954,15100,31054,854,3,18,금
2022-03-18,3호선,녹번,14044,12495,26539,1549,3,18,금
2022-03-18,3호선,불광,14379,15331,29710,-952,3,18,금
2022-03-18,3호선,연신내,33219,31768,64987,1451,3,18,금
2022-03-18,3호선,구파발,18182,17443,35625,739,3,18,금
2022-03-18,3호선,지축,4250,4053,8303,197,3,18,금
2022-03-18,2호선,용두(동대문구청),2149,2291,4440,-142,3,18,금
2022-03-18,2호선,신정네거리,9092,9458,18550,-366,3,18,금
2022-03-18,2호선,양천구청,6089,6291,12380,-202,3,18,금
2022-03-18,2호선,도림천,1305,1353,2658,-48,3,18,금
2022-03-18,2호선,신설동,3338,3359,6697,-21,3,18,금
2022-03-18,2호선,신답,1492,1668,3160,-176,3,18,금
2022-03-18,2호선,용답,2921,2934,5855,-13,3,18,금
2022-03-18,2호선,충정로(경기대입구),8655,9243,17898,-588,3,18,금
2022-03-18,2호선,아현,9758,9296,19054,462,3,18,금
2022-03-18,2호선,이대,13113,13680,26793,-567,3,18,금
2022-03-18,2호선,신촌,31327,31279,62606,48,3,18,금
2022-03-18,2호선,홍대입구,51666,55207,106873,-3541,3,18,금
2022-03-18,2호선,합정,28738,30380,59118,-1642,3,18,금
2022-03-18,2호선,당산,16703,19433,36136,-2730,3,18,금
2022-03-18,2호선,영등포구청,20369,20971,41340,-602,3,18,금
2022-03-18,2호선,문래,19454,20041,39495,-587,3,18,금
2022-03-18,2호선,신도림,42043,42750,84793,-707,3,18,금
2022-03-18,2호선,대림(구로구청),21445,22055,43500,-610,3,18,금
2022-03-18,2호선,구로디지털단지,53165,52680,105845,485,3,18,금
2022-03-18,2호선,신대방,23994,23228,47222,766,3,18,금
2022-03-18,2호선,신림,58419,56552,114971,1867,3,18,금
2022-03-18,2호선,봉천,21778,20016,41794,1762,3,18,금
2022-03-18,2호선,서울대입구(관악구청),44502,43204,87706,1298,3,18,금
2022-03-18,2호선,낙성대(강감찬),25330,23771,49101,1559,3,18,금
2022-03-18,2호선,사당,32500,36174,68674,-3674,3,18,금
2022-03-18,2호선,방배,16853,17522,34375,-669,3,18,금
2022-03-18,2호선,서초,19002,18113,37115,889,3,18,금
2022-03-18,2호선,교대(법원.검찰청),30950,34773,65723,-3823,3,18,금
2022-03-18,2호선,강남,76775,76005,152780,770,3,18,금
2022-03-18,2호선,역삼,44086,49132,93218,-5046,3,18,금
2022-03-18,2호선,선릉,49494,43647,93141,5847,3,18,금
2022-03-18,2호선,삼성(무역센터),46499,46397,92896,102,3,18,금
2022-03-18,2호선,종합운동장,6119,6520,12639,-401,3,18,금
2022-03-18,2호선,잠실새내,18923,19478,38401,-555,3,18,금
2022-03-18,2호선,잠실(송파구청),57407,57338,114745,69,3,18,금
2022-03-18,2호선,잠실나루,12630,12044,24674,586,3,18,금
2022-03-18,2호선,강변(동서울터미널),27791,26126,53917,1665,3,18,금
2022-03-18,2호선,구의(광진구청),21786,21463,43249,323,3,18,금
2022-03-18,2호선,건대입구,33580,36113,69693,-2533,3,18,금
2022-03-18,2호선,성수,34519,37648,72167,-3129,3,18,금
2022-03-18,2호선,뚝섬,19452,20801,40253,-1349,3,18,금
2022-03-18,2호선,한양대,12064,12962,25026,-898,3,18,금
2022-03-18,2호선,왕십리(성동구청),15861,12961,28822,2900,3,18,금
2022-03-18,2호선,상왕십리,13056,12669,25725,387,3,18,금
2022-03-18,2호선,신당,12562,13075,25637,-513,3,18,금
2022-03-18,2호선,동대문역사문화공원(DDP),11351,12690,24041,-1339,3,18,금
2022-03-18,2호선,을지로4가,11641,11689,23330,-48,3,18,금
2022-03-18,2호선,을지로3가,19614,19677,39291,-63,3,18,금
2022-03-18,일산선,원당,10300,9772,20072,528,3,18,금
2022-03-18,일산선,삼송,17845,17324,35169,521,3,18,금
2022-03-18,일산선,원흥,9599,8985,18584,614,3,18,금
2022-03-18,우이신설선,신설동,1963,1958,3921,5,3,18,금
2022-03-18,우이신설선,보문,1374,1339,2713,35,3,18,금
2022-03-18,우이신설선,성신여대입구(돈암),3116,3411,6527,-295,3,18,금
2022-03-18,우이신설선,정릉,4398,3894,8292,504,3,18,금
2022-03-18,우이신설선,북한산보국문,5613,5229,10842,384,3,18,금
2022-03-18,우이신설선,솔샘,5229,4793,10022,436,3,18,금
2022-03-18,우이신설선,삼양사거리,2179,2185,4364,-6,3,18,금
2022-03-18,중앙선,오빈,255,261,516,-6,3,18,금
2022-03-18,중앙선,아신,522,515,1037,7,3,18,금
2022-03-18,중앙선,국수,594,618,1212,-24,3,18,금
2022-03-18,중앙선,신원,155,146,301,9,3,18,금
2022-03-18,중앙선,양수,1515,1587,3102,-72,3,18,금
2022-03-18,중앙선,운길산,586,524,1110,62,3,18,금
2022-03-18,중앙선,팔당,688,771,1459,-83,3,18,금
2022-03-18,중앙선,도심,2188,1743,3931,445,3,18,금
2022-03-18,중앙선,덕소,4972,5079,10051,-107,3,18,금
2022-03-18,중앙선,양정,622,547,1169,75,3,18,금
2022-03-18,중앙선,도농,9276,8618,17894,658,3,18,금
2022-03-18,중앙선,구리,11898,12275,24173,-377,3,18,금
2022-03-18,중앙선,양원,2624,2459,5083,165,3,18,금
2022-03-18,중앙선,망우,7049,7120,14169,-71,3,18,금
2022-03-18,중앙선,상봉(시외버스터미널),5222,5318,10540,-96,3,18,금
2022-03-18,중앙선,중랑,5223,4858,10081,365,3,18,금
2022-03-18,중앙선,회기,23168,21887,45055,1281,3,18,금
2022-03-18,장항선,신창(순천향대),3116,1891,5007,1225,3,18,금
2022-03-18,장항선,온양온천,3242,3485,6727,-243,3,18,금
2022-03-18,장항선,배방,1153,1075,2228,78,3,18,금
2022-03-18,장항선,탕정,704,592,1296,112,3,18,금
2022-03-18,장항선,아산,3673,3568,7241,105,3,18,금
2022-03-18,장항선,쌍용(나사렛대),2431,1974,4405,457,3,18,금
2022-03-18,장항선,봉명,1138,1091,2229,47,3,18,금
2022-03-18,일산선,대화,11405,9956,21361,1449,3,18,금
2022-03-18,일산선,주엽,7937,7999,15936,-62,3,18,금
2022-03-18,일산선,정발산,6629,7011,13640,-382,3,18,금
2022-03-18,일산선,마두,6664,6898,13562,-234,3,18,금
2022-03-18,일산선,백석,8981,8974,17955,7,3,18,금
2022-03-18,일산선,대곡,1906,1500,3406,406,3,18,금
2022-03-18,일산선,화정,15230,15942,31172,-712,3,18,금
2022-03-18,중앙선,지평,46,73,119,-27,3,18,금
2022-03-18,중앙선,용문,1345,1424,2769,-79,3,18,금
2022-03-18,중앙선,원덕,312,315,627,-3,3,18,금
2022-03-18,중앙선,양평,2975,3104,6079,-129,3,18,금
2022-03-18,우이신설선,삼양,1847,1988,3835,-141,3,18,금
2022-03-18,우이신설선,화계,3061,2906,5967,155,3,18,금
2022-03-18,우이신설선,가오리,3747,3640,7387,107,3,18,금
2022-03-18,우이신설선,4.19민주묘지,3118,2884,6002,234,3,18,금
2022-03-18,우이신설선,솔밭공원,2269,2143,4412,126,3,18,금
2022-03-18,우이신설선,북한산우이,2193,1952,4145,241,3,18,금
2022-03-18,안산선,수리산,3952,3117,7069,835,3,18,금
2022-03-18,안산선,오이도,7539,7793,15332,-254,3,18,금
2022-03-18,안산선,정왕,9885,9491,19376,394,3,18,금
2022-03-18,안산선,신길온천,1601,1526,3127,75,3,18,금
2022-03-18,안산선,안산,10901,10040,20941,861,3,18,금
2022-03-18,안산선,초지,4193,4355,8548,-162,3,18,금
2022-03-18,안산선,고잔,8348,7983,16331,365,3,18,금
2022-03-18,안산선,중앙,16781,17798,34579,-1017,3,18,금
2022-03-18,안산선,한대앞,9936,9734,19670,202,3,18,금
2022-03-18,안산선,상록수,15046,15406,30452,-360,3,18,금
2022-03-18,안산선,반월,3962,3818,7780,144,3,18,금
2022-03-18,안산선,대야미,4677,4146,8823,531,3,18,금
2022-03-18,안산선,산본,14495,15743,30238,-1248,3,18,금
2022-03-18,수인선,인천,901,1494,2395,-593,3,18,금
2022-03-18,수인선,신포,1766,1790,3556,-24,3,18,금
2022-03-18,수인선,숭의,3707,3487,7194,220,3,18,금
2022-03-18,수인선,인하대,6421,6056,12477,365,3,18,금
2022-03-18,수인선,송도,2274,2170,4444,104,3,18,금
2022-03-18,수인선,연수,4532,4473,9005,59,3,18,금
2022-03-18,수인선,원인재,4137,4417,8554,-280,3,18,금
2022-03-18,수인선,남동인더스파크,2133,2367,4500,-234,3,18,금
2022-03-18,수인선,호구포,3803,4029,7832,-226,3,18,금
2022-03-18,수인선,인천논현,5240,5721,10961,-481,3,18,금
2022-03-18,수인선,소래포구,4256,4012,8268,244,3,18,금
2022-03-18,수인선,월곶,2421,2233,4654,188,3,18,금
2022-03-18,수인선,달월,98,56,154,42,3,18,금
2022-03-18,수인선,사리,4423,4016,8439,407,3,18,금
2022-03-18,수인선,야목,368,282,650,86,3,18,금
2022-03-18,수인선,어천,764,723,1487,41,3,18,금
2022-03-18,수인선,오목천,3174,2902,6076,272,3,18,금
2022-03-18,수인선,고색,4738,4530,9268,208,3,18,금
2022-03-18,분당선,매교,3051,3034,6085,17,3,18,금
2022-03-18,분당선,수원시청,11974,13291,25265,-1317,3,18,금
2022-03-18,분당선,매탄권선,4843,4685,9528,158,3,18,금
2022-03-18,분당선,망포,13944,12912,26856,1032,3,18,금
2022-03-18,분당선,영통,8101,8255,16356,-154,3,18,금
2022-03-18,분당선,청명,4211,3946,8157,265,3,18,금
2022-03-18,분당선,상갈,4946,4831,9777,115,3,18,금
2022-03-18,분당선,기흥,8892,8432,17324,460,3,18,금
2022-03-18,분당선,신갈,4124,4205,8329,-81,3,18,금
2022-03-18,분당선,구성,4490,4794,9284,-304,3,18,금
2022-03-18,분당선,죽전,13160,14150,27310,-990,3,18,금
2022-03-18,분당선,보정,2292,2037,4329,255,3,18,금
2022-03-18,분당선,이매,5249,4957,10206,292,3,18,금
2022-03-18,분당선,오리,10648,8662,19310,1986,3,18,금
2022-03-18,분당선,미금,14220,15142,29362,-922,3,18,금
2022-03-18,분당선,정자,15462,16618,32080,-1156,3,18,금
2022-03-18,분당선,수내,11843,11847,23690,-4,3,18,금
2022-03-18,분당선,서현,22777,23088,45865,-311,3,18,금
2022-03-18,분당선,야탑,23879,24892,48771,-1013,3,18,금
2022-03-18,분당선,모란,18646,18928,37574,-282,3,18,금
2022-03-18,분당선,태평,12417,12040,24457,377,3,18,금
2022-03-18,분당선,가천대,8908,9255,18163,-347,3,18,금
2022-03-18,분당선,선정릉,7196,7558,14754,-362,3,18,금
2022-03-18,분당선,강남구청,9043,10444,19487,-1401,3,18,금
2022-03-18,분당선,압구정로데오,18037,20379,38416,-2342,3,18,금
2022-03-18,분당선,서울숲,9061,9212,18273,-151,3,18,금
2022-03-18,분당선,수원,8030,6700,14730,1330,3,18,금
2022-03-18,분당선,수서,13045,13634,26679,-589,3,18,금
2022-03-18,분당선,대모산입구,4147,3883,8030,264,3,18,금
2022-03-18,분당선,개포동,3416,3592,7008,-176,3,18,금
2022-03-18,분당선,구룡,2196,2009,4205,187,3,18,금
2022-03-18,분당선,도곡,6416,6277,12693,139,3,18,금
2022-03-18,분당선,한티,13370,14271,27641,-901,3,18,금
2022-03-18,분당선,선릉,11469,17584,29053,-6115,3,18,금
2022-03-18,과천선,범계,23697,23986,47683,-289,3,18,금
2022-03-18,과천선,평촌,16265,15849,32114,416,3,18,금
2022-03-18,과천선,인덕원,22036,22775,44811,-739,3,18,금
2022-03-18,과천선,정부과천청사,9200,9152,18352,48,3,18,금
2022-03-18,과천선,과천,5543,5192,10735,351,3,18,금
2022-03-18,과천선,대공원,1720,1739,3459,-19,3,18,금
2022-03-18,과천선,경마공원,5278,5371,10649,-93,3,18,금
2022-03-18,과천선,선바위,7312,6564,13876,748,3,18,금
2022-03-18,공항철도 1호선,영종,2625,2787,5412,-162,3,18,금
2022-03-18,공항철도 1호선,인천공항2터미널,2000,1947,3947,53,3,18,금
2022-03-18,공항철도 1호선,인천공항1터미널,3349,3696,7045,-347,3,18,금
2022-03-18,공항철도 1호선,공항화물청사,2222,2305,4527,-83,3,18,금
2022-03-18,공항철도 1호선,운서,6268,6199,12467,69,3,18,금
2022-03-18,공항철도 1호선,청라국제도시,6330,6060,12390,270,3,18,금
2022-03-18,공항철도 1호선,검암,5898,5866,11764,32,3,18,금
2022-03-18,공항철도 1호선,계양,9082,8792,17874,290,3,18,금
2022-03-18,공항철도 1호선,김포공항,11214,5431,16645,5783,3,18,금
2022-03-18,공항철도 1호선,마곡나루(서울식물원),7360,7128,14488,232,3,18,금
2022-03-18,공항철도 1호선,디지털미디어시티,11966,10819,22785,1147,3,18,금
2022-03-18,공항철도 1호선,홍대입구,9121,9157,18278,-36,3,18,금
2022-03-18,공항철도 1호선,공덕,2000,2675,4675,-675,3,18,금
2022-03-18,공항철도 1호선,서울역,7918,7077,14995,841,3,18,금
2022-03-18,경춘선,춘천,1389,1034,2423,355,3,18,금
2022-03-18,경춘선,남춘천,2609,2082,4691,527,3,18,금
2022-03-18,경춘선,김유정,183,238,421,-55,3,18,금
2022-03-18,경춘선,강촌,244,252,496,-8,3,18,금
2022-03-18,경춘선,백양리,59,53,112,6,3,18,금
2022-03-18,경춘선,굴봉산,68,73,141,-5,3,18,금
2022-03-18,경춘선,가평,1172,1365,2537,-193,3,18,금
2022-03-18,경춘선,상천,170,160,330,10,3,18,금
2022-03-18,경춘선,청평,1255,1362,2617,-107,3,18,금
2022-03-18,경춘선,대성리,376,342,718,34,3,18,금
2022-03-18,경춘선,마석,3651,3785,7436,-134,3,18,금
2022-03-18,경춘선,천마산,1491,1425,2916,66,3,18,금
2022-03-18,경춘선,평내호평,5560,5550,11110,10,3,18,금
2022-03-18,경춘선,금곡,1345,1299,2644,46,3,18,금
2022-03-18,경춘선,사릉,2934,2915,5849,19,3,18,금
2022-03-18,경춘선,퇴계원,3272,3070,6342,202,3,18,금
2022-03-18,경춘선,별내,3043,3012,6055,31,3,18,금
2022-03-18,경춘선,갈매,2677,2399,5076,278,3,18,금
2022-03-18,경춘선,신내,1956,1862,3818,94,3,18,금
2022-03-18,경인선,도화,3761,3487,7248,274,3,18,금
2022-03-18,경인선,중동,8526,8081,16607,445,3,18,금
2022-03-18,경인선,온수(성공회대입구),6329,5955,12284,374,3,18,금
2022-03-18,경인선,도원,3081,2839,5920,242,3,18,금
2022-03-18,경인선,간석,5436,5192,10628,244,3,18,금
2022-03-18,경인선,부개,7796,7187,14983,609,3,18,금
2022-03-18,경인선,소사,7883,7469,15352,414,3,18,금
2022-03-18,경인선,구일,5672,5577,11249,95,3,18,금
2022-03-18,경인선,인천,2862,2256,5118,606,3,18,금
2022-03-18,경인선,동인천,12662,11932,24594,730,3,18,금
2022-03-18,경인선,제물포,10078,9481,19559,597,3,18,금
2022-03-18,경인선,주안,17849,16145,33994,1704,3,18,금
2022-03-18,경인선,동암,13229,13504,26733,-275,3,18,금
2022-03-18,경인선,백운,6267,6253,12520,14,3,18,금
2022-03-18,경인선,부평,26818,29439,56257,-2621,3,18,금
2022-03-18,경인선,송내,24150,24009,48159,141,3,18,금
2022-03-18,경인선,부천,29381,29983,59364,-602,3,18,금
2022-03-18,경인선,역곡,25609,25144,50753,465,3,18,금
2022-03-18,경인선,오류동,10851,9944,20795,907,3,18,금
2022-03-18,경인선,개봉,19170,19040,38210,130,3,18,금
2022-03-18,경의선,임진강,13,10,23,3,3,18,금
2022-03-18,경의선,문산,4637,4582,9219,55,3,18,금
2022-03-18,경의선,파주,1196,778,1974,418,3,18,금
2022-03-18,경의선,월롱,2716,2199,4915,517,3,18,금
2022-03-18,경의선,금촌,5896,5931,11827,-35,3,18,금
2022-03-18,경의선,금릉,4396,4337,8733,59,3,18,금
2022-03-18,경의선,운정,6350,6113,12463,237,3,18,금
2022-03-18,경의선,야당,7023,7271,14294,-248,3,18,금
2022-03-18,경의선,탄현,6998,6825,13823,173,3,18,금
2022-03-18,경의선,일산,9280,9550,18830,-270,3,18,금
2022-03-18,경의선,풍산,5126,4867,9993,259,3,18,금
2022-03-18,경의선,백마,6546,6452,12998,94,3,18,금
2022-03-18,경의선,곡산,517,551,1068,-34,3,18,금
2022-03-18,경의선,능곡,3497,3276,6773,221,3,18,금
2022-03-18,경의선,행신,7404,7506,14910,-102,3,18,금
2022-03-18,경의선,강매,2864,2530,5394,334,3,18,금
2022-03-18,경의선,화전,2698,2439,5137,259,3,18,금
2022-03-18,경의선,수색,2588,2604,5192,-16,3,18,금
2022-03-18,경의선,디지털미디어시티,2240,2163,4403,77,3,18,금
2022-03-18,경의선,가좌,4702,4710,9412,-8,3,18,금
2022-03-18,경의선,홍대입구,1530,1760,3290,-230,3,18,금
2022-03-18,경의선,서강대,1982,2041,4023,-59,3,18,금
2022-03-18,경의선,공덕,3068,2749,5817,319,3,18,금
2022-03-18,경의선,효창공원앞,2769,2976,5745,-207,3,18,금
2022-03-18,경의선,신촌,809,1009,1818,-200,3,18,금
2022-03-18,경의선,서울역,3873,4993,8866,-1120,3,18,금
2022-03-18,경원선,소요산,1976,1703,3679,273,3,18,금
2022-03-18,경원선,동두천,2258,2349,4607,-91,3,18,금
2022-03-18,경원선,보산,1640,1441,3081,199,3,18,금
2022-03-18,경원선,동두천중앙,2845,2790,5635,55,3,18,금
2022-03-18,경원선,지행,6243,6233,12476,10,3,18,금
2022-03-18,경원선,덕정,5616,5199,10815,417,3,18,금
2022-03-18,경원선,덕계,2891,2550,5441,341,3,18,금
2022-03-18,경원선,양주,7097,6702,13799,395,3,18,금
2022-03-18,경원선,녹양,4146,3987,8133,159,3,18,금
2022-03-18,경원선,가능,6233,5993,12226,240,3,18,금
2022-03-18,경원선,의정부,16894,17856,34750,-962,3,18,금
2022-03-18,경원선,회룡,11273,11233,22506,40,3,18,금
2022-03-18,경원선,망월사,6907,6964,13871,-57,3,18,금
2022-03-18,경원선,도봉산,6316,3947,10263,2369,3,18,금
2022-03-18,경원선,도봉,5454,5247,10701,207,3,18,금
2022-03-18,경원선,방학,8951,8808,17759,143,3,18,금
2022-03-18,경원선,녹천,4298,3515,7813,783,3,18,금
2022-03-18,경원선,월계,7118,6623,13741,495,3,18,금
2022-03-18,경원선,광운대,8045,7878,15923,167,3,18,금
2022-03-18,경원선,석계,7624,8446,16070,-822,3,18,금
2022-03-18,경원선,신이문,7547,6989,14536,558,3,18,금
2022-03-18,경원선,외대앞,8124,7939,16063,185,3,18,금
2022-03-18,경원선,청량리(서울시립대입구),14340,14421,28761,-81,3,18,금
2022-03-18,경원선,왕십리(성동구청),13555,14332,27887,-777,3,18,금
2022-03-18,경원선,응봉,1615,1419,3034,196,3,18,금
2022-03-18,경원선,옥수,62,31,93,31,3,18,금
2022-03-18,경원선,한남,3569,3496,7065,73,3,18,금
2022-03-18,경원선,서빙고,1755,1613,3368,142,3,18,금
2022-03-18,경원선,이촌(국립중앙박물관),3135,2516,5651,619,3,18,금
2022-03-18,경부선,광명,3193,2860,6053,333,3,18,금
2022-03-18,경부선,서동탄,1296,1129,2425,167,3,18,금
2022-03-18,경부선,당정,5829,5582,11411,247,3,18,금
2022-03-18,경부선,천안,6005,5700,11705,305,3,18,금
2022-03-18,경부선,두정,6948,6055,13003,893,3,18,금
2022-03-18,경부선,직산,802,731,1533,71,3,18,금
2022-03-18,경부선,성환,4046,3400,7446,646,3,18,금
2022-03-18,경부선,평택,12305,11929,24234,376,3,18,금
2022-03-18,경부선,평택지제,3537,3399,6936,138,3,18,금
2022-03-18,경부선,서정리,7299,6016,13315,1283,3,18,금
2022-03-18,경부선,송탄,4362,4096,8458,266,3,18,금
2022-03-18,경부선,진위,1749,1372,3121,377,3,18,금
2022-03-18,경부선,오산,9657,9468,19125,189,3,18,금
2022-03-18,경부선,오산대,3455,3210,6665,245,3,18,금
2022-03-18,경부선,세마,2651,2467,5118,184,3,18,금
2022-03-18,경부선,병점,13715,14097,27812,-382,3,18,금
2022-03-18,경부선,세류,2796,2600,5396,196,3,18,금
2022-03-18,경부선,독산,17128,17463,34591,-335,3,18,금
2022-03-18,경부선,수원,33372,36120,69492,-2748,3,18,금
2022-03-18,경부선,화서,7235,6936,14171,299,3,18,금
2022-03-18,경부선,성균관대,13818,13385,27203,433,3,18,금
2022-03-18,경부선,의왕,8381,8333,16714,48,3,18,금
2022-03-18,경부선,군포,7260,7284,14544,-24,3,18,금
2022-03-18,경부선,금정,24857,25215,50072,-358,3,18,금
2022-03-18,경부선,명학,8661,8492,17153,169,3,18,금
2022-03-18,경부선,안양,21770,21661,43431,109,3,18,금
2022-03-18,경부선,관악,6314,5841,12155,473,3,18,금
2022-03-18,경부선,석수,8701,7837,16538,864,3,18,금
2022-03-18,경부선,금천구청,10426,10628,21054,-202,3,18,금
2022-03-18,경부선,가산디지털단지,16369,18739,35108,-2370,3,18,금
2022-03-18,경부선,구로,16619,17458,34077,-839,3,18,금
2022-03-18,경부선,신길,8097,6879,14976,1218,3,18,금
2022-03-18,경부선,신도림,3561,3629,7190,-68,3,18,금
2022-03-18,경부선,영등포,34800,36096,70896,-1296,3,18,금
2022-03-18,경부선,대방,11439,11725,23164,-286,3,18,금
2022-03-18,경부선,노량진,7239,7261,14500,-22,3,18,금
2022-03-18,경부선,용산,31274,31555,62829,-281,3,18,금
2022-03-18,경부선,남영,8695,8956,17651,-261,3,18,금
2022-03-18,경부선,서울역,6354,2323,8677,4031,3,18,금
2022-03-18,경강선,여주,1895,2025,3920,-130,3,18,금
2022-03-18,경강선,부발,2386,1910,4296,476,3,18,금
2022-03-19,2호선,잠실나루,5761,5669,11430,92,3,19,토
2022-03-19,일산선,원흥,5675,5517,11192,158,3,19,토
2022-03-19,일산선,삼송,11338,10901,22239,437,3,19,토
2022-03-19,일산선,원당,6347,6005,12352,342,3,19,토
2022-03-19,일산선,화정,9664,10100,19764,-436,3,19,토
2022-03-19,일산선,대곡,943,845,1788,98,3,19,토
2022-03-19,일산선,백석,5776,5689,11465,87,3,19,토
2022-03-19,일산선,마두,3912,3912,7824,0,3,19,토
2022-03-19,중앙선,양수,1075,1169,2244,-94,3,19,토
2022-03-19,중앙선,운길산,511,479,990,32,3,19,토
2022-03-19,중앙선,팔당,634,655,1289,-21,3,19,토
2022-03-19,중앙선,도심,1043,844,1887,199,3,19,토
2022-03-19,중앙선,덕소,3201,3225,6426,-24,3,19,토
2022-03-19,중앙선,양정,371,286,657,85,3,19,토
2022-03-19,중앙선,도농,5095,4960,10055,135,3,19,토
2022-03-19,중앙선,구리,7721,7975,15696,-254,3,19,토
2022-03-19,중앙선,양원,1308,1210,2518,98,3,19,토
2022-03-19,중앙선,망우,4893,4697,9590,196,3,19,토
2022-03-19,중앙선,상봉(시외버스터미널),3497,3539,7036,-42,3,19,토
2022-03-19,중앙선,중랑,3404,3269,6673,135,3,19,토
2022-03-19,중앙선,회기,16285,15386,31671,899,3,19,토
2022-03-19,장항선,신창(순천향대),1062,920,1982,142,3,19,토
2022-03-19,장항선,온양온천,3229,3332,6561,-103,3,19,토
2022-03-19,장항선,배방,853,776,1629,77,3,19,토
2022-03-19,장항선,탕정,457,425,882,32,3,19,토
2022-03-19,장항선,아산,2390,2259,4649,131,3,19,토
2022-03-19,장항선,쌍용(나사렛대),1445,1284,2729,161,3,19,토
2022-03-19,장항선,봉명,634,580,1214,54,3,19,토
2022-03-19,일산선,대화,6848,6277,13125,571,3,19,토
2022-03-19,일산선,주엽,4861,4907,9768,-46,3,19,토
2022-03-19,일산선,정발산,5192,5399,10591,-207,3,19,토
2022-03-19,안산선,중앙,12401,12644,25045,-243,3,19,토
2022-03-19,안산선,한대앞,5792,5561,11353,231,3,19,토
2022-03-19,안산선,상록수,9679,9923,19602,-244,3,19,토
2022-03-19,안산선,반월,2525,2388,4913,137,3,19,토
2022-03-19,안산선,대야미,2732,2410,5142,322,3,19,토
2022-03-19,안산선,산본,9761,10527,20288,-766,3,19,토
2022-03-19,수인선,인천,707,1199,1906,-492,3,19,토
2022-03-19,수인선,신포,1021,1036,2057,-15,3,19,토
2022-03-19,수인선,숭의,2121,1886,4007,235,3,19,토
2022-03-19,수인선,인하대,3587,3374,6961,213,3,19,토
2022-03-19,수인선,송도,1437,1455,2892,-18,3,19,토
2022-03-19,수인선,연수,3239,3293,6532,-54,3,19,토
2022-03-19,수인선,원인재,2801,2981,5782,-180,3,19,토
2022-03-19,수인선,남동인더스파크,908,823,1731,85,3,19,토
2022-03-19,수인선,호구포,2111,2055,4166,56,3,19,토
2022-03-19,수인선,인천논현,3410,3591,7001,-181,3,19,토
2022-03-19,수인선,소래포구,3296,3428,6724,-132,3,19,토
2022-03-19,수인선,월곶,1623,1559,3182,64,3,19,토
2022-03-19,수인선,달월,48,43,91,5,3,19,토
2022-03-19,수인선,사리,2699,2407,5106,292,3,19,토
2022-03-19,수인선,야목,196,160,356,36,3,19,토
2022-03-19,수인선,어천,462,438,900,24,3,19,토
2022-03-19,수인선,오목천,1710,1470,3180,240,3,19,토
2022-03-19,수인선,고색,2566,2567,5133,-1,3,19,토
2022-03-19,분당선,매교,1493,1537,3030,-44,3,19,토
2022-03-19,분당선,수원시청,9206,9898,19104,-692,3,19,토
2022-03-19,분당선,매탄권선,2758,2662,5420,96,3,19,토
2022-03-19,분당선,망포,7825,7061,14886,764,3,19,토
2022-03-19,분당선,영통,5692,5507,11199,185,3,19,토
2022-03-19,분당선,청명,2059,2160,4219,-101,3,19,토
2022-03-19,분당선,상갈,2960,2961,5921,-1,3,19,토
2022-03-19,분당선,기흥,5392,4817,10209,575,3,19,토
2022-03-19,분당선,신갈,2159,2114,4273,45,3,19,토
2022-03-19,분당선,구성,2504,2573,5077,-69,3,19,토
2022-03-19,분당선,죽전,7953,8898,16851,-945,3,19,토
2022-03-19,분당선,보정,1207,1144,2351,63,3,19,토
2022-03-19,분당선,이매,3388,3261,6649,127,3,19,토
2022-03-19,분당선,오리,6174,5220,11394,954,3,19,토
2022-03-19,분당선,미금,8727,8960,17687,-233,3,19,토
2022-03-19,분당선,정자,8652,8842,17494,-190,3,19,토
2022-03-19,분당선,수내,7228,6751,13979,477,3,19,토
2022-03-19,분당선,서현,16107,16158,32265,-51,3,19,토
2022-03-19,분당선,야탑,14476,15136,29612,-660,3,19,토
2022-03-19,분당선,모란,15928,16808,32736,-880,3,19,토
2022-03-19,분당선,태평,8944,8642,17586,302,3,19,토
2022-03-19,분당선,가천대,4416,4888,9304,-472,3,19,토
2022-03-19,분당선,선정릉,2754,2911,5665,-157,3,19,토
2022-03-19,분당선,강남구청,4624,5716,10340,-1092,3,19,토
2022-03-19,분당선,압구정로데오,15881,17918,33799,-2037,3,19,토
2022-03-19,분당선,서울숲,5631,5982,11613,-351,3,19,토
2022-03-19,분당선,수원,5985,4881,10866,1104,3,19,토
2022-03-19,분당선,수서,8340,8589,16929,-249,3,19,토
2022-03-19,분당선,대모산입구,2370,2185,4555,185,3,19,토
2022-03-19,분당선,개포동,2102,2081,4183,21,3,19,토
2022-03-19,분당선,구룡,1093,978,2071,115,3,19,토
2022-03-19,분당선,도곡,3752,3410,7162,342,3,19,토
2022-03-19,분당선,한티,10644,10223,20867,421,3,19,토
2022-03-19,분당선,선릉,4351,6754,11105,-2403,3,19,토
2022-03-19,과천선,범계,16114,15802,31916,312,3,19,토
2022-03-19,과천선,평촌,7259,7068,14327,191,3,19,토
2022-03-19,과천선,인덕원,12383,12263,24646,120,3,19,토
2022-03-19,과천선,정부과천청사,4634,4603,9237,31,3,19,토
2022-03-19,과천선,과천,3493,3169,6662,324,3,19,토
2022-03-19,과천선,대공원,1649,1739,3388,-90,3,19,토
2022-03-19,과천선,경마공원,7814,7910,15724,-96,3,19,토
2022-03-19,과천선,선바위,3892,3382,7274,510,3,19,토
2022-03-19,공항철도 1호선,영종,2152,2036,4188,116,3,19,토
2022-03-19,공항철도 1호선,인천공항2터미널,1752,1792,3544,-40,3,19,토
2022-03-19,공항철도 1호선,인천공항1터미널,2783,2942,5725,-159,3,19,토
2022-03-19,공항철도 1호선,공항화물청사,1178,1209,2387,-31,3,19,토
2022-03-19,공항철도 1호선,운서,4845,4887,9732,-42,3,19,토
2022-03-19,공항철도 1호선,청라국제도시,3114,3093,6207,21,3,19,토
2022-03-19,공항철도 1호선,검암,3392,3366,6758,26,3,19,토
2022-03-19,공항철도 1호선,계양,5323,5172,10495,151,3,19,토
2022-03-19,공항철도 1호선,김포공항,8878,4943,13821,3935,3,19,토
2022-03-19,공항철도 1호선,마곡나루(서울식물원),2443,2696,5139,-253,3,19,토
2022-03-19,공항철도 1호선,디지털미디어시티,4436,4171,8607,265,3,19,토
2022-03-19,공항철도 1호선,홍대입구,9375,9193,18568,182,3,19,토
2022-03-19,공항철도 1호선,공덕,1187,1853,3040,-666,3,19,토
2022-03-19,공항철도 1호선,서울역,5514,5593,11107,-79,3,19,토
2022-03-19,경춘선,춘천,921,894,1815,27,3,19,토
2022-03-19,경춘선,남춘천,1870,1872,3742,-2,3,19,토
2022-03-19,경춘선,김유정,226,232,458,-6,3,19,토
2022-03-19,경춘선,강촌,217,272,489,-55,3,19,토
2022-03-19,경춘선,백양리,49,49,98,0,3,19,토
2022-03-19,경춘선,굴봉산,74,68,142,6,3,19,토
2022-03-19,경춘선,가평,981,1050,2031,-69,3,19,토
2022-03-19,경춘선,상천,139,140,279,-1,3,19,토
2022-03-19,경춘선,청평,897,999,1896,-102,3,19,토
2022-03-19,경춘선,대성리,286,317,603,-31,3,19,토
2022-03-19,경춘선,마석,2157,2080,4237,77,3,19,토
2022-03-19,경춘선,천마산,878,874,1752,4,3,19,토
2022-03-19,경춘선,평내호평,3223,3197,6420,26,3,19,토
2022-03-19,경춘선,금곡,815,760,1575,55,3,19,토
2022-03-19,경춘선,사릉,1247,1275,2522,-28,3,19,토
2022-03-19,경춘선,퇴계원,1799,1621,3420,178,3,19,토
2022-03-19,경춘선,별내,1700,1642,3342,58,3,19,토
2022-03-19,경춘선,갈매,1480,1199,2679,281,3,19,토
2022-03-19,경춘선,신내,876,844,1720,32,3,19,토
2022-03-19,경인선,도화,2487,2259,4746,228,3,19,토
2022-03-19,경인선,중동,5160,4804,9964,356,3,19,토
2022-03-19,경인선,온수(성공회대입구),3596,3325,6921,271,3,19,토
2022-03-19,경인선,도원,1422,1443,2865,-21,3,19,토
2022-03-19,경인선,간석,3425,3286,6711,139,3,19,토
2022-03-19,경인선,부개,4890,4688,9578,202,3,19,토
2022-03-19,경인선,소사,5539,5424,10963,115,3,19,토
2022-03-19,경인선,구일,3286,3212,6498,74,3,19,토
2022-03-19,경인선,인천,2237,1856,4093,381,3,19,토
2022-03-19,경인선,동인천,8588,8553,17141,35,3,19,토
2022-03-19,경인선,제물포,5664,5491,11155,173,3,19,토
2022-03-19,경인선,주안,12969,11321,24290,1648,3,19,토
2022-03-19,경인선,동암,9354,9583,18937,-229,3,19,토
2022-03-19,경인선,백운,3950,3971,7921,-21,3,19,토
2022-03-19,경인선,부평,23182,25072,48254,-1890,3,19,토
2022-03-19,경인선,송내,13946,13682,27628,264,3,19,토
2022-03-19,경인선,부천,22088,22724,44812,-636,3,19,토
2022-03-19,경인선,역곡,15679,15505,31184,174,3,19,토
2022-03-19,경인선,오류동,7117,6475,13592,642,3,19,토
2022-03-19,경인선,개봉,12556,12293,24849,263,3,19,토
2022-03-19,경의선,임진강,11,11,22,0,3,19,토
2022-03-19,경의선,문산,3444,3406,6850,38,3,19,토
2022-03-19,경의선,파주,652,485,1137,167,3,19,토
2022-03-19,경의선,월롱,1600,1226,2826,374,3,19,토
2022-03-19,경의선,금촌,4061,3882,7943,179,3,19,토
2022-03-19,경의선,금릉,2797,2763,5560,34,3,19,토
2022-03-19,경의선,운정,3811,3614,7425,197,3,19,토
2022-03-19,경의선,야당,4789,4700,9489,89,3,19,토
2022-03-19,경의선,탄현,4110,4020,8130,90,3,19,토
2022-03-19,경의선,일산,4598,4411,9009,187,3,19,토
2022-03-19,경의선,풍산,3137,2965,6102,172,3,19,토
2022-03-19,경의선,백마,3395,3343,6738,52,3,19,토
2022-03-19,경의선,곡산,303,311,614,-8,3,19,토
2022-03-19,경의선,능곡,2071,2058,4129,13,3,19,토
2022-03-19,경의선,행신,3935,3978,7913,-43,3,19,토
2022-03-19,경의선,강매,1504,1422,2926,82,3,19,토
2022-03-19,경의선,화전,918,822,1740,96,3,19,토
2022-03-19,경의선,수색,1079,1070,2149,9,3,19,토
2022-03-19,경의선,디지털미디어시티,1407,1321,2728,86,3,19,토
2022-03-19,경의선,가좌,2911,2809,5720,102,3,19,토
2022-03-19,경의선,홍대입구,1455,1785,3240,-330,3,19,토
2022-03-19,경의선,서강대,1376,1318,2694,58,3,19,토
2022-03-19,경의선,공덕,2073,1545,3618,528,3,19,토
2022-03-19,경의선,효창공원앞,1353,1505,2858,-152,3,19,토
2022-03-19,경의선,신촌,301,275,576,26,3,19,토
2022-03-19,경의선,서울역,913,970,1883,-57,3,19,토
2022-03-19,경원선,소요산,1718,1414,3132,304,3,19,토
2022-03-19,경원선,동두천,1229,1436,2665,-207,3,19,토
2022-03-19,경원선,보산,1218,1194,2412,24,3,19,토
2022-03-19,경원선,동두천중앙,1817,1885,3702,-68,3,19,토
2022-03-19,경원선,지행,4190,4142,8332,48,3,19,토
2022-03-19,경원선,덕정,3568,3326,6894,242,3,19,토
2022-03-19,경원선,덕계,1777,1547,3324,230,3,19,토
2022-03-19,경원선,양주,4640,4480,9120,160,3,19,토
2022-03-19,경원선,녹양,2660,2517,5177,143,3,19,토
2022-03-19,경원선,가능,4009,3831,7840,178,3,19,토
2022-03-19,경원선,의정부,13883,14507,28390,-624,3,19,토
2022-03-19,경원선,회룡,7104,7141,14245,-37,3,19,토
2022-03-19,경원선,망월사,4381,4455,8836,-74,3,19,토
2022-03-19,경원선,도봉산,4425,2987,7412,1438,3,19,토
2022-03-19,경원선,도봉,3424,3197,6621,227,3,19,토
2022-03-19,경원선,방학,5738,5604,11342,134,3,19,토
2022-03-19,경원선,녹천,2589,2252,4841,337,3,19,토
2022-03-19,경원선,월계,3535,3336,6871,199,3,19,토
2022-03-19,경원선,광운대,4481,4536,9017,-55,3,19,토
2022-03-19,경원선,석계,4930,5392,10322,-462,3,19,토
2022-03-19,경원선,신이문,4750,4361,9111,389,3,19,토
2022-03-19,경원선,외대앞,5221,4964,10185,257,3,19,토
2022-03-19,경원선,청량리(서울시립대입구),11511,12193,23704,-682,3,19,토
2022-03-19,경원선,왕십리(성동구청),9859,10957,20816,-1098,3,19,토
2022-03-19,경원선,응봉,1044,840,1884,204,3,19,토
2022-03-19,경원선,옥수,32,28,60,4,3,19,토
2022-03-19,경원선,한남,2106,2059,4165,47,3,19,토
2022-03-19,경원선,서빙고,1009,934,1943,75,3,19,토
2022-03-19,경원선,이촌(국립중앙박물관),2020,1595,3615,425,3,19,토
2022-03-19,경부선,광명,1987,1766,3753,221,3,19,토
2022-03-19,경부선,서동탄,641,707,1348,-66,3,19,토
2022-03-19,경부선,당정,3174,2993,6167,181,3,19,토
2022-03-19,경부선,천안,4794,4909,9703,-115,3,19,토
2022-03-19,경부선,두정,4588,4492,9080,96,3,19,토
2022-03-19,경부선,직산,483,463,946,20,3,19,토
2022-03-19,경부선,성환,2362,2113,4475,249,3,19,토
2022-03-19,경부선,평택,10135,10014,20149,121,3,19,토
2022-03-19,경부선,평택지제,2548,2402,4950,146,3,19,토
2022-03-19,경부선,서정리,5322,4347,9669,975,3,19,토
2022-03-19,경부선,송탄,3796,3359,7155,437,3,19,토
2022-03-19,경부선,진위,787,678,1465,109,3,19,토
2022-03-19,경부선,오산,7185,6702,13887,483,3,19,토
2022-03-19,경부선,오산대,2021,1815,3836,206,3,19,토
2022-03-19,경부선,세마,1611,1462,3073,149,3,19,토
2022-03-19,경부선,병점,9285,9261,18546,24,3,19,토
2022-03-19,경부선,세류,1782,1888,3670,-106,3,19,토
2022-03-19,경부선,독산,6872,6836,13708,36,3,19,토
2022-03-19,경부선,수원,28114,31193,59307,-3079,3,19,토
2022-03-19,경부선,화서,3878,3852,7730,26,3,19,토
2022-03-19,경부선,성균관대,8354,8246,16600,108,3,19,토
2022-03-19,경부선,의왕,4553,4421,8974,132,3,19,토
2022-03-19,경부선,군포,3603,3318,6921,285,3,19,토
2022-03-19,경부선,금정,14740,14931,29671,-191,3,19,토
2022-03-19,경부선,명학,4103,3964,8067,139,3,19,토
2022-03-19,경부선,안양,13216,13446,26662,-230,3,19,토
2022-03-19,경부선,관악,3977,3865,7842,112,3,19,토
2022-03-19,경부선,석수,4820,4256,9076,564,3,19,토
2022-03-19,경부선,금천구청,6106,6212,12318,-106,3,19,토
2022-03-19,경부선,가산디지털단지,4903,6439,11342,-1536,3,19,토
2022-03-19,경부선,구로,9984,10489,20473,-505,3,19,토
2022-03-19,경부선,신길,4893,4090,8983,803,3,19,토
2022-03-19,경부선,신도림,2391,2361,4752,30,3,19,토
2022-03-19,경부선,영등포,31301,32490,63791,-1189,3,19,토
2022-03-19,경부선,대방,6285,6390,12675,-105,3,19,토
2022-03-19,경부선,노량진,5947,5336,11283,611,3,19,토
2022-03-19,경부선,용산,25310,26393,51703,-1083,3,19,토
2022-03-19,경부선,남영,4634,4713,9347,-79,3,19,토
2022-03-19,경부선,서울역,4874,1558,6432,3316,3,19,토
2022-03-19,경강선,여주,1582,1622,3204,-40,3,19,토
2022-03-19,경강선,세종대왕릉,196,211,407,-15,3,19,토
2022-03-19,경강선,부발,1752,1350,3102,402,3,19,토
2022-03-19,경강선,이천,2031,2022,4053,9,3,19,토
2022-03-19,경강선,신둔도예촌,893,816,1709,77,3,19,토
2022-03-19,경강선,곤지암,1365,1250,2615,115,3,19,토
2022-03-19,경강선,초월,1755,1626,3381,129,3,19,토
2022-03-19,경강선,경기광주,4277,3954,8231,323,3,19,토
2022-03-19,경강선,삼동,1171,1143,2314,28,3,19,토
2022-03-19,경강선,이매,548,496,1044,52,3,19,토
2022-03-19,경강선,판교,2475,2418,4893,57,3,19,토
2022-03-19,9호선2~3단계,중앙보훈병원,3644,3317,6961,327,3,19,토
2022-03-19,9호선2~3단계,둔촌오륜,472,507,979,-35,3,19,토
2022-03-19,9호선2~3단계,올림픽공원(한국체대),4643,4610,9253,33,3,19,토
2022-03-19,9호선2~3단계,한성백제,1400,1255,2655,145,3,19,토
2022-03-19,9호선2~3단계,송파나루,3472,3724,7196,-252,3,19,토
2022-03-19,9호선2~3단계,석촌,5234,4332,9566,902,3,19,토
2022-03-19,9호선2~3단계,석촌고분,3490,3277,6767,213,3,19,토
2022-03-19,9호선2~3단계,삼전,4104,3838,7942,266,3,19,토
2022-03-19,9호선2~3단계,종합운동장,2659,2420,5079,239,3,19,토
2022-03-19,9호선2~3단계,봉은사,9745,10455,20200,-710,3,19,토
2022-03-19,9호선2~3단계,삼성중앙,2531,2689,5220,-158,3,19,토
2022-03-19,9호선2~3단계,선정릉,3869,4295,8164,-426,3,19,토
2022-03-19,9호선2~3단계,언주,5106,5027,10133,79,3,19,토
2022-03-19,9호선,신논현,21101,21036,42137,65,3,19,토
2022-03-19,9호선,사평,1728,1670,3398,58,3,19,토
2022-03-19,9호선,고속터미널,9330,13078,22408,-3748,3,19,토
2022-03-19,9호선,신반포,2007,1884,3891,123,3,19,토
2022-03-19,9호선,구반포,705,745,1450,-40,3,19,토
2022-03-19,9호선,동작(현충원),1182,993,2175,189,3,19,토
2022-03-19,9호선,흑석(중앙대입구),4593,4559,9152,34,3,19,토
2022-03-19,9호선,노들,2464,2160,4624,304,3,19,토
2022-03-19,9호선,노량진,16694,16128,32822,566,3,19,토
2022-03-19,9호선,샛강,2029,1982,4011,47,3,19,토
2022-03-19,9호선,여의도,10372,9879,20251,493,3,19,토
2022-03-19,9호선,국회의사당,3949,3952,7901,-3,3,19,토
2022-03-19,9호선,당산,10406,9616,20022,790,3,19,토
2022-03-19,9호선,선유도,3113,2874,5987,239,3,19,토
2022-03-19,9호선,신목동,1707,1463,3170,244,3,19,토
2022-03-19,9호선,염창,9437,8883,18320,554,3,19,토
2022-03-19,9호선,등촌,5855,5581,11436,274,3,19,토
2022-03-19,9호선,증미,3343,3273,6616,70,3,19,토
2022-03-19,9호선,가양,10871,10296,21167,575,3,19,토
2022-03-19,9호선,양천향교,4770,4706,9476,64,3,19,토
2022-03-19,9호선,마곡나루(서울식물원),6697,6446,13143,251,3,19,토
2022-03-19,9호선,신방화,3789,3670,7459,119,3,19,토
2022-03-19,9호선,공항시장,1924,1972,3896,-48,3,19,토
2022-03-19,9호선,김포공항,6196,9614,15810,-3418,3,19,토
2022-03-19,9호선,개화,1007,906,1913,101,3,19,토
2022-03-19,8호선,남위례,2524,2674,5198,-150,3,19,토
2022-03-19,8호선,모란,3923,3311,7234,612,3,19,토
2022-03-19,8호선,수진,3615,3299,6914,316,3,19,토
2022-03-19,8호선,신흥,2990,3142,6132,-152,3,19,토
2022-03-19,8호선,단대오거리,6263,6073,12336,190,3,19,토
2022-03-19,8호선,남한산성입구(성남법원.검찰청),7484,6573,14057,911,3,19,토
2022-03-19,8호선,산성,3156,3137,6293,19,3,19,토
2022-03-19,8호선,복정,4888,4246,9134,642,3,19,토
2022-03-19,8호선,장지,10217,9677,19894,540,3,19,토
2022-03-19,8호선,문정,7349,7382,14731,-33,3,19,토
2022-03-19,8호선,가락시장,4452,4514,8966,-62,3,19,토
2022-03-19,8호선,송파,4264,4376,8640,-112,3,19,토
2022-03-19,8호선,석촌,4807,5678,10485,-871,3,19,토
2022-03-19,8호선,잠실(송파구청),10181,11662,21843,-1481,3,19,토
2022-03-19,8호선,몽촌토성(평화의문),3251,3212,6463,39,3,19,토
2022-03-19,8호선,강동구청,4979,5028,10007,-49,3,19,토
2022-03-19,8호선,천호(풍납토성),9763,11626,21389,-1863,3,19,토
2022-03-19,8호선,암사,9968,9201,19169,767,3,19,토
2022-03-19,7호선,상동,1,0,1,1,3,19,토
2022-03-19,7호선,온수(성공회대입구),4288,4380,8668,-92,3,19,토
2022-03-19,7호선,천왕,5589,5254,10843,335,3,19,토
2022-03-19,7호선,광명사거리,13456,13328,26784,128,3,19,토
2022-03-19,7호선,철산,11572,11839,23411,-267,3,19,토
2022-03-19,7호선,가산디지털단지,11338,10427,21765,911,3,19,토
2022-03-19,7호선,남구로,6764,6789,13553,-25,3,19,토
2022-03-19,7호선,대림(구로구청),5394,5819,11213,-425,3,19,토
2022-03-19,7호선,신풍,6477,6192,12669,285,3,19,토
2022-03-19,7호선,보라매,5077,4809,9886,268,3,19,토
2022-03-19,7호선,신대방삼거리,9340,8643,17983,697,3,19,토
2022-03-19,7호선,장승배기,5397,5109,10506,288,3,19,토
2022-03-19,7호선,상도,6229,5729,11958,500,3,19,토
2022-03-19,7호선,숭실대입구(살피재),6822,6600,13422,222,3,19,토
2022-03-19,7호선,남성,6141,5682,11823,459,3,19,토
2022-03-19,7호선,이수,9646,9001,18647,645,3,19,토
2022-03-19,7호선,내방,6387,6291,12678,96,3,19,토
2022-03-19,7호선,고속터미널,10910,8099,19009,2811,3,19,토
2022-03-19,7호선,반포,3547,3328,6875,219,3,19,토
2022-03-19,7호선,논현,9266,10040,19306,-774,3,19,토
2022-03-19,7호선,학동,9025,9375,18400,-350,3,19,토
2022-03-19,7호선,강남구청,8392,9213,17605,-821,3,19,토
2022-03-19,7호선,청담,9374,10138,19512,-764,3,19,토
2022-03-19,7호선,뚝섬유원지,4383,4270,8653,113,3,19,토
2022-03-19,7호선,건대입구,8698,9099,17797,-401,3,19,토
2022-03-19,7호선,어린이대공원(세종대),7088,6862,13950,226,3,19,토
2022-03-19,7호선,군자(능동),8541,6782,15323,1759,3,19,토
2022-03-19,7호선,중곡,5653,5306,10959,347,3,19,토
2022-03-19,7호선,용마산(용마폭포공원),3429,3237,6666,192,3,19,토
2022-03-19,7호선,사가정,9596,9505,19101,91,3,19,토
2022-03-19,7호선,면목,8935,8692,17627,243,3,19,토
2022-03-19,7호선,상봉(시외버스터미널),10444,9846,20290,598,3,19,토
2022-03-19,7호선,중화,6014,5898,11912,116,3,19,토
2022-03-19,7호선,먹골,6798,6736,13534,62,3,19,토
2022-03-19,7호선,태릉입구,5187,4736,9923,451,3,19,토
2022-03-19,7호선,공릉(서울과학기술대),7381,7153,14534,228,3,19,토
2022-03-19,7호선,하계,9928,9359,19287,569,3,19,토
2022-03-19,7호선,중계,7198,6434,13632,764,3,19,토
2022-03-19,7호선,노원,13143,13334,26477,-191,3,19,토
2022-03-19,7호선,마들,7087,6700,13787,387,3,19,토
2022-03-19,7호선,수락산,7352,7157,14509,195,3,19,토
2022-03-19,7호선,도봉산,4232,5451,9683,-1219,3,19,토
2022-03-19,7호선,장암,934,599,1533,335,3,19,토
2022-03-19,6호선,신내,1,0,1,1,3,19,토
2022-03-19,6호선,봉화산(서울의료원),4060,3944,8004,116,3,19,토
2022-03-19,6호선,화랑대(서울여대입구),5240,4286,9526,954,3,19,토
2022-03-19,6호선,태릉입구,3457,3463,6920,-6,3,19,토
2022-03-19,6호선,석계,6940,6803,13743,137,3,19,토
2022-03-19,6호선,돌곶이,4938,4495,9433,443,3,19,토
2022-03-19,6호선,상월곡(한국과학기술연구원),3434,2971,6405,463,3,19,토
2022-03-19,6호선,월곡(동덕여대),6047,6017,12064,30,3,19,토
2022-03-19,6호선,고려대(종암),4392,4195,8587,197,3,19,토
2022-03-19,6호선,안암(고대병원앞),6171,5798,11969,373,3,19,토
2022-03-19,6호선,보문,4258,3872,8130,386,3,19,토
2022-03-19,6호선,창신,1771,1532,3303,239,3,19,토
2022-03-19,6호선,동묘앞,5240,5319,10559,-79,3,19,토
2022-03-19,6호선,신당,4742,4146,8888,596,3,19,토
2022-03-19,6호선,청구,1977,2032,4009,-55,3,19,토
2022-03-19,6호선,약수,2036,2044,4080,-8,3,19,토
2022-03-19,6호선,버티고개,1167,1182,2349,-15,3,19,토
2022-03-19,6호선,한강진,6415,7752,14167,-1337,3,19,토
2022-03-19,6호선,이태원,11496,12042,23538,-546,3,19,토
2022-03-19,6호선,녹사평(용산구청),3666,4005,7671,-339,3,19,토
2022-03-19,6호선,삼각지,4447,3578,8025,869,3,19,토
2022-03-19,6호선,효창공원앞,3550,3205,6755,345,3,19,토
2022-03-19,6호선,공덕,8005,7654,15659,351,3,19,토
2022-03-19,6호선,대흥(서강대앞),4685,4732,9417,-47,3,19,토
2022-03-19,6호선,광흥창(서강),4269,3998,8267,271,3,19,토
2022-03-19,6호선,상수,7526,8771,16297,-1245,3,19,토
2022-03-19,6호선,합정,10215,9644,19859,571,3,19,토
2022-03-19,6호선,망원,10107,11061,21168,-954,3,19,토
2022-03-19,6호선,마포구청,7438,6848,14286,590,3,19,토
2022-03-19,6호선,월드컵경기장(성산),4760,4891,9651,-131,3,19,토
2022-03-19,6호선,디지털미디어시티,5506,5541,11047,-35,3,19,토
2022-03-19,6호선,증산(명지대앞),5789,5735,11524,54,3,19,토
2022-03-19,6호선,새절(신사),6853,6517,13370,336,3,19,토
2022-03-19,6호선,구산,4346,3321,7667,1025,3,19,토
2022-03-19,6호선,독바위,1570,1679,3249,-109,3,19,토
2022-03-19,6호선,불광,2955,2703,5658,252,3,19,토
2022-03-19,6호선,역촌,2218,2534,4752,-316,3,19,토
2022-03-19,6호선,응암,10105,10035,20140,70,3,19,토
2022-03-19,5호선,하남검단산,3615,3590,7205,25,3,19,토
2022-03-19,5호선,하남시청(덕풍·신장),4408,4311,8719,97,3,19,토
2022-03-19,5호선,하남풍산,2083,2206,4289,-123,3,19,토
2022-03-19,5호선,미사,9577,9466,19043,111,3,19,토
2022-03-19,5호선,강일,2118,1960,4078,158,3,19,토
2022-03-19,5호선,마천,3698,3801,7499,-103,3,19,토
2022-03-19,5호선,거여,5032,4848,9880,184,3,19,토
2022-03-19,5호선,개롱,3259,3404,6663,-145,3,19,토
2022-03-19,5호선,오금,1739,1593,3332,146,3,19,토
2022-03-19,5호선,방이,4373,4295,8668,78,3,19,토
2022-03-19,5호선,올림픽공원(한국체대),2115,1951,4066,164,3,19,토
2022-03-19,5호선,둔촌동,5171,5004,10175,167,3,19,토
2022-03-19,5호선,상일동,7238,6751,13989,487,3,19,토
2022-03-19,5호선,고덕,4943,4895,9838,48,3,19,토
2022-03-19,5호선,명일,4771,4759,9530,12,3,19,토
2022-03-19,5호선,굽은다리(강동구민회관앞),5619,5261,10880,358,3,19,토
2022-03-19,5호선,길동,5036,5286,10322,-250,3,19,토
2022-03-19,5호선,강동,10266,9776,20042,490,3,19,토
2022-03-19,5호선,천호(풍납토성),13525,12708,26233,817,3,19,토
2022-03-19,5호선,광나루(장신대),7030,6386,13416,644,3,19,토
2022-03-19,5호선,아차산(어린이대공원후문),9100,8722,17822,378,3,19,토
2022-03-19,5호선,군자(능동),6782,7560,14342,-778,3,19,토
2022-03-19,5호선,장한평,8997,8898,17895,99,3,19,토
2022-03-19,5호선,답십리,8402,7808,16210,594,3,19,토
2022-03-19,5호선,마장,3078,2918,5996,160,3,19,토
2022-03-19,5호선,왕십리(성동구청),2854,3263,6117,-409,3,19,토
2022-03-19,5호선,행당,4037,3527,7564,510,3,19,토
2022-03-19,5호선,신금호,3293,3280,6573,13,3,19,토
2022-03-19,5호선,청구,2086,1971,4057,115,3,19,토
2022-03-19,5호선,동대문역사문화공원(DDP),883,1142,2025,-259,3,19,토
2022-03-19,5호선,을지로4가,2531,2878,5409,-347,3,19,토
2022-03-19,5호선,종로3가,9293,9510,18803,-217,3,19,토
2022-03-19,5호선,광화문(세종문화회관),10679,11271,21950,-592,3,19,토
2022-03-19,5호선,서대문,5699,5283,10982,416,3,19,토
2022-03-19,5호선,충정로(경기대입구),1592,1393,2985,199,3,19,토
2022-03-19,5호선,애오개,2957,2838,5795,119,3,19,토
2022-03-19,5호선,공덕,5594,5657,11251,-63,3,19,토
2022-03-19,5호선,마포,6099,6171,12270,-72,3,19,토
2022-03-19,5호선,여의나루,5427,7100,12527,-1673,3,19,토
2022-03-19,5호선,여의도,9862,10341,20203,-479,3,19,토
2022-03-19,5호선,신길,2186,2208,4394,-22,3,19,토
2022-03-19,5호선,영등포시장,6625,6891,13516,-266,3,19,토
2022-03-19,5호선,영등포구청,1586,1583,3169,3,3,19,토
2022-03-19,5호선,양평,3124,2961,6085,163,3,19,토
2022-03-19,5호선,오목교(목동운동장앞),13649,13797,27446,-148,3,19,토
2022-03-19,5호선,목동,8958,8908,17866,50,3,19,토
2022-03-19,5호선,신정(은행정),7274,6217,13491,1057,3,19,토
2022-03-19,5호선,까치산,16890,16253,33143,637,3,19,토
2022-03-19,5호선,화곡,16039,14846,30885,1193,3,19,토
2022-03-19,5호선,우장산,7842,7830,15672,12,3,19,토
2022-03-19,5호선,발산,11699,12258,23957,-559,3,19,토
2022-03-19,5호선,마곡,4386,4447,8833,-61,3,19,토
2022-03-19,5호선,송정,3942,3762,7704,180,3,19,토
2022-03-19,5호선,김포공항,6054,6120,12174,-66,3,19,토
2022-03-19,5호선,개화산,2967,2889,5856,78,3,19,토
2022-03-19,5호선,방화,3534,3391,6925,143,3,19,토
2022-03-19,4호선,남태령,638,447,1085,191,3,19,토
2022-03-19,4호선,사당,16094,13901,29995,2193,3,19,토
2022-03-19,4호선,총신대입구(이수),10856,11967,22823,-1111,3,19,토
2022-03-19,4호선,동작(현충원),741,837,1578,-96,3,19,토
2022-03-19,4호선,이촌(국립중앙박물관),4706,5017,9723,-311,3,19,토
2022-03-19,4호선,신용산,7945,8565,16510,-620,3,19,토
2022-03-19,4호선,삼각지,2686,3692,6378,-1006,3,19,토
2022-03-19,4호선,숙대입구(갈월),7560,7404,14964,156,3,19,토
2022-03-19,4호선,서울역,4443,9288,13731,-4845,3,19,토
2022-03-19,4호선,회현(남대문시장),12831,13534,26365,-703,3,19,토
2022-03-19,4호선,명동,10179,11628,21807,-1449,3,19,토
2022-03-19,4호선,충무로,10459,10924,21383,-465,3,19,토
2022-03-19,4호선,동대문역사문화공원(DDP),9666,8650,18316,1016,3,19,토
2022-03-19,4호선,동대문,10041,10391,20432,-350,3,19,토
2022-03-19,4호선,혜화,21476,21882,43358,-406,3,19,토
2022-03-19,4호선,한성대입구(삼선교),8355,8043,16398,312,3,19,토
2022-03-19,4호선,성신여대입구(돈암),13745,13003,26748,742,3,19,토
2022-03-19,4호선,길음,11462,11042,22504,420,3,19,토
2022-03-19,4호선,미아사거리,17502,16725,34227,777,3,19,토
2022-03-19,4호선,미아(서울사이버대학),8528,8122,16650,406,3,19,토
2022-03-19,4호선,수유(강북구청),21909,21486,43395,423,3,19,토
2022-03-19,4호선,쌍문,17137,15504,32641,1633,3,19,토
2022-03-19,4호선,창동,16256,17059,33315,-803,3,19,토
2022-03-19,4호선,노원,14078,15454,29532,-1376,3,19,토
2022-03-19,4호선,상계,11429,10782,22211,647,3,19,토
2022-03-19,4호선,당고개,6631,6378,13009,253,3,19,토
2022-03-19,3호선,오금,2932,2824,5756,108,3,19,토
2022-03-19,3호선,경찰병원,3273,3140,6413,133,3,19,토
2022-03-19,3호선,가락시장,4649,4361,9010,288,3,19,토
2022-03-19,3호선,수서,10650,10518,21168,132,3,19,토
2022-03-19,3호선,일원,3781,3731,7512,50,3,19,토
2022-03-19,3호선,대청,4759,4393,9152,366,3,19,토
2022-03-19,3호선,학여울,2600,2869,5469,-269,3,19,토
2022-03-19,3호선,대치,8082,7153,15235,929,3,19,토
2022-03-19,3호선,도곡,2540,2634,5174,-94,3,19,토
2022-03-19,3호선,매봉,4882,4744,9626,138,3,19,토
2022-03-19,3호선,양재(서초구청),16388,17790,34178,-1402,3,19,토
2022-03-19,3호선,남부터미널(예술의전당),16157,15799,31956,358,3,19,토
2022-03-19,3호선,교대(법원.검찰청),5677,3519,9196,2158,3,19,토
2022-03-19,3호선,고속터미널,37079,36866,73945,213,3,19,토
2022-03-19,3호선,잠원,2749,2644,5393,105,3,19,토
2022-03-19,3호선,신사,21862,22911,44773,-1049,3,19,토
2022-03-19,3호선,압구정,20339,21456,41795,-1117,3,19,토
2022-03-19,3호선,옥수,5239,5332,10571,-93,3,19,토
2022-03-19,3호선,금호,4547,4227,8774,320,3,19,토
2022-03-19,3호선,약수,7062,6789,13851,273,3,19,토
2022-03-19,3호선,동대입구,4989,5298,10287,-309,3,19,토
2022-03-19,3호선,을지로3가,4009,4223,8232,-214,3,19,토
2022-03-19,3호선,종로3가,4812,6390,11202,-1578,3,19,토
2022-03-19,3호선,안국,10481,11869,22350,-1388,3,19,토
2022-03-19,3호선,경복궁(정부서울청사),10418,10500,20918,-82,3,19,토
2022-03-19,3호선,독립문,4064,4270,8334,-206,3,19,토
2022-03-19,3호선,무악재,2073,2075,4148,-2,3,19,토
2022-03-19,3호선,홍제,10163,9498,19661,665,3,19,토
2022-03-19,3호선,녹번,8148,7260,15408,888,3,19,토
2022-03-19,3호선,불광,9619,10477,20096,-858,3,19,토
2022-03-19,3호선,연신내,22787,22118,44905,669,3,19,토
2022-03-19,3호선,구파발,11133,11041,22174,92,3,19,토
2022-03-19,3호선,지축,2427,2262,4689,165,3,19,토
2022-03-19,2호선,용두(동대문구청),1363,1323,2686,40,3,19,토
2022-03-19,2호선,신정네거리,5534,5679,11213,-145,3,19,토
2022-03-19,2호선,양천구청,3375,3505,6880,-130,3,19,토
2022-03-19,2호선,도림천,726,716,1442,10,3,19,토
2022-03-19,2호선,신설동,2376,2592,4968,-216,3,19,토
2022-03-19,2호선,신답,876,898,1774,-22,3,19,토
2022-03-19,2호선,용답,1793,1733,3526,60,3,19,토
2022-03-19,2호선,충정로(경기대입구),4486,4713,9199,-227,3,19,토
2022-03-19,2호선,아현,5880,5586,11466,294,3,19,토
2022-03-19,2호선,이대,8791,9014,17805,-223,3,19,토
2022-03-19,2호선,신촌,25213,24688,49901,525,3,19,토
2022-03-19,2호선,홍대입구,51712,55494,107206,-3782,3,19,토
2022-03-19,2호선,합정,23146,25240,48386,-2094,3,19,토
2022-03-19,2호선,당산,9526,10639,20165,-1113,3,19,토
2022-03-19,2호선,영등포구청,10568,10976,21544,-408,3,19,토
2022-03-19,2호선,문래,10716,11261,21977,-545,3,19,토
2022-03-19,2호선,신도림,32294,33373,65667,-1079,3,19,토
2022-03-19,2호선,대림(구로구청),13908,14797,28705,-889,3,19,토
2022-03-19,2호선,구로디지털단지,27608,27153,54761,455,3,19,토
2022-03-19,2호선,신대방,16036,15528,31564,508,3,19,토
2022-03-19,2호선,신림,41725,40009,81734,1716,3,19,토
2022-03-19,2호선,봉천,14091,12753,26844,1338,3,19,토
2022-03-19,2호선,서울대입구(관악구청),30506,29775,60281,731,3,19,토
2022-03-19,2호선,낙성대(강감찬),17539,16283,33822,1256,3,19,토
2022-03-19,2호선,사당,23776,26059,49835,-2283,3,19,토
2022-03-19,2호선,방배,8432,8802,17234,-370,3,19,토
2022-03-19,2호선,서초,9111,7744,16855,1367,3,19,토
2022-03-19,2호선,교대(법원.검찰청),14228,15874,30102,-1646,3,19,토
2022-03-19,2호선,강남,51456,51069,102525,387,3,19,토
2022-03-19,2호선,역삼,15725,17095,32820,-1370,3,19,토
2022-03-19,2호선,선릉,20316,18025,38341,2291,3,19,토
2022-03-19,2호선,삼성(무역센터),26347,26375,52722,-28,3,19,토
2022-03-19,2호선,종합운동장,4075,4493,8568,-418,3,19,토
2022-03-19,2호선,잠실새내,13493,13981,27474,-488,3,19,토
2022-03-19,2호선,잠실(송파구청),47749,45808,93557,1941,3,19,토
2022-03-19,2호선,강변(동서울터미널),19432,19275,38707,157,3,19,토
2022-03-19,2호선,구의(광진구청),13673,13160,26833,513,3,19,토
2022-03-19,2호선,건대입구,28620,30414,59034,-1794,3,19,토
2022-03-19,2호선,성수,16564,18416,34980,-1852,3,19,토
2022-03-19,2호선,뚝섬,10571,10631,21202,-60,3,19,토
2022-03-19,2호선,한양대,4475,4684,9159,-209,3,19,토
2022-03-19,2호선,왕십리(성동구청),11047,9934,20981,1113,3,19,토
2022-03-19,2호선,상왕십리,8188,7736,15924,452,3,19,토
2022-03-19,2호선,신당,8706,8955,17661,-249,3,19,토
2022-03-19,2호선,동대문역사문화공원(DDP),8927,9990,18917,-1063,3,19,토
2022-03-19,2호선,을지로4가,5678,5887,11565,-209,3,19,토
2022-03-19,2호선,을지로3가,8486,8634,17120,-148,3,19,토
2022-03-19,2호선,을지로입구,15765,16156,31921,-391,3,19,토
2022-03-19,2호선,시청,6288,5658,11946,630,3,19,토
2022-03-19,1호선,동묘앞,5730,6102,11832,-372,3,19,토
2022-03-19,1호선,청량리(서울시립대입구),13184,13369,26553,-185,3,19,토
2022-03-19,1호선,제기동,10862,10995,21857,-133,3,19,토
2022-03-19,1호선,신설동,7213,6677,13890,536,3,19,토
2022-03-19,1호선,동대문,7852,7046,14898,806,3,19,토
2022-03-19,1호선,종로5가,14347,14612,28959,-265,3,19,토
2022-03-19,1호선,종로3가,16362,15486,31848,876,3,19,토
2022-03-19,1호선,종각,14555,13614,28169,941,3,19,토
2022-03-19,1호선,서울역,22028,22382,44410,-354,3,19,토
2022-03-19,1호선,시청,8001,8112,16113,-111,3,19,토
2022-03-19,중앙선,용문,1075,1275,2350,-200,3,19,토
2022-03-19,중앙선,원덕,202,222,424,-20,3,19,토
2022-03-19,중앙선,양평,1588,1680,3268,-92,3,19,토
2022-03-19,중앙선,오빈,168,154,322,14,3,19,토
2022-03-19,중앙선,아신,315,337,652,-22,3,19,토
2022-03-19,중앙선,국수,338,385,723,-47,3,19,토
2022-03-19,중앙선,신원,119,104,223,15,3,19,토
2022-03-19,중앙선,지평,34,33,67,1,3,19,토
2022-03-19,우이신설선,신설동,1051,1018,2069,33,3,19,토
2022-03-19,우이신설선,보문,895,892,1787,3,3,19,토
2022-03-19,우이신설선,성신여대입구(돈암),2331,2600,4931,-269,3,19,토
2022-03-19,우이신설선,정릉,2840,2325,5165,515,3,19,토
2022-03-19,우이신설선,북한산보국문,3968,3349,7317,619,3,19,토
2022-03-19,우이신설선,솔샘,2979,2636,5615,343,3,19,토
2022-03-19,우이신설선,삼양사거리,1462,1527,2989,-65,3,19,토
2022-03-19,우이신설선,삼양,1153,1229,2382,-76,3,19,토
2022-03-19,우이신설선,화계,2012,1827,3839,185,3,19,토
2022-03-19,우이신설선,가오리,2326,2193,4519,133,3,19,토
2022-03-19,우이신설선,4.19민주묘지,1668,1564,3232,104,3,19,토
2022-03-19,우이신설선,솔밭공원,1361,1274,2635,87,3,19,토
2022-03-19,우이신설선,북한산우이,1654,1693,3347,-39,3,19,토
2022-03-19,안산선,수리산,2216,1838,4054,378,3,19,토
2022-03-19,안산선,오이도,5154,5362,10516,-208,3,19,토
2022-03-19,안산선,정왕,5206,5093,10299,113,3,19,토
2022-03-19,안산선,신길온천,1117,1042,2159,75,3,19,토
2022-03-19,안산선,안산,7291,7528,14819,-237,3,19,토
2022-03-19,안산선,초지,2507,2540,5047,-33,3,19,토
2022-03-19,안산선,고잔,4899,4772,9671,127,3,19,토
2022-03-20,장항선,아산,3096,2038,5134,1058,3,20,일
2022-03-20,장항선,쌍용(나사렛대),1037,1196,2233,-159,3,20,일
2022-03-20,장항선,봉명,457,428,885,29,3,20,일
2022-03-20,일산선,대화,5679,5186,10865,493,3,20,일
2022-03-20,일산선,주엽,3711,3671,7382,40,3,20,일
2022-03-20,일산선,정발산,4606,4500,9106,106,3,20,일
2022-03-20,일산선,마두,2892,2923,5815,-31,3,20,일
2022-03-20,일산선,백석,4669,4541,9210,128,3,20,일
2022-03-20,일산선,대곡,944,792,1736,152,3,20,일
2022-03-20,일산선,화정,8060,8331,16391,-271,3,20,일
2022-03-20,일산선,원당,5286,5107,10393,179,3,20,일
2022-03-20,일산선,삼송,9289,9101,18390,188,3,20,일
2022-03-20,일산선,원흥,4430,4339,8769,91,3,20,일
2022-03-20,우이신설선,신설동,1127,1142,2269,-15,3,20,일
2022-03-20,우이신설선,보문,832,778,1610,54,3,20,일
2022-03-20,우이신설선,성신여대입구(돈암),1999,2304,4303,-305,3,20,일
2022-03-20,우이신설선,정릉,2353,2038,4391,315,3,20,일
2022-03-20,우이신설선,북한산보국문,3412,3086,6498,326,3,20,일
2022-03-20,우이신설선,솔샘,2374,2205,4579,169,3,20,일
2022-03-20,우이신설선,삼양사거리,1296,1313,2609,-17,3,20,일
2022-03-20,우이신설선,삼양,1128,1130,2258,-2,3,20,일
2022-03-20,우이신설선,화계,1770,1695,3465,75,3,20,일
2022-03-20,우이신설선,가오리,2041,1887,3928,154,3,20,일
2022-03-20,우이신설선,4.19민주묘지,1821,1644,3465,177,3,20,일
2022-03-20,우이신설선,솔밭공원,1284,1234,2518,50,3,20,일
2022-03-20,우이신설선,북한산우이,2851,3045,5896,-194,3,20,일
2022-03-20,안산선,수리산,1893,1784,3677,109,3,20,일
2022-03-20,안산선,오이도,4872,4715,9587,157,3,20,일
2022-03-20,안산선,정왕,4535,5078,9613,-543,3,20,일
2022-03-20,안산선,신길온천,978,948,1926,30,3,20,일
2022-03-20,안산선,안산,8027,7457,15484,570,3,20,일
2022-03-20,안산선,초지,1966,1889,3855,77,3,20,일
2022-03-20,안산선,고잔,3924,3733,7657,191,3,20,일
2022-03-20,안산선,중앙,10055,10017,20072,38,3,20,일
2022-03-20,안산선,한대앞,4608,4667,9275,-59,3,20,일
2022-03-20,안산선,상록수,7944,7748,15692,196,3,20,일
2022-03-20,안산선,반월,2132,2116,4248,16,3,20,일
2022-03-20,안산선,대야미,2587,2413,5000,174,3,20,일
2022-03-20,안산선,산본,7736,8188,15924,-452,3,20,일
2022-03-20,수인선,인천,892,1262,2154,-370,3,20,일
2022-03-20,수인선,신포,1056,973,2029,83,3,20,일
2022-03-20,수인선,숭의,1756,1610,3366,146,3,20,일
2022-03-20,수인선,인하대,2853,2947,5800,-94,3,20,일
2022-03-20,수인선,송도,1352,1294,2646,58,3,20,일
2022-03-20,수인선,연수,2846,2763,5609,83,3,20,일
2022-03-20,수인선,원인재,2498,2573,5071,-75,3,20,일
2022-03-20,수인선,남동인더스파크,517,506,1023,11,3,20,일
2022-03-20,수인선,호구포,1797,1841,3638,-44,3,20,일
2022-03-20,수인선,인천논현,2526,2698,5224,-172,3,20,일
2022-03-20,수인선,소래포구,3733,3525,7258,208,3,20,일
2022-03-20,수인선,월곶,1431,1337,2768,94,3,20,일
2022-03-20,수인선,달월,43,48,91,-5,3,20,일
2022-03-20,수인선,사리,2266,1922,4188,344,3,20,일
2022-03-20,수인선,야목,189,154,343,35,3,20,일
2022-03-20,수인선,어천,470,535,1005,-65,3,20,일
2022-03-20,수인선,오목천,1281,1231,2512,50,3,20,일
2022-03-20,수인선,고색,1843,1927,3770,-84,3,20,일
2022-03-20,분당선,매교,1284,1304,2588,-20,3,20,일
2022-03-20,분당선,수원시청,6384,6485,12869,-101,3,20,일
2022-03-20,분당선,매탄권선,2227,2104,4331,123,3,20,일
2022-03-20,분당선,망포,5561,5750,11311,-189,3,20,일
2022-03-20,분당선,영통,4461,4456,8917,5,3,20,일
2022-03-20,분당선,청명,1587,1702,3289,-115,3,20,일
2022-03-20,분당선,상갈,2435,2491,4926,-56,3,20,일
2022-03-20,분당선,기흥,4354,4088,8442,266,3,20,일
2022-03-20,분당선,신갈,1638,1709,3347,-71,3,20,일
2022-03-20,분당선,구성,2080,2131,4211,-51,3,20,일
2022-03-20,분당선,죽전,6857,7761,14618,-904,3,20,일
2022-03-20,분당선,보정,958,863,1821,95,3,20,일
2022-03-20,분당선,이매,2815,2825,5640,-10,3,20,일
2022-03-20,분당선,오리,4575,4050,8625,525,3,20,일
2022-03-20,분당선,미금,6238,6593,12831,-355,3,20,일
2022-03-20,분당선,정자,6493,6738,13231,-245,3,20,일
2022-03-20,분당선,수내,5148,4984,10132,164,3,20,일
2022-03-20,분당선,서현,12904,12633,25537,271,3,20,일
2022-03-20,분당선,야탑,11624,11950,23574,-326,3,20,일
2022-03-20,분당선,모란,9885,10131,20016,-246,3,20,일
2022-03-20,분당선,태평,6958,6607,13565,351,3,20,일
2022-03-20,분당선,가천대,3499,4282,7781,-783,3,20,일
2022-03-20,분당선,선정릉,1813,1814,3627,-1,3,20,일
2022-03-20,분당선,강남구청,2981,3578,6559,-597,3,20,일
2022-03-20,분당선,압구정로데오,10292,11075,21367,-783,3,20,일
2022-03-20,분당선,서울숲,5358,5523,10881,-165,3,20,일
2022-03-20,분당선,수원,5176,4075,9251,1101,3,20,일
2022-03-20,분당선,복정,1,0,1,1,3,20,일
2022-03-20,분당선,수서,7303,6716,14019,587,3,20,일
2022-03-20,분당선,대모산입구,1741,1724,3465,17,3,20,일
2022-03-20,분당선,개포동,1722,1744,3466,-22,3,20,일
2022-03-20,분당선,구룡,664,754,1418,-90,3,20,일
2022-03-20,분당선,도곡,2348,2309,4657,39,3,20,일
2022-03-20,분당선,한티,7478,7076,14554,402,3,20,일
2022-03-20,분당선,선릉,2490,3756,6246,-1266,3,20,일
2022-03-20,과천선,범계,12587,12091,24678,496,3,20,일
2022-03-20,과천선,평촌,5263,4975,10238,288,3,20,일
2022-03-20,과천선,인덕원,9918,10175,20093,-257,3,20,일
2022-03-20,과천선,정부과천청사,3772,3882,7654,-110,3,20,일
2022-03-20,과천선,과천,3052,2825,5877,227,3,20,일
2022-03-20,과천선,대공원,3484,3632,7116,-148,3,20,일
2022-03-20,과천선,경마공원,9036,9095,18131,-59,3,20,일
2022-03-20,과천선,선바위,3346,3078,6424,268,3,20,일
2022-03-20,공항철도 1호선,영종,2084,1995,4079,89,3,20,일
2022-03-20,공항철도 1호선,인천공항2터미널,1722,1656,3378,66,3,20,일
2022-03-20,공항철도 1호선,인천공항1터미널,3121,3257,6378,-136,3,20,일
2022-03-20,공항철도 1호선,공항화물청사,967,1017,1984,-50,3,20,일
2022-03-20,공항철도 1호선,운서,4472,4765,9237,-293,3,20,일
2022-03-20,공항철도 1호선,청라국제도시,2730,2567,5297,163,3,20,일
2022-03-20,공항철도 1호선,검암,2999,3144,6143,-145,3,20,일
2022-03-20,공항철도 1호선,계양,4373,4317,8690,56,3,20,일
2022-03-20,공항철도 1호선,김포공항,10269,5173,15442,5096,3,20,일
2022-03-20,공항철도 1호선,마곡나루(서울식물원),1991,2326,4317,-335,3,20,일
2022-03-20,공항철도 1호선,디지털미디어시티,3183,3065,6248,118,3,20,일
2022-03-20,공항철도 1호선,홍대입구,8507,8003,16510,504,3,20,일
2022-03-20,공항철도 1호선,공덕,973,1421,2394,-448,3,20,일
2022-03-20,공항철도 1호선,서울역,5897,5523,11420,374,3,20,일
2022-03-20,경춘선,춘천,1039,1149,2188,-110,3,20,일
2022-03-20,경춘선,남춘천,1796,2230,4026,-434,3,20,일
2022-03-20,경춘선,김유정,298,290,588,8,3,20,일
2022-03-20,경춘선,강촌,419,370,789,49,3,20,일
2022-03-20,경춘선,백양리,84,58,142,26,3,20,일
2022-03-20,경춘선,굴봉산,122,109,231,13,3,20,일
2022-03-20,경춘선,가평,1150,962,2112,188,3,20,일
2022-03-20,경춘선,상천,295,244,539,51,3,20,일
2022-03-20,경춘선,청평,1094,930,2024,164,3,20,일
2022-03-20,경춘선,대성리,445,300,745,145,3,20,일
2022-03-20,경춘선,마석,1955,1852,3807,103,3,20,일
2022-03-20,경춘선,천마산,946,915,1861,31,3,20,일
2022-03-20,경춘선,평내호평,2867,2615,5482,252,3,20,일
2022-03-20,경춘선,금곡,715,701,1416,14,3,20,일
2022-03-20,경춘선,사릉,1204,1132,2336,72,3,20,일
2022-03-20,경춘선,퇴계원,1689,1522,3211,167,3,20,일
2022-03-20,경춘선,별내,1537,1373,2910,164,3,20,일
2022-03-20,경춘선,갈매,1228,1089,2317,139,3,20,일
2022-03-20,경춘선,신내,825,750,1575,75,3,20,일
2022-03-20,경인선,도화,2100,1972,4072,128,3,20,일
2022-03-20,경인선,중동,4188,3844,8032,344,3,20,일
2022-03-20,경인선,온수(성공회대입구),3046,2861,5907,185,3,20,일
2022-03-20,경인선,도원,1373,1420,2793,-47,3,20,일
2022-03-20,경인선,간석,2705,2554,5259,151,3,20,일
2022-03-20,경인선,부개,4025,3716,7741,309,3,20,일
2022-03-20,경인선,소사,4328,4137,8465,191,3,20,일
2022-03-20,경인선,구일,2787,2754,5541,33,3,20,일
2022-03-20,경인선,인천,2955,2437,5392,518,3,20,일
2022-03-20,경인선,동인천,8109,7939,16048,170,3,20,일
2022-03-20,경인선,제물포,4649,4510,9159,139,3,20,일
2022-03-20,경인선,주안,10036,9063,19099,973,3,20,일
2022-03-20,경인선,동암,7983,7741,15724,242,3,20,일
2022-03-20,경인선,백운,3257,3213,6470,44,3,20,일
2022-03-20,경인선,부평,19272,19676,38948,-404,3,20,일
2022-03-20,경인선,송내,10887,10320,21207,567,3,20,일
2022-03-20,경인선,부천,18630,18225,36855,405,3,20,일
2022-03-20,경인선,역곡,12303,12120,24423,183,3,20,일
2022-03-20,경인선,오류동,5981,5749,11730,232,3,20,일
2022-03-20,경인선,개봉,9310,9362,18672,-52,3,20,일
2022-03-20,경의선,계양,1,0,1,1,3,20,일
2022-03-20,경의선,임진강,37,29,66,8,3,20,일
2022-03-20,경의선,문산,2774,2885,5659,-111,3,20,일
2022-03-20,경의선,파주,527,491,1018,36,3,20,일
2022-03-20,경의선,월롱,873,1818,2691,-945,3,20,일
2022-03-20,경의선,금촌,3447,3670,7117,-223,3,20,일
2022-03-20,경의선,금릉,2448,2353,4801,95,3,20,일
2022-03-20,경의선,운정,3139,2949,6088,190,3,20,일
2022-03-20,경의선,야당,4111,3736,7847,375,3,20,일
2022-03-20,경의선,탄현,3506,3193,6699,313,3,20,일
2022-03-20,경의선,일산,3942,3745,7687,197,3,20,일
2022-03-20,경의선,풍산,2929,2797,5726,132,3,20,일
2022-03-20,경의선,백마,2849,2677,5526,172,3,20,일
2022-03-20,경의선,곡산,286,287,573,-1,3,20,일
2022-03-20,경의선,능곡,1846,1834,3680,12,3,20,일
2022-03-20,경의선,행신,3590,3433,7023,157,3,20,일
2022-03-20,경의선,강매,1312,1193,2505,119,3,20,일
2022-03-20,경의선,화전,774,812,1586,-38,3,20,일
2022-03-20,경의선,수색,767,813,1580,-46,3,20,일
2022-03-20,경의선,디지털미디어시티,1113,1094,2207,19,3,20,일
2022-03-20,경의선,가좌,2389,2327,4716,62,3,20,일
2022-03-20,경의선,홍대입구,1403,1589,2992,-186,3,20,일
2022-03-20,경의선,서강대,1114,1101,2215,13,3,20,일
2022-03-20,경의선,공덕,1527,1156,2683,371,3,20,일
2022-03-20,경의선,효창공원앞,1127,1285,2412,-158,3,20,일
2022-03-20,경의선,신촌,221,252,473,-31,3,20,일
2022-03-20,경의선,서울역,853,818,1671,35,3,20,일
2022-03-20,경원선,소요산,2802,2383,5185,419,3,20,일
2022-03-20,경원선,동두천,1160,1454,2614,-294,3,20,일
2022-03-20,경원선,보산,1122,1117,2239,5,3,20,일
2022-03-20,경원선,동두천중앙,1944,1819,3763,125,3,20,일
2022-03-20,경원선,지행,3612,3632,7244,-20,3,20,일
2022-03-20,경원선,덕정,2797,3005,5802,-208,3,20,일
2022-03-20,경원선,덕계,1433,1375,2808,58,3,20,일
2022-03-20,경원선,양주,4245,4216,8461,29,3,20,일
2022-03-20,경원선,녹양,2339,2234,4573,105,3,20,일
2022-03-20,경원선,가능,3409,3264,6673,145,3,20,일
2022-03-20,경원선,의정부,12032,12230,24262,-198,3,20,일
2022-03-20,경원선,회룡,6232,6213,12445,19,3,20,일
2022-03-20,경원선,망월사,3818,3946,7764,-128,3,20,일
2022-03-20,경원선,도봉산,7623,5249,12872,2374,3,20,일
2022-03-20,경원선,도봉,3002,2886,5888,116,3,20,일
2022-03-20,경원선,방학,5048,4827,9875,221,3,20,일
2022-03-20,경원선,녹천,2274,1866,4140,408,3,20,일
2022-03-20,경원선,월계,3234,3034,6268,200,3,20,일
2022-03-20,경원선,광운대,3523,3726,7249,-203,3,20,일
2022-03-20,경원선,석계,4104,4389,8493,-285,3,20,일
2022-03-20,경원선,신이문,3882,3788,7670,94,3,20,일
2022-03-20,경원선,외대앞,4791,4897,9688,-106,3,20,일
2022-03-20,경원선,청량리(서울시립대입구),11340,10652,21992,688,3,20,일
2022-03-20,경원선,왕십리(성동구청),8191,9113,17304,-922,3,20,일
2022-03-20,경원선,응봉,970,909,1879,61,3,20,일
2022-03-20,경원선,옥수,40,15,55,25,3,20,일
2022-03-20,경원선,한남,1684,1627,3311,57,3,20,일
2022-03-20,경원선,서빙고,1148,1133,2281,15,3,20,일
2022-03-20,경원선,이촌(국립중앙박물관),1791,1446,3237,345,3,20,일
2022-03-20,경부선,광명,2024,1546,3570,478,3,20,일
2022-03-20,경부선,서동탄,582,555,1137,27,3,20,일
2022-03-20,경부선,당정,2426,2392,4818,34,3,20,일
2022-03-20,경부선,천안,4970,5275,10245,-305,3,20,일
2022-03-20,경부선,두정,3778,4949,8727,-1171,3,20,일
2022-03-20,경부선,직산,485,510,995,-25,3,20,일
2022-03-20,경부선,성환,2019,2694,4713,-675,3,20,일
2022-03-20,경부선,평택,9657,10193,19850,-536,3,20,일
2022-03-20,경부선,평택지제,2423,2125,4548,298,3,20,일
2022-03-20,경부선,서정리,3829,5557,9386,-1728,3,20,일
2022-03-20,경부선,송탄,3185,3635,6820,-450,3,20,일
2022-03-20,경부선,진위,727,756,1483,-29,3,20,일
2022-03-20,경부선,오산,6338,6639,12977,-301,3,20,일
2022-03-20,경부선,오산대,1727,1647,3374,80,3,20,일
2022-03-20,경부선,세마,1419,1310,2729,109,3,20,일
2022-03-20,경부선,병점,8002,8381,16383,-379,3,20,일
2022-03-20,경부선,세류,1639,1568,3207,71,3,20,일
2022-03-20,2호선,을지로3가,6834,6319,13153,515,3,20,일
2022-03-20,경부선,독산,5104,5180,10284,-76,3,20,일
2022-03-20,경부선,수원,27960,27447,55407,513,3,20,일
2022-03-20,경부선,화서,3408,3282,6690,126,3,20,일
2022-03-20,경부선,성균관대,6665,7159,13824,-494,3,20,일
2022-03-20,경부선,의왕,3534,3539,7073,-5,3,20,일
2022-03-20,경부선,군포,2576,2397,4973,179,3,20,일
2022-03-20,경부선,금정,11631,12067,23698,-436,3,20,일
2022-03-20,경부선,명학,2851,2734,5585,117,3,20,일
2022-03-20,경부선,안양,11132,10766,21898,366,3,20,일
2022-03-20,경부선,관악,4138,3931,8069,207,3,20,일
2022-03-20,경부선,석수,4293,4163,8456,130,3,20,일
2022-03-20,경부선,금천구청,5150,5045,10195,105,3,20,일
2022-03-20,경부선,가산디지털단지,3843,5177,9020,-1334,3,20,일
2022-03-20,경부선,구로,8360,8424,16784,-64,3,20,일
2022-03-20,경부선,신길,3967,3458,7425,509,3,20,일
2022-03-20,경부선,신도림,1966,1877,3843,89,3,20,일
2022-03-20,경부선,영등포,27600,26513,54113,1087,3,20,일
2022-03-20,경부선,대방,4783,5138,9921,-355,3,20,일
2022-03-20,경부선,노량진,4621,4447,9068,174,3,20,일
2022-03-20,경부선,용산,24823,22931,47754,1892,3,20,일
2022-03-20,경부선,남영,3534,3912,7446,-378,3,20,일
2022-03-20,1호선,신설동,6734,6677,13411,57,3,20,일
2022-03-20,1호선,종로5가,7980,7950,15930,30,3,20,일
2022-03-20,1호선,종로3가,11730,10641,22371,1089,3,20,일
2022-03-20,1호선,종각,10817,9225,20042,1592,3,20,일
2022-03-20,1호선,시청,6097,5751,11848,346,3,20,일
2022-03-20,1호선,서울역,20940,19549,40489,1391,3,20,일
2022-03-20,경부선,서울역,5900,1429,7329,4471,3,20,일
2022-03-20,경강선,여주,1719,1803,3522,-84,3,20,일
2022-03-20,경강선,세종대왕릉,216,225,441,-9,3,20,일
2022-03-20,경강선,부발,1286,1821,3107,-535,3,20,일
2022-03-20,경강선,이천,1676,1862,3538,-186,3,20,일
2022-03-20,경강선,신둔도예촌,789,808,1597,-19,3,20,일
2022-03-20,경강선,곤지암,1243,1315,2558,-72,3,20,일
2022-03-20,경강선,초월,1315,1362,2677,-47,3,20,일
2022-03-20,경강선,경기광주,3298,3121,6419,177,3,20,일
2022-03-20,경강선,삼동,845,799,1644,46,3,20,일
2022-03-20,경강선,이매,603,457,1060,146,3,20,일
2022-03-20,경강선,판교,2104,1946,4050,158,3,20,일
2022-03-20,9호선2~3단계,중앙보훈병원,2833,2758,5591,75,3,20,일
2022-03-20,9호선2~3단계,둔촌오륜,394,396,790,-2,3,20,일
2022-03-20,9호선2~3단계,올림픽공원(한국체대),4320,4254,8574,66,3,20,일
2022-03-20,9호선2~3단계,한성백제,1138,1022,2160,116,3,20,일
2022-03-20,9호선2~3단계,송파나루,2713,2847,5560,-134,3,20,일
2022-03-20,1호선,동대문,8125,8372,16497,-247,3,20,일
2022-03-20,9호선2~3단계,석촌,3958,3435,7393,523,3,20,일
2022-03-20,9호선2~3단계,석촌고분,2630,2554,5184,76,3,20,일
2022-03-20,9호선2~3단계,삼전,3127,2905,6032,222,3,20,일
2022-03-20,9호선2~3단계,종합운동장,1772,1622,3394,150,3,20,일
2022-03-20,9호선2~3단계,봉은사,6949,6978,13927,-29,3,20,일
2022-03-20,9호선2~3단계,삼성중앙,1651,1801,3452,-150,3,20,일
2022-03-20,9호선2~3단계,선정릉,2424,2789,5213,-365,3,20,일
2022-03-20,9호선2~3단계,언주,3251,3267,6518,-16,3,20,일
2022-03-20,9호선,신논현,13351,12537,25888,814,3,20,일
2022-03-20,9호선,사평,1253,1329,2582,-76,3,20,일
2022-03-20,9호선,고속터미널,8096,11433,19529,-3337,3,20,일
2022-03-20,9호선,신반포,1512,1579,3091,-67,3,20,일
2022-03-20,9호선,구반포,383,343,726,40,3,20,일
2022-03-20,9호선,동작(현충원),1448,1142,2590,306,3,20,일
2022-03-20,9호선,흑석(중앙대입구),3424,3748,7172,-324,3,20,일
2022-03-20,9호선,노들,2159,1842,4001,317,3,20,일
2022-03-20,9호선,노량진,12512,12970,25482,-458,3,20,일
2022-03-20,9호선,샛강,1378,1396,2774,-18,3,20,일
2022-03-20,9호선,여의도,8003,7174,15177,829,3,20,일
2022-03-20,9호선,국회의사당,3447,3326,6773,121,3,20,일
2022-03-20,9호선,당산,7589,7367,14956,222,3,20,일
2022-03-20,9호선,선유도,2468,2285,4753,183,3,20,일
2022-03-20,9호선,신목동,1451,1326,2777,125,3,20,일
2022-03-20,9호선,염창,7034,7126,14160,-92,3,20,일
2022-03-20,9호선,등촌,4347,4372,8719,-25,3,20,일
2022-03-20,9호선,증미,2601,2569,5170,32,3,20,일
2022-03-20,9호선,가양,8486,8292,16778,194,3,20,일
2022-03-20,9호선,양천향교,3501,3674,7175,-173,3,20,일
2022-03-20,9호선,마곡나루(서울식물원),5315,5052,10367,263,3,20,일
2022-03-20,9호선,신방화,2916,2859,5775,57,3,20,일
2022-03-20,9호선,공항시장,1505,1545,3050,-40,3,20,일
2022-03-20,9호선,김포공항,6019,9129,15148,-3110,3,20,일
2022-03-20,9호선,개화,893,871,1764,22,3,20,일
2022-03-20,8호선,남위례,1888,2031,3919,-143,3,20,일
2022-03-20,8호선,모란,2185,1889,4074,296,3,20,일
2022-03-20,8호선,수진,2625,2459,5084,166,3,20,일
2022-03-20,8호선,신흥,2241,2358,4599,-117,3,20,일
2022-03-20,8호선,단대오거리,4679,4620,9299,59,3,20,일
2022-03-20,8호선,남한산성입구(성남법원.검찰청),5641,5372,11013,269,3,20,일
2022-03-20,8호선,산성,2564,2656,5220,-92,3,20,일
2022-03-20,8호선,복정,3862,3597,7459,265,3,20,일
2022-03-20,8호선,장지,7843,8206,16049,-363,3,20,일
2022-03-20,8호선,문정,4827,5011,9838,-184,3,20,일
2022-03-20,8호선,가락시장,2731,3467,6198,-736,3,20,일
2022-03-20,8호선,송파,2974,3167,6141,-193,3,20,일
2022-03-20,8호선,석촌,3694,4513,8207,-819,3,20,일
2022-03-20,8호선,잠실(송파구청),8648,9260,17908,-612,3,20,일
2022-03-20,8호선,몽촌토성(평화의문),2893,2816,5709,77,3,20,일
2022-03-20,8호선,강동구청,3715,3957,7672,-242,3,20,일
2022-03-20,8호선,천호(풍납토성),7730,8820,16550,-1090,3,20,일
2022-03-20,8호선,암사,7522,7218,14740,304,3,20,일
2022-03-20,7호선,온수(성공회대입구),3355,3323,6678,32,3,20,일
2022-03-20,7호선,천왕,4093,3956,8049,137,3,20,일
2022-03-20,7호선,광명사거리,10857,10517,21374,340,3,20,일
2022-03-20,7호선,철산,8538,8569,17107,-31,3,20,일
2022-03-20,7호선,가산디지털단지,8797,8127,16924,670,3,20,일
2022-03-20,7호선,남구로,5338,5146,10484,192,3,20,일
2022-03-20,7호선,대림(구로구청),5091,4801,9892,290,3,20,일
2022-03-20,7호선,신풍,5037,4707,9744,330,3,20,일
2022-03-20,7호선,보라매,3557,3529,7086,28,3,20,일
2022-03-20,7호선,신대방삼거리,6810,6666,13476,144,3,20,일
2022-03-20,7호선,장승배기,3786,3727,7513,59,3,20,일
2022-03-20,7호선,상도,4558,4726,9284,-168,3,20,일
2022-03-20,7호선,숭실대입구(살피재),4831,5304,10135,-473,3,20,일
2022-03-20,7호선,남성,4609,4571,9180,38,3,20,일
2022-03-20,7호선,이수,7036,6422,13458,614,3,20,일
2022-03-20,7호선,내방,4436,4761,9197,-325,3,20,일
2022-03-20,7호선,고속터미널,9698,6473,16171,3225,3,20,일
2022-03-20,7호선,반포,2455,2474,4929,-19,3,20,일
2022-03-20,7호선,논현,5410,5742,11152,-332,3,20,일
2022-03-20,7호선,학동,5364,5806,11170,-442,3,20,일
2022-03-20,7호선,강남구청,4926,5310,10236,-384,3,20,일
2022-03-20,7호선,청담,5509,5941,11450,-432,3,20,일
2022-03-20,7호선,뚝섬유원지,5903,5679,11582,224,3,20,일
2022-03-20,7호선,건대입구,6890,7227,14117,-337,3,20,일
2022-03-20,7호선,어린이대공원(세종대),6440,6670,13110,-230,3,20,일
2022-03-20,7호선,군자(능동),6509,5054,11563,1455,3,20,일
2022-03-20,7호선,중곡,4457,4310,8767,147,3,20,일
2022-03-20,7호선,용마산(용마폭포공원),2733,3135,5868,-402,3,20,일
2022-03-20,7호선,사가정,7428,7346,14774,82,3,20,일
2022-03-20,7호선,면목,6964,6887,13851,77,3,20,일
2022-03-20,7호선,상봉(시외버스터미널),8245,7588,15833,657,3,20,일
2022-03-20,7호선,중화,4850,4571,9421,279,3,20,일
2022-03-20,7호선,먹골,5004,4981,9985,23,3,20,일
2022-03-20,7호선,태릉입구,4148,3948,8096,200,3,20,일
2022-03-20,7호선,공릉(서울과학기술대),5590,5917,11507,-327,3,20,일
2022-03-20,7호선,하계,7788,7569,15357,219,3,20,일
2022-03-20,7호선,중계,5730,5333,11063,397,3,20,일
2022-03-20,7호선,노원,9771,9539,19310,232,3,20,일
2022-03-20,7호선,마들,5163,4827,9990,336,3,20,일
2022-03-20,7호선,수락산,6866,6766,13632,100,3,20,일
2022-03-20,7호선,도봉산,4548,6594,11142,-2046,3,20,일
2022-03-20,7호선,장암,1035,751,1786,284,3,20,일
2022-03-20,6호선,봉화산(서울의료원),3242,3223,6465,19,3,20,일
2022-03-20,6호선,화랑대(서울여대입구),4339,3851,8190,488,3,20,일
2022-03-20,6호선,태릉입구,2728,2837,5565,-109,3,20,일
2022-03-20,6호선,석계,5578,5847,11425,-269,3,20,일
2022-03-20,6호선,돌곶이,4515,4236,8751,279,3,20,일
2022-03-20,6호선,상월곡(한국과학기술연구원),2882,2491,5373,391,3,20,일
2022-03-20,6호선,월곡(동덕여대),4668,4792,9460,-124,3,20,일
2022-03-20,6호선,고려대(종암),3500,3633,7133,-133,3,20,일
2022-03-20,6호선,안암(고대병원앞),4829,5411,10240,-582,3,20,일
2022-03-20,6호선,보문,3294,3276,6570,18,3,20,일
2022-03-20,6호선,창신,1401,1265,2666,136,3,20,일
2022-03-20,6호선,동묘앞,5338,5183,10521,155,3,20,일
2022-03-20,6호선,신당,3343,3877,7220,-534,3,20,일
2022-03-20,6호선,청구,1453,1418,2871,35,3,20,일
2022-03-20,6호선,약수,1487,1408,2895,79,3,20,일
2022-03-20,6호선,버티고개,883,1013,1896,-130,3,20,일
2022-03-20,6호선,한강진,5841,6815,12656,-974,3,20,일
2022-03-20,6호선,이태원,8637,7945,16582,692,3,20,일
2022-03-20,6호선,녹사평(용산구청),3340,3391,6731,-51,3,20,일
2022-03-20,6호선,삼각지,3353,2622,5975,731,3,20,일
2022-03-20,6호선,효창공원앞,2810,2532,5342,278,3,20,일
2022-03-20,6호선,공덕,5785,5520,11305,265,3,20,일
2022-03-20,6호선,대흥(서강대앞),3409,3522,6931,-113,3,20,일
2022-03-20,6호선,광흥창(서강),3598,3487,7085,111,3,20,일
2022-03-20,6호선,상수,6099,6789,12888,-690,3,20,일
2022-03-20,6호선,합정,8298,7384,15682,914,3,20,일
2022-03-20,6호선,망원,8601,9270,17871,-669,3,20,일
2022-03-20,6호선,마포구청,5966,5491,11457,475,3,20,일
2022-03-20,6호선,월드컵경기장(성산),3300,3192,6492,108,3,20,일
2022-03-20,6호선,디지털미디어시티,4373,4552,8925,-179,3,20,일
2022-03-20,6호선,증산(명지대앞),4579,4822,9401,-243,3,20,일
2022-03-20,6호선,새절(신사),5470,5251,10721,219,3,20,일
2022-03-20,6호선,구산,3322,2437,5759,885,3,20,일
2022-03-20,6호선,연신내,1,0,1,1,3,20,일
2022-03-20,6호선,독바위,1378,1777,3155,-399,3,20,일
2022-03-20,6호선,불광,2717,2319,5036,398,3,20,일
2022-03-20,6호선,역촌,1647,2055,3702,-408,3,20,일
2022-03-20,6호선,응암,8119,8126,16245,-7,3,20,일
2022-03-20,5호선,하남검단산,3824,3769,7593,55,3,20,일
2022-03-20,5호선,하남시청(덕풍·신장),3363,3335,6698,28,3,20,일
2022-03-20,5호선,하남풍산,1808,1772,3580,36,3,20,일
2022-03-20,5호선,미사,7485,7538,15023,-53,3,20,일
2022-03-20,5호선,강일,1741,1703,3444,38,3,20,일
2022-03-20,5호선,마천,3045,3169,6214,-124,3,20,일
2022-03-20,5호선,거여,3815,3761,7576,54,3,20,일
2022-03-20,5호선,개롱,2470,2701,5171,-231,3,20,일
2022-03-20,5호선,오금,1275,1253,2528,22,3,20,일
2022-03-20,5호선,방이,3392,3123,6515,269,3,20,일
2022-03-20,5호선,올림픽공원(한국체대),1819,1803,3622,16,3,20,일
2022-03-20,5호선,둔촌동,3831,3846,7677,-15,3,20,일
2022-03-20,5호선,상일동,5414,5295,10709,119,3,20,일
2022-03-20,5호선,고덕,3697,3713,7410,-16,3,20,일
2022-03-20,5호선,명일,4040,4022,8062,18,3,20,일
2022-03-20,5호선,굽은다리(강동구민회관앞),4407,4198,8605,209,3,20,일
2022-03-20,5호선,길동,3503,3597,7100,-94,3,20,일
2022-03-20,5호선,강동,7461,7447,14908,14,3,20,일
2022-03-20,5호선,천호(풍납토성),10964,10091,21055,873,3,20,일
2022-03-20,5호선,광나루(장신대),6271,6213,12484,58,3,20,일
2022-03-20,5호선,아차산(어린이대공원후문),8988,8907,17895,81,3,20,일
2022-03-20,5호선,군자(능동),5224,5772,10996,-548,3,20,일
2022-03-20,5호선,장한평,6611,6507,13118,104,3,20,일
2022-03-20,5호선,답십리,6407,5935,12342,472,3,20,일
2022-03-20,5호선,마장,2425,2363,4788,62,3,20,일
2022-03-20,5호선,왕십리(성동구청),2185,2405,4590,-220,3,20,일
2022-03-20,5호선,행당,3282,2965,6247,317,3,20,일
2022-03-20,5호선,신금호,2503,2701,5204,-198,3,20,일
2022-03-20,5호선,청구,1601,1399,3000,202,3,20,일
2022-03-20,5호선,동대문역사문화공원(DDP),654,757,1411,-103,3,20,일
2022-03-20,5호선,을지로4가,1381,1374,2755,7,3,20,일
2022-03-20,5호선,종로3가,7767,6742,14509,1025,3,20,일
2022-03-20,5호선,광화문(세종문화회관),8907,8878,17785,29,3,20,일
2022-03-20,5호선,서대문,4334,4201,8535,133,3,20,일
2022-03-20,5호선,충정로(경기대입구),1210,1184,2394,26,3,20,일
2022-03-20,5호선,애오개,2464,2610,5074,-146,3,20,일
2022-03-20,5호선,공덕,3861,3704,7565,157,3,20,일
2022-03-20,5호선,마포,4204,4131,8335,73,3,20,일
2022-03-20,5호선,여의나루,7943,8889,16832,-946,3,20,일
2022-03-20,5호선,여의도,7456,7257,14713,199,3,20,일
2022-03-20,5호선,신길,1661,1878,3539,-217,3,20,일
2022-03-20,5호선,영등포시장,4496,4795,9291,-299,3,20,일
2022-03-20,5호선,영등포구청,1211,1176,2387,35,3,20,일
2022-03-20,5호선,양평,2268,2400,4668,-132,3,20,일
2022-03-20,5호선,오목교(목동운동장앞),9717,9919,19636,-202,3,20,일
2022-03-20,5호선,목동,6517,6753,13270,-236,3,20,일
2022-03-20,5호선,신정(은행정),5374,4971,10345,403,3,20,일
2022-03-20,5호선,까치산,13127,12862,25989,265,3,20,일
2022-03-20,5호선,화곡,12059,11360,23419,699,3,20,일
2022-03-20,5호선,우장산,5804,5871,11675,-67,3,20,일
2022-03-20,5호선,발산,8196,8518,16714,-322,3,20,일
2022-03-20,5호선,마곡,3109,3275,6384,-166,3,20,일
2022-03-20,5호선,송정,3087,3113,6200,-26,3,20,일
2022-03-20,5호선,김포공항,6034,5750,11784,284,3,20,일
2022-03-20,5호선,개화산,2406,2435,4841,-29,3,20,일
2022-03-20,5호선,방화,3083,3038,6121,45,3,20,일
2022-03-20,4호선,남태령,591,417,1008,174,3,20,일
2022-03-20,4호선,사당,13233,12233,25466,1000,3,20,일
2022-03-20,4호선,총신대입구(이수),8484,9317,17801,-833,3,20,일
2022-03-20,4호선,동작(현충원),1150,1220,2370,-70,3,20,일
2022-03-20,4호선,이촌(국립중앙박물관),4036,4392,8428,-356,3,20,일
2022-03-20,4호선,신용산,6678,6995,13673,-317,3,20,일
2022-03-20,4호선,삼각지,2271,2962,5233,-691,3,20,일
2022-03-20,4호선,숙대입구(갈월),6389,6171,12560,218,3,20,일
2022-03-20,4호선,서울역,3539,7726,11265,-4187,3,20,일
2022-03-20,4호선,회현(남대문시장),7424,7813,15237,-389,3,20,일
2022-03-20,4호선,명동,9464,9450,18914,14,3,20,일
2022-03-20,4호선,충무로,7322,7419,14741,-97,3,20,일
2022-03-20,4호선,동대문역사문화공원(DDP),8354,7964,16318,390,3,20,일
2022-03-20,4호선,동대문,6131,6927,13058,-796,3,20,일
2022-03-20,4호선,혜화,19021,19513,38534,-492,3,20,일
2022-03-20,4호선,한성대입구(삼선교),6379,6528,12907,-149,3,20,일
2022-03-20,4호선,성신여대입구(돈암),11032,10635,21667,397,3,20,일
2022-03-20,4호선,길음,8975,8900,17875,75,3,20,일
2022-03-20,4호선,미아사거리,14135,13351,27486,784,3,20,일
2022-03-20,4호선,미아(서울사이버대학),6878,6620,13498,258,3,20,일
2022-03-20,4호선,수유(강북구청),17854,17115,34969,739,3,20,일
2022-03-20,4호선,쌍문,13627,12298,25925,1329,3,20,일
2022-03-20,4호선,창동,13687,14128,27815,-441,3,20,일
2022-03-20,4호선,노원,11343,12037,23380,-694,3,20,일
2022-03-20,4호선,상계,9357,8602,17959,755,3,20,일
2022-03-20,4호선,당고개,5794,5760,11554,34,3,20,일
2022-03-20,3호선,오금,2232,2236,4468,-4,3,20,일
2022-03-20,3호선,경찰병원,2231,2343,4574,-112,3,20,일
2022-03-20,3호선,가락시장,3145,3310,6455,-165,3,20,일
2022-03-20,3호선,수서,9075,8900,17975,175,3,20,일
2022-03-20,3호선,일원,2881,3015,5896,-134,3,20,일
2022-03-20,3호선,대청,3536,3465,7001,71,3,20,일
2022-03-20,3호선,학여울,2513,2837,5350,-324,3,20,일
2022-03-20,3호선,대치,5386,4691,10077,695,3,20,일
2022-03-20,3호선,도곡,1722,1904,3626,-182,3,20,일
2022-03-20,3호선,매봉,3596,3531,7127,65,3,20,일
2022-03-20,3호선,양재(서초구청),11533,13433,24966,-1900,3,20,일
2022-03-20,3호선,남부터미널(예술의전당),11592,12473,24065,-881,3,20,일
2022-03-20,3호선,교대(법원.검찰청),3732,2249,5981,1483,3,20,일
2022-03-20,3호선,고속터미널,32572,31444,64016,1128,3,20,일
2022-03-20,3호선,잠원,1825,1837,3662,-12,3,20,일
2022-03-20,3호선,신사,13113,13217,26330,-104,3,20,일
2022-03-20,3호선,압구정,11875,12364,24239,-489,3,20,일
2022-03-20,3호선,옥수,4161,4394,8555,-233,3,20,일
2022-03-20,3호선,금호,3495,3399,6894,96,3,20,일
2022-03-20,3호선,약수,5608,5524,11132,84,3,20,일
2022-03-20,3호선,동대입구,4560,4949,9509,-389,3,20,일
2022-03-20,3호선,을지로3가,2738,2600,5338,138,3,20,일
2022-03-20,3호선,안국,10060,10574,20634,-514,3,20,일
2022-03-20,3호선,경복궁(정부서울청사),10168,10407,20575,-239,3,20,일
2022-03-20,3호선,독립문,3610,4061,7671,-451,3,20,일
2022-03-20,3호선,무악재,1552,1677,3229,-125,3,20,일
2022-03-20,3호선,홍제,7885,7576,15461,309,3,20,일
2022-03-20,3호선,녹번,5957,5527,11484,430,3,20,일
2022-03-20,3호선,불광,8456,9914,18370,-1458,3,20,일
2022-03-20,3호선,연신내,18319,17351,35670,968,3,20,일
2022-03-20,3호선,구파발,9662,9900,19562,-238,3,20,일
2022-03-20,3호선,지축,1919,1851,3770,68,3,20,일
2022-03-20,2호선,용두(동대문구청),1101,1120,2221,-19,3,20,일
2022-03-20,2호선,신정네거리,4379,4391,8770,-12,3,20,일
2022-03-20,2호선,양천구청,2747,2794,5541,-47,3,20,일
2022-03-20,2호선,도림천,376,416,792,-40,3,20,일
2022-03-20,2호선,신설동,2841,3041,5882,-200,3,20,일
2022-03-20,2호선,신답,684,735,1419,-51,3,20,일
2022-03-20,2호선,용답,1601,1763,3364,-162,3,20,일
2022-03-20,2호선,충정로(경기대입구),3078,3475,6553,-397,3,20,일
2022-03-20,2호선,아현,4380,4503,8883,-123,3,20,일
2022-03-20,2호선,이대,6317,7047,13364,-730,3,20,일
2022-03-20,2호선,신촌,19598,18522,38120,1076,3,20,일
2022-03-20,2호선,홍대입구,44661,43639,88300,1022,3,20,일
2022-03-20,2호선,합정,18771,19770,38541,-999,3,20,일
2022-03-20,2호선,당산,7309,7869,15178,-560,3,20,일
2022-03-20,2호선,영등포구청,6720,7167,13887,-447,3,20,일
2022-03-20,2호선,문래,6883,7264,14147,-381,3,20,일
2022-03-20,2호선,신도림,23339,24097,47436,-758,3,20,일
2022-03-20,2호선,대림(구로구청),11562,11724,23286,-162,3,20,일
2022-03-20,2호선,구로디지털단지,19742,19533,39275,209,3,20,일
2022-03-20,2호선,신대방,12880,12723,25603,157,3,20,일
2022-03-20,2호선,신림,32810,31972,64782,838,3,20,일
2022-03-20,2호선,봉천,10633,10275,20908,358,3,20,일
2022-03-20,2호선,서울대입구(관악구청),23898,24781,48679,-883,3,20,일
2022-03-20,2호선,낙성대(강감찬),13649,14367,28016,-718,3,20,일
2022-03-20,2호선,사당,18164,20177,38341,-2013,3,20,일
2022-03-20,2호선,방배,5962,6295,12257,-333,3,20,일
2022-03-20,2호선,서초,9728,9031,18759,697,3,20,일
2022-03-20,2호선,교대(법원.검찰청),9125,9817,18942,-692,3,20,일
2022-03-20,2호선,강남,30600,29282,59882,1318,3,20,일
2022-03-20,2호선,역삼,9965,10815,20780,-850,3,20,일
2022-03-20,2호선,선릉,11736,10127,21863,1609,3,20,일
2022-03-20,2호선,삼성(무역센터),18188,17369,35557,819,3,20,일
2022-03-20,2호선,종합운동장,3021,3490,6511,-469,3,20,일
2022-03-20,2호선,잠실새내,9415,9438,18853,-23,3,20,일
2022-03-20,2호선,잠실(송파구청),39566,37286,76852,2280,3,20,일
2022-03-20,2호선,잠실나루,4328,4387,8715,-59,3,20,일
2022-03-20,2호선,강변(동서울터미널),16785,16905,33690,-120,3,20,일
2022-03-20,2호선,구의(광진구청),9828,9805,19633,23,3,20,일
2022-03-20,2호선,건대입구,23443,23677,47120,-234,3,20,일
2022-03-20,2호선,성수,12531,13945,26476,-1414,3,20,일
2022-03-20,2호선,뚝섬,8863,9133,17996,-270,3,20,일
2022-03-20,2호선,한양대,2110,2460,4570,-350,3,20,일
2022-03-20,2호선,왕십리(성동구청),8323,7264,15587,1059,3,20,일
2022-03-20,2호선,상왕십리,5766,5950,11716,-184,3,20,일
2022-03-20,2호선,신당,7066,7333,14399,-267,3,20,일
2022-03-20,2호선,동대문역사문화공원(DDP),7393,8770,16163,-1377,3,20,일
2022-03-20,2호선,을지로4가,2974,2925,5899,49,3,20,일
2022-03-20,2호선,을지로입구,13052,12116,25168,936,3,20,일
2022-03-20,2호선,시청,4614,3639,8253,975,3,20,일
2022-03-20,1호선,동묘앞,11187,11369,22556,-182,3,20,일
2022-03-20,1호선,청량리(서울시립대입구),11206,11437,22643,-231,3,20,일
2022-03-20,중앙선,지평,45,38,83,7,3,20,일
2022-03-20,중앙선,용문,2621,2420,5041,201,3,20,일
2022-03-20,중앙선,원덕,335,261,596,74,3,20,일
2022-03-20,중앙선,양평,1597,1533,3130,64,3,20,일
2022-03-20,중앙선,오빈,163,144,307,19,3,20,일
2022-03-20,중앙선,아신,454,387,841,67,3,20,일
2022-03-20,중앙선,국수,458,422,880,36,3,20,일
2022-03-20,중앙선,신원,273,198,471,75,3,20,일
2022-03-20,중앙선,양수,1485,1288,2773,197,3,20,일
2022-03-20,중앙선,운길산,939,820,1759,119,3,20,일
2022-03-20,3호선,종로3가,3430,4292,7722,-862,3,20,일
2022-03-20,1호선,제기동,8940,9331,18271,-391,3,20,일
2022-03-20,중앙선,팔당,1041,1172,2213,-131,3,20,일
2022-03-20,중앙선,도심,975,899,1874,76,3,20,일
2022-03-20,중앙선,덕소,2722,2684,5406,38,3,20,일
2022-03-20,중앙선,양정,384,311,695,73,3,20,일
2022-03-20,중앙선,도농,4102,4018,8120,84,3,20,일
2022-03-20,중앙선,구리,6158,6368,12526,-210,3,20,일
2022-03-20,중앙선,양원,1116,1117,2233,-1,3,20,일
2022-03-20,중앙선,망우,4113,4179,8292,-66,3,20,일
2022-03-20,중앙선,상봉(시외버스터미널),3008,3148,6156,-140,3,20,일
2022-03-20,중앙선,중랑,2938,2850,5788,88,3,20,일
2022-03-20,중앙선,회기,13393,13462,26855,-69,3,20,일
2022-03-20,장항선,신창(순천향대),902,1971,2873,-1069,3,20,일
2022-03-20,장항선,온양온천,2811,2777,5588,34,3,20,일
2022-03-20,장항선,배방,646,836,1482,-190,3,20,일
2022-03-20,장항선,탕정,372,469,841,-97,3,20,일
2022-03-21,9호선,신논현,26913,26373,53286,540,3,21,월
2022-03-21,9호선2~3단계,언주,9459,9734,19193,-275,3,21,월
2022-03-21,9호선2~3단계,선정릉,8605,9392,17997,-787,3,21,월
2022-03-21,9호선2~3단계,삼성중앙,6142,6509,12651,-367,3,21,월
2022-03-21,9호선2~3단계,봉은사,13336,13624,26960,-288,3,21,월
2022-03-21,9호선2~3단계,종합운동장,3658,3691,7349,-33,3,21,월
2022-03-21,9호선2~3단계,삼전,6225,6041,12266,184,3,21,월
2022-03-21,9호선2~3단계,석촌고분,5378,5350,10728,28,3,21,월
2022-03-21,9호선2~3단계,석촌,7298,6493,13791,805,3,21,월
2022-03-21,9호선2~3단계,송파나루,4236,4524,8760,-288,3,21,월
2022-03-21,9호선2~3단계,한성백제,2244,1994,4238,250,3,21,월
2022-03-21,9호선2~3단계,올림픽공원(한국체대),5002,5188,10190,-186,3,21,월
2022-03-21,9호선2~3단계,둔촌오륜,1100,1055,2155,45,3,21,월
2022-03-21,9호선2~3단계,중앙보훈병원,9895,8698,18593,1197,3,21,월
2022-03-21,경강선,판교,4260,4108,8368,152,3,21,월
2022-03-21,경강선,이매,1010,887,1897,123,3,21,월
2022-03-21,경강선,삼동,2184,2029,4213,155,3,21,월
2022-03-21,경강선,경기광주,7115,6860,13975,255,3,21,월
2022-03-21,경강선,초월,2900,2734,5634,166,3,21,월
2022-03-21,경강선,곤지암,1956,2013,3969,-57,3,21,월
2022-03-21,경강선,신둔도예촌,1433,1292,2725,141,3,21,월
2022-03-21,경강선,이천,2339,2387,4726,-48,3,21,월
2022-03-21,경강선,부발,1821,1923,3744,-102,3,21,월
2022-03-21,경강선,세종대왕릉,251,252,503,-1,3,21,월
2022-03-21,경강선,여주,2152,2146,4298,6,3,21,월
2022-03-21,경부선,서울역,5156,1630,6786,3526,3,21,월
2022-03-21,경부선,남영,8526,9223,17749,-697,3,21,월
2022-03-21,경부선,용산,26486,26868,53354,-382,3,21,월
2022-03-21,경부선,노량진,6757,7066,13823,-309,3,21,월
2022-03-21,경부선,대방,11927,12348,24275,-421,3,21,월
2022-03-21,경부선,영등포,30151,30724,60875,-573,3,21,월
2022-03-21,경부선,신도림,3560,3527,7087,33,3,21,월
2022-03-21,경부선,신길,8227,7016,15243,1211,3,21,월
2022-03-21,경부선,구로,16902,16972,33874,-70,3,21,월
2022-03-21,경부선,가산디지털단지,17032,19555,36587,-2523,3,21,월
2022-03-21,경부선,금천구청,11019,10924,21943,95,3,21,월
2022-03-21,경부선,석수,8881,7992,16873,889,3,21,월
2022-03-21,경부선,관악,6454,6078,12532,376,3,21,월
2022-03-21,경부선,안양,22441,22151,44592,290,3,21,월
2022-03-21,경부선,명학,9722,9659,19381,63,3,21,월
2022-03-21,경부선,금정,24662,25045,49707,-383,3,21,월
2022-03-21,경부선,군포,7278,7525,14803,-247,3,21,월
2022-03-21,경부선,의왕,8445,8489,16934,-44,3,21,월
2022-03-21,경부선,성균관대,13791,13999,27790,-208,3,21,월
2022-03-21,경부선,화서,7548,7107,14655,441,3,21,월
2022-03-21,경부선,수원,30665,32544,63209,-1879,3,21,월
2022-03-21,경부선,독산,17411,18095,35506,-684,3,21,월
2022-03-21,경부선,세류,2802,2505,5307,297,3,21,월
2022-03-21,경부선,병점,14026,14002,28028,24,3,21,월
2022-03-21,경부선,세마,2623,2474,5097,149,3,21,월
2022-03-21,경부선,오산대,3639,3335,6974,304,3,21,월
2022-03-21,경부선,오산,9224,9311,18535,-87,3,21,월
2022-03-21,경부선,진위,1642,1417,3059,225,3,21,월
2022-03-21,경부선,송탄,3912,3765,7677,147,3,21,월
2022-03-21,경부선,서정리,6785,6609,13394,176,3,21,월
2022-03-21,경부선,평택지제,3264,3117,6381,147,3,21,월
2022-03-21,경부선,평택,11507,11752,23259,-245,3,21,월
2022-03-21,경부선,성환,5018,5112,10130,-94,3,21,월
2022-03-21,경부선,직산,720,688,1408,32,3,21,월
2022-03-21,경부선,두정,6688,7739,14427,-1051,3,21,월
2022-03-21,경부선,천안,5918,5860,11778,58,3,21,월
2022-03-21,경부선,당정,6136,5833,11969,303,3,21,월
2022-03-21,경부선,서동탄,1279,1101,2380,178,3,21,월
2022-03-21,경부선,광명,3039,2559,5598,480,3,21,월
2022-03-21,경원선,이촌(국립중앙박물관),3240,2577,5817,663,3,21,월
2022-03-21,경원선,서빙고,1687,1578,3265,109,3,21,월
2022-03-21,경원선,한남,3618,3501,7119,117,3,21,월
2022-03-21,경원선,옥수,39,36,75,3,3,21,월
2022-03-21,경원선,응봉,1717,1432,3149,285,3,21,월
2022-03-21,경원선,왕십리(성동구청),12728,13439,26167,-711,3,21,월
2022-03-21,경원선,청량리(서울시립대입구),12458,13159,25617,-701,3,21,월
2022-03-21,경원선,외대앞,7743,7924,15667,-181,3,21,월
2022-03-21,경원선,신이문,7643,7043,14686,600,3,21,월
2022-03-21,경원선,석계,7395,8261,15656,-866,3,21,월
2022-03-21,경원선,광운대,8497,8525,17022,-28,3,21,월
2022-03-21,경원선,월계,7076,6606,13682,470,3,21,월
2022-03-21,경원선,녹천,4300,3702,8002,598,3,21,월
2022-03-21,경원선,방학,8974,8800,17774,174,3,21,월
2022-03-21,경원선,도봉,5420,5264,10684,156,3,21,월
2022-03-21,경원선,도봉산,6903,4549,11452,2354,3,21,월
2022-03-21,경원선,망월사,6804,6909,13713,-105,3,21,월
2022-03-21,경원선,회룡,11445,11389,22834,56,3,21,월
2022-03-21,경원선,의정부,15740,16171,31911,-431,3,21,월
2022-03-21,경원선,가능,6329,6060,12389,269,3,21,월
2022-03-21,경원선,녹양,4278,3997,8275,281,3,21,월
2022-03-21,경원선,양주,7250,6784,14034,466,3,21,월
2022-03-21,경원선,덕계,2968,2701,5669,267,3,21,월
2022-03-21,경원선,덕정,6128,5971,12099,157,3,21,월
2022-03-21,경원선,지행,6029,5946,11975,83,3,21,월
2022-03-21,경원선,동두천중앙,2912,2797,5709,115,3,21,월
2022-03-21,경원선,보산,1452,1274,2726,178,3,21,월
2022-03-21,경원선,동두천,2484,2612,5096,-128,3,21,월
2022-03-21,경원선,소요산,2307,1935,4242,372,3,21,월
2022-03-21,경의선,서울역,4003,5120,9123,-1117,3,21,월
2022-03-21,경의선,신촌,805,1034,1839,-229,3,21,월
2022-03-21,경의선,효창공원앞,2861,3097,5958,-236,3,21,월
2022-03-21,경의선,공덕,3112,2778,5890,334,3,21,월
2022-03-21,경의선,서강대,1961,1975,3936,-14,3,21,월
2022-03-21,경의선,홍대입구,1405,1571,2976,-166,3,21,월
2022-03-21,경의선,가좌,4951,4826,9777,125,3,21,월
2022-03-21,경의선,디지털미디어시티,2243,2064,4307,179,3,21,월
2022-03-21,경의선,수색,2681,2788,5469,-107,3,21,월
2022-03-21,경의선,화전,3490,3374,6864,116,3,21,월
2022-03-21,경의선,강매,3010,2628,5638,382,3,21,월
2022-03-21,경의선,행신,7081,7483,14564,-402,3,21,월
2022-03-21,경의선,능곡,3497,3243,6740,254,3,21,월
2022-03-21,경의선,곡산,549,576,1125,-27,3,21,월
2022-03-21,경의선,백마,6585,6317,12902,268,3,21,월
2022-03-21,경의선,풍산,5058,4656,9714,402,3,21,월
2022-03-21,경의선,일산,8815,8549,17364,266,3,21,월
2022-03-21,경의선,탄현,7254,6905,14159,349,3,21,월
2022-03-21,경의선,야당,6842,6682,13524,160,3,21,월
2022-03-21,경의선,운정,6604,6209,12813,395,3,21,월
2022-03-21,경의선,금릉,4478,4339,8817,139,3,21,월
2022-03-21,경의선,금촌,6049,6060,12109,-11,3,21,월
2022-03-21,경의선,월롱,2594,2589,5183,5,3,21,월
2022-03-21,경의선,파주,1515,1168,2683,347,3,21,월
2022-03-21,경의선,문산,4610,4493,9103,117,3,21,월
2022-03-21,경의선,임진강,8,4,12,4,3,21,월
2022-03-21,경인선,개봉,19411,19246,38657,165,3,21,월
2022-03-21,경인선,오류동,10896,10381,21277,515,3,21,월
2022-03-21,경인선,역곡,25749,25443,51192,306,3,21,월
2022-03-21,경인선,부천,28897,28969,57866,-72,3,21,월
2022-03-21,경인선,송내,24386,24402,48788,-16,3,21,월
2022-03-21,경인선,부평,25254,26737,51991,-1483,3,21,월
2022-03-21,경인선,백운,6337,6249,12586,88,3,21,월
2022-03-21,경인선,동암,13052,13061,26113,-9,3,21,월
2022-03-21,경인선,주안,17397,15963,33360,1434,3,21,월
2022-03-21,경인선,제물포,9956,9461,19417,495,3,21,월
2022-03-21,경인선,동인천,12244,11494,23738,750,3,21,월
2022-03-21,경인선,인천,2914,2146,5060,768,3,21,월
2022-03-21,경인선,구일,5666,5607,11273,59,3,21,월
2022-03-21,경인선,소사,8193,7850,16043,343,3,21,월
2022-03-21,경인선,부개,7845,7294,15139,551,3,21,월
2022-03-21,경인선,간석,5317,4983,10300,334,3,21,월
2022-03-21,경인선,도원,2910,2868,5778,42,3,21,월
2022-03-21,경인선,온수(성공회대입구),6190,5885,12075,305,3,21,월
2022-03-21,경인선,중동,8695,8154,16849,541,3,21,월
2022-03-21,경인선,도화,3843,3490,7333,353,3,21,월
2022-03-21,경춘선,신내,2064,1881,3945,183,3,21,월
2022-03-21,경춘선,갈매,2753,2384,5137,369,3,21,월
2022-03-21,경춘선,별내,3033,2772,5805,261,3,21,월
2022-03-21,경춘선,퇴계원,3291,3044,6335,247,3,21,월
2022-03-21,경춘선,사릉,2449,2327,4776,122,3,21,월
2022-03-21,경춘선,금곡,1465,1345,2810,120,3,21,월
2022-03-21,경춘선,평내호평,5814,5678,11492,136,3,21,월
2022-03-21,경춘선,천마산,1605,1462,3067,143,3,21,월
2022-03-21,경춘선,마석,3710,3679,7389,31,3,21,월
2022-03-21,경춘선,대성리,409,348,757,61,3,21,월
2022-03-21,경춘선,청평,1285,1265,2550,20,3,21,월
2022-03-21,경춘선,상천,238,219,457,19,3,21,월
2022-03-21,경춘선,가평,1256,1182,2438,74,3,21,월
2022-03-21,경춘선,굴봉산,82,86,168,-4,3,21,월
2022-03-21,경춘선,백양리,54,52,106,2,3,21,월
2022-03-21,경춘선,강촌,393,363,756,30,3,21,월
2022-03-21,경춘선,김유정,246,222,468,24,3,21,월
2022-03-21,경춘선,남춘천,1960,2237,4197,-277,3,21,월
2022-03-21,경춘선,춘천,1159,1251,2410,-92,3,21,월
2022-03-21,공항철도 1호선,서울역,6307,5959,12266,348,3,21,월
2022-03-21,공항철도 1호선,공덕,1982,2512,4494,-530,3,21,월
2022-03-21,공항철도 1호선,홍대입구,7508,7541,15049,-33,3,21,월
2022-03-21,공항철도 1호선,디지털미디어시티,12444,11539,23983,905,3,21,월
2022-03-21,공항철도 1호선,마곡나루(서울식물원),7842,7680,15522,162,3,21,월
2022-03-21,공항철도 1호선,김포공항,10456,6076,16532,4380,3,21,월
2022-03-21,공항철도 1호선,계양,9451,8949,18400,502,3,21,월
2022-03-21,공항철도 1호선,검암,5972,5834,11806,138,3,21,월
2022-03-21,공항철도 1호선,청라국제도시,6259,5856,12115,403,3,21,월
2022-03-21,공항철도 1호선,운서,6104,6168,12272,-64,3,21,월
2022-03-21,공항철도 1호선,공항화물청사,2245,2363,4608,-118,3,21,월
2022-03-21,공항철도 1호선,인천공항1터미널,3288,3312,6600,-24,3,21,월
2022-03-21,공항철도 1호선,인천공항2터미널,2124,1964,4088,160,3,21,월
2022-03-21,공항철도 1호선,영종,2741,2665,5406,76,3,21,월
2022-03-21,과천선,선바위,7266,6537,13803,729,3,21,월
2022-03-21,과천선,경마공원,811,775,1586,36,3,21,월
2022-03-21,과천선,대공원,1853,1935,3788,-82,3,21,월
2022-03-21,과천선,과천,5511,5201,10712,310,3,21,월
2022-03-21,과천선,정부과천청사,9384,9228,18612,156,3,21,월
2022-03-21,과천선,인덕원,21608,22646,44254,-1038,3,21,월
2022-03-21,과천선,평촌,16335,15925,32260,410,3,21,월
2022-03-21,과천선,범계,23210,22972,46182,238,3,21,월
2022-03-21,분당선,선릉,12130,18211,30341,-6081,3,21,월
2022-03-21,분당선,한티,12654,13534,26188,-880,3,21,월
2022-03-21,분당선,도곡,6170,6226,12396,-56,3,21,월
2022-03-21,분당선,구룡,2161,2138,4299,23,3,21,월
2022-03-21,분당선,개포동,3453,3536,6989,-83,3,21,월
2022-03-21,분당선,대모산입구,4166,3921,8087,245,3,21,월
2022-03-21,분당선,수서,11923,12022,23945,-99,3,21,월
2022-03-21,분당선,복정,2,0,2,2,3,21,월
2022-03-21,분당선,수원,7222,5836,13058,1386,3,21,월
2022-03-21,분당선,서울숲,8774,8753,17527,21,3,21,월
2022-03-21,분당선,압구정로데오,15399,16589,31988,-1190,3,21,월
2022-03-21,분당선,강남구청,9071,10325,19396,-1254,3,21,월
2022-03-21,분당선,선정릉,7547,7926,15473,-379,3,21,월
2022-03-21,분당선,가천대,9104,10133,19237,-1029,3,21,월
2022-03-21,분당선,태평,12239,12046,24285,193,3,21,월
2022-03-21,분당선,모란,18323,18566,36889,-243,3,21,월
2022-03-21,분당선,야탑,23301,24003,47304,-702,3,21,월
2022-03-21,분당선,서현,21089,21369,42458,-280,3,21,월
2022-03-21,분당선,수내,11775,11744,23519,31,3,21,월
2022-03-21,분당선,정자,15032,15710,30742,-678,3,21,월
2022-03-21,분당선,미금,13931,14785,28716,-854,3,21,월
2022-03-21,분당선,오리,10441,8621,19062,1820,3,21,월
2022-03-21,분당선,이매,5153,4768,9921,385,3,21,월
2022-03-21,분당선,보정,2316,2033,4349,283,3,21,월
2022-03-21,분당선,죽전,11733,12930,24663,-1197,3,21,월
2022-03-21,분당선,구성,4593,4765,9358,-172,3,21,월
2022-03-21,분당선,신갈,4104,4166,8270,-62,3,21,월
2022-03-21,분당선,기흥,9012,8406,17418,606,3,21,월
2022-03-21,분당선,상갈,4750,4571,9321,179,3,21,월
2022-03-21,분당선,청명,3912,3909,7821,3,3,21,월
2022-03-21,분당선,영통,7244,7481,14725,-237,3,21,월
2022-03-21,분당선,망포,12916,12577,25493,339,3,21,월
2022-03-21,분당선,매탄권선,4676,4471,9147,205,3,21,월
2022-03-21,분당선,수원시청,11399,12052,23451,-653,3,21,월
2022-03-21,분당선,매교,2973,2942,5915,31,3,21,월
2022-03-21,수인선,고색,4670,4567,9237,103,3,21,월
2022-03-21,수인선,오목천,3266,3106,6372,160,3,21,월
2022-03-21,수인선,어천,654,709,1363,-55,3,21,월
2022-03-21,수인선,야목,357,261,618,96,3,21,월
2022-03-21,수인선,사리,4455,3963,8418,492,3,21,월
2022-03-21,수인선,달월,102,65,167,37,3,21,월
2022-03-21,수인선,월곶,2493,2299,4792,194,3,21,월
2022-03-21,수인선,소래포구,4503,4092,8595,411,3,21,월
2022-03-21,수인선,인천논현,5190,5508,10698,-318,3,21,월
2022-03-21,수인선,호구포,3854,3980,7834,-126,3,21,월
2022-03-21,수인선,남동인더스파크,2151,2429,4580,-278,3,21,월
2022-03-21,수인선,원인재,3947,4253,8200,-306,3,21,월
2022-03-21,수인선,연수,4267,4184,8451,83,3,21,월
2022-03-21,수인선,송도,2278,2144,4422,134,3,21,월
2022-03-21,수인선,인하대,6372,6177,12549,195,3,21,월
2022-03-21,수인선,숭의,3815,3559,7374,256,3,21,월
2022-03-21,수인선,신포,1618,1607,3225,11,3,21,월
2022-03-21,수인선,인천,954,1538,2492,-584,3,21,월
2022-03-21,안산선,산본,14253,15411,29664,-1158,3,21,월
2022-03-21,안산선,대야미,4580,4205,8785,375,3,21,월
2022-03-21,안산선,반월,4003,3829,7832,174,3,21,월
2022-03-21,안산선,상록수,15262,15479,30741,-217,3,21,월
2022-03-21,안산선,한대앞,9732,9835,19567,-103,3,21,월
2022-03-21,안산선,중앙,16417,17092,33509,-675,3,21,월
2022-03-21,안산선,고잔,8528,7879,16407,649,3,21,월
2022-03-21,안산선,초지,4816,5141,9957,-325,3,21,월
2022-03-21,안산선,안산,10918,9782,20700,1136,3,21,월
2022-03-21,안산선,신길온천,1701,1498,3199,203,3,21,월
2022-03-21,장항선,배방,1080,1079,2159,1,3,21,월
2022-03-21,장항선,신창(순천향대),2677,3173,5850,-496,3,21,월
2022-03-21,중앙선,회기,22322,21939,44261,383,3,21,월
2022-03-21,중앙선,중랑,5087,4911,9998,176,3,21,월
2022-03-21,중앙선,상봉(시외버스터미널),5087,5121,10208,-34,3,21,월
2022-03-21,중앙선,망우,6929,6771,13700,158,3,21,월
2022-03-21,중앙선,양원,2664,2563,5227,101,3,21,월
2022-03-21,중앙선,구리,12198,12357,24555,-159,3,21,월
2022-03-21,중앙선,도농,9544,8648,18192,896,3,21,월
2022-03-21,중앙선,양정,734,633,1367,101,3,21,월
2022-03-21,중앙선,덕소,5044,5149,10193,-105,3,21,월
2022-03-21,중앙선,도심,2243,1738,3981,505,3,21,월
2022-03-21,중앙선,팔당,736,752,1488,-16,3,21,월
2022-03-21,중앙선,운길산,720,647,1367,73,3,21,월
2022-03-21,중앙선,양수,1712,1778,3490,-66,3,21,월
2022-03-21,중앙선,신원,231,174,405,57,3,21,월
2022-03-21,중앙선,국수,664,651,1315,13,3,21,월
2022-03-21,중앙선,아신,458,442,900,16,3,21,월
2022-03-21,중앙선,오빈,290,284,574,6,3,21,월
2022-03-21,중앙선,양평,2504,2525,5029,-21,3,21,월
2022-03-21,중앙선,원덕,329,296,625,33,3,21,월
2022-03-21,중앙선,용문,1491,1371,2862,120,3,21,월
2022-03-21,중앙선,지평,68,69,137,-1,3,21,월
2022-03-21,장항선,온양온천,3419,3457,6876,-38,3,21,월
2022-03-21,우이신설선,성신여대입구(돈암),3119,3345,6464,-226,3,21,월
2022-03-21,우이신설선,보문,1437,1412,2849,25,3,21,월
2022-03-21,우이신설선,신설동,2114,1897,4011,217,3,21,월
2022-03-21,일산선,원흥,9641,9257,18898,384,3,21,월
2022-03-21,일산선,삼송,17855,17489,35344,366,3,21,월
2022-03-21,일산선,원당,10412,9763,20175,649,3,21,월
2022-03-21,일산선,화정,15332,15665,30997,-333,3,21,월
2022-03-21,일산선,대곡,1971,1552,3523,419,3,21,월
2022-03-21,일산선,백석,8853,8862,17715,-9,3,21,월
2022-03-21,일산선,마두,6711,6985,13696,-274,3,21,월
2022-03-21,일산선,정발산,6105,6059,12164,46,3,21,월
2022-03-21,일산선,주엽,8077,8031,16108,46,3,21,월
2022-03-21,일산선,대화,11641,9297,20938,2344,3,21,월
2022-03-21,장항선,봉명,1189,1187,2376,2,3,21,월
2022-03-21,장항선,쌍용(나사렛대),2652,2714,5366,-62,3,21,월
2022-03-21,장항선,아산,3678,3022,6700,656,3,21,월
2022-03-21,장항선,탕정,745,668,1413,77,3,21,월
2022-03-21,안산선,정왕,9584,10102,19686,-518,3,21,월
2022-03-21,안산선,오이도,7718,7424,15142,294,3,21,월
2022-03-21,안산선,수리산,3999,3329,7328,670,3,21,월
2022-03-21,우이신설선,북한산우이,2454,2206,4660,248,3,21,월
2022-03-21,우이신설선,솔밭공원,2235,2164,4399,71,3,21,월
2022-03-21,우이신설선,4.19민주묘지,3336,3268,6604,68,3,21,월
2022-03-21,우이신설선,가오리,3890,3822,7712,68,3,21,월
2022-03-21,우이신설선,화계,3171,3050,6221,121,3,21,월
2022-03-21,우이신설선,삼양,1824,1979,3803,-155,3,21,월
2022-03-21,우이신설선,삼양사거리,2354,2332,4686,22,3,21,월
2022-03-21,우이신설선,솔샘,5309,5029,10338,280,3,21,월
2022-03-21,우이신설선,북한산보국문,5539,5375,10914,164,3,21,월
2022-03-21,우이신설선,정릉,4231,3936,8167,295,3,21,월
2022-03-21,1호선,서울역,35748,34264,70012,1484,3,21,월
2022-03-21,1호선,시청,19074,19163,38237,-89,3,21,월
2022-03-21,1호선,종각,28985,28398,57383,587,3,21,월
2022-03-21,1호선,종로3가,20936,19631,40567,1305,3,21,월
2022-03-21,1호선,종로5가,20336,20046,40382,290,3,21,월
2022-03-21,1호선,동대문,9677,9087,18764,590,3,21,월
2022-03-21,1호선,신설동,12654,12294,24948,360,3,21,월
2022-03-21,1호선,제기동,15581,16128,31709,-547,3,21,월
2022-03-21,1호선,청량리(서울시립대입구),17839,17641,35480,198,3,21,월
2022-03-21,1호선,동묘앞,6911,7286,14197,-375,3,21,월
2022-03-21,2호선,시청,20256,19563,39819,693,3,21,월
2022-03-21,2호선,을지로입구,33155,33817,66972,-662,3,21,월
2022-03-21,2호선,을지로3가,19090,19052,38142,38,3,21,월
2022-03-21,2호선,을지로4가,11682,11592,23274,90,3,21,월
2022-03-21,2호선,동대문역사문화공원(DDP),10366,11646,22012,-1280,3,21,월
2022-03-21,2호선,신당,12187,12532,24719,-345,3,21,월
2022-03-21,2호선,상왕십리,12799,12563,25362,236,3,21,월
2022-03-21,2호선,왕십리(성동구청),15063,11883,26946,3180,3,21,월
2022-03-21,2호선,한양대,14103,15904,30007,-1801,3,21,월
2022-03-21,2호선,뚝섬,19141,20689,39830,-1548,3,21,월
2022-03-21,2호선,성수,33457,36227,69684,-2770,3,21,월
2022-03-21,2호선,건대입구,30672,32316,62988,-1644,3,21,월
2022-03-21,2호선,구의(광진구청),21351,21366,42717,-15,3,21,월
2022-03-21,2호선,강변(동서울터미널),25641,24359,50000,1282,3,21,월
2022-03-21,2호선,잠실나루,12753,12526,25279,227,3,21,월
2022-03-21,2호선,잠실(송파구청),53445,52993,106438,452,3,21,월
2022-03-21,2호선,잠실새내,18314,18105,36419,209,3,21,월
2022-03-21,2호선,종합운동장,6101,6861,12962,-760,3,21,월
2022-03-21,2호선,삼성(무역센터),42015,42420,84435,-405,3,21,월
2022-03-21,2호선,선릉,51000,45375,96375,5625,3,21,월
2022-03-21,2호선,역삼,47241,52486,99727,-5245,3,21,월
2022-03-21,2호선,강남,72064,70949,143013,1115,3,21,월
2022-03-21,2호선,교대(법원.검찰청),30274,33912,64186,-3638,3,21,월
2022-03-21,2호선,서초,18871,18325,37196,546,3,21,월
2022-03-21,2호선,방배,17494,18144,35638,-650,3,21,월
2022-03-21,2호선,사당,30822,34222,65044,-3400,3,21,월
2022-03-21,2호선,낙성대(강감찬),24462,24381,48843,81,3,21,월
2022-03-21,2호선,서울대입구(관악구청),42899,42593,85492,306,3,21,월
2022-03-21,2호선,봉천,21448,20140,41588,1308,3,21,월
2022-03-21,2호선,신림,56168,54767,110935,1401,3,21,월
2022-03-21,2호선,신대방,23726,23364,47090,362,3,21,월
2022-03-21,2호선,구로디지털단지,53424,53498,106922,-74,3,21,월
2022-03-21,2호선,대림(구로구청),21771,22199,43970,-428,3,21,월
2022-03-21,2호선,신도림,39816,39578,79394,238,3,21,월
2022-03-21,2호선,문래,19727,19917,39644,-190,3,21,월
2022-03-21,2호선,영등포구청,20828,21267,42095,-439,3,21,월
2022-03-21,2호선,당산,16569,19163,35732,-2594,3,21,월
2022-03-21,2호선,합정,25883,26427,52310,-544,3,21,월
2022-03-21,2호선,홍대입구,43170,44302,87472,-1132,3,21,월
2022-03-21,2호선,신촌,27805,27683,55488,122,3,21,월
2022-03-21,2호선,이대,12251,13271,25522,-1020,3,21,월
2022-03-21,2호선,아현,9287,9092,18379,195,3,21,월
2022-03-21,2호선,충정로(경기대입구),9104,9700,18804,-596,3,21,월
2022-03-21,2호선,용답,3130,3350,6480,-220,3,21,월
2022-03-21,2호선,신답,1522,1755,3277,-233,3,21,월
2022-03-21,2호선,신설동,2930,3014,5944,-84,3,21,월
2022-03-21,2호선,도림천,1323,1412,2735,-89,3,21,월
2022-03-21,2호선,양천구청,6272,6497,12769,-225,3,21,월
2022-03-21,2호선,신정네거리,9118,9441,18559,-323,3,21,월
2022-03-21,2호선,용두(동대문구청),2183,2234,4417,-51,3,21,월
2022-03-21,3호선,지축,4388,4174,8562,214,3,21,월
2022-03-21,3호선,구파발,18705,17691,36396,1014,3,21,월
2022-03-21,3호선,연신내,33005,31233,64238,1772,3,21,월
2022-03-21,3호선,불광,14489,15428,29917,-939,3,21,월
2022-03-21,3호선,녹번,14133,12947,27080,1186,3,21,월
2022-03-21,3호선,홍제,16176,15383,31559,793,3,21,월
2022-03-21,3호선,무악재,3490,3571,7061,-81,3,21,월
2022-03-21,3호선,독립문,5974,6288,12262,-314,3,21,월
2022-03-21,3호선,경복궁(정부서울청사),18042,17528,35570,514,3,21,월
2022-03-21,3호선,안국,17220,17424,34644,-204,3,21,월
2022-03-21,3호선,종로3가,8929,10090,19019,-1161,3,21,월
2022-03-21,3호선,을지로3가,9023,9152,18175,-129,3,21,월
2022-03-21,3호선,충무로,1,0,1,1,3,21,월
2022-03-21,3호선,동대입구,8087,8712,16799,-625,3,21,월
2022-03-21,3호선,약수,11374,11187,22561,187,3,21,월
2022-03-21,3호선,금호,6912,6608,13520,304,3,21,월
2022-03-21,3호선,옥수,7404,7917,15321,-513,3,21,월
2022-03-21,3호선,압구정,25718,27518,53236,-1800,3,21,월
2022-03-21,3호선,신사,26823,27827,54650,-1004,3,21,월
2022-03-21,3호선,잠원,4255,4090,8345,165,3,21,월
2022-03-21,3호선,고속터미널,27857,26587,54444,1270,3,21,월
2022-03-21,3호선,교대(법원.검찰청),12506,8258,20764,4248,3,21,월
2022-03-21,3호선,남부터미널(예술의전당),24723,25528,50251,-805,3,21,월
2022-03-21,3호선,양재(서초구청),33956,36995,70951,-3039,3,21,월
2022-03-21,3호선,매봉,11185,10582,21767,603,3,21,월
2022-03-21,3호선,도곡,4866,4946,9812,-80,3,21,월
2022-03-21,3호선,대치,9761,9980,19741,-219,3,21,월
2022-03-21,3호선,학여울,1488,1506,2994,-18,3,21,월
2022-03-21,3호선,대청,9501,8659,18160,842,3,21,월
2022-03-21,3호선,일원,9358,8915,18273,443,3,21,월
2022-03-21,3호선,수서,14638,15260,29898,-622,3,21,월
2022-03-21,3호선,가락시장,8074,7803,15877,271,3,21,월
2022-03-21,3호선,경찰병원,6652,6776,13428,-124,3,21,월
2022-03-21,3호선,오금,5615,5069,10684,546,3,21,월
2022-03-21,4호선,당고개,8688,7982,16670,706,3,21,월
2022-03-21,4호선,상계,17588,16439,34027,1149,3,21,월
2022-03-21,4호선,노원,16837,18687,35524,-1850,3,21,월
2022-03-21,4호선,창동,22648,24005,46653,-1357,3,21,월
2022-03-21,4호선,쌍문,26507,24680,51187,1827,3,21,월
2022-03-21,4호선,수유(강북구청),30465,30744,61209,-279,3,21,월
2022-03-21,4호선,미아(서울사이버대학),14231,14000,28231,231,3,21,월
2022-03-21,4호선,미아사거리,24438,23711,48149,727,3,21,월
2022-03-21,4호선,길음,18873,18844,37717,29,3,21,월
2022-03-21,4호선,성신여대입구(돈암),18829,18254,37083,575,3,21,월
2022-03-21,4호선,한성대입구(삼선교),12543,12321,24864,222,3,21,월
2022-03-21,4호선,혜화,26801,26776,53577,25,3,21,월
2022-03-21,4호선,동대문,17711,18294,36005,-583,3,21,월
2022-03-21,4호선,동대문역사문화공원(DDP),12845,11696,24541,1149,3,21,월
2022-03-21,4호선,충무로,25768,26476,52244,-708,3,21,월
2022-03-21,4호선,명동,16486,16720,33206,-234,3,21,월
2022-03-21,4호선,회현(남대문시장),21015,22137,43152,-1122,3,21,월
2022-03-21,4호선,서울역,9379,12997,22376,-3618,3,21,월
2022-03-21,4호선,숙대입구(갈월),12701,12255,24956,446,3,21,월
2022-03-21,4호선,삼각지,4151,4513,8664,-362,3,21,월
2022-03-21,4호선,신용산,13611,14302,27913,-691,3,21,월
2022-03-21,4호선,이촌(국립중앙박물관),5991,6612,12603,-621,3,21,월
2022-03-21,4호선,동작(현충원),1258,1400,2658,-142,3,21,월
2022-03-21,4호선,총신대입구(이수),16956,18235,35191,-1279,3,21,월
2022-03-21,4호선,사당,21346,17926,39272,3420,3,21,월
2022-03-21,4호선,남태령,1008,871,1879,137,3,21,월
2022-03-21,5호선,방화,6020,5796,11816,224,3,21,월
2022-03-21,5호선,개화산,5244,5015,10259,229,3,21,월
2022-03-21,5호선,김포공항,6210,5863,12073,347,3,21,월
2022-03-21,5호선,송정,5904,5649,11553,255,3,21,월
2022-03-21,5호선,마곡,9863,9778,19641,85,3,21,월
2022-03-21,5호선,발산,18296,18419,36715,-123,3,21,월
2022-03-21,5호선,우장산,13566,13309,26875,257,3,21,월
2022-03-21,5호선,화곡,25952,24510,50462,1442,3,21,월
2022-03-21,5호선,까치산,26454,25547,52001,907,3,21,월
2022-03-21,5호선,신정(은행정),12753,10469,23222,2284,3,21,월
2022-03-21,5호선,목동,15007,16394,31401,-1387,3,21,월
2022-03-21,5호선,오목교(목동운동장앞),17569,18682,36251,-1113,3,21,월
2022-03-21,5호선,양평,6900,6945,13845,-45,3,21,월
2022-03-21,5호선,영등포구청,3620,3748,7368,-128,3,21,월
2022-03-21,5호선,영등포시장,8863,9118,17981,-255,3,21,월
2022-03-21,5호선,신길,3674,4065,7739,-391,3,21,월
2022-03-21,5호선,여의도,25311,26269,51580,-958,3,21,월
2022-03-21,5호선,여의나루,8445,9531,17976,-1086,3,21,월
2022-03-21,5호선,마포,12903,13148,26051,-245,3,21,월
2022-03-21,5호선,공덕,12383,13107,25490,-724,3,21,월
2022-03-21,5호선,애오개,6146,6217,12363,-71,3,21,월
2022-03-21,5호선,충정로(경기대입구),4308,4329,8637,-21,3,21,월
2022-03-21,5호선,서대문,17760,17896,35656,-136,3,21,월
2022-03-21,5호선,광화문(세종문화회관),24953,26001,50954,-1048,3,21,월
2022-03-21,5호선,종로3가,9972,9895,19867,77,3,21,월
2022-03-21,5호선,을지로4가,5573,5632,11205,-59,3,21,월
2022-03-21,5호선,동대문역사문화공원(DDP),2648,3009,5657,-361,3,21,월
2022-03-21,5호선,청구,3663,3380,7043,283,3,21,월
2022-03-21,5호선,신금호,5879,6187,12066,-308,3,21,월
2022-03-21,5호선,행당,7284,6621,13905,663,3,21,월
2022-03-21,5호선,왕십리(성동구청),3991,4489,8480,-498,3,21,월
2022-03-21,5호선,마장,5280,4967,10247,313,3,21,월
2022-03-21,5호선,답십리,14340,13366,27706,974,3,21,월
2022-03-21,5호선,장한평,16484,16428,32912,56,3,21,월
2022-03-21,5호선,군자(능동),9899,10947,20846,-1048,3,21,월
2022-03-21,5호선,아차산(어린이대공원후문),13147,12703,25850,444,3,21,월
2022-03-21,5호선,광나루(장신대),11889,10857,22746,1032,3,21,월
2022-03-21,5호선,천호(풍납토성),14434,14569,29003,-135,3,21,월
2022-03-21,5호선,강동,16953,16373,33326,580,3,21,월
2022-03-21,5호선,길동,7277,7737,15014,-460,3,21,월
2022-03-21,5호선,굽은다리(강동구민회관앞),8553,8151,16704,402,3,21,월
2022-03-21,5호선,명일,7834,8116,15950,-282,3,21,월
2022-03-21,5호선,고덕,8642,8628,17270,14,3,21,월
2022-03-21,5호선,상일동,13515,12756,26271,759,3,21,월
2022-03-21,5호선,둔촌동,8041,7971,16012,70,3,21,월
2022-03-21,5호선,올림픽공원(한국체대),3872,3359,7231,513,3,21,월
2022-03-21,5호선,방이,6393,6527,12920,-134,3,21,월
2022-03-21,5호선,오금,3608,3529,7137,79,3,21,월
2022-03-21,5호선,개롱,5686,6088,11774,-402,3,21,월
2022-03-21,5호선,거여,9255,8897,18152,358,3,21,월
2022-03-21,5호선,마천,6596,6418,13014,178,3,21,월
2022-03-21,5호선,강일,3676,3507,7183,169,3,21,월
2022-03-21,5호선,미사,14118,14221,28339,-103,3,21,월
2022-03-21,5호선,하남풍산,3912,3885,7797,27,3,21,월
2022-03-21,5호선,하남시청(덕풍·신장),6011,5891,11902,120,3,21,월
2022-03-21,5호선,하남검단산,4907,4744,9651,163,3,21,월
2022-03-21,6호선,응암,15939,16063,32002,-124,3,21,월
2022-03-21,6호선,역촌,3512,4178,7690,-666,3,21,월
2022-03-21,6호선,불광,3738,3726,7464,12,3,21,월
2022-03-21,6호선,독바위,2437,2613,5050,-176,3,21,월
2022-03-21,6호선,연신내,2,0,2,2,3,21,월
2022-03-21,6호선,구산,7086,5126,12212,1960,3,21,월
2022-03-21,6호선,새절(신사),11841,11157,22998,684,3,21,월
2022-03-21,6호선,증산(명지대앞),9107,9077,18184,30,3,21,월
2022-03-21,6호선,디지털미디어시티,12392,13592,25984,-1200,3,21,월
2022-03-21,6호선,월드컵경기장(성산),3517,3678,7195,-161,3,21,월
2022-03-21,6호선,마포구청,12803,11689,24492,1114,3,21,월
2022-03-21,6호선,망원,11768,12491,24259,-723,3,21,월
2022-03-21,6호선,합정,10962,10734,21696,228,3,21,월
2022-03-21,6호선,상수,7201,7832,15033,-631,3,21,월
2022-03-21,6호선,광흥창(서강),8202,8049,16251,153,3,21,월
2022-03-21,6호선,대흥(서강대앞),7618,8020,15638,-402,3,21,월
2022-03-21,6호선,공덕,16492,15761,32253,731,3,21,월
2022-03-21,6호선,효창공원앞,6422,6149,12571,273,3,21,월
2022-03-21,6호선,삼각지,5224,4694,9918,530,3,21,월
2022-03-21,6호선,녹사평(용산구청),3856,3825,7681,31,3,21,월
2022-03-21,6호선,이태원,7900,8094,15994,-194,3,21,월
2022-03-21,6호선,한강진,5727,6514,12241,-787,3,21,월
2022-03-21,6호선,버티고개,1872,1886,3758,-14,3,21,월
2022-03-21,6호선,약수,3233,3189,6422,44,3,21,월
2022-03-21,6호선,청구,3305,3645,6950,-340,3,21,월
2022-03-21,6호선,신당,7063,7659,14722,-596,3,21,월
2022-03-21,6호선,동묘앞,7008,7299,14307,-291,3,21,월
2022-03-21,6호선,창신,3324,2838,6162,486,3,21,월
2022-03-21,6호선,보문,6682,6212,12894,470,3,21,월
2022-03-21,6호선,안암(고대병원앞),12967,13344,26311,-377,3,21,월
2022-03-21,6호선,고려대(종암),7690,7583,15273,107,3,21,월
2022-03-21,6호선,월곡(동덕여대),11861,11693,23554,168,3,21,월
2022-03-21,6호선,상월곡(한국과학기술연구원),5907,5543,11450,364,3,21,월
2022-03-21,6호선,돌곶이,8623,8162,16785,461,3,21,월
2022-03-21,6호선,석계,11309,11970,23279,-661,3,21,월
2022-03-21,6호선,태릉입구,5043,5516,10559,-473,3,21,월
2022-03-21,6호선,화랑대(서울여대입구),11139,8839,19978,2300,3,21,월
2022-03-21,6호선,봉화산(서울의료원),8053,7557,15610,496,3,21,월
2022-03-21,6호선,신내,1,0,1,1,3,21,월
2022-03-21,7호선,장암,2026,756,2782,1270,3,21,월
2022-03-21,7호선,도봉산,8727,9807,18534,-1080,3,21,월
2022-03-21,7호선,수락산,11321,11070,22391,251,3,21,월
2022-03-21,7호선,마들,11712,11240,22952,472,3,21,월
2022-03-21,7호선,노원,17381,18286,35667,-905,3,21,월
2022-03-21,7호선,중계,13322,12420,25742,902,3,21,월
2022-03-21,7호선,하계,15852,14925,30777,927,3,21,월
2022-03-21,7호선,공릉(서울과학기술대),11684,11610,23294,74,3,21,월
2022-03-21,7호선,태릉입구,7692,7562,15254,130,3,21,월
2022-03-21,7호선,먹골,9117,8860,17977,257,3,21,월
2022-03-21,7호선,중화,9771,9732,19503,39,3,21,월
2022-03-21,7호선,상봉(시외버스터미널),14968,13986,28954,982,3,21,월
2022-03-21,7호선,면목,15281,14964,30245,317,3,21,월
2022-03-21,7호선,사가정,14714,15020,29734,-306,3,21,월
2022-03-21,7호선,용마산(용마폭포공원),5580,5413,10993,167,3,21,월
2022-03-21,7호선,중곡,10058,9418,19476,640,3,21,월
2022-03-21,7호선,군자(능동),13438,10958,24396,2480,3,21,월
2022-03-21,7호선,어린이대공원(세종대),13230,13613,26843,-383,3,21,월
2022-03-21,7호선,건대입구,11228,11872,23100,-644,3,21,월
2022-03-21,7호선,뚝섬유원지,6937,6832,13769,105,3,21,월
2022-03-21,7호선,청담,17502,19399,36901,-1897,3,21,월
2022-03-21,7호선,강남구청,14484,15771,30255,-1287,3,21,월
2022-03-21,7호선,학동,22312,23342,45654,-1030,3,21,월
2022-03-21,7호선,논현,18259,19982,38241,-1723,3,21,월
2022-03-21,7호선,반포,5202,4949,10151,253,3,21,월
2022-03-21,7호선,고속터미널,13547,11138,24685,2409,3,21,월
2022-03-21,7호선,내방,13316,13595,26911,-279,3,21,월
2022-03-21,7호선,이수,13586,13235,26821,351,3,21,월
2022-03-21,7호선,남성,10048,9520,19568,528,3,21,월
2022-03-21,7호선,숭실대입구(살피재),13467,13956,27423,-489,3,21,월
2022-03-21,7호선,상도,10129,10098,20227,31,3,21,월
2022-03-21,7호선,장승배기,8349,8085,16434,264,3,21,월
2022-03-21,7호선,신대방삼거리,15242,14853,30095,389,3,21,월
2022-03-21,7호선,보라매,9150,9100,18250,50,3,21,월
2022-03-21,7호선,신풍,10535,10127,20662,408,3,21,월
2022-03-21,7호선,대림(구로구청),6951,6846,13797,105,3,21,월
2022-03-21,7호선,남구로,14996,15549,30545,-553,3,21,월
2022-03-21,7호선,가산디지털단지,42273,42134,84407,139,3,21,월
2022-03-21,7호선,철산,18452,18806,37258,-354,3,21,월
2022-03-21,7호선,광명사거리,19994,19771,39765,223,3,21,월
2022-03-21,7호선,천왕,10499,10135,20634,364,3,21,월
2022-03-21,7호선,온수(성공회대입구),9635,8969,18604,666,3,21,월
2022-03-21,8호선,암사,17065,15262,32327,1803,3,21,월
2022-03-21,8호선,천호(풍납토성),12636,14118,26754,-1482,3,21,월
2022-03-21,8호선,강동구청,9677,10055,19732,-378,3,21,월
2022-03-21,8호선,몽촌토성(평화의문),5365,5467,10832,-102,3,21,월
2022-03-21,8호선,잠실(송파구청),11385,13006,24391,-1621,3,21,월
2022-03-21,8호선,석촌,6842,7743,14585,-901,3,21,월
2022-03-21,8호선,송파,6843,6948,13791,-105,3,21,월
2022-03-21,8호선,가락시장,6943,7758,14701,-815,3,21,월
2022-03-21,8호선,문정,20473,21508,41981,-1035,3,21,월
2022-03-21,8호선,장지,15253,15111,30364,142,3,21,월
2022-03-21,8호선,복정,8806,7571,16377,1235,3,21,월
2022-03-21,8호선,산성,4876,4938,9814,-62,3,21,월
2022-03-21,8호선,남한산성입구(성남법원.검찰청),14087,13137,27224,950,3,21,월
2022-03-21,8호선,단대오거리,10278,9874,20152,404,3,21,월
2022-03-21,8호선,신흥,3747,4035,7782,-288,3,21,월
2022-03-21,8호선,수진,4820,4522,9342,298,3,21,월
2022-03-21,8호선,모란,4086,3198,7284,888,3,21,월
2022-03-21,8호선,남위례,4148,4278,8426,-130,3,21,월
2022-03-21,9호선,개화,2192,1605,3797,587,3,21,월
2022-03-21,9호선,김포공항,5996,8226,14222,-2230,3,21,월
2022-03-21,9호선,공항시장,2770,2907,5677,-137,3,21,월
2022-03-21,9호선,신방화,6165,6064,12229,101,3,21,월
2022-03-21,9호선,마곡나루(서울식물원),10818,10529,21347,289,3,21,월
2022-03-21,9호선,양천향교,9242,9387,18629,-145,3,21,월
2022-03-21,9호선,가양,18652,18188,36840,464,3,21,월
2022-03-21,9호선,증미,6706,6677,13383,29,3,21,월
2022-03-21,9호선,등촌,10425,10081,20506,344,3,21,월
2022-03-21,9호선,염창,15567,15122,30689,445,3,21,월
2022-03-21,9호선,신목동,3632,3271,6903,361,3,21,월
2022-03-21,9호선,선유도,7820,7542,15362,278,3,21,월
2022-03-21,9호선,당산,15946,15718,31664,228,3,21,월
2022-03-21,9호선,국회의사당,13482,13953,27435,-471,3,21,월
2022-03-21,9호선,여의도,23662,22975,46637,687,3,21,월
2022-03-21,9호선,샛강,5140,5405,10545,-265,3,21,월
2022-03-21,9호선,노량진,22907,22158,45065,749,3,21,월
2022-03-21,9호선,노들,3860,3307,7167,553,3,21,월
2022-03-21,9호선,흑석(중앙대입구),8179,8440,16619,-261,3,21,월
2022-03-21,9호선,동작(현충원),1688,1392,3080,296,3,21,월
2022-03-21,9호선,구반포,1221,1239,2460,-18,3,21,월
2022-03-21,9호선,신반포,3079,2955,6034,124,3,21,월
2022-03-21,9호선,고속터미널,9385,11757,21142,-2372,3,21,월
2022-03-21,9호선,사평,2982,2976,5958,6,3,21,월
2022-03-22,9호선,노량진,23044,22383,45427,661,3,22,화
2022-03-22,9호선,노들,4039,3426,7465,613,3,22,화
2022-03-22,9호선,흑석(중앙대입구),8486,8488,16974,-2,3,22,화
2022-03-22,9호선,동작(현충원),1727,1414,3141,313,3,22,화
2022-03-22,9호선,구반포,1214,1231,2445,-17,3,22,화
2022-03-22,9호선,신반포,2973,2865,5838,108,3,22,화
2022-03-22,9호선,고속터미널,9902,12057,21959,-2155,3,22,화
2022-03-22,9호선,신논현,27509,27131,54640,378,3,22,화
2022-03-22,9호선2~3단계,언주,9457,9808,19265,-351,3,22,화
2022-03-22,9호선2~3단계,선정릉,8725,9785,18510,-1060,3,22,화
2022-03-22,9호선2~3단계,삼성중앙,6259,6543,12802,-284,3,22,화
2022-03-22,9호선2~3단계,봉은사,13789,14119,27908,-330,3,22,화
2022-03-22,9호선2~3단계,종합운동장,3614,3682,7296,-68,3,22,화
2022-03-22,9호선2~3단계,삼전,6272,6160,12432,112,3,22,화
2022-03-22,9호선2~3단계,석촌고분,5505,5468,10973,37,3,22,화
2022-03-22,9호선2~3단계,석촌,7507,6606,14113,901,3,22,화
2022-03-22,9호선2~3단계,송파나루,4465,4685,9150,-220,3,22,화
2022-03-22,9호선2~3단계,한성백제,2308,2068,4376,240,3,22,화
2022-03-22,9호선2~3단계,올림픽공원(한국체대),5197,5211,10408,-14,3,22,화
2022-03-22,9호선2~3단계,둔촌오륜,1121,1011,2132,110,3,22,화
2022-03-22,9호선2~3단계,중앙보훈병원,10134,9014,19148,1120,3,22,화
2022-03-22,경강선,판교,4199,4122,8321,77,3,22,화
2022-03-22,경강선,이매,1083,923,2006,160,3,22,화
2022-03-22,경강선,삼동,2249,2035,4284,214,3,22,화
2022-03-22,경강선,경기광주,7117,6847,13964,270,3,22,화
2022-03-22,경강선,초월,2924,2783,5707,141,3,22,화
2022-03-22,경강선,곤지암,2067,2039,4106,28,3,22,화
2022-03-22,경강선,신둔도예촌,1477,1376,2853,101,3,22,화
2022-03-22,경강선,이천,2333,2458,4791,-125,3,22,화
2022-03-22,경강선,부발,1880,1825,3705,55,3,22,화
2022-03-22,경강선,세종대왕릉,301,283,584,18,3,22,화
2022-03-22,경강선,여주,2157,2095,4252,62,3,22,화
2022-03-22,경부선,서울역,4317,1445,5762,2872,3,22,화
2022-03-22,경부선,남영,8916,9260,18176,-344,3,22,화
2022-03-22,경부선,용산,25901,26088,51989,-187,3,22,화
2022-03-22,경부선,노량진,7124,7170,14294,-46,3,22,화
2022-03-22,경부선,대방,11998,12418,24416,-420,3,22,화
2022-03-22,경부선,영등포,31394,31906,63300,-512,3,22,화
2022-03-22,경부선,신도림,3777,3614,7391,163,3,22,화
2022-03-22,경부선,신길,8451,7134,15585,1317,3,22,화
2022-03-22,경부선,구로,16880,17273,34153,-393,3,22,화
2022-03-22,경부선,가산디지털단지,17180,19847,37027,-2667,3,22,화
2022-03-22,경부선,금천구청,11070,10928,21998,142,3,22,화
2022-03-22,경부선,석수,9098,8121,17219,977,3,22,화
2022-03-22,경부선,관악,6664,6183,12847,481,3,22,화
2022-03-22,경부선,안양,22590,22598,45188,-8,3,22,화
2022-03-22,경부선,명학,10349,10215,20564,134,3,22,화
2022-03-22,경부선,금정,25124,25458,50582,-334,3,22,화
2022-03-22,경부선,군포,7351,7438,14789,-87,3,22,화
2022-03-22,경부선,의왕,8779,8829,17608,-50,3,22,화
2022-03-22,경부선,성균관대,14368,14188,28556,180,3,22,화
2022-03-22,경부선,화서,7740,7443,15183,297,3,22,화
2022-03-22,경부선,수원,31550,33123,64673,-1573,3,22,화
2022-03-22,경부선,독산,17738,18255,35993,-517,3,22,화
2022-03-22,경부선,세류,2784,2526,5310,258,3,22,화
2022-03-22,경부선,병점,14196,14273,28469,-77,3,22,화
2022-03-22,경부선,세마,2659,2512,5171,147,3,22,화
2022-03-22,경부선,오산대,3826,3435,7261,391,3,22,화
2022-03-22,경부선,오산,9152,9282,18434,-130,3,22,화
2022-03-22,경부선,진위,1680,1482,3162,198,3,22,화
2022-03-22,경부선,송탄,3887,3754,7641,133,3,22,화
2022-03-22,경부선,서정리,7072,6600,13672,472,3,22,화
2022-03-22,경부선,평택지제,3163,3139,6302,24,3,22,화
2022-03-22,경부선,평택,11371,11651,23022,-280,3,22,화
2022-03-22,경부선,성환,4616,4673,9289,-57,3,22,화
2022-03-22,경부선,직산,768,739,1507,29,3,22,화
2022-03-22,경부선,두정,6901,7684,14585,-783,3,22,화
2022-03-22,경부선,천안,6070,5706,11776,364,3,22,화
2022-03-22,경부선,당정,6117,5790,11907,327,3,22,화
2022-03-22,경부선,서동탄,1331,1118,2449,213,3,22,화
2022-03-22,경부선,광명,2800,2488,5288,312,3,22,화
2022-03-22,경원선,이촌(국립중앙박물관),3247,2533,5780,714,3,22,화
2022-03-22,경원선,서빙고,1802,1699,3501,103,3,22,화
2022-03-22,경원선,한남,3703,3504,7207,199,3,22,화
2022-03-22,경원선,옥수,47,45,92,2,3,22,화
2022-03-22,경원선,응봉,1772,1424,3196,348,3,22,화
2022-03-22,경원선,왕십리(성동구청),13101,13767,26868,-666,3,22,화
2022-03-22,경원선,청량리(서울시립대입구),12232,12901,25133,-669,3,22,화
2022-03-22,경원선,외대앞,7781,8012,15793,-231,3,22,화
2022-03-22,경원선,신이문,7750,7227,14977,523,3,22,화
2022-03-22,경원선,석계,7507,8321,15828,-814,3,22,화
2022-03-22,경원선,광운대,8502,8362,16864,140,3,22,화
2022-03-22,경원선,월계,7618,7248,14866,370,3,22,화
2022-03-22,경원선,녹천,4522,3746,8268,776,3,22,화
2022-03-22,경원선,방학,9090,8941,18031,149,3,22,화
2022-03-22,경원선,도봉,5617,5430,11047,187,3,22,화
2022-03-22,경원선,도봉산,7346,4917,12263,2429,3,22,화
2022-03-22,경원선,망월사,7140,7320,14460,-180,3,22,화
2022-03-22,경원선,회룡,11679,11551,23230,128,3,22,화
2022-03-22,경원선,의정부,16434,16895,33329,-461,3,22,화
2022-03-22,경원선,가능,6356,6270,12626,86,3,22,화
2022-03-22,경원선,양주,7531,7086,14617,445,3,22,화
2022-03-22,경원선,덕계,2989,2732,5721,257,3,22,화
2022-03-22,경원선,덕정,6330,6043,12373,287,3,22,화
2022-03-22,경원선,지행,6029,6029,12058,0,3,22,화
2022-03-22,경원선,동두천중앙,2848,2757,5605,91,3,22,화
2022-03-22,경원선,보산,1370,1339,2709,31,3,22,화
2022-03-22,경원선,동두천,2629,2802,5431,-173,3,22,화
2022-03-22,경원선,소요산,2491,2190,4681,301,3,22,화
2022-03-22,경의선,서울역,3866,5014,8880,-1148,3,22,화
2022-03-22,경의선,신촌,783,1074,1857,-291,3,22,화
2022-03-22,경의선,효창공원앞,2864,3141,6005,-277,3,22,화
2022-03-22,경의선,공덕,3151,2787,5938,364,3,22,화
2022-03-22,경의선,서강대,2026,2024,4050,2,3,22,화
2022-03-22,경의선,홍대입구,1469,1613,3082,-144,3,22,화
2022-03-22,경의선,가좌,4986,4782,9768,204,3,22,화
2022-03-22,경의선,디지털미디어시티,2344,2130,4474,214,3,22,화
2022-03-22,경의선,수색,2753,2831,5584,-78,3,22,화
2022-03-22,경의선,화전,3508,3298,6806,210,3,22,화
2022-03-22,경의선,강매,3110,2705,5815,405,3,22,화
2022-03-22,경의선,행신,7062,7274,14336,-212,3,22,화
2022-03-22,경의선,능곡,3588,3407,6995,181,3,22,화
2022-03-22,경의선,곡산,563,580,1143,-17,3,22,화
2022-03-22,경의선,백마,6597,6579,13176,18,3,22,화
2022-03-22,경의선,풍산,5210,4816,10026,394,3,22,화
2022-03-22,경의선,일산,8874,8787,17661,87,3,22,화
2022-03-22,경의선,탄현,7260,6942,14202,318,3,22,화
2022-03-22,경의선,야당,6890,6878,13768,12,3,22,화
2022-03-22,경의선,운정,6514,6207,12721,307,3,22,화
2022-03-22,경의선,금릉,4584,4425,9009,159,3,22,화
2022-03-22,경의선,금촌,5823,5810,11633,13,3,22,화
2022-03-22,경의선,월롱,2877,2638,5515,239,3,22,화
2022-03-22,경의선,파주,1501,1141,2642,360,3,22,화
2022-03-22,경의선,문산,4642,4590,9232,52,3,22,화
2022-03-22,경의선,임진강,16,8,24,8,3,22,화
2022-03-22,경인선,개봉,19536,19456,38992,80,3,22,화
2022-03-22,경인선,오류동,10871,10329,21200,542,3,22,화
2022-03-22,경인선,역곡,26051,25575,51626,476,3,22,화
2022-03-22,경인선,부천,28959,29048,58007,-89,3,22,화
2022-03-22,경인선,송내,24934,24977,49911,-43,3,22,화
2022-03-22,경인선,부평,25299,27037,52336,-1738,3,22,화
2022-03-22,경인선,백운,6376,6415,12791,-39,3,22,화
2022-03-22,경인선,동암,13419,13454,26873,-35,3,22,화
2022-03-22,경인선,주안,17663,16106,33769,1557,3,22,화
2022-03-22,경인선,제물포,10207,9741,19948,466,3,22,화
2022-03-22,경인선,동인천,12363,11762,24125,601,3,22,화
2022-03-22,경인선,인천,3193,2375,5568,818,3,22,화
2022-03-22,경인선,구일,5764,5711,11475,53,3,22,화
2022-03-22,경인선,소사,8210,8065,16275,145,3,22,화
2022-03-22,경인선,부개,8119,7428,15547,691,3,22,화
2022-03-22,경인선,간석,5550,5186,10736,364,3,22,화
2022-03-22,경인선,도원,2989,2969,5958,20,3,22,화
2022-03-22,경인선,온수(성공회대입구),6281,5947,12228,334,3,22,화
2022-03-22,경인선,중동,8781,8249,17030,532,3,22,화
2022-03-22,경인선,도화,3900,3627,7527,273,3,22,화
2022-03-22,경춘선,신내,2124,2000,4124,124,3,22,화
2022-03-22,경춘선,갈매,2851,2477,5328,374,3,22,화
2022-03-22,경춘선,별내,3001,2865,5866,136,3,22,화
2022-03-22,경춘선,퇴계원,3291,3053,6344,238,3,22,화
2022-03-22,경춘선,사릉,2498,2378,4876,120,3,22,화
2022-03-22,경춘선,금곡,1458,1432,2890,26,3,22,화
2022-03-22,경춘선,평내호평,5848,5793,11641,55,3,22,화
2022-03-22,경춘선,천마산,1636,1551,3187,85,3,22,화
2022-03-22,경춘선,마석,3673,3621,7294,52,3,22,화
2022-03-22,경춘선,대성리,400,366,766,34,3,22,화
2022-03-22,경춘선,청평,1403,1301,2704,102,3,22,화
2022-03-22,경춘선,상천,235,245,480,-10,3,22,화
2022-03-22,경춘선,가평,1331,1340,2671,-9,3,22,화
2022-03-22,경춘선,굴봉산,102,92,194,10,3,22,화
2022-03-22,경춘선,백양리,78,67,145,11,3,22,화
2022-03-22,경춘선,강촌,354,370,724,-16,3,22,화
2022-03-22,경춘선,김유정,255,264,519,-9,3,22,화
2022-03-22,경춘선,남춘천,2429,2471,4900,-42,3,22,화
2022-03-22,경춘선,춘천,1298,1216,2514,82,3,22,화
2022-03-22,공항철도 1호선,서울역,6028,5390,11418,638,3,22,화
2022-03-22,공항철도 1호선,공덕,1945,2538,4483,-593,3,22,화
2022-03-22,공항철도 1호선,홍대입구,7884,7889,15773,-5,3,22,화
2022-03-22,공항철도 1호선,디지털미디어시티,12744,11699,24443,1045,3,22,화
2022-03-22,공항철도 1호선,마곡나루(서울식물원),8011,7852,15863,159,3,22,화
2022-03-22,공항철도 1호선,김포공항,9389,5965,15354,3424,3,22,화
2022-03-22,공항철도 1호선,계양,9618,9088,18706,530,3,22,화
2022-03-22,공항철도 1호선,검암,5979,5977,11956,2,3,22,화
2022-03-22,공항철도 1호선,청라국제도시,6325,5930,12255,395,3,22,화
2022-03-22,공항철도 1호선,운서,6166,6226,12392,-60,3,22,화
2022-03-22,공항철도 1호선,공항화물청사,2216,2364,4580,-148,3,22,화
2022-03-22,공항철도 1호선,인천공항1터미널,3455,3602,7057,-147,3,22,화
2022-03-22,공항철도 1호선,인천공항2터미널,2039,2054,4093,-15,3,22,화
2022-03-22,공항철도 1호선,영종,2733,2803,5536,-70,3,22,화
2022-03-22,과천선,선바위,7518,6670,14188,848,3,22,화
2022-03-22,과천선,경마공원,1317,1299,2616,18,3,22,화
2022-03-22,과천선,대공원,2312,2335,4647,-23,3,22,화
2022-03-22,과천선,과천,5721,5316,11037,405,3,22,화
2022-03-22,과천선,정부과천청사,9713,9738,19451,-25,3,22,화
2022-03-22,과천선,인덕원,22279,23071,45350,-792,3,22,화
2022-03-22,과천선,평촌,16720,16317,33037,403,3,22,화
2022-03-22,과천선,범계,23707,23600,47307,107,3,22,화
2022-03-22,분당선,선릉,12111,18485,30596,-6374,3,22,화
2022-03-22,분당선,한티,12965,13954,26919,-989,3,22,화
2022-03-22,분당선,도곡,6290,6251,12541,39,3,22,화
2022-03-22,분당선,구룡,2200,2073,4273,127,3,22,화
2022-03-22,분당선,개포동,3468,3573,7041,-105,3,22,화
2022-03-22,분당선,대모산입구,4170,3916,8086,254,3,22,화
2022-03-22,분당선,수서,11900,12045,23945,-145,3,22,화
2022-03-22,분당선,수원,7567,6340,13907,1227,3,22,화
2022-03-22,분당선,서울숲,9253,9351,18604,-98,3,22,화
2022-03-22,분당선,압구정로데오,17120,18451,35571,-1331,3,22,화
2022-03-22,분당선,강남구청,9193,10664,19857,-1471,3,22,화
2022-03-22,분당선,선정릉,7670,8125,15795,-455,3,22,화
2022-03-22,분당선,가천대,9554,10521,20075,-967,3,22,화
2022-03-22,분당선,태평,12334,12005,24339,329,3,22,화
2022-03-22,분당선,모란,18541,18797,37338,-256,3,22,화
2022-03-22,분당선,야탑,23348,24334,47682,-986,3,22,화
2022-03-22,분당선,서현,21553,21942,43495,-389,3,22,화
2022-03-22,분당선,수내,11862,11940,23802,-78,3,22,화
2022-03-22,분당선,정자,15301,16168,31469,-867,3,22,화
2022-03-22,분당선,미금,14380,15204,29584,-824,3,22,화
2022-03-22,분당선,오리,10684,8813,19497,1871,3,22,화
2022-03-22,분당선,이매,5215,4963,10178,252,3,22,화
2022-03-22,분당선,보정,2380,2054,4434,326,3,22,화
2022-03-22,분당선,죽전,13110,14410,27520,-1300,3,22,화
2022-03-22,분당선,구성,4524,4834,9358,-310,3,22,화
2022-03-22,분당선,신갈,4104,4171,8275,-67,3,22,화
2022-03-22,분당선,기흥,9098,8616,17714,482,3,22,화
2022-03-22,분당선,상갈,4869,4800,9669,69,3,22,화
2022-03-22,분당선,청명,4007,3895,7902,112,3,22,화
2022-03-22,분당선,영통,7534,7599,15133,-65,3,22,화
2022-03-22,분당선,망포,13081,12744,25825,337,3,22,화
2022-03-22,분당선,매탄권선,4700,4616,9316,84,3,22,화
2022-03-22,분당선,수원시청,11460,12138,23598,-678,3,22,화
2022-03-22,분당선,매교,2967,2985,5952,-18,3,22,화
2022-03-22,수인선,고색,4855,4618,9473,237,3,22,화
2022-03-22,수인선,오목천,3411,3142,6553,269,3,22,화
2022-03-22,수인선,어천,581,626,1207,-45,3,22,화
2022-03-22,수인선,야목,385,289,674,96,3,22,화
2022-03-22,수인선,사리,4520,3987,8507,533,3,22,화
2022-03-22,수인선,인하대,6591,6310,12901,281,3,22,화
2022-03-22,수인선,숭의,3876,3641,7517,235,3,22,화
2022-03-22,수인선,신포,1784,1761,3545,23,3,22,화
2022-03-22,수인선,인천,904,1500,2404,-596,3,22,화
2022-03-22,안산선,산본,14594,15755,30349,-1161,3,22,화
2022-03-22,안산선,대야미,4823,4455,9278,368,3,22,화
2022-03-22,안산선,반월,4019,3899,7918,120,3,22,화
2022-03-22,안산선,상록수,15450,15860,31310,-410,3,22,화
2022-03-22,안산선,한대앞,9994,10223,20217,-229,3,22,화
2022-03-22,안산선,중앙,16661,17215,33876,-554,3,22,화
2022-03-22,안산선,고잔,8388,7823,16211,565,3,22,화
2022-03-22,안산선,초지,4894,5221,10115,-327,3,22,화
2022-03-22,안산선,안산,10802,9671,20473,1131,3,22,화
2022-03-22,안산선,신길온천,1673,1514,3187,159,3,22,화
2022-03-22,안산선,정왕,9698,10069,19767,-371,3,22,화
2022-03-22,안산선,오이도,7794,7683,15477,111,3,22,화
2022-03-22,안산선,수리산,4059,3373,7432,686,3,22,화
2022-03-22,우이신설선,북한산우이,2399,2181,4580,218,3,22,화
2022-03-22,우이신설선,솔밭공원,2322,2206,4528,116,3,22,화
2022-03-22,우이신설선,4.19민주묘지,3139,3025,6164,114,3,22,화
2022-03-22,우이신설선,가오리,3789,3887,7676,-98,3,22,화
2022-03-22,우이신설선,화계,3194,3050,6244,144,3,22,화
2022-03-22,우이신설선,삼양,1816,1934,3750,-118,3,22,화
2022-03-22,우이신설선,삼양사거리,2291,2318,4609,-27,3,22,화
2022-03-22,우이신설선,솔샘,5440,5073,10513,367,3,22,화
2022-03-22,우이신설선,북한산보국문,5542,5378,10920,164,3,22,화
2022-03-22,우이신설선,정릉,4344,4055,8399,289,3,22,화
2022-03-22,우이신설선,성신여대입구(돈암),3030,3303,6333,-273,3,22,화
2022-03-22,우이신설선,보문,1445,1410,2855,35,3,22,화
2022-03-22,우이신설선,신설동,2031,1971,4002,60,3,22,화
2022-03-22,수인선,달월,103,59,162,44,3,22,화
2022-03-22,수인선,월곶,2598,2382,4980,216,3,22,화
2022-03-22,수인선,소래포구,4918,4539,9457,379,3,22,화
2022-03-22,수인선,인천논현,5223,5568,10791,-345,3,22,화
2022-03-22,수인선,호구포,3853,4072,7925,-219,3,22,화
2022-03-22,수인선,남동인더스파크,2216,2485,4701,-269,3,22,화
2022-03-22,수인선,원인재,4155,4408,8563,-253,3,22,화
2022-03-22,수인선,연수,4292,4271,8563,21,3,22,화
2022-03-22,5호선,발산,18656,18954,37610,-298,3,22,화
2022-03-22,9호선,사평,3063,3071,6134,-8,3,22,화
2022-03-22,경원선,녹양,4392,4080,8472,312,3,22,화
2022-03-22,5호선,방이,6543,6673,13216,-130,3,22,화
2022-03-22,일산선,원흥,9763,9352,19115,411,3,22,화
2022-03-22,일산선,삼송,18352,17649,36001,703,3,22,화
2022-03-22,일산선,원당,10243,9730,19973,513,3,22,화
2022-03-22,일산선,화정,15707,16242,31949,-535,3,22,화
2022-03-22,일산선,대곡,1960,1588,3548,372,3,22,화
2022-03-22,일산선,백석,8943,9053,17996,-110,3,22,화
2022-03-22,일산선,마두,6856,7007,13863,-151,3,22,화
2022-03-22,일산선,정발산,6229,6188,12417,41,3,22,화
2022-03-22,일산선,주엽,8141,8155,16296,-14,3,22,화
2022-03-22,일산선,대화,11619,9278,20897,2341,3,22,화
2022-03-22,장항선,봉명,1185,1151,2336,34,3,22,화
2022-03-22,장항선,쌍용(나사렛대),2830,2631,5461,199,3,22,화
2022-03-22,장항선,아산,3352,2912,6264,440,3,22,화
2022-03-22,장항선,탕정,728,643,1371,85,3,22,화
2022-03-22,장항선,배방,1102,1037,2139,65,3,22,화
2022-03-22,장항선,온양온천,3324,3385,6709,-61,3,22,화
2022-03-22,장항선,신창(순천향대),2699,2612,5311,87,3,22,화
2022-03-22,중앙선,회기,22948,22294,45242,654,3,22,화
2022-03-22,중앙선,중랑,5192,4900,10092,292,3,22,화
2022-03-22,중앙선,상봉(시외버스터미널),5170,5168,10338,2,3,22,화
2022-03-22,중앙선,망우,7082,6943,14025,139,3,22,화
2022-03-22,중앙선,양원,2688,2636,5324,52,3,22,화
2022-03-22,중앙선,구리,12393,12682,25075,-289,3,22,화
2022-03-22,중앙선,도농,9791,8921,18712,870,3,22,화
2022-03-22,중앙선,양정,741,617,1358,124,3,22,화
2022-03-22,중앙선,덕소,5051,5159,10210,-108,3,22,화
2022-03-22,중앙선,도심,2216,1769,3985,447,3,22,화
2022-03-22,중앙선,팔당,771,778,1549,-7,3,22,화
2022-03-22,중앙선,운길산,738,732,1470,6,3,22,화
2022-03-22,중앙선,양수,1731,1729,3460,2,3,22,화
2022-03-22,중앙선,신원,226,220,446,6,3,22,화
2022-03-22,중앙선,국수,630,626,1256,4,3,22,화
2022-03-22,중앙선,아신,442,414,856,28,3,22,화
2022-03-22,중앙선,오빈,270,283,553,-13,3,22,화
2022-03-22,중앙선,양평,2385,2431,4816,-46,3,22,화
2022-03-22,중앙선,원덕,348,318,666,30,3,22,화
2022-03-22,중앙선,용문,1485,1478,2963,7,3,22,화
2022-03-22,중앙선,지평,56,67,123,-11,3,22,화
2022-03-22,3호선,지축,4400,4270,8670,130,3,22,화
2022-03-22,수인선,송도,2317,2162,4479,155,3,22,화
2022-03-22,1호선,서울역,35208,33766,68974,1442,3,22,화
2022-03-22,1호선,시청,19331,19517,38848,-186,3,22,화
2022-03-22,1호선,종각,29389,28756,58145,633,3,22,화
2022-03-22,1호선,종로3가,21802,19938,41740,1864,3,22,화
2022-03-22,1호선,종로5가,20822,20495,41317,327,3,22,화
2022-03-22,1호선,동대문,9881,9111,18992,770,3,22,화
2022-03-22,1호선,신설동,12604,12277,24881,327,3,22,화
2022-03-22,1호선,제기동,15886,16163,32049,-277,3,22,화
2022-03-22,1호선,청량리(서울시립대입구),18348,18077,36425,271,3,22,화
2022-03-22,1호선,동묘앞,7427,7892,15319,-465,3,22,화
2022-03-22,2호선,시청,20673,20033,40706,640,3,22,화
2022-03-22,2호선,을지로입구,33399,34833,68232,-1434,3,22,화
2022-03-22,2호선,을지로3가,19332,19004,38336,328,3,22,화
2022-03-22,2호선,을지로4가,11838,11836,23674,2,3,22,화
2022-03-22,2호선,동대문역사문화공원(DDP),10796,11999,22795,-1203,3,22,화
2022-03-22,2호선,신당,12549,12855,25404,-306,3,22,화
2022-03-22,2호선,상왕십리,12822,12465,25287,357,3,22,화
2022-03-22,2호선,왕십리(성동구청),15446,12194,27640,3252,3,22,화
2022-03-22,2호선,한양대,14904,16610,31514,-1706,3,22,화
2022-03-22,2호선,뚝섬,19588,21152,40740,-1564,3,22,화
2022-03-22,2호선,성수,34100,37174,71274,-3074,3,22,화
2022-03-22,2호선,건대입구,31328,32976,64304,-1648,3,22,화
2022-03-22,2호선,구의(광진구청),21761,21474,43235,287,3,22,화
2022-03-22,2호선,강변(동서울터미널),24794,23485,48279,1309,3,22,화
2022-03-22,2호선,잠실나루,13310,12805,26115,505,3,22,화
2022-03-22,2호선,잠실(송파구청),54837,54409,109246,428,3,22,화
2022-03-22,2호선,잠실새내,18558,18373,36931,185,3,22,화
2022-03-22,2호선,종합운동장,6444,6949,13393,-505,3,22,화
2022-03-22,2호선,삼성(무역센터),42934,43556,86490,-622,3,22,화
2022-03-22,2호선,선릉,51614,45922,97536,5692,3,22,화
2022-03-22,2호선,역삼,47415,52804,100219,-5389,3,22,화
2022-03-22,2호선,강남,73302,72034,145336,1268,3,22,화
2022-03-22,2호선,교대(법원.검찰청),30867,34953,65820,-4086,3,22,화
2022-03-22,2호선,서초,19731,19311,39042,420,3,22,화
2022-03-22,2호선,방배,18093,18863,36956,-770,3,22,화
2022-03-22,2호선,사당,32341,35488,67829,-3147,3,22,화
2022-03-22,2호선,낙성대(강감찬),25066,24700,49766,366,3,22,화
2022-03-22,2호선,서울대입구(관악구청),44356,43344,87700,1012,3,22,화
2022-03-22,2호선,봉천,21899,20409,42308,1490,3,22,화
2022-03-22,2호선,신림,57645,56030,113675,1615,3,22,화
2022-03-22,2호선,신대방,24454,23944,48398,510,3,22,화
2022-03-22,2호선,구로디지털단지,53804,54151,107955,-347,3,22,화
2022-03-22,2호선,대림(구로구청),21739,22429,44168,-690,3,22,화
2022-03-22,2호선,신도림,41009,40787,81796,222,3,22,화
2022-03-22,2호선,문래,19895,20226,40121,-331,3,22,화
2022-03-22,2호선,영등포구청,20935,21439,42374,-504,3,22,화
2022-03-22,2호선,당산,17251,20036,37287,-2785,3,22,화
2022-03-22,2호선,합정,26611,27637,54248,-1026,3,22,화
2022-03-22,2호선,홍대입구,45130,46584,91714,-1454,3,22,화
2022-03-22,2호선,신촌,29312,29473,58785,-161,3,22,화
2022-03-22,2호선,이대,12466,13456,25922,-990,3,22,화
2022-03-22,2호선,아현,9687,9315,19002,372,3,22,화
2022-03-22,2호선,충정로(경기대입구),9289,9666,18955,-377,3,22,화
2022-03-22,2호선,용답,3122,3416,6538,-294,3,22,화
2022-03-22,2호선,신답,1509,1832,3341,-323,3,22,화
2022-03-22,2호선,신설동,2890,3033,5923,-143,3,22,화
2022-03-22,2호선,도림천,1341,1421,2762,-80,3,22,화
2022-03-22,2호선,양천구청,6288,6522,12810,-234,3,22,화
2022-03-22,2호선,신정네거리,9202,9689,18891,-487,3,22,화
2022-03-22,2호선,용두(동대문구청),2152,2254,4406,-102,3,22,화
2022-03-22,3호선,구파발,18829,18169,36998,660,3,22,화
2022-03-22,3호선,연신내,33242,31771,65013,1471,3,22,화
2022-03-22,3호선,불광,14783,15785,30568,-1002,3,22,화
2022-03-22,3호선,녹번,14272,13092,27364,1180,3,22,화
2022-03-22,3호선,홍제,16551,15668,32219,883,3,22,화
2022-03-22,3호선,무악재,3557,3678,7235,-121,3,22,화
2022-03-22,3호선,독립문,6289,6615,12904,-326,3,22,화
2022-03-22,3호선,경복궁(정부서울청사),18775,18393,37168,382,3,22,화
2022-03-22,3호선,안국,18080,18865,36945,-785,3,22,화
2022-03-22,3호선,종로3가,9119,10407,19526,-1288,3,22,화
2022-03-22,3호선,을지로3가,9121,9245,18366,-124,3,22,화
2022-03-22,3호선,충무로,1,0,1,1,3,22,화
2022-03-22,3호선,동대입구,8419,9074,17493,-655,3,22,화
2022-03-22,3호선,약수,11761,11424,23185,337,3,22,화
2022-03-22,3호선,금호,7053,6722,13775,331,3,22,화
2022-03-22,3호선,옥수,7883,8278,16161,-395,3,22,화
2022-03-22,3호선,압구정,28607,30450,59057,-1843,3,22,화
2022-03-22,3호선,신사,27798,28722,56520,-924,3,22,화
2022-03-22,3호선,잠원,4249,4193,8442,56,3,22,화
2022-03-22,3호선,고속터미널,31875,30388,62263,1487,3,22,화
2022-03-22,3호선,교대(법원.검찰청),13183,8515,21698,4668,3,22,화
2022-03-22,3호선,남부터미널(예술의전당),25251,25837,51088,-586,3,22,화
2022-03-22,3호선,양재(서초구청),34520,37593,72113,-3073,3,22,화
2022-03-22,3호선,매봉,11260,10808,22068,452,3,22,화
2022-03-22,3호선,도곡,4784,4981,9765,-197,3,22,화
2022-03-22,3호선,대치,9796,9976,19772,-180,3,22,화
2022-03-22,3호선,학여울,1580,1619,3199,-39,3,22,화
2022-03-22,3호선,대청,9412,8580,17992,832,3,22,화
2022-03-22,3호선,일원,9601,9189,18790,412,3,22,화
2022-03-22,3호선,수서,14440,15007,29447,-567,3,22,화
2022-03-22,3호선,가락시장,8134,7947,16081,187,3,22,화
2022-03-22,3호선,경찰병원,6814,6776,13590,38,3,22,화
2022-03-22,3호선,오금,5685,5219,10904,466,3,22,화
2022-03-22,4호선,당고개,8626,7791,16417,835,3,22,화
2022-03-22,4호선,상계,18038,16675,34713,1363,3,22,화
2022-03-22,4호선,노원,17163,19137,36300,-1974,3,22,화
2022-03-22,4호선,창동,23086,24675,47761,-1589,3,22,화
2022-03-22,4호선,쌍문,27009,24915,51924,2094,3,22,화
2022-03-22,4호선,수유(강북구청),31078,31035,62113,43,3,22,화
2022-03-22,4호선,미아(서울사이버대학),14302,14023,28325,279,3,22,화
2022-03-22,4호선,미아사거리,24746,24127,48873,619,3,22,화
2022-03-22,4호선,길음,19135,19076,38211,59,3,22,화
2022-03-22,4호선,성신여대입구(돈암),19036,18129,37165,907,3,22,화
2022-03-22,4호선,한성대입구(삼선교),12761,12477,25238,284,3,22,화
2022-03-22,4호선,혜화,29316,29067,58383,249,3,22,화
2022-03-22,4호선,동대문,17946,18598,36544,-652,3,22,화
2022-03-22,4호선,동대문역사문화공원(DDP),13086,12135,25221,951,3,22,화
2022-03-22,4호선,충무로,26302,26841,53143,-539,3,22,화
2022-03-22,4호선,명동,16607,16856,33463,-249,3,22,화
2022-03-22,4호선,회현(남대문시장),21711,23081,44792,-1370,3,22,화
2022-03-22,4호선,서울역,9661,12866,22527,-3205,3,22,화
2022-03-22,4호선,숙대입구(갈월),13185,12808,25993,377,3,22,화
2022-03-22,4호선,삼각지,4386,4778,9164,-392,3,22,화
2022-03-22,4호선,신용산,13877,14686,28563,-809,3,22,화
2022-03-22,4호선,이촌(국립중앙박물관),6125,6819,12944,-694,3,22,화
2022-03-22,4호선,동작(현충원),1308,1506,2814,-198,3,22,화
2022-03-22,4호선,총신대입구(이수),16917,18377,35294,-1460,3,22,화
2022-03-22,4호선,사당,22048,18477,40525,3571,3,22,화
2022-03-22,4호선,남태령,1032,898,1930,134,3,22,화
2022-03-22,5호선,방화,6066,5872,11938,194,3,22,화
2022-03-22,5호선,개화산,5205,5022,10227,183,3,22,화
2022-03-22,5호선,김포공항,5838,5628,11466,210,3,22,화
2022-03-22,5호선,송정,6015,5717,11732,298,3,22,화
2022-03-22,5호선,마곡,9926,9987,19913,-61,3,22,화
2022-03-22,5호선,우장산,13549,13162,26711,387,3,22,화
2022-03-22,5호선,화곡,26410,24870,51280,1540,3,22,화
2022-03-22,5호선,까치산,26661,25543,52204,1118,3,22,화
2022-03-22,5호선,신정(은행정),12831,10508,23339,2323,3,22,화
2022-03-22,5호선,목동,15276,16513,31789,-1237,3,22,화
2022-03-22,5호선,오목교(목동운동장앞),19079,20326,39405,-1247,3,22,화
2022-03-22,5호선,양평,6979,6906,13885,73,3,22,화
2022-03-22,5호선,영등포구청,3687,3773,7460,-86,3,22,화
2022-03-22,5호선,영등포시장,9006,9233,18239,-227,3,22,화
2022-03-22,5호선,신길,3769,4054,7823,-285,3,22,화
2022-03-22,5호선,여의도,25572,26786,52358,-1214,3,22,화
2022-03-22,5호선,여의나루,9002,10016,19018,-1014,3,22,화
2022-03-22,5호선,마포,13102,13458,26560,-356,3,22,화
2022-03-22,5호선,공덕,12830,13533,26363,-703,3,22,화
2022-03-22,5호선,애오개,6322,6305,12627,17,3,22,화
2022-03-22,5호선,충정로(경기대입구),4446,4641,9087,-195,3,22,화
2022-03-22,5호선,서대문,18033,18184,36217,-151,3,22,화
2022-03-22,5호선,광화문(세종문화회관),25774,26878,52652,-1104,3,22,화
2022-03-22,5호선,종로3가,10235,10132,20367,103,3,22,화
2022-03-22,5호선,을지로4가,5709,5795,11504,-86,3,22,화
2022-03-22,5호선,동대문역사문화공원(DDP),2603,3067,5670,-464,3,22,화
2022-03-22,5호선,청구,3793,3378,7171,415,3,22,화
2022-03-22,5호선,신금호,6011,6302,12313,-291,3,22,화
2022-03-22,5호선,행당,7368,6636,14004,732,3,22,화
2022-03-22,5호선,왕십리(성동구청),4152,4760,8912,-608,3,22,화
2022-03-22,5호선,마장,5397,5023,10420,374,3,22,화
2022-03-22,5호선,답십리,14766,13590,28356,1176,3,22,화
2022-03-22,5호선,장한평,16849,16813,33662,36,3,22,화
2022-03-22,5호선,군자(능동),10257,11079,21336,-822,3,22,화
2022-03-22,5호선,아차산(어린이대공원후문),14110,13727,27837,383,3,22,화
2022-03-22,5호선,광나루(장신대),12025,11093,23118,932,3,22,화
2022-03-22,5호선,천호(풍납토성),15996,15936,31932,60,3,22,화
2022-03-22,5호선,강동,17161,16621,33782,540,3,22,화
2022-03-22,5호선,길동,7335,7513,14848,-178,3,22,화
2022-03-22,5호선,굽은다리(강동구민회관앞),8639,8264,16903,375,3,22,화
2022-03-22,5호선,명일,7814,8166,15980,-352,3,22,화
2022-03-22,5호선,고덕,8573,8687,17260,-114,3,22,화
2022-03-22,5호선,상일동,13651,12750,26401,901,3,22,화
2022-03-22,5호선,둔촌동,8047,8027,16074,20,3,22,화
2022-03-22,5호선,올림픽공원(한국체대),3978,3412,7390,566,3,22,화
2022-03-22,5호선,오금,3600,3584,7184,16,3,22,화
2022-03-22,5호선,개롱,5950,6222,12172,-272,3,22,화
2022-03-22,5호선,거여,9400,8935,18335,465,3,22,화
2022-03-22,5호선,마천,6760,6572,13332,188,3,22,화
2022-03-22,5호선,강일,3766,3574,7340,192,3,22,화
2022-03-22,5호선,미사,14634,14540,29174,94,3,22,화
2022-03-22,5호선,하남풍산,4021,3961,7982,60,3,22,화
2022-03-22,5호선,하남시청(덕풍·신장),6137,5943,12080,194,3,22,화
2022-03-22,5호선,하남검단산,5020,4937,9957,83,3,22,화
2022-03-22,6호선,응암,16201,16135,32336,66,3,22,화
2022-03-22,6호선,역촌,3487,4056,7543,-569,3,22,화
2022-03-22,6호선,불광,3735,3710,7445,25,3,22,화
2022-03-22,6호선,독바위,2578,2687,5265,-109,3,22,화
2022-03-22,6호선,구산,7199,5329,12528,1870,3,22,화
2022-03-22,6호선,새절(신사),12036,11357,23393,679,3,22,화
2022-03-22,6호선,증산(명지대앞),9162,9212,18374,-50,3,22,화
2022-03-22,6호선,디지털미디어시티,12620,13797,26417,-1177,3,22,화
2022-03-22,6호선,월드컵경기장(성산),3878,3995,7873,-117,3,22,화
2022-03-22,6호선,마포구청,13002,11642,24644,1360,3,22,화
2022-03-22,6호선,망원,12259,13036,25295,-777,3,22,화
2022-03-22,6호선,합정,11346,11091,22437,255,3,22,화
2022-03-22,6호선,상수,7791,8560,16351,-769,3,22,화
2022-03-22,6호선,광흥창(서강),8381,8164,16545,217,3,22,화
2022-03-22,6호선,대흥(서강대앞),7742,8179,15921,-437,3,22,화
2022-03-22,6호선,공덕,16638,15979,32617,659,3,22,화
2022-03-22,6호선,효창공원앞,6643,6296,12939,347,3,22,화
2022-03-22,6호선,삼각지,5824,5209,11033,615,3,22,화
2022-03-22,6호선,녹사평(용산구청),4079,4038,8117,41,3,22,화
2022-03-22,6호선,이태원,8393,8429,16822,-36,3,22,화
2022-03-22,6호선,한강진,6372,7448,13820,-1076,3,22,화
2022-03-22,6호선,버티고개,1899,1915,3814,-16,3,22,화
2022-03-22,6호선,약수,3280,3342,6622,-62,3,22,화
2022-03-22,6호선,청구,3436,3723,7159,-287,3,22,화
2022-03-22,6호선,신당,7253,7830,15083,-577,3,22,화
2022-03-22,6호선,동묘앞,6961,7114,14075,-153,3,22,화
2022-03-22,6호선,창신,3429,2958,6387,471,3,22,화
2022-03-22,6호선,보문,6847,6316,13163,531,3,22,화
2022-03-22,6호선,안암(고대병원앞),13865,13728,27593,137,3,22,화
2022-03-22,6호선,고려대(종암),8077,8032,16109,45,3,22,화
2022-03-22,6호선,월곡(동덕여대),11790,11692,23482,98,3,22,화
2022-03-22,6호선,상월곡(한국과학기술연구원),6012,5618,11630,394,3,22,화
2022-03-22,6호선,돌곶이,8610,8020,16630,590,3,22,화
2022-03-22,6호선,석계,11629,12159,23788,-530,3,22,화
2022-03-22,6호선,태릉입구,5000,5545,10545,-545,3,22,화
2022-03-22,6호선,화랑대(서울여대입구),11608,9190,20798,2418,3,22,화
2022-03-22,6호선,봉화산(서울의료원),8300,7827,16127,473,3,22,화
2022-03-22,7호선,장암,2059,727,2786,1332,3,22,화
2022-03-22,7호선,도봉산,8925,10394,19319,-1469,3,22,화
2022-03-22,7호선,수락산,11650,11320,22970,330,3,22,화
2022-03-22,7호선,마들,11822,11482,23304,340,3,22,화
2022-03-22,7호선,노원,17351,18181,35532,-830,3,22,화
2022-03-22,7호선,중계,13614,12523,26137,1091,3,22,화
2022-03-22,7호선,하계,16434,15496,31930,938,3,22,화
2022-03-22,7호선,공릉(서울과학기술대),12166,12033,24199,133,3,22,화
2022-03-22,7호선,태릉입구,8116,7849,15965,267,3,22,화
2022-03-22,7호선,먹골,9487,9245,18732,242,3,22,화
2022-03-22,7호선,중화,10049,9992,20041,57,3,22,화
2022-03-22,7호선,상봉(시외버스터미널),15179,14089,29268,1090,3,22,화
2022-03-22,7호선,면목,15396,15092,30488,304,3,22,화
2022-03-22,7호선,사가정,14787,15036,29823,-249,3,22,화
2022-03-22,7호선,용마산(용마폭포공원),5698,5476,11174,222,3,22,화
2022-03-22,7호선,중곡,10394,9747,20141,647,3,22,화
2022-03-22,7호선,군자(능동),13816,11100,24916,2716,3,22,화
2022-03-22,7호선,어린이대공원(세종대),13621,13962,27583,-341,3,22,화
2022-03-22,7호선,건대입구,11467,11869,23336,-402,3,22,화
2022-03-22,7호선,뚝섬유원지,7964,7787,15751,177,3,22,화
2022-03-22,7호선,청담,18075,20079,38154,-2004,3,22,화
2022-03-22,7호선,강남구청,15078,16625,31703,-1547,3,22,화
2022-03-22,7호선,학동,22649,24011,46660,-1362,3,22,화
2022-03-22,7호선,논현,18927,20400,39327,-1473,3,22,화
2022-03-22,7호선,반포,5290,5100,10390,190,3,22,화
2022-03-22,7호선,고속터미널,12931,11371,24302,1560,3,22,화
2022-03-22,7호선,내방,13602,13801,27403,-199,3,22,화
2022-03-22,7호선,이수,14180,13679,27859,501,3,22,화
2022-03-22,7호선,남성,10274,9552,19826,722,3,22,화
2022-03-22,7호선,숭실대입구(살피재),13947,14292,28239,-345,3,22,화
2022-03-22,7호선,상도,10278,10284,20562,-6,3,22,화
2022-03-22,7호선,장승배기,8356,8232,16588,124,3,22,화
2022-03-22,7호선,신대방삼거리,15668,15093,30761,575,3,22,화
2022-03-22,7호선,보라매,9191,9255,18446,-64,3,22,화
2022-03-22,7호선,신풍,10593,10152,20745,441,3,22,화
2022-03-22,7호선,대림(구로구청),7050,6958,14008,92,3,22,화
2022-03-22,7호선,남구로,14869,15389,30258,-520,3,22,화
2022-03-22,7호선,가산디지털단지,42180,42377,84557,-197,3,22,화
2022-03-22,7호선,철산,18866,19249,38115,-383,3,22,화
2022-03-22,7호선,광명사거리,20272,20100,40372,172,3,22,화
2022-03-22,7호선,천왕,10679,10212,20891,467,3,22,화
2022-03-22,7호선,온수(성공회대입구),9726,9114,18840,612,3,22,화
2022-03-22,8호선,암사,17295,15300,32595,1995,3,22,화
2022-03-22,8호선,천호(풍납토성),13212,15220,28432,-2008,3,22,화
2022-03-22,8호선,강동구청,9573,9978,19551,-405,3,22,화
2022-03-22,8호선,몽촌토성(평화의문),5468,5505,10973,-37,3,22,화
2022-03-22,8호선,잠실(송파구청),11502,13369,24871,-1867,3,22,화
2022-03-22,8호선,석촌,7074,7844,14918,-770,3,22,화
2022-03-22,8호선,송파,7023,7017,14040,6,3,22,화
2022-03-22,8호선,가락시장,7022,7683,14705,-661,3,22,화
2022-03-22,8호선,문정,20583,21757,42340,-1174,3,22,화
2022-03-22,8호선,장지,15847,15433,31280,414,3,22,화
2022-03-22,8호선,복정,9418,7969,17387,1449,3,22,화
2022-03-22,8호선,산성,5006,5049,10055,-43,3,22,화
2022-03-22,8호선,남한산성입구(성남법원.검찰청),14496,13668,28164,828,3,22,화
2022-03-22,8호선,단대오거리,10479,9890,20369,589,3,22,화
2022-03-22,8호선,신흥,3797,3948,7745,-151,3,22,화
2022-03-22,8호선,수진,4874,4462,9336,412,3,22,화
2022-03-22,8호선,모란,3921,3184,7105,737,3,22,화
2022-03-22,8호선,남위례,4174,4366,8540,-192,3,22,화
2022-03-22,9호선,개화,2120,1598,3718,522,3,22,화
2022-03-22,9호선,김포공항,5535,7836,13371,-2301,3,22,화
2022-03-22,9호선,공항시장,2777,2978,5755,-201,3,22,화
2022-03-22,9호선,신방화,6351,6198,12549,153,3,22,화
2022-03-22,9호선,마곡나루(서울식물원),11098,10855,21953,243,3,22,화
2022-03-22,9호선,양천향교,9355,9520,18875,-165,3,22,화
2022-03-22,9호선,가양,18817,18405,37222,412,3,22,화
2022-03-22,9호선,증미,6770,6592,13362,178,3,22,화
2022-03-22,9호선,등촌,10441,10166,20607,275,3,22,화
2022-03-22,9호선,염창,15739,15358,31097,381,3,22,화
2022-03-22,9호선,신목동,3709,3271,6980,438,3,22,화
2022-03-22,9호선,선유도,7939,7550,15489,389,3,22,화
2022-03-22,9호선,당산,16540,16121,32661,419,3,22,화
2022-03-22,9호선,국회의사당,13682,14104,27786,-422,3,22,화
2022-03-22,9호선,여의도,23906,23350,47256,556,3,22,화
2022-03-22,9호선,샛강,5138,5398,10536,-260,3,22,화
2022-03-23,중앙선,도심,2273,1805,4078,468,3,23,수
2022-03-23,수인선,야목,354,265,619,89,3,23,수
2022-03-23,수인선,사리,4589,4134,8723,455,3,23,수
2022-03-23,수인선,달월,94,54,148,40,3,23,수
2022-03-23,수인선,월곶,2673,2428,5101,245,3,23,수
2022-03-23,수인선,소래포구,4481,4076,8557,405,3,23,수
2022-03-23,수인선,인천논현,5166,5573,10739,-407,3,23,수
2022-03-23,7호선,도봉산,8728,9993,18721,-1265,3,23,수
2022-03-23,1호선,서울역,34841,33672,68513,1169,3,23,수
2022-03-23,1호선,시청,19755,19712,39467,43,3,23,수
2022-03-23,1호선,종각,29914,28877,58791,1037,3,23,수
2022-03-23,1호선,종로3가,21093,19443,40536,1650,3,23,수
2022-03-23,1호선,종로5가,19828,19783,39611,45,3,23,수
2022-03-23,1호선,동대문,9738,8905,18643,833,3,23,수
2022-03-23,1호선,신설동,12934,12524,25458,410,3,23,수
2022-03-23,1호선,제기동,15156,15402,30558,-246,3,23,수
2022-03-23,1호선,청량리(서울시립대입구),17703,17456,35159,247,3,23,수
2022-03-23,1호선,동묘앞,6728,7139,13867,-411,3,23,수
2022-03-23,2호선,시청,20618,20071,40689,547,3,23,수
2022-03-23,2호선,을지로입구,33675,34743,68418,-1068,3,23,수
2022-03-23,2호선,을지로3가,19540,19472,39012,68,3,23,수
2022-03-23,2호선,을지로4가,11604,11537,23141,67,3,23,수
2022-03-23,2호선,동대문역사문화공원(DDP),11164,12420,23584,-1256,3,23,수
2022-03-23,2호선,신당,12599,12845,25444,-246,3,23,수
2022-03-23,2호선,상왕십리,12895,12838,25733,57,3,23,수
2022-03-23,2호선,왕십리(성동구청),15666,12345,28011,3321,3,23,수
2022-03-23,2호선,한양대,14239,15699,29938,-1460,3,23,수
2022-03-23,2호선,뚝섬,19552,21147,40699,-1595,3,23,수
2022-03-23,2호선,성수,34238,37111,71349,-2873,3,23,수
2022-03-23,2호선,건대입구,31405,32873,64278,-1468,3,23,수
2022-03-23,2호선,구의(광진구청),21769,21549,43318,220,3,23,수
2022-03-23,2호선,강변(동서울터미널),25121,23630,48751,1491,3,23,수
2022-03-23,2호선,잠실나루,13223,12708,25931,515,3,23,수
2022-03-23,2호선,잠실(송파구청),55099,55033,110132,66,3,23,수
2022-03-23,2호선,잠실새내,18460,18289,36749,171,3,23,수
2022-03-23,2호선,종합운동장,6162,6724,12886,-562,3,23,수
2022-03-23,2호선,삼성(무역센터),43187,43709,86896,-522,3,23,수
2022-03-23,2호선,선릉,51125,45390,96515,5735,3,23,수
2022-03-23,2호선,역삼,47475,52649,100124,-5174,3,23,수
2022-03-23,2호선,강남,72149,70760,142909,1389,3,23,수
2022-03-23,2호선,교대(법원.검찰청),30891,34801,65692,-3910,3,23,수
2022-03-23,2호선,서초,19561,19042,38603,519,3,23,수
2022-03-23,2호선,방배,17839,18537,36376,-698,3,23,수
2022-03-23,2호선,사당,32291,35124,67415,-2833,3,23,수
2022-03-23,2호선,낙성대(강감찬),25166,24727,49893,439,3,23,수
2022-03-23,2호선,서울대입구(관악구청),43957,42950,86907,1007,3,23,수
2022-03-23,2호선,봉천,21490,20280,41770,1210,3,23,수
2022-03-23,2호선,신림,57585,56145,113730,1440,3,23,수
2022-03-23,2호선,신대방,24144,23552,47696,592,3,23,수
2022-03-23,2호선,구로디지털단지,53406,53667,107073,-261,3,23,수
2022-03-23,2호선,대림(구로구청),21573,22050,43623,-477,3,23,수
2022-03-23,2호선,신도림,42159,42168,84327,-9,3,23,수
2022-03-23,2호선,문래,19770,20098,39868,-328,3,23,수
2022-03-23,2호선,영등포구청,21110,21510,42620,-400,3,23,수
2022-03-23,2호선,당산,17133,19947,37080,-2814,3,23,수
2022-03-23,2호선,합정,27031,27972,55003,-941,3,23,수
2022-03-23,2호선,홍대입구,45464,46984,92448,-1520,3,23,수
2022-03-23,2호선,신촌,29325,29316,58641,9,3,23,수
2022-03-23,2호선,이대,12634,13634,26268,-1000,3,23,수
2022-03-23,2호선,아현,9763,9313,19076,450,3,23,수
2022-03-23,2호선,충정로(경기대입구),9189,9781,18970,-592,3,23,수
2022-03-23,2호선,용답,3074,3251,6325,-177,3,23,수
2022-03-23,2호선,신답,1498,1702,3200,-204,3,23,수
2022-03-23,2호선,신설동,3028,3121,6149,-93,3,23,수
2022-03-23,2호선,도림천,1294,1320,2614,-26,3,23,수
2022-03-23,2호선,양천구청,6245,6424,12669,-179,3,23,수
2022-03-23,2호선,신정네거리,9303,9623,18926,-320,3,23,수
2022-03-23,2호선,용두(동대문구청),2143,2202,4345,-59,3,23,수
2022-03-23,3호선,지축,4453,4181,8634,272,3,23,수
2022-03-23,3호선,구파발,18663,17771,36434,892,3,23,수
2022-03-23,3호선,연신내,33269,31488,64757,1781,3,23,수
2022-03-23,3호선,불광,14434,15445,29879,-1011,3,23,수
2022-03-23,3호선,녹번,14337,12913,27250,1424,3,23,수
2022-03-23,3호선,홍제,16337,15662,31999,675,3,23,수
2022-03-23,3호선,무악재,3535,3631,7166,-96,3,23,수
2022-03-23,3호선,독립문,6120,6453,12573,-333,3,23,수
2022-03-23,3호선,경복궁(정부서울청사),19370,18832,38202,538,3,23,수
2022-03-23,3호선,안국,18028,18850,36878,-822,3,23,수
2022-03-23,3호선,종로3가,9255,10490,19745,-1235,3,23,수
2022-03-23,3호선,을지로3가,9193,9349,18542,-156,3,23,수
2022-03-23,3호선,충무로,1,0,1,1,3,23,수
2022-03-23,3호선,동대입구,8349,9113,17462,-764,3,23,수
2022-03-23,3호선,약수,11780,11469,23249,311,3,23,수
2022-03-23,3호선,금호,6927,6515,13442,412,3,23,수
2022-03-23,3호선,옥수,7689,8097,15786,-408,3,23,수
2022-03-23,3호선,압구정,27722,29363,57085,-1641,3,23,수
2022-03-23,3호선,신사,26685,27619,54304,-934,3,23,수
2022-03-23,3호선,잠원,4245,4194,8439,51,3,23,수
2022-03-23,3호선,고속터미널,31718,30482,62200,1236,3,23,수
2022-03-23,3호선,교대(법원.검찰청),12918,8515,21433,4403,3,23,수
2022-03-23,3호선,남부터미널(예술의전당),25047,25426,50473,-379,3,23,수
2022-03-23,3호선,양재(서초구청),34686,37553,72239,-2867,3,23,수
2022-03-23,3호선,매봉,11130,10805,21935,325,3,23,수
2022-03-23,3호선,도곡,4794,4939,9733,-145,3,23,수
2022-03-23,3호선,대치,9494,9731,19225,-237,3,23,수
2022-03-23,3호선,학여울,1657,1708,3365,-51,3,23,수
2022-03-23,3호선,대청,9328,8607,17935,721,3,23,수
2022-03-23,3호선,일원,9394,9026,18420,368,3,23,수
2022-03-23,3호선,수서,14653,15171,29824,-518,3,23,수
2022-03-23,3호선,가락시장,8053,7897,15950,156,3,23,수
2022-03-23,3호선,경찰병원,6701,6728,13429,-27,3,23,수
2022-03-23,3호선,오금,5615,5162,10777,453,3,23,수
2022-03-23,4호선,당고개,8447,7758,16205,689,3,23,수
2022-03-23,4호선,상계,17617,16413,34030,1204,3,23,수
2022-03-23,4호선,노원,17099,18982,36081,-1883,3,23,수
2022-03-23,4호선,창동,23079,24324,47403,-1245,3,23,수
2022-03-23,4호선,쌍문,26808,24920,51728,1888,3,23,수
2022-03-23,4호선,수유(강북구청),31054,31076,62130,-22,3,23,수
2022-03-23,4호선,미아(서울사이버대학),14190,13898,28088,292,3,23,수
2022-03-23,4호선,미아사거리,24729,24099,48828,630,3,23,수
2022-03-23,4호선,길음,19243,19222,38465,21,3,23,수
2022-03-23,4호선,성신여대입구(돈암),19265,18437,37702,828,3,23,수
2022-03-23,4호선,한성대입구(삼선교),12863,12477,25340,386,3,23,수
2022-03-23,4호선,혜화,30379,30228,60607,151,3,23,수
2022-03-23,4호선,동대문,17430,17868,35298,-438,3,23,수
2022-03-23,4호선,동대문역사문화공원(DDP),13365,12309,25674,1056,3,23,수
2022-03-23,4호선,충무로,26281,26617,52898,-336,3,23,수
2022-03-23,4호선,명동,16953,17247,34200,-294,3,23,수
2022-03-23,4호선,회현(남대문시장),21221,22332,43553,-1111,3,23,수
2022-03-23,4호선,서울역,9709,12998,22707,-3289,3,23,수
2022-03-23,4호선,숙대입구(갈월),13125,12798,25923,327,3,23,수
2022-03-23,4호선,삼각지,4304,4741,9045,-437,3,23,수
2022-03-23,4호선,신용산,13972,14766,28738,-794,3,23,수
2022-03-23,4호선,이촌(국립중앙박물관),6097,6837,12934,-740,3,23,수
2022-03-23,4호선,동작(현충원),1265,1517,2782,-252,3,23,수
2022-03-23,4호선,총신대입구(이수),16969,18300,35269,-1331,3,23,수
2022-03-23,4호선,사당,22132,18673,40805,3459,3,23,수
2022-03-23,4호선,남태령,1054,886,1940,168,3,23,수
2022-03-23,5호선,방화,6012,5770,11782,242,3,23,수
2022-03-23,5호선,개화산,5170,4944,10114,226,3,23,수
2022-03-23,5호선,김포공항,5671,5620,11291,51,3,23,수
2022-03-23,5호선,송정,5901,5620,11521,281,3,23,수
2022-03-23,5호선,마곡,9887,9845,19732,42,3,23,수
2022-03-23,5호선,발산,18733,19164,37897,-431,3,23,수
2022-03-23,5호선,우장산,13509,13359,26868,150,3,23,수
2022-03-23,5호선,화곡,26300,24706,51006,1594,3,23,수
2022-03-23,5호선,까치산,26560,25662,52222,898,3,23,수
2022-03-23,5호선,신정(은행정),12814,10560,23374,2254,3,23,수
2022-03-23,5호선,목동,15278,16667,31945,-1389,3,23,수
2022-03-23,5호선,오목교(목동운동장앞),19137,20555,39692,-1418,3,23,수
2022-03-23,5호선,양평,6950,6857,13807,93,3,23,수
2022-03-23,5호선,영등포구청,3702,3715,7417,-13,3,23,수
2022-03-23,5호선,영등포시장,9041,9360,18401,-319,3,23,수
2022-03-23,5호선,신길,3804,4119,7923,-315,3,23,수
2022-03-23,5호선,여의도,25610,26952,52562,-1342,3,23,수
2022-03-23,5호선,여의나루,8490,9373,17863,-883,3,23,수
2022-03-23,5호선,마포,13252,13561,26813,-309,3,23,수
2022-03-23,5호선,공덕,12675,13326,26001,-651,3,23,수
2022-03-23,5호선,애오개,6322,6390,12712,-68,3,23,수
2022-03-23,5호선,충정로(경기대입구),4432,4574,9006,-142,3,23,수
2022-03-23,5호선,서대문,17665,17832,35497,-167,3,23,수
2022-03-23,5호선,광화문(세종문화회관),25990,26964,52954,-974,3,23,수
2022-03-23,5호선,종로3가,10474,10339,20813,135,3,23,수
2022-03-23,5호선,을지로4가,5558,5502,11060,56,3,23,수
2022-03-23,5호선,동대문역사문화공원(DDP),2627,2991,5618,-364,3,23,수
2022-03-23,5호선,청구,3766,3461,7227,305,3,23,수
2022-03-23,5호선,신금호,5963,6274,12237,-311,3,23,수
2022-03-23,5호선,행당,7383,6662,14045,721,3,23,수
2022-03-23,5호선,왕십리(성동구청),4306,4650,8956,-344,3,23,수
2022-03-23,5호선,마장,5408,5153,10561,255,3,23,수
2022-03-23,5호선,답십리,14671,13627,28298,1044,3,23,수
2022-03-23,5호선,장한평,17139,16948,34087,191,3,23,수
2022-03-23,5호선,군자(능동),10278,11206,21484,-928,3,23,수
2022-03-23,5호선,아차산(어린이대공원후문),13656,13213,26869,443,3,23,수
2022-03-23,5호선,광나루(장신대),12150,11041,23191,1109,3,23,수
2022-03-23,5호선,천호(풍납토성),15897,15956,31853,-59,3,23,수
2022-03-23,5호선,강동,17240,16462,33702,778,3,23,수
2022-03-23,5호선,길동,7301,7741,15042,-440,3,23,수
2022-03-23,5호선,굽은다리(강동구민회관앞),8674,8238,16912,436,3,23,수
2022-03-23,5호선,명일,7966,8421,16387,-455,3,23,수
2022-03-23,5호선,고덕,8751,8679,17430,72,3,23,수
2022-03-23,5호선,상일동,13545,12835,26380,710,3,23,수
2022-03-23,5호선,둔촌동,7815,7923,15738,-108,3,23,수
2022-03-23,5호선,올림픽공원(한국체대),3900,3298,7198,602,3,23,수
2022-03-23,5호선,방이,6514,6760,13274,-246,3,23,수
2022-03-23,5호선,오금,3484,3479,6963,5,3,23,수
2022-03-23,5호선,개롱,5849,6187,12036,-338,3,23,수
2022-03-23,5호선,거여,9401,9010,18411,391,3,23,수
2022-03-23,5호선,마천,6616,6491,13107,125,3,23,수
2022-03-23,5호선,강일,3764,3499,7263,265,3,23,수
2022-03-23,5호선,미사,14574,14586,29160,-12,3,23,수
2022-03-23,5호선,하남풍산,3895,3866,7761,29,3,23,수
2022-03-23,5호선,하남시청(덕풍·신장),5958,5915,11873,43,3,23,수
2022-03-23,5호선,하남검단산,4920,4770,9690,150,3,23,수
2022-03-23,6호선,응암,16074,16151,32225,-77,3,23,수
2022-03-23,6호선,역촌,3415,4049,7464,-634,3,23,수
2022-03-23,6호선,불광,3770,3807,7577,-37,3,23,수
2022-03-23,6호선,독바위,2452,2671,5123,-219,3,23,수
2022-03-23,6호선,구산,7068,5316,12384,1752,3,23,수
2022-03-23,6호선,새절(신사),11608,10984,22592,624,3,23,수
2022-03-23,6호선,증산(명지대앞),9193,9189,18382,4,3,23,수
2022-03-23,6호선,디지털미디어시티,12496,13642,26138,-1146,3,23,수
2022-03-23,6호선,월드컵경기장(성산),3823,3987,7810,-164,3,23,수
2022-03-23,6호선,마포구청,13166,11797,24963,1369,3,23,수
2022-03-23,6호선,망원,12278,13056,25334,-778,3,23,수
2022-03-23,6호선,합정,11293,11152,22445,141,3,23,수
2022-03-23,6호선,상수,7796,8672,16468,-876,3,23,수
2022-03-23,6호선,광흥창(서강),8154,8113,16267,41,3,23,수
2022-03-23,6호선,대흥(서강대앞),7753,8036,15789,-283,3,23,수
2022-03-23,6호선,공덕,16632,16055,32687,577,3,23,수
2022-03-23,6호선,효창공원앞,6591,6248,12839,343,3,23,수
2022-03-23,6호선,삼각지,5774,5224,10998,550,3,23,수
2022-03-23,6호선,녹사평(용산구청),4132,4128,8260,4,3,23,수
2022-03-23,6호선,이태원,8364,8441,16805,-77,3,23,수
2022-03-23,6호선,한강진,6668,7604,14272,-936,3,23,수
2022-03-23,6호선,버티고개,1825,1799,3624,26,3,23,수
2022-03-23,6호선,약수,3263,3157,6420,106,3,23,수
2022-03-23,6호선,청구,3448,3734,7182,-286,3,23,수
2022-03-23,6호선,신당,7245,7828,15073,-583,3,23,수
2022-03-23,6호선,동묘앞,6907,7149,14056,-242,3,23,수
2022-03-23,6호선,창신,3490,2948,6438,542,3,23,수
2022-03-23,6호선,보문,6837,6292,13129,545,3,23,수
2022-03-23,6호선,안암(고대병원앞),13383,13345,26728,38,3,23,수
2022-03-23,6호선,고려대(종암),7815,7730,15545,85,3,23,수
2022-03-23,6호선,월곡(동덕여대),11886,11726,23612,160,3,23,수
2022-03-23,6호선,상월곡(한국과학기술연구원),6092,5751,11843,341,3,23,수
2022-03-23,6호선,돌곶이,8757,8284,17041,473,3,23,수
2022-03-23,6호선,석계,11625,12222,23847,-597,3,23,수
2022-03-23,6호선,태릉입구,5076,5554,10630,-478,3,23,수
2022-03-23,6호선,화랑대(서울여대입구),11353,8888,20241,2465,3,23,수
2022-03-23,6호선,봉화산(서울의료원),8147,7753,15900,394,3,23,수
2022-03-23,7호선,장암,2012,776,2788,1236,3,23,수
2022-03-23,7호선,수락산,11577,11334,22911,243,3,23,수
2022-03-23,7호선,마들,11747,11367,23114,380,3,23,수
2022-03-23,7호선,노원,17338,17966,35304,-628,3,23,수
2022-03-23,7호선,중계,13466,12492,25958,974,3,23,수
2022-03-23,7호선,하계,16849,15918,32767,931,3,23,수
2022-03-23,7호선,공릉(서울과학기술대),11806,11712,23518,94,3,23,수
2022-03-23,7호선,태릉입구,8055,7708,15763,347,3,23,수
2022-03-23,7호선,먹골,9339,9154,18493,185,3,23,수
2022-03-23,7호선,중화,10068,9930,19998,138,3,23,수
2022-03-23,7호선,상봉(시외버스터미널),15185,14229,29414,956,3,23,수
2022-03-23,7호선,면목,15151,15060,30211,91,3,23,수
2022-03-23,7호선,사가정,14786,14888,29674,-102,3,23,수
2022-03-23,7호선,용마산(용마폭포공원),5655,5330,10985,325,3,23,수
2022-03-23,7호선,중곡,10156,9682,19838,474,3,23,수
2022-03-23,7호선,군자(능동),13733,11049,24782,2684,3,23,수
2022-03-23,7호선,어린이대공원(세종대),13683,13880,27563,-197,3,23,수
2022-03-23,7호선,건대입구,11576,11954,23530,-378,3,23,수
2022-03-23,7호선,뚝섬유원지,7076,6934,14010,142,3,23,수
2022-03-23,7호선,청담,17716,19934,37650,-2218,3,23,수
2022-03-23,7호선,강남구청,15030,16624,31654,-1594,3,23,수
2022-03-23,7호선,학동,22793,24108,46901,-1315,3,23,수
2022-03-23,7호선,논현,18395,19834,38229,-1439,3,23,수
2022-03-23,7호선,반포,5254,5049,10303,205,3,23,수
2022-03-23,7호선,고속터미널,12879,11254,24133,1625,3,23,수
2022-03-23,7호선,내방,13518,13794,27312,-276,3,23,수
2022-03-23,7호선,이수,14233,13790,28023,443,3,23,수
2022-03-23,7호선,남성,10138,9494,19632,644,3,23,수
2022-03-23,7호선,숭실대입구(살피재),13195,13587,26782,-392,3,23,수
2022-03-23,7호선,상도,10542,10386,20928,156,3,23,수
2022-03-23,7호선,장승배기,8285,8029,16314,256,3,23,수
2022-03-23,7호선,신대방삼거리,15473,15063,30536,410,3,23,수
2022-03-23,7호선,보라매,9150,8965,18115,185,3,23,수
2022-03-23,7호선,신풍,10633,10228,20861,405,3,23,수
2022-03-23,7호선,대림(구로구청),6806,6875,13681,-69,3,23,수
2022-03-23,7호선,남구로,14675,15529,30204,-854,3,23,수
2022-03-23,7호선,가산디지털단지,41980,42031,84011,-51,3,23,수
2022-03-23,7호선,철산,18814,19265,38079,-451,3,23,수
2022-03-23,7호선,광명사거리,20183,19838,40021,345,3,23,수
2022-03-23,7호선,천왕,10599,10113,20712,486,3,23,수
2022-03-23,7호선,온수(성공회대입구),9697,9146,18843,551,3,23,수
2022-03-23,8호선,암사,17283,15396,32679,1887,3,23,수
2022-03-23,8호선,천호(풍납토성),13056,14850,27906,-1794,3,23,수
2022-03-23,8호선,강동구청,9679,9942,19621,-263,3,23,수
2022-03-23,8호선,몽촌토성(평화의문),5343,5571,10914,-228,3,23,수
2022-03-23,8호선,잠실(송파구청),11628,13434,25062,-1806,3,23,수
2022-03-23,8호선,석촌,7142,7990,15132,-848,3,23,수
2022-03-23,8호선,송파,6953,6972,13925,-19,3,23,수
2022-03-23,8호선,가락시장,7039,7766,14805,-727,3,23,수
2022-03-23,8호선,문정,20773,21755,42528,-982,3,23,수
2022-03-23,8호선,장지,15795,15467,31262,328,3,23,수
2022-03-23,8호선,복정,9304,7849,17153,1455,3,23,수
2022-03-23,8호선,산성,4982,4921,9903,61,3,23,수
2022-03-23,8호선,남한산성입구(성남법원.검찰청),14231,13234,27465,997,3,23,수
2022-03-23,8호선,단대오거리,10450,10009,20459,441,3,23,수
2022-03-23,8호선,신흥,3703,3964,7667,-261,3,23,수
2022-03-23,8호선,수진,4958,4455,9413,503,3,23,수
2022-03-23,8호선,모란,3930,3197,7127,733,3,23,수
2022-03-23,8호선,남위례,4307,4423,8730,-116,3,23,수
2022-03-23,9호선,개화,2199,1642,3841,557,3,23,수
2022-03-23,9호선,김포공항,5434,8842,14276,-3408,3,23,수
2022-03-23,9호선,공항시장,2788,3072,5860,-284,3,23,수
2022-03-23,9호선,신방화,6282,6122,12404,160,3,23,수
2022-03-23,9호선,마곡나루(서울식물원),11152,10858,22010,294,3,23,수
2022-03-23,9호선,양천향교,9362,9604,18966,-242,3,23,수
2022-03-23,9호선,가양,18759,18286,37045,473,3,23,수
2022-03-23,9호선,증미,6740,6680,13420,60,3,23,수
2022-03-23,9호선,등촌,10306,9948,20254,358,3,23,수
2022-03-23,9호선,염창,15687,15321,31008,366,3,23,수
2022-03-23,9호선,신목동,3697,3284,6981,413,3,23,수
2022-03-23,9호선,선유도,7909,7526,15435,383,3,23,수
2022-03-23,9호선,당산,16707,16514,33221,193,3,23,수
2022-03-23,9호선,국회의사당,14761,15063,29824,-302,3,23,수
2022-03-23,9호선,여의도,24438,23522,47960,916,3,23,수
2022-03-23,9호선,샛강,5416,5548,10964,-132,3,23,수
2022-03-23,9호선,노량진,23365,22536,45901,829,3,23,수
2022-03-23,9호선,노들,3917,3392,7309,525,3,23,수
2022-03-23,9호선,흑석(중앙대입구),8537,8545,17082,-8,3,23,수
2022-03-23,9호선,동작(현충원),1747,1440,3187,307,3,23,수
2022-03-23,9호선,구반포,1655,1675,3330,-20,3,23,수
2022-03-23,9호선,신반포,3062,2967,6029,95,3,23,수
2022-03-23,9호선,고속터미널,10044,12189,22233,-2145,3,23,수
2022-03-23,9호선,사평,3164,3056,6220,108,3,23,수
2022-03-23,9호선,신논현,27000,26525,53525,475,3,23,수
2022-03-23,9호선2~3단계,언주,9446,9788,19234,-342,3,23,수
2022-03-23,9호선2~3단계,선정릉,8813,9660,18473,-847,3,23,수
2022-03-23,9호선2~3단계,삼성중앙,6125,6426,12551,-301,3,23,수
2022-03-23,9호선2~3단계,봉은사,13894,14064,27958,-170,3,23,수
2022-03-23,9호선2~3단계,종합운동장,3661,3730,7391,-69,3,23,수
2022-03-23,9호선2~3단계,삼전,6331,6134,12465,197,3,23,수
2022-03-23,9호선2~3단계,석촌고분,5559,5560,11119,-1,3,23,수
2022-03-23,9호선2~3단계,석촌,7581,6803,14384,778,3,23,수
2022-03-23,9호선2~3단계,송파나루,4630,4839,9469,-209,3,23,수
2022-03-23,9호선2~3단계,한성백제,2365,2149,4514,216,3,23,수
2022-03-23,9호선2~3단계,올림픽공원(한국체대),5062,5169,10231,-107,3,23,수
2022-03-23,9호선2~3단계,둔촌오륜,1116,1042,2158,74,3,23,수
2022-03-23,9호선2~3단계,중앙보훈병원,9846,8640,18486,1206,3,23,수
2022-03-23,경강선,판교,4229,4116,8345,113,3,23,수
2022-03-23,경강선,이매,999,894,1893,105,3,23,수
2022-03-23,경강선,삼동,2187,1991,4178,196,3,23,수
2022-03-23,경강선,경기광주,7066,6824,13890,242,3,23,수
2022-03-23,경강선,초월,2896,2738,5634,158,3,23,수
2022-03-23,경강선,곤지암,1999,1977,3976,22,3,23,수
2022-03-23,경강선,신둔도예촌,1453,1346,2799,107,3,23,수
2022-03-23,경강선,이천,2272,2318,4590,-46,3,23,수
2022-03-23,경강선,부발,1942,1873,3815,69,3,23,수
2022-03-23,경강선,세종대왕릉,251,240,491,11,3,23,수
2022-03-23,경강선,여주,2128,2175,4303,-47,3,23,수
2022-03-23,경부선,서울역,4292,1517,5809,2775,3,23,수
2022-03-23,경부선,남영,8520,9140,17660,-620,3,23,수
2022-03-23,경부선,용산,25960,26052,52012,-92,3,23,수
2022-03-23,경부선,노량진,6992,7345,14337,-353,3,23,수
2022-03-23,경부선,대방,12287,12565,24852,-278,3,23,수
2022-03-23,경부선,영등포,31473,32175,63648,-702,3,23,수
2022-03-23,경부선,신도림,3809,3785,7594,24,3,23,수
2022-03-23,경부선,신길,8334,7190,15524,1144,3,23,수
2022-03-23,경부선,구로,17014,17563,34577,-549,3,23,수
2022-03-23,경부선,가산디지털단지,17048,19486,36534,-2438,3,23,수
2022-03-23,경부선,금천구청,10982,10920,21902,62,3,23,수
2022-03-23,경부선,석수,8998,8013,17011,985,3,23,수
2022-03-23,경부선,관악,6712,6190,12902,522,3,23,수
2022-03-23,경부선,안양,22615,22373,44988,242,3,23,수
2022-03-23,경부선,명학,10229,10146,20375,83,3,23,수
2022-03-23,경부선,금정,24898,25182,50080,-284,3,23,수
2022-03-23,경부선,군포,7397,7413,14810,-16,3,23,수
2022-03-23,경부선,의왕,8672,8752,17424,-80,3,23,수
2022-03-23,경부선,성균관대,14219,14233,28452,-14,3,23,수
2022-03-23,경부선,화서,7570,7265,14835,305,3,23,수
2022-03-23,경부선,수원,30560,32495,63055,-1935,3,23,수
2022-03-23,경부선,독산,17371,18197,35568,-826,3,23,수
2022-03-23,경부선,세류,2694,2497,5191,197,3,23,수
2022-03-23,경부선,병점,14122,14169,28291,-47,3,23,수
2022-03-23,경부선,세마,2636,2532,5168,104,3,23,수
2022-03-23,경부선,오산대,3831,3462,7293,369,3,23,수
2022-03-23,경부선,오산,9433,9389,18822,44,3,23,수
2022-03-23,경부선,진위,1592,1388,2980,204,3,23,수
2022-03-23,경부선,송탄,3957,3773,7730,184,3,23,수
2022-03-23,경부선,서정리,6595,6281,12876,314,3,23,수
2022-03-23,경부선,평택지제,3172,3016,6188,156,3,23,수
2022-03-23,경부선,평택,11171,11444,22615,-273,3,23,수
2022-03-23,경부선,성환,5090,4943,10033,147,3,23,수
2022-03-23,경부선,직산,710,692,1402,18,3,23,수
2022-03-23,경부선,두정,6938,7549,14487,-611,3,23,수
2022-03-23,경부선,천안,5985,5588,11573,397,3,23,수
2022-03-23,경부선,당정,6131,5863,11994,268,3,23,수
2022-03-23,경부선,서동탄,1287,1109,2396,178,3,23,수
2022-03-23,경부선,광명,2768,2394,5162,374,3,23,수
2022-03-23,경원선,이촌(국립중앙박물관),3222,2487,5709,735,3,23,수
2022-03-23,경원선,서빙고,1660,1598,3258,62,3,23,수
2022-03-23,경원선,한남,3671,3505,7176,166,3,23,수
2022-03-23,경원선,옥수,37,25,62,12,3,23,수
2022-03-23,경원선,응봉,1673,1466,3139,207,3,23,수
2022-03-23,경원선,왕십리(성동구청),12907,13930,26837,-1023,3,23,수
2022-03-23,경원선,청량리(서울시립대입구),12113,12671,24784,-558,3,23,수
2022-03-23,경원선,외대앞,7779,7776,15555,3,3,23,수
2022-03-23,경원선,신이문,7729,7229,14958,500,3,23,수
2022-03-23,경원선,석계,7403,8215,15618,-812,3,23,수
2022-03-23,경원선,광운대,8479,8322,16801,157,3,23,수
2022-03-23,경원선,월계,7273,6830,14103,443,3,23,수
2022-03-23,경원선,녹천,4346,3662,8008,684,3,23,수
2022-03-23,경원선,방학,8916,8898,17814,18,3,23,수
2022-03-23,경원선,도봉,5672,5391,11063,281,3,23,수
2022-03-23,경원선,도봉산,6829,4474,11303,2355,3,23,수
2022-03-23,경원선,망월사,7023,7185,14208,-162,3,23,수
2022-03-23,경원선,회룡,11580,11598,23178,-18,3,23,수
2022-03-23,경원선,의정부,16609,17023,33632,-414,3,23,수
2022-03-23,경원선,가능,6402,6193,12595,209,3,23,수
2022-03-23,경원선,녹양,4376,4086,8462,290,3,23,수
2022-03-23,경원선,양주,7247,6835,14082,412,3,23,수
2022-03-23,경원선,덕계,2929,2720,5649,209,3,23,수
2022-03-23,경원선,덕정,5870,5689,11559,181,3,23,수
2022-03-23,경원선,지행,5920,6012,11932,-92,3,23,수
2022-03-23,경원선,동두천중앙,2866,2764,5630,102,3,23,수
2022-03-23,경원선,보산,1364,1219,2583,145,3,23,수
2022-03-23,경원선,동두천,2494,2716,5210,-222,3,23,수
2022-03-23,경원선,소요산,2108,1738,3846,370,3,23,수
2022-03-23,경의선,서울역,3971,4897,8868,-926,3,23,수
2022-03-23,경의선,신촌,822,1040,1862,-218,3,23,수
2022-03-23,경의선,효창공원앞,2862,3083,5945,-221,3,23,수
2022-03-23,경의선,공덕,3088,2727,5815,361,3,23,수
2022-03-23,경의선,서강대,1946,1929,3875,17,3,23,수
2022-03-23,경의선,홍대입구,1455,1667,3122,-212,3,23,수
2022-03-23,경의선,가좌,4939,4770,9709,169,3,23,수
2022-03-23,경의선,디지털미디어시티,2263,2076,4339,187,3,23,수
2022-03-23,경의선,수색,2604,2790,5394,-186,3,23,수
2022-03-23,경의선,화전,3594,3352,6946,242,3,23,수
2022-03-23,경의선,강매,3064,2649,5713,415,3,23,수
2022-03-23,경의선,행신,7100,7409,14509,-309,3,23,수
2022-03-23,경의선,능곡,3541,3317,6858,224,3,23,수
2022-03-23,경의선,곡산,589,629,1218,-40,3,23,수
2022-03-23,경의선,백마,6635,6439,13074,196,3,23,수
2022-03-23,경의선,풍산,5065,4724,9789,341,3,23,수
2022-03-23,경의선,일산,9574,9648,19222,-74,3,23,수
2022-03-23,경의선,탄현,7303,6899,14202,404,3,23,수
2022-03-23,경의선,야당,6903,6894,13797,9,3,23,수
2022-03-23,경의선,운정,6564,6227,12791,337,3,23,수
2022-03-23,경의선,금릉,4407,4378,8785,29,3,23,수
2022-03-23,경의선,금촌,5613,5722,11335,-109,3,23,수
2022-03-23,경의선,월롱,2941,2680,5621,261,3,23,수
2022-03-23,경의선,파주,1490,1123,2613,367,3,23,수
2022-03-23,경의선,문산,4490,4476,8966,14,3,23,수
2022-03-23,경의선,임진강,8,26,34,-18,3,23,수
2022-03-23,경인선,개봉,19796,19532,39328,264,3,23,수
2022-03-23,경인선,오류동,10954,10232,21186,722,3,23,수
2022-03-23,경인선,역곡,25909,25541,51450,368,3,23,수
2022-03-23,경인선,부천,29247,29035,58282,212,3,23,수
2022-03-23,경인선,송내,24759,24752,49511,7,3,23,수
2022-03-23,경인선,부평,25636,27230,52866,-1594,3,23,수
2022-03-23,경인선,백운,6317,6321,12638,-4,3,23,수
2022-03-23,경인선,동암,13215,13463,26678,-248,3,23,수
2022-03-23,경인선,주안,17785,16307,34092,1478,3,23,수
2022-03-23,경인선,제물포,10048,9653,19701,395,3,23,수
2022-03-23,경인선,동인천,12897,12316,25213,581,3,23,수
2022-03-23,경인선,인천,2925,2175,5100,750,3,23,수
2022-03-23,경인선,구일,5692,5583,11275,109,3,23,수
2022-03-23,경인선,소사,8380,8028,16408,352,3,23,수
2022-03-23,경인선,부개,7959,7422,15381,537,3,23,수
2022-03-23,경인선,간석,5525,5253,10778,272,3,23,수
2022-03-23,경인선,도원,2997,2926,5923,71,3,23,수
2022-03-23,경인선,온수(성공회대입구),6339,6013,12352,326,3,23,수
2022-03-23,경인선,중동,8799,8325,17124,474,3,23,수
2022-03-23,경인선,도화,3869,3615,7484,254,3,23,수
2022-03-23,경춘선,신내,2119,2015,4134,104,3,23,수
2022-03-23,경춘선,갈매,2784,2448,5232,336,3,23,수
2022-03-23,경춘선,별내,2950,2828,5778,122,3,23,수
2022-03-23,경춘선,퇴계원,3242,3025,6267,217,3,23,수
2022-03-23,경춘선,사릉,2452,2419,4871,33,3,23,수
2022-03-23,경춘선,금곡,1451,1349,2800,102,3,23,수
2022-03-23,경춘선,평내호평,5765,5657,11422,108,3,23,수
2022-03-23,경춘선,천마산,1610,1453,3063,157,3,23,수
2022-03-23,경춘선,마석,3884,3955,7839,-71,3,23,수
2022-03-23,경춘선,대성리,369,303,672,66,3,23,수
2022-03-23,경춘선,청평,1322,1305,2627,17,3,23,수
2022-03-23,경춘선,상천,232,218,450,14,3,23,수
2022-03-23,경춘선,가평,1224,1191,2415,33,3,23,수
2022-03-23,경춘선,굴봉산,104,107,211,-3,3,23,수
2022-03-23,경춘선,백양리,79,67,146,12,3,23,수
2022-03-23,경춘선,강촌,393,387,780,6,3,23,수
2022-03-23,경춘선,김유정,219,236,455,-17,3,23,수
2022-03-23,경춘선,남춘천,1965,1946,3911,19,3,23,수
2022-03-23,경춘선,춘천,1193,1075,2268,118,3,23,수
2022-03-23,공항철도 1호선,서울역,6047,5492,11539,555,3,23,수
2022-03-23,공항철도 1호선,공덕,1952,2553,4505,-601,3,23,수
2022-03-23,공항철도 1호선,홍대입구,7980,8036,16016,-56,3,23,수
2022-03-23,공항철도 1호선,디지털미디어시티,12702,11561,24263,1141,3,23,수
2022-03-23,공항철도 1호선,마곡나루(서울식물원),8097,7891,15988,206,3,23,수
2022-03-23,공항철도 1호선,김포공항,9433,5679,15112,3754,3,23,수
2022-03-23,공항철도 1호선,계양,9486,8983,18469,503,3,23,수
2022-03-23,공항철도 1호선,검암,5870,5729,11599,141,3,23,수
2022-03-23,공항철도 1호선,청라국제도시,6288,5944,12232,344,3,23,수
2022-03-23,공항철도 1호선,운서,6029,6027,12056,2,3,23,수
2022-03-23,공항철도 1호선,공항화물청사,2176,2370,4546,-194,3,23,수
2022-03-23,공항철도 1호선,인천공항1터미널,3489,3695,7184,-206,3,23,수
2022-03-23,공항철도 1호선,인천공항2터미널,2141,1995,4136,146,3,23,수
2022-03-23,공항철도 1호선,영종,2662,2712,5374,-50,3,23,수
2022-03-23,과천선,선바위,7440,6538,13978,902,3,23,수
2022-03-23,과천선,경마공원,1403,1351,2754,52,3,23,수
2022-03-23,과천선,대공원,1994,2181,4175,-187,3,23,수
2022-03-23,과천선,과천,5703,5306,11009,397,3,23,수
2022-03-23,과천선,정부과천청사,9452,9256,18708,196,3,23,수
2022-03-23,과천선,인덕원,22184,23103,45287,-919,3,23,수
2022-03-23,과천선,평촌,16453,15993,32446,460,3,23,수
2022-03-23,과천선,범계,23538,23556,47094,-18,3,23,수
2022-03-23,분당선,선릉,12098,18185,30283,-6087,3,23,수
2022-03-23,분당선,한티,12927,13917,26844,-990,3,23,수
2022-03-23,분당선,도곡,6334,6242,12576,92,3,23,수
2022-03-23,분당선,구룡,2229,2167,4396,62,3,23,수
2022-03-23,분당선,개포동,3562,3690,7252,-128,3,23,수
2022-03-23,분당선,대모산입구,4165,3974,8139,191,3,23,수
2022-03-23,분당선,수서,11567,11831,23398,-264,3,23,수
2022-03-23,분당선,복정,1,0,1,1,3,23,수
2022-03-23,분당선,수원,7496,6102,13598,1394,3,23,수
2022-03-23,분당선,서울숲,9203,9371,18574,-168,3,23,수
2022-03-23,분당선,압구정로데오,16798,18151,34949,-1353,3,23,수
2022-03-23,분당선,강남구청,9234,10614,19848,-1380,3,23,수
2022-03-23,분당선,선정릉,7357,7964,15321,-607,3,23,수
2022-03-23,분당선,가천대,9302,10284,19586,-982,3,23,수
2022-03-23,분당선,태평,12441,12133,24574,308,3,23,수
2022-03-23,분당선,모란,18244,18572,36816,-328,3,23,수
2022-03-23,분당선,야탑,23892,22837,46729,1055,3,23,수
2022-03-23,분당선,서현,21273,21516,42789,-243,3,23,수
2022-03-23,분당선,수내,11946,11944,23890,2,3,23,수
2022-03-23,분당선,정자,15349,16288,31637,-939,3,23,수
2022-03-23,분당선,미금,14309,15046,29355,-737,3,23,수
2022-03-23,분당선,오리,10679,8879,19558,1800,3,23,수
2022-03-23,분당선,이매,5245,4991,10236,254,3,23,수
2022-03-23,분당선,보정,2319,2046,4365,273,3,23,수
2022-03-23,분당선,죽전,12962,14301,27263,-1339,3,23,수
2022-03-23,분당선,구성,4566,4780,9346,-214,3,23,수
2022-03-23,분당선,신갈,4065,4148,8213,-83,3,23,수
2022-03-23,분당선,기흥,9165,8479,17644,686,3,23,수
2022-03-23,분당선,상갈,4893,4733,9626,160,3,23,수
2022-03-23,분당선,청명,3985,3979,7964,6,3,23,수
2022-03-23,분당선,영통,7578,7690,15268,-112,3,23,수
2022-03-23,분당선,망포,13151,12665,25816,486,3,23,수
2022-03-23,분당선,매탄권선,4661,4574,9235,87,3,23,수
2022-03-23,분당선,수원시청,11645,12284,23929,-639,3,23,수
2022-03-23,분당선,매교,3047,3023,6070,24,3,23,수
2022-03-23,수인선,고색,4914,4718,9632,196,3,23,수
2022-03-23,수인선,오목천,3161,3018,6179,143,3,23,수
2022-03-23,수인선,어천,668,668,1336,0,3,23,수
2022-03-23,수인선,호구포,3791,3989,7780,-198,3,23,수
2022-03-23,수인선,남동인더스파크,2288,2507,4795,-219,3,23,수
2022-03-23,수인선,원인재,3977,4270,8247,-293,3,23,수
2022-03-23,수인선,연수,4414,4311,8725,103,3,23,수
2022-03-23,수인선,송도,2302,2194,4496,108,3,23,수
2022-03-23,수인선,인하대,6536,6220,12756,316,3,23,수
2022-03-23,수인선,숭의,3813,3543,7356,270,3,23,수
2022-03-23,수인선,신포,1712,1699,3411,13,3,23,수
2022-03-23,수인선,인천,891,1461,2352,-570,3,23,수
2022-03-23,안산선,산본,14343,15387,29730,-1044,3,23,수
2022-03-23,안산선,대야미,4661,4282,8943,379,3,23,수
2022-03-23,안산선,반월,3998,3937,7935,61,3,23,수
2022-03-23,안산선,상록수,15120,15358,30478,-238,3,23,수
2022-03-23,안산선,한대앞,9772,9821,19593,-49,3,23,수
2022-03-23,안산선,중앙,16634,17242,33876,-608,3,23,수
2022-03-23,안산선,고잔,8313,7877,16190,436,3,23,수
2022-03-23,안산선,초지,4840,5230,10070,-390,3,23,수
2022-03-23,안산선,안산,10728,9592,20320,1136,3,23,수
2022-03-23,안산선,신길온천,1621,1495,3116,126,3,23,수
2022-03-23,안산선,정왕,9567,9756,19323,-189,3,23,수
2022-03-23,안산선,오이도,7800,7706,15506,94,3,23,수
2022-03-23,안산선,수리산,4024,3283,7307,741,3,23,수
2022-03-23,우이신설선,북한산우이,2387,2136,4523,251,3,23,수
2022-03-23,우이신설선,솔밭공원,2272,2140,4412,132,3,23,수
2022-03-23,우이신설선,4.19민주묘지,3435,3368,6803,67,3,23,수
2022-03-23,우이신설선,가오리,3795,3839,7634,-44,3,23,수
2022-03-23,우이신설선,화계,3141,2952,6093,189,3,23,수
2022-03-23,우이신설선,삼양,1845,1893,3738,-48,3,23,수
2022-03-23,우이신설선,삼양사거리,2201,2229,4430,-28,3,23,수
2022-03-23,우이신설선,솔샘,5410,5122,10532,288,3,23,수
2022-03-23,우이신설선,북한산보국문,5549,5372,10921,177,3,23,수
2022-03-23,우이신설선,정릉,4303,4004,8307,299,3,23,수
2022-03-23,우이신설선,성신여대입구(돈암),3110,3429,6539,-319,3,23,수
2022-03-23,우이신설선,보문,1377,1425,2802,-48,3,23,수
2022-03-23,우이신설선,신설동,2060,1992,4052,68,3,23,수
2022-03-23,일산선,원흥,9744,9375,19119,369,3,23,수
2022-03-23,일산선,삼송,17672,17329,35001,343,3,23,수
2022-03-23,일산선,원당,10444,9998,20442,446,3,23,수
2022-03-23,일산선,화정,15322,15760,31082,-438,3,23,수
2022-03-23,일산선,대곡,1971,1573,3544,398,3,23,수
2022-03-23,일산선,백석,8658,8663,17321,-5,3,23,수
2022-03-23,일산선,마두,6853,7005,13858,-152,3,23,수
2022-03-23,일산선,정발산,6317,6319,12636,-2,3,23,수
2022-03-23,일산선,주엽,8139,8151,16290,-12,3,23,수
2022-03-23,일산선,대화,11728,9437,21165,2291,3,23,수
2022-03-23,장항선,봉명,1151,1135,2286,16,3,23,수
2022-03-23,장항선,쌍용(나사렛대),2668,2550,5218,118,3,23,수
2022-03-23,장항선,아산,3425,2962,6387,463,3,23,수
2022-03-23,장항선,탕정,691,632,1323,59,3,23,수
2022-03-23,장항선,배방,1072,1052,2124,20,3,23,수
2022-03-23,장항선,온양온천,3301,3383,6684,-82,3,23,수
2022-03-23,장항선,신창(순천향대),2794,2672,5466,122,3,23,수
2022-03-23,중앙선,회기,22632,22411,45043,221,3,23,수
2022-03-23,중앙선,중랑,5137,4960,10097,177,3,23,수
2022-03-23,중앙선,상봉(시외버스터미널),5090,5130,10220,-40,3,23,수
2022-03-23,중앙선,망우,7071,6882,13953,189,3,23,수
2022-03-23,중앙선,양원,2678,2604,5282,74,3,23,수
2022-03-23,중앙선,구리,12168,12290,24458,-122,3,23,수
2022-03-23,중앙선,도농,9586,8735,18321,851,3,23,수
2022-03-23,중앙선,양정,713,604,1317,109,3,23,수
2022-03-23,중앙선,덕소,4965,5155,10120,-190,3,23,수
2022-03-23,중앙선,팔당,754,738,1492,16,3,23,수
2022-03-23,중앙선,운길산,655,609,1264,46,3,23,수
2022-03-23,중앙선,양수,1598,1690,3288,-92,3,23,수
2022-03-23,중앙선,신원,199,172,371,27,3,23,수
2022-03-23,중앙선,국수,653,648,1301,5,3,23,수
2022-03-23,중앙선,아신,448,426,874,22,3,23,수
2022-03-23,중앙선,오빈,281,278,559,3,3,23,수
2022-03-23,중앙선,양평,3279,3284,6563,-5,3,23,수
2022-03-23,중앙선,원덕,350,329,679,21,3,23,수
2022-03-23,중앙선,용문,1450,1430,2880,20,3,23,수
2022-03-23,중앙선,지평,63,69,132,-6,3,23,수
2022-03-24,경부선,병점,14065,14277,28342,-212,3,24,목
2022-03-24,경부선,세류,2762,2500,5262,262,3,24,목
2022-03-24,경부선,독산,17561,18012,35573,-451,3,24,목
2022-03-24,경부선,수원,31811,33927,65738,-2116,3,24,목
2022-03-24,경부선,화서,7697,7276,14973,421,3,24,목
2022-03-24,경부선,성균관대,14518,14278,28796,240,3,24,목
2022-03-24,경부선,의왕,8716,8559,17275,157,3,24,목
2022-03-24,경부선,군포,7317,7367,14684,-50,3,24,목
2022-03-24,경부선,금정,24765,25085,49850,-320,3,24,목
2022-03-24,경부선,명학,9948,9771,19719,177,3,24,목
2022-03-24,경부선,안양,22564,22096,44660,468,3,24,목
2022-03-24,경부선,관악,6620,6144,12764,476,3,24,목
2022-03-24,경부선,석수,9159,8038,17197,1121,3,24,목
2022-03-24,경부선,금천구청,10802,11019,21821,-217,3,24,목
2022-03-24,경부선,가산디지털단지,17288,19690,36978,-2402,3,24,목
2022-03-24,경부선,구로,16630,17306,33936,-676,3,24,목
2022-03-24,경부선,신길,8462,7125,15587,1337,3,24,목
2022-03-24,경부선,신도림,3774,3843,7617,-69,3,24,목
2022-03-24,경부선,영등포,32360,32721,65081,-361,3,24,목
2022-03-24,경부선,대방,12020,12366,24386,-346,3,24,목
2022-03-24,경부선,노량진,7091,7291,14382,-200,3,24,목
2022-03-24,경부선,용산,27848,27376,55224,472,3,24,목
2022-03-24,경부선,남영,8650,9216,17866,-566,3,24,목
2022-03-24,경부선,서울역,4870,1644,6514,3226,3,24,목
2022-03-24,경강선,여주,2280,2098,4378,182,3,24,목
2022-03-24,경강선,세종대왕릉,270,248,518,22,3,24,목
2022-03-24,경강선,부발,1910,1830,3740,80,3,24,목
2022-03-24,경강선,이천,2285,2478,4763,-193,3,24,목
2022-03-24,경강선,신둔도예촌,1515,1371,2886,144,3,24,목
2022-03-24,경강선,곤지암,1983,2012,3995,-29,3,24,목
2022-03-24,경강선,초월,3009,2839,5848,170,3,24,목
2022-03-24,경강선,경기광주,7210,6757,13967,453,3,24,목
2022-03-24,경강선,삼동,2155,2013,4168,142,3,24,목
2022-03-24,경강선,이매,1020,860,1880,160,3,24,목
2022-03-24,경강선,판교,4275,4218,8493,57,3,24,목
2022-03-24,9호선2~3단계,중앙보훈병원,9817,8695,18512,1122,3,24,목
2022-03-24,9호선2~3단계,둔촌오륜,1128,1063,2191,65,3,24,목
2022-03-24,9호선2~3단계,올림픽공원(한국체대),5255,5191,10446,64,3,24,목
2022-03-24,9호선2~3단계,한성백제,2282,2060,4342,222,3,24,목
2022-03-24,9호선2~3단계,송파나루,4632,4854,9486,-222,3,24,목
2022-03-24,9호선2~3단계,석촌,7767,6831,14598,936,3,24,목
2022-03-24,9호선2~3단계,석촌고분,5570,5445,11015,125,3,24,목
2022-03-24,9호선2~3단계,삼전,6436,6099,12535,337,3,24,목
2022-03-24,9호선2~3단계,종합운동장,3776,3823,7599,-47,3,24,목
2022-03-24,9호선2~3단계,봉은사,14939,14924,29863,15,3,24,목
2022-03-24,9호선2~3단계,삼성중앙,6043,6364,12407,-321,3,24,목
2022-03-24,9호선2~3단계,선정릉,8960,9602,18562,-642,3,24,목
2022-03-24,9호선2~3단계,언주,9951,9894,19845,57,3,24,목
2022-03-24,9호선,신논현,28956,27588,56544,1368,3,24,목
2022-03-24,9호선,사평,3095,3091,6186,4,3,24,목
2022-03-24,9호선,고속터미널,10532,12635,23167,-2103,3,24,목
2022-03-24,9호선,신반포,3107,2979,6086,128,3,24,목
2022-03-24,9호선,구반포,1146,1202,2348,-56,3,24,목
2022-03-24,9호선,동작(현충원),1845,1537,3382,308,3,24,목
2022-03-24,9호선,흑석(중앙대입구),8193,8413,16606,-220,3,24,목
2022-03-24,9호선,노들,4120,3519,7639,601,3,24,목
2022-03-24,9호선,노량진,23733,22593,46326,1140,3,24,목
2022-03-24,9호선,샛강,5145,5435,10580,-290,3,24,목
2022-03-24,9호선,여의도,23970,23427,47397,543,3,24,목
2022-03-24,9호선,국회의사당,14710,15102,29812,-392,3,24,목
2022-03-24,9호선,당산,16968,17045,34013,-77,3,24,목
2022-03-24,9호선,선유도,7890,7481,15371,409,3,24,목
2022-03-24,9호선,신목동,3849,3337,7186,512,3,24,목
2022-03-24,9호선,염창,15756,15288,31044,468,3,24,목
2022-03-24,9호선,등촌,10234,9859,20093,375,3,24,목
2022-03-24,9호선,증미,6729,6531,13260,198,3,24,목
2022-03-24,9호선,가양,18840,18186,37026,654,3,24,목
2022-03-24,9호선,양천향교,9232,9435,18667,-203,3,24,목
2022-03-24,9호선,마곡나루(서울식물원),11196,10937,22133,259,3,24,목
2022-03-24,9호선,신방화,6362,6160,12522,202,3,24,목
2022-03-24,9호선,공항시장,2807,3008,5815,-201,3,24,목
2022-03-24,9호선,김포공항,5764,9435,15199,-3671,3,24,목
2022-03-24,9호선,개화,2126,1567,3693,559,3,24,목
2022-03-24,8호선,남위례,4372,4530,8902,-158,3,24,목
2022-03-24,8호선,모란,5717,4488,10205,1229,3,24,목
2022-03-24,8호선,수진,5116,4667,9783,449,3,24,목
2022-03-24,8호선,신흥,3781,4006,7787,-225,3,24,목
2022-03-24,8호선,단대오거리,10683,9987,20670,696,3,24,목
2022-03-24,8호선,남한산성입구(성남법원.검찰청),14394,13542,27936,852,3,24,목
2022-03-24,8호선,산성,5090,5077,10167,13,3,24,목
2022-03-24,8호선,복정,9386,8039,17425,1347,3,24,목
2022-03-24,8호선,장지,15874,15125,30999,749,3,24,목
2022-03-24,8호선,문정,20629,21581,42210,-952,3,24,목
2022-03-24,8호선,가락시장,7037,7803,14840,-766,3,24,목
2022-03-24,8호선,송파,7063,6994,14057,69,3,24,목
2022-03-24,8호선,석촌,7031,7948,14979,-917,3,24,목
2022-03-24,8호선,잠실(송파구청),11521,13562,25083,-2041,3,24,목
2022-03-24,8호선,몽촌토성(평화의문),5434,5541,10975,-107,3,24,목
2022-03-24,8호선,강동구청,9658,9872,19530,-214,3,24,목
2022-03-24,8호선,천호(풍납토성),13089,14822,27911,-1733,3,24,목
2022-03-24,8호선,암사,17203,15312,32515,1891,3,24,목
2022-03-24,7호선,온수(성공회대입구),9569,9185,18754,384,3,24,목
2022-03-24,7호선,천왕,10442,10018,20460,424,3,24,목
2022-03-24,7호선,광명사거리,20239,19926,40165,313,3,24,목
2022-03-24,7호선,철산,18778,19162,37940,-384,3,24,목
2022-03-24,7호선,가산디지털단지,41496,41874,83370,-378,3,24,목
2022-03-24,7호선,남구로,14757,15533,30290,-776,3,24,목
2022-03-24,7호선,대림(구로구청),6887,7072,13959,-185,3,24,목
2022-03-24,7호선,신풍,10569,10372,20941,197,3,24,목
2022-03-24,7호선,보라매,9235,9330,18565,-95,3,24,목
2022-03-24,7호선,신대방삼거리,15364,15316,30680,48,3,24,목
2022-03-24,7호선,장승배기,8132,7930,16062,202,3,24,목
2022-03-24,7호선,상도,10418,10190,20608,228,3,24,목
2022-03-24,7호선,숭실대입구(살피재),13514,14318,27832,-804,3,24,목
2022-03-24,7호선,남성,10267,9628,19895,639,3,24,목
2022-03-24,7호선,이수,14290,14074,28364,216,3,24,목
2022-03-24,7호선,내방,14022,13973,27995,49,3,24,목
2022-03-24,7호선,고속터미널,13452,11360,24812,2092,3,24,목
2022-03-24,7호선,반포,5358,5043,10401,315,3,24,목
2022-03-24,7호선,논현,19125,19854,38979,-729,3,24,목
2022-03-24,7호선,학동,23097,24085,47182,-988,3,24,목
2022-03-24,7호선,강남구청,14884,16481,31365,-1597,3,24,목
2022-03-24,7호선,청담,18242,20182,38424,-1940,3,24,목
2022-03-24,7호선,뚝섬유원지,7319,7134,14453,185,3,24,목
2022-03-24,7호선,건대입구,11658,12277,23935,-619,3,24,목
2022-03-24,7호선,어린이대공원(세종대),13494,13658,27152,-164,3,24,목
2022-03-24,7호선,군자(능동),13765,10898,24663,2867,3,24,목
2022-03-24,7호선,중곡,10337,9529,19866,808,3,24,목
2022-03-24,7호선,용마산(용마폭포공원),5628,5478,11106,150,3,24,목
2022-03-24,7호선,사가정,14829,14954,29783,-125,3,24,목
2022-03-24,7호선,면목,15482,14910,30392,572,3,24,목
2022-03-24,7호선,상봉(시외버스터미널),15421,14452,29873,969,3,24,목
2022-03-24,7호선,중화,10002,9766,19768,236,3,24,목
2022-03-24,7호선,먹골,9337,9029,18366,308,3,24,목
2022-03-24,7호선,태릉입구,8102,7857,15959,245,3,24,목
2022-03-24,7호선,공릉(서울과학기술대),11958,11834,23792,124,3,24,목
2022-03-24,7호선,하계,16523,15690,32213,833,3,24,목
2022-03-24,7호선,중계,13436,12395,25831,1041,3,24,목
2022-03-24,7호선,노원,17115,18035,35150,-920,3,24,목
2022-03-24,7호선,마들,11929,11439,23368,490,3,24,목
2022-03-24,7호선,수락산,11402,11254,22656,148,3,24,목
2022-03-24,7호선,도봉산,8621,10093,18714,-1472,3,24,목
2022-03-24,7호선,장암,2042,767,2809,1275,3,24,목
2022-03-24,6호선,봉화산(서울의료원),8170,7748,15918,422,3,24,목
2022-03-24,6호선,화랑대(서울여대입구),11522,8955,20477,2567,3,24,목
2022-03-24,6호선,태릉입구,5302,5910,11212,-608,3,24,목
2022-03-24,안산선,상록수,15247,15322,30569,-75,3,24,목
2022-03-24,안산선,반월,4010,3882,7892,128,3,24,목
2022-03-24,안산선,대야미,4811,4311,9122,500,3,24,목
2022-03-24,안산선,산본,14512,15366,29878,-854,3,24,목
2022-03-24,6호선,석계,11561,12102,23663,-541,3,24,목
2022-03-24,6호선,돌곶이,8837,8286,17123,551,3,24,목
2022-03-24,6호선,상월곡(한국과학기술연구원),6036,5531,11567,505,3,24,목
2022-03-24,6호선,월곡(동덕여대),11637,11385,23022,252,3,24,목
2022-03-24,6호선,고려대(종암),8362,8197,16559,165,3,24,목
2022-03-24,6호선,안암(고대병원앞),13527,13308,26835,219,3,24,목
2022-03-24,6호선,보문,6910,6332,13242,578,3,24,목
2022-03-24,6호선,창신,3363,2852,6215,511,3,24,목
2022-03-24,6호선,동묘앞,7145,7191,14336,-46,3,24,목
2022-03-24,6호선,신당,7317,7901,15218,-584,3,24,목
2022-03-24,6호선,청구,3469,3708,7177,-239,3,24,목
2022-03-24,6호선,약수,3367,3290,6657,77,3,24,목
2022-03-24,6호선,버티고개,1885,1892,3777,-7,3,24,목
2022-03-24,6호선,한강진,6868,7862,14730,-994,3,24,목
2022-03-24,6호선,이태원,8872,8875,17747,-3,3,24,목
2022-03-24,6호선,녹사평(용산구청),4409,4231,8640,178,3,24,목
2022-03-24,6호선,삼각지,6368,5415,11783,953,3,24,목
2022-03-24,6호선,효창공원앞,6690,6255,12945,435,3,24,목
2022-03-24,6호선,공덕,17193,16401,33594,792,3,24,목
2022-03-24,6호선,대흥(서강대앞),8145,8503,16648,-358,3,24,목
2022-03-24,6호선,광흥창(서강),8517,8085,16602,432,3,24,목
2022-03-24,6호선,상수,8404,9112,17516,-708,3,24,목
2022-03-24,6호선,합정,14393,15438,29831,-1045,3,24,목
2022-03-24,1호선,서울역,36679,35202,71881,1477,3,24,목
2022-03-24,1호선,시청,20518,20281,40799,237,3,24,목
2022-03-24,1호선,종각,29672,28801,58473,871,3,24,목
2022-03-24,1호선,종로3가,21443,19786,41229,1657,3,24,목
2022-03-24,1호선,종로5가,20324,20007,40331,317,3,24,목
2022-03-24,1호선,동대문,9623,8946,18569,677,3,24,목
2022-03-24,1호선,신설동,12799,12465,25264,334,3,24,목
2022-03-24,1호선,제기동,15464,15884,31348,-420,3,24,목
2022-03-24,1호선,청량리(서울시립대입구),18090,17710,35800,380,3,24,목
2022-03-24,1호선,동묘앞,6830,7222,14052,-392,3,24,목
2022-03-24,2호선,시청,20860,20378,41238,482,3,24,목
2022-03-24,2호선,을지로입구,33568,36028,69596,-2460,3,24,목
2022-03-24,2호선,을지로3가,19517,19856,39373,-339,3,24,목
2022-03-24,2호선,을지로4가,11669,11712,23381,-43,3,24,목
2022-03-24,2호선,동대문역사문화공원(DDP),10727,12712,23439,-1985,3,24,목
2022-03-24,2호선,신당,12379,12947,25326,-568,3,24,목
2022-03-24,2호선,상왕십리,12958,12674,25632,284,3,24,목
2022-03-24,2호선,왕십리(성동구청),15861,12407,28268,3454,3,24,목
2022-03-24,2호선,한양대,14135,15781,29916,-1646,3,24,목
2022-03-24,2호선,뚝섬,19525,20936,40461,-1411,3,24,목
2022-03-24,2호선,성수,33801,37999,71800,-4198,3,24,목
2022-03-24,2호선,건대입구,31850,32970,64820,-1120,3,24,목
2022-03-24,2호선,구의(광진구청),21837,21117,42954,720,3,24,목
2022-03-24,2호선,강변(동서울터미널),26135,23970,50105,2165,3,24,목
2022-03-24,2호선,잠실나루,12971,12701,25672,270,3,24,목
2022-03-24,2호선,잠실(송파구청),56068,55525,111593,543,3,24,목
2022-03-24,2호선,잠실새내,18362,18214,36576,148,3,24,목
2022-03-24,2호선,종합운동장,6607,7160,13767,-553,3,24,목
2022-03-24,2호선,삼성(무역센터),43799,47062,90861,-3263,3,24,목
2022-03-24,2호선,선릉,51085,47864,98949,3221,3,24,목
2022-03-24,2호선,역삼,45519,54568,100087,-9049,3,24,목
2022-03-24,2호선,강남,71870,73760,145630,-1890,3,24,목
2022-03-24,2호선,교대(법원.검찰청),31191,36831,68022,-5640,3,24,목
2022-03-24,2호선,서초,18768,18891,37659,-123,3,24,목
2022-03-24,2호선,방배,17890,19207,37097,-1317,3,24,목
2022-03-24,2호선,사당,32509,36446,68955,-3937,3,24,목
2022-03-24,2호선,낙성대(강감찬),24919,23084,48003,1835,3,24,목
2022-03-24,2호선,서울대입구(관악구청),44148,42161,86309,1987,3,24,목
2022-03-24,2호선,봉천,21717,18831,40548,2886,3,24,목
2022-03-24,2호선,신림,58126,53908,112034,4218,3,24,목
2022-03-24,2호선,신대방,24371,23144,47515,1227,3,24,목
2022-03-24,2호선,구로디지털단지,53717,54371,108088,-654,3,24,목
2022-03-24,2호선,대림(구로구청),21831,22241,44072,-410,3,24,목
2022-03-24,2호선,신도림,42571,43633,86204,-1062,3,24,목
2022-03-24,2호선,문래,20070,20555,40625,-485,3,24,목
2022-03-24,2호선,영등포구청,20772,21397,42169,-625,3,24,목
2022-03-24,2호선,당산,17320,20206,37526,-2886,3,24,목
2022-03-24,2호선,합정,28433,29852,58285,-1419,3,24,목
2022-03-24,2호선,홍대입구,46287,47123,93410,-836,3,24,목
2022-03-24,2호선,신촌,29528,29480,59008,48,3,24,목
2022-03-24,2호선,이대,12901,14068,26969,-1167,3,24,목
2022-03-24,2호선,아현,9747,9448,19195,299,3,24,목
2022-03-24,2호선,충정로(경기대입구),9353,9999,19352,-646,3,24,목
2022-03-24,2호선,용답,3022,3269,6291,-247,3,24,목
2022-03-24,2호선,신답,1524,1743,3267,-219,3,24,목
2022-03-24,2호선,신설동,2961,3060,6021,-99,3,24,목
2022-03-24,2호선,도림천,1368,1388,2756,-20,3,24,목
2022-03-24,2호선,양천구청,6262,6337,12599,-75,3,24,목
2022-03-24,2호선,신정네거리,9150,9366,18516,-216,3,24,목
2022-03-24,2호선,용두(동대문구청),2142,2253,4395,-111,3,24,목
2022-03-24,3호선,지축,4361,4139,8500,222,3,24,목
2022-03-24,3호선,구파발,18770,18090,36860,680,3,24,목
2022-03-24,3호선,연신내,33617,31663,65280,1954,3,24,목
2022-03-24,3호선,불광,14625,15666,30291,-1041,3,24,목
2022-03-24,3호선,녹번,14345,13067,27412,1278,3,24,목
2022-03-24,3호선,홍제,16325,15477,31802,848,3,24,목
2022-03-24,3호선,무악재,3643,3732,7375,-89,3,24,목
2022-03-24,3호선,독립문,6222,6586,12808,-364,3,24,목
2022-03-24,3호선,경복궁(정부서울청사),19531,19213,38744,318,3,24,목
2022-03-24,3호선,안국,18623,19796,38419,-1173,3,24,목
2022-03-24,3호선,종로3가,9153,10380,19533,-1227,3,24,목
2022-03-24,3호선,을지로3가,9414,9691,19105,-277,3,24,목
2022-03-24,3호선,충무로,2,0,2,2,3,24,목
2022-03-24,3호선,동대입구,8057,8754,16811,-697,3,24,목
2022-03-24,3호선,약수,11702,11567,23269,135,3,24,목
2022-03-24,3호선,금호,6987,6504,13491,483,3,24,목
2022-03-24,3호선,옥수,7931,8534,16465,-603,3,24,목
2022-03-24,3호선,압구정,27243,28960,56203,-1717,3,24,목
2022-03-24,3호선,신사,27236,28694,55930,-1458,3,24,목
2022-03-24,3호선,잠원,4310,4150,8460,160,3,24,목
2022-03-24,3호선,고속터미널,33015,31772,64787,1243,3,24,목
2022-03-24,3호선,교대(법원.검찰청),13651,8777,22428,4874,3,24,목
2022-03-24,3호선,남부터미널(예술의전당),25452,25793,51245,-341,3,24,목
2022-03-24,3호선,양재(서초구청),34740,37366,72106,-2626,3,24,목
2022-03-24,3호선,매봉,11221,10659,21880,562,3,24,목
2022-03-24,3호선,도곡,4763,4920,9683,-157,3,24,목
2022-03-24,3호선,대치,9832,9737,19569,95,3,24,목
2022-03-24,3호선,학여울,3110,3416,6526,-306,3,24,목
2022-03-24,3호선,대청,9413,8440,17853,973,3,24,목
2022-03-24,3호선,일원,9844,9294,19138,550,3,24,목
2022-03-24,3호선,수서,15125,15362,30487,-237,3,24,목
2022-03-24,3호선,가락시장,8085,7853,15938,232,3,24,목
2022-03-24,3호선,경찰병원,6426,6340,12766,86,3,24,목
2022-03-24,3호선,오금,5726,5309,11035,417,3,24,목
2022-03-24,4호선,당고개,8442,7786,16228,656,3,24,목
2022-03-24,4호선,상계,17750,16506,34256,1244,3,24,목
2022-03-24,4호선,노원,16999,18931,35930,-1932,3,24,목
2022-03-24,4호선,창동,23130,24647,47777,-1517,3,24,목
2022-03-24,4호선,쌍문,26898,24720,51618,2178,3,24,목
2022-03-24,4호선,수유(강북구청),30976,30844,61820,132,3,24,목
2022-03-24,4호선,미아(서울사이버대학),14389,14166,28555,223,3,24,목
2022-03-24,4호선,미아사거리,24741,24032,48773,709,3,24,목
2022-03-24,4호선,길음,19256,19145,38401,111,3,24,목
2022-03-24,4호선,성신여대입구(돈암),19317,18567,37884,750,3,24,목
2022-03-24,4호선,한성대입구(삼선교),12980,12844,25824,136,3,24,목
2022-03-24,4호선,혜화,29943,29744,59687,199,3,24,목
2022-03-24,4호선,동대문,17316,17878,35194,-562,3,24,목
2022-03-24,4호선,동대문역사문화공원(DDP),13214,12480,25694,734,3,24,목
2022-03-24,4호선,충무로,27097,27837,54934,-740,3,24,목
2022-03-24,4호선,명동,16319,16594,32913,-275,3,24,목
2022-03-24,4호선,회현(남대문시장),20806,21892,42698,-1086,3,24,목
2022-03-24,4호선,서울역,9913,13711,23624,-3798,3,24,목
2022-03-24,4호선,숙대입구(갈월),13296,12750,26046,546,3,24,목
2022-03-24,4호선,삼각지,4510,5209,9719,-699,3,24,목
2022-03-24,4호선,신용산,14080,14685,28765,-605,3,24,목
2022-03-24,4호선,이촌(국립중앙박물관),6199,6673,12872,-474,3,24,목
2022-03-24,4호선,동작(현충원),1331,1511,2842,-180,3,24,목
2022-03-24,4호선,총신대입구(이수),17280,18321,35601,-1041,3,24,목
2022-03-24,4호선,사당,22696,19517,42213,3179,3,24,목
2022-03-24,4호선,남태령,1101,873,1974,228,3,24,목
2022-03-24,5호선,방화,6137,5899,12036,238,3,24,목
2022-03-24,5호선,개화산,5195,4984,10179,211,3,24,목
2022-03-24,5호선,김포공항,6052,6055,12107,-3,3,24,목
2022-03-24,5호선,송정,6010,5694,11704,316,3,24,목
2022-03-24,5호선,마곡,10006,9987,19993,19,3,24,목
2022-03-24,5호선,발산,18391,18657,37048,-266,3,24,목
2022-03-24,5호선,우장산,13706,13460,27166,246,3,24,목
2022-03-24,5호선,화곡,26203,24523,50726,1680,3,24,목
2022-03-24,5호선,까치산,26620,25580,52200,1040,3,24,목
2022-03-24,5호선,신정(은행정),12946,10561,23507,2385,3,24,목
2022-03-24,5호선,목동,15198,16435,31633,-1237,3,24,목
2022-03-24,5호선,오목교(목동운동장앞),19131,20312,39443,-1181,3,24,목
2022-03-24,5호선,양평,7060,6969,14029,91,3,24,목
2022-03-24,5호선,영등포구청,3806,3933,7739,-127,3,24,목
2022-03-24,5호선,영등포시장,8976,9169,18145,-193,3,24,목
2022-03-24,5호선,신길,3910,4107,8017,-197,3,24,목
2022-03-24,5호선,여의도,25809,26922,52731,-1113,3,24,목
2022-03-24,5호선,여의나루,8732,9548,18280,-816,3,24,목
2022-03-24,5호선,마포,13075,13345,26420,-270,3,24,목
2022-03-24,5호선,공덕,12747,13438,26185,-691,3,24,목
2022-03-24,5호선,애오개,6394,6444,12838,-50,3,24,목
2022-03-24,5호선,충정로(경기대입구),4654,4628,9282,26,3,24,목
2022-03-24,5호선,서대문,18300,18339,36639,-39,3,24,목
2022-03-24,5호선,광화문(세종문화회관),26119,27055,53174,-936,3,24,목
2022-03-24,5호선,종로3가,10680,10572,21252,108,3,24,목
2022-03-24,5호선,을지로4가,5921,5753,11674,168,3,24,목
2022-03-24,5호선,동대문역사문화공원(DDP),2692,3064,5756,-372,3,24,목
2022-03-24,5호선,청구,3727,3521,7248,206,3,24,목
2022-03-24,5호선,신금호,5957,6181,12138,-224,3,24,목
2022-03-24,5호선,행당,7302,6541,13843,761,3,24,목
2022-03-24,5호선,왕십리(성동구청),4239,4926,9165,-687,3,24,목
2022-03-24,5호선,마장,5436,5131,10567,305,3,24,목
2022-03-24,5호선,답십리,14635,13319,27954,1316,3,24,목
2022-03-24,5호선,장한평,17466,17242,34708,224,3,24,목
2022-03-24,5호선,군자(능동),10368,11499,21867,-1131,3,24,목
2022-03-24,5호선,아차산(어린이대공원후문),14054,13577,27631,477,3,24,목
2022-03-24,5호선,광나루(장신대),12069,11262,23331,807,3,24,목
2022-03-24,5호선,천호(풍납토성),15878,16009,31887,-131,3,24,목
2022-03-24,5호선,강동,17068,16425,33493,643,3,24,목
2022-03-24,5호선,길동,7317,7640,14957,-323,3,24,목
2022-03-24,5호선,굽은다리(강동구민회관앞),8624,8147,16771,477,3,24,목
2022-03-24,5호선,명일,7849,8086,15935,-237,3,24,목
2022-03-24,5호선,고덕,8925,8722,17647,203,3,24,목
2022-03-24,5호선,상일동,13492,12781,26273,711,3,24,목
2022-03-24,5호선,둔촌동,7980,7884,15864,96,3,24,목
2022-03-24,5호선,올림픽공원(한국체대),3975,3406,7381,569,3,24,목
2022-03-24,5호선,방이,6576,6868,13444,-292,3,24,목
2022-03-24,5호선,오금,3664,3597,7261,67,3,24,목
2022-03-24,5호선,개롱,6005,6313,12318,-308,3,24,목
2022-03-24,5호선,거여,9574,9121,18695,453,3,24,목
2022-03-24,5호선,마천,6787,6648,13435,139,3,24,목
2022-03-24,5호선,강일,3756,3530,7286,226,3,24,목
2022-03-24,5호선,미사,14701,14733,29434,-32,3,24,목
2022-03-24,5호선,하남풍산,4058,3994,8052,64,3,24,목
2022-03-24,5호선,하남시청(덕풍·신장),6378,6226,12604,152,3,24,목
2022-03-24,5호선,하남검단산,5080,4928,10008,152,3,24,목
2022-03-24,6호선,응암,16279,16042,32321,237,3,24,목
2022-03-24,6호선,역촌,3473,4131,7604,-658,3,24,목
2022-03-24,6호선,불광,3828,3745,7573,83,3,24,목
2022-03-24,6호선,독바위,2515,2651,5166,-136,3,24,목
2022-03-24,6호선,연신내,1,0,1,1,3,24,목
2022-03-24,6호선,새절(신사),11942,11147,23089,795,3,24,목
2022-03-24,6호선,증산(명지대앞),9552,9251,18803,301,3,24,목
2022-03-24,6호선,디지털미디어시티,16216,14155,30371,2061,3,24,목
2022-03-24,6호선,월드컵경기장(성산),25648,37069,62717,-11421,3,24,목
2022-03-24,6호선,마포구청,15722,13167,28889,2555,3,24,목
2022-03-24,6호선,망원,13358,13625,26983,-267,3,24,목
2022-03-24,수인선,인천,858,1437,2295,-579,3,24,목
2022-03-24,수인선,신포,1801,1807,3608,-6,3,24,목
2022-03-24,수인선,숭의,3612,3388,7000,224,3,24,목
2022-03-24,수인선,인하대,6626,6256,12882,370,3,24,목
2022-03-24,수인선,송도,2348,2218,4566,130,3,24,목
2022-03-24,수인선,연수,4304,4169,8473,135,3,24,목
2022-03-24,수인선,원인재,4090,4293,8383,-203,3,24,목
2022-03-24,수인선,남동인더스파크,2151,2421,4572,-270,3,24,목
2022-03-24,수인선,인천논현,5079,5471,10550,-392,3,24,목
2022-03-24,수인선,소래포구,4605,4330,8935,275,3,24,목
2022-03-24,중앙선,상봉(시외버스터미널),5144,5116,10260,28,3,24,목
2022-03-24,중앙선,중랑,5162,4759,9921,403,3,24,목
2022-03-24,중앙선,회기,23280,22498,45778,782,3,24,목
2022-03-24,장항선,신창(순천향대),3236,2554,5790,682,3,24,목
2022-03-24,장항선,온양온천,4105,4315,8420,-210,3,24,목
2022-03-24,장항선,배방,1115,1043,2158,72,3,24,목
2022-03-24,장항선,탕정,777,689,1466,88,3,24,목
2022-03-24,장항선,아산,3562,3235,6797,327,3,24,목
2022-03-24,6호선,구산,7352,5329,12681,2023,3,24,목
2022-03-24,장항선,쌍용(나사렛대),2843,2481,5324,362,3,24,목
2022-03-24,장항선,봉명,1237,1220,2457,17,3,24,목
2022-03-24,일산선,대화,11199,8992,20191,2207,3,24,목
2022-03-24,일산선,주엽,7985,8167,16152,-182,3,24,목
2022-03-24,일산선,정발산,6144,6218,12362,-74,3,24,목
2022-03-24,일산선,마두,6706,6916,13622,-210,3,24,목
2022-03-24,일산선,백석,8856,8728,17584,128,3,24,목
2022-03-24,일산선,대곡,1934,1592,3526,342,3,24,목
2022-03-24,수인선,월곶,2681,2531,5212,150,3,24,목
2022-03-24,수인선,달월,95,63,158,32,3,24,목
2022-03-24,중앙선,구리,12041,12378,24419,-337,3,24,목
2022-03-24,중앙선,도농,9660,8816,18476,844,3,24,목
2022-03-24,중앙선,양정,696,577,1273,119,3,24,목
2022-03-24,중앙선,덕소,5000,5254,10254,-254,3,24,목
2022-03-24,중앙선,도심,2197,1756,3953,441,3,24,목
2022-03-24,중앙선,팔당,764,746,1510,18,3,24,목
2022-03-24,중앙선,운길산,641,612,1253,29,3,24,목
2022-03-24,중앙선,양수,1533,1630,3163,-97,3,24,목
2022-03-24,중앙선,신원,205,180,385,25,3,24,목
2022-03-24,중앙선,국수,591,602,1193,-11,3,24,목
2022-03-24,중앙선,아신,475,458,933,17,3,24,목
2022-03-24,중앙선,오빈,253,269,522,-16,3,24,목
2022-03-24,중앙선,양평,2343,2388,4731,-45,3,24,목
2022-03-24,중앙선,원덕,345,316,661,29,3,24,목
2022-03-24,중앙선,용문,1397,1367,2764,30,3,24,목
2022-03-24,중앙선,지평,58,65,123,-7,3,24,목
2022-03-24,수인선,사리,4549,4119,8668,430,3,24,목
2022-03-24,수인선,야목,354,266,620,88,3,24,목
2022-03-24,수인선,어천,673,692,1365,-19,3,24,목
2022-03-24,수인선,오목천,3150,2972,6122,178,3,24,목
2022-03-24,수인선,고색,4912,4704,9616,208,3,24,목
2022-03-24,분당선,매교,3123,3097,6220,26,3,24,목
2022-03-24,분당선,수원시청,11469,12364,23833,-895,3,24,목
2022-03-24,분당선,매탄권선,4767,4583,9350,184,3,24,목
2022-03-24,분당선,망포,13170,12726,25896,444,3,24,목
2022-03-24,분당선,영통,7655,7799,15454,-144,3,24,목
2022-03-24,분당선,청명,3930,3888,7818,42,3,24,목
2022-03-24,분당선,상갈,4993,4796,9789,197,3,24,목
2022-03-24,분당선,기흥,9184,8547,17731,637,3,24,목
2022-03-24,분당선,신갈,4097,4156,8253,-59,3,24,목
2022-03-24,분당선,구성,4632,4911,9543,-279,3,24,목
2022-03-24,분당선,죽전,13211,14386,27597,-1175,3,24,목
2022-03-24,수인선,호구포,3796,4009,7805,-213,3,24,목
2022-03-24,중앙선,양원,2688,2629,5317,59,3,24,목
2022-03-24,중앙선,망우,7096,6872,13968,224,3,24,목
2022-03-24,일산선,화정,15524,15743,31267,-219,3,24,목
2022-03-24,일산선,원당,10397,9695,20092,702,3,24,목
2022-03-24,일산선,삼송,17985,17514,35499,471,3,24,목
2022-03-24,일산선,원흥,9690,9248,18938,442,3,24,목
2022-03-24,우이신설선,신설동,2102,2006,4108,96,3,24,목
2022-03-24,우이신설선,보문,1424,1449,2873,-25,3,24,목
2022-03-24,우이신설선,성신여대입구(돈암),3176,3311,6487,-135,3,24,목
2022-03-24,우이신설선,정릉,4390,3955,8345,435,3,24,목
2022-03-24,우이신설선,북한산보국문,5681,5444,11125,237,3,24,목
2022-03-24,우이신설선,솔샘,5364,5034,10398,330,3,24,목
2022-03-24,우이신설선,삼양사거리,2184,2212,4396,-28,3,24,목
2022-03-24,우이신설선,삼양,1890,1947,3837,-57,3,24,목
2022-03-24,우이신설선,화계,3200,3108,6308,92,3,24,목
2022-03-24,우이신설선,가오리,3921,3951,7872,-30,3,24,목
2022-03-24,우이신설선,4.19민주묘지,3105,2997,6102,108,3,24,목
2022-03-24,우이신설선,솔밭공원,2289,2174,4463,115,3,24,목
2022-03-24,우이신설선,북한산우이,2431,2184,4615,247,3,24,목
2022-03-24,안산선,수리산,3967,3214,7181,753,3,24,목
2022-03-24,안산선,오이도,7738,7694,15432,44,3,24,목
2022-03-24,안산선,정왕,9767,9908,19675,-141,3,24,목
2022-03-24,안산선,신길온천,1652,1538,3190,114,3,24,목
2022-03-24,안산선,안산,10684,9541,20225,1143,3,24,목
2022-03-24,안산선,초지,4806,5155,9961,-349,3,24,목
2022-03-24,안산선,고잔,8303,7924,16227,379,3,24,목
2022-03-24,안산선,중앙,16854,17301,34155,-447,3,24,목
2022-03-24,안산선,한대앞,10008,9934,19942,74,3,24,목
2022-03-24,분당선,보정,2359,2010,4369,349,3,24,목
2022-03-24,분당선,이매,5343,4929,10272,414,3,24,목
2022-03-24,분당선,오리,10857,8959,19816,1898,3,24,목
2022-03-24,분당선,미금,14201,15381,29582,-1180,3,24,목
2022-03-24,분당선,정자,15425,16194,31619,-769,3,24,목
2022-03-24,분당선,수내,11848,12022,23870,-174,3,24,목
2022-03-24,분당선,서현,21438,21887,43325,-449,3,24,목
2022-03-24,분당선,야탑,24259,24127,48386,132,3,24,목
2022-03-24,분당선,모란,24536,25485,50021,-949,3,24,목
2022-03-24,분당선,태평,12702,12244,24946,458,3,24,목
2022-03-24,분당선,가천대,9700,10557,20257,-857,3,24,목
2022-03-24,분당선,선정릉,7573,7981,15554,-408,3,24,목
2022-03-24,분당선,강남구청,9085,10455,19540,-1370,3,24,목
2022-03-24,분당선,압구정로데오,17361,18805,36166,-1444,3,24,목
2022-03-24,분당선,서울숲,9208,9410,18618,-202,3,24,목
2022-03-24,분당선,수원,7759,6110,13869,1649,3,24,목
2022-03-24,분당선,수서,12424,12658,25082,-234,3,24,목
2022-03-24,분당선,대모산입구,4158,3964,8122,194,3,24,목
2022-03-24,분당선,개포동,3512,3704,7216,-192,3,24,목
2022-03-24,분당선,구룡,2266,2127,4393,139,3,24,목
2022-03-24,분당선,도곡,6276,6167,12443,109,3,24,목
2022-03-24,분당선,한티,12969,13875,26844,-906,3,24,목
2022-03-24,분당선,선릉,12940,18700,31640,-5760,3,24,목
2022-03-24,과천선,범계,23439,23066,46505,373,3,24,목
2022-03-24,과천선,평촌,16466,15980,32446,486,3,24,목
2022-03-24,과천선,인덕원,22267,22482,44749,-215,3,24,목
2022-03-24,과천선,정부과천청사,9477,9325,18802,152,3,24,목
2022-03-24,과천선,과천,5772,5197,10969,575,3,24,목
2022-03-24,과천선,대공원,2291,2419,4710,-128,3,24,목
2022-03-24,과천선,경마공원,1205,1233,2438,-28,3,24,목
2022-03-24,과천선,선바위,7619,6522,14141,1097,3,24,목
2022-03-24,공항철도 1호선,영종,2779,2702,5481,77,3,24,목
2022-03-24,공항철도 1호선,인천공항2터미널,2162,2040,4202,122,3,24,목
2022-03-24,공항철도 1호선,인천공항1터미널,3542,3522,7064,20,3,24,목
2022-03-24,공항철도 1호선,공항화물청사,2257,2407,4664,-150,3,24,목
2022-03-24,공항철도 1호선,운서,6180,6294,12474,-114,3,24,목
2022-03-24,공항철도 1호선,청라국제도시,6334,6150,12484,184,3,24,목
2022-03-24,공항철도 1호선,검암,6151,6083,12234,68,3,24,목
2022-03-24,공항철도 1호선,계양,9676,9342,19018,334,3,24,목
2022-03-24,공항철도 1호선,김포공항,10256,5918,16174,4338,3,24,목
2022-03-24,공항철도 1호선,마곡나루(서울식물원),8198,8015,16213,183,3,24,목
2022-03-24,공항철도 1호선,디지털미디어시티,16030,12801,28831,3229,3,24,목
2022-03-24,공항철도 1호선,홍대입구,8074,8295,16369,-221,3,24,목
2022-03-24,공항철도 1호선,공덕,2034,2695,4729,-661,3,24,목
2022-03-24,공항철도 1호선,서울역,7067,6430,13497,637,3,24,목
2022-03-24,경춘선,춘천,1388,1150,2538,238,3,24,목
2022-03-24,경춘선,남춘천,2316,1957,4273,359,3,24,목
2022-03-24,경춘선,김유정,251,276,527,-25,3,24,목
2022-03-24,경춘선,강촌,390,347,737,43,3,24,목
2022-03-24,경춘선,백양리,53,64,117,-11,3,24,목
2022-03-24,경춘선,굴봉산,86,84,170,2,3,24,목
2022-03-24,경춘선,가평,1208,1252,2460,-44,3,24,목
2022-03-24,경춘선,상천,219,223,442,-4,3,24,목
2022-03-24,경춘선,청평,1350,1359,2709,-9,3,24,목
2022-03-24,경춘선,대성리,397,362,759,35,3,24,목
2022-03-24,경춘선,마석,3648,3590,7238,58,3,24,목
2022-03-24,경춘선,천마산,1591,1465,3056,126,3,24,목
2022-03-24,경춘선,평내호평,5717,5703,11420,14,3,24,목
2022-03-24,경춘선,금곡,1435,1446,2881,-11,3,24,목
2022-03-24,경춘선,사릉,2400,2392,4792,8,3,24,목
2022-03-24,경춘선,퇴계원,3226,3062,6288,164,3,24,목
2022-03-24,경춘선,별내,2912,2839,5751,73,3,24,목
2022-03-24,경춘선,갈매,2816,2412,5228,404,3,24,목
2022-03-24,경춘선,신내,2131,2001,4132,130,3,24,목
2022-03-24,경인선,도화,3860,3672,7532,188,3,24,목
2022-03-24,경인선,중동,8703,8143,16846,560,3,24,목
2022-03-24,경인선,온수(성공회대입구),6151,5843,11994,308,3,24,목
2022-03-24,경인선,도원,2973,2880,5853,93,3,24,목
2022-03-24,경인선,간석,5425,5177,10602,248,3,24,목
2022-03-24,경인선,부개,7907,7354,15261,553,3,24,목
2022-03-24,경인선,소사,8095,8056,16151,39,3,24,목
2022-03-24,경인선,구일,5815,5673,11488,142,3,24,목
2022-03-24,경인선,인천,3019,2238,5257,781,3,24,목
2022-03-24,경인선,동인천,12744,12150,24894,594,3,24,목
2022-03-24,경인선,제물포,10299,9825,20124,474,3,24,목
2022-03-24,경인선,주안,17980,16260,34240,1720,3,24,목
2022-03-24,경인선,동암,13130,13263,26393,-133,3,24,목
2022-03-24,경인선,백운,6380,6351,12731,29,3,24,목
2022-03-24,경인선,부평,25528,27315,52843,-1787,3,24,목
2022-03-24,경인선,송내,24860,24603,49463,257,3,24,목
2022-03-24,경인선,부천,29192,29165,58357,27,3,24,목
2022-03-24,경인선,역곡,26058,25396,51454,662,3,24,목
2022-03-24,경인선,오류동,11097,10435,21532,662,3,24,목
2022-03-24,경인선,개봉,19754,19359,39113,395,3,24,목
2022-03-24,경의선,임진강,12,5,17,7,3,24,목
2022-03-24,경의선,문산,4749,4862,9611,-113,3,24,목
2022-03-24,경의선,파주,1409,1022,2431,387,3,24,목
2022-03-24,경의선,월롱,2877,2547,5424,330,3,24,목
2022-03-24,경의선,금촌,5775,5696,11471,79,3,24,목
2022-03-24,경의선,금릉,4480,4414,8894,66,3,24,목
2022-03-24,경의선,운정,6612,6275,12887,337,3,24,목
2022-03-24,경의선,야당,7050,6951,14001,99,3,24,목
2022-03-24,경의선,탄현,7228,6933,14161,295,3,24,목
2022-03-24,경의선,일산,8796,8940,17736,-144,3,24,목
2022-03-24,경의선,풍산,5179,4763,9942,416,3,24,목
2022-03-24,경의선,백마,6650,6473,13123,177,3,24,목
2022-03-24,경의선,곡산,589,596,1185,-7,3,24,목
2022-03-24,경의선,능곡,3479,3331,6810,148,3,24,목
2022-03-24,경의선,행신,7204,7319,14523,-115,3,24,목
2022-03-24,경의선,강매,3097,2682,5779,415,3,24,목
2022-03-24,경의선,화전,3577,3334,6911,243,3,24,목
2022-03-24,경의선,수색,2751,2804,5555,-53,3,24,목
2022-03-24,경의선,디지털미디어시티,2488,2355,4843,133,3,24,목
2022-03-24,경의선,가좌,5048,4758,9806,290,3,24,목
2022-03-24,경의선,홍대입구,1488,1713,3201,-225,3,24,목
2022-03-24,경의선,서강대,1986,1977,3963,9,3,24,목
2022-03-24,경의선,공덕,3184,2844,6028,340,3,24,목
2022-03-24,경의선,효창공원앞,2904,3149,6053,-245,3,24,목
2022-03-24,경의선,신촌,836,1091,1927,-255,3,24,목
2022-03-24,경의선,서울역,4215,5163,9378,-948,3,24,목
2022-03-24,경원선,소요산,2080,1788,3868,292,3,24,목
2022-03-24,경원선,동두천,2470,2689,5159,-219,3,24,목
2022-03-24,경원선,보산,1388,1321,2709,67,3,24,목
2022-03-24,경원선,동두천중앙,2906,2774,5680,132,3,24,목
2022-03-24,경원선,지행,5937,6019,11956,-82,3,24,목
2022-03-24,경원선,덕정,6142,5809,11951,333,3,24,목
2022-03-24,경원선,덕계,3059,2778,5837,281,3,24,목
2022-03-24,경원선,양주,7501,6879,14380,622,3,24,목
2022-03-24,경원선,녹양,4346,4104,8450,242,3,24,목
2022-03-24,경원선,가능,6420,6252,12672,168,3,24,목
2022-03-24,경원선,의정부,16519,16958,33477,-439,3,24,목
2022-03-24,경원선,회룡,11426,11320,22746,106,3,24,목
2022-03-24,경원선,망월사,7106,7246,14352,-140,3,24,목
2022-03-24,경원선,도봉산,6949,4443,11392,2506,3,24,목
2022-03-24,경원선,도봉,5488,5320,10808,168,3,24,목
2022-03-24,경원선,방학,8943,8855,17798,88,3,24,목
2022-03-24,경원선,녹천,4456,3796,8252,660,3,24,목
2022-03-24,경원선,월계,7267,6857,14124,410,3,24,목
2022-03-24,경원선,광운대,8472,8282,16754,190,3,24,목
2022-03-24,경원선,석계,7523,8380,15903,-857,3,24,목
2022-03-24,경원선,신이문,7674,7207,14881,467,3,24,목
2022-03-24,경원선,외대앞,7931,7985,15916,-54,3,24,목
2022-03-24,경원선,청량리(서울시립대입구),12864,13197,26061,-333,3,24,목
2022-03-24,경원선,왕십리(성동구청),13317,14128,27445,-811,3,24,목
2022-03-24,경원선,응봉,1722,1509,3231,213,3,24,목
2022-03-24,경원선,옥수,37,30,67,7,3,24,목
2022-03-24,경원선,한남,3772,3556,7328,216,3,24,목
2022-03-24,경원선,서빙고,1773,1710,3483,63,3,24,목
2022-03-24,경원선,이촌(국립중앙박물관),3107,2516,5623,591,3,24,목
2022-03-24,경부선,광명,2851,2472,5323,379,3,24,목
2022-03-24,경부선,서동탄,1270,1090,2360,180,3,24,목
2022-03-24,경부선,당정,6189,5790,11979,399,3,24,목
2022-03-24,경부선,천안,6507,5855,12362,652,3,24,목
2022-03-24,경부선,두정,7360,7563,14923,-203,3,24,목
2022-03-24,경부선,직산,752,736,1488,16,3,24,목
2022-03-24,경부선,성환,5352,4944,10296,408,3,24,목
2022-03-24,경부선,평택,11664,11649,23313,15,3,24,목
2022-03-24,경부선,평택지제,3163,3154,6317,9,3,24,목
2022-03-24,경부선,서정리,6828,6239,13067,589,3,24,목
2022-03-24,경부선,송탄,3937,3819,7756,118,3,24,목
2022-03-24,경부선,진위,1643,1445,3088,198,3,24,목
2022-03-24,경부선,오산,9162,9032,18194,130,3,24,목
2022-03-24,경부선,오산대,3650,3377,7027,273,3,24,목
2022-03-24,경부선,세마,2647,2535,5182,112,3,24,목
2022-03-25,경부선,진위,1812,1463,3275,349,3,25,금
2022-03-25,경부선,오산대,3650,3325,6975,325,3,25,금
2022-03-25,경부선,세마,2815,2562,5377,253,3,25,금
2022-03-25,경부선,병점,14378,14731,29109,-353,3,25,금
2022-03-25,경부선,세류,2874,2715,5589,159,3,25,금
2022-03-25,경부선,독산,17336,17799,35135,-463,3,25,금
2022-03-25,경부선,수원,34572,37410,71982,-2838,3,25,금
2022-03-25,경부선,화서,7542,7258,14800,284,3,25,금
2022-03-25,경부선,성균관대,14401,13919,28320,482,3,25,금
2022-03-25,경부선,의왕,8810,8655,17465,155,3,25,금
2022-03-25,경부선,군포,7501,7459,14960,42,3,25,금
2022-03-25,경부선,금정,25222,25795,51017,-573,3,25,금
2022-03-25,경부선,명학,9083,9002,18085,81,3,25,금
2022-03-25,경부선,안양,22688,22604,45292,84,3,25,금
2022-03-25,경부선,관악,6614,6307,12921,307,3,25,금
2022-03-25,경부선,석수,9166,8095,17261,1071,3,25,금
2022-03-25,경부선,금천구청,11019,11138,22157,-119,3,25,금
2022-03-25,경부선,가산디지털단지,16942,19348,36290,-2406,3,25,금
2022-03-25,경부선,구로,17070,17954,35024,-884,3,25,금
2022-03-25,경부선,신길,8448,7211,15659,1237,3,25,금
2022-03-25,경부선,신도림,3829,3829,7658,0,3,25,금
2022-03-25,경부선,영등포,36424,37186,73610,-762,3,25,금
2022-03-25,경부선,대방,12248,12564,24812,-316,3,25,금
2022-03-25,경부선,노량진,7605,7748,15353,-143,3,25,금
2022-03-25,경부선,용산,32935,33773,66708,-838,3,25,금
2022-03-25,경부선,남영,8816,9472,18288,-656,3,25,금
2022-03-25,경부선,서울역,6882,2357,9239,4525,3,25,금
2022-03-25,경강선,여주,2070,2168,4238,-98,3,25,금
2022-03-25,경강선,세종대왕릉,277,284,561,-7,3,25,금
2022-03-25,경강선,부발,2591,2041,4632,550,3,25,금
2022-03-25,경강선,이천,2597,2736,5333,-139,3,25,금
2022-03-25,경강선,신둔도예촌,1601,1397,2998,204,3,25,금
2022-03-25,경강선,곤지암,2075,1968,4043,107,3,25,금
2022-03-25,경강선,초월,3120,2932,6052,188,3,25,금
2022-03-25,경강선,경기광주,7200,6972,14172,228,3,25,금
2022-03-25,경강선,삼동,2243,2028,4271,215,3,25,금
2022-03-25,경강선,이매,1048,901,1949,147,3,25,금
2022-03-25,경강선,판교,4337,4252,8589,85,3,25,금
2022-03-25,9호선2~3단계,중앙보훈병원,9849,8612,18461,1237,3,25,금
2022-03-25,9호선2~3단계,둔촌오륜,1110,1030,2140,80,3,25,금
2022-03-25,9호선2~3단계,올림픽공원(한국체대),5490,5231,10721,259,3,25,금
2022-03-25,9호선2~3단계,한성백제,2310,2120,4430,190,3,25,금
2022-03-25,9호선2~3단계,송파나루,5049,5148,10197,-99,3,25,금
2022-03-25,9호선2~3단계,석촌,7979,6925,14904,1054,3,25,금
2022-03-25,9호선2~3단계,석촌고분,5765,5675,11440,90,3,25,금
2022-03-25,9호선2~3단계,삼전,6502,6494,12996,8,3,25,금
2022-03-25,9호선2~3단계,종합운동장,3815,4114,7929,-299,3,25,금
2022-03-25,9호선2~3단계,봉은사,14996,15399,30395,-403,3,25,금
2022-03-25,9호선2~3단계,삼성중앙,6216,6491,12707,-275,3,25,금
2022-03-25,9호선2~3단계,선정릉,8564,9631,18195,-1067,3,25,금
2022-03-25,9호선2~3단계,언주,9690,9804,19494,-114,3,25,금
2022-03-25,9호선,신논현,31199,30685,61884,514,3,25,금
2022-03-25,9호선,사평,3257,3133,6390,124,3,25,금
2022-03-25,9호선,고속터미널,11790,15363,27153,-3573,3,25,금
2022-03-25,9호선,신반포,3211,3092,6303,119,3,25,금
2022-03-25,9호선,구반포,1196,1282,2478,-86,3,25,금
2022-03-25,9호선,동작(현충원),1840,1534,3374,306,3,25,금
2022-03-25,9호선,흑석(중앙대입구),8447,8359,16806,88,3,25,금
2022-03-25,9호선,노들,4134,3545,7679,589,3,25,금
2022-03-25,9호선,노량진,24843,23468,48311,1375,3,25,금
2022-03-25,9호선,샛강,5521,5476,10997,45,3,25,금
2022-03-25,9호선,여의도,25349,23865,49214,1484,3,25,금
2022-03-25,9호선,국회의사당,13506,13638,27144,-132,3,25,금
2022-03-25,9호선,당산,17461,17034,34495,427,3,25,금
2022-03-25,9호선,선유도,8034,7678,15712,356,3,25,금
2022-03-25,9호선,신목동,3773,3331,7104,442,3,25,금
2022-03-25,9호선,염창,15898,15412,31310,486,3,25,금
2022-03-25,9호선,등촌,10523,10227,20750,296,3,25,금
2022-03-25,9호선,증미,6900,6764,13664,136,3,25,금
2022-03-25,9호선,가양,19319,18552,37871,767,3,25,금
2022-03-25,9호선,양천향교,9367,9451,18818,-84,3,25,금
2022-03-25,9호선,마곡나루(서울식물원),11544,11116,22660,428,3,25,금
2022-03-25,9호선,신방화,6460,6299,12759,161,3,25,금
2022-03-25,7호선,천왕,10755,10192,20947,563,3,25,금
2022-03-25,7호선,광명사거리,21016,20731,41747,285,3,25,금
2022-03-25,7호선,철산,19491,20019,39510,-528,3,25,금
2022-03-25,7호선,가산디지털단지,41248,41002,82250,246,3,25,금
2022-03-25,7호선,남구로,14486,15688,30174,-1202,3,25,금
2022-03-25,7호선,대림(구로구청),7241,7340,14581,-99,3,25,금
2022-03-25,7호선,신풍,10813,10475,21288,338,3,25,금
2022-03-25,7호선,보라매,9327,9276,18603,51,3,25,금
2022-03-25,7호선,신대방삼거리,15826,14937,30763,889,3,25,금
2022-03-25,7호선,장승배기,8386,8240,16626,146,3,25,금
2022-03-25,7호선,상도,10748,10176,20924,572,3,25,금
2022-03-25,7호선,숭실대입구(살피재),13325,13206,26531,119,3,25,금
2022-03-25,7호선,남성,10289,9394,19683,895,3,25,금
2022-03-25,7호선,이수,14907,14337,29244,570,3,25,금
2022-03-25,7호선,내방,13731,14049,27780,-318,3,25,금
2022-03-25,7호선,고속터미널,15629,12496,28125,3133,3,25,금
2022-03-25,7호선,학동,22205,23668,45873,-1463,3,25,금
2022-03-25,7호선,강남구청,15022,16706,31728,-1684,3,25,금
2022-03-25,7호선,청담,17793,20191,37984,-2398,3,25,금
2022-03-25,7호선,뚝섬유원지,7322,7108,14430,214,3,25,금
2022-03-25,6호선,이태원,10972,11426,22398,-454,3,25,금
2022-03-25,6호선,녹사평(용산구청),4625,4771,9396,-146,3,25,금
2022-03-25,6호선,삼각지,5961,5384,11345,577,3,25,금
2022-03-25,6호선,효창공원앞,6669,6087,12756,582,3,25,금
2022-03-25,6호선,공덕,17190,16671,33861,519,3,25,금
2022-03-25,6호선,대흥(서강대앞),8118,8308,16426,-190,3,25,금
2022-03-25,6호선,광흥창(서강),8299,8184,16483,115,3,25,금
2022-03-25,6호선,상수,9839,10336,20175,-497,3,25,금
2022-03-25,6호선,합정,12626,12668,25294,-42,3,25,금
2022-03-25,6호선,망원,13690,14468,28158,-778,3,25,금
2022-03-25,6호선,마포구청,13317,12110,25427,1207,3,25,금
2022-03-25,6호선,월드컵경기장(성산),3961,4067,8028,-106,3,25,금
2022-03-25,6호선,디지털미디어시티,12299,13437,25736,-1138,3,25,금
2022-03-25,6호선,증산(명지대앞),9502,9546,19048,-44,3,25,금
2022-03-25,6호선,새절(신사),11870,11191,23061,679,3,25,금
2022-03-25,6호선,구산,7189,5469,12658,1720,3,25,금
2022-03-25,6호선,연신내,1,0,1,1,3,25,금
2022-03-25,6호선,독바위,2511,2596,5107,-85,3,25,금
2022-03-25,6호선,불광,3929,3994,7923,-65,3,25,금
2022-03-25,6호선,역촌,3562,4233,7795,-671,3,25,금
2022-03-25,6호선,응암,16550,16392,32942,158,3,25,금
2022-03-25,5호선,하남검단산,5224,5104,10328,120,3,25,금
2022-03-25,5호선,하남시청(덕풍·신장),6310,6174,12484,136,3,25,금
2022-03-25,5호선,하남풍산,4059,4048,8107,11,3,25,금
2022-03-25,5호선,미사,14889,15036,29925,-147,3,25,금
2022-03-25,5호선,강일,3812,3512,7324,300,3,25,금
2022-03-25,5호선,마천,6838,6463,13301,375,3,25,금
2022-03-25,5호선,거여,9491,9023,18514,468,3,25,금
2022-03-25,5호선,개롱,6070,6244,12314,-174,3,25,금
2022-03-25,5호선,오금,3607,3714,7321,-107,3,25,금
2022-03-25,5호선,방이,6673,6962,13635,-289,3,25,금
2022-03-25,5호선,올림픽공원(한국체대),4108,3411,7519,697,3,25,금
2022-03-25,5호선,둔촌동,8217,8225,16442,-8,3,25,금
2022-03-25,5호선,상일동,13752,13105,26857,647,3,25,금
2022-03-25,5호선,고덕,9214,9114,18328,100,3,25,금
2022-03-25,5호선,명일,8178,8590,16768,-412,3,25,금
2022-03-25,5호선,굽은다리(강동구민회관앞),8825,8394,17219,431,3,25,금
2022-03-25,5호선,길동,7632,8063,15695,-431,3,25,금
2022-03-25,5호선,강동,17434,16782,34216,652,3,25,금
2022-03-25,5호선,천호(풍납토성),17549,17304,34853,245,3,25,금
2022-03-25,5호선,광나루(장신대),12182,11116,23298,1066,3,25,금
2022-03-25,5호선,아차산(어린이대공원후문),14159,13694,27853,465,3,25,금
2022-03-25,5호선,군자(능동),10804,11963,22767,-1159,3,25,금
2022-03-25,5호선,장한평,17657,17560,35217,97,3,25,금
2022-03-25,5호선,답십리,14959,13725,28684,1234,3,25,금
2022-03-25,5호선,마장,5476,5161,10637,315,3,25,금
2022-03-25,5호선,왕십리(성동구청),4387,5102,9489,-715,3,25,금
2022-03-25,5호선,행당,7472,6785,14257,687,3,25,금
2022-03-25,5호선,신금호,6134,6361,12495,-227,3,25,금
2022-03-25,5호선,청구,3758,3480,7238,278,3,25,금
2022-03-25,5호선,동대문역사문화공원(DDP),2593,2982,5575,-389,3,25,금
2022-03-25,5호선,을지로4가,5529,5759,11288,-230,3,25,금
2022-03-25,5호선,종로3가,12105,12268,24373,-163,3,25,금
2022-03-25,5호선,광화문(세종문화회관),25322,26252,51574,-930,3,25,금
2022-03-25,5호선,서대문,17433,17326,34759,107,3,25,금
2022-03-25,5호선,충정로(경기대입구),4522,4581,9103,-59,3,25,금
2022-03-25,5호선,애오개,6391,6507,12898,-116,3,25,금
2022-03-25,5호선,공덕,12921,13767,26688,-846,3,25,금
2022-03-25,5호선,마포,13330,13497,26827,-167,3,25,금
2022-03-25,5호선,여의나루,8759,9850,18609,-1091,3,25,금
2022-03-25,5호선,여의도,25938,26719,52657,-781,3,25,금
2022-03-25,5호선,신길,3867,4067,7934,-200,3,25,금
2022-03-25,5호선,영등포시장,9299,9636,18935,-337,3,25,금
2022-03-25,5호선,영등포구청,3672,3812,7484,-140,3,25,금
2022-03-25,5호선,양평,7017,6869,13886,148,3,25,금
2022-03-25,5호선,오목교(목동운동장앞),19636,21417,41053,-1781,3,25,금
2022-03-25,5호선,목동,15719,16919,32638,-1200,3,25,금
2022-03-25,5호선,까치산,27183,26190,53373,993,3,25,금
2022-03-25,5호선,화곡,26848,25106,51954,1742,3,25,금
2022-03-25,5호선,우장산,13943,13819,27762,124,3,25,금
2022-03-25,5호선,발산,18782,19243,38025,-461,3,25,금
2022-03-25,5호선,마곡,9852,9796,19648,56,3,25,금
2022-03-25,5호선,송정,6274,5996,12270,278,3,25,금
2022-03-25,5호선,김포공항,7032,6743,13775,289,3,25,금
2022-03-25,5호선,개화산,5201,4976,10177,225,3,25,금
2022-03-25,5호선,방화,6087,5880,11967,207,3,25,금
2022-03-25,4호선,남태령,1135,1125,2260,10,3,25,금
2022-03-25,4호선,사당,24658,20379,45037,4279,3,25,금
2022-03-25,4호선,총신대입구(이수),17713,19237,36950,-1524,3,25,금
2022-03-25,4호선,동작(현충원),1428,1584,3012,-156,3,25,금
2022-03-25,4호선,이촌(국립중앙박물관),6225,7060,13285,-835,3,25,금
2022-03-25,4호선,신용산,14842,15108,29950,-266,3,25,금
2022-03-25,4호선,삼각지,4866,5825,10691,-959,3,25,금
2022-03-25,4호선,숙대입구(갈월),12879,12156,25035,723,3,25,금
2022-03-25,4호선,서울역,9879,15816,25695,-5937,3,25,금
2022-03-25,4호선,회현(남대문시장),21342,21884,43226,-542,3,25,금
2022-03-25,4호선,명동,17216,18039,35255,-823,3,25,금
2022-03-25,4호선,충무로,25851,26512,52363,-661,3,25,금
2022-03-25,4호선,동대문역사문화공원(DDP),13672,12799,26471,873,3,25,금
2022-03-25,6호선,한강진,7274,8612,15886,-1338,3,25,금
2022-03-25,6호선,버티고개,1947,1955,3902,-8,3,25,금
2022-03-25,6호선,약수,3404,3472,6876,-68,3,25,금
2022-03-25,6호선,청구,3451,3766,7217,-315,3,25,금
2022-03-25,6호선,신당,7671,7584,15255,87,3,25,금
2022-03-25,6호선,동묘앞,7536,7396,14932,140,3,25,금
2022-03-25,6호선,창신,3418,2854,6272,564,3,25,금
2022-03-25,6호선,보문,7255,6604,13859,651,3,25,금
2022-03-25,6호선,안암(고대병원앞),12111,11209,23320,902,3,25,금
2022-03-25,6호선,고려대(종암),7959,7573,15532,386,3,25,금
2022-03-25,4호선,동대문,17914,17998,35912,-84,3,25,금
2022-03-25,4호선,혜화,30877,28933,59810,1944,3,25,금
2022-03-25,1호선,서울역,41104,41346,82450,-242,3,25,금
2022-03-25,1호선,시청,19905,20390,40295,-485,3,25,금
2022-03-25,1호선,종각,31002,29242,60244,1760,3,25,금
2022-03-25,1호선,종로3가,22837,21496,44333,1341,3,25,금
2022-03-25,1호선,종로5가,21678,21554,43232,124,3,25,금
2022-03-25,1호선,동대문,10329,9197,19526,1132,3,25,금
2022-03-25,1호선,신설동,13506,12929,26435,577,3,25,금
2022-03-25,1호선,제기동,16243,16604,32847,-361,3,25,금
2022-03-25,1호선,청량리(서울시립대입구),19315,19401,38716,-86,3,25,금
2022-03-25,1호선,동묘앞,7559,8048,15607,-489,3,25,금
2022-03-25,2호선,시청,21342,20321,41663,1021,3,25,금
2022-03-25,2호선,을지로입구,34742,35681,70423,-939,3,25,금
2022-03-25,2호선,을지로3가,20440,20409,40849,31,3,25,금
2022-03-25,2호선,을지로4가,12067,12008,24075,59,3,25,금
2022-03-25,2호선,동대문역사문화공원(DDP),11347,13043,24390,-1696,3,25,금
2022-03-25,2호선,신당,13187,13541,26728,-354,3,25,금
2022-03-25,2호선,상왕십리,13400,13157,26557,243,3,25,금
2022-03-25,2호선,왕십리(성동구청),17045,13628,30673,3417,3,25,금
2022-03-25,2호선,한양대,12029,13180,25209,-1151,3,25,금
2022-03-25,2호선,뚝섬,20587,21982,42569,-1395,3,25,금
2022-03-25,2호선,성수,35572,38910,74482,-3338,3,25,금
2022-03-25,2호선,건대입구,35942,37403,73345,-1461,3,25,금
2022-03-25,2호선,구의(광진구청),22482,22136,44618,346,3,25,금
2022-03-25,2호선,강변(동서울터미널),28951,27613,56564,1338,3,25,금
2022-03-25,2호선,잠실나루,13248,12883,26131,365,3,25,금
2022-03-25,2호선,잠실(송파구청),60768,60406,121174,362,3,25,금
2022-03-25,2호선,잠실새내,20087,20539,40626,-452,3,25,금
2022-03-25,2호선,종합운동장,10470,10690,21160,-220,3,25,금
2022-03-25,2호선,삼성(무역센터),46820,47046,93866,-226,3,25,금
2022-03-25,2호선,선릉,50766,45247,96013,5519,3,25,금
2022-03-25,2호선,역삼,46086,51172,97258,-5086,3,25,금
2022-03-25,2호선,강남,80279,78816,159095,1463,3,25,금
2022-03-25,2호선,교대(법원.검찰청),31427,35595,67022,-4168,3,25,금
2022-03-25,2호선,서초,19436,18484,37920,952,3,25,금
2022-03-25,2호선,방배,17674,18215,35889,-541,3,25,금
2022-03-25,2호선,사당,35355,38246,73601,-2891,3,25,금
2022-03-25,2호선,낙성대(강감찬),26561,24909,51470,1652,3,25,금
2022-03-25,2호선,서울대입구(관악구청),46545,44446,90991,2099,3,25,금
2022-03-25,2호선,봉천,22569,21001,43570,1568,3,25,금
2022-03-25,2호선,신림,60744,58861,119605,1883,3,25,금
2022-03-25,2호선,신대방,24641,23952,48593,689,3,25,금
2022-03-25,2호선,구로디지털단지,55056,54903,109959,153,3,25,금
2022-03-25,5호선,신정(은행정),12886,10542,23428,2344,3,25,금
2022-03-25,2호선,대림(구로구청),21855,22688,44543,-833,3,25,금
2022-03-25,2호선,신도림,44047,45018,89065,-971,3,25,금
2022-03-25,2호선,문래,20728,20977,41705,-249,3,25,금
2022-03-25,2호선,영등포구청,21381,21938,43319,-557,3,25,금
2022-03-25,2호선,당산,17530,20169,37699,-2639,3,25,금
2022-03-25,2호선,합정,30248,32038,62286,-1790,3,25,금
2022-03-25,2호선,홍대입구,54450,57269,111719,-2819,3,25,금
2022-03-25,2호선,신촌,33309,32758,66067,551,3,25,금
2022-03-25,2호선,이대,13845,14335,28180,-490,3,25,금
2022-03-25,2호선,아현,10185,9717,19902,468,3,25,금
2022-03-25,2호선,충정로(경기대입구),9248,9919,19167,-671,3,25,금
2022-03-25,2호선,용답,3027,3155,6182,-128,3,25,금
2022-03-25,2호선,신답,1574,1728,3302,-154,3,25,금
2022-03-25,2호선,신설동,3308,3477,6785,-169,3,25,금
2022-03-25,2호선,도림천,1342,1466,2808,-124,3,25,금
2022-03-25,2호선,양천구청,6289,6651,12940,-362,3,25,금
2022-03-25,2호선,신정네거리,9526,9970,19496,-444,3,25,금
2022-03-25,2호선,용두(동대문구청),2294,2357,4651,-63,3,25,금
2022-03-25,3호선,지축,4497,4198,8695,299,3,25,금
2022-03-25,3호선,구파발,18985,18221,37206,764,3,25,금
2022-03-25,3호선,연신내,34521,32512,67033,2009,3,25,금
2022-03-25,3호선,불광,15203,16423,31626,-1220,3,25,금
2022-03-25,3호선,녹번,14235,12961,27196,1274,3,25,금
2022-03-25,3호선,홍제,16403,15996,32399,407,3,25,금
2022-03-25,3호선,무악재,3543,3603,7146,-60,3,25,금
2022-03-25,3호선,독립문,6356,6617,12973,-261,3,25,금
2022-03-25,3호선,경복궁(정부서울청사),19005,17737,36742,1268,3,25,금
2022-03-25,3호선,안국,19043,18925,37968,118,3,25,금
2022-03-25,3호선,종로3가,9703,11212,20915,-1509,3,25,금
2022-03-25,3호선,을지로3가,9769,9821,19590,-52,3,25,금
2022-03-25,3호선,동대입구,7616,8181,15797,-565,3,25,금
2022-03-25,3호선,약수,12277,12283,24560,-6,3,25,금
2022-03-25,3호선,금호,7363,7118,14481,245,3,25,금
2022-03-25,3호선,옥수,7938,8412,16350,-474,3,25,금
2022-03-25,3호선,압구정,29777,31751,61528,-1974,3,25,금
2022-03-25,3호선,신사,30409,31895,62304,-1486,3,25,금
2022-03-25,3호선,잠원,4475,4738,9213,-263,3,25,금
2022-03-25,3호선,고속터미널,39498,41154,80652,-1656,3,25,금
2022-03-25,3호선,교대(법원.검찰청),13380,8585,21965,4795,3,25,금
2022-03-25,3호선,남부터미널(예술의전당),27908,27570,55478,338,3,25,금
2022-03-25,3호선,양재(서초구청),36561,37763,74324,-1202,3,25,금
2022-03-25,3호선,매봉,11223,10635,21858,588,3,25,금
2022-03-25,3호선,도곡,4962,5289,10251,-327,3,25,금
2022-03-25,3호선,대치,10195,10365,20560,-170,3,25,금
2022-03-25,3호선,학여울,2896,2981,5877,-85,3,25,금
2022-03-25,3호선,대청,9794,9021,18815,773,3,25,금
2022-03-25,3호선,일원,9244,8790,18034,454,3,25,금
2022-03-25,3호선,수서,16770,17026,33796,-256,3,25,금
2022-03-25,3호선,가락시장,8531,8391,16922,140,3,25,금
2022-03-25,3호선,경찰병원,6832,6779,13611,53,3,25,금
2022-03-25,3호선,오금,5774,5310,11084,464,3,25,금
2022-03-25,4호선,당고개,8564,7971,16535,593,3,25,금
2022-03-25,4호선,상계,17809,16879,34688,930,3,25,금
2022-03-25,4호선,노원,18412,20854,39266,-2442,3,25,금
2022-03-25,4호선,창동,24396,26266,50662,-1870,3,25,금
2022-03-25,4호선,쌍문,27328,26287,53615,1041,3,25,금
2022-03-25,4호선,수유(강북구청),32097,32701,64798,-604,3,25,금
2022-03-25,4호선,미아(서울사이버대학),14359,14598,28957,-239,3,25,금
2022-03-25,4호선,미아사거리,25672,26033,51705,-361,3,25,금
2022-03-25,4호선,길음,19126,19283,38409,-157,3,25,금
2022-03-25,4호선,성신여대입구(돈암),19860,19576,39436,284,3,25,금
2022-03-25,4호선,한성대입구(삼선교),13327,13356,26683,-29,3,25,금
2022-03-25,중앙선,지평,64,80,144,-16,3,25,금
2022-03-25,중앙선,용문,2521,2612,5133,-91,3,25,금
2022-03-25,중앙선,원덕,375,386,761,-11,3,25,금
2022-03-25,중앙선,양평,2586,2697,5283,-111,3,25,금
2022-03-25,중앙선,오빈,301,316,617,-15,3,25,금
2022-03-25,중앙선,아신,499,543,1042,-44,3,25,금
2022-03-25,중앙선,국수,680,690,1370,-10,3,25,금
2022-03-25,중앙선,신원,197,199,396,-2,3,25,금
2022-03-25,중앙선,양수,1786,1744,3530,42,3,25,금
2022-03-25,중앙선,운길산,665,646,1311,19,3,25,금
2022-03-25,중앙선,팔당,804,878,1682,-74,3,25,금
2022-03-25,중앙선,도심,2335,1861,4196,474,3,25,금
2022-03-25,중앙선,덕소,5169,5311,10480,-142,3,25,금
2022-03-25,중앙선,양정,746,639,1385,107,3,25,금
2022-03-25,중앙선,도농,9808,9090,18898,718,3,25,금
2022-03-25,중앙선,구리,12534,13024,25558,-490,3,25,금
2022-03-25,중앙선,양원,2688,2543,5231,145,3,25,금
2022-03-25,중앙선,망우,7468,7261,14729,207,3,25,금
2022-03-25,경부선,오산,9974,9803,19777,171,3,25,금
2022-03-25,분당선,정자,16033,17223,33256,-1190,3,25,금
2022-03-25,분당선,수내,12440,12468,24908,-28,3,25,금
2022-03-25,분당선,서현,23456,23754,47210,-298,3,25,금
2022-03-25,분당선,야탑,24984,25917,50901,-933,3,25,금
2022-03-25,분당선,모란,19465,19859,39324,-394,3,25,금
2022-03-25,분당선,태평,12938,12443,25381,495,3,25,금
2022-03-25,분당선,가천대,9335,9605,18940,-270,3,25,금
2022-03-25,분당선,선정릉,7408,7867,15275,-459,3,25,금
2022-03-25,분당선,강남구청,9438,10797,20235,-1359,3,25,금
2022-03-25,분당선,압구정로데오,19713,21734,41447,-2021,3,25,금
2022-03-25,분당선,서울숲,9640,9702,19342,-62,3,25,금
2022-03-25,분당선,수원,8130,6921,15051,1209,3,25,금
2022-03-25,분당선,복정,1,0,1,1,3,25,금
2022-03-25,분당선,수서,13476,14575,28051,-1099,3,25,금
2022-03-25,분당선,대모산입구,4225,4067,8292,158,3,25,금
2022-03-25,분당선,개포동,3722,3927,7649,-205,3,25,금
2022-03-25,과천선,선바위,7690,7217,14907,473,3,25,금
2022-03-25,과천선,경마공원,5560,5718,11278,-158,3,25,금
2022-03-25,과천선,대공원,2175,2315,4490,-140,3,25,금
2022-03-25,과천선,과천,5748,5800,11548,-52,3,25,금
2022-03-25,과천선,정부과천청사,9630,10130,19760,-500,3,25,금
2022-03-25,과천선,인덕원,22788,23784,46572,-996,3,25,금
2022-03-25,과천선,평촌,16650,16454,33104,196,3,25,금
2022-03-25,과천선,범계,24874,25121,49995,-247,3,25,금
2022-03-25,분당선,선릉,12248,18336,30584,-6088,3,25,금
2022-03-25,분당선,한티,13651,14579,28230,-928,3,25,금
2022-03-25,분당선,도곡,6554,6442,12996,112,3,25,금
2022-03-25,분당선,구룡,2330,2171,4501,159,3,25,금
2022-03-25,9호선,공항시장,2878,3156,6034,-278,3,25,금
2022-03-25,9호선,김포공항,7167,10725,17892,-3558,3,25,금
2022-03-25,9호선,개화,2176,1636,3812,540,3,25,금
2022-03-25,8호선,남위례,4430,4563,8993,-133,3,25,금
2022-03-25,8호선,모란,4353,3528,7881,825,3,25,금
2022-03-25,8호선,수진,5130,4721,9851,409,3,25,금
2022-03-25,8호선,신흥,3971,4263,8234,-292,3,25,금
2022-03-25,8호선,단대오거리,10559,9873,20432,686,3,25,금
2022-03-25,8호선,남한산성입구(성남법원.검찰청),14211,12652,26863,1559,3,25,금
2022-03-25,8호선,산성,4996,4976,9972,20,3,25,금
2022-03-25,8호선,복정,9411,7875,17286,1536,3,25,금
2022-03-25,8호선,장지,16314,15634,31948,680,3,25,금
2022-03-25,8호선,문정,20644,21290,41934,-646,3,25,금
2022-03-25,8호선,가락시장,7461,8439,15900,-978,3,25,금
2022-03-25,8호선,송파,7148,7385,14533,-237,3,25,금
2022-03-25,8호선,석촌,7498,8714,16212,-1216,3,25,금
2022-03-25,8호선,잠실(송파구청),12702,14715,27417,-2013,3,25,금
2022-03-25,8호선,몽촌토성(평화의문),5612,5818,11430,-206,3,25,금
2022-03-25,8호선,강동구청,9796,10117,19913,-321,3,25,금
2022-03-25,8호선,천호(풍납토성),13798,16186,29984,-2388,3,25,금
2022-03-25,8호선,암사,17596,15529,33125,2067,3,25,금
2022-03-25,7호선,온수(성공회대입구),9622,9149,18771,473,3,25,금
2022-03-25,7호선,반포,5581,5285,10866,296,3,25,금
2022-03-25,7호선,논현,18975,20936,39911,-1961,3,25,금
2022-03-25,7호선,건대입구,11965,12738,24703,-773,3,25,금
2022-03-25,7호선,어린이대공원(세종대),13557,13435,26992,122,3,25,금
2022-03-25,7호선,군자(능동),14370,11263,25633,3107,3,25,금
2022-03-25,7호선,중곡,10536,9858,20394,678,3,25,금
2022-03-25,7호선,용마산(용마폭포공원),5686,5354,11040,332,3,25,금
2022-03-25,7호선,사가정,15220,15466,30686,-246,3,25,금
2022-03-25,7호선,면목,15150,14863,30013,287,3,25,금
2022-03-25,7호선,상봉(시외버스터미널),15887,15029,30916,858,3,25,금
2022-03-25,7호선,중화,10106,9958,20064,148,3,25,금
2022-03-25,7호선,먹골,9579,9208,18787,371,3,25,금
2022-03-25,7호선,태릉입구,8171,7716,15887,455,3,25,금
2022-03-25,7호선,공릉(서울과학기술대),12306,11723,24029,583,3,25,금
2022-03-25,7호선,하계,16601,15473,32074,1128,3,25,금
2022-03-25,7호선,중계,13548,12181,25729,1367,3,25,금
2022-03-25,7호선,노원,18777,19663,38440,-886,3,25,금
2022-03-25,7호선,마들,12171,11430,23601,741,3,25,금
2022-03-25,7호선,수락산,11568,11399,22967,169,3,25,금
2022-03-25,7호선,도봉산,8416,9830,18246,-1414,3,25,금
2022-03-25,7호선,장암,1990,806,2796,1184,3,25,금
2022-03-25,6호선,봉화산(서울의료원),8090,7733,15823,357,3,25,금
2022-03-25,6호선,화랑대(서울여대입구),11083,8696,19779,2387,3,25,금
2022-03-25,6호선,태릉입구,5208,5777,10985,-569,3,25,금
2022-03-25,6호선,석계,11721,12236,23957,-515,3,25,금
2022-03-25,6호선,돌곶이,9043,8407,17450,636,3,25,금
2022-03-25,6호선,상월곡(한국과학기술연구원),6028,5515,11543,513,3,25,금
2022-03-25,6호선,월곡(동덕여대),11549,11269,22818,280,3,25,금
2022-03-25,중앙선,상봉(시외버스터미널),5405,5418,10823,-13,3,25,금
2022-03-25,중앙선,중랑,5360,5166,10526,194,3,25,금
2022-03-25,중앙선,회기,24418,23056,47474,1362,3,25,금
2022-03-25,장항선,신창(순천향대),3255,1946,5201,1309,3,25,금
2022-03-25,장항선,온양온천,3424,3643,7067,-219,3,25,금
2022-03-25,장항선,배방,1163,1126,2289,37,3,25,금
2022-03-25,장항선,탕정,820,669,1489,151,3,25,금
2022-03-25,장항선,아산,3976,3818,7794,158,3,25,금
2022-03-25,장항선,쌍용(나사렛대),2483,2146,4629,337,3,25,금
2022-03-25,장항선,봉명,1180,1054,2234,126,3,25,금
2022-03-25,일산선,대화,11317,9243,20560,2074,3,25,금
2022-03-25,일산선,주엽,8181,8498,16679,-317,3,25,금
2022-03-25,일산선,정발산,6612,6886,13498,-274,3,25,금
2022-03-25,일산선,마두,6834,7076,13910,-242,3,25,금
2022-03-25,일산선,백석,9210,9258,18468,-48,3,25,금
2022-03-25,일산선,대곡,1911,1557,3468,354,3,25,금
2022-03-25,일산선,화정,15555,16048,31603,-493,3,25,금
2022-03-25,일산선,원당,10309,9828,20137,481,3,25,금
2022-03-25,일산선,삼송,18282,17646,35928,636,3,25,금
2022-03-25,일산선,원흥,9869,9312,19181,557,3,25,금
2022-03-25,우이신설선,신설동,2087,2069,4156,18,3,25,금
2022-03-25,우이신설선,보문,1472,1519,2991,-47,3,25,금
2022-03-25,우이신설선,성신여대입구(돈암),3593,3683,7276,-90,3,25,금
2022-03-25,우이신설선,정릉,4428,4129,8557,299,3,25,금
2022-03-25,우이신설선,북한산보국문,5905,5486,11391,419,3,25,금
2022-03-25,우이신설선,솔샘,5365,4963,10328,402,3,25,금
2022-03-25,우이신설선,삼양사거리,2340,2379,4719,-39,3,25,금
2022-03-25,우이신설선,삼양,1949,2006,3955,-57,3,25,금
2022-03-25,우이신설선,화계,3268,3091,6359,177,3,25,금
2022-03-25,우이신설선,가오리,4032,3948,7980,84,3,25,금
2022-03-25,우이신설선,4.19민주묘지,3428,3227,6655,201,3,25,금
2022-03-25,우이신설선,솔밭공원,2304,2222,4526,82,3,25,금
2022-03-25,우이신설선,북한산우이,2422,2151,4573,271,3,25,금
2022-03-25,안산선,수리산,4064,3243,7307,821,3,25,금
2022-03-25,안산선,오이도,7888,8006,15894,-118,3,25,금
2022-03-25,안산선,정왕,10018,9567,19585,451,3,25,금
2022-03-25,안산선,신길온천,1667,1595,3262,72,3,25,금
2022-03-25,안산선,안산,10953,10231,21184,722,3,25,금
2022-03-25,안산선,초지,4712,4975,9687,-263,3,25,금
2022-03-25,안산선,고잔,8407,8056,16463,351,3,25,금
2022-03-25,안산선,중앙,17490,18538,36028,-1048,3,25,금
2022-03-25,안산선,한대앞,10150,9961,20111,189,3,25,금
2022-03-25,안산선,상록수,15508,15794,31302,-286,3,25,금
2022-03-25,안산선,반월,4229,4042,8271,187,3,25,금
2022-03-25,안산선,대야미,4963,4421,9384,542,3,25,금
2022-03-25,안산선,산본,15065,16425,31490,-1360,3,25,금
2022-03-25,수인선,인천,972,1588,2560,-616,3,25,금
2022-03-25,수인선,신포,1790,1866,3656,-76,3,25,금
2022-03-25,수인선,숭의,3830,3539,7369,291,3,25,금
2022-03-25,수인선,인하대,6686,6068,12754,618,3,25,금
2022-03-25,수인선,송도,2360,2222,4582,138,3,25,금
2022-03-25,수인선,연수,4587,4647,9234,-60,3,25,금
2022-03-25,수인선,원인재,4311,4600,8911,-289,3,25,금
2022-03-25,수인선,남동인더스파크,2250,2533,4783,-283,3,25,금
2022-03-25,수인선,호구포,3895,4116,8011,-221,3,25,금
2022-03-25,수인선,인천논현,5276,5761,11037,-485,3,25,금
2022-03-25,수인선,소래포구,4567,4426,8993,141,3,25,금
2022-03-25,수인선,월곶,2630,2436,5066,194,3,25,금
2022-03-25,수인선,달월,105,67,172,38,3,25,금
2022-03-25,수인선,사리,4621,4245,8866,376,3,25,금
2022-03-25,수인선,야목,385,299,684,86,3,25,금
2022-03-25,수인선,어천,774,698,1472,76,3,25,금
2022-03-25,수인선,오목천,3366,2965,6331,401,3,25,금
2022-03-25,수인선,고색,5012,4750,9762,262,3,25,금
2022-03-25,분당선,매교,3159,3145,6304,14,3,25,금
2022-03-25,분당선,수원시청,12818,14298,27116,-1480,3,25,금
2022-03-25,분당선,매탄권선,4918,4717,9635,201,3,25,금
2022-03-25,분당선,망포,14298,13294,27592,1004,3,25,금
2022-03-25,분당선,영통,8567,8597,17164,-30,3,25,금
2022-03-25,분당선,청명,4260,4027,8287,233,3,25,금
2022-03-25,분당선,상갈,4960,4862,9822,98,3,25,금
2022-03-25,분당선,기흥,9153,8721,17874,432,3,25,금
2022-03-25,분당선,신갈,4187,4208,8395,-21,3,25,금
2022-03-25,분당선,구성,4719,4835,9554,-116,3,25,금
2022-03-25,분당선,죽전,13535,14782,28317,-1247,3,25,금
2022-03-25,분당선,보정,2289,2095,4384,194,3,25,금
2022-03-25,분당선,이매,5386,5246,10632,140,3,25,금
2022-03-25,분당선,오리,10936,9004,19940,1932,3,25,금
2022-03-25,분당선,미금,14977,15856,30833,-879,3,25,금
2022-03-25,공항철도 1호선,영종,2822,2974,5796,-152,3,25,금
2022-03-25,공항철도 1호선,인천공항2터미널,2188,2034,4222,154,3,25,금
2022-03-25,공항철도 1호선,인천공항1터미널,3721,3840,7561,-119,3,25,금
2022-03-25,공항철도 1호선,공항화물청사,2278,2371,4649,-93,3,25,금
2022-03-25,공항철도 1호선,운서,6355,6344,12699,11,3,25,금
2022-03-25,공항철도 1호선,청라국제도시,6409,6226,12635,183,3,25,금
2022-03-25,공항철도 1호선,검암,6292,6139,12431,153,3,25,금
2022-03-25,공항철도 1호선,계양,9616,9295,18911,321,3,25,금
2022-03-25,공항철도 1호선,김포공항,12420,6173,18593,6247,3,25,금
2022-03-25,공항철도 1호선,마곡나루(서울식물원),7289,7288,14577,1,3,25,금
2022-03-25,공항철도 1호선,디지털미디어시티,12587,11445,24032,1142,3,25,금
2022-03-25,공항철도 1호선,홍대입구,9496,9691,19187,-195,3,25,금
2022-03-25,공항철도 1호선,공덕,2091,2866,4957,-775,3,25,금
2022-03-25,공항철도 1호선,서울역,8289,7668,15957,621,3,25,금
2022-03-25,경춘선,춘천,1532,1132,2664,400,3,25,금
2022-03-25,경춘선,남춘천,2723,2315,5038,408,3,25,금
2022-03-25,경춘선,김유정,237,293,530,-56,3,25,금
2022-03-25,경춘선,강촌,294,326,620,-32,3,25,금
2022-03-25,경춘선,백양리,60,63,123,-3,3,25,금
2022-03-25,경춘선,굴봉산,86,102,188,-16,3,25,금
2022-03-25,경춘선,가평,1318,1462,2780,-144,3,25,금
2022-03-25,경춘선,상천,248,231,479,17,3,25,금
2022-03-25,경춘선,청평,1409,1528,2937,-119,3,25,금
2022-03-25,경춘선,대성리,419,467,886,-48,3,25,금
2022-03-25,경춘선,마석,3589,3644,7233,-55,3,25,금
2022-03-25,경춘선,천마산,1621,1506,3127,115,3,25,금
2022-03-25,경춘선,평내호평,5732,5787,11519,-55,3,25,금
2022-03-25,경춘선,금곡,1428,1400,2828,28,3,25,금
2022-03-25,경춘선,사릉,2369,2377,4746,-8,3,25,금
2022-03-25,경춘선,퇴계원,3242,3072,6314,170,3,25,금
2022-03-25,경춘선,별내,3080,3002,6082,78,3,25,금
2022-03-25,경춘선,갈매,2844,2506,5350,338,3,25,금
2022-03-25,경춘선,신내,2010,1922,3932,88,3,25,금
2022-03-25,경인선,도화,3924,3672,7596,252,3,25,금
2022-03-25,경인선,중동,8854,8479,17333,375,3,25,금
2022-03-25,경인선,온수(성공회대입구),6443,6122,12565,321,3,25,금
2022-03-25,경인선,도원,2948,2962,5910,-14,3,25,금
2022-03-25,경인선,간석,5633,5315,10948,318,3,25,금
2022-03-25,경인선,부개,8047,7564,15611,483,3,25,금
2022-03-25,경인선,소사,8276,7886,16162,390,3,25,금
2022-03-25,경인선,구일,5912,5841,11753,71,3,25,금
2022-03-25,경인선,인천,3073,2343,5416,730,3,25,금
2022-03-25,경인선,동인천,12980,12405,25385,575,3,25,금
2022-03-25,경인선,제물포,10331,9907,20238,424,3,25,금
2022-03-25,경인선,주안,18505,16713,35218,1792,3,25,금
2022-03-25,경인선,동암,13715,14146,27861,-431,3,25,금
2022-03-25,경인선,백운,6683,6550,13233,133,3,25,금
2022-03-25,경인선,부평,27964,30482,58446,-2518,3,25,금
2022-03-25,경인선,송내,24860,24815,49675,45,3,25,금
2022-03-25,경인선,부천,30588,31201,61789,-613,3,25,금
2022-03-25,경인선,역곡,26228,25864,52092,364,3,25,금
2022-03-25,경인선,오류동,11292,10375,21667,917,3,25,금
2022-03-25,경인선,개봉,19817,19843,39660,-26,3,25,금
2022-03-25,경의선,임진강,6,4,10,2,3,25,금
2022-03-25,경의선,문산,4776,4720,9496,56,3,25,금
2022-03-25,경의선,파주,1306,791,2097,515,3,25,금
2022-03-25,경의선,월롱,2744,2153,4897,591,3,25,금
2022-03-25,경의선,금촌,6132,6134,12266,-2,3,25,금
2022-03-25,경의선,금릉,4524,4496,9020,28,3,25,금
2022-03-25,경의선,운정,6506,6320,12826,186,3,25,금
2022-03-25,경의선,야당,7322,7452,14774,-130,3,25,금
2022-03-25,경의선,탄현,7187,6992,14179,195,3,25,금
2022-03-25,경의선,일산,8566,8837,17403,-271,3,25,금
2022-03-25,경의선,풍산,5219,4937,10156,282,3,25,금
2022-03-25,경의선,백마,6560,6530,13090,30,3,25,금
2022-03-25,경의선,곡산,561,600,1161,-39,3,25,금
2022-03-25,경의선,능곡,3603,3343,6946,260,3,25,금
2022-03-25,경의선,행신,7574,7756,15330,-182,3,25,금
2022-03-25,경의선,강매,3019,2639,5658,380,3,25,금
2022-03-25,경의선,화전,2908,2616,5524,292,3,25,금
2022-03-25,경의선,수색,2565,2674,5239,-109,3,25,금
2022-03-25,경의선,디지털미디어시티,2328,2242,4570,86,3,25,금
2022-03-25,경의선,가좌,4977,4925,9902,52,3,25,금
2022-03-25,경의선,홍대입구,1617,1989,3606,-372,3,25,금
2022-03-25,경의선,서강대,1996,2048,4044,-52,3,25,금
2022-03-25,경의선,공덕,3346,2881,6227,465,3,25,금
2022-03-25,경의선,효창공원앞,2811,3261,6072,-450,3,25,금
2022-03-25,경의선,신촌,768,1040,1808,-272,3,25,금
2022-03-25,경의선,서울역,4001,5017,9018,-1016,3,25,금
2022-03-25,경원선,소요산,2245,2034,4279,211,3,25,금
2022-03-25,경원선,동두천,2439,2449,4888,-10,3,25,금
2022-03-25,경원선,보산,1622,1475,3097,147,3,25,금
2022-03-25,경원선,동두천중앙,3151,3149,6300,2,3,25,금
2022-03-25,경원선,지행,6405,6402,12807,3,3,25,금
2022-03-25,경원선,덕정,5911,5504,11415,407,3,25,금
2022-03-25,경원선,덕계,3027,2787,5814,240,3,25,금
2022-03-25,경원선,양주,7437,6945,14382,492,3,25,금
2022-03-25,경원선,녹양,4409,4289,8698,120,3,25,금
2022-03-25,경원선,가능,6449,6208,12657,241,3,25,금
2022-03-25,경원선,의정부,17551,18441,35992,-890,3,25,금
2022-03-25,경원선,회룡,11683,11718,23401,-35,3,25,금
2022-03-25,경원선,망월사,7351,7410,14761,-59,3,25,금
2022-03-25,경원선,도봉산,7054,4540,11594,2514,3,25,금
2022-03-25,경원선,도봉,5578,5421,10999,157,3,25,금
2022-03-25,경원선,방학,9304,9243,18547,61,3,25,금
2022-03-25,경원선,창동,1,0,1,1,3,25,금
2022-03-25,경원선,녹천,4510,3763,8273,747,3,25,금
2022-03-25,경원선,월계,7403,6907,14310,496,3,25,금
2022-03-25,경원선,광운대,8251,7910,16161,341,3,25,금
2022-03-25,경원선,석계,7867,8628,16495,-761,3,25,금
2022-03-25,경원선,신이문,7969,7353,15322,616,3,25,금
2022-03-25,경원선,외대앞,8365,8054,16419,311,3,25,금
2022-03-25,경원선,청량리(서울시립대입구),15301,15319,30620,-18,3,25,금
2022-03-25,경원선,왕십리(성동구청),14198,15143,29341,-945,3,25,금
2022-03-25,경원선,응봉,1751,1525,3276,226,3,25,금
2022-03-25,경원선,옥수,67,16,83,51,3,25,금
2022-03-25,경원선,한남,3785,3677,7462,108,3,25,금
2022-03-25,경원선,서빙고,1805,1664,3469,141,3,25,금
2022-03-25,경원선,이촌(국립중앙박물관),3339,2629,5968,710,3,25,금
2022-03-25,경부선,광명,3308,3002,6310,306,3,25,금
2022-03-25,경부선,서동탄,1266,1206,2472,60,3,25,금
2022-03-25,경부선,당정,6072,5721,11793,351,3,25,금
2022-03-25,경부선,천안,6367,5985,12352,382,3,25,금
2022-03-25,경부선,두정,6877,6210,13087,667,3,25,금
2022-03-25,경부선,직산,863,785,1648,78,3,25,금
2022-03-25,경부선,성환,4273,3648,7921,625,3,25,금
2022-03-25,경부선,평택,13068,12482,25550,586,3,25,금
2022-03-25,경부선,평택지제,3713,3529,7242,184,3,25,금
2022-03-25,경부선,서정리,7602,6340,13942,1262,3,25,금
2022-03-25,경부선,송탄,4615,4274,8889,341,3,25,금
2022-03-26,공항철도 1호선,검암,3788,3863,7651,-75,3,26,토
2022-03-26,공항철도 1호선,계양,5866,5485,11351,381,3,26,토
2022-03-26,공항철도 1호선,김포공항,10629,5369,15998,5260,3,26,토
2022-03-26,공항철도 1호선,마곡나루(서울식물원),2652,2959,5611,-307,3,26,토
2022-03-26,공항철도 1호선,디지털미디어시티,4757,4495,9252,262,3,26,토
2022-03-26,공항철도 1호선,홍대입구,10385,10286,20671,99,3,26,토
2022-03-26,공항철도 1호선,공덕,1318,2119,3437,-801,3,26,토
2022-03-26,공항철도 1호선,서울역,6038,6387,12425,-349,3,26,토
2022-03-26,경춘선,춘천,1112,996,2108,116,3,26,토
2022-03-26,경춘선,남춘천,2003,1902,3905,101,3,26,토
2022-03-26,경춘선,김유정,226,289,515,-63,3,26,토
2022-03-26,경춘선,강촌,350,391,741,-41,3,26,토
2022-03-26,경춘선,백양리,65,78,143,-13,3,26,토
2022-03-26,경춘선,굴봉산,115,107,222,8,3,26,토
2022-03-26,경춘선,가평,1064,1224,2288,-160,3,26,토
2022-03-26,경춘선,상천,202,172,374,30,3,26,토
2022-03-26,경춘선,청평,1029,1120,2149,-91,3,26,토
2022-03-26,경춘선,대성리,409,538,947,-129,3,26,토
2022-03-26,경춘선,마석,2274,2337,4611,-63,3,26,토
2022-03-26,경춘선,천마산,1038,1027,2065,11,3,26,토
2022-03-26,경춘선,평내호평,3471,3339,6810,132,3,26,토
2022-03-26,경춘선,금곡,821,801,1622,20,3,26,토
2022-03-26,경춘선,사릉,1384,1412,2796,-28,3,26,토
2022-03-26,경춘선,퇴계원,1952,1776,3728,176,3,26,토
2022-03-26,경춘선,별내,1910,1810,3720,100,3,26,토
2022-03-26,경춘선,갈매,1671,1413,3084,258,3,26,토
2022-03-26,경춘선,신내,1000,950,1950,50,3,26,토
2022-03-26,경인선,도화,2650,2381,5031,269,3,26,토
2022-03-26,경인선,중동,5544,5228,10772,316,3,26,토
2022-03-26,경인선,온수(성공회대입구),3985,3648,7633,337,3,26,토
2022-03-26,경인선,도원,1614,1621,3235,-7,3,26,토
2022-03-26,경인선,간석,3626,3473,7099,153,3,26,토
2022-03-26,경인선,부개,5202,4915,10117,287,3,26,토
2022-03-26,경인선,소사,6276,6023,12299,253,3,26,토
2022-03-26,경인선,구일,3541,3431,6972,110,3,26,토
2022-03-26,경인선,인천,3010,2508,5518,502,3,26,토
2022-03-26,경인선,동인천,9882,9702,19584,180,3,26,토
2022-03-26,경인선,제물포,6258,6118,12376,140,3,26,토
2022-03-26,경인선,주안,13561,12024,25585,1537,3,26,토
2022-03-26,경인선,동암,10120,10395,20515,-275,3,26,토
2022-03-26,경인선,백운,4428,4428,8856,0,3,26,토
2022-03-26,경인선,부평,24994,27550,52544,-2556,3,26,토
2022-03-26,경인선,송내,14954,14673,29627,281,3,26,토
2022-03-26,경인선,부천,24597,25310,49907,-713,3,26,토
2022-03-26,경인선,역곡,16921,16480,33401,441,3,26,토
2022-03-26,경인선,오류동,7778,7119,14897,659,3,26,토
2022-03-26,경인선,개봉,13186,12797,25983,389,3,26,토
2022-03-26,경의선,임진강,25,27,52,-2,3,26,토
2022-03-26,경의선,문산,3552,3491,7043,61,3,26,토
2022-03-26,경의선,파주,683,487,1170,196,3,26,토
2022-03-26,경의선,월롱,1704,1430,3134,274,3,26,토
2022-03-26,경의선,금촌,4832,4733,9565,99,3,26,토
2022-03-26,경의선,금릉,3057,2937,5994,120,3,26,토
2022-03-26,경의선,운정,4010,3743,7753,267,3,26,토
2022-03-26,경의선,야당,5167,5087,10254,80,3,26,토
2022-03-26,경의선,탄현,4471,4345,8816,126,3,26,토
2022-03-26,경의선,일산,5059,4881,9940,178,3,26,토
2022-03-26,경의선,풍산,3473,3286,6759,187,3,26,토
2022-03-26,경의선,백마,3614,3474,7088,140,3,26,토
2022-03-26,경의선,곡산,326,348,674,-22,3,26,토
2022-03-26,경의선,능곡,2351,2335,4686,16,3,26,토
2022-03-26,경의선,행신,4295,4519,8814,-224,3,26,토
2022-03-26,경의선,강매,1644,1495,3139,149,3,26,토
2022-03-26,경의선,화전,1079,966,2045,113,3,26,토
2022-03-26,경의선,수색,1258,1224,2482,34,3,26,토
2022-03-26,경의선,디지털미디어시티,1644,1391,3035,253,3,26,토
2022-03-26,경의선,가좌,3266,3046,6312,220,3,26,토
2022-03-26,경의선,홍대입구,1649,1991,3640,-342,3,26,토
2022-03-26,경의선,서강대,1423,1385,2808,38,3,26,토
2022-03-26,경의선,공덕,2251,1625,3876,626,3,26,토
2022-03-26,경의선,효창공원앞,1524,1618,3142,-94,3,26,토
2022-03-26,경의선,신촌,328,315,643,13,3,26,토
2022-03-26,경의선,서울역,1011,1183,2194,-172,3,26,토
2022-03-26,경원선,소요산,2011,1731,3742,280,3,26,토
2022-03-26,경원선,동두천,1312,1524,2836,-212,3,26,토
2022-03-26,경원선,보산,1318,1313,2631,5,3,26,토
2022-03-26,경원선,동두천중앙,2112,2085,4197,27,3,26,토
2022-03-26,경원선,지행,4452,4483,8935,-31,3,26,토
2022-03-26,경원선,덕정,3836,3602,7438,234,3,26,토
2022-03-26,경원선,덕계,1943,1794,3737,149,3,26,토
2022-03-26,경원선,양주,4955,4684,9639,271,3,26,토
2022-03-26,경원선,녹양,3061,2944,6005,117,3,26,토
2022-03-26,경원선,가능,4547,4267,8814,280,3,26,토
2022-03-26,경원선,의정부,15053,15686,30739,-633,3,26,토
2022-03-26,경원선,회룡,8011,7982,15993,29,3,26,토
2022-03-26,경원선,망월사,4843,4887,9730,-44,3,26,토
2022-03-26,경원선,도봉산,5537,3780,9317,1757,3,26,토
2022-03-26,경원선,도봉,3763,3563,7326,200,3,26,토
2022-03-26,2호선,종합운동장,8423,8901,17324,-478,3,26,토
2022-03-26,2호선,잠실새내,14264,14963,29227,-699,3,26,토
2022-03-26,경원선,방학,6190,6230,12420,-40,3,26,토
2022-03-26,경원선,창동,1,0,1,1,3,26,토
2022-03-26,경원선,녹천,2664,2219,4883,445,3,26,토
2022-03-26,경원선,월계,3841,3681,7522,160,3,26,토
2022-03-26,경원선,광운대,5823,5760,11583,63,3,26,토
2022-03-26,경원선,석계,5573,5830,11403,-257,3,26,토
2022-03-26,경원선,신이문,5278,4778,10056,500,3,26,토
2022-03-26,경원선,외대앞,5546,5253,10799,293,3,26,토
2022-03-26,경원선,청량리(서울시립대입구),12198,13202,25400,-1004,3,26,토
2022-03-26,경원선,왕십리(성동구청),10430,11708,22138,-1278,3,26,토
2022-03-26,경원선,응봉,1203,1091,2294,112,3,26,토
2022-03-26,경원선,옥수,17,26,43,-9,3,26,토
2022-03-26,경원선,한남,2384,2198,4582,186,3,26,토
2022-03-26,경원선,서빙고,1213,1211,2424,2,3,26,토
2022-03-26,경원선,이촌(국립중앙박물관),2326,1746,4072,580,3,26,토
2022-03-26,경부선,광명,2219,1945,4164,274,3,26,토
2022-03-26,경부선,서동탄,786,852,1638,-66,3,26,토
2022-03-26,경부선,당정,3483,3258,6741,225,3,26,토
2022-03-26,경부선,천안,5059,5212,10271,-153,3,26,토
2022-03-26,경부선,두정,4644,4622,9266,22,3,26,토
2022-03-26,경부선,직산,538,497,1035,41,3,26,토
2022-03-26,경부선,성환,2494,2284,4778,210,3,26,토
2022-03-26,경부선,평택,11196,10713,21909,483,3,26,토
2022-03-26,경부선,평택지제,2651,2567,5218,84,3,26,토
2022-03-26,경부선,서정리,5940,4692,10632,1248,3,26,토
2022-03-26,경부선,송탄,4215,3785,8000,430,3,26,토
2022-03-26,경부선,진위,831,704,1535,127,3,26,토
2022-03-26,경부선,오산,7837,7274,15111,563,3,26,토
2022-03-26,경부선,오산대,2231,1988,4219,243,3,26,토
2022-03-26,경부선,세마,1803,1625,3428,178,3,26,토
2022-03-26,경부선,병점,10026,10068,20094,-42,3,26,토
2022-03-26,경부선,세류,2050,2057,4107,-7,3,26,토
2022-03-26,경부선,독산,7367,7202,14569,165,3,26,토
2022-03-26,경부선,수원,31022,33897,64919,-2875,3,26,토
2022-03-26,경부선,화서,4370,4305,8675,65,3,26,토
2022-03-26,경부선,성균관대,8867,8764,17631,103,3,26,토
2022-03-26,경부선,의왕,4847,4766,9613,81,3,26,토
2022-03-26,경부선,군포,3725,3467,7192,258,3,26,토
2022-03-26,경부선,금정,15785,15953,31738,-168,3,26,토
2022-03-26,경부선,명학,4218,4015,8233,203,3,26,토
2022-03-26,경부선,안양,14415,14365,28780,50,3,26,토
2022-03-26,경부선,관악,4451,4248,8699,203,3,26,토
2022-03-26,경부선,석수,5391,4943,10334,448,3,26,토
2022-03-26,9호선2~3단계,중앙보훈병원,3847,3541,7388,306,3,26,토
2022-03-26,9호선2~3단계,둔촌오륜,675,595,1270,80,3,26,토
2022-03-26,9호선2~3단계,올림픽공원(한국체대),4229,4060,8289,169,3,26,토
2022-03-26,9호선2~3단계,한성백제,1454,1310,2764,144,3,26,토
2022-03-26,9호선2~3단계,송파나루,3706,4085,7791,-379,3,26,토
2022-03-26,9호선2~3단계,석촌,5921,5102,11023,819,3,26,토
2022-03-26,9호선2~3단계,석촌고분,3600,3413,7013,187,3,26,토
2022-03-26,9호선2~3단계,삼전,4276,3942,8218,334,3,26,토
2022-03-26,9호선2~3단계,종합운동장,2837,2798,5635,39,3,26,토
2022-03-26,9호선2~3단계,봉은사,9964,10685,20649,-721,3,26,토
2022-03-26,9호선2~3단계,삼성중앙,2641,2635,5276,6,3,26,토
2022-03-26,9호선2~3단계,선정릉,4066,4609,8675,-543,3,26,토
2022-03-26,9호선2~3단계,언주,5171,5143,10314,28,3,26,토
2022-03-26,9호선,신논현,22535,22250,44785,285,3,26,토
2022-03-26,9호선,사평,1904,1726,3630,178,3,26,토
2022-03-26,9호선,고속터미널,10266,14124,24390,-3858,3,26,토
2022-03-26,7호선,천왕,5895,5535,11430,360,3,26,토
2022-03-26,7호선,광명사거리,14182,14318,28500,-136,3,26,토
2022-03-26,7호선,철산,12481,12542,25023,-61,3,26,토
2022-03-26,7호선,가산디지털단지,12312,11293,23605,1019,3,26,토
2022-03-26,7호선,남구로,7010,7104,14114,-94,3,26,토
2022-03-26,7호선,대림(구로구청),5791,6056,11847,-265,3,26,토
2022-03-26,7호선,신풍,6746,6429,13175,317,3,26,토
2022-03-26,7호선,보라매,5776,5342,11118,434,3,26,토
2022-03-26,7호선,신대방삼거리,9908,9215,19123,693,3,26,토
2022-03-26,2호선,잠실(송파구청),53685,51650,105335,2035,3,26,토
2022-03-26,2호선,잠실나루,6187,6050,12237,137,3,26,토
2022-03-26,2호선,강변(동서울터미널),21071,20922,41993,149,3,26,토
2022-03-26,2호선,구의(광진구청),14153,13853,28006,300,3,26,토
2022-03-26,2호선,건대입구,31081,33214,64295,-2133,3,26,토
2022-03-26,2호선,성수,17208,19408,36616,-2200,3,26,토
2022-03-26,2호선,뚝섬,11728,12016,23744,-288,3,26,토
2022-03-26,2호선,한양대,4352,4376,8728,-24,3,26,토
2022-03-26,2호선,왕십리(성동구청),11914,10364,22278,1550,3,26,토
2022-03-26,2호선,상왕십리,8480,7802,16282,678,3,26,토
2022-03-26,2호선,신당,9103,9426,18529,-323,3,26,토
2022-03-26,2호선,동대문역사문화공원(DDP),8519,9840,18359,-1321,3,26,토
2022-03-26,2호선,을지로4가,6019,6417,12436,-398,3,26,토
2022-03-26,2호선,을지로3가,9456,9547,19003,-91,3,26,토
2022-03-26,2호선,을지로입구,16952,17566,34518,-614,3,26,토
2022-03-26,2호선,시청,7244,6371,13615,873,3,26,토
2022-03-26,1호선,동묘앞,7763,8291,16054,-528,3,26,토
2022-03-26,1호선,청량리(서울시립대입구),14655,14483,29138,172,3,26,토
2022-03-26,1호선,제기동,12420,12681,25101,-261,3,26,토
2022-03-26,1호선,신설동,8234,7664,15898,570,3,26,토
2022-03-26,1호선,종로5가,15290,16055,31345,-765,3,26,토
2022-03-26,1호선,종로3가,18567,17154,35721,1413,3,26,토
2022-03-26,1호선,종각,16179,15454,31633,725,3,26,토
2022-03-26,1호선,시청,9668,9904,19572,-236,3,26,토
2022-03-26,1호선,서울역,24604,25433,50037,-829,3,26,토
2022-03-26,4호선,길음,12127,11343,23470,784,3,26,토
2022-03-26,7호선,장승배기,5604,5469,11073,135,3,26,토
2022-03-26,7호선,상도,6619,6020,12639,599,3,26,토
2022-03-26,7호선,숭실대입구(살피재),7052,7118,14170,-66,3,26,토
2022-03-26,7호선,남성,6590,6028,12618,562,3,26,토
2022-03-26,7호선,이수,10436,9726,20162,710,3,26,토
2022-03-26,7호선,내방,6715,6732,13447,-17,3,26,토
2022-03-26,7호선,고속터미널,11804,9124,20928,2680,3,26,토
2022-03-26,7호선,반포,3714,3473,7187,241,3,26,토
2022-03-26,7호선,논현,9738,10447,20185,-709,3,26,토
2022-03-26,7호선,학동,9216,9572,18788,-356,3,26,토
2022-03-26,7호선,강남구청,9012,9856,18868,-844,3,26,토
2022-03-26,7호선,청담,9485,10231,19716,-746,3,26,토
2022-03-26,7호선,뚝섬유원지,6607,6145,12752,462,3,26,토
2022-03-26,7호선,건대입구,9285,9721,19006,-436,3,26,토
2022-03-26,7호선,어린이대공원(세종대),7945,7750,15695,195,3,26,토
2022-03-26,7호선,군자(능동),9237,7209,16446,2028,3,26,토
2022-03-26,7호선,중곡,5841,5566,11407,275,3,26,토
2022-03-26,7호선,용마산(용마폭포공원),3527,3380,6907,147,3,26,토
2022-03-26,7호선,사가정,10073,9952,20025,121,3,26,토
2022-03-26,7호선,면목,9465,9045,18510,420,3,26,토
2022-03-26,7호선,상봉(시외버스터미널),11215,10772,21987,443,3,26,토
2022-03-26,7호선,중화,6533,6236,12769,297,3,26,토
2022-03-26,7호선,먹골,7123,6894,14017,229,3,26,토
2022-03-26,7호선,태릉입구,5467,5085,10552,382,3,26,토
2022-03-26,7호선,공릉(서울과학기술대),8121,7643,15764,478,3,26,토
2022-03-26,7호선,하계,10582,9839,20421,743,3,26,토
2022-03-26,7호선,중계,7751,6904,14655,847,3,26,토
2022-03-26,7호선,노원,13661,13732,27393,-71,3,26,토
2022-03-26,7호선,마들,8199,7566,15765,633,3,26,토
2022-03-26,7호선,수락산,7833,7664,15497,169,3,26,토
2022-03-26,7호선,도봉산,4981,6452,11433,-1471,3,26,토
2022-03-26,7호선,장암,1161,708,1869,453,3,26,토
2022-03-26,6호선,봉화산(서울의료원),4346,4482,8828,-136,3,26,토
2022-03-26,6호선,화랑대(서울여대입구),5660,4788,10448,872,3,26,토
2022-03-26,6호선,태릉입구,3600,3769,7369,-169,3,26,토
2022-03-26,6호선,석계,7494,7523,15017,-29,3,26,토
2022-03-26,6호선,돌곶이,5217,4775,9992,442,3,26,토
2022-03-26,6호선,상월곡(한국과학기술연구원),3643,3073,6716,570,3,26,토
2022-03-26,6호선,월곡(동덕여대),6306,6155,12461,151,3,26,토
2022-03-26,6호선,고려대(종암),4799,4678,9477,121,3,26,토
2022-03-26,6호선,안암(고대병원앞),6503,6202,12705,301,3,26,토
2022-03-26,6호선,보문,4454,4068,8522,386,3,26,토
2022-03-26,6호선,창신,1829,1482,3311,347,3,26,토
2022-03-26,6호선,동묘앞,6023,5858,11881,165,3,26,토
2022-03-26,6호선,상수,7780,8928,16708,-1148,3,26,토
2022-03-26,6호선,합정,10563,10153,20716,410,3,26,토
2022-03-26,6호선,망원,10613,11641,22254,-1028,3,26,토
2022-03-26,6호선,마포구청,8078,7116,15194,962,3,26,토
2022-03-26,6호선,월드컵경기장(성산),3296,3298,6594,-2,3,26,토
2022-03-26,6호선,디지털미디어시티,5970,6174,12144,-204,3,26,토
2022-03-26,6호선,증산(명지대앞),6514,6268,12782,246,3,26,토
2022-03-26,6호선,새절(신사),7766,7291,15057,475,3,26,토
2022-03-26,6호선,구산,4590,3442,8032,1148,3,26,토
2022-03-26,6호선,연신내,1,0,1,1,3,26,토
2022-03-26,6호선,독바위,1619,1672,3291,-53,3,26,토
2022-03-26,6호선,불광,3018,2856,5874,162,3,26,토
2022-03-26,6호선,역촌,2265,2634,4899,-369,3,26,토
2022-03-26,6호선,응암,10664,10589,21253,75,3,26,토
2022-03-26,5호선,하남검단산,4007,3830,7837,177,3,26,토
2022-03-26,5호선,하남시청(덕풍·신장),4357,4326,8683,31,3,26,토
2022-03-26,5호선,하남풍산,2291,2319,4610,-28,3,26,토
2022-03-26,5호선,미사,10233,10042,20275,191,3,26,토
2022-03-26,5호선,강일,2312,2249,4561,63,3,26,토
2022-03-26,5호선,마천,3906,4094,8000,-188,3,26,토
2022-03-26,5호선,거여,5237,5108,10345,129,3,26,토
2022-03-26,5호선,개롱,3407,3578,6985,-171,3,26,토
2022-03-26,5호선,오금,1703,1655,3358,48,3,26,토
2022-03-26,5호선,방이,4368,4312,8680,56,3,26,토
2022-03-26,5호선,올림픽공원(한국체대),2324,2115,4439,209,3,26,토
2022-03-26,5호선,둔촌동,5422,5241,10663,181,3,26,토
2022-03-26,5호선,상일동,7524,7038,14562,486,3,26,토
2022-03-26,5호선,고덕,6248,5926,12174,322,3,26,토
2022-03-26,5호선,명일,5116,5020,10136,96,3,26,토
2022-03-26,5호선,굽은다리(강동구민회관앞),6004,5533,11537,471,3,26,토
2022-03-26,5호선,길동,5202,5333,10535,-131,3,26,토
2022-03-26,5호선,강동,11043,10423,21466,620,3,26,토
2022-03-26,5호선,천호(풍납토성),14281,13350,27631,931,3,26,토
2022-03-26,5호선,광나루(장신대),7863,7105,14968,758,3,26,토
2022-03-26,5호선,아차산(어린이대공원후문),9848,9714,19562,134,3,26,토
2022-03-26,5호선,군자(능동),7235,8177,15412,-942,3,26,토
2022-03-26,5호선,장한평,9485,9374,18859,111,3,26,토
2022-03-26,5호선,답십리,8672,7969,16641,703,3,26,토
2022-03-26,5호선,마장,3192,3069,6261,123,3,26,토
2022-03-26,5호선,왕십리(성동구청),3042,3652,6694,-610,3,26,토
2022-03-26,5호선,행당,4436,3916,8352,520,3,26,토
2022-03-26,5호선,신금호,3438,3498,6936,-60,3,26,토
2022-03-26,5호선,청구,2320,2041,4361,279,3,26,토
2022-03-26,5호선,동대문역사문화공원(DDP),906,1175,2081,-269,3,26,토
2022-03-26,5호선,을지로4가,2759,3131,5890,-372,3,26,토
2022-03-26,5호선,종로3가,10337,10873,21210,-536,3,26,토
2022-03-26,5호선,광화문(세종문화회관),12991,13273,26264,-282,3,26,토
2022-03-26,5호선,서대문,6141,5750,11891,391,3,26,토
2022-03-26,5호선,충정로(경기대입구),1670,1558,3228,112,3,26,토
2022-03-26,5호선,애오개,3226,3076,6302,150,3,26,토
2022-03-26,5호선,공덕,5942,6231,12173,-289,3,26,토
2022-03-26,5호선,마포,6256,6334,12590,-78,3,26,토
2022-03-26,5호선,여의나루,8957,10308,19265,-1351,3,26,토
2022-03-26,5호선,여의도,10510,11092,21602,-582,3,26,토
2022-03-26,5호선,신길,2284,2333,4617,-49,3,26,토
2022-03-26,5호선,영등포시장,6798,7161,13959,-363,3,26,토
2022-03-26,5호선,영등포구청,1708,1680,3388,28,3,26,토
2022-03-26,5호선,양평,3186,3078,6264,108,3,26,토
2022-03-26,5호선,오목교(목동운동장앞),14673,14743,29416,-70,3,26,토
2022-03-26,5호선,목동,9431,9460,18891,-29,3,26,토
2022-03-26,5호선,신정(은행정),7610,6535,14145,1075,3,26,토
2022-03-26,5호선,까치산,17881,17120,35001,761,3,26,토
2022-03-26,5호선,화곡,17316,15970,33286,1346,3,26,토
2022-03-26,5호선,우장산,8298,8119,16417,179,3,26,토
2022-03-26,5호선,발산,11632,12177,23809,-545,3,26,토
2022-03-26,5호선,마곡,4598,4729,9327,-131,3,26,토
2022-03-26,5호선,송정,4253,3964,8217,289,3,26,토
2022-03-26,5호선,김포공항,6393,6700,13093,-307,3,26,토
2022-03-26,5호선,개화산,3168,3037,6205,131,3,26,토
2022-03-26,5호선,방화,3906,3657,7563,249,3,26,토
2022-03-26,4호선,남태령,758,511,1269,247,3,26,토
2022-03-26,4호선,사당,17347,14832,32179,2515,3,26,토
2022-03-26,4호선,총신대입구(이수),11702,12897,24599,-1195,3,26,토
2022-03-26,4호선,동작(현충원),1014,1059,2073,-45,3,26,토
2022-03-26,4호선,이촌(국립중앙박물관),4864,5524,10388,-660,3,26,토
2022-03-26,4호선,신용산,8422,8929,17351,-507,3,26,토
2022-03-26,4호선,삼각지,3182,4141,7323,-959,3,26,토
2022-03-26,4호선,숙대입구(갈월),8066,7872,15938,194,3,26,토
2022-03-26,4호선,서울역,4628,10370,14998,-5742,3,26,토
2022-03-26,4호선,회현(남대문시장),13529,14786,28315,-1257,3,26,토
2022-03-26,4호선,명동,11586,13159,24745,-1573,3,26,토
2022-03-26,4호선,충무로,11396,11802,23198,-406,3,26,토
2022-03-26,4호선,동대문역사문화공원(DDP),9907,8793,18700,1114,3,26,토
2022-03-26,3호선,매봉,4990,4952,9942,38,3,26,토
2022-03-26,3호선,양재(서초구청),17080,18879,35959,-1799,3,26,토
2022-03-26,3호선,남부터미널(예술의전당),17541,17499,35040,42,3,26,토
2022-03-26,3호선,교대(법원.검찰청),5935,3634,9569,2301,3,26,토
2022-03-26,3호선,고속터미널,39104,38984,78088,120,3,26,토
2022-03-26,3호선,잠원,2774,2637,5411,137,3,26,토
2022-03-26,3호선,신사,23548,24538,48086,-990,3,26,토
2022-03-26,3호선,압구정,21327,22421,43748,-1094,3,26,토
2022-03-26,3호선,옥수,5656,5829,11485,-173,3,26,토
2022-03-26,3호선,금호,4857,4623,9480,234,3,26,토
2022-03-26,3호선,약수,7675,7324,14999,351,3,26,토
2022-03-26,3호선,동대입구,5374,5713,11087,-339,3,26,토
2022-03-26,3호선,충무로,4,0,4,4,3,26,토
2022-03-26,3호선,을지로3가,4405,4617,9022,-212,3,26,토
2022-03-26,3호선,종로3가,5077,6740,11817,-1663,3,26,토
2022-03-26,3호선,안국,12238,13999,26237,-1761,3,26,토
2022-03-26,3호선,경복궁(정부서울청사),12662,13191,25853,-529,3,26,토
2022-03-26,3호선,독립문,4630,4937,9567,-307,3,26,토
2022-03-26,3호선,무악재,2209,2197,4406,12,3,26,토
2022-03-26,3호선,홍제,10584,9922,20506,662,3,26,토
2022-03-26,3호선,녹번,8763,7732,16495,1031,3,26,토
2022-03-26,3호선,불광,10252,11445,21697,-1193,3,26,토
2022-03-26,3호선,연신내,24512,23255,47767,1257,3,26,토
2022-03-26,3호선,구파발,12154,12127,24281,27,3,26,토
2022-03-26,3호선,지축,2671,2459,5130,212,3,26,토
2022-03-26,2호선,용두(동대문구청),1486,1476,2962,10,3,26,토
2022-03-26,2호선,신정네거리,6030,6046,12076,-16,3,26,토
2022-03-26,2호선,양천구청,3649,3662,7311,-13,3,26,토
2022-03-26,2호선,도림천,756,688,1444,68,3,26,토
2022-03-26,2호선,신설동,2848,2945,5793,-97,3,26,토
2022-03-26,2호선,신답,881,913,1794,-32,3,26,토
2022-03-26,2호선,용답,2115,2099,4214,16,3,26,토
2022-03-26,2호선,충정로(경기대입구),4684,4994,9678,-310,3,26,토
2022-03-26,2호선,아현,6390,5978,12368,412,3,26,토
2022-03-26,2호선,이대,8879,9123,18002,-244,3,26,토
2022-03-26,2호선,신촌,27199,26740,53939,459,3,26,토
2022-03-26,2호선,홍대입구,56581,61315,117896,-4734,3,26,토
2022-03-26,2호선,합정,24472,26551,51023,-2079,3,26,토
2022-03-26,2호선,당산,10286,11327,21613,-1041,3,26,토
2022-03-26,경부선,금천구청,6487,6563,13050,-76,3,26,토
2022-03-26,경부선,가산디지털단지,5397,6987,12384,-1590,3,26,토
2022-03-26,경부선,구로,10691,11306,21997,-615,3,26,토
2022-03-26,경부선,신길,4897,4126,9023,771,3,26,토
2022-03-26,경부선,신도림,2458,2489,4947,-31,3,26,토
2022-03-26,경부선,영등포,32736,34120,66856,-1384,3,26,토
2022-03-26,경부선,대방,6870,6888,13758,-18,3,26,토
2022-03-26,경부선,노량진,6683,6069,12752,614,3,26,토
2022-03-26,경부선,용산,26850,28384,55234,-1534,3,26,토
2022-03-26,경부선,남영,5010,5015,10025,-5,3,26,토
2022-03-26,경부선,서울역,5649,1701,7350,3948,3,26,토
2022-03-26,경강선,여주,1750,2005,3755,-255,3,26,토
2022-03-26,경강선,세종대왕릉,248,263,511,-15,3,26,토
2022-03-26,경강선,부발,1785,1541,3326,244,3,26,토
2022-03-26,경강선,이천,2182,2161,4343,21,3,26,토
2022-03-26,경강선,곤지암,1452,1519,2971,-67,3,26,토
2022-03-26,경강선,초월,1833,1683,3516,150,3,26,토
2022-03-26,경강선,경기광주,4470,4243,8713,227,3,26,토
2022-03-26,경강선,삼동,1162,1176,2338,-14,3,26,토
2022-03-26,경강선,이매,646,468,1114,178,3,26,토
2022-03-26,경강선,판교,2620,2547,5167,73,3,26,토
2022-03-26,분당선,복정,1,0,1,1,3,26,토
2022-03-26,경강선,신둔도예촌,986,964,1950,22,3,26,토
2022-03-26,4호선,미아사거리,18693,17886,36579,807,3,26,토
2022-03-26,4호선,미아(서울사이버대학),9195,8753,17948,442,3,26,토
2022-03-26,4호선,수유(강북구청),23100,22425,45525,675,3,26,토
2022-03-26,4호선,쌍문,18413,16383,34796,2030,3,26,토
2022-03-26,4호선,창동,17333,18172,35505,-839,3,26,토
2022-03-26,4호선,노원,14302,15621,29923,-1319,3,26,토
2022-03-26,4호선,상계,12104,11167,23271,937,3,26,토
2022-03-26,4호선,당고개,6163,5988,12151,175,3,26,토
2022-03-26,3호선,오금,3112,2912,6024,200,3,26,토
2022-03-26,3호선,경찰병원,3274,3144,6418,130,3,26,토
2022-03-26,3호선,가락시장,5196,4805,10001,391,3,26,토
2022-03-26,3호선,수서,11024,11055,22079,-31,3,26,토
2022-03-26,3호선,일원,3934,3864,7798,70,3,26,토
2022-03-26,3호선,대청,5056,4574,9630,482,3,26,토
2022-03-26,3호선,학여울,3069,3588,6657,-519,3,26,토
2022-03-26,3호선,대치,8352,7620,15972,732,3,26,토
2022-03-26,3호선,도곡,2811,2905,5716,-94,3,26,토
2022-03-26,1호선,동대문,8494,8011,16505,483,3,26,토
2022-03-26,6호선,광흥창(서강),4459,4048,8507,411,3,26,토
2022-03-26,6호선,대흥(서강대앞),4721,4679,9400,42,3,26,토
2022-03-26,6호선,공덕,8563,7997,16560,566,3,26,토
2022-03-26,6호선,효창공원앞,3953,3540,7493,413,3,26,토
2022-03-26,6호선,삼각지,5017,4059,9076,958,3,26,토
2022-03-26,6호선,녹사평(용산구청),4333,4712,9045,-379,3,26,토
2022-03-26,6호선,이태원,13144,13816,26960,-672,3,26,토
2022-03-26,6호선,한강진,6915,8684,15599,-1769,3,26,토
2022-03-26,6호선,버티고개,1223,1248,2471,-25,3,26,토
2022-03-26,6호선,약수,2239,2263,4502,-24,3,26,토
2022-03-26,6호선,청구,2039,2076,4115,-37,3,26,토
2022-03-26,6호선,신당,4416,3988,8404,428,3,26,토
2022-03-26,7호선,온수(성공회대입구),4731,4718,9449,13,3,26,토
2022-03-26,8호선,암사,10532,9656,20188,876,3,26,토
2022-03-26,8호선,천호(풍납토성),10258,12245,22503,-1987,3,26,토
2022-03-26,8호선,강동구청,5212,5253,10465,-41,3,26,토
2022-03-26,8호선,몽촌토성(평화의문),3550,3522,7072,28,3,26,토
2022-03-26,9호선,양천향교,5226,4867,10093,359,3,26,토
2022-03-26,9호선,가양,11858,11123,22981,735,3,26,토
2022-03-26,9호선,증미,3499,3228,6727,271,3,26,토
2022-03-26,9호선,등촌,6146,5837,11983,309,3,26,토
2022-03-26,9호선,염창,9891,9281,19172,610,3,26,토
2022-03-26,9호선,신목동,1891,1576,3467,315,3,26,토
2022-03-26,9호선,선유도,3306,3081,6387,225,3,26,토
2022-03-26,9호선,당산,10990,10246,21236,744,3,26,토
2022-03-26,9호선,국회의사당,3994,4183,8177,-189,3,26,토
2022-03-26,9호선,여의도,10787,10401,21188,386,3,26,토
2022-03-26,9호선,샛강,2140,2058,4198,82,3,26,토
2022-03-26,9호선,노량진,18249,17565,35814,684,3,26,토
2022-03-26,9호선,노들,2788,2289,5077,499,3,26,토
2022-03-26,9호선,흑석(중앙대입구),4934,4910,9844,24,3,26,토
2022-03-26,9호선,동작(현충원),1301,1095,2396,206,3,26,토
2022-03-26,9호선,구반포,919,955,1874,-36,3,26,토
2022-03-26,9호선,신반포,2299,2229,4528,70,3,26,토
2022-03-26,8호선,잠실(송파구청),10679,12300,22979,-1621,3,26,토
2022-03-26,2호선,영등포구청,10827,11551,22378,-724,3,26,토
2022-03-26,2호선,문래,12002,12757,24759,-755,3,26,토
2022-03-26,2호선,신도림,33103,33942,67045,-839,3,26,토
2022-03-26,2호선,대림(구로구청),14822,15778,30600,-956,3,26,토
2022-03-26,2호선,구로디지털단지,29395,28665,58060,730,3,26,토
2022-03-26,2호선,신대방,17221,16547,33768,674,3,26,토
2022-03-26,2호선,신림,44704,42513,87217,2191,3,26,토
2022-03-26,2호선,봉천,14738,13494,28232,1244,3,26,토
2022-03-26,2호선,서울대입구(관악구청),32517,31914,64431,603,3,26,토
2022-03-26,2호선,낙성대(강감찬),18523,17228,35751,1295,3,26,토
2022-03-26,2호선,사당,25178,28126,53304,-2948,3,26,토
2022-03-26,2호선,방배,8721,8887,17608,-166,3,26,토
2022-03-26,2호선,서초,9740,7450,17190,2290,3,26,토
2022-03-26,2호선,교대(법원.검찰청),15122,16827,31949,-1705,3,26,토
2022-03-26,2호선,강남,53819,53565,107384,254,3,26,토
2022-03-26,2호선,역삼,15920,17504,33424,-1584,3,26,토
2022-03-26,2호선,선릉,20846,18155,39001,2691,3,26,토
2022-03-26,2호선,삼성(무역센터),27527,27798,55325,-271,3,26,토
2022-03-26,9호선,마곡나루(서울식물원),6898,6703,13601,195,3,26,토
2022-03-26,9호선,신방화,3942,3614,7556,328,3,26,토
2022-03-26,9호선,공항시장,2007,2059,4066,-52,3,26,토
2022-03-26,9호선,김포공항,6978,10728,17706,-3750,3,26,토
2022-03-26,9호선,개화,1114,1025,2139,89,3,26,토
2022-03-26,8호선,남위례,2587,2802,5389,-215,3,26,토
2022-03-26,8호선,모란,3074,2652,5726,422,3,26,토
2022-03-26,8호선,수진,3536,3198,6734,338,3,26,토
2022-03-26,8호선,신흥,2890,3181,6071,-291,3,26,토
2022-03-26,8호선,단대오거리,6474,6010,12484,464,3,26,토
2022-03-26,8호선,남한산성입구(성남법원.검찰청),7786,6940,14726,846,3,26,토
2022-03-26,8호선,산성,3253,3224,6477,29,3,26,토
2022-03-26,8호선,복정,5219,4394,9613,825,3,26,토
2022-03-26,8호선,장지,10216,9630,19846,586,3,26,토
2022-03-26,8호선,문정,7654,7592,15246,62,3,26,토
2022-03-26,8호선,가락시장,4502,4754,9256,-252,3,26,토
2022-03-26,8호선,송파,4213,4218,8431,-5,3,26,토
2022-03-26,8호선,석촌,5168,6251,11419,-1083,3,26,토
2022-03-26,4호선,동대문,11002,11187,22189,-185,3,26,토
2022-03-26,4호선,혜화,24316,25095,49411,-779,3,26,토
2022-03-26,4호선,한성대입구(삼선교),8806,8432,17238,374,3,26,토
2022-03-26,4호선,성신여대입구(돈암),14364,13907,28271,457,3,26,토
2022-03-26,중앙선,지평,26,42,68,-16,3,26,토
2022-03-26,중앙선,용문,1240,1448,2688,-208,3,26,토
2022-03-26,중앙선,원덕,274,334,608,-60,3,26,토
2022-03-26,중앙선,양평,1850,2008,3858,-158,3,26,토
2022-03-26,중앙선,오빈,194,201,395,-7,3,26,토
2022-03-26,중앙선,아신,376,428,804,-52,3,26,토
2022-03-26,중앙선,국수,402,446,848,-44,3,26,토
2022-03-26,중앙선,신원,119,129,248,-10,3,26,토
2022-03-26,중앙선,양수,1301,1355,2656,-54,3,26,토
2022-03-26,중앙선,운길산,690,715,1405,-25,3,26,토
2022-03-26,중앙선,팔당,795,780,1575,15,3,26,토
2022-03-26,중앙선,도심,1185,1009,2194,176,3,26,토
2022-03-26,중앙선,덕소,3442,3583,7025,-141,3,26,토
2022-03-26,중앙선,양정,395,317,712,78,3,26,토
2022-03-26,중앙선,도농,5642,5410,11052,232,3,26,토
2022-03-26,중앙선,구리,8264,8550,16814,-286,3,26,토
2022-03-26,중앙선,양원,1420,1374,2794,46,3,26,토
2022-03-26,중앙선,망우,5280,5026,10306,254,3,26,토
2022-03-26,중앙선,상봉(시외버스터미널),3943,3796,7739,147,3,26,토
2022-03-26,중앙선,중랑,3671,3613,7284,58,3,26,토
2022-03-26,중앙선,회기,17777,16975,34752,802,3,26,토
2022-03-26,장항선,신창(순천향대),1152,984,2136,168,3,26,토
2022-03-26,장항선,온양온천,3047,3094,6141,-47,3,26,토
2022-03-26,장항선,배방,878,847,1725,31,3,26,토
2022-03-26,장항선,탕정,523,514,1037,9,3,26,토
2022-03-26,장항선,아산,2456,2503,4959,-47,3,26,토
2022-03-26,장항선,쌍용(나사렛대),1389,1234,2623,155,3,26,토
2022-03-26,장항선,봉명,615,560,1175,55,3,26,토
2022-03-26,일산선,대화,6609,5943,12552,666,3,26,토
2022-03-26,일산선,주엽,5292,5100,10392,192,3,26,토
2022-03-26,일산선,정발산,5528,5854,11382,-326,3,26,토
2022-03-26,일산선,마두,4136,4126,8262,10,3,26,토
2022-03-26,일산선,백석,6448,6421,12869,27,3,26,토
2022-03-26,일산선,대곡,1051,920,1971,131,3,26,토
2022-03-26,일산선,화정,10734,11148,21882,-414,3,26,토
2022-03-26,일산선,원당,6882,6415,13297,467,3,26,토
2022-03-26,일산선,삼송,11996,11645,23641,351,3,26,토
2022-03-26,일산선,지축,1,0,1,1,3,26,토
2022-03-26,일산선,원흥,5937,5615,11552,322,3,26,토
2022-03-26,우이신설선,신설동,1251,1146,2397,105,3,26,토
2022-03-26,우이신설선,보문,968,893,1861,75,3,26,토
2022-03-26,우이신설선,성신여대입구(돈암),2546,2821,5367,-275,3,26,토
2022-03-26,우이신설선,정릉,3060,2475,5535,585,3,26,토
2022-03-26,우이신설선,북한산보국문,3973,3546,7519,427,3,26,토
2022-03-26,우이신설선,솔샘,3189,2951,6140,238,3,26,토
2022-03-26,우이신설선,삼양사거리,1636,1544,3180,92,3,26,토
2022-03-26,우이신설선,삼양,1298,1287,2585,11,3,26,토
2022-03-26,우이신설선,화계,2188,1993,4181,195,3,26,토
2022-03-26,우이신설선,가오리,2584,2475,5059,109,3,26,토
2022-03-26,우이신설선,4.19민주묘지,1880,1730,3610,150,3,26,토
2022-03-26,우이신설선,솔밭공원,1520,1399,2919,121,3,26,토
2022-03-26,우이신설선,북한산우이,2009,2031,4040,-22,3,26,토
2022-03-26,안산선,수리산,2461,1956,4417,505,3,26,토
2022-03-26,안산선,오이도,5781,5980,11761,-199,3,26,토
2022-03-26,안산선,정왕,5675,5692,11367,-17,3,26,토
2022-03-26,안산선,신길온천,1215,1132,2347,83,3,26,토
2022-03-26,안산선,안산,7731,8052,15783,-321,3,26,토
2022-03-26,안산선,초지,2748,2803,5551,-55,3,26,토
2022-03-26,안산선,고잔,5548,5487,11035,61,3,26,토
2022-03-26,안산선,중앙,13422,14030,27452,-608,3,26,토
2022-03-26,안산선,한대앞,6305,6039,12344,266,3,26,토
2022-03-26,안산선,상록수,10401,10488,20889,-87,3,26,토
2022-03-26,안산선,반월,2799,2597,5396,202,3,26,토
2022-03-26,안산선,대야미,3169,2819,5988,350,3,26,토
2022-03-26,안산선,산본,10450,11322,21772,-872,3,26,토
2022-03-26,수인선,인천,826,1372,2198,-546,3,26,토
2022-03-26,수인선,신포,1168,1215,2383,-47,3,26,토
2022-03-26,수인선,숭의,2389,2203,4592,186,3,26,토
2022-03-26,수인선,인하대,4108,3747,7855,361,3,26,토
2022-03-26,수인선,송도,1613,1623,3236,-10,3,26,토
2022-03-26,수인선,연수,3551,3569,7120,-18,3,26,토
2022-03-26,수인선,원인재,3032,3283,6315,-251,3,26,토
2022-03-26,수인선,남동인더스파크,944,862,1806,82,3,26,토
2022-03-26,수인선,호구포,2312,2163,4475,149,3,26,토
2022-03-26,수인선,인천논현,3753,3972,7725,-219,3,26,토
2022-03-26,수인선,소래포구,3880,4022,7902,-142,3,26,토
2022-03-26,수인선,월곶,1794,1722,3516,72,3,26,토
2022-03-26,수인선,달월,46,44,90,2,3,26,토
2022-03-26,수인선,사리,2940,2550,5490,390,3,26,토
2022-03-26,수인선,야목,186,200,386,-14,3,26,토
2022-03-26,수인선,어천,556,520,1076,36,3,26,토
2022-03-26,수인선,오목천,1834,1598,3432,236,3,26,토
2022-03-26,수인선,고색,2836,2823,5659,13,3,26,토
2022-03-26,분당선,매교,1657,1725,3382,-68,3,26,토
2022-03-26,분당선,수원시청,10376,10909,21285,-533,3,26,토
2022-03-26,분당선,매탄권선,2863,2730,5593,133,3,26,토
2022-03-26,분당선,망포,7959,7324,15283,635,3,26,토
2022-03-26,분당선,영통,6069,5883,11952,186,3,26,토
2022-03-26,분당선,청명,2383,2330,4713,53,3,26,토
2022-03-26,분당선,상갈,3151,3077,6228,74,3,26,토
2022-03-26,분당선,기흥,5553,5306,10859,247,3,26,토
2022-03-26,분당선,신갈,2173,2241,4414,-68,3,26,토
2022-03-26,분당선,구성,2675,2750,5425,-75,3,26,토
2022-03-26,분당선,죽전,8405,9471,17876,-1066,3,26,토
2022-03-26,분당선,보정,1303,1183,2486,120,3,26,토
2022-03-26,분당선,이매,3315,3326,6641,-11,3,26,토
2022-03-26,분당선,오리,6703,5586,12289,1117,3,26,토
2022-03-26,분당선,미금,8903,9274,18177,-371,3,26,토
2022-03-26,분당선,정자,9161,9284,18445,-123,3,26,토
2022-03-26,분당선,수내,7545,6982,14527,563,3,26,토
2022-03-26,분당선,서현,16653,16800,33453,-147,3,26,토
2022-03-26,분당선,야탑,15092,15919,31011,-827,3,26,토
2022-03-26,분당선,모란,14005,14280,28285,-275,3,26,토
2022-03-26,분당선,태평,9362,8824,18186,538,3,26,토
2022-03-26,분당선,가천대,4835,5139,9974,-304,3,26,토
2022-03-26,분당선,선정릉,3003,3074,6077,-71,3,26,토
2022-03-26,분당선,강남구청,4824,5885,10709,-1061,3,26,토
2022-03-26,분당선,압구정로데오,17300,19535,36835,-2235,3,26,토
2022-03-26,분당선,서울숲,6705,7005,13710,-300,3,26,토
2022-03-26,분당선,수원,6584,5413,11997,1171,3,26,토
2022-03-26,분당선,수서,8849,9028,17877,-179,3,26,토
2022-03-26,분당선,대모산입구,2363,2172,4535,191,3,26,토
2022-03-26,분당선,개포동,2278,2294,4572,-16,3,26,토
2022-03-26,분당선,구룡,1473,1176,2649,297,3,26,토
2022-03-26,분당선,도곡,4038,3628,7666,410,3,26,토
2022-03-26,분당선,한티,10788,10334,21122,454,3,26,토
2022-03-26,분당선,선릉,4346,6903,11249,-2557,3,26,토
2022-03-26,과천선,범계,17196,16732,33928,464,3,26,토
2022-03-26,과천선,평촌,7742,7603,15345,139,3,26,토
2022-03-26,과천선,인덕원,13192,13094,26286,98,3,26,토
2022-03-26,과천선,정부과천청사,4842,4719,9561,123,3,26,토
2022-03-26,과천선,과천,3692,3367,7059,325,3,26,토
2022-03-26,과천선,대공원,2869,2985,5854,-116,3,26,토
2022-03-26,과천선,경마공원,8265,8472,16737,-207,3,26,토
2022-03-26,과천선,선바위,4318,3807,8125,511,3,26,토
2022-03-26,공항철도 1호선,영종,2292,2342,4634,-50,3,26,토
2022-03-26,공항철도 1호선,인천공항2터미널,1929,1742,3671,187,3,26,토
2022-03-26,공항철도 1호선,인천공항1터미널,3301,3462,6763,-161,3,26,토
2022-03-26,공항철도 1호선,공항화물청사,1204,1274,2478,-70,3,26,토
2022-03-26,공항철도 1호선,운서,5186,5293,10479,-107,3,26,토
2022-03-26,공항철도 1호선,청라국제도시,3411,3447,6858,-36,3,26,토
2022-03-27,수인선,송도,1400,1322,2722,78,3,27,일
2022-03-27,수인선,숭의,1896,1778,3674,118,3,27,일
2022-03-27,수인선,신포,1087,1018,2105,69,3,27,일
2022-03-27,수인선,인천,1047,1535,2582,-488,3,27,일
2022-03-27,안산선,산본,8158,8474,16632,-316,3,27,일
2022-03-27,안산선,대야미,2957,2598,5555,359,3,27,일
2022-03-27,안산선,반월,2370,2331,4701,39,3,27,일
2022-03-27,안산선,상록수,8203,8149,16352,54,3,27,일
2022-03-27,안산선,한대앞,5014,5127,10141,-113,3,27,일
2022-03-27,안산선,중앙,10995,10669,21664,326,3,27,일
2022-03-27,안산선,고잔,3905,3789,7694,116,3,27,일
2022-03-27,안산선,초지,2093,2030,4123,63,3,27,일
2022-03-27,안산선,안산,8564,7754,16318,810,3,27,일
2022-03-27,안산선,신길온천,1074,1008,2082,66,3,27,일
2022-03-27,안산선,정왕,4845,5325,10170,-480,3,27,일
2022-03-27,안산선,오이도,5389,5313,10702,76,3,27,일
2022-03-27,안산선,수리산,2013,1990,4003,23,3,27,일
2022-03-27,우이신설선,북한산우이,3283,3312,6595,-29,3,27,일
2022-03-27,우이신설선,솔밭공원,1294,1287,2581,7,3,27,일
2022-03-27,우이신설선,4.19민주묘지,2066,1794,3860,272,3,27,일
2022-03-27,우이신설선,가오리,2126,1976,4102,150,3,27,일
2022-03-27,우이신설선,화계,1897,1772,3669,125,3,27,일
2022-03-27,우이신설선,삼양,1110,1103,2213,7,3,27,일
2022-03-27,우이신설선,삼양사거리,1474,1441,2915,33,3,27,일
2022-03-27,우이신설선,솔샘,2592,2406,4998,186,3,27,일
2022-03-27,우이신설선,북한산보국문,3506,3319,6825,187,3,27,일
2022-03-27,우이신설선,정릉,2598,2181,4779,417,3,27,일
2022-03-27,우이신설선,성신여대입구(돈암),2194,2497,4691,-303,3,27,일
2022-03-27,우이신설선,보문,901,873,1774,28,3,27,일
2022-03-27,우이신설선,신설동,1134,1191,2325,-57,3,27,일
2022-03-27,일산선,원흥,4799,4825,9624,-26,3,27,일
2022-03-27,일산선,삼송,10015,9798,19813,217,3,27,일
2022-03-27,일산선,원당,5715,5461,11176,254,3,27,일
2022-03-27,일산선,화정,8594,8582,17176,12,3,27,일
2022-03-27,일산선,대곡,996,882,1878,114,3,27,일
2022-03-27,일산선,백석,4955,4893,9848,62,3,27,일
2022-03-27,일산선,마두,3072,3081,6153,-9,3,27,일
2022-03-27,일산선,정발산,5173,5127,10300,46,3,27,일
2022-03-27,일산선,주엽,4195,4132,8327,63,3,27,일
2022-03-27,일산선,대화,5424,4986,10410,438,3,27,일
2022-03-27,장항선,봉명,500,532,1032,-32,3,27,일
2022-03-27,장항선,쌍용(나사렛대),1103,1238,2341,-135,3,27,일
2022-03-27,장항선,아산,3434,2153,5587,1281,3,27,일
2022-03-27,장항선,탕정,456,503,959,-47,3,27,일
2022-03-27,장항선,배방,688,853,1541,-165,3,27,일
2022-03-27,장항선,온양온천,2949,2969,5918,-20,3,27,일
2022-03-27,장항선,신창(순천향대),938,1993,2931,-1055,3,27,일
2022-03-27,중앙선,회기,14863,15256,30119,-393,3,27,일
2022-03-27,중앙선,중랑,3062,3014,6076,48,3,27,일
2022-03-27,중앙선,상봉(시외버스터미널),3378,3526,6904,-148,3,27,일
2022-03-27,중앙선,망우,4474,4322,8796,152,3,27,일
2022-03-27,중앙선,양원,1182,1212,2394,-30,3,27,일
2022-03-27,중앙선,구리,6893,7133,14026,-240,3,27,일
2022-03-27,중앙선,도농,4565,4513,9078,52,3,27,일
2022-03-27,중앙선,양정,499,399,898,100,3,27,일
2022-03-27,중앙선,덕소,3057,3044,6101,13,3,27,일
2022-03-27,중앙선,도심,1117,988,2105,129,3,27,일
2022-03-27,중앙선,팔당,1481,1430,2911,51,3,27,일
2022-03-27,중앙선,운길산,1378,1316,2694,62,3,27,일
2022-03-27,중앙선,양수,1826,1615,3441,211,3,27,일
2022-03-27,중앙선,신원,289,213,502,76,3,27,일
2022-03-27,중앙선,국수,602,564,1166,38,3,27,일
2022-03-27,중앙선,아신,499,456,955,43,3,27,일
2022-03-27,중앙선,오빈,233,200,433,33,3,27,일
2022-03-27,중앙선,양평,2153,1847,4000,306,3,27,일
2022-03-27,중앙선,원덕,448,434,882,14,3,27,일
2022-03-27,중앙선,용문,1727,1419,3146,308,3,27,일
2022-03-27,중앙선,지평,60,56,116,4,3,27,일
2022-03-27,9호선2~3단계,삼전,3248,3223,6471,25,3,27,일
2022-03-27,9호선2~3단계,종합운동장,2026,1761,3787,265,3,27,일
2022-03-27,9호선2~3단계,봉은사,7167,7354,14521,-187,3,27,일
2022-03-27,9호선2~3단계,삼성중앙,1764,1819,3583,-55,3,27,일
2022-03-27,9호선2~3단계,선정릉,2587,2974,5561,-387,3,27,일
2022-03-27,9호선2~3단계,언주,3282,3333,6615,-51,3,27,일
2022-03-27,9호선,신논현,14499,13563,28062,936,3,27,일
2022-03-27,9호선,사평,1277,1387,2664,-110,3,27,일
2022-03-27,9호선,고속터미널,8947,12490,21437,-3543,3,27,일
2022-03-27,9호선,신반포,1605,1741,3346,-136,3,27,일
2022-03-27,9호선,구반포,532,508,1040,24,3,27,일
2022-03-27,9호선,동작(현충원),1417,1157,2574,260,3,27,일
2022-03-27,9호선,흑석(중앙대입구),3883,4162,8045,-279,3,27,일
2022-03-27,9호선,노들,2352,2115,4467,237,3,27,일
2022-03-27,9호선,노량진,13133,13583,26716,-450,3,27,일
2022-03-27,9호선,샛강,1606,1451,3057,155,3,27,일
2022-03-27,9호선,여의도,9372,7836,17208,1536,3,27,일
2022-03-27,9호선,국회의사당,3715,3560,7275,155,3,27,일
2022-03-27,9호선,당산,8324,7982,16306,342,3,27,일
2022-03-27,9호선,선유도,2600,2478,5078,122,3,27,일
2022-03-27,9호선,신목동,1571,1412,2983,159,3,27,일
2022-03-27,9호선,염창,7749,7565,15314,184,3,27,일
2022-03-27,9호선,등촌,4674,4572,9246,102,3,27,일
2022-03-27,9호선,증미,2159,2252,4411,-93,3,27,일
2022-03-27,9호선,가양,8866,8704,17570,162,3,27,일
2022-03-27,9호선,양천향교,3916,4058,7974,-142,3,27,일
2022-03-27,9호선,마곡나루(서울식물원),5457,5307,10764,150,3,27,일
2022-03-27,9호선,신방화,2963,2966,5929,-3,3,27,일
2022-03-27,9호선,공항시장,1591,1691,3282,-100,3,27,일
2022-03-27,9호선,김포공항,6198,10304,16502,-4106,3,27,일
2022-03-27,9호선,개화,1023,1002,2025,21,3,27,일
2022-03-27,8호선,남위례,1951,2086,4037,-135,3,27,일
2022-03-27,8호선,모란,2414,2030,4444,384,3,27,일
2022-03-27,8호선,수진,2672,2444,5116,228,3,27,일
2022-03-27,8호선,신흥,2300,2543,4843,-243,3,27,일
2022-03-27,8호선,단대오거리,5074,5030,10104,44,3,27,일
2022-03-27,8호선,남한산성입구(성남법원.검찰청),6248,5954,12202,294,3,27,일
2022-03-27,8호선,산성,2823,2910,5733,-87,3,27,일
2022-03-27,8호선,복정,4109,3913,8022,196,3,27,일
2022-03-27,8호선,장지,8159,8294,16453,-135,3,27,일
2022-03-27,8호선,문정,4974,5172,10146,-198,3,27,일
2022-03-27,8호선,가락시장,2779,3553,6332,-774,3,27,일
2022-03-27,8호선,송파,3119,3231,6350,-112,3,27,일
2022-03-27,8호선,석촌,3905,5039,8944,-1134,3,27,일
2022-03-27,8호선,잠실(송파구청),9119,9806,18925,-687,3,27,일
2022-03-27,8호선,몽촌토성(평화의문),3363,3166,6529,197,3,27,일
2022-03-27,8호선,강동구청,4027,4139,8166,-112,3,27,일
2022-03-27,8호선,천호(풍납토성),7845,9070,16915,-1225,3,27,일
2022-03-27,8호선,암사,7814,7434,15248,380,3,27,일
2022-03-27,7호선,온수(성공회대입구),3428,3559,6987,-131,3,27,일
2022-03-27,7호선,천왕,4445,4286,8731,159,3,27,일
2022-03-27,7호선,광명사거리,11185,11055,22240,130,3,27,일
2022-03-27,7호선,철산,9232,9063,18295,169,3,27,일
2022-03-27,7호선,가산디지털단지,9620,8839,18459,781,3,27,일
2022-03-27,7호선,남구로,5706,5626,11332,80,3,27,일
2022-03-27,7호선,대림(구로구청),5584,5221,10805,363,3,27,일
2022-03-27,7호선,신풍,5296,5145,10441,151,3,27,일
2022-03-27,7호선,보라매,4029,4000,8029,29,3,27,일
2022-03-27,7호선,신대방삼거리,7201,7110,14311,91,3,27,일
2022-03-27,7호선,장승배기,3864,3890,7754,-26,3,27,일
2022-03-27,7호선,상도,5009,5053,10062,-44,3,27,일
2022-03-27,7호선,숭실대입구(살피재),5281,5818,11099,-537,3,27,일
2022-03-27,7호선,남성,4761,4780,9541,-19,3,27,일
2022-03-27,7호선,이수,7671,7085,14756,586,3,27,일
2022-03-27,7호선,내방,4554,4804,9358,-250,3,27,일
2022-03-27,7호선,고속터미널,10557,6904,17461,3653,3,27,일
2022-03-27,7호선,반포,2627,2598,5225,29,3,27,일
2022-03-27,7호선,논현,5461,5913,11374,-452,3,27,일
2022-03-27,7호선,학동,5926,6307,12233,-381,3,27,일
2022-03-27,7호선,강남구청,5046,5649,10695,-603,3,27,일
2022-03-27,7호선,청담,6113,6508,12621,-395,3,27,일
2022-03-27,7호선,뚝섬유원지,8516,8194,16710,322,3,27,일
2022-03-27,7호선,건대입구,7041,7751,14792,-710,3,27,일
2022-03-27,7호선,어린이대공원(세종대),7624,7788,15412,-164,3,27,일
2022-03-27,7호선,군자(능동),6961,5441,12402,1520,3,27,일
2022-03-27,7호선,중곡,4852,4794,9646,58,3,27,일
2022-03-27,7호선,용마산(용마폭포공원),2818,3453,6271,-635,3,27,일
2022-03-27,7호선,사가정,8234,7975,16209,259,3,27,일
2022-03-27,7호선,면목,7350,7242,14592,108,3,27,일
2022-03-27,7호선,상봉(시외버스터미널),8339,7532,15871,807,3,27,일
2022-03-27,7호선,중화,5132,5021,10153,111,3,27,일
2022-03-27,7호선,먹골,5418,5291,10709,127,3,27,일
2022-03-27,7호선,태릉입구,4531,4268,8799,263,3,27,일
2022-03-27,7호선,공릉(서울과학기술대),5950,6233,12183,-283,3,27,일
2022-03-27,7호선,하계,8449,7988,16437,461,3,27,일
2022-03-27,7호선,중계,6018,5495,11513,523,3,27,일
2022-03-27,7호선,노원,10334,10286,20620,48,3,27,일
2022-03-27,7호선,마들,5440,5039,10479,401,3,27,일
2022-03-27,7호선,수락산,7954,7789,15743,165,3,27,일
2022-03-27,7호선,도봉산,5073,7616,12689,-2543,3,27,일
2022-03-27,7호선,장암,1309,940,2249,369,3,27,일
2022-03-27,6호선,신내,1,0,1,1,3,27,일
2022-03-27,6호선,봉화산(서울의료원),3560,3489,7049,71,3,27,일
2022-03-27,6호선,화랑대(서울여대입구),4569,4055,8624,514,3,27,일
2022-03-27,6호선,태릉입구,2767,3055,5822,-288,3,27,일
2022-03-27,6호선,석계,6010,6236,12246,-226,3,27,일
2022-03-27,6호선,돌곶이,4853,4632,9485,221,3,27,일
2022-03-27,6호선,상월곡(한국과학기술연구원),3032,2770,5802,262,3,27,일
2022-03-27,6호선,월곡(동덕여대),4927,4949,9876,-22,3,27,일
2022-03-27,6호선,고려대(종암),3857,4029,7886,-172,3,27,일
2022-03-27,6호선,안암(고대병원앞),5155,5852,11007,-697,3,27,일
2022-03-27,6호선,보문,3606,3436,7042,170,3,27,일
2022-03-27,6호선,창신,1537,1361,2898,176,3,27,일
2022-03-27,6호선,동묘앞,5857,5587,11444,270,3,27,일
2022-03-27,6호선,신당,3444,3950,7394,-506,3,27,일
2022-03-27,6호선,청구,1523,1479,3002,44,3,27,일
2022-03-27,6호선,약수,1569,1578,3147,-9,3,27,일
2022-03-27,6호선,버티고개,1013,1042,2055,-29,3,27,일
2022-03-27,6호선,한강진,5796,6613,12409,-817,3,27,일
2022-03-27,6호선,이태원,9460,8910,18370,550,3,27,일
2022-03-27,6호선,녹사평(용산구청),3757,3790,7547,-33,3,27,일
2022-03-27,6호선,삼각지,3464,2779,6243,685,3,27,일
2022-03-27,6호선,효창공원앞,3087,2888,5975,199,3,27,일
2022-03-27,6호선,공덕,6019,5605,11624,414,3,27,일
2022-03-27,6호선,대흥(서강대앞),3455,3657,7112,-202,3,27,일
2022-03-27,6호선,광흥창(서강),3586,3489,7075,97,3,27,일
2022-03-27,6호선,상수,6109,6752,12861,-643,3,27,일
2022-03-27,6호선,합정,8766,7875,16641,891,3,27,일
2022-03-27,6호선,망원,9026,9805,18831,-779,3,27,일
2022-03-27,6호선,마포구청,6434,5863,12297,571,3,27,일
2022-03-27,6호선,월드컵경기장(성산),3104,3119,6223,-15,3,27,일
2022-03-27,6호선,디지털미디어시티,4462,4797,9259,-335,3,27,일
2022-03-27,6호선,증산(명지대앞),4958,5036,9994,-78,3,27,일
2022-03-27,6호선,새절(신사),5854,5624,11478,230,3,27,일
2022-03-27,6호선,구산,3407,2621,6028,786,3,27,일
2022-03-27,6호선,독바위,1446,2044,3490,-598,3,27,일
2022-03-27,6호선,불광,2879,2526,5405,353,3,27,일
2022-03-27,6호선,역촌,1814,2119,3933,-305,3,27,일
2022-03-27,5호선,하남검단산,4214,4244,8458,-30,3,27,일
2022-03-27,5호선,하남시청(덕풍·신장),3519,3419,6938,100,3,27,일
2022-03-27,5호선,하남풍산,1964,1978,3942,-14,3,27,일
2022-03-27,5호선,미사,8147,7956,16103,191,3,27,일
2022-03-27,5호선,강일,1956,1858,3814,98,3,27,일
2022-03-27,5호선,마천,3367,3607,6974,-240,3,27,일
2022-03-27,5호선,거여,4112,4015,8127,97,3,27,일
2022-03-27,5호선,개롱,2698,2942,5640,-244,3,27,일
2022-03-27,5호선,오금,1335,1284,2619,51,3,27,일
2022-03-27,5호선,방이,3565,3415,6980,150,3,27,일
2022-03-27,5호선,올림픽공원(한국체대),2054,1890,3944,164,3,27,일
2022-03-27,5호선,둔촌동,4194,4236,8430,-42,3,27,일
2022-03-27,5호선,상일동,5767,5531,11298,236,3,27,일
2022-03-27,5호선,고덕,3928,3960,7888,-32,3,27,일
2022-03-27,5호선,명일,4383,4279,8662,104,3,27,일
2022-03-27,5호선,굽은다리(강동구민회관앞),4554,4221,8775,333,3,27,일
2022-03-27,5호선,길동,3885,4037,7922,-152,3,27,일
2022-03-27,5호선,강동,8051,8282,16333,-231,3,27,일
2022-03-27,5호선,천호(풍납토성),11653,10691,22344,962,3,27,일
2022-03-27,5호선,광나루(장신대),7262,7239,14501,23,3,27,일
2022-03-27,5호선,아차산(어린이대공원후문),10393,10573,20966,-180,3,27,일
2022-03-27,5호선,군자(능동),5537,6121,11658,-584,3,27,일
2022-03-27,5호선,장한평,7181,7124,14305,57,3,27,일
2022-03-27,5호선,답십리,6709,6360,13069,349,3,27,일
2022-03-27,5호선,마장,2574,2497,5071,77,3,27,일
2022-03-27,5호선,왕십리(성동구청),2167,2587,4754,-420,3,27,일
2022-03-27,5호선,행당,3539,3315,6854,224,3,27,일
2022-03-27,5호선,신금호,2666,2865,5531,-199,3,27,일
2022-03-27,5호선,청구,1651,1497,3148,154,3,27,일
2022-03-27,5호선,동대문역사문화공원(DDP),641,830,1471,-189,3,27,일
2022-03-27,5호선,을지로4가,1422,1514,2936,-92,3,27,일
2022-03-27,5호선,종로3가,8346,7732,16078,614,3,27,일
2022-03-27,5호선,광화문(세종문화회관),9859,9484,19343,375,3,27,일
2022-03-27,5호선,서대문,4609,4515,9124,94,3,27,일
2022-03-27,5호선,충정로(경기대입구),1283,1247,2530,36,3,27,일
2022-03-27,5호선,애오개,2330,2484,4814,-154,3,27,일
2022-03-27,5호선,공덕,3973,3928,7901,45,3,27,일
2022-03-27,5호선,마포,4448,4441,8889,7,3,27,일
2022-03-27,5호선,여의나루,11363,12947,24310,-1584,3,27,일
2022-03-27,5호선,여의도,8592,8131,16723,461,3,27,일
2022-03-27,5호선,신길,1723,2020,3743,-297,3,27,일
2022-03-27,5호선,영등포시장,4843,5135,9978,-292,3,27,일
2022-03-27,5호선,영등포구청,1288,1164,2452,124,3,27,일
2022-03-27,5호선,양평,2296,2337,4633,-41,3,27,일
2022-03-27,5호선,오목교(목동운동장앞),10215,10402,20617,-187,3,27,일
2022-03-27,5호선,목동,6843,7014,13857,-171,3,27,일
2022-03-27,5호선,신정(은행정),5787,5225,11012,562,3,27,일
2022-03-27,5호선,까치산,14114,13950,28064,164,3,27,일
2022-03-27,5호선,화곡,12819,12302,25121,517,3,27,일
2022-03-27,5호선,우장산,6094,6283,12377,-189,3,27,일
2022-03-27,5호선,발산,8636,8820,17456,-184,3,27,일
2022-03-27,5호선,마곡,3411,3521,6932,-110,3,27,일
2022-03-27,5호선,송정,3318,3412,6730,-94,3,27,일
2022-03-27,5호선,김포공항,6159,6132,12291,27,3,27,일
2022-03-27,5호선,개화산,2523,2582,5105,-59,3,27,일
2022-03-27,4호선,남태령,648,453,1101,195,3,27,일
2022-03-27,4호선,사당,13958,12961,26919,997,3,27,일
2022-03-27,4호선,총신대입구(이수),9353,10274,19627,-921,3,27,일
2022-03-27,4호선,동작(현충원),1299,1364,2663,-65,3,27,일
2022-03-27,4호선,이촌(국립중앙박물관),4477,4905,9382,-428,3,27,일
2022-03-27,4호선,신용산,6961,7140,14101,-179,3,27,일
2022-03-27,4호선,삼각지,2417,3216,5633,-799,3,27,일
2022-03-27,4호선,숙대입구(갈월),6765,6513,13278,252,3,27,일
2022-03-27,4호선,서울역,3919,8544,12463,-4625,3,27,일
2022-03-27,4호선,회현(남대문시장),7921,8470,16391,-549,3,27,일
2022-03-27,4호선,명동,10503,9917,20420,586,3,27,일
2022-03-27,4호선,충무로,8234,8200,16434,34,3,27,일
2022-03-27,4호선,동대문역사문화공원(DDP),8677,8087,16764,590,3,27,일
2022-03-27,4호선,동대문,6844,7180,14024,-336,3,27,일
2022-03-27,4호선,혜화,20998,21124,42122,-126,3,27,일
2022-03-27,4호선,한성대입구(삼선교),7119,7291,14410,-172,3,27,일
2022-03-27,4호선,성신여대입구(돈암),11693,11182,22875,511,3,27,일
2022-03-27,4호선,길음,9438,9443,18881,-5,3,27,일
2022-03-27,4호선,미아사거리,14584,13821,28405,763,3,27,일
2022-03-27,4호선,미아(서울사이버대학),7291,7102,14393,189,3,27,일
2022-03-27,4호선,수유(강북구청),18539,17885,36424,654,3,27,일
2022-03-27,4호선,쌍문,14261,13143,27404,1118,3,27,일
2022-03-27,4호선,창동,14151,14638,28789,-487,3,27,일
2022-03-27,4호선,노원,11340,12076,23416,-736,3,27,일
2022-03-27,4호선,상계,9658,9323,18981,335,3,27,일
2022-03-27,4호선,당고개,5749,5556,11305,193,3,27,일
2022-03-27,3호선,오금,2267,2216,4483,51,3,27,일
2022-03-27,3호선,경찰병원,2374,2536,4910,-162,3,27,일
2022-03-27,3호선,가락시장,3228,3425,6653,-197,3,27,일
2022-03-27,3호선,수서,9152,9091,18243,61,3,27,일
2022-03-27,3호선,일원,2966,3137,6103,-171,3,27,일
2022-03-27,3호선,대청,3811,3772,7583,39,3,27,일
2022-03-27,3호선,학여울,2455,2838,5293,-383,3,27,일
2022-03-27,3호선,대치,5497,4800,10297,697,3,27,일
2022-03-27,3호선,도곡,1672,1938,3610,-266,3,27,일
2022-03-27,3호선,매봉,3695,3617,7312,78,3,27,일
2022-03-27,3호선,양재(서초구청),11835,13553,25388,-1718,3,27,일
2022-03-27,3호선,남부터미널(예술의전당),13097,14145,27242,-1048,3,27,일
2022-03-27,3호선,교대(법원.검찰청),3957,2541,6498,1416,3,27,일
2022-03-27,3호선,고속터미널,34862,33662,68524,1200,3,27,일
2022-03-27,3호선,잠원,1988,2062,4050,-74,3,27,일
2022-03-27,3호선,신사,13921,13844,27765,77,3,27,일
2022-03-27,3호선,압구정,12521,12782,25303,-261,3,27,일
2022-03-27,3호선,옥수,4526,4714,9240,-188,3,27,일
2022-03-27,3호선,금호,3759,3723,7482,36,3,27,일
2022-03-27,3호선,약수,5886,5889,11775,-3,3,27,일
2022-03-27,3호선,동대입구,4643,5207,9850,-564,3,27,일
2022-03-27,3호선,충무로,1,0,1,1,3,27,일
2022-03-27,3호선,을지로3가,2942,2681,5623,261,3,27,일
2022-03-27,3호선,종로3가,3642,4306,7948,-664,3,27,일
2022-03-27,3호선,안국,11385,12312,23697,-927,3,27,일
2022-03-27,3호선,경복궁(정부서울청사),12414,13040,25454,-626,3,27,일
2022-03-27,3호선,독립문,4066,4444,8510,-378,3,27,일
2022-03-27,3호선,무악재,1656,1910,3566,-254,3,27,일
2022-03-27,3호선,홍제,8391,8159,16550,232,3,27,일
2022-03-27,3호선,녹번,6581,6021,12602,560,3,27,일
2022-03-27,3호선,불광,9103,10382,19485,-1279,3,27,일
2022-03-27,3호선,연신내,19566,18608,38174,958,3,27,일
2022-03-27,3호선,구파발,10212,10436,20648,-224,3,27,일
2022-03-27,3호선,지축,2151,1950,4101,201,3,27,일
2022-03-27,2호선,용두(동대문구청),1009,1053,2062,-44,3,27,일
2022-03-27,2호선,신정네거리,4734,4671,9405,63,3,27,일
2022-03-27,2호선,양천구청,2884,2952,5836,-68,3,27,일
2022-03-27,2호선,도림천,463,472,935,-9,3,27,일
2022-03-27,2호선,신설동,3366,3347,6713,19,3,27,일
2022-03-27,2호선,신답,740,854,1594,-114,3,27,일
2022-03-27,2호선,용답,1893,2195,4088,-302,3,27,일
2022-03-27,2호선,충정로(경기대입구),3218,3522,6740,-304,3,27,일
2022-03-27,2호선,아현,4688,4792,9480,-104,3,27,일
2022-03-27,2호선,이대,6622,7427,14049,-805,3,27,일
2022-03-27,2호선,신촌,20393,19514,39907,879,3,27,일
2022-03-27,2호선,홍대입구,46954,46210,93164,744,3,27,일
2022-03-27,2호선,합정,19597,20335,39932,-738,3,27,일
2022-03-27,2호선,당산,7974,8523,16497,-549,3,27,일
2022-03-27,2호선,영등포구청,6916,7296,14212,-380,3,27,일
2022-03-27,2호선,문래,7427,7881,15308,-454,3,27,일
2022-03-27,2호선,신도림,25386,25991,51377,-605,3,27,일
2022-03-27,2호선,대림(구로구청),12429,12677,25106,-248,3,27,일
2022-03-27,2호선,구로디지털단지,20900,20580,41480,320,3,27,일
2022-03-27,2호선,신대방,13613,13439,27052,174,3,27,일
2022-03-27,2호선,신림,35161,34614,69775,547,3,27,일
2022-03-27,2호선,봉천,10987,10738,21725,249,3,27,일
2022-03-27,2호선,서울대입구(관악구청),25339,26218,51557,-879,3,27,일
2022-03-27,2호선,낙성대(강감찬),15029,15560,30589,-531,3,27,일
2022-03-27,2호선,사당,19636,21920,41556,-2284,3,27,일
2022-03-27,2호선,방배,6184,6665,12849,-481,3,27,일
2022-03-27,2호선,서초,9892,9122,19014,770,3,27,일
2022-03-27,2호선,교대(법원.검찰청),9749,10552,20301,-803,3,27,일
2022-03-27,2호선,강남,32676,31380,64056,1296,3,27,일
2022-03-27,2호선,역삼,10174,11009,21183,-835,3,27,일
2022-03-27,2호선,선릉,12401,10788,23189,1613,3,27,일
2022-03-27,2호선,삼성(무역센터),18363,17800,36163,563,3,27,일
2022-03-27,2호선,종합운동장,7762,8091,15853,-329,3,27,일
2022-03-27,2호선,잠실새내,10302,10464,20766,-162,3,27,일
2022-03-27,2호선,잠실(송파구청),44477,41398,85875,3079,3,27,일
2022-03-27,2호선,잠실나루,4672,4751,9423,-79,3,27,일
2022-03-27,2호선,강변(동서울터미널),18138,18001,36139,137,3,27,일
2022-03-27,2호선,구의(광진구청),10423,10461,20884,-38,3,27,일
2022-03-27,2호선,건대입구,25729,25935,51664,-206,3,27,일
2022-03-27,2호선,성수,13534,14937,28471,-1403,3,27,일
2022-03-27,2호선,뚝섬,10340,10416,20756,-76,3,27,일
2022-03-27,2호선,한양대,2501,2759,5260,-258,3,27,일
2022-03-27,2호선,왕십리(성동구청),8921,7961,16882,960,3,27,일
2022-03-27,2호선,상왕십리,6369,6403,12772,-34,3,27,일
2022-03-27,2호선,신당,7449,7991,15440,-542,3,27,일
2022-03-27,2호선,동대문역사문화공원(DDP),7415,8944,16359,-1529,3,27,일
2022-03-27,2호선,을지로4가,3370,3200,6570,170,3,27,일
2022-03-27,2호선,을지로3가,7474,6849,14323,625,3,27,일
2022-03-27,2호선,을지로입구,13789,12651,26440,1138,3,27,일
2022-03-27,2호선,시청,5456,4473,9929,983,3,27,일
2022-03-27,1호선,동묘앞,12310,12584,24894,-274,3,27,일
2022-03-27,1호선,청량리(서울시립대입구),12143,12201,24344,-58,3,27,일
2022-03-27,1호선,제기동,9723,10379,20102,-656,3,27,일
2022-03-27,1호선,신설동,7231,7317,14548,-86,3,27,일
2022-03-27,1호선,동대문,8870,9324,18194,-454,3,27,일
2022-03-27,1호선,종로5가,9296,8907,18203,389,3,27,일
2022-03-27,1호선,종로3가,13519,11911,25430,1608,3,27,일
2022-03-27,1호선,종각,11635,10242,21877,1393,3,27,일
2022-03-27,1호선,시청,6726,6707,13433,19,3,27,일
2022-03-27,1호선,서울역,23514,21481,44995,2033,3,27,일
2022-03-27,5호선,방화,3185,3194,6379,-9,3,27,일
2022-03-27,6호선,응암,8056,8307,16363,-251,3,27,일
2022-03-27,9호선2~3단계,석촌고분,2791,2801,5592,-10,3,27,일
2022-03-27,9호선2~3단계,석촌,4443,3945,8388,498,3,27,일
2022-03-27,9호선2~3단계,송파나루,3141,3402,6543,-261,3,27,일
2022-03-27,9호선2~3단계,한성백제,1348,1138,2486,210,3,27,일
2022-03-27,9호선2~3단계,올림픽공원(한국체대),3740,3812,7552,-72,3,27,일
2022-03-27,9호선2~3단계,둔촌오륜,439,479,918,-40,3,27,일
2022-03-27,9호선2~3단계,중앙보훈병원,2990,2858,5848,132,3,27,일
2022-03-27,경강선,판교,2299,2138,4437,161,3,27,일
2022-03-27,경강선,이매,599,492,1091,107,3,27,일
2022-03-27,경강선,삼동,946,943,1889,3,3,27,일
2022-03-27,경강선,경기광주,3496,3407,6903,89,3,27,일
2022-03-27,경강선,초월,1387,1501,2888,-114,3,27,일
2022-03-27,경강선,곤지암,1343,1509,2852,-166,3,27,일
2022-03-27,경강선,신둔도예촌,865,954,1819,-89,3,27,일
2022-03-27,경강선,이천,1979,2176,4155,-197,3,27,일
2022-03-27,경강선,부발,1396,2049,3445,-653,3,27,일
2022-03-27,경강선,세종대왕릉,255,267,522,-12,3,27,일
2022-03-27,경강선,여주,1940,2028,3968,-88,3,27,일
2022-03-27,경부선,서울역,7068,1580,8648,5488,3,27,일
2022-03-27,경부선,남영,3819,4220,8039,-401,3,27,일
2022-03-27,경부선,용산,27087,24502,51589,2585,3,27,일
2022-03-27,경부선,노량진,4966,4904,9870,62,3,27,일
2022-03-27,경부선,대방,5304,5619,10923,-315,3,27,일
2022-03-27,경부선,영등포,28710,27618,56328,1092,3,27,일
2022-03-27,경부선,신도림,2108,2019,4127,89,3,27,일
2022-03-27,경부선,신길,4201,3726,7927,475,3,27,일
2022-03-27,경부선,구로,8587,8739,17326,-152,3,27,일
2022-03-27,경부선,가산디지털단지,4140,5739,9879,-1599,3,27,일
2022-03-27,경부선,금천구청,5542,5487,11029,55,3,27,일
2022-03-27,경부선,석수,4715,4622,9337,93,3,27,일
2022-03-27,경부선,관악,4480,4072,8552,408,3,27,일
2022-03-27,경부선,안양,12139,11546,23685,593,3,27,일
2022-03-27,경부선,명학,3079,3024,6103,55,3,27,일
2022-03-27,경부선,금정,12603,12870,25473,-267,3,27,일
2022-03-27,경부선,군포,2803,2644,5447,159,3,27,일
2022-03-27,경부선,의왕,3886,3895,7781,-9,3,27,일
2022-03-27,경부선,성균관대,7062,7718,14780,-656,3,27,일
2022-03-27,경부선,화서,3619,3477,7096,142,3,27,일
2022-03-27,경부선,수원,30245,29203,59448,1042,3,27,일
2022-03-27,경부선,독산,5507,5687,11194,-180,3,27,일
2022-03-27,경부선,세류,1775,1667,3442,108,3,27,일
2022-03-27,경부선,병점,8642,9095,17737,-453,3,27,일
2022-03-27,경부선,세마,1531,1418,2949,113,3,27,일
2022-03-27,경부선,오산대,1991,1877,3868,114,3,27,일
2022-03-27,경부선,오산,6957,7359,14316,-402,3,27,일
2022-03-27,경부선,진위,814,806,1620,8,3,27,일
2022-03-27,경부선,송탄,3394,4011,7405,-617,3,27,일
2022-03-27,경부선,서정리,4325,6088,10413,-1763,3,27,일
2022-03-27,경부선,평택지제,2348,2136,4484,212,3,27,일
2022-03-27,경부선,평택,10380,11194,21574,-814,3,27,일
2022-03-27,경부선,성환,2272,2897,5169,-625,3,27,일
2022-03-27,경부선,직산,497,568,1065,-71,3,27,일
2022-03-27,경부선,두정,3992,5108,9100,-1116,3,27,일
2022-03-27,경부선,천안,5360,5639,10999,-279,3,27,일
2022-03-27,경부선,당정,2712,2839,5551,-127,3,27,일
2022-03-27,경부선,서동탄,712,722,1434,-10,3,27,일
2022-03-27,경부선,광명,2316,1585,3901,731,3,27,일
2022-03-27,경원선,이촌(국립중앙박물관),2095,1532,3627,563,3,27,일
2022-03-27,경원선,서빙고,1232,1321,2553,-89,3,27,일
2022-03-27,경원선,한남,1777,1733,3510,44,3,27,일
2022-03-27,경원선,옥수,35,20,55,15,3,27,일
2022-03-27,경원선,응봉,1292,1435,2727,-143,3,27,일
2022-03-27,경원선,왕십리(성동구청),8337,9403,17740,-1066,3,27,일
2022-03-27,경원선,청량리(서울시립대입구),12215,11394,23609,821,3,27,일
2022-03-27,경원선,외대앞,4475,4642,9117,-167,3,27,일
2022-03-27,경원선,신이문,4186,3914,8100,272,3,27,일
2022-03-27,경원선,석계,4496,4857,9353,-361,3,27,일
2022-03-27,경원선,광운대,4841,5203,10044,-362,3,27,일
2022-03-27,경원선,월계,3537,3166,6703,371,3,27,일
2022-03-27,경원선,녹천,2495,2207,4702,288,3,27,일
2022-03-27,경원선,방학,5458,5241,10699,217,3,27,일
2022-03-27,경원선,도봉,3261,2958,6219,303,3,27,일
2022-03-27,경원선,도봉산,8865,6343,15208,2522,3,27,일
2022-03-27,경원선,망월사,4151,4325,8476,-174,3,27,일
2022-03-27,경원선,회룡,6721,6653,13374,68,3,27,일
2022-03-27,경원선,의정부,12963,13094,26057,-131,3,27,일
2022-03-27,경원선,가능,3720,3421,7141,299,3,27,일
2022-03-27,경원선,녹양,2431,2342,4773,89,3,27,일
2022-03-27,경원선,양주,4757,4669,9426,88,3,27,일
2022-03-27,경원선,덕계,1633,1601,3234,32,3,27,일
2022-03-27,경원선,덕정,3052,3245,6297,-193,3,27,일
2022-03-27,경원선,지행,3795,3849,7644,-54,3,27,일
2022-03-27,경원선,동두천중앙,1958,1819,3777,139,3,27,일
2022-03-27,경원선,보산,1204,1200,2404,4,3,27,일
2022-03-27,경원선,동두천,1267,1717,2984,-450,3,27,일
2022-03-27,경원선,소요산,3767,3248,7015,519,3,27,일
2022-03-27,경의선,서울역,921,879,1800,42,3,27,일
2022-03-27,경의선,신촌,232,228,460,4,3,27,일
2022-03-27,경의선,효창공원앞,1175,1334,2509,-159,3,27,일
2022-03-27,경의선,공덕,1563,1232,2795,331,3,27,일
2022-03-27,경의선,서강대,1179,1168,2347,11,3,27,일
2022-03-27,경의선,홍대입구,1421,1766,3187,-345,3,27,일
2022-03-27,경의선,가좌,2551,2511,5062,40,3,27,일
2022-03-27,경의선,디지털미디어시티,1286,1160,2446,126,3,27,일
2022-03-27,경의선,수색,805,873,1678,-68,3,27,일
2022-03-27,경의선,화전,856,962,1818,-106,3,27,일
2022-03-27,경의선,강매,1395,1301,2696,94,3,27,일
2022-03-27,경의선,행신,4108,3852,7960,256,3,27,일
2022-03-27,경의선,능곡,2051,1996,4047,55,3,27,일
2022-03-27,경의선,곡산,318,347,665,-29,3,27,일
2022-03-27,경의선,백마,3111,2900,6011,211,3,27,일
2022-03-27,경의선,풍산,3222,2929,6151,293,3,27,일
2022-03-27,경의선,일산,4305,3972,8277,333,3,27,일
2022-03-27,경의선,탄현,3751,3515,7266,236,3,27,일
2022-03-27,경의선,야당,4241,4019,8260,222,3,27,일
2022-03-27,경의선,운정,3387,3135,6522,252,3,27,일
2022-03-27,경의선,금릉,2577,2520,5097,57,3,27,일
2022-03-27,경의선,금촌,3694,3794,7488,-100,3,27,일
2022-03-27,경의선,월롱,872,1946,2818,-1074,3,27,일
2022-03-27,경의선,파주,623,586,1209,37,3,27,일
2022-03-27,경의선,문산,3080,3217,6297,-137,3,27,일
2022-03-27,경의선,임진강,61,45,106,16,3,27,일
2022-03-27,경인선,개봉,10221,10155,20376,66,3,27,일
2022-03-27,경인선,오류동,6275,5847,12122,428,3,27,일
2022-03-27,경인선,역곡,12825,12775,25600,50,3,27,일
2022-03-27,경인선,부천,19547,18848,38395,699,3,27,일
2022-03-27,경인선,송내,11517,11236,22753,281,3,27,일
2022-03-27,경인선,부평,20855,20752,41607,103,3,27,일
2022-03-27,경인선,백운,3546,3501,7047,45,3,27,일
2022-03-27,경인선,동암,8542,8242,16784,300,3,27,일
2022-03-27,경인선,주안,10600,9361,19961,1239,3,27,일
2022-03-27,경인선,제물포,5102,4932,10034,170,3,27,일
2022-03-27,경인선,동인천,8524,8346,16870,178,3,27,일
2022-03-27,경인선,인천,3633,3060,6693,573,3,27,일
2022-03-27,경인선,구일,2897,2882,5779,15,3,27,일
2022-03-27,경인선,소사,4701,4421,9122,280,3,27,일
2022-03-27,경인선,부개,4157,3886,8043,271,3,27,일
2022-03-27,경인선,간석,2944,2774,5718,170,3,27,일
2022-03-27,경인선,도원,1445,1463,2908,-18,3,27,일
2022-03-27,경인선,온수(성공회대입구),3305,3168,6473,137,3,27,일
2022-03-27,경인선,중동,4326,4015,8341,311,3,27,일
2022-03-27,경인선,도화,2160,2014,4174,146,3,27,일
2022-03-27,경춘선,신내,976,977,1953,-1,3,27,일
2022-03-27,경춘선,갈매,1389,1268,2657,121,3,27,일
2022-03-27,경춘선,별내,1799,1591,3390,208,3,27,일
2022-03-27,경춘선,퇴계원,1841,1629,3470,212,3,27,일
2022-03-27,경춘선,사릉,1305,1277,2582,28,3,27,일
2022-03-27,경춘선,금곡,892,774,1666,118,3,27,일
2022-03-27,경춘선,평내호평,3207,2984,6191,223,3,27,일
2022-03-27,경춘선,천마산,1112,1055,2167,57,3,27,일
2022-03-27,경춘선,마석,2307,2285,4592,22,3,27,일
2022-03-27,경춘선,대성리,825,501,1326,324,3,27,일
2022-03-27,경춘선,청평,1407,1177,2584,230,3,27,일
2022-03-27,경춘선,상천,485,373,858,112,3,27,일
2022-03-27,경춘선,가평,1498,1267,2765,231,3,27,일
2022-03-27,경춘선,굴봉산,215,190,405,25,3,27,일
2022-03-27,경춘선,백양리,96,91,187,5,3,27,일
2022-03-27,경춘선,강촌,660,533,1193,127,3,27,일
2022-03-27,경춘선,김유정,484,522,1006,-38,3,27,일
2022-03-27,경춘선,남춘천,2598,3228,5826,-630,3,27,일
2022-03-27,경춘선,춘천,1421,1312,2733,109,3,27,일
2022-03-27,공항철도 1호선,서울역,6642,6121,12763,521,3,27,일
2022-03-27,공항철도 1호선,공덕,1031,1470,2501,-439,3,27,일
2022-03-27,공항철도 1호선,홍대입구,9158,8418,17576,740,3,27,일
2022-03-27,공항철도 1호선,디지털미디어시티,3402,3363,6765,39,3,27,일
2022-03-27,공항철도 1호선,마곡나루(서울식물원),2266,2563,4829,-297,3,27,일
2022-03-27,공항철도 1호선,김포공항,10458,5345,15803,5113,3,27,일
2022-03-27,공항철도 1호선,계양,4831,4528,9359,303,3,27,일
2022-03-27,공항철도 1호선,검암,3266,3266,6532,0,3,27,일
2022-03-27,공항철도 1호선,청라국제도시,3125,2898,6023,227,3,27,일
2022-03-27,공항철도 1호선,운서,4707,4961,9668,-254,3,27,일
2022-03-27,공항철도 1호선,공항화물청사,956,1046,2002,-90,3,27,일
2022-03-27,공항철도 1호선,인천공항1터미널,3589,3475,7064,114,3,27,일
2022-03-27,공항철도 1호선,인천공항2터미널,1908,1759,3667,149,3,27,일
2022-03-27,공항철도 1호선,영종,2277,2169,4446,108,3,27,일
2022-03-27,과천선,선바위,3940,3755,7695,185,3,27,일
2022-03-27,과천선,경마공원,9743,9790,19533,-47,3,27,일
2022-03-27,과천선,대공원,5680,5784,11464,-104,3,27,일
2022-03-27,과천선,과천,3324,3123,6447,201,3,27,일
2022-03-27,과천선,정부과천청사,4259,4345,8604,-86,3,27,일
2022-03-27,과천선,인덕원,10646,10734,21380,-88,3,27,일
2022-03-27,과천선,평촌,6014,5718,11732,296,3,27,일
2022-03-27,과천선,범계,13525,13001,26526,524,3,27,일
2022-03-27,분당선,선릉,2710,3992,6702,-1282,3,27,일
2022-03-27,분당선,한티,7864,7451,15315,413,3,27,일
2022-03-27,분당선,도곡,2438,2414,4852,24,3,27,일
2022-03-27,분당선,구룡,722,853,1575,-131,3,27,일
2022-03-27,분당선,개포동,1673,1734,3407,-61,3,27,일
2022-03-27,분당선,대모산입구,1953,1912,3865,41,3,27,일
2022-03-27,분당선,수서,7726,7279,15005,447,3,27,일
2022-03-27,분당선,복정,1,0,1,1,3,27,일
2022-03-27,분당선,수원,5534,4506,10040,1028,3,27,일
2022-03-27,분당선,서울숲,6639,6831,13470,-192,3,27,일
2022-03-27,분당선,압구정로데오,10986,11839,22825,-853,3,27,일
2022-03-27,분당선,강남구청,3050,3669,6719,-619,3,27,일
2022-03-27,분당선,선정릉,2000,1965,3965,35,3,27,일
2022-03-27,분당선,가천대,3646,4637,8283,-991,3,27,일
2022-03-27,분당선,태평,7544,7151,14695,393,3,27,일
2022-03-27,분당선,모란,10444,10800,21244,-356,3,27,일
2022-03-27,분당선,야탑,12347,12673,25020,-326,3,27,일
2022-03-27,분당선,서현,13680,13687,27367,-7,3,27,일
2022-03-27,분당선,수내,5558,5292,10850,266,3,27,일
2022-03-27,분당선,정자,6850,6989,13839,-139,3,27,일
2022-03-27,분당선,미금,6640,7084,13724,-444,3,27,일
2022-03-27,분당선,오리,4824,4213,9037,611,3,27,일
2022-03-27,분당선,이매,2899,2984,5883,-85,3,27,일
2022-03-27,분당선,보정,975,918,1893,57,3,27,일
2022-03-27,분당선,죽전,6838,7795,14633,-957,3,27,일
2022-03-27,분당선,구성,2117,2255,4372,-138,3,27,일
2022-03-27,분당선,신갈,1768,1865,3633,-97,3,27,일
2022-03-27,분당선,기흥,4592,4282,8874,310,3,27,일
2022-03-27,분당선,상갈,2543,2557,5100,-14,3,27,일
2022-03-27,분당선,청명,1709,1833,3542,-124,3,27,일
2022-03-27,분당선,영통,4492,4530,9022,-38,3,27,일
2022-03-27,분당선,망포,5644,5804,11448,-160,3,27,일
2022-03-27,분당선,매탄권선,2343,2227,4570,116,3,27,일
2022-03-27,분당선,수원시청,6902,6913,13815,-11,3,27,일
2022-03-27,분당선,매교,1293,1341,2634,-48,3,27,일
2022-03-27,수인선,고색,1966,2140,4106,-174,3,27,일
2022-03-27,수인선,오목천,1410,1393,2803,17,3,27,일
2022-03-27,수인선,어천,530,614,1144,-84,3,27,일
2022-03-27,수인선,야목,220,176,396,44,3,27,일
2022-03-27,수인선,사리,2355,2017,4372,338,3,27,일
2022-03-27,수인선,달월,60,66,126,-6,3,27,일
2022-03-27,수인선,월곶,1604,1452,3056,152,3,27,일
2022-03-27,수인선,소래포구,4297,4090,8387,207,3,27,일
2022-03-27,수인선,인천논현,2712,2766,5478,-54,3,27,일
2022-03-27,수인선,호구포,1819,1949,3768,-130,3,27,일
2022-03-27,수인선,남동인더스파크,589,586,1175,3,3,27,일
2022-03-27,수인선,원인재,2672,2760,5432,-88,3,27,일
2022-03-27,수인선,연수,2979,2952,5931,27,3,27,일
2022-03-27,수인선,인하대,3204,3099,6303,105,3,27,일
2022-03-28,9호선,고속터미널,10408,12785,23193,-2377,3,28,월
2022-03-28,9호선,사평,3132,3134,6266,-2,3,28,월
2022-03-28,9호선,신논현,27769,27421,55190,348,3,28,월
2022-03-28,9호선2~3단계,언주,9563,9837,19400,-274,3,28,월
2022-03-28,9호선2~3단계,선정릉,8796,9613,18409,-817,3,28,월
2022-03-28,9호선2~3단계,삼성중앙,6304,6724,13028,-420,3,28,월
2022-03-28,9호선2~3단계,봉은사,13756,14012,27768,-256,3,28,월
2022-03-28,9호선2~3단계,종합운동장,3664,3842,7506,-178,3,28,월
2022-03-28,9호선2~3단계,삼전,6322,6049,12371,273,3,28,월
2022-03-28,9호선2~3단계,석촌고분,5536,5507,11043,29,3,28,월
2022-03-28,9호선2~3단계,석촌,7749,6775,14524,974,3,28,월
2022-03-28,9호선2~3단계,송파나루,4439,4649,9088,-210,3,28,월
2022-03-28,9호선2~3단계,한성백제,2281,2089,4370,192,3,28,월
2022-03-28,9호선2~3단계,올림픽공원(한국체대),5334,5394,10728,-60,3,28,월
2022-03-28,9호선2~3단계,둔촌오륜,1150,1089,2239,61,3,28,월
2022-03-28,9호선2~3단계,중앙보훈병원,10106,8876,18982,1230,3,28,월
2022-03-28,경강선,판교,3828,3724,7552,104,3,28,월
2022-03-28,경강선,이매,1058,881,1939,177,3,28,월
2022-03-28,경강선,삼동,2184,2071,4255,113,3,28,월
2022-03-28,경강선,경기광주,7213,7006,14219,207,3,28,월
2022-03-28,경강선,초월,2950,2908,5858,42,3,28,월
2022-03-28,경강선,곤지암,2050,2053,4103,-3,3,28,월
2022-03-28,경강선,신둔도예촌,1543,1412,2955,131,3,28,월
2022-03-28,경강선,이천,2435,2531,4966,-96,3,28,월
2022-03-28,경강선,부발,1888,1990,3878,-102,3,28,월
2022-03-28,경강선,세종대왕릉,315,299,614,16,3,28,월
2022-03-28,경강선,여주,2249,2258,4507,-9,3,28,월
2022-03-28,경부선,서울역,5498,1707,7205,3791,3,28,월
2022-03-28,경부선,남영,8802,9393,18195,-591,3,28,월
2022-03-28,경부선,용산,27441,28484,55925,-1043,3,28,월
2022-03-28,경부선,노량진,7209,7425,14634,-216,3,28,월
2022-03-28,경부선,대방,12359,12614,24973,-255,3,28,월
2022-03-28,경부선,영등포,32261,32930,65191,-669,3,28,월
2022-03-28,경부선,신도림,3789,3753,7542,36,3,28,월
2022-03-28,경부선,신길,8596,7229,15825,1367,3,28,월
2022-03-28,경부선,구로,17294,17422,34716,-128,3,28,월
2022-03-28,경부선,가산디지털단지,17597,20015,37612,-2418,3,28,월
2022-03-28,경부선,금천구청,11412,11329,22741,83,3,28,월
2022-03-28,경부선,석수,9312,8243,17555,1069,3,28,월
2022-03-28,경부선,관악,6811,6294,13105,517,3,28,월
2022-03-28,경부선,안양,23200,22850,46050,350,3,28,월
2022-03-28,경부선,명학,9940,9874,19814,66,3,28,월
2022-03-28,경부선,금정,25321,25892,51213,-571,3,28,월
2022-03-28,경부선,군포,7466,7564,15030,-98,3,28,월
2022-03-28,경부선,의왕,8743,8880,17623,-137,3,28,월
2022-03-28,경부선,성균관대,14275,14461,28736,-186,3,28,월
2022-03-28,경부선,화서,7808,7462,15270,346,3,28,월
2022-03-28,경부선,수원,32470,34383,66853,-1913,3,28,월
2022-03-28,경부선,독산,17706,18444,36150,-738,3,28,월
2022-03-28,경부선,세류,2886,2602,5488,284,3,28,월
2022-03-28,경부선,병점,14513,14647,29160,-134,3,28,월
2022-03-28,경부선,세마,2758,2540,5298,218,3,28,월
2022-03-28,경부선,오산대,3753,3531,7284,222,3,28,월
2022-03-28,경부선,오산,9924,9997,19921,-73,3,28,월
2022-03-28,경부선,진위,1684,1439,3123,245,3,28,월
2022-03-28,경부선,송탄,4211,4025,8236,186,3,28,월
2022-03-28,경부선,서정리,7172,6797,13969,375,3,28,월
2022-03-28,경부선,평택지제,3430,3254,6684,176,3,28,월
2022-03-28,경부선,평택,11843,12059,23902,-216,3,28,월
2022-03-28,경부선,성환,5105,5328,10433,-223,3,28,월
2022-03-28,경부선,직산,763,752,1515,11,3,28,월
2022-03-28,경부선,두정,6784,8066,14850,-1282,3,28,월
2022-03-28,경부선,천안,6356,5998,12354,358,3,28,월
2022-03-28,경부선,당정,6314,5995,12309,319,3,28,월
2022-03-28,경부선,서동탄,1303,1102,2405,201,3,28,월
2022-03-28,경부선,광명,3083,2610,5693,473,3,28,월
2022-03-28,경원선,이촌(국립중앙박물관),3429,2679,6108,750,3,28,월
2022-03-28,경원선,서빙고,1779,1608,3387,171,3,28,월
2022-03-28,경원선,한남,3802,3633,7435,169,3,28,월
2022-03-28,경원선,옥수,44,35,79,9,3,28,월
2022-03-28,경원선,응봉,1893,1781,3674,112,3,28,월
2022-03-28,경원선,왕십리(성동구청),13441,14182,27623,-741,3,28,월
2022-03-28,경원선,청량리(서울시립대입구),13360,14185,27545,-825,3,28,월
2022-03-28,경원선,외대앞,8006,8192,16198,-186,3,28,월
2022-03-28,경원선,신이문,7994,7310,15304,684,3,28,월
2022-03-28,경원선,석계,7792,8676,16468,-884,3,28,월
2022-03-28,경원선,광운대,8734,8781,17515,-47,3,28,월
2022-03-28,경원선,월계,7257,6666,13923,591,3,28,월
2022-03-28,경원선,녹천,4542,3788,8330,754,3,28,월
2022-03-28,경원선,방학,9277,9145,18422,132,3,28,월
2022-03-28,경원선,도봉,5600,5329,10929,271,3,28,월
2022-03-28,경원선,도봉산,7337,4888,12225,2449,3,28,월
2022-03-28,경원선,망월사,7224,7409,14633,-185,3,28,월
2022-03-28,경원선,회룡,11817,11682,23499,135,3,28,월
2022-03-28,경원선,의정부,16989,17394,34383,-405,3,28,월
2022-03-28,경원선,가능,6460,6422,12882,38,3,28,월
2022-03-28,경원선,녹양,4380,4158,8538,222,3,28,월
2022-03-28,경원선,양주,7608,7172,14780,436,3,28,월
2022-03-28,경원선,덕계,3120,2850,5970,270,3,28,월
2022-03-28,경원선,덕정,6263,6077,12340,186,3,28,월
2022-03-28,경원선,지행,6312,6265,12577,47,3,28,월
2022-03-28,경원선,동두천중앙,2982,2875,5857,107,3,28,월
2022-03-28,경원선,보산,1394,1225,2619,169,3,28,월
2022-03-28,경원선,동두천,2649,2902,5551,-253,3,28,월
2022-03-28,경원선,소요산,2556,2112,4668,444,3,28,월
2022-03-28,경의선,서울역,4074,5265,9339,-1191,3,28,월
2022-03-28,경의선,신촌,827,1085,1912,-258,3,28,월
2022-03-28,경의선,효창공원앞,2960,3164,6124,-204,3,28,월
2022-03-28,경의선,공덕,3212,2814,6026,398,3,28,월
2022-03-28,경의선,서강대,2021,1975,3996,46,3,28,월
2022-03-28,경의선,홍대입구,1454,1584,3038,-130,3,28,월
2022-03-28,경의선,가좌,5160,4845,10005,315,3,28,월
2022-03-28,경의선,디지털미디어시티,2343,2125,4468,218,3,28,월
2022-03-28,경의선,수색,2723,2820,5543,-97,3,28,월
2022-03-28,경의선,화전,3515,3380,6895,135,3,28,월
2022-03-28,경의선,강매,3129,2678,5807,451,3,28,월
2022-03-28,경의선,행신,7350,7730,15080,-380,3,28,월
2022-03-28,경의선,능곡,3726,3482,7208,244,3,28,월
2022-03-28,경의선,곡산,615,651,1266,-36,3,28,월
2022-03-28,경의선,백마,6734,6501,13235,233,3,28,월
2022-03-28,경의선,풍산,5368,4905,10273,463,3,28,월
2022-03-28,경의선,일산,10176,9989,20165,187,3,28,월
2022-03-28,경의선,탄현,7310,6915,14225,395,3,28,월
2022-03-28,경의선,야당,7064,6914,13978,150,3,28,월
2022-03-28,경의선,운정,6896,6424,13320,472,3,28,월
2022-03-28,경의선,금릉,4610,4440,9050,170,3,28,월
2022-03-28,경의선,금촌,6026,5983,12009,43,3,28,월
2022-03-28,경의선,월롱,2726,2733,5459,-7,3,28,월
2022-03-28,경의선,파주,1622,1161,2783,461,3,28,월
2022-03-28,경의선,문산,4765,4672,9437,93,3,28,월
2022-03-28,경의선,임진강,7,4,11,3,3,28,월
2022-03-28,경인선,개봉,20095,19756,39851,339,3,28,월
2022-03-28,경인선,오류동,11310,10649,21959,661,3,28,월
2022-03-28,경인선,역곡,26289,26052,52341,237,3,28,월
2022-03-28,경인선,부천,29931,29890,59821,41,3,28,월
2022-03-28,경인선,송내,25325,25130,50455,195,3,28,월
2022-03-28,경인선,부평,26214,27843,54057,-1629,3,28,월
2022-03-28,경인선,백운,6605,6488,13093,117,3,28,월
2022-03-28,경인선,동암,13329,13290,26619,39,3,28,월
2022-03-28,경인선,주안,18287,16800,35087,1487,3,28,월
2022-03-28,경인선,제물포,10277,9929,20206,348,3,28,월
2022-03-28,경인선,동인천,12906,12102,25008,804,3,28,월
2022-03-28,경인선,인천,3131,2403,5534,728,3,28,월
2022-03-28,경인선,구일,5791,5746,11537,45,3,28,월
2022-03-28,경인선,소사,8351,7984,16335,367,3,28,월
2022-03-28,경인선,부개,8199,7603,15802,596,3,28,월
2022-03-28,경인선,간석,5561,5285,10846,276,3,28,월
2022-03-28,경인선,도원,2977,2976,5953,1,3,28,월
2022-03-28,경인선,온수(성공회대입구),6353,6111,12464,242,3,28,월
2022-03-28,경인선,중동,9004,8526,17530,478,3,28,월
2022-03-28,경인선,도화,4065,3709,7774,356,3,28,월
2022-03-28,경춘선,신내,2243,2033,4276,210,3,28,월
2022-03-28,경춘선,갈매,2853,2446,5299,407,3,28,월
2022-03-28,경춘선,별내,3119,2957,6076,162,3,28,월
2022-03-28,경춘선,퇴계원,3394,3107,6501,287,3,28,월
2022-03-28,경춘선,사릉,2579,2491,5070,88,3,28,월
2022-03-28,경춘선,금곡,1572,1459,3031,113,3,28,월
2022-03-28,경춘선,평내호평,6168,5949,12117,219,3,28,월
2022-03-28,경춘선,천마산,1657,1584,3241,73,3,28,월
2022-03-28,경춘선,마석,4240,4160,8400,80,3,28,월
2022-03-28,경춘선,대성리,472,401,873,71,3,28,월
2022-03-28,경춘선,청평,1567,1497,3064,70,3,28,월
2022-03-28,경춘선,상천,285,273,558,12,3,28,월
2022-03-28,경춘선,가평,1431,1347,2778,84,3,28,월
2022-03-28,경춘선,굴봉산,120,113,233,7,3,28,월
2022-03-28,경춘선,백양리,67,66,133,1,3,28,월
2022-03-28,경춘선,강촌,369,364,733,5,3,28,월
2022-03-28,경춘선,김유정,267,278,545,-11,3,28,월
2022-03-28,경춘선,남춘천,2294,2540,4834,-246,3,28,월
2022-03-28,경춘선,춘천,1304,1412,2716,-108,3,28,월
2022-03-28,공항철도 1호선,서울역,6639,6242,12881,397,3,28,월
2022-03-28,공항철도 1호선,공덕,2037,2649,4686,-612,3,28,월
2022-03-28,공항철도 1호선,홍대입구,7943,7718,15661,225,3,28,월
2022-03-28,공항철도 1호선,디지털미디어시티,12843,11835,24678,1008,3,28,월
2022-03-28,공항철도 1호선,마곡나루(서울식물원),8297,8093,16390,204,3,28,월
2022-03-28,공항철도 1호선,김포공항,10358,6192,16550,4166,3,28,월
2022-03-28,공항철도 1호선,계양,9656,9196,18852,460,3,28,월
2022-03-28,공항철도 1호선,검암,6163,6065,12228,98,3,28,월
2022-03-28,공항철도 1호선,청라국제도시,6426,5948,12374,478,3,28,월
2022-03-28,공항철도 1호선,운서,6299,6306,12605,-7,3,28,월
2022-03-28,공항철도 1호선,공항화물청사,2222,2341,4563,-119,3,28,월
2022-03-28,공항철도 1호선,인천공항1터미널,3337,3493,6830,-156,3,28,월
2022-03-28,공항철도 1호선,인천공항2터미널,2542,2403,4945,139,3,28,월
2022-03-28,공항철도 1호선,영종,2879,2832,5711,47,3,28,월
2022-03-28,과천선,선바위,7677,6742,14419,935,3,28,월
2022-03-28,과천선,경마공원,841,817,1658,24,3,28,월
2022-03-28,과천선,대공원,2367,2440,4807,-73,3,28,월
2022-03-28,과천선,과천,5640,5328,10968,312,3,28,월
2022-03-28,과천선,정부과천청사,9601,9568,19169,33,3,28,월
2022-03-28,과천선,인덕원,22110,23073,45183,-963,3,28,월
2022-03-28,과천선,평촌,16675,16303,32978,372,3,28,월
2022-03-28,과천선,범계,23561,23539,47100,22,3,28,월
2022-03-28,분당선,선릉,12312,18551,30863,-6239,3,28,월
2022-03-28,분당선,한티,12920,13958,26878,-1038,3,28,월
2022-03-28,분당선,도곡,6447,6528,12975,-81,3,28,월
2022-03-28,분당선,구룡,2276,2192,4468,84,3,28,월
2022-03-28,분당선,개포동,3706,3861,7567,-155,3,28,월
2022-03-28,분당선,대모산입구,4237,3945,8182,292,3,28,월
2022-03-28,분당선,수서,12454,12476,24930,-22,3,28,월
2022-03-28,분당선,복정,1,0,1,1,3,28,월
2022-03-28,분당선,수원,7752,6410,14162,1342,3,28,월
2022-03-28,분당선,서울숲,9461,9510,18971,-49,3,28,월
2022-03-28,분당선,압구정로데오,15754,16928,32682,-1174,3,28,월
2022-03-28,분당선,강남구청,9025,10292,19317,-1267,3,28,월
2022-03-28,분당선,선정릉,7544,8001,15545,-457,3,28,월
2022-03-28,분당선,가천대,9221,10228,19449,-1007,3,28,월
2022-03-28,분당선,태평,12501,12208,24709,293,3,28,월
2022-03-28,분당선,모란,18730,19050,37780,-320,3,28,월
2022-03-28,분당선,야탑,23976,24813,48789,-837,3,28,월
2022-03-28,분당선,서현,21869,21995,43864,-126,3,28,월
2022-03-28,분당선,수내,12061,11814,23875,247,3,28,월
2022-03-28,분당선,정자,15423,16262,31685,-839,3,28,월
2022-03-28,분당선,미금,14441,15227,29668,-786,3,28,월
2022-03-28,분당선,오리,10750,8822,19572,1928,3,28,월
2022-03-28,분당선,이매,5318,4925,10243,393,3,28,월
2022-03-28,분당선,보정,2399,2094,4493,305,3,28,월
2022-03-28,분당선,죽전,12733,14045,26778,-1312,3,28,월
2022-03-28,분당선,구성,4620,4863,9483,-243,3,28,월
2022-03-28,분당선,신갈,4174,4208,8382,-34,3,28,월
2022-03-28,분당선,기흥,9222,8554,17776,668,3,28,월
2022-03-28,분당선,상갈,4878,4825,9703,53,3,28,월
2022-03-28,분당선,청명,4005,3929,7934,76,3,28,월
2022-03-28,분당선,영통,7617,7903,15520,-286,3,28,월
2022-03-28,분당선,망포,13545,13051,26596,494,3,28,월
2022-03-28,분당선,매탄권선,4833,4661,9494,172,3,28,월
2022-03-28,분당선,수원시청,11850,12370,24220,-520,3,28,월
2022-03-28,분당선,매교,3139,3011,6150,128,3,28,월
2022-03-28,수인선,고색,4847,4756,9603,91,3,28,월
2022-03-28,수인선,오목천,3355,3100,6455,255,3,28,월
2022-03-28,수인선,어천,704,740,1444,-36,3,28,월
2022-03-28,수인선,야목,369,258,627,111,3,28,월
2022-03-28,수인선,사리,4640,4110,8750,530,3,28,월
2022-03-28,수인선,달월,105,69,174,36,3,28,월
2022-03-28,수인선,월곶,2588,2459,5047,129,3,28,월
2022-03-28,수인선,소래포구,4900,4456,9356,444,3,28,월
2022-03-28,수인선,인천논현,5303,5669,10972,-366,3,28,월
2022-03-28,수인선,호구포,3944,4133,8077,-189,3,28,월
2022-03-28,수인선,남동인더스파크,2217,2530,4747,-313,3,28,월
2022-03-28,수인선,원인재,4269,4468,8737,-199,3,28,월
2022-03-28,수인선,연수,4320,4370,8690,-50,3,28,월
2022-03-28,수인선,송도,2401,2241,4642,160,3,28,월
2022-03-28,수인선,인하대,6911,6649,13560,262,3,28,월
2022-03-28,수인선,숭의,3979,3631,7610,348,3,28,월
2022-03-28,수인선,신포,1827,1758,3585,69,3,28,월
2022-03-28,수인선,인천,968,1531,2499,-563,3,28,월
2022-03-28,안산선,산본,14704,15782,30486,-1078,3,28,월
2022-03-28,안산선,대야미,4798,4485,9283,313,3,28,월
2022-03-28,안산선,반월,4210,4073,8283,137,3,28,월
2022-03-28,안산선,상록수,15541,15713,31254,-172,3,28,월
2022-03-28,안산선,한대앞,9818,9975,19793,-157,3,28,월
2022-03-28,안산선,중앙,16930,17495,34425,-565,3,28,월
2022-03-28,안산선,고잔,8556,7975,16531,581,3,28,월
2022-03-28,안산선,초지,4934,5297,10231,-363,3,28,월
2022-03-28,안산선,안산,10961,10042,21003,919,3,28,월
2022-03-28,안산선,신길온천,1696,1542,3238,154,3,28,월
2022-03-28,안산선,정왕,9773,10358,20131,-585,3,28,월
2022-03-28,안산선,오이도,8009,7650,15659,359,3,28,월
2022-03-28,안산선,수리산,4199,3411,7610,788,3,28,월
2022-03-28,우이신설선,북한산우이,2466,2215,4681,251,3,28,월
2022-03-28,우이신설선,솔밭공원,2263,2194,4457,69,3,28,월
2022-03-28,우이신설선,4.19민주묘지,3478,3445,6923,33,3,28,월
2022-03-28,우이신설선,가오리,3975,3960,7935,15,3,28,월
2022-03-28,우이신설선,화계,3284,2977,6261,307,3,28,월
2022-03-28,우이신설선,삼양,2062,2127,4189,-65,3,28,월
2022-03-28,우이신설선,삼양사거리,2385,2373,4758,12,3,28,월
2022-03-28,우이신설선,솔샘,5528,5204,10732,324,3,28,월
2022-03-28,우이신설선,북한산보국문,5592,5405,10997,187,3,28,월
2022-03-28,우이신설선,정릉,4577,4164,8741,413,3,28,월
2022-03-28,우이신설선,성신여대입구(돈암),3207,3412,6619,-205,3,28,월
2022-03-28,우이신설선,보문,1447,1452,2899,-5,3,28,월
2022-03-28,우이신설선,신설동,2050,2005,4055,45,3,28,월
2022-03-28,일산선,원흥,9803,9420,19223,383,3,28,월
2022-03-28,일산선,삼송,18211,17743,35954,468,3,28,월
2022-03-28,일산선,원당,10581,10140,20721,441,3,28,월
2022-03-28,일산선,화정,15676,16012,31688,-336,3,28,월
2022-03-28,일산선,대곡,2001,1631,3632,370,3,28,월
2022-03-28,일산선,백석,9083,9036,18119,47,3,28,월
2022-03-28,일산선,마두,7103,7130,14233,-27,3,28,월
2022-03-28,일산선,정발산,6454,6359,12813,95,3,28,월
2022-03-28,일산선,주엽,8367,8387,16754,-20,3,28,월
2022-03-28,일산선,대화,11838,9576,21414,2262,3,28,월
2022-03-28,장항선,봉명,1202,1184,2386,18,3,28,월
2022-03-28,장항선,쌍용(나사렛대),2714,2757,5471,-43,3,28,월
2022-03-28,장항선,아산,3853,3220,7073,633,3,28,월
2022-03-28,장항선,탕정,754,669,1423,85,3,28,월
2022-03-28,장항선,배방,1144,1142,2286,2,3,28,월
2022-03-28,장항선,온양온천,3499,3598,7097,-99,3,28,월
2022-03-28,장항선,신창(순천향대),2707,3209,5916,-502,3,28,월
2022-03-28,중앙선,회기,22854,22525,45379,329,3,28,월
2022-03-28,중앙선,중랑,5346,4966,10312,380,3,28,월
2022-03-28,중앙선,상봉(시외버스터미널),5397,5340,10737,57,3,28,월
2022-03-28,중앙선,망우,7300,7114,14414,186,3,28,월
2022-03-28,중앙선,양원,2752,2694,5446,58,3,28,월
2022-03-28,중앙선,구리,12572,12782,25354,-210,3,28,월
2022-03-28,중앙선,도농,9952,9107,19059,845,3,28,월
2022-03-28,중앙선,양정,790,654,1444,136,3,28,월
2022-03-28,중앙선,덕소,5236,5289,10525,-53,3,28,월
2022-03-28,중앙선,도심,2320,1825,4145,495,3,28,월
2022-03-28,중앙선,팔당,825,860,1685,-35,3,28,월
2022-03-28,중앙선,운길산,859,786,1645,73,3,28,월
2022-03-28,중앙선,양수,1762,1781,3543,-19,3,28,월
2022-03-28,중앙선,신원,238,204,442,34,3,28,월
2022-03-28,중앙선,국수,779,740,1519,39,3,28,월
2022-03-28,중앙선,아신,538,535,1073,3,3,28,월
2022-03-28,중앙선,오빈,290,281,571,9,3,28,월
2022-03-28,중앙선,양평,3704,3798,7502,-94,3,28,월
2022-03-28,중앙선,원덕,385,358,743,27,3,28,월
2022-03-28,중앙선,용문,1674,1536,3210,138,3,28,월
2022-03-28,중앙선,지평,70,84,154,-14,3,28,월
2022-03-28,6호선,구산,7278,5385,12663,1893,3,28,월
2022-03-28,1호선,서울역,37708,36335,74043,1373,3,28,월
2022-03-28,1호선,시청,19669,19809,39478,-140,3,28,월
2022-03-28,1호선,종각,30214,29494,59708,720,3,28,월
2022-03-28,1호선,종로3가,22353,20317,42670,2036,3,28,월
2022-03-28,1호선,종로5가,20827,20945,41772,-118,3,28,월
2022-03-28,1호선,동대문,10196,9446,19642,750,3,28,월
2022-03-28,1호선,신설동,12869,12569,25438,300,3,28,월
2022-03-28,1호선,제기동,16524,17031,33555,-507,3,28,월
2022-03-28,1호선,청량리(서울시립대입구),18720,18497,37217,223,3,28,월
2022-03-28,1호선,동묘앞,7126,7541,14667,-415,3,28,월
2022-03-28,2호선,시청,20835,20119,40954,716,3,28,월
2022-03-28,2호선,을지로입구,33873,35050,68923,-1177,3,28,월
2022-03-28,2호선,을지로3가,19762,19824,39586,-62,3,28,월
2022-03-28,2호선,을지로4가,11954,11846,23800,108,3,28,월
2022-03-28,2호선,동대문역사문화공원(DDP),10870,12036,22906,-1166,3,28,월
2022-03-28,2호선,신당,12495,12943,25438,-448,3,28,월
2022-03-28,2호선,상왕십리,13020,12697,25717,323,3,28,월
2022-03-28,2호선,왕십리(성동구청),15524,12134,27658,3390,3,28,월
2022-03-28,2호선,한양대,14455,16232,30687,-1777,3,28,월
2022-03-28,2호선,뚝섬,19841,21507,41348,-1666,3,28,월
2022-03-28,2호선,성수,33634,36431,70065,-2797,3,28,월
2022-03-28,2호선,건대입구,31592,33442,65034,-1850,3,28,월
2022-03-28,2호선,구의(광진구청),21529,21523,43052,6,3,28,월
2022-03-28,2호선,강변(동서울터미널),26401,25312,51713,1089,3,28,월
2022-03-28,2호선,잠실나루,13152,11582,24734,1570,3,28,월
2022-03-28,2호선,잠실(송파구청),57078,56431,113509,647,3,28,월
2022-03-28,2호선,잠실새내,18918,18645,37563,273,3,28,월
2022-03-28,2호선,종합운동장,6515,7187,13702,-672,3,28,월
2022-03-28,2호선,삼성(무역센터),42318,42820,85138,-502,3,28,월
2022-03-28,2호선,선릉,51426,46077,97503,5349,3,28,월
2022-03-28,2호선,역삼,47332,53104,100436,-5772,3,28,월
2022-03-28,2호선,강남,73404,72103,145507,1301,3,28,월
2022-03-28,2호선,교대(법원.검찰청),30852,34510,65362,-3658,3,28,월
2022-03-28,2호선,서초,19239,18800,38039,439,3,28,월
2022-03-28,2호선,방배,17694,18454,36148,-760,3,28,월
2022-03-28,2호선,사당,31941,35350,67291,-3409,3,28,월
2022-03-28,2호선,낙성대(강감찬),24667,24608,49275,59,3,28,월
2022-03-28,2호선,서울대입구(관악구청),43970,43661,87631,309,3,28,월
2022-03-28,2호선,봉천,22096,20502,42598,1594,3,28,월
2022-03-28,2호선,신림,58089,56425,114514,1664,3,28,월
2022-03-28,2호선,신대방,24322,23968,48290,354,3,28,월
2022-03-28,2호선,구로디지털단지,54682,54346,109028,336,3,28,월
2022-03-28,2호선,대림(구로구청),22295,22795,45090,-500,3,28,월
2022-03-28,2호선,신도림,41779,41537,83316,242,3,28,월
2022-03-28,2호선,문래,20546,20958,41504,-412,3,28,월
2022-03-28,2호선,영등포구청,21072,21710,42782,-638,3,28,월
2022-03-28,2호선,당산,17418,19955,37373,-2537,3,28,월
2022-03-28,2호선,합정,26558,27232,53790,-674,3,28,월
2022-03-28,2호선,홍대입구,44086,45537,89623,-1451,3,28,월
2022-03-28,2호선,신촌,29424,29413,58837,11,3,28,월
2022-03-28,2호선,이대,12796,13791,26587,-995,3,28,월
2022-03-28,2호선,아현,9568,9183,18751,385,3,28,월
2022-03-28,2호선,충정로(경기대입구),9116,9684,18800,-568,3,28,월
2022-03-28,2호선,용답,3278,3713,6991,-435,3,28,월
2022-03-28,2호선,신답,1621,1801,3422,-180,3,28,월
2022-03-28,2호선,신설동,3155,3209,6364,-54,3,28,월
2022-03-28,2호선,도림천,1313,1376,2689,-63,3,28,월
2022-03-28,2호선,양천구청,6364,6552,12916,-188,3,28,월
2022-03-28,2호선,신정네거리,9473,9762,19235,-289,3,28,월
2022-03-28,2호선,용두(동대문구청),2280,2376,4656,-96,3,28,월
2022-03-28,3호선,지축,4636,4334,8970,302,3,28,월
2022-03-28,3호선,구파발,18986,18156,37142,830,3,28,월
2022-03-28,3호선,연신내,34187,32444,66631,1743,3,28,월
2022-03-28,3호선,불광,14790,15979,30769,-1189,3,28,월
2022-03-28,3호선,녹번,14634,13431,28065,1203,3,28,월
2022-03-28,3호선,홍제,16448,15859,32307,589,3,28,월
2022-03-28,3호선,무악재,3586,3669,7255,-83,3,28,월
2022-03-28,3호선,독립문,6303,6755,13058,-452,3,28,월
2022-03-28,3호선,경복궁(정부서울청사),19024,18449,37473,575,3,28,월
2022-03-28,3호선,안국,18051,18274,36325,-223,3,28,월
2022-03-28,3호선,종로3가,9250,10178,19428,-928,3,28,월
2022-03-28,3호선,을지로3가,9423,9469,18892,-46,3,28,월
2022-03-28,3호선,충무로,4,0,4,4,3,28,월
2022-03-28,3호선,동대입구,8239,8803,17042,-564,3,28,월
2022-03-28,3호선,약수,11832,11669,23501,163,3,28,월
2022-03-28,3호선,금호,7199,6956,14155,243,3,28,월
2022-03-28,3호선,옥수,7898,8280,16178,-382,3,28,월
2022-03-28,3호선,압구정,28017,29534,57551,-1517,3,28,월
2022-03-28,3호선,신사,27244,28096,55340,-852,3,28,월
2022-03-28,3호선,잠원,4368,4238,8606,130,3,28,월
2022-03-28,3호선,고속터미널,33291,31945,65236,1346,3,28,월
2022-03-28,3호선,교대(법원.검찰청),12878,8436,21314,4442,3,28,월
2022-03-28,3호선,남부터미널(예술의전당),25195,25771,50966,-576,3,28,월
2022-03-28,3호선,양재(서초구청),34465,37584,72049,-3119,3,28,월
2022-03-28,3호선,매봉,11113,10509,21622,604,3,28,월
2022-03-28,3호선,도곡,4908,5058,9966,-150,3,28,월
2022-03-28,3호선,대치,10074,10161,20235,-87,3,28,월
2022-03-28,3호선,학여울,1576,1607,3183,-31,3,28,월
2022-03-28,3호선,대청,9620,8816,18436,804,3,28,월
2022-03-28,3호선,일원,9681,9466,19147,215,3,28,월
2022-03-28,3호선,수서,15341,15733,31074,-392,3,28,월
2022-03-28,3호선,가락시장,8377,8165,16542,212,3,28,월
2022-03-28,3호선,경찰병원,6807,6870,13677,-63,3,28,월
2022-03-28,3호선,오금,5855,5216,11071,639,3,28,월
2022-03-28,4호선,당고개,8536,7748,16284,788,3,28,월
2022-03-28,4호선,상계,18057,16753,34810,1304,3,28,월
2022-03-28,4호선,노원,16764,18784,35548,-2020,3,28,월
2022-03-28,4호선,창동,23305,24637,47942,-1332,3,28,월
2022-03-28,4호선,쌍문,26907,25214,52121,1693,3,28,월
2022-03-28,4호선,수유(강북구청),31172,31542,62714,-370,3,28,월
2022-03-28,4호선,미아(서울사이버대학),14396,14108,28504,288,3,28,월
2022-03-28,4호선,미아사거리,24789,24484,49273,305,3,28,월
2022-03-28,4호선,길음,19129,19297,38426,-168,3,28,월
2022-03-28,4호선,성신여대입구(돈암),19104,18547,37651,557,3,28,월
2022-03-28,4호선,한성대입구(삼선교),12856,12414,25270,442,3,28,월
2022-03-28,4호선,혜화,27614,27398,55012,216,3,28,월
2022-03-28,4호선,동대문,18126,18718,36844,-592,3,28,월
2022-03-28,4호선,동대문역사문화공원(DDP),12815,12021,24836,794,3,28,월
2022-03-28,4호선,충무로,26693,27107,53800,-414,3,28,월
2022-03-28,4호선,명동,17218,17266,34484,-48,3,28,월
2022-03-28,4호선,회현(남대문시장),19782,21023,40805,-1241,3,28,월
2022-03-28,4호선,서울역,9729,13367,23096,-3638,3,28,월
2022-03-28,4호선,숙대입구(갈월),12724,12364,25088,360,3,28,월
2022-03-28,4호선,삼각지,4323,4752,9075,-429,3,28,월
2022-03-28,4호선,신용산,13971,14583,28554,-612,3,28,월
2022-03-28,4호선,이촌(국립중앙박물관),6085,6806,12891,-721,3,28,월
2022-03-28,4호선,동작(현충원),1406,1647,3053,-241,3,28,월
2022-03-28,4호선,총신대입구(이수),17148,18632,35780,-1484,3,28,월
2022-03-28,4호선,사당,21952,18435,40387,3517,3,28,월
2022-03-28,4호선,남태령,1047,923,1970,124,3,28,월
2022-03-28,5호선,방화,6169,5980,12149,189,3,28,월
2022-03-28,5호선,개화산,5312,5029,10341,283,3,28,월
2022-03-28,5호선,김포공항,6152,6012,12164,140,3,28,월
2022-03-28,5호선,송정,6119,5774,11893,345,3,28,월
2022-03-28,5호선,마곡,10174,10097,20271,77,3,28,월
2022-03-28,5호선,발산,18764,18825,37589,-61,3,28,월
2022-03-28,5호선,우장산,13746,13394,27140,352,3,28,월
2022-03-28,5호선,화곡,26605,25260,51865,1345,3,28,월
2022-03-28,5호선,까치산,26962,25895,52857,1067,3,28,월
2022-03-28,5호선,신정(은행정),13079,10833,23912,2246,3,28,월
2022-03-28,5호선,목동,15467,16845,32312,-1378,3,28,월
2022-03-28,5호선,오목교(목동운동장앞),19199,20426,39625,-1227,3,28,월
2022-03-28,5호선,양평,7126,7070,14196,56,3,28,월
2022-03-28,5호선,영등포구청,3868,3893,7761,-25,3,28,월
2022-03-28,5호선,영등포시장,9098,9221,18319,-123,3,28,월
2022-03-28,5호선,신길,3662,4105,7767,-443,3,28,월
2022-03-28,5호선,여의도,25696,26921,52617,-1225,3,28,월
2022-03-28,5호선,여의나루,10518,11324,21842,-806,3,28,월
2022-03-28,5호선,마포,13364,13513,26877,-149,3,28,월
2022-03-28,5호선,공덕,12774,13465,26239,-691,3,28,월
2022-03-28,5호선,애오개,6186,6353,12539,-167,3,28,월
2022-03-28,5호선,충정로(경기대입구),4485,4568,9053,-83,3,28,월
2022-03-28,5호선,서대문,17861,18046,35907,-185,3,28,월
2022-03-28,5호선,광화문(세종문화회관),25672,26582,52254,-910,3,28,월
2022-03-28,5호선,종로3가,10404,10582,20986,-178,3,28,월
2022-03-28,5호선,을지로4가,5787,5776,11563,11,3,28,월
2022-03-28,5호선,동대문역사문화공원(DDP),2688,3052,5740,-364,3,28,월
2022-03-28,5호선,청구,3793,3403,7196,390,3,28,월
2022-03-28,5호선,신금호,6075,6435,12510,-360,3,28,월
2022-03-28,5호선,행당,7407,6645,14052,762,3,28,월
2022-03-28,5호선,왕십리(성동구청),4176,4640,8816,-464,3,28,월
2022-03-28,5호선,마장,5432,5022,10454,410,3,28,월
2022-03-28,5호선,답십리,14995,13862,28857,1133,3,28,월
2022-03-28,5호선,장한평,17025,16845,33870,180,3,28,월
2022-03-28,5호선,군자(능동),10271,11295,21566,-1024,3,28,월
2022-03-28,5호선,아차산(어린이대공원후문),13785,13213,26998,572,3,28,월
2022-03-28,5호선,광나루(장신대),12489,11392,23881,1097,3,28,월
2022-03-28,5호선,천호(풍납토성),15986,15912,31898,74,3,28,월
2022-03-28,5호선,강동,17269,16763,34032,506,3,28,월
2022-03-28,5호선,길동,7481,7763,15244,-282,3,28,월
2022-03-28,5호선,굽은다리(강동구민회관앞),8721,8228,16949,493,3,28,월
2022-03-28,5호선,명일,8075,8336,16411,-261,3,28,월
2022-03-28,5호선,고덕,8921,8938,17859,-17,3,28,월
2022-03-28,5호선,상일동,13993,13088,27081,905,3,28,월
2022-03-28,5호선,둔촌동,7939,7891,15830,48,3,28,월
2022-03-28,5호선,올림픽공원(한국체대),4057,3688,7745,369,3,28,월
2022-03-28,5호선,방이,6525,6776,13301,-251,3,28,월
2022-03-28,5호선,오금,3588,3604,7192,-16,3,28,월
2022-03-28,5호선,개롱,6059,6285,12344,-226,3,28,월
2022-03-28,5호선,거여,9447,9177,18624,270,3,28,월
2022-03-28,5호선,마천,6806,6535,13341,271,3,28,월
2022-03-28,5호선,강일,3855,3666,7521,189,3,28,월
2022-03-28,5호선,미사,14574,14698,29272,-124,3,28,월
2022-03-28,5호선,하남풍산,4063,4051,8114,12,3,28,월
2022-03-28,5호선,하남시청(덕풍·신장),6173,6085,12258,88,3,28,월
2022-03-28,5호선,하남검단산,5224,4971,10195,253,3,28,월
2022-03-28,6호선,응암,16275,16304,32579,-29,3,28,월
2022-03-28,6호선,역촌,3481,4045,7526,-564,3,28,월
2022-03-28,6호선,불광,3781,3790,7571,-9,3,28,월
2022-03-28,6호선,독바위,2520,2683,5203,-163,3,28,월
2022-03-28,6호선,연신내,2,0,2,2,3,28,월
2022-03-28,6호선,새절(신사),11724,10997,22721,727,3,28,월
2022-03-28,6호선,증산(명지대앞),9409,9333,18742,76,3,28,월
2022-03-28,6호선,디지털미디어시티,12699,14132,26831,-1433,3,28,월
2022-03-28,6호선,월드컵경기장(성산),4033,4181,8214,-148,3,28,월
2022-03-28,6호선,마포구청,13023,11700,24723,1323,3,28,월
2022-03-28,6호선,망원,12301,13003,25304,-702,3,28,월
2022-03-28,6호선,합정,11097,11011,22108,86,3,28,월
2022-03-28,6호선,상수,7453,8018,15471,-565,3,28,월
2022-03-28,6호선,광흥창(서강),8290,8094,16384,196,3,28,월
2022-03-28,6호선,대흥(서강대앞),7728,8119,15847,-391,3,28,월
2022-03-28,6호선,공덕,16791,16036,32827,755,3,28,월
2022-03-28,6호선,효창공원앞,6637,6370,13007,267,3,28,월
2022-03-28,6호선,삼각지,5535,4881,10416,654,3,28,월
2022-03-28,6호선,녹사평(용산구청),4030,3942,7972,88,3,28,월
2022-03-28,6호선,이태원,8196,8309,16505,-113,3,28,월
2022-03-28,6호선,한강진,5831,6836,12667,-1005,3,28,월
2022-03-28,6호선,버티고개,1938,1943,3881,-5,3,28,월
2022-03-28,6호선,약수,3347,3391,6738,-44,3,28,월
2022-03-28,6호선,청구,3448,3737,7185,-289,3,28,월
2022-03-28,6호선,신당,7224,7820,15044,-596,3,28,월
2022-03-28,6호선,동묘앞,7280,7451,14731,-171,3,28,월
2022-03-28,6호선,창신,3370,2947,6317,423,3,28,월
2022-03-28,6호선,보문,6855,6313,13168,542,3,28,월
2022-03-28,6호선,안암(고대병원앞),12940,13288,26228,-348,3,28,월
2022-03-28,6호선,고려대(종암),7881,7776,15657,105,3,28,월
2022-03-28,6호선,월곡(동덕여대),11978,11757,23735,221,3,28,월
2022-03-28,6호선,상월곡(한국과학기술연구원),6000,5636,11636,364,3,28,월
2022-03-28,6호선,돌곶이,8821,8267,17088,554,3,28,월
2022-03-28,6호선,석계,11720,12502,24222,-782,3,28,월
2022-03-28,6호선,태릉입구,5186,5677,10863,-491,3,28,월
2022-03-28,6호선,화랑대(서울여대입구),11291,8975,20266,2316,3,28,월
2022-03-28,6호선,봉화산(서울의료원),8205,7797,16002,408,3,28,월
2022-03-28,7호선,장암,2131,766,2897,1365,3,28,월
2022-03-28,7호선,도봉산,8820,10086,18906,-1266,3,28,월
2022-03-28,7호선,수락산,11672,11396,23068,276,3,28,월
2022-03-28,7호선,마들,12105,11430,23535,675,3,28,월
2022-03-28,7호선,노원,17747,18564,36311,-817,3,28,월
2022-03-28,7호선,중계,13954,12834,26788,1120,3,28,월
2022-03-28,7호선,하계,16276,15367,31643,909,3,28,월
2022-03-28,7호선,공릉(서울과학기술대),11887,11810,23697,77,3,28,월
2022-03-28,7호선,태릉입구,7932,7752,15684,180,3,28,월
2022-03-28,7호선,먹골,9289,9094,18383,195,3,28,월
2022-03-28,7호선,중화,10265,10063,20328,202,3,28,월
2022-03-28,7호선,상봉(시외버스터미널),15554,14497,30051,1057,3,28,월
2022-03-28,7호선,면목,15202,14819,30021,383,3,28,월
2022-03-28,7호선,사가정,15045,15122,30167,-77,3,28,월
2022-03-28,7호선,용마산(용마폭포공원),5772,5565,11337,207,3,28,월
2022-03-28,7호선,중곡,10234,9464,19698,770,3,28,월
2022-03-28,7호선,군자(능동),13781,11087,24868,2694,3,28,월
2022-03-28,7호선,어린이대공원(세종대),13449,14048,27497,-599,3,28,월
2022-03-28,7호선,건대입구,11441,12152,23593,-711,3,28,월
2022-03-28,7호선,뚝섬유원지,8354,8077,16431,277,3,28,월
2022-03-28,7호선,청담,18006,19955,37961,-1949,3,28,월
2022-03-28,7호선,강남구청,14341,15814,30155,-1473,3,28,월
2022-03-28,7호선,학동,22614,23944,46558,-1330,3,28,월
2022-03-28,7호선,논현,18901,20296,39197,-1395,3,28,월
2022-03-28,7호선,반포,5300,5205,10505,95,3,28,월
2022-03-28,7호선,고속터미널,14085,11651,25736,2434,3,28,월
2022-03-28,7호선,내방,13406,13844,27250,-438,3,28,월
2022-03-28,7호선,이수,14209,13788,27997,421,3,28,월
2022-03-28,7호선,남성,10417,9871,20288,546,3,28,월
2022-03-28,7호선,숭실대입구(살피재),13633,14178,27811,-545,3,28,월
2022-03-28,7호선,상도,10470,10388,20858,82,3,28,월
2022-03-28,7호선,장승배기,8397,8312,16709,85,3,28,월
2022-03-28,7호선,신대방삼거리,15723,15082,30805,641,3,28,월
2022-03-28,7호선,보라매,9362,9450,18812,-88,3,28,월
2022-03-28,7호선,신풍,10739,10331,21070,408,3,28,월
2022-03-28,7호선,대림(구로구청),7307,7325,14632,-18,3,28,월
2022-03-28,7호선,남구로,15139,15917,31056,-778,3,28,월
2022-03-28,7호선,가산디지털단지,42471,43001,85472,-530,3,28,월
2022-03-28,7호선,철산,19068,19508,38576,-440,3,28,월
2022-03-28,7호선,광명사거리,20733,20258,40991,475,3,28,월
2022-03-28,7호선,천왕,10697,10223,20920,474,3,28,월
2022-03-28,7호선,온수(성공회대입구),9919,9080,18999,839,3,28,월
2022-03-28,8호선,암사,17543,15577,33120,1966,3,28,월
2022-03-28,8호선,천호(풍납토성),13293,15144,28437,-1851,3,28,월
2022-03-28,8호선,강동구청,9761,10084,19845,-323,3,28,월
2022-03-28,8호선,몽촌토성(평화의문),5529,5655,11184,-126,3,28,월
2022-03-28,8호선,잠실(송파구청),11731,13576,25307,-1845,3,28,월
2022-03-28,8호선,석촌,6932,8047,14979,-1115,3,28,월
2022-03-28,8호선,송파,7010,7066,14076,-56,3,28,월
2022-03-28,8호선,가락시장,7126,7825,14951,-699,3,28,월
2022-03-28,8호선,문정,20694,21873,42567,-1179,3,28,월
2022-03-28,8호선,장지,15150,14989,30139,161,3,28,월
2022-03-28,8호선,복정,8957,7624,16581,1333,3,28,월
2022-03-28,8호선,산성,4969,5051,10020,-82,3,28,월
2022-03-28,8호선,남한산성입구(성남법원.검찰청),14461,13648,28109,813,3,28,월
2022-03-28,8호선,단대오거리,10600,10134,20734,466,3,28,월
2022-03-28,8호선,신흥,3823,4049,7872,-226,3,28,월
2022-03-28,8호선,수진,5031,4633,9664,398,3,28,월
2022-03-28,8호선,모란,4198,3261,7459,937,3,28,월
2022-03-28,8호선,남위례,4265,4540,8805,-275,3,28,월
2022-03-28,9호선,개화,2304,1624,3928,680,3,28,월
2022-03-28,9호선,김포공항,6233,8890,15123,-2657,3,28,월
2022-03-28,9호선,공항시장,2926,3173,6099,-247,3,28,월
2022-03-28,9호선,신방화,6638,6380,13018,258,3,28,월
2022-03-28,9호선,마곡나루(서울식물원),11206,11138,22344,68,3,28,월
2022-03-28,9호선,양천향교,9415,9531,18946,-116,3,28,월
2022-03-28,9호선,가양,19258,18623,37881,635,3,28,월
2022-03-28,9호선,증미,6840,6739,13579,101,3,28,월
2022-03-28,9호선,등촌,10555,10333,20888,222,3,28,월
2022-03-28,9호선,염창,15908,15507,31415,401,3,28,월
2022-03-28,9호선,신목동,3846,3425,7271,421,3,28,월
2022-03-28,9호선,선유도,8128,7837,15965,291,3,28,월
2022-03-28,9호선,당산,16514,16480,32994,34,3,28,월
2022-03-28,9호선,국회의사당,13740,14325,28065,-585,3,28,월
2022-03-28,9호선,여의도,24383,23714,48097,669,3,28,월
2022-03-28,9호선,샛강,5295,5556,10851,-261,3,28,월
2022-03-28,9호선,노량진,23660,23048,46708,612,3,28,월
2022-03-28,9호선,노들,4100,3471,7571,629,3,28,월
2022-03-28,9호선,흑석(중앙대입구),8483,8776,17259,-293,3,28,월
2022-03-28,9호선,동작(현충원),1803,1492,3295,311,3,28,월
2022-03-28,9호선,구반포,1202,1189,2391,13,3,28,월
2022-03-28,9호선,신반포,3245,3110,6355,135,3,28,월
2022-03-29,9호선,신논현,28754,28386,57140,368,3,29,화
2022-03-29,9호선2~3단계,언주,9628,9965,19593,-337,3,29,화
2022-03-29,9호선2~3단계,선정릉,9094,9946,19040,-852,3,29,화
2022-03-29,9호선2~3단계,삼성중앙,6290,6764,13054,-474,3,29,화
2022-03-29,9호선2~3단계,봉은사,14073,14448,28521,-375,3,29,화
2022-03-29,9호선2~3단계,종합운동장,3685,3835,7520,-150,3,29,화
2022-03-29,9호선2~3단계,삼전,6500,6233,12733,267,3,29,화
2022-03-29,9호선2~3단계,석촌고분,5630,5632,11262,-2,3,29,화
2022-03-29,9호선2~3단계,석촌,7878,7055,14933,823,3,29,화
2022-03-29,9호선2~3단계,송파나루,4684,4932,9616,-248,3,29,화
2022-03-29,9호선2~3단계,한성백제,2296,2090,4386,206,3,29,화
2022-03-29,9호선2~3단계,올림픽공원(한국체대),5598,5613,11211,-15,3,29,화
2022-03-29,9호선2~3단계,둔촌오륜,1157,1063,2220,94,3,29,화
2022-03-29,9호선2~3단계,중앙보훈병원,10235,9091,19326,1144,3,29,화
2022-03-29,경강선,판교,4341,4257,8598,84,3,29,화
2022-03-29,경강선,이매,1070,928,1998,142,3,29,화
2022-03-29,경강선,삼동,2307,2167,4474,140,3,29,화
2022-03-29,경강선,경기광주,7394,7025,14419,369,3,29,화
2022-03-29,경강선,초월,3005,2893,5898,112,3,29,화
2022-03-29,경강선,곤지암,2034,2046,4080,-12,3,29,화
2022-03-29,경강선,신둔도예촌,1528,1402,2930,126,3,29,화
2022-03-29,경강선,이천,2475,2515,4990,-40,3,29,화
2022-03-29,경강선,부발,2023,1995,4018,28,3,29,화
2022-03-29,경강선,세종대왕릉,308,324,632,-16,3,29,화
2022-03-29,경강선,여주,2283,2250,4533,33,3,29,화
2022-03-29,경부선,서울역,4688,1497,6185,3191,3,29,화
2022-03-29,경부선,남영,9177,9589,18766,-412,3,29,화
2022-03-29,경부선,용산,27079,27184,54263,-105,3,29,화
2022-03-29,경부선,노량진,7487,7661,15148,-174,3,29,화
2022-03-29,경부선,대방,12523,12802,25325,-279,3,29,화
2022-03-29,경부선,영등포,32843,33411,66254,-568,3,29,화
2022-03-29,경부선,신도림,3830,3873,7703,-43,3,29,화
2022-03-29,경부선,신길,8677,7351,16028,1326,3,29,화
2022-03-29,경부선,구로,17412,17741,35153,-329,3,29,화
2022-03-29,경부선,가산디지털단지,17472,20134,37606,-2662,3,29,화
2022-03-29,경부선,금천구청,11363,11316,22679,47,3,29,화
2022-03-29,경부선,석수,9509,8489,17998,1020,3,29,화
2022-03-29,경부선,관악,6951,6476,13427,475,3,29,화
2022-03-29,경부선,안양,23609,23168,46777,441,3,29,화
2022-03-29,경부선,명학,10727,10589,21316,138,3,29,화
2022-03-29,경부선,금정,25785,26152,51937,-367,3,29,화
2022-03-29,경부선,군포,7673,7675,15348,-2,3,29,화
2022-03-29,경부선,의왕,9082,8972,18054,110,3,29,화
2022-03-29,경부선,성균관대,14624,14423,29047,201,3,29,화
2022-03-29,경부선,화서,7955,7700,15655,255,3,29,화
2022-03-29,경부선,수원,32238,34627,66865,-2389,3,29,화
2022-03-29,경부선,독산,17957,18517,36474,-560,3,29,화
2022-03-29,경부선,세류,2961,2726,5687,235,3,29,화
2022-03-29,경부선,병점,14639,14652,29291,-13,3,29,화
2022-03-29,경부선,세마,2687,2630,5317,57,3,29,화
2022-03-29,경부선,오산대,3959,3608,7567,351,3,29,화
2022-03-29,경부선,오산,9544,9504,19048,40,3,29,화
2022-03-29,경부선,진위,1715,1455,3170,260,3,29,화
2022-03-29,경부선,송탄,4159,4005,8164,154,3,29,화
2022-03-29,경부선,서정리,7009,6647,13656,362,3,29,화
2022-03-29,경부선,평택지제,3247,3124,6371,123,3,29,화
2022-03-29,경부선,평택,11634,11779,23413,-145,3,29,화
2022-03-29,경부선,성환,4752,4783,9535,-31,3,29,화
2022-03-29,경부선,직산,782,795,1577,-13,3,29,화
2022-03-29,경부선,두정,7246,7871,15117,-625,3,29,화
2022-03-29,경부선,천안,6481,6104,12585,377,3,29,화
2022-03-29,경부선,당정,6361,5967,12328,394,3,29,화
2022-03-29,경부선,서동탄,1305,1142,2447,163,3,29,화
2022-03-29,경부선,광명,2914,2543,5457,371,3,29,화
2022-03-29,경원선,이촌(국립중앙박물관),3424,2704,6128,720,3,29,화
2022-03-29,경원선,서빙고,1890,1747,3637,143,3,29,화
2022-03-29,경원선,한남,3846,3585,7431,261,3,29,화
2022-03-29,경원선,옥수,43,32,75,11,3,29,화
2022-03-29,경원선,응봉,2124,2081,4205,43,3,29,화
2022-03-29,경원선,왕십리(성동구청),13314,14093,27407,-779,3,29,화
2022-03-29,경원선,청량리(서울시립대입구),13023,13979,27002,-956,3,29,화
2022-03-29,경원선,외대앞,7974,8122,16096,-148,3,29,화
2022-03-29,경원선,신이문,7972,7429,15401,543,3,29,화
2022-03-29,경원선,석계,7927,8742,16669,-815,3,29,화
2022-03-29,경원선,광운대,8697,8526,17223,171,3,29,화
2022-03-29,경원선,월계,7771,7272,15043,499,3,29,화
2022-03-29,경원선,녹천,4644,3864,8508,780,3,29,화
2022-03-29,경원선,방학,9429,9240,18669,189,3,29,화
2022-03-29,경원선,도봉,5790,5509,11299,281,3,29,화
2022-03-29,경원선,도봉산,7822,5352,13174,2470,3,29,화
2022-03-29,경원선,망월사,7297,7511,14808,-214,3,29,화
2022-03-29,경원선,회룡,12098,12034,24132,64,3,29,화
2022-03-29,경원선,의정부,16913,17330,34243,-417,3,29,화
2022-03-29,경원선,가능,6622,6299,12921,323,3,29,화
2022-03-29,경원선,녹양,4455,4214,8669,241,3,29,화
2022-03-29,경원선,양주,7688,7311,14999,377,3,29,화
2022-03-29,경원선,덕계,3133,2826,5959,307,3,29,화
2022-03-29,경원선,덕정,6304,6139,12443,165,3,29,화
2022-03-29,경원선,지행,6246,6212,12458,34,3,29,화
2022-03-29,경원선,동두천중앙,3043,2902,5945,141,3,29,화
2022-03-29,경원선,보산,1454,1330,2784,124,3,29,화
2022-03-29,경원선,동두천,2750,3015,5765,-265,3,29,화
2022-03-29,경원선,소요산,2752,2392,5144,360,3,29,화
2022-03-29,경의선,서울역,4020,5030,9050,-1010,3,29,화
2022-03-29,경의선,신촌,852,1044,1896,-192,3,29,화
2022-03-29,경의선,효창공원앞,2975,3207,6182,-232,3,29,화
2022-03-29,경의선,공덕,3140,2839,5979,301,3,29,화
2022-03-29,경의선,서강대,2083,2048,4131,35,3,29,화
2022-03-29,경의선,홍대입구,1598,1677,3275,-79,3,29,화
2022-03-29,경의선,가좌,5195,5128,10323,67,3,29,화
2022-03-29,경의선,디지털미디어시티,2348,2289,4637,59,3,29,화
2022-03-29,경의선,수색,2788,2858,5646,-70,3,29,화
2022-03-29,경의선,화전,3684,3361,7045,323,3,29,화
2022-03-29,경의선,강매,3171,2848,6019,323,3,29,화
2022-03-29,경의선,행신,7367,7657,15024,-290,3,29,화
2022-03-29,경의선,능곡,3701,3512,7213,189,3,29,화
2022-03-29,경의선,곡산,572,584,1156,-12,3,29,화
2022-03-29,경의선,백마,6659,6571,13230,88,3,29,화
2022-03-29,경의선,풍산,5277,4917,10194,360,3,29,화
2022-03-29,경의선,일산,8886,8825,17711,61,3,29,화
2022-03-29,경의선,탄현,7239,7099,14338,140,3,29,화
2022-03-29,경의선,야당,7023,7039,14062,-16,3,29,화
2022-03-29,경의선,운정,6520,6346,12866,174,3,29,화
2022-03-29,경의선,금릉,4455,4359,8814,96,3,29,화
2022-03-29,경의선,금촌,5983,5905,11888,78,3,29,화
2022-03-29,경의선,월롱,2791,2659,5450,132,3,29,화
2022-03-29,경의선,파주,1547,1079,2626,468,3,29,화
2022-03-29,경의선,문산,5105,5062,10167,43,3,29,화
2022-03-29,경의선,임진강,20,8,28,12,3,29,화
2022-03-29,경의선,검암,1,0,1,1,3,29,화
2022-03-29,경인선,개봉,20207,19830,40037,377,3,29,화
2022-03-29,경인선,오류동,11260,10478,21738,782,3,29,화
2022-03-29,경인선,역곡,26677,26432,53109,245,3,29,화
2022-03-29,경인선,부천,30068,30068,60136,0,3,29,화
2022-03-29,경인선,송내,25788,25861,51649,-73,3,29,화
2022-03-29,경인선,부평,26167,27907,54074,-1740,3,29,화
2022-03-29,경인선,백운,6698,6525,13223,173,3,29,화
2022-03-29,경인선,동암,13763,13883,27646,-120,3,29,화
2022-03-29,경인선,주안,18369,16811,35180,1558,3,29,화
2022-03-29,경인선,제물포,10433,9961,20394,472,3,29,화
2022-03-29,경인선,동인천,12822,12208,25030,614,3,29,화
2022-03-29,경인선,인천,3471,2641,6112,830,3,29,화
2022-03-29,경인선,구일,5932,5922,11854,10,3,29,화
2022-03-29,경인선,소사,8626,8308,16934,318,3,29,화
2022-03-29,경인선,부개,8114,7550,15664,564,3,29,화
2022-03-29,경인선,간석,5578,5238,10816,340,3,29,화
2022-03-29,경인선,도원,2993,2966,5959,27,3,29,화
2022-03-29,경인선,온수(성공회대입구),6600,6240,12840,360,3,29,화
2022-03-29,경인선,중동,9066,8521,17587,545,3,29,화
2022-03-29,경인선,도화,4002,3716,7718,286,3,29,화
2022-03-29,경춘선,신내,2130,2085,4215,45,3,29,화
2022-03-29,경춘선,갈매,2911,2595,5506,316,3,29,화
2022-03-29,경춘선,별내,3112,2974,6086,138,3,29,화
2022-03-29,경춘선,퇴계원,3343,3080,6423,263,3,29,화
2022-03-29,경춘선,사릉,2503,2412,4915,91,3,29,화
2022-03-29,경춘선,금곡,1504,1473,2977,31,3,29,화
2022-03-29,경춘선,평내호평,6248,6051,12299,197,3,29,화
2022-03-29,경춘선,천마산,1717,1603,3320,114,3,29,화
2022-03-29,경춘선,마석,3806,3770,7576,36,3,29,화
2022-03-29,경춘선,대성리,440,416,856,24,3,29,화
2022-03-29,경춘선,청평,1452,1450,2902,2,3,29,화
2022-03-29,경춘선,상천,293,248,541,45,3,29,화
2022-03-29,경춘선,가평,1452,1372,2824,80,3,29,화
2022-03-29,경춘선,굴봉산,130,123,253,7,3,29,화
2022-03-29,경춘선,백양리,75,62,137,13,3,29,화
2022-03-29,경춘선,강촌,448,430,878,18,3,29,화
2022-03-29,경춘선,김유정,339,348,687,-9,3,29,화
2022-03-29,경춘선,남춘천,2233,2194,4427,39,3,29,화
2022-03-29,경춘선,춘천,1389,1353,2742,36,3,29,화
2022-03-29,공항철도 1호선,서울역,6578,5951,12529,627,3,29,화
2022-03-29,공항철도 1호선,공덕,2051,2736,4787,-685,3,29,화
2022-03-29,공항철도 1호선,홍대입구,8129,8221,16350,-92,3,29,화
2022-03-29,공항철도 1호선,디지털미디어시티,13253,12247,25500,1006,3,29,화
2022-03-29,공항철도 1호선,마곡나루(서울식물원),8517,8301,16818,216,3,29,화
2022-03-29,공항철도 1호선,김포공항,10240,5527,15767,4713,3,29,화
2022-03-29,공항철도 1호선,계양,9841,9517,19358,324,3,29,화
2022-03-29,공항철도 1호선,검암,6071,6080,12151,-9,3,29,화
2022-03-29,공항철도 1호선,청라국제도시,6449,6141,12590,308,3,29,화
2022-03-29,공항철도 1호선,운서,6317,6421,12738,-104,3,29,화
2022-03-29,공항철도 1호선,공항화물청사,2310,2463,4773,-153,3,29,화
2022-03-29,공항철도 1호선,인천공항1터미널,3616,4000,7616,-384,3,29,화
2022-03-29,공항철도 1호선,인천공항2터미널,2202,2150,4352,52,3,29,화
2022-03-29,공항철도 1호선,영종,2868,2833,5701,35,3,29,화
2022-03-29,과천선,선바위,7801,7035,14836,766,3,29,화
2022-03-29,과천선,경마공원,1450,1427,2877,23,3,29,화
2022-03-29,과천선,대공원,2877,3009,5886,-132,3,29,화
2022-03-29,과천선,과천,5954,5533,11487,421,3,29,화
2022-03-29,과천선,정부과천청사,10024,9987,20011,37,3,29,화
2022-03-29,과천선,인덕원,22771,23508,46279,-737,3,29,화
2022-03-29,과천선,평촌,16979,16681,33660,298,3,29,화
2022-03-29,과천선,범계,24419,24418,48837,1,3,29,화
2022-03-29,분당선,선릉,12469,18905,31374,-6436,3,29,화
2022-03-29,분당선,한티,13327,14214,27541,-887,3,29,화
2022-03-29,분당선,도곡,6541,6490,13031,51,3,29,화
2022-03-29,분당선,구룡,2236,2152,4388,84,3,29,화
2022-03-29,분당선,개포동,3728,3842,7570,-114,3,29,화
2022-03-29,분당선,대모산입구,4360,4121,8481,239,3,29,화
2022-03-29,분당선,수서,12469,12737,25206,-268,3,29,화
2022-03-29,분당선,수원,7781,6370,14151,1411,3,29,화
2022-03-29,분당선,서울숲,10191,10395,20586,-204,3,29,화
2022-03-29,분당선,압구정로데오,17573,19026,36599,-1453,3,29,화
2022-03-29,분당선,강남구청,9516,10958,20474,-1442,3,29,화
2022-03-29,분당선,선정릉,7634,8083,15717,-449,3,29,화
2022-03-29,분당선,가천대,9547,10593,20140,-1046,3,29,화
2022-03-29,분당선,태평,13065,12703,25768,362,3,29,화
2022-03-29,분당선,모란,26174,27372,53546,-1198,3,29,화
2022-03-29,분당선,야탑,24446,25254,49700,-808,3,29,화
2022-03-29,분당선,서현,22170,22472,44642,-302,3,29,화
2022-03-29,분당선,수내,12185,12285,24470,-100,3,29,화
2022-03-29,분당선,정자,16165,17016,33181,-851,3,29,화
2022-03-29,분당선,미금,14906,15850,30756,-944,3,29,화
2022-03-29,분당선,오리,11272,9212,20484,2060,3,29,화
2022-03-29,분당선,이매,5555,5162,10717,393,3,29,화
2022-03-29,분당선,보정,2414,2157,4571,257,3,29,화
2022-03-29,분당선,죽전,13629,14909,28538,-1280,3,29,화
2022-03-29,분당선,구성,4872,5083,9955,-211,3,29,화
2022-03-29,분당선,신갈,4290,4298,8588,-8,3,29,화
2022-03-29,분당선,기흥,9478,8946,18424,532,3,29,화
2022-03-29,분당선,상갈,5158,5024,10182,134,3,29,화
2022-03-29,분당선,청명,4069,4044,8113,25,3,29,화
2022-03-29,분당선,영통,7821,7956,15777,-135,3,29,화
2022-03-29,분당선,망포,13481,12783,26264,698,3,29,화
2022-03-29,분당선,매탄권선,4861,4679,9540,182,3,29,화
2022-03-29,분당선,수원시청,11842,12522,24364,-680,3,29,화
2022-03-29,분당선,매교,3100,3084,6184,16,3,29,화
2022-03-29,수인선,고색,4999,4659,9658,340,3,29,화
2022-03-29,수인선,오목천,3439,3167,6606,272,3,29,화
2022-03-29,수인선,어천,681,750,1431,-69,3,29,화
2022-03-29,수인선,야목,379,297,676,82,3,29,화
2022-03-29,수인선,사리,4681,4272,8953,409,3,29,화
2022-03-29,수인선,달월,112,66,178,46,3,29,화
2022-03-29,수인선,월곶,2665,2488,5153,177,3,29,화
2022-03-29,수인선,소래포구,5233,4955,10188,278,3,29,화
2022-03-29,수인선,인천논현,5360,5784,11144,-424,3,29,화
2022-03-29,수인선,호구포,3990,4106,8096,-116,3,29,화
2022-03-29,수인선,남동인더스파크,2237,2505,4742,-268,3,29,화
2022-03-29,수인선,원인재,4259,4487,8746,-228,3,29,화
2022-03-29,수인선,연수,4509,4521,9030,-12,3,29,화
2022-03-29,수인선,송도,2447,2315,4762,132,3,29,화
2022-03-29,수인선,인하대,7243,6881,14124,362,3,29,화
2022-03-29,수인선,숭의,3912,3709,7621,203,3,29,화
2022-03-29,수인선,신포,1797,1789,3586,8,3,29,화
2022-03-29,수인선,인천,1040,1644,2684,-604,3,29,화
2022-03-29,안산선,산본,15035,16254,31289,-1219,3,29,화
2022-03-29,안산선,대야미,5083,4614,9697,469,3,29,화
2022-03-29,안산선,반월,4206,4090,8296,116,3,29,화
2022-03-29,안산선,상록수,15801,16128,31929,-327,3,29,화
2022-03-29,안산선,한대앞,10248,10339,20587,-91,3,29,화
2022-03-29,안산선,중앙,17038,17687,34725,-649,3,29,화
2022-03-29,안산선,고잔,8569,8152,16721,417,3,29,화
2022-03-29,안산선,초지,4871,5242,10113,-371,3,29,화
2022-03-29,안산선,안산,11017,9800,20817,1217,3,29,화
2022-03-29,안산선,신길온천,1671,1571,3242,100,3,29,화
2022-03-29,안산선,정왕,10047,10254,20301,-207,3,29,화
2022-03-29,안산선,오이도,8161,8049,16210,112,3,29,화
2022-03-29,안산선,수리산,4070,3390,7460,680,3,29,화
2022-03-29,우이신설선,북한산우이,2684,2428,5112,256,3,29,화
2022-03-29,우이신설선,솔밭공원,2421,2268,4689,153,3,29,화
2022-03-29,우이신설선,4.19민주묘지,3287,3089,6376,198,3,29,화
2022-03-29,우이신설선,가오리,3979,3960,7939,19,3,29,화
2022-03-29,우이신설선,화계,3217,3013,6230,204,3,29,화
2022-03-29,우이신설선,삼양,1911,1995,3906,-84,3,29,화
2022-03-29,우이신설선,삼양사거리,2352,2322,4674,30,3,29,화
2022-03-29,우이신설선,솔샘,5549,5260,10809,289,3,29,화
2022-03-29,우이신설선,북한산보국문,5685,5430,11115,255,3,29,화
2022-03-29,우이신설선,정릉,4502,4053,8555,449,3,29,화
2022-03-29,우이신설선,성신여대입구(돈암),3158,3483,6641,-325,3,29,화
2022-03-29,우이신설선,보문,1383,1428,2811,-45,3,29,화
2022-03-29,우이신설선,신설동,2149,2051,4200,98,3,29,화
2022-03-29,일산선,원흥,10153,9725,19878,428,3,29,화
2022-03-29,일산선,삼송,18431,17952,36383,479,3,29,화
2022-03-29,일산선,원당,10723,10203,20926,520,3,29,화
2022-03-29,일산선,화정,15774,16290,32064,-516,3,29,화
2022-03-29,일산선,대곡,2103,1730,3833,373,3,29,화
2022-03-29,일산선,백석,9322,9245,18567,77,3,29,화
2022-03-29,일산선,마두,7047,7082,14129,-35,3,29,화
2022-03-29,일산선,정발산,6197,6260,12457,-63,3,29,화
2022-03-29,일산선,주엽,8284,8328,16612,-44,3,29,화
2022-03-29,일산선,대화,11941,9556,21497,2385,3,29,화
2022-03-29,장항선,봉명,1360,1323,2683,37,3,29,화
2022-03-29,장항선,쌍용(나사렛대),2943,2765,5708,178,3,29,화
2022-03-29,장항선,아산,3479,2966,6445,513,3,29,화
2022-03-29,장항선,탕정,803,728,1531,75,3,29,화
2022-03-29,장항선,배방,1087,1085,2172,2,3,29,화
2022-03-29,장항선,온양온천,4513,4630,9143,-117,3,29,화
2022-03-29,장항선,신창(순천향대),2772,2753,5525,19,3,29,화
2022-03-29,중앙선,회기,23473,22898,46371,575,3,29,화
2022-03-29,중앙선,중랑,5294,5075,10369,219,3,29,화
2022-03-29,중앙선,상봉(시외버스터미널),5385,5305,10690,80,3,29,화
2022-03-29,중앙선,망우,7228,7134,14362,94,3,29,화
2022-03-29,중앙선,양원,2888,2743,5631,145,3,29,화
2022-03-29,중앙선,구리,12555,12804,25359,-249,3,29,화
2022-03-29,중앙선,도농,10052,9086,19138,966,3,29,화
2022-03-29,중앙선,양정,752,643,1395,109,3,29,화
2022-03-29,중앙선,덕소,5270,5372,10642,-102,3,29,화
2022-03-29,중앙선,도심,2386,1907,4293,479,3,29,화
2022-03-29,중앙선,팔당,858,911,1769,-53,3,29,화
2022-03-29,중앙선,운길산,897,860,1757,37,3,29,화
2022-03-29,중앙선,양수,1854,1807,3661,47,3,29,화
2022-03-29,중앙선,신원,264,224,488,40,3,29,화
2022-03-29,중앙선,국수,711,685,1396,26,3,29,화
2022-03-29,중앙선,아신,511,493,1004,18,3,29,화
2022-03-29,중앙선,오빈,336,358,694,-22,3,29,화
2022-03-29,중앙선,양평,2567,2621,5188,-54,3,29,화
2022-03-29,중앙선,원덕,384,346,730,38,3,29,화
2022-03-29,중앙선,용문,1734,1670,3404,64,3,29,화
2022-03-29,중앙선,지평,80,77,157,3,3,29,화
2022-03-29,7호선,마들,12216,11535,23751,681,3,29,화
2022-03-29,3호선,잠원,4452,4517,8969,-65,3,29,화
2022-03-29,1호선,서울역,36740,35596,72336,1144,3,29,화
2022-03-29,1호선,시청,20580,20818,41398,-238,3,29,화
2022-03-29,1호선,종각,30237,29737,59974,500,3,29,화
2022-03-29,1호선,종로3가,22602,20418,43020,2184,3,29,화
2022-03-29,1호선,종로5가,21686,21424,43110,262,3,29,화
2022-03-29,1호선,동대문,10204,9481,19685,723,3,29,화
2022-03-29,1호선,신설동,12849,12484,25333,365,3,29,화
2022-03-29,1호선,제기동,17062,17547,34609,-485,3,29,화
2022-03-29,1호선,청량리(서울시립대입구),19113,18996,38109,117,3,29,화
2022-03-29,1호선,동묘앞,7921,8189,16110,-268,3,29,화
2022-03-29,2호선,시청,21690,21138,42828,552,3,29,화
2022-03-29,2호선,을지로입구,33904,35094,68998,-1190,3,29,화
2022-03-29,2호선,을지로3가,20381,20364,40745,17,3,29,화
2022-03-29,2호선,을지로4가,12145,12145,24290,0,3,29,화
2022-03-29,2호선,동대문역사문화공원(DDP),11209,12497,23706,-1288,3,29,화
2022-03-29,2호선,신당,12920,13237,26157,-317,3,29,화
2022-03-29,2호선,상왕십리,13054,12794,25848,260,3,29,화
2022-03-29,2호선,왕십리(성동구청),15933,12409,28342,3524,3,29,화
2022-03-29,2호선,한양대,14851,16686,31537,-1835,3,29,화
2022-03-29,2호선,뚝섬,20557,22058,42615,-1501,3,29,화
2022-03-29,2호선,성수,34602,37656,72258,-3054,3,29,화
2022-03-29,2호선,건대입구,32208,34191,66399,-1983,3,29,화
2022-03-29,2호선,구의(광진구청),22182,21970,44152,212,3,29,화
2022-03-29,2호선,강변(동서울터미널),26248,24770,51018,1478,3,29,화
2022-03-29,2호선,잠실나루,13725,13553,27278,172,3,29,화
2022-03-29,2호선,잠실(송파구청),58832,57966,116798,866,3,29,화
2022-03-29,2호선,잠실새내,19265,19215,38480,50,3,29,화
2022-03-29,2호선,종합운동장,6781,7500,14281,-719,3,29,화
2022-03-29,2호선,삼성(무역센터),44744,45173,89917,-429,3,29,화
2022-03-29,2호선,선릉,52522,46651,99173,5871,3,29,화
2022-03-29,2호선,역삼,48092,53992,102084,-5900,3,29,화
2022-03-29,2호선,강남,74681,73497,148178,1184,3,29,화
2022-03-29,2호선,교대(법원.검찰청),31653,35709,67362,-4056,3,29,화
2022-03-29,2호선,서초,19837,19226,39063,611,3,29,화
2022-03-29,2호선,방배,18513,19212,37725,-699,3,29,화
2022-03-29,2호선,사당,33541,36612,70153,-3071,3,29,화
2022-03-29,2호선,낙성대(강감찬),25365,25075,50440,290,3,29,화
2022-03-29,2호선,서울대입구(관악구청),45422,44587,90009,835,3,29,화
2022-03-29,2호선,봉천,22367,20980,43347,1387,3,29,화
2022-03-29,2호선,신림,58758,56951,115709,1807,3,29,화
2022-03-29,2호선,신대방,24887,24356,49243,531,3,29,화
2022-03-29,2호선,구로디지털단지,55195,55368,110563,-173,3,29,화
2022-03-29,2호선,대림(구로구청),22438,22992,45430,-554,3,29,화
2022-03-29,2호선,신도림,42020,42053,84073,-33,3,29,화
2022-03-29,2호선,문래,20851,21271,42122,-420,3,29,화
2022-03-29,2호선,영등포구청,21336,21791,43127,-455,3,29,화
2022-03-29,2호선,당산,17827,20553,38380,-2726,3,29,화
2022-03-29,2호선,합정,27585,29129,56714,-1544,3,29,화
2022-03-29,2호선,홍대입구,45877,46805,92682,-928,3,29,화
2022-03-29,2호선,신촌,29600,30115,59715,-515,3,29,화
2022-03-29,2호선,이대,12799,13758,26557,-959,3,29,화
2022-03-29,2호선,아현,9860,9579,19439,281,3,29,화
2022-03-29,2호선,충정로(경기대입구),9276,9949,19225,-673,3,29,화
2022-03-29,2호선,용답,3240,3590,6830,-350,3,29,화
2022-03-29,2호선,신답,1575,1807,3382,-232,3,29,화
2022-03-29,2호선,신설동,2845,2941,5786,-96,3,29,화
2022-03-29,2호선,도림천,1354,1439,2793,-85,3,29,화
2022-03-29,2호선,양천구청,6418,6545,12963,-127,3,29,화
2022-03-29,2호선,신정네거리,9534,10016,19550,-482,3,29,화
2022-03-29,2호선,용두(동대문구청),2339,2395,4734,-56,3,29,화
2022-03-29,3호선,지축,4640,4444,9084,196,3,29,화
2022-03-29,3호선,구파발,19379,18560,37939,819,3,29,화
2022-03-29,3호선,연신내,34531,32538,67069,1993,3,29,화
2022-03-29,3호선,불광,15167,16280,31447,-1113,3,29,화
2022-03-29,3호선,녹번,14882,13501,28383,1381,3,29,화
2022-03-29,3호선,홍제,16499,15844,32343,655,3,29,화
2022-03-29,3호선,무악재,3600,3692,7292,-92,3,29,화
2022-03-29,3호선,독립문,6560,6870,13430,-310,3,29,화
2022-03-29,3호선,경복궁(정부서울청사),19796,19211,39007,585,3,29,화
2022-03-29,3호선,안국,18795,19853,38648,-1058,3,29,화
2022-03-29,3호선,종로3가,9297,10369,19666,-1072,3,29,화
2022-03-29,3호선,을지로3가,9581,9808,19389,-227,3,29,화
2022-03-29,3호선,충무로,3,0,3,3,3,29,화
2022-03-29,3호선,동대입구,8238,9036,17274,-798,3,29,화
2022-03-29,3호선,약수,12223,11975,24198,248,3,29,화
2022-03-29,3호선,금호,7386,6946,14332,440,3,29,화
2022-03-29,3호선,옥수,8202,8587,16789,-385,3,29,화
2022-03-29,3호선,압구정,28958,30822,59780,-1864,3,29,화
2022-03-29,3호선,신사,28157,29250,57407,-1093,3,29,화
2022-03-29,3호선,고속터미널,32684,31025,63709,1659,3,29,화
2022-03-29,3호선,교대(법원.검찰청),13442,8625,22067,4817,3,29,화
2022-03-29,3호선,남부터미널(예술의전당),25575,26029,51604,-454,3,29,화
2022-03-29,3호선,양재(서초구청),35208,38492,73700,-3284,3,29,화
2022-03-29,3호선,매봉,11311,10830,22141,481,3,29,화
2022-03-29,3호선,도곡,4949,5012,9961,-63,3,29,화
2022-03-29,3호선,대치,10155,10074,20229,81,3,29,화
2022-03-29,3호선,학여울,1662,1670,3332,-8,3,29,화
2022-03-29,3호선,대청,9577,8801,18378,776,3,29,화
2022-03-29,3호선,일원,9860,9543,19403,317,3,29,화
2022-03-29,3호선,수서,15168,15438,30606,-270,3,29,화
2022-03-29,3호선,가락시장,8410,8209,16619,201,3,29,화
2022-03-29,3호선,경찰병원,6786,6865,13651,-79,3,29,화
2022-03-29,3호선,오금,5792,5285,11077,507,3,29,화
2022-03-29,4호선,당고개,8808,7967,16775,841,3,29,화
2022-03-29,4호선,상계,18538,17179,35717,1359,3,29,화
2022-03-29,4호선,노원,17227,19528,36755,-2301,3,29,화
2022-03-29,4호선,창동,23772,25307,49079,-1535,3,29,화
2022-03-29,4호선,쌍문,27407,25645,53052,1762,3,29,화
2022-03-29,4호선,수유(강북구청),31593,31678,63271,-85,3,29,화
2022-03-29,4호선,미아(서울사이버대학),14521,14338,28859,183,3,29,화
2022-03-29,4호선,미아사거리,25397,24824,50221,573,3,29,화
2022-03-29,4호선,길음,19577,19530,39107,47,3,29,화
2022-03-29,4호선,성신여대입구(돈암),19466,18521,37987,945,3,29,화
2022-03-29,4호선,한성대입구(삼선교),13408,13036,26444,372,3,29,화
2022-03-29,4호선,혜화,29704,29530,59234,174,3,29,화
2022-03-29,4호선,동대문,18718,18987,37705,-269,3,29,화
2022-03-29,4호선,동대문역사문화공원(DDP),13384,12378,25762,1006,3,29,화
2022-03-29,4호선,충무로,26932,27567,54499,-635,3,29,화
2022-03-29,4호선,명동,17618,17961,35579,-343,3,29,화
2022-03-29,4호선,회현(남대문시장),23059,24194,47253,-1135,3,29,화
2022-03-29,4호선,서울역,10004,13486,23490,-3482,3,29,화
2022-03-29,4호선,숙대입구(갈월),13518,13220,26738,298,3,29,화
2022-03-29,4호선,삼각지,4383,4905,9288,-522,3,29,화
2022-03-29,4호선,신용산,14317,14859,29176,-542,3,29,화
2022-03-29,4호선,이촌(국립중앙박물관),6431,7210,13641,-779,3,29,화
2022-03-29,4호선,동작(현충원),1550,1703,3253,-153,3,29,화
2022-03-29,4호선,총신대입구(이수),17601,18854,36455,-1253,3,29,화
2022-03-29,4호선,사당,22941,19012,41953,3929,3,29,화
2022-03-29,4호선,남태령,1111,965,2076,146,3,29,화
2022-03-29,5호선,방화,6273,6034,12307,239,3,29,화
2022-03-29,5호선,개화산,5354,5155,10509,199,3,29,화
2022-03-29,5호선,김포공항,5989,5638,11627,351,3,29,화
2022-03-29,5호선,송정,6149,5843,11992,306,3,29,화
2022-03-29,5호선,마곡,10066,10052,20118,14,3,29,화
2022-03-29,5호선,발산,19034,19339,38373,-305,3,29,화
2022-03-29,5호선,우장산,13827,13623,27450,204,3,29,화
2022-03-29,5호선,화곡,26798,25196,51994,1602,3,29,화
2022-03-29,5호선,까치산,27169,26074,53243,1095,3,29,화
2022-03-29,5호선,신정(은행정),13181,10713,23894,2468,3,29,화
2022-03-29,5호선,목동,15764,16956,32720,-1192,3,29,화
2022-03-29,5호선,오목교(목동운동장앞),19748,21161,40909,-1413,3,29,화
2022-03-29,5호선,양평,7192,7127,14319,65,3,29,화
2022-03-29,5호선,영등포구청,3822,3962,7784,-140,3,29,화
2022-03-29,5호선,영등포시장,9326,9468,18794,-142,3,29,화
2022-03-29,5호선,신길,3896,4156,8052,-260,3,29,화
2022-03-29,5호선,여의도,26254,27871,54125,-1617,3,29,화
2022-03-29,5호선,여의나루,11073,12050,23123,-977,3,29,화
2022-03-29,5호선,마포,13351,13737,27088,-386,3,29,화
2022-03-29,5호선,공덕,13093,13800,26893,-707,3,29,화
2022-03-29,5호선,애오개,6606,6571,13177,35,3,29,화
2022-03-29,5호선,충정로(경기대입구),4544,4637,9181,-93,3,29,화
2022-03-29,5호선,서대문,18594,18615,37209,-21,3,29,화
2022-03-29,5호선,광화문(세종문화회관),27393,28806,56199,-1413,3,29,화
2022-03-29,5호선,종로3가,10835,10854,21689,-19,3,29,화
2022-03-29,5호선,을지로4가,5813,5895,11708,-82,3,29,화
2022-03-29,5호선,동대문역사문화공원(DDP),2673,3077,5750,-404,3,29,화
2022-03-29,5호선,청구,3890,3459,7349,431,3,29,화
2022-03-29,5호선,신금호,6285,6475,12760,-190,3,29,화
2022-03-29,5호선,행당,7608,6821,14429,787,3,29,화
2022-03-29,5호선,왕십리(성동구청),4180,4778,8958,-598,3,29,화
2022-03-29,5호선,마장,5496,5164,10660,332,3,29,화
2022-03-29,5호선,답십리,15017,13854,28871,1163,3,29,화
2022-03-29,5호선,장한평,17225,17190,34415,35,3,29,화
2022-03-29,5호선,군자(능동),10568,11527,22095,-959,3,29,화
2022-03-29,5호선,아차산(어린이대공원후문),14339,13967,28306,372,3,29,화
2022-03-29,5호선,광나루(장신대),12694,11681,24375,1013,3,29,화
2022-03-29,5호선,천호(풍납토성),16140,16223,32363,-83,3,29,화
2022-03-29,5호선,강동,17444,16790,34234,654,3,29,화
2022-03-29,5호선,길동,7427,7717,15144,-290,3,29,화
2022-03-29,5호선,굽은다리(강동구민회관앞),8744,8286,17030,458,3,29,화
2022-03-29,5호선,명일,8122,8429,16551,-307,3,29,화
2022-03-29,5호선,고덕,8958,8986,17944,-28,3,29,화
2022-03-29,5호선,상일동,13966,13185,27151,781,3,29,화
2022-03-29,5호선,둔촌동,7966,8001,15967,-35,3,29,화
2022-03-29,5호선,올림픽공원(한국체대),4184,3523,7707,661,3,29,화
2022-03-29,5호선,방이,6630,6929,13559,-299,3,29,화
2022-03-29,5호선,오금,3671,3732,7403,-61,3,29,화
2022-03-29,5호선,개롱,6011,6354,12365,-343,3,29,화
2022-03-29,5호선,거여,9767,9242,19009,525,3,29,화
2022-03-29,5호선,마천,6938,6668,13606,270,3,29,화
2022-03-29,5호선,강일,3926,3699,7625,227,3,29,화
2022-03-29,5호선,미사,14899,15015,29914,-116,3,29,화
2022-03-29,5호선,하남풍산,4119,4109,8228,10,3,29,화
2022-03-29,5호선,하남시청(덕풍·신장),6515,6421,12936,94,3,29,화
2022-03-29,5호선,하남검단산,5341,5161,10502,180,3,29,화
2022-03-29,6호선,응암,16597,16368,32965,229,3,29,화
2022-03-29,6호선,역촌,3497,4188,7685,-691,3,29,화
2022-03-29,6호선,불광,3910,3976,7886,-66,3,29,화
2022-03-29,6호선,독바위,2631,2688,5319,-57,3,29,화
2022-03-29,6호선,구산,7321,5420,12741,1901,3,29,화
2022-03-29,6호선,새절(신사),12086,11350,23436,736,3,29,화
2022-03-29,6호선,증산(명지대앞),9561,9633,19194,-72,3,29,화
2022-03-29,6호선,디지털미디어시티,12835,14142,26977,-1307,3,29,화
2022-03-29,6호선,월드컵경기장(성산),4333,4484,8817,-151,3,29,화
2022-03-29,6호선,마포구청,13288,12040,25328,1248,3,29,화
2022-03-29,6호선,망원,12650,13360,26010,-710,3,29,화
2022-03-29,6호선,합정,11858,11596,23454,262,3,29,화
2022-03-29,6호선,상수,7909,8766,16675,-857,3,29,화
2022-03-29,6호선,광흥창(서강),8458,8167,16625,291,3,29,화
2022-03-29,6호선,대흥(서강대앞),7947,8280,16227,-333,3,29,화
2022-03-29,6호선,공덕,17110,16421,33531,689,3,29,화
2022-03-29,6호선,효창공원앞,6885,6492,13377,393,3,29,화
2022-03-29,6호선,삼각지,5985,5235,11220,750,3,29,화
2022-03-29,6호선,녹사평(용산구청),4315,4240,8555,75,3,29,화
2022-03-29,6호선,이태원,8520,8695,17215,-175,3,29,화
2022-03-29,6호선,한강진,6619,7575,14194,-956,3,29,화
2022-03-29,6호선,버티고개,2002,1961,3963,41,3,29,화
2022-03-29,6호선,약수,3352,3377,6729,-25,3,29,화
2022-03-29,6호선,청구,3456,3832,7288,-376,3,29,화
2022-03-29,6호선,신당,7519,8033,15552,-514,3,29,화
2022-03-29,6호선,동묘앞,7286,7378,14664,-92,3,29,화
2022-03-29,6호선,창신,3495,2956,6451,539,3,29,화
2022-03-29,6호선,보문,6982,6417,13399,565,3,29,화
2022-03-29,6호선,안암(고대병원앞),13509,13627,27136,-118,3,29,화
2022-03-29,6호선,고려대(종암),8263,8210,16473,53,3,29,화
2022-03-29,6호선,월곡(동덕여대),12049,11766,23815,283,3,29,화
2022-03-29,6호선,상월곡(한국과학기술연구원),6096,5697,11793,399,3,29,화
2022-03-29,6호선,돌곶이,8872,8214,17086,658,3,29,화
2022-03-29,6호선,석계,11813,12514,24327,-701,3,29,화
2022-03-29,6호선,태릉입구,5195,5787,10982,-592,3,29,화
2022-03-29,6호선,화랑대(서울여대입구),11729,9238,20967,2491,3,29,화
2022-03-29,6호선,봉화산(서울의료원),8293,7917,16210,376,3,29,화
2022-03-29,7호선,장암,2135,818,2953,1317,3,29,화
2022-03-29,7호선,도봉산,9169,10574,19743,-1405,3,29,화
2022-03-29,7호선,수락산,11765,11602,23367,163,3,29,화
2022-03-29,7호선,노원,17884,18759,36643,-875,3,29,화
2022-03-29,7호선,중계,14085,12909,26994,1176,3,29,화
2022-03-29,7호선,하계,16870,15843,32713,1027,3,29,화
2022-03-29,7호선,공릉(서울과학기술대),12309,12012,24321,297,3,29,화
2022-03-29,7호선,태릉입구,8270,7911,16181,359,3,29,화
2022-03-29,7호선,먹골,9478,9341,18819,137,3,29,화
2022-03-29,7호선,중화,10316,10171,20487,145,3,29,화
2022-03-29,7호선,상봉(시외버스터미널),15683,14658,30341,1025,3,29,화
2022-03-29,7호선,면목,15429,15138,30567,291,3,29,화
2022-03-29,7호선,사가정,15283,15352,30635,-69,3,29,화
2022-03-29,7호선,용마산(용마폭포공원),5718,5575,11293,143,3,29,화
2022-03-29,7호선,중곡,10519,9848,20367,671,3,29,화
2022-03-29,7호선,군자(능동),14093,11372,25465,2721,3,29,화
2022-03-29,7호선,어린이대공원(세종대),13817,14204,28021,-387,3,29,화
2022-03-29,7호선,건대입구,11800,12270,24070,-470,3,29,화
2022-03-29,7호선,뚝섬유원지,9357,9192,18549,165,3,29,화
2022-03-29,7호선,청담,18418,20571,38989,-2153,3,29,화
2022-03-29,7호선,강남구청,15343,16716,32059,-1373,3,29,화
2022-03-29,7호선,학동,22781,24578,47359,-1797,3,29,화
2022-03-29,7호선,논현,19215,20669,39884,-1454,3,29,화
2022-03-29,7호선,반포,5339,5161,10500,178,3,29,화
2022-03-29,7호선,고속터미널,12938,11359,24297,1579,3,29,화
2022-03-29,7호선,내방,13738,14080,27818,-342,3,29,화
2022-03-29,7호선,이수,14415,14211,28626,204,3,29,화
2022-03-29,7호선,남성,10479,9787,20266,692,3,29,화
2022-03-29,7호선,숭실대입구(살피재),14011,14377,28388,-366,3,29,화
2022-03-29,7호선,상도,10682,10433,21115,249,3,29,화
2022-03-29,7호선,장승배기,8528,8289,16817,239,3,29,화
2022-03-29,7호선,신대방삼거리,16072,15446,31518,626,3,29,화
2022-03-29,7호선,보라매,9411,9469,18880,-58,3,29,화
2022-03-29,7호선,신풍,10923,10444,21367,479,3,29,화
2022-03-29,7호선,대림(구로구청),7155,7098,14253,57,3,29,화
2022-03-29,7호선,남구로,15066,15774,30840,-708,3,29,화
2022-03-29,7호선,가산디지털단지,42815,43394,86209,-579,3,29,화
2022-03-29,7호선,철산,19525,19858,39383,-333,3,29,화
2022-03-29,7호선,광명사거리,20659,20478,41137,181,3,29,화
2022-03-29,7호선,천왕,10897,10390,21287,507,3,29,화
2022-03-29,7호선,온수(성공회대입구),9932,9473,19405,459,3,29,화
2022-03-29,7호선,신중동,1,0,1,1,3,29,화
2022-03-29,8호선,암사,17779,15825,33604,1954,3,29,화
2022-03-29,8호선,천호(풍납토성),13659,15451,29110,-1792,3,29,화
2022-03-29,8호선,강동구청,9886,10273,20159,-387,3,29,화
2022-03-29,8호선,몽촌토성(평화의문),5584,5707,11291,-123,3,29,화
2022-03-29,8호선,잠실(송파구청),12228,14146,26374,-1918,3,29,화
2022-03-29,8호선,석촌,7290,8252,15542,-962,3,29,화
2022-03-29,8호선,송파,7148,7117,14265,31,3,29,화
2022-03-29,8호선,가락시장,7303,7917,15220,-614,3,29,화
2022-03-29,8호선,문정,20856,22006,42862,-1150,3,29,화
2022-03-29,8호선,장지,16159,15723,31882,436,3,29,화
2022-03-29,8호선,복정,9622,8111,17733,1511,3,29,화
2022-03-29,8호선,산성,5331,5368,10699,-37,3,29,화
2022-03-29,8호선,남한산성입구(성남법원.검찰청),15293,14268,29561,1025,3,29,화
2022-03-29,8호선,단대오거리,11070,10482,21552,588,3,29,화
2022-03-29,8호선,신흥,3937,4188,8125,-251,3,29,화
2022-03-29,8호선,수진,5228,4823,10051,405,3,29,화
2022-03-29,8호선,모란,6345,4984,11329,1361,3,29,화
2022-03-29,8호선,남위례,4481,4634,9115,-153,3,29,화
2022-03-29,9호선,개화,2332,1730,4062,602,3,29,화
2022-03-29,9호선,김포공항,6145,8437,14582,-2292,3,29,화
2022-03-29,9호선,공항시장,2868,3160,6028,-292,3,29,화
2022-03-29,9호선,신방화,6532,6307,12839,225,3,29,화
2022-03-29,9호선,마곡나루(서울식물원),11670,11514,23184,156,3,29,화
2022-03-29,9호선,양천향교,9420,9488,18908,-68,3,29,화
2022-03-29,9호선,가양,19323,18705,38028,618,3,29,화
2022-03-29,9호선,증미,6780,6703,13483,77,3,29,화
2022-03-29,9호선,등촌,10583,10123,20706,460,3,29,화
2022-03-29,9호선,염창,16059,15603,31662,456,3,29,화
2022-03-29,9호선,신목동,3845,3394,7239,451,3,29,화
2022-03-29,9호선,선유도,8243,7924,16167,319,3,29,화
2022-03-29,9호선,당산,17149,16680,33829,469,3,29,화
2022-03-29,9호선,국회의사당,13964,14513,28477,-549,3,29,화
2022-03-29,9호선,여의도,24626,23963,48589,663,3,29,화
2022-03-29,9호선,샛강,5311,5606,10917,-295,3,29,화
2022-03-29,9호선,노량진,23982,23321,47303,661,3,29,화
2022-03-29,9호선,노들,4214,3530,7744,684,3,29,화
2022-03-29,9호선,흑석(중앙대입구),8613,8780,17393,-167,3,29,화
2022-03-29,9호선,동작(현충원),1857,1478,3335,379,3,29,화
2022-03-29,9호선,구반포,1190,1279,2469,-89,3,29,화
2022-03-29,9호선,신반포,3155,3055,6210,100,3,29,화
2022-03-29,9호선,고속터미널,10420,12562,22982,-2142,3,29,화
2022-03-29,9호선,사평,3231,3109,6340,122,3,29,화
2022-03-30,중앙선,지평,60,69,129,-9,3,30,수
2022-03-30,9호선,사평,3255,3175,6430,80,3,30,수
2022-03-30,9호선,신논현,28028,27426,55454,602,3,30,수
2022-03-30,9호선2~3단계,언주,9573,9900,19473,-327,3,30,수
2022-03-30,9호선2~3단계,선정릉,9050,9849,18899,-799,3,30,수
2022-03-30,9호선2~3단계,삼성중앙,6249,6629,12878,-380,3,30,수
2022-03-30,9호선2~3단계,봉은사,14837,15508,30345,-671,3,30,수
2022-03-30,9호선2~3단계,종합운동장,3704,3836,7540,-132,3,30,수
2022-03-30,9호선2~3단계,삼전,6479,6250,12729,229,3,30,수
2022-03-30,9호선2~3단계,석촌고분,5597,5450,11047,147,3,30,수
2022-03-30,9호선2~3단계,석촌,7736,6787,14523,949,3,30,수
2022-03-30,9호선2~3단계,송파나루,4584,4865,9449,-281,3,30,수
2022-03-30,9호선2~3단계,한성백제,2296,2088,4384,208,3,30,수
2022-03-30,9호선2~3단계,올림픽공원(한국체대),5436,5274,10710,162,3,30,수
2022-03-30,9호선2~3단계,둔촌오륜,1182,1141,2323,41,3,30,수
2022-03-30,9호선2~3단계,중앙보훈병원,10183,8971,19154,1212,3,30,수
2022-03-30,경강선,판교,4345,4354,8699,-9,3,30,수
2022-03-30,경강선,이매,1006,923,1929,83,3,30,수
2022-03-30,경강선,경기광주,7199,6948,14147,251,3,30,수
2022-03-30,경강선,초월,2965,2925,5890,40,3,30,수
2022-03-30,경강선,곤지암,2083,2030,4113,53,3,30,수
2022-03-30,경강선,신둔도예촌,1501,1396,2897,105,3,30,수
2022-03-30,경강선,이천,2270,2355,4625,-85,3,30,수
2022-03-30,경강선,부발,1884,1860,3744,24,3,30,수
2022-03-30,경강선,세종대왕릉,267,257,524,10,3,30,수
2022-03-30,경강선,여주,2235,2209,4444,26,3,30,수
2022-03-30,경부선,서울역,4533,1517,6050,3016,3,30,수
2022-03-30,경부선,남영,9110,9645,18755,-535,3,30,수
2022-03-30,경부선,용산,27400,27725,55125,-325,3,30,수
2022-03-30,경부선,노량진,7299,7605,14904,-306,3,30,수
2022-03-30,경부선,대방,12331,12440,24771,-109,3,30,수
2022-03-30,경부선,영등포,32128,32886,65014,-758,3,30,수
2022-03-30,경부선,신도림,3831,3776,7607,55,3,30,수
2022-03-30,경부선,신길,8579,7378,15957,1201,3,30,수
2022-03-30,경부선,구로,17074,17930,35004,-856,3,30,수
2022-03-30,경부선,가산디지털단지,17467,19916,37383,-2449,3,30,수
2022-03-30,경부선,금천구청,11048,11074,22122,-26,3,30,수
2022-03-30,경부선,석수,9356,8286,17642,1070,3,30,수
2022-03-30,경부선,관악,6746,6350,13096,396,3,30,수
2022-03-30,경부선,안양,24382,24114,48496,268,3,30,수
2022-03-30,경부선,명학,10210,10125,20335,85,3,30,수
2022-03-30,경부선,금정,25354,25652,51006,-298,3,30,수
2022-03-30,경부선,군포,7449,7451,14900,-2,3,30,수
2022-03-30,경부선,의왕,8963,8916,17879,47,3,30,수
2022-03-30,경부선,성균관대,14531,14298,28829,233,3,30,수
2022-03-30,경부선,화서,7753,7365,15118,388,3,30,수
2022-03-30,경부선,수원,31114,33230,64344,-2116,3,30,수
2022-03-30,경부선,독산,17610,18261,35871,-651,3,30,수
2022-03-30,경부선,세류,2760,2510,5270,250,3,30,수
2022-03-30,경부선,병점,14194,14333,28527,-139,3,30,수
2022-03-30,경부선,세마,2677,2489,5166,188,3,30,수
2022-03-30,경부선,오산대,3869,3561,7430,308,3,30,수
2022-03-30,경부선,오산,9122,9141,18263,-19,3,30,수
2022-03-30,경부선,진위,1653,1429,3082,224,3,30,수
2022-03-30,경부선,송탄,3960,3923,7883,37,3,30,수
2022-03-30,경부선,서정리,6858,6400,13258,458,3,30,수
2022-03-30,경부선,평택지제,3168,3034,6202,134,3,30,수
2022-03-30,경부선,평택,11216,11240,22456,-24,3,30,수
2022-03-30,경부선,성환,5147,5061,10208,86,3,30,수
2022-03-30,경부선,직산,759,723,1482,36,3,30,수
2022-03-30,경부선,두정,6931,7676,14607,-745,3,30,수
2022-03-30,경부선,천안,6019,5556,11575,463,3,30,수
2022-03-30,경부선,당정,6189,5947,12136,242,3,30,수
2022-03-30,경부선,서동탄,1303,1138,2441,165,3,30,수
2022-03-30,경부선,광명,2940,2524,5464,416,3,30,수
2022-03-30,경원선,이촌(국립중앙박물관),3280,2569,5849,711,3,30,수
2022-03-30,경원선,서빙고,1727,1558,3285,169,3,30,수
2022-03-30,경원선,한남,3760,3632,7392,128,3,30,수
2022-03-30,경원선,옥수,44,34,78,10,3,30,수
2022-03-30,경원선,응봉,1942,1797,3739,145,3,30,수
2022-03-30,경원선,왕십리(성동구청),13381,14354,27735,-973,3,30,수
2022-03-30,경원선,청량리(서울시립대입구),12361,12993,25354,-632,3,30,수
2022-03-30,경원선,외대앞,7806,7876,15682,-70,3,30,수
2022-03-30,경원선,신이문,7943,7371,15314,572,3,30,수
2022-03-30,경원선,석계,7826,8574,16400,-748,3,30,수
2022-03-30,경원선,광운대,8641,8459,17100,182,3,30,수
2022-03-30,경원선,월계,7359,7013,14372,346,3,30,수
2022-03-30,경원선,녹천,4394,3734,8128,660,3,30,수
2022-03-30,경원선,방학,9050,8955,18005,95,3,30,수
2022-03-30,경원선,도봉,5699,5535,11234,164,3,30,수
2022-03-30,경원선,도봉산,6750,4398,11148,2352,3,30,수
2022-03-30,경원선,망월사,8006,8002,16008,4,3,30,수
2022-03-30,경원선,회룡,11842,11690,23532,152,3,30,수
2022-03-30,경원선,의정부,16667,17185,33852,-518,3,30,수
2022-03-30,경원선,가능,6518,6382,12900,136,3,30,수
2022-03-30,경원선,녹양,4581,4332,8913,249,3,30,수
2022-03-30,경원선,양주,7438,6945,14383,493,3,30,수
2022-03-30,경원선,덕계,3040,2792,5832,248,3,30,수
2022-03-30,경원선,덕정,5890,5703,11593,187,3,30,수
2022-03-30,경원선,지행,6072,5965,12037,107,3,30,수
2022-03-30,경원선,동두천중앙,2991,2877,5868,114,3,30,수
2022-03-30,경원선,보산,1357,1264,2621,93,3,30,수
2022-03-30,경원선,동두천,2616,2787,5403,-171,3,30,수
2022-03-30,경원선,소요산,2124,1823,3947,301,3,30,수
2022-03-30,경의선,서울역,3986,4931,8917,-945,3,30,수
2022-03-30,경의선,신촌,795,1001,1796,-206,3,30,수
2022-03-30,경의선,효창공원앞,3021,3195,6216,-174,3,30,수
2022-03-30,경의선,공덕,3152,2779,5931,373,3,30,수
2022-03-30,경의선,서강대,1989,1906,3895,83,3,30,수
2022-03-30,경의선,홍대입구,1487,1644,3131,-157,3,30,수
2022-03-30,경의선,가좌,5024,4716,9740,308,3,30,수
2022-03-30,경의선,디지털미디어시티,2285,2153,4438,132,3,30,수
2022-03-30,경의선,수색,2661,2831,5492,-170,3,30,수
2022-03-30,경의선,화전,3638,3441,7079,197,3,30,수
2022-03-30,경의선,강매,3057,2668,5725,389,3,30,수
2022-03-30,경의선,행신,7296,7571,14867,-275,3,30,수
2022-03-30,경의선,능곡,3648,3422,7070,226,3,30,수
2022-03-30,경의선,곡산,566,591,1157,-25,3,30,수
2022-03-30,경의선,백마,6490,6287,12777,203,3,30,수
2022-03-30,경의선,풍산,5104,4705,9809,399,3,30,수
2022-03-30,경의선,일산,8800,8790,17590,10,3,30,수
2022-03-30,경의선,탄현,7202,6897,14099,305,3,30,수
2022-03-30,경의선,야당,6910,6901,13811,9,3,30,수
2022-03-30,경의선,운정,6501,6167,12668,334,3,30,수
2022-03-30,경의선,금릉,4520,4384,8904,136,3,30,수
2022-03-30,경의선,금촌,5735,5739,11474,-4,3,30,수
2022-03-30,경의선,월롱,2847,2665,5512,182,3,30,수
2022-03-30,경의선,파주,1465,1061,2526,404,3,30,수
2022-03-30,경의선,문산,4458,4527,8985,-69,3,30,수
2022-03-30,경의선,임진강,7,2,9,5,3,30,수
2022-03-30,경인선,개봉,19856,19891,39747,-35,3,30,수
2022-03-30,경인선,오류동,11077,10323,21400,754,3,30,수
2022-03-30,경인선,역곡,26973,26426,53399,547,3,30,수
2022-03-30,경인선,부천,29766,29912,59678,-146,3,30,수
2022-03-30,경인선,송내,25309,25338,50647,-29,3,30,수
2022-03-30,경인선,부평,26122,27554,53676,-1432,3,30,수
2022-03-30,경인선,백운,6509,6453,12962,56,3,30,수
2022-03-30,경인선,동암,13441,13687,27128,-246,3,30,수
2022-03-30,경인선,주안,18346,16632,34978,1714,3,30,수
2022-03-30,경인선,제물포,10207,9783,19990,424,3,30,수
2022-03-30,경인선,동인천,13060,12472,25532,588,3,30,수
2022-03-30,경인선,인천,2992,2227,5219,765,3,30,수
2022-03-30,경인선,구일,5923,5892,11815,31,3,30,수
2022-03-30,경인선,소사,8484,8121,16605,363,3,30,수
2022-03-30,경인선,부개,8229,7718,15947,511,3,30,수
2022-03-30,경인선,간석,5510,5248,10758,262,3,30,수
2022-03-30,경인선,도원,3056,3032,6088,24,3,30,수
2022-03-30,경인선,온수(성공회대입구),6545,6378,12923,167,3,30,수
2022-03-30,경인선,중동,9003,8563,17566,440,3,30,수
2022-03-30,경인선,도화,3980,3738,7718,242,3,30,수
2022-03-30,경춘선,신내,2045,2004,4049,41,3,30,수
2022-03-30,경춘선,갈매,2870,2482,5352,388,3,30,수
2022-03-30,경춘선,별내,2953,2856,5809,97,3,30,수
2022-03-30,경춘선,퇴계원,3294,3005,6299,289,3,30,수
2022-03-30,경춘선,사릉,2398,2410,4808,-12,3,30,수
2022-03-30,경춘선,금곡,1410,1400,2810,10,3,30,수
2022-03-30,경춘선,평내호평,5851,5803,11654,48,3,30,수
2022-03-30,경춘선,천마산,1581,1479,3060,102,3,30,수
2022-03-30,경춘선,마석,3654,3517,7171,137,3,30,수
2022-03-30,경춘선,대성리,378,352,730,26,3,30,수
2022-03-30,경춘선,청평,1341,1326,2667,15,3,30,수
2022-03-30,경춘선,상천,202,199,401,3,3,30,수
2022-03-30,경춘선,가평,1260,1276,2536,-16,3,30,수
2022-03-30,경춘선,굴봉산,106,92,198,14,3,30,수
2022-03-30,경춘선,백양리,62,79,141,-17,3,30,수
2022-03-30,경춘선,강촌,358,359,717,-1,3,30,수
2022-03-30,경춘선,김유정,234,227,461,7,3,30,수
2022-03-30,경춘선,남춘천,2159,2066,4225,93,3,30,수
2022-03-30,경춘선,춘천,1270,1173,2443,97,3,30,수
2022-03-30,공항철도 1호선,서울역,6280,5657,11937,623,3,30,수
2022-03-30,공항철도 1호선,공덕,2119,2670,4789,-551,3,30,수
2022-03-30,공항철도 1호선,홍대입구,7829,8003,15832,-174,3,30,수
2022-03-30,공항철도 1호선,디지털미디어시티,12967,12028,24995,939,3,30,수
2022-03-30,공항철도 1호선,마곡나루(서울식물원),8219,8032,16251,187,3,30,수
2022-03-30,공항철도 1호선,김포공항,9743,5717,15460,4026,3,30,수
2022-03-30,공항철도 1호선,계양,9709,9232,18941,477,3,30,수
2022-03-30,공항철도 1호선,검암,6050,6088,12138,-38,3,30,수
2022-03-30,공항철도 1호선,청라국제도시,6230,5927,12157,303,3,30,수
2022-03-30,공항철도 1호선,운서,6147,6179,12326,-32,3,30,수
2022-03-30,공항철도 1호선,공항화물청사,2280,2461,4741,-181,3,30,수
2022-03-30,공항철도 1호선,인천공항1터미널,3745,3705,7450,40,3,30,수
2022-03-30,공항철도 1호선,인천공항2터미널,2139,2033,4172,106,3,30,수
2022-03-30,공항철도 1호선,영종,2759,2806,5565,-47,3,30,수
2022-03-30,과천선,선바위,7500,6787,14287,713,3,30,수
2022-03-30,과천선,경마공원,1436,1444,2880,-8,3,30,수
2022-03-30,과천선,대공원,1952,2025,3977,-73,3,30,수
2022-03-30,과천선,과천,5802,5564,11366,238,3,30,수
2022-03-30,과천선,정부과천청사,9803,9723,19526,80,3,30,수
2022-03-30,과천선,인덕원,22672,23536,46208,-864,3,30,수
2022-03-30,과천선,평촌,16869,16666,33535,203,3,30,수
2022-03-30,과천선,범계,23988,23960,47948,28,3,30,수
2022-03-30,분당선,선릉,12322,18633,30955,-6311,3,30,수
2022-03-30,분당선,한티,13087,14100,27187,-1013,3,30,수
2022-03-30,분당선,도곡,6404,6415,12819,-11,3,30,수
2022-03-30,분당선,구룡,2220,2212,4432,8,3,30,수
2022-03-30,분당선,개포동,3836,3910,7746,-74,3,30,수
2022-03-30,분당선,대모산입구,4273,3977,8250,296,3,30,수
2022-03-30,분당선,수서,12010,12180,24190,-170,3,30,수
2022-03-30,분당선,수원,7362,6078,13440,1284,3,30,수
2022-03-30,분당선,서울숲,9563,9845,19408,-282,3,30,수
2022-03-30,분당선,압구정로데오,16792,18403,35195,-1611,3,30,수
2022-03-30,분당선,강남구청,9262,10704,19966,-1442,3,30,수
2022-03-30,분당선,선정릉,7476,8044,15520,-568,3,30,수
2022-03-30,분당선,가천대,9348,10297,19645,-949,3,30,수
2022-03-30,분당선,태평,12318,11945,24263,373,3,30,수
2022-03-30,분당선,모란,18697,18787,37484,-90,3,30,수
2022-03-30,분당선,야탑,24023,25049,49072,-1026,3,30,수
2022-03-30,분당선,서현,21680,21910,43590,-230,3,30,수
2022-03-30,분당선,수내,12278,12281,24559,-3,3,30,수
2022-03-30,분당선,정자,15747,16626,32373,-879,3,30,수
2022-03-30,분당선,미금,14235,15282,29517,-1047,3,30,수
2022-03-30,분당선,오리,10994,9068,20062,1926,3,30,수
2022-03-30,분당선,이매,5336,4995,10331,341,3,30,수
2022-03-30,분당선,보정,2439,2137,4576,302,3,30,수
2022-03-30,분당선,죽전,13135,14450,27585,-1315,3,30,수
2022-03-30,분당선,구성,4592,4776,9368,-184,3,30,수
2022-03-30,분당선,신갈,4124,4142,8266,-18,3,30,수
2022-03-30,분당선,기흥,9293,8763,18056,530,3,30,수
2022-03-30,분당선,상갈,4976,4798,9774,178,3,30,수
2022-03-30,분당선,청명,3916,3943,7859,-27,3,30,수
2022-03-30,분당선,영통,7652,7795,15447,-143,3,30,수
2022-03-30,분당선,망포,13353,12661,26014,692,3,30,수
2022-03-30,분당선,매탄권선,4766,4622,9388,144,3,30,수
2022-03-30,분당선,수원시청,11773,12370,24143,-597,3,30,수
2022-03-30,분당선,매교,3014,3003,6017,11,3,30,수
2022-03-30,수인선,고색,4918,4707,9625,211,3,30,수
2022-03-30,수인선,오목천,3275,3031,6306,244,3,30,수
2022-03-30,수인선,어천,625,617,1242,8,3,30,수
2022-03-30,수인선,야목,402,294,696,108,3,30,수
2022-03-30,수인선,사리,4663,4143,8806,520,3,30,수
2022-03-30,수인선,달월,112,67,179,45,3,30,수
2022-03-30,수인선,월곶,2836,2532,5368,304,3,30,수
2022-03-30,수인선,소래포구,4695,4354,9049,341,3,30,수
2022-03-30,수인선,인천논현,5234,5663,10897,-429,3,30,수
2022-03-30,수인선,호구포,3887,4129,8016,-242,3,30,수
2022-03-30,수인선,남동인더스파크,2196,2483,4679,-287,3,30,수
2022-03-30,수인선,원인재,4160,4355,8515,-195,3,30,수
2022-03-30,수인선,연수,4357,4387,8744,-30,3,30,수
2022-03-30,수인선,송도,2368,2261,4629,107,3,30,수
2022-03-30,수인선,인하대,6929,6624,13553,305,3,30,수
2022-03-30,수인선,숭의,3818,3536,7354,282,3,30,수
2022-03-30,수인선,신포,1730,1677,3407,53,3,30,수
2022-03-30,수인선,인천,864,1453,2317,-589,3,30,수
2022-03-30,안산선,산본,14884,16020,30904,-1136,3,30,수
2022-03-30,안산선,대야미,4810,4362,9172,448,3,30,수
2022-03-30,안산선,반월,4117,3999,8116,118,3,30,수
2022-03-30,안산선,상록수,15574,15888,31462,-314,3,30,수
2022-03-30,안산선,한대앞,9694,9792,19486,-98,3,30,수
2022-03-30,안산선,중앙,16728,17421,34149,-693,3,30,수
2022-03-30,안산선,고잔,8505,8098,16603,407,3,30,수
2022-03-30,안산선,초지,4968,5435,10403,-467,3,30,수
2022-03-30,안산선,안산,10747,9610,20357,1137,3,30,수
2022-03-30,안산선,신길온천,1566,1484,3050,82,3,30,수
2022-03-30,안산선,정왕,9671,9920,19591,-249,3,30,수
2022-03-30,안산선,오이도,7615,7517,15132,98,3,30,수
2022-03-30,안산선,수리산,4109,3375,7484,734,3,30,수
2022-03-30,우이신설선,북한산우이,2394,2183,4577,211,3,30,수
2022-03-30,우이신설선,솔밭공원,2317,2245,4562,72,3,30,수
2022-03-30,우이신설선,4.19민주묘지,3505,3378,6883,127,3,30,수
2022-03-30,우이신설선,가오리,3858,3836,7694,22,3,30,수
2022-03-30,우이신설선,화계,3169,2978,6147,191,3,30,수
2022-03-30,우이신설선,삼양,1855,2003,3858,-148,3,30,수
2022-03-30,우이신설선,삼양사거리,2240,2231,4471,9,3,30,수
2022-03-30,우이신설선,솔샘,5416,5250,10666,166,3,30,수
2022-03-30,우이신설선,북한산보국문,5595,5446,11041,149,3,30,수
2022-03-30,우이신설선,정릉,4375,4005,8380,370,3,30,수
2022-03-30,우이신설선,성신여대입구(돈암),3156,3361,6517,-205,3,30,수
2022-03-30,우이신설선,보문,1444,1437,2881,7,3,30,수
2022-03-30,우이신설선,신설동,2090,2015,4105,75,3,30,수
2022-03-30,일산선,원흥,9905,9352,19257,553,3,30,수
2022-03-30,일산선,삼송,18346,17775,36121,571,3,30,수
2022-03-30,일산선,원당,10463,9932,20395,531,3,30,수
2022-03-30,일산선,화정,15356,15903,31259,-547,3,30,수
2022-03-30,일산선,대곡,1964,1591,3555,373,3,30,수
2022-03-30,일산선,백석,8821,8800,17621,21,3,30,수
2022-03-30,일산선,마두,6827,7016,13843,-189,3,30,수
2022-03-30,일산선,정발산,6160,6231,12391,-71,3,30,수
2022-03-30,일산선,주엽,8110,8169,16279,-59,3,30,수
2022-03-30,일산선,대화,11536,9351,20887,2185,3,30,수
2022-03-30,장항선,봉명,1232,1204,2436,28,3,30,수
2022-03-30,장항선,쌍용(나사렛대),2719,2494,5213,225,3,30,수
2022-03-30,장항선,아산,3379,2889,6268,490,3,30,수
2022-03-30,장항선,탕정,732,634,1366,98,3,30,수
2022-03-30,장항선,배방,1053,1039,2092,14,3,30,수
2022-03-30,장항선,온양온천,3116,3235,6351,-119,3,30,수
2022-03-30,장항선,신창(순천향대),2760,2623,5383,137,3,30,수
2022-03-30,중앙선,회기,23214,22633,45847,581,3,30,수
2022-03-30,중앙선,중랑,5210,4984,10194,226,3,30,수
2022-03-30,중앙선,상봉(시외버스터미널),5284,5297,10581,-13,3,30,수
2022-03-30,중앙선,망우,7034,7083,14117,-49,3,30,수
2022-03-30,중앙선,양원,2729,2640,5369,89,3,30,수
2022-03-30,중앙선,구리,12462,12749,25211,-287,3,30,수
2022-03-30,중앙선,도농,9778,9035,18813,743,3,30,수
2022-03-30,중앙선,양정,731,601,1332,130,3,30,수
2022-03-30,중앙선,덕소,5027,5239,10266,-212,3,30,수
2022-03-30,중앙선,도심,2345,1892,4237,453,3,30,수
2022-03-30,중앙선,팔당,775,807,1582,-32,3,30,수
2022-03-30,중앙선,운길산,633,608,1241,25,3,30,수
2022-03-30,중앙선,양수,1585,1613,3198,-28,3,30,수
2022-03-30,중앙선,신원,200,186,386,14,3,30,수
2022-03-30,중앙선,국수,650,625,1275,25,3,30,수
2022-03-30,중앙선,아신,457,459,916,-2,3,30,수
2022-03-30,중앙선,오빈,291,260,551,31,3,30,수
2022-03-30,중앙선,양평,2395,2464,4859,-69,3,30,수
2022-03-30,중앙선,원덕,382,382,764,0,3,30,수
2022-03-30,중앙선,용문,2700,2654,5354,46,3,30,수
2022-03-30,9호선,고속터미널,10200,12493,22693,-2293,3,30,수
2022-03-30,1호선,서울역,36714,35489,72203,1225,3,30,수
2022-03-30,경강선,삼동,2228,2078,4306,150,3,30,수
2022-03-30,1호선,시청,20409,20659,41068,-250,3,30,수
2022-03-30,1호선,종각,30848,29966,60814,882,3,30,수
2022-03-30,1호선,종로3가,21661,19682,41343,1979,3,30,수
2022-03-30,1호선,종로5가,20613,20180,40793,433,3,30,수
2022-03-30,1호선,동대문,9694,9044,18738,650,3,30,수
2022-03-30,1호선,신설동,12956,12775,25731,181,3,30,수
2022-03-30,1호선,제기동,15198,15640,30838,-442,3,30,수
2022-03-30,1호선,청량리(서울시립대입구),17755,17474,35229,281,3,30,수
2022-03-30,1호선,동묘앞,6487,6837,13324,-350,3,30,수
2022-03-30,2호선,시청,21175,20495,41670,680,3,30,수
2022-03-30,2호선,을지로입구,34682,35972,70654,-1290,3,30,수
2022-03-30,2호선,을지로3가,20349,20483,40832,-134,3,30,수
2022-03-30,2호선,을지로4가,11886,11911,23797,-25,3,30,수
2022-03-30,2호선,동대문역사문화공원(DDP),11109,12435,23544,-1326,3,30,수
2022-03-30,2호선,신당,12737,13293,26030,-556,3,30,수
2022-03-30,2호선,상왕십리,13258,12953,26211,305,3,30,수
2022-03-30,2호선,왕십리(성동구청),16183,12663,28846,3520,3,30,수
2022-03-30,2호선,한양대,14300,15998,30298,-1698,3,30,수
2022-03-30,2호선,뚝섬,19969,21603,41572,-1634,3,30,수
2022-03-30,2호선,성수,34689,37374,72063,-2685,3,30,수
2022-03-30,2호선,건대입구,31508,33472,64980,-1964,3,30,수
2022-03-30,2호선,구의(광진구청),21964,21742,43706,222,3,30,수
2022-03-30,2호선,강변(동서울터미널),25816,23958,49774,1858,3,30,수
2022-03-30,2호선,잠실나루,13331,12993,26324,338,3,30,수
2022-03-30,2호선,잠실(송파구청),57338,56733,114071,605,3,30,수
2022-03-30,2호선,잠실새내,18828,18713,37541,115,3,30,수
2022-03-30,2호선,종합운동장,6367,7091,13458,-724,3,30,수
2022-03-30,2호선,삼성(무역센터),46580,47490,94070,-910,3,30,수
2022-03-30,2호선,선릉,51653,46002,97655,5651,3,30,수
2022-03-30,2호선,역삼,47884,53403,101287,-5519,3,30,수
2022-03-30,2호선,강남,73914,72356,146270,1558,3,30,수
2022-03-30,2호선,교대(법원.검찰청),31242,35114,66356,-3872,3,30,수
2022-03-30,2호선,서초,20014,19628,39642,386,3,30,수
2022-03-30,2호선,방배,18163,18941,37104,-778,3,30,수
2022-03-30,2호선,사당,32988,36198,69186,-3210,3,30,수
2022-03-30,2호선,낙성대(강감찬),25321,24780,50101,541,3,30,수
2022-03-30,2호선,서울대입구(관악구청),44456,43860,88316,596,3,30,수
2022-03-30,2호선,봉천,22235,20607,42842,1628,3,30,수
2022-03-30,2호선,신림,58619,56965,115584,1654,3,30,수
2022-03-30,2호선,신대방,24232,23790,48022,442,3,30,수
2022-03-30,2호선,구로디지털단지,54636,54715,109351,-79,3,30,수
2022-03-30,2호선,대림(구로구청),21874,22397,44271,-523,3,30,수
2022-03-30,2호선,신도림,42772,42920,85692,-148,3,30,수
2022-03-30,2호선,문래,20484,20846,41330,-362,3,30,수
2022-03-30,2호선,영등포구청,21246,21753,42999,-507,3,30,수
2022-03-30,2호선,당산,17521,20256,37777,-2735,3,30,수
2022-03-30,2호선,합정,27379,28567,55946,-1188,3,30,수
2022-03-30,2호선,홍대입구,45257,46976,92233,-1719,3,30,수
2022-03-30,2호선,신촌,29532,29738,59270,-206,3,30,수
2022-03-30,2호선,이대,12928,13698,26626,-770,3,30,수
2022-03-30,2호선,아현,9927,9412,19339,515,3,30,수
2022-03-30,2호선,충정로(경기대입구),9333,9926,19259,-593,3,30,수
2022-03-30,2호선,용답,3018,3184,6202,-166,3,30,수
2022-03-30,2호선,신답,1558,1765,3323,-207,3,30,수
2022-03-30,2호선,신설동,3127,3098,6225,29,3,30,수
2022-03-30,2호선,도림천,1380,1450,2830,-70,3,30,수
2022-03-30,2호선,양천구청,6386,6541,12927,-155,3,30,수
2022-03-30,2호선,신정네거리,9447,9835,19282,-388,3,30,수
2022-03-30,2호선,용두(동대문구청),2156,2276,4432,-120,3,30,수
2022-03-30,3호선,지축,4505,4282,8787,223,3,30,수
2022-03-30,3호선,구파발,18806,18272,37078,534,3,30,수
2022-03-30,3호선,연신내,33590,31724,65314,1866,3,30,수
2022-03-30,3호선,불광,14615,15744,30359,-1129,3,30,수
2022-03-30,3호선,녹번,14723,13411,28134,1312,3,30,수
2022-03-30,3호선,홍제,16415,15632,32047,783,3,30,수
2022-03-30,3호선,무악재,3522,3587,7109,-65,3,30,수
2022-03-30,3호선,독립문,6147,6528,12675,-381,3,30,수
2022-03-30,3호선,경복궁(정부서울청사),19632,19079,38711,553,3,30,수
2022-03-30,3호선,안국,19045,19673,38718,-628,3,30,수
2022-03-30,3호선,종로3가,9289,10270,19559,-981,3,30,수
2022-03-30,3호선,을지로3가,9695,9710,19405,-15,3,30,수
2022-03-30,3호선,충무로,1,0,1,1,3,30,수
2022-03-30,3호선,동대입구,8013,8733,16746,-720,3,30,수
2022-03-30,3호선,약수,12153,11882,24035,271,3,30,수
2022-03-30,3호선,금호,7245,6829,14074,416,3,30,수
2022-03-30,3호선,옥수,7989,8322,16311,-333,3,30,수
2022-03-30,3호선,압구정,27841,29679,57520,-1838,3,30,수
2022-03-30,3호선,신사,26902,27813,54715,-911,3,30,수
2022-03-30,3호선,잠원,4446,4293,8739,153,3,30,수
2022-03-30,3호선,고속터미널,31744,30283,62027,1461,3,30,수
2022-03-30,3호선,교대(법원.검찰청),13223,8717,21940,4506,3,30,수
2022-03-30,3호선,남부터미널(예술의전당),25503,26105,51608,-602,3,30,수
2022-03-30,3호선,양재(서초구청),35371,38374,73745,-3003,3,30,수
2022-03-30,3호선,매봉,11371,10760,22131,611,3,30,수
2022-03-30,3호선,도곡,4816,5020,9836,-204,3,30,수
2022-03-30,3호선,대치,9790,9928,19718,-138,3,30,수
2022-03-30,3호선,학여울,1569,1653,3222,-84,3,30,수
2022-03-30,3호선,대청,9653,8740,18393,913,3,30,수
2022-03-30,3호선,일원,9559,9151,18710,408,3,30,수
2022-03-30,3호선,수서,14964,15367,30331,-403,3,30,수
2022-03-30,3호선,가락시장,8236,8107,16343,129,3,30,수
2022-03-30,3호선,경찰병원,6909,6889,13798,20,3,30,수
2022-03-30,3호선,오금,5826,5257,11083,569,3,30,수
2022-03-30,4호선,당고개,8454,7645,16099,809,3,30,수
2022-03-30,4호선,상계,18217,16893,35110,1324,3,30,수
2022-03-30,4호선,노원,17132,19221,36353,-2089,3,30,수
2022-03-30,4호선,창동,23400,24861,48261,-1461,3,30,수
2022-03-30,4호선,쌍문,27338,25277,52615,2061,3,30,수
2022-03-30,4호선,수유(강북구청),31279,31651,62930,-372,3,30,수
2022-03-30,4호선,미아(서울사이버대학),14207,13891,28098,316,3,30,수
2022-03-30,4호선,미아사거리,24972,24398,49370,574,3,30,수
2022-03-30,4호선,길음,19849,19672,39521,177,3,30,수
2022-03-30,4호선,성신여대입구(돈암),19564,18873,38437,691,3,30,수
2022-03-30,4호선,한성대입구(삼선교),13255,13015,26270,240,3,30,수
2022-03-30,4호선,혜화,30587,30493,61080,94,3,30,수
2022-03-30,4호선,동대문,17759,18354,36113,-595,3,30,수
2022-03-30,4호선,동대문역사문화공원(DDP),13463,12344,25807,1119,3,30,수
2022-03-30,4호선,충무로,26920,27291,54211,-371,3,30,수
2022-03-30,4호선,명동,18044,18221,36265,-177,3,30,수
2022-03-30,4호선,회현(남대문시장),21678,22814,44492,-1136,3,30,수
2022-03-30,4호선,서울역,9955,13439,23394,-3484,3,30,수
2022-03-30,4호선,숙대입구(갈월),13308,12907,26215,401,3,30,수
2022-03-30,4호선,삼각지,4387,4847,9234,-460,3,30,수
2022-03-30,4호선,신용산,14429,15072,29501,-643,3,30,수
2022-03-30,4호선,이촌(국립중앙박물관),6370,7164,13534,-794,3,30,수
2022-03-30,4호선,동작(현충원),1234,1416,2650,-182,3,30,수
2022-03-30,4호선,총신대입구(이수),17321,18644,35965,-1323,3,30,수
2022-03-30,4호선,사당,22688,18966,41654,3722,3,30,수
2022-03-30,4호선,남태령,1031,927,1958,104,3,30,수
2022-03-30,5호선,방화,6151,5943,12094,208,3,30,수
2022-03-30,5호선,개화산,5315,5038,10353,277,3,30,수
2022-03-30,5호선,김포공항,5994,5772,11766,222,3,30,수
2022-03-30,5호선,송정,5988,5479,11467,509,3,30,수
2022-03-30,5호선,마곡,10097,10017,20114,80,3,30,수
2022-03-30,5호선,발산,19008,19295,38303,-287,3,30,수
2022-03-30,5호선,우장산,13602,13478,27080,124,3,30,수
2022-03-30,5호선,화곡,26355,24666,51021,1689,3,30,수
2022-03-30,5호선,까치산,26988,25901,52889,1087,3,30,수
2022-03-30,5호선,신정(은행정),13098,10743,23841,2355,3,30,수
2022-03-30,5호선,목동,15408,16800,32208,-1392,3,30,수
2022-03-30,5호선,오목교(목동운동장앞),19476,20884,40360,-1408,3,30,수
2022-03-30,5호선,양평,6998,6955,13953,43,3,30,수
2022-03-30,5호선,영등포구청,3731,3869,7600,-138,3,30,수
2022-03-30,5호선,영등포시장,9141,9388,18529,-247,3,30,수
2022-03-30,5호선,신길,3745,4115,7860,-370,3,30,수
2022-03-30,5호선,여의도,26176,27417,53593,-1241,3,30,수
2022-03-30,5호선,여의나루,8307,9209,17516,-902,3,30,수
2022-03-30,5호선,마포,13307,13747,27054,-440,3,30,수
2022-03-30,5호선,공덕,12896,13826,26722,-930,3,30,수
2022-03-30,5호선,애오개,6510,6527,13037,-17,3,30,수
2022-03-30,5호선,충정로(경기대입구),4587,4637,9224,-50,3,30,수
2022-03-30,5호선,서대문,18267,18319,36586,-52,3,30,수
2022-03-30,5호선,광화문(세종문화회관),26552,27622,54174,-1070,3,30,수
2022-03-30,5호선,종로3가,10570,10631,21201,-61,3,30,수
2022-03-30,5호선,을지로4가,5701,5695,11396,6,3,30,수
2022-03-30,5호선,동대문역사문화공원(DDP),2668,3016,5684,-348,3,30,수
2022-03-30,5호선,청구,3868,3407,7275,461,3,30,수
2022-03-30,5호선,신금호,6222,6398,12620,-176,3,30,수
2022-03-30,5호선,행당,7491,6822,14313,669,3,30,수
2022-03-30,5호선,왕십리(성동구청),4273,4807,9080,-534,3,30,수
2022-03-30,5호선,마장,5335,5095,10430,240,3,30,수
2022-03-30,5호선,답십리,14982,13780,28762,1202,3,30,수
2022-03-30,5호선,장한평,17509,17378,34887,131,3,30,수
2022-03-30,5호선,군자(능동),10529,11583,22112,-1054,3,30,수
2022-03-30,5호선,아차산(어린이대공원후문),13838,13452,27290,386,3,30,수
2022-03-30,5호선,광나루(장신대),12552,11327,23879,1225,3,30,수
2022-03-30,5호선,천호(풍납토성),15946,16077,32023,-131,3,30,수
2022-03-30,5호선,강동,17490,16755,34245,735,3,30,수
2022-03-30,5호선,길동,7296,7600,14896,-304,3,30,수
2022-03-30,5호선,굽은다리(강동구민회관앞),8745,8330,17075,415,3,30,수
2022-03-30,5호선,명일,8129,8542,16671,-413,3,30,수
2022-03-30,5호선,고덕,8846,8805,17651,41,3,30,수
2022-03-30,5호선,상일동,13823,13002,26825,821,3,30,수
2022-03-30,5호선,둔촌동,7970,7908,15878,62,3,30,수
2022-03-30,5호선,올림픽공원(한국체대),3979,3413,7392,566,3,30,수
2022-03-30,5호선,방이,6557,6881,13438,-324,3,30,수
2022-03-30,5호선,오금,3541,3545,7086,-4,3,30,수
2022-03-30,5호선,개롱,6054,6347,12401,-293,3,30,수
2022-03-30,5호선,거여,9624,9126,18750,498,3,30,수
2022-03-30,5호선,마천,6847,6656,13503,191,3,30,수
2022-03-30,5호선,강일,3862,3568,7430,294,3,30,수
2022-03-30,5호선,미사,14946,14956,29902,-10,3,30,수
2022-03-30,5호선,하남풍산,4120,4075,8195,45,3,30,수
2022-03-30,5호선,하남시청(덕풍·신장),6182,6188,12370,-6,3,30,수
2022-03-30,5호선,하남검단산,5078,4850,9928,228,3,30,수
2022-03-30,6호선,응암,16240,15981,32221,259,3,30,수
2022-03-30,6호선,역촌,3508,4241,7749,-733,3,30,수
2022-03-30,6호선,불광,3792,3826,7618,-34,3,30,수
2022-03-30,6호선,독바위,2449,2649,5098,-200,3,30,수
2022-03-30,6호선,구산,7184,5265,12449,1919,3,30,수
2022-03-30,6호선,새절(신사),11784,11265,23049,519,3,30,수
2022-03-30,6호선,증산(명지대앞),9455,9359,18814,96,3,30,수
2022-03-30,6호선,디지털미디어시티,12819,13935,26754,-1116,3,30,수
2022-03-30,6호선,월드컵경기장(성산),3753,3875,7628,-122,3,30,수
2022-03-30,6호선,마포구청,13130,11960,25090,1170,3,30,수
2022-03-30,6호선,망원,12219,13068,25287,-849,3,30,수
2022-03-30,6호선,합정,11606,11495,23101,111,3,30,수
2022-03-30,6호선,상수,7952,8704,16656,-752,3,30,수
2022-03-30,6호선,광흥창(서강),8376,8274,16650,102,3,30,수
2022-03-30,6호선,대흥(서강대앞),7857,8134,15991,-277,3,30,수
2022-03-30,6호선,공덕,16977,16199,33176,778,3,30,수
2022-03-30,6호선,효창공원앞,6715,6437,13152,278,3,30,수
2022-03-30,6호선,삼각지,5797,5269,11066,528,3,30,수
2022-03-30,6호선,녹사평(용산구청),4106,4107,8213,-1,3,30,수
2022-03-30,6호선,이태원,8601,8697,17298,-96,3,30,수
2022-03-30,6호선,한강진,6755,7911,14666,-1156,3,30,수
2022-03-30,6호선,버티고개,1932,1968,3900,-36,3,30,수
2022-03-30,6호선,약수,3437,3311,6748,126,3,30,수
2022-03-30,6호선,청구,3408,3810,7218,-402,3,30,수
2022-03-30,6호선,신당,7553,8078,15631,-525,3,30,수
2022-03-30,6호선,동묘앞,6959,7166,14125,-207,3,30,수
2022-03-30,6호선,창신,3401,2939,6340,462,3,30,수
2022-03-30,6호선,보문,6893,6394,13287,499,3,30,수
2022-03-30,6호선,안암(고대병원앞),13295,13337,26632,-42,3,30,수
2022-03-30,6호선,고려대(종암),7933,7778,15711,155,3,30,수
2022-03-30,6호선,월곡(동덕여대),11957,11701,23658,256,3,30,수
2022-03-30,6호선,상월곡(한국과학기술연구원),6074,5707,11781,367,3,30,수
2022-03-30,6호선,돌곶이,8876,8326,17202,550,3,30,수
2022-03-30,6호선,석계,11763,12330,24093,-567,3,30,수
2022-03-30,6호선,태릉입구,5124,5663,10787,-539,3,30,수
2022-03-30,6호선,화랑대(서울여대입구),11517,9122,20639,2395,3,30,수
2022-03-30,6호선,봉화산(서울의료원),8235,7820,16055,415,3,30,수
2022-03-30,7호선,장암,2074,768,2842,1306,3,30,수
2022-03-30,7호선,도봉산,8835,10156,18991,-1321,3,30,수
2022-03-30,7호선,수락산,11617,11538,23155,79,3,30,수
2022-03-30,7호선,마들,12042,11434,23476,608,3,30,수
2022-03-30,7호선,노원,17538,18291,35829,-753,3,30,수
2022-03-30,7호선,중계,14042,12832,26874,1210,3,30,수
2022-03-30,7호선,하계,17078,16153,33231,925,3,30,수
2022-03-30,7호선,공릉(서울과학기술대),12076,11882,23958,194,3,30,수
2022-03-30,7호선,태릉입구,8160,7798,15958,362,3,30,수
2022-03-30,7호선,먹골,9608,9239,18847,369,3,30,수
2022-03-30,7호선,중화,10185,10152,20337,33,3,30,수
2022-03-30,7호선,상봉(시외버스터미널),15500,14410,29910,1090,3,30,수
2022-03-30,7호선,면목,15149,14754,29903,395,3,30,수
2022-03-30,7호선,사가정,14963,15052,30015,-89,3,30,수
2022-03-30,7호선,용마산(용마폭포공원),5673,5495,11168,178,3,30,수
2022-03-30,7호선,중곡,10446,9808,20254,638,3,30,수
2022-03-30,7호선,군자(능동),13975,11232,25207,2743,3,30,수
2022-03-30,7호선,어린이대공원(세종대),13606,13899,27505,-293,3,30,수
2022-03-30,7호선,건대입구,11787,12162,23949,-375,3,30,수
2022-03-30,7호선,뚝섬유원지,7190,6819,14009,371,3,30,수
2022-03-30,7호선,청담,18370,20590,38960,-2220,3,30,수
2022-03-30,7호선,강남구청,15155,16645,31800,-1490,3,30,수
2022-03-30,7호선,학동,23207,24708,47915,-1501,3,30,수
2022-03-30,7호선,논현,18824,20206,39030,-1382,3,30,수
2022-03-30,7호선,반포,5266,5160,10426,106,3,30,수
2022-03-30,7호선,고속터미널,13175,11414,24589,1761,3,30,수
2022-03-30,7호선,내방,13893,14267,28160,-374,3,30,수
2022-03-30,7호선,이수,14492,14046,28538,446,3,30,수
2022-03-30,7호선,남성,10270,9605,19875,665,3,30,수
2022-03-30,7호선,숭실대입구(살피재),13853,14190,28043,-337,3,30,수
2022-03-30,7호선,상도,10733,10797,21530,-64,3,30,수
2022-03-30,7호선,장승배기,8391,8192,16583,199,3,30,수
2022-03-30,7호선,신대방삼거리,15754,15129,30883,625,3,30,수
2022-03-30,7호선,보라매,9229,9302,18531,-73,3,30,수
2022-03-30,7호선,신풍,10973,10483,21456,490,3,30,수
2022-03-30,7호선,대림(구로구청),6963,6944,13907,19,3,30,수
2022-03-30,7호선,남구로,14775,15683,30458,-908,3,30,수
2022-03-30,7호선,가산디지털단지,42625,43013,85638,-388,3,30,수
2022-03-30,7호선,철산,19248,19528,38776,-280,3,30,수
2022-03-30,7호선,광명사거리,20604,20287,40891,317,3,30,수
2022-03-30,7호선,천왕,10704,10271,20975,433,3,30,수
2022-03-30,7호선,온수(성공회대입구),10339,9659,19998,680,3,30,수
2022-03-30,8호선,암사,17459,15578,33037,1881,3,30,수
2022-03-30,8호선,천호(풍납토성),13243,15191,28434,-1948,3,30,수
2022-03-30,8호선,강동구청,9818,10120,19938,-302,3,30,수
2022-03-30,8호선,몽촌토성(평화의문),5470,5525,10995,-55,3,30,수
2022-03-30,8호선,잠실(송파구청),11837,13947,25784,-2110,3,30,수
2022-03-30,8호선,석촌,6983,8018,15001,-1035,3,30,수
2022-03-30,8호선,송파,7046,7209,14255,-163,3,30,수
2022-03-30,8호선,가락시장,7151,7906,15057,-755,3,30,수
2022-03-30,8호선,문정,20979,22001,42980,-1022,3,30,수
2022-03-30,8호선,장지,16121,15537,31658,584,3,30,수
2022-03-30,8호선,복정,9319,7916,17235,1403,3,30,수
2022-03-30,8호선,산성,5076,5089,10165,-13,3,30,수
2022-03-30,8호선,남한산성입구(성남법원.검찰청),14492,13604,28096,888,3,30,수
2022-03-30,8호선,단대오거리,10572,10122,20694,450,3,30,수
2022-03-30,8호선,신흥,3833,4164,7997,-331,3,30,수
2022-03-30,8호선,수진,5051,4645,9696,406,3,30,수
2022-03-30,8호선,모란,4102,3118,7220,984,3,30,수
2022-03-30,8호선,남위례,4408,4616,9024,-208,3,30,수
2022-03-30,9호선,개화,2375,1647,4022,728,3,30,수
2022-03-30,9호선,김포공항,5907,8570,14477,-2663,3,30,수
2022-03-30,9호선,공항시장,2857,3126,5983,-269,3,30,수
2022-03-30,9호선,신방화,6612,6449,13061,163,3,30,수
2022-03-30,9호선,마곡나루(서울식물원),11436,11087,22523,349,3,30,수
2022-03-30,9호선,양천향교,9322,9566,18888,-244,3,30,수
2022-03-30,9호선,가양,19102,18512,37614,590,3,30,수
2022-03-30,9호선,증미,6664,6499,13163,165,3,30,수
2022-03-30,9호선,등촌,10379,9942,20321,437,3,30,수
2022-03-30,9호선,염창,15857,15532,31389,325,3,30,수
2022-03-30,9호선,신목동,3873,3382,7255,491,3,30,수
2022-03-30,9호선,선유도,8133,7713,15846,420,3,30,수
2022-03-30,9호선,당산,16850,16649,33499,201,3,30,수
2022-03-30,9호선,국회의사당,14489,14827,29316,-338,3,30,수
2022-03-30,9호선,여의도,24861,23996,48857,865,3,30,수
2022-03-30,9호선,샛강,5267,5526,10793,-259,3,30,수
2022-03-30,9호선,노량진,24250,23258,47508,992,3,30,수
2022-03-30,9호선,노들,4043,3396,7439,647,3,30,수
2022-03-30,9호선,흑석(중앙대입구),8772,8792,17564,-20,3,30,수
2022-03-30,9호선,동작(현충원),1690,1403,3093,287,3,30,수
2022-03-30,9호선,구반포,1155,1235,2390,-80,3,30,수
2022-03-30,9호선,신반포,3139,2911,6050,228,3,30,수
2022-03-31,경원선,망월사,8044,8061,16105,-17,3,31,목
2022-03-31,수인선,남동인더스파크,2285,2539,4824,-254,3,31,목
2022-03-31,수인선,호구포,3999,4106,8105,-107,3,31,목
2022-03-31,수인선,인천논현,5299,5732,11031,-433,3,31,목
2022-03-31,수인선,소래포구,5283,5027,10310,256,3,31,목
2022-03-31,수인선,월곶,2826,2600,5426,226,3,31,목
2022-03-31,수인선,달월,108,63,171,45,3,31,목
2022-03-31,수인선,사리,4749,4158,8907,591,3,31,목
2022-03-31,경원선,신이문,7969,7395,15364,574,3,31,목
2022-03-31,경원선,회룡,11947,11849,23796,98,3,31,목
2022-03-31,9호선,샛강,5493,5666,11159,-173,3,31,목
2022-03-31,9호선,노량진,24337,23331,47668,1006,3,31,목
2022-03-31,9호선,노들,4247,3478,7725,769,3,31,목
2022-03-31,9호선,흑석(중앙대입구),8689,8688,17377,1,3,31,목
2022-03-31,9호선,동작(현충원),1867,1551,3418,316,3,31,목
2022-03-31,9호선,구반포,1238,1255,2493,-17,3,31,목
2022-03-31,9호선,신반포,3173,3081,6254,92,3,31,목
2022-03-31,9호선,고속터미널,10958,13301,24259,-2343,3,31,목
2022-03-31,9호선,사평,3219,3133,6352,86,3,31,목
2022-03-31,9호선,신논현,28552,28122,56674,430,3,31,목
2022-03-31,9호선2~3단계,언주,9681,9822,19503,-141,3,31,목
2022-03-31,9호선2~3단계,선정릉,9004,9926,18930,-922,3,31,목
2022-03-31,9호선2~3단계,삼성중앙,6404,6706,13110,-302,3,31,목
2022-03-31,9호선2~3단계,봉은사,15399,15963,31362,-564,3,31,목
2022-03-31,9호선2~3단계,종합운동장,3753,3832,7585,-79,3,31,목
2022-03-31,9호선2~3단계,삼전,6421,6166,12587,255,3,31,목
2022-03-31,9호선2~3단계,석촌고분,5673,5515,11188,158,3,31,목
2022-03-31,9호선2~3단계,석촌,7943,7073,15016,870,3,31,목
2022-03-31,9호선2~3단계,송파나루,4629,4992,9621,-363,3,31,목
2022-03-31,9호선2~3단계,한성백제,2321,2140,4461,181,3,31,목
2022-03-31,9호선2~3단계,올림픽공원(한국체대),5473,5433,10906,40,3,31,목
2022-03-31,9호선2~3단계,둔촌오륜,1114,1030,2144,84,3,31,목
2022-03-31,9호선2~3단계,중앙보훈병원,10226,9029,19255,1197,3,31,목
2022-03-31,경강선,판교,4407,4314,8721,93,3,31,목
2022-03-31,경강선,이매,1070,879,1949,191,3,31,목
2022-03-31,경강선,삼동,2249,2089,4338,160,3,31,목
2022-03-31,경강선,경기광주,7323,6942,14265,381,3,31,목
2022-03-31,경강선,초월,2948,2822,5770,126,3,31,목
2022-03-31,경강선,곤지암,2043,2067,4110,-24,3,31,목
2022-03-31,경강선,신둔도예촌,1606,1441,3047,165,3,31,목
2022-03-31,경강선,이천,2315,2411,4726,-96,3,31,목
2022-03-31,경강선,부발,1945,1944,3889,1,3,31,목
2022-03-31,경강선,세종대왕릉,281,275,556,6,3,31,목
2022-03-31,경강선,여주,2319,2171,4490,148,3,31,목
2022-03-31,경부선,서울역,5024,1731,6755,3293,3,31,목
2022-03-31,경부선,남영,9160,9779,18939,-619,3,31,목
2022-03-31,경부선,용산,29146,28613,57759,533,3,31,목
2022-03-31,경부선,노량진,7471,7700,15171,-229,3,31,목
2022-03-31,경부선,대방,12527,12823,25350,-296,3,31,목
2022-03-31,경부선,영등포,33656,34271,67927,-615,3,31,목
2022-03-31,경부선,신도림,3891,3931,7822,-40,3,31,목
2022-03-31,경부선,신길,8628,7326,15954,1302,3,31,목
2022-03-31,경부선,구로,17194,17973,35167,-779,3,31,목
2022-03-31,경부선,가산디지털단지,17755,20457,38212,-2702,3,31,목
2022-03-31,경부선,금천구청,11114,11126,22240,-12,3,31,목
2022-03-31,경부선,석수,9488,8361,17849,1127,3,31,목
2022-03-31,경부선,관악,6846,6320,13166,526,3,31,목
2022-03-31,경부선,안양,24634,24296,48930,338,3,31,목
2022-03-31,경부선,명학,10217,10072,20289,145,3,31,목
2022-03-31,경부선,금정,25503,26117,51620,-614,3,31,목
2022-03-31,경부선,군포,7591,7555,15146,36,3,31,목
2022-03-31,경부선,의왕,9019,9060,18079,-41,3,31,목
2022-03-31,경부선,성균관대,14433,14245,28678,188,3,31,목
2022-03-31,경부선,화서,7855,7595,15450,260,3,31,목
2022-03-31,경부선,수원,32409,34452,66861,-2043,3,31,목
2022-03-31,경부선,독산,17822,18393,36215,-571,3,31,목
2022-03-31,경부선,세류,2949,2600,5549,349,3,31,목
2022-03-31,경부선,병점,14491,14620,29111,-129,3,31,목
2022-03-31,경부선,세마,2781,2652,5433,129,3,31,목
2022-03-31,경부선,오산대,3791,3547,7338,244,3,31,목
2022-03-31,경부선,오산,9405,9390,18795,15,3,31,목
2022-03-31,경부선,진위,1655,1462,3117,193,3,31,목
2022-03-31,경부선,송탄,4102,4041,8143,61,3,31,목
2022-03-31,경부선,서정리,7011,6357,13368,654,3,31,목
2022-03-31,중앙선,지평,80,78,158,2,3,31,목
2022-03-31,중앙선,용문,1568,1544,3112,24,3,31,목
2022-03-31,중앙선,원덕,361,349,710,12,3,31,목
2022-03-31,중앙선,양평,2458,2544,5002,-86,3,31,목
2022-03-31,중앙선,오빈,288,271,559,17,3,31,목
2022-03-31,중앙선,아신,514,483,997,31,3,31,목
2022-03-31,중앙선,국수,648,659,1307,-11,3,31,목
2022-03-31,중앙선,신원,216,201,417,15,3,31,목
2022-03-31,중앙선,양수,1708,1628,3336,80,3,31,목
2022-03-31,중앙선,운길산,736,748,1484,-12,3,31,목
2022-03-31,중앙선,팔당,777,808,1585,-31,3,31,목
2022-03-31,중앙선,도심,2324,1859,4183,465,3,31,목
2022-03-31,중앙선,덕소,5088,5332,10420,-244,3,31,목
2022-03-31,중앙선,양정,712,626,1338,86,3,31,목
2022-03-31,중앙선,도농,9889,8995,18884,894,3,31,목
2022-03-31,경원선,석계,7976,8823,16799,-847,3,31,목
2022-03-31,중앙선,구리,12417,12686,25103,-269,3,31,목
2022-03-31,중앙선,양원,2809,2637,5446,172,3,31,목
2022-03-31,중앙선,망우,7359,7197,14556,162,3,31,목
2022-03-31,중앙선,상봉(시외버스터미널),5471,5381,10852,90,3,31,목
2022-03-31,중앙선,중랑,5322,5033,10355,289,3,31,목
2022-03-31,중앙선,회기,23928,23170,47098,758,3,31,목
2022-03-31,장항선,신창(순천향대),3311,2588,5899,723,3,31,목
2022-03-31,장항선,온양온천,3346,3503,6849,-157,3,31,목
2022-03-31,장항선,배방,1087,1071,2158,16,3,31,목
2022-03-31,장항선,탕정,761,663,1424,98,3,31,목
2022-03-31,장항선,아산,3565,3265,6830,300,3,31,목
2022-03-31,장항선,쌍용(나사렛대),2771,2453,5224,318,3,31,목
2022-03-31,장항선,봉명,1244,1197,2441,47,3,31,목
2022-03-31,일산선,대화,11742,9594,21336,2148,3,31,목
2022-03-31,일산선,주엽,8328,8499,16827,-171,3,31,목
2022-03-31,일산선,정발산,6311,6340,12651,-29,3,31,목
2022-03-31,일산선,마두,6941,7104,14045,-163,3,31,목
2022-03-31,일산선,백석,9122,9143,18265,-21,3,31,목
2022-03-31,일산선,대곡,2021,1588,3609,433,3,31,목
2022-03-31,일산선,화정,15829,16201,32030,-372,3,31,목
2022-03-31,일산선,원당,10627,10043,20670,584,3,31,목
2022-03-31,일산선,삼송,18566,18177,36743,389,3,31,목
2022-03-31,일산선,지축,1,0,1,1,3,31,목
2022-03-31,일산선,원흥,10251,9665,19916,586,3,31,목
2022-03-31,우이신설선,신설동,2111,2080,4191,31,3,31,목
2022-03-31,우이신설선,보문,1501,1504,3005,-3,3,31,목
2022-03-31,우이신설선,성신여대입구(돈암),3202,3530,6732,-328,3,31,목
2022-03-31,우이신설선,정릉,4485,4111,8596,374,3,31,목
2022-03-31,우이신설선,북한산보국문,5766,5436,11202,330,3,31,목
2022-03-31,우이신설선,솔샘,5606,5104,10710,502,3,31,목
2022-03-31,우이신설선,삼양사거리,2332,2399,4731,-67,3,31,목
2022-03-31,우이신설선,삼양,1934,2046,3980,-112,3,31,목
2022-03-31,우이신설선,화계,3245,3030,6275,215,3,31,목
2022-03-31,우이신설선,가오리,3994,3958,7952,36,3,31,목
2022-03-31,우이신설선,4.19민주묘지,3193,3044,6237,149,3,31,목
2022-03-31,우이신설선,솔밭공원,2403,2273,4676,130,3,31,목
2022-03-31,우이신설선,북한산우이,2518,2312,4830,206,3,31,목
2022-03-31,안산선,수리산,4161,3365,7526,796,3,31,목
2022-03-31,안산선,오이도,7922,7896,15818,26,3,31,목
2022-03-31,안산선,정왕,9925,10091,20016,-166,3,31,목
2022-03-31,안산선,신길온천,1642,1557,3199,85,3,31,목
2022-03-31,안산선,안산,10840,9776,20616,1064,3,31,목
2022-03-31,안산선,초지,4830,5245,10075,-415,3,31,목
2022-03-31,안산선,고잔,8590,8152,16742,438,3,31,목
2022-03-31,안산선,중앙,17039,17507,34546,-468,3,31,목
2022-03-31,안산선,한대앞,10197,10205,20402,-8,3,31,목
2022-03-31,안산선,상록수,15636,15771,31407,-135,3,31,목
2022-03-31,안산선,반월,4040,3957,7997,83,3,31,목
2022-03-31,안산선,대야미,4817,4444,9261,373,3,31,목
2022-03-31,안산선,산본,14950,15968,30918,-1018,3,31,목
2022-03-31,수인선,인천,907,1498,2405,-591,3,31,목
2022-03-31,수인선,신포,1834,1821,3655,13,3,31,목
2022-03-31,수인선,숭의,3836,3592,7428,244,3,31,목
2022-03-31,수인선,인하대,7116,6807,13923,309,3,31,목
2022-03-31,수인선,송도,2487,2309,4796,178,3,31,목
2022-03-31,수인선,연수,4364,4252,8616,112,3,31,목
2022-03-31,수인선,원인재,4243,4443,8686,-200,3,31,목
2022-03-31,수인선,야목,394,320,714,74,3,31,목
2022-03-31,수인선,어천,657,718,1375,-61,3,31,목
2022-03-31,수인선,오목천,3300,3017,6317,283,3,31,목
2022-03-31,수인선,고색,4986,4787,9773,199,3,31,목
2022-03-31,분당선,매교,3057,3038,6095,19,3,31,목
2022-03-31,분당선,수원시청,11866,12590,24456,-724,3,31,목
2022-03-31,분당선,매탄권선,4948,4719,9667,229,3,31,목
2022-03-31,분당선,망포,13674,13018,26692,656,3,31,목
2022-03-31,분당선,영통,7990,8152,16142,-162,3,31,목
2022-03-31,분당선,청명,4036,4008,8044,28,3,31,목
2022-03-31,분당선,상갈,5016,4886,9902,130,3,31,목
2022-03-31,분당선,기흥,9524,8947,18471,577,3,31,목
2022-03-31,분당선,신갈,4089,4100,8189,-11,3,31,목
2022-03-31,분당선,구성,4668,4943,9611,-275,3,31,목
2022-03-31,분당선,죽전,13559,14734,28293,-1175,3,31,목
2022-03-31,분당선,보정,2443,2170,4613,273,3,31,목
2022-03-31,분당선,이매,5442,5152,10594,290,3,31,목
2022-03-31,분당선,오리,11024,9223,20247,1801,3,31,목
2022-03-31,분당선,미금,14390,15294,29684,-904,3,31,목
2022-03-31,분당선,정자,15961,16826,32787,-865,3,31,목
2022-03-31,분당선,수내,12334,12406,24740,-72,3,31,목
2022-03-31,분당선,서현,21850,22327,44177,-477,3,31,목
2022-03-31,분당선,야탑,24769,25436,50205,-667,3,31,목
2022-03-31,분당선,모란,19158,19308,38466,-150,3,31,목
2022-03-31,분당선,태평,12800,12459,25259,341,3,31,목
2022-03-31,분당선,가천대,9534,10420,19954,-886,3,31,목
2022-03-31,분당선,선정릉,7538,8100,15638,-562,3,31,목
2022-03-31,분당선,강남구청,9306,10615,19921,-1309,3,31,목
2022-03-31,분당선,압구정로데오,17813,19646,37459,-1833,3,31,목
2022-03-31,분당선,서울숲,10247,10313,20560,-66,3,31,목
2022-03-31,분당선,수원,7830,6507,14337,1323,3,31,목
2022-03-31,분당선,수서,12510,12986,25496,-476,3,31,목
2022-03-31,분당선,대모산입구,4212,3958,8170,254,3,31,목
2022-03-31,분당선,개포동,3780,3895,7675,-115,3,31,목
2022-03-31,분당선,구룡,2341,2209,4550,132,3,31,목
2022-03-31,분당선,도곡,6533,6402,12935,131,3,31,목
2022-03-31,분당선,한티,13194,14252,27446,-1058,3,31,목
2022-03-31,분당선,선릉,12494,18662,31156,-6168,3,31,목
2022-03-31,과천선,범계,24235,24466,48701,-231,3,31,목
2022-03-31,과천선,평촌,16833,16629,33462,204,3,31,목
2022-03-31,과천선,인덕원,22875,23519,46394,-644,3,31,목
2022-03-31,과천선,정부과천청사,9681,9751,19432,-70,3,31,목
2022-03-31,과천선,과천,5928,5299,11227,629,3,31,목
2022-03-31,과천선,대공원,2557,2645,5202,-88,3,31,목
2022-03-31,과천선,경마공원,1249,1219,2468,30,3,31,목
2022-03-31,과천선,선바위,7789,6971,14760,818,3,31,목
2022-03-31,공항철도 1호선,영종,2794,2898,5692,-104,3,31,목
2022-03-31,공항철도 1호선,인천공항2터미널,2276,2159,4435,117,3,31,목
2022-03-31,공항철도 1호선,인천공항1터미널,3815,3703,7518,112,3,31,목
2022-03-31,공항철도 1호선,공항화물청사,2271,2484,4755,-213,3,31,목
2022-03-31,공항철도 1호선,운서,6391,6404,12795,-13,3,31,목
2022-03-31,공항철도 1호선,청라국제도시,6394,6101,12495,293,3,31,목
2022-03-31,공항철도 1호선,검암,6181,6243,12424,-62,3,31,목
2022-03-31,공항철도 1호선,계양,9840,9432,19272,408,3,31,목
2022-03-31,공항철도 1호선,김포공항,10182,6161,16343,4021,3,31,목
2022-03-31,공항철도 1호선,마곡나루(서울식물원),8246,8193,16439,53,3,31,목
2022-03-31,공항철도 1호선,디지털미디어시티,12879,12003,24882,876,3,31,목
2022-03-31,공항철도 1호선,홍대입구,8384,8361,16745,23,3,31,목
2022-03-31,공항철도 1호선,공덕,2169,2611,4780,-442,3,31,목
2022-03-31,공항철도 1호선,서울역,6762,5967,12729,795,3,31,목
2022-03-31,경춘선,춘천,1565,1189,2754,376,3,31,목
2022-03-31,경춘선,남춘천,2429,2137,4566,292,3,31,목
2022-03-31,경춘선,김유정,226,228,454,-2,3,31,목
2022-03-31,경춘선,강촌,384,374,758,10,3,31,목
2022-03-31,경춘선,백양리,58,67,125,-9,3,31,목
2022-03-31,경춘선,굴봉산,93,122,215,-29,3,31,목
2022-03-31,경춘선,가평,1348,1291,2639,57,3,31,목
2022-03-31,경춘선,상천,218,212,430,6,3,31,목
2022-03-31,경춘선,청평,1445,1527,2972,-82,3,31,목
2022-03-31,경춘선,대성리,447,423,870,24,3,31,목
2022-03-31,경춘선,마석,3714,3737,7451,-23,3,31,목
2022-03-31,경춘선,천마산,1643,1544,3187,99,3,31,목
2022-03-31,경춘선,평내호평,5972,5919,11891,53,3,31,목
2022-03-31,경춘선,금곡,1472,1471,2943,1,3,31,목
2022-03-31,경춘선,사릉,2406,2407,4813,-1,3,31,목
2022-03-31,경춘선,퇴계원,3309,3086,6395,223,3,31,목
2022-03-31,경춘선,별내,3019,2922,5941,97,3,31,목
2022-03-31,경춘선,갈매,2964,2575,5539,389,3,31,목
2022-03-31,경춘선,신내,2195,2046,4241,149,3,31,목
2022-03-31,경인선,도화,4085,3723,7808,362,3,31,목
2022-03-31,경인선,중동,9061,8574,17635,487,3,31,목
2022-03-31,경인선,온수(성공회대입구),6783,6414,13197,369,3,31,목
2022-03-31,경인선,도원,3012,2968,5980,44,3,31,목
2022-03-31,경인선,간석,5580,5380,10960,200,3,31,목
2022-03-31,경인선,부개,8233,7801,16034,432,3,31,목
2022-03-31,경인선,소사,8524,8260,16784,264,3,31,목
2022-03-31,경인선,구일,6469,6423,12892,46,3,31,목
2022-03-31,경인선,인천,3266,2431,5697,835,3,31,목
2022-03-31,경인선,동인천,13275,12784,26059,491,3,31,목
2022-03-31,경인선,제물포,10420,9833,20253,587,3,31,목
2022-03-31,경인선,주안,18633,16958,35591,1675,3,31,목
2022-03-31,경인선,동암,13629,13703,27332,-74,3,31,목
2022-03-31,경인선,백운,6796,6673,13469,123,3,31,목
2022-03-31,경인선,부평,26728,28608,55336,-1880,3,31,목
2022-03-31,경인선,송내,26048,25776,51824,272,3,31,목
2022-03-31,경인선,부천,30710,30876,61586,-166,3,31,목
2022-03-31,경인선,역곡,27288,26749,54037,539,3,31,목
2022-03-31,경인선,오류동,11328,10474,21802,854,3,31,목
2022-03-31,경인선,개봉,20427,19975,40402,452,3,31,목
2022-03-31,경의선,임진강,9,11,20,-2,3,31,목
2022-03-31,경의선,문산,4780,4834,9614,-54,3,31,목
2022-03-31,경의선,파주,1434,999,2433,435,3,31,목
2022-03-31,경의선,월롱,2742,2524,5266,218,3,31,목
2022-03-31,경의선,금촌,6026,6064,12090,-38,3,31,목
2022-03-31,경의선,금릉,4568,4435,9003,133,3,31,목
2022-03-31,경의선,운정,6732,6425,13157,307,3,31,목
2022-03-31,경의선,야당,7032,7084,14116,-52,3,31,목
2022-03-31,경의선,탄현,7410,7167,14577,243,3,31,목
2022-03-31,경의선,일산,9196,9028,18224,168,3,31,목
2022-03-31,경의선,풍산,5304,4917,10221,387,3,31,목
2022-03-31,경의선,백마,6779,6644,13423,135,3,31,목
2022-03-31,경의선,곡산,549,614,1163,-65,3,31,목
2022-03-31,경의선,능곡,3670,3509,7179,161,3,31,목
2022-03-31,경의선,행신,7420,7585,15005,-165,3,31,목
2022-03-31,경의선,강매,3159,2723,5882,436,3,31,목
2022-03-31,경의선,화전,3530,3317,6847,213,3,31,목
2022-03-31,경의선,수색,2617,2796,5413,-179,3,31,목
2022-03-31,경의선,디지털미디어시티,2325,2110,4435,215,3,31,목
2022-03-31,경의선,가좌,5098,4938,10036,160,3,31,목
2022-03-31,경의선,홍대입구,1556,1772,3328,-216,3,31,목
2022-03-31,경의선,서강대,2042,1982,4024,60,3,31,목
2022-03-31,경의선,공덕,3183,2848,6031,335,3,31,목
2022-03-31,경의선,효창공원앞,3079,3271,6350,-192,3,31,목
2022-03-31,경의선,신촌,862,1060,1922,-198,3,31,목
2022-03-31,경의선,서울역,4065,5131,9196,-1066,3,31,목
2022-03-31,경원선,소요산,2348,2108,4456,240,3,31,목
2022-03-31,경원선,동두천,2694,2819,5513,-125,3,31,목
2022-03-31,경원선,보산,1432,1286,2718,146,3,31,목
2022-03-31,경원선,동두천중앙,2989,2885,5874,104,3,31,목
2022-03-31,경원선,지행,6342,6334,12676,8,3,31,목
2022-03-31,경원선,덕정,6116,5926,12042,190,3,31,목
2022-03-31,경원선,덕계,3051,2796,5847,255,3,31,목
2022-03-31,경원선,양주,7588,7007,14595,581,3,31,목
2022-03-31,경원선,녹양,4443,4144,8587,299,3,31,목
2022-03-31,경원선,가능,6630,6444,13074,186,3,31,목
2022-03-31,경원선,의정부,17195,17757,34952,-562,3,31,목
2022-03-31,경부선,평택지제,3326,3167,6493,159,3,31,목
2022-03-31,경부선,평택,11734,11822,23556,-88,3,31,목
2022-03-31,경부선,성환,5339,4926,10265,413,3,31,목
2022-03-31,경부선,직산,761,762,1523,-1,3,31,목
2022-03-31,경부선,두정,7284,7477,14761,-193,3,31,목
2022-03-31,경부선,천안,6515,5931,12446,584,3,31,목
2022-03-31,경부선,당정,6234,5912,12146,322,3,31,목
2022-03-31,경부선,서동탄,1338,1133,2471,205,3,31,목
2022-03-31,경부선,광명,2971,2585,5556,386,3,31,목
2022-03-31,경원선,이촌(국립중앙박물관),3428,2706,6134,722,3,31,목
2022-03-31,경원선,서빙고,1768,1682,3450,86,3,31,목
2022-03-31,경원선,한남,3913,3676,7589,237,3,31,목
2022-03-31,경원선,옥수,47,27,74,20,3,31,목
2022-03-31,경원선,응봉,2152,2214,4366,-62,3,31,목
2022-03-31,경원선,왕십리(성동구청),13994,14550,28544,-556,3,31,목
2022-03-31,경원선,청량리(서울시립대입구),13458,13663,27121,-205,3,31,목
2022-03-31,경원선,외대앞,8293,8299,16592,-6,3,31,목
2022-03-31,1호선,서울역,37698,36841,74539,857,3,31,목
2022-03-31,1호선,시청,20126,20703,40829,-577,3,31,목
2022-03-31,1호선,종각,30278,29527,59805,751,3,31,목
2022-03-31,1호선,종로3가,22938,21049,43987,1889,3,31,목
2022-03-31,1호선,종로5가,21556,21270,42826,286,3,31,목
2022-03-31,1호선,동대문,10216,9399,19615,817,3,31,목
2022-03-31,1호선,신설동,13167,12803,25970,364,3,31,목
2022-03-31,1호선,제기동,16410,16854,33264,-444,3,31,목
2022-03-31,1호선,청량리(서울시립대입구),18972,18820,37792,152,3,31,목
2022-03-31,1호선,동묘앞,7818,8339,16157,-521,3,31,목
2022-03-31,2호선,시청,21764,20983,42747,781,3,31,목
2022-03-31,2호선,을지로입구,34921,36482,71403,-1561,3,31,목
2022-03-31,2호선,을지로3가,20113,20253,40366,-140,3,31,목
2022-03-31,2호선,을지로4가,12023,12225,24248,-202,3,31,목
2022-03-31,2호선,동대문역사문화공원(DDP),11031,12573,23604,-1542,3,31,목
2022-03-31,2호선,신당,13053,13402,26455,-349,3,31,목
2022-03-31,2호선,상왕십리,13225,12973,26198,252,3,31,목
2022-03-31,2호선,왕십리(성동구청),16211,12925,29136,3286,3,31,목
2022-03-31,2호선,한양대,14441,16290,30731,-1849,3,31,목
2022-03-31,2호선,뚝섬,20974,22443,43417,-1469,3,31,목
2022-03-31,2호선,성수,34908,38338,73246,-3430,3,31,목
2022-03-31,2호선,건대입구,33524,35238,68762,-1714,3,31,목
2022-03-31,2호선,구의(광진구청),22517,21860,44377,657,3,31,목
2022-03-31,2호선,강변(동서울터미널),26821,24995,51816,1826,3,31,목
2022-03-31,2호선,잠실나루,13395,12980,26375,415,3,31,목
2022-03-31,2호선,잠실(송파구청),59884,59654,119538,230,3,31,목
2022-03-31,2호선,잠실새내,19096,19235,38331,-139,3,31,목
2022-03-31,2호선,종합운동장,6561,7052,13613,-491,3,31,목
2022-03-31,2호선,삼성(무역센터),47571,48545,96116,-974,3,31,목
2022-03-31,2호선,선릉,52012,46673,98685,5339,3,31,목
2022-03-31,2호선,역삼,46306,52665,98971,-6359,3,31,목
2022-03-31,2호선,강남,75290,73710,149000,1580,3,31,목
2022-03-31,2호선,교대(법원.검찰청),31680,35514,67194,-3834,3,31,목
2022-03-31,2호선,서초,19825,19391,39216,434,3,31,목
2022-03-31,2호선,방배,18381,19245,37626,-864,3,31,목
2022-03-31,2호선,사당,33532,37019,70551,-3487,3,31,목
2022-03-31,2호선,낙성대(강감찬),25625,25064,50689,561,3,31,목
2022-03-31,2호선,서울대입구(관악구청),45223,44270,89493,953,3,31,목
2022-03-31,2호선,봉천,22393,20911,43304,1482,3,31,목
2022-03-31,2호선,신림,60054,57534,117588,2520,3,31,목
2022-03-31,2호선,신대방,25018,24504,49522,514,3,31,목
2022-03-31,2호선,구로디지털단지,55550,55199,110749,351,3,31,목
2022-03-31,2호선,대림(구로구청),22161,22570,44731,-409,3,31,목
2022-03-31,2호선,신도림,43616,44047,87663,-431,3,31,목
2022-03-31,2호선,문래,20679,20973,41652,-294,3,31,목
2022-03-31,2호선,영등포구청,21261,21893,43154,-632,3,31,목
2022-03-31,2호선,당산,17978,20838,38816,-2860,3,31,목
2022-03-31,2호선,합정,28403,29605,58008,-1202,3,31,목
2022-03-31,2호선,홍대입구,48076,50160,98236,-2084,3,31,목
2022-03-31,2호선,신촌,30013,30306,60319,-293,3,31,목
2022-03-31,2호선,이대,13231,13834,27065,-603,3,31,목
2022-03-31,2호선,아현,9945,9493,19438,452,3,31,목
2022-03-31,2호선,충정로(경기대입구),9340,10009,19349,-669,3,31,목
2022-03-31,2호선,용답,3174,3307,6481,-133,3,31,목
2022-03-31,2호선,신답,1531,1780,3311,-249,3,31,목
2022-03-31,2호선,신설동,3051,3109,6160,-58,3,31,목
2022-03-31,2호선,도림천,1344,1397,2741,-53,3,31,목
2022-03-31,2호선,양천구청,6286,6618,12904,-332,3,31,목
2022-03-31,2호선,신정네거리,9615,10027,19642,-412,3,31,목
2022-03-31,2호선,용두(동대문구청),2211,2283,4494,-72,3,31,목
2022-03-31,3호선,지축,4594,4268,8862,326,3,31,목
2022-03-31,3호선,구파발,19171,18337,37508,834,3,31,목
2022-03-31,3호선,연신내,34437,32652,67089,1785,3,31,목
2022-03-31,3호선,불광,15188,16221,31409,-1033,3,31,목
2022-03-31,3호선,녹번,14755,13461,28216,1294,3,31,목
2022-03-31,3호선,홍제,16840,15916,32756,924,3,31,목
2022-03-31,3호선,무악재,3613,3612,7225,1,3,31,목
2022-03-31,3호선,독립문,6387,6829,13216,-442,3,31,목
2022-03-31,3호선,경복궁(정부서울청사),20134,19421,39555,713,3,31,목
2022-03-31,3호선,안국,18872,19845,38717,-973,3,31,목
2022-03-31,3호선,종로3가,9279,10674,19953,-1395,3,31,목
2022-03-31,3호선,을지로3가,9557,9810,19367,-253,3,31,목
2022-03-31,3호선,동대입구,8247,9076,17323,-829,3,31,목
2022-03-31,3호선,약수,12042,11707,23749,335,3,31,목
2022-03-31,3호선,금호,7380,6918,14298,462,3,31,목
2022-03-31,3호선,옥수,8316,8597,16913,-281,3,31,목
2022-03-31,3호선,압구정,27696,29784,57480,-2088,3,31,목
2022-03-31,3호선,신사,28072,28895,56967,-823,3,31,목
2022-03-31,3호선,잠원,4447,4401,8848,46,3,31,목
2022-03-31,3호선,고속터미널,33892,32410,66302,1482,3,31,목
2022-03-31,3호선,교대(법원.검찰청),13753,8903,22656,4850,3,31,목
2022-03-31,3호선,남부터미널(예술의전당),26030,26362,52392,-332,3,31,목
2022-03-31,3호선,양재(서초구청),35773,38816,74589,-3043,3,31,목
2022-03-31,3호선,매봉,11424,10943,22367,481,3,31,목
2022-03-31,3호선,도곡,4985,5052,10037,-67,3,31,목
2022-03-31,3호선,대치,10038,10137,20175,-99,3,31,목
2022-03-31,3호선,학여울,1810,1835,3645,-25,3,31,목
2022-03-31,3호선,대청,9587,8741,18328,846,3,31,목
2022-03-31,3호선,일원,9625,9418,19043,207,3,31,목
2022-03-31,3호선,수서,15400,15797,31197,-397,3,31,목
2022-03-31,3호선,가락시장,8404,8302,16706,102,3,31,목
2022-03-31,3호선,경찰병원,6735,6766,13501,-31,3,31,목
2022-03-31,3호선,오금,5971,5459,11430,512,3,31,목
2022-03-31,4호선,당고개,8583,7873,16456,710,3,31,목
2022-03-31,4호선,상계,18288,17041,35329,1247,3,31,목
2022-03-31,4호선,노원,17661,19646,37307,-1985,3,31,목
2022-03-31,4호선,창동,24060,25740,49800,-1680,3,31,목
2022-03-31,4호선,쌍문,27570,25247,52817,2323,3,31,목
2022-03-31,4호선,수유(강북구청),31893,31953,63846,-60,3,31,목
2022-03-31,4호선,미아(서울사이버대학),14678,14446,29124,232,3,31,목
2022-03-31,4호선,미아사거리,25991,25171,51162,820,3,31,목
2022-03-31,4호선,길음,20160,20025,40185,135,3,31,목
2022-03-31,4호선,성신여대입구(돈암),19760,18694,38454,1066,3,31,목
2022-03-31,4호선,한성대입구(삼선교),13665,13087,26752,578,3,31,목
2022-03-31,4호선,혜화,30654,30540,61194,114,3,31,목
2022-03-31,4호선,동대문,18544,19099,37643,-555,3,31,목
2022-03-31,4호선,동대문역사문화공원(DDP),13650,12708,26358,942,3,31,목
2022-03-31,4호선,충무로,27487,27992,55479,-505,3,31,목
2022-03-31,4호선,명동,17521,18148,35669,-627,3,31,목
2022-03-31,4호선,회현(남대문시장),22397,23806,46203,-1409,3,31,목
2022-03-31,4호선,서울역,10108,14262,24370,-4154,3,31,목
2022-03-31,4호선,숙대입구(갈월),13461,12967,26428,494,3,31,목
2022-03-31,4호선,삼각지,4698,5135,9833,-437,3,31,목
2022-03-31,4호선,신용산,14837,15477,30314,-640,3,31,목
2022-03-31,4호선,이촌(국립중앙박물관),6520,7301,13821,-781,3,31,목
2022-03-31,4호선,동작(현충원),1470,1689,3159,-219,3,31,목
2022-03-31,4호선,총신대입구(이수),17880,19350,37230,-1470,3,31,목
2022-03-31,4호선,사당,22930,19156,42086,3774,3,31,목
2022-03-31,4호선,남태령,1082,958,2040,124,3,31,목
2022-03-31,5호선,방화,6261,6013,12274,248,3,31,목
2022-03-31,5호선,개화산,5311,5133,10444,178,3,31,목
2022-03-31,5호선,김포공항,6102,6315,12417,-213,3,31,목
2022-03-31,5호선,송정,6100,5694,11794,406,3,31,목
2022-03-31,5호선,마곡,10159,10288,20447,-129,3,31,목
2022-03-31,5호선,발산,19310,19550,38860,-240,3,31,목
2022-03-31,5호선,우장산,13913,13593,27506,320,3,31,목
2022-03-31,5호선,화곡,26830,25055,51885,1775,3,31,목
2022-03-31,5호선,까치산,27355,26039,53394,1316,3,31,목
2022-03-31,5호선,신정(은행정),13221,10783,24004,2438,3,31,목
2022-03-31,5호선,목동,15722,16925,32647,-1203,3,31,목
2022-03-31,5호선,오목교(목동운동장앞),19663,21140,40803,-1477,3,31,목
2022-03-31,5호선,양평,7159,7070,14229,89,3,31,목
2022-03-31,5호선,영등포구청,3776,3884,7660,-108,3,31,목
2022-03-31,5호선,영등포시장,9329,9693,19022,-364,3,31,목
2022-03-31,5호선,신길,3990,4240,8230,-250,3,31,목
2022-03-31,5호선,여의도,26445,28010,54455,-1565,3,31,목
2022-03-31,5호선,여의나루,10349,11592,21941,-1243,3,31,목
2022-03-31,5호선,마포,13728,13926,27654,-198,3,31,목
2022-03-31,5호선,공덕,13131,14032,27163,-901,3,31,목
2022-03-31,5호선,애오개,6466,6528,12994,-62,3,31,목
2022-03-31,5호선,충정로(경기대입구),4525,4630,9155,-105,3,31,목
2022-03-31,5호선,서대문,18470,18676,37146,-206,3,31,목
2022-03-31,5호선,광화문(세종문화회관),26430,27889,54319,-1459,3,31,목
2022-03-31,5호선,종로3가,10993,10946,21939,47,3,31,목
2022-03-31,5호선,을지로4가,5974,5964,11938,10,3,31,목
2022-03-31,5호선,동대문역사문화공원(DDP),2627,3117,5744,-490,3,31,목
2022-03-31,5호선,청구,3864,3462,7326,402,3,31,목
2022-03-31,5호선,신금호,6278,6475,12753,-197,3,31,목
2022-03-31,5호선,행당,7533,6752,14285,781,3,31,목
2022-03-31,5호선,왕십리(성동구청),4293,4899,9192,-606,3,31,목
2022-03-31,5호선,마장,5290,5091,10381,199,3,31,목
2022-03-31,5호선,답십리,15044,13845,28889,1199,3,31,목
2022-03-31,5호선,장한평,17514,17376,34890,138,3,31,목
2022-03-31,5호선,군자(능동),10703,11612,22315,-909,3,31,목
2022-03-31,5호선,아차산(어린이대공원후문),14585,13949,28534,636,3,31,목
2022-03-31,5호선,광나루(장신대),12555,11371,23926,1184,3,31,목
2022-03-31,5호선,천호(풍납토성),16343,16453,32796,-110,3,31,목
2022-03-31,5호선,강동,17393,16846,34239,547,3,31,목
2022-03-31,5호선,길동,7571,7806,15377,-235,3,31,목
2022-03-31,5호선,굽은다리(강동구민회관앞),8860,8462,17322,398,3,31,목
2022-03-31,5호선,명일,8053,8344,16397,-291,3,31,목
2022-03-31,5호선,고덕,8911,8943,17854,-32,3,31,목
2022-03-31,5호선,상일동,13937,13146,27083,791,3,31,목
2022-03-31,5호선,둔촌동,7983,7995,15978,-12,3,31,목
2022-03-31,5호선,올림픽공원(한국체대),4070,3520,7590,550,3,31,목
2022-03-31,5호선,방이,6699,7024,13723,-325,3,31,목
2022-03-31,5호선,오금,3685,3718,7403,-33,3,31,목
2022-03-31,5호선,개롱,6158,6399,12557,-241,3,31,목
2022-03-31,5호선,거여,9728,9344,19072,384,3,31,목
2022-03-31,5호선,마천,6925,6607,13532,318,3,31,목
2022-03-31,5호선,강일,3964,3652,7616,312,3,31,목
2022-03-31,5호선,미사,14969,15162,30131,-193,3,31,목
2022-03-31,5호선,하남풍산,4056,4079,8135,-23,3,31,목
2022-03-31,5호선,하남시청(덕풍·신장),6307,6056,12363,251,3,31,목
2022-03-31,5호선,하남검단산,4951,4822,9773,129,3,31,목
2022-03-31,6호선,응암,16660,16465,33125,195,3,31,목
2022-03-31,6호선,역촌,3513,4092,7605,-579,3,31,목
2022-03-31,6호선,불광,3881,3859,7740,22,3,31,목
2022-03-31,6호선,독바위,2625,2758,5383,-133,3,31,목
2022-03-31,6호선,연신내,1,0,1,1,3,31,목
2022-03-31,6호선,구산,7336,5466,12802,1870,3,31,목
2022-03-31,6호선,새절(신사),12268,11457,23725,811,3,31,목
2022-03-31,6호선,증산(명지대앞),9444,9562,19006,-118,3,31,목
2022-03-31,6호선,디지털미디어시티,12878,14228,27106,-1350,3,31,목
2022-03-31,6호선,월드컵경기장(성산),4361,4499,8860,-138,3,31,목
2022-03-31,6호선,마포구청,13289,12032,25321,1257,3,31,목
2022-03-31,6호선,망원,12861,13754,26615,-893,3,31,목
2022-03-31,6호선,합정,12082,11898,23980,184,3,31,목
2022-03-31,6호선,상수,8256,9075,17331,-819,3,31,목
2022-03-31,6호선,광흥창(서강),8405,8190,16595,215,3,31,목
2022-03-31,6호선,대흥(서강대앞),8054,8418,16472,-364,3,31,목
2022-03-31,6호선,공덕,16994,16453,33447,541,3,31,목
2022-03-31,6호선,효창공원앞,6766,6395,13161,371,3,31,목
2022-03-31,6호선,삼각지,5978,5270,11248,708,3,31,목
2022-03-31,6호선,녹사평(용산구청),4285,4360,8645,-75,3,31,목
2022-03-31,6호선,이태원,9138,9300,18438,-162,3,31,목
2022-03-31,6호선,한강진,6834,8121,14955,-1287,3,31,목
2022-03-31,6호선,버티고개,1962,1980,3942,-18,3,31,목
2022-03-31,6호선,약수,3440,3347,6787,93,3,31,목
2022-03-31,6호선,청구,3502,3834,7336,-332,3,31,목
2022-03-31,6호선,신당,7472,8085,15557,-613,3,31,목
2022-03-31,6호선,동묘앞,7238,7533,14771,-295,3,31,목
2022-03-31,6호선,창신,3498,2981,6479,517,3,31,목
2022-03-31,6호선,보문,7024,6389,13413,635,3,31,목
2022-03-31,6호선,안암(고대병원앞),13711,13596,27307,115,3,31,목
2022-03-31,6호선,고려대(종암),8408,8231,16639,177,3,31,목
2022-03-31,6호선,월곡(동덕여대),11668,11476,23144,192,3,31,목
2022-03-31,6호선,상월곡(한국과학기술연구원),6189,5672,11861,517,3,31,목
2022-03-31,6호선,돌곶이,9027,8302,17329,725,3,31,목
2022-03-31,6호선,석계,11769,12241,24010,-472,3,31,목
2022-03-31,6호선,태릉입구,5307,5912,11219,-605,3,31,목
2022-03-31,6호선,화랑대(서울여대입구),11694,9114,20808,2580,3,31,목
2022-03-31,6호선,봉화산(서울의료원),8359,7883,16242,476,3,31,목
2022-03-31,6호선,신내,1,0,1,1,3,31,목
2022-03-31,7호선,장암,2150,788,2938,1362,3,31,목
2022-03-31,7호선,도봉산,8975,10245,19220,-1270,3,31,목
2022-03-31,7호선,수락산,11703,11594,23297,109,3,31,목
2022-03-31,7호선,마들,12305,11654,23959,651,3,31,목
2022-03-31,7호선,노원,17962,18618,36580,-656,3,31,목
2022-03-31,7호선,중계,13924,12840,26764,1084,3,31,목
2022-03-31,7호선,하계,16919,15901,32820,1018,3,31,목
2022-03-31,7호선,공릉(서울과학기술대),12253,11997,24250,256,3,31,목
2022-03-31,7호선,태릉입구,8337,8044,16381,293,3,31,목
2022-03-31,7호선,먹골,9495,9239,18734,256,3,31,목
2022-03-31,7호선,중화,10324,10144,20468,180,3,31,목
2022-03-31,7호선,상봉(시외버스터미널),15737,14681,30418,1056,3,31,목
2022-03-31,7호선,면목,15422,15000,30422,422,3,31,목
2022-03-31,7호선,사가정,15276,15377,30653,-101,3,31,목
2022-03-31,7호선,용마산(용마폭포공원),5705,5531,11236,174,3,31,목
2022-03-31,7호선,중곡,10447,9840,20287,607,3,31,목
2022-03-31,7호선,군자(능동),14092,11302,25394,2790,3,31,목
2022-03-31,7호선,어린이대공원(세종대),13956,14368,28324,-412,3,31,목
2022-03-31,7호선,건대입구,12168,12562,24730,-394,3,31,목
2022-03-31,7호선,뚝섬유원지,8357,8225,16582,132,3,31,목
2022-03-31,7호선,청담,18259,20670,38929,-2411,3,31,목
2022-03-31,7호선,강남구청,15164,16893,32057,-1729,3,31,목
2022-03-31,7호선,학동,22791,24466,47257,-1675,3,31,목
2022-03-31,7호선,논현,18932,20442,39374,-1510,3,31,목
2022-03-31,7호선,반포,5504,5350,10854,154,3,31,목
2022-03-31,7호선,고속터미널,13507,11582,25089,1925,3,31,목
2022-03-31,7호선,내방,13673,14070,27743,-397,3,31,목
2022-03-31,7호선,이수,14652,14287,28939,365,3,31,목
2022-03-31,7호선,남성,10462,9610,20072,852,3,31,목
2022-03-31,7호선,숭실대입구(살피재),13955,14230,28185,-275,3,31,목
2022-03-31,7호선,상도,10732,10432,21164,300,3,31,목
2022-03-31,7호선,장승배기,8487,8201,16688,286,3,31,목
2022-03-31,7호선,신대방삼거리,16128,15299,31427,829,3,31,목
2022-03-31,7호선,보라매,9441,9443,18884,-2,3,31,목
2022-03-31,7호선,신풍,10985,10590,21575,395,3,31,목
2022-03-31,7호선,대림(구로구청),7057,6996,14053,61,3,31,목
2022-03-31,7호선,남구로,14867,15804,30671,-937,3,31,목
2022-03-31,7호선,가산디지털단지,42750,43531,86281,-781,3,31,목
2022-03-31,7호선,철산,19666,20006,39672,-340,3,31,목
2022-03-31,7호선,광명사거리,20769,20473,41242,296,3,31,목
2022-03-31,7호선,천왕,10733,10320,21053,413,3,31,목
2022-03-31,7호선,온수(성공회대입구),10391,9839,20230,552,3,31,목
2022-03-31,7호선,굴포천,1,0,1,1,3,31,목
2022-03-31,8호선,암사,17767,15704,33471,2063,3,31,목
2022-03-31,8호선,천호(풍납토성),13826,15730,29556,-1904,3,31,목
2022-03-31,8호선,강동구청,9876,10240,20116,-364,3,31,목
2022-03-31,8호선,몽촌토성(평화의문),5652,5786,11438,-134,3,31,목
2022-03-31,8호선,잠실(송파구청),12476,14353,26829,-1877,3,31,목
2022-03-31,8호선,석촌,7258,8308,15566,-1050,3,31,목
2022-03-31,8호선,송파,7403,7500,14903,-97,3,31,목
2022-03-31,8호선,가락시장,7427,8178,15605,-751,3,31,목
2022-03-31,8호선,문정,20827,21977,42804,-1150,3,31,목
2022-03-31,8호선,장지,16082,15627,31709,455,3,31,목
2022-03-31,8호선,복정,9512,8047,17559,1465,3,31,목
2022-03-31,8호선,산성,5261,5187,10448,74,3,31,목
2022-03-31,8호선,남한산성입구(성남법원.검찰청),14662,13691,28353,971,3,31,목
2022-03-31,8호선,단대오거리,10716,10193,20909,523,3,31,목
2022-03-31,8호선,신흥,3908,4227,8135,-319,3,31,목
2022-03-31,8호선,수진,5011,4682,9693,329,3,31,목
2022-03-31,8호선,모란,4198,3393,7591,805,3,31,목
2022-03-31,8호선,남위례,4551,4720,9271,-169,3,31,목
2022-03-31,9호선,개화,2318,1676,3994,642,3,31,목
2022-03-31,9호선,김포공항,6146,9902,16048,-3756,3,31,목
2022-03-31,9호선,공항시장,2861,3084,5945,-223,3,31,목
2022-03-31,9호선,신방화,6483,6292,12775,191,3,31,목
2022-03-31,9호선,마곡나루(서울식물원),11683,11528,23211,155,3,31,목
2022-03-31,9호선,양천향교,9482,9682,19164,-200,3,31,목
2022-03-31,9호선,가양,19218,18583,37801,635,3,31,목
2022-03-31,9호선,증미,6867,6630,13497,237,3,31,목
2022-03-31,9호선,등촌,10651,10086,20737,565,3,31,목
2022-03-31,9호선,염창,16283,15995,32278,288,3,31,목
2022-03-31,9호선,신목동,3833,3391,7224,442,3,31,목
2022-03-31,9호선,선유도,8197,7822,16019,375,3,31,목
2022-03-31,9호선,당산,17376,17015,34391,361,3,31,목
2022-03-31,9호선,국회의사당,14326,14908,29234,-582,3,31,목
2022-03-31,9호선,여의도,25284,24696,49980,588,3,31,목
2022-03-31,경원선,광운대,8725,8460,17185,265,3,31,목
2022-03-31,경원선,월계,7502,7007,14509,495,3,31,목
2022-03-31,경원선,녹천,4588,3904,8492,684,3,31,목
2022-03-31,경원선,방학,9148,9041,18189,107,3,31,목
2022-03-31,경원선,도봉,5627,5355,10982,272,3,31,목
2022-03-31,경원선,도봉산,7240,4904,12144,2336,3,31,목
