날짜,노선,역,승차승객,하차승객,총 승객,승차-하차,월,일,요일
2022-04-01,수인선,사리,4826,4343,9169,483,4,1,금
2022-04-01,5호선,방이,6817,6943,13760,-126,4,1,금
2022-04-01,5호선,올림픽공원(한국체대),4328,3712,8040,616,4,1,금
2022-04-01,5호선,둔촌동,8404,8305,16709,99,4,1,금
2022-04-01,5호선,상일동,14176,13268,27444,908,4,1,금
2022-04-01,5호선,고덕,9235,9076,18311,159,4,1,금
2022-04-01,5호선,명일,8442,8730,17172,-288,4,1,금
2022-04-01,5호선,굽은다리(강동구민회관앞),9218,8644,17862,574,4,1,금
2022-04-01,5호선,길동,7866,8262,16128,-396,4,1,금
2022-04-01,5호선,강동,18055,17105,35160,950,4,1,금
2022-04-01,5호선,천호(풍납토성),17985,17884,35869,101,4,1,금
2022-04-01,5호선,광나루(장신대),13080,11648,24728,1432,4,1,금
2022-04-01,5호선,아차산(어린이대공원후문),15153,14691,29844,462,4,1,금
2022-04-01,5호선,군자(능동),10928,12144,23072,-1216,4,1,금
2022-04-01,5호선,장한평,17930,17778,35708,152,4,1,금
2022-04-01,5호선,답십리,15538,13920,29458,1618,4,1,금
2022-04-01,5호선,개롱,6249,6472,12721,-223,4,1,금
2022-04-01,5호선,거여,9823,9306,19129,517,4,1,금
2022-04-01,5호선,마천,7018,6618,13636,400,4,1,금
2022-04-01,5호선,강일,4072,3728,7800,344,4,1,금
2022-04-01,5호선,미사,15686,15703,31389,-17,4,1,금
2022-04-01,5호선,하남풍산,4248,4234,8482,14,4,1,금
2022-04-01,5호선,하남시청(덕풍·신장),6541,6505,13046,36,4,1,금
2022-04-01,5호선,하남검단산,5412,5199,10611,213,4,1,금
2022-04-01,6호선,응암,17127,16978,34105,149,4,1,금
2022-04-01,1호선,시청,20773,21177,41950,-404,4,1,금
2022-04-01,1호선,종각,31866,30795,62661,1071,4,1,금
2022-04-01,1호선,종로3가,24279,22331,46610,1948,4,1,금
2022-04-01,1호선,종로5가,22217,22157,44374,60,4,1,금
2022-04-01,1호선,동대문,10776,9652,20428,1124,4,1,금
2022-04-01,1호선,신설동,13637,13185,26822,452,4,1,금
2022-04-01,1호선,제기동,17133,17426,34559,-293,4,1,금
2022-04-01,1호선,청량리(서울시립대입구),19844,19618,39462,226,4,1,금
2022-04-01,1호선,동묘앞,8297,8644,16941,-347,4,1,금
2022-04-01,2호선,시청,21848,21331,43179,517,4,1,금
2022-04-01,2호선,을지로입구,36620,37857,74477,-1237,4,1,금
2022-04-01,2호선,을지로3가,21663,22050,43713,-387,4,1,금
2022-04-01,2호선,을지로4가,12527,12724,25251,-197,4,1,금
2022-04-01,2호선,동대문역사문화공원(DDP),12146,13895,26041,-1749,4,1,금
2022-04-01,2호선,신당,13793,14238,28031,-445,4,1,금
2022-04-01,2호선,상왕십리,13993,13510,27503,483,4,1,금
2022-04-01,2호선,왕십리(성동구청),17569,14423,31992,3146,4,1,금
2022-04-01,2호선,한양대,12721,13848,26569,-1127,4,1,금
2022-04-01,2호선,뚝섬,22608,23885,46493,-1277,4,1,금
2022-04-01,2호선,성수,36504,39659,76163,-3155,4,1,금
2022-04-01,2호선,건대입구,38640,40837,79477,-2197,4,1,금
2022-04-01,2호선,구의(광진구청),23373,22662,46035,711,4,1,금
2022-04-01,2호선,강변(동서울터미널),30381,28921,59302,1460,4,1,금
2022-04-01,2호선,잠실나루,13537,11695,25232,1842,4,1,금
2022-04-01,2호선,잠실(송파구청),69024,69044,138068,-20,4,1,금
2022-04-01,2호선,잠실새내,20846,21324,42170,-478,4,1,금
2022-04-01,2호선,종합운동장,6711,7250,13961,-539,4,1,금
2022-04-01,2호선,삼성(무역센터),47389,47950,95339,-561,4,1,금
2022-04-01,2호선,선릉,51279,45602,96881,5677,4,1,금
2022-04-01,2호선,역삼,45862,51594,97456,-5732,4,1,금
2022-04-01,2호선,강남,81663,80892,162555,771,4,1,금
2022-04-01,2호선,교대(법원.검찰청),32275,36305,68580,-4030,4,1,금
2022-04-01,2호선,서초,20665,19629,40294,1036,4,1,금
2022-04-01,2호선,방배,18134,18842,36976,-708,4,1,금
2022-04-01,2호선,사당,36112,40286,76398,-4174,4,1,금
2022-04-01,2호선,낙성대(강감찬),27203,25344,52547,1859,4,1,금
2022-04-01,2호선,서울대입구(관악구청),48258,47114,95372,1144,4,1,금
2022-04-01,2호선,봉천,23137,21123,44260,2014,4,1,금
2022-04-01,2호선,신림,62771,60285,123056,2486,4,1,금
2022-04-01,2호선,신대방,25956,25143,51099,813,4,1,금
2022-04-01,2호선,구로디지털단지,56725,56240,112965,485,4,1,금
2022-04-01,2호선,대림(구로구청),22732,23398,46130,-666,4,1,금
2022-04-01,2호선,신도림,45947,47027,92974,-1080,4,1,금
2022-04-01,2호선,문래,21332,22048,43380,-716,4,1,금
2022-04-01,2호선,영등포구청,21752,22567,44319,-815,4,1,금
2022-04-01,2호선,당산,18724,21709,40433,-2985,4,1,금
2022-04-01,2호선,합정,31551,33815,65366,-2264,4,1,금
2022-04-01,2호선,홍대입구,56121,60931,117052,-4810,4,1,금
2022-04-01,2호선,신촌,35779,35591,71370,188,4,1,금
2022-04-01,2호선,이대,13995,14492,28487,-497,4,1,금
2022-04-01,2호선,아현,10424,9717,20141,707,4,1,금
2022-04-01,2호선,충정로(경기대입구),9414,10032,19446,-618,4,1,금
2022-04-01,2호선,용답,3023,3177,6200,-154,4,1,금
2022-04-01,2호선,신답,1595,1781,3376,-186,4,1,금
2022-04-01,2호선,신설동,3555,3038,6593,517,4,1,금
2022-04-01,2호선,도림천,1343,1420,2763,-77,4,1,금
2022-04-01,2호선,양천구청,6497,6770,13267,-273,4,1,금
2022-04-01,2호선,신정네거리,9867,10363,20230,-496,4,1,금
2022-04-01,2호선,용두(동대문구청),2281,2410,4691,-129,4,1,금
2022-04-01,3호선,지축,4780,4420,9200,360,4,1,금
2022-04-01,3호선,구파발,19702,19262,38964,440,4,1,금
2022-04-01,3호선,연신내,35789,34222,70011,1567,4,1,금
2022-04-01,3호선,불광,15588,16636,32224,-1048,4,1,금
2022-04-01,3호선,녹번,15091,13417,28508,1674,4,1,금
2022-04-01,3호선,홍제,17104,16234,33338,870,4,1,금
2022-04-01,3호선,무악재,3724,3706,7430,18,4,1,금
2022-04-01,3호선,독립문,6835,7233,14068,-398,4,1,금
2022-04-01,3호선,경복궁(정부서울청사),21753,21531,43284,222,4,1,금
2022-04-01,3호선,안국,20895,21751,42646,-856,4,1,금
2022-04-01,3호선,종로3가,9980,11774,21754,-1794,4,1,금
2022-04-01,3호선,을지로3가,10123,10645,20768,-522,4,1,금
2022-04-01,3호선,동대입구,8586,9502,18088,-916,4,1,금
2022-04-01,3호선,약수,12826,12476,25302,350,4,1,금
2022-04-01,3호선,금호,7781,7169,14950,612,4,1,금
2022-04-01,3호선,압구정,30687,32977,63664,-2290,4,1,금
2022-04-01,3호선,신사,31088,32585,63673,-1497,4,1,금
2022-04-01,3호선,잠원,4769,4664,9433,105,4,1,금
2022-04-01,3호선,고속터미널,42055,43793,85848,-1738,4,1,금
2022-04-01,3호선,교대(법원.검찰청),13976,9108,23084,4868,4,1,금
2022-04-01,3호선,남부터미널(예술의전당),28716,28916,57632,-200,4,1,금
2022-04-01,3호선,양재(서초구청),37358,39966,77324,-2608,4,1,금
2022-04-01,3호선,매봉,11596,11102,22698,494,4,1,금
2022-04-01,3호선,도곡,5004,5232,10236,-228,4,1,금
2022-04-01,3호선,대치,10670,10752,21422,-82,4,1,금
2022-04-01,3호선,학여울,1653,1713,3366,-60,4,1,금
2022-04-01,3호선,대청,9753,8995,18748,758,4,1,금
2022-04-01,3호선,일원,9912,9330,19242,582,4,1,금
2022-04-01,3호선,수서,17340,17878,35218,-538,4,1,금
2022-04-01,3호선,가락시장,8716,8708,17424,8,4,1,금
2022-04-01,3호선,경찰병원,6993,6858,13851,135,4,1,금
2022-04-01,3호선,오금,6062,5504,11566,558,4,1,금
2022-04-01,4호선,당고개,9010,8265,17275,745,4,1,금
2022-04-01,4호선,상계,18867,17499,36366,1368,4,1,금
2022-04-01,4호선,노원,19016,21631,40647,-2615,4,1,금
2022-04-01,4호선,창동,25142,26993,52135,-1851,4,1,금
2022-04-01,4호선,쌍문,28548,26150,54698,2398,4,1,금
2022-04-01,4호선,수유(강북구청),33798,33789,67587,9,4,1,금
2022-04-01,4호선,미아(서울사이버대학),15070,14566,29636,504,4,1,금
2022-04-01,4호선,미아사거리,26890,26236,53126,654,4,1,금
2022-04-01,4호선,길음,20403,20026,40429,377,4,1,금
2022-04-01,4호선,성신여대입구(돈암),21283,20155,41438,1128,4,1,금
2022-04-01,4호선,한성대입구(삼선교),14163,13696,27859,467,4,1,금
2022-04-01,4호선,혜화,32391,31757,64148,634,4,1,금
2022-04-01,4호선,동대문,18885,19148,38033,-263,4,1,금
2022-04-01,4호선,동대문역사문화공원(DDP),14504,13304,27808,1200,4,1,금
2022-04-01,4호선,충무로,26912,27790,54702,-878,4,1,금
2022-04-01,4호선,명동,18753,19848,38601,-1095,4,1,금
2022-04-01,4호선,회현(남대문시장),23134,24640,47774,-1506,4,1,금
2022-04-01,4호선,서울역,10455,17206,27661,-6751,4,1,금
2022-04-01,4호선,숙대입구(갈월),13318,12850,26168,468,4,1,금
2022-04-01,4호선,삼각지,4984,5614,10598,-630,4,1,금
2022-04-01,4호선,신용산,15447,16528,31975,-1081,4,1,금
2022-04-01,4호선,이촌(국립중앙박물관),7054,7844,14898,-790,4,1,금
2022-04-01,4호선,동작(현충원),1574,1805,3379,-231,4,1,금
2022-04-01,4호선,총신대입구(이수),18572,19970,38542,-1398,4,1,금
2022-04-01,4호선,사당,25061,21399,46460,3662,4,1,금
2022-04-01,4호선,남태령,1268,976,2244,292,4,1,금
2022-04-01,5호선,방화,6503,6153,12656,350,4,1,금
2022-04-01,5호선,개화산,5389,5251,10640,138,4,1,금
2022-04-01,5호선,김포공항,7128,7327,14455,-199,4,1,금
2022-04-01,5호선,송정,6403,6065,12468,338,4,1,금
2022-04-01,5호선,마곡,10244,10049,20293,195,4,1,금
2022-04-01,5호선,발산,19305,20085,39390,-780,4,1,금
2022-04-01,5호선,우장산,14164,13696,27860,468,4,1,금
2022-04-01,5호선,화곡,27773,25611,53384,2162,4,1,금
2022-04-01,5호선,까치산,28147,26784,54931,1363,4,1,금
2022-04-01,5호선,신정(은행정),13504,10839,24343,2665,4,1,금
2022-04-01,5호선,목동,16375,17307,33682,-932,4,1,금
2022-04-01,5호선,오목교(목동운동장앞),20635,22334,42969,-1699,4,1,금
2022-04-01,5호선,양평,7395,6943,14338,452,4,1,금
2022-04-01,5호선,영등포구청,3819,3901,7720,-82,4,1,금
2022-04-01,5호선,영등포시장,9993,10309,20302,-316,4,1,금
2022-04-01,5호선,신길,4106,4213,8319,-107,4,1,금
2022-04-01,5호선,여의도,27068,28600,55668,-1532,4,1,금
2022-04-01,5호선,여의나루,15724,17322,33046,-1598,4,1,금
2022-04-01,5호선,마포,13921,14384,28305,-463,4,1,금
2022-04-01,5호선,공덕,13268,14124,27392,-856,4,1,금
2022-04-01,5호선,애오개,6599,6691,13290,-92,4,1,금
2022-04-01,5호선,충정로(경기대입구),4421,4475,8896,-54,4,1,금
2022-04-01,5호선,서대문,17915,18063,35978,-148,4,1,금
2022-04-01,5호선,광화문(세종문화회관),27204,28300,55504,-1096,4,1,금
2022-04-01,5호선,종로3가,12788,12940,25728,-152,4,1,금
2022-04-01,5호선,을지로4가,5993,6125,12118,-132,4,1,금
2022-04-01,5호선,동대문역사문화공원(DDP),2621,3128,5749,-507,4,1,금
2022-04-01,5호선,청구,3994,3541,7535,453,4,1,금
2022-04-01,5호선,신금호,6166,6412,12578,-246,4,1,금
2022-04-01,5호선,행당,7821,6865,14686,956,4,1,금
2022-04-01,5호선,왕십리(성동구청),4494,5448,9942,-954,4,1,금
2022-04-01,5호선,마장,5535,5281,10816,254,4,1,금
2022-04-01,3호선,옥수,8999,9159,18158,-160,4,1,금
2022-04-01,6호선,역촌,3568,4277,7845,-709,4,1,금
2022-04-01,6호선,불광,4194,4057,8251,137,4,1,금
2022-04-01,6호선,독바위,2614,2606,5220,8,4,1,금
2022-04-01,6호선,연신내,1,0,1,1,4,1,금
2022-04-01,6호선,구산,7504,5402,12906,2102,4,1,금
2022-04-01,6호선,새절(신사),12419,11494,23913,925,4,1,금
2022-04-01,6호선,증산(명지대앞),9831,9700,19531,131,4,1,금
2022-04-01,6호선,디지털미디어시티,12810,14005,26815,-1195,4,1,금
2022-04-01,6호선,월드컵경기장(성산),4510,4641,9151,-131,4,1,금
2022-04-01,6호선,마포구청,13621,12244,25865,1377,4,1,금
2022-04-01,6호선,망원,13850,14919,28769,-1069,4,1,금
2022-04-01,6호선,합정,13615,13376,26991,239,4,1,금
2022-04-01,6호선,상수,9476,10826,20302,-1350,4,1,금
2022-04-01,6호선,광흥창(서강),8658,8415,17073,243,4,1,금
2022-04-01,6호선,대흥(서강대앞),8418,8637,17055,-219,4,1,금
2022-04-01,6호선,공덕,17441,16985,34426,456,4,1,금
2022-04-01,6호선,효창공원앞,6979,6430,13409,549,4,1,금
2022-04-01,6호선,삼각지,6343,5560,11903,783,4,1,금
2022-04-01,6호선,녹사평(용산구청),4944,4994,9938,-50,4,1,금
2022-04-01,6호선,이태원,12384,13248,25632,-864,4,1,금
2022-04-01,6호선,한강진,7621,9094,16715,-1473,4,1,금
2022-04-01,6호선,버티고개,2031,2007,4038,24,4,1,금
2022-04-01,6호선,약수,3585,3578,7163,7,4,1,금
2022-04-01,6호선,청구,3553,3845,7398,-292,4,1,금
2022-04-01,6호선,신당,8502,8536,17038,-34,4,1,금
2022-04-01,6호선,동묘앞,7636,7535,15171,101,4,1,금
2022-04-01,6호선,창신,3522,2878,6400,644,4,1,금
2022-04-01,6호선,보문,7392,6605,13997,787,4,1,금
2022-04-01,6호선,안암(고대병원앞),13225,12625,25850,600,4,1,금
2022-04-01,6호선,고려대(종암),8608,8375,16983,233,4,1,금
2022-04-01,6호선,월곡(동덕여대),11707,11303,23010,404,4,1,금
2022-04-01,6호선,상월곡(한국과학기술연구원),6132,5502,11634,630,4,1,금
2022-04-01,6호선,돌곶이,9294,8512,17806,782,4,1,금
2022-04-01,6호선,석계,12127,12487,24614,-360,4,1,금
2022-04-01,6호선,태릉입구,5563,6043,11606,-480,4,1,금
2022-04-01,6호선,화랑대(서울여대입구),11524,8863,20387,2661,4,1,금
2022-04-01,6호선,봉화산(서울의료원),8464,8043,16507,421,4,1,금
2022-04-01,7호선,장암,2153,932,3085,1221,4,1,금
2022-04-01,7호선,도봉산,9036,10671,19707,-1635,4,1,금
2022-04-01,7호선,수락산,12156,11944,24100,212,4,1,금
2022-04-01,7호선,마들,12430,11709,24139,721,4,1,금
2022-04-01,7호선,노원,19086,20226,39312,-1140,4,1,금
2022-04-01,7호선,중계,14245,12826,27071,1419,4,1,금
2022-04-01,7호선,하계,17105,15850,32955,1255,4,1,금
2022-04-01,7호선,공릉(서울과학기술대),12655,12239,24894,416,4,1,금
2022-04-01,7호선,태릉입구,8494,8219,16713,275,4,1,금
2022-04-01,7호선,먹골,9889,9555,19444,334,4,1,금
2022-04-01,7호선,중화,10596,10304,20900,292,4,1,금
2022-04-01,7호선,상봉(시외버스터미널),16289,15431,31720,858,4,1,금
2022-04-01,7호선,면목,15963,15245,31208,718,4,1,금
2022-04-01,7호선,사가정,15781,15779,31560,2,4,1,금
2022-04-01,7호선,용마산(용마폭포공원),5950,5619,11569,331,4,1,금
2022-04-01,7호선,중곡,10723,9872,20595,851,4,1,금
2022-04-01,7호선,군자(능동),14719,11722,26441,2997,4,1,금
2022-04-01,7호선,어린이대공원(세종대),14118,14354,28472,-236,4,1,금
2022-04-01,7호선,건대입구,12584,13775,26359,-1191,4,1,금
2022-04-01,7호선,뚝섬유원지,12123,11953,24076,170,4,1,금
2022-04-01,7호선,청담,18475,20724,39199,-2249,4,1,금
2022-04-01,7호선,강남구청,15317,17312,32629,-1995,4,1,금
2022-04-01,7호선,학동,22100,23650,45750,-1550,4,1,금
2022-04-01,7호선,논현,19506,21387,40893,-1881,4,1,금
2022-04-01,7호선,반포,5773,5563,11336,210,4,1,금
2022-04-01,7호선,고속터미널,16198,13299,29497,2899,4,1,금
2022-04-01,7호선,내방,13958,14209,28167,-251,4,1,금
2022-04-01,7호선,이수,15355,14774,30129,581,4,1,금
2022-04-01,7호선,남성,10896,9818,20714,1078,4,1,금
2022-04-01,7호선,숭실대입구(살피재),13992,13754,27746,238,4,1,금
2022-04-01,7호선,상도,10989,10413,21402,576,4,1,금
2022-04-01,7호선,장승배기,8748,8465,17213,283,4,1,금
2022-04-01,7호선,신대방삼거리,16356,15348,31704,1008,4,1,금
2022-04-01,7호선,보라매,9460,9281,18741,179,4,1,금
2022-04-01,7호선,신풍,11099,10618,21717,481,4,1,금
2022-04-01,7호선,대림(구로구청),7204,7473,14677,-269,4,1,금
2022-04-01,7호선,남구로,14939,15778,30717,-839,4,1,금
2022-04-01,7호선,가산디지털단지,42305,42277,84582,28,4,1,금
2022-04-01,7호선,철산,20262,20778,41040,-516,4,1,금
2022-04-01,7호선,광명사거리,21725,21499,43224,226,4,1,금
2022-04-01,7호선,천왕,11088,10447,21535,641,4,1,금
2022-04-01,7호선,온수(성공회대입구),10320,9854,20174,466,4,1,금
2022-04-01,8호선,암사,18128,15953,34081,2175,4,1,금
2022-04-01,8호선,천호(풍납토성),14462,17016,31478,-2554,4,1,금
2022-04-01,8호선,강동구청,10257,10332,20589,-75,4,1,금
2022-04-01,8호선,몽촌토성(평화의문),5977,6110,12087,-133,4,1,금
2022-04-01,8호선,잠실(송파구청),14090,16426,30516,-2336,4,1,금
2022-04-01,8호선,석촌,7711,9041,16752,-1330,4,1,금
2022-04-01,8호선,송파,7754,7598,15352,156,4,1,금
2022-04-01,8호선,가락시장,7516,8321,15837,-805,4,1,금
2022-04-01,8호선,문정,21016,22003,43019,-987,4,1,금
2022-04-01,8호선,장지,16979,16116,33095,863,4,1,금
2022-04-01,8호선,복정,9660,8074,17734,1586,4,1,금
2022-04-01,8호선,산성,5358,5260,10618,98,4,1,금
2022-04-01,8호선,남한산성입구(성남법원.검찰청),14833,13211,28044,1622,4,1,금
2022-04-01,8호선,단대오거리,11128,10282,21410,846,4,1,금
2022-04-01,8호선,신흥,4055,4378,8433,-323,4,1,금
2022-04-01,8호선,수진,5336,4788,10124,548,4,1,금
2022-04-01,8호선,모란,4490,3792,8282,698,4,1,금
2022-04-01,8호선,남위례,4658,4795,9453,-137,4,1,금
2022-04-01,9호선,개화,2409,1716,4125,693,4,1,금
2022-04-01,9호선,김포공항,7252,12324,19576,-5072,4,1,금
2022-04-01,9호선,공항시장,3016,3225,6241,-209,4,1,금
2022-04-01,9호선,신방화,6745,6479,13224,266,4,1,금
2022-04-01,9호선,마곡나루(서울식물원),11883,11772,23655,111,4,1,금
2022-04-01,9호선,양천향교,9786,9781,19567,5,4,1,금
2022-04-01,9호선,가양,20123,19063,39186,1060,4,1,금
2022-04-01,9호선,증미,7007,6777,13784,230,4,1,금
2022-04-01,9호선,등촌,10895,10320,21215,575,4,1,금
2022-04-01,9호선,염창,16856,16074,32930,782,4,1,금
2022-04-01,9호선,신목동,3942,3373,7315,569,4,1,금
2022-04-01,9호선,선유도,8291,7873,16164,418,4,1,금
2022-04-01,9호선,당산,18142,17838,35980,304,4,1,금
2022-04-01,9호선,국회의사당,14600,14813,29413,-213,4,1,금
2022-04-01,9호선,여의도,26482,25126,51608,1356,4,1,금
2022-04-01,9호선,샛강,5630,5852,11482,-222,4,1,금
2022-04-01,9호선,노량진,26055,24712,50767,1343,4,1,금
2022-04-01,9호선,노들,4437,3632,8069,805,4,1,금
2022-04-01,9호선,흑석(중앙대입구),9319,9087,18406,232,4,1,금
2022-04-01,9호선,동작(현충원),2072,1712,3784,360,4,1,금
2022-04-01,9호선,구반포,1244,1297,2541,-53,4,1,금
2022-04-01,9호선,신반포,3383,3285,6668,98,4,1,금
2022-04-01,9호선,고속터미널,12707,16803,29510,-4096,4,1,금
2022-04-01,9호선,사평,3435,3342,6777,93,4,1,금
2022-04-01,9호선,신논현,31736,31458,63194,278,4,1,금
2022-04-01,9호선2~3단계,언주,9900,9910,19810,-10,4,1,금
2022-04-01,9호선2~3단계,선정릉,9073,10050,19123,-977,4,1,금
2022-04-01,9호선2~3단계,삼성중앙,6352,6672,13024,-320,4,1,금
2022-04-01,9호선2~3단계,봉은사,15961,16401,32362,-440,4,1,금
2022-04-01,9호선2~3단계,종합운동장,3986,4170,8156,-184,4,1,금
2022-04-01,9호선2~3단계,삼전,6622,6485,13107,137,4,1,금
2022-04-01,9호선2~3단계,석촌고분,5807,5625,11432,182,4,1,금
2022-04-01,9호선2~3단계,석촌,8561,7683,16244,878,4,1,금
2022-04-01,9호선2~3단계,송파나루,5237,5501,10738,-264,4,1,금
2022-04-01,9호선2~3단계,한성백제,2501,2133,4634,368,4,1,금
2022-04-01,9호선2~3단계,올림픽공원(한국체대),5951,5827,11778,124,4,1,금
2022-04-01,9호선2~3단계,둔촌오륜,1250,1026,2276,224,4,1,금
2022-04-01,9호선2~3단계,중앙보훈병원,10024,8810,18834,1214,4,1,금
2022-04-01,경강선,판교,4354,4405,8759,-51,4,1,금
2022-04-01,경강선,이매,1105,925,2030,180,4,1,금
2022-04-01,경강선,삼동,2245,2057,4302,188,4,1,금
2022-04-01,경강선,경기광주,7614,7162,14776,452,4,1,금
2022-04-01,경강선,초월,3041,2862,5903,179,4,1,금
2022-04-01,경강선,곤지암,2217,2184,4401,33,4,1,금
2022-04-01,경강선,신둔도예촌,1689,1445,3134,244,4,1,금
2022-04-01,경강선,이천,2688,2893,5581,-205,4,1,금
2022-04-01,경강선,부발,2569,2012,4581,557,4,1,금
2022-04-01,경강선,세종대왕릉,338,363,701,-25,4,1,금
2022-04-01,경강선,여주,2179,2302,4481,-123,4,1,금
2022-04-01,경부선,서울역,6849,2493,9342,4356,4,1,금
2022-04-01,경부선,남영,9364,9732,19096,-368,4,1,금
2022-04-01,경부선,용산,33746,35565,69311,-1819,4,1,금
2022-04-01,경부선,노량진,8583,8371,16954,212,4,1,금
2022-04-01,경부선,대방,12697,12721,25418,-24,4,1,금
2022-04-01,경부선,영등포,38355,39677,78032,-1322,4,1,금
2022-04-01,경부선,신도림,4038,4019,8057,19,4,1,금
2022-04-01,경부선,신길,8841,7534,16375,1307,4,1,금
2022-04-01,경부선,구로,17700,18684,36384,-984,4,1,금
2022-04-01,경부선,가산디지털단지,17501,20000,37501,-2499,4,1,금
2022-04-01,경부선,금천구청,11476,11476,22952,0,4,1,금
2022-04-01,경부선,석수,9560,8466,18026,1094,4,1,금
2022-04-01,경부선,관악,7143,6733,13876,410,4,1,금
2022-04-01,경부선,안양,24700,24475,49175,225,4,1,금
2022-04-01,경부선,명학,9198,8974,18172,224,4,1,금
2022-04-01,경부선,금정,26295,26830,53125,-535,4,1,금
2022-04-01,경부선,군포,7689,7535,15224,154,4,1,금
2022-04-01,경부선,의왕,9323,9137,18460,186,4,1,금
2022-04-01,경부선,성균관대,15305,14802,30107,503,4,1,금
2022-04-01,경부선,화서,8011,7572,15583,439,4,1,금
2022-04-01,경부선,수원,36528,40171,76699,-3643,4,1,금
2022-04-01,경부선,독산,18103,18236,36339,-133,4,1,금
2022-04-01,경부선,세류,3055,2771,5826,284,4,1,금
2022-04-01,경부선,병점,15293,15421,30714,-128,4,1,금
2022-04-01,경부선,세마,2813,2626,5439,187,4,1,금
2022-04-01,경부선,오산대,3776,3540,7316,236,4,1,금
2022-04-01,경부선,오산,10155,9989,20144,166,4,1,금
2022-04-01,경부선,진위,1881,1577,3458,304,4,1,금
2022-04-01,경부선,송탄,4988,4471,9459,517,4,1,금
2022-04-01,경부선,서정리,7978,6505,14483,1473,4,1,금
2022-04-01,경부선,평택지제,3806,3623,7429,183,4,1,금
2022-04-01,경부선,평택,13991,13271,27262,720,4,1,금
2022-04-01,경부선,성환,4459,3760,8219,699,4,1,금
2022-04-01,경부선,직산,892,809,1701,83,4,1,금
2022-04-01,경부선,두정,7348,6484,13832,864,4,1,금
2022-04-01,경부선,천안,6792,6549,13341,243,4,1,금
2022-04-01,경부선,당정,6273,5819,12092,454,4,1,금
2022-04-01,경부선,서동탄,1354,1338,2692,16,4,1,금
2022-04-01,경부선,광명,3397,3132,6529,265,4,1,금
2022-04-01,경원선,이촌(국립중앙박물관),3553,2795,6348,758,4,1,금
2022-04-01,경원선,서빙고,2031,1897,3928,134,4,1,금
2022-04-01,경원선,한남,3874,3709,7583,165,4,1,금
2022-04-01,경원선,옥수,52,29,81,23,4,1,금
2022-04-01,경원선,응봉,2412,2468,4880,-56,4,1,금
2022-04-01,경원선,왕십리(성동구청),15171,16014,31185,-843,4,1,금
2022-04-01,경원선,청량리(서울시립대입구),16206,16523,32729,-317,4,1,금
2022-04-01,경원선,외대앞,8652,8339,16991,313,4,1,금
2022-04-01,경원선,신이문,8282,7613,15895,669,4,1,금
2022-04-01,경원선,석계,8107,9007,17114,-900,4,1,금
2022-04-01,경원선,광운대,8447,8138,16585,309,4,1,금
2022-04-01,경원선,월계,7660,7116,14776,544,4,1,금
2022-04-01,경원선,녹천,4665,3785,8450,880,4,1,금
2022-04-01,경원선,방학,9561,9383,18944,178,4,1,금
2022-04-01,경원선,도봉,5883,5567,11450,316,4,1,금
2022-04-01,경원선,도봉산,7928,5217,13145,2711,4,1,금
2022-04-01,경원선,망월사,8092,8127,16219,-35,4,1,금
2022-04-01,경원선,회룡,12261,12174,24435,87,4,1,금
2022-04-01,경원선,의정부,18483,19379,37862,-896,4,1,금
2022-04-01,경원선,가능,6787,6418,13205,369,4,1,금
2022-04-01,경원선,녹양,4791,4489,9280,302,4,1,금
2022-04-01,경원선,양주,7881,7447,15328,434,4,1,금
2022-04-01,경원선,덕계,3120,2906,6026,214,4,1,금
2022-04-01,경원선,덕정,6302,5813,12115,489,4,1,금
2022-04-01,경원선,지행,6765,6726,13491,39,4,1,금
2022-04-01,경원선,동두천중앙,3127,3085,6212,42,4,1,금
2022-04-01,경원선,보산,1786,1557,3343,229,4,1,금
2022-04-01,경원선,동두천,2551,2678,5229,-127,4,1,금
2022-04-01,경원선,소요산,2716,2415,5131,301,4,1,금
2022-04-01,경의선,서울역,4240,5480,9720,-1240,4,1,금
2022-04-01,경의선,신촌,812,1078,1890,-266,4,1,금
2022-04-01,경의선,효창공원앞,2969,3260,6229,-291,4,1,금
2022-04-01,경의선,공덕,3363,2958,6321,405,4,1,금
2022-04-01,경의선,서강대,2181,2164,4345,17,4,1,금
2022-04-01,경의선,홍대입구,1735,2142,3877,-407,4,1,금
2022-04-01,경의선,가좌,5207,5104,10311,103,4,1,금
2022-04-01,경의선,디지털미디어시티,2411,2285,4696,126,4,1,금
2022-04-01,경의선,수색,2688,2724,5412,-36,4,1,금
2022-04-01,경의선,화전,2919,2597,5516,322,4,1,금
2022-04-01,경의선,강매,3230,2755,5985,475,4,1,금
2022-04-01,경의선,행신,7985,8107,16092,-122,4,1,금
2022-04-01,경의선,능곡,3814,3612,7426,202,4,1,금
2022-04-01,경의선,곡산,592,649,1241,-57,4,1,금
2022-04-01,경의선,백마,6973,6922,13895,51,4,1,금
2022-04-01,경의선,풍산,5507,5126,10633,381,4,1,금
2022-04-01,경의선,일산,9314,9256,18570,58,4,1,금
2022-04-01,경의선,탄현,7608,7484,15092,124,4,1,금
2022-04-01,경의선,야당,7848,8037,15885,-189,4,1,금
2022-04-01,경의선,운정,6942,6582,13524,360,4,1,금
2022-04-01,경의선,금릉,4770,4649,9419,121,4,1,금
2022-04-01,경의선,금촌,6782,6932,13714,-150,4,1,금
2022-04-01,경의선,월롱,2810,2181,4991,629,4,1,금
2022-04-01,경의선,파주,1324,869,2193,455,4,1,금
2022-04-01,경의선,문산,5271,5098,10369,173,4,1,금
2022-04-01,경의선,임진강,18,11,29,7,4,1,금
2022-04-01,경인선,개봉,21016,20591,41607,425,4,1,금
2022-04-01,경인선,오류동,11726,10639,22365,1087,4,1,금
2022-04-01,경인선,역곡,28127,27578,55705,549,4,1,금
2022-04-01,경인선,부천,32354,32980,65334,-626,4,1,금
2022-04-01,경인선,송내,26416,26266,52682,150,4,1,금
2022-04-01,경인선,부평,29597,32537,62134,-2940,4,1,금
2022-04-01,경인선,백운,6886,6779,13665,107,4,1,금
2022-04-01,경인선,동암,14235,14700,28935,-465,4,1,금
2022-04-01,경인선,주안,19608,17494,37102,2114,4,1,금
2022-04-01,경인선,제물포,10826,10327,21153,499,4,1,금
2022-04-01,경인선,동인천,13915,13267,27182,648,4,1,금
2022-04-01,경인선,인천,3549,2775,6324,774,4,1,금
2022-04-01,경인선,구일,6608,6471,13079,137,4,1,금
2022-04-01,경인선,소사,8788,8389,17177,399,4,1,금
2022-04-01,경인선,부개,8311,7739,16050,572,4,1,금
2022-04-01,경인선,간석,5914,5646,11560,268,4,1,금
2022-04-01,경인선,도원,3140,3093,6233,47,4,1,금
2022-04-01,경인선,온수(성공회대입구),6902,6420,13322,482,4,1,금
2022-04-01,경인선,중동,9196,8759,17955,437,4,1,금
2022-04-01,경인선,도화,4208,3944,8152,264,4,1,금
2022-04-01,경춘선,신내,2142,2108,4250,34,4,1,금
2022-04-01,경춘선,갈매,3013,2618,5631,395,4,1,금
2022-04-01,경춘선,별내,3157,3117,6274,40,4,1,금
2022-04-01,경춘선,퇴계원,3393,3230,6623,163,4,1,금
2022-04-01,경춘선,사릉,2450,2401,4851,49,4,1,금
2022-04-01,경춘선,금곡,1549,1492,3041,57,4,1,금
2022-04-01,경춘선,평내호평,6121,6170,12291,-49,4,1,금
2022-04-01,경춘선,천마산,1670,1603,3273,67,4,1,금
2022-04-01,경춘선,마석,3912,3891,7803,21,4,1,금
2022-04-01,경춘선,대성리,504,641,1145,-137,4,1,금
2022-04-01,경춘선,청평,1560,1714,3274,-154,4,1,금
2022-04-01,경춘선,상천,284,255,539,29,4,1,금
2022-04-01,경춘선,가평,1457,1690,3147,-233,4,1,금
2022-04-01,경춘선,굴봉산,129,128,257,1,4,1,금
2022-04-01,경춘선,백양리,86,92,178,-6,4,1,금
2022-04-01,경춘선,강촌,328,393,721,-65,4,1,금
2022-04-01,경춘선,김유정,303,345,648,-42,4,1,금
2022-04-01,경춘선,남춘천,2949,2430,5379,519,4,1,금
2022-04-01,경춘선,춘천,1581,1248,2829,333,4,1,금
2022-04-01,공항철도 1호선,서울역,8782,8426,17208,356,4,1,금
2022-04-01,공항철도 1호선,공덕,2172,2961,5133,-789,4,1,금
2022-04-01,공항철도 1호선,홍대입구,10102,10273,20375,-171,4,1,금
2022-04-01,공항철도 1호선,디지털미디어시티,12846,11720,24566,1126,4,1,금
2022-04-01,공항철도 1호선,마곡나루(서울식물원),8021,7972,15993,49,4,1,금
2022-04-01,공항철도 1호선,김포공항,12509,6935,19444,5574,4,1,금
2022-04-01,공항철도 1호선,계양,10099,9588,19687,511,4,1,금
2022-04-01,공항철도 1호선,검암,6540,6516,13056,24,4,1,금
2022-04-01,공항철도 1호선,청라국제도시,6681,6444,13125,237,4,1,금
2022-04-01,공항철도 1호선,운서,6835,6751,13586,84,4,1,금
2022-04-01,공항철도 1호선,공항화물청사,2280,2406,4686,-126,4,1,금
2022-04-01,공항철도 1호선,인천공항1터미널,4613,4538,9151,75,4,1,금
2022-04-01,공항철도 1호선,인천공항2터미널,2596,2202,4798,394,4,1,금
2022-04-01,공항철도 1호선,영종,3055,3135,6190,-80,4,1,금
2022-04-01,과천선,선바위,8263,7176,15439,1087,4,1,금
2022-04-01,과천선,경마공원,5632,5716,11348,-84,4,1,금
2022-04-01,과천선,대공원,3405,3489,6894,-84,4,1,금
2022-04-01,과천선,과천,6280,5626,11906,654,4,1,금
2022-04-01,과천선,정부과천청사,10022,9905,19927,117,4,1,금
2022-04-01,과천선,인덕원,23845,24462,48307,-617,4,1,금
2022-04-01,과천선,평촌,17076,16682,33758,394,4,1,금
2022-04-01,과천선,범계,25902,26258,52160,-356,4,1,금
2022-04-01,분당선,선릉,12334,18434,30768,-6100,4,1,금
2022-04-01,분당선,한티,14092,14960,29052,-868,4,1,금
2022-04-01,분당선,도곡,6878,6617,13495,261,4,1,금
2022-04-01,분당선,구룡,2361,2263,4624,98,4,1,금
2022-04-01,분당선,개포동,3954,4045,7999,-91,4,1,금
2022-04-01,분당선,대모산입구,4443,4040,8483,403,4,1,금
2022-04-01,분당선,수서,13592,14840,28432,-1248,4,1,금
2022-04-01,분당선,복정,1,0,1,1,4,1,금
2022-04-01,분당선,수원,8758,7249,16007,1509,4,1,금
2022-04-01,분당선,서울숲,11742,12064,23806,-322,4,1,금
2022-04-01,분당선,압구정로데오,20054,22600,42654,-2546,4,1,금
2022-04-01,분당선,강남구청,9706,11080,20786,-1374,4,1,금
2022-04-01,분당선,선정릉,7555,7890,15445,-335,4,1,금
2022-04-01,분당선,가천대,9575,9898,19473,-323,4,1,금
2022-04-01,분당선,태평,13472,12898,26370,574,4,1,금
2022-04-01,분당선,모란,20233,20587,40820,-354,4,1,금
2022-04-01,분당선,야탑,25771,26677,52448,-906,4,1,금
2022-04-01,분당선,서현,24200,24806,49006,-606,4,1,금
2022-04-01,분당선,수내,12731,12801,25532,-70,4,1,금
2022-04-01,분당선,정자,16715,17848,34563,-1133,4,1,금
2022-04-01,분당선,미금,15312,16215,31527,-903,4,1,금
2022-04-01,분당선,오리,11264,9167,20431,2097,4,1,금
2022-04-01,분당선,이매,5677,5394,11071,283,4,1,금
2022-04-01,분당선,보정,2534,2205,4739,329,4,1,금
2022-04-01,분당선,죽전,14116,15184,29300,-1068,4,1,금
2022-04-01,분당선,구성,4822,5103,9925,-281,4,1,금
2022-04-01,분당선,신갈,4346,4304,8650,42,4,1,금
2022-04-01,분당선,기흥,9615,9235,18850,380,4,1,금
2022-04-01,분당선,상갈,5226,5134,10360,92,4,1,금
2022-04-01,분당선,청명,4508,4210,8718,298,4,1,금
2022-04-01,분당선,영통,8910,8857,17767,53,4,1,금
2022-04-01,분당선,망포,14733,13799,28532,934,4,1,금
2022-04-01,분당선,매탄권선,5264,5052,10316,212,4,1,금
2022-04-01,분당선,수원시청,13101,14488,27589,-1387,4,1,금
2022-04-01,분당선,매교,3132,3149,6281,-17,4,1,금
2022-04-01,수인선,고색,5311,4959,10270,352,4,1,금
2022-04-01,수인선,오목천,3437,3016,6453,421,4,1,금
2022-04-01,수인선,어천,842,775,1617,67,4,1,금
2022-04-01,수인선,원인재,4425,4709,9134,-284,4,1,금
2022-04-01,수인선,연수,4897,4903,9800,-6,4,1,금
2022-04-01,수인선,송도,2594,2467,5061,127,4,1,금
2022-04-01,수인선,인하대,7215,6589,13804,626,4,1,금
2022-04-01,수인선,숭의,3835,3641,7476,194,4,1,금
2022-04-01,수인선,신포,1871,1909,3780,-38,4,1,금
2022-04-01,수인선,인천,1053,1722,2775,-669,4,1,금
2022-04-01,안산선,산본,15587,17119,32706,-1532,4,1,금
2022-04-01,안산선,대야미,5135,4553,9688,582,4,1,금
2022-04-01,안산선,반월,4470,4197,8667,273,4,1,금
2022-04-01,안산선,상록수,16012,15953,31965,59,4,1,금
2022-04-01,안산선,한대앞,10531,10372,20903,159,4,1,금
2022-04-01,안산선,중앙,18709,19810,38519,-1101,4,1,금
2022-04-01,안산선,고잔,8853,8438,17291,415,4,1,금
2022-04-01,안산선,초지,4791,5138,9929,-347,4,1,금
2022-04-01,안산선,안산,11360,10621,21981,739,4,1,금
2022-04-01,안산선,신길온천,1761,1637,3398,124,4,1,금
2022-04-01,안산선,정왕,10692,10047,20739,645,4,1,금
2022-04-01,안산선,오이도,8278,8529,16807,-251,4,1,금
2022-04-01,안산선,수리산,4299,3422,7721,877,4,1,금
2022-04-01,우이신설선,북한산우이,3509,3243,6752,266,4,1,금
2022-04-01,우이신설선,솔밭공원,2424,2234,4658,190,4,1,금
2022-04-01,우이신설선,4.19민주묘지,3587,3352,6939,235,4,1,금
2022-04-01,우이신설선,가오리,4111,4045,8156,66,4,1,금
2022-04-01,우이신설선,화계,3400,3139,6539,261,4,1,금
2022-04-01,우이신설선,삼양,1997,2132,4129,-135,4,1,금
2022-04-01,우이신설선,삼양사거리,2434,2455,4889,-21,4,1,금
2022-04-01,우이신설선,솔샘,5627,5118,10745,509,4,1,금
2022-04-01,우이신설선,북한산보국문,6159,5746,11905,413,4,1,금
2022-04-01,우이신설선,정릉,4779,4248,9027,531,4,1,금
2022-04-01,우이신설선,성신여대입구(돈암),3375,3711,7086,-336,4,1,금
2022-04-01,우이신설선,보문,1499,1544,3043,-45,4,1,금
2022-04-01,우이신설선,신설동,2155,2137,4292,18,4,1,금
2022-04-01,일산선,원흥,10402,9721,20123,681,4,1,금
2022-04-01,일산선,삼송,19366,18600,37966,766,4,1,금
2022-04-01,일산선,원당,11148,10346,21494,802,4,1,금
2022-04-01,일산선,화정,16672,17207,33879,-535,4,1,금
2022-04-01,일산선,대곡,2134,1686,3820,448,4,1,금
2022-04-01,일산선,백석,9452,9395,18847,57,4,1,금
2022-04-01,일산선,마두,7295,7548,14843,-253,4,1,금
2022-04-01,일산선,정발산,7280,7657,14937,-377,4,1,금
2022-04-01,일산선,주엽,8690,8843,17533,-153,4,1,금
2022-04-01,일산선,대화,11921,9653,21574,2268,4,1,금
2022-04-01,장항선,봉명,1272,1182,2454,90,4,1,금
2022-04-01,장항선,쌍용(나사렛대),2687,2249,4936,438,4,1,금
2022-04-01,장항선,아산,4140,4157,8297,-17,4,1,금
2022-04-01,장항선,탕정,823,683,1506,140,4,1,금
2022-04-01,장항선,배방,1216,1163,2379,53,4,1,금
2022-04-01,장항선,온양온천,3597,3991,7588,-394,4,1,금
2022-04-01,장항선,신창(순천향대),3248,2050,5298,1198,4,1,금
2022-04-01,중앙선,회기,25777,24197,49974,1580,4,1,금
2022-04-01,중앙선,중랑,5538,5254,10792,284,4,1,금
2022-04-01,중앙선,상봉(시외버스터미널),5717,5775,11492,-58,4,1,금
2022-04-01,중앙선,망우,7581,7497,15078,84,4,1,금
2022-04-01,중앙선,양원,2924,2736,5660,188,4,1,금
2022-04-01,중앙선,구리,13076,13528,26604,-452,4,1,금
2022-04-01,중앙선,도농,10157,9406,19563,751,4,1,금
2022-04-01,중앙선,양정,758,664,1422,94,4,1,금
2022-04-01,중앙선,덕소,5443,5569,11012,-126,4,1,금
2022-04-01,중앙선,도심,2374,1942,4316,432,4,1,금
2022-04-01,중앙선,팔당,878,959,1837,-81,4,1,금
2022-04-01,중앙선,운길산,939,893,1832,46,4,1,금
2022-04-01,중앙선,양수,1986,2070,4056,-84,4,1,금
2022-04-01,중앙선,신원,237,223,460,14,4,1,금
2022-04-01,중앙선,국수,690,719,1409,-29,4,1,금
2022-04-01,중앙선,아신,532,553,1085,-21,4,1,금
2022-04-01,중앙선,오빈,327,335,662,-8,4,1,금
2022-04-01,중앙선,양평,2769,2875,5644,-106,4,1,금
2022-04-01,중앙선,원덕,421,440,861,-19,4,1,금
2022-04-01,중앙선,용문,1701,1836,3537,-135,4,1,금
2022-04-01,중앙선,지평,80,88,168,-8,4,1,금
2022-04-01,1호선,서울역,43089,43731,86820,-642,4,1,금
2022-04-01,수인선,야목,390,301,691,89,4,1,금
2022-04-01,5호선,오금,3683,3724,7407,-41,4,1,금
2022-04-01,수인선,남동인더스파크,2340,2625,4965,-285,4,1,금
2022-04-01,수인선,호구포,4047,4148,8195,-101,4,1,금
2022-04-01,수인선,인천논현,5573,6036,11609,-463,4,1,금
2022-04-01,수인선,소래포구,5591,5341,10932,250,4,1,금
2022-04-01,수인선,월곶,2739,2510,5249,229,4,1,금
2022-04-01,수인선,달월,122,77,199,45,4,1,금
2022-04-02,7호선,사가정,11752,11299,23051,453,4,2,토
2022-04-02,중앙선,용문,1944,2147,4091,-203,4,2,토
2022-04-02,중앙선,원덕,667,597,1264,70,4,2,토
2022-04-02,중앙선,양평,2566,2697,5263,-131,4,2,토
2022-04-02,중앙선,오빈,293,313,606,-20,4,2,토
2022-04-02,중앙선,아신,586,588,1174,-2,4,2,토
2022-04-02,중앙선,국수,781,717,1498,64,4,2,토
2022-04-02,중앙선,신원,366,322,688,44,4,2,토
2022-04-02,중앙선,양수,2298,2248,4546,50,4,2,토
2022-04-02,중앙선,운길산,1481,1416,2897,65,4,2,토
2022-04-02,중앙선,팔당,1421,1657,3078,-236,4,2,토
2022-04-02,중앙선,도심,1573,1262,2835,311,4,2,토
2022-04-02,중앙선,덕소,4305,4393,8698,-88,4,2,토
2022-04-02,중앙선,양정,576,472,1048,104,4,2,토
2022-04-02,중앙선,도농,6738,6463,13201,275,4,2,토
2022-04-02,중앙선,구리,9900,10115,20015,-215,4,2,토
2022-04-02,중앙선,양원,1877,1771,3648,106,4,2,토
2022-04-02,중앙선,망우,6754,6329,13083,425,4,2,토
2022-04-02,중앙선,상봉(시외버스터미널),4830,4694,9524,136,4,2,토
2022-04-02,중앙선,중랑,4279,4118,8397,161,4,2,토
2022-04-02,중앙선,회기,20428,19552,39980,876,4,2,토
2022-04-02,장항선,신창(순천향대),1302,1199,2501,103,4,2,토
2022-04-02,장항선,온양온천,3618,3599,7217,19,4,2,토
2022-04-02,장항선,배방,1050,998,2048,52,4,2,토
2022-04-02,장항선,탕정,658,562,1220,96,4,2,토
2022-04-02,장항선,아산,2972,2910,5882,62,4,2,토
2022-04-02,장항선,쌍용(나사렛대),1620,1468,3088,152,4,2,토
2022-04-02,장항선,봉명,683,601,1284,82,4,2,토
2022-04-02,일산선,대화,8643,7806,16449,837,4,2,토
2022-04-02,일산선,주엽,6272,6187,12459,85,4,2,토
2022-04-02,일산선,정발산,6466,6758,13224,-292,4,2,토
2022-04-02,일산선,마두,4776,4808,9584,-32,4,2,토
2022-04-02,일산선,백석,6926,6811,13737,115,4,2,토
2022-04-02,일산선,대곡,1421,1211,2632,210,4,2,토
2022-04-02,일산선,화정,12257,12521,24778,-264,4,2,토
2022-04-02,일산선,원당,7925,7695,15620,230,4,2,토
2022-04-02,일산선,삼송,13857,13352,27209,505,4,2,토
2022-04-02,일산선,원흥,7076,6723,13799,353,4,2,토
2022-04-02,우이신설선,신설동,1335,1407,2742,-72,4,2,토
2022-04-02,우이신설선,보문,1085,1081,2166,4,4,2,토
2022-04-02,우이신설선,성신여대입구(돈암),2649,3122,5771,-473,4,2,토
2022-04-02,우이신설선,정릉,3591,2836,6427,755,4,2,토
2022-04-02,우이신설선,북한산보국문,4808,4235,9043,573,4,2,토
2022-04-02,우이신설선,솔샘,3763,3301,7064,462,4,2,토
2022-04-02,우이신설선,삼양사거리,1922,1849,3771,73,4,2,토
2022-04-02,우이신설선,삼양,1504,1485,2989,19,4,2,토
2022-04-02,우이신설선,화계,2497,2153,4650,344,4,2,토
2022-04-02,수인선,숭의,2948,2633,5581,315,4,2,토
2022-04-02,수인선,인하대,4513,4151,8664,362,4,2,토
2022-04-02,수인선,송도,2171,2063,4234,108,4,2,토
2022-04-02,수인선,연수,4054,3968,8022,86,4,2,토
2022-04-02,수인선,원인재,3508,3638,7146,-130,4,2,토
2022-04-02,수인선,남동인더스파크,1015,977,1992,38,4,2,토
2022-04-02,수인선,호구포,2594,2427,5021,167,4,2,토
2022-04-02,수인선,인천논현,4061,4412,8473,-351,4,2,토
2022-04-02,수인선,소래포구,5942,5973,11915,-31,4,2,토
2022-04-02,수인선,월곶,2095,1967,4062,128,4,2,토
2022-04-02,수인선,달월,57,55,112,2,4,2,토
2022-04-02,수인선,사리,3464,2991,6455,473,4,2,토
2022-04-02,수인선,야목,270,253,523,17,4,2,토
2022-04-02,수인선,어천,680,577,1257,103,4,2,토
2022-04-02,수인선,오목천,2266,1893,4159,373,4,2,토
2022-04-02,수인선,고색,2952,3031,5983,-79,4,2,토
2022-04-02,분당선,매교,2098,2211,4309,-113,4,2,토
2022-04-02,분당선,수원시청,10430,11189,21619,-759,4,2,토
2022-04-02,분당선,매탄권선,3311,3213,6524,98,4,2,토
2022-04-02,분당선,망포,8744,8041,16785,703,4,2,토
2022-04-02,분당선,영통,6352,6184,12536,168,4,2,토
2022-04-02,분당선,청명,2500,2487,4987,13,4,2,토
2022-04-02,분당선,상갈,3552,3589,7141,-37,4,2,토
2022-04-02,분당선,기흥,6119,5898,12017,221,4,2,토
2022-04-02,분당선,신갈,2603,2623,5226,-20,4,2,토
2022-04-02,분당선,구성,3139,3308,6447,-169,4,2,토
2022-04-02,분당선,죽전,9819,10952,20771,-1133,4,2,토
2022-04-02,분당선,보정,1485,1419,2904,66,4,2,토
2022-04-02,분당선,이매,3936,3925,7861,11,4,2,토
2022-04-02,분당선,오리,7280,6113,13393,1167,4,2,토
2022-04-02,분당선,미금,10021,10342,20363,-321,4,2,토
2022-04-02,분당선,정자,10005,10138,20143,-133,4,2,토
2022-04-02,분당선,수내,8414,7754,16168,660,4,2,토
2022-04-02,분당선,서현,18094,18181,36275,-87,4,2,토
2022-04-02,분당선,야탑,16665,17519,34184,-854,4,2,토
2022-04-02,분당선,모란,15673,15977,31650,-304,4,2,토
2022-04-02,분당선,태평,10309,9624,19933,685,4,2,토
2022-04-02,분당선,가천대,5417,5755,11172,-338,4,2,토
2022-04-02,분당선,선정릉,3248,3296,6544,-48,4,2,토
2022-04-02,분당선,강남구청,5302,6498,11800,-1196,4,2,토
2022-04-02,분당선,압구정로데오,19379,21738,41117,-2359,4,2,토
2022-04-02,분당선,서울숲,12451,13642,26093,-1191,4,2,토
2022-04-02,분당선,수원,7664,6100,13764,1564,4,2,토
2022-04-02,분당선,수서,9584,10177,19761,-593,4,2,토
2022-04-02,분당선,대모산입구,2997,2858,5855,139,4,2,토
2022-04-02,분당선,개포동,2654,2667,5321,-13,4,2,토
2022-04-02,분당선,구룡,1519,1400,2919,119,4,2,토
2022-04-02,분당선,도곡,4502,4186,8688,316,4,2,토
2022-04-02,분당선,한티,11644,11455,23099,189,4,2,토
2022-04-02,분당선,선릉,4885,7304,12189,-2419,4,2,토
2022-04-02,과천선,범계,19363,18977,38340,386,4,2,토
2022-04-02,과천선,평촌,8725,8492,17217,233,4,2,토
2022-04-02,과천선,인덕원,15404,15252,30656,152,4,2,토
2022-04-02,과천선,정부과천청사,6045,5956,12001,89,4,2,토
2022-04-02,과천선,과천,4615,4207,8822,408,4,2,토
2022-04-02,과천선,대공원,8541,8906,17447,-365,4,2,토
2022-04-02,과천선,경마공원,8886,8990,17876,-104,4,2,토
2022-04-02,과천선,선바위,5360,4795,10155,565,4,2,토
2022-04-02,공항철도 1호선,영종,2892,2887,5779,5,4,2,토
2022-04-02,공항철도 1호선,인천공항2터미널,2299,2152,4451,147,4,2,토
2022-04-02,공항철도 1호선,인천공항1터미널,4139,3817,7956,322,4,2,토
2022-04-02,공항철도 1호선,공항화물청사,1228,1299,2527,-71,4,2,토
2022-04-02,공항철도 1호선,운서,5915,5962,11877,-47,4,2,토
2022-04-02,공항철도 1호선,청라국제도시,4106,3944,8050,162,4,2,토
2022-04-02,공항철도 1호선,검암,4321,4378,8699,-57,4,2,토
2022-04-02,공항철도 1호선,계양,6710,6330,13040,380,4,2,토
2022-04-02,공항철도 1호선,김포공항,10540,5446,15986,5094,4,2,토
2022-04-02,공항철도 1호선,마곡나루(서울식물원),3083,3530,6613,-447,4,2,토
2022-04-02,공항철도 1호선,디지털미디어시티,4775,4548,9323,227,4,2,토
2022-04-02,공항철도 1호선,홍대입구,11466,11414,22880,52,4,2,토
2022-04-02,공항철도 1호선,공덕,1421,2125,3546,-704,4,2,토
2022-04-02,공항철도 1호선,서울역,6922,7541,14463,-619,4,2,토
2022-04-02,경춘선,춘천,1734,1540,3274,194,4,2,토
2022-04-02,경춘선,남춘천,3237,3243,6480,-6,4,2,토
2022-04-02,경춘선,김유정,520,593,1113,-73,4,2,토
2022-04-02,경춘선,강촌,719,705,1424,14,4,2,토
2022-04-02,경춘선,백양리,104,130,234,-26,4,2,토
2022-04-02,경춘선,굴봉산,207,242,449,-35,4,2,토
2022-04-02,경춘선,가평,1718,1800,3518,-82,4,2,토
2022-04-02,경춘선,상천,410,382,792,28,4,2,토
2022-04-02,경춘선,청평,1760,1682,3442,78,4,2,토
2022-04-02,경춘선,대성리,846,979,1825,-133,4,2,토
2022-04-02,경춘선,마석,3045,2978,6023,67,4,2,토
2022-04-02,경춘선,천마산,1364,1400,2764,-36,4,2,토
2022-04-02,경춘선,평내호평,4460,4293,8753,167,4,2,토
2022-04-02,경춘선,금곡,1144,1059,2203,85,4,2,토
2022-04-02,경춘선,사릉,1663,1605,3268,58,4,2,토
2022-04-02,경춘선,퇴계원,2466,2256,4722,210,4,2,토
2022-04-02,경춘선,별내,2378,2193,4571,185,4,2,토
2022-04-02,경춘선,갈매,1875,1597,3472,278,4,2,토
2022-04-02,경춘선,신내,1277,1229,2506,48,4,2,토
2022-04-02,경인선,도화,3077,2762,5839,315,4,2,토
2022-04-02,경인선,중동,6628,6031,12659,597,4,2,토
2022-04-02,경인선,온수(성공회대입구),4726,4292,9018,434,4,2,토
2022-04-02,경인선,도원,3585,3578,7163,7,4,2,토
2022-04-02,경인선,간석,4118,3914,8032,204,4,2,토
2022-04-02,경인선,부개,5966,5562,11528,404,4,2,토
2022-04-02,경인선,소사,7066,6688,13754,378,4,2,토
2022-04-02,경인선,구일,8397,8641,17038,-244,4,2,토
2022-04-02,경인선,인천,4405,3928,8333,477,4,2,토
2022-04-02,경인선,동인천,11551,11321,22872,230,4,2,토
2022-04-02,경인선,제물포,7484,7207,14691,277,4,2,토
2022-04-02,경인선,주안,15199,13104,28303,2095,4,2,토
2022-04-02,경인선,동암,11527,11624,23151,-97,4,2,토
2022-04-02,경인선,백운,5109,5061,10170,48,4,2,토
2022-04-02,경인선,부평,27396,30168,57564,-2772,4,2,토
2022-04-02,경인선,송내,17060,16669,33729,391,4,2,토
2022-04-02,경인선,부천,27489,28169,55658,-680,4,2,토
2022-04-02,경인선,역곡,19439,19008,38447,431,4,2,토
2022-04-02,경인선,오류동,8556,7821,16377,735,4,2,토
2022-04-02,경인선,개봉,15267,14877,30144,390,4,2,토
2022-04-02,경의선,임진강,76,51,127,25,4,2,토
2022-04-02,경의선,문산,4187,4095,8282,92,4,2,토
2022-04-02,경의선,파주,885,685,1570,200,4,2,토
2022-04-02,경의선,월롱,1785,1419,3204,366,4,2,토
2022-04-02,경의선,금촌,5230,5026,10256,204,4,2,토
2022-04-02,경의선,금릉,3681,3629,7310,52,4,2,토
2022-04-02,경의선,운정,4643,4298,8941,345,4,2,토
2022-04-02,경의선,야당,5986,5844,11830,142,4,2,토
2022-04-02,경의선,탄현,5118,4960,10078,158,4,2,토
2022-04-02,경의선,일산,5894,5585,11479,309,4,2,토
2022-04-02,경의선,풍산,4133,4049,8182,84,4,2,토
2022-04-02,경의선,백마,4239,4068,8307,171,4,2,토
2022-04-02,경의선,곡산,436,453,889,-17,4,2,토
2022-04-02,경의선,능곡,2672,2701,5373,-29,4,2,토
2022-04-02,경의선,행신,5023,5107,10130,-84,4,2,토
2022-04-02,경의선,강매,1951,1796,3747,155,4,2,토
2022-04-02,경의선,화전,1208,1094,2302,114,4,2,토
2022-04-02,경의선,수색,1396,1386,2782,10,4,2,토
2022-04-02,경의선,디지털미디어시티,1857,1639,3496,218,4,2,토
2022-04-02,경의선,가좌,3567,3496,7063,71,4,2,토
2022-04-02,경의선,홍대입구,1832,2384,4216,-552,4,2,토
2022-04-02,경의선,서강대,1575,1664,3239,-89,4,2,토
2022-04-02,경의선,공덕,2418,1931,4349,487,4,2,토
2022-04-02,경의선,효창공원앞,1718,1781,3499,-63,4,2,토
2022-04-02,경의선,신촌,335,328,663,7,4,2,토
2022-04-02,경의선,서울역,1194,1372,2566,-178,4,2,토
2022-04-02,경원선,소요산,3798,3290,7088,508,4,2,토
2022-04-02,경원선,동두천,1688,2146,3834,-458,4,2,토
2022-04-02,경원선,보산,1586,1524,3110,62,4,2,토
2022-04-02,경원선,동두천중앙,2550,2458,5008,92,4,2,토
2022-04-02,경원선,지행,5431,5426,10857,5,4,2,토
2022-04-02,경원선,덕정,4645,4307,8952,338,4,2,토
2022-04-02,경원선,덕계,2466,2298,4764,168,4,2,토
2022-04-02,경원선,양주,6214,6026,12240,188,4,2,토
2022-04-02,경원선,녹양,3497,3354,6851,143,4,2,토
2022-04-02,경원선,가능,5025,4718,9743,307,4,2,토
2022-04-02,경원선,의정부,17131,17849,34980,-718,4,2,토
2022-04-02,경원선,회룡,9229,9280,18509,-51,4,2,토
2022-04-02,경원선,망월사,5764,5793,11557,-29,4,2,토
2022-04-02,경원선,도봉산,8991,6350,15341,2641,4,2,토
2022-04-02,경원선,도봉,4293,4019,8312,274,4,2,토
2022-04-02,경원선,방학,7198,7036,14234,162,4,2,토
2022-04-02,경원선,창동,3,0,3,3,4,2,토
2022-04-02,경원선,녹천,3183,2795,5978,388,4,2,토
2022-04-02,경원선,월계,4554,4230,8784,324,4,2,토
2022-04-02,경원선,광운대,5311,5386,10697,-75,4,2,토
2022-04-02,경원선,석계,6346,6646,12992,-300,4,2,토
2022-04-02,경원선,신이문,5938,5289,11227,649,4,2,토
2022-04-02,경원선,외대앞,6164,5732,11896,432,4,2,토
2022-04-02,경원선,청량리(서울시립대입구),14792,16083,30875,-1291,4,2,토
2022-04-02,경원선,왕십리(성동구청),12284,13628,25912,-1344,4,2,토
2022-04-02,경원선,응봉,2761,3599,6360,-838,4,2,토
2022-04-02,경원선,옥수,43,35,78,8,4,2,토
2022-04-02,경원선,한남,2597,2488,5085,109,4,2,토
2022-04-02,경원선,서빙고,1563,1838,3401,-275,4,2,토
2022-04-02,경원선,이촌(국립중앙박물관),2866,2122,4988,744,4,2,토
2022-04-02,경부선,광명,2465,2312,4777,153,4,2,토
2022-04-02,경부선,서동탄,933,1006,1939,-73,4,2,토
2022-04-02,경부선,당정,3975,3678,7653,297,4,2,토
2022-04-02,경부선,천안,5783,6100,11883,-317,4,2,토
2022-04-02,경부선,두정,5276,5078,10354,198,4,2,토
2022-04-02,경부선,직산,660,623,1283,37,4,2,토
2022-04-02,경부선,성환,2974,2722,5696,252,4,2,토
2022-04-02,경부선,평택,13488,12635,26123,853,4,2,토
2022-04-02,경부선,평택지제,2973,2793,5766,180,4,2,토
2022-04-02,경부선,서정리,6684,5581,12265,1103,4,2,토
2022-04-02,경부선,송탄,5038,4337,9375,701,4,2,토
2022-04-02,경부선,진위,1032,872,1904,160,4,2,토
2022-04-02,경부선,오산,8865,8287,17152,578,4,2,토
2022-04-02,경부선,오산대,2849,2533,5382,316,4,2,토
2022-04-02,경부선,세마,2060,1833,3893,227,4,2,토
2022-04-02,경부선,병점,11802,11796,23598,6,4,2,토
2022-04-02,경부선,세류,2289,2285,4574,4,4,2,토
2022-04-02,경부선,독산,8669,8504,17173,165,4,2,토
2022-04-02,경부선,수원,36000,39451,75451,-3451,4,2,토
2022-04-02,경부선,화서,5513,5541,11054,-28,4,2,토
2022-04-02,경부선,성균관대,10416,10266,20682,150,4,2,토
2022-04-02,경부선,의왕,5977,5792,11769,185,4,2,토
2022-04-02,경부선,군포,4108,3691,7799,417,4,2,토
2022-04-02,경부선,금정,17776,18085,35861,-309,4,2,토
2022-04-02,경부선,명학,4705,4557,9262,148,4,2,토
2022-04-02,경부선,안양,16613,16435,33048,178,4,2,토
2022-04-02,경부선,관악,5754,5424,11178,330,4,2,토
2022-04-02,경부선,석수,6453,6080,12533,373,4,2,토
2022-04-02,경부선,금천구청,7706,7867,15573,-161,4,2,토
2022-04-02,경부선,가산디지털단지,5995,7834,13829,-1839,4,2,토
2022-04-02,경부선,구로,11865,12088,23953,-223,4,2,토
2022-04-02,경부선,신길,5810,4875,10685,935,4,2,토
2022-04-02,경부선,신도림,2983,2924,5907,59,4,2,토
2022-04-02,경부선,영등포,36962,38261,75223,-1299,4,2,토
2022-04-02,경부선,대방,7910,8073,15983,-163,4,2,토
2022-04-02,경부선,노량진,8107,7263,15370,844,4,2,토
2022-04-02,경부선,용산,31156,33374,64530,-2218,4,2,토
2022-04-02,경부선,남영,5405,5749,11154,-344,4,2,토
2022-04-02,경부선,서울역,6385,1779,8164,4606,4,2,토
2022-04-02,경강선,여주,2105,2383,4488,-278,4,2,토
2022-04-02,경강선,세종대왕릉,334,395,729,-61,4,2,토
2022-04-02,경강선,부발,1983,1628,3611,355,4,2,토
2022-04-02,경강선,이천,2657,2687,5344,-30,4,2,토
2022-04-02,경강선,신둔도예촌,1190,1116,2306,74,4,2,토
2022-04-02,경강선,곤지암,1728,1863,3591,-135,4,2,토
2022-04-02,경강선,초월,2096,1983,4079,113,4,2,토
2022-04-02,경강선,경기광주,5173,4905,10078,268,4,2,토
2022-04-02,경강선,삼동,1352,1245,2597,107,4,2,토
2022-04-02,경강선,이매,808,640,1448,168,4,2,토
2022-04-02,경강선,판교,2993,2805,5798,188,4,2,토
2022-04-02,9호선2~3단계,중앙보훈병원,4442,4134,8576,308,4,2,토
2022-04-02,9호선2~3단계,둔촌오륜,626,621,1247,5,4,2,토
2022-04-02,9호선2~3단계,올림픽공원(한국체대),5149,5330,10479,-181,4,2,토
2022-04-02,9호선2~3단계,한성백제,1970,1642,3612,328,4,2,토
2022-04-02,9호선2~3단계,송파나루,5110,5112,10222,-2,4,2,토
2022-04-02,9호선2~3단계,석촌,7170,6534,13704,636,4,2,토
2022-04-02,9호선2~3단계,석촌고분,4065,3928,7993,137,4,2,토
2022-04-02,9호선2~3단계,삼전,4736,4357,9093,379,4,2,토
2022-04-02,9호선2~3단계,종합운동장,3973,3546,7519,427,4,2,토
2022-04-02,9호선2~3단계,봉은사,11919,12833,24752,-914,4,2,토
2022-04-02,9호선2~3단계,삼성중앙,2905,2891,5796,14,4,2,토
2022-04-02,9호선2~3단계,선정릉,4532,5153,9685,-621,4,2,토
2022-04-02,9호선2~3단계,언주,5468,5518,10986,-50,4,2,토
2022-04-02,9호선,신논현,24815,24045,48860,770,4,2,토
2022-04-02,9호선,사평,2315,2146,4461,169,4,2,토
2022-04-02,9호선,고속터미널,12321,17514,29835,-5193,4,2,토
2022-04-02,9호선,신반포,2702,2651,5353,51,4,2,토
2022-04-02,9호선,구반포,1016,1003,2019,13,4,2,토
2022-04-02,9호선,동작(현충원),1771,1512,3283,259,4,2,토
2022-04-02,9호선,흑석(중앙대입구),5761,5576,11337,185,4,2,토
2022-04-02,9호선,노들,3115,2640,5755,475,4,2,토
2022-04-02,9호선,노량진,20869,20175,41044,694,4,2,토
2022-04-02,9호선,샛강,2699,2550,5249,149,4,2,토
2022-04-02,9호선,여의도,13824,13242,27066,582,4,2,토
2022-04-02,9호선,국회의사당,5161,5606,10767,-445,4,2,토
2022-04-02,9호선,당산,12897,12010,24907,887,4,2,토
2022-04-02,9호선,선유도,4046,3969,8015,77,4,2,토
2022-04-02,9호선,신목동,2297,1947,4244,350,4,2,토
2022-04-02,9호선,염창,11758,10710,22468,1048,4,2,토
2022-04-02,9호선,등촌,6850,6396,13246,454,4,2,토
2022-04-02,9호선,증미,3944,3758,7702,186,4,2,토
2022-04-02,9호선,가양,13442,12573,26015,869,4,2,토
2022-04-02,9호선,양천향교,5536,5276,10812,260,4,2,토
2022-04-02,9호선,마곡나루(서울식물원),8233,7911,16144,322,4,2,토
2022-04-02,9호선,신방화,4458,4167,8625,291,4,2,토
2022-04-02,9호선,공항시장,2265,2326,4591,-61,4,2,토
2022-04-02,9호선,김포공항,7087,11359,18446,-4272,4,2,토
2022-04-02,9호선,개화,1417,1205,2622,212,4,2,토
2022-04-02,8호선,남위례,2969,3113,6082,-144,4,2,토
2022-04-02,8호선,모란,3779,3320,7099,459,4,2,토
2022-04-02,8호선,수진,4160,3670,7830,490,4,2,토
2022-04-02,8호선,신흥,3388,3596,6984,-208,4,2,토
2022-04-02,8호선,단대오거리,7439,6869,14308,570,4,2,토
2022-04-02,8호선,남한산성입구(성남법원.검찰청),8906,7964,16870,942,4,2,토
2022-04-02,8호선,산성,4104,4121,8225,-17,4,2,토
2022-04-02,8호선,복정,5831,5061,10892,770,4,2,토
2022-04-02,8호선,장지,11485,10649,22134,836,4,2,토
2022-04-02,8호선,문정,8299,8256,16555,43,4,2,토
2022-04-02,8호선,가락시장,5315,5483,10798,-168,4,2,토
2022-04-02,8호선,송파,5386,5370,10756,16,4,2,토
2022-04-02,8호선,석촌,6302,8346,14648,-2044,4,2,토
2022-04-02,8호선,잠실(송파구청),14450,16018,30468,-1568,4,2,토
2022-04-02,8호선,몽촌토성(평화의문),4768,4639,9407,129,4,2,토
2022-04-02,8호선,강동구청,5739,5816,11555,-77,4,2,토
2022-04-02,8호선,천호(풍납토성),11244,13367,24611,-2123,4,2,토
2022-04-02,8호선,암사,11877,10784,22661,1093,4,2,토
2022-04-02,7호선,온수(성공회대입구),5279,5231,10510,48,4,2,토
2022-04-02,7호선,천왕,6566,6202,12768,364,4,2,토
2022-04-02,7호선,광명사거리,16073,16082,32155,-9,4,2,토
2022-04-02,7호선,철산,13735,13900,27635,-165,4,2,토
2022-04-02,7호선,가산디지털단지,13770,12474,26244,1296,4,2,토
2022-04-02,7호선,남구로,7582,7758,15340,-176,4,2,토
2022-04-02,7호선,대림(구로구청),6201,6644,12845,-443,4,2,토
2022-04-02,7호선,신풍,7588,7163,14751,425,4,2,토
2022-04-02,7호선,보라매,6336,6076,12412,260,4,2,토
2022-04-02,7호선,신대방삼거리,11119,10342,21461,777,4,2,토
2022-04-02,7호선,장승배기,6179,5854,12033,325,4,2,토
2022-04-02,7호선,상도,7325,6877,14202,448,4,2,토
2022-04-02,7호선,숭실대입구(살피재),8531,8364,16895,167,4,2,토
2022-04-02,7호선,남성,7162,6602,13764,560,4,2,토
2022-04-02,7호선,이수,11545,10780,22325,765,4,2,토
2022-04-02,7호선,내방,7207,7163,14370,44,4,2,토
2022-04-02,7호선,고속터미널,13318,10068,23386,3250,4,2,토
2022-04-02,7호선,반포,4107,3943,8050,164,4,2,토
2022-04-02,7호선,논현,10282,11260,21542,-978,4,2,토
2022-04-02,7호선,학동,9906,10469,20375,-563,4,2,토
2022-04-02,7호선,강남구청,9386,10423,19809,-1037,4,2,토
2022-04-02,7호선,청담,10399,11369,21768,-970,4,2,토
2022-04-02,7호선,뚝섬유원지,13332,13256,26588,76,4,2,토
2022-04-02,7호선,건대입구,11299,11812,23111,-513,4,2,토
2022-04-02,7호선,어린이대공원(세종대),11875,11929,23804,-54,4,2,토
2022-04-02,7호선,군자(능동),10374,7866,18240,2508,4,2,토
2022-04-02,7호선,중곡,6860,6488,13348,372,4,2,토
2022-04-02,7호선,용마산(용마폭포공원),4476,4780,9256,-304,4,2,토
2022-04-02,7호선,면목,10635,10272,20907,363,4,2,토
2022-04-02,7호선,상봉(시외버스터미널),12608,12071,24679,537,4,2,토
2022-04-02,7호선,중화,7067,6916,13983,151,4,2,토
2022-04-02,7호선,먹골,7522,7094,14616,428,4,2,토
2022-04-02,7호선,태릉입구,6390,5954,12344,436,4,2,토
2022-04-02,7호선,공릉(서울과학기술대),8565,8369,16934,196,4,2,토
2022-04-02,7호선,하계,11773,11036,22809,737,4,2,토
2022-04-02,7호선,중계,9150,8036,17186,1114,4,2,토
2022-04-02,7호선,노원,15065,15605,30670,-540,4,2,토
2022-04-02,7호선,마들,8506,7969,16475,537,4,2,토
2022-04-02,7호선,수락산,9692,9344,19036,348,4,2,토
2022-04-02,7호선,도봉산,6364,9041,15405,-2677,4,2,토
2022-04-02,7호선,장암,1600,1119,2719,481,4,2,토
2022-04-02,6호선,봉화산(서울의료원),4978,4839,9817,139,4,2,토
2022-04-02,6호선,화랑대(서울여대입구),6956,5747,12703,1209,4,2,토
2022-04-02,6호선,태릉입구,4029,4322,8351,-293,4,2,토
2022-04-02,6호선,석계,8194,8282,16476,-88,4,2,토
2022-04-02,6호선,돌곶이,5997,5550,11547,447,4,2,토
2022-04-02,6호선,상월곡(한국과학기술연구원),4000,3465,7465,535,4,2,토
2022-04-02,6호선,월곡(동덕여대),7310,6988,14298,322,4,2,토
2022-04-02,6호선,고려대(종암),5319,5287,10606,32,4,2,토
2022-04-02,6호선,안암(고대병원앞),7520,7108,14628,412,4,2,토
2022-04-02,6호선,보문,5004,4448,9452,556,4,2,토
2022-04-02,6호선,창신,2159,1840,3999,319,4,2,토
2022-04-02,6호선,동묘앞,7162,7097,14259,65,4,2,토
2022-04-02,6호선,신당,6343,5564,11907,779,4,2,토
2022-04-02,6호선,청구,2213,2358,4571,-145,4,2,토
2022-04-02,6호선,약수,2446,2508,4954,-62,4,2,토
2022-04-02,6호선,버티고개,1349,1463,2812,-114,4,2,토
2022-04-02,6호선,한강진,7991,10127,18118,-2136,4,2,토
2022-04-02,6호선,이태원,15246,15657,30903,-411,4,2,토
2022-04-02,6호선,녹사평(용산구청),5188,5383,10571,-195,4,2,토
2022-04-02,6호선,삼각지,5257,4108,9365,1149,4,2,토
2022-04-02,6호선,효창공원앞,4654,4135,8789,519,4,2,토
2022-04-02,6호선,공덕,9449,8972,18421,477,4,2,토
2022-04-02,6호선,대흥(서강대앞),5420,5342,10762,78,4,2,토
2022-04-02,6호선,광흥창(서강),4984,4641,9625,343,4,2,토
2022-04-02,6호선,상수,8868,10088,18956,-1220,4,2,토
2022-04-02,6호선,합정,12286,11448,23734,838,4,2,토
2022-04-02,6호선,망원,12668,13875,26543,-1207,4,2,토
2022-04-02,6호선,마포구청,8808,7775,16583,1033,4,2,토
2022-04-02,6호선,월드컵경기장(성산),4521,4516,9037,5,4,2,토
2022-04-02,6호선,디지털미디어시티,6664,6901,13565,-237,4,2,토
2022-04-02,6호선,증산(명지대앞),7373,7199,14572,174,4,2,토
2022-04-02,6호선,새절(신사),8665,8151,16816,514,4,2,토
2022-04-02,6호선,구산,5275,3903,9178,1372,4,2,토
2022-04-02,6호선,연신내,1,0,1,1,4,2,토
2022-04-02,6호선,독바위,1892,2214,4106,-322,4,2,토
2022-04-02,6호선,불광,3502,3280,6782,222,4,2,토
2022-04-02,6호선,역촌,2460,2899,5359,-439,4,2,토
2022-04-02,6호선,응암,11963,11897,23860,66,4,2,토
2022-04-02,5호선,하남검단산,4974,5022,9996,-48,4,2,토
2022-04-02,5호선,하남시청(덕풍·신장),5272,5054,10326,218,4,2,토
2022-04-02,5호선,하남풍산,2780,2740,5520,40,4,2,토
2022-04-02,5호선,미사,11766,11656,23422,110,4,2,토
2022-04-02,5호선,강일,2758,2568,5326,190,4,2,토
2022-04-02,5호선,마천,4562,4787,9349,-225,4,2,토
2022-04-02,5호선,거여,6169,5895,12064,274,4,2,토
2022-04-02,5호선,개롱,3866,4029,7895,-163,4,2,토
2022-04-02,5호선,오금,2531,2274,4805,257,4,2,토
2022-04-02,5호선,방이,5275,5129,10404,146,4,2,토
2022-04-02,5호선,올림픽공원(한국체대),3129,2970,6099,159,4,2,토
2022-04-02,5호선,둔촌동,6030,6031,12061,-1,4,2,토
2022-04-02,5호선,상일동,8972,8438,17410,534,4,2,토
2022-04-02,5호선,고덕,6270,6144,12414,126,4,2,토
2022-04-02,5호선,명일,6118,6086,12204,32,4,2,토
2022-04-02,5호선,굽은다리(강동구민회관앞),7308,6544,13852,764,4,2,토
2022-04-02,5호선,길동,5521,5817,11338,-296,4,2,토
2022-04-02,5호선,강동,12506,11967,24473,539,4,2,토
2022-04-02,5호선,천호(풍납토성),16064,15184,31248,880,4,2,토
2022-04-02,5호선,광나루(장신대),9494,9039,18533,455,4,2,토
2022-04-02,5호선,아차산(어린이대공원후문),13809,13505,27314,304,4,2,토
2022-04-02,2호선,시청,8318,7507,15825,811,4,2,토
2022-04-02,5호선,군자(능동),8023,8740,16763,-717,4,2,토
2022-04-02,5호선,장한평,10783,10548,21331,235,4,2,토
2022-04-02,5호선,답십리,9808,8824,18632,984,4,2,토
2022-04-02,5호선,마장,3979,3787,7766,192,4,2,토
2022-04-02,5호선,왕십리(성동구청),3364,4257,7621,-893,4,2,토
2022-04-02,5호선,행당,5059,4423,9482,636,4,2,토
2022-04-02,5호선,신금호,3859,4044,7903,-185,4,2,토
2022-04-02,5호선,청구,2450,2248,4698,202,4,2,토
2022-04-02,5호선,동대문역사문화공원(DDP),947,1232,2179,-285,4,2,토
2022-04-02,5호선,을지로4가,3155,3540,6695,-385,4,2,토
2022-04-02,5호선,종로3가,12914,12845,25759,69,4,2,토
2022-04-02,5호선,광화문(세종문화회관),15813,15649,31462,164,4,2,토
2022-04-02,5호선,서대문,6990,6549,13539,441,4,2,토
2022-04-02,5호선,충정로(경기대입구),1916,1741,3657,175,4,2,토
2022-04-02,5호선,애오개,3476,3378,6854,98,4,2,토
2022-04-02,5호선,공덕,6773,6992,13765,-219,4,2,토
2022-04-02,5호선,마포,7134,7130,14264,4,4,2,토
2022-04-02,5호선,여의나루,22126,25446,47572,-3320,4,2,토
2022-04-02,5호선,여의도,13757,13833,27590,-76,4,2,토
2022-04-02,5호선,신길,2604,2775,5379,-171,4,2,토
2022-04-02,5호선,영등포시장,7639,7954,15593,-315,4,2,토
2022-04-02,5호선,영등포구청,1908,1869,3777,39,4,2,토
2022-04-02,5호선,양평,3701,3512,7213,189,4,2,토
2022-04-02,5호선,오목교(목동운동장앞),15805,16110,31915,-305,4,2,토
2022-04-02,5호선,목동,10612,10784,21396,-172,4,2,토
2022-04-02,5호선,신정(은행정),8737,7678,16415,1059,4,2,토
2022-04-02,5호선,까치산,20050,19152,39202,898,4,2,토
2022-04-02,5호선,화곡,19269,18025,37294,1244,4,2,토
2022-04-02,5호선,우장산,9357,9124,18481,233,4,2,토
2022-04-02,5호선,발산,13018,13683,26701,-665,4,2,토
2022-04-02,5호선,마곡,5240,5254,10494,-14,4,2,토
2022-04-02,5호선,송정,4688,4547,9235,141,4,2,토
2022-04-02,5호선,김포공항,6827,7113,13940,-286,4,2,토
2022-04-02,5호선,개화산,3554,3613,7167,-59,4,2,토
2022-04-02,4호선,남태령,1021,580,1601,441,4,2,토
2022-04-02,4호선,사당,20155,17237,37392,2918,4,2,토
2022-04-02,4호선,총신대입구(이수),13545,14563,28108,-1018,4,2,토
2022-04-02,4호선,동작(현충원),1613,1812,3425,-199,4,2,토
2022-04-02,4호선,이촌(국립중앙박물관),6288,7067,13355,-779,4,2,토
2022-04-02,4호선,신용산,9647,10427,20074,-780,4,2,토
2022-04-02,4호선,삼각지,3550,4514,8064,-964,4,2,토
2022-04-02,4호선,숙대입구(갈월),9283,8968,18251,315,4,2,토
2022-04-02,4호선,서울역,5275,12014,17289,-6739,4,2,토
2022-04-02,4호선,회현(남대문시장),17142,18775,35917,-1633,4,2,토
2022-04-02,4호선,명동,13743,16198,29941,-2455,4,2,토
2022-04-02,4호선,충무로,13194,13475,26669,-281,4,2,토
2022-04-02,4호선,동대문역사문화공원(DDP),11250,10022,21272,1228,4,2,토
2022-04-02,4호선,동대문,12968,13344,26312,-376,4,2,토
2022-04-02,4호선,혜화,26200,26496,52696,-296,4,2,토
2022-04-02,4호선,한성대입구(삼선교),10388,10155,20543,233,4,2,토
2022-04-02,4호선,성신여대입구(돈암),15776,14884,30660,892,4,2,토
2022-04-02,4호선,길음,13714,12968,26682,746,4,2,토
2022-04-02,4호선,미아사거리,21120,20114,41234,1006,4,2,토
2022-04-02,4호선,미아(서울사이버대학),10349,9673,20022,676,4,2,토
2022-04-02,4호선,수유(강북구청),25622,25009,50631,613,4,2,토
2022-04-02,4호선,쌍문,20510,18232,38742,2278,4,2,토
2022-04-02,4호선,창동,19079,19904,38983,-825,4,2,토
2022-04-02,4호선,노원,15383,17041,32424,-1658,4,2,토
2022-04-02,4호선,상계,13709,12797,26506,912,4,2,토
2022-04-02,4호선,당고개,7111,6808,13919,303,4,2,토
2022-04-02,3호선,오금,3736,3639,7375,97,4,2,토
2022-04-02,3호선,경찰병원,3697,3587,7284,110,4,2,토
2022-04-02,3호선,가락시장,5652,5337,10989,315,4,2,토
2022-04-02,3호선,수서,12160,12346,24506,-186,4,2,토
2022-04-02,3호선,일원,4847,4739,9586,108,4,2,토
2022-04-02,3호선,대청,5572,5163,10735,409,4,2,토
2022-04-02,3호선,학여울,1085,970,2055,115,4,2,토
2022-04-02,3호선,대치,8898,8001,16899,897,4,2,토
2022-04-02,수인선,신포,1447,1372,2819,75,4,2,토
2022-04-02,수인선,인천,1273,2178,3451,-905,4,2,토
2022-04-02,안산선,산본,11825,12643,24468,-818,4,2,토
2022-04-02,안산선,대야미,3977,3572,7549,405,4,2,토
2022-04-02,안산선,반월,3277,2997,6274,280,4,2,토
2022-04-02,안산선,상록수,11823,11851,23674,-28,4,2,토
2022-04-02,안산선,한대앞,7246,6898,14144,348,4,2,토
2022-04-02,안산선,중앙,15227,15806,31033,-579,4,2,토
2022-04-02,안산선,고잔,5967,6089,12056,-122,4,2,토
2022-04-02,안산선,초지,3258,3304,6562,-46,4,2,토
2022-04-02,안산선,안산,8720,9046,17766,-326,4,2,토
2022-04-02,안산선,신길온천,1404,1339,2743,65,4,2,토
2022-04-02,안산선,정왕,6156,6093,12249,63,4,2,토
2022-04-02,안산선,오이도,7268,7434,14702,-166,4,2,토
2022-04-02,안산선,수리산,2863,2576,5439,287,4,2,토
2022-04-02,우이신설선,북한산우이,3416,3581,6997,-165,4,2,토
2022-04-02,우이신설선,솔밭공원,1785,1735,3520,50,4,2,토
2022-04-02,우이신설선,4.19민주묘지,2402,2024,4426,378,4,2,토
2022-04-02,우이신설선,가오리,2996,2715,5711,281,4,2,토
2022-04-02,3호선,도곡,3217,3204,6421,13,4,2,토
2022-04-02,5호선,방화,4361,4108,8469,253,4,2,토
2022-04-02,3호선,매봉,5945,5641,11586,304,4,2,토
2022-04-02,3호선,양재(서초구청),18935,20889,39824,-1954,4,2,토
2022-04-02,3호선,남부터미널(예술의전당),18777,19025,37802,-248,4,2,토
2022-04-02,3호선,교대(법원.검찰청),6362,3886,10248,2476,4,2,토
2022-04-02,3호선,고속터미널,45336,45686,91022,-350,4,2,토
2022-04-02,3호선,잠원,3299,3115,6414,184,4,2,토
2022-04-02,3호선,신사,24762,25365,50127,-603,4,2,토
2022-04-02,3호선,압구정,22279,23528,45807,-1249,4,2,토
2022-04-02,3호선,옥수,7175,7155,14330,20,4,2,토
2022-04-02,3호선,금호,5488,5063,10551,425,4,2,토
2022-04-02,3호선,약수,8769,8362,17131,407,4,2,토
2022-04-02,3호선,동대입구,6450,7187,13637,-737,4,2,토
2022-04-02,3호선,충무로,2,0,2,2,4,2,토
2022-04-02,3호선,을지로3가,4878,5320,10198,-442,4,2,토
2022-04-02,3호선,종로3가,6041,8160,14201,-2119,4,2,토
2022-04-02,3호선,안국,18173,20394,38567,-2221,4,2,토
2022-04-02,3호선,경복궁(정부서울청사),19427,20459,39886,-1032,4,2,토
2022-04-02,3호선,독립문,5651,6505,12156,-854,4,2,토
2022-04-02,3호선,무악재,2676,2830,5506,-154,4,2,토
2022-04-02,3호선,홍제,12421,11773,24194,648,4,2,토
2022-04-02,3호선,녹번,9801,8689,18490,1112,4,2,토
2022-04-02,3호선,불광,12352,13485,25837,-1133,4,2,토
2022-04-02,3호선,연신내,28355,26882,55237,1473,4,2,토
2022-04-02,3호선,구파발,14356,14853,29209,-497,4,2,토
2022-04-02,3호선,지축,3207,2893,6100,314,4,2,토
2022-04-02,2호선,용두(동대문구청),1763,1665,3428,98,4,2,토
2022-04-02,2호선,신정네거리,7265,7267,14532,-2,4,2,토
2022-04-02,2호선,양천구청,4424,4461,8885,-37,4,2,토
2022-04-02,2호선,도림천,841,832,1673,9,4,2,토
2022-04-02,2호선,신설동,3398,1703,5101,1695,4,2,토
2022-04-02,2호선,신답,1038,1061,2099,-23,4,2,토
2022-04-02,2호선,용답,2269,2340,4609,-71,4,2,토
2022-04-02,2호선,충정로(경기대입구),5015,5478,10493,-463,4,2,토
2022-04-02,2호선,아현,6951,6638,13589,313,4,2,토
2022-04-02,2호선,이대,10039,10466,20505,-427,4,2,토
2022-04-02,2호선,신촌,29269,28408,57677,861,4,2,토
2022-04-02,2호선,홍대입구,63406,67291,130697,-3885,4,2,토
2022-04-02,2호선,합정,28045,30701,58746,-2656,4,2,토
2022-04-02,2호선,당산,12522,13410,25932,-888,4,2,토
2022-04-02,2호선,영등포구청,11788,12286,24074,-498,4,2,토
2022-04-02,2호선,문래,13159,13592,26751,-433,4,2,토
2022-04-02,2호선,신도림,38203,39208,77411,-1005,4,2,토
2022-04-02,2호선,대림(구로구청),17284,18123,35407,-839,4,2,토
2022-04-02,2호선,구로디지털단지,32307,31415,63722,892,4,2,토
2022-04-02,2호선,신대방,19293,18489,37782,804,4,2,토
2022-04-02,2호선,신림,49280,46809,96089,2471,4,2,토
2022-04-02,2호선,봉천,16425,14947,31372,1478,4,2,토
2022-04-02,2호선,서울대입구(관악구청),36179,35411,71590,768,4,2,토
2022-04-02,2호선,낙성대(강감찬),21235,18478,39713,2757,4,2,토
2022-04-02,2호선,사당,28587,31886,60473,-3299,4,2,토
2022-04-02,2호선,방배,9474,9752,19226,-278,4,2,토
2022-04-02,2호선,서초,10191,8355,18546,1836,4,2,토
2022-04-02,2호선,교대(법원.검찰청),15964,17546,33510,-1582,4,2,토
2022-04-02,2호선,강남,57229,57273,114502,-44,4,2,토
2022-04-02,2호선,역삼,16784,18201,34985,-1417,4,2,토
2022-04-02,2호선,선릉,22459,19670,42129,2789,4,2,토
2022-04-02,2호선,삼성(무역센터),30343,30525,60868,-182,4,2,토
2022-04-02,2호선,종합운동장,14414,16092,30506,-1678,4,2,토
2022-04-02,2호선,잠실새내,17654,17798,35452,-144,4,2,토
2022-04-02,2호선,잠실(송파구청),75696,73365,149061,2331,4,2,토
2022-04-02,2호선,잠실나루,7005,6197,13202,808,4,2,토
2022-04-02,2호선,강변(동서울터미널),24280,24215,48495,65,4,2,토
2022-04-02,2호선,구의(광진구청),15985,15376,31361,609,4,2,토
2022-04-02,2호선,건대입구,37902,38949,76851,-1047,4,2,토
2022-04-02,2호선,성수,21006,23482,44488,-2476,4,2,토
2022-04-02,2호선,뚝섬,18005,17458,35463,547,4,2,토
2022-04-02,2호선,한양대,4606,4925,9531,-319,4,2,토
2022-04-02,2호선,왕십리(성동구청),13554,11722,25276,1832,4,2,토
2022-04-02,2호선,상왕십리,9423,8716,18139,707,4,2,토
2022-04-02,2호선,신당,11052,11573,22625,-521,4,2,토
2022-04-02,2호선,동대문역사문화공원(DDP),10437,12013,22450,-1576,4,2,토
2022-04-02,2호선,을지로4가,6847,7313,14160,-466,4,2,토
2022-04-02,2호선,을지로3가,10953,10637,21590,316,4,2,토
2022-04-02,2호선,을지로입구,19342,19213,38555,129,4,2,토
2022-04-02,1호선,동묘앞,11515,11938,23453,-423,4,2,토
2022-04-02,1호선,청량리(서울시립대입구),17282,17276,34558,6,4,2,토
2022-04-02,1호선,제기동,15027,15378,30405,-351,4,2,토
2022-04-02,1호선,신설동,9282,8764,18046,518,4,2,토
2022-04-02,1호선,동대문,10056,9713,19769,343,4,2,토
2022-04-02,1호선,종로5가,18374,18337,36711,37,4,2,토
2022-04-02,1호선,종로3가,20827,19713,40540,1114,4,2,토
2022-04-02,1호선,종각,18211,16370,34581,1841,4,2,토
2022-04-02,1호선,시청,11118,11346,22464,-228,4,2,토
2022-04-02,1호선,서울역,28867,30246,59113,-1379,4,2,토
2022-04-02,중앙선,지평,48,82,130,-34,4,2,토
2022-04-03,5호선,고덕,4189,4243,8432,-54,4,3,일
2022-04-03,5호선,명일,4685,4674,9359,11,4,3,일
2022-04-03,5호선,굽은다리(강동구민회관앞),4900,4572,9472,328,4,3,일
2022-04-03,5호선,길동,3866,3867,7733,-1,4,3,일
2022-04-03,5호선,강동,8534,8506,17040,28,4,3,일
2022-04-03,5호선,천호(풍납토성),12160,11116,23276,1044,4,3,일
2022-04-03,5호선,광나루(장신대),7625,7571,15196,54,4,3,일
2022-04-03,5호선,아차산(어린이대공원후문),11690,11840,23530,-150,4,3,일
2022-04-03,5호선,군자(능동),5781,6387,12168,-606,4,3,일
2022-04-03,5호선,장한평,7292,7267,14559,25,4,3,일
2022-04-03,5호선,답십리,7056,6506,13562,550,4,3,일
2022-04-03,5호선,마장,2762,2616,5378,146,4,3,일
2022-04-03,5호선,상일동,5994,5885,11879,109,4,3,일
2022-04-03,5호선,둔촌동,4297,4227,8524,70,4,3,일
2022-04-03,5호선,올림픽공원(한국체대),2344,2156,4500,188,4,3,일
2022-04-03,5호선,방이,3707,3559,7266,148,4,3,일
2022-04-03,5호선,오금,1471,1413,2884,58,4,3,일
2022-04-03,5호선,개롱,2812,3150,5962,-338,4,3,일
2022-04-03,5호선,거여,4203,4121,8324,82,4,3,일
2022-04-03,5호선,왕십리(성동구청),2474,2945,5419,-471,4,3,일
2022-04-03,5호선,행당,3622,3333,6955,289,4,3,일
2022-04-03,5호선,신금호,2745,3005,5750,-260,4,3,일
2022-04-03,5호선,청구,1722,1546,3268,176,4,3,일
2022-04-03,5호선,동대문역사문화공원(DDP),672,771,1443,-99,4,3,일
2022-04-03,5호선,을지로4가,1644,1599,3243,45,4,3,일
2022-04-03,5호선,종로3가,9029,7704,16733,1325,4,3,일
2022-04-03,5호선,광화문(세종문화회관),10738,10539,21277,199,4,3,일
2022-04-03,5호선,서대문,4781,4751,9532,30,4,3,일
2022-04-03,5호선,충정로(경기대입구),1375,1316,2691,59,4,3,일
2022-04-03,5호선,애오개,2541,2588,5129,-47,4,3,일
2022-04-03,5호선,공덕,4499,4449,8948,50,4,3,일
2022-04-03,5호선,마포,4703,4742,9445,-39,4,3,일
2022-04-03,5호선,여의나루,21355,23226,44581,-1871,4,3,일
2022-04-03,5호선,여의도,9739,9741,19480,-2,4,3,일
2022-04-03,5호선,신길,1889,2139,4028,-250,4,3,일
2022-04-03,5호선,영등포시장,5102,5366,10468,-264,4,3,일
2022-04-03,5호선,영등포구청,1313,1316,2629,-3,4,3,일
2022-04-03,5호선,양평,2473,2525,4998,-52,4,3,일
2022-04-03,5호선,오목교(목동운동장앞),10887,11169,22056,-282,4,3,일
2022-04-03,5호선,목동,7113,7412,14525,-299,4,3,일
2022-04-03,5호선,신정(은행정),6053,5590,11643,463,4,3,일
2022-04-03,5호선,까치산,14888,14429,29317,459,4,3,일
2022-04-03,5호선,화곡,13585,13079,26664,506,4,3,일
2022-04-03,5호선,우장산,6398,6564,12962,-166,4,3,일
2022-04-03,5호선,발산,8800,9064,17864,-264,4,3,일
2022-04-03,5호선,마곡,3350,3604,6954,-254,4,3,일
2022-04-03,5호선,송정,3517,3421,6938,96,4,3,일
2022-04-03,5호선,김포공항,6614,6306,12920,308,4,3,일
2022-04-03,5호선,개화산,2724,2707,5431,17,4,3,일
2022-04-03,5호선,방화,3393,3446,6839,-53,4,3,일
2022-04-03,4호선,남태령,734,481,1215,253,4,3,일
2022-04-03,4호선,사당,14465,12985,27450,1480,4,3,일
2022-04-03,4호선,총신대입구(이수),9579,10362,19941,-783,4,3,일
2022-04-03,4호선,동작(현충원),1597,1620,3217,-23,4,3,일
2022-04-03,4호선,이촌(국립중앙박물관),4562,5158,9720,-596,4,3,일
2022-04-03,4호선,신용산,7455,7430,14885,25,4,3,일
2022-04-03,4호선,삼각지,2474,3239,5713,-765,4,3,일
2022-04-03,4호선,숙대입구(갈월),6792,6502,13294,290,4,3,일
2022-04-03,4호선,서울역,4043,9384,13427,-5341,4,3,일
2022-04-03,4호선,회현(남대문시장),8334,8778,17112,-444,4,3,일
2022-04-03,4호선,명동,11257,11153,22410,104,4,3,일
2022-04-03,4호선,충무로,8669,8513,17182,156,4,3,일
2022-04-03,4호선,동대문역사문화공원(DDP),8879,8282,17161,597,4,3,일
2022-04-03,4호선,동대문,7329,7830,15159,-501,4,3,일
2022-04-03,4호선,혜화,21224,21656,42880,-432,4,3,일
2022-04-03,4호선,한성대입구(삼선교),7239,7372,14611,-133,4,3,일
2022-04-03,4호선,성신여대입구(돈암),12090,11675,23765,415,4,3,일
2022-04-03,4호선,길음,9525,9472,18997,53,4,3,일
2022-04-03,4호선,미아사거리,15181,14677,29858,504,4,3,일
2022-04-03,4호선,미아(서울사이버대학),7551,7245,14796,306,4,3,일
2022-04-03,4호선,수유(강북구청),19138,18599,37737,539,4,3,일
2022-04-03,4호선,쌍문,14939,13506,28445,1433,4,3,일
2022-04-03,4호선,창동,14406,15097,29503,-691,4,3,일
2022-04-03,4호선,노원,11223,12256,23479,-1033,4,3,일
2022-04-03,4호선,상계,10173,9666,19839,507,4,3,일
2022-04-03,4호선,당고개,5832,5567,11399,265,4,3,일
2022-04-03,3호선,오금,2529,2482,5011,47,4,3,일
2022-04-03,3호선,경찰병원,2438,2485,4923,-47,4,3,일
2022-04-03,3호선,가락시장,3439,3765,7204,-326,4,3,일
2022-04-03,3호선,수서,9878,9787,19665,91,4,3,일
2022-04-03,3호선,일원,3297,3528,6825,-231,4,3,일
2022-04-03,3호선,대청,3932,3837,7769,95,4,3,일
2022-04-03,3호선,학여울,876,869,1745,7,4,3,일
2022-04-03,3호선,대치,5645,5009,10654,636,4,3,일
2022-04-03,3호선,도곡,1889,2073,3962,-184,4,3,일
2022-04-03,3호선,매봉,3893,3895,7788,-2,4,3,일
2022-04-03,3호선,양재(서초구청),12853,14614,27467,-1761,4,3,일
2022-04-03,3호선,남부터미널(예술의전당),13241,13836,27077,-595,4,3,일
2022-04-03,3호선,교대(법원.검찰청),4090,2490,6580,1600,4,3,일
2022-04-03,3호선,고속터미널,38338,36068,74406,2270,4,3,일
2022-04-03,3호선,잠원,2246,2187,4433,59,4,3,일
2022-04-03,3호선,신사,13653,13604,27257,49,4,3,일
2022-04-03,3호선,압구정,12539,12846,25385,-307,4,3,일
2022-04-03,3호선,옥수,5017,5139,10156,-122,4,3,일
2022-04-03,3호선,금호,4052,3839,7891,213,4,3,일
2022-04-03,3호선,약수,6226,6218,12444,8,4,3,일
2022-04-03,3호선,동대입구,5279,5789,11068,-510,4,3,일
2022-04-03,3호선,충무로,2,0,2,2,4,3,일
2022-04-03,3호선,을지로3가,2978,2837,5815,141,4,3,일
2022-04-03,3호선,종로3가,3972,4890,8862,-918,4,3,일
2022-04-03,3호선,안국,13524,15149,28673,-1625,4,3,일
2022-04-03,3호선,경복궁(정부서울청사),14802,15020,29822,-218,4,3,일
2022-04-03,3호선,독립문,4368,5265,9633,-897,4,3,일
2022-04-03,3호선,무악재,1763,1951,3714,-188,4,3,일
2022-04-03,3호선,홍제,8967,8634,17601,333,4,3,일
2022-04-03,3호선,녹번,6829,6334,13163,495,4,3,일
2022-04-03,3호선,불광,9157,10345,19502,-1188,4,3,일
2022-04-03,3호선,연신내,20111,19078,39189,1033,4,3,일
2022-04-03,3호선,구파발,10455,10997,21452,-542,4,3,일
2022-04-03,3호선,지축,2275,2126,4401,149,4,3,일
2022-04-03,2호선,용두(동대문구청),1144,1132,2276,12,4,3,일
2022-04-03,2호선,신정네거리,4874,4988,9862,-114,4,3,일
2022-04-03,2호선,양천구청,3079,3164,6243,-85,4,3,일
2022-04-03,2호선,도림천,467,496,963,-29,4,3,일
2022-04-03,2호선,신설동,3259,1748,5007,1511,4,3,일
2022-04-03,2호선,신답,815,871,1686,-56,4,3,일
2022-04-03,2호선,용답,1838,2029,3867,-191,4,3,일
2022-04-03,2호선,충정로(경기대입구),3410,3654,7064,-244,4,3,일
2022-04-03,2호선,아현,4962,4893,9855,69,4,3,일
2022-04-03,2호선,이대,6775,7428,14203,-653,4,3,일
2022-04-03,2호선,신촌,20966,20281,41247,685,4,3,일
2022-04-03,2호선,홍대입구,46727,45690,92417,1037,4,3,일
2022-04-03,2호선,합정,19254,20673,39927,-1419,4,3,일
2022-04-03,2호선,당산,8875,9229,18104,-354,4,3,일
2022-04-03,2호선,영등포구청,7922,8373,16295,-451,4,3,일
2022-04-03,2호선,문래,7986,8340,16326,-354,4,3,일
2022-04-03,2호선,신도림,25731,26436,52167,-705,4,3,일
2022-04-03,2호선,대림(구로구청),13285,13546,26831,-261,4,3,일
2022-04-03,2호선,구로디지털단지,22390,21986,44376,404,4,3,일
2022-04-03,2호선,신대방,14477,14422,28899,55,4,3,일
2022-04-03,2호선,신림,35450,35340,70790,110,4,3,일
2022-04-03,2호선,봉천,11494,11170,22664,324,4,3,일
2022-04-03,2호선,서울대입구(관악구청),26062,27064,53126,-1002,4,3,일
2022-04-03,2호선,낙성대(강감찬),15270,15996,31266,-726,4,3,일
2022-04-03,2호선,사당,20116,22898,43014,-2782,4,3,일
2022-04-03,2호선,방배,6342,6761,13103,-419,4,3,일
2022-04-03,2호선,서초,11096,10244,21340,852,4,3,일
2022-04-03,2호선,교대(법원.검찰청),9968,10799,20767,-831,4,3,일
2022-04-03,2호선,강남,31960,31026,62986,934,4,3,일
2022-04-03,2호선,역삼,10138,11147,21285,-1009,4,3,일
2022-04-03,2호선,선릉,12535,10762,23297,1773,4,3,일
2022-04-03,2호선,삼성(무역센터),18282,17260,35542,1022,4,3,일
2022-04-03,2호선,종합운동장,11513,12465,23978,-952,4,3,일
2022-04-03,2호선,잠실새내,11472,11434,22906,38,4,3,일
2022-04-03,2호선,잠실(송파구청),58223,54111,112334,4112,4,3,일
2022-04-03,2호선,잠실나루,4889,5146,10035,-257,4,3,일
2022-04-03,2호선,강변(동서울터미널),19907,19983,39890,-76,4,3,일
2022-04-03,2호선,구의(광진구청),10806,10908,21714,-102,4,3,일
2022-04-03,2호선,건대입구,27795,27723,55518,72,4,3,일
2022-04-03,2호선,성수,14398,15867,30265,-1469,4,3,일
2022-04-03,2호선,뚝섬,12845,12528,25373,317,4,3,일
2022-04-03,2호선,한양대,2594,3096,5690,-502,4,3,일
2022-04-03,2호선,왕십리(성동구청),9506,8434,17940,1072,4,3,일
2022-04-03,2호선,상왕십리,6534,6578,13112,-44,4,3,일
2022-04-03,2호선,신당,7838,8461,16299,-623,4,3,일
2022-04-03,2호선,동대문역사문화공원(DDP),8011,9816,17827,-1805,4,3,일
2022-04-03,2호선,을지로4가,3361,3306,6667,55,4,3,일
2022-04-03,2호선,을지로3가,7842,7015,14857,827,4,3,일
2022-04-03,2호선,을지로입구,14403,13186,27589,1217,4,3,일
2022-04-03,2호선,시청,5604,4753,10357,851,4,3,일
2022-04-03,1호선,동묘앞,12534,12714,25248,-180,4,3,일
2022-04-03,1호선,청량리(서울시립대입구),12393,12134,24527,259,4,3,일
2022-04-03,1호선,제기동,9644,10281,19925,-637,4,3,일
2022-04-03,1호선,신설동,7250,7463,14713,-213,4,3,일
2022-04-03,1호선,동대문,9068,9490,18558,-422,4,3,일
2022-04-03,1호선,종로5가,8896,9043,17939,-147,4,3,일
2022-04-03,1호선,종로3가,13697,11841,25538,1856,4,3,일
2022-04-03,1호선,종각,12019,9990,22009,2029,4,3,일
2022-04-03,1호선,시청,7388,6932,14320,456,4,3,일
2022-04-03,1호선,서울역,26207,23197,49404,3010,4,3,일
2022-04-03,경인선,송내,12236,11689,23925,547,4,3,일
2022-04-03,경인선,부평,21448,21606,43054,-158,4,3,일
2022-04-03,경인선,백운,3620,3677,7297,-57,4,3,일
2022-04-03,경인선,동암,9056,8748,17804,308,4,3,일
2022-04-03,경인선,주안,10971,9868,20839,1103,4,3,일
2022-04-03,경인선,제물포,5239,5076,10315,163,4,3,일
2022-04-03,경인선,동인천,9014,8730,17744,284,4,3,일
2022-04-03,경인선,인천,4196,3570,7766,626,4,3,일
2022-04-03,경인선,구일,5825,5967,11792,-142,4,3,일
2022-04-03,경인선,소사,5223,4917,10140,306,4,3,일
2022-04-03,경인선,부개,4383,4186,8569,197,4,3,일
2022-04-03,경인선,간석,2964,2852,5816,112,4,3,일
2022-04-03,경인선,도원,1498,1554,3052,-56,4,3,일
2022-04-03,경인선,온수(성공회대입구),3539,3318,6857,221,4,3,일
2022-04-03,경인선,중동,4709,4419,9128,290,4,3,일
2022-04-03,경인선,도화,2344,2218,4562,126,4,3,일
2022-04-03,경춘선,신내,970,996,1966,-26,4,3,일
2022-04-03,경춘선,갈매,1446,1261,2707,185,4,3,일
2022-04-03,경춘선,별내,1795,1586,3381,209,4,3,일
2022-04-03,경춘선,퇴계원,1985,1807,3792,178,4,3,일
2022-04-03,경춘선,사릉,1367,1349,2716,18,4,3,일
2022-04-03,경춘선,금곡,996,911,1907,85,4,3,일
2022-04-03,경춘선,평내호평,3546,3381,6927,165,4,3,일
2022-04-03,경춘선,천마산,1153,1099,2252,54,4,3,일
2022-04-03,경춘선,마석,3049,2997,6046,52,4,3,일
2022-04-03,경춘선,대성리,1009,556,1565,453,4,3,일
2022-04-03,경춘선,청평,1559,1191,2750,368,4,3,일
2022-04-03,경춘선,상천,394,288,682,106,4,3,일
2022-04-03,경춘선,가평,1650,1398,3048,252,4,3,일
2022-04-03,경춘선,굴봉산,221,219,440,2,4,3,일
2022-04-03,경춘선,백양리,112,84,196,28,4,3,일
2022-04-03,경춘선,강촌,686,624,1310,62,4,3,일
2022-04-03,경춘선,김유정,474,430,904,44,4,3,일
2022-04-03,경춘선,남춘천,2067,2691,4758,-624,4,3,일
2022-04-03,경춘선,춘천,1537,1457,2994,80,4,3,일
2022-04-03,공항철도 1호선,서울역,7530,6816,14346,714,4,3,일
2022-04-03,공항철도 1호선,공덕,1075,1519,2594,-444,4,3,일
2022-04-03,공항철도 1호선,홍대입구,9530,8840,18370,690,4,3,일
2022-04-03,공항철도 1호선,디지털미디어시티,3295,3344,6639,-49,4,3,일
2022-04-03,공항철도 1호선,마곡나루(서울식물원),2373,2589,4962,-216,4,3,일
2022-04-03,공항철도 1호선,김포공항,11552,5724,17276,5828,4,3,일
2022-04-03,공항철도 1호선,계양,5039,4871,9910,168,4,3,일
2022-04-03,공항철도 1호선,검암,3384,3505,6889,-121,4,3,일
2022-04-03,공항철도 1호선,청라국제도시,3108,3014,6122,94,4,3,일
2022-04-03,공항철도 1호선,운서,4928,5176,10104,-248,4,3,일
2022-04-03,공항철도 1호선,공항화물청사,971,1046,2017,-75,4,3,일
2022-04-03,공항철도 1호선,인천공항1터미널,4082,3844,7926,238,4,3,일
2022-04-03,공항철도 1호선,인천공항2터미널,2155,1921,4076,234,4,3,일
2022-04-03,공항철도 1호선,영종,2348,2336,4684,12,4,3,일
2022-04-03,과천선,선바위,4104,3780,7884,324,4,3,일
2022-04-03,과천선,경마공원,9917,10066,19983,-149,4,3,일
2022-04-03,과천선,대공원,7143,7292,14435,-149,4,3,일
2022-04-03,과천선,과천,3367,3197,6564,170,4,3,일
2022-04-03,과천선,정부과천청사,4243,4305,8548,-62,4,3,일
2022-04-03,과천선,인덕원,11391,11386,22777,5,4,3,일
2022-04-03,과천선,평촌,5680,5532,11212,148,4,3,일
2022-04-03,과천선,범계,13759,13263,27022,496,4,3,일
2022-04-03,분당선,선릉,2702,4055,6757,-1353,4,3,일
2022-04-03,분당선,한티,7921,7731,15652,190,4,3,일
2022-04-03,분당선,도곡,2708,2595,5303,113,4,3,일
2022-04-03,분당선,구룡,768,836,1604,-68,4,3,일
2022-04-03,분당선,개포동,1947,1935,3882,12,4,3,일
2022-04-03,분당선,대모산입구,2035,1906,3941,129,4,3,일
2022-04-03,분당선,수서,8356,7521,15877,835,4,3,일
2022-04-03,분당선,수원,5701,4500,10201,1201,4,3,일
2022-04-03,분당선,서울숲,10139,10714,20853,-575,4,3,일
2022-04-03,분당선,압구정로데오,10417,11226,21643,-809,4,3,일
2022-04-03,분당선,강남구청,2957,3569,6526,-612,4,3,일
2022-04-03,분당선,선정릉,1903,1954,3857,-51,4,3,일
2022-04-03,분당선,가천대,3774,4679,8453,-905,4,3,일
2022-04-03,분당선,태평,7647,7220,14867,427,4,3,일
2022-04-03,분당선,모란,10693,10989,21682,-296,4,3,일
2022-04-03,분당선,야탑,12752,12994,25746,-242,4,3,일
2022-04-03,분당선,서현,13588,13291,26879,297,4,3,일
2022-04-03,분당선,수내,5607,5402,11009,205,4,3,일
2022-04-03,분당선,정자,6844,7203,14047,-359,4,3,일
2022-04-03,분당선,미금,6747,7258,14005,-511,4,3,일
2022-04-03,분당선,오리,4983,4394,9377,589,4,3,일
2022-04-03,분당선,이매,2854,3035,5889,-181,4,3,일
2022-04-03,분당선,보정,1070,990,2060,80,4,3,일
2022-04-03,분당선,죽전,7394,8275,15669,-881,4,3,일
2022-04-03,분당선,구성,2245,2445,4690,-200,4,3,일
2022-04-03,분당선,신갈,1802,1955,3757,-153,4,3,일
2022-04-03,분당선,기흥,4703,4309,9012,394,4,3,일
2022-04-03,분당선,상갈,2566,2593,5159,-27,4,3,일
2022-04-03,분당선,청명,1809,1918,3727,-109,4,3,일
2022-04-03,분당선,영통,4630,4583,9213,47,4,3,일
2022-04-03,5호선,미사,8449,8184,16633,265,4,3,일
2022-04-03,분당선,망포,5814,5994,11808,-180,4,3,일
2022-04-03,분당선,매탄권선,2281,2304,4585,-23,4,3,일
2022-04-03,분당선,수원시청,6877,6731,13608,146,4,3,일
2022-04-03,분당선,매교,1339,1383,2722,-44,4,3,일
2022-04-03,수인선,고색,2087,2190,4277,-103,4,3,일
2022-04-03,수인선,오목천,1420,1387,2807,33,4,3,일
2022-04-03,수인선,어천,501,649,1150,-148,4,3,일
2022-04-03,수인선,야목,228,181,409,47,4,3,일
2022-04-03,수인선,사리,2513,2173,4686,340,4,3,일
2022-04-03,수인선,달월,56,68,124,-12,4,3,일
2022-04-03,수인선,월곶,1616,1524,3140,92,4,3,일
2022-04-03,수인선,소래포구,5052,4880,9932,172,4,3,일
2022-04-03,수인선,인천논현,2713,2792,5505,-79,4,3,일
2022-04-03,안산선,산본,8571,9158,17729,-587,4,3,일
2022-04-03,안산선,대야미,3156,2845,6001,311,4,3,일
2022-04-03,안산선,반월,2309,2369,4678,-60,4,3,일
2022-04-03,안산선,상록수,8658,8536,17194,122,4,3,일
2022-04-03,안산선,한대앞,5185,5306,10491,-121,4,3,일
2022-04-03,안산선,중앙,10992,10898,21890,94,4,3,일
2022-04-03,안산선,고잔,4311,4135,8446,176,4,3,일
2022-04-03,안산선,초지,2230,2211,4441,19,4,3,일
2022-04-03,안산선,안산,8747,8058,16805,689,4,3,일
2022-04-03,안산선,신길온천,1087,1030,2117,57,4,3,일
2022-04-03,안산선,정왕,4981,5538,10519,-557,4,3,일
2022-04-03,안산선,오이도,5621,5466,11087,155,4,3,일
2022-04-03,안산선,수리산,2086,2079,4165,7,4,3,일
2022-04-03,우이신설선,북한산우이,3320,3561,6881,-241,4,3,일
2022-04-03,우이신설선,솔밭공원,1345,1335,2680,10,4,3,일
2022-04-03,우이신설선,4.19민주묘지,2186,1828,4014,358,4,3,일
2022-04-03,우이신설선,가오리,2260,2098,4358,162,4,3,일
2022-04-03,우이신설선,화계,1932,1846,3778,86,4,3,일
2022-04-03,우이신설선,삼양,1158,1189,2347,-31,4,3,일
2022-04-03,우이신설선,삼양사거리,1378,1406,2784,-28,4,3,일
2022-04-03,우이신설선,솔샘,2677,2586,5263,91,4,3,일
2022-04-03,우이신설선,북한산보국문,3824,3487,7311,337,4,3,일
2022-04-03,우이신설선,정릉,2638,2214,4852,424,4,3,일
2022-04-03,우이신설선,성신여대입구(돈암),2129,2326,4455,-197,4,3,일
2022-04-03,우이신설선,보문,947,944,1891,3,4,3,일
2022-04-03,우이신설선,신설동,1172,1185,2357,-13,4,3,일
2022-04-03,일산선,원흥,5215,5020,10235,195,4,3,일
2022-04-03,일산선,삼송,10360,10133,20493,227,4,3,일
2022-04-03,일산선,원당,5981,5657,11638,324,4,3,일
2022-04-03,일산선,화정,8905,8929,17834,-24,4,3,일
2022-04-03,일산선,대곡,1058,932,1990,126,4,3,일
2022-04-03,일산선,백석,5062,5080,10142,-18,4,3,일
2022-04-03,일산선,마두,3144,3174,6318,-30,4,3,일
2022-04-03,일산선,정발산,5337,5278,10615,59,4,3,일
2022-04-03,일산선,주엽,4437,4232,8669,205,4,3,일
2022-04-03,일산선,대화,5621,5077,10698,544,4,3,일
2022-04-03,장항선,봉명,558,526,1084,32,4,3,일
2022-04-03,장항선,쌍용(나사렛대),1163,1433,2596,-270,4,3,일
2022-04-03,장항선,아산,3922,2431,6353,1491,4,3,일
2022-04-03,장항선,탕정,404,512,916,-108,4,3,일
2022-04-03,장항선,배방,802,954,1756,-152,4,3,일
2022-04-03,장항선,온양온천,3278,3153,6431,125,4,3,일
2022-04-03,장항선,신창(순천향대),1087,2084,3171,-997,4,3,일
2022-04-03,중앙선,회기,15455,15679,31134,-224,4,3,일
2022-04-03,중앙선,중랑,3287,3206,6493,81,4,3,일
2022-04-03,중앙선,상봉(시외버스터미널),3614,3711,7325,-97,4,3,일
2022-04-03,중앙선,망우,4741,4745,9486,-4,4,3,일
2022-04-03,중앙선,양원,1383,1394,2777,-11,4,3,일
2022-04-03,중앙선,구리,7276,7570,14846,-294,4,3,일
2022-04-03,중앙선,도농,4830,4875,9705,-45,4,3,일
2022-04-03,중앙선,양정,523,410,933,113,4,3,일
2022-04-03,중앙선,덕소,3247,3241,6488,6,4,3,일
2022-04-03,중앙선,도심,1279,1148,2427,131,4,3,일
2022-04-03,중앙선,팔당,1472,1541,3013,-69,4,3,일
2022-04-03,중앙선,운길산,1472,1367,2839,105,4,3,일
2022-04-03,중앙선,양수,1866,1711,3577,155,4,3,일
2022-04-03,중앙선,신원,345,183,528,162,4,3,일
2022-04-03,중앙선,국수,689,622,1311,67,4,3,일
2022-04-03,중앙선,아신,560,501,1061,59,4,3,일
2022-04-03,중앙선,오빈,250,245,495,5,4,3,일
2022-04-03,중앙선,양평,4144,3882,8026,262,4,3,일
2022-04-03,중앙선,원덕,535,626,1161,-91,4,3,일
2022-04-03,중앙선,용문,2059,1651,3710,408,4,3,일
2022-04-03,중앙선,지평,69,64,133,5,4,3,일
2022-04-03,수인선,인천,1029,1653,2682,-624,4,3,일
2022-04-03,수인선,신포,1166,1101,2267,65,4,3,일
2022-04-03,수인선,숭의,1901,1742,3643,159,4,3,일
2022-04-03,수인선,인하대,3262,3165,6427,97,4,3,일
2022-04-03,수인선,송도,1447,1387,2834,60,4,3,일
2022-04-03,수인선,연수,3055,3007,6062,48,4,3,일
2022-04-03,수인선,원인재,2732,2900,5632,-168,4,3,일
2022-04-03,수인선,남동인더스파크,549,576,1125,-27,4,3,일
2022-04-03,수인선,호구포,1884,1973,3857,-89,4,3,일
2022-04-03,9호선,샛강,1828,1608,3436,220,4,3,일
2022-04-03,5호선,하남풍산,2077,2139,4216,-62,4,3,일
2022-04-03,5호선,하남시청(덕풍·신장),3899,3637,7536,262,4,3,일
2022-04-03,5호선,하남검단산,4228,4272,8500,-44,4,3,일
2022-04-03,6호선,응암,8873,9059,17932,-186,4,3,일
2022-04-03,6호선,역촌,1810,2123,3933,-313,4,3,일
2022-04-03,6호선,불광,2806,2564,5370,242,4,3,일
2022-04-03,6호선,독바위,1447,1861,3308,-414,4,3,일
2022-04-03,6호선,구산,3703,2723,6426,980,4,3,일
2022-04-03,6호선,새절(신사),5984,5914,11898,70,4,3,일
2022-04-03,6호선,증산(명지대앞),5199,5375,10574,-176,4,3,일
2022-04-03,6호선,디지털미디어시티,4764,5104,9868,-340,4,3,일
2022-04-03,6호선,월드컵경기장(성산),3965,3939,7904,26,4,3,일
2022-04-03,6호선,마포구청,6532,5919,12451,613,4,3,일
2022-04-03,6호선,망원,9635,10188,19823,-553,4,3,일
2022-04-03,6호선,합정,9045,8248,17293,797,4,3,일
2022-04-03,6호선,상수,6043,6748,12791,-705,4,3,일
2022-04-03,6호선,광흥창(서강),3780,3687,7467,93,4,3,일
2022-04-03,6호선,대흥(서강대앞),3720,3840,7560,-120,4,3,일
2022-04-03,6호선,공덕,6522,6121,12643,401,4,3,일
2022-04-03,6호선,효창공원앞,3280,2921,6201,359,4,3,일
2022-04-03,6호선,삼각지,3678,2849,6527,829,4,3,일
2022-04-03,6호선,녹사평(용산구청),3805,3604,7409,201,4,3,일
2022-04-03,6호선,이태원,9646,8754,18400,892,4,3,일
2022-04-03,6호선,한강진,6088,7131,13219,-1043,4,3,일
2022-04-03,6호선,버티고개,1003,1034,2037,-31,4,3,일
2022-04-03,6호선,약수,1555,1483,3038,72,4,3,일
2022-04-03,6호선,청구,1576,1614,3190,-38,4,3,일
2022-04-03,6호선,신당,4788,5126,9914,-338,4,3,일
2022-04-03,6호선,동묘앞,5950,5652,11602,298,4,3,일
2022-04-03,6호선,창신,1551,1420,2971,131,4,3,일
2022-04-03,6호선,보문,3802,3659,7461,143,4,3,일
2022-04-03,6호선,안암(고대병원앞),5513,6230,11743,-717,4,3,일
2022-04-03,6호선,고려대(종암),4028,4171,8199,-143,4,3,일
2022-04-03,6호선,월곡(동덕여대),5125,5196,10321,-71,4,3,일
2022-04-03,6호선,상월곡(한국과학기술연구원),3165,2878,6043,287,4,3,일
2022-04-03,6호선,돌곶이,4935,4822,9757,113,4,3,일
2022-04-03,6호선,석계,6132,6441,12573,-309,4,3,일
2022-04-03,6호선,태릉입구,2937,3231,6168,-294,4,3,일
2022-04-03,6호선,화랑대(서울여대입구),4817,4275,9092,542,4,3,일
2022-04-03,6호선,봉화산(서울의료원),3738,3627,7365,111,4,3,일
2022-04-03,7호선,장암,1380,961,2341,419,4,3,일
2022-04-03,7호선,도봉산,5443,7995,13438,-2552,4,3,일
2022-04-03,7호선,수락산,7965,7849,15814,116,4,3,일
2022-04-03,7호선,마들,5656,5170,10826,486,4,3,일
2022-04-03,7호선,노원,10471,10390,20861,81,4,3,일
2022-04-03,7호선,중계,6278,5981,12259,297,4,3,일
2022-04-03,7호선,하계,8547,8101,16648,446,4,3,일
2022-04-03,7호선,공릉(서울과학기술대),6068,6203,12271,-135,4,3,일
2022-04-03,7호선,태릉입구,4627,4517,9144,110,4,3,일
2022-04-03,7호선,먹골,5230,5002,10232,228,4,3,일
2022-04-03,7호선,중화,5371,5232,10603,139,4,3,일
2022-04-03,7호선,상봉(시외버스터미널),8830,8411,17241,419,4,3,일
2022-04-03,7호선,면목,7463,7377,14840,86,4,3,일
2022-04-03,7호선,사가정,8429,8210,16639,219,4,3,일
2022-04-03,7호선,용마산(용마폭포공원),3307,3654,6961,-347,4,3,일
2022-04-03,7호선,중곡,4955,4901,9856,54,4,3,일
2022-04-03,7호선,군자(능동),7460,5836,13296,1624,4,3,일
2022-04-03,7호선,어린이대공원(세종대),9087,9619,18706,-532,4,3,일
2022-04-03,7호선,건대입구,7734,8277,16011,-543,4,3,일
2022-04-03,7호선,뚝섬유원지,11864,11481,23345,383,4,3,일
2022-04-03,7호선,청담,6164,6770,12934,-606,4,3,일
2022-04-03,7호선,강남구청,5236,5651,10887,-415,4,3,일
2022-04-03,7호선,학동,5648,6114,11762,-466,4,3,일
2022-04-03,7호선,논현,5736,5963,11699,-227,4,3,일
2022-04-03,7호선,반포,2749,2823,5572,-74,4,3,일
2022-04-03,7호선,고속터미널,11918,7373,19291,4545,4,3,일
2022-04-03,7호선,내방,4682,4894,9576,-212,4,3,일
2022-04-03,7호선,이수,7721,7224,14945,497,4,3,일
2022-04-03,7호선,남성,5052,4918,9970,134,4,3,일
2022-04-03,7호선,숭실대입구(살피재),5309,5828,11137,-519,4,3,일
2022-04-03,7호선,상도,5082,5237,10319,-155,4,3,일
2022-04-03,7호선,장승배기,4147,4105,8252,42,4,3,일
2022-04-03,7호선,신대방삼거리,7498,7296,14794,202,4,3,일
2022-04-03,7호선,보라매,4495,4353,8848,142,4,3,일
2022-04-03,7호선,신풍,5431,5217,10648,214,4,3,일
2022-04-03,7호선,대림(구로구청),5911,5623,11534,288,4,3,일
2022-04-03,7호선,남구로,5929,5724,11653,205,4,3,일
2022-04-03,7호선,가산디지털단지,9827,9178,19005,649,4,3,일
2022-04-03,7호선,철산,9473,9593,19066,-120,4,3,일
2022-04-03,7호선,광명사거리,11779,11744,23523,35,4,3,일
2022-04-03,7호선,천왕,4578,4381,8959,197,4,3,일
2022-04-03,7호선,온수(성공회대입구),3708,3769,7477,-61,4,3,일
2022-04-03,8호선,암사,8386,8016,16402,370,4,3,일
2022-04-03,8호선,천호(풍납토성),8419,9667,18086,-1248,4,3,일
2022-04-03,8호선,강동구청,4232,4325,8557,-93,4,3,일
2022-04-03,8호선,몽촌토성(평화의문),3652,3536,7188,116,4,3,일
2022-04-03,8호선,잠실(송파구청),11559,12496,24055,-937,4,3,일
2022-04-03,8호선,석촌,4567,6226,10793,-1659,4,3,일
2022-04-03,8호선,송파,3525,3634,7159,-109,4,3,일
2022-04-03,8호선,가락시장,2967,3748,6715,-781,4,3,일
2022-04-03,8호선,문정,5399,5679,11078,-280,4,3,일
2022-04-03,8호선,장지,8295,8690,16985,-395,4,3,일
2022-04-03,8호선,복정,4252,3930,8182,322,4,3,일
2022-04-03,8호선,산성,2935,3131,6066,-196,4,3,일
2022-04-03,8호선,남한산성입구(성남법원.검찰청),6596,6214,12810,382,4,3,일
2022-04-03,8호선,단대오거리,5330,5273,10603,57,4,3,일
2022-04-03,8호선,신흥,2464,2690,5154,-226,4,3,일
2022-04-03,8호선,수진,2980,2646,5626,334,4,3,일
2022-04-03,8호선,모란,2623,2230,4853,393,4,3,일
2022-04-03,8호선,남위례,2258,2271,4529,-13,4,3,일
2022-04-03,9호선,개화,1021,1061,2082,-40,4,3,일
2022-04-03,9호선,김포공항,6715,10614,17329,-3899,4,3,일
2022-04-03,9호선,공항시장,1711,1846,3557,-135,4,3,일
2022-04-03,9호선,신방화,3371,3246,6617,125,4,3,일
2022-04-03,9호선,마곡나루(서울식물원),5546,5576,11122,-30,4,3,일
2022-04-03,9호선,양천향교,3923,4164,8087,-241,4,3,일
2022-04-03,9호선,가양,9746,9640,19386,106,4,3,일
2022-04-03,9호선,증미,2794,2826,5620,-32,4,3,일
2022-04-03,9호선,등촌,4812,4817,9629,-5,4,3,일
2022-04-03,9호선,염창,8086,7906,15992,180,4,3,일
2022-04-03,9호선,신목동,1688,1542,3230,146,4,3,일
2022-04-03,9호선,선유도,2982,2997,5979,-15,4,3,일
2022-04-03,9호선,당산,8594,8535,17129,59,4,3,일
2022-04-03,9호선,국회의사당,5128,4981,10109,147,4,3,일
2022-04-03,9호선,여의도,10303,9249,19552,1054,4,3,일
2022-04-03,9호선,노량진,13903,14856,28759,-953,4,3,일
2022-04-03,9호선,노들,2541,2308,4849,233,4,3,일
2022-04-03,9호선,흑석(중앙대입구),4219,4334,8553,-115,4,3,일
2022-04-03,9호선,동작(현충원),1561,1262,2823,299,4,3,일
2022-04-03,9호선,구반포,475,477,952,-2,4,3,일
2022-04-03,9호선,신반포,1818,1971,3789,-153,4,3,일
2022-04-03,9호선,고속터미널,10245,13877,24122,-3632,4,3,일
2022-04-03,9호선,사평,1418,1516,2934,-98,4,3,일
2022-04-03,9호선,신논현,14579,13765,28344,814,4,3,일
2022-04-03,9호선2~3단계,언주,3143,3233,6376,-90,4,3,일
2022-04-03,9호선2~3단계,선정릉,2709,3045,5754,-336,4,3,일
2022-04-03,9호선2~3단계,삼성중앙,1772,1999,3771,-227,4,3,일
2022-04-03,9호선2~3단계,봉은사,6816,6902,13718,-86,4,3,일
2022-04-03,9호선2~3단계,종합운동장,2773,2434,5207,339,4,3,일
2022-04-03,9호선2~3단계,삼전,3441,3285,6726,156,4,3,일
2022-04-03,9호선2~3단계,석촌고분,3051,2970,6021,81,4,3,일
2022-04-03,9호선2~3단계,석촌,5177,4733,9910,444,4,3,일
2022-04-03,9호선2~3단계,송파나루,3479,3698,7177,-219,4,3,일
2022-04-03,9호선2~3단계,한성백제,1606,1305,2911,301,4,3,일
2022-04-03,9호선2~3단계,올림픽공원(한국체대),4105,4534,8639,-429,4,3,일
2022-04-03,9호선2~3단계,둔촌오륜,446,493,939,-47,4,3,일
2022-04-03,9호선2~3단계,중앙보훈병원,3245,3125,6370,120,4,3,일
2022-04-03,경강선,판교,2384,2201,4585,183,4,3,일
2022-04-03,경강선,이매,582,439,1021,143,4,3,일
2022-04-03,경강선,삼동,1017,925,1942,92,4,3,일
2022-04-03,경강선,경기광주,3754,3586,7340,168,4,3,일
2022-04-03,경강선,초월,1488,1528,3016,-40,4,3,일
2022-04-03,경강선,곤지암,1398,1599,2997,-201,4,3,일
2022-04-03,경강선,신둔도예촌,972,998,1970,-26,4,3,일
2022-04-03,경강선,이천,1954,2245,4199,-291,4,3,일
2022-04-03,경강선,부발,1418,2075,3493,-657,4,3,일
2022-04-03,경강선,세종대왕릉,268,289,557,-21,4,3,일
2022-04-03,경강선,여주,2074,2115,4189,-41,4,3,일
2022-04-03,경부선,서울역,7751,1591,9342,6160,4,3,일
2022-04-03,경부선,남영,3875,4239,8114,-364,4,3,일
2022-04-03,경부선,용산,29635,26215,55850,3420,4,3,일
2022-04-03,경부선,노량진,5313,5143,10456,170,4,3,일
2022-04-03,경부선,대방,5512,5760,11272,-248,4,3,일
2022-04-03,경부선,영등포,30520,29333,59853,1187,4,3,일
2022-04-03,경부선,신도림,2308,2299,4607,9,4,3,일
2022-04-03,경부선,신길,4586,4184,8770,402,4,3,일
2022-04-03,경부선,구로,8505,8659,17164,-154,4,3,일
2022-04-03,경부선,가산디지털단지,4375,6123,10498,-1748,4,3,일
2022-04-03,경부선,금천구청,5870,5835,11705,35,4,3,일
2022-04-03,경부선,석수,4848,4539,9387,309,4,3,일
2022-04-03,경부선,관악,4491,4055,8546,436,4,3,일
2022-04-03,경부선,안양,12720,12162,24882,558,4,3,일
2022-04-03,경부선,명학,3045,2921,5966,124,4,3,일
2022-04-03,경부선,금정,13156,13385,26541,-229,4,3,일
2022-04-03,경부선,군포,2781,2613,5394,168,4,3,일
2022-04-03,경부선,의왕,4109,4122,8231,-13,4,3,일
2022-04-03,경부선,성균관대,7026,7586,14612,-560,4,3,일
2022-04-03,경부선,화서,3953,3878,7831,75,4,3,일
2022-04-03,경부선,수원,31175,30116,61291,1059,4,3,일
2022-04-03,경부선,독산,5837,5888,11725,-51,4,3,일
2022-04-03,경부선,세류,1873,1780,3653,93,4,3,일
2022-04-03,경부선,병점,8812,9406,18218,-594,4,3,일
2022-04-03,경부선,세마,1593,1492,3085,101,4,3,일
2022-04-03,5호선,마천,3439,3677,7116,-238,4,3,일
2022-04-03,경부선,오산대,2081,1998,4079,83,4,3,일
2022-04-03,경부선,오산,7512,7839,15351,-327,4,3,일
2022-04-03,경부선,진위,867,882,1749,-15,4,3,일
2022-04-03,경부선,송탄,3497,4289,7786,-792,4,3,일
2022-04-03,경부선,서정리,4155,5967,10122,-1812,4,3,일
2022-04-03,경부선,평택지제,2480,2251,4731,229,4,3,일
2022-04-03,경부선,평택,10620,11448,22068,-828,4,3,일
2022-04-03,경부선,성환,2291,3050,5341,-759,4,3,일
2022-04-03,경부선,직산,555,597,1152,-42,4,3,일
2022-04-03,경부선,두정,4243,5521,9764,-1278,4,3,일
2022-04-03,경부선,천안,5726,5842,11568,-116,4,3,일
2022-04-03,경부선,당정,2862,2833,5695,29,4,3,일
2022-04-03,경부선,서동탄,728,761,1489,-33,4,3,일
2022-04-03,경부선,광명,2519,1909,4428,610,4,3,일
2022-04-03,경원선,이촌(국립중앙박물관),2206,1696,3902,510,4,3,일
2022-04-03,5호선,강일,2010,1994,4004,16,4,3,일
2022-04-03,경원선,서빙고,1331,1340,2671,-9,4,3,일
2022-04-03,경원선,한남,1862,1753,3615,109,4,3,일
2022-04-03,경원선,옥수,41,18,59,23,4,3,일
2022-04-03,경원선,응봉,2360,3447,5807,-1087,4,3,일
2022-04-03,경원선,왕십리(성동구청),9389,10479,19868,-1090,4,3,일
2022-04-03,경원선,청량리(서울시립대입구),13207,12511,25718,696,4,3,일
2022-04-03,경원선,외대앞,4690,4832,9522,-142,4,3,일
2022-04-03,경원선,신이문,4445,4322,8767,123,4,3,일
2022-04-03,경원선,석계,4632,5024,9656,-392,4,3,일
2022-04-03,경원선,광운대,3939,4187,8126,-248,4,3,일
2022-04-03,경원선,월계,3662,3405,7067,257,4,3,일
2022-04-03,경원선,녹천,2437,2073,4510,364,4,3,일
2022-04-03,경원선,방학,5657,5348,11005,309,4,3,일
2022-04-03,경원선,도봉,3355,3089,6444,266,4,3,일
2022-04-03,경원선,도봉산,9334,6521,15855,2813,4,3,일
2022-04-03,경원선,망월사,4550,4656,9206,-106,4,3,일
2022-04-03,경원선,회룡,7158,7126,14284,32,4,3,일
2022-04-03,경원선,의정부,13218,13494,26712,-276,4,3,일
2022-04-03,경원선,가능,3810,3674,7484,136,4,3,일
2022-04-03,경원선,녹양,2884,2666,5550,218,4,3,일
2022-04-03,경원선,양주,4879,4664,9543,215,4,3,일
2022-04-03,경원선,덕계,1762,1763,3525,-1,4,3,일
2022-04-03,경원선,덕정,3175,3368,6543,-193,4,3,일
2022-04-03,경원선,지행,4169,4025,8194,144,4,3,일
2022-04-03,경원선,동두천중앙,2035,1929,3964,106,4,3,일
2022-04-03,경원선,보산,1121,1173,2294,-52,4,3,일
2022-04-03,경원선,동두천,1340,1725,3065,-385,4,3,일
2022-04-03,경원선,소요산,4117,3601,7718,516,4,3,일
2022-04-03,경의선,서울역,982,913,1895,69,4,3,일
2022-04-03,경의선,신촌,238,234,472,4,4,3,일
2022-04-03,경의선,효창공원앞,1227,1490,2717,-263,4,3,일
2022-04-03,경의선,공덕,1691,1333,3024,358,4,3,일
2022-04-03,경의선,서강대,1289,1255,2544,34,4,3,일
2022-04-03,경의선,홍대입구,1505,1820,3325,-315,4,3,일
2022-04-03,경의선,가좌,2579,2611,5190,-32,4,3,일
2022-04-03,경의선,디지털미디어시티,1333,1234,2567,99,4,3,일
2022-04-03,경의선,수색,848,918,1766,-70,4,3,일
2022-04-03,경의선,화전,864,964,1828,-100,4,3,일
2022-04-03,경의선,강매,1423,1355,2778,68,4,3,일
2022-04-03,경의선,행신,4254,3934,8188,320,4,3,일
2022-04-03,경의선,능곡,2128,2120,4248,8,4,3,일
2022-04-03,경의선,곡산,315,359,674,-44,4,3,일
2022-04-03,경의선,백마,3439,3296,6735,143,4,3,일
2022-04-03,경의선,풍산,3398,3192,6590,206,4,3,일
2022-04-03,경의선,일산,5801,5499,11300,302,4,3,일
2022-04-03,경의선,탄현,4088,3638,7726,450,4,3,일
2022-04-03,경의선,야당,4747,4508,9255,239,4,3,일
2022-04-03,경의선,운정,3547,3356,6903,191,4,3,일
2022-04-03,경의선,금릉,2795,2743,5538,52,4,3,일
2022-04-03,경의선,금촌,4003,4208,8211,-205,4,3,일
2022-04-03,경의선,월롱,997,2141,3138,-1144,4,3,일
2022-04-03,경의선,파주,680,642,1322,38,4,3,일
2022-04-03,경의선,문산,3460,3375,6835,85,4,3,일
2022-04-03,경의선,임진강,59,47,106,12,4,3,일
2022-04-03,경인선,개봉,10720,10508,21228,212,4,3,일
2022-04-03,경인선,오류동,6533,6351,12884,182,4,3,일
2022-04-03,경인선,역곡,13620,13612,27232,8,4,3,일
2022-04-03,경인선,부천,20982,20600,41582,382,4,3,일
2022-04-04,경의선,디지털미디어시티,2399,2173,4572,226,4,4,월
2022-04-04,경의선,화전,3486,3313,6799,173,4,4,월
2022-04-04,경의선,강매,3215,2767,5982,448,4,4,월
2022-04-04,경의선,행신,7779,7936,15715,-157,4,4,월
2022-04-04,경의선,능곡,3823,3502,7325,321,4,4,월
2022-04-04,경의선,곡산,620,649,1269,-29,4,4,월
2022-04-04,경의선,백마,6869,6543,13412,326,4,4,월
2022-04-04,경의선,풍산,5410,4935,10345,475,4,4,월
2022-04-04,경의선,일산,9510,9249,18759,261,4,4,월
2022-04-04,경의선,탄현,7641,7195,14836,446,4,4,월
2022-04-04,경의선,야당,7174,7058,14232,116,4,4,월
2022-04-04,경의선,운정,7006,6511,13517,495,4,4,월
2022-04-04,경의선,금릉,4828,4679,9507,149,4,4,월
2022-04-04,경의선,금촌,6261,6254,12515,7,4,4,월
2022-04-04,경의선,월롱,2826,2787,5613,39,4,4,월
2022-04-04,경의선,파주,1616,1261,2877,355,4,4,월
2022-04-04,경의선,문산,5452,5383,10835,69,4,4,월
2022-04-04,경의선,임진강,4,3,7,1,4,4,월
2022-04-04,경인선,개봉,20683,20258,40941,425,4,4,월
2022-04-04,경인선,오류동,11636,10878,22514,758,4,4,월
2022-04-04,경인선,역곡,27725,27315,55040,410,4,4,월
2022-04-04,경인선,부천,30852,30567,61419,285,4,4,월
2022-04-04,경인선,송내,26526,26422,52948,104,4,4,월
2022-04-04,경인선,부평,27139,28843,55982,-1704,4,4,월
2022-04-04,경인선,백운,6841,6785,13626,56,4,4,월
2022-04-04,경인선,동암,13964,13947,27911,17,4,4,월
2022-04-04,경인선,주안,18650,17096,35746,1554,4,4,월
2022-04-04,경인선,제물포,10737,10254,20991,483,4,4,월
2022-04-04,경인선,동인천,13043,12406,25449,637,4,4,월
2022-04-04,경인선,인천,3260,2544,5804,716,4,4,월
2022-04-04,경인선,구일,6478,6425,12903,53,4,4,월
2022-04-04,경인선,소사,8665,8507,17172,158,4,4,월
2022-04-04,경인선,부개,8534,7839,16373,695,4,4,월
2022-04-04,경인선,간석,5796,5397,11193,399,4,4,월
2022-04-04,경인선,도원,3174,3116,6290,58,4,4,월
2022-04-04,경인선,온수(성공회대입구),6662,6378,13040,284,4,4,월
2022-04-04,경인선,중동,9327,8685,18012,642,4,4,월
2022-04-04,경인선,도화,4119,3758,7877,361,4,4,월
2022-04-04,경춘선,신내,2242,2082,4324,160,4,4,월
2022-04-04,경춘선,갈매,2949,2542,5491,407,4,4,월
2022-04-04,경춘선,별내,3225,3035,6260,190,4,4,월
2022-04-04,경춘선,퇴계원,3547,3189,6736,358,4,4,월
2022-04-04,경춘선,사릉,2565,2393,4958,172,4,4,월
2022-04-04,경춘선,금곡,1574,1450,3024,124,4,4,월
2022-04-04,경춘선,평내호평,6271,6146,12417,125,4,4,월
2022-04-04,경춘선,천마산,1696,1593,3289,103,4,4,월
2022-04-04,경춘선,마석,4080,4033,8113,47,4,4,월
2022-04-04,경춘선,대성리,525,456,981,69,4,4,월
2022-04-04,경춘선,청평,1647,1526,3173,121,4,4,월
2022-04-04,경춘선,상천,272,252,524,20,4,4,월
2022-04-04,경춘선,가평,1507,1436,2943,71,4,4,월
2022-04-04,경춘선,굴봉산,138,132,270,6,4,4,월
2022-04-04,경춘선,백양리,98,82,180,16,4,4,월
2022-04-04,경춘선,강촌,403,398,801,5,4,4,월
2022-04-04,경춘선,김유정,330,318,648,12,4,4,월
2022-04-04,경춘선,남춘천,2252,2515,4767,-263,4,4,월
2022-04-04,경춘선,춘천,1317,1412,2729,-95,4,4,월
2022-04-04,공항철도 1호선,서울역,6896,6660,13556,236,4,4,월
2022-04-04,공항철도 1호선,공덕,2143,2679,4822,-536,4,4,월
2022-04-04,공항철도 1호선,홍대입구,8069,8194,16263,-125,4,4,월
2022-04-04,공항철도 1호선,디지털미디어시티,13232,12340,25572,892,4,4,월
2022-04-04,공항철도 1호선,마곡나루(서울식물원),8551,8384,16935,167,4,4,월
2022-04-04,공항철도 1호선,김포공항,11402,6396,17798,5006,4,4,월
2022-04-04,공항철도 1호선,계양,10305,9631,19936,674,4,4,월
2022-04-04,공항철도 1호선,검암,6427,6337,12764,90,4,4,월
2022-04-04,공항철도 1호선,청라국제도시,6707,6225,12932,482,4,4,월
2022-04-04,공항철도 1호선,운서,6413,6531,12944,-118,4,4,월
2022-04-04,공항철도 1호선,공항화물청사,2201,2357,4558,-156,4,4,월
2022-04-04,공항철도 1호선,인천공항1터미널,3752,3591,7343,161,4,4,월
2022-04-04,공항철도 1호선,인천공항2터미널,2562,2061,4623,501,4,4,월
2022-04-04,공항철도 1호선,영종,2996,2904,5900,92,4,4,월
2022-04-04,과천선,선바위,7776,6919,14695,857,4,4,월
2022-04-04,과천선,경마공원,883,857,1740,26,4,4,월
2022-04-04,과천선,대공원,2860,2938,5798,-78,4,4,월
2022-04-04,과천선,과천,5951,5462,11413,489,4,4,월
2022-04-04,과천선,정부과천청사,10070,10053,20123,17,4,4,월
2022-04-04,과천선,인덕원,23104,23849,46953,-745,4,4,월
2022-04-04,과천선,평촌,17336,16945,34281,391,4,4,월
2022-04-04,과천선,범계,24881,24619,49500,262,4,4,월
2022-04-04,분당선,선릉,12590,19159,31749,-6569,4,4,월
2022-04-04,분당선,한티,13221,14278,27499,-1057,4,4,월
2022-04-04,분당선,도곡,6703,6687,13390,16,4,4,월
2022-04-04,분당선,구룡,2278,2211,4489,67,4,4,월
2022-04-04,분당선,개포동,3832,3941,7773,-109,4,4,월
2022-04-04,분당선,대모산입구,4471,4174,8645,297,4,4,월
2022-04-04,분당선,수서,13410,13313,26723,97,4,4,월
2022-04-04,분당선,수원,7873,6584,14457,1289,4,4,월
2022-04-04,분당선,서울숲,10960,11044,22004,-84,4,4,월
2022-04-04,분당선,압구정로데오,15957,17503,33460,-1546,4,4,월
2022-04-04,분당선,강남구청,9361,10709,20070,-1348,4,4,월
2022-04-04,분당선,선정릉,7681,8283,15964,-602,4,4,월
2022-04-04,분당선,가천대,9994,11102,21096,-1108,4,4,월
2022-04-04,분당선,태평,13188,12686,25874,502,4,4,월
2022-04-04,분당선,모란,26071,27498,53569,-1427,4,4,월
2022-04-04,분당선,야탑,24720,25597,50317,-877,4,4,월
2022-04-04,분당선,서현,22464,22887,45351,-423,4,4,월
2022-04-04,분당선,수내,12496,12414,24910,82,4,4,월
2022-04-04,분당선,정자,15952,16871,32823,-919,4,4,월
2022-04-04,분당선,미금,15109,15962,31071,-853,4,4,월
2022-04-04,분당선,오리,11487,9472,20959,2015,4,4,월
2022-04-04,분당선,이매,5565,5088,10653,477,4,4,월
2022-04-04,분당선,보정,2500,2232,4732,268,4,4,월
2022-04-04,분당선,죽전,13471,14755,28226,-1284,4,4,월
2022-04-04,분당선,구성,4885,5228,10113,-343,4,4,월
2022-04-04,분당선,신갈,4335,4358,8693,-23,4,4,월
2022-04-04,분당선,기흥,9855,9173,19028,682,4,4,월
2022-04-04,분당선,상갈,5159,5024,10183,135,4,4,월
2022-04-04,분당선,청명,4167,4032,8199,135,4,4,월
2022-04-04,분당선,영통,7717,7871,15588,-154,4,4,월
2022-04-04,분당선,망포,13834,13281,27115,553,4,4,월
2022-04-04,분당선,매탄권선,4983,4754,9737,229,4,4,월
2022-04-04,분당선,수원시청,11918,12598,24516,-680,4,4,월
2022-04-04,분당선,매교,3194,3107,6301,87,4,4,월
2022-04-04,수인선,고색,5047,4932,9979,115,4,4,월
2022-04-04,수인선,오목천,3440,3245,6685,195,4,4,월
2022-04-04,수인선,어천,742,811,1553,-69,4,4,월
2022-04-04,수인선,야목,407,281,688,126,4,4,월
2022-04-04,수인선,사리,4786,4284,9070,502,4,4,월
2022-04-04,수인선,달월,110,75,185,35,4,4,월
2022-04-04,수인선,월곶,2658,2508,5166,150,4,4,월
2022-04-04,수인선,소래포구,5507,5101,10608,406,4,4,월
2022-04-04,수인선,인천논현,5467,5834,11301,-367,4,4,월
2022-04-04,수인선,호구포,3964,4239,8203,-275,4,4,월
2022-04-04,수인선,남동인더스파크,2234,2535,4769,-301,4,4,월
2022-04-04,수인선,원인재,4362,4566,8928,-204,4,4,월
2022-04-04,수인선,연수,4422,4295,8717,127,4,4,월
2022-04-04,수인선,송도,2447,2294,4741,153,4,4,월
2022-04-04,수인선,인하대,6968,6749,13717,219,4,4,월
2022-04-04,수인선,숭의,3989,3689,7678,300,4,4,월
2022-04-04,수인선,신포,1796,1723,3519,73,4,4,월
2022-04-04,수인선,인천,1023,1644,2667,-621,4,4,월
2022-04-04,안산선,산본,15277,16582,31859,-1305,4,4,월
2022-04-04,안산선,대야미,4972,4588,9560,384,4,4,월
2022-04-04,안산선,반월,4188,4103,8291,85,4,4,월
2022-04-04,안산선,상록수,16035,16151,32186,-116,4,4,월
2022-04-04,안산선,한대앞,10129,10223,20352,-94,4,4,월
2022-04-04,안산선,중앙,17525,17973,35498,-448,4,4,월
2022-04-04,안산선,고잔,9014,8372,17386,642,4,4,월
2022-04-04,안산선,초지,5105,5495,10600,-390,4,4,월
2022-04-04,안산선,안산,11606,10455,22061,1151,4,4,월
2022-04-04,안산선,신길온천,1722,1518,3240,204,4,4,월
2022-04-04,안산선,정왕,9933,10530,20463,-597,4,4,월
2022-04-04,안산선,오이도,8329,7999,16328,330,4,4,월
2022-04-04,안산선,수리산,4235,3509,7744,726,4,4,월
2022-04-04,우이신설선,북한산우이,2600,2381,4981,219,4,4,월
2022-04-04,우이신설선,솔밭공원,2419,2355,4774,64,4,4,월
2022-04-04,우이신설선,4.19민주묘지,3579,3544,7123,35,4,4,월
2022-04-04,우이신설선,가오리,4041,3996,8037,45,4,4,월
2022-04-04,우이신설선,화계,3244,3004,6248,240,4,4,월
2022-04-04,우이신설선,삼양,1928,2095,4023,-167,4,4,월
2022-04-04,우이신설선,삼양사거리,2454,2407,4861,47,4,4,월
2022-04-04,우이신설선,솔샘,5671,5251,10922,420,4,4,월
2022-04-04,우이신설선,북한산보국문,5910,5735,11645,175,4,4,월
2022-04-04,우이신설선,정릉,4566,4165,8731,401,4,4,월
2022-04-04,우이신설선,성신여대입구(돈암),3227,3518,6745,-291,4,4,월
2022-04-04,우이신설선,보문,1447,1449,2896,-2,4,4,월
2022-04-04,우이신설선,신설동,2141,2037,4178,104,4,4,월
2022-04-04,일산선,원흥,10350,9912,20262,438,4,4,월
2022-04-04,일산선,삼송,19078,18525,37603,553,4,4,월
2022-04-04,일산선,원당,11097,10290,21387,807,4,4,월
2022-04-04,일산선,화정,16157,16511,32668,-354,4,4,월
2022-04-04,일산선,대곡,2134,1753,3887,381,4,4,월
2022-04-04,일산선,백석,9295,9248,18543,47,4,4,월
2022-04-04,일산선,마두,7320,7464,14784,-144,4,4,월
2022-04-04,일산선,정발산,6510,6620,13130,-110,4,4,월
2022-04-04,일산선,주엽,8737,8728,17465,9,4,4,월
2022-04-04,일산선,대화,12233,9605,21838,2628,4,4,월
2022-04-04,장항선,봉명,1340,1321,2661,19,4,4,월
2022-04-04,장항선,쌍용(나사렛대),2926,2975,5901,-49,4,4,월
2022-04-04,장항선,아산,4043,3265,7308,778,4,4,월
2022-04-04,장항선,탕정,854,715,1569,139,4,4,월
2022-04-04,장항선,배방,1149,1204,2353,-55,4,4,월
2022-04-04,장항선,온양온천,4746,4770,9516,-24,4,4,월
2022-04-04,장항선,신창(순천향대),2755,3329,6084,-574,4,4,월
2022-04-04,중앙선,오빈,300,291,591,9,4,4,월
2022-04-04,중앙선,양평,2702,2776,5478,-74,4,4,월
2022-04-04,중앙선,원덕,441,398,839,43,4,4,월
2022-04-04,중앙선,용문,1733,1627,3360,106,4,4,월
2022-04-04,중앙선,지평,69,80,149,-11,4,4,월
2022-04-04,중앙선,회기,23748,23485,47233,263,4,4,월
2022-04-04,중앙선,중랑,5421,5159,10580,262,4,4,월
2022-04-04,중앙선,상봉(시외버스터미널),5408,5291,10699,117,4,4,월
2022-04-04,중앙선,망우,7371,7200,14571,171,4,4,월
2022-04-04,중앙선,양원,2905,2861,5766,44,4,4,월
2022-04-04,중앙선,구리,12915,13002,25917,-87,4,4,월
2022-04-04,중앙선,도농,10237,9287,19524,950,4,4,월
2022-04-04,중앙선,양정,775,697,1472,78,4,4,월
2022-04-04,중앙선,덕소,5406,5513,10919,-107,4,4,월
2022-04-04,중앙선,도심,2378,1869,4247,509,4,4,월
2022-04-04,중앙선,팔당,836,883,1719,-47,4,4,월
2022-04-04,중앙선,운길산,814,819,1633,-5,4,4,월
2022-04-04,중앙선,양수,1874,1874,3748,0,4,4,월
2022-04-04,중앙선,신원,263,193,456,70,4,4,월
2022-04-04,중앙선,국수,804,754,1558,50,4,4,월
2022-04-04,중앙선,아신,492,485,977,7,4,4,월
2022-04-04,1호선,서울역,39136,37312,76448,1824,4,4,월
2022-04-04,1호선,시청,20788,20597,41385,191,4,4,월
2022-04-04,1호선,종각,31125,30741,61866,384,4,4,월
2022-04-04,1호선,종로3가,22588,20757,43345,1831,4,4,월
2022-04-04,1호선,종로5가,21283,21355,42638,-72,4,4,월
2022-04-04,1호선,동대문,10189,9693,19882,496,4,4,월
2022-04-04,1호선,신설동,13260,13173,26433,87,4,4,월
2022-04-04,1호선,제기동,16651,17157,33808,-506,4,4,월
2022-04-04,1호선,청량리(서울시립대입구),19062,18819,37881,243,4,4,월
2022-04-04,1호선,동묘앞,7412,7753,15165,-341,4,4,월
2022-04-04,2호선,시청,21474,21090,42564,384,4,4,월
2022-04-04,2호선,을지로입구,35316,36350,71666,-1034,4,4,월
2022-04-04,2호선,을지로3가,20136,20378,40514,-242,4,4,월
2022-04-04,2호선,을지로4가,12084,12246,24330,-162,4,4,월
2022-04-04,2호선,동대문역사문화공원(DDP),10740,12115,22855,-1375,4,4,월
2022-04-04,2호선,신당,12856,13315,26171,-459,4,4,월
2022-04-04,2호선,상왕십리,13569,13195,26764,374,4,4,월
2022-04-04,2호선,왕십리(성동구청),15817,12391,28208,3426,4,4,월
2022-04-04,2호선,한양대,14476,16482,30958,-2006,4,4,월
2022-04-04,2호선,뚝섬,20645,22530,43175,-1885,4,4,월
2022-04-04,2호선,성수,34919,37918,72837,-2999,4,4,월
2022-04-04,2호선,건대입구,33245,35382,68627,-2137,4,4,월
2022-04-04,2호선,구의(광진구청),22407,22035,44442,372,4,4,월
2022-04-04,2호선,강변(동서울터미널),27826,26423,54249,1403,4,4,월
2022-04-04,2호선,잠실나루,13660,13525,27185,135,4,4,월
2022-04-04,2호선,잠실(송파구청),64255,64016,128271,239,4,4,월
2022-04-04,2호선,잠실새내,19571,19429,39000,142,4,4,월
2022-04-04,2호선,종합운동장,6933,7785,14718,-852,4,4,월
2022-04-04,2호선,삼성(무역센터),46160,46905,93065,-745,4,4,월
2022-04-04,2호선,선릉,53179,47567,100746,5612,4,4,월
2022-04-04,2호선,역삼,49488,55461,104949,-5973,4,4,월
2022-04-04,2호선,강남,76003,75307,151310,696,4,4,월
2022-04-04,2호선,교대(법원.검찰청),31898,35912,67810,-4014,4,4,월
2022-04-04,2호선,서초,20156,19379,39535,777,4,4,월
2022-04-04,2호선,방배,18255,18826,37081,-571,4,4,월
2022-04-04,2호선,사당,32692,36801,69493,-4109,4,4,월
2022-04-04,2호선,낙성대(강감찬),25580,25436,51016,144,4,4,월
2022-04-04,2호선,서울대입구(관악구청),45087,44804,89891,283,4,4,월
2022-04-04,2호선,봉천,22821,21128,43949,1693,4,4,월
2022-04-04,2호선,신림,59587,57535,117122,2052,4,4,월
2022-04-04,2호선,신대방,25354,24892,50246,462,4,4,월
2022-04-04,2호선,구로디지털단지,55868,56060,111928,-192,4,4,월
2022-04-04,2호선,대림(구로구청),23039,23352,46391,-313,4,4,월
2022-04-04,2호선,신도림,43603,42962,86565,641,4,4,월
2022-04-04,2호선,문래,21009,21437,42446,-428,4,4,월
2022-04-04,2호선,영등포구청,21588,22419,44007,-831,4,4,월
2022-04-04,2호선,당산,18016,20690,38706,-2674,4,4,월
2022-04-04,2호선,합정,27205,28264,55469,-1059,4,4,월
2022-04-04,2호선,홍대입구,45432,47362,92794,-1930,4,4,월
2022-04-04,2호선,신촌,30264,30832,61096,-568,4,4,월
2022-04-04,2호선,이대,12922,13898,26820,-976,4,4,월
2022-04-04,2호선,아현,9786,9266,19052,520,4,4,월
2022-04-04,2호선,충정로(경기대입구),9496,10024,19520,-528,4,4,월
2022-04-04,2호선,용답,3184,3322,6506,-138,4,4,월
2022-04-04,2호선,신답,1581,1879,3460,-298,4,4,월
2022-04-04,2호선,신설동,3097,1706,4803,1391,4,4,월
2022-04-04,2호선,도림천,1366,1460,2826,-94,4,4,월
2022-04-04,2호선,양천구청,6501,6734,13235,-233,4,4,월
2022-04-04,2호선,신정네거리,9910,10171,20081,-261,4,4,월
2022-04-04,2호선,용두(동대문구청),2248,2372,4620,-124,4,4,월
2022-04-04,3호선,지축,4694,4437,9131,257,4,4,월
2022-04-04,3호선,구파발,19600,18413,38013,1187,4,4,월
2022-04-04,3호선,연신내,34756,32945,67701,1811,4,4,월
2022-04-04,3호선,불광,15174,16202,31376,-1028,4,4,월
2022-04-04,3호선,녹번,14906,13543,28449,1363,4,4,월
2022-04-04,3호선,홍제,17215,16473,33688,742,4,4,월
2022-04-04,3호선,무악재,3722,3734,7456,-12,4,4,월
2022-04-04,3호선,독립문,6599,6840,13439,-241,4,4,월
2022-04-04,3호선,경복궁(정부서울청사),19456,19144,38600,312,4,4,월
2022-04-04,3호선,안국,18265,18907,37172,-642,4,4,월
2022-04-04,3호선,종로3가,9278,10695,19973,-1417,4,4,월
2022-04-04,3호선,을지로3가,9652,9848,19500,-196,4,4,월
2022-04-04,3호선,충무로,4,0,4,4,4,4,월
2022-04-04,3호선,동대입구,8470,9354,17824,-884,4,4,월
2022-04-04,3호선,약수,12452,12157,24609,295,4,4,월
2022-04-04,3호선,금호,7575,7155,14730,420,4,4,월
2022-04-04,3호선,옥수,8371,8667,17038,-296,4,4,월
2022-04-04,3호선,압구정,28607,30553,59160,-1946,4,4,월
2022-04-04,3호선,신사,27864,28942,56806,-1078,4,4,월
2022-04-04,3호선,잠원,4632,4400,9032,232,4,4,월
2022-04-04,3호선,고속터미널,34856,33253,68109,1603,4,4,월
2022-04-04,3호선,교대(법원.검찰청),13691,9068,22759,4623,4,4,월
2022-04-04,3호선,남부터미널(예술의전당),26560,27377,53937,-817,4,4,월
2022-04-04,3호선,양재(서초구청),35822,39104,74926,-3282,4,4,월
2022-04-04,3호선,매봉,11569,11060,22629,509,4,4,월
2022-04-04,3호선,도곡,5147,5215,10362,-68,4,4,월
2022-04-04,3호선,대치,10411,10546,20957,-135,4,4,월
2022-04-04,3호선,학여울,1644,1682,3326,-38,4,4,월
2022-04-04,3호선,대청,10011,9182,19193,829,4,4,월
2022-04-04,3호선,일원,10130,9899,20029,231,4,4,월
2022-04-04,3호선,수서,16321,16711,33032,-390,4,4,월
2022-04-04,3호선,가락시장,8495,8447,16942,48,4,4,월
2022-04-04,3호선,경찰병원,7078,7077,14155,1,4,4,월
2022-04-04,3호선,오금,6043,5478,11521,565,4,4,월
2022-04-04,4호선,당고개,8640,7797,16437,843,4,4,월
2022-04-04,4호선,상계,18478,16934,35412,1544,4,4,월
2022-04-04,4호선,노원,17510,19688,37198,-2178,4,4,월
2022-04-04,4호선,창동,23710,25225,48935,-1515,4,4,월
2022-04-04,4호선,쌍문,28113,25838,53951,2275,4,4,월
2022-04-04,4호선,수유(강북구청),32132,32330,64462,-198,4,4,월
2022-04-04,4호선,미아(서울사이버대학),14979,14502,29481,477,4,4,월
2022-04-04,4호선,미아사거리,25576,25092,50668,484,4,4,월
2022-04-04,4호선,길음,20048,20054,40102,-6,4,4,월
2022-04-04,4호선,성신여대입구(돈암),19662,18979,38641,683,4,4,월
2022-04-04,4호선,한성대입구(삼선교),13447,13114,26561,333,4,4,월
2022-04-04,4호선,혜화,27930,27986,55916,-56,4,4,월
2022-04-04,4호선,동대문,19311,19671,38982,-360,4,4,월
2022-04-04,4호선,동대문역사문화공원(DDP),13245,12339,25584,906,4,4,월
2022-04-04,4호선,충무로,27314,28090,55404,-776,4,4,월
2022-04-04,4호선,명동,18236,18564,36800,-328,4,4,월
2022-04-04,4호선,회현(남대문시장),22858,24358,47216,-1500,4,4,월
2022-04-04,4호선,서울역,10093,14145,24238,-4052,4,4,월
2022-04-04,4호선,숙대입구(갈월),13231,12842,26073,389,4,4,월
2022-04-04,4호선,삼각지,4423,4875,9298,-452,4,4,월
2022-04-04,4호선,신용산,14337,14917,29254,-580,4,4,월
2022-04-04,4호선,이촌(국립중앙박물관),6254,7138,13392,-884,4,4,월
2022-04-04,4호선,동작(현충원),1577,1812,3389,-235,4,4,월
2022-04-04,4호선,총신대입구(이수),17997,19471,37468,-1474,4,4,월
2022-04-04,4호선,사당,22913,18951,41864,3962,4,4,월
2022-04-04,4호선,남태령,1066,920,1986,146,4,4,월
2022-04-04,5호선,방화,6439,6101,12540,338,4,4,월
2022-04-04,5호선,개화산,5448,5093,10541,355,4,4,월
2022-04-04,5호선,김포공항,6433,6240,12673,193,4,4,월
2022-04-04,5호선,송정,6246,5865,12111,381,4,4,월
2022-04-04,5호선,마곡,10273,10355,20628,-82,4,4,월
2022-04-04,5호선,발산,19435,19998,39433,-563,4,4,월
2022-04-04,5호선,우장산,14152,13915,28067,237,4,4,월
2022-04-04,5호선,화곡,27486,25757,53243,1729,4,4,월
2022-04-04,5호선,까치산,27838,26642,54480,1196,4,4,월
2022-04-04,5호선,신정(은행정),13509,10923,24432,2586,4,4,월
2022-04-04,5호선,목동,15991,17115,33106,-1124,4,4,월
2022-04-04,5호선,오목교(목동운동장앞),19911,21041,40952,-1130,4,4,월
2022-04-04,5호선,양평,7267,7192,14459,75,4,4,월
2022-04-04,5호선,영등포구청,3854,3910,7764,-56,4,4,월
2022-04-04,5호선,영등포시장,9409,9584,18993,-175,4,4,월
2022-04-04,5호선,신길,3969,4246,8215,-277,4,4,월
2022-04-04,5호선,여의도,27145,28578,55723,-1433,4,4,월
2022-04-04,5호선,여의나루,13860,15081,28941,-1221,4,4,월
2022-04-04,5호선,마포,13781,14166,27947,-385,4,4,월
2022-04-04,5호선,공덕,13045,13858,26903,-813,4,4,월
2022-04-04,5호선,애오개,6378,6468,12846,-90,4,4,월
2022-04-04,5호선,충정로(경기대입구),4612,4797,9409,-185,4,4,월
2022-04-04,5호선,서대문,18923,18982,37905,-59,4,4,월
2022-04-04,5호선,광화문(세종문화회관),26639,27950,54589,-1311,4,4,월
2022-04-04,5호선,종로3가,10767,10716,21483,51,4,4,월
2022-04-04,5호선,을지로4가,5961,5958,11919,3,4,4,월
2022-04-04,5호선,동대문역사문화공원(DDP),2667,3082,5749,-415,4,4,월
2022-04-04,5호선,청구,3902,3617,7519,285,4,4,월
2022-04-04,5호선,신금호,6253,6488,12741,-235,4,4,월
2022-04-04,5호선,행당,7776,6899,14675,877,4,4,월
2022-04-04,5호선,왕십리(성동구청),4202,4837,9039,-635,4,4,월
2022-04-04,5호선,마장,5462,5177,10639,285,4,4,월
2022-04-04,5호선,답십리,15306,14104,29410,1202,4,4,월
2022-04-04,5호선,장한평,17510,17231,34741,279,4,4,월
2022-04-04,5호선,군자(능동),10445,11365,21810,-920,4,4,월
2022-04-04,5호선,아차산(어린이대공원후문),14306,13861,28167,445,4,4,월
2022-04-04,5호선,광나루(장신대),12998,11858,24856,1140,4,4,월
2022-04-04,5호선,천호(풍납토성),16154,16300,32454,-146,4,4,월
2022-04-04,5호선,강동,17674,16991,34665,683,4,4,월
2022-04-04,5호선,길동,7633,7940,15573,-307,4,4,월
2022-04-04,5호선,굽은다리(강동구민회관앞),9173,8547,17720,626,4,4,월
2022-04-04,5호선,명일,8321,8714,17035,-393,4,4,월
2022-04-04,5호선,고덕,9248,9257,18505,-9,4,4,월
2022-04-04,5호선,상일동,14420,13438,27858,982,4,4,월
2022-04-04,5호선,둔촌동,8220,8128,16348,92,4,4,월
2022-04-04,5호선,올림픽공원(한국체대),4277,3771,8048,506,4,4,월
2022-04-04,5호선,방이,6606,6941,13547,-335,4,4,월
2022-04-04,5호선,오금,3743,3681,7424,62,4,4,월
2022-04-04,5호선,개롱,6168,6520,12688,-352,4,4,월
2022-04-04,5호선,거여,9904,9440,19344,464,4,4,월
2022-04-04,5호선,마천,7085,6734,13819,351,4,4,월
2022-04-04,5호선,강일,4035,3794,7829,241,4,4,월
2022-04-04,5호선,미사,15232,15439,30671,-207,4,4,월
2022-04-04,5호선,하남풍산,4182,4136,8318,46,4,4,월
2022-04-04,5호선,하남시청(덕풍·신장),6712,6566,13278,146,4,4,월
2022-04-04,5호선,하남검단산,5310,5114,10424,196,4,4,월
2022-04-04,6호선,응암,16729,16687,33416,42,4,4,월
2022-04-04,6호선,역촌,3501,4224,7725,-723,4,4,월
2022-04-04,6호선,불광,3895,4004,7899,-109,4,4,월
2022-04-04,6호선,독바위,2553,2728,5281,-175,4,4,월
2022-04-04,6호선,연신내,1,0,1,1,4,4,월
2022-04-04,6호선,구산,7420,5569,12989,1851,4,4,월
2022-04-04,6호선,새절(신사),12226,11385,23611,841,4,4,월
2022-04-04,6호선,증산(명지대앞),9766,9731,19497,35,4,4,월
2022-04-04,6호선,디지털미디어시티,13261,14452,27713,-1191,4,4,월
2022-04-04,6호선,월드컵경기장(성산),4189,4335,8524,-146,4,4,월
2022-04-04,6호선,마포구청,13595,12110,25705,1485,4,4,월
2022-04-04,6호선,망원,12579,13359,25938,-780,4,4,월
2022-04-04,6호선,합정,11569,11217,22786,352,4,4,월
2022-04-04,6호선,상수,7591,8708,16299,-1117,4,4,월
2022-04-04,6호선,광흥창(서강),8566,8430,16996,136,4,4,월
2022-04-04,6호선,대흥(서강대앞),7865,8224,16089,-359,4,4,월
2022-04-04,6호선,공덕,17242,16711,33953,531,4,4,월
2022-04-04,6호선,효창공원앞,7072,6605,13677,467,4,4,월
2022-04-04,6호선,삼각지,5639,4963,10602,676,4,4,월
2022-04-04,6호선,녹사평(용산구청),4106,4104,8210,2,4,4,월
2022-04-04,6호선,이태원,8287,8479,16766,-192,4,4,월
2022-04-04,6호선,한강진,6119,7117,13236,-998,4,4,월
2022-04-04,6호선,버티고개,1999,1962,3961,37,4,4,월
2022-04-04,6호선,약수,3511,3519,7030,-8,4,4,월
2022-04-04,6호선,청구,3582,3865,7447,-283,4,4,월
2022-04-04,6호선,신당,7324,7857,15181,-533,4,4,월
2022-04-04,6호선,동묘앞,7418,7631,15049,-213,4,4,월
2022-04-04,6호선,창신,3526,2951,6477,575,4,4,월
2022-04-04,6호선,보문,6936,6385,13321,551,4,4,월
2022-04-04,6호선,안암(고대병원앞),13398,13983,27381,-585,4,4,월
2022-04-04,6호선,고려대(종암),8105,7851,15956,254,4,4,월
2022-04-04,6호선,월곡(동덕여대),12297,12060,24357,237,4,4,월
2022-04-04,6호선,상월곡(한국과학기술연구원),6275,5905,12180,370,4,4,월
2022-04-04,6호선,돌곶이,9043,8357,17400,686,4,4,월
2022-04-04,6호선,석계,11870,12661,24531,-791,4,4,월
2022-04-04,6호선,태릉입구,5238,5871,11109,-633,4,4,월
2022-04-04,6호선,화랑대(서울여대입구),11642,9066,20708,2576,4,4,월
2022-04-04,6호선,봉화산(서울의료원),8472,8032,16504,440,4,4,월
2022-04-04,6호선,신내,1,0,1,1,4,4,월
2022-04-04,7호선,장암,2250,834,3084,1416,4,4,월
2022-04-04,7호선,도봉산,9229,10552,19781,-1323,4,4,월
2022-04-04,7호선,수락산,12042,11750,23792,292,4,4,월
2022-04-04,7호선,마들,12257,11793,24050,464,4,4,월
2022-04-04,7호선,노원,17847,18850,36697,-1003,4,4,월
2022-04-04,7호선,중계,14266,13116,27382,1150,4,4,월
2022-04-04,7호선,하계,17063,15869,32932,1194,4,4,월
2022-04-04,7호선,공릉(서울과학기술대),12164,12040,24204,124,4,4,월
2022-04-04,7호선,태릉입구,8308,7964,16272,344,4,4,월
2022-04-04,7호선,먹골,9590,9437,19027,153,4,4,월
2022-04-04,7호선,중화,10493,10182,20675,311,4,4,월
2022-04-04,7호선,상봉(시외버스터미널),15876,14814,30690,1062,4,4,월
2022-04-04,7호선,면목,15776,15476,31252,300,4,4,월
2022-04-04,7호선,사가정,15428,15699,31127,-271,4,4,월
2022-04-04,7호선,용마산(용마폭포공원),5976,5725,11701,251,4,4,월
2022-04-04,7호선,중곡,10652,9847,20499,805,4,4,월
2022-04-04,7호선,군자(능동),14049,11265,25314,2784,4,4,월
2022-04-04,7호선,어린이대공원(세종대),14338,14917,29255,-579,4,4,월
2022-04-04,7호선,건대입구,12164,12882,25046,-718,4,4,월
2022-04-04,7호선,뚝섬유원지,9580,9167,18747,413,4,4,월
2022-04-04,7호선,청담,18563,20585,39148,-2022,4,4,월
2022-04-04,7호선,강남구청,14936,16441,31377,-1505,4,4,월
2022-04-04,7호선,학동,22976,24394,47370,-1418,4,4,월
2022-04-04,7호선,논현,19354,21101,40455,-1747,4,4,월
2022-04-04,7호선,반포,5549,5418,10967,131,4,4,월
2022-04-04,7호선,고속터미널,14740,11974,26714,2766,4,4,월
2022-04-04,7호선,내방,13833,13969,27802,-136,4,4,월
2022-04-04,7호선,이수,14490,14061,28551,429,4,4,월
2022-04-04,7호선,남성,10690,10064,20754,626,4,4,월
2022-04-04,7호선,숭실대입구(살피재),14393,14853,29246,-460,4,4,월
2022-04-04,7호선,상도,10986,10853,21839,133,4,4,월
2022-04-04,7호선,장승배기,8646,8495,17141,151,4,4,월
2022-04-04,7호선,신대방삼거리,16291,15676,31967,615,4,4,월
2022-04-04,7호선,보라매,9695,9712,19407,-17,4,4,월
2022-04-04,7호선,신풍,11351,10829,22180,522,4,4,월
2022-04-04,7호선,대림(구로구청),7388,7265,14653,123,4,4,월
2022-04-04,7호선,남구로,15534,16294,31828,-760,4,4,월
2022-04-04,7호선,가산디지털단지,44134,44589,88723,-455,4,4,월
2022-04-04,7호선,철산,20007,20342,40349,-335,4,4,월
2022-04-04,7호선,광명사거리,21165,20647,41812,518,4,4,월
2022-04-04,7호선,천왕,10981,10572,21553,409,4,4,월
2022-04-04,7호선,온수(성공회대입구),10483,9739,20222,744,4,4,월
2022-04-04,8호선,암사,18166,16064,34230,2102,4,4,월
2022-04-04,8호선,천호(풍납토성),13542,15444,28986,-1902,4,4,월
2022-04-04,8호선,강동구청,10013,10339,20352,-326,4,4,월
2022-04-04,8호선,몽촌토성(평화의문),5833,5829,11662,4,4,4,월
2022-04-04,8호선,잠실(송파구청),13207,15393,28600,-2186,4,4,월
2022-04-04,8호선,석촌,7678,8807,16485,-1129,4,4,월
2022-04-04,8호선,송파,7758,7767,15525,-9,4,4,월
2022-04-04,8호선,가락시장,7391,8171,15562,-780,4,4,월
2022-04-04,8호선,문정,21532,22577,44109,-1045,4,4,월
2022-04-04,8호선,장지,16175,15614,31789,561,4,4,월
2022-04-04,8호선,복정,9450,7983,17433,1467,4,4,월
2022-04-04,8호선,산성,5353,5390,10743,-37,4,4,월
2022-04-04,8호선,남한산성입구(성남법원.검찰청),15215,14313,29528,902,4,4,월
2022-04-04,8호선,단대오거리,11326,10587,21913,739,4,4,월
2022-04-04,8호선,신흥,4122,4450,8572,-328,4,4,월
2022-04-04,8호선,수진,5355,5051,10406,304,4,4,월
2022-04-04,8호선,모란,6480,5160,11640,1320,4,4,월
2022-04-04,8호선,남위례,4573,4760,9333,-187,4,4,월
2022-04-04,9호선,개화,2483,1843,4326,640,4,4,월
2022-04-04,9호선,김포공항,6828,9510,16338,-2682,4,4,월
2022-04-04,9호선,공항시장,2876,3129,6005,-253,4,4,월
2022-04-04,9호선,신방화,6636,6500,13136,136,4,4,월
2022-04-04,9호선,마곡나루(서울식물원),11274,11281,22555,-7,4,4,월
2022-04-04,9호선,양천향교,9629,9801,19430,-172,4,4,월
2022-04-04,9호선,가양,19793,19128,38921,665,4,4,월
2022-04-04,9호선,증미,7022,6823,13845,199,4,4,월
2022-04-04,9호선,등촌,10822,10270,21092,552,4,4,월
2022-04-04,9호선,염창,16482,15840,32322,642,4,4,월
2022-04-04,9호선,신목동,3950,3483,7433,467,4,4,월
2022-04-04,9호선,선유도,8410,8092,16502,318,4,4,월
2022-04-04,9호선,당산,17102,17223,34325,-121,4,4,월
2022-04-04,9호선,국회의사당,15000,15776,30776,-776,4,4,월
2022-04-04,9호선,여의도,25893,25267,51160,626,4,4,월
2022-04-04,9호선,샛강,5593,5871,11464,-278,4,4,월
2022-04-04,9호선,노량진,24769,24057,48826,712,4,4,월
2022-04-04,9호선,노들,4226,3566,7792,660,4,4,월
2022-04-04,9호선,흑석(중앙대입구),8770,8918,17688,-148,4,4,월
2022-04-04,9호선,동작(현충원),2022,1681,3703,341,4,4,월
2022-04-04,9호선,구반포,1211,1307,2518,-96,4,4,월
2022-04-04,9호선,신반포,3208,3152,6360,56,4,4,월
2022-04-04,9호선,고속터미널,11038,13566,24604,-2528,4,4,월
2022-04-04,9호선,사평,3300,3255,6555,45,4,4,월
2022-04-04,9호선,신논현,28646,28099,56745,547,4,4,월
2022-04-04,9호선2~3단계,언주,9807,10091,19898,-284,4,4,월
2022-04-04,9호선2~3단계,선정릉,9190,10006,19196,-816,4,4,월
2022-04-04,9호선2~3단계,삼성중앙,6360,6776,13136,-416,4,4,월
2022-04-04,9호선2~3단계,봉은사,14181,14479,28660,-298,4,4,월
2022-04-04,9호선2~3단계,종합운동장,3914,3936,7850,-22,4,4,월
2022-04-04,9호선2~3단계,삼전,6438,6285,12723,153,4,4,월
2022-04-04,9호선2~3단계,석촌고분,5755,5636,11391,119,4,4,월
2022-04-04,9호선2~3단계,석촌,8344,7433,15777,911,4,4,월
2022-04-04,9호선2~3단계,송파나루,4766,5075,9841,-309,4,4,월
2022-04-04,9호선2~3단계,한성백제,2387,2103,4490,284,4,4,월
2022-04-04,9호선2~3단계,올림픽공원(한국체대),5798,5930,11728,-132,4,4,월
2022-04-04,9호선2~3단계,둔촌오륜,1170,1094,2264,76,4,4,월
2022-04-04,9호선2~3단계,중앙보훈병원,10608,9444,20052,1164,4,4,월
2022-04-04,경강선,판교,4512,4361,8873,151,4,4,월
2022-04-04,경강선,이매,1085,945,2030,140,4,4,월
2022-04-04,경강선,삼동,2399,2187,4586,212,4,4,월
2022-04-04,경강선,경기광주,7513,7193,14706,320,4,4,월
2022-04-04,경강선,초월,3089,2953,6042,136,4,4,월
2022-04-04,경강선,곤지암,2151,2154,4305,-3,4,4,월
2022-04-04,경강선,신둔도예촌,1587,1464,3051,123,4,4,월
2022-04-04,경강선,이천,2515,2655,5170,-140,4,4,월
2022-04-04,경강선,부발,1903,2034,3937,-131,4,4,월
2022-04-04,경강선,세종대왕릉,302,311,613,-9,4,4,월
2022-04-04,경강선,여주,2364,2408,4772,-44,4,4,월
2022-04-04,경부선,서울역,5911,1848,7759,4063,4,4,월
2022-04-04,경부선,남영,9025,9677,18702,-652,4,4,월
2022-04-04,경부선,용산,28639,29066,57705,-427,4,4,월
2022-04-04,경부선,노량진,7575,7851,15426,-276,4,4,월
2022-04-04,경부선,대방,12779,13066,25845,-287,4,4,월
2022-04-04,경부선,영등포,33135,34257,67392,-1122,4,4,월
2022-04-04,경부선,신도림,4025,4041,8066,-16,4,4,월
2022-04-04,경부선,신길,8841,7653,16494,1188,4,4,월
2022-04-04,경부선,구로,17706,17868,35574,-162,4,4,월
2022-04-04,경부선,가산디지털단지,18195,21001,39196,-2806,4,4,월
2022-04-04,경부선,금천구청,11454,11317,22771,137,4,4,월
2022-04-04,경부선,석수,9536,8439,17975,1097,4,4,월
2022-04-04,경부선,관악,7019,6453,13472,566,4,4,월
2022-04-04,경부선,안양,25337,24941,50278,396,4,4,월
2022-04-04,경부선,명학,10057,10173,20230,-116,4,4,월
2022-04-04,경부선,금정,25957,26411,52368,-454,4,4,월
2022-04-04,경부선,군포,7793,7829,15622,-36,4,4,월
2022-04-04,경부선,의왕,9321,9210,18531,111,4,4,월
2022-04-04,경부선,성균관대,14501,14725,29226,-224,4,4,월
2022-04-04,경부선,화서,8035,7648,15683,387,4,4,월
2022-04-04,경부선,수원,33216,35082,68298,-1866,4,4,월
2022-04-04,경부선,독산,18383,18958,37341,-575,4,4,월
2022-04-04,경부선,세류,3129,2824,5953,305,4,4,월
2022-04-04,경부선,병점,15198,15089,30287,109,4,4,월
2022-04-04,경부선,세마,2756,2566,5322,190,4,4,월
2022-04-04,경부선,오산대,3944,3650,7594,294,4,4,월
2022-04-04,경부선,오산,9924,10057,19981,-133,4,4,월
2022-04-04,경부선,진위,1732,1468,3200,264,4,4,월
2022-04-04,경부선,송탄,4228,4198,8426,30,4,4,월
2022-04-04,경부선,서정리,7195,7009,14204,186,4,4,월
2022-04-04,경부선,평택지제,3532,3277,6809,255,4,4,월
2022-04-04,경부선,평택,12510,12634,25144,-124,4,4,월
2022-04-04,경부선,성환,5287,5496,10783,-209,4,4,월
2022-04-04,경부선,직산,864,840,1704,24,4,4,월
2022-04-04,경부선,두정,7168,8381,15549,-1213,4,4,월
2022-04-04,경부선,천안,6601,6481,13082,120,4,4,월
2022-04-04,경부선,당정,6906,6514,13420,392,4,4,월
2022-04-04,경부선,서동탄,1327,1134,2461,193,4,4,월
2022-04-04,경부선,광명,3231,2749,5980,482,4,4,월
2022-04-04,경원선,이촌(국립중앙박물관),3493,2709,6202,784,4,4,월
2022-04-04,경원선,서빙고,1810,1652,3462,158,4,4,월
2022-04-04,경원선,한남,3908,3741,7649,167,4,4,월
2022-04-04,경원선,옥수,41,43,84,-2,4,4,월
2022-04-04,경원선,응봉,2352,2511,4863,-159,4,4,월
2022-04-04,경원선,왕십리(성동구청),13457,14539,27996,-1082,4,4,월
2022-04-04,경원선,청량리(서울시립대입구),13692,14538,28230,-846,4,4,월
2022-04-04,경원선,외대앞,8206,8562,16768,-356,4,4,월
2022-04-04,경원선,신이문,8124,7521,15645,603,4,4,월
2022-04-04,경원선,석계,8092,9010,17102,-918,4,4,월
2022-04-04,경원선,광운대,8929,9017,17946,-88,4,4,월
2022-04-04,경원선,월계,7531,6892,14423,639,4,4,월
2022-04-04,경원선,녹천,4724,3970,8694,754,4,4,월
2022-04-04,경원선,창동,1,0,1,1,4,4,월
2022-04-04,경원선,방학,9588,9234,18822,354,4,4,월
2022-04-04,경원선,도봉,5775,5442,11217,333,4,4,월
2022-04-04,경원선,도봉산,7645,5175,12820,2470,4,4,월
2022-04-04,경원선,망월사,8362,8369,16731,-7,4,4,월
2022-04-04,경원선,회룡,12293,12293,24586,0,4,4,월
2022-04-04,경원선,의정부,17540,17938,35478,-398,4,4,월
2022-04-04,경원선,가능,6718,6447,13165,271,4,4,월
2022-04-04,경원선,녹양,4652,4399,9051,253,4,4,월
2022-04-04,경원선,양주,7886,7395,15281,491,4,4,월
2022-04-04,경원선,덕계,3206,2943,6149,263,4,4,월
2022-04-04,경원선,덕정,6468,6322,12790,146,4,4,월
2022-04-04,경원선,지행,6454,6380,12834,74,4,4,월
2022-04-04,경원선,동두천중앙,3060,2957,6017,103,4,4,월
2022-04-04,경원선,보산,1518,1307,2825,211,4,4,월
2022-04-04,경원선,동두천,2625,2964,5589,-339,4,4,월
2022-04-04,경원선,소요산,2803,2354,5157,449,4,4,월
2022-04-04,경의선,서울역,4197,5419,9616,-1222,4,4,월
2022-04-04,경의선,신촌,807,1065,1872,-258,4,4,월
2022-04-04,경의선,효창공원앞,3043,3279,6322,-236,4,4,월
2022-04-04,경의선,공덕,3184,2900,6084,284,4,4,월
2022-04-04,경의선,서강대,2083,1977,4060,106,4,4,월
2022-04-04,경의선,홍대입구,1511,1639,3150,-128,4,4,월
2022-04-04,경의선,가좌,5335,4956,10291,379,4,4,월
2022-04-04,경의선,수색,2832,2972,5804,-140,4,4,월
2022-04-05,5호선,올림픽공원(한국체대),4349,3754,8103,595,4,5,화
2022-04-05,5호선,방이,6836,7020,13856,-184,4,5,화
2022-04-05,5호선,오금,3775,3759,7534,16,4,5,화
2022-04-05,5호선,개롱,6314,6559,12873,-245,4,5,화
2022-04-05,5호선,거여,10163,9578,19741,585,4,5,화
2022-04-05,5호선,마천,7111,6935,14046,176,4,5,화
2022-04-05,5호선,강일,4096,3906,8002,190,4,5,화
2022-04-05,5호선,미사,15431,15391,30822,40,4,5,화
2022-04-05,5호선,하남풍산,4171,4169,8340,2,4,5,화
2022-04-05,5호선,하남시청(덕풍·신장),6363,6214,12577,149,4,5,화
2022-04-05,5호선,하남검단산,5506,5222,10728,284,4,5,화
2022-04-05,6호선,응암,17217,16979,34196,238,4,5,화
2022-04-05,6호선,역촌,3599,4195,7794,-596,4,5,화
2022-04-05,6호선,불광,4157,4074,8231,83,4,5,화
2022-04-05,6호선,독바위,2599,2776,5375,-177,4,5,화
2022-04-05,6호선,연신내,1,0,1,1,4,5,화
2022-04-05,6호선,구산,7518,5559,13077,1959,4,5,화
2022-04-05,6호선,새절(신사),12622,11771,24393,851,4,5,화
2022-04-05,6호선,증산(명지대앞),9795,9950,19745,-155,4,5,화
2022-04-05,6호선,디지털미디어시티,13379,14629,28008,-1250,4,5,화
2022-04-05,6호선,월드컵경기장(성산),4198,4450,8648,-252,4,5,화
2022-04-05,6호선,마포구청,13715,12400,26115,1315,4,5,화
2022-04-05,6호선,망원,12787,13600,26387,-813,4,5,화
2022-04-05,6호선,합정,12139,11659,23798,480,4,5,화
2022-04-05,6호선,상수,8062,9132,17194,-1070,4,5,화
2022-04-05,6호선,광흥창(서강),8831,8584,17415,247,4,5,화
2022-04-05,6호선,대흥(서강대앞),8139,8464,16603,-325,4,5,화
2022-04-05,6호선,공덕,17709,17090,34799,619,4,5,화
2022-04-05,6호선,효창공원앞,7068,6688,13756,380,4,5,화
2022-04-05,6호선,삼각지,6087,5334,11421,753,4,5,화
2022-04-05,6호선,녹사평(용산구청),4288,4215,8503,73,4,5,화
2022-04-05,6호선,이태원,8651,8921,17572,-270,4,5,화
2022-04-05,6호선,한강진,6978,8130,15108,-1152,4,5,화
2022-04-05,6호선,버티고개,2097,2080,4177,17,4,5,화
2022-04-05,6호선,약수,3593,3563,7156,30,4,5,화
2022-04-05,6호선,청구,3677,3974,7651,-297,4,5,화
2022-04-05,6호선,신당,8296,8664,16960,-368,4,5,화
2022-04-05,6호선,동묘앞,7422,7555,14977,-133,4,5,화
2022-04-05,6호선,창신,3617,3037,6654,580,4,5,화
2022-04-05,6호선,보문,7115,6561,13676,554,4,5,화
2022-04-05,6호선,안암(고대병원앞),13979,13997,27976,-18,4,5,화
2022-04-05,6호선,고려대(종암),8424,8317,16741,107,4,5,화
2022-04-05,6호선,월곡(동덕여대),12389,12017,24406,372,4,5,화
2022-04-05,6호선,상월곡(한국과학기술연구원),6364,5897,12261,467,4,5,화
2022-04-05,6호선,돌곶이,9191,8453,17644,738,4,5,화
2022-04-05,6호선,석계,12295,12837,25132,-542,4,5,화
2022-04-05,6호선,태릉입구,5356,5968,11324,-612,4,5,화
2022-04-05,6호선,화랑대(서울여대입구),12226,9587,21813,2639,4,5,화
2022-04-05,6호선,봉화산(서울의료원),8708,8245,16953,463,4,5,화
2022-04-05,7호선,장암,2226,858,3084,1368,4,5,화
2022-04-05,7호선,도봉산,9602,10973,20575,-1371,4,5,화
2022-04-05,7호선,수락산,12250,12012,24262,238,4,5,화
2022-04-05,7호선,마들,12450,11840,24290,610,4,5,화
2022-04-05,7호선,노원,18170,19157,37327,-987,4,5,화
2022-04-05,7호선,중계,14596,13325,27921,1271,4,5,화
2022-04-05,7호선,하계,17417,16420,33837,997,4,5,화
2022-04-05,7호선,공릉(서울과학기술대),12566,12413,24979,153,4,5,화
2022-04-05,7호선,태릉입구,8683,8318,17001,365,4,5,화
2022-04-05,7호선,먹골,9765,9670,19435,95,4,5,화
2022-04-05,7호선,중화,10600,10357,20957,243,4,5,화
2022-04-05,7호선,상봉(시외버스터미널),16093,15073,31166,1020,4,5,화
2022-04-05,7호선,면목,16136,15667,31803,469,4,5,화
2022-04-05,7호선,사가정,15887,15891,31778,-4,4,5,화
2022-04-05,7호선,용마산(용마폭포공원),6089,5993,12082,96,4,5,화
2022-04-05,7호선,중곡,10859,10172,21031,687,4,5,화
2022-04-05,7호선,군자(능동),14436,11541,25977,2895,4,5,화
2022-04-05,7호선,어린이대공원(세종대),14928,15285,30213,-357,4,5,화
2022-04-05,7호선,건대입구,12463,12893,25356,-430,4,5,화
2022-04-05,7호선,뚝섬유원지,9614,9532,19146,82,4,5,화
2022-04-05,7호선,청담,18905,21145,40050,-2240,4,5,화
2022-04-05,7호선,강남구청,15664,17283,32947,-1619,4,5,화
2022-04-05,7호선,학동,23463,25117,48580,-1654,4,5,화
2022-04-05,7호선,논현,19754,21528,41282,-1774,4,5,화
2022-04-05,7호선,반포,5563,5421,10984,142,4,5,화
2022-04-05,7호선,고속터미널,13820,12013,25833,1807,4,5,화
2022-04-05,7호선,내방,14102,14499,28601,-397,4,5,화
2022-04-05,7호선,이수,14986,14498,29484,488,4,5,화
2022-04-05,7호선,남성,11004,10250,21254,754,4,5,화
2022-04-05,7호선,숭실대입구(살피재),14816,15223,30039,-407,4,5,화
2022-04-05,7호선,상도,11152,10892,22044,260,4,5,화
2022-04-05,7호선,장승배기,8723,8437,17160,286,4,5,화
2022-04-05,7호선,신대방삼거리,16257,15511,31768,746,4,5,화
2022-04-05,7호선,보라매,9996,9861,19857,135,4,5,화
2022-04-05,7호선,신풍,11399,10892,22291,507,4,5,화
2022-04-05,7호선,대림(구로구청),7409,7405,14814,4,4,5,화
2022-04-05,7호선,남구로,15445,16244,31689,-799,4,5,화
2022-04-05,7호선,가산디지털단지,44203,44959,89162,-756,4,5,화
2022-04-05,1호선,서울역,38512,37425,75937,1087,4,5,화
2022-04-05,1호선,시청,21895,21825,43720,70,4,5,화
2022-04-05,1호선,종각,32121,31438,63559,683,4,5,화
2022-04-05,1호선,종로3가,23299,21360,44659,1939,4,5,화
2022-04-05,1호선,종로5가,22152,21995,44147,157,4,5,화
2022-04-05,1호선,동대문,10543,9724,20267,819,4,5,화
2022-04-05,1호선,신설동,13044,12791,25835,253,4,5,화
2022-04-05,1호선,제기동,17223,17507,34730,-284,4,5,화
2022-04-05,1호선,청량리(서울시립대입구),19367,18999,38366,368,4,5,화
2022-04-05,1호선,동묘앞,7797,8125,15922,-328,4,5,화
2022-04-05,2호선,시청,22546,22079,44625,467,4,5,화
2022-04-05,2호선,을지로입구,35970,37300,73270,-1330,4,5,화
2022-04-05,2호선,을지로3가,20833,20909,41742,-76,4,5,화
2022-04-05,2호선,을지로4가,12352,12402,24754,-50,4,5,화
2022-04-05,2호선,동대문역사문화공원(DDP),11141,12401,23542,-1260,4,5,화
2022-04-05,2호선,신당,13210,13892,27102,-682,4,5,화
2022-04-05,2호선,상왕십리,13657,13257,26914,400,4,5,화
2022-04-05,2호선,왕십리(성동구청),15913,12431,28344,3482,4,5,화
2022-04-05,2호선,한양대,15383,17011,32394,-1628,4,5,화
2022-04-05,2호선,뚝섬,21369,23024,44393,-1655,4,5,화
2022-04-05,2호선,성수,35974,39200,75174,-3226,4,5,화
2022-04-05,2호선,건대입구,33749,36088,69837,-2339,4,5,화
2022-04-05,2호선,구의(광진구청),22885,22573,45458,312,4,5,화
2022-04-05,2호선,강변(동서울터미널),27206,25695,52901,1511,4,5,화
2022-04-05,2호선,잠실나루,14415,13985,28400,430,4,5,화
2022-04-05,2호선,잠실(송파구청),67590,67230,134820,360,4,5,화
2022-04-05,2호선,잠실새내,19966,20068,40034,-102,4,5,화
2022-04-05,2호선,종합운동장,9646,10490,20136,-844,4,5,화
2022-04-05,2호선,삼성(무역센터),47137,47803,94940,-666,4,5,화
2022-04-05,2호선,선릉,54240,48365,102605,5875,4,5,화
2022-04-05,2호선,역삼,49665,55687,105352,-6022,4,5,화
2022-04-05,2호선,강남,77221,76703,153924,518,4,5,화
2022-04-05,2호선,교대(법원.검찰청),32950,36972,69922,-4022,4,5,화
2022-04-05,2호선,서초,20802,20402,41204,400,4,5,화
2022-04-05,2호선,방배,19032,19921,38953,-889,4,5,화
2022-04-05,2호선,사당,34634,38544,73178,-3910,4,5,화
2022-04-05,2호선,낙성대(강감찬),26196,25758,51954,438,4,5,화
2022-04-05,2호선,서울대입구(관악구청),46645,45856,92501,789,4,5,화
2022-04-05,중앙선,지평,67,82,149,-15,4,5,화
2022-04-05,중앙선,용문,3790,3684,7474,106,4,5,화
2022-04-05,중앙선,원덕,467,434,901,33,4,5,화
2022-04-05,중앙선,양평,2652,2757,5409,-105,4,5,화
2022-04-05,중앙선,오빈,304,316,620,-12,4,5,화
2022-04-05,중앙선,아신,549,529,1078,20,4,5,화
2022-04-05,중앙선,국수,807,765,1572,42,4,5,화
2022-04-05,중앙선,신원,237,216,453,21,4,5,화
2022-04-05,중앙선,양수,1930,1973,3903,-43,4,5,화
2022-04-05,중앙선,운길산,927,865,1792,62,4,5,화
2022-04-05,우이신설선,4.19민주묘지,3354,3217,6571,137,4,5,화
2022-04-05,우이신설선,솔밭공원,2477,2380,4857,97,4,5,화
2022-04-05,우이신설선,북한산우이,2683,2503,5186,180,4,5,화
2022-04-05,안산선,수리산,4298,3529,7827,769,4,5,화
2022-04-05,안산선,오이도,8425,8264,16689,161,4,5,화
2022-04-05,안산선,정왕,10247,10572,20819,-325,4,5,화
2022-04-05,안산선,신길온천,1725,1598,3323,127,4,5,화
2022-04-05,안산선,안산,11452,10290,21742,1162,4,5,화
2022-04-05,안산선,초지,5204,5537,10741,-333,4,5,화
2022-04-05,안산선,고잔,8961,8411,17372,550,4,5,화
2022-04-05,안산선,중앙,17617,18387,36004,-770,4,5,화
2022-04-05,안산선,한대앞,10610,10930,21540,-320,4,5,화
2022-04-05,안산선,상록수,16166,16478,32644,-312,4,5,화
2022-04-05,안산선,반월,4367,4218,8585,149,4,5,화
2022-04-05,안산선,대야미,5055,4516,9571,539,4,5,화
2022-04-05,안산선,산본,15445,16552,31997,-1107,4,5,화
2022-04-05,수인선,인천,958,1598,2556,-640,4,5,화
2022-04-05,수인선,신포,1887,1859,3746,28,4,5,화
2022-04-05,수인선,숭의,4042,3808,7850,234,4,5,화
2022-04-05,수인선,인하대,7108,6814,13922,294,4,5,화
2022-04-05,수인선,송도,2498,2313,4811,185,4,5,화
2022-04-05,수인선,연수,4561,4569,9130,-8,4,5,화
2022-04-05,수인선,원인재,4333,4594,8927,-261,4,5,화
2022-04-05,수인선,남동인더스파크,2296,2571,4867,-275,4,5,화
2022-04-05,수인선,호구포,4046,4158,8204,-112,4,5,화
2022-04-05,수인선,인천논현,5503,5850,11353,-347,4,5,화
2022-04-05,수인선,소래포구,5539,5225,10764,314,4,5,화
2022-04-05,수인선,월곶,2740,2493,5233,247,4,5,화
2022-04-05,수인선,달월,99,58,157,41,4,5,화
2022-04-05,수인선,사리,4799,4330,9129,469,4,5,화
2022-04-05,수인선,야목,406,315,721,91,4,5,화
2022-04-05,수인선,어천,755,745,1500,10,4,5,화
2022-04-05,수인선,오목천,3510,3382,6892,128,4,5,화
2022-04-05,수인선,고색,5246,4952,10198,294,4,5,화
2022-04-05,분당선,매교,3167,3153,6320,14,4,5,화
2022-04-05,분당선,수원시청,11954,12773,24727,-819,4,5,화
2022-04-05,분당선,매탄권선,5015,4915,9930,100,4,5,화
2022-04-05,분당선,망포,13909,13266,27175,643,4,5,화
2022-04-05,분당선,영통,7977,8232,16209,-255,4,5,화
2022-04-05,분당선,청명,4239,4092,8331,147,4,5,화
2022-04-05,분당선,상갈,5286,5180,10466,106,4,5,화
2022-04-05,분당선,기흥,9825,9177,19002,648,4,5,화
2022-04-05,분당선,신갈,4352,4359,8711,-7,4,5,화
2022-04-05,분당선,구성,4947,5100,10047,-153,4,5,화
2022-04-05,분당선,죽전,13942,15329,29271,-1387,4,5,화
2022-04-05,분당선,보정,2509,2233,4742,276,4,5,화
2022-04-05,분당선,이매,5562,5197,10759,365,4,5,화
2022-04-05,분당선,오리,11364,9285,20649,2079,4,5,화
2022-04-05,분당선,미금,14922,15937,30859,-1015,4,5,화
2022-04-05,분당선,정자,16241,17289,33530,-1048,4,5,화
2022-04-05,분당선,수내,12594,12749,25343,-155,4,5,화
2022-04-05,분당선,서현,22614,22868,45482,-254,4,5,화
2022-04-05,분당선,야탑,24624,25804,50428,-1180,4,5,화
2022-04-05,분당선,모란,19484,19809,39293,-325,4,5,화
2022-04-05,분당선,태평,13088,12644,25732,444,4,5,화
2022-04-05,분당선,가천대,10199,11086,21285,-887,4,5,화
2022-04-05,분당선,선정릉,7798,8429,16227,-631,4,5,화
2022-04-05,분당선,강남구청,9742,11260,21002,-1518,4,5,화
2022-04-05,분당선,압구정로데오,17488,19257,36745,-1769,4,5,화
2022-04-05,분당선,서울숲,11436,11632,23068,-196,4,5,화
2022-04-05,분당선,수원,7907,6673,14580,1234,4,5,화
2022-04-05,분당선,수서,12641,12645,25286,-4,4,5,화
2022-04-05,분당선,대모산입구,4394,4125,8519,269,4,5,화
2022-04-05,분당선,개포동,3861,3962,7823,-101,4,5,화
2022-04-05,분당선,구룡,2308,2201,4509,107,4,5,화
2022-04-05,분당선,도곡,6948,6716,13664,232,4,5,화
2022-04-05,분당선,한티,13825,14816,28641,-991,4,5,화
2022-04-05,분당선,선릉,12863,19562,32425,-6699,4,5,화
2022-04-05,과천선,범계,25397,25299,50696,98,4,5,화
2022-04-05,과천선,평촌,17406,17107,34513,299,4,5,화
2022-04-05,과천선,인덕원,23962,24572,48534,-610,4,5,화
2022-04-05,과천선,정부과천청사,10393,10246,20639,147,4,5,화
2022-04-05,과천선,과천,6086,5650,11736,436,4,5,화
2022-04-05,과천선,대공원,3364,3468,6832,-104,4,5,화
2022-04-05,과천선,경마공원,1459,1429,2888,30,4,5,화
2022-04-05,과천선,선바위,8170,7271,15441,899,4,5,화
2022-04-05,공항철도 1호선,영종,2945,2970,5915,-25,4,5,화
2022-04-05,공항철도 1호선,인천공항2터미널,2301,2168,4469,133,4,5,화
2022-04-05,공항철도 1호선,인천공항1터미널,3858,4022,7880,-164,4,5,화
2022-04-05,공항철도 1호선,공항화물청사,2321,2516,4837,-195,4,5,화
2022-04-05,공항철도 1호선,운서,6578,6511,13089,67,4,5,화
2022-04-05,공항철도 1호선,청라국제도시,6873,6460,13333,413,4,5,화
2022-04-05,공항철도 1호선,검암,6362,6380,12742,-18,4,5,화
2022-04-05,공항철도 1호선,계양,10386,9878,20264,508,4,5,화
2022-04-05,공항철도 1호선,김포공항,10490,5991,16481,4499,4,5,화
2022-04-05,공항철도 1호선,마곡나루(서울식물원),8876,8697,17573,179,4,5,화
2022-04-05,공항철도 1호선,디지털미디어시티,13542,12574,26116,968,4,5,화
2022-04-05,공항철도 1호선,홍대입구,8342,8493,16835,-151,4,5,화
2022-04-05,공항철도 1호선,공덕,2189,2749,4938,-560,4,5,화
2022-04-05,공항철도 1호선,서울역,6734,6219,12953,515,4,5,화
2022-04-05,경춘선,춘천,1465,1389,2854,76,4,5,화
2022-04-05,경춘선,남춘천,2247,2241,4488,6,4,5,화
2022-04-05,경춘선,김유정,276,291,567,-15,4,5,화
2022-04-05,경춘선,강촌,406,426,832,-20,4,5,화
2022-04-05,경춘선,백양리,87,84,171,3,4,5,화
2022-04-05,경춘선,굴봉산,143,144,287,-1,4,5,화
2022-04-05,경춘선,가평,1464,1415,2879,49,4,5,화
2022-04-05,경춘선,상천,299,291,590,8,4,5,화
2022-04-05,경춘선,청평,1524,1487,3011,37,4,5,화
2022-04-05,경춘선,대성리,555,439,994,116,4,5,화
2022-04-05,경춘선,마석,3986,3981,7967,5,4,5,화
2022-04-05,경춘선,천마산,1764,1600,3364,164,4,5,화
2022-04-05,경춘선,평내호평,6358,6261,12619,97,4,5,화
2022-04-05,경춘선,금곡,1571,1509,3080,62,4,5,화
2022-04-05,경춘선,사릉,2561,2472,5033,89,4,5,화
2022-04-05,경춘선,퇴계원,3525,3294,6819,231,4,5,화
2022-04-05,경춘선,별내,3248,3054,6302,194,4,5,화
2022-04-05,경춘선,갈매,3015,2661,5676,354,4,5,화
2022-04-05,경춘선,신내,2273,2154,4427,119,4,5,화
2022-04-05,경인선,도화,4153,3743,7896,410,4,5,화
2022-04-05,경인선,중동,9270,8672,17942,598,4,5,화
2022-04-05,경인선,온수(성공회대입구),6973,6625,13598,348,4,5,화
2022-04-05,경인선,도원,3133,3070,6203,63,4,5,화
2022-04-05,경인선,간석,5930,5585,11515,345,4,5,화
2022-04-05,경인선,부개,8528,7994,16522,534,4,5,화
2022-04-05,경인선,소사,9078,8721,17799,357,4,5,화
2022-04-05,경인선,구일,7643,7640,15283,3,4,5,화
2022-04-05,경인선,인천,3420,2657,6077,763,4,5,화
2022-04-05,경인선,동인천,13392,12505,25897,887,4,5,화
2022-04-05,경인선,제물포,10932,10614,21546,318,4,5,화
2022-04-05,경인선,주안,19094,17387,36481,1707,4,5,화
2022-04-05,경인선,동암,14069,14172,28241,-103,4,5,화
2022-04-05,경인선,백운,6880,6752,13632,128,4,5,화
2022-04-05,경인선,부평,27010,28802,55812,-1792,4,5,화
2022-04-05,경인선,송내,26802,26773,53575,29,4,5,화
2022-04-05,경인선,부천,30876,30770,61646,106,4,5,화
2022-04-05,경인선,역곡,28091,27549,55640,542,4,5,화
2022-04-05,경인선,오류동,11686,10791,22477,895,4,5,화
2022-04-05,경인선,개봉,20772,4896,25668,15876,4,5,화
2022-04-05,경의선,임진강,9,7,16,2,4,5,화
2022-04-05,경의선,문산,4941,4833,9774,108,4,5,화
2022-04-05,경의선,파주,1531,1147,2678,384,4,5,화
2022-04-05,경의선,월롱,2903,2738,5641,165,4,5,화
2022-04-05,경의선,금촌,6218,6060,12278,158,4,5,화
2022-04-05,경의선,금릉,4743,4645,9388,98,4,5,화
2022-04-05,경의선,운정,7005,6492,13497,513,4,5,화
2022-04-05,경의선,야당,7240,7336,14576,-96,4,5,화
2022-04-05,경의선,탄현,7637,7365,15002,272,4,5,화
2022-04-05,경의선,일산,9499,9315,18814,184,4,5,화
2022-04-05,경의선,풍산,5576,5187,10763,389,4,5,화
2022-04-05,경의선,백마,6905,6691,13596,214,4,5,화
2022-04-05,경의선,곡산,657,676,1333,-19,4,5,화
2022-04-05,경의선,능곡,3767,3517,7284,250,4,5,화
2022-04-05,경의선,행신,7648,7841,15489,-193,4,5,화
2022-04-05,경의선,강매,3283,2882,6165,401,4,5,화
2022-04-05,경의선,화전,3650,3412,7062,238,4,5,화
2022-04-05,경의선,수색,2862,3003,5865,-141,4,5,화
2022-04-05,경의선,디지털미디어시티,2458,2224,4682,234,4,5,화
2022-04-05,경의선,가좌,5365,5110,10475,255,4,5,화
2022-04-05,경의선,홍대입구,1552,1696,3248,-144,4,5,화
2022-04-05,경의선,서강대,2053,2044,4097,9,4,5,화
2022-04-05,경의선,공덕,3200,2950,6150,250,4,5,화
2022-04-05,경의선,효창공원앞,3017,3205,6222,-188,4,5,화
2022-04-05,경의선,신촌,871,1106,1977,-235,4,5,화
2022-04-05,경의선,서울역,4273,5440,9713,-1167,4,5,화
2022-04-05,경원선,소요산,2674,2370,5044,304,4,5,화
2022-04-05,경원선,동두천,2781,2970,5751,-189,4,5,화
2022-04-05,경원선,보산,1429,1294,2723,135,4,5,화
2022-04-05,경원선,동두천중앙,3306,3272,6578,34,4,5,화
2022-04-05,경원선,지행,6450,6368,12818,82,4,5,화
2022-04-05,경원선,덕정,6565,6395,12960,170,4,5,화
2022-04-05,경원선,덕계,3422,3046,6468,376,4,5,화
2022-04-05,경원선,양주,7943,7499,15442,444,4,5,화
2022-04-05,경원선,녹양,4667,4377,9044,290,4,5,화
2022-04-05,경원선,가능,6756,6475,13231,281,4,5,화
2022-04-05,경원선,의정부,17614,18127,35741,-513,4,5,화
2022-04-05,경원선,회룡,12515,12494,25009,21,4,5,화
2022-04-05,경원선,망월사,8520,8665,17185,-145,4,5,화
2022-04-05,경원선,도봉산,7956,5302,13258,2654,4,5,화
2022-04-05,경원선,도봉,5885,5755,11640,130,4,5,화
2022-04-05,경원선,방학,9562,9384,18946,178,4,5,화
2022-04-05,경원선,녹천,4794,3946,8740,848,4,5,화
2022-04-05,경원선,월계,8138,7545,15683,593,4,5,화
2022-04-05,경원선,광운대,8808,8762,17570,46,4,5,화
2022-04-05,경원선,석계,8268,9176,17444,-908,4,5,화
2022-04-05,경원선,신이문,8279,7679,15958,600,4,5,화
2022-04-05,경원선,외대앞,8259,8345,16604,-86,4,5,화
2022-04-05,경원선,청량리(서울시립대입구),13649,14297,27946,-648,4,5,화
2022-04-05,경원선,왕십리(성동구청),13663,14545,28208,-882,4,5,화
2022-04-05,경원선,응봉,2346,2309,4655,37,4,5,화
2022-04-05,경원선,옥수,45,33,78,12,4,5,화
2022-04-05,경원선,한남,3927,3729,7656,198,4,5,화
2022-04-05,경원선,서빙고,1976,1843,3819,133,4,5,화
2022-04-05,경원선,이촌(국립중앙박물관),3434,2709,6143,725,4,5,화
2022-04-05,경부선,광명,3047,2598,5645,449,4,5,화
2022-04-05,경부선,서동탄,1405,1193,2598,212,4,5,화
2022-04-05,경부선,당정,6975,6581,13556,394,4,5,화
2022-04-05,경부선,천안,6544,6247,12791,297,4,5,화
2022-04-05,경부선,두정,7404,8087,15491,-683,4,5,화
2022-04-05,경부선,직산,838,841,1679,-3,4,5,화
2022-04-05,경부선,성환,4860,4800,9660,60,4,5,화
2022-04-05,경부선,평택,11970,12169,24139,-199,4,5,화
2022-04-05,경부선,평택지제,3411,3222,6633,189,4,5,화
2022-04-05,경부선,서정리,7225,6870,14095,355,4,5,화
2022-04-05,경부선,송탄,4268,4070,8338,198,4,5,화
2022-04-05,경부선,진위,1770,1558,3328,212,4,5,화
2022-04-05,경부선,오산,9816,9770,19586,46,4,5,화
2022-04-05,경부선,오산대,4131,3772,7903,359,4,5,화
2022-04-05,경부선,세마,2852,2653,5505,199,4,5,화
2022-04-05,경부선,병점,15424,15411,30835,13,4,5,화
2022-04-05,경부선,세류,2868,2625,5493,243,4,5,화
2022-04-05,경부선,독산,18641,19213,37854,-572,4,5,화
2022-04-05,경부선,수원,33421,35465,68886,-2044,4,5,화
2022-04-05,경부선,화서,8261,7898,16159,363,4,5,화
2022-04-05,경부선,성균관대,14967,14865,29832,102,4,5,화
2022-04-05,경부선,의왕,9119,9075,18194,44,4,5,화
2022-04-05,경부선,군포,7655,7708,15363,-53,4,5,화
2022-04-05,경부선,금정,26613,27143,53756,-530,4,5,화
2022-04-05,경부선,명학,10757,10695,21452,62,4,5,화
2022-04-05,경부선,안양,25527,25251,50778,276,4,5,화
2022-04-05,경부선,관악,7291,6723,14014,568,4,5,화
2022-04-05,경부선,석수,9714,8627,18341,1087,4,5,화
2022-04-05,경부선,금천구청,11609,11647,23256,-38,4,5,화
2022-04-05,경부선,가산디지털단지,18282,21099,39381,-2817,4,5,화
2022-04-05,경부선,구로,17813,18122,35935,-309,4,5,화
2022-04-05,경부선,신길,9041,7650,16691,1391,4,5,화
2022-04-05,경부선,신도림,4045,4087,8132,-42,4,5,화
2022-04-05,경부선,영등포,34070,34780,68850,-710,4,5,화
2022-04-05,경부선,대방,12813,13082,25895,-269,4,5,화
2022-04-05,경부선,노량진,7829,7860,15689,-31,4,5,화
2022-04-05,경부선,용산,27677,28142,55819,-465,4,5,화
2022-04-05,경부선,남영,9336,9909,19245,-573,4,5,화
2022-04-05,경부선,서울역,4939,1630,6569,3309,4,5,화
2022-04-05,경강선,여주,2407,2407,4814,0,4,5,화
2022-04-05,경강선,세종대왕릉,314,298,612,16,4,5,화
2022-04-05,경강선,부발,1989,1964,3953,25,4,5,화
2022-04-05,경강선,이천,2392,2546,4938,-154,4,5,화
2022-04-05,경강선,신둔도예촌,1669,1455,3124,214,4,5,화
2022-04-05,경강선,곤지암,2137,2135,4272,2,4,5,화
2022-04-05,경강선,초월,3181,3043,6224,138,4,5,화
2022-04-05,경강선,경기광주,7648,7184,14832,464,4,5,화
2022-04-05,경강선,삼동,2316,2126,4442,190,4,5,화
2022-04-05,경강선,이매,1132,954,2086,178,4,5,화
2022-04-05,경강선,판교,4396,4377,8773,19,4,5,화
2022-04-05,9호선2~3단계,중앙보훈병원,10625,9421,20046,1204,4,5,화
2022-04-05,9호선2~3단계,둔촌오륜,1166,1081,2247,85,4,5,화
2022-04-05,9호선2~3단계,올림픽공원(한국체대),5800,5702,11502,98,4,5,화
2022-04-05,9호선2~3단계,한성백제,2458,2141,4599,317,4,5,화
2022-04-05,9호선2~3단계,송파나루,4991,5249,10240,-258,4,5,화
2022-04-05,9호선2~3단계,석촌,8356,7618,15974,738,4,5,화
2022-04-05,9호선2~3단계,석촌고분,5886,5763,11649,123,4,5,화
2022-04-05,9호선2~3단계,삼전,6606,6334,12940,272,4,5,화
2022-04-05,9호선2~3단계,종합운동장,3954,4014,7968,-60,4,5,화
2022-04-05,9호선2~3단계,봉은사,14881,15059,29940,-178,4,5,화
2022-04-05,9호선2~3단계,삼성중앙,6534,6984,13518,-450,4,5,화
2022-04-05,9호선2~3단계,선정릉,9245,10294,19539,-1049,4,5,화
2022-04-05,9호선2~3단계,언주,10029,10317,20346,-288,4,5,화
2022-04-05,9호선,신논현,29167,28786,57953,381,4,5,화
2022-04-05,9호선,사평,3305,3243,6548,62,4,5,화
2022-04-05,9호선,고속터미널,10885,13324,24209,-2439,4,5,화
2022-04-05,9호선,신반포,3355,3190,6545,165,4,5,화
2022-04-05,9호선,구반포,1242,1285,2527,-43,4,5,화
2022-04-05,9호선,동작(현충원),2166,1772,3938,394,4,5,화
2022-04-05,9호선,흑석(중앙대입구),9121,9322,18443,-201,4,5,화
2022-04-05,9호선,노들,4280,3571,7851,709,4,5,화
2022-04-05,9호선,노량진,25211,24666,49877,545,4,5,화
2022-04-05,9호선,샛강,5660,5981,11641,-321,4,5,화
2022-04-05,9호선,여의도,26500,26078,52578,422,4,5,화
2022-04-05,9호선,국회의사당,15455,16114,31569,-659,4,5,화
2022-04-05,9호선,당산,17515,17409,34924,106,4,5,화
2022-04-05,9호선,선유도,8586,8236,16822,350,4,5,화
2022-04-05,9호선,신목동,4093,3591,7684,502,4,5,화
2022-04-05,9호선,염창,16754,16127,32881,627,4,5,화
2022-04-05,9호선,등촌,10870,10483,21353,387,4,5,화
2022-04-05,9호선,증미,7082,6931,14013,151,4,5,화
2022-04-05,9호선,가양,20002,19339,39341,663,4,5,화
2022-04-05,9호선,양천향교,9860,9983,19843,-123,4,5,화
2022-04-05,9호선,마곡나루(서울식물원),11911,11661,23572,250,4,5,화
2022-04-05,9호선,신방화,6645,6373,13018,272,4,5,화
2022-04-05,9호선,공항시장,2970,3176,6146,-206,4,5,화
2022-04-05,9호선,김포공항,6598,9462,16060,-2864,4,5,화
2022-04-05,9호선,개화,2519,1733,4252,786,4,5,화
2022-04-05,8호선,남위례,4716,4966,9682,-250,4,5,화
2022-04-05,8호선,모란,4298,3448,7746,850,4,5,화
2022-04-05,8호선,수진,5192,4729,9921,463,4,5,화
2022-04-05,8호선,신흥,3897,4272,8169,-375,4,5,화
2022-04-05,8호선,단대오거리,10995,10495,21490,500,4,5,화
2022-04-05,8호선,남한산성입구(성남법원.검찰청),15621,14353,29974,1268,4,5,화
2022-04-05,8호선,산성,5360,5329,10689,31,4,5,화
2022-04-05,8호선,복정,10004,8313,18317,1691,4,5,화
2022-04-05,8호선,장지,16476,15788,32264,688,4,5,화
2022-04-05,8호선,문정,21615,22867,44482,-1252,4,5,화
2022-04-05,8호선,가락시장,7452,8280,15732,-828,4,5,화
2022-04-05,8호선,송파,7783,7645,15428,138,4,5,화
2022-04-05,8호선,석촌,7631,9196,16827,-1565,4,5,화
2022-04-05,8호선,잠실(송파구청),13821,16050,29871,-2229,4,5,화
2022-04-05,8호선,몽촌토성(평화의문),5933,5975,11908,-42,4,5,화
2022-04-05,8호선,강동구청,10064,10385,20449,-321,4,5,화
2022-04-05,8호선,천호(풍납토성),14003,16000,30003,-1997,4,5,화
2022-04-05,8호선,암사,18588,16324,34912,2264,4,5,화
2022-04-05,7호선,온수(성공회대입구),10752,10110,20862,642,4,5,화
2022-04-05,7호선,천왕,11370,10816,22186,554,4,5,화
2022-04-05,7호선,광명사거리,21325,21047,42372,278,4,5,화
2022-04-05,7호선,철산,20403,20703,41106,-300,4,5,화
2022-04-05,2호선,대림(구로구청),23064,23589,46653,-525,4,5,화
2022-04-05,2호선,구로디지털단지,56798,56856,113654,-58,4,5,화
2022-04-05,2호선,신대방,26016,25289,51305,727,4,5,화
2022-04-05,2호선,신림,60713,58617,119330,2096,4,5,화
2022-04-05,2호선,봉천,23090,21270,44360,1820,4,5,화
2022-04-05,우이신설선,가오리,4090,4032,8122,58,4,5,화
2022-04-05,우이신설선,화계,3273,2997,6270,276,4,5,화
2022-04-05,우이신설선,삼양,1979,2095,4074,-116,4,5,화
2022-04-05,우이신설선,삼양사거리,2400,2496,4896,-96,4,5,화
2022-04-05,우이신설선,솔샘,5666,5388,11054,278,4,5,화
2022-04-05,우이신설선,북한산보국문,6016,5583,11599,433,4,5,화
2022-04-05,우이신설선,정릉,4599,4316,8915,283,4,5,화
2022-04-05,우이신설선,성신여대입구(돈암),3094,3588,6682,-494,4,5,화
2022-04-05,우이신설선,보문,1440,1427,2867,13,4,5,화
2022-04-05,우이신설선,신설동,2140,2066,4206,74,4,5,화
2022-04-05,일산선,원흥,10590,10039,20629,551,4,5,화
2022-04-05,일산선,삼송,19535,18866,38401,669,4,5,화
2022-04-05,일산선,원당,11027,10521,21548,506,4,5,화
2022-04-05,일산선,화정,16408,16806,33214,-398,4,5,화
2022-04-05,일산선,대곡,2159,1661,3820,498,4,5,화
2022-04-05,일산선,백석,9356,9288,18644,68,4,5,화
2022-04-05,일산선,마두,7323,7582,14905,-259,4,5,화
2022-04-05,일산선,정발산,6478,6570,13048,-92,4,5,화
2022-04-05,일산선,주엽,8589,8572,17161,17,4,5,화
2022-04-05,일산선,대화,12169,9605,21774,2564,4,5,화
2022-04-05,장항선,봉명,1257,1267,2524,-10,4,5,화
2022-04-05,장항선,쌍용(나사렛대),2963,2726,5689,237,4,5,화
2022-04-05,장항선,아산,3608,3066,6674,542,4,5,화
2022-04-05,장항선,탕정,774,645,1419,129,4,5,화
2022-04-05,장항선,배방,1078,1045,2123,33,4,5,화
2022-04-05,장항선,온양온천,3586,3697,7283,-111,4,5,화
2022-04-05,장항선,신창(순천향대),2929,2933,5862,-4,4,5,화
2022-04-05,중앙선,회기,24375,23782,48157,593,4,5,화
2022-04-05,중앙선,중랑,5513,5194,10707,319,4,5,화
2022-04-05,중앙선,상봉(시외버스터미널),5561,5562,11123,-1,4,5,화
2022-04-05,중앙선,망우,7695,7509,15204,186,4,5,화
2022-04-05,중앙선,양원,3056,2888,5944,168,4,5,화
2022-04-05,중앙선,구리,12897,13261,26158,-364,4,5,화
2022-04-05,중앙선,도농,10449,9548,19997,901,4,5,화
2022-04-05,중앙선,양정,788,653,1441,135,4,5,화
2022-04-05,중앙선,덕소,5574,5597,11171,-23,4,5,화
2022-04-05,중앙선,도심,2465,1965,4430,500,4,5,화
2022-04-05,중앙선,팔당,916,962,1878,-46,4,5,화
2022-04-05,2호선,신도림,44532,44139,88671,393,4,5,화
2022-04-05,2호선,문래,21268,21512,42780,-244,4,5,화
2022-04-05,2호선,영등포구청,21853,22607,44460,-754,4,5,화
2022-04-05,2호선,당산,18786,21282,40068,-2496,4,5,화
2022-04-05,2호선,합정,28196,29408,57604,-1212,4,5,화
2022-04-05,2호선,홍대입구,46307,48735,95042,-2428,4,5,화
2022-04-05,2호선,신촌,30526,31307,61833,-781,4,5,화
2022-04-05,2호선,이대,13396,14332,27728,-936,4,5,화
2022-04-05,2호선,아현,10408,9946,20354,462,4,5,화
2022-04-05,2호선,충정로(경기대입구),9671,10266,19937,-595,4,5,화
2022-04-05,2호선,용답,3167,3332,6499,-165,4,5,화
2022-04-05,2호선,신답,1620,1853,3473,-233,4,5,화
2022-04-05,2호선,신설동,3041,1697,4738,1344,4,5,화
2022-04-05,2호선,도림천,1371,1519,2890,-148,4,5,화
2022-04-05,2호선,양천구청,6666,6896,13562,-230,4,5,화
2022-04-05,2호선,신정네거리,9936,10130,20066,-194,4,5,화
2022-04-05,2호선,용두(동대문구청),2287,2381,4668,-94,4,5,화
2022-04-05,3호선,지축,4807,4550,9357,257,4,5,화
2022-04-05,3호선,구파발,19893,19030,38923,863,4,5,화
2022-04-05,3호선,연신내,35417,33436,68853,1981,4,5,화
2022-04-05,3호선,불광,15605,16711,32316,-1106,4,5,화
2022-04-05,3호선,녹번,15302,13824,29126,1478,4,5,화
2022-04-05,3호선,홍제,17297,16300,33597,997,4,5,화
2022-04-05,3호선,무악재,3726,3877,7603,-151,4,5,화
2022-04-05,3호선,독립문,6659,6958,13617,-299,4,5,화
2022-04-05,3호선,경복궁(정부서울청사),20124,19601,39725,523,4,5,화
2022-04-05,3호선,안국,20611,21851,42462,-1240,4,5,화
2022-04-05,3호선,종로3가,9530,10858,20388,-1328,4,5,화
2022-04-05,3호선,을지로3가,9798,10011,19809,-213,4,5,화
2022-04-05,3호선,동대입구,8772,9467,18239,-695,4,5,화
2022-04-05,3호선,약수,12554,12225,24779,329,4,5,화
2022-04-05,3호선,금호,7536,7099,14635,437,4,5,화
2022-04-05,3호선,옥수,8747,9024,17771,-277,4,5,화
2022-04-05,3호선,압구정,29701,31667,61368,-1966,4,5,화
2022-04-05,3호선,신사,28419,29873,58292,-1454,4,5,화
2022-04-05,3호선,잠원,4671,4566,9237,105,4,5,화
2022-04-05,3호선,고속터미널,34412,32897,67309,1515,4,5,화
2022-04-05,3호선,교대(법원.검찰청),13997,9240,23237,4757,4,5,화
2022-04-05,3호선,남부터미널(예술의전당),27272,28059,55331,-787,4,5,화
2022-04-05,3호선,양재(서초구청),36849,40111,76960,-3262,4,5,화
2022-04-05,3호선,매봉,12055,11488,23543,567,4,5,화
2022-04-05,3호선,도곡,5102,5323,10425,-221,4,5,화
2022-04-05,3호선,대치,10429,10591,21020,-162,4,5,화
2022-04-05,3호선,학여울,1729,1719,3448,10,4,5,화
2022-04-05,3호선,대청,10097,9252,19349,845,4,5,화
2022-04-05,3호선,일원,10438,9969,20407,469,4,5,화
2022-04-05,3호선,수서,15553,15971,31524,-418,4,5,화
2022-04-05,3호선,가락시장,8523,8547,17070,-24,4,5,화
2022-04-05,3호선,경찰병원,6977,7014,13991,-37,4,5,화
2022-04-05,3호선,오금,6156,5616,11772,540,4,5,화
2022-04-05,4호선,당고개,8996,8055,17051,941,4,5,화
2022-04-05,4호선,상계,18970,17616,36586,1354,4,5,화
2022-04-05,4호선,노원,17832,19924,37756,-2092,4,5,화
2022-04-05,4호선,창동,24406,25774,50180,-1368,4,5,화
2022-04-05,4호선,쌍문,28380,26403,54783,1977,4,5,화
2022-04-05,4호선,수유(강북구청),32784,32669,65453,115,4,5,화
2022-04-05,4호선,미아(서울사이버대학),15078,14834,29912,244,4,5,화
2022-04-05,4호선,미아사거리,26452,25641,52093,811,4,5,화
2022-04-05,4호선,길음,20605,20327,40932,278,4,5,화
2022-04-05,4호선,성신여대입구(돈암),20312,19279,39591,1033,4,5,화
2022-04-05,4호선,한성대입구(삼선교),13869,13407,27276,462,4,5,화
2022-04-05,4호선,혜화,31213,31353,62566,-140,4,5,화
2022-04-05,4호선,동대문,19037,19589,38626,-552,4,5,화
2022-04-05,4호선,동대문역사문화공원(DDP),13417,12439,25856,978,4,5,화
2022-04-05,4호선,충무로,27711,28145,55856,-434,4,5,화
2022-04-05,4호선,명동,18427,19101,37528,-674,4,5,화
2022-04-05,4호선,회현(남대문시장),23607,25172,48779,-1565,4,5,화
2022-04-05,4호선,서울역,10470,14314,24784,-3844,4,5,화
2022-04-05,4호선,숙대입구(갈월),13840,13393,27233,447,4,5,화
2022-04-05,4호선,삼각지,4525,5106,9631,-581,4,5,화
2022-04-05,4호선,신용산,14716,15392,30108,-676,4,5,화
2022-04-05,4호선,이촌(국립중앙박물관),6844,7518,14362,-674,4,5,화
2022-04-05,4호선,동작(현충원),1645,1879,3524,-234,4,5,화
2022-04-05,4호선,총신대입구(이수),18220,19675,37895,-1455,4,5,화
2022-04-05,4호선,사당,23835,19968,43803,3867,4,5,화
2022-04-05,4호선,남태령,1151,998,2149,153,4,5,화
2022-04-05,5호선,방화,6526,6284,12810,242,4,5,화
2022-04-05,5호선,개화산,5464,5330,10794,134,4,5,화
2022-04-05,5호선,김포공항,6385,6083,12468,302,4,5,화
2022-04-05,5호선,송정,6328,6060,12388,268,4,5,화
2022-04-05,5호선,마곡,10496,10506,21002,-10,4,5,화
2022-04-05,5호선,발산,19696,20223,39919,-527,4,5,화
2022-04-05,5호선,우장산,14450,14163,28613,287,4,5,화
2022-04-05,5호선,화곡,27789,25957,53746,1832,4,5,화
2022-04-05,5호선,까치산,28357,26961,55318,1396,4,5,화
2022-04-05,5호선,신정(은행정),13618,11178,24796,2440,4,5,화
2022-04-05,5호선,목동,16337,17445,33782,-1108,4,5,화
2022-04-05,5호선,오목교(목동운동장앞),20333,21669,42002,-1336,4,5,화
2022-04-05,5호선,양평,7406,7341,14747,65,4,5,화
2022-04-05,5호선,영등포구청,3955,4044,7999,-89,4,5,화
2022-04-05,5호선,영등포시장,9715,9993,19708,-278,4,5,화
2022-04-05,5호선,신길,4086,4339,8425,-253,4,5,화
2022-04-05,5호선,여의도,27841,29601,57442,-1760,4,5,화
2022-04-05,5호선,여의나루,14504,15879,30383,-1375,4,5,화
2022-04-05,5호선,마포,14119,14540,28659,-421,4,5,화
2022-04-05,5호선,공덕,13591,14414,28005,-823,4,5,화
2022-04-05,5호선,애오개,6709,6709,13418,0,4,5,화
2022-04-05,5호선,충정로(경기대입구),4828,4883,9711,-55,4,5,화
2022-04-05,5호선,서대문,19111,19461,38572,-350,4,5,화
2022-04-05,5호선,광화문(세종문화회관),27544,29067,56611,-1523,4,5,화
2022-04-05,5호선,종로3가,11380,11359,22739,21,4,5,화
2022-04-05,5호선,을지로4가,6038,6020,12058,18,4,5,화
2022-04-05,5호선,동대문역사문화공원(DDP),2784,3236,6020,-452,4,5,화
2022-04-05,5호선,청구,3915,3545,7460,370,4,5,화
2022-04-05,5호선,신금호,6406,6654,13060,-248,4,5,화
2022-04-05,5호선,행당,8010,7111,15121,899,4,5,화
2022-04-05,5호선,왕십리(성동구청),4409,4973,9382,-564,4,5,화
2022-04-05,5호선,마장,5576,5279,10855,297,4,5,화
2022-04-05,5호선,답십리,15304,13952,29256,1352,4,5,화
2022-04-05,5호선,장한평,17774,17625,35399,149,4,5,화
2022-04-05,5호선,군자(능동),10747,11763,22510,-1016,4,5,화
2022-04-05,5호선,아차산(어린이대공원후문),15250,14680,29930,570,4,5,화
2022-04-05,5호선,광나루(장신대),13274,12169,25443,1105,4,5,화
2022-04-05,5호선,천호(풍납토성),16777,16906,33683,-129,4,5,화
2022-04-05,5호선,강동,17988,17316,35304,672,4,5,화
2022-04-05,5호선,길동,7795,8037,15832,-242,4,5,화
2022-04-05,5호선,굽은다리(강동구민회관앞),9060,8513,17573,547,4,5,화
2022-04-05,5호선,명일,8483,8735,17218,-252,4,5,화
2022-04-05,5호선,고덕,9468,9365,18833,103,4,5,화
2022-04-05,5호선,상일동,14535,13595,28130,940,4,5,화
2022-04-05,5호선,둔촌동,8230,8254,16484,-24,4,5,화
2022-04-06,6호선,창신,3588,2947,6535,641,4,6,수
2022-04-06,6호선,동묘앞,7521,7695,15216,-174,4,6,수
2022-04-06,6호선,신당,8312,8631,16943,-319,4,6,수
2022-04-06,6호선,청구,3659,3943,7602,-284,4,6,수
2022-04-06,6호선,약수,3547,3602,7149,-55,4,6,수
2022-04-06,6호선,버티고개,2092,2029,4121,63,4,6,수
2022-04-06,6호선,한강진,7128,8303,15431,-1175,4,6,수
2022-04-06,6호선,이태원,8941,9231,18172,-290,4,6,수
2022-04-06,6호선,녹사평(용산구청),4468,4475,8943,-7,4,6,수
2022-04-06,6호선,삼각지,6114,5541,11655,573,4,6,수
2022-04-06,6호선,효창공원앞,7156,6658,13814,498,4,6,수
2022-04-06,6호선,공덕,17622,17310,34932,312,4,6,수
2022-04-06,6호선,대흥(서강대앞),8270,8595,16865,-325,4,6,수
2022-04-06,6호선,광흥창(서강),8777,8645,17422,132,4,6,수
2022-04-06,6호선,상수,8065,9308,17373,-1243,4,6,수
2022-04-06,6호선,합정,12321,12254,24575,67,4,6,수
2022-04-06,6호선,망원,13350,13894,27244,-544,4,6,수
2022-04-06,6호선,마포구청,13657,12344,26001,1313,4,6,수
2022-04-06,6호선,디지털미디어시티,13588,14790,28378,-1202,4,6,수
2022-04-06,6호선,증산(명지대앞),10050,10146,20196,-96,4,6,수
2022-04-06,6호선,새절(신사),12877,12266,25143,611,4,6,수
2022-04-06,6호선,구산,7850,5733,13583,2117,4,6,수
2022-04-06,6호선,독바위,2680,2797,5477,-117,4,6,수
2022-04-06,6호선,불광,4225,4230,8455,-5,4,6,수
2022-04-06,6호선,역촌,3631,4266,7897,-635,4,6,수
2022-04-06,6호선,응암,17511,17353,34864,158,4,6,수
2022-04-06,5호선,하남검단산,5463,5196,10659,267,4,6,수
2022-04-06,5호선,하남시청(덕풍·신장),6714,6426,13140,288,4,6,수
2022-04-06,5호선,하남풍산,4290,4299,8589,-9,4,6,수
2022-04-06,5호선,미사,15604,15624,31228,-20,4,6,수
2022-04-06,5호선,강일,4056,3892,7948,164,4,6,수
2022-04-06,5호선,마천,7120,6841,13961,279,4,6,수
2022-04-06,5호선,거여,10055,9550,19605,505,4,6,수
2022-04-06,5호선,개롱,6360,6582,12942,-222,4,6,수
2022-04-06,5호선,오금,3742,3773,7515,-31,4,6,수
2022-04-06,5호선,방이,6848,7025,13873,-177,4,6,수
2022-04-06,5호선,올림픽공원(한국체대),4399,3845,8244,554,4,6,수
2022-04-06,5호선,둔촌동,8387,8129,16516,258,4,6,수
2022-04-06,5호선,상일동,14749,13581,28330,1168,4,6,수
2022-04-06,5호선,고덕,9431,9262,18693,169,4,6,수
2022-04-06,5호선,명일,8780,9013,17793,-233,4,6,수
2022-04-06,5호선,굽은다리(강동구민회관앞),9231,8815,18046,416,4,6,수
2022-04-06,5호선,길동,7598,8013,15611,-415,4,6,수
2022-04-06,5호선,강동,18101,17347,35448,754,4,6,수
2022-04-06,5호선,천호(풍납토성),16836,17038,33874,-202,4,6,수
2022-04-06,5호선,광나루(장신대),13435,11981,25416,1454,4,6,수
2022-04-06,5호선,아차산(어린이대공원후문),15254,14752,30006,502,4,6,수
2022-04-06,5호선,군자(능동),10807,11916,22723,-1109,4,6,수
2022-04-06,5호선,장한평,18439,18250,36689,189,4,6,수
2022-04-06,5호선,답십리,15700,14243,29943,1457,4,6,수
2022-04-06,5호선,마장,5714,5368,11082,346,4,6,수
2022-04-06,5호선,왕십리(성동구청),4403,5136,9539,-733,4,6,수
2022-04-06,5호선,행당,8016,7083,15099,933,4,6,수
2022-04-06,5호선,신금호,6441,6778,13219,-337,4,6,수
2022-04-06,5호선,동대문역사문화공원(DDP),2686,3155,5841,-469,4,6,수
2022-04-06,5호선,을지로4가,6138,6168,12306,-30,4,6,수
2022-04-06,5호선,종로3가,11868,11651,23519,217,4,6,수
2022-04-06,5호선,광화문(세종문화회관),28545,29991,58536,-1446,4,6,수
2022-04-06,5호선,서대문,19373,19438,38811,-65,4,6,수
2022-04-06,5호선,충정로(경기대입구),4744,4840,9584,-96,4,6,수
2022-04-06,5호선,애오개,6648,6730,13378,-82,4,6,수
2022-04-06,5호선,공덕,13834,14620,28454,-786,4,6,수
2022-04-06,5호선,마포,14187,14405,28592,-218,4,6,수
2022-04-06,5호선,여의도,28416,30590,59006,-2174,4,6,수
2022-04-06,5호선,신길,4064,4285,8349,-221,4,6,수
2022-04-06,5호선,영등포시장,9762,9961,19723,-199,4,6,수
2022-04-06,5호선,영등포구청,3974,4089,8063,-115,4,6,수
2022-04-06,5호선,양평,7483,7301,14784,182,4,6,수
2022-04-06,5호선,오목교(목동운동장앞),20610,22207,42817,-1597,4,6,수
2022-04-06,5호선,목동,16518,17703,34221,-1185,4,6,수
2022-04-06,5호선,신정(은행정),13697,11136,24833,2561,4,6,수
2022-04-06,5호선,까치산,28359,27097,55456,1262,4,6,수
2022-04-06,5호선,화곡,28101,26269,54370,1832,4,6,수
2022-04-06,5호선,우장산,14614,14376,28990,238,4,6,수
2022-04-06,5호선,발산,20124,20582,40706,-458,4,6,수
2022-04-06,5호선,마곡,10446,10467,20913,-21,4,6,수
2022-04-06,5호선,송정,6407,6023,12430,384,4,6,수
2022-04-06,5호선,김포공항,6119,6295,12414,-176,4,6,수
2022-04-06,5호선,개화산,5557,5314,10871,243,4,6,수
2022-04-06,5호선,방화,6597,6289,12886,308,4,6,수
2022-04-06,4호선,남태령,1202,1008,2210,194,4,6,수
2022-04-06,4호선,사당,24108,20061,44169,4047,4,6,수
2022-04-06,4호선,총신대입구(이수),18707,20012,38719,-1305,4,6,수
2022-04-06,4호선,동작(현충원),1716,1953,3669,-237,4,6,수
2022-04-06,4호선,이촌(국립중앙박물관),6886,7671,14557,-785,4,6,수
2022-04-06,4호선,신용산,14814,15561,30375,-747,4,6,수
2022-04-06,4호선,삼각지,4707,5133,9840,-426,4,6,수
2022-04-06,4호선,숙대입구(갈월),14143,13505,27648,638,4,6,수
2022-04-06,4호선,서울역,10511,14687,25198,-4176,4,6,수
2022-04-06,4호선,회현(남대문시장),23433,24868,48301,-1435,4,6,수
2022-04-06,수인선,연수,4621,4553,9174,68,4,6,수
2022-04-06,수인선,송도,2565,2432,4997,133,4,6,수
2022-04-06,수인선,인하대,7007,6788,13795,219,4,6,수
2022-04-06,수인선,숭의,4030,3770,7800,260,4,6,수
2022-04-06,수인선,신포,1909,1914,3823,-5,4,6,수
2022-04-06,수인선,인천,983,1672,2655,-689,4,6,수
2022-04-06,중앙선,지평,85,94,179,-9,4,6,수
2022-04-06,중앙선,용문,1830,1721,3551,109,4,6,수
2022-04-06,중앙선,원덕,471,438,909,33,4,6,수
2022-04-06,중앙선,양평,2687,2731,5418,-44,4,6,수
2022-04-06,중앙선,오빈,338,333,671,5,4,6,수
2022-04-06,중앙선,아신,548,508,1056,40,4,6,수
2022-04-06,중앙선,국수,752,776,1528,-24,4,6,수
2022-04-06,중앙선,신원,241,215,456,26,4,6,수
2022-04-06,중앙선,양수,1949,1983,3932,-34,4,6,수
2022-04-06,중앙선,운길산,952,869,1821,83,4,6,수
2022-04-06,중앙선,팔당,870,911,1781,-41,4,6,수
2022-04-06,중앙선,도심,2417,1837,4254,580,4,6,수
2022-04-06,중앙선,덕소,5364,5540,10904,-176,4,6,수
2022-04-06,중앙선,양정,740,637,1377,103,4,6,수
2022-04-06,중앙선,도농,10585,9610,20195,975,4,6,수
2022-04-06,중앙선,구리,13084,13355,26439,-271,4,6,수
2022-04-06,중앙선,양원,3082,2917,5999,165,4,6,수
2022-04-06,중앙선,망우,7652,7591,15243,61,4,6,수
2022-04-06,중앙선,상봉(시외버스터미널),5651,5636,11287,15,4,6,수
2022-04-06,중앙선,중랑,5679,5323,11002,356,4,6,수
2022-04-06,중앙선,회기,24846,24284,49130,562,4,6,수
2022-04-06,장항선,신창(순천향대),3029,2776,5805,253,4,6,수
2022-04-06,장항선,온양온천,3629,3699,7328,-70,4,6,수
2022-04-06,장항선,배방,1127,1133,2260,-6,4,6,수
2022-04-06,4호선,명동,19315,19734,39049,-419,4,6,수
2022-04-06,4호선,충무로,28169,28788,56957,-619,4,6,수
2022-04-06,4호선,동대문역사문화공원(DDP),13845,12858,26703,987,4,6,수
2022-04-06,4호선,동대문,19310,19596,38906,-286,4,6,수
2022-04-06,4호선,혜화,31369,31332,62701,37,4,6,수
2022-04-06,4호선,한성대입구(삼선교),13914,13821,27735,93,4,6,수
2022-04-06,4호선,성신여대입구(돈암),20879,19657,40536,1222,4,6,수
2022-04-06,4호선,길음,20762,20723,41485,39,4,6,수
2022-04-06,4호선,미아사거리,26547,25750,52297,797,4,6,수
2022-04-06,4호선,미아(서울사이버대학),15100,14668,29768,432,4,6,수
2022-04-06,4호선,수유(강북구청),32778,32813,65591,-35,4,6,수
2022-04-06,4호선,쌍문,28734,26410,55144,2324,4,6,수
2022-04-06,4호선,창동,24488,26043,50531,-1555,4,6,수
2022-04-06,4호선,노원,18172,20304,38476,-2132,4,6,수
2022-04-06,4호선,상계,19179,17790,36969,1389,4,6,수
2022-04-06,4호선,당고개,8956,7992,16948,964,4,6,수
2022-04-06,3호선,오금,6073,5532,11605,541,4,6,수
2022-04-06,3호선,경찰병원,7096,7003,14099,93,4,6,수
2022-04-06,3호선,가락시장,8663,8625,17288,38,4,6,수
2022-04-06,3호선,수서,15900,16138,32038,-238,4,6,수
2022-04-06,3호선,일원,10226,9812,20038,414,4,6,수
2022-04-06,3호선,대청,10198,9279,19477,919,4,6,수
2022-04-06,3호선,학여울,1855,1927,3782,-72,4,6,수
2022-04-06,3호선,대치,10267,10350,20617,-83,4,6,수
2022-04-06,3호선,도곡,5283,5571,10854,-288,4,6,수
2022-04-06,3호선,매봉,12210,11658,23868,552,4,6,수
2022-04-06,3호선,양재(서초구청),36856,40218,77074,-3362,4,6,수
2022-04-06,3호선,남부터미널(예술의전당),27597,28133,55730,-536,4,6,수
2022-04-06,3호선,교대(법원.검찰청),14004,9249,23253,4755,4,6,수
2022-04-06,3호선,고속터미널,34523,33086,67609,1437,4,6,수
2022-04-06,3호선,잠원,4645,4662,9307,-17,4,6,수
2022-04-06,3호선,신사,28247,29354,57601,-1107,4,6,수
2022-04-06,3호선,압구정,28959,31081,60040,-2122,4,6,수
2022-04-06,3호선,옥수,8671,8821,17492,-150,4,6,수
2022-04-06,3호선,금호,7822,7198,15020,624,4,6,수
2022-04-06,3호선,약수,12880,12528,25408,352,4,6,수
2022-04-06,3호선,동대입구,8313,9360,17673,-1047,4,6,수
2022-04-06,5호선,청구,3989,3657,7646,332,4,6,수
2022-04-06,3호선,안국,21173,22128,43301,-955,4,6,수
2022-04-06,3호선,경복궁(정부서울청사),22048,21733,43781,315,4,6,수
2022-04-06,3호선,독립문,6829,7224,14053,-395,4,6,수
2022-04-06,3호선,무악재,3778,3914,7692,-136,4,6,수
2022-04-06,3호선,홍제,17525,16541,34066,984,4,6,수
2022-04-06,3호선,녹번,15566,13903,29469,1663,4,6,수
2022-04-06,3호선,불광,15433,16526,31959,-1093,4,6,수
2022-04-06,3호선,연신내,35745,33706,69451,2039,4,6,수
2022-04-06,3호선,구파발,19926,19056,38982,870,4,6,수
2022-04-06,3호선,지축,4891,4595,9486,296,4,6,수
2022-04-06,2호선,용두(동대문구청),2301,2372,4673,-71,4,6,수
2022-04-06,2호선,신정네거리,10007,10300,20307,-293,4,6,수
2022-04-06,2호선,양천구청,6543,6804,13347,-261,4,6,수
2022-04-06,2호선,도림천,1426,1480,2906,-54,4,6,수
2022-04-06,2호선,신설동,3124,1792,4916,1332,4,6,수
2022-04-06,2호선,신답,1583,1872,3455,-289,4,6,수
2022-04-06,2호선,용답,3236,3194,6430,42,4,6,수
2022-04-06,2호선,충정로(경기대입구),9860,10446,20306,-586,4,6,수
2022-04-06,2호선,아현,10485,9846,20331,639,4,6,수
2022-04-06,2호선,이대,13657,14536,28193,-879,4,6,수
2022-04-06,2호선,신촌,30966,31609,62575,-643,4,6,수
2022-04-06,2호선,홍대입구,48396,50874,99270,-2478,4,6,수
2022-04-06,2호선,합정,29419,30774,60193,-1355,4,6,수
2022-04-06,2호선,당산,18867,21555,40422,-2688,4,6,수
2022-04-06,2호선,영등포구청,22325,23027,45352,-702,4,6,수
2022-04-06,2호선,문래,21645,21995,43640,-350,4,6,수
2022-04-06,2호선,신도림,45429,45315,90744,114,4,6,수
2022-04-06,2호선,대림(구로구청),23199,23619,46818,-420,4,6,수
2022-04-06,2호선,구로디지털단지,56841,57080,113921,-239,4,6,수
2022-04-06,2호선,신대방,26097,25586,51683,511,4,6,수
2022-04-06,2호선,신림,61277,59160,120437,2117,4,6,수
2022-04-06,2호선,봉천,23484,21744,45228,1740,4,6,수
2022-04-06,2호선,서울대입구(관악구청),46769,45779,92548,990,4,6,수
2022-04-06,2호선,낙성대(강감찬),26770,25864,52634,906,4,6,수
2022-04-06,2호선,사당,35073,38984,74057,-3911,4,6,수
2022-04-06,2호선,방배,18842,19735,38577,-893,4,6,수
2022-04-06,2호선,서초,20931,20366,41297,565,4,6,수
2022-04-06,2호선,교대(법원.검찰청),32786,36807,69593,-4021,4,6,수
2022-04-06,2호선,강남,77317,76566,153883,751,4,6,수
2022-04-06,2호선,역삼,50138,56131,106269,-5993,4,6,수
2022-04-06,2호선,선릉,54844,48990,103834,5854,4,6,수
2022-04-06,2호선,삼성(무역센터),48922,49802,98724,-880,4,6,수
2022-04-06,2호선,종합운동장,9618,10406,20024,-788,4,6,수
2022-04-06,2호선,잠실새내,20300,20153,40453,147,4,6,수
2022-04-06,2호선,잠실(송파구청),73160,73639,146799,-479,4,6,수
2022-04-06,2호선,잠실나루,14257,13973,28230,284,4,6,수
2022-04-06,2호선,강변(동서울터미널),27822,25658,53480,2164,4,6,수
2022-04-06,2호선,구의(광진구청),22931,22305,45236,626,4,6,수
2022-04-06,2호선,건대입구,33968,36257,70225,-2289,4,6,수
2022-04-06,2호선,성수,36457,39851,76308,-3394,4,6,수
2022-04-06,2호선,뚝섬,22041,23350,45391,-1309,4,6,수
2022-04-06,2호선,한양대,14838,16430,31268,-1592,4,6,수
2022-04-06,2호선,왕십리(성동구청),16376,13195,29571,3181,4,6,수
2022-04-06,2호선,상왕십리,14067,13574,27641,493,4,6,수
2022-04-06,2호선,신당,13665,14209,27874,-544,4,6,수
2022-04-06,2호선,동대문역사문화공원(DDP),11385,12849,24234,-1464,4,6,수
2022-04-06,2호선,을지로4가,12476,12395,24871,81,4,6,수
2022-04-06,2호선,을지로3가,21494,21608,43102,-114,4,6,수
2022-04-06,2호선,을지로입구,36446,37768,74214,-1322,4,6,수
2022-04-06,2호선,시청,22592,22337,44929,255,4,6,수
2022-04-06,1호선,동묘앞,7881,8398,16279,-517,4,6,수
2022-04-06,1호선,청량리(서울시립대입구),19081,19041,38122,40,4,6,수
2022-04-06,1호선,제기동,16886,17057,33943,-171,4,6,수
2022-04-06,1호선,신설동,13589,13280,26869,309,4,6,수
2022-04-06,1호선,동대문,10441,9838,20279,603,4,6,수
2022-04-06,1호선,종로5가,21565,21739,43304,-174,4,6,수
2022-04-06,1호선,종로3가,23789,21607,45396,2182,4,6,수
2022-04-06,1호선,종각,32109,31388,63497,721,4,6,수
2022-04-06,1호선,시청,21854,22135,43989,-281,4,6,수
2022-04-06,1호선,서울역,38934,37846,76780,1088,4,6,수
2022-04-06,안산선,산본,15714,16898,32612,-1184,4,6,수
2022-04-06,안산선,대야미,5146,4761,9907,385,4,6,수
2022-04-06,안산선,반월,4367,4229,8596,138,4,6,수
2022-04-06,안산선,상록수,16033,16409,32442,-376,4,6,수
2022-04-06,안산선,한대앞,10468,10388,20856,80,4,6,수
2022-04-06,안산선,중앙,17667,18402,36069,-735,4,6,수
2022-04-06,안산선,고잔,8939,8608,17547,331,4,6,수
2022-04-06,안산선,초지,5140,5484,10624,-344,4,6,수
2022-04-06,안산선,안산,11421,10385,21806,1036,4,6,수
2022-04-06,안산선,신길온천,1751,1629,3380,122,4,6,수
2022-04-06,장항선,탕정,788,693,1481,95,4,6,수
2022-04-06,장항선,아산,3737,3259,6996,478,4,6,수
2022-04-06,장항선,쌍용(나사렛대),2881,2728,5609,153,4,6,수
2022-04-06,장항선,봉명,1260,1260,2520,0,4,6,수
2022-04-06,일산선,대화,12260,9804,22064,2456,4,6,수
2022-04-06,일산선,주엽,8851,8886,17737,-35,4,6,수
2022-04-06,일산선,정발산,6689,6925,13614,-236,4,6,수
2022-04-06,일산선,마두,7478,7543,15021,-65,4,6,수
2022-04-06,일산선,백석,9337,9309,18646,28,4,6,수
2022-04-06,일산선,대곡,2200,1842,4042,358,4,6,수
2022-04-06,일산선,화정,16513,16919,33432,-406,4,6,수
2022-04-06,일산선,원당,11234,10614,21848,620,4,6,수
2022-04-06,일산선,삼송,19644,18903,38547,741,4,6,수
2022-04-06,일산선,원흥,10755,10297,21052,458,4,6,수
2022-04-06,우이신설선,신설동,2219,2067,4286,152,4,6,수
2022-04-06,우이신설선,보문,1411,1484,2895,-73,4,6,수
2022-04-06,우이신설선,성신여대입구(돈암),3233,3519,6752,-286,4,6,수
2022-04-06,우이신설선,정릉,4717,4238,8955,479,4,6,수
2022-04-06,우이신설선,북한산보국문,6024,5756,11780,268,4,6,수
2022-04-06,우이신설선,솔샘,5796,5395,11191,401,4,6,수
2022-04-06,우이신설선,삼양사거리,2411,2433,4844,-22,4,6,수
2022-04-06,3호선,충무로,3,0,3,3,4,6,수
2022-04-06,5호선,여의나루,16869,18246,35115,-1377,4,6,수
2022-04-06,3호선,을지로3가,9884,10227,20111,-343,4,6,수
2022-04-06,3호선,종로3가,9503,11006,20509,-1503,4,6,수
2022-04-06,우이신설선,삼양,1996,2110,4106,-114,4,6,수
2022-04-06,우이신설선,화계,3330,3131,6461,199,4,6,수
2022-04-06,우이신설선,가오리,4172,4087,8259,85,4,6,수
2022-04-06,우이신설선,4.19민주묘지,3868,3703,7571,165,4,6,수
2022-04-06,우이신설선,솔밭공원,2548,2440,4988,108,4,6,수
2022-04-06,우이신설선,북한산우이,2743,2473,5216,270,4,6,수
2022-04-06,안산선,수리산,4261,3496,7757,765,4,6,수
2022-04-06,안산선,오이도,8291,8228,16519,63,4,6,수
2022-04-06,안산선,정왕,9990,10264,20254,-274,4,6,수
2022-04-06,수인선,원인재,4413,4743,9156,-330,4,6,수
2022-04-06,수인선,남동인더스파크,2239,2578,4817,-339,4,6,수
2022-04-06,수인선,호구포,4125,4274,8399,-149,4,6,수
2022-04-06,수인선,인천논현,5696,6113,11809,-417,4,6,수
2022-04-06,수인선,소래포구,5695,5337,11032,358,4,6,수
2022-04-06,수인선,월곶,2968,2709,5677,259,4,6,수
2022-04-06,수인선,달월,107,74,181,33,4,6,수
2022-04-06,수인선,사리,4858,4284,9142,574,4,6,수
2022-04-06,수인선,야목,406,292,698,114,4,6,수
2022-04-06,수인선,어천,731,751,1482,-20,4,6,수
2022-04-06,수인선,오목천,3617,3287,6904,330,4,6,수
2022-04-06,수인선,고색,5290,5093,10383,197,4,6,수
2022-04-06,분당선,매교,3255,3229,6484,26,4,6,수
2022-04-06,분당선,수원시청,12187,12992,25179,-805,4,6,수
2022-04-06,분당선,매탄권선,5115,4867,9982,248,4,6,수
2022-04-06,분당선,망포,13855,13292,27147,563,4,6,수
2022-04-06,분당선,영통,8023,8188,16211,-165,4,6,수
2022-04-06,분당선,청명,4148,4021,8169,127,4,6,수
2022-04-06,분당선,상갈,5323,5196,10519,127,4,6,수
2022-04-06,분당선,기흥,9988,9416,19404,572,4,6,수
2022-04-06,분당선,신갈,4324,4387,8711,-63,4,6,수
2022-04-06,분당선,구성,4860,5121,9981,-261,4,6,수
2022-04-06,분당선,죽전,14079,15388,29467,-1309,4,6,수
2022-04-06,분당선,보정,2615,2284,4899,331,4,6,수
2022-04-06,분당선,이매,5707,5368,11075,339,4,6,수
2022-04-06,분당선,오리,11523,9463,20986,2060,4,6,수
2022-04-06,분당선,미금,15381,16061,31442,-680,4,6,수
2022-04-06,분당선,정자,16653,17706,34359,-1053,4,6,수
2022-04-06,6호선,월드컵경기장(성산),6084,6249,12333,-165,4,6,수
2022-04-06,분당선,수내,12932,13026,25958,-94,4,6,수
2022-04-06,분당선,서현,22642,23027,45669,-385,4,6,수
2022-04-06,분당선,야탑,25883,26997,52880,-1114,4,6,수
2022-04-06,분당선,모란,19483,19947,39430,-464,4,6,수
2022-04-06,분당선,태평,13105,12633,25738,472,4,6,수
2022-04-06,분당선,가천대,9845,10844,20689,-999,4,6,수
2022-04-06,분당선,선정릉,7919,8489,16408,-570,4,6,수
2022-04-06,분당선,강남구청,10047,11349,21396,-1302,4,6,수
2022-04-06,분당선,압구정로데오,17717,19476,37193,-1759,4,6,수
2022-04-06,분당선,서울숲,12061,12602,24663,-541,4,6,수
2022-04-06,분당선,수원,8089,6824,14913,1265,4,6,수
2022-04-06,분당선,수서,12961,12951,25912,10,4,6,수
2022-04-06,분당선,대모산입구,4455,4203,8658,252,4,6,수
2022-04-06,분당선,개포동,4067,4144,8211,-77,4,6,수
2022-04-06,분당선,구룡,2428,2349,4777,79,4,6,수
2022-04-06,분당선,도곡,6969,6914,13883,55,4,6,수
2022-04-06,분당선,한티,13593,14647,28240,-1054,4,6,수
2022-04-06,분당선,선릉,13149,19600,32749,-6451,4,6,수
2022-04-06,과천선,범계,25760,25801,51561,-41,4,6,수
2022-04-06,과천선,평촌,17685,17370,35055,315,4,6,수
2022-04-06,과천선,인덕원,24095,24760,48855,-665,4,6,수
2022-04-06,과천선,정부과천청사,10521,10465,20986,56,4,6,수
2022-04-06,과천선,과천,6287,5752,12039,535,4,6,수
2022-04-06,과천선,대공원,3452,3596,7048,-144,4,6,수
2022-04-06,과천선,경마공원,1669,1587,3256,82,4,6,수
2022-04-06,과천선,선바위,7980,7203,15183,777,4,6,수
2022-04-06,공항철도 1호선,영종,3043,3049,6092,-6,4,6,수
2022-04-06,공항철도 1호선,인천공항2터미널,2309,2092,4401,217,4,6,수
2022-04-06,공항철도 1호선,인천공항1터미널,4272,4045,8317,227,4,6,수
2022-04-06,공항철도 1호선,공항화물청사,2321,2485,4806,-164,4,6,수
2022-04-06,공항철도 1호선,운서,6714,6682,13396,32,4,6,수
2022-04-06,공항철도 1호선,청라국제도시,6883,6503,13386,380,4,6,수
2022-04-06,공항철도 1호선,검암,6478,6506,12984,-28,4,6,수
2022-04-06,공항철도 1호선,계양,10420,9812,20232,608,4,6,수
2022-04-06,공항철도 1호선,김포공항,10261,6010,16271,4251,4,6,수
2022-04-06,공항철도 1호선,마곡나루(서울식물원),8950,8716,17666,234,4,6,수
2022-04-06,공항철도 1호선,디지털미디어시티,13601,12603,26204,998,4,6,수
2022-04-06,공항철도 1호선,홍대입구,8819,8663,17482,156,4,6,수
2022-04-06,공항철도 1호선,공덕,2167,2828,4995,-661,4,6,수
2022-04-06,공항철도 1호선,서울역,6873,6352,13225,521,4,6,수
2022-04-06,경춘선,춘천,1477,1316,2793,161,4,6,수
2022-04-06,경춘선,남춘천,2240,2152,4392,88,4,6,수
2022-04-06,경춘선,김유정,291,324,615,-33,4,6,수
2022-04-06,경춘선,강촌,417,454,871,-37,4,6,수
2022-04-06,경춘선,백양리,76,80,156,-4,4,6,수
2022-04-06,경춘선,굴봉산,139,124,263,15,4,6,수
2022-04-06,경춘선,가평,1426,1454,2880,-28,4,6,수
2022-04-06,경춘선,상천,301,288,589,13,4,6,수
2022-04-06,경춘선,청평,1553,1487,3040,66,4,6,수
2022-04-06,경춘선,대성리,529,503,1032,26,4,6,수
2022-04-06,경춘선,마석,3974,3950,7924,24,4,6,수
2022-04-06,경춘선,천마산,1717,1573,3290,144,4,6,수
2022-04-06,경춘선,평내호평,6292,6247,12539,45,4,6,수
2022-04-06,경춘선,금곡,1579,1506,3085,73,4,6,수
2022-04-06,경춘선,사릉,2639,2584,5223,55,4,6,수
2022-04-06,경춘선,퇴계원,3493,3231,6724,262,4,6,수
2022-04-06,경춘선,별내,3133,3103,6236,30,4,6,수
2022-04-06,경춘선,갈매,3053,2682,5735,371,4,6,수
2022-04-06,경춘선,신내,2340,2191,4531,149,4,6,수
2022-04-06,경인선,도화,4269,3952,8221,317,4,6,수
2022-04-06,경인선,중동,9506,8786,18292,720,4,6,수
2022-04-06,경인선,온수(성공회대입구),7113,6700,13813,413,4,6,수
2022-04-06,경인선,도원,3222,3169,6391,53,4,6,수
2022-04-06,경인선,간석,5892,5690,11582,202,4,6,수
2022-04-06,경인선,부개,8709,8114,16823,595,4,6,수
2022-04-06,경인선,소사,9197,8735,17932,462,4,6,수
2022-04-06,경인선,구일,7828,7801,15629,27,4,6,수
2022-04-06,경인선,인천,3495,2694,6189,801,4,6,수
2022-04-06,경인선,동인천,14121,13320,27441,801,4,6,수
2022-04-06,경인선,제물포,10887,10426,21313,461,4,6,수
2022-04-06,경인선,주안,19472,17937,37409,1535,4,6,수
2022-04-06,경인선,동암,14331,14424,28755,-93,4,6,수
2022-04-06,경인선,백운,7080,6916,13996,164,4,6,수
2022-04-06,경인선,부평,27819,29837,57656,-2018,4,6,수
2022-04-06,경인선,송내,27130,27081,54211,49,4,6,수
2022-04-06,경인선,부천,32066,32249,64315,-183,4,6,수
2022-04-06,경인선,역곡,28317,27796,56113,521,4,6,수
2022-04-06,경인선,오류동,11973,11080,23053,893,4,6,수
2022-04-06,경인선,개봉,21208,20859,42067,349,4,6,수
2022-04-06,경의선,검암,1,0,1,1,4,6,수
2022-04-06,경의선,계양,1,0,1,1,4,6,수
2022-04-06,경의선,임진강,10,35,45,-25,4,6,수
2022-04-06,경의선,문산,5114,4916,10030,198,4,6,수
2022-04-06,경의선,파주,1493,1169,2662,324,4,6,수
2022-04-06,경의선,월롱,2984,2775,5759,209,4,6,수
2022-04-06,경의선,금촌,6761,6827,13588,-66,4,6,수
2022-04-06,경의선,금릉,4889,4806,9695,83,4,6,수
2022-04-06,경의선,운정,7152,6762,13914,390,4,6,수
2022-04-06,경의선,야당,7595,7462,15057,133,4,6,수
2022-04-06,경의선,탄현,7792,7378,15170,414,4,6,수
2022-04-06,경의선,일산,9530,9403,18933,127,4,6,수
2022-04-06,경의선,풍산,5568,5086,10654,482,4,6,수
2022-04-06,경의선,백마,7072,6859,13931,213,4,6,수
2022-04-06,경의선,곡산,616,656,1272,-40,4,6,수
2022-04-06,경의선,능곡,3963,3776,7739,187,4,6,수
2022-04-06,경의선,행신,7680,7875,15555,-195,4,6,수
2022-04-06,경의선,강매,3308,2877,6185,431,4,6,수
2022-04-06,경의선,화전,3601,3404,7005,197,4,6,수
2022-04-06,경의선,수색,2769,2952,5721,-183,4,6,수
2022-04-06,경의선,디지털미디어시티,2464,2278,4742,186,4,6,수
2022-04-06,경의선,가좌,5407,5227,10634,180,4,6,수
2022-04-06,경의선,홍대입구,1640,1829,3469,-189,4,6,수
2022-04-06,경의선,서강대,2112,2029,4141,83,4,6,수
2022-04-06,경의선,공덕,3313,2961,6274,352,4,6,수
2022-04-06,경의선,효창공원앞,3245,3493,6738,-248,4,6,수
2022-04-06,경의선,신촌,809,1095,1904,-286,4,6,수
2022-04-06,경의선,서울역,4389,5488,9877,-1099,4,6,수
2022-04-06,경원선,소요산,2747,2260,5007,487,4,6,수
2022-04-06,경원선,동두천,2613,2874,5487,-261,4,6,수
2022-04-06,경원선,보산,1459,1367,2826,92,4,6,수
2022-04-06,경원선,동두천중앙,3128,2992,6120,136,4,6,수
2022-04-06,경원선,지행,6613,6680,13293,-67,4,6,수
2022-04-06,경원선,덕정,6075,5913,11988,162,4,6,수
2022-04-06,경원선,덕계,3382,3045,6427,337,4,6,수
2022-04-06,경원선,양주,8040,7464,15504,576,4,6,수
2022-04-06,경원선,녹양,4718,4427,9145,291,4,6,수
2022-04-06,경원선,가능,6724,6478,13202,246,4,6,수
2022-04-06,경원선,의정부,17659,18257,35916,-598,4,6,수
2022-04-06,경원선,회룡,12691,12664,25355,27,4,6,수
2022-04-06,경원선,망월사,9523,9678,19201,-155,4,6,수
2022-04-06,경원선,도봉산,7851,5297,13148,2554,4,6,수
2022-04-06,경원선,도봉,5988,5645,11633,343,4,6,수
2022-04-06,경원선,방학,9704,9582,19286,122,4,6,수
2022-04-06,경원선,녹천,4781,4006,8787,775,4,6,수
2022-04-06,경원선,월계,8445,7804,16249,641,4,6,수
2022-04-06,경원선,광운대,9105,8912,18017,193,4,6,수
2022-04-06,경원선,석계,8281,9309,17590,-1028,4,6,수
2022-04-06,경원선,신이문,8288,7721,16009,567,4,6,수
2022-04-06,경원선,외대앞,8267,8349,16616,-82,4,6,수
2022-04-06,경원선,청량리(서울시립대입구),13541,14242,27783,-701,4,6,수
2022-04-06,경원선,왕십리(성동구청),13970,14911,28881,-941,4,6,수
2022-04-06,경원선,응봉,2216,2361,4577,-145,4,6,수
2022-04-06,경원선,옥수,39,23,62,16,4,6,수
2022-04-06,경원선,한남,3953,3812,7765,141,4,6,수
2022-04-06,경원선,서빙고,1989,1923,3912,66,4,6,수
2022-04-06,경원선,이촌(국립중앙박물관),3593,2775,6368,818,4,6,수
2022-04-06,경부선,광명,3005,2646,5651,359,4,6,수
2022-04-06,경부선,서동탄,1421,1273,2694,148,4,6,수
2022-04-06,경부선,당정,7300,6850,14150,450,4,6,수
2022-04-06,경부선,천안,6631,6169,12800,462,4,6,수
2022-04-06,경부선,두정,7598,8092,15690,-494,4,6,수
2022-04-06,경부선,직산,837,814,1651,23,4,6,수
2022-04-06,경부선,성환,5602,5501,11103,101,4,6,수
2022-04-06,경부선,평택,11988,12130,24118,-142,4,6,수
2022-04-06,경부선,평택지제,3369,3207,6576,162,4,6,수
2022-04-06,경부선,서정리,7424,6881,14305,543,4,6,수
2022-04-06,경부선,송탄,4327,4160,8487,167,4,6,수
2022-04-06,경부선,진위,1785,1515,3300,270,4,6,수
2022-04-06,경부선,오산,9735,9757,19492,-22,4,6,수
2022-04-06,경부선,오산대,4164,3878,8042,286,4,6,수
2022-04-06,경부선,세마,2842,2676,5518,166,4,6,수
2022-04-06,경부선,병점,15362,15364,30726,-2,4,6,수
2022-04-06,경부선,세류,2907,2688,5595,219,4,6,수
2022-04-06,경부선,독산,18475,19249,37724,-774,4,6,수
2022-04-06,경부선,수원,33684,35910,69594,-2226,4,6,수
2022-04-06,경부선,화서,8152,7842,15994,310,4,6,수
2022-04-06,경부선,성균관대,14841,14721,29562,120,4,6,수
2022-04-06,경부선,의왕,9420,9339,18759,81,4,6,수
2022-04-06,경부선,군포,7858,7737,15595,121,4,6,수
2022-04-06,경부선,금정,26856,27170,54026,-314,4,6,수
2022-04-06,경부선,명학,10691,10571,21262,120,4,6,수
2022-04-06,경부선,안양,25937,25570,51507,367,4,6,수
2022-04-06,경부선,관악,7366,6730,14096,636,4,6,수
2022-04-06,경부선,석수,9993,8730,18723,1263,4,6,수
2022-04-06,경부선,금천구청,11787,11859,23646,-72,4,6,수
2022-04-06,경부선,가산디지털단지,18438,20977,39415,-2539,4,6,수
2022-04-06,경부선,구로,18029,18633,36662,-604,4,6,수
2022-04-06,경부선,신길,9278,7851,17129,1427,4,6,수
2022-04-06,경부선,신도림,4176,4282,8458,-106,4,6,수
2022-04-06,경부선,영등포,34072,35083,69155,-1011,4,6,수
2022-04-06,경부선,대방,13038,13320,26358,-282,4,6,수
2022-04-06,경부선,노량진,8050,8343,16393,-293,4,6,수
2022-04-06,경부선,용산,28346,28648,56994,-302,4,6,수
2022-04-06,경부선,남영,9541,10178,19719,-637,4,6,수
2022-04-06,경부선,서울역,4840,1684,6524,3156,4,6,수
2022-04-06,경강선,여주,2409,2346,4755,63,4,6,수
2022-04-06,경강선,세종대왕릉,278,293,571,-15,4,6,수
2022-04-06,경강선,부발,1972,1964,3936,8,4,6,수
2022-04-06,경강선,이천,2446,2462,4908,-16,4,6,수
2022-04-06,경강선,신둔도예촌,1597,1442,3039,155,4,6,수
2022-04-06,경강선,곤지암,2263,2232,4495,31,4,6,수
2022-04-06,경강선,초월,3091,2952,6043,139,4,6,수
2022-04-06,경강선,경기광주,7533,7162,14695,371,4,6,수
2022-04-06,경강선,삼동,2326,2146,4472,180,4,6,수
2022-04-06,경강선,이매,1095,970,2065,125,4,6,수
2022-04-06,경강선,판교,4566,4440,9006,126,4,6,수
2022-04-06,9호선2~3단계,중앙보훈병원,10856,9618,20474,1238,4,6,수
2022-04-06,9호선2~3단계,둔촌오륜,1222,1125,2347,97,4,6,수
2022-04-06,9호선2~3단계,올림픽공원(한국체대),5931,6038,11969,-107,4,6,수
2022-04-06,9호선2~3단계,한성백제,2546,2202,4748,344,4,6,수
2022-04-06,9호선2~3단계,송파나루,5318,5683,11001,-365,4,6,수
2022-04-06,9호선2~3단계,석촌,8916,8119,17035,797,4,6,수
2022-04-06,9호선2~3단계,석촌고분,6023,5829,11852,194,4,6,수
2022-04-06,9호선2~3단계,삼전,6619,6346,12965,273,4,6,수
2022-04-06,9호선2~3단계,종합운동장,4051,4206,8257,-155,4,6,수
2022-04-06,9호선2~3단계,봉은사,15416,15900,31316,-484,4,6,수
2022-04-06,9호선2~3단계,삼성중앙,6624,6953,13577,-329,4,6,수
2022-04-06,9호선2~3단계,선정릉,9502,10407,19909,-905,4,6,수
2022-04-06,9호선2~3단계,언주,9864,10169,20033,-305,4,6,수
2022-04-06,9호선,신논현,29183,28822,58005,361,4,6,수
2022-04-06,9호선,사평,3400,3309,6709,91,4,6,수
2022-04-06,9호선,고속터미널,11326,13586,24912,-2260,4,6,수
2022-04-06,9호선,신반포,3405,3365,6770,40,4,6,수
2022-04-06,9호선,구반포,1339,1343,2682,-4,4,6,수
2022-04-06,9호선,동작(현충원),2297,1840,4137,457,4,6,수
2022-04-06,9호선,흑석(중앙대입구),9202,9202,18404,0,4,6,수
2022-04-06,9호선,노들,4428,3660,8088,768,4,6,수
2022-04-06,9호선,노량진,25794,24907,50701,887,4,6,수
2022-04-06,9호선,샛강,5967,6155,12122,-188,4,6,수
2022-04-06,9호선,여의도,27264,26912,54176,352,4,6,수
2022-04-06,9호선,국회의사당,16374,16986,33360,-612,4,6,수
2022-04-06,9호선,당산,17858,17653,35511,205,4,6,수
2022-04-06,9호선,선유도,8604,8245,16849,359,4,6,수
2022-04-06,9호선,신목동,4146,3620,7766,526,4,6,수
2022-04-06,9호선,염창,16884,16360,33244,524,4,6,수
2022-04-06,9호선,등촌,10981,10478,21459,503,4,6,수
2022-04-06,9호선,증미,6983,6731,13714,252,4,6,수
2022-04-06,9호선,가양,20275,19569,39844,706,4,6,수
2022-04-06,9호선,양천향교,9813,10052,19865,-239,4,6,수
2022-04-06,9호선,마곡나루(서울식물원),11971,11845,23816,126,4,6,수
2022-04-06,9호선,신방화,6754,6561,13315,193,4,6,수
2022-04-06,9호선,공항시장,2922,3232,6154,-310,4,6,수
2022-04-06,9호선,김포공항,6241,9756,15997,-3515,4,6,수
2022-04-06,9호선,개화,2400,1738,4138,662,4,6,수
2022-04-06,8호선,남위례,4755,4935,9690,-180,4,6,수
2022-04-06,8호선,모란,4413,3411,7824,1002,4,6,수
2022-04-06,8호선,수진,5285,4891,10176,394,4,6,수
2022-04-06,8호선,신흥,4057,4433,8490,-376,4,6,수
2022-04-06,8호선,단대오거리,11381,10662,22043,719,4,6,수
2022-04-06,8호선,남한산성입구(성남법원.검찰청),15383,14142,29525,1241,4,6,수
2022-04-06,8호선,산성,5406,5394,10800,12,4,6,수
2022-04-06,8호선,복정,9901,8286,18187,1615,4,6,수
2022-04-06,8호선,장지,17148,16404,33552,744,4,6,수
2022-04-06,8호선,문정,21678,22758,44436,-1080,4,6,수
2022-04-06,8호선,가락시장,7495,8337,15832,-842,4,6,수
2022-04-06,8호선,송파,7965,7793,15758,172,4,6,수
2022-04-06,8호선,석촌,8034,9782,17816,-1748,4,6,수
2022-04-06,8호선,잠실(송파구청),14609,17192,31801,-2583,4,6,수
2022-04-06,8호선,몽촌토성(평화의문),6026,6069,12095,-43,4,6,수
2022-04-06,8호선,강동구청,10357,10590,20947,-233,4,6,수
2022-04-06,8호선,천호(풍납토성),14188,16156,30344,-1968,4,6,수
2022-04-06,8호선,암사,18534,16248,34782,2286,4,6,수
2022-04-06,7호선,온수(성공회대입구),10749,10110,20859,639,4,6,수
2022-04-06,7호선,천왕,11435,10884,22319,551,4,6,수
2022-04-06,7호선,광명사거리,21589,21337,42926,252,4,6,수
2022-04-06,7호선,철산,20491,20727,41218,-236,4,6,수
2022-04-06,7호선,가산디지털단지,44227,44819,89046,-592,4,6,수
2022-04-06,7호선,남구로,15407,16355,31762,-948,4,6,수
2022-04-06,7호선,대림(구로구청),7397,7306,14703,91,4,6,수
2022-04-06,7호선,신풍,11417,11020,22437,397,4,6,수
2022-04-06,7호선,보라매,10069,10045,20114,24,4,6,수
2022-04-06,7호선,신대방삼거리,16535,15917,32452,618,4,6,수
2022-04-06,7호선,장승배기,8856,8612,17468,244,4,6,수
2022-04-06,7호선,상도,11247,10968,22215,279,4,6,수
2022-04-06,7호선,숭실대입구(살피재),14422,14851,29273,-429,4,6,수
2022-04-06,7호선,남성,10946,10116,21062,830,4,6,수
2022-04-06,7호선,이수,15185,14783,29968,402,4,6,수
2022-04-06,7호선,내방,14314,14689,29003,-375,4,6,수
2022-04-06,7호선,고속터미널,13969,12322,26291,1647,4,6,수
2022-04-06,7호선,반포,5729,5534,11263,195,4,6,수
2022-04-06,7호선,논현,19599,21396,40995,-1797,4,6,수
2022-04-06,7호선,학동,23818,25503,49321,-1685,4,6,수
2022-04-06,7호선,강남구청,15753,17453,33206,-1700,4,6,수
2022-04-06,7호선,청담,18899,21339,40238,-2440,4,6,수
2022-04-06,7호선,뚝섬유원지,10363,10102,20465,261,4,6,수
2022-04-06,7호선,건대입구,12367,12960,25327,-593,4,6,수
2022-04-06,7호선,어린이대공원(세종대),14886,15511,30397,-625,4,6,수
2022-04-06,7호선,군자(능동),14580,11661,26241,2919,4,6,수
2022-04-06,7호선,중곡,11050,10196,21246,854,4,6,수
2022-04-06,7호선,용마산(용마폭포공원),6036,5743,11779,293,4,6,수
2022-04-06,7호선,사가정,15805,15885,31690,-80,4,6,수
2022-04-06,7호선,면목,16232,15548,31780,684,4,6,수
2022-04-06,7호선,상봉(시외버스터미널),16303,15096,31399,1207,4,6,수
2022-04-06,7호선,중화,10672,10515,21187,157,4,6,수
2022-04-06,7호선,먹골,9911,9669,19580,242,4,6,수
2022-04-06,7호선,태릉입구,8807,8374,17181,433,4,6,수
2022-04-06,7호선,공릉(서울과학기술대),12633,12421,25054,212,4,6,수
2022-04-06,7호선,하계,18400,17292,35692,1108,4,6,수
2022-04-06,7호선,중계,14701,13401,28102,1300,4,6,수
2022-04-06,7호선,노원,18333,19338,37671,-1005,4,6,수
2022-04-06,7호선,마들,12507,11786,24293,721,4,6,수
2022-04-06,7호선,수락산,12470,12185,24655,285,4,6,수
2022-04-06,7호선,도봉산,9390,10839,20229,-1449,4,6,수
2022-04-06,7호선,장암,2166,847,3013,1319,4,6,수
2022-04-06,6호선,신내,1,0,1,1,4,6,수
2022-04-06,6호선,봉화산(서울의료원),8859,8245,17104,614,4,6,수
2022-04-06,6호선,화랑대(서울여대입구),12319,9671,21990,2648,4,6,수
2022-04-06,6호선,태릉입구,5518,6151,11669,-633,4,6,수
2022-04-06,6호선,석계,12515,12903,25418,-388,4,6,수
2022-04-06,6호선,돌곶이,9269,8625,17894,644,4,6,수
2022-04-06,6호선,상월곡(한국과학기술연구원),6422,5967,12389,455,4,6,수
2022-04-06,6호선,월곡(동덕여대),12550,12209,24759,341,4,6,수
2022-04-06,6호선,고려대(종암),8133,8099,16232,34,4,6,수
2022-04-06,6호선,안암(고대병원앞),14238,14223,28461,15,4,6,수
2022-04-06,6호선,보문,7226,6587,13813,639,4,6,수
2022-04-07,5호선,신정(은행정),13686,11200,24886,2486,4,7,목
2022-04-07,5호선,화곡,28037,26129,54166,1908,4,7,목
2022-04-07,5호선,까치산,28366,27105,55471,1261,4,7,목
2022-04-07,5호선,우장산,14483,14291,28774,192,4,7,목
2022-04-07,5호선,발산,19934,20456,40390,-522,4,7,목
2022-04-07,5호선,마곡,10483,10580,21063,-97,4,7,목
2022-04-07,5호선,김포공항,6610,6582,13192,28,4,7,목
2022-04-07,5호선,개화산,5492,5308,10800,184,4,7,목
2022-04-07,5호선,방화,6571,6235,12806,336,4,7,목
2022-04-07,4호선,남태령,1177,989,2166,188,4,7,목
2022-04-07,4호선,사당,24602,20573,45175,4029,4,7,목
2022-04-07,4호선,총신대입구(이수),18258,19564,37822,-1306,4,7,목
2022-04-07,4호선,동작(현충원),1832,2110,3942,-278,4,7,목
2022-04-07,4호선,이촌(국립중앙박물관),6855,7622,14477,-767,4,7,목
2022-04-07,4호선,신용산,15046,15697,30743,-651,4,7,목
2022-04-07,4호선,삼각지,4691,5295,9986,-604,4,7,목
2022-04-07,4호선,숙대입구(갈월),13965,13548,27513,417,4,7,목
2022-04-07,4호선,서울역,10508,15645,26153,-5137,4,7,목
2022-04-07,4호선,회현(남대문시장),23854,25375,49229,-1521,4,7,목
2022-04-07,4호선,명동,18834,19432,38266,-598,4,7,목
2022-04-07,4호선,충무로,28517,29328,57845,-811,4,7,목
2022-04-07,4호선,동대문역사문화공원(DDP),13872,12857,26729,1015,4,7,목
2022-04-07,4호선,동대문,19214,19821,39035,-607,4,7,목
2022-04-07,4호선,혜화,31670,31911,63581,-241,4,7,목
2022-04-07,4호선,한성대입구(삼선교),14107,13844,27951,263,4,7,목
2022-04-07,4호선,성신여대입구(돈암),20744,19731,40475,1013,4,7,목
2022-04-07,4호선,길음,21259,20895,42154,364,4,7,목
2022-04-07,4호선,미아사거리,26575,25899,52474,676,4,7,목
2022-04-07,4호선,미아(서울사이버대학),15451,14947,30398,504,4,7,목
2022-04-07,4호선,수유(강북구청),32959,33170,66129,-211,4,7,목
2022-04-07,4호선,쌍문,28936,26763,55699,2173,4,7,목
2022-04-07,4호선,창동,24870,25805,50675,-935,4,7,목
2022-04-07,4호선,노원,18209,20508,38717,-2299,4,7,목
2022-04-07,4호선,상계,19173,17666,36839,1507,4,7,목
2022-04-07,4호선,당고개,8949,8189,17138,760,4,7,목
2022-04-07,3호선,오금,6214,5592,11806,622,4,7,목
2022-04-07,3호선,경찰병원,7010,7059,14069,-49,4,7,목
2022-04-07,3호선,가락시장,8783,8807,17590,-24,4,7,목
2022-04-07,3호선,수서,16403,16630,33033,-227,4,7,목
2022-04-07,6호선,독바위,2663,2820,5483,-157,4,7,목
2022-04-07,3호선,일원,10289,9949,20238,340,4,7,목
2022-04-07,3호선,대청,10231,9337,19568,894,4,7,목
2022-04-07,7호선,공릉(서울과학기술대),12730,12487,25217,243,4,7,목
2022-04-07,7호선,하계,17904,16899,34803,1005,4,7,목
2022-04-07,7호선,중계,14752,13424,28176,1328,4,7,목
2022-04-07,7호선,노원,18502,19436,37938,-934,4,7,목
2022-04-07,7호선,마들,12774,12132,24906,642,4,7,목
2022-04-07,3호선,학여울,1986,2031,4017,-45,4,7,목
2022-04-07,3호선,대치,10464,10652,21116,-188,4,7,목
2022-04-07,3호선,도곡,5322,5615,10937,-293,4,7,목
2022-04-07,3호선,매봉,12487,12028,24515,459,4,7,목
2022-04-07,3호선,양재(서초구청),37428,40810,78238,-3382,4,7,목
2022-04-07,3호선,남부터미널(예술의전당),28287,28418,56705,-131,4,7,목
2022-04-07,3호선,교대(법원.검찰청),14527,9533,24060,4994,4,7,목
2022-04-07,3호선,고속터미널,36420,34962,71382,1458,4,7,목
2022-04-07,3호선,잠원,4614,4510,9124,104,4,7,목
2022-04-07,3호선,신사,28906,30114,59020,-1208,4,7,목
2022-04-07,3호선,압구정,29200,31255,60455,-2055,4,7,목
2022-04-07,3호선,옥수,8899,9052,17951,-153,4,7,목
2022-04-07,3호선,금호,7611,7194,14805,417,4,7,목
2022-04-07,3호선,약수,12740,12419,25159,321,4,7,목
2022-04-07,3호선,동대입구,8939,9884,18823,-945,4,7,목
2022-04-07,3호선,충무로,1,0,1,1,4,7,목
2022-04-07,3호선,을지로3가,9957,10196,20153,-239,4,7,목
2022-04-07,3호선,종로3가,9581,10949,20530,-1368,4,7,목
2022-04-07,3호선,안국,20875,21793,42668,-918,4,7,목
2022-04-07,3호선,경복궁(정부서울청사),21921,21932,43853,-11,4,7,목
2022-04-07,중앙선,지평,59,83,142,-24,4,7,목
2022-04-07,중앙선,용문,1594,1596,3190,-2,4,7,목
2022-04-07,중앙선,원덕,404,412,816,-8,4,7,목
2022-04-07,중앙선,양평,2560,2602,5162,-42,4,7,목
2022-04-07,중앙선,오빈,316,314,630,2,4,7,목
2022-04-07,중앙선,아신,527,551,1078,-24,4,7,목
2022-04-07,중앙선,국수,755,760,1515,-5,4,7,목
2022-04-07,중앙선,신원,243,205,448,38,4,7,목
2022-04-07,중앙선,양수,1780,1867,3647,-87,4,7,목
2022-04-07,중앙선,운길산,902,846,1748,56,4,7,목
2022-04-07,중앙선,팔당,861,918,1779,-57,4,7,목
2022-04-07,중앙선,도심,2423,1957,4380,466,4,7,목
2022-04-07,중앙선,덕소,5501,5583,11084,-82,4,7,목
2022-04-07,중앙선,양정,727,616,1343,111,4,7,목
2022-04-07,중앙선,도농,10418,9579,19997,839,4,7,목
2022-04-07,중앙선,구리,13017,13369,26386,-352,4,7,목
2022-04-07,중앙선,양원,3051,2858,5909,193,4,7,목
2022-04-07,중앙선,망우,7655,7563,15218,92,4,7,목
2022-04-07,중앙선,상봉(시외버스터미널),5670,5732,11402,-62,4,7,목
2022-04-07,중앙선,중랑,5653,5374,11027,279,4,7,목
2022-04-07,중앙선,회기,24894,24036,48930,858,4,7,목
2022-04-07,장항선,신창(순천향대),3667,2540,6207,1127,4,7,목
2022-04-07,장항선,온양온천,3600,3863,7463,-263,4,7,목
2022-04-07,장항선,배방,1193,1139,2332,54,4,7,목
2022-04-07,장항선,탕정,781,675,1456,106,4,7,목
2022-04-07,장항선,아산,3809,3546,7355,263,4,7,목
2022-04-07,장항선,쌍용(나사렛대),2973,2660,5633,313,4,7,목
2022-04-07,장항선,봉명,1287,1245,2532,42,4,7,목
2022-04-07,안산선,초지,5137,5480,10617,-343,4,7,목
2022-04-07,안산선,고잔,9115,8683,17798,432,4,7,목
2022-04-07,안산선,중앙,17725,18599,36324,-874,4,7,목
2022-04-07,안산선,한대앞,10474,10482,20956,-8,4,7,목
2022-04-07,안산선,상록수,16087,16288,32375,-201,4,7,목
2022-04-07,안산선,반월,4267,4124,8391,143,4,7,목
2022-04-07,안산선,대야미,5053,4594,9647,459,4,7,목
2022-04-07,안산선,산본,15541,16598,32139,-1057,4,7,목
2022-04-07,수인선,인천,989,1627,2616,-638,4,7,목
2022-04-07,수인선,신포,1903,1904,3807,-1,4,7,목
2022-04-07,수인선,숭의,4097,3696,7793,401,4,7,목
2022-04-07,수인선,인하대,7128,6836,13964,292,4,7,목
2022-04-07,수인선,송도,2535,2343,4878,192,4,7,목
2022-04-07,수인선,연수,4567,4536,9103,31,4,7,목
2022-04-07,수인선,원인재,4386,4619,9005,-233,4,7,목
2022-04-07,수인선,남동인더스파크,2223,2497,4720,-274,4,7,목
2022-04-07,수인선,호구포,4081,4192,8273,-111,4,7,목
2022-04-07,수인선,인천논현,5568,5986,11554,-418,4,7,목
2022-04-07,수인선,소래포구,5563,5222,10785,341,4,7,목
2022-04-07,수인선,월곶,2857,2623,5480,234,4,7,목
2022-04-07,수인선,달월,110,67,177,43,4,7,목
2022-04-07,수인선,사리,4834,4367,9201,467,4,7,목
2022-04-07,수인선,야목,387,288,675,99,4,7,목
2022-04-07,수인선,어천,723,789,1512,-66,4,7,목
2022-04-07,수인선,오목천,3574,3387,6961,187,4,7,목
2022-04-07,수인선,고색,5289,5000,10289,289,4,7,목
2022-04-07,분당선,매교,3183,3256,6439,-73,4,7,목
2022-04-07,분당선,수원시청,12122,13098,25220,-976,4,7,목
2022-04-07,3호선,독립문,6781,7109,13890,-328,4,7,목
2022-04-07,3호선,무악재,3866,3904,7770,-38,4,7,목
2022-04-07,3호선,홍제,17461,16708,34169,753,4,7,목
2022-04-07,3호선,녹번,15722,14120,29842,1602,4,7,목
2022-04-07,3호선,불광,15624,16736,32360,-1112,4,7,목
2022-04-07,3호선,연신내,35315,33527,68842,1788,4,7,목
2022-04-07,3호선,구파발,19910,18843,38753,1067,4,7,목
2022-04-07,3호선,지축,4940,4569,9509,371,4,7,목
2022-04-07,2호선,용두(동대문구청),2316,2317,4633,-1,4,7,목
2022-04-07,2호선,신정네거리,10047,10291,20338,-244,4,7,목
2022-04-07,2호선,양천구청,6512,6774,13286,-262,4,7,목
2022-04-07,2호선,도림천,1444,1549,2993,-105,4,7,목
2022-04-07,2호선,신설동,3239,1746,4985,1493,4,7,목
2022-04-07,2호선,신답,1639,1842,3481,-203,4,7,목
2022-04-07,2호선,용답,3114,3269,6383,-155,4,7,목
2022-04-07,2호선,충정로(경기대입구),9645,10348,19993,-703,4,7,목
2022-04-07,2호선,아현,10529,9953,20482,576,4,7,목
2022-04-07,2호선,이대,13638,14374,28012,-736,4,7,목
2022-04-07,2호선,신촌,31649,32276,63925,-627,4,7,목
2022-04-07,2호선,홍대입구,49511,52103,101614,-2592,4,7,목
2022-04-07,2호선,합정,29720,31339,61059,-1619,4,7,목
2022-04-07,2호선,당산,19164,21746,40910,-2582,4,7,목
2022-04-07,2호선,영등포구청,22216,22783,44999,-567,4,7,목
2022-04-07,2호선,문래,21602,21907,43509,-305,4,7,목
2022-04-07,2호선,신도림,45801,45922,91723,-121,4,7,목
2022-04-07,2호선,대림(구로구청),23246,23513,46759,-267,4,7,목
2022-04-07,2호선,구로디지털단지,57775,57444,115219,331,4,7,목
2022-04-07,2호선,신대방,26385,25823,52208,562,4,7,목
2022-04-07,2호선,신림,61825,59321,121146,2504,4,7,목
2022-04-07,2호선,봉천,23389,21678,45067,1711,4,7,목
2022-04-07,2호선,서울대입구(관악구청),46987,45985,92972,1002,4,7,목
2022-04-07,2호선,낙성대(강감찬),26628,26080,52708,548,4,7,목
2022-04-07,2호선,사당,35235,38986,74221,-3751,4,7,목
2022-04-07,2호선,방배,19262,19935,39197,-673,4,7,목
2022-04-07,2호선,서초,20910,20207,41117,703,4,7,목
2022-04-07,2호선,교대(법원.검찰청),33265,37664,70929,-4399,4,7,목
2022-04-07,2호선,강남,78855,78015,156870,840,4,7,목
2022-04-07,2호선,역삼,50154,56525,106679,-6371,4,7,목
2022-04-07,2호선,선릉,54623,48919,103542,5704,4,7,목
2022-04-07,2호선,삼성(무역센터),49497,50525,100022,-1028,4,7,목
2022-04-07,2호선,종합운동장,9279,9986,19265,-707,4,7,목
2022-04-07,2호선,잠실새내,20593,20394,40987,199,4,7,목
2022-04-07,2호선,잠실(송파구청),76368,76338,152706,30,4,7,목
2022-04-07,2호선,잠실나루,14413,14138,28551,275,4,7,목
2022-04-07,2호선,강변(동서울터미널),28479,26436,54915,2043,4,7,목
2022-04-07,2호선,구의(광진구청),23184,22640,45824,544,4,7,목
2022-04-07,2호선,건대입구,34574,37034,71608,-2460,4,7,목
2022-04-07,2호선,성수,36402,39905,76307,-3503,4,7,목
2022-04-07,2호선,뚝섬,22503,23863,46366,-1360,4,7,목
2022-04-07,2호선,한양대,14705,16266,30971,-1561,4,7,목
2022-04-07,2호선,왕십리(성동구청),16484,13155,29639,3329,4,7,목
2022-04-07,2호선,상왕십리,13956,13563,27519,393,4,7,목
2022-04-07,2호선,신당,13689,14152,27841,-463,4,7,목
2022-04-07,2호선,동대문역사문화공원(DDP),11454,12928,24382,-1474,4,7,목
2022-04-07,2호선,을지로4가,12645,12697,25342,-52,4,7,목
2022-04-07,2호선,을지로3가,21374,21311,42685,63,4,7,목
2022-04-07,2호선,을지로입구,36816,38502,75318,-1686,4,7,목
2022-04-07,2호선,시청,23028,22205,45233,823,4,7,목
2022-04-07,1호선,동묘앞,8053,8431,16484,-378,4,7,목
2022-04-07,1호선,청량리(서울시립대입구),19668,19531,39199,137,4,7,목
2022-04-07,1호선,제기동,17143,17384,34527,-241,4,7,목
2022-04-07,1호선,신설동,13561,13229,26790,332,4,7,목
2022-04-07,1호선,동대문,10633,9921,20554,712,4,7,목
2022-04-07,1호선,종로5가,22201,22162,44363,39,4,7,목
2022-04-07,1호선,종로3가,23894,22044,45938,1850,4,7,목
2022-04-07,1호선,종각,32486,31686,64172,800,4,7,목
2022-04-07,1호선,시청,21680,22129,43809,-449,4,7,목
2022-04-07,1호선,서울역,40672,39178,79850,1494,4,7,목
2022-04-07,분당선,매탄권선,4988,4939,9927,49,4,7,목
2022-04-07,분당선,망포,14123,13474,27597,649,4,7,목
2022-04-07,분당선,영통,8093,8158,16251,-65,4,7,목
2022-04-07,분당선,청명,4256,4075,8331,181,4,7,목
2022-04-07,분당선,상갈,5408,5190,10598,218,4,7,목
2022-04-07,분당선,기흥,9989,9333,19322,656,4,7,목
2022-04-07,분당선,신갈,4329,4432,8761,-103,4,7,목
2022-04-07,분당선,구성,5002,5249,10251,-247,4,7,목
2022-04-07,분당선,죽전,14213,15505,29718,-1292,4,7,목
2022-04-07,분당선,보정,2495,2187,4682,308,4,7,목
2022-04-07,분당선,이매,5700,5253,10953,447,4,7,목
2022-04-07,분당선,오리,11610,9454,21064,2156,4,7,목
2022-04-07,분당선,미금,15108,16116,31224,-1008,4,7,목
2022-04-07,분당선,정자,16711,17723,34434,-1012,4,7,목
2022-04-07,분당선,수내,12806,12844,25650,-38,4,7,목
2022-04-07,분당선,서현,22655,22490,45145,165,4,7,목
2022-04-07,분당선,야탑,25292,26485,51777,-1193,4,7,목
2022-04-07,분당선,모란,19759,19811,39570,-52,4,7,목
2022-04-07,분당선,태평,13158,12730,25888,428,4,7,목
2022-04-07,분당선,가천대,10013,10833,20846,-820,4,7,목
2022-04-07,분당선,선정릉,8165,8614,16779,-449,4,7,목
2022-04-07,분당선,강남구청,9738,11273,21011,-1535,4,7,목
2022-04-07,분당선,압구정로데오,18327,20225,38552,-1898,4,7,목
2022-04-07,분당선,서울숲,12007,12492,24499,-485,4,7,목
2022-04-07,분당선,수원,8142,6770,14912,1372,4,7,목
2022-04-07,9호선,사평,3459,3341,6800,118,4,7,목
2022-04-07,경원선,창동,2,0,2,2,4,7,목
2022-04-07,우이신설선,보문,1473,1473,2946,0,4,7,목
2022-04-07,우이신설선,신설동,2184,2129,4313,55,4,7,목
2022-04-07,일산선,원흥,10767,10149,20916,618,4,7,목
2022-04-07,일산선,지축,1,0,1,1,4,7,목
2022-04-07,일산선,삼송,19459,18865,38324,594,4,7,목
2022-04-07,일산선,원당,11341,10706,22047,635,4,7,목
2022-04-07,일산선,화정,16650,17051,33701,-401,4,7,목
2022-04-07,일산선,대곡,2251,1753,4004,498,4,7,목
2022-04-07,일산선,백석,9596,9544,19140,52,4,7,목
2022-04-07,일산선,마두,7277,7354,14631,-77,4,7,목
2022-04-07,일산선,정발산,6561,6744,13305,-183,4,7,목
2022-04-07,일산선,주엽,8897,8988,17885,-91,4,7,목
2022-04-07,일산선,대화,12208,9835,22043,2373,4,7,목
2022-04-07,안산선,안산,11333,10238,21571,1095,4,7,목
2022-04-07,안산선,신길온천,1682,1609,3291,73,4,7,목
2022-04-07,안산선,정왕,10122,10253,20375,-131,4,7,목
2022-04-07,안산선,오이도,8269,8245,16514,24,4,7,목
2022-04-07,안산선,수리산,4278,3497,7775,781,4,7,목
2022-04-07,우이신설선,북한산우이,2639,2446,5085,193,4,7,목
2022-04-07,우이신설선,솔밭공원,2550,2409,4959,141,4,7,목
2022-04-07,우이신설선,4.19민주묘지,3358,3161,6519,197,4,7,목
2022-04-07,우이신설선,가오리,4058,4053,8111,5,4,7,목
2022-04-07,우이신설선,화계,3308,3108,6416,200,4,7,목
2022-04-07,우이신설선,삼양,1946,2062,4008,-116,4,7,목
2022-04-07,우이신설선,삼양사거리,2337,2381,4718,-44,4,7,목
2022-04-07,우이신설선,솔샘,5681,5376,11057,305,4,7,목
2022-04-07,우이신설선,북한산보국문,6023,5637,11660,386,4,7,목
2022-04-07,우이신설선,정릉,4642,4216,8858,426,4,7,목
2022-04-07,우이신설선,성신여대입구(돈암),3195,3469,6664,-274,4,7,목
2022-04-07,6호선,불광,4125,4189,8314,-64,4,7,목
2022-04-07,6호선,역촌,3606,4301,7907,-695,4,7,목
2022-04-07,6호선,응암,17583,17445,35028,138,4,7,목
2022-04-07,5호선,하남검단산,5466,5175,10641,291,4,7,목
2022-04-07,5호선,하남시청(덕풍·신장),6600,6467,13067,133,4,7,목
2022-04-07,5호선,하남풍산,4260,4220,8480,40,4,7,목
2022-04-07,5호선,미사,15797,15703,31500,94,4,7,목
2022-04-07,5호선,강일,4178,3940,8118,238,4,7,목
2022-04-07,5호선,마천,7158,6870,14028,288,4,7,목
2022-04-07,5호선,거여,10085,9623,19708,462,4,7,목
2022-04-07,5호선,개롱,6394,6715,13109,-321,4,7,목
2022-04-07,5호선,오금,3763,3813,7576,-50,4,7,목
2022-04-07,5호선,방이,6920,7152,14072,-232,4,7,목
2022-04-07,5호선,올림픽공원(한국체대),4457,3833,8290,624,4,7,목
2022-04-07,5호선,둔촌동,8473,8433,16906,40,4,7,목
2022-04-07,5호선,상일동,14685,13683,28368,1002,4,7,목
2022-04-07,5호선,고덕,9443,9262,18705,181,4,7,목
2022-04-07,5호선,명일,8445,8658,17103,-213,4,7,목
2022-04-07,5호선,굽은다리(강동구민회관앞),9370,8769,18139,601,4,7,목
2022-04-07,5호선,길동,7754,7942,15696,-188,4,7,목
2022-04-07,5호선,송정,6460,6130,12590,330,4,7,목
2022-04-07,7호선,수락산,12480,12097,24577,383,4,7,목
2022-04-07,7호선,도봉산,9614,10930,20544,-1316,4,7,목
2022-04-07,7호선,장암,2258,854,3112,1404,4,7,목
2022-04-07,6호선,봉화산(서울의료원),8875,8430,17305,445,4,7,목
2022-04-07,6호선,화랑대(서울여대입구),12240,9445,21685,2795,4,7,목
2022-04-07,6호선,태릉입구,5608,6078,11686,-470,4,7,목
2022-04-07,6호선,석계,12344,12801,25145,-457,4,7,목
2022-04-07,6호선,돌곶이,9273,8521,17794,752,4,7,목
2022-04-07,6호선,상월곡(한국과학기술연구원),6320,5777,12097,543,4,7,목
2022-04-07,6호선,월곡(동덕여대),12184,11902,24086,282,4,7,목
2022-04-07,6호선,고려대(종암),8610,8446,17056,164,4,7,목
2022-04-07,6호선,안암(고대병원앞),14082,13946,28028,136,4,7,목
2022-04-07,6호선,보문,7322,6688,14010,634,4,7,목
2022-04-07,6호선,창신,3685,3082,6767,603,4,7,목
2022-04-07,6호선,동묘앞,7492,7748,15240,-256,4,7,목
2022-04-07,6호선,신당,8488,8791,17279,-303,4,7,목
2022-04-07,6호선,청구,3643,3904,7547,-261,4,7,목
2022-04-07,6호선,약수,3538,3534,7072,4,4,7,목
2022-04-07,6호선,버티고개,2048,2050,4098,-2,4,7,목
2022-04-07,6호선,한강진,6940,8082,15022,-1142,4,7,목
2022-04-07,6호선,이태원,9157,9580,18737,-423,4,7,목
2022-04-07,6호선,녹사평(용산구청),4531,4546,9077,-15,4,7,목
2022-04-07,6호선,삼각지,6137,5384,11521,753,4,7,목
2022-04-07,6호선,효창공원앞,7174,6839,14013,335,4,7,목
2022-04-07,6호선,공덕,18100,17482,35582,618,4,7,목
2022-04-07,6호선,대흥(서강대앞),8415,8757,17172,-342,4,7,목
2022-04-07,6호선,광흥창(서강),8964,8630,17594,334,4,7,목
2022-04-07,6호선,상수,8143,9293,17436,-1150,4,7,목
2022-04-07,6호선,합정,12402,12335,24737,67,4,7,목
2022-04-07,6호선,망원,13328,14099,27427,-771,4,7,목
2022-04-07,6호선,마포구청,13666,12381,26047,1285,4,7,목
2022-04-07,6호선,월드컵경기장(성산),4381,4514,8895,-133,4,7,목
2022-04-07,6호선,디지털미디어시티,13641,14906,28547,-1265,4,7,목
2022-04-07,6호선,증산(명지대앞),10094,10118,20212,-24,4,7,목
2022-04-07,6호선,새절(신사),13533,12676,26209,857,4,7,목
2022-04-07,6호선,구산,7748,5723,13471,2025,4,7,목
2022-04-07,6호선,연신내,3,0,3,3,4,7,목
2022-04-07,분당선,수서,13145,13437,26582,-292,4,7,목
2022-04-07,분당선,대모산입구,4390,4142,8532,248,4,7,목
2022-04-07,분당선,개포동,4077,4114,8191,-37,4,7,목
2022-04-07,분당선,구룡,2369,2293,4662,76,4,7,목
2022-04-07,분당선,도곡,7160,7025,14185,135,4,7,목
2022-04-07,분당선,한티,13844,14713,28557,-869,4,7,목
2022-04-07,분당선,선릉,12903,19661,32564,-6758,4,7,목
2022-04-07,과천선,범계,25552,25306,50858,246,4,7,목
2022-04-07,과천선,평촌,17755,17419,35174,336,4,7,목
2022-04-07,과천선,인덕원,23725,24517,48242,-792,4,7,목
2022-04-07,과천선,정부과천청사,10490,10415,20905,75,4,7,목
2022-04-07,과천선,과천,6273,5752,12025,521,4,7,목
2022-04-07,과천선,대공원,3684,3901,7585,-217,4,7,목
2022-04-07,과천선,경마공원,1390,1363,2753,27,4,7,목
2022-04-07,과천선,선바위,8234,7256,15490,978,4,7,목
2022-04-07,공항철도 1호선,영종,3007,3048,6055,-41,4,7,목
2022-04-07,공항철도 1호선,인천공항2터미널,2674,2293,4967,381,4,7,목
2022-04-07,공항철도 1호선,인천공항1터미널,4276,4077,8353,199,4,7,목
2022-04-07,공항철도 1호선,공항화물청사,2377,2551,4928,-174,4,7,목
2022-04-07,공항철도 1호선,운서,6744,6760,13504,-16,4,7,목
2022-04-07,공항철도 1호선,청라국제도시,6774,6519,13293,255,4,7,목
2022-04-07,공항철도 1호선,검암,6538,6605,13143,-67,4,7,목
2022-04-07,공항철도 1호선,계양,10525,9967,20492,558,4,7,목
2022-04-07,공항철도 1호선,김포공항,11088,6533,17621,4555,4,7,목
2022-04-07,공항철도 1호선,마곡나루(서울식물원),8787,8561,17348,226,4,7,목
2022-04-07,공항철도 1호선,디지털미디어시티,13686,12593,26279,1093,4,7,목
2022-04-07,공항철도 1호선,홍대입구,8899,8937,17836,-38,4,7,목
2022-04-07,공항철도 1호선,공덕,2207,2960,5167,-753,4,7,목
2022-04-07,공항철도 1호선,서울역,7411,6949,14360,462,4,7,목
2022-04-07,경춘선,춘천,1622,1280,2902,342,4,7,목
2022-04-07,경춘선,남춘천,3214,2954,6168,260,4,7,목
2022-04-07,경춘선,김유정,273,341,614,-68,4,7,목
2022-04-07,경춘선,강촌,407,415,822,-8,4,7,목
2022-04-07,경춘선,백양리,73,62,135,11,4,7,목
2022-04-07,경춘선,굴봉산,118,133,251,-15,4,7,목
2022-04-07,경춘선,가평,1469,1527,2996,-58,4,7,목
2022-04-07,경춘선,상천,301,289,590,12,4,7,목
2022-04-07,경춘선,청평,1476,1480,2956,-4,4,7,목
2022-04-07,경춘선,대성리,532,460,992,72,4,7,목
2022-04-07,경춘선,마석,3972,3945,7917,27,4,7,목
2022-04-07,경춘선,천마산,1759,1622,3381,137,4,7,목
2022-04-07,경춘선,평내호평,6454,6368,12822,86,4,7,목
2022-04-07,경춘선,금곡,1614,1569,3183,45,4,7,목
2022-04-07,경춘선,사릉,2553,2541,5094,12,4,7,목
2022-04-07,경춘선,퇴계원,3471,3196,6667,275,4,7,목
2022-04-07,경춘선,별내,3226,3053,6279,173,4,7,목
2022-04-07,경춘선,갈매,3010,2668,5678,342,4,7,목
2022-04-07,경춘선,신내,2290,2231,4521,59,4,7,목
2022-04-07,경인선,도화,4231,3848,8079,383,4,7,목
2022-04-07,경인선,중동,9498,8900,18398,598,4,7,목
2022-04-07,경인선,온수(성공회대입구),7020,6608,13628,412,4,7,목
2022-04-07,경인선,도원,3309,3332,6641,-23,4,7,목
2022-04-07,경인선,간석,5914,5571,11485,343,4,7,목
2022-04-07,경인선,부개,8611,8067,16678,544,4,7,목
2022-04-07,경인선,소사,8915,8744,17659,171,4,7,목
2022-04-07,경인선,구일,7959,7929,15888,30,4,7,목
2022-04-07,경인선,인천,3487,2735,6222,752,4,7,목
2022-04-07,경인선,동인천,13926,13448,27374,478,4,7,목
2022-04-07,경인선,제물포,10998,10435,21433,563,4,7,목
2022-04-07,경인선,주안,19093,17601,36694,1492,4,7,목
2022-04-07,경인선,동암,14231,14307,28538,-76,4,7,목
2022-04-07,경인선,백운,7004,6890,13894,114,4,7,목
2022-04-07,경인선,부평,27602,30130,57732,-2528,4,7,목
2022-04-07,경인선,송내,27083,26921,54004,162,4,7,목
2022-04-07,경인선,부천,31630,31679,63309,-49,4,7,목
2022-04-07,경인선,역곡,28578,28027,56605,551,4,7,목
2022-04-07,경인선,오류동,12039,11034,23073,1005,4,7,목
2022-04-07,경인선,개봉,21310,20786,42096,524,4,7,목
2022-04-07,경의선,임진강,12,6,18,6,4,7,목
2022-04-07,경의선,문산,5005,4962,9967,43,4,7,목
2022-04-07,경의선,파주,1592,1171,2763,421,4,7,목
2022-04-07,경의선,월롱,3131,2577,5708,554,4,7,목
2022-04-07,경의선,금촌,6451,6265,12716,186,4,7,목
2022-04-07,경의선,금릉,4739,4684,9423,55,4,7,목
2022-04-07,경의선,운정,6990,6643,13633,347,4,7,목
2022-04-07,경의선,야당,7371,7410,14781,-39,4,7,목
2022-04-07,경의선,탄현,7681,7460,15141,221,4,7,목
2022-04-07,경의선,일산,9667,9666,19333,1,4,7,목
2022-04-07,경의선,풍산,5705,5241,10946,464,4,7,목
2022-04-07,경의선,백마,7141,6945,14086,196,4,7,목
2022-04-07,경의선,곡산,660,683,1343,-23,4,7,목
2022-04-07,경의선,능곡,3852,3593,7445,259,4,7,목
2022-04-07,경의선,행신,7866,8178,16044,-312,4,7,목
2022-04-07,경의선,강매,3350,2912,6262,438,4,7,목
2022-04-07,경의선,화전,3765,3517,7282,248,4,7,목
2022-04-07,경의선,수색,2779,2930,5709,-151,4,7,목
2022-04-07,경의선,디지털미디어시티,2563,2352,4915,211,4,7,목
2022-04-07,경의선,가좌,5446,5278,10724,168,4,7,목
2022-04-07,경의선,홍대입구,1616,1767,3383,-151,4,7,목
2022-04-07,경의선,서강대,2195,2104,4299,91,4,7,목
2022-04-07,경의선,공덕,3399,3049,6448,350,4,7,목
2022-04-07,경의선,효창공원앞,3199,3463,6662,-264,4,7,목
2022-04-07,경의선,신촌,882,1162,2044,-280,4,7,목
2022-04-07,경의선,서울역,4396,5660,10056,-1264,4,7,목
2022-04-07,경원선,소요산,2666,2364,5030,302,4,7,목
2022-04-07,경원선,동두천,2679,2935,5614,-256,4,7,목
2022-04-07,경원선,보산,1612,1496,3108,116,4,7,목
2022-04-07,경원선,동두천중앙,3247,3085,6332,162,4,7,목
2022-04-07,경원선,지행,6837,6756,13593,81,4,7,목
2022-04-07,경원선,덕정,6462,6252,12714,210,4,7,목
2022-04-07,경원선,덕계,3418,3039,6457,379,4,7,목
2022-04-07,경원선,양주,8039,7395,15434,644,4,7,목
2022-04-07,경원선,녹양,4959,4726,9685,233,4,7,목
2022-04-07,경원선,가능,6991,6712,13703,279,4,7,목
2022-04-07,경원선,의정부,17852,18604,36456,-752,4,7,목
2022-04-07,경원선,회룡,12427,12375,24802,52,4,7,목
2022-04-07,경원선,망월사,9392,9522,18914,-130,4,7,목
2022-04-07,경원선,도봉산,7908,5359,13267,2549,4,7,목
2022-04-07,경원선,도봉,5926,5713,11639,213,4,7,목
2022-04-07,경원선,방학,9699,9551,19250,148,4,7,목
2022-04-07,경원선,녹천,4786,4038,8824,748,4,7,목
2022-04-07,경원선,월계,8326,7650,15976,676,4,7,목
2022-04-07,경원선,광운대,8917,8853,17770,64,4,7,목
2022-04-07,경원선,석계,8348,9127,17475,-779,4,7,목
2022-04-07,경원선,신이문,8297,7734,16031,563,4,7,목
2022-04-07,경원선,외대앞,8393,8504,16897,-111,4,7,목
2022-04-07,경원선,청량리(서울시립대입구),14517,14638,29155,-121,4,7,목
2022-04-07,경원선,왕십리(성동구청),14218,15203,29421,-985,4,7,목
2022-04-07,경원선,응봉,2142,2043,4185,99,4,7,목
2022-04-07,경원선,옥수,52,29,81,23,4,7,목
2022-04-07,경원선,한남,3969,3827,7796,142,4,7,목
2022-04-07,경원선,서빙고,2051,1827,3878,224,4,7,목
2022-04-07,경원선,이촌(국립중앙박물관),3453,2732,6185,721,4,7,목
2022-04-07,경부선,광명,3145,2780,5925,365,4,7,목
2022-04-07,경부선,서동탄,1374,1266,2640,108,4,7,목
2022-04-07,경부선,당정,6582,6232,12814,350,4,7,목
2022-04-07,경부선,천안,6836,6110,12946,726,4,7,목
2022-04-07,경부선,두정,7620,7814,15434,-194,4,7,목
2022-04-07,경부선,직산,794,826,1620,-32,4,7,목
2022-04-07,경부선,성환,5305,5044,10349,261,4,7,목
2022-04-07,경부선,평택,12112,12158,24270,-46,4,7,목
2022-04-07,경부선,평택지제,3402,3351,6753,51,4,7,목
2022-04-07,경부선,서정리,7537,6941,14478,596,4,7,목
2022-04-07,경부선,송탄,4274,4091,8365,183,4,7,목
2022-04-07,경부선,진위,1762,1547,3309,215,4,7,목
2022-04-07,경부선,오산,9736,9755,19491,-19,4,7,목
2022-04-07,경부선,오산대,3946,3647,7593,299,4,7,목
2022-04-07,경부선,세마,2798,2612,5410,186,4,7,목
2022-04-07,경부선,병점,15273,15306,30579,-33,4,7,목
2022-04-07,경부선,세류,2960,2628,5588,332,4,7,목
2022-04-07,경부선,독산,18577,19166,37743,-589,4,7,목
2022-04-07,경부선,수원,34217,36359,70576,-2142,4,7,목
2022-04-07,경부선,화서,8112,7823,15935,289,4,7,목
2022-04-07,경부선,성균관대,14811,14620,29431,191,4,7,목
2022-04-07,경부선,의왕,9245,9231,18476,14,4,7,목
2022-04-07,경부선,군포,7756,7644,15400,112,4,7,목
2022-04-07,경부선,금정,26724,27370,54094,-646,4,7,목
2022-04-07,경부선,명학,10615,10392,21007,223,4,7,목
2022-04-07,경부선,안양,25589,25073,50662,516,4,7,목
2022-04-07,경부선,관악,7210,6731,13941,479,4,7,목
2022-04-07,경부선,석수,9775,8797,18572,978,4,7,목
2022-04-07,경부선,금천구청,11749,11819,23568,-70,4,7,목
2022-04-07,경부선,가산디지털단지,18374,21295,39669,-2921,4,7,목
2022-04-07,경부선,구로,17783,18536,36319,-753,4,7,목
2022-04-07,경부선,신길,9116,7864,16980,1252,4,7,목
2022-04-07,경부선,신도림,4167,4150,8317,17,4,7,목
2022-04-07,경부선,영등포,35201,35590,70791,-389,4,7,목
2022-04-07,경부선,대방,13059,13255,26314,-196,4,7,목
2022-04-07,경부선,노량진,8229,8470,16699,-241,4,7,목
2022-04-07,경부선,용산,29597,29825,59422,-228,4,7,목
2022-04-07,경부선,남영,9494,9971,19465,-477,4,7,목
2022-04-07,경부선,서울역,5566,1815,7381,3751,4,7,목
2022-04-07,경강선,여주,2563,2402,4965,161,4,7,목
2022-04-07,경강선,세종대왕릉,308,295,603,13,4,7,목
2022-04-07,경강선,부발,2063,1959,4022,104,4,7,목
2022-04-07,경강선,이천,2477,2544,5021,-67,4,7,목
2022-04-07,경강선,신둔도예촌,1658,1493,3151,165,4,7,목
2022-04-07,경강선,곤지암,2188,2202,4390,-14,4,7,목
2022-04-07,경강선,초월,3108,2976,6084,132,4,7,목
2022-04-07,경강선,경기광주,7597,7185,14782,412,4,7,목
2022-04-07,경강선,삼동,2361,2170,4531,191,4,7,목
2022-04-07,경강선,이매,1095,972,2067,123,4,7,목
2022-04-07,경강선,판교,4547,4521,9068,26,4,7,목
2022-04-07,9호선2~3단계,중앙보훈병원,10620,9349,19969,1271,4,7,목
2022-04-07,9호선2~3단계,둔촌오륜,1209,1113,2322,96,4,7,목
2022-04-07,9호선2~3단계,올림픽공원(한국체대),5981,5824,11805,157,4,7,목
2022-04-07,9호선2~3단계,한성백제,2577,2225,4802,352,4,7,목
2022-04-07,9호선2~3단계,송파나루,5333,5654,10987,-321,4,7,목
2022-04-07,9호선2~3단계,석촌,9101,8261,17362,840,4,7,목
2022-04-07,9호선2~3단계,석촌고분,5965,5895,11860,70,4,7,목
2022-04-07,9호선2~3단계,삼전,6672,6395,13067,277,4,7,목
2022-04-07,9호선2~3단계,종합운동장,3986,4127,8113,-141,4,7,목
2022-04-07,9호선2~3단계,봉은사,16129,16448,32577,-319,4,7,목
2022-04-07,9호선2~3단계,삼성중앙,6530,6982,13512,-452,4,7,목
2022-04-07,9호선2~3단계,선정릉,9457,10481,19938,-1024,4,7,목
2022-04-07,9호선2~3단계,언주,10081,10385,20466,-304,4,7,목
2022-04-07,9호선,신논현,29759,29673,59432,86,4,7,목
2022-04-07,9호선,고속터미널,11635,14271,25906,-2636,4,7,목
2022-04-07,9호선,신반포,3352,3262,6614,90,4,7,목
2022-04-07,9호선,구반포,1280,1309,2589,-29,4,7,목
2022-04-07,9호선,동작(현충원),2584,2286,4870,298,4,7,목
2022-04-07,9호선,흑석(중앙대입구),9155,9214,18369,-59,4,7,목
2022-04-07,9호선,노들,4495,3721,8216,774,4,7,목
2022-04-07,9호선,노량진,26205,25299,51504,906,4,7,목
2022-04-07,9호선,샛강,6011,6286,12297,-275,4,7,목
2022-04-07,9호선,여의도,27705,27445,55150,260,4,7,목
2022-04-07,9호선,국회의사당,17221,17646,34867,-425,4,7,목
2022-04-07,9호선,당산,18273,17886,36159,387,4,7,목
2022-04-07,9호선,선유도,8712,8257,16969,455,4,7,목
2022-04-07,9호선,신목동,4248,3687,7935,561,4,7,목
2022-04-07,9호선,염창,17236,16408,33644,828,4,7,목
2022-04-07,9호선,등촌,11110,10493,21603,617,4,7,목
2022-04-07,9호선,증미,7321,7026,14347,295,4,7,목
2022-04-07,9호선,가양,20415,19633,40048,782,4,7,목
2022-04-07,9호선,양천향교,9885,10108,19993,-223,4,7,목
2022-04-07,9호선,마곡나루(서울식물원),12088,11846,23934,242,4,7,목
2022-04-07,9호선,신방화,6766,6510,13276,256,4,7,목
2022-04-07,9호선,공항시장,3002,3180,6182,-178,4,7,목
2022-04-07,9호선,김포공항,6631,10640,17271,-4009,4,7,목
2022-04-07,9호선,개화,2482,1785,4267,697,4,7,목
2022-04-07,8호선,남위례,4800,5008,9808,-208,4,7,목
2022-04-07,8호선,모란,4395,3428,7823,967,4,7,목
2022-04-07,8호선,수진,5335,4917,10252,418,4,7,목
2022-04-07,8호선,신흥,3977,4346,8323,-369,4,7,목
2022-04-07,8호선,단대오거리,11254,10543,21797,711,4,7,목
2022-04-07,8호선,남한산성입구(성남법원.검찰청),15357,14215,29572,1142,4,7,목
2022-04-07,8호선,산성,5413,5404,10817,9,4,7,목
2022-04-07,8호선,복정,10101,8453,18554,1648,4,7,목
2022-04-07,8호선,장지,17015,16338,33353,677,4,7,목
2022-04-07,8호선,문정,21776,22844,44620,-1068,4,7,목
2022-04-07,8호선,가락시장,7634,8594,16228,-960,4,7,목
2022-04-07,8호선,송파,8083,7846,15929,237,4,7,목
2022-04-07,8호선,석촌,8293,10276,18569,-1983,4,7,목
2022-04-07,8호선,잠실(송파구청),15854,18069,33923,-2215,4,7,목
2022-04-07,8호선,몽촌토성(평화의문),6362,6343,12705,19,4,7,목
2022-04-07,8호선,강동구청,10323,10708,21031,-385,4,7,목
2022-04-07,8호선,천호(풍납토성),14161,16157,30318,-1996,4,7,목
2022-04-07,8호선,암사,18743,16555,35298,2188,4,7,목
2022-04-07,7호선,부천시청,1,0,1,1,4,7,목
2022-04-07,7호선,까치울,1,0,1,1,4,7,목
2022-04-07,7호선,온수(성공회대입구),10824,10165,20989,659,4,7,목
2022-04-07,7호선,천왕,11430,10890,22320,540,4,7,목
2022-04-07,7호선,광명사거리,21646,21399,43045,247,4,7,목
2022-04-07,7호선,철산,20509,20919,41428,-410,4,7,목
2022-04-07,7호선,가산디지털단지,44240,44974,89214,-734,4,7,목
2022-04-07,7호선,남구로,15270,16149,31419,-879,4,7,목
2022-04-07,7호선,대림(구로구청),7175,7237,14412,-62,4,7,목
2022-04-07,7호선,신풍,11525,11081,22606,444,4,7,목
2022-04-07,7호선,보라매,9581,9712,19293,-131,4,7,목
2022-04-07,7호선,신대방삼거리,16495,15693,32188,802,4,7,목
2022-04-07,7호선,장승배기,8753,8466,17219,287,4,7,목
2022-04-07,7호선,상도,11204,10947,22151,257,4,7,목
2022-04-07,7호선,숭실대입구(살피재),14567,14735,29302,-168,4,7,목
2022-04-07,7호선,남성,11051,10080,21131,971,4,7,목
2022-04-07,7호선,이수,15142,14703,29845,439,4,7,목
2022-04-07,7호선,내방,14271,14744,29015,-473,4,7,목
2022-04-07,7호선,고속터미널,14467,12371,26838,2096,4,7,목
2022-04-07,7호선,반포,5761,5505,11266,256,4,7,목
2022-04-07,7호선,논현,19459,21372,40831,-1913,4,7,목
2022-04-07,7호선,학동,23741,25584,49325,-1843,4,7,목
2022-04-07,7호선,강남구청,15700,17708,33408,-2008,4,7,목
2022-04-07,7호선,청담,19299,21551,40850,-2252,4,7,목
2022-04-07,7호선,뚝섬유원지,9785,9484,19269,301,4,7,목
2022-04-07,7호선,건대입구,12687,13314,26001,-627,4,7,목
2022-04-07,7호선,어린이대공원(세종대),14969,15454,30423,-485,4,7,목
2022-04-07,7호선,군자(능동),14658,11680,26338,2978,4,7,목
2022-04-07,7호선,중곡,10695,10040,20735,655,4,7,목
2022-04-07,7호선,용마산(용마폭포공원),6081,5821,11902,260,4,7,목
2022-04-07,7호선,사가정,15964,15819,31783,145,4,7,목
2022-04-07,7호선,면목,16128,15650,31778,478,4,7,목
2022-04-07,7호선,상봉(시외버스터미널),16468,15340,31808,1128,4,7,목
2022-04-07,7호선,중화,10762,10540,21302,222,4,7,목
2022-04-07,7호선,먹골,9991,9663,19654,328,4,7,목
2022-04-07,7호선,태릉입구,8740,8447,17187,293,4,7,목
2022-04-07,5호선,강동,18419,17572,35991,847,4,7,목
2022-04-07,5호선,천호(풍납토성),17068,16964,34032,104,4,7,목
2022-04-07,5호선,광나루(장신대),13520,12262,25782,1258,4,7,목
2022-04-07,5호선,아차산(어린이대공원후문),15335,14895,30230,440,4,7,목
2022-04-07,5호선,군자(능동),11035,12146,23181,-1111,4,7,목
2022-04-07,5호선,장한평,18450,18444,36894,6,4,7,목
2022-04-07,5호선,답십리,15600,14200,29800,1400,4,7,목
2022-04-07,5호선,마장,5637,5375,11012,262,4,7,목
2022-04-07,5호선,왕십리(성동구청),4515,5100,9615,-585,4,7,목
2022-04-07,5호선,행당,7945,7064,15009,881,4,7,목
2022-04-07,5호선,신금호,6561,6779,13340,-218,4,7,목
2022-04-07,5호선,청구,3983,3561,7544,422,4,7,목
2022-04-07,5호선,동대문역사문화공원(DDP),2722,3188,5910,-466,4,7,목
2022-04-07,5호선,을지로4가,6127,6096,12223,31,4,7,목
2022-04-07,5호선,종로3가,11556,11520,23076,36,4,7,목
2022-04-07,5호선,광화문(세종문화회관),28745,30213,58958,-1468,4,7,목
2022-04-07,5호선,서대문,19406,19712,39118,-306,4,7,목
2022-04-07,5호선,충정로(경기대입구),4722,4813,9535,-91,4,7,목
2022-04-07,5호선,애오개,6802,6829,13631,-27,4,7,목
2022-04-07,5호선,공덕,14153,14940,29093,-787,4,7,목
2022-04-07,5호선,마포,14331,14731,29062,-400,4,7,목
2022-04-07,5호선,여의나루,17068,18933,36001,-1865,4,7,목
2022-04-07,5호선,여의도,28402,30569,58971,-2167,4,7,목
2022-04-07,5호선,신길,4198,4365,8563,-167,4,7,목
2022-04-07,5호선,영등포시장,9827,10036,19863,-209,4,7,목
2022-04-07,5호선,영등포구청,4058,4139,8197,-81,4,7,목
2022-04-07,5호선,양평,7473,7334,14807,139,4,7,목
2022-04-07,5호선,오목교(목동운동장앞),20945,22423,43368,-1478,4,7,목
2022-04-07,5호선,목동,16725,17887,34612,-1162,4,7,목
2022-04-08,8호선,모란,4628,3790,8418,838,4,8,금
2022-04-08,2호선,사당,37739,42287,80026,-4548,4,8,금
2022-04-08,2호선,낙성대(강감찬),28411,25892,54303,2519,4,8,금
2022-04-08,2호선,서울대입구(관악구청),49513,47746,97259,1767,4,8,금
2022-04-08,2호선,봉천,24042,21361,45403,2681,4,8,금
2022-04-08,2호선,신림,64711,61479,126190,3232,4,8,금
2022-04-08,2호선,신대방,27290,26398,53688,892,4,8,금
2022-04-08,2호선,구로디지털단지,58027,57515,115542,512,4,8,금
2022-04-08,2호선,대림(구로구청),23820,23906,47726,-86,4,8,금
2022-04-08,2호선,신도림,48139,49512,97651,-1373,4,8,금
2022-04-08,2호선,문래,21803,22667,44470,-864,4,8,금
2022-04-08,2호선,영등포구청,22210,22966,45176,-756,4,8,금
2022-04-08,2호선,당산,19689,22184,41873,-2495,4,8,금
2022-04-08,2호선,합정,32228,35411,67639,-3183,4,8,금
2022-04-08,2호선,홍대입구,55998,62878,118876,-6880,4,8,금
2022-04-08,2호선,신촌,34481,35036,69517,-555,4,8,금
2022-04-08,2호선,이대,14595,14817,29412,-222,4,8,금
2022-04-08,2호선,아현,10831,9997,20828,834,4,8,금
2022-04-08,2호선,충정로(경기대입구),9827,10264,20091,-437,4,8,금
2022-04-08,2호선,용답,3299,3254,6553,45,4,8,금
2022-04-08,2호선,신답,1714,1837,3551,-123,4,8,금
2022-04-08,2호선,신설동,3544,1854,5398,1690,4,8,금
2022-04-08,2호선,도림천,1712,1932,3644,-220,4,8,금
2022-04-08,2호선,양천구청,6807,6903,13710,-96,4,8,금
2022-04-08,2호선,신정네거리,10405,10574,20979,-169,4,8,금
2022-04-08,2호선,용두(동대문구청),2463,2543,5006,-80,4,8,금
2022-04-08,3호선,지축,5066,4664,9730,402,4,8,금
2022-04-08,3호선,구파발,20555,19372,39927,1183,4,8,금
2022-04-08,3호선,연신내,37094,34756,71850,2338,4,8,금
2022-04-08,3호선,불광,16013,16920,32933,-907,4,8,금
2022-04-08,3호선,녹번,15844,13691,29535,2153,4,8,금
2022-04-08,3호선,홍제,17911,16746,34657,1165,4,8,금
2022-04-08,3호선,무악재,3855,3901,7756,-46,4,8,금
2022-04-08,3호선,독립문,7128,7335,14463,-207,4,8,금
2022-04-08,3호선,경복궁(정부서울청사),22280,22441,44721,-161,4,8,금
2022-04-08,3호선,안국,22472,24039,46511,-1567,4,8,금
2022-04-08,3호선,종로3가,9978,11964,21942,-1986,4,8,금
2022-04-08,3호선,을지로3가,10126,10919,21045,-793,4,8,금
2022-04-08,3호선,충무로,2,0,2,2,4,8,금
2022-04-08,3호선,동대입구,8500,9472,17972,-972,4,8,금
2022-04-08,3호선,약수,13288,12864,26152,424,4,8,금
2022-04-08,3호선,금호,8162,7459,15621,703,4,8,금
2022-04-08,3호선,옥수,9189,9314,18503,-125,4,8,금
2022-04-08,3호선,압구정,31285,34213,65498,-2928,4,8,금
2022-04-08,3호선,신사,31007,33799,64806,-2792,4,8,금
2022-04-08,3호선,잠원,5060,4899,9959,161,4,8,금
2022-04-08,3호선,고속터미널,44494,46343,90837,-1849,4,8,금
2022-04-08,3호선,교대(법원.검찰청),14510,9580,24090,4930,4,8,금
2022-04-08,3호선,남부터미널(예술의전당),30882,31030,61912,-148,4,8,금
2022-04-08,3호선,양재(서초구청),39038,41631,80669,-2593,4,8,금
2022-04-08,3호선,매봉,12933,12431,25364,502,4,8,금
2022-04-08,3호선,도곡,5636,6112,11748,-476,4,8,금
2022-04-08,3호선,대치,11114,11227,22341,-113,4,8,금
2022-04-08,3호선,학여울,3450,3585,7035,-135,4,8,금
2022-04-08,3호선,대청,10466,9468,19934,998,4,8,금
2022-04-08,3호선,일원,10172,9532,19704,640,4,8,금
2022-04-08,3호선,수서,18367,18546,36913,-179,4,8,금
2022-04-08,3호선,가락시장,9209,9120,18329,89,4,8,금
2022-04-08,3호선,경찰병원,7165,7180,14345,-15,4,8,금
2022-04-08,3호선,오금,6403,5736,12139,667,4,8,금
2022-04-08,4호선,당고개,9381,8452,17833,929,4,8,금
2022-04-08,4호선,상계,19497,17767,37264,1730,4,8,금
2022-04-08,4호선,노원,19180,22231,41411,-3051,4,8,금
2022-04-08,4호선,창동,25939,26681,52620,-742,4,8,금
2022-04-08,4호선,쌍문,29721,27175,56896,2546,4,8,금
2022-04-08,4호선,수유(강북구청),34808,34853,69661,-45,4,8,금
2022-04-08,4호선,미아(서울사이버대학),15549,14662,30211,887,4,8,금
2022-04-08,4호선,미아사거리,27770,26663,54433,1107,4,8,금
2022-04-08,4호선,길음,21236,20329,41565,907,4,8,금
2022-04-08,4호선,성신여대입구(돈암),21440,20453,41893,987,4,8,금
2022-04-08,4호선,한성대입구(삼선교),14490,14326,28816,164,4,8,금
2022-04-08,4호선,혜화,32605,32735,65340,-130,4,8,금
2022-04-08,4호선,동대문,19775,19522,39297,253,4,8,금
2022-04-08,4호선,동대문역사문화공원(DDP),13988,13091,27079,897,4,8,금
2022-04-08,4호선,충무로,28312,29398,57710,-1086,4,8,금
2022-04-08,4호선,명동,19419,20801,40220,-1382,4,8,금
2022-04-08,4호선,회현(남대문시장),24080,25654,49734,-1574,4,8,금
2022-04-08,4호선,서울역,10413,17572,27985,-7159,4,8,금
2022-04-08,4호선,숙대입구(갈월),13676,13385,27061,291,4,8,금
2022-04-08,4호선,삼각지,4983,5912,10895,-929,4,8,금
2022-04-08,4호선,신용산,15457,16573,32030,-1116,4,8,금
2022-04-08,4호선,이촌(국립중앙박물관),7401,8347,15748,-946,4,8,금
2022-04-08,4호선,동작(현충원),2390,2794,5184,-404,4,8,금
2022-04-08,4호선,총신대입구(이수),19495,21126,40621,-1631,4,8,금
2022-04-08,4호선,사당,26582,22104,48686,4478,4,8,금
2022-04-08,4호선,남태령,1330,1009,2339,321,4,8,금
2022-04-08,5호선,방화,6797,6380,13177,417,4,8,금
2022-04-08,5호선,개화산,5749,5361,11110,388,4,8,금
2022-04-08,5호선,김포공항,7763,7645,15408,118,4,8,금
2022-04-08,5호선,송정,6640,6060,12700,580,4,8,금
2022-04-08,5호선,마곡,10078,10220,20298,-142,4,8,금
2022-04-08,5호선,발산,18730,19995,38725,-1265,4,8,금
2022-04-08,5호선,우장산,14983,14490,29473,493,4,8,금
2022-04-08,5호선,화곡,29103,26748,55851,2355,4,8,금
2022-04-08,5호선,까치산,29280,27404,56684,1876,4,8,금
2022-04-08,5호선,신정(은행정),14315,11161,25476,3154,4,8,금
2022-04-08,5호선,목동,17061,18088,35149,-1027,4,8,금
2022-04-08,5호선,오목교(목동운동장앞),22185,24013,46198,-1828,4,8,금
2022-04-08,5호선,양평,7577,7377,14954,200,4,8,금
2022-04-08,5호선,영등포구청,3995,4017,8012,-22,4,8,금
2022-04-08,5호선,영등포시장,10354,10515,20869,-161,4,8,금
2022-04-08,5호선,신길,4283,4289,8572,-6,4,8,금
2022-04-08,5호선,여의도,29321,33266,62587,-3945,4,8,금
2022-04-08,5호선,여의나루,27006,30213,57219,-3207,4,8,금
2022-04-08,5호선,마포,14532,14941,29473,-409,4,8,금
2022-04-08,5호선,공덕,14006,15189,29195,-1183,4,8,금
2022-04-08,5호선,애오개,6815,6780,13595,35,4,8,금
2022-04-08,5호선,충정로(경기대입구),4689,4670,9359,19,4,8,금
2022-04-08,5호선,서대문,18925,18897,37822,28,4,8,금
2022-04-08,5호선,광화문(세종문화회관),28316,29866,58182,-1550,4,8,금
2022-04-08,5호선,종로3가,13082,13769,26851,-687,4,8,금
2022-04-08,5호선,을지로4가,6249,6363,12612,-114,4,8,금
2022-04-08,5호선,동대문역사문화공원(DDP),2492,3006,5498,-514,4,8,금
2022-04-08,5호선,청구,4015,3549,7564,466,4,8,금
2022-04-08,5호선,신금호,6672,6775,13447,-103,4,8,금
2022-04-08,5호선,행당,8242,7065,15307,1177,4,8,금
2022-04-08,5호선,왕십리(성동구청),4687,5454,10141,-767,4,8,금
2022-04-08,5호선,마장,5812,5409,11221,403,4,8,금
2022-04-08,5호선,답십리,15806,14181,29987,1625,4,8,금
2022-04-08,5호선,장한평,18704,18231,36935,473,4,8,금
2022-04-08,5호선,군자(능동),11541,12728,24269,-1187,4,8,금
2022-04-08,5호선,아차산(어린이대공원후문),16188,15586,31774,602,4,8,금
2022-04-08,5호선,광나루(장신대),13895,12402,26297,1493,4,8,금
2022-04-08,5호선,천호(풍납토성),18387,18649,37036,-262,4,8,금
2022-04-08,5호선,강동,18720,17552,36272,1168,4,8,금
2022-04-08,5호선,길동,8172,8548,16720,-376,4,8,금
2022-04-08,5호선,굽은다리(강동구민회관앞),9457,8802,18259,655,4,8,금
2022-04-08,5호선,명일,8905,9039,17944,-134,4,8,금
2022-04-08,5호선,고덕,9657,9561,19218,96,4,8,금
2022-04-08,5호선,상일동,14985,13848,28833,1137,4,8,금
2022-04-08,5호선,둔촌동,8817,8659,17476,158,4,8,금
2022-04-08,5호선,올림픽공원(한국체대),4678,4161,8839,517,4,8,금
2022-04-08,5호선,방이,6902,7220,14122,-318,4,8,금
2022-04-08,5호선,오금,3853,3834,7687,19,4,8,금
2022-04-08,5호선,개롱,6450,6626,13076,-176,4,8,금
2022-04-08,5호선,거여,10165,9346,19511,819,4,8,금
2022-04-08,5호선,마천,7280,6848,14128,432,4,8,금
2022-04-08,5호선,강일,4329,3877,8206,452,4,8,금
2022-04-08,5호선,미사,16300,16244,32544,56,4,8,금
2022-04-08,5호선,하남풍산,4380,4266,8646,114,4,8,금
2022-04-08,5호선,하남시청(덕풍·신장),6816,6589,13405,227,4,8,금
2022-04-08,5호선,하남검단산,5740,5504,11244,236,4,8,금
2022-04-08,6호선,응암,18402,18205,36607,197,4,8,금
2022-04-08,6호선,역촌,3656,4270,7926,-614,4,8,금
2022-04-08,6호선,불광,4404,4338,8742,66,4,8,금
2022-04-08,6호선,독바위,2795,2887,5682,-92,4,8,금
2022-04-08,6호선,연신내,1,0,1,1,4,8,금
2022-04-08,6호선,구산,7932,5649,13581,2283,4,8,금
2022-04-08,6호선,새절(신사),13738,12859,26597,879,4,8,금
2022-04-08,6호선,증산(명지대앞),10571,10597,21168,-26,4,8,금
2022-04-08,6호선,디지털미디어시티,13217,14166,27383,-949,4,8,금
2022-04-08,6호선,월드컵경기장(성산),4923,5018,9941,-95,4,8,금
2022-04-08,6호선,마포구청,14127,12478,26605,1649,4,8,금
2022-04-08,6호선,망원,14376,15523,29899,-1147,4,8,금
2022-04-08,6호선,합정,13772,13675,27447,97,4,8,금
2022-04-08,6호선,상수,9169,10856,20025,-1687,4,8,금
2022-04-08,6호선,광흥창(서강),9185,8871,18056,314,4,8,금
2022-04-08,6호선,대흥(서강대앞),8921,9050,17971,-129,4,8,금
2022-04-08,6호선,공덕,18357,17849,36206,508,4,8,금
2022-04-08,6호선,효창공원앞,7309,6658,13967,651,4,8,금
2022-04-08,6호선,삼각지,6569,5675,12244,894,4,8,금
2022-04-08,6호선,녹사평(용산구청),5090,5352,10442,-262,4,8,금
2022-04-08,6호선,이태원,11240,13671,24911,-2431,4,8,금
2022-04-08,6호선,한강진,8164,9882,18046,-1718,4,8,금
2022-04-08,6호선,버티고개,2130,2062,4192,68,4,8,금
2022-04-08,6호선,약수,3677,3810,7487,-133,4,8,금
2022-04-08,6호선,청구,3706,3895,7601,-189,4,8,금
2022-04-08,6호선,신당,8742,8510,17252,232,4,8,금
2022-04-08,6호선,동묘앞,7774,7795,15569,-21,4,8,금
2022-04-08,6호선,창신,3587,2996,6583,591,4,8,금
2022-04-08,6호선,보문,7606,6740,14346,866,4,8,금
2022-04-08,6호선,안암(고대병원앞),13092,12342,25434,750,4,8,금
2022-04-08,6호선,고려대(종암),8436,8232,16668,204,4,8,금
2022-04-08,6호선,월곡(동덕여대),12298,11766,24064,532,4,8,금
2022-04-08,6호선,상월곡(한국과학기술연구원),6264,5597,11861,667,4,8,금
2022-04-08,6호선,돌곶이,9410,8440,17850,970,4,8,금
2022-04-08,6호선,석계,12539,12789,25328,-250,4,8,금
2022-04-08,6호선,태릉입구,5724,6290,12014,-566,4,8,금
2022-04-08,6호선,화랑대(서울여대입구),12177,9337,21514,2840,4,8,금
2022-04-08,6호선,봉화산(서울의료원),8852,8307,17159,545,4,8,금
2022-04-08,7호선,장암,2171,956,3127,1215,4,8,금
2022-04-08,7호선,도봉산,9480,10859,20339,-1379,4,8,금
2022-04-08,7호선,수락산,12655,12250,24905,405,4,8,금
2022-04-08,7호선,마들,13251,12172,25423,1079,4,8,금
2022-04-08,7호선,노원,19684,21318,41002,-1634,4,8,금
2022-04-08,7호선,중계,14904,13274,28178,1630,4,8,금
2022-04-08,7호선,하계,18424,16963,35387,1461,4,8,금
2022-04-08,7호선,공릉(서울과학기술대),13112,12606,25718,506,4,8,금
2022-04-08,7호선,태릉입구,9128,8731,17859,397,4,8,금
2022-04-08,7호선,먹골,10290,9680,19970,610,4,8,금
2022-04-08,7호선,중화,11038,10662,21700,376,4,8,금
2022-04-08,7호선,상봉(시외버스터미널),16958,16069,33027,889,4,8,금
2022-04-08,7호선,면목,16676,15765,32441,911,4,8,금
2022-04-08,7호선,사가정,16283,16321,32604,-38,4,8,금
2022-04-08,7호선,용마산(용마폭포공원),6121,5726,11847,395,4,8,금
2022-04-08,7호선,중곡,11135,10105,21240,1030,4,8,금
2022-04-08,7호선,군자(능동),15157,11705,26862,3452,4,8,금
2022-04-08,7호선,어린이대공원(세종대),16052,16453,32505,-401,4,8,금
2022-04-08,7호선,건대입구,13173,14073,27246,-900,4,8,금
2022-04-08,7호선,뚝섬유원지,13565,13354,26919,211,4,8,금
2022-04-08,7호선,청담,19226,21941,41167,-2715,4,8,금
2022-04-08,7호선,강남구청,15616,18026,33642,-2410,4,8,금
2022-04-08,7호선,학동,23372,25091,48463,-1719,4,8,금
2022-04-08,7호선,논현,19967,22212,42179,-2245,4,8,금
2022-04-08,7호선,반포,6091,5762,11853,329,4,8,금
2022-04-08,7호선,고속터미널,17327,14065,31392,3262,4,8,금
2022-04-08,7호선,내방,14418,14845,29263,-427,4,8,금
2022-04-08,7호선,이수,15934,15614,31548,320,4,8,금
2022-04-08,7호선,남성,11126,9913,21039,1213,4,8,금
2022-04-08,7호선,숭실대입구(살피재),14186,13993,28179,193,4,8,금
2022-04-08,7호선,상도,11374,10729,22103,645,4,8,금
2022-04-08,7호선,장승배기,8978,8602,17580,376,4,8,금
2022-04-08,7호선,신대방삼거리,16820,15544,32364,1276,4,8,금
2022-04-08,7호선,보라매,10204,9932,20136,272,4,8,금
2022-04-08,7호선,신풍,11760,11166,22926,594,4,8,금
2022-04-08,7호선,대림(구로구청),7572,7724,15296,-152,4,8,금
2022-04-08,7호선,남구로,15067,15957,31024,-890,4,8,금
2022-04-08,7호선,가산디지털단지,43670,44136,87806,-466,4,8,금
2022-04-08,7호선,철산,21500,21973,43473,-473,4,8,금
2022-04-08,7호선,광명사거리,22477,22118,44595,359,4,8,금
2022-04-08,7호선,천왕,11634,10772,22406,862,4,8,금
2022-04-08,7호선,온수(성공회대입구),10927,10167,21094,760,4,8,금
2022-04-08,7호선,까치울,1,0,1,1,4,8,금
2022-04-08,7호선,상동,1,0,1,1,4,8,금
2022-04-08,8호선,암사,19168,16603,35771,2565,4,8,금
2022-04-08,8호선,천호(풍납토성),15039,17676,32715,-2637,4,8,금
2022-04-08,8호선,강동구청,10566,10590,21156,-24,4,8,금
2022-04-08,8호선,몽촌토성(평화의문),6638,6594,13232,44,4,8,금
2022-04-08,8호선,잠실(송파구청),18383,21756,40139,-3373,4,8,금
2022-04-08,8호선,석촌,9300,12074,21374,-2774,4,8,금
2022-04-08,8호선,송파,8181,8005,16186,176,4,8,금
2022-04-08,8호선,가락시장,8079,9134,17213,-1055,4,8,금
2022-04-08,8호선,문정,21876,22855,44731,-979,4,8,금
2022-04-08,8호선,장지,17834,16928,34762,906,4,8,금
2022-04-08,8호선,복정,10133,8351,18484,1782,4,8,금
2022-04-08,8호선,산성,5536,5348,10884,188,4,8,금
2022-04-08,8호선,남한산성입구(성남법원.검찰청),15533,13783,29316,1750,4,8,금
2022-04-08,8호선,단대오거리,11498,10561,22059,937,4,8,금
2022-04-08,8호선,신흥,4290,4548,8838,-258,4,8,금
2022-04-08,8호선,수진,5476,5090,10566,386,4,8,금
2022-04-08,2호선,방배,18603,19234,37837,-631,4,8,금
2022-04-08,8호선,남위례,4942,5132,10074,-190,4,8,금
2022-04-08,9호선,개화,2494,1817,4311,677,4,8,금
2022-04-08,9호선,김포공항,8017,12654,20671,-4637,4,8,금
2022-04-08,9호선,공항시장,3017,3271,6288,-254,4,8,금
2022-04-08,9호선,신방화,7076,6676,13752,400,4,8,금
2022-04-08,9호선,마곡나루(서울식물원),12097,12010,24107,87,4,8,금
2022-04-08,9호선,양천향교,10055,9809,19864,246,4,8,금
2022-04-08,9호선,가양,21285,19889,41174,1396,4,8,금
2022-04-08,9호선,증미,7320,6906,14226,414,4,8,금
2022-04-08,9호선,등촌,11409,10756,22165,653,4,8,금
2022-04-08,9호선,염창,17950,16685,34635,1265,4,8,금
2022-04-08,9호선,신목동,4356,3822,8178,534,4,8,금
2022-04-08,9호선,선유도,8951,8432,17383,519,4,8,금
2022-04-08,9호선,당산,19330,18706,38036,624,4,8,금
2022-04-08,9호선,국회의사당,21266,21503,42769,-237,4,8,금
2022-04-08,9호선,여의도,29291,29483,58774,-192,4,8,금
2022-04-08,9호선,샛강,6335,6737,13072,-402,4,8,금
2022-04-08,9호선,노량진,28234,26504,54738,1730,4,8,금
2022-04-08,9호선,노들,4751,3806,8557,945,4,8,금
2022-04-08,9호선,흑석(중앙대입구),9651,9419,19070,232,4,8,금
2022-04-08,9호선,동작(현충원),3128,2656,5784,472,4,8,금
2022-04-08,9호선,구반포,1326,1351,2677,-25,4,8,금
2022-04-08,9호선,신반포,3748,3606,7354,142,4,8,금
2022-04-08,9호선,고속터미널,13996,18186,32182,-4190,4,8,금
2022-04-08,9호선,사평,3538,3412,6950,126,4,8,금
2022-04-08,9호선,신논현,32835,33573,66408,-738,4,8,금
2022-04-08,9호선2~3단계,언주,10421,10358,20779,63,4,8,금
2022-04-08,9호선2~3단계,선정릉,9685,10481,20166,-796,4,8,금
2022-04-08,9호선2~3단계,삼성중앙,6753,6982,13735,-229,4,8,금
2022-04-08,9호선2~3단계,봉은사,16358,16513,32871,-155,4,8,금
2022-04-08,9호선2~3단계,종합운동장,4304,4373,8677,-69,4,8,금
2022-04-08,9호선2~3단계,삼전,6910,6562,13472,348,4,8,금
2022-04-08,9호선2~3단계,석촌고분,6517,6256,12773,261,4,8,금
2022-04-08,9호선2~3단계,석촌,10436,9820,20256,616,4,8,금
2022-04-08,9호선2~3단계,송파나루,6220,6506,12726,-286,4,8,금
2022-04-08,9호선2~3단계,한성백제,2798,2396,5194,402,4,8,금
2022-04-08,9호선2~3단계,올림픽공원(한국체대),6871,6774,13645,97,4,8,금
2022-04-08,9호선2~3단계,둔촌오륜,1246,1067,2313,179,4,8,금
2022-04-08,9호선2~3단계,중앙보훈병원,10584,9156,19740,1428,4,8,금
2022-04-08,경강선,판교,4612,4682,9294,-70,4,8,금
2022-04-08,경강선,이매,1133,960,2093,173,4,8,금
2022-04-08,경강선,삼동,2411,2127,4538,284,4,8,금
2022-04-08,경강선,경기광주,7973,7397,15370,576,4,8,금
2022-04-08,경강선,초월,3371,3076,6447,295,4,8,금
2022-04-08,경강선,곤지암,2252,2221,4473,31,4,8,금
2022-04-08,경강선,신둔도예촌,1849,1537,3386,312,4,8,금
2022-04-08,경강선,이천,2746,2950,5696,-204,4,8,금
2022-04-08,경강선,부발,2703,2180,4883,523,4,8,금
2022-04-08,경강선,세종대왕릉,360,370,730,-10,4,8,금
2022-04-08,경강선,여주,2294,2441,4735,-147,4,8,금
2022-04-08,경부선,서울역,7676,2591,10267,5085,4,8,금
2022-04-08,경부선,남영,9515,9957,19472,-442,4,8,금
2022-04-08,경부선,용산,35336,37116,72452,-1780,4,8,금
2022-04-08,경부선,노량진,8958,8990,17948,-32,4,8,금
2022-04-08,경부선,대방,13158,13373,26531,-215,4,8,금
2022-04-08,경부선,영등포,39690,41734,81424,-2044,4,8,금
2022-04-08,경부선,신도림,4276,4336,8612,-60,4,8,금
2022-04-08,경부선,신길,9707,8087,17794,1620,4,8,금
2022-04-08,경부선,구로,18189,19185,37374,-996,4,8,금
2022-04-08,경부선,가산디지털단지,18846,21362,40208,-2516,4,8,금
2022-04-08,경부선,금천구청,12130,12233,24363,-103,4,8,금
2022-04-08,경부선,석수,9853,8777,18630,1076,4,8,금
2022-04-08,경부선,관악,7396,6914,14310,482,4,8,금
2022-04-08,경부선,안양,25698,25448,51146,250,4,8,금
2022-04-08,경부선,명학,9585,9211,18796,374,4,8,금
2022-04-08,경부선,금정,27762,28343,56105,-581,4,8,금
2022-04-08,경부선,군포,7917,7843,15760,74,4,8,금
2022-04-08,경부선,의왕,9600,9306,18906,294,4,8,금
2022-04-08,경부선,성균관대,15585,15002,30587,583,4,8,금
2022-04-08,경부선,화서,8262,7930,16192,332,4,8,금
2022-04-08,경부선,수원,37437,40877,78314,-3440,4,8,금
2022-04-08,경부선,독산,18398,18657,37055,-259,4,8,금
2022-04-08,경부선,세류,3090,2839,5929,251,4,8,금
2022-04-08,경부선,병점,15700,15634,31334,66,4,8,금
2022-04-08,경부선,세마,2963,2787,5750,176,4,8,금
2022-04-08,경부선,오산대,4080,3689,7769,391,4,8,금
2022-04-08,경부선,오산,10744,10838,21582,-94,4,8,금
2022-04-08,경부선,진위,1958,1577,3535,381,4,8,금
2022-04-08,경부선,송탄,5143,4554,9697,589,4,8,금
2022-04-08,경부선,서정리,8309,6928,15237,1381,4,8,금
2022-04-08,경부선,평택지제,3928,3806,7734,122,4,8,금
2022-04-08,경부선,평택,14127,13590,27717,537,4,8,금
2022-04-08,경부선,성환,4509,3790,8299,719,4,8,금
2022-04-08,경부선,직산,975,901,1876,74,4,8,금
2022-04-08,경부선,두정,7581,6710,14291,871,4,8,금
2022-04-08,경부선,천안,6862,6674,13536,188,4,8,금
2022-04-08,경부선,당정,6628,6207,12835,421,4,8,금
2022-04-08,경부선,서동탄,1470,1390,2860,80,4,8,금
2022-04-08,경부선,광명,3673,3419,7092,254,4,8,금
2022-04-08,경원선,이촌(국립중앙박물관),3840,2860,6700,980,4,8,금
2022-04-08,경원선,서빙고,2144,1953,4097,191,4,8,금
2022-04-08,경원선,한남,3960,3886,7846,74,4,8,금
2022-04-08,경원선,옥수,68,31,99,37,4,8,금
2022-04-08,경원선,응봉,2246,2098,4344,148,4,8,금
2022-04-08,경원선,왕십리(성동구청),14917,16341,31258,-1424,4,8,금
2022-04-08,경원선,청량리(서울시립대입구),16779,17293,34072,-514,4,8,금
2022-04-08,경원선,외대앞,8864,8505,17369,359,4,8,금
2022-04-08,경원선,신이문,8662,7922,16584,740,4,8,금
2022-04-08,경원선,석계,8492,9363,17855,-871,4,8,금
2022-04-08,경원선,광운대,8722,8446,17168,276,4,8,금
2022-04-08,경원선,월계,8147,7475,15622,672,4,8,금
2022-04-08,경원선,녹천,4868,3912,8780,956,4,8,금
2022-04-08,경원선,방학,10074,9786,19860,288,4,8,금
2022-04-08,경원선,도봉,5996,5626,11622,370,4,8,금
2022-04-08,경원선,도봉산,8174,5398,13572,2776,4,8,금
2022-04-08,경원선,망월사,8731,8695,17426,36,4,8,금
2022-04-08,경원선,회룡,13094,13010,26104,84,4,8,금
2022-04-08,경원선,의정부,19143,20306,39449,-1163,4,8,금
2022-04-08,경원선,가능,6890,6435,13325,455,4,8,금
2022-04-08,경원선,녹양,4960,4669,9629,291,4,8,금
2022-04-08,경원선,양주,8207,7595,15802,612,4,8,금
2022-04-08,경원선,덕계,3386,3057,6443,329,4,8,금
2022-04-08,경원선,덕정,6273,5784,12057,489,4,8,금
2022-04-08,경원선,지행,7242,7147,14389,95,4,8,금
2022-04-08,경원선,동두천중앙,3241,3154,6395,87,4,8,금
2022-04-08,경원선,보산,1934,1696,3630,238,4,8,금
2022-04-08,경원선,동두천,2499,2738,5237,-239,4,8,금
2022-04-08,경원선,소요산,2967,2541,5508,426,4,8,금
2022-04-08,경의선,서울역,4364,5695,10059,-1331,4,8,금
2022-04-08,경의선,신촌,884,1138,2022,-254,4,8,금
2022-04-08,경의선,효창공원앞,3187,3490,6677,-303,4,8,금
2022-04-08,경의선,공덕,3434,3126,6560,308,4,8,금
2022-04-08,경의선,서강대,2346,2273,4619,73,4,8,금
2022-04-08,경의선,홍대입구,1805,2149,3954,-344,4,8,금
2022-04-08,경의선,가좌,5454,5206,10660,248,4,8,금
2022-04-08,경의선,디지털미디어시티,2671,2459,5130,212,4,8,금
2022-04-08,경의선,수색,2748,2895,5643,-147,4,8,금
2022-04-08,경의선,화전,3071,2725,5796,346,4,8,금
2022-04-08,경의선,강매,3383,2880,6263,503,4,8,금
2022-04-08,경의선,행신,8328,8565,16893,-237,4,8,금
2022-04-08,경의선,능곡,3980,3734,7714,246,4,8,금
2022-04-08,경의선,곡산,618,656,1274,-38,4,8,금
2022-04-08,경의선,백마,7266,7034,14300,232,4,8,금
2022-04-08,경의선,풍산,5845,5514,11359,331,4,8,금
2022-04-08,경의선,일산,11077,10940,22017,137,4,8,금
2022-04-08,경의선,탄현,7985,7561,15546,424,4,8,금
2022-04-08,경의선,야당,8081,8243,16324,-162,4,8,금
2022-04-08,경의선,운정,7431,6927,14358,504,4,8,금
2022-04-08,경의선,금릉,5116,5000,10116,116,4,8,금
2022-04-08,경의선,금촌,6722,6613,13335,109,4,8,금
2022-04-08,경의선,월롱,2647,2177,4824,470,4,8,금
2022-04-08,경의선,파주,1394,890,2284,504,4,8,금
2022-04-08,경의선,문산,5420,5216,10636,204,4,8,금
2022-04-08,경의선,임진강,20,12,32,8,4,8,금
2022-04-08,경인선,개봉,21709,20779,42488,930,4,8,금
2022-04-08,경인선,오류동,12410,11024,23434,1386,4,8,금
2022-04-08,경인선,역곡,28762,27859,56621,903,4,8,금
2022-04-08,경인선,부천,33242,33878,67120,-636,4,8,금
2022-04-08,경인선,송내,27458,27549,55007,-91,4,8,금
2022-04-08,경인선,부평,29521,33408,62929,-3887,4,8,금
2022-04-08,경인선,백운,7233,6913,14146,320,4,8,금
2022-04-08,경인선,동암,14969,14992,29961,-23,4,8,금
2022-04-08,경인선,주안,19932,17927,37859,2005,4,8,금
2022-04-08,경인선,제물포,11541,10641,22182,900,4,8,금
2022-04-08,경인선,동인천,14351,13686,28037,665,4,8,금
2022-04-08,경인선,인천,3965,3074,7039,891,4,8,금
2022-04-08,경인선,구일,7629,7425,15054,204,4,8,금
2022-04-08,경인선,소사,9207,8647,17854,560,4,8,금
2022-04-08,경인선,부개,8759,8090,16849,669,4,8,금
2022-04-08,경인선,간석,6204,5679,11883,525,4,8,금
2022-04-08,경인선,도원,3309,3315,6624,-6,4,8,금
2022-04-08,경인선,온수(성공회대입구),7215,6738,13953,477,4,8,금
2022-04-08,경인선,중동,9666,8973,18639,693,4,8,금
2022-04-08,경인선,도화,4357,3941,8298,416,4,8,금
2022-04-08,경춘선,신내,2260,2168,4428,92,4,8,금
2022-04-08,경춘선,갈매,3126,2670,5796,456,4,8,금
2022-04-08,경춘선,별내,3320,3149,6469,171,4,8,금
2022-04-08,경춘선,퇴계원,3572,3325,6897,247,4,8,금
2022-04-08,경춘선,사릉,2530,2522,5052,8,4,8,금
2022-04-08,경춘선,금곡,1630,1510,3140,120,4,8,금
2022-04-08,경춘선,평내호평,6466,6473,12939,-7,4,8,금
2022-04-08,경춘선,천마산,1773,1700,3473,73,4,8,금
2022-04-08,경춘선,마석,4483,4475,8958,8,4,8,금
2022-04-08,경춘선,대성리,547,530,1077,17,4,8,금
2022-04-08,경춘선,청평,1716,1789,3505,-73,4,8,금
2022-04-08,경춘선,상천,345,304,649,41,4,8,금
2022-04-08,경춘선,가평,1602,1817,3419,-215,4,8,금
2022-04-08,경춘선,굴봉산,131,146,277,-15,4,8,금
2022-04-08,경춘선,백양리,82,102,184,-20,4,8,금
2022-04-08,경춘선,강촌,457,468,925,-11,4,8,금
2022-04-08,경춘선,김유정,356,396,752,-40,4,8,금
2022-04-08,경춘선,남춘천,3103,2628,5731,475,4,8,금
2022-04-08,경춘선,춘천,1787,1429,3216,358,4,8,금
2022-04-08,공항철도 1호선,서울역,9202,8764,17966,438,4,8,금
2022-04-08,공항철도 1호선,공덕,2150,3018,5168,-868,4,8,금
2022-04-08,공항철도 1호선,홍대입구,10478,11081,21559,-603,4,8,금
2022-04-08,공항철도 1호선,디지털미디어시티,12799,11834,24633,965,4,8,금
2022-04-08,공항철도 1호선,마곡나루(서울식물원),6078,6455,12533,-377,4,8,금
2022-04-08,공항철도 1호선,김포공항,14077,7322,21399,6755,4,8,금
2022-04-08,공항철도 1호선,계양,10559,10033,20592,526,4,8,금
2022-04-08,공항철도 1호선,검암,6753,6764,13517,-11,4,8,금
2022-04-08,공항철도 1호선,청라국제도시,7047,6800,13847,247,4,8,금
2022-04-08,공항철도 1호선,운서,7149,7141,14290,8,4,8,금
2022-04-08,공항철도 1호선,공항화물청사,2342,2480,4822,-138,4,8,금
2022-04-08,공항철도 1호선,인천공항1터미널,4541,4580,9121,-39,4,8,금
2022-04-08,공항철도 1호선,인천공항2터미널,2498,2141,4639,357,4,8,금
2022-04-08,공항철도 1호선,영종,3172,3371,6543,-199,4,8,금
2022-04-08,과천선,선바위,8659,7613,16272,1046,4,8,금
2022-04-08,과천선,경마공원,6151,6353,12504,-202,4,8,금
2022-04-08,과천선,대공원,5438,5569,11007,-131,4,8,금
2022-04-08,과천선,과천,6583,5842,12425,741,4,8,금
2022-04-08,과천선,정부과천청사,10768,10491,21259,277,4,8,금
2022-04-08,과천선,인덕원,25314,25797,51111,-483,4,8,금
2022-04-08,과천선,평촌,17530,17257,34787,273,4,8,금
2022-04-08,과천선,범계,26694,27169,53863,-475,4,8,금
2022-04-08,분당선,선릉,12753,19588,32341,-6835,4,8,금
2022-04-08,분당선,한티,14542,15478,30020,-936,4,8,금
2022-04-08,분당선,도곡,7723,7506,15229,217,4,8,금
2022-04-08,분당선,구룡,2500,2266,4766,234,4,8,금
2022-04-08,분당선,개포동,4008,4266,8274,-258,4,8,금
2022-04-08,분당선,대모산입구,4653,4340,8993,313,4,8,금
2022-04-08,분당선,수서,14631,15357,29988,-726,4,8,금
2022-04-08,분당선,수원,8829,7602,16431,1227,4,8,금
2022-04-08,분당선,서울숲,15647,16459,32106,-812,4,8,금
2022-04-08,분당선,압구정로데오,20214,23564,43778,-3350,4,8,금
2022-04-08,분당선,강남구청,10202,11652,21854,-1450,4,8,금
2022-04-08,분당선,선정릉,7988,8516,16504,-528,4,8,금
2022-04-08,분당선,가천대,9953,10123,20076,-170,4,8,금
2022-04-08,분당선,태평,13780,13208,26988,572,4,8,금
2022-04-08,분당선,모란,20492,21043,41535,-551,4,8,금
2022-04-08,분당선,야탑,26881,27920,54801,-1039,4,8,금
2022-04-08,분당선,서현,24818,23950,48768,868,4,8,금
2022-04-08,분당선,수내,13276,13300,26576,-24,4,8,금
2022-04-08,분당선,정자,17378,18730,36108,-1352,4,8,금
2022-04-08,분당선,미금,15812,16553,32365,-741,4,8,금
2022-04-08,분당선,오리,11990,9592,21582,2398,4,8,금
2022-04-08,분당선,이매,5874,5498,11372,376,4,8,금
2022-04-08,분당선,보정,2671,2318,4989,353,4,8,금
2022-04-08,분당선,죽전,14503,15557,30060,-1054,4,8,금
2022-04-08,분당선,구성,5198,5291,10489,-93,4,8,금
2022-04-08,분당선,신갈,4649,4561,9210,88,4,8,금
2022-04-08,분당선,기흥,10155,9550,19705,605,4,8,금
2022-04-08,분당선,상갈,5403,5154,10557,249,4,8,금
2022-04-08,분당선,청명,4707,4289,8996,418,4,8,금
2022-04-08,분당선,영통,8842,8999,17841,-157,4,8,금
2022-04-08,분당선,망포,15280,14025,29305,1255,4,8,금
2022-04-08,분당선,매탄권선,5471,5265,10736,206,4,8,금
2022-04-08,분당선,수원시청,13166,14950,28116,-1784,4,8,금
2022-04-08,분당선,매교,3348,3337,6685,11,4,8,금
2022-04-08,수인선,고색,5365,5103,10468,262,4,8,금
2022-04-08,수인선,오목천,3649,3217,6866,432,4,8,금
2022-04-08,수인선,어천,855,821,1676,34,4,8,금
2022-04-08,수인선,야목,423,309,732,114,4,8,금
2022-04-08,수인선,사리,5013,4427,9440,586,4,8,금
2022-04-08,수인선,달월,106,72,178,34,4,8,금
2022-04-08,수인선,월곶,2781,2559,5340,222,4,8,금
2022-04-08,수인선,소래포구,5793,5524,11317,269,4,8,금
2022-04-08,수인선,인천논현,5760,6279,12039,-519,4,8,금
2022-04-08,수인선,호구포,4235,4326,8561,-91,4,8,금
2022-04-08,수인선,남동인더스파크,2271,2533,4804,-262,4,8,금
2022-04-08,수인선,원인재,4664,5015,9679,-351,4,8,금
2022-04-08,수인선,연수,4970,4821,9791,149,4,8,금
2022-04-08,수인선,송도,2674,2465,5139,209,4,8,금
2022-04-08,수인선,인하대,7102,6469,13571,633,4,8,금
2022-04-08,수인선,숭의,4182,3845,8027,337,4,8,금
2022-04-08,수인선,신포,1996,2020,4016,-24,4,8,금
2022-04-08,수인선,인천,1087,1827,2914,-740,4,8,금
2022-04-08,안산선,산본,16597,17968,34565,-1371,4,8,금
2022-04-08,안산선,대야미,5547,4770,10317,777,4,8,금
2022-04-08,안산선,반월,4621,4356,8977,265,4,8,금
2022-04-08,안산선,상록수,16764,16609,33373,155,4,8,금
2022-04-08,안산선,한대앞,10814,10485,21299,329,4,8,금
2022-04-08,안산선,중앙,18803,20385,39188,-1582,4,8,금
2022-04-08,안산선,고잔,9114,8588,17702,526,4,8,금
2022-04-08,안산선,초지,4967,5368,10335,-401,4,8,금
2022-04-08,안산선,안산,11847,10801,22648,1046,4,8,금
2022-04-08,안산선,신길온천,1808,1673,3481,135,4,8,금
2022-04-08,안산선,정왕,10738,10230,20968,508,4,8,금
2022-04-08,안산선,오이도,8619,8827,17446,-208,4,8,금
2022-04-08,안산선,수리산,4468,3573,8041,895,4,8,금
2022-04-08,우이신설선,북한산우이,2835,2569,5404,266,4,8,금
2022-04-08,우이신설선,솔밭공원,2521,2332,4853,189,4,8,금
2022-04-08,우이신설선,4.19민주묘지,3709,3412,7121,297,4,8,금
2022-04-08,우이신설선,가오리,4221,4090,8311,131,4,8,금
2022-04-08,우이신설선,화계,3425,3113,6538,312,4,8,금
2022-04-08,우이신설선,삼양,2025,2071,4096,-46,4,8,금
2022-04-08,우이신설선,삼양사거리,2434,2512,4946,-78,4,8,금
2022-04-08,우이신설선,솔샘,5921,5240,11161,681,4,8,금
2022-04-08,우이신설선,북한산보국문,6498,5766,12264,732,4,8,금
2022-04-08,우이신설선,정릉,4875,4347,9222,528,4,8,금
2022-04-08,우이신설선,성신여대입구(돈암),3461,3746,7207,-285,4,8,금
2022-04-08,우이신설선,보문,1541,1489,3030,52,4,8,금
2022-04-08,우이신설선,신설동,2136,2120,4256,16,4,8,금
2022-04-08,일산선,원흥,11088,10294,21382,794,4,8,금
2022-04-08,일산선,삼송,20085,18993,39078,1092,4,8,금
2022-04-08,일산선,원당,11566,10701,22267,865,4,8,금
2022-04-08,일산선,화정,17218,17633,34851,-415,4,8,금
2022-04-08,일산선,대곡,2222,1746,3968,476,4,8,금
2022-04-08,일산선,백석,9940,9771,19711,169,4,8,금
2022-04-08,일산선,마두,7447,7752,15199,-305,4,8,금
2022-04-08,일산선,정발산,7441,8013,15454,-572,4,8,금
2022-04-08,장항선,배방,1221,1177,2398,44,4,8,금
2022-04-08,장항선,탕정,863,683,1546,180,4,8,금
2022-04-08,장항선,아산,4288,3955,8243,333,4,8,금
2022-04-08,장항선,쌍용(나사렛대),2667,2303,4970,364,4,8,금
2022-04-08,장항선,봉명,1271,1202,2473,69,4,8,금
2022-04-08,일산선,대화,12483,10002,22485,2481,4,8,금
2022-04-08,일산선,주엽,9009,9220,18229,-211,4,8,금
2022-04-08,중앙선,지평,77,93,170,-16,4,8,금
2022-04-08,중앙선,용문,1871,2000,3871,-129,4,8,금
2022-04-08,중앙선,원덕,486,478,964,8,4,8,금
2022-04-08,중앙선,양평,4304,4560,8864,-256,4,8,금
2022-04-08,중앙선,오빈,313,335,648,-22,4,8,금
2022-04-08,중앙선,아신,579,617,1196,-38,4,8,금
2022-04-08,중앙선,국수,880,899,1779,-19,4,8,금
2022-04-08,중앙선,신원,282,226,508,56,4,8,금
2022-04-08,중앙선,양수,1939,2006,3945,-67,4,8,금
2022-04-08,중앙선,운길산,992,906,1898,86,4,8,금
2022-04-08,중앙선,팔당,1010,1090,2100,-80,4,8,금
2022-04-08,중앙선,도심,2559,2022,4581,537,4,8,금
2022-04-08,중앙선,덕소,5702,5830,11532,-128,4,8,금
2022-04-08,중앙선,양정,820,726,1546,94,4,8,금
2022-04-08,중앙선,도농,10783,10014,20797,769,4,8,금
2022-04-08,중앙선,구리,13496,14132,27628,-636,4,8,금
2022-04-08,중앙선,양원,3187,2940,6127,247,4,8,금
2022-04-08,중앙선,망우,8166,7963,16129,203,4,8,금
2022-04-08,중앙선,상봉(시외버스터미널),6182,5918,12100,264,4,8,금
2022-04-08,중앙선,중랑,5977,5498,11475,479,4,8,금
2022-04-08,중앙선,회기,27024,25470,52494,1554,4,8,금
2022-04-08,장항선,신창(순천향대),2157,1445,3602,712,4,8,금
2022-04-08,장항선,온양온천,3742,4000,7742,-258,4,8,금
2022-04-08,1호선,서울역,45182,45468,90650,-286,4,8,금
2022-04-08,1호선,시청,21934,22451,44385,-517,4,8,금
2022-04-08,1호선,종각,32486,32460,64946,26,4,8,금
2022-04-08,1호선,종로3가,25503,23356,48859,2147,4,8,금
2022-04-08,1호선,종로5가,22639,22759,45398,-120,4,8,금
2022-04-08,1호선,동대문,10828,9819,20647,1009,4,8,금
2022-04-08,1호선,신설동,14096,13489,27585,607,4,8,금
2022-04-08,1호선,제기동,17671,17747,35418,-76,4,8,금
2022-04-08,1호선,청량리(서울시립대입구),20347,20253,40600,94,4,8,금
2022-04-08,1호선,동묘앞,8476,8825,17301,-349,4,8,금
2022-04-08,2호선,시청,22992,22429,45421,563,4,8,금
2022-04-08,2호선,을지로입구,37487,39254,76741,-1767,4,8,금
2022-04-08,2호선,을지로3가,21756,22557,44313,-801,4,8,금
2022-04-08,2호선,을지로4가,12919,12933,25852,-14,4,8,금
2022-04-08,2호선,동대문역사문화공원(DDP),12168,13613,25781,-1445,4,8,금
2022-04-08,2호선,신당,14238,14622,28860,-384,4,8,금
2022-04-08,2호선,상왕십리,14728,14099,28827,629,4,8,금
2022-04-08,2호선,왕십리(성동구청),17716,14516,32232,3200,4,8,금
2022-04-08,2호선,한양대,13219,14187,27406,-968,4,8,금
2022-04-08,2호선,뚝섬,24959,26293,51252,-1334,4,8,금
2022-04-08,2호선,성수,37698,42217,79915,-4519,4,8,금
2022-04-08,2호선,건대입구,38919,42422,81341,-3503,4,8,금
2022-04-08,2호선,구의(광진구청),23972,23176,47148,796,4,8,금
2022-04-08,2호선,강변(동서울터미널),32715,30750,63465,1965,4,8,금
2022-04-08,2호선,잠실나루,14625,13945,28570,680,4,8,금
2022-04-08,2호선,잠실(송파구청),95304,95925,191229,-621,4,8,금
2022-04-08,2호선,잠실새내,22418,23002,45420,-584,4,8,금
2022-04-08,2호선,종합운동장,11681,13279,24960,-1598,4,8,금
2022-04-08,2호선,삼성(무역센터),49982,50452,100434,-470,4,8,금
2022-04-08,2호선,선릉,54454,48460,102914,5994,4,8,금
2022-04-08,2호선,역삼,48587,54663,103250,-6076,4,8,금
2022-04-08,2호선,강남,84552,86323,170875,-1771,4,8,금
2022-04-08,2호선,교대(법원.검찰청),33848,38073,71921,-4225,4,8,금
2022-04-08,2호선,서초,21284,19894,41178,1390,4,8,금
2022-04-09,분당선,망포,9396,8298,17694,1098,4,9,토
2022-04-09,분당선,영통,6933,6636,13569,297,4,9,토
2022-04-09,분당선,청명,2737,2647,5384,90,4,9,토
2022-04-09,분당선,상갈,3862,3736,7598,126,4,9,토
2022-04-09,분당선,기흥,6422,6064,12486,358,4,9,토
2022-04-09,분당선,신갈,2731,2712,5443,19,4,9,토
2022-04-09,분당선,구성,3431,3485,6916,-54,4,9,토
2022-04-09,분당선,죽전,10327,11360,21687,-1033,4,9,토
2022-04-09,분당선,보정,1601,1465,3066,136,4,9,토
2022-04-09,분당선,이매,4431,4217,8648,214,4,9,토
2022-04-09,분당선,오리,7752,6286,14038,1466,4,9,토
2022-04-09,분당선,미금,10803,11403,22206,-600,4,9,토
2022-04-09,분당선,정자,10519,10971,21490,-452,4,9,토
2022-04-09,분당선,수내,9103,8359,17462,744,4,9,토
2022-04-09,분당선,서현,19119,19195,38314,-76,4,9,토
2022-04-09,분당선,야탑,18903,19477,38380,-574,4,9,토
2022-04-09,분당선,모란,23965,25317,49282,-1352,4,9,토
2022-04-09,분당선,태평,11279,10425,21704,854,4,9,토
2022-04-09,분당선,가천대,5826,6132,11958,-306,4,9,토
2022-04-09,분당선,선정릉,3559,3593,7152,-34,4,9,토
2022-04-09,분당선,강남구청,5673,7142,12815,-1469,4,9,토
2022-04-09,분당선,압구정로데오,18696,22793,41489,-4097,4,9,토
2022-04-09,분당선,서울숲,21329,25385,46714,-4056,4,9,토
2022-04-09,분당선,수원,7657,6216,13873,1441,4,9,토
2022-04-09,분당선,수서,10786,11133,21919,-347,4,9,토
2022-04-09,분당선,대모산입구,3016,2819,5835,197,4,9,토
2022-04-09,분당선,개포동,2974,2876,5850,98,4,9,토
2022-04-09,분당선,구룡,1759,1469,3228,290,4,9,토
2022-04-09,분당선,도곡,5759,5422,11181,337,4,9,토
2022-04-09,분당선,한티,11698,11314,23012,384,4,9,토
2022-04-09,분당선,선릉,5191,7916,13107,-2725,4,9,토
2022-04-09,과천선,범계,21153,20691,41844,462,4,9,토
2022-04-09,과천선,평촌,9731,9470,19201,261,4,9,토
2022-04-09,과천선,인덕원,17618,17298,34916,320,4,9,토
2022-04-09,과천선,정부과천청사,7052,6706,13758,346,4,9,토
2022-04-09,과천선,과천,5004,4577,9581,427,4,9,토
2022-04-09,과천선,대공원,16375,16699,33074,-324,4,9,토
2022-04-09,과천선,경마공원,11138,11334,22472,-196,4,9,토
2022-04-09,과천선,선바위,6305,5474,11779,831,4,9,토
2022-04-09,공항철도 1호선,영종,3149,3141,6290,8,4,9,토
2022-04-09,공항철도 1호선,인천공항2터미널,2266,2012,4278,254,4,9,토
2022-04-09,공항철도 1호선,인천공항1터미널,4422,3972,8394,450,4,9,토
2022-04-09,공항철도 1호선,공항화물청사,1328,1383,2711,-55,4,9,토
2022-04-09,공항철도 1호선,운서,6402,6533,12935,-131,4,9,토
2022-04-09,공항철도 1호선,청라국제도시,4583,4382,8965,201,4,9,토
2022-04-09,공항철도 1호선,검암,4939,5047,9986,-108,4,9,토
2022-04-09,공항철도 1호선,계양,7737,7084,14821,653,4,9,토
2022-04-09,공항철도 1호선,김포공항,11377,5795,17172,5582,4,9,토
2022-04-09,공항철도 1호선,마곡나루(서울식물원),3374,3695,7069,-321,4,9,토
2022-04-09,공항철도 1호선,디지털미디어시티,5630,5490,11120,140,4,9,토
2022-04-09,공항철도 1호선,홍대입구,12186,12135,24321,51,4,9,토
2022-04-09,공항철도 1호선,공덕,1532,2466,3998,-934,4,9,토
2022-04-09,공항철도 1호선,서울역,7740,8208,15948,-468,4,9,토
2022-04-09,경춘선,춘천,1981,1732,3713,249,4,9,토
2022-04-09,경춘선,남춘천,2873,2937,5810,-64,4,9,토
2022-04-09,경춘선,김유정,691,760,1451,-69,4,9,토
2022-04-09,경춘선,강촌,699,763,1462,-64,4,9,토
2022-04-09,경춘선,백양리,84,90,174,-6,4,9,토
2022-04-09,경춘선,굴봉산,200,240,440,-40,4,9,토
2022-04-09,경춘선,가평,2004,2145,4149,-141,4,9,토
2022-04-09,경춘선,상천,466,402,868,64,4,9,토
2022-04-09,경춘선,청평,1802,1901,3703,-99,4,9,토
2022-04-09,경춘선,대성리,975,1100,2075,-125,4,9,토
2022-04-09,경춘선,마석,3341,3184,6525,157,4,9,토
2022-04-09,경춘선,천마산,1426,1414,2840,12,4,9,토
2022-04-09,경춘선,평내호평,4745,4572,9317,173,4,9,토
2022-04-09,경춘선,금곡,1190,1136,2326,54,4,9,토
2022-04-09,경춘선,사릉,1818,1757,3575,61,4,9,토
2022-04-09,경춘선,퇴계원,2609,2325,4934,284,4,9,토
2022-04-09,경춘선,별내,2350,2146,4496,204,4,9,토
2022-04-09,경춘선,갈매,2044,1695,3739,349,4,9,토
2022-04-09,경춘선,신내,1384,1307,2691,77,4,9,토
2022-04-09,경인선,도화,3288,3118,6406,170,4,9,토
2022-04-09,경인선,중동,6797,6320,13117,477,4,9,토
2022-04-09,경인선,온수(성공회대입구),4861,4491,9352,370,4,9,토
2022-04-09,경인선,도원,2000,1919,3919,81,4,9,토
2022-04-09,경인선,간석,4477,4198,8675,279,4,9,토
2022-04-09,경인선,부개,6660,6068,12728,592,4,9,토
2022-04-09,경인선,소사,7893,7794,15687,99,4,9,토
2022-04-09,경인선,구일,6157,6026,12183,131,4,9,토
2022-04-09,경인선,인천,5099,4572,9671,527,4,9,토
2022-04-09,경인선,동인천,12089,11743,23832,346,4,9,토
2022-04-09,경인선,제물포,7524,7151,14675,373,4,9,토
2022-04-09,경인선,주안,16595,14355,30950,2240,4,9,토
2022-04-09,경인선,동암,12472,12544,25016,-72,4,9,토
2022-04-09,경인선,백운,5548,5479,11027,69,4,9,토
2022-04-09,경인선,부평,28977,31989,60966,-3012,4,9,토
2022-04-09,경인선,송내,19017,18539,37556,478,4,9,토
2022-04-09,경인선,부천,28103,29335,57438,-1232,4,9,토
2022-04-09,경인선,역곡,21001,20013,41014,988,4,9,토
2022-04-09,경인선,오류동,9305,8473,17778,832,4,9,토
2022-04-09,경인선,개봉,16268,15613,31881,655,4,9,토
2022-04-09,경의선,계양,1,0,1,1,4,9,토
2022-04-09,경의선,임진강,77,79,156,-2,4,9,토
2022-04-09,경의선,문산,4943,4969,9912,-26,4,9,토
2022-04-09,경의선,파주,914,688,1602,226,4,9,토
2022-04-09,경의선,월롱,1718,1506,3224,212,4,9,토
2022-04-09,경의선,금촌,5675,5270,10945,405,4,9,토
2022-04-09,경의선,금릉,3966,3805,7771,161,4,9,토
2022-04-09,경의선,운정,5079,4613,9692,466,4,9,토
2022-04-09,경의선,야당,6228,6316,12544,-88,4,9,토
2022-04-09,경의선,탄현,5537,5137,10674,400,4,9,토
2022-04-09,경의선,일산,6353,5961,12314,392,4,9,토
2022-04-09,경의선,풍산,4430,4267,8697,163,4,9,토
2022-04-09,경의선,백마,4643,4243,8886,400,4,9,토
2022-04-09,경의선,곡산,471,459,930,12,4,9,토
2022-04-09,경의선,능곡,2883,2903,5786,-20,4,9,토
2022-04-09,경의선,행신,5473,5429,10902,44,4,9,토
2022-04-09,경의선,강매,2077,1962,4039,115,4,9,토
2022-04-09,경의선,수색,1564,1553,3117,11,4,9,토
2022-04-09,경의선,디지털미디어시티,2105,1847,3952,258,4,9,토
2022-04-09,경의선,가좌,3875,3696,7571,179,4,9,토
2022-04-09,경의선,홍대입구,1959,2543,4502,-584,4,9,토
2022-04-09,경의선,서강대,1927,1838,3765,89,4,9,토
2022-04-09,경의선,공덕,2807,2067,4874,740,4,9,토
2022-04-09,경의선,효창공원앞,1748,1932,3680,-184,4,9,토
2022-04-09,경의선,신촌,361,399,760,-38,4,9,토
2022-04-09,경의선,서울역,1339,1466,2805,-127,4,9,토
2022-04-09,경원선,소요산,4190,3670,7860,520,4,9,토
2022-04-09,경원선,동두천,1777,2175,3952,-398,4,9,토
2022-04-09,경원선,보산,2356,2306,4662,50,4,9,토
2022-04-09,경원선,동두천중앙,2678,2571,5249,107,4,9,토
2022-04-09,경원선,지행,6128,5980,12108,148,4,9,토
2022-04-09,경원선,덕정,4800,4425,9225,375,4,9,토
2022-04-09,경원선,덕계,2648,2319,4967,329,4,9,토
2022-04-09,경원선,양주,6726,6360,13086,366,4,9,토
2022-04-09,경원선,녹양,3866,3559,7425,307,4,9,토
2022-04-09,경원선,가능,5238,5014,10252,224,4,9,토
2022-04-09,경원선,의정부,18485,19381,37866,-896,4,9,토
2022-04-09,경원선,회룡,10256,10148,20404,108,4,9,토
2022-04-09,경원선,망월사,6057,6172,12229,-115,4,9,토
2022-04-09,경원선,도봉산,9284,6560,15844,2724,4,9,토
2022-04-09,경원선,도봉,4479,4181,8660,298,4,9,토
2022-04-09,경원선,방학,7472,7231,14703,241,4,9,토
2022-04-09,경원선,녹천,3366,2803,6169,563,4,9,토
2022-04-09,경원선,월계,4710,4321,9031,389,4,9,토
2022-04-09,경원선,광운대,5518,5365,10883,153,4,9,토
2022-04-09,경원선,신이문,6088,5538,11626,550,4,9,토
2022-04-09,경원선,외대앞,6668,6228,12896,440,4,9,토
2022-04-09,경원선,청량리(서울시립대입구),15694,17077,32771,-1383,4,9,토
2022-04-09,경원선,왕십리(성동구청),12470,14294,26764,-1824,4,9,토
2022-04-09,경원선,응봉,2296,2340,4636,-44,4,9,토
2022-04-09,경원선,옥수,50,42,92,8,4,9,토
2022-04-09,경원선,한남,2774,2734,5508,40,4,9,토
2022-04-09,경원선,서빙고,1717,1813,3530,-96,4,9,토
2022-04-09,경원선,이촌(국립중앙박물관),3344,2216,5560,1128,4,9,토
2022-04-09,경부선,광명,2807,2457,5264,350,4,9,토
2022-04-09,경부선,서동탄,973,1047,2020,-74,4,9,토
2022-04-09,경부선,당정,4411,4039,8450,372,4,9,토
2022-04-09,경부선,천안,6515,6660,13175,-145,4,9,토
2022-04-09,경부선,두정,5665,5476,11141,189,4,9,토
2022-04-09,경부선,직산,746,670,1416,76,4,9,토
2022-04-09,경부선,성환,3098,2841,5939,257,4,9,토
2022-04-09,경부선,평택,13626,12999,26625,627,4,9,토
2022-04-09,경부선,평택지제,3175,3021,6196,154,4,9,토
2022-04-09,경부선,서정리,7104,5740,12844,1364,4,9,토
2022-04-09,경부선,송탄,5047,4372,9419,675,4,9,토
2022-04-09,경부선,진위,1128,909,2037,219,4,9,토
2022-04-09,경부선,오산,9355,8577,17932,778,4,9,토
2022-04-09,경부선,오산대,3011,2685,5696,326,4,9,토
2022-04-09,경부선,세마,2179,1919,4098,260,4,9,토
2022-04-09,경부선,병점,12370,12265,24635,105,4,9,토
2022-04-09,경부선,세류,2520,2503,5023,17,4,9,토
2022-04-09,경부선,독산,9375,9139,18514,236,4,9,토
2022-04-09,경부선,수원,37628,41204,78832,-3576,4,9,토
2022-04-09,경부선,화서,5980,5991,11971,-11,4,9,토
2022-04-09,경부선,성균관대,10426,10273,20699,153,4,9,토
2022-04-09,경부선,의왕,6323,6053,12376,270,4,9,토
2022-04-09,경부선,군포,4397,3974,8371,423,4,9,토
2022-04-09,경부선,금정,20070,19840,39910,230,4,9,토
2022-04-09,경부선,명학,5137,5022,10159,115,4,9,토
2022-04-09,경부선,안양,17958,17916,35874,42,4,9,토
2022-04-09,경부선,관악,6142,5711,11853,431,4,9,토
2022-04-09,경부선,석수,7126,6690,13816,436,4,9,토
2022-04-09,경부선,금천구청,8917,9202,18119,-285,4,9,토
2022-04-09,경부선,가산디지털단지,6856,8709,15565,-1853,4,9,토
2022-04-09,경부선,구로,12713,13502,26215,-789,4,9,토
2022-04-09,경부선,신길,6730,5993,12723,737,4,9,토
2022-04-09,경부선,신도림,3177,3363,6540,-186,4,9,토
2022-04-09,경부선,영등포,39746,39778,79524,-32,4,9,토
2022-04-09,경부선,대방,8894,8558,17452,336,4,9,토
2022-04-09,경부선,노량진,8844,8191,17035,653,4,9,토
2022-04-09,경부선,용산,32858,35017,67875,-2159,4,9,토
2022-04-09,경부선,남영,5415,5664,11079,-249,4,9,토
2022-04-09,경부선,서울역,7409,1909,9318,5500,4,9,토
2022-04-09,경강선,여주,2368,2568,4936,-200,4,9,토
2022-04-09,경강선,세종대왕릉,347,399,746,-52,4,9,토
2022-04-09,경강선,부발,2080,1784,3864,296,4,9,토
2022-04-09,경강선,이천,2910,2961,5871,-51,4,9,토
2022-04-09,경강선,신둔도예촌,1263,1210,2473,53,4,9,토
2022-04-09,경강선,곤지암,2043,2112,4155,-69,4,9,토
2022-04-09,경강선,초월,2344,2165,4509,179,4,9,토
2022-04-09,경강선,경기광주,5652,5136,10788,516,4,9,토
2022-04-09,경강선,삼동,1462,1353,2815,109,4,9,토
2022-04-09,경강선,이매,911,689,1600,222,4,9,토
2022-04-09,경강선,판교,2995,2916,5911,79,4,9,토
2022-04-09,9호선2~3단계,중앙보훈병원,4958,4639,9597,319,4,9,토
2022-04-09,9호선2~3단계,둔촌오륜,704,665,1369,39,4,9,토
2022-04-09,9호선2~3단계,올림픽공원(한국체대),8954,9550,18504,-596,4,9,토
2022-04-09,9호선2~3단계,한성백제,2537,1964,4501,573,4,9,토
2022-04-09,9호선2~3단계,송파나루,7489,6995,14484,494,4,9,토
2022-04-09,9호선2~3단계,석촌,10919,10898,21817,21,4,9,토
2022-04-09,9호선2~3단계,석촌고분,5394,4997,10391,397,4,9,토
2022-04-09,9호선2~3단계,삼전,5243,4608,9851,635,4,9,토
2022-04-09,9호선2~3단계,종합운동장,4123,3839,7962,284,4,9,토
2022-04-09,9호선2~3단계,봉은사,9953,10482,20435,-529,4,9,토
2022-04-09,9호선2~3단계,삼성중앙,3202,3153,6355,49,4,9,토
2022-04-09,9호선2~3단계,선정릉,4841,5501,10342,-660,4,9,토
2022-04-09,9호선2~3단계,언주,6381,6271,12652,110,4,9,토
2022-04-09,9호선,신논현,27225,26914,54139,311,4,9,토
2022-04-09,9호선,사평,2478,2134,4612,344,4,9,토
2022-04-09,9호선,고속터미널,14946,20085,35031,-5139,4,9,토
2022-04-09,9호선,신반포,3373,3428,6801,-55,4,9,토
2022-04-09,9호선,구반포,1428,1498,2926,-70,4,9,토
2022-04-09,9호선,동작(현충원),4832,3829,8661,1003,4,9,토
2022-04-09,9호선,흑석(중앙대입구),6672,6353,13025,319,4,9,토
2022-04-09,9호선,노들,4109,3420,7529,689,4,9,토
2022-04-09,9호선,노량진,23331,23184,46515,147,4,9,토
2022-04-09,9호선,여의도,22453,21754,44207,699,4,9,토
2022-04-09,9호선,국회의사당,25961,24406,50367,1555,4,9,토
2022-04-09,9호선,당산,15041,13852,28893,1189,4,9,토
2022-04-09,9호선,선유도,5682,5752,11434,-70,4,9,토
2022-04-09,9호선,신목동,3098,2748,5846,350,4,9,토
2022-04-09,9호선,염창,12884,11740,24624,1144,4,9,토
2022-04-09,9호선,등촌,7793,7187,14980,606,4,9,토
2022-04-09,9호선,증미,4197,3998,8195,199,4,9,토
2022-04-09,9호선,가양,15403,13931,29334,1472,4,9,토
2022-04-09,9호선,양천향교,6295,5785,12080,510,4,9,토
2022-04-09,9호선,마곡나루(서울식물원),8497,8372,16869,125,4,9,토
2022-04-09,9호선,신방화,4908,4541,9449,367,4,9,토
2022-04-09,9호선,공항시장,2368,2488,4856,-120,4,9,토
2022-04-09,9호선,김포공항,7826,11687,19513,-3861,4,9,토
2022-04-09,9호선,개화,1588,1348,2936,240,4,9,토
2022-04-09,8호선,남위례,3491,3778,7269,-287,4,9,토
2022-04-09,8호선,모란,6470,5738,12208,732,4,9,토
2022-04-09,8호선,수진,4487,3865,8352,622,4,9,토
2022-04-09,8호선,신흥,3750,3878,7628,-128,4,9,토
2022-04-09,8호선,단대오거리,8326,7756,16082,570,4,9,토
2022-04-09,8호선,남한산성입구(성남법원.검찰청),10137,8838,18975,1299,4,9,토
2022-04-09,8호선,산성,4446,4433,8879,13,4,9,토
2022-04-09,8호선,복정,6750,5637,12387,1113,4,9,토
2022-04-09,8호선,장지,13198,12133,25331,1065,4,9,토
2022-04-09,8호선,문정,9307,9402,18709,-95,4,9,토
2022-04-09,8호선,가락시장,5872,6252,12124,-380,4,9,토
2022-04-09,8호선,송파,6241,5926,12167,315,4,9,토
2022-04-09,8호선,석촌,10038,14568,24606,-4530,4,9,토
2022-04-09,8호선,잠실(송파구청),22933,26129,49062,-3196,4,9,토
2022-04-09,8호선,몽촌토성(평화의문),6592,5754,12346,838,4,9,토
2022-04-09,8호선,강동구청,6633,6539,13172,94,4,9,토
2022-04-09,8호선,천호(풍납토성),12853,15392,28245,-2539,4,9,토
2022-04-09,8호선,암사,13154,11789,24943,1365,4,9,토
2022-04-09,7호선,굴포천,1,0,1,1,4,9,토
2022-04-09,7호선,상동,1,0,1,1,4,9,토
2022-04-09,7호선,온수(성공회대입구),5731,5635,11366,96,4,9,토
2022-04-09,7호선,천왕,7167,6712,13879,455,4,9,토
2022-04-09,7호선,광명사거리,16522,16233,32755,289,4,9,토
2022-04-09,7호선,철산,15090,15302,30392,-212,4,9,토
2022-04-09,7호선,가산디지털단지,14870,13621,28491,1249,4,9,토
2022-04-09,7호선,남구로,7837,8010,15847,-173,4,9,토
2022-04-09,7호선,대림(구로구청),6522,7233,13755,-711,4,9,토
2022-04-09,7호선,신풍,7958,7626,15584,332,4,9,토
2022-04-09,7호선,보라매,7136,6867,14003,269,4,9,토
2022-04-09,7호선,신대방삼거리,11394,10395,21789,999,4,9,토
2022-04-09,7호선,장승배기,6335,5934,12269,401,4,9,토
2022-04-09,7호선,상도,7569,7087,14656,482,4,9,토
2022-04-09,7호선,숭실대입구(살피재),8815,8523,17338,292,4,9,토
2022-04-09,7호선,남성,7683,6851,14534,832,4,9,토
2022-04-09,7호선,이수,12013,11051,23064,962,4,9,토
2022-04-09,7호선,내방,7547,7520,15067,27,4,9,토
2022-04-09,7호선,고속터미널,14561,11045,25606,3516,4,9,토
2022-04-09,7호선,반포,4402,4337,8739,65,4,9,토
2022-04-09,7호선,논현,10787,11803,22590,-1016,4,9,토
2022-04-09,7호선,학동,10547,11089,21636,-542,4,9,토
2022-04-09,7호선,강남구청,9552,10562,20114,-1010,4,9,토
2022-04-09,7호선,청담,10955,11964,22919,-1009,4,9,토
2022-04-09,7호선,뚝섬유원지,18899,18781,37680,118,4,9,토
2022-04-09,7호선,건대입구,11448,12274,23722,-826,4,9,토
2022-04-09,7호선,어린이대공원(세종대),16878,18196,35074,-1318,4,9,토
2022-04-09,중앙선,지평,55,80,135,-25,4,9,토
2022-04-09,중앙선,용문,2061,2210,4271,-149,4,9,토
2022-04-09,중앙선,원덕,750,616,1366,134,4,9,토
2022-04-09,중앙선,양평,3063,3295,6358,-232,4,9,토
2022-04-09,중앙선,오빈,282,297,579,-15,4,9,토
2022-04-09,중앙선,아신,627,703,1330,-76,4,9,토
2022-04-09,중앙선,국수,745,720,1465,25,4,9,토
2022-04-09,중앙선,신원,426,303,729,123,4,9,토
2022-04-09,중앙선,양수,2447,2479,4926,-32,4,9,토
2022-04-09,중앙선,운길산,1542,1532,3074,10,4,9,토
2022-04-09,중앙선,팔당,1572,1774,3346,-202,4,9,토
2022-04-09,중앙선,도심,1659,1360,3019,299,4,9,토
2022-04-09,중앙선,덕소,4483,4466,8949,17,4,9,토
2022-04-09,중앙선,양정,648,581,1229,67,4,9,토
2022-04-09,중앙선,도농,7164,6870,14034,294,4,9,토
2022-04-09,중앙선,구리,10677,10728,21405,-51,4,9,토
2022-04-09,중앙선,양원,2017,1996,4013,21,4,9,토
2022-04-09,중앙선,망우,6605,6347,12952,258,4,9,토
2022-04-09,중앙선,상봉(시외버스터미널),5079,5099,10178,-20,4,9,토
2022-04-09,중앙선,중랑,4764,4424,9188,340,4,9,토
2022-04-09,중앙선,회기,22122,21202,43324,920,4,9,토
2022-04-09,장항선,신창(순천향대),1289,1280,2569,9,4,9,토
2022-04-09,장항선,온양온천,5020,5095,10115,-75,4,9,토
2022-04-09,장항선,배방,1080,1038,2118,42,4,9,토
2022-04-09,장항선,탕정,667,602,1269,65,4,9,토
2022-04-09,장항선,아산,3243,3091,6334,152,4,9,토
2022-04-09,7호선,군자(능동),11276,8272,19548,3004,4,9,토
2022-04-09,7호선,중곡,7114,6607,13721,507,4,9,토
2022-04-09,7호선,용마산(용마폭포공원),4846,4984,9830,-138,4,9,토
2022-04-09,7호선,사가정,12517,12102,24619,415,4,9,토
2022-04-09,7호선,면목,11526,10772,22298,754,4,9,토
2022-04-09,7호선,상봉(시외버스터미널),13505,12722,26227,783,4,9,토
2022-04-09,7호선,중화,7932,7293,15225,639,4,9,토
2022-04-09,7호선,먹골,7768,7333,15101,435,4,9,토
2022-04-09,7호선,태릉입구,6972,6550,13522,422,4,9,토
2022-04-09,7호선,공릉(서울과학기술대),9654,9197,18851,457,4,9,토
2022-04-09,7호선,하계,12988,11757,24745,1231,4,9,토
2022-04-09,7호선,중계,9789,8534,18323,1255,4,9,토
2022-04-09,7호선,노원,15436,16134,31570,-698,4,9,토
2022-04-09,7호선,마들,9988,9050,19038,938,4,9,토
2022-04-09,7호선,수락산,10292,9786,20078,506,4,9,토
2022-04-09,7호선,도봉산,7088,9302,16390,-2214,4,9,토
2022-04-09,7호선,장암,1842,1245,3087,597,4,9,토
2022-04-09,6호선,봉화산(서울의료원),5599,5373,10972,226,4,9,토
2022-04-09,6호선,화랑대(서울여대입구),7910,6446,14356,1464,4,9,토
2022-04-09,6호선,태릉입구,4332,4595,8927,-263,4,9,토
2022-04-09,6호선,석계,8975,8986,17961,-11,4,9,토
2022-04-09,6호선,돌곶이,6289,5772,12061,517,4,9,토
2022-04-09,6호선,상월곡(한국과학기술연구원),4305,3750,8055,555,4,9,토
2022-04-09,6호선,월곡(동덕여대),7575,7351,14926,224,4,9,토
2022-04-09,6호선,고려대(종암),5680,5688,11368,-8,4,9,토
2022-04-09,6호선,안암(고대병원앞),7726,7423,15149,303,4,9,토
2022-04-09,6호선,보문,5205,4702,9907,503,4,9,토
2022-04-09,6호선,창신,2220,1794,4014,426,4,9,토
2022-04-09,6호선,동묘앞,7325,7226,14551,99,4,9,토
2022-04-09,6호선,신당,6306,5604,11910,702,4,9,토
2022-04-09,6호선,청구,2422,2395,4817,27,4,9,토
2022-04-09,6호선,약수,2504,2537,5041,-33,4,9,토
2022-04-09,6호선,버티고개,1484,1537,3021,-53,4,9,토
2022-04-09,6호선,한강진,7379,9651,17030,-2272,4,9,토
2022-04-09,6호선,이태원,13604,16745,30349,-3141,4,9,토
2022-04-09,6호선,녹사평(용산구청),5384,5891,11275,-507,4,9,토
2022-04-09,6호선,삼각지,5813,4287,10100,1526,4,9,토
2022-04-09,6호선,효창공원앞,4840,4248,9088,592,4,9,토
2022-04-09,6호선,공덕,10866,10313,21179,553,4,9,토
2022-04-09,6호선,대흥(서강대앞),6048,6230,12278,-182,4,9,토
2022-04-09,6호선,광흥창(서강),5873,5151,11024,722,4,9,토
2022-04-09,6호선,상수,8399,10190,18589,-1791,4,9,토
2022-04-09,6호선,합정,13293,12047,25340,1246,4,9,토
2022-04-09,6호선,망원,13271,14446,27717,-1175,4,9,토
2022-04-09,6호선,마포구청,9457,7998,17455,1459,4,9,토
2022-04-09,6호선,월드컵경기장(성산),5313,5115,10428,198,4,9,토
2022-04-09,6호선,디지털미디어시티,7692,7623,15315,69,4,9,토
2022-04-09,6호선,증산(명지대앞),8478,8559,17037,-81,4,9,토
2022-04-09,6호선,새절(신사),11044,10083,21127,961,4,9,토
2022-04-09,6호선,구산,5904,4147,10051,1757,4,9,토
2022-04-09,6호선,연신내,1,0,1,1,4,9,토
2022-04-09,6호선,독바위,2329,2484,4813,-155,4,9,토
2022-04-09,6호선,불광,4051,3714,7765,337,4,9,토
2022-04-09,6호선,역촌,2664,3051,5715,-387,4,9,토
2022-04-09,6호선,응암,16461,16958,33419,-497,4,9,토
2022-04-09,5호선,하남검단산,5691,5531,11222,160,4,9,토
2022-04-09,5호선,하남시청(덕풍·신장),5761,5516,11277,245,4,9,토
2022-04-09,5호선,하남풍산,3128,2936,6064,192,4,9,토
2022-04-09,5호선,미사,12682,12495,25177,187,4,9,토
2022-04-09,5호선,강일,3036,2602,5638,434,4,9,토
2022-04-09,5호선,마천,4824,4918,9742,-94,4,9,토
2022-04-09,5호선,거여,6260,6043,12303,217,4,9,토
2022-04-09,5호선,개롱,4213,4438,8651,-225,4,9,토
2022-04-09,5호선,오금,2481,2279,4760,202,4,9,토
2022-04-09,5호선,방이,5339,5033,10372,306,4,9,토
2022-04-09,5호선,올림픽공원(한국체대),3929,3770,7699,159,4,9,토
2022-04-09,5호선,둔촌동,6502,6197,12699,305,4,9,토
2022-04-09,5호선,상일동,9621,8889,18510,732,4,9,토
2022-04-09,5호선,고덕,6525,6255,12780,270,4,9,토
2022-04-09,5호선,명일,6270,6236,12506,34,4,9,토
2022-04-09,5호선,굽은다리(강동구민회관앞),7180,6585,13765,595,4,9,토
2022-04-09,5호선,길동,6081,6128,12209,-47,4,9,토
2022-04-09,5호선,강동,13322,12406,25728,916,4,9,토
2022-04-09,5호선,천호(풍납토성),17004,16015,33019,989,4,9,토
2022-04-09,5호선,광나루(장신대),11291,10574,21865,717,4,9,토
2022-04-09,5호선,아차산(어린이대공원후문),16766,16301,33067,465,4,9,토
2022-04-09,5호선,군자(능동),8869,9568,18437,-699,4,9,토
2022-04-09,5호선,장한평,11392,11288,22680,104,4,9,토
2022-04-09,5호선,답십리,10485,9189,19674,1296,4,9,토
2022-04-09,5호선,마장,3957,3690,7647,267,4,9,토
2022-04-09,5호선,왕십리(성동구청),3656,4474,8130,-818,4,9,토
2022-04-09,5호선,행당,5520,4771,10291,749,4,9,토
2022-04-09,5호선,신금호,4332,4413,8745,-81,4,9,토
2022-04-09,5호선,청구,2664,2383,5047,281,4,9,토
2022-04-09,5호선,동대문역사문화공원(DDP),996,1358,2354,-362,4,9,토
2022-04-09,5호선,을지로4가,3608,3982,7590,-374,4,9,토
2022-04-09,5호선,종로3가,12661,13361,26022,-700,4,9,토
2022-04-09,5호선,광화문(세종문화회관),17929,18197,36126,-268,4,9,토
2022-04-09,5호선,서대문,7840,7444,15284,396,4,9,토
2022-04-09,5호선,충정로(경기대입구),2143,1891,4034,252,4,9,토
2022-04-09,5호선,애오개,3978,3921,7899,57,4,9,토
2022-04-09,5호선,공덕,8285,8917,17202,-632,4,9,토
2022-04-09,5호선,마포,8909,8529,17438,380,4,9,토
2022-04-09,5호선,여의나루,51164,62797,113961,-11633,4,9,토
2022-04-09,5호선,여의도,21663,22351,44014,-688,4,9,토
2022-04-09,5호선,신길,3117,3228,6345,-111,4,9,토
2022-04-09,5호선,영등포시장,8840,9046,17886,-206,4,9,토
2022-04-09,5호선,영등포구청,2325,2243,4568,82,4,9,토
2022-04-09,5호선,양평,4578,4310,8888,268,4,9,토
2022-04-09,5호선,오목교(목동운동장앞),17927,18199,36126,-272,4,9,토
2022-04-09,5호선,목동,11796,11676,23472,120,4,9,토
2022-04-09,5호선,신정(은행정),9679,8064,17743,1615,4,9,토
2022-04-09,5호선,까치산,21829,20595,42424,1234,4,9,토
2022-04-09,5호선,화곡,21878,19493,41371,2385,4,9,토
2022-04-09,5호선,우장산,10286,9845,20131,441,4,9,토
2022-04-09,5호선,발산,13902,15015,28917,-1113,4,9,토
2022-04-09,5호선,마곡,5703,5619,11322,84,4,9,토
2022-04-09,5호선,송정,5174,4705,9879,469,4,9,토
2022-04-09,5호선,김포공항,7143,7494,14637,-351,4,9,토
2022-04-09,5호선,개화산,3880,3706,7586,174,4,9,토
2022-04-09,5호선,방화,4719,4433,9152,286,4,9,토
2022-04-09,4호선,남태령,1262,672,1934,590,4,9,토
2022-04-09,4호선,사당,22445,19041,41486,3404,4,9,토
2022-04-09,4호선,총신대입구(이수),14389,15498,29887,-1109,4,9,토
2022-04-09,4호선,동작(현충원),2948,3676,6624,-728,4,9,토
2022-04-09,4호선,이촌(국립중앙박물관),7214,8010,15224,-796,4,9,토
2022-04-09,4호선,신용산,9633,10741,20374,-1108,4,9,토
2022-04-09,4호선,삼각지,3404,4712,8116,-1308,4,9,토
2022-04-09,4호선,숙대입구(갈월),9104,8576,17680,528,4,9,토
2022-04-09,4호선,서울역,5808,13626,19434,-7818,4,9,토
2022-04-09,4호선,회현(남대문시장),18588,20434,39022,-1846,4,9,토
2022-04-09,4호선,명동,16039,18808,34847,-2769,4,9,토
2022-04-09,4호선,충무로,15548,15886,31434,-338,4,9,토
2022-04-09,4호선,동대문역사문화공원(DDP),11289,10220,21509,1069,4,9,토
2022-04-09,4호선,동대문,13311,13557,26868,-246,4,9,토
2022-04-09,4호선,혜화,26538,27882,54420,-1344,4,9,토
2022-04-09,4호선,한성대입구(삼선교),10673,10715,21388,-42,4,9,토
2022-04-09,4호선,성신여대입구(돈암),16696,15416,32112,1280,4,9,토
2022-04-09,4호선,길음,14743,13697,28440,1046,4,9,토
2022-04-09,4호선,미아사거리,22001,20906,42907,1095,4,9,토
2022-04-09,4호선,미아(서울사이버대학),10669,9873,20542,796,4,9,토
2022-04-09,4호선,수유(강북구청),27098,26194,53292,904,4,9,토
2022-04-09,4호선,쌍문,22038,19266,41304,2772,4,9,토
2022-04-09,4호선,창동,19832,19988,39820,-156,4,9,토
2022-04-09,4호선,노원,15907,17285,33192,-1378,4,9,토
2022-04-09,4호선,상계,14430,13413,27843,1017,4,9,토
2022-04-09,4호선,당고개,7660,7128,14788,532,4,9,토
2022-04-09,3호선,오금,4119,3938,8057,181,4,9,토
2022-04-09,3호선,경찰병원,4036,3853,7889,183,4,9,토
2022-04-09,3호선,가락시장,6236,5890,12126,346,4,9,토
2022-04-09,3호선,수서,13994,13896,27890,98,4,9,토
2022-04-09,3호선,일원,4901,4749,9650,152,4,9,토
2022-04-09,3호선,대청,6094,5650,11744,444,4,9,토
2022-04-09,3호선,학여울,3080,3411,6491,-331,4,9,토
2022-04-09,3호선,대치,9115,8240,17355,875,4,9,토
2022-04-09,3호선,도곡,3966,4880,8846,-914,4,9,토
2022-04-09,3호선,매봉,7953,7465,15418,488,4,9,토
2022-04-09,3호선,양재(서초구청),21294,22880,44174,-1586,4,9,토
2022-04-09,3호선,남부터미널(예술의전당),20887,20315,41202,572,4,9,토
2022-04-09,3호선,교대(법원.검찰청),7128,4275,11403,2853,4,9,토
2022-04-09,3호선,고속터미널,49165,48018,97183,1147,4,9,토
2022-04-09,3호선,잠원,3904,3676,7580,228,4,9,토
2022-04-09,3호선,신사,24423,26450,50873,-2027,4,9,토
2022-04-09,3호선,압구정,23373,24934,48307,-1561,4,9,토
2022-04-09,3호선,옥수,7465,7387,14852,78,4,9,토
2022-04-09,3호선,금호,5946,5316,11262,630,4,9,토
2022-04-09,3호선,약수,9012,8516,17528,496,4,9,토
2022-04-09,3호선,동대입구,8078,9277,17355,-1199,4,9,토
2022-04-09,3호선,충무로,2,0,2,2,4,9,토
2022-04-09,3호선,을지로3가,5184,5606,10790,-422,4,9,토
2022-04-09,3호선,종로3가,5930,8018,13948,-2088,4,9,토
2022-04-09,3호선,안국,19703,22924,42627,-3221,4,9,토
2022-04-09,3호선,경복궁(정부서울청사),20127,21733,41860,-1606,4,9,토
2022-04-09,3호선,독립문,6346,7323,13669,-977,4,9,토
2022-04-09,3호선,무악재,2723,2900,5623,-177,4,9,토
2022-04-09,3호선,홍제,13457,12541,25998,916,4,9,토
2022-04-09,3호선,녹번,10162,8685,18847,1477,4,9,토
2022-04-09,3호선,불광,12563,14050,26613,-1487,4,9,토
2022-04-09,3호선,연신내,29523,27923,57446,1600,4,9,토
2022-04-09,3호선,구파발,15089,14831,29920,258,4,9,토
2022-04-09,3호선,지축,3528,3193,6721,335,4,9,토
2022-04-09,2호선,용두(동대문구청),1711,1755,3466,-44,4,9,토
2022-04-09,2호선,신정네거리,7387,7265,14652,122,4,9,토
2022-04-09,2호선,양천구청,4570,4385,8955,185,4,9,토
2022-04-09,2호선,도림천,1424,1696,3120,-272,4,9,토
2022-04-09,2호선,신설동,3557,1815,5372,1742,4,9,토
2022-04-09,2호선,신답,1149,1158,2307,-9,4,9,토
2022-04-09,일산선,원당,8704,7925,16629,779,4,9,토
2022-04-09,안산선,한대앞,7713,7330,15043,383,4,9,토
2022-04-09,안산선,중앙,16042,17036,33078,-994,4,9,토
2022-04-09,안산선,고잔,6770,6735,13505,35,4,9,토
2022-04-09,안산선,초지,3483,3607,7090,-124,4,9,토
2022-04-09,안산선,안산,9405,9716,19121,-311,4,9,토
2022-04-09,안산선,신길온천,1509,1463,2972,46,4,9,토
2022-04-09,안산선,정왕,6826,6725,13551,101,4,9,토
2022-04-09,안산선,오이도,7444,7571,15015,-127,4,9,토
2022-04-09,안산선,수리산,3055,2709,5764,346,4,9,토
2022-04-09,우이신설선,북한산우이,3602,3864,7466,-262,4,9,토
2022-04-09,우이신설선,솔밭공원,1744,1711,3455,33,4,9,토
2022-04-09,우이신설선,4.19민주묘지,2597,2448,5045,149,4,9,토
2022-04-09,우이신설선,가오리,3057,2796,5853,261,4,9,토
2022-04-09,우이신설선,화계,2623,2313,4936,310,4,9,토
2022-04-09,우이신설선,삼양,1541,1601,3142,-60,4,9,토
2022-04-09,우이신설선,삼양사거리,1904,1835,3739,69,4,9,토
2022-04-09,우이신설선,솔샘,3979,3489,7468,490,4,9,토
2022-04-09,우이신설선,북한산보국문,4855,4172,9027,683,4,9,토
2022-04-09,우이신설선,정릉,3781,3029,6810,752,4,9,토
2022-04-09,우이신설선,성신여대입구(돈암),2663,3074,5737,-411,4,9,토
2022-04-09,우이신설선,보문,1133,1057,2190,76,4,9,토
2022-04-09,우이신설선,신설동,1368,1375,2743,-7,4,9,토
2022-04-09,일산선,원흥,7465,6849,14314,616,4,9,토
2022-04-09,일산선,삼송,14524,13773,28297,751,4,9,토
2022-04-09,2호선,용답,2451,2236,4687,215,4,9,토
2022-04-09,2호선,충정로(경기대입구),5729,6170,11899,-441,4,9,토
2022-04-09,2호선,아현,7577,6933,14510,644,4,9,토
2022-04-09,2호선,이대,10623,10853,21476,-230,4,9,토
2022-04-09,2호선,신촌,30238,29869,60107,369,4,9,토
2022-04-09,2호선,홍대입구,61157,68056,129213,-6899,4,9,토
2022-04-09,2호선,합정,28550,32654,61204,-4104,4,9,토
2022-04-09,2호선,당산,15065,15560,30625,-495,4,9,토
2022-04-09,2호선,영등포구청,13053,13349,26402,-296,4,9,토
2022-04-09,2호선,문래,13132,13703,26835,-571,4,9,토
2022-04-09,2호선,신도림,40620,41887,82507,-1267,4,9,토
2022-04-09,2호선,대림(구로구청),17548,18314,35862,-766,4,9,토
2022-04-09,2호선,구로디지털단지,33760,32943,66703,817,4,9,토
2022-04-09,2호선,신대방,21459,20581,42040,878,4,9,토
2022-04-09,2호선,신림,51066,47976,99042,3090,4,9,토
2022-04-09,2호선,봉천,17391,15604,32995,1787,4,9,토
2022-04-09,2호선,서울대입구(관악구청),38471,37123,75594,1348,4,9,토
2022-04-09,2호선,낙성대(강감찬),22266,20461,42727,1805,4,9,토
2022-04-09,2호선,사당,31337,35302,66639,-3965,4,9,토
2022-04-09,2호선,방배,9903,10039,19942,-136,4,9,토
2022-04-09,2호선,서초,11793,9402,21195,2391,4,9,토
2022-04-09,2호선,교대(법원.검찰청),17414,19592,37006,-2178,4,9,토
2022-04-09,2호선,강남,58449,61047,119496,-2598,4,9,토
2022-04-09,2호선,역삼,17561,19532,37093,-1971,4,9,토
2022-04-09,2호선,선릉,23688,21111,44799,2577,4,9,토
2022-04-09,2호선,삼성(무역센터),26822,27171,53993,-349,4,9,토
2022-04-09,2호선,종합운동장,13073,14357,27430,-1284,4,9,토
2022-04-09,2호선,잠실새내,19798,19840,39638,-42,4,9,토
2022-04-09,2호선,잠실(송파구청),122543,118237,240780,4306,4,9,토
2022-04-09,2호선,잠실나루,8542,8365,16907,177,4,9,토
2022-04-09,2호선,강변(동서울터미널),28111,27777,55888,334,4,9,토
2022-04-09,2호선,구의(광진구청),16851,16162,33013,689,4,9,토
2022-04-09,2호선,건대입구,39289,42217,81506,-2928,4,9,토
2022-04-09,2호선,성수,21902,24339,46241,-2437,4,9,토
2022-04-09,2호선,뚝섬,22743,21441,44184,1302,4,9,토
2022-04-09,2호선,한양대,5402,5600,11002,-198,4,9,토
2022-04-09,2호선,왕십리(성동구청),14041,12174,26215,1867,4,9,토
2022-04-09,2호선,상왕십리,10095,9320,19415,775,4,9,토
2022-04-09,2호선,신당,11141,11819,22960,-678,4,9,토
2022-04-09,2호선,동대문역사문화공원(DDP),10219,12072,22291,-1853,4,9,토
2022-04-09,2호선,을지로4가,7280,7662,14942,-382,4,9,토
2022-04-09,2호선,을지로3가,11306,11432,22738,-126,4,9,토
2022-04-09,2호선,을지로입구,21288,21600,42888,-312,4,9,토
2022-04-09,2호선,시청,9748,8704,18452,1044,4,9,토
2022-04-09,1호선,동묘앞,11221,11546,22767,-325,4,9,토
2022-04-09,1호선,청량리(서울시립대입구),17889,17559,35448,330,4,9,토
2022-04-09,1호선,제기동,14786,15192,29978,-406,4,9,토
2022-04-09,1호선,신설동,9780,9204,18984,576,4,9,토
2022-04-09,1호선,동대문,10425,10411,20836,14,4,9,토
2022-04-09,1호선,종로5가,18465,18779,37244,-314,4,9,토
2022-04-09,1호선,종로3가,22605,20361,42966,2244,4,9,토
2022-04-09,1호선,종각,18881,17110,35991,1771,4,9,토
2022-04-09,1호선,시청,12553,12756,25309,-203,4,9,토
2022-04-09,1호선,서울역,32255,33153,65408,-898,4,9,토
2022-04-09,경원선,석계,6744,7176,13920,-432,4,9,토
2022-04-09,9호선,샛강,4336,3929,8265,407,4,9,토
2022-04-09,경의선,화전,1268,1151,2419,117,4,9,토
2022-04-09,장항선,쌍용(나사렛대),1800,1654,3454,146,4,9,토
2022-04-09,장항선,봉명,862,823,1685,39,4,9,토
2022-04-09,일산선,대화,8463,7293,15756,1170,4,9,토
2022-04-09,일산선,주엽,6530,6328,12858,202,4,9,토
2022-04-09,일산선,정발산,7135,7563,14698,-428,4,9,토
2022-04-09,일산선,마두,5064,5098,10162,-34,4,9,토
2022-04-09,일산선,백석,7268,7135,14403,133,4,9,토
2022-04-09,일산선,대곡,1480,1224,2704,256,4,9,토
2022-04-09,일산선,화정,13002,13149,26151,-147,4,9,토
2022-04-09,안산선,상록수,12599,12254,24853,345,4,9,토
2022-04-09,안산선,반월,3441,3176,6617,265,4,9,토
2022-04-09,안산선,대야미,4328,3693,8021,635,4,9,토
2022-04-09,안산선,산본,13104,13832,26936,-728,4,9,토
2022-04-09,수인선,인천,1369,2353,3722,-984,4,9,토
2022-04-09,수인선,신포,1556,1571,3127,-15,4,9,토
2022-04-09,수인선,숭의,2969,2561,5530,408,4,9,토
2022-04-09,수인선,인하대,4508,4359,8867,149,4,9,토
2022-04-09,수인선,송도,2047,1933,3980,114,4,9,토
2022-04-09,수인선,연수,4113,3998,8111,115,4,9,토
2022-04-09,수인선,원인재,3887,4257,8144,-370,4,9,토
2022-04-09,수인선,남동인더스파크,914,888,1802,26,4,9,토
2022-04-09,수인선,호구포,2747,2508,5255,239,4,9,토
2022-04-09,수인선,인천논현,4326,4461,8787,-135,4,9,토
2022-04-09,수인선,소래포구,6134,6254,12388,-120,4,9,토
2022-04-09,수인선,월곶,2159,2118,4277,41,4,9,토
2022-04-09,수인선,달월,71,79,150,-8,4,9,토
2022-04-09,수인선,사리,3681,3132,6813,549,4,9,토
2022-04-09,수인선,야목,265,215,480,50,4,9,토
2022-04-09,수인선,어천,711,644,1355,67,4,9,토
2022-04-09,수인선,오목천,2339,1932,4271,407,4,9,토
2022-04-09,수인선,고색,2755,2542,5297,213,4,9,토
2022-04-09,분당선,매교,2231,2351,4582,-120,4,9,토
2022-04-09,분당선,수원시청,10908,12101,23009,-1193,4,9,토
2022-04-09,분당선,매탄권선,3902,3468,7370,434,4,9,토
2022-04-10,경부선,안양,14295,13673,27968,622,4,10,일
2022-04-10,경부선,금정,15296,15528,30824,-232,4,10,일
2022-04-10,경부선,군포,3245,3079,6324,166,4,10,일
2022-04-10,경부선,의왕,4453,4491,8944,-38,4,10,일
2022-04-10,경부선,성균관대,7784,8135,15919,-351,4,10,일
2022-04-10,경부선,화서,4647,4505,9152,142,4,10,일
2022-04-10,경부선,수원,34026,33773,67799,253,4,10,일
2022-04-10,경부선,독산,6719,6672,13391,47,4,10,일
2022-04-10,경부선,세류,2170,2090,4260,80,4,10,일
2022-04-10,경부선,병점,9869,10572,20441,-703,4,10,일
2022-04-10,경부선,세마,1753,1576,3329,177,4,10,일
2022-04-10,경부선,오산대,2373,2268,4641,105,4,10,일
2022-04-10,경부선,오산,8023,8263,16286,-240,4,10,일
2022-04-10,경부선,진위,949,954,1903,-5,4,10,일
2022-04-10,경부선,송탄,3751,4666,8417,-915,4,10,일
2022-04-10,경부선,서정리,4650,6584,11234,-1934,4,10,일
2022-04-10,경부선,평택지제,2527,2356,4883,171,4,10,일
2022-04-10,경부선,평택,11737,12577,24314,-840,4,10,일
2022-04-10,경부선,성환,2679,3350,6029,-671,4,10,일
2022-04-10,경부선,직산,572,641,1213,-69,4,10,일
2022-04-10,경부선,두정,4412,5787,10199,-1375,4,10,일
2022-04-10,경부선,천안,6136,6440,12576,-304,4,10,일
2022-04-10,경부선,당정,3312,3246,6558,66,4,10,일
2022-04-10,경부선,서동탄,769,798,1567,-29,4,10,일
2022-04-10,경부선,광명,2725,1966,4691,759,4,10,일
2022-04-10,경원선,이촌(국립중앙박물관),2684,1838,4522,846,4,10,일
2022-04-10,경원선,서빙고,1512,1563,3075,-51,4,10,일
2022-04-10,경원선,한남,1928,1944,3872,-16,4,10,일
2022-04-10,경원선,옥수,61,24,85,37,4,10,일
2022-04-10,경원선,응봉,1623,1908,3531,-285,4,10,일
2022-04-10,경원선,왕십리(성동구청),9667,11030,20697,-1363,4,10,일
2022-04-10,경원선,청량리(서울시립대입구),13919,13137,27056,782,4,10,일
2022-04-10,경원선,외대앞,5248,5208,10456,40,4,10,일
2022-04-10,경원선,신이문,4670,4493,9163,177,4,10,일
2022-04-10,경원선,석계,5030,5324,10354,-294,4,10,일
2022-04-10,경원선,광운대,4175,4419,8594,-244,4,10,일
2022-04-10,경원선,월계,3852,3506,7358,346,4,10,일
2022-04-10,경원선,녹천,2586,2375,4961,211,4,10,일
2022-04-10,경원선,도봉,3496,3297,6793,199,4,10,일
2022-04-10,경원선,도봉산,9607,6851,16458,2756,4,10,일
2022-04-10,경원선,망월사,5159,5336,10495,-177,4,10,일
2022-04-10,경원선,회룡,7990,8226,16216,-236,4,10,일
2022-04-10,경원선,의정부,14573,14969,29542,-396,4,10,일
2022-04-10,경원선,가능,4324,3940,8264,384,4,10,일
2022-04-10,경원선,녹양,2916,2660,5576,256,4,10,일
2022-04-10,경원선,양주,5409,5213,10622,196,4,10,일
2022-04-10,경원선,덕계,1918,1874,3792,44,4,10,일
2022-04-10,경원선,덕정,3560,3722,7282,-162,4,10,일
2022-04-10,경원선,지행,4770,4685,9455,85,4,10,일
2022-04-10,경원선,동두천중앙,2425,2332,4757,93,4,10,일
2022-04-10,경원선,보산,1559,1547,3106,12,4,10,일
2022-04-10,경원선,동두천,1404,1870,3274,-466,4,10,일
2022-04-10,경원선,소요산,4587,3977,8564,610,4,10,일
2022-04-10,경의선,서울역,1178,1049,2227,129,4,10,일
2022-04-10,경의선,신촌,223,284,507,-61,4,10,일
2022-04-10,경의선,효창공원앞,1369,1605,2974,-236,4,10,일
2022-04-10,경의선,공덕,2009,1624,3633,385,4,10,일
2022-04-10,경의선,서강대,1498,1432,2930,66,4,10,일
2022-04-10,경의선,홍대입구,1653,1922,3575,-269,4,10,일
2022-04-10,경의선,가좌,2935,2903,5838,32,4,10,일
2022-04-10,경의선,디지털미디어시티,1538,1405,2943,133,4,10,일
2022-04-10,경의선,수색,907,1003,1910,-96,4,10,일
2022-04-10,경의선,화전,1026,1061,2087,-35,4,10,일
2022-04-10,경의선,강매,1632,1517,3149,115,4,10,일
2022-04-10,경의선,행신,4871,4418,9289,453,4,10,일
2022-04-10,경의선,능곡,2300,2199,4499,101,4,10,일
2022-04-10,경의선,곡산,366,359,725,7,4,10,일
2022-04-10,경의선,백마,3589,3376,6965,213,4,10,일
2022-04-10,경의선,풍산,3601,3356,6957,245,4,10,일
2022-04-10,경의선,일산,5040,4644,9684,396,4,10,일
2022-04-10,경의선,탄현,4247,3944,8191,303,4,10,일
2022-04-10,경의선,야당,4823,4653,9476,170,4,10,일
2022-04-10,경의선,운정,3841,3583,7424,258,4,10,일
2022-04-10,경의선,금릉,3012,2958,5970,54,4,10,일
2022-04-10,경의선,금촌,4208,4490,8698,-282,4,10,일
2022-04-10,경의선,월롱,1027,2208,3235,-1181,4,10,일
2022-04-10,경의선,파주,692,645,1337,47,4,10,일
2022-04-10,경의선,문산,3599,3636,7235,-37,4,10,일
2022-04-10,경의선,임진강,73,73,146,0,4,10,일
2022-04-10,경인선,개봉,11822,11492,23314,330,4,10,일
2022-04-10,경인선,오류동,7268,6928,14196,340,4,10,일
2022-04-10,경인선,역곡,15112,14876,29988,236,4,10,일
2022-04-10,경인선,부천,22105,21804,43909,301,4,10,일
2022-04-10,경인선,송내,13883,13719,27602,164,4,10,일
2022-04-10,경인선,부평,22969,23541,46510,-572,4,10,일
2022-04-10,경인선,백운,4113,4056,8169,57,4,10,일
2022-04-10,경인선,동암,9751,9535,19286,216,4,10,일
2022-04-10,경인선,주안,12319,11078,23397,1241,4,10,일
2022-04-10,경인선,제물포,5788,5510,11298,278,4,10,일
2022-04-10,경인선,동인천,10347,10124,20471,223,4,10,일
2022-04-10,경인선,인천,5383,4663,10046,720,4,10,일
2022-04-10,경인선,구일,4984,5390,10374,-406,4,10,일
2022-04-10,경인선,소사,6274,6079,12353,195,4,10,일
2022-04-10,경인선,부개,5099,4828,9927,271,4,10,일
2022-04-10,경인선,간석,3471,3250,6721,221,4,10,일
2022-04-10,경인선,도원,2873,2885,5758,-12,4,10,일
2022-04-10,경인선,온수(성공회대입구),3902,3661,7563,241,4,10,일
2022-04-10,경인선,중동,5196,4850,10046,346,4,10,일
2022-04-10,경인선,도화,2646,2408,5054,238,4,10,일
2022-04-10,경춘선,신내,1045,1054,2099,-9,4,10,일
2022-04-10,경춘선,갈매,1514,1322,2836,192,4,10,일
2022-04-10,경춘선,별내,2007,1838,3845,169,4,10,일
2022-04-10,경춘선,퇴계원,2125,1931,4056,194,4,10,일
2022-04-10,경춘선,사릉,1455,1434,2889,21,4,10,일
2022-04-10,경춘선,금곡,953,906,1859,47,4,10,일
2022-04-10,경춘선,평내호평,3738,3579,7317,159,4,10,일
2022-04-10,경춘선,천마산,1200,1173,2373,27,4,10,일
2022-04-10,경춘선,마석,2869,2745,5614,124,4,10,일
2022-04-10,경춘선,대성리,1246,1006,2252,240,4,10,일
2022-04-10,경춘선,청평,1878,1354,3232,524,4,10,일
2022-04-10,경춘선,상천,538,423,961,115,4,10,일
2022-04-10,경춘선,가평,2104,1712,3816,392,4,10,일
2022-04-10,경춘선,굴봉산,260,214,474,46,4,10,일
2022-04-10,경춘선,백양리,131,107,238,24,4,10,일
2022-04-10,경춘선,강촌,805,647,1452,158,4,10,일
2022-04-10,경춘선,김유정,503,560,1063,-57,4,10,일
2022-04-10,경춘선,남춘천,2330,2936,5266,-606,4,10,일
2022-04-10,경춘선,춘천,1993,1644,3637,349,4,10,일
2022-04-10,공항철도 1호선,서울역,8253,7612,15865,641,4,10,일
2022-04-10,공항철도 1호선,공덕,1200,1707,2907,-507,4,10,일
2022-04-10,공항철도 1호선,홍대입구,10167,9287,19454,880,4,10,일
2022-04-10,공항철도 1호선,디지털미디어시티,3874,3922,7796,-48,4,10,일
2022-04-10,공항철도 1호선,마곡나루(서울식물원),2711,2910,5621,-199,4,10,일
2022-04-10,공항철도 1호선,김포공항,11945,5924,17869,6021,4,10,일
2022-04-10,공항철도 1호선,검암,3846,4125,7971,-279,4,10,일
2022-04-10,공항철도 1호선,청라국제도시,3594,3275,6869,319,4,10,일
2022-04-10,공항철도 1호선,운서,5643,6055,11698,-412,4,10,일
2022-04-10,공항철도 1호선,공항화물청사,989,1072,2061,-83,4,10,일
2022-04-10,공항철도 1호선,인천공항1터미널,4333,4048,8381,285,4,10,일
2022-04-10,공항철도 1호선,인천공항2터미널,2271,2014,4285,257,4,10,일
2022-04-10,공항철도 1호선,영종,2635,2607,5242,28,4,10,일
2022-04-10,과천선,선바위,4985,4613,9598,372,4,10,일
2022-04-10,과천선,경마공원,14168,14483,28651,-315,4,10,일
2022-04-10,과천선,대공원,17086,17124,34210,-38,4,10,일
2022-04-10,과천선,과천,4375,4028,8403,347,4,10,일
2022-04-10,과천선,정부과천청사,5811,5717,11528,94,4,10,일
2022-04-10,과천선,인덕원,13996,13882,27878,114,4,10,일
2022-04-10,과천선,평촌,7229,6788,14017,441,4,10,일
2022-04-10,과천선,범계,16177,15760,31937,417,4,10,일
2022-04-10,분당선,선릉,2939,4461,7400,-1522,4,10,일
2022-04-10,분당선,한티,8585,8205,16790,380,4,10,일
2022-04-10,분당선,도곡,3798,3720,7518,78,4,10,일
2022-04-10,분당선,구룡,791,982,1773,-191,4,10,일
2022-04-10,분당선,개포동,2177,2218,4395,-41,4,10,일
2022-04-10,분당선,대모산입구,2167,2158,4325,9,4,10,일
2022-04-10,분당선,수서,8639,8145,16784,494,4,10,일
2022-04-10,분당선,복정,1,0,1,1,4,10,일
2022-04-10,분당선,수원,6323,4879,11202,1444,4,10,일
2022-04-10,분당선,서울숲,17332,20450,37782,-3118,4,10,일
2022-04-10,분당선,압구정로데오,11113,12558,23671,-1445,4,10,일
2022-04-10,분당선,강남구청,3555,4208,7763,-653,4,10,일
2022-04-10,분당선,선정릉,2153,2175,4328,-22,4,10,일
2022-04-10,분당선,가천대,4395,5324,9719,-929,4,10,일
2022-04-10,분당선,태평,8474,7809,16283,665,4,10,일
2022-04-10,분당선,모란,11488,11995,23483,-507,4,10,일
2022-04-10,분당선,야탑,13796,13973,27769,-177,4,10,일
2022-04-10,분당선,서현,14724,14743,29467,-19,4,10,일
2022-04-10,분당선,수내,6237,5960,12197,277,4,10,일
2022-04-10,분당선,정자,7599,7881,15480,-282,4,10,일
2022-04-10,분당선,미금,7513,7998,15511,-485,4,10,일
2022-04-10,분당선,오리,5494,4705,10199,789,4,10,일
2022-04-10,분당선,이매,3470,3547,7017,-77,4,10,일
2022-04-10,분당선,보정,1120,1076,2196,44,4,10,일
2022-04-10,분당선,죽전,7861,8852,16713,-991,4,10,일
2022-04-10,분당선,구성,2587,2558,5145,29,4,10,일
2022-04-10,분당선,신갈,2131,2165,4296,-34,4,10,일
2022-04-10,분당선,기흥,5236,4834,10070,402,4,10,일
2022-04-10,분당선,상갈,2819,2877,5696,-58,4,10,일
2022-04-10,분당선,청명,1985,2131,4116,-146,4,10,일
2022-04-10,분당선,영통,4945,4980,9925,-35,4,10,일
2022-04-10,분당선,망포,6331,6428,12759,-97,4,10,일
2022-04-10,분당선,매탄권선,2681,2620,5301,61,4,10,일
2022-04-10,분당선,수원시청,7425,7346,14771,79,4,10,일
2022-04-10,분당선,매교,1690,1633,3323,57,4,10,일
2022-04-10,수인선,고색,1721,1895,3616,-174,4,10,일
2022-04-10,수인선,오목천,1612,1644,3256,-32,4,10,일
2022-04-10,수인선,어천,529,669,1198,-140,4,10,일
2022-04-10,수인선,야목,210,187,397,23,4,10,일
2022-04-10,수인선,사리,2797,2351,5148,446,4,10,일
2022-04-10,수인선,달월,65,64,129,1,4,10,일
2022-04-10,수인선,월곶,1791,1572,3363,219,4,10,일
2022-04-10,수인선,소래포구,5437,5296,10733,141,4,10,일
2022-04-10,안산선,반월,2677,2599,5276,78,4,10,일
2022-04-10,안산선,상록수,9828,9721,19549,107,4,10,일
2022-04-10,안산선,한대앞,5680,5891,11571,-211,4,10,일
2022-04-10,안산선,중앙,12633,12259,24892,374,4,10,일
2022-04-10,안산선,고잔,5125,4950,10075,175,4,10,일
2022-04-10,안산선,초지,2750,2811,5561,-61,4,10,일
2022-04-10,안산선,신길온천,1280,1241,2521,39,4,10,일
2022-04-10,안산선,정왕,5818,6270,12088,-452,4,10,일
2022-04-10,안산선,오이도,6172,6079,12251,93,4,10,일
2022-04-10,안산선,수리산,2349,2256,4605,93,4,10,일
2022-04-10,우이신설선,북한산우이,3282,3693,6975,-411,4,10,일
2022-04-10,우이신설선,솔밭공원,1479,1410,2889,69,4,10,일
2022-04-10,우이신설선,4.19민주묘지,2297,2090,4387,207,4,10,일
2022-04-10,우이신설선,가오리,2311,2169,4480,142,4,10,일
2022-04-10,우이신설선,화계,2118,1950,4068,168,4,10,일
2022-04-10,우이신설선,삼양,1147,1191,2338,-44,4,10,일
2022-04-10,우이신설선,삼양사거리,1567,1511,3078,56,4,10,일
2022-04-10,우이신설선,솔샘,2946,2785,5731,161,4,10,일
2022-04-10,우이신설선,북한산보국문,3961,3701,7662,260,4,10,일
2022-04-10,우이신설선,정릉,2980,2421,5401,559,4,10,일
2022-04-10,우이신설선,성신여대입구(돈암),2116,2506,4622,-390,4,10,일
2022-04-10,우이신설선,보문,1013,960,1973,53,4,10,일
2022-04-10,우이신설선,신설동,1141,1148,2289,-7,4,10,일
2022-04-10,일산선,원흥,5777,5503,11280,274,4,10,일
2022-04-10,일산선,삼송,11145,10872,22017,273,4,10,일
2022-04-10,일산선,원당,6507,6365,12872,142,4,10,일
2022-04-10,일산선,화정,9631,9799,19430,-168,4,10,일
2022-04-10,일산선,대곡,1255,1019,2274,236,4,10,일
2022-04-10,일산선,백석,5341,5316,10657,25,4,10,일
2022-04-10,일산선,마두,3535,3466,7001,69,4,10,일
2022-04-10,일산선,정발산,6522,6607,13129,-85,4,10,일
2022-04-10,일산선,주엽,4639,4554,9193,85,4,10,일
2022-04-10,일산선,대화,6162,5548,11710,614,4,10,일
2022-04-10,장항선,봉명,612,601,1213,11,4,10,일
2022-04-10,장항선,쌍용(나사렛대),1269,1458,2727,-189,4,10,일
2022-04-10,중앙선,지평,74,65,139,9,4,10,일
2022-04-10,중앙선,용문,4690,4181,8871,509,4,10,일
2022-04-10,중앙선,원덕,744,559,1303,185,4,10,일
2022-04-10,중앙선,양평,2840,2545,5385,295,4,10,일
2022-04-10,중앙선,오빈,253,235,488,18,4,10,일
2022-04-10,중앙선,아신,643,550,1193,93,4,10,일
2022-04-10,중앙선,국수,770,671,1441,99,4,10,일
2022-04-10,중앙선,신원,377,245,622,132,4,10,일
2022-04-10,중앙선,양수,2215,2125,4340,90,4,10,일
2022-04-10,중앙선,운길산,1629,1460,3089,169,4,10,일
2022-04-10,중앙선,팔당,1654,1794,3448,-140,4,10,일
2022-04-10,중앙선,도심,1328,1198,2526,130,4,10,일
2022-04-10,중앙선,덕소,3562,3513,7075,49,4,10,일
2022-04-10,중앙선,양정,527,455,982,72,4,10,일
2022-04-10,중앙선,도농,5449,5317,10766,132,4,10,일
2022-04-10,중앙선,구리,8034,8341,16375,-307,4,10,일
2022-04-10,중앙선,양원,1503,1557,3060,-54,4,10,일
2022-04-10,중앙선,망우,5142,4950,10092,192,4,10,일
2022-04-10,중앙선,상봉(시외버스터미널),3928,4013,7941,-85,4,10,일
2022-04-10,중앙선,중랑,3636,3690,7326,-54,4,10,일
2022-04-10,중앙선,회기,18424,18642,37066,-218,4,10,일
2022-04-10,장항선,신창(순천향대),1195,2014,3209,-819,4,10,일
2022-04-10,장항선,온양온천,3605,3549,7154,56,4,10,일
2022-04-10,장항선,배방,851,984,1835,-133,4,10,일
2022-04-10,장항선,탕정,517,576,1093,-59,4,10,일
2022-04-10,장항선,아산,3905,2513,6418,1392,4,10,일
2022-04-10,수인선,인천논현,3018,3126,6144,-108,4,10,일
2022-04-10,수인선,호구포,2130,2229,4359,-99,4,10,일
2022-04-10,수인선,남동인더스파크,574,553,1127,21,4,10,일
2022-04-10,수인선,원인재,3487,3648,7135,-161,4,10,일
2022-04-10,수인선,연수,3535,3382,6917,153,4,10,일
2022-04-10,수인선,송도,1634,1591,3225,43,4,10,일
2022-04-10,수인선,인하대,3602,3517,7119,85,4,10,일
2022-04-10,수인선,숭의,2193,1988,4181,205,4,10,일
2022-04-10,수인선,신포,1348,1235,2583,113,4,10,일
2022-04-10,수인선,인천,1286,2183,3469,-897,4,10,일
2022-04-10,안산선,산본,9617,10181,19798,-564,4,10,일
2022-04-10,안산선,대야미,3439,3120,6559,319,4,10,일
2022-04-10,1호선,시청,8518,8371,16889,147,4,10,일
2022-04-10,8호선,신흥,2770,2961,5731,-191,4,10,일
2022-04-10,안산선,안산,9759,9062,18821,697,4,10,일
2022-04-10,4호선,사당,16920,15420,32340,1500,4,10,일
2022-04-10,6호선,창신,1732,1444,3176,288,4,10,일
2022-04-10,9호선,노들,3261,2794,6055,467,4,10,일
2022-04-10,경원선,방학,6014,5763,11777,251,4,10,일
2022-04-10,공항철도 1호선,계양,5767,5600,11367,167,4,10,일
2022-04-10,1호선,서울역,28853,26107,54960,2746,4,10,일
2022-04-10,1호선,종각,12559,10556,23115,2003,4,10,일
2022-04-10,1호선,종로3가,15067,12561,27628,2506,4,10,일
2022-04-10,1호선,종로5가,9959,9775,19734,184,4,10,일
2022-04-10,1호선,동대문,10060,10338,20398,-278,4,10,일
2022-04-10,1호선,신설동,7871,7868,15739,3,4,10,일
2022-04-10,1호선,제기동,10080,10611,20691,-531,4,10,일
2022-04-10,1호선,청량리(서울시립대입구),12733,12779,25512,-46,4,10,일
2022-04-10,1호선,동묘앞,12475,12499,24974,-24,4,10,일
2022-04-10,2호선,시청,6784,5687,12471,1097,4,10,일
2022-04-10,2호선,을지로입구,16019,14410,30429,1609,4,10,일
2022-04-10,2호선,을지로3가,8608,8002,16610,606,4,10,일
2022-04-10,2호선,을지로4가,3737,3609,7346,128,4,10,일
2022-04-10,2호선,동대문역사문화공원(DDP),8142,9913,18055,-1771,4,10,일
2022-04-10,2호선,신당,8713,9281,17994,-568,4,10,일
2022-04-10,2호선,상왕십리,7358,7147,14505,211,4,10,일
2022-04-10,2호선,왕십리(성동구청),10242,9075,19317,1167,4,10,일
2022-04-10,2호선,한양대,3171,3537,6708,-366,4,10,일
2022-04-10,2호선,뚝섬,17734,16455,34189,1279,4,10,일
2022-04-10,2호선,성수,15717,16941,32658,-1224,4,10,일
2022-04-10,2호선,건대입구,30689,30940,61629,-251,4,10,일
2022-04-10,2호선,구의(광진구청),12228,12180,24408,48,4,10,일
2022-04-10,2호선,강변(동서울터미널),22935,22888,45823,47,4,10,일
2022-04-10,2호선,잠실나루,6211,6402,12613,-191,4,10,일
2022-04-10,2호선,잠실(송파구청),92633,87117,179750,5516,4,10,일
2022-04-10,2호선,잠실새내,13074,12923,25997,151,4,10,일
2022-04-10,2호선,종합운동장,8402,9380,17782,-978,4,10,일
2022-04-10,2호선,삼성(무역센터),19355,18834,38189,521,4,10,일
2022-04-10,2호선,선릉,13451,11720,25171,1731,4,10,일
2022-04-10,2호선,역삼,11060,11779,22839,-719,4,10,일
2022-04-10,2호선,강남,34410,34315,68725,95,4,10,일
2022-04-10,2호선,교대(법원.검찰청),10594,11467,22061,-873,4,10,일
2022-04-10,2호선,서초,11602,10394,21996,1208,4,10,일
2022-04-10,2호선,방배,6597,7107,13704,-510,4,10,일
2022-04-10,2호선,사당,22494,25577,48071,-3083,4,10,일
2022-04-10,2호선,낙성대(강감찬),16640,17170,33810,-530,4,10,일
2022-04-10,2호선,서울대입구(관악구청),28406,29297,57703,-891,4,10,일
2022-04-10,2호선,봉천,12928,12223,25151,705,4,10,일
2022-04-10,2호선,신림,39124,37834,76958,1290,4,10,일
2022-04-10,2호선,신대방,16881,16746,33627,135,4,10,일
2022-04-10,2호선,구로디지털단지,24251,23579,47830,672,4,10,일
2022-04-10,2호선,대림(구로구청),15176,15559,30735,-383,4,10,일
2022-04-10,2호선,신도림,28719,29597,58316,-878,4,10,일
2022-04-10,2호선,문래,8472,8537,17009,-65,4,10,일
2022-04-10,2호선,영등포구청,8310,8552,16862,-242,4,10,일
2022-04-10,2호선,당산,10855,11417,22272,-562,4,10,일
2022-04-10,2호선,합정,22346,24670,47016,-2324,4,10,일
2022-04-10,2호선,홍대입구,46801,47730,94531,-929,4,10,일
2022-04-10,2호선,신촌,22655,21728,44383,927,4,10,일
2022-04-10,2호선,이대,7577,8036,15613,-459,4,10,일
2022-04-10,2호선,아현,5389,5357,10746,32,4,10,일
2022-04-10,2호선,충정로(경기대입구),3836,4168,8004,-332,4,10,일
2022-04-10,2호선,용답,1935,1907,3842,28,4,10,일
2022-04-10,2호선,신답,846,925,1771,-79,4,10,일
2022-04-10,2호선,신설동,3265,1756,5021,1509,4,10,일
2022-04-10,2호선,도림천,1150,1429,2579,-279,4,10,일
2022-04-10,2호선,양천구청,3246,3338,6584,-92,4,10,일
2022-04-10,2호선,신정네거리,5549,5533,11082,16,4,10,일
2022-04-10,2호선,용두(동대문구청),1158,1148,2306,10,4,10,일
2022-04-10,3호선,지축,2568,2290,4858,278,4,10,일
2022-04-10,3호선,구파발,11646,11648,23294,-2,4,10,일
2022-04-10,3호선,연신내,22312,21108,43420,1204,4,10,일
2022-04-10,3호선,불광,9686,11045,20731,-1359,4,10,일
2022-04-10,3호선,녹번,7251,6515,13766,736,4,10,일
2022-04-10,3호선,홍제,9897,9467,19364,430,4,10,일
2022-04-10,3호선,무악재,1998,2180,4178,-182,4,10,일
2022-04-10,3호선,독립문,4805,5800,10605,-995,4,10,일
2022-04-10,3호선,경복궁(정부서울청사),15855,16914,32769,-1059,4,10,일
2022-04-10,3호선,안국,14267,16226,30493,-1959,4,10,일
2022-04-10,3호선,종로3가,4075,4923,8998,-848,4,10,일
2022-04-10,3호선,을지로3가,3511,3060,6571,451,4,10,일
2022-04-10,3호선,충무로,1,0,1,1,4,10,일
2022-04-10,3호선,동대입구,7008,7813,14821,-805,4,10,일
2022-04-10,3호선,약수,6674,6513,13187,161,4,10,일
2022-04-10,3호선,금호,4250,4135,8385,115,4,10,일
2022-04-10,3호선,옥수,5303,5460,10763,-157,4,10,일
2022-04-10,3호선,압구정,13165,14037,27202,-872,4,10,일
2022-04-10,3호선,신사,13223,13494,26717,-271,4,10,일
2022-04-10,3호선,잠원,2666,2634,5300,32,4,10,일
2022-04-10,3호선,고속터미널,41890,39321,81211,2569,4,10,일
2022-04-10,3호선,교대(법원.검찰청),4292,2732,7024,1560,4,10,일
2022-04-10,3호선,남부터미널(예술의전당),14901,15793,30694,-892,4,10,일
2022-04-10,3호선,양재(서초구청),14400,16189,30589,-1789,4,10,일
2022-04-10,3호선,매봉,5622,5570,11192,52,4,10,일
2022-04-10,3호선,도곡,2523,3288,5811,-765,4,10,일
2022-04-10,3호선,대치,5907,5275,11182,632,4,10,일
2022-04-10,3호선,학여울,2449,2716,5165,-267,4,10,일
2022-04-10,3호선,대청,4401,4282,8683,119,4,10,일
2022-04-10,3호선,일원,3635,3936,7571,-301,4,10,일
2022-04-10,3호선,수서,10898,10743,21641,155,4,10,일
2022-04-10,3호선,가락시장,3730,3838,7568,-108,4,10,일
2022-04-10,3호선,경찰병원,2744,2845,5589,-101,4,10,일
2022-04-10,3호선,오금,2732,2751,5483,-19,4,10,일
2022-04-10,4호선,당고개,6068,5878,11946,190,4,10,일
2022-04-10,4호선,상계,10968,10226,21194,742,4,10,일
2022-04-10,4호선,노원,11716,12656,24372,-940,4,10,일
2022-04-10,4호선,창동,15148,15423,30571,-275,4,10,일
2022-04-10,4호선,쌍문,16502,14990,31492,1512,4,10,일
2022-04-10,4호선,수유(강북구청),20763,20032,40795,731,4,10,일
2022-04-10,4호선,미아(서울사이버대학),8133,7595,15728,538,4,10,일
2022-04-10,4호선,미아사거리,16413,15397,31810,1016,4,10,일
2022-04-10,4호선,길음,11002,10835,21837,167,4,10,일
2022-04-10,4호선,성신여대입구(돈암),12814,11978,24792,836,4,10,일
2022-04-10,4호선,한성대입구(삼선교),8288,8558,16846,-270,4,10,일
2022-04-10,4호선,혜화,21826,23145,44971,-1319,4,10,일
2022-04-10,4호선,동대문,7397,7793,15190,-396,4,10,일
2022-04-10,4호선,동대문역사문화공원(DDP),9243,8724,17967,519,4,10,일
2022-04-10,4호선,충무로,10606,10716,21322,-110,4,10,일
2022-04-10,4호선,명동,12850,12920,25770,-70,4,10,일
2022-04-10,4호선,회현(남대문시장),9549,10009,19558,-460,4,10,일
2022-04-10,4호선,서울역,4531,10871,15402,-6340,4,10,일
2022-04-10,4호선,숙대입구(갈월),7404,7124,14528,280,4,10,일
2022-04-10,4호선,삼각지,2669,3668,6337,-999,4,10,일
2022-04-10,4호선,신용산,7861,7878,15739,-17,4,10,일
2022-04-10,4호선,이촌(국립중앙박물관),5434,6082,11516,-648,4,10,일
2022-04-10,4호선,동작(현충원),2609,3360,5969,-751,4,10,일
2022-04-10,4호선,총신대입구(이수),10880,11706,22586,-826,4,10,일
2022-04-10,4호선,남태령,1012,704,1716,308,4,10,일
2022-04-10,5호선,방화,3704,3681,7385,23,4,10,일
2022-04-10,5호선,개화산,2777,2867,5644,-90,4,10,일
2022-04-10,5호선,김포공항,6889,6731,13620,158,4,10,일
2022-04-10,5호선,송정,3923,3759,7682,164,4,10,일
2022-04-10,5호선,마곡,3841,3979,7820,-138,4,10,일
2022-04-10,5호선,발산,9525,10265,19790,-740,4,10,일
2022-04-10,5호선,우장산,7446,7466,14912,-20,4,10,일
2022-04-10,5호선,화곡,15670,14686,30356,984,4,10,일
2022-04-10,5호선,까치산,16895,15984,32879,911,4,10,일
2022-04-10,5호선,신정(은행정),7211,6392,13603,819,4,10,일
2022-04-10,5호선,목동,8481,8529,17010,-48,4,10,일
2022-04-10,5호선,오목교(목동운동장앞),13159,13630,26789,-471,4,10,일
2022-04-10,5호선,양평,3448,3543,6991,-95,4,10,일
2022-04-10,5호선,영등포구청,1528,1532,3060,-4,4,10,일
2022-04-10,5호선,영등포시장,6081,6327,12408,-246,4,10,일
2022-04-10,5호선,신길,2416,2690,5106,-274,4,10,일
2022-04-10,5호선,여의도,16248,16930,33178,-682,4,10,일
2022-04-10,5호선,여의나루,45681,54132,99813,-8451,4,10,일
2022-04-10,5호선,마포,5796,5437,11233,359,4,10,일
2022-04-10,5호선,공덕,5703,5927,11630,-224,4,10,일
2022-04-10,5호선,애오개,2984,2885,5869,99,4,10,일
2022-04-10,5호선,충정로(경기대입구),1724,1644,3368,80,4,10,일
2022-04-10,5호선,서대문,5810,5624,11434,186,4,10,일
2022-04-10,5호선,광화문(세종문화회관),13189,13238,26427,-49,4,10,일
2022-04-10,5호선,종로3가,9306,8531,17837,775,4,10,일
2022-04-10,5호선,을지로4가,1893,1900,3793,-7,4,10,일
2022-04-10,5호선,동대문역사문화공원(DDP),777,878,1655,-101,4,10,일
2022-04-10,5호선,청구,2016,1698,3714,318,4,10,일
2022-04-10,5호선,신금호,3259,3522,6781,-263,4,10,일
2022-04-10,5호선,행당,4292,3915,8207,377,4,10,일
2022-04-10,5호선,왕십리(성동구청),2772,3201,5973,-429,4,10,일
2022-04-10,5호선,마장,3134,2888,6022,246,4,10,일
2022-04-10,5호선,답십리,7760,7100,14860,660,4,10,일
2022-04-10,5호선,장한평,8349,8277,16626,72,4,10,일
2022-04-10,5호선,군자(능동),6538,7103,13641,-565,4,10,일
2022-04-10,5호선,아차산(어린이대공원후문),14674,14899,29573,-225,4,10,일
2022-04-10,5호선,광나루(장신대),8947,8839,17786,108,4,10,일
2022-04-10,5호선,천호(풍납토성),12892,12226,25118,666,4,10,일
2022-04-10,5호선,강동,9274,9201,18475,73,4,10,일
2022-04-10,5호선,길동,4237,4371,8608,-134,4,10,일
2022-04-10,5호선,굽은다리(강동구민회관앞),5402,4892,10294,510,4,10,일
2022-04-10,5호선,명일,5194,5165,10359,29,4,10,일
2022-04-10,5호선,고덕,4459,4424,8883,35,4,10,일
2022-04-10,5호선,상일동,6983,6645,13628,338,4,10,일
2022-04-10,5호선,둔촌동,4704,4663,9367,41,4,10,일
2022-04-10,5호선,올림픽공원(한국체대),2920,2919,5839,1,4,10,일
2022-04-10,5호선,방이,4200,3870,8070,330,4,10,일
2022-04-10,5호선,오금,1495,1473,2968,22,4,10,일
2022-04-10,5호선,개롱,3010,3293,6303,-283,4,10,일
2022-04-10,5호선,거여,4712,4596,9308,116,4,10,일
2022-04-10,5호선,마천,3664,3928,7592,-264,4,10,일
2022-04-10,5호선,강일,2425,2263,4688,162,4,10,일
2022-04-10,5호선,미사,9454,9513,18967,-59,4,10,일
2022-04-10,5호선,하남풍산,2249,2114,4363,135,4,10,일
2022-04-10,5호선,하남시청(덕풍·신장),4124,3941,8065,183,4,10,일
2022-04-10,5호선,하남검단산,4948,4826,9774,122,4,10,일
2022-04-10,6호선,응암,11098,12075,23173,-977,4,10,일
2022-04-10,6호선,역촌,2034,2368,4402,-334,4,10,일
2022-04-10,6호선,불광,3300,3110,6410,190,4,10,일
2022-04-10,6호선,독바위,1794,2117,3911,-323,4,10,일
2022-04-10,6호선,연신내,2,0,2,2,4,10,일
2022-04-10,6호선,구산,4243,3005,7248,1238,4,10,일
2022-04-10,6호선,새절(신사),7943,7481,15424,462,4,10,일
2022-04-10,6호선,증산(명지대앞),6574,6710,13284,-136,4,10,일
2022-04-10,6호선,디지털미디어시티,5843,5746,11589,97,4,10,일
2022-04-10,6호선,월드컵경기장(성산),9166,9217,18383,-51,4,10,일
2022-04-10,6호선,마포구청,7682,6667,14349,1015,4,10,일
2022-04-10,6호선,망원,10641,11449,22090,-808,4,10,일
2022-04-10,6호선,합정,10586,9396,19982,1190,4,10,일
2022-04-10,6호선,상수,6253,7275,13528,-1022,4,10,일
2022-04-10,6호선,광흥창(서강),4726,4337,9063,389,4,10,일
2022-04-10,6호선,대흥(서강대앞),4560,4800,9360,-240,4,10,일
2022-04-10,6호선,공덕,7753,7074,14827,679,4,10,일
2022-04-10,6호선,효창공원앞,3864,3391,7255,473,4,10,일
2022-04-10,6호선,삼각지,4364,3226,7590,1138,4,10,일
2022-04-10,6호선,녹사평(용산구청),4264,4038,8302,226,4,10,일
2022-04-10,6호선,이태원,9761,9550,19311,211,4,10,일
2022-04-10,6호선,한강진,5862,7021,12883,-1159,4,10,일
2022-04-10,6호선,버티고개,1086,1215,2301,-129,4,10,일
2022-04-10,6호선,약수,1744,1738,3482,6,4,10,일
2022-04-10,6호선,청구,1726,1766,3492,-40,4,10,일
2022-04-10,6호선,신당,4753,5095,9848,-342,4,10,일
2022-04-10,6호선,동묘앞,6131,5994,12125,137,4,10,일
2022-04-10,6호선,보문,4237,3943,8180,294,4,10,일
2022-04-10,6호선,안암(고대병원앞),5653,6352,12005,-699,4,10,일
2022-04-10,6호선,고려대(종암),4456,4350,8806,106,4,10,일
2022-04-10,6호선,월곡(동덕여대),5502,5368,10870,134,4,10,일
2022-04-10,6호선,상월곡(한국과학기술연구원),3349,3066,6415,283,4,10,일
2022-04-10,6호선,돌곶이,5441,5129,10570,312,4,10,일
2022-04-10,6호선,석계,6583,6999,13582,-416,4,10,일
2022-04-10,6호선,태릉입구,3257,3635,6892,-378,4,10,일
2022-04-10,6호선,화랑대(서울여대입구),5834,4997,10831,837,4,10,일
2022-04-10,6호선,봉화산(서울의료원),4003,3869,7872,134,4,10,일
2022-04-10,7호선,장암,1573,1030,2603,543,4,10,일
2022-04-10,7호선,도봉산,5996,8411,14407,-2415,4,10,일
2022-04-10,7호선,수락산,8796,8572,17368,224,4,10,일
2022-04-10,7호선,마들,6494,5979,12473,515,4,10,일
2022-04-10,7호선,노원,10999,11194,22193,-195,4,10,일
2022-04-10,7호선,중계,7030,6517,13547,513,4,10,일
2022-04-10,7호선,하계,9799,9124,18923,675,4,10,일
2022-04-10,7호선,공릉(서울과학기술대),6706,6766,13472,-60,4,10,일
2022-04-10,7호선,태릉입구,5207,5065,10272,142,4,10,일
2022-04-10,7호선,먹골,5713,5413,11126,300,4,10,일
2022-04-10,7호선,중화,6295,5991,12286,304,4,10,일
2022-04-10,7호선,상봉(시외버스터미널),9597,8785,18382,812,4,10,일
2022-04-10,7호선,면목,8611,8409,17020,202,4,10,일
2022-04-10,7호선,사가정,9446,9176,18622,270,4,10,일
2022-04-10,7호선,용마산(용마폭포공원),3689,4300,7989,-611,4,10,일
2022-04-10,7호선,중곡,5504,5277,10781,227,4,10,일
2022-04-10,7호선,군자(능동),8264,6154,14418,2110,4,10,일
2022-04-10,7호선,어린이대공원(세종대),13359,14447,27806,-1088,4,10,일
2022-04-10,7호선,건대입구,8133,8737,16870,-604,4,10,일
2022-04-10,7호선,뚝섬유원지,17663,16465,34128,1198,4,10,일
2022-04-10,7호선,청담,6728,7123,13851,-395,4,10,일
2022-04-10,7호선,강남구청,5302,5955,11257,-653,4,10,일
2022-04-10,7호선,학동,6281,6810,13091,-529,4,10,일
2022-04-10,7호선,논현,5995,6443,12438,-448,4,10,일
2022-04-10,7호선,반포,3032,2989,6021,43,4,10,일
2022-04-10,7호선,고속터미널,13700,8577,22277,5123,4,10,일
2022-04-10,7호선,내방,5162,5376,10538,-214,4,10,일
2022-04-10,7호선,이수,8547,7728,16275,819,4,10,일
2022-04-10,7호선,남성,5683,5478,11161,205,4,10,일
2022-04-10,7호선,숭실대입구(살피재),6171,6662,12833,-491,4,10,일
2022-04-10,7호선,상도,5493,5486,10979,7,4,10,일
2022-04-10,7호선,장승배기,4516,4411,8927,105,4,10,일
2022-04-10,7호선,신대방삼거리,8142,8113,16255,29,4,10,일
2022-04-10,7호선,보라매,4786,4984,9770,-198,4,10,일
2022-04-10,7호선,신풍,6212,5811,12023,401,4,10,일
2022-04-10,7호선,대림(구로구청),6897,6360,13257,537,4,10,일
2022-04-10,7호선,남구로,6577,6323,12900,254,4,10,일
2022-04-10,7호선,가산디지털단지,11517,10517,22034,1000,4,10,일
2022-04-10,7호선,철산,11325,11203,22528,122,4,10,일
2022-04-10,7호선,광명사거리,13071,12835,25906,236,4,10,일
2022-04-10,7호선,천왕,5092,4997,10089,95,4,10,일
2022-04-10,7호선,온수(성공회대입구),4059,4274,8333,-215,4,10,일
2022-04-10,7호선,까치울,1,0,1,1,4,10,일
2022-04-10,8호선,암사,9599,9020,18619,579,4,10,일
2022-04-10,8호선,천호(풍납토성),9396,10845,20241,-1449,4,10,일
2022-04-10,8호선,강동구청,4909,4754,9663,155,4,10,일
2022-04-10,8호선,몽촌토성(평화의문),4997,4687,9684,310,4,10,일
2022-04-10,8호선,잠실(송파구청),17985,19454,37439,-1469,4,10,일
2022-04-10,8호선,석촌,7157,11008,18165,-3851,4,10,일
2022-04-10,8호선,송파,4066,4011,8077,55,4,10,일
2022-04-10,8호선,가락시장,3390,4175,7565,-785,4,10,일
2022-04-10,8호선,문정,6055,6502,12557,-447,4,10,일
2022-04-10,8호선,장지,9732,9983,19715,-251,4,10,일
2022-04-10,8호선,복정,4969,4659,9628,310,4,10,일
2022-04-10,8호선,산성,3566,3696,7262,-130,4,10,일
2022-04-10,8호선,남한산성입구(성남법원.검찰청),7581,6954,14535,627,4,10,일
2022-04-10,8호선,단대오거리,6213,6045,12258,168,4,10,일
2022-04-10,8호선,수진,3330,3048,6378,282,4,10,일
2022-04-10,8호선,모란,3138,2748,5886,390,4,10,일
2022-04-10,8호선,남위례,2674,2771,5445,-97,4,10,일
2022-04-10,9호선,개화,1312,1182,2494,130,4,10,일
2022-04-10,9호선,김포공항,7198,11246,18444,-4048,4,10,일
2022-04-10,9호선,공항시장,1882,2028,3910,-146,4,10,일
2022-04-10,9호선,신방화,3703,3524,7227,179,4,10,일
2022-04-10,9호선,마곡나루(서울식물원),6031,6318,12349,-287,4,10,일
2022-04-10,9호선,양천향교,4440,4670,9110,-230,4,10,일
2022-04-10,9호선,가양,11039,10839,21878,200,4,10,일
2022-04-10,9호선,증미,2767,2728,5495,39,4,10,일
2022-04-10,9호선,등촌,5879,5812,11691,67,4,10,일
2022-04-10,9호선,염창,9717,9231,18948,486,4,10,일
2022-04-10,9호선,신목동,2408,2337,4745,71,4,10,일
2022-04-10,9호선,선유도,4589,4475,9064,114,4,10,일
2022-04-10,9호선,당산,11045,10125,21170,920,4,10,일
2022-04-10,9호선,국회의사당,22751,20588,43339,2163,4,10,일
2022-04-10,9호선,여의도,17398,15889,33287,1509,4,10,일
2022-04-10,9호선,샛강,2799,2787,5586,12,4,10,일
2022-04-10,9호선,노량진,16859,17769,34628,-910,4,10,일
2022-04-10,9호선,흑석(중앙대입구),4703,4766,9469,-63,4,10,일
2022-04-10,9호선,동작(현충원),4238,3413,7651,825,4,10,일
2022-04-10,9호선,구반포,663,641,1304,22,4,10,일
2022-04-10,9호선,신반포,2192,2432,4624,-240,4,10,일
2022-04-10,9호선,고속터미널,12062,16279,28341,-4217,4,10,일
2022-04-10,9호선,사평,1670,1664,3334,6,4,10,일
2022-04-10,9호선,신논현,16736,15887,32623,849,4,10,일
2022-04-10,9호선2~3단계,언주,3929,3894,7823,35,4,10,일
2022-04-10,9호선2~3단계,선정릉,3141,3338,6479,-197,4,10,일
2022-04-10,9호선2~3단계,삼성중앙,2029,2200,4229,-171,4,10,일
2022-04-10,9호선2~3단계,봉은사,7377,7268,14645,109,4,10,일
2022-04-10,9호선2~3단계,종합운동장,2539,2124,4663,415,4,10,일
2022-04-10,9호선2~3단계,삼전,3685,3547,7232,138,4,10,일
2022-04-10,9호선2~3단계,석촌고분,3855,3780,7635,75,4,10,일
2022-04-10,9호선2~3단계,석촌,7900,7856,15756,44,4,10,일
2022-04-10,9호선2~3단계,송파나루,5262,4894,10156,368,4,10,일
2022-04-10,9호선2~3단계,한성백제,2064,1589,3653,475,4,10,일
2022-04-10,9호선2~3단계,올림픽공원(한국체대),6164,6507,12671,-343,4,10,일
2022-04-10,9호선2~3단계,둔촌오륜,497,520,1017,-23,4,10,일
2022-04-10,9호선2~3단계,중앙보훈병원,3722,3463,7185,259,4,10,일
2022-04-10,경강선,판교,2475,2289,4764,186,4,10,일
2022-04-10,경강선,이매,735,573,1308,162,4,10,일
2022-04-10,경강선,삼동,1125,1072,2197,53,4,10,일
2022-04-10,경강선,경기광주,4191,3961,8152,230,4,10,일
2022-04-10,경강선,초월,1815,1685,3500,130,4,10,일
2022-04-10,경강선,곤지암,1604,1755,3359,-151,4,10,일
2022-04-10,경강선,신둔도예촌,1032,1052,2084,-20,4,10,일
2022-04-10,경강선,이천,2205,2498,4703,-293,4,10,일
2022-04-10,경강선,부발,1563,2297,3860,-734,4,10,일
2022-04-10,경강선,세종대왕릉,353,343,696,10,4,10,일
2022-04-10,경강선,여주,2467,2504,4971,-37,4,10,일
2022-04-10,경부선,서울역,8234,1841,10075,6393,4,10,일
2022-04-10,경부선,남영,4093,4568,8661,-475,4,10,일
2022-04-10,경부선,용산,31310,27594,58904,3716,4,10,일
2022-04-10,경부선,노량진,6425,6128,12553,297,4,10,일
2022-04-10,경부선,대방,6624,6922,13546,-298,4,10,일
2022-04-10,경부선,영등포,33936,31028,64964,2908,4,10,일
2022-04-10,경부선,신도림,2600,2583,5183,17,4,10,일
2022-04-10,경부선,신길,5831,5241,11072,590,4,10,일
2022-04-10,경부선,구로,9872,10238,20110,-366,4,10,일
2022-04-10,경부선,가산디지털단지,5255,7043,12298,-1788,4,10,일
2022-04-10,경부선,금천구청,6980,6972,13952,8,4,10,일
2022-04-10,경부선,석수,5451,5428,10879,23,4,10,일
2022-04-10,경부선,관악,5156,4666,9822,490,4,10,일
2022-04-10,경부선,명학,3565,3493,7058,72,4,10,일
2022-04-11,7호선,고속터미널,15428,12774,28202,2654,4,11,월
2022-04-11,7호선,반포,5745,5630,11375,115,4,11,월
2022-04-11,7호선,논현,19972,21466,41438,-1494,4,11,월
2022-04-11,7호선,학동,23664,25018,48682,-1354,4,11,월
2022-04-11,7호선,강남구청,15100,16630,31730,-1530,4,11,월
2022-04-11,7호선,청담,18981,21102,40083,-2121,4,11,월
2022-04-11,7호선,뚝섬유원지,12408,11868,24276,540,4,11,월
2022-04-11,7호선,건대입구,12811,13270,26081,-459,4,11,월
2022-04-11,7호선,어린이대공원(세종대),15765,16350,32115,-585,4,11,월
2022-04-11,7호선,군자(능동),14591,11748,26339,2843,4,11,월
2022-04-11,7호선,중곡,10761,9948,20709,813,4,11,월
2022-04-11,7호선,용마산(용마폭포공원),6089,5886,11975,203,4,11,월
2022-04-11,7호선,사가정,16032,16188,32220,-156,4,11,월
2022-04-11,7호선,면목,16400,15903,32303,497,4,11,월
2022-04-11,7호선,상봉(시외버스터미널),16251,15144,31395,1107,4,11,월
2022-04-11,7호선,중화,10937,10603,21540,334,4,11,월
2022-04-11,7호선,먹골,9934,9628,19562,306,4,11,월
2022-04-11,7호선,태릉입구,8698,8469,17167,229,4,11,월
2022-04-11,7호선,공릉(서울과학기술대),12602,12346,24948,256,4,11,월
2022-04-11,7호선,하계,18052,16860,34912,1192,4,11,월
2022-04-11,7호선,중계,14788,13795,28583,993,4,11,월
2022-04-11,7호선,노원,18342,19371,37713,-1029,4,11,월
2022-04-11,7호선,마들,12766,12074,24840,692,4,11,월
2022-04-11,7호선,수락산,12471,11967,24438,504,4,11,월
2022-04-11,7호선,도봉산,9584,10712,20296,-1128,4,11,월
2022-04-11,7호선,장암,2303,906,3209,1397,4,11,월
2022-04-11,6호선,봉화산(서울의료원),8827,8338,17165,489,4,11,월
2022-04-11,6호선,화랑대(서울여대입구),12261,9584,21845,2677,4,11,월
2022-04-11,6호선,태릉입구,5573,6247,11820,-674,4,11,월
2022-04-11,6호선,석계,12286,13044,25330,-758,4,11,월
2022-04-11,6호선,돌곶이,9843,9366,19209,477,4,11,월
2022-04-11,6호선,상월곡(한국과학기술연구원),6448,5972,12420,476,4,11,월
2022-04-11,6호선,월곡(동덕여대),12707,12391,25098,316,4,11,월
2022-04-11,6호선,고려대(종암),8330,8046,16376,284,4,11,월
2022-04-11,6호선,안암(고대병원앞),13592,13997,27589,-405,4,11,월
2022-04-11,6호선,보문,7115,6570,13685,545,4,11,월
2022-04-11,6호선,창신,3679,3101,6780,578,4,11,월
2022-04-11,6호선,동묘앞,7468,7762,15230,-294,4,11,월
2022-04-11,6호선,신당,7291,7932,15223,-641,4,11,월
2022-04-11,6호선,청구,3714,3968,7682,-254,4,11,월
2022-04-11,6호선,약수,3597,3597,7194,0,4,11,월
2022-04-11,6호선,불광,4124,4163,8287,-39,4,11,월
2022-04-11,6호선,역촌,3701,4352,8053,-651,4,11,월
2022-04-11,6호선,응암,17957,17923,35880,34,4,11,월
2022-04-11,5호선,하남검단산,5709,5512,11221,197,4,11,월
2022-04-11,5호선,하남시청(덕풍·신장),6665,6480,13145,185,4,11,월
2022-04-11,5호선,하남풍산,4264,4215,8479,49,4,11,월
2022-04-11,5호선,미사,15711,15740,31451,-29,4,11,월
2022-04-11,5호선,강일,4137,3921,8058,216,4,11,월
2022-04-11,5호선,마천,7194,6877,14071,317,4,11,월
2022-04-11,5호선,거여,10214,9708,19922,506,4,11,월
2022-04-11,5호선,개롱,6430,6693,13123,-263,4,11,월
2022-04-11,5호선,오금,3744,3769,7513,-25,4,11,월
2022-04-11,5호선,방이,6721,7038,13759,-317,4,11,월
2022-04-11,5호선,올림픽공원(한국체대),4551,4032,8583,519,4,11,월
2022-04-11,5호선,둔촌동,8391,8260,16651,131,4,11,월
2022-04-11,5호선,상일동,15059,13775,28834,1284,4,11,월
2022-04-11,5호선,고덕,9534,9554,19088,-20,4,11,월
2022-04-11,5호선,명일,8621,8814,17435,-193,4,11,월
2022-04-11,5호선,굽은다리(강동구민회관앞),9373,8767,18140,606,4,11,월
2022-04-11,5호선,길동,7932,8193,16125,-261,4,11,월
2022-04-11,5호선,강동,18279,17569,35848,710,4,11,월
2022-04-11,5호선,천호(풍납토성),16766,17058,33824,-292,4,11,월
2022-04-11,5호선,광나루(장신대),13389,12245,25634,1144,4,11,월
2022-04-11,5호선,아차산(어린이대공원후문),15119,14698,29817,421,4,11,월
2022-04-11,5호선,군자(능동),10807,11757,22564,-950,4,11,월
2022-04-11,5호선,장한평,18077,17729,35806,348,4,11,월
2022-04-11,5호선,답십리,15649,14292,29941,1357,4,11,월
2022-04-11,5호선,마장,5684,5341,11025,343,4,11,월
2022-04-11,5호선,왕십리(성동구청),4467,5171,9638,-704,4,11,월
2022-04-11,5호선,행당,8018,7113,15131,905,4,11,월
2022-04-11,5호선,신금호,6501,6816,13317,-315,4,11,월
2022-04-11,5호선,청구,4026,3586,7612,440,4,11,월
2022-04-11,5호선,동대문역사문화공원(DDP),2779,3184,5963,-405,4,11,월
2022-04-11,5호선,을지로4가,6103,6012,12115,91,4,11,월
2022-04-11,5호선,종로3가,10921,11203,22124,-282,4,11,월
2022-04-11,4호선,길음,20899,20883,41782,16,4,11,월
2022-04-11,4호선,미아사거리,27043,26374,53417,669,4,11,월
2022-04-11,4호선,미아(서울사이버대학),15414,14932,30346,482,4,11,월
2022-04-11,4호선,수유(강북구청),33592,33688,67280,-96,4,11,월
2022-04-11,4호선,쌍문,29158,26838,55996,2320,4,11,월
2022-04-11,4호선,창동,24648,25448,50096,-800,4,11,월
2022-04-11,4호선,노원,17973,20164,38137,-2191,4,11,월
2022-04-11,4호선,상계,19292,17854,37146,1438,4,11,월
2022-04-11,4호선,당고개,9109,8047,17156,1062,4,11,월
2022-04-11,3호선,오금,6215,5603,11818,612,4,11,월
2022-04-11,3호선,경찰병원,7464,7365,14829,99,4,11,월
2022-04-11,3호선,가락시장,8787,8765,17552,22,4,11,월
2022-04-11,3호선,수서,16443,17011,33454,-568,4,11,월
2022-04-11,3호선,일원,10561,10117,20678,444,4,11,월
2022-04-11,3호선,대청,10301,9407,19708,894,4,11,월
2022-04-11,3호선,학여울,1805,1796,3601,9,4,11,월
2022-04-11,3호선,대치,10693,10885,21578,-192,4,11,월
2022-04-11,3호선,도곡,5458,5777,11235,-319,4,11,월
2022-04-11,3호선,매봉,12646,12164,24810,482,4,11,월
2022-04-11,3호선,양재(서초구청),37099,40949,78048,-3850,4,11,월
2022-04-11,3호선,남부터미널(예술의전당),27208,28306,55514,-1098,4,11,월
2022-04-11,3호선,교대(법원.검찰청),14187,9407,23594,4780,4,11,월
2022-04-11,3호선,고속터미널,37321,35812,73133,1509,4,11,월
2022-04-11,3호선,잠원,4858,4623,9481,235,4,11,월
2022-04-11,3호선,신사,28280,29661,57941,-1381,4,11,월
2022-04-11,3호선,압구정,29649,31684,61333,-2035,4,11,월
2022-04-11,3호선,옥수,8539,8828,17367,-289,4,11,월
2022-04-11,3호선,약수,12570,12360,24930,210,4,11,월
2022-04-11,3호선,동대입구,9558,10577,20135,-1019,4,11,월
2022-04-11,3호선,충무로,1,0,1,1,4,11,월
2022-04-11,3호선,을지로3가,10130,10346,20476,-216,4,11,월
2022-04-11,3호선,종로3가,9591,10951,20542,-1360,4,11,월
2022-04-11,3호선,안국,19718,20298,40016,-580,4,11,월
2022-04-11,3호선,경복궁(정부서울청사),20980,21014,41994,-34,4,11,월
2022-04-11,3호선,독립문,6882,7220,14102,-338,4,11,월
2022-04-11,3호선,무악재,3894,4080,7974,-186,4,11,월
2022-04-11,3호선,홍제,17878,17060,34938,818,4,11,월
2022-04-11,3호선,녹번,15643,13992,29635,1651,4,11,월
2022-04-11,3호선,불광,15769,16685,32454,-916,4,11,월
2022-04-11,3호선,연신내,35884,33896,69780,1988,4,11,월
2022-04-11,3호선,구파발,20494,19441,39935,1053,4,11,월
2022-04-11,3호선,지축,4918,4656,9574,262,4,11,월
2022-04-11,2호선,용두(동대문구청),2340,2400,4740,-60,4,11,월
2022-04-11,2호선,신정네거리,10105,10188,20293,-83,4,11,월
2022-04-11,2호선,양천구청,6715,6893,13608,-178,4,11,월
2022-04-11,2호선,도림천,1604,1705,3309,-101,4,11,월
2022-04-11,2호선,구로디지털단지,57947,57844,115791,103,4,11,월
2022-04-11,2호선,신대방,26666,26026,52692,640,4,11,월
2022-04-11,2호선,신림,61145,59054,120199,2091,4,11,월
2022-04-11,2호선,봉천,23472,21711,45183,1761,4,11,월
2022-04-11,2호선,서울대입구(관악구청),46668,46275,92943,393,4,11,월
2022-04-11,2호선,낙성대(강감찬),26470,26341,52811,129,4,11,월
2022-04-11,2호선,사당,34295,38415,72710,-4120,4,11,월
2022-04-11,2호선,방배,18818,19476,38294,-658,4,11,월
2022-04-11,2호선,서초,20862,20014,40876,848,4,11,월
2022-04-11,2호선,교대(법원.검찰청),32920,37073,69993,-4153,4,11,월
2022-04-11,2호선,강남,77999,77552,155551,447,4,11,월
2022-04-11,2호선,역삼,50824,57008,107832,-6184,4,11,월
2022-04-11,2호선,선릉,55569,49564,105133,6005,4,11,월
2022-04-11,2호선,삼성(무역센터),45756,46763,92519,-1007,4,11,월
2022-04-11,2호선,종합운동장,6899,7690,14589,-791,4,11,월
2022-04-11,2호선,잠실새내,20866,20385,41251,481,4,11,월
2022-04-11,2호선,잠실(송파구청),80428,80550,160978,-122,4,11,월
2022-04-11,2호선,잠실나루,14715,14544,29259,171,4,11,월
2022-04-11,2호선,강변(동서울터미널),29111,28005,57116,1106,4,11,월
2022-04-11,2호선,구의(광진구청),23217,23020,46237,197,4,11,월
2022-04-11,2호선,건대입구,34428,36947,71375,-2519,4,11,월
2022-04-11,2호선,성수,35798,39080,74878,-3282,4,11,월
2022-04-11,2호선,뚝섬,22616,24227,46843,-1611,4,11,월
2022-04-11,2호선,한양대,14822,16609,31431,-1787,4,11,월
2022-04-11,2호선,왕십리(성동구청),16182,12643,28825,3539,4,11,월
2022-04-11,2호선,상왕십리,13889,13610,27499,279,4,11,월
2022-04-11,2호선,신당,13417,13763,27180,-346,4,11,월
2022-04-11,2호선,동대문역사문화공원(DDP),11126,12470,23596,-1344,4,11,월
2022-04-11,2호선,을지로4가,12530,12494,25024,36,4,11,월
2022-04-11,2호선,을지로3가,21292,21438,42730,-146,4,11,월
2022-04-11,2호선,을지로입구,36441,37946,74387,-1505,4,11,월
2022-04-11,2호선,시청,22330,21835,44165,495,4,11,월
2022-04-11,1호선,동묘앞,7508,7802,15310,-294,4,11,월
2022-04-11,1호선,청량리(서울시립대입구),19353,18786,38139,567,4,11,월
2022-04-11,1호선,제기동,16767,17254,34021,-487,4,11,월
2022-04-11,1호선,신설동,13550,13159,26709,391,4,11,월
2022-04-11,1호선,동대문,10718,10028,20746,690,4,11,월
2022-04-11,1호선,종로5가,21860,21947,43807,-87,4,11,월
2022-04-11,1호선,종로3가,23844,21452,45296,2392,4,11,월
2022-04-11,1호선,종각,31970,31458,63428,512,4,11,월
2022-04-11,1호선,시청,21273,21609,42882,-336,4,11,월
2022-04-11,1호선,서울역,40811,39414,80225,1397,4,11,월
2022-04-11,2호선,문래,21489,21830,43319,-341,4,11,월
2022-04-11,2호선,영등포구청,21961,22816,44777,-855,4,11,월
2022-04-11,2호선,당산,19019,21945,40964,-2926,4,11,월
2022-04-11,2호선,합정,28754,30055,58809,-1301,4,11,월
2022-04-11,2호선,홍대입구,46880,48722,95602,-1842,4,11,월
2022-04-11,2호선,신촌,30840,31311,62151,-471,4,11,월
2022-04-11,2호선,이대,13589,14601,28190,-1012,4,11,월
2022-04-11,2호선,아현,10237,9719,19956,518,4,11,월
2022-04-11,2호선,충정로(경기대입구),9728,10413,20141,-685,4,11,월
2022-04-11,2호선,용답,3255,3443,6698,-188,4,11,월
2022-04-11,2호선,신답,1631,1899,3530,-268,4,11,월
2022-04-11,2호선,신설동,3222,1734,4956,1488,4,11,월
2022-04-11,경의선,신촌,885,1149,2034,-264,4,11,월
2022-04-11,경의선,서울역,4410,5624,10034,-1214,4,11,월
2022-04-11,경원선,소요산,3004,2572,5576,432,4,11,월
2022-04-11,경원선,동두천,2747,3059,5806,-312,4,11,월
2022-04-11,경원선,보산,1572,1374,2946,198,4,11,월
2022-04-11,경원선,동두천중앙,3350,3183,6533,167,4,11,월
2022-04-11,경원선,지행,6896,6806,13702,90,4,11,월
2022-04-11,경원선,덕정,6579,6365,12944,214,4,11,월
2022-04-11,경원선,덕계,3477,3147,6624,330,4,11,월
2022-04-11,경원선,양주,8262,7772,16034,490,4,11,월
2022-04-11,경원선,녹양,4815,4439,9254,376,4,11,월
2022-04-11,분당선,선정릉,7852,8553,16405,-701,4,11,월
2022-04-11,경의선,공덕,3344,3073,6417,271,4,11,월
2022-04-11,분당선,가천대,10023,11217,21240,-1194,4,11,월
2022-04-11,2호선,대림(구로구청),23927,24304,48231,-377,4,11,월
2022-04-11,2호선,신도림,45596,45468,91064,128,4,11,월
2022-04-11,분당선,태평,13204,12697,25901,507,4,11,월
2022-04-11,경춘선,굴봉산,155,154,309,1,4,11,월
2022-04-11,분당선,모란,19541,19810,39351,-269,4,11,월
2022-04-11,분당선,야탑,25072,26297,51369,-1225,4,11,월
2022-04-11,분당선,서현,22814,23128,45942,-314,4,11,월
2022-04-11,분당선,수내,12923,12849,25772,74,4,11,월
2022-04-11,분당선,정자,16623,17539,34162,-916,4,11,월
2022-04-11,분당선,미금,15135,15993,31128,-858,4,11,월
2022-04-11,분당선,오리,11535,9312,20847,2223,4,11,월
2022-04-11,분당선,이매,5715,5351,11066,364,4,11,월
2022-04-11,분당선,보정,2625,2259,4884,366,4,11,월
2022-04-11,분당선,죽전,12985,14401,27386,-1416,4,11,월
2022-04-11,분당선,구성,5105,5326,10431,-221,4,11,월
2022-04-11,분당선,신갈,4445,4512,8957,-67,4,11,월
2022-04-11,분당선,기흥,10056,9288,19344,768,4,11,월
2022-04-11,분당선,상갈,5277,5093,10370,184,4,11,월
2022-04-11,분당선,청명,4298,4169,8467,129,4,11,월
2022-04-11,분당선,영통,7915,8202,16117,-287,4,11,월
2022-04-11,분당선,망포,14180,13473,27653,707,4,11,월
2022-04-11,분당선,매탄권선,5120,4934,10054,186,4,11,월
2022-04-11,분당선,수원시청,12161,12692,24853,-531,4,11,월
2022-04-11,분당선,매교,3237,3243,6480,-6,4,11,월
2022-04-11,수인선,고색,5095,5023,10118,72,4,11,월
2022-04-11,수인선,오목천,3508,3283,6791,225,4,11,월
2022-04-11,수인선,어천,701,753,1454,-52,4,11,월
2022-04-11,수인선,야목,408,296,704,112,4,11,월
2022-04-11,수인선,사리,4982,4335,9317,647,4,11,월
2022-04-11,수인선,인천,1067,1778,2845,-711,4,11,월
2022-04-11,안산선,산본,15911,16964,32875,-1053,4,11,월
2022-04-11,안산선,대야미,5231,4791,10022,440,4,11,월
2022-04-11,안산선,반월,4466,4291,8757,175,4,11,월
2022-04-11,안산선,상록수,16691,16948,33639,-257,4,11,월
2022-04-11,안산선,한대앞,10558,10725,21283,-167,4,11,월
2022-04-11,안산선,중앙,17953,18574,36527,-621,4,11,월
2022-04-11,안산선,고잔,9122,8661,17783,461,4,11,월
2022-04-11,안산선,초지,5377,5790,11167,-413,4,11,월
2022-04-11,안산선,안산,11964,10651,22615,1313,4,11,월
2022-04-11,안산선,신길온천,1885,1674,3559,211,4,11,월
2022-04-11,안산선,정왕,10286,10943,21229,-657,4,11,월
2022-04-11,안산선,오이도,8725,8364,17089,361,4,11,월
2022-04-11,안산선,수리산,4471,3616,8087,855,4,11,월
2022-04-11,우이신설선,북한산우이,2722,2478,5200,244,4,11,월
2022-04-11,수인선,달월,111,66,177,45,4,11,월
2022-04-11,수인선,월곶,2721,2562,5283,159,4,11,월
2022-04-11,수인선,소래포구,5383,4986,10369,397,4,11,월
2022-04-11,수인선,인천논현,5749,6120,11869,-371,4,11,월
2022-04-11,수인선,호구포,4109,4360,8469,-251,4,11,월
2022-04-11,수인선,남동인더스파크,2209,2585,4794,-376,4,11,월
2022-04-11,수인선,원인재,4704,4989,9693,-285,4,11,월
2022-04-11,수인선,연수,4617,4431,9048,186,4,11,월
2022-04-11,수인선,송도,2620,2349,4969,271,4,11,월
2022-04-11,수인선,인하대,7224,6988,14212,236,4,11,월
2022-04-11,수인선,숭의,4128,3768,7896,360,4,11,월
2022-04-11,수인선,신포,1831,1815,3646,16,4,11,월
2022-04-11,경의선,서강대,2188,2156,4344,32,4,11,월
2022-04-11,경의선,홍대입구,1579,1750,3329,-171,4,11,월
2022-04-11,경의선,가좌,5589,5383,10972,206,4,11,월
2022-04-11,중앙선,지평,77,93,170,-16,4,11,월
2022-04-11,중앙선,용문,1854,1740,3594,114,4,11,월
2022-04-11,중앙선,원덕,521,443,964,78,4,11,월
2022-04-11,중앙선,양평,2918,3012,5930,-94,4,11,월
2022-04-11,중앙선,오빈,341,311,652,30,4,11,월
2022-04-11,중앙선,아신,582,592,1174,-10,4,11,월
2022-04-11,중앙선,국수,873,835,1708,38,4,11,월
2022-04-11,중앙선,신원,260,241,501,19,4,11,월
2022-04-11,중앙선,양수,2001,2033,4034,-32,4,11,월
2022-04-11,중앙선,운길산,928,865,1793,63,4,11,월
2022-04-11,중앙선,팔당,911,898,1809,13,4,11,월
2022-04-11,중앙선,도심,2520,2029,4549,491,4,11,월
2022-04-11,중앙선,덕소,5670,5705,11375,-35,4,11,월
2022-04-11,중앙선,양정,748,645,1393,103,4,11,월
2022-04-11,중앙선,도농,10897,9742,20639,1155,4,11,월
2022-04-11,중앙선,구리,13331,13506,26837,-175,4,11,월
2022-04-11,중앙선,양원,3042,2948,5990,94,4,11,월
2022-04-11,중앙선,망우,7670,7676,15346,-6,4,11,월
2022-04-11,중앙선,상봉(시외버스터미널),5751,5681,11432,70,4,11,월
2022-04-11,중앙선,중랑,5673,5441,11114,232,4,11,월
2022-04-11,중앙선,회기,25561,25196,50757,365,4,11,월
2022-04-11,장항선,신창(순천향대),2653,3186,5839,-533,4,11,월
2022-04-11,장항선,온양온천,3818,3897,7715,-79,4,11,월
2022-04-11,장항선,배방,1140,1172,2312,-32,4,11,월
2022-04-11,장항선,탕정,824,691,1515,133,4,11,월
2022-04-11,장항선,아산,4009,3413,7422,596,4,11,월
2022-04-11,장항선,쌍용(나사렛대),3017,3093,6110,-76,4,11,월
2022-04-11,장항선,봉명,1268,1228,2496,40,4,11,월
2022-04-11,일산선,대화,12643,9991,22634,2652,4,11,월
2022-04-11,일산선,주엽,9155,9050,18205,105,4,11,월
2022-04-11,경의선,디지털미디어시티,2569,2410,4979,159,4,11,월
2022-04-11,경원선,도봉산,7767,5087,12854,2680,4,11,월
2022-04-11,경원선,도봉,5975,5700,11675,275,4,11,월
2022-04-11,경원선,방학,9809,9663,19472,146,4,11,월
2022-04-11,경원선,녹천,4876,4022,8898,854,4,11,월
2022-04-11,경원선,월계,8461,7944,16405,517,4,11,월
2022-04-11,경원선,광운대,9164,9159,18323,5,4,11,월
2022-04-11,경원선,석계,8334,9136,17470,-802,4,11,월
2022-04-11,경원선,신이문,8440,7801,16241,639,4,11,월
2022-04-11,경원선,외대앞,8384,8576,16960,-192,4,11,월
2022-04-11,경원선,청량리(서울시립대입구),14234,15287,29521,-1053,4,11,월
2022-04-11,경원선,왕십리(성동구청),13933,15334,29267,-1401,4,11,월
2022-04-11,경원선,응봉,2058,1909,3967,149,4,11,월
2022-04-11,경원선,옥수,61,48,109,13,4,11,월
2022-04-11,경원선,한남,4040,3848,7888,192,4,11,월
2022-04-11,경원선,서빙고,1955,1716,3671,239,4,11,월
2022-04-11,경원선,이촌(국립중앙박물관),3679,2815,6494,864,4,11,월
2022-04-11,경부선,광명,3386,2802,6188,584,4,11,월
2022-04-11,경부선,서동탄,1456,1247,2703,209,4,11,월
2022-04-11,경부선,당정,6834,6457,13291,377,4,11,월
2022-04-11,경부선,천안,6718,6474,13192,244,4,11,월
2022-04-11,경부선,두정,7302,8465,15767,-1163,4,11,월
2022-04-11,경부선,직산,825,827,1652,-2,4,11,월
2022-04-11,경부선,성환,5332,5547,10879,-215,4,11,월
2022-04-11,경부선,평택,13072,13246,26318,-174,4,11,월
2022-04-11,경부선,평택지제,3664,3450,7114,214,4,11,월
2022-04-11,경부선,서정리,7609,7416,15025,193,4,11,월
2022-04-11,경부선,송탄,4391,4238,8629,153,4,11,월
2022-04-11,경부선,진위,1787,1588,3375,199,4,11,월
2022-04-11,경부선,오산,10192,10349,20541,-157,4,11,월
2022-04-11,경부선,오산대,4007,3747,7754,260,4,11,월
2022-04-11,경부선,세마,2850,2686,5536,164,4,11,월
2022-04-11,경부선,병점,15876,15643,31519,233,4,11,월
2022-04-11,경의선,수색,2883,3043,5926,-160,4,11,월
2022-04-11,8호선,남한산성입구(성남법원.검찰청),15512,14529,30041,983,4,11,월
2022-04-11,8호선,산성,5456,5558,11014,-102,4,11,월
2022-04-11,경의선,화전,3634,3428,7062,206,4,11,월
2022-04-11,경의선,강매,3412,2992,6404,420,4,11,월
2022-04-11,경의선,행신,8029,8051,16080,-22,4,11,월
2022-04-11,경의선,능곡,3887,3605,7492,282,4,11,월
2022-04-11,경의선,곡산,685,710,1395,-25,4,11,월
2022-04-11,경의선,백마,7266,6968,14234,298,4,11,월
2022-04-11,경의선,풍산,5681,5296,10977,385,4,11,월
2022-04-11,분당선,압구정로데오,15968,17609,33577,-1641,4,11,월
2022-04-11,분당선,서울숲,14014,14911,28925,-897,4,11,월
2022-04-11,분당선,수원,8101,6646,14747,1455,4,11,월
2022-04-11,분당선,수서,13477,13344,26821,133,4,11,월
2022-04-11,분당선,대모산입구,4580,4277,8857,303,4,11,월
2022-04-11,분당선,개포동,3864,3909,7773,-45,4,11,월
2022-04-11,분당선,구룡,2359,2295,4654,64,4,11,월
2022-04-11,분당선,도곡,7227,7223,14450,4,4,11,월
2022-04-11,분당선,한티,13647,14833,28480,-1186,4,11,월
2022-04-11,분당선,선릉,13083,19891,32974,-6808,4,11,월
2022-04-11,과천선,범계,25625,25580,51205,45,4,11,월
2022-04-11,과천선,평촌,18058,17595,35653,463,4,11,월
2022-04-11,과천선,인덕원,24377,25069,49446,-692,4,11,월
2022-04-11,과천선,정부과천청사,10752,10565,21317,187,4,11,월
2022-04-11,과천선,과천,6423,5855,12278,568,4,11,월
2022-04-11,과천선,대공원,6682,6901,13583,-219,4,11,월
2022-04-11,과천선,경마공원,1363,1361,2724,2,4,11,월
2022-04-11,과천선,선바위,8441,7552,15993,889,4,11,월
2022-04-11,공항철도 1호선,영종,3121,3045,6166,76,4,11,월
2022-04-11,공항철도 1호선,인천공항2터미널,2606,2156,4762,450,4,11,월
2022-04-11,공항철도 1호선,인천공항1터미널,4192,4002,8194,190,4,11,월
2022-04-11,공항철도 1호선,공항화물청사,2208,2413,4621,-205,4,11,월
2022-04-11,공항철도 1호선,운서,6830,6841,13671,-11,4,11,월
2022-04-11,공항철도 1호선,청라국제도시,7043,6665,13708,378,4,11,월
2022-04-11,공항철도 1호선,검암,6581,6550,13131,31,4,11,월
2022-04-11,공항철도 1호선,계양,10763,10098,20861,665,4,11,월
2022-04-11,공항철도 1호선,김포공항,11758,6722,18480,5036,4,11,월
2022-04-11,공항철도 1호선,마곡나루(서울식물원),8853,8500,17353,353,4,11,월
2022-04-11,공항철도 1호선,디지털미디어시티,13683,12759,26442,924,4,11,월
2022-04-11,공항철도 1호선,홍대입구,8546,8763,17309,-217,4,11,월
2022-04-11,공항철도 1호선,공덕,2155,2712,4867,-557,4,11,월
2022-04-11,공항철도 1호선,서울역,7338,7050,14388,288,4,11,월
2022-04-11,경춘선,춘천,1520,1551,3071,-31,4,11,월
2022-04-11,경춘선,남춘천,2501,2771,5272,-270,4,11,월
2022-04-11,경춘선,김유정,304,302,606,2,4,11,월
2022-04-11,경춘선,강촌,424,410,834,14,4,11,월
2022-04-11,경춘선,백양리,91,77,168,14,4,11,월
2022-04-11,경춘선,가평,1616,1529,3145,87,4,11,월
2022-04-11,경춘선,상천,344,299,643,45,4,11,월
2022-04-11,경춘선,청평,1786,1651,3437,135,4,11,월
2022-04-11,경춘선,대성리,875,826,1701,49,4,11,월
2022-04-11,경춘선,마석,4279,4195,8474,84,4,11,월
2022-04-11,경춘선,천마산,1738,1609,3347,129,4,11,월
2022-04-11,경춘선,평내호평,6663,6453,13116,210,4,11,월
2022-04-11,경춘선,금곡,1570,1521,3091,49,4,11,월
2022-04-11,경춘선,사릉,2658,2502,5160,156,4,11,월
2022-04-11,경춘선,퇴계원,3631,3313,6944,318,4,11,월
2022-04-11,경춘선,별내,3343,3032,6375,311,4,11,월
2022-04-11,경춘선,갈매,3136,2723,5859,413,4,11,월
2022-04-11,경춘선,신내,2309,2140,4449,169,4,11,월
2022-04-11,경인선,도화,4293,3851,8144,442,4,11,월
2022-04-11,경인선,중동,9727,8966,18693,761,4,11,월
2022-04-11,경인선,온수(성공회대입구),7196,6925,14121,271,4,11,월
2022-04-11,경인선,도원,3302,3215,6517,87,4,11,월
2022-04-11,경인선,간석,5999,5721,11720,278,4,11,월
2022-04-11,경인선,부개,8811,8106,16917,705,4,11,월
2022-04-11,경인선,소사,9430,8939,18369,491,4,11,월
2022-04-11,경인선,구일,7624,7653,15277,-29,4,11,월
2022-04-11,경인선,인천,3702,2920,6622,782,4,11,월
2022-04-11,경인선,동인천,13764,12983,26747,781,4,11,월
2022-04-11,경인선,제물포,11260,10752,22012,508,4,11,월
2022-04-11,경인선,주안,19602,17983,37585,1619,4,11,월
2022-04-11,경인선,동암,14671,14405,29076,266,4,11,월
2022-04-11,경인선,백운,7134,7058,14192,76,4,11,월
2022-04-11,경인선,부평,27971,30038,58009,-2067,4,11,월
2022-04-11,경인선,송내,27636,27561,55197,75,4,11,월
2022-04-11,경인선,부천,32004,32116,64120,-112,4,11,월
2022-04-11,경인선,역곡,28683,28071,56754,612,4,11,월
2022-04-11,경인선,오류동,12287,11345,23632,942,4,11,월
2022-04-11,경인선,개봉,21398,21016,42414,382,4,11,월
2022-04-11,경의선,임진강,11,10,21,1,4,11,월
2022-04-11,경의선,문산,5150,5206,10356,-56,4,11,월
2022-04-11,경의선,파주,1778,1360,3138,418,4,11,월
2022-04-11,경의선,월롱,2947,2958,5905,-11,4,11,월
2022-04-11,경의선,금촌,6841,6712,13553,129,4,11,월
2022-04-11,경의선,금릉,4965,4794,9759,171,4,11,월
2022-04-11,경의선,운정,7248,6712,13960,536,4,11,월
2022-04-11,경의선,야당,7624,7316,14940,308,4,11,월
2022-04-11,경의선,탄현,8016,7573,15589,443,4,11,월
2022-04-11,경의선,일산,9871,9679,19550,192,4,11,월
2022-04-11,경원선,가능,7020,6714,13734,306,4,11,월
2022-04-11,경원선,의정부,17711,18171,35882,-460,4,11,월
2022-04-11,경원선,회룡,12997,13036,26033,-39,4,11,월
2022-04-11,경원선,망월사,9701,9915,19616,-214,4,11,월
2022-04-11,경부선,세류,3052,2771,5823,281,4,11,월
2022-04-11,경부선,독산,18860,19423,38283,-563,4,11,월
2022-04-11,경부선,수원,34499,36780,71279,-2281,4,11,월
2022-04-11,경부선,화서,8454,8129,16583,325,4,11,월
2022-04-11,경부선,성균관대,14993,14951,29944,42,4,11,월
2022-04-11,경부선,의왕,9350,9371,18721,-21,4,11,월
2022-04-11,경부선,군포,7723,7797,15520,-74,4,11,월
2022-04-11,경부선,금정,26979,27424,54403,-445,4,11,월
2022-04-11,경부선,명학,10394,10269,20663,125,4,11,월
2022-04-11,경부선,안양,26199,25829,52028,370,4,11,월
2022-04-11,경부선,관악,7382,6811,14193,571,4,11,월
2022-04-11,경부선,석수,9874,8932,18806,942,4,11,월
2022-04-11,경부선,금천구청,12123,12062,24185,61,4,11,월
2022-04-11,경부선,가산디지털단지,18908,21660,40568,-2752,4,11,월
2022-04-11,경부선,구로,18432,18534,36966,-102,4,11,월
2022-04-11,경부선,신길,9218,7894,17112,1324,4,11,월
2022-04-11,경부선,신도림,4079,4231,8310,-152,4,11,월
2022-04-11,경부선,영등포,34896,35684,70580,-788,4,11,월
2022-04-11,경부선,대방,13236,13605,26841,-369,4,11,월
2022-04-11,경부선,노량진,7901,8166,16067,-265,4,11,월
2022-04-11,경부선,용산,30135,30640,60775,-505,4,11,월
2022-04-11,경부선,남영,9211,9965,19176,-754,4,11,월
2022-04-11,경부선,서울역,6164,1919,8083,4245,4,11,월
2022-04-11,경강선,여주,2454,2484,4938,-30,4,11,월
2022-04-11,경강선,세종대왕릉,351,356,707,-5,4,11,월
2022-04-11,경강선,부발,1968,2149,4117,-181,4,11,월
2022-04-11,경강선,이천,2560,2661,5221,-101,4,11,월
2022-04-11,경강선,신둔도예촌,1607,1525,3132,82,4,11,월
2022-04-11,경강선,곤지암,2275,2222,4497,53,4,11,월
2022-04-11,경강선,초월,3124,3031,6155,93,4,11,월
2022-04-11,경강선,경기광주,7738,7351,15089,387,4,11,월
2022-04-11,경강선,삼동,2436,2225,4661,211,4,11,월
2022-04-11,경강선,이매,1169,1004,2173,165,4,11,월
2022-04-11,경강선,판교,4620,4475,9095,145,4,11,월
2022-04-11,9호선2~3단계,중앙보훈병원,11118,9853,20971,1265,4,11,월
2022-04-11,9호선2~3단계,둔촌오륜,1190,1101,2291,89,4,11,월
2022-04-11,9호선2~3단계,올림픽공원(한국체대),6069,6153,12222,-84,4,11,월
2022-04-11,9호선2~3단계,한성백제,2604,2304,4908,300,4,11,월
2022-04-11,9호선2~3단계,송파나루,5228,5450,10678,-222,4,11,월
2022-04-11,우이신설선,솔밭공원,2511,2448,4959,63,4,11,월
2022-04-11,9호선2~3단계,석촌,9227,8690,17917,537,4,11,월
2022-04-11,9호선2~3단계,석촌고분,6069,5914,11983,155,4,11,월
2022-04-11,9호선2~3단계,삼전,6680,6347,13027,333,4,11,월
2022-04-11,9호선2~3단계,종합운동장,4052,4197,8249,-145,4,11,월
2022-04-11,9호선2~3단계,봉은사,14584,14755,29339,-171,4,11,월
2022-04-11,9호선2~3단계,삼성중앙,6726,6984,13710,-258,4,11,월
2022-04-11,9호선2~3단계,선정릉,9493,10478,19971,-985,4,11,월
2022-04-11,9호선2~3단계,언주,10207,10493,20700,-286,4,11,월
2022-04-11,9호선,신논현,29815,29477,59292,338,4,11,월
2022-04-11,9호선,사평,3451,3417,6868,34,4,11,월
2022-04-11,9호선,고속터미널,12080,14567,26647,-2487,4,11,월
2022-04-11,9호선,신반포,3537,3488,7025,49,4,11,월
2022-04-11,9호선,구반포,1260,1352,2612,-92,4,11,월
2022-04-11,9호선,동작(현충원),3180,2600,5780,580,4,11,월
2022-04-11,9호선,흑석(중앙대입구),9483,9512,18995,-29,4,11,월
2022-04-11,9호선,노들,4597,3783,8380,814,4,11,월
2022-04-11,9호선,노량진,26072,25574,51646,498,4,11,월
2022-04-11,9호선,샛강,6073,6484,12557,-411,4,11,월
2022-04-11,9호선,여의도,28928,28920,57848,8,4,11,월
2022-04-11,3호선,금호,7594,7146,14740,448,4,11,월
2022-04-11,9호선,국회의사당,23019,22768,45787,251,4,11,월
2022-04-11,9호선,당산,18319,17960,36279,359,4,11,월
2022-04-11,9호선,선유도,9114,8696,17810,418,4,11,월
2022-04-11,9호선,신목동,4288,3867,8155,421,4,11,월
2022-04-11,9호선,염창,17302,16555,33857,747,4,11,월
2022-04-11,4호선,성신여대입구(돈암),20289,19201,39490,1088,4,11,월
2022-04-11,4호선,한성대입구(삼선교),13868,13725,27593,143,4,11,월
2022-04-11,4호선,혜화,28812,29235,58047,-423,4,11,월
2022-04-11,4호선,동대문,19524,19983,39507,-459,4,11,월
2022-04-11,4호선,동대문역사문화공원(DDP),13613,12639,26252,974,4,11,월
2022-04-11,4호선,충무로,28516,29232,57748,-716,4,11,월
2022-04-11,4호선,명동,19496,19878,39374,-382,4,11,월
2022-04-11,4호선,회현(남대문시장),23968,25327,49295,-1359,4,11,월
2022-04-11,4호선,서울역,10676,15197,25873,-4521,4,11,월
2022-04-11,4호선,숙대입구(갈월),13623,12936,26559,687,4,11,월
2022-04-11,4호선,삼각지,4557,4998,9555,-441,4,11,월
2022-04-11,4호선,신용산,15012,15857,30869,-845,4,11,월
2022-04-11,4호선,이촌(국립중앙박물관),6799,7727,14526,-928,4,11,월
2022-04-11,4호선,동작(현충원),2188,2571,4759,-383,4,11,월
2022-04-11,4호선,총신대입구(이수),18559,19840,38399,-1281,4,11,월
2022-04-11,4호선,사당,24166,20003,44169,4163,4,11,월
2022-04-11,4호선,남태령,1234,1042,2276,192,4,11,월
2022-04-11,5호선,방화,6696,6513,13209,183,4,11,월
2022-04-11,5호선,개화산,5569,5296,10865,273,4,11,월
2022-04-11,5호선,김포공항,6714,6572,13286,142,4,11,월
2022-04-11,5호선,송정,6536,6026,12562,510,4,11,월
2022-04-11,5호선,마곡,10617,10633,21250,-16,4,11,월
2022-04-11,5호선,발산,19878,20491,40369,-613,4,11,월
2022-04-11,5호선,우장산,15021,14516,29537,505,4,11,월
2022-04-11,9호선,등촌,11464,11001,22465,463,4,11,월
2022-04-11,9호선,증미,7477,7291,14768,186,4,11,월
2022-04-11,9호선,가양,20905,20025,40930,880,4,11,월
2022-04-11,9호선,양천향교,10103,10315,20418,-212,4,11,월
2022-04-11,9호선,마곡나루(서울식물원),11739,11925,23664,-186,4,11,월
2022-04-11,9호선,신방화,6864,6677,13541,187,4,11,월
2022-04-11,9호선,공항시장,2973,3211,6184,-238,4,11,월
2022-04-11,9호선,김포공항,6950,9692,16642,-2742,4,11,월
2022-04-11,9호선,개화,2602,1864,4466,738,4,11,월
2022-04-11,8호선,남위례,4659,4949,9608,-290,4,11,월
2022-04-11,8호선,모란,4580,3557,8137,1023,4,11,월
2022-04-11,8호선,수진,5446,4964,10410,482,4,11,월
2022-04-11,8호선,신흥,4125,4451,8576,-326,4,11,월
2022-04-11,8호선,단대오거리,11448,10908,22356,540,4,11,월
2022-04-11,8호선,복정,9869,8177,18046,1692,4,11,월
2022-04-11,8호선,장지,16660,16133,32793,527,4,11,월
2022-04-11,8호선,문정,21692,22938,44630,-1246,4,11,월
2022-04-11,8호선,가락시장,7558,8197,15755,-639,4,11,월
2022-04-11,8호선,송파,8033,7863,15896,170,4,11,월
2022-04-11,8호선,석촌,8497,10503,19000,-2006,4,11,월
2022-04-11,8호선,잠실(송파구청),15614,18408,34022,-2794,4,11,월
2022-04-11,8호선,몽촌토성(평화의문),6337,6270,12607,67,4,11,월
2022-04-11,8호선,강동구청,10321,10605,20926,-284,4,11,월
2022-04-11,8호선,천호(풍납토성),14049,16001,30050,-1952,4,11,월
2022-04-11,8호선,암사,18682,16415,35097,2267,4,11,월
2022-04-11,7호선,온수(성공회대입구),11078,10387,21465,691,4,11,월
2022-04-11,7호선,천왕,11543,10888,22431,655,4,11,월
2022-04-11,7호선,광명사거리,21757,21286,43043,471,4,11,월
2022-04-11,7호선,철산,20759,21118,41877,-359,4,11,월
2022-04-11,7호선,가산디지털단지,44955,45619,90574,-664,4,11,월
2022-04-11,7호선,남구로,15884,16455,32339,-571,4,11,월
2022-04-11,7호선,대림(구로구청),7633,7573,15206,60,4,11,월
2022-04-11,7호선,신풍,11630,11020,22650,610,4,11,월
2022-04-11,분당선,강남구청,9650,11137,20787,-1487,4,11,월
2022-04-11,7호선,보라매,9838,9903,19741,-65,4,11,월
2022-04-11,7호선,신대방삼거리,16565,15867,32432,698,4,11,월
2022-04-11,7호선,장승배기,9000,8598,17598,402,4,11,월
2022-04-11,경의선,효창공원앞,3007,3305,6312,-298,4,11,월
2022-04-11,5호선,화곡,28411,26633,55044,1778,4,11,월
2022-04-11,5호선,까치산,28722,27135,55857,1587,4,11,월
2022-04-11,5호선,신정(은행정),13925,11333,25258,2592,4,11,월
2022-04-11,5호선,목동,16614,17863,34477,-1249,4,11,월
2022-04-11,5호선,오목교(목동운동장앞),20276,21961,42237,-1685,4,11,월
2022-04-11,5호선,양평,7723,7655,15378,68,4,11,월
2022-04-11,5호선,영등포구청,4081,4182,8263,-101,4,11,월
2022-04-11,5호선,영등포시장,9934,10032,19966,-98,4,11,월
2022-04-11,5호선,신길,4274,4486,8760,-212,4,11,월
2022-04-11,5호선,여의도,29509,32437,61946,-2928,4,11,월
2022-04-11,5호선,여의나루,26115,29020,55135,-2905,4,11,월
2022-04-11,5호선,마포,14429,14779,29208,-350,4,11,월
2022-04-11,5호선,공덕,13999,14842,28841,-843,4,11,월
2022-04-11,5호선,애오개,6736,6756,13492,-20,4,11,월
2022-04-11,5호선,충정로(경기대입구),4753,4850,9603,-97,4,11,월
2022-04-11,5호선,서대문,19894,19973,39867,-79,4,11,월
2022-04-11,5호선,광화문(세종문화회관),28105,29188,57293,-1083,4,11,월
2022-04-11,6호선,독바위,2730,2901,5631,-171,4,11,월
2022-04-11,6호선,연신내,1,0,1,1,4,11,월
2022-04-11,6호선,구산,7814,5705,13519,2109,4,11,월
2022-04-11,6호선,새절(신사),13624,13015,26639,609,4,11,월
2022-04-11,6호선,증산(명지대앞),10440,10379,20819,61,4,11,월
2022-04-11,6호선,디지털미디어시티,13777,14947,28724,-1170,4,11,월
2022-04-11,6호선,월드컵경기장(성산),4402,4569,8971,-167,4,11,월
2022-04-11,6호선,마포구청,13877,12266,26143,1611,4,11,월
2022-04-11,6호선,망원,13114,13729,26843,-615,4,11,월
2022-04-11,6호선,합정,12192,12038,24230,154,4,11,월
2022-04-11,6호선,상수,7432,8450,15882,-1018,4,11,월
2022-04-11,6호선,광흥창(서강),9033,8715,17748,318,4,11,월
2022-04-11,6호선,대흥(서강대앞),8322,8750,17072,-428,4,11,월
2022-04-11,6호선,공덕,18101,17769,35870,332,4,11,월
2022-04-11,6호선,효창공원앞,7217,6690,13907,527,4,11,월
2022-04-11,6호선,삼각지,5995,5213,11208,782,4,11,월
2022-04-11,6호선,녹사평(용산구청),4375,4152,8527,223,4,11,월
2022-04-11,6호선,이태원,8849,8993,17842,-144,4,11,월
2022-04-11,6호선,한강진,6319,7294,13613,-975,4,11,월
2022-04-11,6호선,버티고개,2120,2070,4190,50,4,11,월
2022-04-11,7호선,상도,11152,11101,22253,51,4,11,월
2022-04-11,7호선,숭실대입구(살피재),14882,15203,30085,-321,4,11,월
2022-04-11,7호선,남성,11054,10413,21467,641,4,11,월
2022-04-11,7호선,이수,14798,14485,29283,313,4,11,월
2022-04-11,7호선,내방,14231,14528,28759,-297,4,11,월
2022-04-11,일산선,정발산,7300,7455,14755,-155,4,11,월
2022-04-11,일산선,마두,7550,7665,15215,-115,4,11,월
2022-04-11,일산선,백석,9583,9568,19151,15,4,11,월
2022-04-11,일산선,대곡,2259,1821,4080,438,4,11,월
2022-04-11,일산선,화정,16935,17118,34053,-183,4,11,월
2022-04-11,일산선,원당,11502,10799,22301,703,4,11,월
2022-04-11,일산선,삼송,19710,19158,38868,552,4,11,월
2022-04-11,일산선,원흥,10814,10338,21152,476,4,11,월
2022-04-11,우이신설선,신설동,2146,2075,4221,71,4,11,월
2022-04-11,우이신설선,보문,1463,1492,2955,-29,4,11,월
2022-04-11,우이신설선,성신여대입구(돈암),3252,3489,6741,-237,4,11,월
2022-04-11,우이신설선,정릉,4692,4192,8884,500,4,11,월
2022-04-11,우이신설선,북한산보국문,6133,5764,11897,369,4,11,월
2022-04-11,우이신설선,솔샘,5865,5483,11348,382,4,11,월
2022-04-11,우이신설선,삼양사거리,2437,2491,4928,-54,4,11,월
2022-04-11,우이신설선,삼양,2006,2087,4093,-81,4,11,월
2022-04-11,우이신설선,화계,3351,3149,6500,202,4,11,월
2022-04-11,우이신설선,가오리,4280,4140,8420,140,4,11,월
2022-04-11,우이신설선,4.19민주묘지,3858,3696,7554,162,4,11,월
2022-04-12,중앙선,중랑,5704,5446,11150,258,4,12,화
2022-04-12,7호선,논현,20133,21759,41892,-1626,4,12,화
2022-04-12,1호선,동대문,10597,9861,20458,736,4,12,화
2022-04-12,1호선,신설동,13353,13068,26421,285,4,12,화
2022-04-12,1호선,제기동,17130,17419,34549,-289,4,12,화
2022-04-12,1호선,청량리(서울시립대입구),19739,19332,39071,407,4,12,화
2022-04-12,1호선,동묘앞,7618,8115,15733,-497,4,12,화
2022-04-12,2호선,시청,23280,22723,46003,557,4,12,화
2022-04-12,2호선,을지로입구,37663,38874,76537,-1211,4,12,화
2022-04-12,2호선,을지로4가,12678,12671,25349,7,4,12,화
2022-04-12,2호선,동대문역사문화공원(DDP),11125,12496,23621,-1371,4,12,화
2022-04-12,2호선,신당,13796,14387,28183,-591,4,12,화
2022-04-12,2호선,상왕십리,14105,13901,28006,204,4,12,화
2022-04-12,2호선,왕십리(성동구청),16312,12680,28992,3632,4,12,화
2022-04-12,2호선,한양대,15929,17181,33110,-1252,4,12,화
2022-04-12,2호선,뚝섬,22442,23771,46213,-1329,4,12,화
2022-04-12,2호선,성수,37217,40410,77627,-3193,4,12,화
2022-04-12,2호선,건대입구,34058,36116,70174,-2058,4,12,화
2022-04-12,2호선,구의(광진구청),23627,23356,46983,271,4,12,화
2022-04-12,2호선,강변(동서울터미널),28151,26335,54486,1816,4,12,화
2022-04-12,2호선,잠실나루,14774,14446,29220,328,4,12,화
2022-04-12,7호선,학동,24432,26081,50513,-1649,4,12,화
2022-04-12,2호선,잠실(송파구청),71244,70497,141741,747,4,12,화
2022-04-12,2호선,잠실새내,20633,20375,41008,258,4,12,화
2022-04-12,2호선,종합운동장,9634,10652,20286,-1018,4,12,화
2022-04-12,2호선,삼성(무역센터),47728,48235,95963,-507,4,12,화
2022-04-12,2호선,선릉,56317,50218,106535,6099,4,12,화
2022-04-12,2호선,역삼,51613,57776,109389,-6163,4,12,화
2022-04-12,2호선,강남,79450,78812,158262,638,4,12,화
2022-04-12,2호선,교대(법원.검찰청),34513,39187,73700,-4674,4,12,화
2022-04-12,2호선,서초,21724,21059,42783,665,4,12,화
2022-04-12,2호선,방배,19485,20364,39849,-879,4,12,화
2022-04-12,2호선,사당,35964,39855,75819,-3891,4,12,화
2022-04-12,2호선,낙성대(강감찬),27013,26692,53705,321,4,12,화
2022-04-12,2호선,서울대입구(관악구청),47388,46504,93892,884,4,12,화
2022-04-12,2호선,봉천,23671,21805,45476,1866,4,12,화
2022-04-12,2호선,신림,61910,59997,121907,1913,4,12,화
2022-04-12,2호선,신대방,26746,26060,52806,686,4,12,화
2022-04-12,2호선,구로디지털단지,58408,58564,116972,-156,4,12,화
2022-04-12,2호선,대림(구로구청),23694,24260,47954,-566,4,12,화
2022-04-12,2호선,신도림,45542,45330,90872,212,4,12,화
2022-04-12,2호선,문래,22039,22444,44483,-405,4,12,화
2022-04-12,2호선,영등포구청,22512,23338,45850,-826,4,12,화
2022-04-12,2호선,당산,18984,21840,40824,-2856,4,12,화
2022-04-12,2호선,합정,29340,30751,60091,-1411,4,12,화
2022-04-12,2호선,홍대입구,48148,49970,98118,-1822,4,12,화
2022-04-12,2호선,신촌,31507,31814,63321,-307,4,12,화
2022-04-12,2호선,이대,13612,14552,28164,-940,4,12,화
2022-04-12,2호선,아현,10615,10092,20707,523,4,12,화
2022-04-12,2호선,충정로(경기대입구),9920,10587,20507,-667,4,12,화
2022-04-12,2호선,용답,3237,3409,6646,-172,4,12,화
2022-04-12,2호선,신답,1575,1920,3495,-345,4,12,화
2022-04-12,2호선,신설동,3012,1670,4682,1342,4,12,화
2022-04-12,2호선,도림천,1458,1520,2978,-62,4,12,화
2022-04-12,2호선,양천구청,6777,7092,13869,-315,4,12,화
2022-04-12,2호선,신정네거리,10127,10434,20561,-307,4,12,화
2022-04-12,2호선,용두(동대문구청),2286,2346,4632,-60,4,12,화
2022-04-12,3호선,지축,5016,4650,9666,366,4,12,화
2022-04-12,3호선,구파발,20367,19422,39789,945,4,12,화
2022-04-12,3호선,연신내,36012,33870,69882,2142,4,12,화
2022-04-12,3호선,불광,15934,17181,33115,-1247,4,12,화
2022-04-12,3호선,녹번,15988,14261,30249,1727,4,12,화
2022-04-12,3호선,홍제,17984,17017,35001,967,4,12,화
2022-04-12,3호선,무악재,3896,3969,7865,-73,4,12,화
2022-04-12,3호선,독립문,7003,7341,14344,-338,4,12,화
2022-04-12,3호선,경복궁(정부서울청사),20976,20402,41378,574,4,12,화
2022-04-12,3호선,안국,20989,21302,42291,-313,4,12,화
2022-04-12,3호선,종로3가,9848,11121,20969,-1273,4,12,화
2022-04-12,4호선,노원,18518,20644,39162,-2126,4,12,화
2022-04-12,4호선,창동,24963,25865,50828,-902,4,12,화
2022-04-12,4호선,쌍문,29392,27251,56643,2141,4,12,화
2022-04-12,4호선,수유(강북구청),33714,33389,67103,325,4,12,화
2022-04-12,4호선,미아(서울사이버대학),15560,15280,30840,280,4,12,화
2022-04-12,4호선,미아사거리,27010,26249,53259,761,4,12,화
2022-04-12,4호선,길음,21276,21308,42584,-32,4,12,화
2022-04-12,4호선,성신여대입구(돈암),20719,19788,40507,931,4,12,화
2022-04-12,4호선,한성대입구(삼선교),14464,14060,28524,404,4,12,화
2022-04-12,4호선,혜화,31095,31249,62344,-154,4,12,화
2022-04-12,4호선,동대문,19580,19771,39351,-191,4,12,화
2022-04-12,4호선,동대문역사문화공원(DDP),13717,12679,26396,1038,4,12,화
2022-04-12,4호선,충무로,28699,29432,58131,-733,4,12,화
2022-04-12,4호선,명동,19599,19986,39585,-387,4,12,화
2022-04-12,4호선,회현(남대문시장),25075,26311,51386,-1236,4,12,화
2022-04-12,4호선,서울역,10928,14977,25905,-4049,4,12,화
2022-04-12,4호선,숙대입구(갈월),14317,13630,27947,687,4,12,화
2022-04-12,4호선,삼각지,4809,5266,10075,-457,4,12,화
2022-04-12,4호선,신용산,15389,16193,31582,-804,4,12,화
2022-04-12,4호선,이촌(국립중앙박물관),7169,8087,15256,-918,4,12,화
2022-04-12,4호선,동작(현충원),1857,2225,4082,-368,4,12,화
2022-04-12,4호선,총신대입구(이수),18762,20233,38995,-1471,4,12,화
2022-04-12,4호선,남태령,1258,1093,2351,165,4,12,화
2022-04-12,5호선,방화,6695,6392,13087,303,4,12,화
2022-04-12,5호선,개화산,5664,5513,11177,151,4,12,화
2022-04-12,5호선,김포공항,6562,6193,12755,369,4,12,화
2022-04-12,5호선,송정,6449,6200,12649,249,4,12,화
2022-04-12,5호선,마곡,10660,10791,21451,-131,4,12,화
2022-04-12,5호선,발산,20386,20839,41225,-453,4,12,화
2022-04-12,5호선,우장산,14893,14619,29512,274,4,12,화
2022-04-12,5호선,화곡,28433,26540,54973,1893,4,12,화
2022-04-12,5호선,까치산,28656,27611,56267,1045,4,12,화
2022-04-12,5호선,신정(은행정),14080,11578,25658,2502,4,12,화
2022-04-12,5호선,목동,16731,18075,34806,-1344,4,12,화
2022-04-12,5호선,오목교(목동운동장앞),21063,22611,43674,-1548,4,12,화
2022-04-12,5호선,양평,7608,7587,15195,21,4,12,화
2022-04-12,5호선,영등포구청,4106,4107,8213,-1,4,12,화
2022-04-12,5호선,영등포시장,9981,10276,20257,-295,4,12,화
2022-04-12,5호선,신길,4095,4539,8634,-444,4,12,화
2022-04-12,7호선,강남구청,16152,17787,33939,-1635,4,12,화
2022-04-12,5호선,여의도,29868,31154,61022,-1286,4,12,화
2022-04-12,5호선,여의나루,15135,17231,32366,-2096,4,12,화
2022-04-12,5호선,마포,14788,15050,29838,-262,4,12,화
2022-04-12,5호선,공덕,14259,15149,29408,-890,4,12,화
2022-04-12,5호선,애오개,6982,7129,14111,-147,4,12,화
2022-04-12,5호선,충정로(경기대입구),4892,5110,10002,-218,4,12,화
2022-04-12,5호선,서대문,20336,20353,40689,-17,4,12,화
2022-04-12,5호선,광화문(세종문화회관),29126,30116,59242,-990,4,12,화
2022-04-12,5호선,종로3가,11337,11257,22594,80,4,12,화
2022-04-12,5호선,을지로4가,6293,6274,12567,19,4,12,화
2022-04-12,5호선,동대문역사문화공원(DDP),2851,3236,6087,-385,4,12,화
2022-04-12,5호선,청구,4138,3728,7866,410,4,12,화
2022-04-12,5호선,신금호,6610,6948,13558,-338,4,12,화
2022-04-12,5호선,행당,8185,7287,15472,898,4,12,화
2022-04-12,5호선,왕십리(성동구청),4465,5219,9684,-754,4,12,화
2022-04-12,5호선,마장,5808,5491,11299,317,4,12,화
2022-04-12,5호선,답십리,15755,14463,30218,1292,4,12,화
2022-04-12,5호선,장한평,18082,18056,36138,26,4,12,화
2022-04-12,5호선,군자(능동),11099,12055,23154,-956,4,12,화
2022-04-12,5호선,아차산(어린이대공원후문),15225,14755,29980,470,4,12,화
2022-04-12,5호선,광나루(장신대),14263,13051,27314,1212,4,12,화
2022-04-12,5호선,천호(풍납토성),16986,17167,34153,-181,4,12,화
2022-04-12,5호선,강동,18728,18031,36759,697,4,12,화
2022-04-12,5호선,길동,7948,8208,16156,-260,4,12,화
2022-04-12,5호선,굽은다리(강동구민회관앞),9385,8880,18265,505,4,12,화
2022-04-12,5호선,명일,8677,9064,17741,-387,4,12,화
2022-04-12,5호선,고덕,9601,9550,19151,51,4,12,화
2022-04-12,5호선,상일동,15009,14144,29153,865,4,12,화
2022-04-12,5호선,둔촌동,8485,8414,16899,71,4,12,화
2022-04-12,5호선,올림픽공원(한국체대),4527,3926,8453,601,4,12,화
2022-04-12,5호선,방이,7047,7264,14311,-217,4,12,화
2022-04-12,5호선,오금,3780,3818,7598,-38,4,12,화
2022-04-12,5호선,개롱,6375,6740,13115,-365,4,12,화
2022-04-12,5호선,거여,10326,9929,20255,397,4,12,화
2022-04-12,5호선,마천,7222,6858,14080,364,4,12,화
2022-04-12,5호선,강일,4208,3967,8175,241,4,12,화
2022-04-12,5호선,미사,15883,15916,31799,-33,4,12,화
2022-04-12,5호선,하남풍산,4318,4282,8600,36,4,12,화
2022-04-12,5호선,하남시청(덕풍·신장),6687,6511,13198,176,4,12,화
2022-04-12,5호선,하남검단산,5746,5497,11243,249,4,12,화
2022-04-12,6호선,응암,17793,17644,35437,149,4,12,화
2022-04-12,6호선,역촌,3650,4341,7991,-691,4,12,화
2022-04-12,6호선,불광,4129,4067,8196,62,4,12,화
2022-04-12,6호선,독바위,2729,2924,5653,-195,4,12,화
2022-04-12,6호선,연신내,2,0,2,2,4,12,화
2022-04-12,6호선,구산,7718,5759,13477,1959,4,12,화
2022-04-12,6호선,새절(신사),13633,12707,26340,926,4,12,화
2022-04-12,6호선,증산(명지대앞),10209,10367,20576,-158,4,12,화
2022-04-12,6호선,디지털미디어시티,14012,15187,29199,-1175,4,12,화
2022-04-12,6호선,월드컵경기장(성산),4273,4384,8657,-111,4,12,화
2022-04-12,6호선,마포구청,14091,12836,26927,1255,4,12,화
2022-04-12,6호선,망원,13148,13841,26989,-693,4,12,화
2022-04-12,6호선,합정,12410,12221,24631,189,4,12,화
2022-04-12,6호선,상수,8220,9257,17477,-1037,4,12,화
2022-04-12,6호선,광흥창(서강),9183,8888,18071,295,4,12,화
2022-04-12,6호선,대흥(서강대앞),8598,8962,17560,-364,4,12,화
2022-04-12,6호선,공덕,18412,17935,36347,477,4,12,화
2022-04-12,6호선,효창공원앞,7178,6898,14076,280,4,12,화
2022-04-12,6호선,삼각지,6289,5543,11832,746,4,12,화
2022-04-12,6호선,녹사평(용산구청),4523,4416,8939,107,4,12,화
2022-04-12,6호선,이태원,8803,9168,17971,-365,4,12,화
2022-04-12,6호선,한강진,6805,8024,14829,-1219,4,12,화
2022-04-12,6호선,버티고개,2189,2163,4352,26,4,12,화
2022-04-12,6호선,약수,3556,3603,7159,-47,4,12,화
2022-04-12,6호선,청구,3718,4024,7742,-306,4,12,화
2022-04-12,6호선,신당,8372,8869,17241,-497,4,12,화
2022-04-12,6호선,동묘앞,7515,7788,15303,-273,4,12,화
2022-04-12,6호선,창신,3734,3182,6916,552,4,12,화
2022-04-12,6호선,보문,7236,6572,13808,664,4,12,화
2022-04-12,6호선,안암(고대병원앞),14031,14074,28105,-43,4,12,화
2022-04-12,6호선,고려대(종암),8591,8397,16988,194,4,12,화
2022-04-12,6호선,월곡(동덕여대),12607,12148,24755,459,4,12,화
2022-04-12,6호선,상월곡(한국과학기술연구원),6426,6103,12529,323,4,12,화
2022-04-12,6호선,돌곶이,9924,9318,19242,606,4,12,화
2022-04-12,6호선,석계,12613,13263,25876,-650,4,12,화
2022-04-12,6호선,태릉입구,5544,6283,11827,-739,4,12,화
2022-04-12,6호선,화랑대(서울여대입구),12809,9813,22622,2996,4,12,화
2022-04-12,6호선,봉화산(서울의료원),9066,8559,17625,507,4,12,화
2022-04-12,7호선,장암,2319,872,3191,1447,4,12,화
2022-04-12,7호선,도봉산,9711,11182,20893,-1471,4,12,화
2022-04-12,7호선,수락산,12651,12366,25017,285,4,12,화
2022-04-12,7호선,마들,12859,12332,25191,527,4,12,화
2022-04-12,7호선,노원,18542,19453,37995,-911,4,12,화
2022-04-12,7호선,중계,15103,13777,28880,1326,4,12,화
2022-04-12,7호선,하계,18037,17026,35063,1011,4,12,화
2022-04-12,7호선,공릉(서울과학기술대),12687,12445,25132,242,4,12,화
2022-04-12,7호선,태릉입구,8997,8500,17497,497,4,12,화
2022-04-12,7호선,내방,14569,14962,29531,-393,4,12,화
2022-04-12,7호선,남성,11326,10608,21934,718,4,12,화
2022-04-12,7호선,숭실대입구(살피재),14985,15377,30362,-392,4,12,화
2022-04-12,7호선,상도,11344,11003,22347,341,4,12,화
2022-04-12,7호선,장승배기,8865,8682,17547,183,4,12,화
2022-04-12,7호선,신대방삼거리,16838,16140,32978,698,4,12,화
2022-04-12,7호선,보라매,10143,10079,20222,64,4,12,화
2022-04-12,7호선,신풍,11638,11283,22921,355,4,12,화
2022-04-12,7호선,대림(구로구청),7445,7414,14859,31,4,12,화
2022-04-12,7호선,남구로,15713,16690,32403,-977,4,12,화
2022-04-12,7호선,가산디지털단지,45445,45855,91300,-410,4,12,화
2022-04-12,7호선,철산,20671,21242,41913,-571,4,12,화
2022-04-12,7호선,광명사거리,21860,21440,43300,420,4,12,화
2022-04-12,7호선,천왕,11652,11044,22696,608,4,12,화
2022-04-12,7호선,온수(성공회대입구),11322,10589,21911,733,4,12,화
2022-04-12,8호선,암사,18998,16894,35892,2104,4,12,화
2022-04-12,8호선,천호(풍납토성),14273,16372,30645,-2099,4,12,화
2022-04-12,8호선,강동구청,10353,10686,21039,-333,4,12,화
2022-04-12,8호선,몽촌토성(평화의문),6202,6380,12582,-178,4,12,화
2022-04-12,8호선,잠실(송파구청),14257,16661,30918,-2404,4,12,화
2022-04-12,8호선,석촌,8095,9719,17814,-1624,4,12,화
2022-04-12,8호선,송파,8148,8186,16334,-38,4,12,화
2022-04-12,8호선,가락시장,7758,8595,16353,-837,4,12,화
2022-04-12,8호선,문정,22054,23246,45300,-1192,4,12,화
2022-04-12,8호선,장지,17162,16462,33624,700,4,12,화
2022-04-12,8호선,복정,10331,8680,19011,1651,4,12,화
2022-04-12,8호선,산성,5667,5650,11317,17,4,12,화
2022-04-12,8호선,남한산성입구(성남법원.검찰청),15666,14544,30210,1122,4,12,화
2022-04-12,8호선,단대오거리,11223,10578,21801,645,4,12,화
2022-04-12,8호선,신흥,4064,4323,8387,-259,4,12,화
2022-04-12,8호선,수진,5337,4889,10226,448,4,12,화
2022-04-12,8호선,모란,4368,3526,7894,842,4,12,화
2022-04-12,8호선,남위례,4899,5032,9931,-133,4,12,화
2022-04-12,9호선,개화,2560,1859,4419,701,4,12,화
2022-04-12,9호선,김포공항,6470,8986,15456,-2516,4,12,화
2022-04-12,9호선,공항시장,3030,3262,6292,-232,4,12,화
2022-04-12,9호선,신방화,6952,6595,13547,357,4,12,화
2022-04-12,9호선,마곡나루(서울식물원),12134,11961,24095,173,4,12,화
2022-04-12,9호선,양천향교,9993,10177,20170,-184,4,12,화
2022-04-12,9호선,가양,20615,20065,40680,550,4,12,화
2022-04-12,9호선,증미,7432,7260,14692,172,4,12,화
2022-04-12,9호선,등촌,11355,10920,22275,435,4,12,화
2022-04-12,9호선,염창,17361,16693,34054,668,4,12,화
2022-04-12,9호선,신목동,4363,3875,8238,488,4,12,화
2022-04-12,9호선,선유도,8876,8526,17402,350,4,12,화
2022-04-12,9호선,당산,18373,18174,36547,199,4,12,화
2022-04-12,9호선,국회의사당,18840,19329,38169,-489,4,12,화
2022-04-12,9호선,여의도,28747,27818,56565,929,4,12,화
2022-04-12,9호선,샛강,6158,6352,12510,-194,4,12,화
2022-04-12,9호선,노량진,25990,25080,51070,910,4,12,화
2022-04-12,9호선,노들,4427,3809,8236,618,4,12,화
2022-04-12,9호선,흑석(중앙대입구),9292,9346,18638,-54,4,12,화
2022-04-12,9호선,동작(현충원),2747,2345,5092,402,4,12,화
2022-04-12,9호선,구반포,1247,1356,2603,-109,4,12,화
2022-04-12,9호선,신반포,3446,3379,6825,67,4,12,화
2022-04-12,9호선,고속터미널,11639,14186,25825,-2547,4,12,화
2022-04-12,9호선,사평,3512,3446,6958,66,4,12,화
2022-04-12,9호선,신논현,30336,29909,60245,427,4,12,화
2022-04-12,9호선2~3단계,언주,10373,10568,20941,-195,4,12,화
2022-04-12,9호선2~3단계,선정릉,9674,10720,20394,-1046,4,12,화
2022-04-12,9호선2~3단계,삼성중앙,6834,7163,13997,-329,4,12,화
2022-04-12,9호선2~3단계,봉은사,15164,15632,30796,-468,4,12,화
2022-04-12,9호선2~3단계,종합운동장,4102,4250,8352,-148,4,12,화
2022-04-12,9호선2~3단계,삼전,6769,6573,13342,196,4,12,화
2022-04-12,9호선2~3단계,석촌고분,6105,5972,12077,133,4,12,화
2022-04-12,9호선2~3단계,석촌,8923,8140,17063,783,4,12,화
2022-04-12,9호선2~3단계,송파나루,5272,5429,10701,-157,4,12,화
2022-04-12,9호선2~3단계,한성백제,2639,2322,4961,317,4,12,화
2022-04-12,9호선2~3단계,올림픽공원(한국체대),6057,5931,11988,126,4,12,화
2022-04-12,9호선2~3단계,둔촌오륜,1241,1064,2305,177,4,12,화
2022-04-12,9호선2~3단계,중앙보훈병원,11109,9954,21063,1155,4,12,화
2022-04-12,경강선,판교,4540,4503,9043,37,4,12,화
2022-04-12,경강선,이매,1176,1004,2180,172,4,12,화
2022-04-12,경강선,삼동,2451,2200,4651,251,4,12,화
2022-04-12,경강선,경기광주,7837,7315,15152,522,4,12,화
2022-04-12,경강선,초월,3204,3073,6277,131,4,12,화
2022-04-12,경강선,곤지암,2254,2241,4495,13,4,12,화
2022-04-12,경강선,신둔도예촌,1626,1482,3108,144,4,12,화
2022-04-12,경강선,이천,2571,2641,5212,-70,4,12,화
2022-04-12,경강선,부발,2067,2015,4082,52,4,12,화
2022-04-12,경강선,세종대왕릉,350,359,709,-9,4,12,화
2022-04-12,경강선,여주,2542,2491,5033,51,4,12,화
2022-04-12,경부선,서울역,5200,1684,6884,3516,4,12,화
2022-04-12,경부선,남영,9623,10236,19859,-613,4,12,화
2022-04-12,경부선,용산,29275,29649,58924,-374,4,12,화
2022-04-12,경부선,노량진,7982,8208,16190,-226,4,12,화
2022-04-12,경부선,대방,13157,13689,26846,-532,4,12,화
2022-04-12,경부선,영등포,34789,35705,70494,-916,4,12,화
2022-04-12,경부선,신도림,4130,4192,8322,-62,4,12,화
2022-04-12,경부선,신길,9279,7876,17155,1403,4,12,화
2022-04-12,경부선,구로,18331,18746,37077,-415,4,12,화
2022-04-12,경부선,가산디지털단지,18873,21821,40694,-2948,4,12,화
2022-04-12,경부선,금천구청,11922,11985,23907,-63,4,12,화
2022-04-12,경부선,석수,9925,9045,18970,880,4,12,화
2022-04-12,경부선,관악,7540,6972,14512,568,4,12,화
2022-04-12,경부선,안양,26023,25933,51956,90,4,12,화
2022-04-12,경부선,명학,10959,10810,21769,149,4,12,화
2022-04-12,경부선,금정,27305,27990,55295,-685,4,12,화
2022-04-12,경부선,군포,7994,7879,15873,115,4,12,화
2022-04-12,경부선,의왕,9413,9420,18833,-7,4,12,화
2022-04-12,경부선,성균관대,15277,14966,30243,311,4,12,화
2022-04-12,경부선,화서,8677,8438,17115,239,4,12,화
2022-04-12,경부선,수원,34364,36307,70671,-1943,4,12,화
2022-04-12,경부선,독산,19008,19831,38839,-823,4,12,화
2022-04-12,경부선,세류,2997,2699,5696,298,4,12,화
2022-04-12,경부선,병점,15809,15826,31635,-17,4,12,화
2022-04-12,경부선,세마,2908,2744,5652,164,4,12,화
2022-04-12,경부선,오산대,4307,3991,8298,316,4,12,화
2022-04-12,경부선,오산,10284,10289,20573,-5,4,12,화
2022-04-12,경부선,진위,1795,1575,3370,220,4,12,화
2022-04-12,경부선,송탄,4356,4219,8575,137,4,12,화
2022-04-12,경부선,서정리,7762,7334,15096,428,4,12,화
2022-04-12,경부선,평택지제,3464,3334,6798,130,4,12,화
2022-04-12,경부선,평택,12507,12556,25063,-49,4,12,화
2022-04-12,경부선,성환,4954,4890,9844,64,4,12,화
2022-04-12,경부선,직산,892,865,1757,27,4,12,화
2022-04-12,경부선,두정,7527,8125,15652,-598,4,12,화
2022-04-12,경부선,천안,6639,6273,12912,366,4,12,화
2022-04-12,경부선,당정,6827,6413,13240,414,4,12,화
2022-04-12,경부선,서동탄,1412,1233,2645,179,4,12,화
2022-04-12,경부선,광명,3131,2630,5761,501,4,12,화
2022-04-12,경원선,이촌(국립중앙박물관),3640,2747,6387,893,4,12,화
2022-04-12,경원선,서빙고,2018,1809,3827,209,4,12,화
2022-04-12,경원선,한남,4087,3946,8033,141,4,12,화
2022-04-12,경원선,옥수,45,40,85,5,4,12,화
2022-04-12,경원선,응봉,1983,1778,3761,205,4,12,화
2022-04-12,경원선,왕십리(성동구청),14054,15252,29306,-1198,4,12,화
2022-04-12,경원선,청량리(서울시립대입구),13689,14581,28270,-892,4,12,화
2022-04-12,경원선,외대앞,8230,8312,16542,-82,4,12,화
2022-04-12,경원선,신이문,8330,7813,16143,517,4,12,화
2022-04-12,경원선,석계,8424,9162,17586,-738,4,12,화
2022-04-12,경원선,광운대,9009,8928,17937,81,4,12,화
2022-04-12,경원선,월계,8640,7984,16624,656,4,12,화
2022-04-12,경원선,녹천,4939,4169,9108,770,4,12,화
2022-04-12,경원선,방학,10009,9802,19811,207,4,12,화
2022-04-12,경원선,도봉,6085,5909,11994,176,4,12,화
2022-04-12,경원선,도봉산,7871,5291,13162,2580,4,12,화
2022-04-12,경원선,망월사,9766,9860,19626,-94,4,12,화
2022-04-12,경원선,회룡,12942,12923,25865,19,4,12,화
2022-04-12,경원선,의정부,17738,18149,35887,-411,4,12,화
2022-04-12,경원선,가능,7069,6714,13783,355,4,12,화
2022-04-12,경원선,녹양,4714,4435,9149,279,4,12,화
2022-04-12,경원선,양주,8139,7705,15844,434,4,12,화
2022-04-12,경원선,덕계,3454,3156,6610,298,4,12,화
2022-04-12,경원선,덕정,6737,6497,13234,240,4,12,화
2022-04-12,경원선,지행,6800,6913,13713,-113,4,12,화
2022-04-12,경원선,동두천중앙,3230,3117,6347,113,4,12,화
2022-04-12,경원선,보산,1521,1388,2909,133,4,12,화
2022-04-12,경원선,동두천,2735,2957,5692,-222,4,12,화
2022-04-12,경원선,소요산,2959,2562,5521,397,4,12,화
2022-04-12,경의선,서울역,4239,5632,9871,-1393,4,12,화
2022-04-12,경의선,신촌,899,1144,2043,-245,4,12,화
2022-04-12,경의선,효창공원앞,3105,3418,6523,-313,4,12,화
2022-04-12,경의선,공덕,3530,3072,6602,458,4,12,화
2022-04-12,경의선,서강대,2183,2207,4390,-24,4,12,화
2022-04-12,경의선,홍대입구,1576,1724,3300,-148,4,12,화
2022-04-12,경의선,가좌,5571,5279,10850,292,4,12,화
2022-04-12,경의선,디지털미디어시티,2597,2470,5067,127,4,12,화
2022-04-12,경의선,수색,2944,3159,6103,-215,4,12,화
2022-04-12,경의선,화전,3725,3509,7234,216,4,12,화
2022-04-12,경의선,강매,3417,3001,6418,416,4,12,화
2022-04-12,경의선,행신,7919,8039,15958,-120,4,12,화
2022-04-12,경의선,능곡,3942,3716,7658,226,4,12,화
2022-04-12,경의선,곡산,627,672,1299,-45,4,12,화
2022-04-12,경의선,백마,7104,6895,13999,209,4,12,화
2022-04-12,경의선,풍산,5549,5149,10698,400,4,12,화
2022-04-12,경의선,일산,9718,9504,19222,214,4,12,화
2022-04-12,경의선,탄현,7858,7535,15393,323,4,12,화
2022-04-12,경의선,야당,7371,7295,14666,76,4,12,화
2022-04-12,경의선,운정,7041,6641,13682,400,4,12,화
2022-04-12,경의선,금릉,4726,4616,9342,110,4,12,화
2022-04-12,경의선,금촌,6236,6236,12472,0,4,12,화
2022-04-12,경의선,월롱,3013,2979,5992,34,4,12,화
2022-04-12,경의선,파주,1592,1176,2768,416,4,12,화
2022-04-12,경의선,문산,4972,4825,9797,147,4,12,화
2022-04-12,경의선,임진강,19,8,27,11,4,12,화
2022-04-12,경의선,계양,1,0,1,1,4,12,화
2022-04-12,경인선,개봉,21614,21463,43077,151,4,12,화
2022-04-12,경인선,오류동,12146,11227,23373,919,4,12,화
2022-04-12,경인선,역곡,28767,28247,57014,520,4,12,화
2022-04-12,경인선,부천,31961,31890,63851,71,4,12,화
2022-04-12,경인선,송내,27809,27882,55691,-73,4,12,화
2022-04-12,경인선,부평,27139,28940,56079,-1801,4,12,화
2022-04-12,경인선,백운,7092,6993,14085,99,4,12,화
2022-04-12,경인선,동암,14387,14473,28860,-86,4,12,화
2022-04-12,경인선,주안,19365,17743,37108,1622,4,12,화
2022-04-12,경인선,제물포,11202,10680,21882,522,4,12,화
2022-04-12,경인선,동인천,13444,12839,26283,605,4,12,화
2022-04-12,경인선,인천,3918,3086,7004,832,4,12,화
2022-04-12,경인선,구일,7851,7720,15571,131,4,12,화
2022-04-12,경인선,소사,9518,9088,18606,430,4,12,화
2022-04-12,경인선,부개,8855,8337,17192,518,4,12,화
2022-04-12,경인선,간석,5961,5386,11347,575,4,12,화
2022-04-12,경인선,도원,3224,3198,6422,26,4,12,화
2022-04-12,경인선,온수(성공회대입구),7311,7046,14357,265,4,12,화
2022-04-12,경인선,중동,9514,8951,18465,563,4,12,화
2022-04-12,경인선,도화,4307,3989,8296,318,4,12,화
2022-04-12,경춘선,신내,2402,2267,4669,135,4,12,화
2022-04-12,경춘선,갈매,3153,2718,5871,435,4,12,화
2022-04-12,경춘선,별내,3234,3110,6344,124,4,12,화
2022-04-12,경춘선,퇴계원,3515,3310,6825,205,4,12,화
2022-04-12,경춘선,사릉,2630,2531,5161,99,4,12,화
2022-04-12,경춘선,금곡,1640,1518,3158,122,4,12,화
2022-04-12,경춘선,평내호평,6567,6555,13122,12,4,12,화
2022-04-12,경춘선,천마산,1833,1726,3559,107,4,12,화
2022-04-12,경춘선,마석,4192,4204,8396,-12,4,12,화
2022-04-12,경춘선,대성리,961,870,1831,91,4,12,화
2022-04-12,경춘선,청평,1739,1671,3410,68,4,12,화
2022-04-12,경춘선,상천,337,331,668,6,4,12,화
2022-04-12,경춘선,가평,1573,1539,3112,34,4,12,화
2022-04-12,경춘선,굴봉산,154,140,294,14,4,12,화
2022-04-12,경춘선,백양리,95,75,170,20,4,12,화
2022-04-12,경춘선,강촌,437,414,851,23,4,12,화
2022-04-12,경춘선,김유정,329,358,687,-29,4,12,화
2022-04-12,경춘선,남춘천,2918,2883,5801,35,4,12,화
2022-04-12,경춘선,춘천,1513,1454,2967,59,4,12,화
2022-04-12,공항철도 1호선,서울역,7168,6705,13873,463,4,12,화
2022-04-12,공항철도 1호선,공덕,2192,2884,5076,-692,4,12,화
2022-04-12,공항철도 1호선,홍대입구,8361,8599,16960,-238,4,12,화
2022-04-12,공항철도 1호선,디지털미디어시티,13996,13175,27171,821,4,12,화
2022-04-12,공항철도 1호선,마곡나루(서울식물원),8996,8811,17807,185,4,12,화
2022-04-12,공항철도 1호선,김포공항,11552,6616,18168,4936,4,12,화
2022-04-12,공항철도 1호선,계양,10641,10155,20796,486,4,12,화
2022-04-12,공항철도 1호선,검암,6583,6678,13261,-95,4,12,화
2022-04-12,공항철도 1호선,청라국제도시,7007,6618,13625,389,4,12,화
2022-04-12,공항철도 1호선,운서,6780,6781,13561,-1,4,12,화
2022-04-12,공항철도 1호선,공항화물청사,2279,2531,4810,-252,4,12,화
2022-04-12,공항철도 1호선,인천공항1터미널,4313,4284,8597,29,4,12,화
2022-04-12,공항철도 1호선,인천공항2터미널,2366,2241,4607,125,4,12,화
2022-04-12,공항철도 1호선,영종,3005,3016,6021,-11,4,12,화
2022-04-12,과천선,선바위,8683,7689,16372,994,4,12,화
2022-04-12,과천선,경마공원,2139,2034,4173,105,4,12,화
2022-04-12,과천선,대공원,7119,7330,14449,-211,4,12,화
2022-04-12,과천선,과천,6641,6091,12732,550,4,12,화
2022-04-12,과천선,정부과천청사,10647,10633,21280,14,4,12,화
2022-04-12,과천선,인덕원,24961,25702,50663,-741,4,12,화
2022-04-12,과천선,평촌,18274,17917,36191,357,4,12,화
2022-04-12,과천선,범계,26257,26200,52457,57,4,12,화
2022-04-12,분당선,선릉,13356,20320,33676,-6964,4,12,화
2022-04-12,분당선,한티,13986,15081,29067,-1095,4,12,화
2022-04-12,분당선,도곡,7140,7019,14159,121,4,12,화
2022-04-12,분당선,구룡,2358,2316,4674,42,4,12,화
2022-04-12,분당선,개포동,3935,4016,7951,-81,4,12,화
2022-04-12,분당선,대모산입구,4479,4306,8785,173,4,12,화
2022-04-12,분당선,수서,13258,13272,26530,-14,4,12,화
2022-04-12,분당선,수원,8151,6805,14956,1346,4,12,화
2022-04-12,분당선,서울숲,12220,12845,25065,-625,4,12,화
2022-04-12,분당선,압구정로데오,18354,20078,38432,-1724,4,12,화
2022-04-12,분당선,강남구청,10069,11555,21624,-1486,4,12,화
2022-04-12,분당선,선정릉,8044,8599,16643,-555,4,12,화
2022-04-12,분당선,가천대,10227,11254,21481,-1027,4,12,화
2022-04-12,분당선,태평,13356,12780,26136,576,4,12,화
2022-04-12,분당선,모란,19845,20131,39976,-286,4,12,화
2022-04-12,분당선,야탑,25371,26547,51918,-1176,4,12,화
2022-04-12,분당선,서현,22827,23275,46102,-448,4,12,화
2022-04-12,분당선,수내,13064,13219,26283,-155,4,12,화
2022-04-12,분당선,정자,16978,18083,35061,-1105,4,12,화
2022-04-12,분당선,미금,15173,16467,31640,-1294,4,12,화
2022-04-12,분당선,오리,11626,9458,21084,2168,4,12,화
2022-04-12,분당선,이매,5875,5380,11255,495,4,12,화
2022-04-12,분당선,보정,2664,2314,4978,350,4,12,화
2022-04-12,분당선,죽전,14354,15675,30029,-1321,4,12,화
2022-04-12,분당선,구성,5045,5302,10347,-257,4,12,화
2022-04-12,분당선,신갈,4485,4445,8930,40,4,12,화
2022-04-12,분당선,기흥,10165,9457,19622,708,4,12,화
2022-04-12,분당선,상갈,5535,5259,10794,276,4,12,화
2022-04-12,분당선,청명,4248,4145,8393,103,4,12,화
2022-04-12,분당선,영통,8069,8308,16377,-239,4,12,화
2022-04-12,분당선,망포,14336,13534,27870,802,4,12,화
2022-04-12,분당선,매탄권선,5239,5066,10305,173,4,12,화
2022-04-12,분당선,수원시청,12401,13209,25610,-808,4,12,화
2022-04-12,분당선,매교,3324,3303,6627,21,4,12,화
2022-04-12,수인선,고색,5231,4866,10097,365,4,12,화
2022-04-12,수인선,오목천,3579,3380,6959,199,4,12,화
2022-04-12,수인선,어천,710,734,1444,-24,4,12,화
2022-04-12,수인선,야목,396,285,681,111,4,12,화
2022-04-12,수인선,사리,4938,4380,9318,558,4,12,화
2022-04-12,수인선,달월,118,67,185,51,4,12,화
2022-04-12,수인선,월곶,2742,2532,5274,210,4,12,화
2022-04-12,수인선,소래포구,5786,5379,11165,407,4,12,화
2022-04-12,수인선,인천논현,5589,5902,11491,-313,4,12,화
2022-04-12,수인선,호구포,4136,4289,8425,-153,4,12,화
2022-04-12,수인선,남동인더스파크,2401,2603,5004,-202,4,12,화
2022-04-12,수인선,원인재,4605,4815,9420,-210,4,12,화
2022-04-12,수인선,연수,4654,4585,9239,69,4,12,화
2022-04-12,수인선,송도,2550,2349,4899,201,4,12,화
2022-04-12,수인선,인하대,7196,6839,14035,357,4,12,화
2022-04-12,수인선,숭의,4102,3809,7911,293,4,12,화
2022-04-12,수인선,신포,1858,1907,3765,-49,4,12,화
2022-04-12,수인선,인천,1011,1805,2816,-794,4,12,화
2022-04-12,안산선,산본,15836,16967,32803,-1131,4,12,화
2022-04-12,안산선,대야미,5278,4704,9982,574,4,12,화
2022-04-12,안산선,반월,4400,4299,8699,101,4,12,화
2022-04-12,안산선,상록수,16682,16939,33621,-257,4,12,화
2022-04-12,안산선,한대앞,10842,10940,21782,-98,4,12,화
2022-04-12,안산선,중앙,17768,18624,36392,-856,4,12,화
2022-04-12,안산선,고잔,9236,8611,17847,625,4,12,화
2022-04-12,안산선,초지,5236,5699,10935,-463,4,12,화
2022-04-12,안산선,안산,11601,10419,22020,1182,4,12,화
2022-04-12,안산선,신길온천,1819,1635,3454,184,4,12,화
2022-04-12,안산선,정왕,10534,10804,21338,-270,4,12,화
2022-04-12,안산선,오이도,8518,8352,16870,166,4,12,화
2022-04-12,안산선,수리산,4422,3679,8101,743,4,12,화
2022-04-12,우이신설선,북한산우이,2662,2481,5143,181,4,12,화
2022-04-12,우이신설선,솔밭공원,2578,2392,4970,186,4,12,화
2022-04-12,우이신설선,4.19민주묘지,3523,3385,6908,138,4,12,화
2022-04-12,우이신설선,가오리,4145,4152,8297,-7,4,12,화
2022-04-12,우이신설선,화계,3373,3154,6527,219,4,12,화
2022-04-12,우이신설선,삼양,2023,2140,4163,-117,4,12,화
2022-04-12,우이신설선,삼양사거리,2391,2432,4823,-41,4,12,화
2022-04-12,우이신설선,솔샘,5898,5573,11471,325,4,12,화
2022-04-12,우이신설선,북한산보국문,5931,5702,11633,229,4,12,화
2022-04-12,우이신설선,정릉,4713,4226,8939,487,4,12,화
2022-04-12,우이신설선,성신여대입구(돈암),3177,3539,6716,-362,4,12,화
2022-04-12,우이신설선,보문,1477,1529,3006,-52,4,12,화
2022-04-12,우이신설선,신설동,2188,2054,4242,134,4,12,화
2022-04-12,일산선,원흥,10869,10451,21320,418,4,12,화
2022-04-12,일산선,삼송,19926,19184,39110,742,4,12,화
2022-04-12,일산선,원당,11468,10731,22199,737,4,12,화
2022-04-12,일산선,화정,16996,17260,34256,-264,4,12,화
2022-04-12,일산선,대곡,2229,1827,4056,402,4,12,화
2022-04-12,일산선,백석,9616,9739,19355,-123,4,12,화
2022-04-12,일산선,마두,7574,7787,15361,-213,4,12,화
2022-04-12,일산선,정발산,7098,7035,14133,63,4,12,화
2022-04-12,일산선,주엽,8987,8874,17861,113,4,12,화
2022-04-12,일산선,대화,12643,9981,22624,2662,4,12,화
2022-04-12,장항선,봉명,1213,1164,2377,49,4,12,화
2022-04-12,장항선,쌍용(나사렛대),2932,2793,5725,139,4,12,화
2022-04-12,장항선,아산,3677,3147,6824,530,4,12,화
2022-04-12,장항선,탕정,817,717,1534,100,4,12,화
2022-04-12,장항선,배방,1207,1146,2353,61,4,12,화
2022-04-12,장항선,온양온천,3613,3707,7320,-94,4,12,화
2022-04-12,장항선,신창(순천향대),2712,2708,5420,4,4,12,화
2022-04-12,중앙선,회기,25430,24886,50316,544,4,12,화
2022-04-12,중앙선,상봉(시외버스터미널),5737,5846,11583,-109,4,12,화
2022-04-12,중앙선,망우,7637,7554,15191,83,4,12,화
2022-04-12,중앙선,양원,3067,2936,6003,131,4,12,화
2022-04-12,중앙선,구리,13307,13657,26964,-350,4,12,화
2022-04-12,중앙선,도농,10903,9926,20829,977,4,12,화
2022-04-12,중앙선,양정,798,701,1499,97,4,12,화
2022-04-12,중앙선,덕소,5579,5790,11369,-211,4,12,화
2022-04-12,중앙선,도심,2501,2002,4503,499,4,12,화
2022-04-12,중앙선,팔당,881,910,1791,-29,4,12,화
2022-04-12,중앙선,운길산,864,821,1685,43,4,12,화
2022-04-12,중앙선,양수,1990,1975,3965,15,4,12,화
2022-04-12,중앙선,신원,256,224,480,32,4,12,화
2022-04-12,중앙선,국수,843,833,1676,10,4,12,화
2022-04-12,중앙선,아신,598,581,1179,17,4,12,화
2022-04-12,중앙선,오빈,357,362,719,-5,4,12,화
2022-04-12,중앙선,양평,2849,2943,5792,-94,4,12,화
2022-04-12,중앙선,원덕,515,438,953,77,4,12,화
2022-04-12,중앙선,용문,1918,1801,3719,117,4,12,화
2022-04-12,중앙선,지평,76,82,158,-6,4,12,화
2022-04-12,4호선,사당,25024,20847,45871,4177,4,12,화
2022-04-12,7호선,청담,19553,21906,41459,-2353,4,12,화
2022-04-12,7호선,뚝섬유원지,8962,8697,17659,265,4,12,화
2022-04-12,7호선,건대입구,12512,13040,25552,-528,4,12,화
2022-04-12,7호선,이수,15396,14790,30186,606,4,12,화
2022-04-12,4호선,상계,19600,18058,37658,1542,4,12,화
2022-04-12,4호선,당고개,8948,8096,17044,852,4,12,화
2022-04-12,3호선,오금,6211,5881,12092,330,4,12,화
2022-04-12,3호선,경찰병원,7256,7314,14570,-58,4,12,화
2022-04-12,3호선,가락시장,8946,8769,17715,177,4,12,화
2022-04-12,3호선,수서,16610,16985,33595,-375,4,12,화
2022-04-12,3호선,일원,10396,10158,20554,238,4,12,화
2022-04-12,3호선,대청,10334,9486,19820,848,4,12,화
2022-04-12,3호선,학여울,1799,1929,3728,-130,4,12,화
2022-04-12,3호선,대치,10774,10975,21749,-201,4,12,화
2022-04-12,3호선,도곡,5408,5683,11091,-275,4,12,화
2022-04-12,3호선,매봉,12712,12230,24942,482,4,12,화
2022-04-12,3호선,양재(서초구청),37926,41831,79757,-3905,4,12,화
2022-04-12,3호선,남부터미널(예술의전당),27931,28843,56774,-912,4,12,화
2022-04-12,3호선,교대(법원.검찰청),14845,9851,24696,4994,4,12,화
2022-04-12,3호선,고속터미널,35703,34148,69851,1555,4,12,화
2022-04-12,3호선,잠원,4808,4941,9749,-133,4,12,화
2022-04-12,3호선,신사,29346,30392,59738,-1046,4,12,화
2022-04-12,3호선,압구정,30709,32866,63575,-2157,4,12,화
2022-04-12,3호선,옥수,8900,9142,18042,-242,4,12,화
2022-04-12,3호선,금호,7769,7414,15183,355,4,12,화
2022-04-12,3호선,약수,12967,12545,25512,422,4,12,화
2022-04-12,3호선,동대입구,9431,10472,19903,-1041,4,12,화
2022-04-12,3호선,을지로3가,10248,10542,20790,-294,4,12,화
2022-04-12,7호선,어린이대공원(세종대),14958,15664,30622,-706,4,12,화
2022-04-12,7호선,군자(능동),14852,11931,26783,2921,4,12,화
2022-04-12,7호선,중곡,11170,10186,21356,984,4,12,화
2022-04-12,7호선,용마산(용마폭포공원),6203,6085,12288,118,4,12,화
2022-04-12,7호선,사가정,16292,16396,32688,-104,4,12,화
2022-04-12,7호선,면목,16603,16237,32840,366,4,12,화
2022-04-12,7호선,상봉(시외버스터미널),16525,15291,31816,1234,4,12,화
2022-04-12,7호선,중화,10861,10548,21409,313,4,12,화
2022-04-12,7호선,먹골,10185,9950,20135,235,4,12,화
2022-04-12,7호선,고속터미널,14429,12593,27022,1836,4,12,화
2022-04-12,7호선,반포,5752,5527,11279,225,4,12,화
2022-04-12,2호선,을지로3가,22006,21689,43695,317,4,12,화
2022-04-12,1호선,종로5가,22771,22235,45006,536,4,12,화
2022-04-12,1호선,종로3가,23683,21619,45302,2064,4,12,화
2022-04-12,1호선,종각,33391,32587,65978,804,4,12,화
2022-04-12,1호선,시청,22164,22247,44411,-83,4,12,화
2022-04-12,1호선,서울역,40094,38562,78656,1532,4,12,화
2022-04-13,수인선,인천논현,5546,5936,11482,-390,4,13,수
2022-04-13,중앙선,지평,41,58,99,-17,4,13,수
2022-04-13,중앙선,용문,1474,1459,2933,15,4,13,수
2022-04-13,중앙선,원덕,344,360,704,-16,4,13,수
2022-04-13,중앙선,양평,3067,3149,6216,-82,4,13,수
2022-04-13,중앙선,오빈,264,269,533,-5,4,13,수
2022-04-13,중앙선,아신,452,471,923,-19,4,13,수
2022-04-13,중앙선,국수,699,670,1369,29,4,13,수
2022-04-13,중앙선,신원,152,139,291,13,4,13,수
2022-04-13,중앙선,양수,1576,1628,3204,-52,4,13,수
2022-04-13,중앙선,운길산,644,610,1254,34,4,13,수
2022-04-13,중앙선,팔당,723,748,1471,-25,4,13,수
2022-04-13,중앙선,도심,2380,1891,4271,489,4,13,수
2022-04-13,중앙선,덕소,5307,5291,10598,16,4,13,수
2022-04-13,중앙선,양정,688,572,1260,116,4,13,수
2022-04-13,중앙선,도농,10317,9335,19652,982,4,13,수
2022-04-13,중앙선,구리,12804,13122,25926,-318,4,13,수
2022-04-13,중앙선,양원,2976,2880,5856,96,4,13,수
2022-04-13,중앙선,망우,7421,7360,14781,61,4,13,수
2022-04-13,중앙선,상봉(시외버스터미널),5278,5356,10634,-78,4,13,수
2022-04-13,중앙선,중랑,5416,5040,10456,376,4,13,수
2022-04-13,중앙선,회기,24363,23841,48204,522,4,13,수
2022-04-13,장항선,신창(순천향대),2537,2420,4957,117,4,13,수
2022-04-13,장항선,온양온천,3219,3311,6530,-92,4,13,수
2022-04-13,장항선,배방,1016,963,1979,53,4,13,수
2022-04-13,장항선,탕정,702,618,1320,84,4,13,수
2022-04-13,장항선,아산,3543,3126,6669,417,4,13,수
2022-04-13,장항선,쌍용(나사렛대),2863,2635,5498,228,4,13,수
2022-04-13,장항선,봉명,1250,1214,2464,36,4,13,수
2022-04-13,일산선,대화,12554,10151,22705,2403,4,13,수
2022-04-13,일산선,주엽,8778,8813,17591,-35,4,13,수
2022-04-13,일산선,정발산,6569,6678,13247,-109,4,13,수
2022-04-13,일산선,마두,7267,7529,14796,-262,4,13,수
2022-04-13,일산선,백석,9375,9231,18606,144,4,13,수
2022-04-13,일산선,대곡,2091,1706,3797,385,4,13,수
2022-04-13,일산선,화정,16312,16786,33098,-474,4,13,수
2022-04-13,일산선,원당,11239,10643,21882,596,4,13,수
2022-04-13,일산선,삼송,19260,18802,38062,458,4,13,수
2022-04-13,일산선,원흥,10812,10250,21062,562,4,13,수
2022-04-13,우이신설선,신설동,2150,2059,4209,91,4,13,수
2022-04-13,우이신설선,보문,1499,1504,3003,-5,4,13,수
2022-04-13,우이신설선,성신여대입구(돈암),3231,3494,6725,-263,4,13,수
2022-04-13,우이신설선,정릉,4655,4226,8881,429,4,13,수
2022-04-13,우이신설선,북한산보국문,5952,5678,11630,274,4,13,수
2022-04-13,우이신설선,솔샘,5759,5499,11258,260,4,13,수
2022-04-13,우이신설선,삼양사거리,2346,2343,4689,3,4,13,수
2022-04-13,우이신설선,삼양,1938,2079,4017,-141,4,13,수
2022-04-13,우이신설선,화계,3344,3148,6492,196,4,13,수
2022-04-13,우이신설선,가오리,4161,4168,8329,-7,4,13,수
2022-04-13,우이신설선,4.19민주묘지,3675,3607,7282,68,4,13,수
2022-04-13,우이신설선,솔밭공원,2433,2307,4740,126,4,13,수
2022-04-13,우이신설선,북한산우이,2419,2131,4550,288,4,13,수
2022-04-13,안산선,수리산,4137,3384,7521,753,4,13,수
2022-04-13,안산선,오이도,8045,7991,16036,54,4,13,수
2022-04-13,안산선,정왕,8702,9102,17804,-400,4,13,수
2022-04-13,안산선,신길온천,1646,1538,3184,108,4,13,수
2022-04-13,안산선,안산,11188,10034,21222,1154,4,13,수
2022-04-13,안산선,초지,5068,5569,10637,-501,4,13,수
2022-04-13,안산선,고잔,8654,8311,16965,343,4,13,수
2022-04-13,안산선,중앙,17273,18064,35337,-791,4,13,수
2022-04-13,안산선,한대앞,9983,10026,20009,-43,4,13,수
2022-04-13,안산선,상록수,16149,16392,32541,-243,4,13,수
2022-04-13,안산선,반월,4232,4051,8283,181,4,13,수
2022-04-13,안산선,대야미,4902,4401,9303,501,4,13,수
2022-04-13,안산선,산본,15443,16496,31939,-1053,4,13,수
2022-04-13,수인선,인천,931,1604,2535,-673,4,13,수
2022-04-13,수인선,신포,1800,1804,3604,-4,4,13,수
2022-04-13,수인선,숭의,3995,3683,7678,312,4,13,수
2022-04-13,수인선,인하대,6992,6624,13616,368,4,13,수
2022-04-13,수인선,송도,2406,2221,4627,185,4,13,수
2022-04-13,수인선,연수,4531,4419,8950,112,4,13,수
2022-04-13,수인선,원인재,4377,4662,9039,-285,4,13,수
2022-04-13,수인선,남동인더스파크,2270,2578,4848,-308,4,13,수
2022-04-13,수인선,호구포,4078,4220,8298,-142,4,13,수
2022-04-13,수인선,소래포구,4959,4647,9606,312,4,13,수
2022-04-13,수인선,월곶,2819,2576,5395,243,4,13,수
2022-04-13,수인선,달월,102,58,160,44,4,13,수
2022-04-13,수인선,사리,4724,4155,8879,569,4,13,수
2022-04-13,수인선,야목,379,293,672,86,4,13,수
2022-04-13,수인선,어천,637,681,1318,-44,4,13,수
2022-04-13,수인선,오목천,3397,3178,6575,219,4,13,수
2022-04-13,수인선,고색,5000,4668,9668,332,4,13,수
2022-04-13,분당선,매교,3041,3055,6096,-14,4,13,수
2022-04-13,분당선,수원시청,11884,12638,24522,-754,4,13,수
2022-04-13,분당선,매탄권선,4978,4933,9911,45,4,13,수
2022-04-13,분당선,망포,13812,13204,27016,608,4,13,수
2022-04-13,분당선,영통,7834,7967,15801,-133,4,13,수
2022-04-13,분당선,청명,4152,4024,8176,128,4,13,수
2022-04-13,분당선,상갈,5175,5079,10254,96,4,13,수
2022-04-13,분당선,기흥,9764,9168,18932,596,4,13,수
2022-04-13,분당선,신갈,4280,4252,8532,28,4,13,수
2022-04-13,분당선,구성,4928,5102,10030,-174,4,13,수
2022-04-13,분당선,죽전,13602,14930,28532,-1328,4,13,수
2022-04-13,분당선,보정,2537,2149,4686,388,4,13,수
2022-04-13,분당선,이매,5600,5157,10757,443,4,13,수
2022-04-13,분당선,오리,11394,9243,20637,2151,4,13,수
2022-04-13,분당선,미금,14948,15899,30847,-951,4,13,수
2022-04-13,분당선,정자,16779,17642,34421,-863,4,13,수
2022-04-13,분당선,수내,12922,12919,25841,3,4,13,수
2022-04-13,분당선,서현,22494,22898,45392,-404,4,13,수
2022-04-13,분당선,야탑,25121,26369,51490,-1248,4,13,수
2022-04-13,분당선,모란,19180,19472,38652,-292,4,13,수
2022-04-13,분당선,태평,12978,12561,25539,417,4,13,수
2022-04-13,분당선,가천대,10591,11505,22096,-914,4,13,수
2022-04-13,분당선,선정릉,8097,8601,16698,-504,4,13,수
2022-04-13,분당선,강남구청,9860,11491,21351,-1631,4,13,수
2022-04-13,분당선,압구정로데오,17680,19565,37245,-1885,4,13,수
2022-04-13,분당선,서울숲,10570,10663,21233,-93,4,13,수
2022-04-13,분당선,수원,7686,6405,14091,1281,4,13,수
2022-04-13,분당선,복정,2,0,2,2,4,13,수
2022-04-13,분당선,수서,13047,13209,26256,-162,4,13,수
2022-04-13,분당선,대모산입구,4473,4078,8551,395,4,13,수
2022-04-13,분당선,개포동,4031,4124,8155,-93,4,13,수
2022-04-13,분당선,구룡,2371,2281,4652,90,4,13,수
2022-04-13,분당선,도곡,6721,6574,13295,147,4,13,수
2022-04-13,분당선,한티,13732,14712,28444,-980,4,13,수
2022-04-13,분당선,선릉,13252,20146,33398,-6894,4,13,수
2022-04-13,과천선,범계,25282,25278,50560,4,4,13,수
2022-04-13,과천선,평촌,17295,17165,34460,130,4,13,수
2022-04-13,과천선,인덕원,23952,24683,48635,-731,4,13,수
2022-04-13,과천선,정부과천청사,10585,10451,21036,134,4,13,수
2022-04-13,과천선,과천,6464,5970,12434,494,4,13,수
2022-04-13,과천선,대공원,2804,3018,5822,-214,4,13,수
2022-04-13,과천선,경마공원,1599,1592,3191,7,4,13,수
2022-04-13,과천선,선바위,8365,7435,15800,930,4,13,수
2022-04-13,공항철도 1호선,영종,2942,2923,5865,19,4,13,수
2022-04-13,공항철도 1호선,인천공항2터미널,2402,2240,4642,162,4,13,수
2022-04-13,공항철도 1호선,인천공항1터미널,4577,4388,8965,189,4,13,수
2022-04-13,공항철도 1호선,공항화물청사,2303,2401,4704,-98,4,13,수
2022-04-13,공항철도 1호선,운서,6618,6564,13182,54,4,13,수
2022-04-13,공항철도 1호선,청라국제도시,6836,6482,13318,354,4,13,수
2022-04-13,공항철도 1호선,검암,6485,6429,12914,56,4,13,수
2022-04-13,공항철도 1호선,계양,10465,9944,20409,521,4,13,수
2022-04-13,공항철도 1호선,김포공항,10452,6407,16859,4045,4,13,수
2022-04-13,공항철도 1호선,마곡나루(서울식물원),8998,8785,17783,213,4,13,수
2022-04-13,공항철도 1호선,디지털미디어시티,14096,12919,27015,1177,4,13,수
2022-04-13,공항철도 1호선,홍대입구,8482,8582,17064,-100,4,13,수
2022-04-13,공항철도 1호선,공덕,2153,2908,5061,-755,4,13,수
2022-04-13,공항철도 1호선,서울역,7082,6498,13580,584,4,13,수
2022-04-13,경춘선,춘천,1226,1171,2397,55,4,13,수
2022-04-13,경춘선,남춘천,2237,2136,4373,101,4,13,수
2022-04-13,경춘선,김유정,235,218,453,17,4,13,수
2022-04-13,경춘선,강촌,329,345,674,-16,4,13,수
2022-04-13,경춘선,백양리,65,63,128,2,4,13,수
2022-04-13,경춘선,굴봉산,77,84,161,-7,4,13,수
2022-04-13,경춘선,가평,1355,1360,2715,-5,4,13,수
2022-04-13,경춘선,상천,212,201,413,11,4,13,수
2022-04-13,경춘선,청평,1395,1372,2767,23,4,13,수
2022-04-13,경춘선,대성리,486,429,915,57,4,13,수
2022-04-13,경춘선,마석,4034,3988,8022,46,4,13,수
2022-04-13,경춘선,천마산,1668,1467,3135,201,4,13,수
2022-04-13,경춘선,평내호평,6132,5999,12131,133,4,13,수
2022-04-13,경춘선,금곡,1419,1406,2825,13,4,13,수
2022-04-13,경춘선,사릉,2572,2492,5064,80,4,13,수
2022-04-13,경춘선,퇴계원,3418,3188,6606,230,4,13,수
2022-04-13,경춘선,별내,3045,2859,5904,186,4,13,수
2022-04-13,경춘선,갈매,2965,2564,5529,401,4,13,수
2022-04-13,경춘선,신내,2256,2177,4433,79,4,13,수
2022-04-13,경인선,도화,4247,3920,8167,327,4,13,수
2022-04-13,경인선,중동,9295,8728,18023,567,4,13,수
2022-04-13,경인선,온수(성공회대입구),7103,6902,14005,201,4,13,수
2022-04-13,경인선,도원,3193,3111,6304,82,4,13,수
2022-04-13,경인선,간석,5893,5287,11180,606,4,13,수
2022-04-13,경인선,부개,8676,8148,16824,528,4,13,수
2022-04-13,경인선,소사,9060,8873,17933,187,4,13,수
2022-04-13,경인선,구일,7283,7224,14507,59,4,13,수
2022-04-13,경인선,인천,3234,2362,5596,872,4,13,수
2022-04-13,경인선,동인천,14018,13349,27367,669,4,13,수
2022-04-13,경인선,제물포,10921,10488,21409,433,4,13,수
2022-04-13,경인선,주안,19179,17544,36723,1635,4,13,수
2022-04-13,경인선,동암,14050,14250,28300,-200,4,13,수
2022-04-13,경인선,백운,6820,6722,13542,98,4,13,수
2022-04-13,경인선,부평,27489,29479,56968,-1990,4,13,수
2022-04-13,경인선,송내,27233,27200,54433,33,4,13,수
2022-04-13,경인선,부천,31840,32066,63906,-226,4,13,수
2022-04-13,경인선,역곡,27960,27601,55561,359,4,13,수
2022-04-13,경인선,오류동,11848,10982,22830,866,4,13,수
2022-04-13,경인선,개봉,21045,20773,41818,272,4,13,수
2022-04-13,경의선,검암,1,0,1,1,4,13,수
2022-04-13,경의선,임진강,10,5,15,5,4,13,수
2022-04-13,경의선,문산,4755,4674,9429,81,4,13,수
2022-04-13,경의선,파주,1552,1168,2720,384,4,13,수
2022-04-13,경의선,월롱,3220,2965,6185,255,4,13,수
2022-04-13,경의선,금촌,6019,5989,12008,30,4,13,수
2022-04-13,경의선,금릉,4798,4700,9498,98,4,13,수
2022-04-13,경의선,운정,7059,6607,13666,452,4,13,수
2022-04-13,경의선,야당,7493,7569,15062,-76,4,13,수
2022-04-13,경의선,탄현,7818,7444,15262,374,4,13,수
2022-04-13,경의선,일산,10487,10366,20853,121,4,13,수
2022-04-13,경의선,풍산,5448,4978,10426,470,4,13,수
2022-04-13,경의선,백마,7003,6847,13850,156,4,13,수
2022-04-13,경의선,곡산,669,693,1362,-24,4,13,수
2022-04-13,경의선,능곡,3908,3576,7484,332,4,13,수
2022-04-13,경의선,행신,7943,8088,16031,-145,4,13,수
2022-04-13,경의선,강매,3341,2801,6142,540,4,13,수
2022-04-13,경의선,화전,3698,3449,7147,249,4,13,수
2022-04-13,경의선,수색,2796,2947,5743,-151,4,13,수
2022-04-13,경의선,디지털미디어시티,2493,2241,4734,252,4,13,수
2022-04-13,경의선,가좌,5391,5145,10536,246,4,13,수
2022-04-13,경의선,홍대입구,1497,1706,3203,-209,4,13,수
2022-04-13,경의선,서강대,2123,2060,4183,63,4,13,수
2022-04-13,경의선,공덕,3402,3039,6441,363,4,13,수
2022-04-13,경의선,효창공원앞,2952,3349,6301,-397,4,13,수
2022-04-13,경의선,신촌,834,1094,1928,-260,4,13,수
2022-04-13,경의선,서울역,4239,5460,9699,-1221,4,13,수
2022-04-13,경원선,소요산,2132,1842,3974,290,4,13,수
2022-04-13,경원선,동두천,2621,2837,5458,-216,4,13,수
2022-04-13,경원선,보산,1474,1348,2822,126,4,13,수
2022-04-13,경원선,동두천중앙,3016,2927,5943,89,4,13,수
2022-04-13,경원선,지행,6629,6640,13269,-11,4,13,수
2022-04-13,경원선,덕정,6349,5993,12342,356,4,13,수
2022-04-13,경원선,덕계,3378,3092,6470,286,4,13,수
2022-04-13,경원선,양주,7923,7454,15377,469,4,13,수
2022-04-13,경원선,녹양,4665,4303,8968,362,4,13,수
2022-04-13,경원선,가능,6914,6615,13529,299,4,13,수
2022-04-13,경원선,의정부,17653,18323,35976,-670,4,13,수
2022-04-13,경원선,회룡,12373,12362,24735,11,4,13,수
2022-04-13,경원선,망월사,9559,9701,19260,-142,4,13,수
2022-04-13,경원선,도봉산,6779,4470,11249,2309,4,13,수
2022-04-13,경원선,도봉,5872,5621,11493,251,4,13,수
2022-04-13,경원선,방학,9672,9567,19239,105,4,13,수
2022-04-13,경원선,녹천,4735,3942,8677,793,4,13,수
2022-04-13,경원선,월계,8339,7756,16095,583,4,13,수
2022-04-13,경원선,광운대,8982,8899,17881,83,4,13,수
2022-04-13,경원선,석계,8109,8895,17004,-786,4,13,수
2022-04-13,경원선,신이문,8190,7613,15803,577,4,13,수
2022-04-13,경원선,외대앞,8071,8115,16186,-44,4,13,수
2022-04-13,경원선,청량리(서울시립대입구),12825,13356,26181,-531,4,13,수
2022-04-13,경원선,왕십리(성동구청),14082,15299,29381,-1217,4,13,수
2022-04-13,경원선,응봉,1847,1616,3463,231,4,13,수
2022-04-13,경원선,옥수,45,29,74,16,4,13,수
2022-04-13,경원선,한남,3887,3715,7602,172,4,13,수
2022-04-13,경원선,서빙고,1869,1715,3584,154,4,13,수
2022-04-13,경원선,이촌(국립중앙박물관),3544,2683,6227,861,4,13,수
2022-04-13,경부선,광명,3168,2807,5975,361,4,13,수
2022-04-13,경부선,서동탄,1317,1171,2488,146,4,13,수
2022-04-13,경부선,당정,6407,6086,12493,321,4,13,수
2022-04-13,경부선,천안,6111,5709,11820,402,4,13,수
2022-04-13,경부선,두정,7080,7654,14734,-574,4,13,수
2022-04-13,경부선,직산,771,751,1522,20,4,13,수
2022-04-13,경부선,성환,5105,4885,9990,220,4,13,수
2022-04-13,경부선,평택,11487,11654,23141,-167,4,13,수
2022-04-13,경부선,평택지제,3204,3061,6265,143,4,13,수
2022-04-13,경부선,서정리,7132,6530,13662,602,4,13,수
2022-04-13,경부선,송탄,4010,3933,7943,77,4,13,수
2022-04-13,경부선,진위,1653,1438,3091,215,4,13,수
2022-04-13,경부선,오산,9719,9680,19399,39,4,13,수
2022-04-13,경부선,오산대,3981,3632,7613,349,4,13,수
2022-04-13,경부선,세마,2746,2666,5412,80,4,13,수
2022-04-13,경부선,병점,14758,14979,29737,-221,4,13,수
2022-04-13,경부선,세류,2832,2518,5350,314,4,13,수
2022-04-13,경부선,독산,18762,19300,38062,-538,4,13,수
2022-04-13,경부선,수원,32550,34624,67174,-2074,4,13,수
2022-04-13,경부선,화서,7876,7562,15438,314,4,13,수
2022-04-13,경부선,성균관대,14832,14488,29320,344,4,13,수
2022-04-13,경부선,의왕,9062,8980,18042,82,4,13,수
2022-04-13,경부선,군포,7845,7779,15624,66,4,13,수
2022-04-13,경부선,금정,26315,26904,53219,-589,4,13,수
2022-04-13,경부선,명학,10712,10522,21234,190,4,13,수
2022-04-13,경부선,안양,25806,25452,51258,354,4,13,수
2022-04-13,경부선,관악,7067,6656,13723,411,4,13,수
2022-04-13,경부선,석수,9564,8618,18182,946,4,13,수
2022-04-13,경부선,금천구청,11562,11328,22890,234,4,13,수
2022-04-13,경부선,가산디지털단지,18443,21376,39819,-2933,4,13,수
2022-04-13,경부선,구로,18215,18732,36947,-517,4,13,수
2022-04-13,경부선,신길,9012,7639,16651,1373,4,13,수
2022-04-13,경부선,신도림,3876,3950,7826,-74,4,13,수
2022-04-13,경부선,영등포,34520,35505,70025,-985,4,13,수
2022-04-13,경부선,대방,12921,13393,26314,-472,4,13,수
2022-04-13,경부선,노량진,7645,8084,15729,-439,4,13,수
2022-04-13,경부선,용산,30292,30513,60805,-221,4,13,수
2022-04-13,경부선,남영,9524,10204,19728,-680,4,13,수
2022-04-13,경부선,서울역,5063,1743,6806,3320,4,13,수
2022-04-13,경강선,여주,2225,2224,4449,1,4,13,수
2022-04-13,경강선,세종대왕릉,262,261,523,1,4,13,수
2022-04-13,경강선,부발,1903,1911,3814,-8,4,13,수
2022-04-13,경강선,이천,2303,2400,4703,-97,4,13,수
2022-04-13,경강선,신둔도예촌,1537,1366,2903,171,4,13,수
2022-04-13,경강선,곤지암,2112,2079,4191,33,4,13,수
2022-04-13,경강선,초월,2998,2858,5856,140,4,13,수
2022-04-13,경강선,경기광주,7288,6969,14257,319,4,13,수
2022-04-13,경강선,삼동,2351,2078,4429,273,4,13,수
2022-04-13,경강선,이매,1055,914,1969,141,4,13,수
2022-04-13,경강선,판교,4561,4443,9004,118,4,13,수
2022-04-13,9호선2~3단계,중앙보훈병원,10744,9650,20394,1094,4,13,수
2022-04-13,9호선2~3단계,둔촌오륜,1263,1104,2367,159,4,13,수
2022-04-13,9호선2~3단계,올림픽공원(한국체대),5620,5564,11184,56,4,13,수
2022-04-13,9호선2~3단계,한성백제,2573,2268,4841,305,4,13,수
2022-04-13,9호선2~3단계,송파나루,5118,5291,10409,-173,4,13,수
2022-04-13,9호선2~3단계,석촌,8090,7187,15277,903,4,13,수
2022-04-13,9호선2~3단계,석촌고분,6072,5963,12035,109,4,13,수
2022-04-13,9호선2~3단계,삼전,6867,6569,13436,298,4,13,수
2022-04-13,9호선2~3단계,종합운동장,4100,4279,8379,-179,4,13,수
2022-04-13,9호선2~3단계,봉은사,16514,16901,33415,-387,4,13,수
2022-04-13,9호선2~3단계,삼성중앙,6707,7204,13911,-497,4,13,수
2022-04-13,9호선2~3단계,선정릉,9519,10550,20069,-1031,4,13,수
2022-04-13,9호선2~3단계,언주,10103,10489,20592,-386,4,13,수
2022-04-13,9호선,신논현,29522,29391,58913,131,4,13,수
2022-04-13,9호선,사평,3469,3408,6877,61,4,13,수
2022-04-13,9호선,고속터미널,11188,13428,24616,-2240,4,13,수
2022-04-13,9호선,신반포,3373,3160,6533,213,4,13,수
2022-04-13,9호선,구반포,1192,1301,2493,-109,4,13,수
2022-04-13,9호선,동작(현충원),1947,1567,3514,380,4,13,수
2022-04-13,9호선,흑석(중앙대입구),8986,9106,18092,-120,4,13,수
2022-04-13,9호선,노들,4403,3696,8099,707,4,13,수
2022-04-13,9호선,노량진,26170,25063,51233,1107,4,13,수
2022-04-13,9호선,샛강,6111,6138,12249,-27,4,13,수
2022-04-13,9호선,여의도,27668,26920,54588,748,4,13,수
2022-04-13,9호선,국회의사당,16657,16825,33482,-168,4,13,수
2022-04-13,9호선,당산,18097,17976,36073,121,4,13,수
2022-04-13,9호선,선유도,8747,8259,17006,488,4,13,수
2022-04-13,9호선,신목동,4095,3608,7703,487,4,13,수
2022-04-13,9호선,염창,17010,16463,33473,547,4,13,수
2022-04-13,9호선,등촌,10987,10512,21499,475,4,13,수
2022-04-13,9호선,증미,7176,7017,14193,159,4,13,수
2022-04-13,9호선,가양,20207,19829,40036,378,4,13,수
2022-04-13,9호선,양천향교,9917,10169,20086,-252,4,13,수
2022-04-13,9호선,마곡나루(서울식물원),12116,11835,23951,281,4,13,수
2022-04-13,9호선,신방화,6899,6700,13599,199,4,13,수
2022-04-13,9호선,공항시장,2978,3150,6128,-172,4,13,수
2022-04-13,9호선,김포공항,6378,10190,16568,-3812,4,13,수
2022-04-13,9호선,개화,2463,1671,4134,792,4,13,수
2022-04-13,8호선,남위례,4711,4852,9563,-141,4,13,수
2022-04-13,8호선,모란,4128,3226,7354,902,4,13,수
2022-04-13,8호선,수진,5110,4777,9887,333,4,13,수
2022-04-13,8호선,신흥,4015,4236,8251,-221,4,13,수
2022-04-13,8호선,단대오거리,10950,10582,21532,368,4,13,수
2022-04-13,8호선,남한산성입구(성남법원.검찰청),15201,14140,29341,1061,4,13,수
2022-04-13,8호선,산성,5333,5358,10691,-25,4,13,수
2022-04-13,8호선,복정,9971,8298,18269,1673,4,13,수
2022-04-13,8호선,장지,17152,16342,33494,810,4,13,수
2022-04-13,8호선,문정,22258,23576,45834,-1318,4,13,수
2022-04-13,8호선,가락시장,7511,8308,15819,-797,4,13,수
2022-04-13,8호선,송파,8295,8129,16424,166,4,13,수
2022-04-13,8호선,석촌,7671,8678,16349,-1007,4,13,수
2022-04-13,8호선,잠실(송파구청),13247,15532,28779,-2285,4,13,수
2022-04-13,8호선,몽촌토성(평화의문),5888,5921,11809,-33,4,13,수
2022-04-13,8호선,강동구청,10340,10618,20958,-278,4,13,수
2022-04-13,8호선,천호(풍납토성),14021,16061,30082,-2040,4,13,수
2022-04-13,8호선,암사,18623,16445,35068,2178,4,13,수
2022-04-13,7호선,온수(성공회대입구),10981,10401,21382,580,4,13,수
2022-04-13,7호선,천왕,11441,10840,22281,601,4,13,수
2022-04-13,7호선,광명사거리,21518,21039,42557,479,4,13,수
2022-04-13,7호선,철산,20481,20824,41305,-343,4,13,수
2022-04-13,7호선,가산디지털단지,44950,45477,90427,-527,4,13,수
2022-04-13,7호선,남구로,15402,16457,31859,-1055,4,13,수
2022-04-13,7호선,대림(구로구청),7316,7274,14590,42,4,13,수
2022-04-13,7호선,신풍,11522,10982,22504,540,4,13,수
2022-04-13,7호선,보라매,9655,9750,19405,-95,4,13,수
2022-04-13,7호선,신대방삼거리,16733,15828,32561,905,4,13,수
2022-04-13,7호선,장승배기,8715,8628,17343,87,4,13,수
2022-04-13,7호선,상도,11233,11041,22274,192,4,13,수
2022-04-13,7호선,숭실대입구(살피재),14450,14497,28947,-47,4,13,수
2022-04-13,7호선,남성,10905,10075,20980,830,4,13,수
2022-04-13,7호선,이수,15112,14702,29814,410,4,13,수
2022-04-13,7호선,내방,14437,14871,29308,-434,4,13,수
2022-04-13,7호선,고속터미널,14081,12170,26251,1911,4,13,수
2022-04-13,7호선,반포,5720,5576,11296,144,4,13,수
2022-04-13,7호선,논현,19742,21554,41296,-1812,4,13,수
2022-04-13,7호선,학동,24608,25962,50570,-1354,4,13,수
2022-04-13,7호선,강남구청,15938,17641,33579,-1703,4,13,수
2022-04-13,7호선,청담,19371,21529,40900,-2158,4,13,수
2022-04-13,7호선,뚝섬유원지,7056,6940,13996,116,4,13,수
2022-04-13,7호선,건대입구,12335,12620,24955,-285,4,13,수
2022-04-13,7호선,어린이대공원(세종대),14499,14882,29381,-383,4,13,수
2022-04-13,7호선,군자(능동),14645,11829,26474,2816,4,13,수
2022-04-13,7호선,중곡,10908,10123,21031,785,4,13,수
2022-04-13,7호선,용마산(용마폭포공원),6125,5852,11977,273,4,13,수
2022-04-13,7호선,사가정,15833,15837,31670,-4,4,13,수
2022-04-13,7호선,면목,16228,15788,32016,440,4,13,수
2022-04-13,7호선,상봉(시외버스터미널),16198,15154,31352,1044,4,13,수
2022-04-13,7호선,중화,10703,10560,21263,143,4,13,수
2022-04-13,7호선,먹골,9949,9689,19638,260,4,13,수
2022-04-13,7호선,태릉입구,8570,8191,16761,379,4,13,수
2022-04-13,7호선,공릉(서울과학기술대),12379,12207,24586,172,4,13,수
2022-04-13,7호선,하계,18309,17361,35670,948,4,13,수
2022-04-13,7호선,중계,14711,13333,28044,1378,4,13,수
2022-04-13,7호선,노원,18359,19109,37468,-750,4,13,수
2022-04-13,7호선,마들,12711,12005,24716,706,4,13,수
2022-04-13,7호선,수락산,12215,11911,24126,304,4,13,수
2022-04-13,7호선,도봉산,9177,10404,19581,-1227,4,13,수
2022-04-13,7호선,장암,2224,855,3079,1369,4,13,수
2022-04-13,6호선,봉화산(서울의료원),8837,8233,17070,604,4,13,수
2022-04-13,6호선,화랑대(서울여대입구),12195,9576,21771,2619,4,13,수
2022-04-13,6호선,태릉입구,5500,6010,11510,-510,4,13,수
2022-04-13,6호선,석계,12200,12918,25118,-718,4,13,수
2022-04-13,6호선,돌곶이,10059,9353,19412,706,4,13,수
2022-04-13,6호선,상월곡(한국과학기술연구원),6501,5992,12493,509,4,13,수
2022-04-13,6호선,월곡(동덕여대),12357,12044,24401,313,4,13,수
2022-04-13,6호선,고려대(종암),8248,8048,16296,200,4,13,수
2022-04-13,6호선,안암(고대병원앞),13709,13766,27475,-57,4,13,수
2022-04-13,6호선,보문,7225,6596,13821,629,4,13,수
2022-04-13,6호선,창신,3806,3231,7037,575,4,13,수
2022-04-13,6호선,동묘앞,7326,7521,14847,-195,4,13,수
2022-04-13,6호선,신당,9196,9359,18555,-163,4,13,수
2022-04-13,6호선,청구,3761,4049,7810,-288,4,13,수
2022-04-13,6호선,약수,3579,3544,7123,35,4,13,수
2022-04-13,6호선,버티고개,2107,2026,4133,81,4,13,수
2022-04-13,6호선,한강진,7063,8220,15283,-1157,4,13,수
2022-04-13,6호선,이태원,8945,9348,18293,-403,4,13,수
2022-04-13,6호선,녹사평(용산구청),4231,4333,8564,-102,4,13,수
2022-04-13,6호선,삼각지,6512,5802,12314,710,4,13,수
2022-04-13,6호선,효창공원앞,7178,6747,13925,431,4,13,수
2022-04-13,6호선,공덕,18039,17522,35561,517,4,13,수
2022-04-13,6호선,대흥(서강대앞),8303,8497,16800,-194,4,13,수
2022-04-13,6호선,광흥창(서강),9062,8753,17815,309,4,13,수
2022-04-13,6호선,상수,7966,8976,16942,-1010,4,13,수
2022-04-13,6호선,합정,12490,12350,24840,140,4,13,수
2022-04-13,6호선,망원,12947,13678,26625,-731,4,13,수
2022-04-13,6호선,마포구청,13967,12735,26702,1232,4,13,수
2022-04-13,6호선,월드컵경기장(성산),3793,3979,7772,-186,4,13,수
2022-04-13,6호선,디지털미디어시티,13599,15161,28760,-1562,4,13,수
2022-04-13,6호선,증산(명지대앞),9984,10044,20028,-60,4,13,수
2022-04-13,6호선,새절(신사),13066,12306,25372,760,4,13,수
2022-04-13,6호선,구산,7571,5730,13301,1841,4,13,수
2022-04-13,6호선,연신내,1,0,1,1,4,13,수
2022-04-13,6호선,독바위,2644,2755,5399,-111,4,13,수
2022-04-13,6호선,불광,4107,4127,8234,-20,4,13,수
2022-04-13,6호선,역촌,3681,4285,7966,-604,4,13,수
2022-04-13,6호선,응암,17332,17126,34458,206,4,13,수
2022-04-13,5호선,하남검단산,5201,4996,10197,205,4,13,수
2022-04-13,5호선,하남시청(덕풍·신장),6386,6199,12585,187,4,13,수
2022-04-13,5호선,하남풍산,4164,4110,8274,54,4,13,수
2022-04-13,5호선,미사,15698,15607,31305,91,4,13,수
2022-04-13,5호선,강일,4025,3784,7809,241,4,13,수
2022-04-13,5호선,마천,7111,6822,13933,289,4,13,수
2022-04-13,5호선,거여,10285,9728,20013,557,4,13,수
2022-04-13,5호선,개롱,6423,6637,13060,-214,4,13,수
2022-04-13,5호선,오금,3806,3839,7645,-33,4,13,수
2022-04-13,5호선,방이,6934,7274,14208,-340,4,13,수
2022-04-13,5호선,올림픽공원(한국체대),4267,3669,7936,598,4,13,수
2022-04-13,5호선,둔촌동,8243,8283,16526,-40,4,13,수
2022-04-13,5호선,상일동,14476,13698,28174,778,4,13,수
2022-04-13,5호선,고덕,9489,9197,18686,292,4,13,수
2022-04-13,5호선,명일,8662,8986,17648,-324,4,13,수
2022-04-13,5호선,굽은다리(강동구민회관앞),9285,8868,18153,417,4,13,수
2022-04-13,5호선,길동,7631,7998,15629,-367,4,13,수
2022-04-13,5호선,강동,18506,17822,36328,684,4,13,수
2022-04-13,5호선,천호(풍납토성),16942,16759,33701,183,4,13,수
2022-04-13,5호선,광나루(장신대),13095,11777,24872,1318,4,13,수
2022-04-13,5호선,아차산(어린이대공원후문),14151,13841,27992,310,4,13,수
2022-04-13,5호선,군자(능동),10854,12089,22943,-1235,4,13,수
2022-04-13,5호선,장한평,18451,18411,36862,40,4,13,수
2022-04-13,5호선,답십리,15912,14515,30427,1397,4,13,수
2022-04-13,5호선,마장,5620,5332,10952,288,4,13,수
2022-04-13,5호선,왕십리(성동구청),4476,5218,9694,-742,4,13,수
2022-04-13,5호선,행당,7914,7115,15029,799,4,13,수
2022-04-13,5호선,신금호,6440,6699,13139,-259,4,13,수
2022-04-13,5호선,청구,4062,3610,7672,452,4,13,수
2022-04-13,5호선,동대문역사문화공원(DDP),2877,3250,6127,-373,4,13,수
2022-04-13,5호선,을지로4가,6053,5993,12046,60,4,13,수
2022-04-13,5호선,종로3가,11595,11328,22923,267,4,13,수
2022-04-13,5호선,광화문(세종문화회관),29041,30583,59624,-1542,4,13,수
2022-04-13,5호선,서대문,20075,20044,40119,31,4,13,수
2022-04-13,5호선,충정로(경기대입구),4948,5023,9971,-75,4,13,수
2022-04-13,5호선,애오개,6864,6959,13823,-95,4,13,수
2022-04-13,5호선,공덕,14024,14921,28945,-897,4,13,수
2022-04-13,5호선,마포,14764,15150,29914,-386,4,13,수
2022-04-13,5호선,여의나루,9387,10943,20330,-1556,4,13,수
2022-04-13,5호선,여의도,29047,30112,59159,-1065,4,13,수
2022-04-13,5호선,신길,4174,4481,8655,-307,4,13,수
2022-04-13,5호선,영등포시장,9823,10118,19941,-295,4,13,수
2022-04-13,5호선,영등포구청,4030,4101,8131,-71,4,13,수
2022-04-13,5호선,양평,7491,7449,14940,42,4,13,수
2022-04-13,5호선,오목교(목동운동장앞),20847,22433,43280,-1586,4,13,수
2022-04-13,5호선,목동,16717,17963,34680,-1246,4,13,수
2022-04-13,5호선,신정(은행정),13969,11506,25475,2463,4,13,수
2022-04-13,5호선,까치산,28404,26898,55302,1506,4,13,수
2022-04-13,5호선,화곡,28035,26222,54257,1813,4,13,수
2022-04-13,5호선,우장산,14535,14417,28952,118,4,13,수
2022-04-13,5호선,발산,20461,20877,41338,-416,4,13,수
2022-04-13,5호선,마곡,10714,10627,21341,87,4,13,수
2022-04-13,5호선,송정,6390,6038,12428,352,4,13,수
2022-04-13,5호선,김포공항,6522,6303,12825,219,4,13,수
2022-04-13,5호선,개화산,5521,5324,10845,197,4,13,수
2022-04-13,4호선,남태령,1200,1074,2274,126,4,13,수
2022-04-13,4호선,사당,24560,20349,44909,4211,4,13,수
2022-04-13,4호선,총신대입구(이수),18236,19813,38049,-1577,4,13,수
2022-04-13,4호선,동작(현충원),1238,1487,2725,-249,4,13,수
2022-04-13,4호선,이촌(국립중앙박물관),7019,7757,14776,-738,4,13,수
2022-04-13,4호선,신용산,15761,16519,32280,-758,4,13,수
2022-04-13,4호선,삼각지,4738,5380,10118,-642,4,13,수
2022-04-13,4호선,숙대입구(갈월),14231,13708,27939,523,4,13,수
2022-04-13,4호선,서울역,11017,15219,26236,-4202,4,13,수
2022-04-13,4호선,회현(남대문시장),23329,24649,47978,-1320,4,13,수
2022-04-13,4호선,명동,19371,19914,39285,-543,4,13,수
2022-04-13,4호선,충무로,28210,28473,56683,-263,4,13,수
2022-04-13,4호선,동대문역사문화공원(DDP),13778,12638,26416,1140,4,13,수
2022-04-13,4호선,동대문,18652,19172,37824,-520,4,13,수
2022-04-13,4호선,혜화,31977,32146,64123,-169,4,13,수
2022-04-13,4호선,한성대입구(삼선교),14317,13840,28157,477,4,13,수
2022-04-13,4호선,성신여대입구(돈암),20370,19587,39957,783,4,13,수
2022-04-13,4호선,길음,20981,20803,41784,178,4,13,수
2022-04-13,4호선,미아사거리,26464,25726,52190,738,4,13,수
2022-04-13,4호선,미아(서울사이버대학),15185,14869,30054,316,4,13,수
2022-04-13,4호선,수유(강북구청),32880,33212,66092,-332,4,13,수
2022-04-13,4호선,쌍문,28721,26438,55159,2283,4,13,수
2022-04-13,4호선,창동,24475,25453,49928,-978,4,13,수
2022-04-13,4호선,노원,18262,20405,38667,-2143,4,13,수
2022-04-13,4호선,상계,19189,17772,36961,1417,4,13,수
2022-04-13,4호선,당고개,8554,7779,16333,775,4,13,수
2022-04-13,3호선,오금,6195,5657,11852,538,4,13,수
2022-04-13,3호선,경찰병원,7360,7340,14700,20,4,13,수
2022-04-13,3호선,가락시장,8648,8412,17060,236,4,13,수
2022-04-13,3호선,수서,16331,16702,33033,-371,4,13,수
2022-04-13,3호선,일원,10330,10118,20448,212,4,13,수
2022-04-13,3호선,대청,10316,9458,19774,858,4,13,수
2022-04-13,3호선,학여울,1769,1861,3630,-92,4,13,수
2022-04-13,3호선,대치,10208,10490,20698,-282,4,13,수
2022-04-13,3호선,도곡,5218,5394,10612,-176,4,13,수
2022-04-13,3호선,매봉,12439,11838,24277,601,4,13,수
2022-04-13,3호선,양재(서초구청),37787,41245,79032,-3458,4,13,수
2022-04-13,3호선,남부터미널(예술의전당),27637,28040,55677,-403,4,13,수
2022-04-13,3호선,교대(법원.검찰청),14696,9684,24380,5012,4,13,수
2022-04-13,3호선,고속터미널,34773,33891,68664,882,4,13,수
2022-04-13,3호선,잠원,4693,4578,9271,115,4,13,수
2022-04-13,3호선,신사,28330,29661,57991,-1331,4,13,수
2022-04-13,3호선,압구정,29455,31697,61152,-2242,4,13,수
2022-04-13,3호선,옥수,8280,8675,16955,-395,4,13,수
2022-04-13,3호선,금호,7756,7271,15027,485,4,13,수
2022-04-13,3호선,약수,12710,12467,25177,243,4,13,수
2022-04-13,3호선,동대입구,8511,9440,17951,-929,4,13,수
2022-04-13,3호선,을지로3가,10453,10579,21032,-126,4,13,수
2022-04-13,3호선,종로3가,9931,11122,21053,-1191,4,13,수
2022-04-13,3호선,안국,20818,21200,42018,-382,4,13,수
2022-04-13,3호선,경복궁(정부서울청사),21570,21148,42718,422,4,13,수
2022-04-13,3호선,독립문,6830,7198,14028,-368,4,13,수
2022-04-13,3호선,무악재,3881,4016,7897,-135,4,13,수
2022-04-13,3호선,홍제,17503,16827,34330,676,4,13,수
2022-04-13,3호선,녹번,15628,13985,29613,1643,4,13,수
2022-04-13,3호선,불광,15602,16607,32209,-1005,4,13,수
2022-04-13,3호선,연신내,35693,33620,69313,2073,4,13,수
2022-04-13,3호선,구파발,19975,19101,39076,874,4,13,수
2022-04-13,3호선,지축,4942,4594,9536,348,4,13,수
2022-04-13,2호선,용두(동대문구청),2245,2279,4524,-34,4,13,수
2022-04-13,2호선,신정네거리,9920,10355,20275,-435,4,13,수
2022-04-13,2호선,양천구청,6641,6940,13581,-299,4,13,수
2022-04-13,2호선,도림천,1399,1521,2920,-122,4,13,수
2022-04-13,2호선,신설동,3147,1745,4892,1402,4,13,수
2022-04-13,2호선,신답,1577,1815,3392,-238,4,13,수
2022-04-13,2호선,용답,3034,3236,6270,-202,4,13,수
2022-04-13,2호선,충정로(경기대입구),10101,10720,20821,-619,4,13,수
2022-04-13,2호선,아현,10400,9854,20254,546,4,13,수
2022-04-13,2호선,이대,13396,14022,27418,-626,4,13,수
2022-04-13,2호선,신촌,30917,31523,62440,-606,4,13,수
2022-04-13,2호선,홍대입구,47728,50183,97911,-2455,4,13,수
2022-04-13,2호선,합정,28970,30529,59499,-1559,4,13,수
2022-04-13,2호선,당산,18704,21690,40394,-2986,4,13,수
2022-04-13,2호선,영등포구청,22566,23156,45722,-590,4,13,수
2022-04-13,2호선,문래,21817,22120,43937,-303,4,13,수
2022-04-13,2호선,신도림,46554,46617,93171,-63,4,13,수
2022-04-13,2호선,대림(구로구청),23098,23560,46658,-462,4,13,수
2022-04-13,2호선,구로디지털단지,58064,57855,115919,209,4,13,수
2022-04-13,2호선,신대방,25855,25380,51235,475,4,13,수
2022-04-13,2호선,신림,61868,59781,121649,2087,4,13,수
2022-04-13,2호선,봉천,23356,21685,45041,1671,4,13,수
2022-04-13,2호선,서울대입구(관악구청),46511,45592,92103,919,4,13,수
2022-04-13,2호선,낙성대(강감찬),26671,26225,52896,446,4,13,수
2022-04-13,2호선,사당,35564,39196,74760,-3632,4,13,수
2022-04-13,2호선,방배,19228,19853,39081,-625,4,13,수
2022-04-13,2호선,서초,21544,20976,42520,568,4,13,수
2022-04-13,2호선,교대(법원.검찰청),33743,38036,71779,-4293,4,13,수
2022-04-13,2호선,강남,78530,77989,156519,541,4,13,수
2022-04-13,2호선,역삼,51169,57538,108707,-6369,4,13,수
2022-04-13,2호선,선릉,55720,49602,105322,6118,4,13,수
2022-04-13,2호선,삼성(무역센터),50314,50988,101302,-674,4,13,수
2022-04-13,2호선,종합운동장,8988,9832,18820,-844,4,13,수
2022-04-13,2호선,잠실새내,20013,19987,40000,26,4,13,수
2022-04-13,2호선,잠실(송파구청),64205,63976,128181,229,4,13,수
2022-04-13,2호선,잠실나루,14422,14216,28638,206,4,13,수
2022-04-13,2호선,강변(동서울터미널),27867,25810,53677,2057,4,13,수
2022-04-13,2호선,구의(광진구청),23451,22957,46408,494,4,13,수
2022-04-13,2호선,건대입구,32537,35060,67597,-2523,4,13,수
2022-04-13,2호선,성수,36973,40464,77437,-3491,4,13,수
2022-04-13,2호선,뚝섬,21389,23164,44553,-1775,4,13,수
2022-04-13,2호선,한양대,14898,16188,31086,-1290,4,13,수
2022-04-13,2호선,왕십리(성동구청),16437,13232,29669,3205,4,13,수
2022-04-13,2호선,상왕십리,14106,13702,27808,404,4,13,수
2022-04-13,2호선,신당,13734,14444,28178,-710,4,13,수
2022-04-13,2호선,동대문역사문화공원(DDP),11137,12568,23705,-1431,4,13,수
2022-04-13,2호선,을지로4가,12446,12350,24796,96,4,13,수
2022-04-13,2호선,을지로3가,22272,22207,44479,65,4,13,수
2022-04-13,2호선,을지로입구,38115,39498,77613,-1383,4,13,수
2022-04-13,2호선,시청,23368,22648,46016,720,4,13,수
2022-04-13,1호선,동묘앞,6745,7192,13937,-447,4,13,수
2022-04-13,1호선,청량리(서울시립대입구),18288,17868,36156,420,4,13,수
2022-04-13,1호선,제기동,15324,15375,30699,-51,4,13,수
2022-04-13,1호선,신설동,13348,13236,26584,112,4,13,수
2022-04-13,1호선,동대문,10531,9788,20319,743,4,13,수
2022-04-13,1호선,종로5가,22076,21442,43518,634,4,13,수
2022-04-13,1호선,종로3가,24483,22707,47190,1776,4,13,수
2022-04-13,1호선,종각,34012,32933,66945,1079,4,13,수
2022-04-13,1호선,시청,21967,22742,44709,-775,4,13,수
2022-04-13,1호선,서울역,40496,39098,79594,1398,4,13,수
2022-04-13,5호선,방화,6446,6250,12696,196,4,13,수
2022-04-14,9호선,구반포,1232,1334,2566,-102,4,14,목
2022-04-14,6호선,녹사평(용산구청),4655,4570,9225,85,4,14,목
2022-04-14,6호선,삼각지,6491,5802,12293,689,4,14,목
2022-04-14,6호선,효창공원앞,7226,6729,13955,497,4,14,목
2022-04-14,6호선,공덕,18415,17911,36326,504,4,14,목
2022-04-14,6호선,대흥(서강대앞),8524,8707,17231,-183,4,14,목
2022-04-14,6호선,광흥창(서강),9128,8732,17860,396,4,14,목
2022-04-14,6호선,상수,8155,9260,17415,-1105,4,14,목
2022-04-14,6호선,합정,12606,12587,25193,19,4,14,목
2022-04-14,6호선,망원,13410,14250,27660,-840,4,14,목
2022-04-14,6호선,마포구청,14089,12455,26544,1634,4,14,목
2022-04-14,6호선,월드컵경기장(성산),4023,4321,8344,-298,4,14,목
2022-04-14,6호선,디지털미디어시티,13893,15182,29075,-1289,4,14,목
2022-04-14,6호선,증산(명지대앞),10004,9928,19932,76,4,14,목
2022-04-14,6호선,새절(신사),13404,12384,25788,1020,4,14,목
2022-04-14,6호선,구산,7750,5677,13427,2073,4,14,목
2022-04-14,6호선,연신내,1,0,1,1,4,14,목
2022-04-14,6호선,독바위,2689,2918,5607,-229,4,14,목
2022-04-14,6호선,불광,4060,3922,7982,138,4,14,목
2022-04-14,6호선,역촌,3583,4322,7905,-739,4,14,목
2022-04-14,5호선,하남검단산,5508,5356,10864,152,4,14,목
2022-04-14,5호선,하남시청(덕풍·신장),7011,6773,13784,238,4,14,목
2022-04-14,5호선,하남풍산,4416,4248,8664,168,4,14,목
2022-04-14,5호선,미사,15898,15830,31728,68,4,14,목
2022-04-14,5호선,강일,4140,3939,8079,201,4,14,목
2022-04-14,5호선,마천,7344,7046,14390,298,4,14,목
2022-04-14,5호선,거여,10400,9851,20251,549,4,14,목
2022-04-14,5호선,개롱,6438,6679,13117,-241,4,14,목
2022-04-14,5호선,오금,3934,3865,7799,69,4,14,목
2022-04-14,5호선,방이,7096,7363,14459,-267,4,14,목
2022-04-14,5호선,올림픽공원(한국체대),4471,3765,8236,706,4,14,목
2022-04-14,5호선,둔촌동,8351,8415,16766,-64,4,14,목
2022-04-14,5호선,상일동,14897,13855,28752,1042,4,14,목
2022-04-14,5호선,고덕,9576,9373,18949,203,4,14,목
2022-04-14,5호선,명일,8524,8812,17336,-288,4,14,목
2022-04-14,5호선,굽은다리(강동구민회관앞),9349,8792,18141,557,4,14,목
2022-04-14,5호선,길동,7810,8015,15825,-205,4,14,목
2022-04-14,5호선,강동,18737,18084,36821,653,4,14,목
2022-04-14,5호선,천호(풍납토성),17261,17369,34630,-108,4,14,목
2022-04-14,5호선,광나루(장신대),13563,12255,25818,1308,4,14,목
2022-04-14,5호선,아차산(어린이대공원후문),14843,14178,29021,665,4,14,목
2022-04-14,5호선,군자(능동),11224,12255,23479,-1031,4,14,목
2022-04-14,5호선,장한평,18631,18296,36927,335,4,14,목
2022-04-14,5호선,답십리,15671,14331,30002,1340,4,14,목
2022-04-14,5호선,마장,5789,5486,11275,303,4,14,목
2022-04-14,5호선,왕십리(성동구청),4631,5226,9857,-595,4,14,목
2022-04-14,5호선,행당,8106,7215,15321,891,4,14,목
2022-04-14,5호선,신금호,6611,6793,13404,-182,4,14,목
2022-04-14,5호선,청구,4030,3596,7626,434,4,14,목
2022-04-14,5호선,동대문역사문화공원(DDP),2715,3206,5921,-491,4,14,목
2022-04-14,5호선,을지로4가,6068,5891,11959,177,4,14,목
2022-04-14,5호선,종로3가,11795,11864,23659,-69,4,14,목
2022-04-14,5호선,광화문(세종문화회관),29362,30857,60219,-1495,4,14,목
2022-04-14,5호선,서대문,20003,20293,40296,-290,4,14,목
2022-04-14,5호선,충정로(경기대입구),4835,5154,9989,-319,4,14,목
2022-04-14,5호선,애오개,6816,6967,13783,-151,4,14,목
2022-04-14,5호선,공덕,14085,15089,29174,-1004,4,14,목
2022-04-14,5호선,마포,14634,15143,29777,-509,4,14,목
2022-04-14,5호선,여의나루,10898,12280,23178,-1382,4,14,목
2022-04-14,5호선,여의도,28542,30240,58782,-1698,4,14,목
2022-04-14,5호선,신길,4235,4370,8605,-135,4,14,목
2022-04-14,5호선,영등포시장,9995,10218,20213,-223,4,14,목
2022-04-14,5호선,영등포구청,4096,4074,8170,22,4,14,목
2022-04-14,5호선,양평,7505,7363,14868,142,4,14,목
2022-04-14,5호선,오목교(목동운동장앞),20996,22701,43697,-1705,4,14,목
2022-04-14,5호선,목동,16755,17960,34715,-1205,4,14,목
2022-04-14,5호선,신정(은행정),13985,11216,25201,2769,4,14,목
2022-04-14,5호선,까치산,28650,27139,55789,1511,4,14,목
2022-04-14,5호선,화곡,28212,26413,54625,1799,4,14,목
2022-04-14,5호선,우장산,14761,14277,29038,484,4,14,목
2022-04-14,5호선,발산,20346,20876,41222,-530,4,14,목
2022-04-14,5호선,마곡,10653,10862,21515,-209,4,14,목
2022-04-14,5호선,송정,6470,6070,12540,400,4,14,목
2022-04-14,5호선,김포공항,6869,6760,13629,109,4,14,목
2022-04-14,5호선,개화산,5600,5336,10936,264,4,14,목
2022-04-14,5호선,방화,6649,6387,13036,262,4,14,목
2022-04-14,4호선,남태령,1158,1075,2233,83,4,14,목
2022-04-14,4호선,사당,25389,21127,46516,4262,4,14,목
2022-04-14,4호선,총신대입구(이수),18714,20270,38984,-1556,4,14,목
2022-04-14,4호선,동작(현충원),1489,1732,3221,-243,4,14,목
2022-04-14,4호선,이촌(국립중앙박물관),7100,7954,15054,-854,4,14,목
2022-04-14,4호선,신용산,15808,16742,32550,-934,4,14,목
2022-04-14,4호선,삼각지,5012,5520,10532,-508,4,14,목
2022-04-14,4호선,숙대입구(갈월),14226,13643,27869,583,4,14,목
2022-04-14,4호선,서울역,11008,16079,27087,-5071,4,14,목
2022-04-14,4호선,회현(남대문시장),23865,25647,49512,-1782,4,14,목
2022-04-14,4호선,명동,19574,20237,39811,-663,4,14,목
2022-04-14,4호선,충무로,28922,29639,58561,-717,4,14,목
2022-04-14,4호선,동대문역사문화공원(DDP),13783,12595,26378,1188,4,14,목
2022-04-14,4호선,동대문,19283,19934,39217,-651,4,14,목
2022-04-14,4호선,혜화,31475,31658,63133,-183,4,14,목
2022-04-14,4호선,한성대입구(삼선교),14203,13805,28008,398,4,14,목
2022-04-14,4호선,성신여대입구(돈암),20537,19412,39949,1125,4,14,목
2022-04-14,4호선,길음,21311,21160,42471,151,4,14,목
2022-04-14,4호선,미아사거리,26930,26165,53095,765,4,14,목
2022-04-14,4호선,미아(서울사이버대학),15593,15253,30846,340,4,14,목
2022-04-14,4호선,수유(강북구청),33358,33206,66564,152,4,14,목
2022-04-14,4호선,쌍문,29260,26845,56105,2415,4,14,목
2022-04-14,4호선,창동,25073,26003,51076,-930,4,14,목
2022-04-14,4호선,노원,18403,20935,39338,-2532,4,14,목
2022-04-14,4호선,상계,19283,17700,36983,1583,4,14,목
2022-04-14,4호선,당고개,8883,7951,16834,932,4,14,목
2022-04-14,3호선,오금,6199,5808,12007,391,4,14,목
2022-04-14,3호선,경찰병원,7331,7456,14787,-125,4,14,목
2022-04-14,3호선,가락시장,8996,8742,17738,254,4,14,목
2022-04-14,3호선,수서,16649,16999,33648,-350,4,14,목
2022-04-14,3호선,일원,10626,10191,20817,435,4,14,목
2022-04-14,3호선,대청,10200,9300,19500,900,4,14,목
2022-04-14,3호선,학여울,2870,2954,5824,-84,4,14,목
2022-04-14,3호선,대치,10694,10778,21472,-84,4,14,목
2022-04-14,3호선,도곡,5257,5538,10795,-281,4,14,목
2022-04-14,3호선,매봉,12357,11972,24329,385,4,14,목
2022-04-14,3호선,양재(서초구청),38258,41871,80129,-3613,4,14,목
2022-04-14,3호선,남부터미널(예술의전당),28537,28845,57382,-308,4,14,목
2022-04-14,3호선,교대(법원.검찰청),14849,9591,24440,5258,4,14,목
2022-04-14,3호선,고속터미널,36598,35533,72131,1065,4,14,목
2022-04-14,3호선,잠원,4871,4793,9664,78,4,14,목
2022-04-14,3호선,신사,29587,31178,60765,-1591,4,14,목
2022-04-14,3호선,압구정,30085,32619,62704,-2534,4,14,목
2022-04-14,3호선,옥수,8771,9008,17779,-237,4,14,목
2022-04-14,3호선,금호,7747,7226,14973,521,4,14,목
2022-04-14,3호선,약수,12878,12614,25492,264,4,14,목
2022-04-14,3호선,동대입구,8913,9906,18819,-993,4,14,목
2022-04-14,3호선,충무로,2,0,2,2,4,14,목
2022-04-14,3호선,을지로3가,10364,10551,20915,-187,4,14,목
2022-04-14,3호선,종로3가,9806,11264,21070,-1458,4,14,목
2022-04-14,3호선,안국,20544,21455,41999,-911,4,14,목
2022-04-14,3호선,경복궁(정부서울청사),21937,21720,43657,217,4,14,목
2022-04-14,3호선,독립문,6880,7222,14102,-342,4,14,목
2022-04-14,3호선,무악재,3999,4008,8007,-9,4,14,목
2022-04-14,3호선,홍제,17622,16855,34477,767,4,14,목
2022-04-14,3호선,녹번,15893,13982,29875,1911,4,14,목
2022-04-14,3호선,불광,16081,17169,33250,-1088,4,14,목
2022-04-14,3호선,연신내,36078,34153,70231,1925,4,14,목
2022-04-14,3호선,구파발,20463,19586,40049,877,4,14,목
2022-04-14,3호선,지축,5162,4733,9895,429,4,14,목
2022-04-14,2호선,용두(동대문구청),2353,2328,4681,25,4,14,목
2022-04-14,2호선,신정네거리,10279,10531,20810,-252,4,14,목
2022-04-14,2호선,양천구청,6767,6938,13705,-171,4,14,목
2022-04-14,2호선,도림천,1421,1490,2911,-69,4,14,목
2022-04-14,2호선,신설동,3151,1743,4894,1408,4,14,목
2022-04-14,2호선,신답,1642,1811,3453,-169,4,14,목
2022-04-14,2호선,용답,3185,3290,6475,-105,4,14,목
2022-04-14,2호선,충정로(경기대입구),10018,10611,20629,-593,4,14,목
2022-04-14,2호선,아현,10646,10198,20844,448,4,14,목
2022-04-14,2호선,이대,13495,14082,27577,-587,4,14,목
2022-04-14,2호선,신촌,31145,31779,62924,-634,4,14,목
2022-04-14,2호선,홍대입구,49852,53134,102986,-3282,4,14,목
2022-04-14,2호선,합정,30027,31462,61489,-1435,4,14,목
2022-04-14,2호선,당산,18909,21802,40711,-2893,4,14,목
2022-04-14,2호선,영등포구청,22369,23259,45628,-890,4,14,목
2022-04-14,2호선,문래,22079,22457,44536,-378,4,14,목
2022-04-14,2호선,신도림,47015,47177,94192,-162,4,14,목
2022-04-14,2호선,대림(구로구청),23479,23887,47366,-408,4,14,목
2022-04-14,2호선,구로디지털단지,58675,58651,117326,24,4,14,목
2022-04-14,2호선,신대방,26395,25511,51906,884,4,14,목
2022-04-14,2호선,신림,62847,60371,123218,2476,4,14,목
2022-04-14,2호선,봉천,23738,21771,45509,1967,4,14,목
2022-04-14,2호선,서울대입구(관악구청),47550,46184,93734,1366,4,14,목
2022-04-14,2호선,낙성대(강감찬),27036,26318,53354,718,4,14,목
2022-04-14,2호선,사당,36506,40493,76999,-3987,4,14,목
2022-04-14,2호선,방배,19487,20347,39834,-860,4,14,목
2022-04-14,2호선,서초,21493,20626,42119,867,4,14,목
2022-04-14,2호선,교대(법원.검찰청),34336,38956,73292,-4620,4,14,목
2022-04-14,2호선,강남,80995,80315,161310,680,4,14,목
2022-04-14,2호선,역삼,51307,58173,109480,-6866,4,14,목
2022-04-14,2호선,선릉,56141,50416,106557,5725,4,14,목
2022-04-14,2호선,삼성(무역센터),51891,53114,105005,-1223,4,14,목
2022-04-14,2호선,종합운동장,9940,10698,20638,-758,4,14,목
2022-04-14,2호선,잠실새내,20715,20700,41415,15,4,14,목
2022-04-14,2호선,잠실(송파구청),67134,67254,134388,-120,4,14,목
2022-04-14,2호선,잠실나루,14642,14170,28812,472,4,14,목
2022-04-14,2호선,강변(동서울터미널),28986,27101,56087,1885,4,14,목
2022-04-14,2호선,구의(광진구청),23593,23267,46860,326,4,14,목
2022-04-14,2호선,건대입구,34408,36548,70956,-2140,4,14,목
2022-04-14,2호선,성수,37342,41222,78564,-3880,4,14,목
2022-04-14,2호선,뚝섬,21876,23743,45619,-1867,4,14,목
2022-04-14,2호선,한양대,14959,16406,31365,-1447,4,14,목
2022-04-14,2호선,왕십리(성동구청),16550,13201,29751,3349,4,14,목
2022-04-14,2호선,상왕십리,14073,13687,27760,386,4,14,목
2022-04-14,2호선,신당,13695,14316,28011,-621,4,14,목
2022-04-14,2호선,동대문역사문화공원(DDP),11527,12719,24246,-1192,4,14,목
2022-04-14,2호선,을지로4가,12573,13053,25626,-480,4,14,목
2022-04-14,2호선,을지로3가,22021,22314,44335,-293,4,14,목
2022-04-14,2호선,을지로입구,37939,39617,77556,-1678,4,14,목
2022-04-14,2호선,시청,23306,22703,46009,603,4,14,목
2022-04-14,1호선,동묘앞,7460,7831,15291,-371,4,14,목
2022-04-14,1호선,청량리(서울시립대입구),19187,18912,38099,275,4,14,목
2022-04-14,1호선,제기동,16818,17180,33998,-362,4,14,목
2022-04-14,1호선,신설동,13729,13443,27172,286,4,14,목
2022-04-14,1호선,동대문,10529,10090,20619,439,4,14,목
2022-04-14,1호선,종로5가,22173,22123,44296,50,4,14,목
2022-04-14,1호선,종로3가,24054,21759,45813,2295,4,14,목
2022-04-14,1호선,종각,33674,33025,66699,649,4,14,목
2022-04-14,1호선,시청,22527,22645,45172,-118,4,14,목
2022-04-14,1호선,서울역,41503,40369,81872,1134,4,14,목
2022-04-14,6호선,청구,3753,3964,7717,-211,4,14,목
2022-04-14,6호선,약수,3605,3592,7197,13,4,14,목
2022-04-14,6호선,동묘앞,7439,7662,15101,-223,4,14,목
2022-04-14,6호선,창신,3661,3116,6777,545,4,14,목
2022-04-14,6호선,보문,7313,6674,13987,639,4,14,목
2022-04-14,6호선,안암(고대병원앞),13696,13744,27440,-48,4,14,목
2022-04-14,6호선,고려대(종암),8739,8479,17218,260,4,14,목
2022-04-14,6호선,월곡(동덕여대),12306,11978,24284,328,4,14,목
2022-04-14,6호선,상월곡(한국과학기술연구원),6415,5887,12302,528,4,14,목
2022-04-14,6호선,돌곶이,9974,9200,19174,774,4,14,목
2022-04-14,6호선,석계,12428,13060,25488,-632,4,14,목
2022-04-14,6호선,태릉입구,5609,6131,11740,-522,4,14,목
2022-04-14,6호선,화랑대(서울여대입구),12418,9380,21798,3038,4,14,목
2022-04-14,6호선,봉화산(서울의료원),8923,8400,17323,523,4,14,목
2022-04-14,7호선,장암,2262,888,3150,1374,4,14,목
2022-04-14,7호선,도봉산,9541,10872,20413,-1331,4,14,목
2022-04-14,7호선,수락산,12397,12183,24580,214,4,14,목
2022-04-14,7호선,마들,12890,12124,25014,766,4,14,목
2022-04-14,7호선,노원,18395,19449,37844,-1054,4,14,목
2022-04-14,7호선,중계,14973,13628,28601,1345,4,14,목
2022-04-14,7호선,하계,18295,17118,35413,1177,4,14,목
2022-04-14,7호선,공릉(서울과학기술대),12763,12485,25248,278,4,14,목
2022-04-14,7호선,태릉입구,9019,8627,17646,392,4,14,목
2022-04-14,7호선,먹골,10123,9657,19780,466,4,14,목
2022-04-14,7호선,중화,10679,10443,21122,236,4,14,목
2022-04-14,7호선,상봉(시외버스터미널),16707,15593,32300,1114,4,14,목
2022-04-14,7호선,면목,16593,16007,32600,586,4,14,목
2022-04-14,7호선,사가정,16183,16210,32393,-27,4,14,목
2022-04-14,7호선,용마산(용마폭포공원),6219,5867,12086,352,4,14,목
2022-04-14,7호선,중곡,11175,10358,21533,817,4,14,목
2022-04-14,7호선,군자(능동),14820,11783,26603,3037,4,14,목
2022-04-14,7호선,어린이대공원(세종대),14490,14821,29311,-331,4,14,목
2022-04-14,7호선,건대입구,12430,12749,25179,-319,4,14,목
2022-04-14,7호선,뚝섬유원지,8139,7884,16023,255,4,14,목
2022-04-14,7호선,청담,19533,22092,41625,-2559,4,14,목
2022-04-14,7호선,강남구청,15786,17762,33548,-1976,4,14,목
2022-04-14,7호선,학동,24204,26202,50406,-1998,4,14,목
2022-04-14,7호선,논현,20004,21815,41819,-1811,4,14,목
2022-04-14,7호선,반포,5752,5611,11363,141,4,14,목
2022-04-14,7호선,고속터미널,14738,12594,27332,2144,4,14,목
2022-04-14,7호선,내방,14552,14931,29483,-379,4,14,목
2022-04-14,7호선,이수,15511,15197,30708,314,4,14,목
2022-04-14,7호선,남성,11064,10188,21252,876,4,14,목
2022-04-14,7호선,숭실대입구(살피재),14865,14973,29838,-108,4,14,목
2022-04-14,7호선,상도,11220,10750,21970,470,4,14,목
2022-04-14,7호선,장승배기,8874,8746,17620,128,4,14,목
2022-04-14,7호선,신대방삼거리,16924,16002,32926,922,4,14,목
2022-04-14,7호선,보라매,10084,9978,20062,106,4,14,목
2022-04-14,7호선,신풍,11581,11018,22599,563,4,14,목
2022-04-14,7호선,대림(구로구청),7324,7225,14549,99,4,14,목
2022-04-14,7호선,남구로,15304,16513,31817,-1209,4,14,목
2022-04-14,7호선,가산디지털단지,44881,45485,90366,-604,4,14,목
2022-04-14,7호선,철산,20924,21237,42161,-313,4,14,목
2022-04-14,7호선,광명사거리,21948,21604,43552,344,4,14,목
2022-04-14,7호선,천왕,11569,10999,22568,570,4,14,목
2022-04-14,7호선,온수(성공회대입구),11283,10535,21818,748,4,14,목
2022-04-14,8호선,암사,18986,16523,35509,2463,4,14,목
2022-04-14,8호선,천호(풍납토성),14502,16555,31057,-2053,4,14,목
2022-04-14,8호선,강동구청,10537,10808,21345,-271,4,14,목
2022-04-14,8호선,몽촌토성(평화의문),5934,6086,12020,-152,4,14,목
2022-04-14,8호선,잠실(송파구청),13441,15954,29395,-2513,4,14,목
2022-04-14,8호선,석촌,7823,8869,16692,-1046,4,14,목
2022-04-14,8호선,송파,8215,8059,16274,156,4,14,목
2022-04-14,8호선,가락시장,7747,8607,16354,-860,4,14,목
2022-04-14,8호선,문정,22014,23360,45374,-1346,4,14,목
2022-04-14,8호선,장지,17268,16464,33732,804,4,14,목
2022-04-14,8호선,복정,10284,8617,18901,1667,4,14,목
2022-04-14,8호선,산성,5490,5464,10954,26,4,14,목
2022-04-14,8호선,남한산성입구(성남법원.검찰청),15509,14332,29841,1177,4,14,목
2022-04-14,8호선,단대오거리,11431,10818,22249,613,4,14,목
2022-04-14,8호선,신흥,4151,4456,8607,-305,4,14,목
2022-04-14,8호선,수진,5530,4980,10510,550,4,14,목
2022-04-14,8호선,모란,6282,4985,11267,1297,4,14,목
2022-04-14,8호선,남위례,4895,5048,9943,-153,4,14,목
2022-04-14,9호선,개화,2461,1745,4206,716,4,14,목
2022-04-14,9호선,김포공항,6724,10929,17653,-4205,4,14,목
2022-04-14,9호선,공항시장,3108,3313,6421,-205,4,14,목
2022-04-14,9호선,신방화,6715,6457,13172,258,4,14,목
2022-04-14,9호선,마곡나루(서울식물원),12179,12162,24341,17,4,14,목
2022-04-14,9호선,양천향교,10068,10122,20190,-54,4,14,목
2022-04-14,9호선,가양,20728,19972,40700,756,4,14,목
2022-04-14,9호선,증미,7300,7058,14358,242,4,14,목
2022-04-14,9호선,등촌,11089,10643,21732,446,4,14,목
2022-04-14,9호선,염창,17589,16917,34506,672,4,14,목
2022-04-14,9호선,신목동,4182,3565,7747,617,4,14,목
2022-04-14,9호선,선유도,8819,8338,17157,481,4,14,목
2022-04-14,9호선,당산,18305,18255,36560,50,4,14,목
2022-04-14,9호선,국회의사당,16317,17074,33391,-757,4,14,목
2022-04-14,9호선,여의도,27664,27156,54820,508,4,14,목
2022-04-14,9호선,샛강,5863,6085,11948,-222,4,14,목
2022-04-14,9호선,노량진,26172,25223,51395,949,4,14,목
2022-04-14,9호선,노들,4394,3712,8106,682,4,14,목
2022-04-14,9호선,흑석(중앙대입구),9019,9069,18088,-50,4,14,목
2022-04-14,9호선,동작(현충원),2145,1759,3904,386,4,14,목
2022-04-14,9호선,신반포,3469,3461,6930,8,4,14,목
2022-04-14,9호선,고속터미널,11822,14167,25989,-2345,4,14,목
2022-04-14,9호선,사평,3501,3322,6823,179,4,14,목
2022-04-14,9호선,신논현,30523,30527,61050,-4,4,14,목
2022-04-14,9호선2~3단계,언주,10106,10542,20648,-436,4,14,목
2022-04-14,9호선2~3단계,선정릉,9504,10598,20102,-1094,4,14,목
2022-04-14,9호선2~3단계,삼성중앙,6768,7190,13958,-422,4,14,목
2022-04-14,9호선2~3단계,봉은사,17169,17677,34846,-508,4,14,목
2022-04-14,9호선2~3단계,종합운동장,4078,4235,8313,-157,4,14,목
2022-04-14,9호선2~3단계,삼전,6708,6492,13200,216,4,14,목
2022-04-14,9호선2~3단계,석촌고분,5987,5854,11841,133,4,14,목
2022-04-14,9호선2~3단계,석촌,8573,7508,16081,1065,4,14,목
2022-04-14,9호선2~3단계,송파나루,5040,5277,10317,-237,4,14,목
2022-04-14,9호선2~3단계,한성백제,2560,2280,4840,280,4,14,목
2022-04-14,9호선2~3단계,올림픽공원(한국체대),5768,5870,11638,-102,4,14,목
2022-04-14,9호선2~3단계,둔촌오륜,1221,1085,2306,136,4,14,목
2022-04-14,9호선2~3단계,중앙보훈병원,11050,9846,20896,1204,4,14,목
2022-04-14,경강선,판교,4636,4622,9258,14,4,14,목
2022-04-14,경강선,이매,1125,944,2069,181,4,14,목
2022-04-14,경강선,삼동,2457,2237,4694,220,4,14,목
2022-04-14,경강선,경기광주,7694,7234,14928,460,4,14,목
2022-04-14,경강선,초월,3241,3048,6289,193,4,14,목
2022-04-14,경강선,곤지암,2205,2198,4403,7,4,14,목
2022-04-14,경강선,신둔도예촌,1589,1409,2998,180,4,14,목
2022-04-14,경강선,이천,2569,2626,5195,-57,4,14,목
2022-04-14,경강선,부발,2061,1964,4025,97,4,14,목
2022-04-14,경강선,세종대왕릉,293,302,595,-9,4,14,목
2022-04-14,경강선,여주,2630,2448,5078,182,4,14,목
2022-04-14,경부선,서울역,5553,1859,7412,3694,4,14,목
2022-04-14,경부선,남영,9655,10287,19942,-632,4,14,목
2022-04-14,경부선,용산,30983,31323,62306,-340,4,14,목
2022-04-14,경부선,노량진,7971,8232,16203,-261,4,14,목
2022-04-14,경부선,대방,13099,13391,26490,-292,4,14,목
2022-04-14,경부선,영등포,35530,36450,71980,-920,4,14,목
2022-04-14,경부선,신도림,4086,4132,8218,-46,4,14,목
2022-04-14,경부선,신길,9112,7690,16802,1422,4,14,목
2022-04-14,경부선,구로,18225,18911,37136,-686,4,14,목
2022-04-14,경부선,가산디지털단지,18689,21688,40377,-2999,4,14,목
2022-04-14,경부선,금천구청,11662,11843,23505,-181,4,14,목
2022-04-14,경부선,석수,9839,8782,18621,1057,4,14,목
2022-04-14,경부선,관악,7370,6853,14223,517,4,14,목
2022-04-14,경부선,안양,26362,26020,52382,342,4,14,목
2022-04-14,경부선,명학,10650,10471,21121,179,4,14,목
2022-04-14,경부선,금정,26932,27466,54398,-534,4,14,목
2022-04-14,경부선,군포,7943,7872,15815,71,4,14,목
2022-04-14,경부선,의왕,9476,9433,18909,43,4,14,목
2022-04-14,경부선,성균관대,15327,14907,30234,420,4,14,목
2022-04-14,경부선,화서,8247,7971,16218,276,4,14,목
2022-04-14,경부선,수원,34487,36804,71291,-2317,4,14,목
2022-04-14,경부선,독산,19036,19629,38665,-593,4,14,목
2022-04-14,경부선,세류,2937,2681,5618,256,4,14,목
2022-04-14,경부선,병점,15258,15384,30642,-126,4,14,목
2022-04-14,경부선,세마,2814,2691,5505,123,4,14,목
2022-04-14,경부선,오산대,3860,3656,7516,204,4,14,목
2022-04-14,경부선,오산,9842,9882,19724,-40,4,14,목
2022-04-14,경부선,진위,1686,1463,3149,223,4,14,목
2022-04-14,경부선,송탄,4321,4203,8524,118,4,14,목
2022-04-14,경부선,서정리,7371,6660,14031,711,4,14,목
2022-04-14,경부선,평택지제,3401,3281,6682,120,4,14,목
2022-04-14,경부선,평택,12137,12168,24305,-31,4,14,목
2022-04-14,경부선,성환,3324,3225,6549,99,4,14,목
2022-04-14,경부선,직산,829,843,1672,-14,4,14,목
2022-04-14,경부선,두정,7299,7474,14773,-175,4,14,목
2022-04-14,경부선,천안,6696,6097,12793,599,4,14,목
2022-04-14,경부선,당정,6718,6367,13085,351,4,14,목
2022-04-14,경부선,서동탄,1392,1192,2584,200,4,14,목
2022-04-14,경부선,광명,3223,2771,5994,452,4,14,목
2022-04-14,경원선,이촌(국립중앙박물관),3698,2848,6546,850,4,14,목
2022-04-14,경원선,서빙고,2048,1845,3893,203,4,14,목
2022-04-14,경원선,한남,4092,3953,8045,139,4,14,목
2022-04-14,경원선,옥수,53,42,95,11,4,14,목
2022-04-14,경원선,응봉,1976,1685,3661,291,4,14,목
2022-04-14,경원선,왕십리(성동구청),14248,15480,29728,-1232,4,14,목
2022-04-14,경원선,청량리(서울시립대입구),14120,14764,28884,-644,4,14,목
2022-04-14,경원선,외대앞,8382,8349,16731,33,4,14,목
2022-04-14,경원선,신이문,8368,7774,16142,594,4,14,목
2022-04-14,경원선,석계,8271,8988,17259,-717,4,14,목
2022-04-14,경원선,광운대,9079,8847,17926,232,4,14,목
2022-04-14,경원선,월계,8525,7898,16423,627,4,14,목
2022-04-14,경원선,녹천,4790,4021,8811,769,4,14,목
2022-04-14,경원선,창동,1,0,1,1,4,14,목
2022-04-14,경원선,방학,9805,9636,19441,169,4,14,목
2022-04-14,경원선,도봉,5967,5597,11564,370,4,14,목
2022-04-14,경원선,도봉산,7783,5121,12904,2662,4,14,목
2022-04-14,경원선,망월사,9728,9796,19524,-68,4,14,목
2022-04-14,경원선,회룡,12674,12683,25357,-9,4,14,목
2022-04-14,경원선,의정부,18054,18587,36641,-533,4,14,목
2022-04-14,경원선,가능,6945,6653,13598,292,4,14,목
2022-04-14,경원선,녹양,4784,4524,9308,260,4,14,목
2022-04-14,경원선,양주,8019,7539,15558,480,4,14,목
2022-04-14,경원선,덕계,3347,3024,6371,323,4,14,목
2022-04-14,경원선,덕정,6468,6221,12689,247,4,14,목
2022-04-14,경원선,지행,6823,6985,13808,-162,4,14,목
2022-04-14,경원선,동두천중앙,3143,2992,6135,151,4,14,목
2022-04-14,경원선,보산,1518,1432,2950,86,4,14,목
2022-04-14,경원선,동두천,2777,2969,5746,-192,4,14,목
2022-04-14,경원선,소요산,2471,2174,4645,297,4,14,목
2022-04-14,경의선,서울역,4492,5502,9994,-1010,4,14,목
2022-04-14,경의선,신촌,869,1137,2006,-268,4,14,목
2022-04-14,경의선,효창공원앞,3135,3392,6527,-257,4,14,목
2022-04-14,경의선,공덕,3501,3149,6650,352,4,14,목
2022-04-14,경의선,서강대,2169,2106,4275,63,4,14,목
2022-04-14,경의선,홍대입구,1634,1841,3475,-207,4,14,목
2022-04-14,경의선,가좌,5494,5287,10781,207,4,14,목
2022-04-14,경의선,디지털미디어시티,2649,2454,5103,195,4,14,목
2022-04-14,경의선,수색,2906,3083,5989,-177,4,14,목
2022-04-14,경의선,화전,3628,3372,7000,256,4,14,목
2022-04-14,경의선,강매,3392,2928,6320,464,4,14,목
2022-04-14,경의선,행신,7975,8171,16146,-196,4,14,목
2022-04-14,경의선,능곡,3917,3665,7582,252,4,14,목
2022-04-14,경의선,곡산,635,708,1343,-73,4,14,목
2022-04-14,경의선,백마,7065,6952,14017,113,4,14,목
2022-04-14,경의선,풍산,5766,5255,11021,511,4,14,목
2022-04-14,경의선,일산,9716,9720,19436,-4,4,14,목
2022-04-14,경의선,탄현,7978,7566,15544,412,4,14,목
2022-04-14,경의선,야당,7681,7622,15303,59,4,14,목
2022-04-14,경의선,운정,7161,6745,13906,416,4,14,목
2022-04-14,경의선,금릉,4879,4814,9693,65,4,14,목
2022-04-14,경의선,금촌,6234,6214,12448,20,4,14,목
2022-04-14,경의선,월롱,2956,2786,5742,170,4,14,목
2022-04-14,경의선,파주,1546,1106,2652,440,4,14,목
2022-04-14,경의선,문산,5229,5338,10567,-109,4,14,목
2022-04-14,경의선,임진강,12,5,17,7,4,14,목
2022-04-14,경인선,개봉,21378,20919,42297,459,4,14,목
2022-04-14,경인선,오류동,12162,11267,23429,895,4,14,목
2022-04-14,경인선,역곡,28449,27888,56337,561,4,14,목
2022-04-14,경인선,부천,32233,32146,64379,87,4,14,목
2022-04-14,경인선,송내,27730,27642,55372,88,4,14,목
2022-04-14,경인선,부평,27915,29964,57879,-2049,4,14,목
2022-04-14,경인선,백운,7067,6869,13936,198,4,14,목
2022-04-14,경인선,동암,14486,14556,29042,-70,4,14,목
2022-04-14,경인선,주안,19487,17696,37183,1791,4,14,목
2022-04-14,경인선,제물포,11008,10505,21513,503,4,14,목
2022-04-14,경인선,동인천,13896,13211,27107,685,4,14,목
2022-04-14,경인선,인천,3557,2793,6350,764,4,14,목
2022-04-14,경인선,구일,7501,7464,14965,37,4,14,목
2022-04-14,경인선,소사,9212,8821,18033,391,4,14,목
2022-04-14,경인선,부개,8655,8107,16762,548,4,14,목
2022-04-14,경인선,간석,5963,5316,11279,647,4,14,목
2022-04-14,경인선,도원,3305,3240,6545,65,4,14,목
2022-04-14,경인선,온수(성공회대입구),7225,6874,14099,351,4,14,목
2022-04-14,경인선,중동,9539,8895,18434,644,4,14,목
2022-04-14,경인선,도화,4250,3867,8117,383,4,14,목
2022-04-14,경춘선,신내,2356,2219,4575,137,4,14,목
2022-04-14,경춘선,갈매,3057,2674,5731,383,4,14,목
2022-04-14,경춘선,별내,3191,2984,6175,207,4,14,목
2022-04-14,경춘선,퇴계원,3520,3271,6791,249,4,14,목
2022-04-14,경춘선,사릉,2547,2550,5097,-3,4,14,목
2022-04-14,경춘선,금곡,1552,1533,3085,19,4,14,목
2022-04-14,경춘선,평내호평,6102,6119,12221,-17,4,14,목
2022-04-14,경춘선,천마산,1724,1580,3304,144,4,14,목
2022-04-14,경춘선,마석,3871,3936,7807,-65,4,14,목
2022-04-14,경춘선,대성리,634,610,1244,24,4,14,목
2022-04-14,경춘선,청평,1591,1555,3146,36,4,14,목
2022-04-14,경춘선,상천,305,280,585,25,4,14,목
2022-04-14,경춘선,가평,1487,1573,3060,-86,4,14,목
2022-04-14,경춘선,굴봉산,147,146,293,1,4,14,목
2022-04-14,경춘선,백양리,79,88,167,-9,4,14,목
2022-04-14,경춘선,강촌,406,425,831,-19,4,14,목
2022-04-14,경춘선,김유정,263,296,559,-33,4,14,목
2022-04-14,경춘선,남춘천,2573,2385,4958,188,4,14,목
2022-04-14,경춘선,춘천,1550,1290,2840,260,4,14,목
2022-04-14,공항철도 1호선,서울역,7483,7007,14490,476,4,14,목
2022-04-14,공항철도 1호선,공덕,2270,2957,5227,-687,4,14,목
2022-04-14,공항철도 1호선,홍대입구,8858,8935,17793,-77,4,14,목
2022-04-14,공항철도 1호선,디지털미디어시티,14094,13186,27280,908,4,14,목
2022-04-14,공항철도 1호선,마곡나루(서울식물원),9222,9039,18261,183,4,14,목
2022-04-14,공항철도 1호선,김포공항,11274,6499,17773,4775,4,14,목
2022-04-14,공항철도 1호선,계양,10702,10111,20813,591,4,14,목
2022-04-14,공항철도 1호선,검암,6681,6723,13404,-42,4,14,목
2022-04-14,공항철도 1호선,청라국제도시,6869,6615,13484,254,4,14,목
2022-04-14,공항철도 1호선,운서,6915,7023,13938,-108,4,14,목
2022-04-14,공항철도 1호선,공항화물청사,2276,2515,4791,-239,4,14,목
2022-04-14,공항철도 1호선,인천공항1터미널,4479,4080,8559,399,4,14,목
2022-04-14,공항철도 1호선,인천공항2터미널,2759,2382,5141,377,4,14,목
2022-04-14,공항철도 1호선,영종,3176,3207,6383,-31,4,14,목
2022-04-14,과천선,선바위,8421,7641,16062,780,4,14,목
2022-04-14,과천선,경마공원,1517,1472,2989,45,4,14,목
2022-04-14,과천선,대공원,4136,4217,8353,-81,4,14,목
2022-04-14,과천선,과천,6398,5837,12235,561,4,14,목
2022-04-14,과천선,정부과천청사,10705,10671,21376,34,4,14,목
2022-04-14,과천선,인덕원,24524,25294,49818,-770,4,14,목
2022-04-14,과천선,평촌,18040,17631,35671,409,4,14,목
2022-04-14,과천선,범계,25459,25522,50981,-63,4,14,목
2022-04-14,분당선,선릉,13314,20154,33468,-6840,4,14,목
2022-04-14,분당선,한티,13999,14972,28971,-973,4,14,목
2022-04-14,분당선,도곡,7038,6933,13971,105,4,14,목
2022-04-14,분당선,구룡,2422,2308,4730,114,4,14,목
2022-04-14,분당선,개포동,3933,4100,8033,-167,4,14,목
2022-04-14,분당선,대모산입구,4634,4344,8978,290,4,14,목
2022-04-14,분당선,수서,13811,14115,27926,-304,4,14,목
2022-04-14,분당선,수원,8193,6748,14941,1445,4,14,목
2022-04-14,분당선,서울숲,11295,11518,22813,-223,4,14,목
2022-04-14,분당선,압구정로데오,18444,20763,39207,-2319,4,14,목
2022-04-14,분당선,강남구청,9848,11489,21337,-1641,4,14,목
2022-04-14,분당선,선정릉,8133,8656,16789,-523,4,14,목
2022-04-14,분당선,가천대,11020,12048,23068,-1028,4,14,목
2022-04-14,분당선,태평,13681,13128,26809,553,4,14,목
2022-04-14,분당선,모란,25853,26876,52729,-1023,4,14,목
2022-04-14,분당선,야탑,25900,27072,52972,-1172,4,14,목
2022-04-14,분당선,서현,23005,23477,46482,-472,4,14,목
2022-04-14,분당선,수내,13232,13064,26296,168,4,14,목
2022-04-14,분당선,정자,17377,18440,35817,-1063,4,14,목
2022-04-14,분당선,미금,15606,16584,32190,-978,4,14,목
2022-04-14,분당선,오리,11838,9719,21557,2119,4,14,목
2022-04-14,분당선,이매,5862,5545,11407,317,4,14,목
2022-04-14,분당선,보정,2597,2364,4961,233,4,14,목
2022-04-14,분당선,죽전,14266,15607,29873,-1341,4,14,목
2022-04-14,분당선,구성,4991,5257,10248,-266,4,14,목
2022-04-14,분당선,신갈,4483,4426,8909,57,4,14,목
2022-04-14,분당선,기흥,10289,9425,19714,864,4,14,목
2022-04-14,분당선,상갈,5510,5348,10858,162,4,14,목
2022-04-14,분당선,청명,4334,4225,8559,109,4,14,목
2022-04-14,분당선,영통,8171,8243,16414,-72,4,14,목
2022-04-14,분당선,망포,14353,13722,28075,631,4,14,목
2022-04-14,분당선,매탄권선,5181,5060,10241,121,4,14,목
2022-04-14,분당선,수원시청,12302,13088,25390,-786,4,14,목
2022-04-14,분당선,매교,3157,3205,6362,-48,4,14,목
2022-04-14,수인선,고색,5057,4811,9868,246,4,14,목
2022-04-14,수인선,오목천,3665,3449,7114,216,4,14,목
2022-04-14,수인선,어천,686,782,1468,-96,4,14,목
2022-04-14,수인선,야목,415,287,702,128,4,14,목
2022-04-14,수인선,사리,4998,4387,9385,611,4,14,목
2022-04-14,수인선,달월,91,58,149,33,4,14,목
2022-04-14,수인선,월곶,2873,2659,5532,214,4,14,목
2022-04-14,수인선,소래포구,5576,5258,10834,318,4,14,목
2022-04-14,수인선,인천논현,5699,5964,11663,-265,4,14,목
2022-04-14,수인선,호구포,4065,4303,8368,-238,4,14,목
2022-04-14,수인선,남동인더스파크,2273,2616,4889,-343,4,14,목
2022-04-14,수인선,원인재,4496,4738,9234,-242,4,14,목
2022-04-14,수인선,연수,4742,4643,9385,99,4,14,목
2022-04-14,수인선,송도,2579,2352,4931,227,4,14,목
2022-04-14,수인선,인하대,7077,6697,13774,380,4,14,목
2022-04-14,수인선,숭의,4034,3751,7785,283,4,14,목
2022-04-14,수인선,신포,1985,1928,3913,57,4,14,목
2022-04-14,수인선,인천,962,1701,2663,-739,4,14,목
2022-04-14,안산선,산본,15560,16755,32315,-1195,4,14,목
2022-04-14,안산선,대야미,5267,4702,9969,565,4,14,목
2022-04-14,안산선,반월,4363,4193,8556,170,4,14,목
2022-04-14,안산선,상록수,16523,16767,33290,-244,4,14,목
2022-04-14,안산선,한대앞,10616,10685,21301,-69,4,14,목
2022-04-14,안산선,중앙,18166,18841,37007,-675,4,14,목
2022-04-14,안산선,고잔,9205,8609,17814,596,4,14,목
2022-04-14,안산선,초지,5107,5560,10667,-453,4,14,목
2022-04-14,안산선,안산,11303,10165,21468,1138,4,14,목
2022-04-14,안산선,신길온천,1732,1601,3333,131,4,14,목
2022-04-14,안산선,정왕,10415,10430,20845,-15,4,14,목
2022-04-14,안산선,오이도,8421,8348,16769,73,4,14,목
2022-04-14,안산선,수리산,4399,3607,8006,792,4,14,목
2022-04-14,우이신설선,북한산우이,2597,2439,5036,158,4,14,목
2022-04-14,우이신설선,솔밭공원,2520,2365,4885,155,4,14,목
2022-04-14,우이신설선,4.19민주묘지,3354,3210,6564,144,4,14,목
2022-04-14,우이신설선,가오리,4244,4144,8388,100,4,14,목
2022-04-14,우이신설선,삼양,1941,2015,3956,-74,4,14,목
2022-04-14,우이신설선,삼양사거리,2379,2402,4781,-23,4,14,목
2022-04-14,우이신설선,솔샘,5869,5374,11243,495,4,14,목
2022-04-14,우이신설선,북한산보국문,6113,5636,11749,477,4,14,목
2022-04-14,우이신설선,정릉,4729,4250,8979,479,4,14,목
2022-04-14,우이신설선,성신여대입구(돈암),3150,3440,6590,-290,4,14,목
2022-04-14,우이신설선,보문,1534,1521,3055,13,4,14,목
2022-04-14,우이신설선,신설동,2218,2137,4355,81,4,14,목
2022-04-14,일산선,원흥,11013,10341,21354,672,4,14,목
2022-04-14,일산선,지축,1,0,1,1,4,14,목
2022-04-14,일산선,삼송,20006,19232,39238,774,4,14,목
2022-04-14,일산선,원당,11490,10820,22310,670,4,14,목
2022-04-14,일산선,화정,16713,17112,33825,-399,4,14,목
2022-04-14,일산선,대곡,2150,1724,3874,426,4,14,목
2022-04-14,일산선,백석,9873,9709,19582,164,4,14,목
2022-04-14,일산선,마두,7451,7676,15127,-225,4,14,목
2022-04-14,일산선,정발산,6728,6898,13626,-170,4,14,목
2022-04-14,일산선,주엽,8878,8930,17808,-52,4,14,목
2022-04-14,일산선,대화,12815,10395,23210,2420,4,14,목
2022-04-14,장항선,봉명,1247,1198,2445,49,4,14,목
2022-04-14,장항선,쌍용(나사렛대),2870,2610,5480,260,4,14,목
2022-04-14,장항선,아산,3669,3241,6910,428,4,14,목
2022-04-14,장항선,탕정,774,693,1467,81,4,14,목
2022-04-14,장항선,배방,1139,1085,2224,54,4,14,목
2022-04-14,장항선,신창(순천향대),2897,2424,5321,473,4,14,목
2022-04-14,장항선,온양온천,4207,4457,8664,-250,4,14,목
2022-04-14,6호선,응암,17420,17268,34688,152,4,14,목
2022-04-14,6호선,신당,8287,8923,17210,-636,4,14,목
2022-04-14,우이신설선,화계,3455,3166,6621,289,4,14,목
2022-04-14,경의선,계양,1,0,1,1,4,14,목
2022-04-14,6호선,버티고개,2156,2065,4221,91,4,14,목
2022-04-14,중앙선,지평,70,82,152,-12,4,14,목
2022-04-14,중앙선,용문,1660,1640,3300,20,4,14,목
2022-04-14,중앙선,원덕,400,378,778,22,4,14,목
2022-04-14,중앙선,양평,2664,2723,5387,-59,4,14,목
2022-04-14,중앙선,오빈,321,365,686,-44,4,14,목
2022-04-14,중앙선,아신,543,537,1080,6,4,14,목
2022-04-14,중앙선,국수,786,821,1607,-35,4,14,목
2022-04-14,중앙선,신원,221,190,411,31,4,14,목
2022-04-14,중앙선,양수,1883,1875,3758,8,4,14,목
2022-04-14,중앙선,운길산,798,767,1565,31,4,14,목
2022-04-14,중앙선,팔당,858,871,1729,-13,4,14,목
2022-04-14,중앙선,도심,2471,1941,4412,530,4,14,목
2022-04-14,중앙선,덕소,5514,5743,11257,-229,4,14,목
2022-04-14,중앙선,양정,745,620,1365,125,4,14,목
2022-04-14,중앙선,도농,10640,9676,20316,964,4,14,목
2022-04-14,중앙선,구리,13136,13401,26537,-265,4,14,목
2022-04-14,중앙선,양원,3063,2953,6016,110,4,14,목
2022-04-14,중앙선,망우,7739,7518,15257,221,4,14,목
2022-04-14,중앙선,상봉(시외버스터미널),5708,5714,11422,-6,4,14,목
2022-04-14,중앙선,중랑,5633,5233,10866,400,4,14,목
2022-04-14,중앙선,회기,25237,24255,49492,982,4,14,목
2022-04-14,6호선,한강진,7100,8471,15571,-1371,4,14,목
2022-04-14,6호선,이태원,9479,10097,19576,-618,4,14,목
2022-04-15,6호선,한강진,8525,10381,18906,-1856,4,15,금
2022-04-15,6호선,버티고개,2095,2111,4206,-16,4,15,금
2022-04-15,6호선,약수,3828,3892,7720,-64,4,15,금
2022-04-15,5호선,굽은다리(강동구민회관앞),9642,8956,18598,686,4,15,금
2022-04-15,5호선,명일,8937,9241,18178,-304,4,15,금
2022-04-15,5호선,고덕,10037,9858,19895,179,4,15,금
2022-04-15,5호선,상일동,15338,13894,29232,1444,4,15,금
2022-04-15,5호선,둔촌동,8604,8672,17276,-68,4,15,금
2022-04-15,5호선,올림픽공원(한국체대),4689,3886,8575,803,4,15,금
2022-04-15,5호선,방이,7166,7372,14538,-206,4,15,금
2022-04-15,5호선,오금,3928,3914,7842,14,4,15,금
2022-04-15,경의선,화전,2956,2672,5628,284,4,15,금
2022-04-15,경의선,강매,3412,2945,6357,467,4,15,금
2022-04-15,경의선,행신,8356,8451,16807,-95,4,15,금
2022-04-15,경의선,능곡,4131,3823,7954,308,4,15,금
2022-04-15,경의선,곡산,697,732,1429,-35,4,15,금
2022-04-15,경의선,백마,7298,7026,14324,272,4,15,금
2022-04-15,경의선,풍산,5865,5589,11454,276,4,15,금
2022-04-15,경의선,일산,9882,9774,19656,108,4,15,금
2022-04-15,경의선,탄현,8031,7702,15733,329,4,15,금
2022-04-15,경의선,야당,7886,8247,16133,-361,4,15,금
2022-04-15,경의선,운정,7179,6894,14073,285,4,15,금
2022-04-15,경의선,금릉,5101,4946,10047,155,4,15,금
2022-04-15,경의선,금촌,6685,6568,13253,117,4,15,금
2022-04-15,경의선,월롱,3295,2570,5865,725,4,15,금
2022-04-15,경의선,파주,1460,943,2403,517,4,15,금
2022-04-15,경의선,문산,5542,5366,10908,176,4,15,금
2022-04-15,경의선,임진강,17,6,23,11,4,15,금
2022-04-15,경인선,개봉,22142,21422,43564,720,4,15,금
2022-04-15,경인선,오류동,12591,11380,23971,1211,4,15,금
2022-04-15,경인선,역곡,29074,28451,57525,623,4,15,금
2022-04-15,경인선,부천,33926,34491,68417,-565,4,15,금
2022-04-15,경인선,송내,28209,28091,56300,118,4,15,금
2022-04-15,경인선,부평,30300,33945,64245,-3645,4,15,금
2022-04-15,경인선,백운,7452,7164,14616,288,4,15,금
2022-04-15,경인선,동암,15110,15621,30731,-511,4,15,금
2022-04-15,경인선,주안,20448,18465,38913,1983,4,15,금
2022-04-15,경인선,제물포,11670,10820,22490,850,4,15,금
2022-04-15,경인선,동인천,14988,14440,29428,548,4,15,금
2022-04-15,경인선,인천,4242,3237,7479,1005,4,15,금
2022-04-15,경인선,구일,7184,6942,14126,242,4,15,금
2022-04-15,경인선,소사,9177,8688,17865,489,4,15,금
2022-04-15,경인선,부개,9036,8308,17344,728,4,15,금
2022-04-15,경인선,간석,6290,5683,11973,607,4,15,금
2022-04-15,경인선,도원,3358,3303,6661,55,4,15,금
2022-04-15,경인선,온수(성공회대입구),7729,7062,14791,667,4,15,금
2022-04-15,경인선,중동,9753,8974,18727,779,4,15,금
2022-04-15,경인선,도화,4476,4036,8512,440,4,15,금
2022-04-15,경춘선,신내,2357,2281,4638,76,4,15,금
2022-04-15,경춘선,갈매,3137,2717,5854,420,4,15,금
2022-04-15,경춘선,별내,3404,3233,6637,171,4,15,금
2022-04-15,경춘선,퇴계원,3620,3342,6962,278,4,15,금
2022-04-15,경춘선,사릉,2606,2533,5139,73,4,15,금
2022-04-15,경춘선,금곡,1662,1581,3243,81,4,15,금
2022-04-15,경춘선,평내호평,6417,6531,12948,-114,4,15,금
2022-04-15,경춘선,천마산,1842,1687,3529,155,4,15,금
2022-04-15,경춘선,마석,4266,4228,8494,38,4,15,금
2022-04-15,경춘선,대성리,770,794,1564,-24,4,15,금
2022-04-15,경춘선,청평,1843,1997,3840,-154,4,15,금
2022-04-15,경춘선,상천,383,363,746,20,4,15,금
2022-04-15,경춘선,가평,1875,2041,3916,-166,4,15,금
2022-04-15,경춘선,굴봉산,228,209,437,19,4,15,금
2022-04-15,경춘선,백양리,88,80,168,8,4,15,금
2022-04-15,경춘선,강촌,424,486,910,-62,4,15,금
2022-04-15,경춘선,김유정,361,426,787,-65,4,15,금
2022-04-15,경춘선,남춘천,3115,2737,5852,378,4,15,금
2022-04-15,경춘선,춘천,1804,1485,3289,319,4,15,금
2022-04-15,공항철도 1호선,서울역,9394,8992,18386,402,4,15,금
2022-04-15,공항철도 1호선,공덕,2342,3184,5526,-842,4,15,금
2022-04-15,공항철도 1호선,홍대입구,10870,11117,21987,-247,4,15,금
2022-04-15,공항철도 1호선,디지털미디어시티,13744,12764,26508,980,4,15,금
2022-04-15,공항철도 1호선,마곡나루(서울식물원),8732,8698,17430,34,4,15,금
2022-04-15,공항철도 1호선,김포공항,14114,7365,21479,6749,4,15,금
2022-04-15,공항철도 1호선,계양,10785,9980,20765,805,4,15,금
2022-04-15,공항철도 1호선,검암,6876,6864,13740,12,4,15,금
2022-04-15,공항철도 1호선,청라국제도시,7307,6842,14149,465,4,15,금
2022-04-15,공항철도 1호선,운서,7386,7288,14674,98,4,15,금
2022-04-15,공항철도 1호선,공항화물청사,2347,2475,4822,-128,4,15,금
2022-04-15,공항철도 1호선,인천공항1터미널,4975,4945,9920,30,4,15,금
2022-04-15,공항철도 1호선,인천공항2터미널,2636,2379,5015,257,4,15,금
2022-04-15,공항철도 1호선,영종,3494,3669,7163,-175,4,15,금
2022-04-15,과천선,선바위,8873,7684,16557,1189,4,15,금
2022-04-15,과천선,경마공원,6459,6504,12963,-45,4,15,금
2022-04-15,과천선,대공원,6125,6421,12546,-296,4,15,금
2022-04-15,과천선,과천,6707,6005,12712,702,4,15,금
2022-04-15,과천선,정부과천청사,11206,11040,22246,166,4,15,금
2022-04-15,과천선,인덕원,25694,26245,51939,-551,4,15,금
2022-04-15,과천선,평촌,18082,17526,35608,556,4,15,금
2022-04-15,과천선,범계,27262,27526,54788,-264,4,15,금
2022-04-15,분당선,선릉,13347,20205,33552,-6858,4,15,금
2022-04-15,분당선,한티,14702,15696,30398,-994,4,15,금
2022-04-15,분당선,도곡,7354,7139,14493,215,4,15,금
2022-04-15,분당선,구룡,2471,2326,4797,145,4,15,금
2022-04-15,분당선,개포동,4034,4198,8232,-164,4,15,금
2022-04-15,분당선,대모산입구,4645,4251,8896,394,4,15,금
2022-04-15,분당선,수서,14702,15632,30334,-930,4,15,금
2022-04-15,분당선,수원,8870,7884,16754,986,4,15,금
2022-04-15,분당선,서울숲,13714,13874,27588,-160,4,15,금
2022-04-15,분당선,압구정로데오,21226,24482,45708,-3256,4,15,금
2022-04-15,분당선,강남구청,10139,11831,21970,-1692,4,15,금
2022-04-15,분당선,선정릉,8094,8589,16683,-495,4,15,금
2022-04-15,분당선,가천대,10524,10763,21287,-239,4,15,금
2022-04-15,분당선,태평,14120,13489,27609,631,4,15,금
2022-04-15,분당선,모란,21084,21451,42535,-367,4,15,금
2022-04-15,분당선,야탑,26973,28314,55287,-1341,4,15,금
2022-04-15,분당선,서현,25238,25955,51193,-717,4,15,금
2022-04-15,분당선,수내,13450,13381,26831,69,4,15,금
2022-04-15,분당선,정자,17128,18317,35445,-1189,4,15,금
2022-04-15,분당선,미금,16176,17173,33349,-997,4,15,금
2022-04-15,분당선,오리,12084,9734,21818,2350,4,15,금
2022-04-15,분당선,이매,6104,5695,11799,409,4,15,금
2022-04-15,분당선,보정,2715,2358,5073,357,4,15,금
2022-04-15,분당선,죽전,14797,15899,30696,-1102,4,15,금
2022-04-15,분당선,구성,5236,5416,10652,-180,4,15,금
2022-04-15,분당선,신갈,4635,4573,9208,62,4,15,금
2022-04-15,분당선,기흥,10397,9666,20063,731,4,15,금
2022-04-15,분당선,상갈,5577,5412,10989,165,4,15,금
2022-04-15,분당선,청명,4685,4316,9001,369,4,15,금
2022-04-15,분당선,영통,9055,9162,18217,-107,4,15,금
2022-04-15,분당선,망포,15485,14197,29682,1288,4,15,금
2022-04-15,분당선,매탄권선,5488,5180,10668,308,4,15,금
2022-04-15,분당선,수원시청,13450,15245,28695,-1795,4,15,금
2022-04-15,분당선,매교,3384,3420,6804,-36,4,15,금
2022-04-15,수인선,고색,5297,4982,10279,315,4,15,금
2022-04-15,수인선,오목천,3795,3300,7095,495,4,15,금
2022-04-15,수인선,어천,854,809,1663,45,4,15,금
2022-04-15,수인선,야목,426,325,751,101,4,15,금
2022-04-15,수인선,사리,5202,4572,9774,630,4,15,금
2022-04-15,수인선,달월,122,88,210,34,4,15,금
2022-04-15,수인선,월곶,2854,2683,5537,171,4,15,금
2022-04-15,수인선,소래포구,6584,6540,13124,44,4,15,금
2022-04-15,수인선,인천논현,5981,6436,12417,-455,4,15,금
2022-04-15,수인선,호구포,4401,4479,8880,-78,4,15,금
2022-04-15,수인선,남동인더스파크,2405,2585,4990,-180,4,15,금
2022-04-15,수인선,원인재,4721,4985,9706,-264,4,15,금
2022-04-15,수인선,연수,5089,5045,10134,44,4,15,금
2022-04-15,수인선,송도,2672,2561,5233,111,4,15,금
2022-04-15,수인선,인하대,7127,6582,13709,545,4,15,금
2022-04-15,수인선,숭의,4203,3865,8068,338,4,15,금
2022-04-15,수인선,신포,2078,2071,4149,7,4,15,금
2022-04-15,수인선,인천,1117,2069,3186,-952,4,15,금
2022-04-15,안산선,산본,16650,17932,34582,-1282,4,15,금
2022-04-15,안산선,대야미,5533,4892,10425,641,4,15,금
2022-04-15,안산선,반월,4644,4363,9007,281,4,15,금
2022-04-15,안산선,상록수,17362,17461,34823,-99,4,15,금
2022-04-15,안산선,한대앞,10919,10783,21702,136,4,15,금
2022-04-15,안산선,중앙,19338,20886,40224,-1548,4,15,금
2022-04-15,안산선,고잔,9456,8969,18425,487,4,15,금
2022-04-15,안산선,초지,5037,5539,10576,-502,4,15,금
2022-04-15,안산선,안산,11910,10914,22824,996,4,15,금
2022-04-15,안산선,신길온천,1907,1738,3645,169,4,15,금
2022-04-15,안산선,정왕,10692,10403,21095,289,4,15,금
2022-04-15,안산선,오이도,8964,9108,18072,-144,4,15,금
2022-04-15,안산선,수리산,4500,3582,8082,918,4,15,금
2022-04-15,우이신설선,북한산우이,3111,2810,5921,301,4,15,금
2022-04-15,우이신설선,솔밭공원,2570,2403,4973,167,4,15,금
2022-04-15,우이신설선,4.19민주묘지,3877,3635,7512,242,4,15,금
2022-04-15,우이신설선,가오리,4383,4243,8626,140,4,15,금
2022-04-15,우이신설선,화계,3548,3295,6843,253,4,15,금
2022-04-15,우이신설선,삼양,2072,2155,4227,-83,4,15,금
2022-04-15,우이신설선,삼양사거리,2475,2512,4987,-37,4,15,금
2022-04-15,우이신설선,솔샘,5947,5377,11324,570,4,15,금
2022-04-15,우이신설선,북한산보국문,6347,5817,12164,530,4,15,금
2022-04-15,1호선,서울역,46888,46616,93504,272,4,15,금
2022-04-15,우이신설선,정릉,5026,4268,9294,758,4,15,금
2022-04-15,우이신설선,성신여대입구(돈암),3386,3739,7125,-353,4,15,금
2022-04-15,우이신설선,보문,1569,1642,3211,-73,4,15,금
2022-04-15,우이신설선,신설동,2216,2190,4406,26,4,15,금
2022-04-15,일산선,원흥,11149,10557,21706,592,4,15,금
2022-04-15,일산선,삼송,20689,19648,40337,1041,4,15,금
2022-04-15,일산선,원당,11855,11091,22946,764,4,15,금
2022-04-15,일산선,화정,17211,17705,34916,-494,4,15,금
2022-04-15,일산선,대곡,2227,1810,4037,417,4,15,금
2022-04-15,일산선,백석,10326,10191,20517,135,4,15,금
2022-04-15,일산선,마두,7880,8027,15907,-147,4,15,금
2022-04-15,일산선,정발산,7737,8219,15956,-482,4,15,금
2022-04-15,일산선,주엽,9261,9331,18592,-70,4,15,금
2022-04-15,일산선,대화,13054,10517,23571,2537,4,15,금
2022-04-15,장항선,봉명,1297,1219,2516,78,4,15,금
2022-04-15,장항선,쌍용(나사렛대),2724,2363,5087,361,4,15,금
2022-04-15,장항선,아산,4190,3904,8094,286,4,15,금
2022-04-15,장항선,탕정,909,744,1653,165,4,15,금
2022-04-15,장항선,배방,1279,1237,2516,42,4,15,금
2022-04-15,장항선,온양온천,3906,4150,8056,-244,4,15,금
2022-04-15,장항선,신창(순천향대),2642,2022,4664,620,4,15,금
2022-04-15,중앙선,회기,26209,24580,50789,1629,4,15,금
2022-04-15,중앙선,중랑,5985,5638,11623,347,4,15,금
2022-04-15,중앙선,상봉(시외버스터미널),6250,6220,12470,30,4,15,금
2022-04-15,중앙선,망우,8377,8133,16510,244,4,15,금
2022-04-15,중앙선,양원,3314,3096,6410,218,4,15,금
2022-04-15,중앙선,구리,13969,14386,28355,-417,4,15,금
2022-04-15,중앙선,도농,11103,10170,21273,933,4,15,금
2022-04-15,중앙선,양정,802,707,1509,95,4,15,금
2022-04-15,중앙선,덕소,5807,6008,11815,-201,4,15,금
2022-04-15,중앙선,도심,2651,2121,4772,530,4,15,금
2022-04-15,중앙선,팔당,1106,1176,2282,-70,4,15,금
2022-04-15,중앙선,운길산,1057,1016,2073,41,4,15,금
2022-04-15,중앙선,양수,2284,2223,4507,61,4,15,금
2022-04-15,중앙선,신원,302,271,573,31,4,15,금
2022-04-15,중앙선,국수,878,905,1783,-27,4,15,금
2022-04-15,중앙선,아신,675,656,1331,19,4,15,금
2022-04-15,중앙선,오빈,354,368,722,-14,4,15,금
2022-04-15,2호선,용답,3089,3193,6282,-104,4,15,금
2022-04-15,중앙선,양평,3049,3319,6368,-270,4,15,금
2022-04-15,중앙선,원덕,457,480,937,-23,4,15,금
2022-04-15,중앙선,용문,3882,4060,7942,-178,4,15,금
2022-04-15,중앙선,지평,84,83,167,1,4,15,금
2022-04-15,5호선,개롱,6606,6783,13389,-177,4,15,금
2022-04-15,5호선,거여,10553,9867,20420,686,4,15,금
2022-04-15,5호선,마천,7395,7004,14399,391,4,15,금
2022-04-15,경의선,수색,2866,2995,5861,-129,4,15,금
2022-04-15,2호선,신답,1717,1849,3566,-132,4,15,금
2022-04-15,2호선,충정로(경기대입구),10171,10705,20876,-534,4,15,금
2022-04-15,2호선,아현,10706,9959,20665,747,4,15,금
2022-04-15,2호선,이대,14484,14723,29207,-239,4,15,금
2022-04-15,2호선,신촌,33088,33986,67074,-898,4,15,금
2022-04-15,2호선,홍대입구,55882,63024,118906,-7142,4,15,금
2022-04-15,2호선,합정,32775,35730,68505,-2955,4,15,금
2022-04-15,5호선,강일,4316,3986,8302,330,4,15,금
2022-04-15,2호선,당산,19698,22507,42205,-2809,4,15,금
2022-04-15,2호선,영등포구청,22716,23600,46316,-884,4,15,금
2022-04-15,2호선,신설동,3731,1863,5594,1868,4,15,금
2022-04-15,2호선,도림천,1419,1462,2881,-43,4,15,금
2022-04-15,2호선,양천구청,6742,7059,13801,-317,4,15,금
2022-04-15,2호선,신정네거리,10577,10863,21440,-286,4,15,금
2022-04-15,2호선,용두(동대문구청),2445,2437,4882,8,4,15,금
2022-04-15,3호선,지축,5255,4730,9985,525,4,15,금
2022-04-15,3호선,구파발,20892,20096,40988,796,4,15,금
2022-04-15,3호선,연신내,37516,35425,72941,2091,4,15,금
2022-04-15,3호선,불광,16632,17601,34233,-969,4,15,금
2022-04-15,3호선,녹번,15971,14041,30012,1930,4,15,금
2022-04-15,3호선,홍제,18234,17140,35374,1094,4,15,금
2022-04-15,3호선,무악재,4019,3980,7999,39,4,15,금
2022-04-15,3호선,독립문,7376,7619,14995,-243,4,15,금
2022-04-15,경의선,가좌,5719,5378,11097,341,4,15,금
2022-04-15,경의선,홍대입구,1798,2082,3880,-284,4,15,금
2022-04-15,경의선,서강대,2175,2064,4239,111,4,15,금
2022-04-15,경의선,공덕,3820,3535,7355,285,4,15,금
2022-04-15,경의선,효창공원앞,3094,3461,6555,-367,4,15,금
2022-04-15,경의선,신촌,877,1142,2019,-265,4,15,금
2022-04-15,경의선,서울역,4386,5742,10128,-1356,4,15,금
2022-04-15,경원선,소요산,3283,2889,6172,394,4,15,금
2022-04-15,경원선,동두천,2636,2880,5516,-244,4,15,금
2022-04-15,경원선,보산,2129,1816,3945,313,4,15,금
2022-04-15,경원선,동두천중앙,3525,3485,7010,40,4,15,금
2022-04-15,경원선,지행,7317,7300,14617,17,4,15,금
2022-04-15,경원선,덕정,6632,6036,12668,596,4,15,금
2022-04-15,경원선,덕계,3373,3023,6396,350,4,15,금
2022-04-15,경원선,양주,8443,7930,16373,513,4,15,금
2022-04-15,경원선,녹양,4954,4574,9528,380,4,15,금
2022-04-15,경원선,가능,7224,6833,14057,391,4,15,금
2022-04-15,경원선,의정부,19372,20652,40024,-1280,4,15,금
2022-04-15,경원선,회룡,13331,13164,26495,167,4,15,금
2022-04-15,경원선,망월사,8792,8756,17548,36,4,15,금
2022-04-15,경원선,도봉산,8484,5691,14175,2793,4,15,금
2022-04-15,경원선,도봉,6188,5939,12127,249,4,15,금
2022-04-15,경원선,방학,10173,9918,20091,255,4,15,금
2022-04-15,경원선,녹천,4976,3924,8900,1052,4,15,금
2022-04-15,경원선,월계,8361,7747,16108,614,4,15,금
2022-04-15,경원선,광운대,8747,8501,17248,246,4,15,금
2022-04-15,경원선,석계,8678,9436,18114,-758,4,15,금
2022-04-15,경원선,신이문,8833,7984,16817,849,4,15,금
2022-04-15,경원선,외대앞,8969,8596,17565,373,4,15,금
2022-04-15,경원선,청량리(서울시립대입구),16718,17670,34388,-952,4,15,금
2022-04-15,경원선,왕십리(성동구청),15247,16874,32121,-1627,4,15,금
2022-04-15,경원선,응봉,2127,1735,3862,392,4,15,금
2022-04-15,경원선,옥수,66,46,112,20,4,15,금
2022-04-15,경원선,한남,4120,3973,8093,147,4,15,금
2022-04-15,경원선,서빙고,2102,1893,3995,209,4,15,금
2022-04-15,경원선,이촌(국립중앙박물관),3998,3022,7020,976,4,15,금
2022-04-15,경부선,광명,3733,3528,7261,205,4,15,금
2022-04-15,경부선,서동탄,1497,1383,2880,114,4,15,금
2022-04-15,경부선,당정,6714,6301,13015,413,4,15,금
2022-04-15,경부선,천안,6692,6708,13400,-16,4,15,금
2022-04-15,경부선,두정,7423,6784,14207,639,4,15,금
2022-04-15,경부선,직산,1005,897,1902,108,4,15,금
2022-04-15,경부선,성환,4446,3974,8420,472,4,15,금
2022-04-15,경부선,평택,14417,14015,28432,402,4,15,금
2022-04-15,경부선,평택지제,4098,3891,7989,207,4,15,금
2022-04-15,경부선,서정리,8428,7012,15440,1416,4,15,금
2022-04-15,경부선,송탄,5289,4694,9983,595,4,15,금
2022-04-15,경부선,진위,2112,1656,3768,456,4,15,금
2022-04-15,경부선,오산,10910,10654,21564,256,4,15,금
2022-04-15,경부선,오산대,4215,3902,8117,313,4,15,금
2022-04-15,경부선,세마,3110,2816,5926,294,4,15,금
2022-04-15,경부선,병점,16311,16219,32530,92,4,15,금
2022-04-15,경부선,세류,3175,2979,6154,196,4,15,금
2022-04-15,경부선,독산,19044,19337,38381,-293,4,15,금
2022-04-15,경부선,수원,37915,41779,79694,-3864,4,15,금
2022-04-15,경부선,화서,8574,8283,16857,291,4,15,금
2022-04-15,경부선,성균관대,16427,15450,31877,977,4,15,금
2022-04-15,경부선,의왕,9689,9547,19236,142,4,15,금
2022-04-15,경부선,군포,7993,7859,15852,134,4,15,금
2022-04-15,경부선,금정,27638,28228,55866,-590,4,15,금
2022-04-15,경부선,명학,9946,9716,19662,230,4,15,금
2022-04-15,6호선,이태원,12121,14602,26723,-2481,4,15,금
2022-04-15,경부선,안양,26058,25837,51895,221,4,15,금
2022-04-15,경부선,관악,7786,7088,14874,698,4,15,금
2022-04-15,경부선,석수,9959,8759,18718,1200,4,15,금
2022-04-15,경부선,금천구청,12206,12234,24440,-28,4,15,금
2022-04-15,경부선,가산디지털단지,18736,21475,40211,-2739,4,15,금
2022-04-15,경부선,구로,18647,19650,38297,-1003,4,15,금
2022-04-15,경부선,신길,9347,7745,17092,1602,4,15,금
2022-04-15,경부선,신도림,4238,4379,8617,-141,4,15,금
2022-04-15,경부선,영등포,40010,42176,82186,-2166,4,15,금
2022-04-15,경부선,대방,13188,13394,26582,-206,4,15,금
2022-04-15,경부선,노량진,8944,9048,17992,-104,4,15,금
2022-04-15,경부선,용산,36656,38986,75642,-2330,4,15,금
2022-04-15,경부선,남영,9641,10057,19698,-416,4,15,금
2022-04-15,경부선,서울역,7726,2650,10376,5076,4,15,금
2022-04-15,경강선,여주,2403,2568,4971,-165,4,15,금
2022-04-15,2호선,선릉,55703,49972,105675,5731,4,15,금
2022-04-15,2호선,삼성(무역센터),53234,53747,106981,-513,4,15,금
2022-04-15,2호선,종합운동장,9616,10314,19930,-698,4,15,금
2022-04-15,2호선,잠실새내,22118,22734,44852,-616,4,15,금
2022-04-15,2호선,잠실(송파구청),73845,73401,147246,444,4,15,금
2022-04-15,2호선,잠실나루,14785,14210,28995,575,4,15,금
2022-04-15,2호선,강변(동서울터미널),32243,30829,63072,1414,4,15,금
2022-04-15,2호선,구의(광진구청),24283,23552,47835,731,4,15,금
2022-04-15,2호선,건대입구,37688,41159,78847,-3471,4,15,금
2022-04-15,2호선,성수,38530,42916,81446,-4386,4,15,금
2022-04-15,2호선,뚝섬,23797,25378,49175,-1581,4,15,금
2022-04-15,2호선,한양대,12884,13867,26751,-983,4,15,금
2022-04-15,2호선,왕십리(성동구청),17582,14516,32098,3066,4,15,금
2022-04-15,2호선,상왕십리,14524,13904,28428,620,4,15,금
2022-04-15,2호선,신당,14633,15179,29812,-546,4,15,금
2022-04-15,2호선,동대문역사문화공원(DDP),12429,13400,25829,-971,4,15,금
2022-04-15,2호선,을지로4가,13061,13456,26517,-395,4,15,금
2022-04-15,2호선,을지로3가,22975,23799,46774,-824,4,15,금
2022-04-15,2호선,을지로입구,38841,40426,79267,-1585,4,15,금
2022-04-15,2호선,시청,22930,22464,45394,466,4,15,금
2022-04-15,1호선,동묘앞,8638,9057,17695,-419,4,15,금
2022-04-15,1호선,청량리(서울시립대입구),21332,21033,42365,299,4,15,금
2022-04-15,1호선,제기동,18098,18464,36562,-366,4,15,금
2022-04-15,1호선,신설동,14173,13906,28079,267,4,15,금
2022-04-15,1호선,동대문,11210,9977,21187,1233,4,15,금
2022-04-15,1호선,종로5가,23487,23394,46881,93,4,15,금
2022-04-15,1호선,종로3가,26258,24349,50607,1909,4,15,금
2022-04-15,1호선,종각,34175,33628,67803,547,4,15,금
2022-04-15,경강선,세종대왕릉,373,403,776,-30,4,15,금
2022-04-15,경강선,부발,2660,2086,4746,574,4,15,금
2022-04-15,경강선,이천,2886,3067,5953,-181,4,15,금
2022-04-15,경강선,신둔도예촌,1777,1620,3397,157,4,15,금
2022-04-15,경강선,곤지암,2403,2341,4744,62,4,15,금
2022-04-15,경강선,초월,3359,3074,6433,285,4,15,금
2022-04-15,경강선,경기광주,8029,7450,15479,579,4,15,금
2022-04-15,경강선,삼동,2524,2247,4771,277,4,15,금
2022-04-15,경강선,이매,1140,1017,2157,123,4,15,금
2022-04-15,경강선,판교,4804,4773,9577,31,4,15,금
2022-04-15,9호선2~3단계,중앙보훈병원,10825,9404,20229,1421,4,15,금
2022-04-15,9호선2~3단계,둔촌오륜,1233,1070,2303,163,4,15,금
2022-04-15,9호선2~3단계,올림픽공원(한국체대),6376,6191,12567,185,4,15,금
2022-04-15,9호선2~3단계,한성백제,2697,2390,5087,307,4,15,금
2022-04-15,9호선2~3단계,송파나루,5339,5750,11089,-411,4,15,금
2022-04-15,9호선2~3단계,석촌,9113,7965,17078,1148,4,15,금
2022-04-15,9호선2~3단계,석촌고분,6218,5887,12105,331,4,15,금
2022-04-15,9호선2~3단계,삼전,7116,6760,13876,356,4,15,금
2022-04-15,9호선2~3단계,종합운동장,4234,4453,8687,-219,4,15,금
2022-04-15,9호선2~3단계,봉은사,17962,18447,36409,-485,4,15,금
2022-04-15,1호선,시청,22215,22793,45008,-578,4,15,금
2022-04-15,9호선2~3단계,삼성중앙,6975,7245,14220,-270,4,15,금
2022-04-15,9호선2~3단계,선정릉,9772,10824,20596,-1052,4,15,금
2022-04-15,9호선2~3단계,언주,10514,10677,21191,-163,4,15,금
2022-04-15,9호선,신논현,33415,34328,67743,-913,4,15,금
2022-04-15,9호선,사평,3673,3443,7116,230,4,15,금
2022-04-15,9호선,고속터미널,13772,18511,32283,-4739,4,15,금
2022-04-15,9호선,신반포,3773,3727,7500,46,4,15,금
2022-04-15,9호선,구반포,1339,1434,2773,-95,4,15,금
2022-04-15,9호선,동작(현충원),2254,1822,4076,432,4,15,금
2022-04-15,9호선,흑석(중앙대입구),9168,9060,18228,108,4,15,금
2022-04-15,9호선,노들,4707,3732,8439,975,4,15,금
2022-04-15,9호선,노량진,27756,26602,54358,1154,4,15,금
2022-04-15,9호선,여의도,29020,27772,56792,1248,4,15,금
2022-04-15,9호선,국회의사당,15741,16299,32040,-558,4,15,금
2022-04-15,9호선,당산,19118,18714,37832,404,4,15,금
2022-04-15,9호선,선유도,8912,8188,17100,724,4,15,금
2022-04-15,9호선,신목동,4211,3581,7792,630,4,15,금
2022-04-15,3호선,경복궁(정부서울청사),22196,22336,44532,-140,4,15,금
2022-04-15,9호선,염창,17940,16641,34581,1299,4,15,금
2022-04-15,9호선,등촌,11465,10907,22372,558,4,15,금
2022-04-15,9호선,증미,7652,7159,14811,493,4,15,금
2022-04-15,9호선,가양,21376,20246,41622,1130,4,15,금
2022-04-15,9호선,양천향교,10309,10295,20604,14,4,15,금
2022-04-15,9호선,마곡나루(서울식물원),12609,12579,25188,30,4,15,금
2022-04-15,9호선,신방화,7213,6752,13965,461,4,15,금
2022-04-15,9호선,공항시장,3122,3256,6378,-134,4,15,금
2022-04-15,9호선,김포공항,8197,13193,21390,-4996,4,15,금
2022-04-15,9호선,개화,2518,1806,4324,712,4,15,금
2022-04-15,8호선,남위례,5142,5318,10460,-176,4,15,금
2022-04-15,8호선,모란,4584,3871,8455,713,4,15,금
2022-04-15,8호선,수진,5552,5003,10555,549,4,15,금
2022-04-15,8호선,신흥,4296,4565,8861,-269,4,15,금
2022-04-15,8호선,단대오거리,11539,10658,22197,881,4,15,금
2022-04-15,8호선,남한산성입구(성남법원.검찰청),15660,13734,29394,1926,4,15,금
2022-04-15,8호선,산성,5605,5442,11047,163,4,15,금
2022-04-15,8호선,복정,10337,8543,18880,1794,4,15,금
2022-04-15,8호선,장지,17516,16444,33960,1072,4,15,금
2022-04-15,8호선,문정,21924,22746,44670,-822,4,15,금
2022-04-15,8호선,가락시장,8125,9166,17291,-1041,4,15,금
2022-04-15,8호선,송파,8471,8108,16579,363,4,15,금
2022-04-15,8호선,석촌,8010,9487,17497,-1477,4,15,금
2022-04-15,8호선,잠실(송파구청),14707,17697,32404,-2990,4,15,금
2022-04-15,8호선,몽촌토성(평화의문),6400,6442,12842,-42,4,15,금
2022-04-15,8호선,강동구청,10500,10566,21066,-66,4,15,금
2022-04-15,8호선,천호(풍납토성),15307,18019,33326,-2712,4,15,금
2022-04-15,8호선,암사,19423,16673,36096,2750,4,15,금
2022-04-15,7호선,온수(성공회대입구),11244,10574,21818,670,4,15,금
2022-04-15,7호선,천왕,11967,11085,23052,882,4,15,금
2022-04-15,7호선,광명사거리,22599,22253,44852,346,4,15,금
2022-04-15,7호선,철산,21892,22370,44262,-478,4,15,금
2022-04-15,7호선,가산디지털단지,44716,44660,89376,56,4,15,금
2022-04-15,7호선,남구로,15471,16446,31917,-975,4,15,금
2022-04-15,7호선,대림(구로구청),7713,7879,15592,-166,4,15,금
2022-04-15,7호선,신풍,11919,11267,23186,652,4,15,금
2022-04-15,7호선,보라매,10354,10168,20522,186,4,15,금
2022-04-15,7호선,신대방삼거리,17235,16026,33261,1209,4,15,금
2022-04-15,7호선,장승배기,9177,8858,18035,319,4,15,금
2022-04-15,7호선,상도,11454,10789,22243,665,4,15,금
2022-04-15,7호선,숭실대입구(살피재),14408,14113,28521,295,4,15,금
2022-04-15,7호선,남성,11469,10139,21608,1330,4,15,금
2022-04-15,7호선,이수,16355,15922,32277,433,4,15,금
2022-04-15,5호선,미사,16490,16393,32883,97,4,15,금
2022-04-15,7호선,내방,14876,15101,29977,-225,4,15,금
2022-04-15,7호선,고속터미널,17022,14337,31359,2685,4,15,금
2022-04-15,7호선,반포,6127,5857,11984,270,4,15,금
2022-04-15,7호선,논현,20468,22871,43339,-2403,4,15,금
2022-04-15,7호선,학동,23736,25747,49483,-2011,4,15,금
2022-04-15,7호선,강남구청,16292,18273,34565,-1981,4,15,금
2022-04-15,7호선,청담,19431,22236,41667,-2805,4,15,금
2022-04-15,7호선,뚝섬유원지,11250,11092,22342,158,4,15,금
2022-04-15,7호선,건대입구,13055,13841,26896,-786,4,15,금
2022-04-15,7호선,어린이대공원(세종대),15102,15063,30165,39,4,15,금
2022-04-15,7호선,군자(능동),15491,12040,27531,3451,4,15,금
2022-04-15,7호선,중곡,11362,10348,21710,1014,4,15,금
2022-04-15,7호선,용마산(용마폭포공원),6224,5740,11964,484,4,15,금
2022-04-15,7호선,사가정,16786,16660,33446,126,4,15,금
2022-04-15,7호선,면목,16983,16193,33176,790,4,15,금
2022-04-15,7호선,상봉(시외버스터미널),17459,16635,34094,824,4,15,금
2022-04-15,7호선,중화,11225,10819,22044,406,4,15,금
2022-04-15,7호선,먹골,10366,9777,20143,589,4,15,금
2022-04-15,7호선,태릉입구,9220,8714,17934,506,4,15,금
2022-04-15,7호선,공릉(서울과학기술대),12716,12300,25016,416,4,15,금
2022-04-15,7호선,하계,18371,16860,35231,1511,4,15,금
2022-04-15,7호선,중계,15070,13575,28645,1495,4,15,금
2022-04-15,7호선,노원,19656,21551,41207,-1895,4,15,금
2022-04-15,7호선,마들,13458,12200,25658,1258,4,15,금
2022-04-15,7호선,수락산,12914,12410,25324,504,4,15,금
2022-04-15,7호선,도봉산,9675,11343,21018,-1668,4,15,금
2022-04-15,7호선,장암,2339,929,3268,1410,4,15,금
2022-04-15,6호선,봉화산(서울의료원),8907,8403,17310,504,4,15,금
2022-04-15,6호선,화랑대(서울여대입구),12363,9354,21717,3009,4,15,금
2022-04-15,6호선,태릉입구,5796,6293,12089,-497,4,15,금
2022-04-15,6호선,석계,12482,12928,25410,-446,4,15,금
2022-04-15,6호선,돌곶이,9671,8694,18365,977,4,15,금
2022-04-15,2호선,역삼,50179,56537,106716,-6358,4,15,금
2022-04-15,2호선,강남,85967,87465,173432,-1498,4,15,금
2022-04-15,6호선,상월곡(한국과학기술연구원),6532,5755,12287,777,4,15,금
2022-04-15,6호선,월곡(동덕여대),12096,11688,23784,408,4,15,금
2022-04-15,6호선,고려대(종암),8381,8026,16407,355,4,15,금
2022-04-15,6호선,안암(고대병원앞),12241,11581,23822,660,4,15,금
2022-04-15,5호선,하남풍산,4432,4348,8780,84,4,15,금
2022-04-15,경의선,디지털미디어시티,2692,2536,5228,156,4,15,금
2022-04-15,6호선,보문,7652,6874,14526,778,4,15,금
2022-04-15,6호선,창신,3740,3110,6850,630,4,15,금
2022-04-15,6호선,동묘앞,8134,7852,15986,282,4,15,금
2022-04-15,6호선,신당,8480,8331,16811,149,4,15,금
2022-04-15,6호선,청구,3790,4099,7889,-309,4,15,금
2022-04-15,5호선,하남시청(덕풍·신장),6968,6645,13613,323,4,15,금
2022-04-15,9호선,샛강,6153,6291,12444,-138,4,15,금
2022-04-15,5호선,하남검단산,5864,5659,11523,205,4,15,금
2022-04-15,6호선,응암,17964,17532,35496,432,4,15,금
2022-04-15,6호선,역촌,3798,4284,8082,-486,4,15,금
2022-04-15,6호선,불광,4276,4248,8524,28,4,15,금
2022-04-15,6호선,독바위,2770,2877,5647,-107,4,15,금
2022-04-15,6호선,연신내,1,0,1,1,4,15,금
2022-04-15,6호선,구산,8009,5795,13804,2214,4,15,금
2022-04-15,6호선,새절(신사),13178,12287,25465,891,4,15,금
2022-04-15,6호선,증산(명지대앞),10397,10112,20509,285,4,15,금
2022-04-15,6호선,디지털미디어시티,13918,14824,28742,-906,4,15,금
2022-04-15,6호선,월드컵경기장(성산),4764,4993,9757,-229,4,15,금
2022-04-15,6호선,마포구청,14389,12705,27094,1684,4,15,금
2022-04-15,6호선,망원,14597,15724,30321,-1127,4,15,금
2022-04-15,6호선,합정,13929,13853,27782,76,4,15,금
2022-04-15,6호선,상수,9072,11048,20120,-1976,4,15,금
2022-04-15,6호선,광흥창(서강),9223,8807,18030,416,4,15,금
2022-04-15,6호선,대흥(서강대앞),8315,8452,16767,-137,4,15,금
2022-04-15,6호선,공덕,19011,18638,37649,373,4,15,금
2022-04-15,6호선,효창공원앞,7444,6711,14155,733,4,15,금
2022-04-15,6호선,삼각지,6882,5900,12782,982,4,15,금
2022-04-15,6호선,녹사평(용산구청),5268,5600,10868,-332,4,15,금
2022-04-15,2호선,교대(법원.검찰청),34958,39661,74619,-4703,4,15,금
2022-04-15,2호선,서초,21215,20183,41398,1032,4,15,금
2022-04-15,2호선,방배,19053,19674,38727,-621,4,15,금
2022-04-15,2호선,사당,38455,43858,82313,-5403,4,15,금
2022-04-15,2호선,낙성대(강감찬),28361,26317,54678,2044,4,15,금
2022-04-15,2호선,서울대입구(관악구청),50254,48217,98471,2037,4,15,금
2022-04-15,2호선,봉천,24513,21831,46344,2682,4,15,금
2022-04-15,2호선,신림,65833,62556,128389,3277,4,15,금
2022-04-15,2호선,신대방,27405,26219,53624,1186,4,15,금
2022-04-15,2호선,구로디지털단지,59248,58871,118119,377,4,15,금
2022-04-15,2호선,대림(구로구청),24626,24967,49593,-341,4,15,금
2022-04-15,2호선,신도림,49110,49869,98979,-759,4,15,금
2022-04-15,2호선,문래,22238,23111,45349,-873,4,15,금
2022-04-15,3호선,안국,22159,23164,45323,-1005,4,15,금
2022-04-15,3호선,종로3가,10261,12415,22676,-2154,4,15,금
2022-04-15,3호선,을지로3가,10694,11645,22339,-951,4,15,금
2022-04-15,3호선,충무로,3,0,3,3,4,15,금
2022-04-15,3호선,동대입구,9162,9941,19103,-779,4,15,금
2022-04-15,3호선,약수,13856,13300,27156,556,4,15,금
2022-04-15,3호선,금호,8202,7502,15704,700,4,15,금
2022-04-15,3호선,옥수,9452,9557,19009,-105,4,15,금
2022-04-15,3호선,압구정,33073,36034,69107,-2961,4,15,금
2022-04-15,3호선,신사,32515,35072,67587,-2557,4,15,금
2022-04-15,3호선,잠원,5033,4919,9952,114,4,15,금
2022-04-15,3호선,고속터미널,44806,47217,92023,-2411,4,15,금
2022-04-15,3호선,교대(법원.검찰청),15129,9876,25005,5253,4,15,금
2022-04-15,3호선,남부터미널(예술의전당),30851,31387,62238,-536,4,15,금
2022-04-15,3호선,양재(서초구청),39791,42599,82390,-2808,4,15,금
2022-04-15,3호선,매봉,12395,12050,24445,345,4,15,금
2022-04-15,3호선,도곡,5547,5558,11105,-11,4,15,금
2022-04-15,3호선,대치,11168,11310,22478,-142,4,15,금
2022-04-15,3호선,학여울,2615,2762,5377,-147,4,15,금
2022-04-15,3호선,대청,10683,9499,20182,1184,4,15,금
2022-04-15,3호선,일원,10661,9975,20636,686,4,15,금
2022-04-15,3호선,수서,18637,18818,37455,-181,4,15,금
2022-04-15,3호선,가락시장,9442,9357,18799,85,4,15,금
2022-04-15,3호선,경찰병원,7445,7391,14836,54,4,15,금
2022-04-15,3호선,오금,6347,5940,12287,407,4,15,금
2022-04-15,4호선,당고개,9183,8263,17446,920,4,15,금
2022-04-15,4호선,상계,20089,18629,38718,1460,4,15,금
2022-04-15,4호선,노원,19599,22522,42121,-2923,4,15,금
2022-04-15,4호선,창동,26417,27590,54007,-1173,4,15,금
2022-04-15,4호선,쌍문,30190,27250,57440,2940,4,15,금
2022-04-15,4호선,수유(강북구청),35412,34926,70338,486,4,15,금
2022-04-15,4호선,미아(서울사이버대학),16281,15717,31998,564,4,15,금
2022-04-15,4호선,미아사거리,28411,27365,55776,1046,4,15,금
2022-04-15,4호선,길음,21434,20641,42075,793,4,15,금
2022-04-15,4호선,성신여대입구(돈암),21490,20488,41978,1002,4,15,금
2022-04-15,4호선,한성대입구(삼선교),15041,14497,29538,544,4,15,금
2022-04-15,4호선,혜화,32727,32324,65051,403,4,15,금
2022-04-15,4호선,동대문,19990,20336,40326,-346,4,15,금
2022-04-15,4호선,동대문역사문화공원(DDP),14580,12875,27455,1705,4,15,금
2022-04-15,4호선,충무로,28233,29380,57613,-1147,4,15,금
2022-04-15,4호선,명동,20446,21554,42000,-1108,4,15,금
2022-04-15,4호선,회현(남대문시장),24838,26647,51485,-1809,4,15,금
2022-04-15,4호선,서울역,11008,18531,29539,-7523,4,15,금
2022-04-15,4호선,숙대입구(갈월),14069,13737,27806,332,4,15,금
2022-04-15,4호선,삼각지,5249,6224,11473,-975,4,15,금
2022-04-15,4호선,신용산,16457,17739,34196,-1282,4,15,금
2022-04-15,4호선,이촌(국립중앙박물관),7822,8533,16355,-711,4,15,금
2022-04-15,4호선,동작(현충원),1876,2064,3940,-188,4,15,금
2022-04-15,4호선,총신대입구(이수),19941,21692,41633,-1751,4,15,금
2022-04-15,4호선,사당,27286,23039,50325,4247,4,15,금
2022-04-15,4호선,남태령,1367,1056,2423,311,4,15,금
2022-04-15,5호선,방화,6807,6411,13218,396,4,15,금
2022-04-15,5호선,개화산,5793,5526,11319,267,4,15,금
2022-04-15,5호선,김포공항,7910,7833,15743,77,4,15,금
2022-04-15,5호선,송정,6887,6363,13250,524,4,15,금
2022-04-15,5호선,마곡,10676,10609,21285,67,4,15,금
2022-04-15,5호선,발산,20389,21375,41764,-986,4,15,금
2022-04-15,5호선,우장산,14952,14502,29454,450,4,15,금
2022-04-15,5호선,화곡,29627,26979,56606,2648,4,15,금
2022-04-15,5호선,까치산,29499,27685,57184,1814,4,15,금
2022-04-15,5호선,신정(은행정),14292,11186,25478,3106,4,15,금
2022-04-15,5호선,목동,17548,18276,35824,-728,4,15,금
2022-04-15,5호선,오목교(목동운동장앞),21697,23501,45198,-1804,4,15,금
2022-04-15,5호선,양평,7618,7223,14841,395,4,15,금
2022-04-15,5호선,영등포구청,4089,4091,8180,-2,4,15,금
2022-04-15,5호선,영등포시장,10364,10658,21022,-294,4,15,금
2022-04-15,5호선,신길,4262,4343,8605,-81,4,15,금
2022-04-15,5호선,여의도,28548,30987,59535,-2439,4,15,금
2022-04-15,5호선,여의나루,15987,17309,33296,-1322,4,15,금
2022-04-15,5호선,마포,14748,15263,30011,-515,4,15,금
2022-04-15,5호선,공덕,14180,15295,29475,-1115,4,15,금
2022-04-15,5호선,애오개,6947,6821,13768,126,4,15,금
2022-04-15,5호선,충정로(경기대입구),4688,4710,9398,-22,4,15,금
2022-04-15,5호선,서대문,19594,19739,39333,-145,4,15,금
2022-04-15,5호선,광화문(세종문화회관),28740,30999,59739,-2259,4,15,금
2022-04-15,5호선,종로3가,12962,13899,26861,-937,4,15,금
2022-04-15,5호선,을지로4가,6168,6408,12576,-240,4,15,금
2022-04-15,5호선,동대문역사문화공원(DDP),2694,3205,5899,-511,4,15,금
2022-04-15,5호선,청구,4247,3668,7915,579,4,15,금
2022-04-15,5호선,신금호,6814,6887,13701,-73,4,15,금
2022-04-15,5호선,행당,8323,7180,15503,1143,4,15,금
2022-04-15,5호선,왕십리(성동구청),4675,5678,10353,-1003,4,15,금
2022-04-15,5호선,마장,5987,5609,11596,378,4,15,금
2022-04-15,5호선,답십리,16336,14616,30952,1720,4,15,금
2022-04-15,5호선,장한평,18667,18321,36988,346,4,15,금
2022-04-15,5호선,군자(능동),11632,12836,24468,-1204,4,15,금
2022-04-15,5호선,아차산(어린이대공원후문),15831,14971,30802,860,4,15,금
2022-04-15,5호선,광나루(장신대),13818,12490,26308,1328,4,15,금
2022-04-15,5호선,천호(풍납토성),18908,18984,37892,-76,4,15,금
2022-04-15,5호선,강동,19045,18001,37046,1044,4,15,금
2022-04-15,5호선,길동,8303,8604,16907,-301,4,15,금
2022-04-16,경의선,월롱,2062,1713,3775,349,4,16,토
2022-04-16,경의선,계양,1,0,1,1,4,16,토
2022-04-16,2호선,방배,9492,9775,19267,-283,4,16,토
2022-04-16,경원선,덕계,2528,2304,4832,224,4,16,토
2022-04-16,중앙선,지평,60,65,125,-5,4,16,토
2022-04-16,중앙선,용문,2409,2559,4968,-150,4,16,토
2022-04-16,중앙선,원덕,629,607,1236,22,4,16,토
2022-04-16,중앙선,양평,3008,3235,6243,-227,4,16,토
2022-04-16,중앙선,오빈,363,364,727,-1,4,16,토
2022-04-16,중앙선,아신,731,748,1479,-17,4,16,토
2022-04-16,중앙선,국수,863,817,1680,46,4,16,토
2022-04-16,중앙선,신원,410,304,714,106,4,16,토
2022-04-16,중앙선,양수,2647,2673,5320,-26,4,16,토
2022-04-16,중앙선,운길산,1870,1899,3769,-29,4,16,토
2022-04-16,중앙선,팔당,1796,1955,3751,-159,4,16,토
2022-04-16,중앙선,도심,1721,1434,3155,287,4,16,토
2022-04-16,중앙선,덕소,4821,4795,9616,26,4,16,토
2022-04-16,중앙선,양정,706,646,1352,60,4,16,토
2022-04-16,중앙선,도농,7411,6997,14408,414,4,16,토
2022-04-16,중앙선,구리,10638,10745,21383,-107,4,16,토
2022-04-16,중앙선,양원,2055,1873,3928,182,4,16,토
2022-04-16,중앙선,망우,6633,6537,13170,96,4,16,토
2022-04-16,중앙선,상봉(시외버스터미널),5116,4917,10033,199,4,16,토
2022-04-16,중앙선,중랑,4534,4313,8847,221,4,16,토
2022-04-16,중앙선,회기,20419,19159,39578,1260,4,16,토
2022-04-16,장항선,신창(순천향대),1225,1173,2398,52,4,16,토
2022-04-16,장항선,온양온천,3744,3799,7543,-55,4,16,토
2022-04-16,장항선,배방,1107,1060,2167,47,4,16,토
2022-04-16,장항선,탕정,689,610,1299,79,4,16,토
2022-04-16,장항선,아산,3119,2985,6104,134,4,16,토
2022-04-16,장항선,쌍용(나사렛대),1696,1498,3194,198,4,16,토
2022-04-16,장항선,봉명,726,648,1374,78,4,16,토
2022-04-16,일산선,대화,8442,7556,15998,886,4,16,토
2022-04-16,일산선,주엽,6680,6549,13229,131,4,16,토
2022-04-16,일산선,정발산,7285,7751,15036,-466,4,16,토
2022-04-16,일산선,마두,5304,5127,10431,177,4,16,토
2022-04-16,일산선,백석,7258,7219,14477,39,4,16,토
2022-04-16,일산선,대곡,1535,1319,2854,216,4,16,토
2022-04-16,일산선,화정,13091,13511,26602,-420,4,16,토
2022-04-16,일산선,원당,8723,8239,16962,484,4,16,토
2022-04-16,일산선,삼송,14643,13819,28462,824,4,16,토
2022-04-16,일산선,원흥,7702,7468,15170,234,4,16,토
2022-04-16,우이신설선,신설동,1400,1464,2864,-64,4,16,토
2022-04-16,우이신설선,보문,1151,1158,2309,-7,4,16,토
2022-04-16,우이신설선,성신여대입구(돈암),2777,3226,6003,-449,4,16,토
2022-04-16,우이신설선,정릉,3767,3019,6786,748,4,16,토
2022-04-16,우이신설선,북한산보국문,4852,4187,9039,665,4,16,토
2022-04-16,우이신설선,솔샘,4080,3461,7541,619,4,16,토
2022-04-16,우이신설선,삼양사거리,1911,1899,3810,12,4,16,토
2022-04-16,우이신설선,삼양,1576,1626,3202,-50,4,16,토
2022-04-16,우이신설선,화계,2607,2348,4955,259,4,16,토
2022-04-16,우이신설선,가오리,3173,3017,6190,156,4,16,토
2022-04-16,우이신설선,4.19민주묘지,2752,2354,5106,398,4,16,토
2022-04-16,우이신설선,솔밭공원,1819,1691,3510,128,4,16,토
2022-04-16,우이신설선,북한산우이,4176,4456,8632,-280,4,16,토
2022-04-16,안산선,수리산,3065,2996,6061,69,4,16,토
2022-04-16,안산선,오이도,7870,8041,15911,-171,4,16,토
2022-04-16,안산선,정왕,7019,7013,14032,6,4,16,토
2022-04-16,안산선,신길온천,1535,1487,3022,48,4,16,토
2022-04-16,안산선,안산,9997,10205,20202,-208,4,16,토
2022-04-16,안산선,초지,3608,3742,7350,-134,4,16,토
2022-04-16,안산선,고잔,6959,6805,13764,154,4,16,토
2022-04-16,안산선,중앙,16387,17136,33523,-749,4,16,토
2022-04-16,안산선,한대앞,7738,7527,15265,211,4,16,토
2022-04-16,안산선,상록수,12785,12603,25388,182,4,16,토
2022-04-16,안산선,반월,3550,3231,6781,319,4,16,토
2022-04-16,안산선,대야미,4554,3870,8424,684,4,16,토
2022-04-16,안산선,산본,13047,13877,26924,-830,4,16,토
2022-04-16,수인선,인천,1485,2642,4127,-1157,4,16,토
2022-04-16,수인선,신포,1694,1655,3349,39,4,16,토
2022-04-16,수인선,숭의,2890,2555,5445,335,4,16,토
2022-04-16,수인선,인하대,4447,4102,8549,345,4,16,토
2022-04-16,수인선,송도,2067,1959,4026,108,4,16,토
2022-04-16,수인선,연수,4272,4068,8340,204,4,16,토
2022-04-16,수인선,원인재,3850,4141,7991,-291,4,16,토
2022-04-16,수인선,남동인더스파크,976,910,1886,66,4,16,토
2022-04-16,수인선,호구포,2752,2583,5335,169,4,16,토
2022-04-16,수인선,인천논현,4466,4665,9131,-199,4,16,토
2022-04-16,수인선,소래포구,7197,7219,14416,-22,4,16,토
2022-04-16,수인선,월곶,2172,2101,4273,71,4,16,토
2022-04-16,수인선,달월,72,69,141,3,4,16,토
2022-04-16,수인선,사리,3738,3143,6881,595,4,16,토
2022-04-16,수인선,야목,296,242,538,54,4,16,토
2022-04-16,수인선,어천,822,699,1521,123,4,16,토
2022-04-16,수인선,오목천,2329,1895,4224,434,4,16,토
2022-04-16,수인선,고색,2863,2679,5542,184,4,16,토
2022-04-16,분당선,매교,2005,2064,4069,-59,4,16,토
2022-04-16,분당선,수원시청,10951,12253,23204,-1302,4,16,토
2022-04-16,분당선,매탄권선,3574,3305,6879,269,4,16,토
2022-04-16,분당선,망포,9467,8487,17954,980,4,16,토
2022-04-16,분당선,영통,6807,6453,13260,354,4,16,토
2022-04-16,분당선,청명,2783,2756,5539,27,4,16,토
2022-04-16,분당선,상갈,3868,3778,7646,90,4,16,토
2022-04-16,분당선,기흥,6745,6424,13169,321,4,16,토
2022-04-16,분당선,신갈,2696,2757,5453,-61,4,16,토
2022-04-16,분당선,구성,3349,3376,6725,-27,4,16,토
2022-04-16,분당선,죽전,10371,11720,22091,-1349,4,16,토
2022-04-16,분당선,보정,1591,1459,3050,132,4,16,토
2022-04-16,분당선,이매,4190,4081,8271,109,4,16,토
2022-04-16,분당선,오리,7814,6420,14234,1394,4,16,토
2022-04-16,분당선,미금,10927,11194,22121,-267,4,16,토
2022-04-16,분당선,정자,10485,10920,21405,-435,4,16,토
2022-04-16,분당선,수내,8936,8236,17172,700,4,16,토
2022-04-16,분당선,서현,18960,19017,37977,-57,4,16,토
2022-04-16,분당선,야탑,17840,18738,36578,-898,4,16,토
2022-04-16,분당선,모란,16276,16682,32958,-406,4,16,토
2022-04-16,분당선,태평,11065,10353,21418,712,4,16,토
2022-04-16,분당선,가천대,5415,5958,11373,-543,4,16,토
2022-04-16,분당선,선정릉,3520,3633,7153,-113,4,16,토
2022-04-16,분당선,강남구청,5736,6960,12696,-1224,4,16,토
2022-04-16,분당선,압구정로데오,18726,21999,40725,-3273,4,16,토
2022-04-16,분당선,서울숲,13925,15990,29915,-2065,4,16,토
2022-04-16,분당선,수원,7786,6451,14237,1335,4,16,토
2022-04-16,분당선,수서,10395,10755,21150,-360,4,16,토
2022-04-16,분당선,대모산입구,2855,2602,5457,253,4,16,토
2022-04-16,분당선,개포동,2721,2735,5456,-14,4,16,토
2022-04-16,분당선,구룡,1365,1267,2632,98,4,16,토
2022-04-16,분당선,도곡,4615,4160,8775,455,4,16,토
2022-04-16,분당선,한티,11504,11108,22612,396,4,16,토
2022-04-16,분당선,선릉,4985,7784,12769,-2799,4,16,토
2022-04-16,과천선,범계,21361,20983,42344,378,4,16,토
2022-04-16,과천선,평촌,9651,9334,18985,317,4,16,토
2022-04-16,과천선,인덕원,18027,17737,35764,290,4,16,토
2022-04-16,과천선,정부과천청사,6712,6603,13315,109,4,16,토
2022-04-16,과천선,과천,5134,4661,9795,473,4,16,토
2022-04-16,과천선,대공원,13610,14199,27809,-589,4,16,토
2022-04-16,과천선,경마공원,11307,11388,22695,-81,4,16,토
2022-04-16,과천선,선바위,6048,5304,11352,744,4,16,토
2022-04-16,공항철도 1호선,영종,3222,3202,6424,20,4,16,토
2022-04-16,공항철도 1호선,인천공항2터미널,2451,2193,4644,258,4,16,토
2022-04-16,공항철도 1호선,인천공항1터미널,4702,4476,9178,226,4,16,토
2022-04-16,공항철도 1호선,공항화물청사,1387,1336,2723,51,4,16,토
2022-04-16,공항철도 1호선,운서,6776,6909,13685,-133,4,16,토
2022-04-16,공항철도 1호선,청라국제도시,4563,4257,8820,306,4,16,토
2022-04-16,공항철도 1호선,검암,4800,4905,9705,-105,4,16,토
2022-04-16,공항철도 1호선,계양,7572,6913,14485,659,4,16,토
2022-04-16,공항철도 1호선,김포공항,11275,6017,17292,5258,4,16,토
2022-04-16,공항철도 1호선,마곡나루(서울식물원),3552,4042,7594,-490,4,16,토
2022-04-16,공항철도 1호선,디지털미디어시티,5671,5289,10960,382,4,16,토
2022-04-16,공항철도 1호선,홍대입구,11819,11948,23767,-129,4,16,토
2022-04-16,공항철도 1호선,공덕,1507,2423,3930,-916,4,16,토
2022-04-16,공항철도 1호선,서울역,7717,8156,15873,-439,4,16,토
2022-04-16,경춘선,춘천,2388,1980,4368,408,4,16,토
2022-04-16,경춘선,남춘천,2812,3187,5999,-375,4,16,토
2022-04-16,경춘선,김유정,561,720,1281,-159,4,16,토
2022-04-16,경춘선,강촌,882,872,1754,10,4,16,토
2022-04-16,경춘선,백양리,178,179,357,-1,4,16,토
2022-04-16,경춘선,굴봉산,293,349,642,-56,4,16,토
2022-04-16,경춘선,가평,2243,2421,4664,-178,4,16,토
2022-04-16,경춘선,상천,695,597,1292,98,4,16,토
2022-04-16,경춘선,청평,2051,2172,4223,-121,4,16,토
2022-04-16,경춘선,대성리,1186,1306,2492,-120,4,16,토
2022-04-16,경춘선,마석,3528,3486,7014,42,4,16,토
2022-04-16,경춘선,천마산,1491,1479,2970,12,4,16,토
2022-04-16,경춘선,평내호평,4799,4728,9527,71,4,16,토
2022-04-16,경춘선,금곡,1278,1148,2426,130,4,16,토
2022-04-16,경춘선,사릉,1895,1841,3736,54,4,16,토
2022-04-16,경춘선,퇴계원,2719,2457,5176,262,4,16,토
2022-04-16,경춘선,별내,2375,2173,4548,202,4,16,토
2022-04-16,경춘선,갈매,2081,1817,3898,264,4,16,토
2022-04-16,경춘선,신내,1343,1280,2623,63,4,16,토
2022-04-16,경인선,도화,3340,3173,6513,167,4,16,토
2022-04-16,경인선,중동,6681,6323,13004,358,4,16,토
2022-04-16,경인선,온수(성공회대입구),5081,4724,9805,357,4,16,토
2022-04-16,경인선,도원,1893,1934,3827,-41,4,16,토
2022-04-16,경인선,간석,4517,3949,8466,568,4,16,토
2022-04-16,경인선,부개,6527,6687,13214,-160,4,16,토
2022-04-16,경인선,소사,7786,7675,15461,111,4,16,토
2022-04-16,경인선,구일,4741,4439,9180,302,4,16,토
2022-04-16,경인선,인천,6039,5202,11241,837,4,16,토
2022-04-16,경인선,동인천,12546,12574,25120,-28,4,16,토
2022-04-16,경인선,제물포,7564,7277,14841,287,4,16,토
2022-04-16,경인선,주안,16200,14238,30438,1962,4,16,토
2022-04-16,경인선,동암,12420,12994,25414,-574,4,16,토
2022-04-16,경인선,백운,5555,5663,11218,-108,4,16,토
2022-04-16,경인선,부평,29302,32422,61724,-3120,4,16,토
2022-04-16,경인선,송내,18859,18559,37418,300,4,16,토
2022-04-16,경인선,부천,29049,29843,58892,-794,4,16,토
2022-04-16,경인선,역곡,20555,20117,40672,438,4,16,토
2022-04-16,경인선,오류동,8995,8225,17220,770,4,16,토
2022-04-16,경인선,개봉,16148,15781,31929,367,4,16,토
2022-04-16,경의선,김포공항,2,0,2,2,4,16,토
2022-04-16,경의선,임진강,117,100,217,17,4,16,토
2022-04-16,경의선,문산,4869,4759,9628,110,4,16,토
2022-04-16,경의선,파주,1012,750,1762,262,4,16,토
2022-04-16,경의선,금촌,6168,5955,12123,213,4,16,토
2022-04-16,경의선,금릉,4120,3844,7964,276,4,16,토
2022-04-16,경의선,운정,5219,4895,10114,324,4,16,토
2022-04-16,경의선,야당,6413,6399,12812,14,4,16,토
2022-04-16,경의선,탄현,5458,5170,10628,288,4,16,토
2022-04-16,경의선,일산,6455,6097,12552,358,4,16,토
2022-04-16,경의선,풍산,4418,4225,8643,193,4,16,토
2022-04-16,경의선,백마,4482,4197,8679,285,4,16,토
2022-04-16,경의선,곡산,503,512,1015,-9,4,16,토
2022-04-16,경의선,능곡,3012,2967,5979,45,4,16,토
2022-04-16,경의선,행신,5365,5481,10846,-116,4,16,토
2022-04-16,경의선,강매,2189,1933,4122,256,4,16,토
2022-04-16,경의선,화전,1179,1118,2297,61,4,16,토
2022-04-16,경의선,수색,1472,1416,2888,56,4,16,토
2022-04-16,경의선,디지털미디어시티,2021,1797,3818,224,4,16,토
2022-04-16,경의선,가좌,3958,3678,7636,280,4,16,토
2022-04-16,경의선,홍대입구,1982,2455,4437,-473,4,16,토
2022-04-16,경의선,서강대,1736,1681,3417,55,4,16,토
2022-04-16,경의선,공덕,2652,2041,4693,611,4,16,토
2022-04-16,경의선,효창공원앞,1809,1921,3730,-112,4,16,토
2022-04-16,경의선,신촌,314,360,674,-46,4,16,토
2022-04-16,경의선,서울역,1342,1480,2822,-138,4,16,토
2022-04-16,경원선,소요산,4802,4156,8958,646,4,16,토
2022-04-16,경원선,동두천,1750,2360,4110,-610,4,16,토
2022-04-16,경원선,보산,2541,2423,4964,118,4,16,토
2022-04-16,경원선,동두천중앙,2696,2642,5338,54,4,16,토
2022-04-16,경원선,지행,6135,6040,12175,95,4,16,토
2022-04-16,경원선,덕정,4870,4409,9279,461,4,16,토
2022-04-16,경원선,양주,6886,6438,13324,448,4,16,토
2022-04-16,경원선,녹양,3661,3593,7254,68,4,16,토
2022-04-16,경원선,가능,5302,5007,10309,295,4,16,토
2022-04-16,경원선,의정부,18768,19486,38254,-718,4,16,토
2022-04-16,경원선,회룡,10296,10215,20511,81,4,16,토
2022-04-16,경원선,망월사,5909,6192,12101,-283,4,16,토
2022-04-16,경원선,도봉산,10371,7220,17591,3151,4,16,토
2022-04-16,경원선,도봉,4464,4208,8672,256,4,16,토
2022-04-16,경원선,방학,7796,7462,15258,334,4,16,토
2022-04-16,경원선,녹천,3365,2872,6237,493,4,16,토
2022-04-16,경원선,월계,4704,4228,8932,476,4,16,토
2022-04-16,경원선,광운대,5724,5878,11602,-154,4,16,토
2022-04-16,경원선,석계,7070,7234,14304,-164,4,16,토
2022-04-16,경원선,신이문,6262,5642,11904,620,4,16,토
2022-04-16,경원선,외대앞,6157,5658,11815,499,4,16,토
2022-04-16,경원선,청량리(서울시립대입구),15712,17234,32946,-1522,4,16,토
2022-04-16,경원선,왕십리(성동구청),12124,14010,26134,-1886,4,16,토
2022-04-16,경원선,응봉,1731,1584,3315,147,4,16,토
2022-04-16,경원선,옥수,37,32,69,5,4,16,토
2022-04-16,경원선,한남,2871,2661,5532,210,4,16,토
2022-04-16,경원선,서빙고,1662,1734,3396,-72,4,16,토
2022-04-16,경원선,이촌(국립중앙박물관),3272,2292,5564,980,4,16,토
2022-04-16,경부선,광명,2839,2447,5286,392,4,16,토
2022-04-16,경부선,서동탄,977,1007,1984,-30,4,16,토
2022-04-16,경부선,당정,4241,3882,8123,359,4,16,토
2022-04-16,경부선,천안,6196,6497,12693,-301,4,16,토
2022-04-16,경부선,두정,5388,5352,10740,36,4,16,토
2022-04-16,경부선,직산,730,689,1419,41,4,16,토
2022-04-16,경부선,성환,3291,3053,6344,238,4,16,토
2022-04-16,경부선,평택,13856,13289,27145,567,4,16,토
2022-04-16,경부선,평택지제,3366,3041,6407,325,4,16,토
2022-04-16,경부선,서정리,7214,5808,13022,1406,4,16,토
2022-04-16,경부선,송탄,5235,4531,9766,704,4,16,토
2022-04-16,경부선,진위,1134,961,2095,173,4,16,토
2022-04-16,경부선,오산,9611,8753,18364,858,4,16,토
2022-04-16,경부선,오산대,3176,2830,6006,346,4,16,토
2022-04-16,경부선,세마,2265,2009,4274,256,4,16,토
2022-04-16,경부선,병점,12494,12329,24823,165,4,16,토
2022-04-16,경부선,세류,2618,2571,5189,47,4,16,토
2022-04-16,경부선,독산,9036,8805,17841,231,4,16,토
2022-04-16,경부선,수원,37890,41985,79875,-4095,4,16,토
2022-04-16,경부선,화서,5708,5600,11308,108,4,16,토
2022-04-16,경부선,성균관대,11227,10788,22015,439,4,16,토
2022-04-16,경부선,의왕,6505,6078,12583,427,4,16,토
2022-04-16,경부선,군포,4559,4039,8598,520,4,16,토
2022-04-16,경부선,금정,19663,19733,39396,-70,4,16,토
2022-04-16,경부선,명학,5099,4731,9830,368,4,16,토
2022-04-16,경부선,안양,18409,18171,36580,238,4,16,토
2022-04-16,경부선,관악,6286,5759,12045,527,4,16,토
2022-04-16,경부선,석수,7182,6920,14102,262,4,16,토
2022-04-16,경부선,금천구청,8533,8434,16967,99,4,16,토
2022-04-16,경부선,가산디지털단지,6533,8515,15048,-1982,4,16,토
2022-04-16,경부선,구로,12827,13226,26053,-399,4,16,토
2022-04-16,경부선,신길,6135,5171,11306,964,4,16,토
2022-04-16,경부선,신도림,3003,3124,6127,-121,4,16,토
2022-04-16,경부선,영등포,39741,41321,81062,-1580,4,16,토
2022-04-16,경부선,대방,8514,8293,16807,221,4,16,토
2022-04-16,경부선,노량진,8470,7857,16327,613,4,16,토
2022-04-16,경부선,용산,33853,36306,70159,-2453,4,16,토
2022-04-16,경부선,남영,5832,5976,11808,-144,4,16,토
2022-04-16,경부선,서울역,6718,1963,8681,4755,4,16,토
2022-04-16,경강선,여주,2547,2799,5346,-252,4,16,토
2022-04-16,경강선,세종대왕릉,394,419,813,-25,4,16,토
2022-04-16,경강선,부발,2079,1776,3855,303,4,16,토
2022-04-16,경강선,이천,2848,2858,5706,-10,4,16,토
2022-04-16,경강선,신둔도예촌,1278,1193,2471,85,4,16,토
2022-04-16,경강선,곤지암,2008,2155,4163,-147,4,16,토
2022-04-16,경강선,초월,2278,2062,4340,216,4,16,토
2022-04-16,경강선,경기광주,5645,5158,10803,487,4,16,토
2022-04-16,경강선,삼동,1543,1446,2989,97,4,16,토
2022-04-16,경강선,이매,903,736,1639,167,4,16,토
2022-04-16,경강선,판교,3141,3003,6144,138,4,16,토
2022-04-16,9호선2~3단계,중앙보훈병원,4729,4453,9182,276,4,16,토
2022-04-16,9호선2~3단계,둔촌오륜,1265,1310,2575,-45,4,16,토
2022-04-16,9호선2~3단계,올림픽공원(한국체대),6917,7191,14108,-274,4,16,토
2022-04-16,9호선2~3단계,한성백제,2160,1775,3935,385,4,16,토
2022-04-16,9호선2~3단계,송파나루,4563,4599,9162,-36,4,16,토
2022-04-16,9호선2~3단계,석촌,7196,6205,13401,991,4,16,토
2022-04-16,9호선2~3단계,석촌고분,4381,4082,8463,299,4,16,토
2022-04-16,9호선2~3단계,삼전,4970,4628,9598,342,4,16,토
2022-04-16,9호선2~3단계,종합운동장,3288,2911,6199,377,4,16,토
2022-04-16,9호선2~3단계,봉은사,10773,11417,22190,-644,4,16,토
2022-04-16,9호선2~3단계,삼성중앙,3107,3159,6266,-52,4,16,토
2022-04-16,9호선2~3단계,선정릉,4755,5421,10176,-666,4,16,토
2022-04-16,9호선2~3단계,언주,6021,6033,12054,-12,4,16,토
2022-04-16,9호선,신논현,25405,25483,50888,-78,4,16,토
2022-04-16,9호선,사평,2203,2027,4230,176,4,16,토
2022-04-16,9호선,고속터미널,13897,18946,32843,-5049,4,16,토
2022-04-16,9호선,신반포,3008,2967,5975,41,4,16,토
2022-04-16,9호선,구반포,1337,1415,2752,-78,4,16,토
2022-04-16,9호선,동작(현충원),1886,1701,3587,185,4,16,토
2022-04-16,9호선,흑석(중앙대입구),5713,5528,11241,185,4,16,토
2022-04-16,9호선,노들,3502,2952,6454,550,4,16,토
2022-04-16,9호선,노량진,21567,20420,41987,1147,4,16,토
2022-04-16,9호선,샛강,2917,2823,5740,94,4,16,토
2022-04-16,9호선,여의도,14704,13901,28605,803,4,16,토
2022-04-16,9호선,국회의사당,8336,8391,16727,-55,4,16,토
2022-04-16,9호선,당산,13399,12165,25564,1234,4,16,토
2022-04-16,9호선,선유도,4447,4263,8710,184,4,16,토
2022-04-16,9호선,신목동,2528,2072,4600,456,4,16,토
2022-04-16,9호선,염창,12233,11145,23378,1088,4,16,토
2022-04-16,9호선,등촌,7293,6936,14229,357,4,16,토
2022-04-16,9호선,증미,4155,3831,7986,324,4,16,토
2022-04-16,9호선,가양,14267,13156,27423,1111,4,16,토
2022-04-16,9호선,양천향교,5997,5627,11624,370,4,16,토
2022-04-16,9호선,마곡나루(서울식물원),8861,8437,17298,424,4,16,토
2022-04-16,9호선,신방화,4635,4402,9037,233,4,16,토
2022-04-16,9호선,공항시장,2342,2378,4720,-36,4,16,토
2022-04-16,9호선,김포공항,7894,12467,20361,-4573,4,16,토
2022-04-16,9호선,개화,1557,1319,2876,238,4,16,토
2022-04-16,8호선,남위례,3486,3560,7046,-74,4,16,토
2022-04-16,8호선,모란,3802,3347,7149,455,4,16,토
2022-04-16,8호선,수진,4255,3718,7973,537,4,16,토
2022-04-16,8호선,신흥,3511,3720,7231,-209,4,16,토
2022-04-16,8호선,단대오거리,7698,6988,14686,710,4,16,토
2022-04-16,8호선,남한산성입구(성남법원.검찰청),9439,8369,17808,1070,4,16,토
2022-04-16,8호선,산성,4278,4252,8530,26,4,16,토
2022-04-16,8호선,복정,6409,5353,11762,1056,4,16,토
2022-04-16,8호선,장지,11996,11012,23008,984,4,16,토
2022-04-16,8호선,문정,8798,8770,17568,28,4,16,토
2022-04-16,8호선,가락시장,5527,5863,11390,-336,4,16,토
2022-04-16,8호선,송파,5602,5422,11024,180,4,16,토
2022-04-16,8호선,석촌,6079,7822,13901,-1743,4,16,토
2022-04-16,8호선,잠실(송파구청),13818,16025,29843,-2207,4,16,토
2022-04-16,8호선,몽촌토성(평화의문),5005,4951,9956,54,4,16,토
2022-04-16,8호선,강동구청,6181,6009,12190,172,4,16,토
2022-04-16,8호선,천호(풍납토성),12039,14146,26185,-2107,4,16,토
2022-04-16,8호선,암사,12531,11391,23922,1140,4,16,토
2022-04-16,7호선,온수(성공회대입구),5753,5618,11371,135,4,16,토
2022-04-16,7호선,천왕,6929,6421,13350,508,4,16,토
2022-04-16,7호선,광명사거리,17142,16847,33989,295,4,16,토
2022-04-16,7호선,철산,15093,15306,30399,-213,4,16,토
2022-04-16,7호선,가산디지털단지,14930,13438,28368,1492,4,16,토
2022-04-16,7호선,남구로,8170,8460,16630,-290,4,16,토
2022-04-16,7호선,대림(구로구청),7009,7449,14458,-440,4,16,토
2022-04-16,7호선,신풍,8213,7643,15856,570,4,16,토
2022-04-16,7호선,보라매,6737,6491,13228,246,4,16,토
2022-04-16,7호선,신대방삼거리,11801,10914,22715,887,4,16,토
2022-04-16,7호선,장승배기,6353,6033,12386,320,4,16,토
2022-04-16,7호선,상도,7623,7038,14661,585,4,16,토
2022-04-16,7호선,숭실대입구(살피재),9032,8706,17738,326,4,16,토
2022-04-16,7호선,남성,7832,7058,14890,774,4,16,토
2022-04-16,7호선,이수,12050,11336,23386,714,4,16,토
2022-04-16,7호선,내방,7537,7510,15047,27,4,16,토
2022-04-16,7호선,고속터미널,13836,11085,24921,2751,4,16,토
2022-04-16,7호선,반포,4574,4353,8927,221,4,16,토
2022-04-16,7호선,논현,11096,12048,23144,-952,4,16,토
2022-04-16,7호선,학동,10359,10913,21272,-554,4,16,토
2022-04-16,7호선,강남구청,10192,11400,21592,-1208,4,16,토
2022-04-16,7호선,청담,11326,12308,23634,-982,4,16,토
2022-04-16,7호선,뚝섬유원지,14480,14758,29238,-278,4,16,토
2022-04-16,7호선,건대입구,11045,11692,22737,-647,4,16,토
2022-04-16,7호선,어린이대공원(세종대),13538,13947,27485,-409,4,16,토
2022-04-16,7호선,군자(능동),11056,8394,19450,2662,4,16,토
2022-04-16,7호선,중곡,7043,6487,13530,556,4,16,토
2022-04-16,7호선,용마산(용마폭포공원),4539,4707,9246,-168,4,16,토
2022-04-16,7호선,사가정,12380,11810,24190,570,4,16,토
2022-04-16,7호선,면목,11274,10630,21904,644,4,16,토
2022-04-16,7호선,상봉(시외버스터미널),13448,12776,26224,672,4,16,토
2022-04-16,7호선,중화,7844,7345,15189,499,4,16,토
2022-04-16,7호선,먹골,7723,7302,15025,421,4,16,토
2022-04-16,7호선,태릉입구,6782,6287,13069,495,4,16,토
2022-04-16,7호선,공릉(서울과학기술대),9714,9322,19036,392,4,16,토
2022-04-16,7호선,하계,13057,11763,24820,1294,4,16,토
2022-04-16,7호선,중계,9627,8353,17980,1274,4,16,토
2022-04-16,7호선,노원,15835,16211,32046,-376,4,16,토
2022-04-16,7호선,마들,8932,8271,17203,661,4,16,토
2022-04-16,7호선,수락산,10562,10244,20806,318,4,16,토
2022-04-16,7호선,도봉산,7137,10098,17235,-2961,4,16,토
2022-04-16,7호선,장암,1697,1351,3048,346,4,16,토
2022-04-16,6호선,봉화산(서울의료원),5460,5219,10679,241,4,16,토
2022-04-16,6호선,화랑대(서울여대입구),7165,5919,13084,1246,4,16,토
2022-04-16,6호선,태릉입구,4353,4529,8882,-176,4,16,토
2022-04-16,6호선,석계,8950,8860,17810,90,4,16,토
2022-04-16,6호선,돌곶이,6184,5708,11892,476,4,16,토
2022-04-16,6호선,상월곡(한국과학기술연구원),4183,3686,7869,497,4,16,토
2022-04-16,6호선,월곡(동덕여대),7871,7712,15583,159,4,16,토
2022-04-16,6호선,고려대(종암),5433,5232,10665,201,4,16,토
2022-04-16,6호선,안암(고대병원앞),6711,6439,13150,272,4,16,토
2022-04-16,6호선,보문,5238,4761,9999,477,4,16,토
2022-04-16,6호선,창신,2107,1778,3885,329,4,16,토
2022-04-16,6호선,동묘앞,7737,7610,15347,127,4,16,토
2022-04-16,6호선,신당,6251,5612,11863,639,4,16,토
2022-04-16,6호선,청구,2462,2470,4932,-8,4,16,토
2022-04-16,6호선,약수,2613,2645,5258,-32,4,16,토
2022-04-16,6호선,버티고개,1418,1507,2925,-89,4,16,토
2022-04-16,6호선,한강진,8262,10745,19007,-2483,4,16,토
2022-04-16,6호선,이태원,15121,17537,32658,-2416,4,16,토
2022-04-16,6호선,녹사평(용산구청),5928,6319,12247,-391,4,16,토
2022-04-16,6호선,삼각지,6184,4704,10888,1480,4,16,토
2022-04-16,6호선,효창공원앞,4750,4226,8976,524,4,16,토
2022-04-16,6호선,공덕,10240,9665,19905,575,4,16,토
2022-04-16,6호선,대흥(서강대앞),5715,5706,11421,9,4,16,토
2022-04-16,6호선,광흥창(서강),5400,4863,10263,537,4,16,토
2022-04-16,6호선,상수,8367,10622,18989,-2255,4,16,토
2022-04-16,6호선,합정,12887,12105,24992,782,4,16,토
2022-04-16,6호선,망원,13375,14883,28258,-1508,4,16,토
2022-04-16,6호선,마포구청,9447,8165,17612,1282,4,16,토
2022-04-16,6호선,월드컵경기장(성산),4859,5044,9903,-185,4,16,토
2022-04-16,6호선,디지털미디어시티,7424,7475,14899,-51,4,16,토
2022-04-16,6호선,증산(명지대앞),7541,7391,14932,150,4,16,토
2022-04-16,6호선,새절(신사),8855,8222,17077,633,4,16,토
2022-04-16,6호선,구산,5395,3996,9391,1399,4,16,토
2022-04-16,6호선,독바위,2045,2452,4497,-407,4,16,토
2022-04-16,6호선,불광,3979,3649,7628,330,4,16,토
2022-04-16,6호선,역촌,2684,2858,5542,-174,4,16,토
2022-04-16,6호선,응암,12994,12610,25604,384,4,16,토
2022-04-16,5호선,하남검단산,5495,5372,10867,123,4,16,토
2022-04-16,5호선,하남시청(덕풍·신장),5742,5413,11155,329,4,16,토
2022-04-16,5호선,하남풍산,2879,2843,5722,36,4,16,토
2022-04-16,5호선,미사,12351,12293,24644,58,4,16,토
2022-04-16,5호선,강일,2987,2703,5690,284,4,16,토
2022-04-16,5호선,마천,4907,5009,9916,-102,4,16,토
2022-04-16,5호선,거여,6368,6026,12394,342,4,16,토
2022-04-16,5호선,개롱,4309,4324,8633,-15,4,16,토
2022-04-16,5호선,오금,2017,1935,3952,82,4,16,토
2022-04-16,5호선,방이,5313,5084,10397,229,4,16,토
2022-04-16,5호선,올림픽공원(한국체대),3567,3263,6830,304,4,16,토
2022-04-16,5호선,둔촌동,6378,6238,12616,140,4,16,토
2022-04-16,5호선,상일동,9579,8752,18331,827,4,16,토
2022-04-16,5호선,고덕,6455,6193,12648,262,4,16,토
2022-04-16,5호선,명일,6179,6087,12266,92,4,16,토
2022-04-16,5호선,굽은다리(강동구민회관앞),7167,6619,13786,548,4,16,토
2022-04-16,5호선,길동,5887,6093,11980,-206,4,16,토
2022-04-16,5호선,강동,13330,12496,25826,834,4,16,토
2022-04-16,5호선,천호(풍납토성),16973,16380,33353,593,4,16,토
2022-04-16,5호선,광나루(장신대),10264,9602,19866,662,4,16,토
2022-04-16,5호선,아차산(어린이대공원후문),14656,14302,28958,354,4,16,토
2022-04-16,5호선,군자(능동),8529,9265,17794,-736,4,16,토
2022-04-16,5호선,장한평,11271,10820,22091,451,4,16,토
2022-04-16,5호선,답십리,10253,9273,19526,980,4,16,토
2022-04-16,5호선,마장,3939,3755,7694,184,4,16,토
2022-04-16,5호선,왕십리(성동구청),3514,4253,7767,-739,4,16,토
2022-04-16,5호선,행당,5575,4830,10405,745,4,16,토
2022-04-16,5호선,신금호,4233,4291,8524,-58,4,16,토
2022-04-16,5호선,청구,2664,2344,5008,320,4,16,토
2022-04-16,5호선,동대문역사문화공원(DDP),954,1361,2315,-407,4,16,토
2022-04-16,5호선,을지로4가,3445,3916,7361,-471,4,16,토
2022-04-16,5호선,종로3가,13032,13449,26481,-417,4,16,토
2022-04-16,5호선,광화문(세종문화회관),15283,15729,31012,-446,4,16,토
2022-04-16,5호선,서대문,7512,7127,14639,385,4,16,토
2022-04-16,5호선,충정로(경기대입구),2052,1834,3886,218,4,16,토
2022-04-16,5호선,애오개,3585,3561,7146,24,4,16,토
2022-04-16,5호선,공덕,7207,7405,14612,-198,4,16,토
2022-04-16,5호선,마포,7873,7831,15704,42,4,16,토
2022-04-16,5호선,여의나루,21772,24778,46550,-3006,4,16,토
2022-04-16,5호선,여의도,13913,14679,28592,-766,4,16,토
2022-04-16,5호선,신길,2791,2885,5676,-94,4,16,토
2022-04-16,5호선,영등포시장,8087,8624,16711,-537,4,16,토
2022-04-16,5호선,영등포구청,2044,1927,3971,117,4,16,토
2022-04-16,5호선,양평,3847,3513,7360,334,4,16,토
2022-04-16,5호선,오목교(목동운동장앞),17146,17515,34661,-369,4,16,토
2022-04-16,5호선,목동,11239,11271,22510,-32,4,16,토
2022-04-16,5호선,신정(은행정),9064,7656,16720,1408,4,16,토
2022-04-16,5호선,까치산,21753,20284,42037,1469,4,16,토
2022-04-16,5호선,화곡,20703,18748,39451,1955,4,16,토
2022-04-16,5호선,우장산,9960,9703,19663,257,4,16,토
2022-04-16,5호선,발산,13443,14685,28128,-1242,4,16,토
2022-04-16,5호선,마곡,5531,5738,11269,-207,4,16,토
2022-04-16,5호선,송정,5137,4819,9956,318,4,16,토
2022-04-16,5호선,김포공항,7427,7557,14984,-130,4,16,토
2022-04-16,5호선,개화산,3918,3916,7834,2,4,16,토
2022-04-16,5호선,방화,4729,4392,9121,337,4,16,토
2022-04-16,4호선,남태령,1076,655,1731,421,4,16,토
2022-04-16,4호선,사당,22796,18998,41794,3798,4,16,토
2022-04-16,4호선,총신대입구(이수),14683,15983,30666,-1300,4,16,토
2022-04-16,4호선,동작(현충원),1809,2021,3830,-212,4,16,토
2022-04-16,4호선,이촌(국립중앙박물관),6792,7626,14418,-834,4,16,토
2022-04-16,4호선,신용산,10536,11438,21974,-902,4,16,토
2022-04-16,4호선,삼각지,3756,5096,8852,-1340,4,16,토
2022-04-16,4호선,숙대입구(갈월),9608,9383,18991,225,4,16,토
2022-04-16,4호선,서울역,5917,13888,19805,-7971,4,16,토
2022-04-16,4호선,회현(남대문시장),19015,21026,40041,-2011,4,16,토
2022-04-16,4호선,명동,15237,17491,32728,-2254,4,16,토
2022-04-16,4호선,충무로,14194,15320,29514,-1126,4,16,토
2022-04-16,4호선,동대문역사문화공원(DDP),11104,9924,21028,1180,4,16,토
2022-04-16,4호선,동대문,13671,13998,27669,-327,4,16,토
2022-04-16,4호선,혜화,27077,27855,54932,-778,4,16,토
2022-04-16,4호선,한성대입구(삼선교),11002,10560,21562,442,4,16,토
2022-04-16,4호선,성신여대입구(돈암),16494,15516,32010,978,4,16,토
2022-04-16,4호선,길음,14750,13746,28496,1004,4,16,토
2022-04-16,4호선,미아사거리,22187,20995,43182,1192,4,16,토
2022-04-16,4호선,미아(서울사이버대학),10715,10158,20873,557,4,16,토
2022-04-16,4호선,수유(강북구청),27136,26346,53482,790,4,16,토
2022-04-16,4호선,쌍문,22170,19543,41713,2627,4,16,토
2022-04-16,4호선,창동,20134,20262,40396,-128,4,16,토
2022-04-16,4호선,노원,16153,17898,34051,-1745,4,16,토
2022-04-16,4호선,상계,14794,13659,28453,1135,4,16,토
2022-04-16,4호선,당고개,7480,7036,14516,444,4,16,토
2022-04-16,3호선,오금,3725,3554,7279,171,4,16,토
2022-04-16,3호선,경찰병원,3982,3919,7901,63,4,16,토
2022-04-16,3호선,가락시장,6255,6033,12288,222,4,16,토
2022-04-16,3호선,수서,13398,13449,26847,-51,4,16,토
2022-04-16,3호선,일원,4743,4703,9446,40,4,16,토
2022-04-16,3호선,대청,5940,5442,11382,498,4,16,토
2022-04-16,3호선,학여울,1960,2086,4046,-126,4,16,토
2022-04-16,3호선,대치,8252,7742,15994,510,4,16,토
2022-04-16,3호선,도곡,3420,3419,6839,1,4,16,토
2022-04-16,3호선,매봉,6448,6176,12624,272,4,16,토
2022-04-16,3호선,양재(서초구청),20918,22619,43537,-1701,4,16,토
2022-04-16,3호선,남부터미널(예술의전당),19779,19561,39340,218,4,16,토
2022-04-16,3호선,교대(법원.검찰청),7041,4122,11163,2919,4,16,토
2022-04-16,3호선,고속터미널,49558,49422,98980,136,4,16,토
2022-04-16,3호선,잠원,3811,3679,7490,132,4,16,토
2022-04-16,3호선,신사,25137,26887,52024,-1750,4,16,토
2022-04-16,3호선,압구정,24456,25917,50373,-1461,4,16,토
2022-04-16,3호선,옥수,7059,7233,14292,-174,4,16,토
2022-04-16,3호선,금호,5996,5283,11279,713,4,16,토
2022-04-16,3호선,약수,9356,8996,18352,360,4,16,토
2022-04-16,3호선,동대입구,7658,8748,16406,-1090,4,16,토
2022-04-16,3호선,충무로,2,0,2,2,4,16,토
2022-04-16,3호선,을지로3가,5379,5821,11200,-442,4,16,토
2022-04-16,3호선,종로3가,6165,8282,14447,-2117,4,16,토
2022-04-16,3호선,안국,17445,20007,37452,-2562,4,16,토
2022-04-16,3호선,경복궁(정부서울청사),19059,20339,39398,-1280,4,16,토
2022-04-16,3호선,독립문,6441,7385,13826,-944,4,16,토
2022-04-16,3호선,무악재,2751,2946,5697,-195,4,16,토
2022-04-16,3호선,홍제,13584,12624,26208,960,4,16,토
2022-04-16,3호선,녹번,10491,8876,19367,1615,4,16,토
2022-04-16,3호선,불광,13257,14795,28052,-1538,4,16,토
2022-04-16,3호선,연신내,29852,28003,57855,1849,4,16,토
2022-04-16,3호선,구파발,15514,15736,31250,-222,4,16,토
2022-04-16,3호선,지축,3576,3192,6768,384,4,16,토
2022-04-16,2호선,용두(동대문구청),1736,1696,3432,40,4,16,토
2022-04-16,2호선,신정네거리,7961,7758,15719,203,4,16,토
2022-04-16,2호선,양천구청,5164,4988,10152,176,4,16,토
2022-04-16,2호선,도림천,869,879,1748,-10,4,16,토
2022-04-16,2호선,신설동,3557,1827,5384,1730,4,16,토
2022-04-16,2호선,신답,1078,1114,2192,-36,4,16,토
2022-04-16,2호선,용답,2186,2024,4210,162,4,16,토
2022-04-16,2호선,충정로(경기대입구),5576,6058,11634,-482,4,16,토
2022-04-16,2호선,아현,7445,6845,14290,600,4,16,토
2022-04-16,2호선,이대,10195,10373,20568,-178,4,16,토
2022-04-16,2호선,신촌,28520,28462,56982,58,4,16,토
2022-04-16,2호선,홍대입구,61990,68143,130133,-6153,4,16,토
2022-04-16,2호선,합정,28556,31965,60521,-3409,4,16,토
2022-04-16,2호선,당산,13272,14297,27569,-1025,4,16,토
2022-04-16,2호선,영등포구청,12609,13231,25840,-622,4,16,토
2022-04-16,2호선,문래,13042,13871,26913,-829,4,16,토
2022-04-16,2호선,신도림,40366,40819,81185,-453,4,16,토
2022-04-16,2호선,대림(구로구청),17854,18908,36762,-1054,4,16,토
2022-04-16,2호선,구로디지털단지,33675,32986,66661,689,4,16,토
2022-04-16,2호선,신대방,20929,19691,40620,1238,4,16,토
2022-04-16,2호선,신림,51216,48522,99738,2694,4,16,토
2022-04-16,2호선,봉천,17385,15426,32811,1959,4,16,토
2022-04-16,2호선,서울대입구(관악구청),38666,37150,75816,1516,4,16,토
2022-04-16,2호선,낙성대(강감찬),21597,19804,41401,1793,4,16,토
2022-04-16,2호선,사당,31354,35447,66801,-4093,4,16,토
2022-04-16,2호선,서초,11032,9182,20214,1850,4,16,토
2022-04-16,2호선,교대(법원.검찰청),17027,18943,35970,-1916,4,16,토
2022-04-16,2호선,강남,58294,59470,117764,-1176,4,16,토
2022-04-16,2호선,역삼,17310,19342,36652,-2032,4,16,토
2022-04-16,2호선,선릉,23554,20968,44522,2586,4,16,토
2022-04-16,2호선,삼성(무역센터),27995,28070,56065,-75,4,16,토
2022-04-16,2호선,종합운동장,9521,10001,19522,-480,4,16,토
2022-04-16,2호선,잠실새내,17083,17692,34775,-609,4,16,토
2022-04-16,2호선,잠실(송파구청),73717,70943,144660,2774,4,16,토
2022-04-16,2호선,잠실나루,7681,7646,15327,35,4,16,토
2022-04-16,2호선,강변(동서울터미널),26400,25916,52316,484,4,16,토
2022-04-16,2호선,구의(광진구청),16502,15783,32285,719,4,16,토
2022-04-16,2호선,건대입구,35934,38409,74343,-2475,4,16,토
2022-04-16,2호선,성수,21591,24152,45743,-2561,4,16,토
2022-04-16,2호선,뚝섬,17680,17039,34719,641,4,16,토
2022-04-16,2호선,한양대,4929,5100,10029,-171,4,16,토
2022-04-16,2호선,왕십리(성동구청),13095,11409,24504,1686,4,16,토
2022-04-16,2호선,상왕십리,9767,9057,18824,710,4,16,토
2022-04-16,2호선,신당,11383,11978,23361,-595,4,16,토
2022-04-16,2호선,동대문역사문화공원(DDP),9776,11237,21013,-1461,4,16,토
2022-04-16,2호선,을지로4가,7138,7607,14745,-469,4,16,토
2022-04-16,2호선,을지로3가,11802,11802,23604,0,4,16,토
2022-04-16,2호선,을지로입구,21592,21851,43443,-259,4,16,토
2022-04-16,2호선,시청,9081,8454,17535,627,4,16,토
2022-04-16,1호선,동묘앞,11789,12472,24261,-683,4,16,토
2022-04-16,1호선,청량리(서울시립대입구),18146,18068,36214,78,4,16,토
2022-04-16,1호선,제기동,15691,16155,31846,-464,4,16,토
2022-04-16,1호선,신설동,9985,9507,19492,478,4,16,토
2022-04-16,1호선,동대문,10631,10524,21155,107,4,16,토
2022-04-16,1호선,종로5가,19236,19690,38926,-454,4,16,토
2022-04-16,1호선,종로3가,23047,21699,44746,1348,4,16,토
2022-04-16,1호선,종각,18991,17374,36365,1617,4,16,토
2022-04-16,1호선,시청,11338,12034,23372,-696,4,16,토
2022-04-16,1호선,서울역,32648,32937,65585,-289,4,16,토
2022-04-17,경원선,응봉,1350,1285,2635,65,4,17,일
2022-04-17,경원선,왕십리(성동구청),9379,10680,20059,-1301,4,17,일
2022-04-17,경원선,청량리(서울시립대입구),14023,13051,27074,972,4,17,일
2022-04-17,경원선,외대앞,4501,4821,9322,-320,4,17,일
2022-04-17,경원선,신이문,4784,4393,9177,391,4,17,일
2022-04-17,경원선,석계,5154,5591,10745,-437,4,17,일
2022-04-17,경원선,광운대,4062,4209,8271,-147,4,17,일
2022-04-17,경원선,월계,3850,3655,7505,195,4,17,일
2022-04-17,경원선,녹천,2586,2358,4944,228,4,17,일
2022-04-17,경원선,방학,6292,5999,12291,293,4,17,일
2022-04-17,경원선,도봉,3665,3496,7161,169,4,17,일
2022-04-17,경원선,도봉산,9866,7107,16973,2759,4,17,일
2022-04-17,경원선,망월사,4813,5011,9824,-198,4,17,일
2022-04-17,경원선,회룡,7884,7782,15666,102,4,17,일
2022-04-17,경원선,의정부,14479,14847,29326,-368,4,17,일
2022-04-17,경원선,가능,4200,3947,8147,253,4,17,일
2022-04-17,경원선,녹양,2964,2834,5798,130,4,17,일
2022-04-17,경원선,양주,5463,5423,10886,40,4,17,일
2022-04-17,경원선,덕계,1933,1913,3846,20,4,17,일
2022-04-17,경원선,덕정,3567,3820,7387,-253,4,17,일
2022-04-17,경원선,지행,4775,4732,9507,43,4,17,일
2022-04-17,경원선,동두천중앙,2418,2221,4639,197,4,17,일
2022-04-17,경원선,보산,1647,1614,3261,33,4,17,일
2022-04-17,경원선,동두천,1481,1938,3419,-457,4,17,일
2022-04-17,경원선,소요산,5287,4536,9823,751,4,17,일
2022-04-17,경의선,서울역,1147,974,2121,173,4,17,일
2022-04-17,경의선,신촌,281,327,608,-46,4,17,일
2022-04-17,경의선,효창공원앞,1298,1541,2839,-243,4,17,일
2022-04-17,경의선,공덕,1858,1454,3312,404,4,17,일
2022-04-17,경의선,서강대,1320,1404,2724,-84,4,17,일
2022-04-17,경의선,홍대입구,1572,1694,3266,-122,4,17,일
2022-04-17,경의선,가좌,2805,2805,5610,0,4,17,일
2022-04-17,경의선,디지털미디어시티,1463,1381,2844,82,4,17,일
2022-04-17,경의선,수색,977,1028,2005,-51,4,17,일
2022-04-17,경의선,화전,941,936,1877,5,4,17,일
2022-04-17,경의선,강매,1590,1464,3054,126,4,17,일
2022-04-17,경의선,행신,4652,4276,8928,376,4,17,일
2022-04-17,경의선,능곡,2342,2324,4666,18,4,17,일
2022-04-17,경의선,곡산,377,355,732,22,4,17,일
2022-04-17,경의선,백마,3352,3244,6596,108,4,17,일
2022-04-17,경의선,풍산,3614,3329,6943,285,4,17,일
2022-04-17,경의선,일산,4784,4534,9318,250,4,17,일
2022-04-17,경의선,탄현,4282,4056,8338,226,4,17,일
2022-04-17,경의선,야당,4678,4571,9249,107,4,17,일
2022-04-17,경의선,운정,3783,3586,7369,197,4,17,일
2022-04-17,경의선,금릉,3010,3025,6035,-15,4,17,일
2022-04-17,경의선,금촌,4305,4619,8924,-314,4,17,일
2022-04-17,경의선,월롱,1202,2312,3514,-1110,4,17,일
2022-04-17,경의선,파주,722,696,1418,26,4,17,일
2022-04-17,경의선,문산,3736,3765,7501,-29,4,17,일
2022-04-17,경의선,임진강,82,87,169,-5,4,17,일
2022-04-17,경인선,개봉,11592,11696,23288,-104,4,17,일
2022-04-17,경인선,오류동,7134,6642,13776,492,4,17,일
2022-04-17,경인선,역곡,14664,14552,29216,112,4,17,일
2022-04-17,경인선,부천,22622,22177,44799,445,4,17,일
2022-04-17,경인선,송내,13518,13340,26858,178,4,17,일
2022-04-17,경인선,부평,22763,23161,45924,-398,4,17,일
2022-04-17,경인선,백운,4043,4001,8044,42,4,17,일
2022-04-17,경인선,동암,9681,9433,19114,248,4,17,일
2022-04-17,경인선,주안,11646,10173,21819,1473,4,17,일
2022-04-17,경인선,제물포,5645,5395,11040,250,4,17,일
2022-04-17,경인선,동인천,10196,9598,19794,598,4,17,일
2022-04-17,경인선,인천,5075,4292,9367,783,4,17,일
2022-04-17,경인선,구일,3780,3701,7481,79,4,17,일
2022-04-17,경인선,소사,5824,5572,11396,252,4,17,일
2022-04-17,경인선,부개,4912,4481,9393,431,4,17,일
2022-04-17,경인선,간석,3311,2921,6232,390,4,17,일
2022-04-17,경인선,도원,1551,1591,3142,-40,4,17,일
2022-04-17,경인선,온수(성공회대입구),3838,3603,7441,235,4,17,일
2022-04-17,경인선,중동,4948,4752,9700,196,4,17,일
2022-04-17,경인선,도화,2490,2334,4824,156,4,17,일
2022-04-17,경춘선,신내,1028,993,2021,35,4,17,일
2022-04-17,경춘선,갈매,1552,1384,2936,168,4,17,일
2022-04-17,경춘선,별내,1936,1722,3658,214,4,17,일
2022-04-17,경춘선,퇴계원,2195,2001,4196,194,4,17,일
2022-04-17,경춘선,사릉,1505,1477,2982,28,4,17,일
2022-04-17,경춘선,금곡,989,959,1948,30,4,17,일
2022-04-17,경춘선,평내호평,3661,3583,7244,78,4,17,일
2022-04-17,경춘선,천마산,1248,1269,2517,-21,4,17,일
2022-04-17,경춘선,마석,2902,2819,5721,83,4,17,일
2022-04-17,경춘선,대성리,1029,817,1846,212,4,17,일
2022-04-17,경춘선,청평,2049,1621,3670,428,4,17,일
2022-04-17,3호선,양재(서초구청),13943,15967,29910,-2024,4,17,일
2022-04-17,3호선,매봉,4215,4245,8460,-30,4,17,일
2022-04-17,3호선,도곡,2124,2244,4368,-120,4,17,일
2022-04-17,3호선,대치,5010,4591,9601,419,4,17,일
2022-04-17,3호선,학여울,877,866,1743,11,4,17,일
2022-04-17,3호선,대청,4174,4064,8238,110,4,17,일
2022-04-17,3호선,일원,3373,3620,6993,-247,4,17,일
2022-04-17,3호선,수서,10319,10252,20571,67,4,17,일
2022-04-17,3호선,가락시장,3825,4002,7827,-177,4,17,일
2022-04-17,3호선,경찰병원,2891,2905,5796,-14,4,17,일
2022-04-17,3호선,오금,2781,2747,5528,34,4,17,일
2022-04-17,4호선,당고개,5789,5592,11381,197,4,17,일
2022-04-17,4호선,상계,10943,10316,21259,627,4,17,일
2022-04-17,4호선,노원,11717,12849,24566,-1132,4,17,일
2022-04-17,4호선,창동,15236,15487,30723,-251,4,17,일
2022-04-17,4호선,쌍문,16177,14406,30583,1771,4,17,일
2022-04-17,4호선,수유(강북구청),20279,19410,39689,869,4,17,일
2022-04-17,4호선,미아(서울사이버대학),8350,7751,16101,599,4,17,일
2022-04-17,경춘선,상천,696,581,1277,115,4,17,일
2022-04-17,경춘선,가평,2078,1728,3806,350,4,17,일
2022-04-17,경춘선,굴봉산,350,303,653,47,4,17,일
2022-04-17,경춘선,백양리,179,128,307,51,4,17,일
2022-04-17,경춘선,강촌,937,767,1704,170,4,17,일
2022-04-17,경춘선,김유정,533,539,1072,-6,4,17,일
2022-04-17,경춘선,남춘천,3290,3516,6806,-226,4,17,일
2022-04-17,경춘선,춘천,2116,1670,3786,446,4,17,일
2022-04-17,공항철도 1호선,서울역,8054,7105,15159,949,4,17,일
2022-04-17,공항철도 1호선,공덕,1218,1699,2917,-481,4,17,일
2022-04-17,공항철도 1호선,홍대입구,9643,8760,18403,883,4,17,일
2022-04-17,공항철도 1호선,디지털미디어시티,3860,3891,7751,-31,4,17,일
2022-04-17,공항철도 1호선,마곡나루(서울식물원),2597,2887,5484,-290,4,17,일
2022-04-17,공항철도 1호선,김포공항,11936,6042,17978,5894,4,17,일
2022-04-17,공항철도 1호선,계양,5439,5317,10756,122,4,17,일
2022-04-17,공항철도 1호선,검암,3725,3866,7591,-141,4,17,일
2022-04-17,공항철도 1호선,청라국제도시,3295,3182,6477,113,4,17,일
2022-04-17,공항철도 1호선,운서,5547,5953,11500,-406,4,17,일
2022-04-17,공항철도 1호선,공항화물청사,1042,1075,2117,-33,4,17,일
2022-04-17,공항철도 1호선,인천공항1터미널,4521,4344,8865,177,4,17,일
2022-04-17,공항철도 1호선,인천공항2터미널,2177,2103,4280,74,4,17,일
2022-04-17,공항철도 1호선,영종,2617,2509,5126,108,4,17,일
2022-04-17,5호선,길동,4132,4201,8333,-69,4,17,일
2022-04-17,4호선,미아사거리,16679,15865,32544,814,4,17,일
2022-04-17,5호선,굽은다리(강동구민회관앞),5394,4985,10379,409,4,17,일
2022-04-17,5호선,명일,5119,5179,10298,-60,4,17,일
2022-04-17,5호선,고덕,4286,4317,8603,-31,4,17,일
2022-04-17,5호선,상일동,6490,6288,12778,202,4,17,일
2022-04-17,5호선,둔촌동,4492,4555,9047,-63,4,17,일
2022-04-17,5호선,올림픽공원(한국체대),2563,2303,4866,260,4,17,일
2022-04-17,5호선,방이,4149,3906,8055,243,4,17,일
2022-04-17,5호선,오금,1608,1455,3063,153,4,17,일
2022-04-17,5호선,개롱,2975,3394,6369,-419,4,17,일
2022-04-17,5호선,거여,4674,4532,9206,142,4,17,일
2022-04-17,5호선,마천,3686,3926,7612,-240,4,17,일
2022-04-17,5호선,강일,2220,2114,4334,106,4,17,일
2022-04-17,5호선,미사,9031,8969,18000,62,4,17,일
2022-04-17,5호선,하남풍산,2076,2121,4197,-45,4,17,일
2022-04-17,5호선,하남시청(덕풍·신장),4130,3840,7970,290,4,17,일
2022-04-17,5호선,하남검단산,4678,4622,9300,56,4,17,일
2022-04-17,6호선,응암,9633,9567,19200,66,4,17,일
2022-04-17,6호선,역촌,1918,2309,4227,-391,4,17,일
2022-04-17,6호선,불광,2840,2683,5523,157,4,17,일
2022-04-17,6호선,독바위,1586,1935,3521,-349,4,17,일
2022-04-17,6호선,구산,3944,2915,6859,1029,4,17,일
2022-04-17,6호선,새절(신사),6406,6288,12694,118,4,17,일
2022-04-17,6호선,증산(명지대앞),5621,5674,11295,-53,4,17,일
2022-04-17,6호선,디지털미디어시티,5496,5602,11098,-106,4,17,일
2022-04-17,6호선,월드컵경기장(성산),4099,4219,8318,-120,4,17,일
2022-04-17,6호선,마포구청,6927,6380,13307,547,4,17,일
2022-04-17,6호선,망원,9943,10622,20565,-679,4,17,일
2022-04-17,6호선,합정,9458,8791,18249,667,4,17,일
2022-04-17,6호선,상수,5930,7122,13052,-1192,4,17,일
2022-04-17,6호선,광흥창(서강),4159,3939,8098,220,4,17,일
2022-04-17,6호선,대흥(서강대앞),3867,4001,7868,-134,4,17,일
2022-04-17,6호선,공덕,7111,6557,13668,554,4,17,일
2022-04-17,6호선,효창공원앞,3569,3213,6782,356,4,17,일
2022-04-17,6호선,삼각지,4368,3313,7681,1055,4,17,일
2022-04-17,6호선,녹사평(용산구청),4134,4092,8226,42,4,17,일
2022-04-17,6호선,이태원,9936,9897,19833,39,4,17,일
2022-04-17,6호선,한강진,6241,7478,13719,-1237,4,17,일
2022-04-17,6호선,버티고개,1058,1157,2215,-99,4,17,일
2022-04-17,6호선,약수,1743,1738,3481,5,4,17,일
2022-04-17,6호선,청구,1761,1636,3397,125,4,17,일
2022-04-17,6호선,신당,4487,4896,9383,-409,4,17,일
2022-04-17,6호선,동묘앞,6574,6299,12873,275,4,17,일
2022-04-17,6호선,창신,1653,1487,3140,166,4,17,일
2022-04-17,6호선,보문,4233,3990,8223,243,4,17,일
2022-04-17,6호선,안암(고대병원앞),4717,5182,9899,-465,4,17,일
2022-04-17,6호선,고려대(종암),4016,4078,8094,-62,4,17,일
2022-04-17,6호선,월곡(동덕여대),5430,5331,10761,99,4,17,일
2022-04-17,6호선,상월곡(한국과학기술연구원),3257,3008,6265,249,4,17,일
2022-04-17,6호선,돌곶이,5413,4908,10321,505,4,17,일
2022-04-17,6호선,석계,6570,6854,13424,-284,4,17,일
2022-04-17,6호선,태릉입구,3201,3463,6664,-262,4,17,일
2022-04-17,6호선,화랑대(서울여대입구),5092,4404,9496,688,4,17,일
2022-04-17,6호선,봉화산(서울의료원),3952,3892,7844,60,4,17,일
2022-04-17,6호선,신내,2,0,2,2,4,17,일
2022-04-17,7호선,장암,1464,966,2430,498,4,17,일
2022-04-17,7호선,도봉산,5855,8388,14243,-2533,4,17,일
2022-04-17,7호선,수락산,8262,8168,16430,94,4,17,일
2022-04-17,7호선,마들,5991,5668,11659,323,4,17,일
2022-04-17,7호선,중계,6727,6260,12987,467,4,17,일
2022-04-17,7호선,하계,9284,8860,18144,424,4,17,일
2022-04-17,7호선,공릉(서울과학기술대),6559,6861,13420,-302,4,17,일
2022-04-17,7호선,태릉입구,5048,4628,9676,420,4,17,일
2022-04-17,7호선,먹골,5508,5217,10725,291,4,17,일
2022-04-17,7호선,중화,5855,5707,11562,148,4,17,일
2022-04-17,7호선,상봉(시외버스터미널),9513,9029,18542,484,4,17,일
2022-04-17,7호선,면목,8153,7906,16059,247,4,17,일
2022-04-17,7호선,사가정,9193,8843,18036,350,4,17,일
2022-04-17,7호선,용마산(용마폭포공원),3495,3863,7358,-368,4,17,일
2022-04-17,7호선,중곡,5400,5121,10521,279,4,17,일
2022-04-17,7호선,군자(능동),8200,6126,14326,2074,4,17,일
2022-04-17,7호선,어린이대공원(세종대),9335,9768,19103,-433,4,17,일
2022-04-17,7호선,건대입구,7553,7965,15518,-412,4,17,일
2022-04-17,7호선,뚝섬유원지,11811,11548,23359,263,4,17,일
2022-04-17,7호선,청담,6768,7451,14219,-683,4,17,일
2022-04-17,7호선,강남구청,5888,6529,12417,-641,4,17,일
2022-04-17,7호선,학동,6229,6521,12750,-292,4,17,일
2022-04-17,7호선,논현,5959,6520,12479,-561,4,17,일
2022-04-17,7호선,반포,2977,2983,5960,-6,4,17,일
2022-04-17,7호선,고속터미널,12860,8130,20990,4730,4,17,일
2022-04-17,7호선,내방,5136,5277,10413,-141,4,17,일
2022-04-17,7호선,이수,8518,8036,16554,482,4,17,일
2022-04-17,7호선,남성,5398,5409,10807,-11,4,17,일
2022-04-17,7호선,숭실대입구(살피재),6104,6454,12558,-350,4,17,일
2022-04-17,7호선,상도,5398,5456,10854,-58,4,17,일
2022-04-17,7호선,장승배기,4526,4587,9113,-61,4,17,일
2022-04-17,7호선,신대방삼거리,8569,8428,16997,141,4,17,일
2022-04-17,7호선,보라매,5270,5234,10504,36,4,17,일
2022-04-17,7호선,신풍,6216,5915,12131,301,4,17,일
2022-04-17,7호선,대림(구로구청),6804,6521,13325,283,4,17,일
2022-04-17,7호선,남구로,6597,6404,13001,193,4,17,일
2022-04-17,7호선,가산디지털단지,10755,9905,20660,850,4,17,일
2022-04-17,7호선,철산,10398,10265,20663,133,4,17,일
2022-04-17,7호선,광명사거리,12837,12642,25479,195,4,17,일
2022-04-17,7호선,천왕,4992,4827,9819,165,4,17,일
2022-04-17,7호선,온수(성공회대입구),4058,4149,8207,-91,4,17,일
2022-04-17,8호선,암사,8971,8410,17381,561,4,17,일
2022-04-17,8호선,천호(풍납토성),8793,9767,18560,-974,4,17,일
2022-04-17,8호선,강동구청,4420,4551,8971,-131,4,17,일
2022-04-17,8호선,몽촌토성(평화의문),3668,3683,7351,-15,4,17,일
2022-04-17,8호선,잠실(송파구청),10205,11447,21652,-1242,4,17,일
2022-04-17,8호선,석촌,4182,5399,9581,-1217,4,17,일
2022-04-17,8호선,송파,3877,3988,7865,-111,4,17,일
2022-04-17,8호선,가락시장,3238,4077,7315,-839,4,17,일
2022-04-17,8호선,문정,5687,6042,11729,-355,4,17,일
2022-04-17,8호선,장지,8773,8857,17630,-84,4,17,일
2022-04-17,8호선,복정,4886,4627,9513,259,4,17,일
2022-04-17,8호선,산성,3105,3337,6442,-232,4,17,일
2022-04-17,8호선,남한산성입구(성남법원.검찰청),6919,6393,13312,526,4,17,일
2022-04-17,8호선,단대오거리,5599,5444,11043,155,4,17,일
2022-04-17,8호선,신흥,2564,2694,5258,-130,4,17,일
2022-04-17,8호선,수진,3053,2717,5770,336,4,17,일
2022-04-17,8호선,모란,2680,2270,4950,410,4,17,일
2022-04-17,8호선,남위례,2323,2601,4924,-278,4,17,일
2022-04-17,9호선,개화,1125,1097,2222,28,4,17,일
2022-04-17,9호선,김포공항,7420,11566,18986,-4146,4,17,일
2022-04-17,9호선,공항시장,1784,1976,3760,-192,4,17,일
2022-04-17,9호선,신방화,3480,3394,6874,86,4,17,일
2022-04-17,9호선,마곡나루(서울식물원),5956,5982,11938,-26,4,17,일
2022-04-17,9호선,양천향교,4167,4341,8508,-174,4,17,일
2022-04-17,9호선,가양,10308,10343,20651,-35,4,17,일
2022-04-17,9호선,증미,2974,2924,5898,50,4,17,일
2022-04-17,9호선,등촌,5169,5287,10456,-118,4,17,일
2022-04-17,9호선,염창,8666,8464,17130,202,4,17,일
2022-04-17,9호선,신목동,1916,1635,3551,281,4,17,일
2022-04-17,9호선,선유도,3121,3151,6272,-30,4,17,일
2022-04-17,9호선,당산,9296,8869,18165,427,4,17,일
2022-04-17,9호선,국회의사당,5448,5042,10490,406,4,17,일
2022-04-17,9호선,여의도,10110,9140,19250,970,4,17,일
2022-04-17,9호선,샛강,1853,1831,3684,22,4,17,일
2022-04-17,9호선,노량진,14928,15648,30576,-720,4,17,일
2022-04-17,9호선,노들,2826,2436,5262,390,4,17,일
2022-04-17,9호선,흑석(중앙대입구),3835,4109,7944,-274,4,17,일
2022-04-17,9호선,동작(현충원),1731,1295,3026,436,4,17,일
2022-04-17,9호선,구반포,611,628,1239,-17,4,17,일
2022-04-17,9호선,신반포,2043,2142,4185,-99,4,17,일
2022-04-17,9호선,고속터미널,10971,14669,25640,-3698,4,17,일
2022-04-17,9호선,사평,1415,1510,2925,-95,4,17,일
2022-04-17,9호선,신논현,15234,14458,29692,776,4,17,일
2022-04-17,9호선2~3단계,언주,3767,3768,7535,-1,4,17,일
2022-04-17,9호선2~3단계,선정릉,3077,3397,6474,-320,4,17,일
2022-04-17,9호선2~3단계,삼성중앙,2010,2197,4207,-187,4,17,일
2022-04-17,9호선2~3단계,봉은사,7714,7757,15471,-43,4,17,일
2022-04-17,9호선2~3단계,종합운동장,2295,2066,4361,229,4,17,일
2022-04-17,9호선2~3단계,삼전,3676,3515,7191,161,4,17,일
2022-04-17,9호선2~3단계,석촌고분,3288,3202,6490,86,4,17,일
2022-04-17,9호선2~3단계,석촌,5061,4485,9546,576,4,17,일
2022-04-17,9호선2~3단계,송파나루,3157,3243,6400,-86,4,17,일
2022-04-17,9호선2~3단계,한성백제,1598,1366,2964,232,4,17,일
2022-04-17,9호선2~3단계,올림픽공원(한국체대),4277,4493,8770,-216,4,17,일
2022-04-17,9호선2~3단계,둔촌오륜,485,531,1016,-46,4,17,일
2022-04-17,9호선2~3단계,중앙보훈병원,3447,3341,6788,106,4,17,일
2022-04-17,경강선,판교,2503,2271,4774,232,4,17,일
2022-04-17,경강선,이매,724,559,1283,165,4,17,일
2022-04-17,경강선,삼동,1067,971,2038,96,4,17,일
2022-04-17,경강선,경기광주,3983,3931,7914,52,4,17,일
2022-04-17,경강선,초월,1780,1688,3468,92,4,17,일
2022-04-17,경강선,곤지암,1717,1859,3576,-142,4,17,일
2022-04-17,경강선,신둔도예촌,1010,1000,2010,10,4,17,일
2022-04-17,경강선,이천,2144,2368,4512,-224,4,17,일
2022-04-17,경강선,부발,1551,2242,3793,-691,4,17,일
2022-04-17,경강선,세종대왕릉,345,304,649,41,4,17,일
2022-04-17,경강선,여주,2238,2278,4516,-40,4,17,일
2022-04-17,경부선,서울역,7922,1678,9600,6244,4,17,일
2022-04-17,경부선,남영,4267,4659,8926,-392,4,17,일
2022-04-17,경부선,용산,31886,28464,60350,3422,4,17,일
2022-04-17,경부선,노량진,5970,5684,11654,286,4,17,일
2022-04-17,경부선,대방,6120,6362,12482,-242,4,17,일
2022-04-17,경부선,영등포,32436,31105,63541,1331,4,17,일
2022-04-17,경부선,신도림,2390,2521,4911,-131,4,17,일
2022-04-17,경부선,신길,4977,4448,9425,529,4,17,일
2022-04-17,경부선,구로,9657,9519,19176,138,4,17,일
2022-04-17,경부선,가산디지털단지,4868,6711,11579,-1843,4,17,일
2022-04-17,경부선,금천구청,6503,6564,13067,-61,4,17,일
2022-04-17,경부선,석수,5289,5124,10413,165,4,17,일
2022-04-17,경부선,관악,5045,4583,9628,462,4,17,일
2022-04-17,경부선,안양,13734,13142,26876,592,4,17,일
2022-04-17,경부선,명학,3524,3428,6952,96,4,17,일
2022-04-17,경부선,금정,15112,15408,30520,-296,4,17,일
2022-04-17,경부선,군포,3222,3078,6300,144,4,17,일
2022-04-17,경부선,의왕,4435,4619,9054,-184,4,17,일
2022-04-17,경부선,성균관대,7851,8618,16469,-767,4,17,일
2022-04-17,4호선,길음,10988,10771,21759,217,4,17,일
2022-04-17,4호선,성신여대입구(돈암),12265,11805,24070,460,4,17,일
2022-04-17,4호선,한성대입구(삼선교),7689,7899,15588,-210,4,17,일
2022-04-17,5호선,영등포구청,1441,1384,2825,57,4,17,일
2022-04-17,5호선,양평,2802,2885,5687,-83,4,17,일
2022-04-17,5호선,오목교(목동운동장앞),11196,11590,22786,-394,4,17,일
2022-04-17,5호선,목동,7787,7939,15726,-152,4,17,일
2022-04-17,5호선,신정(은행정),6505,5955,12460,550,4,17,일
2022-04-17,5호선,까치산,15895,15474,31369,421,4,17,일
2022-04-17,5호선,화곡,14576,13631,28207,945,4,17,일
2022-04-17,5호선,우장산,6821,6947,13768,-126,4,17,일
2022-04-17,5호선,발산,9157,9843,19000,-686,4,17,일
2022-04-17,5호선,마곡,3703,3838,7541,-135,4,17,일
2022-04-17,5호선,송정,3872,3776,7648,96,4,17,일
2022-04-17,5호선,김포공항,7114,6873,13987,241,4,17,일
2022-04-17,5호선,개화산,2796,2960,5756,-164,4,17,일
2022-04-17,5호선,방화,3633,3569,7202,64,4,17,일
2022-04-17,4호선,남태령,847,624,1471,223,4,17,일
2022-04-17,4호선,사당,15990,14669,30659,1321,4,17,일
2022-04-17,4호선,총신대입구(이수),10282,11357,21639,-1075,4,17,일
2022-04-17,4호선,동작(현충원),1471,1627,3098,-156,4,17,일
2022-04-17,4호선,이촌(국립중앙박물관),5051,5769,10820,-718,4,17,일
2022-04-17,4호선,신용산,8220,8363,16583,-143,4,17,일
2022-04-17,4호선,삼각지,2854,3756,6610,-902,4,17,일
2022-04-17,4호선,숙대입구(갈월),7679,7286,14965,393,4,17,일
2022-04-17,4호선,서울역,4529,10764,15293,-6235,4,17,일
2022-04-17,4호선,회현(남대문시장),9213,9679,18892,-466,4,17,일
2022-04-17,4호선,명동,13159,13110,26269,49,4,17,일
2022-04-17,4호선,충무로,9523,9679,19202,-156,4,17,일
2022-04-17,4호선,동대문역사문화공원(DDP),8822,8068,16890,754,4,17,일
2022-04-17,4호선,동대문,7931,8300,16231,-369,4,17,일
2022-04-17,4호선,혜화,21500,22552,44052,-1052,4,17,일
2022-04-17,중앙선,오빈,277,255,532,22,4,17,일
2022-04-17,중앙선,아신,699,560,1259,139,4,17,일
2022-04-17,중앙선,국수,691,637,1328,54,4,17,일
2022-04-17,중앙선,신원,388,244,632,144,4,17,일
2022-04-17,중앙선,양수,2077,2009,4086,68,4,17,일
2022-04-17,중앙선,운길산,1779,1621,3400,158,4,17,일
2022-04-17,중앙선,팔당,1492,1671,3163,-179,4,17,일
2022-04-17,중앙선,도심,1284,1139,2423,145,4,17,일
2022-04-17,2호선,시청,7612,6551,14163,1061,4,17,일
2022-04-17,과천선,선바위,4352,4014,8366,338,4,17,일
2022-04-17,과천선,경마공원,13851,14108,27959,-257,4,17,일
2022-04-17,과천선,대공원,9833,10118,19951,-285,4,17,일
2022-04-17,과천선,과천,3829,3729,7558,100,4,17,일
2022-04-17,과천선,정부과천청사,4610,4570,9180,40,4,17,일
2022-04-17,과천선,인덕원,12946,12850,25796,96,4,17,일
2022-04-17,과천선,평촌,6282,6043,12325,239,4,17,일
2022-04-17,경부선,화서,4272,4270,8542,2,4,17,일
2022-04-17,경부선,수원,34048,33154,67202,894,4,17,일
2022-04-17,경부선,독산,6367,6461,12828,-94,4,17,일
2022-04-17,경부선,세류,2102,2043,4145,59,4,17,일
2022-04-17,경부선,병점,9632,10330,19962,-698,4,17,일
2022-04-17,경부선,세마,1696,1651,3347,45,4,17,일
2022-04-17,경부선,오산대,2403,2286,4689,117,4,17,일
2022-04-17,경부선,오산,7754,8340,16094,-586,4,17,일
2022-04-17,경부선,진위,955,935,1890,20,4,17,일
2022-04-17,경부선,송탄,3707,4475,8182,-768,4,17,일
2022-04-17,경부선,서정리,4796,6852,11648,-2056,4,17,일
2022-04-17,경부선,평택지제,2719,2556,5275,163,4,17,일
2022-04-17,경부선,평택,11908,12697,24605,-789,4,17,일
2022-04-17,경부선,성환,2753,3502,6255,-749,4,17,일
2022-04-17,경부선,직산,629,688,1317,-59,4,17,일
2022-04-17,경부선,두정,4457,5485,9942,-1028,4,17,일
2022-04-17,경부선,천안,6322,6215,12537,107,4,17,일
2022-04-17,과천선,범계,15028,14582,29610,446,4,17,일
2022-04-17,분당선,선릉,2933,4498,7431,-1565,4,17,일
2022-04-17,분당선,한티,7329,7351,14680,-22,4,17,일
2022-04-17,분당선,도곡,2871,2760,5631,111,4,17,일
2022-04-17,분당선,구룡,816,858,1674,-42,4,17,일
2022-04-17,분당선,개포동,1934,1915,3849,19,4,17,일
2022-04-17,분당선,대모산입구,2105,2020,4125,85,4,17,일
2022-04-17,분당선,수서,8711,8029,16740,682,4,17,일
2022-04-17,분당선,복정,1,0,1,1,4,17,일
2022-04-17,분당선,수원,6204,4934,11138,1270,4,17,일
2022-04-17,분당선,서울숲,10460,11113,21573,-653,4,17,일
2022-04-17,분당선,압구정로데오,10334,11840,22174,-1506,4,17,일
2022-04-17,분당선,강남구청,3401,4180,7581,-779,4,17,일
2022-04-17,분당선,선정릉,2121,2219,4340,-98,4,17,일
2022-04-17,분당선,가천대,3802,4677,8479,-875,4,17,일
2022-04-17,분당선,태평,8182,7746,15928,436,4,17,일
2022-04-17,분당선,모란,11429,11797,23226,-368,4,17,일
2022-04-17,분당선,야탑,13601,13856,27457,-255,4,17,일
2022-04-17,분당선,서현,13589,13511,27100,78,4,17,일
2022-04-17,분당선,수내,6004,5725,11729,279,4,17,일
2022-04-17,분당선,정자,7274,7772,15046,-498,4,17,일
2022-04-17,분당선,미금,7135,7584,14719,-449,4,17,일
2022-04-17,5호선,영등포시장,5571,5858,11429,-287,4,17,일
2022-04-17,7호선,노원,10810,10754,21564,56,4,17,일
2022-04-17,중앙선,덕소,3385,3426,6811,-41,4,17,일
2022-04-17,중앙선,양정,586,461,1047,125,4,17,일
2022-04-17,중앙선,도농,5258,5140,10398,118,4,17,일
2022-04-17,중앙선,구리,7681,8044,15725,-363,4,17,일
2022-04-17,중앙선,양원,1502,1545,3047,-43,4,17,일
2022-04-17,중앙선,망우,5245,5265,10510,-20,4,17,일
2022-04-17,중앙선,상봉(시외버스터미널),4141,4111,8252,30,4,17,일
2022-04-17,중앙선,중랑,3592,3452,7044,140,4,17,일
2022-04-17,중앙선,회기,15503,15758,31261,-255,4,17,일
2022-04-17,장항선,신창(순천향대),976,1500,2476,-524,4,17,일
2022-04-17,장항선,온양온천,3517,3541,7058,-24,4,17,일
2022-04-17,장항선,배방,820,955,1775,-135,4,17,일
2022-04-17,장항선,탕정,433,511,944,-78,4,17,일
2022-04-17,장항선,아산,3867,2575,6442,1292,4,17,일
2022-04-17,장항선,쌍용(나사렛대),1237,1334,2571,-97,4,17,일
2022-04-17,장항선,봉명,535,561,1096,-26,4,17,일
2022-04-17,일산선,대화,6089,5547,11636,542,4,17,일
2022-04-17,일산선,주엽,4627,4518,9145,109,4,17,일
2022-04-17,중앙선,지평,53,66,119,-13,4,17,일
2022-04-17,중앙선,용문,2377,2008,4385,369,4,17,일
2022-04-17,중앙선,원덕,551,455,1006,96,4,17,일
2022-04-17,중앙선,양평,2643,2264,4907,379,4,17,일
2022-04-17,수인선,고색,1760,1839,3599,-79,4,17,일
2022-04-17,1호선,서울역,29339,26393,55732,2946,4,17,일
2022-04-17,1호선,시청,12798,12474,25272,324,4,17,일
2022-04-17,1호선,종각,12591,10776,23367,1815,4,17,일
2022-04-17,1호선,종로3가,15545,13064,28609,2481,4,17,일
2022-04-17,1호선,종로5가,9951,10189,20140,-238,4,17,일
2022-04-17,1호선,동대문,10385,10715,21100,-330,4,17,일
2022-04-17,1호선,신설동,7948,8036,15984,-88,4,17,일
2022-04-17,1호선,제기동,10441,10923,21364,-482,4,17,일
2022-04-17,1호선,청량리(서울시립대입구),13105,13079,26184,26,4,17,일
2022-04-17,1호선,동묘앞,13084,13397,26481,-313,4,17,일
2022-04-17,2호선,을지로입구,16406,15185,31591,1221,4,17,일
2022-04-17,2호선,을지로3가,9120,8673,17793,447,4,17,일
2022-04-17,2호선,을지로4가,3602,3504,7106,98,4,17,일
2022-04-17,2호선,동대문역사문화공원(DDP),7385,8891,16276,-1506,4,17,일
2022-04-17,2호선,신당,8620,9161,17781,-541,4,17,일
2022-04-17,2호선,상왕십리,7062,7008,14070,54,4,17,일
2022-04-17,2호선,왕십리(성동구청),9223,8139,17362,1084,4,17,일
2022-04-17,2호선,한양대,2755,3182,5937,-427,4,17,일
2022-04-17,2호선,뚝섬,12242,12073,24315,169,4,17,일
2022-04-17,2호선,성수,14833,16667,31500,-1834,4,17,일
2022-04-17,2호선,건대입구,26266,26982,53248,-716,4,17,일
2022-04-17,2호선,구의(광진구청),11674,11706,23380,-32,4,17,일
2022-04-17,2호선,강변(동서울터미널),21458,20747,42205,711,4,17,일
2022-04-17,2호선,잠실나루,5407,5551,10958,-144,4,17,일
2022-04-17,2호선,잠실(송파구청),52780,49710,102490,3070,4,17,일
2022-04-17,2호선,잠실새내,11315,11334,22649,-19,4,17,일
2022-04-17,2호선,종합운동장,7721,8473,16194,-752,4,17,일
2022-04-17,2호선,삼성(무역센터),19620,18675,38295,945,4,17,일
2022-04-17,2호선,선릉,13240,11460,24700,1780,4,17,일
2022-04-17,2호선,역삼,11287,12399,23686,-1112,4,17,일
2022-04-17,2호선,강남,32852,32236,65088,616,4,17,일
2022-04-17,2호선,교대(법원.검찰청),10398,11375,21773,-977,4,17,일
2022-04-17,2호선,서초,12115,11181,23296,934,4,17,일
2022-04-17,2호선,방배,6716,7236,13952,-520,4,17,일
2022-04-17,2호선,사당,21695,24328,46023,-2633,4,17,일
2022-04-17,2호선,낙성대(강감찬),16012,16603,32615,-591,4,17,일
2022-04-17,2호선,서울대입구(관악구청),26864,27696,54560,-832,4,17,일
2022-04-17,2호선,봉천,12461,11964,24425,497,4,17,일
2022-04-17,2호선,신림,37848,37077,74925,771,4,17,일
2022-04-17,2호선,신대방,16085,15830,31915,255,4,17,일
2022-04-17,2호선,구로디지털단지,23829,23208,47037,621,4,17,일
2022-04-17,2호선,대림(구로구청),14783,15026,29809,-243,4,17,일
2022-04-17,2호선,신도림,27739,28392,56131,-653,4,17,일
2022-04-17,2호선,문래,7911,8369,16280,-458,4,17,일
2022-04-17,2호선,영등포구청,8425,8989,17414,-564,4,17,일
2022-04-17,2호선,당산,9676,10086,19762,-410,4,17,일
2022-04-17,2호선,합정,20507,22243,42750,-1736,4,17,일
2022-04-17,2호선,홍대입구,45108,45558,90666,-450,4,17,일
2022-04-17,2호선,신촌,20812,20375,41187,437,4,17,일
2022-04-17,2호선,이대,6975,7488,14463,-513,4,17,일
2022-04-17,2호선,아현,5176,5087,10263,89,4,17,일
2022-04-17,2호선,충정로(경기대입구),3686,3980,7666,-294,4,17,일
2022-04-17,2호선,용답,1723,1769,3492,-46,4,17,일
2022-04-17,2호선,신답,873,893,1766,-20,4,17,일
2022-04-17,2호선,신설동,3544,1826,5370,1718,4,17,일
2022-04-17,2호선,도림천,491,557,1048,-66,4,17,일
2022-04-17,2호선,양천구청,3477,3357,6834,120,4,17,일
2022-04-17,2호선,신정네거리,5569,5471,11040,98,4,17,일
2022-04-17,2호선,용두(동대문구청),1245,1165,2410,80,4,17,일
2022-04-17,3호선,지축,2568,2367,4935,201,4,17,일
2022-04-17,3호선,구파발,11256,11690,22946,-434,4,17,일
2022-04-17,3호선,연신내,21482,20259,41741,1223,4,17,일
2022-04-17,3호선,불광,9886,11248,21134,-1362,4,17,일
2022-04-17,3호선,녹번,7223,6590,13813,633,4,17,일
2022-04-17,3호선,홍제,9584,9247,18831,337,4,17,일
2022-04-17,3호선,무악재,1943,2118,4061,-175,4,17,일
2022-04-17,3호선,독립문,4643,5379,10022,-736,4,17,일
2022-04-17,3호선,경복궁(정부서울청사),13794,14516,28310,-722,4,17,일
2022-04-17,3호선,안국,12152,13660,25812,-1508,4,17,일
2022-04-17,3호선,종로3가,3891,5092,8983,-1201,4,17,일
2022-04-17,3호선,을지로3가,3669,3329,6998,340,4,17,일
2022-04-17,3호선,동대입구,5631,6462,12093,-831,4,17,일
2022-04-17,3호선,약수,6889,6611,13500,278,4,17,일
2022-04-17,3호선,금호,4229,4113,8342,116,4,17,일
2022-04-17,3호선,옥수,5055,5206,10261,-151,4,17,일
2022-04-17,3호선,압구정,13419,14233,27652,-814,4,17,일
2022-04-17,3호선,신사,13252,13476,26728,-224,4,17,일
2022-04-17,5호선,종로3가,8598,7772,16370,826,4,17,일
2022-04-17,3호선,잠원,2372,2336,4708,36,4,17,일
2022-04-17,5호선,을지로4가,1767,1763,3530,4,4,17,일
2022-04-17,3호선,고속터미널,41041,37809,78850,3232,4,17,일
2022-04-17,5호선,동대문역사문화공원(DDP),686,820,1506,-134,4,17,일
2022-04-17,5호선,청구,1868,1614,3482,254,4,17,일
2022-04-17,5호선,신금호,2972,3236,6208,-264,4,17,일
2022-04-17,5호선,행당,3939,3602,7541,337,4,17,일
2022-04-17,5호선,왕십리(성동구청),2652,3101,5753,-449,4,17,일
2022-04-17,5호선,마장,3062,2907,5969,155,4,17,일
2022-04-17,5호선,답십리,7606,6891,14497,715,4,17,일
2022-04-17,5호선,장한평,7863,7833,15696,30,4,17,일
2022-04-17,5호선,군자(능동),6133,6714,12847,-581,4,17,일
2022-04-17,5호선,아차산(어린이대공원후문),12022,11986,24008,36,4,17,일
2022-04-17,5호선,광나루(장신대),8409,8172,16581,237,4,17,일
2022-04-17,5호선,천호(풍납토성),12404,11776,24180,628,4,17,일
2022-04-17,5호선,강동,8960,9070,18030,-110,4,17,일
2022-04-17,수인선,오목천,1675,1612,3287,63,4,17,일
2022-04-17,수인선,어천,603,738,1341,-135,4,17,일
2022-04-17,수인선,야목,251,209,460,42,4,17,일
2022-04-17,분당선,오리,5166,4573,9739,593,4,17,일
2022-04-17,수인선,사리,2791,2299,5090,492,4,17,일
2022-04-17,수인선,달월,81,81,162,0,4,17,일
2022-04-17,수인선,월곶,1811,1656,3467,155,4,17,일
2022-04-17,수인선,소래포구,6084,5912,11996,172,4,17,일
2022-04-17,수인선,인천논현,3072,3226,6298,-154,4,17,일
2022-04-17,수인선,호구포,2150,2230,4380,-80,4,17,일
2022-04-17,수인선,남동인더스파크,596,611,1207,-15,4,17,일
2022-04-17,수인선,원인재,2991,3159,6150,-168,4,17,일
2022-04-17,수인선,연수,3321,3316,6637,5,4,17,일
2022-04-17,수인선,송도,1559,1551,3110,8,4,17,일
2022-04-17,수인선,인하대,3274,3241,6515,33,4,17,일
2022-04-17,수인선,숭의,2155,1968,4123,187,4,17,일
2022-04-17,수인선,신포,1312,1153,2465,159,4,17,일
2022-04-17,수인선,인천,1266,2096,3362,-830,4,17,일
2022-04-17,안산선,산본,9318,9984,19302,-666,4,17,일
2022-04-17,안산선,대야미,3364,3074,6438,290,4,17,일
2022-04-17,안산선,반월,2781,2653,5434,128,4,17,일
2022-04-17,안산선,상록수,9525,9476,19001,49,4,17,일
2022-04-17,안산선,한대앞,5666,5621,11287,45,4,17,일
2022-04-17,안산선,중앙,11996,11816,23812,180,4,17,일
2022-04-17,안산선,고잔,7583,7304,14887,279,4,17,일
2022-04-17,안산선,초지,2530,2518,5048,12,4,17,일
2022-04-17,안산선,안산,10835,10318,21153,517,4,17,일
2022-04-17,안산선,신길온천,1222,1106,2328,116,4,17,일
2022-04-17,안산선,정왕,5561,5780,11341,-219,4,17,일
2022-04-17,안산선,오이도,6295,6074,12369,221,4,17,일
2022-04-17,안산선,수리산,2460,2572,5032,-112,4,17,일
2022-04-17,우이신설선,북한산우이,3641,3889,7530,-248,4,17,일
2022-04-17,우이신설선,솔밭공원,1433,1440,2873,-7,4,17,일
2022-04-17,우이신설선,4.19민주묘지,2354,2047,4401,307,4,17,일
2022-04-17,우이신설선,가오리,2372,2176,4548,196,4,17,일
2022-04-17,우이신설선,화계,2117,1981,4098,136,4,17,일
2022-04-17,우이신설선,삼양,1255,1323,2578,-68,4,17,일
2022-04-17,우이신설선,삼양사거리,1629,1514,3143,115,4,17,일
2022-04-17,우이신설선,솔샘,2997,2782,5779,215,4,17,일
2022-04-17,우이신설선,북한산보국문,3875,3600,7475,275,4,17,일
2022-04-17,우이신설선,정릉,2885,2456,5341,429,4,17,일
2022-04-17,우이신설선,성신여대입구(돈암),2143,2414,4557,-271,4,17,일
2022-04-17,우이신설선,보문,1018,1064,2082,-46,4,17,일
2022-04-17,우이신설선,신설동,1269,1200,2469,69,4,17,일
2022-04-17,일산선,원흥,5773,5526,11299,247,4,17,일
2022-04-17,일산선,삼송,10842,10636,21478,206,4,17,일
2022-04-17,일산선,원당,6483,6182,12665,301,4,17,일
2022-04-17,일산선,화정,9577,9686,19263,-109,4,17,일
2022-04-17,일산선,대곡,1161,975,2136,186,4,17,일
2022-04-17,일산선,백석,5393,5335,10728,58,4,17,일
2022-04-17,일산선,마두,3486,3457,6943,29,4,17,일
2022-04-17,일산선,정발산,5756,5753,11509,3,4,17,일
2022-04-17,분당선,이매,3316,3246,6562,70,4,17,일
2022-04-17,3호선,교대(법원.검찰청),4379,2667,7046,1712,4,17,일
2022-04-17,3호선,남부터미널(예술의전당),13731,14476,28207,-745,4,17,일
2022-04-17,분당선,보정,1138,1047,2185,91,4,17,일
2022-04-17,분당선,죽전,7615,8453,16068,-838,4,17,일
2022-04-17,분당선,구성,2533,2608,5141,-75,4,17,일
2022-04-17,분당선,신갈,1931,1997,3928,-66,4,17,일
2022-04-17,분당선,기흥,5107,4732,9839,375,4,17,일
2022-04-17,분당선,상갈,2837,2973,5810,-136,4,17,일
2022-04-17,분당선,청명,1992,2059,4051,-67,4,17,일
2022-04-17,분당선,영통,4724,4762,9486,-38,4,17,일
2022-04-17,분당선,망포,6241,6542,12783,-301,4,17,일
2022-04-17,분당선,매탄권선,2471,2438,4909,33,4,17,일
2022-04-17,분당선,수원시청,7057,7188,14245,-131,4,17,일
2022-04-17,분당선,매교,1397,1512,2909,-115,4,17,일
2022-04-17,경부선,당정,3094,3144,6238,-50,4,17,일
2022-04-17,경부선,서동탄,779,719,1498,60,4,17,일
2022-04-17,경부선,광명,2830,1923,4753,907,4,17,일
2022-04-17,경원선,이촌(국립중앙박물관),2681,1855,4536,826,4,17,일
2022-04-17,경원선,서빙고,1558,1636,3194,-78,4,17,일
2022-04-17,5호선,신길,1984,2293,4277,-309,4,17,일
2022-04-17,5호선,여의도,9171,9493,18664,-322,4,17,일
2022-04-17,5호선,여의나루,17013,18205,35218,-1192,4,17,일
2022-04-17,5호선,마포,4865,5023,9888,-158,4,17,일
2022-04-17,5호선,공덕,4712,4677,9389,35,4,17,일
2022-04-17,5호선,애오개,2749,2822,5571,-73,4,17,일
2022-04-17,5호선,충정로(경기대입구),1419,1462,2881,-43,4,17,일
2022-04-17,5호선,서대문,5459,5255,10714,204,4,17,일
2022-04-17,5호선,광화문(세종문화회관),11710,12047,23757,-337,4,17,일
2022-04-17,경원선,한남,2023,1979,4002,44,4,17,일
2022-04-17,경원선,옥수,44,23,67,21,4,17,일
2022-04-18,4호선,성신여대입구(돈암),20170,19361,39531,809,4,18,월
2022-04-18,4호선,길음,21166,21153,42319,13,4,18,월
2022-04-18,4호선,미아사거리,26200,25497,51697,703,4,18,월
2022-04-18,4호선,미아(서울사이버대학),15894,15049,30943,845,4,18,월
2022-04-18,4호선,수유(강북구청),33926,34373,68299,-447,4,18,월
2022-04-18,4호선,쌍문,29235,26787,56022,2448,4,18,월
2022-04-18,4호선,창동,24795,25828,50623,-1033,4,18,월
2022-04-18,4호선,노원,17791,20043,37834,-2252,4,18,월
2022-04-18,4호선,상계,19669,18075,37744,1594,4,18,월
2022-04-18,4호선,당고개,9204,8213,17417,991,4,18,월
2022-04-18,3호선,오금,6408,5771,12179,637,4,18,월
2022-04-18,3호선,경찰병원,7445,7519,14964,-74,4,18,월
2022-04-18,3호선,가락시장,9016,8820,17836,196,4,18,월
2022-04-18,3호선,수서,17117,17339,34456,-222,4,18,월
2022-04-18,3호선,일원,10580,10426,21006,154,4,18,월
2022-04-18,3호선,대청,10306,9383,19689,923,4,18,월
2022-04-18,3호선,학여울,1793,1745,3538,48,4,18,월
2022-04-18,3호선,대치,10766,10994,21760,-228,4,18,월
2022-04-18,3호선,도곡,5411,5555,10966,-144,4,18,월
2022-04-18,3호선,매봉,12336,11859,24195,477,4,18,월
2022-04-18,3호선,양재(서초구청),37594,41481,79075,-3887,4,18,월
2022-04-18,3호선,남부터미널(예술의전당),27852,28779,56631,-927,4,18,월
2022-04-18,3호선,교대(법원.검찰청),14576,9679,24255,4897,4,18,월
2022-04-18,3호선,고속터미널,32889,31069,63958,1820,4,18,월
2022-04-18,3호선,잠원,4915,4787,9702,128,4,18,월
2022-04-18,3호선,신사,28953,30516,59469,-1563,4,18,월
2022-04-18,3호선,압구정,30798,32975,63773,-2177,4,18,월
2022-04-18,3호선,옥수,8707,9026,17733,-319,4,18,월
2022-04-18,3호선,금호,7832,7386,15218,446,4,18,월
2022-04-18,3호선,약수,12880,12541,25421,339,4,18,월
2022-04-18,3호선,동대입구,9059,9830,18889,-771,4,18,월
2022-04-18,3호선,충무로,1,0,1,1,4,18,월
2022-04-18,3호선,을지로3가,10190,10441,20631,-251,4,18,월
2022-04-18,3호선,종로3가,9728,11234,20962,-1506,4,18,월
2022-04-18,3호선,안국,19944,20665,40609,-721,4,18,월
2022-04-18,3호선,경복궁(정부서울청사),20645,20561,41206,84,4,18,월
2022-04-18,3호선,독립문,6944,7314,14258,-370,4,18,월
2022-04-18,3호선,무악재,3979,3973,7952,6,4,18,월
2022-04-18,경부선,서정리,7607,7496,15103,111,4,18,월
2022-04-18,경부선,송탄,4428,4316,8744,112,4,18,월
2022-04-18,경부선,진위,1827,1560,3387,267,4,18,월
2022-04-18,경부선,오산,10811,10870,21681,-59,4,18,월
2022-04-18,경부선,오산대,4217,3851,8068,366,4,18,월
2022-04-18,경부선,세마,2956,2792,5748,164,4,18,월
2022-04-18,경부선,병점,16079,15723,31802,356,4,18,월
2022-04-18,경부선,세류,3171,2768,5939,403,4,18,월
2022-04-18,경부선,독산,19138,19742,38880,-604,4,18,월
2022-04-18,경부선,수원,34498,36663,71161,-2165,4,18,월
2022-04-18,경부선,화서,8433,8115,16548,318,4,18,월
2022-04-18,경부선,성균관대,15371,15639,31010,-268,4,18,월
2022-04-18,경부선,의왕,9598,9589,19187,9,4,18,월
2022-04-18,경부선,군포,7927,7848,15775,79,4,18,월
2022-04-18,경부선,금정,27090,27563,54653,-473,4,18,월
2022-04-18,경부선,명학,10558,10439,20997,119,4,18,월
2022-04-18,경부선,안양,26669,26507,53176,162,4,18,월
2022-04-18,경의선,임진강,12,9,21,3,4,18,월
2022-04-18,경인선,개봉,21849,21548,43397,301,4,18,월
2022-04-18,경인선,오류동,12171,11219,23390,952,4,18,월
2022-04-18,경인선,역곡,28500,28037,56537,463,4,18,월
2022-04-18,경인선,부천,32703,32475,65178,228,4,18,월
2022-04-18,경인선,송내,27787,27614,55401,173,4,18,월
2022-04-18,경인선,부평,28159,30298,58457,-2139,4,18,월
2022-04-18,경인선,백운,7073,6958,14031,115,4,18,월
2022-04-18,경인선,동암,14452,14458,28910,-6,4,18,월
2022-04-18,경인선,주안,19842,17890,37732,1952,4,18,월
2022-04-18,경인선,제물포,11401,10828,22229,573,4,18,월
2022-04-18,경인선,동인천,13758,12922,26680,836,4,18,월
2022-04-18,경인선,인천,3668,2978,6646,690,4,18,월
2022-04-18,경인선,구일,6899,6850,13749,49,4,18,월
2022-04-18,경인선,소사,9322,8762,18084,560,4,18,월
2022-04-18,경인선,부개,8891,8261,17152,630,4,18,월
2022-04-18,경인선,간석,6034,5320,11354,714,4,18,월
2022-04-18,경인선,도원,3235,3231,6466,4,4,18,월
2022-04-18,경인선,온수(성공회대입구),7184,6929,14113,255,4,18,월
2022-04-18,경인선,중동,9854,9156,19010,698,4,18,월
2022-04-18,경인선,도화,4271,3970,8241,301,4,18,월
2022-04-18,경춘선,신내,2352,2223,4575,129,4,18,월
2022-04-18,경춘선,갈매,3025,2676,5701,349,4,18,월
2022-04-18,경춘선,별내,3335,3133,6468,202,4,18,월
2022-04-18,경춘선,퇴계원,3710,3403,7113,307,4,18,월
2022-04-18,경춘선,사릉,2706,2576,5282,130,4,18,월
2022-04-18,경춘선,금곡,1711,1608,3319,103,4,18,월
2022-04-18,경춘선,평내호평,6791,6516,13307,275,4,18,월
2022-04-18,경춘선,천마산,1771,1658,3429,113,4,18,월
2022-04-18,경춘선,마석,4745,4758,9503,-13,4,18,월
2022-04-18,경춘선,대성리,619,568,1187,51,4,18,월
2022-04-18,경춘선,청평,1840,1685,3525,155,4,18,월
2022-04-18,경춘선,상천,382,384,766,-2,4,18,월
2022-04-18,경춘선,가평,1756,1683,3439,73,4,18,월
2022-04-18,경춘선,굴봉산,197,188,385,9,4,18,월
2022-04-18,경춘선,백양리,99,100,199,-1,4,18,월
2022-04-18,경춘선,강촌,495,497,992,-2,4,18,월
2022-04-18,경춘선,김유정,372,384,756,-12,4,18,월
2022-04-18,경춘선,남춘천,2514,2788,5302,-274,4,18,월
2022-04-18,경춘선,춘천,1654,1570,3224,84,4,18,월
2022-04-18,공항철도 1호선,서울역,7555,7235,14790,320,4,18,월
2022-04-18,공항철도 1호선,공덕,2347,2909,5256,-562,4,18,월
2022-04-18,공항철도 1호선,홍대입구,8359,8532,16891,-173,4,18,월
2022-04-18,공항철도 1호선,디지털미디어시티,14131,13165,27296,966,4,18,월
2022-04-18,공항철도 1호선,마곡나루(서울식물원),9237,8981,18218,256,4,18,월
2022-04-18,공항철도 1호선,김포공항,12353,6834,19187,5519,4,18,월
2022-04-18,공항철도 1호선,계양,10759,10120,20879,639,4,18,월
2022-04-18,공항철도 1호선,검암,6622,6543,13165,79,4,18,월
2022-04-18,공항철도 1호선,청라국제도시,7026,6514,13540,512,4,18,월
2022-04-18,공항철도 1호선,운서,6985,6899,13884,86,4,18,월
2022-04-18,공항철도 1호선,공항화물청사,2270,2552,4822,-282,4,18,월
2022-04-18,공항철도 1호선,인천공항1터미널,4259,4240,8499,19,4,18,월
2022-04-18,공항철도 1호선,인천공항2터미널,2639,2527,5166,112,4,18,월
2022-04-18,공항철도 1호선,영종,3143,3114,6257,29,4,18,월
2022-04-18,과천선,선바위,8495,7410,15905,1085,4,18,월
2022-04-18,과천선,경마공원,961,910,1871,51,4,18,월
2022-04-18,과천선,대공원,3573,3711,7284,-138,4,18,월
2022-04-18,과천선,과천,6405,5862,12267,543,4,18,월
2022-04-18,과천선,정부과천청사,10784,10748,21532,36,4,18,월
2022-04-18,과천선,인덕원,24449,25276,49725,-827,4,18,월
2022-04-18,과천선,평촌,18108,17821,35929,287,4,18,월
2022-04-18,과천선,범계,25176,25090,50266,86,4,18,월
2022-04-18,분당선,선릉,13294,20639,33933,-7345,4,18,월
2022-04-18,분당선,한티,12771,13752,26523,-981,4,18,월
2022-04-18,분당선,도곡,7006,6948,13954,58,4,18,월
2022-04-18,분당선,구룡,2403,2317,4720,86,4,18,월
2022-04-18,분당선,개포동,3905,3935,7840,-30,4,18,월
2022-04-18,분당선,대모산입구,4553,4257,8810,296,4,18,월
2022-04-18,분당선,수서,13667,13715,27382,-48,4,18,월
2022-04-18,분당선,수원,8085,6729,14814,1356,4,18,월
2022-04-18,분당선,서울숲,11441,11722,23163,-281,4,18,월
2022-04-18,분당선,압구정로데오,15745,17474,33219,-1729,4,18,월
2022-04-18,분당선,강남구청,9898,11498,21396,-1600,4,18,월
2022-04-18,분당선,선정릉,8266,8791,17057,-525,4,18,월
2022-04-18,분당선,가천대,10954,12074,23028,-1120,4,18,월
2022-04-18,분당선,태평,13124,12825,25949,299,4,18,월
2022-04-18,분당선,모란,19794,19828,39622,-34,4,18,월
2022-04-18,분당선,야탑,25513,26843,52356,-1330,4,18,월
2022-04-18,분당선,서현,22303,22647,44950,-344,4,18,월
2022-04-18,분당선,수내,12360,12330,24690,30,4,18,월
2022-04-18,분당선,정자,16755,17869,34624,-1114,4,18,월
2022-04-18,분당선,미금,15603,16559,32162,-956,4,18,월
2022-04-18,분당선,오리,11709,9649,21358,2060,4,18,월
2022-04-18,분당선,이매,5854,5332,11186,522,4,18,월
2022-04-18,분당선,보정,2620,2252,4872,368,4,18,월
2022-04-18,분당선,죽전,13671,14983,28654,-1312,4,18,월
2022-04-18,분당선,구성,5128,5340,10468,-212,4,18,월
2022-04-18,분당선,신갈,4545,4437,8982,108,4,18,월
2022-04-18,분당선,기흥,10277,9554,19831,723,4,18,월
2022-04-18,분당선,상갈,5412,5200,10612,212,4,18,월
2022-04-18,분당선,청명,4276,4195,8471,81,4,18,월
2022-04-18,분당선,영통,7936,8111,16047,-175,4,18,월
2022-04-18,분당선,망포,14365,13707,28072,658,4,18,월
2022-04-18,분당선,매탄권선,5220,5080,10300,140,4,18,월
2022-04-18,분당선,수원시청,12468,13386,25854,-918,4,18,월
2022-04-18,분당선,매교,3424,3282,6706,142,4,18,월
2022-04-18,수인선,고색,4821,4574,9395,247,4,18,월
2022-04-18,수인선,오목천,3828,3449,7277,379,4,18,월
2022-04-18,수인선,어천,783,835,1618,-52,4,18,월
2022-04-18,수인선,야목,408,288,696,120,4,18,월
2022-04-18,수인선,사리,5026,4423,9449,603,4,18,월
2022-04-18,수인선,달월,115,65,180,50,4,18,월
2022-04-18,수인선,월곶,2739,2476,5215,263,4,18,월
2022-04-18,수인선,소래포구,6142,5750,11892,392,4,18,월
2022-04-18,수인선,인천논현,5612,6061,11673,-449,4,18,월
2022-04-18,수인선,호구포,4152,4387,8539,-235,4,18,월
2022-04-18,수인선,남동인더스파크,2245,2584,4829,-339,4,18,월
2022-04-18,수인선,원인재,4537,4672,9209,-135,4,18,월
2022-04-18,수인선,연수,4758,4588,9346,170,4,18,월
2022-04-18,수인선,송도,2594,2408,5002,186,4,18,월
2022-04-18,수인선,인하대,7453,7066,14519,387,4,18,월
2022-04-18,수인선,숭의,4228,3938,8166,290,4,18,월
2022-04-18,수인선,신포,1901,1866,3767,35,4,18,월
2022-04-18,수인선,인천,1054,1716,2770,-662,4,18,월
2022-04-18,안산선,산본,15825,17018,32843,-1193,4,18,월
2022-04-18,안산선,대야미,5303,4802,10105,501,4,18,월
2022-04-18,안산선,반월,4549,4346,8895,203,4,18,월
2022-04-18,안산선,상록수,16734,16912,33646,-178,4,18,월
2022-04-18,안산선,한대앞,10410,10558,20968,-148,4,18,월
2022-04-18,안산선,중앙,17961,18724,36685,-763,4,18,월
2022-04-18,안산선,고잔,9293,8547,17840,746,4,18,월
2022-04-18,안산선,초지,5339,5692,11031,-353,4,18,월
2022-04-18,안산선,안산,12028,10876,22904,1152,4,18,월
2022-04-18,안산선,신길온천,1871,1618,3489,253,4,18,월
2022-04-18,안산선,정왕,10152,10714,20866,-562,4,18,월
2022-04-18,안산선,오이도,8772,8427,17199,345,4,18,월
2022-04-18,안산선,수리산,4492,3898,8390,594,4,18,월
2022-04-18,우이신설선,북한산우이,2822,2595,5417,227,4,18,월
2022-04-18,우이신설선,솔밭공원,2487,2368,4855,119,4,18,월
2022-04-18,우이신설선,4.19민주묘지,3960,3890,7850,70,4,18,월
2022-04-18,우이신설선,가오리,4278,4229,8507,49,4,18,월
2022-04-18,우이신설선,화계,3520,3255,6775,265,4,18,월
2022-04-18,우이신설선,삼양,2043,2171,4214,-128,4,18,월
2022-04-18,우이신설선,삼양사거리,2499,2514,5013,-15,4,18,월
2022-04-18,우이신설선,솔샘,5957,5607,11564,350,4,18,월
2022-04-18,우이신설선,북한산보국문,5948,5720,11668,228,4,18,월
2022-04-18,우이신설선,정릉,4790,4354,9144,436,4,18,월
2022-04-18,우이신설선,성신여대입구(돈암),3236,3585,6821,-349,4,18,월
2022-04-18,우이신설선,보문,1518,1552,3070,-34,4,18,월
2022-04-18,우이신설선,신설동,2229,2139,4368,90,4,18,월
2022-04-18,일산선,원흥,10881,10478,21359,403,4,18,월
2022-04-18,일산선,지축,1,0,1,1,4,18,월
2022-04-18,일산선,삼송,20135,19436,39571,699,4,18,월
2022-04-18,일산선,원당,11718,11005,22723,713,4,18,월
2022-04-18,일산선,화정,16680,17094,33774,-414,4,18,월
2022-04-18,일산선,대곡,2282,1866,4148,416,4,18,월
2022-04-18,일산선,백석,9661,9609,19270,52,4,18,월
2022-04-18,일산선,마두,7677,7726,15403,-49,4,18,월
2022-04-18,일산선,정발산,6580,6648,13228,-68,4,18,월
2022-04-18,일산선,주엽,9241,9153,18394,88,4,18,월
2022-04-18,일산선,대화,12817,10065,22882,2752,4,18,월
2022-04-18,장항선,봉명,1309,1277,2586,32,4,18,월
2022-04-18,장항선,쌍용(나사렛대),3014,2972,5986,42,4,18,월
2022-04-18,장항선,아산,4041,3359,7400,682,4,18,월
2022-04-18,장항선,탕정,835,760,1595,75,4,18,월
2022-04-18,장항선,배방,1215,1196,2411,19,4,18,월
2022-04-18,장항선,온양온천,3907,3986,7893,-79,4,18,월
2022-04-18,3호선,홍제,18118,17313,35431,805,4,18,월
2022-04-18,8호선,석촌,7571,8600,16171,-1029,4,18,월
2022-04-18,경부선,관악,7395,6844,14239,551,4,18,월
2022-04-18,경부선,석수,9952,8966,18918,986,4,18,월
2022-04-18,경부선,금천구청,12243,12200,24443,43,4,18,월
2022-04-18,경부선,가산디지털단지,19157,21989,41146,-2832,4,18,월
2022-04-18,경부선,구로,18895,18810,37705,85,4,18,월
2022-04-18,경부선,신길,9320,7846,17166,1474,4,18,월
2022-04-18,경부선,신도림,4088,4187,8275,-99,4,18,월
2022-04-18,경부선,영등포,33136,34281,67417,-1145,4,18,월
2022-04-18,경부선,대방,13098,13616,26714,-518,4,18,월
2022-04-18,경부선,노량진,7960,8266,16226,-306,4,18,월
2022-04-18,경부선,용산,30923,31353,62276,-430,4,18,월
2022-04-18,경부선,남영,9424,9985,19409,-561,4,18,월
2022-04-18,경부선,서울역,6206,1881,8087,4325,4,18,월
2022-04-18,경강선,여주,2556,2505,5061,51,4,18,월
2022-04-18,경강선,세종대왕릉,316,314,630,2,4,18,월
2022-04-18,경강선,부발,2021,2136,4157,-115,4,18,월
2022-04-18,경강선,이천,2573,2670,5243,-97,4,18,월
2022-04-18,경강선,신둔도예촌,1599,1465,3064,134,4,18,월
2022-04-18,경강선,곤지암,2305,2309,4614,-4,4,18,월
2022-04-18,경강선,초월,3185,2996,6181,189,4,18,월
2022-04-18,1호선,서울역,42230,40071,82301,2159,4,18,월
2022-04-18,1호선,시청,21645,21771,43416,-126,4,18,월
2022-04-18,1호선,종각,33326,32917,66243,409,4,18,월
2022-04-18,1호선,종로3가,23829,21690,45519,2139,4,18,월
2022-04-18,1호선,종로5가,21978,21965,43943,13,4,18,월
2022-04-18,1호선,동대문,10763,10283,21046,480,4,18,월
2022-04-18,1호선,신설동,13645,13395,27040,250,4,18,월
2022-04-18,1호선,제기동,17398,17791,35189,-393,4,18,월
2022-04-18,1호선,청량리(서울시립대입구),20018,19649,39667,369,4,18,월
2022-04-18,1호선,동묘앞,7593,7927,15520,-334,4,18,월
2022-04-18,2호선,시청,22755,22390,45145,365,4,18,월
2022-04-18,2호선,을지로입구,34465,35872,70337,-1407,4,18,월
2022-04-18,2호선,을지로3가,21837,21740,43577,97,4,18,월
2022-04-18,2호선,을지로4가,12665,12932,25597,-267,4,18,월
2022-04-18,2호선,동대문역사문화공원(DDP),11367,12273,23640,-906,4,18,월
2022-04-18,2호선,신당,13409,13864,27273,-455,4,18,월
2022-04-18,2호선,상왕십리,13885,13395,27280,490,4,18,월
2022-04-18,2호선,왕십리(성동구청),15796,12737,28533,3059,4,18,월
2022-04-18,2호선,한양대,14744,16319,31063,-1575,4,18,월
2022-04-18,2호선,뚝섬,21521,23279,44800,-1758,4,18,월
2022-04-18,2호선,성수,36024,39646,75670,-3622,4,18,월
2022-04-18,2호선,건대입구,32679,35543,68222,-2864,4,18,월
2022-04-18,2호선,구의(광진구청),23276,22869,46145,407,4,18,월
2022-04-18,2호선,강변(동서울터미널),29318,27719,57037,1599,4,18,월
2022-04-18,2호선,잠실나루,14822,14627,29449,195,4,18,월
2022-04-18,2호선,잠실(송파구청),60452,59940,120392,512,4,18,월
2022-04-18,2호선,잠실새내,20528,20489,41017,39,4,18,월
2022-04-18,2호선,종합운동장,6822,7587,14409,-765,4,18,월
2022-04-18,2호선,삼성(무역센터),45542,46409,91951,-867,4,18,월
2022-04-18,2호선,선릉,56965,51009,107974,5956,4,18,월
2022-04-18,2호선,역삼,52118,59076,111194,-6958,4,18,월
2022-04-18,2호선,강남,79500,79576,159076,-76,4,18,월
2022-04-18,2호선,교대(법원.검찰청),33902,38417,72319,-4515,4,18,월
2022-04-18,2호선,서초,22439,20701,43140,1738,4,18,월
2022-04-18,2호선,방배,19244,20081,39325,-837,4,18,월
2022-04-18,2호선,사당,35471,39471,74942,-4000,4,18,월
2022-04-18,2호선,낙성대(강감찬),26616,26584,53200,32,4,18,월
2022-04-18,2호선,서울대입구(관악구청),47052,46468,93520,584,4,18,월
2022-04-18,2호선,봉천,23895,22030,45925,1865,4,18,월
2022-04-18,2호선,신림,61807,59870,121677,1937,4,18,월
2022-04-18,경강선,경기광주,7674,7328,15002,346,4,18,월
2022-04-18,경강선,삼동,2427,2242,4669,185,4,18,월
2022-04-18,경강선,이매,1102,924,2026,178,4,18,월
2022-04-18,경강선,판교,4252,4157,8409,95,4,18,월
2022-04-18,9호선2~3단계,중앙보훈병원,11148,9848,20996,1300,4,18,월
2022-04-18,2호선,신대방,26555,25900,52455,655,4,18,월
2022-04-18,2호선,구로디지털단지,58492,58647,117139,-155,4,18,월
2022-04-18,2호선,대림(구로구청),24171,24538,48709,-367,4,18,월
2022-04-18,2호선,신도림,45132,44816,89948,316,4,18,월
2022-04-18,2호선,문래,21839,22130,43969,-291,4,18,월
2022-04-18,2호선,영등포구청,22492,23216,45708,-724,4,18,월
2022-04-18,2호선,당산,18903,21886,40789,-2983,4,18,월
2022-04-18,2호선,합정,28135,29782,57917,-1647,4,18,월
2022-04-18,2호선,홍대입구,47050,49823,96873,-2773,4,18,월
2022-04-18,2호선,신촌,29490,29894,59384,-404,4,18,월
2022-04-18,2호선,이대,13215,13963,27178,-748,4,18,월
2022-04-18,2호선,아현,10285,9698,19983,587,4,18,월
2022-04-18,2호선,충정로(경기대입구),9919,10489,20408,-570,4,18,월
2022-04-18,2호선,용답,3155,3383,6538,-228,4,18,월
2022-04-18,2호선,신답,1631,1815,3446,-184,4,18,월
2022-04-18,2호선,신설동,3093,1710,4803,1383,4,18,월
2022-04-18,2호선,도림천,1380,1426,2806,-46,4,18,월
2022-04-18,2호선,양천구청,6790,7004,13794,-214,4,18,월
2022-04-18,2호선,신정네거리,10117,10502,20619,-385,4,18,월
2022-04-18,2호선,용두(동대문구청),2329,2416,4745,-87,4,18,월
2022-04-18,3호선,지축,5038,4743,9781,295,4,18,월
2022-04-18,3호선,구파발,20714,19669,40383,1045,4,18,월
2022-04-18,3호선,연신내,36298,34191,70489,2107,4,18,월
2022-04-18,3호선,불광,16165,17008,33173,-843,4,18,월
2022-04-18,9호선2~3단계,둔촌오륜,1213,1083,2296,130,4,18,월
2022-04-18,9호선2~3단계,올림픽공원(한국체대),5885,6045,11930,-160,4,18,월
2022-04-18,9호선2~3단계,한성백제,2535,2281,4816,254,4,18,월
2022-04-18,9호선2~3단계,송파나루,4678,5033,9711,-355,4,18,월
2022-04-18,9호선2~3단계,석촌,8300,7367,15667,933,4,18,월
2022-04-18,9호선2~3단계,석촌고분,5829,5753,11582,76,4,18,월
2022-04-18,9호선2~3단계,삼전,6792,6481,13273,311,4,18,월
2022-04-18,9호선2~3단계,종합운동장,4057,4197,8254,-140,4,18,월
2022-04-18,9호선2~3단계,봉은사,15168,15436,30604,-268,4,18,월
2022-04-18,9호선2~3단계,삼성중앙,6804,7235,14039,-431,4,18,월
2022-04-18,9호선2~3단계,선정릉,9740,10828,20568,-1088,4,18,월
2022-04-18,9호선2~3단계,언주,10247,10707,20954,-460,4,18,월
2022-04-18,9호선,신논현,30113,30083,60196,30,4,18,월
2022-04-18,9호선,사평,3472,3380,6852,92,4,18,월
2022-04-18,9호선,고속터미널,11477,13921,25398,-2444,4,18,월
2022-04-18,9호선,신반포,3487,3392,6879,95,4,18,월
2022-04-18,9호선,구반포,1258,1328,2586,-70,4,18,월
2022-04-18,9호선,동작(현충원),2063,1607,3670,456,4,18,월
2022-04-18,9호선,흑석(중앙대입구),8719,9046,17765,-327,4,18,월
2022-04-18,9호선,노들,4276,3564,7840,712,4,18,월
2022-04-18,3호선,녹번,15825,14147,29972,1678,4,18,월
2022-04-18,중앙선,운길산,989,935,1924,54,4,18,월
2022-04-18,중앙선,팔당,939,965,1904,-26,4,18,월
2022-04-18,중앙선,도심,2541,2026,4567,515,4,18,월
2022-04-18,중앙선,덕소,5694,5740,11434,-46,4,18,월
2022-04-18,중앙선,양정,783,652,1435,131,4,18,월
2022-04-18,중앙선,도농,11021,9947,20968,1074,4,18,월
2022-04-18,중앙선,구리,13392,13550,26942,-158,4,18,월
2022-04-18,중앙선,양원,3120,2951,6071,169,4,18,월
2022-04-18,중앙선,망우,7868,7649,15517,219,4,18,월
2022-04-18,중앙선,상봉(시외버스터미널),5777,5884,11661,-107,4,18,월
2022-04-18,중앙선,중랑,5621,5358,10979,263,4,18,월
2022-04-18,중앙선,회기,24520,24263,48783,257,4,18,월
2022-04-18,장항선,신창(순천향대),2792,3087,5879,-295,4,18,월
2022-04-18,중앙선,지평,86,89,175,-3,4,18,월
2022-04-18,중앙선,용문,1994,1796,3790,198,4,18,월
2022-04-18,중앙선,원덕,473,388,861,85,4,18,월
2022-04-18,중앙선,양평,4353,4500,8853,-147,4,18,월
2022-04-18,중앙선,오빈,361,352,713,9,4,18,월
2022-04-18,중앙선,아신,577,566,1143,11,4,18,월
2022-04-18,중앙선,국수,965,947,1912,18,4,18,월
2022-04-18,중앙선,신원,292,250,542,42,4,18,월
2022-04-18,중앙선,양수,2079,2091,4170,-12,4,18,월
2022-04-18,9호선,노량진,25837,25189,51026,648,4,18,월
2022-04-18,9호선,샛강,5908,6327,12235,-419,4,18,월
2022-04-18,9호선,여의도,26269,25953,52222,316,4,18,월
2022-04-18,경부선,평택,13212,13407,26619,-195,4,18,월
2022-04-18,경부선,평택지제,3630,3504,7134,126,4,18,월
2022-04-18,경부선,성환,7012,7053,14065,-41,4,18,월
2022-04-18,경부선,직산,887,856,1743,31,4,18,월
2022-04-18,경부선,두정,7301,8385,15686,-1084,4,18,월
2022-04-18,경부선,천안,6706,6577,13283,129,4,18,월
2022-04-18,경부선,당정,6735,6403,13138,332,4,18,월
2022-04-18,경부선,서동탄,1435,1229,2664,206,4,18,월
2022-04-18,경부선,광명,3424,2813,6237,611,4,18,월
2022-04-18,경원선,이촌(국립중앙박물관),3801,2882,6683,919,4,18,월
2022-04-18,경원선,서빙고,1911,1720,3631,191,4,18,월
2022-04-18,경원선,한남,4148,3957,8105,191,4,18,월
2022-04-18,경원선,옥수,49,39,88,10,4,18,월
2022-04-18,경원선,응봉,1947,1766,3713,181,4,18,월
2022-04-18,경원선,왕십리(성동구청),13532,15115,28647,-1583,4,18,월
2022-04-18,경원선,청량리(서울시립대입구),13588,14171,27759,-583,4,18,월
2022-04-18,경원선,외대앞,8326,8263,16589,63,4,18,월
2022-04-18,경원선,신이문,8492,7811,16303,681,4,18,월
2022-04-18,경원선,석계,8395,9273,17668,-878,4,18,월
2022-04-18,경원선,광운대,9260,9335,18595,-75,4,18,월
2022-04-18,경원선,월계,8664,8021,16685,643,4,18,월
2022-04-18,경원선,녹천,4967,4042,9009,925,4,18,월
2022-04-18,경원선,방학,9812,9694,19506,118,4,18,월
2022-04-18,경원선,도봉,6023,5711,11734,312,4,18,월
2022-04-18,경원선,도봉산,7903,5306,13209,2597,4,18,월
2022-04-18,경원선,망월사,9777,9886,19663,-109,4,18,월
2022-04-18,경원선,회룡,12906,12831,25737,75,4,18,월
2022-04-18,경원선,의정부,17490,17996,35486,-506,4,18,월
2022-04-18,경원선,가능,7242,6773,14015,469,4,18,월
2022-04-18,경원선,녹양,4766,4449,9215,317,4,18,월
2022-04-18,경원선,양주,8296,7680,15976,616,4,18,월
2022-04-18,경원선,덕계,3419,3138,6557,281,4,18,월
2022-04-18,경원선,덕정,6903,6594,13497,309,4,18,월
2022-04-18,경원선,지행,6796,6822,13618,-26,4,18,월
2022-04-18,경원선,동두천중앙,3283,3051,6334,232,4,18,월
2022-04-18,경원선,보산,1667,1504,3171,163,4,18,월
2022-04-18,경원선,동두천,2813,3162,5975,-349,4,18,월
2022-04-18,경원선,소요산,2960,2446,5406,514,4,18,월
2022-04-18,경의선,서울역,4581,5779,10360,-1198,4,18,월
2022-04-18,경의선,신촌,873,1167,2040,-294,4,18,월
2022-04-18,경의선,효창공원앞,3100,3465,6565,-365,4,18,월
2022-04-18,경의선,공덕,3530,3241,6771,289,4,18,월
2022-04-18,경의선,서강대,2165,2038,4203,127,4,18,월
2022-04-18,경의선,홍대입구,1578,1696,3274,-118,4,18,월
2022-04-18,경의선,가좌,5593,5360,10953,233,4,18,월
2022-04-18,경의선,디지털미디어시티,2623,2415,5038,208,4,18,월
2022-04-18,경의선,수색,3009,3119,6128,-110,4,18,월
2022-04-18,경의선,화전,3621,3441,7062,180,4,18,월
2022-04-18,경의선,강매,3431,2971,6402,460,4,18,월
2022-04-18,경의선,행신,8037,8126,16163,-89,4,18,월
2022-04-18,경의선,능곡,4059,3741,7800,318,4,18,월
2022-04-18,경의선,곡산,666,717,1383,-51,4,18,월
2022-04-18,경의선,백마,7419,7013,14432,406,4,18,월
2022-04-18,경의선,풍산,5873,5297,11170,576,4,18,월
2022-04-18,경의선,일산,10803,10684,21487,119,4,18,월
2022-04-18,경의선,탄현,8150,7557,15707,593,4,18,월
2022-04-18,경의선,야당,7774,7730,15504,44,4,18,월
2022-04-18,경의선,운정,7391,6822,14213,569,4,18,월
2022-04-18,경의선,금릉,4984,4880,9864,104,4,18,월
2022-04-18,경의선,금촌,6418,6312,12730,106,4,18,월
2022-04-18,경의선,월롱,2991,3032,6023,-41,4,18,월
2022-04-18,경의선,파주,1752,1351,3103,401,4,18,월
2022-04-18,9호선,국회의사당,15888,16523,32411,-635,4,18,월
2022-04-18,9호선,당산,18091,18145,36236,-54,4,18,월
2022-04-18,9호선,선유도,8757,8325,17082,432,4,18,월
2022-04-18,9호선,신목동,4298,3837,8135,461,4,18,월
2022-04-18,9호선,염창,17400,16664,34064,736,4,18,월
2022-04-18,9호선,등촌,11394,11043,22437,351,4,18,월
2022-04-18,9호선,증미,7417,7131,14548,286,4,18,월
2022-04-18,9호선,가양,20673,19933,40606,740,4,18,월
2022-04-18,9호선,양천향교,9940,10104,20044,-164,4,18,월
2022-04-18,9호선,마곡나루(서울식물원),12000,12013,24013,-13,4,18,월
2022-04-18,9호선,신방화,6866,6696,13562,170,4,18,월
2022-04-18,9호선,공항시장,2983,3208,6191,-225,4,18,월
2022-04-18,9호선,김포공항,6875,10221,17096,-3346,4,18,월
2022-04-18,9호선,개화,2531,1768,4299,763,4,18,월
2022-04-18,8호선,남위례,4849,5084,9933,-235,4,18,월
2022-04-18,8호선,모란,4457,3508,7965,949,4,18,월
2022-04-18,8호선,수진,5378,5032,10410,346,4,18,월
2022-04-18,8호선,신흥,4178,4576,8754,-398,4,18,월
2022-04-18,8호선,단대오거리,11222,10723,21945,499,4,18,월
2022-04-18,8호선,남한산성입구(성남법원.검찰청),15461,14391,29852,1070,4,18,월
2022-04-18,8호선,산성,5438,5506,10944,-68,4,18,월
2022-04-18,8호선,복정,9802,8292,18094,1510,4,18,월
2022-04-18,8호선,장지,16745,16108,32853,637,4,18,월
2022-04-18,8호선,문정,22174,23552,45726,-1378,4,18,월
2022-04-18,8호선,가락시장,7531,8471,16002,-940,4,18,월
2022-04-18,8호선,송파,8170,7977,16147,193,4,18,월
2022-04-18,8호선,잠실(송파구청),12609,14993,27602,-2384,4,18,월
2022-04-18,8호선,몽촌토성(평화의문),6136,6213,12349,-77,4,18,월
2022-04-18,8호선,강동구청,10465,10725,21190,-260,4,18,월
2022-04-18,8호선,천호(풍납토성),13946,15772,29718,-1826,4,18,월
2022-04-18,8호선,암사,18980,16671,35651,2309,4,18,월
2022-04-18,7호선,온수(성공회대입구),11190,10358,21548,832,4,18,월
2022-04-18,7호선,천왕,11538,10980,22518,558,4,18,월
2022-04-18,7호선,광명사거리,22072,21733,43805,339,4,18,월
2022-04-18,7호선,철산,20884,21291,42175,-407,4,18,월
2022-04-18,7호선,가산디지털단지,46112,46587,92699,-475,4,18,월
2022-04-18,7호선,남구로,16101,16911,33012,-810,4,18,월
2022-04-18,7호선,대림(구로구청),7753,7646,15399,107,4,18,월
2022-04-18,7호선,신풍,11753,11152,22905,601,4,18,월
2022-04-18,7호선,보라매,10031,9950,19981,81,4,18,월
2022-04-18,7호선,신대방삼거리,16843,16131,32974,712,4,18,월
2022-04-18,7호선,장승배기,8984,8660,17644,324,4,18,월
2022-04-18,7호선,상도,11177,11111,22288,66,4,18,월
2022-04-18,7호선,숭실대입구(살피재),14767,15094,29861,-327,4,18,월
2022-04-18,7호선,남성,11172,10504,21676,668,4,18,월
2022-04-18,7호선,이수,15047,14727,29774,320,4,18,월
2022-04-18,7호선,내방,14491,14791,29282,-300,4,18,월
2022-04-18,7호선,고속터미널,15260,12326,27586,2934,4,18,월
2022-04-18,7호선,반포,5779,5629,11408,150,4,18,월
2022-04-18,7호선,논현,20107,21784,41891,-1677,4,18,월
2022-04-18,7호선,학동,24412,25927,50339,-1515,4,18,월
2022-04-18,7호선,강남구청,15765,17235,33000,-1470,4,18,월
2022-04-18,7호선,청담,19147,21365,40512,-2218,4,18,월
2022-04-18,7호선,뚝섬유원지,9064,8781,17845,283,4,18,월
2022-04-18,7호선,건대입구,11956,12490,24446,-534,4,18,월
2022-04-18,7호선,어린이대공원(세종대),14026,14451,28477,-425,4,18,월
2022-04-18,7호선,군자(능동),14685,11824,26509,2861,4,18,월
2022-04-18,7호선,중곡,11083,10086,21169,997,4,18,월
2022-04-18,7호선,용마산(용마폭포공원),6095,5790,11885,305,4,18,월
2022-04-18,7호선,사가정,16120,16410,32530,-290,4,18,월
2022-04-18,7호선,면목,16451,16126,32577,325,4,18,월
2022-04-18,7호선,상봉(시외버스터미널),16378,15259,31637,1119,4,18,월
2022-04-18,7호선,중화,10880,10545,21425,335,4,18,월
2022-04-18,7호선,먹골,10088,9874,19962,214,4,18,월
2022-04-18,7호선,태릉입구,8674,8379,17053,295,4,18,월
2022-04-18,7호선,공릉(서울과학기술대),12945,12959,25904,-14,4,18,월
2022-04-18,7호선,하계,17878,16640,34518,1238,4,18,월
2022-04-18,7호선,중계,14972,13868,28840,1104,4,18,월
2022-04-18,7호선,노원,17881,18919,36800,-1038,4,18,월
2022-04-18,7호선,마들,12792,12130,24922,662,4,18,월
2022-04-18,7호선,수락산,12577,12105,24682,472,4,18,월
2022-04-18,7호선,도봉산,9573,10805,20378,-1232,4,18,월
2022-04-18,7호선,장암,2396,888,3284,1508,4,18,월
2022-04-18,6호선,봉화산(서울의료원),8858,8348,17206,510,4,18,월
2022-04-18,6호선,화랑대(서울여대입구),12414,9738,22152,2676,4,18,월
2022-04-18,6호선,태릉입구,5559,6143,11702,-584,4,18,월
2022-04-18,6호선,석계,12407,13202,25609,-795,4,18,월
2022-04-18,6호선,돌곶이,9451,8690,18141,761,4,18,월
2022-04-18,6호선,상월곡(한국과학기술연구원),6484,5963,12447,521,4,18,월
2022-04-18,6호선,월곡(동덕여대),12647,12397,25044,250,4,18,월
2022-04-18,6호선,고려대(종암),8546,8268,16814,278,4,18,월
2022-04-18,6호선,안암(고대병원앞),13231,13823,27054,-592,4,18,월
2022-04-18,6호선,보문,7186,6680,13866,506,4,18,월
2022-04-18,6호선,창신,3709,3036,6745,673,4,18,월
2022-04-18,6호선,동묘앞,7533,7896,15429,-363,4,18,월
2022-04-18,6호선,신당,7492,8121,15613,-629,4,18,월
2022-04-18,6호선,청구,3642,3995,7637,-353,4,18,월
2022-04-18,6호선,약수,3625,3714,7339,-89,4,18,월
2022-04-18,6호선,버티고개,2130,2099,4229,31,4,18,월
2022-04-18,6호선,한강진,6497,7445,13942,-948,4,18,월
2022-04-18,6호선,이태원,9135,9603,18738,-468,4,18,월
2022-04-18,6호선,녹사평(용산구청),4412,4278,8690,134,4,18,월
2022-04-18,6호선,삼각지,5904,5265,11169,639,4,18,월
2022-04-18,6호선,효창공원앞,7123,6583,13706,540,4,18,월
2022-04-18,6호선,공덕,18412,17902,36314,510,4,18,월
2022-04-18,6호선,대흥(서강대앞),8320,8602,16922,-282,4,18,월
2022-04-18,6호선,광흥창(서강),8949,8567,17516,382,4,18,월
2022-04-18,6호선,상수,7639,8720,16359,-1081,4,18,월
2022-04-18,6호선,합정,12114,12030,24144,84,4,18,월
2022-04-18,경의선,문산,5236,5070,10306,166,4,18,월
2022-04-18,6호선,망원,12976,13722,26698,-746,4,18,월
2022-04-18,6호선,마포구청,13869,12450,26319,1419,4,18,월
2022-04-18,6호선,월드컵경기장(성산),3964,4246,8210,-282,4,18,월
2022-04-18,6호선,디지털미디어시티,14115,15243,29358,-1128,4,18,월
2022-04-18,6호선,증산(명지대앞),10092,9968,20060,124,4,18,월
2022-04-18,6호선,새절(신사),13425,12662,26087,763,4,18,월
2022-04-18,6호선,구산,7795,5796,13591,1999,4,18,월
2022-04-18,6호선,독바위,2772,2908,5680,-136,4,18,월
2022-04-18,6호선,불광,4101,4089,8190,12,4,18,월
2022-04-18,6호선,역촌,3623,4370,7993,-747,4,18,월
2022-04-18,6호선,응암,17502,17494,34996,8,4,18,월
2022-04-18,5호선,하남검단산,5649,5254,10903,395,4,18,월
2022-04-18,5호선,하남시청(덕풍·신장),6816,6621,13437,195,4,18,월
2022-04-18,5호선,하남풍산,4210,4195,8405,15,4,18,월
2022-04-18,5호선,미사,15700,15760,31460,-60,4,18,월
2022-04-18,5호선,강일,4194,3980,8174,214,4,18,월
2022-04-18,5호선,마천,7366,6994,14360,372,4,18,월
2022-04-18,5호선,거여,10406,9975,20381,431,4,18,월
2022-04-18,5호선,개롱,6541,6799,13340,-258,4,18,월
2022-04-18,5호선,오금,3795,3897,7692,-102,4,18,월
2022-04-18,5호선,방이,6834,7149,13983,-315,4,18,월
2022-04-18,5호선,올림픽공원(한국체대),4363,3781,8144,582,4,18,월
2022-04-18,5호선,둔촌동,8283,8244,16527,39,4,18,월
2022-04-18,5호선,상일동,15031,13920,28951,1111,4,18,월
2022-04-18,5호선,고덕,9699,9529,19228,170,4,18,월
2022-04-18,5호선,명일,8622,9021,17643,-399,4,18,월
2022-04-18,5호선,굽은다리(강동구민회관앞),9379,8740,18119,639,4,18,월
2022-04-18,5호선,길동,7909,8171,16080,-262,4,18,월
2022-04-18,5호선,강동,18601,17729,36330,872,4,18,월
2022-04-18,5호선,천호(풍납토성),15763,16299,32062,-536,4,18,월
2022-04-18,5호선,광나루(장신대),13142,11944,25086,1198,4,18,월
2022-04-18,5호선,아차산(어린이대공원후문),14907,14185,29092,722,4,18,월
2022-04-18,5호선,군자(능동),10959,12036,22995,-1077,4,18,월
2022-04-18,5호선,장한평,18041,17684,35725,357,4,18,월
2022-04-18,5호선,답십리,15841,14477,30318,1364,4,18,월
2022-04-18,5호선,마장,5780,5489,11269,291,4,18,월
2022-04-18,5호선,왕십리(성동구청),4482,5091,9573,-609,4,18,월
2022-04-18,5호선,행당,8086,7230,15316,856,4,18,월
2022-04-18,5호선,신금호,6234,6489,12723,-255,4,18,월
2022-04-18,5호선,청구,4012,3623,7635,389,4,18,월
2022-04-18,5호선,동대문역사문화공원(DDP),2862,3190,6052,-328,4,18,월
2022-04-18,5호선,을지로4가,6167,6055,12222,112,4,18,월
2022-04-18,5호선,종로3가,11225,11488,22713,-263,4,18,월
2022-04-18,5호선,광화문(세종문화회관),28289,29714,58003,-1425,4,18,월
2022-04-18,5호선,서대문,19991,20202,40193,-211,4,18,월
2022-04-18,5호선,충정로(경기대입구),4790,4959,9749,-169,4,18,월
2022-04-18,5호선,애오개,6728,6641,13369,87,4,18,월
2022-04-18,5호선,공덕,13934,14750,28684,-816,4,18,월
2022-04-18,5호선,마포,14441,14806,29247,-365,4,18,월
2022-04-18,5호선,여의나루,10568,11222,21790,-654,4,18,월
2022-04-18,5호선,여의도,27556,29389,56945,-1833,4,18,월
2022-04-18,5호선,신길,4158,4457,8615,-299,4,18,월
2022-04-18,5호선,영등포시장,9715,10180,19895,-465,4,18,월
2022-04-18,5호선,영등포구청,4112,4226,8338,-114,4,18,월
2022-04-18,5호선,양평,7542,7480,15022,62,4,18,월
2022-04-18,5호선,오목교(목동운동장앞),20839,22353,43192,-1514,4,18,월
2022-04-18,5호선,목동,16579,17825,34404,-1246,4,18,월
2022-04-18,5호선,신정(은행정),13970,11267,25237,2703,4,18,월
2022-04-18,5호선,까치산,28698,27378,56076,1320,4,18,월
2022-04-18,5호선,화곡,28388,26559,54947,1829,4,18,월
2022-04-18,5호선,우장산,14891,14561,29452,330,4,18,월
2022-04-18,5호선,발산,20357,20716,41073,-359,4,18,월
2022-04-18,5호선,마곡,10532,10697,21229,-165,4,18,월
2022-04-18,5호선,송정,6627,6103,12730,524,4,18,월
2022-04-18,5호선,김포공항,6732,6652,13384,80,4,18,월
2022-04-18,5호선,개화산,5635,5340,10975,295,4,18,월
2022-04-18,5호선,방화,6587,6362,12949,225,4,18,월
2022-04-18,4호선,남태령,1202,1052,2254,150,4,18,월
2022-04-18,4호선,사당,24675,20849,45524,3826,4,18,월
2022-04-18,4호선,총신대입구(이수),18822,20281,39103,-1459,4,18,월
2022-04-18,4호선,동작(현충원),1650,1802,3452,-152,4,18,월
2022-04-18,4호선,이촌(국립중앙박물관),6906,7821,14727,-915,4,18,월
2022-04-18,4호선,신용산,15874,16805,32679,-931,4,18,월
2022-04-18,4호선,삼각지,4709,5198,9907,-489,4,18,월
2022-04-18,4호선,숙대입구(갈월),13676,13157,26833,519,4,18,월
2022-04-18,4호선,서울역,11026,15477,26503,-4451,4,18,월
2022-04-18,4호선,회현(남대문시장),24626,26041,50667,-1415,4,18,월
2022-04-18,4호선,명동,19256,19549,38805,-293,4,18,월
2022-04-18,4호선,충무로,27773,28952,56725,-1179,4,18,월
2022-04-18,4호선,동대문역사문화공원(DDP),13794,12838,26632,956,4,18,월
2022-04-18,4호선,동대문,20007,20711,40718,-704,4,18,월
2022-04-18,4호선,혜화,29137,29783,58920,-646,4,18,월
2022-04-18,4호선,한성대입구(삼선교),13799,13497,27296,302,4,18,월
2022-04-19,경원선,월계,8798,8135,16933,663,4,19,화
2022-04-19,2호선,시청,23685,23395,47080,290,4,19,화
2022-04-19,1호선,동묘앞,8156,8431,16587,-275,4,19,화
2022-04-19,1호선,청량리(서울시립대입구),20141,19766,39907,375,4,19,화
2022-04-19,5호선,마곡,10971,10992,21963,-21,4,19,화
2022-04-19,5호선,송정,6647,6223,12870,424,4,19,화
2022-04-19,5호선,김포공항,7023,6685,13708,338,4,19,화
2022-04-19,5호선,개화산,5788,5460,11248,328,4,19,화
2022-04-19,5호선,방화,6924,6571,13495,353,4,19,화
2022-04-19,4호선,남태령,1293,1098,2391,195,4,19,화
2022-04-19,4호선,사당,25400,21537,46937,3863,4,19,화
2022-04-19,4호선,총신대입구(이수),19245,20723,39968,-1478,4,19,화
2022-04-19,4호선,동작(현충원),1617,1847,3464,-230,4,19,화
2022-04-19,중앙선,지평,66,91,157,-25,4,19,화
2022-04-19,중앙선,용문,2053,1929,3982,124,4,19,화
2022-04-19,중앙선,원덕,427,437,864,-10,4,19,화
2022-04-19,중앙선,양평,2854,2949,5803,-95,4,19,화
2022-04-19,중앙선,오빈,396,382,778,14,4,19,화
2022-04-19,중앙선,아신,559,561,1120,-2,4,19,화
2022-04-19,중앙선,국수,887,881,1768,6,4,19,화
2022-04-19,중앙선,신원,296,245,541,51,4,19,화
2022-04-19,중앙선,양수,2076,2125,4201,-49,4,19,화
2022-04-19,중앙선,운길산,1050,1007,2057,43,4,19,화
2022-04-19,중앙선,팔당,976,988,1964,-12,4,19,화
2022-04-19,중앙선,도심,2605,2061,4666,544,4,19,화
2022-04-19,중앙선,덕소,5737,5844,11581,-107,4,19,화
2022-04-19,중앙선,양정,833,684,1517,149,4,19,화
2022-04-19,중앙선,도농,11118,10131,21249,987,4,19,화
2022-04-19,중앙선,구리,13740,14064,27804,-324,4,19,화
2022-04-19,중앙선,양원,3202,3024,6226,178,4,19,화
2022-04-19,중앙선,망우,8125,7896,16021,229,4,19,화
2022-04-19,중앙선,상봉(시외버스터미널),5914,5909,11823,5,4,19,화
2022-04-19,중앙선,중랑,5696,5361,11057,335,4,19,화
2022-04-19,중앙선,회기,24697,24160,48857,537,4,19,화
2022-04-19,장항선,신창(순천향대),2896,2750,5646,146,4,19,화
2022-04-19,장항선,온양온천,5246,5346,10592,-100,4,19,화
2022-04-19,장항선,탕정,891,756,1647,135,4,19,화
2022-04-19,장항선,아산,3749,3201,6950,548,4,19,화
2022-04-19,장항선,쌍용(나사렛대),3232,3064,6296,168,4,19,화
2022-04-19,장항선,봉명,1359,1359,2718,0,4,19,화
2022-04-19,안산선,초지,5495,5817,11312,-322,4,19,화
2022-04-19,안산선,고잔,9464,8943,18407,521,4,19,화
2022-04-19,1호선,제기동,18042,18455,36497,-413,4,19,화
2022-04-19,4호선,이촌(국립중앙박물관),7526,8183,15709,-657,4,19,화
2022-04-19,안산선,중앙,18380,19378,37758,-998,4,19,화
2022-04-19,안산선,한대앞,10853,10985,21838,-132,4,19,화
2022-04-19,안산선,상록수,17344,17719,35063,-375,4,19,화
2022-04-19,안산선,반월,4528,4341,8869,187,4,19,화
2022-04-19,안산선,대야미,5303,4749,10052,554,4,19,화
2022-04-19,안산선,산본,16487,17713,34200,-1226,4,19,화
2022-04-19,수인선,인천,1062,1756,2818,-694,4,19,화
2022-04-19,수인선,신포,1962,1991,3953,-29,4,19,화
2022-04-19,수인선,숭의,4341,4022,8363,319,4,19,화
2022-04-19,수인선,인하대,7379,7091,14470,288,4,19,화
2022-04-19,수인선,송도,2694,2477,5171,217,4,19,화
2022-04-19,수인선,연수,4702,4779,9481,-77,4,19,화
2022-04-19,수인선,원인재,4608,4817,9425,-209,4,19,화
2022-04-19,수인선,남동인더스파크,2334,2623,4957,-289,4,19,화
2022-04-19,수인선,호구포,4219,4417,8636,-198,4,19,화
2022-04-19,수인선,인천논현,5648,5993,11641,-345,4,19,화
2022-04-19,수인선,소래포구,6450,6150,12600,300,4,19,화
2022-04-19,수인선,월곶,2752,2603,5355,149,4,19,화
2022-04-19,수인선,달월,122,74,196,48,4,19,화
2022-04-19,수인선,사리,5166,4699,9865,467,4,19,화
2022-04-19,수인선,야목,407,304,711,103,4,19,화
2022-04-19,수인선,어천,793,827,1620,-34,4,19,화
2022-04-19,수인선,오목천,3854,3503,7357,351,4,19,화
2022-04-19,수인선,고색,4992,4685,9677,307,4,19,화
2022-04-19,분당선,매교,3374,3340,6714,34,4,19,화
2022-04-19,분당선,수원시청,12737,13682,26419,-945,4,19,화
2022-04-19,분당선,매탄권선,5337,5191,10528,146,4,19,화
2022-04-19,분당선,망포,14715,13914,28629,801,4,19,화
2022-04-19,분당선,영통,8150,8421,16571,-271,4,19,화
2022-04-19,분당선,청명,4443,4327,8770,116,4,19,화
2022-04-19,분당선,상갈,5643,5310,10953,333,4,19,화
2022-04-19,분당선,기흥,10341,9777,20118,564,4,19,화
2022-04-19,분당선,신갈,4730,4748,9478,-18,4,19,화
2022-04-19,분당선,구성,5389,5695,11084,-306,4,19,화
2022-04-19,분당선,죽전,14531,15725,30256,-1194,4,19,화
2022-04-19,분당선,보정,2773,2405,5178,368,4,19,화
2022-04-19,분당선,이매,5997,5599,11596,398,4,19,화
2022-04-19,분당선,오리,12195,9875,22070,2320,4,19,화
2022-04-19,분당선,미금,16159,17343,33502,-1184,4,19,화
2022-04-19,분당선,정자,17767,18734,36501,-967,4,19,화
2022-04-19,분당선,수내,13598,13705,27303,-107,4,19,화
2022-04-19,분당선,서현,23954,24471,48425,-517,4,19,화
2022-04-19,분당선,야탑,26323,27386,53709,-1063,4,19,화
2022-04-19,분당선,모란,27899,29091,56990,-1192,4,19,화
2022-04-19,분당선,태평,14004,13508,27512,496,4,19,화
2022-04-19,분당선,가천대,11331,12339,23670,-1008,4,19,화
2022-04-19,분당선,선정릉,8459,9019,17478,-560,4,19,화
2022-04-19,분당선,강남구청,10419,12003,22422,-1584,4,19,화
2022-04-19,분당선,압구정로데오,18637,20669,39306,-2032,4,19,화
2022-04-19,분당선,서울숲,12123,12485,24608,-362,4,19,화
2022-04-19,분당선,수원,8258,6979,15237,1279,4,19,화
2022-04-19,분당선,수서,13856,14000,27856,-144,4,19,화
2022-04-19,분당선,대모산입구,4742,4468,9210,274,4,19,화
2022-04-19,분당선,개포동,4106,4192,8298,-86,4,19,화
2022-04-19,분당선,구룡,2522,2417,4939,105,4,19,화
2022-04-19,분당선,도곡,7158,7106,14264,52,4,19,화
2022-04-19,분당선,한티,14284,15361,29645,-1077,4,19,화
2022-04-19,분당선,선릉,13925,21118,35043,-7193,4,19,화
2022-04-19,과천선,범계,26626,26536,53162,90,4,19,화
2022-04-19,과천선,평촌,18894,18400,37294,494,4,19,화
2022-04-19,과천선,인덕원,25437,26210,51647,-773,4,19,화
2022-04-19,과천선,정부과천청사,11221,11104,22325,117,4,19,화
2022-04-19,과천선,과천,6660,6083,12743,577,4,19,화
2022-04-19,과천선,대공원,4140,4307,8447,-167,4,19,화
2022-04-19,과천선,경마공원,1654,1608,3262,46,4,19,화
2022-04-19,과천선,선바위,8795,7757,16552,1038,4,19,화
2022-04-19,공항철도 1호선,영종,3221,3184,6405,37,4,19,화
2022-04-19,공항철도 1호선,인천공항2터미널,2642,2346,4988,296,4,19,화
2022-04-19,공항철도 1호선,인천공항1터미널,4437,4615,9052,-178,4,19,화
2022-04-19,공항철도 1호선,공항화물청사,2388,2573,4961,-185,4,19,화
2022-04-19,공항철도 1호선,운서,7027,7067,14094,-40,4,19,화
2022-04-19,공항철도 1호선,청라국제도시,7149,6720,13869,429,4,19,화
2022-04-19,공항철도 1호선,검암,6668,6698,13366,-30,4,19,화
2022-04-19,공항철도 1호선,계양,11111,10421,21532,690,4,19,화
2022-04-19,공항철도 1호선,김포공항,11381,6258,17639,5123,4,19,화
2022-04-19,공항철도 1호선,마곡나루(서울식물원),9711,9500,19211,211,4,19,화
2022-04-19,공항철도 1호선,디지털미디어시티,14478,13601,28079,877,4,19,화
2022-04-19,공항철도 1호선,홍대입구,8545,8766,17311,-221,4,19,화
2022-04-19,공항철도 1호선,공덕,2313,3035,5348,-722,4,19,화
2022-04-19,공항철도 1호선,서울역,7426,6708,14134,718,4,19,화
2022-04-19,경춘선,춘천,1931,1754,3685,177,4,19,화
2022-04-19,경춘선,남춘천,2408,2474,4882,-66,4,19,화
2022-04-19,경춘선,김유정,379,394,773,-15,4,19,화
2022-04-19,경춘선,강촌,567,530,1097,37,4,19,화
2022-04-19,경춘선,백양리,114,129,243,-15,4,19,화
2022-04-19,경춘선,굴봉산,215,191,406,24,4,19,화
2022-04-19,경춘선,가평,1749,1716,3465,33,4,19,화
2022-04-19,경춘선,상천,402,401,803,1,4,19,화
2022-04-19,경춘선,청평,1812,1682,3494,130,4,19,화
2022-04-19,1호선,신설동,13882,13615,27497,267,4,19,화
2022-04-19,경춘선,대성리,634,599,1233,35,4,19,화
2022-04-19,경춘선,마석,4223,4293,8516,-70,4,19,화
2022-04-19,경춘선,천마산,1802,1711,3513,91,4,19,화
2022-04-19,경춘선,평내호평,6684,6565,13249,119,4,19,화
2022-04-19,경춘선,금곡,1718,1626,3344,92,4,19,화
2022-04-19,경춘선,사릉,2745,2655,5400,90,4,19,화
2022-04-19,경춘선,퇴계원,3800,3419,7219,381,4,19,화
2022-04-19,경춘선,별내,3359,3178,6537,181,4,19,화
2022-04-19,경춘선,갈매,3154,2785,5939,369,4,19,화
2022-04-19,경춘선,신내,2440,2354,4794,86,4,19,화
2022-04-19,경인선,도화,4480,4109,8589,371,4,19,화
2022-04-19,경인선,중동,10037,9348,19385,689,4,19,화
2022-04-19,경인선,온수(성공회대입구),7346,7119,14465,227,4,19,화
2022-04-19,경인선,도원,3450,3379,6829,71,4,19,화
2022-04-19,경인선,간석,6102,5492,11594,610,4,19,화
2022-04-19,경인선,부개,8994,8333,17327,661,4,19,화
2022-04-19,경인선,소사,9655,9293,18948,362,4,19,화
2022-04-19,경인선,구일,7243,7197,14440,46,4,19,화
2022-04-19,경인선,인천,4077,3278,7355,799,4,19,화
2022-04-19,경인선,동인천,14130,13359,27489,771,4,19,화
2022-04-19,경인선,제물포,11699,11151,22850,548,4,19,화
2022-04-19,경인선,주안,20064,18086,38150,1978,4,19,화
2022-04-19,경인선,동암,14864,14989,29853,-125,4,19,화
2022-04-19,경인선,백운,7340,7174,14514,166,4,19,화
2022-04-19,경인선,부평,28338,30268,58606,-1930,4,19,화
2022-04-19,경인선,송내,28743,28829,57572,-86,4,19,화
2022-04-19,경인선,부천,32940,32980,65920,-40,4,19,화
2022-04-19,경인선,역곡,29313,28715,58028,598,4,19,화
2022-04-19,경인선,오류동,12274,11319,23593,955,4,19,화
2022-04-19,경인선,개봉,22326,21660,43986,666,4,19,화
2022-04-19,경의선,임진강,14,12,26,2,4,19,화
2022-04-19,경의선,문산,5605,5561,11166,44,4,19,화
2022-04-19,경의선,파주,1764,1329,3093,435,4,19,화
2022-04-19,경의선,월롱,3161,2978,6139,183,4,19,화
2022-04-19,경의선,금촌,6422,6380,12802,42,4,19,화
2022-04-19,경의선,금릉,5174,4970,10144,204,4,19,화
2022-04-19,경의선,운정,7316,6848,14164,468,4,19,화
2022-04-19,경의선,야당,7862,7718,15580,144,4,19,화
2022-04-19,경의선,탄현,8110,7761,15871,349,4,19,화
2022-04-19,경의선,일산,10020,9863,19883,157,4,19,화
2022-04-19,경의선,풍산,5944,5489,11433,455,4,19,화
2022-04-19,경의선,백마,7255,6987,14242,268,4,19,화
2022-04-19,경의선,곡산,701,740,1441,-39,4,19,화
2022-04-19,경의선,능곡,4061,3800,7861,261,4,19,화
2022-04-19,경의선,행신,8093,8228,16321,-135,4,19,화
2022-04-19,경의선,강매,3534,3055,6589,479,4,19,화
2022-04-19,경의선,화전,3666,3408,7074,258,4,19,화
2022-04-19,경의선,수색,3113,3203,6316,-90,4,19,화
2022-04-19,경의선,디지털미디어시티,2767,2525,5292,242,4,19,화
2022-04-19,경의선,가좌,5719,5464,11183,255,4,19,화
2022-04-19,경의선,홍대입구,1584,1733,3317,-149,4,19,화
2022-04-19,경의선,서강대,2135,2131,4266,4,4,19,화
2022-04-19,경의선,공덕,3624,3272,6896,352,4,19,화
2022-04-19,경의선,효창공원앞,3163,3492,6655,-329,4,19,화
2022-04-19,경의선,신촌,909,1145,2054,-236,4,19,화
2022-04-19,4호선,신용산,15987,17215,33202,-1228,4,19,화
2022-04-19,4호선,삼각지,4876,5453,10329,-577,4,19,화
2022-04-19,4호선,숙대입구(갈월),14069,13617,27686,452,4,19,화
2022-04-19,4호선,서울역,11287,15627,26914,-4340,4,19,화
2022-04-19,4호선,회현(남대문시장),25618,27263,52881,-1645,4,19,화
2022-04-19,4호선,명동,19645,20136,39781,-491,4,19,화
2022-04-19,4호선,충무로,28266,29346,57612,-1080,4,19,화
2022-04-19,4호선,동대문역사문화공원(DDP),14035,13016,27051,1019,4,19,화
2022-04-19,4호선,동대문,20402,20810,41212,-408,4,19,화
2022-04-19,4호선,혜화,32464,32811,65275,-347,4,19,화
2022-04-19,4호선,한성대입구(삼선교),15067,14583,29650,484,4,19,화
2022-04-19,4호선,성신여대입구(돈암),20656,19678,40334,978,4,19,화
2022-04-19,4호선,길음,21783,21483,43266,300,4,19,화
2022-04-19,4호선,미아사거리,27839,27087,54926,752,4,19,화
2022-04-19,4호선,미아(서울사이버대학),15859,15181,31040,678,4,19,화
2022-04-19,4호선,수유(강북구청),33693,34031,67724,-338,4,19,화
2022-04-19,4호선,쌍문,29903,27437,57340,2466,4,19,화
2022-04-19,4호선,창동,25629,26602,52231,-973,4,19,화
2022-04-19,4호선,노원,18727,21034,39761,-2307,4,19,화
2022-04-19,4호선,상계,20173,18554,38727,1619,4,19,화
2022-04-19,4호선,당고개,9262,8298,17560,964,4,19,화
2022-04-19,3호선,오금,6561,6005,12566,556,4,19,화
2022-04-19,3호선,경찰병원,7463,7459,14922,4,4,19,화
2022-04-19,3호선,가락시장,9227,8945,18172,282,4,19,화
2022-04-19,3호선,수서,16925,17199,34124,-274,4,19,화
2022-04-19,3호선,일원,11150,10764,21914,386,4,19,화
2022-04-19,3호선,대청,10467,9550,20017,917,4,19,화
2022-04-19,3호선,학여울,1917,1948,3865,-31,4,19,화
2022-04-19,1호선,동대문,10904,10274,21178,630,4,19,화
2022-04-19,1호선,종로5가,22966,22983,45949,-17,4,19,화
2022-04-19,1호선,종로3가,24763,22355,47118,2408,4,19,화
2022-04-19,1호선,종각,34293,33761,68054,532,4,19,화
2022-04-19,우이신설선,보문,1569,1525,3094,44,4,19,화
2022-04-19,우이신설선,성신여대입구(돈암),3215,3454,6669,-239,4,19,화
2022-04-19,우이신설선,정릉,4866,4405,9271,461,4,19,화
2022-04-19,우이신설선,북한산보국문,6197,5785,11982,412,4,19,화
2022-04-19,우이신설선,솔샘,5978,5643,11621,335,4,19,화
2022-04-19,우이신설선,삼양사거리,2455,2544,4999,-89,4,19,화
2022-04-19,우이신설선,삼양,2132,2242,4374,-110,4,19,화
2022-04-19,우이신설선,화계,3510,3232,6742,278,4,19,화
2022-04-19,우이신설선,가오리,4325,4216,8541,109,4,19,화
2022-04-19,우이신설선,4.19민주묘지,3471,3351,6822,120,4,19,화
2022-04-19,우이신설선,솔밭공원,2579,2427,5006,152,4,19,화
2022-04-19,우이신설선,북한산우이,2905,2657,5562,248,4,19,화
2022-04-19,안산선,수리산,4868,4056,8924,812,4,19,화
2022-04-19,안산선,오이도,9100,8806,17906,294,4,19,화
2022-04-19,안산선,정왕,10677,10975,21652,-298,4,19,화
2022-04-19,안산선,신길온천,1871,1709,3580,162,4,19,화
2022-04-19,안산선,안산,12031,10740,22771,1291,4,19,화
2022-04-19,일산선,대화,13025,10240,23265,2785,4,19,화
2022-04-19,일산선,주엽,9351,9334,18685,17,4,19,화
2022-04-19,일산선,정발산,7285,7393,14678,-108,4,19,화
2022-04-19,일산선,마두,7766,7790,15556,-24,4,19,화
2022-04-19,일산선,백석,9954,9965,19919,-11,4,19,화
2022-04-19,일산선,대곡,2293,1775,4068,518,4,19,화
2022-04-19,일산선,화정,16996,17519,34515,-523,4,19,화
2022-04-19,일산선,원당,11803,11126,22929,677,4,19,화
2022-04-19,일산선,삼송,20614,19956,40570,658,4,19,화
2022-04-19,일산선,원흥,11150,10761,21911,389,4,19,화
2022-04-19,우이신설선,신설동,2289,2136,4425,153,4,19,화
2022-04-19,9호선,등촌,11627,11153,22780,474,4,19,화
2022-04-19,1호선,시청,22963,23441,46404,-478,4,19,화
2022-04-19,2호선,선릉,58455,52251,110706,6204,4,19,화
2022-04-19,1호선,서울역,41853,40525,82378,1328,4,19,화
2022-04-19,3호선,대치,11018,11169,22187,-151,4,19,화
2022-04-19,3호선,도곡,5594,5714,11308,-120,4,19,화
2022-04-19,3호선,매봉,12910,12303,25213,607,4,19,화
2022-04-19,3호선,양재(서초구청),39246,43016,82262,-3770,4,19,화
2022-04-19,경원선,녹천,4974,4087,9061,887,4,19,화
2022-04-19,경원선,방학,10128,10043,20171,85,4,19,화
2022-04-19,경원선,도봉,6266,5979,12245,287,4,19,화
2022-04-19,경원선,도봉산,8408,5693,14101,2715,4,19,화
2022-04-19,경원선,망월사,9635,9759,19394,-124,4,19,화
2022-04-19,경원선,회룡,13287,13330,26617,-43,4,19,화
2022-04-19,경원선,의정부,18504,19267,37771,-763,4,19,화
2022-04-19,경원선,가능,7335,7016,14351,319,4,19,화
2022-04-19,경원선,녹양,4785,4503,9288,282,4,19,화
2022-04-19,경원선,양주,8509,7892,16401,617,4,19,화
2022-04-19,경원선,덕계,3483,3167,6650,316,4,19,화
2022-04-19,경원선,덕정,6932,6651,13583,281,4,19,화
2022-04-19,경원선,지행,7014,7133,14147,-119,4,19,화
2022-04-19,경원선,동두천중앙,3336,3164,6500,172,4,19,화
2022-04-19,경원선,보산,1576,1437,3013,139,4,19,화
2022-04-19,경원선,동두천,2922,3194,6116,-272,4,19,화
2022-04-19,경원선,소요산,3269,2813,6082,456,4,19,화
2022-04-19,경의선,서울역,4516,5831,10347,-1315,4,19,화
2022-04-19,장항선,배방,1183,1168,2351,15,4,19,화
2022-04-19,2호선,잠실나루,15382,14971,30353,411,4,19,화
2022-04-19,3호선,남부터미널(예술의전당),28799,29586,58385,-787,4,19,화
2022-04-19,3호선,교대(법원.검찰청),15164,10056,25220,5108,4,19,화
2022-04-19,3호선,고속터미널,37686,36288,73974,1398,4,19,화
2022-04-19,3호선,잠원,4938,4871,9809,67,4,19,화
2022-04-19,3호선,신사,30340,31730,62070,-1390,4,19,화
2022-04-19,3호선,압구정,31525,33730,65255,-2205,4,19,화
2022-04-19,3호선,옥수,9005,9186,18191,-181,4,19,화
2022-04-19,3호선,금호,8081,7562,15643,519,4,19,화
2022-04-19,3호선,약수,13371,13092,26463,279,4,19,화
2022-04-19,3호선,동대입구,9218,10036,19254,-818,4,19,화
2022-04-19,3호선,충무로,2,0,2,2,4,19,화
2022-04-19,3호선,을지로3가,10542,10819,21361,-277,4,19,화
2022-04-19,3호선,종로3가,9969,11503,21472,-1534,4,19,화
2022-04-19,3호선,안국,21702,22623,44325,-921,4,19,화
2022-04-19,3호선,경복궁(정부서울청사),21902,21582,43484,320,4,19,화
2022-04-19,3호선,독립문,7188,7524,14712,-336,4,19,화
2022-04-19,3호선,무악재,3971,4158,8129,-187,4,19,화
2022-04-19,3호선,홍제,18179,17291,35470,888,4,19,화
2022-04-19,3호선,녹번,16542,14752,31294,1790,4,19,화
2022-04-19,3호선,불광,16679,17702,34381,-1023,4,19,화
2022-04-19,3호선,연신내,37247,35264,72511,1983,4,19,화
2022-04-19,3호선,구파발,21045,20016,41061,1029,4,19,화
2022-04-19,3호선,지축,5231,4906,10137,325,4,19,화
2022-04-19,2호선,용두(동대문구청),2426,2492,4918,-66,4,19,화
2022-04-19,2호선,신정네거리,10411,10787,21198,-376,4,19,화
2022-04-19,2호선,양천구청,6994,7181,14175,-187,4,19,화
2022-04-19,2호선,도림천,1493,1560,3053,-67,4,19,화
2022-04-19,2호선,신설동,3114,1690,4804,1424,4,19,화
2022-04-19,2호선,신답,1647,1879,3526,-232,4,19,화
2022-04-19,2호선,용답,3178,3344,6522,-166,4,19,화
2022-04-19,2호선,충정로(경기대입구),10235,10942,21177,-707,4,19,화
2022-04-19,2호선,아현,10876,10459,21335,417,4,19,화
2022-04-19,2호선,이대,13579,14141,27720,-562,4,19,화
2022-04-19,2호선,신촌,30790,31855,62645,-1065,4,19,화
2022-04-19,2호선,홍대입구,48324,50891,99215,-2567,4,19,화
2022-04-19,2호선,합정,29414,31058,60472,-1644,4,19,화
2022-04-19,2호선,당산,19741,22731,42472,-2990,4,19,화
2022-04-19,2호선,영등포구청,22717,23764,46481,-1047,4,19,화
2022-04-19,2호선,문래,22293,22788,45081,-495,4,19,화
2022-04-19,2호선,신도림,47267,47002,94269,265,4,19,화
2022-04-19,2호선,대림(구로구청),24357,24695,49052,-338,4,19,화
2022-04-19,2호선,구로디지털단지,59950,60205,120155,-255,4,19,화
2022-04-19,2호선,신대방,27527,26897,54424,630,4,19,화
2022-04-19,2호선,신림,63524,61282,124806,2242,4,19,화
2022-04-19,2호선,봉천,24202,22439,46641,1763,4,19,화
2022-04-19,2호선,서울대입구(관악구청),48123,47068,95191,1055,4,19,화
2022-04-19,2호선,낙성대(강감찬),27218,26989,54207,229,4,19,화
2022-04-19,2호선,사당,37564,41204,78768,-3640,4,19,화
2022-04-19,2호선,방배,19986,20886,40872,-900,4,19,화
2022-04-19,2호선,서초,22757,21312,44069,1445,4,19,화
2022-04-19,2호선,교대(법원.검찰청),35047,39924,74971,-4877,4,19,화
2022-04-19,2호선,강남,82201,81612,163813,589,4,19,화
2022-04-19,2호선,역삼,54050,61505,115555,-7455,4,19,화
2022-04-19,2호선,삼성(무역센터),50040,51206,101246,-1166,4,19,화
2022-04-19,2호선,종합운동장,9185,10089,19274,-904,4,19,화
2022-04-19,2호선,잠실새내,20895,20721,41616,174,4,19,화
2022-04-19,2호선,잠실(송파구청),66283,65401,131684,882,4,19,화
2022-04-19,2호선,강변(동서울터미널),29318,27259,56577,2059,4,19,화
2022-04-19,2호선,구의(광진구청),24016,23494,47510,522,4,19,화
2022-04-19,2호선,건대입구,32928,35536,68464,-2608,4,19,화
2022-04-19,2호선,성수,36931,40951,77882,-4020,4,19,화
2022-04-19,2호선,뚝섬,22415,24169,46584,-1754,4,19,화
2022-04-19,2호선,한양대,15290,16732,32022,-1442,4,19,화
2022-04-19,2호선,왕십리(성동구청),16268,12987,29255,3281,4,19,화
2022-04-19,2호선,상왕십리,14337,13855,28192,482,4,19,화
2022-04-19,2호선,신당,13846,14249,28095,-403,4,19,화
2022-04-19,2호선,동대문역사문화공원(DDP),11761,11376,23137,385,4,19,화
2022-04-19,2호선,을지로4가,13117,13373,26490,-256,4,19,화
2022-04-19,2호선,을지로3가,22612,22602,45214,10,4,19,화
2022-04-19,2호선,을지로입구,39103,40959,80062,-1856,4,19,화
2022-04-19,5호선,발산,20732,21306,42038,-574,4,19,화
2022-04-19,5호선,우장산,15228,14804,30032,424,4,19,화
2022-04-19,5호선,화곡,28910,27124,56034,1786,4,19,화
2022-04-19,5호선,까치산,29405,27810,57215,1595,4,19,화
2022-04-19,5호선,신정(은행정),14377,11666,26043,2711,4,19,화
2022-04-19,5호선,목동,17129,18335,35464,-1206,4,19,화
2022-04-19,5호선,오목교(목동운동장앞),21323,23005,44328,-1682,4,19,화
2022-04-19,5호선,양평,7774,7621,15395,153,4,19,화
2022-04-19,5호선,영등포구청,4236,4349,8585,-113,4,19,화
2022-04-19,5호선,영등포시장,10067,10271,20338,-204,4,19,화
2022-04-19,5호선,신길,4250,4526,8776,-276,4,19,화
2022-04-19,5호선,여의도,29184,31025,60209,-1841,4,19,화
2022-04-19,5호선,여의나루,12106,13350,25456,-1244,4,19,화
2022-04-19,5호선,마포,14893,15261,30154,-368,4,19,화
2022-04-19,5호선,공덕,14813,15654,30467,-841,4,19,화
2022-04-19,5호선,애오개,7171,7094,14265,77,4,19,화
2022-04-19,5호선,충정로(경기대입구),5059,5161,10220,-102,4,19,화
2022-04-19,5호선,서대문,20699,20952,41651,-253,4,19,화
2022-04-19,5호선,광화문(세종문화회관),29839,31640,61479,-1801,4,19,화
2022-04-19,5호선,종로3가,11880,11983,23863,-103,4,19,화
2022-04-19,5호선,을지로4가,6464,6431,12895,33,4,19,화
2022-04-19,5호선,동대문역사문화공원(DDP),2953,3410,6363,-457,4,19,화
2022-04-19,5호선,청구,4148,3624,7772,524,4,19,화
2022-04-19,5호선,신금호,6790,7042,13832,-252,4,19,화
2022-04-19,5호선,행당,8248,7391,15639,857,4,19,화
2022-04-19,5호선,왕십리(성동구청),4517,5171,9688,-654,4,19,화
2022-04-19,5호선,마장,5832,5559,11391,273,4,19,화
2022-04-19,5호선,답십리,16079,14663,30742,1416,4,19,화
2022-04-19,5호선,장한평,18695,18456,37151,239,4,19,화
2022-04-19,5호선,군자(능동),11241,12319,23560,-1078,4,19,화
2022-04-19,5호선,아차산(어린이대공원후문),15325,14931,30256,394,4,19,화
2022-04-19,5호선,광나루(장신대),13667,12380,26047,1287,4,19,화
2022-04-19,5호선,천호(풍납토성),17964,18036,36000,-72,4,19,화
2022-04-19,5호선,강동,19146,18253,37399,893,4,19,화
2022-04-19,5호선,길동,8015,8224,16239,-209,4,19,화
2022-04-19,5호선,굽은다리(강동구민회관앞),9471,8893,18364,578,4,19,화
2022-04-19,5호선,명일,8952,9236,18188,-284,4,19,화
2022-04-19,5호선,고덕,9945,9946,19891,-1,4,19,화
2022-04-19,5호선,상일동,15382,14199,29581,1183,4,19,화
2022-04-19,5호선,둔촌동,8467,8553,17020,-86,4,19,화
2022-04-19,5호선,올림픽공원(한국체대),4550,3877,8427,673,4,19,화
2022-04-19,5호선,방이,7071,7457,14528,-386,4,19,화
2022-04-19,5호선,오금,3950,4016,7966,-66,4,19,화
2022-04-19,5호선,개롱,6637,6913,13550,-276,4,19,화
2022-04-19,5호선,거여,10715,10070,20785,645,4,19,화
2022-04-19,5호선,마천,7669,7399,15068,270,4,19,화
2022-04-19,5호선,강일,4288,3957,8245,331,4,19,화
2022-04-19,5호선,미사,16353,16118,32471,235,4,19,화
2022-04-19,5호선,하남풍산,4428,4364,8792,64,4,19,화
2022-04-19,5호선,하남시청(덕풍·신장),7292,7110,14402,182,4,19,화
2022-04-19,5호선,하남검단산,5726,5544,11270,182,4,19,화
2022-04-19,6호선,응암,17929,17733,35662,196,4,19,화
2022-04-19,6호선,역촌,3765,4388,8153,-623,4,19,화
2022-04-19,6호선,불광,4143,4181,8324,-38,4,19,화
2022-04-19,6호선,독바위,2793,2960,5753,-167,4,19,화
2022-04-19,6호선,연신내,3,0,3,3,4,19,화
2022-04-19,6호선,구산,7853,5894,13747,1959,4,19,화
2022-04-19,6호선,새절(신사),13832,12657,26489,1175,4,19,화
2022-04-19,6호선,증산(명지대앞),10362,10347,20709,15,4,19,화
2022-04-19,6호선,디지털미디어시티,14461,15725,30186,-1264,4,19,화
2022-04-19,6호선,월드컵경기장(성산),4448,4644,9092,-196,4,19,화
2022-04-19,6호선,마포구청,14459,12924,27383,1535,4,19,화
2022-04-19,6호선,망원,13570,14359,27929,-789,4,19,화
2022-04-19,6호선,합정,12539,12452,24991,87,4,19,화
2022-04-19,6호선,상수,8366,9425,17791,-1059,4,19,화
2022-04-19,6호선,광흥창(서강),9394,9090,18484,304,4,19,화
2022-04-19,6호선,대흥(서강대앞),8614,8812,17426,-198,4,19,화
2022-04-19,6호선,공덕,18849,18466,37315,383,4,19,화
2022-04-19,6호선,효창공원앞,7484,6879,14363,605,4,19,화
2022-04-19,6호선,삼각지,6443,5743,12186,700,4,19,화
2022-04-19,6호선,녹사평(용산구청),4648,4647,9295,1,4,19,화
2022-04-19,6호선,이태원,9300,9531,18831,-231,4,19,화
2022-04-19,6호선,한강진,7213,8330,15543,-1117,4,19,화
2022-04-19,6호선,버티고개,2187,2125,4312,62,4,19,화
2022-04-19,6호선,약수,3631,3483,7114,148,4,19,화
2022-04-19,6호선,청구,3799,4075,7874,-276,4,19,화
2022-04-19,6호선,신당,8522,8913,17435,-391,4,19,화
2022-04-19,6호선,동묘앞,7580,7915,15495,-335,4,19,화
2022-04-19,6호선,창신,3797,3191,6988,606,4,19,화
2022-04-19,6호선,보문,7339,6712,14051,627,4,19,화
2022-04-19,6호선,안암(고대병원앞),13357,13654,27011,-297,4,19,화
2022-04-19,6호선,고려대(종암),8856,8603,17459,253,4,19,화
2022-04-19,6호선,월곡(동덕여대),12583,12188,24771,395,4,19,화
2022-04-19,6호선,상월곡(한국과학기술연구원),6618,6046,12664,572,4,19,화
2022-04-19,6호선,돌곶이,9626,8977,18603,649,4,19,화
2022-04-19,6호선,석계,12807,13625,26432,-818,4,19,화
2022-04-19,6호선,태릉입구,5750,6266,12016,-516,4,19,화
2022-04-19,6호선,화랑대(서울여대입구),12984,10090,23074,2894,4,19,화
2022-04-19,6호선,봉화산(서울의료원),9259,8668,17927,591,4,19,화
2022-04-19,6호선,신내,1,0,1,1,4,19,화
2022-04-19,7호선,장암,2349,898,3247,1451,4,19,화
2022-04-19,7호선,도봉산,9968,11510,21478,-1542,4,19,화
2022-04-19,7호선,수락산,12973,12642,25615,331,4,19,화
2022-04-19,7호선,마들,13028,12451,25479,577,4,19,화
2022-04-19,7호선,노원,19321,20256,39577,-935,4,19,화
2022-04-19,7호선,중계,15386,14182,29568,1204,4,19,화
2022-04-19,7호선,하계,18483,17234,35717,1249,4,19,화
2022-04-19,7호선,공릉(서울과학기술대),13357,13063,26420,294,4,19,화
2022-04-19,7호선,태릉입구,9228,8835,18063,393,4,19,화
2022-04-19,7호선,먹골,10317,10106,20423,211,4,19,화
2022-04-19,7호선,중화,11151,10870,22021,281,4,19,화
2022-04-19,7호선,상봉(시외버스터미널),16921,15874,32795,1047,4,19,화
2022-04-19,7호선,면목,16985,16479,33464,506,4,19,화
2022-04-19,7호선,사가정,16576,16724,33300,-148,4,19,화
2022-04-19,7호선,용마산(용마폭포공원),6396,6115,12511,281,4,19,화
2022-04-19,7호선,중곡,11391,10478,21869,913,4,19,화
2022-04-19,7호선,군자(능동),15239,12295,27534,2944,4,19,화
2022-04-19,7호선,어린이대공원(세종대),14347,14694,29041,-347,4,19,화
2022-04-19,7호선,건대입구,12429,12960,25389,-531,4,19,화
2022-04-19,7호선,뚝섬유원지,9342,9115,18457,227,4,19,화
2022-04-19,7호선,청담,19850,22440,42290,-2590,4,19,화
2022-04-19,7호선,강남구청,16638,18548,35186,-1910,4,19,화
2022-04-19,7호선,학동,25023,26770,51793,-1747,4,19,화
2022-04-19,7호선,논현,20903,22602,43505,-1699,4,19,화
2022-04-19,7호선,반포,5986,5737,11723,249,4,19,화
2022-04-19,7호선,고속터미널,14879,13087,27966,1792,4,19,화
2022-04-19,7호선,내방,14900,15312,30212,-412,4,19,화
2022-04-19,7호선,이수,15752,15315,31067,437,4,19,화
2022-04-19,7호선,남성,11546,10647,22193,899,4,19,화
2022-04-19,7호선,숭실대입구(살피재),15254,15582,30836,-328,4,19,화
2022-04-19,7호선,상도,11481,11163,22644,318,4,19,화
2022-04-19,7호선,장승배기,9098,8710,17808,388,4,19,화
2022-04-19,7호선,신대방삼거리,17147,16395,33542,752,4,19,화
2022-04-19,7호선,보라매,10498,10525,21023,-27,4,19,화
2022-04-19,7호선,신풍,11894,11333,23227,561,4,19,화
2022-04-19,7호선,대림(구로구청),7656,7771,15427,-115,4,19,화
2022-04-19,7호선,남구로,16275,17137,33412,-862,4,19,화
2022-04-19,7호선,가산디지털단지,46573,46979,93552,-406,4,19,화
2022-04-19,7호선,철산,21349,21899,43248,-550,4,19,화
2022-04-19,7호선,광명사거리,22520,22261,44781,259,4,19,화
2022-04-19,7호선,천왕,11966,11378,23344,588,4,19,화
2022-04-19,7호선,온수(성공회대입구),11508,10800,22308,708,4,19,화
2022-04-19,8호선,암사,19585,17279,36864,2306,4,19,화
2022-04-19,8호선,천호(풍납토성),14866,17066,31932,-2200,4,19,화
2022-04-19,8호선,강동구청,10524,10867,21391,-343,4,19,화
2022-04-19,8호선,몽촌토성(평화의문),6376,6415,12791,-39,4,19,화
2022-04-19,8호선,잠실(송파구청),13418,15969,29387,-2551,4,19,화
2022-04-19,8호선,석촌,7856,8899,16755,-1043,4,19,화
2022-04-19,8호선,송파,8492,8230,16722,262,4,19,화
2022-04-19,8호선,가락시장,7833,8713,16546,-880,4,19,화
2022-04-19,8호선,문정,22645,23841,46486,-1196,4,19,화
2022-04-19,8호선,장지,17679,16824,34503,855,4,19,화
2022-04-19,8호선,복정,10624,8937,19561,1687,4,19,화
2022-04-19,8호선,산성,5775,5806,11581,-31,4,19,화
2022-04-19,8호선,남한산성입구(성남법원.검찰청),16496,15209,31705,1287,4,19,화
2022-04-19,8호선,단대오거리,11747,11053,22800,694,4,19,화
2022-04-19,8호선,신흥,4177,4426,8603,-249,4,19,화
2022-04-19,8호선,수진,5557,5110,10667,447,4,19,화
2022-04-19,8호선,모란,6778,5494,12272,1284,4,19,화
2022-04-19,8호선,남위례,5186,5297,10483,-111,4,19,화
2022-04-19,9호선,개화,2552,1850,4402,702,4,19,화
2022-04-19,9호선,김포공항,7185,10555,17740,-3370,4,19,화
2022-04-19,9호선,공항시장,2993,3227,6220,-234,4,19,화
2022-04-19,9호선,신방화,7042,6667,13709,375,4,19,화
2022-04-19,9호선,마곡나루(서울식물원),12689,12533,25222,156,4,19,화
2022-04-19,9호선,양천향교,10234,10398,20632,-164,4,19,화
2022-04-19,9호선,가양,21236,20566,41802,670,4,19,화
2022-04-19,9호선,증미,7369,7167,14536,202,4,19,화
2022-04-19,9호선,염창,17887,17127,35014,760,4,19,화
2022-04-19,9호선,신목동,4284,3770,8054,514,4,19,화
2022-04-19,9호선,선유도,8920,8464,17384,456,4,19,화
2022-04-19,9호선,당산,18745,18490,37235,255,4,19,화
2022-04-19,9호선,국회의사당,16061,17006,33067,-945,4,19,화
2022-04-19,9호선,여의도,28378,27939,56317,439,4,19,화
2022-04-19,9호선,샛강,6239,6560,12799,-321,4,19,화
2022-04-19,9호선,노량진,26032,25235,51267,797,4,19,화
2022-04-19,9호선,노들,4627,3850,8477,777,4,19,화
2022-04-19,9호선,흑석(중앙대입구),9024,9264,18288,-240,4,19,화
2022-04-19,9호선,동작(현충원),2086,1738,3824,348,4,19,화
2022-04-19,9호선,구반포,1367,1424,2791,-57,4,19,화
2022-04-19,9호선,신반포,3522,3465,6987,57,4,19,화
2022-04-19,9호선,고속터미널,11977,14332,26309,-2355,4,19,화
2022-04-19,9호선,사평,3498,3462,6960,36,4,19,화
2022-04-19,9호선,신논현,30873,30787,61660,86,4,19,화
2022-04-19,9호선2~3단계,언주,10613,10986,21599,-373,4,19,화
2022-04-19,9호선2~3단계,선정릉,9972,11012,20984,-1040,4,19,화
2022-04-19,9호선2~3단계,삼성중앙,6898,7400,14298,-502,4,19,화
2022-04-19,9호선2~3단계,봉은사,15935,16106,32041,-171,4,19,화
2022-04-19,9호선2~3단계,종합운동장,4087,4312,8399,-225,4,19,화
2022-04-19,9호선2~3단계,삼전,6861,6670,13531,191,4,19,화
2022-04-19,9호선2~3단계,석촌고분,6049,6023,12072,26,4,19,화
2022-04-19,9호선2~3단계,석촌,8625,7532,16157,1093,4,19,화
2022-04-19,9호선2~3단계,송파나루,4928,5233,10161,-305,4,19,화
2022-04-19,9호선2~3단계,한성백제,2556,2323,4879,233,4,19,화
2022-04-19,9호선2~3단계,올림픽공원(한국체대),6109,6114,12223,-5,4,19,화
2022-04-19,9호선2~3단계,둔촌오륜,1212,1054,2266,158,4,19,화
2022-04-19,9호선2~3단계,중앙보훈병원,11407,10099,21506,1308,4,19,화
2022-04-19,경강선,판교,4831,4812,9643,19,4,19,화
2022-04-19,경강선,이매,1199,1042,2241,157,4,19,화
2022-04-19,경강선,삼동,2522,2372,4894,150,4,19,화
2022-04-19,경강선,경기광주,8085,7577,15662,508,4,19,화
2022-04-19,경강선,초월,3348,3188,6536,160,4,19,화
2022-04-19,경강선,곤지암,2408,2414,4822,-6,4,19,화
2022-04-19,경강선,신둔도예촌,1715,1582,3297,133,4,19,화
2022-04-19,경강선,이천,2642,2694,5336,-52,4,19,화
2022-04-19,경강선,부발,2128,2107,4235,21,4,19,화
2022-04-19,경강선,세종대왕릉,328,324,652,4,4,19,화
2022-04-19,경강선,여주,2483,2507,4990,-24,4,19,화
2022-04-19,경부선,서울역,5335,1698,7033,3637,4,19,화
2022-04-19,경부선,남영,9676,10319,19995,-643,4,19,화
2022-04-19,경부선,용산,29942,30481,60423,-539,4,19,화
2022-04-19,경부선,노량진,8144,8421,16565,-277,4,19,화
2022-04-19,경부선,대방,13333,13688,27021,-355,4,19,화
2022-04-19,경부선,영등포,35793,37062,72855,-1269,4,19,화
2022-04-19,경부선,신도림,4272,4294,8566,-22,4,19,화
2022-04-19,경부선,신길,9362,7909,17271,1453,4,19,화
2022-04-19,경부선,구로,18564,19160,37724,-596,4,19,화
2022-04-19,경부선,가산디지털단지,19330,22301,41631,-2971,4,19,화
2022-04-19,경부선,금천구청,12326,12098,24424,228,4,19,화
2022-04-19,경부선,석수,10238,9284,19522,954,4,19,화
2022-04-19,경부선,관악,7558,6963,14521,595,4,19,화
2022-04-19,경부선,안양,26858,26586,53444,272,4,19,화
2022-04-19,경부선,명학,11251,10981,22232,270,4,19,화
2022-04-19,경부선,금정,27755,28306,56061,-551,4,19,화
2022-04-19,경부선,군포,8190,8121,16311,69,4,19,화
2022-04-19,경부선,의왕,9795,9826,19621,-31,4,19,화
2022-04-19,경부선,성균관대,16079,15933,32012,146,4,19,화
2022-04-19,경부선,화서,8729,8286,17015,443,4,19,화
2022-04-19,경부선,수원,34914,37015,71929,-2101,4,19,화
2022-04-19,경부선,독산,19290,20058,39348,-768,4,19,화
2022-04-19,경부선,세류,3113,2782,5895,331,4,19,화
2022-04-19,경부선,병점,15404,15456,30860,-52,4,19,화
2022-04-19,경부선,세마,3034,2867,5901,167,4,19,화
2022-04-19,경부선,오산대,4552,4264,8816,288,4,19,화
2022-04-19,경부선,오산,10487,10526,21013,-39,4,19,화
2022-04-19,경부선,진위,1819,1583,3402,236,4,19,화
2022-04-19,경부선,송탄,4546,4230,8776,316,4,19,화
2022-04-19,경부선,서정리,7712,7307,15019,405,4,19,화
2022-04-19,경부선,평택지제,3582,3490,7072,92,4,19,화
2022-04-19,경부선,평택,12946,13047,25993,-101,4,19,화
2022-04-19,경부선,성환,6486,6344,12830,142,4,19,화
2022-04-19,경부선,직산,940,871,1811,69,4,19,화
2022-04-19,경부선,두정,7557,8340,15897,-783,4,19,화
2022-04-19,경부선,천안,6995,6695,13690,300,4,19,화
2022-04-19,경부선,당정,6879,6394,13273,485,4,19,화
2022-04-19,경부선,서동탄,1475,1225,2700,250,4,19,화
2022-04-19,경부선,광명,3268,2840,6108,428,4,19,화
2022-04-19,경원선,이촌(국립중앙박물관),3758,2968,6726,790,4,19,화
2022-04-19,경원선,서빙고,2082,1955,4037,127,4,19,화
2022-04-19,경원선,한남,4186,3974,8160,212,4,19,화
2022-04-19,경원선,옥수,54,38,92,16,4,19,화
2022-04-19,경원선,응봉,2094,1747,3841,347,4,19,화
2022-04-19,경원선,왕십리(성동구청),13678,14963,28641,-1285,4,19,화
2022-04-19,경원선,청량리(서울시립대입구),14474,15391,29865,-917,4,19,화
2022-04-19,경원선,외대앞,8338,8333,16671,5,4,19,화
2022-04-19,경원선,신이문,8675,8116,16791,559,4,19,화
2022-04-19,경원선,석계,8729,9633,18362,-904,4,19,화
2022-04-19,경원선,광운대,8958,8884,17842,74,4,19,화
2022-04-20,수인선,인천논현,5886,6312,12198,-426,4,20,수
2022-04-20,7호선,청담,20087,22780,42867,-2693,4,20,수
2022-04-20,중앙선,국수,902,894,1796,8,4,20,수
2022-04-20,중앙선,아신,557,573,1130,-16,4,20,수
2022-04-20,중앙선,오빈,343,349,692,-6,4,20,수
2022-04-20,중앙선,양평,2956,2976,5932,-20,4,20,수
2022-04-20,중앙선,원덕,470,451,921,19,4,20,수
2022-04-20,중앙선,용문,4395,4309,8704,86,4,20,수
2022-04-20,중앙선,지평,84,97,181,-13,4,20,수
2022-04-20,장항선,봉명,1339,1310,2649,29,4,20,수
2022-04-20,장항선,쌍용(나사렛대),3125,2856,5981,269,4,20,수
2022-04-20,장항선,아산,3604,3182,6786,422,4,20,수
2022-04-20,장항선,탕정,848,712,1560,136,4,20,수
2022-04-20,장항선,배방,1121,1112,2233,9,4,20,수
2022-04-20,장항선,온양온천,3731,3882,7613,-151,4,20,수
2022-04-20,장항선,신창(순천향대),2870,2624,5494,246,4,20,수
2022-04-20,중앙선,회기,25068,24368,49436,700,4,20,수
2022-04-20,중앙선,중랑,5903,5491,11394,412,4,20,수
2022-04-20,중앙선,상봉(시외버스터미널),5976,5888,11864,88,4,20,수
2022-04-20,중앙선,망우,8252,8041,16293,211,4,20,수
2022-04-20,중앙선,양원,3323,3066,6389,257,4,20,수
2022-04-20,중앙선,구리,13804,14052,27856,-248,4,20,수
2022-04-20,중앙선,도농,11288,10173,21461,1115,4,20,수
2022-04-20,중앙선,양정,830,706,1536,124,4,20,수
2022-04-20,중앙선,덕소,5801,6008,11809,-207,4,20,수
2022-04-20,중앙선,도심,2627,2089,4716,538,4,20,수
2022-04-20,중앙선,팔당,1044,1044,2088,0,4,20,수
2022-04-20,중앙선,운길산,995,977,1972,18,4,20,수
2022-04-20,중앙선,양수,2145,2111,4256,34,4,20,수
2022-04-20,중앙선,신원,292,267,559,25,4,20,수
2022-04-20,3호선,지축,5221,4901,10122,320,4,20,수
2022-04-20,7호선,면목,17130,16510,33640,620,4,20,수
2022-04-20,1호선,서울역,42565,41248,83813,1317,4,20,수
2022-04-20,1호선,시청,23391,23265,46656,126,4,20,수
2022-04-20,1호선,종각,34907,34433,69340,474,4,20,수
2022-04-20,1호선,종로3가,25294,23016,48310,2278,4,20,수
2022-04-20,1호선,종로5가,22874,22938,45812,-64,4,20,수
2022-04-20,1호선,동대문,11231,10600,21831,631,4,20,수
2022-04-20,1호선,신설동,14105,13841,27946,264,4,20,수
2022-04-20,1호선,제기동,17771,18134,35905,-363,4,20,수
2022-04-20,1호선,청량리(서울시립대입구),20517,20034,40551,483,4,20,수
2022-04-20,1호선,동묘앞,8450,8748,17198,-298,4,20,수
2022-04-20,2호선,시청,24109,23778,47887,331,4,20,수
2022-04-20,2호선,을지로입구,39235,41458,80693,-2223,4,20,수
2022-04-20,2호선,을지로3가,22936,23281,46217,-345,4,20,수
2022-04-20,2호선,을지로4가,13136,13396,26532,-260,4,20,수
2022-04-20,2호선,동대문역사문화공원(DDP),12043,12003,24046,40,4,20,수
2022-04-20,2호선,신당,14588,15092,29680,-504,4,20,수
2022-04-20,2호선,상왕십리,14576,14166,28742,410,4,20,수
2022-04-20,2호선,왕십리(성동구청),16864,13654,30518,3210,4,20,수
2022-04-20,2호선,한양대,13935,15305,29240,-1370,4,20,수
2022-04-20,2호선,뚝섬,22797,24580,47377,-1783,4,20,수
2022-04-20,2호선,성수,37431,41178,78609,-3747,4,20,수
2022-04-20,2호선,건대입구,33958,36626,70584,-2668,4,20,수
2022-04-20,2호선,구의(광진구청),24092,23374,47466,718,4,20,수
2022-04-20,2호선,강변(동서울터미널),29461,27431,56892,2030,4,20,수
2022-04-20,2호선,잠실나루,15268,14747,30015,521,4,20,수
2022-04-20,2호선,잠실(송파구청),67986,65927,133913,2059,4,20,수
2022-04-20,2호선,잠실새내,21247,21741,42988,-494,4,20,수
2022-04-20,2호선,종합운동장,10217,11588,21805,-1371,4,20,수
2022-04-20,2호선,삼성(무역센터),53398,54647,108045,-1249,4,20,수
2022-04-20,2호선,선릉,58841,52629,111470,6212,4,20,수
2022-04-20,2호선,역삼,53518,61666,115184,-8148,4,20,수
2022-04-20,2호선,강남,81919,81775,163694,144,4,20,수
2022-04-20,2호선,교대(법원.검찰청),35386,40272,75658,-4886,4,20,수
2022-04-20,2호선,서초,23141,21768,44909,1373,4,20,수
2022-04-20,2호선,방배,19699,20529,40228,-830,4,20,수
2022-04-20,2호선,사당,37600,42060,79660,-4460,4,20,수
2022-04-20,2호선,낙성대(강감찬),27939,27137,55076,802,4,20,수
2022-04-20,2호선,서울대입구(관악구청),48218,47036,95254,1182,4,20,수
2022-04-20,2호선,봉천,24516,22987,47503,1529,4,20,수
2022-04-20,2호선,신림,64679,62511,127190,2168,4,20,수
2022-04-20,2호선,신대방,27618,26900,54518,718,4,20,수
2022-04-20,2호선,구로디지털단지,60592,60955,121547,-363,4,20,수
2022-04-20,2호선,대림(구로구청),24722,25299,50021,-577,4,20,수
2022-04-20,2호선,신도림,48358,48044,96402,314,4,20,수
2022-04-20,2호선,문래,22554,23203,45757,-649,4,20,수
2022-04-20,2호선,영등포구청,22872,23698,46570,-826,4,20,수
2022-04-20,2호선,당산,19950,23170,43120,-3220,4,20,수
2022-04-20,2호선,합정,30381,31728,62109,-1347,4,20,수
2022-04-20,2호선,홍대입구,49164,52251,101415,-3087,4,20,수
2022-04-20,2호선,신촌,31037,31689,62726,-652,4,20,수
2022-04-20,2호선,이대,13330,13959,27289,-629,4,20,수
2022-04-20,2호선,아현,10945,10302,21247,643,4,20,수
2022-04-20,2호선,충정로(경기대입구),10421,11479,21900,-1058,4,20,수
2022-04-20,2호선,용답,3038,3045,6083,-7,4,20,수
2022-04-20,2호선,신답,1706,1920,3626,-214,4,20,수
2022-04-20,2호선,신설동,3327,1772,5099,1555,4,20,수
2022-04-20,2호선,도림천,1417,1476,2893,-59,4,20,수
2022-04-20,2호선,양천구청,7061,7214,14275,-153,4,20,수
2022-04-20,2호선,신정네거리,10559,10984,21543,-425,4,20,수
2022-04-20,2호선,용두(동대문구청),2365,2391,4756,-26,4,20,수
2022-04-20,3호선,구파발,20957,20100,41057,857,4,20,수
2022-04-20,3호선,연신내,37495,35111,72606,2384,4,20,수
2022-04-20,3호선,불광,16977,18242,35219,-1265,4,20,수
2022-04-20,3호선,녹번,16485,14708,31193,1777,4,20,수
2022-04-20,3호선,홍제,18549,17571,36120,978,4,20,수
2022-04-20,3호선,무악재,4010,4060,8070,-50,4,20,수
2022-04-20,3호선,독립문,7139,7584,14723,-445,4,20,수
2022-04-20,3호선,경복궁(정부서울청사),22135,21778,43913,357,4,20,수
2022-04-20,3호선,안국,22025,23058,45083,-1033,4,20,수
2022-04-20,3호선,종로3가,10084,11566,21650,-1482,4,20,수
2022-04-20,3호선,을지로3가,10835,11162,21997,-327,4,20,수
2022-04-20,3호선,동대입구,9062,9979,19041,-917,4,20,수
2022-04-20,3호선,약수,13332,12992,26324,340,4,20,수
2022-04-20,3호선,금호,8237,7658,15895,579,4,20,수
2022-04-20,3호선,옥수,9023,9341,18364,-318,4,20,수
2022-04-20,3호선,압구정,31405,33485,64890,-2080,4,20,수
2022-04-20,3호선,신사,29692,31401,61093,-1709,4,20,수
2022-04-20,3호선,잠원,5074,4927,10001,147,4,20,수
2022-04-20,3호선,고속터미널,37711,36176,73887,1535,4,20,수
2022-04-20,3호선,교대(법원.검찰청),15516,10048,25564,5468,4,20,수
2022-04-20,3호선,남부터미널(예술의전당),28770,29637,58407,-867,4,20,수
2022-04-20,3호선,양재(서초구청),39405,43202,82607,-3797,4,20,수
2022-04-20,3호선,매봉,12855,12291,25146,564,4,20,수
2022-04-20,3호선,도곡,5520,5558,11078,-38,4,20,수
2022-04-20,3호선,대치,10663,11012,21675,-349,4,20,수
2022-04-20,3호선,학여울,1935,1943,3878,-8,4,20,수
2022-04-20,3호선,대청,10438,9612,20050,826,4,20,수
2022-04-20,3호선,일원,10910,10416,21326,494,4,20,수
2022-04-20,3호선,수서,16982,17320,34302,-338,4,20,수
2022-04-20,3호선,가락시장,9124,9103,18227,21,4,20,수
2022-04-20,3호선,경찰병원,7425,7375,14800,50,4,20,수
2022-04-20,3호선,오금,6439,5828,12267,611,4,20,수
2022-04-20,4호선,당고개,9229,8220,17449,1009,4,20,수
2022-04-20,4호선,상계,20264,18536,38800,1728,4,20,수
2022-04-20,4호선,노원,18631,20894,39525,-2263,4,20,수
2022-04-20,4호선,창동,25922,26832,52754,-910,4,20,수
2022-04-20,4호선,쌍문,30139,27460,57599,2679,4,20,수
2022-04-20,4호선,수유(강북구청),34506,34603,69109,-97,4,20,수
2022-04-20,4호선,미아(서울사이버대학),15856,15232,31088,624,4,20,수
2022-04-20,4호선,미아사거리,27989,27057,55046,932,4,20,수
2022-04-20,4호선,길음,22070,21732,43802,338,4,20,수
2022-04-20,4호선,성신여대입구(돈암),20665,19856,40521,809,4,20,수
2022-04-20,4호선,한성대입구(삼선교),14277,13814,28091,463,4,20,수
2022-04-20,4호선,혜화,33258,33875,67133,-617,4,20,수
2022-04-20,4호선,동대문,20158,20692,40850,-534,4,20,수
2022-04-20,4호선,동대문역사문화공원(DDP),14487,13365,27852,1122,4,20,수
2022-04-20,4호선,충무로,28532,29245,57777,-713,4,20,수
2022-04-20,4호선,명동,19645,20047,39692,-402,4,20,수
2022-04-20,4호선,회현(남대문시장),25348,27173,52521,-1825,4,20,수
2022-04-20,4호선,서울역,11526,16413,27939,-4887,4,20,수
2022-04-20,4호선,숙대입구(갈월),14491,14081,28572,410,4,20,수
2022-04-20,4호선,삼각지,4964,5595,10559,-631,4,20,수
2022-04-20,4호선,신용산,16297,17167,33464,-870,4,20,수
2022-04-20,4호선,이촌(국립중앙박물관),7457,8243,15700,-786,4,20,수
2022-04-20,4호선,동작(현충원),1623,1846,3469,-223,4,20,수
2022-04-20,4호선,총신대입구(이수),19583,21011,40594,-1428,4,20,수
2022-04-20,4호선,사당,25747,21601,47348,4146,4,20,수
2022-04-20,4호선,남태령,1298,1079,2377,219,4,20,수
2022-04-20,5호선,방화,6947,6565,13512,382,4,20,수
2022-04-20,5호선,개화산,5877,5613,11490,264,4,20,수
2022-04-20,5호선,김포공항,6694,6973,13667,-279,4,20,수
2022-04-20,5호선,송정,6805,6496,13301,309,4,20,수
2022-04-20,5호선,마곡,10927,11022,21949,-95,4,20,수
2022-04-20,5호선,발산,22225,22855,45080,-630,4,20,수
2022-04-20,5호선,우장산,15180,14702,29882,478,4,20,수
2022-04-20,5호선,화곡,29340,26982,56322,2358,4,20,수
2022-04-20,5호선,까치산,29782,28330,58112,1452,4,20,수
2022-04-20,5호선,신정(은행정),14440,11663,26103,2777,4,20,수
2022-04-20,5호선,목동,17214,18562,35776,-1348,4,20,수
2022-04-20,5호선,오목교(목동운동장앞),21420,22996,44416,-1576,4,20,수
2022-04-20,5호선,양평,7721,7713,15434,8,4,20,수
2022-04-20,5호선,영등포구청,4156,4285,8441,-129,4,20,수
2022-04-20,5호선,영등포시장,10311,10494,20805,-183,4,20,수
2022-04-20,5호선,신길,4312,4584,8896,-272,4,20,수
2022-04-20,5호선,여의도,30483,31575,62058,-1092,4,20,수
2022-04-20,5호선,여의나루,12832,13623,26455,-791,4,20,수
2022-04-20,5호선,마포,14900,15301,30201,-401,4,20,수
2022-04-20,5호선,공덕,14581,15600,30181,-1019,4,20,수
2022-04-20,5호선,애오개,7080,7155,14235,-75,4,20,수
2022-04-20,5호선,충정로(경기대입구),4955,5294,10249,-339,4,20,수
2022-04-20,5호선,서대문,20352,20800,41152,-448,4,20,수
2022-04-20,5호선,광화문(세종문화회관),30455,32440,62895,-1985,4,20,수
2022-04-20,5호선,종로3가,12246,12359,24605,-113,4,20,수
2022-04-20,5호선,을지로4가,6459,6472,12931,-13,4,20,수
2022-04-20,5호선,동대문역사문화공원(DDP),2851,3429,6280,-578,4,20,수
2022-04-20,5호선,청구,4161,3796,7957,365,4,20,수
2022-04-20,5호선,신금호,6867,7041,13908,-174,4,20,수
2022-04-20,5호선,행당,8419,7425,15844,994,4,20,수
2022-04-20,5호선,왕십리(성동구청),4865,5367,10232,-502,4,20,수
2022-04-20,5호선,마장,5867,5561,11428,306,4,20,수
2022-04-20,5호선,답십리,16329,14919,31248,1410,4,20,수
2022-04-20,5호선,장한평,19115,18793,37908,322,4,20,수
2022-04-20,5호선,군자(능동),11388,12613,24001,-1225,4,20,수
2022-04-20,5호선,아차산(어린이대공원후문),15449,14943,30392,506,4,20,수
2022-04-20,5호선,광나루(장신대),14009,12777,26786,1232,4,20,수
2022-04-20,5호선,천호(풍납토성),17927,18367,36294,-440,4,20,수
2022-04-20,5호선,강동,18916,18166,37082,750,4,20,수
2022-04-20,5호선,길동,8175,8485,16660,-310,4,20,수
2022-04-20,5호선,굽은다리(강동구민회관앞),9566,9053,18619,513,4,20,수
2022-04-20,5호선,명일,8957,9317,18274,-360,4,20,수
2022-04-20,5호선,고덕,9971,9732,19703,239,4,20,수
2022-04-20,5호선,상일동,15468,14440,29908,1028,4,20,수
2022-04-20,5호선,둔촌동,8488,8411,16899,77,4,20,수
2022-04-20,5호선,올림픽공원(한국체대),4516,3915,8431,601,4,20,수
2022-04-20,5호선,방이,7266,7420,14686,-154,4,20,수
2022-04-20,5호선,오금,3928,4027,7955,-99,4,20,수
2022-04-20,5호선,개롱,6581,6817,13398,-236,4,20,수
2022-04-20,5호선,거여,10665,9988,20653,677,4,20,수
2022-04-20,5호선,마천,7629,7301,14930,328,4,20,수
2022-04-20,5호선,강일,4307,4070,8377,237,4,20,수
2022-04-20,5호선,미사,16807,16728,33535,79,4,20,수
2022-04-20,5호선,하남풍산,4396,4271,8667,125,4,20,수
2022-04-20,5호선,하남시청(덕풍·신장),7007,6722,13729,285,4,20,수
2022-04-20,5호선,하남검단산,5841,5489,11330,352,4,20,수
2022-04-20,6호선,응암,18184,17913,36097,271,4,20,수
2022-04-20,6호선,역촌,3809,4455,8264,-646,4,20,수
2022-04-20,6호선,불광,4946,4862,9808,84,4,20,수
2022-04-20,6호선,독바위,2791,2960,5751,-169,4,20,수
2022-04-20,6호선,구산,7979,5846,13825,2133,4,20,수
2022-04-20,6호선,새절(신사),13711,12584,26295,1127,4,20,수
2022-04-20,6호선,증산(명지대앞),10600,10430,21030,170,4,20,수
2022-04-20,6호선,디지털미디어시티,14512,15856,30368,-1344,4,20,수
2022-04-20,6호선,월드컵경기장(성산),4599,4758,9357,-159,4,20,수
2022-04-20,6호선,마포구청,14669,13047,27716,1622,4,20,수
2022-04-20,6호선,망원,13753,14546,28299,-793,4,20,수
2022-04-20,6호선,합정,12789,12755,25544,34,4,20,수
2022-04-20,6호선,상수,8166,9326,17492,-1160,4,20,수
2022-04-20,6호선,광흥창(서강),9280,9044,18324,236,4,20,수
2022-04-20,6호선,대흥(서강대앞),8414,8626,17040,-212,4,20,수
2022-04-20,6호선,공덕,19057,18371,37428,686,4,20,수
2022-04-20,6호선,효창공원앞,7512,6878,14390,634,4,20,수
2022-04-20,6호선,삼각지,6718,5964,12682,754,4,20,수
2022-04-20,6호선,녹사평(용산구청),4840,4765,9605,75,4,20,수
2022-04-20,6호선,이태원,9632,10276,19908,-644,4,20,수
2022-04-20,6호선,한강진,7558,8816,16374,-1258,4,20,수
2022-04-20,6호선,버티고개,2135,2107,4242,28,4,20,수
2022-04-20,6호선,약수,3606,3566,7172,40,4,20,수
2022-04-20,6호선,청구,3931,4218,8149,-287,4,20,수
2022-04-20,6호선,신당,9031,9514,18545,-483,4,20,수
2022-04-20,6호선,동묘앞,7866,7938,15804,-72,4,20,수
2022-04-20,6호선,창신,3758,3163,6921,595,4,20,수
2022-04-20,6호선,보문,7431,6814,14245,617,4,20,수
2022-04-20,6호선,안암(고대병원앞),12669,12810,25479,-141,4,20,수
2022-04-20,6호선,고려대(종암),8609,8494,17103,115,4,20,수
2022-04-20,6호선,월곡(동덕여대),12222,11942,24164,280,4,20,수
2022-04-20,6호선,상월곡(한국과학기술연구원),6571,5792,12363,779,4,20,수
2022-04-20,6호선,돌곶이,9821,9034,18855,787,4,20,수
2022-04-20,6호선,석계,13052,13610,26662,-558,4,20,수
2022-04-20,6호선,태릉입구,5646,6406,12052,-760,4,20,수
2022-04-20,6호선,화랑대(서울여대입구),13043,10233,23276,2810,4,20,수
2022-04-20,6호선,봉화산(서울의료원),9340,8709,18049,631,4,20,수
2022-04-20,7호선,장암,2351,916,3267,1435,4,20,수
2022-04-20,7호선,도봉산,10152,11616,21768,-1464,4,20,수
2022-04-20,7호선,수락산,13084,12698,25782,386,4,20,수
2022-04-20,7호선,마들,13266,12534,25800,732,4,20,수
2022-04-20,7호선,노원,19168,20336,39504,-1168,4,20,수
2022-04-20,7호선,중계,15575,14300,29875,1275,4,20,수
2022-04-20,7호선,하계,19429,18320,37749,1109,4,20,수
2022-04-20,7호선,공릉(서울과학기술대),13293,13077,26370,216,4,20,수
2022-04-20,7호선,태릉입구,9348,8704,18052,644,4,20,수
2022-04-20,7호선,먹골,10341,10204,20545,137,4,20,수
2022-04-20,7호선,중화,11109,10722,21831,387,4,20,수
2022-04-20,7호선,상봉(시외버스터미널),17038,15962,33000,1076,4,20,수
2022-04-20,7호선,사가정,16693,16683,33376,10,4,20,수
2022-04-20,7호선,용마산(용마폭포공원),6275,6032,12307,243,4,20,수
2022-04-20,7호선,중곡,11435,10571,22006,864,4,20,수
2022-04-20,7호선,군자(능동),15143,12155,27298,2988,4,20,수
2022-04-20,7호선,어린이대공원(세종대),14341,14521,28862,-180,4,20,수
2022-04-20,7호선,건대입구,12699,13249,25948,-550,4,20,수
2022-04-20,7호선,뚝섬유원지,9914,9639,19553,275,4,20,수
2022-04-20,7호선,강남구청,16744,18619,35363,-1875,4,20,수
2022-04-20,7호선,학동,25038,26964,52002,-1926,4,20,수
2022-04-20,7호선,논현,20993,22536,43529,-1543,4,20,수
2022-04-20,7호선,반포,6269,6087,12356,182,4,20,수
2022-04-20,7호선,고속터미널,15071,13270,28341,1801,4,20,수
2022-04-20,7호선,내방,15042,15397,30439,-355,4,20,수
2022-04-20,7호선,이수,15977,15692,31669,285,4,20,수
2022-04-20,7호선,남성,11724,10750,22474,974,4,20,수
2022-04-20,7호선,숭실대입구(살피재),15412,15422,30834,-10,4,20,수
2022-04-20,7호선,상도,11441,11235,22676,206,4,20,수
2022-04-20,7호선,장승배기,9180,8903,18083,277,4,20,수
2022-04-20,7호선,신대방삼거리,17246,16539,33785,707,4,20,수
2022-04-20,7호선,보라매,10426,10497,20923,-71,4,20,수
2022-04-20,7호선,신풍,12136,11490,23626,646,4,20,수
2022-04-20,7호선,대림(구로구청),7725,7785,15510,-60,4,20,수
2022-04-20,7호선,남구로,16090,17085,33175,-995,4,20,수
2022-04-20,7호선,가산디지털단지,46618,46994,93612,-376,4,20,수
2022-04-20,7호선,철산,21708,22043,43751,-335,4,20,수
2022-04-20,7호선,광명사거리,22520,22211,44731,309,4,20,수
2022-04-20,7호선,천왕,11971,11379,23350,592,4,20,수
2022-04-20,7호선,온수(성공회대입구),11323,10699,22022,624,4,20,수
2022-04-20,7호선,부천종합운동장,1,0,1,1,4,20,수
2022-04-20,7호선,삼산체육관,1,0,1,1,4,20,수
2022-04-20,8호선,암사,19640,17214,36854,2426,4,20,수
2022-04-20,8호선,천호(풍납토성),14748,16818,31566,-2070,4,20,수
2022-04-20,8호선,강동구청,10599,10944,21543,-345,4,20,수
2022-04-20,8호선,몽촌토성(평화의문),6282,6356,12638,-74,4,20,수
2022-04-20,8호선,잠실(송파구청),13474,16234,29708,-2760,4,20,수
2022-04-20,8호선,석촌,7956,9040,16996,-1084,4,20,수
2022-04-20,8호선,송파,8574,8358,16932,216,4,20,수
2022-04-20,8호선,가락시장,7863,8782,16645,-919,4,20,수
2022-04-20,8호선,문정,22478,24001,46479,-1523,4,20,수
2022-04-20,8호선,장지,18220,17535,35755,685,4,20,수
2022-04-20,8호선,복정,10449,8799,19248,1650,4,20,수
2022-04-20,8호선,산성,5698,5664,11362,34,4,20,수
2022-04-20,8호선,남한산성입구(성남법원.검찰청),16043,14785,30828,1258,4,20,수
2022-04-20,8호선,단대오거리,11645,11119,22764,526,4,20,수
2022-04-20,8호선,신흥,4223,4503,8726,-280,4,20,수
2022-04-20,8호선,수진,5454,5029,10483,425,4,20,수
2022-04-20,8호선,모란,4511,3646,8157,865,4,20,수
2022-04-20,8호선,남위례,5158,5256,10414,-98,4,20,수
2022-04-20,9호선,개화,2683,1830,4513,853,4,20,수
2022-04-20,9호선,김포공항,6915,11052,17967,-4137,4,20,수
2022-04-20,9호선,공항시장,3046,3307,6353,-261,4,20,수
2022-04-20,9호선,신방화,7226,6945,14171,281,4,20,수
2022-04-20,9호선,마곡나루(서울식물원),12772,12600,25372,172,4,20,수
2022-04-20,9호선,양천향교,10233,10460,20693,-227,4,20,수
2022-04-20,9호선,가양,21297,20678,41975,619,4,20,수
2022-04-20,9호선,증미,7456,7245,14701,211,4,20,수
2022-04-20,9호선,등촌,11535,11094,22629,441,4,20,수
2022-04-20,9호선,염창,18079,17528,35607,551,4,20,수
2022-04-20,9호선,신목동,4366,3796,8162,570,4,20,수
2022-04-20,9호선,선유도,9096,8729,17825,367,4,20,수
2022-04-20,9호선,당산,19030,19047,38077,-17,4,20,수
2022-04-20,9호선,국회의사당,18715,18471,37186,244,4,20,수
2022-04-20,9호선,여의도,29202,28274,57476,928,4,20,수
2022-04-20,9호선,샛강,6381,6535,12916,-154,4,20,수
2022-04-20,9호선,노량진,26790,25750,52540,1040,4,20,수
2022-04-20,9호선,노들,4615,3878,8493,737,4,20,수
2022-04-20,9호선,흑석(중앙대입구),8700,8896,17596,-196,4,20,수
2022-04-20,9호선,동작(현충원),2057,1690,3747,367,4,20,수
2022-04-20,9호선,구반포,1305,1388,2693,-83,4,20,수
2022-04-20,9호선,신반포,3588,3449,7037,139,4,20,수
2022-04-20,9호선,고속터미널,12424,14937,27361,-2513,4,20,수
2022-04-20,9호선,사평,3566,3548,7114,18,4,20,수
2022-04-20,9호선,신논현,31111,31277,62388,-166,4,20,수
2022-04-20,9호선2~3단계,언주,10752,10822,21574,-70,4,20,수
2022-04-20,9호선2~3단계,선정릉,10052,11167,21219,-1115,4,20,수
2022-04-20,9호선2~3단계,삼성중앙,7031,7406,14437,-375,4,20,수
2022-04-20,9호선2~3단계,봉은사,17422,17951,35373,-529,4,20,수
2022-04-20,9호선2~3단계,종합운동장,4249,4445,8694,-196,4,20,수
2022-04-20,9호선2~3단계,삼전,7052,6661,13713,391,4,20,수
2022-04-20,9호선2~3단계,석촌고분,6270,6096,12366,174,4,20,수
2022-04-20,9호선2~3단계,석촌,8741,7687,16428,1054,4,20,수
2022-04-20,9호선2~3단계,송파나루,4952,5380,10332,-428,4,20,수
2022-04-20,9호선2~3단계,한성백제,2629,2399,5028,230,4,20,수
2022-04-20,9호선2~3단계,올림픽공원(한국체대),6150,6080,12230,70,4,20,수
2022-04-20,9호선2~3단계,둔촌오륜,1247,1115,2362,132,4,20,수
2022-04-20,9호선2~3단계,중앙보훈병원,11269,9960,21229,1309,4,20,수
2022-04-20,경강선,판교,4932,4778,9710,154,4,20,수
2022-04-20,경강선,이매,1250,1049,2299,201,4,20,수
2022-04-20,경강선,삼동,2530,2348,4878,182,4,20,수
2022-04-20,경강선,경기광주,8002,7583,15585,419,4,20,수
2022-04-20,경강선,초월,3325,3161,6486,164,4,20,수
2022-04-20,경강선,곤지암,2458,2383,4841,75,4,20,수
2022-04-20,경강선,신둔도예촌,1717,1474,3191,243,4,20,수
2022-04-20,경강선,이천,2532,2728,5260,-196,4,20,수
2022-04-20,경강선,부발,2063,2088,4151,-25,4,20,수
2022-04-20,경강선,세종대왕릉,352,344,696,8,4,20,수
2022-04-20,경강선,여주,2694,2638,5332,56,4,20,수
2022-04-20,경부선,서울역,5341,1809,7150,3532,4,20,수
2022-04-20,경부선,남영,10025,10508,20533,-483,4,20,수
2022-04-20,경부선,용산,31073,31384,62457,-311,4,20,수
2022-04-20,경부선,노량진,8344,8715,17059,-371,4,20,수
2022-04-20,경부선,대방,13617,14069,27686,-452,4,20,수
2022-04-20,경부선,영등포,36387,37858,74245,-1471,4,20,수
2022-04-20,경부선,신도림,4377,4303,8680,74,4,20,수
2022-04-20,경부선,신길,9571,7986,17557,1585,4,20,수
2022-04-20,경부선,구로,19601,20209,39810,-608,4,20,수
2022-04-20,경부선,가산디지털단지,19379,22567,41946,-3188,4,20,수
2022-04-20,경부선,금천구청,12602,12525,25127,77,4,20,수
2022-04-20,경부선,석수,10177,9341,19518,836,4,20,수
2022-04-20,경부선,관악,7730,7115,14845,615,4,20,수
2022-04-20,경부선,안양,27938,27450,55388,488,4,20,수
2022-04-20,경부선,명학,11280,11068,22348,212,4,20,수
2022-04-20,경부선,금정,28131,28731,56862,-600,4,20,수
2022-04-20,경부선,군포,8130,7993,16123,137,4,20,수
2022-04-20,경부선,의왕,10024,9849,19873,175,4,20,수
2022-04-20,경부선,성균관대,16319,15855,32174,464,4,20,수
2022-04-20,경부선,화서,8728,8338,17066,390,4,20,수
2022-04-20,경부선,수원,35395,37722,73117,-2327,4,20,수
2022-04-20,경부선,독산,19369,20144,39513,-775,4,20,수
2022-04-20,경부선,세류,3152,2879,6031,273,4,20,수
2022-04-20,경부선,병점,16157,16138,32295,19,4,20,수
2022-04-20,경부선,세마,3141,2924,6065,217,4,20,수
2022-04-20,경부선,오산대,4403,4083,8486,320,4,20,수
2022-04-20,경부선,오산,10661,10570,21231,91,4,20,수
2022-04-20,경부선,진위,1829,1560,3389,269,4,20,수
2022-04-20,경부선,송탄,4518,4243,8761,275,4,20,수
2022-04-20,경부선,서정리,7814,7368,15182,446,4,20,수
2022-04-20,경부선,평택지제,3566,3402,6968,164,4,20,수
2022-04-20,경부선,평택,12884,13273,26157,-389,4,20,수
2022-04-20,경부선,성환,7099,6800,13899,299,4,20,수
2022-04-20,경부선,직산,890,890,1780,0,4,20,수
2022-04-20,경부선,두정,7763,8312,16075,-549,4,20,수
2022-04-20,경부선,천안,6673,6222,12895,451,4,20,수
2022-04-20,경부선,당정,7335,6891,14226,444,4,20,수
2022-04-20,경부선,서동탄,1455,1294,2749,161,4,20,수
2022-04-20,경부선,광명,3318,2875,6193,443,4,20,수
2022-04-20,경원선,이촌(국립중앙박물관),3868,2864,6732,1004,4,20,수
2022-04-20,경원선,서빙고,2036,1873,3909,163,4,20,수
2022-04-20,경원선,한남,4178,4010,8188,168,4,20,수
2022-04-20,경원선,옥수,57,38,95,19,4,20,수
2022-04-20,경원선,응봉,2074,1859,3933,215,4,20,수
2022-04-20,경원선,왕십리(성동구청),14105,15374,29479,-1269,4,20,수
2022-04-20,경원선,청량리(서울시립대입구),14494,15516,30010,-1022,4,20,수
2022-04-20,경원선,외대앞,7212,7065,14277,147,4,20,수
2022-04-20,경원선,신이문,8653,8041,16694,612,4,20,수
2022-04-20,경원선,석계,8828,9527,18355,-699,4,20,수
2022-04-20,경원선,광운대,9282,9059,18341,223,4,20,수
2022-04-20,경원선,월계,8914,8226,17140,688,4,20,수
2022-04-20,경원선,녹천,5059,4164,9223,895,4,20,수
2022-04-20,경원선,방학,10172,10076,20248,96,4,20,수
2022-04-20,경원선,도봉,6259,5989,12248,270,4,20,수
2022-04-20,경원선,도봉산,8399,5648,14047,2751,4,20,수
2022-04-20,경원선,망월사,9945,10019,19964,-74,4,20,수
2022-04-20,경원선,회룡,13330,13225,26555,105,4,20,수
2022-04-20,경원선,의정부,18882,19494,38376,-612,4,20,수
2022-04-20,경원선,가능,7297,7077,14374,220,4,20,수
2022-04-20,경원선,녹양,4937,4715,9652,222,4,20,수
2022-04-20,경원선,양주,8495,7836,16331,659,4,20,수
2022-04-20,경원선,덕계,3497,3166,6663,331,4,20,수
2022-04-20,경원선,덕정,6708,6414,13122,294,4,20,수
2022-04-20,경원선,지행,7060,6951,14011,109,4,20,수
2022-04-20,경원선,동두천중앙,3537,3493,7030,44,4,20,수
2022-04-20,경원선,보산,1555,1418,2973,137,4,20,수
2022-04-20,경원선,동두천,2842,3208,6050,-366,4,20,수
2022-04-20,경원선,소요산,2994,2535,5529,459,4,20,수
2022-04-20,경의선,서울역,4608,5794,10402,-1186,4,20,수
2022-04-20,경의선,신촌,860,1106,1966,-246,4,20,수
2022-04-20,경의선,효창공원앞,3168,3567,6735,-399,4,20,수
2022-04-20,경의선,공덕,3590,3283,6873,307,4,20,수
2022-04-20,경의선,서강대,2142,2000,4142,142,4,20,수
2022-04-20,경의선,홍대입구,1635,1802,3437,-167,4,20,수
2022-04-20,경의선,가좌,5859,5522,11381,337,4,20,수
2022-04-20,경의선,디지털미디어시티,2730,2466,5196,264,4,20,수
2022-04-20,경의선,수색,2995,3222,6217,-227,4,20,수
2022-04-20,경의선,화전,3450,3246,6696,204,4,20,수
2022-04-20,경의선,강매,3484,3014,6498,470,4,20,수
2022-04-20,경의선,행신,8320,8351,16671,-31,4,20,수
2022-04-20,경의선,능곡,4190,3872,8062,318,4,20,수
2022-04-20,경의선,곡산,839,844,1683,-5,4,20,수
2022-04-20,경의선,백마,7276,7069,14345,207,4,20,수
2022-04-20,경의선,풍산,5883,5425,11308,458,4,20,수
2022-04-20,경의선,일산,10025,9864,19889,161,4,20,수
2022-04-20,경의선,탄현,8175,7820,15995,355,4,20,수
2022-04-20,경의선,야당,7861,7852,15713,9,4,20,수
2022-04-20,경의선,운정,7341,6924,14265,417,4,20,수
2022-04-20,경의선,금릉,5143,4852,9995,291,4,20,수
2022-04-20,경의선,금촌,6452,6555,13007,-103,4,20,수
2022-04-20,경의선,월롱,3257,3091,6348,166,4,20,수
2022-04-20,경의선,파주,1649,1252,2901,397,4,20,수
2022-04-20,경의선,문산,5237,5173,10410,64,4,20,수
2022-04-20,경의선,임진강,15,14,29,1,4,20,수
2022-04-20,경인선,개봉,22371,21980,44351,391,4,20,수
2022-04-20,경인선,오류동,12614,11542,24156,1072,4,20,수
2022-04-20,경인선,역곡,29825,29200,59025,625,4,20,수
2022-04-20,경인선,부천,34066,34158,68224,-92,4,20,수
2022-04-20,경인선,송내,28765,28858,57623,-93,4,20,수
2022-04-20,경인선,부평,28758,30918,59676,-2160,4,20,수
2022-04-20,경인선,백운,7228,7075,14303,153,4,20,수
2022-04-20,경인선,동암,15060,15174,30234,-114,4,20,수
2022-04-20,경인선,주안,20397,18696,39093,1701,4,20,수
2022-04-20,경인선,제물포,11770,11065,22835,705,4,20,수
2022-04-20,경인선,동인천,15063,14221,29284,842,4,20,수
2022-04-20,경인선,인천,4055,3230,7285,825,4,20,수
2022-04-20,경인선,구일,7021,6948,13969,73,4,20,수
2022-04-20,경인선,소사,9800,9334,19134,466,4,20,수
2022-04-20,경인선,부개,9052,8525,17577,527,4,20,수
2022-04-20,경인선,간석,6255,5894,12149,361,4,20,수
2022-04-20,경인선,도원,3312,3380,6692,-68,4,20,수
2022-04-20,경인선,온수(성공회대입구),7555,7132,14687,423,4,20,수
2022-04-20,경인선,중동,10007,9350,19357,657,4,20,수
2022-04-20,경인선,도화,4471,4094,8565,377,4,20,수
2022-04-20,경춘선,신내,2421,2327,4748,94,4,20,수
2022-04-20,경춘선,갈매,3294,2828,6122,466,4,20,수
2022-04-20,경춘선,별내,3368,3133,6501,235,4,20,수
2022-04-20,경춘선,퇴계원,3697,3433,7130,264,4,20,수
2022-04-20,경춘선,사릉,2757,2693,5450,64,4,20,수
2022-04-20,경춘선,금곡,1666,1604,3270,62,4,20,수
2022-04-20,경춘선,평내호평,6676,6534,13210,142,4,20,수
2022-04-20,경춘선,천마산,1794,1667,3461,127,4,20,수
2022-04-20,경춘선,마석,4224,4224,8448,0,4,20,수
2022-04-20,경춘선,대성리,611,581,1192,30,4,20,수
2022-04-20,경춘선,청평,1683,1683,3366,0,4,20,수
2022-04-20,경춘선,상천,394,369,763,25,4,20,수
2022-04-20,경춘선,가평,1689,1686,3375,3,4,20,수
2022-04-20,경춘선,굴봉산,219,202,421,17,4,20,수
2022-04-20,경춘선,백양리,125,137,262,-12,4,20,수
2022-04-20,경춘선,강촌,501,491,992,10,4,20,수
2022-04-20,경춘선,김유정,371,397,768,-26,4,20,수
2022-04-20,경춘선,남춘천,2596,2530,5126,66,4,20,수
2022-04-20,경춘선,춘천,1791,1505,3296,286,4,20,수
2022-04-20,공항철도 1호선,서울역,7536,6932,14468,604,4,20,수
2022-04-20,공항철도 1호선,공덕,2305,3080,5385,-775,4,20,수
2022-04-20,공항철도 1호선,홍대입구,8941,9159,18100,-218,4,20,수
2022-04-20,공항철도 1호선,디지털미디어시티,14388,13522,27910,866,4,20,수
2022-04-20,공항철도 1호선,마곡나루(서울식물원),9613,9318,18931,295,4,20,수
2022-04-20,공항철도 1호선,김포공항,11170,6447,17617,4723,4,20,수
2022-04-20,공항철도 1호선,계양,10816,10190,21006,626,4,20,수
2022-04-20,공항철도 1호선,검암,6895,6789,13684,106,4,20,수
2022-04-20,공항철도 1호선,청라국제도시,7293,6813,14106,480,4,20,수
2022-04-20,공항철도 1호선,운서,7196,7174,14370,22,4,20,수
2022-04-20,공항철도 1호선,공항화물청사,2386,2518,4904,-132,4,20,수
2022-04-20,공항철도 1호선,인천공항1터미널,4759,4826,9585,-67,4,20,수
2022-04-20,공항철도 1호선,인천공항2터미널,2644,2312,4956,332,4,20,수
2022-04-20,공항철도 1호선,영종,3292,3311,6603,-19,4,20,수
2022-04-20,과천선,선바위,8646,7719,16365,927,4,20,수
2022-04-20,과천선,경마공원,1827,1754,3581,73,4,20,수
2022-04-20,과천선,대공원,3907,4161,8068,-254,4,20,수
2022-04-20,과천선,과천,6737,6173,12910,564,4,20,수
2022-04-20,과천선,정부과천청사,11192,11169,22361,23,4,20,수
2022-04-20,과천선,인덕원,25847,26598,52445,-751,4,20,수
2022-04-20,과천선,평촌,18602,18141,36743,461,4,20,수
2022-04-20,과천선,범계,27797,27902,55699,-105,4,20,수
2022-04-20,분당선,선릉,14034,21283,35317,-7249,4,20,수
2022-04-20,분당선,한티,13969,15055,29024,-1086,4,20,수
2022-04-20,분당선,도곡,7122,7013,14135,109,4,20,수
2022-04-20,분당선,구룡,2471,2362,4833,109,4,20,수
2022-04-20,분당선,개포동,4075,4234,8309,-159,4,20,수
2022-04-20,분당선,대모산입구,4680,4369,9049,311,4,20,수
2022-04-20,분당선,수서,13755,14008,27763,-253,4,20,수
2022-04-20,분당선,복정,2,0,2,2,4,20,수
2022-04-20,분당선,수원,8400,6913,15313,1487,4,20,수
2022-04-20,분당선,서울숲,12440,12922,25362,-482,4,20,수
2022-04-20,분당선,압구정로데오,18705,20741,39446,-2036,4,20,수
2022-04-20,분당선,강남구청,10433,12158,22591,-1725,4,20,수
2022-04-20,분당선,선정릉,8272,8893,17165,-621,4,20,수
2022-04-20,분당선,가천대,11651,12494,24145,-843,4,20,수
2022-04-20,분당선,태평,13722,13198,26920,524,4,20,수
2022-04-20,분당선,모란,20574,20983,41557,-409,4,20,수
2022-04-20,분당선,야탑,27467,28724,56191,-1257,4,20,수
2022-04-20,분당선,서현,24089,24355,48444,-266,4,20,수
2022-04-20,분당선,수내,13811,13966,27777,-155,4,20,수
2022-04-20,분당선,정자,17864,18902,36766,-1038,4,20,수
2022-04-20,분당선,미금,16581,17739,34320,-1158,4,20,수
2022-04-20,분당선,오리,12169,9857,22026,2312,4,20,수
2022-04-20,분당선,이매,6020,5673,11693,347,4,20,수
2022-04-20,분당선,보정,2830,2474,5304,356,4,20,수
2022-04-20,분당선,죽전,14512,15898,30410,-1386,4,20,수
2022-04-20,분당선,구성,5222,5551,10773,-329,4,20,수
2022-04-20,분당선,신갈,4771,4773,9544,-2,4,20,수
2022-04-20,분당선,기흥,10573,9856,20429,717,4,20,수
2022-04-20,분당선,상갈,5685,5473,11158,212,4,20,수
2022-04-20,분당선,청명,4490,4363,8853,127,4,20,수
2022-04-20,분당선,영통,8437,8702,17139,-265,4,20,수
2022-04-20,분당선,망포,14911,14107,29018,804,4,20,수
2022-04-20,분당선,매탄권선,5316,5329,10645,-13,4,20,수
2022-04-20,분당선,수원시청,13002,13949,26951,-947,4,20,수
2022-04-20,분당선,매교,3316,3265,6581,51,4,20,수
2022-04-20,수인선,고색,4998,4816,9814,182,4,20,수
2022-04-20,수인선,오목천,4008,3663,7671,345,4,20,수
2022-04-20,수인선,어천,790,821,1611,-31,4,20,수
2022-04-20,수인선,야목,426,309,735,117,4,20,수
2022-04-20,수인선,사리,5119,4596,9715,523,4,20,수
2022-04-20,수인선,달월,109,64,173,45,4,20,수
2022-04-20,수인선,월곶,3028,2840,5868,188,4,20,수
2022-04-20,수인선,소래포구,6438,6161,12599,277,4,20,수
2022-04-20,수인선,호구포,4373,4479,8852,-106,4,20,수
2022-04-20,수인선,남동인더스파크,2383,2653,5036,-270,4,20,수
2022-04-20,수인선,원인재,4561,4913,9474,-352,4,20,수
2022-04-20,수인선,연수,4844,4820,9664,24,4,20,수
2022-04-20,수인선,송도,2667,2511,5178,156,4,20,수
2022-04-20,수인선,인하대,7636,7105,14741,531,4,20,수
2022-04-20,수인선,숭의,4326,4004,8330,322,4,20,수
2022-04-20,수인선,신포,2137,2148,4285,-11,4,20,수
2022-04-20,수인선,인천,1054,1802,2856,-748,4,20,수
2022-04-20,안산선,산본,16688,17637,34325,-949,4,20,수
2022-04-20,안산선,대야미,5410,4929,10339,481,4,20,수
2022-04-20,안산선,반월,4669,4518,9187,151,4,20,수
2022-04-20,안산선,상록수,17571,17645,35216,-74,4,20,수
2022-04-20,안산선,한대앞,10612,10602,21214,10,4,20,수
2022-04-20,안산선,중앙,18672,19402,38074,-730,4,20,수
2022-04-20,안산선,고잔,9563,9156,18719,407,4,20,수
2022-04-20,안산선,초지,5557,5914,11471,-357,4,20,수
2022-04-20,안산선,안산,11836,10844,22680,992,4,20,수
2022-04-20,안산선,신길온천,1906,1739,3645,167,4,20,수
2022-04-20,안산선,정왕,10624,10781,21405,-157,4,20,수
2022-04-20,안산선,오이도,8968,8880,17848,88,4,20,수
2022-04-20,안산선,수리산,4912,4142,9054,770,4,20,수
2022-04-20,우이신설선,북한산우이,2830,2557,5387,273,4,20,수
2022-04-20,우이신설선,솔밭공원,2610,2515,5125,95,4,20,수
2022-04-20,우이신설선,4.19민주묘지,3882,3768,7650,114,4,20,수
2022-04-20,우이신설선,가오리,4416,4327,8743,89,4,20,수
2022-04-20,우이신설선,화계,3527,3318,6845,209,4,20,수
2022-04-20,우이신설선,삼양,2043,2098,4141,-55,4,20,수
2022-04-20,우이신설선,삼양사거리,2518,2517,5035,1,4,20,수
2022-04-20,우이신설선,솔샘,6123,5740,11863,383,4,20,수
2022-04-20,우이신설선,북한산보국문,6228,5791,12019,437,4,20,수
2022-04-20,우이신설선,정릉,4935,4440,9375,495,4,20,수
2022-04-20,우이신설선,성신여대입구(돈암),3261,3527,6788,-266,4,20,수
2022-04-20,우이신설선,보문,1588,1560,3148,28,4,20,수
2022-04-20,우이신설선,신설동,2251,2153,4404,98,4,20,수
2022-04-20,일산선,원흥,11441,10987,22428,454,4,20,수
2022-04-20,일산선,삼송,20905,19921,40826,984,4,20,수
2022-04-20,일산선,원당,11883,11200,23083,683,4,20,수
2022-04-20,일산선,화정,17458,17907,35365,-449,4,20,수
2022-04-20,일산선,대곡,2291,1842,4133,449,4,20,수
2022-04-20,일산선,백석,9987,9887,19874,100,4,20,수
2022-04-20,일산선,마두,8025,8137,16162,-112,4,20,수
2022-04-20,일산선,정발산,7335,7483,14818,-148,4,20,수
2022-04-20,일산선,주엽,9465,9377,18842,88,4,20,수
2022-04-20,일산선,대화,13366,10805,24171,2561,4,20,수
2022-04-21,수인선,소래포구,6315,5913,12228,402,4,21,목
2022-04-21,수인선,월곶,3073,2875,5948,198,4,21,목
2022-04-21,수인선,달월,127,88,215,39,4,21,목
2022-04-21,수인선,오목천,4363,3942,8305,421,4,21,목
2022-04-21,수인선,고색,5148,4916,10064,232,4,21,목
2022-04-21,분당선,매교,3347,3330,6677,17,4,21,목
2022-04-21,분당선,수원시청,12898,13819,26717,-921,4,21,목
2022-04-21,분당선,매탄권선,5383,5255,10638,128,4,21,목
2022-04-21,분당선,망포,15033,14231,29264,802,4,21,목
2022-04-21,분당선,영통,8345,8556,16901,-211,4,21,목
2022-04-21,분당선,청명,4480,4440,8920,40,4,21,목
2022-04-21,분당선,상갈,5614,5455,11069,159,4,21,목
2022-04-21,분당선,기흥,10465,9822,20287,643,4,21,목
2022-04-21,분당선,신갈,4631,4538,9169,93,4,21,목
2022-04-21,분당선,구성,5258,5587,10845,-329,4,21,목
2022-04-21,분당선,죽전,14814,15938,30752,-1124,4,21,목
2022-04-21,분당선,보정,2691,2321,5012,370,4,21,목
2022-04-21,분당선,이매,5939,5697,11636,242,4,21,목
2022-04-21,분당선,오리,12310,10118,22428,2192,4,21,목
2022-04-21,분당선,미금,15997,17149,33146,-1152,4,21,목
2022-04-21,분당선,정자,17703,18892,36595,-1189,4,21,목
2022-04-21,분당선,수내,13478,13623,27101,-145,4,21,목
2022-04-21,분당선,서현,23806,24299,48105,-493,4,21,목
2022-04-21,분당선,야탑,26688,28047,54735,-1359,4,21,목
2022-04-21,분당선,모란,20943,20893,41836,50,4,21,목
2022-04-21,분당선,태평,13848,13368,27216,480,4,21,목
2022-04-21,분당선,가천대,11733,12292,24025,-559,4,21,목
2022-04-21,분당선,선정릉,8317,8899,17216,-582,4,21,목
2022-04-21,분당선,강남구청,10308,12088,22396,-1780,4,21,목
2022-04-21,분당선,압구정로데오,18810,21067,39877,-2257,4,21,목
2022-04-21,분당선,서울숲,12573,13226,25799,-653,4,21,목
2022-04-21,분당선,수원,8734,7207,15941,1527,4,21,목
2022-04-21,분당선,수서,14752,15064,29816,-312,4,21,목
2022-04-21,분당선,대모산입구,5091,4543,9634,548,4,21,목
2022-04-21,분당선,개포동,4235,4178,8413,57,4,21,목
2022-04-21,분당선,구룡,2496,2426,4922,70,4,21,목
2022-04-21,분당선,도곡,7697,7674,15371,23,4,21,목
2022-04-21,분당선,한티,14149,15034,29183,-885,4,21,목
2022-04-21,분당선,선릉,14243,22304,36547,-8061,4,21,목
2022-04-21,과천선,범계,20777,22499,43276,-1722,4,21,목
2022-04-21,과천선,평촌,14560,12856,27416,1704,4,21,목
2022-04-21,과천선,인덕원,19745,21847,41592,-2102,4,21,목
2022-04-21,과천선,정부과천청사,8851,7720,16571,1131,4,21,목
2022-04-21,과천선,과천,4377,5338,9715,-961,4,21,목
2022-04-21,과천선,대공원,3430,3050,6480,380,4,21,목
2022-04-21,과천선,경마공원,1222,1096,2318,126,4,21,목
2022-04-21,과천선,선바위,6637,6347,12984,290,4,21,목
2022-04-21,공항철도 1호선,영종,3351,3318,6669,33,4,21,목
2022-04-21,공항철도 1호선,인천공항2터미널,2768,2379,5147,389,4,21,목
2022-04-21,공항철도 1호선,인천공항1터미널,4826,4442,9268,384,4,21,목
2022-04-21,공항철도 1호선,공항화물청사,2281,2511,4792,-230,4,21,목
2022-04-21,공항철도 1호선,운서,7149,7142,14291,7,4,21,목
2022-04-21,공항철도 1호선,청라국제도시,7275,6935,14210,340,4,21,목
2022-04-21,공항철도 1호선,검암,6946,6829,13775,117,4,21,목
2022-04-21,공항철도 1호선,계양,11035,10330,21365,705,4,21,목
2022-04-21,공항철도 1호선,김포공항,11723,6735,18458,4988,4,21,목
2022-04-21,공항철도 1호선,마곡나루(서울식물원),9734,9536,19270,198,4,21,목
2022-04-21,공항철도 1호선,디지털미디어시티,14596,13652,28248,944,4,21,목
2022-04-21,공항철도 1호선,홍대입구,9063,9169,18232,-106,4,21,목
2022-04-21,공항철도 1호선,공덕,2463,3119,5582,-656,4,21,목
2022-04-21,공항철도 1호선,서울역,8151,7611,15762,540,4,21,목
2022-04-21,경춘선,춘천,1731,1416,3147,315,4,21,목
2022-04-21,경춘선,남춘천,2860,2610,5470,250,4,21,목
2022-04-21,경춘선,김유정,428,449,877,-21,4,21,목
2022-04-21,경춘선,강촌,538,533,1071,5,4,21,목
2022-04-21,경춘선,백양리,126,164,290,-38,4,21,목
2022-04-21,경춘선,굴봉산,260,231,491,29,4,21,목
2022-04-21,경춘선,가평,1777,1758,3535,19,4,21,목
2022-04-21,경춘선,상천,405,401,806,4,4,21,목
2022-04-21,경춘선,청평,1716,1744,3460,-28,4,21,목
2022-04-21,경춘선,대성리,659,626,1285,33,4,21,목
2022-04-21,경춘선,마석,4230,4197,8427,33,4,21,목
2022-04-21,경춘선,천마산,1888,1754,3642,134,4,21,목
2022-04-21,경춘선,평내호평,6741,6641,13382,100,4,21,목
2022-04-21,경춘선,금곡,1690,1622,3312,68,4,21,목
2022-04-21,경춘선,사릉,2716,2670,5386,46,4,21,목
2022-04-21,경춘선,퇴계원,3744,3510,7254,234,4,21,목
2022-04-21,경춘선,별내,3390,3131,6521,259,4,21,목
2022-04-21,경춘선,갈매,3189,2785,5974,404,4,21,목
2022-04-21,경춘선,신내,2506,2306,4812,200,4,21,목
2022-04-21,경인선,도화,4420,4018,8438,402,4,21,목
2022-04-21,경인선,중동,9988,9262,19250,726,4,21,목
2022-04-21,경인선,온수(성공회대입구),7449,7034,14483,415,4,21,목
2022-04-21,경인선,도원,3415,3401,6816,14,4,21,목
2022-04-21,경인선,간석,6252,5801,12053,451,4,21,목
2022-04-21,경인선,부개,9066,8381,17447,685,4,21,목
2022-04-21,경인선,소사,9527,9074,18601,453,4,21,목
2022-04-21,경인선,구일,8123,7905,16028,218,4,21,목
2022-04-21,경인선,인천,3870,2985,6855,885,4,21,목
2022-04-21,경인선,동인천,14667,14002,28669,665,4,21,목
2022-04-21,경인선,제물포,11692,11158,22850,534,4,21,목
2022-04-21,경인선,주안,20083,18079,38162,2004,4,21,목
2022-04-21,경인선,동암,14897,15131,30028,-234,4,21,목
2022-04-21,경인선,백운,7421,7278,14699,143,4,21,목
2022-04-21,경인선,부평,28905,31176,60081,-2271,4,21,목
2022-04-21,경인선,송내,28736,28712,57448,24,4,21,목
2022-04-21,경인선,부천,33719,33767,67486,-48,4,21,목
2022-04-21,경인선,역곡,29701,28894,58595,807,4,21,목
2022-04-21,경인선,오류동,12425,11283,23708,1142,4,21,목
2022-04-21,경인선,개봉,22388,21765,44153,623,4,21,목
2022-04-21,경의선,임진강,9,9,18,0,4,21,목
2022-04-21,경의선,문산,5096,5324,10420,-228,4,21,목
2022-04-21,경의선,파주,1689,1225,2914,464,4,21,목
2022-04-21,경의선,월롱,3141,2931,6072,210,4,21,목
2022-04-21,경의선,금촌,6994,6996,13990,-2,4,21,목
2022-04-21,경의선,금릉,5043,4997,10040,46,4,21,목
2022-04-21,경의선,운정,7383,6933,14316,450,4,21,목
2022-04-21,경의선,야당,8061,7843,15904,218,4,21,목
2022-04-21,경의선,탄현,8247,7890,16137,357,4,21,목
2022-04-21,경의선,일산,10218,9879,20097,339,4,21,목
2022-04-21,경의선,풍산,5959,5528,11487,431,4,21,목
2022-04-21,경의선,백마,7425,7068,14493,357,4,21,목
2022-04-21,경의선,곡산,709,760,1469,-51,4,21,목
2022-04-21,경의선,능곡,4090,3740,7830,350,4,21,목
2022-04-21,경의선,행신,8678,8283,16961,395,4,21,목
2022-04-21,경의선,강매,3544,3080,6624,464,4,21,목
2022-04-21,경의선,화전,3349,3019,6368,330,4,21,목
2022-04-21,경의선,수색,3011,3142,6153,-131,4,21,목
2022-04-21,경의선,디지털미디어시티,2898,2548,5446,350,4,21,목
2022-04-21,경의선,가좌,5790,5523,11313,267,4,21,목
2022-04-21,경의선,홍대입구,1640,1856,3496,-216,4,21,목
2022-04-21,경의선,서강대,2109,2076,4185,33,4,21,목
2022-04-21,경의선,공덕,3691,3313,7004,378,4,21,목
2022-04-21,경의선,효창공원앞,3229,3518,6747,-289,4,21,목
2022-04-21,경의선,신촌,846,1186,2032,-340,4,21,목
2022-04-21,경의선,서울역,4688,6209,10897,-1521,4,21,목
2022-04-21,경원선,소요산,3173,2667,5840,506,4,21,목
2022-04-21,경원선,동두천,2849,3316,6165,-467,4,21,목
2022-04-21,경원선,보산,1533,1392,2925,141,4,21,목
2022-04-21,경원선,동두천중앙,3309,3218,6527,91,4,21,목
2022-04-21,경원선,지행,7153,7030,14183,123,4,21,목
2022-04-21,경원선,덕정,7024,6679,13703,345,4,21,목
2022-04-21,경원선,덕계,3644,3201,6845,443,4,21,목
2022-04-21,경원선,양주,8496,7973,16469,523,4,21,목
2022-04-21,경원선,녹양,5012,4695,9707,317,4,21,목
2022-04-21,경원선,가능,7288,7172,14460,116,4,21,목
2022-04-21,경원선,의정부,19064,19514,38578,-450,4,21,목
2022-04-21,경원선,회룡,13252,13330,26582,-78,4,21,목
2022-04-21,경원선,망월사,9795,9914,19709,-119,4,21,목
2022-04-21,경원선,도봉산,8358,5615,13973,2743,4,21,목
2022-04-21,경원선,도봉,6392,6109,12501,283,4,21,목
2022-04-21,경원선,방학,10278,10054,20332,224,4,21,목
2022-04-21,경원선,녹천,4983,4110,9093,873,4,21,목
2022-04-21,경원선,월계,8803,8094,16897,709,4,21,목
2022-04-21,경원선,광운대,9231,9059,18290,172,4,21,목
2022-04-21,경원선,석계,8780,9665,18445,-885,4,21,목
2022-04-21,경원선,신이문,8700,7954,16654,746,4,21,목
2022-04-21,경원선,외대앞,8191,8099,16290,92,4,21,목
2022-04-21,경원선,청량리(서울시립대입구),15038,15691,30729,-653,4,21,목
2022-04-21,경원선,왕십리(성동구청),14588,16003,30591,-1415,4,21,목
2022-04-21,경원선,응봉,2180,1808,3988,372,4,21,목
2022-04-21,경원선,옥수,63,28,91,35,4,21,목
2022-04-21,경원선,한남,4169,3978,8147,191,4,21,목
2022-04-21,경원선,서빙고,2121,1942,4063,179,4,21,목
2022-04-21,경원선,이촌(국립중앙박물관),3948,3093,7041,855,4,21,목
2022-04-21,경부선,광명,3289,2811,6100,478,4,21,목
2022-04-21,경부선,서동탄,1458,1288,2746,170,4,21,목
2022-04-21,경부선,당정,7431,6941,14372,490,4,21,목
2022-04-21,경부선,천안,7042,6576,13618,466,4,21,목
2022-04-21,경부선,두정,8040,8086,16126,-46,4,21,목
2022-04-21,경부선,직산,902,873,1775,29,4,21,목
2022-04-21,경부선,성환,7507,6819,14326,688,4,21,목
2022-04-21,경부선,평택,13008,13014,26022,-6,4,21,목
2022-04-21,경부선,평택지제,3687,3570,7257,117,4,21,목
2022-04-21,경부선,서정리,7805,7207,15012,598,4,21,목
2022-04-21,경부선,송탄,4454,4219,8673,235,4,21,목
2022-04-21,경부선,진위,1853,1636,3489,217,4,21,목
2022-04-21,경부선,오산,10492,10528,21020,-36,4,21,목
2022-04-21,경부선,오산대,4391,4017,8408,374,4,21,목
2022-04-21,경부선,세마,3188,2909,6097,279,4,21,목
2022-04-21,경부선,병점,16549,16838,33387,-289,4,21,목
2022-04-21,경부선,세류,3145,2828,5973,317,4,21,목
2022-04-21,경부선,독산,19267,19593,38860,-326,4,21,목
2022-04-21,경부선,수원,36868,39138,76006,-2270,4,21,목
2022-04-21,경부선,화서,8917,8438,17355,479,4,21,목
2022-04-21,경부선,성균관대,16763,16089,32852,674,4,21,목
2022-04-21,경부선,의왕,10022,9772,19794,250,4,21,목
2022-04-21,경부선,군포,8754,8072,16826,682,4,21,목
2022-04-21,경부선,금정,31109,33471,64580,-2362,4,21,목
2022-04-21,경부선,명학,11753,11445,23198,308,4,21,목
2022-04-21,경부선,안양,28569,27461,56030,1108,4,21,목
2022-04-21,경부선,관악,8060,7158,15218,902,4,21,목
2022-04-21,경부선,석수,10516,9247,19763,1269,4,21,목
2022-04-21,경부선,금천구청,12358,12153,24511,205,4,21,목
2022-04-21,경부선,가산디지털단지,19102,22154,41256,-3052,4,21,목
2022-04-21,경부선,구로,18843,19582,38425,-739,4,21,목
2022-04-21,경부선,신길,9637,8055,17692,1582,4,21,목
2022-04-21,경부선,신도림,4388,4395,8783,-7,4,21,목
2022-04-21,경부선,영등포,37018,38089,75107,-1071,4,21,목
2022-04-21,경부선,대방,13625,14045,27670,-420,4,21,목
2022-04-21,경부선,노량진,8540,8810,17350,-270,4,21,목
2022-04-21,경부선,용산,32011,33135,65146,-1124,4,21,목
2022-04-21,경부선,남영,9932,10872,20804,-940,4,21,목
2022-04-21,경부선,서울역,5721,1921,7642,3800,4,21,목
2022-04-21,경강선,여주,2637,2542,5179,95,4,21,목
2022-04-21,경강선,세종대왕릉,325,320,645,5,4,21,목
2022-04-21,경강선,부발,2184,2118,4302,66,4,21,목
2022-04-21,경강선,이천,2633,2712,5345,-79,4,21,목
2022-04-21,경강선,신둔도예촌,1704,1507,3211,197,4,21,목
2022-04-21,경강선,곤지암,2401,2402,4803,-1,4,21,목
2022-04-21,경강선,초월,3300,3140,6440,160,4,21,목
2022-04-21,경강선,경기광주,8102,7579,15681,523,4,21,목
2022-04-21,경강선,삼동,2544,2324,4868,220,4,21,목
2022-04-21,경강선,이매,1215,993,2208,222,4,21,목
2022-04-21,경강선,판교,4815,4885,9700,-70,4,21,목
2022-04-21,9호선2~3단계,중앙보훈병원,11516,10097,21613,1419,4,21,목
2022-04-21,9호선2~3단계,둔촌오륜,1158,1063,2221,95,4,21,목
2022-04-21,9호선2~3단계,올림픽공원(한국체대),6292,6242,12534,50,4,21,목
2022-04-21,9호선2~3단계,한성백제,2606,2385,4991,221,4,21,목
2022-04-21,9호선2~3단계,송파나루,4961,5307,10268,-346,4,21,목
2022-04-21,9호선2~3단계,석촌,8873,7747,16620,1126,4,21,목
2022-04-21,9호선2~3단계,석촌고분,6106,5975,12081,131,4,21,목
2022-04-21,9호선2~3단계,삼전,6987,6598,13585,389,4,21,목
2022-04-21,9호선2~3단계,종합운동장,4350,4463,8813,-113,4,21,목
2022-04-21,9호선2~3단계,봉은사,17731,18719,36450,-988,4,21,목
2022-04-21,9호선2~3단계,삼성중앙,7250,7600,14850,-350,4,21,목
2022-04-21,9호선2~3단계,선정릉,10061,11158,21219,-1097,4,21,목
2022-04-21,9호선2~3단계,언주,10606,11050,21656,-444,4,21,목
2022-04-21,9호선,신논현,31907,32826,64733,-919,4,21,목
2022-04-21,9호선,사평,3574,3443,7017,131,4,21,목
2022-04-21,9호선,고속터미널,13235,16578,29813,-3343,4,21,목
2022-04-21,9호선,신반포,3602,3519,7121,83,4,21,목
2022-04-21,9호선,구반포,1403,1454,2857,-51,4,21,목
2022-04-21,9호선,동작(현충원),2219,1798,4017,421,4,21,목
2022-04-21,9호선,흑석(중앙대입구),8658,8578,17236,80,4,21,목
2022-04-21,9호선,노들,4616,3846,8462,770,4,21,목
2022-04-21,9호선,노량진,26688,25681,52369,1007,4,21,목
2022-04-21,9호선,샛강,6117,6226,12343,-109,4,21,목
2022-04-21,9호선,여의도,28619,27941,56560,678,4,21,목
2022-04-21,9호선,국회의사당,16090,16523,32613,-433,4,21,목
2022-04-21,9호선,당산,19520,18942,38462,578,4,21,목
2022-04-21,9호선,선유도,9203,8619,17822,584,4,21,목
2022-04-21,9호선,신목동,4479,3795,8274,684,4,21,목
2022-04-21,9호선,염창,18029,17357,35386,672,4,21,목
2022-04-21,9호선,등촌,11709,11070,22779,639,4,21,목
2022-04-21,9호선,증미,7496,7159,14655,337,4,21,목
2022-04-21,9호선,가양,21360,20541,41901,819,4,21,목
2022-04-21,9호선,양천향교,10370,10623,20993,-253,4,21,목
2022-04-21,9호선,마곡나루(서울식물원),13043,12656,25699,387,4,21,목
2022-04-21,9호선,신방화,7098,6683,13781,415,4,21,목
2022-04-21,9호선,공항시장,3141,3332,6473,-191,4,21,목
2022-04-21,9호선,김포공항,6949,11219,18168,-4270,4,21,목
2022-04-21,9호선,개화,2657,1820,4477,837,4,21,목
2022-04-21,8호선,남위례,5188,5284,10472,-96,4,21,목
2022-04-21,8호선,모란,4581,3601,8182,980,4,21,목
2022-04-21,8호선,수진,5453,4981,10434,472,4,21,목
2022-04-21,8호선,신흥,4245,4571,8816,-326,4,21,목
2022-04-21,8호선,단대오거리,11425,10838,22263,587,4,21,목
2022-04-21,8호선,남한산성입구(성남법원.검찰청),15874,14598,30472,1276,4,21,목
2022-04-21,8호선,산성,5723,5669,11392,54,4,21,목
2022-04-21,8호선,복정,10533,8818,19351,1715,4,21,목
2022-04-21,8호선,장지,17763,16733,34496,1030,4,21,목
2022-04-21,8호선,문정,22452,23742,46194,-1290,4,21,목
2022-04-21,8호선,가락시장,8051,9082,17133,-1031,4,21,목
2022-04-21,8호선,송파,8285,7952,16237,333,4,21,목
2022-04-21,8호선,석촌,7807,8976,16783,-1169,4,21,목
2022-04-21,8호선,잠실(송파구청),13648,16574,30222,-2926,4,21,목
2022-04-21,8호선,몽촌토성(평화의문),6170,6248,12418,-78,4,21,목
2022-04-21,8호선,강동구청,10660,10919,21579,-259,4,21,목
2022-04-21,8호선,천호(풍납토성),14933,17068,32001,-2135,4,21,목
2022-04-21,8호선,암사,19715,17031,36746,2684,4,21,목
2022-04-21,7호선,온수(성공회대입구),11474,10746,22220,728,4,21,목
2022-04-21,7호선,천왕,12010,11380,23390,630,4,21,목
2022-04-21,7호선,광명사거리,22753,22106,44859,647,4,21,목
2022-04-21,7호선,철산,21376,21684,43060,-308,4,21,목
2022-04-21,7호선,가산디지털단지,46202,46644,92846,-442,4,21,목
2022-04-21,7호선,남구로,15935,17154,33089,-1219,4,21,목
2022-04-21,7호선,대림(구로구청),7591,7652,15243,-61,4,21,목
2022-04-21,7호선,신풍,11989,11391,23380,598,4,21,목
2022-04-21,7호선,보라매,10438,10394,20832,44,4,21,목
2022-04-21,7호선,신대방삼거리,17522,16399,33921,1123,4,21,목
2022-04-21,7호선,장승배기,9037,8980,18017,57,4,21,목
2022-04-21,7호선,상도,11462,10842,22304,620,4,21,목
2022-04-21,7호선,숭실대입구(살피재),15813,15826,31639,-13,4,21,목
2022-04-21,7호선,남성,11714,10716,22430,998,4,21,목
2022-04-21,7호선,이수,16867,15477,32344,1390,4,21,목
2022-04-21,7호선,내방,15003,15527,30530,-524,4,21,목
2022-04-21,7호선,고속터미널,15787,13970,29757,1817,4,21,목
2022-04-21,7호선,반포,6334,5893,12227,441,4,21,목
2022-04-21,7호선,논현,20760,23054,43814,-2294,4,21,목
2022-04-21,7호선,학동,24747,26994,51741,-2247,4,21,목
2022-04-21,7호선,강남구청,16630,18470,35100,-1840,4,21,목
2022-04-21,7호선,청담,20042,22877,42919,-2835,4,21,목
2022-04-21,7호선,뚝섬유원지,9975,9616,19591,359,4,21,목
2022-04-21,7호선,건대입구,12678,13240,25918,-562,4,21,목
2022-04-21,7호선,어린이대공원(세종대),14440,14437,28877,3,4,21,목
2022-04-21,7호선,군자(능동),15382,12131,27513,3251,4,21,목
2022-04-21,7호선,중곡,11431,10428,21859,1003,4,21,목
2022-04-21,7호선,용마산(용마폭포공원),6323,6028,12351,295,4,21,목
2022-04-21,7호선,사가정,16836,16666,33502,170,4,21,목
2022-04-21,7호선,면목,17078,16278,33356,800,4,21,목
2022-04-21,7호선,상봉(시외버스터미널),17319,16197,33516,1122,4,21,목
2022-04-21,7호선,중화,11201,10846,22047,355,4,21,목
2022-04-21,7호선,먹골,10450,9974,20424,476,4,21,목
2022-04-21,7호선,태릉입구,9490,8829,18319,661,4,21,목
2022-04-21,7호선,공릉(서울과학기술대),13433,12970,26403,463,4,21,목
2022-04-21,7호선,하계,19005,17710,36715,1295,4,21,목
2022-04-21,7호선,중계,15532,14233,29765,1299,4,21,목
2022-04-21,7호선,노원,19069,20095,39164,-1026,4,21,목
2022-04-21,7호선,마들,13491,12534,26025,957,4,21,목
2022-04-21,7호선,수락산,12922,12704,25626,218,4,21,목
2022-04-21,7호선,도봉산,9923,11597,21520,-1674,4,21,목
2022-04-21,7호선,장암,2437,901,3338,1536,4,21,목
2022-04-21,6호선,봉화산(서울의료원),9147,8513,17660,634,4,21,목
2022-04-21,6호선,화랑대(서울여대입구),13170,10243,23413,2927,4,21,목
2022-04-21,6호선,태릉입구,5839,6463,12302,-624,4,21,목
2022-04-21,6호선,석계,12841,13439,26280,-598,4,21,목
2022-04-21,6호선,돌곶이,9774,8857,18631,917,4,21,목
2022-04-21,6호선,상월곡(한국과학기술연구원),6455,5724,12179,731,4,21,목
2022-04-21,6호선,월곡(동덕여대),11969,11589,23558,380,4,21,목
2022-04-21,6호선,고려대(종암),9069,8659,17728,410,4,21,목
2022-04-21,6호선,안암(고대병원앞),13207,12714,25921,493,4,21,목
2022-04-21,6호선,보문,7742,6953,14695,789,4,21,목
2022-04-21,6호선,창신,3738,3061,6799,677,4,21,목
2022-04-21,6호선,동묘앞,7824,7936,15760,-112,4,21,목
2022-04-21,6호선,신당,8291,9073,17364,-782,4,21,목
2022-04-21,6호선,청구,3970,4139,8109,-169,4,21,목
2022-04-21,6호선,약수,3764,3993,7757,-229,4,21,목
2022-04-21,6호선,버티고개,2250,2075,4325,175,4,21,목
2022-04-21,6호선,한강진,7609,9100,16709,-1491,4,21,목
2022-04-21,6호선,이태원,10024,10720,20744,-696,4,21,목
2022-04-21,6호선,녹사평(용산구청),4939,4938,9877,1,4,21,목
2022-04-21,6호선,삼각지,6807,6047,12854,760,4,21,목
2022-04-21,6호선,효창공원앞,7574,6871,14445,703,4,21,목
2022-04-21,6호선,공덕,19076,18407,37483,669,4,21,목
2022-04-21,6호선,대흥(서강대앞),8438,8623,17061,-185,4,21,목
2022-04-21,6호선,광흥창(서강),9112,8759,17871,353,4,21,목
2022-04-21,6호선,상수,8476,9480,17956,-1004,4,21,목
2022-04-21,6호선,합정,13445,14247,27692,-802,4,21,목
2022-04-21,6호선,망원,13859,14755,28614,-896,4,21,목
2022-04-21,6호선,마포구청,14476,12853,27329,1623,4,21,목
2022-04-21,6호선,월드컵경기장(성산),4640,4779,9419,-139,4,21,목
2022-04-21,6호선,디지털미디어시티,14332,15629,29961,-1297,4,21,목
2022-04-21,6호선,증산(명지대앞),10453,10229,20682,224,4,21,목
2022-04-21,6호선,새절(신사),13887,12805,26692,1082,4,21,목
2022-04-21,6호선,구산,8080,5700,13780,2380,4,21,목
2022-04-21,6호선,독바위,2828,2941,5769,-113,4,21,목
2022-04-21,6호선,불광,4644,4446,9090,198,4,21,목
2022-04-21,6호선,역촌,3777,4462,8239,-685,4,21,목
2022-04-21,6호선,응암,18322,17566,35888,756,4,21,목
2022-04-21,5호선,하남검단산,5683,5485,11168,198,4,21,목
2022-04-21,5호선,하남시청(덕풍·신장),6895,6781,13676,114,4,21,목
2022-04-21,5호선,하남풍산,4419,4251,8670,168,4,21,목
2022-04-21,5호선,미사,16456,16453,32909,3,4,21,목
2022-04-21,5호선,강일,4288,4049,8337,239,4,21,목
2022-04-21,5호선,마천,7522,7102,14624,420,4,21,목
2022-04-21,5호선,거여,10654,10012,20666,642,4,21,목
2022-04-21,5호선,개롱,6567,6798,13365,-231,4,21,목
2022-04-21,5호선,오금,3944,4073,8017,-129,4,21,목
2022-04-21,5호선,방이,7144,7344,14488,-200,4,21,목
2022-04-21,5호선,올림픽공원(한국체대),4472,3871,8343,601,4,21,목
2022-04-21,5호선,둔촌동,8428,8351,16779,77,4,21,목
2022-04-21,5호선,상일동,15317,14334,29651,983,4,21,목
2022-04-21,5호선,고덕,9821,9788,19609,33,4,21,목
2022-04-21,5호선,굽은다리(강동구민회관앞),9503,9084,18587,419,4,21,목
2022-04-21,5호선,길동,7782,8291,16073,-509,4,21,목
2022-04-21,5호선,강동,18828,18243,37071,585,4,21,목
2022-04-21,5호선,천호(풍납토성),17902,18143,36045,-241,4,21,목
2022-04-21,5호선,광나루(장신대),13998,12693,26691,1305,4,21,목
2022-04-21,5호선,아차산(어린이대공원후문),15509,14589,30098,920,4,21,목
2022-04-21,5호선,군자(능동),11208,12617,23825,-1409,4,21,목
2022-04-21,5호선,장한평,19087,18717,37804,370,4,21,목
2022-04-21,5호선,답십리,16110,14741,30851,1369,4,21,목
2022-04-21,5호선,마장,5889,5498,11387,391,4,21,목
2022-04-21,5호선,왕십리(성동구청),4729,5518,10247,-789,4,21,목
2022-04-21,5호선,행당,8345,7413,15758,932,4,21,목
2022-04-21,5호선,신금호,6860,6936,13796,-76,4,21,목
2022-04-21,5호선,청구,4236,3831,8067,405,4,21,목
2022-04-21,5호선,동대문역사문화공원(DDP),2874,3412,6286,-538,4,21,목
2022-04-21,5호선,을지로4가,6513,7045,13558,-532,4,21,목
2022-04-21,5호선,종로3가,12292,13229,25521,-937,4,21,목
2022-04-21,5호선,광화문(세종문화회관),30117,31977,62094,-1860,4,21,목
2022-04-21,5호선,서대문,21041,20095,41136,946,4,21,목
2022-04-21,5호선,충정로(경기대입구),5279,5138,10417,141,4,21,목
2022-04-21,5호선,애오개,7131,7105,14236,26,4,21,목
2022-04-21,5호선,공덕,14667,15655,30322,-988,4,21,목
2022-04-21,5호선,마포,14838,15250,30088,-412,4,21,목
2022-04-21,5호선,여의나루,12524,13560,26084,-1036,4,21,목
2022-04-21,5호선,여의도,29009,31274,60283,-2265,4,21,목
2022-04-21,5호선,신길,4354,4482,8836,-128,4,21,목
2022-04-21,5호선,영등포시장,10400,10587,20987,-187,4,21,목
2022-04-21,5호선,영등포구청,4312,4425,8737,-113,4,21,목
2022-04-21,5호선,양평,7831,7590,15421,241,4,21,목
2022-04-21,5호선,오목교(목동운동장앞),21197,22895,44092,-1698,4,21,목
2022-04-21,5호선,목동,17369,18530,35899,-1161,4,21,목
2022-04-21,5호선,신정(은행정),14358,11534,25892,2824,4,21,목
2022-04-21,5호선,까치산,29617,27934,57551,1683,4,21,목
2022-04-21,5호선,화곡,29063,26777,55840,2286,4,21,목
2022-04-21,5호선,우장산,15225,14835,30060,390,4,21,목
2022-04-21,5호선,발산,21080,21780,42860,-700,4,21,목
2022-04-21,5호선,마곡,10916,11029,21945,-113,4,21,목
2022-04-21,5호선,송정,6729,6299,13028,430,4,21,목
2022-04-21,5호선,김포공항,6938,6762,13700,176,4,21,목
2022-04-21,5호선,개화산,5847,5487,11334,360,4,21,목
2022-04-21,5호선,방화,6918,6628,13546,290,4,21,목
2022-04-21,4호선,남태령,1357,902,2259,455,4,21,목
2022-04-21,4호선,사당,30559,24873,55432,5686,4,21,목
2022-04-21,4호선,총신대입구(이수),19455,20835,40290,-1380,4,21,목
2022-04-21,4호선,동작(현충원),1751,1886,3637,-135,4,21,목
2022-04-21,4호선,이촌(국립중앙박물관),7425,8095,15520,-670,4,21,목
2022-04-21,4호선,신용산,15899,15420,31319,479,4,21,목
2022-04-21,4호선,삼각지,5095,5875,10970,-780,4,21,목
2022-04-21,4호선,숙대입구(갈월),14149,12935,27084,1214,4,21,목
2022-04-21,4호선,서울역,11734,15708,27442,-3974,4,21,목
2022-04-21,4호선,회현(남대문시장),24944,25106,50050,-162,4,21,목
2022-04-21,4호선,명동,18677,18181,36858,496,4,21,목
2022-04-21,4호선,충무로,28917,29490,58407,-573,4,21,목
2022-04-21,4호선,동대문역사문화공원(DDP),14720,13425,28145,1295,4,21,목
2022-04-21,4호선,동대문,20063,20296,40359,-233,4,21,목
2022-04-21,4호선,혜화,32201,31568,63769,633,4,21,목
2022-04-21,4호선,한성대입구(삼선교),13966,14103,28069,-137,4,21,목
2022-04-21,4호선,성신여대입구(돈암),20480,20051,40531,429,4,21,목
2022-04-21,4호선,길음,21322,21829,43151,-507,4,21,목
2022-04-21,4호선,미아사거리,27410,27249,54659,161,4,21,목
2022-04-21,4호선,미아(서울사이버대학),15421,15262,30683,159,4,21,목
2022-04-21,4호선,수유(강북구청),33857,34447,68304,-590,4,21,목
2022-04-21,4호선,쌍문,29534,28006,57540,1528,4,21,목
2022-04-21,4호선,창동,26095,27291,53386,-1196,4,21,목
2022-04-21,4호선,노원,18693,21197,39890,-2504,4,21,목
2022-04-21,4호선,상계,20172,18753,38925,1419,4,21,목
2022-04-21,4호선,당고개,9372,8520,17892,852,4,21,목
2022-04-21,3호선,오금,6487,6508,12995,-21,4,21,목
2022-04-21,3호선,경찰병원,7144,7049,14193,95,4,21,목
2022-04-21,3호선,가락시장,9229,10090,19319,-861,4,21,목
2022-04-21,3호선,수서,16972,17178,34150,-206,4,21,목
2022-04-21,3호선,일원,10514,10507,21021,7,4,21,목
2022-04-21,3호선,대청,9993,9350,19343,643,4,21,목
2022-04-21,3호선,학여울,2608,2973,5581,-365,4,21,목
2022-04-21,3호선,대치,10736,11657,22393,-921,4,21,목
2022-04-21,3호선,도곡,5367,5768,11135,-401,4,21,목
2022-04-21,3호선,매봉,12005,12081,24086,-76,4,21,목
2022-04-21,3호선,양재(서초구청),39637,38749,78386,888,4,21,목
2022-04-21,3호선,남부터미널(예술의전당),29205,27429,56634,1776,4,21,목
2022-04-21,3호선,교대(법원.검찰청),15763,10296,26059,5467,4,21,목
2022-04-21,3호선,고속터미널,39236,40445,79681,-1209,4,21,목
2022-04-21,3호선,잠원,4421,5893,10314,-1472,4,21,목
2022-04-21,3호선,신사,30018,29616,59634,402,4,21,목
2022-04-21,3호선,압구정,30753,31695,62448,-942,4,21,목
2022-04-21,3호선,옥수,9434,10126,19560,-692,4,21,목
2022-04-21,3호선,금호,8003,8412,16415,-409,4,21,목
2022-04-21,3호선,약수,13760,15316,29076,-1556,4,21,목
2022-04-21,3호선,동대입구,9142,9782,18924,-640,4,21,목
2022-04-21,3호선,충무로,1,0,1,1,4,21,목
2022-04-21,3호선,을지로3가,10610,9703,20313,907,4,21,목
2022-04-21,3호선,종로3가,9968,11769,21737,-1801,4,21,목
2022-04-21,3호선,안국,21499,19003,40502,2496,4,21,목
2022-04-21,3호선,경복궁(정부서울청사),21622,19304,40926,2318,4,21,목
2022-04-21,3호선,독립문,7267,8056,15323,-789,4,21,목
2022-04-21,3호선,무악재,4541,5558,10099,-1017,4,21,목
2022-04-21,3호선,홍제,18049,18466,36515,-417,4,21,목
2022-04-21,3호선,녹번,15734,16833,32567,-1099,4,21,목
2022-04-21,3호선,불광,17201,19395,36596,-2194,4,21,목
2022-04-21,3호선,연신내,38178,36529,74707,1649,4,21,목
2022-04-21,3호선,구파발,20782,21963,42745,-1181,4,21,목
2022-04-21,3호선,지축,5154,5192,10346,-38,4,21,목
2022-04-21,2호선,용두(동대문구청),2429,2385,4814,44,4,21,목
2022-04-21,2호선,신정네거리,10590,10854,21444,-264,4,21,목
2022-04-21,2호선,양천구청,7043,7220,14263,-177,4,21,목
2022-04-21,2호선,도림천,1402,1505,2907,-103,4,21,목
2022-04-21,2호선,신설동,3328,1751,5079,1577,4,21,목
2022-04-21,2호선,신답,1728,1891,3619,-163,4,21,목
2022-04-21,2호선,용답,3138,3217,6355,-79,4,21,목
2022-04-21,2호선,충정로(경기대입구),10350,11771,22121,-1421,4,21,목
2022-04-21,2호선,아현,10905,11724,22629,-819,4,21,목
2022-04-21,2호선,이대,13229,14671,27900,-1442,4,21,목
2022-04-21,2호선,신촌,31003,31629,62632,-626,4,21,목
2022-04-21,2호선,홍대입구,50588,54715,105303,-4127,4,21,목
2022-04-21,2호선,합정,31170,33618,64788,-2448,4,21,목
2022-04-21,2호선,당산,19712,23149,42861,-3437,4,21,목
2022-04-21,2호선,영등포구청,22995,23922,46917,-927,4,21,목
2022-04-21,2호선,문래,22357,22726,45083,-369,4,21,목
2022-04-21,2호선,신도림,49039,49806,98845,-767,4,21,목
2022-04-21,2호선,대림(구로구청),24616,24994,49610,-378,4,21,목
2022-04-21,2호선,구로디지털단지,59825,58286,118111,1539,4,21,목
2022-04-21,2호선,신대방,27672,26809,54481,863,4,21,목
2022-04-21,2호선,신림,64024,62046,126070,1978,4,21,목
2022-04-21,2호선,봉천,24553,22883,47436,1670,4,21,목
2022-04-21,2호선,서울대입구(관악구청),48486,46758,95244,1728,4,21,목
2022-04-21,2호선,낙성대(강감찬),27831,26684,54515,1147,4,21,목
2022-04-21,2호선,사당,40766,44813,85579,-4047,4,21,목
2022-04-21,2호선,방배,19586,20082,39668,-496,4,21,목
2022-04-21,2호선,서초,23606,20259,43865,3347,4,21,목
2022-04-21,2호선,교대(법원.검찰청),35473,39434,74907,-3961,4,21,목
2022-04-21,2호선,강남,82304,79989,162293,2315,4,21,목
2022-04-21,2호선,역삼,52370,57379,109749,-5009,4,21,목
2022-04-21,2호선,선릉,58287,52072,110359,6215,4,21,목
2022-04-21,2호선,삼성(무역센터),53533,53347,106880,186,4,21,목
2022-04-21,2호선,종합운동장,9373,10476,19849,-1103,4,21,목
2022-04-21,2호선,잠실새내,21307,21596,42903,-289,4,21,목
2022-04-21,2호선,잠실(송파구청),67895,67116,135011,779,4,21,목
2022-04-21,2호선,잠실나루,15122,14813,29935,309,4,21,목
2022-04-21,2호선,강변(동서울터미널),30279,27897,58176,2382,4,21,목
2022-04-21,2호선,구의(광진구청),24222,24034,48256,188,4,21,목
2022-04-21,2호선,건대입구,34512,37638,72150,-3126,4,21,목
2022-04-21,2호선,성수,37010,40139,77149,-3129,4,21,목
2022-04-21,2호선,뚝섬,22355,23259,45614,-904,4,21,목
2022-04-21,2호선,한양대,14111,14397,28508,-286,4,21,목
2022-04-21,2호선,왕십리(성동구청),17064,13783,30847,3281,4,21,목
2022-04-21,2호선,상왕십리,14283,14463,28746,-180,4,21,목
2022-04-21,2호선,신당,14465,15919,30384,-1454,4,21,목
2022-04-21,2호선,동대문역사문화공원(DDP),12175,12434,24609,-259,4,21,목
2022-04-21,2호선,을지로4가,13328,13432,26760,-104,4,21,목
2022-04-21,2호선,을지로3가,22950,21736,44686,1214,4,21,목
2022-04-21,2호선,을지로입구,38929,35764,74693,3165,4,21,목
2022-04-21,2호선,시청,24070,21599,45669,2471,4,21,목
2022-04-21,1호선,동묘앞,8283,8639,16922,-356,4,21,목
2022-04-21,1호선,청량리(서울시립대입구),20770,20175,40945,595,4,21,목
2022-04-21,1호선,제기동,17825,18052,35877,-227,4,21,목
2022-04-21,1호선,신설동,14052,13765,27817,287,4,21,목
2022-04-21,1호선,동대문,11082,10505,21587,577,4,21,목
2022-04-21,1호선,종로5가,23177,23185,46362,-8,4,21,목
2022-04-21,1호선,종로3가,25965,23867,49832,2098,4,21,목
2022-04-21,1호선,종각,35016,34374,69390,642,4,21,목
2022-04-21,1호선,시청,23597,25100,48697,-1503,4,21,목
2022-04-21,1호선,서울역,44195,43114,87309,1081,4,21,목
2022-04-21,5호선,명일,8763,8970,17733,-207,4,21,목
2022-04-21,중앙선,오빈,343,338,681,5,4,21,목
2022-04-21,우이신설선,정릉,4990,4450,9440,540,4,21,목
2022-04-21,우이신설선,북한산보국문,6204,5776,11980,428,4,21,목
2022-04-21,우이신설선,솔샘,6059,5643,11702,416,4,21,목
2022-04-21,우이신설선,삼양사거리,2468,2487,4955,-19,4,21,목
2022-04-21,우이신설선,삼양,2047,2107,4154,-60,4,21,목
2022-04-21,우이신설선,화계,3598,3278,6876,320,4,21,목
2022-04-21,우이신설선,가오리,4371,4164,8535,207,4,21,목
2022-04-21,우이신설선,4.19민주묘지,3490,3314,6804,176,4,21,목
2022-04-21,우이신설선,솔밭공원,2574,2470,5044,104,4,21,목
2022-04-21,우이신설선,북한산우이,2845,2539,5384,306,4,21,목
2022-04-21,안산선,수리산,3444,4136,7580,-692,4,21,목
2022-04-21,안산선,오이도,8756,9354,18110,-598,4,21,목
2022-04-21,안산선,정왕,10646,10852,21498,-206,4,21,목
2022-04-21,안산선,신길온천,1901,1796,3697,105,4,21,목
2022-04-21,안산선,안산,11486,10225,21711,1261,4,21,목
2022-04-21,안산선,초지,5149,6131,11280,-982,4,21,목
2022-04-21,안산선,고잔,8642,8829,17471,-187,4,21,목
2022-04-21,안산선,중앙,17743,19782,37525,-2039,4,21,목
2022-04-21,안산선,한대앞,11278,12642,23920,-1364,4,21,목
2022-04-21,안산선,상록수,15662,18221,33883,-2559,4,21,목
2022-04-21,안산선,반월,3928,5024,8952,-1096,4,21,목
2022-04-21,안산선,대야미,3951,4970,8921,-1019,4,21,목
2022-04-21,수인선,사리,5583,4823,10406,760,4,21,목
2022-04-21,수인선,야목,445,369,814,76,4,21,목
2022-04-21,수인선,어천,808,857,1665,-49,4,21,목
2022-04-21,중앙선,지평,90,103,193,-13,4,21,목
2022-04-21,중앙선,용문,2049,1985,4034,64,4,21,목
2022-04-21,중앙선,원덕,422,445,867,-23,4,21,목
2022-04-21,중앙선,양평,2774,2863,5637,-89,4,21,목
2022-04-21,중앙선,아신,608,562,1170,46,4,21,목
2022-04-21,중앙선,국수,893,898,1791,-5,4,21,목
2022-04-21,중앙선,신원,307,258,565,49,4,21,목
2022-04-21,중앙선,양수,2178,2222,4400,-44,4,21,목
2022-04-21,중앙선,운길산,1109,1083,2192,26,4,21,목
2022-04-21,중앙선,팔당,914,1009,1923,-95,4,21,목
2022-04-21,중앙선,도심,2591,2109,4700,482,4,21,목
2022-04-21,중앙선,덕소,5818,5779,11597,39,4,21,목
2022-04-21,중앙선,양정,814,664,1478,150,4,21,목
2022-04-21,중앙선,도농,11135,10154,21289,981,4,21,목
2022-04-21,중앙선,구리,13735,14051,27786,-316,4,21,목
2022-04-21,중앙선,양원,3301,3030,6331,271,4,21,목
2022-04-21,중앙선,망우,8143,8014,16157,129,4,21,목
2022-04-21,중앙선,상봉(시외버스터미널),6106,6100,12206,6,4,21,목
2022-04-21,중앙선,중랑,5816,5499,11315,317,4,21,목
2022-04-21,중앙선,회기,25030,23887,48917,1143,4,21,목
2022-04-21,장항선,신창(순천향대),3515,2828,6343,687,4,21,목
2022-04-21,장항선,온양온천,3777,4000,7777,-223,4,21,목
2022-04-21,장항선,배방,1226,1126,2352,100,4,21,목
2022-04-21,장항선,탕정,915,728,1643,187,4,21,목
2022-04-21,장항선,아산,3808,3546,7354,262,4,21,목
2022-04-21,장항선,쌍용(나사렛대),3254,2869,6123,385,4,21,목
2022-04-21,장항선,봉명,1317,1282,2599,35,4,21,목
2022-04-21,일산선,대화,12725,11066,23791,1659,4,21,목
2022-04-21,일산선,주엽,9004,9416,18420,-412,4,21,목
2022-04-21,일산선,정발산,6991,6982,13973,9,4,21,목
2022-04-21,일산선,마두,7571,8014,15585,-443,4,21,목
2022-04-21,일산선,백석,9964,10371,20335,-407,4,21,목
2022-04-21,일산선,대곡,2810,2653,5463,157,4,21,목
2022-04-21,일산선,화정,16846,17780,34626,-934,4,21,목
2022-04-21,일산선,원당,11419,11833,23252,-414,4,21,목
2022-04-21,일산선,삼송,19930,20535,40465,-605,4,21,목
2022-04-21,일산선,원흥,11079,10598,21677,481,4,21,목
2022-04-21,우이신설선,신설동,2209,2152,4361,57,4,21,목
2022-04-21,우이신설선,보문,1581,1507,3088,74,4,21,목
2022-04-21,우이신설선,성신여대입구(돈암),3516,3648,7164,-132,4,21,목
2022-04-21,안산선,산본,11892,16151,28043,-4259,4,21,목
2022-04-21,수인선,인천,1054,1733,2787,-679,4,21,목
2022-04-21,수인선,신포,1958,2009,3967,-51,4,21,목
2022-04-21,수인선,숭의,4247,3977,8224,270,4,21,목
2022-04-21,수인선,인하대,7677,7185,14862,492,4,21,목
2022-04-21,수인선,송도,2691,2511,5202,180,4,21,목
2022-04-21,수인선,연수,4933,4790,9723,143,4,21,목
2022-04-21,수인선,원인재,4468,4820,9288,-352,4,21,목
2022-04-21,수인선,남동인더스파크,2350,2625,4975,-275,4,21,목
2022-04-21,수인선,호구포,4301,4536,8837,-235,4,21,목
2022-04-21,수인선,인천논현,5771,6252,12023,-481,4,21,목
2022-04-22,안산선,안산,12024,10601,22625,1423,4,22,금
2022-04-22,안산선,고잔,9436,9007,18443,429,4,22,금
2022-04-22,안산선,중앙,19173,20712,39885,-1539,4,22,금
2022-04-22,안산선,한대앞,10733,10471,21204,262,4,22,금
2022-04-22,안산선,상록수,17120,17061,34181,59,4,22,금
2022-04-22,안산선,반월,4612,4367,8979,245,4,22,금
2022-04-22,안산선,대야미,5524,4760,10284,764,4,22,금
2022-04-22,안산선,산본,16727,18211,34938,-1484,4,22,금
2022-04-22,수인선,인천,1078,1732,2810,-654,4,22,금
2022-04-22,수인선,신포,2013,2052,4065,-39,4,22,금
2022-04-22,수인선,숭의,4188,3909,8097,279,4,22,금
2022-04-22,수인선,인하대,7090,6452,13542,638,4,22,금
2022-04-22,수인선,송도,2562,2360,4922,202,4,22,금
2022-04-22,수인선,연수,5051,4950,10001,101,4,22,금
2022-04-22,수인선,원인재,4552,4920,9472,-368,4,22,금
2022-04-22,수인선,남동인더스파크,2321,2573,4894,-252,4,22,금
2022-04-22,수인선,호구포,4443,4495,8938,-52,4,22,금
2022-04-22,수인선,인천논현,5753,6268,12021,-515,4,22,금
2022-04-22,수인선,소래포구,5295,5198,10493,97,4,22,금
2022-04-22,수인선,월곶,2763,2617,5380,146,4,22,금
2022-04-22,수인선,달월,118,73,191,45,4,22,금
2022-04-22,수인선,사리,5208,4435,9643,773,4,22,금
2022-04-22,수인선,야목,428,332,760,96,4,22,금
2022-04-22,수인선,어천,860,855,1715,5,4,22,금
2022-04-22,수인선,오목천,3953,3374,7327,579,4,22,금
2022-04-22,수인선,고색,5092,4760,9852,332,4,22,금
2022-04-22,분당선,매교,3440,3399,6839,41,4,22,금
2022-04-22,분당선,수원시청,13634,16081,29715,-2447,4,22,금
2022-04-22,분당선,매탄권선,5592,5175,10767,417,4,22,금
2022-04-22,분당선,망포,15861,14526,30387,1335,4,22,금
2022-04-22,분당선,영통,9008,9206,18214,-198,4,22,금
2022-04-22,분당선,청명,4752,4394,9146,358,4,22,금
2022-04-22,분당선,상갈,5654,5368,11022,286,4,22,금
2022-04-22,분당선,기흥,10456,9721,20177,735,4,22,금
2022-04-22,분당선,신갈,4644,4633,9277,11,4,22,금
2022-04-22,분당선,구성,5208,5509,10717,-301,4,22,금
2022-04-22,분당선,죽전,14871,15738,30609,-867,4,22,금
2022-04-22,분당선,보정,2775,2392,5167,383,4,22,금
2022-04-22,분당선,이매,6026,5589,11615,437,4,22,금
2022-04-22,분당선,오리,12117,9849,21966,2268,4,22,금
2022-04-22,분당선,미금,16575,17452,34027,-877,4,22,금
2022-04-22,분당선,정자,18328,19584,37912,-1256,4,22,금
2022-04-22,분당선,수내,13677,13654,27331,23,4,22,금
2022-04-22,분당선,서현,25371,26255,51626,-884,4,22,금
2022-04-22,분당선,야탑,27110,28619,55729,-1509,4,22,금
2022-04-22,분당선,모란,20875,21604,42479,-729,4,22,금
2022-04-22,분당선,태평,13945,13308,27253,637,4,22,금
2022-04-22,분당선,가천대,10904,11121,22025,-217,4,22,금
2022-04-22,분당선,선정릉,8254,8769,17023,-515,4,22,금
2022-04-22,분당선,강남구청,10622,12179,22801,-1557,4,22,금
2022-04-22,분당선,압구정로데오,20635,24588,45223,-3953,4,22,금
2022-04-22,분당선,서울숲,12169,12525,24694,-356,4,22,금
2022-04-22,분당선,수원,9109,7625,16734,1484,4,22,금
2022-04-22,분당선,복정,2,0,2,2,4,22,금
2022-04-22,분당선,수서,15354,16327,31681,-973,4,22,금
2022-04-22,분당선,대모산입구,4865,4402,9267,463,4,22,금
2022-04-22,분당선,개포동,4082,4271,8353,-189,4,22,금
2022-04-22,분당선,구룡,2593,2419,5012,174,4,22,금
2022-04-22,분당선,도곡,7553,7311,14864,242,4,22,금
2022-04-22,분당선,한티,14702,15598,30300,-896,4,22,금
2022-04-22,분당선,선릉,13535,21341,34876,-7806,4,22,금
2022-04-22,과천선,범계,27164,28004,55168,-840,4,22,금
2022-04-22,과천선,평촌,18009,17733,35742,276,4,22,금
2022-04-22,과천선,인덕원,25537,26200,51737,-663,4,22,금
2022-04-22,과천선,정부과천청사,10624,10294,20918,330,4,22,금
2022-04-22,과천선,과천,6549,5926,12475,623,4,22,금
2022-04-22,과천선,대공원,3469,3761,7230,-292,4,22,금
2022-04-22,과천선,경마공원,6990,7010,14000,-20,4,22,금
2022-04-22,과천선,선바위,8745,7702,16447,1043,4,22,금
2022-04-22,공항철도 1호선,영종,3223,3352,6575,-129,4,22,금
2022-04-22,공항철도 1호선,인천공항2터미널,2520,2309,4829,211,4,22,금
2022-04-22,공항철도 1호선,인천공항1터미널,4932,4916,9848,16,4,22,금
2022-04-22,공항철도 1호선,공항화물청사,2290,2472,4762,-182,4,22,금
2022-04-22,공항철도 1호선,운서,7141,7081,14222,60,4,22,금
2022-04-22,공항철도 1호선,청라국제도시,7209,6953,14162,256,4,22,금
2022-04-22,공항철도 1호선,검암,6923,6874,13797,49,4,22,금
2022-04-22,공항철도 1호선,계양,10834,10108,20942,726,4,22,금
2022-04-22,공항철도 1호선,김포공항,14538,7464,22002,7074,4,22,금
2022-04-22,공항철도 1호선,마곡나루(서울식물원),9103,8680,17783,423,4,22,금
2022-04-22,공항철도 1호선,디지털미디어시티,14320,13091,27411,1229,4,22,금
2022-04-22,공항철도 1호선,홍대입구,10069,10835,20904,-766,4,22,금
2022-04-22,공항철도 1호선,공덕,2440,3241,5681,-801,4,22,금
2022-04-22,공항철도 1호선,서울역,9774,9520,19294,254,4,22,금
2022-04-22,경춘선,춘천,2000,1427,3427,573,4,22,금
2022-04-22,경춘선,남춘천,3503,3129,6632,374,4,22,금
2022-04-22,경춘선,김유정,312,362,674,-50,4,22,금
2022-04-22,경춘선,강촌,414,440,854,-26,4,22,금
2022-04-22,경춘선,백양리,88,92,180,-4,4,22,금
2022-04-22,경춘선,굴봉산,187,204,391,-17,4,22,금
2022-04-22,경춘선,가평,1625,1857,3482,-232,4,22,금
2022-04-22,경춘선,상천,341,339,680,2,4,22,금
2022-04-22,경춘선,청평,1758,1970,3728,-212,4,22,금
2022-04-22,경춘선,대성리,551,610,1161,-59,4,22,금
2022-04-22,경춘선,마석,4081,4136,8217,-55,4,22,금
2022-04-22,경춘선,천마산,1801,1631,3432,170,4,22,금
2022-04-22,경춘선,평내호평,6478,6512,12990,-34,4,22,금
2022-04-22,경춘선,금곡,1594,1540,3134,54,4,22,금
2022-04-22,경춘선,사릉,2614,2600,5214,14,4,22,금
2022-04-22,경춘선,퇴계원,3605,3399,7004,206,4,22,금
2022-04-22,경춘선,별내,3329,3153,6482,176,4,22,금
2022-04-22,경춘선,갈매,3159,2796,5955,363,4,22,금
2022-04-22,경춘선,신내,2433,2241,4674,192,4,22,금
2022-04-22,경인선,도화,4361,3897,8258,464,4,22,금
2022-04-22,경인선,중동,9817,9121,18938,696,4,22,금
2022-04-22,경인선,온수(성공회대입구),7570,6906,14476,664,4,22,금
2022-04-22,경인선,도원,3418,3324,6742,94,4,22,금
2022-04-22,경인선,간석,6170,5368,11538,802,4,22,금
2022-04-22,경인선,부개,8943,8248,17191,695,4,22,금
2022-04-22,경인선,소사,9247,8656,17903,591,4,22,금
2022-04-22,경인선,구일,8541,8642,17183,-101,4,22,금
2022-04-22,경인선,인천,3539,2787,6326,752,4,22,금
2022-04-22,경인선,동인천,14246,13615,27861,631,4,22,금
2022-04-22,경인선,제물포,11666,10646,22312,1020,4,22,금
2022-04-22,경인선,주안,20190,17942,38132,2248,4,22,금
2022-04-22,경인선,동암,15163,15297,30460,-134,4,22,금
2022-04-22,경인선,백운,7207,6991,14198,216,4,22,금
2022-04-22,경인선,부평,30021,33726,63747,-3705,4,22,금
2022-04-22,경인선,송내,28298,28111,56409,187,4,22,금
2022-04-22,경인선,부천,33721,34648,68369,-927,4,22,금
2022-04-22,경인선,역곡,29040,28285,57325,755,4,22,금
2022-04-22,경인선,오류동,12471,11091,23562,1380,4,22,금
2022-04-22,경인선,개봉,22318,21568,43886,750,4,22,금
2022-04-22,경의선,임진강,11,9,20,2,4,22,금
2022-04-22,경의선,문산,5399,5119,10518,280,4,22,금
2022-04-22,경의선,파주,1464,950,2414,514,4,22,금
2022-04-22,경의선,월롱,3065,2415,5480,650,4,22,금
2022-04-22,경의선,금촌,6778,6494,13272,284,4,22,금
2022-04-22,경의선,금릉,5117,4951,10068,166,4,22,금
2022-04-22,경의선,운정,7384,6855,14239,529,4,22,금
2022-04-22,경의선,야당,7916,8427,16343,-511,4,22,금
2022-04-22,경의선,탄현,8107,7761,15868,346,4,22,금
2022-04-22,경의선,일산,9963,9762,19725,201,4,22,금
2022-04-22,경의선,풍산,5961,5485,11446,476,4,22,금
2022-04-22,경의선,백마,7470,7119,14589,351,4,22,금
2022-04-22,경의선,곡산,709,734,1443,-25,4,22,금
2022-04-22,경의선,능곡,3999,3773,7772,226,4,22,금
2022-04-22,경의선,행신,8592,8509,17101,83,4,22,금
2022-04-22,경의선,강매,3431,2898,6329,533,4,22,금
2022-04-22,경의선,화전,2887,2571,5458,316,4,22,금
2022-04-22,경의선,수색,2896,3018,5914,-122,4,22,금
2022-04-22,경의선,디지털미디어시티,2774,2471,5245,303,4,22,금
2022-04-22,경의선,가좌,5738,5426,11164,312,4,22,금
2022-04-22,경의선,홍대입구,1699,2146,3845,-447,4,22,금
2022-04-22,경의선,서강대,2156,2101,4257,55,4,22,금
2022-04-22,경의선,공덕,3498,3308,6806,190,4,22,금
2022-04-22,경의선,효창공원앞,3099,3446,6545,-347,4,22,금
2022-04-22,경의선,신촌,912,1176,2088,-264,4,22,금
2022-04-22,경의선,서울역,4711,6311,11022,-1600,4,22,금
2022-04-22,경원선,소요산,2461,2030,4491,431,4,22,금
2022-04-22,경원선,동두천,2625,2783,5408,-158,4,22,금
2022-04-22,경원선,보산,1879,1633,3512,246,4,22,금
2022-04-22,경원선,동두천중앙,3288,3138,6426,150,4,22,금
2022-04-22,경원선,지행,7113,7117,14230,-4,4,22,금
2022-04-22,경원선,덕정,6894,6311,13205,583,4,22,금
2022-04-22,경원선,덕계,3440,3135,6575,305,4,22,금
2022-04-22,경원선,양주,8203,7618,15821,585,4,22,금
2022-04-22,경원선,녹양,4921,4687,9608,234,4,22,금
2022-04-22,경원선,가능,7159,6822,13981,337,4,22,금
2022-04-22,경원선,의정부,18979,20472,39451,-1493,4,22,금
2022-04-22,경원선,회룡,12873,12741,25614,132,4,22,금
2022-04-22,경원선,망월사,8819,8675,17494,144,4,22,금
2022-04-22,경원선,도봉산,7481,4745,12226,2736,4,22,금
2022-04-22,경원선,도봉,6238,5875,12113,363,4,22,금
2022-04-22,경원선,방학,10095,9815,19910,280,4,22,금
2022-04-22,경원선,녹천,4892,3928,8820,964,4,22,금
2022-04-22,경원선,월계,8419,7573,15992,846,4,22,금
2022-04-22,경원선,광운대,9042,8770,17812,272,4,22,금
2022-04-22,경원선,석계,8653,9485,18138,-832,4,22,금
2022-04-22,경원선,신이문,8516,7732,16248,784,4,22,금
2022-04-22,경원선,외대앞,8435,8150,16585,285,4,22,금
2022-04-22,경원선,청량리(서울시립대입구),17060,17473,34533,-413,4,22,금
2022-04-22,경원선,왕십리(성동구청),14723,16442,31165,-1719,4,22,금
2022-04-22,경원선,응봉,2002,1690,3692,312,4,22,금
2022-04-22,경원선,옥수,61,41,102,20,4,22,금
2022-04-22,경원선,한남,4342,4119,8461,223,4,22,금
2022-04-22,경원선,서빙고,2072,1860,3932,212,4,22,금
2022-04-22,경원선,이촌(국립중앙박물관),3850,3033,6883,817,4,22,금
2022-04-22,경부선,광명,3799,3567,7366,232,4,22,금
2022-04-22,경부선,서동탄,1495,1331,2826,164,4,22,금
2022-04-22,경부선,당정,7076,6667,13743,409,4,22,금
2022-04-22,경부선,천안,6930,6888,13818,42,4,22,금
2022-04-22,경부선,두정,7792,7030,14822,762,4,22,금
2022-04-22,경부선,직산,1001,951,1952,50,4,22,금
2022-04-22,경부선,성환,5087,4392,9479,695,4,22,금
2022-04-22,경부선,평택,14373,13944,28317,429,4,22,금
2022-04-22,경부선,평택지제,4234,4002,8236,232,4,22,금
2022-04-22,경부선,서정리,8670,7145,15815,1525,4,22,금
2022-04-22,경부선,송탄,5223,4597,9820,626,4,22,금
2022-04-22,경부선,진위,2076,1658,3734,418,4,22,금
2022-04-22,경부선,오산,10916,10773,21689,143,4,22,금
2022-04-22,경부선,오산대,4171,3852,8023,319,4,22,금
2022-04-22,경부선,세마,3140,2900,6040,240,4,22,금
2022-04-22,경부선,병점,16264,16126,32390,138,4,22,금
2022-04-22,경부선,세류,3266,3012,6278,254,4,22,금
2022-04-22,경부선,독산,19088,19451,38539,-363,4,22,금
2022-04-22,경부선,수원,37738,41947,79685,-4209,4,22,금
2022-04-22,경부선,화서,8592,8202,16794,390,4,22,금
2022-04-22,경부선,성균관대,17107,16073,33180,1034,4,22,금
2022-04-22,경부선,의왕,9881,9620,19501,261,4,22,금
2022-04-22,경부선,군포,8029,7864,15893,165,4,22,금
2022-04-22,경부선,금정,28377,28592,56969,-215,4,22,금
2022-04-22,경부선,명학,9910,9524,19434,386,4,22,금
2022-04-22,경부선,안양,27210,26838,54048,372,4,22,금
2022-04-22,경부선,관악,7426,6804,14230,622,4,22,금
2022-04-22,경부선,석수,10124,9016,19140,1108,4,22,금
2022-04-22,경부선,금천구청,12324,12162,24486,162,4,22,금
2022-04-22,경부선,가산디지털단지,19021,21945,40966,-2924,4,22,금
2022-04-22,경부선,구로,18760,19794,38554,-1034,4,22,금
2022-04-22,경부선,신길,9398,7847,17245,1551,4,22,금
2022-04-22,경부선,신도림,4271,4373,8644,-102,4,22,금
2022-04-22,경부선,영등포,40360,42917,83277,-2557,4,22,금
2022-04-22,경부선,대방,13304,13432,26736,-128,4,22,금
2022-04-22,경부선,노량진,9012,8920,17932,92,4,22,금
2022-04-22,경부선,용산,37637,39429,77066,-1792,4,22,금
2022-04-22,경부선,남영,9730,10320,20050,-590,4,22,금
2022-04-22,경부선,서울역,8196,2695,10891,5501,4,22,금
2022-04-22,경강선,여주,2360,2477,4837,-117,4,22,금
2022-04-22,경강선,세종대왕릉,357,373,730,-16,4,22,금
2022-04-22,경강선,부발,2801,2214,5015,587,4,22,금
2022-04-22,경강선,이천,2892,3029,5921,-137,4,22,금
2022-04-22,경강선,신둔도예촌,1807,1538,3345,269,4,22,금
2022-04-22,경강선,곤지암,2463,2290,4753,173,4,22,금
2022-04-22,경강선,초월,3434,3119,6553,315,4,22,금
2022-04-22,경강선,경기광주,8063,7476,15539,587,4,22,금
2022-04-22,경강선,삼동,2526,2277,4803,249,4,22,금
2022-04-22,경강선,이매,1154,945,2099,209,4,22,금
2022-04-22,경강선,판교,4820,4971,9791,-151,4,22,금
2022-04-22,9호선2~3단계,중앙보훈병원,11146,9564,20710,1582,4,22,금
2022-04-22,9호선2~3단계,둔촌오륜,1237,1070,2307,167,4,22,금
2022-04-22,9호선2~3단계,올림픽공원(한국체대),6417,6099,12516,318,4,22,금
2022-04-22,9호선2~3단계,한성백제,2623,2338,4961,285,4,22,금
2022-04-22,9호선2~3단계,송파나루,5223,5679,10902,-456,4,22,금
2022-04-22,9호선2~3단계,석촌,9111,7719,16830,1392,4,22,금
2022-04-22,9호선2~3단계,석촌고분,6329,6155,12484,174,4,22,금
2022-04-22,9호선2~3단계,삼전,7070,6706,13776,364,4,22,금
2022-04-22,9호선2~3단계,종합운동장,4910,5197,10107,-287,4,22,금
2022-04-22,9호선2~3단계,봉은사,18058,18841,36899,-783,4,22,금
2022-04-22,9호선2~3단계,삼성중앙,7198,7481,14679,-283,4,22,금
2022-04-22,9호선2~3단계,선정릉,9959,11078,21037,-1119,4,22,금
2022-04-22,9호선2~3단계,언주,10794,11020,21814,-226,4,22,금
2022-04-22,9호선,신논현,34000,35894,69894,-1894,4,22,금
2022-04-22,9호선,사평,3724,3458,7182,266,4,22,금
2022-04-22,9호선,고속터미널,13978,18466,32444,-4488,4,22,금
2022-04-22,9호선,신반포,3706,3570,7276,136,4,22,금
2022-04-22,9호선,구반포,1383,1418,2801,-35,4,22,금
2022-04-22,9호선,동작(현충원),2063,1645,3708,418,4,22,금
2022-04-22,9호선,흑석(중앙대입구),8907,8983,17890,-76,4,22,금
2022-04-22,9호선,노들,4635,3862,8497,773,4,22,금
2022-04-22,9호선,노량진,27817,26353,54170,1464,4,22,금
2022-04-22,9호선,샛강,6113,6424,12537,-311,4,22,금
2022-04-22,9호선,여의도,29394,27956,57350,1438,4,22,금
2022-04-22,9호선,국회의사당,15928,16346,32274,-418,4,22,금
2022-04-22,9호선,당산,19354,19058,38412,296,4,22,금
2022-04-22,9호선,선유도,9136,8443,17579,693,4,22,금
2022-04-22,9호선,신목동,4355,3699,8054,656,4,22,금
2022-04-22,9호선,염창,18246,17125,35371,1121,4,22,금
2022-04-22,9호선,등촌,11564,10955,22519,609,4,22,금
2022-04-22,9호선,증미,7591,7104,14695,487,4,22,금
2022-04-22,9호선,가양,21475,20096,41571,1379,4,22,금
2022-04-22,9호선,양천향교,10453,10223,20676,230,4,22,금
2022-04-22,9호선,마곡나루(서울식물원),12607,12523,25130,84,4,22,금
2022-04-22,9호선,신방화,7155,6676,13831,479,4,22,금
2022-04-22,9호선,공항시장,3129,3294,6423,-165,4,22,금
2022-04-22,9호선,김포공항,8303,13241,21544,-4938,4,22,금
2022-04-22,9호선,개화,2568,1780,4348,788,4,22,금
2022-04-22,8호선,남위례,5161,5306,10467,-145,4,22,금
2022-04-22,8호선,모란,4473,3807,8280,666,4,22,금
2022-04-22,8호선,수진,5481,5005,10486,476,4,22,금
2022-04-22,8호선,신흥,4335,4507,8842,-172,4,22,금
2022-04-22,8호선,단대오거리,11590,10576,22166,1014,4,22,금
2022-04-22,8호선,남한산성입구(성남법원.검찰청),15425,13561,28986,1864,4,22,금
2022-04-22,8호선,산성,5426,5365,10791,61,4,22,금
2022-04-22,8호선,복정,10463,8480,18943,1983,4,22,금
2022-04-22,8호선,장지,17808,16656,34464,1152,4,22,금
2022-04-22,8호선,문정,22404,23366,45770,-962,4,22,금
2022-04-22,8호선,가락시장,7980,9057,17037,-1077,4,22,금
2022-04-22,8호선,송파,8459,8316,16775,143,4,22,금
2022-04-22,8호선,석촌,7856,9381,17237,-1525,4,22,금
2022-04-22,8호선,잠실(송파구청),13800,17051,30851,-3251,4,22,금
2022-04-22,8호선,몽촌토성(평화의문),6296,6307,12603,-11,4,22,금
2022-04-22,8호선,강동구청,10730,10909,21639,-179,4,22,금
2022-04-22,8호선,천호(풍납토성),15131,18006,33137,-2875,4,22,금
2022-04-22,8호선,암사,19469,16903,36372,2566,4,22,금
2022-04-22,7호선,온수(성공회대입구),11384,10582,21966,802,4,22,금
2022-04-22,7호선,천왕,11867,10942,22809,925,4,22,금
2022-04-22,7호선,광명사거리,22740,22302,45042,438,4,22,금
2022-04-22,7호선,철산,21778,22544,44322,-766,4,22,금
2022-04-22,7호선,가산디지털단지,45478,45349,90827,129,4,22,금
2022-04-22,7호선,남구로,15588,16660,32248,-1072,4,22,금
2022-04-22,7호선,대림(구로구청),7534,7865,15399,-331,4,22,금
2022-04-22,7호선,신풍,11979,11281,23260,698,4,22,금
2022-04-22,7호선,보라매,10443,10158,20601,285,4,22,금
2022-04-22,7호선,신대방삼거리,17222,16070,33292,1152,4,22,금
2022-04-22,7호선,장승배기,9146,8804,17950,342,4,22,금
2022-04-22,7호선,상도,11628,10825,22453,803,4,22,금
2022-04-22,7호선,숭실대입구(살피재),14477,14124,28601,353,4,22,금
2022-04-22,7호선,남성,11560,10299,21859,1261,4,22,금
2022-04-22,7호선,이수,16509,15979,32488,530,4,22,금
2022-04-22,7호선,내방,14851,15391,30242,-540,4,22,금
2022-04-22,7호선,고속터미널,17890,14721,32611,3169,4,22,금
2022-04-22,7호선,반포,6132,5932,12064,200,4,22,금
2022-04-22,7호선,논현,21060,24246,45306,-3186,4,22,금
2022-04-22,7호선,학동,24481,26427,50908,-1946,4,22,금
2022-04-22,7호선,강남구청,16607,18871,35478,-2264,4,22,금
2022-04-22,7호선,청담,19617,22388,42005,-2771,4,22,금
2022-04-22,7호선,뚝섬유원지,8593,8285,16878,308,4,22,금
2022-04-22,7호선,건대입구,12979,13807,26786,-828,4,22,금
2022-04-22,7호선,어린이대공원(세종대),13946,13790,27736,156,4,22,금
2022-04-22,7호선,군자(능동),15633,12231,27864,3402,4,22,금
2022-04-22,7호선,중곡,11598,10418,22016,1180,4,22,금
2022-04-22,7호선,용마산(용마폭포공원),6282,5756,12038,526,4,22,금
2022-04-22,7호선,사가정,16675,16653,33328,22,4,22,금
2022-04-22,7호선,면목,16574,15777,32351,797,4,22,금
2022-04-22,7호선,상봉(시외버스터미널),17437,16268,33705,1169,4,22,금
2022-04-22,7호선,중화,11154,10691,21845,463,4,22,금
2022-04-22,7호선,먹골,10532,9942,20474,590,4,22,금
2022-04-22,7호선,태릉입구,9144,8358,17502,786,4,22,금
2022-04-22,7호선,공릉(서울과학기술대),13488,12815,26303,673,4,22,금
2022-04-22,7호선,하계,18685,17300,35985,1385,4,22,금
2022-04-22,7호선,중계,15132,13374,28506,1758,4,22,금
2022-04-22,7호선,노원,19773,21042,40815,-1269,4,22,금
2022-04-22,7호선,마들,13291,12321,25612,970,4,22,금
2022-04-22,7호선,수락산,12866,12405,25271,461,4,22,금
2022-04-22,7호선,도봉산,9482,10739,20221,-1257,4,22,금
2022-04-22,7호선,장암,2327,942,3269,1385,4,22,금
2022-04-22,6호선,봉화산(서울의료원),8991,8398,17389,593,4,22,금
2022-04-22,6호선,화랑대(서울여대입구),12751,9392,22143,3359,4,22,금
2022-04-22,6호선,태릉입구,5774,6075,11849,-301,4,22,금
2022-04-22,6호선,석계,12787,13142,25929,-355,4,22,금
2022-04-22,6호선,돌곶이,9663,8690,18353,973,4,22,금
2022-04-22,6호선,상월곡(한국과학기술연구원),6428,5525,11953,903,4,22,금
2022-04-22,6호선,월곡(동덕여대),12035,11412,23447,623,4,22,금
2022-04-22,6호선,고려대(종암),8419,8109,16528,310,4,22,금
2022-04-22,6호선,안암(고대병원앞),11302,10796,22098,506,4,22,금
2022-04-22,6호선,보문,7607,6810,14417,797,4,22,금
2022-04-22,6호선,창신,3642,2931,6573,711,4,22,금
2022-04-22,6호선,동묘앞,7774,7654,15428,120,4,22,금
2022-04-22,6호선,신당,8744,8257,17001,487,4,22,금
2022-04-22,6호선,청구,3890,4108,7998,-218,4,22,금
2022-04-22,6호선,약수,3750,3946,7696,-196,4,22,금
2022-04-22,6호선,버티고개,2159,2097,4256,62,4,22,금
2022-04-22,6호선,한강진,8909,10871,19780,-1962,4,22,금
2022-04-22,6호선,이태원,11709,16050,27759,-4341,4,22,금
2022-04-22,6호선,녹사평(용산구청),5019,5525,10544,-506,4,22,금
2022-04-22,6호선,삼각지,7014,6198,13212,816,4,22,금
2022-04-22,6호선,효창공원앞,7329,6661,13990,668,4,22,금
2022-04-22,6호선,공덕,19097,18695,37792,402,4,22,금
2022-04-22,6호선,대흥(서강대앞),8477,8635,17112,-158,4,22,금
2022-04-22,6호선,광흥창(서강),9149,8782,17931,367,4,22,금
2022-04-22,6호선,상수,9369,11652,21021,-2283,4,22,금
2022-04-22,6호선,합정,13698,14068,27766,-370,4,22,금
2022-04-22,6호선,망원,14432,15652,30084,-1220,4,22,금
2022-04-22,6호선,마포구청,14449,12773,27222,1676,4,22,금
2022-04-22,6호선,월드컵경기장(성산),4166,4339,8505,-173,4,22,금
2022-04-22,6호선,디지털미디어시티,14155,15002,29157,-847,4,22,금
2022-04-22,6호선,증산(명지대앞),10287,9932,20219,355,4,22,금
2022-04-22,6호선,새절(신사),13558,12178,25736,1380,4,22,금
2022-04-22,6호선,구산,8090,5718,13808,2372,4,22,금
2022-04-22,6호선,연신내,1,0,1,1,4,22,금
2022-04-22,6호선,독바위,2853,2761,5614,92,4,22,금
2022-04-22,6호선,불광,4501,4270,8771,231,4,22,금
2022-04-22,6호선,역촌,3688,4309,7997,-621,4,22,금
2022-04-22,6호선,응암,18093,17464,35557,629,4,22,금
2022-04-22,5호선,하남검단산,5736,5388,11124,348,4,22,금
2022-04-22,5호선,하남시청(덕풍·신장),6926,6724,13650,202,4,22,금
2022-04-22,5호선,하남풍산,4455,4397,8852,58,4,22,금
2022-04-22,5호선,미사,16231,16347,32578,-116,4,22,금
2022-04-22,5호선,강일,4247,3937,8184,310,4,22,금
2022-04-22,5호선,마천,7402,7003,14405,399,4,22,금
2022-04-22,5호선,거여,10497,9901,20398,596,4,22,금
2022-04-22,5호선,개롱,6595,6822,13417,-227,4,22,금
2022-04-22,5호선,오금,3893,3938,7831,-45,4,22,금
2022-04-22,5호선,방이,7175,7490,14665,-315,4,22,금
2022-04-22,5호선,올림픽공원(한국체대),4417,3720,8137,697,4,22,금
2022-04-22,5호선,둔촌동,8563,8465,17028,98,4,22,금
2022-04-22,5호선,상일동,15254,14051,29305,1203,4,22,금
2022-04-22,5호선,고덕,10091,9673,19764,418,4,22,금
2022-04-22,5호선,명일,8805,9066,17871,-261,4,22,금
2022-04-22,5호선,굽은다리(강동구민회관앞),9651,9089,18740,562,4,22,금
2022-04-22,5호선,길동,8156,8433,16589,-277,4,22,금
2022-04-22,5호선,강동,19028,17937,36965,1091,4,22,금
2022-04-22,5호선,천호(풍납토성),18724,18871,37595,-147,4,22,금
2022-04-22,5호선,광나루(장신대),13707,12232,25939,1475,4,22,금
2022-04-22,5호선,아차산(어린이대공원후문),15478,14696,30174,782,4,22,금
2022-04-22,5호선,군자(능동),11567,12857,24424,-1290,4,22,금
2022-04-22,5호선,장한평,18996,18697,37693,299,4,22,금
2022-04-22,5호선,답십리,16280,14704,30984,1576,4,22,금
2022-04-22,5호선,마장,5795,5470,11265,325,4,22,금
2022-04-22,5호선,왕십리(성동구청),4646,5610,10256,-964,4,22,금
2022-04-22,5호선,행당,8360,7198,15558,1162,4,22,금
2022-04-22,5호선,신금호,6894,6948,13842,-54,4,22,금
2022-04-22,5호선,청구,4178,3826,8004,352,4,22,금
2022-04-22,5호선,동대문역사문화공원(DDP),2850,3356,6206,-506,4,22,금
2022-04-22,5호선,을지로4가,6321,6770,13091,-449,4,22,금
2022-04-22,5호선,종로3가,13065,13816,26881,-751,4,22,금
2022-04-22,5호선,광화문(세종문화회관),29236,31024,60260,-1788,4,22,금
2022-04-22,5호선,서대문,19785,19296,39081,489,4,22,금
2022-04-22,5호선,충정로(경기대입구),4926,4946,9872,-20,4,22,금
2022-04-22,5호선,애오개,7045,7000,14045,45,4,22,금
2022-04-22,5호선,공덕,14564,15414,29978,-850,4,22,금
2022-04-22,5호선,마포,14604,15216,29820,-612,4,22,금
2022-04-22,5호선,여의나루,11064,12435,23499,-1371,4,22,금
2022-04-22,5호선,여의도,28740,30519,59259,-1779,4,22,금
2022-04-22,5호선,신길,4247,4247,8494,0,4,22,금
2022-04-22,5호선,영등포시장,10569,10622,21191,-53,4,22,금
2022-04-22,5호선,영등포구청,4147,4221,8368,-74,4,22,금
2022-04-22,5호선,양평,7680,7284,14964,396,4,22,금
2022-04-22,5호선,오목교(목동운동장앞),21285,23185,44470,-1900,4,22,금
2022-04-22,5호선,목동,17101,18192,35293,-1091,4,22,금
2022-04-22,5호선,신정(은행정),14441,11390,25831,3051,4,22,금
2022-04-22,5호선,까치산,29587,27569,57156,2018,4,22,금
2022-04-22,5호선,화곡,29116,26529,55645,2587,4,22,금
2022-04-22,5호선,우장산,14941,14549,29490,392,4,22,금
2022-04-22,5호선,발산,20539,21545,42084,-1006,4,22,금
2022-04-22,5호선,마곡,10622,10653,21275,-31,4,22,금
2022-04-22,5호선,송정,6756,6307,13063,449,4,22,금
2022-04-22,5호선,김포공항,7905,7851,15756,54,4,22,금
2022-04-22,5호선,개화산,5688,5359,11047,329,4,22,금
2022-04-22,5호선,방화,6714,6300,13014,414,4,22,금
2022-04-22,4호선,남태령,1351,1009,2360,342,4,22,금
2022-04-22,4호선,사당,27603,23585,51188,4018,4,22,금
2022-04-22,4호선,총신대입구(이수),19702,21518,41220,-1816,4,22,금
2022-04-22,4호선,동작(현충원),1514,1647,3161,-133,4,22,금
2022-04-22,4호선,이촌(국립중앙박물관),7486,8093,15579,-607,4,22,금
2022-04-22,4호선,신용산,16746,17757,34503,-1011,4,22,금
2022-04-22,4호선,삼각지,5394,6188,11582,-794,4,22,금
2022-04-22,4호선,숙대입구(갈월),14057,13615,27672,442,4,22,금
2022-04-22,4호선,서울역,11663,19074,30737,-7411,4,22,금
2022-04-22,4호선,회현(남대문시장),24390,25637,50027,-1247,4,22,금
2022-04-22,4호선,명동,19321,20527,39848,-1206,4,22,금
2022-04-22,4호선,충무로,27685,28588,56273,-903,4,22,금
2022-04-22,4호선,동대문역사문화공원(DDP),14809,13210,28019,1599,4,22,금
2022-04-22,4호선,동대문,19753,19713,39466,40,4,22,금
2022-04-22,4호선,혜화,33745,33266,67011,479,4,22,금
2022-04-22,4호선,한성대입구(삼선교),14449,14041,28490,408,4,22,금
2022-04-22,4호선,성신여대입구(돈암),20586,19808,40394,778,4,22,금
2022-04-22,4호선,길음,21074,20379,41453,695,4,22,금
2022-04-22,4호선,미아사거리,27614,26865,54479,749,4,22,금
2022-04-22,4호선,미아(서울사이버대학),15360,14620,29980,740,4,22,금
2022-04-22,4호선,수유(강북구청),34280,34784,69064,-504,4,22,금
2022-04-22,4호선,쌍문,29828,27076,56904,2752,4,22,금
2022-04-22,4호선,창동,26254,27518,53772,-1264,4,22,금
2022-04-22,4호선,노원,19010,22187,41197,-3177,4,22,금
2022-04-22,4호선,상계,19705,18310,38015,1395,4,22,금
2022-04-22,4호선,당고개,8987,8122,17109,865,4,22,금
2022-04-22,3호선,오금,6270,5930,12200,340,4,22,금
2022-04-22,3호선,경찰병원,7320,7284,14604,36,4,22,금
2022-04-22,3호선,가락시장,9145,9061,18206,84,4,22,금
2022-04-22,3호선,수서,18478,18613,37091,-135,4,22,금
2022-04-22,3호선,일원,10697,9841,20538,856,4,22,금
2022-04-22,3호선,대청,10437,9574,20011,863,4,22,금
2022-04-22,3호선,학여울,2379,2272,4651,107,4,22,금
2022-04-22,3호선,대치,10909,10983,21892,-74,4,22,금
2022-04-22,3호선,도곡,5377,5500,10877,-123,4,22,금
2022-04-22,3호선,매봉,12696,11955,24651,741,4,22,금
2022-04-22,3호선,양재(서초구청),40495,41660,82155,-1165,4,22,금
2022-04-22,3호선,남부터미널(예술의전당),31218,30931,62149,287,4,22,금
2022-04-22,3호선,교대(법원.검찰청),15357,10092,25449,5265,4,22,금
2022-04-22,3호선,고속터미널,44586,47531,92117,-2945,4,22,금
2022-04-22,3호선,잠원,4826,4826,9652,0,4,22,금
2022-04-22,3호선,신사,32717,34433,67150,-1716,4,22,금
2022-04-22,3호선,압구정,33609,35748,69357,-2139,4,22,금
2022-04-22,3호선,옥수,8952,9526,18478,-574,4,22,금
2022-04-22,3호선,금호,7866,7491,15357,375,4,22,금
2022-04-22,3호선,약수,13446,13181,26627,265,4,22,금
2022-04-22,3호선,동대입구,8688,8968,17656,-280,4,22,금
2022-04-22,3호선,충무로,1,0,1,1,4,22,금
2022-04-22,3호선,을지로3가,10832,10884,21716,-52,4,22,금
2022-04-22,3호선,종로3가,10040,12162,22202,-2122,4,22,금
2022-04-22,3호선,안국,21677,21228,42905,449,4,22,금
2022-04-22,3호선,경복궁(정부서울청사),20604,19237,39841,1367,4,22,금
2022-04-22,3호선,독립문,7044,7092,14136,-48,4,22,금
2022-04-22,3호선,무악재,3727,3856,7583,-129,4,22,금
2022-04-22,3호선,홍제,17101,16473,33574,628,4,22,금
2022-04-22,3호선,녹번,15080,13876,28956,1204,4,22,금
2022-04-22,3호선,불광,15441,16877,32318,-1436,4,22,금
2022-04-22,3호선,연신내,36667,34703,71370,1964,4,22,금
2022-04-22,3호선,구파발,19764,19464,39228,300,4,22,금
2022-04-22,3호선,지축,4938,4537,9475,401,4,22,금
2022-04-22,2호선,용두(동대문구청),2479,2421,4900,58,4,22,금
2022-04-22,2호선,신정네거리,10379,10734,21113,-355,4,22,금
2022-04-22,2호선,양천구청,6806,7114,13920,-308,4,22,금
2022-04-22,2호선,도림천,1401,1454,2855,-53,4,22,금
2022-04-22,2호선,신설동,3604,1848,5452,1756,4,22,금
2022-04-22,2호선,신답,1685,1795,3480,-110,4,22,금
2022-04-22,2호선,용답,3035,2973,6008,62,4,22,금
2022-04-22,2호선,충정로(경기대입구),10146,10571,20717,-425,4,22,금
2022-04-22,2호선,아현,10663,10076,20739,587,4,22,금
2022-04-22,2호선,이대,14197,14464,28661,-267,4,22,금
2022-04-22,2호선,신촌,33015,33969,66984,-954,4,22,금
2022-04-22,2호선,홍대입구,54677,64145,118822,-9468,4,22,금
2022-04-22,2호선,합정,32421,35974,68395,-3553,4,22,금
2022-04-22,2호선,당산,19366,22473,41839,-3107,4,22,금
2022-04-22,2호선,영등포구청,22795,23476,46271,-681,4,22,금
2022-04-22,2호선,문래,22168,23084,45252,-916,4,22,금
2022-04-22,2호선,신도림,49682,50695,100377,-1013,4,22,금
2022-04-22,2호선,대림(구로구청),24426,24853,49279,-427,4,22,금
2022-04-22,2호선,구로디지털단지,60010,59552,119562,458,4,22,금
2022-04-22,2호선,신대방,27471,25892,53363,1579,4,22,금
2022-04-22,2호선,신림,65620,62957,128577,2663,4,22,금
2022-04-22,2호선,봉천,24346,21939,46285,2407,4,22,금
2022-04-22,2호선,서울대입구(관악구청),49214,47021,96235,2193,4,22,금
2022-04-22,2호선,낙성대(강감찬),28416,25959,54375,2457,4,22,금
2022-04-22,2호선,사당,39595,44814,84409,-5219,4,22,금
2022-04-22,2호선,방배,18769,19402,38171,-633,4,22,금
2022-04-22,2호선,서초,22875,20477,43352,2398,4,22,금
2022-04-22,2호선,교대(법원.검찰청),35390,40512,75902,-5122,4,22,금
2022-04-22,2호선,강남,87011,89702,176713,-2691,4,22,금
2022-04-22,2호선,역삼,51462,57522,108984,-6060,4,22,금
2022-04-22,2호선,선릉,57035,50427,107462,6608,4,22,금
2022-04-22,2호선,삼성(무역센터),55037,54814,109851,223,4,22,금
2022-04-22,2호선,종합운동장,13149,14927,28076,-1778,4,22,금
2022-04-22,2호선,잠실새내,21887,22889,44776,-1002,4,22,금
2022-04-22,2호선,잠실(송파구청),71988,70984,142972,1004,4,22,금
2022-04-22,2호선,잠실나루,14827,14060,28887,767,4,22,금
2022-04-22,2호선,강변(동서울터미널),33011,31111,64122,1900,4,22,금
2022-04-22,2호선,구의(광진구청),24397,23588,47985,809,4,22,금
2022-04-22,2호선,건대입구,36731,41775,78506,-5044,4,22,금
2022-04-22,2호선,성수,37517,41757,79274,-4240,4,22,금
2022-04-22,2호선,뚝섬,22952,24678,47630,-1726,4,22,금
2022-04-22,2호선,한양대,12017,12876,24893,-859,4,22,금
2022-04-22,2호선,왕십리(성동구청),17445,14543,31988,2902,4,22,금
2022-04-22,2호선,상왕십리,14569,13911,28480,658,4,22,금
2022-04-22,2호선,신당,14545,14763,29308,-218,4,22,금
2022-04-22,2호선,동대문역사문화공원(DDP),12376,11880,24256,496,4,22,금
2022-04-22,2호선,을지로4가,13160,13280,26440,-120,4,22,금
2022-04-22,2호선,을지로3가,23355,24013,47368,-658,4,22,금
2022-04-22,2호선,을지로입구,39119,39763,78882,-644,4,22,금
2022-04-22,2호선,시청,23292,22136,45428,1156,4,22,금
2022-04-22,1호선,동묘앞,7520,7972,15492,-452,4,22,금
2022-04-22,1호선,청량리(서울시립대입구),20235,19868,40103,367,4,22,금
2022-04-22,1호선,제기동,17011,17072,34083,-61,4,22,금
2022-04-22,1호선,신설동,14414,13787,28201,627,4,22,금
2022-04-22,1호선,동대문,10928,9643,20571,1285,4,22,금
2022-04-22,1호선,종로5가,22687,22655,45342,32,4,22,금
2022-04-22,1호선,종로3가,25306,23825,49131,1481,4,22,금
2022-04-22,1호선,종각,34937,34797,69734,140,4,22,금
2022-04-22,1호선,시청,22611,23832,46443,-1221,4,22,금
2022-04-22,1호선,서울역,48821,48438,97259,383,4,22,금
2022-04-22,경원선,창동,2,0,2,2,4,22,금
2022-04-22,우이신설선,성신여대입구(돈암),3302,3757,7059,-455,4,22,금
2022-04-22,우이신설선,보문,1583,1565,3148,18,4,22,금
2022-04-22,우이신설선,신설동,2185,2144,4329,41,4,22,금
2022-04-22,일산선,원흥,10607,10146,20753,461,4,22,금
2022-04-22,일산선,삼송,19204,18956,38160,248,4,22,금
2022-04-22,일산선,원당,10962,10568,21530,394,4,22,금
2022-04-22,일산선,화정,16316,17484,33800,-1168,4,22,금
2022-04-22,일산선,대곡,2418,1760,4178,658,4,22,금
2022-04-22,일산선,백석,9512,9776,19288,-264,4,22,금
2022-04-22,일산선,마두,7519,7784,15303,-265,4,22,금
2022-04-22,일산선,정발산,7940,8521,16461,-581,4,22,금
2022-04-22,일산선,주엽,8764,9061,17825,-297,4,22,금
2022-04-22,일산선,대화,12620,10759,23379,1861,4,22,금
2022-04-22,장항선,봉명,1380,1254,2634,126,4,22,금
2022-04-22,장항선,쌍용(나사렛대),2776,2424,5200,352,4,22,금
2022-04-22,장항선,아산,4303,4468,8771,-165,4,22,금
2022-04-22,안산선,신길온천,1869,1680,3549,189,4,22,금
2022-04-22,안산선,정왕,10975,10567,21542,408,4,22,금
2022-04-22,안산선,오이도,8733,8980,17713,-247,4,22,금
2022-04-22,안산선,수리산,4890,4118,9008,772,4,22,금
2022-04-22,우이신설선,북한산우이,2651,2380,5031,271,4,22,금
2022-04-22,우이신설선,솔밭공원,2512,2297,4809,215,4,22,금
2022-04-22,우이신설선,4.19민주묘지,3565,3371,6936,194,4,22,금
2022-04-22,우이신설선,가오리,4411,4160,8571,251,4,22,금
2022-04-22,우이신설선,화계,3472,3178,6650,294,4,22,금
2022-04-22,우이신설선,삼양,2093,2161,4254,-68,4,22,금
2022-04-22,우이신설선,삼양사거리,2436,2430,4866,6,4,22,금
2022-04-22,우이신설선,솔샘,6017,5484,11501,533,4,22,금
2022-04-22,우이신설선,북한산보국문,6393,5867,12260,526,4,22,금
2022-04-22,우이신설선,정릉,5183,4520,9703,663,4,22,금
2022-04-22,중앙선,지평,65,79,144,-14,4,22,금
2022-04-22,중앙선,용문,2021,2303,4324,-282,4,22,금
2022-04-22,중앙선,원덕,396,424,820,-28,4,22,금
2022-04-22,중앙선,양평,2894,3175,6069,-281,4,22,금
2022-04-22,중앙선,오빈,290,306,596,-16,4,22,금
2022-04-22,중앙선,아신,546,584,1130,-38,4,22,금
2022-04-22,중앙선,국수,913,851,1764,62,4,22,금
2022-04-22,중앙선,신원,241,212,453,29,4,22,금
2022-04-22,중앙선,양수,1935,1994,3929,-59,4,22,금
2022-04-22,중앙선,운길산,874,914,1788,-40,4,22,금
2022-04-22,중앙선,팔당,951,1017,1968,-66,4,22,금
2022-04-22,중앙선,도심,2545,2030,4575,515,4,22,금
2022-04-22,중앙선,덕소,5707,5797,11504,-90,4,22,금
2022-04-22,중앙선,양정,772,637,1409,135,4,22,금
2022-04-22,중앙선,도농,10944,10082,21026,862,4,22,금
2022-04-22,중앙선,구리,13692,14162,27854,-470,4,22,금
2022-04-22,중앙선,양원,3213,2969,6182,244,4,22,금
2022-04-22,중앙선,망우,8374,8177,16551,197,4,22,금
2022-04-22,중앙선,상봉(시외버스터미널),6148,6072,12220,76,4,22,금
2022-04-22,중앙선,중랑,5924,5628,11552,296,4,22,금
2022-04-22,중앙선,회기,25914,24698,50612,1216,4,22,금
2022-04-22,장항선,신창(순천향대),3597,2079,5676,1518,4,22,금
2022-04-22,장항선,온양온천,4069,4326,8395,-257,4,22,금
2022-04-22,장항선,배방,1319,1222,2541,97,4,22,금
2022-04-22,장항선,탕정,939,732,1671,207,4,22,금
2022-04-22,안산선,초지,4941,5266,10207,-325,4,22,금
2022-04-23,우이신설선,화계,2626,2303,4929,323,4,23,토
2022-04-23,우이신설선,삼양,1688,1679,3367,9,4,23,토
2022-04-23,우이신설선,삼양사거리,2040,1892,3932,148,4,23,토
2022-04-23,우이신설선,솔샘,3991,3556,7547,435,4,23,토
2022-04-23,우이신설선,북한산보국문,4953,4132,9085,821,4,23,토
2022-04-23,우이신설선,정릉,3927,3200,7127,727,4,23,토
2022-04-23,우이신설선,보문,1213,1123,2336,90,4,23,토
2022-04-23,중앙선,양정,707,622,1329,85,4,23,토
2022-04-23,중앙선,도농,7624,7097,14721,527,4,23,토
2022-04-23,중앙선,구리,11033,10978,22011,55,4,23,토
2022-04-23,안산선,산본,13913,14471,28384,-558,4,23,토
2022-04-23,수인선,인천,1457,2392,3849,-935,4,23,토
2022-04-23,수인선,신포,1612,1676,3288,-64,4,23,토
2022-04-23,수인선,숭의,2950,2707,5657,243,4,23,토
2022-04-23,수인선,인하대,5028,4501,9529,527,4,23,토
2022-04-23,수인선,송도,2066,1984,4050,82,4,23,토
2022-04-23,수인선,연수,4197,4308,8505,-111,4,23,토
2022-04-23,수인선,원인재,3950,4017,7967,-67,4,23,토
2022-04-23,수인선,남동인더스파크,991,993,1984,-2,4,23,토
2022-04-23,수인선,호구포,2773,2604,5377,169,4,23,토
2022-04-23,수인선,인천논현,4406,4516,8922,-110,4,23,토
2022-04-23,수인선,소래포구,6663,6713,13376,-50,4,23,토
2022-04-23,수인선,월곶,2315,2130,4445,185,4,23,토
2022-04-23,수인선,달월,72,73,145,-1,4,23,토
2022-04-23,수인선,사리,3874,3202,7076,672,4,23,토
2022-04-23,수인선,야목,323,242,565,81,4,23,토
2022-04-23,수인선,어천,824,748,1572,76,4,23,토
2022-04-23,수인선,오목천,2328,1901,4229,427,4,23,토
2022-04-23,수인선,고색,2762,2686,5448,76,4,23,토
2022-04-23,분당선,매교,2295,2292,4587,3,4,23,토
2022-04-23,분당선,수원시청,11246,13371,24617,-2125,4,23,토
2022-04-23,분당선,매탄권선,3718,3371,7089,347,4,23,토
2022-04-23,분당선,망포,9618,8424,18042,1194,4,23,토
2022-04-23,분당선,영통,6973,6080,13053,893,4,23,토
2022-04-23,분당선,청명,2828,2790,5618,38,4,23,토
2022-04-23,분당선,상갈,4023,3885,7908,138,4,23,토
2022-04-23,분당선,기흥,6673,6355,13028,318,4,23,토
2022-04-23,분당선,신갈,2874,2897,5771,-23,4,23,토
2022-04-23,분당선,구성,3518,3599,7117,-81,4,23,토
2022-04-23,분당선,죽전,10317,11361,21678,-1044,4,23,토
2022-04-23,분당선,보정,1728,1513,3241,215,4,23,토
2022-04-23,분당선,이매,4311,4094,8405,217,4,23,토
2022-04-23,분당선,오리,8129,6593,14722,1536,4,23,토
2022-04-23,분당선,미금,10673,11059,21732,-386,4,23,토
2022-04-23,분당선,정자,10777,10964,21741,-187,4,23,토
2022-04-23,분당선,수내,8914,8394,17308,520,4,23,토
2022-04-23,분당선,서현,18716,18795,37511,-79,4,23,토
2022-04-23,분당선,야탑,18161,19139,37300,-978,4,23,토
2022-04-23,분당선,모란,16264,16705,32969,-441,4,23,토
2022-04-23,분당선,태평,11014,10354,21368,660,4,23,토
2022-04-23,분당선,가천대,5821,6033,11854,-212,4,23,토
2022-04-23,분당선,선정릉,3511,3640,7151,-129,4,23,토
2022-04-23,분당선,강남구청,5384,6821,12205,-1437,4,23,토
2022-04-23,분당선,압구정로데오,18502,22348,40850,-3846,4,23,토
2022-04-23,분당선,서울숲,13894,15617,29511,-1723,4,23,토
2022-04-23,분당선,수원,7856,6604,14460,1252,4,23,토
2022-04-23,분당선,복정,2,0,2,2,4,23,토
2022-04-23,분당선,수서,10456,10937,21393,-481,4,23,토
2022-04-23,분당선,대모산입구,2811,2479,5290,332,4,23,토
2022-04-23,분당선,개포동,2634,2543,5177,91,4,23,토
2022-04-23,분당선,구룡,1436,1307,2743,129,4,23,토
2022-04-23,분당선,도곡,4600,4151,8751,449,4,23,토
2022-04-23,분당선,한티,10541,10279,20820,262,4,23,토
2022-04-23,분당선,선릉,5076,8162,13238,-3086,4,23,토
2022-04-23,과천선,범계,21289,20885,42174,404,4,23,토
2022-04-23,과천선,평촌,9808,9409,19217,399,4,23,토
2022-04-23,과천선,인덕원,17790,17403,35193,387,4,23,토
2022-04-23,과천선,정부과천청사,6669,6524,13193,145,4,23,토
2022-04-23,과천선,과천,5078,4539,9617,539,4,23,토
2022-04-23,과천선,대공원,11137,11656,22793,-519,4,23,토
2022-04-23,과천선,경마공원,11881,12163,24044,-282,4,23,토
2022-04-23,과천선,선바위,6176,5283,11459,893,4,23,토
2022-04-23,공항철도 1호선,영종,3206,3098,6304,108,4,23,토
2022-04-23,공항철도 1호선,인천공항2터미널,2617,2336,4953,281,4,23,토
2022-04-23,공항철도 1호선,인천공항1터미널,4955,4652,9607,303,4,23,토
2022-04-23,공항철도 1호선,공항화물청사,1305,1363,2668,-58,4,23,토
2022-04-23,공항철도 1호선,운서,6718,6766,13484,-48,4,23,토
2022-04-23,공항철도 1호선,청라국제도시,4487,4290,8777,197,4,23,토
2022-04-23,공항철도 1호선,검암,4838,4889,9727,-51,4,23,토
2022-04-23,공항철도 1호선,계양,7572,6873,14445,699,4,23,토
2022-04-23,공항철도 1호선,김포공항,11866,5910,17776,5956,4,23,토
2022-04-23,공항철도 1호선,마곡나루(서울식물원),3705,3968,7673,-263,4,23,토
2022-04-23,공항철도 1호선,디지털미디어시티,5904,5531,11435,373,4,23,토
2022-04-23,공항철도 1호선,홍대입구,11941,12367,24308,-426,4,23,토
2022-04-23,공항철도 1호선,공덕,1733,2669,4402,-936,4,23,토
2022-04-23,공항철도 1호선,서울역,8284,8459,16743,-175,4,23,토
2022-04-23,경춘선,춘천,2422,2034,4456,388,4,23,토
2022-04-23,경춘선,남춘천,2983,3203,6186,-220,4,23,토
2022-04-23,경춘선,김유정,653,799,1452,-146,4,23,토
2022-04-23,경춘선,강촌,841,925,1766,-84,4,23,토
2022-04-23,경춘선,백양리,165,185,350,-20,4,23,토
2022-04-23,경춘선,굴봉산,362,350,712,12,4,23,토
2022-04-23,경춘선,가평,2295,2559,4854,-264,4,23,토
2022-04-23,경춘선,상천,603,600,1203,3,4,23,토
2022-04-23,경춘선,청평,1993,2252,4245,-259,4,23,토
2022-04-23,경춘선,대성리,999,1233,2232,-234,4,23,토
2022-04-23,경춘선,마석,4201,4040,8241,161,4,23,토
2022-04-23,경춘선,천마산,1574,1526,3100,48,4,23,토
2022-04-23,경춘선,평내호평,5018,4788,9806,230,4,23,토
2022-04-23,경춘선,금곡,1232,1176,2408,56,4,23,토
2022-04-23,경춘선,사릉,1943,1900,3843,43,4,23,토
2022-04-23,경춘선,퇴계원,2833,2555,5388,278,4,23,토
2022-04-23,경춘선,별내,2407,2296,4703,111,4,23,토
2022-04-23,경춘선,갈매,2108,1812,3920,296,4,23,토
2022-04-23,경춘선,신내,1443,1409,2852,34,4,23,토
2022-04-23,경인선,도화,3376,3065,6441,311,4,23,토
2022-04-23,경인선,중동,7039,6467,13506,572,4,23,토
2022-04-23,경인선,온수(성공회대입구),5132,4686,9818,446,4,23,토
2022-04-23,경인선,도원,2114,2111,4225,3,4,23,토
2022-04-23,경인선,간석,4613,3912,8525,701,4,23,토
2022-04-23,경인선,부개,6551,6125,12676,426,4,23,토
2022-04-23,경인선,소사,7927,7639,15566,288,4,23,토
2022-04-23,경인선,구일,8075,8296,16371,-221,4,23,토
2022-04-23,경인선,인천,5447,4721,10168,726,4,23,토
2022-04-23,경인선,동인천,12616,12272,24888,344,4,23,토
2022-04-23,경인선,제물포,7668,7196,14864,472,4,23,토
2022-04-23,경인선,주안,16689,14541,31230,2148,4,23,토
2022-04-23,경인선,동암,12635,12697,25332,-62,4,23,토
2022-04-23,경인선,백운,5744,5623,11367,121,4,23,토
2022-04-23,경인선,부평,28913,32606,61519,-3693,4,23,토
2022-04-23,경인선,송내,19159,18651,37810,508,4,23,토
2022-04-23,경인선,부천,29446,30379,59825,-933,4,23,토
2022-04-23,경인선,역곡,21064,20210,41274,854,4,23,토
2022-04-23,경인선,오류동,9571,8524,18095,1047,4,23,토
2022-04-23,경인선,개봉,16815,16173,32988,642,4,23,토
2022-04-23,경의선,임진강,86,75,161,11,4,23,토
2022-04-23,경의선,문산,4967,4856,9823,111,4,23,토
2022-04-23,경의선,파주,991,718,1709,273,4,23,토
2022-04-23,경의선,월롱,2195,1731,3926,464,4,23,토
2022-04-23,경의선,금촌,6099,5551,11650,548,4,23,토
2022-04-23,경의선,금릉,4232,3948,8180,284,4,23,토
2022-04-23,경의선,운정,5388,4892,10280,496,4,23,토
2022-04-23,경의선,야당,6781,6888,13669,-107,4,23,토
2022-04-23,경의선,탄현,5865,5370,11235,495,4,23,토
2022-04-23,경의선,일산,7900,7615,15515,285,4,23,토
2022-04-23,경의선,풍산,4610,4405,9015,205,4,23,토
2022-04-23,경의선,백마,4842,4446,9288,396,4,23,토
2022-04-23,경의선,곡산,493,526,1019,-33,4,23,토
2022-04-23,경의선,능곡,3063,3062,6125,1,4,23,토
2022-04-23,경의선,행신,5594,5545,11139,49,4,23,토
2022-04-23,경의선,강매,2237,1976,4213,261,4,23,토
2022-04-23,경의선,화전,1259,1177,2436,82,4,23,토
2022-04-23,경의선,수색,1546,1452,2998,94,4,23,토
2022-04-23,경의선,디지털미디어시티,2024,1785,3809,239,4,23,토
2022-04-23,경의선,가좌,4250,3874,8124,376,4,23,토
2022-04-23,경의선,홍대입구,1851,2346,4197,-495,4,23,토
2022-04-23,경의선,서강대,1781,1696,3477,85,4,23,토
2022-04-23,경의선,공덕,2902,2175,5077,727,4,23,토
2022-04-23,경의선,효창공원앞,1825,1963,3788,-138,4,23,토
2022-04-23,경의선,신촌,344,390,734,-46,4,23,토
2022-04-23,경의선,서울역,1480,1610,3090,-130,4,23,토
2022-04-23,경원선,소요산,5014,4270,9284,744,4,23,토
2022-04-23,경원선,동두천,1818,2511,4329,-693,4,23,토
2022-04-23,경원선,보산,2440,2305,4745,135,4,23,토
2022-04-23,경원선,동두천중앙,2716,2583,5299,133,4,23,토
2022-04-23,경원선,지행,6237,6158,12395,79,4,23,토
2022-04-23,경원선,덕정,5168,4653,9821,515,4,23,토
2022-04-23,경원선,덕계,2544,2346,4890,198,4,23,토
2022-04-23,경원선,양주,6912,6468,13380,444,4,23,토
2022-04-23,경원선,녹양,3794,3602,7396,192,4,23,토
2022-04-23,경원선,가능,5452,5151,10603,301,4,23,토
2022-04-23,경원선,의정부,18404,19442,37846,-1038,4,23,토
2022-04-23,경원선,회룡,10340,10246,20586,94,4,23,토
2022-04-23,경원선,망월사,6158,6200,12358,-42,4,23,토
2022-04-23,경원선,도봉산,10318,7478,17796,2840,4,23,토
2022-04-23,경원선,도봉,4915,4588,9503,327,4,23,토
2022-04-23,경원선,방학,7998,7754,15752,244,4,23,토
2022-04-23,경원선,녹천,3485,2769,6254,716,4,23,토
2022-04-23,경원선,월계,4996,4477,9473,519,4,23,토
2022-04-23,경원선,광운대,6306,6249,12555,57,4,23,토
2022-04-23,경원선,석계,7167,7389,14556,-222,4,23,토
2022-04-23,경원선,신이문,6407,5757,12164,650,4,23,토
2022-04-23,경원선,외대앞,6147,5813,11960,334,4,23,토
2022-04-23,경원선,청량리(서울시립대입구),16437,17827,34264,-1390,4,23,토
2022-04-23,경원선,왕십리(성동구청),12236,14235,26471,-1999,4,23,토
2022-04-23,경원선,응봉,1725,1522,3247,203,4,23,토
2022-04-23,경원선,옥수,48,35,83,13,4,23,토
2022-04-23,경원선,한남,2811,2791,5602,20,4,23,토
2022-04-23,경원선,서빙고,1770,1830,3600,-60,4,23,토
2022-04-23,경원선,이촌(국립중앙박물관),3442,2346,5788,1096,4,23,토
2022-04-23,경부선,광명,2969,2659,5628,310,4,23,토
2022-04-23,경부선,서동탄,1063,1057,2120,6,4,23,토
2022-04-23,경부선,당정,4237,3962,8199,275,4,23,토
2022-04-23,경부선,천안,6589,6911,13500,-322,4,23,토
2022-04-23,경부선,두정,5716,5760,11476,-44,4,23,토
2022-04-23,경부선,직산,784,728,1512,56,4,23,토
2022-04-23,경부선,성환,3278,2873,6151,405,4,23,토
2022-04-23,경부선,평택,14028,13670,27698,358,4,23,토
2022-04-23,경부선,평택지제,3529,3152,6681,377,4,23,토
2022-04-23,경부선,서정리,7437,5914,13351,1523,4,23,토
2022-04-23,경부선,송탄,5338,4692,10030,646,4,23,토
2022-04-23,경부선,진위,1272,1096,2368,176,4,23,토
2022-04-23,경부선,오산,10260,9555,19815,705,4,23,토
2022-04-23,경부선,오산대,3348,3051,6399,297,4,23,토
2022-04-23,경부선,세마,2342,2238,4580,104,4,23,토
2022-04-23,경부선,병점,12860,12540,25400,320,4,23,토
2022-04-23,경부선,세류,2670,2583,5253,87,4,23,토
2022-04-23,경부선,독산,9586,9033,18619,553,4,23,토
2022-04-23,경부선,수원,38650,42763,81413,-4113,4,23,토
2022-04-23,경부선,화서,6119,5920,12039,199,4,23,토
2022-04-23,경부선,성균관대,11595,11347,22942,248,4,23,토
2022-04-23,경부선,의왕,6785,6584,13369,201,4,23,토
2022-04-23,경부선,군포,4519,4117,8636,402,4,23,토
2022-04-23,경부선,금정,20294,20061,40355,233,4,23,토
2022-04-23,경부선,명학,5228,4955,10183,273,4,23,토
2022-04-23,경부선,안양,18544,18470,37014,74,4,23,토
2022-04-23,경부선,관악,6683,6373,13056,310,4,23,토
2022-04-23,경부선,석수,7317,6698,14015,619,4,23,토
2022-04-23,경부선,금천구청,8907,8766,17673,141,4,23,토
2022-04-23,경부선,가산디지털단지,6698,8723,15421,-2025,4,23,토
2022-04-23,경부선,구로,13673,14089,27762,-416,4,23,토
2022-04-23,경부선,신길,6386,5247,11633,1139,4,23,토
2022-04-23,경부선,신도림,3172,3329,6501,-157,4,23,토
2022-04-23,경부선,영등포,40184,42542,82726,-2358,4,23,토
2022-04-23,경부선,대방,8537,8445,16982,92,4,23,토
2022-04-23,경부선,노량진,8778,7916,16694,862,4,23,토
2022-04-23,경부선,용산,34523,37727,72250,-3204,4,23,토
2022-04-23,경부선,남영,5769,6043,11812,-274,4,23,토
2022-04-23,경부선,서울역,7565,1956,9521,5609,4,23,토
2022-04-23,경강선,여주,2372,2768,5140,-396,4,23,토
2022-04-23,경강선,세종대왕릉,398,458,856,-60,4,23,토
2022-04-23,경강선,부발,2265,1836,4101,429,4,23,토
2022-04-23,경강선,이천,2809,2845,5654,-36,4,23,토
2022-04-23,경강선,신둔도예촌,1362,1261,2623,101,4,23,토
2022-04-23,경강선,곤지암,2051,2133,4184,-82,4,23,토
2022-04-23,경강선,초월,2390,2143,4533,247,4,23,토
2022-04-23,경강선,경기광주,5722,5386,11108,336,4,23,토
2022-04-23,경강선,삼동,1629,1487,3116,142,4,23,토
2022-04-23,경강선,이매,902,713,1615,189,4,23,토
2022-04-23,경강선,판교,3264,3221,6485,43,4,23,토
2022-04-23,9호선2~3단계,중앙보훈병원,4779,4390,9169,389,4,23,토
2022-04-23,9호선2~3단계,둔촌오륜,576,595,1171,-19,4,23,토
2022-04-23,9호선2~3단계,올림픽공원(한국체대),5701,5513,11214,188,4,23,토
2022-04-23,9호선2~3단계,한성백제,2019,1732,3751,287,4,23,토
2022-04-23,9호선2~3단계,송파나루,4268,4576,8844,-308,4,23,토
2022-04-23,9호선2~3단계,석촌,7389,6005,13394,1384,4,23,토
2022-04-23,9호선2~3단계,석촌고분,4339,4282,8621,57,4,23,토
2022-04-23,9호선2~3단계,삼전,4956,4465,9421,491,4,23,토
2022-04-23,9호선2~3단계,종합운동장,3621,3637,7258,-16,4,23,토
2022-04-23,9호선2~3단계,봉은사,10729,11235,21964,-506,4,23,토
2022-04-23,9호선2~3단계,삼성중앙,2960,2972,5932,-12,4,23,토
2022-04-23,9호선2~3단계,선정릉,4786,5396,10182,-610,4,23,토
2022-04-23,9호선2~3단계,언주,6518,6553,13071,-35,4,23,토
2022-04-23,9호선,신논현,26616,26442,53058,174,4,23,토
2022-04-23,9호선,사평,2317,2110,4427,207,4,23,토
2022-04-23,9호선,고속터미널,14340,19788,34128,-5448,4,23,토
2022-04-23,9호선,신반포,3225,3323,6548,-98,4,23,토
2022-04-23,9호선,구반포,1077,1135,2212,-58,4,23,토
2022-04-23,9호선,동작(현충원),1980,1560,3540,420,4,23,토
2022-04-23,9호선,흑석(중앙대입구),5791,5732,11523,59,4,23,토
2022-04-23,9호선,노들,3626,3039,6665,587,4,23,토
2022-04-23,9호선,노량진,21869,21212,43081,657,4,23,토
2022-04-23,9호선,샛강,2791,2700,5491,91,4,23,토
2022-04-23,9호선,여의도,13535,13073,26608,462,4,23,토
2022-04-23,9호선,국회의사당,9154,8695,17849,459,4,23,토
2022-04-23,9호선,당산,13725,12635,26360,1090,4,23,토
2022-04-23,9호선,선유도,4384,4198,8582,186,4,23,토
2022-04-23,9호선,신목동,2548,2026,4574,522,4,23,토
2022-04-23,9호선,염창,12666,11385,24051,1281,4,23,토
2022-04-23,9호선,등촌,7456,7100,14556,356,4,23,토
2022-04-23,9호선,증미,4231,3880,8111,351,4,23,토
2022-04-23,9호선,가양,14613,13612,28225,1001,4,23,토
2022-04-23,9호선,양천향교,6423,5887,12310,536,4,23,토
2022-04-23,9호선,마곡나루(서울식물원),9018,8808,17826,210,4,23,토
2022-04-23,9호선,신방화,4798,4544,9342,254,4,23,토
2022-04-23,9호선,공항시장,2424,2416,4840,8,4,23,토
2022-04-23,9호선,김포공항,8136,12383,20519,-4247,4,23,토
2022-04-23,9호선,개화,1554,1312,2866,242,4,23,토
2022-04-23,8호선,남위례,3486,3443,6929,43,4,23,토
2022-04-23,8호선,모란,3750,3336,7086,414,4,23,토
2022-04-23,8호선,수진,4231,3788,8019,443,4,23,토
2022-04-23,8호선,신흥,3508,3637,7145,-129,4,23,토
2022-04-23,8호선,단대오거리,7989,7244,15233,745,4,23,토
2022-04-23,8호선,남한산성입구(성남법원.검찰청),9681,8296,17977,1385,4,23,토
2022-04-23,8호선,산성,4461,4509,8970,-48,4,23,토
2022-04-23,8호선,복정,6439,5415,11854,1024,4,23,토
2022-04-23,8호선,장지,12362,11133,23495,1229,4,23,토
2022-04-23,8호선,문정,8734,8728,17462,6,4,23,토
2022-04-23,8호선,가락시장,5472,5744,11216,-272,4,23,토
2022-04-23,8호선,송파,5669,5341,11010,328,4,23,토
2022-04-23,8호선,석촌,6072,7760,13832,-1688,4,23,토
2022-04-23,8호선,잠실(송파구청),12799,15208,28007,-2409,4,23,토
2022-04-23,8호선,몽촌토성(평화의문),4916,5034,9950,-118,4,23,토
2022-04-23,8호선,강동구청,6165,6018,12183,147,4,23,토
2022-04-23,8호선,천호(풍납토성),12181,14342,26523,-2161,4,23,토
2022-04-23,8호선,암사,12682,11473,24155,1209,4,23,토
2022-04-23,7호선,삼산체육관,1,0,1,1,4,23,토
2022-04-23,7호선,상동,1,0,1,1,4,23,토
2022-04-23,7호선,온수(성공회대입구),5964,5692,11656,272,4,23,토
2022-04-23,7호선,천왕,7220,6669,13889,551,4,23,토
2022-04-23,7호선,광명사거리,17450,17167,34617,283,4,23,토
2022-04-23,7호선,철산,15435,15624,31059,-189,4,23,토
2022-04-23,7호선,가산디지털단지,15334,13729,29063,1605,4,23,토
2022-04-23,7호선,남구로,8330,8637,16967,-307,4,23,토
2022-04-23,7호선,대림(구로구청),7072,7586,14658,-514,4,23,토
2022-04-23,7호선,신풍,8413,7855,16268,558,4,23,토
2022-04-23,7호선,보라매,6902,6664,13566,238,4,23,토
2022-04-23,7호선,신대방삼거리,11545,10716,22261,829,4,23,토
2022-04-23,7호선,장승배기,6595,6229,12824,366,4,23,토
2022-04-23,7호선,상도,7565,6933,14498,632,4,23,토
2022-04-23,7호선,숭실대입구(살피재),9587,8995,18582,592,4,23,토
2022-04-23,7호선,남성,7850,7214,15064,636,4,23,토
2022-04-23,7호선,이수,12294,11483,23777,811,4,23,토
2022-04-23,7호선,내방,7820,7855,15675,-35,4,23,토
2022-04-23,7호선,고속터미널,15070,11600,26670,3470,4,23,토
2022-04-23,7호선,반포,4504,4373,8877,131,4,23,토
2022-04-23,7호선,논현,11342,12287,23629,-945,4,23,토
2022-04-23,7호선,학동,10941,11605,22546,-664,4,23,토
2022-04-23,7호선,강남구청,10040,11370,21410,-1330,4,23,토
2022-04-23,7호선,청담,11014,12075,23089,-1061,4,23,토
2022-04-23,7호선,뚝섬유원지,15065,14399,29464,666,4,23,토
2022-04-23,7호선,건대입구,10748,11497,22245,-749,4,23,토
2022-04-23,7호선,어린이대공원(세종대),11744,11849,23593,-105,4,23,토
2022-04-23,7호선,군자(능동),11395,8387,19782,3008,4,23,토
2022-04-23,7호선,중곡,7262,6633,13895,629,4,23,토
2022-04-23,7호선,용마산(용마폭포공원),4435,4508,8943,-73,4,23,토
2022-04-23,7호선,사가정,12707,12032,24739,675,4,23,토
2022-04-23,7호선,면목,11556,10750,22306,806,4,23,토
2022-04-23,7호선,상봉(시외버스터미널),13670,12995,26665,675,4,23,토
2022-04-23,7호선,중화,7998,7445,15443,553,4,23,토
2022-04-23,7호선,먹골,7643,7211,14854,432,4,23,토
2022-04-23,7호선,태릉입구,6732,6229,12961,503,4,23,토
2022-04-23,7호선,공릉(서울과학기술대),9530,8945,18475,585,4,23,토
2022-04-23,7호선,하계,12803,11772,24575,1031,4,23,토
2022-04-23,7호선,중계,9776,8526,18302,1250,4,23,토
2022-04-23,7호선,노원,15604,16398,32002,-794,4,23,토
2022-04-23,7호선,마들,9155,8223,17378,932,4,23,토
2022-04-23,7호선,수락산,10573,10215,20788,358,4,23,토
2022-04-23,7호선,도봉산,7251,9673,16924,-2422,4,23,토
2022-04-23,7호선,장암,1826,1141,2967,685,4,23,토
2022-04-23,6호선,봉화산(서울의료원),5567,5385,10952,182,4,23,토
2022-04-23,6호선,화랑대(서울여대입구),7190,5807,12997,1383,4,23,토
2022-04-23,6호선,태릉입구,4308,4565,8873,-257,4,23,토
2022-04-23,6호선,돌곶이,6279,5778,12057,501,4,23,토
2022-04-23,6호선,상월곡(한국과학기술연구원),4215,3672,7887,543,4,23,토
2022-04-23,6호선,월곡(동덕여대),7416,7210,14626,206,4,23,토
2022-04-23,6호선,고려대(종암),5596,5199,10795,397,4,23,토
2022-04-23,6호선,안암(고대병원앞),7258,6893,14151,365,4,23,토
2022-04-23,6호선,보문,5330,4698,10028,632,4,23,토
2022-04-23,6호선,창신,2122,1729,3851,393,4,23,토
2022-04-23,6호선,동묘앞,8047,7714,15761,333,4,23,토
2022-04-23,6호선,신당,6054,5728,11782,326,4,23,토
2022-04-23,6호선,청구,2432,2413,4845,19,4,23,토
2022-04-23,6호선,약수,2586,2653,5239,-67,4,23,토
2022-04-23,6호선,버티고개,1676,1789,3465,-113,4,23,토
2022-04-23,6호선,한강진,8847,11411,20258,-2564,4,23,토
2022-04-23,6호선,이태원,14953,20096,35049,-5143,4,23,토
2022-04-23,6호선,녹사평(용산구청),5685,6480,12165,-795,4,23,토
2022-04-23,6호선,삼각지,6441,5010,11451,1431,4,23,토
2022-04-23,6호선,효창공원앞,4946,4325,9271,621,4,23,토
2022-04-23,6호선,공덕,10309,9653,19962,656,4,23,토
2022-04-23,6호선,대흥(서강대앞),5603,5544,11147,59,4,23,토
2022-04-23,6호선,광흥창(서강),5343,4821,10164,522,4,23,토
2022-04-23,6호선,상수,8161,10430,18591,-2269,4,23,토
2022-04-23,6호선,합정,12860,12155,25015,705,4,23,토
2022-04-23,6호선,망원,13899,15493,29392,-1594,4,23,토
2022-04-23,6호선,마포구청,9792,8152,17944,1640,4,23,토
2022-04-23,6호선,월드컵경기장(성산),4959,5153,10112,-194,4,23,토
2022-04-23,6호선,디지털미디어시티,7577,7515,15092,62,4,23,토
2022-04-23,6호선,증산(명지대앞),7645,7283,14928,362,4,23,토
2022-04-23,6호선,새절(신사),9049,8358,17407,691,4,23,토
2022-04-23,6호선,구산,5644,4096,9740,1548,4,23,토
2022-04-23,6호선,독바위,2025,2198,4223,-173,4,23,토
2022-04-23,6호선,불광,3869,3631,7500,238,4,23,토
2022-04-23,6호선,역촌,2675,3059,5734,-384,4,23,토
2022-04-23,6호선,응암,13143,12673,25816,470,4,23,토
2022-04-23,5호선,하남검단산,5615,5454,11069,161,4,23,토
2022-04-23,5호선,하남시청(덕풍·신장),5975,5522,11497,453,4,23,토
2022-04-23,5호선,하남풍산,2885,2901,5786,-16,4,23,토
2022-04-23,5호선,미사,12924,12943,25867,-19,4,23,토
2022-04-23,5호선,강일,2974,2760,5734,214,4,23,토
2022-04-23,5호선,마천,4908,4987,9895,-79,4,23,토
2022-04-23,5호선,거여,6955,6370,13325,585,4,23,토
2022-04-23,5호선,개롱,4274,4487,8761,-213,4,23,토
2022-04-23,5호선,오금,2164,2045,4209,119,4,23,토
2022-04-23,5호선,방이,5404,5189,10593,215,4,23,토
2022-04-23,5호선,올림픽공원(한국체대),3359,3170,6529,189,4,23,토
2022-04-23,5호선,둔촌동,5883,5744,11627,139,4,23,토
2022-04-23,5호선,상일동,9466,8516,17982,950,4,23,토
2022-04-23,5호선,고덕,6349,6159,12508,190,4,23,토
2022-04-23,5호선,명일,6269,6191,12460,78,4,23,토
2022-04-23,5호선,굽은다리(강동구민회관앞),7434,6709,14143,725,4,23,토
2022-04-23,5호선,길동,6007,6090,12097,-83,4,23,토
2022-04-23,5호선,강동,13509,12641,26150,868,4,23,토
2022-04-23,5호선,천호(풍납토성),17486,16745,34231,741,4,23,토
2022-04-23,5호선,광나루(장신대),10984,10279,21263,705,4,23,토
2022-04-23,5호선,아차산(어린이대공원후문),14957,14505,29462,452,4,23,토
2022-04-23,5호선,군자(능동),8626,9555,18181,-929,4,23,토
2022-04-23,5호선,장한평,11540,11054,22594,486,4,23,토
2022-04-23,5호선,답십리,10564,9401,19965,1163,4,23,토
2022-04-23,5호선,마장,3942,3598,7540,344,4,23,토
2022-04-23,5호선,왕십리(성동구청),3492,4320,7812,-828,4,23,토
2022-04-23,5호선,행당,5581,4655,10236,926,4,23,토
2022-04-23,5호선,신금호,4202,4317,8519,-115,4,23,토
2022-04-23,5호선,청구,2648,2365,5013,283,4,23,토
2022-04-23,5호선,동대문역사문화공원(DDP),1036,1332,2368,-296,4,23,토
2022-04-23,5호선,을지로4가,3725,4153,7878,-428,4,23,토
2022-04-23,5호선,종로3가,12850,13859,26709,-1009,4,23,토
2022-04-23,5호선,광화문(세종문화회관),15781,16199,31980,-418,4,23,토
2022-04-23,5호선,서대문,7607,7566,15173,41,4,23,토
2022-04-23,5호선,충정로(경기대입구),1892,1799,3691,93,4,23,토
2022-04-23,5호선,애오개,3827,3721,7548,106,4,23,토
2022-04-23,5호선,공덕,7291,7474,14765,-183,4,23,토
2022-04-23,5호선,마포,7753,7741,15494,12,4,23,토
2022-04-23,5호선,여의나루,20275,22317,42592,-2042,4,23,토
2022-04-23,5호선,여의도,12639,13647,26286,-1008,4,23,토
2022-04-23,5호선,신길,2712,2749,5461,-37,4,23,토
2022-04-23,5호선,영등포시장,8330,8667,16997,-337,4,23,토
2022-04-23,5호선,영등포구청,2132,2060,4192,72,4,23,토
2022-04-23,5호선,양평,3804,3560,7364,244,4,23,토
2022-04-23,5호선,오목교(목동운동장앞),15477,16051,31528,-574,4,23,토
2022-04-23,5호선,목동,11601,11437,23038,164,4,23,토
2022-04-23,5호선,신정(은행정),9436,7946,17382,1490,4,23,토
2022-04-23,5호선,까치산,22136,20498,42634,1638,4,23,토
2022-04-23,5호선,화곡,20820,18671,39491,2149,4,23,토
2022-04-23,5호선,우장산,9911,9759,19670,152,4,23,토
2022-04-23,5호선,발산,14249,15571,29820,-1322,4,23,토
2022-04-23,5호선,마곡,5613,5800,11413,-187,4,23,토
2022-04-23,5호선,송정,5214,4694,9908,520,4,23,토
2022-04-23,5호선,김포공항,7539,7709,15248,-170,4,23,토
2022-04-23,5호선,개화산,3864,3823,7687,41,4,23,토
2022-04-23,5호선,방화,4976,4732,9708,244,4,23,토
2022-04-23,4호선,남태령,1154,726,1880,428,4,23,토
2022-04-23,4호선,사당,22589,20082,42671,2507,4,23,토
2022-04-23,4호선,총신대입구(이수),14707,15708,30415,-1001,4,23,토
2022-04-23,4호선,동작(현충원),1744,1836,3580,-92,4,23,토
2022-04-23,4호선,이촌(국립중앙박물관),7174,8019,15193,-845,4,23,토
2022-04-23,4호선,신용산,10487,11720,22207,-1233,4,23,토
2022-04-23,4호선,삼각지,3793,5176,8969,-1383,4,23,토
2022-04-23,4호선,숙대입구(갈월),9439,8971,18410,468,4,23,토
2022-04-23,4호선,서울역,6046,14150,20196,-8104,4,23,토
2022-04-23,4호선,회현(남대문시장),18879,20602,39481,-1723,4,23,토
2022-04-23,4호선,명동,14827,17275,32102,-2448,4,23,토
2022-04-23,4호선,충무로,14330,15240,29570,-910,4,23,토
2022-04-23,4호선,동대문역사문화공원(DDP),11023,9605,20628,1418,4,23,토
2022-04-23,4호선,동대문,13899,14121,28020,-222,4,23,토
2022-04-23,4호선,혜화,28251,29881,58132,-1630,4,23,토
2022-04-23,4호선,한성대입구(삼선교),10881,10422,21303,459,4,23,토
2022-04-23,4호선,성신여대입구(돈암),16586,15684,32270,902,4,23,토
2022-04-23,4호선,길음,15229,13933,29162,1296,4,23,토
2022-04-23,4호선,미아사거리,22647,21359,44006,1288,4,23,토
2022-04-23,4호선,미아(서울사이버대학),11010,10206,21216,804,4,23,토
2022-04-23,4호선,수유(강북구청),27324,26581,53905,743,4,23,토
2022-04-23,4호선,쌍문,22077,19206,41283,2871,4,23,토
2022-04-23,4호선,창동,20404,20732,41136,-328,4,23,토
2022-04-23,4호선,노원,16058,17896,33954,-1838,4,23,토
2022-04-23,4호선,상계,15348,14332,29680,1016,4,23,토
2022-04-23,4호선,당고개,7532,7150,14682,382,4,23,토
2022-04-23,3호선,오금,3771,3573,7344,198,4,23,토
2022-04-23,3호선,경찰병원,4072,3834,7906,238,4,23,토
2022-04-23,3호선,가락시장,6113,5983,12096,130,4,23,토
2022-04-23,3호선,수서,13590,13596,27186,-6,4,23,토
2022-04-23,3호선,일원,5273,4993,10266,280,4,23,토
2022-04-23,3호선,대청,6128,5592,11720,536,4,23,토
2022-04-23,3호선,학여울,1219,1238,2457,-19,4,23,토
2022-04-23,3호선,대치,8049,7488,15537,561,4,23,토
2022-04-23,3호선,도곡,3372,3441,6813,-69,4,23,토
2022-04-23,3호선,매봉,6574,6253,12827,321,4,23,토
2022-04-23,3호선,양재(서초구청),21199,23286,44485,-2087,4,23,토
2022-04-23,3호선,남부터미널(예술의전당),21281,21479,42760,-198,4,23,토
2022-04-23,3호선,교대(법원.검찰청),7094,4163,11257,2931,4,23,토
2022-04-23,3호선,고속터미널,50781,50391,101172,390,4,23,토
2022-04-23,3호선,잠원,3563,3396,6959,167,4,23,토
2022-04-23,3호선,신사,25661,27586,53247,-1925,4,23,토
2022-04-23,3호선,압구정,25041,26796,51837,-1755,4,23,토
2022-04-23,3호선,옥수,7349,7260,14609,89,4,23,토
2022-04-23,3호선,금호,6062,5372,11434,690,4,23,토
2022-04-23,3호선,약수,9463,8960,18423,503,4,23,토
2022-04-23,3호선,동대입구,7120,7943,15063,-823,4,23,토
2022-04-23,3호선,충무로,1,0,1,1,4,23,토
2022-04-23,3호선,을지로3가,5693,6446,12139,-753,4,23,토
2022-04-23,3호선,종로3가,5921,8900,14821,-2979,4,23,토
2022-04-23,3호선,안국,17784,20854,38638,-3070,4,23,토
2022-04-23,3호선,경복궁(정부서울청사),18800,20283,39083,-1483,4,23,토
2022-04-23,3호선,독립문,6361,7312,13673,-951,4,23,토
2022-04-23,3호선,무악재,2883,2911,5794,-28,4,23,토
2022-04-23,3호선,홍제,13773,12726,26499,1047,4,23,토
2022-04-23,3호선,녹번,10626,8943,19569,1683,4,23,토
2022-04-23,3호선,불광,13518,15055,28573,-1537,4,23,토
2022-04-23,3호선,연신내,30127,28149,58276,1978,4,23,토
2022-04-23,3호선,구파발,15465,15608,31073,-143,4,23,토
2022-04-23,3호선,지축,3547,3256,6803,291,4,23,토
2022-04-23,2호선,용두(동대문구청),1764,1735,3499,29,4,23,토
2022-04-23,2호선,신정네거리,7439,7356,14795,83,4,23,토
2022-04-23,2호선,양천구청,5223,5034,10257,189,4,23,토
2022-04-23,2호선,도림천,879,840,1719,39,4,23,토
2022-04-23,2호선,신설동,3604,3481,7085,123,4,23,토
2022-04-23,2호선,신답,1115,1110,2225,5,4,23,토
2022-04-23,2호선,용답,2129,2083,4212,46,4,23,토
2022-04-23,2호선,충정로(경기대입구),5824,6232,12056,-408,4,23,토
2022-04-23,2호선,아현,7502,6911,14413,591,4,23,토
2022-04-23,2호선,이대,10487,10639,21126,-152,4,23,토
2022-04-23,2호선,신촌,29126,29519,58645,-393,4,23,토
2022-04-23,2호선,홍대입구,61636,71134,132770,-9498,4,23,토
2022-04-23,2호선,합정,28100,32612,60712,-4512,4,23,토
2022-04-23,2호선,당산,13510,14461,27971,-951,4,23,토
2022-04-23,2호선,영등포구청,12899,13591,26490,-692,4,23,토
2022-04-23,2호선,문래,13314,14328,27642,-1014,4,23,토
2022-04-23,2호선,신도림,41063,41588,82651,-525,4,23,토
2022-04-23,2호선,대림(구로구청),18435,19361,37796,-926,4,23,토
2022-04-23,2호선,구로디지털단지,34814,33815,68629,999,4,23,토
2022-04-23,2호선,신대방,21394,20181,41575,1213,4,23,토
2022-04-23,2호선,신림,52100,48679,100779,3421,4,23,토
2022-04-23,2호선,봉천,17525,15475,33000,2050,4,23,토
2022-04-23,2호선,서울대입구(관악구청),38321,37056,75377,1265,4,23,토
2022-04-23,2호선,낙성대(강감찬),21956,19795,41751,2161,4,23,토
2022-04-23,2호선,사당,32535,36175,68710,-3640,4,23,토
2022-04-23,2호선,방배,10413,10657,21070,-244,4,23,토
2022-04-23,2호선,서초,12408,8594,21002,3814,4,23,토
2022-04-23,2호선,교대(법원.검찰청),17554,19657,37211,-2103,4,23,토
2022-04-23,2호선,강남,59767,61884,121651,-2117,4,23,토
2022-04-23,2호선,역삼,18093,20117,38210,-2024,4,23,토
2022-04-23,2호선,선릉,24083,21248,45331,2835,4,23,토
2022-04-23,2호선,삼성(무역센터),27571,27818,55389,-247,4,23,토
2022-04-23,2호선,종합운동장,12890,14801,27691,-1911,4,23,토
2022-04-23,2호선,잠실새내,17331,18208,35539,-877,4,23,토
2022-04-23,2호선,잠실(송파구청),70676,67442,138118,3234,4,23,토
2022-04-23,2호선,잠실나루,7650,7373,15023,277,4,23,토
2022-04-23,2호선,강변(동서울터미널),27110,27040,54150,70,4,23,토
2022-04-23,2호선,구의(광진구청),16739,15882,32621,857,4,23,토
2022-04-23,2호선,건대입구,35171,38625,73796,-3454,4,23,토
2022-04-23,2호선,성수,20844,24018,44862,-3174,4,23,토
2022-04-23,2호선,뚝섬,18493,18825,37318,-332,4,23,토
2022-04-23,2호선,한양대,4970,5256,10226,-286,4,23,토
2022-04-23,2호선,왕십리(성동구청),13621,11651,25272,1970,4,23,토
2022-04-23,2호선,상왕십리,9815,9074,18889,741,4,23,토
2022-04-23,2호선,신당,11538,11980,23518,-442,4,23,토
2022-04-23,2호선,동대문역사문화공원(DDP),9720,9598,19318,122,4,23,토
2022-04-23,2호선,을지로4가,7716,8070,15786,-354,4,23,토
2022-04-23,2호선,을지로3가,12323,12946,25269,-623,4,23,토
2022-04-23,2호선,을지로입구,21135,21424,42559,-289,4,23,토
2022-04-23,2호선,시청,9419,8400,17819,1019,4,23,토
2022-04-23,1호선,동묘앞,12346,12956,25302,-610,4,23,토
2022-04-23,1호선,청량리(서울시립대입구),19179,18976,38155,203,4,23,토
2022-04-23,1호선,제기동,16079,16459,32538,-380,4,23,토
2022-04-23,1호선,신설동,10095,9510,19605,585,4,23,토
2022-04-23,중앙선,양원,2161,1997,4158,164,4,23,토
2022-04-23,중앙선,망우,7011,6712,13723,299,4,23,토
2022-04-23,중앙선,상봉(시외버스터미널),5251,4973,10224,278,4,23,토
2022-04-23,중앙선,중랑,4783,4497,9280,286,4,23,토
2022-04-23,중앙선,회기,20548,19281,39829,1267,4,23,토
2022-04-23,장항선,신창(순천향대),1491,1239,2730,252,4,23,토
2022-04-23,장항선,온양온천,3905,4114,8019,-209,4,23,토
2022-04-23,장항선,배방,1141,1080,2221,61,4,23,토
2022-04-23,장항선,탕정,691,597,1288,94,4,23,토
2022-04-23,장항선,아산,3145,3128,6273,17,4,23,토
2022-04-23,장항선,쌍용(나사렛대),1724,1608,3332,116,4,23,토
2022-04-23,장항선,봉명,838,724,1562,114,4,23,토
2022-04-23,일산선,대화,9312,8256,17568,1056,4,23,토
2022-04-23,일산선,주엽,6681,6530,13211,151,4,23,토
2022-04-23,일산선,정발산,9715,10140,19855,-425,4,23,토
2022-04-23,일산선,마두,5455,5518,10973,-63,4,23,토
2022-04-23,일산선,백석,7603,7525,15128,78,4,23,토
2022-04-23,일산선,대곡,1586,1280,2866,306,4,23,토
2022-04-23,일산선,화정,13456,13733,27189,-277,4,23,토
2022-04-23,일산선,원당,8853,8303,17156,550,4,23,토
2022-04-23,일산선,삼송,15223,14247,29470,976,4,23,토
2022-04-23,일산선,원흥,7943,7277,15220,666,4,23,토
2022-04-23,우이신설선,신설동,1555,1482,3037,73,4,23,토
2022-04-23,중앙선,지평,72,117,189,-45,4,23,토
2022-04-23,중앙선,용문,2858,3189,6047,-331,4,23,토
2022-04-23,중앙선,원덕,573,573,1146,0,4,23,토
2022-04-23,중앙선,양평,4862,4956,9818,-94,4,23,토
2022-04-23,중앙선,오빈,343,386,729,-43,4,23,토
2022-04-23,중앙선,아신,754,813,1567,-59,4,23,토
2022-04-23,중앙선,국수,887,896,1783,-9,4,23,토
2022-04-23,중앙선,신원,439,346,785,93,4,23,토
2022-04-23,중앙선,양수,2452,2694,5146,-242,4,23,토
2022-04-23,중앙선,운길산,1821,1741,3562,80,4,23,토
2022-04-23,중앙선,팔당,1717,1991,3708,-274,4,23,토
2022-04-23,중앙선,도심,1690,1449,3139,241,4,23,토
2022-04-23,중앙선,덕소,4882,4961,9843,-79,4,23,토
2022-04-23,6호선,석계,9107,8813,17920,294,4,23,토
2022-04-23,안산선,대야미,4645,3936,8581,709,4,23,토
2022-04-23,안산선,반월,3671,3422,7093,249,4,23,토
2022-04-23,안산선,상록수,13148,12955,26103,193,4,23,토
2022-04-23,안산선,한대앞,7739,7490,15229,249,4,23,토
2022-04-23,안산선,중앙,16505,17711,34216,-1206,4,23,토
2022-04-23,안산선,고잔,6894,6865,13759,29,4,23,토
2022-04-23,우이신설선,성신여대입구(돈암),2657,3251,5908,-594,4,23,토
2022-04-23,안산선,초지,3497,3475,6972,22,4,23,토
2022-04-23,안산선,안산,9912,10222,20134,-310,4,23,토
2022-04-23,안산선,신길온천,1680,1549,3229,131,4,23,토
2022-04-23,안산선,정왕,7064,6984,14048,80,4,23,토
2022-04-23,안산선,오이도,8161,8387,16548,-226,4,23,토
2022-04-23,안산선,수리산,5137,5487,10624,-350,4,23,토
2022-04-23,우이신설선,북한산우이,3858,4116,7974,-258,4,23,토
2022-04-23,1호선,동대문,10871,10493,21364,378,4,23,토
2022-04-23,1호선,종로5가,19721,20440,40161,-719,4,23,토
2022-04-23,1호선,종로3가,24454,22793,47247,1661,4,23,토
2022-04-23,1호선,종각,19784,18514,38298,1270,4,23,토
2022-04-23,1호선,시청,12181,12773,24954,-592,4,23,토
2022-04-23,1호선,서울역,33471,33971,67442,-500,4,23,토
2022-04-23,우이신설선,솔밭공원,1945,1867,3812,78,4,23,토
2022-04-23,우이신설선,4.19민주묘지,2681,2336,5017,345,4,23,토
2022-04-23,우이신설선,가오리,3052,2907,5959,145,4,23,토
2022-04-24,경춘선,별내,1798,1667,3465,131,4,24,일
2022-04-24,경의선,일산,4986,4686,9672,300,4,24,일
2022-04-24,경의선,탄현,4223,3951,8174,272,4,24,일
2022-04-24,경의선,야당,4725,4559,9284,166,4,24,일
2022-04-24,경의선,운정,3710,3713,7423,-3,4,24,일
2022-04-24,경의선,금릉,2982,2976,5958,6,4,24,일
2022-04-24,경의선,금촌,4406,4634,9040,-228,4,24,일
2022-04-24,경의선,월롱,1166,2305,3471,-1139,4,24,일
2022-04-24,경의선,파주,749,706,1455,43,4,24,일
2022-04-24,경의선,문산,4234,4381,8615,-147,4,24,일
2022-04-24,경의선,임진강,55,54,109,1,4,24,일
2022-04-24,경인선,개봉,11851,11615,23466,236,4,24,일
2022-04-24,경인선,오류동,7064,6612,13676,452,4,24,일
2022-04-24,경의선,백마,3355,3178,6533,177,4,24,일
2022-04-24,1호선,시청,8320,7877,16197,443,4,24,일
2022-04-24,경인선,역곡,14655,14656,29311,-1,4,24,일
2022-04-24,경인선,부천,21684,21400,43084,284,4,24,일
2022-04-24,중앙선,지평,82,71,153,11,4,24,일
2022-04-24,경인선,송내,13460,13097,26557,363,4,24,일
2022-04-24,경인선,부평,22286,22216,44502,70,4,24,일
2022-04-24,경인선,백운,3978,3974,7952,4,4,24,일
2022-04-24,경인선,동암,9570,9535,19105,35,4,24,일
2022-04-24,경인선,주안,11901,10835,22736,1066,4,24,일
2022-04-24,경인선,제물포,5786,5471,11257,315,4,24,일
2022-04-24,경인선,동인천,9751,9406,19157,345,4,24,일
2022-04-24,경인선,인천,4773,3968,8741,805,4,24,일
2022-04-24,경인선,구일,6091,6296,12387,-205,4,24,일
2022-04-24,2호선,충정로(경기대입구),3632,3795,7427,-163,4,24,일
2022-04-24,2호선,용답,1786,1733,3519,53,4,24,일
2022-04-24,2호선,신답,784,850,1634,-66,4,24,일
2022-04-24,2호선,신설동,3353,3372,6725,-19,4,24,일
2022-04-24,2호선,도림천,468,541,1009,-73,4,24,일
2022-04-24,2호선,양천구청,3543,3629,7172,-86,4,24,일
2022-04-24,2호선,신정네거리,5589,5690,11279,-101,4,24,일
2022-04-24,2호선,용두(동대문구청),1103,1123,2226,-20,4,24,일
2022-04-24,3호선,지축,2506,2265,4771,241,4,24,일
2022-04-24,3호선,구파발,11623,11884,23507,-261,4,24,일
2022-04-24,3호선,연신내,21868,20484,42352,1384,4,24,일
2022-04-24,3호선,불광,9846,11083,20929,-1237,4,24,일
2022-04-24,3호선,녹번,7437,6672,14109,765,4,24,일
2022-04-24,3호선,홍제,9462,8885,18347,577,4,24,일
2022-04-24,3호선,무악재,1777,1997,3774,-220,4,24,일
2022-04-24,3호선,독립문,4396,5007,9403,-611,4,24,일
2022-04-24,3호선,경복궁(정부서울청사),13278,13876,27154,-598,4,24,일
2022-04-24,3호선,안국,12049,13274,25323,-1225,4,24,일
2022-04-24,3호선,종로3가,3957,5147,9104,-1190,4,24,일
2022-04-24,3호선,을지로3가,3486,3426,6912,60,4,24,일
2022-04-24,3호선,충무로,1,0,1,1,4,24,일
2022-04-24,3호선,동대입구,5156,5556,10712,-400,4,24,일
2022-04-24,3호선,약수,6843,6564,13407,279,4,24,일
2022-04-24,3호선,금호,4412,4151,8563,261,4,24,일
2022-04-24,3호선,옥수,5147,5355,10502,-208,4,24,일
2022-04-24,3호선,압구정,13381,14210,27591,-829,4,24,일
2022-04-24,3호선,신사,13309,13338,26647,-29,4,24,일
2022-04-24,3호선,잠원,2329,2291,4620,38,4,24,일
2022-04-24,3호선,고속터미널,41725,38752,80477,2973,4,24,일
2022-04-24,3호선,교대(법원.검찰청),4304,2786,7090,1518,4,24,일
2022-04-24,3호선,남부터미널(예술의전당),14900,15642,30542,-742,4,24,일
2022-04-24,3호선,양재(서초구청),13361,15786,29147,-2425,4,24,일
2022-04-24,3호선,매봉,4527,4427,8954,100,4,24,일
2022-04-24,3호선,도곡,2128,2309,4437,-181,4,24,일
2022-04-24,3호선,대치,4931,4533,9464,398,4,24,일
2022-04-24,3호선,학여울,938,927,1865,11,4,24,일
2022-04-24,3호선,대청,4224,4059,8283,165,4,24,일
2022-04-24,3호선,일원,3589,3873,7462,-284,4,24,일
2022-04-24,3호선,수서,10464,10153,20617,311,4,24,일
2022-04-24,3호선,가락시장,3668,3874,7542,-206,4,24,일
2022-04-24,3호선,경찰병원,2710,2790,5500,-80,4,24,일
2022-04-24,3호선,오금,2899,2977,5876,-78,4,24,일
2022-04-24,4호선,당고개,5932,5628,11560,304,4,24,일
2022-04-24,4호선,상계,11674,11074,22748,600,4,24,일
2022-04-24,4호선,노원,11929,12791,24720,-862,4,24,일
2022-04-24,4호선,창동,15076,15342,30418,-266,4,24,일
2022-04-24,4호선,쌍문,16299,14677,30976,1622,4,24,일
2022-04-24,4호선,수유(강북구청),20144,19518,39662,626,4,24,일
2022-04-24,4호선,미아(서울사이버대학),8401,7871,16272,530,4,24,일
2022-04-24,4호선,미아사거리,16495,15787,32282,708,4,24,일
2022-04-24,4호선,길음,10927,10763,21690,164,4,24,일
2022-04-24,4호선,성신여대입구(돈암),12157,11743,23900,414,4,24,일
2022-04-24,4호선,한성대입구(삼선교),7661,7868,15529,-207,4,24,일
2022-04-24,4호선,혜화,21419,22588,44007,-1169,4,24,일
2022-04-24,4호선,동대문,7325,7979,15304,-654,4,24,일
2022-04-24,4호선,동대문역사문화공원(DDP),8766,7804,16570,962,4,24,일
2022-04-24,4호선,충무로,8680,8915,17595,-235,4,24,일
2022-04-24,4호선,명동,11844,12150,23994,-306,4,24,일
2022-04-24,4호선,회현(남대문시장),8858,9227,18085,-369,4,24,일
2022-04-24,4호선,서울역,4439,10698,15137,-6259,4,24,일
2022-04-24,4호선,숙대입구(갈월),7203,7210,14413,-7,4,24,일
2022-04-24,4호선,삼각지,2893,3847,6740,-954,4,24,일
2022-04-24,4호선,신용산,8217,8327,16544,-110,4,24,일
2022-04-24,4호선,이촌(국립중앙박물관),5278,5946,11224,-668,4,24,일
2022-04-24,4호선,동작(현충원),1453,1482,2935,-29,4,24,일
2022-04-24,4호선,총신대입구(이수),10536,11548,22084,-1012,4,24,일
2022-04-24,4호선,사당,16138,14924,31062,1214,4,24,일
2022-04-24,4호선,남태령,778,571,1349,207,4,24,일
2022-04-24,5호선,방화,3837,3816,7653,21,4,24,일
2022-04-24,5호선,개화산,2822,2779,5601,43,4,24,일
2022-04-24,5호선,김포공항,6853,6708,13561,145,4,24,일
2022-04-24,5호선,송정,3794,3804,7598,-10,4,24,일
2022-04-24,5호선,마곡,3717,3896,7613,-179,4,24,일
2022-04-24,5호선,발산,9297,9789,19086,-492,4,24,일
2022-04-24,5호선,우장산,6746,6861,13607,-115,4,24,일
2022-04-24,5호선,화곡,14371,13681,28052,690,4,24,일
2022-04-24,5호선,까치산,15757,15442,31199,315,4,24,일
2022-04-24,5호선,신정(은행정),6563,5909,12472,654,4,24,일
2022-04-24,5호선,목동,7707,7881,15588,-174,4,24,일
2022-04-24,5호선,오목교(목동운동장앞),10989,11100,22089,-111,4,24,일
2022-04-24,5호선,양평,2699,2750,5449,-51,4,24,일
2022-04-24,5호선,영등포구청,1286,1236,2522,50,4,24,일
2022-04-24,5호선,영등포시장,5532,5868,11400,-336,4,24,일
2022-04-24,5호선,신길,1913,2177,4090,-264,4,24,일
2022-04-24,5호선,여의도,8540,9010,17550,-470,4,24,일
2022-04-24,5호선,여의나루,14206,15227,29433,-1021,4,24,일
2022-04-24,5호선,마포,5027,4988,10015,39,4,24,일
2022-04-24,5호선,공덕,4584,4653,9237,-69,4,24,일
2022-04-24,5호선,애오개,2812,2845,5657,-33,4,24,일
2022-04-24,5호선,충정로(경기대입구),1426,1462,2888,-36,4,24,일
2022-04-24,5호선,서대문,5200,5374,10574,-174,4,24,일
2022-04-24,5호선,광화문(세종문화회관),10566,10819,21385,-253,4,24,일
2022-04-24,5호선,종로3가,8661,7896,16557,765,4,24,일
2022-04-24,5호선,을지로4가,1725,1774,3499,-49,4,24,일
2022-04-24,5호선,동대문역사문화공원(DDP),677,814,1491,-137,4,24,일
2022-04-24,5호선,청구,1824,1705,3529,119,4,24,일
2022-04-24,5호선,신금호,2903,3239,6142,-336,4,24,일
2022-04-24,5호선,행당,3990,3587,7577,403,4,24,일
2022-04-24,5호선,왕십리(성동구청),2420,2858,5278,-438,4,24,일
2022-04-24,5호선,마장,2911,2714,5625,197,4,24,일
2022-04-24,5호선,답십리,7293,6767,14060,526,4,24,일
2022-04-24,5호선,장한평,7816,7913,15729,-97,4,24,일
2022-04-24,5호선,군자(능동),6142,6867,13009,-725,4,24,일
2022-04-24,5호선,아차산(어린이대공원후문),11855,11618,23473,237,4,24,일
2022-04-24,5호선,광나루(장신대),7563,7439,15002,124,4,24,일
2022-04-24,5호선,천호(풍납토성),12650,12221,24871,429,4,24,일
2022-04-24,5호선,강동,9207,9104,18311,103,4,24,일
2022-04-24,5호선,길동,4103,4149,8252,-46,4,24,일
2022-04-24,5호선,굽은다리(강동구민회관앞),5344,4809,10153,535,4,24,일
2022-04-24,5호선,명일,5047,5105,10152,-58,4,24,일
2022-04-24,5호선,고덕,4178,4187,8365,-9,4,24,일
2022-04-24,5호선,상일동,6607,6254,12861,353,4,24,일
2022-04-24,5호선,둔촌동,4507,4426,8933,81,4,24,일
2022-04-24,5호선,올림픽공원(한국체대),2434,2220,4654,214,4,24,일
2022-04-24,5호선,방이,4141,3870,8011,271,4,24,일
2022-04-24,5호선,오금,1922,1777,3699,145,4,24,일
2022-04-24,5호선,개롱,3241,3481,6722,-240,4,24,일
2022-04-24,5호선,거여,4880,4765,9645,115,4,24,일
2022-04-24,5호선,마천,3692,3916,7608,-224,4,24,일
2022-04-24,5호선,강일,2218,2208,4426,10,4,24,일
2022-04-24,5호선,미사,9344,9331,18675,13,4,24,일
2022-04-24,5호선,하남풍산,2268,2227,4495,41,4,24,일
2022-04-24,5호선,하남시청(덕풍·신장),4503,4251,8754,252,4,24,일
2022-04-24,5호선,하남검단산,4682,4664,9346,18,4,24,일
2022-04-24,6호선,응암,9505,9529,19034,-24,4,24,일
2022-04-24,6호선,역촌,2024,2355,4379,-331,4,24,일
2022-04-24,6호선,불광,2966,2739,5705,227,4,24,일
2022-04-24,6호선,독바위,1718,2051,3769,-333,4,24,일
2022-04-24,6호선,구산,3968,2969,6937,999,4,24,일
2022-04-24,6호선,새절(신사),6368,6273,12641,95,4,24,일
2022-04-24,6호선,증산(명지대앞),5775,5848,11623,-73,4,24,일
2022-04-24,6호선,디지털미디어시티,5348,5607,10955,-259,4,24,일
2022-04-24,6호선,월드컵경기장(성산),3416,3449,6865,-33,4,24,일
2022-04-24,6호선,마포구청,7001,6330,13331,671,4,24,일
2022-04-24,6호선,망원,10020,10944,20964,-924,4,24,일
2022-04-24,6호선,합정,9272,8693,17965,579,4,24,일
2022-04-24,6호선,상수,6155,6766,12921,-611,4,24,일
2022-04-24,6호선,광흥창(서강),4027,3787,7814,240,4,24,일
2022-04-24,6호선,대흥(서강대앞),3765,3963,7728,-198,4,24,일
2022-04-24,6호선,공덕,6869,6375,13244,494,4,24,일
2022-04-24,6호선,효창공원앞,3574,3190,6764,384,4,24,일
2022-04-24,6호선,삼각지,4472,3524,7996,948,4,24,일
2022-04-24,6호선,녹사평(용산구청),4181,4102,8283,79,4,24,일
2022-04-24,6호선,이태원,12496,9917,22413,2579,4,24,일
2022-04-24,6호선,한강진,6773,7809,14582,-1036,4,24,일
2022-04-24,6호선,버티고개,1160,1315,2475,-155,4,24,일
2022-04-24,6호선,약수,1764,1671,3435,93,4,24,일
2022-04-24,6호선,청구,1726,1602,3328,124,4,24,일
2022-04-24,6호선,신당,4772,5276,10048,-504,4,24,일
2022-04-24,6호선,동묘앞,6401,6289,12690,112,4,24,일
2022-04-24,6호선,창신,1674,1432,3106,242,4,24,일
2022-04-24,6호선,보문,3952,3754,7706,198,4,24,일
2022-04-24,6호선,안암(고대병원앞),4362,4952,9314,-590,4,24,일
2022-04-24,6호선,고려대(종암),4040,4077,8117,-37,4,24,일
2022-04-24,6호선,월곡(동덕여대),5256,5104,10360,152,4,24,일
2022-04-24,6호선,상월곡(한국과학기술연구원),3308,2993,6301,315,4,24,일
2022-04-24,6호선,돌곶이,5419,5146,10565,273,4,24,일
2022-04-24,6호선,석계,6422,6747,13169,-325,4,24,일
2022-04-24,6호선,태릉입구,3206,3308,6514,-102,4,24,일
2022-04-24,6호선,화랑대(서울여대입구),5111,4497,9608,614,4,24,일
2022-04-24,6호선,봉화산(서울의료원),3960,3957,7917,3,4,24,일
2022-04-24,7호선,장암,1553,1057,2610,496,4,24,일
2022-04-24,7호선,도봉산,5767,7963,13730,-2196,4,24,일
2022-04-24,7호선,수락산,8642,8694,17336,-52,4,24,일
2022-04-24,7호선,마들,6094,5709,11803,385,4,24,일
2022-04-24,7호선,노원,10727,10892,21619,-165,4,24,일
2022-04-24,7호선,중계,6633,6252,12885,381,4,24,일
2022-04-24,7호선,하계,9375,8917,18292,458,4,24,일
2022-04-24,7호선,공릉(서울과학기술대),6723,7027,13750,-304,4,24,일
2022-04-24,7호선,태릉입구,4979,4585,9564,394,4,24,일
2022-04-24,7호선,먹골,5362,5140,10502,222,4,24,일
2022-04-24,7호선,중화,5916,5755,11671,161,4,24,일
2022-04-24,7호선,상봉(시외버스터미널),9469,8582,18051,887,4,24,일
2022-04-24,7호선,면목,8102,7950,16052,152,4,24,일
2022-04-24,7호선,사가정,8889,8878,17767,11,4,24,일
2022-04-24,7호선,용마산(용마폭포공원),3589,3950,7539,-361,4,24,일
2022-04-24,7호선,중곡,5356,5209,10565,147,4,24,일
2022-04-24,7호선,군자(능동),7859,6107,13966,1752,4,24,일
2022-04-24,7호선,어린이대공원(세종대),8724,8971,17695,-247,4,24,일
2022-04-24,7호선,건대입구,7306,7808,15114,-502,4,24,일
2022-04-24,7호선,뚝섬유원지,10634,10141,20775,493,4,24,일
2022-04-24,7호선,청담,7117,7642,14759,-525,4,24,일
2022-04-24,7호선,강남구청,5601,6127,11728,-526,4,24,일
2022-04-24,7호선,학동,6347,6667,13014,-320,4,24,일
2022-04-24,7호선,논현,6110,6485,12595,-375,4,24,일
2022-04-24,7호선,반포,2857,2814,5671,43,4,24,일
2022-04-24,7호선,고속터미널,13288,8526,21814,4762,4,24,일
2022-04-24,7호선,내방,5233,5370,10603,-137,4,24,일
2022-04-24,7호선,이수,8347,7843,16190,504,4,24,일
2022-04-24,7호선,남성,5580,5415,10995,165,4,24,일
2022-04-24,7호선,숭실대입구(살피재),5818,6251,12069,-433,4,24,일
2022-04-24,7호선,상도,5114,5163,10277,-49,4,24,일
2022-04-24,7호선,장승배기,4713,4705,9418,8,4,24,일
2022-04-24,7호선,신대방삼거리,8408,8239,16647,169,4,24,일
2022-04-24,7호선,보라매,4921,5007,9928,-86,4,24,일
2022-04-24,7호선,신풍,6024,5756,11780,268,4,24,일
2022-04-24,7호선,대림(구로구청),7030,6664,13694,366,4,24,일
2022-04-24,7호선,남구로,6716,6561,13277,155,4,24,일
2022-04-24,7호선,가산디지털단지,10909,10268,21177,641,4,24,일
2022-04-24,7호선,철산,10569,10549,21118,20,4,24,일
2022-04-24,7호선,광명사거리,12898,12712,25610,186,4,24,일
2022-04-24,7호선,천왕,4932,4821,9753,111,4,24,일
2022-04-24,7호선,온수(성공회대입구),4273,4387,8660,-114,4,24,일
2022-04-24,8호선,암사,9131,8551,17682,580,4,24,일
2022-04-24,8호선,천호(풍납토성),8865,9912,18777,-1047,4,24,일
2022-04-24,8호선,강동구청,4423,4618,9041,-195,4,24,일
2022-04-24,8호선,몽촌토성(평화의문),3822,3834,7656,-12,4,24,일
2022-04-24,8호선,잠실(송파구청),9864,10979,20843,-1115,4,24,일
2022-04-24,8호선,석촌,4166,5304,9470,-1138,4,24,일
2022-04-24,8호선,송파,4146,4303,8449,-157,4,24,일
2022-04-24,8호선,가락시장,3112,3877,6989,-765,4,24,일
2022-04-24,8호선,문정,5843,6191,12034,-348,4,24,일
2022-04-24,8호선,장지,9065,9244,18309,-179,4,24,일
2022-04-24,8호선,복정,5028,4547,9575,481,4,24,일
2022-04-24,8호선,산성,3413,3435,6848,-22,4,24,일
2022-04-24,8호선,남한산성입구(성남법원.검찰청),7257,6704,13961,553,4,24,일
2022-04-24,8호선,단대오거리,6180,5954,12134,226,4,24,일
2022-04-24,8호선,신흥,2680,2887,5567,-207,4,24,일
2022-04-24,8호선,수진,3269,3084,6353,185,4,24,일
2022-04-24,8호선,모란,5563,4685,10248,878,4,24,일
2022-04-24,8호선,남위례,2396,2532,4928,-136,4,24,일
2022-04-24,9호선,개화,1195,1114,2309,81,4,24,일
2022-04-24,9호선,김포공항,7315,11381,18696,-4066,4,24,일
2022-04-24,9호선,공항시장,1828,2045,3873,-217,4,24,일
2022-04-24,9호선,신방화,3424,3414,6838,10,4,24,일
2022-04-24,9호선,마곡나루(서울식물원),6037,6066,12103,-29,4,24,일
2022-04-24,9호선,양천향교,4278,4406,8684,-128,4,24,일
2022-04-24,9호선,가양,10164,10084,20248,80,4,24,일
2022-04-24,9호선,증미,2459,2363,4822,96,4,24,일
2022-04-24,9호선,등촌,5181,5266,10447,-85,4,24,일
2022-04-24,9호선,염창,8903,8761,17664,142,4,24,일
2022-04-24,9호선,신목동,1761,1554,3315,207,4,24,일
2022-04-24,9호선,선유도,3169,3131,6300,38,4,24,일
2022-04-24,9호선,당산,9421,9160,18581,261,4,24,일
2022-04-24,9호선,국회의사당,5733,5387,11120,346,4,24,일
2022-04-24,9호선,여의도,9960,9138,19098,822,4,24,일
2022-04-24,9호선,샛강,1715,1746,3461,-31,4,24,일
2022-04-24,9호선,노량진,15010,15725,30735,-715,4,24,일
2022-04-24,9호선,노들,2747,2392,5139,355,4,24,일
2022-04-24,9호선,흑석(중앙대입구),3984,4211,8195,-227,4,24,일
2022-04-24,9호선,동작(현충원),1528,1268,2796,260,4,24,일
2022-04-24,9호선,구반포,547,550,1097,-3,4,24,일
2022-04-24,9호선,신반포,2085,2205,4290,-120,4,24,일
2022-04-24,9호선,고속터미널,10998,15074,26072,-4076,4,24,일
2022-04-24,9호선,사평,1510,1518,3028,-8,4,24,일
2022-04-24,9호선,신논현,15781,14850,30631,931,4,24,일
2022-04-24,9호선2~3단계,언주,3898,3933,7831,-35,4,24,일
2022-04-24,9호선2~3단계,선정릉,3064,3426,6490,-362,4,24,일
2022-04-24,9호선2~3단계,삼성중앙,1948,2069,4017,-121,4,24,일
2022-04-24,9호선2~3단계,봉은사,7603,7692,15295,-89,4,24,일
2022-04-24,9호선2~3단계,종합운동장,3091,2756,5847,335,4,24,일
2022-04-24,9호선2~3단계,삼전,3695,3455,7150,240,4,24,일
2022-04-24,9호선2~3단계,석촌고분,3036,3080,6116,-44,4,24,일
2022-04-24,9호선2~3단계,석촌,4901,4314,9215,587,4,24,일
2022-04-24,9호선2~3단계,송파나루,2956,3169,6125,-213,4,24,일
2022-04-24,9호선2~3단계,한성백제,1530,1375,2905,155,4,24,일
2022-04-24,9호선2~3단계,올림픽공원(한국체대),4350,4618,8968,-268,4,24,일
2022-04-24,9호선2~3단계,둔촌오륜,568,573,1141,-5,4,24,일
2022-04-24,9호선2~3단계,중앙보훈병원,3536,3422,6958,114,4,24,일
2022-04-24,경강선,판교,2666,2430,5096,236,4,24,일
2022-04-24,경강선,이매,762,512,1274,250,4,24,일
2022-04-24,경강선,삼동,1141,1058,2199,83,4,24,일
2022-04-24,경강선,경기광주,4073,4065,8138,8,4,24,일
2022-04-24,경강선,초월,1703,1674,3377,29,4,24,일
2022-04-24,경강선,곤지암,1723,1957,3680,-234,4,24,일
2022-04-24,경강선,신둔도예촌,990,1005,1995,-15,4,24,일
2022-04-24,경강선,이천,2178,2391,4569,-213,4,24,일
2022-04-24,경강선,부발,1583,2261,3844,-678,4,24,일
2022-04-24,경강선,세종대왕릉,332,306,638,26,4,24,일
2022-04-24,경강선,여주,2248,2387,4635,-139,4,24,일
2022-04-24,경부선,서울역,8430,1857,10287,6573,4,24,일
2022-04-24,경부선,남영,4355,4802,9157,-447,4,24,일
2022-04-24,경부선,용산,31944,28668,60612,3276,4,24,일
2022-04-24,경부선,노량진,6146,5920,12066,226,4,24,일
2022-04-24,경부선,대방,5974,6410,12384,-436,4,24,일
2022-04-24,경부선,영등포,32831,31412,64243,1419,4,24,일
2022-04-24,경부선,신도림,2344,2524,4868,-180,4,24,일
2022-04-24,경부선,신길,4920,4309,9229,611,4,24,일
2022-04-24,경부선,구로,9778,10086,19864,-308,4,24,일
2022-04-24,경부선,가산디지털단지,5114,6844,11958,-1730,4,24,일
2022-04-24,경부선,금천구청,6578,6418,12996,160,4,24,일
2022-04-24,경부선,석수,5470,5259,10729,211,4,24,일
2022-04-24,경부선,관악,5040,4714,9754,326,4,24,일
2022-04-24,경부선,안양,13772,13336,27108,436,4,24,일
2022-04-24,경부선,명학,3502,3557,7059,-55,4,24,일
2022-04-24,경의선,곡산,400,366,766,34,4,24,일
2022-04-24,경의선,능곡,2411,2389,4800,22,4,24,일
2022-04-24,경의선,행신,4728,4268,8996,460,4,24,일
2022-04-24,경의선,강매,1640,1553,3193,87,4,24,일
2022-04-24,경의선,화전,899,932,1831,-33,4,24,일
2022-04-24,경의선,수색,937,1030,1967,-93,4,24,일
2022-04-24,경의선,디지털미디어시티,1534,1379,2913,155,4,24,일
2022-04-24,경의선,가좌,2929,2907,5836,22,4,24,일
2022-04-24,경의선,홍대입구,1538,1780,3318,-242,4,24,일
2022-04-24,경의선,서강대,1348,1322,2670,26,4,24,일
2022-04-24,경의선,공덕,1776,1422,3198,354,4,24,일
2022-04-24,경의선,효창공원앞,1267,1443,2710,-176,4,24,일
2022-04-24,경의선,신촌,255,310,565,-55,4,24,일
2022-04-24,경의선,서울역,1177,1033,2210,144,4,24,일
2022-04-24,경원선,소요산,4803,4033,8836,770,4,24,일
2022-04-24,경원선,동두천,1519,2124,3643,-605,4,24,일
2022-04-24,경원선,보산,1423,1516,2939,-93,4,24,일
2022-04-24,경원선,동두천중앙,2185,2108,4293,77,4,24,일
2022-04-24,경원선,지행,4568,4550,9118,18,4,24,일
2022-04-24,경원선,덕정,3587,3686,7273,-99,4,24,일
2022-04-24,경원선,덕계,1908,1880,3788,28,4,24,일
2022-04-24,경원선,양주,5380,5328,10708,52,4,24,일
2022-04-24,경원선,녹양,2907,2850,5757,57,4,24,일
2022-04-24,경원선,가능,4191,4018,8209,173,4,24,일
2022-04-24,경원선,의정부,13967,14261,28228,-294,4,24,일
2022-04-24,경원선,회룡,7785,7762,15547,23,4,24,일
2022-04-24,경원선,망월사,4838,5051,9889,-213,4,24,일
2022-04-24,경원선,도봉산,9357,6841,16198,2516,4,24,일
2022-04-24,경원선,도봉,3631,3336,6967,295,4,24,일
2022-04-24,경원선,방학,6134,5883,12017,251,4,24,일
2022-04-24,경원선,녹천,2682,2305,4987,377,4,24,일
2022-04-24,경원선,월계,4020,3735,7755,285,4,24,일
2022-04-24,경원선,광운대,4162,4317,8479,-155,4,24,일
2022-04-24,경원선,석계,5192,5673,10865,-481,4,24,일
2022-04-24,경원선,신이문,4620,4396,9016,224,4,24,일
2022-04-24,경원선,외대앞,4480,4615,9095,-135,4,24,일
2022-04-24,경원선,청량리(서울시립대입구),13981,13040,27021,941,4,24,일
2022-04-24,경원선,왕십리(성동구청),8865,9949,18814,-1084,4,24,일
2022-04-24,경원선,응봉,1182,1189,2371,-7,4,24,일
2022-04-24,경원선,옥수,49,19,68,30,4,24,일
2022-04-24,경원선,한남,1933,1917,3850,16,4,24,일
2022-04-24,경원선,서빙고,1638,1646,3284,-8,4,24,일
2022-04-24,경원선,이촌(국립중앙박물관),2593,1791,4384,802,4,24,일
2022-04-24,경부선,광명,2956,1957,4913,999,4,24,일
2022-04-24,경부선,서동탄,785,849,1634,-64,4,24,일
2022-04-24,경부선,당정,3031,3051,6082,-20,4,24,일
2022-04-24,경부선,천안,6635,6524,13159,111,4,24,일
2022-04-24,경부선,두정,4655,5668,10323,-1013,4,24,일
2022-04-24,경부선,직산,662,713,1375,-51,4,24,일
2022-04-24,경부선,성환,2705,3391,6096,-686,4,24,일
2022-04-24,경부선,평택,12063,12755,24818,-692,4,24,일
2022-04-24,경부선,평택지제,2722,2453,5175,269,4,24,일
2022-04-24,경부선,서정리,4647,6605,11252,-1958,4,24,일
2022-04-24,경부선,송탄,3637,4524,8161,-887,4,24,일
2022-04-24,경부선,진위,930,918,1848,12,4,24,일
2022-04-24,경부선,오산,8097,8448,16545,-351,4,24,일
2022-04-24,경부선,오산대,2390,2464,4854,-74,4,24,일
2022-04-24,경부선,세마,1820,1633,3453,187,4,24,일
2022-04-24,경부선,병점,9588,10357,19945,-769,4,24,일
2022-04-24,경부선,세류,2088,2084,4172,4,4,24,일
2022-04-24,경부선,독산,6466,6539,13005,-73,4,24,일
2022-04-24,경부선,수원,35190,34185,69375,1005,4,24,일
2022-04-24,경부선,화서,4400,4263,8663,137,4,24,일
2022-04-24,경부선,성균관대,7954,8854,16808,-900,4,24,일
2022-04-24,경부선,의왕,4640,4682,9322,-42,4,24,일
2022-04-24,경부선,군포,3326,3116,6442,210,4,24,일
2022-04-24,중앙선,양평,2407,2178,4585,229,4,24,일
2022-04-24,중앙선,오빈,323,292,615,31,4,24,일
2022-04-24,중앙선,아신,684,677,1361,7,4,24,일
2022-04-24,중앙선,국수,742,629,1371,113,4,24,일
2022-04-24,중앙선,신원,459,298,757,161,4,24,일
2022-04-24,중앙선,양수,2134,1946,4080,188,4,24,일
2022-04-24,중앙선,운길산,1770,1650,3420,120,4,24,일
2022-04-24,중앙선,팔당,1565,1576,3141,-11,4,24,일
2022-04-24,중앙선,도심,1291,1201,2492,90,4,24,일
2022-04-24,중앙선,덕소,3663,3647,7310,16,4,24,일
2022-04-24,중앙선,양정,597,502,1099,95,4,24,일
2022-04-24,중앙선,도농,5413,5346,10759,67,4,24,일
2022-04-24,중앙선,구리,7746,8156,15902,-410,4,24,일
2022-04-24,중앙선,양원,1457,1510,2967,-53,4,24,일
2022-04-24,경부선,금정,15233,15237,30470,-4,4,24,일
2022-04-24,중앙선,망우,5005,5036,10041,-31,4,24,일
2022-04-24,중앙선,상봉(시외버스터미널),3936,4097,8033,-161,4,24,일
2022-04-24,중앙선,중랑,3653,3603,7256,50,4,24,일
2022-04-24,중앙선,회기,15393,15296,30689,97,4,24,일
2022-04-24,장항선,신창(순천향대),1131,2371,3502,-1240,4,24,일
2022-04-24,장항선,온양온천,4968,4838,9806,130,4,24,일
2022-04-24,장항선,배방,893,1063,1956,-170,4,24,일
2022-04-24,장항선,탕정,546,596,1142,-50,4,24,일
2022-04-24,장항선,아산,4006,2466,6472,1540,4,24,일
2022-04-24,장항선,쌍용(나사렛대),1433,1578,3011,-145,4,24,일
2022-04-24,장항선,봉명,702,708,1410,-6,4,24,일
2022-04-24,일산선,대화,6653,6277,12930,376,4,24,일
2022-04-24,일산선,주엽,4768,4574,9342,194,4,24,일
2022-04-24,일산선,정발산,8386,8494,16880,-108,4,24,일
2022-04-24,일산선,마두,3744,3736,7480,8,4,24,일
2022-04-24,일산선,백석,5441,5425,10866,16,4,24,일
2022-04-24,일산선,대곡,1209,1054,2263,155,4,24,일
2022-04-24,일산선,화정,9742,9986,19728,-244,4,24,일
2022-04-24,일산선,원당,6415,6206,12621,209,4,24,일
2022-04-24,일산선,삼송,11133,10893,22026,240,4,24,일
2022-04-24,일산선,원흥,5668,5603,11271,65,4,24,일
2022-04-24,우이신설선,신설동,1244,1267,2511,-23,4,24,일
2022-04-24,우이신설선,보문,995,975,1970,20,4,24,일
2022-04-24,우이신설선,성신여대입구(돈암),2046,2249,4295,-203,4,24,일
2022-04-24,우이신설선,정릉,2902,2442,5344,460,4,24,일
2022-04-24,우이신설선,북한산보국문,3786,3406,7192,380,4,24,일
2022-04-24,우이신설선,솔샘,2881,2741,5622,140,4,24,일
2022-04-24,우이신설선,삼양사거리,1593,1538,3131,55,4,24,일
2022-04-24,우이신설선,삼양,1172,1217,2389,-45,4,24,일
2022-04-24,우이신설선,화계,2086,1991,4077,95,4,24,일
2022-04-24,우이신설선,가오리,2385,2277,4662,108,4,24,일
2022-04-24,우이신설선,4.19민주묘지,2241,1957,4198,284,4,24,일
2022-04-24,우이신설선,솔밭공원,1500,1432,2932,68,4,24,일
2022-04-24,우이신설선,북한산우이,3616,3873,7489,-257,4,24,일
2022-04-24,안산선,수리산,5143,5966,11109,-823,4,24,일
2022-04-24,안산선,오이도,6193,6039,12232,154,4,24,일
2022-04-24,안산선,정왕,5691,6066,11757,-375,4,24,일
2022-04-24,안산선,신길온천,1225,1180,2405,45,4,24,일
2022-04-24,안산선,안산,10130,9335,19465,795,4,24,일
2022-04-24,안산선,초지,2594,2523,5117,71,4,24,일
2022-04-24,안산선,고잔,4915,4783,9698,132,4,24,일
2022-04-24,안산선,중앙,11889,11686,23575,203,4,24,일
2022-04-24,안산선,한대앞,5521,5709,11230,-188,4,24,일
2022-04-24,안산선,상록수,10041,9727,19768,314,4,24,일
2022-04-24,안산선,반월,2726,2790,5516,-64,4,24,일
2022-04-24,안산선,대야미,3601,3070,6671,531,4,24,일
2022-04-24,안산선,산본,10019,9997,20016,22,4,24,일
2022-04-24,수인선,인천,1148,1854,3002,-706,4,24,일
2022-04-24,수인선,신포,1242,1174,2416,68,4,24,일
2022-04-24,수인선,숭의,2115,1915,4030,200,4,24,일
2022-04-24,수인선,인하대,3399,3467,6866,-68,4,24,일
2022-04-24,수인선,송도,1582,1527,3109,55,4,24,일
2022-04-24,수인선,연수,3367,3292,6659,75,4,24,일
2022-04-24,수인선,원인재,2942,3040,5982,-98,4,24,일
2022-04-24,수인선,남동인더스파크,587,567,1154,20,4,24,일
2022-04-24,수인선,호구포,2122,2261,4383,-139,4,24,일
2022-04-24,수인선,인천논현,3060,3080,6140,-20,4,24,일
2022-04-24,수인선,소래포구,5611,5555,11166,56,4,24,일
2022-04-24,수인선,월곶,1764,1567,3331,197,4,24,일
2022-04-24,수인선,달월,52,54,106,-2,4,24,일
2022-04-24,수인선,사리,2727,2399,5126,328,4,24,일
2022-04-24,수인선,야목,222,186,408,36,4,24,일
2022-04-24,수인선,어천,582,725,1307,-143,4,24,일
2022-04-24,수인선,오목천,1656,1631,3287,25,4,24,일
2022-04-24,수인선,고색,1819,1950,3769,-131,4,24,일
2022-04-24,분당선,매교,1514,1560,3074,-46,4,24,일
2022-04-24,분당선,수원시청,7698,7574,15272,124,4,24,일
2022-04-24,분당선,매탄권선,2578,2552,5130,26,4,24,일
2022-04-24,분당선,망포,6185,6540,12725,-355,4,24,일
2022-04-24,분당선,영통,4710,3064,7774,1646,4,24,일
2022-04-24,분당선,청명,2010,2185,4195,-175,4,24,일
2022-04-24,분당선,상갈,3026,3062,6088,-36,4,24,일
2022-04-24,분당선,기흥,5125,4810,9935,315,4,24,일
2022-04-24,분당선,신갈,2087,2082,4169,5,4,24,일
2022-04-24,분당선,구성,2571,2723,5294,-152,4,24,일
2022-04-24,분당선,죽전,7773,8677,16450,-904,4,24,일
2022-04-24,분당선,보정,1126,1086,2212,40,4,24,일
2022-04-24,분당선,이매,3394,3529,6923,-135,4,24,일
2022-04-24,분당선,오리,5579,4754,10333,825,4,24,일
2022-04-24,분당선,미금,7523,8151,15674,-628,4,24,일
2022-04-24,분당선,정자,7697,7892,15589,-195,4,24,일
2022-04-24,분당선,수내,6037,5748,11785,289,4,24,일
2022-04-24,분당선,서현,14220,14214,28434,6,4,24,일
2022-04-24,분당선,야탑,14180,14409,28589,-229,4,24,일
2022-04-24,분당선,모란,20060,20959,41019,-899,4,24,일
2022-04-24,분당선,태평,8437,8106,16543,331,4,24,일
2022-04-24,분당선,가천대,4087,4808,8895,-721,4,24,일
2022-04-24,분당선,선정릉,2171,2199,4370,-28,4,24,일
2022-04-24,분당선,강남구청,3409,4073,7482,-664,4,24,일
2022-04-24,분당선,압구정로데오,10015,11202,21217,-1187,4,24,일
2022-04-24,분당선,서울숲,9825,10299,20124,-474,4,24,일
2022-04-24,분당선,수원,6397,5059,11456,1338,4,24,일
2022-04-24,분당선,수서,9110,8621,17731,489,4,24,일
2022-04-24,분당선,대모산입구,2393,2349,4742,44,4,24,일
2022-04-24,분당선,개포동,1970,2070,4040,-100,4,24,일
2022-04-24,분당선,구룡,816,879,1695,-63,4,24,일
2022-04-24,분당선,도곡,2989,2799,5788,190,4,24,일
2022-04-24,분당선,한티,7435,7428,14863,7,4,24,일
2022-04-24,분당선,선릉,2787,4466,7253,-1679,4,24,일
2022-04-24,과천선,범계,15118,14633,29751,485,4,24,일
2022-04-24,과천선,평촌,6419,6340,12759,79,4,24,일
2022-04-24,과천선,인덕원,13232,13123,26355,109,4,24,일
2022-04-24,과천선,정부과천청사,4844,4853,9697,-9,4,24,일
2022-04-24,과천선,과천,3706,3562,7268,144,4,24,일
2022-04-24,과천선,대공원,8361,8448,16809,-87,4,24,일
2022-04-24,과천선,경마공원,14840,15136,29976,-296,4,24,일
2022-04-24,과천선,선바위,4372,4117,8489,255,4,24,일
2022-04-24,공항철도 1호선,영종,2590,2578,5168,12,4,24,일
2022-04-24,공항철도 1호선,인천공항2터미널,2377,2221,4598,156,4,24,일
2022-04-24,공항철도 1호선,인천공항1터미널,4888,4414,9302,474,4,24,일
2022-04-24,공항철도 1호선,공항화물청사,1047,1131,2178,-84,4,24,일
2022-04-24,공항철도 1호선,운서,5460,5871,11331,-411,4,24,일
2022-04-24,공항철도 1호선,청라국제도시,3379,3258,6637,121,4,24,일
2022-04-24,공항철도 1호선,검암,3726,3809,7535,-83,4,24,일
2022-04-24,공항철도 1호선,계양,5415,5163,10578,252,4,24,일
2022-04-24,공항철도 1호선,김포공항,11819,6062,17881,5757,4,24,일
2022-04-24,공항철도 1호선,마곡나루(서울식물원),2596,2973,5569,-377,4,24,일
2022-04-24,공항철도 1호선,디지털미디어시티,3594,3639,7233,-45,4,24,일
2022-04-24,공항철도 1호선,홍대입구,9704,8533,18237,1171,4,24,일
2022-04-24,공항철도 1호선,공덕,1173,1691,2864,-518,4,24,일
2022-04-24,공항철도 1호선,서울역,8233,7633,15866,600,4,24,일
2022-04-24,경춘선,춘천,2226,1784,4010,442,4,24,일
2022-04-24,경춘선,남춘천,2385,2724,5109,-339,4,24,일
2022-04-24,경춘선,김유정,502,501,1003,1,4,24,일
2022-04-24,경춘선,강촌,922,776,1698,146,4,24,일
2022-04-24,경춘선,백양리,185,184,369,1,4,24,일
2022-04-24,경춘선,굴봉산,376,380,756,-4,4,24,일
2022-04-24,경춘선,가평,2273,1774,4047,499,4,24,일
2022-04-24,경춘선,상천,673,571,1244,102,4,24,일
2022-04-24,경춘선,청평,2026,1578,3604,448,4,24,일
2022-04-24,경춘선,대성리,1189,667,1856,522,4,24,일
2022-04-24,경춘선,마석,2844,2785,5629,59,4,24,일
2022-04-24,경춘선,천마산,1137,1201,2338,-64,4,24,일
2022-04-24,경춘선,평내호평,3614,3437,7051,177,4,24,일
2022-04-24,경춘선,금곡,954,911,1865,43,4,24,일
2022-04-24,경춘선,사릉,1407,1424,2831,-17,4,24,일
2022-04-24,경춘선,퇴계원,2294,2039,4333,255,4,24,일
2022-04-24,경의선,풍산,3587,3327,6914,260,4,24,일
2022-04-24,경춘선,갈매,1609,1434,3043,175,4,24,일
2022-04-24,경춘선,신내,1094,1083,2177,11,4,24,일
2022-04-24,경인선,도화,2463,2339,4802,124,4,24,일
2022-04-24,경인선,중동,4973,4699,9672,274,4,24,일
2022-04-24,경인선,온수(성공회대입구),3806,3647,7453,159,4,24,일
2022-04-24,경인선,도원,1719,1735,3454,-16,4,24,일
2022-04-24,경인선,간석,3132,2787,5919,345,4,24,일
2022-04-24,경인선,부개,4892,4564,9456,328,4,24,일
2022-04-24,경인선,소사,5833,5565,11398,268,4,24,일
2022-04-24,중앙선,원덕,483,446,929,37,4,24,일
2022-04-24,중앙선,용문,2760,2218,4978,542,4,24,일
2022-04-24,2호선,삼성(무역센터),19478,18599,38077,879,4,24,일
2022-04-24,2호선,종합운동장,10716,11947,22663,-1231,4,24,일
2022-04-24,2호선,잠실새내,11596,11669,23265,-73,4,24,일
2022-04-24,2호선,잠실(송파구청),50924,47258,98182,3666,4,24,일
2022-04-24,2호선,잠실나루,5482,5776,11258,-294,4,24,일
2022-04-24,2호선,강변(동서울터미널),21441,21273,42714,168,4,24,일
2022-04-24,2호선,구의(광진구청),11312,11485,22797,-173,4,24,일
2022-04-24,2호선,건대입구,25905,26617,52522,-712,4,24,일
2022-04-24,2호선,성수,13934,15633,29567,-1699,4,24,일
2022-04-24,2호선,뚝섬,11805,11903,23708,-98,4,24,일
2022-04-24,2호선,한양대,2714,3340,6054,-626,4,24,일
2022-04-24,2호선,왕십리(성동구청),9356,8044,17400,1312,4,24,일
2022-04-24,2호선,상왕십리,6864,6839,13703,25,4,24,일
2022-04-24,2호선,신당,8416,8965,17381,-549,4,24,일
2022-04-24,2호선,동대문역사문화공원(DDP),7636,7874,15510,-238,4,24,일
2022-04-24,2호선,을지로4가,3702,3516,7218,186,4,24,일
2022-04-24,2호선,을지로3가,8844,8564,17408,280,4,24,일
2022-04-24,2호선,을지로입구,15787,14711,30498,1076,4,24,일
2022-04-24,2호선,시청,5881,4988,10869,893,4,24,일
2022-04-24,1호선,동묘앞,12770,13149,25919,-379,4,24,일
2022-04-24,1호선,청량리(서울시립대입구),13447,13266,26713,181,4,24,일
2022-04-24,1호선,제기동,10309,10924,21233,-615,4,24,일
2022-04-24,1호선,신설동,7708,7746,15454,-38,4,24,일
2022-04-24,1호선,동대문,10046,10299,20345,-253,4,24,일
2022-04-24,1호선,종로5가,10158,10096,20254,62,4,24,일
2022-04-24,1호선,종로3가,15299,12957,28256,2342,4,24,일
2022-04-24,1호선,종각,12941,11205,24146,1736,4,24,일
2022-04-24,1호선,서울역,28573,25426,53999,3147,4,24,일
2022-04-24,2호선,선릉,13405,11371,24776,2034,4,24,일
2022-04-24,2호선,역삼,10820,11729,22549,-909,4,24,일
2022-04-24,2호선,강남,33739,33002,66741,737,4,24,일
2022-04-24,2호선,교대(법원.검찰청),10579,11598,22177,-1019,4,24,일
2022-04-24,2호선,서초,11628,10850,22478,778,4,24,일
2022-04-24,2호선,방배,6765,7182,13947,-417,4,24,일
2022-04-24,2호선,사당,22223,24834,47057,-2611,4,24,일
2022-04-24,2호선,낙성대(강감찬),15577,16393,31970,-816,4,24,일
2022-04-24,2호선,서울대입구(관악구청),27124,28021,55145,-897,4,24,일
2022-04-24,2호선,봉천,12429,12111,24540,318,4,24,일
2022-04-24,2호선,신림,37877,37384,75261,493,4,24,일
2022-04-24,2호선,신대방,16287,16032,32319,255,4,24,일
2022-04-24,2호선,구로디지털단지,23770,23285,47055,485,4,24,일
2022-04-24,2호선,대림(구로구청),14716,15270,29986,-554,4,24,일
2022-04-24,2호선,신도림,27690,28114,55804,-424,4,24,일
2022-04-24,2호선,문래,7992,8719,16711,-727,4,24,일
2022-04-24,2호선,영등포구청,7886,8307,16193,-421,4,24,일
2022-04-24,2호선,당산,9499,10114,19613,-615,4,24,일
2022-04-24,2호선,합정,20075,21215,41290,-1140,4,24,일
2022-04-24,2호선,홍대입구,45983,44710,90693,1273,4,24,일
2022-04-24,2호선,신촌,20252,19920,40172,332,4,24,일
2022-04-24,2호선,이대,6839,7448,14287,-609,4,24,일
2022-04-24,2호선,아현,5296,5295,10591,1,4,24,일
2022-04-25,분당선,가천대,11784,12971,24755,-1187,4,25,월
2022-04-25,6호선,상수,7744,8741,16485,-997,4,25,월
2022-04-25,1호선,서울역,43225,41194,84419,2031,4,25,월
2022-04-25,1호선,시청,22449,22688,45137,-239,4,25,월
2022-04-25,1호선,종각,33955,33545,67500,410,4,25,월
2022-04-25,1호선,종로3가,24262,22181,46443,2081,4,25,월
2022-04-25,1호선,종로5가,22046,22104,44150,-58,4,25,월
2022-04-25,1호선,동대문,10861,10447,21308,414,4,25,월
2022-04-25,1호선,신설동,13849,13648,27497,201,4,25,월
2022-04-25,1호선,제기동,17410,17894,35304,-484,4,25,월
2022-04-25,1호선,청량리(서울시립대입구),20184,19855,40039,329,4,25,월
2022-04-25,1호선,동묘앞,7436,7809,15245,-373,4,25,월
2022-04-25,2호선,시청,23320,22761,46081,559,4,25,월
2022-04-25,2호선,을지로입구,38693,40057,78750,-1364,4,25,월
2022-04-25,2호선,을지로3가,22438,22558,44996,-120,4,25,월
2022-04-25,2호선,을지로4가,12904,12910,25814,-6,4,25,월
2022-04-25,2호선,동대문역사문화공원(DDP),10976,12439,23415,-1463,4,25,월
2022-04-25,2호선,신당,14423,14823,29246,-400,4,25,월
2022-04-25,2호선,상왕십리,14328,13917,28245,411,4,25,월
2022-04-25,2호선,왕십리(성동구청),15836,12485,28321,3351,4,25,월
2022-04-25,2호선,한양대,13902,15420,29322,-1518,4,25,월
2022-04-25,2호선,뚝섬,21453,23329,44782,-1876,4,25,월
2022-04-25,2호선,성수,36804,39910,76714,-3106,4,25,월
2022-04-25,2호선,건대입구,33738,36419,70157,-2681,4,25,월
2022-04-25,2호선,구의(광진구청),23661,23468,47129,193,4,25,월
2022-04-25,2호선,강변(동서울터미널),29906,28218,58124,1688,4,25,월
2022-04-25,2호선,잠실나루,14734,14460,29194,274,4,25,월
2022-04-25,2호선,잠실(송파구청),62971,63238,126209,-267,4,25,월
2022-04-25,2호선,잠실새내,20570,20311,40881,259,4,25,월
2022-04-25,2호선,종합운동장,7024,7822,14846,-798,4,25,월
2022-04-25,2호선,삼성(무역센터),49077,50223,99300,-1146,4,25,월
2022-04-25,2호선,선릉,57856,51601,109457,6255,4,25,월
2022-04-25,2호선,역삼,53110,60171,113281,-7061,4,25,월
2022-04-25,2호선,강남,80426,79937,160363,489,4,25,월
2022-04-25,2호선,교대(법원.검찰청),34368,38799,73167,-4431,4,25,월
2022-04-25,2호선,서초,21872,21172,43044,700,4,25,월
2022-04-25,2호선,방배,18953,19725,38678,-772,4,25,월
2022-04-25,2호선,사당,36084,40077,76161,-3993,4,25,월
2022-04-25,2호선,낙성대(강감찬),27216,26945,54161,271,4,25,월
2022-04-25,2호선,서울대입구(관악구청),47201,46500,93701,701,4,25,월
2022-04-25,2호선,봉천,23984,22414,46398,1570,4,25,월
2022-04-25,2호선,신림,62752,60758,123510,1994,4,25,월
2022-04-25,2호선,신대방,27213,26181,53394,1032,4,25,월
2022-04-25,2호선,구로디지털단지,59322,59394,118716,-72,4,25,월
2022-04-25,2호선,대림(구로구청),24407,24885,49292,-478,4,25,월
2022-04-25,2호선,신도림,46787,46331,93118,456,4,25,월
2022-04-25,2호선,문래,22042,22493,44535,-451,4,25,월
2022-04-25,2호선,영등포구청,22890,23714,46604,-824,4,25,월
2022-04-25,2호선,당산,18978,21945,40923,-2967,4,25,월
2022-04-25,2호선,합정,29098,30252,59350,-1154,4,25,월
2022-04-25,2호선,홍대입구,48174,49775,97949,-1601,4,25,월
2022-04-25,2호선,신촌,30691,31546,62237,-855,4,25,월
2022-04-25,2호선,이대,13526,14537,28063,-1011,4,25,월
2022-04-25,2호선,아현,10404,9949,20353,455,4,25,월
2022-04-25,2호선,충정로(경기대입구),10222,10770,20992,-548,4,25,월
2022-04-25,2호선,신답,1659,1878,3537,-219,4,25,월
2022-04-25,2호선,신설동,3211,3381,6592,-170,4,25,월
2022-04-25,2호선,도림천,1438,1482,2920,-44,4,25,월
2022-04-25,2호선,양천구청,6893,7132,14025,-239,4,25,월
2022-04-25,2호선,신정네거리,10657,10915,21572,-258,4,25,월
2022-04-25,2호선,용두(동대문구청),2292,2477,4769,-185,4,25,월
2022-04-25,3호선,지축,5176,4887,10063,289,4,25,월
2022-04-25,3호선,구파발,20789,19936,40725,853,4,25,월
2022-04-25,3호선,연신내,36483,34419,70902,2064,4,25,월
2022-04-25,3호선,불광,16179,17109,33288,-930,4,25,월
2022-04-25,3호선,녹번,15832,14328,30160,1504,4,25,월
2022-04-25,3호선,홍제,18395,17453,35848,942,4,25,월
2022-04-25,3호선,무악재,3962,4022,7984,-60,4,25,월
2022-04-25,3호선,독립문,6980,7274,14254,-294,4,25,월
2022-04-25,3호선,경복궁(정부서울청사),19969,19669,39638,300,4,25,월
2022-04-25,3호선,안국,20441,21125,41566,-684,4,25,월
2022-04-25,3호선,종로3가,9901,11239,21140,-1338,4,25,월
2022-04-25,3호선,을지로3가,10472,10638,21110,-166,4,25,월
2022-04-25,3호선,충무로,1,0,1,1,4,25,월
2022-04-25,3호선,동대입구,9305,9862,19167,-557,4,25,월
2022-04-25,3호선,약수,13038,12849,25887,189,4,25,월
2022-04-25,3호선,금호,7929,7464,15393,465,4,25,월
2022-04-25,3호선,옥수,8770,9080,17850,-310,4,25,월
2022-04-25,3호선,압구정,28731,30797,59528,-2066,4,25,월
2022-04-25,3호선,신사,29421,30556,59977,-1135,4,25,월
2022-04-25,3호선,잠원,4807,4751,9558,56,4,25,월
2022-04-25,3호선,고속터미널,37499,35634,73133,1865,4,25,월
2022-04-25,3호선,교대(법원.검찰청),14672,9933,24605,4739,4,25,월
2022-04-25,3호선,남부터미널(예술의전당),28414,29017,57431,-603,4,25,월
2022-04-25,3호선,양재(서초구청),38326,41958,80284,-3632,4,25,월
2022-04-25,3호선,매봉,12442,11961,24403,481,4,25,월
2022-04-25,3호선,도곡,5439,5481,10920,-42,4,25,월
2022-04-25,3호선,대치,10801,10977,21778,-176,4,25,월
2022-04-25,3호선,학여울,1806,1776,3582,30,4,25,월
2022-04-25,3호선,대청,10398,9531,19929,867,4,25,월
2022-04-25,3호선,일원,10744,10444,21188,300,4,25,월
2022-04-25,3호선,수서,17098,17615,34713,-517,4,25,월
2022-04-25,3호선,가락시장,9125,9082,18207,43,4,25,월
2022-04-25,3호선,경찰병원,7442,7510,14952,-68,4,25,월
2022-04-25,3호선,오금,6535,5889,12424,646,4,25,월
2022-04-25,4호선,당고개,9077,8032,17109,1045,4,25,월
2022-04-25,4호선,상계,19993,18434,38427,1559,4,25,월
2022-04-25,4호선,노원,18675,20577,39252,-1902,4,25,월
2022-04-25,4호선,창동,25198,26954,52152,-1756,4,25,월
2022-04-25,4호선,쌍문,29445,27079,56524,2366,4,25,월
2022-04-25,4호선,수유(강북구청),33844,33714,67558,130,4,25,월
2022-04-25,4호선,미아(서울사이버대학),15540,15118,30658,422,4,25,월
2022-04-25,4호선,미아사거리,27363,26636,53999,727,4,25,월
2022-04-25,4호선,길음,21998,21613,43611,385,4,25,월
2022-04-25,4호선,성신여대입구(돈암),19997,19549,39546,448,4,25,월
2022-04-25,4호선,한성대입구(삼선교),13422,13214,26636,208,4,25,월
2022-04-25,4호선,혜화,29912,30308,60220,-396,4,25,월
2022-04-25,4호선,동대문,20107,20636,40743,-529,4,25,월
2022-04-25,4호선,동대문역사문화공원(DDP),13639,12519,26158,1120,4,25,월
2022-04-25,4호선,충무로,28237,29448,57685,-1211,4,25,월
2022-04-25,4호선,명동,18981,19492,38473,-511,4,25,월
2022-04-25,4호선,회현(남대문시장),22674,24337,47011,-1663,4,25,월
2022-04-25,4호선,서울역,11174,15926,27100,-4752,4,25,월
2022-04-25,4호선,숙대입구(갈월),14056,13563,27619,493,4,25,월
2022-04-25,4호선,삼각지,4868,5319,10187,-451,4,25,월
2022-04-25,4호선,신용산,15846,16736,32582,-890,4,25,월
2022-04-25,4호선,이촌(국립중앙박물관),7122,7941,15063,-819,4,25,월
2022-04-25,4호선,동작(현충원),1517,1666,3183,-149,4,25,월
2022-04-25,4호선,총신대입구(이수),19022,20610,39632,-1588,4,25,월
2022-04-25,4호선,사당,25162,21058,46220,4104,4,25,월
2022-04-25,4호선,남태령,1231,1071,2302,160,4,25,월
2022-04-25,5호선,방화,6773,6541,13314,232,4,25,월
2022-04-25,5호선,개화산,5835,5520,11355,315,4,25,월
2022-04-25,5호선,김포공항,7013,6848,13861,165,4,25,월
2022-04-25,5호선,송정,6723,6284,13007,439,4,25,월
2022-04-25,5호선,마곡,10769,10978,21747,-209,4,25,월
2022-04-25,5호선,발산,20809,21444,42253,-635,4,25,월
2022-04-25,5호선,우장산,15137,14778,29915,359,4,25,월
2022-04-25,5호선,화곡,28930,26980,55910,1950,4,25,월
2022-04-25,5호선,까치산,29169,27675,56844,1494,4,25,월
2022-04-25,5호선,신정(은행정),14201,11543,25744,2658,4,25,월
2022-04-25,5호선,목동,16658,18148,34806,-1490,4,25,월
2022-04-25,5호선,오목교(목동운동장앞),20574,22105,42679,-1531,4,25,월
2022-04-25,5호선,양평,7646,7591,15237,55,4,25,월
2022-04-25,5호선,영등포구청,4089,4201,8290,-112,4,25,월
2022-04-25,5호선,영등포시장,10110,10380,20490,-270,4,25,월
2022-04-25,5호선,신길,4169,4377,8546,-208,4,25,월
2022-04-25,5호선,여의도,28662,30509,59171,-1847,4,25,월
2022-04-25,5호선,여의나루,11110,12058,23168,-948,4,25,월
2022-04-25,5호선,마포,14751,15221,29972,-470,4,25,월
2022-04-25,5호선,공덕,14165,15037,29202,-872,4,25,월
2022-04-25,5호선,애오개,6764,6841,13605,-77,4,25,월
2022-04-25,5호선,충정로(경기대입구),4985,5146,10131,-161,4,25,월
2022-04-25,5호선,서대문,20189,20525,40714,-336,4,25,월
2022-04-25,5호선,광화문(세종문화회관),29197,30552,59749,-1355,4,25,월
2022-04-25,5호선,종로3가,11360,11413,22773,-53,4,25,월
2022-04-25,5호선,을지로4가,6221,6357,12578,-136,4,25,월
2022-04-25,5호선,동대문역사문화공원(DDP),3104,3504,6608,-400,4,25,월
2022-04-25,5호선,청구,4108,3663,7771,445,4,25,월
2022-04-25,5호선,신금호,6651,6985,13636,-334,4,25,월
2022-04-25,5호선,행당,8203,7222,15425,981,4,25,월
2022-04-25,5호선,왕십리(성동구청),4389,5097,9486,-708,4,25,월
2022-04-25,5호선,마장,5794,5381,11175,413,4,25,월
2022-04-25,5호선,답십리,16096,14743,30839,1353,4,25,월
2022-04-25,5호선,장한평,18380,18175,36555,205,4,25,월
2022-04-25,5호선,군자(능동),10899,11970,22869,-1071,4,25,월
2022-04-25,5호선,아차산(어린이대공원후문),14742,14337,29079,405,4,25,월
2022-04-25,5호선,광나루(장신대),13604,12364,25968,1240,4,25,월
2022-04-25,5호선,천호(풍납토성),17281,17345,34626,-64,4,25,월
2022-04-25,5호선,강동,18971,18419,37390,552,4,25,월
2022-04-25,5호선,길동,8077,8246,16323,-169,4,25,월
2022-04-25,5호선,굽은다리(강동구민회관앞),9487,8955,18442,532,4,25,월
2022-04-25,5호선,명일,8912,9122,18034,-210,4,25,월
2022-04-25,5호선,고덕,9791,9686,19477,105,4,25,월
2022-04-25,5호선,상일동,15308,14210,29518,1098,4,25,월
2022-04-25,5호선,둔촌동,8295,8410,16705,-115,4,25,월
2022-04-25,5호선,올림픽공원(한국체대),4398,3940,8338,458,4,25,월
2022-04-25,5호선,방이,7143,7314,14457,-171,4,25,월
2022-04-25,5호선,오금,3934,3924,7858,10,4,25,월
2022-04-25,5호선,개롱,6579,6879,13458,-300,4,25,월
2022-04-25,5호선,거여,10689,10166,20855,523,4,25,월
2022-04-25,5호선,마천,7468,7152,14620,316,4,25,월
2022-04-25,5호선,강일,4225,4018,8243,207,4,25,월
2022-04-25,5호선,미사,16161,16176,32337,-15,4,25,월
2022-04-25,5호선,하남풍산,4364,4220,8584,144,4,25,월
2022-04-25,5호선,하남시청(덕풍·신장),6837,6691,13528,146,4,25,월
2022-04-25,5호선,하남검단산,5564,5371,10935,193,4,25,월
2022-04-25,6호선,응암,17812,17615,35427,197,4,25,월
2022-04-25,6호선,역촌,3686,4323,8009,-637,4,25,월
2022-04-25,6호선,불광,4238,4167,8405,71,4,25,월
2022-04-25,6호선,독바위,2727,2828,5555,-101,4,25,월
2022-04-25,6호선,연신내,1,0,1,1,4,25,월
2022-04-25,6호선,구산,7806,5763,13569,2043,4,25,월
2022-04-25,6호선,새절(신사),13672,12716,26388,956,4,25,월
2022-04-25,6호선,증산(명지대앞),10339,10297,20636,42,4,25,월
2022-04-25,6호선,디지털미디어시티,14534,15790,30324,-1256,4,25,월
2022-04-25,6호선,월드컵경기장(성산),4203,4520,8723,-317,4,25,월
2022-04-25,6호선,마포구청,14191,12749,26940,1442,4,25,월
2022-04-25,6호선,망원,12869,13587,26456,-718,4,25,월
2022-04-25,6호선,합정,12287,12517,24804,-230,4,25,월
2022-04-25,6호선,광흥창(서강),9175,8801,17976,374,4,25,월
2022-04-25,6호선,대흥(서강대앞),8219,8513,16732,-294,4,25,월
2022-04-25,6호선,공덕,18696,18039,36735,657,4,25,월
2022-04-25,6호선,효창공원앞,7390,6833,14223,557,4,25,월
2022-04-25,6호선,삼각지,6074,5453,11527,621,4,25,월
2022-04-25,6호선,녹사평(용산구청),4422,4304,8726,118,4,25,월
2022-04-25,6호선,이태원,9296,9627,18923,-331,4,25,월
2022-04-25,6호선,한강진,6628,7702,14330,-1074,4,25,월
2022-04-25,6호선,버티고개,2170,2122,4292,48,4,25,월
2022-04-25,6호선,약수,3630,3643,7273,-13,4,25,월
2022-04-25,6호선,청구,3713,4064,7777,-351,4,25,월
2022-04-25,6호선,신당,7877,8527,16404,-650,4,25,월
2022-04-25,6호선,동묘앞,7609,7870,15479,-261,4,25,월
2022-04-25,6호선,창신,3767,3165,6932,602,4,25,월
2022-04-25,6호선,보문,7365,6754,14119,611,4,25,월
2022-04-25,6호선,안암(고대병원앞),12825,13178,26003,-353,4,25,월
2022-04-25,6호선,고려대(종암),8699,8479,17178,220,4,25,월
2022-04-25,6호선,월곡(동덕여대),12069,11901,23970,168,4,25,월
2022-04-25,6호선,상월곡(한국과학기술연구원),6516,5889,12405,627,4,25,월
2022-04-25,6호선,돌곶이,9686,9020,18706,666,4,25,월
2022-04-25,6호선,석계,12795,13551,26346,-756,4,25,월
2022-04-25,6호선,태릉입구,5593,6319,11912,-726,4,25,월
2022-04-25,6호선,화랑대(서울여대입구),12543,9916,22459,2627,4,25,월
2022-04-25,6호선,봉화산(서울의료원),9213,8599,17812,614,4,25,월
2022-04-25,7호선,장암,2318,867,3185,1451,4,25,월
2022-04-25,7호선,도봉산,9838,10933,20771,-1095,4,25,월
2022-04-25,7호선,수락산,12775,12208,24983,567,4,25,월
2022-04-25,7호선,마들,13263,12112,25375,1151,4,25,월
2022-04-25,7호선,노원,18901,19950,38851,-1049,4,25,월
2022-04-25,7호선,중계,15300,14257,29557,1043,4,25,월
2022-04-25,7호선,하계,18296,16931,35227,1365,4,25,월
2022-04-25,7호선,공릉(서울과학기술대),13281,13046,26327,235,4,25,월
2022-04-25,7호선,태릉입구,9082,8706,17788,376,4,25,월
2022-04-25,7호선,먹골,10250,10812,21062,-562,4,25,월
2022-04-25,7호선,중화,11084,10734,21818,350,4,25,월
2022-04-25,7호선,상봉(시외버스터미널),16993,15684,32677,1309,4,25,월
2022-04-25,7호선,면목,16799,16197,32996,602,4,25,월
2022-04-25,7호선,사가정,16404,16761,33165,-357,4,25,월
2022-04-25,7호선,용마산(용마폭포공원),6253,5907,12160,346,4,25,월
2022-04-25,7호선,중곡,11183,10245,21428,938,4,25,월
2022-04-25,7호선,군자(능동),15024,12303,27327,2721,4,25,월
2022-04-25,7호선,어린이대공원(세종대),14009,14529,28538,-520,4,25,월
2022-04-25,7호선,건대입구,12536,13486,26022,-950,4,25,월
2022-04-25,7호선,뚝섬유원지,8947,8524,17471,423,4,25,월
2022-04-25,7호선,청담,19643,21880,41523,-2237,4,25,월
2022-04-25,7호선,강남구청,15906,17532,33438,-1626,4,25,월
2022-04-25,7호선,학동,24922,26396,51318,-1474,4,25,월
2022-04-25,7호선,논현,20970,22853,43823,-1883,4,25,월
2022-04-25,7호선,반포,5845,5702,11547,143,4,25,월
2022-04-25,7호선,고속터미널,15797,13196,28993,2601,4,25,월
2022-04-25,7호선,내방,14905,15142,30047,-237,4,25,월
2022-04-25,7호선,이수,15385,14974,30359,411,4,25,월
2022-04-25,7호선,남성,11373,10687,22060,686,4,25,월
2022-04-25,7호선,숭실대입구(살피재),15580,16054,31634,-474,4,25,월
2022-04-25,7호선,상도,11200,10998,22198,202,4,25,월
2022-04-25,7호선,장승배기,9094,9083,18177,11,4,25,월
2022-04-25,7호선,신대방삼거리,17010,16380,33390,630,4,25,월
2022-04-25,7호선,보라매,10233,10277,20510,-44,4,25,월
2022-04-25,7호선,신풍,11788,11307,23095,481,4,25,월
2022-04-25,7호선,대림(구로구청),7879,7870,15749,9,4,25,월
2022-04-25,7호선,남구로,16319,17242,33561,-923,4,25,월
2022-04-25,7호선,가산디지털단지,46960,47168,94128,-208,4,25,월
2022-04-25,7호선,철산,21422,21716,43138,-294,4,25,월
2022-04-25,7호선,광명사거리,22377,21918,44295,459,4,25,월
2022-04-25,7호선,천왕,11852,11349,23201,503,4,25,월
2022-04-25,7호선,온수(성공회대입구),11404,10648,22052,756,4,25,월
2022-04-25,7호선,신중동,1,0,1,1,4,25,월
2022-04-25,8호선,암사,19414,17007,36421,2407,4,25,월
2022-04-25,8호선,천호(풍납토성),14331,16361,30692,-2030,4,25,월
2022-04-25,8호선,강동구청,10590,10839,21429,-249,4,25,월
2022-04-25,8호선,몽촌토성(평화의문),6191,6226,12417,-35,4,25,월
2022-04-25,8호선,잠실(송파구청),12907,15130,28037,-2223,4,25,월
2022-04-25,8호선,석촌,7605,8612,16217,-1007,4,25,월
2022-04-25,8호선,송파,8383,8265,16648,118,4,25,월
2022-04-25,8호선,가락시장,7718,8626,16344,-908,4,25,월
2022-04-25,8호선,문정,22346,23713,46059,-1367,4,25,월
2022-04-25,8호선,장지,16972,16474,33446,498,4,25,월
2022-04-25,8호선,복정,10026,8558,18584,1468,4,25,월
2022-04-25,8호선,산성,5551,5624,11175,-73,4,25,월
2022-04-25,8호선,남한산성입구(성남법원.검찰청),15782,14693,30475,1089,4,25,월
2022-04-25,8호선,단대오거리,11375,10790,22165,585,4,25,월
2022-04-25,8호선,신흥,4166,4550,8716,-384,4,25,월
2022-04-25,8호선,수진,5508,4974,10482,534,4,25,월
2022-04-25,8호선,모란,4425,3582,8007,843,4,25,월
2022-04-25,8호선,남위례,5036,5180,10216,-144,4,25,월
2022-04-25,9호선,개화,2710,1847,4557,863,4,25,월
2022-04-25,9호선,김포공항,7160,10193,17353,-3033,4,25,월
2022-04-25,9호선,공항시장,3105,3332,6437,-227,4,25,월
2022-04-25,9호선,신방화,7008,6773,13781,235,4,25,월
2022-04-25,9호선,마곡나루(서울식물원),12266,12103,24369,163,4,25,월
2022-04-25,9호선,양천향교,10267,10380,20647,-113,4,25,월
2022-04-25,9호선,가양,21168,20554,41722,614,4,25,월
2022-04-25,9호선,증미,7500,7345,14845,155,4,25,월
2022-04-25,9호선,등촌,11603,11113,22716,490,4,25,월
2022-04-25,9호선,염창,17682,17155,34837,527,4,25,월
2022-04-25,9호선,신목동,4353,3829,8182,524,4,25,월
2022-04-25,9호선,선유도,9107,8672,17779,435,4,25,월
2022-04-25,9호선,당산,18354,18531,36885,-177,4,25,월
2022-04-25,9호선,국회의사당,16162,17025,33187,-863,4,25,월
2022-04-25,9호선,여의도,27821,27513,55334,308,4,25,월
2022-04-25,9호선,샛강,5921,6357,12278,-436,4,25,월
2022-04-25,9호선,노량진,26156,25499,51655,657,4,25,월
2022-04-25,9호선,노들,4462,3855,8317,607,4,25,월
2022-04-25,9호선,흑석(중앙대입구),8796,9023,17819,-227,4,25,월
2022-04-25,9호선,동작(현충원),1981,1629,3610,352,4,25,월
2022-04-25,9호선,구반포,1326,1400,2726,-74,4,25,월
2022-04-25,9호선,고속터미널,11936,14628,26564,-2692,4,25,월
2022-04-25,9호선,사평,3527,3415,6942,112,4,25,월
2022-04-25,9호선,신논현,31045,30598,61643,447,4,25,월
2022-04-25,9호선2~3단계,언주,10308,10817,21125,-509,4,25,월
2022-04-25,9호선2~3단계,선정릉,10025,11043,21068,-1018,4,25,월
2022-04-25,9호선2~3단계,삼성중앙,7173,7575,14748,-402,4,25,월
2022-04-25,9호선2~3단계,봉은사,15573,16036,31609,-463,4,25,월
2022-04-25,9호선2~3단계,종합운동장,4101,4235,8336,-134,4,25,월
2022-04-25,9호선2~3단계,삼전,6857,6605,13462,252,4,25,월
2022-04-25,9호선2~3단계,석촌고분,6073,5884,11957,189,4,25,월
2022-04-25,9호선2~3단계,석촌,8488,7436,15924,1052,4,25,월
2022-04-25,9호선2~3단계,송파나루,4762,5063,9825,-301,4,25,월
2022-04-25,9호선2~3단계,한성백제,2551,2313,4864,238,4,25,월
2022-04-25,9호선2~3단계,올림픽공원(한국체대),6015,6050,12065,-35,4,25,월
2022-04-25,9호선2~3단계,둔촌오륜,1194,1082,2276,112,4,25,월
2022-04-25,9호선2~3단계,중앙보훈병원,11137,9855,20992,1282,4,25,월
2022-04-25,경강선,판교,4953,4774,9727,179,4,25,월
2022-04-25,경강선,이매,1148,1011,2159,137,4,25,월
2022-04-25,경강선,삼동,2471,2355,4826,116,4,25,월
2022-04-25,경강선,경기광주,7956,7697,15653,259,4,25,월
2022-04-25,경강선,초월,3235,3148,6383,87,4,25,월
2022-04-25,경강선,곤지암,2313,2253,4566,60,4,25,월
2022-04-25,경강선,신둔도예촌,1662,1508,3170,154,4,25,월
2022-04-25,경강선,이천,2592,2707,5299,-115,4,25,월
2022-04-25,경강선,부발,2033,2103,4136,-70,4,25,월
2022-04-25,경강선,세종대왕릉,323,303,626,20,4,25,월
2022-04-25,경강선,여주,2656,2616,5272,40,4,25,월
2022-04-25,경부선,서울역,6371,1944,8315,4427,4,25,월
2022-04-25,경부선,남영,9561,10225,19786,-664,4,25,월
2022-04-25,경부선,용산,31456,31793,63249,-337,4,25,월
2022-04-25,경부선,노량진,8003,8260,16263,-257,4,25,월
2022-04-25,경부선,대방,13564,13864,27428,-300,4,25,월
2022-04-25,경부선,영등포,35695,36779,72474,-1084,4,25,월
2022-04-25,경부선,신도림,4211,4297,8508,-86,4,25,월
2022-04-25,경부선,신길,9351,7934,17285,1417,4,25,월
2022-04-25,경부선,구로,19141,19253,38394,-112,4,25,월
2022-04-25,경부선,가산디지털단지,19120,22087,41207,-2967,4,25,월
2022-04-25,경부선,금천구청,12352,12366,24718,-14,4,25,월
2022-04-25,경부선,석수,10138,9059,19197,1079,4,25,월
2022-04-25,경부선,관악,7540,6973,14513,567,4,25,월
2022-04-25,경부선,안양,28031,27649,55680,382,4,25,월
2022-04-25,경부선,명학,10640,10537,21177,103,4,25,월
2022-04-25,경부선,금정,27648,28421,56069,-773,4,25,월
2022-04-25,경부선,군포,7989,8026,16015,-37,4,25,월
2022-04-25,경부선,의왕,9954,9956,19910,-2,4,25,월
2022-04-25,경부선,성균관대,15815,16162,31977,-347,4,25,월
2022-04-25,경부선,화서,8746,8246,16992,500,4,25,월
2022-04-25,경부선,수원,35806,37242,73048,-1436,4,25,월
2022-04-25,경부선,독산,19281,20090,39371,-809,4,25,월
2022-04-25,경부선,세류,3090,2791,5881,299,4,25,월
2022-04-25,경부선,병점,16557,16695,33252,-138,4,25,월
2022-04-25,경부선,세마,2978,2795,5773,183,4,25,월
2022-04-25,경부선,오산대,4243,3876,8119,367,4,25,월
2022-04-25,경부선,오산,10473,10610,21083,-137,4,25,월
2022-04-25,경부선,진위,1885,1632,3517,253,4,25,월
2022-04-25,경부선,송탄,4520,4275,8795,245,4,25,월
2022-04-25,경부선,서정리,7904,7548,15452,356,4,25,월
2022-04-25,경부선,평택지제,3689,3594,7283,95,4,25,월
2022-04-25,경부선,평택,13112,13296,26408,-184,4,25,월
2022-04-25,경부선,성환,7045,7080,14125,-35,4,25,월
2022-04-25,경부선,직산,866,884,1750,-18,4,25,월
2022-04-25,경부선,두정,7603,8559,16162,-956,4,25,월
2022-04-25,경부선,천안,6585,6597,13182,-12,4,25,월
2022-04-25,경부선,당정,7237,6786,14023,451,4,25,월
2022-04-25,경부선,서동탄,1524,1266,2790,258,4,25,월
2022-04-25,경부선,광명,3569,2962,6531,607,4,25,월
2022-04-25,경원선,이촌(국립중앙박물관),3906,3017,6923,889,4,25,월
2022-04-25,경원선,서빙고,1920,1750,3670,170,4,25,월
2022-04-25,경원선,한남,4189,4011,8200,178,4,25,월
2022-04-25,경원선,옥수,56,49,105,7,4,25,월
2022-04-25,경원선,응봉,2011,1664,3675,347,4,25,월
2022-04-25,경원선,왕십리(성동구청),13587,14803,28390,-1216,4,25,월
2022-04-25,경원선,청량리(서울시립대입구),14743,15343,30086,-600,4,25,월
2022-04-25,경원선,외대앞,8244,8293,16537,-49,4,25,월
2022-04-25,경원선,신이문,8675,7899,16574,776,4,25,월
2022-04-25,경원선,석계,8632,9592,18224,-960,4,25,월
2022-04-25,경원선,광운대,9566,9550,19116,16,4,25,월
2022-04-25,경원선,월계,8800,8092,16892,708,4,25,월
2022-04-25,경원선,녹천,4955,4123,9078,832,4,25,월
2022-04-25,경원선,방학,10031,9990,20021,41,4,25,월
2022-04-25,경원선,도봉,6199,6010,12209,189,4,25,월
2022-04-25,경원선,도봉산,7554,4998,12552,2556,4,25,월
2022-04-25,경원선,망월사,9954,9943,19897,11,4,25,월
2022-04-25,경원선,회룡,12999,12970,25969,29,4,25,월
2022-04-25,경원선,의정부,18482,18938,37420,-456,4,25,월
2022-04-25,경원선,가능,7161,6857,14018,304,4,25,월
2022-04-25,경원선,녹양,4835,4452,9287,383,4,25,월
2022-04-25,경원선,양주,8418,7857,16275,561,4,25,월
2022-04-25,경원선,덕계,3677,3222,6899,455,4,25,월
2022-04-25,경원선,덕정,6744,6628,13372,116,4,25,월
2022-04-25,경원선,지행,7050,6999,14049,51,4,25,월
2022-04-25,경원선,동두천중앙,3561,3448,7009,113,4,25,월
2022-04-25,경원선,보산,1657,1408,3065,249,4,25,월
2022-04-25,경원선,동두천,2725,2957,5682,-232,4,25,월
2022-04-25,경원선,소요산,2574,2087,4661,487,4,25,월
2022-04-25,경의선,서울역,4625,5998,10623,-1373,4,25,월
2022-04-25,경의선,신촌,884,1158,2042,-274,4,25,월
2022-04-25,경의선,효창공원앞,3184,3536,6720,-352,4,25,월
2022-04-25,경의선,공덕,3608,3250,6858,358,4,25,월
2022-04-25,경의선,서강대,2082,2051,4133,31,4,25,월
2022-04-25,경의선,홍대입구,1602,1825,3427,-223,4,25,월
2022-04-25,경의선,가좌,6004,5661,11665,343,4,25,월
2022-04-25,경의선,디지털미디어시티,2684,2484,5168,200,4,25,월
2022-04-25,경의선,수색,3010,3109,6119,-99,4,25,월
2022-04-25,경의선,화전,3641,3453,7094,188,4,25,월
2022-04-25,경의선,강매,3511,3039,6550,472,4,25,월
2022-04-25,경의선,행신,8312,8464,16776,-152,4,25,월
2022-04-25,경의선,능곡,4125,3784,7909,341,4,25,월
2022-04-25,경의선,곡산,688,742,1430,-54,4,25,월
2022-04-25,경의선,백마,7392,7025,14417,367,4,25,월
2022-04-25,경의선,풍산,5793,5309,11102,484,4,25,월
2022-04-25,경의선,일산,10215,9936,20151,279,4,25,월
2022-04-25,경의선,탄현,8236,7739,15975,497,4,25,월
2022-04-25,경의선,야당,7744,7661,15405,83,4,25,월
2022-04-25,경의선,운정,7422,6867,14289,555,4,25,월
2022-04-25,경의선,금릉,5135,4930,10065,205,4,25,월
2022-04-25,경의선,금촌,6711,6655,13366,56,4,25,월
2022-04-25,경의선,월롱,3135,3062,6197,73,4,25,월
2022-04-25,경의선,파주,1774,1363,3137,411,4,25,월
2022-04-25,경의선,문산,5190,5129,10319,61,4,25,월
2022-04-25,경의선,임진강,12,4,16,8,4,25,월
2022-04-25,경의선,계양,1,0,1,1,4,25,월
2022-04-25,경인선,개봉,21916,21522,43438,394,4,25,월
2022-04-25,경인선,오류동,12145,11270,23415,875,4,25,월
2022-04-25,경인선,역곡,28911,28652,57563,259,4,25,월
2022-04-25,경인선,부천,33651,33526,67177,125,4,25,월
2022-04-25,경인선,송내,28063,28378,56441,-315,4,25,월
2022-04-25,경인선,부평,28219,30082,58301,-1863,4,25,월
2022-04-25,경인선,백운,7270,7152,14422,118,4,25,월
2022-04-25,경인선,동암,14772,14782,29554,-10,4,25,월
2022-04-25,경인선,주안,20094,18350,38444,1744,4,25,월
2022-04-25,경인선,제물포,11632,11225,22857,407,4,25,월
2022-04-25,경인선,동인천,13887,13155,27042,732,4,25,월
2022-04-25,경인선,인천,3515,2504,6019,1011,4,25,월
2022-04-25,경인선,구일,7791,7584,15375,207,4,25,월
2022-04-25,경인선,소사,9497,9039,18536,458,4,25,월
2022-04-25,경인선,부개,9027,8465,17492,562,4,25,월
2022-04-25,경인선,간석,6190,5661,11851,529,4,25,월
2022-04-25,경인선,도원,3397,3348,6745,49,4,25,월
2022-04-25,경인선,온수(성공회대입구),7387,7148,14535,239,4,25,월
2022-04-25,경인선,중동,10032,9288,19320,744,4,25,월
2022-04-25,경인선,도화,4470,4093,8563,377,4,25,월
2022-04-25,경춘선,신내,2371,2243,4614,128,4,25,월
2022-04-25,경춘선,갈매,3112,2723,5835,389,4,25,월
2022-04-25,경춘선,별내,3410,3109,6519,301,4,25,월
2022-04-25,경춘선,퇴계원,3802,3398,7200,404,4,25,월
2022-04-25,경춘선,사릉,2809,2641,5450,168,4,25,월
2022-04-25,경춘선,금곡,1682,1602,3284,80,4,25,월
2022-04-25,경춘선,평내호평,6770,6530,13300,240,4,25,월
2022-04-25,경춘선,천마산,1851,1727,3578,124,4,25,월
2022-04-25,경춘선,마석,4336,4233,8569,103,4,25,월
2022-04-25,경춘선,대성리,565,494,1059,71,4,25,월
2022-04-25,경춘선,청평,1694,1673,3367,21,4,25,월
2022-04-25,경춘선,상천,373,347,720,26,4,25,월
2022-04-25,경춘선,가평,1778,1665,3443,113,4,25,월
2022-04-25,경춘선,굴봉산,197,179,376,18,4,25,월
2022-04-25,경춘선,백양리,98,82,180,16,4,25,월
2022-04-25,경춘선,강촌,503,519,1022,-16,4,25,월
2022-04-25,경춘선,김유정,340,334,674,6,4,25,월
2022-04-25,경춘선,남춘천,2594,2905,5499,-311,4,25,월
2022-04-25,경춘선,춘천,1608,1656,3264,-48,4,25,월
2022-04-25,공항철도 1호선,서울역,7808,7468,15276,340,4,25,월
2022-04-25,공항철도 1호선,공덕,2302,2897,5199,-595,4,25,월
2022-04-25,공항철도 1호선,홍대입구,8313,8597,16910,-284,4,25,월
2022-04-25,공항철도 1호선,디지털미디어시티,14487,13416,27903,1071,4,25,월
2022-04-25,공항철도 1호선,마곡나루(서울식물원),9627,9298,18925,329,4,25,월
2022-04-25,공항철도 1호선,김포공항,11894,6692,18586,5202,4,25,월
2022-04-25,공항철도 1호선,계양,11099,10207,21306,892,4,25,월
2022-04-25,공항철도 1호선,검암,6700,6554,13254,146,4,25,월
2022-04-25,공항철도 1호선,청라국제도시,7158,6617,13775,541,4,25,월
2022-04-25,공항철도 1호선,운서,6932,6805,13737,127,4,25,월
2022-04-25,공항철도 1호선,공항화물청사,2289,2501,4790,-212,4,25,월
2022-04-25,공항철도 1호선,인천공항1터미널,4409,4217,8626,192,4,25,월
2022-04-25,공항철도 1호선,인천공항2터미널,2910,2490,5400,420,4,25,월
2022-04-25,공항철도 1호선,영종,3255,3113,6368,142,4,25,월
2022-04-25,과천선,선바위,8555,7652,16207,903,4,25,월
2022-04-25,과천선,경마공원,948,908,1856,40,4,25,월
2022-04-25,과천선,대공원,3117,3158,6275,-41,4,25,월
2022-04-25,과천선,과천,6374,5842,12216,532,4,25,월
2022-04-25,과천선,정부과천청사,10842,10700,21542,142,4,25,월
2022-04-25,과천선,인덕원,24872,25760,50632,-888,4,25,월
2022-04-25,과천선,평촌,18361,17917,36278,444,4,25,월
2022-04-25,과천선,범계,26355,26277,52632,78,4,25,월
2022-04-25,분당선,선릉,13863,21307,35170,-7444,4,25,월
2022-04-25,분당선,한티,14014,14925,28939,-911,4,25,월
2022-04-25,분당선,도곡,7094,7200,14294,-106,4,25,월
2022-04-25,분당선,구룡,2499,2381,4880,118,4,25,월
2022-04-25,분당선,개포동,4194,4204,8398,-10,4,25,월
2022-04-25,분당선,대모산입구,4600,4253,8853,347,4,25,월
2022-04-25,분당선,수서,14086,14072,28158,14,4,25,월
2022-04-25,분당선,수원,8312,6949,15261,1363,4,25,월
2022-04-25,분당선,서울숲,11249,11587,22836,-338,4,25,월
2022-04-25,분당선,압구정로데오,16584,18370,34954,-1786,4,25,월
2022-04-25,분당선,강남구청,9940,11640,21580,-1700,4,25,월
2022-04-25,분당선,선정릉,8431,9079,17510,-648,4,25,월
2022-04-25,분당선,태평,13578,13147,26725,431,4,25,월
2022-04-25,분당선,모란,20277,20584,40861,-307,4,25,월
2022-04-25,분당선,야탑,25877,27072,52949,-1195,4,25,월
2022-04-25,분당선,서현,23657,23924,47581,-267,4,25,월
2022-04-25,분당선,수내,13138,13189,26327,-51,4,25,월
2022-04-25,분당선,정자,17625,18561,36186,-936,4,25,월
2022-04-25,분당선,미금,15760,16846,32606,-1086,4,25,월
2022-04-25,분당선,오리,11978,9858,21836,2120,4,25,월
2022-04-25,분당선,이매,5944,5545,11489,399,4,25,월
2022-04-25,분당선,보정,2755,2361,5116,394,4,25,월
2022-04-25,분당선,죽전,14032,15620,29652,-1588,4,25,월
2022-04-25,분당선,구성,5293,5488,10781,-195,4,25,월
2022-04-25,분당선,신갈,4692,4687,9379,5,4,25,월
2022-04-25,분당선,기흥,10519,9541,20060,978,4,25,월
2022-04-25,분당선,상갈,5644,5521,11165,123,4,25,월
2022-04-25,분당선,청명,4438,4382,8820,56,4,25,월
2022-04-25,분당선,영통,8275,8622,16897,-347,4,25,월
2022-04-25,분당선,망포,14759,14057,28816,702,4,25,월
2022-04-25,분당선,매탄권선,5297,5165,10462,132,4,25,월
2022-04-25,분당선,수원시청,12804,13596,26400,-792,4,25,월
2022-04-25,분당선,매교,3286,3291,6577,-5,4,25,월
2022-04-25,수인선,고색,5052,4741,9793,311,4,25,월
2022-04-25,수인선,오목천,4129,3810,7939,319,4,25,월
2022-04-25,수인선,어천,740,778,1518,-38,4,25,월
2022-04-25,수인선,야목,420,314,734,106,4,25,월
2022-04-25,수인선,사리,5111,4581,9692,530,4,25,월
2022-04-25,수인선,달월,113,72,185,41,4,25,월
2022-04-25,수인선,월곶,2852,2598,5450,254,4,25,월
2022-04-25,수인선,소래포구,5542,5135,10677,407,4,25,월
2022-04-25,수인선,인천논현,5755,6197,11952,-442,4,25,월
2022-04-25,수인선,호구포,4274,4403,8677,-129,4,25,월
2022-04-25,수인선,남동인더스파크,2260,2561,4821,-301,4,25,월
2022-04-25,수인선,원인재,4594,4730,9324,-136,4,25,월
2022-04-25,수인선,연수,4719,4703,9422,16,4,25,월
2022-04-25,수인선,송도,2591,2383,4974,208,4,25,월
2022-04-25,수인선,인하대,7836,7695,15531,141,4,25,월
2022-04-25,수인선,숭의,4222,3896,8118,326,4,25,월
2022-04-25,수인선,신포,1866,1951,3817,-85,4,25,월
2022-04-25,수인선,인천,1025,1713,2738,-688,4,25,월
2022-04-25,안산선,산본,16410,17443,33853,-1033,4,25,월
2022-04-25,안산선,대야미,5294,4855,10149,439,4,25,월
2022-04-25,우이신설선,신설동,2258,2102,4360,156,4,25,월
2022-04-25,일산선,원흥,11080,10663,21743,417,4,25,월
2022-04-25,일산선,삼송,20107,19479,39586,628,4,25,월
2022-04-25,일산선,원당,11635,10895,22530,740,4,25,월
2022-04-25,일산선,화정,17006,17242,34248,-236,4,25,월
2022-04-25,일산선,대곡,2248,1790,4038,458,4,25,월
2022-04-25,일산선,백석,9753,9747,19500,6,4,25,월
2022-04-25,일산선,마두,7877,8052,15929,-175,4,25,월
2022-04-25,일산선,정발산,8853,8942,17795,-89,4,25,월
2022-04-25,일산선,주엽,9267,9231,18498,36,4,25,월
2022-04-25,일산선,대화,12996,10260,23256,2736,4,25,월
2022-04-25,장항선,봉명,1351,1343,2694,8,4,25,월
2022-04-25,장항선,쌍용(나사렛대),3036,2994,6030,42,4,25,월
2022-04-25,장항선,아산,4077,3405,7482,672,4,25,월
2022-04-25,장항선,탕정,873,762,1635,111,4,25,월
2022-04-25,장항선,배방,1260,1193,2453,67,4,25,월
2022-04-25,장항선,온양온천,3939,3923,7862,16,4,25,월
2022-04-25,장항선,신창(순천향대),2834,3527,6361,-693,4,25,월
2022-04-25,중앙선,회기,24945,24539,49484,406,4,25,월
2022-04-25,중앙선,중랑,5863,5550,11413,313,4,25,월
2022-04-25,중앙선,상봉(시외버스터미널),5878,5815,11693,63,4,25,월
2022-04-25,중앙선,망우,7821,7811,15632,10,4,25,월
2022-04-25,중앙선,양원,3117,3026,6143,91,4,25,월
2022-04-25,중앙선,구리,13761,13921,27682,-160,4,25,월
2022-04-25,중앙선,도농,11276,10150,21426,1126,4,25,월
2022-04-25,중앙선,양정,800,649,1449,151,4,25,월
2022-04-25,중앙선,덕소,5911,5854,11765,57,4,25,월
2022-04-25,중앙선,도심,2605,2074,4679,531,4,25,월
2022-04-25,중앙선,팔당,884,923,1807,-39,4,25,월
2022-04-25,중앙선,운길산,873,832,1705,41,4,25,월
2022-04-25,중앙선,양수,2005,2032,4037,-27,4,25,월
2022-04-25,중앙선,신원,235,204,439,31,4,25,월
2022-04-25,중앙선,국수,849,857,1706,-8,4,25,월
2022-04-25,중앙선,아신,575,535,1110,40,4,25,월
2022-04-25,중앙선,오빈,351,336,687,15,4,25,월
2022-04-25,중앙선,양평,2972,2932,5904,40,4,25,월
2022-04-25,중앙선,원덕,443,412,855,31,4,25,월
2022-04-25,중앙선,용문,3707,3578,7285,129,4,25,월
2022-04-25,중앙선,지평,84,84,168,0,4,25,월
2022-04-25,2호선,용답,3052,3085,6137,-33,4,25,월
2022-04-25,우이신설선,보문,1545,1618,3163,-73,4,25,월
2022-04-25,우이신설선,성신여대입구(돈암),3237,3475,6712,-238,4,25,월
2022-04-25,우이신설선,정릉,4912,4435,9347,477,4,25,월
2022-04-25,우이신설선,북한산보국문,5947,5723,11670,224,4,25,월
2022-04-25,우이신설선,솔샘,6030,5608,11638,422,4,25,월
2022-04-25,우이신설선,삼양사거리,2526,2561,5087,-35,4,25,월
2022-04-25,우이신설선,삼양,2090,2166,4256,-76,4,25,월
2022-04-25,우이신설선,화계,3541,3268,6809,273,4,25,월
2022-04-25,우이신설선,가오리,4314,4174,8488,140,4,25,월
2022-04-25,우이신설선,4.19민주묘지,3638,3649,7287,-11,4,25,월
2022-04-25,우이신설선,솔밭공원,2545,2471,5016,74,4,25,월
2022-04-25,우이신설선,북한산우이,2739,2502,5241,237,4,25,월
2022-04-25,안산선,수리산,5888,5308,11196,580,4,25,월
2022-04-25,안산선,오이도,8901,8438,17339,463,4,25,월
2022-04-25,안산선,정왕,10705,11242,21947,-537,4,25,월
2022-04-25,안산선,신길온천,1943,1754,3697,189,4,25,월
2022-04-25,안산선,안산,12130,11039,23169,1091,4,25,월
2022-04-25,안산선,초지,5468,5819,11287,-351,4,25,월
2022-04-25,안산선,고잔,9596,8708,18304,888,4,25,월
2022-04-25,안산선,중앙,18645,19280,37925,-635,4,25,월
2022-04-25,안산선,한대앞,10452,10716,21168,-264,4,25,월
2022-04-25,안산선,상록수,17193,17471,34664,-278,4,25,월
2022-04-25,안산선,반월,4565,4390,8955,175,4,25,월
2022-04-25,9호선,신반포,3478,3481,6959,-3,4,25,월
2022-04-26,우이신설선,삼양사거리,2570,2540,5110,30,4,26,화
2022-04-26,우이신설선,삼양,2072,2147,4219,-75,4,26,화
2022-04-26,우이신설선,화계,3613,3357,6970,256,4,26,화
2022-04-26,우이신설선,가오리,4410,4283,8693,127,4,26,화
2022-04-26,우이신설선,4.19민주묘지,3683,3454,7137,229,4,26,화
2022-04-26,우이신설선,솔밭공원,2672,2526,5198,146,4,26,화
2022-04-26,우이신설선,북한산우이,2838,2626,5464,212,4,26,화
2022-04-26,안산선,수리산,5870,5553,11423,317,4,26,화
2022-04-26,안산선,오이도,8996,8740,17736,256,4,26,화
2022-04-26,안산선,정왕,11005,11162,22167,-157,4,26,화
2022-04-26,안산선,신길온천,1918,1739,3657,179,4,26,화
2022-04-26,안산선,안산,11970,10737,22707,1233,4,26,화
2022-04-26,안산선,초지,5464,5981,11445,-517,4,26,화
2022-04-26,안산선,고잔,9460,8839,18299,621,4,26,화
2022-04-26,안산선,중앙,19084,19929,39013,-845,4,26,화
2022-04-26,안산선,한대앞,11095,11193,22288,-98,4,26,화
2022-04-26,안산선,상록수,17216,17513,34729,-297,4,26,화
2022-04-26,안산선,반월,4510,4406,8916,104,4,26,화
2022-04-26,안산선,대야미,5592,4855,10447,737,4,26,화
2022-04-26,안산선,산본,17065,17862,34927,-797,4,26,화
2022-04-26,수인선,인천,1055,1855,2910,-800,4,26,화
2022-04-26,수인선,신포,2055,2086,4141,-31,4,26,화
2022-04-26,수인선,숭의,4285,4014,8299,271,4,26,화
2022-04-26,수인선,인하대,8046,7716,15762,330,4,26,화
2022-04-26,수인선,송도,2607,2452,5059,155,4,26,화
2022-04-26,수인선,연수,4830,4658,9488,172,4,26,화
2022-04-26,수인선,원인재,4535,4755,9290,-220,4,26,화
2022-04-26,수인선,남동인더스파크,2368,2640,5008,-272,4,26,화
2022-04-26,수인선,호구포,4292,4429,8721,-137,4,26,화
2022-04-26,수인선,인천논현,5861,6299,12160,-438,4,26,화
2022-04-26,수인선,소래포구,5853,5477,11330,376,4,26,화
2022-04-26,수인선,월곶,2866,2653,5519,213,4,26,화
2022-04-26,수인선,달월,110,71,181,39,4,26,화
2022-04-26,수인선,사리,5129,4545,9674,584,4,26,화
2022-04-26,수인선,야목,388,293,681,95,4,26,화
2022-04-26,수인선,어천,791,769,1560,22,4,26,화
2022-04-26,수인선,오목천,4244,3933,8177,311,4,26,화
2022-04-26,수인선,고색,5083,4735,9818,348,4,26,화
2022-04-26,분당선,매교,3235,3266,6501,-31,4,26,화
2022-04-26,분당선,수원시청,12807,13731,26538,-924,4,26,화
2022-04-26,분당선,매탄권선,5413,5146,10559,267,4,26,화
2022-04-26,분당선,망포,15030,14278,29308,752,4,26,화
2022-04-26,분당선,영통,8513,8599,17112,-86,4,26,화
2022-04-26,분당선,청명,4464,4346,8810,118,4,26,화
2022-04-26,분당선,상갈,5725,5518,11243,207,4,26,화
2022-04-26,분당선,기흥,11182,9762,20944,1420,4,26,화
2022-04-26,분당선,신갈,4683,4594,9277,89,4,26,화
2022-04-26,분당선,구성,5184,5497,10681,-313,4,26,화
2022-04-26,분당선,죽전,14802,16210,31012,-1408,4,26,화
2022-04-26,분당선,보정,2842,2423,5265,419,4,26,화
2022-04-26,분당선,이매,5987,5573,11560,414,4,26,화
2022-04-26,분당선,오리,12083,9784,21867,2299,4,26,화
2022-04-26,분당선,미금,15996,17053,33049,-1057,4,26,화
2022-04-26,분당선,정자,17967,19111,37078,-1144,4,26,화
2022-04-26,분당선,수내,13700,13583,27283,117,4,26,화
2022-04-26,분당선,서현,24466,24959,49425,-493,4,26,화
2022-04-26,분당선,야탑,26173,26563,52736,-390,4,26,화
2022-04-26,분당선,모란,20895,21071,41966,-176,4,26,화
2022-04-26,분당선,태평,13894,13261,27155,633,4,26,화
2022-04-26,분당선,가천대,12562,13254,25816,-692,4,26,화
2022-04-26,분당선,선정릉,8613,9263,17876,-650,4,26,화
2022-04-26,분당선,강남구청,10383,12097,22480,-1714,4,26,화
2022-04-26,분당선,압구정로데오,18931,21162,40093,-2231,4,26,화
2022-04-26,분당선,서울숲,12250,12495,24745,-245,4,26,화
2022-04-26,분당선,수원,8336,6868,15204,1468,4,26,화
2022-04-26,분당선,수서,13804,14149,27953,-345,4,26,화
2022-04-26,분당선,대모산입구,4704,4300,9004,404,4,26,화
2022-04-26,분당선,개포동,4198,4303,8501,-105,4,26,화
2022-04-26,분당선,구룡,2478,2387,4865,91,4,26,화
2022-04-26,분당선,도곡,7266,7095,14361,171,4,26,화
2022-04-26,분당선,한티,14382,15261,29643,-879,4,26,화
2022-04-26,분당선,선릉,14073,21803,35876,-7730,4,26,화
2022-04-26,과천선,범계,26820,26769,53589,51,4,26,화
2022-04-26,과천선,평촌,18765,18317,37082,448,4,26,화
2022-04-26,과천선,인덕원,25624,26285,51909,-661,4,26,화
2022-04-26,과천선,정부과천청사,10992,11009,22001,-17,4,26,화
2022-04-26,과천선,과천,6665,6164,12829,501,4,26,화
2022-04-26,과천선,대공원,3640,3821,7461,-181,4,26,화
2022-04-26,과천선,경마공원,1673,1580,3253,93,4,26,화
2022-04-26,과천선,선바위,8893,7907,16800,986,4,26,화
2022-04-26,공항철도 1호선,영종,3235,3253,6488,-18,4,26,화
2022-04-26,공항철도 1호선,인천공항2터미널,2434,2370,4804,64,4,26,화
2022-04-26,공항철도 1호선,인천공항1터미널,4598,4747,9345,-149,4,26,화
2022-04-26,공항철도 1호선,공항화물청사,2369,2591,4960,-222,4,26,화
2022-04-26,공항철도 1호선,운서,7000,7151,14151,-151,4,26,화
2022-04-26,공항철도 1호선,청라국제도시,7490,7002,14492,488,4,26,화
2022-04-26,공항철도 1호선,검암,6900,6819,13719,81,4,26,화
2022-04-26,공항철도 1호선,계양,11194,10552,21746,642,4,26,화
2022-04-26,공항철도 1호선,김포공항,11533,6647,18180,4886,4,26,화
2022-04-26,공항철도 1호선,마곡나루(서울식물원),10115,9680,19795,435,4,26,화
2022-04-26,공항철도 1호선,디지털미디어시티,15002,14019,29021,983,4,26,화
2022-04-26,공항철도 1호선,홍대입구,9316,9449,18765,-133,4,26,화
2022-04-26,공항철도 1호선,공덕,2475,3216,5691,-741,4,26,화
2022-04-26,공항철도 1호선,서울역,7613,7141,14754,472,4,26,화
2022-04-26,경춘선,춘천,1632,1464,3096,168,4,26,화
2022-04-26,경춘선,남춘천,2428,2459,4887,-31,4,26,화
2022-04-26,경춘선,김유정,343,352,695,-9,4,26,화
2022-04-26,경춘선,강촌,660,572,1232,88,4,26,화
2022-04-26,경춘선,백양리,113,120,233,-7,4,26,화
2022-04-26,경춘선,굴봉산,189,195,384,-6,4,26,화
2022-04-26,경춘선,가평,1595,1653,3248,-58,4,26,화
2022-04-26,경춘선,상천,345,327,672,18,4,26,화
2022-04-26,경춘선,청평,1595,1573,3168,22,4,26,화
2022-04-26,경춘선,대성리,542,490,1032,52,4,26,화
2022-04-26,경춘선,마석,4391,4251,8642,140,4,26,화
2022-04-26,경춘선,천마산,1805,1699,3504,106,4,26,화
2022-04-26,경춘선,평내호평,6672,6618,13290,54,4,26,화
2022-04-26,경춘선,금곡,1719,1636,3355,83,4,26,화
2022-04-26,경춘선,사릉,2830,2680,5510,150,4,26,화
2022-04-26,경춘선,퇴계원,3810,3428,7238,382,4,26,화
2022-04-26,경춘선,별내,3440,3231,6671,209,4,26,화
2022-04-26,경춘선,갈매,3201,2821,6022,380,4,26,화
2022-04-26,경춘선,신내,2412,2282,4694,130,4,26,화
2022-04-26,경인선,도화,4453,4047,8500,406,4,26,화
2022-04-26,경인선,중동,9997,9234,19231,763,4,26,화
2022-04-26,경인선,온수(성공회대입구),7601,7142,14743,459,4,26,화
2022-04-26,경인선,도원,3457,3371,6828,86,4,26,화
2022-04-26,경인선,간석,6240,5865,12105,375,4,26,화
2022-04-26,경인선,부개,9083,8397,17480,686,4,26,화
2022-04-26,경인선,소사,9584,9151,18735,433,4,26,화
2022-04-26,경인선,구일,7140,6872,14012,268,4,26,화
2022-04-26,경인선,인천,3891,2914,6805,977,4,26,화
2022-04-26,경인선,동인천,14085,13408,27493,677,4,26,화
2022-04-26,경인선,제물포,11802,11111,22913,691,4,26,화
2022-04-26,경인선,주안,20335,18686,39021,1649,4,26,화
2022-04-26,경인선,동암,14996,15185,30181,-189,4,26,화
2022-04-26,경인선,백운,7378,7243,14621,135,4,26,화
2022-04-26,경인선,부평,28658,30596,59254,-1938,4,26,화
2022-04-26,경인선,송내,28718,28914,57632,-196,4,26,화
2022-04-26,경인선,부천,33836,33765,67601,71,4,26,화
2022-04-26,경인선,역곡,30212,29667,59879,545,4,26,화
2022-04-26,경인선,오류동,12312,11246,23558,1066,4,26,화
2022-04-26,경인선,개봉,22394,21666,44060,728,4,26,화
2022-04-26,경의선,임진강,13,6,19,7,4,26,화
2022-04-26,경의선,문산,5308,5202,10510,106,4,26,화
2022-04-26,경의선,파주,1761,1300,3061,461,4,26,화
2022-04-26,경의선,월롱,3244,3057,6301,187,4,26,화
2022-04-26,경의선,금촌,6987,6967,13954,20,4,26,화
2022-04-26,경의선,금릉,5099,4976,10075,123,4,26,화
2022-04-26,경의선,운정,7444,6881,14325,563,4,26,화
2022-04-26,경의선,야당,8196,8031,16227,165,4,26,화
2022-04-26,경의선,탄현,8276,7876,16152,400,4,26,화
2022-04-26,경의선,일산,10234,10018,20252,216,4,26,화
2022-04-26,경의선,풍산,6016,5573,11589,443,4,26,화
2022-04-26,경의선,백마,7445,7113,14558,332,4,26,화
2022-04-26,경의선,곡산,733,807,1540,-74,4,26,화
2022-04-26,경의선,능곡,4191,3846,8037,345,4,26,화
2022-04-26,경의선,행신,8349,8479,16828,-130,4,26,화
2022-04-26,경의선,강매,3514,3047,6561,467,4,26,화
2022-04-26,경의선,화전,3678,3379,7057,299,4,26,화
2022-04-26,경의선,수색,3013,3223,6236,-210,4,26,화
2022-04-26,경의선,디지털미디어시티,2720,2490,5210,230,4,26,화
2022-04-26,경의선,가좌,5876,5526,11402,350,4,26,화
2022-04-26,경의선,홍대입구,1656,1962,3618,-306,4,26,화
2022-04-26,경의선,서강대,2138,2166,4304,-28,4,26,화
2022-04-26,경의선,공덕,3673,3290,6963,383,4,26,화
2022-04-26,경의선,효창공원앞,3233,3579,6812,-346,4,26,화
2022-04-26,경의선,신촌,880,1223,2103,-343,4,26,화
2022-04-26,경의선,서울역,4585,5919,10504,-1334,4,26,화
2022-04-26,경원선,소요산,2890,2413,5303,477,4,26,화
2022-04-26,경원선,동두천,2665,2961,5626,-296,4,26,화
2022-04-26,경원선,보산,1607,1420,3027,187,4,26,화
2022-04-26,경원선,동두천중앙,3351,3184,6535,167,4,26,화
2022-04-26,경원선,지행,7201,7217,14418,-16,4,26,화
2022-04-26,경원선,덕정,7007,6648,13655,359,4,26,화
2022-04-26,경원선,덕계,3709,3269,6978,440,4,26,화
2022-04-26,경원선,양주,8350,7910,16260,440,4,26,화
2022-04-26,경원선,녹양,4942,4626,9568,316,4,26,화
2022-04-26,경원선,가능,7179,6853,14032,326,4,26,화
2022-04-26,경원선,의정부,18822,19477,38299,-655,4,26,화
2022-04-26,경원선,회룡,13367,13254,26621,113,4,26,화
2022-04-26,경원선,망월사,10178,10079,20257,99,4,26,화
2022-04-26,경원선,도봉산,8141,5492,13633,2649,4,26,화
2022-04-26,경원선,도봉,6405,6080,12485,325,4,26,화
2022-04-26,경원선,방학,10280,10111,20391,169,4,26,화
2022-04-26,경원선,녹천,4968,4094,9062,874,4,26,화
2022-04-26,경원선,월계,9063,8403,17466,660,4,26,화
2022-04-26,경원선,광운대,9570,9336,18906,234,4,26,화
2022-04-26,경원선,석계,8742,9623,18365,-881,4,26,화
2022-04-26,경원선,신이문,8694,8062,16756,632,4,26,화
2022-04-26,경원선,외대앞,8410,8253,16663,157,4,26,화
2022-04-26,경원선,청량리(서울시립대입구),14637,15478,30115,-841,4,26,화
2022-04-26,경원선,왕십리(성동구청),14251,15807,30058,-1556,4,26,화
2022-04-26,경원선,응봉,2038,1729,3767,309,4,26,화
2022-04-26,경원선,옥수,45,39,84,6,4,26,화
2022-04-26,경원선,한남,4117,3912,8029,205,4,26,화
2022-04-26,경원선,서빙고,2159,2001,4160,158,4,26,화
2022-04-26,경원선,이촌(국립중앙박물관),4062,3017,7079,1045,4,26,화
2022-04-26,경부선,광명,3379,2883,6262,496,4,26,화
2022-04-26,경부선,서동탄,1463,1325,2788,138,4,26,화
2022-04-26,경부선,당정,7415,7055,14470,360,4,26,화
2022-04-26,경부선,천안,6823,6412,13235,411,4,26,화
2022-04-26,경부선,두정,7647,8378,16025,-731,4,26,화
2022-04-26,경부선,직산,833,840,1673,-7,4,26,화
2022-04-26,경부선,성환,6792,6550,13342,242,4,26,화
2022-04-26,경부선,평택,12935,13064,25999,-129,4,26,화
2022-04-26,경부선,평택지제,3479,3380,6859,99,4,26,화
2022-04-26,경부선,서정리,7739,7432,15171,307,4,26,화
2022-04-26,경부선,송탄,4527,4255,8782,272,4,26,화
2022-04-26,경부선,진위,1781,1558,3339,223,4,26,화
2022-04-26,경부선,오산,10469,10389,20858,80,4,26,화
2022-04-26,경부선,오산대,4506,4150,8656,356,4,26,화
2022-04-26,경부선,세마,2946,2813,5759,133,4,26,화
2022-04-26,경부선,병점,16684,16754,33438,-70,4,26,화
2022-04-26,경부선,세류,3170,2786,5956,384,4,26,화
2022-04-26,경부선,독산,19681,20416,40097,-735,4,26,화
2022-04-26,경부선,수원,36838,39076,75914,-2238,4,26,화
2022-04-26,경부선,화서,8872,8537,17409,335,4,26,화
2022-04-26,경부선,성균관대,15897,15730,31627,167,4,26,화
2022-04-26,경부선,의왕,10084,9908,19992,176,4,26,화
2022-04-26,경부선,군포,8126,8028,16154,98,4,26,화
2022-04-26,경부선,금정,28092,28553,56645,-461,4,26,화
2022-04-26,경부선,명학,11264,11170,22434,94,4,26,화
2022-04-26,경부선,안양,28248,27989,56237,259,4,26,화
2022-04-26,경부선,관악,7843,7249,15092,594,4,26,화
2022-04-26,경부선,석수,10336,9168,19504,1168,4,26,화
2022-04-26,경부선,금천구청,12603,12573,25176,30,4,26,화
2022-04-26,경부선,가산디지털단지,19433,22488,41921,-3055,4,26,화
2022-04-26,경부선,구로,18891,19500,38391,-609,4,26,화
2022-04-26,경부선,신길,9584,7367,16951,2217,4,26,화
2022-04-26,경부선,신도림,4309,4282,8591,27,4,26,화
2022-04-26,경부선,영등포,36560,37663,74223,-1103,4,26,화
2022-04-26,경부선,대방,13820,14007,27827,-187,4,26,화
2022-04-26,경부선,노량진,8267,8502,16769,-235,4,26,화
2022-04-26,경부선,용산,31337,32123,63460,-786,4,26,화
2022-04-26,경부선,남영,9928,10687,20615,-759,4,26,화
2022-04-26,경부선,서울역,5399,1800,7199,3599,4,26,화
2022-04-26,경강선,여주,2532,2549,5081,-17,4,26,화
2022-04-26,경강선,세종대왕릉,331,317,648,14,4,26,화
2022-04-26,경강선,부발,2021,2083,4104,-62,4,26,화
2022-04-26,경강선,이천,2524,2654,5178,-130,4,26,화
2022-04-26,경강선,신둔도예촌,1769,1520,3289,249,4,26,화
2022-04-26,경강선,곤지암,2350,2335,4685,15,4,26,화
2022-04-26,경강선,초월,3328,3132,6460,196,4,26,화
2022-04-26,경강선,경기광주,8117,7669,15786,448,4,26,화
2022-04-26,경강선,삼동,2564,2374,4938,190,4,26,화
2022-04-26,경강선,이매,1153,1032,2185,121,4,26,화
2022-04-26,경강선,판교,4871,4888,9759,-17,4,26,화
2022-04-26,9호선2~3단계,중앙보훈병원,11264,10089,21353,1175,4,26,화
2022-04-26,9호선2~3단계,둔촌오륜,1201,1061,2262,140,4,26,화
2022-04-26,9호선2~3단계,올림픽공원(한국체대),6336,6193,12529,143,4,26,화
2022-04-26,9호선2~3단계,한성백제,2584,2375,4959,209,4,26,화
2022-04-26,9호선2~3단계,송파나루,4987,5349,10336,-362,4,26,화
2022-04-26,9호선2~3단계,석촌,8709,7759,16468,950,4,26,화
2022-04-26,9호선2~3단계,석촌고분,6136,6049,12185,87,4,26,화
2022-04-26,9호선2~3단계,삼전,7055,6595,13650,460,4,26,화
2022-04-26,9호선2~3단계,종합운동장,4277,4424,8701,-147,4,26,화
2022-04-26,9호선2~3단계,봉은사,16623,17084,33707,-461,4,26,화
2022-04-26,9호선2~3단계,삼성중앙,7149,7699,14848,-550,4,26,화
2022-04-26,9호선2~3단계,선정릉,10419,11402,21821,-983,4,26,화
2022-04-26,9호선2~3단계,언주,10760,11214,21974,-454,4,26,화
2022-04-26,9호선,신논현,32229,32449,64678,-220,4,26,화
2022-04-26,9호선,사평,3978,3705,7683,273,4,26,화
2022-04-26,9호선,고속터미널,12548,14937,27485,-2389,4,26,화
2022-04-26,9호선,신반포,3519,3556,7075,-37,4,26,화
2022-04-26,9호선,구반포,1300,1392,2692,-92,4,26,화
2022-04-26,9호선,동작(현충원),1994,1671,3665,323,4,26,화
2022-04-26,9호선,흑석(중앙대입구),9187,9438,18625,-251,4,26,화
2022-04-26,9호선,노들,4663,3931,8594,732,4,26,화
2022-04-26,9호선,노량진,26464,25509,51973,955,4,26,화
2022-04-26,9호선,샛강,6268,6583,12851,-315,4,26,화
2022-04-26,9호선,여의도,28366,28183,56549,183,4,26,화
2022-04-26,9호선,국회의사당,16278,17214,33492,-936,4,26,화
2022-04-26,9호선,당산,19177,19047,38224,130,4,26,화
2022-04-26,9호선,선유도,9303,8904,18207,399,4,26,화
2022-04-26,9호선,신목동,4430,3821,8251,609,4,26,화
2022-04-26,9호선,염창,18188,17215,35403,973,4,26,화
2022-04-26,9호선,등촌,11672,11143,22815,529,4,26,화
2022-04-26,9호선,증미,7573,7222,14795,351,4,26,화
2022-04-26,9호선,가양,21620,20832,42452,788,4,26,화
2022-04-26,9호선,양천향교,10283,10482,20765,-199,4,26,화
2022-04-26,9호선,마곡나루(서울식물원),12841,12660,25501,181,4,26,화
2022-04-26,9호선,신방화,7142,6816,13958,326,4,26,화
2022-04-26,9호선,공항시장,3093,3290,6383,-197,4,26,화
2022-04-26,9호선,김포공항,7198,10229,17427,-3031,4,26,화
2022-04-26,9호선,개화,2690,1900,4590,790,4,26,화
2022-04-26,8호선,남위례,5150,5342,10492,-192,4,26,화
2022-04-26,8호선,모란,4467,3623,8090,844,4,26,화
2022-04-26,8호선,수진,5581,5042,10623,539,4,26,화
2022-04-26,8호선,신흥,4253,4499,8752,-246,4,26,화
2022-04-26,8호선,단대오거리,11621,10902,22523,719,4,26,화
2022-04-26,8호선,남한산성입구(성남법원.검찰청),16274,15089,31363,1185,4,26,화
2022-04-26,8호선,산성,5865,5889,11754,-24,4,26,화
2022-04-26,8호선,복정,10636,8795,19431,1841,4,26,화
2022-04-26,8호선,장지,17835,16829,34664,1006,4,26,화
2022-04-26,8호선,문정,22997,24259,47256,-1262,4,26,화
2022-04-26,8호선,가락시장,7807,8686,16493,-879,4,26,화
2022-04-26,8호선,송파,8617,8510,17127,107,4,26,화
2022-04-26,8호선,석촌,7898,8991,16889,-1093,4,26,화
2022-04-26,8호선,잠실(송파구청),13691,16561,30252,-2870,4,26,화
2022-04-26,8호선,몽촌토성(평화의문),6284,6391,12675,-107,4,26,화
2022-04-26,8호선,강동구청,10804,11196,22000,-392,4,26,화
2022-04-26,8호선,천호(풍납토성),14599,17012,31611,-2413,4,26,화
2022-04-26,8호선,암사,19633,17173,36806,2460,4,26,화
2022-04-26,7호선,온수(성공회대입구),11642,10831,22473,811,4,26,화
2022-04-26,7호선,천왕,12172,11538,23710,634,4,26,화
2022-04-26,7호선,광명사거리,22571,22197,44768,374,4,26,화
2022-04-26,7호선,철산,21861,22095,43956,-234,4,26,화
2022-04-26,7호선,가산디지털단지,46895,47589,94484,-694,4,26,화
2022-04-26,7호선,남구로,16191,17205,33396,-1014,4,26,화
2022-04-26,7호선,대림(구로구청),8056,8037,16093,19,4,26,화
2022-04-26,7호선,신풍,12179,11554,23733,625,4,26,화
2022-04-26,7호선,보라매,10477,10658,21135,-181,4,26,화
2022-04-26,7호선,신대방삼거리,17539,16591,34130,948,4,26,화
2022-04-26,7호선,장승배기,9313,9058,18371,255,4,26,화
2022-04-26,7호선,상도,11725,11279,23004,446,4,26,화
2022-04-26,7호선,숭실대입구(살피재),16184,16407,32591,-223,4,26,화
2022-04-26,7호선,남성,11955,10983,22938,972,4,26,화
2022-04-26,7호선,이수,16094,15656,31750,438,4,26,화
2022-04-26,7호선,내방,15080,15436,30516,-356,4,26,화
2022-04-26,7호선,고속터미널,14956,13184,28140,1772,4,26,화
2022-04-26,7호선,반포,5971,5785,11756,186,4,26,화
2022-04-26,7호선,논현,21243,23122,44365,-1879,4,26,화
2022-04-26,7호선,학동,25153,27257,52410,-2104,4,26,화
2022-04-26,7호선,강남구청,16688,18725,35413,-2037,4,26,화
2022-04-26,7호선,청담,20152,22874,43026,-2722,4,26,화
2022-04-26,7호선,뚝섬유원지,11093,10602,21695,491,4,26,화
2022-04-26,7호선,건대입구,12962,13831,26793,-869,4,26,화
2022-04-26,7호선,어린이대공원(세종대),15272,15750,31022,-478,4,26,화
2022-04-26,7호선,군자(능동),15756,12239,27995,3517,4,26,화
2022-04-26,7호선,중곡,11459,10403,21862,1056,4,26,화
2022-04-26,7호선,용마산(용마폭포공원),6317,6121,12438,196,4,26,화
2022-04-26,7호선,사가정,16977,16970,33947,7,4,26,화
2022-04-26,7호선,면목,17187,16642,33829,545,4,26,화
2022-04-26,7호선,상봉(시외버스터미널),17297,16153,33450,1144,4,26,화
2022-04-26,7호선,중화,11268,11023,22291,245,4,26,화
2022-04-26,7호선,먹골,10586,10254,20840,332,4,26,화
2022-04-26,7호선,태릉입구,9466,8912,18378,554,4,26,화
2022-04-26,7호선,공릉(서울과학기술대),13773,13564,27337,209,4,26,화
2022-04-26,7호선,하계,18962,17753,36715,1209,4,26,화
2022-04-26,7호선,중계,15684,14190,29874,1494,4,26,화
2022-04-26,7호선,노원,19589,20717,40306,-1128,4,26,화
2022-04-26,7호선,마들,13232,12583,25815,649,4,26,화
2022-04-26,7호선,수락산,13041,12658,25699,383,4,26,화
2022-04-26,7호선,도봉산,9953,11424,21377,-1471,4,26,화
2022-04-26,7호선,장암,2445,897,3342,1548,4,26,화
2022-04-26,6호선,봉화산(서울의료원),9539,8799,18338,740,4,26,화
2022-04-26,6호선,화랑대(서울여대입구),13244,10848,24092,2396,4,26,화
2022-04-26,6호선,태릉입구,5792,6538,12330,-746,4,26,화
2022-04-26,6호선,석계,13149,13686,26835,-537,4,26,화
2022-04-26,6호선,돌곶이,9818,8968,18786,850,4,26,화
2022-04-26,6호선,상월곡(한국과학기술연구원),6480,5816,12296,664,4,26,화
2022-04-26,6호선,월곡(동덕여대),12167,12001,24168,166,4,26,화
2022-04-26,6호선,고려대(종암),8839,8772,17611,67,4,26,화
2022-04-26,6호선,안암(고대병원앞),13385,13440,26825,-55,4,26,화
2022-04-26,6호선,보문,7659,7008,14667,651,4,26,화
2022-04-26,6호선,창신,3814,3192,7006,622,4,26,화
2022-04-26,6호선,동묘앞,7874,8033,15907,-159,4,26,화
2022-04-26,6호선,신당,8923,9482,18405,-559,4,26,화
2022-04-26,6호선,청구,3773,4092,7865,-319,4,26,화
2022-04-26,6호선,약수,3606,3676,7282,-70,4,26,화
2022-04-26,6호선,버티고개,2118,2135,4253,-17,4,26,화
2022-04-26,6호선,한강진,7604,8923,16527,-1319,4,26,화
2022-04-26,6호선,이태원,9861,10378,20239,-517,4,26,화
2022-04-26,6호선,녹사평(용산구청),4746,4763,9509,-17,4,26,화
2022-04-26,6호선,삼각지,6560,5612,12172,948,4,26,화
2022-04-26,6호선,효창공원앞,7755,7082,14837,673,4,26,화
2022-04-26,6호선,공덕,19280,18648,37928,632,4,26,화
2022-04-26,6호선,대흥(서강대앞),8660,8850,17510,-190,4,26,화
2022-04-26,6호선,광흥창(서강),9520,9144,18664,376,4,26,화
2022-04-26,6호선,상수,8487,9866,18353,-1379,4,26,화
2022-04-26,6호선,합정,12826,12746,25572,80,4,26,화
2022-04-26,6호선,망원,13586,14674,28260,-1088,4,26,화
2022-04-26,6호선,마포구청,14769,13152,27921,1617,4,26,화
2022-04-26,6호선,월드컵경기장(성산),4507,4696,9203,-189,4,26,화
2022-04-26,6호선,디지털미디어시티,14662,16111,30773,-1449,4,26,화
2022-04-26,6호선,증산(명지대앞),10516,10234,20750,282,4,26,화
2022-04-26,6호선,새절(신사),13978,12943,26921,1035,4,26,화
2022-04-26,6호선,구산,8013,5791,13804,2222,4,26,화
2022-04-26,6호선,독바위,2817,2908,5725,-91,4,26,화
2022-04-26,6호선,불광,4304,4393,8697,-89,4,26,화
2022-04-26,6호선,역촌,3780,4416,8196,-636,4,26,화
2022-04-26,6호선,응암,18253,17870,36123,383,4,26,화
2022-04-26,5호선,하남검단산,5894,5666,11560,228,4,26,화
2022-04-26,5호선,하남시청(덕풍·신장),7083,6784,13867,299,4,26,화
2022-04-26,5호선,하남풍산,4561,4523,9084,38,4,26,화
2022-04-26,5호선,미사,16712,16484,33196,228,4,26,화
2022-04-26,5호선,강일,4398,4154,8552,244,4,26,화
2022-04-26,5호선,마천,7558,7158,14716,400,4,26,화
2022-04-26,5호선,거여,10920,10397,21317,523,4,26,화
2022-04-26,5호선,개롱,6655,6916,13571,-261,4,26,화
2022-04-26,5호선,오금,3971,4082,8053,-111,4,26,화
2022-04-26,5호선,방이,7422,7575,14997,-153,4,26,화
2022-04-26,5호선,올림픽공원(한국체대),4648,3941,8589,707,4,26,화
2022-04-26,5호선,둔촌동,8513,8449,16962,64,4,26,화
2022-04-26,5호선,상일동,15467,14436,29903,1031,4,26,화
2022-04-26,5호선,고덕,10269,10132,20401,137,4,26,화
2022-04-26,5호선,명일,8950,9188,18138,-238,4,26,화
2022-04-26,5호선,굽은다리(강동구민회관앞),9804,9180,18984,624,4,26,화
2022-04-26,5호선,길동,8341,8462,16803,-121,4,26,화
2022-04-26,5호선,강동,19035,18381,37416,654,4,26,화
2022-04-26,5호선,천호(풍납토성),18064,18125,36189,-61,4,26,화
2022-04-26,5호선,광나루(장신대),14201,13055,27256,1146,4,26,화
2022-04-26,5호선,아차산(어린이대공원후문),15640,14521,30161,1119,4,26,화
2022-04-26,5호선,군자(능동),11426,12699,24125,-1273,4,26,화
2022-04-26,5호선,장한평,19037,18906,37943,131,4,26,화
2022-04-26,5호선,답십리,16362,14864,31226,1498,4,26,화
2022-04-26,5호선,마장,6011,5636,11647,375,4,26,화
2022-04-26,5호선,왕십리(성동구청),4520,5221,9741,-701,4,26,화
2022-04-26,5호선,행당,8454,7483,15937,971,4,26,화
2022-04-26,5호선,신금호,6928,7063,13991,-135,4,26,화
2022-04-26,5호선,청구,4249,3783,8032,466,4,26,화
2022-04-26,5호선,동대문역사문화공원(DDP),3049,3593,6642,-544,4,26,화
2022-04-26,5호선,을지로4가,6426,6590,13016,-164,4,26,화
2022-04-26,5호선,종로3가,12301,12551,24852,-250,4,26,화
2022-04-26,5호선,광화문(세종문화회관),30348,32584,62932,-2236,4,26,화
2022-04-26,5호선,서대문,20828,21297,42125,-469,4,26,화
2022-04-26,5호선,충정로(경기대입구),5172,5371,10543,-199,4,26,화
2022-04-26,5호선,애오개,7231,7250,14481,-19,4,26,화
2022-04-26,5호선,공덕,14885,15830,30715,-945,4,26,화
2022-04-26,5호선,마포,15086,15402,30488,-316,4,26,화
2022-04-26,5호선,여의나루,13451,14445,27896,-994,4,26,화
2022-04-26,5호선,여의도,29425,31538,60963,-2113,4,26,화
2022-04-26,5호선,신길,4321,4405,8726,-84,4,26,화
2022-04-26,5호선,영등포시장,10384,10569,20953,-185,4,26,화
2022-04-26,5호선,영등포구청,4261,4384,8645,-123,4,26,화
2022-04-26,5호선,양평,7886,7648,15534,238,4,26,화
2022-04-26,5호선,오목교(목동운동장앞),21521,23331,44852,-1810,4,26,화
2022-04-26,5호선,목동,17395,18619,36014,-1224,4,26,화
2022-04-26,5호선,신정(은행정),14341,11711,26052,2630,4,26,화
2022-04-26,5호선,까치산,29796,28379,58175,1417,4,26,화
2022-04-26,5호선,화곡,29402,27201,56603,2201,4,26,화
2022-04-26,5호선,우장산,15594,15202,30796,392,4,26,화
2022-04-26,5호선,발산,21915,22418,44333,-503,4,26,화
2022-04-26,5호선,마곡,11126,11257,22383,-131,4,26,화
2022-04-26,5호선,송정,6763,6327,13090,436,4,26,화
2022-04-26,5호선,김포공항,7111,6916,14027,195,4,26,화
2022-04-26,5호선,개화산,6020,5710,11730,310,4,26,화
2022-04-26,5호선,방화,7160,6684,13844,476,4,26,화
2022-04-26,4호선,남태령,1293,1173,2466,120,4,26,화
2022-04-26,4호선,사당,26472,22262,48734,4210,4,26,화
2022-04-26,4호선,총신대입구(이수),19495,20891,40386,-1396,4,26,화
2022-04-26,4호선,동작(현충원),1646,1802,3448,-156,4,26,화
2022-04-26,4호선,이촌(국립중앙박물관),7998,8963,16961,-965,4,26,화
2022-04-26,4호선,신용산,16260,17580,33840,-1320,4,26,화
2022-04-26,4호선,삼각지,5093,5656,10749,-563,4,26,화
2022-04-26,4호선,숙대입구(갈월),15062,14392,29454,670,4,26,화
2022-04-26,4호선,서울역,11556,16230,27786,-4674,4,26,화
2022-04-26,4호선,회현(남대문시장),25928,27596,53524,-1668,4,26,화
2022-04-26,4호선,명동,18959,19782,38741,-823,4,26,화
2022-04-26,4호선,충무로,29198,30062,59260,-864,4,26,화
2022-04-26,4호선,동대문역사문화공원(DDP),13966,12878,26844,1088,4,26,화
2022-04-26,4호선,동대문,20564,20918,41482,-354,4,26,화
2022-04-26,4호선,혜화,33587,33830,67417,-243,4,26,화
2022-04-26,4호선,한성대입구(삼선교),14467,14028,28495,439,4,26,화
2022-04-26,4호선,성신여대입구(돈암),21346,20593,41939,753,4,26,화
2022-04-26,4호선,길음,22549,22105,44654,444,4,26,화
2022-04-26,4호선,미아사거리,28154,27282,55436,872,4,26,화
2022-04-26,4호선,미아(서울사이버대학),15810,15290,31100,520,4,26,화
2022-04-26,4호선,수유(강북구청),34558,34717,69275,-159,4,26,화
2022-04-26,4호선,쌍문,30182,27775,57957,2407,4,26,화
2022-04-26,4호선,창동,26216,27825,54041,-1609,4,26,화
2022-04-26,4호선,노원,19486,21641,41127,-2155,4,26,화
2022-04-26,4호선,상계,20871,19067,39938,1804,4,26,화
2022-04-26,4호선,당고개,9357,8457,17814,900,4,26,화
2022-04-26,3호선,오금,6537,5979,12516,558,4,26,화
2022-04-26,3호선,경찰병원,7537,7546,15083,-9,4,26,화
2022-04-26,3호선,가락시장,9226,8981,18207,245,4,26,화
2022-04-26,3호선,수서,17145,17506,34651,-361,4,26,화
2022-04-26,3호선,일원,10877,10481,21358,396,4,26,화
2022-04-26,3호선,대청,10547,9490,20037,1057,4,26,화
2022-04-26,3호선,학여울,1905,1969,3874,-64,4,26,화
2022-04-26,3호선,대치,10841,10869,21710,-28,4,26,화
2022-04-26,3호선,도곡,5416,5530,10946,-114,4,26,화
2022-04-26,3호선,매봉,12936,12464,25400,472,4,26,화
2022-04-26,3호선,양재(서초구청),39570,43437,83007,-3867,4,26,화
2022-04-26,3호선,남부터미널(예술의전당),29425,29962,59387,-537,4,26,화
2022-04-26,3호선,교대(법원.검찰청),15279,10014,25293,5265,4,26,화
2022-04-26,3호선,고속터미널,38306,36627,74933,1679,4,26,화
2022-04-26,3호선,잠원,5026,4920,9946,106,4,26,화
2022-04-26,3호선,신사,31077,32764,63841,-1687,4,26,화
2022-04-26,3호선,압구정,32558,35030,67588,-2472,4,26,화
2022-04-26,3호선,옥수,9255,9420,18675,-165,4,26,화
2022-04-26,3호선,금호,8128,7542,15670,586,4,26,화
2022-04-26,3호선,약수,13387,13213,26600,174,4,26,화
2022-04-26,3호선,동대입구,9311,10169,19480,-858,4,26,화
2022-04-26,3호선,충무로,1,0,1,1,4,26,화
2022-04-26,3호선,을지로3가,11007,11209,22216,-202,4,26,화
2022-04-26,3호선,종로3가,10070,11505,21575,-1435,4,26,화
2022-04-26,3호선,안국,21452,22710,44162,-1258,4,26,화
2022-04-26,3호선,경복궁(정부서울청사),20621,20406,41027,215,4,26,화
2022-04-26,3호선,독립문,7268,7637,14905,-369,4,26,화
2022-04-26,3호선,무악재,4091,4195,8286,-104,4,26,화
2022-04-26,3호선,홍제,18538,17541,36079,997,4,26,화
2022-04-26,3호선,녹번,16434,14596,31030,1838,4,26,화
2022-04-26,3호선,불광,16505,17498,34003,-993,4,26,화
2022-04-26,3호선,연신내,37680,35384,73064,2296,4,26,화
2022-04-26,3호선,구파발,21426,20391,41817,1035,4,26,화
2022-04-26,3호선,지축,5212,5012,10224,200,4,26,화
2022-04-26,2호선,용두(동대문구청),2387,2445,4832,-58,4,26,화
2022-04-26,2호선,신정네거리,10615,10962,21577,-347,4,26,화
2022-04-26,2호선,양천구청,7028,7306,14334,-278,4,26,화
2022-04-26,2호선,도림천,1446,1463,2909,-17,4,26,화
2022-04-26,2호선,신설동,3275,3251,6526,24,4,26,화
2022-04-26,2호선,신답,1725,1945,3670,-220,4,26,화
2022-04-26,2호선,용답,3083,3133,6216,-50,4,26,화
2022-04-26,2호선,충정로(경기대입구),10397,11016,21413,-619,4,26,화
2022-04-26,2호선,아현,11050,10473,21523,577,4,26,화
2022-04-26,2호선,이대,13965,14845,28810,-880,4,26,화
2022-04-26,2호선,신촌,32364,33323,65687,-959,4,26,화
2022-04-26,2호선,홍대입구,52163,55069,107232,-2906,4,26,화
2022-04-26,2호선,합정,30306,32128,62434,-1822,4,26,화
2022-04-26,2호선,당산,19671,22883,42554,-3212,4,26,화
2022-04-26,2호선,영등포구청,23073,24157,47230,-1084,4,26,화
2022-04-26,2호선,문래,23089,23526,46615,-437,4,26,화
2022-04-26,2호선,신도림,47524,47436,94960,88,4,26,화
2022-04-26,2호선,대림(구로구청),24667,25170,49837,-503,4,26,화
2022-04-26,2호선,구로디지털단지,60739,60861,121600,-122,4,26,화
2022-04-26,2호선,신대방,27669,26817,54486,852,4,26,화
2022-04-26,2호선,신림,64286,61804,126090,2482,4,26,화
2022-04-26,2호선,봉천,24797,22669,47466,2128,4,26,화
2022-04-26,2호선,서울대입구(관악구청),49575,48258,97833,1317,4,26,화
2022-04-26,2호선,낙성대(강감찬),28024,27280,55304,744,4,26,화
2022-04-26,2호선,사당,37910,42348,80258,-4438,4,26,화
2022-04-26,2호선,방배,19876,20515,40391,-639,4,26,화
2022-04-26,2호선,서초,22439,21882,44321,557,4,26,화
2022-04-26,2호선,교대(법원.검찰청),35766,40543,76309,-4777,4,26,화
2022-04-26,2호선,강남,83830,83960,167790,-130,4,26,화
2022-04-26,2호선,역삼,53560,61187,114747,-7627,4,26,화
2022-04-26,2호선,선릉,59363,52993,112356,6370,4,26,화
2022-04-26,2호선,삼성(무역센터),52285,53168,105453,-883,4,26,화
2022-04-26,2호선,종합운동장,9481,10371,19852,-890,4,26,화
2022-04-26,2호선,잠실새내,21747,21634,43381,113,4,26,화
2022-04-26,2호선,잠실(송파구청),70006,69398,139404,608,4,26,화
2022-04-26,2호선,잠실나루,15338,15025,30363,313,4,26,화
2022-04-26,2호선,강변(동서울터미널),29301,27546,56847,1755,4,26,화
2022-04-26,2호선,구의(광진구청),24263,23779,48042,484,4,26,화
2022-04-26,2호선,건대입구,36203,38985,75188,-2782,4,26,화
2022-04-26,2호선,성수,37872,41842,79714,-3970,4,26,화
2022-04-26,2호선,뚝섬,22856,24739,47595,-1883,4,26,화
2022-04-26,2호선,한양대,14460,16019,30479,-1559,4,26,화
2022-04-26,2호선,왕십리(성동구청),17107,13465,30572,3642,4,26,화
2022-04-26,2호선,상왕십리,14773,14048,28821,725,4,26,화
2022-04-26,2호선,신당,15264,15700,30964,-436,4,26,화
2022-04-26,2호선,동대문역사문화공원(DDP),11671,13046,24717,-1375,4,26,화
2022-04-26,2호선,을지로4가,13366,13528,26894,-162,4,26,화
2022-04-26,2호선,을지로3가,23129,23692,46821,-563,4,26,화
2022-04-26,2호선,을지로입구,39507,41638,81145,-2131,4,26,화
2022-04-26,2호선,시청,24215,24009,48224,206,4,26,화
2022-04-26,1호선,동묘앞,8130,8680,16810,-550,4,26,화
2022-04-26,1호선,청량리(서울시립대입구),20382,20091,40473,291,4,26,화
2022-04-26,1호선,제기동,17711,17913,35624,-202,4,26,화
2022-04-26,1호선,신설동,13931,13783,27714,148,4,26,화
2022-04-26,1호선,동대문,11219,10476,21695,743,4,26,화
2022-04-26,1호선,종로5가,22922,22832,45754,90,4,26,화
2022-04-26,1호선,종로3가,25090,22982,48072,2108,4,26,화
2022-04-26,1호선,종각,35305,34994,70299,311,4,26,화
2022-04-26,1호선,시청,23658,23877,47535,-219,4,26,화
2022-04-26,1호선,서울역,42381,41142,83523,1239,4,26,화
2022-04-26,우이신설선,솔샘,6125,5695,11820,430,4,26,화
2022-04-26,우이신설선,북한산보국문,6393,5993,12386,400,4,26,화
2022-04-26,우이신설선,정릉,4920,4368,9288,552,4,26,화
2022-04-26,우이신설선,성신여대입구(돈암),3383,3793,7176,-410,4,26,화
2022-04-26,우이신설선,보문,1592,1580,3172,12,4,26,화
2022-04-26,우이신설선,신설동,2264,2211,4475,53,4,26,화
2022-04-26,일산선,원흥,11381,10739,22120,642,4,26,화
2022-04-26,일산선,삼송,20894,20071,40965,823,4,26,화
2022-04-26,일산선,원당,11745,11106,22851,639,4,26,화
2022-04-26,일산선,화정,17614,17892,35506,-278,4,26,화
2022-04-26,일산선,대곡,2272,1835,4107,437,4,26,화
2022-04-26,일산선,백석,9968,9919,19887,49,4,26,화
2022-04-26,일산선,마두,7911,7956,15867,-45,4,26,화
2022-04-26,일산선,정발산,8876,9115,17991,-239,4,26,화
2022-04-26,일산선,주엽,9588,9506,19094,82,4,26,화
2022-04-26,일산선,대화,13059,10370,23429,2689,4,26,화
2022-04-26,장항선,봉명,1334,1304,2638,30,4,26,화
2022-04-26,장항선,쌍용(나사렛대),3123,2935,6058,188,4,26,화
2022-04-26,장항선,아산,3890,3321,7211,569,4,26,화
2022-04-26,장항선,탕정,905,787,1692,118,4,26,화
2022-04-26,장항선,배방,1190,1116,2306,74,4,26,화
2022-04-26,장항선,온양온천,3721,3826,7547,-105,4,26,화
2022-04-26,장항선,신창(순천향대),2933,2921,5854,12,4,26,화
2022-04-26,중앙선,회기,25913,25405,51318,508,4,26,화
2022-04-26,중앙선,중랑,5919,5561,11480,358,4,26,화
2022-04-26,중앙선,상봉(시외버스터미널),5891,5952,11843,-61,4,26,화
2022-04-26,중앙선,망우,8122,7929,16051,193,4,26,화
2022-04-26,중앙선,양원,3265,3059,6324,206,4,26,화
2022-04-26,중앙선,구리,14136,14408,28544,-272,4,26,화
2022-04-26,중앙선,도농,11650,10478,22128,1172,4,26,화
2022-04-26,중앙선,양정,787,659,1446,128,4,26,화
2022-04-26,중앙선,덕소,5861,6007,11868,-146,4,26,화
2022-04-26,중앙선,도심,2741,2079,4820,662,4,26,화
2022-04-26,중앙선,팔당,946,1001,1947,-55,4,26,화
2022-04-26,중앙선,운길산,1008,948,1956,60,4,26,화
2022-04-26,중앙선,양수,1989,2025,4014,-36,4,26,화
2022-04-26,중앙선,신원,253,218,471,35,4,26,화
2022-04-26,중앙선,국수,858,819,1677,39,4,26,화
2022-04-26,중앙선,아신,517,528,1045,-11,4,26,화
2022-04-26,중앙선,오빈,315,311,626,4,4,26,화
2022-04-26,중앙선,양평,2858,2902,5760,-44,4,26,화
2022-04-26,중앙선,원덕,383,357,740,26,4,26,화
2022-04-26,중앙선,지평,91,89,180,2,4,26,화
2022-04-26,중앙선,용문,1941,1959,3900,-18,4,26,화
2022-04-27,중앙선,양평,2916,3018,5934,-102,4,27,수
2022-04-27,중앙선,원덕,429,415,844,14,4,27,수
2022-04-27,중앙선,지평,91,111,202,-20,4,27,수
2022-04-27,중앙선,용문,2095,2095,4190,0,4,27,수
2022-04-27,1호선,서울역,44113,42814,86927,1299,4,27,수
2022-04-27,1호선,시청,24331,24870,49201,-539,4,27,수
2022-04-27,1호선,종각,36181,35822,72003,359,4,27,수
2022-04-27,1호선,종로3가,26612,23949,50561,2663,4,27,수
2022-04-27,1호선,종로5가,23261,23483,46744,-222,4,27,수
2022-04-27,1호선,동대문,11298,10780,22078,518,4,27,수
2022-04-27,1호선,신설동,14489,14285,28774,204,4,27,수
2022-04-27,1호선,제기동,17989,18351,36340,-362,4,27,수
2022-04-27,1호선,청량리(서울시립대입구),20896,20700,41596,196,4,27,수
2022-04-27,1호선,동묘앞,8576,8898,17474,-322,4,27,수
2022-04-27,2호선,시청,24928,24566,49494,362,4,27,수
2022-04-27,2호선,을지로입구,41065,42996,84061,-1931,4,27,수
2022-04-27,2호선,을지로3가,24400,24866,49266,-466,4,27,수
2022-04-27,2호선,을지로4가,13658,13652,27310,6,4,27,수
2022-04-27,2호선,동대문역사문화공원(DDP),12417,13970,26387,-1553,4,27,수
2022-04-27,2호선,신당,15804,16150,31954,-346,4,27,수
2022-04-27,2호선,상왕십리,15075,14466,29541,609,4,27,수
2022-04-27,2호선,왕십리(성동구청),17846,14036,31882,3810,4,27,수
2022-04-27,2호선,한양대,14753,16667,31420,-1914,4,27,수
2022-04-27,2호선,뚝섬,23645,25644,49289,-1999,4,27,수
2022-04-27,2호선,성수,39329,43610,82939,-4281,4,27,수
2022-04-27,2호선,건대입구,37986,40657,78643,-2671,4,27,수
2022-04-27,2호선,구의(광진구청),24752,24290,49042,462,4,27,수
2022-04-27,2호선,강변(동서울터미널),30699,28688,59387,2011,4,27,수
2022-04-27,2호선,잠실나루,15705,15282,30987,423,4,27,수
2022-04-27,2호선,잠실(송파구청),72175,71475,143650,700,4,27,수
2022-04-27,2호선,잠실새내,22296,22210,44506,86,4,27,수
2022-04-27,2호선,종합운동장,9863,10890,20753,-1027,4,27,수
2022-04-27,2호선,삼성(무역센터),54306,55271,109577,-965,4,27,수
2022-04-27,2호선,선릉,59987,53229,113216,6758,4,27,수
2022-04-27,2호선,역삼,54546,62194,116740,-7648,4,27,수
2022-04-27,2호선,강남,85042,85309,170351,-267,4,27,수
2022-04-27,2호선,교대(법원.검찰청),36454,41381,77835,-4927,4,27,수
2022-04-27,2호선,서초,23402,22819,46221,583,4,27,수
2022-04-27,2호선,방배,20520,21328,41848,-808,4,27,수
2022-04-27,2호선,사당,39488,44126,83614,-4638,4,27,수
2022-04-27,2호선,낙성대(강감찬),28688,27896,56584,792,4,27,수
2022-04-27,2호선,서울대입구(관악구청),50141,49393,99534,748,4,27,수
2022-04-27,2호선,봉천,24888,22695,47583,2193,4,27,수
2022-04-27,2호선,신림,65895,63348,129243,2547,4,27,수
2022-04-27,2호선,신대방,27850,27238,55088,612,4,27,수
2022-04-27,2호선,구로디지털단지,61253,61282,122535,-29,4,27,수
2022-04-27,2호선,대림(구로구청),24925,25403,50328,-478,4,27,수
2022-04-27,2호선,신도림,50300,50228,100528,72,4,27,수
2022-04-27,2호선,문래,23150,23882,47032,-732,4,27,수
2022-04-27,2호선,영등포구청,23794,24581,48375,-787,4,27,수
2022-04-27,2호선,당산,20321,23456,43777,-3135,4,27,수
2022-04-27,2호선,합정,31309,33344,64653,-2035,4,27,수
2022-04-27,2호선,홍대입구,54610,58262,112872,-3652,4,27,수
2022-04-27,2호선,신촌,33905,34785,68690,-880,4,27,수
2022-04-27,2호선,이대,14413,15434,29847,-1021,4,27,수
2022-04-27,2호선,아현,11005,10456,21461,549,4,27,수
2022-04-27,2호선,충정로(경기대입구),10467,11291,21758,-824,4,27,수
2022-04-27,2호선,용답,3326,3394,6720,-68,4,27,수
2022-04-27,2호선,신답,1821,1911,3732,-90,4,27,수
2022-04-27,2호선,신설동,3375,3338,6713,37,4,27,수
2022-04-27,2호선,도림천,1401,1405,2806,-4,4,27,수
2022-04-27,2호선,양천구청,7334,7472,14806,-138,4,27,수
2022-04-27,2호선,신정네거리,10865,11328,22193,-463,4,27,수
2022-04-27,2호선,용두(동대문구청),2403,2510,4913,-107,4,27,수
2022-04-27,3호선,지축,5324,5009,10333,315,4,27,수
2022-04-27,3호선,구파발,21677,20814,42491,863,4,27,수
2022-04-27,3호선,연신내,37790,35748,73538,2042,4,27,수
2022-04-27,3호선,불광,16995,18041,35036,-1046,4,27,수
2022-04-27,3호선,녹번,16753,14910,31663,1843,4,27,수
2022-04-27,3호선,홍제,18987,17742,36729,1245,4,27,수
2022-04-27,3호선,무악재,4124,4292,8416,-168,4,27,수
2022-04-27,3호선,독립문,7328,7731,15059,-403,4,27,수
2022-04-27,3호선,경복궁(정부서울청사),23588,23741,47329,-153,4,27,수
2022-04-27,3호선,안국,23295,24684,47979,-1389,4,27,수
2022-04-27,3호선,종로3가,10226,11879,22105,-1653,4,27,수
2022-04-27,3호선,을지로3가,11333,11724,23057,-391,4,27,수
2022-04-27,3호선,충무로,1,0,1,1,4,27,수
2022-04-27,3호선,동대입구,10128,10873,21001,-745,4,27,수
2022-04-27,3호선,약수,13658,13536,27194,122,4,27,수
2022-04-27,3호선,금호,8317,7640,15957,677,4,27,수
2022-04-27,3호선,옥수,9311,9620,18931,-309,4,27,수
2022-04-27,3호선,압구정,32043,34488,66531,-2445,4,27,수
2022-04-27,3호선,신사,30802,32368,63170,-1566,4,27,수
2022-04-27,3호선,잠원,5243,5073,10316,170,4,27,수
2022-04-27,3호선,고속터미널,40516,38697,79213,1819,4,27,수
2022-04-27,3호선,교대(법원.검찰청),15992,10333,26325,5659,4,27,수
2022-04-27,3호선,남부터미널(예술의전당),30161,30392,60553,-231,4,27,수
2022-04-27,3호선,양재(서초구청),40512,44607,85119,-4095,4,27,수
2022-04-27,3호선,매봉,13220,12593,25813,627,4,27,수
2022-04-27,3호선,도곡,5414,5657,11071,-243,4,27,수
2022-04-27,3호선,대치,10893,10744,21637,149,4,27,수
2022-04-27,3호선,학여울,1925,2047,3972,-122,4,27,수
2022-04-27,3호선,대청,11333,10341,21674,992,4,27,수
2022-04-27,3호선,일원,10956,10594,21550,362,4,27,수
2022-04-27,3호선,수서,17698,18070,35768,-372,4,27,수
2022-04-27,3호선,가락시장,9297,9177,18474,120,4,27,수
2022-04-27,3호선,경찰병원,7693,7660,15353,33,4,27,수
2022-04-27,3호선,오금,6603,5949,12552,654,4,27,수
2022-04-27,4호선,당고개,9489,8441,17930,1048,4,27,수
2022-04-27,4호선,상계,21021,19363,40384,1658,4,27,수
2022-04-27,4호선,노원,19697,22267,41964,-2570,4,27,수
2022-04-27,4호선,창동,26627,28112,54739,-1485,4,27,수
2022-04-27,4호선,쌍문,30775,28048,58823,2727,4,27,수
2022-04-27,4호선,수유(강북구청),35349,35560,70909,-211,4,27,수
2022-04-27,4호선,미아(서울사이버대학),16016,15412,31428,604,4,27,수
2022-04-27,4호선,미아사거리,28569,27645,56214,924,4,27,수
2022-04-27,4호선,길음,22995,22658,45653,337,4,27,수
2022-04-27,4호선,성신여대입구(돈암),22253,21003,43256,1250,4,27,수
2022-04-27,4호선,한성대입구(삼선교),15773,15403,31176,370,4,27,수
2022-04-27,4호선,혜화,35838,36470,72308,-632,4,27,수
2022-04-27,4호선,동대문,20746,21156,41902,-410,4,27,수
2022-04-27,4호선,동대문역사문화공원(DDP),14837,13664,28501,1173,4,27,수
2022-04-27,4호선,충무로,30401,30879,61280,-478,4,27,수
2022-04-27,4호선,명동,20994,21978,42972,-984,4,27,수
2022-04-27,4호선,회현(남대문시장),26482,28231,54713,-1749,4,27,수
2022-04-27,4호선,서울역,11852,17312,29164,-5460,4,27,수
2022-04-27,4호선,숙대입구(갈월),15225,14576,29801,649,4,27,수
2022-04-27,4호선,삼각지,5304,5841,11145,-537,4,27,수
2022-04-27,4호선,신용산,16819,17888,34707,-1069,4,27,수
2022-04-27,4호선,이촌(국립중앙박물관),7708,8654,16362,-946,4,27,수
2022-04-27,4호선,동작(현충원),1700,1863,3563,-163,4,27,수
2022-04-27,4호선,총신대입구(이수),20126,21776,41902,-1650,4,27,수
2022-04-27,4호선,사당,27920,22932,50852,4988,4,27,수
2022-04-27,4호선,남태령,1362,1185,2547,177,4,27,수
2022-04-27,5호선,방화,7090,6792,13882,298,4,27,수
2022-04-27,5호선,개화산,6049,5765,11814,284,4,27,수
2022-04-27,5호선,김포공항,7218,7279,14497,-61,4,27,수
2022-04-27,5호선,송정,6959,6510,13469,449,4,27,수
2022-04-27,5호선,마곡,11329,11428,22757,-99,4,27,수
2022-04-27,5호선,발산,21950,22510,44460,-560,4,27,수
2022-04-27,5호선,우장산,15919,15482,31401,437,4,27,수
2022-04-27,5호선,화곡,30012,27592,57604,2420,4,27,수
2022-04-27,5호선,까치산,30448,28908,59356,1540,4,27,수
2022-04-27,5호선,신정(은행정),14648,11799,26447,2849,4,27,수
2022-04-27,5호선,목동,17741,18930,36671,-1189,4,27,수
2022-04-27,5호선,오목교(목동운동장앞),22117,23858,45975,-1741,4,27,수
2022-04-27,5호선,양평,7981,7842,15823,139,4,27,수
2022-04-27,5호선,영등포구청,4203,4401,8604,-198,4,27,수
2022-04-27,5호선,영등포시장,10531,10918,21449,-387,4,27,수
2022-04-27,5호선,신길,4396,4560,8956,-164,4,27,수
2022-04-27,5호선,여의도,30217,32404,62621,-2187,4,27,수
2022-04-27,5호선,여의나루,15276,16238,31514,-962,4,27,수
2022-04-27,5호선,마포,15468,15894,31362,-426,4,27,수
2022-04-27,5호선,공덕,15184,16280,31464,-1096,4,27,수
2022-04-27,5호선,애오개,7308,7342,14650,-34,4,27,수
2022-04-27,5호선,충정로(경기대입구),5144,5413,10557,-269,4,27,수
2022-04-27,5호선,서대문,21006,21251,42257,-245,4,27,수
2022-04-27,5호선,광화문(세종문화회관),31880,33636,65516,-1756,4,27,수
2022-04-27,5호선,종로3가,13007,13050,26057,-43,4,27,수
2022-04-27,5호선,을지로4가,6809,6676,13485,133,4,27,수
2022-04-27,5호선,동대문역사문화공원(DDP),3070,3618,6688,-548,4,27,수
2022-04-27,5호선,청구,4255,3842,8097,413,4,27,수
2022-04-27,5호선,신금호,7017,7181,14198,-164,4,27,수
2022-04-27,5호선,행당,8553,7592,16145,961,4,27,수
2022-04-27,5호선,왕십리(성동구청),4821,5613,10434,-792,4,27,수
2022-04-27,5호선,마장,6187,5777,11964,410,4,27,수
2022-04-27,5호선,답십리,16702,15314,32016,1388,4,27,수
2022-04-27,5호선,장한평,19915,19561,39476,354,4,27,수
2022-04-27,5호선,군자(능동),11791,13107,24898,-1316,4,27,수
2022-04-27,5호선,아차산(어린이대공원후문),15952,15112,31064,840,4,27,수
2022-04-27,5호선,광나루(장신대),14523,13062,27585,1461,4,27,수
2022-04-27,5호선,천호(풍납토성),18479,18821,37300,-342,4,27,수
2022-04-27,5호선,강동,19209,18664,37873,545,4,27,수
2022-04-27,5호선,길동,8283,8459,16742,-176,4,27,수
2022-04-27,5호선,굽은다리(강동구민회관앞),9934,9336,19270,598,4,27,수
2022-04-27,5호선,명일,9471,9629,19100,-158,4,27,수
2022-04-27,5호선,고덕,10212,10102,20314,110,4,27,수
2022-04-27,5호선,상일동,15832,14663,30495,1169,4,27,수
2022-04-27,5호선,둔촌동,8540,8622,17162,-82,4,27,수
2022-04-27,5호선,올림픽공원(한국체대),4731,4021,8752,710,4,27,수
2022-04-27,5호선,방이,7440,7725,15165,-285,4,27,수
2022-04-27,5호선,오금,3974,4046,8020,-72,4,27,수
2022-04-27,5호선,개롱,6875,6991,13866,-116,4,27,수
2022-04-27,5호선,거여,10971,10408,21379,563,4,27,수
2022-04-27,5호선,마천,7842,7331,15173,511,4,27,수
2022-04-27,5호선,강일,4503,4121,8624,382,4,27,수
2022-04-27,5호선,미사,17249,17026,34275,223,4,27,수
2022-04-27,5호선,하남풍산,4516,4318,8834,198,4,27,수
2022-04-27,5호선,하남시청(덕풍·신장),7196,6903,14099,293,4,27,수
2022-04-27,5호선,하남검단산,5946,5678,11624,268,4,27,수
2022-04-27,6호선,응암,18481,18064,36545,417,4,27,수
2022-04-27,6호선,역촌,3858,4601,8459,-743,4,27,수
2022-04-27,6호선,불광,4617,4607,9224,10,4,27,수
2022-04-27,6호선,독바위,2851,2943,5794,-92,4,27,수
2022-04-27,6호선,구산,8192,5868,14060,2324,4,27,수
2022-04-27,6호선,새절(신사),13819,12926,26745,893,4,27,수
2022-04-27,6호선,증산(명지대앞),10652,10479,21131,173,4,27,수
2022-04-27,6호선,디지털미디어시티,14977,16327,31304,-1350,4,27,수
2022-04-27,6호선,월드컵경기장(성산),4589,4759,9348,-170,4,27,수
2022-04-27,6호선,마포구청,14816,13195,28011,1621,4,27,수
2022-04-27,6호선,망원,14137,15076,29213,-939,4,27,수
2022-04-27,6호선,합정,13528,13298,26826,230,4,27,수
2022-04-27,6호선,상수,8659,9835,18494,-1176,4,27,수
2022-04-27,6호선,광흥창(서강),9615,9336,18951,279,4,27,수
2022-04-27,6호선,대흥(서강대앞),8930,9127,18057,-197,4,27,수
2022-04-27,6호선,공덕,19538,19046,38584,492,4,27,수
2022-04-27,6호선,효창공원앞,7734,7110,14844,624,4,27,수
2022-04-27,6호선,삼각지,6744,6009,12753,735,4,27,수
2022-04-27,6호선,녹사평(용산구청),5062,5150,10212,-88,4,27,수
2022-04-27,6호선,이태원,10452,11032,21484,-580,4,27,수
2022-04-27,6호선,한강진,8031,9544,17575,-1513,4,27,수
2022-04-27,6호선,버티고개,2360,2205,4565,155,4,27,수
2022-04-27,6호선,약수,3847,3657,7504,190,4,27,수
2022-04-27,6호선,청구,3920,4223,8143,-303,4,27,수
2022-04-27,6호선,신당,9703,10006,19709,-303,4,27,수
2022-04-27,6호선,동묘앞,7997,8289,16286,-292,4,27,수
2022-04-27,6호선,창신,3886,3324,7210,562,4,27,수
2022-04-27,6호선,보문,7820,7135,14955,685,4,27,수
2022-04-27,6호선,안암(고대병원앞),13773,13824,27597,-51,4,27,수
2022-04-27,6호선,고려대(종암),9004,8893,17897,111,4,27,수
2022-04-27,6호선,월곡(동덕여대),13241,12756,25997,485,4,27,수
2022-04-27,6호선,상월곡(한국과학기술연구원),7010,6401,13411,609,4,27,수
2022-04-27,6호선,돌곶이,9972,9354,19326,618,4,27,수
2022-04-27,6호선,석계,13383,13878,27261,-495,4,27,수
2022-04-27,6호선,태릉입구,5913,6575,12488,-662,4,27,수
2022-04-27,6호선,화랑대(서울여대입구),13360,10304,23664,3056,4,27,수
2022-04-27,6호선,봉화산(서울의료원),9462,8816,18278,646,4,27,수
2022-04-27,7호선,장암,2378,901,3279,1477,4,27,수
2022-04-27,7호선,도봉산,10258,11678,21936,-1420,4,27,수
2022-04-27,7호선,수락산,13361,13134,26495,227,4,27,수
2022-04-27,7호선,마들,13645,12727,26372,918,4,27,수
2022-04-27,7호선,노원,19704,20833,40537,-1129,4,27,수
2022-04-27,7호선,중계,15650,14272,29922,1378,4,27,수
2022-04-27,7호선,하계,20053,18877,38930,1176,4,27,수
2022-04-27,7호선,공릉(서울과학기술대),13641,13546,27187,95,4,27,수
2022-04-27,7호선,태릉입구,9558,9015,18573,543,4,27,수
2022-04-27,7호선,먹골,10612,10238,20850,374,4,27,수
2022-04-27,7호선,중화,11390,11123,22513,267,4,27,수
2022-04-27,7호선,상봉(시외버스터미널),17694,16476,34170,1218,4,27,수
2022-04-27,7호선,면목,17303,16538,33841,765,4,27,수
2022-04-27,7호선,사가정,16991,16954,33945,37,4,27,수
2022-04-27,7호선,용마산(용마폭포공원),6475,6237,12712,238,4,27,수
2022-04-27,7호선,중곡,11458,10575,22033,883,4,27,수
2022-04-27,7호선,군자(능동),15735,12469,28204,3266,4,27,수
2022-04-27,7호선,어린이대공원(세종대),16143,16366,32509,-223,4,27,수
2022-04-27,7호선,건대입구,13647,14532,28179,-885,4,27,수
2022-04-27,7호선,뚝섬유원지,12703,12169,24872,534,4,27,수
2022-04-27,7호선,청담,20446,23132,43578,-2686,4,27,수
2022-04-27,7호선,강남구청,17228,19167,36395,-1939,4,27,수
2022-04-27,7호선,학동,25584,27602,53186,-2018,4,27,수
2022-04-27,7호선,논현,21279,23103,44382,-1824,4,27,수
2022-04-27,7호선,반포,6130,6061,12191,69,4,27,수
2022-04-27,7호선,고속터미널,15264,13593,28857,1671,4,27,수
2022-04-27,7호선,내방,15337,15905,31242,-568,4,27,수
2022-04-27,7호선,이수,16498,16244,32742,254,4,27,수
2022-04-27,7호선,남성,11815,10780,22595,1035,4,27,수
2022-04-27,7호선,숭실대입구(살피재),15739,15768,31507,-29,4,27,수
2022-04-27,7호선,상도,12198,11942,24140,256,4,27,수
2022-04-27,7호선,장승배기,9428,9276,18704,152,4,27,수
2022-04-27,7호선,신대방삼거리,17896,16879,34775,1017,4,27,수
2022-04-27,7호선,보라매,10514,10527,21041,-13,4,27,수
2022-04-27,7호선,신풍,12222,11828,24050,394,4,27,수
2022-04-27,7호선,대림(구로구청),7830,7876,15706,-46,4,27,수
2022-04-27,7호선,남구로,16254,17325,33579,-1071,4,27,수
2022-04-27,7호선,가산디지털단지,47189,47901,95090,-712,4,27,수
2022-04-27,7호선,철산,22199,22587,44786,-388,4,27,수
2022-04-27,7호선,광명사거리,22987,22532,45519,455,4,27,수
2022-04-27,7호선,천왕,12265,11546,23811,719,4,27,수
2022-04-27,7호선,온수(성공회대입구),11628,11096,22724,532,4,27,수
2022-04-27,7호선,부천시청,2,0,2,2,4,27,수
2022-04-27,8호선,암사,19922,17276,37198,2646,4,27,수
2022-04-27,8호선,천호(풍납토성),15114,17440,32554,-2326,4,27,수
2022-04-27,8호선,강동구청,10934,11272,22206,-338,4,27,수
2022-04-27,8호선,몽촌토성(평화의문),6807,6786,13593,21,4,27,수
2022-04-27,8호선,잠실(송파구청),13821,17007,30828,-3186,4,27,수
2022-04-27,8호선,석촌,7932,9324,17256,-1392,4,27,수
2022-04-27,8호선,송파,8656,8447,17103,209,4,27,수
2022-04-27,8호선,가락시장,8198,9061,17259,-863,4,27,수
2022-04-27,8호선,문정,23162,24445,47607,-1283,4,27,수
2022-04-27,8호선,장지,18515,17679,36194,836,4,27,수
2022-04-27,8호선,복정,10687,8841,19528,1846,4,27,수
2022-04-27,8호선,산성,6026,6001,12027,25,4,27,수
2022-04-27,8호선,남한산성입구(성남법원.검찰청),16391,15124,31515,1267,4,27,수
2022-04-27,8호선,단대오거리,11901,11221,23122,680,4,27,수
2022-04-27,8호선,신흥,4372,4837,9209,-465,4,27,수
2022-04-27,8호선,수진,5721,5132,10853,589,4,27,수
2022-04-27,8호선,모란,4713,3734,8447,979,4,27,수
2022-04-27,8호선,남위례,5328,5551,10879,-223,4,27,수
2022-04-27,9호선,개화,2742,2040,4782,702,4,27,수
2022-04-27,9호선,김포공항,7058,11349,18407,-4291,4,27,수
2022-04-27,9호선,공항시장,3228,3364,6592,-136,4,27,수
2022-04-27,9호선,신방화,7320,6812,14132,508,4,27,수
2022-04-27,9호선,마곡나루(서울식물원),13068,13046,26114,22,4,27,수
2022-04-27,9호선,양천향교,10477,10587,21064,-110,4,27,수
2022-04-27,9호선,가양,21900,21389,43289,511,4,27,수
2022-04-27,9호선,증미,7662,7338,15000,324,4,27,수
2022-04-27,9호선,등촌,11922,11236,23158,686,4,27,수
2022-04-27,9호선,염창,18398,17881,36279,517,4,27,수
2022-04-27,9호선,신목동,4529,3889,8418,640,4,27,수
2022-04-27,9호선,선유도,9476,8934,18410,542,4,27,수
2022-04-27,9호선,당산,19827,19634,39461,193,4,27,수
2022-04-27,9호선,국회의사당,18048,18369,36417,-321,4,27,수
2022-04-27,9호선,여의도,29456,28899,58355,557,4,27,수
2022-04-27,9호선,샛강,6332,6640,12972,-308,4,27,수
2022-04-27,9호선,노량진,27613,26730,54343,883,4,27,수
2022-04-27,9호선,노들,4853,4045,8898,808,4,27,수
2022-04-27,9호선,흑석(중앙대입구),9916,9959,19875,-43,4,27,수
2022-04-27,9호선,동작(현충원),2127,1735,3862,392,4,27,수
2022-04-27,9호선,구반포,1443,1488,2931,-45,4,27,수
2022-04-27,9호선,신반포,3915,3895,7810,20,4,27,수
2022-04-27,9호선,고속터미널,12904,15895,28799,-2991,4,27,수
2022-04-27,9호선,사평,3863,3767,7630,96,4,27,수
2022-04-27,9호선,신논현,32503,32201,64704,302,4,27,수
2022-04-27,9호선2~3단계,언주,10791,11147,21938,-356,4,27,수
2022-04-27,9호선2~3단계,선정릉,10471,11563,22034,-1092,4,27,수
2022-04-27,9호선2~3단계,삼성중앙,7254,7593,14847,-339,4,27,수
2022-04-27,9호선2~3단계,봉은사,17090,18048,35138,-958,4,27,수
2022-04-27,9호선2~3단계,종합운동장,4316,4435,8751,-119,4,27,수
2022-04-27,9호선2~3단계,삼전,7109,6729,13838,380,4,27,수
2022-04-27,9호선2~3단계,석촌고분,6260,6058,12318,202,4,27,수
2022-04-27,9호선2~3단계,석촌,9028,7964,16992,1064,4,27,수
2022-04-27,9호선2~3단계,송파나루,5205,5500,10705,-295,4,27,수
2022-04-27,9호선2~3단계,한성백제,2771,2456,5227,315,4,27,수
2022-04-27,9호선2~3단계,올림픽공원(한국체대),6408,6488,12896,-80,4,27,수
2022-04-27,9호선2~3단계,둔촌오륜,1260,1094,2354,166,4,27,수
2022-04-27,9호선2~3단계,중앙보훈병원,11563,10258,21821,1305,4,27,수
2022-04-27,경강선,판교,4985,4958,9943,27,4,27,수
2022-04-27,경강선,이매,1197,1036,2233,161,4,27,수
2022-04-27,경강선,삼동,2589,2323,4912,266,4,27,수
2022-04-27,경강선,경기광주,8220,7674,15894,546,4,27,수
2022-04-27,경강선,초월,3427,3266,6693,161,4,27,수
2022-04-27,경강선,곤지암,2569,2474,5043,95,4,27,수
2022-04-27,경강선,신둔도예촌,1539,1447,2986,92,4,27,수
2022-04-27,경강선,이천,2546,2768,5314,-222,4,27,수
2022-04-27,경강선,부발,2149,2100,4249,49,4,27,수
2022-04-27,경강선,세종대왕릉,335,360,695,-25,4,27,수
2022-04-27,경강선,여주,2783,2682,5465,101,4,27,수
2022-04-27,경부선,서울역,5603,1890,7493,3713,4,27,수
2022-04-27,경부선,남영,10261,10867,21128,-606,4,27,수
2022-04-27,경부선,용산,32397,32845,65242,-448,4,27,수
2022-04-27,경부선,노량진,8778,9007,17785,-229,4,27,수
2022-04-27,경부선,대방,13986,14130,28116,-144,4,27,수
2022-04-27,경부선,영등포,37942,39421,77363,-1479,4,27,수
2022-04-27,경부선,신도림,4359,4459,8818,-100,4,27,수
2022-04-27,경부선,신길,9821,7321,17142,2500,4,27,수
2022-04-27,경부선,구로,19790,20381,40171,-591,4,27,수
2022-04-27,경부선,가산디지털단지,19594,22545,42139,-2951,4,27,수
2022-04-27,경부선,금천구청,12723,12647,25370,76,4,27,수
2022-04-27,경부선,석수,10619,9363,19982,1256,4,27,수
2022-04-27,경부선,관악,8111,7401,15512,710,4,27,수
2022-04-27,경부선,안양,29028,28343,57371,685,4,27,수
2022-04-27,경부선,명학,11339,11048,22387,291,4,27,수
2022-04-27,경부선,금정,28980,29047,58027,-67,4,27,수
2022-04-27,경부선,군포,8328,8220,16548,108,4,27,수
2022-04-27,경부선,의왕,10265,10279,20544,-14,4,27,수
2022-04-27,경부선,성균관대,16670,16410,33080,260,4,27,수
2022-04-27,경부선,화서,9143,8665,17808,478,4,27,수
2022-04-27,경부선,수원,37455,40328,77783,-2873,4,27,수
2022-04-27,경부선,독산,19864,20506,40370,-642,4,27,수
2022-04-27,경부선,세류,3304,2933,6237,371,4,27,수
2022-04-27,경부선,병점,17533,17586,35119,-53,4,27,수
2022-04-27,경부선,세마,3256,3058,6314,198,4,27,수
2022-04-27,경부선,오산대,4743,4358,9101,385,4,27,수
2022-04-27,경부선,오산,10906,10608,21514,298,4,27,수
2022-04-27,경부선,진위,1912,1660,3572,252,4,27,수
2022-04-27,경부선,송탄,4596,4386,8982,210,4,27,수
2022-04-27,경부선,서정리,8245,7781,16026,464,4,27,수
2022-04-27,경부선,평택지제,3668,3594,7262,74,4,27,수
2022-04-27,경부선,평택,13534,13743,27277,-209,4,27,수
2022-04-27,경부선,성환,7338,7000,14338,338,4,27,수
2022-04-27,경부선,직산,910,937,1847,-27,4,27,수
2022-04-27,경부선,두정,8344,8935,17279,-591,4,27,수
2022-04-27,경부선,천안,7210,6748,13958,462,4,27,수
2022-04-27,경부선,당정,7703,7226,14929,477,4,27,수
2022-04-27,경부선,서동탄,1503,1385,2888,118,4,27,수
2022-04-27,경부선,광명,3413,2878,6291,535,4,27,수
2022-04-27,경원선,이촌(국립중앙박물관),4036,3099,7135,937,4,27,수
2022-04-27,경원선,서빙고,2211,2001,4212,210,4,27,수
2022-04-27,경원선,한남,4294,4028,8322,266,4,27,수
2022-04-27,경원선,옥수,58,37,95,21,4,27,수
2022-04-27,경원선,응봉,2070,1762,3832,308,4,27,수
2022-04-27,경원선,왕십리(성동구청),15122,16327,31449,-1205,4,27,수
2022-04-27,경원선,청량리(서울시립대입구),15182,16163,31345,-981,4,27,수
2022-04-27,경원선,외대앞,8888,8874,17762,14,4,27,수
2022-04-27,경원선,신이문,9013,8237,17250,776,4,27,수
2022-04-27,경원선,석계,8942,9898,18840,-956,4,27,수
2022-04-27,경원선,광운대,9815,9570,19385,245,4,27,수
2022-04-27,경원선,월계,8887,8229,17116,658,4,27,수
2022-04-27,경원선,녹천,5067,4239,9306,828,4,27,수
2022-04-27,경원선,방학,10347,10187,20534,160,4,27,수
2022-04-27,경원선,도봉,6533,6151,12684,382,4,27,수
2022-04-27,경원선,도봉산,8584,5862,14446,2722,4,27,수
2022-04-27,경원선,망월사,10562,10739,21301,-177,4,27,수
2022-04-27,경원선,회룡,13747,13550,27297,197,4,27,수
2022-04-27,경원선,의정부,19793,20385,40178,-592,4,27,수
2022-04-27,경원선,가능,7414,7227,14641,187,4,27,수
2022-04-27,경원선,녹양,5025,4672,9697,353,4,27,수
2022-04-27,경원선,양주,8686,8155,16841,531,4,27,수
2022-04-27,경원선,덕계,3668,3242,6910,426,4,27,수
2022-04-27,경원선,덕정,7125,6740,13865,385,4,27,수
2022-04-27,경원선,지행,7336,7426,14762,-90,4,27,수
2022-04-27,경원선,동두천중앙,3442,3321,6763,121,4,27,수
2022-04-27,경원선,보산,1655,1516,3171,139,4,27,수
2022-04-27,경원선,동두천,2933,3252,6185,-319,4,27,수
2022-04-27,경원선,소요산,3098,2602,5700,496,4,27,수
2022-04-27,경의선,서울역,4759,6189,10948,-1430,4,27,수
2022-04-27,경의선,신촌,989,1222,2211,-233,4,27,수
2022-04-27,경의선,효창공원앞,3315,3687,7002,-372,4,27,수
2022-04-27,경의선,공덕,3833,3424,7257,409,4,27,수
2022-04-27,경의선,서강대,2300,2237,4537,63,4,27,수
2022-04-27,경의선,홍대입구,1810,2090,3900,-280,4,27,수
2022-04-27,경의선,가좌,6109,5757,11866,352,4,27,수
2022-04-27,경의선,디지털미디어시티,2835,2537,5372,298,4,27,수
2022-04-27,경의선,수색,3068,3281,6349,-213,4,27,수
2022-04-27,경의선,화전,3812,3574,7386,238,4,27,수
2022-04-27,경의선,강매,3625,3106,6731,519,4,27,수
2022-04-27,경의선,행신,8461,8492,16953,-31,4,27,수
2022-04-27,경의선,능곡,4291,3929,8220,362,4,27,수
2022-04-27,경의선,곡산,690,750,1440,-60,4,27,수
2022-04-27,경의선,백마,7624,7366,14990,258,4,27,수
2022-04-27,경의선,풍산,5853,5418,11271,435,4,27,수
2022-04-27,경의선,일산,10426,10424,20850,2,4,27,수
2022-04-27,경의선,탄현,8581,8037,16618,544,4,27,수
2022-04-27,경의선,야당,8309,8492,16801,-183,4,27,수
2022-04-27,경의선,운정,7598,7151,14749,447,4,27,수
2022-04-27,경의선,금릉,5410,5212,10622,198,4,27,수
2022-04-27,경의선,금촌,6865,6754,13619,111,4,27,수
2022-04-27,경의선,월롱,3455,3088,6543,367,4,27,수
2022-04-27,경의선,파주,1708,1247,2955,461,4,27,수
2022-04-27,경의선,문산,5598,5498,11096,100,4,27,수
2022-04-27,경의선,임진강,16,13,29,3,4,27,수
2022-04-27,경인선,개봉,23007,22463,45470,544,4,27,수
2022-04-27,경인선,오류동,12765,11759,24524,1006,4,27,수
2022-04-27,경인선,역곡,30581,30013,60594,568,4,27,수
2022-04-27,경인선,부천,35039,34935,69974,104,4,27,수
2022-04-27,경인선,송내,29391,29416,58807,-25,4,27,수
2022-04-27,경인선,부평,29880,32025,61905,-2145,4,27,수
2022-04-27,경인선,백운,7454,7256,14710,198,4,27,수
2022-04-27,경인선,동암,15606,15619,31225,-13,4,27,수
2022-04-27,경인선,주안,21305,19457,40762,1848,4,27,수
2022-04-27,경인선,제물포,12559,11649,24208,910,4,27,수
2022-04-27,경인선,동인천,15190,14557,29747,633,4,27,수
2022-04-27,경인선,인천,4041,3031,7072,1010,4,27,수
2022-04-27,경인선,구일,8215,8094,16309,121,4,27,수
2022-04-27,경인선,소사,9726,9286,19012,440,4,27,수
2022-04-27,경인선,부개,9220,8572,17792,648,4,27,수
2022-04-27,경인선,간석,6455,5694,12149,761,4,27,수
2022-04-27,경인선,도원,3921,3954,7875,-33,4,27,수
2022-04-27,경인선,온수(성공회대입구),8045,7609,15654,436,4,27,수
2022-04-27,경인선,중동,10228,9547,19775,681,4,27,수
2022-04-27,경인선,도화,4531,4106,8637,425,4,27,수
2022-04-27,경춘선,신내,2496,2400,4896,96,4,27,수
2022-04-27,경춘선,갈매,3425,2931,6356,494,4,27,수
2022-04-27,경춘선,별내,3470,3183,6653,287,4,27,수
2022-04-27,경춘선,퇴계원,3955,3637,7592,318,4,27,수
2022-04-27,경춘선,사릉,2871,2829,5700,42,4,27,수
2022-04-27,경춘선,금곡,1729,1679,3408,50,4,27,수
2022-04-27,경춘선,평내호평,7033,6830,13863,203,4,27,수
2022-04-27,경춘선,천마산,1923,1823,3746,100,4,27,수
2022-04-27,경춘선,마석,4422,4375,8797,47,4,27,수
2022-04-27,경춘선,대성리,640,572,1212,68,4,27,수
2022-04-27,경춘선,청평,1863,1854,3717,9,4,27,수
2022-04-27,경춘선,상천,430,421,851,9,4,27,수
2022-04-27,경춘선,가평,1843,1871,3714,-28,4,27,수
2022-04-27,경춘선,굴봉산,245,252,497,-7,4,27,수
2022-04-27,경춘선,백양리,175,174,349,1,4,27,수
2022-04-27,경춘선,강촌,752,721,1473,31,4,27,수
2022-04-27,경춘선,김유정,420,462,882,-42,4,27,수
2022-04-27,경춘선,남춘천,3518,3448,6966,70,4,27,수
2022-04-27,경춘선,춘천,1728,1500,3228,228,4,27,수
2022-04-27,공항철도 1호선,서울역,7901,7244,15145,657,4,27,수
2022-04-27,공항철도 1호선,공덕,2426,3223,5649,-797,4,27,수
2022-04-27,공항철도 1호선,홍대입구,9870,9868,19738,2,4,27,수
2022-04-27,공항철도 1호선,디지털미디어시티,15071,14225,29296,846,4,27,수
2022-04-27,공항철도 1호선,마곡나루(서울식물원),10248,9939,20187,309,4,27,수
2022-04-27,공항철도 1호선,김포공항,11518,6860,18378,4658,4,27,수
2022-04-27,공항철도 1호선,계양,11318,10597,21915,721,4,27,수
2022-04-27,공항철도 1호선,검암,7034,7056,14090,-22,4,27,수
2022-04-27,공항철도 1호선,청라국제도시,7569,7076,14645,493,4,27,수
2022-04-27,공항철도 1호선,운서,7304,7276,14580,28,4,27,수
2022-04-27,공항철도 1호선,공항화물청사,2353,2538,4891,-185,4,27,수
2022-04-27,공항철도 1호선,인천공항1터미널,5242,5206,10448,36,4,27,수
2022-04-27,공항철도 1호선,인천공항2터미널,2730,2454,5184,276,4,27,수
2022-04-27,공항철도 1호선,영종,3363,3445,6808,-82,4,27,수
2022-04-27,과천선,선바위,9121,8122,17243,999,4,27,수
2022-04-27,과천선,경마공원,1763,1782,3545,-19,4,27,수
2022-04-27,과천선,대공원,4025,4265,8290,-240,4,27,수
2022-04-27,과천선,과천,6949,6344,13293,605,4,27,수
2022-04-27,과천선,정부과천청사,11456,11122,22578,334,4,27,수
2022-04-27,과천선,인덕원,26381,27148,53529,-767,4,27,수
2022-04-27,과천선,평촌,19143,18535,37678,608,4,27,수
2022-04-27,과천선,범계,28086,28500,56586,-414,4,27,수
2022-04-27,분당선,선릉,14094,21892,35986,-7798,4,27,수
2022-04-27,분당선,한티,14723,15622,30345,-899,4,27,수
2022-04-27,분당선,도곡,7285,7176,14461,109,4,27,수
2022-04-27,분당선,구룡,2538,2438,4976,100,4,27,수
2022-04-27,분당선,개포동,4335,4407,8742,-72,4,27,수
2022-04-27,분당선,대모산입구,4808,4424,9232,384,4,27,수
2022-04-27,분당선,수서,14015,14468,28483,-453,4,27,수
2022-04-27,분당선,복정,1,0,1,1,4,27,수
2022-04-27,분당선,수원,8740,7260,16000,1480,4,27,수
2022-04-27,분당선,서울숲,12736,13183,25919,-447,4,27,수
2022-04-27,분당선,압구정로데오,19318,21702,41020,-2384,4,27,수
2022-04-27,분당선,강남구청,10779,12473,23252,-1694,4,27,수
2022-04-27,분당선,선정릉,8631,9238,17869,-607,4,27,수
2022-04-27,분당선,가천대,13155,13939,27094,-784,4,27,수
2022-04-27,분당선,태평,13994,13368,27362,626,4,27,수
2022-04-27,분당선,모란,21075,21511,42586,-436,4,27,수
2022-04-27,분당선,야탑,27882,29203,57085,-1321,4,27,수
2022-04-27,분당선,서현,25185,25779,50964,-594,4,27,수
2022-04-27,분당선,수내,13958,13929,27887,29,4,27,수
2022-04-27,분당선,정자,18470,19808,38278,-1338,4,27,수
2022-04-27,분당선,미금,16603,17807,34410,-1204,4,27,수
2022-04-27,분당선,오리,12604,10254,22858,2350,4,27,수
2022-04-27,분당선,이매,6162,5763,11925,399,4,27,수
2022-04-27,분당선,보정,2752,2409,5161,343,4,27,수
2022-04-27,분당선,죽전,15067,16523,31590,-1456,4,27,수
2022-04-27,분당선,구성,5453,5735,11188,-282,4,27,수
2022-04-27,분당선,신갈,4714,4681,9395,33,4,27,수
2022-04-27,분당선,기흥,11037,10122,21159,915,4,27,수
2022-04-27,분당선,상갈,5863,5790,11653,73,4,27,수
2022-04-27,분당선,청명,4591,4492,9083,99,4,27,수
2022-04-27,분당선,영통,8543,8545,17088,-2,4,27,수
2022-04-27,분당선,망포,15245,14588,29833,657,4,27,수
2022-04-27,분당선,매탄권선,5492,5361,10853,131,4,27,수
2022-04-27,분당선,수원시청,13238,14166,27404,-928,4,27,수
2022-04-27,분당선,매교,3099,3055,6154,44,4,27,수
2022-04-27,수인선,고색,5198,4966,10164,232,4,27,수
2022-04-27,수인선,오목천,4294,3883,8177,411,4,27,수
2022-04-27,수인선,어천,814,853,1667,-39,4,27,수
2022-04-27,수인선,야목,459,357,816,102,4,27,수
2022-04-27,수인선,사리,5367,4658,10025,709,4,27,수
2022-04-27,수인선,달월,120,74,194,46,4,27,수
2022-04-27,수인선,월곶,3187,2988,6175,199,4,27,수
2022-04-27,수인선,소래포구,6388,6039,12427,349,4,27,수
2022-04-27,수인선,인천논현,5987,6408,12395,-421,4,27,수
2022-04-27,수인선,호구포,4289,4505,8794,-216,4,27,수
2022-04-27,수인선,남동인더스파크,2405,2622,5027,-217,4,27,수
2022-04-27,수인선,원인재,4774,4988,9762,-214,4,27,수
2022-04-27,수인선,연수,4988,4993,9981,-5,4,27,수
2022-04-27,수인선,송도,2759,2545,5304,214,4,27,수
2022-04-27,수인선,인하대,8015,7603,15618,412,4,27,수
2022-04-27,수인선,숭의,4402,4115,8517,287,4,27,수
2022-04-27,수인선,신포,2150,2141,4291,9,4,27,수
2022-04-27,수인선,인천,1156,2066,3222,-910,4,27,수
2022-04-27,안산선,산본,17582,18730,36312,-1148,4,27,수
2022-04-27,안산선,대야미,5704,5022,10726,682,4,27,수
2022-04-27,안산선,반월,4711,4518,9229,193,4,27,수
2022-04-27,안산선,상록수,17529,17749,35278,-220,4,27,수
2022-04-27,안산선,한대앞,10902,10912,21814,-10,4,27,수
2022-04-27,안산선,중앙,19470,20537,40007,-1067,4,27,수
2022-04-27,안산선,고잔,9740,9200,18940,540,4,27,수
2022-04-27,안산선,초지,5568,5932,11500,-364,4,27,수
2022-04-27,안산선,안산,11932,10894,22826,1038,4,27,수
2022-04-27,안산선,신길온천,1939,1773,3712,166,4,27,수
2022-04-27,안산선,정왕,10703,11009,21712,-306,4,27,수
2022-04-27,안산선,오이도,9418,9254,18672,164,4,27,수
2022-04-27,안산선,수리산,6107,5616,11723,491,4,27,수
2022-04-27,우이신설선,북한산우이,3064,2735,5799,329,4,27,수
2022-04-27,우이신설선,솔밭공원,2649,2502,5151,147,4,27,수
2022-04-27,우이신설선,4.19민주묘지,4117,3979,8096,138,4,27,수
2022-04-27,우이신설선,가오리,4486,4387,8873,99,4,27,수
2022-04-27,우이신설선,화계,3648,3290,6938,358,4,27,수
2022-04-27,우이신설선,삼양,2145,2296,4441,-151,4,27,수
2022-04-27,우이신설선,삼양사거리,2612,2608,5220,4,4,27,수
2022-04-27,우이신설선,솔샘,6327,5878,12205,449,4,27,수
2022-04-27,우이신설선,북한산보국문,6454,6030,12484,424,4,27,수
2022-04-27,우이신설선,정릉,5071,4558,9629,513,4,27,수
2022-04-27,우이신설선,성신여대입구(돈암),3504,3868,7372,-364,4,27,수
2022-04-27,우이신설선,보문,1635,1624,3259,11,4,27,수
2022-04-27,우이신설선,신설동,2304,2223,4527,81,4,27,수
2022-04-27,일산선,원흥,11693,11232,22925,461,4,27,수
2022-04-27,일산선,지축,1,0,1,1,4,27,수
2022-04-27,일산선,삼송,21378,20479,41857,899,4,27,수
2022-04-27,일산선,원당,12041,11175,23216,866,4,27,수
2022-04-27,일산선,화정,18205,18543,36748,-338,4,27,수
2022-04-27,일산선,대곡,2305,1911,4216,394,4,27,수
2022-04-27,일산선,백석,10041,9891,19932,150,4,27,수
2022-04-27,일산선,마두,8271,8314,16585,-43,4,27,수
2022-04-27,일산선,정발산,8249,8356,16605,-107,4,27,수
2022-04-27,일산선,주엽,9584,9721,19305,-137,4,27,수
2022-04-27,일산선,대화,13421,10480,23901,2941,4,27,수
2022-04-27,장항선,봉명,1391,1321,2712,70,4,27,수
2022-04-27,장항선,쌍용(나사렛대),3270,3019,6289,251,4,27,수
2022-04-27,장항선,아산,3973,3496,7469,477,4,27,수
2022-04-27,장항선,탕정,887,772,1659,115,4,27,수
2022-04-27,장항선,배방,1265,1226,2491,39,4,27,수
2022-04-27,장항선,온양온천,3818,3981,7799,-163,4,27,수
2022-04-27,장항선,신창(순천향대),3088,3004,6092,84,4,27,수
2022-04-27,중앙선,회기,27527,26326,53853,1201,4,27,수
2022-04-27,중앙선,중랑,6016,5657,11673,359,4,27,수
2022-04-27,중앙선,상봉(시외버스터미널),6146,6017,12163,129,4,27,수
2022-04-27,중앙선,망우,8200,8040,16240,160,4,27,수
2022-04-27,중앙선,양원,3352,3133,6485,219,4,27,수
2022-04-27,중앙선,구리,14422,14502,28924,-80,4,27,수
2022-04-27,중앙선,도농,11651,10488,22139,1163,4,27,수
2022-04-27,중앙선,양정,815,721,1536,94,4,27,수
2022-04-27,중앙선,덕소,5945,6133,12078,-188,4,27,수
2022-04-27,중앙선,도심,2773,2090,4863,683,4,27,수
2022-04-27,중앙선,팔당,1016,1041,2057,-25,4,27,수
2022-04-27,중앙선,운길산,1011,942,1953,69,4,27,수
2022-04-27,중앙선,양수,2186,2199,4385,-13,4,27,수
2022-04-27,중앙선,신원,285,229,514,56,4,27,수
2022-04-27,중앙선,국수,913,881,1794,32,4,27,수
2022-04-27,중앙선,아신,601,592,1193,9,4,27,수
2022-04-27,중앙선,오빈,374,385,759,-11,4,27,수
2022-04-28,9호선,구반포,1344,1478,2822,-134,4,28,목
2022-04-28,9호선,염창,18353,17608,35961,745,4,28,목
2022-04-28,분당선,복정,1,0,1,1,4,28,목
2022-04-28,1호선,서울역,46191,44495,90686,1696,4,28,목
2022-04-28,1호선,시청,24057,24502,48559,-445,4,28,목
2022-04-28,1호선,종각,36749,36231,72980,518,4,28,목
2022-04-28,1호선,종로3가,26841,24207,51048,2634,4,28,목
2022-04-28,1호선,종로5가,24233,24246,48479,-13,4,28,목
2022-04-28,1호선,동대문,11548,10870,22418,678,4,28,목
2022-04-28,1호선,신설동,14533,14189,28722,344,4,28,목
2022-04-28,1호선,제기동,17976,18384,36360,-408,4,28,목
2022-04-28,1호선,청량리(서울시립대입구),21378,20922,42300,456,4,28,목
2022-04-28,1호선,동묘앞,8411,8911,17322,-500,4,28,목
2022-04-28,2호선,시청,24660,24484,49144,176,4,28,목
2022-04-28,2호선,을지로입구,40765,42893,83658,-2128,4,28,목
2022-04-28,2호선,을지로3가,24252,24526,48778,-274,4,28,목
2022-04-28,2호선,을지로4가,13589,13877,27466,-288,4,28,목
2022-04-28,2호선,동대문역사문화공원(DDP),12209,13843,26052,-1634,4,28,목
2022-04-28,2호선,신당,14877,15264,30141,-387,4,28,목
2022-04-28,2호선,상왕십리,15240,14626,29866,614,4,28,목
2022-04-28,2호선,왕십리(성동구청),18220,14366,32586,3854,4,28,목
2022-04-28,2호선,한양대,14866,16588,31454,-1722,4,28,목
2022-04-28,2호선,뚝섬,23984,25780,49764,-1796,4,28,목
2022-04-28,2호선,성수,39702,44487,84189,-4785,4,28,목
2022-04-28,2호선,건대입구,38524,41184,79708,-2660,4,28,목
2022-04-28,2호선,구의(광진구청),24917,24282,49199,635,4,28,목
2022-04-28,2호선,강변(동서울터미널),31867,29237,61104,2630,4,28,목
2022-04-28,2호선,잠실나루,15540,15102,30642,438,4,28,목
2022-04-28,2호선,잠실(송파구청),73908,73750,147658,158,4,28,목
2022-04-28,2호선,잠실새내,22343,22137,44480,206,4,28,목
2022-04-28,2호선,종합운동장,9984,11024,21008,-1040,4,28,목
2022-04-28,2호선,삼성(무역센터),53481,55181,108662,-1700,4,28,목
2022-04-28,2호선,선릉,59741,53553,113294,6188,4,28,목
2022-04-28,2호선,역삼,53646,61967,115613,-8321,4,28,목
2022-04-28,2호선,강남,86507,86984,173491,-477,4,28,목
2022-04-28,2호선,교대(법원.검찰청),36441,41069,77510,-4628,4,28,목
2022-04-28,2호선,서초,22637,22157,44794,480,4,28,목
2022-04-28,2호선,방배,20346,21209,41555,-863,4,28,목
2022-04-28,2호선,사당,40336,44412,84748,-4076,4,28,목
2022-04-28,2호선,낙성대(강감찬),28365,27592,55957,773,4,28,목
2022-04-28,5호선,김포공항,7604,7317,14921,287,4,28,목
2022-04-28,2호선,서울대입구(관악구청),50325,49186,99511,1139,4,28,목
2022-04-28,2호선,봉천,25054,22845,47899,2209,4,28,목
2022-04-28,2호선,신림,65915,63203,129118,2712,4,28,목
2022-04-28,2호선,신대방,28167,27287,55454,880,4,28,목
2022-04-28,2호선,구로디지털단지,61709,61722,123431,-13,4,28,목
2022-04-28,2호선,대림(구로구청),24789,25018,49807,-229,4,28,목
2022-04-28,2호선,신도림,50180,50007,100187,173,4,28,목
2022-04-28,2호선,문래,23399,23971,47370,-572,4,28,목
2022-04-28,2호선,영등포구청,23381,24260,47641,-879,4,28,목
2022-04-28,2호선,당산,20455,23427,43882,-2972,4,28,목
2022-04-28,2호선,합정,31853,34159,66012,-2306,4,28,목
2022-04-28,2호선,홍대입구,57427,61400,118827,-3973,4,28,목
2022-04-28,2호선,신촌,34320,35003,69323,-683,4,28,목
2022-04-28,2호선,이대,14729,15363,30092,-634,4,28,목
2022-04-28,2호선,아현,11333,10637,21970,696,4,28,목
2022-04-28,2호선,충정로(경기대입구),10421,11257,21678,-836,4,28,목
2022-04-28,2호선,용답,3344,3403,6747,-59,4,28,목
2022-04-28,2호선,신답,1738,1917,3655,-179,4,28,목
2022-04-28,2호선,신설동,3354,3319,6673,35,4,28,목
2022-04-28,2호선,도림천,1403,1490,2893,-87,4,28,목
2022-04-28,2호선,양천구청,7281,7501,14782,-220,4,28,목
2022-04-28,2호선,신정네거리,11038,11200,22238,-162,4,28,목
2022-04-28,2호선,용두(동대문구청),2470,2488,4958,-18,4,28,목
2022-04-28,3호선,지축,5492,5062,10554,430,4,28,목
2022-04-28,3호선,구파발,21889,21104,42993,785,4,28,목
2022-04-28,3호선,연신내,38120,36009,74129,2111,4,28,목
2022-04-28,3호선,불광,16994,17999,34993,-1005,4,28,목
2022-04-28,3호선,녹번,16713,14978,31691,1735,4,28,목
2022-04-28,3호선,홍제,18910,17974,36884,936,4,28,목
2022-04-28,3호선,무악재,4185,4223,8408,-38,4,28,목
2022-04-28,3호선,독립문,7256,7657,14913,-401,4,28,목
2022-04-28,3호선,경복궁(정부서울청사),23773,23626,47399,147,4,28,목
2022-04-28,3호선,안국,23192,24179,47371,-987,4,28,목
2022-04-28,3호선,종로3가,10260,12030,22290,-1770,4,28,목
2022-04-28,3호선,을지로3가,11058,11633,22691,-575,4,28,목
2022-04-28,3호선,충무로,1,0,1,1,4,28,목
2022-04-28,3호선,동대입구,9700,10670,20370,-970,4,28,목
2022-04-28,3호선,약수,13685,13313,26998,372,4,28,목
2022-04-28,3호선,금호,8293,7726,16019,567,4,28,목
2022-04-28,3호선,옥수,9589,9736,19325,-147,4,28,목
2022-04-28,3호선,압구정,32496,34949,67445,-2453,4,28,목
2022-04-28,3호선,신사,31659,33532,65191,-1873,4,28,목
2022-04-28,3호선,잠원,5224,5144,10368,80,4,28,목
2022-04-28,3호선,고속터미널,42286,40000,82286,2286,4,28,목
2022-04-28,3호선,교대(법원.검찰청),15965,10442,26407,5523,4,28,목
2022-04-28,3호선,남부터미널(예술의전당),30691,31095,61786,-404,4,28,목
2022-04-28,3호선,양재(서초구청),41081,45320,86401,-4239,4,28,목
2022-04-28,3호선,매봉,13262,12914,26176,348,4,28,목
2022-04-28,3호선,도곡,5786,5838,11624,-52,4,28,목
2022-04-28,3호선,대치,11123,11080,22203,43,4,28,목
2022-04-28,3호선,학여울,3529,3663,7192,-134,4,28,목
2022-04-28,3호선,대청,10765,9837,20602,928,4,28,목
2022-04-28,3호선,일원,11222,10742,21964,480,4,28,목
2022-04-28,3호선,수서,17900,18176,36076,-276,4,28,목
2022-04-28,3호선,가락시장,9453,9360,18813,93,4,28,목
2022-04-28,3호선,경찰병원,7681,7711,15392,-30,4,28,목
2022-04-28,3호선,오금,6630,6090,12720,540,4,28,목
2022-04-28,4호선,당고개,9731,8627,18358,1104,4,28,목
2022-04-28,4호선,상계,21289,19643,40932,1646,4,28,목
2022-04-28,4호선,노원,20223,22738,42961,-2515,4,28,목
2022-04-28,4호선,창동,26804,28206,55010,-1402,4,28,목
2022-04-28,4호선,쌍문,30715,28180,58895,2535,4,28,목
2022-04-28,4호선,수유(강북구청),35386,35197,70583,189,4,28,목
2022-04-28,4호선,미아(서울사이버대학),15957,15330,31287,627,4,28,목
2022-04-28,4호선,미아사거리,28463,27619,56082,844,4,28,목
2022-04-28,4호선,길음,23129,22738,45867,391,4,28,목
2022-04-28,4호선,성신여대입구(돈암),21338,20114,41452,1224,4,28,목
2022-04-28,4호선,한성대입구(삼선교),15390,15317,30707,73,4,28,목
2022-04-28,4호선,혜화,35538,35899,71437,-361,4,28,목
2022-04-28,4호선,동대문,20691,21292,41983,-601,4,28,목
2022-04-28,4호선,동대문역사문화공원(DDP),14497,13553,28050,944,4,28,목
2022-04-28,4호선,충무로,30709,31548,62257,-839,4,28,목
2022-04-28,4호선,명동,20415,21356,41771,-941,4,28,목
2022-04-28,4호선,회현(남대문시장),26743,28541,55284,-1798,4,28,목
2022-04-28,4호선,서울역,12038,17891,29929,-5853,4,28,목
2022-04-28,4호선,숙대입구(갈월),15344,14875,30219,469,4,28,목
2022-04-28,4호선,삼각지,5367,5985,11352,-618,4,28,목
2022-04-28,4호선,신용산,17328,18152,35480,-824,4,28,목
2022-04-28,4호선,이촌(국립중앙박물관),8936,9879,18815,-943,4,28,목
2022-04-28,4호선,동작(현충원),1623,1835,3458,-212,4,28,목
2022-04-28,4호선,총신대입구(이수),20117,21639,41756,-1522,4,28,목
2022-04-28,4호선,사당,27575,23168,50743,4407,4,28,목
2022-04-28,4호선,남태령,1370,1138,2508,232,4,28,목
2022-04-28,5호선,방화,7170,6780,13950,390,4,28,목
2022-04-28,5호선,개화산,6040,5712,11752,328,4,28,목
2022-04-28,5호선,송정,6826,6356,13182,470,4,28,목
2022-04-28,5호선,마곡,11151,11351,22502,-200,4,28,목
2022-04-28,5호선,발산,21443,22234,43677,-791,4,28,목
2022-04-28,5호선,우장산,15518,15230,30748,288,4,28,목
2022-04-28,5호선,화곡,29838,27571,57409,2267,4,28,목
2022-04-28,5호선,까치산,30124,28468,58592,1656,4,28,목
2022-04-28,5호선,신정(은행정),14701,11751,26452,2950,4,28,목
2022-04-28,5호선,목동,17805,18870,36675,-1065,4,28,목
2022-04-28,5호선,오목교(목동운동장앞),22175,23868,46043,-1693,4,28,목
2022-04-28,5호선,양평,7785,7706,15491,79,4,28,목
2022-04-28,5호선,영등포구청,4260,4457,8717,-197,4,28,목
2022-04-28,5호선,영등포시장,10487,10679,21166,-192,4,28,목
2022-04-28,5호선,신길,4432,4512,8944,-80,4,28,목
2022-04-28,5호선,여의도,30537,32411,62948,-1874,4,28,목
2022-04-28,5호선,여의나루,16774,18060,34834,-1286,4,28,목
2022-04-28,5호선,마포,15402,15758,31160,-356,4,28,목
2022-04-28,5호선,공덕,15193,16338,31531,-1145,4,28,목
2022-04-28,5호선,애오개,7331,7338,14669,-7,4,28,목
2022-04-28,5호선,충정로(경기대입구),5129,5344,10473,-215,4,28,목
2022-04-28,5호선,서대문,21211,21644,42855,-433,4,28,목
2022-04-28,5호선,광화문(세종문화회관),31908,34211,66119,-2303,4,28,목
2022-04-28,5호선,종로3가,13340,13259,26599,81,4,28,목
2022-04-28,5호선,을지로4가,6515,6648,13163,-133,4,28,목
2022-04-28,5호선,동대문역사문화공원(DDP),2916,3465,6381,-549,4,28,목
2022-04-28,5호선,청구,4218,3841,8059,377,4,28,목
2022-04-28,5호선,신금호,7047,7257,14304,-210,4,28,목
2022-04-28,5호선,행당,8604,7507,16111,1097,4,28,목
2022-04-28,5호선,왕십리(성동구청),4853,5494,10347,-641,4,28,목
2022-04-28,5호선,마장,6064,5764,11828,300,4,28,목
2022-04-28,5호선,답십리,16671,15311,31982,1360,4,28,목
2022-04-28,5호선,장한평,19731,19254,38985,477,4,28,목
2022-04-28,5호선,군자(능동),11778,13158,24936,-1380,4,28,목
2022-04-28,5호선,아차산(어린이대공원후문),15892,15014,30906,878,4,28,목
2022-04-28,5호선,광나루(장신대),14662,13287,27949,1375,4,28,목
2022-04-28,5호선,천호(풍납토성),18679,18891,37570,-212,4,28,목
2022-04-28,5호선,강동,19540,18785,38325,755,4,28,목
2022-04-28,5호선,길동,8190,8456,16646,-266,4,28,목
2022-04-28,5호선,굽은다리(강동구민회관앞),9993,9335,19328,658,4,28,목
2022-04-28,5호선,명일,9335,9487,18822,-152,4,28,목
2022-04-28,5호선,고덕,10429,10322,20751,107,4,28,목
2022-04-28,5호선,상일동,15826,14588,30414,1238,4,28,목
2022-04-28,5호선,둔촌동,8767,8686,17453,81,4,28,목
2022-04-28,5호선,올림픽공원(한국체대),4727,4058,8785,669,4,28,목
2022-04-28,5호선,방이,7552,7791,15343,-239,4,28,목
2022-04-28,5호선,오금,4031,4087,8118,-56,4,28,목
2022-04-28,5호선,개롱,6956,7049,14005,-93,4,28,목
2022-04-28,5호선,거여,11082,10552,21634,530,4,28,목
2022-04-28,5호선,마천,7796,7357,15153,439,4,28,목
2022-04-28,5호선,강일,4605,4263,8868,342,4,28,목
2022-04-28,5호선,미사,17005,16806,33811,199,4,28,목
2022-04-28,5호선,하남풍산,4533,4381,8914,152,4,28,목
2022-04-28,5호선,하남시청(덕풍·신장),7255,7035,14290,220,4,28,목
2022-04-28,5호선,하남검단산,6072,5801,11873,271,4,28,목
2022-04-28,6호선,응암,18932,18404,37336,528,4,28,목
2022-04-28,6호선,역촌,3824,4533,8357,-709,4,28,목
2022-04-28,6호선,불광,4410,4356,8766,54,4,28,목
2022-04-28,6호선,독바위,2808,2956,5764,-148,4,28,목
2022-04-28,6호선,구산,8033,5802,13835,2231,4,28,목
2022-04-28,6호선,새절(신사),14203,13089,27292,1114,4,28,목
2022-04-28,6호선,증산(명지대앞),10704,10594,21298,110,4,28,목
2022-04-28,6호선,디지털미디어시티,14865,16421,31286,-1556,4,28,목
2022-04-28,6호선,월드컵경기장(성산),4907,5191,10098,-284,4,28,목
2022-04-28,6호선,마포구청,14908,13249,28157,1659,4,28,목
2022-04-28,6호선,망원,14528,15561,30089,-1033,4,28,목
2022-04-28,6호선,합정,13738,13555,27293,183,4,28,목
2022-04-28,6호선,상수,9121,10514,19635,-1393,4,28,목
2022-04-28,6호선,광흥창(서강),9646,9271,18917,375,4,28,목
2022-04-28,6호선,대흥(서강대앞),9271,9569,18840,-298,4,28,목
2022-04-28,6호선,공덕,19525,19041,38566,484,4,28,목
2022-04-28,6호선,효창공원앞,7732,7200,14932,532,4,28,목
2022-04-28,6호선,삼각지,7026,6144,13170,882,4,28,목
2022-04-28,6호선,녹사평(용산구청),5270,5069,10339,201,4,28,목
2022-04-28,6호선,이태원,10941,11852,22793,-911,4,28,목
2022-04-28,6호선,한강진,8160,9703,17863,-1543,4,28,목
2022-04-28,6호선,버티고개,2266,2281,4547,-15,4,28,목
2022-04-28,6호선,약수,3695,3748,7443,-53,4,28,목
2022-04-28,6호선,청구,3815,4144,7959,-329,4,28,목
2022-04-28,6호선,신당,8804,9043,17847,-239,4,28,목
2022-04-28,6호선,동묘앞,8164,8414,16578,-250,4,28,목
2022-04-28,6호선,창신,3926,3233,7159,693,4,28,목
2022-04-28,6호선,보문,7831,7077,14908,754,4,28,목
2022-04-28,6호선,안암(고대병원앞),14108,13830,27938,278,4,28,목
2022-04-28,6호선,고려대(종암),9294,9077,18371,217,4,28,목
2022-04-28,6호선,월곡(동덕여대),13071,12619,25690,452,4,28,목
2022-04-28,6호선,상월곡(한국과학기술연구원),6893,6367,13260,526,4,28,목
2022-04-28,6호선,돌곶이,9948,9048,18996,900,4,28,목
2022-04-28,6호선,석계,13406,13781,27187,-375,4,28,목
2022-04-28,6호선,태릉입구,6009,6745,12754,-736,4,28,목
2022-04-28,6호선,화랑대(서울여대입구),13433,10421,23854,3012,4,28,목
2022-04-28,6호선,봉화산(서울의료원),9583,8998,18581,585,4,28,목
2022-04-28,6호선,신내,1,0,1,1,4,28,목
2022-04-28,7호선,장암,2399,921,3320,1478,4,28,목
2022-04-28,7호선,도봉산,10113,11775,21888,-1662,4,28,목
2022-04-28,7호선,수락산,13420,13007,26427,413,4,28,목
2022-04-28,7호선,마들,13571,12684,26255,887,4,28,목
2022-04-28,7호선,노원,19626,20852,40478,-1226,4,28,목
2022-04-28,7호선,중계,15843,14436,30279,1407,4,28,목
2022-04-28,7호선,하계,19199,18071,37270,1128,4,28,목
2022-04-28,7호선,공릉(서울과학기술대),13791,13392,27183,399,4,28,목
2022-04-28,7호선,태릉입구,9727,9214,18941,513,4,28,목
2022-04-28,7호선,먹골,10821,10317,21138,504,4,28,목
2022-04-28,7호선,중화,11526,11114,22640,412,4,28,목
2022-04-28,7호선,상봉(시외버스터미널),17832,16511,34343,1321,4,28,목
2022-04-28,7호선,면목,17157,16437,33594,720,4,28,목
2022-04-28,7호선,사가정,17152,17105,34257,47,4,28,목
2022-04-28,7호선,용마산(용마폭포공원),6470,6162,12632,308,4,28,목
2022-04-28,7호선,중곡,11647,10774,22421,873,4,28,목
2022-04-28,7호선,군자(능동),15940,12564,28504,3376,4,28,목
2022-04-28,7호선,어린이대공원(세종대),16749,16982,33731,-233,4,28,목
2022-04-28,7호선,건대입구,13584,14529,28113,-945,4,28,목
2022-04-28,7호선,뚝섬유원지,12744,12242,24986,502,4,28,목
2022-04-28,7호선,청담,20252,23031,43283,-2779,4,28,목
2022-04-28,7호선,강남구청,16981,18993,35974,-2012,4,28,목
2022-04-28,7호선,학동,24872,26901,51773,-2029,4,28,목
2022-04-28,7호선,논현,21407,23575,44982,-2168,4,28,목
2022-04-28,7호선,반포,6252,6114,12366,138,4,28,목
2022-04-28,7호선,고속터미널,16068,13591,29659,2477,4,28,목
2022-04-28,7호선,내방,15353,15739,31092,-386,4,28,목
2022-04-28,7호선,이수,16284,15898,32182,386,4,28,목
2022-04-28,7호선,남성,11917,10817,22734,1100,4,28,목
2022-04-28,7호선,숭실대입구(살피재),15720,15846,31566,-126,4,28,목
2022-04-28,7호선,상도,12104,11628,23732,476,4,28,목
2022-04-28,7호선,장승배기,9362,9020,18382,342,4,28,목
2022-04-28,7호선,신대방삼거리,17768,16784,34552,984,4,28,목
2022-04-28,7호선,보라매,10632,10705,21337,-73,4,28,목
2022-04-28,7호선,신풍,12431,11816,24247,615,4,28,목
2022-04-28,7호선,대림(구로구청),7651,7692,15343,-41,4,28,목
2022-04-28,7호선,남구로,15949,17284,33233,-1335,4,28,목
2022-04-28,7호선,가산디지털단지,46675,47429,94104,-754,4,28,목
2022-04-28,7호선,철산,22411,22589,45000,-178,4,28,목
2022-04-28,7호선,광명사거리,22754,22258,45012,496,4,28,목
2022-04-28,7호선,천왕,12206,11557,23763,649,4,28,목
2022-04-28,7호선,온수(성공회대입구),11664,11123,22787,541,4,28,목
2022-04-28,8호선,암사,19937,17346,37283,2591,4,28,목
2022-04-28,8호선,천호(풍납토성),15136,17411,32547,-2275,4,28,목
2022-04-28,8호선,강동구청,10848,11321,22169,-473,4,28,목
2022-04-28,8호선,몽촌토성(평화의문),6642,6718,13360,-76,4,28,목
2022-04-28,8호선,잠실(송파구청),14173,17223,31396,-3050,4,28,목
2022-04-28,8호선,석촌,8142,9260,17402,-1118,4,28,목
2022-04-28,8호선,송파,8717,8453,17170,264,4,28,목
2022-04-28,8호선,가락시장,8126,8994,17120,-868,4,28,목
2022-04-28,8호선,문정,22905,24363,47268,-1458,4,28,목
2022-04-28,8호선,장지,18247,17344,35591,903,4,28,목
2022-04-28,8호선,복정,10786,9008,19794,1778,4,28,목
2022-04-28,8호선,산성,5886,5940,11826,-54,4,28,목
2022-04-28,8호선,남한산성입구(성남법원.검찰청),16325,14976,31301,1349,4,28,목
2022-04-28,8호선,단대오거리,11909,11098,23007,811,4,28,목
2022-04-28,8호선,신흥,4377,4676,9053,-299,4,28,목
2022-04-28,8호선,수진,5659,5208,10867,451,4,28,목
2022-04-28,8호선,모란,4671,3733,8404,938,4,28,목
2022-04-28,8호선,남위례,5523,5677,11200,-154,4,28,목
2022-04-28,9호선,개화,2705,1880,4585,825,4,28,목
2022-04-28,9호선,김포공항,7492,12108,19600,-4616,4,28,목
2022-04-28,9호선,공항시장,3160,3387,6547,-227,4,28,목
2022-04-28,9호선,신방화,7133,6881,14014,252,4,28,목
2022-04-28,9호선,마곡나루(서울식물원),13086,12925,26011,161,4,28,목
2022-04-28,9호선,양천향교,10330,10627,20957,-297,4,28,목
2022-04-28,9호선,가양,22086,21161,43247,925,4,28,목
2022-04-28,9호선,증미,7689,7437,15126,252,4,28,목
2022-04-28,9호선,등촌,11794,11208,23002,586,4,28,목
2022-04-28,9호선,신목동,4742,4027,8769,715,4,28,목
2022-04-28,9호선,선유도,9251,8912,18163,339,4,28,목
2022-04-28,9호선,당산,19438,19551,38989,-113,4,28,목
2022-04-28,9호선,국회의사당,17123,17780,34903,-657,4,28,목
2022-04-28,9호선,여의도,29155,29097,58252,58,4,28,목
2022-04-28,9호선,샛강,6446,6791,13237,-345,4,28,목
2022-04-28,9호선,노량진,27682,26655,54337,1027,4,28,목
2022-04-28,9호선,노들,4845,4010,8855,835,4,28,목
2022-04-28,9호선,흑석(중앙대입구),9586,9641,19227,-55,4,28,목
2022-04-28,9호선,동작(현충원),2152,1772,3924,380,4,28,목
2022-04-28,과천선,선바위,9115,8331,17446,784,4,28,목
2022-04-28,9호선,신반포,3878,3837,7715,41,4,28,목
2022-04-28,9호선,고속터미널,13323,16441,29764,-3118,4,28,목
2022-04-28,9호선,사평,3850,3609,7459,241,4,28,목
2022-04-28,9호선,신논현,33154,33409,66563,-255,4,28,목
2022-04-28,9호선2~3단계,언주,10660,11013,21673,-353,4,28,목
2022-04-28,9호선2~3단계,선정릉,10324,11506,21830,-1182,4,28,목
2022-04-28,9호선2~3단계,삼성중앙,7291,7684,14975,-393,4,28,목
2022-04-28,9호선2~3단계,봉은사,17112,17729,34841,-617,4,28,목
2022-04-28,9호선2~3단계,종합운동장,4399,4564,8963,-165,4,28,목
2022-04-28,9호선2~3단계,삼전,7211,6794,14005,417,4,28,목
2022-04-28,9호선2~3단계,석촌고분,6274,6104,12378,170,4,28,목
2022-04-28,9호선2~3단계,석촌,9033,8082,17115,951,4,28,목
2022-04-28,9호선2~3단계,송파나루,5051,5376,10427,-325,4,28,목
2022-04-28,9호선2~3단계,한성백제,2646,2392,5038,254,4,28,목
2022-04-28,9호선2~3단계,올림픽공원(한국체대),6481,6441,12922,40,4,28,목
2022-04-28,9호선2~3단계,둔촌오륜,1250,1091,2341,159,4,28,목
2022-04-28,9호선2~3단계,중앙보훈병원,11436,10034,21470,1402,4,28,목
2022-04-28,경강선,판교,5041,5058,10099,-17,4,28,목
2022-04-28,경강선,이매,1207,1062,2269,145,4,28,목
2022-04-28,경강선,삼동,2543,2342,4885,201,4,28,목
2022-04-28,경강선,경기광주,8383,7897,16280,486,4,28,목
2022-04-28,경강선,초월,3453,3180,6633,273,4,28,목
2022-04-28,경강선,곤지암,2510,2527,5037,-17,4,28,목
2022-04-28,경강선,신둔도예촌,1796,1637,3433,159,4,28,목
2022-04-28,경강선,이천,2660,2825,5485,-165,4,28,목
2022-04-28,경강선,부발,2290,2188,4478,102,4,28,목
2022-04-28,경강선,세종대왕릉,358,352,710,6,4,28,목
2022-04-28,경강선,여주,2782,2596,5378,186,4,28,목
2022-04-28,경부선,서울역,6371,2084,8455,4287,4,28,목
2022-04-28,경부선,남영,10350,10993,21343,-643,4,28,목
2022-04-28,경부선,용산,33862,33990,67852,-128,4,28,목
2022-04-28,경부선,노량진,8679,8889,17568,-210,4,28,목
2022-04-28,경부선,대방,14174,14579,28753,-405,4,28,목
2022-04-28,경부선,영등포,38298,39593,77891,-1295,4,28,목
2022-04-28,경부선,신도림,4429,4500,8929,-71,4,28,목
2022-04-28,경부선,신길,9621,7052,16673,2569,4,28,목
2022-04-28,경부선,구로,19285,20319,39604,-1034,4,28,목
2022-04-28,경부선,가산디지털단지,19539,22771,42310,-3232,4,28,목
2022-04-28,경부선,금천구청,13053,12937,25990,116,4,28,목
2022-04-28,경부선,석수,10613,9554,20167,1059,4,28,목
2022-04-28,경부선,관악,8143,7420,15563,723,4,28,목
2022-04-28,경부선,안양,28944,28445,57389,499,4,28,목
2022-04-28,경부선,명학,11137,10955,22092,182,4,28,목
2022-04-28,경부선,금정,28765,29423,58188,-658,4,28,목
2022-04-28,경부선,군포,8200,8142,16342,58,4,28,목
2022-04-28,경부선,의왕,10391,10220,20611,171,4,28,목
2022-04-28,경부선,성균관대,16935,16630,33565,305,4,28,목
2022-04-28,경부선,화서,9233,8748,17981,485,4,28,목
2022-04-28,경부선,수원,39415,41913,81328,-2498,4,28,목
2022-04-28,경부선,독산,19893,20599,40492,-706,4,28,목
2022-04-28,경부선,세류,3229,2994,6223,235,4,28,목
2022-04-28,경부선,병점,17655,17760,35415,-105,4,28,목
2022-04-28,경부선,세마,3177,3011,6188,166,4,28,목
2022-04-28,경부선,오산대,4685,4267,8952,418,4,28,목
2022-04-28,경부선,오산,10929,11180,22109,-251,4,28,목
2022-04-28,경부선,진위,1905,1751,3656,154,4,28,목
2022-04-28,경부선,송탄,4598,4470,9068,128,4,28,목
2022-04-28,경부선,서정리,7982,7381,15363,601,4,28,목
2022-04-28,경부선,평택지제,3748,3632,7380,116,4,28,목
2022-04-28,경부선,평택,13744,13741,27485,3,4,28,목
2022-04-28,경부선,성환,7641,6939,14580,702,4,28,목
2022-04-28,경부선,직산,914,844,1758,70,4,28,목
2022-04-28,경부선,두정,8451,8478,16929,-27,4,28,목
2022-04-28,경부선,천안,7596,6876,14472,720,4,28,목
2022-04-28,경부선,당정,7682,7289,14971,393,4,28,목
2022-04-28,경부선,서동탄,1529,1391,2920,138,4,28,목
2022-04-28,경부선,광명,3660,3148,6808,512,4,28,목
2022-04-28,경원선,이촌(국립중앙박물관),4100,3136,7236,964,4,28,목
2022-04-28,경원선,서빙고,2218,2075,4293,143,4,28,목
2022-04-28,경원선,한남,4244,4053,8297,191,4,28,목
2022-04-28,경원선,옥수,57,53,110,4,4,28,목
2022-04-28,경원선,응봉,2128,1786,3914,342,4,28,목
2022-04-28,경원선,왕십리(성동구청),15300,16705,32005,-1405,4,28,목
2022-04-28,경원선,청량리(서울시립대입구),16031,16676,32707,-645,4,28,목
2022-04-28,경원선,외대앞,9243,9251,18494,-8,4,28,목
2022-04-28,경원선,신이문,8916,8158,17074,758,4,28,목
2022-04-28,경원선,석계,9024,9910,18934,-886,4,28,목
2022-04-28,경원선,광운대,9617,9455,19072,162,4,28,목
2022-04-28,경원선,월계,8823,8120,16943,703,4,28,목
2022-04-28,경원선,녹천,5023,4221,9244,802,4,28,목
2022-04-28,경원선,방학,10513,10245,20758,268,4,28,목
2022-04-28,경원선,도봉,6368,6102,12470,266,4,28,목
2022-04-28,경원선,도봉산,8608,5770,14378,2838,4,28,목
2022-04-28,경원선,망월사,10241,10344,20585,-103,4,28,목
2022-04-28,경원선,회룡,13508,13578,27086,-70,4,28,목
2022-04-28,경원선,의정부,19710,20314,40024,-604,4,28,목
2022-04-28,경원선,가능,7499,7080,14579,419,4,28,목
2022-04-28,경원선,녹양,4971,4743,9714,228,4,28,목
2022-04-28,경원선,양주,8646,8194,16840,452,4,28,목
2022-04-28,경원선,덕계,3662,3201,6863,461,4,28,목
2022-04-28,경원선,덕정,7233,6930,14163,303,4,28,목
2022-04-28,경원선,지행,7360,7487,14847,-127,4,28,목
2022-04-28,경원선,동두천중앙,3480,3413,6893,67,4,28,목
2022-04-28,경원선,보산,1703,1534,3237,169,4,28,목
2022-04-28,경원선,동두천,3067,3471,6538,-404,4,28,목
2022-04-28,경원선,소요산,3204,2634,5838,570,4,28,목
2022-04-28,경의선,서울역,4828,6227,11055,-1399,4,28,목
2022-04-28,경의선,신촌,872,1242,2114,-370,4,28,목
2022-04-28,경의선,효창공원앞,3278,3638,6916,-360,4,28,목
2022-04-28,경의선,공덕,3859,3434,7293,425,4,28,목
2022-04-28,경의선,서강대,2276,2266,4542,10,4,28,목
2022-04-28,경의선,홍대입구,1856,2352,4208,-496,4,28,목
2022-04-28,경의선,가좌,6110,5787,11897,323,4,28,목
2022-04-28,경의선,디지털미디어시티,2851,2697,5548,154,4,28,목
2022-04-28,경의선,수색,3048,3260,6308,-212,4,28,목
2022-04-28,경의선,화전,3882,3581,7463,301,4,28,목
2022-04-28,경의선,강매,3610,3159,6769,451,4,28,목
2022-04-28,경의선,행신,8878,8898,17776,-20,4,28,목
2022-04-28,경의선,능곡,4263,4021,8284,242,4,28,목
2022-04-28,경의선,곡산,734,775,1509,-41,4,28,목
2022-04-28,경의선,백마,8020,7687,15707,333,4,28,목
2022-04-28,경의선,풍산,6224,5790,12014,434,4,28,목
2022-04-28,경의선,일산,11759,11634,23393,125,4,28,목
2022-04-28,경의선,탄현,8641,8215,16856,426,4,28,목
2022-04-28,경의선,야당,8703,8685,17388,18,4,28,목
2022-04-28,경의선,운정,7860,7370,15230,490,4,28,목
2022-04-28,경의선,금릉,5462,5301,10763,161,4,28,목
2022-04-28,경의선,금촌,6849,6833,13682,16,4,28,목
2022-04-28,경의선,월롱,3298,2940,6238,358,4,28,목
2022-04-28,경의선,파주,1797,1325,3122,472,4,28,목
2022-04-28,경의선,문산,5416,5640,11056,-224,4,28,목
2022-04-28,경의선,임진강,18,15,33,3,4,28,목
2022-04-28,경인선,개봉,22961,22278,45239,683,4,28,목
2022-04-28,경인선,오류동,12930,11717,24647,1213,4,28,목
2022-04-28,경인선,역곡,31061,30272,61333,789,4,28,목
2022-04-28,경인선,부천,33392,33571,66963,-179,4,28,목
2022-04-28,경인선,송내,29572,29468,59040,104,4,28,목
2022-04-28,경인선,부평,30049,32345,62394,-2296,4,28,목
2022-04-28,경인선,백운,7593,7503,15096,90,4,28,목
2022-04-28,경인선,동암,15413,15266,30679,147,4,28,목
2022-04-28,경인선,주안,20895,18991,39886,1904,4,28,목
2022-04-28,경인선,제물포,12098,11395,23493,703,4,28,목
2022-04-28,경인선,동인천,14932,14388,29320,544,4,28,목
2022-04-28,경인선,인천,4183,3253,7436,930,4,28,목
2022-04-28,경인선,구일,7900,7641,15541,259,4,28,목
2022-04-28,경인선,소사,9394,9072,18466,322,4,28,목
2022-04-28,경인선,부개,9156,8576,17732,580,4,28,목
2022-04-28,경인선,간석,6431,5636,12067,795,4,28,목
2022-04-28,경인선,도원,3572,3547,7119,25,4,28,목
2022-04-28,경인선,온수(성공회대입구),7819,7303,15122,516,4,28,목
2022-04-28,경인선,중동,10155,9495,19650,660,4,28,목
2022-04-28,경인선,도화,4562,4157,8719,405,4,28,목
2022-04-28,경춘선,신내,2502,2326,4828,176,4,28,목
2022-04-28,경춘선,갈매,3365,2963,6328,402,4,28,목
2022-04-28,경춘선,별내,3496,3300,6796,196,4,28,목
2022-04-28,경춘선,퇴계원,3945,3614,7559,331,4,28,목
2022-04-28,경춘선,사릉,2925,2878,5803,47,4,28,목
2022-04-28,경춘선,금곡,1801,1685,3486,116,4,28,목
2022-04-28,경춘선,평내호평,7079,6949,14028,130,4,28,목
2022-04-28,경춘선,천마산,1909,1746,3655,163,4,28,목
2022-04-28,경춘선,마석,5035,5107,10142,-72,4,28,목
2022-04-28,경춘선,대성리,630,638,1268,-8,4,28,목
2022-04-28,경춘선,청평,1924,1859,3783,65,4,28,목
2022-04-28,경춘선,상천,384,377,761,7,4,28,목
2022-04-28,경춘선,가평,1780,1882,3662,-102,4,28,목
2022-04-28,경춘선,굴봉산,221,224,445,-3,4,28,목
2022-04-28,경춘선,백양리,132,145,277,-13,4,28,목
2022-04-28,경춘선,강촌,723,635,1358,88,4,28,목
2022-04-28,경춘선,김유정,403,471,874,-68,4,28,목
2022-04-28,경춘선,남춘천,3054,2627,5681,427,4,28,목
2022-04-28,경춘선,춘천,1937,1556,3493,381,4,28,목
2022-04-28,공항철도 1호선,서울역,8749,7986,16735,763,4,28,목
2022-04-28,공항철도 1호선,공덕,2515,3243,5758,-728,4,28,목
2022-04-28,공항철도 1호선,홍대입구,10264,10412,20676,-148,4,28,목
2022-04-28,공항철도 1호선,디지털미디어시티,15268,14353,29621,915,4,28,목
2022-04-28,공항철도 1호선,마곡나루(서울식물원),10293,10159,20452,134,4,28,목
2022-04-28,공항철도 1호선,김포공항,12185,7013,19198,5172,4,28,목
2022-04-28,공항철도 1호선,계양,11618,10830,22448,788,4,28,목
2022-04-28,공항철도 1호선,검암,7078,7073,14151,5,4,28,목
2022-04-28,공항철도 1호선,청라국제도시,7481,7165,14646,316,4,28,목
2022-04-28,공항철도 1호선,운서,7212,7491,14703,-279,4,28,목
2022-04-28,공항철도 1호선,공항화물청사,2360,2537,4897,-177,4,28,목
2022-04-28,공항철도 1호선,인천공항1터미널,5758,4918,10676,840,4,28,목
2022-04-28,공항철도 1호선,인천공항2터미널,3191,2587,5778,604,4,28,목
2022-04-28,공항철도 1호선,영종,3374,3415,6789,-41,4,28,목
2022-04-28,과천선,경마공원,1383,1388,2771,-5,4,28,목
2022-04-28,과천선,대공원,5327,5477,10804,-150,4,28,목
2022-04-28,과천선,과천,6929,6256,13185,673,4,28,목
2022-04-28,과천선,정부과천청사,11648,11533,23181,115,4,28,목
2022-04-28,과천선,인덕원,26227,26830,53057,-603,4,28,목
2022-04-28,과천선,평촌,19004,18697,37701,307,4,28,목
2022-04-28,과천선,범계,27996,27770,55766,226,4,28,목
2022-04-28,분당선,선릉,14117,21997,36114,-7880,4,28,목
2022-04-28,분당선,한티,14872,15766,30638,-894,4,28,목
2022-04-28,분당선,도곡,7244,7219,14463,25,4,28,목
2022-04-28,분당선,구룡,2550,2419,4969,131,4,28,목
2022-04-28,분당선,개포동,4284,4421,8705,-137,4,28,목
2022-04-28,분당선,대모산입구,4956,4516,9472,440,4,28,목
2022-04-28,분당선,수서,14482,14897,29379,-415,4,28,목
2022-04-28,분당선,수원,9113,7437,16550,1676,4,28,목
2022-04-28,분당선,서울숲,13325,13802,27127,-477,4,28,목
2022-04-28,분당선,압구정로데오,19937,22652,42589,-2715,4,28,목
2022-04-28,분당선,강남구청,10530,12449,22979,-1919,4,28,목
2022-04-28,분당선,선정릉,8624,9267,17891,-643,4,28,목
2022-04-28,분당선,가천대,13581,14291,27872,-710,4,28,목
2022-04-28,분당선,태평,14211,13509,27720,702,4,28,목
2022-04-28,분당선,모란,21748,21797,43545,-49,4,28,목
2022-04-28,분당선,야탑,27726,28969,56695,-1243,4,28,목
2022-04-28,분당선,서현,25752,26464,52216,-712,4,28,목
2022-04-28,분당선,수내,14296,14345,28641,-49,4,28,목
2022-04-28,분당선,정자,18764,19987,38751,-1223,4,28,목
2022-04-28,분당선,미금,16463,17586,34049,-1123,4,28,목
2022-04-28,분당선,오리,12549,10287,22836,2262,4,28,목
2022-04-28,분당선,이매,6422,5890,12312,532,4,28,목
2022-04-28,분당선,보정,2876,2509,5385,367,4,28,목
2022-04-28,분당선,죽전,15500,16878,32378,-1378,4,28,목
2022-04-28,분당선,구성,5397,5803,11200,-406,4,28,목
2022-04-28,분당선,신갈,4839,4860,9699,-21,4,28,목
2022-04-28,분당선,기흥,11020,10134,21154,886,4,28,목
2022-04-28,분당선,상갈,5876,5629,11505,247,4,28,목
2022-04-28,분당선,청명,4648,4488,9136,160,4,28,목
2022-04-28,분당선,영통,8627,8797,17424,-170,4,28,목
2022-04-28,분당선,망포,15576,14825,30401,751,4,28,목
2022-04-28,분당선,매탄권선,5526,5388,10914,138,4,28,목
2022-04-28,분당선,수원시청,13396,14245,27641,-849,4,28,목
2022-04-28,분당선,매교,3500,3460,6960,40,4,28,목
2022-04-28,수인선,고색,5170,4914,10084,256,4,28,목
2022-04-28,수인선,오목천,4305,3999,8304,306,4,28,목
2022-04-28,수인선,어천,835,859,1694,-24,4,28,목
2022-04-28,수인선,야목,459,354,813,105,4,28,목
2022-04-28,수인선,사리,5465,4799,10264,666,4,28,목
2022-04-28,수인선,달월,104,74,178,30,4,28,목
2022-04-28,수인선,월곶,3100,2833,5933,267,4,28,목
2022-04-28,수인선,소래포구,6923,6569,13492,354,4,28,목
2022-04-28,수인선,인천논현,5861,6377,12238,-516,4,28,목
2022-04-28,수인선,호구포,4300,4503,8803,-203,4,28,목
2022-04-28,수인선,남동인더스파크,2350,2618,4968,-268,4,28,목
2022-04-28,수인선,원인재,4767,5001,9768,-234,4,28,목
2022-04-28,수인선,연수,4999,4921,9920,78,4,28,목
2022-04-28,수인선,송도,2716,2576,5292,140,4,28,목
2022-04-28,수인선,인하대,8144,7760,15904,384,4,28,목
2022-04-28,수인선,숭의,4292,4012,8304,280,4,28,목
2022-04-28,수인선,신포,2033,2012,4045,21,4,28,목
2022-04-28,수인선,인천,1144,1820,2964,-676,4,28,목
2022-04-28,안산선,산본,17459,18329,35788,-870,4,28,목
2022-04-28,안산선,대야미,5690,5035,10725,655,4,28,목
2022-04-28,안산선,반월,4711,4531,9242,180,4,28,목
2022-04-28,안산선,상록수,17678,17794,35472,-116,4,28,목
2022-04-28,안산선,한대앞,11484,11448,22932,36,4,28,목
2022-04-28,안산선,중앙,20021,20883,40904,-862,4,28,목
2022-04-28,안산선,고잔,9707,9264,18971,443,4,28,목
2022-04-28,안산선,초지,5559,6036,11595,-477,4,28,목
2022-04-28,안산선,안산,11907,10906,22813,1001,4,28,목
2022-04-28,안산선,신길온천,1943,1827,3770,116,4,28,목
2022-04-28,안산선,정왕,10986,11168,22154,-182,4,28,목
2022-04-28,안산선,오이도,9419,9425,18844,-6,4,28,목
2022-04-28,안산선,수리산,6254,5859,12113,395,4,28,목
2022-04-28,우이신설선,북한산우이,3070,2734,5804,336,4,28,목
2022-04-28,우이신설선,솔밭공원,2705,2558,5263,147,4,28,목
2022-04-28,우이신설선,4.19민주묘지,3693,3408,7101,285,4,28,목
2022-04-28,우이신설선,가오리,4392,4310,8702,82,4,28,목
2022-04-28,우이신설선,화계,3633,3396,7029,237,4,28,목
2022-04-28,우이신설선,삼양,2036,2191,4227,-155,4,28,목
2022-04-28,우이신설선,삼양사거리,2559,2540,5099,19,4,28,목
2022-04-28,우이신설선,솔샘,6276,5719,11995,557,4,28,목
2022-04-28,우이신설선,북한산보국문,6539,6026,12565,513,4,28,목
2022-04-28,우이신설선,정릉,5034,4547,9581,487,4,28,목
2022-04-28,우이신설선,성신여대입구(돈암),3398,3855,7253,-457,4,28,목
2022-04-28,우이신설선,보문,1631,1601,3232,30,4,28,목
2022-04-28,우이신설선,신설동,2333,2301,4634,32,4,28,목
2022-04-28,일산선,원흥,12002,11296,23298,706,4,28,목
2022-04-28,일산선,지축,1,0,1,1,4,28,목
2022-04-28,일산선,삼송,21726,20830,42556,896,4,28,목
2022-04-28,일산선,원당,12095,11382,23477,713,4,28,목
2022-04-28,일산선,화정,18292,18594,36886,-302,4,28,목
2022-04-28,일산선,대곡,2390,1857,4247,533,4,28,목
2022-04-28,일산선,백석,10532,10391,20923,141,4,28,목
2022-04-28,일산선,마두,8214,8299,16513,-85,4,28,목
2022-04-28,일산선,정발산,8380,8674,17054,-294,4,28,목
2022-04-28,일산선,주엽,9864,9867,19731,-3,4,28,목
2022-04-28,일산선,대화,13843,10876,24719,2967,4,28,목
2022-04-28,장항선,봉명,1365,1299,2664,66,4,28,목
2022-04-28,장항선,쌍용(나사렛대),3191,2866,6057,325,4,28,목
2022-04-28,장항선,아산,3999,3809,7808,190,4,28,목
2022-04-28,장항선,탕정,896,716,1612,180,4,28,목
2022-04-28,장항선,배방,1214,1249,2463,-35,4,28,목
2022-04-28,장항선,온양온천,3971,4110,8081,-139,4,28,목
2022-04-28,장항선,신창(순천향대),3721,2921,6642,800,4,28,목
2022-04-28,중앙선,회기,27513,26452,53965,1061,4,28,목
2022-04-28,중앙선,중랑,5995,5623,11618,372,4,28,목
2022-04-28,중앙선,상봉(시외버스터미널),6246,6256,12502,-10,4,28,목
2022-04-28,중앙선,망우,8524,8259,16783,265,4,28,목
2022-04-28,중앙선,양원,3344,3120,6464,224,4,28,목
2022-04-28,중앙선,구리,14474,14803,29277,-329,4,28,목
2022-04-28,중앙선,도농,11859,10696,22555,1163,4,28,목
2022-04-28,중앙선,양정,809,707,1516,102,4,28,목
2022-04-28,중앙선,덕소,6224,6445,12669,-221,4,28,목
2022-04-28,중앙선,도심,2786,2173,4959,613,4,28,목
2022-04-28,중앙선,팔당,1048,1108,2156,-60,4,28,목
2022-04-28,중앙선,운길산,984,947,1931,37,4,28,목
2022-04-28,중앙선,양수,2070,2094,4164,-24,4,28,목
2022-04-28,중앙선,신원,293,245,538,48,4,28,목
2022-04-28,중앙선,국수,959,967,1926,-8,4,28,목
2022-04-28,중앙선,아신,632,649,1281,-17,4,28,목
2022-04-28,중앙선,오빈,363,367,730,-4,4,28,목
2022-04-28,중앙선,양평,4569,4543,9112,26,4,28,목
2022-04-28,중앙선,원덕,421,399,820,22,4,28,목
2022-04-28,중앙선,용문,2220,2166,4386,54,4,28,목
2022-04-28,중앙선,지평,80,110,190,-30,4,28,목
2022-04-29,9호선,고속터미널,15577,20148,35725,-4571,4,29,금
2022-04-29,1호선,서울역,52299,51354,103653,945,4,29,금
2022-04-29,1호선,시청,24144,24798,48942,-654,4,29,금
2022-04-29,1호선,종각,37840,37622,75462,218,4,29,금
2022-04-29,1호선,종로3가,27685,25791,53476,1894,4,29,금
2022-04-29,1호선,종로5가,24213,24475,48688,-262,4,29,금
2022-04-29,1호선,동대문,11585,10363,21948,1222,4,29,금
2022-04-29,1호선,신설동,14941,14473,29414,468,4,29,금
2022-04-29,1호선,제기동,17526,17495,35021,31,4,29,금
2022-04-29,1호선,청량리(서울시립대입구),21288,21089,42377,199,4,29,금
2022-04-29,1호선,동묘앞,8364,8826,17190,-462,4,29,금
2022-04-29,2호선,시청,25337,24583,49920,754,4,29,금
2022-04-29,2호선,을지로입구,42085,43815,85900,-1730,4,29,금
2022-04-29,2호선,을지로3가,25320,26665,51985,-1345,4,29,금
2022-04-29,2호선,을지로4가,13938,14235,28173,-297,4,29,금
2022-04-29,2호선,동대문역사문화공원(DDP),12834,14104,26938,-1270,4,29,금
2022-04-29,2호선,신당,15312,15682,30994,-370,4,29,금
2022-04-29,2호선,상왕십리,15531,14674,30205,857,4,29,금
2022-04-29,2호선,왕십리(성동구청),19208,15868,35076,3340,4,29,금
2022-04-29,2호선,한양대,13458,14438,27896,-980,4,29,금
2022-04-29,2호선,뚝섬,24761,26622,51383,-1861,4,29,금
2022-04-29,2호선,성수,41449,46758,88207,-5309,4,29,금
2022-04-29,2호선,건대입구,42919,47877,90796,-4958,4,29,금
2022-04-29,2호선,구의(광진구청),25548,24627,50175,921,4,29,금
2022-04-29,2호선,강변(동서울터미널),36246,33985,70231,2261,4,29,금
2022-04-29,2호선,잠실나루,15830,15154,30984,676,4,29,금
2022-04-29,2호선,잠실(송파구청),83090,83175,166265,-85,4,29,금
2022-04-29,2호선,잠실새내,24194,25258,49452,-1064,4,29,금
2022-04-29,2호선,종합운동장,17483,19875,37358,-2392,4,29,금
2022-04-29,2호선,삼성(무역센터),53447,55031,108478,-1584,4,29,금
2022-04-29,2호선,선릉,59219,53172,112391,6047,4,29,금
2022-04-29,2호선,역삼,52855,60206,113061,-7351,4,29,금
2022-04-29,2호선,강남,93091,96321,189412,-3230,4,29,금
2022-04-29,2호선,교대(법원.검찰청),37089,42419,79508,-5330,4,29,금
2022-04-29,2호선,서초,23131,21939,45070,1192,4,29,금
2022-04-29,2호선,방배,19568,20167,39735,-599,4,29,금
2022-04-29,2호선,사당,41945,47761,89706,-5816,4,29,금
2022-04-29,2호선,낙성대(강감찬),29959,27632,57591,2327,4,29,금
2022-04-29,2호선,서울대입구(관악구청),52523,50280,102803,2243,4,29,금
2022-04-29,2호선,봉천,25412,22435,47847,2977,4,29,금
2022-04-29,2호선,신림,68950,65322,134272,3628,4,29,금
2022-04-29,2호선,신대방,28586,26890,55476,1696,4,29,금
2022-04-29,2호선,구로디지털단지,62347,61931,124278,416,4,29,금
2022-04-29,2호선,대림(구로구청),24687,25168,49855,-481,4,29,금
2022-04-29,2호선,신도림,52197,53292,105489,-1095,4,29,금
2022-04-29,2호선,문래,23393,24514,47907,-1121,4,29,금
2022-04-29,2호선,영등포구청,23753,24597,48350,-844,4,29,금
2022-04-29,2호선,당산,20482,23637,44119,-3155,4,29,금
2022-04-29,2호선,합정,34215,38691,72906,-4476,4,29,금
2022-04-29,2호선,홍대입구,64651,74522,139173,-9871,4,29,금
2022-04-29,2호선,신촌,37529,38640,76169,-1111,4,29,금
2022-04-29,2호선,이대,16007,16230,32237,-223,4,29,금
2022-04-29,2호선,아현,11708,10728,22436,980,4,29,금
2022-04-29,2호선,충정로(경기대입구),10501,11239,21740,-738,4,29,금
2022-04-29,2호선,용답,3341,3221,6562,120,4,29,금
2022-04-29,2호선,신답,1845,1924,3769,-79,4,29,금
2022-04-29,2호선,신설동,3868,3820,7688,48,4,29,금
2022-04-29,2호선,도림천,1427,1505,2932,-78,4,29,금
2022-04-29,2호선,양천구청,7231,7439,14670,-208,4,29,금
2022-04-29,2호선,신정네거리,11197,11455,22652,-258,4,29,금
2022-04-29,5호선,종로3가,14576,15258,29834,-682,4,29,금
2022-04-29,2호선,용두(동대문구청),2653,2625,5278,28,4,29,금
2022-04-29,3호선,지축,5409,4888,10297,521,4,29,금
2022-04-29,3호선,구파발,21935,20927,42862,1008,4,29,금
2022-04-29,3호선,연신내,38646,36663,75309,1983,4,29,금
2022-04-29,3호선,불광,16988,18058,35046,-1070,4,29,금
2022-04-29,3호선,녹번,16779,14690,31469,2089,4,29,금
2022-04-29,3호선,홍제,19151,18044,37195,1107,4,29,금
2022-04-29,3호선,무악재,4123,4174,8297,-51,4,29,금
2022-04-29,3호선,독립문,7524,7626,15150,-102,4,29,금
2022-04-29,3호선,경복궁(정부서울청사),23843,24132,47975,-289,4,29,금
2022-04-29,3호선,안국,25297,25089,50386,208,4,29,금
2022-04-29,3호선,종로3가,10693,13247,23940,-2554,4,29,금
2022-04-29,3호선,을지로3가,11803,12699,24502,-896,4,29,금
2022-04-29,3호선,충무로,2,0,2,2,4,29,금
2022-04-29,3호선,동대입구,9222,9840,19062,-618,4,29,금
2022-04-29,3호선,약수,14389,13966,28355,423,4,29,금
2022-04-29,3호선,금호,8804,7806,16610,998,4,29,금
2022-04-29,3호선,옥수,9770,9845,19615,-75,4,29,금
2022-04-29,3호선,압구정,34764,38477,73241,-3713,4,29,금
2022-04-29,3호선,신사,34268,37617,71885,-3349,4,29,금
2022-04-29,3호선,잠원,5324,5209,10533,115,4,29,금
2022-04-29,3호선,고속터미널,50671,52510,103181,-1839,4,29,금
2022-04-29,3호선,교대(법원.검찰청),16136,10549,26685,5587,4,29,금
2022-04-29,3호선,남부터미널(예술의전당),33346,33331,66677,15,4,29,금
2022-04-29,3호선,양재(서초구청),42251,45548,87799,-3297,4,29,금
2022-04-29,3호선,매봉,13218,12646,25864,572,4,29,금
2022-04-29,3호선,도곡,5874,5884,11758,-10,4,29,금
2022-04-29,3호선,대치,11408,11198,22606,210,4,29,금
2022-04-29,3호선,학여울,3422,3520,6942,-98,4,29,금
2022-04-29,3호선,대청,11009,10014,21023,995,4,29,금
2022-04-29,3호선,일원,10955,10213,21168,742,4,29,금
2022-04-29,3호선,수서,19570,19686,39256,-116,4,29,금
2022-04-29,3호선,가락시장,9977,9672,19649,305,4,29,금
2022-04-29,3호선,경찰병원,7811,7827,15638,-16,4,29,금
2022-04-29,3호선,오금,6771,6062,12833,709,4,29,금
2022-04-29,4호선,당고개,9579,8459,18038,1120,4,29,금
2022-04-29,4호선,상계,21352,19459,40811,1893,4,29,금
2022-04-29,4호선,노원,21387,24811,46198,-3424,4,29,금
2022-04-29,4호선,창동,27790,29510,57300,-1720,4,29,금
2022-04-29,4호선,쌍문,31770,28721,60491,3049,4,29,금
2022-04-29,4호선,수유(강북구청),36532,37055,73587,-523,4,29,금
2022-04-29,4호선,미아(서울사이버대학),16148,15313,31461,835,4,29,금
2022-04-29,4호선,미아사거리,29961,28978,58939,983,4,29,금
2022-04-29,4호선,길음,23385,22227,45612,1158,4,29,금
2022-04-29,4호선,성신여대입구(돈암),23274,22458,45732,816,4,29,금
2022-04-29,4호선,한성대입구(삼선교),16101,15585,31686,516,4,29,금
2022-04-29,4호선,혜화,38766,38478,77244,288,4,29,금
2022-04-29,4호선,동대문,21071,21200,42271,-129,4,29,금
2022-04-29,4호선,동대문역사문화공원(DDP),15449,13538,28987,1911,4,29,금
2022-04-29,4호선,충무로,29601,30728,60329,-1127,4,29,금
2022-04-29,4호선,명동,21403,22713,44116,-1310,4,29,금
2022-04-29,4호선,회현(남대문시장),26051,28144,54195,-2093,4,29,금
2022-04-29,4호선,서울역,12223,20558,32781,-8335,4,29,금
2022-04-29,4호선,숙대입구(갈월),15118,14925,30043,193,4,29,금
2022-04-29,4호선,삼각지,5781,6646,12427,-865,4,29,금
2022-04-29,4호선,신용산,17929,19074,37003,-1145,4,29,금
2022-04-29,4호선,이촌(국립중앙박물관),9283,10278,19561,-995,4,29,금
2022-04-29,4호선,동작(현충원),1630,1782,3412,-152,4,29,금
2022-04-29,4호선,총신대입구(이수),20907,22560,43467,-1653,4,29,금
2022-04-29,4호선,사당,29595,24844,54439,4751,4,29,금
2022-04-29,4호선,남태령,1474,1157,2631,317,4,29,금
2022-04-29,5호선,방화,7131,6648,13779,483,4,29,금
2022-04-29,5호선,개화산,6085,5601,11686,484,4,29,금
2022-04-29,5호선,김포공항,8484,8310,16794,174,4,29,금
2022-04-29,5호선,송정,7027,6546,13573,481,4,29,금
2022-04-29,5호선,마곡,11115,11266,22381,-151,4,29,금
2022-04-29,5호선,발산,21180,22541,43721,-1361,4,29,금
2022-04-29,5호선,우장산,16175,15512,31687,663,4,29,금
2022-04-29,5호선,화곡,30450,27613,58063,2837,4,29,금
2022-04-29,5호선,까치산,30895,28672,59567,2223,4,29,금
2022-04-29,5호선,신정(은행정),14878,11642,26520,3236,4,29,금
2022-04-29,5호선,목동,17909,19017,36926,-1108,4,29,금
2022-04-29,5호선,오목교(목동운동장앞),23312,25072,48384,-1760,4,29,금
2022-04-29,5호선,양평,8088,7627,15715,461,4,29,금
2022-04-29,5호선,영등포구청,4177,4249,8426,-72,4,29,금
2022-04-29,5호선,영등포시장,10922,11296,22218,-374,4,29,금
2022-04-29,5호선,신길,4684,4590,9274,94,4,29,금
2022-04-29,5호선,여의도,30231,33271,63502,-3040,4,29,금
2022-04-29,5호선,여의나루,17300,18568,35868,-1268,4,29,금
2022-04-29,5호선,마포,15420,16125,31545,-705,4,29,금
2022-04-29,5호선,공덕,15245,16496,31741,-1251,4,29,금
2022-04-29,5호선,애오개,7413,7332,14745,81,4,29,금
2022-04-29,5호선,충정로(경기대입구),4981,5117,10098,-136,4,29,금
2022-04-29,5호선,서대문,20416,20800,41216,-384,4,29,금
2022-04-29,5호선,광화문(세종문화회관),31805,33732,65537,-1927,4,29,금
2022-04-29,5호선,을지로4가,6414,6840,13254,-426,4,29,금
2022-04-29,5호선,동대문역사문화공원(DDP),3048,3595,6643,-547,4,29,금
2022-04-29,5호선,청구,4269,3882,8151,387,4,29,금
2022-04-29,5호선,신금호,7221,7181,14402,40,4,29,금
2022-04-29,5호선,행당,8727,7498,16225,1229,4,29,금
2022-04-29,5호선,왕십리(성동구청),4856,6026,10882,-1170,4,29,금
2022-04-29,5호선,마장,6211,5843,12054,368,4,29,금
2022-04-29,5호선,답십리,17140,15281,32421,1859,4,29,금
2022-04-29,5호선,장한평,19770,19401,39171,369,4,29,금
2022-04-29,5호선,군자(능동),12151,13578,25729,-1427,4,29,금
2022-04-29,5호선,아차산(어린이대공원후문),16380,15463,31843,917,4,29,금
2022-04-29,5호선,광나루(장신대),15018,13381,28399,1637,4,29,금
2022-04-29,5호선,천호(풍납토성),20079,20287,40366,-208,4,29,금
2022-04-29,5호선,강동,19488,18389,37877,1099,4,29,금
2022-04-29,5호선,길동,8435,8836,17271,-401,4,29,금
2022-04-29,5호선,굽은다리(강동구민회관앞),10269,9719,19988,550,4,29,금
2022-04-29,5호선,명일,9541,9693,19234,-152,4,29,금
2022-04-29,5호선,고덕,10847,10470,21317,377,4,29,금
2022-04-29,5호선,상일동,16381,14908,31289,1473,4,29,금
2022-04-29,5호선,둔촌동,9109,9042,18151,67,4,29,금
2022-04-29,5호선,올림픽공원(한국체대),5321,4514,9835,807,4,29,금
2022-04-29,5호선,방이,7497,7683,15180,-186,4,29,금
2022-04-29,5호선,오금,4054,4170,8224,-116,4,29,금
2022-04-29,5호선,개롱,6998,7069,14067,-71,4,29,금
2022-04-29,5호선,거여,11228,10502,21730,726,4,29,금
2022-04-29,5호선,마천,7941,7198,15139,743,4,29,금
2022-04-29,5호선,강일,4668,4294,8962,374,4,29,금
2022-04-29,5호선,미사,17961,17853,35814,108,4,29,금
2022-04-29,5호선,하남풍산,4711,4610,9321,101,4,29,금
2022-04-29,5호선,하남시청(덕풍·신장),7818,7611,15429,207,4,29,금
2022-04-29,5호선,하남검단산,6446,6035,12481,411,4,29,금
2022-04-29,6호선,응암,18766,18085,36851,681,4,29,금
2022-04-29,6호선,역촌,3908,4545,8453,-637,4,29,금
2022-04-29,6호선,불광,4675,4451,9126,224,4,29,금
2022-04-29,6호선,독바위,2808,2846,5654,-38,4,29,금
2022-04-29,6호선,구산,8318,5858,14176,2460,4,29,금
2022-04-29,6호선,새절(신사),13899,12626,26525,1273,4,29,금
2022-04-29,6호선,증산(명지대앞),10873,10464,21337,409,4,29,금
2022-04-29,6호선,디지털미디어시티,14498,15720,30218,-1222,4,29,금
2022-04-29,6호선,월드컵경기장(성산),4389,4792,9181,-403,4,29,금
2022-04-29,6호선,마포구청,15094,13192,28286,1902,4,29,금
2022-04-29,6호선,망원,15339,16354,31693,-1015,4,29,금
2022-04-29,6호선,합정,14728,14761,29489,-33,4,29,금
2022-04-29,6호선,상수,10134,12481,22615,-2347,4,29,금
2022-04-29,6호선,광흥창(서강),9711,9188,18899,523,4,29,금
2022-04-29,6호선,대흥(서강대앞),9218,9192,18410,26,4,29,금
2022-04-29,6호선,공덕,20093,19506,39599,587,4,29,금
2022-04-29,6호선,효창공원앞,7838,6938,14776,900,4,29,금
2022-04-29,6호선,삼각지,7285,6251,13536,1034,4,29,금
2022-04-29,6호선,녹사평(용산구청),5502,6038,11540,-536,4,29,금
2022-04-29,6호선,이태원,12924,17603,30527,-4679,4,29,금
2022-04-29,6호선,한강진,8838,11065,19903,-2227,4,29,금
2022-04-29,6호선,버티고개,2272,2172,4444,100,4,29,금
2022-04-29,6호선,약수,3861,3927,7788,-66,4,29,금
2022-04-29,6호선,청구,3964,4118,8082,-154,4,29,금
2022-04-29,6호선,신당,8998,8613,17611,385,4,29,금
2022-04-29,6호선,동묘앞,8435,8293,16728,142,4,29,금
2022-04-29,6호선,창신,3945,3163,7108,782,4,29,금
2022-04-29,6호선,보문,8214,7092,15306,1122,4,29,금
2022-04-29,6호선,안암(고대병원앞),13359,12536,25895,823,4,29,금
2022-04-29,6호선,고려대(종암),9177,8744,17921,433,4,29,금
2022-04-29,6호선,월곡(동덕여대),13054,12289,25343,765,4,29,금
2022-04-29,6호선,상월곡(한국과학기술연구원),6795,5999,12794,796,4,29,금
2022-04-29,6호선,돌곶이,10059,8962,19021,1097,4,29,금
2022-04-29,6호선,석계,13446,13747,27193,-301,4,29,금
2022-04-29,6호선,태릉입구,5975,6482,12457,-507,4,29,금
2022-04-29,6호선,화랑대(서울여대입구),13241,9977,23218,3264,4,29,금
2022-04-29,6호선,봉화산(서울의료원),9269,8645,17914,624,4,29,금
2022-04-29,7호선,장암,2410,984,3394,1426,4,29,금
2022-04-29,7호선,도봉산,9910,11051,20961,-1141,4,29,금
2022-04-29,7호선,수락산,13658,12953,26611,705,4,29,금
2022-04-29,7호선,마들,13870,12747,26617,1123,4,29,금
2022-04-29,7호선,노원,21089,22774,43863,-1685,4,29,금
2022-04-29,7호선,중계,15788,14178,29966,1610,4,29,금
2022-04-29,7호선,하계,20004,18168,38172,1836,4,29,금
2022-04-29,7호선,공릉(서울과학기술대),14145,13461,27606,684,4,29,금
2022-04-29,7호선,태릉입구,9759,9180,18939,579,4,29,금
2022-04-29,7호선,먹골,10984,10398,21382,586,4,29,금
2022-04-29,7호선,중화,11730,11182,22912,548,4,29,금
2022-04-29,7호선,상봉(시외버스터미널),18191,17191,35382,1000,4,29,금
2022-04-29,7호선,면목,17187,16192,33379,995,4,29,금
2022-04-29,7호선,사가정,17463,17179,34642,284,4,29,금
2022-04-29,7호선,용마산(용마폭포공원),6557,6026,12583,531,4,29,금
2022-04-29,7호선,중곡,11822,10783,22605,1039,4,29,금
2022-04-29,7호선,군자(능동),16142,12525,28667,3617,4,29,금
2022-04-29,7호선,어린이대공원(세종대),16096,15937,32033,159,4,29,금
2022-04-29,7호선,건대입구,14276,15346,29622,-1070,4,29,금
2022-04-29,7호선,뚝섬유원지,13080,12352,25432,728,4,29,금
2022-04-29,7호선,청담,20165,22905,43070,-2740,4,29,금
2022-04-29,7호선,강남구청,16789,19282,36071,-2493,4,29,금
2022-04-29,7호선,학동,24377,26687,51064,-2310,4,29,금
2022-04-29,7호선,논현,21606,24024,45630,-2418,4,29,금
2022-04-29,7호선,반포,6518,6200,12718,318,4,29,금
2022-04-29,7호선,고속터미널,19559,15335,34894,4224,4,29,금
2022-04-29,7호선,내방,15291,15778,31069,-487,4,29,금
2022-04-29,7호선,이수,17385,16931,34316,454,4,29,금
2022-04-29,7호선,남성,11924,10645,22569,1279,4,29,금
2022-04-29,7호선,숭실대입구(살피재),15607,15415,31022,192,4,29,금
2022-04-29,7호선,상도,12172,11330,23502,842,4,29,금
2022-04-29,7호선,장승배기,9517,9059,18576,458,4,29,금
2022-04-29,7호선,신대방삼거리,18025,16799,34824,1226,4,29,금
2022-04-29,7호선,보라매,10602,10496,21098,106,4,29,금
2022-04-29,7호선,신풍,12401,11776,24177,625,4,29,금
2022-04-29,7호선,대림(구로구청),8036,8256,16292,-220,4,29,금
2022-04-29,7호선,남구로,15906,16945,32851,-1039,4,29,금
2022-04-29,7호선,가산디지털단지,46231,46574,92805,-343,4,29,금
2022-04-29,7호선,철산,22960,23823,46783,-863,4,29,금
2022-04-29,7호선,광명사거리,23886,22819,46705,1067,4,29,금
2022-04-29,7호선,천왕,12237,11234,23471,1003,4,29,금
2022-04-29,7호선,온수(성공회대입구),11478,10762,22240,716,4,29,금
2022-04-29,8호선,암사,20280,17389,37669,2891,4,29,금
2022-04-29,8호선,천호(풍납토성),16151,19239,35390,-3088,4,29,금
2022-04-29,8호선,강동구청,11275,11344,22619,-69,4,29,금
2022-04-29,8호선,몽촌토성(평화의문),6655,6985,13640,-330,4,29,금
2022-04-29,8호선,잠실(송파구청),15176,19286,34462,-4110,4,29,금
2022-04-29,8호선,석촌,8551,9955,18506,-1404,4,29,금
2022-04-29,8호선,송파,9376,8907,18283,469,4,29,금
2022-04-29,8호선,가락시장,8400,9607,18007,-1207,4,29,금
2022-04-29,8호선,문정,22815,24181,46996,-1366,4,29,금
2022-04-29,8호선,장지,18966,17742,36708,1224,4,29,금
2022-04-29,8호선,복정,10914,9051,19965,1863,4,29,금
2022-04-29,8호선,산성,5890,5735,11625,155,4,29,금
2022-04-29,8호선,남한산성입구(성남법원.검찰청),16310,14329,30639,1981,4,29,금
2022-04-29,8호선,단대오거리,12296,11184,23480,1112,4,29,금
2022-04-29,8호선,신흥,4695,4934,9629,-239,4,29,금
2022-04-29,8호선,수진,5950,5230,11180,720,4,29,금
2022-04-29,8호선,모란,6835,5810,12645,1025,4,29,금
2022-04-29,8호선,남위례,5545,5719,11264,-174,4,29,금
2022-04-29,9호선,개화,2721,1895,4616,826,4,29,금
2022-04-29,9호선,김포공항,9368,13695,23063,-4327,4,29,금
2022-04-29,9호선,공항시장,3254,3408,6662,-154,4,29,금
2022-04-29,9호선,신방화,7279,6847,14126,432,4,29,금
2022-04-29,9호선,마곡나루(서울식물원),13264,13383,26647,-119,4,29,금
2022-04-29,9호선,양천향교,10803,10637,21440,166,4,29,금
2022-04-29,9호선,가양,22644,21233,43877,1411,4,29,금
2022-04-29,9호선,증미,7919,7548,15467,371,4,29,금
2022-04-29,9호선,등촌,12116,11275,23391,841,4,29,금
2022-04-29,9호선,염창,18890,17601,36491,1289,4,29,금
2022-04-29,9호선,신목동,4691,3936,8627,755,4,29,금
2022-04-29,9호선,선유도,9516,8805,18321,711,4,29,금
2022-04-29,9호선,당산,20225,20214,40439,11,4,29,금
2022-04-29,9호선,국회의사당,16166,16646,32812,-480,4,29,금
2022-04-29,9호선,여의도,30427,29264,59691,1163,4,29,금
2022-04-29,9호선,샛강,6538,6834,13372,-296,4,29,금
2022-04-29,9호선,노량진,29309,27451,56760,1858,4,29,금
2022-04-29,9호선,노들,4931,4005,8936,926,4,29,금
2022-04-29,9호선,흑석(중앙대입구),9943,9815,19758,128,4,29,금
2022-04-29,9호선,동작(현충원),2126,1878,4004,248,4,29,금
2022-04-29,9호선,구반포,1408,1451,2859,-43,4,29,금
2022-04-29,9호선,신반포,4038,3965,8003,73,4,29,금
2022-04-29,9호선,사평,4012,3777,7789,235,4,29,금
2022-04-29,9호선,신논현,36076,37673,73749,-1597,4,29,금
2022-04-29,9호선2~3단계,언주,10966,11318,22284,-352,4,29,금
2022-04-29,9호선2~3단계,선정릉,10333,11547,21880,-1214,4,29,금
2022-04-29,9호선2~3단계,삼성중앙,7305,7779,15084,-474,4,29,금
2022-04-29,9호선2~3단계,봉은사,17021,17674,34695,-653,4,29,금
2022-04-29,9호선2~3단계,종합운동장,4876,5845,10721,-969,4,29,금
2022-04-29,9호선2~3단계,삼전,7508,7080,14588,428,4,29,금
2022-04-29,9호선2~3단계,석촌고분,6634,6321,12955,313,4,29,금
2022-04-29,9호선2~3단계,석촌,9487,8121,17608,1366,4,29,금
2022-04-29,9호선2~3단계,송파나루,5821,6231,12052,-410,4,29,금
2022-04-29,9호선2~3단계,한성백제,2727,2621,5348,106,4,29,금
2022-04-29,9호선2~3단계,올림픽공원(한국체대),9098,9511,18609,-413,4,29,금
2022-04-29,9호선2~3단계,둔촌오륜,1316,1085,2401,231,4,29,금
2022-04-29,9호선2~3단계,중앙보훈병원,11249,9801,21050,1448,4,29,금
2022-04-29,경강선,판교,5004,5172,10176,-168,4,29,금
2022-04-29,경강선,이매,1280,1128,2408,152,4,29,금
2022-04-29,경강선,삼동,2654,2321,4975,333,4,29,금
2022-04-29,경강선,경기광주,8798,8135,16933,663,4,29,금
2022-04-29,경강선,초월,3517,3196,6713,321,4,29,금
2022-04-29,경강선,곤지암,2494,2416,4910,78,4,29,금
2022-04-29,경강선,신둔도예촌,1906,1667,3573,239,4,29,금
2022-04-29,경강선,이천,3081,3186,6267,-105,4,29,금
2022-04-29,경강선,부발,2908,2283,5191,625,4,29,금
2022-04-29,경강선,세종대왕릉,347,353,700,-6,4,29,금
2022-04-29,경강선,여주,2557,2804,5361,-247,4,29,금
2022-04-29,경부선,서울역,9290,2984,12274,6306,4,29,금
2022-04-29,경부선,남영,10397,10956,21353,-559,4,29,금
2022-04-29,경부선,용산,40421,42334,82755,-1913,4,29,금
2022-04-29,경부선,노량진,9474,9595,19069,-121,4,29,금
2022-04-29,경부선,대방,14212,14164,28376,48,4,29,금
2022-04-29,경부선,영등포,42997,45541,88538,-2544,4,29,금
2022-04-29,경부선,신도림,4301,4479,8780,-178,4,29,금
2022-04-29,경부선,신길,9615,7775,17390,1840,4,29,금
2022-04-29,경부선,구로,19229,20413,39642,-1184,4,29,금
2022-04-29,경부선,가산디지털단지,19205,22240,41445,-3035,4,29,금
2022-04-29,경부선,금천구청,12733,12710,25443,23,4,29,금
2022-04-29,경부선,석수,10483,9209,19692,1274,4,29,금
2022-04-29,경부선,관악,7987,7431,15418,556,4,29,금
2022-04-29,경부선,안양,27760,27627,55387,133,4,29,금
2022-04-29,경부선,명학,9974,9610,19584,364,4,29,금
2022-04-29,경부선,금정,29495,29608,59103,-113,4,29,금
2022-04-29,경부선,군포,7995,7871,15866,124,4,29,금
2022-04-29,경부선,의왕,10310,10132,20442,178,4,29,금
2022-04-29,경부선,성균관대,17657,16465,34122,1192,4,29,금
2022-04-29,경부선,화서,8767,8370,17137,397,4,29,금
2022-04-29,경부선,수원,42228,46842,89070,-4614,4,29,금
2022-04-29,경부선,독산,19899,20193,40092,-294,4,29,금
2022-04-29,경부선,세류,3494,3132,6626,362,4,29,금
2022-04-29,경부선,병점,17512,17527,35039,-15,4,29,금
2022-04-29,경부선,세마,3254,3008,6262,246,4,29,금
2022-04-29,경부선,오산대,4445,4129,8574,316,4,29,금
2022-04-29,경부선,오산,11289,11183,22472,106,4,29,금
2022-04-29,경부선,진위,2079,1678,3757,401,4,29,금
2022-04-29,경부선,송탄,5345,4792,10137,553,4,29,금
2022-04-29,경부선,서정리,9058,7439,16497,1619,4,29,금
2022-04-29,경부선,평택지제,4418,4022,8440,396,4,29,금
2022-04-29,경부선,평택,15642,15168,30810,474,4,29,금
2022-04-29,경부선,성환,5447,4472,9919,975,4,29,금
2022-04-29,경부선,직산,978,894,1872,84,4,29,금
2022-04-29,경부선,두정,8496,7622,16118,874,4,29,금
2022-04-29,경부선,천안,7866,7519,15385,347,4,29,금
2022-04-29,경부선,당정,7537,7013,14550,524,4,29,금
2022-04-29,경부선,서동탄,1521,1435,2956,86,4,29,금
2022-04-29,경부선,광명,4122,3618,7740,504,4,29,금
2022-04-29,경원선,이촌(국립중앙박물관),4174,3122,7296,1052,4,29,금
2022-04-29,경원선,서빙고,2152,1940,4092,212,4,29,금
2022-04-29,경원선,한남,4350,4187,8537,163,4,29,금
2022-04-29,경원선,옥수,63,33,96,30,4,29,금
2022-04-29,경원선,응봉,2101,1704,3805,397,4,29,금
2022-04-29,경원선,왕십리(성동구청),16124,17839,33963,-1715,4,29,금
2022-04-29,경원선,청량리(서울시립대입구),18534,18819,37353,-285,4,29,금
2022-04-29,경원선,외대앞,9676,9091,18767,585,4,29,금
2022-04-29,경원선,석계,9057,10174,19231,-1117,4,29,금
2022-04-29,경원선,광운대,9342,8804,18146,538,4,29,금
2022-04-29,경원선,월계,8306,7531,15837,775,4,29,금
2022-04-29,경원선,녹천,5112,4022,9134,1090,4,29,금
2022-04-29,경원선,방학,10563,10403,20966,160,4,29,금
2022-04-29,경원선,도봉,6420,6060,12480,360,4,29,금
2022-04-29,경원선,도봉산,7847,5064,12911,2783,4,29,금
2022-04-29,경원선,망월사,9122,8932,18054,190,4,29,금
2022-04-29,경원선,회룡,13906,13639,27545,267,4,29,금
2022-04-29,경원선,의정부,20435,22196,42631,-1761,4,29,금
2022-04-29,경원선,가능,7236,6827,14063,409,4,29,금
2022-04-29,경원선,녹양,5067,4667,9734,400,4,29,금
2022-04-29,경원선,양주,8708,8132,16840,576,4,29,금
2022-04-29,경원선,덕계,3415,3146,6561,269,4,29,금
2022-04-29,경원선,덕정,6794,6252,13046,542,4,29,금
2022-04-29,경원선,지행,7602,7497,15099,105,4,29,금
2022-04-29,경원선,동두천중앙,3487,3389,6876,98,4,29,금
2022-04-29,경원선,보산,2407,1882,4289,525,4,29,금
2022-04-29,경원선,동두천,2429,2615,5044,-186,4,29,금
2022-04-29,경원선,소요산,2589,2207,4796,382,4,29,금
2022-04-29,경의선,서울역,4857,6481,11338,-1624,4,29,금
2022-04-29,경의선,신촌,929,1325,2254,-396,4,29,금
2022-04-29,경의선,효창공원앞,3315,3703,7018,-388,4,29,금
2022-04-29,경의선,공덕,3834,3490,7324,344,4,29,금
2022-04-29,경의선,서강대,2342,2301,4643,41,4,29,금
2022-04-29,경의선,홍대입구,2093,2799,4892,-706,4,29,금
2022-04-29,경의선,가좌,6078,5762,11840,316,4,29,금
2022-04-29,경의선,디지털미디어시티,2926,2689,5615,237,4,29,금
2022-04-29,경의선,수색,2967,3094,6061,-127,4,29,금
2022-04-29,경의선,화전,3110,2716,5826,394,4,29,금
2022-04-29,경의선,강매,3651,3068,6719,583,4,29,금
2022-04-29,경의선,행신,9342,9159,18501,183,4,29,금
2022-04-29,경의선,능곡,4244,3965,8209,279,4,29,금
2022-04-29,경의선,곡산,681,707,1388,-26,4,29,금
2022-04-29,경의선,백마,7950,7488,15438,462,4,29,금
2022-04-29,경의선,풍산,6182,5817,11999,365,4,29,금
2022-04-29,경의선,일산,10396,10436,20832,-40,4,29,금
2022-04-29,경의선,탄현,8687,8251,16938,436,4,29,금
2022-04-29,경의선,야당,8886,9248,18134,-362,4,29,금
2022-04-29,경의선,운정,7752,7259,15011,493,4,29,금
2022-04-29,경의선,금릉,5574,5453,11027,121,4,29,금
2022-04-29,경의선,금촌,7267,6955,14222,312,4,29,금
2022-04-29,경의선,월롱,3224,2510,5734,714,4,29,금
2022-04-29,경의선,파주,1516,963,2479,553,4,29,금
2022-04-29,경의선,문산,6261,6042,12303,219,4,29,금
2022-04-29,경의선,임진강,14,7,21,7,4,29,금
2022-04-29,경의선,계양,2,0,2,2,4,29,금
2022-04-29,경인선,개봉,23165,22202,45367,963,4,29,금
2022-04-29,경인선,오류동,12954,11339,24293,1615,4,29,금
2022-04-29,경인선,역곡,30929,29800,60729,1129,4,29,금
2022-04-29,경인선,부천,35610,36364,71974,-754,4,29,금
2022-04-29,경인선,송내,29507,29342,58849,165,4,29,금
2022-04-29,경인선,부평,32020,36754,68774,-4734,4,29,금
2022-04-29,경인선,백운,7499,7246,14745,253,4,29,금
2022-04-29,경인선,동암,15475,15740,31215,-265,4,29,금
2022-04-29,경인선,주안,21568,19193,40761,2375,4,29,금
2022-04-29,경인선,제물포,12350,11329,23679,1021,4,29,금
2022-04-29,경인선,동인천,15067,14489,29556,578,4,29,금
2022-04-29,경인선,인천,4186,3351,7537,835,4,29,금
2022-04-29,경인선,구일,8608,8274,16882,334,4,29,금
2022-04-29,경인선,소사,9568,8972,18540,596,4,29,금
2022-04-29,경인선,부개,9385,8508,17893,877,4,29,금
2022-04-29,경인선,간석,6639,6123,12762,516,4,29,금
2022-04-29,경인선,도원,3547,3517,7064,30,4,29,금
2022-04-29,경인선,온수(성공회대입구),7780,7276,15056,504,4,29,금
2022-04-29,경인선,중동,9997,9286,19283,711,4,29,금
2022-04-29,경인선,도화,4556,4132,8688,424,4,29,금
2022-04-29,경춘선,신내,2440,2278,4718,162,4,29,금
2022-04-29,경춘선,갈매,3362,2871,6233,491,4,29,금
2022-04-29,경춘선,별내,3478,3265,6743,213,4,29,금
2022-04-29,경춘선,퇴계원,3910,3573,7483,337,4,29,금
2022-04-29,경춘선,사릉,2733,2659,5392,74,4,29,금
2022-04-29,경춘선,금곡,1661,1619,3280,42,4,29,금
2022-04-29,경춘선,평내호평,6944,6930,13874,14,4,29,금
2022-04-29,경춘선,천마산,1755,1663,3418,92,4,29,금
2022-04-29,경춘선,마석,4337,4276,8613,61,4,29,금
2022-04-29,경춘선,대성리,638,1409,2047,-771,4,29,금
2022-04-29,경춘선,청평,1845,2131,3976,-286,4,29,금
2022-04-29,경춘선,상천,300,273,573,27,4,29,금
2022-04-29,경춘선,가평,1809,2203,4012,-394,4,29,금
2022-04-29,경춘선,굴봉산,167,159,326,8,4,29,금
2022-04-29,경춘선,백양리,115,131,246,-16,4,29,금
2022-04-29,경춘선,강촌,576,689,1265,-113,4,29,금
2022-04-29,경춘선,김유정,320,377,697,-57,4,29,금
2022-04-29,경춘선,남춘천,3851,3048,6899,803,4,29,금
2022-04-29,경춘선,춘천,2182,1611,3793,571,4,29,금
2022-04-29,공항철도 1호선,서울역,10526,9857,20383,669,4,29,금
2022-04-29,공항철도 1호선,공덕,2472,3407,5879,-935,4,29,금
2022-04-29,공항철도 1호선,홍대입구,11955,12822,24777,-867,4,29,금
2022-04-29,공항철도 1호선,디지털미디어시티,14792,13587,28379,1205,4,29,금
2022-04-29,공항철도 1호선,마곡나루(서울식물원),9669,9329,18998,340,4,29,금
2022-04-29,공항철도 1호선,김포공항,15023,7611,22634,7412,4,29,금
2022-04-29,공항철도 1호선,계양,11497,10777,22274,720,4,29,금
2022-04-29,공항철도 1호선,검암,7026,7004,14030,22,4,29,금
2022-04-29,공항철도 1호선,청라국제도시,7650,7290,14940,360,4,29,금
2022-04-29,공항철도 1호선,운서,7655,7474,15129,181,4,29,금
2022-04-29,공항철도 1호선,공항화물청사,2344,2521,4865,-177,4,29,금
2022-04-29,공항철도 1호선,인천공항1터미널,5863,5421,11284,442,4,29,금
2022-04-29,공항철도 1호선,인천공항2터미널,2775,2596,5371,179,4,29,금
2022-04-29,공항철도 1호선,영종,3453,3626,7079,-173,4,29,금
2022-04-29,과천선,선바위,9554,8037,17591,1517,4,29,금
2022-04-29,과천선,경마공원,7485,7638,15123,-153,4,29,금
2022-04-29,과천선,대공원,5952,5911,11863,41,4,29,금
2022-04-29,과천선,과천,7280,6620,13900,660,4,29,금
2022-04-29,과천선,정부과천청사,12024,11727,23751,297,4,29,금
2022-04-29,과천선,인덕원,27332,27728,55060,-396,4,29,금
2022-04-29,과천선,평촌,19075,18720,37795,355,4,29,금
2022-04-29,과천선,범계,29615,30278,59893,-663,4,29,금
2022-04-29,분당선,선릉,13966,21936,35902,-7970,4,29,금
2022-04-29,분당선,한티,15362,16033,31395,-671,4,29,금
2022-04-29,분당선,도곡,7773,7345,15118,428,4,29,금
2022-04-29,분당선,구룡,2561,2399,4960,162,4,29,금
2022-04-29,분당선,개포동,4420,4649,9069,-229,4,29,금
2022-04-29,분당선,대모산입구,5182,4658,9840,524,4,29,금
2022-04-29,분당선,수서,16024,16503,32527,-479,4,29,금
2022-04-29,분당선,수원,9763,8232,17995,1531,4,29,금
2022-04-29,분당선,서울숲,13392,13946,27338,-554,4,29,금
2022-04-29,분당선,압구정로데오,22197,26134,48331,-3937,4,29,금
2022-04-29,분당선,강남구청,10991,12736,23727,-1745,4,29,금
2022-04-29,분당선,선정릉,8428,9141,17569,-713,4,29,금
2022-04-29,분당선,가천대,12367,12291,24658,76,4,29,금
2022-04-29,분당선,태평,14689,13860,28549,829,4,29,금
2022-04-29,분당선,모란,28305,29489,57794,-1184,4,29,금
2022-04-29,분당선,야탑,29247,30569,59816,-1322,4,29,금
2022-04-29,분당선,서현,28691,29475,58166,-784,4,29,금
2022-04-29,분당선,수내,14422,14377,28799,45,4,29,금
2022-04-29,분당선,정자,19408,20563,39971,-1155,4,29,금
2022-04-29,분당선,미금,17114,18176,35290,-1062,4,29,금
2022-04-29,분당선,오리,12952,10312,23264,2640,4,29,금
2022-04-29,분당선,이매,6777,6099,12876,678,4,29,금
2022-04-29,분당선,보정,3089,2506,5595,583,4,29,금
2022-04-29,분당선,죽전,16197,17524,33721,-1327,4,29,금
2022-04-29,분당선,구성,5637,5950,11587,-313,4,29,금
2022-04-29,분당선,신갈,4986,4901,9887,85,4,29,금
2022-04-29,분당선,기흥,11164,10451,21615,713,4,29,금
2022-04-29,분당선,상갈,6386,6055,12441,331,4,29,금
2022-04-29,분당선,청명,4963,4603,9566,360,4,29,금
2022-04-29,분당선,영통,9824,9962,19786,-138,4,29,금
2022-04-29,분당선,망포,16675,15097,31772,1578,4,29,금
2022-04-29,분당선,매탄권선,5799,5457,11256,342,4,29,금
2022-04-29,분당선,수원시청,14276,16763,31039,-2487,4,29,금
2022-04-29,분당선,매교,3451,3382,6833,69,4,29,금
2022-04-29,수인선,고색,5271,4870,10141,401,4,29,금
2022-04-29,수인선,오목천,4175,3621,7796,554,4,29,금
2022-04-29,수인선,어천,936,874,1810,62,4,29,금
2022-04-29,수인선,야목,471,353,824,118,4,29,금
2022-04-29,수인선,사리,5754,4871,10625,883,4,29,금
2022-04-29,수인선,달월,102,76,178,26,4,29,금
2022-04-29,수인선,월곶,2942,2757,5699,185,4,29,금
2022-04-29,수인선,소래포구,6415,6175,12590,240,4,29,금
2022-04-29,수인선,인천논현,6011,6452,12463,-441,4,29,금
2022-04-29,수인선,호구포,4385,4418,8803,-33,4,29,금
2022-04-29,수인선,남동인더스파크,2322,2604,4926,-282,4,29,금
2022-04-29,수인선,원인재,4842,5169,10011,-327,4,29,금
2022-04-29,수인선,연수,5197,5178,10375,19,4,29,금
2022-04-29,수인선,송도,2718,2567,5285,151,4,29,금
2022-04-29,수인선,인하대,7904,7186,15090,718,4,29,금
2022-04-29,수인선,숭의,4307,3840,8147,467,4,29,금
2022-04-29,수인선,신포,2032,2140,4172,-108,4,29,금
2022-04-29,수인선,인천,1284,1947,3231,-663,4,29,금
2022-04-29,안산선,산본,17987,19351,37338,-1364,4,29,금
2022-04-29,안산선,대야미,5765,4934,10699,831,4,29,금
2022-04-29,안산선,반월,4725,4516,9241,209,4,29,금
2022-04-29,안산선,상록수,17869,17605,35474,264,4,29,금
2022-04-29,안산선,한대앞,11639,11496,23135,143,4,29,금
2022-04-29,안산선,중앙,21247,22832,44079,-1585,4,29,금
2022-04-29,안산선,고잔,9586,9269,18855,317,4,29,금
2022-04-29,안산선,초지,5312,5604,10916,-292,4,29,금
2022-04-29,안산선,안산,12628,11678,24306,950,4,29,금
2022-04-29,안산선,신길온천,1980,1828,3808,152,4,29,금
2022-04-29,안산선,정왕,11442,10661,22103,781,4,29,금
2022-04-29,안산선,오이도,9993,10198,20191,-205,4,29,금
2022-04-29,안산선,수리산,5285,4652,9937,633,4,29,금
2022-04-29,우이신설선,북한산우이,2902,2662,5564,240,4,29,금
2022-04-29,우이신설선,솔밭공원,2664,2424,5088,240,4,29,금
2022-04-29,우이신설선,4.19민주묘지,3789,3544,7333,245,4,29,금
2022-04-29,우이신설선,가오리,4442,4261,8703,181,4,29,금
2022-04-29,우이신설선,화계,3608,3265,6873,343,4,29,금
2022-04-29,우이신설선,삼양,2214,2211,4425,3,4,29,금
2022-04-29,우이신설선,삼양사거리,2616,2599,5215,17,4,29,금
2022-04-29,우이신설선,솔샘,6424,5825,12249,599,4,29,금
2022-04-29,우이신설선,북한산보국문,6961,6291,13252,670,4,29,금
2022-04-29,우이신설선,정릉,5677,4855,10532,822,4,29,금
2022-04-29,우이신설선,성신여대입구(돈암),3809,4278,8087,-469,4,29,금
2022-04-29,우이신설선,보문,1721,1658,3379,63,4,29,금
2022-04-29,우이신설선,신설동,2325,2273,4598,52,4,29,금
2022-04-29,일산선,원흥,11985,10877,22862,1108,4,29,금
2022-04-29,일산선,삼송,21546,20375,41921,1171,4,29,금
2022-04-29,일산선,원당,12290,11390,23680,900,4,29,금
2022-04-29,일산선,화정,19426,19809,39235,-383,4,29,금
2022-04-29,일산선,대곡,2380,1874,4254,506,4,29,금
2022-04-29,일산선,백석,10550,10542,21092,8,4,29,금
2022-04-29,일산선,마두,7976,8183,16159,-207,4,29,금
2022-04-29,일산선,정발산,9183,9425,18608,-242,4,29,금
2022-04-29,일산선,주엽,9766,10060,19826,-294,4,29,금
2022-04-29,일산선,대화,13750,10892,24642,2858,4,29,금
2022-04-29,장항선,봉명,1425,1276,2701,149,4,29,금
2022-04-29,장항선,쌍용(나사렛대),3209,2650,5859,559,4,29,금
2022-04-29,장항선,아산,4895,4652,9547,243,4,29,금
2022-04-29,장항선,탕정,1001,844,1845,157,4,29,금
2022-04-29,장항선,배방,1483,1369,2852,114,4,29,금
2022-04-29,장항선,온양온천,5423,5783,11206,-360,4,29,금
2022-04-29,장항선,신창(순천향대),3837,2262,6099,1575,4,29,금
2022-04-29,중앙선,회기,28543,26769,55312,1774,4,29,금
2022-04-29,중앙선,중랑,6076,5673,11749,403,4,29,금
2022-04-29,중앙선,상봉(시외버스터미널),6430,6361,12791,69,4,29,금
2022-04-29,중앙선,망우,8546,8314,16860,232,4,29,금
2022-04-29,중앙선,양원,3305,3041,6346,264,4,29,금
2022-04-29,중앙선,구리,14908,15384,30292,-476,4,29,금
2022-04-29,중앙선,도농,12101,10958,23059,1143,4,29,금
2022-04-29,중앙선,양정,752,676,1428,76,4,29,금
2022-04-29,중앙선,덕소,6173,6216,12389,-43,4,29,금
2022-04-29,중앙선,도심,2677,2116,4793,561,4,29,금
2022-04-29,중앙선,팔당,1025,1057,2082,-32,4,29,금
2022-04-29,중앙선,운길산,848,819,1667,29,4,29,금
2022-04-29,중앙선,양수,2017,2060,4077,-43,4,29,금
2022-04-29,중앙선,신원,199,215,414,-16,4,29,금
2022-04-29,중앙선,국수,861,849,1710,12,4,29,금
2022-04-29,중앙선,아신,594,595,1189,-1,4,29,금
2022-04-29,중앙선,오빈,297,337,634,-40,4,29,금
2022-04-29,중앙선,양평,3197,3433,6630,-236,4,29,금
2022-04-29,중앙선,원덕,445,438,883,7,4,29,금
2022-04-29,중앙선,용문,2030,2294,4324,-264,4,29,금
2022-04-29,중앙선,지평,63,72,135,-9,4,29,금
2022-04-29,경원선,신이문,8983,8194,17177,789,4,29,금
2022-04-30,중앙선,용문,4923,5206,10129,-283,4,30,토
2022-04-30,1호선,서울역,38627,38918,77545,-291,4,30,토
2022-04-30,1호선,시청,16058,16299,32357,-241,4,30,토
2022-04-30,1호선,종각,36679,27533,64212,9146,4,30,토
2022-04-30,1호선,종로3가,34784,29355,64139,5429,4,30,토
2022-04-30,1호선,종로5가,28210,25594,53804,2616,4,30,토
2022-04-30,1호선,동대문,14552,13181,27733,1371,4,30,토
2022-04-30,1호선,신설동,12068,10907,22975,1161,4,30,토
2022-04-30,1호선,제기동,16631,17034,33665,-403,4,30,토
2022-04-30,1호선,청량리(서울시립대입구),19741,21383,41124,-1642,4,30,토
2022-04-30,1호선,동묘앞,13126,13439,26565,-313,4,30,토
2022-04-30,2호선,시청,11561,9734,21295,1827,4,30,토
2022-04-30,2호선,을지로입구,27498,25746,53244,1752,4,30,토
2022-04-30,2호선,을지로3가,15747,15600,31347,147,4,30,토
2022-04-30,2호선,을지로4가,8905,9255,18160,-350,4,30,토
2022-04-30,2호선,동대문역사문화공원(DDP),13061,14446,27507,-1385,4,30,토
2022-04-30,2호선,신당,12310,12882,25192,-572,4,30,토
2022-04-30,2호선,상왕십리,10594,9830,20424,764,4,30,토
2022-04-30,2호선,왕십리(성동구청),14974,13262,28236,1712,4,30,토
2022-04-30,2호선,한양대,5162,5387,10549,-225,4,30,토
2022-04-30,2호선,뚝섬,18382,18558,36940,-176,4,30,토
2022-04-30,2호선,성수,25166,28565,53731,-3399,4,30,토
2022-04-30,2호선,건대입구,42017,45632,87649,-3615,4,30,토
2022-04-30,2호선,구의(광진구청),17557,16687,34244,870,4,30,토
2022-04-30,2호선,강변(동서울터미널),30607,30260,60867,347,4,30,토
2022-04-30,2호선,잠실나루,8352,8193,16545,159,4,30,토
2022-04-30,2호선,잠실(송파구청),85814,81830,167644,3984,4,30,토
2022-04-30,2호선,잠실새내,19684,20529,40213,-845,4,30,토
2022-04-30,2호선,종합운동장,17722,19774,37496,-2052,4,30,토
2022-04-30,2호선,삼성(무역센터),30081,29912,59993,169,4,30,토
2022-04-30,2호선,선릉,25669,22986,48655,2683,4,30,토
2022-04-30,2호선,역삼,18898,20779,39677,-1881,4,30,토
2022-04-30,2호선,강남,66438,69086,135524,-2648,4,30,토
2022-04-30,2호선,교대(법원.검찰청),19232,21304,40536,-2072,4,30,토
2022-04-30,2호선,서초,12075,9671,21746,2404,4,30,토
2022-04-30,2호선,방배,10948,11106,22054,-158,4,30,토
2022-04-30,2호선,사당,33689,38925,72614,-5236,4,30,토
2022-04-30,2호선,낙성대(강감찬),23435,21504,44939,1931,4,30,토
2022-04-30,2호선,서울대입구(관악구청),41169,39537,80706,1632,4,30,토
2022-04-30,2호선,봉천,18149,16365,34514,1784,4,30,토
2022-04-30,2호선,신림,53593,50901,104494,2692,4,30,토
2022-04-30,2호선,신대방,21460,20309,41769,1151,4,30,토
2022-04-30,2호선,구로디지털단지,36372,35338,71710,1034,4,30,토
2022-04-30,2호선,대림(구로구청),18649,19528,38177,-879,4,30,토
2022-04-30,2호선,신도림,44145,44885,89030,-740,4,30,토
2022-04-30,2호선,문래,13919,14923,28842,-1004,4,30,토
2022-04-30,2호선,영등포구청,13430,14244,27674,-814,4,30,토
2022-04-30,2호선,당산,14313,15362,29675,-1049,4,30,토
2022-04-30,2호선,합정,32173,37308,69481,-5135,4,30,토
2022-04-30,2호선,홍대입구,76902,86985,163887,-10083,4,30,토
2022-04-30,2호선,신촌,34479,35298,69777,-819,4,30,토
2022-04-30,2호선,이대,12005,12884,24889,-879,4,30,토
2022-04-30,2호선,아현,8208,7872,16080,336,4,30,토
2022-04-30,2호선,충정로(경기대입구),6065,6506,12571,-441,4,30,토
2022-04-30,2호선,용답,2365,2202,4567,163,4,30,토
2022-04-30,2호선,신답,1152,1249,2401,-97,4,30,토
2022-04-30,2호선,신설동,3862,3741,7603,121,4,30,토
2022-04-30,2호선,도림천,810,829,1639,-19,4,30,토
2022-04-30,2호선,양천구청,4891,4854,9745,37,4,30,토
2022-04-30,2호선,신정네거리,7990,7780,15770,210,4,30,토
2022-04-30,2호선,용두(동대문구청),1807,1788,3595,19,4,30,토
2022-04-30,3호선,지축,3805,3465,7270,340,4,30,토
2022-04-30,3호선,구파발,16735,17174,33909,-439,4,30,토
2022-04-30,3호선,연신내,30667,29252,59919,1415,4,30,토
2022-04-30,3호선,불광,13759,15681,29440,-1922,4,30,토
2022-04-30,3호선,녹번,11390,10095,21485,1295,4,30,토
2022-04-30,3호선,홍제,14491,14070,28561,421,4,30,토
2022-04-30,3호선,무악재,3043,3322,6365,-279,4,30,토
2022-04-30,3호선,독립문,7233,7868,15101,-635,4,30,토
2022-04-30,3호선,경복궁(정부서울청사),24771,24009,48780,762,4,30,토
2022-04-30,3호선,안국,25024,24453,49477,571,4,30,토
2022-04-30,3호선,종로3가,7306,11056,18362,-3750,4,30,토
2022-04-30,3호선,을지로3가,7138,7480,14618,-342,4,30,토
2022-04-30,3호선,동대입구,9797,14336,24133,-4539,4,30,토
2022-04-30,3호선,약수,10287,9669,19956,618,4,30,토
2022-04-30,3호선,금호,6294,5727,12021,567,4,30,토
2022-04-30,3호선,옥수,7717,7814,15531,-97,4,30,토
2022-04-30,3호선,압구정,26215,28438,54653,-2223,4,30,토
2022-04-30,3호선,신사,28904,30687,59591,-1783,4,30,토
2022-04-30,3호선,잠원,3817,3626,7443,191,4,30,토
2022-04-30,3호선,고속터미널,57031,57063,114094,-32,4,30,토
2022-04-30,3호선,교대(법원.검찰청),7891,4889,12780,3002,4,30,토
2022-04-30,3호선,남부터미널(예술의전당),22953,22642,45595,311,4,30,토
2022-04-30,3호선,양재(서초구청),22673,25467,48140,-2794,4,30,토
2022-04-30,3호선,매봉,6841,6578,13419,263,4,30,토
2022-04-30,3호선,도곡,3764,3839,7603,-75,4,30,토
2022-04-30,3호선,대치,8217,7590,15807,627,4,30,토
2022-04-30,3호선,학여울,2995,3095,6090,-100,4,30,토
2022-04-30,3호선,대청,6366,5748,12114,618,4,30,토
2022-04-30,3호선,일원,5203,5149,10352,54,4,30,토
2022-04-30,3호선,수서,15173,14585,29758,588,4,30,토
2022-04-30,3호선,가락시장,6427,6085,12512,342,4,30,토
2022-04-30,3호선,경찰병원,4208,4128,8336,80,4,30,토
2022-04-30,3호선,오금,4022,3789,7811,233,4,30,토
2022-04-30,4호선,당고개,7940,7152,15092,788,4,30,토
2022-04-30,4호선,상계,17162,16103,33265,1059,4,30,토
2022-04-30,4호선,노원,17158,19462,36620,-2304,4,30,토
2022-04-30,4호선,창동,21416,22148,43564,-732,4,30,토
2022-04-30,4호선,쌍문,23277,20616,43893,2661,4,30,토
2022-04-30,4호선,수유(강북구청),28576,28267,56843,309,4,30,토
2022-04-30,4호선,미아(서울사이버대학),11360,10867,22227,493,4,30,토
2022-04-30,4호선,미아사거리,23965,23408,47373,557,4,30,토
2022-04-30,4호선,길음,16480,15672,32152,808,4,30,토
2022-04-30,4호선,성신여대입구(돈암),18702,18146,36848,556,4,30,토
2022-04-30,4호선,한성대입구(삼선교),12601,12472,25073,129,4,30,토
2022-04-30,4호선,혜화,33267,34817,68084,-1550,4,30,토
2022-04-30,4호선,동대문,19124,18416,37540,708,4,30,토
2022-04-30,4호선,동대문역사문화공원(DDP),14483,12169,26652,2314,4,30,토
2022-04-30,4호선,충무로,16350,17847,34197,-1497,4,30,토
2022-04-30,4호선,명동,17558,19658,37216,-2100,4,30,토
2022-04-30,4호선,회현(남대문시장),21142,22823,43965,-1681,4,30,토
2022-04-30,4호선,서울역,6969,16286,23255,-9317,4,30,토
2022-04-30,4호선,숙대입구(갈월),10951,10393,21344,558,4,30,토
2022-04-30,4호선,삼각지,4231,5724,9955,-1493,4,30,토
2022-04-30,4호선,신용산,11849,12871,24720,-1022,4,30,토
2022-04-30,4호선,이촌(국립중앙박물관),8649,9622,18271,-973,4,30,토
2022-04-30,4호선,동작(현충원),1669,1764,3433,-95,4,30,토
2022-04-30,4호선,총신대입구(이수),15670,16678,32348,-1008,4,30,토
2022-04-30,4호선,사당,24972,21031,46003,3941,4,30,토
2022-04-30,4호선,남태령,1195,678,1873,517,4,30,토
2022-04-30,5호선,방화,4944,4683,9627,261,4,30,토
2022-04-30,5호선,개화산,4075,3864,7939,211,4,30,토
2022-04-30,5호선,김포공항,8410,8278,16688,132,4,30,토
2022-04-30,5호선,송정,5479,5180,10659,299,4,30,토
2022-04-30,5호선,마곡,5825,5787,11612,38,4,30,토
2022-04-30,5호선,발산,14784,15997,30781,-1213,4,30,토
2022-04-30,5호선,우장산,10511,10052,20563,459,4,30,토
2022-04-30,5호선,화곡,21557,19446,41003,2111,4,30,토
2022-04-30,5호선,까치산,22555,20927,43482,1628,4,30,토
2022-04-30,5호선,신정(은행정),9706,8136,17842,1570,4,30,토
2022-04-30,5호선,목동,11839,11817,23656,22,4,30,토
2022-04-30,5호선,오목교(목동운동장앞),16958,17672,34630,-714,4,30,토
2022-04-30,5호선,양평,3913,3661,7574,252,4,30,토
2022-04-30,5호선,영등포구청,2068,2023,4091,45,4,30,토
2022-04-30,5호선,영등포시장,8765,9259,18024,-494,4,30,토
2022-04-30,5호선,신길,2827,2915,5742,-88,4,30,토
2022-04-30,5호선,여의도,14230,14288,28518,-58,4,30,토
2022-04-30,5호선,여의나루,20969,24752,45721,-3783,4,30,토
2022-04-30,5호선,마포,8250,8544,16794,-294,4,30,토
2022-04-30,5호선,공덕,7674,8314,15988,-640,4,30,토
2022-04-30,5호선,애오개,3965,3937,7902,28,4,30,토
2022-04-30,5호선,충정로(경기대입구),2796,2100,4896,696,4,30,토
2022-04-30,5호선,서대문,9209,8035,17244,1174,4,30,토
2022-04-30,5호선,광화문(세종문화회관),23300,21987,45287,1313,4,30,토
2022-04-30,5호선,종로3가,16783,17258,34041,-475,4,30,토
2022-04-30,5호선,을지로4가,4288,4698,8986,-410,4,30,토
2022-04-30,5호선,동대문역사문화공원(DDP),1126,1447,2573,-321,4,30,토
2022-04-30,5호선,청구,2806,2554,5360,252,4,30,토
2022-04-30,5호선,신금호,4527,4670,9197,-143,4,30,토
2022-04-30,5호선,행당,5754,4934,10688,820,4,30,토
2022-04-30,5호선,왕십리(성동구청),3768,4609,8377,-841,4,30,토
2022-04-30,5호선,마장,4100,3914,8014,186,4,30,토
2022-04-30,5호선,답십리,11169,10318,21487,851,4,30,토
2022-04-30,5호선,장한평,12052,11860,23912,192,4,30,토
2022-04-30,5호선,군자(능동),9273,10395,19668,-1122,4,30,토
2022-04-30,5호선,아차산(어린이대공원후문),14650,14308,28958,342,4,30,토
2022-04-30,5호선,광나루(장신대),11053,10372,21425,681,4,30,토
2022-04-30,5호선,천호(풍납토성),18311,17696,36007,615,4,30,토
2022-04-30,5호선,강동,14401,13680,28081,721,4,30,토
2022-04-30,5호선,길동,6344,6475,12819,-131,4,30,토
2022-04-30,5호선,굽은다리(강동구민회관앞),7655,7076,14731,579,4,30,토
2022-04-30,5호선,명일,6600,6396,12996,204,4,30,토
2022-04-30,5호선,고덕,6741,6405,13146,336,4,30,토
2022-04-30,5호선,상일동,10204,9285,19489,919,4,30,토
2022-04-30,5호선,둔촌동,6423,6309,12732,114,4,30,토
2022-04-30,5호선,올림픽공원(한국체대),4267,4022,8289,245,4,30,토
2022-04-30,5호선,방이,5346,5051,10397,295,4,30,토
2022-04-30,5호선,오금,2329,2091,4420,238,4,30,토
2022-04-30,5호선,개롱,4559,4664,9223,-105,4,30,토
2022-04-30,5호선,거여,7000,6516,13516,484,4,30,토
2022-04-30,5호선,마천,5129,5208,10337,-79,4,30,토
2022-04-30,5호선,강일,3159,3026,6185,133,4,30,토
2022-04-30,5호선,미사,13367,13577,26944,-210,4,30,토
2022-04-30,5호선,하남풍산,2976,2896,5872,80,4,30,토
2022-04-30,5호선,하남시청(덕풍·신장),6058,5754,11812,304,4,30,토
2022-04-30,5호선,하남검단산,6139,6017,12156,122,4,30,토
2022-04-30,6호선,응암,13393,12970,26363,423,4,30,토
2022-04-30,6호선,역촌,2750,3043,5793,-293,4,30,토
2022-04-30,6호선,불광,4190,3734,7924,456,4,30,토
2022-04-30,6호선,독바위,2107,2350,4457,-243,4,30,토
2022-04-30,6호선,구산,5671,4132,9803,1539,4,30,토
2022-04-30,6호선,새절(신사),9097,8609,17706,488,4,30,토
2022-04-30,6호선,증산(명지대앞),7638,7388,15026,250,4,30,토
2022-04-30,6호선,디지털미디어시티,7852,8055,15907,-203,4,30,토
2022-04-30,6호선,월드컵경기장(성산),4578,4862,9440,-284,4,30,토
2022-04-30,6호선,마포구청,10267,8877,19144,1390,4,30,토
2022-04-30,6호선,망원,14230,16038,30268,-1808,4,30,토
2022-04-30,6호선,합정,13941,13548,27489,393,4,30,토
2022-04-30,6호선,상수,9504,11601,21105,-2097,4,30,토
2022-04-30,6호선,광흥창(서강),5730,5125,10855,605,4,30,토
2022-04-30,6호선,대흥(서강대앞),5890,6082,11972,-192,4,30,토
2022-04-30,6호선,공덕,10828,10011,20839,817,4,30,토
2022-04-30,6호선,효창공원앞,5122,4440,9562,682,4,30,토
2022-04-30,6호선,삼각지,6174,4738,10912,1436,4,30,토
2022-04-30,6호선,녹사평(용산구청),6132,7288,13420,-1156,4,30,토
2022-04-30,6호선,이태원,17292,22478,39770,-5186,4,30,토
2022-04-30,6호선,한강진,9786,12717,22503,-2931,4,30,토
2022-04-30,6호선,버티고개,1597,1580,3177,17,4,30,토
2022-04-30,6호선,약수,2684,2705,5389,-21,4,30,토
2022-04-30,6호선,청구,2655,2635,5290,20,4,30,토
2022-04-30,6호선,신당,6866,6177,13043,689,4,30,토
2022-04-30,6호선,동묘앞,9598,8733,18331,865,4,30,토
2022-04-30,6호선,창신,2347,2002,4349,345,4,30,토
2022-04-30,6호선,보문,5642,5160,10802,482,4,30,토
2022-04-30,6호선,안암(고대병원앞),7811,7373,15184,438,4,30,토
2022-04-30,6호선,고려대(종암),6163,5917,12080,246,4,30,토
2022-04-30,6호선,월곡(동덕여대),8176,7844,16020,332,4,30,토
2022-04-30,6호선,상월곡(한국과학기술연구원),4485,3848,8333,637,4,30,토
2022-04-30,6호선,돌곶이,6536,5959,12495,577,4,30,토
2022-04-30,6호선,석계,9270,9380,18650,-110,4,30,토
2022-04-30,6호선,태릉입구,4492,4904,9396,-412,4,30,토
2022-04-30,6호선,화랑대(서울여대입구),8030,6354,14384,1676,4,30,토
2022-04-30,6호선,봉화산(서울의료원),5711,5617,11328,94,4,30,토
2022-04-30,7호선,장암,1862,1282,3144,580,4,30,토
2022-04-30,7호선,도봉산,7166,9751,16917,-2585,4,30,토
2022-04-30,7호선,수락산,10935,10492,21427,443,4,30,토
2022-04-30,7호선,마들,9415,8435,17850,980,4,30,토
2022-04-30,7호선,노원,16783,17705,34488,-922,4,30,토
2022-04-30,7호선,중계,9907,8750,18657,1157,4,30,토
2022-04-30,7호선,하계,14024,12868,26892,1156,4,30,토
2022-04-30,7호선,공릉(서울과학기술대),9916,9367,19283,549,4,30,토
2022-04-30,7호선,태릉입구,7211,6656,13867,555,4,30,토
2022-04-30,7호선,먹골,8167,7723,15890,444,4,30,토
2022-04-30,7호선,중화,8014,7522,15536,492,4,30,토
2022-04-30,7호선,상봉(시외버스터미널),14154,13867,28021,287,4,30,토
2022-04-30,7호선,면목,11451,10744,22195,707,4,30,토
2022-04-30,7호선,사가정,13022,12411,25433,611,4,30,토
2022-04-30,7호선,용마산(용마폭포공원),4686,4814,9500,-128,4,30,토
2022-04-30,7호선,중곡,7476,6790,14266,686,4,30,토
2022-04-30,7호선,군자(능동),11469,8566,20035,2903,4,30,토
2022-04-30,7호선,어린이대공원(세종대),12195,12150,24345,45,4,30,토
2022-04-30,7호선,건대입구,12039,13598,25637,-1559,4,30,토
2022-04-30,7호선,뚝섬유원지,15126,15105,30231,21,4,30,토
2022-04-30,7호선,청담,11822,13021,24843,-1199,4,30,토
2022-04-30,7호선,강남구청,10466,11661,22127,-1195,4,30,토
2022-04-30,7호선,학동,11148,11715,22863,-567,4,30,토
2022-04-30,7호선,논현,11291,12464,23755,-1173,4,30,토
2022-04-30,7호선,반포,4741,4584,9325,157,4,30,토
2022-04-30,7호선,고속터미널,17098,12753,29851,4345,4,30,토
2022-04-30,7호선,내방,8279,8222,16501,57,4,30,토
2022-04-30,7호선,이수,13087,12615,25702,472,4,30,토
2022-04-30,7호선,남성,8422,7454,15876,968,4,30,토
2022-04-30,7호선,숭실대입구(살피재),9739,9157,18896,582,4,30,토
2022-04-30,7호선,상도,8484,7593,16077,891,4,30,토
2022-04-30,7호선,장승배기,6672,6132,12804,540,4,30,토
2022-04-30,7호선,신대방삼거리,12221,11280,23501,941,4,30,토
2022-04-30,7호선,보라매,6973,6632,13605,341,4,30,토
2022-04-30,7호선,신풍,8574,8075,16649,499,4,30,토
2022-04-30,7호선,대림(구로구청),7295,7798,15093,-503,4,30,토
2022-04-30,7호선,남구로,8489,8932,17421,-443,4,30,토
2022-04-30,7호선,가산디지털단지,15867,14244,30111,1623,4,30,토
2022-04-30,7호선,철산,16182,16558,32740,-376,4,30,토
2022-04-30,7호선,광명사거리,18143,17606,35749,537,4,30,토
2022-04-30,7호선,천왕,7614,7001,14615,613,4,30,토
2022-04-30,7호선,온수(성공회대입구),5938,6067,12005,-129,4,30,토
2022-04-30,7호선,부천시청,1,0,1,1,4,30,토
2022-04-30,8호선,암사,12963,11721,24684,1242,4,30,토
2022-04-30,8호선,천호(풍납토성),12584,14930,27514,-2346,4,30,토
2022-04-30,8호선,강동구청,6486,6493,12979,-7,4,30,토
2022-04-30,8호선,몽촌토성(평화의문),5039,5063,10102,-24,4,30,토
2022-04-30,8호선,잠실(송파구청),14219,17507,31726,-3288,4,30,토
2022-04-30,8호선,석촌,6345,7966,14311,-1621,4,30,토
2022-04-30,8호선,송파,5870,5620,11490,250,4,30,토
2022-04-30,8호선,가락시장,5485,5738,11223,-253,4,30,토
2022-04-30,8호선,문정,9399,9227,18626,172,4,30,토
2022-04-30,8호선,장지,13139,11838,24977,1301,4,30,토
2022-04-30,8호선,복정,6887,5706,12593,1181,4,30,토
2022-04-30,8호선,산성,4552,4518,9070,34,4,30,토
2022-04-30,8호선,남한산성입구(성남법원.검찰청),9795,8380,18175,1415,4,30,토
2022-04-30,8호선,단대오거리,8371,7630,16001,741,4,30,토
2022-04-30,8호선,신흥,3586,3869,7455,-283,4,30,토
2022-04-30,8호선,수진,4381,3827,8208,554,4,30,토
2022-04-30,8호선,모란,3831,3657,7488,174,4,30,토
2022-04-30,8호선,남위례,3782,3871,7653,-89,4,30,토
2022-04-30,9호선,개화,1576,1359,2935,217,4,30,토
2022-04-30,9호선,김포공항,8659,12883,21542,-4224,4,30,토
2022-04-30,9호선,공항시장,2551,2603,5154,-52,4,30,토
2022-04-30,9호선,신방화,4878,4578,9456,300,4,30,토
2022-04-30,9호선,마곡나루(서울식물원),9051,8816,17867,235,4,30,토
2022-04-30,9호선,양천향교,6187,5761,11948,426,4,30,토
2022-04-30,9호선,가양,15293,14089,29382,1204,4,30,토
2022-04-30,9호선,증미,4164,3905,8069,259,4,30,토
2022-04-30,9호선,등촌,7625,7240,14865,385,4,30,토
2022-04-30,9호선,염창,13198,11855,25053,1343,4,30,토
2022-04-30,9호선,신목동,2694,2287,4981,407,4,30,토
2022-04-30,9호선,선유도,4608,4275,8883,333,4,30,토
2022-04-30,9호선,당산,14158,13197,27355,961,4,30,토
2022-04-30,9호선,국회의사당,6847,6761,13608,86,4,30,토
2022-04-30,9호선,여의도,15031,14010,29041,1021,4,30,토
2022-04-30,9호선,샛강,2858,2815,5673,43,4,30,토
2022-04-30,9호선,노량진,22898,22113,45011,785,4,30,토
2022-04-30,9호선,노들,3743,3222,6965,521,4,30,토
2022-04-30,9호선,흑석(중앙대입구),6389,6342,12731,47,4,30,토
2022-04-30,9호선,동작(현충원),1893,1651,3544,242,4,30,토
2022-04-30,9호선,구반포,1318,1327,2645,-9,4,30,토
2022-04-30,중앙선,지평,79,124,203,-45,4,30,토
2022-04-30,9호선,신반포,3716,3683,7399,33,4,30,토
2022-04-30,9호선,고속터미널,15611,22499,38110,-6888,4,30,토
2022-04-30,9호선,사평,2790,2506,5296,284,4,30,토
2022-04-30,9호선,신논현,29518,29076,58594,442,4,30,토
2022-04-30,9호선2~3단계,언주,6645,6659,13304,-14,4,30,토
2022-04-30,9호선2~3단계,선정릉,5204,6022,11226,-818,4,30,토
2022-04-30,9호선2~3단계,삼성중앙,3354,3299,6653,55,4,30,토
2022-04-30,9호선2~3단계,봉은사,11791,12644,24435,-853,4,30,토
2022-04-30,9호선2~3단계,종합운동장,4740,4191,8931,549,4,30,토
2022-04-30,9호선2~3단계,삼전,5336,4739,10075,597,4,30,토
2022-04-30,9호선2~3단계,석촌고분,4647,4398,9045,249,4,30,토
2022-04-30,9호선2~3단계,석촌,7465,6365,13830,1100,4,30,토
2022-04-30,9호선2~3단계,송파나루,4996,5178,10174,-182,4,30,토
2022-04-30,9호선2~3단계,한성백제,2040,1798,3838,242,4,30,토
2022-04-30,9호선2~3단계,올림픽공원(한국체대),10476,10910,21386,-434,4,30,토
2022-04-30,9호선2~3단계,둔촌오륜,586,651,1237,-65,4,30,토
2022-04-30,9호선2~3단계,중앙보훈병원,5068,4740,9808,328,4,30,토
2022-04-30,경강선,판교,3562,3603,7165,-41,4,30,토
2022-04-30,경강선,이매,920,695,1615,225,4,30,토
2022-04-30,경강선,삼동,1707,1609,3316,98,4,30,토
2022-04-30,경강선,경기광주,6374,5792,12166,582,4,30,토
2022-04-30,경강선,초월,2505,2186,4691,319,4,30,토
2022-04-30,경강선,곤지암,2216,2345,4561,-129,4,30,토
2022-04-30,경강선,신둔도예촌,1445,1331,2776,114,4,30,토
2022-04-30,경강선,이천,3057,3106,6163,-49,4,30,토
2022-04-30,경강선,부발,2307,1997,4304,310,4,30,토
2022-04-30,경강선,세종대왕릉,357,382,739,-25,4,30,토
2022-04-30,경강선,여주,2777,3123,5900,-346,4,30,토
2022-04-30,경부선,서울역,9068,2357,11425,6711,4,30,토
2022-04-30,경부선,남영,6466,6872,13338,-406,4,30,토
2022-04-30,경부선,용산,38822,41566,80388,-2744,4,30,토
2022-04-30,경부선,노량진,9386,8882,18268,504,4,30,토
2022-04-30,경부선,대방,8933,9024,17957,-91,4,30,토
2022-04-30,경부선,영등포,43261,45304,88565,-2043,4,30,토
2022-04-30,경부선,신도림,3273,3696,6969,-423,4,30,토
2022-04-30,경부선,신길,6606,5444,12050,1162,4,30,토
2022-04-30,경부선,구로,13629,14310,27939,-681,4,30,토
2022-04-30,경부선,가산디지털단지,6907,9190,16097,-2283,4,30,토
2022-04-30,경부선,금천구청,9217,9215,18432,2,4,30,토
2022-04-30,경부선,석수,7470,7048,14518,422,4,30,토
2022-04-30,경부선,관악,6624,6279,12903,345,4,30,토
2022-04-30,경부선,안양,19925,19863,39788,62,4,30,토
2022-04-30,경부선,명학,5517,5170,10687,347,4,30,토
2022-04-30,경부선,금정,21101,21115,42216,-14,4,30,토
2022-04-30,경부선,군포,4566,4064,8630,502,4,30,토
2022-04-30,경부선,의왕,6761,6541,13302,220,4,30,토
2022-04-30,경부선,성균관대,12229,11773,24002,456,4,30,토
2022-04-30,경부선,화서,6333,6404,12737,-71,4,30,토
2022-04-30,경부선,수원,42338,46467,88805,-4129,4,30,토
2022-04-30,경부선,독산,9914,9652,19566,262,4,30,토
2022-04-30,경부선,세류,2791,2858,5649,-67,4,30,토
2022-04-30,경부선,병점,13928,13636,27564,292,4,30,토
2022-04-30,경부선,세마,2583,2316,4899,267,4,30,토
2022-04-30,경부선,오산대,3456,3125,6581,331,4,30,토
2022-04-30,경부선,오산,10542,9615,20157,927,4,30,토
2022-04-30,경부선,진위,1243,1064,2307,179,4,30,토
2022-04-30,경부선,송탄,5437,4736,10173,701,4,30,토
2022-04-30,경부선,서정리,7805,6254,14059,1551,4,30,토
2022-04-30,경부선,평택지제,3549,3294,6843,255,4,30,토
2022-04-30,경부선,평택,15517,14697,30214,820,4,30,토
2022-04-30,경부선,성환,3504,3152,6656,352,4,30,토
2022-04-30,경부선,직산,792,733,1525,59,4,30,토
2022-04-30,경부선,두정,6139,6143,12282,-4,4,30,토
2022-04-30,경부선,천안,7428,7547,14975,-119,4,30,토
2022-04-30,경부선,당정,4512,4122,8634,390,4,30,토
2022-04-30,경부선,서동탄,1088,1156,2244,-68,4,30,토
2022-04-30,경부선,광명,3318,2858,6176,460,4,30,토
2022-04-30,경원선,이촌(국립중앙박물관),3488,2460,5948,1028,4,30,토
2022-04-30,경원선,서빙고,1880,1977,3857,-97,4,30,토
2022-04-30,경원선,한남,2880,2980,5860,-100,4,30,토
2022-04-30,경원선,옥수,50,38,88,12,4,30,토
2022-04-30,경원선,응봉,1728,1503,3231,225,4,30,토
2022-04-30,경원선,왕십리(성동구청),13486,15394,28880,-1908,4,30,토
2022-04-30,경원선,청량리(서울시립대입구),18034,18905,36939,-871,4,30,토
2022-04-30,경원선,외대앞,7077,6779,13856,298,4,30,토
2022-04-30,경원선,신이문,6595,6048,12643,547,4,30,토
2022-04-30,경원선,석계,7207,7990,15197,-783,4,30,토
2022-04-30,경원선,광운대,7508,7580,15088,-72,4,30,토
2022-04-30,경원선,월계,5261,4689,9950,572,4,30,토
2022-04-30,경원선,녹천,3571,2966,6537,605,4,30,토
2022-04-30,경원선,방학,8111,7755,15866,356,4,30,토
2022-04-30,경원선,도봉,4890,4588,9478,302,4,30,토
2022-04-30,경원선,도봉산,9808,6805,16613,3003,4,30,토
2022-04-30,경원선,망월사,6090,6151,12241,-61,4,30,토
2022-04-30,경원선,회룡,10739,10513,21252,226,4,30,토
2022-04-30,경원선,의정부,19785,20867,40652,-1082,4,30,토
2022-04-30,경원선,가능,5612,5323,10935,289,4,30,토
2022-04-30,경원선,녹양,3877,3667,7544,210,4,30,토
2022-04-30,경원선,양주,7175,6805,13980,370,4,30,토
2022-04-30,경원선,덕계,2760,2530,5290,230,4,30,토
2022-04-30,경원선,덕정,5229,4638,9867,591,4,30,토
2022-04-30,경원선,지행,6104,6165,12269,-61,4,30,토
2022-04-30,경원선,동두천중앙,3148,3096,6244,52,4,30,토
2022-04-30,경원선,보산,2390,2131,4521,259,4,30,토
2022-04-30,경원선,동두천,1862,2544,4406,-682,4,30,토
2022-04-30,경원선,소요산,4287,3500,7787,787,4,30,토
2022-04-30,경의선,서울역,1631,1709,3340,-78,4,30,토
2022-04-30,경의선,신촌,433,479,912,-46,4,30,토
2022-04-30,경의선,효창공원앞,1886,2001,3887,-115,4,30,토
2022-04-30,경의선,공덕,2964,2377,5341,587,4,30,토
2022-04-30,경의선,서강대,1834,1773,3607,61,4,30,토
2022-04-30,경의선,홍대입구,2373,3081,5454,-708,4,30,토
2022-04-30,경의선,가좌,4313,4130,8443,183,4,30,토
2022-04-30,경의선,디지털미디어시티,2198,1974,4172,224,4,30,토
2022-04-30,경의선,수색,1575,1588,3163,-13,4,30,토
2022-04-30,경의선,화전,1326,1304,2630,22,4,30,토
2022-04-30,경의선,강매,2270,2092,4362,178,4,30,토
2022-04-30,경의선,행신,5927,5949,11876,-22,4,30,토
2022-04-30,경의선,능곡,3273,3168,6441,105,4,30,토
2022-04-30,경의선,곡산,475,530,1005,-55,4,30,토
2022-04-30,경의선,백마,5267,4779,10046,488,4,30,토
2022-04-30,경의선,풍산,4716,4576,9292,140,4,30,토
2022-04-30,경의선,일산,7179,6811,13990,368,4,30,토
2022-04-30,경의선,탄현,6200,5787,11987,413,4,30,토
2022-04-30,경의선,야당,7089,7111,14200,-22,4,30,토
2022-04-30,경의선,운정,5809,5275,11084,534,4,30,토
2022-04-30,경의선,금릉,4327,4182,8509,145,4,30,토
2022-04-30,경의선,금촌,6220,5833,12053,387,4,30,토
2022-04-30,경의선,월롱,2261,1783,4044,478,4,30,토
2022-04-30,경의선,파주,1013,740,1753,273,4,30,토
2022-04-30,경의선,문산,5099,4797,9896,302,4,30,토
2022-04-30,경의선,임진강,84,61,145,23,4,30,토
2022-04-30,경인선,개봉,17425,16665,34090,760,4,30,토
2022-04-30,경인선,오류동,9837,8722,18559,1115,4,30,토
2022-04-30,경인선,역곡,22297,21389,43686,908,4,30,토
2022-04-30,경인선,부천,30907,32208,63115,-1301,4,30,토
2022-04-30,경인선,송내,19976,19440,39416,536,4,30,토
2022-04-30,경인선,부평,31667,35492,67159,-3825,4,30,토
2022-04-30,경인선,백운,6171,5896,12067,275,4,30,토
2022-04-30,경인선,동암,13322,13493,26815,-171,4,30,토
2022-04-30,경인선,주안,17831,15488,33319,2343,4,30,토
2022-04-30,경인선,제물포,8169,7501,15670,668,4,30,토
2022-04-30,경인선,동인천,12900,12766,25666,134,4,30,토
2022-04-30,경인선,인천,5595,4803,10398,792,4,30,토
2022-04-30,경인선,구일,6427,6439,12866,-12,4,30,토
2022-04-30,경인선,소사,8383,7841,16224,542,4,30,토
2022-04-30,경인선,부개,6889,6412,13301,477,4,30,토
2022-04-30,경인선,간석,4755,4529,9284,226,4,30,토
2022-04-30,경인선,도원,2092,2195,4287,-103,4,30,토
2022-04-30,경인선,온수(성공회대입구),5425,5057,10482,368,4,30,토
2022-04-30,경인선,중동,7365,6847,14212,518,4,30,토
2022-04-30,경인선,도화,3313,3080,6393,233,4,30,토
2022-04-30,경춘선,신내,1367,1331,2698,36,4,30,토
2022-04-30,경춘선,갈매,2198,1817,4015,381,4,30,토
2022-04-30,경춘선,별내,2485,2352,4837,133,4,30,토
2022-04-30,경춘선,퇴계원,2820,2478,5298,342,4,30,토
2022-04-30,경춘선,사릉,1947,1857,3804,90,4,30,토
2022-04-30,경춘선,금곡,1206,1100,2306,106,4,30,토
2022-04-30,경춘선,평내호평,5223,5049,10272,174,4,30,토
2022-04-30,경춘선,천마산,1565,1490,3055,75,4,30,토
2022-04-30,경춘선,마석,3853,3707,7560,146,4,30,토
2022-04-30,경춘선,대성리,1679,2557,4236,-878,4,30,토
2022-04-30,경춘선,청평,2151,2547,4698,-396,4,30,토
2022-04-30,경춘선,상천,628,610,1238,18,4,30,토
2022-04-30,경춘선,가평,2740,3161,5901,-421,4,30,토
2022-04-30,경춘선,굴봉산,328,354,682,-26,4,30,토
2022-04-30,경춘선,백양리,212,205,417,7,4,30,토
2022-04-30,경춘선,강촌,986,1110,2096,-124,4,30,토
2022-04-30,경춘선,김유정,635,795,1430,-160,4,30,토
2022-04-30,경춘선,남춘천,3483,3527,7010,-44,4,30,토
2022-04-30,경춘선,춘천,2322,2093,4415,229,4,30,토
2022-04-30,공항철도 1호선,서울역,8962,9292,18254,-330,4,30,토
2022-04-30,공항철도 1호선,공덕,1744,2830,4574,-1086,4,30,토
2022-04-30,공항철도 1호선,홍대입구,14017,14877,28894,-860,4,30,토
2022-04-30,공항철도 1호선,디지털미디어시티,6181,5795,11976,386,4,30,토
2022-04-30,공항철도 1호선,마곡나루(서울식물원),3707,4075,7782,-368,4,30,토
2022-04-30,공항철도 1호선,김포공항,12169,5921,18090,6248,4,30,토
2022-04-30,공항철도 1호선,계양,8116,7430,15546,686,4,30,토
2022-04-30,공항철도 1호선,검암,4912,5079,9991,-167,4,30,토
2022-04-30,공항철도 1호선,청라국제도시,4950,4782,9732,168,4,30,토
2022-04-30,공항철도 1호선,운서,7236,7122,14358,114,4,30,토
2022-04-30,공항철도 1호선,공항화물청사,1340,1462,2802,-122,4,30,토
2022-04-30,공항철도 1호선,인천공항1터미널,5721,5088,10809,633,4,30,토
2022-04-30,공항철도 1호선,인천공항2터미널,2950,2483,5433,467,4,30,토
2022-04-30,공항철도 1호선,영종,3429,3450,6879,-21,4,30,토
2022-04-30,과천선,선바위,6501,5635,12136,866,4,30,토
2022-04-30,과천선,경마공원,12725,12861,25586,-136,4,30,토
2022-04-30,과천선,대공원,10120,10791,20911,-671,4,30,토
2022-04-30,과천선,과천,5513,4881,10394,632,4,30,토
2022-04-30,과천선,정부과천청사,7140,6942,14082,198,4,30,토
2022-04-30,과천선,인덕원,18837,18424,37261,413,4,30,토
2022-04-30,과천선,평촌,10328,9865,20193,463,4,30,토
2022-04-30,과천선,범계,23063,22943,46006,120,4,30,토
2022-04-30,분당선,선릉,5336,8630,13966,-3294,4,30,토
2022-04-30,분당선,한티,11274,11062,22336,212,4,30,토
2022-04-30,분당선,도곡,5174,4487,9661,687,4,30,토
2022-04-30,분당선,구룡,1628,1421,3049,207,4,30,토
2022-04-30,분당선,개포동,2808,2750,5558,58,4,30,토
2022-04-30,분당선,대모산입구,3235,2954,6189,281,4,30,토
2022-04-30,분당선,수서,11053,11524,22577,-471,4,30,토
2022-04-30,분당선,수원,8541,6961,15502,1580,4,30,토
2022-04-30,분당선,서울숲,12985,14500,27485,-1515,4,30,토
2022-04-30,분당선,압구정로데오,20418,24204,44622,-3786,4,30,토
2022-04-30,분당선,강남구청,5868,7429,13297,-1561,4,30,토
2022-04-30,분당선,선정릉,3675,3792,7467,-117,4,30,토
2022-04-30,분당선,가천대,5885,6221,12106,-336,4,30,토
2022-04-30,분당선,태평,11403,10543,21946,860,4,30,토
2022-04-30,분당선,모란,16911,17521,34432,-610,4,30,토
2022-04-30,분당선,야탑,19792,20733,40525,-941,4,30,토
2022-04-30,분당선,서현,21214,21556,42770,-342,4,30,토
2022-04-30,분당선,수내,9291,8742,18033,549,4,30,토
2022-04-30,분당선,정자,11399,11698,23097,-299,4,30,토
2022-04-30,분당선,미금,11449,11871,23320,-422,4,30,토
2022-04-30,분당선,오리,8413,6889,15302,1524,4,30,토
2022-04-30,분당선,이매,4749,4483,9232,266,4,30,토
2022-04-30,분당선,보정,1792,1654,3446,138,4,30,토
2022-04-30,분당선,죽전,11284,12469,23753,-1185,4,30,토
2022-04-30,분당선,구성,3791,3882,7673,-91,4,30,토
2022-04-30,분당선,신갈,3097,3090,6187,7,4,30,토
2022-04-30,분당선,기흥,7567,7046,14613,521,4,30,토
2022-04-30,분당선,상갈,4233,4127,8360,106,4,30,토
2022-04-30,분당선,청명,3026,2944,5970,82,4,30,토
2022-04-30,분당선,영통,7365,7152,14517,213,4,30,토
2022-04-30,분당선,망포,10233,9280,19513,953,4,30,토
2022-04-30,분당선,매탄권선,3940,3648,7588,292,4,30,토
2022-04-30,분당선,수원시청,11748,13919,25667,-2171,4,30,토
2022-04-30,분당선,매교,2195,2161,4356,34,4,30,토
2022-04-30,수인선,고색,2815,2807,5622,8,4,30,토
2022-04-30,수인선,오목천,2526,2042,4568,484,4,30,토
2022-04-30,수인선,어천,854,780,1634,74,4,30,토
2022-04-30,수인선,야목,290,256,546,34,4,30,토
2022-04-30,수인선,사리,4183,3316,7499,867,4,30,토
2022-04-30,수인선,달월,73,81,154,-8,4,30,토
2022-04-30,수인선,월곶,2388,2202,4590,186,4,30,토
2022-04-30,수인선,소래포구,7049,7118,14167,-69,4,30,토
2022-04-30,수인선,인천논현,4628,4939,9567,-311,4,30,토
2022-04-30,수인선,호구포,2834,2724,5558,110,4,30,토
2022-04-30,수인선,남동인더스파크,1043,1014,2057,29,4,30,토
2022-04-30,수인선,원인재,4088,4250,8338,-162,4,30,토
2022-04-30,수인선,연수,4404,4424,8828,-20,4,30,토
2022-04-30,수인선,송도,2179,2031,4210,148,4,30,토
2022-04-30,수인선,인하대,5108,4653,9761,455,4,30,토
2022-04-30,수인선,숭의,3021,2690,5711,331,4,30,토
2022-04-30,수인선,신포,1585,1660,3245,-75,4,30,토
2022-04-30,수인선,인천,1511,2609,4120,-1098,4,30,토
2022-04-30,안산선,산본,14611,15087,29698,-476,4,30,토
2022-04-30,안산선,대야미,4839,4056,8895,783,4,30,토
2022-04-30,안산선,반월,3783,3463,7246,320,4,30,토
2022-04-30,안산선,상록수,13954,13776,27730,178,4,30,토
2022-04-30,안산선,한대앞,8411,8052,16463,359,4,30,토
2022-04-30,안산선,중앙,18302,19164,37466,-862,4,30,토
2022-04-30,안산선,고잔,7490,7592,15082,-102,4,30,토
2022-04-30,안산선,초지,3979,3864,7843,115,4,30,토
2022-04-30,안산선,안산,10391,10570,20961,-179,4,30,토
2022-04-30,안산선,신길온천,1661,1643,3304,18,4,30,토
2022-04-30,안산선,정왕,7482,7351,14833,131,4,30,토
2022-04-30,안산선,오이도,8844,8815,17659,29,4,30,토
2022-04-30,안산선,수리산,5089,5561,10650,-472,4,30,토
2022-04-30,우이신설선,북한산우이,4118,4134,8252,-16,4,30,토
2022-04-30,우이신설선,솔밭공원,1985,1861,3846,124,4,30,토
2022-04-30,우이신설선,4.19민주묘지,2636,2242,4878,394,4,30,토
2022-04-30,우이신설선,가오리,3136,2965,6101,171,4,30,토
2022-04-30,우이신설선,화계,2683,2543,5226,140,4,30,토
2022-04-30,우이신설선,삼양,1620,1707,3327,-87,4,30,토
2022-04-30,우이신설선,삼양사거리,1974,1982,3956,-8,4,30,토
2022-04-30,우이신설선,솔샘,4391,3939,8330,452,4,30,토
2022-04-30,우이신설선,북한산보국문,5496,4841,10337,655,4,30,토
2022-04-30,우이신설선,정릉,4005,3387,7392,618,4,30,토
2022-04-30,우이신설선,성신여대입구(돈암),3002,3658,6660,-656,4,30,토
2022-04-30,우이신설선,보문,1318,1287,2605,31,4,30,토
2022-04-30,우이신설선,신설동,1596,1483,3079,113,4,30,토
2022-04-30,일산선,원흥,8360,7693,16053,667,4,30,토
2022-04-30,일산선,삼송,16441,15660,32101,781,4,30,토
2022-04-30,일산선,원당,9302,8766,18068,536,4,30,토
2022-04-30,일산선,화정,14438,14898,29336,-460,4,30,토
2022-04-30,일산선,대곡,1578,1330,2908,248,4,30,토
2022-04-30,일산선,백석,8007,8070,16077,-63,4,30,토
2022-04-30,일산선,마두,5476,5599,11075,-123,4,30,토
2022-04-30,일산선,정발산,8128,8648,16776,-520,4,30,토
2022-04-30,일산선,주엽,7514,7225,14739,289,4,30,토
2022-04-30,일산선,대화,9089,8106,17195,983,4,30,토
2022-04-30,장항선,봉명,842,790,1632,52,4,30,토
2022-04-30,장항선,쌍용(나사렛대),1812,1625,3437,187,4,30,토
2022-04-30,장항선,아산,3577,3558,7135,19,4,30,토
2022-04-30,장항선,탕정,731,641,1372,90,4,30,토
2022-04-30,장항선,배방,1319,1194,2513,125,4,30,토
2022-04-30,장항선,온양온천,4355,4376,8731,-21,4,30,토
2022-04-30,장항선,신창(순천향대),1562,1325,2887,237,4,30,토
2022-04-30,중앙선,회기,23117,22273,45390,844,4,30,토
2022-04-30,중앙선,중랑,4859,4739,9598,120,4,30,토
2022-04-30,중앙선,상봉(시외버스터미널),5402,5515,10917,-113,4,30,토
2022-04-30,중앙선,망우,7311,7169,14480,142,4,30,토
2022-04-30,중앙선,양원,2084,2144,4228,-60,4,30,토
2022-04-30,중앙선,구리,11973,12246,24219,-273,4,30,토
2022-04-30,중앙선,도농,8108,7599,15707,509,4,30,토
2022-04-30,중앙선,양정,731,620,1351,111,4,30,토
2022-04-30,중앙선,덕소,4997,5053,10050,-56,4,30,토
2022-04-30,중앙선,도심,1888,1633,3521,255,4,30,토
2022-04-30,중앙선,팔당,1919,1980,3899,-61,4,30,토
2022-04-30,중앙선,운길산,1677,1681,3358,-4,4,30,토
2022-04-30,중앙선,양수,2650,2603,5253,47,4,30,토
2022-04-30,중앙선,신원,368,295,663,73,4,30,토
2022-04-30,중앙선,국수,785,815,1600,-30,4,30,토
2022-04-30,중앙선,아신,790,846,1636,-56,4,30,토
2022-04-30,중앙선,오빈,397,440,837,-43,4,30,토
2022-04-30,중앙선,양평,3245,3457,6702,-212,4,30,토
2022-04-30,중앙선,원덕,551,618,1169,-67,4,30,토
