날짜,노선,역,승차승객,하차승객,총 승객,승차-하차,월,일,요일
2022-05-01,7호선,남성,5648,5667,11315,-19,5,1,일
2022-05-01,7호선,숭실대입구(살피재),6017,6753,12770,-736,5,1,일
2022-05-01,7호선,상도,5645,6010,11655,-365,5,1,일
2022-05-01,7호선,장승배기,4600,4650,9250,-50,5,1,일
2022-05-01,7호선,신대방삼거리,8552,8417,16969,135,5,1,일
2022-05-01,7호선,보라매,4652,4792,9444,-140,5,1,일
2022-05-01,7호선,신풍,6573,6373,12946,200,5,1,일
2022-05-01,7호선,대림(구로구청),8173,7352,15525,821,5,1,일
2022-05-01,7호선,남구로,7045,6716,13761,329,5,1,일
2022-05-01,7호선,가산디지털단지,11663,10814,22477,849,5,1,일
2022-05-01,7호선,철산,11251,11206,22457,45,5,1,일
2022-05-01,7호선,광명사거리,13293,13140,26433,153,5,1,일
2022-05-01,7호선,천왕,5250,5073,10323,177,5,1,일
2022-05-01,7호선,온수(성공회대입구),4124,4319,8443,-195,5,1,일
2022-05-01,8호선,암사,9599,9113,18712,486,5,1,일
2022-05-01,8호선,천호(풍납토성),9280,10601,19881,-1321,5,1,일
2022-05-01,8호선,강동구청,4719,4979,9698,-260,5,1,일
2022-05-01,8호선,몽촌토성(평화의문),3865,3766,7631,99,5,1,일
2022-05-01,8호선,잠실(송파구청),10802,12451,23253,-1649,5,1,일
2022-05-01,8호선,석촌,4368,5529,9897,-1161,5,1,일
2022-05-01,8호선,송파,4212,4352,8564,-140,5,1,일
2022-05-01,8호선,가락시장,3370,4176,7546,-806,5,1,일
2022-05-01,8호선,문정,5602,5966,11568,-364,5,1,일
2022-05-01,8호선,장지,9723,9796,19519,-73,5,1,일
2022-05-01,8호선,복정,5132,4863,9995,269,5,1,일
2022-05-01,8호선,산성,3424,3580,7004,-156,5,1,일
2022-05-01,8호선,남한산성입구(성남법원.검찰청),7112,6916,14028,196,5,1,일
2022-05-01,8호선,단대오거리,5900,5764,11664,136,5,1,일
2022-05-01,8호선,신흥,2692,3033,5725,-341,5,1,일
2022-05-01,8호선,수진,3209,2937,6146,272,5,1,일
2022-05-01,8호선,모란,2971,2429,5400,542,5,1,일
2022-05-01,8호선,남위례,2544,2583,5127,-39,5,1,일
2022-05-01,9호선,개화,1288,1141,2429,147,5,1,일
2022-05-01,9호선,김포공항,7687,11819,19506,-4132,5,1,일
2022-05-01,9호선,공항시장,1862,2014,3876,-152,5,1,일
2022-05-01,9호선,신방화,3576,3563,7139,13,5,1,일
2022-05-01,9호선,마곡나루(서울식물원),6460,6452,12912,8,5,1,일
2022-05-01,9호선,양천향교,4349,4596,8945,-247,5,1,일
2022-05-01,9호선,가양,10898,10933,21831,-35,5,1,일
2022-05-01,9호선,증미,2966,2935,5901,31,5,1,일
2022-05-01,9호선,등촌,5316,5486,10802,-170,5,1,일
2022-05-01,9호선,염창,9212,9223,18435,-11,5,1,일
2022-05-01,9호선,신목동,1978,1748,3726,230,5,1,일
2022-05-01,9호선,선유도,3321,3387,6708,-66,5,1,일
2022-05-01,9호선,당산,10093,9701,19794,392,5,1,일
2022-05-01,9호선,국회의사당,5260,4762,10022,498,5,1,일
2022-05-01,9호선,여의도,10992,9752,20744,1240,5,1,일
2022-05-01,9호선,샛강,2069,1922,3991,147,5,1,일
2022-05-01,9호선,노량진,16085,16910,32995,-825,5,1,일
2022-05-01,9호선,노들,3026,2808,5834,218,5,1,일
2022-05-01,9호선,흑석(중앙대입구),4503,4868,9371,-365,5,1,일
2022-05-01,9호선,동작(현충원),1633,1370,3003,263,5,1,일
2022-05-01,9호선,구반포,453,467,920,-14,5,1,일
2022-05-01,9호선,신반포,2335,2590,4925,-255,5,1,일
2022-05-01,9호선,고속터미널,12979,18275,31254,-5296,5,1,일
2022-05-01,9호선,사평,1713,1765,3478,-52,5,1,일
2022-05-01,9호선,신논현,17982,16476,34458,1506,5,1,일
2022-05-01,9호선2~3단계,언주,4064,3985,8049,79,5,1,일
2022-05-01,9호선2~3단계,선정릉,3199,3672,6871,-473,5,1,일
2022-05-01,9호선2~3단계,삼성중앙,2139,2241,4380,-102,5,1,일
2022-05-01,9호선2~3단계,봉은사,9250,9270,18520,-20,5,1,일
2022-05-01,9호선2~3단계,종합운동장,3785,3219,7004,566,5,1,일
2022-05-01,9호선2~3단계,삼전,3739,3749,7488,-10,5,1,일
2022-05-01,9호선2~3단계,석촌고분,3502,3401,6903,101,5,1,일
2022-05-01,9호선2~3단계,석촌,5258,4567,9825,691,5,1,일
2022-05-01,9호선2~3단계,송파나루,3694,3903,7597,-209,5,1,일
2022-05-01,9호선2~3단계,한성백제,1539,1477,3016,62,5,1,일
2022-05-01,9호선2~3단계,올림픽공원(한국체대),9811,9880,19691,-69,5,1,일
2022-05-01,9호선2~3단계,둔촌오륜,527,553,1080,-26,5,1,일
2022-05-01,9호선2~3단계,중앙보훈병원,3742,3522,7264,220,5,1,일
2022-05-01,경강선,판교,2733,2551,5284,182,5,1,일
2022-05-01,경강선,이매,793,521,1314,272,5,1,일
2022-05-01,경강선,삼동,1196,1171,2367,25,5,1,일
2022-05-01,경강선,경기광주,4471,4336,8807,135,5,1,일
2022-05-01,경강선,초월,1740,1747,3487,-7,5,1,일
2022-05-01,경강선,곤지암,1728,1847,3575,-119,5,1,일
2022-05-01,경강선,신둔도예촌,1057,1101,2158,-44,5,1,일
2022-05-01,경강선,이천,2350,2557,4907,-207,5,1,일
2022-05-01,경강선,부발,1653,2357,4010,-704,5,1,일
2022-05-01,경강선,세종대왕릉,371,327,698,44,5,1,일
2022-05-01,경강선,여주,2519,2474,4993,45,5,1,일
2022-05-01,경부선,서울역,9183,2158,11341,7025,5,1,일
2022-05-01,경부선,남영,4823,5147,9970,-324,5,1,일
2022-05-01,경부선,용산,35900,32868,68768,3032,5,1,일
2022-05-01,경부선,노량진,6587,6544,13131,43,5,1,일
2022-05-01,경부선,대방,6707,7013,13720,-306,5,1,일
2022-05-01,경부선,영등포,35422,34223,69645,1199,5,1,일
2022-05-01,경부선,신도림,2488,2622,5110,-134,5,1,일
2022-05-01,경부선,신길,5207,4663,9870,544,5,1,일
2022-05-01,경부선,구로,10372,10467,20839,-95,5,1,일
2022-05-01,경부선,가산디지털단지,5362,7168,12530,-1806,5,1,일
2022-05-01,경부선,금천구청,6832,6862,13694,-30,5,1,일
2022-05-01,경부선,석수,5939,5700,11639,239,5,1,일
2022-05-01,경부선,관악,5734,5372,11106,362,5,1,일
2022-05-01,경부선,안양,14992,14407,29399,585,5,1,일
2022-05-01,경부선,명학,3446,3524,6970,-78,5,1,일
2022-05-01,경부선,금정,16083,16527,32610,-444,5,1,일
2022-05-01,경부선,군포,3320,3137,6457,183,5,1,일
2022-05-01,경부선,의왕,4891,4922,9813,-31,5,1,일
2022-05-01,경부선,성균관대,8694,9678,18372,-984,5,1,일
2022-05-01,경부선,화서,4686,4969,9655,-283,5,1,일
2022-05-01,경부선,수원,40396,38732,79128,1664,5,1,일
2022-05-01,경부선,독산,6885,6890,13775,-5,5,1,일
2022-05-01,경부선,세류,2369,2241,4610,128,5,1,일
2022-05-01,경부선,병점,10592,11359,21951,-767,5,1,일
2022-05-01,경원선,양주,5736,5847,11583,-111,5,1,일
2022-05-01,경부선,세마,1992,1852,3844,140,5,1,일
2022-05-01,경부선,오산대,2723,2665,5388,58,5,1,일
2022-05-01,2호선,시청,8286,8128,16414,158,5,1,일
2022-05-01,경부선,오산,8614,9060,17674,-446,5,1,일
2022-05-01,경원선,녹양,3028,2911,5939,117,5,1,일
2022-05-01,경원선,가능,4453,4200,8653,253,5,1,일
2022-05-01,경원선,의정부,15738,15866,31604,-128,5,1,일
2022-05-01,경원선,회룡,8344,8335,16679,9,5,1,일
2022-05-01,경원선,망월사,4975,5202,10177,-227,5,1,일
2022-05-01,경원선,도봉산,9927,7165,17092,2762,5,1,일
2022-05-01,경원선,도봉,3777,3614,7391,163,5,1,일
2022-05-01,경원선,방학,6529,6369,12898,160,5,1,일
2022-05-01,경원선,녹천,2687,2333,5020,354,5,1,일
2022-05-01,경원선,월계,4134,3869,8003,265,5,1,일
2022-05-01,경원선,광운대,4430,4817,9247,-387,5,1,일
2022-05-01,경원선,석계,5482,6074,11556,-592,5,1,일
2022-05-01,경원선,신이문,5128,4932,10060,196,5,1,일
2022-05-01,경원선,외대앞,5241,5385,10626,-144,5,1,일
2022-05-01,경원선,청량리(서울시립대입구),15465,14908,30373,557,5,1,일
2022-05-01,경원선,왕십리(성동구청),10308,11919,22227,-1611,5,1,일
2022-05-01,경원선,응봉,1309,1249,2558,60,5,1,일
2022-05-01,경원선,옥수,63,41,104,22,5,1,일
2022-05-01,경원선,한남,2030,2025,4055,5,5,1,일
2022-05-01,경원선,서빙고,1729,1820,3549,-91,5,1,일
2022-05-01,경원선,이촌(국립중앙박물관),2838,2020,4858,818,5,1,일
2022-05-01,경부선,광명,3037,2179,5216,858,5,1,일
2022-05-01,경원선,덕계,2173,2064,4237,109,5,1,일
2022-05-01,2호선,대림(구로구청),16075,16562,32637,-487,5,1,일
2022-05-01,경원선,덕정,3745,3967,7712,-222,5,1,일
2022-05-01,경원선,지행,5138,5021,10159,117,5,1,일
2022-05-01,경원선,동두천중앙,2412,2318,4730,94,5,1,일
2022-05-01,경원선,보산,1748,1729,3477,19,5,1,일
2022-05-01,경원선,동두천,1502,2064,3566,-562,5,1,일
2022-05-01,경원선,소요산,4848,4025,8873,823,5,1,일
2022-05-01,경의선,서울역,1396,1189,2585,207,5,1,일
2022-05-01,경의선,신촌,311,336,647,-25,5,1,일
2022-05-01,경의선,효창공원앞,1441,1680,3121,-239,5,1,일
2022-05-01,경의선,공덕,1963,1586,3549,377,5,1,일
2022-05-01,경의선,서강대,1368,1436,2804,-68,5,1,일
2022-05-01,경의선,홍대입구,1817,2346,4163,-529,5,1,일
2022-05-01,경의선,가좌,3030,2964,5994,66,5,1,일
2022-05-01,경의선,디지털미디어시티,1536,1524,3060,12,5,1,일
2022-05-01,경의선,수색,956,1056,2012,-100,5,1,일
2022-05-01,경의선,화전,980,1130,2110,-150,5,1,일
2022-05-01,경의선,강매,1731,1670,3401,61,5,1,일
2022-05-01,경의선,행신,5112,4672,9784,440,5,1,일
2022-05-01,2호선,신도림,29504,30452,59956,-948,5,1,일
2022-05-01,2호선,문래,8620,9271,17891,-651,5,1,일
2022-05-01,2호선,영등포구청,8742,9211,17953,-469,5,1,일
2022-05-01,2호선,당산,10135,10929,21064,-794,5,1,일
2022-05-01,2호선,합정,23125,24575,47700,-1450,5,1,일
2022-05-01,2호선,홍대입구,57854,55945,113799,1909,5,1,일
2022-05-01,2호선,신촌,24449,23858,48307,591,5,1,일
2022-05-01,2호선,이대,7937,8693,16630,-756,5,1,일
2022-05-01,2호선,아현,5790,5714,11504,76,5,1,일
2022-05-01,2호선,충정로(경기대입구),4212,4460,8672,-248,5,1,일
2022-05-01,2호선,용답,1874,1975,3849,-101,5,1,일
2022-05-01,2호선,신답,924,922,1846,2,5,1,일
2022-05-01,2호선,신설동,3641,3695,7336,-54,5,1,일
2022-05-01,2호선,도림천,530,548,1078,-18,5,1,일
2022-05-01,2호선,양천구청,3443,3644,7087,-201,5,1,일
2022-05-01,2호선,신정네거리,5692,5821,11513,-129,5,1,일
2022-05-01,2호선,용두(동대문구청),1248,1258,2506,-10,5,1,일
2022-05-01,3호선,지축,2740,2499,5239,241,5,1,일
2022-05-01,3호선,구파발,12738,13222,25960,-484,5,1,일
2022-05-01,3호선,연신내,23088,22117,45205,971,5,1,일
2022-05-01,3호선,불광,10896,12777,23673,-1881,5,1,일
2022-05-01,3호선,녹번,7901,7461,15362,440,5,1,일
2022-05-01,3호선,홍제,10596,10123,20719,473,5,1,일
2022-05-01,3호선,무악재,2170,2397,4567,-227,5,1,일
2022-05-01,3호선,독립문,5123,5830,10953,-707,5,1,일
2022-05-01,3호선,경복궁(정부서울청사),20437,18453,38890,1984,5,1,일
2022-05-01,3호선,안국,18204,18370,36574,-166,5,1,일
2022-05-01,3호선,종로3가,5137,6200,11337,-1063,5,1,일
2022-05-01,3호선,을지로3가,4440,3908,8348,532,5,1,일
2022-05-01,3호선,동대입구,5524,6136,11660,-612,5,1,일
2022-05-01,3호선,약수,7383,7336,14719,47,5,1,일
2022-05-01,3호선,금호,4479,4416,8895,63,5,1,일
2022-05-01,3호선,옥수,5509,5794,11303,-285,5,1,일
2022-05-01,3호선,압구정,14505,15139,29644,-634,5,1,일
2022-05-01,3호선,신사,16157,15508,31665,649,5,1,일
2022-05-01,3호선,잠원,2535,2506,5041,29,5,1,일
2022-05-01,3호선,고속터미널,47617,44736,92353,2881,5,1,일
2022-05-01,3호선,교대(법원.검찰청),4768,2924,7692,1844,5,1,일
2022-05-01,3호선,남부터미널(예술의전당),15448,16573,32021,-1125,5,1,일
2022-05-01,3호선,양재(서초구청),14818,17187,32005,-2369,5,1,일
2022-05-01,3호선,매봉,4346,4303,8649,43,5,1,일
2022-05-01,3호선,도곡,2136,2240,4376,-104,5,1,일
2022-05-01,3호선,대치,5049,4747,9796,302,5,1,일
2022-05-01,3호선,학여울,2449,2760,5209,-311,5,1,일
2022-05-01,3호선,대청,4333,4342,8675,-9,5,1,일
2022-05-01,3호선,일원,3556,3880,7436,-324,5,1,일
2022-05-01,3호선,수서,11219,11239,22458,-20,5,1,일
2022-05-01,3호선,가락시장,3999,4214,8213,-215,5,1,일
2022-05-01,3호선,경찰병원,2820,2818,5638,2,5,1,일
2022-05-01,3호선,오금,2800,2851,5651,-51,5,1,일
2022-05-01,4호선,당고개,6778,6498,13276,280,5,1,일
2022-05-01,경의선,능곡,2452,2510,4962,-58,5,1,일
2022-05-01,4호선,상계,13599,13167,26766,432,5,1,일
2022-05-01,4호선,노원,13184,14315,27499,-1131,5,1,일
2022-05-01,4호선,창동,16357,17204,33561,-847,5,1,일
2022-05-01,4호선,쌍문,17301,15690,32991,1611,5,1,일
2022-05-01,4호선,수유(강북구청),21663,21251,42914,412,5,1,일
2022-05-01,4호선,미아(서울사이버대학),8631,8354,16985,277,5,1,일
2022-05-01,4호선,미아사거리,17990,17381,35371,609,5,1,일
2022-05-01,4호선,길음,11648,11932,23580,-284,5,1,일
2022-05-01,4호선,성신여대입구(돈암),14037,13643,27680,394,5,1,일
2022-05-01,4호선,한성대입구(삼선교),8890,8988,17878,-98,5,1,일
2022-05-01,4호선,혜화,25500,25925,51425,-425,5,1,일
2022-05-01,4호선,동대문,8493,8856,17349,-363,5,1,일
2022-05-01,4호선,동대문역사문화공원(DDP),10264,9268,19532,996,5,1,일
2022-05-01,4호선,충무로,10308,10313,20621,-5,5,1,일
2022-05-01,4호선,명동,14068,13984,28052,84,5,1,일
2022-05-01,4호선,회현(남대문시장),10438,10632,21070,-194,5,1,일
2022-05-01,4호선,서울역,5352,12778,18130,-7426,5,1,일
2022-05-01,4호선,숙대입구(갈월),8517,8285,16802,232,5,1,일
2022-05-01,4호선,삼각지,3213,4060,7273,-847,5,1,일
2022-05-01,4호선,신용산,9475,9450,18925,25,5,1,일
2022-05-01,4호선,이촌(국립중앙박물관),6502,7206,13708,-704,5,1,일
2022-05-01,4호선,동작(현충원),1382,1501,2883,-119,5,1,일
2022-05-01,4호선,총신대입구(이수),11295,12224,23519,-929,5,1,일
2022-05-01,4호선,사당,17727,16043,33770,1684,5,1,일
2022-05-01,4호선,남태령,878,597,1475,281,5,1,일
2022-05-01,5호선,방화,3942,3878,7820,64,5,1,일
2022-05-01,5호선,개화산,2936,3031,5967,-95,5,1,일
2022-05-01,5호선,김포공항,7698,7343,15041,355,5,1,일
2022-05-01,5호선,송정,4043,4033,8076,10,5,1,일
2022-05-01,5호선,마곡,3839,3947,7786,-108,5,1,일
2022-05-01,5호선,발산,10120,10761,20881,-641,5,1,일
2022-05-01,5호선,우장산,7110,7347,14457,-237,5,1,일
2022-05-01,5호선,화곡,15111,14421,29532,690,5,1,일
2022-05-01,5호선,까치산,16647,16104,32751,543,5,1,일
2022-05-01,5호선,신정(은행정),6878,6222,13100,656,5,1,일
2022-05-01,5호선,목동,8236,8591,16827,-355,5,1,일
2022-05-01,5호선,오목교(목동운동장앞),11546,11845,23391,-299,5,1,일
2022-05-01,5호선,양평,2845,2873,5718,-28,5,1,일
2022-05-01,5호선,영등포구청,1478,1542,3020,-64,5,1,일
2022-05-01,5호선,영등포시장,5808,6159,11967,-351,5,1,일
2022-05-01,5호선,신길,2105,2367,4472,-262,5,1,일
2022-05-01,5호선,여의도,9768,9626,19394,142,5,1,일
2022-05-01,5호선,여의나루,19551,21538,41089,-1987,5,1,일
2022-05-01,5호선,마포,5157,5161,10318,-4,5,1,일
2022-05-01,5호선,공덕,4955,5004,9959,-49,5,1,일
2022-05-01,5호선,애오개,2816,3054,5870,-238,5,1,일
2022-05-01,5호선,충정로(경기대입구),1613,1531,3144,82,5,1,일
2022-05-01,5호선,서대문,6022,5664,11686,358,5,1,일
2022-05-01,5호선,광화문(세종문화회관),16313,14172,30485,2141,5,1,일
2022-05-01,5호선,종로3가,11019,9990,21009,1029,5,1,일
2022-05-01,5호선,을지로4가,2010,2068,4078,-58,5,1,일
2022-05-01,5호선,동대문역사문화공원(DDP),726,880,1606,-154,5,1,일
2022-05-01,5호선,청구,2116,1908,4024,208,5,1,일
2022-05-01,5호선,신금호,3151,3461,6612,-310,5,1,일
2022-05-01,5호선,행당,4222,3904,8126,318,5,1,일
2022-05-01,5호선,왕십리(성동구청),2832,3242,6074,-410,5,1,일
2022-05-01,5호선,마장,3106,2951,6057,155,5,1,일
2022-05-01,5호선,답십리,8073,7326,15399,747,5,1,일
2022-05-01,5호선,장한평,8338,8266,16604,72,5,1,일
2022-05-01,5호선,군자(능동),6623,7316,13939,-693,5,1,일
2022-05-01,5호선,아차산(어린이대공원후문),12728,12454,25182,274,5,1,일
2022-05-01,5호선,광나루(장신대),8317,8147,16464,170,5,1,일
2022-05-01,5호선,천호(풍납토성),14385,13378,27763,1007,5,1,일
2022-05-01,5호선,강동,9504,9435,18939,69,5,1,일
2022-05-01,5호선,길동,4479,4419,8898,60,5,1,일
2022-05-01,5호선,굽은다리(강동구민회관앞),5627,5450,11077,177,5,1,일
2022-05-01,5호선,명일,5221,5450,10671,-229,5,1,일
2022-05-01,5호선,고덕,4539,4547,9086,-8,5,1,일
2022-05-01,5호선,상일동,7096,6938,14034,158,5,1,일
2022-05-01,5호선,둔촌동,4995,4937,9932,58,5,1,일
2022-05-01,5호선,올림픽공원(한국체대),3297,3144,6441,153,5,1,일
2022-05-01,5호선,방이,4068,3896,7964,172,5,1,일
2022-05-01,5호선,오금,1736,1716,3452,20,5,1,일
2022-05-01,5호선,개롱,3205,3421,6626,-216,5,1,일
2022-05-01,5호선,거여,4944,4747,9691,197,5,1,일
2022-05-01,5호선,마천,3898,4310,8208,-412,5,1,일
2022-05-01,5호선,강일,2256,2264,4520,-8,5,1,일
2022-05-01,5호선,미사,9649,9680,19329,-31,5,1,일
2022-05-01,5호선,하남풍산,2165,2261,4426,-96,5,1,일
2022-05-01,5호선,하남시청(덕풍·신장),4354,4336,8690,18,5,1,일
2022-05-01,5호선,하남검단산,5203,5018,10221,185,5,1,일
2022-05-01,6호선,응암,10003,10349,20352,-346,5,1,일
2022-05-01,6호선,역촌,2091,2434,4525,-343,5,1,일
2022-05-01,6호선,불광,3264,2897,6161,367,5,1,일
2022-05-01,6호선,독바위,1596,1972,3568,-376,5,1,일
2022-05-01,6호선,연신내,2,0,2,2,5,1,일
2022-05-01,6호선,구산,3998,3061,7059,937,5,1,일
2022-05-01,6호선,새절(신사),6777,6715,13492,62,5,1,일
2022-05-01,6호선,증산(명지대앞),5918,6177,12095,-259,5,1,일
2022-05-01,6호선,디지털미디어시티,5678,6085,11763,-407,5,1,일
2022-05-01,6호선,월드컵경기장(성산),4139,4210,8349,-71,5,1,일
2022-05-01,6호선,마포구청,7472,6688,14160,784,5,1,일
2022-05-01,6호선,망원,10964,11741,22705,-777,5,1,일
2022-05-01,6호선,합정,10453,9471,19924,982,5,1,일
2022-05-01,6호선,상수,7162,7745,14907,-583,5,1,일
2022-05-01,6호선,광흥창(서강),4403,4281,8684,122,5,1,일
2022-05-01,6호선,대흥(서강대앞),4175,4357,8532,-182,5,1,일
2022-05-01,6호선,공덕,7489,7027,14516,462,5,1,일
2022-05-01,6호선,효창공원앞,3636,3373,7009,263,5,1,일
2022-05-01,6호선,삼각지,4529,3418,7947,1111,5,1,일
2022-05-01,6호선,녹사평(용산구청),4980,4960,9940,20,5,1,일
2022-05-01,6호선,이태원,14759,11603,26362,3156,5,1,일
2022-05-01,6호선,한강진,7413,8782,16195,-1369,5,1,일
2022-05-01,6호선,버티고개,1220,1303,2523,-83,5,1,일
2022-05-01,6호선,약수,1909,2015,3924,-106,5,1,일
2022-05-01,6호선,청구,1914,1889,3803,25,5,1,일
2022-05-01,6호선,신당,5042,5344,10386,-302,5,1,일
2022-05-01,6호선,동묘앞,6989,6883,13872,106,5,1,일
2022-05-01,6호선,창신,1735,1630,3365,105,5,1,일
2022-05-01,6호선,보문,4487,4434,8921,53,5,1,일
2022-05-01,6호선,안암(고대병원앞),5593,6607,12200,-1014,5,1,일
2022-05-01,6호선,고려대(종암),4395,4507,8902,-112,5,1,일
2022-05-01,6호선,월곡(동덕여대),5896,5997,11893,-101,5,1,일
2022-05-01,6호선,상월곡(한국과학기술연구원),3545,3290,6835,255,5,1,일
2022-05-01,6호선,돌곶이,5745,5471,11216,274,5,1,일
2022-05-01,6호선,석계,6927,7179,14106,-252,5,1,일
2022-05-01,6호선,태릉입구,3504,3830,7334,-326,5,1,일
2022-05-01,6호선,화랑대(서울여대입구),5603,5148,10751,455,5,1,일
2022-05-01,6호선,봉화산(서울의료원),4214,4181,8395,33,5,1,일
2022-05-01,6호선,신내,1,0,1,1,5,1,일
2022-05-01,7호선,장암,1677,1088,2765,589,5,1,일
2022-05-01,7호선,도봉산,5977,8518,14495,-2541,5,1,일
2022-05-01,7호선,수락산,8756,8651,17407,105,5,1,일
2022-05-01,7호선,마들,6486,5993,12479,493,5,1,일
2022-05-01,7호선,노원,11739,11981,23720,-242,5,1,일
2022-05-01,7호선,중계,7254,6794,14048,460,5,1,일
2022-05-01,7호선,하계,9954,9804,19758,150,5,1,일
2022-05-01,7호선,공릉(서울과학기술대),6956,7484,14440,-528,5,1,일
2022-05-01,7호선,태릉입구,5346,5194,10540,152,5,1,일
2022-05-01,7호선,먹골,5773,5598,11371,175,5,1,일
2022-05-01,7호선,중화,6039,5829,11868,210,5,1,일
2022-05-01,7호선,상봉(시외버스터미널),10391,9622,20013,769,5,1,일
2022-05-01,7호선,면목,8375,8161,16536,214,5,1,일
2022-05-01,7호선,사가정,9658,9481,19139,177,5,1,일
2022-05-01,7호선,용마산(용마폭포공원),3577,4011,7588,-434,5,1,일
2022-05-01,7호선,중곡,5557,5447,11004,110,5,1,일
2022-05-01,7호선,군자(능동),8500,6577,15077,1923,5,1,일
2022-05-01,7호선,어린이대공원(세종대),10108,10436,20544,-328,5,1,일
2022-05-01,7호선,건대입구,8779,9771,18550,-992,5,1,일
2022-05-01,7호선,뚝섬유원지,13968,13809,27777,159,5,1,일
2022-05-01,7호선,청담,7166,7677,14843,-511,5,1,일
2022-05-01,7호선,강남구청,5743,6228,11971,-485,5,1,일
2022-05-01,7호선,학동,6056,6316,12372,-260,5,1,일
2022-05-01,7호선,논현,6231,6672,12903,-441,5,1,일
2022-05-01,7호선,반포,3245,3260,6505,-15,5,1,일
2022-05-01,7호선,고속터미널,15699,9196,24895,6503,5,1,일
2022-05-01,경부선,진위,996,978,1974,18,5,1,일
2022-05-01,경부선,송탄,3932,4903,8835,-971,5,1,일
2022-05-01,경부선,서정리,4929,7070,11999,-2141,5,1,일
2022-05-01,경부선,평택지제,2856,2738,5594,118,5,1,일
2022-05-01,경부선,평택,13451,14020,27471,-569,5,1,일
2022-05-01,경부선,성환,2800,3708,6508,-908,5,1,일
2022-05-01,경부선,직산,677,722,1399,-45,5,1,일
2022-05-01,경부선,두정,5020,6567,11587,-1547,5,1,일
2022-05-01,경부선,천안,7104,7490,14594,-386,5,1,일
2022-05-01,경부선,당정,3431,3373,6804,58,5,1,일
2022-05-01,경부선,서동탄,916,906,1822,10,5,1,일
2022-05-01,7호선,내방,5225,5643,10868,-418,5,1,일
2022-05-01,1호선,서울역,33748,31073,64821,2675,5,1,일
2022-05-01,1호선,시청,11326,13055,24381,-1729,5,1,일
2022-05-01,1호선,종각,22191,18166,40357,4025,5,1,일
2022-05-01,1호선,종로3가,18239,15697,33936,2542,5,1,일
2022-05-01,1호선,종로5가,11811,11456,23267,355,5,1,일
2022-05-01,1호선,동대문,11285,11749,23034,-464,5,1,일
2022-05-01,1호선,신설동,8608,8342,16950,266,5,1,일
2022-05-01,1호선,제기동,10935,11681,22616,-746,5,1,일
2022-05-01,1호선,청량리(서울시립대입구),14302,14335,28637,-33,5,1,일
2022-05-01,1호선,동묘앞,13992,14031,28023,-39,5,1,일
2022-05-01,2호선,을지로입구,19913,17846,37759,2067,5,1,일
2022-05-01,2호선,을지로3가,10792,9993,20785,799,5,1,일
2022-05-01,2호선,을지로4가,4273,4282,8555,-9,5,1,일
2022-05-01,2호선,동대문역사문화공원(DDP),8885,10719,19604,-1834,5,1,일
2022-05-01,2호선,신당,8932,9826,18758,-894,5,1,일
2022-05-01,2호선,상왕십리,7491,7567,15058,-76,5,1,일
2022-05-01,2호선,왕십리(성동구청),10572,9477,20049,1095,5,1,일
2022-05-01,2호선,한양대,2762,3300,6062,-538,5,1,일
2022-05-01,2호선,뚝섬,13633,13276,26909,357,5,1,일
2022-05-01,2호선,성수,17823,19830,37653,-2007,5,1,일
2022-05-01,2호선,건대입구,32888,32321,65209,567,5,1,일
2022-05-01,2호선,구의(광진구청),11969,12184,24153,-215,5,1,일
2022-05-01,2호선,강변(동서울터미널),25218,24368,49586,850,5,1,일
2022-05-01,2호선,잠실나루,5616,5764,11380,-148,5,1,일
2022-05-01,2호선,잠실(송파구청),59365,54817,114182,4548,5,1,일
2022-05-01,2호선,잠실새내,13427,13507,26934,-80,5,1,일
2022-05-01,2호선,종합운동장,15061,16734,31795,-1673,5,1,일
2022-05-01,2호선,삼성(무역센터),22187,20965,43152,1222,5,1,일
2022-05-01,2호선,선릉,14314,12418,26732,1896,5,1,일
2022-05-01,2호선,역삼,11585,12514,24099,-929,5,1,일
2022-05-01,2호선,강남,38056,36569,74625,1487,5,1,일
2022-05-01,2호선,교대(법원.검찰청),11226,12308,23534,-1082,5,1,일
2022-05-01,2호선,서초,12452,11427,23879,1025,5,1,일
2022-05-01,2호선,방배,7403,7821,15224,-418,5,1,일
2022-05-01,2호선,사당,23673,26878,50551,-3205,5,1,일
2022-05-01,2호선,낙성대(강감찬),16991,17918,34909,-927,5,1,일
2022-05-01,2호선,서울대입구(관악구청),29371,30564,59935,-1193,5,1,일
2022-05-01,2호선,봉천,13111,12513,25624,598,5,1,일
2022-05-01,2호선,신림,39818,39446,79264,372,5,1,일
2022-05-01,2호선,신대방,16780,16841,33621,-61,5,1,일
2022-05-01,2호선,구로디지털단지,25245,24996,50241,249,5,1,일
2022-05-01,7호선,이수,8745,8339,17084,406,5,1,일
2022-05-01,중앙선,지평,79,76,155,3,5,1,일
2022-05-01,중앙선,용문,2790,2234,5024,556,5,1,일
2022-05-01,중앙선,원덕,550,445,995,105,5,1,일
2022-05-01,중앙선,양평,2576,2238,4814,338,5,1,일
2022-05-01,중앙선,오빈,339,285,624,54,5,1,일
2022-05-01,중앙선,아신,749,574,1323,175,5,1,일
2022-05-01,중앙선,국수,760,667,1427,93,5,1,일
2022-05-01,중앙선,신원,438,246,684,192,5,1,일
2022-05-01,중앙선,양수,2485,2194,4679,291,5,1,일
2022-05-01,중앙선,운길산,1723,1604,3327,119,5,1,일
2022-05-01,중앙선,팔당,1609,1652,3261,-43,5,1,일
2022-05-01,중앙선,도심,1453,1281,2734,172,5,1,일
2022-05-01,중앙선,덕소,3958,4128,8086,-170,5,1,일
2022-05-01,중앙선,양정,629,521,1150,108,5,1,일
2022-05-01,중앙선,도농,5935,5793,11728,142,5,1,일
2022-05-01,중앙선,구리,8781,9003,17784,-222,5,1,일
2022-05-01,중앙선,양원,1632,1626,3258,6,5,1,일
2022-05-01,중앙선,망우,5355,5612,10967,-257,5,1,일
2022-05-01,중앙선,상봉(시외버스터미널),4177,4491,8668,-314,5,1,일
2022-05-01,중앙선,중랑,3828,3729,7557,99,5,1,일
2022-05-01,중앙선,회기,17189,17429,34618,-240,5,1,일
2022-05-01,장항선,신창(순천향대),1186,2390,3576,-1204,5,1,일
2022-05-01,장항선,온양온천,4017,3859,7876,158,5,1,일
2022-05-01,장항선,배방,926,1173,2099,-247,5,1,일
2022-05-01,장항선,탕정,521,660,1181,-139,5,1,일
2022-05-01,장항선,아산,4576,2920,7496,1656,5,1,일
2022-05-01,장항선,쌍용(나사렛대),1266,1584,2850,-318,5,1,일
2022-05-01,장항선,봉명,664,686,1350,-22,5,1,일
2022-05-01,일산선,대화,6619,6133,12752,486,5,1,일
2022-05-01,일산선,주엽,5089,5103,10192,-14,5,1,일
2022-05-01,일산선,정발산,7001,7098,14099,-97,5,1,일
2022-05-01,일산선,마두,3922,3857,7779,65,5,1,일
2022-05-01,일산선,백석,5896,5853,11749,43,5,1,일
2022-05-01,일산선,대곡,1178,994,2172,184,5,1,일
2022-05-01,일산선,화정,10635,10953,21588,-318,5,1,일
2022-05-01,일산선,원당,6901,6582,13483,319,5,1,일
2022-05-01,일산선,삼송,12604,12381,24985,223,5,1,일
2022-05-01,일산선,원흥,6162,5968,12130,194,5,1,일
2022-05-01,우이신설선,신설동,1328,1324,2652,4,5,1,일
2022-05-01,우이신설선,보문,1142,1162,2304,-20,5,1,일
2022-05-01,우이신설선,성신여대입구(돈암),2433,2793,5226,-360,5,1,일
2022-05-01,우이신설선,정릉,3216,2714,5930,502,5,1,일
2022-05-01,우이신설선,북한산보국문,4247,3923,8170,324,5,1,일
2022-05-01,우이신설선,솔샘,3104,2970,6074,134,5,1,일
2022-05-01,우이신설선,삼양사거리,1658,1566,3224,92,5,1,일
2022-05-01,우이신설선,삼양,1343,1403,2746,-60,5,1,일
2022-05-01,우이신설선,화계,2368,2249,4617,119,5,1,일
2022-05-01,우이신설선,가오리,2514,2416,4930,98,5,1,일
2022-05-01,우이신설선,4.19민주묘지,2175,1988,4163,187,5,1,일
2022-05-01,우이신설선,솔밭공원,1608,1557,3165,51,5,1,일
2022-05-01,우이신설선,북한산우이,4717,4551,9268,166,5,1,일
2022-05-01,안산선,수리산,4528,5347,9875,-819,5,1,일
2022-05-01,안산선,오이도,6860,6659,13519,201,5,1,일
2022-05-01,안산선,정왕,5986,6491,12477,-505,5,1,일
2022-05-01,안산선,신길온천,1352,1262,2614,90,5,1,일
2022-05-01,안산선,안산,10531,9936,20467,595,5,1,일
2022-05-01,안산선,초지,2824,2856,5680,-32,5,1,일
2022-05-01,안산선,고잔,5366,5049,10415,317,5,1,일
2022-05-01,안산선,중앙,13825,13649,27474,176,5,1,일
2022-05-01,안산선,한대앞,5947,6395,12342,-448,5,1,일
2022-05-01,안산선,상록수,10516,10543,21059,-27,5,1,일
2022-05-01,안산선,반월,2999,2876,5875,123,5,1,일
2022-05-01,안산선,대야미,3698,3197,6895,501,5,1,일
2022-05-01,안산선,산본,10901,11109,22010,-208,5,1,일
2022-05-01,수인선,인천,1470,2104,3574,-634,5,1,일
2022-05-01,수인선,신포,1238,1248,2486,-10,5,1,일
2022-05-01,수인선,숭의,2153,1967,4120,186,5,1,일
2022-05-01,수인선,인하대,3570,3613,7183,-43,5,1,일
2022-05-01,수인선,송도,1766,1733,3499,33,5,1,일
2022-05-01,수인선,연수,3518,3421,6939,97,5,1,일
2022-05-01,수인선,원인재,3146,3398,6544,-252,5,1,일
2022-05-01,수인선,남동인더스파크,626,608,1234,18,5,1,일
2022-05-01,수인선,호구포,2162,2227,4389,-65,5,1,일
2022-05-01,수인선,인천논현,3236,3369,6605,-133,5,1,일
2022-05-01,수인선,소래포구,6217,6040,12257,177,5,1,일
2022-05-01,수인선,월곶,1931,1811,3742,120,5,1,일
2022-05-01,수인선,달월,67,64,131,3,5,1,일
2022-05-01,수인선,사리,3222,2692,5914,530,5,1,일
2022-05-01,수인선,야목,248,205,453,43,5,1,일
2022-05-01,수인선,어천,640,744,1384,-104,5,1,일
2022-05-01,수인선,오목천,1713,1751,3464,-38,5,1,일
2022-05-01,수인선,고색,1849,2129,3978,-280,5,1,일
2022-05-01,분당선,매교,1614,1732,3346,-118,5,1,일
2022-05-01,분당선,수원시청,8426,8248,16674,178,5,1,일
2022-05-01,분당선,매탄권선,2782,2671,5453,111,5,1,일
2022-05-01,분당선,망포,7082,7292,14374,-210,5,1,일
2022-05-01,분당선,영통,5712,5728,11440,-16,5,1,일
2022-05-01,분당선,청명,2175,2330,4505,-155,5,1,일
2022-05-01,분당선,상갈,3194,3338,6532,-144,5,1,일
2022-05-01,분당선,기흥,5569,5228,10797,341,5,1,일
2022-05-01,분당선,신갈,2135,2212,4347,-77,5,1,일
2022-05-01,분당선,구성,2733,2918,5651,-185,5,1,일
2022-05-01,분당선,죽전,8558,9881,18439,-1323,5,1,일
2022-05-01,분당선,보정,1274,1288,2562,-14,5,1,일
2022-05-01,분당선,이매,3684,3733,7417,-49,5,1,일
2022-05-01,분당선,오리,5694,4922,10616,772,5,1,일
2022-05-01,분당선,미금,7788,8362,16150,-574,5,1,일
2022-05-01,분당선,정자,7826,8243,16069,-417,5,1,일
2022-05-01,분당선,수내,6295,6017,12312,278,5,1,일
2022-05-01,분당선,서현,16001,15898,31899,103,5,1,일
2022-05-01,분당선,야탑,15097,15400,30497,-303,5,1,일
2022-05-01,분당선,모란,12218,12715,24933,-497,5,1,일
2022-05-01,분당선,태평,8681,8296,16977,385,5,1,일
2022-05-01,분당선,가천대,4344,5367,9711,-1023,5,1,일
2022-05-01,분당선,선정릉,2214,2271,4485,-57,5,1,일
2022-05-01,분당선,강남구청,3310,4058,7368,-748,5,1,일
2022-05-01,분당선,압구정로데오,11300,12209,23509,-909,5,1,일
2022-05-01,분당선,서울숲,10105,10537,20642,-432,5,1,일
2022-05-01,분당선,수원,7821,5467,13288,2354,5,1,일
2022-05-01,분당선,수서,9053,8626,17679,427,5,1,일
2022-05-01,분당선,대모산입구,2142,2014,4156,128,5,1,일
2022-05-01,분당선,개포동,1972,2092,4064,-120,5,1,일
2022-05-01,분당선,구룡,855,996,1851,-141,5,1,일
2022-05-01,분당선,도곡,2953,2888,5841,65,5,1,일
2022-05-01,분당선,한티,7401,7549,14950,-148,5,1,일
2022-05-01,분당선,선릉,3042,4714,7756,-1672,5,1,일
2022-05-01,과천선,범계,16701,16227,32928,474,5,1,일
2022-05-01,과천선,평촌,6640,6495,13135,145,5,1,일
2022-05-01,과천선,인덕원,14145,14028,28173,117,5,1,일
2022-05-01,과천선,정부과천청사,5108,5115,10223,-7,5,1,일
2022-05-01,과천선,과천,4067,3804,7871,263,5,1,일
2022-05-01,과천선,대공원,8539,8649,17188,-110,5,1,일
2022-05-01,과천선,경마공원,16079,16490,32569,-411,5,1,일
2022-05-01,과천선,선바위,4783,4229,9012,554,5,1,일
2022-05-01,공항철도 1호선,영종,2915,2862,5777,53,5,1,일
2022-05-01,공항철도 1호선,인천공항2터미널,2632,2183,4815,449,5,1,일
2022-05-01,공항철도 1호선,인천공항1터미널,5684,4892,10576,792,5,1,일
2022-05-01,공항철도 1호선,공항화물청사,1066,1116,2182,-50,5,1,일
2022-05-01,공항철도 1호선,운서,5698,6058,11756,-360,5,1,일
2022-05-01,공항철도 1호선,청라국제도시,3639,3521,7160,118,5,1,일
2022-05-01,공항철도 1호선,검암,3853,3937,7790,-84,5,1,일
2022-05-01,공항철도 1호선,계양,5904,5595,11499,309,5,1,일
2022-05-01,공항철도 1호선,김포공항,12119,5854,17973,6265,5,1,일
2022-05-01,공항철도 1호선,마곡나루(서울식물원),2700,3098,5798,-398,5,1,일
2022-05-01,공항철도 1호선,디지털미디어시티,3902,3941,7843,-39,5,1,일
2022-05-01,공항철도 1호선,홍대입구,11641,10604,22245,1037,5,1,일
2022-05-01,공항철도 1호선,공덕,1264,1793,3057,-529,5,1,일
2022-05-01,공항철도 1호선,서울역,8982,8743,17725,239,5,1,일
2022-05-01,경춘선,춘천,2418,1974,4392,444,5,1,일
2022-05-01,경춘선,남춘천,2847,3637,6484,-790,5,1,일
2022-05-01,경춘선,김유정,613,611,1224,2,5,1,일
2022-05-01,경춘선,강촌,1175,745,1920,430,5,1,일
2022-05-01,경춘선,백양리,212,210,422,2,5,1,일
2022-05-01,경춘선,굴봉산,374,353,727,21,5,1,일
2022-05-01,경춘선,가평,2836,1934,4770,902,5,1,일
2022-05-01,경춘선,상천,743,621,1364,122,5,1,일
2022-05-01,경춘선,청평,2536,1675,4211,861,5,1,일
2022-05-01,경춘선,대성리,2399,717,3116,1682,5,1,일
2022-05-01,경춘선,마석,3122,3040,6162,82,5,1,일
2022-05-01,경춘선,천마산,1305,1291,2596,14,5,1,일
2022-05-01,경춘선,평내호평,3917,3751,7668,166,5,1,일
2022-05-01,경춘선,금곡,1029,1060,2089,-31,5,1,일
2022-05-01,경춘선,사릉,1559,1507,3066,52,5,1,일
2022-05-01,경춘선,퇴계원,2310,2111,4421,199,5,1,일
2022-05-01,경춘선,별내,1916,1782,3698,134,5,1,일
2022-05-01,경춘선,갈매,1622,1391,3013,231,5,1,일
2022-05-01,경춘선,신내,1141,1108,2249,33,5,1,일
2022-05-01,경인선,도화,2526,2328,4854,198,5,1,일
2022-05-01,경인선,중동,5435,5162,10597,273,5,1,일
2022-05-01,경인선,온수(성공회대입구),4138,3904,8042,234,5,1,일
2022-05-01,경인선,도원,1702,1788,3490,-86,5,1,일
2022-05-01,경인선,간석,3415,3303,6718,112,5,1,일
2022-05-01,경인선,부개,5121,4862,9983,259,5,1,일
2022-05-01,경인선,소사,6416,6121,12537,295,5,1,일
2022-05-01,경인선,구일,4757,4886,9643,-129,5,1,일
2022-05-01,경인선,인천,5152,4346,9498,806,5,1,일
2022-05-01,경인선,동인천,10571,10202,20773,369,5,1,일
2022-05-01,경인선,제물포,5892,5813,11705,79,5,1,일
2022-05-01,경인선,주안,12553,11430,23983,1123,5,1,일
2022-05-01,경인선,동암,10375,10062,20437,313,5,1,일
2022-05-01,경인선,백운,4283,4337,8620,-54,5,1,일
2022-05-01,경인선,부평,24916,24990,49906,-74,5,1,일
2022-05-01,경인선,송내,14501,14053,28554,448,5,1,일
2022-05-01,경인선,부천,24307,23799,48106,508,5,1,일
2022-05-01,경인선,역곡,15974,16146,32120,-172,5,1,일
2022-05-01,경인선,오류동,7576,7194,14770,382,5,1,일
2022-05-01,경인선,개봉,12540,12423,24963,117,5,1,일
2022-05-01,경의선,임진강,84,73,157,11,5,1,일
2022-05-01,경의선,문산,4010,4065,8075,-55,5,1,일
2022-05-01,경의선,파주,780,684,1464,96,5,1,일
2022-05-01,경의선,월롱,1186,2406,3592,-1220,5,1,일
2022-05-01,경의선,금촌,5092,5415,10507,-323,5,1,일
2022-05-01,경의선,금릉,3372,3190,6562,182,5,1,일
2022-05-01,경의선,운정,4135,3938,8073,197,5,1,일
2022-05-01,경의선,야당,5457,5370,10827,87,5,1,일
2022-05-01,경의선,탄현,4665,4261,8926,404,5,1,일
2022-05-01,경의선,일산,5401,5045,10446,356,5,1,일
2022-05-01,경의선,풍산,3892,3580,7472,312,5,1,일
2022-05-01,경의선,백마,3916,3810,7726,106,5,1,일
2022-05-01,경의선,곡산,382,333,715,49,5,1,일
2022-05-02,1호선,서울역,45673,43758,89431,1915,5,2,월
2022-05-02,분당선,수원,8663,7331,15994,1332,5,2,월
2022-05-02,2호선,용답,3297,3523,6820,-226,5,2,월
2022-05-02,중앙선,구리,14324,14346,28670,-22,5,2,월
2022-05-02,중앙선,양원,3330,3078,6408,252,5,2,월
2022-05-02,중앙선,망우,8148,7915,16063,233,5,2,월
2022-05-02,중앙선,상봉(시외버스터미널),6027,6026,12053,1,5,2,월
2022-05-02,중앙선,중랑,5992,5687,11679,305,5,2,월
2022-05-02,중앙선,회기,27337,26692,54029,645,5,2,월
2022-05-02,장항선,신창(순천향대),2861,3587,6448,-726,5,2,월
2022-05-02,장항선,온양온천,4033,4057,8090,-24,5,2,월
2022-05-02,장항선,배방,1235,1218,2453,17,5,2,월
2022-05-02,장항선,탕정,937,831,1768,106,5,2,월
2022-05-02,장항선,아산,4309,3536,7845,773,5,2,월
2022-05-02,장항선,쌍용(나사렛대),3083,3123,6206,-40,5,2,월
2022-05-02,장항선,봉명,1377,1315,2692,62,5,2,월
2022-05-02,일산선,대화,13593,10537,24130,3056,5,2,월
2022-05-02,일산선,주엽,9733,9565,19298,168,5,2,월
2022-05-02,일산선,정발산,7601,7537,15138,64,5,2,월
2022-05-02,일산선,마두,8122,8289,16411,-167,5,2,월
2022-05-02,일산선,백석,10127,10073,20200,54,5,2,월
2022-05-02,일산선,대곡,2395,1943,4338,452,5,2,월
2022-05-02,일산선,화정,17780,17907,35687,-127,5,2,월
2022-05-02,일산선,원당,12043,11307,23350,736,5,2,월
2022-05-02,일산선,삼송,21135,20446,41581,689,5,2,월
2022-05-02,일산선,원흥,11607,11217,22824,390,5,2,월
2022-05-02,우이신설선,신설동,2261,2207,4468,54,5,2,월
2022-05-02,우이신설선,보문,1627,1605,3232,22,5,2,월
2022-05-02,우이신설선,성신여대입구(돈암),3521,3901,7422,-380,5,2,월
2022-05-02,우이신설선,정릉,5028,4512,9540,516,5,2,월
2022-05-02,우이신설선,북한산보국문,6386,6079,12465,307,5,2,월
2022-05-02,우이신설선,솔샘,6258,5789,12047,469,5,2,월
2022-05-02,우이신설선,삼양사거리,2601,2579,5180,22,5,2,월
2022-05-02,우이신설선,삼양,2175,2329,4504,-154,5,2,월
2022-05-02,우이신설선,화계,3685,3367,7052,318,5,2,월
2022-05-02,우이신설선,가오리,4452,4338,8790,114,5,2,월
2022-05-02,우이신설선,4.19민주묘지,4053,3932,7985,121,5,2,월
2022-05-02,우이신설선,솔밭공원,2613,2501,5114,112,5,2,월
2022-05-02,우이신설선,북한산우이,3063,2842,5905,221,5,2,월
2022-05-02,안산선,수리산,5164,4585,9749,579,5,2,월
2022-05-02,안산선,오이도,9409,8874,18283,535,5,2,월
2022-05-02,안산선,정왕,10660,11349,22009,-689,5,2,월
2022-05-02,안산선,신길온천,1932,1756,3688,176,5,2,월
2022-05-02,안산선,안산,12843,11316,24159,1527,5,2,월
2022-05-02,안산선,초지,5635,5995,11630,-360,5,2,월
2022-05-02,안산선,고잔,9794,9197,18991,597,5,2,월
2022-05-02,안산선,중앙,19549,20144,39693,-595,5,2,월
2022-05-02,안산선,한대앞,10892,11282,22174,-390,5,2,월
2022-05-02,안산선,상록수,17676,17727,35403,-51,5,2,월
2022-05-02,안산선,반월,4651,4501,9152,150,5,2,월
2022-05-02,안산선,대야미,5602,5044,10646,558,5,2,월
2022-05-02,안산선,산본,17139,18367,35506,-1228,5,2,월
2022-05-02,수인선,인천,1189,1816,3005,-627,5,2,월
2022-05-02,수인선,신포,2096,2085,4181,11,5,2,월
2022-05-02,수인선,숭의,4320,3950,8270,370,5,2,월
2022-05-02,수인선,인하대,7808,7591,15399,217,5,2,월
2022-05-02,수인선,송도,2763,2559,5322,204,5,2,월
2022-05-02,수인선,연수,4875,4750,9625,125,5,2,월
2022-05-02,수인선,원인재,4733,4863,9596,-130,5,2,월
2022-05-02,수인선,남동인더스파크,2257,2591,4848,-334,5,2,월
2022-05-02,수인선,호구포,4346,4610,8956,-264,5,2,월
2022-05-02,수인선,인천논현,6062,6412,12474,-350,5,2,월
2022-05-02,수인선,소래포구,6600,6070,12670,530,5,2,월
2022-05-02,수인선,월곶,2847,2694,5541,153,5,2,월
2022-05-02,수인선,달월,111,66,177,45,5,2,월
2022-05-02,수인선,사리,5333,4696,10029,637,5,2,월
2022-05-02,수인선,야목,439,311,750,128,5,2,월
2022-05-02,수인선,어천,784,821,1605,-37,5,2,월
2022-05-02,수인선,오목천,4183,3885,8068,298,5,2,월
2022-05-02,수인선,고색,5058,4892,9950,166,5,2,월
2022-05-02,분당선,매교,3482,3317,6799,165,5,2,월
2022-05-02,분당선,수원시청,13068,13607,26675,-539,5,2,월
2022-05-02,분당선,매탄권선,5542,5334,10876,208,5,2,월
2022-05-02,분당선,망포,15362,14649,30011,713,5,2,월
2022-05-02,분당선,영통,8471,8788,17259,-317,5,2,월
2022-05-02,분당선,청명,4572,4444,9016,128,5,2,월
2022-05-02,분당선,상갈,5777,5555,11332,222,5,2,월
2022-05-02,분당선,기흥,11076,10244,21320,832,5,2,월
2022-05-02,분당선,신갈,4854,4781,9635,73,5,2,월
2022-05-02,분당선,구성,5448,5604,11052,-156,5,2,월
2022-05-02,분당선,죽전,14706,16390,31096,-1684,5,2,월
2022-05-02,분당선,보정,2822,2540,5362,282,5,2,월
2022-05-02,분당선,이매,6151,5575,11726,576,5,2,월
2022-05-02,분당선,오리,12298,9958,22256,2340,5,2,월
2022-05-02,분당선,미금,16349,17362,33711,-1013,5,2,월
2022-05-02,분당선,정자,18294,19333,37627,-1039,5,2,월
2022-05-02,분당선,수내,13788,13684,27472,104,5,2,월
2022-05-02,분당선,서현,25187,25512,50699,-325,5,2,월
2022-05-02,분당선,야탑,27072,28292,55364,-1220,5,2,월
2022-05-02,분당선,모란,20695,20879,41574,-184,5,2,월
2022-05-02,분당선,태평,13939,13510,27449,429,5,2,월
2022-05-02,분당선,가천대,13607,14680,28287,-1073,5,2,월
2022-05-02,분당선,선정릉,8600,9441,18041,-841,5,2,월
2022-05-02,분당선,강남구청,10457,11932,22389,-1475,5,2,월
2022-05-02,분당선,압구정로데오,17789,19624,37413,-1835,5,2,월
2022-05-02,분당선,서울숲,12045,12440,24485,-395,5,2,월
2022-05-02,분당선,복정,1,0,1,1,5,2,월
2022-05-02,분당선,수서,14598,14669,29267,-71,5,2,월
2022-05-02,분당선,대모산입구,4907,4510,9417,397,5,2,월
2022-05-02,분당선,개포동,4133,4206,8339,-73,5,2,월
2022-05-02,분당선,구룡,2573,2431,5004,142,5,2,월
2022-05-02,분당선,도곡,7477,7416,14893,61,5,2,월
2022-05-02,분당선,한티,14659,15456,30115,-797,5,2,월
2022-05-02,분당선,선릉,14087,21845,35932,-7758,5,2,월
2022-05-02,과천선,범계,27353,27358,54711,-5,5,2,월
2022-05-02,과천선,평촌,18773,18389,37162,384,5,2,월
2022-05-02,과천선,인덕원,25903,26709,52612,-806,5,2,월
2022-05-02,과천선,정부과천청사,11373,11292,22665,81,5,2,월
2022-05-02,과천선,과천,6765,6117,12882,648,5,2,월
2022-05-02,과천선,대공원,4367,4474,8841,-107,5,2,월
2022-05-02,과천선,경마공원,972,969,1941,3,5,2,월
2022-05-02,과천선,선바위,9009,7887,16896,1122,5,2,월
2022-05-02,공항철도 1호선,영종,3414,3229,6643,185,5,2,월
2022-05-02,공항철도 1호선,인천공항2터미널,3504,2780,6284,724,5,2,월
2022-05-02,공항철도 1호선,인천공항1터미널,5293,4868,10161,425,5,2,월
2022-05-02,공항철도 1호선,공항화물청사,2314,2499,4813,-185,5,2,월
2022-05-02,공항철도 1호선,운서,7276,7204,14480,72,5,2,월
2022-05-02,공항철도 1호선,청라국제도시,7670,7116,14786,554,5,2,월
2022-05-02,공항철도 1호선,검암,7084,6953,14037,131,5,2,월
2022-05-02,공항철도 1호선,계양,11581,10667,22248,914,5,2,월
2022-05-02,공항철도 1호선,김포공항,12093,6908,19001,5185,5,2,월
2022-05-02,공항철도 1호선,마곡나루(서울식물원),10122,9956,20078,166,5,2,월
2022-05-02,공항철도 1호선,디지털미디어시티,15309,14160,29469,1149,5,2,월
2022-05-02,공항철도 1호선,홍대입구,9418,9507,18925,-89,5,2,월
2022-05-02,공항철도 1호선,공덕,2396,3081,5477,-685,5,2,월
2022-05-02,공항철도 1호선,서울역,7919,7837,15756,82,5,2,월
2022-05-02,경춘선,춘천,1702,1797,3499,-95,5,2,월
2022-05-02,경춘선,남춘천,3113,3521,6634,-408,5,2,월
2022-05-02,경춘선,김유정,356,339,695,17,5,2,월
2022-05-02,경춘선,강촌,474,468,942,6,5,2,월
2022-05-02,경춘선,백양리,143,135,278,8,5,2,월
2022-05-02,경춘선,굴봉산,167,154,321,13,5,2,월
2022-05-02,경춘선,가평,1838,1684,3522,154,5,2,월
2022-05-02,경춘선,상천,465,400,865,65,5,2,월
2022-05-02,경춘선,청평,1840,1716,3556,124,5,2,월
2022-05-02,경춘선,대성리,652,533,1185,119,5,2,월
2022-05-02,경춘선,마석,4592,4332,8924,260,5,2,월
2022-05-02,경춘선,천마산,1907,1718,3625,189,5,2,월
2022-05-02,경춘선,평내호평,7124,6766,13890,358,5,2,월
2022-05-02,경춘선,금곡,1767,1670,3437,97,5,2,월
2022-05-02,경춘선,사릉,2837,2720,5557,117,5,2,월
2022-05-02,경춘선,퇴계원,3856,3442,7298,414,5,2,월
2022-05-02,경춘선,별내,3440,3168,6608,272,5,2,월
2022-05-02,경춘선,갈매,3289,2859,6148,430,5,2,월
2022-05-02,경춘선,신내,2555,2376,4931,179,5,2,월
2022-05-02,경인선,도화,4556,4236,8792,320,5,2,월
2022-05-02,경인선,중동,10167,9527,19694,640,5,2,월
2022-05-02,경인선,온수(성공회대입구),7670,7305,14975,365,5,2,월
2022-05-02,경인선,도원,3328,3323,6651,5,5,2,월
2022-05-02,경인선,간석,6431,5966,12397,465,5,2,월
2022-05-02,경인선,부개,9259,8604,17863,655,5,2,월
2022-05-02,경인선,소사,9910,9336,19246,574,5,2,월
2022-05-02,경인선,구일,7981,7718,15699,263,5,2,월
2022-05-02,경인선,인천,3856,3056,6912,800,5,2,월
2022-05-02,경인선,동인천,14211,13435,27646,776,5,2,월
2022-05-02,경인선,제물포,12215,11535,23750,680,5,2,월
2022-05-02,경인선,주안,20892,19030,39922,1862,5,2,월
2022-05-02,경인선,동암,15247,15169,30416,78,5,2,월
2022-05-02,경인선,백운,7440,7253,14693,187,5,2,월
2022-05-02,경인선,부평,29854,31657,61511,-1803,5,2,월
2022-05-02,경인선,송내,29127,29092,58219,35,5,2,월
2022-05-02,경인선,부천,34428,34161,68589,267,5,2,월
2022-05-02,경인선,역곡,30608,30280,60888,328,5,2,월
2022-05-02,경인선,오류동,12590,11655,24245,935,5,2,월
2022-05-02,경인선,개봉,22847,22236,45083,611,5,2,월
2022-05-02,경의선,임진강,19,8,27,11,5,2,월
2022-05-02,경의선,문산,5547,5426,10973,121,5,2,월
2022-05-02,경의선,파주,1826,1368,3194,458,5,2,월
2022-05-02,경의선,월롱,3192,3118,6310,74,5,2,월
2022-05-02,경의선,금촌,6881,6860,13741,21,5,2,월
2022-05-02,경의선,금릉,5451,5181,10632,270,5,2,월
2022-05-02,경의선,운정,7802,7149,14951,653,5,2,월
2022-05-02,경의선,야당,8349,8125,16474,224,5,2,월
2022-05-02,경의선,탄현,8550,7925,16475,625,5,2,월
2022-05-02,경의선,일산,10459,10028,20487,431,5,2,월
2022-05-02,경의선,풍산,6151,5577,11728,574,5,2,월
2022-05-02,경의선,백마,7814,7403,15217,411,5,2,월
2022-05-02,경의선,곡산,708,747,1455,-39,5,2,월
2022-05-02,경의선,능곡,4298,3922,8220,376,5,2,월
2022-05-02,경의선,행신,8569,8742,17311,-173,5,2,월
2022-05-02,경의선,강매,3721,3127,6848,594,5,2,월
2022-05-02,경의선,화전,3931,3724,7655,207,5,2,월
2022-05-02,경의선,수색,3065,3254,6319,-189,5,2,월
2022-05-02,경의선,디지털미디어시티,2868,2577,5445,291,5,2,월
2022-05-02,경의선,가좌,6023,5750,11773,273,5,2,월
2022-05-02,경의선,홍대입구,1761,2052,3813,-291,5,2,월
2022-05-02,경의선,서강대,2317,2381,4698,-64,5,2,월
2022-05-02,경의선,공덕,3799,3402,7201,397,5,2,월
2022-05-02,경의선,효창공원앞,3345,3622,6967,-277,5,2,월
2022-05-02,경의선,신촌,879,1256,2135,-377,5,2,월
2022-05-02,경의선,서울역,4883,6358,11241,-1475,5,2,월
2022-05-02,경원선,소요산,2980,2407,5387,573,5,2,월
2022-05-02,경원선,동두천,2727,3141,5868,-414,5,2,월
2022-05-02,경원선,보산,1973,1762,3735,211,5,2,월
2022-05-02,경원선,동두천중앙,3528,3318,6846,210,5,2,월
2022-05-02,경원선,지행,7269,7309,14578,-40,5,2,월
2022-05-02,경원선,덕정,7121,6873,13994,248,5,2,월
2022-05-02,경원선,덕계,3722,3344,7066,378,5,2,월
2022-05-02,경원선,양주,8683,8103,16786,580,5,2,월
2022-05-02,경원선,녹양,5022,4672,9694,350,5,2,월
2022-05-02,경원선,가능,7273,7056,14329,217,5,2,월
2022-05-02,경원선,의정부,19155,19667,38822,-512,5,2,월
2022-05-02,경원선,회룡,13491,13333,26824,158,5,2,월
2022-05-02,경원선,망월사,10105,10324,20429,-219,5,2,월
2022-05-02,경원선,도봉산,8067,5673,13740,2394,5,2,월
2022-05-02,경원선,도봉,6362,5999,12361,363,5,2,월
2022-05-02,경원선,방학,10336,10095,20431,241,5,2,월
2022-05-02,1호선,시청,23408,23673,47081,-265,5,2,월
2022-05-02,경원선,녹천,5059,4211,9270,848,5,2,월
2022-05-02,경원선,월계,9032,8271,17303,761,5,2,월
2022-05-02,경원선,광운대,9881,9906,19787,-25,5,2,월
2022-05-02,경원선,석계,8812,9949,18761,-1137,5,2,월
2022-05-02,경원선,신이문,8902,8128,17030,774,5,2,월
2022-05-02,경원선,외대앞,9016,9193,18209,-177,5,2,월
2022-05-02,경원선,청량리(서울시립대입구),15544,16706,32250,-1162,5,2,월
2022-05-02,경원선,왕십리(성동구청),14629,15972,30601,-1343,5,2,월
2022-05-02,경원선,응봉,2005,1730,3735,275,5,2,월
2022-05-02,경원선,옥수,50,55,105,-5,5,2,월
2022-05-02,경원선,한남,4283,4051,8334,232,5,2,월
2022-05-02,경원선,서빙고,2024,1905,3929,119,5,2,월
2022-05-02,경원선,이촌(국립중앙박물관),4037,3033,7070,1004,5,2,월
2022-05-02,경부선,광명,3528,3060,6588,468,5,2,월
2022-05-02,경부선,서동탄,1544,1292,2836,252,5,2,월
2022-05-02,경부선,당정,7733,7169,14902,564,5,2,월
2022-05-02,경부선,천안,7320,7155,14475,165,5,2,월
2022-05-02,경부선,두정,8025,9392,17417,-1367,5,2,월
2022-05-02,경부선,직산,900,843,1743,57,5,2,월
2022-05-02,경부선,성환,7286,7385,14671,-99,5,2,월
2022-05-02,경부선,평택,13858,14352,28210,-494,5,2,월
2022-05-02,경부선,평택지제,3903,3815,7718,88,5,2,월
2022-05-02,경부선,서정리,8316,8095,16411,221,5,2,월
2022-05-02,경부선,송탄,4731,4570,9301,161,5,2,월
2022-05-02,경부선,진위,1977,1702,3679,275,5,2,월
2022-05-02,경부선,오산,11079,11134,22213,-55,5,2,월
2022-05-02,경부선,오산대,4460,4089,8549,371,5,2,월
2022-05-02,경부선,세마,3115,2938,6053,177,5,2,월
2022-05-02,경부선,병점,17658,17858,35516,-200,5,2,월
2022-05-02,경부선,세류,3241,2968,6209,273,5,2,월
2022-05-02,경부선,독산,19875,20535,40410,-660,5,2,월
2022-05-02,경부선,수원,38021,40279,78300,-2258,5,2,월
2022-05-02,경부선,화서,8835,8374,17209,461,5,2,월
2022-05-02,경부선,성균관대,17094,17729,34823,-635,5,2,월
2022-05-02,경부선,의왕,9874,9986,19860,-112,5,2,월
2022-05-02,경부선,군포,8169,8072,16241,97,5,2,월
2022-05-02,경부선,금정,28541,29089,57630,-548,5,2,월
2022-05-02,경부선,명학,10897,10806,21703,91,5,2,월
2022-05-02,경부선,안양,28557,28108,56665,449,5,2,월
2022-05-02,중앙선,도농,11727,10547,22274,1180,5,2,월
2022-05-02,중앙선,양정,817,663,1480,154,5,2,월
2022-05-02,중앙선,덕소,5967,6027,11994,-60,5,2,월
2022-05-02,중앙선,도심,2712,2078,4790,634,5,2,월
2022-05-02,중앙선,팔당,951,955,1906,-4,5,2,월
2022-05-02,중앙선,운길산,936,843,1779,93,5,2,월
2022-05-02,중앙선,양수,2114,2201,4315,-87,5,2,월
2022-05-02,중앙선,신원,289,213,502,76,5,2,월
2022-05-02,중앙선,국수,858,865,1723,-7,5,2,월
2022-05-02,중앙선,아신,598,615,1213,-17,5,2,월
2022-05-02,중앙선,오빈,349,332,681,17,5,2,월
2022-05-02,중앙선,양평,2970,3041,6011,-71,5,2,월
2022-05-02,중앙선,원덕,443,392,835,51,5,2,월
2022-05-02,중앙선,용문,1980,1856,3836,124,5,2,월
2022-05-02,중앙선,지평,82,84,166,-2,5,2,월
2022-05-02,경부선,관악,7794,7302,15096,492,5,2,월
2022-05-02,경부선,석수,10388,9224,19612,1164,5,2,월
2022-05-02,경부선,금천구청,12722,12484,25206,238,5,2,월
2022-05-02,경부선,가산디지털단지,19659,22744,42403,-3085,5,2,월
2022-05-02,경부선,구로,19447,19665,39112,-218,5,2,월
2022-05-02,경부선,신길,9790,8277,18067,1513,5,2,월
2022-05-02,경부선,신도림,4332,4458,8790,-126,5,2,월
2022-05-02,경부선,영등포,37119,38412,75531,-1293,5,2,월
2022-05-02,경부선,대방,14050,14469,28519,-419,5,2,월
2022-05-02,경부선,노량진,8497,8692,17189,-195,5,2,월
2022-05-02,경부선,용산,33175,33879,67054,-704,5,2,월
2022-05-02,경부선,남영,9894,10812,20706,-918,5,2,월
2022-05-02,경부선,서울역,6963,2105,9068,4858,5,2,월
2022-05-02,경강선,여주,2642,2620,5262,22,5,2,월
2022-05-02,경강선,세종대왕릉,344,338,682,6,5,2,월
2022-05-02,경강선,부발,2149,2313,4462,-164,5,2,월
2022-05-02,경강선,이천,2677,2873,5550,-196,5,2,월
2022-05-02,경강선,신둔도예촌,1714,1590,3304,124,5,2,월
2022-05-02,경강선,곤지암,2374,2402,4776,-28,5,2,월
2022-05-02,경강선,초월,3493,3294,6787,199,5,2,월
2022-05-02,경강선,경기광주,8313,7908,16221,405,5,2,월
2022-05-02,경강선,삼동,2549,2358,4907,191,5,2,월
2022-05-02,경강선,이매,1171,1049,2220,122,5,2,월
2022-05-02,경강선,판교,5208,5050,10258,158,5,2,월
2022-05-02,9호선2~3단계,중앙보훈병원,11589,10334,21923,1255,5,2,월
2022-05-02,9호선2~3단계,둔촌오륜,1221,1125,2346,96,5,2,월
2022-05-02,9호선2~3단계,올림픽공원(한국체대),6385,6365,12750,20,5,2,월
2022-05-02,9호선2~3단계,한성백제,2660,2359,5019,301,5,2,월
2022-05-02,9호선2~3단계,송파나루,5149,5371,10520,-222,5,2,월
2022-05-02,9호선2~3단계,석촌,8878,7807,16685,1071,5,2,월
2022-05-02,9호선2~3단계,석촌고분,6130,6002,12132,128,5,2,월
2022-05-02,9호선2~3단계,삼전,7090,6743,13833,347,5,2,월
2022-05-02,9호선2~3단계,종합운동장,4568,4574,9142,-6,5,2,월
2022-05-02,9호선2~3단계,봉은사,17517,18129,35646,-612,5,2,월
2022-05-02,9호선2~3단계,삼성중앙,7388,7832,15220,-444,5,2,월
2022-05-02,9호선2~3단계,선정릉,10352,11287,21639,-935,5,2,월
2022-05-02,9호선2~3단계,언주,10830,11278,22108,-448,5,2,월
2022-05-02,9호선,신논현,32965,32506,65471,459,5,2,월
2022-05-02,9호선,사평,3815,3626,7441,189,5,2,월
2022-05-02,9호선,고속터미널,12893,16168,29061,-3275,5,2,월
2022-05-02,9호선,신반포,3778,3642,7420,136,5,2,월
2022-05-02,9호선,구반포,1325,1403,2728,-78,5,2,월
2022-05-02,9호선,동작(현충원),2038,1717,3755,321,5,2,월
2022-05-02,9호선,흑석(중앙대입구),9570,9887,19457,-317,5,2,월
2022-05-02,9호선,노들,4723,3986,8709,737,5,2,월
2022-05-02,9호선,노량진,27319,26608,53927,711,5,2,월
2022-05-02,9호선,샛강,6496,6841,13337,-345,5,2,월
2022-05-02,9호선,여의도,29155,29064,58219,91,5,2,월
2022-05-02,9호선,국회의사당,16592,17507,34099,-915,5,2,월
2022-05-02,9호선,당산,18982,19312,38294,-330,5,2,월
2022-05-02,9호선,선유도,9350,8911,18261,439,5,2,월
2022-05-02,9호선,신목동,4443,3871,8314,572,5,2,월
2022-05-02,9호선,염창,18327,17778,36105,549,5,2,월
2022-05-02,9호선,등촌,12079,11523,23602,556,5,2,월
2022-05-02,9호선,증미,7707,7548,15255,159,5,2,월
2022-05-02,9호선,가양,21972,21002,42974,970,5,2,월
2022-05-02,9호선,양천향교,10274,10458,20732,-184,5,2,월
2022-05-02,9호선,마곡나루(서울식물원),12959,12822,25781,137,5,2,월
2022-05-02,9호선,신방화,7091,6807,13898,284,5,2,월
2022-05-02,9호선,공항시장,3119,3328,6447,-209,5,2,월
2022-05-02,9호선,김포공항,7274,10787,18061,-3513,5,2,월
2022-05-02,9호선,개화,2822,1936,4758,886,5,2,월
2022-05-02,8호선,남위례,5399,5536,10935,-137,5,2,월
2022-05-02,8호선,모란,4642,3746,8388,896,5,2,월
2022-05-02,8호선,수진,5623,5255,10878,368,5,2,월
2022-05-02,8호선,신흥,4299,4581,8880,-282,5,2,월
2022-05-02,8호선,단대오거리,11810,11075,22885,735,5,2,월
2022-05-02,8호선,남한산성입구(성남법원.검찰청),16261,15152,31413,1109,5,2,월
2022-05-02,8호선,산성,5663,5656,11319,7,5,2,월
2022-05-02,8호선,복정,10504,8853,19357,1651,5,2,월
2022-05-02,8호선,장지,17624,16925,34549,699,5,2,월
2022-05-02,8호선,문정,23043,24552,47595,-1509,5,2,월
2022-05-02,8호선,가락시장,7860,8819,16679,-959,5,2,월
2022-05-02,8호선,송파,8868,8548,17416,320,5,2,월
2022-05-02,8호선,석촌,7823,8857,16680,-1034,5,2,월
2022-05-02,8호선,잠실(송파구청),13864,16577,30441,-2713,5,2,월
2022-05-02,8호선,몽촌토성(평화의문),6409,6634,13043,-225,5,2,월
2022-05-02,8호선,강동구청,10847,11323,22170,-476,5,2,월
2022-05-02,8호선,천호(풍납토성),14703,17011,31714,-2308,5,2,월
2022-05-02,8호선,암사,19783,17138,36921,2645,5,2,월
2022-05-02,7호선,온수(성공회대입구),11814,10995,22809,819,5,2,월
2022-05-02,7호선,천왕,12178,11622,23800,556,5,2,월
2022-05-02,7호선,광명사거리,22862,22446,45308,416,5,2,월
2022-05-02,7호선,철산,22177,22530,44707,-353,5,2,월
2022-05-02,7호선,가산디지털단지,47794,48108,95902,-314,5,2,월
2022-05-02,7호선,남구로,16559,17429,33988,-870,5,2,월
2022-05-02,7호선,대림(구로구청),8260,8146,16406,114,5,2,월
2022-05-02,7호선,신풍,12495,11771,24266,724,5,2,월
2022-05-02,7호선,보라매,10722,10780,21502,-58,5,2,월
2022-05-02,7호선,신대방삼거리,17614,16925,34539,689,5,2,월
2022-05-02,7호선,장승배기,9348,9122,18470,226,5,2,월
2022-05-02,7호선,상도,11981,11951,23932,30,5,2,월
2022-05-02,7호선,숭실대입구(살피재),15462,15999,31461,-537,5,2,월
2022-05-02,7호선,남성,11928,11104,23032,824,5,2,월
2022-05-02,7호선,이수,15954,15565,31519,389,5,2,월
2022-05-02,7호선,내방,15303,15646,30949,-343,5,2,월
2022-05-02,7호선,고속터미널,16532,13743,30275,2789,5,2,월
2022-05-02,7호선,반포,6117,6050,12167,67,5,2,월
2022-05-02,7호선,논현,21208,22913,44121,-1705,5,2,월
2022-05-02,7호선,학동,25190,26986,52176,-1796,5,2,월
2022-05-02,7호선,강남구청,16430,17970,34400,-1540,5,2,월
2022-05-02,7호선,청담,20436,23025,43461,-2589,5,2,월
2022-05-02,7호선,뚝섬유원지,11161,10937,22098,224,5,2,월
2022-05-02,7호선,건대입구,13196,14096,27292,-900,5,2,월
2022-05-02,7호선,어린이대공원(세종대),15766,16439,32205,-673,5,2,월
2022-05-02,7호선,군자(능동),15393,12386,27779,3007,5,2,월
2022-05-02,7호선,중곡,11334,10541,21875,793,5,2,월
2022-05-02,7호선,용마산(용마폭포공원),6404,6078,12482,326,5,2,월
2022-05-02,7호선,사가정,17125,17012,34137,113,5,2,월
2022-05-02,7호선,면목,17135,16493,33628,642,5,2,월
2022-05-02,7호선,상봉(시외버스터미널),17427,16332,33759,1095,5,2,월
2022-05-02,7호선,중화,11361,11225,22586,136,5,2,월
2022-05-02,7호선,먹골,10577,10326,20903,251,5,2,월
2022-05-02,7호선,태릉입구,9364,9067,18431,297,5,2,월
2022-05-02,7호선,공릉(서울과학기술대),13454,13617,27071,-163,5,2,월
2022-05-02,7호선,하계,19273,17999,37272,1274,5,2,월
2022-05-02,7호선,중계,15806,14456,30262,1350,5,2,월
2022-05-02,7호선,노원,19673,20888,40561,-1215,5,2,월
2022-05-02,7호선,마들,13411,12618,26029,793,5,2,월
2022-05-02,7호선,수락산,13149,12818,25967,331,5,2,월
2022-05-02,7호선,도봉산,10370,11488,21858,-1118,5,2,월
2022-05-02,7호선,장암,2407,917,3324,1490,5,2,월
2022-05-02,6호선,신내,2,0,2,2,5,2,월
2022-05-02,6호선,봉화산(서울의료원),9472,8778,18250,694,5,2,월
2022-05-02,6호선,화랑대(서울여대입구),13293,10397,23690,2896,5,2,월
2022-05-02,6호선,태릉입구,5789,6482,12271,-693,5,2,월
2022-05-02,6호선,석계,13123,13867,26990,-744,5,2,월
2022-05-02,6호선,돌곶이,9940,9305,19245,635,5,2,월
2022-05-02,6호선,상월곡(한국과학기술연구원),6813,6413,13226,400,5,2,월
2022-05-02,6호선,월곡(동덕여대),13584,13015,26599,569,5,2,월
2022-05-02,6호선,고려대(종암),8931,8773,17704,158,5,2,월
2022-05-02,6호선,안암(고대병원앞),13908,14438,28346,-530,5,2,월
2022-05-02,6호선,보문,7585,7009,14594,576,5,2,월
2022-05-02,6호선,창신,3955,3302,7257,653,5,2,월
2022-05-02,6호선,동묘앞,7965,8293,16258,-328,5,2,월
2022-05-02,6호선,신당,7815,8376,16191,-561,5,2,월
2022-05-02,6호선,청구,3756,4048,7804,-292,5,2,월
2022-05-02,6호선,약수,3732,3721,7453,11,5,2,월
2022-05-02,6호선,버티고개,2184,2156,4340,28,5,2,월
2022-05-02,6호선,한강진,7079,8110,15189,-1031,5,2,월
2022-05-02,6호선,이태원,11245,11493,22738,-248,5,2,월
2022-05-02,6호선,녹사평(용산구청),4800,4736,9536,64,5,2,월
2022-05-02,6호선,삼각지,6609,5752,12361,857,5,2,월
2022-05-02,6호선,효창공원앞,7884,7238,15122,646,5,2,월
2022-05-02,6호선,공덕,19347,18937,38284,410,5,2,월
2022-05-02,6호선,대흥(서강대앞),8981,9319,18300,-338,5,2,월
2022-05-02,6호선,광흥창(서강),9557,9140,18697,417,5,2,월
2022-05-02,6호선,상수,8734,9850,18584,-1116,5,2,월
2022-05-02,6호선,합정,13049,12927,25976,122,5,2,월
2022-05-02,6호선,망원,13756,14445,28201,-689,5,2,월
2022-05-02,6호선,마포구청,14683,13156,27839,1527,5,2,월
2022-05-02,6호선,월드컵경기장(성산),4635,4815,9450,-180,5,2,월
2022-05-02,6호선,디지털미디어시티,14918,16396,31314,-1478,5,2,월
2022-05-02,6호선,증산(명지대앞),10615,10577,21192,38,5,2,월
2022-05-02,6호선,새절(신사),13897,12986,26883,911,5,2,월
2022-05-02,6호선,구산,8233,5955,14188,2278,5,2,월
2022-05-02,6호선,연신내,1,0,1,1,5,2,월
2022-05-02,6호선,독바위,2815,2926,5741,-111,5,2,월
2022-05-02,6호선,불광,4310,4346,8656,-36,5,2,월
2022-05-02,6호선,역촌,3836,4507,8343,-671,5,2,월
2022-05-02,6호선,응암,18393,18076,36469,317,5,2,월
2022-05-02,5호선,하남검단산,5894,5655,11549,239,5,2,월
2022-05-02,5호선,하남시청(덕풍·신장),7346,6873,14219,473,5,2,월
2022-05-02,5호선,하남풍산,4547,4387,8934,160,5,2,월
2022-05-02,5호선,미사,16668,16578,33246,90,5,2,월
2022-05-02,5호선,강일,4624,4297,8921,327,5,2,월
2022-05-02,5호선,마천,7619,7300,14919,319,5,2,월
2022-05-02,5호선,거여,10969,10469,21438,500,5,2,월
2022-05-02,5호선,개롱,6829,7052,13881,-223,5,2,월
2022-05-02,5호선,오금,3992,3981,7973,11,5,2,월
2022-05-02,5호선,방이,7425,7682,15107,-257,5,2,월
2022-05-02,5호선,올림픽공원(한국체대),4809,4220,9029,589,5,2,월
2022-05-02,5호선,둔촌동,8620,8605,17225,15,5,2,월
2022-05-02,5호선,상일동,15878,14795,30673,1083,5,2,월
2022-05-02,5호선,고덕,10475,10328,20803,147,5,2,월
2022-05-02,5호선,명일,9273,9433,18706,-160,5,2,월
2022-05-02,5호선,굽은다리(강동구민회관앞),9855,9326,19181,529,5,2,월
2022-05-02,5호선,길동,8218,8483,16701,-265,5,2,월
2022-05-02,5호선,강동,19339,18585,37924,754,5,2,월
2022-05-02,5호선,천호(풍납토성),18000,18054,36054,-54,5,2,월
2022-05-02,5호선,광나루(장신대),13890,12764,26654,1126,5,2,월
2022-05-02,5호선,아차산(어린이대공원후문),15235,14635,29870,600,5,2,월
2022-05-02,5호선,군자(능동),11359,12450,23809,-1091,5,2,월
2022-05-02,5호선,장한평,18823,18558,37381,265,5,2,월
2022-05-02,5호선,답십리,16493,15082,31575,1411,5,2,월
2022-05-02,5호선,마장,6039,5721,11760,318,5,2,월
2022-05-02,5호선,왕십리(성동구청),4553,5199,9752,-646,5,2,월
2022-05-02,5호선,행당,8453,7529,15982,924,5,2,월
2022-05-02,5호선,신금호,6927,7274,14201,-347,5,2,월
2022-05-02,5호선,청구,4297,3774,8071,523,5,2,월
2022-05-02,5호선,동대문역사문화공원(DDP),3003,3632,6635,-629,5,2,월
2022-05-02,5호선,을지로4가,6422,6663,13085,-241,5,2,월
2022-05-02,5호선,종로3가,12651,12612,25263,39,5,2,월
2022-05-02,5호선,광화문(세종문화회관),30988,32513,63501,-1525,5,2,월
2022-05-02,5호선,서대문,21288,21749,43037,-461,5,2,월
2022-05-02,5호선,충정로(경기대입구),4937,5050,9987,-113,5,2,월
2022-05-02,5호선,애오개,7007,7001,14008,6,5,2,월
2022-05-02,5호선,공덕,14965,15904,30869,-939,5,2,월
2022-05-02,5호선,마포,15310,15553,30863,-243,5,2,월
2022-05-02,5호선,여의나루,13900,15243,29143,-1343,5,2,월
2022-05-02,5호선,여의도,29904,31985,61889,-2081,5,2,월
2022-05-02,5호선,신길,4312,4527,8839,-215,5,2,월
2022-05-02,5호선,영등포시장,10262,10532,20794,-270,5,2,월
2022-05-02,5호선,영등포구청,4254,4392,8646,-138,5,2,월
2022-05-02,5호선,양평,8026,7830,15856,196,5,2,월
2022-05-02,5호선,오목교(목동운동장앞),21713,23259,44972,-1546,5,2,월
2022-05-02,5호선,목동,17397,18586,35983,-1189,5,2,월
2022-05-02,5호선,신정(은행정),14705,11845,26550,2860,5,2,월
2022-05-02,5호선,까치산,30237,28903,59140,1334,5,2,월
2022-05-02,5호선,화곡,29999,27680,57679,2319,5,2,월
2022-05-02,5호선,우장산,15661,15299,30960,362,5,2,월
2022-05-02,5호선,발산,21792,22398,44190,-606,5,2,월
2022-05-02,5호선,마곡,11284,11320,22604,-36,5,2,월
2022-05-02,5호선,송정,6860,6335,13195,525,5,2,월
2022-05-02,5호선,김포공항,7144,7177,14321,-33,5,2,월
2022-05-02,5호선,개화산,6130,5771,11901,359,5,2,월
2022-05-02,5호선,방화,7086,6746,13832,340,5,2,월
2022-05-02,4호선,남태령,1219,1075,2294,144,5,2,월
2022-05-02,4호선,사당,26638,21942,48580,4696,5,2,월
2022-05-02,4호선,총신대입구(이수),19713,21077,40790,-1364,5,2,월
2022-05-02,4호선,동작(현충원),1620,1851,3471,-231,5,2,월
2022-05-02,4호선,이촌(국립중앙박물관),8310,9188,17498,-878,5,2,월
2022-05-02,4호선,신용산,17117,17948,35065,-831,5,2,월
2022-05-02,4호선,삼각지,5142,5700,10842,-558,5,2,월
2022-05-02,4호선,숙대입구(갈월),14835,14324,29159,511,5,2,월
2022-05-02,4호선,서울역,11835,17148,28983,-5313,5,2,월
2022-05-02,4호선,회현(남대문시장),26868,28401,55269,-1533,5,2,월
2022-05-02,4호선,명동,20840,21700,42540,-860,5,2,월
2022-05-02,4호선,충무로,29495,30765,60260,-1270,5,2,월
2022-05-02,4호선,동대문역사문화공원(DDP),14778,13586,28364,1192,5,2,월
2022-05-02,4호선,동대문,20785,21390,42175,-605,5,2,월
2022-05-02,4호선,혜화,31587,31740,63327,-153,5,2,월
2022-05-02,4호선,한성대입구(삼선교),15101,14682,29783,419,5,2,월
2022-05-02,4호선,성신여대입구(돈암),21784,20961,42745,823,5,2,월
2022-05-02,4호선,길음,22684,22756,45440,-72,5,2,월
2022-05-02,4호선,미아사거리,28484,27609,56093,875,5,2,월
2022-05-02,4호선,미아(서울사이버대학),16057,15640,31697,417,5,2,월
2022-05-02,4호선,수유(강북구청),34860,35000,69860,-140,5,2,월
2022-05-02,4호선,쌍문,30522,28113,58635,2409,5,2,월
2022-05-02,4호선,창동,26330,27646,53976,-1316,5,2,월
2022-05-02,4호선,노원,19321,21732,41053,-2411,5,2,월
2022-05-02,4호선,상계,21196,19351,40547,1845,5,2,월
2022-05-02,4호선,당고개,9522,8360,17882,1162,5,2,월
2022-05-02,3호선,오금,6634,5949,12583,685,5,2,월
2022-05-02,3호선,경찰병원,7689,7648,15337,41,5,2,월
2022-05-02,3호선,가락시장,9310,9278,18588,32,5,2,월
2022-05-02,3호선,수서,17889,18415,36304,-526,5,2,월
2022-05-02,3호선,일원,11077,10892,21969,185,5,2,월
2022-05-02,3호선,대청,10943,10136,21079,807,5,2,월
2022-05-02,3호선,학여울,1889,1929,3818,-40,5,2,월
2022-05-02,3호선,대치,11419,11391,22810,28,5,2,월
2022-05-02,3호선,도곡,5790,5860,11650,-70,5,2,월
2022-05-02,3호선,매봉,13107,12507,25614,600,5,2,월
2022-05-02,3호선,양재(서초구청),39952,44164,84116,-4212,5,2,월
2022-05-02,3호선,남부터미널(예술의전당),29658,30538,60196,-880,5,2,월
2022-05-02,3호선,교대(법원.검찰청),15171,10233,25404,4938,5,2,월
2022-05-02,3호선,고속터미널,40678,39063,79741,1615,5,2,월
2022-05-02,3호선,잠원,5302,5026,10328,276,5,2,월
2022-05-02,3호선,신사,30782,32316,63098,-1534,5,2,월
2022-05-02,3호선,압구정,31849,34383,66232,-2534,5,2,월
2022-05-02,3호선,옥수,9341,9673,19014,-332,5,2,월
2022-05-02,3호선,금호,8267,7620,15887,647,5,2,월
2022-05-02,3호선,약수,13612,13310,26922,302,5,2,월
2022-05-02,3호선,동대입구,10789,11899,22688,-1110,5,2,월
2022-05-02,3호선,충무로,2,0,2,2,5,2,월
2022-05-02,3호선,을지로3가,11097,11219,22316,-122,5,2,월
2022-05-02,3호선,종로3가,9926,11481,21407,-1555,5,2,월
2022-05-02,3호선,안국,22069,22848,44917,-779,5,2,월
2022-05-02,3호선,경복궁(정부서울청사),22388,22380,44768,8,5,2,월
2022-05-02,3호선,독립문,7211,7626,14837,-415,5,2,월
2022-05-02,3호선,무악재,4128,4291,8419,-163,5,2,월
2022-05-02,3호선,홍제,18840,17890,36730,950,5,2,월
2022-05-02,3호선,녹번,16416,14834,31250,1582,5,2,월
2022-05-02,3호선,불광,16960,18002,34962,-1042,5,2,월
2022-05-02,3호선,연신내,37805,35243,73048,2562,5,2,월
2022-05-02,3호선,구파발,21815,20658,42473,1157,5,2,월
2022-05-02,3호선,지축,5336,4925,10261,411,5,2,월
2022-05-02,2호선,용두(동대문구청),2468,2561,5029,-93,5,2,월
2022-05-02,2호선,신정네거리,10797,11159,21956,-362,5,2,월
2022-05-02,2호선,양천구청,7322,7435,14757,-113,5,2,월
2022-05-02,2호선,도림천,1448,1532,2980,-84,5,2,월
2022-05-02,2호선,신설동,3429,3318,6747,111,5,2,월
2022-05-02,2호선,충정로(경기대입구),10579,11189,21768,-610,5,2,월
2022-05-02,2호선,아현,10857,10414,21271,443,5,2,월
2022-05-02,2호선,이대,14625,15966,30591,-1341,5,2,월
2022-05-02,2호선,신촌,34473,35096,69569,-623,5,2,월
2022-05-02,2호선,홍대입구,53960,56177,110137,-2217,5,2,월
2022-05-02,2호선,합정,30140,31875,62015,-1735,5,2,월
2022-05-02,2호선,당산,19724,22889,42613,-3165,5,2,월
2022-05-02,2호선,영등포구청,23499,24446,47945,-947,5,2,월
2022-05-02,2호선,문래,23014,23676,46690,-662,5,2,월
2022-05-02,2호선,신도림,49407,49037,98444,370,5,2,월
2022-05-02,2호선,대림(구로구청),24919,25469,50388,-550,5,2,월
2022-05-02,2호선,구로디지털단지,62297,62595,124892,-298,5,2,월
2022-05-02,2호선,신대방,27731,26822,54553,909,5,2,월
2022-05-02,2호선,신림,64672,62554,127226,2118,5,2,월
2022-05-02,2호선,봉천,24800,22773,47573,2027,5,2,월
2022-05-02,2호선,서울대입구(관악구청),49696,49285,98981,411,5,2,월
2022-05-02,2호선,낙성대(강감찬),28023,27968,55991,55,5,2,월
2022-05-02,2호선,사당,37312,42186,79498,-4874,5,2,월
2022-05-02,2호선,방배,20116,20873,40989,-757,5,2,월
2022-05-02,2호선,서초,22220,21324,43544,896,5,2,월
2022-05-02,2호선,교대(법원.검찰청),35297,39828,75125,-4531,5,2,월
2022-05-02,2호선,강남,85393,85295,170688,98,5,2,월
2022-05-02,2호선,역삼,55204,62723,117927,-7519,5,2,월
2022-05-02,2호선,선릉,59566,53209,112775,6357,5,2,월
2022-05-02,2호선,삼성(무역센터),52814,53784,106598,-970,5,2,월
2022-05-02,2호선,종합운동장,9422,10868,20290,-1446,5,2,월
2022-05-02,2호선,잠실새내,21809,21522,43331,287,5,2,월
2022-05-02,2호선,잠실(송파구청),68721,68507,137228,214,5,2,월
2022-05-02,2호선,잠실나루,15631,15502,31133,129,5,2,월
2022-05-02,2호선,강변(동서울터미널),31134,29732,60866,1402,5,2,월
2022-05-02,2호선,구의(광진구청),24401,24118,48519,283,5,2,월
2022-05-02,2호선,건대입구,36652,38913,75565,-2261,5,2,월
2022-05-02,2호선,성수,38284,42075,80359,-3791,5,2,월
2022-05-02,2호선,뚝섬,22860,24716,47576,-1856,5,2,월
2022-05-02,2호선,한양대,14949,17055,32004,-2106,5,2,월
2022-05-02,2호선,왕십리(성동구청),17195,13757,30952,3438,5,2,월
2022-05-02,2호선,상왕십리,14949,14392,29341,557,5,2,월
2022-05-02,2호선,신당,14348,14767,29115,-419,5,2,월
2022-05-02,2호선,동대문역사문화공원(DDP),12113,13688,25801,-1575,5,2,월
2022-05-02,2호선,을지로4가,13355,13338,26693,17,5,2,월
2022-05-02,2호선,을지로3가,23705,23660,47365,45,5,2,월
2022-05-02,2호선,을지로입구,40719,42203,82922,-1484,5,2,월
2022-05-02,2호선,시청,24505,24079,48584,426,5,2,월
2022-05-02,1호선,동묘앞,8083,8483,16566,-400,5,2,월
2022-05-02,1호선,청량리(서울시립대입구),20887,20708,41595,179,5,2,월
2022-05-02,1호선,제기동,18008,18507,36515,-499,5,2,월
2022-05-02,1호선,신설동,14255,13997,28252,258,5,2,월
2022-05-02,1호선,동대문,11656,10962,22618,694,5,2,월
2022-05-02,1호선,종로5가,22917,22841,45758,76,5,2,월
2022-05-02,1호선,종로3가,25480,23165,48645,2315,5,2,월
2022-05-02,2호선,신답,1763,2048,3811,-285,5,2,월
2022-05-02,1호선,종각,36817,36210,73027,607,5,2,월
2022-05-03,안산선,한대앞,11570,11624,23194,-54,5,3,화
2022-05-03,안산선,상록수,17868,17900,35768,-32,5,3,화
2022-05-03,안산선,반월,4708,4556,9264,152,5,3,화
2022-05-03,안산선,대야미,5733,5111,10844,622,5,3,화
2022-05-03,안산선,산본,17511,18695,36206,-1184,5,3,화
2022-05-03,수인선,인천,1147,1866,3013,-719,5,3,화
2022-05-03,수인선,신포,2093,2102,4195,-9,5,3,화
2022-05-03,수인선,숭의,4463,4165,8628,298,5,3,화
2022-05-03,수인선,인하대,8243,7885,16128,358,5,3,화
2022-05-03,수인선,송도,2854,2671,5525,183,5,3,화
2022-05-03,수인선,연수,5011,5039,10050,-28,5,3,화
2022-05-03,수인선,원인재,4783,5016,9799,-233,5,3,화
2022-05-03,수인선,남동인더스파크,2370,2681,5051,-311,5,3,화
2022-05-03,수인선,호구포,4347,4579,8926,-232,5,3,화
2022-05-03,수인선,인천논현,5997,6421,12418,-424,5,3,화
2022-05-03,수인선,소래포구,6933,6522,13455,411,5,3,화
2022-05-03,수인선,월곶,2984,2739,5723,245,5,3,화
2022-05-03,수인선,달월,107,65,172,42,5,3,화
2022-05-03,수인선,사리,5284,4738,10022,546,5,3,화
2022-05-03,분당선,가천대,14346,15262,29608,-916,5,3,화
2022-05-03,수인선,야목,485,356,841,129,5,3,화
2022-05-03,수인선,어천,836,864,1700,-28,5,3,화
2022-05-03,수인선,오목천,4599,4032,8631,567,5,3,화
2022-05-03,수인선,고색,5384,5193,10577,191,5,3,화
2022-05-03,분당선,매교,3501,3474,6975,27,5,3,화
2022-05-03,분당선,수원시청,13514,14450,27964,-936,5,3,화
2022-05-03,분당선,매탄권선,5974,5698,11672,276,5,3,화
2022-05-03,분당선,망포,15847,15118,30965,729,5,3,화
2022-05-03,분당선,영통,9193,9323,18516,-130,5,3,화
2022-05-03,분당선,청명,4741,4578,9319,163,5,3,화
2022-05-03,분당선,상갈,6046,5745,11791,301,5,3,화
2022-05-03,분당선,기흥,11324,10605,21929,719,5,3,화
2022-05-03,분당선,신갈,4990,4961,9951,29,5,3,화
2022-05-03,분당선,구성,5577,5838,11415,-261,5,3,화
2022-05-03,분당선,죽전,15597,17015,32612,-1418,5,3,화
2022-05-03,분당선,보정,2998,2566,5564,432,5,3,화
2022-05-03,분당선,이매,6256,5792,12048,464,5,3,화
2022-05-03,분당선,오리,12673,10327,23000,2346,5,3,화
2022-05-03,분당선,미금,16337,17690,34027,-1353,5,3,화
2022-05-03,분당선,정자,18927,20303,39230,-1376,5,3,화
2022-05-03,분당선,수내,14624,14721,29345,-97,5,3,화
2022-05-03,분당선,서현,26288,26844,53132,-556,5,3,화
2022-05-03,분당선,야탑,27688,29112,56800,-1424,5,3,화
2022-05-03,분당선,모란,22251,22321,44572,-70,5,3,화
2022-05-03,중앙선,지평,101,104,205,-3,5,3,화
2022-05-03,중앙선,용문,2211,2139,4350,72,5,3,화
2022-05-03,중앙선,원덕,437,445,882,-8,5,3,화
2022-05-03,중앙선,양평,4571,4609,9180,-38,5,3,화
2022-05-03,중앙선,오빈,391,369,760,22,5,3,화
2022-05-03,중앙선,아신,588,606,1194,-18,5,3,화
2022-05-03,중앙선,국수,926,919,1845,7,5,3,화
2022-05-03,중앙선,신원,245,233,478,12,5,3,화
2022-05-03,중앙선,양수,2339,2263,4602,76,5,3,화
2022-05-03,중앙선,운길산,1110,1039,2149,71,5,3,화
2022-05-03,중앙선,팔당,1019,1081,2100,-62,5,3,화
2022-05-03,중앙선,도심,2836,2200,5036,636,5,3,화
2022-05-03,중앙선,덕소,6157,6185,12342,-28,5,3,화
2022-05-03,중앙선,양정,833,689,1522,144,5,3,화
2022-05-03,중앙선,도농,11990,10832,22822,1158,5,3,화
2022-05-03,중앙선,구리,14733,15014,29747,-281,5,3,화
2022-05-03,중앙선,양원,3369,3253,6622,116,5,3,화
2022-05-03,중앙선,망우,8383,8302,16685,81,5,3,화
2022-05-03,중앙선,상봉(시외버스터미널),6150,6075,12225,75,5,3,화
2022-05-03,중앙선,중랑,6206,5888,12094,318,5,3,화
2022-05-03,중앙선,회기,27841,26954,54795,887,5,3,화
2022-05-03,장항선,신창(순천향대),3084,2997,6081,87,5,3,화
2022-05-03,장항선,온양온천,3905,4002,7907,-97,5,3,화
2022-05-03,장항선,배방,1270,1221,2491,49,5,3,화
2022-05-03,장항선,탕정,961,863,1824,98,5,3,화
2022-05-03,장항선,아산,3994,3527,7521,467,5,3,화
2022-05-03,장항선,쌍용(나사렛대),3228,2989,6217,239,5,3,화
2022-05-03,장항선,봉명,1390,1368,2758,22,5,3,화
2022-05-03,일산선,대화,13601,10773,24374,2828,5,3,화
2022-05-03,일산선,주엽,9961,9839,19800,122,5,3,화
2022-05-03,일산선,정발산,7884,7875,15759,9,5,3,화
2022-05-03,일산선,마두,8032,8366,16398,-334,5,3,화
2022-05-03,일산선,백석,10417,10265,20682,152,5,3,화
2022-05-03,일산선,대곡,2399,1927,4326,472,5,3,화
2022-05-03,일산선,화정,18003,18288,36291,-285,5,3,화
2022-05-03,일산선,원당,12403,11608,24011,795,5,3,화
2022-05-03,일산선,삼송,21532,20788,42320,744,5,3,화
2022-05-03,일산선,원흥,11928,11322,23250,606,5,3,화
2022-05-03,우이신설선,신설동,2349,2304,4653,45,5,3,화
2022-05-03,우이신설선,보문,1650,1651,3301,-1,5,3,화
2022-05-03,우이신설선,성신여대입구(돈암),3635,3902,7537,-267,5,3,화
2022-05-03,우이신설선,정릉,5171,4645,9816,526,5,3,화
2022-05-03,우이신설선,북한산보국문,6645,6179,12824,466,5,3,화
2022-05-03,우이신설선,솔샘,6356,5897,12253,459,5,3,화
2022-05-03,우이신설선,삼양사거리,2615,2566,5181,49,5,3,화
2022-05-03,우이신설선,삼양,2101,2224,4325,-123,5,3,화
2022-05-03,우이신설선,화계,3734,3523,7257,211,5,3,화
2022-05-03,우이신설선,가오리,4543,4378,8921,165,5,3,화
2022-05-03,우이신설선,4.19민주묘지,3673,3571,7244,102,5,3,화
2022-05-03,우이신설선,솔밭공원,2697,2511,5208,186,5,3,화
2022-05-03,우이신설선,북한산우이,3353,2973,6326,380,5,3,화
2022-05-03,안산선,수리산,5292,4688,9980,604,5,3,화
2022-05-03,안산선,오이도,9347,9098,18445,249,5,3,화
2022-05-03,안산선,정왕,11091,11400,22491,-309,5,3,화
2022-05-03,안산선,신길온천,1956,1800,3756,156,5,3,화
2022-05-03,안산선,안산,12375,11147,23522,1228,5,3,화
2022-05-03,안산선,초지,5784,6190,11974,-406,5,3,화
2022-05-03,안산선,고잔,9793,9462,19255,331,5,3,화
2022-05-03,안산선,중앙,20102,20966,41068,-864,5,3,화
2022-05-03,1호선,서울역,45870,44727,90597,1143,5,3,화
2022-05-03,1호선,시청,25077,25061,50138,16,5,3,화
2022-05-03,1호선,종각,38218,37531,75749,687,5,3,화
2022-05-03,1호선,종로3가,26656,24076,50732,2580,5,3,화
2022-05-03,1호선,종로5가,23724,23827,47551,-103,5,3,화
2022-05-03,1호선,동대문,11928,11294,23222,634,5,3,화
2022-05-03,1호선,신설동,14516,14188,28704,328,5,3,화
2022-05-03,1호선,제기동,18558,19067,37625,-509,5,3,화
2022-05-03,1호선,청량리(서울시립대입구),21587,21235,42822,352,5,3,화
2022-05-03,1호선,동묘앞,8561,8987,17548,-426,5,3,화
2022-05-03,2호선,시청,26278,25568,51846,710,5,3,화
2022-05-03,2호선,을지로입구,41874,43788,85662,-1914,5,3,화
2022-05-03,2호선,을지로3가,24457,24590,49047,-133,5,3,화
2022-05-03,2호선,을지로4가,13656,13834,27490,-178,5,3,화
2022-05-03,2호선,동대문역사문화공원(DDP),12594,14434,27028,-1840,5,3,화
2022-05-03,2호선,신당,14951,15436,30387,-485,5,3,화
2022-05-03,2호선,상왕십리,15185,14601,29786,584,5,3,화
2022-05-03,2호선,왕십리(성동구청),17976,14152,32128,3824,5,3,화
2022-05-03,2호선,한양대,15842,17831,33673,-1989,5,3,화
2022-05-03,2호선,뚝섬,23476,25645,49121,-2169,5,3,화
2022-05-03,2호선,성수,39119,43118,82237,-3999,5,3,화
2022-05-03,2호선,건대입구,38021,40752,78773,-2731,5,3,화
2022-05-03,2호선,구의(광진구청),25566,24680,50246,886,5,3,화
2022-05-03,2호선,강변(동서울터미널),31325,29394,60719,1931,5,3,화
2022-05-03,2호선,잠실나루,16001,15712,31713,289,5,3,화
2022-05-03,2호선,잠실(송파구청),75014,74545,149559,469,5,3,화
2022-05-03,2호선,잠실새내,22740,22759,45499,-19,5,3,화
2022-05-03,2호선,종합운동장,12782,14269,27051,-1487,5,3,화
2022-05-03,2호선,삼성(무역센터),54551,55952,110503,-1401,5,3,화
2022-05-03,2호선,선릉,61813,55197,117010,6616,5,3,화
2022-05-03,2호선,역삼,56496,64453,120949,-7957,5,3,화
2022-05-03,2호선,강남,89088,88707,177795,381,5,3,화
2022-05-03,2호선,교대(법원.검찰청),36853,41925,78778,-5072,5,3,화
2022-05-03,2호선,서초,23030,22352,45382,678,5,3,화
2022-05-03,2호선,방배,21165,22114,43279,-949,5,3,화
2022-05-03,2호선,사당,39709,44972,84681,-5263,5,3,화
2022-05-03,2호선,낙성대(강감찬),28983,28198,57181,785,5,3,화
2022-05-03,2호선,서울대입구(관악구청),51212,50238,101450,974,5,3,화
2022-05-03,2호선,봉천,25400,23154,48554,2246,5,3,화
2022-05-03,2호선,신림,66239,63909,130148,2330,5,3,화
2022-05-03,2호선,신대방,28521,27397,55918,1124,5,3,화
2022-05-03,2호선,구로디지털단지,64059,63795,127854,264,5,3,화
2022-05-03,2호선,대림(구로구청),25409,25742,51151,-333,5,3,화
2022-05-03,2호선,신도림,51722,51522,103244,200,5,3,화
2022-05-03,2호선,문래,24042,24490,48532,-448,5,3,화
2022-05-03,2호선,영등포구청,23954,24779,48733,-825,5,3,화
2022-05-03,2호선,당산,20610,23944,44554,-3334,5,3,화
2022-05-03,2호선,합정,31882,33804,65686,-1922,5,3,화
2022-05-03,2호선,홍대입구,57602,60311,117913,-2709,5,3,화
2022-05-03,2호선,신촌,35932,36291,72223,-359,5,3,화
2022-05-03,2호선,이대,15211,16136,31347,-925,5,3,화
2022-05-03,2호선,아현,11616,11010,22626,606,5,3,화
2022-05-03,2호선,충정로(경기대입구),10855,11615,22470,-760,5,3,화
2022-05-03,2호선,용답,3331,3435,6766,-104,5,3,화
2022-05-03,2호선,신답,1765,2011,3776,-246,5,3,화
2022-05-03,2호선,신설동,3353,3339,6692,14,5,3,화
2022-05-03,2호선,도림천,1514,1618,3132,-104,5,3,화
2022-05-03,2호선,양천구청,7689,7835,15524,-146,5,3,화
2022-05-03,2호선,신정네거리,11490,11697,23187,-207,5,3,화
2022-05-03,2호선,용두(동대문구청),2501,2554,5055,-53,5,3,화
2022-05-03,3호선,지축,5465,5191,10656,274,5,3,화
2022-05-03,3호선,구파발,22185,21382,43567,803,5,3,화
2022-05-03,3호선,연신내,38645,36090,74735,2555,5,3,화
2022-05-03,3호선,불광,17299,18726,36025,-1427,5,3,화
2022-05-03,3호선,녹번,16947,15296,32243,1651,5,3,화
2022-05-03,3호선,홍제,19344,18464,37808,880,5,3,화
2022-05-03,3호선,무악재,4258,4373,8631,-115,5,3,화
2022-05-03,3호선,독립문,7598,8180,15778,-582,5,3,화
2022-05-03,3호선,경복궁(정부서울청사),23301,22793,46094,508,5,3,화
2022-05-03,3호선,안국,24109,25067,49176,-958,5,3,화
2022-05-03,3호선,종로3가,10545,12001,22546,-1456,5,3,화
2022-05-03,3호선,을지로3가,11242,11532,22774,-290,5,3,화
2022-05-03,3호선,충무로,1,0,1,1,5,3,화
2022-05-03,3호선,동대입구,9469,10377,19846,-908,5,3,화
2022-05-03,3호선,약수,13913,13599,27512,314,5,3,화
2022-05-03,3호선,금호,8363,7792,16155,571,5,3,화
2022-05-03,3호선,옥수,9543,9763,19306,-220,5,3,화
2022-05-03,3호선,압구정,33270,35739,69009,-2469,5,3,화
2022-05-03,3호선,신사,32742,34114,66856,-1372,5,3,화
2022-05-03,3호선,잠원,5358,5119,10477,239,5,3,화
2022-05-03,3호선,고속터미널,41179,39470,80649,1709,5,3,화
2022-05-03,3호선,교대(법원.검찰청),15942,10589,26531,5353,5,3,화
2022-05-03,3호선,남부터미널(예술의전당),30519,31147,61666,-628,5,3,화
2022-05-03,3호선,양재(서초구청),41227,45016,86243,-3789,5,3,화
2022-05-03,3호선,매봉,13359,12948,26307,411,5,3,화
2022-05-03,3호선,도곡,5907,5926,11833,-19,5,3,화
2022-05-03,3호선,대치,11362,11546,22908,-184,5,3,화
2022-05-03,3호선,학여울,2025,2027,4052,-2,5,3,화
2022-05-03,3호선,대청,11064,10190,21254,874,5,3,화
2022-05-03,3호선,일원,11607,11029,22636,578,5,3,화
2022-05-03,3호선,수서,17751,18488,36239,-737,5,3,화
2022-05-03,3호선,가락시장,9540,9276,18816,264,5,3,화
2022-05-03,3호선,경찰병원,7764,7756,15520,8,5,3,화
2022-05-03,3호선,오금,6705,6190,12895,515,5,3,화
2022-05-03,4호선,당고개,9801,8840,18641,961,5,3,화
2022-05-03,4호선,상계,21628,19741,41369,1887,5,3,화
2022-05-03,4호선,노원,20754,23168,43922,-2414,5,3,화
2022-05-03,4호선,창동,27426,29136,56562,-1710,5,3,화
2022-05-03,4호선,쌍문,31163,28424,59587,2739,5,3,화
2022-05-03,4호선,수유(강북구청),35920,35676,71596,244,5,3,화
2022-05-03,4호선,미아(서울사이버대학),16280,15766,32046,514,5,3,화
2022-05-03,4호선,미아사거리,29099,27893,56992,1206,5,3,화
2022-05-03,4호선,길음,23348,22888,46236,460,5,3,화
2022-05-03,4호선,성신여대입구(돈암),22377,21437,43814,940,5,3,화
2022-05-03,4호선,한성대입구(삼선교),16203,15685,31888,518,5,3,화
2022-05-03,4호선,혜화,34999,35367,70366,-368,5,3,화
2022-05-03,4호선,동대문,21132,22097,43229,-965,5,3,화
2022-05-03,4호선,동대문역사문화공원(DDP),15034,14181,29215,853,5,3,화
2022-05-03,4호선,충무로,30237,31323,61560,-1086,5,3,화
2022-05-03,4호선,명동,21095,22011,43106,-916,5,3,화
2022-05-03,4호선,회현(남대문시장),27857,29853,57710,-1996,5,3,화
2022-05-03,4호선,서울역,11900,17304,29204,-5404,5,3,화
2022-05-03,4호선,숙대입구(갈월),15371,14991,30362,380,5,3,화
2022-05-03,4호선,삼각지,5396,6075,11471,-679,5,3,화
2022-05-03,4호선,신용산,17572,18713,36285,-1141,5,3,화
2022-05-03,4호선,이촌(국립중앙박물관),9266,10214,19480,-948,5,3,화
2022-05-03,4호선,동작(현충원),1783,1984,3767,-201,5,3,화
2022-05-03,4호선,총신대입구(이수),20487,22012,42499,-1525,5,3,화
2022-05-03,4호선,사당,27975,23626,51601,4349,5,3,화
2022-05-03,4호선,남태령,1340,1150,2490,190,5,3,화
2022-05-03,5호선,방화,7172,6817,13989,355,5,3,화
2022-05-03,5호선,개화산,6118,5756,11874,362,5,3,화
2022-05-03,5호선,김포공항,7260,7282,14542,-22,5,3,화
2022-05-03,5호선,송정,7087,6572,13659,515,5,3,화
2022-05-03,5호선,마곡,11618,11754,23372,-136,5,3,화
2022-05-03,5호선,발산,22358,23148,45506,-790,5,3,화
2022-05-03,5호선,우장산,16183,15700,31883,483,5,3,화
2022-05-03,5호선,화곡,30442,28134,58576,2308,5,3,화
2022-05-03,5호선,까치산,30651,29257,59908,1394,5,3,화
2022-05-03,5호선,신정(은행정),14949,12008,26957,2941,5,3,화
2022-05-03,5호선,목동,18095,19279,37374,-1184,5,3,화
2022-05-03,5호선,오목교(목동운동장앞),22700,24259,46959,-1559,5,3,화
2022-05-03,5호선,양평,8178,8021,16199,157,5,3,화
2022-05-03,5호선,영등포구청,4283,4418,8701,-135,5,3,화
2022-05-03,5호선,영등포시장,10633,10807,21440,-174,5,3,화
2022-05-03,5호선,신길,4394,4685,9079,-291,5,3,화
2022-05-03,5호선,여의도,30683,32982,63665,-2299,5,3,화
2022-05-03,5호선,여의나루,16716,18090,34806,-1374,5,3,화
2022-05-03,5호선,마포,15503,15836,31339,-333,5,3,화
2022-05-03,5호선,공덕,15576,16361,31937,-785,5,3,화
2022-05-03,5호선,애오개,7286,7232,14518,54,5,3,화
2022-05-03,5호선,충정로(경기대입구),5192,5232,10424,-40,5,3,화
2022-05-03,5호선,서대문,21783,22229,44012,-446,5,3,화
2022-05-03,5호선,광화문(세종문화회관),32529,34672,67201,-2143,5,3,화
2022-05-03,5호선,종로3가,13370,13103,26473,267,5,3,화
2022-05-03,5호선,을지로4가,6742,6875,13617,-133,5,3,화
2022-05-03,5호선,동대문역사문화공원(DDP),3094,3647,6741,-553,5,3,화
2022-05-03,5호선,청구,4310,3864,8174,446,5,3,화
2022-05-03,5호선,신금호,7174,7440,14614,-266,5,3,화
2022-05-03,5호선,행당,8779,7703,16482,1076,5,3,화
2022-05-03,5호선,왕십리(성동구청),4859,5458,10317,-599,5,3,화
2022-05-03,5호선,마장,6215,5897,12112,318,5,3,화
2022-05-03,5호선,답십리,17027,15353,32380,1674,5,3,화
2022-05-03,5호선,장한평,19314,19021,38335,293,5,3,화
2022-05-03,5호선,군자(능동),11901,12936,24837,-1035,5,3,화
2022-05-03,5호선,아차산(어린이대공원후문),15878,15324,31202,554,5,3,화
2022-05-03,5호선,광나루(장신대),14699,13375,28074,1324,5,3,화
2022-05-03,5호선,천호(풍납토성),18748,18825,37573,-77,5,3,화
2022-05-03,5호선,강동,19743,18932,38675,811,5,3,화
2022-05-03,5호선,길동,8370,8621,16991,-251,5,3,화
2022-05-03,5호선,굽은다리(강동구민회관앞),10183,9423,19606,760,5,3,화
2022-05-03,5호선,명일,9430,9624,19054,-194,5,3,화
2022-05-03,5호선,고덕,10783,10470,21253,313,5,3,화
2022-05-03,5호선,상일동,16411,15073,31484,1338,5,3,화
2022-05-03,5호선,둔촌동,8829,8813,17642,16,5,3,화
2022-05-03,5호선,올림픽공원(한국체대),4798,4117,8915,681,5,3,화
2022-05-03,5호선,방이,7436,7668,15104,-232,5,3,화
2022-05-03,5호선,오금,3997,4116,8113,-119,5,3,화
2022-05-03,5호선,개롱,7154,7315,14469,-161,5,3,화
2022-05-03,5호선,거여,11223,10650,21873,573,5,3,화
2022-05-03,5호선,마천,8036,7532,15568,504,5,3,화
2022-05-03,5호선,강일,4838,4502,9340,336,5,3,화
2022-05-03,5호선,미사,17314,16907,34221,407,5,3,화
2022-05-03,5호선,하남풍산,4588,4490,9078,98,5,3,화
2022-05-03,5호선,하남시청(덕풍·신장),7317,7108,14425,209,5,3,화
2022-05-03,5호선,하남검단산,6283,5975,12258,308,5,3,화
2022-05-03,6호선,응암,18716,18221,36937,495,5,3,화
2022-05-03,6호선,역촌,3915,4565,8480,-650,5,3,화
2022-05-03,6호선,불광,4513,4538,9051,-25,5,3,화
2022-05-03,6호선,독바위,2927,2976,5903,-49,5,3,화
2022-05-03,6호선,구산,8234,5926,14160,2308,5,3,화
2022-05-03,6호선,새절(신사),14354,13322,27676,1032,5,3,화
2022-05-03,6호선,증산(명지대앞),10830,10907,21737,-77,5,3,화
2022-05-03,6호선,디지털미디어시티,15220,16922,32142,-1702,5,3,화
2022-05-03,6호선,월드컵경기장(성산),4635,4859,9494,-224,5,3,화
2022-05-03,6호선,마포구청,15099,13366,28465,1733,5,3,화
2022-05-03,6호선,망원,14115,15112,29227,-997,5,3,화
2022-05-03,6호선,합정,13613,13397,27010,216,5,3,화
2022-05-03,6호선,상수,9138,10290,19428,-1152,5,3,화
2022-05-03,6호선,광흥창(서강),9955,9672,19627,283,5,3,화
2022-05-03,6호선,대흥(서강대앞),9284,9562,18846,-278,5,3,화
2022-05-03,6호선,공덕,19973,19421,39394,552,5,3,화
2022-05-03,6호선,효창공원앞,7842,7291,15133,551,5,3,화
2022-05-03,6호선,삼각지,7470,6614,14084,856,5,3,화
2022-05-03,6호선,녹사평(용산구청),5004,4947,9951,57,5,3,화
2022-05-03,6호선,이태원,10385,10716,21101,-331,5,3,화
2022-05-03,6호선,한강진,7937,9357,17294,-1420,5,3,화
2022-05-03,6호선,버티고개,2392,2307,4699,85,5,3,화
2022-05-03,6호선,약수,3962,3937,7899,25,5,3,화
2022-05-03,6호선,청구,3926,4171,8097,-245,5,3,화
2022-05-03,6호선,신당,8776,9239,18015,-463,5,3,화
2022-05-03,6호선,동묘앞,8197,8643,16840,-446,5,3,화
2022-05-03,6호선,창신,4017,3437,7454,580,5,3,화
2022-05-03,6호선,보문,8020,7326,15346,694,5,3,화
2022-05-03,6호선,안암(고대병원앞),14223,14416,28639,-193,5,3,화
2022-05-03,6호선,고려대(종암),9182,9000,18182,182,5,3,화
2022-05-03,6호선,월곡(동덕여대),13604,13053,26657,551,5,3,화
2022-05-03,6호선,상월곡(한국과학기술연구원),6980,6529,13509,451,5,3,화
2022-05-03,6호선,돌곶이,10120,9243,19363,877,5,3,화
2022-05-03,6호선,석계,13678,14341,28019,-663,5,3,화
2022-05-03,6호선,태릉입구,6163,6955,13118,-792,5,3,화
2022-05-03,6호선,화랑대(서울여대입구),13835,10835,24670,3000,5,3,화
2022-05-03,6호선,봉화산(서울의료원),9547,8986,18533,561,5,3,화
2022-05-03,7호선,장암,2509,931,3440,1578,5,3,화
2022-05-03,7호선,도봉산,10632,12260,22892,-1628,5,3,화
2022-05-03,7호선,수락산,13477,13034,26511,443,5,3,화
2022-05-03,7호선,마들,13955,12941,26896,1014,5,3,화
2022-05-03,7호선,노원,20519,21625,42144,-1106,5,3,화
2022-05-03,7호선,중계,16117,14737,30854,1380,5,3,화
2022-05-03,7호선,하계,20018,18658,38676,1360,5,3,화
2022-05-03,7호선,공릉(서울과학기술대),14104,13814,27918,290,5,3,화
2022-05-03,7호선,태릉입구,9936,9474,19410,462,5,3,화
2022-05-03,7호선,먹골,10936,10657,21593,279,5,3,화
2022-05-03,7호선,중화,11596,11192,22788,404,5,3,화
2022-05-03,7호선,상봉(시외버스터미널),17822,16545,34367,1277,5,3,화
2022-05-03,7호선,면목,17961,17256,35217,705,5,3,화
2022-05-03,7호선,사가정,17497,17366,34863,131,5,3,화
2022-05-03,7호선,용마산(용마폭포공원),6485,6268,12753,217,5,3,화
2022-05-03,7호선,중곡,11708,10821,22529,887,5,3,화
2022-05-03,7호선,군자(능동),15817,12506,28323,3311,5,3,화
2022-05-03,7호선,어린이대공원(세종대),16598,17142,33740,-544,5,3,화
2022-05-03,7호선,건대입구,13690,14738,28428,-1048,5,3,화
2022-05-03,7호선,뚝섬유원지,12680,12196,24876,484,5,3,화
2022-05-03,7호선,청담,20991,23836,44827,-2845,5,3,화
2022-05-03,7호선,강남구청,17557,19636,37193,-2079,5,3,화
2022-05-03,7호선,학동,26128,28001,54129,-1873,5,3,화
2022-05-03,7호선,논현,21902,23860,45762,-1958,5,3,화
2022-05-03,7호선,반포,6282,6093,12375,189,5,3,화
2022-05-03,7호선,고속터미널,16032,13840,29872,2192,5,3,화
2022-05-03,7호선,내방,15706,16212,31918,-506,5,3,화
2022-05-03,7호선,이수,16727,16324,33051,403,5,3,화
2022-05-03,7호선,남성,12335,11290,23625,1045,5,3,화
2022-05-03,7호선,숭실대입구(살피재),16331,16678,33009,-347,5,3,화
2022-05-03,7호선,상도,12518,12118,24636,400,5,3,화
2022-05-03,7호선,장승배기,9504,9289,18793,215,5,3,화
2022-05-03,7호선,신대방삼거리,18227,17417,35644,810,5,3,화
2022-05-03,7호선,보라매,11115,11153,22268,-38,5,3,화
2022-05-03,7호선,신풍,12692,12001,24693,691,5,3,화
2022-05-03,7호선,대림(구로구청),7956,8014,15970,-58,5,3,화
2022-05-03,7호선,남구로,16704,17741,34445,-1037,5,3,화
2022-05-03,7호선,가산디지털단지,47871,48686,96557,-815,5,3,화
2022-05-03,7호선,철산,23064,23426,46490,-362,5,3,화
2022-05-03,7호선,광명사거리,23111,22739,45850,372,5,3,화
2022-05-03,7호선,천왕,12467,11844,24311,623,5,3,화
2022-05-03,7호선,온수(성공회대입구),11935,11312,23247,623,5,3,화
2022-05-03,8호선,암사,20190,17549,37739,2641,5,3,화
2022-05-03,8호선,천호(풍납토성),15240,17644,32884,-2404,5,3,화
2022-05-03,8호선,강동구청,11038,11347,22385,-309,5,3,화
2022-05-03,8호선,몽촌토성(평화의문),7786,7951,15737,-165,5,3,화
2022-05-03,8호선,잠실(송파구청),14184,17385,31569,-3201,5,3,화
2022-05-03,8호선,석촌,8146,9299,17445,-1153,5,3,화
2022-05-03,8호선,송파,9099,8784,17883,315,5,3,화
2022-05-03,8호선,가락시장,7908,9032,16940,-1124,5,3,화
2022-05-03,8호선,문정,22843,24467,47310,-1624,5,3,화
2022-05-03,8호선,장지,18695,17826,36521,869,5,3,화
2022-05-03,8호선,복정,11096,9197,20293,1899,5,3,화
2022-05-03,8호선,산성,5904,5897,11801,7,5,3,화
2022-05-03,8호선,남한산성입구(성남법원.검찰청),16554,15333,31887,1221,5,3,화
2022-05-03,8호선,단대오거리,11930,11243,23173,687,5,3,화
2022-05-03,8호선,신흥,4239,4548,8787,-309,5,3,화
2022-05-03,8호선,수진,5531,5034,10565,497,5,3,화
2022-05-03,8호선,모란,4865,3723,8588,1142,5,3,화
2022-05-03,8호선,남위례,5508,5745,11253,-237,5,3,화
2022-05-03,9호선,개화,2895,1979,4874,916,5,3,화
2022-05-03,9호선,김포공항,7250,11310,18560,-4060,5,3,화
2022-05-03,9호선,공항시장,3156,3418,6574,-262,5,3,화
2022-05-03,9호선,신방화,7325,6876,14201,449,5,3,화
2022-05-03,9호선,마곡나루(서울식물원),13311,13128,26439,183,5,3,화
2022-05-03,9호선,양천향교,10435,10617,21052,-182,5,3,화
2022-05-03,9호선,가양,22453,21654,44107,799,5,3,화
2022-05-03,9호선,증미,7843,7660,15503,183,5,3,화
2022-05-03,9호선,등촌,12111,11745,23856,366,5,3,화
2022-05-03,9호선,염창,18654,17901,36555,753,5,3,화
2022-05-03,9호선,신목동,4648,3934,8582,714,5,3,화
2022-05-03,9호선,선유도,9474,9085,18559,389,5,3,화
2022-05-03,9호선,당산,19776,19782,39558,-6,5,3,화
2022-05-03,9호선,국회의사당,18376,18938,37314,-562,5,3,화
2022-05-03,9호선,여의도,29945,29558,59503,387,5,3,화
2022-05-03,9호선,샛강,6762,6767,13529,-5,5,3,화
2022-05-03,9호선,노량진,27780,26876,54656,904,5,3,화
2022-05-03,9호선,노들,4817,4062,8879,755,5,3,화
2022-05-03,9호선,흑석(중앙대입구),10153,10296,20449,-143,5,3,화
2022-05-03,9호선,동작(현충원),2140,1743,3883,397,5,3,화
2022-05-03,9호선,구반포,1398,1439,2837,-41,5,3,화
2022-05-03,9호선,신반포,3909,3827,7736,82,5,3,화
2022-05-03,9호선,고속터미널,13331,16138,29469,-2807,5,3,화
2022-05-03,9호선,사평,3904,3852,7756,52,5,3,화
2022-05-03,9호선,신논현,34030,33934,67964,96,5,3,화
2022-05-03,9호선2~3단계,언주,11154,11507,22661,-353,5,3,화
2022-05-03,9호선2~3단계,선정릉,10691,11902,22593,-1211,5,3,화
2022-05-03,9호선2~3단계,삼성중앙,7578,7990,15568,-412,5,3,화
2022-05-03,9호선2~3단계,봉은사,17801,18455,36256,-654,5,3,화
2022-05-03,9호선2~3단계,종합운동장,4485,4556,9041,-71,5,3,화
2022-05-03,9호선2~3단계,삼전,7272,6937,14209,335,5,3,화
2022-05-03,9호선2~3단계,석촌고분,6460,6252,12712,208,5,3,화
2022-05-03,9호선2~3단계,석촌,9102,7907,17009,1195,5,3,화
2022-05-03,9호선2~3단계,송파나루,5318,5483,10801,-165,5,3,화
2022-05-03,9호선2~3단계,한성백제,2934,2719,5653,215,5,3,화
2022-05-03,9호선2~3단계,올림픽공원(한국체대),6490,6550,13040,-60,5,3,화
2022-05-03,9호선2~3단계,둔촌오륜,1245,1146,2391,99,5,3,화
2022-05-03,9호선2~3단계,중앙보훈병원,12084,10668,22752,1416,5,3,화
2022-05-03,경강선,판교,5332,5206,10538,126,5,3,화
2022-05-03,경강선,이매,1205,1078,2283,127,5,3,화
2022-05-03,경강선,삼동,2680,2363,5043,317,5,3,화
2022-05-03,경강선,경기광주,8489,7993,16482,496,5,3,화
2022-05-03,경강선,초월,3563,3297,6860,266,5,3,화
2022-05-03,경강선,곤지암,2341,2371,4712,-30,5,3,화
2022-05-03,경강선,신둔도예촌,1786,1591,3377,195,5,3,화
2022-05-03,경강선,이천,2694,2771,5465,-77,5,3,화
2022-05-03,경강선,부발,2326,2207,4533,119,5,3,화
2022-05-03,경강선,세종대왕릉,363,374,737,-11,5,3,화
2022-05-03,경강선,여주,2617,2655,5272,-38,5,3,화
2022-05-03,경부선,서울역,6039,2073,8112,3966,5,3,화
2022-05-03,경부선,남영,10374,11028,21402,-654,5,3,화
2022-05-03,경부선,용산,33430,34342,67772,-912,5,3,화
2022-05-03,경부선,노량진,8937,9005,17942,-68,5,3,화
2022-05-03,경부선,대방,14353,14880,29233,-527,5,3,화
2022-05-03,경부선,영등포,38421,39970,78391,-1549,5,3,화
2022-05-03,경부선,신도림,4335,4511,8846,-176,5,3,화
2022-05-03,경부선,신길,9931,8285,18216,1646,5,3,화
2022-05-03,경부선,구로,19628,20312,39940,-684,5,3,화
2022-05-03,경부선,가산디지털단지,19964,22908,42872,-2944,5,3,화
2022-05-03,경부선,금천구청,13061,13003,26064,58,5,3,화
2022-05-03,경부선,석수,10617,9578,20195,1039,5,3,화
2022-05-03,경부선,관악,8106,7564,15670,542,5,3,화
2022-05-03,경부선,안양,28847,28299,57146,548,5,3,화
2022-05-03,경부선,명학,11584,11398,22982,186,5,3,화
2022-05-03,경부선,금정,29201,29741,58942,-540,5,3,화
2022-05-03,경부선,군포,8165,8177,16342,-12,5,3,화
2022-05-03,경부선,의왕,10263,10260,20523,3,5,3,화
2022-05-03,경부선,성균관대,18200,18081,36281,119,5,3,화
2022-05-03,경부선,화서,9444,8888,18332,556,5,3,화
2022-05-03,경부선,수원,38868,41618,80486,-2750,5,3,화
2022-05-03,경부선,독산,20182,21022,41204,-840,5,3,화
2022-05-03,경부선,세류,3367,2973,6340,394,5,3,화
2022-05-03,경부선,병점,18112,18290,36402,-178,5,3,화
2022-05-03,경부선,세마,3290,3045,6335,245,5,3,화
2022-05-03,경부선,오산대,4791,4379,9170,412,5,3,화
2022-05-03,경부선,오산,11462,11465,22927,-3,5,3,화
2022-05-03,경부선,진위,1991,1757,3748,234,5,3,화
2022-05-03,경부선,송탄,4736,4536,9272,200,5,3,화
2022-05-03,경부선,서정리,8091,7617,15708,474,5,3,화
2022-05-03,경부선,평택지제,3857,3788,7645,69,5,3,화
2022-05-03,경부선,평택,13803,14119,27922,-316,5,3,화
2022-05-03,경부선,성환,6914,6697,13611,217,5,3,화
2022-05-03,경부선,직산,971,949,1920,22,5,3,화
2022-05-03,경부선,두정,8368,9235,17603,-867,5,3,화
2022-05-03,경부선,천안,7312,6841,14153,471,5,3,화
2022-05-03,경부선,당정,7841,7322,15163,519,5,3,화
2022-05-03,경부선,서동탄,1607,1388,2995,219,5,3,화
2022-05-03,경부선,광명,3468,3064,6532,404,5,3,화
2022-05-03,경원선,이촌(국립중앙박물관),4149,3157,7306,992,5,3,화
2022-05-03,경원선,서빙고,2156,2015,4171,141,5,3,화
2022-05-03,경원선,한남,4330,4152,8482,178,5,3,화
2022-05-03,경원선,옥수,54,33,87,21,5,3,화
2022-05-03,경원선,응봉,2131,1773,3904,358,5,3,화
2022-05-03,경원선,왕십리(성동구청),15172,16538,31710,-1366,5,3,화
2022-05-03,경원선,청량리(서울시립대입구),15628,16369,31997,-741,5,3,화
2022-05-03,경원선,외대앞,9127,9176,18303,-49,5,3,화
2022-05-03,경원선,신이문,9032,8226,17258,806,5,3,화
2022-05-03,경원선,석계,9051,10123,19174,-1072,5,3,화
2022-05-03,경원선,광운대,9823,9626,19449,197,5,3,화
2022-05-03,경원선,월계,8990,8390,17380,600,5,3,화
2022-05-03,경원선,녹천,5245,4165,9410,1080,5,3,화
2022-05-03,경원선,창동,1,0,1,1,5,3,화
2022-05-03,경원선,방학,10596,10402,20998,194,5,3,화
2022-05-03,경원선,도봉,6654,6325,12979,329,5,3,화
2022-05-03,경원선,도봉산,8765,6011,14776,2754,5,3,화
2022-05-03,경원선,망월사,10298,10473,20771,-175,5,3,화
2022-05-03,경원선,회룡,13775,13678,27453,97,5,3,화
2022-05-03,경원선,의정부,19768,20537,40305,-769,5,3,화
2022-05-03,경원선,가능,7550,7264,14814,286,5,3,화
2022-05-03,경원선,녹양,5159,4770,9929,389,5,3,화
2022-05-03,경원선,양주,8804,8329,17133,475,5,3,화
2022-05-03,경원선,덕계,3708,3308,7016,400,5,3,화
2022-05-03,경원선,덕정,7376,7051,14427,325,5,3,화
2022-05-03,경원선,지행,7517,7515,15032,2,5,3,화
2022-05-03,경원선,동두천중앙,3381,3350,6731,31,5,3,화
2022-05-03,경원선,보산,1767,1701,3468,66,5,3,화
2022-05-03,경원선,동두천,2815,3283,6098,-468,5,3,화
2022-05-03,경원선,소요산,3125,2628,5753,497,5,3,화
2022-05-03,경의선,서울역,4793,6354,11147,-1561,5,3,화
2022-05-03,경의선,신촌,946,1326,2272,-380,5,3,화
2022-05-03,경의선,효창공원앞,3348,3649,6997,-301,5,3,화
2022-05-03,경의선,공덕,3860,3571,7431,289,5,3,화
2022-05-03,경의선,서강대,2422,2385,4807,37,5,3,화
2022-05-03,경의선,홍대입구,1875,2108,3983,-233,5,3,화
2022-05-03,경의선,가좌,5923,5735,11658,188,5,3,화
2022-05-03,경의선,디지털미디어시티,2940,2693,5633,247,5,3,화
2022-05-03,경의선,수색,3252,3386,6638,-134,5,3,화
2022-05-03,경의선,화전,4010,3736,7746,274,5,3,화
2022-05-03,경의선,강매,3804,3241,7045,563,5,3,화
2022-05-03,경의선,행신,8741,8884,17625,-143,5,3,화
2022-05-03,경의선,능곡,4488,4119,8607,369,5,3,화
2022-05-03,경의선,곡산,790,826,1616,-36,5,3,화
2022-05-03,경의선,백마,8050,7771,15821,279,5,3,화
2022-05-03,경의선,풍산,6222,5747,11969,475,5,3,화
2022-05-03,경의선,일산,11761,11729,23490,32,5,3,화
2022-05-03,경의선,탄현,8793,8240,17033,553,5,3,화
2022-05-03,경의선,야당,8788,8588,17376,200,5,3,화
2022-05-03,경의선,운정,7910,7403,15313,507,5,3,화
2022-05-03,경의선,금릉,5441,5229,10670,212,5,3,화
2022-05-03,경의선,금촌,6899,6802,13701,97,5,3,화
2022-05-03,경의선,월롱,3328,3109,6437,219,5,3,화
2022-05-03,경의선,파주,1776,1294,3070,482,5,3,화
2022-05-03,경의선,문산,5568,5440,11008,128,5,3,화
2022-05-03,경의선,임진강,21,48,69,-27,5,3,화
2022-05-03,경인선,개봉,23329,22943,46272,386,5,3,화
2022-05-03,경인선,오류동,12910,11903,24813,1007,5,3,화
2022-05-03,경인선,역곡,31530,30818,62348,712,5,3,화
2022-05-03,경인선,부천,34799,34676,69475,123,5,3,화
2022-05-03,경인선,송내,30272,30209,60481,63,5,3,화
2022-05-03,경인선,부평,30246,32207,62453,-1961,5,3,화
2022-05-03,경인선,백운,7507,7391,14898,116,5,3,화
2022-05-03,경인선,동암,15490,15475,30965,15,5,3,화
2022-05-03,경인선,주안,21171,19344,40515,1827,5,3,화
2022-05-03,경인선,제물포,12349,11654,24003,695,5,3,화
2022-05-03,경인선,동인천,14654,13889,28543,765,5,3,화
2022-05-03,경인선,인천,4034,3096,7130,938,5,3,화
2022-05-03,경인선,구일,8204,7989,16193,215,5,3,화
2022-05-03,경인선,소사,10096,9779,19875,317,5,3,화
2022-05-03,경인선,부개,9390,5584,14974,3806,5,3,화
2022-05-03,경인선,간석,6374,6073,12447,301,5,3,화
2022-05-03,경인선,도원,3632,3592,7224,40,5,3,화
2022-05-03,경인선,온수(성공회대입구),8006,7622,15628,384,5,3,화
2022-05-03,경인선,중동,10313,9612,19925,701,5,3,화
2022-05-03,경인선,도화,4678,4297,8975,381,5,3,화
2022-05-03,경춘선,신내,2487,2383,4870,104,5,3,화
2022-05-03,경춘선,갈매,3356,2865,6221,491,5,3,화
2022-05-03,경춘선,별내,3482,3270,6752,212,5,3,화
2022-05-03,경춘선,퇴계원,3984,3532,7516,452,5,3,화
2022-05-03,경춘선,사릉,2872,2776,5648,96,5,3,화
2022-05-03,경춘선,금곡,1799,1762,3561,37,5,3,화
2022-05-03,경춘선,평내호평,7100,6848,13948,252,5,3,화
2022-05-03,경춘선,천마산,1967,1765,3732,202,5,3,화
2022-05-03,경춘선,마석,4814,4808,9622,6,5,3,화
2022-05-03,경춘선,대성리,645,586,1231,59,5,3,화
2022-05-03,경춘선,청평,1802,1753,3555,49,5,3,화
2022-05-03,경춘선,상천,438,442,880,-4,5,3,화
2022-05-03,경춘선,가평,1861,1886,3747,-25,5,3,화
2022-05-03,경춘선,굴봉산,206,218,424,-12,5,3,화
2022-05-03,경춘선,백양리,106,102,208,4,5,3,화
2022-05-03,경춘선,강촌,601,551,1152,50,5,3,화
2022-05-03,경춘선,김유정,373,424,797,-51,5,3,화
2022-05-03,경춘선,남춘천,2615,2613,5228,2,5,3,화
2022-05-03,경춘선,춘천,1782,1623,3405,159,5,3,화
2022-05-03,공항철도 1호선,서울역,8096,7653,15749,443,5,3,화
2022-05-03,공항철도 1호선,공덕,2481,3262,5743,-781,5,3,화
2022-05-03,공항철도 1호선,홍대입구,10003,9838,19841,165,5,3,화
2022-05-03,공항철도 1호선,디지털미디어시티,15677,14651,30328,1026,5,3,화
2022-05-03,공항철도 1호선,마곡나루(서울식물원),10412,10204,20616,208,5,3,화
2022-05-03,공항철도 1호선,김포공항,11647,6829,18476,4818,5,3,화
2022-05-03,공항철도 1호선,계양,12027,11022,23049,1005,5,3,화
2022-05-03,공항철도 1호선,검암,7188,7149,14337,39,5,3,화
2022-05-03,공항철도 1호선,청라국제도시,7798,7471,15269,327,5,3,화
2022-05-03,공항철도 1호선,운서,7627,7468,15095,159,5,3,화
2022-05-03,공항철도 1호선,공항화물청사,2403,2623,5026,-220,5,3,화
2022-05-03,공항철도 1호선,인천공항1터미널,5122,5330,10452,-208,5,3,화
2022-05-03,공항철도 1호선,인천공항2터미널,2808,2730,5538,78,5,3,화
2022-05-03,공항철도 1호선,영종,3510,3490,7000,20,5,3,화
2022-05-03,과천선,선바위,9163,8166,17329,997,5,3,화
2022-05-03,과천선,경마공원,1721,1651,3372,70,5,3,화
2022-05-03,과천선,대공원,5543,5655,11198,-112,5,3,화
2022-05-03,과천선,과천,7035,6377,13412,658,5,3,화
2022-05-03,과천선,정부과천청사,11766,11595,23361,171,5,3,화
2022-05-03,과천선,인덕원,26749,27183,53932,-434,5,3,화
2022-05-03,과천선,평촌,19370,18968,38338,402,5,3,화
2022-05-03,과천선,범계,28394,28277,56671,117,5,3,화
2022-05-03,분당선,선릉,14493,22756,37249,-8263,5,3,화
2022-05-03,분당선,한티,15484,16445,31929,-961,5,3,화
2022-05-03,분당선,도곡,7968,7616,15584,352,5,3,화
2022-05-03,분당선,구룡,2600,2460,5060,140,5,3,화
2022-05-03,분당선,개포동,4425,4413,8838,12,5,3,화
2022-05-03,분당선,대모산입구,5066,4717,9783,349,5,3,화
2022-05-03,분당선,수서,14697,15128,29825,-431,5,3,화
2022-05-03,분당선,수원,9089,7520,16609,1569,5,3,화
2022-05-03,분당선,서울숲,13132,13388,26520,-256,5,3,화
2022-05-03,분당선,압구정로데오,19867,21906,41773,-2039,5,3,화
2022-05-03,분당선,강남구청,11055,12762,23817,-1707,5,3,화
2022-05-03,분당선,선정릉,8708,9575,18283,-867,5,3,화
2022-05-03,분당선,태평,14389,13755,28144,634,5,3,화
2022-05-04,2호선,신당,15647,16079,31726,-432,5,4,수
2022-05-04,중앙선,원덕,474,478,952,-4,5,4,수
2022-05-04,중앙선,양평,3225,3394,6619,-169,5,4,수
2022-05-04,중앙선,오빈,335,351,686,-16,5,4,수
2022-05-04,중앙선,아신,607,676,1283,-69,5,4,수
2022-05-04,중앙선,국수,809,846,1655,-37,5,4,수
2022-05-04,중앙선,신원,269,233,502,36,5,4,수
2022-05-04,중앙선,양수,2403,2260,4663,143,5,4,수
2022-05-04,중앙선,운길산,1038,960,1998,78,5,4,수
2022-05-04,중앙선,팔당,1064,1224,2288,-160,5,4,수
2022-05-04,중앙선,도심,2786,2146,4932,640,5,4,수
2022-05-04,중앙선,덕소,6487,6526,13013,-39,5,4,수
2022-05-04,중앙선,양정,768,705,1473,63,5,4,수
2022-05-04,중앙선,도농,12212,11059,23271,1153,5,4,수
2022-05-04,중앙선,구리,15721,15967,31688,-246,5,4,수
2022-05-04,중앙선,양원,3467,3175,6642,292,5,4,수
2022-05-04,중앙선,망우,9030,8656,17686,374,5,4,수
2022-05-04,중앙선,상봉(시외버스터미널),6560,6602,13162,-42,5,4,수
2022-05-04,중앙선,중랑,6393,5937,12330,456,5,4,수
2022-05-04,중앙선,회기,29647,27704,57351,1943,5,4,수
2022-05-04,장항선,신창(순천향대),4337,3045,7382,1292,5,4,수
2022-05-04,장항선,온양온천,5540,5909,11449,-369,5,4,수
2022-05-04,장항선,배방,1549,1400,2949,149,5,4,수
2022-05-04,장항선,탕정,1080,899,1979,181,5,4,수
2022-05-04,장항선,아산,5431,5149,10580,282,5,4,수
2022-05-04,장항선,쌍용(나사렛대),3889,3380,7269,509,5,4,수
2022-05-04,장항선,봉명,1519,1456,2975,63,5,4,수
2022-05-04,일산선,대화,14317,11177,25494,3140,5,4,수
2022-05-04,일산선,주엽,10482,10321,20803,161,5,4,수
2022-05-04,일산선,정발산,8494,9348,17842,-854,5,4,수
2022-05-04,일산선,마두,8590,8602,17192,-12,5,4,수
2022-05-04,일산선,백석,11002,11083,22085,-81,5,4,수
2022-05-04,일산선,대곡,2540,2011,4551,529,5,4,수
2022-05-04,일산선,화정,18955,19148,38103,-193,5,4,수
2022-05-04,일산선,원당,12698,11723,24421,975,5,4,수
2022-05-04,일산선,삼송,22584,21531,44115,1053,5,4,수
2022-05-04,일산선,원흥,12328,11242,23570,1086,5,4,수
2022-05-04,우이신설선,신설동,2358,2356,4714,2,5,4,수
2022-05-04,우이신설선,보문,1697,1709,3406,-12,5,4,수
2022-05-04,우이신설선,성신여대입구(돈암),3950,4495,8445,-545,5,4,수
2022-05-04,우이신설선,정릉,5550,4836,10386,714,5,4,수
2022-05-04,우이신설선,북한산보국문,6972,6366,13338,606,5,4,수
2022-05-04,우이신설선,솔샘,6778,5973,12751,805,5,4,수
2022-05-04,5호선,마장,6407,5919,12326,488,5,4,수
2022-05-04,1호선,서울역,52571,53277,105848,-706,5,4,수
2022-05-04,1호선,시청,25734,26222,51956,-488,5,4,수
2022-05-04,1호선,종각,39812,39262,79074,550,5,4,수
2022-05-04,1호선,종로3가,28591,26215,54806,2376,5,4,수
2022-05-04,1호선,종로5가,24653,24810,49463,-157,5,4,수
2022-05-04,1호선,동대문,12152,11686,23838,466,5,4,수
2022-05-04,1호선,신설동,15123,14522,29645,601,5,4,수
2022-05-04,1호선,제기동,18795,18833,37628,-38,5,4,수
2022-05-04,1호선,청량리(서울시립대입구),22469,21984,44453,485,5,4,수
2022-05-04,1호선,동묘앞,8658,9185,17843,-527,5,4,수
2022-05-04,2호선,시청,26489,25823,52312,666,5,4,수
2022-05-04,2호선,을지로입구,43234,45598,88832,-2364,5,4,수
2022-05-04,2호선,을지로3가,25905,27291,53196,-1386,5,4,수
2022-05-04,2호선,을지로4가,14232,14448,28680,-216,5,4,수
2022-05-04,2호선,동대문역사문화공원(DDP),13353,15780,29133,-2427,5,4,수
2022-05-04,2호선,상왕십리,16009,15026,31035,983,5,4,수
2022-05-04,2호선,왕십리(성동구청),19909,16348,36257,3561,5,4,수
2022-05-04,2호선,한양대,15636,17409,33045,-1773,5,4,수
2022-05-04,2호선,뚝섬,25106,27202,52308,-2096,5,4,수
2022-05-04,2호선,성수,40880,45532,86412,-4652,5,4,수
2022-05-04,2호선,건대입구,42918,47586,90504,-4668,5,4,수
2022-05-04,2호선,구의(광진구청),26405,25155,51560,1250,5,4,수
2022-05-04,2호선,강변(동서울터미널),37214,35736,72950,1478,5,4,수
2022-05-04,2호선,잠실나루,17625,16622,34247,1003,5,4,수
2022-05-04,2호선,잠실(송파구청),89416,88746,178162,670,5,4,수
2022-05-04,2호선,잠실새내,24405,25051,49456,-646,5,4,수
2022-05-04,2호선,종합운동장,16835,20006,36841,-3171,5,4,수
2022-05-04,2호선,삼성(무역센터),57384,58526,115910,-1142,5,4,수
2022-05-04,2호선,선릉,62292,55563,117855,6729,5,4,수
2022-05-04,2호선,역삼,56129,64515,120644,-8386,5,4,수
2022-05-04,2호선,강남,92790,96266,189056,-3476,5,4,수
2022-05-04,2호선,교대(법원.검찰청),37722,42863,80585,-5141,5,4,수
2022-05-04,2호선,서초,23945,22809,46754,1136,5,4,수
2022-05-04,2호선,방배,21337,21859,43196,-522,5,4,수
2022-05-04,2호선,사당,42733,48600,91333,-5867,5,4,수
2022-05-04,2호선,낙성대(강감찬),30913,28414,59327,2499,5,4,수
2022-05-04,2호선,서울대입구(관악구청),53966,51550,105516,2416,5,4,수
2022-05-04,2호선,봉천,26120,22965,49085,3155,5,4,수
2022-05-04,2호선,신림,70417,67157,137574,3260,5,4,수
2022-05-04,2호선,신대방,29716,27778,57494,1938,5,4,수
2022-05-04,2호선,구로디지털단지,65587,65275,130862,312,5,4,수
2022-05-04,2호선,대림(구로구청),26202,26410,52612,-208,5,4,수
2022-05-04,2호선,신도림,55132,56178,111310,-1046,5,4,수
2022-05-04,2호선,문래,24260,25190,49450,-930,5,4,수
2022-05-04,2호선,영등포구청,24369,25465,49834,-1096,5,4,수
2022-05-04,2호선,당산,21810,25248,47058,-3438,5,4,수
2022-05-04,2호선,합정,34119,38175,72294,-4056,5,4,수
2022-05-04,2호선,홍대입구,64057,73255,137312,-9198,5,4,수
2022-05-04,2호선,신촌,38373,39445,77818,-1072,5,4,수
2022-05-04,2호선,이대,16146,16610,32756,-464,5,4,수
2022-05-04,2호선,아현,11902,10793,22695,1109,5,4,수
2022-05-04,2호선,충정로(경기대입구),11119,11715,22834,-596,5,4,수
2022-05-04,2호선,용답,3426,3416,6842,10,5,4,수
2022-05-04,2호선,신답,1879,2002,3881,-123,5,4,수
2022-05-04,2호선,신설동,3625,3577,7202,48,5,4,수
2022-05-04,2호선,도림천,1477,1502,2979,-25,5,4,수
2022-05-04,2호선,양천구청,7953,8054,16007,-101,5,4,수
2022-05-04,2호선,신정네거리,11736,11829,23565,-93,5,4,수
2022-05-04,2호선,용두(동대문구청),2681,2592,5273,89,5,4,수
2022-05-04,3호선,지축,5655,5052,10707,603,5,4,수
2022-05-04,3호선,구파발,23279,22350,45629,929,5,4,수
2022-05-04,3호선,연신내,40603,37752,78355,2851,5,4,수
2022-05-04,3호선,불광,18063,19254,37317,-1191,5,4,수
2022-05-04,3호선,녹번,17482,15156,32638,2326,5,4,수
2022-05-04,3호선,홍제,20154,18646,38800,1508,5,4,수
2022-05-04,3호선,무악재,4300,4261,8561,39,5,4,수
2022-05-04,3호선,독립문,7974,8510,16484,-536,5,4,수
2022-05-04,3호선,경복궁(정부서울청사),27747,27616,55363,131,5,4,수
2022-05-04,3호선,안국,25816,26664,52480,-848,5,4,수
2022-05-04,3호선,종로3가,10802,13498,24300,-2696,5,4,수
2022-05-04,3호선,을지로3가,12025,13040,25065,-1015,5,4,수
2022-05-04,3호선,동대입구,10256,11524,21780,-1268,5,4,수
2022-05-04,3호선,약수,14580,14028,28608,552,5,4,수
2022-05-04,3호선,금호,8874,8056,16930,818,5,4,수
2022-05-04,3호선,옥수,10091,10108,20199,-17,5,4,수
2022-05-04,3호선,압구정,34151,37195,71346,-3044,5,4,수
2022-05-04,3호선,신사,33957,36529,70486,-2572,5,4,수
2022-05-04,3호선,잠원,5615,5362,10977,253,5,4,수
2022-05-04,3호선,고속터미널,50211,54701,104912,-4490,5,4,수
2022-05-04,3호선,교대(법원.검찰청),16391,10722,27113,5669,5,4,수
2022-05-04,3호선,남부터미널(예술의전당),33750,34151,67901,-401,5,4,수
2022-05-04,3호선,양재(서초구청),42736,46116,88852,-3380,5,4,수
2022-05-04,3호선,매봉,14155,13452,27607,703,5,4,수
2022-05-04,3호선,도곡,6177,5913,12090,264,5,4,수
2022-05-04,3호선,대치,11375,11299,22674,76,5,4,수
2022-05-04,3호선,학여울,2045,2008,4053,37,5,4,수
2022-05-04,3호선,대청,11482,10268,21750,1214,5,4,수
2022-05-04,3호선,일원,11766,10842,22608,924,5,4,수
2022-05-04,3호선,수서,18869,19093,37962,-224,5,4,수
2022-05-04,3호선,가락시장,10000,9756,19756,244,5,4,수
2022-05-04,3호선,경찰병원,8072,7856,15928,216,5,4,수
2022-05-04,3호선,오금,6927,6275,13202,652,5,4,수
2022-05-04,4호선,당고개,10130,8727,18857,1403,5,4,수
2022-05-04,4호선,상계,22142,19932,42074,2210,5,4,수
2022-05-04,4호선,노원,21865,24884,46749,-3019,5,4,수
2022-05-04,4호선,창동,28558,29732,58290,-1174,5,4,수
2022-05-04,4호선,쌍문,32489,28990,61479,3499,5,4,수
2022-05-04,4호선,수유(강북구청),37902,38319,76221,-417,5,4,수
2022-05-04,4호선,미아(서울사이버대학),17074,15991,33065,1083,5,4,수
2022-05-04,4호선,미아사거리,30801,29722,60523,1079,5,4,수
2022-05-04,4호선,길음,24360,23518,47878,842,5,4,수
2022-05-04,4호선,성신여대입구(돈암),24749,23580,48329,1169,5,4,수
2022-05-04,4호선,한성대입구(삼선교),16950,16374,33324,576,5,4,수
2022-05-04,4호선,혜화,39400,38423,77823,977,5,4,수
2022-05-04,4호선,동대문,21595,22177,43772,-582,5,4,수
2022-05-04,4호선,동대문역사문화공원(DDP),16437,15528,31965,909,5,4,수
2022-05-04,4호선,충무로,30936,32642,63578,-1706,5,4,수
2022-05-04,4호선,명동,22285,23655,45940,-1370,5,4,수
2022-05-04,4호선,회현(남대문시장),27774,29819,57593,-2045,5,4,수
2022-05-04,4호선,서울역,12991,21562,34553,-8571,5,4,수
2022-05-04,4호선,숙대입구(갈월),15994,15678,31672,316,5,4,수
2022-05-04,4호선,삼각지,5748,6469,12217,-721,5,4,수
2022-05-04,4호선,신용산,19609,21505,41114,-1896,5,4,수
2022-05-04,4호선,이촌(국립중앙박물관),10211,11268,21479,-1057,5,4,수
2022-05-04,4호선,동작(현충원),2054,2327,4381,-273,5,4,수
2022-05-04,4호선,총신대입구(이수),21514,23102,44616,-1588,5,4,수
2022-05-04,4호선,사당,30185,26472,56657,3713,5,4,수
2022-05-04,4호선,남태령,1508,1195,2703,313,5,4,수
2022-05-04,5호선,방화,7404,6963,14367,441,5,4,수
2022-05-04,5호선,개화산,6316,5907,12223,409,5,4,수
2022-05-04,5호선,김포공항,8467,8423,16890,44,5,4,수
2022-05-04,5호선,송정,7256,6802,14058,454,5,4,수
2022-05-04,5호선,마곡,11847,11907,23754,-60,5,4,수
2022-05-04,5호선,발산,23460,24748,48208,-1288,5,4,수
2022-05-04,5호선,우장산,17068,16077,33145,991,5,4,수
2022-05-04,5호선,화곡,31975,29019,60994,2956,5,4,수
2022-05-04,5호선,까치산,32089,29457,61546,2632,5,4,수
2022-05-04,5호선,신정(은행정),15570,12022,27592,3548,5,4,수
2022-05-04,5호선,목동,18948,19727,38675,-779,5,4,수
2022-05-04,5호선,오목교(목동운동장앞),24341,26520,50861,-2179,5,4,수
2022-05-04,5호선,양평,8310,7808,16118,502,5,4,수
2022-05-04,5호선,영등포구청,4510,4545,9055,-35,5,4,수
2022-05-04,5호선,영등포시장,11184,11357,22541,-173,5,4,수
2022-05-04,5호선,신길,4669,4553,9222,116,5,4,수
2022-05-04,5호선,여의도,30951,34069,65020,-3118,5,4,수
2022-05-04,5호선,여의나루,22427,23182,45609,-755,5,4,수
2022-05-04,5호선,마포,15895,16409,32304,-514,5,4,수
2022-05-04,5호선,공덕,16077,17115,33192,-1038,5,4,수
2022-05-04,5호선,애오개,7568,7442,15010,126,5,4,수
2022-05-04,5호선,충정로(경기대입구),5280,5264,10544,16,5,4,수
2022-05-04,5호선,서대문,21932,22219,44151,-287,5,4,수
2022-05-04,5호선,광화문(세종문화회관),33615,36201,69816,-2586,5,4,수
2022-05-04,5호선,종로3가,14680,15745,30425,-1065,5,4,수
2022-05-04,5호선,을지로4가,6650,7015,13665,-365,5,4,수
2022-05-04,5호선,동대문역사문화공원(DDP),3063,3702,6765,-639,5,4,수
2022-05-04,5호선,청구,4402,3898,8300,504,5,4,수
2022-05-04,5호선,신금호,7427,7415,14842,12,5,4,수
2022-05-04,5호선,행당,9164,7759,16923,1405,5,4,수
2022-05-04,5호선,왕십리(성동구청),4912,6313,11225,-1401,5,4,수
2022-05-04,5호선,답십리,17627,15546,33173,2081,5,4,수
2022-05-04,5호선,장한평,20556,20046,40602,510,5,4,수
2022-05-04,5호선,군자(능동),12434,13746,26180,-1312,5,4,수
2022-05-04,5호선,아차산(어린이대공원후문),17562,16370,33932,1192,5,4,수
2022-05-04,5호선,광나루(장신대),15508,13892,29400,1616,5,4,수
2022-05-04,5호선,천호(풍납토성),20298,20536,40834,-238,5,4,수
2022-05-04,5호선,강동,20435,18936,39371,1499,5,4,수
2022-05-04,5호선,길동,8779,8958,17737,-179,5,4,수
2022-05-04,5호선,굽은다리(강동구민회관앞),11260,10843,22103,417,5,4,수
2022-05-04,5호선,명일,10331,10413,20744,-82,5,4,수
2022-05-04,5호선,고덕,11734,11346,23080,388,5,4,수
2022-05-04,5호선,상일동,17448,15772,33220,1676,5,4,수
2022-05-04,5호선,둔촌동,9034,8761,17795,273,5,4,수
2022-05-04,5호선,올림픽공원(한국체대),5163,4384,9547,779,5,4,수
2022-05-04,5호선,방이,7417,7777,15194,-360,5,4,수
2022-05-04,5호선,오금,4214,4190,8404,24,5,4,수
2022-05-04,5호선,개롱,7193,7189,14382,4,5,4,수
2022-05-04,5호선,거여,11563,10681,22244,882,5,4,수
2022-05-04,5호선,마천,8106,7571,15677,535,5,4,수
2022-05-04,5호선,강일,5155,4726,9881,429,5,4,수
2022-05-04,5호선,미사,18641,18523,37164,118,5,4,수
2022-05-04,5호선,하남풍산,4814,4727,9541,87,5,4,수
2022-05-04,5호선,하남시청(덕풍·신장),7911,7664,15575,247,5,4,수
2022-05-04,5호선,하남검단산,6696,6235,12931,461,5,4,수
2022-05-04,6호선,응암,19551,18307,37858,1244,5,4,수
2022-05-04,6호선,역촌,4121,4676,8797,-555,5,4,수
2022-05-04,6호선,불광,5008,4969,9977,39,5,4,수
2022-05-04,6호선,독바위,2961,3057,6018,-96,5,4,수
2022-05-04,6호선,연신내,1,0,1,1,5,4,수
2022-05-04,6호선,구산,8766,5963,14729,2803,5,4,수
2022-05-04,6호선,새절(신사),14561,13368,27929,1193,5,4,수
2022-05-04,6호선,증산(명지대앞),11438,10965,22403,473,5,4,수
2022-05-04,6호선,디지털미디어시티,15857,17057,32914,-1200,5,4,수
2022-05-04,6호선,월드컵경기장(성산),5969,6241,12210,-272,5,4,수
2022-05-04,6호선,마포구청,15801,13521,29322,2280,5,4,수
2022-05-04,6호선,망원,15211,16097,31308,-886,5,4,수
2022-05-04,6호선,합정,14708,15315,30023,-607,5,4,수
2022-05-04,6호선,상수,9739,11865,21604,-2126,5,4,수
2022-05-04,6호선,광흥창(서강),10160,9948,20108,212,5,4,수
2022-05-04,6호선,대흥(서강대앞),9515,9756,19271,-241,5,4,수
2022-05-04,6호선,공덕,20613,19971,40584,642,5,4,수
2022-05-04,6호선,효창공원앞,8114,7260,15374,854,5,4,수
2022-05-04,6호선,삼각지,7517,6462,13979,1055,5,4,수
2022-05-04,6호선,녹사평(용산구청),5541,5851,11392,-310,5,4,수
2022-05-04,6호선,이태원,11599,16212,27811,-4613,5,4,수
2022-05-04,6호선,한강진,8857,10873,19730,-2016,5,4,수
2022-05-04,6호선,버티고개,2459,2272,4731,187,5,4,수
2022-05-04,6호선,약수,4045,4016,8061,29,5,4,수
2022-05-04,6호선,청구,4015,4223,8238,-208,5,4,수
2022-05-04,6호선,신당,8955,9555,18510,-600,5,4,수
2022-05-04,6호선,동묘앞,8581,8778,17359,-197,5,4,수
2022-05-04,6호선,창신,4157,3481,7638,676,5,4,수
2022-05-04,6호선,보문,8156,7248,15404,908,5,4,수
2022-05-04,6호선,안암(고대병원앞),16241,15628,31869,613,5,4,수
2022-05-04,6호선,고려대(종암),9970,9263,19233,707,5,4,수
2022-05-04,6호선,월곡(동덕여대),14176,13246,27422,930,5,4,수
2022-05-04,6호선,상월곡(한국과학기술연구원),7394,6666,14060,728,5,4,수
2022-05-04,6호선,돌곶이,10623,9369,19992,1254,5,4,수
2022-05-04,6호선,석계,14493,14723,29216,-230,5,4,수
2022-05-04,6호선,태릉입구,6502,7063,13565,-561,5,4,수
2022-05-04,6호선,화랑대(서울여대입구),14531,10901,25432,3630,5,4,수
2022-05-04,6호선,봉화산(서울의료원),9894,9086,18980,808,5,4,수
2022-05-04,7호선,장암,2570,940,3510,1630,5,4,수
2022-05-04,7호선,도봉산,10635,11902,22537,-1267,5,4,수
2022-05-04,7호선,수락산,14323,13671,27994,652,5,4,수
2022-05-04,7호선,마들,14698,13058,27756,1640,5,4,수
2022-05-04,7호선,노원,21691,24089,45780,-2398,5,4,수
2022-05-04,7호선,중계,16822,14729,31551,2093,5,4,수
2022-05-04,7호선,하계,21511,19774,41285,1737,5,4,수
2022-05-04,7호선,공릉(서울과학기술대),14392,13841,28233,551,5,4,수
2022-05-04,7호선,태릉입구,10481,9880,20361,601,5,4,수
2022-05-04,7호선,먹골,11348,10645,21993,703,5,4,수
2022-05-04,7호선,중화,12074,11539,23613,535,5,4,수
2022-05-04,7호선,상봉(시외버스터미널),18825,17714,36539,1111,5,4,수
2022-05-04,7호선,면목,18222,16972,35194,1250,5,4,수
2022-05-04,7호선,사가정,18086,17653,35739,433,5,4,수
2022-05-04,7호선,용마산(용마폭포공원),6755,6088,12843,667,5,4,수
2022-05-04,7호선,중곡,11935,10819,22754,1116,5,4,수
2022-05-04,7호선,군자(능동),16597,13087,29684,3510,5,4,수
2022-05-04,7호선,어린이대공원(세종대),20009,19823,39832,186,5,4,수
2022-05-04,7호선,건대입구,15060,16604,31664,-1544,5,4,수
2022-05-04,7호선,뚝섬유원지,15780,15346,31126,434,5,4,수
2022-05-04,7호선,청담,21008,24122,45130,-3114,5,4,수
2022-05-04,7호선,강남구청,17489,19984,37473,-2495,5,4,수
2022-05-04,7호선,학동,25684,28015,53699,-2331,5,4,수
2022-05-04,7호선,논현,22259,25011,47270,-2752,5,4,수
2022-05-04,7호선,반포,6686,6525,13211,161,5,4,수
2022-05-04,7호선,고속터미널,18902,16020,34922,2882,5,4,수
2022-05-04,7호선,내방,16101,16740,32841,-639,5,4,수
2022-05-04,7호선,이수,17956,17602,35558,354,5,4,수
2022-05-04,7호선,남성,12572,10834,23406,1738,5,4,수
2022-05-04,7호선,숭실대입구(살피재),16551,16126,32677,425,5,4,수
2022-05-04,7호선,상도,13148,12137,25285,1011,5,4,수
2022-05-04,7호선,장승배기,10008,9430,19438,578,5,4,수
2022-05-04,7호선,신대방삼거리,18641,17097,35738,1544,5,4,수
2022-05-04,7호선,보라매,11471,11252,22723,219,5,4,수
2022-05-04,7호선,신풍,12794,11884,24678,910,5,4,수
2022-05-04,7호선,대림(구로구청),8139,8250,16389,-111,5,4,수
2022-05-04,7호선,남구로,16623,17679,34302,-1056,5,4,수
2022-05-04,7호선,가산디지털단지,48803,49217,98020,-414,5,4,수
2022-05-04,7호선,철산,24391,24644,49035,-253,5,4,수
2022-05-04,7호선,광명사거리,24564,23667,48231,897,5,4,수
2022-05-04,7호선,천왕,12994,12065,25059,929,5,4,수
2022-05-04,7호선,온수(성공회대입구),12148,11520,23668,628,5,4,수
2022-05-04,8호선,암사,21276,18098,39374,3178,5,4,수
2022-05-04,8호선,천호(풍납토성),16168,19493,35661,-3325,5,4,수
2022-05-04,8호선,강동구청,11674,11582,23256,92,5,4,수
2022-05-04,8호선,몽촌토성(평화의문),8372,8675,17047,-303,5,4,수
2022-05-04,8호선,잠실(송파구청),16210,20896,37106,-4686,5,4,수
2022-05-04,8호선,석촌,8675,10035,18710,-1360,5,4,수
2022-05-04,8호선,송파,9830,9357,19187,473,5,4,수
2022-05-04,8호선,가락시장,8498,9701,18199,-1203,5,4,수
2022-05-04,8호선,문정,23895,25014,48909,-1119,5,4,수
2022-05-04,8호선,장지,20009,18421,38430,1588,5,4,수
2022-05-04,8호선,복정,11331,9238,20569,2093,5,4,수
2022-05-04,8호선,산성,6215,5947,12162,268,5,4,수
2022-05-04,8호선,남한산성입구(성남법원.검찰청),17420,15614,33034,1806,5,4,수
2022-05-04,8호선,단대오거리,13558,12202,25760,1356,5,4,수
2022-05-04,8호선,신흥,4964,5474,10438,-510,5,4,수
2022-05-04,8호선,수진,6150,5339,11489,811,5,4,수
2022-05-04,8호선,모란,7284,6031,13315,1253,5,4,수
2022-05-04,8호선,남위례,5731,5912,11643,-181,5,4,수
2022-05-04,9호선,개화,3031,2019,5050,1012,5,4,수
2022-05-04,9호선,김포공항,8174,12314,20488,-4140,5,4,수
2022-05-04,9호선,공항시장,3389,3425,6814,-36,5,4,수
2022-05-04,9호선,신방화,7731,7188,14919,543,5,4,수
2022-05-04,9호선,마곡나루(서울식물원),13896,13823,27719,73,5,4,수
2022-05-04,9호선,양천향교,11153,10931,22084,222,5,4,수
2022-05-04,9호선,가양,23640,22306,45946,1334,5,4,수
2022-05-04,9호선,증미,8158,7738,15896,420,5,4,수
2022-05-04,9호선,등촌,12387,11617,24004,770,5,4,수
2022-05-04,9호선,염창,19518,18168,37686,1350,5,4,수
2022-05-04,9호선,신목동,4939,4066,9005,873,5,4,수
2022-05-04,9호선,선유도,9830,9187,19017,643,5,4,수
2022-05-04,9호선,당산,21026,20554,41580,472,5,4,수
2022-05-04,9호선,국회의사당,17500,18253,35753,-753,5,4,수
2022-05-04,9호선,여의도,31305,30699,62004,606,5,4,수
2022-05-04,9호선,샛강,6627,6961,13588,-334,5,4,수
2022-05-04,9호선,노량진,29514,28484,57998,1030,5,4,수
2022-05-04,9호선,노들,5037,4105,9142,932,5,4,수
2022-05-04,9호선,흑석(중앙대입구),10676,10486,21162,190,5,4,수
2022-05-04,9호선,동작(현충원),2318,1967,4285,351,5,4,수
2022-05-04,9호선,구반포,1344,1446,2790,-102,5,4,수
2022-05-04,9호선,신반포,4427,4232,8659,195,5,4,수
2022-05-04,9호선,고속터미널,16179,22042,38221,-5863,5,4,수
2022-05-04,9호선,사평,4184,3849,8033,335,5,4,수
2022-05-04,9호선,신논현,36398,37092,73490,-694,5,4,수
2022-05-04,9호선2~3단계,언주,11675,11798,23473,-123,5,4,수
2022-05-04,9호선2~3단계,선정릉,10862,11988,22850,-1126,5,4,수
2022-05-04,9호선2~3단계,삼성중앙,7640,7929,15569,-289,5,4,수
2022-05-04,9호선2~3단계,봉은사,19107,19867,38974,-760,5,4,수
2022-05-04,9호선2~3단계,종합운동장,5083,5036,10119,47,5,4,수
2022-05-04,9호선2~3단계,삼전,7518,7049,14567,469,5,4,수
2022-05-04,9호선2~3단계,석촌고분,6744,6245,12989,499,5,4,수
2022-05-04,9호선2~3단계,석촌,9591,8047,17638,1544,5,4,수
2022-05-04,9호선2~3단계,송파나루,5559,5870,11429,-311,5,4,수
2022-05-04,9호선2~3단계,한성백제,3026,2496,5522,530,5,4,수
2022-05-04,9호선2~3단계,올림픽공원(한국체대),7285,6899,14184,386,5,4,수
2022-05-04,9호선2~3단계,둔촌오륜,1290,1146,2436,144,5,4,수
2022-05-04,9호선2~3단계,중앙보훈병원,11948,10409,22357,1539,5,4,수
2022-05-04,경강선,판교,5644,5713,11357,-69,5,4,수
2022-05-04,경강선,이매,1216,990,2206,226,5,4,수
2022-05-04,경강선,삼동,2771,2390,5161,381,5,4,수
2022-05-04,경강선,경기광주,8980,8398,17378,582,5,4,수
2022-05-04,경강선,초월,3720,3308,7028,412,5,4,수
2022-05-04,경강선,곤지암,2697,2609,5306,88,5,4,수
2022-05-04,경강선,신둔도예촌,1905,1622,3527,283,5,4,수
2022-05-04,경강선,이천,3118,3481,6599,-363,5,4,수
2022-05-04,경강선,부발,2796,2450,5246,346,5,4,수
2022-05-04,경강선,세종대왕릉,402,421,823,-19,5,4,수
2022-05-04,경강선,여주,3356,3234,6590,122,5,4,수
2022-05-04,경부선,서울역,8460,3087,11547,5373,5,4,수
2022-05-04,경부선,남영,10558,11433,21991,-875,5,4,수
2022-05-04,경부선,용산,42267,45898,88165,-3631,5,4,수
2022-05-04,경부선,노량진,9754,9888,19642,-134,5,4,수
2022-05-04,경부선,대방,15139,15168,30307,-29,5,4,수
2022-05-04,경부선,영등포,43386,46699,90085,-3313,5,4,수
2022-05-04,경부선,신도림,4783,4975,9758,-192,5,4,수
2022-05-04,경부선,신길,10097,8487,18584,1610,5,4,수
2022-05-04,경부선,구로,20785,22547,43332,-1762,5,4,수
2022-05-04,경부선,가산디지털단지,20774,23558,44332,-2784,5,4,수
2022-05-04,경부선,금천구청,13542,13449,26991,93,5,4,수
2022-05-04,경부선,석수,11239,9892,21131,1347,5,4,수
2022-05-04,경부선,관악,8688,7952,16640,736,5,4,수
2022-05-04,경부선,안양,30214,29977,60191,237,5,4,수
2022-05-04,경부선,명학,11696,11346,23042,350,5,4,수
2022-05-04,경부선,금정,30520,30657,61177,-137,5,4,수
2022-05-04,경부선,군포,8497,8320,16817,177,5,4,수
2022-05-04,경부선,의왕,10832,10473,21305,359,5,4,수
2022-05-04,경부선,성균관대,21787,24287,46074,-2500,5,4,수
2022-05-04,경부선,화서,9704,9142,18846,562,5,4,수
2022-05-04,경부선,수원,45627,50728,96355,-5101,5,4,수
2022-05-04,경부선,독산,21065,21126,42191,-61,5,4,수
2022-05-04,경부선,세류,3603,3390,6993,213,5,4,수
2022-05-04,경부선,병점,20444,20181,40625,263,5,4,수
2022-05-04,경부선,세마,3612,3233,6845,379,5,4,수
2022-05-04,경부선,오산대,4900,4589,9489,311,5,4,수
2022-05-04,경부선,오산,12254,12057,24311,197,5,4,수
2022-05-04,경부선,진위,2177,1821,3998,356,5,4,수
2022-05-04,경부선,송탄,5320,4871,10191,449,5,4,수
2022-05-04,경부선,서정리,9405,8204,17609,1201,5,4,수
2022-05-04,경부선,평택지제,4324,4128,8452,196,5,4,수
2022-05-04,경부선,평택,15826,16046,31872,-220,5,4,수
2022-05-04,경부선,성환,8351,7245,15596,1106,5,4,수
2022-05-04,경부선,직산,1092,994,2086,98,5,4,수
2022-05-04,경부선,두정,10224,10238,20462,-14,5,4,수
2022-05-04,경부선,천안,9156,8235,17391,921,5,4,수
2022-05-04,경부선,당정,8329,7612,15941,717,5,4,수
2022-05-04,경부선,서동탄,1692,1589,3281,103,5,4,수
2022-05-04,경부선,광명,4198,3969,8167,229,5,4,수
2022-05-04,경원선,이촌(국립중앙박물관),4567,3170,7737,1397,5,4,수
2022-05-04,경원선,서빙고,2421,2201,4622,220,5,4,수
2022-05-04,경원선,한남,4495,4333,8828,162,5,4,수
2022-05-04,경원선,옥수,71,32,103,39,5,4,수
2022-05-04,경원선,응봉,2296,1850,4146,446,5,4,수
2022-05-04,경원선,왕십리(성동구청),17926,19590,37516,-1664,5,4,수
2022-05-04,경원선,청량리(서울시립대입구),18107,18911,37018,-804,5,4,수
2022-05-04,경원선,외대앞,9725,9338,19063,387,5,4,수
2022-05-04,경원선,신이문,9510,8494,18004,1016,5,4,수
2022-05-04,경원선,석계,9590,10616,20206,-1026,5,4,수
2022-05-04,경원선,광운대,10521,10154,20675,367,5,4,수
2022-05-04,경원선,월계,9384,8488,17872,896,5,4,수
2022-05-04,경원선,녹천,5223,4230,9453,993,5,4,수
2022-05-04,경원선,방학,11117,10658,21775,459,5,4,수
2022-05-04,경원선,도봉,6650,6262,12912,388,5,4,수
2022-05-04,경원선,도봉산,8842,6027,14869,2815,5,4,수
2022-05-04,경원선,망월사,10816,10739,21555,77,5,4,수
2022-05-04,경원선,회룡,14226,14207,28433,19,5,4,수
2022-05-04,경원선,의정부,21600,22951,44551,-1351,5,4,수
2022-05-04,경원선,가능,7703,7242,14945,461,5,4,수
2022-05-04,경원선,녹양,5231,4867,10098,364,5,4,수
2022-05-04,경원선,양주,9321,8735,18056,586,5,4,수
2022-05-04,경원선,덕계,3826,3420,7246,406,5,4,수
2022-05-04,경원선,덕정,7314,6730,14044,584,5,4,수
2022-05-04,경원선,지행,8037,7847,15884,190,5,4,수
2022-05-04,경원선,동두천중앙,3583,3517,7100,66,5,4,수
2022-05-04,경원선,보산,1656,1524,3180,132,5,4,수
2022-05-04,경원선,동두천,3040,3374,6414,-334,5,4,수
2022-05-04,경원선,소요산,3218,2727,5945,491,5,4,수
2022-05-04,경의선,서울역,5117,6976,12093,-1859,5,4,수
2022-05-04,경의선,신촌,1049,1430,2479,-381,5,4,수
2022-05-04,경의선,효창공원앞,3370,3731,7101,-361,5,4,수
2022-05-04,경의선,공덕,4064,3814,7878,250,5,4,수
2022-05-04,경의선,서강대,2513,2477,4990,36,5,4,수
2022-05-04,경의선,홍대입구,2135,2792,4927,-657,5,4,수
2022-05-04,경의선,가좌,6400,6003,12403,397,5,4,수
2022-05-04,경의선,디지털미디어시티,3019,2778,5797,241,5,4,수
2022-05-04,경의선,수색,3179,3314,6493,-135,5,4,수
2022-05-04,경의선,화전,4106,3756,7862,350,5,4,수
2022-05-04,경의선,강매,3777,3123,6900,654,5,4,수
2022-05-04,경의선,행신,9485,9573,19058,-88,5,4,수
2022-05-04,경의선,능곡,4422,4048,8470,374,5,4,수
2022-05-04,경의선,곡산,799,782,1581,17,5,4,수
2022-05-04,경의선,백마,8239,7570,15809,669,5,4,수
2022-05-04,경의선,풍산,6418,5905,12323,513,5,4,수
2022-05-04,경의선,일산,10792,10584,21376,208,5,4,수
2022-05-04,경의선,탄현,9435,8843,18278,592,5,4,수
2022-05-04,경의선,야당,9119,9462,18581,-343,5,4,수
2022-05-04,경의선,운정,8381,7674,16055,707,5,4,수
2022-05-04,경의선,금릉,5909,5656,11565,253,5,4,수
2022-05-04,경의선,금촌,7441,7351,14792,90,5,4,수
2022-05-04,경의선,월롱,3921,3049,6970,872,5,4,수
2022-05-04,경의선,파주,1787,1267,3054,520,5,4,수
2022-05-04,경의선,문산,6863,6785,13648,78,5,4,수
2022-05-04,경의선,임진강,11,11,22,0,5,4,수
2022-05-04,경인선,개봉,24779,23573,48352,1206,5,4,수
2022-05-04,경인선,오류동,13593,12143,25736,1450,5,4,수
2022-05-04,경인선,역곡,32871,31884,64755,987,5,4,수
2022-05-04,경인선,부천,37716,38500,76216,-784,5,4,수
2022-05-04,경인선,송내,31326,31137,62463,189,5,4,수
2022-05-04,경인선,부평,32489,36654,69143,-4165,5,4,수
2022-05-04,경인선,백운,7957,7557,15514,400,5,4,수
2022-05-04,경인선,동암,16498,16390,32888,108,5,4,수
2022-05-04,경인선,주안,23137,20903,44040,2234,5,4,수
2022-05-04,경인선,제물포,13119,12059,25178,1060,5,4,수
2022-05-04,경인선,동인천,15949,15201,31150,748,5,4,수
2022-05-04,경인선,인천,4719,3686,8405,1033,5,4,수
2022-05-04,경인선,구일,8631,8111,16742,520,5,4,수
2022-05-04,경인선,소사,10511,9708,20219,803,5,4,수
2022-05-04,경인선,부개,9861,5818,15679,4043,5,4,수
2022-05-04,경인선,간석,6964,6347,13311,617,5,4,수
2022-05-04,경인선,도원,3841,3687,7528,154,5,4,수
2022-05-04,경인선,온수(성공회대입구),8670,7702,16372,968,5,4,수
2022-05-04,경인선,중동,10804,9922,20726,882,5,4,수
2022-05-04,경인선,도화,4957,4471,9428,486,5,4,수
2022-05-04,경춘선,신내,2533,2422,4955,111,5,4,수
2022-05-04,경춘선,갈매,3508,3026,6534,482,5,4,수
2022-05-04,경춘선,별내,3727,3421,7148,306,5,4,수
2022-05-04,경춘선,퇴계원,4048,3634,7682,414,5,4,수
2022-05-04,경춘선,사릉,2907,2807,5714,100,5,4,수
2022-05-04,경춘선,금곡,1828,1737,3565,91,5,4,수
2022-05-04,경춘선,평내호평,7705,7566,15271,139,5,4,수
2022-05-04,경춘선,천마산,1993,1820,3813,173,5,4,수
2022-05-04,경춘선,마석,4786,4688,9474,98,5,4,수
2022-05-04,경춘선,대성리,639,1045,1684,-406,5,4,수
2022-05-04,경춘선,청평,1865,2163,4028,-298,5,4,수
2022-05-04,경춘선,상천,386,371,757,15,5,4,수
2022-05-04,경춘선,가평,1903,2175,4078,-272,5,4,수
2022-05-04,경춘선,굴봉산,217,227,444,-10,5,4,수
2022-05-04,경춘선,백양리,127,173,300,-46,5,4,수
2022-05-04,경춘선,강촌,576,692,1268,-116,5,4,수
2022-05-04,경춘선,김유정,627,676,1303,-49,5,4,수
2022-05-04,경춘선,남춘천,3546,3239,6785,307,5,4,수
2022-05-04,경춘선,춘천,2157,1811,3968,346,5,4,수
2022-05-04,공항철도 1호선,서울역,10310,9666,19976,644,5,4,수
2022-05-04,공항철도 1호선,공덕,2640,3474,6114,-834,5,4,수
2022-05-04,공항철도 1호선,홍대입구,11673,12357,24030,-684,5,4,수
2022-05-04,공항철도 1호선,디지털미디어시티,16189,14870,31059,1319,5,4,수
2022-05-04,공항철도 1호선,마곡나루(서울식물원),11088,10331,21419,757,5,4,수
2022-05-04,공항철도 1호선,김포공항,12558,6865,19423,5693,5,4,수
2022-05-04,공항철도 1호선,계양,12262,11336,23598,926,5,4,수
2022-05-04,공항철도 1호선,검암,7591,7614,15205,-23,5,4,수
2022-05-04,공항철도 1호선,청라국제도시,8290,7902,16192,388,5,4,수
2022-05-04,공항철도 1호선,운서,7766,7862,15628,-96,5,4,수
2022-05-04,공항철도 1호선,공항화물청사,2408,2632,5040,-224,5,4,수
2022-05-04,공항철도 1호선,인천공항1터미널,5546,5591,11137,-45,5,4,수
2022-05-04,공항철도 1호선,인천공항2터미널,2737,2655,5392,82,5,4,수
2022-05-04,공항철도 1호선,영종,3874,4038,7912,-164,5,4,수
2022-05-04,과천선,선바위,9592,8227,17819,1365,5,4,수
2022-05-04,과천선,경마공원,1656,1669,3325,-13,5,4,수
2022-05-04,과천선,대공원,10850,10803,21653,47,5,4,수
2022-05-04,과천선,과천,7720,6797,14517,923,5,4,수
2022-05-04,과천선,정부과천청사,12113,11823,23936,290,5,4,수
2022-05-04,과천선,인덕원,28060,28179,56239,-119,5,4,수
2022-05-04,과천선,평촌,19810,19410,39220,400,5,4,수
2022-05-04,과천선,범계,31015,31465,62480,-450,5,4,수
2022-05-04,분당선,선릉,14701,22749,37450,-8048,5,4,수
2022-05-04,분당선,한티,15840,16084,31924,-244,5,4,수
2022-05-04,분당선,도곡,8065,7668,15733,397,5,4,수
2022-05-04,분당선,구룡,2850,2515,5365,335,5,4,수
2022-05-04,분당선,개포동,4720,4681,9401,39,5,4,수
2022-05-04,분당선,대모산입구,5171,4592,9763,579,5,4,수
2022-05-04,분당선,수서,15507,16581,32088,-1074,5,4,수
2022-05-04,분당선,수원,10236,8856,19092,1380,5,4,수
2022-05-04,분당선,서울숲,14464,14898,29362,-434,5,4,수
2022-05-04,분당선,압구정로데오,20876,24526,45402,-3650,5,4,수
2022-05-04,분당선,강남구청,11260,13137,24397,-1877,5,4,수
2022-05-04,분당선,선정릉,8750,9429,18179,-679,5,4,수
2022-05-04,분당선,가천대,14173,14635,28808,-462,5,4,수
2022-05-04,분당선,태평,15243,14264,29507,979,5,4,수
2022-05-04,분당선,모란,29857,31295,61152,-1438,5,4,수
2022-05-04,분당선,야탑,30526,31884,62410,-1358,5,4,수
2022-05-04,분당선,서현,27899,28842,56741,-943,5,4,수
2022-05-04,분당선,수내,15126,14994,30120,132,5,4,수
2022-05-04,분당선,정자,20343,21486,41829,-1143,5,4,수
2022-05-04,분당선,미금,17657,18681,36338,-1024,5,4,수
2022-05-04,분당선,오리,13732,11098,24830,2634,5,4,수
2022-05-04,분당선,이매,6890,6226,13116,664,5,4,수
2022-05-04,분당선,보정,3094,2645,5739,449,5,4,수
2022-05-04,분당선,죽전,16944,18097,35041,-1153,5,4,수
2022-05-04,분당선,구성,6066,6121,12187,-55,5,4,수
2022-05-04,분당선,신갈,5182,5010,10192,172,5,4,수
2022-05-04,분당선,기흥,12067,11445,23512,622,5,4,수
2022-05-04,분당선,상갈,6772,6540,13312,232,5,4,수
2022-05-04,분당선,청명,5199,4812,10011,387,5,4,수
2022-05-04,분당선,영통,10239,10300,20539,-61,5,4,수
2022-05-04,분당선,망포,18368,16732,35100,1636,5,4,수
2022-05-04,분당선,매탄권선,6310,5862,12172,448,5,4,수
2022-05-04,분당선,수원시청,14508,17093,31601,-2585,5,4,수
2022-05-04,분당선,매교,3996,3761,7757,235,5,4,수
2022-05-04,수인선,고색,5841,5552,11393,289,5,4,수
2022-05-04,수인선,오목천,4852,4290,9142,562,5,4,수
2022-05-04,수인선,어천,959,948,1907,11,5,4,수
2022-05-04,수인선,야목,514,370,884,144,5,4,수
2022-05-04,수인선,사리,5804,4932,10736,872,5,4,수
2022-05-04,수인선,달월,112,77,189,35,5,4,수
2022-05-04,수인선,월곶,3343,3077,6420,266,5,4,수
2022-05-04,수인선,소래포구,6845,6594,13439,251,5,4,수
2022-05-04,수인선,인천논현,6447,7014,13461,-567,5,4,수
2022-05-04,수인선,호구포,4721,4773,9494,-52,5,4,수
2022-05-04,수인선,남동인더스파크,2419,2647,5066,-228,5,4,수
2022-05-04,수인선,원인재,5145,5315,10460,-170,5,4,수
2022-05-04,수인선,연수,5345,5403,10748,-58,5,4,수
2022-05-04,수인선,송도,3273,3066,6339,207,5,4,수
2022-05-04,수인선,인하대,8736,8019,16755,717,5,4,수
2022-05-04,수인선,숭의,4560,4124,8684,436,5,4,수
2022-05-04,수인선,신포,2225,2300,4525,-75,5,4,수
2022-05-04,수인선,인천,1372,2227,3599,-855,5,4,수
2022-05-04,안산선,산본,18133,19674,37807,-1541,5,4,수
2022-05-04,안산선,대야미,5982,5116,11098,866,5,4,수
2022-05-04,안산선,반월,4999,4764,9763,235,5,4,수
2022-05-04,안산선,상록수,19386,19013,38399,373,5,4,수
2022-05-04,안산선,한대앞,11976,11632,23608,344,5,4,수
2022-05-04,안산선,중앙,22567,24941,47508,-2374,5,4,수
2022-05-04,안산선,고잔,10289,10013,20302,276,5,4,수
2022-05-04,안산선,초지,5840,6280,12120,-440,5,4,수
2022-05-04,안산선,안산,12959,11589,24548,1370,5,4,수
2022-05-04,안산선,신길온천,2137,1904,4041,233,5,4,수
2022-05-04,안산선,정왕,11796,11673,23469,123,5,4,수
2022-05-04,안산선,오이도,10074,10073,20147,1,5,4,수
2022-05-04,안산선,수리산,5123,4185,9308,938,5,4,수
2022-05-04,우이신설선,북한산우이,3311,2901,6212,410,5,4,수
2022-05-04,우이신설선,솔밭공원,2941,2731,5672,210,5,4,수
2022-05-04,우이신설선,4.19민주묘지,4428,4261,8689,167,5,4,수
2022-05-04,우이신설선,가오리,4759,4509,9268,250,5,4,수
2022-05-04,우이신설선,화계,3862,3471,7333,391,5,4,수
2022-05-04,우이신설선,삼양,2239,2251,4490,-12,5,4,수
2022-05-04,우이신설선,삼양사거리,2775,2659,5434,116,5,4,수
2022-05-04,중앙선,용문,2021,2337,4358,-316,5,4,수
2022-05-04,중앙선,지평,86,101,187,-15,5,4,수
2022-05-05,5호선,충정로(경기대입구),1788,1671,3459,117,5,5,목
2022-05-05,5호선,서대문,6290,6306,12596,-16,5,5,목
2022-05-05,7호선,내방,6356,6376,12732,-20,5,5,목
2022-05-05,7호선,이수,10042,9199,19241,843,5,5,목
2022-05-05,1호선,서울역,30025,33845,63870,-3820,5,5,목
2022-05-05,7호선,숭실대입구(살피재),8069,7915,15984,154,5,5,목
2022-05-05,2호선,이대,9388,9693,19081,-305,5,5,목
2022-05-05,5호선,광화문(세종문화회관),17046,16985,34031,61,5,5,목
2022-05-05,5호선,종로3가,13904,13783,27687,121,5,5,목
2022-05-05,5호선,을지로4가,3645,4044,7689,-399,5,5,목
2022-05-05,5호선,동대문역사문화공원(DDP),900,1256,2156,-356,5,5,목
2022-05-05,5호선,청구,2569,2384,4953,185,5,5,목
2022-05-05,5호선,신금호,3844,4016,7860,-172,5,5,목
2022-05-05,5호선,행당,4775,4037,8812,738,5,5,목
2022-05-05,6호선,월곡(동덕여대),7313,6927,14240,386,5,5,목
2022-05-05,6호선,상월곡(한국과학기술연구원),3935,3453,7388,482,5,5,목
2022-05-05,6호선,돌곶이,5805,5269,11074,536,5,5,목
2022-05-05,6호선,석계,8217,8058,16275,159,5,5,목
2022-05-05,6호선,태릉입구,4364,4785,9149,-421,5,5,목
2022-05-05,6호선,화랑대(서울여대입구),7038,5685,12723,1353,5,5,목
2022-05-05,6호선,봉화산(서울의료원),5069,4880,9949,189,5,5,목
2022-05-05,6호선,신내,1,0,1,1,5,5,목
2022-05-05,7호선,장암,1697,1180,2877,517,5,5,목
2022-05-05,7호선,도봉산,6637,9069,15706,-2432,5,5,목
2022-05-05,7호선,수락산,9397,9084,18481,313,5,5,목
2022-05-05,7호선,마들,7989,7422,15411,567,5,5,목
2022-05-05,7호선,노원,14665,15605,30270,-940,5,5,목
2022-05-05,7호선,중계,8571,7821,16392,750,5,5,목
2022-05-05,7호선,하계,12100,11560,23660,540,5,5,목
2022-05-05,7호선,공릉(서울과학기술대),8876,8542,17418,334,5,5,목
2022-05-05,7호선,태릉입구,6656,6273,12929,383,5,5,목
2022-05-05,7호선,먹골,7149,6681,13830,468,5,5,목
2022-05-05,7호선,중화,7190,6733,13923,457,5,5,목
2022-05-05,7호선,상봉(시외버스터미널),11933,11401,23334,532,5,5,목
2022-05-05,7호선,면목,10137,9581,19718,556,5,5,목
2022-05-05,7호선,사가정,11124,10526,21650,598,5,5,목
2022-05-05,7호선,용마산(용마폭포공원),4207,4453,8660,-246,5,5,목
2022-05-05,7호선,중곡,6548,5929,12477,619,5,5,목
2022-05-05,7호선,군자(능동),10010,7323,17333,2687,5,5,목
2022-05-05,7호선,어린이대공원(세종대),18086,19298,37384,-1212,5,5,목
2022-05-05,7호선,건대입구,11550,12803,24353,-1253,5,5,목
2022-05-05,7호선,뚝섬유원지,23477,22462,45939,1015,5,5,목
2022-05-05,7호선,청담,7868,8631,16499,-763,5,5,목
2022-05-05,7호선,강남구청,6937,7871,14808,-934,5,5,목
2022-05-05,7호선,학동,6893,7109,14002,-216,5,5,목
2022-05-05,7호선,논현,7718,8220,15938,-502,5,5,목
2022-05-05,5호선,송정,4388,4196,8584,192,5,5,목
2022-05-05,5호선,김포공항,8665,8752,17417,-87,5,5,목
2022-05-05,5호선,개화산,3540,3420,6960,120,5,5,목
2022-05-05,5호선,방화,4378,4309,8687,69,5,5,목
2022-05-05,4호선,남태령,1030,672,1702,358,5,5,목
2022-05-05,4호선,사당,19545,16729,36274,2816,5,5,목
2022-05-05,4호선,총신대입구(이수),12597,13706,26303,-1109,5,5,목
2022-05-05,4호선,동작(현충원),1750,1951,3701,-201,5,5,목
2022-05-05,4호선,이촌(국립중앙박물관),8965,10030,18995,-1065,5,5,목
2022-05-05,4호선,신용산,11328,12361,23689,-1033,5,5,목
2022-05-05,4호선,삼각지,3395,4600,7995,-1205,5,5,목
2022-05-05,4호선,숙대입구(갈월),8395,7797,16192,598,5,5,목
2022-05-05,4호선,서울역,5295,13504,18799,-8209,5,5,목
2022-05-05,4호선,회현(남대문시장),20049,21437,41486,-1388,5,5,목
2022-05-05,4호선,명동,15520,18277,33797,-2757,5,5,목
2022-05-05,4호선,충무로,12674,14481,27155,-1807,5,5,목
2022-05-05,4호선,동대문역사문화공원(DDP),13939,12675,26614,1264,5,5,목
2022-05-05,4호선,동대문,18917,19500,38417,-583,5,5,목
2022-05-05,4호선,혜화,30383,31896,62279,-1513,5,5,목
2022-05-05,4호선,한성대입구(삼선교),10398,10213,20611,185,5,5,목
2022-05-05,4호선,성신여대입구(돈암),16644,15643,32287,1001,5,5,목
2022-05-05,4호선,길음,13751,12670,26421,1081,5,5,목
2022-05-05,4호선,미아사거리,20444,19230,39674,1214,5,5,목
2022-05-05,4호선,미아(서울사이버대학),9967,9194,19161,773,5,5,목
2022-05-05,4호선,수유(강북구청),25036,24195,49231,841,5,5,목
2022-05-05,4호선,쌍문,19809,17718,37527,2091,5,5,목
2022-05-05,4호선,창동,18186,18936,37122,-750,5,5,목
2022-05-05,4호선,노원,15639,17176,32815,-1537,5,5,목
2022-05-05,4호선,상계,13943,12895,26838,1048,5,5,목
2022-05-05,4호선,당고개,6954,6553,13507,401,5,5,목
2022-05-05,3호선,오금,3001,2778,5779,223,5,5,목
2022-05-05,3호선,경찰병원,3226,3157,6383,69,5,5,목
2022-05-05,3호선,가락시장,5042,4953,9995,89,5,5,목
2022-05-05,3호선,수서,10967,11438,22405,-471,5,5,목
2022-05-05,3호선,일원,3986,3857,7843,129,5,5,목
2022-05-05,3호선,대청,4919,4578,9497,341,5,5,목
2022-05-05,3호선,학여울,846,829,1675,17,5,5,목
2022-05-05,3호선,대치,6283,5707,11990,576,5,5,목
2022-05-05,3호선,도곡,2348,2300,4648,48,5,5,목
2022-05-05,3호선,매봉,5333,5326,10659,7,5,5,목
2022-05-05,3호선,양재(서초구청),14921,16582,31503,-1661,5,5,목
2022-05-05,3호선,남부터미널(예술의전당),16365,16871,33236,-506,5,5,목
2022-05-05,3호선,교대(법원.검찰청),5090,3148,8238,1942,5,5,목
2022-05-05,3호선,고속터미널,49069,50519,99588,-1450,5,5,목
2022-05-05,3호선,잠원,3004,2833,5837,171,5,5,목
2022-05-05,3호선,신사,16996,18307,35303,-1311,5,5,목
2022-05-05,3호선,압구정,15620,16940,32560,-1320,5,5,목
2022-05-05,3호선,옥수,6282,6300,12582,-18,5,5,목
2022-05-05,3호선,금호,5230,4626,9856,604,5,5,목
2022-05-05,3호선,약수,7706,7149,14855,557,5,5,목
2022-05-05,3호선,동대입구,6500,7651,14151,-1151,5,5,목
2022-05-05,3호선,을지로3가,5310,5307,10617,3,5,5,목
2022-05-05,3호선,종로3가,5910,8267,14177,-2357,5,5,목
2022-05-05,3호선,안국,19541,22488,42029,-2947,5,5,목
2022-05-05,3호선,경복궁(정부서울청사),21801,24776,46577,-2975,5,5,목
2022-05-05,3호선,독립문,6368,7238,13606,-870,5,5,목
2022-05-05,3호선,무악재,2407,2529,4936,-122,5,5,목
2022-05-05,3호선,홍제,12060,11258,23318,802,5,5,목
2022-05-05,3호선,녹번,9060,7890,16950,1170,5,5,목
2022-05-05,3호선,불광,11871,13440,25311,-1569,5,5,목
2022-05-05,3호선,연신내,26688,24905,51593,1783,5,5,목
2022-05-05,3호선,구파발,14703,15107,29810,-404,5,5,목
2022-05-05,3호선,지축,3224,3054,6278,170,5,5,목
2022-05-05,2호선,용두(동대문구청),1577,1554,3131,23,5,5,목
2022-05-05,2호선,신정네거리,6614,6562,13176,52,5,5,목
2022-05-05,2호선,양천구청,4065,4019,8084,46,5,5,목
2022-05-05,2호선,도림천,689,692,1381,-3,5,5,목
2022-05-05,2호선,신설동,2608,2457,5065,151,5,5,목
2022-05-05,2호선,신답,988,955,1943,33,5,5,목
2022-05-05,2호선,용답,2211,2003,4214,208,5,5,목
2022-05-05,2호선,충정로(경기대입구),4183,4487,8670,-304,5,5,목
2022-05-05,2호선,아현,6742,6253,12995,489,5,5,목
2022-05-05,2호선,신촌,27414,27247,54661,167,5,5,목
2022-05-05,2호선,홍대입구,74028,78388,152416,-4360,5,5,목
2022-05-05,2호선,합정,27073,29720,56793,-2647,5,5,목
2022-05-05,2호선,당산,11699,12354,24053,-655,5,5,목
2022-05-05,2호선,영등포구청,9307,9612,18919,-305,5,5,목
2022-05-05,2호선,문래,10119,10766,20885,-647,5,5,목
2022-05-05,2호선,신도림,33109,33626,66735,-517,5,5,목
2022-05-05,2호선,대림(구로구청),16335,16701,33036,-366,5,5,목
2022-05-05,중앙선,지평,106,112,218,-6,5,5,목
2022-05-05,중앙선,용문,5696,5837,11533,-141,5,5,목
2022-05-05,1호선,시청,11447,11372,22819,75,5,5,목
2022-05-05,1호선,종각,19703,16928,36631,2775,5,5,목
2022-05-05,1호선,종로3가,22327,19653,41980,2674,5,5,목
2022-05-05,1호선,종로5가,19567,19213,38780,354,5,5,목
2022-05-05,1호선,동대문,12065,12237,24302,-172,5,5,목
2022-05-05,1호선,신설동,8146,7642,15788,504,5,5,목
2022-05-05,1호선,제기동,14421,15039,29460,-618,5,5,목
2022-05-05,1호선,청량리(서울시립대입구),17256,17404,34660,-148,5,5,목
2022-05-05,1호선,동묘앞,10707,10997,21704,-290,5,5,목
2022-05-05,2호선,시청,8823,7437,16260,1386,5,5,목
2022-05-05,2호선,을지로입구,21668,21202,42870,466,5,5,목
2022-05-05,2호선,을지로3가,10650,10798,21448,-148,5,5,목
2022-05-05,2호선,을지로4가,7064,7368,14432,-304,5,5,목
2022-05-05,2호선,동대문역사문화공원(DDP),12243,14181,26424,-1938,5,5,목
2022-05-05,2호선,신당,10349,11260,21609,-911,5,5,목
2022-05-05,2호선,상왕십리,8952,8414,17366,538,5,5,목
2022-05-05,7호선,상도,6859,6240,13099,619,5,5,목
2022-05-05,7호선,장승배기,5191,4897,10088,294,5,5,목
2022-05-05,7호선,신대방삼거리,9694,8869,18563,825,5,5,목
2022-05-05,7호선,보라매,5026,4821,9847,205,5,5,목
2022-05-05,7호선,신풍,6918,6466,13384,452,5,5,목
2022-05-05,7호선,대림(구로구청),6102,6247,12349,-145,5,5,목
2022-05-05,7호선,남구로,7076,7109,14185,-33,5,5,목
2022-05-05,경부선,명학,4244,4076,8320,168,5,5,목
2022-05-05,경부선,금정,17019,16581,33600,438,5,5,목
2022-05-05,경부선,군포,3896,3672,7568,224,5,5,목
2022-05-05,경부선,의왕,6383,6279,12662,104,5,5,목
2022-05-05,경부선,성균관대,11938,10196,22134,1742,5,5,목
2022-05-05,경부선,화서,5305,5291,10596,14,5,5,목
2022-05-05,경부선,수원,40700,43677,84377,-2977,5,5,목
2022-05-05,경부선,독산,8390,8193,16583,197,5,5,목
2022-05-05,경부선,세류,2311,2396,4707,-85,5,5,목
2022-05-05,경부선,병점,12171,12039,24210,132,5,5,목
2022-05-05,경부선,세마,2456,2211,4667,245,5,5,목
2022-05-05,경부선,오산대,3312,3084,6396,228,5,5,목
2022-05-05,경부선,오산,8706,8461,17167,245,5,5,목
2022-05-05,2호선,왕십리(성동구청),12695,11193,23888,1502,5,5,목
2022-05-05,2호선,한양대,4079,4141,8220,-62,5,5,목
2022-05-05,2호선,뚝섬,17267,17221,34488,46,5,5,목
2022-05-05,2호선,성수,21348,24880,46228,-3532,5,5,목
2022-05-05,2호선,건대입구,38668,39233,77901,-565,5,5,목
2022-05-05,2호선,구의(광진구청),14804,13724,28528,1080,5,5,목
2022-05-05,2호선,강변(동서울터미널),24823,26089,50912,-1266,5,5,목
2022-05-05,2호선,잠실나루,6566,6351,12917,215,5,5,목
2022-05-05,2호선,잠실(송파구청),63053,61565,124618,1488,5,5,목
2022-05-05,2호선,잠실새내,15644,15754,31398,-110,5,5,목
2022-05-05,2호선,종합운동장,14171,16245,30416,-2074,5,5,목
2022-05-05,2호선,삼성(무역센터),23962,23772,47734,190,5,5,목
2022-05-05,2호선,선릉,17092,14839,31931,2253,5,5,목
2022-05-05,2호선,역삼,12733,13987,26720,-1254,5,5,목
2022-05-05,2호선,강남,42209,41967,84176,242,5,5,목
2022-05-05,2호선,교대(법원.검찰청),12327,13756,26083,-1429,5,5,목
2022-05-05,2호선,서초,7229,5939,13168,1290,5,5,목
2022-05-05,2호선,방배,7554,7637,15191,-83,5,5,목
2022-05-05,2호선,사당,25763,28714,54477,-2951,5,5,목
2022-05-05,2호선,낙성대(강감찬),19205,17473,36678,1732,5,5,목
2022-05-05,2호선,서울대입구(관악구청),33866,32930,66796,936,5,5,목
2022-05-05,2호선,봉천,14692,13258,27950,1434,5,5,목
2022-05-05,2호선,신림,45124,42941,88065,2183,5,5,목
2022-05-05,2호선,신대방,18968,17624,36592,1344,5,5,목
2022-05-05,2호선,구로디지털단지,29179,28181,57360,998,5,5,목
2022-05-05,7호선,가산디지털단지,13551,12431,25982,1120,5,5,목
2022-05-05,7호선,철산,12669,12632,25301,37,5,5,목
2022-05-05,7호선,광명사거리,14774,14440,29214,334,5,5,목
2022-05-05,7호선,천왕,6193,5990,12183,203,5,5,목
2022-05-05,7호선,온수(성공회대입구),4911,4742,9653,169,5,5,목
2022-05-05,8호선,암사,11297,10151,21448,1146,5,5,목
2022-05-05,8호선,천호(풍납토성),10305,12304,22609,-1999,5,5,목
2022-05-05,8호선,강동구청,5573,5533,11106,40,5,5,목
2022-05-05,8호선,몽촌토성(평화의문),4498,4311,8809,187,5,5,목
2022-05-05,8호선,잠실(송파구청),13254,15228,28482,-1974,5,5,목
2022-05-05,8호선,석촌,4928,6400,11328,-1472,5,5,목
2022-05-05,8호선,송파,4878,4637,9515,241,5,5,목
2022-05-05,8호선,가락시장,4620,5067,9687,-447,5,5,목
2022-05-05,8호선,문정,6405,6281,12686,124,5,5,목
2022-05-05,8호선,장지,11581,11502,23083,79,5,5,목
2022-05-05,8호선,복정,5475,4706,10181,769,5,5,목
2022-05-05,8호선,산성,3838,3855,7693,-17,5,5,목
2022-05-05,8호선,남한산성입구(성남법원.검찰청),8854,7939,16793,915,5,5,목
2022-05-05,8호선,단대오거리,7208,6769,13977,439,5,5,목
2022-05-05,8호선,신흥,3351,3682,7033,-331,5,5,목
2022-05-05,8호선,수진,3679,3105,6784,574,5,5,목
2022-05-05,8호선,모란,3472,2932,6404,540,5,5,목
2022-05-05,8호선,남위례,3062,3186,6248,-124,5,5,목
2022-05-05,9호선,개화,1526,1280,2806,246,5,5,목
2022-05-05,9호선,김포공항,7795,12114,19909,-4319,5,5,목
2022-05-05,9호선,공항시장,2059,2052,4111,7,5,5,목
2022-05-05,9호선,신방화,4029,3706,7735,323,5,5,목
2022-05-05,9호선,마곡나루(서울식물원),7397,7111,14508,286,5,5,목
2022-05-05,9호선,양천향교,5395,4901,10296,494,5,5,목
2022-05-05,9호선,가양,12065,11363,23428,702,5,5,목
2022-05-05,9호선,증미,3697,3398,7095,299,5,5,목
2022-05-05,9호선,등촌,6317,6003,12320,314,5,5,목
2022-05-05,9호선,염창,10461,9712,20173,749,5,5,목
2022-05-05,9호선,신목동,2200,1998,4198,202,5,5,목
2022-05-05,9호선,선유도,4193,4025,8218,168,5,5,목
2022-05-05,9호선,당산,10746,10045,20791,701,5,5,목
2022-05-05,9호선,국회의사당,3697,3744,7441,-47,5,5,목
2022-05-05,9호선,여의도,12302,11922,24224,380,5,5,목
2022-05-05,9호선,샛강,2478,2332,4810,146,5,5,목
2022-05-05,9호선,노량진,19164,18931,38095,233,5,5,목
2022-05-05,9호선,노들,3249,2849,6098,400,5,5,목
2022-05-05,9호선,흑석(중앙대입구),5512,5280,10792,232,5,5,목
2022-05-05,9호선,동작(현충원),1700,1449,3149,251,5,5,목
2022-05-05,9호선,구반포,575,574,1149,1,5,5,목
2022-05-05,9호선,신반포,2760,3076,5836,-316,5,5,목
2022-05-05,9호선,고속터미널,14246,20604,34850,-6358,5,5,목
2022-05-05,9호선,사평,1973,1810,3783,163,5,5,목
2022-05-05,9호선,신논현,19798,18479,38277,1319,5,5,목
2022-05-05,9호선2~3단계,언주,3882,3929,7811,-47,5,5,목
2022-05-05,9호선2~3단계,선정릉,3425,3830,7255,-405,5,5,목
2022-05-05,9호선2~3단계,삼성중앙,2432,2331,4763,101,5,5,목
2022-05-05,9호선2~3단계,봉은사,11026,11581,22607,-555,5,5,목
2022-05-05,9호선2~3단계,종합운동장,2983,2429,5412,554,5,5,목
2022-05-05,9호선2~3단계,삼전,4279,4023,8302,256,5,5,목
2022-05-05,9호선2~3단계,석촌고분,3774,3450,7224,324,5,5,목
2022-05-05,9호선2~3단계,석촌,5795,4820,10615,975,5,5,목
2022-05-05,9호선2~3단계,송파나루,3617,3995,7612,-378,5,5,목
2022-05-05,9호선2~3단계,한성백제,1841,1559,3400,282,5,5,목
2022-05-05,9호선2~3단계,올림픽공원(한국체대),4767,5100,9867,-333,5,5,목
2022-05-05,9호선2~3단계,둔촌오륜,555,555,1110,0,5,5,목
2022-05-05,9호선2~3단계,중앙보훈병원,4287,4020,8307,267,5,5,목
2022-05-05,경강선,판교,3419,3450,6869,-31,5,5,목
2022-05-05,경강선,이매,857,635,1492,222,5,5,목
2022-05-05,경강선,삼동,1494,1386,2880,108,5,5,목
2022-05-05,경강선,경기광주,5458,5085,10543,373,5,5,목
2022-05-05,경강선,초월,2155,1986,4141,169,5,5,목
2022-05-05,경강선,곤지암,1900,2010,3910,-110,5,5,목
2022-05-05,경강선,신둔도예촌,1171,1154,2325,17,5,5,목
2022-05-05,경강선,이천,2447,2550,4997,-103,5,5,목
2022-05-05,경강선,부발,1683,1796,3479,-113,5,5,목
2022-05-05,경강선,세종대왕릉,339,368,707,-29,5,5,목
2022-05-05,경강선,여주,2930,2973,5903,-43,5,5,목
2022-05-05,경부선,서울역,7148,2203,9351,4945,5,5,목
2022-05-05,경부선,남영,5055,5169,10224,-114,5,5,목
2022-05-05,경부선,용산,38055,41438,79493,-3383,5,5,목
2022-05-05,경부선,노량진,7965,7093,15058,872,5,5,목
2022-05-05,경부선,대방,7389,7147,14536,242,5,5,목
2022-05-05,경부선,영등포,38066,39006,77072,-940,5,5,목
2022-05-05,경부선,신도림,3004,2911,5915,93,5,5,목
2022-05-05,경부선,신길,5759,4896,10655,863,5,5,목
2022-05-05,경부선,구로,11864,11988,23852,-124,5,5,목
2022-05-05,경부선,가산디지털단지,5842,7423,13265,-1581,5,5,목
2022-05-05,경부선,금천구청,7774,7632,15406,142,5,5,목
2022-05-05,경부선,석수,6346,6086,12432,260,5,5,목
2022-05-05,경부선,관악,5545,5315,10860,230,5,5,목
2022-05-05,경부선,안양,17465,17239,34704,226,5,5,목
2022-05-05,경부선,진위,1007,937,1944,70,5,5,목
2022-05-05,경부선,송탄,4016,3835,7851,181,5,5,목
2022-05-05,경부선,서정리,5800,5643,11443,157,5,5,목
2022-05-05,경부선,평택지제,2943,2874,5817,69,5,5,목
2022-05-05,경부선,평택,12135,12254,24389,-119,5,5,목
2022-05-05,경부선,성환,3315,2814,6129,501,5,5,목
2022-05-05,경부선,직산,622,645,1267,-23,5,5,목
2022-05-05,경부선,두정,5506,5109,10615,397,5,5,목
2022-05-05,경부선,천안,6514,6509,13023,5,5,5,목
2022-05-05,경부선,당정,4073,3800,7873,273,5,5,목
2022-05-05,경부선,서동탄,969,1009,1978,-40,5,5,목
2022-05-05,경부선,광명,2481,2521,5002,-40,5,5,목
2022-05-05,경원선,이촌(국립중앙박물관),3437,2183,5620,1254,5,5,목
2022-05-05,경원선,서빙고,1768,1976,3744,-208,5,5,목
2022-05-05,경원선,한남,2752,2558,5310,194,5,5,목
2022-05-05,경원선,옥수,47,34,81,13,5,5,목
2022-05-05,경원선,응봉,1605,1443,3048,162,5,5,목
2022-05-05,경원선,왕십리(성동구청),12564,13737,26301,-1173,5,5,목
2022-05-05,경원선,청량리(서울시립대입구),16007,16355,32362,-348,5,5,목
2022-05-05,경원선,외대앞,6194,5740,11934,454,5,5,목
2022-05-05,경원선,신이문,5990,5443,11433,547,5,5,목
2022-05-05,경원선,석계,6357,6614,12971,-257,5,5,목
2022-05-05,경원선,광운대,5486,5252,10738,234,5,5,목
2022-05-05,경원선,월계,4748,4338,9086,410,5,5,목
2022-05-05,경원선,녹천,3055,2539,5594,516,5,5,목
2022-05-05,경원선,창동,2,0,2,2,5,5,목
2022-05-05,경원선,방학,7150,6826,13976,324,5,5,목
2022-05-05,경원선,도봉,4350,4018,8368,332,5,5,목
2022-05-05,경원선,도봉산,9871,7198,17069,2673,5,5,목
2022-05-05,경원선,망월사,5798,5879,11677,-81,5,5,목
2022-05-05,경원선,회룡,9441,9389,18830,52,5,5,목
2022-05-05,경원선,의정부,17297,17929,35226,-632,5,5,목
2022-05-05,경원선,가능,4799,4515,9314,284,5,5,목
2022-05-05,경원선,녹양,3351,3192,6543,159,5,5,목
2022-05-05,경원선,양주,6688,6391,13079,297,5,5,목
2022-05-05,경원선,덕계,2500,2296,4796,204,5,5,목
2022-05-05,경원선,덕정,4310,4067,8377,243,5,5,목
2022-05-05,경원선,지행,5638,5560,11198,78,5,5,목
2022-05-05,경원선,동두천중앙,2785,2828,5613,-43,5,5,목
2022-05-05,경원선,보산,1341,1281,2622,60,5,5,목
2022-05-05,경원선,동두천,1832,2402,4234,-570,5,5,목
2022-05-05,경원선,소요산,4533,3844,8377,689,5,5,목
2022-05-05,경의선,서울역,1514,1514,3028,0,5,5,목
2022-05-05,경의선,신촌,388,415,803,-27,5,5,목
2022-05-05,경의선,효창공원앞,1690,1834,3524,-144,5,5,목
2022-05-05,경의선,공덕,2124,1863,3987,261,5,5,목
2022-05-05,경의선,서강대,1591,1512,3103,79,5,5,목
2022-05-05,경의선,홍대입구,2504,3105,5609,-601,5,5,목
2022-05-05,경의선,가좌,3773,3544,7317,229,5,5,목
2022-05-05,경의선,디지털미디어시티,1874,1583,3457,291,5,5,목
2022-05-05,경의선,수색,1409,1419,2828,-10,5,5,목
2022-05-05,경의선,화전,1302,1286,2588,16,5,5,목
2022-05-05,경의선,강매,1866,1773,3639,93,5,5,목
2022-05-05,경의선,행신,5136,5282,10418,-146,5,5,목
2022-05-05,경의선,능곡,2767,2688,5455,79,5,5,목
2022-05-05,경의선,곡산,457,466,923,-9,5,5,목
2022-05-05,경의선,백마,4510,4185,8695,325,5,5,목
2022-05-05,경의선,풍산,4194,4042,8236,152,5,5,목
2022-05-05,경의선,일산,6161,5796,11957,365,5,5,목
2022-05-05,경의선,탄현,5071,4789,9860,282,5,5,목
2022-05-05,경의선,야당,6355,6427,12782,-72,5,5,목
2022-05-05,경의선,운정,4770,4391,9161,379,5,5,목
2022-05-05,경의선,금릉,3816,3799,7615,17,5,5,목
2022-05-05,경의선,금촌,5334,5183,10517,151,5,5,목
2022-05-05,경의선,월롱,1719,1714,3433,5,5,5,목
2022-05-05,경의선,파주,868,751,1619,117,5,5,목
2022-05-05,경의선,문산,4493,4606,9099,-113,5,5,목
2022-05-05,경의선,임진강,185,133,318,52,5,5,목
2022-05-05,경인선,개봉,15142,14540,29682,602,5,5,목
2022-05-05,경인선,오류동,8630,7666,16296,964,5,5,목
2022-05-05,경인선,역곡,19247,18712,37959,535,5,5,목
2022-05-05,경인선,부천,26989,27506,54495,-517,5,5,목
2022-05-05,경인선,송내,16553,16276,32829,277,5,5,목
2022-05-05,경인선,부평,27427,29687,57114,-2260,5,5,목
2022-05-05,경인선,백운,5022,4888,9910,134,5,5,목
2022-05-05,경인선,동암,11133,11298,22431,-165,5,5,목
2022-05-05,경인선,주안,15209,13192,28401,2017,5,5,목
2022-05-05,경인선,제물포,6774,6248,13022,526,5,5,목
2022-05-05,경인선,동인천,11971,12336,24307,-365,5,5,목
2022-05-05,경인선,인천,8772,7074,15846,1698,5,5,목
2022-05-05,경인선,구일,4196,4007,8203,189,5,5,목
2022-05-05,경인선,소사,6150,5787,11937,363,5,5,목
2022-05-05,경인선,부개,6070,5586,11656,484,5,5,목
2022-05-05,경인선,간석,4066,3899,7965,167,5,5,목
2022-05-05,경인선,도원,1759,1878,3637,-119,5,5,목
2022-05-05,경인선,온수(성공회대입구),4800,4335,9135,465,5,5,목
2022-05-05,경인선,중동,6253,5740,11993,513,5,5,목
2022-05-05,경인선,도화,2965,2791,5756,174,5,5,목
2022-05-05,경춘선,신내,1347,1376,2723,-29,5,5,목
2022-05-05,경춘선,갈매,2039,1753,3792,286,5,5,목
2022-05-05,경춘선,별내,2401,2301,4702,100,5,5,목
2022-05-05,경춘선,퇴계원,2691,2499,5190,192,5,5,목
2022-05-05,경춘선,사릉,1844,1828,3672,16,5,5,목
2022-05-05,경춘선,금곡,1242,1225,2467,17,5,5,목
2022-05-05,경춘선,평내호평,5089,4775,9864,314,5,5,목
2022-05-05,경춘선,천마산,1488,1482,2970,6,5,5,목
2022-05-05,경춘선,마석,3677,3639,7316,38,5,5,목
2022-05-05,경춘선,대성리,1453,1522,2975,-69,5,5,목
2022-05-05,경춘선,청평,2340,2314,4654,26,5,5,목
2022-05-05,경춘선,상천,623,567,1190,56,5,5,목
2022-05-05,경춘선,가평,2615,3063,5678,-448,5,5,목
2022-05-05,경춘선,굴봉산,386,372,758,14,5,5,목
2022-05-05,경춘선,백양리,198,222,420,-24,5,5,목
2022-05-05,경춘선,강촌,1155,989,2144,166,5,5,목
2022-05-05,경춘선,김유정,921,1040,1961,-119,5,5,목
2022-05-05,경춘선,남춘천,3401,3482,6883,-81,5,5,목
2022-05-05,경춘선,춘천,3224,2547,5771,677,5,5,목
2022-05-05,공항철도 1호선,서울역,7702,8862,16564,-1160,5,5,목
2022-05-05,공항철도 1호선,공덕,1408,1948,3356,-540,5,5,목
2022-05-05,공항철도 1호선,홍대입구,14645,14071,28716,574,5,5,목
2022-05-05,공항철도 1호선,디지털미디어시티,4787,4458,9245,329,5,5,목
2022-05-05,공항철도 1호선,마곡나루(서울식물원),3529,3822,7351,-293,5,5,목
2022-05-05,공항철도 1호선,김포공항,11355,5481,16836,5874,5,5,목
2022-05-05,공항철도 1호선,계양,7098,6524,13622,574,5,5,목
2022-05-05,공항철도 1호선,검암,4401,4377,8778,24,5,5,목
2022-05-05,공항철도 1호선,청라국제도시,4478,4196,8674,282,5,5,목
2022-05-05,공항철도 1호선,운서,6524,6796,13320,-272,5,5,목
2022-05-05,공항철도 1호선,공항화물청사,1294,1324,2618,-30,5,5,목
2022-05-05,공항철도 1호선,인천공항1터미널,6158,5650,11808,508,5,5,목
2022-05-05,공항철도 1호선,인천공항2터미널,2931,2502,5433,429,5,5,목
2022-05-05,공항철도 1호선,영종,3269,3363,6632,-94,5,5,목
2022-05-05,과천선,선바위,5191,4857,10048,334,5,5,목
2022-05-05,과천선,경마공원,1367,1270,2637,97,5,5,목
2022-05-05,과천선,대공원,19371,19565,38936,-194,5,5,목
2022-05-05,과천선,과천,4906,4255,9161,651,5,5,목
2022-05-05,과천선,정부과천청사,6571,6536,13107,35,5,5,목
2022-05-05,과천선,인덕원,15165,14783,29948,382,5,5,목
2022-05-05,과천선,평촌,8211,7789,16000,422,5,5,목
2022-05-05,과천선,범계,20006,19760,39766,246,5,5,목
2022-05-05,분당선,선릉,3421,5388,8809,-1967,5,5,목
2022-05-05,분당선,한티,8136,8131,16267,5,5,5,목
2022-05-05,분당선,도곡,3496,3226,6722,270,5,5,목
2022-05-05,분당선,구룡,1064,997,2061,67,5,5,목
2022-05-05,분당선,개포동,2265,2238,4503,27,5,5,목
2022-05-05,분당선,대모산입구,2495,2201,4696,294,5,5,목
2022-05-05,분당선,수서,8476,9543,18019,-1067,5,5,목
2022-05-05,분당선,복정,4,0,4,4,5,5,목
2022-05-05,분당선,수원,7633,6437,14070,1196,5,5,목
2022-05-05,분당선,서울숲,13774,15034,28808,-1260,5,5,목
2022-05-05,분당선,압구정로데오,14579,16812,31391,-2233,5,5,목
2022-05-05,분당선,강남구청,3998,4548,8546,-550,5,5,목
2022-05-05,분당선,선정릉,2423,2382,4805,41,5,5,목
2022-05-05,분당선,가천대,5603,5642,11245,-39,5,5,목
2022-05-05,분당선,태평,9772,8871,18643,901,5,5,목
2022-05-05,분당선,모란,14084,14589,28673,-505,5,5,목
2022-05-05,분당선,야탑,16151,16976,33127,-825,5,5,목
2022-05-05,분당선,서현,17737,17850,35587,-113,5,5,목
2022-05-05,분당선,수내,7696,7321,15017,375,5,5,목
2022-05-05,분당선,정자,9994,10183,20177,-189,5,5,목
2022-05-05,분당선,미금,9306,9530,18836,-224,5,5,목
2022-05-05,분당선,오리,7024,5691,12715,1333,5,5,목
2022-05-05,분당선,이매,3671,3613,7284,58,5,5,목
2022-05-05,분당선,보정,1447,1350,2797,97,5,5,목
2022-05-05,분당선,죽전,10012,11177,21189,-1165,5,5,목
2022-05-05,분당선,구성,3314,3363,6677,-49,5,5,목
2022-05-05,분당선,신갈,2516,2495,5011,21,5,5,목
2022-05-05,분당선,기흥,6605,6127,12732,478,5,5,목
2022-05-05,분당선,상갈,3999,3913,7912,86,5,5,목
2022-05-05,분당선,청명,2474,2354,4828,120,5,5,목
2022-05-05,분당선,영통,6346,6240,12586,106,5,5,목
2022-05-05,분당선,망포,8371,7640,16011,731,5,5,목
2022-05-05,분당선,매탄권선,3367,3174,6541,193,5,5,목
2022-05-05,분당선,수원시청,8493,8765,17258,-272,5,5,목
2022-05-05,분당선,매교,1970,2001,3971,-31,5,5,목
2022-05-05,수인선,고색,2613,2687,5300,-74,5,5,목
2022-05-05,수인선,오목천,2220,1871,4091,349,5,5,목
2022-05-05,수인선,어천,669,662,1331,7,5,5,목
2022-05-05,수인선,야목,301,274,575,27,5,5,목
2022-05-05,수인선,사리,3854,3183,7037,671,5,5,목
2022-05-05,수인선,달월,52,64,116,-12,5,5,목
2022-05-05,수인선,월곶,2409,2218,4627,191,5,5,목
2022-05-05,수인선,소래포구,7769,7601,15370,168,5,5,목
2022-05-05,수인선,인천논현,4050,4369,8419,-319,5,5,목
2022-05-05,수인선,호구포,2473,2468,4941,5,5,5,목
2022-05-05,수인선,남동인더스파크,844,884,1728,-40,5,5,목
2022-05-05,수인선,원인재,3444,3525,6969,-81,5,5,목
2022-05-05,수인선,연수,3767,3735,7502,32,5,5,목
2022-05-05,수인선,송도,2020,2063,4083,-43,5,5,목
2022-05-05,수인선,인하대,4815,4559,9374,256,5,5,목
2022-05-05,수인선,숭의,2557,2400,4957,157,5,5,목
2022-05-05,수인선,신포,1652,1542,3194,110,5,5,목
2022-05-05,수인선,인천,2144,3570,5714,-1426,5,5,목
2022-05-05,안산선,산본,12084,12796,24880,-712,5,5,목
2022-05-05,안산선,대야미,4069,3523,7592,546,5,5,목
2022-05-05,안산선,반월,3286,3068,6354,218,5,5,목
2022-05-05,안산선,상록수,11742,11513,23255,229,5,5,목
2022-05-05,안산선,한대앞,6982,6830,13812,152,5,5,목
2022-05-05,안산선,중앙,16182,16815,32997,-633,5,5,목
2022-05-05,안산선,고잔,6238,6499,12737,-261,5,5,목
2022-05-05,안산선,초지,3305,3316,6621,-11,5,5,목
2022-05-05,안산선,안산,8735,8316,17051,419,5,5,목
2022-05-05,안산선,신길온천,1629,1525,3154,104,5,5,목
2022-05-05,안산선,정왕,6313,6198,12511,115,5,5,목
2022-05-05,안산선,오이도,8895,8983,17878,-88,5,5,목
2022-05-05,안산선,수리산,3468,3562,7030,-94,5,5,목
2022-05-05,우이신설선,북한산우이,4119,4116,8235,3,5,5,목
2022-05-05,우이신설선,솔밭공원,1752,1785,3537,-33,5,5,목
2022-05-05,우이신설선,4.19민주묘지,2487,2178,4665,309,5,5,목
2022-05-05,우이신설선,가오리,2857,2646,5503,211,5,5,목
2022-05-05,우이신설선,화계,2476,2255,4731,221,5,5,목
2022-05-05,우이신설선,삼양,1442,1439,2881,3,5,5,목
2022-05-05,우이신설선,삼양사거리,1790,1767,3557,23,5,5,목
2022-05-05,우이신설선,솔샘,3864,3454,7318,410,5,5,목
2022-05-05,우이신설선,북한산보국문,4604,3875,8479,729,5,5,목
2022-05-05,우이신설선,정릉,3567,2828,6395,739,5,5,목
2022-05-05,우이신설선,성신여대입구(돈암),2711,3138,5849,-427,5,5,목
2022-05-05,우이신설선,보문,1053,1049,2102,4,5,5,목
2022-05-05,우이신설선,신설동,1462,1340,2802,122,5,5,목
2022-05-05,일산선,원흥,7089,6626,13715,463,5,5,목
2022-05-05,일산선,삼송,14684,13963,28647,721,5,5,목
2022-05-05,일산선,원당,7840,7431,15271,409,5,5,목
2022-05-05,일산선,화정,11977,12318,24295,-341,5,5,목
2022-05-05,일산선,대곡,1410,1154,2564,256,5,5,목
2022-05-05,일산선,백석,6691,6572,13263,119,5,5,목
2022-05-05,일산선,마두,4554,4470,9024,84,5,5,목
2022-05-05,일산선,정발산,7663,7840,15503,-177,5,5,목
2022-05-05,일산선,주엽,6112,5862,11974,250,5,5,목
2022-05-05,일산선,대화,7390,6658,14048,732,5,5,목
2022-05-05,장항선,봉명,606,648,1254,-42,5,5,목
2022-05-05,장항선,쌍용(나사렛대),1651,1487,3138,164,5,5,목
2022-05-05,장항선,아산,3210,3281,6491,-71,5,5,목
2022-05-05,장항선,탕정,627,590,1217,37,5,5,목
2022-05-05,장항선,배방,1056,1013,2069,43,5,5,목
2022-05-05,장항선,온양온천,3765,3769,7534,-4,5,5,목
2022-05-05,장항선,신창(순천향대),1961,1407,3368,554,5,5,목
2022-05-05,중앙선,회기,18800,17723,36523,1077,5,5,목
2022-05-05,중앙선,중랑,4397,4205,8602,192,5,5,목
2022-05-05,중앙선,상봉(시외버스터미널),4839,4818,9657,21,5,5,목
2022-05-05,중앙선,망우,6428,6146,12574,282,5,5,목
2022-05-05,중앙선,양원,1808,1733,3541,75,5,5,목
2022-05-05,중앙선,구리,10184,10523,20707,-339,5,5,목
2022-05-05,중앙선,도농,6895,6679,13574,216,5,5,목
2022-05-05,중앙선,양정,706,604,1310,102,5,5,목
2022-05-05,중앙선,덕소,4676,4743,9419,-67,5,5,목
2022-05-05,중앙선,도심,1778,1524,3302,254,5,5,목
2022-05-05,중앙선,팔당,2075,2296,4371,-221,5,5,목
2022-05-05,중앙선,운길산,1846,1780,3626,66,5,5,목
2022-05-05,중앙선,양수,2841,2747,5588,94,5,5,목
2022-05-05,중앙선,신원,392,275,667,117,5,5,목
2022-05-05,중앙선,국수,770,774,1544,-4,5,5,목
2022-05-05,중앙선,아신,722,737,1459,-15,5,5,목
2022-05-05,중앙선,오빈,363,338,701,25,5,5,목
2022-05-05,중앙선,양평,2991,3127,6118,-136,5,5,목
2022-05-05,중앙선,원덕,505,527,1032,-22,5,5,목
2022-05-05,7호선,반포,3906,3784,7690,122,5,5,목
2022-05-05,5호선,왕십리(성동구청),3447,4344,7791,-897,5,5,목
2022-05-05,5호선,마장,3547,3259,6806,288,5,5,목
2022-05-05,5호선,답십리,9307,8430,17737,877,5,5,목
2022-05-05,5호선,장한평,10288,9896,20184,392,5,5,목
2022-05-05,5호선,군자(능동),7828,8553,16381,-725,5,5,목
2022-05-05,5호선,아차산(어린이대공원후문),18147,17273,35420,874,5,5,목
2022-05-05,5호선,광나루(장신대),9413,8896,18309,517,5,5,목
2022-05-05,5호선,천호(풍납토성),16050,15393,31443,657,5,5,목
2022-05-05,5호선,강동,11120,10393,21513,727,5,5,목
2022-05-05,5호선,길동,5158,5308,10466,-150,5,5,목
2022-05-05,5호선,굽은다리(강동구민회관앞),7383,6989,14372,394,5,5,목
2022-05-05,5호선,명일,5479,5396,10875,83,5,5,목
2022-05-05,5호선,고덕,5723,5607,11330,116,5,5,목
2022-05-05,5호선,상일동,8701,7985,16686,716,5,5,목
2022-05-05,5호선,둔촌동,5219,5060,10279,159,5,5,목
2022-05-05,5호선,올림픽공원(한국체대),3164,2964,6128,200,5,5,목
2022-05-05,7호선,남성,6641,6116,12757,525,5,5,목
2022-05-05,7호선,고속터미널,12595,9784,22379,2811,5,5,목
2022-05-05,5호선,방이,3758,3713,7471,45,5,5,목
2022-05-05,5호선,오금,1797,1701,3498,96,5,5,목
2022-05-05,5호선,개롱,3669,3681,7350,-12,5,5,목
2022-05-05,5호선,거여,5718,5228,10946,490,5,5,목
2022-05-05,5호선,마천,4436,4477,8913,-41,5,5,목
2022-05-05,5호선,강일,2974,2639,5613,335,5,5,목
2022-05-05,5호선,미사,11905,11816,23721,89,5,5,목
2022-05-05,5호선,하남풍산,2711,2572,5283,139,5,5,목
2022-05-05,5호선,하남시청(덕풍·신장),5140,4795,9935,345,5,5,목
2022-05-05,5호선,하남검단산,6248,6206,12454,42,5,5,목
2022-05-05,6호선,응암,11713,11913,23626,-200,5,5,목
2022-05-05,6호선,역촌,2406,2694,5100,-288,5,5,목
2022-05-05,6호선,불광,3794,3583,7377,211,5,5,목
2022-05-05,6호선,독바위,1900,2150,4050,-250,5,5,목
2022-05-05,6호선,구산,4792,3379,8171,1413,5,5,목
2022-05-05,6호선,새절(신사),8326,7498,15824,828,5,5,목
2022-05-05,6호선,증산(명지대앞),7271,7077,14348,194,5,5,목
2022-05-05,6호선,디지털미디어시티,6602,6826,13428,-224,5,5,목
2022-05-05,6호선,월드컵경기장(성산),6311,6538,12849,-227,5,5,목
2022-05-05,6호선,마포구청,8365,7147,15512,1218,5,5,목
2022-05-05,6호선,망원,13532,15058,28590,-1526,5,5,목
2022-05-05,6호선,합정,12459,11481,23940,978,5,5,목
2022-05-05,6호선,상수,8227,9170,17397,-943,5,5,목
2022-05-05,6호선,광흥창(서강),4543,4085,8628,458,5,5,목
2022-05-05,6호선,대흥(서강대앞),4862,4752,9614,110,5,5,목
2022-05-05,6호선,공덕,8566,7937,16503,629,5,5,목
2022-05-05,6호선,효창공원앞,4257,3733,7990,524,5,5,목
2022-05-05,6호선,삼각지,5509,4253,9762,1256,5,5,목
2022-05-05,6호선,녹사평(용산구청),5578,5768,11346,-190,5,5,목
2022-05-05,6호선,이태원,14204,13903,28107,301,5,5,목
2022-05-05,6호선,한강진,7471,9246,16717,-1775,5,5,목
2022-05-05,6호선,버티고개,1279,1347,2626,-68,5,5,목
2022-05-05,6호선,약수,2066,2114,4180,-48,5,5,목
2022-05-05,6호선,청구,2452,2432,4884,20,5,5,목
2022-05-05,6호선,신당,6919,6461,13380,458,5,5,목
2022-05-05,6호선,동묘앞,7883,7969,15852,-86,5,5,목
2022-05-05,6호선,창신,1905,1724,3629,181,5,5,목
2022-05-05,6호선,보문,4905,4349,9254,556,5,5,목
2022-05-05,6호선,안암(고대병원앞),7534,6808,14342,726,5,5,목
2022-05-05,6호선,고려대(종암),5213,5135,10348,78,5,5,목
2022-05-05,5호선,마곡,4796,4991,9787,-195,5,5,목
2022-05-05,5호선,발산,11472,12397,23869,-925,5,5,목
2022-05-05,5호선,우장산,8737,8458,17195,279,5,5,목
2022-05-05,5호선,화곡,18349,16826,35175,1523,5,5,목
2022-05-05,5호선,까치산,19475,17977,37452,1498,5,5,목
2022-05-05,5호선,신정(은행정),8433,7163,15596,1270,5,5,목
2022-05-05,5호선,목동,9462,9540,19002,-78,5,5,목
2022-05-05,5호선,오목교(목동운동장앞),14215,15311,29526,-1096,5,5,목
2022-05-05,5호선,양평,3284,3029,6313,255,5,5,목
2022-05-05,5호선,영등포구청,1795,1663,3458,132,5,5,목
2022-05-05,5호선,영등포시장,6225,6386,12611,-161,5,5,목
2022-05-05,5호선,신길,2486,2561,5047,-75,5,5,목
2022-05-05,5호선,여의도,11403,11672,23075,-269,5,5,목
2022-05-05,5호선,여의나루,34396,37409,71805,-3013,5,5,목
2022-05-05,5호선,마포,6286,6308,12594,-22,5,5,목
2022-05-05,5호선,공덕,5755,5866,11621,-111,5,5,목
2022-05-05,5호선,애오개,2983,2840,5823,143,5,5,목
2022-05-06,경부선,구로,18154,18761,36915,-607,5,6,금
2022-05-06,3호선,옥수,9023,9046,18069,-23,5,6,금
2022-05-06,3호선,압구정,32674,35285,67959,-2611,5,6,금
2022-05-06,3호선,신사,31340,33748,65088,-2408,5,6,금
2022-05-06,3호선,잠원,4845,4588,9433,257,5,6,금
2022-05-06,3호선,고속터미널,55473,59848,115321,-4375,5,6,금
2022-05-06,3호선,교대(법원.검찰청),13634,8478,22112,5156,5,6,금
2022-05-06,3호선,남부터미널(예술의전당),29588,30498,60086,-910,5,6,금
2022-05-06,3호선,양재(서초구청),33827,36777,70604,-2950,5,6,금
2022-05-06,3호선,매봉,11331,10987,22318,344,5,6,금
2022-05-06,3호선,도곡,4691,4856,9547,-165,5,6,금
2022-05-06,3호선,대치,10624,10360,20984,264,5,6,금
2022-05-06,3호선,학여울,1578,1640,3218,-62,5,6,금
2022-05-06,3호선,대청,9456,8472,17928,984,5,6,금
2022-05-06,3호선,일원,9686,8984,18670,702,5,6,금
2022-05-06,3호선,수서,16843,17393,34236,-550,5,6,금
2022-05-06,3호선,가락시장,8296,8202,16498,94,5,6,금
2022-05-06,3호선,경찰병원,6621,6367,12988,254,5,6,금
2022-05-06,3호선,오금,5786,5265,11051,521,5,6,금
2022-05-06,4호선,당고개,9494,8357,17851,1137,5,6,금
2022-05-06,4호선,상계,19274,17577,36851,1697,5,6,금
2022-05-06,4호선,노원,20927,24387,45314,-3460,5,6,금
2022-05-06,4호선,창동,26773,28274,55047,-1501,5,6,금
2022-05-06,4호선,쌍문,30169,26897,57066,3272,5,6,금
2022-05-06,4호선,수유(강북구청),35452,35656,71108,-204,5,6,금
2022-05-06,4호선,미아(서울사이버대학),15212,14462,29674,750,5,6,금
2022-05-06,4호선,미아사거리,28430,27281,55711,1149,5,6,금
2022-05-06,4호선,길음,21635,20342,41977,1293,5,6,금
2022-05-06,4호선,성신여대입구(돈암),22434,21187,43621,1247,5,6,금
2022-05-06,4호선,한성대입구(삼선교),14975,14444,29419,531,5,6,금
2022-05-06,4호선,혜화,37616,37524,75140,92,5,6,금
2022-05-06,4호선,동대문,23274,22997,46271,277,5,6,금
2022-05-06,4호선,동대문역사문화공원(DDP),16672,14312,30984,2360,5,6,금
2022-05-06,4호선,충무로,27099,29136,56235,-2037,5,6,금
2022-05-06,4호선,명동,23050,24389,47439,-1339,5,6,금
2022-05-06,4호선,회현(남대문시장),27159,28307,55466,-1148,5,6,금
2022-05-06,4호선,서울역,10566,20249,30815,-9683,5,6,금
2022-05-06,4호선,숙대입구(갈월),13546,13157,26703,389,5,6,금
2022-05-06,4호선,삼각지,5108,6004,11112,-896,5,6,금
2022-05-06,4호선,신용산,16150,17906,34056,-1756,5,6,금
2022-05-06,4호선,이촌(국립중앙박물관),10490,11447,21937,-957,5,6,금
2022-05-06,4호선,동작(현충원),1751,1884,3635,-133,5,6,금
2022-05-06,4호선,총신대입구(이수),19022,20744,39766,-1722,5,6,금
2022-05-06,4호선,사당,27143,22819,49962,4324,5,6,금
2022-05-06,4호선,남태령,1457,1052,2509,405,5,6,금
2022-05-06,5호선,방화,6683,6201,12884,482,5,6,금
2022-05-06,5호선,개화산,5538,5163,10701,375,5,6,금
2022-05-06,5호선,김포공항,8768,8883,17651,-115,5,6,금
2022-05-06,5호선,송정,6720,6344,13064,376,5,6,금
2022-05-06,5호선,마곡,9905,10002,19907,-97,5,6,금
2022-05-06,5호선,발산,19328,20472,39800,-1144,5,6,금
2022-05-06,5호선,우장산,14387,13887,28274,500,5,6,금
2022-05-06,5호선,화곡,28930,26182,55112,2748,5,6,금
2022-05-06,5호선,까치산,28938,26963,55901,1975,5,6,금
2022-05-06,5호선,신정(은행정),13501,10684,24185,2817,5,6,금
2022-05-06,5호선,목동,16676,17320,33996,-644,5,6,금
2022-05-06,5호선,오목교(목동운동장앞),22183,24039,46222,-1856,5,6,금
2022-05-06,5호선,양평,6661,6148,12809,513,5,6,금
2022-05-06,5호선,영등포구청,3791,3747,7538,44,5,6,금
2022-05-06,5호선,영등포시장,10302,10414,20716,-112,5,6,금
2022-05-06,5호선,신길,4037,3932,7969,105,5,6,금
2022-05-06,5호선,여의도,26948,29465,56413,-2517,5,6,금
2022-05-06,5호선,여의나루,28835,30364,59199,-1529,5,6,금
2022-05-06,5호선,마포,13428,13849,27277,-421,5,6,금
2022-05-06,5호선,공덕,12539,13174,25713,-635,5,6,금
2022-05-06,5호선,애오개,6199,6148,12347,51,5,6,금
2022-05-06,5호선,충정로(경기대입구),4236,4256,8492,-20,5,6,금
2022-05-06,5호선,서대문,17217,17031,34248,186,5,6,금
2022-05-06,5호선,광화문(세종문화회관),29835,31731,61566,-1896,5,6,금
2022-05-06,5호선,종로3가,15852,15563,31415,289,5,6,금
2022-05-06,5호선,을지로4가,6094,6556,12650,-462,5,6,금
2022-05-06,5호선,동대문역사문화공원(DDP),2284,2814,5098,-530,5,6,금
2022-05-06,5호선,청구,4034,3534,7568,500,5,6,금
2022-05-06,5호선,신금호,6159,6253,12412,-94,5,6,금
2022-05-06,5호선,행당,7629,6570,14199,1059,5,6,금
2022-05-06,5호선,왕십리(성동구청),4539,5583,10122,-1044,5,6,금
2022-05-06,5호선,마장,5637,5163,10800,474,5,6,금
2022-05-06,5호선,답십리,15538,13959,29497,1579,5,6,금
2022-05-06,5호선,장한평,17832,17255,35087,577,5,6,금
2022-05-06,5호선,군자(능동),11331,12208,23539,-877,5,6,금
2022-05-06,5호선,아차산(어린이대공원후문),16405,15781,32186,624,5,6,금
2022-05-06,5호선,광나루(장신대),13307,11922,25229,1385,5,6,금
2022-05-06,5호선,천호(풍납토성),20085,19983,40068,102,5,6,금
2022-05-06,5호선,강동,17473,16124,33597,1349,5,6,금
2022-05-06,5호선,길동,8354,8627,16981,-273,5,6,금
2022-05-06,5호선,굽은다리(강동구민회관앞),10239,9599,19838,640,5,6,금
2022-05-06,5호선,명일,8598,8825,17423,-227,5,6,금
2022-05-06,5호선,고덕,9596,9588,19184,8,5,6,금
2022-05-06,5호선,상일동,14225,12913,27138,1312,5,6,금
2022-05-06,5호선,둔촌동,8355,8312,16667,43,5,6,금
2022-05-06,5호선,올림픽공원(한국체대),4571,3938,8509,633,5,6,금
2022-05-06,5호선,방이,6428,6553,12981,-125,5,6,금
2022-05-06,5호선,오금,3370,3337,6707,33,5,6,금
2022-05-06,5호선,개롱,6139,6254,12393,-115,5,6,금
2022-05-06,5호선,거여,9700,9151,18851,549,5,6,금
2022-05-06,5호선,마천,7027,6595,13622,432,5,6,금
2022-05-06,5호선,강일,4273,3865,8138,408,5,6,금
2022-05-06,5호선,미사,16328,16037,32365,291,5,6,금
2022-05-06,5호선,하남풍산,4082,3994,8076,88,5,6,금
2022-05-06,5호선,하남시청(덕풍·신장),7205,6723,13928,482,5,6,금
2022-05-06,5호선,하남검단산,6430,6122,12552,308,5,6,금
2022-05-06,6호선,응암,17852,17097,34949,755,5,6,금
2022-05-06,6호선,역촌,3710,4170,7880,-460,5,6,금
2022-05-06,6호선,불광,4652,4521,9173,131,5,6,금
2022-05-06,6호선,독바위,2616,2655,5271,-39,5,6,금
2022-05-06,6호선,연신내,1,0,1,1,5,6,금
2022-05-06,6호선,구산,7564,5516,13080,2048,5,6,금
2022-05-06,6호선,새절(신사),12911,11735,24646,1176,5,6,금
2022-05-06,6호선,증산(명지대앞),10201,9806,20007,395,5,6,금
2022-05-06,6호선,디지털미디어시티,12832,13486,26318,-654,5,6,금
2022-05-06,6호선,월드컵경기장(성산),5179,5574,10753,-395,5,6,금
2022-05-06,6호선,마포구청,13961,11959,25920,2002,5,6,금
2022-05-06,6호선,망원,15219,16614,31833,-1395,5,6,금
2022-05-06,6호선,합정,14497,14594,29091,-97,5,6,금
2022-05-06,6호선,상수,10556,12526,23082,-1970,5,6,금
2022-05-06,6호선,광흥창(서강),8658,7936,16594,722,5,6,금
2022-05-06,6호선,대흥(서강대앞),8206,8184,16390,22,5,6,금
2022-05-06,6호선,공덕,16901,16287,33188,614,5,6,금
2022-05-06,6호선,효창공원앞,7195,6304,13499,891,5,6,금
2022-05-06,6호선,삼각지,6965,5766,12731,1199,5,6,금
2022-05-06,6호선,녹사평(용산구청),5672,6320,11992,-648,5,6,금
2022-05-06,6호선,이태원,12890,17106,29996,-4216,5,6,금
2022-05-06,6호선,한강진,8659,10506,19165,-1847,5,6,금
2022-05-06,6호선,버티고개,2167,2069,4236,98,5,6,금
2022-05-06,6호선,청구,3764,3833,7597,-69,5,6,금
2022-05-06,6호선,신당,8357,7905,16262,452,5,6,금
2022-05-06,6호선,동묘앞,8647,8427,17074,220,5,6,금
2022-05-06,6호선,창신,3337,2626,5963,711,5,6,금
2022-05-06,6호선,보문,7502,6559,14061,943,5,6,금
2022-05-06,6호선,안암(고대병원앞),12962,12011,24973,951,5,6,금
2022-05-06,6호선,고려대(종암),8826,8214,17040,612,5,6,금
2022-05-06,6호선,월곡(동덕여대),11991,11377,23368,614,5,6,금
2022-05-06,6호선,상월곡(한국과학기술연구원),6387,5593,11980,794,5,6,금
2022-05-06,6호선,돌곶이,9146,8205,17351,941,5,6,금
2022-05-06,6호선,석계,12290,12660,24950,-370,5,6,금
2022-05-06,6호선,태릉입구,5842,6471,12313,-629,5,6,금
2022-05-06,6호선,화랑대(서울여대입구),11137,8478,19615,2659,5,6,금
2022-05-06,6호선,봉화산(서울의료원),8593,7946,16539,647,5,6,금
2022-05-06,7호선,장암,2257,956,3213,1301,5,6,금
2022-05-06,7호선,도봉산,9215,10772,19987,-1557,5,6,금
2022-05-06,7호선,수락산,12800,12322,25122,478,5,6,금
2022-05-06,7호선,마들,12864,11736,24600,1128,5,6,금
2022-05-06,장항선,아산,4197,4481,8678,-284,5,6,금
2022-05-06,장항선,탕정,928,769,1697,159,5,6,금
2022-05-06,장항선,배방,1417,1364,2781,53,5,6,금
2022-05-06,장항선,온양온천,4366,4671,9037,-305,5,6,금
2022-05-06,장항선,신창(순천향대),3086,2154,5240,932,5,6,금
2022-05-06,중앙선,회기,27481,25394,52875,2087,5,6,금
2022-05-06,중앙선,중랑,6015,5535,11550,480,5,6,금
2022-05-06,중앙선,상봉(시외버스터미널),6277,6230,12507,47,5,6,금
2022-05-06,중앙선,망우,8528,8162,16690,366,5,6,금
2022-05-06,중앙선,양원,2909,2517,5426,392,5,6,금
2022-05-06,중앙선,구리,14243,14721,28964,-478,5,6,금
2022-05-06,중앙선,도농,10723,9747,20470,976,5,6,금
2022-05-06,중앙선,양정,740,615,1355,125,5,6,금
2022-05-06,중앙선,덕소,6034,6045,12079,-11,5,6,금
2022-05-06,중앙선,도심,2473,1955,4428,518,5,6,금
2022-05-06,중앙선,팔당,1242,1369,2611,-127,5,6,금
2022-05-06,중앙선,운길산,1117,1060,2177,57,5,6,금
2022-05-06,중앙선,양수,2481,2530,5011,-49,5,6,금
2022-05-06,중앙선,신원,304,239,543,65,5,6,금
2022-05-06,중앙선,국수,811,789,1600,22,5,6,금
2022-05-06,중앙선,아신,701,704,1405,-3,5,6,금
2022-05-06,중앙선,오빈,379,382,761,-3,5,6,금
2022-05-06,중앙선,양평,3250,3544,6794,-294,5,6,금
2022-05-06,중앙선,원덕,450,464,914,-14,5,6,금
2022-05-06,중앙선,용문,2223,2615,4838,-392,5,6,금
2022-05-06,중앙선,지평,87,95,182,-8,5,6,금
2022-05-06,7호선,노원,21883,23759,45642,-1876,5,6,금
2022-05-06,경원선,도봉,6097,5743,11840,354,5,6,금
2022-05-06,경원선,도봉산,8363,5745,14108,2618,5,6,금
2022-05-06,경원선,망월사,8684,8509,17193,175,5,6,금
2022-05-06,경원선,회룡,13211,13118,26329,93,5,6,금
2022-05-06,경원선,의정부,21358,22926,44284,-1568,5,6,금
2022-05-06,경원선,가능,6891,6565,13456,326,5,6,금
2022-05-06,경원선,녹양,4903,4618,9521,285,5,6,금
2022-05-06,경원선,양주,8626,8054,16680,572,5,6,금
2022-05-06,경원선,덕계,3507,3138,6645,369,5,6,금
2022-05-06,경원선,덕정,6024,5563,11587,461,5,6,금
2022-05-06,경원선,지행,7594,7583,15177,11,5,6,금
2022-05-06,경원선,동두천중앙,3376,3292,6668,84,5,6,금
2022-05-06,경원선,보산,2097,1717,3814,380,5,6,금
2022-05-06,경원선,동두천,2550,2937,5487,-387,5,6,금
2022-05-06,경원선,소요산,3243,2831,6074,412,5,6,금
2022-05-06,경의선,서울역,4241,5880,10121,-1639,5,6,금
2022-05-06,경의선,신촌,995,1275,2270,-280,5,6,금
2022-05-06,경의선,효창공원앞,2958,3301,6259,-343,5,6,금
2022-05-06,경의선,공덕,3340,3025,6365,315,5,6,금
2022-05-06,경의선,서강대,2519,2332,4851,187,5,6,금
2022-05-06,경의선,홍대입구,2521,3310,5831,-789,5,6,금
2022-05-06,경의선,가좌,5673,5416,11089,257,5,6,금
2022-05-06,경의선,디지털미디어시티,2652,2450,5102,202,5,6,금
2022-05-06,경의선,수색,2672,2678,5350,-6,5,6,금
2022-05-06,경의선,화전,2999,2691,5690,308,5,6,금
2022-05-06,경의선,강매,3232,2742,5974,490,5,6,금
2022-05-06,경의선,행신,8251,8404,16655,-153,5,6,금
2022-05-06,경의선,능곡,3939,3726,7665,213,5,6,금
2022-05-06,경의선,곡산,646,654,1300,-8,5,6,금
2022-05-06,경의선,백마,7231,6816,14047,415,5,6,금
2022-05-06,경의선,풍산,5990,5620,11610,370,5,6,금
2022-05-06,경의선,일산,9652,9405,19057,247,5,6,금
2022-05-06,경의선,탄현,8144,7712,15856,432,5,6,금
2022-05-06,경의선,야당,8639,8832,17471,-193,5,6,금
2022-05-06,경의선,운정,7423,6767,14190,656,5,6,금
2022-05-06,경의선,금릉,5594,5356,10950,238,5,6,금
2022-05-06,경의선,금촌,7780,7528,15308,252,5,6,금
2022-05-06,경의선,월롱,2742,2272,5014,470,5,6,금
2022-05-06,경의선,파주,1326,1003,2329,323,5,6,금
2022-05-06,경의선,문산,5994,5762,11756,232,5,6,금
2022-05-06,경의선,임진강,15,30,45,-15,5,6,금
2022-05-06,경인선,개봉,22021,21204,43225,817,5,6,금
2022-05-06,경인선,오류동,12157,10915,23072,1242,5,6,금
2022-05-06,경인선,역곡,30006,29153,59159,853,5,6,금
2022-05-06,경인선,부천,36021,36592,72613,-571,5,6,금
2022-05-06,경인선,송내,27945,27720,55665,225,5,6,금
2022-05-06,경인선,부평,33300,37683,70983,-4383,5,6,금
2022-05-06,경인선,백운,7412,7128,14540,284,5,6,금
2022-05-06,경인선,동암,15266,15438,30704,-172,5,6,금
2022-05-06,경인선,주안,21695,19340,41035,2355,5,6,금
2022-05-06,경인선,제물포,11092,10425,21517,667,5,6,금
2022-05-06,경인선,동인천,15127,14736,29863,391,5,6,금
2022-05-06,경인선,인천,5291,4193,9484,1098,5,6,금
2022-05-06,경인선,구일,9189,9181,18370,8,5,6,금
2022-05-06,경인선,소사,9531,8780,18311,751,5,6,금
2022-05-06,경인선,부개,8917,8174,17091,743,5,6,금
2022-05-06,경인선,간석,6254,5841,12095,413,5,6,금
2022-05-06,경인선,도원,3058,3054,6112,4,5,6,금
2022-05-06,경인선,온수(성공회대입구),7362,6859,14221,503,5,6,금
2022-05-06,경인선,중동,9640,8729,18369,911,5,6,금
2022-05-06,경인선,도화,4398,3939,8337,459,5,6,금
2022-05-06,경춘선,신내,2182,1986,4168,196,5,6,금
2022-05-06,경춘선,갈매,2996,2597,5593,399,5,6,금
2022-05-06,경춘선,별내,3413,3204,6617,209,5,6,금
2022-05-06,경춘선,퇴계원,3697,3446,7143,251,5,6,금
2022-05-06,경춘선,사릉,2627,2635,5262,-8,5,6,금
2022-05-06,경춘선,금곡,1610,1513,3123,97,5,6,금
2022-05-06,경춘선,평내호평,7059,6997,14056,62,5,6,금
2022-05-06,경춘선,천마산,1855,1650,3505,205,5,6,금
2022-05-06,경춘선,마석,4473,4427,8900,46,5,6,금
2022-05-06,경춘선,대성리,1391,2595,3986,-1204,5,6,금
2022-05-06,경춘선,청평,2127,2309,4436,-182,5,6,금
2022-05-06,경춘선,상천,344,368,712,-24,5,6,금
2022-05-06,경춘선,가평,2600,2666,5266,-66,5,6,금
2022-05-06,경춘선,굴봉산,243,215,458,28,5,6,금
2022-05-06,경춘선,백양리,125,133,258,-8,5,6,금
2022-05-06,경춘선,강촌,616,769,1385,-153,5,6,금
2022-05-06,경춘선,김유정,519,631,1150,-112,5,6,금
2022-05-06,경춘선,남춘천,4306,3868,8174,438,5,6,금
2022-05-06,경춘선,춘천,2711,2157,4868,554,5,6,금
2022-05-06,공항철도 1호선,서울역,9752,10099,19851,-347,5,6,금
2022-05-06,공항철도 1호선,공덕,2210,2982,5192,-772,5,6,금
2022-05-06,공항철도 1호선,홍대입구,14443,14153,28596,290,5,6,금
2022-05-06,공항철도 1호선,디지털미디어시티,12418,11225,23643,1193,5,6,금
2022-05-06,공항철도 1호선,마곡나루(서울식물원),7235,7113,14348,122,5,6,금
2022-05-06,공항철도 1호선,김포공항,13105,6883,19988,6222,5,6,금
2022-05-06,공항철도 1호선,계양,10764,9917,20681,847,5,6,금
2022-05-06,공항철도 1호선,검암,6896,6914,13810,-18,5,6,금
2022-05-06,공항철도 1호선,청라국제도시,7432,6983,14415,449,5,6,금
2022-05-06,공항철도 1호선,운서,7722,7453,15175,269,5,6,금
2022-05-06,공항철도 1호선,공항화물청사,2210,2357,4567,-147,5,6,금
2022-05-06,공항철도 1호선,인천공항1터미널,6156,6129,12285,27,5,6,금
2022-05-06,공항철도 1호선,인천공항2터미널,2905,2806,5711,99,5,6,금
2022-05-06,공항철도 1호선,영종,3760,3758,7518,2,5,6,금
2022-05-06,과천선,선바위,8301,7370,15671,931,5,6,금
2022-05-06,과천선,경마공원,7637,7824,15461,-187,5,6,금
2022-05-06,과천선,대공원,12660,12760,25420,-100,5,6,금
2022-05-06,과천선,과천,6751,5926,12677,825,5,6,금
2022-05-06,과천선,정부과천청사,10081,9904,19985,177,5,6,금
2022-05-06,과천선,인덕원,24240,24195,48435,45,5,6,금
2022-05-06,과천선,평촌,15676,15231,30907,445,5,6,금
2022-05-06,과천선,범계,28321,29073,57394,-752,5,6,금
2022-05-06,분당선,선릉,11441,17668,29109,-6227,5,6,금
2022-05-06,분당선,한티,14534,15138,29672,-604,5,6,금
2022-05-06,분당선,도곡,6700,6265,12965,435,5,6,금
2022-05-06,분당선,구룡,2005,1835,3840,170,5,6,금
2022-05-06,분당선,개포동,3846,3905,7751,-59,5,6,금
2022-05-06,분당선,대모산입구,4420,4058,8478,362,5,6,금
2022-05-06,분당선,수서,13636,14480,28116,-844,5,6,금
2022-05-06,분당선,수원,9461,8175,17636,1286,5,6,금
2022-05-06,분당선,서울숲,13791,14159,27950,-368,5,6,금
2022-05-06,분당선,압구정로데오,20394,24034,44428,-3640,5,6,금
2022-05-06,분당선,강남구청,9498,10746,20244,-1248,5,6,금
2022-05-06,분당선,선정릉,6746,7248,13994,-502,5,6,금
2022-05-06,분당선,가천대,11601,11547,23148,54,5,6,금
2022-05-06,분당선,태평,14081,13300,27381,781,5,6,금
2022-05-06,분당선,모란,20672,21291,41963,-619,5,6,금
2022-05-06,분당선,야탑,26252,27769,54021,-1517,5,6,금
2022-05-06,분당선,서현,27015,27364,54379,-349,5,6,금
2022-05-06,분당선,수내,13022,12630,25652,392,5,6,금
2022-05-06,분당선,정자,16867,17640,34507,-773,5,6,금
2022-05-06,분당선,미금,15754,16957,32711,-1203,5,6,금
2022-05-06,분당선,오리,11523,9316,20839,2207,5,6,금
2022-05-06,분당선,이매,5829,5343,11172,486,5,6,금
2022-05-06,분당선,보정,2632,2323,4955,309,5,6,금
2022-05-06,분당선,죽전,14763,16082,30845,-1319,5,6,금
2022-05-06,분당선,구성,5001,5181,10182,-180,5,6,금
2022-05-06,분당선,신갈,4498,4428,8926,70,5,6,금
2022-05-06,분당선,기흥,9947,9491,19438,456,5,6,금
2022-05-06,분당선,상갈,5682,5365,11047,317,5,6,금
2022-05-06,분당선,청명,4083,3949,8032,134,5,6,금
2022-05-06,분당선,영통,9126,9125,18251,1,5,6,금
2022-05-06,분당선,망포,14358,13010,27368,1348,5,6,금
2022-05-06,분당선,매탄권선,5251,4885,10136,366,5,6,금
2022-05-06,분당선,수원시청,13430,15151,28581,-1721,5,6,금
2022-05-06,분당선,매교,2857,2893,5750,-36,5,6,금
2022-05-06,수인선,고색,4662,4371,9033,291,5,6,금
2022-05-06,수인선,오목천,3894,3307,7201,587,5,6,금
2022-05-06,수인선,어천,910,828,1738,82,5,6,금
2022-05-06,수인선,야목,451,358,809,93,5,6,금
2022-05-06,수인선,사리,5428,4753,10181,675,5,6,금
2022-05-06,수인선,달월,126,92,218,34,5,6,금
2022-05-06,수인선,월곶,2840,2593,5433,247,5,6,금
2022-05-06,수인선,소래포구,6261,6068,12329,193,5,6,금
2022-05-06,수인선,인천논현,5811,6260,12071,-449,5,6,금
2022-05-06,수인선,호구포,4111,4068,8179,43,5,6,금
2022-05-06,수인선,남동인더스파크,1916,2117,4033,-201,5,6,금
2022-05-06,수인선,원인재,4570,4861,9431,-291,5,6,금
2022-05-06,수인선,연수,5132,5147,10279,-15,5,6,금
2022-05-06,수인선,송도,2750,2595,5345,155,5,6,금
2022-05-06,수인선,인하대,7417,6887,14304,530,5,6,금
2022-05-06,수인선,숭의,4115,3690,7805,425,5,6,금
2022-05-06,수인선,신포,2003,2018,4021,-15,5,6,금
2022-05-06,수인선,인천,1553,2307,3860,-754,5,6,금
2022-05-06,안산선,산본,17598,19039,36637,-1441,5,6,금
2022-05-06,안산선,대야미,5351,4601,9952,750,5,6,금
2022-05-06,안산선,반월,4596,4343,8939,253,5,6,금
2022-05-06,안산선,상록수,16800,16577,33377,223,5,6,금
2022-05-06,안산선,한대앞,11001,10574,21575,427,5,6,금
2022-05-06,안산선,중앙,21342,23385,44727,-2043,5,6,금
2022-05-06,안산선,고잔,9538,9328,18866,210,5,6,금
2022-05-06,안산선,초지,5073,5223,10296,-150,5,6,금
2022-05-06,안산선,안산,12143,11438,23581,705,5,6,금
2022-05-06,안산선,신길온천,1936,1786,3722,150,5,6,금
2022-05-06,안산선,정왕,10850,10198,21048,652,5,6,금
2022-05-06,안산선,오이도,9788,10047,19835,-259,5,6,금
2022-05-06,안산선,수리산,4383,3688,8071,695,5,6,금
2022-05-06,우이신설선,북한산우이,3412,3200,6612,212,5,6,금
2022-05-06,우이신설선,솔밭공원,2536,2403,4939,133,5,6,금
2022-05-06,우이신설선,4.19민주묘지,3840,3510,7350,330,5,6,금
2022-05-06,우이신설선,가오리,4307,4075,8382,232,5,6,금
2022-05-06,우이신설선,화계,3532,3298,6830,234,5,6,금
2022-05-06,우이신설선,삼양,2042,2073,4115,-31,5,6,금
2022-05-06,우이신설선,삼양사거리,2592,2498,5090,94,5,6,금
2022-05-06,우이신설선,솔샘,5789,5146,10935,643,5,6,금
2022-05-06,우이신설선,북한산보국문,6369,5684,12053,685,5,6,금
2022-05-06,우이신설선,정릉,4869,4157,9026,712,5,6,금
2022-05-06,우이신설선,성신여대입구(돈암),3488,4073,7561,-585,5,6,금
2022-05-06,우이신설선,보문,1579,1555,3134,24,5,6,금
2022-05-06,우이신설선,신설동,2239,2119,4358,120,5,6,금
2022-05-06,일산선,원흥,11158,10313,21471,845,5,6,금
2022-05-06,일산선,삼송,20498,19573,40071,925,5,6,금
2022-05-06,일산선,원당,11832,10904,22736,928,5,6,금
2022-05-06,일산선,화정,18346,18704,37050,-358,5,6,금
2022-05-06,일산선,대곡,2214,1751,3965,463,5,6,금
2022-05-06,일산선,백석,10547,9188,19735,1359,5,6,금
2022-05-06,일산선,마두,7814,7801,15615,13,5,6,금
2022-05-06,일산선,정발산,9156,9739,18895,-583,5,6,금
2022-05-06,일산선,주엽,9911,9827,19738,84,5,6,금
2022-05-06,일산선,대화,13924,12261,26185,1663,5,6,금
2022-05-06,7호선,중계,14373,12555,26928,1818,5,6,금
2022-05-06,7호선,하계,18545,16946,35491,1599,5,6,금
2022-05-06,7호선,공릉(서울과학기술대),12972,12425,25397,547,5,6,금
2022-05-06,장항선,쌍용(나사렛대),2855,2506,5361,349,5,6,금
2022-05-06,장항선,봉명,1274,1134,2408,140,5,6,금
2022-05-06,7호선,태릉입구,9060,8405,17465,655,5,6,금
2022-05-06,7호선,먹골,10335,9864,20199,471,5,6,금
2022-05-06,7호선,중화,10814,10328,21142,486,5,6,금
2022-05-06,7호선,상봉(시외버스터미널),17384,16665,34049,719,5,6,금
2022-05-06,7호선,면목,16367,15397,31764,970,5,6,금
2022-05-06,7호선,사가정,16298,16315,32613,-17,5,6,금
2022-05-06,7호선,용마산(용마폭포공원),6046,5701,11747,345,5,6,금
2022-05-06,7호선,중곡,10547,9631,20178,916,5,6,금
2022-05-06,7호선,군자(능동),14626,11379,26005,3247,5,6,금
2022-05-06,7호선,어린이대공원(세종대),15943,15507,31450,436,5,6,금
2022-05-06,7호선,건대입구,14104,15813,29917,-1709,5,6,금
2022-05-06,7호선,뚝섬유원지,18429,17106,35535,1323,5,6,금
2022-05-06,7호선,청담,17459,19565,37024,-2106,5,6,금
2022-05-06,7호선,강남구청,14746,16403,31149,-1657,5,6,금
2022-05-06,7호선,학동,20140,21521,41661,-1381,5,6,금
2022-05-06,7호선,논현,18790,20918,39708,-2128,5,6,금
2022-05-06,7호선,반포,6018,5831,11849,187,5,6,금
2022-05-06,7호선,고속터미널,19146,15054,34200,4092,5,6,금
2022-05-06,7호선,내방,13731,13880,27611,-149,5,6,금
2022-05-06,7호선,이수,15702,15378,31080,324,5,6,금
2022-05-06,7호선,남성,11011,9828,20839,1183,5,6,금
2022-05-06,7호선,숭실대입구(살피재),13891,13484,27375,407,5,6,금
2022-05-06,7호선,상도,11202,10493,21695,709,5,6,금
2022-05-06,7호선,장승배기,8780,8281,17061,499,5,6,금
2022-05-06,7호선,신대방삼거리,16283,15017,31300,1266,5,6,금
2022-05-06,7호선,보라매,9097,8689,17786,408,5,6,금
2022-05-06,7호선,신풍,11005,10353,21358,652,5,6,금
2022-05-06,7호선,대림(구로구청),8040,8229,16269,-189,5,6,금
2022-05-06,7호선,남구로,13562,14152,27714,-590,5,6,금
2022-05-06,7호선,가산디지털단지,36084,35425,71509,659,5,6,금
2022-05-06,7호선,철산,20908,21461,42369,-553,5,6,금
2022-05-06,7호선,광명사거리,21868,21691,43559,177,5,6,금
2022-05-06,7호선,천왕,10659,9819,20478,840,5,6,금
2022-05-06,7호선,온수(성공회대입구),10011,9388,19399,623,5,6,금
2022-05-06,8호선,암사,17895,15708,33603,2187,5,6,금
2022-05-06,8호선,천호(풍납토성),14800,17657,32457,-2857,5,6,금
2022-05-06,8호선,강동구청,10190,10144,20334,46,5,6,금
2022-05-06,8호선,몽촌토성(평화의문),5922,5860,11782,62,5,6,금
2022-05-06,8호선,잠실(송파구청),15891,20512,36403,-4621,5,6,금
2022-05-06,8호선,석촌,7697,9043,16740,-1346,5,6,금
2022-05-06,8호선,송파,7987,7544,15531,443,5,6,금
2022-05-06,8호선,가락시장,7307,8315,15622,-1008,5,6,금
2022-05-06,8호선,문정,16571,17201,33772,-630,5,6,금
2022-05-06,8호선,장지,16536,15968,32504,568,5,6,금
2022-05-06,8호선,복정,9265,8021,17286,1244,5,6,금
2022-05-06,8호선,산성,5269,5134,10403,135,5,6,금
2022-05-06,8호선,남한산성입구(성남법원.검찰청),14962,13184,28146,1778,5,6,금
2022-05-06,8호선,단대오거리,11537,10506,22043,1031,5,6,금
2022-05-06,8호선,신흥,4503,4845,9348,-342,5,6,금
2022-05-06,8호선,수진,5312,4704,10016,608,5,6,금
2022-05-06,8호선,모란,4725,3908,8633,817,5,6,금
2022-05-06,8호선,남위례,4894,5018,9912,-124,5,6,금
2022-05-06,9호선,개화,2419,1766,4185,653,5,6,금
2022-05-06,9호선,김포공항,8402,13432,21834,-5030,5,6,금
2022-05-06,9호선,공항시장,2942,3012,5954,-70,5,6,금
2022-05-06,9호선,신방화,6702,6164,12866,538,5,6,금
2022-05-06,9호선,마곡나루(서울식물원),11582,11232,22814,350,5,6,금
2022-05-06,9호선,양천향교,9407,9182,18589,225,5,6,금
2022-05-06,9호선,가양,20314,19217,39531,1097,5,6,금
2022-05-06,9호선,증미,7277,6732,14009,545,5,6,금
2022-05-06,9호선,등촌,10889,10369,21258,520,5,6,금
2022-05-06,9호선,염창,17017,15879,32896,1138,5,6,금
2022-05-06,9호선,신목동,4226,3596,7822,630,5,6,금
2022-05-06,9호선,선유도,7520,6846,14366,674,5,6,금
2022-05-06,9호선,당산,17809,17137,34946,672,5,6,금
2022-05-06,9호선,국회의사당,13971,13904,27875,67,5,6,금
2022-05-06,9호선,여의도,27167,26135,53302,1032,5,6,금
2022-05-06,9호선,샛강,5444,5487,10931,-43,5,6,금
2022-05-06,9호선,노량진,26746,25777,52523,969,5,6,금
2022-05-06,9호선,노들,4605,3676,8281,929,5,6,금
2022-05-06,9호선,흑석(중앙대입구),9300,9235,18535,65,5,6,금
2022-05-06,9호선,동작(현충원),2025,1729,3754,296,5,6,금
2022-05-06,9호선,구반포,1206,1228,2434,-22,5,6,금
2022-05-06,9호선,신반포,4043,4182,8225,-139,5,6,금
2022-05-06,9호선,고속터미널,16847,23636,40483,-6789,5,6,금
2022-05-06,9호선,사평,3482,3164,6646,318,5,6,금
2022-05-06,9호선,신논현,33243,33638,66881,-395,5,6,금
2022-05-06,9호선2~3단계,언주,9108,9139,18247,-31,5,6,금
2022-05-06,9호선2~3단계,선정릉,8374,9147,17521,-773,5,6,금
2022-05-06,9호선2~3단계,삼성중앙,6062,6346,12408,-284,5,6,금
2022-05-06,9호선2~3단계,봉은사,16180,16652,32832,-472,5,6,금
2022-05-06,9호선2~3단계,종합운동장,4857,4867,9724,-10,5,6,금
2022-05-06,9호선2~3단계,삼전,6767,6271,13038,496,5,6,금
2022-05-06,9호선2~3단계,석촌고분,6040,5557,11597,483,5,6,금
2022-05-06,9호선2~3단계,석촌,8763,7369,16132,1394,5,6,금
2022-05-06,9호선2~3단계,송파나루,5172,5492,10664,-320,5,6,금
2022-05-06,9호선2~3단계,한성백제,2626,2198,4824,428,5,6,금
2022-05-06,9호선2~3단계,올림픽공원(한국체대),6786,6944,13730,-158,5,6,금
2022-05-06,9호선2~3단계,둔촌오륜,972,883,1855,89,5,6,금
2022-05-06,9호선2~3단계,중앙보훈병원,9318,8278,17596,1040,5,6,금
2022-05-06,경강선,판교,4959,4845,9804,114,5,6,금
2022-05-06,경강선,이매,1138,896,2034,242,5,6,금
2022-05-06,경강선,삼동,2389,2193,4582,196,5,6,금
2022-05-06,경강선,경기광주,8086,7507,15593,579,5,6,금
2022-05-06,경강선,초월,3533,3196,6729,337,5,6,금
2022-05-06,경강선,곤지암,2485,2508,4993,-23,5,6,금
2022-05-06,경강선,신둔도예촌,1799,1619,3418,180,5,6,금
2022-05-06,경강선,이천,3264,3549,6813,-285,5,6,금
2022-05-06,경강선,부발,2808,2446,5254,362,5,6,금
2022-05-06,경강선,세종대왕릉,436,445,881,-9,5,6,금
2022-05-06,경강선,여주,2768,3255,6023,-487,5,6,금
2022-05-06,경부선,서울역,8787,2901,11688,5886,5,6,금
2022-05-06,경부선,남영,8910,9410,18320,-500,5,6,금
2022-05-06,경부선,용산,43528,48128,91656,-4600,5,6,금
2022-05-06,경부선,노량진,9457,9063,18520,394,5,6,금
2022-05-06,경부선,대방,12724,12626,25350,98,5,6,금
2022-05-06,경부선,영등포,44613,46652,91265,-2039,5,6,금
2022-05-06,경부선,신도림,4033,4177,8210,-144,5,6,금
2022-05-06,경부선,신길,8855,7514,16369,1341,5,6,금
2022-05-06,3호선,금호,7844,7088,14932,756,5,6,금
2022-05-06,경부선,가산디지털단지,14773,17562,32335,-2789,5,6,금
2022-05-06,경부선,금천구청,12073,11875,23948,198,5,6,금
2022-05-06,경부선,석수,9463,8314,17777,1149,5,6,금
2022-05-06,경부선,관악,7435,6997,14432,438,5,6,금
2022-05-06,경부선,안양,26968,26866,53834,102,5,6,금
2022-05-06,경부선,명학,8604,8295,16899,309,5,6,금
2022-05-06,경부선,금정,25707,26079,51786,-372,5,6,금
2022-05-06,경부선,군포,7219,6997,14216,222,5,6,금
2022-05-06,경부선,의왕,9163,8855,18018,308,5,6,금
2022-05-06,경부선,성균관대,15833,14908,30741,925,5,6,금
2022-05-06,경부선,화서,7956,7443,15399,513,5,6,금
2022-05-06,경부선,수원,44315,48166,92481,-3851,5,6,금
2022-05-06,경부선,독산,16925,16862,33787,63,5,6,금
2022-05-06,경부선,세류,3207,2970,6177,237,5,6,금
2022-05-06,경부선,병점,16547,16274,32821,273,5,6,금
2022-05-06,경부선,세마,3106,2812,5918,294,5,6,금
2022-05-06,경부선,오산대,3890,3721,7611,169,5,6,금
2022-05-06,경부선,오산,11221,10915,22136,306,5,6,금
2022-05-06,경부선,진위,1575,1451,3026,124,5,6,금
2022-05-06,경부선,송탄,5393,4800,10193,593,5,6,금
2022-05-06,경부선,서정리,8409,7053,15462,1356,5,6,금
2022-05-06,경부선,평택지제,4024,3861,7885,163,5,6,금
2022-05-06,경부선,평택,15773,15726,31499,47,5,6,금
2022-05-06,경부선,성환,4902,4337,9239,565,5,6,금
2022-05-06,경부선,직산,980,916,1896,64,5,6,금
2022-05-06,경부선,두정,8148,7618,15766,530,5,6,금
2022-05-06,경부선,천안,7427,7415,14842,12,5,6,금
2022-05-06,경부선,당정,6191,5735,11926,456,5,6,금
2022-05-06,경부선,서동탄,1402,1335,2737,67,5,6,금
2022-05-06,경부선,광명,3525,3459,6984,66,5,6,금
2022-05-06,경원선,이촌(국립중앙박물관),4172,2965,7137,1207,5,6,금
2022-05-06,경원선,서빙고,2252,2159,4411,93,5,6,금
2022-05-06,경원선,한남,4086,3997,8083,89,5,6,금
2022-05-06,경원선,옥수,55,40,95,15,5,6,금
2022-05-06,경원선,응봉,2001,1669,3670,332,5,6,금
2022-05-06,경원선,왕십리(성동구청),16424,17782,34206,-1358,5,6,금
2022-05-06,경원선,청량리(서울시립대입구),19130,20034,39164,-904,5,6,금
2022-05-06,경원선,외대앞,9259,8797,18056,462,5,6,금
2022-05-06,경원선,신이문,8561,7648,16209,913,5,6,금
2022-05-06,경원선,석계,8536,9444,17980,-908,5,6,금
2022-05-06,경원선,광운대,8917,8406,17323,511,5,6,금
2022-05-06,경원선,월계,7960,7298,15258,662,5,6,금
2022-05-06,경원선,녹천,4508,3745,8253,763,5,6,금
2022-05-06,경원선,창동,1,0,1,1,5,6,금
2022-05-06,경원선,방학,10060,9822,19882,238,5,6,금
2022-05-06,6호선,약수,3558,3597,7155,-39,5,6,금
2022-05-06,1호선,서울역,46752,49960,96712,-3208,5,6,금
2022-05-06,1호선,시청,22315,22286,44601,29,5,6,금
2022-05-06,1호선,종각,34085,32666,66751,1419,5,6,금
2022-05-06,1호선,종로3가,28097,25720,53817,2377,5,6,금
2022-05-06,1호선,종로5가,24716,24499,49215,217,5,6,금
2022-05-06,1호선,동대문,12405,11325,23730,1080,5,6,금
2022-05-06,1호선,신설동,14106,13425,27531,681,5,6,금
2022-05-06,1호선,제기동,17293,17737,35030,-444,5,6,금
2022-05-06,1호선,청량리(서울시립대입구),21493,21508,43001,-15,5,6,금
2022-05-06,1호선,동묘앞,8728,9074,17802,-346,5,6,금
2022-05-06,2호선,시청,22416,21209,43625,1207,5,6,금
2022-05-06,2호선,을지로입구,39067,40072,79139,-1005,5,6,금
2022-05-06,2호선,을지로3가,22243,23426,45669,-1183,5,6,금
2022-05-06,2호선,을지로4가,12915,13229,26144,-314,5,6,금
2022-05-06,2호선,동대문역사문화공원(DDP),14499,15783,30282,-1284,5,6,금
2022-05-06,2호선,신당,14548,14998,29546,-450,5,6,금
2022-05-06,2호선,상왕십리,14142,13258,27400,884,5,6,금
2022-05-06,2호선,왕십리(성동구청),18101,14636,32737,3465,5,6,금
2022-05-06,2호선,한양대,12046,12860,24906,-814,5,6,금
2022-05-06,2호선,뚝섬,23055,24445,47500,-1390,5,6,금
2022-05-06,2호선,성수,35492,40258,75750,-4766,5,6,금
2022-05-06,2호선,건대입구,42387,45998,88385,-3611,5,6,금
2022-05-06,2호선,구의(광진구청),22985,22040,45025,945,5,6,금
2022-05-06,2호선,강변(동서울터미널),36890,36905,73795,-15,5,6,금
2022-05-06,2호선,잠실나루,14434,13809,28243,625,5,6,금
2022-05-06,2호선,잠실(송파구청),97288,95576,192864,1712,5,6,금
2022-05-06,2호선,잠실새내,22581,23194,45775,-613,5,6,금
2022-05-06,2호선,종합운동장,14390,15188,29578,-798,5,6,금
2022-05-06,2호선,삼성(무역센터),45660,46462,92122,-802,5,6,금
2022-05-06,2호선,선릉,49472,43978,93450,5494,5,6,금
2022-05-06,2호선,역삼,41579,46863,88442,-5284,5,6,금
2022-05-06,2호선,강남,83589,86126,169715,-2537,5,6,금
2022-05-06,2호선,교대(법원.검찰청),31938,36185,68123,-4247,5,6,금
2022-05-06,2호선,서초,18810,17430,36240,1380,5,6,금
2022-05-06,2호선,방배,17637,18077,35714,-440,5,6,금
2022-05-06,2호선,사당,37182,43002,80184,-5820,5,6,금
2022-05-06,2호선,낙성대(강감찬),27020,24514,51534,2506,5,6,금
2022-05-06,2호선,서울대입구(관악구청),49193,46803,95996,2390,5,6,금
2022-05-06,2호선,봉천,22945,20509,43454,2436,5,6,금
2022-05-06,2호선,신림,64454,61364,125818,3090,5,6,금
2022-05-06,2호선,신대방,26737,25008,51745,1729,5,6,금
2022-05-06,2호선,구로디지털단지,54011,52957,106968,1054,5,6,금
2022-05-06,2호선,대림(구로구청),23616,23726,47342,-110,5,6,금
2022-05-06,2호선,신도림,48204,49032,97236,-828,5,6,금
2022-05-06,2호선,문래,20325,20902,41227,-577,5,6,금
2022-05-06,2호선,영등포구청,20845,21634,42479,-789,5,6,금
2022-05-06,2호선,당산,18943,21408,40351,-2465,5,6,금
2022-05-06,2호선,합정,34151,38546,72697,-4395,5,6,금
2022-05-06,2호선,홍대입구,75514,83336,158850,-7822,5,6,금
2022-05-06,2호선,신촌,37960,37765,75725,195,5,6,금
2022-05-06,2호선,이대,14878,15238,30116,-360,5,6,금
2022-05-06,2호선,아현,10705,9858,20563,847,5,6,금
2022-05-06,2호선,충정로(경기대입구),9137,9684,18821,-547,5,6,금
2022-05-06,2호선,용답,3123,3109,6232,14,5,6,금
2022-05-06,2호선,신답,1717,1758,3475,-41,5,6,금
2022-05-06,2호선,신설동,3648,3483,7131,165,5,6,금
2022-05-06,2호선,도림천,1307,1334,2641,-27,5,6,금
2022-05-06,2호선,양천구청,6722,6711,13433,11,5,6,금
2022-05-06,2호선,신정네거리,10461,10659,21120,-198,5,6,금
2022-05-06,2호선,용두(동대문구청),2451,2428,4879,23,5,6,금
2022-05-06,3호선,지축,4950,4511,9461,439,5,6,금
2022-05-06,3호선,구파발,21029,20656,41685,373,5,6,금
2022-05-06,3호선,연신내,37468,35484,72952,1984,5,6,금
2022-05-06,3호선,불광,16359,17478,33837,-1119,5,6,금
2022-05-06,3호선,녹번,15284,13175,28459,2109,5,6,금
2022-05-06,3호선,홍제,18259,16904,35163,1355,5,6,금
2022-05-06,3호선,무악재,3836,3764,7600,72,5,6,금
2022-05-06,3호선,독립문,8047,8385,16432,-338,5,6,금
2022-05-06,3호선,경복궁(정부서울청사),25983,26782,52765,-799,5,6,금
2022-05-06,3호선,안국,23743,25477,49220,-1734,5,6,금
2022-05-06,3호선,종로3가,10641,13347,23988,-2706,5,6,금
2022-05-06,3호선,을지로3가,10409,11160,21569,-751,5,6,금
2022-05-06,3호선,충무로,2,0,2,2,5,6,금
2022-05-06,3호선,동대입구,8299,9232,17531,-933,5,6,금
2022-05-06,3호선,약수,12546,12302,24848,244,5,6,금
2022-05-07,2호선,신대방,20645,18916,39561,1729,5,7,토
2022-05-07,1호선,종로3가,22356,20529,42885,1827,5,7,토
2022-05-07,1호선,종로5가,18447,18694,37141,-247,5,7,토
2022-05-07,1호선,서울역,37322,37087,74409,235,5,7,토
2022-05-07,1호선,시청,13259,13092,26351,167,5,7,토
2022-05-07,1호선,종각,19990,18946,38936,1044,5,7,토
2022-05-07,1호선,동대문,10668,10409,21077,259,5,7,토
2022-05-07,1호선,신설동,9699,9026,18725,673,5,7,토
2022-05-07,1호선,제기동,14485,14791,29276,-306,5,7,토
2022-05-07,1호선,청량리(서울시립대입구),18539,18491,37030,48,5,7,토
2022-05-07,1호선,동묘앞,11443,11870,23313,-427,5,7,토
2022-05-07,2호선,시청,9888,8260,18148,1628,5,7,토
2022-05-07,2호선,을지로입구,22403,22251,44654,152,5,7,토
2022-05-07,2호선,을지로3가,11631,11975,23606,-344,5,7,토
2022-05-07,2호선,을지로4가,7292,7530,14822,-238,5,7,토
2022-05-07,2호선,동대문역사문화공원(DDP),10865,12416,23281,-1551,5,7,토
2022-05-07,2호선,신당,11038,11820,22858,-782,5,7,토
2022-05-07,2호선,상왕십리,9779,9010,18789,769,5,7,토
2022-05-07,2호선,왕십리(성동구청),13375,11525,24900,1850,5,7,토
2022-05-07,2호선,한양대,5002,5131,10133,-129,5,7,토
2022-05-07,2호선,뚝섬,15353,15790,31143,-437,5,7,토
2022-05-07,2호선,성수,19939,23264,43203,-3325,5,7,토
2022-05-07,2호선,건대입구,37014,39982,76996,-2968,5,7,토
2022-05-07,2호선,구의(광진구청),16247,15020,31267,1227,5,7,토
2022-05-07,2호선,강변(동서울터미널),28928,30839,59767,-1911,5,7,토
2022-05-07,2호선,잠실나루,7754,7515,15269,239,5,7,토
2022-05-07,2호선,잠실(송파구청),68485,65849,134334,2636,5,7,토
2022-05-07,2호선,잠실새내,17046,17276,34322,-230,5,7,토
2022-05-07,2호선,종합운동장,9987,10817,20804,-830,5,7,토
2022-05-07,2호선,삼성(무역센터),28175,27943,56118,232,5,7,토
2022-05-07,2호선,선릉,22728,19809,42537,2919,5,7,토
2022-05-07,2호선,역삼,16674,18103,34777,-1429,5,7,토
2022-05-07,2호선,강남,57070,58990,116060,-1920,5,7,토
2022-05-07,2호선,교대(법원.검찰청),16653,18776,35429,-2123,5,7,토
2022-05-07,2호선,서초,10722,8914,19636,1808,5,7,토
2022-05-07,2호선,방배,9807,9770,19577,37,5,7,토
2022-05-07,2호선,사당,29462,33549,63011,-4087,5,7,토
2022-05-07,2호선,낙성대(강감찬),20670,18609,39279,2061,5,7,토
2022-05-07,2호선,서울대입구(관악구청),36785,34517,71302,2268,5,7,토
2022-05-07,2호선,봉천,16664,14695,31359,1969,5,7,토
2022-05-07,2호선,신림,50317,46971,97288,3346,5,7,토
2022-05-07,2호선,구로디지털단지,32793,31876,64669,917,5,7,토
2022-05-07,2호선,대림(구로구청),18147,19180,37327,-1033,5,7,토
2022-05-07,2호선,신도림,37903,38690,76593,-787,5,7,토
2022-05-07,2호선,문래,12198,12961,25159,-763,5,7,토
2022-05-07,2호선,영등포구청,11804,12269,24073,-465,5,7,토
2022-05-07,2호선,당산,12528,13376,25904,-848,5,7,토
2022-05-07,2호선,합정,27383,31237,58620,-3854,5,7,토
2022-05-07,2호선,홍대입구,67876,76048,143924,-8172,5,7,토
2022-05-07,2호선,신촌,30657,30367,61024,290,5,7,토
2022-05-07,2호선,이대,10383,10373,20756,10,5,7,토
2022-05-07,2호선,아현,7471,6886,14357,585,5,7,토
2022-05-07,2호선,충정로(경기대입구),5358,5670,11028,-312,5,7,토
2022-05-07,2호선,용답,2412,2077,4489,335,5,7,토
2022-05-07,2호선,신답,1144,1093,2237,51,5,7,토
2022-05-07,2호선,신설동,3397,3328,6725,69,5,7,토
2022-05-07,2호선,도림천,722,746,1468,-24,5,7,토
2022-05-07,2호선,양천구청,4629,4479,9108,150,5,7,토
2022-05-07,2호선,신정네거리,7664,7597,15261,67,5,7,토
2022-05-07,2호선,용두(동대문구청),1653,1654,3307,-1,5,7,토
2022-05-07,3호선,지축,3424,3118,6542,306,5,7,토
2022-05-07,3호선,구파발,16036,16292,32328,-256,5,7,토
2022-05-07,3호선,연신내,29514,27789,57303,1725,5,7,토
2022-05-07,3호선,불광,12715,14312,27027,-1597,5,7,토
2022-05-07,3호선,녹번,10509,9063,19572,1446,5,7,토
2022-05-07,3호선,홍제,13517,12571,26088,946,5,7,토
2022-05-07,3호선,무악재,2693,2779,5472,-86,5,7,토
2022-05-07,3호선,독립문,6244,6702,12946,-458,5,7,토
2022-05-07,3호선,경복궁(정부서울청사),20163,19714,39877,449,5,7,토
2022-05-07,3호선,안국,18655,19956,38611,-1301,5,7,토
2022-05-07,3호선,종로3가,5894,8632,14526,-2738,5,7,토
2022-05-07,3호선,을지로3가,5388,5785,11173,-397,5,7,토
2022-05-07,3호선,충무로,3,0,3,3,5,7,토
2022-05-07,3호선,동대입구,6272,7135,13407,-863,5,7,토
2022-05-07,3호선,약수,9090,8398,17488,692,5,7,토
2022-05-07,3호선,금호,5961,5303,11264,658,5,7,토
2022-05-07,3호선,옥수,6986,7131,14117,-145,5,7,토
2022-05-07,3호선,압구정,23482,25017,48499,-1535,5,7,토
2022-05-07,3호선,신사,24718,26107,50825,-1389,5,7,토
2022-05-07,3호선,잠원,3491,3144,6635,347,5,7,토
2022-05-07,3호선,고속터미널,55663,58892,114555,-3229,5,7,토
2022-05-07,3호선,교대(법원.검찰청),7016,4281,11297,2735,5,7,토
2022-05-07,3호선,남부터미널(예술의전당),20771,21840,42611,-1069,5,7,토
2022-05-07,3호선,양재(서초구청),19869,21929,41798,-2060,5,7,토
2022-05-07,3호선,매봉,6186,6043,12229,143,5,7,토
2022-05-07,3호선,도곡,3240,3279,6519,-39,5,7,토
2022-05-07,3호선,대치,9268,8434,17702,834,5,7,토
2022-05-07,3호선,학여울,2671,2852,5523,-181,5,7,토
2022-05-07,3호선,대청,5819,5178,10997,641,5,7,토
2022-05-07,3호선,일원,5061,4913,9974,148,5,7,토
2022-05-07,3호선,수서,13435,13522,26957,-87,5,7,토
2022-05-07,3호선,가락시장,5794,5566,11360,228,5,7,토
2022-05-07,3호선,경찰병원,3797,3705,7502,92,5,7,토
2022-05-07,3호선,오금,3720,3580,7300,140,5,7,토
2022-05-07,4호선,당고개,7586,7077,14663,509,5,7,토
2022-05-07,4호선,상계,15151,13948,29099,1203,5,7,토
2022-05-07,4호선,노원,16472,18853,35325,-2381,5,7,토
2022-05-07,4호선,창동,20263,21510,41773,-1247,5,7,토
2022-05-07,4호선,쌍문,22151,19860,42011,2291,5,7,토
2022-05-07,4호선,수유(강북구청),27160,26903,54063,257,5,7,토
2022-05-07,4호선,미아(서울사이버대학),11153,10337,21490,816,5,7,토
2022-05-07,4호선,미아사거리,22771,21707,44478,1064,5,7,토
2022-05-07,4호선,길음,14903,13859,28762,1044,5,7,토
2022-05-07,4호선,성신여대입구(돈암),17030,15850,32880,1180,5,7,토
2022-05-07,4호선,한성대입구(삼선교),11487,11128,22615,359,5,7,토
2022-05-07,4호선,혜화,29111,29893,59004,-782,5,7,토
2022-05-07,4호선,동대문,13781,13881,27662,-100,5,7,토
2022-05-07,4호선,동대문역사문화공원(DDP),11901,10301,22202,1600,5,7,토
2022-05-07,4호선,충무로,13022,14025,27047,-1003,5,7,토
2022-05-07,4호선,명동,15399,17104,32503,-1705,5,7,토
2022-05-07,4호선,회현(남대문시장),19144,19896,39040,-752,5,7,토
2022-05-07,4호선,서울역,5887,15318,21205,-9431,5,7,토
2022-05-07,4호선,숙대입구(갈월),9709,9560,19269,149,5,7,토
2022-05-07,4호선,삼각지,3536,4706,8242,-1170,5,7,토
2022-05-07,4호선,신용산,11887,12935,24822,-1048,5,7,토
2022-05-07,4호선,이촌(국립중앙박물관),9366,10257,19623,-891,5,7,토
2022-05-07,4호선,동작(현충원),1633,1832,3465,-199,5,7,토
2022-05-07,4호선,총신대입구(이수),14216,15701,29917,-1485,5,7,토
2022-05-07,4호선,사당,21579,18722,40301,2857,5,7,토
2022-05-07,4호선,남태령,1391,839,2230,552,5,7,토
2022-05-07,5호선,방화,4947,4732,9679,215,5,7,토
2022-05-07,5호선,개화산,3818,3552,7370,266,5,7,토
2022-05-07,5호선,김포공항,7775,8216,15991,-441,5,7,토
2022-05-07,5호선,송정,5261,4820,10081,441,5,7,토
2022-05-07,5호선,마곡,5480,5501,10981,-21,5,7,토
2022-05-07,5호선,발산,14014,15018,29032,-1004,5,7,토
2022-05-07,5호선,우장산,9766,9579,19345,187,5,7,토
2022-05-07,5호선,화곡,20772,18656,39428,2116,5,7,토
2022-05-07,5호선,까치산,21370,19753,41123,1617,5,7,토
2022-05-07,5호선,신정(은행정),9087,7684,16771,1403,5,7,토
2022-05-07,5호선,목동,11161,11338,22499,-177,5,7,토
2022-05-07,5호선,오목교(목동운동장앞),15964,16926,32890,-962,5,7,토
2022-05-07,5호선,양평,3572,3287,6859,285,5,7,토
2022-05-07,5호선,영등포구청,1992,1866,3858,126,5,7,토
2022-05-07,5호선,영등포시장,7667,7906,15573,-239,5,7,토
2022-05-07,5호선,신길,2580,2547,5127,33,5,7,토
2022-05-07,5호선,여의도,11659,12407,24066,-748,5,7,토
2022-05-07,5호선,여의나루,23027,24963,47990,-1936,5,7,토
2022-05-07,5호선,마포,7444,7574,15018,-130,5,7,토
2022-05-07,5호선,공덕,6768,6934,13702,-166,5,7,토
2022-05-07,5호선,애오개,3589,3481,7070,108,5,7,토
2022-05-07,5호선,충정로(경기대입구),1885,1720,3605,165,5,7,토
2022-05-07,5호선,서대문,7258,6984,14242,274,5,7,토
2022-05-07,5호선,광화문(세종문화회관),17041,17825,34866,-784,5,7,토
2022-05-07,5호선,종로3가,12728,12967,25695,-239,5,7,토
2022-05-07,5호선,을지로4가,3258,3707,6965,-449,5,7,토
2022-05-07,5호선,동대문역사문화공원(DDP),980,1224,2204,-244,5,7,토
2022-05-07,5호선,청구,2532,2279,4811,253,5,7,토
2022-05-07,5호선,신금호,4068,4237,8305,-169,5,7,토
2022-05-07,5호선,행당,5411,4673,10084,738,5,7,토
2022-05-07,5호선,왕십리(성동구청),3374,4133,7507,-759,5,7,토
2022-05-07,5호선,마장,3837,3583,7420,254,5,7,토
2022-05-07,5호선,답십리,10137,9064,19201,1073,5,7,토
2022-05-07,5호선,장한평,10841,10433,21274,408,5,7,토
2022-05-07,5호선,군자(능동),8115,9040,17155,-925,5,7,토
2022-05-07,5호선,아차산(어린이대공원후문),13480,13114,26594,366,5,7,토
2022-05-07,5호선,광나루(장신대),10466,9736,20202,730,5,7,토
2022-05-07,5호선,천호(풍납토성),17225,16440,33665,785,5,7,토
2022-05-07,5호선,강동,12439,11527,23966,912,5,7,토
2022-05-07,5호선,길동,5940,5961,11901,-21,5,7,토
2022-05-07,5호선,굽은다리(강동구민회관앞),7764,7265,15029,499,5,7,토
2022-05-07,5호선,명일,6131,5954,12085,177,5,7,토
2022-05-07,5호선,고덕,6626,6369,12995,257,5,7,토
2022-05-07,5호선,상일동,9309,8353,17662,956,5,7,토
2022-05-07,5호선,둔촌동,6120,5982,12102,138,5,7,토
2022-05-07,5호선,올림픽공원(한국체대),3204,2783,5987,421,5,7,토
2022-05-07,5호선,방이,5096,5046,10142,50,5,7,토
2022-05-07,5호선,오금,2195,2014,4209,181,5,7,토
2022-05-07,5호선,개롱,4081,4205,8286,-124,5,7,토
2022-05-07,5호선,거여,6372,6051,12423,321,5,7,토
2022-05-07,5호선,마천,4876,4916,9792,-40,5,7,토
2022-05-07,5호선,강일,3333,2965,6298,368,5,7,토
2022-05-07,5호선,미사,12294,12238,24532,56,5,7,토
2022-05-07,5호선,하남풍산,2830,2803,5633,27,5,7,토
2022-05-07,5호선,하남시청(덕풍·신장),5593,5387,10980,206,5,7,토
2022-05-07,5호선,하남검단산,5516,5437,10953,79,5,7,토
2022-05-07,6호선,응암,13153,12703,25856,450,5,7,토
2022-05-07,6호선,역촌,2534,2851,5385,-317,5,7,토
2022-05-07,6호선,불광,3856,3548,7404,308,5,7,토
2022-05-07,6호선,독바위,2109,2239,4348,-130,5,7,토
2022-05-07,6호선,연신내,1,0,1,1,5,7,토
2022-05-07,6호선,구산,5531,4052,9583,1479,5,7,토
2022-05-07,6호선,새절(신사),9017,8470,17487,547,5,7,토
2022-05-07,6호선,증산(명지대앞),7623,7192,14815,431,5,7,토
2022-05-07,6호선,디지털미디어시티,7544,7566,15110,-22,5,7,토
2022-05-07,6호선,월드컵경기장(성산),4748,5064,9812,-316,5,7,토
2022-05-07,6호선,마포구청,9423,7952,17375,1471,5,7,토
2022-05-07,6호선,망원,12914,14232,27146,-1318,5,7,토
2022-05-07,6호선,합정,12347,11847,24194,500,5,7,토
2022-05-07,6호선,상수,8378,10274,18652,-1896,5,7,토
2022-05-07,6호선,광흥창(서강),5201,4698,9899,503,5,7,토
2022-05-07,6호선,대흥(서강대앞),5446,5414,10860,32,5,7,토
2022-05-07,6호선,공덕,9827,9070,18897,757,5,7,토
2022-05-07,6호선,효창공원앞,4614,4049,8663,565,5,7,토
2022-05-07,6호선,삼각지,5592,4070,9662,1522,5,7,토
2022-05-07,6호선,녹사평(용산구청),5313,5978,11291,-665,5,7,토
2022-05-07,6호선,이태원,14475,19446,33921,-4971,5,7,토
2022-05-07,6호선,한강진,7659,9997,17656,-2338,5,7,토
2022-05-07,6호선,버티고개,1430,1482,2912,-52,5,7,토
2022-05-07,6호선,약수,2452,2508,4960,-56,5,7,토
2022-05-07,6호선,청구,2309,2325,4634,-16,5,7,토
2022-05-07,6호선,신당,6441,5765,12206,676,5,7,토
2022-05-07,6호선,동묘앞,7685,7314,14999,371,5,7,토
2022-05-07,6호선,창신,2098,1744,3842,354,5,7,토
2022-05-07,6호선,보문,5398,4604,10002,794,5,7,토
2022-05-07,6호선,안암(고대병원앞),7208,6480,13688,728,5,7,토
2022-05-07,6호선,고려대(종암),5600,5270,10870,330,5,7,토
2022-05-07,6호선,월곡(동덕여대),7586,7061,14647,525,5,7,토
2022-05-07,6호선,상월곡(한국과학기술연구원),4212,3580,7792,632,5,7,토
2022-05-07,6호선,돌곶이,6253,5701,11954,552,5,7,토
2022-05-07,6호선,석계,8992,8914,17906,78,5,7,토
2022-05-07,6호선,태릉입구,4583,4997,9580,-414,5,7,토
2022-05-07,6호선,화랑대(서울여대입구),7293,5797,13090,1496,5,7,토
2022-05-07,6호선,봉화산(서울의료원),5567,5506,11073,61,5,7,토
2022-05-07,7호선,장암,1659,1082,2741,577,5,7,토
2022-05-07,7호선,도봉산,6856,9023,15879,-2167,5,7,토
2022-05-07,7호선,수락산,10288,9836,20124,452,5,7,토
2022-05-07,7호선,마들,8855,8140,16995,715,5,7,토
2022-05-07,7호선,노원,16331,17305,33636,-974,5,7,토
2022-05-07,7호선,중계,9738,8705,18443,1033,5,7,토
2022-05-07,7호선,하계,13356,12232,25588,1124,5,7,토
2022-05-07,7호선,공릉(서울과학기술대),9385,8928,18313,457,5,7,토
2022-05-07,7호선,태릉입구,7178,6729,13907,449,5,7,토
2022-05-07,7호선,먹골,8052,7527,15579,525,5,7,토
2022-05-07,7호선,중화,8449,7780,16229,669,5,7,토
2022-05-07,7호선,상봉(시외버스터미널),13673,12931,26604,742,5,7,토
2022-05-07,7호선,면목,11245,10591,21836,654,5,7,토
2022-05-07,7호선,사가정,12340,12019,24359,321,5,7,토
2022-05-07,7호선,용마산(용마폭포공원),4984,4934,9918,50,5,7,토
2022-05-07,7호선,중곡,7191,6509,13700,682,5,7,토
2022-05-07,7호선,군자(능동),11046,8192,19238,2854,5,7,토
2022-05-07,7호선,어린이대공원(세종대),11251,10903,22154,348,5,7,토
2022-05-07,7호선,건대입구,11188,12094,23282,-906,5,7,토
2022-05-07,7호선,뚝섬유원지,16006,15419,31425,587,5,7,토
2022-05-07,7호선,청담,11009,11706,22715,-697,5,7,토
2022-05-07,7호선,강남구청,9950,10895,20845,-945,5,7,토
2022-05-07,7호선,학동,10719,11291,22010,-572,5,7,토
2022-05-07,7호선,논현,10705,11862,22567,-1157,5,7,토
2022-05-07,7호선,반포,4707,4470,9177,237,5,7,토
2022-05-07,7호선,고속터미널,16852,12313,29165,4539,5,7,토
2022-05-07,7호선,내방,7730,7797,15527,-67,5,7,토
2022-05-07,7호선,이수,12271,11313,23584,958,5,7,토
2022-05-07,7호선,남성,7851,7063,14914,788,5,7,토
2022-05-07,7호선,숭실대입구(살피재),9202,8565,17767,637,5,7,토
2022-05-07,7호선,상도,7767,6961,14728,806,5,7,토
2022-05-07,7호선,장승배기,6510,6005,12515,505,5,7,토
2022-05-07,7호선,신대방삼거리,11806,10630,22436,1176,5,7,토
2022-05-07,7호선,보라매,6634,6273,12907,361,5,7,토
2022-05-07,7호선,신풍,8077,7595,15672,482,5,7,토
2022-05-07,7호선,대림(구로구청),7359,7891,15250,-532,5,7,토
2022-05-07,7호선,남구로,8428,8746,17174,-318,5,7,토
2022-05-07,7호선,가산디지털단지,14462,13037,27499,1425,5,7,토
2022-05-07,7호선,철산,14793,15256,30049,-463,5,7,토
2022-05-07,7호선,광명사거리,16971,16846,33817,125,5,7,토
2022-05-07,7호선,천왕,6866,6457,13323,409,5,7,토
2022-05-07,7호선,온수(성공회대입구),5676,5617,11293,59,5,7,토
2022-05-07,7호선,신중동,1,0,1,1,5,7,토
2022-05-07,7호선,상동,1,0,1,1,5,7,토
2022-05-07,8호선,암사,12691,11614,24305,1077,5,7,토
2022-05-07,8호선,천호(풍납토성),11703,13804,25507,-2101,5,7,토
2022-05-07,8호선,강동구청,5930,5895,11825,35,5,7,토
2022-05-07,8호선,몽촌토성(평화의문),4312,4153,8465,159,5,7,토
2022-05-07,8호선,잠실(송파구청),12525,15407,27932,-2882,5,7,토
2022-05-07,8호선,석촌,5707,7041,12748,-1334,5,7,토
2022-05-07,8호선,송파,5754,5456,11210,298,5,7,토
2022-05-07,8호선,가락시장,5306,5434,10740,-128,5,7,토
2022-05-07,8호선,문정,7978,7954,15932,24,5,7,토
2022-05-07,8호선,장지,11979,10879,22858,1100,5,7,토
2022-05-07,8호선,복정,6294,5219,11513,1075,5,7,토
2022-05-07,8호선,산성,4127,4184,8311,-57,5,7,토
2022-05-07,8호선,남한산성입구(성남법원.검찰청),9323,8303,17626,1020,5,7,토
2022-05-07,8호선,단대오거리,7703,7238,14941,465,5,7,토
2022-05-07,8호선,신흥,3470,3714,7184,-244,5,7,토
2022-05-07,8호선,수진,4381,3762,8143,619,5,7,토
2022-05-07,8호선,모란,3615,3198,6813,417,5,7,토
2022-05-07,8호선,남위례,3404,3416,6820,-12,5,7,토
2022-05-07,9호선,개화,1556,1343,2899,213,5,7,토
2022-05-07,9호선,김포공항,7815,12003,19818,-4188,5,7,토
2022-05-07,9호선,공항시장,2303,2353,4656,-50,5,7,토
2022-05-07,9호선,신방화,4649,4406,9055,243,5,7,토
2022-05-07,경원선,한남,2953,2825,5778,128,5,7,토
2022-05-07,9호선,마곡나루(서울식물원),8040,8069,16109,-29,5,7,토
2022-05-07,9호선,양천향교,5836,5411,11247,425,5,7,토
2022-05-07,9호선,가양,13807,13000,26807,807,5,7,토
2022-05-07,9호선,증미,4086,3816,7902,270,5,7,토
2022-05-07,9호선,등촌,7151,6712,13863,439,5,7,토
2022-05-07,9호선,염창,12090,10902,22992,1188,5,7,토
2022-05-07,9호선,신목동,2572,2126,4698,446,5,7,토
2022-05-07,9호선,선유도,4170,3903,8073,267,5,7,토
2022-05-07,9호선,당산,12285,11559,23844,726,5,7,토
2022-05-07,9호선,국회의사당,4828,4740,9568,88,5,7,토
2022-05-07,9호선,여의도,12625,12225,24850,400,5,7,토
2022-05-07,9호선,샛강,2789,2642,5431,147,5,7,토
2022-05-07,9호선,노량진,21459,20243,41702,1216,5,7,토
2022-05-07,9호선,노들,3553,2862,6415,691,5,7,토
2022-05-07,9호선,흑석(중앙대입구),6341,6101,12442,240,5,7,토
2022-05-07,9호선,동작(현충원),1928,1563,3491,365,5,7,토
2022-05-07,9호선,구반포,1199,1240,2439,-41,5,7,토
2022-05-07,9호선,신반포,3143,3232,6375,-89,5,7,토
2022-05-07,9호선,고속터미널,15704,22561,38265,-6857,5,7,토
2022-05-07,9호선,사평,2262,2003,4265,259,5,7,토
2022-05-07,9호선,신논현,25403,24974,50377,429,5,7,토
2022-05-07,9호선2~3단계,언주,5909,5768,11677,141,5,7,토
2022-05-07,9호선2~3단계,선정릉,4631,4966,9597,-335,5,7,토
2022-05-07,9호선2~3단계,삼성중앙,3041,3092,6133,-51,5,7,토
2022-05-07,9호선2~3단계,봉은사,11848,12451,24299,-603,5,7,토
2022-05-07,9호선2~3단계,종합운동장,2997,2801,5798,196,5,7,토
2022-05-07,9호선2~3단계,삼전,4830,4366,9196,464,5,7,토
2022-05-07,9호선2~3단계,석촌고분,4322,3988,8310,334,5,7,토
2022-05-07,9호선2~3단계,석촌,6687,5668,12355,1019,5,7,토
2022-05-07,9호선2~3단계,송파나루,3880,4187,8067,-307,5,7,토
2022-05-07,9호선2~3단계,한성백제,1792,1587,3379,205,5,7,토
2022-05-07,9호선2~3단계,올림픽공원(한국체대),5078,5157,10235,-79,5,7,토
2022-05-07,9호선2~3단계,둔촌오륜,687,642,1329,45,5,7,토
2022-05-07,9호선2~3단계,중앙보훈병원,4895,4592,9487,303,5,7,토
2022-05-07,경강선,판교,3332,3283,6615,49,5,7,토
2022-05-07,경강선,이매,877,673,1550,204,5,7,토
2022-05-07,경강선,삼동,1508,1375,2883,133,5,7,토
2022-05-07,경강선,경기광주,5766,5516,11282,250,5,7,토
2022-05-07,경강선,초월,2335,2122,4457,213,5,7,토
2022-05-07,경강선,곤지암,2059,2198,4257,-139,5,7,토
2022-05-07,경강선,신둔도예촌,1249,1254,2503,-5,5,7,토
2022-05-07,경강선,이천,3021,3273,6294,-252,5,7,토
2022-05-07,경강선,부발,2082,1794,3876,288,5,7,토
2022-05-07,경강선,세종대왕릉,349,401,750,-52,5,7,토
2022-05-07,경강선,여주,2653,3025,5678,-372,5,7,토
2022-05-07,경부선,서울역,9801,2244,12045,7557,5,7,토
2022-05-07,경부선,남영,6276,6039,12315,237,5,7,토
2022-05-07,경부선,용산,41957,44319,86276,-2362,5,7,토
2022-05-07,경부선,노량진,8696,7954,16650,742,5,7,토
2022-05-07,경부선,대방,8403,8237,16640,166,5,7,토
2022-05-07,경부선,영등포,41085,42599,83684,-1514,5,7,토
2022-05-07,경부선,신도림,2930,3140,6070,-210,5,7,토
2022-05-07,경부선,신길,6316,5326,11642,990,5,7,토
2022-05-07,경부선,구로,12923,13569,26492,-646,5,7,토
2022-05-07,경부선,가산디지털단지,6395,8497,14892,-2102,5,7,토
2022-05-07,경부선,금천구청,8601,8592,17193,9,5,7,토
2022-05-07,경부선,석수,6745,6234,12979,511,5,7,토
2022-05-07,경부선,관악,6040,5759,11799,281,5,7,토
2022-05-07,경부선,안양,18193,18310,36503,-117,5,7,토
2022-05-07,경부선,명학,4945,4682,9627,263,5,7,토
2022-05-07,경부선,금정,19290,19272,38562,18,5,7,토
2022-05-07,경부선,군포,4356,3886,8242,470,5,7,토
2022-05-07,경부선,의왕,6424,6121,12545,303,5,7,토
2022-05-07,경부선,성균관대,11180,10819,21999,361,5,7,토
2022-05-07,경부선,화서,5657,5756,11413,-99,5,7,토
2022-05-07,경부선,수원,40750,43547,84297,-2797,5,7,토
2022-05-07,경부선,독산,9178,8679,17857,499,5,7,토
2022-05-07,경부선,세류,2572,2598,5170,-26,5,7,토
2022-05-07,경부선,병점,12625,12646,25271,-21,5,7,토
2022-05-07,경부선,세마,2367,2172,4539,195,5,7,토
2022-05-07,경부선,오산대,3158,2805,5963,353,5,7,토
2022-05-07,경부선,오산,9793,9430,19223,363,5,7,토
2022-05-07,경부선,진위,1118,979,2097,139,5,7,토
2022-05-07,경부선,송탄,5288,4704,9992,584,5,7,토
2022-05-07,경부선,서정리,7391,6258,13649,1133,5,7,토
2022-05-07,경부선,평택지제,3309,3002,6311,307,5,7,토
2022-05-07,경부선,평택,14734,14483,29217,251,5,7,토
2022-05-07,경부선,성환,3277,3110,6387,167,5,7,토
2022-05-07,경부선,직산,716,778,1494,-62,5,7,토
2022-05-07,경부선,두정,5815,5823,11638,-8,5,7,토
2022-05-07,경부선,천안,7164,7366,14530,-202,5,7,토
2022-05-07,경부선,당정,4209,4036,8245,173,5,7,토
2022-05-07,경부선,서동탄,984,1024,2008,-40,5,7,토
2022-05-07,경부선,광명,3337,2722,6059,615,5,7,토
2022-05-07,경원선,이촌(국립중앙박물관),3348,2321,5669,1027,5,7,토
2022-05-07,경원선,서빙고,1861,1834,3695,27,5,7,토
2022-05-07,경원선,옥수,43,46,89,-3,5,7,토
2022-05-07,경원선,응봉,1551,1334,2885,217,5,7,토
2022-05-07,경원선,왕십리(성동구청),13360,14725,28085,-1365,5,7,토
2022-05-07,경원선,청량리(서울시립대입구),17441,18144,35585,-703,5,7,토
2022-05-07,경원선,외대앞,6674,6172,12846,502,5,7,토
2022-05-07,경원선,신이문,6411,5865,12276,546,5,7,토
2022-05-07,경원선,석계,6797,7339,14136,-542,5,7,토
2022-05-07,경원선,광운대,6663,6598,13261,65,5,7,토
2022-05-07,경원선,월계,5294,4848,10142,446,5,7,토
2022-05-07,경원선,녹천,3435,2839,6274,596,5,7,토
2022-05-07,경원선,방학,7933,7680,15613,253,5,7,토
2022-05-07,경원선,도봉,4538,4237,8775,301,5,7,토
2022-05-07,경원선,도봉산,8716,6355,15071,2361,5,7,토
2022-05-07,경원선,망월사,6334,6335,12669,-1,5,7,토
2022-05-07,경원선,회룡,10135,10049,20184,86,5,7,토
2022-05-07,경원선,의정부,18835,20549,39384,-1714,5,7,토
2022-05-07,경원선,가능,5600,5158,10758,442,5,7,토
2022-05-07,경원선,녹양,3878,3697,7575,181,5,7,토
2022-05-07,경원선,양주,6983,6681,13664,302,5,7,토
2022-05-07,경원선,덕계,2680,2437,5117,243,5,7,토
2022-05-07,경원선,덕정,4900,4532,9432,368,5,7,토
2022-05-07,경원선,지행,6222,6454,12676,-232,5,7,토
2022-05-07,경원선,동두천중앙,2830,2833,5663,-3,5,7,토
2022-05-07,경원선,보산,2045,2016,4061,29,5,7,토
2022-05-07,경원선,동두천,1709,2241,3950,-532,5,7,토
2022-05-07,경원선,소요산,3999,3431,7430,568,5,7,토
2022-05-07,경의선,서울역,1608,1619,3227,-11,5,7,토
2022-05-07,경의선,신촌,421,413,834,8,5,7,토
2022-05-07,경의선,효창공원앞,1739,1918,3657,-179,5,7,토
2022-05-07,경의선,공덕,2649,2068,4717,581,5,7,토
2022-05-07,경의선,서강대,1885,1846,3731,39,5,7,토
2022-05-07,경의선,홍대입구,2105,2747,4852,-642,5,7,토
2022-05-07,경의선,가좌,4085,3821,7906,264,5,7,토
2022-05-07,경의선,디지털미디어시티,2117,1880,3997,237,5,7,토
2022-05-07,경의선,수색,1495,1514,3009,-19,5,7,토
2022-05-07,경의선,화전,1223,1116,2339,107,5,7,토
2022-05-07,경의선,강매,2120,2004,4124,116,5,7,토
2022-05-07,경의선,행신,6004,5879,11883,125,5,7,토
2022-05-07,경의선,능곡,2983,2819,5802,164,5,7,토
2022-05-07,경의선,곡산,399,436,835,-37,5,7,토
2022-05-07,경의선,백마,4726,4504,9230,222,5,7,토
2022-05-07,경의선,풍산,4601,4422,9023,179,5,7,토
2022-05-07,경의선,일산,6618,6490,13108,128,5,7,토
2022-05-07,경의선,탄현,5708,5463,11171,245,5,7,토
2022-05-07,경의선,야당,6520,6748,13268,-228,5,7,토
2022-05-07,경의선,운정,5165,4799,9964,366,5,7,토
2022-05-07,경의선,금릉,4136,4102,8238,34,5,7,토
2022-05-07,경의선,금촌,5915,5868,11783,47,5,7,토
2022-05-07,경의선,월롱,1803,1546,3349,257,5,7,토
2022-05-07,경의선,파주,900,755,1655,145,5,7,토
2022-05-07,경의선,문산,5226,5188,10414,38,5,7,토
2022-05-07,경의선,임진강,61,63,124,-2,5,7,토
2022-05-07,경인선,개봉,16802,16215,33017,587,5,7,토
2022-05-07,경인선,오류동,9389,8268,17657,1121,5,7,토
2022-05-07,경인선,역곡,20740,20403,41143,337,5,7,토
2022-05-07,경인선,부천,28864,30395,59259,-1531,5,7,토
2022-05-07,경인선,송내,18229,18167,36396,62,5,7,토
2022-05-07,경인선,부평,29268,33434,62702,-4166,5,7,토
2022-05-07,경인선,백운,5672,5406,11078,266,5,7,토
2022-05-07,경인선,동암,12322,12724,25046,-402,5,7,토
2022-05-07,경인선,주안,17268,15099,32367,2169,5,7,토
2022-05-07,경인선,제물포,7844,7337,15181,507,5,7,토
2022-05-07,경인선,동인천,12305,12326,24631,-21,5,7,토
2022-05-07,경인선,인천,5475,4571,10046,904,5,7,토
2022-05-07,경인선,구일,7456,7316,14772,140,5,7,토
2022-05-07,경인선,소사,7609,7244,14853,365,5,7,토
2022-05-07,경인선,부개,6658,6153,12811,505,5,7,토
2022-05-07,경인선,간석,4563,4280,8843,283,5,7,토
2022-05-07,경인선,도원,2349,2374,4723,-25,5,7,토
2022-05-07,경인선,온수(성공회대입구),5094,4794,9888,300,5,7,토
2022-05-07,경인선,중동,6962,6528,13490,434,5,7,토
2022-05-07,경인선,도화,3371,3037,6408,334,5,7,토
2022-05-07,경춘선,신내,1372,1286,2658,86,5,7,토
2022-05-07,경춘선,갈매,2139,1844,3983,295,5,7,토
2022-05-07,경춘선,별내,2539,2260,4799,279,5,7,토
2022-05-07,경춘선,퇴계원,2722,2502,5224,220,5,7,토
2022-05-07,경춘선,사릉,1857,1880,3737,-23,5,7,토
2022-05-07,경춘선,금곡,1151,1136,2287,15,5,7,토
2022-05-07,경춘선,평내호평,5033,4900,9933,133,5,7,토
2022-05-07,경춘선,천마산,1413,1453,2866,-40,5,7,토
2022-05-07,경춘선,마석,3716,3663,7379,53,5,7,토
2022-05-07,경춘선,대성리,2604,2862,5466,-258,5,7,토
2022-05-07,경춘선,청평,2125,2494,4619,-369,5,7,토
2022-05-07,경춘선,상천,430,565,995,-135,5,7,토
2022-05-07,경춘선,가평,2562,2831,5393,-269,5,7,토
2022-05-07,경춘선,굴봉산,214,240,454,-26,5,7,토
2022-05-07,경춘선,백양리,161,163,324,-2,5,7,토
2022-05-07,경춘선,강촌,857,852,1709,5,5,7,토
2022-05-07,경춘선,김유정,628,735,1363,-107,5,7,토
2022-05-07,경춘선,남춘천,3935,4091,8026,-156,5,7,토
2022-05-07,경춘선,춘천,2437,2169,4606,268,5,7,토
2022-05-07,공항철도 1호선,서울역,9881,9520,19401,361,5,7,토
2022-05-07,공항철도 1호선,공덕,1606,2418,4024,-812,5,7,토
2022-05-07,공항철도 1호선,홍대입구,13502,12814,26316,688,5,7,토
2022-05-07,공항철도 1호선,디지털미디어시티,5498,5229,10727,269,5,7,토
2022-05-07,공항철도 1호선,마곡나루(서울식물원),3487,3839,7326,-352,5,7,토
2022-05-07,공항철도 1호선,김포공항,10800,5805,16605,4995,5,7,토
2022-05-07,공항철도 1호선,계양,7613,7258,14871,355,5,7,토
2022-05-07,공항철도 1호선,검암,4715,4897,9612,-182,5,7,토
2022-05-07,공항철도 1호선,청라국제도시,4627,4497,9124,130,5,7,토
2022-05-07,공항철도 1호선,운서,6664,6681,13345,-17,5,7,토
2022-05-07,공항철도 1호선,공항화물청사,1257,1350,2607,-93,5,7,토
2022-05-07,공항철도 1호선,인천공항1터미널,5468,5151,10619,317,5,7,토
2022-05-07,공항철도 1호선,인천공항2터미널,2845,2535,5380,310,5,7,토
2022-05-07,공항철도 1호선,영종,3364,3310,6674,54,5,7,토
2022-05-07,과천선,선바위,5527,4823,10350,704,5,7,토
2022-05-07,과천선,경마공원,12510,12731,25241,-221,5,7,토
2022-05-07,과천선,대공원,7505,7678,15183,-173,5,7,토
2022-05-07,과천선,과천,4947,4409,9356,538,5,7,토
2022-05-07,과천선,정부과천청사,6301,6230,12531,71,5,7,토
2022-05-07,과천선,인덕원,17062,16675,33737,387,5,7,토
2022-05-07,과천선,평촌,8967,8739,17706,228,5,7,토
2022-05-07,과천선,범계,21069,21078,42147,-9,5,7,토
2022-05-07,분당선,선릉,4849,7312,12161,-2463,5,7,토
2022-05-07,분당선,한티,12201,11616,23817,585,5,7,토
2022-05-07,분당선,도곡,4621,4215,8836,406,5,7,토
2022-05-07,분당선,구룡,1388,1243,2631,145,5,7,토
2022-05-07,분당선,개포동,2688,2584,5272,104,5,7,토
2022-05-07,분당선,대모산입구,3299,3010,6309,289,5,7,토
2022-05-07,분당선,수서,10592,10639,21231,-47,5,7,토
2022-05-07,분당선,복정,1,0,1,1,5,7,토
2022-05-07,분당선,수원,7691,6567,14258,1124,5,7,토
2022-05-07,분당선,서울숲,10942,11578,22520,-636,5,7,토
2022-05-07,분당선,압구정로데오,17347,20627,37974,-3280,5,7,토
2022-05-07,분당선,강남구청,5464,6520,11984,-1056,5,7,토
2022-05-07,분당선,선정릉,3243,3269,6512,-26,5,7,토
2022-05-07,분당선,가천대,5688,5775,11463,-87,5,7,토
2022-05-07,분당선,태평,10984,10098,21082,886,5,7,토
2022-05-07,분당선,모란,15941,16181,32122,-240,5,7,토
2022-05-07,분당선,야탑,17832,18741,36573,-909,5,7,토
2022-05-07,분당선,서현,18981,19415,38396,-434,5,7,토
2022-05-07,분당선,수내,8845,8402,17247,443,5,7,토
2022-05-07,분당선,정자,11321,11693,23014,-372,5,7,토
2022-05-07,분당선,미금,10555,11167,21722,-612,5,7,토
2022-05-07,분당선,오리,7801,6563,14364,1238,5,7,토
2022-05-07,분당선,이매,4221,4171,8392,50,5,7,토
2022-05-07,분당선,보정,1743,1542,3285,201,5,7,토
2022-05-07,분당선,죽전,10463,11669,22132,-1206,5,7,토
2022-05-07,분당선,구성,3438,3517,6955,-79,5,7,토
2022-05-07,분당선,신갈,2811,2804,5615,7,5,7,토
2022-05-07,분당선,기흥,6722,6492,13214,230,5,7,토
2022-05-07,분당선,상갈,3951,3916,7867,35,5,7,토
2022-05-07,분당선,청명,2686,2682,5368,4,5,7,토
2022-05-07,분당선,영통,6871,6537,13408,334,5,7,토
2022-05-07,분당선,망포,8881,8076,16957,805,5,7,토
2022-05-07,분당선,매탄권선,3618,3375,6993,243,5,7,토
2022-05-07,분당선,수원시청,10626,12108,22734,-1482,5,7,토
2022-05-07,분당선,매교,2083,2041,4124,42,5,7,토
2022-05-07,수인선,고색,2831,2858,5689,-27,5,7,토
2022-05-07,수인선,오목천,2369,1988,4357,381,5,7,토
2022-05-07,수인선,어천,853,679,1532,174,5,7,토
2022-05-07,수인선,야목,326,261,587,65,5,7,토
2022-05-07,수인선,사리,3801,3192,6993,609,5,7,토
2022-05-07,수인선,달월,80,79,159,1,5,7,토
2022-05-07,수인선,월곶,2124,1989,4113,135,5,7,토
2022-05-07,수인선,소래포구,5761,5848,11609,-87,5,7,토
2022-05-07,수인선,인천논현,4315,4483,8798,-168,5,7,토
2022-05-07,수인선,호구포,2521,2388,4909,133,5,7,토
2022-05-07,수인선,남동인더스파크,875,868,1743,7,5,7,토
2022-05-07,수인선,원인재,3832,3834,7666,-2,5,7,토
2022-05-07,수인선,연수,4182,4283,8465,-101,5,7,토
2022-05-07,수인선,송도,2100,2088,4188,12,5,7,토
2022-05-07,수인선,인하대,4789,4288,9077,501,5,7,토
2022-05-07,수인선,숭의,2832,2552,5384,280,5,7,토
2022-05-07,수인선,신포,1481,1539,3020,-58,5,7,토
2022-05-07,수인선,인천,1400,2314,3714,-914,5,7,토
2022-05-07,안산선,산본,12870,13873,26743,-1003,5,7,토
2022-05-07,안산선,대야미,4107,3556,7663,551,5,7,토
2022-05-07,안산선,반월,3591,3352,6943,239,5,7,토
2022-05-07,안산선,상록수,13165,12914,26079,251,5,7,토
2022-05-07,안산선,한대앞,7588,7453,15041,135,5,7,토
2022-05-07,안산선,중앙,16831,18346,35177,-1515,5,7,토
2022-05-07,안산선,고잔,7167,7379,14546,-212,5,7,토
2022-05-07,안산선,초지,3689,3711,7400,-22,5,7,토
2022-05-07,안산선,안산,10225,10831,21056,-606,5,7,토
2022-05-07,안산선,신길온천,1617,1561,3178,56,5,7,토
2022-05-07,안산선,정왕,7329,7090,14419,239,5,7,토
2022-05-07,안산선,오이도,8275,8304,16579,-29,5,7,토
2022-05-07,안산선,수리산,3239,2884,6123,355,5,7,토
2022-05-07,우이신설선,북한산우이,4303,4501,8804,-198,5,7,토
2022-05-07,우이신설선,솔밭공원,1921,1746,3667,175,5,7,토
2022-05-07,우이신설선,4.19민주묘지,2503,2173,4676,330,5,7,토
2022-05-07,우이신설선,가오리,3114,3080,6194,34,5,7,토
2022-05-07,우이신설선,화계,2688,2449,5137,239,5,7,토
2022-05-07,우이신설선,삼양,1491,1533,3024,-42,5,7,토
2022-05-07,우이신설선,삼양사거리,2060,1969,4029,91,5,7,토
2022-05-07,우이신설선,솔샘,3998,3497,7495,501,5,7,토
2022-05-07,우이신설선,북한산보국문,5099,4227,9326,872,5,7,토
2022-05-07,우이신설선,정릉,3851,3044,6895,807,5,7,토
2022-05-07,우이신설선,성신여대입구(돈암),2791,3352,6143,-561,5,7,토
2022-05-07,우이신설선,보문,1158,1150,2308,8,5,7,토
2022-05-07,우이신설선,신설동,1504,1416,2920,88,5,7,토
2022-05-07,일산선,원흥,7558,7023,14581,535,5,7,토
2022-05-07,일산선,삼송,15177,14563,29740,614,5,7,토
2022-05-07,일산선,원당,8868,8375,17243,493,5,7,토
2022-05-07,일산선,화정,13288,13765,27053,-477,5,7,토
2022-05-07,일산선,대곡,1556,1292,2848,264,5,7,토
2022-05-07,일산선,백석,7625,7650,15275,-25,5,7,토
2022-05-07,일산선,마두,5193,5127,10320,66,5,7,토
2022-05-07,일산선,정발산,7575,8141,15716,-566,5,7,토
2022-05-07,일산선,주엽,6613,6765,13378,-152,5,7,토
2022-05-07,일산선,대화,10329,9400,19729,929,5,7,토
2022-05-07,장항선,봉명,864,748,1612,116,5,7,토
2022-05-07,장항선,쌍용(나사렛대),1815,1615,3430,200,5,7,토
2022-05-07,장항선,아산,3872,3300,7172,572,5,7,토
2022-05-07,장항선,탕정,711,628,1339,83,5,7,토
2022-05-07,장항선,배방,1136,1118,2254,18,5,7,토
2022-05-07,장항선,온양온천,4026,4343,8369,-317,5,7,토
2022-05-07,장항선,신창(순천향대),1416,1333,2749,83,5,7,토
2022-05-07,중앙선,회기,21063,18971,40034,2092,5,7,토
2022-05-07,중앙선,중랑,4682,4400,9082,282,5,7,토
2022-05-07,중앙선,상봉(시외버스터미널),5505,5278,10783,227,5,7,토
2022-05-07,중앙선,망우,6930,6817,13747,113,5,7,토
2022-05-07,중앙선,양원,1922,1791,3713,131,5,7,토
2022-05-07,중앙선,구리,10698,10988,21686,-290,5,7,토
2022-05-07,중앙선,도농,7499,7240,14739,259,5,7,토
2022-05-07,중앙선,양정,606,498,1104,108,5,7,토
2022-05-07,중앙선,덕소,4749,4816,9565,-67,5,7,토
2022-05-07,중앙선,도심,1671,1390,3061,281,5,7,토
2022-05-07,중앙선,팔당,1467,1686,3153,-219,5,7,토
2022-05-07,중앙선,운길산,1322,1283,2605,39,5,7,토
2022-05-07,중앙선,양수,2401,2407,4808,-6,5,7,토
2022-05-07,중앙선,신원,383,279,662,104,5,7,토
2022-05-07,중앙선,국수,709,811,1520,-102,5,7,토
2022-05-07,중앙선,아신,716,731,1447,-15,5,7,토
2022-05-07,중앙선,오빈,345,370,715,-25,5,7,토
2022-05-07,중앙선,양평,3032,3364,6396,-332,5,7,토
2022-05-07,중앙선,원덕,470,531,1001,-61,5,7,토
2022-05-07,중앙선,용문,2363,2843,5206,-480,5,7,토
2022-05-07,중앙선,지평,61,88,149,-27,5,7,토
2022-05-08,안산선,반월,2775,2739,5514,36,5,8,일
2022-05-08,안산선,중앙,13422,13007,26429,415,5,8,일
2022-05-08,안산선,고잔,6190,5980,12170,210,5,8,일
2022-05-08,안산선,초지,2643,2515,5158,128,5,8,일
2022-05-08,안산선,안산,10970,9795,20765,1175,5,8,일
2022-05-08,안산선,신길온천,1376,1251,2627,125,5,8,일
2022-05-08,안산선,정왕,5787,6765,12552,-978,5,8,일
2022-05-08,안산선,오이도,6261,5893,12154,368,5,8,일
2022-05-08,안산선,수리산,2354,2304,4658,50,5,8,일
2022-05-08,우이신설선,북한산우이,6452,6076,12528,376,5,8,일
2022-05-08,우이신설선,솔밭공원,1613,1592,3205,21,5,8,일
2022-05-08,우이신설선,4.19민주묘지,2191,2048,4239,143,5,8,일
2022-05-08,우이신설선,가오리,2626,2448,5074,178,5,8,일
2022-05-08,우이신설선,화계,3192,3022,6214,170,5,8,일
2022-05-08,우이신설선,삼양,1342,1309,2651,33,5,8,일
2022-05-08,우이신설선,삼양사거리,1746,1722,3468,24,5,8,일
2022-05-08,우이신설선,솔샘,3012,2879,5891,133,5,8,일
2022-05-08,우이신설선,북한산보국문,4258,4028,8286,230,5,8,일
2022-05-08,우이신설선,정릉,3262,2849,6111,413,5,8,일
2022-05-08,우이신설선,성신여대입구(돈암),2362,2754,5116,-392,5,8,일
2022-05-08,우이신설선,보문,1288,1346,2634,-58,5,8,일
2022-05-08,우이신설선,신설동,1307,1289,2596,18,5,8,일
2022-05-08,일산선,원흥,5689,5670,11359,19,5,8,일
2022-05-08,일산선,삼송,11567,11500,23067,67,5,8,일
2022-05-08,일산선,원당,6658,6364,13022,294,5,8,일
2022-05-08,일산선,화정,9659,9941,19600,-282,5,8,일
2022-05-08,일산선,대곡,1118,914,2032,204,5,8,일
2022-05-08,일산선,백석,5715,5558,11273,157,5,8,일
2022-05-08,일산선,마두,3422,3389,6811,33,5,8,일
2022-05-08,일산선,정발산,5681,5572,11253,109,5,8,일
2022-05-08,일산선,주엽,4813,4812,9625,1,5,8,일
2022-05-08,일산선,대화,8144,7353,15497,791,5,8,일
2022-05-08,장항선,봉명,620,714,1334,-94,5,8,일
2022-05-08,장항선,쌍용(나사렛대),1443,1582,3025,-139,5,8,일
2022-05-08,장항선,아산,4511,2875,7386,1636,5,8,일
2022-05-08,장항선,탕정,547,637,1184,-90,5,8,일
2022-05-08,장항선,배방,991,1108,2099,-117,5,8,일
2022-05-08,장항선,온양온천,3838,3660,7498,178,5,8,일
2022-05-08,장항선,신창(순천향대),1278,2431,3709,-1153,5,8,일
2022-05-08,중앙선,회기,15794,16879,32673,-1085,5,8,일
2022-05-08,중앙선,중랑,3693,3756,7449,-63,5,8,일
2022-05-08,중앙선,상봉(시외버스터미널),4091,4109,8200,-18,5,8,일
2022-05-08,중앙선,망우,5258,5481,10739,-223,5,8,일
2022-05-08,중앙선,양원,1575,1557,3132,18,5,8,일
2022-05-08,중앙선,구리,7832,8070,15902,-238,5,8,일
2022-05-08,중앙선,도농,5624,5351,10975,273,5,8,일
2022-05-08,중앙선,양정,629,499,1128,130,5,8,일
2022-05-08,중앙선,덕소,3718,3665,7383,53,5,8,일
2022-05-08,중앙선,도심,1270,1172,2442,98,5,8,일
2022-05-08,중앙선,팔당,1407,1395,2802,12,5,8,일
2022-05-08,중앙선,운길산,1381,1308,2689,73,5,8,일
2022-05-08,중앙선,양수,2173,1974,4147,199,5,8,일
2022-05-08,중앙선,신원,356,230,586,126,5,8,일
2022-05-08,중앙선,국수,699,584,1283,115,5,8,일
2022-05-08,중앙선,아신,756,601,1357,155,5,8,일
2022-05-08,중앙선,오빈,332,285,617,47,5,8,일
2022-05-08,중앙선,양평,4053,3501,7554,552,5,8,일
2022-05-08,중앙선,원덕,488,360,848,128,5,8,일
2022-05-08,중앙선,용문,3227,2201,5428,1026,5,8,일
2022-05-08,중앙선,지평,85,65,150,20,5,8,일
2022-05-08,안산선,대야미,3427,3126,6553,301,5,8,일
2022-05-08,안산선,산본,9259,9840,19099,-581,5,8,일
2022-05-08,수인선,인천,1125,1724,2849,-599,5,8,일
2022-05-08,수인선,신포,1128,1080,2208,48,5,8,일
2022-05-08,수인선,숭의,2234,2059,4293,175,5,8,일
2022-05-08,수인선,인하대,3070,3253,6323,-183,5,8,일
2022-05-08,수인선,송도,1701,1704,3405,-3,5,8,일
2022-05-08,수인선,연수,3335,3339,6674,-4,5,8,일
2022-05-08,수인선,원인재,2889,2983,5872,-94,5,8,일
2022-05-08,수인선,남동인더스파크,500,526,1026,-26,5,8,일
2022-05-08,수인선,호구포,1996,2192,4188,-196,5,8,일
2022-05-08,수인선,인천논현,2987,3123,6110,-136,5,8,일
2022-05-08,수인선,소래포구,4496,4242,8738,254,5,8,일
2022-05-08,수인선,월곶,1691,1555,3246,136,5,8,일
2022-05-08,수인선,달월,60,66,126,-6,5,8,일
2022-05-08,수인선,사리,3114,2565,5679,549,5,8,일
2022-05-08,수인선,야목,239,195,434,44,5,8,일
2022-05-08,수인선,어천,612,735,1347,-123,5,8,일
2022-05-08,수인선,오목천,1551,1520,3071,31,5,8,일
2022-05-08,수인선,고색,2031,2062,4093,-31,5,8,일
2022-05-08,분당선,매교,1396,1407,2803,-11,5,8,일
2022-05-08,분당선,수원시청,7006,6975,13981,31,5,8,일
2022-05-08,분당선,매탄권선,2591,2579,5170,12,5,8,일
2022-05-08,분당선,망포,6182,6836,13018,-654,5,8,일
2022-05-08,분당선,영통,4868,4966,9834,-98,5,8,일
2022-05-08,분당선,청명,2040,2171,4211,-131,5,8,일
2022-05-08,분당선,상갈,2974,3047,6021,-73,5,8,일
2022-05-08,분당선,기흥,5377,4928,10305,449,5,8,일
2022-05-08,분당선,신갈,2118,2151,4269,-33,5,8,일
2022-05-08,분당선,구성,2560,2729,5289,-169,5,8,일
2022-05-08,분당선,죽전,7946,9221,17167,-1275,5,8,일
2022-05-08,분당선,보정,1195,1143,2338,52,5,8,일
2022-05-08,분당선,이매,3414,3762,7176,-348,5,8,일
2022-05-08,분당선,오리,5548,4901,10449,647,5,8,일
2022-05-08,분당선,미금,7473,8051,15524,-578,5,8,일
2022-05-08,분당선,정자,8513,9287,17800,-774,5,8,일
2022-05-08,분당선,수내,6223,6182,12405,41,5,8,일
2022-05-08,분당선,서현,14619,14596,29215,23,5,8,일
2022-05-08,분당선,야탑,14252,14306,28558,-54,5,8,일
2022-05-08,분당선,모란,11056,11534,22590,-478,5,8,일
2022-05-08,분당선,태평,8426,8237,16663,189,5,8,일
2022-05-08,분당선,가천대,3742,4855,8597,-1113,5,8,일
2022-05-08,분당선,선정릉,1784,1930,3714,-146,5,8,일
2022-05-08,분당선,강남구청,2924,3469,6393,-545,5,8,일
2022-05-08,분당선,압구정로데오,8946,9632,18578,-686,5,8,일
2022-05-08,분당선,서울숲,6395,6559,12954,-164,5,8,일
2022-05-08,분당선,수원,6053,4870,10923,1183,5,8,일
2022-05-08,분당선,복정,1,0,1,1,5,8,일
2022-05-08,분당선,수서,9556,8341,17897,1215,5,8,일
2022-05-08,분당선,대모산입구,2131,2115,4246,16,5,8,일
2022-05-08,분당선,개포동,1941,1972,3913,-31,5,8,일
2022-05-08,분당선,구룡,805,973,1778,-168,5,8,일
2022-05-08,분당선,도곡,2733,2723,5456,10,5,8,일
2022-05-08,분당선,한티,8531,8535,17066,-4,5,8,일
2022-05-08,분당선,선릉,2667,4036,6703,-1369,5,8,일
2022-05-08,과천선,범계,15100,14832,29932,268,5,8,일
2022-05-08,과천선,평촌,6162,6108,12270,54,5,8,일
2022-05-08,과천선,인덕원,13138,13531,26669,-393,5,8,일
2022-05-08,과천선,정부과천청사,4650,4690,9340,-40,5,8,일
2022-05-08,과천선,과천,3864,3510,7374,354,5,8,일
2022-05-08,과천선,대공원,4714,4681,9395,33,5,8,일
2022-05-08,과천선,경마공원,14907,15148,30055,-241,5,8,일
2022-05-08,과천선,선바위,4199,3827,8026,372,5,8,일
2022-05-08,공항철도 1호선,영종,2666,2603,5269,63,5,8,일
2022-05-08,공항철도 1호선,인천공항2터미널,2655,2385,5040,270,5,8,일
2022-05-08,공항철도 1호선,인천공항1터미널,5608,4891,10499,717,5,8,일
2022-05-08,공항철도 1호선,공항화물청사,930,970,1900,-40,5,8,일
2022-05-08,공항철도 1호선,운서,5331,5827,11158,-496,5,8,일
2022-05-08,공항철도 1호선,청라국제도시,3428,3166,6594,262,5,8,일
2022-05-08,공항철도 1호선,검암,3756,3703,7459,53,5,8,일
2022-05-08,공항철도 1호선,계양,5580,5409,10989,171,5,8,일
2022-05-08,공항철도 1호선,김포공항,12103,5886,17989,6217,5,8,일
2022-05-08,공항철도 1호선,마곡나루(서울식물원),2308,2678,4986,-370,5,8,일
2022-05-08,공항철도 1호선,디지털미디어시티,3893,4027,7920,-134,5,8,일
2022-05-08,공항철도 1호선,홍대입구,9142,8702,17844,440,5,8,일
2022-05-08,공항철도 1호선,공덕,1122,1575,2697,-453,5,8,일
2022-05-08,공항철도 1호선,서울역,10529,8703,19232,1826,5,8,일
2022-05-08,경춘선,춘천,2243,1714,3957,529,5,8,일
2022-05-08,경춘선,남춘천,2852,3447,6299,-595,5,8,일
2022-05-08,경춘선,김유정,509,465,974,44,5,8,일
2022-05-08,경춘선,강촌,856,526,1382,330,5,8,일
2022-05-08,경춘선,백양리,142,98,240,44,5,8,일
2022-05-08,경춘선,굴봉산,252,210,462,42,5,8,일
2022-05-08,경춘선,가평,2573,1677,4250,896,5,8,일
2022-05-08,경춘선,상천,621,374,995,247,5,8,일
2022-05-08,경춘선,청평,2479,1586,4065,893,5,8,일
2022-05-08,경춘선,대성리,3173,631,3804,2542,5,8,일
2022-05-08,경춘선,마석,3498,3292,6790,206,5,8,일
2022-05-08,경춘선,천마산,1231,1141,2372,90,5,8,일
2022-05-08,경춘선,평내호평,3784,3599,7383,185,5,8,일
2022-05-08,경춘선,금곡,1055,999,2054,56,5,8,일
2022-05-08,경춘선,사릉,1540,1503,3043,37,5,8,일
2022-05-08,경춘선,퇴계원,2251,2011,4262,240,5,8,일
2022-05-08,경춘선,별내,2024,1837,3861,187,5,8,일
2022-05-08,경춘선,갈매,1564,1435,2999,129,5,8,일
2022-05-08,경춘선,신내,1051,1102,2153,-51,5,8,일
2022-05-08,경인선,도화,2641,2448,5089,193,5,8,일
2022-05-08,경인선,중동,5136,4959,10095,177,5,8,일
2022-05-08,경인선,온수(성공회대입구),4025,3854,7879,171,5,8,일
2022-05-08,경인선,도원,3683,3731,7414,-48,5,8,일
2022-05-08,경인선,간석,3327,3164,6491,163,5,8,일
2022-05-08,경인선,부개,4962,4724,9686,238,5,8,일
2022-05-08,경인선,소사,5906,5614,11520,292,5,8,일
2022-05-08,경인선,구일,5464,5539,11003,-75,5,8,일
2022-05-08,경인선,인천,4211,3376,7587,835,5,8,일
2022-05-08,경인선,동인천,9815,9500,19315,315,5,8,일
2022-05-08,경인선,제물포,5767,5606,11373,161,5,8,일
2022-05-08,경인선,주안,13591,12485,26076,1106,5,8,일
2022-05-08,경인선,동암,10489,10192,20681,297,5,8,일
2022-05-08,경인선,백운,4418,4292,8710,126,5,8,일
2022-05-08,경인선,부평,22667,22618,45285,49,5,8,일
2022-05-08,경인선,송내,13328,12797,26125,531,5,8,일
2022-05-08,경인선,부천,22181,21648,43829,533,5,8,일
2022-05-08,경인선,역곡,14833,14905,29738,-72,5,8,일
2022-05-08,경인선,오류동,7135,7015,14150,120,5,8,일
2022-05-08,경인선,개봉,12226,12361,24587,-135,5,8,일
2022-05-08,경의선,임진강,128,100,228,28,5,8,일
2022-05-08,경의선,문산,3963,3915,7878,48,5,8,일
2022-05-08,경의선,파주,801,773,1574,28,5,8,일
2022-05-08,경의선,월롱,992,2309,3301,-1317,5,8,일
2022-05-08,경의선,금촌,4535,4775,9310,-240,5,8,일
2022-05-08,경의선,금릉,3172,3028,6200,144,5,8,일
2022-05-08,경의선,운정,3923,3662,7585,261,5,8,일
2022-05-08,경의선,야당,5030,4943,9973,87,5,8,일
2022-05-08,경의선,탄현,4506,3970,8476,536,5,8,일
2022-05-08,경의선,일산,5828,5463,11291,365,5,8,일
2022-05-08,경의선,풍산,3803,3498,7301,305,5,8,일
2022-05-08,경의선,백마,3598,3492,7090,106,5,8,일
2022-05-08,경의선,곡산,382,366,748,16,5,8,일
2022-05-08,경의선,능곡,2345,2317,4662,28,5,8,일
2022-05-08,경의선,행신,4977,4705,9682,272,5,8,일
2022-05-08,경의선,강매,1568,1495,3063,73,5,8,일
2022-05-08,경의선,화전,914,1049,1963,-135,5,8,일
2022-05-08,경의선,수색,1046,1145,2191,-99,5,8,일
2022-05-08,경의선,디지털미디어시티,1499,1398,2897,101,5,8,일
2022-05-08,경의선,가좌,2850,3036,5886,-186,5,8,일
2022-05-08,경의선,홍대입구,1475,1817,3292,-342,5,8,일
2022-05-08,경의선,서강대,1287,1478,2765,-191,5,8,일
2022-05-08,경의선,공덕,1761,1455,3216,306,5,8,일
2022-05-08,경의선,효창공원앞,1298,1518,2816,-220,5,8,일
2022-05-08,경의선,신촌,249,277,526,-28,5,8,일
2022-05-08,경의선,서울역,1354,1203,2557,151,5,8,일
2022-05-08,경원선,소요산,4182,3441,7623,741,5,8,일
2022-05-08,경원선,동두천,1487,1888,3375,-401,5,8,일
2022-05-08,경원선,보산,1426,1551,2977,-125,5,8,일
2022-05-08,경원선,동두천중앙,2462,2285,4747,177,5,8,일
2022-05-08,경원선,지행,4791,4659,9450,132,5,8,일
2022-05-08,경원선,덕정,3445,3599,7044,-154,5,8,일
2022-05-08,경원선,덕계,1964,1776,3740,188,5,8,일
2022-05-08,경원선,양주,5825,5510,11335,315,5,8,일
2022-05-08,경원선,녹양,2973,2734,5707,239,5,8,일
2022-05-08,경원선,가능,4148,3942,8090,206,5,8,일
2022-05-08,경원선,의정부,14841,14607,29448,234,5,8,일
2022-05-08,경원선,회룡,8058,7904,15962,154,5,8,일
2022-05-08,경원선,망월사,5288,5547,10835,-259,5,8,일
2022-05-08,경원선,도봉산,9519,6710,16229,2809,5,8,일
2022-05-08,경원선,도봉,3629,3442,7071,187,5,8,일
2022-05-08,경원선,방학,6169,6050,12219,119,5,8,일
2022-05-08,경원선,창동,1,0,1,1,5,8,일
2022-05-08,경원선,녹천,2694,2445,5139,249,5,8,일
2022-05-08,경원선,월계,3940,3626,7566,314,5,8,일
2022-05-08,경원선,광운대,4272,4742,9014,-470,5,8,일
2022-05-08,경원선,석계,5234,5750,10984,-516,5,8,일
2022-05-08,경원선,신이문,5074,4801,9875,273,5,8,일
2022-05-08,경원선,외대앞,4799,5055,9854,-256,5,8,일
2022-05-08,경원선,청량리(서울시립대입구),15767,14183,29950,1584,5,8,일
2022-05-08,경원선,왕십리(성동구청),9523,11085,20608,-1562,5,8,일
2022-05-08,경원선,응봉,1122,1094,2216,28,5,8,일
2022-05-08,경원선,옥수,76,32,108,44,5,8,일
2022-05-08,경원선,한남,2018,2038,4056,-20,5,8,일
2022-05-08,경원선,서빙고,1555,1615,3170,-60,5,8,일
2022-05-08,경원선,이촌(국립중앙박물관),2343,1846,4189,497,5,8,일
2022-05-08,경부선,광명,3278,2079,5357,1199,5,8,일
2022-05-08,경부선,서동탄,851,853,1704,-2,5,8,일
2022-05-08,경부선,당정,3282,3153,6435,129,5,8,일
2022-05-08,경부선,천안,8131,7294,15425,837,5,8,일
2022-05-08,경부선,두정,4981,6518,11499,-1537,5,8,일
2022-05-08,경부선,직산,669,710,1379,-41,5,8,일
2022-05-08,경부선,성환,2836,3791,6627,-955,5,8,일
2022-05-08,경부선,평택,13126,13530,26656,-404,5,8,일
2022-05-08,경부선,평택지제,2837,2584,5421,253,5,8,일
2022-05-08,경부선,서정리,4934,7149,12083,-2215,5,8,일
2022-05-08,경부선,송탄,3837,4776,8613,-939,5,8,일
2022-05-08,경부선,진위,1024,1022,2046,2,5,8,일
2022-05-08,경부선,오산,8996,9356,18352,-360,5,8,일
2022-05-08,경부선,오산대,2425,2368,4793,57,5,8,일
2022-05-08,경부선,세마,1901,1766,3667,135,5,8,일
2022-05-08,경부선,병점,10346,11223,21569,-877,5,8,일
2022-05-08,경부선,세류,2291,2232,4523,59,5,8,일
2022-05-08,경부선,독산,6245,6585,12830,-340,5,8,일
2022-05-08,경부선,수원,36684,34898,71582,1786,5,8,일
2022-05-08,경부선,화서,4560,4326,8886,234,5,8,일
2022-05-08,경부선,성균관대,7948,8949,16897,-1001,5,8,일
2022-05-08,경부선,의왕,4524,4700,9224,-176,5,8,일
2022-05-08,경부선,군포,3350,3186,6536,164,5,8,일
2022-05-08,경부선,금정,14569,14996,29565,-427,5,8,일
2022-05-08,경부선,명학,3364,3351,6715,13,5,8,일
2022-05-08,경부선,안양,14180,13600,27780,580,5,8,일
2022-05-08,경부선,관악,6157,5962,12119,195,5,8,일
2022-05-08,경부선,석수,5340,4867,10207,473,5,8,일
2022-05-08,경부선,금천구청,6511,6542,13053,-31,5,8,일
2022-05-08,경부선,가산디지털단지,4762,7100,11862,-2338,5,8,일
2022-05-08,경부선,구로,10440,10735,21175,-295,5,8,일
2022-05-08,경부선,신길,4935,4542,9477,393,5,8,일
2022-05-08,경부선,신도림,2238,2448,4686,-210,5,8,일
2022-05-08,경부선,영등포,33910,32100,66010,1810,5,8,일
2022-05-08,경부선,대방,6115,6866,12981,-751,5,8,일
2022-05-08,경부선,노량진,5892,5958,11850,-66,5,8,일
2022-05-08,경부선,용산,38374,33186,71560,5188,5,8,일
2022-05-08,경부선,남영,4249,4956,9205,-707,5,8,일
2022-05-08,경부선,서울역,10371,2212,12583,8159,5,8,일
2022-05-08,경강선,여주,3118,2554,5672,564,5,8,일
2022-05-08,경강선,세종대왕릉,407,289,696,118,5,8,일
2022-05-08,경강선,부발,1790,2271,4061,-481,5,8,일
2022-05-08,경강선,이천,2517,2476,4993,41,5,8,일
2022-05-08,경강선,신둔도예촌,1130,1078,2208,52,5,8,일
2022-05-08,경강선,곤지암,1888,1771,3659,117,5,8,일
2022-05-08,경강선,초월,1870,1763,3633,107,5,8,일
2022-05-08,경강선,경기광주,4437,4175,8612,262,5,8,일
2022-05-08,경강선,삼동,1053,1033,2086,20,5,8,일
2022-05-08,경강선,이매,766,578,1344,188,5,8,일
2022-05-08,경강선,판교,2809,2721,5530,88,5,8,일
2022-05-08,9호선2~3단계,중앙보훈병원,3816,3604,7420,212,5,8,일
2022-05-08,9호선2~3단계,둔촌오륜,590,570,1160,20,5,8,일
2022-05-08,9호선2~3단계,올림픽공원(한국체대),3779,4059,7838,-280,5,8,일
2022-05-08,9호선2~3단계,한성백제,1460,1294,2754,166,5,8,일
2022-05-08,9호선2~3단계,송파나루,3040,3209,6249,-169,5,8,일
2022-05-08,9호선2~3단계,석촌,4729,4347,9076,382,5,8,일
2022-05-08,9호선2~3단계,석촌고분,3201,3265,6466,-64,5,8,일
2022-05-08,9호선2~3단계,삼전,3565,3741,7306,-176,5,8,일
2022-05-08,9호선2~3단계,종합운동장,2823,2767,5590,56,5,8,일
2022-05-08,9호선2~3단계,봉은사,14411,14880,29291,-469,5,8,일
2022-05-08,9호선2~3단계,삼성중앙,1885,2022,3907,-137,5,8,일
2022-05-08,9호선2~3단계,선정릉,2765,3014,5779,-249,5,8,일
2022-05-08,9호선2~3단계,언주,3624,3694,7318,-70,5,8,일
2022-05-08,9호선,신논현,14786,13690,28476,1096,5,8,일
2022-05-08,9호선,사평,1603,1725,3328,-122,5,8,일
2022-05-08,9호선,고속터미널,13328,16315,29643,-2987,5,8,일
2022-05-08,9호선,신반포,1838,1915,3753,-77,5,8,일
2022-05-08,9호선,구반포,423,448,871,-25,5,8,일
2022-05-08,9호선,동작(현충원),1760,1471,3231,289,5,8,일
2022-05-08,9호선,흑석(중앙대입구),4148,4372,8520,-224,5,8,일
2022-05-08,9호선,노들,2671,2416,5087,255,5,8,일
2022-05-08,9호선,노량진,14777,15973,30750,-1196,5,8,일
2022-05-08,9호선,샛강,1765,1709,3474,56,5,8,일
2022-05-08,9호선,여의도,8759,7893,16652,866,5,8,일
2022-05-08,9호선,국회의사당,4861,4483,9344,378,5,8,일
2022-05-08,9호선,당산,8816,9301,18117,-485,5,8,일
2022-05-08,9호선,선유도,2795,2894,5689,-99,5,8,일
2022-05-08,9호선,신목동,1927,1787,3714,140,5,8,일
2022-05-08,9호선,염창,8589,8880,17469,-291,5,8,일
2022-05-08,9호선,등촌,5037,5553,10590,-516,5,8,일
2022-05-08,9호선,증미,2474,2622,5096,-148,5,8,일
2022-05-08,9호선,가양,10061,10461,20522,-400,5,8,일
2022-05-08,9호선,양천향교,4056,4668,8724,-612,5,8,일
2022-05-08,9호선,마곡나루(서울식물원),5361,5537,10898,-176,5,8,일
2022-05-08,9호선,신방화,3486,3412,6898,74,5,8,일
2022-05-08,9호선,공항시장,1699,1920,3619,-221,5,8,일
2022-05-08,9호선,김포공항,8068,11400,19468,-3332,5,8,일
2022-05-08,9호선,개화,1161,1099,2260,62,5,8,일
2022-05-08,8호선,남위례,2385,2489,4874,-104,5,8,일
2022-05-08,8호선,모란,2509,2181,4690,328,5,8,일
2022-05-08,8호선,수진,3021,2864,5885,157,5,8,일
2022-05-08,8호선,신흥,2640,2876,5516,-236,5,8,일
2022-05-08,8호선,단대오거리,5551,5662,11213,-111,5,8,일
2022-05-08,8호선,남한산성입구(성남법원.검찰청),6886,6594,13480,292,5,8,일
2022-05-08,8호선,산성,3044,3136,6180,-92,5,8,일
2022-05-08,8호선,복정,4546,4431,8977,115,5,8,일
2022-05-08,8호선,장지,8983,9059,18042,-76,5,8,일
2022-05-08,8호선,문정,4844,5418,10262,-574,5,8,일
2022-05-08,8호선,가락시장,3032,3826,6858,-794,5,8,일
2022-05-08,8호선,송파,3933,4149,8082,-216,5,8,일
2022-05-08,8호선,석촌,4276,5418,9694,-1142,5,8,일
2022-05-08,8호선,잠실(송파구청),9941,10725,20666,-784,5,8,일
2022-05-08,8호선,몽촌토성(평화의문),2992,3124,6116,-132,5,8,일
2022-05-08,8호선,강동구청,4560,4762,9322,-202,5,8,일
2022-05-08,8호선,천호(풍납토성),8373,9803,18176,-1430,5,8,일
2022-05-08,8호선,암사,8861,8611,17472,250,5,8,일
2022-05-08,7호선,온수(성공회대입구),4104,4140,8244,-36,5,8,일
2022-05-08,7호선,천왕,5067,4987,10054,80,5,8,일
2022-05-08,7호선,광명사거리,12594,12582,25176,12,5,8,일
2022-05-08,7호선,철산,10627,10663,21290,-36,5,8,일
2022-05-08,7호선,가산디지털단지,10205,9793,19998,412,5,8,일
2022-05-08,7호선,남구로,7094,7043,14137,51,5,8,일
2022-05-08,7호선,대림(구로구청),7772,7232,15004,540,5,8,일
2022-05-08,7호선,신풍,6285,6248,12533,37,5,8,일
2022-05-08,7호선,보라매,4192,4420,8612,-228,5,8,일
2022-05-08,7호선,신대방삼거리,8172,8609,16781,-437,5,8,일
2022-05-08,7호선,장승배기,4556,4775,9331,-219,5,8,일
2022-05-08,7호선,상도,5315,5639,10954,-324,5,8,일
2022-05-08,7호선,숭실대입구(살피재),5835,6755,12590,-920,5,8,일
2022-05-08,7호선,남성,5602,5816,11418,-214,5,8,일
2022-05-08,7호선,이수,7993,7938,15931,55,5,8,일
2022-05-08,7호선,내방,5032,5379,10411,-347,5,8,일
2022-05-08,7호선,고속터미널,19482,8335,27817,11147,5,8,일
2022-05-08,7호선,반포,2957,2859,5816,98,5,8,일
2022-05-08,7호선,논현,5500,6052,11552,-552,5,8,일
2022-05-08,7호선,학동,5751,6015,11766,-264,5,8,일
2022-05-08,7호선,강남구청,4866,5370,10236,-504,5,8,일
2022-05-08,7호선,청담,6834,7367,14201,-533,5,8,일
2022-05-08,7호선,뚝섬유원지,7766,7741,15507,25,5,8,일
2022-05-08,7호선,건대입구,7647,8521,16168,-874,5,8,일
2022-05-08,7호선,어린이대공원(세종대),7239,8199,15438,-960,5,8,일
2022-05-08,7호선,군자(능동),7634,6520,14154,1114,5,8,일
2022-05-08,7호선,중곡,5290,5394,10684,-104,5,8,일
2022-05-08,7호선,용마산(용마폭포공원),3814,4032,7846,-218,5,8,일
2022-05-08,7호선,사가정,9130,9104,18234,26,5,8,일
2022-05-08,7호선,면목,8066,8248,16314,-182,5,8,일
2022-05-08,7호선,상봉(시외버스터미널),9298,8750,18048,548,5,8,일
2022-05-08,7호선,중화,6118,5893,12011,225,5,8,일
2022-05-08,7호선,먹골,5599,5614,11213,-15,5,8,일
2022-05-08,7호선,태릉입구,5285,5139,10424,146,5,8,일
2022-05-08,7호선,공릉(서울과학기술대),6454,7051,13505,-597,5,8,일
2022-05-08,7호선,하계,9673,9585,19258,88,5,8,일
2022-05-08,7호선,중계,6914,6734,13648,180,5,8,일
2022-05-08,7호선,노원,11617,11677,23294,-60,5,8,일
2022-05-08,7호선,마들,6268,6055,12323,213,5,8,일
2022-05-08,7호선,수락산,7898,7924,15822,-26,5,8,일
2022-05-08,7호선,도봉산,5982,8135,14117,-2153,5,8,일
2022-05-08,7호선,장암,1504,965,2469,539,5,8,일
2022-05-08,6호선,봉화산(서울의료원),4024,4019,8043,5,5,8,일
2022-05-08,6호선,화랑대(서울여대입구),5446,4946,10392,500,5,8,일
2022-05-08,6호선,태릉입구,3425,3895,7320,-470,5,8,일
2022-05-08,6호선,석계,6557,6944,13501,-387,5,8,일
2022-05-08,6호선,돌곶이,5688,5428,11116,260,5,8,일
2022-05-08,6호선,상월곡(한국과학기술연구원),3332,3118,6450,214,5,8,일
2022-05-08,6호선,월곡(동덕여대),5491,5590,11081,-99,5,8,일
2022-05-08,6호선,고려대(종암),3986,4259,8245,-273,5,8,일
2022-05-08,6호선,안암(고대병원앞),4894,6122,11016,-1228,5,8,일
2022-05-08,6호선,보문,4495,4685,9180,-190,5,8,일
2022-05-08,6호선,창신,1730,1544,3274,186,5,8,일
2022-05-08,6호선,동묘앞,5955,5946,11901,9,5,8,일
2022-05-08,6호선,신당,4421,5061,9482,-640,5,8,일
2022-05-08,6호선,청구,1700,1726,3426,-26,5,8,일
2022-05-08,6호선,약수,1735,1791,3526,-56,5,8,일
2022-05-08,6호선,버티고개,1035,1208,2243,-173,5,8,일
2022-05-08,6호선,한강진,5319,6035,11354,-716,5,8,일
2022-05-08,6호선,이태원,11557,8803,20360,2754,5,8,일
2022-05-08,6호선,녹사평(용산구청),3720,3485,7205,235,5,8,일
2022-05-08,6호선,삼각지,3848,2875,6723,973,5,8,일
2022-05-08,6호선,효창공원앞,3440,3150,6590,290,5,8,일
2022-05-08,6호선,공덕,6370,6372,12742,-2,5,8,일
2022-05-08,6호선,대흥(서강대앞),3757,4034,7791,-277,5,8,일
2022-05-08,6호선,광흥창(서강),4231,4131,8362,100,5,8,일
2022-05-08,6호선,상수,5976,6451,12427,-475,5,8,일
2022-05-08,6호선,합정,8640,8000,16640,640,5,8,일
2022-05-08,6호선,망원,9047,9907,18954,-860,5,8,일
2022-05-08,6호선,마포구청,7026,6650,13676,376,5,8,일
2022-05-08,6호선,월드컵경기장(성산),7613,7529,15142,84,5,8,일
2022-05-08,6호선,디지털미디어시티,5477,5754,11231,-277,5,8,일
2022-05-08,6호선,증산(명지대앞),5440,5786,11226,-346,5,8,일
2022-05-08,6호선,새절(신사),6690,6702,13392,-12,5,8,일
2022-05-08,6호선,구산,3936,3235,7171,701,5,8,일
2022-05-08,6호선,독바위,1595,1906,3501,-311,5,8,일
2022-05-08,6호선,불광,3131,2749,5880,382,5,8,일
2022-05-08,6호선,역촌,1976,2370,4346,-394,5,8,일
2022-05-08,6호선,응암,9464,9823,19287,-359,5,8,일
2022-05-08,5호선,하남검단산,4583,4428,9011,155,5,8,일
2022-05-08,5호선,하남시청(덕풍·신장),4083,3920,8003,163,5,8,일
2022-05-08,5호선,하남풍산,2301,2242,4543,59,5,8,일
2022-05-08,5호선,미사,8663,8937,17600,-274,5,8,일
2022-05-08,5호선,강일,2198,2169,4367,29,5,8,일
2022-05-08,5호선,마천,3913,4057,7970,-144,5,8,일
2022-05-08,5호선,거여,4623,4562,9185,61,5,8,일
2022-05-08,5호선,개롱,2816,3154,5970,-338,5,8,일
2022-05-08,5호선,오금,1642,1555,3197,87,5,8,일
2022-05-08,5호선,방이,3718,3699,7417,19,5,8,일
2022-05-08,5호선,올림픽공원(한국체대),2187,1886,4073,301,5,8,일
2022-05-08,5호선,둔촌동,4453,4638,9091,-185,5,8,일
2022-05-08,5호선,상일동,6509,6590,13099,-81,5,8,일
2022-05-08,5호선,고덕,4188,4219,8407,-31,5,8,일
2022-05-08,5호선,명일,4970,5098,10068,-128,5,8,일
2022-05-08,5호선,굽은다리(강동구민회관앞),5565,5393,10958,172,5,8,일
2022-05-08,5호선,길동,4109,4236,8345,-127,5,8,일
2022-05-08,5호선,강동,8448,8623,17071,-175,5,8,일
2022-05-08,5호선,천호(풍납토성),12337,11953,24290,384,5,8,일
2022-05-08,5호선,광나루(장신대),7724,7654,15378,70,5,8,일
2022-05-08,5호선,아차산(어린이대공원후문),11670,11556,23226,114,5,8,일
2022-05-08,5호선,군자(능동),5963,6675,12638,-712,5,8,일
2022-05-08,5호선,장한평,7499,7679,15178,-180,5,8,일
2022-05-08,5호선,답십리,7416,7140,14556,276,5,8,일
2022-05-08,5호선,마장,3058,2996,6054,62,5,8,일
2022-05-08,5호선,왕십리(성동구청),2363,2852,5215,-489,5,8,일
2022-05-08,5호선,행당,4088,3768,7856,320,5,8,일
2022-05-08,5호선,신금호,3052,3378,6430,-326,5,8,일
2022-05-08,5호선,청구,1919,1694,3613,225,5,8,일
2022-05-08,5호선,동대문역사문화공원(DDP),654,782,1436,-128,5,8,일
2022-05-08,5호선,을지로4가,1423,1558,2981,-135,5,8,일
2022-05-08,5호선,종로3가,8621,7431,16052,1190,5,8,일
2022-05-08,5호선,광화문(세종문화회관),11034,11029,22063,5,5,8,일
2022-05-08,5호선,서대문,5144,5198,10342,-54,5,8,일
2022-05-08,5호선,충정로(경기대입구),1459,1522,2981,-63,5,8,일
2022-05-08,5호선,애오개,2573,2864,5437,-291,5,8,일
2022-05-08,5호선,공덕,4180,4294,8474,-114,5,8,일
2022-05-08,5호선,마포,4907,5048,9955,-141,5,8,일
2022-05-08,5호선,여의나루,10362,11952,22314,-1590,5,8,일
2022-05-08,5호선,여의도,8091,7871,15962,220,5,8,일
2022-05-08,5호선,신길,1696,2161,3857,-465,5,8,일
2022-05-08,5호선,영등포시장,4929,5386,10315,-457,5,8,일
2022-05-08,5호선,영등포구청,1329,1251,2580,78,5,8,일
2022-05-08,5호선,양평,2437,2728,5165,-291,5,8,일
2022-05-08,5호선,오목교(목동운동장앞),10976,11533,22509,-557,5,8,일
2022-05-08,5호선,목동,7670,7952,15622,-282,5,8,일
2022-05-08,5호선,신정(은행정),6496,6173,12669,323,5,8,일
2022-05-08,5호선,까치산,16078,16222,32300,-144,5,8,일
2022-05-08,5호선,화곡,14383,13953,28336,430,5,8,일
2022-05-08,5호선,우장산,7026,7301,14327,-275,5,8,일
2022-05-08,5호선,발산,9127,9782,18909,-655,5,8,일
2022-05-08,5호선,마곡,3559,3893,7452,-334,5,8,일
2022-05-08,5호선,송정,3845,3871,7716,-26,5,8,일
2022-05-08,5호선,김포공항,7702,7125,14827,577,5,8,일
2022-05-08,5호선,개화산,2785,2912,5697,-127,5,8,일
2022-05-08,5호선,방화,4147,4303,8450,-156,5,8,일
2022-05-08,4호선,남태령,994,686,1680,308,5,8,일
2022-05-08,4호선,사당,15379,14210,29589,1169,5,8,일
2022-05-08,4호선,총신대입구(이수),10205,11074,21279,-869,5,8,일
2022-05-08,4호선,동작(현충원),1071,1153,2224,-82,5,8,일
2022-05-08,4호선,이촌(국립중앙박물관),5579,6235,11814,-656,5,8,일
2022-05-08,4호선,신용산,9140,8844,17984,296,5,8,일
2022-05-08,4호선,삼각지,2684,3491,6175,-807,5,8,일
2022-05-08,4호선,숙대입구(갈월),7522,7355,14877,167,5,8,일
2022-05-08,4호선,서울역,4455,11432,15887,-6977,5,8,일
2022-05-08,4호선,회현(남대문시장),8740,8707,17447,33,5,8,일
2022-05-08,4호선,명동,11116,10928,22044,188,5,8,일
2022-05-08,4호선,충무로,7925,8903,16828,-978,5,8,일
2022-05-08,4호선,동대문역사문화공원(DDP),8820,7820,16640,1000,5,8,일
2022-05-08,4호선,동대문,6652,7457,14109,-805,5,8,일
2022-05-08,4호선,혜화,21430,22375,43805,-945,5,8,일
2022-05-08,4호선,한성대입구(삼선교),10092,10497,20589,-405,5,8,일
2022-05-08,4호선,성신여대입구(돈암),13212,13233,26445,-21,5,8,일
2022-05-08,4호선,길음,11182,11463,22645,-281,5,8,일
2022-05-08,4호선,미아사거리,16874,16160,33034,714,5,8,일
2022-05-08,4호선,미아(서울사이버대학),8513,7997,16510,516,5,8,일
2022-05-08,4호선,수유(강북구청),21524,21266,42790,258,5,8,일
2022-05-08,4호선,쌍문,16806,15408,32214,1398,5,8,일
2022-05-08,4호선,창동,15548,15964,31512,-416,5,8,일
2022-05-08,4호선,노원,12784,13525,26309,-741,5,8,일
2022-05-08,4호선,상계,11521,10870,22391,651,5,8,일
2022-05-08,4호선,당고개,7868,7764,15632,104,5,8,일
2022-05-08,3호선,오금,2717,2769,5486,-52,5,8,일
2022-05-08,3호선,경찰병원,2745,2951,5696,-206,5,8,일
2022-05-08,3호선,가락시장,3532,3891,7423,-359,5,8,일
2022-05-08,3호선,수서,11529,10553,22082,976,5,8,일
2022-05-08,3호선,일원,3574,3856,7430,-282,5,8,일
2022-05-08,3호선,대청,4102,4197,8299,-95,5,8,일
2022-05-08,3호선,학여울,1972,2114,4086,-142,5,8,일
2022-05-08,3호선,대치,6112,5530,11642,582,5,8,일
2022-05-08,3호선,도곡,1806,1945,3751,-139,5,8,일
2022-05-08,3호선,매봉,4146,4125,8271,21,5,8,일
2022-05-08,3호선,양재(서초구청),13475,16295,29770,-2820,5,8,일
2022-05-08,3호선,남부터미널(예술의전당),16815,16267,33082,548,5,8,일
2022-05-08,3호선,교대(법원.검찰청),4067,2638,6705,1429,5,8,일
2022-05-08,3호선,고속터미널,53797,43248,97045,10549,5,8,일
2022-05-08,3호선,잠원,2244,2262,4506,-18,5,8,일
2022-05-08,3호선,신사,12482,12592,25074,-110,5,8,일
2022-05-08,3호선,압구정,13050,13705,26755,-655,5,8,일
2022-05-08,3호선,옥수,5288,5561,10849,-273,5,8,일
2022-05-08,3호선,금호,4263,4255,8518,8,5,8,일
2022-05-08,3호선,약수,6862,6833,13695,29,5,8,일
2022-05-08,3호선,동대입구,4853,5413,10266,-560,5,8,일
2022-05-08,3호선,을지로3가,3105,2895,6000,210,5,8,일
2022-05-08,3호선,종로3가,4056,4887,8943,-831,5,8,일
2022-05-08,3호선,안국,13735,14988,28723,-1253,5,8,일
2022-05-08,3호선,경복궁(정부서울청사),12774,12763,25537,11,5,8,일
2022-05-08,3호선,독립문,4614,5108,9722,-494,5,8,일
2022-05-08,3호선,무악재,2055,2379,4434,-324,5,8,일
2022-05-08,3호선,홍제,9916,9806,19722,110,5,8,일
2022-05-08,3호선,녹번,7521,7040,14561,481,5,8,일
2022-05-08,3호선,불광,9963,11413,21376,-1450,5,8,일
2022-05-08,3호선,연신내,22421,21279,43700,1142,5,8,일
2022-05-08,3호선,구파발,13513,13924,27437,-411,5,8,일
2022-05-08,3호선,지축,2552,2307,4859,245,5,8,일
2022-05-08,2호선,용두(동대문구청),1042,1053,2095,-11,5,8,일
2022-05-08,2호선,신정네거리,5326,5569,10895,-243,5,8,일
2022-05-08,2호선,양천구청,3297,3547,6844,-250,5,8,일
2022-05-08,2호선,도림천,435,487,922,-52,5,8,일
2022-05-08,2호선,신설동,3074,3243,6317,-169,5,8,일
2022-05-08,2호선,신답,747,843,1590,-96,5,8,일
2022-05-08,2호선,용답,1782,1977,3759,-195,5,8,일
2022-05-08,2호선,충정로(경기대입구),3286,3614,6900,-328,5,8,일
2022-05-08,2호선,아현,5311,5517,10828,-206,5,8,일
2022-05-08,2호선,이대,6957,8166,15123,-1209,5,8,일
2022-05-08,2호선,신촌,21169,20673,41842,496,5,8,일
2022-05-08,2호선,홍대입구,46577,45177,91754,1400,5,8,일
2022-05-08,2호선,합정,18370,19601,37971,-1231,5,8,일
2022-05-08,2호선,당산,8246,8916,17162,-670,5,8,일
2022-05-08,2호선,영등포구청,6749,7170,13919,-421,5,8,일
2022-05-08,2호선,문래,6883,7382,14265,-499,5,8,일
2022-05-08,2호선,신도림,27114,27952,55066,-838,5,8,일
2022-05-08,2호선,대림(구로구청),15645,16014,31659,-369,5,8,일
2022-05-08,2호선,구로디지털단지,23076,23436,46512,-360,5,8,일
2022-05-08,2호선,신대방,16102,16474,32576,-372,5,8,일
2022-05-08,2호선,신림,36601,38308,74909,-1707,5,8,일
2022-05-08,2호선,봉천,12183,12698,24881,-515,5,8,일
2022-05-08,2호선,서울대입구(관악구청),25723,28229,53952,-2506,5,8,일
2022-05-08,2호선,낙성대(강감찬),15137,17215,32352,-2078,5,8,일
2022-05-08,2호선,사당,20289,22860,43149,-2571,5,8,일
2022-05-08,2호선,방배,6614,7169,13783,-555,5,8,일
2022-05-08,2호선,서초,11373,10362,21735,1011,5,8,일
2022-05-08,2호선,교대(법원.검찰청),9751,11066,20817,-1315,5,8,일
2022-05-08,2호선,강남,30625,29556,60181,1069,5,8,일
2022-05-08,2호선,역삼,10715,11747,22462,-1032,5,8,일
2022-05-08,2호선,선릉,12118,10529,22647,1589,5,8,일
2022-05-08,2호선,삼성(무역센터),21134,19157,40291,1977,5,8,일
2022-05-08,2호선,종합운동장,11423,11977,23400,-554,5,8,일
2022-05-08,2호선,잠실새내,10864,11201,22065,-337,5,8,일
2022-05-08,2호선,잠실(송파구청),48619,44639,93258,3980,5,8,일
2022-05-08,2호선,잠실나루,5154,5331,10485,-177,5,8,일
2022-05-08,2호선,강변(동서울터미널),28016,23394,51410,4622,5,8,일
2022-05-08,2호선,구의(광진구청),11268,11932,23200,-664,5,8,일
2022-05-08,2호선,건대입구,26088,27120,53208,-1032,5,8,일
2022-05-08,2호선,성수,12913,14057,26970,-1144,5,8,일
2022-05-08,2호선,뚝섬,9213,9532,18745,-319,5,8,일
2022-05-08,2호선,한양대,2387,2958,5345,-571,5,8,일
2022-05-08,2호선,왕십리(성동구청),8967,8185,17152,782,5,8,일
2022-05-08,2호선,상왕십리,6997,7290,14287,-293,5,8,일
2022-05-08,2호선,신당,7960,8860,16820,-900,5,8,일
2022-05-08,2호선,동대문역사문화공원(DDP),7342,8694,16036,-1352,5,8,일
2022-05-08,2호선,을지로4가,3159,3073,6232,86,5,8,일
2022-05-08,2호선,을지로3가,7790,7233,15023,557,5,8,일
2022-05-08,2호선,을지로입구,15415,14304,29719,1111,5,8,일
2022-05-08,2호선,시청,5368,4275,9643,1093,5,8,일
2022-05-08,1호선,동묘앞,11574,11629,23203,-55,5,8,일
2022-05-08,1호선,청량리(서울시립대입구),13031,13063,26094,-32,5,8,일
2022-05-08,1호선,제기동,9702,10671,20373,-969,5,8,일
2022-05-08,1호선,신설동,7568,7834,15402,-266,5,8,일
2022-05-08,1호선,동대문,9705,10234,19939,-529,5,8,일
2022-05-08,1호선,종로5가,9185,8771,17956,414,5,8,일
2022-05-08,1호선,종로3가,13367,11781,25148,1586,5,8,일
2022-05-08,1호선,종각,17657,16482,34139,1175,5,8,일
2022-05-08,1호선,시청,7616,6914,14530,702,5,8,일
2022-05-08,안산선,상록수,10502,10188,20690,314,5,8,일
2022-05-08,1호선,서울역,33122,28886,62008,4236,5,8,일
2022-05-08,안산선,한대앞,5745,5960,11705,-215,5,8,일
2022-05-09,우이신설선,북한산보국문,6412,6183,12595,229,5,9,월
2022-05-09,우이신설선,삼양사거리,2661,2653,5314,8,5,9,월
2022-05-09,우이신설선,솔샘,6309,5963,12272,346,5,9,월
2022-05-09,5호선,송정,6789,6444,13233,345,5,9,월
2022-05-09,안산선,대야미,5554,4996,10550,558,5,9,월
2022-05-09,1호선,서울역,49727,44700,94427,5027,5,9,월
2022-05-09,1호선,시청,23955,24233,48188,-278,5,9,월
2022-05-09,1호선,종각,36885,36258,73143,627,5,9,월
2022-05-09,1호선,종로3가,26127,24010,50137,2117,5,9,월
2022-05-09,1호선,종로5가,23599,23521,47120,78,5,9,월
2022-05-09,1호선,동대문,11542,10841,22383,701,5,9,월
2022-05-09,1호선,신설동,14252,14175,28427,77,5,9,월
2022-05-09,1호선,제기동,17311,17976,35287,-665,5,9,월
2022-05-09,1호선,청량리(서울시립대입구),20747,20350,41097,397,5,9,월
2022-05-09,1호선,동묘앞,7920,8308,16228,-388,5,9,월
2022-05-09,2호선,시청,24587,24340,48927,247,5,9,월
2022-05-09,2호선,을지로입구,40436,42376,82812,-1940,5,9,월
2022-05-09,2호선,을지로3가,23526,23723,47249,-197,5,9,월
2022-05-09,2호선,을지로4가,13199,13411,26610,-212,5,9,월
2022-05-09,2호선,동대문역사문화공원(DDP),11942,13671,25613,-1729,5,9,월
2022-05-09,2호선,신당,14176,14653,28829,-477,5,9,월
2022-05-09,2호선,상왕십리,14888,14374,29262,514,5,9,월
2022-05-09,2호선,왕십리(성동구청),17388,14001,31389,3387,5,9,월
2022-05-09,2호선,한양대,14859,17077,31936,-2218,5,9,월
2022-05-09,2호선,뚝섬,22253,24221,46474,-1968,5,9,월
2022-05-09,2호선,성수,37435,41072,78507,-3637,5,9,월
2022-05-09,2호선,건대입구,35827,39409,75236,-3582,5,9,월
2022-05-09,2호선,구의(광진구청),24058,23817,47875,241,5,9,월
2022-05-09,2호선,강변(동서울터미널),33477,30483,63960,2994,5,9,월
2022-05-09,2호선,잠실나루,15679,15480,31159,199,5,9,월
2022-05-09,2호선,잠실(송파구청),69671,69438,139109,233,5,9,월
2022-05-09,2호선,잠실새내,21715,21576,43291,139,5,9,월
2022-05-09,2호선,종합운동장,7486,8574,16060,-1088,5,9,월
2022-05-09,2호선,삼성(무역센터),51794,53268,105062,-1474,5,9,월
2022-05-09,2호선,선릉,59743,53654,113397,6089,5,9,월
2022-05-09,2호선,역삼,54904,62911,117815,-8007,5,9,월
2022-05-09,2호선,강남,85160,85124,170284,36,5,9,월
2022-05-09,2호선,교대(법원.검찰청),35546,40515,76061,-4969,5,9,월
2022-05-09,2호선,서초,22029,21473,43502,556,5,9,월
2022-05-09,2호선,방배,20190,21094,41284,-904,5,9,월
2022-05-09,2호선,사당,38307,42562,80869,-4255,5,9,월
2022-05-09,2호선,낙성대(강감찬),27916,28025,55941,-109,5,9,월
2022-05-09,2호선,서울대입구(관악구청),49384,49541,98925,-157,5,9,월
2022-05-09,2호선,봉천,24586,22965,47551,1621,5,9,월
2022-05-09,2호선,신림,65102,63476,128578,1626,5,9,월
2022-05-09,2호선,신대방,27867,27331,55198,536,5,9,월
2022-05-09,2호선,구로디지털단지,61683,62005,123688,-322,5,9,월
2022-05-09,2호선,대림(구로구청),25176,25525,50701,-349,5,9,월
2022-05-09,2호선,신도림,48909,48761,97670,148,5,9,월
2022-05-09,2호선,문래,22829,23279,46108,-450,5,9,월
2022-05-09,2호선,영등포구청,23296,24592,47888,-1296,5,9,월
2022-05-09,2호선,당산,19738,23004,42742,-3266,5,9,월
2022-05-09,2호선,합정,30578,32296,62874,-1718,5,9,월
2022-05-09,2호선,홍대입구,54109,57113,111222,-3004,5,9,월
2022-05-09,2호선,신촌,33991,35547,69538,-1556,5,9,월
2022-05-09,2호선,이대,14331,16111,30442,-1780,5,9,월
2022-05-09,2호선,아현,10902,10354,21256,548,5,9,월
2022-05-09,2호선,충정로(경기대입구),10573,11086,21659,-513,5,9,월
2022-05-09,2호선,용답,3321,3450,6771,-129,5,9,월
2022-05-09,2호선,신답,1764,1970,3734,-206,5,9,월
2022-05-09,2호선,신설동,3271,3424,6695,-153,5,9,월
2022-05-09,2호선,도림천,1498,1532,3030,-34,5,9,월
2022-05-09,2호선,양천구청,7268,7547,14815,-279,5,9,월
2022-05-09,2호선,신정네거리,11105,11330,22435,-225,5,9,월
2022-05-09,2호선,용두(동대문구청),2451,2531,4982,-80,5,9,월
2022-05-09,3호선,지축,5499,5087,10586,412,5,9,월
2022-05-09,3호선,구파발,22257,21273,43530,984,5,9,월
2022-05-09,3호선,연신내,37919,35972,73891,1947,5,9,월
2022-05-09,3호선,불광,16951,18296,35247,-1345,5,9,월
2022-05-09,3호선,녹번,16751,15064,31815,1687,5,9,월
2022-05-09,3호선,홍제,19037,18181,37218,856,5,9,월
2022-05-09,3호선,무악재,4187,4257,8444,-70,5,9,월
2022-05-09,3호선,독립문,7436,7886,15322,-450,5,9,월
2022-05-09,3호선,경복궁(정부서울청사),26711,27737,54448,-1026,5,9,월
2022-05-09,3호선,안국,22465,22864,45329,-399,5,9,월
2022-05-09,3호선,종로3가,10213,11755,21968,-1542,5,9,월
2022-05-09,3호선,을지로3가,10900,11319,22219,-419,5,9,월
2022-05-09,3호선,충무로,1,0,1,1,5,9,월
2022-05-09,3호선,동대입구,9504,10419,19923,-915,5,9,월
2022-05-09,3호선,약수,13656,13454,27110,202,5,9,월
2022-05-09,3호선,금호,8274,7725,15999,549,5,9,월
2022-05-09,3호선,옥수,9325,9539,18864,-214,5,9,월
2022-05-09,3호선,압구정,32193,34596,66789,-2403,5,9,월
2022-05-09,3호선,신사,31146,32788,63934,-1642,5,9,월
2022-05-09,3호선,잠원,5118,4920,10038,198,5,9,월
2022-05-09,3호선,고속터미널,43935,39263,83198,4672,5,9,월
2022-05-09,3호선,교대(법원.검찰청),15499,10247,25746,5252,5,9,월
2022-05-09,3호선,남부터미널(예술의전당),31200,31001,62201,199,5,9,월
2022-05-09,3호선,양재(서초구청),40259,44660,84919,-4401,5,9,월
2022-05-09,3호선,매봉,13312,12718,26030,594,5,9,월
2022-05-09,3호선,도곡,5744,5947,11691,-203,5,9,월
2022-05-09,3호선,대치,11376,11421,22797,-45,5,9,월
2022-05-09,3호선,학여울,1888,1889,3777,-1,5,9,월
2022-05-09,3호선,대청,10791,10182,20973,609,5,9,월
2022-05-09,3호선,일원,11445,11052,22497,393,5,9,월
2022-05-09,3호선,수서,17858,18253,36111,-395,5,9,월
2022-05-09,3호선,가락시장,9634,9257,18891,377,5,9,월
2022-05-09,3호선,경찰병원,7667,7639,15306,28,5,9,월
2022-05-09,3호선,오금,6747,6108,12855,639,5,9,월
2022-05-09,4호선,당고개,9559,8371,17930,1188,5,9,월
2022-05-09,4호선,상계,21022,18997,40019,2025,5,9,월
2022-05-09,4호선,노원,19873,22450,42323,-2577,5,9,월
2022-05-09,4호선,창동,26387,27653,54040,-1266,5,9,월
2022-05-09,4호선,쌍문,30794,28401,59195,2393,5,9,월
2022-05-09,4호선,수유(강북구청),35242,35450,70692,-208,5,9,월
2022-05-09,4호선,미아(서울사이버대학),16284,15802,32086,482,5,9,월
2022-05-09,4호선,미아사거리,28606,27877,56483,729,5,9,월
2022-05-09,4호선,길음,22777,22923,45700,-146,5,9,월
2022-05-09,4호선,성신여대입구(돈암),21376,20797,42173,579,5,9,월
2022-05-09,4호선,한성대입구(삼선교),14996,14349,29345,647,5,9,월
2022-05-09,4호선,혜화,32004,32617,64621,-613,5,9,월
2022-05-09,4호선,동대문,20836,21750,42586,-914,5,9,월
2022-05-09,4호선,동대문역사문화공원(DDP),14535,13693,28228,842,5,9,월
2022-05-09,4호선,충무로,29356,30872,60228,-1516,5,9,월
2022-05-09,4호선,명동,21216,21863,43079,-647,5,9,월
2022-05-09,4호선,회현(남대문시장),23671,25374,49045,-1703,5,9,월
2022-05-09,4호선,서울역,11927,17205,29132,-5278,5,9,월
2022-05-09,4호선,숙대입구(갈월),14568,14346,28914,222,5,9,월
2022-05-09,4호선,삼각지,5080,5634,10714,-554,5,9,월
2022-05-09,4호선,신용산,17930,18796,36726,-866,5,9,월
2022-05-09,4호선,이촌(국립중앙박물관),8439,9378,17817,-939,5,9,월
2022-05-09,4호선,동작(현충원),1666,1864,3530,-198,5,9,월
2022-05-09,4호선,총신대입구(이수),19701,21302,41003,-1601,5,9,월
2022-05-09,4호선,사당,26695,22575,49270,4120,5,9,월
2022-05-09,4호선,남태령,1332,1141,2473,191,5,9,월
2022-05-09,5호선,방화,7101,6836,13937,265,5,9,월
2022-05-09,5호선,개화산,6050,5736,11786,314,5,9,월
2022-05-09,5호선,김포공항,7551,7242,14793,309,5,9,월
2022-05-09,5호선,마곡,11367,11450,22817,-83,5,9,월
2022-05-09,5호선,발산,21295,22398,43693,-1103,5,9,월
2022-05-09,5호선,우장산,16015,15447,31462,568,5,9,월
2022-05-09,5호선,화곡,30255,28159,58414,2096,5,9,월
2022-05-09,5호선,까치산,30224,28768,58992,1456,5,9,월
2022-05-09,5호선,신정(은행정),14728,11976,26704,2752,5,9,월
2022-05-09,5호선,목동,17573,18887,36460,-1314,5,9,월
2022-05-09,5호선,오목교(목동운동장앞),21830,23425,45255,-1595,5,9,월
2022-05-09,5호선,양평,7830,7721,15551,109,5,9,월
2022-05-09,5호선,영등포구청,4327,4487,8814,-160,5,9,월
2022-05-09,5호선,영등포시장,10178,10530,20708,-352,5,9,월
2022-05-09,5호선,신길,4291,4607,8898,-316,5,9,월
2022-05-09,5호선,여의도,29588,32222,61810,-2634,5,9,월
2022-05-09,5호선,여의나루,14364,15441,29805,-1077,5,9,월
2022-05-09,5호선,마포,15162,15619,30781,-457,5,9,월
2022-05-09,5호선,공덕,14977,15856,30833,-879,5,9,월
2022-05-09,5호선,애오개,6980,6979,13959,1,5,9,월
2022-05-09,5호선,충정로(경기대입구),4976,5040,10016,-64,5,9,월
2022-05-09,5호선,서대문,21007,21686,42693,-679,5,9,월
2022-05-09,5호선,광화문(세종문화회관),32064,33721,65785,-1657,5,9,월
2022-05-09,5호선,종로3가,12537,12517,25054,20,5,9,월
2022-05-09,5호선,을지로4가,6461,6444,12905,17,5,9,월
2022-05-09,5호선,동대문역사문화공원(DDP),3019,3629,6648,-610,5,9,월
2022-05-09,5호선,청구,4202,3863,8065,339,5,9,월
2022-05-09,5호선,신금호,6970,7203,14173,-233,5,9,월
2022-05-09,5호선,행당,8534,7563,16097,971,5,9,월
2022-05-09,5호선,왕십리(성동구청),4614,5282,9896,-668,5,9,월
2022-05-09,5호선,마장,6002,5753,11755,249,5,9,월
2022-05-09,5호선,답십리,16744,15258,32002,1486,5,9,월
2022-05-09,5호선,장한평,19207,19097,38304,110,5,9,월
2022-05-09,5호선,군자(능동),11499,12671,24170,-1172,5,9,월
2022-05-09,5호선,아차산(어린이대공원후문),15893,15167,31060,726,5,9,월
2022-05-09,5호선,광나루(장신대),14546,13240,27786,1306,5,9,월
2022-05-09,5호선,천호(풍납토성),18187,18865,37052,-678,5,9,월
2022-05-09,5호선,강동,19475,18731,38206,744,5,9,월
2022-05-09,5호선,길동,8296,8602,16898,-306,5,9,월
2022-05-09,5호선,굽은다리(강동구민회관앞),10208,9633,19841,575,5,9,월
2022-05-09,5호선,명일,9382,9610,18992,-228,5,9,월
2022-05-09,5호선,고덕,10413,10193,20606,220,5,9,월
2022-05-09,5호선,상일동,15980,14735,30715,1245,5,9,월
2022-05-09,5호선,둔촌동,8501,8516,17017,-15,5,9,월
2022-05-09,5호선,올림픽공원(한국체대),4745,4066,8811,679,5,9,월
2022-05-09,5호선,방이,7267,7576,14843,-309,5,9,월
2022-05-09,5호선,오금,4130,4149,8279,-19,5,9,월
2022-05-09,5호선,개롱,6942,6999,13941,-57,5,9,월
2022-05-09,5호선,거여,11000,10489,21489,511,5,9,월
2022-05-09,5호선,마천,7871,7333,15204,538,5,9,월
2022-05-09,5호선,강일,4727,4342,9069,385,5,9,월
2022-05-09,5호선,미사,16805,16855,33660,-50,5,9,월
2022-05-09,5호선,하남풍산,4633,4476,9109,157,5,9,월
2022-05-09,5호선,하남시청(덕풍·신장),7739,7350,15089,389,5,9,월
2022-05-09,5호선,하남검단산,6000,5703,11703,297,5,9,월
2022-05-09,6호선,응암,18497,18180,36677,317,5,9,월
2022-05-09,6호선,역촌,3846,4535,8381,-689,5,9,월
2022-05-09,6호선,불광,4326,4326,8652,0,5,9,월
2022-05-09,6호선,독바위,2940,3031,5971,-91,5,9,월
2022-05-09,6호선,구산,8150,5916,14066,2234,5,9,월
2022-05-09,6호선,새절(신사),14021,12978,26999,1043,5,9,월
2022-05-09,6호선,증산(명지대앞),10686,10648,21334,38,5,9,월
2022-05-09,6호선,디지털미디어시티,15201,16485,31686,-1284,5,9,월
2022-05-09,6호선,월드컵경기장(성산),4774,5053,9827,-279,5,9,월
2022-05-09,6호선,마포구청,14605,13110,27715,1495,5,9,월
2022-05-09,6호선,망원,13714,14525,28239,-811,5,9,월
2022-05-09,6호선,합정,12833,12999,25832,-166,5,9,월
2022-05-09,6호선,상수,8624,9948,18572,-1324,5,9,월
2022-05-09,6호선,광흥창(서강),9731,9266,18997,465,5,9,월
2022-05-09,6호선,대흥(서강대앞),9064,9454,18518,-390,5,9,월
2022-05-09,6호선,공덕,19576,19242,38818,334,5,9,월
2022-05-09,6호선,효창공원앞,7727,7035,14762,692,5,9,월
2022-05-09,6호선,삼각지,6738,5866,12604,872,5,9,월
2022-05-09,6호선,녹사평(용산구청),4759,4747,9506,12,5,9,월
2022-05-09,6호선,이태원,9852,10313,20165,-461,5,9,월
2022-05-09,6호선,한강진,6996,8270,15266,-1274,5,9,월
2022-05-09,6호선,버티고개,2352,2197,4549,155,5,9,월
2022-05-09,6호선,약수,3912,3886,7798,26,5,9,월
2022-05-09,6호선,청구,3784,3989,7773,-205,5,9,월
2022-05-09,6호선,신당,8014,8515,16529,-501,5,9,월
2022-05-09,6호선,동묘앞,7952,8336,16288,-384,5,9,월
2022-05-09,6호선,창신,3921,3314,7235,607,5,9,월
2022-05-09,6호선,보문,7795,7203,14998,592,5,9,월
2022-05-09,6호선,안암(고대병원앞),14572,15454,30026,-882,5,9,월
2022-05-09,6호선,고려대(종암),9148,8933,18081,215,5,9,월
2022-05-09,6호선,월곡(동덕여대),13488,13128,26616,360,5,9,월
2022-05-09,6호선,상월곡(한국과학기술연구원),6910,6411,13321,499,5,9,월
2022-05-09,6호선,돌곶이,9980,9320,19300,660,5,9,월
2022-05-09,6호선,석계,13093,14092,27185,-999,5,9,월
2022-05-09,6호선,태릉입구,6041,6722,12763,-681,5,9,월
2022-05-09,6호선,화랑대(서울여대입구),13285,10395,23680,2890,5,9,월
2022-05-09,6호선,봉화산(서울의료원),9523,8844,18367,679,5,9,월
2022-05-09,6호선,신내,2,0,2,2,5,9,월
2022-05-09,7호선,장암,2522,862,3384,1660,5,9,월
2022-05-09,7호선,도봉산,10457,11503,21960,-1046,5,9,월
2022-05-09,7호선,수락산,13232,12878,26110,354,5,9,월
2022-05-09,7호선,마들,13578,12610,26188,968,5,9,월
2022-05-09,7호선,노원,20070,21509,41579,-1439,5,9,월
2022-05-09,7호선,중계,16002,14805,30807,1197,5,9,월
2022-05-09,7호선,하계,19096,17528,36624,1568,5,9,월
2022-05-09,7호선,공릉(서울과학기술대),13554,13704,27258,-150,5,9,월
2022-05-09,7호선,태릉입구,9529,9465,18994,64,5,9,월
2022-05-09,7호선,먹골,10576,10303,20879,273,5,9,월
2022-05-09,7호선,중화,11304,10926,22230,378,5,9,월
2022-05-09,7호선,상봉(시외버스터미널),17400,16324,33724,1076,5,9,월
2022-05-09,7호선,면목,17191,16631,33822,560,5,9,월
2022-05-09,7호선,사가정,17129,17022,34151,107,5,9,월
2022-05-09,7호선,용마산(용마폭포공원),6429,6142,12571,287,5,9,월
2022-05-09,7호선,중곡,11642,10801,22443,841,5,9,월
2022-05-09,7호선,군자(능동),15331,12452,27783,2879,5,9,월
2022-05-09,7호선,어린이대공원(세종대),16232,17302,33534,-1070,5,9,월
2022-05-09,7호선,건대입구,13423,14334,27757,-911,5,9,월
2022-05-09,7호선,뚝섬유원지,11366,10873,22239,493,5,9,월
2022-05-09,7호선,청담,20763,23261,44024,-2498,5,9,월
2022-05-09,7호선,강남구청,16392,18354,34746,-1962,5,9,월
2022-05-09,7호선,학동,25197,27159,52356,-1962,5,9,월
2022-05-09,7호선,논현,21724,23505,45229,-1781,5,9,월
2022-05-09,7호선,반포,6012,5962,11974,50,5,9,월
2022-05-09,7호선,고속터미널,18523,14135,32658,4388,5,9,월
2022-05-09,7호선,내방,15557,16003,31560,-446,5,9,월
2022-05-09,7호선,이수,16173,15748,31921,425,5,9,월
2022-05-09,7호선,남성,12051,11202,23253,849,5,9,월
2022-05-09,7호선,숭실대입구(살피재),15818,16318,32136,-500,5,9,월
2022-05-09,7호선,상도,12036,12006,24042,30,5,9,월
2022-05-09,7호선,장승배기,9477,9289,18766,188,5,9,월
2022-05-09,7호선,신대방삼거리,17651,17084,34735,567,5,9,월
2022-05-09,7호선,보라매,10870,10957,21827,-87,5,9,월
2022-05-09,7호선,신풍,12370,11785,24155,585,5,9,월
2022-05-09,7호선,대림(구로구청),8230,8140,16370,90,5,9,월
2022-05-09,7호선,남구로,16812,17649,34461,-837,5,9,월
2022-05-09,7호선,가산디지털단지,47705,48044,95749,-339,5,9,월
2022-05-09,7호선,철산,22226,22526,44752,-300,5,9,월
2022-05-09,7호선,광명사거리,22869,22424,45293,445,5,9,월
2022-05-09,7호선,천왕,12189,11602,23791,587,5,9,월
2022-05-09,7호선,온수(성공회대입구),11653,10944,22597,709,5,9,월
2022-05-09,8호선,암사,19996,17446,37442,2550,5,9,월
2022-05-09,8호선,천호(풍납토성),14840,17055,31895,-2215,5,9,월
2022-05-09,8호선,강동구청,10997,11350,22347,-353,5,9,월
2022-05-09,8호선,몽촌토성(평화의문),6369,6441,12810,-72,5,9,월
2022-05-09,8호선,잠실(송파구청),13402,16420,29822,-3018,5,9,월
2022-05-09,8호선,석촌,7756,9033,16789,-1277,5,9,월
2022-05-09,8호선,송파,8970,8596,17566,374,5,9,월
2022-05-09,8호선,가락시장,7787,8753,16540,-966,5,9,월
2022-05-09,8호선,문정,22815,24413,47228,-1598,5,9,월
2022-05-09,8호선,장지,17517,17042,34559,475,5,9,월
2022-05-09,8호선,복정,10335,8705,19040,1630,5,9,월
2022-05-09,8호선,산성,5856,5944,11800,-88,5,9,월
2022-05-09,8호선,남한산성입구(성남법원.검찰청),16471,15368,31839,1103,5,9,월
2022-05-09,8호선,단대오거리,12330,11505,23835,825,5,9,월
2022-05-09,8호선,신흥,4469,4774,9243,-305,5,9,월
2022-05-09,8호선,수진,5795,5325,11120,470,5,9,월
2022-05-09,8호선,모란,6422,5134,11556,1288,5,9,월
2022-05-09,8호선,남위례,5460,5672,11132,-212,5,9,월
2022-05-09,9호선,개화,2887,1934,4821,953,5,9,월
2022-05-09,9호선,김포공항,7501,10859,18360,-3358,5,9,월
2022-05-09,9호선,공항시장,3140,3324,6464,-184,5,9,월
2022-05-09,9호선,신방화,7424,7183,14607,241,5,9,월
2022-05-09,9호선,마곡나루(서울식물원),13149,13151,26300,-2,5,9,월
2022-05-09,9호선,양천향교,10471,10756,21227,-285,5,9,월
2022-05-09,9호선,가양,22146,21490,43636,656,5,9,월
2022-05-09,9호선,증미,7754,7647,15401,107,5,9,월
2022-05-09,9호선,등촌,12065,11619,23684,446,5,9,월
2022-05-09,9호선,염창,18418,17746,36164,672,5,9,월
2022-05-09,9호선,신목동,4655,4192,8847,463,5,9,월
2022-05-09,9호선,선유도,9317,8974,18291,343,5,9,월
2022-05-09,9호선,당산,18950,19371,38321,-421,5,9,월
2022-05-09,9호선,국회의사당,17288,18425,35713,-1137,5,9,월
2022-05-09,9호선,여의도,28795,29254,58049,-459,5,9,월
2022-05-09,9호선,샛강,6455,6778,13233,-323,5,9,월
2022-05-09,9호선,노량진,27321,27034,54355,287,5,9,월
2022-05-09,9호선,노들,4718,4029,8747,689,5,9,월
2022-05-09,9호선,흑석(중앙대입구),9862,10103,19965,-241,5,9,월
2022-05-09,9호선,동작(현충원),2095,1689,3784,406,5,9,월
2022-05-09,9호선,구반포,1355,1436,2791,-81,5,9,월
2022-05-09,9호선,신반포,4110,3786,7896,324,5,9,월
2022-05-09,9호선,고속터미널,13766,16295,30061,-2529,5,9,월
2022-05-09,9호선,사평,3772,3601,7373,171,5,9,월
2022-05-09,9호선,신논현,32838,32616,65454,222,5,9,월
2022-05-09,9호선2~3단계,언주,10874,11466,22340,-592,5,9,월
2022-05-09,9호선2~3단계,선정릉,10430,11556,21986,-1126,5,9,월
2022-05-09,9호선2~3단계,삼성중앙,7528,8028,15556,-500,5,9,월
2022-05-09,9호선2~3단계,봉은사,16444,16888,33332,-444,5,9,월
2022-05-09,9호선2~3단계,종합운동장,4387,4498,8885,-111,5,9,월
2022-05-09,9호선2~3단계,삼전,7215,6859,14074,356,5,9,월
2022-05-09,9호선2~3단계,석촌고분,6203,6066,12269,137,5,9,월
2022-05-09,9호선2~3단계,석촌,8958,7912,16870,1046,5,9,월
2022-05-09,9호선2~3단계,송파나루,5078,5377,10455,-299,5,9,월
2022-05-09,9호선2~3단계,한성백제,2795,2590,5385,205,5,9,월
2022-05-09,9호선2~3단계,올림픽공원(한국체대),6336,6395,12731,-59,5,9,월
2022-05-09,9호선2~3단계,둔촌오륜,1248,1142,2390,106,5,9,월
2022-05-09,9호선2~3단계,중앙보훈병원,11679,10241,21920,1438,5,9,월
2022-05-09,경강선,판교,5211,5124,10335,87,5,9,월
2022-05-09,경강선,이매,1214,1059,2273,155,5,9,월
2022-05-09,경강선,삼동,2661,2400,5061,261,5,9,월
2022-05-09,경강선,경기광주,8583,8074,16657,509,5,9,월
2022-05-09,경강선,초월,3548,3319,6867,229,5,9,월
2022-05-09,경강선,곤지암,2463,2562,5025,-99,5,9,월
2022-05-09,경강선,신둔도예촌,1802,1617,3419,185,5,9,월
2022-05-09,경강선,이천,2808,2879,5687,-71,5,9,월
2022-05-09,경강선,부발,2234,2337,4571,-103,5,9,월
2022-05-09,경강선,세종대왕릉,330,312,642,18,5,9,월
2022-05-09,경강선,여주,2791,2771,5562,20,5,9,월
2022-05-09,경부선,서울역,9424,2152,11576,7272,5,9,월
2022-05-09,경부선,남영,9918,10781,20699,-863,5,9,월
2022-05-09,경부선,용산,38416,36716,75132,1700,5,9,월
2022-05-09,경부선,노량진,8620,8869,17489,-249,5,9,월
2022-05-09,경부선,대방,14055,14675,28730,-620,5,9,월
2022-05-09,경부선,영등포,37918,39369,77287,-1451,5,9,월
2022-05-09,경부선,신도림,4341,4518,8859,-177,5,9,월
2022-05-09,경부선,신길,9962,8557,18519,1405,5,9,월
2022-05-09,경부선,구로,19749,19981,39730,-232,5,9,월
2022-05-09,경부선,가산디지털단지,19980,23063,43043,-3083,5,9,월
2022-05-09,경부선,금천구청,12726,12529,25255,197,5,9,월
2022-05-09,경부선,석수,10324,9303,19627,1021,5,9,월
2022-05-09,경부선,관악,7988,7337,15325,651,5,9,월
2022-05-09,경부선,안양,28689,28153,56842,536,5,9,월
2022-05-09,경부선,명학,11033,10823,21856,210,5,9,월
2022-05-09,경부선,금정,28701,29033,57734,-332,5,9,월
2022-05-09,경부선,군포,8251,8132,16383,119,5,9,월
2022-05-09,경부선,의왕,10317,10221,20538,96,5,9,월
2022-05-09,경부선,성균관대,16461,16885,33346,-424,5,9,월
2022-05-09,경부선,화서,9110,8709,17819,401,5,9,월
2022-05-09,경부선,수원,39377,41063,80440,-1686,5,9,월
2022-05-09,경부선,독산,20066,20825,40891,-759,5,9,월
2022-05-09,경부선,세류,3362,2953,6315,409,5,9,월
2022-05-09,경부선,병점,17730,17737,35467,-7,5,9,월
2022-05-09,경부선,세마,3155,2983,6138,172,5,9,월
2022-05-09,경부선,오산대,4341,4033,8374,308,5,9,월
2022-05-09,경부선,오산,11467,11267,22734,200,5,9,월
2022-05-09,경부선,진위,1957,1678,3635,279,5,9,월
2022-05-09,경부선,송탄,4807,4592,9399,215,5,9,월
2022-05-09,경부선,서정리,8139,7858,15997,281,5,9,월
2022-05-09,경부선,평택지제,3946,3875,7821,71,5,9,월
2022-05-09,경부선,평택,14431,14715,29146,-284,5,9,월
2022-05-09,경부선,성환,7360,7422,14782,-62,5,9,월
2022-05-09,경부선,직산,933,900,1833,33,5,9,월
2022-05-09,경부선,두정,8041,9583,17624,-1542,5,9,월
2022-05-09,경부선,천안,7437,7309,14746,128,5,9,월
2022-05-09,경부선,당정,7603,7206,14809,397,5,9,월
2022-05-09,경부선,서동탄,1569,1326,2895,243,5,9,월
2022-05-09,경부선,광명,3972,3094,7066,878,5,9,월
2022-05-09,경원선,이촌(국립중앙박물관),4189,3139,7328,1050,5,9,월
2022-05-09,경원선,서빙고,2077,1881,3958,196,5,9,월
2022-05-09,경원선,한남,4279,4149,8428,130,5,9,월
2022-05-09,경원선,옥수,59,57,116,2,5,9,월
2022-05-09,경원선,응봉,2066,1760,3826,306,5,9,월
2022-05-09,경원선,왕십리(성동구청),15345,17001,32346,-1656,5,9,월
2022-05-09,경원선,청량리(서울시립대입구),16362,17067,33429,-705,5,9,월
2022-05-09,경원선,외대앞,8869,9356,18225,-487,5,9,월
2022-05-09,경원선,신이문,8941,8132,17073,809,5,9,월
2022-05-09,경원선,석계,8826,9936,18762,-1110,5,9,월
2022-05-09,경원선,광운대,9825,9892,19717,-67,5,9,월
2022-05-09,경원선,월계,8704,8161,16865,543,5,9,월
2022-05-09,경원선,녹천,5176,4219,9395,957,5,9,월
2022-05-09,경원선,방학,10614,10370,20984,244,5,9,월
2022-05-09,경원선,도봉,6304,5952,12256,352,5,9,월
2022-05-09,경원선,도봉산,8189,5653,13842,2536,5,9,월
2022-05-09,경원선,망월사,10202,10381,20583,-179,5,9,월
2022-05-09,경원선,회룡,13680,13431,27111,249,5,9,월
2022-05-09,경원선,의정부,19273,19936,39209,-663,5,9,월
2022-05-09,경원선,가능,7397,7070,14467,327,5,9,월
2022-05-09,경원선,녹양,5065,4654,9719,411,5,9,월
2022-05-09,경원선,양주,8718,8093,16811,625,5,9,월
2022-05-09,경원선,덕계,3817,3384,7201,433,5,9,월
2022-05-09,경원선,덕정,6925,6716,13641,209,5,9,월
2022-05-09,경원선,지행,7423,7308,14731,115,5,9,월
2022-05-09,경원선,동두천중앙,3541,3289,6830,252,5,9,월
2022-05-09,경원선,보산,1725,1492,3217,233,5,9,월
2022-05-09,경원선,동두천,2934,3172,6106,-238,5,9,월
2022-05-09,경원선,소요산,2962,2435,5397,527,5,9,월
2022-05-09,경의선,서울역,5085,6493,11578,-1408,5,9,월
2022-05-09,경의선,신촌,981,1339,2320,-358,5,9,월
2022-05-09,경의선,효창공원앞,3326,3668,6994,-342,5,9,월
2022-05-09,경의선,공덕,3868,3476,7344,392,5,9,월
2022-05-09,경의선,서강대,2347,2465,4812,-118,5,9,월
2022-05-09,경의선,홍대입구,1766,2039,3805,-273,5,9,월
2022-05-09,경의선,가좌,6152,5857,12009,295,5,9,월
2022-05-09,경의선,디지털미디어시티,2965,2643,5608,322,5,9,월
2022-05-09,경의선,수색,3121,3341,6462,-220,5,9,월
2022-05-09,경의선,화전,3933,3804,7737,129,5,9,월
2022-05-09,경의선,강매,3655,3124,6779,531,5,9,월
2022-05-09,경의선,행신,8956,8856,17812,100,5,9,월
2022-05-09,경의선,능곡,4310,3835,8145,475,5,9,월
2022-05-09,경의선,곡산,719,775,1494,-56,5,9,월
2022-05-09,경의선,백마,7919,7480,15399,439,5,9,월
2022-05-09,경의선,풍산,6165,5611,11776,554,5,9,월
2022-05-09,경의선,일산,10664,10244,20908,420,5,9,월
2022-05-09,경의선,탄현,8906,8197,17103,709,5,9,월
2022-05-09,경의선,야당,8456,8305,16761,151,5,9,월
2022-05-09,경의선,운정,7815,7070,14885,745,5,9,월
2022-05-09,경의선,금릉,5526,5226,10752,300,5,9,월
2022-05-09,경의선,금촌,6896,6877,13773,19,5,9,월
2022-05-09,경의선,월롱,3064,3187,6251,-123,5,9,월
2022-05-09,경의선,파주,1802,1380,3182,422,5,9,월
2022-05-09,경의선,문산,5986,5964,11950,22,5,9,월
2022-05-09,경의선,임진강,13,23,36,-10,5,9,월
2022-05-09,경의선,계양,1,0,1,1,5,9,월
2022-05-09,경인선,개봉,22958,22464,45422,494,5,9,월
2022-05-09,경인선,오류동,12585,11822,24407,763,5,9,월
2022-05-09,경인선,역곡,30979,30351,61330,628,5,9,월
2022-05-09,경인선,부천,34739,34643,69382,96,5,9,월
2022-05-09,경인선,송내,29736,29472,59208,264,5,9,월
2022-05-09,경인선,부평,29911,32015,61926,-2104,5,9,월
2022-05-09,경인선,백운,7589,7348,14937,241,5,9,월
2022-05-09,경인선,동암,15529,15471,31000,58,5,9,월
2022-05-09,경인선,주안,21184,19217,40401,1967,5,9,월
2022-05-09,경인선,제물포,12200,11618,23818,582,5,9,월
2022-05-09,경인선,동인천,14355,13648,28003,707,5,9,월
2022-05-09,경인선,인천,3641,2857,6498,784,5,9,월
2022-05-09,경인선,구일,7981,7763,15744,218,5,9,월
2022-05-09,경인선,소사,9907,9475,19382,432,5,9,월
2022-05-09,경인선,부개,9364,8490,17854,874,5,9,월
2022-05-09,경인선,간석,6451,6011,12462,440,5,9,월
2022-05-09,경인선,도원,3654,3543,7197,111,5,9,월
2022-05-09,경인선,온수(성공회대입구),7719,7355,15074,364,5,9,월
2022-05-09,경인선,중동,10407,9541,19948,866,5,9,월
2022-05-09,경인선,도화,4582,4202,8784,380,5,9,월
2022-05-09,경춘선,신내,2503,2279,4782,224,5,9,월
2022-05-09,경춘선,갈매,3342,2834,6176,508,5,9,월
2022-05-09,경춘선,별내,3628,3235,6863,393,5,9,월
2022-05-09,경춘선,퇴계원,3996,3520,7516,476,5,9,월
2022-05-09,경춘선,사릉,2892,2671,5563,221,5,9,월
2022-05-09,경춘선,금곡,1719,1618,3337,101,5,9,월
2022-05-09,경춘선,평내호평,7192,6763,13955,429,5,9,월
2022-05-09,경춘선,천마산,1853,1663,3516,190,5,9,월
2022-05-09,경춘선,마석,4573,4450,9023,123,5,9,월
2022-05-09,경춘선,대성리,692,482,1174,210,5,9,월
2022-05-09,경춘선,청평,1821,1739,3560,82,5,9,월
2022-05-09,경춘선,상천,347,323,670,24,5,9,월
2022-05-09,경춘선,가평,1835,1776,3611,59,5,9,월
2022-05-09,경춘선,굴봉산,201,183,384,18,5,9,월
2022-05-09,경춘선,백양리,93,98,191,-5,5,9,월
2022-05-09,경춘선,강촌,482,506,988,-24,5,9,월
2022-05-09,경춘선,김유정,444,434,878,10,5,9,월
2022-05-09,경춘선,남춘천,2688,3135,5823,-447,5,9,월
2022-05-09,경춘선,춘천,1742,1819,3561,-77,5,9,월
2022-05-09,공항철도 1호선,서울역,9469,8195,17664,1274,5,9,월
2022-05-09,공항철도 1호선,공덕,2427,3199,5626,-772,5,9,월
2022-05-09,공항철도 1호선,홍대입구,9586,9863,19449,-277,5,9,월
2022-05-09,공항철도 1호선,디지털미디어시티,15259,14479,29738,780,5,9,월
2022-05-09,공항철도 1호선,마곡나루(서울식물원),10371,10005,20376,366,5,9,월
2022-05-09,공항철도 1호선,김포공항,12739,6899,19638,5840,5,9,월
2022-05-09,공항철도 1호선,계양,11785,10727,22512,1058,5,9,월
2022-05-09,공항철도 1호선,검암,7213,7032,14245,181,5,9,월
2022-05-09,공항철도 1호선,청라국제도시,7725,7189,14914,536,5,9,월
2022-05-09,공항철도 1호선,운서,7343,7611,14954,-268,5,9,월
2022-05-09,공항철도 1호선,공항화물청사,2370,2576,4946,-206,5,9,월
2022-05-09,공항철도 1호선,인천공항1터미널,5237,5065,10302,172,5,9,월
2022-05-09,공항철도 1호선,인천공항2터미널,3372,3058,6430,314,5,9,월
2022-05-09,공항철도 1호선,영종,3609,3385,6994,224,5,9,월
2022-05-09,과천선,선바위,8926,7799,16725,1127,5,9,월
2022-05-09,과천선,경마공원,1040,957,1997,83,5,9,월
2022-05-09,과천선,대공원,3835,3946,7781,-111,5,9,월
2022-05-09,과천선,과천,6636,6086,12722,550,5,9,월
2022-05-09,과천선,정부과천청사,11552,11369,22921,183,5,9,월
2022-05-09,과천선,인덕원,26304,26872,53176,-568,5,9,월
2022-05-09,과천선,평촌,19267,18796,38063,471,5,9,월
2022-05-09,과천선,범계,27557,27561,55118,-4,5,9,월
2022-05-09,분당선,선릉,14194,22064,36258,-7870,5,9,월
2022-05-09,분당선,한티,14441,15581,30022,-1140,5,9,월
2022-05-09,분당선,도곡,7640,7506,15146,134,5,9,월
2022-05-09,분당선,구룡,2603,2568,5171,35,5,9,월
2022-05-09,분당선,개포동,4275,4324,8599,-49,5,9,월
2022-05-09,분당선,대모산입구,5053,4622,9675,431,5,9,월
2022-05-09,분당선,수서,15326,14928,30254,398,5,9,월
2022-05-09,분당선,수원,8751,7250,16001,1501,5,9,월
2022-05-09,분당선,서울숲,11889,12233,24122,-344,5,9,월
2022-05-09,분당선,압구정로데오,17712,19621,37333,-1909,5,9,월
2022-05-09,분당선,강남구청,10605,11959,22564,-1354,5,9,월
2022-05-09,분당선,선정릉,8704,9289,17993,-585,5,9,월
2022-05-09,분당선,가천대,10453,11879,22332,-1426,5,9,월
2022-05-09,분당선,태평,14151,13609,27760,542,5,9,월
2022-05-09,분당선,모란,26989,27898,54887,-909,5,9,월
2022-05-09,분당선,야탑,27706,28738,56444,-1032,5,9,월
2022-05-09,분당선,서현,25351,25942,51293,-591,5,9,월
2022-05-09,분당선,수내,14022,13927,27949,95,5,9,월
2022-05-09,분당선,정자,18323,19411,37734,-1088,5,9,월
2022-05-09,분당선,미금,16566,17537,34103,-971,5,9,월
2022-05-09,분당선,오리,12650,10246,22896,2404,5,9,월
2022-05-09,분당선,이매,6382,5770,12152,612,5,9,월
2022-05-09,분당선,보정,2854,2508,5362,346,5,9,월
2022-05-09,분당선,죽전,14808,16650,31458,-1842,5,9,월
2022-05-09,분당선,구성,5716,5805,11521,-89,5,9,월
2022-05-09,분당선,신갈,4906,4936,9842,-30,5,9,월
2022-05-09,분당선,기흥,11333,10660,21993,673,5,9,월
2022-05-09,분당선,상갈,5949,5665,11614,284,5,9,월
2022-05-09,분당선,청명,4653,4484,9137,169,5,9,월
2022-05-09,분당선,영통,8548,9042,17590,-494,5,9,월
2022-05-09,분당선,망포,15483,14783,30266,700,5,9,월
2022-05-09,분당선,매탄권선,5504,5360,10864,144,5,9,월
2022-05-09,분당선,수원시청,13265,14118,27383,-853,5,9,월
2022-05-09,분당선,매교,3503,3369,6872,134,5,9,월
2022-05-09,수인선,고색,5348,5088,10436,260,5,9,월
2022-05-09,수인선,오목천,4367,3885,8252,482,5,9,월
2022-05-09,수인선,어천,773,886,1659,-113,5,9,월
2022-05-09,수인선,야목,448,298,746,150,5,9,월
2022-05-09,수인선,사리,5533,4836,10369,697,5,9,월
2022-05-09,수인선,달월,139,92,231,47,5,9,월
2022-05-09,수인선,월곶,2883,2698,5581,185,5,9,월
2022-05-09,수인선,소래포구,5870,5373,11243,497,5,9,월
2022-05-09,수인선,인천논현,5972,6368,12340,-396,5,9,월
2022-05-09,수인선,호구포,4349,4544,8893,-195,5,9,월
2022-05-09,수인선,남동인더스파크,2325,2676,5001,-351,5,9,월
2022-05-09,수인선,원인재,4730,5066,9796,-336,5,9,월
2022-05-09,수인선,연수,4846,4686,9532,160,5,9,월
2022-05-09,수인선,송도,2766,2549,5315,217,5,9,월
2022-05-09,수인선,인하대,7835,7773,15608,62,5,9,월
2022-05-09,수인선,숭의,4406,4100,8506,306,5,9,월
2022-05-09,수인선,신포,2060,2019,4079,41,5,9,월
2022-05-09,수인선,인천,1111,1714,2825,-603,5,9,월
2022-05-09,안산선,산본,16893,18168,35061,-1275,5,9,월
2022-05-09,안산선,반월,4804,4572,9376,232,5,9,월
2022-05-09,안산선,상록수,17508,17562,35070,-54,5,9,월
2022-05-09,안산선,한대앞,11005,11296,22301,-291,5,9,월
2022-05-09,안산선,중앙,19672,20330,40002,-658,5,9,월
2022-05-09,안산선,고잔,9921,9271,19192,650,5,9,월
2022-05-09,안산선,초지,5690,6002,11692,-312,5,9,월
2022-05-09,안산선,안산,12600,11218,23818,1382,5,9,월
2022-05-09,안산선,신길온천,2094,1808,3902,286,5,9,월
2022-05-09,안산선,정왕,10698,11656,22354,-958,5,9,월
2022-05-09,안산선,오이도,9472,8832,18304,640,5,9,월
2022-05-09,안산선,수리산,4648,3870,8518,778,5,9,월
2022-05-09,우이신설선,북한산우이,2925,2650,5575,275,5,9,월
2022-05-09,우이신설선,솔밭공원,2667,2589,5256,78,5,9,월
2022-05-09,우이신설선,4.19민주묘지,3994,3988,7982,6,5,9,월
2022-05-09,우이신설선,가오리,4478,4395,8873,83,5,9,월
2022-05-09,우이신설선,화계,3660,3390,7050,270,5,9,월
2022-05-09,우이신설선,삼양,2143,2224,4367,-81,5,9,월
2022-05-09,중앙선,지평,80,96,176,-16,5,9,월
2022-05-09,중앙선,용문,1994,1957,3951,37,5,9,월
2022-05-09,중앙선,원덕,458,437,895,21,5,9,월
2022-05-09,중앙선,양평,3117,3055,6172,62,5,9,월
2022-05-09,중앙선,오빈,341,320,661,21,5,9,월
2022-05-09,중앙선,아신,630,591,1221,39,5,9,월
2022-05-09,중앙선,국수,921,875,1796,46,5,9,월
2022-05-09,중앙선,신원,247,208,455,39,5,9,월
2022-05-09,중앙선,양수,2155,2143,4298,12,5,9,월
2022-05-09,중앙선,운길산,984,895,1879,89,5,9,월
2022-05-09,중앙선,팔당,1007,1011,2018,-4,5,9,월
2022-05-09,중앙선,도심,2748,2101,4849,647,5,9,월
2022-05-09,중앙선,덕소,6134,5998,12132,136,5,9,월
2022-05-09,중앙선,양정,824,678,1502,146,5,9,월
2022-05-09,중앙선,도농,12105,10681,22786,1424,5,9,월
2022-05-09,중앙선,구리,14459,14540,28999,-81,5,9,월
2022-05-09,중앙선,양원,3252,3149,6401,103,5,9,월
2022-05-09,중앙선,망우,8086,7994,16080,92,5,9,월
2022-05-09,중앙선,상봉(시외버스터미널),6192,6174,12366,18,5,9,월
2022-05-09,중앙선,중랑,6046,5725,11771,321,5,9,월
2022-05-09,중앙선,회기,26959,27217,54176,-258,5,9,월
2022-05-09,장항선,신창(순천향대),2897,3785,6682,-888,5,9,월
2022-05-09,장항선,온양온천,5116,5205,10321,-89,5,9,월
2022-05-09,장항선,배방,1246,1187,2433,59,5,9,월
2022-05-09,장항선,탕정,992,896,1888,96,5,9,월
2022-05-09,장항선,아산,4905,3717,8622,1188,5,9,월
2022-05-09,장항선,쌍용(나사렛대),3340,3381,6721,-41,5,9,월
2022-05-09,장항선,봉명,1464,1443,2907,21,5,9,월
2022-05-09,일산선,대화,13907,10727,24634,3180,5,9,월
2022-05-09,일산선,주엽,9897,9783,19680,114,5,9,월
2022-05-09,일산선,정발산,7767,7907,15674,-140,5,9,월
2022-05-09,일산선,마두,8020,8121,16141,-101,5,9,월
2022-05-09,일산선,백석,10365,10300,20665,65,5,9,월
2022-05-09,일산선,대곡,2534,1985,4519,549,5,9,월
2022-05-09,일산선,화정,17956,18229,36185,-273,5,9,월
2022-05-09,일산선,원당,12454,11407,23861,1047,5,9,월
2022-05-09,일산선,삼송,21209,20512,41721,697,5,9,월
2022-05-09,일산선,지축,1,0,1,1,5,9,월
2022-05-09,일산선,원흥,11780,11318,23098,462,5,9,월
2022-05-09,우이신설선,신설동,2247,2178,4425,69,5,9,월
2022-05-09,우이신설선,보문,1597,1583,3180,14,5,9,월
2022-05-09,우이신설선,성신여대입구(돈암),3444,3871,7315,-427,5,9,월
2022-05-09,우이신설선,정릉,5052,4570,9622,482,5,9,월
2022-05-10,경부선,세류,3365,3163,6528,202,5,10,화
2022-05-10,7호선,사가정,17449,17277,34726,172,5,10,화
2022-05-10,장항선,탕정,976,832,1808,144,5,10,화
2022-05-10,장항선,아산,4065,3501,7566,564,5,10,화
2022-05-10,장항선,쌍용(나사렛대),3304,3061,6365,243,5,10,화
2022-05-10,장항선,봉명,1388,1367,2755,21,5,10,화
2022-05-10,일산선,대화,14043,10964,25007,3079,5,10,화
2022-05-10,일산선,주엽,10048,9972,20020,76,5,10,화
2022-05-10,일산선,정발산,7803,7972,15775,-169,5,10,화
2022-05-10,일산선,마두,7981,8245,16226,-264,5,10,화
2022-05-10,일산선,백석,10729,10199,20928,530,5,10,화
2022-05-10,일산선,대곡,2553,1962,4515,591,5,10,화
2022-05-10,일산선,화정,18272,18534,36806,-262,5,10,화
2022-05-10,일산선,원당,12562,11769,24331,793,5,10,화
2022-05-10,일산선,삼송,21595,20917,42512,678,5,10,화
2022-05-10,일산선,원흥,12084,11615,23699,469,5,10,화
2022-05-10,우이신설선,신설동,2257,2223,4480,34,5,10,화
2022-05-10,우이신설선,보문,1644,1717,3361,-73,5,10,화
2022-05-10,우이신설선,성신여대입구(돈암),3513,3822,7335,-309,5,10,화
2022-05-10,우이신설선,정릉,5141,4590,9731,551,5,10,화
2022-05-10,우이신설선,북한산보국문,6555,6294,12849,261,5,10,화
2022-05-10,우이신설선,솔샘,6418,5964,12382,454,5,10,화
2022-05-10,우이신설선,삼양사거리,2626,2553,5179,73,5,10,화
2022-05-10,우이신설선,삼양,2118,2162,4280,-44,5,10,화
2022-05-10,우이신설선,화계,3714,3452,7166,262,5,10,화
2022-05-10,우이신설선,가오리,4464,4304,8768,160,5,10,화
2022-05-10,우이신설선,4.19민주묘지,3763,3647,7410,116,5,10,화
2022-05-10,우이신설선,솔밭공원,2689,2568,5257,121,5,10,화
2022-05-10,우이신설선,북한산우이,2888,2670,5558,218,5,10,화
2022-05-10,안산선,수리산,4811,3939,8750,872,5,10,화
2022-05-10,안산선,오이도,9465,9261,18726,204,5,10,화
2022-05-10,안산선,정왕,11103,11457,22560,-354,5,10,화
2022-05-10,안산선,신길온천,1967,1837,3804,130,5,10,화
2022-05-10,안산선,안산,12355,11066,23421,1289,5,10,화
2022-05-10,안산선,초지,5830,6015,11845,-185,5,10,화
2022-05-10,안산선,고잔,10075,9629,19704,446,5,10,화
2022-05-10,안산선,중앙,19965,20791,40756,-826,5,10,화
2022-05-10,안산선,한대앞,11466,11611,23077,-145,5,10,화
2022-05-10,안산선,상록수,17706,17961,35667,-255,5,10,화
2022-05-10,안산선,반월,4763,4535,9298,228,5,10,화
2022-05-10,안산선,대야미,5684,5047,10731,637,5,10,화
2022-05-10,안산선,산본,17384,18573,35957,-1189,5,10,화
2022-05-10,수인선,인천,1164,1852,3016,-688,5,10,화
2022-05-10,수인선,신포,2053,2053,4106,0,5,10,화
2022-05-10,수인선,숭의,4387,4107,8494,280,5,10,화
2022-05-10,수인선,인하대,8040,7774,15814,266,5,10,화
2022-05-10,수인선,송도,2696,2541,5237,155,5,10,화
2022-05-10,수인선,연수,5029,4969,9998,60,5,10,화
2022-05-10,수인선,원인재,4736,4863,9599,-127,5,10,화
2022-05-10,수인선,남동인더스파크,2395,2678,5073,-283,5,10,화
2022-05-10,수인선,호구포,4483,4624,9107,-141,5,10,화
2022-05-10,수인선,인천논현,6040,6426,12466,-386,5,10,화
2022-05-10,수인선,소래포구,6362,5930,12292,432,5,10,화
2022-05-10,수인선,월곶,2971,2690,5661,281,5,10,화
2022-05-10,수인선,달월,113,72,185,41,5,10,화
2022-05-10,수인선,사리,5393,4802,10195,591,5,10,화
2022-05-10,수인선,야목,474,336,810,138,5,10,화
2022-05-10,수인선,어천,761,825,1586,-64,5,10,화
2022-05-10,수인선,오목천,4519,4008,8527,511,5,10,화
2022-05-10,수인선,고색,5387,5149,10536,238,5,10,화
2022-05-10,분당선,매교,3385,3379,6764,6,5,10,화
2022-05-10,분당선,수원시청,13426,14462,27888,-1036,5,10,화
2022-05-10,분당선,매탄권선,5706,5377,11083,329,5,10,화
2022-05-10,분당선,망포,15963,15108,31071,855,5,10,화
2022-05-10,분당선,영통,8841,8970,17811,-129,5,10,화
2022-05-10,분당선,청명,4786,4663,9449,123,5,10,화
2022-05-10,분당선,상갈,5999,5729,11728,270,5,10,화
2022-05-10,분당선,기흥,11359,10679,22038,680,5,10,화
2022-05-10,분당선,신갈,4941,4872,9813,69,5,10,화
2022-05-10,분당선,구성,5587,5760,11347,-173,5,10,화
2022-05-10,분당선,죽전,15573,17010,32583,-1437,5,10,화
2022-05-10,분당선,보정,2957,2568,5525,389,5,10,화
2022-05-10,분당선,이매,6337,5895,12232,442,5,10,화
2022-05-10,분당선,오리,12533,10321,22854,2212,5,10,화
2022-05-10,분당선,미금,16539,17890,34429,-1351,5,10,화
2022-05-10,분당선,정자,19298,20414,39712,-1116,5,10,화
2022-05-10,분당선,수내,14358,14441,28799,-83,5,10,화
2022-05-10,분당선,서현,25491,26148,51639,-657,5,10,화
2022-05-10,분당선,야탑,27999,29136,57135,-1137,5,10,화
2022-05-10,분당선,모란,21402,21484,42886,-82,5,10,화
2022-05-10,분당선,태평,14266,13819,28085,447,5,10,화
2022-05-10,분당선,가천대,14192,15044,29236,-852,5,10,화
2022-05-10,분당선,선정릉,8612,9532,18144,-920,5,10,화
2022-05-10,분당선,강남구청,11115,12753,23868,-1638,5,10,화
2022-05-10,분당선,압구정로데오,19909,22359,42268,-2450,5,10,화
2022-05-10,분당선,서울숲,12949,13125,26074,-176,5,10,화
2022-05-10,분당선,수원,8666,7310,15976,1356,5,10,화
2022-05-10,분당선,복정,1,0,1,1,5,10,화
2022-05-10,분당선,수서,14829,14826,29655,3,5,10,화
2022-05-10,분당선,대모산입구,5085,4680,9765,405,5,10,화
2022-05-10,분당선,개포동,4376,4431,8807,-55,5,10,화
2022-05-10,분당선,구룡,2654,2481,5135,173,5,10,화
2022-05-10,분당선,도곡,7805,7515,15320,290,5,10,화
2022-05-10,분당선,한티,15267,16276,31543,-1009,5,10,화
2022-05-10,분당선,선릉,14923,23038,37961,-8115,5,10,화
2022-05-10,과천선,범계,28422,28462,56884,-40,5,10,화
2022-05-10,과천선,평촌,19500,19173,38673,327,5,10,화
2022-05-10,과천선,인덕원,26761,27254,54015,-493,5,10,화
2022-05-10,과천선,정부과천청사,11807,11665,23472,142,5,10,화
2022-05-10,과천선,과천,7019,6370,13389,649,5,10,화
2022-05-10,과천선,대공원,4367,4345,8712,22,5,10,화
2022-05-10,과천선,경마공원,1619,1514,3133,105,5,10,화
2022-05-10,과천선,선바위,9202,8194,17396,1008,5,10,화
2022-05-10,공항철도 1호선,영종,3468,3466,6934,2,5,10,화
2022-05-10,공항철도 1호선,인천공항2터미널,2692,2629,5321,63,5,10,화
2022-05-10,공항철도 1호선,인천공항1터미널,5016,5294,10310,-278,5,10,화
2022-05-10,공항철도 1호선,공항화물청사,2396,2602,4998,-206,5,10,화
2022-05-10,공항철도 1호선,운서,7502,7533,15035,-31,5,10,화
2022-05-10,공항철도 1호선,청라국제도시,7852,7439,15291,413,5,10,화
2022-05-10,공항철도 1호선,검암,7303,7212,14515,91,5,10,화
2022-05-10,공항철도 1호선,계양,12035,11191,23226,844,5,10,화
2022-05-10,공항철도 1호선,김포공항,12177,6893,19070,5284,5,10,화
2022-05-10,공항철도 1호선,마곡나루(서울식물원),11090,10886,21976,204,5,10,화
2022-05-10,공항철도 1호선,디지털미디어시티,15591,14627,30218,964,5,10,화
2022-05-10,공항철도 1호선,홍대입구,10109,10417,20526,-308,5,10,화
2022-05-10,공항철도 1호선,공덕,2503,3278,5781,-775,5,10,화
2022-05-10,공항철도 1호선,서울역,8760,7781,16541,979,5,10,화
2022-05-10,경춘선,춘천,1796,1709,3505,87,5,10,화
2022-05-10,경춘선,남춘천,2603,2596,5199,7,5,10,화
2022-05-10,경춘선,김유정,438,436,874,2,5,10,화
2022-05-10,경춘선,강촌,549,529,1078,20,5,10,화
2022-05-10,경춘선,백양리,73,91,164,-18,5,10,화
2022-05-10,경춘선,굴봉산,157,153,310,4,5,10,화
2022-05-10,경춘선,가평,1832,1895,3727,-63,5,10,화
2022-05-10,경춘선,상천,487,471,958,16,5,10,화
2022-05-10,경춘선,청평,1823,1721,3544,102,5,10,화
2022-05-10,경춘선,대성리,567,586,1153,-19,5,10,화
2022-05-10,경춘선,마석,5197,5022,10219,175,5,10,화
2022-05-10,경춘선,천마산,1917,1809,3726,108,5,10,화
2022-05-10,경춘선,평내호평,7200,6993,14193,207,5,10,화
2022-05-10,경춘선,금곡,1891,1745,3636,146,5,10,화
2022-05-10,경춘선,사릉,2982,2828,5810,154,5,10,화
2022-05-10,경춘선,퇴계원,3908,3502,7410,406,5,10,화
2022-05-10,경춘선,별내,3565,3293,6858,272,5,10,화
2022-05-10,경춘선,갈매,3402,2940,6342,462,5,10,화
2022-05-10,경춘선,신내,2558,2341,4899,217,5,10,화
2022-05-10,경인선,도화,4717,4183,8900,534,5,10,화
2022-05-10,경인선,중동,10388,9720,20108,668,5,10,화
2022-05-10,경인선,온수(성공회대입구),7820,7505,15325,315,5,10,화
2022-05-10,경인선,도원,3773,3748,7521,25,5,10,화
2022-05-10,경인선,간석,6553,6100,12653,453,5,10,화
2022-05-10,경인선,부개,9411,8759,18170,652,5,10,화
2022-05-10,경인선,소사,9985,9479,19464,506,5,10,화
2022-05-10,경인선,구일,9729,9846,19575,-117,5,10,화
2022-05-10,경인선,인천,3959,3135,7094,824,5,10,화
2022-05-10,경인선,동인천,14579,13903,28482,676,5,10,화
2022-05-10,경인선,제물포,12542,11829,24371,713,5,10,화
2022-05-10,경인선,주안,21462,19501,40963,1961,5,10,화
2022-05-10,경인선,동암,15714,15830,31544,-116,5,10,화
2022-05-10,경인선,백운,7634,7516,15150,118,5,10,화
2022-05-10,경인선,부평,29740,31968,61708,-2228,5,10,화
2022-05-10,경인선,송내,30597,30672,61269,-75,5,10,화
2022-05-10,경인선,부천,34582,34610,69192,-28,5,10,화
2022-05-10,경인선,역곡,31662,30798,62460,864,5,10,화
2022-05-10,경인선,오류동,12863,11814,24677,1049,5,10,화
2022-05-10,경인선,개봉,23204,22620,45824,584,5,10,화
2022-05-10,경의선,임진강,19,21,40,-2,5,10,화
2022-05-10,경의선,문산,5472,5422,10894,50,5,10,화
2022-05-10,경의선,파주,1747,1283,3030,464,5,10,화
2022-05-10,경의선,월롱,3388,3078,6466,310,5,10,화
2022-05-10,경의선,금촌,6924,6748,13672,176,5,10,화
2022-05-10,경의선,금릉,5413,5318,10731,95,5,10,화
2022-05-10,경의선,운정,7867,7262,15129,605,5,10,화
2022-05-10,경의선,야당,8509,8351,16860,158,5,10,화
2022-05-10,경의선,탄현,8632,8202,16834,430,5,10,화
2022-05-10,경의선,일산,10725,10367,21092,358,5,10,화
2022-05-10,경의선,풍산,6433,5998,12431,435,5,10,화
2022-05-10,경의선,백마,8021,7572,15593,449,5,10,화
2022-05-10,경의선,곡산,749,819,1568,-70,5,10,화
2022-05-10,경의선,능곡,4393,3969,8362,424,5,10,화
2022-05-10,경의선,행신,8816,8866,17682,-50,5,10,화
2022-05-10,경의선,강매,3789,3210,6999,579,5,10,화
2022-05-10,경의선,화전,3919,3639,7558,280,5,10,화
2022-05-10,경의선,수색,3166,3370,6536,-204,5,10,화
2022-05-10,경의선,디지털미디어시티,2964,2691,5655,273,5,10,화
2022-05-10,경의선,가좌,6352,6014,12366,338,5,10,화
2022-05-10,경의선,홍대입구,1799,2141,3940,-342,5,10,화
2022-05-10,경의선,서강대,2390,2391,4781,-1,5,10,화
2022-05-10,경의선,공덕,3950,3525,7475,425,5,10,화
2022-05-10,경의선,효창공원앞,3453,3800,7253,-347,5,10,화
2022-05-10,경의선,신촌,972,1370,2342,-398,5,10,화
2022-05-10,경의선,서울역,4956,6526,11482,-1570,5,10,화
2022-05-10,경원선,소요산,2890,2429,5319,461,5,10,화
2022-05-10,경원선,동두천,2430,2768,5198,-338,5,10,화
2022-05-10,경원선,보산,1637,1465,3102,172,5,10,화
2022-05-10,경원선,동두천중앙,3719,3605,7324,114,5,10,화
2022-05-10,경원선,지행,7444,7467,14911,-23,5,10,화
2022-05-10,경원선,덕정,7242,6776,14018,466,5,10,화
2022-05-10,경원선,덕계,3722,3333,7055,389,5,10,화
2022-05-10,경원선,양주,8854,8162,17016,692,5,10,화
2022-05-10,경원선,녹양,5022,4733,9755,289,5,10,화
2022-05-10,경원선,가능,7629,7227,14856,402,5,10,화
2022-05-10,경원선,의정부,19447,20322,39769,-875,5,10,화
2022-05-10,경원선,회룡,13791,13763,27554,28,5,10,화
2022-05-10,경원선,망월사,10371,10451,20822,-80,5,10,화
2022-05-10,경원선,도봉산,8385,5663,14048,2722,5,10,화
2022-05-10,경원선,도봉,6463,6274,12737,189,5,10,화
2022-05-10,경원선,방학,10692,10391,21083,301,5,10,화
2022-05-10,경원선,녹천,5220,4329,9549,891,5,10,화
2022-05-10,경원선,월계,9061,8417,17478,644,5,10,화
2022-05-10,경원선,광운대,9786,9559,19345,227,5,10,화
2022-05-10,경원선,석계,9162,10167,19329,-1005,5,10,화
2022-05-10,경원선,신이문,9094,8237,17331,857,5,10,화
2022-05-10,경원선,외대앞,9087,9236,18323,-149,5,10,화
2022-05-10,경원선,청량리(서울시립대입구),14942,16492,31434,-1550,5,10,화
2022-05-10,경원선,왕십리(성동구청),15785,17147,32932,-1362,5,10,화
2022-05-10,경원선,응봉,2112,1793,3905,319,5,10,화
2022-05-10,경원선,옥수,61,50,111,11,5,10,화
2022-05-10,경원선,한남,4403,4114,8517,289,5,10,화
2022-05-10,경원선,서빙고,2180,2038,4218,142,5,10,화
2022-05-10,경원선,이촌(국립중앙박물관),4157,3146,7303,1011,5,10,화
2022-05-10,경부선,광명,3495,2962,6457,533,5,10,화
2022-05-10,경부선,서동탄,1554,1306,2860,248,5,10,화
2022-05-10,경부선,당정,7964,7608,15572,356,5,10,화
2022-05-10,경부선,천안,7288,6775,14063,513,5,10,화
2022-05-10,경부선,두정,8270,9180,17450,-910,5,10,화
2022-05-10,경부선,직산,960,935,1895,25,5,10,화
2022-05-10,경부선,성환,6840,6589,13429,251,5,10,화
2022-05-10,경부선,평택,13491,13796,27287,-305,5,10,화
2022-05-10,경부선,평택지제,3832,3662,7494,170,5,10,화
2022-05-10,경부선,서정리,8108,7719,15827,389,5,10,화
2022-05-10,경부선,송탄,4709,4446,9155,263,5,10,화
2022-05-10,경부선,진위,2000,1759,3759,241,5,10,화
2022-05-10,경부선,오산,11166,11181,22347,-15,5,10,화
2022-05-10,경부선,오산대,4733,4339,9072,394,5,10,화
2022-05-10,경부선,세마,3181,3008,6189,173,5,10,화
2022-05-10,경부선,병점,17940,17773,35713,167,5,10,화
2022-05-10,경부선,독산,20253,21108,41361,-855,5,10,화
2022-05-10,경부선,수원,38260,40903,79163,-2643,5,10,화
2022-05-10,경부선,화서,9313,8883,18196,430,5,10,화
2022-05-10,경부선,성균관대,16901,16664,33565,237,5,10,화
2022-05-10,경부선,의왕,10531,10375,20906,156,5,10,화
2022-05-10,경부선,군포,8467,8273,16740,194,5,10,화
2022-05-10,경부선,금정,29262,29483,58745,-221,5,10,화
2022-05-10,경부선,명학,11589,11368,22957,221,5,10,화
2022-05-10,경부선,안양,28897,28425,57322,472,5,10,화
2022-05-10,경부선,관악,8310,7696,16006,614,5,10,화
2022-05-10,경부선,석수,10828,9690,20518,1138,5,10,화
2022-05-10,경부선,금천구청,12992,12947,25939,45,5,10,화
2022-05-10,경부선,가산디지털단지,20145,23169,43314,-3024,5,10,화
2022-05-10,경부선,구로,19676,20361,40037,-685,5,10,화
2022-05-10,경부선,신길,10187,8727,18914,1460,5,10,화
2022-05-10,경부선,신도림,4305,4470,8775,-165,5,10,화
2022-05-10,경부선,영등포,39172,40269,79441,-1097,5,10,화
2022-05-10,경부선,대방,14725,14859,29584,-134,5,10,화
2022-05-10,경부선,노량진,9081,9062,18143,19,5,10,화
2022-05-10,경부선,용산,35568,36706,72274,-1138,5,10,화
2022-05-10,경부선,남영,10488,11296,21784,-808,5,10,화
2022-05-10,경부선,서울역,6532,1935,8467,4597,5,10,화
2022-05-10,경강선,여주,2750,2716,5466,34,5,10,화
2022-05-10,경강선,세종대왕릉,374,336,710,38,5,10,화
2022-05-10,경강선,부발,2216,2220,4436,-4,5,10,화
2022-05-10,경강선,이천,2677,2815,5492,-138,5,10,화
2022-05-10,경강선,신둔도예촌,1794,1608,3402,186,5,10,화
2022-05-10,경강선,곤지암,2527,2485,5012,42,5,10,화
2022-05-10,경강선,초월,3524,3299,6823,225,5,10,화
2022-05-10,경강선,경기광주,8612,8156,16768,456,5,10,화
2022-05-10,경강선,삼동,2651,2391,5042,260,5,10,화
2022-05-10,경강선,이매,1203,1042,2245,161,5,10,화
2022-05-10,경강선,판교,5225,5220,10445,5,5,10,화
2022-05-10,9호선2~3단계,중앙보훈병원,11849,10385,22234,1464,5,10,화
2022-05-10,9호선2~3단계,둔촌오륜,1263,1152,2415,111,5,10,화
2022-05-10,9호선2~3단계,올림픽공원(한국체대),6871,6782,13653,89,5,10,화
2022-05-10,9호선2~3단계,한성백제,2783,2598,5381,185,5,10,화
2022-05-10,9호선2~3단계,송파나루,5246,5509,10755,-263,5,10,화
2022-05-10,9호선2~3단계,석촌,9297,8163,17460,1134,5,10,화
2022-05-10,9호선2~3단계,석촌고분,6491,6240,12731,251,5,10,화
2022-05-10,9호선2~3단계,삼전,7212,6858,14070,354,5,10,화
2022-05-10,9호선2~3단계,종합운동장,4667,4830,9497,-163,5,10,화
2022-05-10,9호선2~3단계,봉은사,17196,17622,34818,-426,5,10,화
2022-05-10,9호선2~3단계,삼성중앙,7705,8205,15910,-500,5,10,화
2022-05-10,9호선2~3단계,선정릉,10840,11904,22744,-1064,5,10,화
2022-05-10,9호선2~3단계,언주,11171,11662,22833,-491,5,10,화
2022-05-10,9호선,신논현,34214,33724,67938,490,5,10,화
2022-05-10,9호선,사평,3966,3712,7678,254,5,10,화
2022-05-10,9호선,고속터미널,13644,16406,30050,-2762,5,10,화
2022-05-10,9호선,신반포,4339,4085,8424,254,5,10,화
2022-05-10,9호선,구반포,1472,1504,2976,-32,5,10,화
2022-05-10,9호선,동작(현충원),2232,1807,4039,425,5,10,화
2022-05-10,9호선,흑석(중앙대입구),10276,10394,20670,-118,5,10,화
2022-05-10,9호선,노들,5009,4141,9150,868,5,10,화
2022-05-10,9호선,노량진,28510,27764,56274,746,5,10,화
2022-05-10,9호선,샛강,7032,7300,14332,-268,5,10,화
2022-05-10,9호선,여의도,34126,32680,66806,1446,5,10,화
2022-05-10,9호선,국회의사당,24492,28063,52555,-3571,5,10,화
2022-05-10,9호선,당산,20710,20479,41189,231,5,10,화
2022-05-10,9호선,선유도,9818,9175,18993,643,5,10,화
2022-05-10,9호선,신목동,4722,4077,8799,645,5,10,화
2022-05-10,9호선,염창,18976,18140,37116,836,5,10,화
2022-05-10,9호선,등촌,12336,11675,24011,661,5,10,화
2022-05-10,9호선,증미,7827,7590,15417,237,5,10,화
2022-05-10,9호선,가양,22818,21953,44771,865,5,10,화
2022-05-10,9호선,양천향교,10674,10967,21641,-293,5,10,화
2022-05-10,9호선,마곡나루(서울식물원),13998,13556,27554,442,5,10,화
2022-05-10,9호선,신방화,7364,6929,14293,435,5,10,화
2022-05-10,9호선,공항시장,3192,3441,6633,-249,5,10,화
2022-05-10,9호선,김포공항,7157,10560,17717,-3403,5,10,화
2022-05-10,9호선,개화,2868,2064,4932,804,5,10,화
2022-05-10,8호선,남위례,5631,5883,11514,-252,5,10,화
2022-05-10,8호선,모란,4588,3552,8140,1036,5,10,화
2022-05-10,8호선,수진,5605,5134,10739,471,5,10,화
2022-05-10,8호선,신흥,4375,4736,9111,-361,5,10,화
2022-05-10,8호선,단대오거리,12009,11341,23350,668,5,10,화
2022-05-10,8호선,남한산성입구(성남법원.검찰청),16795,15505,32300,1290,5,10,화
2022-05-10,8호선,산성,5976,6030,12006,-54,5,10,화
2022-05-10,8호선,복정,11070,9191,20261,1879,5,10,화
2022-05-10,8호선,장지,18351,17433,35784,918,5,10,화
2022-05-10,8호선,문정,23315,24785,48100,-1470,5,10,화
2022-05-10,8호선,가락시장,8159,9264,17423,-1105,5,10,화
2022-05-10,8호선,송파,8971,8798,17769,173,5,10,화
2022-05-10,8호선,석촌,8151,9208,17359,-1057,5,10,화
2022-05-10,8호선,잠실(송파구청),13803,16857,30660,-3054,5,10,화
2022-05-10,8호선,몽촌토성(평화의문),6977,6981,13958,-4,5,10,화
2022-05-10,8호선,강동구청,11107,11330,22437,-223,5,10,화
2022-05-10,8호선,천호(풍납토성),15388,17603,32991,-2215,5,10,화
2022-05-10,8호선,암사,20317,17697,38014,2620,5,10,화
2022-05-10,7호선,온수(성공회대입구),11998,11461,23459,537,5,10,화
2022-05-10,7호선,천왕,12454,11824,24278,630,5,10,화
2022-05-10,7호선,광명사거리,23059,22645,45704,414,5,10,화
2022-05-10,7호선,철산,22647,23096,45743,-449,5,10,화
2022-05-10,7호선,가산디지털단지,48553,48963,97516,-410,5,10,화
2022-05-10,7호선,남구로,16731,17795,34526,-1064,5,10,화
2022-05-10,7호선,대림(구로구청),8068,8185,16253,-117,5,10,화
2022-05-10,7호선,신풍,12483,11787,24270,696,5,10,화
2022-05-10,7호선,보라매,11220,11091,22311,129,5,10,화
2022-05-10,7호선,신대방삼거리,18116,17353,35469,763,5,10,화
2022-05-10,7호선,장승배기,9460,9184,18644,276,5,10,화
2022-05-10,7호선,상도,12350,12056,24406,294,5,10,화
2022-05-10,7호선,숭실대입구(살피재),16077,16346,32423,-269,5,10,화
2022-05-10,7호선,남성,12187,11181,23368,1006,5,10,화
2022-05-10,7호선,이수,17010,16508,33518,502,5,10,화
2022-05-10,7호선,내방,15871,16326,32197,-455,5,10,화
2022-05-10,7호선,고속터미널,16391,14175,30566,2216,5,10,화
2022-05-10,7호선,반포,6222,6026,12248,196,5,10,화
2022-05-10,7호선,논현,21899,23949,45848,-2050,5,10,화
2022-05-10,7호선,학동,26237,28093,54330,-1856,5,10,화
2022-05-10,7호선,강남구청,17305,19638,36943,-2333,5,10,화
2022-05-10,7호선,청담,21189,23824,45013,-2635,5,10,화
2022-05-10,7호선,뚝섬유원지,11352,10997,22349,355,5,10,화
2022-05-10,7호선,건대입구,13707,14671,28378,-964,5,10,화
2022-05-10,7호선,어린이대공원(세종대),17037,17403,34440,-366,5,10,화
2022-05-10,7호선,군자(능동),15918,12622,28540,3296,5,10,화
2022-05-10,7호선,중곡,12096,11075,23171,1021,5,10,화
2022-05-10,7호선,용마산(용마폭포공원),6323,6099,12422,224,5,10,화
2022-05-10,7호선,면목,17747,17032,34779,715,5,10,화
2022-05-10,7호선,상봉(시외버스터미널),17736,16529,34265,1207,5,10,화
2022-05-10,7호선,중화,11410,11076,22486,334,5,10,화
2022-05-10,7호선,먹골,10893,10405,21298,488,5,10,화
2022-05-10,7호선,태릉입구,10058,9826,19884,232,5,10,화
2022-05-10,7호선,공릉(서울과학기술대),14055,13733,27788,322,5,10,화
2022-05-10,7호선,하계,19387,18097,37484,1290,5,10,화
2022-05-10,7호선,중계,16237,14781,31018,1456,5,10,화
2022-05-10,7호선,노원,19887,21513,41400,-1626,5,10,화
2022-05-10,7호선,마들,13848,13005,26853,843,5,10,화
2022-05-10,7호선,수락산,13588,13097,26685,491,5,10,화
2022-05-10,7호선,도봉산,10482,11700,22182,-1218,5,10,화
2022-05-10,7호선,장암,2510,951,3461,1559,5,10,화
2022-05-10,6호선,봉화산(서울의료원),9700,9019,18719,681,5,10,화
2022-05-10,6호선,화랑대(서울여대입구),14563,10863,25426,3700,5,10,화
2022-05-10,6호선,태릉입구,6265,7058,13323,-793,5,10,화
2022-05-10,6호선,석계,13585,14126,27711,-541,5,10,화
2022-05-10,6호선,돌곶이,10036,9257,19293,779,5,10,화
2022-05-10,6호선,상월곡(한국과학기술연구원),7056,6606,13662,450,5,10,화
2022-05-10,6호선,월곡(동덕여대),13537,12986,26523,551,5,10,화
2022-05-10,6호선,고려대(종암),9782,9625,19407,157,5,10,화
2022-05-10,6호선,안암(고대병원앞),15075,15379,30454,-304,5,10,화
2022-05-10,6호선,보문,7957,7396,15353,561,5,10,화
2022-05-10,6호선,창신,4051,3317,7368,734,5,10,화
2022-05-10,6호선,동묘앞,8193,8293,16486,-100,5,10,화
2022-05-10,6호선,신당,8722,9229,17951,-507,5,10,화
2022-05-10,6호선,청구,3923,4131,8054,-208,5,10,화
2022-05-10,6호선,약수,3839,3889,7728,-50,5,10,화
2022-05-10,6호선,버티고개,2478,2370,4848,108,5,10,화
2022-05-10,6호선,한강진,8816,10119,18935,-1303,5,10,화
2022-05-10,6호선,이태원,10272,10967,21239,-695,5,10,화
2022-05-10,6호선,녹사평(용산구청),5023,5010,10033,13,5,10,화
2022-05-10,6호선,삼각지,8093,6879,14972,1214,5,10,화
2022-05-10,6호선,효창공원앞,8292,7576,15868,716,5,10,화
2022-05-10,6호선,공덕,20562,20086,40648,476,5,10,화
2022-05-10,6호선,대흥(서강대앞),9531,9786,19317,-255,5,10,화
2022-05-10,6호선,광흥창(서강),10295,9464,19759,831,5,10,화
2022-05-10,6호선,상수,9455,10830,20285,-1375,5,10,화
2022-05-10,6호선,합정,13758,13614,27372,144,5,10,화
2022-05-10,6호선,망원,14187,15038,29225,-851,5,10,화
2022-05-10,6호선,마포구청,15444,13835,29279,1609,5,10,화
2022-05-10,6호선,월드컵경기장(성산),4790,5102,9892,-312,5,10,화
2022-05-10,6호선,디지털미디어시티,15314,16839,32153,-1525,5,10,화
2022-05-10,6호선,증산(명지대앞),10966,10868,21834,98,5,10,화
2022-05-10,6호선,새절(신사),14414,13233,27647,1181,5,10,화
2022-05-10,6호선,구산,8452,6114,14566,2338,5,10,화
2022-05-10,6호선,독바위,2925,3039,5964,-114,5,10,화
2022-05-10,6호선,불광,4505,4424,8929,81,5,10,화
2022-05-10,6호선,역촌,3959,4626,8585,-667,5,10,화
2022-05-10,6호선,응암,18935,18383,37318,552,5,10,화
2022-05-10,5호선,하남검단산,6187,5839,12026,348,5,10,화
2022-05-10,5호선,하남시청(덕풍·신장),7425,7221,14646,204,5,10,화
2022-05-10,5호선,하남풍산,4760,4629,9389,131,5,10,화
2022-05-10,5호선,미사,17242,17120,34362,122,5,10,화
2022-05-10,5호선,강일,4798,4481,9279,317,5,10,화
2022-05-10,5호선,마천,8024,7513,15537,511,5,10,화
2022-05-10,5호선,거여,11219,10605,21824,614,5,10,화
2022-05-10,5호선,개롱,6888,7176,14064,-288,5,10,화
2022-05-10,5호선,오금,4028,4150,8178,-122,5,10,화
2022-05-10,5호선,방이,7539,7729,15268,-190,5,10,화
2022-05-10,5호선,올림픽공원(한국체대),4896,4267,9163,629,5,10,화
2022-05-10,5호선,둔촌동,8674,8714,17388,-40,5,10,화
2022-05-10,5호선,상일동,16205,15040,31245,1165,5,10,화
2022-05-10,5호선,고덕,10610,10399,21009,211,5,10,화
2022-05-10,5호선,명일,9554,9789,19343,-235,5,10,화
2022-05-10,5호선,굽은다리(강동구민회관앞),10181,9654,19835,527,5,10,화
2022-05-10,5호선,길동,8543,8708,17251,-165,5,10,화
2022-05-10,5호선,강동,19751,19125,38876,626,5,10,화
2022-05-10,5호선,천호(풍납토성),18500,18843,37343,-343,5,10,화
2022-05-10,5호선,광나루(장신대),14781,13320,28101,1461,5,10,화
2022-05-10,5호선,아차산(어린이대공원후문),15879,15229,31108,650,5,10,화
2022-05-10,5호선,군자(능동),11894,13232,25126,-1338,5,10,화
2022-05-10,5호선,장한평,19176,19095,38271,81,5,10,화
2022-05-10,5호선,답십리,17278,15540,32818,1738,5,10,화
2022-05-10,5호선,마장,6365,5935,12300,430,5,10,화
2022-05-10,5호선,왕십리(성동구청),4867,5636,10503,-769,5,10,화
2022-05-10,5호선,행당,8770,7685,16455,1085,5,10,화
2022-05-10,5호선,신금호,7158,7362,14520,-204,5,10,화
2022-05-10,5호선,청구,4425,3883,8308,542,5,10,화
2022-05-10,5호선,동대문역사문화공원(DDP),3064,3553,6617,-489,5,10,화
2022-05-10,5호선,을지로4가,6673,6727,13400,-54,5,10,화
2022-05-10,5호선,종로3가,13156,13077,26233,79,5,10,화
2022-05-10,5호선,광화문(세종문화회관),34260,36171,70431,-1911,5,10,화
2022-05-10,5호선,서대문,22157,22321,44478,-164,5,10,화
2022-05-10,5호선,충정로(경기대입구),5218,5384,10602,-166,5,10,화
2022-05-10,5호선,애오개,7449,7421,14870,28,5,10,화
2022-05-10,5호선,공덕,16111,16664,32775,-553,5,10,화
2022-05-10,5호선,마포,16337,16473,32810,-136,5,10,화
2022-05-10,5호선,여의나루,16075,17859,33934,-1784,5,10,화
2022-05-10,5호선,여의도,33715,37094,70809,-3379,5,10,화
2022-05-10,5호선,신길,4607,4715,9322,-108,5,10,화
2022-05-10,5호선,영등포시장,11054,11068,22122,-14,5,10,화
2022-05-10,5호선,영등포구청,4338,4477,8815,-139,5,10,화
2022-05-10,5호선,양평,8136,7923,16059,213,5,10,화
2022-05-10,5호선,오목교(목동운동장앞),22703,24587,47290,-1884,5,10,화
2022-05-10,5호선,목동,18205,19337,37542,-1132,5,10,화
2022-05-10,5호선,신정(은행정),14962,11987,26949,2975,5,10,화
2022-05-10,5호선,까치산,30797,29255,60052,1542,5,10,화
2022-05-10,5호선,화곡,30375,28291,58666,2084,5,10,화
2022-05-10,5호선,우장산,16154,15581,31735,573,5,10,화
2022-05-10,5호선,발산,22304,22931,45235,-627,5,10,화
2022-05-10,5호선,마곡,11717,11816,23533,-99,5,10,화
2022-05-10,5호선,송정,6997,6578,13575,419,5,10,화
2022-05-10,5호선,김포공항,7232,7128,14360,104,5,10,화
2022-05-10,5호선,개화산,6046,5744,11790,302,5,10,화
2022-05-10,5호선,방화,7099,6803,13902,296,5,10,화
2022-05-10,4호선,남태령,1354,1214,2568,140,5,10,화
2022-05-10,4호선,사당,28265,23747,52012,4518,5,10,화
2022-05-10,4호선,총신대입구(이수),20315,22178,42493,-1863,5,10,화
2022-05-10,4호선,동작(현충원),1785,1988,3773,-203,5,10,화
2022-05-10,4호선,이촌(국립중앙박물관),9438,10593,20031,-1155,5,10,화
2022-05-10,4호선,신용산,18302,19631,37933,-1329,5,10,화
2022-05-10,4호선,삼각지,5856,6442,12298,-586,5,10,화
2022-05-10,4호선,숙대입구(갈월),15798,15217,31015,581,5,10,화
2022-05-10,4호선,서울역,12657,18416,31073,-5759,5,10,화
2022-05-10,4호선,회현(남대문시장),27439,28817,56256,-1378,5,10,화
2022-05-10,4호선,명동,21648,22506,44154,-858,5,10,화
2022-05-10,4호선,충무로,30164,31662,61826,-1498,5,10,화
2022-05-10,4호선,동대문역사문화공원(DDP),15258,13928,29186,1330,5,10,화
2022-05-10,4호선,동대문,20918,21778,42696,-860,5,10,화
2022-05-10,4호선,혜화,35737,36083,71820,-346,5,10,화
2022-05-10,4호선,한성대입구(삼선교),16385,15904,32289,481,5,10,화
2022-05-10,4호선,성신여대입구(돈암),22261,21452,43713,809,5,10,화
2022-05-10,4호선,길음,24122,23757,47879,365,5,10,화
2022-05-10,4호선,미아사거리,29134,28005,57139,1129,5,10,화
2022-05-10,4호선,미아(서울사이버대학),16377,15826,32203,551,5,10,화
2022-05-10,4호선,수유(강북구청),35983,35777,71760,206,5,10,화
2022-05-10,4호선,쌍문,31282,28873,60155,2409,5,10,화
2022-05-10,4호선,창동,27095,28618,55713,-1523,5,10,화
2022-05-10,4호선,노원,20105,22689,42794,-2584,5,10,화
2022-05-10,4호선,상계,20997,19352,40349,1645,5,10,화
2022-05-10,4호선,당고개,9674,8586,18260,1088,5,10,화
2022-05-10,3호선,오금,6812,6182,12994,630,5,10,화
2022-05-10,3호선,경찰병원,7825,7745,15570,80,5,10,화
2022-05-10,3호선,가락시장,9681,9409,19090,272,5,10,화
2022-05-10,3호선,수서,18171,18680,36851,-509,5,10,화
2022-05-10,3호선,일원,11866,11478,23344,388,5,10,화
2022-05-10,3호선,대청,11272,10465,21737,807,5,10,화
2022-05-10,3호선,학여울,1974,1962,3936,12,5,10,화
2022-05-10,3호선,대치,11729,11759,23488,-30,5,10,화
2022-05-10,장항선,배방,1222,1170,2392,52,5,10,화
2022-05-10,장항선,온양온천,3944,4090,8034,-146,5,10,화
2022-05-10,장항선,신창(순천향대),3132,3034,6166,98,5,10,화
2022-05-10,중앙선,회기,27895,27226,55121,669,5,10,화
2022-05-10,중앙선,중랑,6124,5806,11930,318,5,10,화
2022-05-10,중앙선,상봉(시외버스터미널),6134,6193,12327,-59,5,10,화
2022-05-10,중앙선,망우,8429,8218,16647,211,5,10,화
2022-05-10,중앙선,양원,3377,3219,6596,158,5,10,화
2022-05-10,중앙선,구리,14748,14904,29652,-156,5,10,화
2022-05-10,중앙선,도농,12178,10935,23113,1243,5,10,화
2022-05-10,중앙선,양정,808,685,1493,123,5,10,화
2022-05-10,중앙선,덕소,6122,6164,12286,-42,5,10,화
2022-05-10,중앙선,도심,2821,2173,4994,648,5,10,화
2022-05-10,중앙선,팔당,975,1033,2008,-58,5,10,화
2022-05-10,중앙선,운길산,1072,970,2042,102,5,10,화
2022-05-10,중앙선,양수,2103,2118,4221,-15,5,10,화
2022-05-10,중앙선,신원,229,203,432,26,5,10,화
2022-05-10,중앙선,국수,848,819,1667,29,5,10,화
2022-05-10,중앙선,아신,617,626,1243,-9,5,10,화
2022-05-10,중앙선,오빈,383,355,738,28,5,10,화
2022-05-10,중앙선,양평,3039,3006,6045,33,5,10,화
2022-05-10,3호선,도곡,5799,6031,11830,-232,5,10,화
2022-05-10,중앙선,원덕,429,403,832,26,5,10,화
2022-05-10,중앙선,용문,3834,3845,7679,-11,5,10,화
2022-05-10,중앙선,지평,107,120,227,-13,5,10,화
2022-05-10,3호선,매봉,13506,13135,26641,371,5,10,화
2022-05-10,3호선,양재(서초구청),41927,45886,87813,-3959,5,10,화
2022-05-10,3호선,남부터미널(예술의전당),31171,31554,62725,-383,5,10,화
2022-05-10,3호선,교대(법원.검찰청),16155,10517,26672,5638,5,10,화
2022-05-10,3호선,고속터미널,41378,38980,80358,2398,5,10,화
2022-05-10,3호선,잠원,5371,5152,10523,219,5,10,화
2022-05-10,3호선,신사,32290,33924,66214,-1634,5,10,화
2022-05-10,3호선,압구정,33554,36129,69683,-2575,5,10,화
2022-05-10,3호선,옥수,9614,9810,19424,-196,5,10,화
2022-05-10,3호선,금호,8460,7821,16281,639,5,10,화
2022-05-10,3호선,약수,14063,13805,27868,258,5,10,화
2022-05-10,3호선,동대입구,10028,10823,20851,-795,5,10,화
2022-05-10,3호선,충무로,2,0,2,2,5,10,화
2022-05-10,3호선,을지로3가,11334,11711,23045,-377,5,10,화
2022-05-10,3호선,종로3가,10480,12243,22723,-1763,5,10,화
2022-05-10,3호선,안국,24778,25345,50123,-567,5,10,화
2022-05-10,3호선,경복궁(정부서울청사),29761,31027,60788,-1266,5,10,화
2022-05-10,3호선,독립문,7927,8304,16231,-377,5,10,화
2022-05-10,3호선,무악재,4298,4394,8692,-96,5,10,화
2022-05-10,3호선,홍제,19560,18553,38113,1007,5,10,화
2022-05-10,3호선,녹번,16969,15316,32285,1653,5,10,화
2022-05-10,3호선,불광,17417,18546,35963,-1129,5,10,화
2022-05-10,3호선,연신내,38706,36655,75361,2051,5,10,화
2022-05-10,3호선,구파발,23262,22238,45500,1024,5,10,화
2022-05-10,3호선,지축,5602,5223,10825,379,5,10,화
2022-05-10,2호선,용두(동대문구청),2455,2442,4897,13,5,10,화
2022-05-10,2호선,신정네거리,11249,11523,22772,-274,5,10,화
2022-05-10,2호선,양천구청,7445,7649,15094,-204,5,10,화
2022-05-10,2호선,도림천,1421,1599,3020,-178,5,10,화
2022-05-10,2호선,신설동,3271,3301,6572,-30,5,10,화
2022-05-10,2호선,신답,1809,1996,3805,-187,5,10,화
2022-05-10,2호선,용답,3268,3417,6685,-149,5,10,화
2022-05-10,2호선,충정로(경기대입구),10849,11540,22389,-691,5,10,화
2022-05-10,2호선,아현,11581,10992,22573,589,5,10,화
2022-05-10,2호선,이대,15292,16275,31567,-983,5,10,화
2022-05-10,2호선,신촌,35990,36984,72974,-994,5,10,화
2022-05-10,2호선,홍대입구,56509,59369,115878,-2860,5,10,화
2022-05-10,2호선,합정,32029,34261,66290,-2232,5,10,화
2022-05-10,2호선,당산,20514,24043,44557,-3529,5,10,화
2022-05-10,2호선,영등포구청,24019,24945,48964,-926,5,10,화
2022-05-10,2호선,문래,23814,23981,47795,-167,5,10,화
2022-05-10,2호선,신도림,50074,49826,99900,248,5,10,화
2022-05-10,2호선,대림(구로구청),25560,25710,51270,-150,5,10,화
2022-05-10,2호선,구로디지털단지,63675,63944,127619,-269,5,10,화
2022-05-10,2호선,신대방,28549,27639,56188,910,5,10,화
2022-05-10,2호선,신림,66885,64838,131723,2047,5,10,화
2022-05-10,2호선,봉천,25380,23250,48630,2130,5,10,화
2022-05-10,2호선,서울대입구(관악구청),51010,50235,101245,775,5,10,화
2022-05-10,2호선,낙성대(강감찬),29285,28776,58061,509,5,10,화
2022-05-10,2호선,사당,40351,44976,85327,-4625,5,10,화
2022-05-10,2호선,방배,21446,22152,43598,-706,5,10,화
2022-05-10,2호선,서초,23609,23024,46633,585,5,10,화
2022-05-10,2호선,교대(법원.검찰청),37045,41960,79005,-4915,5,10,화
2022-05-10,2호선,강남,88221,88430,176651,-209,5,10,화
2022-05-10,2호선,역삼,56980,65088,122068,-8108,5,10,화
2022-05-10,2호선,선릉,62600,55994,118594,6606,5,10,화
2022-05-10,2호선,삼성(무역센터),53744,55377,109121,-1633,5,10,화
2022-05-10,2호선,종합운동장,13337,15218,28555,-1881,5,10,화
2022-05-10,2호선,잠실새내,22635,22603,45238,32,5,10,화
2022-05-10,2호선,잠실(송파구청),70874,70460,141334,414,5,10,화
2022-05-10,2호선,잠실나루,16306,15939,32245,367,5,10,화
2022-05-10,2호선,강변(동서울터미널),31641,29024,60665,2617,5,10,화
2022-05-10,2호선,구의(광진구청),24892,24251,49143,641,5,10,화
2022-05-10,2호선,건대입구,37162,40327,77489,-3165,5,10,화
2022-05-10,2호선,성수,39462,43152,82614,-3690,5,10,화
2022-05-10,2호선,뚝섬,23713,25824,49537,-2111,5,10,화
2022-05-10,2호선,한양대,15922,17861,33783,-1939,5,10,화
2022-05-10,2호선,왕십리(성동구청),18113,14707,32820,3406,5,10,화
2022-05-10,2호선,상왕십리,15171,14656,29827,515,5,10,화
2022-05-10,2호선,신당,14566,15184,29750,-618,5,10,화
2022-05-10,2호선,동대문역사문화공원(DDP),12668,14225,26893,-1557,5,10,화
2022-05-10,2호선,을지로4가,13830,14017,27847,-187,5,10,화
2022-05-10,2호선,을지로3가,24458,24337,48795,121,5,10,화
2022-05-10,2호선,을지로입구,42150,44158,86308,-2008,5,10,화
2022-05-10,2호선,시청,25508,25471,50979,37,5,10,화
2022-05-10,1호선,동묘앞,8216,8821,17037,-605,5,10,화
2022-05-10,1호선,청량리(서울시립대입구),21761,20939,42700,822,5,10,화
2022-05-10,1호선,제기동,17805,18010,35815,-205,5,10,화
2022-05-10,1호선,신설동,14518,14025,28543,493,5,10,화
2022-05-10,1호선,동대문,11612,10904,22516,708,5,10,화
2022-05-10,1호선,종로5가,23572,23441,47013,131,5,10,화
2022-05-10,1호선,종로3가,26942,24331,51273,2611,5,10,화
2022-05-10,1호선,종각,38366,37819,76185,547,5,10,화
2022-05-10,1호선,시청,25177,25080,50257,97,5,10,화
2022-05-10,1호선,서울역,48574,46887,95461,1687,5,10,화
2022-05-11,5호선,마장,6327,5861,12188,466,5,11,수
2022-05-11,5호선,왕십리(성동구청),4938,5798,10736,-860,5,11,수
2022-05-11,5호선,행당,9110,7860,16970,1250,5,11,수
2022-05-11,5호선,신금호,7150,7483,14633,-333,5,11,수
2022-05-11,5호선,청구,4423,3990,8413,433,5,11,수
2022-05-11,5호선,동대문역사문화공원(DDP),3002,3665,6667,-663,5,11,수
2022-05-11,5호선,을지로4가,6777,6868,13645,-91,5,11,수
2022-05-11,5호선,종로3가,13889,13987,27876,-98,5,11,수
2022-05-11,5호선,광화문(세종문화회관),34286,36324,70610,-2038,5,11,수
2022-05-11,5호선,서대문,21843,22289,44132,-446,5,11,수
2022-05-11,5호선,충정로(경기대입구),5162,5203,10365,-41,5,11,수
2022-05-11,5호선,애오개,7482,7395,14877,87,5,11,수
2022-05-11,5호선,공덕,16059,17206,33265,-1147,5,11,수
2022-05-11,5호선,마포,15754,16228,31982,-474,5,11,수
2022-05-11,5호선,여의나루,14229,15364,29593,-1135,5,11,수
2022-05-11,5호선,여의도,30750,33191,63941,-2441,5,11,수
2022-05-11,5호선,신길,4417,4655,9072,-238,5,11,수
2022-05-11,5호선,영등포시장,10964,11198,22162,-234,5,11,수
2022-05-11,5호선,영등포구청,4316,4458,8774,-142,5,11,수
2022-05-11,5호선,양평,8095,7755,15850,340,5,11,수
2022-05-11,5호선,오목교(목동운동장앞),22890,24220,47110,-1330,5,11,수
2022-05-11,5호선,목동,18332,19564,37896,-1232,5,11,수
2022-05-11,5호선,신정(은행정),15085,12207,27292,2878,5,11,수
2022-05-11,5호선,까치산,31209,29516,60725,1693,5,11,수
2022-05-11,5호선,화곡,30718,28395,59113,2323,5,11,수
2022-05-11,5호선,우장산,16349,15864,32213,485,5,11,수
2022-05-11,5호선,발산,22307,23091,45398,-784,5,11,수
2022-05-11,5호선,마곡,11670,11620,23290,50,5,11,수
2022-05-11,5호선,송정,6919,6544,13463,375,5,11,수
2022-05-11,5호선,김포공항,7136,7240,14376,-104,5,11,수
2022-05-11,5호선,개화산,6199,5808,12007,391,5,11,수
2022-05-11,5호선,방화,7154,6774,13928,380,5,11,수
2022-05-11,4호선,남태령,1402,1195,2597,207,5,11,수
2022-05-11,4호선,사당,28543,24164,52707,4379,5,11,수
2022-05-11,4호선,총신대입구(이수),20970,22546,43516,-1576,5,11,수
2022-05-11,4호선,동작(현충원),1798,2000,3798,-202,5,11,수
2022-05-11,4호선,이촌(국립중앙박물관),9562,10591,20153,-1029,5,11,수
2022-05-11,4호선,신용산,18185,19338,37523,-1153,5,11,수
2022-05-11,4호선,삼각지,5694,6362,12056,-668,5,11,수
2022-05-11,4호선,숙대입구(갈월),15698,15136,30834,562,5,11,수
2022-05-11,4호선,서울역,12539,18231,30770,-5692,5,11,수
2022-05-11,4호선,회현(남대문시장),27451,29228,56679,-1777,5,11,수
2022-05-11,4호선,명동,22261,22849,45110,-588,5,11,수
2022-05-11,4호선,충무로,30534,31967,62501,-1433,5,11,수
2022-05-11,4호선,동대문역사문화공원(DDP),15550,14370,29920,1180,5,11,수
2022-05-11,4호선,동대문,21245,21914,43159,-669,5,11,수
2022-05-11,4호선,혜화,39316,40142,79458,-826,5,11,수
2022-05-11,4호선,한성대입구(삼선교),16512,15925,32437,587,5,11,수
2022-05-11,4호선,성신여대입구(돈암),22679,21519,44198,1160,5,11,수
2022-05-11,4호선,길음,24247,24249,48496,-2,5,11,수
2022-05-11,2호선,잠실나루,16506,16005,32511,501,5,11,수
2022-05-11,2호선,강변(동서울터미널),31903,29489,61392,2414,5,11,수
2022-05-11,2호선,구의(광진구청),25235,24687,49922,548,5,11,수
2022-05-11,2호선,건대입구,38038,40676,78714,-2638,5,11,수
2022-05-11,2호선,성수,39717,43874,83591,-4157,5,11,수
2022-05-11,2호선,뚝섬,23866,25832,49698,-1966,5,11,수
2022-05-11,2호선,한양대,15305,17117,32422,-1812,5,11,수
2022-05-11,2호선,왕십리(성동구청),18348,14765,33113,3583,5,11,수
2022-05-11,2호선,상왕십리,15482,14888,30370,594,5,11,수
2022-05-11,2호선,신당,15071,15554,30625,-483,5,11,수
2022-05-11,2호선,동대문역사문화공원(DDP),12827,14298,27125,-1471,5,11,수
2022-05-11,2호선,을지로4가,13981,14052,28033,-71,5,11,수
2022-05-11,2호선,을지로3가,25088,25244,50332,-156,5,11,수
2022-05-11,2호선,을지로입구,42771,44978,87749,-2207,5,11,수
2022-05-11,2호선,시청,26063,25605,51668,458,5,11,수
2022-05-11,1호선,동묘앞,8553,9186,17739,-633,5,11,수
2022-05-11,1호선,청량리(서울시립대입구),21685,20960,42645,725,5,11,수
2022-05-11,1호선,제기동,18062,18412,36474,-350,5,11,수
2022-05-11,1호선,신설동,14807,14442,29249,365,5,11,수
2022-05-11,1호선,동대문,11803,11071,22874,732,5,11,수
2022-05-11,1호선,종로5가,24615,24512,49127,103,5,11,수
2022-05-11,1호선,종로3가,27776,24969,52745,2807,5,11,수
2022-05-11,1호선,종각,38959,38270,77229,689,5,11,수
2022-05-11,1호선,시청,25501,25925,51426,-424,5,11,수
2022-05-11,1호선,서울역,47203,45505,92708,1698,5,11,수
2022-05-11,4호선,미아사거리,29594,28457,58051,1137,5,11,수
2022-05-11,3호선,금호,8646,7913,16559,733,5,11,수
2022-05-11,7호선,반포,6412,6313,12725,99,5,11,수
2022-05-11,4호선,미아(서울사이버대학),16490,15925,32415,565,5,11,수
2022-05-11,4호선,수유(강북구청),36378,36489,72867,-111,5,11,수
2022-05-11,4호선,쌍문,31551,28697,60248,2854,5,11,수
2022-05-11,4호선,창동,27544,29142,56686,-1598,5,11,수
2022-05-11,4호선,노원,20273,23023,43296,-2750,5,11,수
2022-05-11,4호선,상계,21215,19395,40610,1820,5,11,수
2022-05-11,4호선,당고개,9694,8585,18279,1109,5,11,수
2022-05-11,3호선,오금,6788,6193,12981,595,5,11,수
2022-05-11,3호선,경찰병원,8052,8064,16116,-12,5,11,수
2022-05-11,3호선,가락시장,9795,9712,19507,83,5,11,수
2022-05-11,3호선,수서,18341,18508,36849,-167,5,11,수
2022-05-11,3호선,일원,11676,11304,22980,372,5,11,수
2022-05-11,3호선,대청,11579,10663,22242,916,5,11,수
2022-05-11,3호선,학여울,2025,2064,4089,-39,5,11,수
2022-05-11,3호선,대치,11516,11658,23174,-142,5,11,수
2022-05-11,3호선,도곡,5882,6121,12003,-239,5,11,수
2022-05-11,3호선,매봉,13831,13207,27038,624,5,11,수
2022-05-11,3호선,양재(서초구청),42580,46570,89150,-3990,5,11,수
2022-05-11,3호선,남부터미널(예술의전당),31005,31618,62623,-613,5,11,수
2022-05-11,3호선,교대(법원.검찰청),16504,10607,27111,5897,5,11,수
2022-05-11,3호선,고속터미널,41975,39582,81557,2393,5,11,수
2022-05-11,3호선,잠원,5402,5158,10560,244,5,11,수
2022-05-11,3호선,신사,32427,33825,66252,-1398,5,11,수
2022-05-11,3호선,압구정,33127,35479,68606,-2352,5,11,수
2022-05-11,3호선,옥수,9903,10142,20045,-239,5,11,수
2022-05-11,3호선,약수,14205,13678,27883,527,5,11,수
2022-05-11,3호선,동대입구,9345,10484,19829,-1139,5,11,수
2022-05-11,3호선,충무로,2,0,2,2,5,11,수
2022-05-11,3호선,을지로3가,11713,12067,23780,-354,5,11,수
2022-05-11,3호선,종로3가,10692,12284,22976,-1592,5,11,수
2022-05-11,3호선,안국,25956,26277,52233,-321,5,11,수
2022-05-11,3호선,경복궁(정부서울청사),30739,32197,62936,-1458,5,11,수
2022-05-11,3호선,독립문,7970,8470,16440,-500,5,11,수
2022-05-11,3호선,무악재,4269,4408,8677,-139,5,11,수
2022-05-11,3호선,홍제,19501,18490,37991,1011,5,11,수
2022-05-11,3호선,녹번,16976,15321,32297,1655,5,11,수
2022-05-11,3호선,불광,17659,19069,36728,-1410,5,11,수
2022-05-11,3호선,연신내,38854,36519,75373,2335,5,11,수
2022-05-11,3호선,구파발,22632,21748,44380,884,5,11,수
2022-05-11,3호선,지축,5634,5128,10762,506,5,11,수
2022-05-11,2호선,용두(동대문구청),2449,2546,4995,-97,5,11,수
2022-05-11,2호선,신정네거리,11363,11608,22971,-245,5,11,수
2022-05-11,2호선,양천구청,7451,7662,15113,-211,5,11,수
2022-05-11,2호선,도림천,1469,1536,3005,-67,5,11,수
2022-05-11,2호선,신설동,3427,3434,6861,-7,5,11,수
2022-05-11,2호선,신답,1841,1991,3832,-150,5,11,수
2022-05-11,2호선,용답,3368,3417,6785,-49,5,11,수
2022-05-11,2호선,충정로(경기대입구),10845,11523,22368,-678,5,11,수
2022-05-11,2호선,아현,11671,10817,22488,854,5,11,수
2022-05-11,2호선,이대,15332,16289,31621,-957,5,11,수
2022-05-11,2호선,신촌,35647,36321,71968,-674,5,11,수
2022-05-11,2호선,홍대입구,57766,61402,119168,-3636,5,11,수
2022-05-11,2호선,합정,32251,34637,66888,-2386,5,11,수
2022-05-11,2호선,당산,20838,24274,45112,-3436,5,11,수
2022-05-11,2호선,영등포구청,24063,24820,48883,-757,5,11,수
2022-05-11,2호선,문래,23788,24583,48371,-795,5,11,수
2022-05-11,2호선,신도림,51464,51665,103129,-201,5,11,수
2022-05-11,2호선,대림(구로구청),25555,26152,51707,-597,5,11,수
2022-05-11,2호선,구로디지털단지,63856,63572,127428,284,5,11,수
2022-05-11,2호선,신대방,29185,28067,57252,1118,5,11,수
2022-05-11,2호선,신림,68116,65609,133725,2507,5,11,수
2022-05-11,2호선,봉천,25395,23361,48756,2034,5,11,수
2022-05-11,2호선,서울대입구(관악구청),51265,50574,101839,691,5,11,수
2022-05-11,2호선,낙성대(강감찬),29743,28704,58447,1039,5,11,수
2022-05-11,2호선,사당,41518,45744,87262,-4226,5,11,수
2022-05-11,2호선,방배,21007,21958,42965,-951,5,11,수
2022-05-11,2호선,서초,23676,23258,46934,418,5,11,수
2022-05-11,2호선,교대(법원.검찰청),37436,42960,80396,-5524,5,11,수
2022-05-11,2호선,강남,88738,88348,177086,390,5,11,수
2022-05-11,2호선,역삼,56401,64214,120615,-7813,5,11,수
2022-05-11,2호선,선릉,61834,54903,116737,6931,5,11,수
2022-05-11,2호선,삼성(무역센터),56609,58150,114759,-1541,5,11,수
2022-05-11,2호선,종합운동장,11993,13515,25508,-1522,5,11,수
2022-05-11,2호선,잠실새내,22587,22550,45137,37,5,11,수
2022-05-11,2호선,잠실(송파구청),72020,71627,143647,393,5,11,수
2022-05-11,중앙선,지평,81,93,174,-12,5,11,수
2022-05-11,중앙선,용문,2025,1992,4017,33,5,11,수
2022-05-11,중앙선,원덕,458,407,865,51,5,11,수
2022-05-11,중앙선,양평,3002,3045,6047,-43,5,11,수
2022-05-11,중앙선,오빈,329,330,659,-1,5,11,수
2022-05-11,중앙선,아신,633,590,1223,43,5,11,수
2022-05-11,중앙선,국수,848,818,1666,30,5,11,수
2022-05-11,중앙선,신원,278,258,536,20,5,11,수
2022-05-11,중앙선,양수,2231,2338,4569,-107,5,11,수
2022-05-11,중앙선,운길산,989,919,1908,70,5,11,수
2022-05-11,중앙선,팔당,883,885,1768,-2,5,11,수
2022-05-11,중앙선,도심,2734,2157,4891,577,5,11,수
2022-05-11,중앙선,덕소,6111,6127,12238,-16,5,11,수
2022-05-11,중앙선,양정,823,694,1517,129,5,11,수
2022-05-11,중앙선,도농,12103,10803,22906,1300,5,11,수
2022-05-11,중앙선,구리,14659,14825,29484,-166,5,11,수
2022-05-11,중앙선,양원,3454,3256,6710,198,5,11,수
2022-05-11,중앙선,망우,8345,8344,16689,1,5,11,수
2022-05-11,중앙선,상봉(시외버스터미널),6270,6213,12483,57,5,11,수
2022-05-11,중앙선,중랑,6264,5737,12001,527,5,11,수
2022-05-11,중앙선,회기,28182,27359,55541,823,5,11,수
2022-05-11,장항선,신창(순천향대),2810,2886,5696,-76,5,11,수
2022-05-11,장항선,온양온천,4026,4221,8247,-195,5,11,수
2022-05-11,장항선,배방,1310,1189,2499,121,5,11,수
2022-05-11,장항선,탕정,958,795,1753,163,5,11,수
2022-05-11,장항선,아산,4096,3561,7657,535,5,11,수
2022-05-11,장항선,쌍용(나사렛대),3329,2980,6309,349,5,11,수
2022-05-11,장항선,봉명,1385,1390,2775,-5,5,11,수
2022-05-11,일산선,대화,14460,11422,25882,3038,5,11,수
2022-05-11,일산선,주엽,10081,10053,20134,28,5,11,수
2022-05-11,일산선,정발산,7807,7876,15683,-69,5,11,수
2022-05-11,일산선,마두,8366,8397,16763,-31,5,11,수
2022-05-11,일산선,백석,10545,10377,20922,168,5,11,수
2022-05-11,일산선,대곡,2428,2014,4442,414,5,11,수
2022-05-11,일산선,화정,18522,18932,37454,-410,5,11,수
2022-05-11,일산선,원당,12648,11856,24504,792,5,11,수
2022-05-11,일산선,삼송,21577,20839,42416,738,5,11,수
2022-05-11,일산선,원흥,12241,11573,23814,668,5,11,수
2022-05-11,우이신설선,신설동,2380,2295,4675,85,5,11,수
2022-05-11,우이신설선,보문,1671,1705,3376,-34,5,11,수
2022-05-11,우이신설선,성신여대입구(돈암),3630,4048,7678,-418,5,11,수
2022-05-11,우이신설선,정릉,5427,4750,10177,677,5,11,수
2022-05-11,우이신설선,북한산보국문,6780,6309,13089,471,5,11,수
2022-05-11,우이신설선,솔샘,6502,5973,12475,529,5,11,수
2022-05-11,우이신설선,삼양사거리,2653,2658,5311,-5,5,11,수
2022-05-11,우이신설선,삼양,2170,2217,4387,-47,5,11,수
2022-05-11,우이신설선,화계,3685,3386,7071,299,5,11,수
2022-05-11,우이신설선,가오리,4573,4464,9037,109,5,11,수
2022-05-11,우이신설선,4.19민주묘지,4228,4116,8344,112,5,11,수
2022-05-11,우이신설선,솔밭공원,2752,2542,5294,210,5,11,수
2022-05-11,우이신설선,북한산우이,2929,2712,5641,217,5,11,수
2022-05-11,안산선,수리산,4772,3900,8672,872,5,11,수
2022-05-11,안산선,오이도,9396,9289,18685,107,5,11,수
2022-05-11,안산선,정왕,10884,11172,22056,-288,5,11,수
2022-05-11,안산선,신길온천,2025,1856,3881,169,5,11,수
2022-05-11,안산선,안산,12384,11126,23510,1258,5,11,수
2022-05-11,안산선,초지,5731,6182,11913,-451,5,11,수
2022-05-11,안산선,고잔,10012,9722,19734,290,5,11,수
2022-05-11,안산선,중앙,20180,20843,41023,-663,5,11,수
2022-05-11,안산선,한대앞,11314,11324,22638,-10,5,11,수
2022-05-11,안산선,상록수,18136,18311,36447,-175,5,11,수
2022-05-11,안산선,반월,4830,4648,9478,182,5,11,수
2022-05-11,안산선,대야미,5658,5057,10715,601,5,11,수
2022-05-11,안산선,산본,17454,18702,36156,-1248,5,11,수
2022-05-11,수인선,인천,1170,1915,3085,-745,5,11,수
2022-05-11,수인선,신포,2024,2119,4143,-95,5,11,수
2022-05-11,수인선,숭의,4462,4176,8638,286,5,11,수
2022-05-11,수인선,인하대,8380,7978,16358,402,5,11,수
2022-05-11,수인선,송도,2862,2631,5493,231,5,11,수
2022-05-11,수인선,연수,5028,5051,10079,-23,5,11,수
2022-05-11,수인선,원인재,4807,4997,9804,-190,5,11,수
2022-05-11,수인선,남동인더스파크,2468,2727,5195,-259,5,11,수
2022-05-11,수인선,호구포,4588,4734,9322,-146,5,11,수
2022-05-11,수인선,인천논현,6145,6620,12765,-475,5,11,수
2022-05-11,수인선,소래포구,6645,6144,12789,501,5,11,수
2022-05-11,수인선,월곶,3244,2982,6226,262,5,11,수
2022-05-11,수인선,달월,116,90,206,26,5,11,수
2022-05-11,수인선,사리,5499,4878,10377,621,5,11,수
2022-05-11,수인선,야목,458,306,764,152,5,11,수
2022-05-11,수인선,어천,849,872,1721,-23,5,11,수
2022-05-11,수인선,오목천,4538,4013,8551,525,5,11,수
2022-05-11,수인선,고색,5462,5229,10691,233,5,11,수
2022-05-11,분당선,매교,3509,3444,6953,65,5,11,수
2022-05-11,분당선,수원시청,13816,14891,28707,-1075,5,11,수
2022-05-11,분당선,매탄권선,5835,5412,11247,423,5,11,수
2022-05-11,분당선,망포,16007,15359,31366,648,5,11,수
2022-05-11,분당선,영통,9029,9225,18254,-196,5,11,수
2022-05-11,분당선,청명,4757,4700,9457,57,5,11,수
2022-05-11,분당선,상갈,6030,5777,11807,253,5,11,수
2022-05-11,분당선,기흥,11485,10947,22432,538,5,11,수
2022-05-11,분당선,신갈,4989,4929,9918,60,5,11,수
2022-05-11,분당선,구성,5656,5927,11583,-271,5,11,수
2022-05-11,분당선,죽전,15581,17137,32718,-1556,5,11,수
2022-05-11,분당선,보정,2941,2590,5531,351,5,11,수
2022-05-11,분당선,이매,6484,6114,12598,370,5,11,수
2022-05-11,분당선,오리,12685,10419,23104,2266,5,11,수
2022-05-11,분당선,미금,16797,17945,34742,-1148,5,11,수
2022-05-11,분당선,정자,19308,20530,39838,-1222,5,11,수
2022-05-11,분당선,수내,14726,14785,29511,-59,5,11,수
2022-05-11,분당선,서현,26293,26517,52810,-224,5,11,수
2022-05-11,분당선,야탑,28969,30203,59172,-1234,5,11,수
2022-05-11,분당선,모란,21436,21698,43134,-262,5,11,수
2022-05-11,분당선,태평,14432,13709,28141,723,5,11,수
2022-05-11,분당선,가천대,13486,14383,27869,-897,5,11,수
2022-05-11,분당선,선정릉,8993,9527,18520,-534,5,11,수
2022-05-11,분당선,강남구청,11309,13001,24310,-1692,5,11,수
2022-05-11,분당선,압구정로데오,19647,22221,41868,-2574,5,11,수
2022-05-11,분당선,서울숲,13033,13266,26299,-233,5,11,수
2022-05-11,분당선,수원,8982,7363,16345,1619,5,11,수
2022-05-11,분당선,복정,1,0,1,1,5,11,수
2022-05-11,분당선,수서,14527,14857,29384,-330,5,11,수
2022-05-11,분당선,대모산입구,5075,4601,9676,474,5,11,수
2022-05-11,분당선,개포동,4533,4572,9105,-39,5,11,수
2022-05-11,분당선,구룡,2677,2522,5199,155,5,11,수
2022-05-11,분당선,도곡,7816,7496,15312,320,5,11,수
2022-05-11,분당선,한티,15143,16256,31399,-1113,5,11,수
2022-05-11,분당선,선릉,14599,22811,37410,-8212,5,11,수
2022-05-11,과천선,범계,28737,28805,57542,-68,5,11,수
2022-05-11,과천선,평촌,19881,19455,39336,426,5,11,수
2022-05-11,과천선,인덕원,27109,27818,54927,-709,5,11,수
2022-05-11,과천선,정부과천청사,11888,11631,23519,257,5,11,수
2022-05-11,과천선,과천,7058,6562,13620,496,5,11,수
2022-05-11,과천선,대공원,5481,5539,11020,-58,5,11,수
2022-05-11,과천선,경마공원,1623,1601,3224,22,5,11,수
2022-05-11,과천선,선바위,9112,8182,17294,930,5,11,수
2022-05-11,공항철도 1호선,영종,3378,3326,6704,52,5,11,수
2022-05-11,공항철도 1호선,인천공항2터미널,2761,2654,5415,107,5,11,수
2022-05-11,공항철도 1호선,인천공항1터미널,5392,5470,10862,-78,5,11,수
2022-05-11,공항철도 1호선,공항화물청사,2364,2632,4996,-268,5,11,수
2022-05-11,공항철도 1호선,운서,7587,7487,15074,100,5,11,수
2022-05-11,공항철도 1호선,청라국제도시,7849,7401,15250,448,5,11,수
2022-05-11,공항철도 1호선,검암,7316,7299,14615,17,5,11,수
2022-05-11,공항철도 1호선,계양,12047,11206,23253,841,5,11,수
2022-05-11,공항철도 1호선,김포공항,11268,7005,18273,4263,5,11,수
2022-05-11,공항철도 1호선,마곡나루(서울식물원),11293,11114,22407,179,5,11,수
2022-05-11,공항철도 1호선,디지털미디어시티,16107,14964,31071,1143,5,11,수
2022-05-11,공항철도 1호선,홍대입구,10363,10559,20922,-196,5,11,수
2022-05-11,공항철도 1호선,공덕,2454,3206,5660,-752,5,11,수
2022-05-11,공항철도 1호선,서울역,8522,7732,16254,790,5,11,수
2022-05-11,경춘선,춘천,1721,1626,3347,95,5,11,수
2022-05-11,경춘선,남춘천,2709,2770,5479,-61,5,11,수
2022-05-11,경춘선,김유정,421,415,836,6,5,11,수
2022-05-11,경춘선,강촌,534,528,1062,6,5,11,수
2022-05-11,경춘선,백양리,123,101,224,22,5,11,수
2022-05-11,경춘선,굴봉산,196,168,364,28,5,11,수
2022-05-11,경춘선,가평,1771,1740,3511,31,5,11,수
2022-05-11,경춘선,상천,389,355,744,34,5,11,수
2022-05-11,경춘선,청평,1781,1724,3505,57,5,11,수
2022-05-11,경춘선,대성리,618,586,1204,32,5,11,수
2022-05-11,경춘선,마석,4389,4314,8703,75,5,11,수
2022-05-11,경춘선,천마산,1928,1766,3694,162,5,11,수
2022-05-11,경춘선,평내호평,7105,6838,13943,267,5,11,수
2022-05-11,경춘선,금곡,1674,1673,3347,1,5,11,수
2022-05-11,경춘선,사릉,2867,2717,5584,150,5,11,수
2022-05-11,경춘선,퇴계원,3921,3543,7464,378,5,11,수
2022-05-11,경춘선,별내,3405,3084,6489,321,5,11,수
2022-05-11,경춘선,갈매,3417,2947,6364,470,5,11,수
2022-05-11,경춘선,신내,2532,2335,4867,197,5,11,수
2022-05-11,경인선,도화,4692,4375,9067,317,5,11,수
2022-05-11,경인선,중동,10415,9656,20071,759,5,11,수
2022-05-11,경인선,온수(성공회대입구),8029,7524,15553,505,5,11,수
2022-05-11,경인선,도원,3743,3688,7431,55,5,11,수
2022-05-11,경인선,간석,6501,6110,12611,391,5,11,수
2022-05-11,경인선,부개,9498,8830,18328,668,5,11,수
2022-05-11,경인선,소사,10120,9559,19679,561,5,11,수
2022-05-11,경인선,구일,9190,9222,18412,-32,5,11,수
2022-05-11,경인선,인천,4090,3121,7211,969,5,11,수
2022-05-11,경인선,동인천,15584,14703,30287,881,5,11,수
2022-05-11,경인선,제물포,12486,11988,24474,498,5,11,수
2022-05-11,경인선,주안,21590,19846,41436,1744,5,11,수
2022-05-11,경인선,동암,15859,16092,31951,-233,5,11,수
2022-05-11,경인선,백운,7568,7459,15027,109,5,11,수
2022-05-11,경인선,부평,30602,33048,63650,-2446,5,11,수
2022-05-11,경인선,송내,30368,30510,60878,-142,5,11,수
2022-05-11,경인선,부천,35446,35509,70955,-63,5,11,수
2022-05-11,경인선,역곡,31572,31048,62620,524,5,11,수
2022-05-11,경인선,오류동,13068,12144,25212,924,5,11,수
2022-05-11,경인선,개봉,23596,22774,46370,822,5,11,수
2022-05-11,경의선,계양,1,0,1,1,5,11,수
2022-05-11,경의선,임진강,10,15,25,-5,5,11,수
2022-05-11,경의선,문산,5611,5468,11079,143,5,11,수
2022-05-11,경의선,파주,1666,1235,2901,431,5,11,수
2022-05-11,경의선,월롱,3457,3216,6673,241,5,11,수
2022-05-11,경의선,금촌,7342,7397,14739,-55,5,11,수
2022-05-11,경의선,금릉,5546,5264,10810,282,5,11,수
2022-05-11,경의선,운정,7992,7254,15246,738,5,11,수
2022-05-11,경의선,야당,8697,8539,17236,158,5,11,수
2022-05-11,경의선,탄현,8725,8261,16986,464,5,11,수
2022-05-11,경의선,일산,10770,10598,21368,172,5,11,수
2022-05-11,경의선,풍산,6121,5720,11841,401,5,11,수
2022-05-11,경의선,백마,7869,7576,15445,293,5,11,수
2022-05-11,경의선,곡산,691,747,1438,-56,5,11,수
2022-05-11,경의선,능곡,4363,3968,8331,395,5,11,수
2022-05-11,경의선,행신,8829,8854,17683,-25,5,11,수
2022-05-11,경의선,강매,3745,3252,6997,493,5,11,수
2022-05-11,경의선,화전,4043,3751,7794,292,5,11,수
2022-05-11,경의선,수색,3189,3314,6503,-125,5,11,수
2022-05-11,경의선,디지털미디어시티,2942,2672,5614,270,5,11,수
2022-05-11,경의선,가좌,6333,5912,12245,421,5,11,수
2022-05-11,경의선,홍대입구,1867,2255,4122,-388,5,11,수
2022-05-11,경의선,서강대,2427,2393,4820,34,5,11,수
2022-05-11,경의선,공덕,3879,3521,7400,358,5,11,수
2022-05-11,경의선,효창공원앞,3374,3801,7175,-427,5,11,수
2022-05-11,경의선,신촌,1029,1358,2387,-329,5,11,수
2022-05-11,경의선,서울역,4917,6510,11427,-1593,5,11,수
2022-05-11,경원선,소요산,2898,2442,5340,456,5,11,수
2022-05-11,경원선,동두천,2914,3263,6177,-349,5,11,수
2022-05-11,경원선,보산,1616,1498,3114,118,5,11,수
2022-05-11,경원선,동두천중앙,3395,3256,6651,139,5,11,수
2022-05-11,경원선,지행,7741,7730,15471,11,5,11,수
2022-05-11,경원선,덕정,6892,6469,13361,423,5,11,수
2022-05-11,경원선,덕계,3759,3394,7153,365,5,11,수
2022-05-11,경원선,양주,8666,8280,16946,386,5,11,수
2022-05-11,경원선,녹양,5056,4823,9879,233,5,11,수
2022-05-11,경원선,가능,7565,7200,14765,365,5,11,수
2022-05-11,경원선,의정부,19870,20639,40509,-769,5,11,수
2022-05-11,경원선,회룡,14132,14079,28211,53,5,11,수
2022-05-11,경원선,망월사,10721,10802,21523,-81,5,11,수
2022-05-11,경원선,도봉산,8590,5768,14358,2822,5,11,수
2022-05-11,경원선,도봉,6606,6377,12983,229,5,11,수
2022-05-11,경원선,방학,10665,10512,21177,153,5,11,수
2022-05-11,경원선,녹천,5211,4280,9491,931,5,11,수
2022-05-11,경원선,월계,9167,8459,17626,708,5,11,수
2022-05-11,경원선,광운대,10178,9942,20120,236,5,11,수
2022-05-11,경원선,석계,9159,10247,19406,-1088,5,11,수
2022-05-11,경원선,신이문,9223,8385,17608,838,5,11,수
2022-05-11,경원선,외대앞,9094,9189,18283,-95,5,11,수
2022-05-11,경원선,청량리(서울시립대입구),15464,16764,32228,-1300,5,11,수
2022-05-11,경원선,왕십리(성동구청),15728,17290,33018,-1562,5,11,수
2022-05-11,경원선,응봉,2196,1804,4000,392,5,11,수
2022-05-11,경원선,옥수,78,44,122,34,5,11,수
2022-05-11,경원선,한남,4488,4256,8744,232,5,11,수
2022-05-11,경원선,서빙고,2227,2018,4245,209,5,11,수
2022-05-11,경원선,이촌(국립중앙박물관),4307,3247,7554,1060,5,11,수
2022-05-11,경부선,광명,3540,2994,6534,546,5,11,수
2022-05-11,경부선,서동탄,1592,1387,2979,205,5,11,수
2022-05-11,경부선,당정,8049,7655,15704,394,5,11,수
2022-05-11,경부선,천안,7424,6803,14227,621,5,11,수
2022-05-11,경부선,두정,8541,9281,17822,-740,5,11,수
2022-05-11,경부선,직산,994,955,1949,39,5,11,수
2022-05-11,경부선,성환,7324,6988,14312,336,5,11,수
2022-05-11,경부선,평택,13767,13879,27646,-112,5,11,수
2022-05-11,경부선,평택지제,3862,3728,7590,134,5,11,수
2022-05-11,경부선,서정리,8238,7771,16009,467,5,11,수
2022-05-11,경부선,송탄,4797,4570,9367,227,5,11,수
2022-05-11,경부선,진위,2037,1791,3828,246,5,11,수
2022-05-11,경부선,오산,11025,11148,22173,-123,5,11,수
2022-05-11,경부선,오산대,4826,4432,9258,394,5,11,수
2022-05-11,경부선,세마,3327,3145,6472,182,5,11,수
2022-05-11,경부선,병점,17831,18012,35843,-181,5,11,수
2022-05-11,경부선,세류,3362,3079,6441,283,5,11,수
2022-05-11,경부선,독산,20461,20851,41312,-390,5,11,수
2022-05-11,경부선,수원,39010,41285,80295,-2275,5,11,수
2022-05-11,경부선,화서,9207,8748,17955,459,5,11,수
2022-05-11,경부선,성균관대,17254,16836,34090,418,5,11,수
2022-05-11,경부선,의왕,10532,10363,20895,169,5,11,수
2022-05-11,경부선,군포,8383,8354,16737,29,5,11,수
2022-05-11,경부선,금정,29520,29873,59393,-353,5,11,수
2022-05-11,경부선,명학,11482,11282,22764,200,5,11,수
2022-05-11,경부선,안양,29204,28886,58090,318,5,11,수
2022-05-11,경부선,관악,8243,7719,15962,524,5,11,수
2022-05-11,경부선,석수,10819,9778,20597,1041,5,11,수
2022-05-11,경부선,금천구청,13164,13283,26447,-119,5,11,수
2022-05-11,경부선,가산디지털단지,20286,23316,43602,-3030,5,11,수
2022-05-11,경부선,구로,19888,20608,40496,-720,5,11,수
2022-05-11,경부선,신길,10011,8709,18720,1302,5,11,수
2022-05-11,경부선,신도림,4521,4666,9187,-145,5,11,수
2022-05-11,경부선,영등포,38833,40155,78988,-1322,5,11,수
2022-05-11,경부선,대방,14443,14979,29422,-536,5,11,수
2022-05-11,경부선,노량진,9087,9267,18354,-180,5,11,수
2022-05-11,경부선,용산,35483,35698,71181,-215,5,11,수
2022-05-11,경부선,남영,10296,11152,21448,-856,5,11,수
2022-05-11,경부선,서울역,6347,2068,8415,4279,5,11,수
2022-05-11,경강선,여주,2684,2717,5401,-33,5,11,수
2022-05-11,경강선,세종대왕릉,350,345,695,5,5,11,수
2022-05-11,경강선,부발,2285,2239,4524,46,5,11,수
2022-05-11,경강선,이천,2763,2802,5565,-39,5,11,수
2022-05-11,경강선,신둔도예촌,1784,1571,3355,213,5,11,수
2022-05-11,경강선,곤지암,2496,2502,4998,-6,5,11,수
2022-05-11,경강선,초월,3577,3298,6875,279,5,11,수
2022-05-11,경강선,경기광주,8611,8049,16660,562,5,11,수
2022-05-11,경강선,삼동,2603,2413,5016,190,5,11,수
2022-05-11,경강선,이매,1257,1114,2371,143,5,11,수
2022-05-11,경강선,판교,5401,5352,10753,49,5,11,수
2022-05-11,9호선2~3단계,중앙보훈병원,11833,10520,22353,1313,5,11,수
2022-05-11,9호선2~3단계,둔촌오륜,1304,1165,2469,139,5,11,수
2022-05-11,9호선2~3단계,올림픽공원(한국체대),6776,6641,13417,135,5,11,수
2022-05-11,9호선2~3단계,한성백제,2756,2465,5221,291,5,11,수
2022-05-11,9호선2~3단계,송파나루,5248,5678,10926,-430,5,11,수
2022-05-11,9호선2~3단계,석촌,9260,7992,17252,1268,5,11,수
2022-05-11,9호선2~3단계,석촌고분,6454,6155,12609,299,5,11,수
2022-05-11,9호선2~3단계,삼전,7376,6943,14319,433,5,11,수
2022-05-11,9호선2~3단계,종합운동장,4590,4790,9380,-200,5,11,수
2022-05-11,9호선2~3단계,봉은사,18514,19058,37572,-544,5,11,수
2022-05-11,9호선2~3단계,삼성중앙,7437,7872,15309,-435,5,11,수
2022-05-11,9호선2~3단계,선정릉,10763,11845,22608,-1082,5,11,수
2022-05-11,9호선2~3단계,언주,11169,11510,22679,-341,5,11,수
2022-05-11,9호선,신논현,33806,33586,67392,220,5,11,수
2022-05-11,9호선,사평,3934,3771,7705,163,5,11,수
2022-05-11,9호선,고속터미널,13578,16428,30006,-2850,5,11,수
2022-05-11,9호선,신반포,4177,3925,8102,252,5,11,수
2022-05-11,9호선,구반포,1400,1466,2866,-66,5,11,수
2022-05-11,9호선,동작(현충원),2134,1828,3962,306,5,11,수
2022-05-11,9호선,흑석(중앙대입구),10343,10259,20602,84,5,11,수
2022-05-11,9호선,노들,5084,4187,9271,897,5,11,수
2022-05-11,9호선,노량진,28802,27656,56458,1146,5,11,수
2022-05-11,9호선,샛강,6519,7011,13530,-492,5,11,수
2022-05-11,9호선,여의도,30396,30085,60481,311,5,11,수
2022-05-11,9호선,국회의사당,17380,18233,35613,-853,5,11,수
2022-05-11,9호선,당산,20056,20050,40106,6,5,11,수
2022-05-11,9호선,선유도,9536,9126,18662,410,5,11,수
2022-05-11,9호선,신목동,4721,4043,8764,678,5,11,수
2022-05-11,9호선,염창,18797,17999,36796,798,5,11,수
2022-05-11,9호선,등촌,12379,11626,24005,753,5,11,수
2022-05-11,9호선,증미,7780,7492,15272,288,5,11,수
2022-05-11,9호선,가양,22686,21917,44603,769,5,11,수
2022-05-11,9호선,양천향교,10715,10879,21594,-164,5,11,수
2022-05-11,9호선,마곡나루(서울식물원),13993,13715,27708,278,5,11,수
2022-05-11,9호선,신방화,7508,7118,14626,390,5,11,수
2022-05-11,9호선,공항시장,3208,3440,6648,-232,5,11,수
2022-05-11,9호선,김포공항,7070,11457,18527,-4387,5,11,수
2022-05-11,9호선,개화,2826,1942,4768,884,5,11,수
2022-05-11,8호선,남위례,5654,5858,11512,-204,5,11,수
2022-05-11,8호선,모란,4756,3730,8486,1026,5,11,수
2022-05-11,8호선,수진,5576,5165,10741,411,5,11,수
2022-05-11,8호선,신흥,4453,4688,9141,-235,5,11,수
2022-05-11,8호선,단대오거리,12262,11647,23909,615,5,11,수
2022-05-11,8호선,남한산성입구(성남법원.검찰청),16684,15537,32221,1147,5,11,수
2022-05-11,8호선,산성,5966,6012,11978,-46,5,11,수
2022-05-11,8호선,복정,11112,9155,20267,1957,5,11,수
2022-05-11,8호선,장지,18547,17643,36190,904,5,11,수
2022-05-11,8호선,문정,23629,25224,48853,-1595,5,11,수
2022-05-11,8호선,가락시장,8187,9157,17344,-970,5,11,수
2022-05-11,8호선,송파,9199,8873,18072,326,5,11,수
2022-05-11,8호선,석촌,8197,9440,17637,-1243,5,11,수
2022-05-11,8호선,잠실(송파구청),14106,17560,31666,-3454,5,11,수
2022-05-11,8호선,몽촌토성(평화의문),6845,6802,13647,43,5,11,수
2022-05-11,8호선,강동구청,11381,11506,22887,-125,5,11,수
2022-05-11,8호선,천호(풍납토성),15582,17955,33537,-2373,5,11,수
2022-05-11,8호선,암사,20454,17635,38089,2819,5,11,수
2022-05-11,7호선,온수(성공회대입구),11953,11298,23251,655,5,11,수
2022-05-11,7호선,천왕,12420,11938,24358,482,5,11,수
2022-05-11,7호선,광명사거리,23354,22848,46202,506,5,11,수
2022-05-11,7호선,철산,22726,23088,45814,-362,5,11,수
2022-05-11,7호선,가산디지털단지,48308,48771,97079,-463,5,11,수
2022-05-11,7호선,남구로,16696,17775,34471,-1079,5,11,수
2022-05-11,7호선,대림(구로구청),8004,8123,16127,-119,5,11,수
2022-05-11,7호선,신풍,12498,11990,24488,508,5,11,수
2022-05-11,7호선,보라매,11209,11271,22480,-62,5,11,수
2022-05-11,7호선,신대방삼거리,18343,17499,35842,844,5,11,수
2022-05-11,7호선,장승배기,9711,9461,19172,250,5,11,수
2022-05-11,7호선,상도,12680,12302,24982,378,5,11,수
2022-05-11,7호선,숭실대입구(살피재),15990,16338,32328,-348,5,11,수
2022-05-11,7호선,남성,12273,11153,23426,1120,5,11,수
2022-05-11,7호선,이수,17106,16665,33771,441,5,11,수
2022-05-11,7호선,내방,16026,16625,32651,-599,5,11,수
2022-05-11,7호선,고속터미널,16123,14221,30344,1902,5,11,수
2022-05-11,7호선,논현,21944,23928,45872,-1984,5,11,수
2022-05-11,7호선,학동,26594,28362,54956,-1768,5,11,수
2022-05-11,7호선,강남구청,17695,19647,37342,-1952,5,11,수
2022-05-11,7호선,청담,21248,24058,45306,-2810,5,11,수
2022-05-11,7호선,뚝섬유원지,11452,11076,22528,376,5,11,수
2022-05-11,7호선,건대입구,13712,14777,28489,-1065,5,11,수
2022-05-11,7호선,어린이대공원(세종대),17604,18085,35689,-481,5,11,수
2022-05-11,7호선,군자(능동),15796,12468,28264,3328,5,11,수
2022-05-11,7호선,중곡,12134,11109,23243,1025,5,11,수
2022-05-11,7호선,용마산(용마폭포공원),6518,6233,12751,285,5,11,수
2022-05-11,7호선,사가정,17502,17432,34934,70,5,11,수
2022-05-11,7호선,면목,17416,16843,34259,573,5,11,수
2022-05-11,7호선,상봉(시외버스터미널),17658,16536,34194,1122,5,11,수
2022-05-11,7호선,중화,11638,11275,22913,363,5,11,수
2022-05-11,7호선,먹골,10927,10345,21272,582,5,11,수
2022-05-11,7호선,태릉입구,10155,9841,19996,314,5,11,수
2022-05-11,7호선,공릉(서울과학기술대),13917,13746,27663,171,5,11,수
2022-05-11,7호선,하계,20357,19098,39455,1259,5,11,수
2022-05-11,7호선,중계,16776,15179,31955,1597,5,11,수
2022-05-11,7호선,노원,20181,21729,41910,-1548,5,11,수
2022-05-11,7호선,마들,14069,13134,27203,935,5,11,수
2022-05-11,7호선,수락산,13769,13305,27074,464,5,11,수
2022-05-11,7호선,도봉산,10548,11914,22462,-1366,5,11,수
2022-05-11,7호선,장암,2531,961,3492,1570,5,11,수
2022-05-11,6호선,봉화산(서울의료원),9754,8962,18716,792,5,11,수
2022-05-11,6호선,화랑대(서울여대입구),14056,10800,24856,3256,5,11,수
2022-05-11,6호선,태릉입구,6339,7254,13593,-915,5,11,수
2022-05-11,6호선,석계,13682,14245,27927,-563,5,11,수
2022-05-11,6호선,돌곶이,10222,9545,19767,677,5,11,수
2022-05-11,6호선,상월곡(한국과학기술연구원),7095,6646,13741,449,5,11,수
2022-05-11,6호선,월곡(동덕여대),13707,13143,26850,564,5,11,수
2022-05-11,6호선,고려대(종암),9556,9233,18789,323,5,11,수
2022-05-11,6호선,안암(고대병원앞),15457,15723,31180,-266,5,11,수
2022-05-11,6호선,보문,8060,7294,15354,766,5,11,수
2022-05-11,6호선,창신,4124,3505,7629,619,5,11,수
2022-05-11,6호선,동묘앞,8339,8587,16926,-248,5,11,수
2022-05-11,6호선,신당,9460,9762,19222,-302,5,11,수
2022-05-11,6호선,청구,3981,4218,8199,-237,5,11,수
2022-05-11,6호선,약수,3836,3868,7704,-32,5,11,수
2022-05-11,6호선,버티고개,2465,2351,4816,114,5,11,수
2022-05-11,6호선,한강진,8925,10420,19345,-1495,5,11,수
2022-05-11,6호선,이태원,10669,11467,22136,-798,5,11,수
2022-05-11,6호선,녹사평(용산구청),5396,5265,10661,131,5,11,수
2022-05-11,6호선,삼각지,7819,6859,14678,960,5,11,수
2022-05-11,6호선,효창공원앞,8186,7486,15672,700,5,11,수
2022-05-11,6호선,공덕,20423,19996,40419,427,5,11,수
2022-05-11,6호선,대흥(서강대앞),9521,9863,19384,-342,5,11,수
2022-05-11,6호선,광흥창(서강),10120,9644,19764,476,5,11,수
2022-05-11,6호선,상수,9389,10794,20183,-1405,5,11,수
2022-05-11,6호선,합정,13747,13403,27150,344,5,11,수
2022-05-11,6호선,망원,14318,15139,29457,-821,5,11,수
2022-05-11,6호선,마포구청,15374,13821,29195,1553,5,11,수
2022-05-11,6호선,월드컵경기장(성산),4939,5276,10215,-337,5,11,수
2022-05-11,6호선,디지털미디어시티,15760,17047,32807,-1287,5,11,수
2022-05-11,6호선,증산(명지대앞),10973,10973,21946,0,5,11,수
2022-05-11,6호선,새절(신사),14276,13191,27467,1085,5,11,수
2022-05-11,6호선,구산,8273,6017,14290,2256,5,11,수
2022-05-11,6호선,독바위,2868,3029,5897,-161,5,11,수
2022-05-11,6호선,불광,4677,4538,9215,139,5,11,수
2022-05-11,6호선,역촌,4039,4810,8849,-771,5,11,수
2022-05-11,6호선,응암,18972,18388,37360,584,5,11,수
2022-05-11,5호선,하남검단산,6254,5853,12107,401,5,11,수
2022-05-11,5호선,하남시청(덕풍·신장),7609,7303,14912,306,5,11,수
2022-05-11,5호선,하남풍산,4657,4456,9113,201,5,11,수
2022-05-11,5호선,미사,17815,17493,35308,322,5,11,수
2022-05-11,5호선,강일,4742,4366,9108,376,5,11,수
2022-05-11,5호선,마천,8099,7601,15700,498,5,11,수
2022-05-11,5호선,거여,11490,10813,22303,677,5,11,수
2022-05-11,5호선,개롱,7168,7291,14459,-123,5,11,수
2022-05-11,5호선,오금,4126,4143,8269,-17,5,11,수
2022-05-11,5호선,방이,7478,7772,15250,-294,5,11,수
2022-05-11,5호선,올림픽공원(한국체대),5059,4539,9598,520,5,11,수
2022-05-11,5호선,둔촌동,8841,8694,17535,147,5,11,수
2022-05-11,5호선,상일동,16419,15327,31746,1092,5,11,수
2022-05-11,5호선,고덕,10928,10706,21634,222,5,11,수
2022-05-11,5호선,명일,9651,9933,19584,-282,5,11,수
2022-05-11,5호선,굽은다리(강동구민회관앞),10457,9955,20412,502,5,11,수
2022-05-11,5호선,길동,8491,8765,17256,-274,5,11,수
2022-05-11,5호선,강동,19888,19166,39054,722,5,11,수
2022-05-11,5호선,천호(풍납토성),19337,19708,39045,-371,5,11,수
2022-05-11,5호선,광나루(장신대),14847,13491,28338,1356,5,11,수
2022-05-11,5호선,아차산(어린이대공원후문),16470,15685,32155,785,5,11,수
2022-05-11,5호선,군자(능동),12016,13463,25479,-1447,5,11,수
2022-05-11,5호선,장한평,20166,20046,40212,120,5,11,수
2022-05-11,5호선,답십리,17224,15502,32726,1722,5,11,수
2022-05-12,6호선,대흥(서강대앞),9481,9620,19101,-139,5,12,목
2022-05-12,2호선,선릉,61530,54859,116389,6671,5,12,목
2022-05-12,2호선,역삼,55081,64145,119226,-9064,5,12,목
2022-05-12,2호선,강남,88571,88898,177469,-327,5,12,목
2022-05-12,2호선,교대(법원.검찰청),37567,42778,80345,-5211,5,12,목
2022-05-12,2호선,서초,23450,22802,46252,648,5,12,목
2022-05-12,2호선,방배,21315,22150,43465,-835,5,12,목
2022-05-12,2호선,사당,40758,45877,86635,-5119,5,12,목
2022-05-12,2호선,낙성대(강감찬),29741,28865,58606,876,5,12,목
2022-05-12,2호선,서울대입구(관악구청),51296,50907,102203,389,5,12,목
2022-05-12,2호선,봉천,25547,23256,48803,2291,5,12,목
2022-05-12,2호선,신림,67276,64523,131799,2753,5,12,목
2022-05-12,2호선,신대방,28851,27533,56384,1318,5,12,목
2022-05-12,2호선,구로디지털단지,63751,63712,127463,39,5,12,목
2022-05-12,2호선,대림(구로구청),25717,26180,51897,-463,5,12,목
2022-05-12,2호선,신도림,51844,51460,103304,384,5,12,목
2022-05-12,2호선,문래,23654,24361,48015,-707,5,12,목
2022-05-12,2호선,영등포구청,24001,24865,48866,-864,5,12,목
2022-05-12,2호선,당산,20740,24036,44776,-3296,5,12,목
2022-05-12,2호선,합정,33116,35533,68649,-2417,5,12,목
2022-05-12,2호선,홍대입구,57925,62274,120199,-4349,5,12,목
2022-05-12,2호선,신촌,36380,37037,73417,-657,5,12,목
2022-05-12,2호선,이대,15179,16080,31259,-901,5,12,목
2022-05-12,2호선,아현,11840,11200,23040,640,5,12,목
2022-05-12,2호선,충정로(경기대입구),10813,11527,22340,-714,5,12,목
2022-05-12,2호선,용답,3409,3514,6923,-105,5,12,목
2022-05-12,2호선,신답,1873,2052,3925,-179,5,12,목
2022-05-12,2호선,신설동,3377,2257,5634,1120,5,12,목
2022-05-12,2호선,도림천,1493,1563,3056,-70,5,12,목
2022-05-12,2호선,양천구청,7465,7629,15094,-164,5,12,목
2022-05-12,2호선,신정네거리,11112,11286,22398,-174,5,12,목
2022-05-12,2호선,용두(동대문구청),2485,2484,4969,1,5,12,목
2022-05-12,3호선,지축,5604,5120,10724,484,5,12,목
2022-05-12,3호선,구파발,22769,21811,44580,958,5,12,목
2022-05-12,3호선,연신내,39009,36953,75962,2056,5,12,목
2022-05-12,3호선,불광,17450,18607,36057,-1157,5,12,목
2022-05-12,3호선,녹번,17420,15510,32930,1910,5,12,목
2022-05-12,3호선,홍제,19587,18426,38013,1161,5,12,목
2022-05-12,3호선,무악재,4325,4364,8689,-39,5,12,목
2022-05-12,3호선,독립문,7940,8335,16275,-395,5,12,목
2022-05-12,3호선,경복궁(정부서울청사),31008,33018,64026,-2010,5,12,목
2022-05-12,3호선,안국,26487,26641,53128,-154,5,12,목
2022-05-12,3호선,종로3가,10711,12364,23075,-1653,5,12,목
2022-05-12,3호선,을지로3가,11478,11820,23298,-342,5,12,목
2022-05-12,3호선,충무로,3,0,3,3,5,12,목
2022-05-12,3호선,동대입구,9603,10676,20279,-1073,5,12,목
2022-05-12,3호선,약수,14113,13622,27735,491,5,12,목
2022-05-12,3호선,금호,8540,7794,16334,746,5,12,목
2022-05-12,3호선,옥수,10033,10217,20250,-184,5,12,목
2022-05-12,3호선,압구정,32841,35456,68297,-2615,5,12,목
2022-05-12,3호선,신사,32028,34159,66187,-2131,5,12,목
2022-05-12,3호선,잠원,5406,5244,10650,162,5,12,목
2022-05-12,3호선,고속터미널,43918,41867,85785,2051,5,12,목
2022-05-12,3호선,교대(법원.검찰청),16564,10800,27364,5764,5,12,목
2022-05-12,3호선,남부터미널(예술의전당),31547,32014,63561,-467,5,12,목
2022-05-12,3호선,양재(서초구청),42445,46897,89342,-4452,5,12,목
2022-05-12,3호선,매봉,13917,13391,27308,526,5,12,목
2022-05-12,3호선,도곡,5977,6241,12218,-264,5,12,목
2022-05-12,3호선,대치,11810,11958,23768,-148,5,12,목
2022-05-12,3호선,학여울,2180,2226,4406,-46,5,12,목
2022-05-12,3호선,대청,11395,10303,21698,1092,5,12,목
2022-05-12,3호선,일원,11881,11434,23315,447,5,12,목
2022-05-12,3호선,수서,18533,18912,37445,-379,5,12,목
2022-05-12,3호선,가락시장,9870,9774,19644,96,5,12,목
2022-05-12,3호선,경찰병원,7785,7829,15614,-44,5,12,목
2022-05-12,3호선,오금,6854,6216,13070,638,5,12,목
2022-05-12,4호선,당고개,9686,8633,18319,1053,5,12,목
2022-05-12,4호선,상계,21165,19460,40625,1705,5,12,목
2022-05-12,4호선,노원,20279,22989,43268,-2710,5,12,목
2022-05-12,4호선,창동,27402,29100,56502,-1698,5,12,목
2022-05-12,4호선,쌍문,31348,28733,60081,2615,5,12,목
2022-05-12,4호선,수유(강북구청),36249,36241,72490,8,5,12,목
2022-05-12,4호선,미아(서울사이버대학),16337,15815,32152,522,5,12,목
2022-05-12,4호선,미아사거리,29241,28435,57676,806,5,12,목
2022-05-12,4호선,길음,24340,23990,48330,350,5,12,목
2022-05-12,4호선,성신여대입구(돈암),23165,21746,44911,1419,5,12,목
2022-05-12,4호선,한성대입구(삼선교),16096,15709,31805,387,5,12,목
2022-05-12,장항선,온양온천,4075,4204,8279,-129,5,12,목
2022-05-12,장항선,배방,1274,1253,2527,21,5,12,목
2022-05-12,장항선,탕정,1012,838,1850,174,5,12,목
2022-05-12,장항선,아산,4068,3813,7881,255,5,12,목
2022-05-12,장항선,쌍용(나사렛대),3297,2878,6175,419,5,12,목
2022-05-12,장항선,봉명,1443,1358,2801,85,5,12,목
2022-05-12,일산선,대화,15601,12722,28323,2879,5,12,목
2022-05-12,일산선,주엽,10182,9998,20180,184,5,12,목
2022-05-12,일산선,정발산,7854,7950,15804,-96,5,12,목
2022-05-12,일산선,마두,8189,8459,16648,-270,5,12,목
2022-05-12,일산선,백석,10755,10622,21377,133,5,12,목
2022-05-12,일산선,대곡,2573,1987,4560,586,5,12,목
2022-05-12,일산선,화정,18745,18954,37699,-209,5,12,목
2022-05-12,일산선,원당,12458,11544,24002,914,5,12,목
2022-05-12,일산선,삼송,22290,21300,43590,990,5,12,목
2022-05-12,일산선,지축,1,0,1,1,5,12,목
2022-05-12,일산선,원흥,12314,11578,23892,736,5,12,목
2022-05-12,우이신설선,신설동,2355,2296,4651,59,5,12,목
2022-05-12,우이신설선,보문,1728,1661,3389,67,5,12,목
2022-05-12,우이신설선,성신여대입구(돈암),3506,3921,7427,-415,5,12,목
2022-05-12,우이신설선,정릉,5239,4717,9956,522,5,12,목
2022-05-12,우이신설선,북한산보국문,6725,6279,13004,446,5,12,목
2022-05-12,우이신설선,솔샘,6470,5889,12359,581,5,12,목
2022-05-12,우이신설선,삼양사거리,2699,2645,5344,54,5,12,목
2022-05-12,우이신설선,삼양,2138,2180,4318,-42,5,12,목
2022-05-12,우이신설선,화계,3639,3313,6952,326,5,12,목
2022-05-12,우이신설선,가오리,4592,4416,9008,176,5,12,목
2022-05-12,우이신설선,4.19민주묘지,3617,3386,7003,231,5,12,목
2022-05-12,우이신설선,솔밭공원,2769,2611,5380,158,5,12,목
2022-05-12,우이신설선,북한산우이,3001,2702,5703,299,5,12,목
2022-05-12,안산선,수리산,4747,4009,8756,738,5,12,목
2022-05-12,안산선,오이도,9527,9449,18976,78,5,12,목
2022-05-12,안산선,정왕,11161,11214,22375,-53,5,12,목
2022-05-12,안산선,신길온천,2042,1876,3918,166,5,12,목
2022-05-12,안산선,안산,12243,11264,23507,979,5,12,목
2022-05-12,안산선,초지,5647,5896,11543,-249,5,12,목
2022-05-12,안산선,고잔,10081,9650,19731,431,5,12,목
2022-05-12,안산선,중앙,20262,21080,41342,-818,5,12,목
2022-05-12,안산선,한대앞,11487,11582,23069,-95,5,12,목
2022-05-12,안산선,상록수,17436,17491,34927,-55,5,12,목
2022-05-12,안산선,반월,4827,4625,9452,202,5,12,목
2022-05-12,안산선,대야미,5763,5226,10989,537,5,12,목
2022-05-12,안산선,산본,17354,18458,35812,-1104,5,12,목
2022-05-12,수인선,인천,1125,1926,3051,-801,5,12,목
2022-05-12,수인선,신포,2066,2090,4156,-24,5,12,목
2022-05-12,수인선,숭의,4436,4148,8584,288,5,12,목
2022-05-12,수인선,인하대,8345,7863,16208,482,5,12,목
2022-05-12,수인선,송도,2797,2583,5380,214,5,12,목
2022-05-12,수인선,연수,5027,5007,10034,20,5,12,목
2022-05-12,수인선,원인재,4774,5018,9792,-244,5,12,목
2022-05-12,수인선,남동인더스파크,2428,2689,5117,-261,5,12,목
2022-05-12,수인선,호구포,4506,4672,9178,-166,5,12,목
2022-05-12,수인선,인천논현,6014,6422,12436,-408,5,12,목
2022-05-12,수인선,소래포구,7067,6730,13797,337,5,12,목
2022-05-12,수인선,월곶,3279,2973,6252,306,5,12,목
2022-05-12,수인선,달월,123,85,208,38,5,12,목
2022-05-12,수인선,사리,5437,4824,10261,613,5,12,목
2022-05-12,수인선,야목,471,339,810,132,5,12,목
2022-05-12,수인선,어천,875,946,1821,-71,5,12,목
2022-05-12,수인선,오목천,4463,3917,8380,546,5,12,목
2022-05-12,수인선,고색,5446,5274,10720,172,5,12,목
2022-05-12,분당선,매교,3494,3431,6925,63,5,12,목
2022-05-12,분당선,수원시청,13612,14576,28188,-964,5,12,목
2022-05-12,분당선,매탄권선,5849,5601,11450,248,5,12,목
2022-05-12,분당선,망포,16072,15179,31251,893,5,12,목
2022-05-12,분당선,영통,9034,9308,18342,-274,5,12,목
2022-05-12,분당선,청명,4813,4701,9514,112,5,12,목
2022-05-12,분당선,상갈,6085,5897,11982,188,5,12,목
2022-05-12,분당선,기흥,11488,10773,22261,715,5,12,목
2022-05-12,분당선,신갈,4960,4893,9853,67,5,12,목
2022-05-12,분당선,구성,5616,5751,11367,-135,5,12,목
2022-05-12,분당선,죽전,15964,17340,33304,-1376,5,12,목
2022-05-12,분당선,보정,2921,2568,5489,353,5,12,목
2022-05-12,분당선,이매,6444,5815,12259,629,5,12,목
2022-05-12,분당선,오리,12640,10401,23041,2239,5,12,목
2022-05-12,분당선,미금,16792,17746,34538,-954,5,12,목
2022-05-12,분당선,정자,19091,20180,39271,-1089,5,12,목
2022-05-12,분당선,수내,14706,14880,29586,-174,5,12,목
2022-05-12,분당선,서현,25917,26648,52565,-731,5,12,목
2022-05-12,분당선,야탑,28577,29632,58209,-1055,5,12,목
2022-05-12,분당선,모란,21421,21714,43135,-293,5,12,목
2022-05-12,분당선,태평,14306,13783,28089,523,5,12,목
2022-05-12,분당선,가천대,13863,14592,28455,-729,5,12,목
2022-05-12,분당선,선정릉,8756,9629,18385,-873,5,12,목
2022-05-12,분당선,강남구청,10995,12960,23955,-1965,5,12,목
2022-05-12,분당선,압구정로데오,20026,22723,42749,-2697,5,12,목
2022-05-12,분당선,서울숲,13120,13619,26739,-499,5,12,목
2022-05-12,분당선,수원,9082,7794,16876,1288,5,12,목
2022-05-12,분당선,수서,14915,15307,30222,-392,5,12,목
2022-05-12,분당선,대모산입구,5190,4668,9858,522,5,12,목
2022-05-12,분당선,개포동,4290,4388,8678,-98,5,12,목
2022-05-12,분당선,구룡,2688,2535,5223,153,5,12,목
2022-05-12,분당선,도곡,7942,7626,15568,316,5,12,목
2022-05-12,분당선,한티,15329,16504,31833,-1175,5,12,목
2022-05-12,분당선,선릉,14415,22495,36910,-8080,5,12,목
2022-05-12,과천선,범계,28603,28396,56999,207,5,12,목
2022-05-12,과천선,평촌,19609,19317,38926,292,5,12,목
2022-05-12,과천선,인덕원,26749,27441,54190,-692,5,12,목
2022-05-12,과천선,정부과천청사,11682,11655,23337,27,5,12,목
2022-05-12,과천선,과천,7057,6511,13568,546,5,12,목
2022-05-12,과천선,대공원,5155,5254,10409,-99,5,12,목
2022-05-12,과천선,경마공원,1468,1406,2874,62,5,12,목
2022-05-12,과천선,선바위,9674,8367,18041,1307,5,12,목
2022-05-12,공항철도 1호선,영종,3441,3490,6931,-49,5,12,목
2022-05-12,공항철도 1호선,인천공항2터미널,3393,2911,6304,482,5,12,목
2022-05-12,공항철도 1호선,인천공항1터미널,5981,5422,11403,559,5,12,목
2022-05-12,공항철도 1호선,공항화물청사,2379,2613,4992,-234,5,12,목
2022-05-12,공항철도 1호선,운서,7577,7664,15241,-87,5,12,목
2022-05-12,공항철도 1호선,청라국제도시,7858,7493,15351,365,5,12,목
2022-05-12,공항철도 1호선,검암,7237,7159,14396,78,5,12,목
2022-05-12,공항철도 1호선,계양,11873,11152,23025,721,5,12,목
2022-05-12,공항철도 1호선,김포공항,12138,6817,18955,5321,5,12,목
2022-05-12,공항철도 1호선,마곡나루(서울식물원),10663,10485,21148,178,5,12,목
2022-05-12,공항철도 1호선,디지털미디어시티,15844,14655,30499,1189,5,12,목
2022-05-12,공항철도 1호선,홍대입구,10490,10697,21187,-207,5,12,목
2022-05-12,공항철도 1호선,공덕,2531,3297,5828,-766,5,12,목
2022-05-12,공항철도 1호선,서울역,9019,8129,17148,890,5,12,목
2022-05-12,경춘선,춘천,2035,1601,3636,434,5,12,목
2022-05-12,경춘선,남춘천,3879,3506,7385,373,5,12,목
2022-05-12,경춘선,김유정,419,460,879,-41,5,12,목
2022-05-12,경춘선,강촌,608,588,1196,20,5,12,목
2022-05-12,경춘선,백양리,172,185,357,-13,5,12,목
2022-05-12,경춘선,굴봉산,181,160,341,21,5,12,목
2022-05-12,경춘선,가평,1850,1877,3727,-27,5,12,목
2022-05-12,경춘선,상천,352,359,711,-7,5,12,목
2022-05-12,경춘선,청평,1851,1859,3710,-8,5,12,목
2022-05-12,경춘선,대성리,673,637,1310,36,5,12,목
2022-05-12,경춘선,마석,4593,4578,9171,15,5,12,목
2022-05-12,경춘선,천마산,2002,1854,3856,148,5,12,목
2022-05-12,경춘선,평내호평,7209,7021,14230,188,5,12,목
2022-05-12,경춘선,금곡,1769,1720,3489,49,5,12,목
2022-05-12,경춘선,사릉,2884,2720,5604,164,5,12,목
2022-05-12,경춘선,퇴계원,3955,3650,7605,305,5,12,목
2022-05-12,경춘선,별내,3549,3346,6895,203,5,12,목
2022-05-12,경춘선,갈매,3364,2929,6293,435,5,12,목
2022-05-12,경춘선,신내,2523,2343,4866,180,5,12,목
2022-05-12,경인선,도화,4735,4243,8978,492,5,12,목
2022-05-12,경인선,중동,10498,9786,20284,712,5,12,목
2022-05-12,경인선,온수(성공회대입구),8081,7452,15533,629,5,12,목
2022-05-12,경인선,도원,3791,3749,7540,42,5,12,목
2022-05-12,경인선,간석,6556,6148,12704,408,5,12,목
2022-05-12,경인선,부개,9484,8817,18301,667,5,12,목
2022-05-12,경인선,소사,10065,9525,19590,540,5,12,목
2022-05-12,경인선,구일,9364,9348,18712,16,5,12,목
2022-05-12,경인선,인천,4199,3374,7573,825,5,12,목
2022-05-12,경인선,동인천,15517,14659,30176,858,5,12,목
2022-05-12,경인선,제물포,12425,11739,24164,686,5,12,목
2022-05-12,경인선,주안,21562,19672,41234,1890,5,12,목
2022-05-12,경인선,동암,16007,15955,31962,52,5,12,목
2022-05-12,경인선,백운,7674,7542,15216,132,5,12,목
2022-05-12,경인선,부평,30999,33319,64318,-2320,5,12,목
2022-05-12,경인선,송내,30363,30438,60801,-75,5,12,목
2022-05-12,경인선,부천,35240,35287,70527,-47,5,12,목
2022-05-12,경인선,역곡,32005,31221,63226,784,5,12,목
2022-05-12,경인선,오류동,13162,12052,25214,1110,5,12,목
2022-05-12,경인선,개봉,23544,23159,46703,385,5,12,목
2022-05-12,경의선,임진강,16,22,38,-6,5,12,목
2022-05-12,경의선,문산,5495,5532,11027,-37,5,12,목
2022-05-12,경의선,파주,1712,1250,2962,462,5,12,목
2022-05-12,경의선,월롱,3282,2998,6280,284,5,12,목
2022-05-12,경의선,금촌,7191,7032,14223,159,5,12,목
2022-05-12,경의선,금릉,5558,5342,10900,216,5,12,목
2022-05-12,경의선,운정,7916,7353,15269,563,5,12,목
2022-05-12,경의선,야당,8591,8593,17184,-2,5,12,목
2022-05-12,경의선,탄현,8755,8341,17096,414,5,12,목
2022-05-12,경의선,일산,10880,10580,21460,300,5,12,목
2022-05-12,경의선,풍산,6356,5944,12300,412,5,12,목
2022-05-12,경의선,백마,7882,7622,15504,260,5,12,목
2022-05-12,경의선,곡산,738,790,1528,-52,5,12,목
2022-05-12,경의선,능곡,4306,4089,8395,217,5,12,목
2022-05-12,경의선,행신,8943,8923,17866,20,5,12,목
2022-05-12,경의선,강매,3716,3198,6914,518,5,12,목
2022-05-12,경의선,화전,3844,3633,7477,211,5,12,목
2022-05-12,경의선,수색,3117,3320,6437,-203,5,12,목
2022-05-12,경의선,디지털미디어시티,2941,2767,5708,174,5,12,목
2022-05-12,경의선,가좌,6390,5928,12318,462,5,12,목
2022-05-12,경의선,홍대입구,1884,2314,4198,-430,5,12,목
2022-05-12,경의선,서강대,2404,2427,4831,-23,5,12,목
2022-05-12,경의선,공덕,3814,3475,7289,339,5,12,목
2022-05-12,경의선,효창공원앞,3486,3711,7197,-225,5,12,목
2022-05-12,경의선,신촌,991,1300,2291,-309,5,12,목
2022-05-12,경의선,서울역,5103,6563,11666,-1460,5,12,목
2022-05-12,경원선,소요산,3104,2736,5840,368,5,12,목
2022-05-12,경원선,동두천,3070,3325,6395,-255,5,12,목
2022-05-12,경원선,보산,1702,1601,3303,101,5,12,목
2022-05-12,경원선,동두천중앙,3423,3366,6789,57,5,12,목
2022-05-12,경원선,지행,7458,7688,15146,-230,5,12,목
2022-05-12,경원선,덕정,7146,6759,13905,387,5,12,목
2022-05-12,경원선,덕계,3880,3398,7278,482,5,12,목
2022-05-12,경원선,양주,8805,8171,16976,634,5,12,목
2022-05-12,경원선,녹양,5240,4878,10118,362,5,12,목
2022-05-12,경원선,가능,7739,7469,15208,270,5,12,목
2022-05-12,경원선,의정부,19976,20614,40590,-638,5,12,목
2022-05-12,경원선,회룡,14041,14000,28041,41,5,12,목
2022-05-12,경원선,망월사,10481,10656,21137,-175,5,12,목
2022-05-12,경원선,도봉산,8889,6002,14891,2887,5,12,목
2022-05-12,경원선,도봉,6700,6342,13042,358,5,12,목
2022-05-12,경원선,방학,10835,10408,21243,427,5,12,목
2022-05-12,경원선,창동,1,0,1,1,5,12,목
2022-05-12,경원선,녹천,5171,4284,9455,887,5,12,목
2022-05-12,경원선,월계,9162,8407,17569,755,5,12,목
2022-05-12,경원선,광운대,9825,9555,19380,270,5,12,목
2022-05-12,경원선,석계,9180,10320,19500,-1140,5,12,목
2022-05-12,경원선,신이문,9131,8358,17489,773,5,12,목
2022-05-12,경원선,외대앞,9330,9356,18686,-26,5,12,목
2022-05-12,경원선,청량리(서울시립대입구),16568,17042,33610,-474,5,12,목
2022-05-12,경원선,왕십리(성동구청),15912,17364,33276,-1452,5,12,목
2022-05-12,경원선,응봉,2152,1858,4010,294,5,12,목
2022-05-12,경원선,옥수,66,49,115,17,5,12,목
2022-05-12,경원선,한남,4483,4402,8885,81,5,12,목
2022-05-12,경원선,서빙고,2334,2220,4554,114,5,12,목
2022-05-12,경원선,이촌(국립중앙박물관),4215,3164,7379,1051,5,12,목
2022-05-12,경부선,광명,3669,3129,6798,540,5,12,목
2022-05-12,경부선,서동탄,1538,1419,2957,119,5,12,목
2022-05-12,경부선,당정,7913,7514,15427,399,5,12,목
2022-05-12,경부선,천안,7718,6795,14513,923,5,12,목
2022-05-12,경부선,두정,8554,8918,17472,-364,5,12,목
2022-05-12,경부선,직산,921,980,1901,-59,5,12,목
2022-05-12,경부선,성환,7579,6866,14445,713,5,12,목
2022-05-12,경부선,평택,13720,13881,27601,-161,5,12,목
2022-05-12,경부선,평택지제,3792,3814,7606,-22,5,12,목
2022-05-12,경부선,서정리,8388,7737,16125,651,5,12,목
2022-05-12,경부선,송탄,4823,4531,9354,292,5,12,목
2022-05-12,경부선,진위,1915,1688,3603,227,5,12,목
2022-05-12,경부선,오산,11023,10977,22000,46,5,12,목
2022-05-12,경부선,오산대,4627,4337,8964,290,5,12,목
2022-05-12,경부선,세마,3233,3116,6349,117,5,12,목
2022-05-12,경부선,병점,18094,18088,36182,6,5,12,목
2022-05-12,경부선,세류,3452,3148,6600,304,5,12,목
2022-05-12,경부선,독산,20542,21068,41610,-526,5,12,목
2022-05-12,경부선,수원,39271,41719,80990,-2448,5,12,목
2022-05-12,경부선,화서,9278,8907,18185,371,5,12,목
2022-05-12,경부선,성균관대,17140,16637,33777,503,5,12,목
2022-05-12,경부선,의왕,10643,10478,21121,165,5,12,목
2022-05-12,경부선,군포,8238,8185,16423,53,5,12,목
2022-05-12,경부선,금정,29417,29521,58938,-104,5,12,목
2022-05-12,경부선,명학,11303,11292,22595,11,5,12,목
2022-05-12,경부선,안양,29341,28670,58011,671,5,12,목
2022-05-12,경부선,관악,8319,7704,16023,615,5,12,목
2022-05-12,경부선,석수,10848,9670,20518,1178,5,12,목
2022-05-12,경부선,금천구청,13126,12978,26104,148,5,12,목
2022-05-12,경부선,가산디지털단지,19999,23258,43257,-3259,5,12,목
2022-05-12,경부선,구로,19774,20624,40398,-850,5,12,목
2022-05-12,경부선,신길,10114,8725,18839,1389,5,12,목
2022-05-12,경부선,신도림,4559,4858,9417,-299,5,12,목
2022-05-12,경부선,영등포,39902,41062,80964,-1160,5,12,목
2022-05-12,경부선,대방,14155,14680,28835,-525,5,12,목
2022-05-12,경부선,노량진,9256,9373,18629,-117,5,12,목
2022-05-12,경부선,용산,36528,37588,74116,-1060,5,12,목
2022-05-12,경부선,남영,10429,11142,21571,-713,5,12,목
2022-05-12,경부선,서울역,6964,2194,9158,4770,5,12,목
2022-05-12,경강선,여주,2940,2717,5657,223,5,12,목
2022-05-12,경강선,세종대왕릉,327,370,697,-43,5,12,목
2022-05-12,경강선,부발,2338,2237,4575,101,5,12,목
2022-05-12,경강선,이천,2799,2835,5634,-36,5,12,목
2022-05-12,경강선,신둔도예촌,1814,1639,3453,175,5,12,목
2022-05-12,경강선,곤지암,2532,2466,4998,66,5,12,목
2022-05-12,경강선,초월,3457,3296,6753,161,5,12,목
2022-05-12,경강선,경기광주,8615,8027,16642,588,5,12,목
2022-05-12,경강선,삼동,2639,2362,5001,277,5,12,목
2022-05-12,경강선,이매,1211,1085,2296,126,5,12,목
2022-05-12,경강선,판교,5405,5408,10813,-3,5,12,목
2022-05-12,9호선2~3단계,중앙보훈병원,11993,10541,22534,1452,5,12,목
2022-05-12,9호선2~3단계,둔촌오륜,1316,1142,2458,174,5,12,목
2022-05-12,9호선2~3단계,올림픽공원(한국체대),6598,6780,13378,-182,5,12,목
2022-05-12,9호선2~3단계,한성백제,2769,2528,5297,241,5,12,목
2022-05-12,9호선2~3단계,송파나루,5238,5601,10839,-363,5,12,목
2022-05-12,9호선2~3단계,석촌,9250,7987,17237,1263,5,12,목
2022-05-12,9호선2~3단계,석촌고분,6447,6318,12765,129,5,12,목
2022-05-12,9호선2~3단계,삼전,7341,6968,14309,373,5,12,목
2022-05-12,9호선2~3단계,종합운동장,4558,4691,9249,-133,5,12,목
2022-05-12,9호선2~3단계,봉은사,19489,20266,39755,-777,5,12,목
2022-05-12,9호선2~3단계,삼성중앙,7603,7966,15569,-363,5,12,목
2022-05-12,9호선2~3단계,선정릉,10681,11833,22514,-1152,5,12,목
2022-05-12,9호선2~3단계,언주,11179,11556,22735,-377,5,12,목
2022-05-12,9호선,신논현,33928,33794,67722,134,5,12,목
2022-05-12,9호선,사평,3929,3732,7661,197,5,12,목
2022-05-12,9호선,고속터미널,14036,16923,30959,-2887,5,12,목
2022-05-12,9호선,신반포,3959,3905,7864,54,5,12,목
2022-05-12,9호선,구반포,1383,1421,2804,-38,5,12,목
2022-05-12,9호선,동작(현충원),2233,2055,4288,178,5,12,목
2022-05-12,9호선,흑석(중앙대입구),10161,10192,20353,-31,5,12,목
2022-05-12,9호선,노들,5006,4203,9209,803,5,12,목
2022-05-12,9호선,노량진,28713,27614,56327,1099,5,12,목
2022-05-12,9호선,샛강,6690,7075,13765,-385,5,12,목
2022-05-12,9호선,여의도,30272,30175,60447,97,5,12,목
2022-05-12,9호선,국회의사당,16773,17844,34617,-1071,5,12,목
2022-05-12,9호선,당산,20124,20181,40305,-57,5,12,목
2022-05-12,9호선,선유도,9376,9038,18414,338,5,12,목
2022-05-12,9호선,신목동,4676,4026,8702,650,5,12,목
2022-05-12,9호선,염창,18934,18075,37009,859,5,12,목
2022-05-12,9호선,등촌,12201,11648,23849,553,5,12,목
2022-05-12,9호선,증미,7757,7637,15394,120,5,12,목
2022-05-12,9호선,가양,22857,21822,44679,1035,5,12,목
2022-05-12,9호선,양천향교,10567,10699,21266,-132,5,12,목
2022-05-12,9호선,마곡나루(서울식물원),13492,13560,27052,-68,5,12,목
2022-05-12,9호선,신방화,7435,7003,14438,432,5,12,목
2022-05-12,9호선,공항시장,3251,3348,6599,-97,5,12,목
2022-05-12,9호선,김포공항,7476,12130,19606,-4654,5,12,목
2022-05-12,9호선,개화,2814,1956,4770,858,5,12,목
2022-05-12,8호선,남위례,5655,5852,11507,-197,5,12,목
2022-05-12,8호선,모란,4801,3667,8468,1134,5,12,목
2022-05-12,8호선,수진,5654,5189,10843,465,5,12,목
2022-05-12,8호선,신흥,4407,4670,9077,-263,5,12,목
2022-05-12,8호선,단대오거리,11862,11289,23151,573,5,12,목
2022-05-12,8호선,남한산성입구(성남법원.검찰청),16340,15066,31406,1274,5,12,목
2022-05-12,8호선,산성,6041,6019,12060,22,5,12,목
2022-05-12,8호선,복정,11087,9367,20454,1720,5,12,목
2022-05-12,8호선,장지,18448,17613,36061,835,5,12,목
2022-05-12,8호선,문정,23645,25120,48765,-1475,5,12,목
2022-05-12,8호선,가락시장,8331,9239,17570,-908,5,12,목
2022-05-12,8호선,송파,8994,8702,17696,292,5,12,목
2022-05-12,8호선,석촌,8105,9412,17517,-1307,5,12,목
2022-05-12,8호선,잠실(송파구청),14261,17235,31496,-2974,5,12,목
2022-05-12,8호선,몽촌토성(평화의문),6678,6888,13566,-210,5,12,목
2022-05-12,8호선,강동구청,11360,11561,22921,-201,5,12,목
2022-05-12,8호선,천호(풍납토성),15502,17914,33416,-2412,5,12,목
2022-05-12,8호선,암사,20383,17610,37993,2773,5,12,목
2022-05-12,7호선,온수(성공회대입구),11815,11222,23037,593,5,12,목
2022-05-12,7호선,천왕,12628,11820,24448,808,5,12,목
2022-05-12,7호선,광명사거리,23189,22668,45857,521,5,12,목
2022-05-12,7호선,철산,22949,23416,46365,-467,5,12,목
2022-05-12,7호선,가산디지털단지,48152,48705,96857,-553,5,12,목
2022-05-12,7호선,남구로,16382,17447,33829,-1065,5,12,목
2022-05-12,7호선,대림(구로구청),8068,8134,16202,-66,5,12,목
2022-05-12,7호선,신풍,12497,11813,24310,684,5,12,목
2022-05-12,7호선,보라매,11215,11349,22564,-134,5,12,목
2022-05-12,7호선,신대방삼거리,18195,17203,35398,992,5,12,목
2022-05-12,7호선,장승배기,9555,9209,18764,346,5,12,목
2022-05-12,7호선,상도,12451,11979,24430,472,5,12,목
2022-05-12,7호선,숭실대입구(살피재),16165,16145,32310,20,5,12,목
2022-05-12,7호선,남성,12566,11381,23947,1185,5,12,목
2022-05-12,7호선,이수,17038,16551,33589,487,5,12,목
2022-05-12,7호선,내방,15828,16269,32097,-441,5,12,목
2022-05-12,7호선,고속터미널,16655,14337,30992,2318,5,12,목
2022-05-12,7호선,반포,6356,6200,12556,156,5,12,목
2022-05-12,7호선,논현,22002,24042,46044,-2040,5,12,목
2022-05-12,7호선,학동,25864,27782,53646,-1918,5,12,목
2022-05-12,7호선,강남구청,17306,19639,36945,-2333,5,12,목
2022-05-12,7호선,청담,21182,23913,45095,-2731,5,12,목
2022-05-12,7호선,뚝섬유원지,11829,11371,23200,458,5,12,목
2022-05-12,7호선,건대입구,14222,15193,29415,-971,5,12,목
2022-05-12,7호선,어린이대공원(세종대),17624,18299,35923,-675,5,12,목
2022-05-12,7호선,군자(능동),16047,12487,28534,3560,5,12,목
2022-05-12,7호선,중곡,12040,11051,23091,989,5,12,목
2022-05-12,7호선,용마산(용마폭포공원),6598,6220,12818,378,5,12,목
2022-05-12,7호선,사가정,17667,17679,35346,-12,5,12,목
2022-05-12,7호선,면목,17516,16887,34403,629,5,12,목
2022-05-12,7호선,상봉(시외버스터미널),17972,16888,34860,1084,5,12,목
2022-05-12,7호선,중화,11782,11177,22959,605,5,12,목
2022-05-12,7호선,먹골,10930,10479,21409,451,5,12,목
2022-05-12,7호선,태릉입구,10494,9840,20334,654,5,12,목
2022-05-12,7호선,공릉(서울과학기술대),14159,13727,27886,432,5,12,목
2022-05-12,7호선,하계,19862,18485,38347,1377,5,12,목
2022-05-12,7호선,중계,16995,15201,32196,1794,5,12,목
2022-05-12,7호선,노원,20391,21895,42286,-1504,5,12,목
2022-05-12,7호선,마들,14047,13060,27107,987,5,12,목
2022-05-12,7호선,수락산,13714,13298,27012,416,5,12,목
2022-05-12,7호선,도봉산,10648,12042,22690,-1394,5,12,목
2022-05-12,7호선,장암,2539,906,3445,1633,5,12,목
2022-05-12,6호선,신내,1,0,1,1,5,12,목
2022-05-12,6호선,봉화산(서울의료원),9847,9212,19059,635,5,12,목
2022-05-12,6호선,화랑대(서울여대입구),13917,10799,24716,3118,5,12,목
2022-05-12,6호선,태릉입구,6370,7157,13527,-787,5,12,목
2022-05-12,6호선,석계,13683,14193,27876,-510,5,12,목
2022-05-12,6호선,돌곶이,10514,9444,19958,1070,5,12,목
2022-05-12,6호선,상월곡(한국과학기술연구원),7103,6522,13625,581,5,12,목
2022-05-12,6호선,월곡(동덕여대),13235,12737,25972,498,5,12,목
2022-05-12,6호선,고려대(종암),10045,9664,19709,381,5,12,목
2022-05-12,6호선,안암(고대병원앞),15136,14966,30102,170,5,12,목
2022-05-12,6호선,보문,8084,7356,15440,728,5,12,목
2022-05-12,6호선,창신,3971,3328,7299,643,5,12,목
2022-05-12,6호선,동묘앞,8231,8490,16721,-259,5,12,목
2022-05-12,6호선,신당,8915,9435,18350,-520,5,12,목
2022-05-12,6호선,청구,4002,4190,8192,-188,5,12,목
2022-05-12,6호선,약수,3838,3924,7762,-86,5,12,목
2022-05-12,6호선,버티고개,2431,2373,4804,58,5,12,목
2022-05-12,6호선,한강진,8896,10392,19288,-1496,5,12,목
2022-05-12,6호선,이태원,10854,11769,22623,-915,5,12,목
2022-05-12,6호선,녹사평(용산구청),5351,5263,10614,88,5,12,목
2022-05-12,6호선,삼각지,7807,6753,14560,1054,5,12,목
2022-05-12,6호선,효창공원앞,8139,7416,15555,723,5,12,목
2022-05-12,6호선,공덕,20482,19931,40413,551,5,12,목
2022-05-12,6호선,광흥창(서강),10157,9803,19960,354,5,12,목
2022-05-12,6호선,상수,9522,11038,20560,-1516,5,12,목
2022-05-12,6호선,합정,14177,13787,27964,390,5,12,목
2022-05-12,6호선,망원,14307,15275,29582,-968,5,12,목
2022-05-12,6호선,마포구청,15374,13618,28992,1756,5,12,목
2022-05-12,6호선,월드컵경기장(성산),4847,5175,10022,-328,5,12,목
2022-05-12,6호선,디지털미디어시티,15358,17042,32400,-1684,5,12,목
2022-05-12,6호선,증산(명지대앞),10878,10677,21555,201,5,12,목
2022-05-12,6호선,새절(신사),14366,13181,27547,1185,5,12,목
2022-05-12,6호선,구산,8413,5958,14371,2455,5,12,목
2022-05-12,6호선,독바위,2901,3050,5951,-149,5,12,목
2022-05-12,6호선,불광,4576,4505,9081,71,5,12,목
2022-05-12,6호선,역촌,3961,4604,8565,-643,5,12,목
2022-05-12,6호선,응암,18765,18399,37164,366,5,12,목
2022-05-12,5호선,하남검단산,6289,5886,12175,403,5,12,목
2022-05-12,5호선,하남시청(덕풍·신장),7445,7142,14587,303,5,12,목
2022-05-12,5호선,하남풍산,4699,4566,9265,133,5,12,목
2022-05-12,5호선,미사,17419,17326,34745,93,5,12,목
2022-05-12,5호선,강일,4793,4471,9264,322,5,12,목
2022-05-12,5호선,마천,7951,7502,15453,449,5,12,목
2022-05-12,5호선,거여,11414,10663,22077,751,5,12,목
2022-05-12,5호선,개롱,7048,7298,14346,-250,5,12,목
2022-05-12,5호선,오금,4085,4089,8174,-4,5,12,목
2022-05-12,5호선,방이,7624,7955,15579,-331,5,12,목
2022-05-12,5호선,올림픽공원(한국체대),5319,4649,9968,670,5,12,목
2022-05-12,5호선,둔촌동,8915,8802,17717,113,5,12,목
2022-05-12,5호선,상일동,16340,15010,31350,1330,5,12,목
2022-05-12,5호선,고덕,10657,10497,21154,160,5,12,목
2022-05-12,5호선,명일,9491,9760,19251,-269,5,12,목
2022-05-12,5호선,굽은다리(강동구민회관앞),10299,9656,19955,643,5,12,목
2022-05-12,5호선,길동,8516,8614,17130,-98,5,12,목
2022-05-12,5호선,강동,20191,19489,39680,702,5,12,목
2022-05-12,5호선,천호(풍납토성),19421,19341,38762,80,5,12,목
2022-05-12,5호선,광나루(장신대),15688,14261,29949,1427,5,12,목
2022-05-12,5호선,아차산(어린이대공원후문),16745,15925,32670,820,5,12,목
2022-05-12,5호선,군자(능동),12163,13471,25634,-1308,5,12,목
2022-05-12,5호선,장한평,19970,19365,39335,605,5,12,목
2022-05-12,5호선,답십리,17136,15352,32488,1784,5,12,목
2022-05-12,5호선,마장,6420,6048,12468,372,5,12,목
2022-05-12,5호선,왕십리(성동구청),4803,5680,10483,-877,5,12,목
2022-05-12,5호선,행당,9107,7780,16887,1327,5,12,목
2022-05-12,5호선,신금호,7008,7150,14158,-142,5,12,목
2022-05-12,5호선,청구,4327,3821,8148,506,5,12,목
2022-05-12,5호선,동대문역사문화공원(DDP),2968,3532,6500,-564,5,12,목
2022-05-12,5호선,을지로4가,6803,6902,13705,-99,5,12,목
2022-05-12,5호선,종로3가,14061,13967,28028,94,5,12,목
2022-05-12,5호선,광화문(세종문화회관),34312,36870,71182,-2558,5,12,목
2022-05-12,5호선,서대문,22320,22752,45072,-432,5,12,목
2022-05-12,5호선,충정로(경기대입구),5118,5287,10405,-169,5,12,목
2022-05-12,5호선,애오개,7349,7435,14784,-86,5,12,목
2022-05-12,5호선,공덕,15681,16854,32535,-1173,5,12,목
2022-05-12,5호선,마포,15793,16055,31848,-262,5,12,목
2022-05-12,5호선,여의나루,14600,16135,30735,-1535,5,12,목
2022-05-12,5호선,여의도,30420,33152,63572,-2732,5,12,목
2022-05-12,5호선,신길,4531,4644,9175,-113,5,12,목
2022-05-12,5호선,영등포시장,10643,11025,21668,-382,5,12,목
2022-05-12,5호선,영등포구청,4408,4546,8954,-138,5,12,목
2022-05-12,5호선,양평,8013,7826,15839,187,5,12,목
2022-05-12,5호선,오목교(목동운동장앞),22837,24459,47296,-1622,5,12,목
2022-05-12,5호선,목동,18166,19535,37701,-1369,5,12,목
2022-05-12,5호선,신정(은행정),15096,12040,27136,3056,5,12,목
2022-05-12,5호선,까치산,30769,28787,59556,1982,5,12,목
2022-05-12,5호선,화곡,30548,28221,58769,2327,5,12,목
2022-05-12,5호선,우장산,16112,15707,31819,405,5,12,목
2022-05-12,5호선,발산,22322,23160,45482,-838,5,12,목
2022-05-12,5호선,마곡,11510,11691,23201,-181,5,12,목
2022-05-12,5호선,송정,7054,6563,13617,491,5,12,목
2022-05-12,5호선,김포공항,7946,7660,15606,286,5,12,목
2022-05-12,5호선,개화산,6163,5838,12001,325,5,12,목
2022-05-12,5호선,방화,7310,6945,14255,365,5,12,목
2022-05-12,4호선,남태령,1464,1218,2682,246,5,12,목
2022-05-12,4호선,사당,29445,24442,53887,5003,5,12,목
2022-05-12,4호선,총신대입구(이수),20713,22458,43171,-1745,5,12,목
2022-05-12,4호선,동작(현충원),1849,2088,3937,-239,5,12,목
2022-05-12,4호선,이촌(국립중앙박물관),9616,10437,20053,-821,5,12,목
2022-05-12,4호선,신용산,18553,19709,38262,-1156,5,12,목
2022-05-12,4호선,삼각지,5635,6277,11912,-642,5,12,목
2022-05-12,4호선,숙대입구(갈월),15860,15245,31105,615,5,12,목
2022-05-12,4호선,서울역,12783,19266,32049,-6483,5,12,목
2022-05-12,4호선,회현(남대문시장),27675,29526,57201,-1851,5,12,목
2022-05-12,4호선,명동,21931,22864,44795,-933,5,12,목
2022-05-12,4호선,충무로,31365,32526,63891,-1161,5,12,목
2022-05-12,4호선,동대문역사문화공원(DDP),15376,14217,29593,1159,5,12,목
2022-05-12,4호선,동대문,21656,22131,43787,-475,5,12,목
2022-05-12,4호선,혜화,40359,41807,82166,-1448,5,12,목
2022-05-12,분당선,복정,1,0,1,1,5,12,목
2022-05-12,장항선,신창(순천향대),3150,2573,5723,577,5,12,목
2022-05-12,중앙선,회기,28326,27242,55568,1084,5,12,목
2022-05-12,중앙선,중랑,6209,5790,11999,419,5,12,목
2022-05-12,중앙선,상봉(시외버스터미널),6378,6303,12681,75,5,12,목
2022-05-12,중앙선,망우,8425,8493,16918,-68,5,12,목
2022-05-12,중앙선,양원,3404,3175,6579,229,5,12,목
2022-05-12,중앙선,구리,14617,14692,29309,-75,5,12,목
2022-05-12,중앙선,도농,12212,11064,23276,1148,5,12,목
2022-05-12,중앙선,양정,857,699,1556,158,5,12,목
2022-05-12,중앙선,덕소,6203,6185,12388,18,5,12,목
2022-05-12,중앙선,도심,2788,2173,4961,615,5,12,목
2022-05-12,중앙선,팔당,948,1071,2019,-123,5,12,목
2022-05-12,중앙선,운길산,956,950,1906,6,5,12,목
2022-05-12,중앙선,양수,2199,2226,4425,-27,5,12,목
2022-05-12,중앙선,신원,266,224,490,42,5,12,목
2022-05-12,중앙선,국수,882,848,1730,34,5,12,목
2022-05-12,중앙선,아신,580,608,1188,-28,5,12,목
2022-05-12,중앙선,오빈,348,355,703,-7,5,12,목
2022-05-12,중앙선,양평,2993,2991,5984,2,5,12,목
2022-05-12,중앙선,원덕,466,434,900,32,5,12,목
2022-05-12,중앙선,용문,2137,2181,4318,-44,5,12,목
2022-05-12,중앙선,지평,53,60,113,-7,5,12,목
2022-05-12,1호선,서울역,49050,47408,96458,1642,5,12,목
2022-05-12,1호선,시청,25542,26184,51726,-642,5,12,목
2022-05-12,1호선,종각,38943,38342,77285,601,5,12,목
2022-05-12,1호선,종로3가,28000,25395,53395,2605,5,12,목
2022-05-12,1호선,종로5가,24924,25101,50025,-177,5,12,목
2022-05-12,1호선,동대문,11576,10958,22534,618,5,12,목
2022-05-12,1호선,신설동,14884,14541,29425,343,5,12,목
2022-05-12,1호선,제기동,18312,18663,36975,-351,5,12,목
2022-05-12,1호선,청량리(서울시립대입구),21545,21314,42859,231,5,12,목
2022-05-12,1호선,동묘앞,8626,9052,17678,-426,5,12,목
2022-05-12,2호선,시청,26000,25499,51499,501,5,12,목
2022-05-12,2호선,을지로입구,42058,44434,86492,-2376,5,12,목
2022-05-12,2호선,을지로3가,24533,25054,49587,-521,5,12,목
2022-05-12,2호선,을지로4가,13839,13993,27832,-154,5,12,목
2022-05-12,2호선,동대문역사문화공원(DDP),12539,14482,27021,-1943,5,12,목
2022-05-12,2호선,신당,14923,15284,30207,-361,5,12,목
2022-05-12,2호선,상왕십리,15481,14774,30255,707,5,12,목
2022-05-12,2호선,왕십리(성동구청),18427,14620,33047,3807,5,12,목
2022-05-12,2호선,한양대,15386,17109,32495,-1723,5,12,목
2022-05-12,2호선,뚝섬,24006,26104,50110,-2098,5,12,목
2022-05-12,2호선,성수,39710,44159,83869,-4449,5,12,목
2022-05-12,2호선,건대입구,38835,41431,80266,-2596,5,12,목
2022-05-12,2호선,구의(광진구청),25201,24464,49665,737,5,12,목
2022-05-12,2호선,강변(동서울터미널),33278,30577,63855,2701,5,12,목
2022-05-12,2호선,잠실나루,16306,15779,32085,527,5,12,목
2022-05-12,2호선,잠실(송파구청),73355,73150,146505,205,5,12,목
2022-05-12,2호선,잠실새내,22816,22787,45603,29,5,12,목
2022-05-12,2호선,종합운동장,11888,13284,25172,-1396,5,12,목
2022-05-12,2호선,삼성(무역센터),58680,60525,119205,-1845,5,12,목
2022-05-13,8호선,몽촌토성(평화의문),9100,9394,18494,-294,5,13,금
2022-05-13,8호선,강동구청,11273,11347,22620,-74,5,13,금
2022-05-13,우이신설선,솔샘,6552,5865,12417,687,5,13,금
2022-05-13,우이신설선,삼양사거리,2808,2703,5511,105,5,13,금
2022-05-13,우이신설선,삼양,2185,2177,4362,8,5,13,금
2022-05-13,우이신설선,화계,3787,3339,7126,448,5,13,금
2022-05-13,우이신설선,가오리,4591,4379,8970,212,5,13,금
2022-05-13,우이신설선,4.19민주묘지,4153,3932,8085,221,5,13,금
2022-05-13,우이신설선,솔밭공원,2804,2504,5308,300,5,13,금
2022-05-13,우이신설선,북한산우이,3133,3120,6253,13,5,13,금
2022-05-13,안산선,수리산,4714,3740,8454,974,5,13,금
2022-05-13,안산선,오이도,9952,10278,20230,-326,5,13,금
2022-05-13,안산선,정왕,11784,11169,22953,615,5,13,금
2022-05-13,안산선,신길온천,2091,1924,4015,167,5,13,금
2022-05-13,안산선,안산,12774,11843,24617,931,5,13,금
2022-05-13,안산선,초지,5678,5800,11478,-122,5,13,금
2022-05-13,안산선,고잔,10208,9756,19964,452,5,13,금
2022-05-13,안산선,중앙,21503,23287,44790,-1784,5,13,금
2022-05-13,안산선,한대앞,11972,11620,23592,352,5,13,금
2022-05-13,안산선,상록수,18448,18237,36685,211,5,13,금
2022-05-13,안산선,반월,4914,4646,9560,268,5,13,금
2022-05-13,안산선,대야미,5892,5024,10916,868,5,13,금
2022-05-13,안산선,산본,18705,20355,39060,-1650,5,13,금
2022-05-13,수인선,인천,1216,1990,3206,-774,5,13,금
2022-05-13,수인선,신포,2077,2119,4196,-42,5,13,금
2022-05-13,수인선,숭의,4514,4260,8774,254,5,13,금
2022-05-13,수인선,인하대,8027,7359,15386,668,5,13,금
2022-05-13,수인선,송도,2900,2698,5598,202,5,13,금
2022-05-13,수인선,연수,5571,5651,11222,-80,5,13,금
2022-05-13,수인선,원인재,5102,5262,10364,-160,5,13,금
2022-05-13,수인선,남동인더스파크,2408,2642,5050,-234,5,13,금
2022-05-13,수인선,호구포,4619,4684,9303,-65,5,13,금
2022-05-13,수인선,인천논현,6473,6993,13466,-520,5,13,금
2022-05-13,수인선,소래포구,6907,6772,13679,135,5,13,금
2022-05-13,수인선,월곶,3134,2856,5990,278,5,13,금
2022-05-13,수인선,달월,130,86,216,44,5,13,금
2022-05-13,수인선,사리,5719,4958,10677,761,5,13,금
2022-05-13,수인선,야목,487,363,850,124,5,13,금
2022-05-13,수인선,어천,969,919,1888,50,5,13,금
2022-05-13,수인선,오목천,4477,3797,8274,680,5,13,금
2022-05-13,수인선,고색,5558,5180,10738,378,5,13,금
2022-05-13,분당선,매교,3619,3512,7131,107,5,13,금
2022-05-13,분당선,수원시청,14418,17142,31560,-2724,5,13,금
2022-05-13,분당선,매탄권선,6016,5723,11739,293,5,13,금
2022-05-13,분당선,망포,17210,15853,33063,1357,5,13,금
2022-05-13,분당선,영통,9887,9964,19851,-77,5,13,금
2022-05-13,분당선,청명,5165,4763,9928,402,5,13,금
2022-05-13,분당선,상갈,6249,6134,12383,115,5,13,금
2022-05-13,분당선,기흥,11585,10848,22433,737,5,13,금
2022-05-13,분당선,신갈,5114,5006,10120,108,5,13,금
2022-05-13,분당선,구성,5807,5955,11762,-148,5,13,금
2022-05-13,분당선,죽전,16162,17477,33639,-1315,5,13,금
2022-05-13,분당선,보정,3135,2682,5817,453,5,13,금
2022-05-13,분당선,이매,6765,6291,13056,474,5,13,금
2022-05-13,분당선,오리,12960,10350,23310,2610,5,13,금
2022-05-13,2호선,상왕십리,15973,15180,31153,793,5,13,금
2022-05-13,2호선,신당,15591,15883,31474,-292,5,13,금
2022-05-13,2호선,동대문역사문화공원(DDP),13938,15387,29325,-1449,5,13,금
2022-05-13,2호선,을지로4가,14148,14309,28457,-161,5,13,금
2022-05-13,2호선,을지로3가,25884,27323,53207,-1439,5,13,금
2022-05-13,2호선,을지로입구,43396,44888,88284,-1492,5,13,금
2022-05-13,2호선,시청,27046,25981,53027,1065,5,13,금
2022-05-13,1호선,동묘앞,8837,9277,18114,-440,5,13,금
2022-05-13,1호선,청량리(서울시립대입구),22199,21980,44179,219,5,13,금
2022-05-13,1호선,제기동,18225,18535,36760,-310,5,13,금
2022-05-13,1호선,신설동,15322,14968,30290,354,5,13,금
2022-05-13,1호선,동대문,12014,10699,22713,1315,5,13,금
2022-05-13,1호선,종로5가,25201,25790,50991,-589,5,13,금
2022-05-13,우이신설선,북한산보국문,7085,6290,13375,795,5,13,금
2022-05-13,장항선,봉명,1450,1354,2804,96,5,13,금
2022-05-13,우이신설선,정릉,5589,4774,10363,815,5,13,금
2022-05-13,8호선,천호(풍납토성),16355,19200,35555,-2845,5,13,금
2022-05-13,우이신설선,성신여대입구(돈암),3838,4379,8217,-541,5,13,금
2022-05-13,우이신설선,보문,1727,1691,3418,36,5,13,금
2022-05-13,우이신설선,신설동,2362,2285,4647,77,5,13,금
2022-05-13,8호선,암사,20712,17830,38542,2882,5,13,금
2022-05-13,7호선,온수(성공회대입구),11943,11254,23197,689,5,13,금
2022-05-13,7호선,천왕,12646,11693,24339,953,5,13,금
2022-05-13,7호선,광명사거리,24313,23463,47776,850,5,13,금
2022-05-13,7호선,철산,24262,24892,49154,-630,5,13,금
2022-05-13,7호선,가산디지털단지,47798,47469,95267,329,5,13,금
2022-05-13,7호선,남구로,16164,17424,33588,-1260,5,13,금
2022-05-13,7호선,대림(구로구청),8327,8449,16776,-122,5,13,금
2022-05-13,7호선,신풍,12725,12050,24775,675,5,13,금
2022-05-13,7호선,보라매,11454,11101,22555,353,5,13,금
2022-05-13,7호선,신대방삼거리,18546,17126,35672,1420,5,13,금
2022-05-13,7호선,장승배기,9854,9474,19328,380,5,13,금
2022-05-13,7호선,상도,12720,11952,24672,768,5,13,금
2022-05-13,7호선,숭실대입구(살피재),15824,15320,31144,504,5,13,금
2022-05-13,7호선,남성,12345,10840,23185,1505,5,13,금
2022-05-13,7호선,이수,18124,17615,35739,509,5,13,금
2022-05-13,7호선,내방,16052,16469,32521,-417,5,13,금
2022-05-13,7호선,고속터미널,19407,15581,34988,3826,5,13,금
2022-05-13,7호선,반포,7400,6825,14225,575,5,13,금
2022-05-13,7호선,논현,22371,25091,47462,-2720,5,13,금
2022-05-13,7호선,학동,25430,27455,52885,-2025,5,13,금
2022-05-13,7호선,강남구청,17513,19934,37447,-2421,5,13,금
2022-05-13,7호선,청담,20999,23993,44992,-2994,5,13,금
2022-05-13,7호선,뚝섬유원지,14523,14103,28626,420,5,13,금
2022-05-13,7호선,건대입구,14325,15970,30295,-1645,5,13,금
2022-05-13,7호선,어린이대공원(세종대),20246,20196,40442,50,5,13,금
2022-05-13,7호선,군자(능동),16453,12795,29248,3658,5,13,금
2022-05-13,7호선,중곡,12247,11058,23305,1189,5,13,금
2022-05-13,7호선,용마산(용마폭포공원),6507,6080,12587,427,5,13,금
2022-05-13,7호선,사가정,17978,17394,35372,584,5,13,금
2022-05-13,7호선,면목,17594,16625,34219,969,5,13,금
2022-05-13,7호선,상봉(시외버스터미널),19011,18145,37156,866,5,13,금
2022-05-13,7호선,중화,11949,11421,23370,528,5,13,금
2022-05-13,7호선,먹골,11249,10526,21775,723,5,13,금
2022-05-13,7호선,태릉입구,10728,10406,21134,322,5,13,금
2022-05-13,7호선,공릉(서울과학기술대),14568,13858,28426,710,5,13,금
2022-05-13,7호선,하계,20002,18260,38262,1742,5,13,금
2022-05-13,7호선,중계,16936,14909,31845,2027,5,13,금
2022-05-13,7호선,노원,21724,24176,45900,-2452,5,13,금
2022-05-13,7호선,마들,14460,13054,27514,1406,5,13,금
2022-05-13,7호선,수락산,14042,13517,27559,525,5,13,금
2022-05-13,7호선,도봉산,10859,11884,22743,-1025,5,13,금
2022-05-13,7호선,장암,2493,997,3490,1496,5,13,금
2022-05-13,6호선,봉화산(서울의료원),9865,9224,19089,641,5,13,금
2022-05-13,6호선,화랑대(서울여대입구),14092,10597,24689,3495,5,13,금
2022-05-13,6호선,태릉입구,6742,7500,14242,-758,5,13,금
2022-05-13,6호선,석계,13541,13922,27463,-381,5,13,금
2022-05-13,6호선,돌곶이,10631,9551,20182,1080,5,13,금
2022-05-13,6호선,상월곡(한국과학기술연구원),7122,6213,13335,909,5,13,금
2022-05-13,6호선,월곡(동덕여대),13022,12531,25553,491,5,13,금
2022-05-13,6호선,고려대(종암),9422,8828,18250,594,5,13,금
2022-05-13,6호선,안암(고대병원앞),14185,13334,27519,851,5,13,금
2022-05-13,6호선,보문,8395,7494,15889,901,5,13,금
2022-05-13,6호선,창신,4068,3191,7259,877,5,13,금
2022-05-13,6호선,동묘앞,8637,8418,17055,219,5,13,금
2022-05-13,6호선,신당,9093,8700,17793,393,5,13,금
2022-05-13,6호선,청구,3994,4210,8204,-216,5,13,금
2022-05-13,6호선,약수,4004,4103,8107,-99,5,13,금
2022-05-13,6호선,버티고개,2466,2345,4811,121,5,13,금
2022-05-13,6호선,한강진,10297,12462,22759,-2165,5,13,금
2022-05-13,6호선,이태원,13204,18488,31692,-5284,5,13,금
2022-05-13,6호선,녹사평(용산구청),5953,6506,12459,-553,5,13,금
2022-05-13,6호선,삼각지,8471,7087,15558,1384,5,13,금
2022-05-13,6호선,효창공원앞,8232,7352,15584,880,5,13,금
2022-05-13,6호선,공덕,20849,20271,41120,578,5,13,금
2022-05-13,6호선,대흥(서강대앞),9763,9788,19551,-25,5,13,금
2022-05-13,6호선,광흥창(서강),9918,9535,19453,383,5,13,금
2022-05-13,6호선,상수,10658,12731,23389,-2073,5,13,금
2022-05-13,6호선,합정,15334,15527,30861,-193,5,13,금
2022-05-13,6호선,망원,15664,17042,32706,-1378,5,13,금
2022-05-13,6호선,마포구청,15426,13331,28757,2095,5,13,금
2022-05-13,6호선,월드컵경기장(성산),5511,5661,11172,-150,5,13,금
2022-05-13,6호선,디지털미디어시티,15445,16547,31992,-1102,5,13,금
2022-05-13,6호선,증산(명지대앞),11118,10761,21879,357,5,13,금
2022-05-13,6호선,새절(신사),14338,12880,27218,1458,5,13,금
2022-05-13,6호선,구산,8601,6042,14643,2559,5,13,금
2022-05-13,6호선,연신내,1,0,1,1,5,13,금
2022-05-13,6호선,독바위,2934,2959,5893,-25,5,13,금
2022-05-13,6호선,불광,4662,4665,9327,-3,5,13,금
2022-05-13,6호선,역촌,3992,4562,8554,-570,5,13,금
2022-05-13,6호선,응암,19177,18396,37573,781,5,13,금
2022-05-13,5호선,하남검단산,6792,6275,13067,517,5,13,금
2022-05-13,5호선,하남시청(덕풍·신장),7965,7487,15452,478,5,13,금
2022-05-13,5호선,하남풍산,4894,4637,9531,257,5,13,금
2022-05-13,5호선,미사,17950,18230,36180,-280,5,13,금
2022-05-13,5호선,강일,4828,4366,9194,462,5,13,금
2022-05-13,5호선,마천,8207,7642,15849,565,5,13,금
2022-05-13,5호선,거여,11808,10919,22727,889,5,13,금
2022-05-13,5호선,개롱,7365,7381,14746,-16,5,13,금
2022-05-13,5호선,오금,4028,4168,8196,-140,5,13,금
2022-05-13,5호선,방이,7871,8045,15916,-174,5,13,금
2022-05-13,5호선,올림픽공원(한국체대),5777,5389,11166,388,5,13,금
2022-05-13,5호선,둔촌동,9094,9055,18149,39,5,13,금
2022-05-13,5호선,상일동,16760,15147,31907,1613,5,13,금
2022-05-13,5호선,고덕,11272,10854,22126,418,5,13,금
2022-05-13,5호선,명일,9833,9977,19810,-144,5,13,금
2022-05-13,5호선,굽은다리(강동구민회관앞),10636,10015,20651,621,5,13,금
2022-05-13,5호선,길동,9034,9372,18406,-338,5,13,금
2022-05-13,5호선,강동,20485,19210,39695,1275,5,13,금
2022-05-13,5호선,천호(풍납토성),20726,20927,41653,-201,5,13,금
2022-05-13,5호선,광나루(장신대),15637,13909,29546,1728,5,13,금
2022-05-13,5호선,아차산(어린이대공원후문),18228,17017,35245,1211,5,13,금
2022-05-13,5호선,군자(능동),12620,14098,26718,-1478,5,13,금
2022-05-13,5호선,장한평,20125,19562,39687,563,5,13,금
2022-05-13,5호선,답십리,17403,15470,32873,1933,5,13,금
2022-05-13,5호선,마장,6286,5927,12213,359,5,13,금
2022-05-13,5호선,왕십리(성동구청),5115,6233,11348,-1118,5,13,금
2022-05-13,5호선,행당,9262,7805,17067,1457,5,13,금
2022-05-13,5호선,신금호,7428,7376,14804,52,5,13,금
2022-05-13,5호선,청구,4419,4040,8459,379,5,13,금
2022-05-13,5호선,동대문역사문화공원(DDP),2906,3675,6581,-769,5,13,금
2022-05-13,5호선,을지로4가,6868,7163,14031,-295,5,13,금
2022-05-13,5호선,종로3가,15568,16297,31865,-729,5,13,금
2022-05-13,5호선,광화문(세종문화회관),33600,35891,69491,-2291,5,13,금
2022-05-13,5호선,서대문,21126,21243,42369,-117,5,13,금
2022-05-13,5호선,충정로(경기대입구),5117,5102,10219,15,5,13,금
2022-05-13,5호선,애오개,7384,7326,14710,58,5,13,금
2022-05-13,5호선,공덕,15768,17028,32796,-1260,5,13,금
2022-05-13,5호선,마포,15653,16165,31818,-512,5,13,금
2022-05-13,5호선,여의나루,19567,20791,40358,-1224,5,13,금
2022-05-13,5호선,여의도,30825,33643,64468,-2818,5,13,금
2022-05-13,5호선,신길,4508,4591,9099,-83,5,13,금
2022-05-13,5호선,영등포시장,11311,11480,22791,-169,5,13,금
2022-05-13,5호선,영등포구청,4407,4484,8891,-77,5,13,금
2022-05-13,5호선,양평,8095,7705,15800,390,5,13,금
2022-05-13,5호선,오목교(목동운동장앞),24026,25588,49614,-1562,5,13,금
2022-05-13,5호선,목동,18941,19786,38727,-845,5,13,금
2022-05-13,5호선,신정(은행정),15402,11907,27309,3495,5,13,금
2022-05-13,5호선,까치산,31575,29450,61025,2125,5,13,금
2022-05-13,5호선,화곡,31521,28528,60049,2993,5,13,금
2022-05-13,5호선,우장산,16524,15662,32186,862,5,13,금
2022-05-13,5호선,발산,22117,23426,45543,-1309,5,13,금
2022-05-13,일산선,대화,16744,13400,30144,3344,5,13,금
2022-05-13,5호선,마곡,11643,11706,23349,-63,5,13,금
2022-05-13,5호선,송정,7227,6735,13962,492,5,13,금
2022-05-13,5호선,김포공항,8699,8463,17162,236,5,13,금
2022-05-13,5호선,개화산,6336,5820,12156,516,5,13,금
2022-05-13,5호선,방화,7363,6851,14214,512,5,13,금
2022-05-13,4호선,남태령,1456,1140,2596,316,5,13,금
2022-05-13,4호선,사당,31678,27837,59515,3841,5,13,금
2022-05-13,4호선,총신대입구(이수),22176,24096,46272,-1920,5,13,금
2022-05-13,4호선,동작(현충원),2136,2285,4421,-149,5,13,금
2022-05-13,4호선,이촌(국립중앙박물관),10067,10973,21040,-906,5,13,금
2022-05-13,4호선,신용산,19227,20792,40019,-1565,5,13,금
2022-05-13,4호선,삼각지,6104,7163,13267,-1059,5,13,금
2022-05-13,4호선,숙대입구(갈월),15907,15706,31613,201,5,13,금
2022-05-13,4호선,서울역,12854,22527,35381,-9673,5,13,금
2022-05-13,4호선,회현(남대문시장),28100,29809,57909,-1709,5,13,금
2022-05-13,4호선,명동,22736,24487,47223,-1751,5,13,금
2022-05-13,1호선,종로3가,29662,27432,57094,2230,5,13,금
2022-05-13,4호선,충무로,29987,32094,62081,-2107,5,13,금
2022-05-13,4호선,동대문역사문화공원(DDP),16424,14681,31105,1743,5,13,금
2022-05-13,4호선,동대문,21771,21779,43550,-8,5,13,금
2022-05-13,4호선,혜화,47438,50126,97564,-2688,5,13,금
2022-05-13,4호선,한성대입구(삼선교),16752,16329,33081,423,5,13,금
2022-05-13,4호선,성신여대입구(돈암),23689,22653,46342,1036,5,13,금
2022-05-13,4호선,길음,24406,23343,47749,1063,5,13,금
2022-05-13,4호선,미아사거리,30503,29499,60002,1004,5,13,금
2022-05-13,4호선,미아(서울사이버대학),16936,16035,32971,901,5,13,금
2022-05-13,4호선,수유(강북구청),37936,38133,76069,-197,5,13,금
2022-05-13,4호선,쌍문,32817,29696,62513,3121,5,13,금
2022-05-13,4호선,창동,29064,30916,59980,-1852,5,13,금
2022-05-13,4호선,노원,22065,25389,47454,-3324,5,13,금
2022-05-13,4호선,상계,21629,19574,41203,2055,5,13,금
2022-05-13,4호선,당고개,10139,9045,19184,1094,5,13,금
2022-05-13,3호선,오금,7004,6405,13409,599,5,13,금
2022-05-13,3호선,경찰병원,8156,7966,16122,190,5,13,금
2022-05-13,3호선,가락시장,10265,10191,20456,74,5,13,금
2022-05-13,3호선,수서,20589,20734,41323,-145,5,13,금
2022-05-13,3호선,일원,11731,10849,22580,882,5,13,금
2022-05-13,3호선,대청,11669,10606,22275,1063,5,13,금
2022-05-13,3호선,학여울,2106,2167,4273,-61,5,13,금
2022-05-13,3호선,대치,12318,12324,24642,-6,5,13,금
2022-05-13,3호선,도곡,6133,6270,12403,-137,5,13,금
2022-05-13,3호선,매봉,13863,13251,27114,612,5,13,금
2022-05-13,3호선,양재(서초구청),44199,47314,91513,-3115,5,13,금
2022-05-13,3호선,남부터미널(예술의전당),34731,34269,69000,462,5,13,금
2022-05-13,3호선,교대(법원.검찰청),16901,10805,27706,6096,5,13,금
2022-05-13,3호선,고속터미널,53290,53660,106950,-370,5,13,금
2022-05-13,3호선,잠원,5727,5380,11107,347,5,13,금
2022-05-13,3호선,신사,35406,38548,73954,-3142,5,13,금
2022-05-13,3호선,압구정,35434,38981,74415,-3547,5,13,금
2022-05-13,3호선,옥수,10291,10398,20689,-107,5,13,금
2022-05-13,3호선,금호,9039,8067,17106,972,5,13,금
2022-05-13,3호선,약수,14603,14158,28761,445,5,13,금
2022-05-13,3호선,동대입구,9092,9719,18811,-627,5,13,금
2022-05-13,3호선,충무로,1,0,1,1,5,13,금
2022-05-13,3호선,을지로3가,12022,12952,24974,-930,5,13,금
2022-05-13,3호선,종로3가,11140,13747,24887,-2607,5,13,금
2022-05-13,3호선,안국,28746,29169,57915,-423,5,13,금
2022-05-13,3호선,경복궁(정부서울청사),31414,34131,65545,-2717,5,13,금
2022-05-13,3호선,독립문,8285,8634,16919,-349,5,13,금
2022-05-13,3호선,무악재,4385,4366,8751,19,5,13,금
2022-05-13,3호선,홍제,19724,18243,37967,1481,5,13,금
2022-05-13,3호선,녹번,17456,14849,32305,2607,5,13,금
2022-05-13,3호선,불광,17967,19162,37129,-1195,5,13,금
2022-05-13,3호선,연신내,40008,37813,77821,2195,5,13,금
2022-05-13,3호선,구파발,22664,21720,44384,944,5,13,금
2022-05-13,3호선,지축,5809,5179,10988,630,5,13,금
2022-05-13,2호선,용두(동대문구청),2632,2610,5242,22,5,13,금
2022-05-13,2호선,신정네거리,11559,11677,23236,-118,5,13,금
2022-05-13,2호선,양천구청,7612,7751,15363,-139,5,13,금
2022-05-13,2호선,도림천,1463,1481,2944,-18,5,13,금
2022-05-13,2호선,신설동,3915,1990,5905,1925,5,13,금
2022-05-13,2호선,신답,1939,2008,3947,-69,5,13,금
2022-05-13,2호선,용답,3324,3266,6590,58,5,13,금
2022-05-13,2호선,충정로(경기대입구),10900,12081,22981,-1181,5,13,금
2022-05-13,2호선,아현,12059,11240,23299,819,5,13,금
2022-05-13,2호선,이대,16153,16120,32273,33,5,13,금
2022-05-13,2호선,신촌,38629,40075,78704,-1446,5,13,금
2022-05-13,2호선,홍대입구,65087,74675,139762,-9588,5,13,금
2022-05-13,2호선,합정,35962,40115,76077,-4153,5,13,금
2022-05-13,2호선,당산,21281,24482,45763,-3201,5,13,금
2022-05-13,2호선,영등포구청,24175,25252,49427,-1077,5,13,금
2022-05-13,2호선,문래,24027,25822,49849,-1795,5,13,금
2022-05-13,2호선,신도림,53426,55066,108492,-1640,5,13,금
2022-05-13,2호선,대림(구로구청),26186,26657,52843,-471,5,13,금
2022-05-13,2호선,구로디지털단지,64918,64005,128923,913,5,13,금
2022-05-13,2호선,신대방,29194,27714,56908,1480,5,13,금
2022-05-13,경인선,부천,36785,37575,74360,-790,5,13,금
2022-05-13,경인선,역곡,33379,32137,65516,1242,5,13,금
2022-05-13,경인선,오류동,13118,11617,24735,1501,5,13,금
2022-05-13,경인선,개봉,23865,22893,46758,972,5,13,금
2022-05-13,경의선,임진강,20,7,27,13,5,13,금
2022-05-13,경의선,문산,6157,5871,12028,286,5,13,금
2022-05-13,경의선,파주,1569,958,2527,611,5,13,금
2022-05-13,경의선,월롱,3386,2596,5982,790,5,13,금
2022-05-13,경의선,금촌,7387,7079,14466,308,5,13,금
2022-05-13,경의선,금릉,5787,5710,11497,77,5,13,금
2022-05-13,경의선,운정,8229,7627,15856,602,5,13,금
2022-05-13,경의선,야당,9089,9498,18587,-409,5,13,금
2022-05-13,경의선,탄현,9169,8592,17761,577,5,13,금
2022-05-13,경의선,일산,12082,12001,24083,81,5,13,금
2022-05-13,경의선,풍산,6620,6156,12776,464,5,13,금
2022-05-13,경의선,백마,8256,7886,16142,370,5,13,금
2022-05-13,경의선,곡산,723,727,1450,-4,5,13,금
2022-05-13,경의선,능곡,4423,4127,8550,296,5,13,금
2022-05-13,경의선,행신,9305,9445,18750,-140,5,13,금
2022-05-13,경의선,강매,3682,3176,6858,506,5,13,금
2022-05-13,경의선,화전,3190,2877,6067,313,5,13,금
2022-05-13,경의선,수색,3099,3202,6301,-103,5,13,금
2022-05-13,경의선,디지털미디어시티,3061,2766,5827,295,5,13,금
2022-05-13,경의선,가좌,6348,6040,12388,308,5,13,금
2022-05-13,경의선,홍대입구,2211,2737,4948,-526,5,13,금
2022-05-13,경의선,서강대,2489,2473,4962,16,5,13,금
2022-05-13,경의선,공덕,4126,3745,7871,381,5,13,금
2022-05-13,경의선,효창공원앞,3427,3801,7228,-374,5,13,금
2022-05-13,경의선,신촌,1007,1338,2345,-331,5,13,금
2022-05-13,경의선,서울역,5068,6887,11955,-1819,5,13,금
2022-05-13,경원선,소요산,3067,2703,5770,364,5,13,금
2022-05-13,경원선,동두천,2618,2941,5559,-323,5,13,금
2022-05-13,경원선,보산,2177,1799,3976,378,5,13,금
2022-05-13,경원선,동두천중앙,3664,3424,7088,240,5,13,금
2022-05-13,경원선,지행,8042,7819,15861,223,5,13,금
2022-05-13,경원선,덕정,7018,6433,13451,585,5,13,금
2022-05-13,경원선,덕계,3830,3340,7170,490,5,13,금
2022-05-13,경원선,양주,9260,8538,17798,722,5,13,금
2022-05-13,경원선,녹양,5342,4942,10284,400,5,13,금
2022-05-13,경원선,가능,7676,7185,14861,491,5,13,금
2022-05-13,경원선,의정부,20875,22596,43471,-1721,5,13,금
2022-05-13,경원선,회룡,14481,14251,28732,230,5,13,금
2022-05-13,경원선,망월사,9509,9359,18868,150,5,13,금
2022-05-13,경원선,도봉산,8987,6120,15107,2867,5,13,금
2022-05-13,경원선,도봉,6657,6253,12910,404,5,13,금
2022-05-13,경원선,방학,10868,10612,21480,256,5,13,금
2022-05-13,경원선,창동,1,0,1,1,5,13,금
2022-05-13,경원선,녹천,5224,4301,9525,923,5,13,금
2022-05-13,경원선,월계,8771,7956,16727,815,5,13,금
2022-05-13,경원선,광운대,9622,9040,18662,582,5,13,금
2022-05-13,경원선,석계,9450,10373,19823,-923,5,13,금
2022-05-13,경원선,신이문,9273,8354,17627,919,5,13,금
2022-05-13,경원선,외대앞,10015,9499,19514,516,5,13,금
2022-05-13,경원선,청량리(서울시립대입구),19006,19541,38547,-535,5,13,금
2022-05-13,경원선,왕십리(성동구청),17098,18665,35763,-1567,5,13,금
2022-05-13,경원선,응봉,2203,1789,3992,414,5,13,금
2022-05-13,경원선,옥수,86,31,117,55,5,13,금
2022-05-13,경원선,한남,4625,4574,9199,51,5,13,금
2022-05-13,경원선,서빙고,2375,2115,4490,260,5,13,금
2022-05-13,경원선,이촌(국립중앙박물관),4444,3322,7766,1122,5,13,금
2022-05-13,경부선,광명,4312,3899,8211,413,5,13,금
2022-05-13,경부선,서동탄,1733,1624,3357,109,5,13,금
2022-05-13,경부선,당정,7793,7242,15035,551,5,13,금
2022-05-13,경부선,천안,7964,7553,15517,411,5,13,금
2022-05-13,경부선,두정,8711,7922,16633,789,5,13,금
2022-05-13,경부선,직산,1052,959,2011,93,5,13,금
2022-05-13,경부선,성환,5539,4659,10198,880,5,13,금
2022-05-13,경부선,평택,15790,15266,31056,524,5,13,금
2022-05-13,경부선,평택지제,4566,4222,8788,344,5,13,금
2022-05-13,경부선,서정리,9560,7649,17209,1911,5,13,금
2022-05-13,경부선,송탄,5543,4830,10373,713,5,13,금
2022-05-13,경부선,진위,2056,1692,3748,364,5,13,금
2022-05-13,경부선,오산,12072,12009,24081,63,5,13,금
2022-05-13,경부선,오산대,4693,4286,8979,407,5,13,금
2022-05-13,중앙선,용문,2147,2308,4455,-161,5,13,금
2022-05-13,중앙선,원덕,458,447,905,11,5,13,금
2022-05-13,중앙선,양평,4647,4792,9439,-145,5,13,금
2022-05-13,중앙선,오빈,340,370,710,-30,5,13,금
2022-05-13,중앙선,아신,683,679,1362,4,5,13,금
2022-05-13,중앙선,국수,950,923,1873,27,5,13,금
2022-05-13,중앙선,신원,266,284,550,-18,5,13,금
2022-05-13,중앙선,양수,2251,2326,4577,-75,5,13,금
2022-05-13,중앙선,운길산,1053,1051,2104,2,5,13,금
2022-05-13,중앙선,팔당,1010,1117,2127,-107,5,13,금
2022-05-13,중앙선,도심,2805,2234,5039,571,5,13,금
2022-05-13,중앙선,덕소,6438,6295,12733,143,5,13,금
2022-05-13,중앙선,양정,812,717,1529,95,5,13,금
2022-05-13,중앙선,도농,12771,11458,24229,1313,5,13,금
2022-05-13,중앙선,구리,15534,15745,31279,-211,5,13,금
2022-05-13,중앙선,양원,3503,3260,6763,243,5,13,금
2022-05-13,중앙선,망우,9104,8667,17771,437,5,13,금
2022-05-13,중앙선,상봉(시외버스터미널),6854,6694,13548,160,5,13,금
2022-05-13,중앙선,중랑,6426,5931,12357,495,5,13,금
2022-05-13,중앙선,회기,29602,27536,57138,2066,5,13,금
2022-05-13,장항선,신창(순천향대),3527,2099,5626,1428,5,13,금
2022-05-13,장항선,온양온천,4340,4662,9002,-322,5,13,금
2022-05-13,장항선,배방,1453,1313,2766,140,5,13,금
2022-05-13,장항선,탕정,1088,891,1979,197,5,13,금
2022-05-13,장항선,아산,5040,4803,9843,237,5,13,금
2022-05-13,장항선,쌍용(나사렛대),3066,2564,5630,502,5,13,금
2022-05-13,경부선,세마,3312,3185,6497,127,5,13,금
2022-05-13,경부선,병점,18323,18144,36467,179,5,13,금
2022-05-13,경부선,세류,3545,3273,6818,272,5,13,금
2022-05-13,경부선,독산,20635,20805,41440,-170,5,13,금
2022-05-13,경부선,수원,42306,46558,88864,-4252,5,13,금
2022-05-13,경부선,화서,9238,8919,18157,319,5,13,금
2022-05-13,경부선,성균관대,17935,17055,34990,880,5,13,금
2022-05-13,경부선,의왕,11250,10918,22168,332,5,13,금
2022-05-13,경부선,군포,8432,8168,16600,264,5,13,금
2022-05-13,경부선,금정,30967,30986,61953,-19,5,13,금
2022-05-13,경부선,명학,10370,10004,20374,366,5,13,금
2022-05-13,경부선,안양,29079,29004,58083,75,5,13,금
2022-05-13,경부선,관악,8343,7633,15976,710,5,13,금
2022-05-13,경부선,석수,11070,9686,20756,1384,5,13,금
2022-05-13,경부선,금천구청,13576,13340,26916,236,5,13,금
2022-05-13,경부선,가산디지털단지,19956,22988,42944,-3032,5,13,금
2022-05-13,경부선,구로,20128,21231,41359,-1103,5,13,금
2022-05-13,경부선,신길,10182,8712,18894,1470,5,13,금
2022-05-13,경부선,신도림,4526,4779,9305,-253,5,13,금
2022-05-13,경부선,영등포,44374,47503,91877,-3129,5,13,금
2022-05-13,경부선,대방,14655,14650,29305,5,5,13,금
2022-05-13,경부선,노량진,10114,9927,20041,187,5,13,금
2022-05-13,경부선,용산,43916,46024,89940,-2108,5,13,금
2022-05-13,경부선,남영,10507,11278,21785,-771,5,13,금
2022-05-13,경부선,서울역,9942,3122,13064,6820,5,13,금
2022-05-13,경강선,여주,2850,2958,5808,-108,5,13,금
2022-05-13,1호선,시청,25954,27062,53016,-1108,5,13,금
2022-05-13,경강선,세종대왕릉,402,386,788,16,5,13,금
2022-05-13,경강선,부발,3036,2310,5346,726,5,13,금
2022-05-13,경강선,이천,3164,3266,6430,-102,5,13,금
2022-05-13,경강선,신둔도예촌,1930,1654,3584,276,5,13,금
2022-05-13,경강선,곤지암,2605,2484,5089,121,5,13,금
2022-05-13,경강선,초월,3841,3387,7228,454,5,13,금
2022-05-13,경강선,경기광주,9147,8507,17654,640,5,13,금
2022-05-13,경강선,삼동,2746,2349,5095,397,5,13,금
2022-05-13,경강선,이매,1252,1061,2313,191,5,13,금
2022-05-13,경강선,판교,5262,5547,10809,-285,5,13,금
2022-05-13,9호선2~3단계,중앙보훈병원,11746,10034,21780,1712,5,13,금
2022-05-13,9호선2~3단계,둔촌오륜,1352,1196,2548,156,5,13,금
2022-05-13,9호선2~3단계,올림픽공원(한국체대),9793,9256,19049,537,5,13,금
2022-05-13,9호선2~3단계,한성백제,3349,3051,6400,298,5,13,금
2022-05-13,9호선2~3단계,송파나루,5582,6100,11682,-518,5,13,금
2022-05-13,9호선2~3단계,석촌,9580,8299,17879,1281,5,13,금
2022-05-13,9호선2~3단계,석촌고분,6941,6479,13420,462,5,13,금
2022-05-13,9호선2~3단계,삼전,7704,7243,14947,461,5,13,금
2022-05-13,9호선2~3단계,종합운동장,4836,4882,9718,-46,5,13,금
2022-05-13,9호선2~3단계,봉은사,20043,20623,40666,-580,5,13,금
2022-05-13,9호선2~3단계,삼성중앙,7894,8280,16174,-386,5,13,금
2022-05-13,9호선2~3단계,선정릉,10743,12138,22881,-1395,5,13,금
2022-05-13,9호선2~3단계,언주,11570,11735,23305,-165,5,13,금
2022-05-13,9호선,신논현,37366,38660,76026,-1294,5,13,금
2022-05-13,경인선,송내,30731,30548,61279,183,5,13,금
2022-05-13,9호선,사평,4256,3903,8159,353,5,13,금
2022-05-13,9호선,고속터미널,16942,21915,38857,-4973,5,13,금
2022-05-13,9호선,신반포,4354,4355,8709,-1,5,13,금
2022-05-13,9호선,구반포,1436,1543,2979,-107,5,13,금
2022-05-13,9호선,동작(현충원),2452,1955,4407,497,5,13,금
2022-05-13,9호선,흑석(중앙대입구),10418,10338,20756,80,5,13,금
2022-05-13,9호선,노들,5110,4208,9318,902,5,13,금
2022-05-13,9호선,노량진,30236,28991,59227,1245,5,13,금
2022-05-13,9호선,샛강,6606,6913,13519,-307,5,13,금
2022-05-13,9호선,여의도,31300,30546,61846,754,5,13,금
2022-05-13,9호선,국회의사당,17384,17750,35134,-366,5,13,금
2022-05-13,9호선,당산,20803,20666,41469,137,5,13,금
2022-05-13,9호선,선유도,9548,8884,18432,664,5,13,금
2022-05-13,9호선,신목동,4756,3956,8712,800,5,13,금
2022-05-13,9호선,염창,19518,18101,37619,1417,5,13,금
2022-05-13,9호선,등촌,12544,11727,24271,817,5,13,금
2022-05-13,9호선,증미,8011,7658,15669,353,5,13,금
2022-05-13,9호선,가양,23231,22076,45307,1155,5,13,금
2022-05-13,9호선,양천향교,10865,10605,21470,260,5,13,금
2022-05-13,9호선,마곡나루(서울식물원),13814,13748,27562,66,5,13,금
2022-05-13,9호선,신방화,7415,6969,14384,446,5,13,금
2022-05-13,9호선,공항시장,3319,3397,6716,-78,5,13,금
2022-05-13,9호선,김포공항,8963,14154,23117,-5191,5,13,금
2022-05-13,9호선,개화,2819,2020,4839,799,5,13,금
2022-05-13,8호선,남위례,5843,6049,11892,-206,5,13,금
2022-05-13,8호선,모란,5032,4134,9166,898,5,13,금
2022-05-13,8호선,수진,5931,5284,11215,647,5,13,금
2022-05-13,8호선,신흥,4812,4890,9702,-78,5,13,금
2022-05-13,8호선,단대오거리,12098,11280,23378,818,5,13,금
2022-05-13,8호선,남한산성입구(성남법원.검찰청),16334,14346,30680,1988,5,13,금
2022-05-13,8호선,산성,6260,6179,12439,81,5,13,금
2022-05-13,8호선,복정,11216,9175,20391,2041,5,13,금
2022-05-13,8호선,장지,19109,17664,36773,1445,5,13,금
2022-05-13,8호선,문정,23727,24888,48615,-1161,5,13,금
2022-05-13,8호선,가락시장,8402,9785,18187,-1383,5,13,금
2022-05-13,2호선,신림,71101,68299,139400,2802,5,13,금
2022-05-13,2호선,봉천,26092,23213,49305,2879,5,13,금
2022-05-13,2호선,서울대입구(관악구청),54803,52401,107204,2402,5,13,금
2022-05-13,2호선,낙성대(강감찬),31145,29082,60227,2063,5,13,금
2022-05-13,2호선,사당,44928,50867,95795,-5939,5,13,금
2022-05-13,2호선,방배,20874,21235,42109,-361,5,13,금
2022-05-13,2호선,서초,23850,23722,47572,128,5,13,금
2022-05-13,2호선,교대(법원.검찰청),38102,43987,82089,-5885,5,13,금
2022-05-13,2호선,강남,95342,98137,193479,-2795,5,13,금
2022-05-13,2호선,역삼,54545,62526,117071,-7981,5,13,금
2022-05-13,2호선,선릉,61482,54954,116436,6528,5,13,금
2022-05-13,2호선,삼성(무역센터),59384,60224,119608,-840,5,13,금
2022-05-13,2호선,종합운동장,18024,20555,38579,-2531,5,13,금
2022-05-13,2호선,잠실새내,24937,25804,50741,-867,5,13,금
2022-05-13,2호선,잠실(송파구청),81273,80248,161521,1025,5,13,금
2022-05-13,2호선,잠실나루,16391,15591,31982,800,5,13,금
2022-05-13,2호선,강변(동서울터미널),37597,35305,72902,2292,5,13,금
2022-05-13,2호선,구의(광진구청),25970,25117,51087,853,5,13,금
2022-05-13,2호선,건대입구,41856,47090,88946,-5234,5,13,금
2022-05-13,2호선,성수,41019,45844,86863,-4825,5,13,금
2022-05-13,2호선,뚝섬,25097,26830,51927,-1733,5,13,금
2022-05-13,2호선,한양대,13649,14756,28405,-1107,5,13,금
2022-05-13,중앙선,지평,68,84,152,-16,5,13,금
2022-05-13,1호선,종각,40065,39947,80012,118,5,13,금
2022-05-13,8호선,송파,9141,8818,17959,323,5,13,금
2022-05-13,8호선,석촌,8394,9976,18370,-1582,5,13,금
2022-05-13,2호선,왕십리(성동구청),19548,16537,36085,3011,5,13,금
2022-05-13,8호선,잠실(송파구청),15566,19779,35345,-4213,5,13,금
2022-05-13,일산선,원흥,12636,11634,24270,1002,5,13,금
2022-05-13,일산선,삼송,22219,21213,43432,1006,5,13,금
2022-05-13,일산선,원당,13178,12053,25231,1125,5,13,금
2022-05-13,일산선,화정,19685,20046,39731,-361,5,13,금
2022-05-13,일산선,대곡,2603,1999,4602,604,5,13,금
2022-05-13,일산선,백석,11241,11104,22345,137,5,13,금
2022-05-13,일산선,마두,8681,9048,17729,-367,5,13,금
2022-05-13,일산선,정발산,8920,9259,18179,-339,5,13,금
2022-05-13,일산선,주엽,10963,10804,21767,159,5,13,금
2022-05-13,분당선,미금,17289,18553,35842,-1264,5,13,금
2022-05-13,분당선,정자,19987,21159,41146,-1172,5,13,금
2022-05-13,분당선,수내,15122,15020,30142,102,5,13,금
2022-05-13,분당선,서현,28922,29336,58258,-414,5,13,금
2022-05-13,1호선,서울역,54795,54091,108886,704,5,13,금
2022-05-13,분당선,야탑,29839,31300,61139,-1461,5,13,금
2022-05-13,분당선,모란,22170,22596,44766,-426,5,13,금
2022-05-13,분당선,태평,14850,14079,28929,771,5,13,금
2022-05-13,분당선,가천대,12450,12624,25074,-174,5,13,금
2022-05-13,분당선,선정릉,8701,9243,17944,-542,5,13,금
2022-05-13,분당선,강남구청,11572,13299,24871,-1727,5,13,금
2022-05-13,분당선,압구정로데오,22466,26594,49060,-4128,5,13,금
2022-05-13,분당선,서울숲,15024,15563,30587,-539,5,13,금
2022-05-13,분당선,수원,9723,8343,18066,1380,5,13,금
2022-05-13,분당선,수서,16068,16853,32921,-785,5,13,금
2022-05-13,분당선,대모산입구,5163,4609,9772,554,5,13,금
2022-05-13,분당선,개포동,4509,4527,9036,-18,5,13,금
2022-05-13,분당선,구룡,2856,2582,5438,274,5,13,금
2022-05-13,분당선,도곡,8144,7740,15884,404,5,13,금
2022-05-13,분당선,한티,16710,17534,34244,-824,5,13,금
2022-05-13,분당선,선릉,14386,22597,36983,-8211,5,13,금
2022-05-13,과천선,범계,30560,31133,61693,-573,5,13,금
2022-05-13,과천선,평촌,20205,19242,39447,963,5,13,금
2022-05-13,과천선,인덕원,28372,28510,56882,-138,5,13,금
2022-05-13,과천선,정부과천청사,12315,12021,24336,294,5,13,금
2022-05-13,과천선,과천,7456,6570,14026,886,5,13,금
2022-05-13,과천선,대공원,11926,11731,23657,195,5,13,금
2022-05-13,과천선,경마공원,7428,7653,15081,-225,5,13,금
2022-05-13,과천선,선바위,9951,8373,18324,1578,5,13,금
2022-05-13,공항철도 1호선,영종,3625,3917,7542,-292,5,13,금
2022-05-13,공항철도 1호선,인천공항2터미널,3106,2862,5968,244,5,13,금
2022-05-13,공항철도 1호선,인천공항1터미널,6430,6282,12712,148,5,13,금
2022-05-13,공항철도 1호선,공항화물청사,2458,2554,5012,-96,5,13,금
2022-05-13,공항철도 1호선,운서,8081,8052,16133,29,5,13,금
2022-05-13,공항철도 1호선,청라국제도시,8136,7677,15813,459,5,13,금
2022-05-13,공항철도 1호선,검암,7571,7507,15078,64,5,13,금
2022-05-13,공항철도 1호선,계양,12054,11283,23337,771,5,13,금
2022-05-13,공항철도 1호선,김포공항,15178,7617,22795,7561,5,13,금
2022-05-13,공항철도 1호선,마곡나루(서울식물원),10532,10019,20551,513,5,13,금
2022-05-13,공항철도 1호선,디지털미디어시티,15454,14136,29590,1318,5,13,금
2022-05-13,공항철도 1호선,홍대입구,12234,13005,25239,-771,5,13,금
2022-05-13,공항철도 1호선,공덕,2628,3584,6212,-956,5,13,금
2022-05-13,공항철도 1호선,서울역,11207,10559,21766,648,5,13,금
2022-05-13,경춘선,춘천,2359,1654,4013,705,5,13,금
2022-05-13,경춘선,남춘천,3847,3100,6947,747,5,13,금
2022-05-13,경춘선,김유정,514,625,1139,-111,5,13,금
2022-05-13,경춘선,강촌,574,783,1357,-209,5,13,금
2022-05-13,경춘선,백양리,115,138,253,-23,5,13,금
2022-05-13,경춘선,굴봉산,164,260,424,-96,5,13,금
2022-05-13,경춘선,가평,2027,2689,4716,-662,5,13,금
2022-05-13,경춘선,상천,380,522,902,-142,5,13,금
2022-05-13,경춘선,청평,1898,2517,4415,-619,5,13,금
2022-05-13,경춘선,대성리,732,3146,3878,-2414,5,13,금
2022-05-13,경춘선,마석,5036,5053,10089,-17,5,13,금
2022-05-13,경춘선,천마산,1956,1778,3734,178,5,13,금
2022-05-13,경춘선,평내호평,7848,7813,15661,35,5,13,금
2022-05-13,경춘선,금곡,1752,1701,3453,51,5,13,금
2022-05-13,경춘선,사릉,2819,2729,5548,90,5,13,금
2022-05-13,경춘선,퇴계원,4284,4007,8291,277,5,13,금
2022-05-13,경춘선,별내,3687,3435,7122,252,5,13,금
2022-05-13,경춘선,갈매,3532,3027,6559,505,5,13,금
2022-05-13,경춘선,신내,2574,2403,4977,171,5,13,금
2022-05-13,경인선,도화,4728,4242,8970,486,5,13,금
2022-05-13,경인선,중동,10522,9601,20123,921,5,13,금
2022-05-13,경인선,온수(성공회대입구),8051,7479,15530,572,5,13,금
2022-05-13,경인선,도원,3849,3707,7556,142,5,13,금
2022-05-13,경인선,간석,6776,6300,13076,476,5,13,금
2022-05-13,경인선,부개,9738,8822,18560,916,5,13,금
2022-05-13,경인선,소사,10016,9426,19442,590,5,13,금
2022-05-13,경인선,구일,8011,7535,15546,476,5,13,금
2022-05-13,경인선,인천,4700,3648,8348,1052,5,13,금
2022-05-13,경인선,동인천,15605,14924,30529,681,5,13,금
2022-05-13,경인선,제물포,12847,11656,24503,1191,5,13,금
2022-05-13,경인선,주안,22374,20161,42535,2213,5,13,금
2022-05-13,경인선,동암,16526,16637,33163,-111,5,13,금
2022-05-13,경인선,백운,7973,7652,15625,321,5,13,금
2022-05-13,경인선,부평,32566,37199,69765,-4633,5,13,금
2022-05-14,경춘선,마석,4189,3961,8150,228,5,14,토
2022-05-14,2호선,한양대,5874,6096,11970,-222,5,14,토
2022-05-14,2호선,왕십리(성동구청),15957,14063,30020,1894,5,14,토
2022-05-14,경원선,덕정,5545,5008,10553,537,5,14,토
2022-05-14,2호선,상왕십리,10998,10133,21131,865,5,14,토
2022-05-14,2호선,신당,12421,13112,25533,-691,5,14,토
2022-05-14,2호선,동대문역사문화공원(DDP),12318,14291,26609,-1973,5,14,토
2022-05-14,2호선,을지로4가,8351,9088,17439,-737,5,14,토
2022-05-14,2호선,을지로3가,14685,14912,29597,-227,5,14,토
2022-05-14,2호선,을지로입구,25077,25315,50392,-238,5,14,토
2022-05-14,2호선,시청,11321,9998,21319,1323,5,14,토
2022-05-14,1호선,동묘앞,12953,13573,26526,-620,5,14,토
2022-05-14,1호선,청량리(서울시립대입구),20507,20410,40917,97,5,14,토
2022-05-14,1호선,제기동,16376,16812,33188,-436,5,14,토
2022-05-14,1호선,신설동,11015,10072,21087,943,5,14,토
2022-05-14,1호선,동대문,11709,11696,23405,13,5,14,토
2022-05-14,1호선,종로5가,22612,22181,44793,431,5,14,토
2022-05-14,1호선,종로3가,27650,25944,53594,1706,5,14,토
2022-05-14,안산선,대야미,4865,4219,9084,646,5,14,토
2022-05-14,안산선,반월,4084,3743,7827,341,5,14,토
2022-05-14,안산선,상록수,14537,14430,28967,107,5,14,토
2022-05-14,안산선,한대앞,8823,8616,17439,207,5,14,토
2022-05-14,안산선,중앙,19030,19989,39019,-959,5,14,토
2022-05-14,안산선,고잔,7548,7684,15232,-136,5,14,토
2022-05-14,안산선,초지,4264,4054,8318,210,5,14,토
2022-05-14,안산선,안산,10830,11029,21859,-199,5,14,토
2022-05-14,안산선,신길온천,1776,1624,3400,152,5,14,토
2022-05-14,안산선,정왕,7801,7718,15519,83,5,14,토
2022-05-14,안산선,오이도,9209,9313,18522,-104,5,14,토
2022-05-14,안산선,수리산,3449,3224,6673,225,5,14,토
2022-05-14,우이신설선,북한산우이,4664,4709,9373,-45,5,14,토
2022-05-14,우이신설선,솔밭공원,2080,1982,4062,98,5,14,토
2022-05-14,우이신설선,4.19민주묘지,2982,2488,5470,494,5,14,토
2022-05-14,우이신설선,가오리,3394,3090,6484,304,5,14,토
2022-05-14,우이신설선,화계,2771,2568,5339,203,5,14,토
2022-05-14,우이신설선,삼양,1762,1677,3439,85,5,14,토
2022-05-14,우이신설선,삼양사거리,2202,2114,4316,88,5,14,토
2022-05-14,우이신설선,솔샘,4539,3818,8357,721,5,14,토
2022-05-14,우이신설선,북한산보국문,5600,4727,10327,873,5,14,토
2022-05-14,우이신설선,정릉,4372,3480,7852,892,5,14,토
2022-05-14,우이신설선,성신여대입구(돈암),3065,3734,6799,-669,5,14,토
2022-05-14,우이신설선,보문,1317,1249,2566,68,5,14,토
2022-05-14,우이신설선,신설동,1568,1477,3045,91,5,14,토
2022-05-14,일산선,원흥,8662,8126,16788,536,5,14,토
2022-05-14,일산선,삼송,17069,15864,32933,1205,5,14,토
2022-05-14,일산선,원당,10030,9275,19305,755,5,14,토
2022-05-14,일산선,화정,15108,15638,30746,-530,5,14,토
2022-05-14,일산선,대곡,1749,1475,3224,274,5,14,토
2022-05-14,일산선,백석,8633,8305,16938,328,5,14,토
2022-05-14,일산선,마두,5907,5787,11694,120,5,14,토
2022-05-14,일산선,정발산,8372,8846,17218,-474,5,14,토
2022-05-14,일산선,주엽,8016,7677,15693,339,5,14,토
2022-05-14,일산선,대화,14427,12902,27329,1525,5,14,토
2022-05-14,장항선,봉명,999,914,1913,85,5,14,토
2022-05-14,장항선,쌍용(나사렛대),2221,2040,4261,181,5,14,토
2022-05-14,장항선,아산,4110,3917,8027,193,5,14,토
2022-05-14,장항선,탕정,885,765,1650,120,5,14,토
2022-05-14,장항선,배방,1331,1350,2681,-19,5,14,토
2022-05-14,장항선,온양온천,6081,6118,12199,-37,5,14,토
2022-05-14,장항선,신창(순천향대),1824,1542,3366,282,5,14,토
2022-05-14,중앙선,회기,23908,22729,46637,1179,5,14,토
2022-05-14,중앙선,중랑,5108,4872,9980,236,5,14,토
2022-05-14,중앙선,상봉(시외버스터미널),5965,5859,11824,106,5,14,토
2022-05-14,중앙선,망우,7705,7453,15158,252,5,14,토
2022-05-14,중앙선,양원,2155,1993,4148,162,5,14,토
2022-05-14,중앙선,구리,12229,12356,24585,-127,5,14,토
2022-05-14,중앙선,도농,8651,8118,16769,533,5,14,토
2022-05-14,중앙선,양정,733,608,1341,125,5,14,토
2022-05-14,중앙선,덕소,5350,5179,10529,171,5,14,토
2022-05-14,중앙선,도심,1944,1774,3718,170,5,14,토
2022-05-14,중앙선,팔당,1829,2024,3853,-195,5,14,토
2022-05-14,중앙선,운길산,1740,1698,3438,42,5,14,토
2022-05-14,중앙선,양수,2808,2922,5730,-114,5,14,토
2022-05-14,중앙선,신원,341,237,578,104,5,14,토
2022-05-14,중앙선,국수,823,862,1685,-39,5,14,토
2022-05-14,중앙선,아신,796,765,1561,31,5,14,토
2022-05-14,중앙선,오빈,363,365,728,-2,5,14,토
2022-05-14,중앙선,양평,3578,3639,7217,-61,5,14,토
2022-05-14,경춘선,대성리,3105,3721,6826,-616,5,14,토
2022-05-14,경춘선,청평,2675,2896,5571,-221,5,14,토
2022-05-14,경춘선,상천,661,519,1180,142,5,14,토
2022-05-14,경춘선,가평,3019,3834,6853,-815,5,14,토
2022-05-14,경춘선,굴봉산,342,360,702,-18,5,14,토
2022-05-14,경춘선,백양리,167,215,382,-48,5,14,토
2022-05-14,경춘선,강촌,1110,1374,2484,-264,5,14,토
2022-05-14,경춘선,김유정,739,881,1620,-142,5,14,토
2022-05-14,경춘선,남춘천,3876,4280,8156,-404,5,14,토
2022-05-14,경춘선,춘천,2900,2347,5247,553,5,14,토
2022-05-14,공항철도 1호선,서울역,10024,10306,20330,-282,5,14,토
2022-05-14,공항철도 1호선,공덕,1825,2933,4758,-1108,5,14,토
2022-05-14,공항철도 1호선,홍대입구,15190,15899,31089,-709,5,14,토
2022-05-14,공항철도 1호선,디지털미디어시티,6824,6215,13039,609,5,14,토
2022-05-14,공항철도 1호선,마곡나루(서울식물원),4042,4524,8566,-482,5,14,토
2022-05-14,공항철도 1호선,김포공항,12213,6289,18502,5924,5,14,토
2022-05-14,공항철도 1호선,계양,8776,7910,16686,866,5,14,토
2022-05-14,공항철도 1호선,검암,5309,5441,10750,-132,5,14,토
2022-05-14,공항철도 1호선,청라국제도시,5413,5163,10576,250,5,14,토
2022-05-14,공항철도 1호선,운서,7437,7432,14869,5,5,14,토
2022-05-14,공항철도 1호선,공항화물청사,1612,1623,3235,-11,5,14,토
2022-05-14,공항철도 1호선,인천공항1터미널,5966,5708,11674,258,5,14,토
2022-05-14,공항철도 1호선,인천공항2터미널,3304,2832,6136,472,5,14,토
2022-05-14,공항철도 1호선,영종,3757,3791,7548,-34,5,14,토
2022-05-14,과천선,선바위,6776,5785,12561,991,5,14,토
2022-05-14,과천선,경마공원,13338,13502,26840,-164,5,14,토
2022-05-14,과천선,대공원,10133,10544,20677,-411,5,14,토
2022-05-14,과천선,과천,5792,5347,11139,445,5,14,토
2022-05-14,과천선,정부과천청사,7471,7205,14676,266,5,14,토
2022-05-14,과천선,인덕원,20335,19710,40045,625,5,14,토
2022-05-14,과천선,평촌,11254,10629,21883,625,5,14,토
2022-05-14,과천선,범계,24104,24030,48134,74,5,14,토
2022-05-14,분당선,선릉,6050,9496,15546,-3446,5,14,토
2022-05-14,분당선,한티,13590,13104,26694,486,5,14,토
2022-05-14,분당선,도곡,5474,4810,10284,664,5,14,토
2022-05-14,분당선,구룡,1744,1506,3250,238,5,14,토
2022-05-14,분당선,개포동,3039,2854,5893,185,5,14,토
2022-05-14,분당선,대모산입구,3742,3442,7184,300,5,14,토
2022-05-14,분당선,수서,11847,12296,24143,-449,5,14,토
2022-05-14,분당선,수원,8878,7286,16164,1592,5,14,토
2022-05-14,분당선,서울숲,13342,14279,27621,-937,5,14,토
2022-05-14,분당선,압구정로데오,20729,24945,45674,-4216,5,14,토
2022-05-14,분당선,강남구청,6152,7611,13763,-1459,5,14,토
2022-05-14,분당선,선정릉,4058,4060,8118,-2,5,14,토
2022-05-14,분당선,가천대,6549,6818,13367,-269,5,14,토
2022-05-14,분당선,태평,12197,11454,23651,743,5,14,토
2022-05-14,분당선,모란,25958,26879,52837,-921,5,14,토
2022-05-14,분당선,야탑,21258,22025,43283,-767,5,14,토
2022-05-14,분당선,서현,21913,22314,44227,-401,5,14,토
2022-05-14,분당선,수내,10071,9483,19554,588,5,14,토
2022-05-14,분당선,정자,12228,12611,24839,-383,5,14,토
2022-05-14,분당선,미금,12398,12949,25347,-551,5,14,토
2022-05-14,분당선,오리,9171,7444,16615,1727,5,14,토
2022-05-14,분당선,이매,5026,4782,9808,244,5,14,토
2022-05-14,분당선,보정,2013,1858,3871,155,5,14,토
2022-05-14,분당선,죽전,11780,13171,24951,-1391,5,14,토
2022-05-14,분당선,구성,4145,4131,8276,14,5,14,토
2022-05-14,분당선,신갈,3354,3238,6592,116,5,14,토
2022-05-14,분당선,기흥,8660,8040,16700,620,5,14,토
2022-05-14,분당선,상갈,4496,4435,8931,61,5,14,토
2022-05-14,분당선,청명,3391,3269,6660,122,5,14,토
2022-05-14,분당선,영통,8058,7725,15783,333,5,14,토
2022-05-14,분당선,망포,11066,9752,20818,1314,5,14,토
2022-05-14,분당선,매탄권선,4227,3984,8211,243,5,14,토
2022-05-14,분당선,수원시청,12833,14954,27787,-2121,5,14,토
2022-05-14,분당선,매교,2366,2382,4748,-16,5,14,토
2022-05-14,수인선,고색,3233,3222,6455,11,5,14,토
2022-05-14,수인선,오목천,2702,2218,4920,484,5,14,토
2022-05-14,수인선,어천,911,810,1721,101,5,14,토
2022-05-14,수인선,야목,303,284,587,19,5,14,토
2022-05-14,수인선,사리,4239,3425,7664,814,5,14,토
2022-05-14,수인선,달월,74,61,135,13,5,14,토
2022-05-14,수인선,월곶,2427,2212,4639,215,5,14,토
2022-05-14,수인선,소래포구,7724,7697,15421,27,5,14,토
2022-05-14,수인선,인천논현,4955,5139,10094,-184,5,14,토
2022-05-14,수인선,호구포,2959,2804,5763,155,5,14,토
2022-05-14,수인선,남동인더스파크,1139,1074,2213,65,5,14,토
2022-05-14,수인선,원인재,4187,4271,8458,-84,5,14,토
2022-05-14,수인선,연수,4718,4689,9407,29,5,14,토
2022-05-14,수인선,송도,2448,2414,4862,34,5,14,토
2022-05-14,수인선,인하대,5319,4865,10184,454,5,14,토
2022-05-14,수인선,숭의,3177,2824,6001,353,5,14,토
2022-05-14,수인선,신포,1688,1787,3475,-99,5,14,토
2022-05-14,수인선,인천,1541,2560,4101,-1019,5,14,토
2022-05-14,안산선,산본,14520,15593,30113,-1073,5,14,토
2022-05-14,1호선,서울역,41604,41135,82739,469,5,14,토
2022-05-14,1호선,시청,14972,15357,30329,-385,5,14,토
2022-05-14,1호선,종각,23998,21694,45692,2304,5,14,토
2022-05-14,중앙선,지평,69,94,163,-25,5,14,토
2022-05-14,중앙선,용문,2862,3230,6092,-368,5,14,토
2022-05-14,중앙선,원덕,545,533,1078,12,5,14,토
2022-05-14,2호선,뚝섬,18116,18418,36534,-302,5,14,토
2022-05-14,2호선,성수,24905,28546,53451,-3641,5,14,토
2022-05-14,2호선,건대입구,42898,46648,89546,-3750,5,14,토
2022-05-14,2호선,구의(광진구청),18414,17398,35812,1016,5,14,토
2022-05-14,2호선,강변(동서울터미널),33059,32306,65365,753,5,14,토
2022-05-14,2호선,잠실나루,8825,8629,17454,196,5,14,토
2022-05-14,2호선,잠실(송파구청),76870,73746,150616,3124,5,14,토
2022-05-14,2호선,잠실새내,20439,21066,41505,-627,5,14,토
2022-05-14,2호선,종합운동장,16148,18938,35086,-2790,5,14,토
2022-05-14,2호선,삼성(무역센터),36574,36116,72690,458,5,14,토
2022-05-14,2호선,선릉,28053,24739,52792,3314,5,14,토
2022-05-14,2호선,역삼,21058,23333,44391,-2275,5,14,토
2022-05-14,2호선,강남,69464,71428,140892,-1964,5,14,토
2022-05-14,2호선,교대(법원.검찰청),20717,23558,44275,-2841,5,14,토
2022-05-14,2호선,서초,13595,11267,24862,2328,5,14,토
2022-05-14,2호선,방배,11642,11894,23536,-252,5,14,토
2022-05-14,2호선,사당,37850,43019,80869,-5169,5,14,토
2022-05-14,2호선,낙성대(강감찬),25012,22740,47752,2272,5,14,토
2022-05-14,2호선,서울대입구(관악구청),42712,40916,83628,1796,5,14,토
2022-05-14,2호선,봉천,18847,17017,35864,1830,5,14,토
2022-05-14,2호선,신림,56729,54171,110900,2558,5,14,토
2022-05-14,2호선,신대방,22673,21290,43963,1383,5,14,토
2022-05-14,2호선,구로디지털단지,37956,36873,74829,1083,5,14,토
2022-05-14,2호선,대림(구로구청),20164,21189,41353,-1025,5,14,토
2022-05-14,2호선,신도림,44852,45438,90290,-586,5,14,토
2022-05-14,2호선,문래,14491,15561,30052,-1070,5,14,토
2022-05-14,2호선,영등포구청,14380,15360,29740,-980,5,14,토
2022-05-14,2호선,당산,15227,16287,31514,-1060,5,14,토
2022-05-14,2호선,합정,34977,40935,75912,-5958,5,14,토
2022-05-14,2호선,홍대입구,79716,89438,169154,-9722,5,14,토
2022-05-14,2호선,신촌,36060,36221,72281,-161,5,14,토
2022-05-14,2호선,이대,12087,12316,24403,-229,5,14,토
2022-05-14,2호선,아현,8679,7882,16561,797,5,14,토
2022-05-14,2호선,충정로(경기대입구),6357,6765,13122,-408,5,14,토
2022-05-14,2호선,용답,2490,2214,4704,276,5,14,토
2022-05-14,2호선,신답,1204,1229,2433,-25,5,14,토
2022-05-14,2호선,신설동,3785,3747,7532,38,5,14,토
2022-05-14,2호선,도림천,844,812,1656,32,5,14,토
2022-05-14,2호선,양천구청,5332,5225,10557,107,5,14,토
2022-05-14,2호선,신정네거리,8691,8576,17267,115,5,14,토
2022-05-14,2호선,용두(동대문구청),1801,1807,3608,-6,5,14,토
2022-05-14,3호선,지축,4116,3679,7795,437,5,14,토
2022-05-14,3호선,구파발,17861,18324,36185,-463,5,14,토
2022-05-14,3호선,연신내,33052,31023,64075,2029,5,14,토
2022-05-14,3호선,불광,14440,16400,30840,-1960,5,14,토
2022-05-14,3호선,녹번,11898,10043,21941,1855,5,14,토
2022-05-14,3호선,홍제,15460,14238,29698,1222,5,14,토
2022-05-14,3호선,무악재,3057,3296,6353,-239,5,14,토
2022-05-14,3호선,독립문,7611,8718,16329,-1107,5,14,토
2022-05-14,3호선,경복궁(정부서울청사),28687,32765,61452,-4078,5,14,토
2022-05-14,3호선,안국,23162,24871,48033,-1709,5,14,토
2022-05-14,3호선,종로3가,7083,10519,17602,-3436,5,14,토
2022-05-14,3호선,을지로3가,6509,7452,13961,-943,5,14,토
2022-05-14,3호선,충무로,1,0,1,1,5,14,토
2022-05-14,3호선,동대입구,8310,9715,18025,-1405,5,14,토
2022-05-14,3호선,약수,10464,9914,20378,550,5,14,토
2022-05-14,3호선,금호,6596,5992,12588,604,5,14,토
2022-05-14,3호선,옥수,8453,8223,16676,230,5,14,토
2022-05-14,3호선,압구정,26998,29220,56218,-2222,5,14,토
2022-05-14,3호선,신사,30055,31392,61447,-1337,5,14,토
2022-05-14,3호선,잠원,4155,3913,8068,242,5,14,토
2022-05-14,3호선,고속터미널,61703,60529,122232,1174,5,14,토
2022-05-14,3호선,교대(법원.검찰청),8814,5468,14282,3346,5,14,토
2022-05-14,3호선,남부터미널(예술의전당),25517,25141,50658,376,5,14,토
2022-05-14,3호선,양재(서초구청),25464,27872,53336,-2408,5,14,토
2022-05-14,3호선,매봉,7241,6955,14196,286,5,14,토
2022-05-14,3호선,도곡,3934,4109,8043,-175,5,14,토
2022-05-14,3호선,대치,11410,10006,21416,1404,5,14,토
2022-05-14,3호선,학여울,11793,12435,24228,-642,5,14,토
2022-05-14,3호선,대청,6998,6458,13456,540,5,14,토
2022-05-14,3호선,일원,5905,5887,11792,18,5,14,토
2022-05-14,3호선,수서,15991,15557,31548,434,5,14,토
2022-05-14,3호선,가락시장,7090,6634,13724,456,5,14,토
2022-05-14,3호선,경찰병원,4716,4481,9197,235,5,14,토
2022-05-14,3호선,오금,4784,4601,9385,183,5,14,토
2022-05-14,4호선,당고개,8503,7861,16364,642,5,14,토
2022-05-14,4호선,상계,16258,14925,31183,1333,5,14,토
2022-05-14,4호선,노원,18310,20352,38662,-2042,5,14,토
2022-05-14,4호선,창동,22233,23081,45314,-848,5,14,토
2022-05-14,4호선,쌍문,24397,21388,45785,3009,5,14,토
2022-05-14,4호선,수유(강북구청),29994,29200,59194,794,5,14,토
2022-05-14,4호선,미아(서울사이버대학),12051,10995,23046,1056,5,14,토
2022-05-14,4호선,미아사거리,24703,23405,48108,1298,5,14,토
2022-05-14,4호선,길음,17368,16184,33552,1184,5,14,토
2022-05-14,4호선,성신여대입구(돈암),18969,17780,36749,1189,5,14,토
2022-05-14,4호선,한성대입구(삼선교),12558,12295,24853,263,5,14,토
2022-05-14,4호선,혜화,34900,35762,70662,-862,5,14,토
2022-05-14,4호선,동대문,15920,16108,32028,-188,5,14,토
2022-05-14,4호선,동대문역사문화공원(DDP),13575,11640,25215,1935,5,14,토
2022-05-14,4호선,충무로,15775,17501,33276,-1726,5,14,토
2022-05-14,4호선,명동,18227,20860,39087,-2633,5,14,토
2022-05-14,4호선,회현(남대문시장),21490,23036,44526,-1546,5,14,토
2022-05-14,4호선,서울역,6979,17651,24630,-10672,5,14,토
2022-05-14,4호선,숙대입구(갈월),11546,11074,22620,472,5,14,토
2022-05-14,4호선,삼각지,4558,6166,10724,-1608,5,14,토
2022-05-14,4호선,신용산,13598,14676,28274,-1078,5,14,토
2022-05-14,4호선,이촌(국립중앙박물관),10188,11283,21471,-1095,5,14,토
2022-05-14,4호선,동작(현충원),2028,2388,4416,-360,5,14,토
2022-05-14,4호선,총신대입구(이수),16508,17562,34070,-1054,5,14,토
2022-05-14,4호선,사당,26381,23328,49709,3053,5,14,토
2022-05-14,4호선,남태령,1386,825,2211,561,5,14,토
2022-05-14,5호선,방화,5432,5130,10562,302,5,14,토
2022-05-14,5호선,개화산,4170,4015,8185,155,5,14,토
2022-05-14,5호선,김포공항,8122,8548,16670,-426,5,14,토
2022-05-14,5호선,송정,5694,5310,11004,384,5,14,토
2022-05-14,5호선,마곡,6612,6651,13263,-39,5,14,토
2022-05-14,5호선,발산,15815,16940,32755,-1125,5,14,토
2022-05-14,5호선,우장산,11393,10855,22248,538,5,14,토
2022-05-14,5호선,화곡,22778,20598,43376,2180,5,14,토
2022-05-14,5호선,까치산,23717,21808,45525,1909,5,14,토
2022-05-14,5호선,신정(은행정),10183,8452,18635,1731,5,14,토
2022-05-14,5호선,목동,12719,12713,25432,6,5,14,토
2022-05-14,5호선,오목교(목동운동장앞),18193,18700,36893,-507,5,14,토
2022-05-14,5호선,양평,4299,3926,8225,373,5,14,토
2022-05-14,5호선,영등포구청,2287,2170,4457,117,5,14,토
2022-05-14,5호선,영등포시장,9345,9623,18968,-278,5,14,토
2022-05-14,5호선,신길,2973,2965,5938,8,5,14,토
2022-05-14,5호선,여의도,14273,14642,28915,-369,5,14,토
2022-05-14,5호선,여의나루,22594,25899,48493,-3305,5,14,토
2022-05-14,5호선,마포,8686,8791,17477,-105,5,14,토
2022-05-14,5호선,공덕,8480,8836,17316,-356,5,14,토
2022-05-14,5호선,애오개,4233,4135,8368,98,5,14,토
2022-05-14,5호선,충정로(경기대입구),2197,2037,4234,160,5,14,토
2022-05-14,5호선,서대문,8689,8210,16899,479,5,14,토
2022-05-14,5호선,광화문(세종문화회관),20032,20539,40571,-507,5,14,토
2022-05-14,5호선,종로3가,16153,16171,32324,-18,5,14,토
2022-05-14,5호선,을지로4가,3854,4617,8471,-763,5,14,토
2022-05-14,5호선,동대문역사문화공원(DDP),1072,1498,2570,-426,5,14,토
2022-05-14,5호선,청구,2803,2566,5369,237,5,14,토
2022-05-14,5호선,신금호,4820,4775,9595,45,5,14,토
2022-05-14,5호선,행당,6356,5444,11800,912,5,14,토
2022-05-14,5호선,왕십리(성동구청),3940,4985,8925,-1045,5,14,토
2022-05-14,5호선,마장,4444,4088,8532,356,5,14,토
2022-05-14,5호선,답십리,11448,10199,21647,1249,5,14,토
2022-05-14,5호선,장한평,12527,12130,24657,397,5,14,토
2022-05-14,5호선,군자(능동),9755,10874,20629,-1119,5,14,토
2022-05-14,5호선,아차산(어린이대공원후문),14868,14279,29147,589,5,14,토
2022-05-14,5호선,광나루(장신대),11779,10982,22761,797,5,14,토
2022-05-14,5호선,천호(풍납토성),19519,18581,38100,938,5,14,토
2022-05-14,5호선,강동,15074,13844,28918,1230,5,14,토
2022-05-14,5호선,길동,6591,6672,13263,-81,5,14,토
2022-05-14,5호선,굽은다리(강동구민회관앞),8085,7633,15718,452,5,14,토
2022-05-14,5호선,명일,7156,7109,14265,47,5,14,토
2022-05-14,5호선,고덕,7491,7327,14818,164,5,14,토
2022-05-14,5호선,상일동,10740,9661,20401,1079,5,14,토
2022-05-14,5호선,둔촌동,6986,6896,13882,90,5,14,토
2022-05-14,5호선,올림픽공원(한국체대),4757,4953,9710,-196,5,14,토
2022-05-14,5호선,방이,6540,6243,12783,297,5,14,토
2022-05-14,5호선,오금,2991,2833,5824,158,5,14,토
2022-05-14,5호선,개롱,4939,5104,10043,-165,5,14,토
2022-05-14,5호선,거여,7469,7074,14543,395,5,14,토
2022-05-14,5호선,마천,5553,5584,11137,-31,5,14,토
2022-05-14,5호선,강일,3475,3147,6622,328,5,14,토
2022-05-14,5호선,미사,14117,14022,28139,95,5,14,토
2022-05-14,5호선,하남풍산,3303,3178,6481,125,5,14,토
2022-05-14,5호선,하남시청(덕풍·신장),6774,6383,13157,391,5,14,토
2022-05-14,5호선,하남검단산,6256,6145,12401,111,5,14,토
2022-05-14,6호선,응암,14275,13807,28082,468,5,14,토
2022-05-14,6호선,역촌,3039,3478,6517,-439,5,14,토
2022-05-14,6호선,불광,4241,3839,8080,402,5,14,토
2022-05-14,6호선,독바위,2152,2323,4475,-171,5,14,토
2022-05-14,6호선,연신내,1,0,1,1,5,14,토
2022-05-14,6호선,구산,6192,4469,10661,1723,5,14,토
2022-05-14,6호선,새절(신사),9825,9146,18971,679,5,14,토
2022-05-14,6호선,증산(명지대앞),8329,7933,16262,396,5,14,토
2022-05-14,6호선,디지털미디어시티,8555,8708,17263,-153,5,14,토
2022-05-14,6호선,월드컵경기장(성산),5110,5315,10425,-205,5,14,토
2022-05-14,6호선,마포구청,10781,9226,20007,1555,5,14,토
2022-05-14,6호선,망원,15194,16994,32188,-1800,5,14,토
2022-05-14,6호선,합정,15628,14590,30218,1038,5,14,토
2022-05-14,6호선,상수,9986,12392,22378,-2406,5,14,토
2022-05-14,6호선,광흥창(서강),6062,5671,11733,391,5,14,토
2022-05-14,6호선,대흥(서강대앞),6633,6658,13291,-25,5,14,토
2022-05-14,6호선,공덕,11952,11293,23245,659,5,14,토
2022-05-14,6호선,효창공원앞,5436,4888,10324,548,5,14,토
2022-05-14,6호선,삼각지,7976,5879,13855,2097,5,14,토
2022-05-14,6호선,녹사평(용산구청),6819,7617,14436,-798,5,14,토
2022-05-14,6호선,이태원,18197,23212,41409,-5015,5,14,토
2022-05-14,6호선,한강진,11106,14243,25349,-3137,5,14,토
2022-05-14,6호선,버티고개,1688,1711,3399,-23,5,14,토
2022-05-14,6호선,약수,2831,2916,5747,-85,5,14,토
2022-05-14,6호선,청구,2651,2528,5179,123,5,14,토
2022-05-14,6호선,신당,7075,6583,13658,492,5,14,토
2022-05-14,6호선,동묘앞,8906,8614,17520,292,5,14,토
2022-05-14,6호선,창신,2328,1910,4238,418,5,14,토
2022-05-14,6호선,보문,6066,5177,11243,889,5,14,토
2022-05-14,6호선,안암(고대병원앞),9065,8396,17461,669,5,14,토
2022-05-14,6호선,고려대(종암),6403,6292,12695,111,5,14,토
2022-05-14,6호선,월곡(동덕여대),8572,8027,16599,545,5,14,토
2022-05-14,6호선,상월곡(한국과학기술연구원),4633,4075,8708,558,5,14,토
2022-05-14,6호선,돌곶이,6994,6312,13306,682,5,14,토
2022-05-14,6호선,석계,9898,9979,19877,-81,5,14,토
2022-05-14,6호선,태릉입구,6210,7154,13364,-944,5,14,토
2022-05-14,6호선,화랑대(서울여대입구),8358,6638,14996,1720,5,14,토
2022-05-14,6호선,봉화산(서울의료원),6087,5778,11865,309,5,14,토
2022-05-14,6호선,신내,1,0,1,1,5,14,토
2022-05-14,7호선,장암,1987,1426,3413,561,5,14,토
2022-05-14,7호선,도봉산,7756,10361,18117,-2605,5,14,토
2022-05-14,7호선,수락산,11801,11024,22825,777,5,14,토
2022-05-14,7호선,마들,10090,9300,19390,790,5,14,토
2022-05-14,7호선,노원,17899,18905,36804,-1006,5,14,토
2022-05-14,7호선,중계,10517,9166,19683,1351,5,14,토
2022-05-14,7호선,하계,14370,12828,27198,1542,5,14,토
2022-05-14,7호선,공릉(서울과학기술대),10368,9872,20240,496,5,14,토
2022-05-14,7호선,태릉입구,9919,9694,19613,225,5,14,토
2022-05-14,7호선,먹골,9130,8333,17463,797,5,14,토
2022-05-14,7호선,중화,8924,8419,17343,505,5,14,토
2022-05-14,7호선,상봉(시외버스터미널),15536,14664,30200,872,5,14,토
2022-05-14,7호선,면목,12481,11448,23929,1033,5,14,토
2022-05-14,7호선,사가정,13894,13145,27039,749,5,14,토
2022-05-14,7호선,용마산(용마폭포공원),5210,5342,10552,-132,5,14,토
2022-05-14,7호선,중곡,7760,7092,14852,668,5,14,토
2022-05-14,7호선,군자(능동),12488,9096,21584,3392,5,14,토
2022-05-14,7호선,어린이대공원(세종대),12408,12583,24991,-175,5,14,토
2022-05-14,7호선,건대입구,13098,14703,27801,-1605,5,14,토
2022-05-14,7호선,뚝섬유원지,16745,16493,33238,252,5,14,토
2022-05-14,7호선,청담,12737,13731,26468,-994,5,14,토
2022-05-14,7호선,강남구청,10931,12340,23271,-1409,5,14,토
2022-05-14,7호선,학동,11914,12611,24525,-697,5,14,토
2022-05-14,7호선,논현,12394,13714,26108,-1320,5,14,토
2022-05-14,7호선,반포,5097,4829,9926,268,5,14,토
2022-05-14,7호선,고속터미널,18122,13466,31588,4656,5,14,토
2022-05-14,7호선,내방,8785,8899,17684,-114,5,14,토
2022-05-14,7호선,이수,13786,13154,26940,632,5,14,토
2022-05-14,7호선,남성,8734,7798,16532,936,5,14,토
2022-05-14,7호선,숭실대입구(살피재),10446,10030,20476,416,5,14,토
2022-05-14,7호선,상도,9066,8075,17141,991,5,14,토
2022-05-14,7호선,장승배기,7562,6979,14541,583,5,14,토
2022-05-14,7호선,신대방삼거리,13088,11903,24991,1185,5,14,토
2022-05-14,7호선,보라매,7456,7209,14665,247,5,14,토
2022-05-14,7호선,신풍,9062,8583,17645,479,5,14,토
2022-05-14,7호선,대림(구로구청),7756,8416,16172,-660,5,14,토
2022-05-14,7호선,남구로,8786,8945,17731,-159,5,14,토
2022-05-14,7호선,가산디지털단지,16448,15029,31477,1419,5,14,토
2022-05-14,7호선,철산,17213,17473,34686,-260,5,14,토
2022-05-14,7호선,광명사거리,18768,18292,37060,476,5,14,토
2022-05-14,7호선,천왕,7800,7289,15089,511,5,14,토
2022-05-14,7호선,온수(성공회대입구),6198,6164,12362,34,5,14,토
2022-05-14,7호선,굴포천,1,0,1,1,5,14,토
2022-05-14,8호선,암사,14112,12648,26760,1464,5,14,토
2022-05-14,8호선,천호(풍납토성),13273,16242,29515,-2969,5,14,토
2022-05-14,8호선,강동구청,7017,6841,13858,176,5,14,토
2022-05-14,8호선,몽촌토성(평화의문),5273,5294,10567,-21,5,14,토
2022-05-14,8호선,잠실(송파구청),14160,16835,30995,-2675,5,14,토
2022-05-14,8호선,석촌,6691,8275,14966,-1584,5,14,토
2022-05-14,8호선,송파,6726,6565,13291,161,5,14,토
2022-05-14,8호선,가락시장,5874,6055,11929,-181,5,14,토
2022-05-14,8호선,문정,9787,9900,19687,-113,5,14,토
2022-05-14,8호선,장지,13620,12443,26063,1177,5,14,토
2022-05-14,8호선,복정,7185,6005,13190,1180,5,14,토
2022-05-14,8호선,산성,4942,4849,9791,93,5,14,토
2022-05-14,8호선,남한산성입구(성남법원.검찰청),10930,9467,20397,1463,5,14,토
2022-05-14,8호선,단대오거리,9233,8447,17680,786,5,14,토
2022-05-14,8호선,신흥,3993,4193,8186,-200,5,14,토
2022-05-14,8호선,수진,4860,4279,9139,581,5,14,토
2022-05-14,8호선,모란,6476,5625,12101,851,5,14,토
2022-05-14,8호선,남위례,4187,4256,8443,-69,5,14,토
2022-05-14,9호선,개화,1674,1370,3044,304,5,14,토
2022-05-14,9호선,김포공항,8718,13064,21782,-4346,5,14,토
2022-05-14,9호선,공항시장,2485,2537,5022,-52,5,14,토
2022-05-14,9호선,신방화,5062,4735,9797,327,5,14,토
2022-05-14,9호선,마곡나루(서울식물원),9671,9475,19146,196,5,14,토
2022-05-14,9호선,양천향교,6816,6438,13254,378,5,14,토
2022-05-14,9호선,가양,15926,15126,31052,800,5,14,토
2022-05-14,9호선,증미,4518,4160,8678,358,5,14,토
2022-05-14,9호선,등촌,8055,7449,15504,606,5,14,토
2022-05-14,9호선,염창,13488,12173,25661,1315,5,14,토
2022-05-14,9호선,신목동,2757,2259,5016,498,5,14,토
2022-05-14,9호선,선유도,4932,4595,9527,337,5,14,토
2022-05-14,9호선,당산,15148,14064,29212,1084,5,14,토
2022-05-14,9호선,국회의사당,4854,5035,9889,-181,5,14,토
2022-05-14,9호선,여의도,15578,14569,30147,1009,5,14,토
2022-05-14,9호선,샛강,2995,3098,6093,-103,5,14,토
2022-05-14,9호선,노량진,24017,23067,47084,950,5,14,토
2022-05-14,9호선,노들,3912,3398,7310,514,5,14,토
2022-05-14,9호선,흑석(중앙대입구),7038,6821,13859,217,5,14,토
2022-05-14,9호선,동작(현충원),2145,1729,3874,416,5,14,토
2022-05-14,9호선,구반포,1207,1285,2492,-78,5,14,토
2022-05-14,9호선,신반포,3640,3834,7474,-194,5,14,토
2022-05-14,9호선,고속터미널,17602,24653,42255,-7051,5,14,토
2022-05-14,9호선,사평,2639,2370,5009,269,5,14,토
2022-05-14,9호선,신논현,30498,30315,60813,183,5,14,토
2022-05-14,9호선2~3단계,언주,6927,7114,14041,-187,5,14,토
2022-05-14,9호선2~3단계,선정릉,5270,6134,11404,-864,5,14,토
2022-05-14,9호선2~3단계,삼성중앙,3470,3686,7156,-216,5,14,토
2022-05-14,9호선2~3단계,봉은사,14850,15767,30617,-917,5,14,토
2022-05-14,9호선2~3단계,종합운동장,4009,3424,7433,585,5,14,토
2022-05-14,9호선2~3단계,삼전,5515,4990,10505,525,5,14,토
2022-05-14,9호선2~3단계,석촌고분,4724,4489,9213,235,5,14,토
2022-05-14,9호선2~3단계,석촌,7851,6469,14320,1382,5,14,토
2022-05-14,9호선2~3단계,송파나루,4604,5014,9618,-410,5,14,토
2022-05-14,9호선2~3단계,한성백제,2282,2080,4362,202,5,14,토
2022-05-14,9호선2~3단계,올림픽공원(한국체대),11225,10585,21810,640,5,14,토
2022-05-14,9호선2~3단계,둔촌오륜,746,712,1458,34,5,14,토
2022-05-14,9호선2~3단계,중앙보훈병원,5698,5267,10965,431,5,14,토
2022-05-14,경강선,판교,3762,3581,7343,181,5,14,토
2022-05-14,경강선,이매,961,795,1756,166,5,14,토
2022-05-14,경강선,삼동,1817,1654,3471,163,5,14,토
2022-05-14,경강선,경기광주,6788,6168,12956,620,5,14,토
2022-05-14,경강선,초월,2724,2466,5190,258,5,14,토
2022-05-14,경강선,곤지암,2380,2413,4793,-33,5,14,토
2022-05-14,경강선,신둔도예촌,1524,1406,2930,118,5,14,토
2022-05-14,경강선,이천,3259,3345,6604,-86,5,14,토
2022-05-14,경강선,부발,2449,2053,4502,396,5,14,토
2022-05-14,경강선,세종대왕릉,383,459,842,-76,5,14,토
2022-05-14,경강선,여주,3053,3375,6428,-322,5,14,토
2022-05-14,경부선,서울역,9956,2640,12596,7316,5,14,토
2022-05-14,경부선,남영,6778,6937,13715,-159,5,14,토
2022-05-14,경부선,용산,44320,46819,91139,-2499,5,14,토
2022-05-14,경부선,노량진,9592,8818,18410,774,5,14,토
2022-05-14,경부선,대방,9701,9615,19316,86,5,14,토
2022-05-14,경부선,영등포,45768,47895,93663,-2127,5,14,토
2022-05-14,경부선,신도림,3164,3461,6625,-297,5,14,토
2022-05-14,경부선,신길,6930,5933,12863,997,5,14,토
2022-05-14,경부선,구로,14546,15292,29838,-746,5,14,토
2022-05-14,경부선,가산디지털단지,7325,9449,16774,-2124,5,14,토
2022-05-14,경부선,금천구청,9884,9927,19811,-43,5,14,토
2022-05-14,경부선,석수,8038,7493,15531,545,5,14,토
2022-05-14,경부선,관악,7190,6785,13975,405,5,14,토
2022-05-14,경부선,안양,21231,21080,42311,151,5,14,토
2022-05-14,경부선,명학,5988,5706,11694,282,5,14,토
2022-05-14,경부선,금정,22236,21886,44122,350,5,14,토
2022-05-14,경부선,군포,4894,4455,9349,439,5,14,토
2022-05-14,경부선,의왕,7266,6964,14230,302,5,14,토
2022-05-14,경부선,성균관대,12482,12370,24852,112,5,14,토
2022-05-14,경부선,화서,6887,6920,13807,-33,5,14,토
2022-05-14,경부선,수원,45614,49998,95612,-4384,5,14,토
2022-05-14,경부선,독산,10341,9915,20256,426,5,14,토
2022-05-14,경부선,세류,2919,2934,5853,-15,5,14,토
2022-05-14,경부선,병점,15044,14643,29687,401,5,14,토
2022-05-14,경부선,세마,2655,2392,5047,263,5,14,토
2022-05-14,경부선,오산대,3911,3533,7444,378,5,14,토
2022-05-14,경부선,오산,10953,10245,21198,708,5,14,토
2022-05-14,경부선,진위,1280,1035,2315,245,5,14,토
2022-05-14,경부선,송탄,5780,5115,10895,665,5,14,토
2022-05-14,경부선,서정리,8214,6841,15055,1373,5,14,토
2022-05-14,경부선,평택지제,3784,3418,7202,366,5,14,토
2022-05-14,경부선,평택,16208,15537,31745,671,5,14,토
2022-05-14,경부선,성환,3692,3282,6974,410,5,14,토
2022-05-14,경부선,직산,842,794,1636,48,5,14,토
2022-05-14,경부선,두정,6667,6699,13366,-32,5,14,토
2022-05-14,경부선,천안,8269,8426,16695,-157,5,14,토
2022-05-14,경부선,당정,4783,4533,9316,250,5,14,토
2022-05-14,경부선,서동탄,1190,1205,2395,-15,5,14,토
2022-05-14,경부선,광명,3446,3046,6492,400,5,14,토
2022-05-14,경원선,이촌(국립중앙박물관),3900,2799,6699,1101,5,14,토
2022-05-14,경원선,서빙고,2070,2259,4329,-189,5,14,토
2022-05-14,경원선,한남,3353,3440,6793,-87,5,14,토
2022-05-14,경원선,옥수,43,38,81,5,5,14,토
2022-05-14,경원선,응봉,1690,1521,3211,169,5,14,토
2022-05-14,경원선,왕십리(성동구청),14719,16429,31148,-1710,5,14,토
2022-05-14,경원선,청량리(서울시립대입구),19343,19557,38900,-214,5,14,토
2022-05-14,경원선,외대앞,7358,6702,14060,656,5,14,토
2022-05-14,경원선,신이문,6919,6067,12986,852,5,14,토
2022-05-14,경원선,석계,7680,7914,15594,-234,5,14,토
2022-05-14,경원선,광운대,6229,6168,12397,61,5,14,토
2022-05-14,경원선,월계,5340,4827,10167,513,5,14,토
2022-05-14,경원선,녹천,3779,3100,6879,679,5,14,토
2022-05-14,경원선,창동,3,0,3,3,5,14,토
2022-05-14,경원선,방학,8433,7965,16398,468,5,14,토
2022-05-14,경원선,도봉,5063,4768,9831,295,5,14,토
2022-05-14,경원선,도봉산,10622,7429,18051,3193,5,14,토
2022-05-14,경원선,망월사,6708,6832,13540,-124,5,14,토
2022-05-14,경원선,회룡,11555,11462,23017,93,5,14,토
2022-05-14,경원선,의정부,20511,21677,42188,-1166,5,14,토
2022-05-14,경원선,가능,6124,5596,11720,528,5,14,토
2022-05-14,경원선,녹양,4116,3906,8022,210,5,14,토
2022-05-14,경원선,양주,7786,7253,15039,533,5,14,토
2022-05-14,경원선,덕계,2996,2599,5595,397,5,14,토
2022-05-14,경원선,지행,7317,7218,14535,99,5,14,토
2022-05-14,경원선,동두천중앙,3069,3025,6094,44,5,14,토
2022-05-14,경원선,보산,2176,1942,4118,234,5,14,토
2022-05-14,경원선,동두천,2015,2492,4507,-477,5,14,토
2022-05-14,경원선,소요산,4768,4170,8938,598,5,14,토
2022-05-14,경의선,서울역,1766,1815,3581,-49,5,14,토
2022-05-14,경의선,신촌,379,453,832,-74,5,14,토
2022-05-14,경의선,효창공원앞,2077,2235,4312,-158,5,14,토
2022-05-14,경의선,공덕,3251,2557,5808,694,5,14,토
2022-05-14,경의선,서강대,1999,2051,4050,-52,5,14,토
2022-05-14,경의선,홍대입구,2470,3327,5797,-857,5,14,토
2022-05-14,경의선,가좌,4666,4327,8993,339,5,14,토
2022-05-14,경의선,디지털미디어시티,2422,2118,4540,304,5,14,토
2022-05-14,경의선,수색,1907,1788,3695,119,5,14,토
2022-05-14,경의선,화전,1522,1397,2919,125,5,14,토
2022-05-14,경의선,강매,2399,2212,4611,187,5,14,토
2022-05-14,경의선,행신,6376,6368,12744,8,5,14,토
2022-05-14,경의선,능곡,3387,3214,6601,173,5,14,토
2022-05-14,경의선,곡산,513,465,978,48,5,14,토
2022-05-14,경의선,백마,5521,5055,10576,466,5,14,토
2022-05-14,경의선,풍산,5073,4862,9935,211,5,14,토
2022-05-14,경의선,일산,7372,6864,14236,508,5,14,토
2022-05-14,경의선,탄현,6440,5895,12335,545,5,14,토
2022-05-14,경의선,야당,7619,7720,15339,-101,5,14,토
2022-05-14,경의선,운정,6018,5477,11495,541,5,14,토
2022-05-14,경의선,금릉,4812,4542,9354,270,5,14,토
2022-05-14,경의선,금촌,6640,6261,12901,379,5,14,토
2022-05-14,경의선,월롱,2223,1822,4045,401,5,14,토
2022-05-14,경의선,파주,1099,806,1905,293,5,14,토
2022-05-14,경의선,문산,6032,5809,11841,223,5,14,토
2022-05-14,경의선,임진강,114,92,206,22,5,14,토
2022-05-14,경의선,계양,1,0,1,1,5,14,토
2022-05-14,경인선,개봉,18423,17722,36145,701,5,14,토
2022-05-14,경인선,오류동,10417,9041,19458,1376,5,14,토
2022-05-14,경인선,역곡,23589,22800,46389,789,5,14,토
2022-05-14,경인선,부천,32579,33818,66397,-1239,5,14,토
2022-05-14,경인선,송내,21337,20684,42021,653,5,14,토
2022-05-14,경인선,부평,32647,36795,69442,-4148,5,14,토
2022-05-14,경인선,백운,6391,6252,12643,139,5,14,토
2022-05-14,경인선,동암,14209,14160,28369,49,5,14,토
2022-05-14,경인선,주안,18768,16367,35135,2401,5,14,토
2022-05-14,경인선,제물포,8607,8096,16703,511,5,14,토
2022-05-14,경인선,동인천,13815,13611,27426,204,5,14,토
2022-05-14,경인선,인천,5907,5101,11008,806,5,14,토
2022-05-14,경인선,구일,5375,5160,10535,215,5,14,토
2022-05-14,경인선,소사,8754,8200,16954,554,5,14,토
2022-05-14,경인선,부개,7300,6800,14100,500,5,14,토
2022-05-14,경인선,간석,5163,4928,10091,235,5,14,토
2022-05-14,경인선,도원,2359,2340,4699,19,5,14,토
2022-05-14,경인선,온수(성공회대입구),5619,5147,10766,472,5,14,토
2022-05-14,경인선,중동,7716,7119,14835,597,5,14,토
2022-05-14,경인선,도화,3590,3328,6918,262,5,14,토
2022-05-14,경춘선,신내,1527,1451,2978,76,5,14,토
2022-05-14,경춘선,갈매,2323,1987,4310,336,5,14,토
2022-05-14,경춘선,별내,2773,2548,5321,225,5,14,토
2022-05-14,경춘선,퇴계원,3092,2751,5843,341,5,14,토
2022-05-14,경춘선,사릉,2097,2009,4106,88,5,14,토
2022-05-14,경춘선,금곡,1385,1239,2624,146,5,14,토
2022-05-14,경춘선,평내호평,5742,5458,11200,284,5,14,토
2022-05-14,경춘선,천마산,1606,1597,3203,9,5,14,토
2022-05-15,9호선,샛강,2013,1893,3906,120,5,15,일
2022-05-15,중앙선,지평,75,58,133,17,5,15,일
2022-05-15,중앙선,용문,5381,4654,10035,727,5,15,일
2022-05-15,중앙선,원덕,529,459,988,70,5,15,일
2022-05-15,중앙선,양평,2918,2617,5535,301,5,15,일
2022-05-15,중앙선,오빈,304,261,565,43,5,15,일
2022-05-15,중앙선,아신,616,561,1177,55,5,15,일
2022-05-15,중앙선,국수,759,661,1420,98,5,15,일
2022-05-15,중앙선,신원,453,263,716,190,5,15,일
2022-05-15,중앙선,양수,2381,2115,4496,266,5,15,일
2022-05-15,중앙선,운길산,1620,1526,3146,94,5,15,일
2022-05-15,중앙선,팔당,1762,1841,3603,-79,5,15,일
2022-05-15,중앙선,도심,1543,1366,2909,177,5,15,일
2022-05-15,중앙선,덕소,4100,4214,8314,-114,5,15,일
2022-05-15,중앙선,양정,629,472,1101,157,5,15,일
2022-05-15,중앙선,도농,6356,6269,12625,87,5,15,일
2022-05-15,중앙선,구리,9188,9590,18778,-402,5,15,일
2022-05-15,중앙선,양원,1635,1676,3311,-41,5,15,일
2022-05-15,중앙선,망우,5873,5889,11762,-16,5,15,일
2022-05-15,중앙선,상봉(시외버스터미널),4462,4781,9243,-319,5,15,일
2022-05-15,중앙선,중랑,4160,4002,8162,158,5,15,일
2022-05-15,중앙선,회기,18335,18751,37086,-416,5,15,일
2022-05-15,장항선,신창(순천향대),1286,2413,3699,-1127,5,15,일
2022-05-15,장항선,온양온천,3966,4074,8040,-108,5,15,일
2022-05-15,장항선,배방,968,1137,2105,-169,5,15,일
2022-05-15,장항선,탕정,584,719,1303,-135,5,15,일
2022-05-15,장항선,아산,4721,3040,7761,1681,5,15,일
2022-05-15,장항선,쌍용(나사렛대),1521,1732,3253,-211,5,15,일
2022-05-15,장항선,봉명,694,688,1382,6,5,15,일
2022-05-15,일산선,대화,10727,9765,20492,962,5,15,일
2022-05-15,일산선,주엽,5498,5403,10901,95,5,15,일
2022-05-15,일산선,정발산,6803,6740,13543,63,5,15,일
2022-05-15,일산선,마두,4083,4183,8266,-100,5,15,일
2022-05-15,일산선,백석,6518,6325,12843,193,5,15,일
2022-05-15,일산선,대곡,1265,1130,2395,135,5,15,일
2022-05-15,일산선,화정,11338,11369,22707,-31,5,15,일
2022-05-15,일산선,원당,7348,7042,14390,306,5,15,일
2022-05-15,일산선,삼송,12937,12415,25352,522,5,15,일
2022-05-15,일산선,원흥,6376,6156,12532,220,5,15,일
2022-05-15,우이신설선,신설동,1320,1344,2664,-24,5,15,일
2022-05-15,우이신설선,보문,1118,1111,2229,7,5,15,일
2022-05-15,우이신설선,성신여대입구(돈암),2444,2914,5358,-470,5,15,일
2022-05-15,우이신설선,정릉,3296,2689,5985,607,5,15,일
2022-05-15,우이신설선,북한산보국문,4391,4002,8393,389,5,15,일
2022-05-15,우이신설선,솔샘,3368,3210,6578,158,5,15,일
2022-05-15,우이신설선,삼양사거리,1726,1741,3467,-15,5,15,일
2022-05-15,우이신설선,삼양,1318,1386,2704,-68,5,15,일
2022-05-15,우이신설선,화계,2472,2253,4725,219,5,15,일
2022-05-15,우이신설선,가오리,2895,2867,5762,28,5,15,일
2022-05-15,우이신설선,4.19민주묘지,2571,2164,4735,407,5,15,일
2022-05-15,우이신설선,솔밭공원,1672,1577,3249,95,5,15,일
2022-05-15,우이신설선,북한산우이,4107,3913,8020,194,5,15,일
2022-05-15,안산선,오이도,7474,6994,14468,480,5,15,일
2022-05-15,안산선,정왕,6206,6812,13018,-606,5,15,일
2022-05-15,안산선,신길온천,1532,1386,2918,146,5,15,일
2022-05-15,안산선,안산,11417,10515,21932,902,5,15,일
2022-05-15,안산선,초지,2983,2941,5924,42,5,15,일
2022-05-15,안산선,고잔,5285,5211,10496,74,5,15,일
2022-05-15,안산선,중앙,14082,13956,28038,126,5,15,일
2022-05-15,안산선,한대앞,6333,6546,12879,-213,5,15,일
2022-05-15,안산선,상록수,10714,10702,21416,12,5,15,일
2022-05-15,안산선,반월,3030,2905,5935,125,5,15,일
2022-05-15,안산선,대야미,3728,3411,7139,317,5,15,일
2022-05-15,안산선,산본,10466,11036,21502,-570,5,15,일
2022-05-15,수인선,인천,1372,2137,3509,-765,5,15,일
2022-05-15,수인선,신포,1353,1308,2661,45,5,15,일
2022-05-15,수인선,숭의,2261,2039,4300,222,5,15,일
2022-05-15,수인선,인하대,3831,3786,7617,45,5,15,일
2022-05-15,수인선,송도,1835,1857,3692,-22,5,15,일
2022-05-15,수인선,연수,3788,3706,7494,82,5,15,일
2022-05-15,수인선,원인재,3354,3380,6734,-26,5,15,일
2022-05-15,수인선,남동인더스파크,639,675,1314,-36,5,15,일
2022-05-15,수인선,호구포,2303,2297,4600,6,5,15,일
2022-05-15,수인선,인천논현,3291,3487,6778,-196,5,15,일
2022-05-15,수인선,소래포구,6764,6621,13385,143,5,15,일
2022-05-15,수인선,월곶,1984,1819,3803,165,5,15,일
2022-05-15,수인선,달월,53,62,115,-9,5,15,일
2022-05-15,수인선,사리,3133,2689,5822,444,5,15,일
2022-05-15,수인선,야목,267,212,479,55,5,15,일
2022-05-15,수인선,어천,704,799,1503,-95,5,15,일
2022-05-15,수인선,오목천,1776,1835,3611,-59,5,15,일
2022-05-15,수인선,고색,1938,1979,3917,-41,5,15,일
2022-05-15,분당선,매교,1692,1713,3405,-21,5,15,일
2022-05-15,분당선,수원시청,8536,8414,16950,122,5,15,일
2022-05-15,분당선,매탄권선,3018,3036,6054,-18,5,15,일
2022-05-15,분당선,망포,7470,7841,15311,-371,5,15,일
2022-05-15,분당선,영통,5773,5872,11645,-99,5,15,일
2022-05-15,분당선,청명,2361,2535,4896,-174,5,15,일
2022-05-15,분당선,상갈,3224,3360,6584,-136,5,15,일
2022-05-15,분당선,기흥,6780,6463,13243,317,5,15,일
2022-05-15,분당선,신갈,2440,2506,4946,-66,5,15,일
2022-05-15,분당선,구성,2975,3184,6159,-209,5,15,일
2022-05-15,분당선,죽전,9172,10305,19477,-1133,5,15,일
2022-05-15,분당선,보정,1334,1233,2567,101,5,15,일
2022-05-15,분당선,이매,3726,3826,7552,-100,5,15,일
2022-05-15,분당선,오리,6042,5224,11266,818,5,15,일
2022-05-15,분당선,미금,8443,8942,17385,-499,5,15,일
2022-05-15,분당선,정자,8569,8887,17456,-318,5,15,일
2022-05-15,분당선,수내,6948,6434,13382,514,5,15,일
2022-05-15,분당선,서현,16312,16444,32756,-132,5,15,일
2022-05-15,분당선,야탑,15907,16459,32366,-552,5,15,일
2022-05-15,분당선,모란,12667,13182,25849,-515,5,15,일
2022-05-15,분당선,태평,9052,8512,17564,540,5,15,일
2022-05-15,분당선,가천대,4757,5655,10412,-898,5,15,일
2022-05-15,분당선,선정릉,2410,2522,4932,-112,5,15,일
2022-05-15,분당선,강남구청,3654,4485,8139,-831,5,15,일
2022-05-15,분당선,압구정로데오,12388,13617,26005,-1229,5,15,일
2022-05-15,분당선,서울숲,9768,10409,20177,-641,5,15,일
2022-05-15,분당선,수원,6867,5581,12448,1286,5,15,일
2022-05-15,분당선,수서,9497,9237,18734,260,5,15,일
2022-05-15,분당선,대모산입구,2544,2476,5020,68,5,15,일
2022-05-15,분당선,개포동,2410,2392,4802,18,5,15,일
2022-05-15,분당선,구룡,964,1061,2025,-97,5,15,일
2022-05-15,분당선,도곡,3329,3106,6435,223,5,15,일
2022-05-15,분당선,한티,9622,9217,18839,405,5,15,일
2022-05-15,분당선,선릉,3316,4926,8242,-1610,5,15,일
2022-05-15,과천선,범계,17717,17061,34778,656,5,15,일
2022-05-15,과천선,평촌,7336,7057,14393,279,5,15,일
2022-05-15,과천선,인덕원,15013,15048,30061,-35,5,15,일
2022-05-15,과천선,정부과천청사,5273,5340,10613,-67,5,15,일
2022-05-15,과천선,과천,4410,4114,8524,296,5,15,일
2022-05-15,과천선,대공원,8400,8375,16775,25,5,15,일
2022-05-15,과천선,경마공원,17037,17502,34539,-465,5,15,일
2022-05-15,과천선,선바위,5107,4555,9662,552,5,15,일
2022-05-15,공항철도 1호선,영종,3144,3088,6232,56,5,15,일
2022-05-15,공항철도 1호선,인천공항2터미널,3172,2669,5841,503,5,15,일
2022-05-15,공항철도 1호선,인천공항1터미널,6105,5488,11593,617,5,15,일
2022-05-15,공항철도 1호선,공항화물청사,1247,1295,2542,-48,5,15,일
2022-05-15,공항철도 1호선,운서,6143,6512,12655,-369,5,15,일
2022-05-15,공항철도 1호선,청라국제도시,4058,3797,7855,261,5,15,일
2022-05-15,공항철도 1호선,검암,4092,4377,8469,-285,5,15,일
2022-05-15,공항철도 1호선,계양,6455,6176,12631,279,5,15,일
2022-05-15,공항철도 1호선,김포공항,12402,6194,18596,6208,5,15,일
2022-05-15,공항철도 1호선,마곡나루(서울식물원),2963,3406,6369,-443,5,15,일
2022-05-15,공항철도 1호선,디지털미디어시티,4123,4346,8469,-223,5,15,일
2022-05-15,공항철도 1호선,홍대입구,12658,11193,23851,1465,5,15,일
2022-05-15,공항철도 1호선,공덕,1322,1876,3198,-554,5,15,일
2022-05-15,공항철도 1호선,서울역,9681,9323,19004,358,5,15,일
2022-05-15,경춘선,춘천,2506,2053,4559,453,5,15,일
2022-05-15,경춘선,남춘천,2919,3559,6478,-640,5,15,일
2022-05-15,경춘선,김유정,684,712,1396,-28,5,15,일
2022-05-15,경춘선,강촌,1367,782,2149,585,5,15,일
2022-05-15,경춘선,백양리,173,97,270,76,5,15,일
2022-05-15,경춘선,굴봉산,260,219,479,41,5,15,일
2022-05-15,경춘선,가평,3290,1910,5200,1380,5,15,일
2022-05-15,경춘선,상천,747,524,1271,223,5,15,일
2022-05-15,경춘선,청평,2734,1684,4418,1050,5,15,일
2022-05-15,경춘선,대성리,3459,854,4313,2605,5,15,일
2022-05-15,경춘선,마석,3316,3242,6558,74,5,15,일
2022-05-15,경춘선,천마산,1298,1242,2540,56,5,15,일
2022-05-15,경춘선,평내호평,4020,3827,7847,193,5,15,일
2022-05-15,경춘선,금곡,1041,1068,2109,-27,5,15,일
2022-05-15,경춘선,사릉,1633,1623,3256,10,5,15,일
2022-05-15,경춘선,퇴계원,2370,2245,4615,125,5,15,일
2022-05-15,경춘선,별내,2132,2046,4178,86,5,15,일
2022-05-15,경춘선,갈매,1767,1547,3314,220,5,15,일
2022-05-15,경춘선,신내,1203,1264,2467,-61,5,15,일
2022-05-15,경인선,도화,2640,2578,5218,62,5,15,일
2022-05-15,경인선,중동,5643,5281,10924,362,5,15,일
2022-05-15,경인선,온수(성공회대입구),4341,4120,8461,221,5,15,일
2022-05-15,경인선,도원,1874,1877,3751,-3,5,15,일
2022-05-15,경인선,간석,3527,3312,6839,215,5,15,일
2022-05-15,경인선,부개,5389,5055,10444,334,5,15,일
2022-05-15,경인선,소사,6489,6207,12696,282,5,15,일
2022-05-15,경인선,구일,3782,3712,7494,70,5,15,일
2022-05-15,경인선,인천,5582,4491,10073,1091,5,15,일
2022-05-15,경인선,동인천,11027,10621,21648,406,5,15,일
2022-05-15,경인선,제물포,6194,6090,12284,104,5,15,일
2022-05-15,경인선,주안,13603,12251,25854,1352,5,15,일
2022-05-15,경인선,동암,10836,10621,21457,215,5,15,일
2022-05-15,경인선,백운,4689,4551,9240,138,5,15,일
2022-05-15,경인선,부평,25523,25978,51501,-455,5,15,일
2022-05-15,경인선,송내,15246,14977,30223,269,5,15,일
2022-05-15,경인선,부천,25097,24984,50081,113,5,15,일
2022-05-15,경인선,역곡,16761,16673,33434,88,5,15,일
2022-05-15,경인선,오류동,7836,7401,15237,435,5,15,일
2022-05-15,경인선,개봉,13284,13106,26390,178,5,15,일
2022-05-15,경의선,계양,1,0,1,1,5,15,일
2022-05-15,경의선,임진강,133,96,229,37,5,15,일
2022-05-15,경의선,문산,4197,4335,8532,-138,5,15,일
2022-05-15,경의선,파주,762,757,1519,5,5,15,일
2022-05-15,경의선,월롱,1258,2357,3615,-1099,5,15,일
2022-05-15,경의선,금촌,5005,5333,10338,-328,5,15,일
2022-05-15,경의선,금릉,3520,3576,7096,-56,5,15,일
2022-05-15,경의선,운정,4329,4139,8468,190,5,15,일
2022-05-15,경의선,야당,5566,5461,11027,105,5,15,일
2022-05-15,경의선,탄현,4839,4459,9298,380,5,15,일
2022-05-15,경의선,일산,5497,5299,10796,198,5,15,일
2022-05-15,경의선,풍산,4069,3758,7827,311,5,15,일
2022-05-15,경의선,백마,4024,3819,7843,205,5,15,일
2022-05-15,경의선,곡산,408,399,807,9,5,15,일
2022-05-15,경의선,능곡,2557,2462,5019,95,5,15,일
2022-05-15,경의선,행신,5421,4991,10412,430,5,15,일
2022-05-15,경의선,강매,1909,1806,3715,103,5,15,일
2022-05-15,경의선,화전,1048,1084,2132,-36,5,15,일
2022-05-15,경의선,수색,1085,1180,2265,-95,5,15,일
2022-05-15,경의선,디지털미디어시티,1777,1718,3495,59,5,15,일
2022-05-15,경의선,가좌,3294,3287,6581,7,5,15,일
2022-05-15,경의선,홍대입구,2024,2533,4557,-509,5,15,일
2022-05-15,경의선,서강대,1534,1620,3154,-86,5,15,일
2022-05-15,경의선,공덕,2314,1902,4216,412,5,15,일
2022-05-15,경의선,효창공원앞,1609,1824,3433,-215,5,15,일
2022-05-15,경의선,신촌,290,361,651,-71,5,15,일
2022-05-15,경의선,서울역,1338,1274,2612,64,5,15,일
2022-05-15,경원선,소요산,4845,4040,8885,805,5,15,일
2022-05-15,경원선,동두천,1517,2156,3673,-639,5,15,일
2022-05-15,경원선,보산,1500,1634,3134,-134,5,15,일
2022-05-15,경원선,동두천중앙,2697,2626,5323,71,5,15,일
2022-05-15,경원선,지행,5144,5120,10264,24,5,15,일
2022-05-15,경원선,덕정,3907,4124,8031,-217,5,15,일
2022-05-15,경원선,덕계,2256,2140,4396,116,5,15,일
2022-05-15,경원선,양주,5856,5874,11730,-18,5,15,일
2022-05-15,경원선,녹양,3231,2986,6217,245,5,15,일
2022-05-15,경원선,가능,4635,4339,8974,296,5,15,일
2022-05-15,경원선,의정부,16151,16472,32623,-321,5,15,일
2022-05-15,경원선,회룡,8772,8790,17562,-18,5,15,일
2022-05-15,경원선,망월사,5131,5304,10435,-173,5,15,일
2022-05-15,경원선,도봉산,10177,7532,17709,2645,5,15,일
2022-05-15,경원선,도봉,4095,3786,7881,309,5,15,일
2022-05-15,경원선,방학,6913,6552,13465,361,5,15,일
2022-05-15,경원선,창동,3,0,3,3,5,15,일
2022-05-15,경원선,녹천,2902,2625,5527,277,5,15,일
2022-05-15,경원선,월계,4445,4153,8598,292,5,15,일
2022-05-15,경원선,광운대,4806,5186,9992,-380,5,15,일
2022-05-15,경원선,석계,5809,6416,12225,-607,5,15,일
2022-05-15,경원선,신이문,5369,5065,10434,304,5,15,일
2022-05-15,경원선,외대앞,5557,5788,11345,-231,5,15,일
2022-05-15,경원선,청량리(서울시립대입구),16448,15928,32376,520,5,15,일
2022-05-15,경원선,왕십리(성동구청),11427,13062,24489,-1635,5,15,일
2022-05-15,경원선,응봉,1366,1285,2651,81,5,15,일
2022-05-15,경원선,옥수,41,45,86,-4,5,15,일
2022-05-15,경원선,한남,2370,2400,4770,-30,5,15,일
2022-05-15,경원선,서빙고,2014,1966,3980,48,5,15,일
2022-05-15,경원선,이촌(국립중앙박물관),3241,2193,5434,1048,5,15,일
2022-05-15,경부선,광명,3243,2279,5522,964,5,15,일
2022-05-15,경부선,서동탄,936,1021,1957,-85,5,15,일
2022-05-15,경부선,당정,3422,3548,6970,-126,5,15,일
2022-05-15,경부선,천안,7456,7674,15130,-218,5,15,일
2022-05-15,경부선,두정,5283,6684,11967,-1401,5,15,일
2022-05-15,경부선,직산,677,705,1382,-28,5,15,일
2022-05-15,경부선,성환,2988,3888,6876,-900,5,15,일
2022-05-15,경부선,평택,13284,14579,27863,-1295,5,15,일
2022-05-15,경부선,평택지제,2982,2918,5900,64,5,15,일
2022-05-15,경부선,서정리,5210,7432,12642,-2222,5,15,일
2022-05-15,경부선,송탄,4027,4955,8982,-928,5,15,일
2022-05-15,경부선,진위,1059,1029,2088,30,5,15,일
2022-05-15,경부선,오산,8918,9304,18222,-386,5,15,일
2022-05-15,경부선,오산대,2859,2779,5638,80,5,15,일
2022-05-15,경부선,세마,1997,1876,3873,121,5,15,일
2022-05-15,경부선,병점,11207,11921,23128,-714,5,15,일
2022-05-15,경부선,세류,2452,2368,4820,84,5,15,일
2022-05-15,경부선,독산,7159,7252,14411,-93,5,15,일
2022-05-15,경부선,수원,39652,38448,78100,1204,5,15,일
2022-05-15,경부선,화서,5068,4797,9865,271,5,15,일
2022-05-15,경부선,성균관대,8986,9607,18593,-621,5,15,일
2022-05-15,경부선,의왕,4998,5133,10131,-135,5,15,일
2022-05-15,경부선,군포,3562,3276,6838,286,5,15,일
2022-05-15,경부선,금정,16677,16955,33632,-278,5,15,일
2022-05-15,경부선,명학,4099,3875,7974,224,5,15,일
2022-05-15,경부선,안양,16144,15525,31669,619,5,15,일
2022-05-15,경부선,관악,6030,5589,11619,441,5,15,일
2022-05-15,경부선,석수,5921,5877,11798,44,5,15,일
2022-05-15,경부선,금천구청,7363,7151,14514,212,5,15,일
2022-05-15,경부선,가산디지털단지,5349,7510,12859,-2161,5,15,일
2022-05-15,경부선,구로,11138,11189,22327,-51,5,15,일
2022-05-15,경부선,신길,5434,4833,10267,601,5,15,일
2022-05-15,경부선,신도림,2507,2649,5156,-142,5,15,일
2022-05-15,경부선,영등포,37434,36239,73673,1195,5,15,일
2022-05-15,경부선,대방,7056,7371,14427,-315,5,15,일
2022-05-15,경부선,노량진,6864,6530,13394,334,5,15,일
2022-05-15,경부선,용산,39883,36949,76832,2934,5,15,일
2022-05-15,경부선,남영,5176,5588,10764,-412,5,15,일
2022-05-15,경부선,서울역,10010,2244,12254,7766,5,15,일
2022-05-15,경강선,여주,2871,2885,5756,-14,5,15,일
2022-05-15,경강선,세종대왕릉,371,356,727,15,5,15,일
2022-05-15,경강선,부발,1716,2480,4196,-764,5,15,일
2022-05-15,경강선,이천,2561,2791,5352,-230,5,15,일
2022-05-15,경강선,신둔도예촌,1131,1172,2303,-41,5,15,일
2022-05-15,경강선,곤지암,1818,1963,3781,-145,5,15,일
2022-05-15,경강선,초월,1933,1827,3760,106,5,15,일
2022-05-15,경강선,경기광주,4831,4714,9545,117,5,15,일
2022-05-15,경강선,삼동,1271,1228,2499,43,5,15,일
2022-05-15,경강선,이매,878,609,1487,269,5,15,일
2022-05-15,경강선,판교,2920,2742,5662,178,5,15,일
2022-05-15,9호선2~3단계,중앙보훈병원,4198,4045,8243,153,5,15,일
2022-05-15,9호선2~3단계,둔촌오륜,585,582,1167,3,5,15,일
2022-05-15,9호선2~3단계,올림픽공원(한국체대),10411,9761,20172,650,5,15,일
2022-05-15,9호선2~3단계,한성백제,1927,1811,3738,116,5,15,일
2022-05-15,9호선2~3단계,송파나루,3488,3694,7182,-206,5,15,일
2022-05-15,9호선2~3단계,석촌,5566,4790,10356,776,5,15,일
2022-05-15,9호선2~3단계,석촌고분,3523,3452,6975,71,5,15,일
2022-05-15,9호선2~3단계,삼전,3981,3774,7755,207,5,15,일
2022-05-15,9호선2~3단계,종합운동장,3017,2532,5549,485,5,15,일
2022-05-15,9호선2~3단계,봉은사,10505,10862,21367,-357,5,15,일
2022-05-15,9호선2~3단계,삼성중앙,2298,2272,4570,26,5,15,일
2022-05-15,9호선2~3단계,선정릉,3368,3826,7194,-458,5,15,일
2022-05-15,9호선2~3단계,언주,4337,4204,8541,133,5,15,일
2022-05-15,9호선,신논현,19082,17826,36908,1256,5,15,일
2022-05-15,9호선,사평,1848,1863,3711,-15,5,15,일
2022-05-15,9호선,고속터미널,14207,19418,33625,-5211,5,15,일
2022-05-15,9호선,신반포,2872,3224,6096,-352,5,15,일
2022-05-15,9호선,구반포,539,715,1254,-176,5,15,일
2022-05-15,9호선,동작(현충원),1580,1285,2865,295,5,15,일
2022-05-15,9호선,흑석(중앙대입구),4796,4950,9746,-154,5,15,일
2022-05-15,9호선,노들,3305,2855,6160,450,5,15,일
2022-05-15,9호선,노량진,16443,17110,33553,-667,5,15,일
2022-05-15,9호선,여의도,11402,10384,21786,1018,5,15,일
2022-05-15,9호선,국회의사당,7649,6736,14385,913,5,15,일
2022-05-15,9호선,당산,10719,10439,21158,280,5,15,일
2022-05-15,9호선,선유도,3563,3467,7030,96,5,15,일
2022-05-15,9호선,신목동,2062,1890,3952,172,5,15,일
2022-05-15,9호선,염창,9765,9658,19423,107,5,15,일
2022-05-15,9호선,등촌,5582,5668,11250,-86,5,15,일
2022-05-15,9호선,증미,3219,3175,6394,44,5,15,일
2022-05-15,9호선,가양,12104,11655,23759,449,5,15,일
2022-05-15,9호선,양천향교,4728,4842,9570,-114,5,15,일
2022-05-15,9호선,마곡나루(서울식물원),6791,6789,13580,2,5,15,일
2022-05-15,9호선,신방화,3837,3733,7570,104,5,15,일
2022-05-15,9호선,공항시장,1908,2141,4049,-233,5,15,일
2022-05-15,9호선,김포공항,8092,12349,20441,-4257,5,15,일
2022-05-15,9호선,개화,1278,1208,2486,70,5,15,일
2022-05-15,8호선,남위례,2950,3089,6039,-139,5,15,일
2022-05-15,8호선,모란,3070,2590,5660,480,5,15,일
2022-05-15,8호선,신흥,2829,3089,5918,-260,5,15,일
2022-05-15,8호선,단대오거리,6168,6123,12291,45,5,15,일
2022-05-15,8호선,남한산성입구(성남법원.검찰청),7885,7507,15392,378,5,15,일
2022-05-15,8호선,산성,3608,3705,7313,-97,5,15,일
2022-05-15,8호선,복정,5587,5265,10852,322,5,15,일
2022-05-15,8호선,장지,10080,10010,20090,70,5,15,일
2022-05-15,8호선,문정,6113,6335,12448,-222,5,15,일
2022-05-15,8호선,가락시장,3456,4233,7689,-777,5,15,일
2022-05-15,8호선,송파,4457,4462,8919,-5,5,15,일
2022-05-15,8호선,석촌,4676,5811,10487,-1135,5,15,일
2022-05-15,8호선,잠실(송파구청),10836,12658,23494,-1822,5,15,일
2022-05-15,8호선,몽촌토성(평화의문),4069,4125,8194,-56,5,15,일
2022-05-15,8호선,강동구청,5045,5145,10190,-100,5,15,일
2022-05-15,8호선,천호(풍납토성),9853,11332,21185,-1479,5,15,일
2022-05-15,8호선,암사,9875,9439,19314,436,5,15,일
2022-05-15,7호선,온수(성공회대입구),4439,4541,8980,-102,5,15,일
2022-05-15,7호선,천왕,5546,5431,10977,115,5,15,일
2022-05-15,7호선,광명사거리,14007,13918,27925,89,5,15,일
2022-05-15,7호선,철산,12158,12174,24332,-16,5,15,일
2022-05-15,7호선,가산디지털단지,12036,10962,22998,1074,5,15,일
2022-05-15,7호선,남구로,7436,7366,14802,70,5,15,일
2022-05-15,7호선,대림(구로구청),8551,7931,16482,620,5,15,일
2022-05-15,7호선,신풍,6735,6403,13138,332,5,15,일
2022-05-15,7호선,보라매,5140,5193,10333,-53,5,15,일
2022-05-15,7호선,신대방삼거리,9171,9077,18248,94,5,15,일
2022-05-15,7호선,장승배기,5049,4987,10036,62,5,15,일
2022-05-15,7호선,상도,6051,6342,12393,-291,5,15,일
2022-05-15,7호선,숭실대입구(살피재),6802,7375,14177,-573,5,15,일
2022-05-15,7호선,남성,6186,6083,12269,103,5,15,일
2022-05-15,7호선,이수,9544,9211,18755,333,5,15,일
2022-05-15,7호선,내방,5580,5960,11540,-380,5,15,일
2022-05-15,7호선,고속터미널,15851,9870,25721,5981,5,15,일
2022-05-15,7호선,반포,3478,3581,7059,-103,5,15,일
2022-05-15,7호선,논현,6976,7168,14144,-192,5,15,일
2022-05-15,7호선,학동,7151,7599,14750,-448,5,15,일
2022-05-15,7호선,강남구청,6160,6784,12944,-624,5,15,일
2022-05-15,7호선,청담,7290,8021,15311,-731,5,15,일
2022-05-15,7호선,뚝섬유원지,14427,14125,28552,302,5,15,일
2022-05-15,7호선,건대입구,9377,10365,19742,-988,5,15,일
2022-05-15,7호선,어린이대공원(세종대),9479,9781,19260,-302,5,15,일
2022-05-15,7호선,군자(능동),9120,6908,16028,2212,5,15,일
2022-05-15,7호선,중곡,6182,5876,12058,306,5,15,일
2022-05-15,7호선,용마산(용마폭포공원),3655,4053,7708,-398,5,15,일
2022-05-15,7호선,사가정,10147,10096,20243,51,5,15,일
2022-05-15,7호선,면목,8948,8705,17653,243,5,15,일
2022-05-15,7호선,상봉(시외버스터미널),11091,10264,21355,827,5,15,일
2022-05-15,7호선,중화,7146,6656,13802,490,5,15,일
2022-05-15,7호선,먹골,6865,6380,13245,485,5,15,일
2022-05-15,7호선,태릉입구,8554,8832,17386,-278,5,15,일
2022-05-15,7호선,공릉(서울과학기술대),7530,7667,15197,-137,5,15,일
2022-05-15,7호선,하계,10405,9903,20308,502,5,15,일
2022-05-15,7호선,중계,7615,7110,14725,505,5,15,일
2022-05-15,7호선,노원,12758,13028,25786,-270,5,15,일
2022-05-15,7호선,마들,7002,6453,13455,549,5,15,일
2022-05-15,7호선,수락산,9769,9486,19255,283,5,15,일
2022-05-15,7호선,도봉산,6517,9292,15809,-2775,5,15,일
2022-05-15,7호선,장암,1799,1202,3001,597,5,15,일
2022-05-15,6호선,봉화산(서울의료원),4513,4570,9083,-57,5,15,일
2022-05-15,6호선,화랑대(서울여대입구),6044,5660,11704,384,5,15,일
2022-05-15,6호선,태릉입구,5591,6651,12242,-1060,5,15,일
2022-05-15,6호선,석계,7263,7577,14840,-314,5,15,일
2022-05-15,6호선,돌곶이,6304,5972,12276,332,5,15,일
2022-05-15,6호선,상월곡(한국과학기술연구원),3846,3496,7342,350,5,15,일
2022-05-15,6호선,월곡(동덕여대),6538,6503,13041,35,5,15,일
2022-05-15,6호선,고려대(종암),5532,5513,11045,19,5,15,일
2022-05-15,6호선,안암(고대병원앞),6019,6668,12687,-649,5,15,일
2022-05-15,6호선,보문,4699,4413,9112,286,5,15,일
2022-05-15,6호선,창신,1892,1735,3627,157,5,15,일
2022-05-15,6호선,동묘앞,7599,7315,14914,284,5,15,일
2022-05-15,6호선,신당,5389,5787,11176,-398,5,15,일
2022-05-15,6호선,청구,1857,1884,3741,-27,5,15,일
2022-05-15,6호선,약수,2066,2092,4158,-26,5,15,일
2022-05-15,6호선,버티고개,1252,1318,2570,-66,5,15,일
2022-05-15,6호선,한강진,8244,9753,17997,-1509,5,15,일
2022-05-15,6호선,이태원,14646,11270,25916,3376,5,15,일
2022-05-15,6호선,녹사평(용산구청),5027,5011,10038,16,5,15,일
2022-05-15,6호선,삼각지,5644,4401,10045,1243,5,15,일
2022-05-15,6호선,효창공원앞,4219,3711,7930,508,5,15,일
2022-05-15,6호선,공덕,8364,7847,16211,517,5,15,일
2022-05-15,6호선,대흥(서강대앞),4554,4837,9391,-283,5,15,일
2022-05-15,6호선,광흥창(서강),4799,4574,9373,225,5,15,일
2022-05-15,6호선,상수,7615,8406,16021,-791,5,15,일
2022-05-15,6호선,합정,11825,10723,22548,1102,5,15,일
2022-05-15,6호선,망원,11038,11860,22898,-822,5,15,일
2022-05-15,6호선,마포구청,7828,7137,14965,691,5,15,일
2022-05-15,6호선,월드컵경기장(성산),7842,7806,15648,36,5,15,일
2022-05-15,6호선,디지털미디어시티,6044,6404,12448,-360,5,15,일
2022-05-15,6호선,증산(명지대앞),6128,6314,12442,-186,5,15,일
2022-05-15,6호선,새절(신사),7275,7072,14347,203,5,15,일
2022-05-15,6호선,구산,4320,3161,7481,1159,5,15,일
2022-05-15,6호선,독바위,1611,2066,3677,-455,5,15,일
2022-05-15,6호선,불광,3276,2951,6227,325,5,15,일
2022-05-15,6호선,역촌,2201,2550,4751,-349,5,15,일
2022-05-15,6호선,응암,10685,10629,21314,56,5,15,일
2022-05-15,5호선,하남검단산,5262,5139,10401,123,5,15,일
2022-05-15,5호선,하남시청(덕풍·신장),4734,4528,9262,206,5,15,일
2022-05-15,5호선,하남풍산,2549,2536,5085,13,5,15,일
2022-05-15,5호선,미사,10344,10425,20769,-81,5,15,일
2022-05-15,5호선,강일,2523,2477,5000,46,5,15,일
2022-05-15,5호선,마천,4052,4297,8349,-245,5,15,일
2022-05-15,5호선,거여,5415,5293,10708,122,5,15,일
2022-05-15,5호선,개롱,3426,3730,7156,-304,5,15,일
2022-05-15,5호선,오금,1804,1795,3599,9,5,15,일
2022-05-15,5호선,방이,4709,4619,9328,90,5,15,일
2022-05-15,5호선,올림픽공원(한국체대),4247,4301,8548,-54,5,15,일
2022-05-15,5호선,둔촌동,5120,5178,10298,-58,5,15,일
2022-05-15,5호선,상일동,7504,7094,14598,410,5,15,일
2022-05-15,5호선,고덕,4983,5042,10025,-59,5,15,일
2022-05-15,5호선,명일,5661,5669,11330,-8,5,15,일
2022-05-15,5호선,굽은다리(강동구민회관앞),6376,6042,12418,334,5,15,일
2022-05-15,5호선,길동,4505,4674,9179,-169,5,15,일
2022-05-15,5호선,강동,10326,10105,20431,221,5,15,일
2022-05-15,5호선,천호(풍납토성),14866,13825,28691,1041,5,15,일
2022-05-15,5호선,광나루(장신대),9309,9140,18449,169,5,15,일
2022-05-15,5호선,아차산(어린이대공원후문),12741,12466,25207,275,5,15,일
2022-05-15,5호선,군자(능동),6959,7738,14697,-779,5,15,일
2022-05-15,5호선,장한평,8816,8566,17382,250,5,15,일
2022-05-15,5호선,답십리,8367,7657,16024,710,5,15,일
2022-05-15,5호선,마장,3275,3043,6318,232,5,15,일
2022-05-15,5호선,왕십리(성동구청),2863,3440,6303,-577,5,15,일
2022-05-15,5호선,행당,4537,4105,8642,432,5,15,일
2022-05-15,5호선,신금호,3335,3600,6935,-265,5,15,일
2022-05-15,5호선,청구,2077,1888,3965,189,5,15,일
2022-05-15,5호선,동대문역사문화공원(DDP),734,875,1609,-141,5,15,일
2022-05-15,5호선,을지로4가,2030,2057,4087,-27,5,15,일
2022-05-15,5호선,종로3가,11276,9644,20920,1632,5,15,일
2022-05-15,5호선,광화문(세종문화회관),14660,14578,29238,82,5,15,일
2022-05-15,5호선,서대문,6615,6508,13123,107,5,15,일
2022-05-15,5호선,충정로(경기대입구),1613,1713,3326,-100,5,15,일
2022-05-15,5호선,애오개,2922,3101,6023,-179,5,15,일
2022-05-15,5호선,공덕,5460,5440,10900,20,5,15,일
2022-05-15,5호선,마포,5520,5423,10943,97,5,15,일
2022-05-15,5호선,여의나루,19723,21333,41056,-1610,5,15,일
2022-05-15,5호선,여의도,9877,10314,20191,-437,5,15,일
2022-05-15,5호선,신길,2059,2326,4385,-267,5,15,일
2022-05-15,5호선,영등포시장,6065,6073,12138,-8,5,15,일
2022-05-15,5호선,영등포구청,1645,1529,3174,116,5,15,일
2022-05-15,5호선,양평,3180,3202,6382,-22,5,15,일
2022-05-15,5호선,오목교(목동운동장앞),12716,13430,26146,-714,5,15,일
2022-05-15,5호선,목동,8758,9073,17831,-315,5,15,일
2022-05-15,5호선,신정(은행정),7098,6466,13564,632,5,15,일
2022-05-15,5호선,까치산,17446,16982,34428,464,5,15,일
2022-05-15,5호선,화곡,16006,15037,31043,969,5,15,일
2022-05-15,5호선,우장산,7754,7942,15696,-188,5,15,일
2022-05-15,5호선,발산,10216,10652,20868,-436,5,15,일
2022-05-15,5호선,마곡,4136,4287,8423,-151,5,15,일
2022-05-15,5호선,송정,4134,4091,8225,43,5,15,일
2022-05-15,5호선,김포공항,7695,7592,15287,103,5,15,일
2022-05-15,5호선,개화산,3043,3077,6120,-34,5,15,일
2022-05-15,5호선,방화,4028,4013,8041,15,5,15,일
2022-05-15,4호선,남태령,1039,711,1750,328,5,15,일
2022-05-15,4호선,사당,19232,17552,36784,1680,5,15,일
2022-05-15,4호선,총신대입구(이수),11724,12686,24410,-962,5,15,일
2022-05-15,4호선,동작(현충원),1738,1888,3626,-150,5,15,일
2022-05-15,4호선,이촌(국립중앙박물관),7405,8237,15642,-832,5,15,일
2022-05-15,4호선,신용산,10533,10715,21248,-182,5,15,일
2022-05-15,4호선,삼각지,3583,4808,8391,-1225,5,15,일
2022-05-15,4호선,숙대입구(갈월),9017,8928,17945,89,5,15,일
2022-05-15,4호선,서울역,5227,14358,19585,-9131,5,15,일
2022-05-15,4호선,회현(남대문시장),10194,10367,20561,-173,5,15,일
2022-05-15,4호선,명동,14425,14722,29147,-297,5,15,일
2022-05-15,4호선,충무로,10348,11284,21632,-936,5,15,일
2022-05-15,4호선,동대문역사문화공원(DDP),10856,9480,20336,1376,5,15,일
2022-05-15,4호선,동대문,8690,9185,17875,-495,5,15,일
2022-05-15,4호선,혜화,26725,28057,54782,-1332,5,15,일
2022-05-15,4호선,한성대입구(삼선교),8818,9070,17888,-252,5,15,일
2022-05-15,4호선,성신여대입구(돈암),14483,13885,28368,598,5,15,일
2022-05-15,4호선,길음,12015,11955,23970,60,5,15,일
2022-05-15,4호선,미아사거리,18663,17611,36274,1052,5,15,일
2022-05-15,4호선,미아(서울사이버대학),9046,8511,17557,535,5,15,일
2022-05-15,4호선,수유(강북구청),22725,22096,44821,629,5,15,일
2022-05-15,4호선,쌍문,18048,16228,34276,1820,5,15,일
2022-05-15,4호선,창동,17209,17942,35151,-733,5,15,일
2022-05-15,4호선,노원,13479,14504,27983,-1025,5,15,일
2022-05-15,4호선,상계,12098,11234,23332,864,5,15,일
2022-05-15,4호선,당고개,6501,6416,12917,85,5,15,일
2022-05-15,3호선,오금,3166,3221,6387,-55,5,15,일
2022-05-15,3호선,경찰병원,3095,3226,6321,-131,5,15,일
2022-05-15,3호선,가락시장,4315,4610,8925,-295,5,15,일
2022-05-15,3호선,수서,12127,12240,24367,-113,5,15,일
2022-05-15,3호선,일원,4087,4220,8307,-133,5,15,일
2022-05-15,3호선,대청,4720,4628,9348,92,5,15,일
2022-05-15,3호선,학여울,10449,11021,21470,-572,5,15,일
2022-05-15,3호선,대치,7573,6710,14283,863,5,15,일
2022-05-15,3호선,도곡,2443,2732,5175,-289,5,15,일
2022-05-15,3호선,매봉,5232,5183,10415,49,5,15,일
2022-05-15,3호선,양재(서초구청),16230,19184,35414,-2954,5,15,일
2022-05-15,3호선,남부터미널(예술의전당),18051,19184,37235,-1133,5,15,일
2022-05-15,3호선,교대(법원.검찰청),5455,3375,8830,2080,5,15,일
2022-05-15,3호선,고속터미널,51747,48046,99793,3701,5,15,일
2022-05-15,3호선,잠원,2814,2741,5555,73,5,15,일
2022-05-15,3호선,신사,16800,16606,33406,194,5,15,일
2022-05-15,3호선,압구정,15557,16348,31905,-791,5,15,일
2022-05-15,3호선,옥수,5971,6179,12150,-208,5,15,일
2022-05-15,3호선,금호,4742,4401,9143,341,5,15,일
2022-05-15,3호선,약수,7845,7557,15402,288,5,15,일
2022-05-15,3호선,동대입구,7079,7847,14926,-768,5,15,일
2022-05-15,3호선,충무로,1,0,1,1,5,15,일
2022-05-15,3호선,을지로3가,4536,4141,8677,395,5,15,일
2022-05-15,3호선,종로3가,4980,6321,11301,-1341,5,15,일
2022-05-15,3호선,안국,16666,17331,33997,-665,5,15,일
2022-05-15,3호선,경복궁(정부서울청사),22635,26016,48651,-3381,5,15,일
2022-05-15,3호선,독립문,5676,6649,12325,-973,5,15,일
2022-05-15,3호선,무악재,2193,2409,4602,-216,5,15,일
2022-05-15,3호선,홍제,10975,10450,21425,525,5,15,일
2022-05-15,3호선,녹번,8532,7552,16084,980,5,15,일
2022-05-15,3호선,불광,10990,12576,23566,-1586,5,15,일
2022-05-15,3호선,연신내,23982,22858,46840,1124,5,15,일
2022-05-15,3호선,구파발,13759,13852,27611,-93,5,15,일
2022-05-15,3호선,지축,2926,2767,5693,159,5,15,일
2022-05-15,2호선,용두(동대문구청),1341,1295,2636,46,5,15,일
2022-05-15,2호선,신정네거리,6044,6181,12225,-137,5,15,일
2022-05-15,2호선,양천구청,3803,3907,7710,-104,5,15,일
2022-05-15,2호선,도림천,514,518,1032,-4,5,15,일
2022-05-15,2호선,신설동,3717,3589,7306,128,5,15,일
2022-05-15,2호선,신답,916,1007,1923,-91,5,15,일
2022-05-15,2호선,용답,1956,2011,3967,-55,5,15,일
2022-05-15,2호선,충정로(경기대입구),4064,4506,8570,-442,5,15,일
2022-05-15,2호선,아현,5966,5802,11768,164,5,15,일
2022-05-15,2호선,이대,7855,8753,16608,-898,5,15,일
2022-05-15,2호선,신촌,25650,25184,50834,466,5,15,일
2022-05-15,2호선,홍대입구,61588,60042,121630,1546,5,15,일
2022-05-15,2호선,합정,25712,27883,53595,-2171,5,15,일
2022-05-15,2호선,당산,10679,11358,22037,-679,5,15,일
2022-05-15,2호선,영등포구청,9101,9630,18731,-529,5,15,일
2022-05-15,2호선,문래,9238,9830,19068,-592,5,15,일
2022-05-15,2호선,신도림,31100,31920,63020,-820,5,15,일
2022-05-15,2호선,대림(구로구청),16662,17258,33920,-596,5,15,일
2022-05-15,2호선,구로디지털단지,26822,26267,53089,555,5,15,일
2022-05-15,2호선,신대방,17426,17278,34704,148,5,15,일
2022-05-15,2호선,신림,42036,41066,83102,970,5,15,일
2022-05-15,2호선,봉천,13623,13172,26795,451,5,15,일
2022-05-15,2호선,서울대입구(관악구청),30896,31837,62733,-941,5,15,일
2022-05-15,2호선,낙성대(강감찬),17821,18582,36403,-761,5,15,일
2022-05-15,2호선,사당,26470,29678,56148,-3208,5,15,일
2022-05-15,2호선,방배,7807,8231,16038,-424,5,15,일
2022-05-15,2호선,서초,13762,12602,26364,1160,5,15,일
2022-05-15,2호선,교대(법원.검찰청),12453,13993,26446,-1540,5,15,일
2022-05-15,2호선,강남,40551,39350,79901,1201,5,15,일
2022-05-15,2호선,역삼,12425,13583,26008,-1158,5,15,일
2022-05-15,2호선,선릉,15372,13013,28385,2359,5,15,일
2022-05-15,2호선,삼성(무역센터),25456,24191,49647,1265,5,15,일
2022-05-15,2호선,종합운동장,15095,16852,31947,-1757,5,15,일
2022-05-15,2호선,잠실새내,13812,13665,27477,147,5,15,일
2022-05-15,2호선,잠실(송파구청),57308,52377,109685,4931,5,15,일
2022-05-15,2호선,잠실나루,6302,6318,12620,-16,5,15,일
2022-05-15,2호선,강변(동서울터미널),27398,26667,54065,731,5,15,일
2022-05-15,2호선,구의(광진구청),13038,13052,26090,-14,5,15,일
2022-05-15,2호선,건대입구,32739,33125,65864,-386,5,15,일
2022-05-15,2호선,성수,17590,19838,37428,-2248,5,15,일
2022-05-15,2호선,뚝섬,13360,13232,26592,128,5,15,일
2022-05-15,2호선,한양대,3292,3763,7055,-471,5,15,일
2022-05-15,2호선,왕십리(성동구청),11458,10072,21530,1386,5,15,일
2022-05-15,2호선,상왕십리,7764,7621,15385,143,5,15,일
2022-05-15,2호선,신당,9163,9907,19070,-744,5,15,일
2022-05-15,2호선,동대문역사문화공원(DDP),8915,10719,19634,-1804,5,15,일
2022-05-15,2호선,을지로4가,4418,4122,8540,296,5,15,일
2022-05-15,2호선,을지로3가,10439,9994,20433,445,5,15,일
2022-05-15,2호선,을지로입구,18357,17354,35711,1003,5,15,일
2022-05-15,1호선,동묘앞,14245,14317,28562,-72,5,15,일
2022-05-15,1호선,청량리(서울시립대입구),14799,14646,29445,153,5,15,일
2022-05-15,1호선,제기동,11213,11850,23063,-637,5,15,일
2022-05-15,1호선,신설동,8715,8465,17180,250,5,15,일
2022-05-15,1호선,동대문,11197,11660,22857,-463,5,15,일
2022-05-15,1호선,종로5가,11947,11278,23225,669,5,15,일
2022-05-15,1호선,종로3가,18253,14882,33135,3371,5,15,일
2022-05-15,1호선,종각,16095,13378,29473,2717,5,15,일
2022-05-15,1호선,시청,10178,9472,19650,706,5,15,일
2022-05-15,1호선,서울역,34298,32629,66927,1669,5,15,일
2022-05-15,안산선,수리산,2533,2582,5115,-49,5,15,일
2022-05-15,2호선,시청,7250,5975,13225,1275,5,15,일
2022-05-15,8호선,수진,3256,2947,6203,309,5,15,일
2022-05-16,안산선,오이도,9520,9121,18641,399,5,16,월
2022-05-16,안산선,정왕,10772,11667,22439,-895,5,16,월
2022-05-16,안산선,신길온천,2039,1825,3864,214,5,16,월
2022-05-16,6호선,보문,7783,7181,14964,602,5,16,월
2022-05-16,2호선,용답,3364,3482,6846,-118,5,16,월
2022-05-16,1호선,서울역,48277,46482,94759,1795,5,16,월
2022-05-16,1호선,시청,24430,24510,48940,-80,5,16,월
2022-05-16,1호선,종각,37722,36969,74691,753,5,16,월
2022-05-16,1호선,종로3가,27333,24377,51710,2956,5,16,월
2022-05-16,1호선,종로5가,23979,23062,47041,917,5,16,월
2022-05-16,1호선,동대문,11664,11157,22821,507,5,16,월
2022-05-16,1호선,신설동,14290,13926,28216,364,5,16,월
2022-05-16,1호선,제기동,17923,18458,36381,-535,5,16,월
2022-05-16,1호선,청량리(서울시립대입구),20996,20905,41901,91,5,16,월
2022-05-16,1호선,동묘앞,8064,8422,16486,-358,5,16,월
2022-05-16,2호선,시청,24753,24080,48833,673,5,16,월
2022-05-16,2호선,을지로입구,41411,43101,84512,-1690,5,16,월
2022-05-16,2호선,을지로3가,23834,24159,47993,-325,5,16,월
2022-05-16,2호선,을지로4가,13481,13458,26939,23,5,16,월
2022-05-16,2호선,동대문역사문화공원(DDP),12350,13995,26345,-1645,5,16,월
2022-05-16,2호선,신당,14417,14775,29192,-358,5,16,월
2022-05-16,2호선,상왕십리,15066,14759,29825,307,5,16,월
2022-05-16,2호선,왕십리(성동구청),17587,13962,31549,3625,5,16,월
2022-05-16,2호선,한양대,15034,16968,32002,-1934,5,16,월
2022-05-16,2호선,뚝섬,22884,24701,47585,-1817,5,16,월
2022-05-16,2호선,성수,38964,42873,81837,-3909,5,16,월
2022-05-16,2호선,건대입구,36835,39187,76022,-2352,5,16,월
2022-05-16,2호선,구의(광진구청),24551,24053,48604,498,5,16,월
2022-05-16,2호선,강변(동서울터미널),32687,31152,63839,1535,5,16,월
2022-05-16,2호선,잠실나루,16226,15748,31974,478,5,16,월
2022-05-16,2호선,잠실(송파구청),69088,69289,138377,-201,5,16,월
2022-05-16,2호선,잠실새내,22088,22010,44098,78,5,16,월
2022-05-16,2호선,종합운동장,7501,8644,16145,-1143,5,16,월
2022-05-16,2호선,삼성(무역센터),52762,54096,106858,-1334,5,16,월
2022-05-16,2호선,선릉,60858,54254,115112,6604,5,16,월
2022-05-16,2호선,역삼,55827,63862,119689,-8035,5,16,월
2022-05-16,2호선,강남,85811,85928,171739,-117,5,16,월
2022-05-16,2호선,교대(법원.검찰청),36056,41345,77401,-5289,5,16,월
2022-05-16,2호선,서초,22481,21939,44420,542,5,16,월
2022-05-16,2호선,방배,20390,21239,41629,-849,5,16,월
2022-05-16,2호선,사당,39592,43532,83124,-3940,5,16,월
2022-05-16,2호선,낙성대(강감찬),28764,28588,57352,176,5,16,월
2022-05-16,2호선,서울대입구(관악구청),50426,49815,100241,611,5,16,월
2022-05-16,2호선,봉천,24949,22916,47865,2033,5,16,월
2022-05-16,2호선,신림,66090,63775,129865,2315,5,16,월
2022-05-16,2호선,신대방,28004,27230,55234,774,5,16,월
2022-05-16,2호선,구로디지털단지,62615,62738,125353,-123,5,16,월
2022-05-16,2호선,대림(구로구청),25963,26259,52222,-296,5,16,월
2022-05-16,2호선,신도림,49682,49341,99023,341,5,16,월
2022-05-16,2호선,문래,23452,23974,47426,-522,5,16,월
2022-05-16,2호선,영등포구청,23599,24398,47997,-799,5,16,월
2022-05-16,2호선,당산,19873,23325,43198,-3452,5,16,월
2022-05-16,2호선,합정,30700,32391,63091,-1691,5,16,월
2022-05-16,2호선,홍대입구,55746,57996,113742,-2250,5,16,월
2022-05-16,2호선,신촌,35140,35909,71049,-769,5,16,월
2022-05-16,2호선,이대,14817,16241,31058,-1424,5,16,월
2022-05-16,2호선,아현,11005,10375,21380,630,5,16,월
2022-05-16,5호선,마포,15246,15494,30740,-248,5,16,월
2022-05-16,2호선,충정로(경기대입구),10553,11157,21710,-604,5,16,월
2022-05-16,2호선,신답,1776,1963,3739,-187,5,16,월
2022-05-16,2호선,신설동,3428,3464,6892,-36,5,16,월
2022-05-16,2호선,도림천,1438,1527,2965,-89,5,16,월
2022-05-16,2호선,양천구청,7348,7496,14844,-148,5,16,월
2022-05-16,2호선,신정네거리,11205,11343,22548,-138,5,16,월
2022-05-16,2호선,용두(동대문구청),2489,2516,5005,-27,5,16,월
2022-05-16,3호선,지축,5474,5101,10575,373,5,16,월
2022-05-16,3호선,구파발,22553,21741,44294,812,5,16,월
2022-05-16,3호선,연신내,38604,36100,74704,2504,5,16,월
2022-05-16,3호선,불광,17331,18383,35714,-1052,5,16,월
2022-05-16,3호선,녹번,16883,15242,32125,1641,5,16,월
2022-05-16,3호선,홍제,19193,18464,37657,729,5,16,월
2022-05-16,3호선,무악재,4258,4320,8578,-62,5,16,월
2022-05-16,3호선,독립문,7535,7883,15418,-348,5,16,월
2022-05-16,3호선,경복궁(정부서울청사),28281,30579,58860,-2298,5,16,월
2022-05-16,3호선,안국,24159,24150,48309,9,5,16,월
2022-05-16,3호선,종로3가,10409,11931,22340,-1522,5,16,월
2022-05-16,3호선,을지로3가,11120,11529,22649,-409,5,16,월
2022-05-16,3호선,충무로,2,0,2,2,5,16,월
2022-05-16,3호선,동대입구,9681,10644,20325,-963,5,16,월
2022-05-16,3호선,약수,13981,13458,27439,523,5,16,월
2022-05-16,3호선,금호,8472,7906,16378,566,5,16,월
2022-05-16,3호선,옥수,9843,10027,19870,-184,5,16,월
2022-05-16,3호선,압구정,32828,35367,68195,-2539,5,16,월
2022-05-16,3호선,신사,31973,33318,65291,-1345,5,16,월
2022-05-16,3호선,잠원,5265,5190,10455,75,5,16,월
2022-05-16,3호선,고속터미널,36967,35862,72829,1105,5,16,월
2022-05-16,3호선,교대(법원.검찰청),15811,10302,26113,5509,5,16,월
2022-05-16,3호선,남부터미널(예술의전당),30212,31375,61587,-1163,5,16,월
2022-05-16,3호선,양재(서초구청),40364,44720,85084,-4356,5,16,월
2022-05-16,3호선,매봉,13358,12812,26170,546,5,16,월
2022-05-16,3호선,도곡,5957,6172,12129,-215,5,16,월
2022-05-16,3호선,대치,11650,11759,23409,-109,5,16,월
2022-05-16,3호선,학여울,2046,2025,4071,21,5,16,월
2022-05-16,3호선,대청,11071,10077,21148,994,5,16,월
2022-05-16,3호선,일원,11334,10981,22315,353,5,16,월
2022-05-16,3호선,수서,18247,18769,37016,-522,5,16,월
2022-05-16,3호선,가락시장,9526,9314,18840,212,5,16,월
2022-05-16,3호선,경찰병원,7870,7910,15780,-40,5,16,월
2022-05-16,3호선,오금,6915,6102,13017,813,5,16,월
2022-05-16,4호선,당고개,9734,8489,18223,1245,5,16,월
2022-05-16,4호선,상계,20614,18962,39576,1652,5,16,월
2022-05-16,4호선,노원,19678,22208,41886,-2530,5,16,월
2022-05-16,4호선,창동,26627,28040,54667,-1413,5,16,월
2022-05-16,4호선,쌍문,30904,28368,59272,2536,5,16,월
2022-05-16,4호선,수유(강북구청),35434,35394,70828,40,5,16,월
2022-05-16,4호선,미아(서울사이버대학),16480,15970,32450,510,5,16,월
2022-05-16,4호선,미아사거리,28836,27795,56631,1041,5,16,월
2022-05-16,4호선,길음,23538,23461,46999,77,5,16,월
2022-05-16,4호선,성신여대입구(돈암),21999,20868,42867,1131,5,16,월
2022-05-16,4호선,한성대입구(삼선교),15036,14619,29655,417,5,16,월
2022-05-16,4호선,혜화,33750,33665,67415,85,5,16,월
2022-05-16,4호선,동대문,21454,21952,43406,-498,5,16,월
2022-05-16,4호선,동대문역사문화공원(DDP),15462,14079,29541,1383,5,16,월
2022-05-16,4호선,충무로,30169,31675,61844,-1506,5,16,월
2022-05-16,4호선,명동,22039,22383,44422,-344,5,16,월
2022-05-16,4호선,회현(남대문시장),27360,28722,56082,-1362,5,16,월
2022-05-16,4호선,서울역,12254,18202,30456,-5948,5,16,월
2022-05-16,4호선,숙대입구(갈월),15098,14599,29697,499,5,16,월
2022-05-16,4호선,삼각지,5401,6227,11628,-826,5,16,월
2022-05-16,4호선,신용산,17943,18898,36841,-955,5,16,월
2022-05-16,4호선,이촌(국립중앙박물관),8623,9722,18345,-1099,5,16,월
2022-05-16,4호선,동작(현충원),1896,2154,4050,-258,5,16,월
2022-05-16,4호선,총신대입구(이수),20470,22205,42675,-1735,5,16,월
2022-05-16,4호선,사당,27265,23146,50411,4119,5,16,월
2022-05-16,4호선,남태령,1347,1251,2598,96,5,16,월
2022-05-16,5호선,방화,7179,6775,13954,404,5,16,월
2022-05-16,5호선,개화산,6009,5696,11705,313,5,16,월
2022-05-16,5호선,김포공항,7477,7320,14797,157,5,16,월
2022-05-16,5호선,송정,6906,6525,13431,381,5,16,월
2022-05-16,5호선,마곡,11453,11427,22880,26,5,16,월
2022-05-16,5호선,발산,21653,22478,44131,-825,5,16,월
2022-05-16,5호선,우장산,16025,15616,31641,409,5,16,월
2022-05-16,5호선,화곡,30008,28050,58058,1958,5,16,월
2022-05-16,5호선,까치산,30320,28789,59109,1531,5,16,월
2022-05-16,5호선,신정(은행정),14922,12013,26935,2909,5,16,월
2022-05-16,5호선,목동,17963,19221,37184,-1258,5,16,월
2022-05-16,5호선,오목교(목동운동장앞),21215,22575,43790,-1360,5,16,월
2022-05-16,5호선,양평,7951,7854,15805,97,5,16,월
2022-05-16,5호선,영등포구청,4331,4467,8798,-136,5,16,월
2022-05-16,5호선,영등포시장,10299,10663,20962,-364,5,16,월
2022-05-16,5호선,신길,4445,4743,9188,-298,5,16,월
2022-05-16,5호선,여의도,29251,31710,60961,-2459,5,16,월
2022-05-16,5호선,여의나루,12688,13642,26330,-954,5,16,월
2022-05-16,5호선,공덕,15064,15868,30932,-804,5,16,월
2022-05-16,5호선,애오개,7187,7175,14362,12,5,16,월
2022-05-16,5호선,충정로(경기대입구),4998,5147,10145,-149,5,16,월
2022-05-16,5호선,서대문,21319,21805,43124,-486,5,16,월
2022-05-16,5호선,광화문(세종문화회관),31947,33637,65584,-1690,5,16,월
2022-05-16,5호선,종로3가,13182,13032,26214,150,5,16,월
2022-05-16,5호선,을지로4가,6677,6647,13324,30,5,16,월
2022-05-16,5호선,동대문역사문화공원(DDP),3015,3635,6650,-620,5,16,월
2022-05-16,5호선,청구,4254,3816,8070,438,5,16,월
2022-05-16,5호선,신금호,7024,7397,14421,-373,5,16,월
2022-05-16,5호선,행당,8562,7667,16229,895,5,16,월
2022-05-16,5호선,왕십리(성동구청),4665,5407,10072,-742,5,16,월
2022-05-16,5호선,마장,6055,5633,11688,422,5,16,월
2022-05-16,5호선,답십리,16821,15283,32104,1538,5,16,월
2022-05-16,5호선,장한평,19186,18872,38058,314,5,16,월
2022-05-16,5호선,군자(능동),11671,12944,24615,-1273,5,16,월
2022-05-16,5호선,아차산(어린이대공원후문),16070,15465,31535,605,5,16,월
2022-05-16,5호선,광나루(장신대),15082,13655,28737,1427,5,16,월
2022-05-16,5호선,천호(풍납토성),18727,18775,37502,-48,5,16,월
2022-05-16,5호선,강동,19557,18802,38359,755,5,16,월
2022-05-16,5호선,길동,8396,8701,17097,-305,5,16,월
2022-05-16,5호선,굽은다리(강동구민회관앞),10058,9499,19557,559,5,16,월
2022-05-16,5호선,명일,9253,9534,18787,-281,5,16,월
2022-05-16,5호선,고덕,10089,10057,20146,32,5,16,월
2022-05-16,5호선,상일동,16360,15051,31411,1309,5,16,월
2022-05-16,5호선,둔촌동,8565,8514,17079,51,5,16,월
2022-05-16,5호선,올림픽공원(한국체대),5168,4520,9688,648,5,16,월
2022-05-16,5호선,방이,7447,7631,15078,-184,5,16,월
2022-05-16,5호선,오금,4121,4162,8283,-41,5,16,월
2022-05-16,5호선,개롱,7024,7305,14329,-281,5,16,월
2022-05-16,5호선,거여,11399,10888,22287,511,5,16,월
2022-05-16,5호선,마천,8042,7560,15602,482,5,16,월
2022-05-16,5호선,강일,4720,4482,9202,238,5,16,월
2022-05-16,5호선,미사,17187,17179,34366,8,5,16,월
2022-05-16,5호선,하남풍산,4610,4404,9014,206,5,16,월
2022-05-16,5호선,하남시청(덕풍·신장),7520,7145,14665,375,5,16,월
2022-05-16,5호선,하남검단산,6082,5770,11852,312,5,16,월
2022-05-16,6호선,응암,18423,18043,36466,380,5,16,월
2022-05-16,6호선,역촌,3989,4574,8563,-585,5,16,월
2022-05-16,6호선,불광,4346,4360,8706,-14,5,16,월
2022-05-16,6호선,독바위,2859,3003,5862,-144,5,16,월
2022-05-16,6호선,구산,8250,5960,14210,2290,5,16,월
2022-05-16,6호선,새절(신사),14158,13061,27219,1097,5,16,월
2022-05-16,6호선,증산(명지대앞),10747,10705,21452,42,5,16,월
2022-05-16,6호선,디지털미디어시티,15416,16723,32139,-1307,5,16,월
2022-05-16,6호선,월드컵경기장(성산),4405,4734,9139,-329,5,16,월
2022-05-16,6호선,마포구청,15286,13547,28833,1739,5,16,월
2022-05-16,6호선,망원,13835,14615,28450,-780,5,16,월
2022-05-16,6호선,합정,13346,13071,26417,275,5,16,월
2022-05-16,6호선,상수,8897,10282,19179,-1385,5,16,월
2022-05-16,6호선,광흥창(서강),9798,9459,19257,339,5,16,월
2022-05-16,6호선,대흥(서강대앞),9201,9614,18815,-413,5,16,월
2022-05-16,6호선,공덕,19816,19268,39084,548,5,16,월
2022-05-16,6호선,효창공원앞,7900,7366,15266,534,5,16,월
2022-05-16,6호선,삼각지,7265,6326,13591,939,5,16,월
2022-05-16,6호선,녹사평(용산구청),4765,4735,9500,30,5,16,월
2022-05-16,6호선,이태원,10195,10426,20621,-231,5,16,월
2022-05-16,6호선,한강진,7500,8603,16103,-1103,5,16,월
2022-05-16,6호선,버티고개,2366,2319,4685,47,5,16,월
2022-05-16,6호선,약수,3869,3923,7792,-54,5,16,월
2022-05-16,6호선,청구,3737,4013,7750,-276,5,16,월
2022-05-16,6호선,신당,7955,8438,16393,-483,5,16,월
2022-05-16,6호선,동묘앞,8188,8482,16670,-294,5,16,월
2022-05-16,6호선,창신,3986,3305,7291,681,5,16,월
2022-05-16,6호선,안암(고대병원앞),14780,15499,30279,-719,5,16,월
2022-05-16,6호선,고려대(종암),9238,8966,18204,272,5,16,월
2022-05-16,6호선,월곡(동덕여대),13691,13189,26880,502,5,16,월
2022-05-16,6호선,상월곡(한국과학기술연구원),6926,6388,13314,538,5,16,월
2022-05-16,6호선,돌곶이,9887,9215,19102,672,5,16,월
2022-05-16,6호선,석계,13466,14102,27568,-636,5,16,월
2022-05-16,6호선,태릉입구,7181,8256,15437,-1075,5,16,월
2022-05-16,6호선,화랑대(서울여대입구),13219,10244,23463,2975,5,16,월
2022-05-16,6호선,봉화산(서울의료원),9527,8814,18341,713,5,16,월
2022-05-16,6호선,신내,2,0,2,2,5,16,월
2022-05-16,7호선,장암,2415,865,3280,1550,5,16,월
2022-05-16,7호선,도봉산,10397,11783,22180,-1386,5,16,월
2022-05-16,7호선,수락산,13371,13159,26530,212,5,16,월
2022-05-16,7호선,마들,13751,12896,26647,855,5,16,월
2022-05-16,7호선,노원,20256,21458,41714,-1202,5,16,월
2022-05-16,7호선,중계,15838,14587,30425,1251,5,16,월
2022-05-16,7호선,하계,18981,17757,36738,1224,5,16,월
2022-05-16,7호선,공릉(서울과학기술대),13579,13382,26961,197,5,16,월
2022-05-16,7호선,태릉입구,11145,10898,22043,247,5,16,월
2022-05-16,7호선,먹골,10877,10443,21320,434,5,16,월
2022-05-16,7호선,중화,11713,11304,23017,409,5,16,월
2022-05-16,7호선,상봉(시외버스터미널),17479,16291,33770,1188,5,16,월
2022-05-16,7호선,면목,17241,16566,33807,675,5,16,월
2022-05-16,7호선,사가정,16999,17129,34128,-130,5,16,월
2022-05-16,7호선,용마산(용마폭포공원),6485,6107,12592,378,5,16,월
2022-05-16,7호선,중곡,11807,10989,22796,818,5,16,월
2022-05-16,7호선,군자(능동),15436,12313,27749,3123,5,16,월
2022-05-16,7호선,어린이대공원(세종대),17020,17610,34630,-590,5,16,월
2022-05-16,7호선,건대입구,13632,14204,27836,-572,5,16,월
2022-05-16,7호선,뚝섬유원지,10452,10179,20631,273,5,16,월
2022-05-16,7호선,청담,20716,23364,44080,-2648,5,16,월
2022-05-16,7호선,강남구청,16759,18466,35225,-1707,5,16,월
2022-05-16,7호선,학동,25824,27378,53202,-1554,5,16,월
2022-05-16,7호선,논현,21623,23354,44977,-1731,5,16,월
2022-05-16,7호선,반포,6238,6203,12441,35,5,16,월
2022-05-16,7호선,고속터미널,17118,14008,31126,3110,5,16,월
2022-05-16,7호선,내방,15499,15967,31466,-468,5,16,월
2022-05-16,7호선,이수,16525,15973,32498,552,5,16,월
2022-05-16,7호선,남성,12054,11124,23178,930,5,16,월
2022-05-16,7호선,숭실대입구(살피재),16324,16789,33113,-465,5,16,월
2022-05-16,7호선,상도,12304,12120,24424,184,5,16,월
2022-05-16,7호선,장승배기,9647,9501,19148,146,5,16,월
2022-05-16,7호선,신대방삼거리,17921,17068,34989,853,5,16,월
2022-05-16,7호선,보라매,11239,11150,22389,89,5,16,월
2022-05-16,7호선,신풍,12497,11952,24449,545,5,16,월
2022-05-16,7호선,대림(구로구청),8300,8174,16474,126,5,16,월
2022-05-16,7호선,남구로,17040,17675,34715,-635,5,16,월
2022-05-16,7호선,가산디지털단지,48386,48602,96988,-216,5,16,월
2022-05-16,7호선,철산,22440,22717,45157,-277,5,16,월
2022-05-16,7호선,광명사거리,23108,22723,45831,385,5,16,월
2022-05-16,7호선,천왕,12363,11762,24125,601,5,16,월
2022-05-16,7호선,온수(성공회대입구),11820,11196,23016,624,5,16,월
2022-05-16,8호선,암사,20056,17403,37459,2653,5,16,월
2022-05-16,8호선,천호(풍납토성),15031,17462,32493,-2431,5,16,월
2022-05-16,8호선,강동구청,11069,11374,22443,-305,5,16,월
2022-05-16,8호선,몽촌토성(평화의문),6678,6818,13496,-140,5,16,월
2022-05-16,8호선,잠실(송파구청),13965,16717,30682,-2752,5,16,월
2022-05-16,8호선,석촌,7960,8936,16896,-976,5,16,월
2022-05-16,8호선,송파,8808,8589,17397,219,5,16,월
2022-05-16,8호선,가락시장,7999,8992,16991,-993,5,16,월
2022-05-16,8호선,문정,23298,24732,48030,-1434,5,16,월
2022-05-16,8호선,장지,17686,16889,34575,797,5,16,월
2022-05-16,8호선,복정,10314,8888,19202,1426,5,16,월
2022-05-16,8호선,산성,5775,5925,11700,-150,5,16,월
2022-05-16,8호선,남한산성입구(성남법원.검찰청),16430,15346,31776,1084,5,16,월
2022-05-16,8호선,단대오거리,12019,11410,23429,609,5,16,월
2022-05-16,8호선,신흥,4413,4709,9122,-296,5,16,월
2022-05-16,8호선,수진,5600,5264,10864,336,5,16,월
2022-05-16,8호선,모란,4618,3691,8309,927,5,16,월
2022-05-16,8호선,남위례,5555,5737,11292,-182,5,16,월
2022-05-16,9호선,개화,2827,1927,4754,900,5,16,월
2022-05-16,9호선,김포공항,7531,11047,18578,-3516,5,16,월
2022-05-16,9호선,공항시장,3156,3427,6583,-271,5,16,월
2022-05-16,9호선,신방화,7160,6851,14011,309,5,16,월
2022-05-16,9호선,마곡나루(서울식물원),12634,12732,25366,-98,5,16,월
2022-05-16,9호선,양천향교,10513,10701,21214,-188,5,16,월
2022-05-16,9호선,가양,22377,21554,43931,823,5,16,월
2022-05-16,9호선,증미,7807,7724,15531,83,5,16,월
2022-05-16,9호선,등촌,12158,11632,23790,526,5,16,월
2022-05-16,9호선,염창,18561,17856,36417,705,5,16,월
2022-05-16,9호선,신목동,4670,4077,8747,593,5,16,월
2022-05-16,9호선,선유도,9353,8972,18325,381,5,16,월
2022-05-16,9호선,당산,19283,19510,38793,-227,5,16,월
2022-05-16,9호선,국회의사당,16669,17509,34178,-840,5,16,월
2022-05-16,9호선,여의도,28282,28451,56733,-169,5,16,월
2022-05-16,9호선,샛강,6309,6719,13028,-410,5,16,월
2022-05-16,9호선,노량진,27728,27181,54909,547,5,16,월
2022-05-16,9호선,노들,4673,3810,8483,863,5,16,월
2022-05-16,9호선,흑석(중앙대입구),10096,10124,20220,-28,5,16,월
2022-05-16,9호선,동작(현충원),2152,1795,3947,357,5,16,월
2022-05-16,9호선,구반포,1353,1461,2814,-108,5,16,월
2022-05-16,9호선,신반포,3894,3878,7772,16,5,16,월
2022-05-16,9호선,고속터미널,13135,16151,29286,-3016,5,16,월
2022-05-16,9호선,사평,3844,3746,7590,98,5,16,월
2022-05-16,9호선,신논현,33388,32755,66143,633,5,16,월
2022-05-16,9호선2~3단계,언주,10849,11358,22207,-509,5,16,월
2022-05-16,9호선2~3단계,선정릉,10494,11546,22040,-1052,5,16,월
2022-05-16,9호선2~3단계,삼성중앙,7669,8173,15842,-504,5,16,월
2022-05-16,9호선2~3단계,봉은사,16641,17095,33736,-454,5,16,월
2022-05-16,9호선2~3단계,종합운동장,4446,4494,8940,-48,5,16,월
2022-05-16,9호선2~3단계,삼전,7338,6922,14260,416,5,16,월
2022-05-16,9호선2~3단계,석촌고분,6330,6093,12423,237,5,16,월
2022-05-16,9호선2~3단계,석촌,8993,7825,16818,1168,5,16,월
2022-05-16,9호선2~3단계,송파나루,5088,5348,10436,-260,5,16,월
2022-05-16,9호선2~3단계,한성백제,2684,2433,5117,251,5,16,월
2022-05-16,경의선,서강대,2418,2331,4749,87,5,16,월
2022-05-16,9호선2~3단계,올림픽공원(한국체대),6756,6747,13503,9,5,16,월
2022-05-16,9호선2~3단계,둔촌오륜,1249,1135,2384,114,5,16,월
2022-05-16,9호선2~3단계,중앙보훈병원,12147,10656,22803,1491,5,16,월
2022-05-16,경강선,판교,5388,5255,10643,133,5,16,월
2022-05-16,경강선,이매,1231,1072,2303,159,5,16,월
2022-05-16,경강선,삼동,2684,2446,5130,238,5,16,월
2022-05-16,경강선,경기광주,8603,7949,16552,654,5,16,월
2022-05-16,경강선,초월,3513,3382,6895,131,5,16,월
2022-05-16,경강선,곤지암,2454,2446,4900,8,5,16,월
2022-05-16,경강선,신둔도예촌,1742,1596,3338,146,5,16,월
2022-05-16,경강선,이천,2796,2896,5692,-100,5,16,월
2022-05-16,경강선,부발,2216,2387,4603,-171,5,16,월
2022-05-16,경강선,세종대왕릉,359,336,695,23,5,16,월
2022-05-16,경강선,여주,2732,2752,5484,-20,5,16,월
2022-05-16,경부선,서울역,7539,2297,9836,5242,5,16,월
2022-05-16,경부선,남영,10076,10933,21009,-857,5,16,월
2022-05-16,경부선,용산,35696,37243,72939,-1547,5,16,월
2022-05-16,경부선,노량진,8754,9045,17799,-291,5,16,월
2022-05-16,경부선,대방,14259,14770,29029,-511,5,16,월
2022-05-16,경부선,영등포,36771,38189,74960,-1418,5,16,월
2022-05-16,경부선,신도림,4276,4507,8783,-231,5,16,월
2022-05-16,경부선,신길,10023,8683,18706,1340,5,16,월
2022-05-16,경부선,구로,19915,20121,40036,-206,5,16,월
2022-05-16,경부선,가산디지털단지,20172,23159,43331,-2987,5,16,월
2022-05-16,경부선,금천구청,12820,12656,25476,164,5,16,월
2022-05-16,경부선,석수,10419,9398,19817,1021,5,16,월
2022-05-16,경부선,관악,8015,7554,15569,461,5,16,월
2022-05-16,경부선,안양,28735,28246,56981,489,5,16,월
2022-05-16,경부선,명학,10977,10753,21730,224,5,16,월
2022-05-16,경부선,금정,29069,29425,58494,-356,5,16,월
2022-05-16,경부선,군포,8285,8142,16427,143,5,16,월
2022-05-16,경부선,의왕,10504,10468,20972,36,5,16,월
2022-05-16,경부선,성균관대,16588,16894,33482,-306,5,16,월
2022-05-16,경부선,화서,9077,8770,17847,307,5,16,월
2022-05-16,경부선,수원,38684,40978,79662,-2294,5,16,월
2022-05-16,경부선,독산,20166,20749,40915,-583,5,16,월
2022-05-16,경부선,세류,3451,2955,6406,496,5,16,월
2022-05-16,경부선,병점,18005,18039,36044,-34,5,16,월
2022-05-16,경부선,세마,3260,2948,6208,312,5,16,월
2022-05-16,경부선,오산대,4454,4192,8646,262,5,16,월
2022-05-16,경부선,오산,11070,11174,22244,-104,5,16,월
2022-05-16,경부선,진위,2032,1753,3785,279,5,16,월
2022-05-16,경부선,송탄,4797,4602,9399,195,5,16,월
2022-05-16,경부선,서정리,8349,8094,16443,255,5,16,월
2022-05-16,경부선,평택지제,4076,3988,8064,88,5,16,월
2022-05-16,경부선,평택,14074,14479,28553,-405,5,16,월
2022-05-16,경부선,성환,7382,7364,14746,18,5,16,월
2022-05-16,경부선,직산,891,866,1757,25,5,16,월
2022-05-16,경부선,두정,8098,9449,17547,-1351,5,16,월
2022-05-16,경부선,천안,7498,7314,14812,184,5,16,월
2022-05-16,경부선,당정,7887,7449,15336,438,5,16,월
2022-05-16,경부선,서동탄,1620,1314,2934,306,5,16,월
2022-05-16,경부선,광명,3737,3133,6870,604,5,16,월
2022-05-16,경원선,이촌(국립중앙박물관),4216,3140,7356,1076,5,16,월
2022-05-16,경원선,서빙고,2218,2018,4236,200,5,16,월
2022-05-16,경원선,한남,4434,4252,8686,182,5,16,월
2022-05-16,경원선,옥수,59,52,111,7,5,16,월
2022-05-16,경원선,응봉,2133,1772,3905,361,5,16,월
2022-05-16,경원선,왕십리(성동구청),15397,16717,32114,-1320,5,16,월
2022-05-16,경원선,청량리(서울시립대입구),16209,17424,33633,-1215,5,16,월
2022-05-16,경원선,외대앞,9027,9280,18307,-253,5,16,월
2022-05-16,경원선,신이문,8972,8166,17138,806,5,16,월
2022-05-16,경원선,석계,9006,10207,19213,-1201,5,16,월
2022-05-16,경원선,광운대,9979,9936,19915,43,5,16,월
2022-05-16,경원선,월계,8771,8158,16929,613,5,16,월
2022-05-16,경원선,녹천,5125,4257,9382,868,5,16,월
2022-05-16,경원선,방학,10576,10348,20924,228,5,16,월
2022-05-16,경원선,도봉,6494,6112,12606,382,5,16,월
2022-05-16,경원선,도봉산,8306,5532,13838,2774,5,16,월
2022-05-16,경원선,망월사,10414,10486,20900,-72,5,16,월
2022-05-16,경원선,회룡,13805,13643,27448,162,5,16,월
2022-05-16,경원선,의정부,18529,19214,37743,-685,5,16,월
2022-05-16,경원선,가능,7446,7022,14468,424,5,16,월
2022-05-16,경원선,녹양,4971,4721,9692,250,5,16,월
2022-05-16,경원선,양주,8852,8146,16998,706,5,16,월
2022-05-16,경원선,덕계,3753,3394,7147,359,5,16,월
2022-05-16,경원선,덕정,6823,6582,13405,241,5,16,월
2022-05-16,경원선,지행,7240,7268,14508,-28,5,16,월
2022-05-16,경원선,동두천중앙,3504,3231,6735,273,5,16,월
2022-05-16,경원선,보산,1687,1410,3097,277,5,16,월
2022-05-16,경원선,동두천,2871,3241,6112,-370,5,16,월
2022-05-16,경원선,소요산,3036,2462,5498,574,5,16,월
2022-05-16,경의선,서울역,4979,6558,11537,-1579,5,16,월
2022-05-16,경의선,신촌,985,1330,2315,-345,5,16,월
2022-05-16,경의선,효창공원앞,3463,3674,7137,-211,5,16,월
2022-05-16,경의선,공덕,3728,3463,7191,265,5,16,월
2022-05-16,경의선,홍대입구,1758,2081,3839,-323,5,16,월
2022-05-16,경의선,가좌,6264,5947,12211,317,5,16,월
2022-05-16,경의선,디지털미디어시티,2881,2623,5504,258,5,16,월
2022-05-16,경의선,수색,3211,3364,6575,-153,5,16,월
2022-05-16,경의선,화전,3950,3738,7688,212,5,16,월
2022-05-16,경의선,강매,3807,3262,7069,545,5,16,월
2022-05-16,경의선,행신,8916,8990,17906,-74,5,16,월
2022-05-16,경의선,능곡,4324,3833,8157,491,5,16,월
2022-05-16,경의선,곡산,737,770,1507,-33,5,16,월
2022-05-16,경의선,백마,7866,7548,15414,318,5,16,월
2022-05-16,경의선,풍산,6306,5747,12053,559,5,16,월
2022-05-16,경의선,일산,10737,10397,21134,340,5,16,월
2022-05-16,경의선,탄현,8734,8164,16898,570,5,16,월
2022-05-16,경의선,야당,8380,8215,16595,165,5,16,월
2022-05-16,경의선,운정,7971,7259,15230,712,5,16,월
2022-05-16,경의선,금릉,5503,5228,10731,275,5,16,월
2022-05-16,경의선,금촌,7345,7269,14614,76,5,16,월
2022-05-16,경의선,월롱,3309,3311,6620,-2,5,16,월
2022-05-16,경의선,파주,1797,1305,3102,492,5,16,월
2022-05-16,경의선,문산,5688,5514,11202,174,5,16,월
2022-05-16,경의선,임진강,15,6,21,9,5,16,월
2022-05-16,경인선,개봉,23282,22534,45816,748,5,16,월
2022-05-16,경인선,오류동,12757,11875,24632,882,5,16,월
2022-05-16,경인선,역곡,31229,30622,61851,607,5,16,월
2022-05-16,경인선,부천,35008,34661,69669,347,5,16,월
2022-05-16,경인선,송내,29825,29740,59565,85,5,16,월
2022-05-16,경인선,부평,30351,31793,62144,-1442,5,16,월
2022-05-16,경인선,백운,7792,7661,15453,131,5,16,월
2022-05-16,경인선,동암,15701,15545,31246,156,5,16,월
2022-05-16,경인선,주안,21375,19452,40827,1923,5,16,월
2022-05-16,경인선,제물포,12324,11699,24023,625,5,16,월
2022-05-16,경인선,동인천,14565,14013,28578,552,5,16,월
2022-05-16,경인선,인천,4077,3102,7179,975,5,16,월
2022-05-16,경인선,구일,8028,7873,15901,155,5,16,월
2022-05-16,경인선,소사,9997,9570,19567,427,5,16,월
2022-05-16,경인선,부개,9476,8717,18193,759,5,16,월
2022-05-16,경인선,간석,6453,6098,12551,355,5,16,월
2022-05-16,경인선,도원,3703,3673,7376,30,5,16,월
2022-05-16,경인선,온수(성공회대입구),7795,7471,15266,324,5,16,월
2022-05-16,경인선,중동,10268,9706,19974,562,5,16,월
2022-05-16,경인선,도화,4600,4213,8813,387,5,16,월
2022-05-16,경춘선,신내,2578,2361,4939,217,5,16,월
2022-05-16,경춘선,갈매,3351,2937,6288,414,5,16,월
2022-05-16,경춘선,별내,3558,3275,6833,283,5,16,월
2022-05-16,경춘선,퇴계원,3985,3582,7567,403,5,16,월
2022-05-16,경춘선,사릉,2874,2751,5625,123,5,16,월
2022-05-16,경춘선,금곡,1770,1630,3400,140,5,16,월
2022-05-16,경춘선,평내호평,7284,6882,14166,402,5,16,월
2022-05-16,경춘선,천마산,1951,1779,3730,172,5,16,월
2022-05-16,경춘선,마석,4500,4302,8802,198,5,16,월
2022-05-16,경춘선,대성리,652,556,1208,96,5,16,월
2022-05-16,경춘선,청평,1894,1723,3617,171,5,16,월
2022-05-16,경춘선,상천,342,314,656,28,5,16,월
2022-05-16,경춘선,가평,1899,1784,3683,115,5,16,월
2022-05-16,경춘선,굴봉산,182,159,341,23,5,16,월
2022-05-16,경춘선,백양리,85,84,169,1,5,16,월
2022-05-16,경춘선,강촌,443,457,900,-14,5,16,월
2022-05-16,경춘선,김유정,374,356,730,18,5,16,월
2022-05-16,경춘선,남춘천,2704,3083,5787,-379,5,16,월
2022-05-16,경춘선,춘천,1760,1892,3652,-132,5,16,월
2022-05-16,공항철도 1호선,서울역,8737,8234,16971,503,5,16,월
2022-05-16,공항철도 1호선,공덕,2414,3178,5592,-764,5,16,월
2022-05-16,공항철도 1호선,홍대입구,10068,10247,20315,-179,5,16,월
2022-05-16,공항철도 1호선,디지털미디어시티,15410,14528,29938,882,5,16,월
2022-05-16,공항철도 1호선,마곡나루(서울식물원),10459,10189,20648,270,5,16,월
2022-05-16,공항철도 1호선,김포공항,12802,7275,20077,5527,5,16,월
2022-05-16,공항철도 1호선,계양,11659,10898,22557,761,5,16,월
2022-05-16,공항철도 1호선,검암,7132,7119,14251,13,5,16,월
2022-05-16,공항철도 1호선,청라국제도시,7810,7278,15088,532,5,16,월
2022-05-16,공항철도 1호선,운서,7437,7445,14882,-8,5,16,월
2022-05-16,공항철도 1호선,공항화물청사,2368,2550,4918,-182,5,16,월
2022-05-16,공항철도 1호선,인천공항1터미널,5746,5470,11216,276,5,16,월
2022-05-16,공항철도 1호선,인천공항2터미널,3313,2823,6136,490,5,16,월
2022-05-16,공항철도 1호선,영종,3533,3428,6961,105,5,16,월
2022-05-16,과천선,선바위,9196,8150,17346,1046,5,16,월
2022-05-16,과천선,경마공원,1006,976,1982,30,5,16,월
2022-05-16,과천선,대공원,4526,4665,9191,-139,5,16,월
2022-05-16,과천선,과천,6890,6300,13190,590,5,16,월
2022-05-16,과천선,정부과천청사,11630,11471,23101,159,5,16,월
2022-05-16,과천선,인덕원,26219,27072,53291,-853,5,16,월
2022-05-16,과천선,평촌,19399,19024,38423,375,5,16,월
2022-05-16,과천선,범계,27827,27837,55664,-10,5,16,월
2022-05-16,분당선,선릉,14383,22413,36796,-8030,5,16,월
2022-05-16,분당선,한티,14844,16119,30963,-1275,5,16,월
2022-05-16,분당선,도곡,7712,7669,15381,43,5,16,월
2022-05-16,분당선,구룡,2674,2463,5137,211,5,16,월
2022-05-16,분당선,개포동,4265,4370,8635,-105,5,16,월
2022-05-16,분당선,대모산입구,5036,4651,9687,385,5,16,월
2022-05-16,분당선,수서,14811,14948,29759,-137,5,16,월
2022-05-16,분당선,복정,1,0,1,1,5,16,월
2022-05-16,분당선,수원,8868,7446,16314,1422,5,16,월
2022-05-16,분당선,서울숲,12129,12278,24407,-149,5,16,월
2022-05-16,분당선,압구정로데오,18293,20255,38548,-1962,5,16,월
2022-05-16,분당선,강남구청,10782,12491,23273,-1709,5,16,월
2022-05-16,분당선,선정릉,8709,9321,18030,-612,5,16,월
2022-05-16,분당선,가천대,13682,14823,28505,-1141,5,16,월
2022-05-16,분당선,태평,14119,13512,27631,607,5,16,월
2022-05-16,분당선,모란,21033,21291,42324,-258,5,16,월
2022-05-16,분당선,야탑,27610,28954,56564,-1344,5,16,월
2022-05-16,분당선,서현,25596,26046,51642,-450,5,16,월
2022-05-16,분당선,수내,14228,14134,28362,94,5,16,월
2022-05-16,분당선,정자,18865,19885,38750,-1020,5,16,월
2022-05-16,분당선,미금,16776,17708,34484,-932,5,16,월
2022-05-16,분당선,오리,12317,10073,22390,2244,5,16,월
2022-05-16,분당선,이매,6313,5799,12112,514,5,16,월
2022-05-16,분당선,보정,2864,2523,5387,341,5,16,월
2022-05-16,분당선,죽전,14166,15822,29988,-1656,5,16,월
2022-05-16,분당선,구성,5730,5787,11517,-57,5,16,월
2022-05-16,분당선,신갈,4941,4899,9840,42,5,16,월
2022-05-16,분당선,기흥,11336,10657,21993,679,5,16,월
2022-05-16,분당선,상갈,6016,5736,11752,280,5,16,월
2022-05-16,분당선,청명,4702,4530,9232,172,5,16,월
2022-05-16,분당선,영통,8576,8866,17442,-290,5,16,월
2022-05-16,분당선,망포,15804,14937,30741,867,5,16,월
2022-05-16,분당선,매탄권선,5673,5489,11162,184,5,16,월
2022-05-16,분당선,수원시청,13435,14192,27627,-757,5,16,월
2022-05-16,분당선,매교,3470,3448,6918,22,5,16,월
2022-05-16,수인선,고색,5220,5142,10362,78,5,16,월
2022-05-16,수인선,오목천,4283,3897,8180,386,5,16,월
2022-05-16,수인선,어천,866,921,1787,-55,5,16,월
2022-05-16,수인선,야목,430,305,735,125,5,16,월
2022-05-16,수인선,사리,5587,4879,10466,708,5,16,월
2022-05-16,수인선,달월,142,107,249,35,5,16,월
2022-05-16,수인선,월곶,2980,2713,5693,267,5,16,월
2022-05-16,수인선,소래포구,7643,7153,14796,490,5,16,월
2022-05-16,수인선,인천논현,5944,6323,12267,-379,5,16,월
2022-05-16,수인선,호구포,4386,4645,9031,-259,5,16,월
2022-05-16,수인선,남동인더스파크,2316,2595,4911,-279,5,16,월
2022-05-16,수인선,원인재,4853,5074,9927,-221,5,16,월
2022-05-16,수인선,연수,5014,4843,9857,171,5,16,월
2022-05-16,수인선,송도,2811,2559,5370,252,5,16,월
2022-05-16,수인선,인하대,8126,7836,15962,290,5,16,월
2022-05-16,수인선,숭의,4456,4144,8600,312,5,16,월
2022-05-16,수인선,신포,2103,2069,4172,34,5,16,월
2022-05-16,수인선,인천,1130,1772,2902,-642,5,16,월
2022-05-16,안산선,산본,17063,18363,35426,-1300,5,16,월
2022-05-16,안산선,대야미,5450,4933,10383,517,5,16,월
2022-05-16,안산선,반월,4731,4629,9360,102,5,16,월
2022-05-16,안산선,상록수,17796,18007,35803,-211,5,16,월
2022-05-16,안산선,한대앞,11136,11300,22436,-164,5,16,월
2022-05-16,안산선,중앙,19966,20550,40516,-584,5,16,월
2022-05-16,안산선,고잔,9927,9427,19354,500,5,16,월
2022-05-16,안산선,초지,5752,6133,11885,-381,5,16,월
2022-05-16,안산선,안산,12600,11294,23894,1306,5,16,월
2022-05-16,중앙선,지평,85,95,180,-10,5,16,월
2022-05-16,중앙선,용문,2104,2064,4168,40,5,16,월
2022-05-16,중앙선,원덕,446,400,846,46,5,16,월
2022-05-16,중앙선,양평,3126,3133,6259,-7,5,16,월
2022-05-16,중앙선,오빈,347,314,661,33,5,16,월
2022-05-16,중앙선,아신,600,580,1180,20,5,16,월
2022-05-16,중앙선,국수,900,879,1779,21,5,16,월
2022-05-16,중앙선,신원,241,221,462,20,5,16,월
2022-05-16,중앙선,양수,2305,2297,4602,8,5,16,월
2022-05-16,중앙선,운길산,1016,934,1950,82,5,16,월
2022-05-16,중앙선,팔당,865,914,1779,-49,5,16,월
2022-05-16,중앙선,도심,2795,2112,4907,683,5,16,월
2022-05-16,중앙선,덕소,6128,6147,12275,-19,5,16,월
2022-05-16,중앙선,양정,823,718,1541,105,5,16,월
2022-05-16,중앙선,도농,12277,10895,23172,1382,5,16,월
2022-05-16,중앙선,구리,14591,14576,29167,15,5,16,월
2022-05-16,중앙선,양원,3258,3220,6478,38,5,16,월
2022-05-16,중앙선,망우,8296,8129,16425,167,5,16,월
2022-05-16,중앙선,상봉(시외버스터미널),6136,6133,12269,3,5,16,월
2022-05-16,중앙선,중랑,6200,5955,12155,245,5,16,월
2022-05-16,중앙선,회기,27620,27291,54911,329,5,16,월
2022-05-16,장항선,신창(순천향대),3028,3689,6717,-661,5,16,월
2022-05-16,장항선,온양온천,4308,4297,8605,11,5,16,월
2022-05-16,장항선,배방,1298,1223,2521,75,5,16,월
2022-05-16,장항선,탕정,940,867,1807,73,5,16,월
2022-05-16,장항선,아산,4395,3747,8142,648,5,16,월
2022-05-16,장항선,쌍용(나사렛대),3264,3323,6587,-59,5,16,월
2022-05-16,장항선,봉명,1427,1400,2827,27,5,16,월
2022-05-16,일산선,대화,14079,10885,24964,3194,5,16,월
2022-05-16,일산선,주엽,10399,10152,20551,247,5,16,월
2022-05-16,일산선,정발산,7466,7525,14991,-59,5,16,월
2022-05-16,일산선,마두,8208,8390,16598,-182,5,16,월
2022-05-16,일산선,백석,10486,10447,20933,39,5,16,월
2022-05-16,일산선,대곡,2495,1986,4481,509,5,16,월
2022-05-16,일산선,화정,18493,18771,37264,-278,5,16,월
2022-05-16,일산선,원당,12311,11438,23749,873,5,16,월
2022-05-16,일산선,삼송,21299,20486,41785,813,5,16,월
2022-05-16,일산선,원흥,12027,11392,23419,635,5,16,월
2022-05-16,우이신설선,신설동,2253,2184,4437,69,5,16,월
2022-05-16,우이신설선,보문,1628,1660,3288,-32,5,16,월
2022-05-16,우이신설선,성신여대입구(돈암),3475,3938,7413,-463,5,16,월
2022-05-16,우이신설선,정릉,5184,4629,9813,555,5,16,월
2022-05-16,우이신설선,북한산보국문,6481,6270,12751,211,5,16,월
2022-05-16,우이신설선,솔샘,6423,5919,12342,504,5,16,월
2022-05-16,우이신설선,삼양사거리,2661,2611,5272,50,5,16,월
2022-05-16,우이신설선,삼양,2128,2278,4406,-150,5,16,월
2022-05-16,우이신설선,화계,3654,3323,6977,331,5,16,월
2022-05-16,우이신설선,가오리,4573,4447,9020,126,5,16,월
2022-05-16,우이신설선,4.19민주묘지,4097,4052,8149,45,5,16,월
2022-05-16,우이신설선,솔밭공원,2683,2571,5254,112,5,16,월
2022-05-16,우이신설선,북한산우이,2848,2645,5493,203,5,16,월
2022-05-16,안산선,수리산,4707,3857,8564,850,5,16,월
2022-05-17,분당선,신갈,5014,4960,9974,54,5,17,화
2022-05-17,2호선,서초,23361,22830,46191,531,5,17,화
2022-05-17,6호선,창신,4037,3372,7409,665,5,17,화
2022-05-17,7호선,반포,6337,6039,12376,298,5,17,화
2022-05-17,1호선,서울역,47179,45823,93002,1356,5,17,화
2022-05-17,1호선,시청,25334,25398,50732,-64,5,17,화
2022-05-17,1호선,종각,37766,37016,74782,750,5,17,화
2022-05-17,1호선,종로3가,27499,24737,52236,2762,5,17,화
2022-05-17,1호선,종로5가,24796,23392,48188,1404,5,17,화
2022-05-17,1호선,동대문,11548,11101,22649,447,5,17,화
2022-05-17,1호선,신설동,14433,14243,28676,190,5,17,화
2022-05-17,1호선,제기동,18480,18859,37339,-379,5,17,화
2022-05-17,1호선,청량리(서울시립대입구),21477,21220,42697,257,5,17,화
2022-05-17,1호선,동묘앞,8443,8820,17263,-377,5,17,화
2022-05-17,2호선,시청,25769,25387,51156,382,5,17,화
2022-05-17,2호선,을지로입구,42004,44231,86235,-2227,5,17,화
2022-05-17,2호선,을지로3가,24596,24910,49506,-314,5,17,화
2022-05-17,2호선,을지로4가,14206,14285,28491,-79,5,17,화
2022-05-17,2호선,동대문역사문화공원(DDP),12533,14147,26680,-1614,5,17,화
2022-05-17,2호선,신당,14969,15313,30282,-344,5,17,화
2022-05-17,2호선,상왕십리,15490,14913,30403,577,5,17,화
2022-05-17,2호선,왕십리(성동구청),18323,14655,32978,3668,5,17,화
2022-05-17,2호선,한양대,15877,17610,33487,-1733,5,17,화
2022-05-17,2호선,뚝섬,23651,25753,49404,-2102,5,17,화
2022-05-17,2호선,성수,39352,43320,82672,-3968,5,17,화
2022-05-17,2호선,건대입구,36941,39868,76809,-2927,5,17,화
2022-05-17,2호선,구의(광진구청),25138,24420,49558,718,5,17,화
2022-05-17,2호선,강변(동서울터미널),31770,29726,61496,2044,5,17,화
2022-05-17,2호선,잠실나루,16423,16044,32467,379,5,17,화
2022-05-17,2호선,잠실(송파구청),71882,71635,143517,247,5,17,화
2022-05-17,2호선,잠실새내,22665,22453,45118,212,5,17,화
2022-05-17,2호선,종합운동장,11446,12961,24407,-1515,5,17,화
2022-05-17,2호선,삼성(무역센터),54511,56179,110690,-1668,5,17,화
2022-05-17,2호선,선릉,62343,55604,117947,6739,5,17,화
2022-05-17,2호선,역삼,57142,65674,122816,-8532,5,17,화
2022-05-17,2호선,강남,88303,88202,176505,101,5,17,화
2022-05-17,2호선,교대(법원.검찰청),37527,42918,80445,-5391,5,17,화
2022-05-17,2호선,방배,21276,22300,43576,-1024,5,17,화
2022-05-17,2호선,사당,41212,45344,86556,-4132,5,17,화
2022-05-17,2호선,낙성대(강감찬),29476,28761,58237,715,5,17,화
2022-05-17,2호선,서울대입구(관악구청),51305,50530,101835,775,5,17,화
2022-05-17,2호선,봉천,25541,23310,48851,2231,5,17,화
2022-05-17,2호선,신림,66735,64527,131262,2208,5,17,화
2022-05-17,2호선,신대방,28615,27785,56400,830,5,17,화
2022-05-17,2호선,구로디지털단지,63928,64152,128080,-224,5,17,화
2022-05-17,2호선,대림(구로구청),25438,25957,51395,-519,5,17,화
2022-05-17,2호선,신도림,51125,50617,101742,508,5,17,화
2022-05-17,2호선,문래,23790,24466,48256,-676,5,17,화
2022-05-17,2호선,영등포구청,23888,24819,48707,-931,5,17,화
2022-05-17,2호선,당산,20921,24226,45147,-3305,5,17,화
2022-05-17,2호선,합정,31635,33583,65218,-1948,5,17,화
2022-05-17,2호선,홍대입구,55921,58779,114700,-2858,5,17,화
2022-05-17,2호선,신촌,35480,36585,72065,-1105,5,17,화
2022-05-17,2호선,이대,15370,16452,31822,-1082,5,17,화
2022-05-17,2호선,아현,11634,10961,22595,673,5,17,화
2022-05-17,2호선,충정로(경기대입구),10878,11462,22340,-584,5,17,화
2022-05-17,2호선,용답,3351,3406,6757,-55,5,17,화
2022-05-17,2호선,신답,1787,2003,3790,-216,5,17,화
2022-05-17,2호선,신설동,3336,3321,6657,15,5,17,화
2022-05-17,2호선,도림천,1452,1534,2986,-82,5,17,화
2022-05-17,2호선,양천구청,7509,7707,15216,-198,5,17,화
2022-05-17,2호선,신정네거리,11284,11500,22784,-216,5,17,화
2022-05-17,2호선,용두(동대문구청),2550,2533,5083,17,5,17,화
2022-05-17,3호선,지축,5493,5221,10714,272,5,17,화
2022-05-17,3호선,구파발,23154,21998,45152,1156,5,17,화
2022-05-17,3호선,연신내,38768,36369,75137,2399,5,17,화
2022-05-17,3호선,불광,17538,18773,36311,-1235,5,17,화
2022-05-17,3호선,녹번,17119,15415,32534,1704,5,17,화
2022-05-17,3호선,홍제,19426,18159,37585,1267,5,17,화
2022-05-17,3호선,무악재,4343,4452,8795,-109,5,17,화
2022-05-17,3호선,독립문,7898,8291,16189,-393,5,17,화
2022-05-17,3호선,경복궁(정부서울청사),28914,31104,60018,-2190,5,17,화
2022-05-17,3호선,안국,25366,26048,51414,-682,5,17,화
2022-05-17,3호선,종로3가,10596,12232,22828,-1636,5,17,화
2022-05-17,3호선,을지로3가,11401,11812,23213,-411,5,17,화
2022-05-17,3호선,충무로,1,0,1,1,5,17,화
2022-05-17,3호선,동대입구,10262,11089,21351,-827,5,17,화
2022-05-17,3호선,약수,14153,13697,27850,456,5,17,화
2022-05-17,3호선,금호,8490,7788,16278,702,5,17,화
2022-05-17,3호선,옥수,9776,10116,19892,-340,5,17,화
2022-05-17,3호선,압구정,34221,36857,71078,-2636,5,17,화
2022-05-17,3호선,신사,32430,34237,66667,-1807,5,17,화
2022-05-17,3호선,잠원,5347,5240,10587,107,5,17,화
2022-05-17,3호선,고속터미널,42076,40063,82139,2013,5,17,화
2022-05-17,3호선,교대(법원.검찰청),16375,10693,27068,5682,5,17,화
2022-05-17,3호선,남부터미널(예술의전당),30779,31598,62377,-819,5,17,화
2022-05-17,3호선,양재(서초구청),42210,46570,88780,-4360,5,17,화
2022-05-17,3호선,매봉,13805,13304,27109,501,5,17,화
2022-05-17,3호선,도곡,6058,6045,12103,13,5,17,화
2022-05-17,3호선,대치,12184,12167,24351,17,5,17,화
2022-05-17,3호선,학여울,2061,2060,4121,1,5,17,화
2022-05-17,3호선,대청,11202,10271,21473,931,5,17,화
2022-05-17,3호선,일원,11784,11383,23167,401,5,17,화
2022-05-17,3호선,수서,18164,18433,36597,-269,5,17,화
2022-05-17,3호선,가락시장,9760,9520,19280,240,5,17,화
2022-05-17,3호선,경찰병원,7945,7877,15822,68,5,17,화
2022-05-17,3호선,오금,7006,6363,13369,643,5,17,화
2022-05-17,4호선,당고개,9788,8661,18449,1127,5,17,화
2022-05-17,4호선,상계,20914,19121,40035,1793,5,17,화
2022-05-17,4호선,노원,20101,22759,42860,-2658,5,17,화
2022-05-17,4호선,창동,27425,28960,56385,-1535,5,17,화
2022-05-17,4호선,쌍문,31428,28746,60174,2682,5,17,화
2022-05-17,4호선,수유(강북구청),35861,35827,71688,34,5,17,화
2022-05-17,4호선,미아(서울사이버대학),16610,15856,32466,754,5,17,화
2022-05-17,4호선,미아사거리,29048,28170,57218,878,5,17,화
2022-05-17,4호선,길음,24087,24009,48096,78,5,17,화
2022-05-17,4호선,성신여대입구(돈암),22276,21055,43331,1221,5,17,화
2022-05-17,4호선,한성대입구(삼선교),16000,15444,31444,556,5,17,화
2022-05-17,4호선,혜화,35717,35847,71564,-130,5,17,화
2022-05-17,4호선,동대문,21410,21984,43394,-574,5,17,화
2022-05-17,4호선,동대문역사문화공원(DDP),15453,13966,29419,1487,5,17,화
2022-05-17,4호선,충무로,30321,31873,62194,-1552,5,17,화
2022-05-17,4호선,명동,21895,22694,44589,-799,5,17,화
2022-05-17,4호선,회현(남대문시장),27847,29638,57485,-1791,5,17,화
2022-05-17,4호선,서울역,12671,18282,30953,-5611,5,17,화
2022-05-17,4호선,숙대입구(갈월),15503,15234,30737,269,5,17,화
2022-05-17,4호선,삼각지,5631,6294,11925,-663,5,17,화
2022-05-17,4호선,신용산,18118,19460,37578,-1342,5,17,화
2022-05-17,4호선,이촌(국립중앙박물관),9256,10176,19432,-920,5,17,화
2022-05-17,4호선,동작(현충원),1931,2147,4078,-216,5,17,화
2022-05-17,4호선,총신대입구(이수),20582,22028,42610,-1446,5,17,화
2022-05-17,4호선,사당,28085,24152,52237,3933,5,17,화
2022-05-17,4호선,남태령,1395,1228,2623,167,5,17,화
2022-05-17,5호선,방화,7370,7008,14378,362,5,17,화
2022-05-17,5호선,개화산,6157,5824,11981,333,5,17,화
2022-05-17,5호선,김포공항,7298,7006,14304,292,5,17,화
2022-05-17,5호선,송정,7071,6655,13726,416,5,17,화
2022-05-17,5호선,마곡,11546,11659,23205,-113,5,17,화
2022-05-17,5호선,발산,22347,22994,45341,-647,5,17,화
2022-05-17,5호선,우장산,16145,15801,31946,344,5,17,화
2022-05-17,5호선,화곡,30670,28331,59001,2339,5,17,화
2022-05-17,5호선,까치산,31053,29582,60635,1471,5,17,화
2022-05-17,5호선,신정(은행정),15048,11998,27046,3050,5,17,화
2022-05-17,5호선,목동,18242,19409,37651,-1167,5,17,화
2022-05-17,5호선,오목교(목동운동장앞),23001,24803,47804,-1802,5,17,화
2022-05-17,5호선,양평,8030,7845,15875,185,5,17,화
2022-05-17,5호선,영등포구청,4315,4493,8808,-178,5,17,화
2022-05-17,5호선,영등포시장,10601,10808,21409,-207,5,17,화
2022-05-17,5호선,신길,4511,4747,9258,-236,5,17,화
2022-05-17,5호선,여의도,30415,33094,63509,-2679,5,17,화
2022-05-17,5호선,여의나루,14373,15589,29962,-1216,5,17,화
2022-05-17,5호선,마포,15596,16081,31677,-485,5,17,화
2022-05-17,5호선,공덕,15755,16511,32266,-756,5,17,화
2022-05-17,5호선,애오개,7440,7433,14873,7,5,17,화
2022-05-17,5호선,충정로(경기대입구),5214,5273,10487,-59,5,17,화
2022-05-17,5호선,서대문,22223,22769,44992,-546,5,17,화
2022-05-17,5호선,광화문(세종문화회관),32746,34867,67613,-2121,5,17,화
2022-05-17,5호선,종로3가,13581,13546,27127,35,5,17,화
2022-05-17,5호선,을지로4가,6663,6773,13436,-110,5,17,화
2022-05-17,5호선,동대문역사문화공원(DDP),3111,3567,6678,-456,5,17,화
2022-05-17,5호선,청구,4470,4006,8476,464,5,17,화
2022-05-17,5호선,신금호,7177,7407,14584,-230,5,17,화
2022-05-17,5호선,행당,8997,7871,16868,1126,5,17,화
2022-05-17,5호선,왕십리(성동구청),4710,5646,10356,-936,5,17,화
2022-05-17,5호선,마장,6311,5959,12270,352,5,17,화
2022-05-17,5호선,답십리,16901,15426,32327,1475,5,17,화
2022-05-17,5호선,장한평,19434,19080,38514,354,5,17,화
2022-05-17,5호선,군자(능동),12049,13255,25304,-1206,5,17,화
2022-05-17,5호선,아차산(어린이대공원후문),16636,15918,32554,718,5,17,화
2022-05-17,5호선,광나루(장신대),15059,13578,28637,1481,5,17,화
2022-05-17,5호선,천호(풍납토성),19302,19454,38756,-152,5,17,화
2022-05-17,5호선,강동,20000,19260,39260,740,5,17,화
2022-05-17,5호선,길동,8647,8870,17517,-223,5,17,화
2022-05-17,5호선,굽은다리(강동구민회관앞),10324,9752,20076,572,5,17,화
2022-05-17,5호선,명일,9493,9848,19341,-355,5,17,화
2022-05-17,5호선,고덕,10704,10638,21342,66,5,17,화
2022-05-17,5호선,상일동,16474,15292,31766,1182,5,17,화
2022-05-17,5호선,둔촌동,8904,8896,17800,8,5,17,화
2022-05-17,5호선,올림픽공원(한국체대),5215,4632,9847,583,5,17,화
2022-05-17,5호선,방이,7720,7893,15613,-173,5,17,화
2022-05-17,5호선,오금,4210,4196,8406,14,5,17,화
2022-05-17,5호선,개롱,7164,7362,14526,-198,5,17,화
2022-05-17,5호선,거여,11652,11072,22724,580,5,17,화
2022-05-17,5호선,마천,8012,7565,15577,447,5,17,화
2022-05-17,5호선,강일,4990,4500,9490,490,5,17,화
2022-05-17,5호선,미사,17341,17210,34551,131,5,17,화
2022-05-17,5호선,하남풍산,4645,4507,9152,138,5,17,화
2022-05-17,5호선,하남시청(덕풍·신장),7521,7314,14835,207,5,17,화
2022-05-17,5호선,하남검단산,6232,5865,12097,367,5,17,화
2022-05-17,6호선,응암,18907,18403,37310,504,5,17,화
2022-05-17,6호선,역촌,4036,4578,8614,-542,5,17,화
2022-05-17,6호선,불광,4470,4552,9022,-82,5,17,화
2022-05-17,6호선,독바위,2997,3185,6182,-188,5,17,화
2022-05-17,6호선,연신내,1,0,1,1,5,17,화
2022-05-17,6호선,구산,8299,6031,14330,2268,5,17,화
2022-05-17,6호선,새절(신사),14406,13237,27643,1169,5,17,화
2022-05-17,6호선,증산(명지대앞),10834,10756,21590,78,5,17,화
2022-05-17,6호선,디지털미디어시티,15560,17107,32667,-1547,5,17,화
2022-05-17,6호선,월드컵경기장(성산),4619,4978,9597,-359,5,17,화
2022-05-17,6호선,마포구청,15502,13648,29150,1854,5,17,화
2022-05-17,6호선,망원,14582,15566,30148,-984,5,17,화
2022-05-17,6호선,합정,13568,13417,26985,151,5,17,화
2022-05-17,6호선,상수,9363,10758,20121,-1395,5,17,화
2022-05-17,6호선,광흥창(서강),10064,9532,19596,532,5,17,화
2022-05-17,6호선,대흥(서강대앞),9393,9779,19172,-386,5,17,화
2022-05-17,6호선,공덕,20490,19817,40307,673,5,17,화
2022-05-17,6호선,효창공원앞,8155,7442,15597,713,5,17,화
2022-05-17,6호선,삼각지,8305,7274,15579,1031,5,17,화
2022-05-17,6호선,녹사평(용산구청),5173,5177,10350,-4,5,17,화
2022-05-17,6호선,이태원,10309,10893,21202,-584,5,17,화
2022-05-17,6호선,한강진,9011,10445,19456,-1434,5,17,화
2022-05-17,6호선,버티고개,2398,2443,4841,-45,5,17,화
2022-05-17,6호선,약수,3953,3880,7833,73,5,17,화
2022-05-17,6호선,청구,3969,4118,8087,-149,5,17,화
2022-05-17,6호선,신당,8811,9488,18299,-677,5,17,화
2022-05-17,6호선,동묘앞,8284,8542,16826,-258,5,17,화
2022-05-17,6호선,보문,8057,7330,15387,727,5,17,화
2022-05-17,6호선,안암(고대병원앞),15368,15522,30890,-154,5,17,화
2022-05-17,6호선,고려대(종암),9779,9464,19243,315,5,17,화
2022-05-17,6호선,월곡(동덕여대),13595,13218,26813,377,5,17,화
2022-05-17,6호선,상월곡(한국과학기술연구원),7049,6499,13548,550,5,17,화
2022-05-17,6호선,돌곶이,10203,9453,19656,750,5,17,화
2022-05-17,6호선,석계,13722,14276,27998,-554,5,17,화
2022-05-17,6호선,태릉입구,7394,8664,16058,-1270,5,17,화
2022-05-17,6호선,화랑대(서울여대입구),14141,11040,25181,3101,5,17,화
2022-05-17,6호선,봉화산(서울의료원),9802,9147,18949,655,5,17,화
2022-05-17,7호선,장암,2521,959,3480,1562,5,17,화
2022-05-17,7호선,도봉산,10709,12145,22854,-1436,5,17,화
2022-05-17,7호선,수락산,13777,13402,27179,375,5,17,화
2022-05-17,7호선,마들,14147,13270,27417,877,5,17,화
2022-05-17,7호선,노원,20481,21604,42085,-1123,5,17,화
2022-05-17,7호선,중계,16211,14770,30981,1441,5,17,화
2022-05-17,7호선,하계,19273,18070,37343,1203,5,17,화
2022-05-17,7호선,공릉(서울과학기술대),13833,13580,27413,253,5,17,화
2022-05-17,7호선,태릉입구,11742,11493,23235,249,5,17,화
2022-05-17,7호선,먹골,11230,10717,21947,513,5,17,화
2022-05-17,7호선,중화,12241,11692,23933,549,5,17,화
2022-05-17,7호선,상봉(시외버스터미널),17884,16633,34517,1251,5,17,화
2022-05-17,7호선,면목,17857,17130,34987,727,5,17,화
2022-05-17,7호선,사가정,17482,17378,34860,104,5,17,화
2022-05-17,7호선,용마산(용마폭포공원),6613,6260,12873,353,5,17,화
2022-05-17,7호선,중곡,11856,10951,22807,905,5,17,화
2022-05-17,7호선,군자(능동),16040,12699,28739,3341,5,17,화
2022-05-17,7호선,어린이대공원(세종대),17269,17702,34971,-433,5,17,화
2022-05-17,7호선,건대입구,13579,14125,27704,-546,5,17,화
2022-05-17,7호선,뚝섬유원지,11263,10788,22051,475,5,17,화
2022-05-17,7호선,청담,21338,24033,45371,-2695,5,17,화
2022-05-17,7호선,강남구청,17530,19433,36963,-1903,5,17,화
2022-05-17,7호선,학동,26503,28213,54716,-1710,5,17,화
2022-05-17,7호선,논현,22252,24195,46447,-1943,5,17,화
2022-05-17,7호선,고속터미널,16278,14250,30528,2028,5,17,화
2022-05-17,7호선,내방,15991,16433,32424,-442,5,17,화
2022-05-17,7호선,이수,17019,16536,33555,483,5,17,화
2022-05-17,7호선,남성,12438,11420,23858,1018,5,17,화
2022-05-17,7호선,숭실대입구(살피재),16851,17460,34311,-609,5,17,화
2022-05-17,7호선,상도,12565,12253,24818,312,5,17,화
2022-05-17,7호선,장승배기,9800,9475,19275,325,5,17,화
2022-05-17,7호선,신대방삼거리,18237,17342,35579,895,5,17,화
2022-05-17,7호선,보라매,11313,11401,22714,-88,5,17,화
2022-05-17,7호선,신풍,12565,11901,24466,664,5,17,화
2022-05-17,7호선,대림(구로구청),8189,8184,16373,5,5,17,화
2022-05-17,7호선,남구로,16824,17698,34522,-874,5,17,화
2022-05-17,7호선,가산디지털단지,48454,48795,97249,-341,5,17,화
2022-05-17,7호선,철산,23148,23636,46784,-488,5,17,화
2022-05-17,7호선,광명사거리,23665,23114,46779,551,5,17,화
2022-05-17,7호선,천왕,12595,12060,24655,535,5,17,화
2022-05-17,7호선,온수(성공회대입구),12008,11289,23297,719,5,17,화
2022-05-17,8호선,암사,20467,17781,38248,2686,5,17,화
2022-05-17,8호선,천호(풍납토성),15584,17790,33374,-2206,5,17,화
2022-05-17,8호선,강동구청,11209,11501,22710,-292,5,17,화
2022-05-17,8호선,몽촌토성(평화의문),7256,7240,14496,16,5,17,화
2022-05-17,8호선,잠실(송파구청),13791,17011,30802,-3220,5,17,화
2022-05-17,8호선,석촌,8233,9370,17603,-1137,5,17,화
2022-05-17,8호선,송파,9018,8850,17868,168,5,17,화
2022-05-17,8호선,가락시장,8029,9039,17068,-1010,5,17,화
2022-05-17,8호선,문정,23323,24829,48152,-1506,5,17,화
2022-05-17,8호선,장지,18352,17470,35822,882,5,17,화
2022-05-17,8호선,복정,11101,9429,20530,1672,5,17,화
2022-05-17,8호선,산성,5896,5958,11854,-62,5,17,화
2022-05-17,8호선,남한산성입구(성남법원.검찰청),17124,15853,32977,1271,5,17,화
2022-05-17,8호선,단대오거리,12151,11480,23631,671,5,17,화
2022-05-17,8호선,신흥,4426,4660,9086,-234,5,17,화
2022-05-17,8호선,수진,5646,5131,10777,515,5,17,화
2022-05-17,8호선,모란,4652,3780,8432,872,5,17,화
2022-05-17,8호선,남위례,5851,6117,11968,-266,5,17,화
2022-05-17,9호선,개화,2974,2112,5086,862,5,17,화
2022-05-17,9호선,김포공항,7422,11126,18548,-3704,5,17,화
2022-05-17,9호선,공항시장,3181,3356,6537,-175,5,17,화
2022-05-17,9호선,신방화,7323,6931,14254,392,5,17,화
2022-05-17,9호선,마곡나루(서울식물원),13291,13201,26492,90,5,17,화
2022-05-17,9호선,양천향교,10749,10836,21585,-87,5,17,화
2022-05-17,9호선,가양,22768,21965,44733,803,5,17,화
2022-05-17,9호선,증미,7976,7695,15671,281,5,17,화
2022-05-17,9호선,등촌,12198,11608,23806,590,5,17,화
2022-05-17,9호선,염창,19012,18216,37228,796,5,17,화
2022-05-17,9호선,신목동,4650,4010,8660,640,5,17,화
2022-05-17,9호선,선유도,9618,9106,18724,512,5,17,화
2022-05-17,9호선,당산,20020,20279,40299,-259,5,17,화
2022-05-17,9호선,국회의사당,17213,18101,35314,-888,5,17,화
2022-05-17,9호선,여의도,30043,29970,60013,73,5,17,화
2022-05-17,9호선,샛강,6614,6923,13537,-309,5,17,화
2022-05-17,9호선,노량진,28186,27268,55454,918,5,17,화
2022-05-17,9호선,노들,4855,4090,8945,765,5,17,화
2022-05-17,9호선,흑석(중앙대입구),9933,10122,20055,-189,5,17,화
2022-05-17,9호선,동작(현충원),2308,1861,4169,447,5,17,화
2022-05-17,9호선,구반포,1356,1444,2800,-88,5,17,화
2022-05-17,9호선,신반포,4070,3996,8066,74,5,17,화
2022-05-17,9호선,고속터미널,13707,16566,30273,-2859,5,17,화
2022-05-17,9호선,사평,3993,3754,7747,239,5,17,화
2022-05-17,9호선,신논현,34075,34014,68089,61,5,17,화
2022-05-17,9호선2~3단계,언주,11394,11717,23111,-323,5,17,화
2022-05-17,9호선2~3단계,선정릉,10769,11978,22747,-1209,5,17,화
2022-05-17,9호선2~3단계,삼성중앙,7745,8145,15890,-400,5,17,화
2022-05-17,9호선2~3단계,봉은사,17523,17883,35406,-360,5,17,화
2022-05-17,9호선2~3단계,종합운동장,4497,4581,9078,-84,5,17,화
2022-05-17,9호선2~3단계,삼전,7371,7064,14435,307,5,17,화
2022-05-17,9호선2~3단계,석촌고분,6599,6227,12826,372,5,17,화
2022-05-17,9호선2~3단계,석촌,9337,8033,17370,1304,5,17,화
2022-05-17,9호선2~3단계,송파나루,5253,5555,10808,-302,5,17,화
2022-05-17,9호선2~3단계,한성백제,2850,2521,5371,329,5,17,화
2022-05-17,9호선2~3단계,올림픽공원(한국체대),6939,7071,14010,-132,5,17,화
2022-05-17,9호선2~3단계,둔촌오륜,1292,1118,2410,174,5,17,화
2022-05-17,9호선2~3단계,중앙보훈병원,12130,10763,22893,1367,5,17,화
2022-05-17,경강선,판교,5418,5343,10761,75,5,17,화
2022-05-17,경강선,이매,1290,1125,2415,165,5,17,화
2022-05-17,경강선,삼동,2768,2436,5204,332,5,17,화
2022-05-17,경강선,경기광주,8717,8191,16908,526,5,17,화
2022-05-17,경강선,초월,3538,3354,6892,184,5,17,화
2022-05-17,경강선,곤지암,2524,2477,5001,47,5,17,화
2022-05-17,경강선,신둔도예촌,1800,1633,3433,167,5,17,화
2022-05-17,경강선,이천,2845,2950,5795,-105,5,17,화
2022-05-17,경강선,부발,2302,2307,4609,-5,5,17,화
2022-05-17,경강선,세종대왕릉,352,374,726,-22,5,17,화
2022-05-17,경강선,여주,2823,2657,5480,166,5,17,화
2022-05-17,경부선,서울역,6363,2065,8428,4298,5,17,화
2022-05-17,경부선,남영,10329,10801,21130,-472,5,17,화
2022-05-17,경부선,용산,35224,36056,71280,-832,5,17,화
2022-05-17,경부선,노량진,8935,9064,17999,-129,5,17,화
2022-05-17,경부선,대방,14392,14895,29287,-503,5,17,화
2022-05-17,경부선,영등포,38929,39878,78807,-949,5,17,화
2022-05-17,경부선,신도림,4322,4672,8994,-350,5,17,화
2022-05-17,경부선,신길,10063,8674,18737,1389,5,17,화
2022-05-17,경부선,구로,19633,20358,39991,-725,5,17,화
2022-05-17,경부선,가산디지털단지,20184,23278,43462,-3094,5,17,화
2022-05-17,경부선,금천구청,12848,12886,25734,-38,5,17,화
2022-05-17,경부선,석수,10730,9703,20433,1027,5,17,화
2022-05-17,경부선,관악,8275,7700,15975,575,5,17,화
2022-05-17,경부선,안양,28869,28404,57273,465,5,17,화
2022-05-17,경부선,명학,11570,11572,23142,-2,5,17,화
2022-05-17,경부선,금정,29689,29975,59664,-286,5,17,화
2022-05-17,경부선,군포,8391,8243,16634,148,5,17,화
2022-05-17,경부선,의왕,10811,10624,21435,187,5,17,화
2022-05-17,경부선,성균관대,16836,16709,33545,127,5,17,화
2022-05-17,경부선,화서,9715,9182,18897,533,5,17,화
2022-05-17,경부선,수원,38728,41192,79920,-2464,5,17,화
2022-05-17,경부선,독산,20425,20955,41380,-530,5,17,화
2022-05-17,경부선,세류,3391,3188,6579,203,5,17,화
2022-05-17,경부선,병점,17934,17781,35715,153,5,17,화
2022-05-17,경부선,세마,3184,2982,6166,202,5,17,화
2022-05-17,경부선,오산대,4827,4544,9371,283,5,17,화
2022-05-17,경부선,오산,11185,10980,22165,205,5,17,화
2022-05-17,경부선,진위,1991,1844,3835,147,5,17,화
2022-05-17,경부선,송탄,4622,4434,9056,188,5,17,화
2022-05-17,경부선,서정리,8429,7992,16421,437,5,17,화
2022-05-17,경부선,평택지제,3934,3906,7840,28,5,17,화
2022-05-17,경부선,평택,13752,13875,27627,-123,5,17,화
2022-05-17,경부선,성환,6856,6729,13585,127,5,17,화
2022-05-17,경부선,직산,923,907,1830,16,5,17,화
2022-05-17,경부선,두정,8299,9024,17323,-725,5,17,화
2022-05-17,경부선,천안,7191,7006,14197,185,5,17,화
2022-05-17,경부선,당정,7888,7607,15495,281,5,17,화
2022-05-17,경부선,서동탄,1601,1403,3004,198,5,17,화
2022-05-17,경부선,광명,3641,3113,6754,528,5,17,화
2022-05-17,경원선,이촌(국립중앙박물관),4125,3155,7280,970,5,17,화
2022-05-17,경원선,서빙고,2278,2132,4410,146,5,17,화
2022-05-17,경원선,한남,4550,4270,8820,280,5,17,화
2022-05-17,경원선,옥수,54,54,108,0,5,17,화
2022-05-17,경원선,응봉,2142,1837,3979,305,5,17,화
2022-05-17,경원선,왕십리(성동구청),15581,16811,32392,-1230,5,17,화
2022-05-17,경원선,청량리(서울시립대입구),15775,16772,32547,-997,5,17,화
2022-05-17,경원선,외대앞,9124,9134,18258,-10,5,17,화
2022-05-17,경원선,신이문,9053,8323,17376,730,5,17,화
2022-05-17,경원선,석계,9195,10119,19314,-924,5,17,화
2022-05-17,경원선,광운대,9718,9527,19245,191,5,17,화
2022-05-17,경원선,월계,9125,8420,17545,705,5,17,화
2022-05-17,경원선,녹천,5211,4376,9587,835,5,17,화
2022-05-17,경원선,방학,10726,10556,21282,170,5,17,화
2022-05-17,경원선,도봉,6653,6350,13003,303,5,17,화
2022-05-17,경원선,도봉산,8638,5875,14513,2763,5,17,화
2022-05-17,경원선,망월사,10401,10507,20908,-106,5,17,화
2022-05-17,경원선,회룡,14058,13830,27888,228,5,17,화
2022-05-17,경원선,의정부,19641,20149,39790,-508,5,17,화
2022-05-17,경원선,가능,7656,7292,14948,364,5,17,화
2022-05-17,경원선,녹양,5076,4742,9818,334,5,17,화
2022-05-17,경원선,양주,8829,8215,17044,614,5,17,화
2022-05-17,경원선,덕계,3826,3442,7268,384,5,17,화
2022-05-17,경원선,덕정,6900,6729,13629,171,5,17,화
2022-05-17,경원선,지행,7498,7607,15105,-109,5,17,화
2022-05-17,경원선,동두천중앙,3515,3356,6871,159,5,17,화
2022-05-17,경원선,보산,1631,1497,3128,134,5,17,화
2022-05-17,경원선,동두천,2539,2921,5460,-382,5,17,화
2022-05-17,경원선,소요산,2976,2574,5550,402,5,17,화
2022-05-17,경의선,서울역,4958,6668,11626,-1710,5,17,화
2022-05-17,경의선,신촌,990,1347,2337,-357,5,17,화
2022-05-17,경의선,효창공원앞,3476,3865,7341,-389,5,17,화
2022-05-17,경의선,공덕,3789,3513,7302,276,5,17,화
2022-05-17,경의선,서강대,2418,2433,4851,-15,5,17,화
2022-05-17,경의선,홍대입구,1838,2101,3939,-263,5,17,화
2022-05-17,경의선,가좌,6376,5973,12349,403,5,17,화
2022-05-17,경의선,디지털미디어시티,3008,2735,5743,273,5,17,화
2022-05-17,경의선,수색,3211,3462,6673,-251,5,17,화
2022-05-17,경의선,화전,3901,3643,7544,258,5,17,화
2022-05-17,경의선,강매,3751,3274,7025,477,5,17,화
2022-05-17,경의선,행신,9013,9078,18091,-65,5,17,화
2022-05-17,경의선,능곡,4383,3942,8325,441,5,17,화
2022-05-17,경의선,곡산,723,762,1485,-39,5,17,화
2022-05-17,경의선,백마,7982,7701,15683,281,5,17,화
2022-05-17,경의선,풍산,6385,5883,12268,502,5,17,화
2022-05-17,경의선,일산,10726,10453,21179,273,5,17,화
2022-05-17,경의선,탄현,8851,8322,17173,529,5,17,화
2022-05-17,경의선,야당,8606,8518,17124,88,5,17,화
2022-05-17,경의선,운정,7902,7261,15163,641,5,17,화
2022-05-17,경의선,금릉,5448,5320,10768,128,5,17,화
2022-05-17,경의선,금촌,7101,6784,13885,317,5,17,화
2022-05-17,경의선,월롱,3453,3209,6662,244,5,17,화
2022-05-17,경의선,파주,1771,1305,3076,466,5,17,화
2022-05-17,경의선,문산,5593,5420,11013,173,5,17,화
2022-05-17,경의선,임진강,63,60,123,3,5,17,화
2022-05-17,경의선,계양,1,0,1,1,5,17,화
2022-05-17,경인선,개봉,23502,23225,46727,277,5,17,화
2022-05-17,경인선,오류동,13083,12008,25091,1075,5,17,화
2022-05-17,경인선,역곡,31816,31069,62885,747,5,17,화
2022-05-17,경인선,부천,34526,34445,68971,81,5,17,화
2022-05-17,경인선,송내,30736,30622,61358,114,5,17,화
2022-05-17,경인선,부평,30499,32515,63014,-2016,5,17,화
2022-05-17,경인선,백운,7768,7566,15334,202,5,17,화
2022-05-17,경인선,동암,16296,16262,32558,34,5,17,화
2022-05-17,경인선,주안,21361,19515,40876,1846,5,17,화
2022-05-17,경인선,제물포,12634,12136,24770,498,5,17,화
2022-05-17,경인선,동인천,14728,14260,28988,468,5,17,화
2022-05-17,경인선,인천,4674,3499,8173,1175,5,17,화
2022-05-17,경인선,구일,8261,8084,16345,177,5,17,화
2022-05-17,경인선,소사,9817,9667,19484,150,5,17,화
2022-05-17,경인선,부개,9606,8825,18431,781,5,17,화
2022-05-17,경인선,간석,6523,6161,12684,362,5,17,화
2022-05-17,경인선,도원,4592,4641,9233,-49,5,17,화
2022-05-17,경인선,온수(성공회대입구),8073,7617,15690,456,5,17,화
2022-05-17,경인선,중동,10419,9729,20148,690,5,17,화
2022-05-17,경인선,도화,4643,4288,8931,355,5,17,화
2022-05-17,경춘선,신내,2552,2387,4939,165,5,17,화
2022-05-17,경춘선,갈매,3406,2953,6359,453,5,17,화
2022-05-17,경춘선,별내,3593,3265,6858,328,5,17,화
2022-05-17,경춘선,퇴계원,4012,3550,7562,462,5,17,화
2022-05-17,경춘선,사릉,2943,2801,5744,142,5,17,화
2022-05-17,경춘선,금곡,1838,1760,3598,78,5,17,화
2022-05-17,경춘선,평내호평,7242,7050,14292,192,5,17,화
2022-05-17,경춘선,천마산,1978,1804,3782,174,5,17,화
2022-05-17,경춘선,마석,4679,4495,9174,184,5,17,화
2022-05-17,경춘선,대성리,696,584,1280,112,5,17,화
2022-05-17,경춘선,청평,1783,1774,3557,9,5,17,화
2022-05-17,경춘선,상천,399,356,755,43,5,17,화
2022-05-17,경춘선,가평,1991,1984,3975,7,5,17,화
2022-05-17,경춘선,굴봉산,168,147,315,21,5,17,화
2022-05-17,경춘선,백양리,83,78,161,5,5,17,화
2022-05-17,경춘선,강촌,548,521,1069,27,5,17,화
2022-05-17,경춘선,김유정,438,491,929,-53,5,17,화
2022-05-17,경춘선,남춘천,3499,3463,6962,36,5,17,화
2022-05-17,경춘선,춘천,2001,1879,3880,122,5,17,화
2022-05-17,공항철도 1호선,서울역,8466,7674,16140,792,5,17,화
2022-05-17,공항철도 1호선,공덕,2447,3157,5604,-710,5,17,화
2022-05-17,공항철도 1호선,홍대입구,10126,10137,20263,-11,5,17,화
2022-05-17,공항철도 1호선,디지털미디어시티,15635,14653,30288,982,5,17,화
2022-05-17,공항철도 1호선,마곡나루(서울식물원),11080,10647,21727,433,5,17,화
2022-05-17,공항철도 1호선,김포공항,12187,7050,19237,5137,5,17,화
2022-05-17,공항철도 1호선,계양,11974,11179,23153,795,5,17,화
2022-05-17,공항철도 1호선,검암,7231,7260,14491,-29,5,17,화
2022-05-17,공항철도 1호선,청라국제도시,7905,7587,15492,318,5,17,화
2022-05-17,공항철도 1호선,운서,7663,7723,15386,-60,5,17,화
2022-05-17,공항철도 1호선,공항화물청사,2466,2589,5055,-123,5,17,화
2022-05-17,공항철도 1호선,인천공항1터미널,5400,5552,10952,-152,5,17,화
2022-05-17,공항철도 1호선,인천공항2터미널,2878,2699,5577,179,5,17,화
2022-05-17,공항철도 1호선,영종,3400,3498,6898,-98,5,17,화
2022-05-17,과천선,선바위,9389,8330,17719,1059,5,17,화
2022-05-17,과천선,경마공원,1935,1771,3706,164,5,17,화
2022-05-17,과천선,대공원,4894,5128,10022,-234,5,17,화
2022-05-17,과천선,과천,7068,6574,13642,494,5,17,화
2022-05-17,과천선,정부과천청사,11899,11774,23673,125,5,17,화
2022-05-17,과천선,인덕원,27093,27772,54865,-679,5,17,화
2022-05-17,과천선,평촌,19875,19405,39280,470,5,17,화
2022-05-17,과천선,범계,28279,28110,56389,169,5,17,화
2022-05-17,분당선,선릉,14616,22844,37460,-8228,5,17,화
2022-05-17,분당선,한티,15356,16201,31557,-845,5,17,화
2022-05-17,분당선,도곡,7745,7678,15423,67,5,17,화
2022-05-17,분당선,구룡,2718,2541,5259,177,5,17,화
2022-05-17,분당선,개포동,4417,4497,8914,-80,5,17,화
2022-05-17,분당선,대모산입구,5144,4631,9775,513,5,17,화
2022-05-17,분당선,수서,14819,15067,29886,-248,5,17,화
2022-05-17,분당선,복정,1,0,1,1,5,17,화
2022-05-17,분당선,수원,8965,7653,16618,1312,5,17,화
2022-05-17,분당선,서울숲,12614,12921,25535,-307,5,17,화
2022-05-17,분당선,압구정로데오,19955,22196,42151,-2241,5,17,화
2022-05-17,분당선,강남구청,11112,12937,24049,-1825,5,17,화
2022-05-17,분당선,선정릉,8942,9615,18557,-673,5,17,화
2022-05-17,분당선,가천대,14128,15077,29205,-949,5,17,화
2022-05-17,분당선,태평,14446,13865,28311,581,5,17,화
2022-05-17,분당선,모란,21746,21903,43649,-157,5,17,화
2022-05-17,분당선,야탑,28168,29506,57674,-1338,5,17,화
2022-05-17,분당선,서현,25803,26682,52485,-879,5,17,화
2022-05-17,분당선,수내,14543,14598,29141,-55,5,17,화
2022-05-17,분당선,정자,19355,20484,39839,-1129,5,17,화
2022-05-17,분당선,미금,16896,18210,35106,-1314,5,17,화
2022-05-17,분당선,오리,12700,10247,22947,2453,5,17,화
2022-05-17,분당선,이매,6472,5919,12391,553,5,17,화
2022-05-17,분당선,보정,2953,2549,5502,404,5,17,화
2022-05-17,분당선,죽전,15838,17419,33257,-1581,5,17,화
2022-05-17,분당선,구성,5793,5920,11713,-127,5,17,화
2022-05-17,분당선,기흥,11355,10722,22077,633,5,17,화
2022-05-17,분당선,상갈,6139,5885,12024,254,5,17,화
2022-05-17,분당선,청명,4825,4691,9516,134,5,17,화
2022-05-17,분당선,영통,9015,9133,18148,-118,5,17,화
2022-05-17,분당선,망포,16042,15200,31242,842,5,17,화
2022-05-17,분당선,매탄권선,5864,5532,11396,332,5,17,화
2022-05-17,분당선,수원시청,13617,14749,28366,-1132,5,17,화
2022-05-17,분당선,매교,3497,3539,7036,-42,5,17,화
2022-05-17,수인선,고색,5455,5143,10598,312,5,17,화
2022-05-17,수인선,오목천,4452,4050,8502,402,5,17,화
2022-05-17,수인선,어천,803,872,1675,-69,5,17,화
2022-05-17,수인선,야목,456,330,786,126,5,17,화
2022-05-17,수인선,사리,5507,4848,10355,659,5,17,화
2022-05-17,수인선,달월,127,86,213,41,5,17,화
2022-05-17,수인선,월곶,3094,2827,5921,267,5,17,화
2022-05-17,수인선,소래포구,7634,7240,14874,394,5,17,화
2022-05-17,수인선,인천논현,6102,6613,12715,-511,5,17,화
2022-05-17,수인선,호구포,4542,4781,9323,-239,5,17,화
2022-05-17,수인선,남동인더스파크,2410,2684,5094,-274,5,17,화
2022-05-17,수인선,원인재,4762,5077,9839,-315,5,17,화
2022-05-17,중앙선,지평,75,88,163,-13,5,17,화
2022-05-17,중앙선,용문,2181,2185,4366,-4,5,17,화
2022-05-17,중앙선,원덕,425,396,821,29,5,17,화
2022-05-17,중앙선,양평,3026,3057,6083,-31,5,17,화
2022-05-17,중앙선,오빈,360,350,710,10,5,17,화
2022-05-17,중앙선,아신,580,611,1191,-31,5,17,화
2022-05-17,중앙선,국수,844,829,1673,15,5,17,화
2022-05-17,중앙선,신원,276,225,501,51,5,17,화
2022-05-17,중앙선,양수,2159,2224,4383,-65,5,17,화
2022-05-17,중앙선,운길산,1014,943,1957,71,5,17,화
2022-05-17,중앙선,팔당,992,997,1989,-5,5,17,화
2022-05-17,중앙선,도심,2778,2173,4951,605,5,17,화
2022-05-17,중앙선,덕소,6207,6231,12438,-24,5,17,화
2022-05-17,중앙선,양정,845,719,1564,126,5,17,화
2022-05-17,중앙선,도농,12474,11137,23611,1337,5,17,화
2022-05-17,중앙선,구리,14776,14936,29712,-160,5,17,화
2022-05-17,중앙선,양원,3525,3285,6810,240,5,17,화
2022-05-17,중앙선,망우,8465,8310,16775,155,5,17,화
2022-05-17,중앙선,상봉(시외버스터미널),6283,6276,12559,7,5,17,화
2022-05-17,중앙선,중랑,6318,5872,12190,446,5,17,화
2022-05-17,중앙선,회기,27917,26962,54879,955,5,17,화
2022-05-17,장항선,신창(순천향대),3095,3069,6164,26,5,17,화
2022-05-17,장항선,온양온천,4165,4318,8483,-153,5,17,화
2022-05-17,장항선,배방,1273,1208,2481,65,5,17,화
2022-05-17,장항선,탕정,986,865,1851,121,5,17,화
2022-05-17,장항선,아산,4192,3484,7676,708,5,17,화
2022-05-17,장항선,쌍용(나사렛대),3338,3089,6427,249,5,17,화
2022-05-17,장항선,봉명,1453,1468,2921,-15,5,17,화
2022-05-17,일산선,대화,14231,11146,25377,3085,5,17,화
2022-05-17,일산선,주엽,10326,10080,20406,246,5,17,화
2022-05-17,일산선,정발산,7611,7794,15405,-183,5,17,화
2022-05-17,일산선,마두,8403,8505,16908,-102,5,17,화
2022-05-17,일산선,백석,10702,10508,21210,194,5,17,화
2022-05-17,일산선,대곡,2580,1959,4539,621,5,17,화
2022-05-17,일산선,화정,18451,19004,37455,-553,5,17,화
2022-05-17,일산선,원당,12454,11750,24204,704,5,17,화
2022-05-17,일산선,삼송,21605,20783,42388,822,5,17,화
2022-05-17,일산선,원흥,12201,11384,23585,817,5,17,화
2022-05-17,우이신설선,신설동,2340,2319,4659,21,5,17,화
2022-05-17,우이신설선,보문,1647,1647,3294,0,5,17,화
2022-05-17,우이신설선,성신여대입구(돈암),3558,4017,7575,-459,5,17,화
2022-05-17,우이신설선,정릉,5474,4790,10264,684,5,17,화
2022-05-17,우이신설선,북한산보국문,6686,6197,12883,489,5,17,화
2022-05-17,우이신설선,솔샘,6379,5970,12349,409,5,17,화
2022-05-17,우이신설선,삼양사거리,2624,2579,5203,45,5,17,화
2022-05-17,우이신설선,삼양,2039,2212,4251,-173,5,17,화
2022-05-17,우이신설선,화계,3746,3353,7099,393,5,17,화
2022-05-17,우이신설선,가오리,4477,4369,8846,108,5,17,화
2022-05-17,우이신설선,4.19민주묘지,3729,3577,7306,152,5,17,화
2022-05-17,우이신설선,솔밭공원,2701,2496,5197,205,5,17,화
2022-05-17,우이신설선,북한산우이,3068,2766,5834,302,5,17,화
2022-05-17,안산선,수리산,4728,3984,8712,744,5,17,화
2022-05-17,안산선,오이도,9636,9217,18853,419,5,17,화
2022-05-17,안산선,정왕,11257,11462,22719,-205,5,17,화
2022-05-17,안산선,신길온천,1999,1884,3883,115,5,17,화
2022-05-17,안산선,안산,12388,11178,23566,1210,5,17,화
2022-05-17,안산선,초지,5815,6169,11984,-354,5,17,화
2022-05-17,안산선,고잔,9985,9410,19395,575,5,17,화
2022-05-17,안산선,중앙,20024,20952,40976,-928,5,17,화
2022-05-17,안산선,한대앞,11643,11653,23296,-10,5,17,화
2022-05-17,안산선,상록수,17994,18303,36297,-309,5,17,화
2022-05-17,안산선,반월,4735,4547,9282,188,5,17,화
2022-05-17,안산선,대야미,5658,5087,10745,571,5,17,화
2022-05-17,안산선,산본,17564,18791,36355,-1227,5,17,화
2022-05-17,수인선,인천,1096,1851,2947,-755,5,17,화
2022-05-17,수인선,신포,2064,2065,4129,-1,5,17,화
2022-05-17,수인선,숭의,4600,4292,8892,308,5,17,화
2022-05-17,수인선,인하대,8283,7919,16202,364,5,17,화
2022-05-17,수인선,송도,2755,2563,5318,192,5,17,화
2022-05-17,수인선,연수,4934,4903,9837,31,5,17,화
2022-05-18,수인선,연수,5045,5043,10088,2,5,18,수
2022-05-18,공항철도 1호선,서울역,8515,7828,16343,687,5,18,수
2022-05-18,공항철도 1호선,공덕,2495,3316,5811,-821,5,18,수
2022-05-18,공항철도 1호선,홍대입구,10209,10323,20532,-114,5,18,수
2022-05-18,공항철도 1호선,디지털미디어시티,15451,14358,29809,1093,5,18,수
2022-05-18,공항철도 1호선,마곡나루(서울식물원),10829,10417,21246,412,5,18,수
2022-05-18,공항철도 1호선,김포공항,11870,6965,18835,4905,5,18,수
2022-05-18,공항철도 1호선,계양,11685,10782,22467,903,5,18,수
2022-05-18,공항철도 1호선,검암,7148,7169,14317,-21,5,18,수
2022-05-18,공항철도 1호선,청라국제도시,7859,7467,15326,392,5,18,수
2022-05-18,공항철도 1호선,운서,7553,7524,15077,29,5,18,수
2022-05-18,공항철도 1호선,공항화물청사,2445,2582,5027,-137,5,18,수
2022-05-18,공항철도 1호선,인천공항1터미널,5668,5589,11257,79,5,18,수
2022-05-18,공항철도 1호선,인천공항2터미널,2991,2807,5798,184,5,18,수
2022-05-18,공항철도 1호선,영종,3410,3421,6831,-11,5,18,수
2022-05-18,과천선,선바위,9191,8185,17376,1006,5,18,수
2022-05-18,과천선,경마공원,1713,1754,3467,-41,5,18,수
2022-05-18,과천선,대공원,4496,4891,9387,-395,5,18,수
2022-05-18,과천선,과천,7085,6413,13498,672,5,18,수
2022-05-18,과천선,정부과천청사,11742,11728,23470,14,5,18,수
2022-05-18,과천선,인덕원,26945,27590,54535,-645,5,18,수
2022-05-18,과천선,평촌,19790,19266,39056,524,5,18,수
2022-05-18,과천선,범계,29028,29258,58286,-230,5,18,수
2022-05-18,분당선,선릉,14677,22962,37639,-8285,5,18,수
2022-05-18,분당선,한티,15615,16659,32274,-1044,5,18,수
2022-05-18,분당선,도곡,7661,7445,15106,216,5,18,수
2022-05-18,분당선,구룡,2705,2507,5212,198,5,18,수
2022-05-18,분당선,개포동,4515,4611,9126,-96,5,18,수
2022-05-18,분당선,대모산입구,5116,4593,9709,523,5,18,수
2022-05-18,분당선,수서,14618,14913,29531,-295,5,18,수
2022-05-18,분당선,수원,8860,7392,16252,1468,5,18,수
2022-05-18,분당선,서울숲,12765,13149,25914,-384,5,18,수
2022-05-18,분당선,압구정로데오,19940,22269,42209,-2329,5,18,수
2022-05-18,분당선,강남구청,11063,12750,23813,-1687,5,18,수
2022-05-18,분당선,선정릉,8705,9474,18179,-769,5,18,수
2022-05-18,분당선,가천대,13287,14247,27534,-960,5,18,수
2022-05-18,분당선,태평,14222,13699,27921,523,5,18,수
2022-05-18,분당선,모란,21175,18884,40059,2291,5,18,수
2022-05-18,분당선,야탑,28914,30422,59336,-1508,5,18,수
2022-05-18,분당선,서현,25893,26287,52180,-394,5,18,수
2022-05-18,분당선,수내,14730,14906,29636,-176,5,18,수
2022-05-18,분당선,정자,19510,20690,40200,-1180,5,18,수
2022-05-18,분당선,미금,17106,18183,35289,-1077,5,18,수
2022-05-18,분당선,오리,12743,10354,23097,2389,5,18,수
2022-05-18,분당선,이매,6409,5979,12388,430,5,18,수
2022-05-18,분당선,보정,3039,2641,5680,398,5,18,수
2022-05-18,분당선,죽전,15494,17047,32541,-1553,5,18,수
2022-05-18,분당선,구성,5717,6138,11855,-421,5,18,수
2022-05-18,분당선,신갈,4993,4944,9937,49,5,18,수
2022-05-18,분당선,기흥,11540,10795,22335,745,5,18,수
2022-05-18,분당선,상갈,6244,6005,12249,239,5,18,수
2022-05-18,분당선,청명,4795,4576,9371,219,5,18,수
2022-05-18,분당선,영통,8877,9227,18104,-350,5,18,수
2022-05-18,분당선,망포,15927,15268,31195,659,5,18,수
2022-05-18,분당선,매탄권선,5705,5401,11106,304,5,18,수
2022-05-18,분당선,수원시청,13718,14544,28262,-826,5,18,수
2022-05-18,분당선,매교,3386,3420,6806,-34,5,18,수
2022-05-18,수인선,고색,5418,5194,10612,224,5,18,수
2022-05-18,수인선,오목천,4476,4167,8643,309,5,18,수
2022-05-18,수인선,어천,808,872,1680,-64,5,18,수
2022-05-18,수인선,야목,450,324,774,126,5,18,수
2022-05-18,수인선,사리,5492,4807,10299,685,5,18,수
2022-05-18,수인선,달월,139,88,227,51,5,18,수
2022-05-18,수인선,월곶,3171,2879,6050,292,5,18,수
2022-05-18,수인선,소래포구,6581,6283,12864,298,5,18,수
2022-05-18,수인선,인천논현,6003,6444,12447,-441,5,18,수
2022-05-18,수인선,호구포,4597,4713,9310,-116,5,18,수
2022-05-18,수인선,남동인더스파크,2405,2746,5151,-341,5,18,수
2022-05-18,수인선,원인재,4906,4976,9882,-70,5,18,수
2022-05-18,6호선,상월곡(한국과학기술연구원),7038,6612,13650,426,5,18,수
2022-05-18,수인선,송도,2709,2533,5242,176,5,18,수
2022-05-18,6호선,돌곶이,10277,9489,19766,788,5,18,수
2022-05-18,6호선,석계,13641,14130,27771,-489,5,18,수
2022-05-18,6호선,태릉입구,7097,8323,15420,-1226,5,18,수
2022-05-18,6호선,화랑대(서울여대입구),13886,10736,24622,3150,5,18,수
2022-05-18,6호선,봉화산(서울의료원),9615,8868,18483,747,5,18,수
2022-05-18,7호선,장암,2479,943,3422,1536,5,18,수
2022-05-18,7호선,도봉산,10345,11594,21939,-1249,5,18,수
2022-05-18,7호선,수락산,13375,13059,26434,316,5,18,수
2022-05-18,7호선,마들,14104,13025,27129,1079,5,18,수
2022-05-18,7호선,노원,19875,21364,41239,-1489,5,18,수
2022-05-18,7호선,중계,16251,14690,30941,1561,5,18,수
2022-05-18,7호선,하계,19563,18293,37856,1270,5,18,수
2022-05-18,7호선,공릉(서울과학기술대),13637,13167,26804,470,5,18,수
2022-05-18,7호선,태릉입구,11574,11282,22856,292,5,18,수
2022-05-18,7호선,먹골,11167,10696,21863,471,5,18,수
2022-05-18,7호선,중화,11874,11256,23130,618,5,18,수
2022-05-18,7호선,상봉(시외버스터미널),17907,16467,34374,1440,5,18,수
2022-05-18,7호선,면목,17339,16724,34063,615,5,18,수
2022-05-18,7호선,사가정,17000,17049,34049,-49,5,18,수
2022-05-18,7호선,용마산(용마폭포공원),6613,6233,12846,380,5,18,수
2022-05-18,7호선,중곡,12038,11006,23044,1032,5,18,수
2022-05-18,7호선,군자(능동),15946,12611,28557,3335,5,18,수
2022-05-18,7호선,어린이대공원(세종대),17261,17620,34881,-359,5,18,수
2022-05-18,7호선,건대입구,13683,14259,27942,-576,5,18,수
2022-05-18,7호선,뚝섬유원지,10323,9827,20150,496,5,18,수
2022-05-18,7호선,청담,20883,23734,44617,-2851,5,18,수
2022-05-18,7호선,강남구청,17301,19395,36696,-2094,5,18,수
2022-05-18,7호선,학동,26070,28160,54230,-2090,5,18,수
2022-05-18,7호선,논현,21807,23838,45645,-2031,5,18,수
2022-05-18,7호선,고속터미널,16065,14136,30201,1929,5,18,수
2022-05-18,7호선,내방,15689,16159,31848,-470,5,18,수
2022-05-18,7호선,이수,17238,16574,33812,664,5,18,수
2022-05-18,7호선,남성,12155,11014,23169,1141,5,18,수
2022-05-18,7호선,숭실대입구(살피재),15883,15887,31770,-4,5,18,수
2022-05-18,7호선,상도,12460,12130,24590,330,5,18,수
2022-05-18,7호선,장승배기,9581,9235,18816,346,5,18,수
2022-05-18,7호선,신대방삼거리,17932,16987,34919,945,5,18,수
2022-05-18,7호선,보라매,11157,11177,22334,-20,5,18,수
2022-05-18,7호선,신풍,12769,12087,24856,682,5,18,수
2022-05-18,7호선,대림(구로구청),7973,8045,16018,-72,5,18,수
2022-05-18,7호선,남구로,16654,17739,34393,-1085,5,18,수
2022-05-18,7호선,가산디지털단지,48001,48770,96771,-769,5,18,수
2022-05-18,7호선,철산,22600,22780,45380,-180,5,18,수
2022-05-18,7호선,광명사거리,23197,22739,45936,458,5,18,수
2022-05-18,7호선,천왕,12315,11765,24080,550,5,18,수
2022-05-18,7호선,온수(성공회대입구),11820,11099,22919,721,5,18,수
2022-05-18,8호선,암사,20418,17650,38068,2768,5,18,수
2022-05-18,8호선,천호(풍납토성),15352,17682,33034,-2330,5,18,수
2022-05-18,8호선,강동구청,11233,11528,22761,-295,5,18,수
2022-05-18,8호선,몽촌토성(평화의문),6741,6747,13488,-6,5,18,수
2022-05-18,8호선,잠실(송파구청),13974,16956,30930,-2982,5,18,수
2022-05-18,8호선,석촌,8279,9409,17688,-1130,5,18,수
2022-05-18,8호선,송파,9217,8836,18053,381,5,18,수
2022-05-18,8호선,가락시장,8140,9009,17149,-869,5,18,수
2022-05-18,8호선,문정,23406,24815,48221,-1409,5,18,수
2022-05-18,8호선,장지,18452,17718,36170,734,5,18,수
2022-05-18,8호선,복정,10952,9184,20136,1768,5,18,수
2022-05-18,8호선,산성,5949,5810,11759,139,5,18,수
2022-05-18,8호선,남한산성입구(성남법원.검찰청),16663,15238,31901,1425,5,18,수
2022-05-18,8호선,단대오거리,12107,11531,23638,576,5,18,수
2022-05-18,8호선,신흥,4432,4804,9236,-372,5,18,수
2022-05-18,8호선,수진,5727,5220,10947,507,5,18,수
2022-05-18,8호선,모란,4616,3624,8240,992,5,18,수
2022-05-18,8호선,남위례,5690,5994,11684,-304,5,18,수
2022-05-18,9호선,개화,2817,1957,4774,860,5,18,수
2022-05-18,9호선,김포공항,7154,11558,18712,-4404,5,18,수
2022-05-18,9호선,공항시장,3208,3357,6565,-149,5,18,수
2022-05-18,9호선,신방화,7461,7073,14534,388,5,18,수
2022-05-18,9호선,마곡나루(서울식물원),13302,13284,26586,18,5,18,수
2022-05-18,9호선,양천향교,10602,10690,21292,-88,5,18,수
2022-05-18,9호선,가양,22562,22159,44721,403,5,18,수
2022-05-18,9호선,증미,7807,7481,15288,326,5,18,수
2022-05-18,9호선,등촌,11936,11263,23199,673,5,18,수
2022-05-18,9호선,염창,18455,17737,36192,718,5,18,수
2022-05-18,9호선,신목동,4707,4009,8716,698,5,18,수
2022-05-18,9호선,선유도,9423,9092,18515,331,5,18,수
2022-05-18,9호선,당산,20110,20020,40130,90,5,18,수
2022-05-18,9호선,국회의사당,16549,17717,34266,-1168,5,18,수
2022-05-18,9호선,여의도,30040,29867,59907,173,5,18,수
2022-05-18,9호선,샛강,6590,6945,13535,-355,5,18,수
2022-05-18,9호선,노량진,28510,27556,56066,954,5,18,수
2022-05-18,9호선,노들,4929,4115,9044,814,5,18,수
2022-05-18,9호선,흑석(중앙대입구),10051,10106,20157,-55,5,18,수
2022-05-18,9호선,동작(현충원),2345,1913,4258,432,5,18,수
2022-05-18,9호선,구반포,1318,1477,2795,-159,5,18,수
2022-05-18,9호선,신반포,3973,3858,7831,115,5,18,수
2022-05-18,9호선,고속터미널,13293,16391,29684,-3098,5,18,수
2022-05-18,9호선,사평,3908,3668,7576,240,5,18,수
2022-05-18,9호선,신논현,33738,33404,67142,334,5,18,수
2022-05-18,9호선2~3단계,언주,11217,11439,22656,-222,5,18,수
2022-05-18,9호선2~3단계,선정릉,10535,11527,22062,-992,5,18,수
2022-05-18,9호선2~3단계,삼성중앙,7589,8048,15637,-459,5,18,수
2022-05-18,9호선2~3단계,봉은사,18242,18805,37047,-563,5,18,수
2022-05-18,9호선2~3단계,종합운동장,4493,4694,9187,-201,5,18,수
2022-05-18,9호선2~3단계,삼전,7394,6987,14381,407,5,18,수
2022-05-18,9호선2~3단계,석촌고분,6531,6183,12714,348,5,18,수
2022-05-18,9호선2~3단계,석촌,9363,8057,17420,1306,5,18,수
2022-05-18,9호선2~3단계,송파나루,5237,5636,10873,-399,5,18,수
2022-05-18,9호선2~3단계,한성백제,2854,2515,5369,339,5,18,수
2022-05-18,9호선2~3단계,올림픽공원(한국체대),6483,6513,12996,-30,5,18,수
2022-05-18,9호선2~3단계,둔촌오륜,1285,1140,2425,145,5,18,수
2022-05-18,9호선2~3단계,중앙보훈병원,11857,10326,22183,1531,5,18,수
2022-05-18,경강선,판교,5376,5336,10712,40,5,18,수
2022-05-18,경강선,이매,1205,1122,2327,83,5,18,수
2022-05-18,경강선,삼동,2671,2368,5039,303,5,18,수
2022-05-18,경강선,경기광주,8466,7904,16370,562,5,18,수
2022-05-18,경강선,초월,3536,3304,6840,232,5,18,수
2022-05-18,경강선,곤지암,2465,2476,4941,-11,5,18,수
2022-05-18,경강선,신둔도예촌,1782,1542,3324,240,5,18,수
2022-05-18,경강선,이천,2724,2852,5576,-128,5,18,수
2022-05-18,경강선,부발,2288,2212,4500,76,5,18,수
2022-05-18,경강선,세종대왕릉,357,338,695,19,5,18,수
2022-05-18,경강선,여주,2321,2376,4697,-55,5,18,수
2022-05-18,경부선,서울역,6331,2177,8508,4154,5,18,수
2022-05-18,경부선,남영,10476,11253,21729,-777,5,18,수
2022-05-18,경부선,용산,35059,35769,70828,-710,5,18,수
2022-05-18,경부선,노량진,8997,9134,18131,-137,5,18,수
2022-05-18,경부선,대방,14383,14796,29179,-413,5,18,수
2022-05-18,경부선,신도림,4395,4552,8947,-157,5,18,수
2022-05-18,경부선,신길,9936,8596,18532,1340,5,18,수
2022-05-18,경부선,구로,19894,20713,40607,-819,5,18,수
2022-05-18,경부선,가산디지털단지,20122,22668,42790,-2546,5,18,수
2022-05-18,경부선,금천구청,12840,12721,25561,119,5,18,수
2022-05-18,경부선,석수,10534,9396,19930,1138,5,18,수
2022-05-18,경부선,관악,8091,7684,15775,407,5,18,수
2022-05-18,경부선,안양,28928,28640,57568,288,5,18,수
2022-05-18,경부선,명학,11483,11258,22741,225,5,18,수
2022-05-18,경부선,금정,29349,29590,58939,-241,5,18,수
2022-05-18,경부선,군포,8366,8257,16623,109,5,18,수
2022-05-18,경부선,의왕,10592,10447,21039,145,5,18,수
2022-05-18,경부선,성균관대,16919,16516,33435,403,5,18,수
2022-05-18,경부선,화서,9250,8829,18079,421,5,18,수
2022-05-18,경부선,수원,38464,40905,79369,-2441,5,18,수
2022-05-18,경부선,독산,20184,20874,41058,-690,5,18,수
2022-05-18,경부선,세류,3415,3058,6473,357,5,18,수
2022-05-18,경부선,병점,17939,17937,35876,2,5,18,수
2022-05-18,경부선,세마,3266,3031,6297,235,5,18,수
2022-05-18,경부선,오산대,4622,4126,8748,496,5,18,수
2022-05-18,경부선,오산,11283,11357,22640,-74,5,18,수
2022-05-18,경부선,진위,1979,1776,3755,203,5,18,수
2022-05-18,경부선,송탄,4749,4550,9299,199,5,18,수
2022-05-18,경부선,서정리,8322,7634,15956,688,5,18,수
2022-05-18,경부선,평택지제,3817,3785,7602,32,5,18,수
2022-05-18,경부선,평택,13585,13785,27370,-200,5,18,수
2022-05-18,경부선,성환,7279,6921,14200,358,5,18,수
2022-05-18,경부선,직산,949,961,1910,-12,5,18,수
2022-05-18,경부선,두정,8300,9583,17883,-1283,5,18,수
2022-05-18,경부선,천안,7507,6831,14338,676,5,18,수
2022-05-18,경부선,당정,7918,7295,15213,623,5,18,수
2022-05-18,경부선,서동탄,1594,1395,2989,199,5,18,수
2022-05-18,경부선,광명,3503,3077,6580,426,5,18,수
2022-05-18,경원선,이촌(국립중앙박물관),4203,3030,7233,1173,5,18,수
2022-05-18,경원선,서빙고,2211,2059,4270,152,5,18,수
2022-05-18,경원선,한남,4485,4235,8720,250,5,18,수
2022-05-18,경원선,옥수,49,44,93,5,5,18,수
2022-05-18,경원선,응봉,2117,1758,3875,359,5,18,수
2022-05-18,경원선,왕십리(성동구청),15709,16999,32708,-1290,5,18,수
2022-05-18,경원선,청량리(서울시립대입구),15775,16459,32234,-684,5,18,수
2022-05-18,경원선,외대앞,8941,8933,17874,8,5,18,수
2022-05-18,경원선,신이문,8978,8278,17256,700,5,18,수
2022-05-18,경원선,석계,8860,9913,18773,-1053,5,18,수
2022-05-18,경원선,광운대,9958,9698,19656,260,5,18,수
2022-05-18,경원선,월계,8935,8241,17176,694,5,18,수
2022-05-18,경원선,녹천,5045,4226,9271,819,5,18,수
2022-05-18,경원선,창동,1,0,1,1,5,18,수
2022-05-18,경원선,방학,10387,10265,20652,122,5,18,수
2022-05-18,경원선,도봉,6508,6216,12724,292,5,18,수
2022-05-18,경원선,도봉산,7739,5150,12889,2589,5,18,수
2022-05-18,경원선,망월사,10512,10654,21166,-142,5,18,수
2022-05-18,경원선,회룡,13672,13559,27231,113,5,18,수
2022-05-18,경원선,의정부,19426,20185,39611,-759,5,18,수
2022-05-18,경원선,가능,7388,7009,14397,379,5,18,수
2022-05-18,경원선,녹양,5129,4800,9929,329,5,18,수
2022-05-18,경원선,양주,8639,7939,16578,700,5,18,수
2022-05-18,경원선,덕계,3662,3345,7007,317,5,18,수
2022-05-18,경원선,덕정,6691,6422,13113,269,5,18,수
2022-05-18,경원선,지행,7228,7172,14400,56,5,18,수
2022-05-18,경원선,동두천중앙,3297,3178,6475,119,5,18,수
2022-05-18,경원선,보산,1569,1412,2981,157,5,18,수
2022-05-18,경원선,동두천,2429,2691,5120,-262,5,18,수
2022-05-18,경원선,소요산,2351,1952,4303,399,5,18,수
2022-05-18,경의선,서울역,4942,6523,11465,-1581,5,18,수
2022-05-18,경의선,신촌,957,1284,2241,-327,5,18,수
2022-05-18,경의선,효창공원앞,3438,3723,7161,-285,5,18,수
2022-05-18,경의선,공덕,3896,3430,7326,466,5,18,수
2022-05-18,경의선,서강대,2380,2311,4691,69,5,18,수
2022-05-18,경의선,홍대입구,1909,2164,4073,-255,5,18,수
2022-05-18,경의선,가좌,6173,5790,11963,383,5,18,수
2022-05-18,경의선,디지털미디어시티,2830,2645,5475,185,5,18,수
2022-05-18,경의선,수색,3085,3225,6310,-140,5,18,수
2022-05-18,경의선,화전,3964,3715,7679,249,5,18,수
2022-05-18,경의선,강매,3620,3165,6785,455,5,18,수
2022-05-18,경의선,행신,8629,8769,17398,-140,5,18,수
2022-05-18,경의선,능곡,4329,3909,8238,420,5,18,수
2022-05-18,경의선,곡산,753,792,1545,-39,5,18,수
2022-05-18,경의선,백마,7889,7565,15454,324,5,18,수
2022-05-18,경의선,풍산,6269,5775,12044,494,5,18,수
2022-05-18,경의선,일산,11473,11275,22748,198,5,18,수
2022-05-18,경의선,탄현,8688,8128,16816,560,5,18,수
2022-05-18,경의선,야당,8527,8563,17090,-36,5,18,수
2022-05-18,경의선,운정,7728,7133,14861,595,5,18,수
2022-05-18,경의선,금릉,5523,5397,10920,126,5,18,수
2022-05-18,경의선,금촌,6908,6773,13681,135,5,18,수
2022-05-18,경의선,월롱,3527,3276,6803,251,5,18,수
2022-05-18,경의선,파주,1629,1209,2838,420,5,18,수
2022-05-18,경의선,문산,5424,5369,10793,55,5,18,수
2022-05-18,경의선,임진강,11,14,25,-3,5,18,수
2022-05-18,경인선,개봉,23594,22666,46260,928,5,18,수
2022-05-18,경인선,오류동,12823,11848,24671,975,5,18,수
2022-05-18,경인선,역곡,31537,30805,62342,732,5,18,수
2022-05-18,경인선,부천,34852,34928,69780,-76,5,18,수
2022-05-18,경인선,송내,30139,30156,60295,-17,5,18,수
2022-05-18,경인선,부평,30123,32367,62490,-2244,5,18,수
2022-05-18,경인선,백운,7572,7399,14971,173,5,18,수
2022-05-18,경인선,동암,15862,15952,31814,-90,5,18,수
2022-05-18,경인선,주안,21573,19553,41126,2020,5,18,수
2022-05-18,경인선,제물포,12352,11709,24061,643,5,18,수
2022-05-18,경인선,동인천,15260,14299,29559,961,5,18,수
2022-05-18,경인선,인천,3828,2874,6702,954,5,18,수
2022-05-18,경인선,구일,8207,7969,16176,238,5,18,수
2022-05-18,경인선,소사,9728,9518,19246,210,5,18,수
2022-05-18,경인선,부개,9537,8717,18254,820,5,18,수
2022-05-18,경인선,간석,6563,6125,12688,438,5,18,수
2022-05-18,경인선,도원,3701,3687,7388,14,5,18,수
2022-05-18,경인선,온수(성공회대입구),7873,7379,15252,494,5,18,수
2022-05-18,경춘선,춘천,1828,1556,3384,272,5,18,수
2022-05-18,경인선,중동,10198,9582,19780,616,5,18,수
2022-05-18,경인선,도화,4601,4296,8897,305,5,18,수
2022-05-18,경춘선,신내,2452,2298,4750,154,5,18,수
2022-05-18,경춘선,갈매,3389,2917,6306,472,5,18,수
2022-05-18,경춘선,별내,3552,3328,6880,224,5,18,수
2022-05-18,경춘선,퇴계원,3831,3522,7353,309,5,18,수
2022-05-18,경춘선,사릉,2815,2722,5537,93,5,18,수
2022-05-18,경춘선,금곡,1756,1683,3439,73,5,18,수
2022-05-18,경춘선,평내호평,7162,6896,14058,266,5,18,수
2022-05-18,경춘선,천마산,1948,1808,3756,140,5,18,수
2022-05-18,경춘선,마석,4696,4578,9274,118,5,18,수
2022-05-18,경춘선,대성리,588,586,1174,2,5,18,수
2022-05-18,경춘선,청평,1658,1650,3308,8,5,18,수
2022-05-18,경춘선,상천,314,298,612,16,5,18,수
2022-05-18,경춘선,가평,1662,1671,3333,-9,5,18,수
2022-05-18,경춘선,굴봉산,149,134,283,15,5,18,수
2022-05-18,경춘선,백양리,89,102,191,-13,5,18,수
2022-05-18,경춘선,강촌,579,469,1048,110,5,18,수
2022-05-18,경춘선,김유정,374,510,884,-136,5,18,수
2022-05-18,경춘선,남춘천,2626,2661,5287,-35,5,18,수
2022-05-18,중앙선,지평,59,82,141,-23,5,18,수
2022-05-18,중앙선,용문,1871,1893,3764,-22,5,18,수
2022-05-18,중앙선,원덕,405,368,773,37,5,18,수
2022-05-18,중앙선,양평,3897,3975,7872,-78,5,18,수
2022-05-18,중앙선,오빈,390,358,748,32,5,18,수
2022-05-18,중앙선,아신,633,634,1267,-1,5,18,수
2022-05-18,중앙선,국수,776,788,1564,-12,5,18,수
2022-05-18,중앙선,신원,272,218,490,54,5,18,수
2022-05-18,중앙선,양수,2057,2031,4088,26,5,18,수
2022-05-18,중앙선,운길산,834,837,1671,-3,5,18,수
2022-05-18,중앙선,팔당,1045,1085,2130,-40,5,18,수
2022-05-18,중앙선,도심,2814,2180,4994,634,5,18,수
2022-05-18,중앙선,덕소,6024,6016,12040,8,5,18,수
2022-05-18,중앙선,양정,770,696,1466,74,5,18,수
2022-05-18,중앙선,도농,12017,10683,22700,1334,5,18,수
2022-05-18,중앙선,구리,14629,14710,29339,-81,5,18,수
2022-05-18,중앙선,양원,3486,3285,6771,201,5,18,수
2022-05-18,중앙선,망우,8409,8256,16665,153,5,18,수
2022-05-18,중앙선,상봉(시외버스터미널),6092,6234,12326,-142,5,18,수
2022-05-18,중앙선,중랑,6282,5828,12110,454,5,18,수
2022-05-18,중앙선,회기,26954,26385,53339,569,5,18,수
2022-05-18,장항선,신창(순천향대),2974,2930,5904,44,5,18,수
2022-05-18,장항선,온양온천,4021,4148,8169,-127,5,18,수
2022-05-18,장항선,배방,1267,1240,2507,27,5,18,수
2022-05-18,장항선,탕정,1002,878,1880,124,5,18,수
2022-05-18,장항선,아산,4244,3622,7866,622,5,18,수
2022-05-18,장항선,쌍용(나사렛대),3247,2986,6233,261,5,18,수
2022-05-18,장항선,봉명,1438,1393,2831,45,5,18,수
2022-05-18,일산선,대화,13731,10700,24431,3031,5,18,수
2022-05-18,일산선,주엽,9957,9886,19843,71,5,18,수
2022-05-18,일산선,정발산,7365,7641,15006,-276,5,18,수
2022-05-18,일산선,마두,8173,8335,16508,-162,5,18,수
2022-05-18,일산선,백석,10398,10277,20675,121,5,18,수
2022-05-18,일산선,대곡,2410,1916,4326,494,5,18,수
2022-05-18,일산선,화정,18129,18395,36524,-266,5,18,수
2022-05-18,일산선,원당,12450,11534,23984,916,5,18,수
2022-05-18,일산선,삼송,21339,20652,41991,687,5,18,수
2022-05-18,일산선,원흥,12030,11403,23433,627,5,18,수
2022-05-18,우이신설선,신설동,2362,2302,4664,60,5,18,수
2022-05-18,우이신설선,보문,1657,1691,3348,-34,5,18,수
2022-05-18,우이신설선,성신여대입구(돈암),3634,4049,7683,-415,5,18,수
2022-05-18,우이신설선,정릉,5231,4622,9853,609,5,18,수
2022-05-18,우이신설선,북한산보국문,6758,6283,13041,475,5,18,수
2022-05-18,우이신설선,솔샘,6484,5986,12470,498,5,18,수
2022-05-18,우이신설선,삼양사거리,2565,2555,5120,10,5,18,수
2022-05-18,우이신설선,삼양,2123,2162,4285,-39,5,18,수
2022-05-18,우이신설선,화계,3729,3418,7147,311,5,18,수
2022-05-18,우이신설선,가오리,4499,4371,8870,128,5,18,수
2022-05-18,우이신설선,4.19민주묘지,4315,4467,8782,-152,5,18,수
2022-05-18,우이신설선,솔밭공원,2654,2469,5123,185,5,18,수
2022-05-18,우이신설선,북한산우이,2928,2687,5615,241,5,18,수
2022-05-18,안산선,수리산,4596,3760,8356,836,5,18,수
2022-05-18,안산선,오이도,9398,9194,18592,204,5,18,수
2022-05-18,안산선,정왕,10817,11123,21940,-306,5,18,수
2022-05-18,안산선,신길온천,1968,1785,3753,183,5,18,수
2022-05-18,안산선,안산,12404,11263,23667,1141,5,18,수
2022-05-18,안산선,초지,5756,6165,11921,-409,5,18,수
2022-05-18,안산선,고잔,10020,9539,19559,481,5,18,수
2022-05-18,안산선,중앙,19817,20854,40671,-1037,5,18,수
2022-05-18,안산선,한대앞,11074,11151,22225,-77,5,18,수
2022-05-18,안산선,상록수,17797,17880,35677,-83,5,18,수
2022-05-18,안산선,반월,4793,4589,9382,204,5,18,수
2022-05-18,안산선,대야미,5585,4918,10503,667,5,18,수
2022-05-18,안산선,산본,17220,18499,35719,-1279,5,18,수
2022-05-18,수인선,인천,1072,1841,2913,-769,5,18,수
2022-05-18,수인선,신포,2084,2042,4126,42,5,18,수
2022-05-18,수인선,숭의,4398,3998,8396,400,5,18,수
2022-05-18,수인선,인하대,8087,7697,15784,390,5,18,수
2022-05-18,6호선,동묘앞,8123,8408,16531,-285,5,18,수
2022-05-18,6호선,신당,9412,9776,19188,-364,5,18,수
2022-05-18,7호선,반포,6585,6251,12836,334,5,18,수
2022-05-18,6호선,청구,3950,4161,8111,-211,5,18,수
2022-05-18,6호선,약수,3768,3851,7619,-83,5,18,수
2022-05-18,6호선,버티고개,2395,2249,4644,146,5,18,수
2022-05-18,6호선,한강진,8616,10019,18635,-1403,5,18,수
2022-05-18,6호선,이태원,10562,11298,21860,-736,5,18,수
2022-05-18,6호선,녹사평(용산구청),5054,5127,10181,-73,5,18,수
2022-05-18,6호선,삼각지,7962,6986,14948,976,5,18,수
2022-05-18,6호선,효창공원앞,8029,7367,15396,662,5,18,수
2022-05-18,6호선,공덕,20000,19536,39536,464,5,18,수
2022-05-18,6호선,대흥(서강대앞),9482,9864,19346,-382,5,18,수
2022-05-18,6호선,광흥창(서강),10167,9600,19767,567,5,18,수
2022-05-18,6호선,상수,9363,10949,20312,-1586,5,18,수
2022-05-18,6호선,합정,13780,13752,27532,28,5,18,수
2022-05-18,6호선,망원,14246,15094,29340,-848,5,18,수
2022-05-18,6호선,마포구청,15417,13802,29219,1615,5,18,수
2022-05-18,6호선,월드컵경기장(성산),4438,4885,9323,-447,5,18,수
2022-05-18,6호선,디지털미디어시티,15531,16764,32295,-1233,5,18,수
2022-05-18,6호선,증산(명지대앞),10937,10704,21641,233,5,18,수
2022-05-18,6호선,새절(신사),13999,13073,27072,926,5,18,수
2022-05-18,6호선,구산,8278,5926,14204,2352,5,18,수
2022-05-18,6호선,독바위,2928,3004,5932,-76,5,18,수
2022-05-18,6호선,창신,4093,3358,7451,735,5,18,수
2022-05-18,6호선,보문,8110,7253,15363,857,5,18,수
2022-05-18,6호선,안암(고대병원앞),15439,15656,31095,-217,5,18,수
2022-05-18,6호선,고려대(종암),9451,9176,18627,275,5,18,수
2022-05-18,6호선,월곡(동덕여대),13577,12895,26472,682,5,18,수
2022-05-18,6호선,불광,4730,4669,9399,61,5,18,수
2022-05-18,6호선,역촌,3920,4603,8523,-683,5,18,수
2022-05-18,6호선,응암,18892,18121,37013,771,5,18,수
2022-05-18,5호선,하남검단산,6198,5896,12094,302,5,18,수
2022-05-18,5호선,하남시청(덕풍·신장),7423,7121,14544,302,5,18,수
2022-05-18,5호선,하남풍산,4588,4434,9022,154,5,18,수
2022-05-18,5호선,미사,17454,17233,34687,221,5,18,수
2022-05-18,5호선,강일,4765,4424,9189,341,5,18,수
2022-05-18,5호선,마천,8030,7431,15461,599,5,18,수
2022-05-18,5호선,거여,11468,10815,22283,653,5,18,수
2022-05-18,5호선,개롱,7184,7334,14518,-150,5,18,수
2022-05-18,5호선,오금,4062,4141,8203,-79,5,18,수
2022-05-18,5호선,방이,7755,8008,15763,-253,5,18,수
2022-05-18,5호선,올림픽공원(한국체대),4810,4097,8907,713,5,18,수
2022-05-18,5호선,둔촌동,8582,8532,17114,50,5,18,수
2022-05-18,5호선,상일동,16403,15064,31467,1339,5,18,수
2022-05-18,5호선,고덕,10411,10415,20826,-4,5,18,수
2022-05-18,5호선,명일,9565,9786,19351,-221,5,18,수
2022-05-18,5호선,굽은다리(강동구민회관앞),10325,9940,20265,385,5,18,수
2022-05-18,5호선,길동,8353,8642,16995,-289,5,18,수
2022-05-18,5호선,강동,19843,19008,38851,835,5,18,수
2022-05-18,5호선,천호(풍납토성),19105,19094,38199,11,5,18,수
2022-05-18,5호선,광나루(장신대),15522,13935,29457,1587,5,18,수
2022-05-18,경부선,영등포,38289,39983,78272,-1694,5,18,수
2022-05-18,5호선,아차산(어린이대공원후문),15944,15006,30950,938,5,18,수
2022-05-18,5호선,군자(능동),11934,13366,25300,-1432,5,18,수
2022-05-18,5호선,답십리,17010,15397,32407,1613,5,18,수
2022-05-18,5호선,마장,6289,5875,12164,414,5,18,수
2022-05-18,5호선,왕십리(성동구청),4821,5660,10481,-839,5,18,수
2022-05-18,5호선,행당,8834,7616,16450,1218,5,18,수
2022-05-18,5호선,신금호,7162,7324,14486,-162,5,18,수
2022-05-18,5호선,청구,4404,3926,8330,478,5,18,수
2022-05-18,5호선,동대문역사문화공원(DDP),3066,3619,6685,-553,5,18,수
2022-05-18,5호선,을지로4가,6694,6882,13576,-188,5,18,수
2022-05-18,5호선,종로3가,13960,13747,27707,213,5,18,수
2022-05-18,5호선,광화문(세종문화회관),33893,35678,69571,-1785,5,18,수
2022-05-18,5호선,서대문,21729,22343,44072,-614,5,18,수
2022-05-18,5호선,충정로(경기대입구),5150,5291,10441,-141,5,18,수
2022-05-18,5호선,애오개,7333,7249,14582,84,5,18,수
2022-05-18,5호선,공덕,15427,16442,31869,-1015,5,18,수
2022-05-18,5호선,마포,15618,16132,31750,-514,5,18,수
2022-05-18,5호선,여의나루,13191,14249,27440,-1058,5,18,수
2022-05-18,5호선,여의도,30536,33333,63869,-2797,5,18,수
2022-05-18,5호선,신길,4557,4646,9203,-89,5,18,수
2022-05-18,5호선,영등포시장,10629,10884,21513,-255,5,18,수
2022-05-18,5호선,영등포구청,4314,4429,8743,-115,5,18,수
2022-05-18,5호선,양평,8087,7898,15985,189,5,18,수
2022-05-18,5호선,오목교(목동운동장앞),22894,24672,47566,-1778,5,18,수
2022-05-18,5호선,목동,18102,19467,37569,-1365,5,18,수
2022-05-18,5호선,신정(은행정),15127,12048,27175,3079,5,18,수
2022-05-18,5호선,까치산,30797,29012,59809,1785,5,18,수
2022-05-18,5호선,화곡,30423,28087,58510,2336,5,18,수
2022-05-18,5호선,우장산,16362,15578,31940,784,5,18,수
2022-05-18,5호선,발산,22286,23222,45508,-936,5,18,수
2022-05-18,5호선,마곡,11510,11732,23242,-222,5,18,수
2022-05-18,5호선,송정,7061,6536,13597,525,5,18,수
2022-05-18,5호선,김포공항,7316,7242,14558,74,5,18,수
2022-05-18,5호선,개화산,6117,5775,11892,342,5,18,수
2022-05-18,5호선,방화,7247,6818,14065,429,5,18,수
2022-05-18,4호선,남태령,1413,1212,2625,201,5,18,수
2022-05-18,4호선,사당,28030,23899,51929,4131,5,18,수
2022-05-18,4호선,총신대입구(이수),20570,22443,43013,-1873,5,18,수
2022-05-18,4호선,동작(현충원),2334,2358,4692,-24,5,18,수
2022-05-18,4호선,이촌(국립중앙박물관),9398,10347,19745,-949,5,18,수
2022-05-18,4호선,신용산,17994,19173,37167,-1179,5,18,수
2022-05-18,4호선,삼각지,5767,6465,12232,-698,5,18,수
2022-05-18,4호선,숙대입구(갈월),15638,15122,30760,516,5,18,수
2022-05-18,4호선,서울역,12727,18384,31111,-5657,5,18,수
2022-05-18,4호선,회현(남대문시장),26550,28025,54575,-1475,5,18,수
2022-05-18,4호선,명동,21914,22674,44588,-760,5,18,수
2022-05-18,4호선,충무로,29945,30994,60939,-1049,5,18,수
2022-05-18,4호선,동대문역사문화공원(DDP),15204,14072,29276,1132,5,18,수
2022-05-18,4호선,동대문,20585,21256,41841,-671,5,18,수
2022-05-18,4호선,혜화,36353,36891,73244,-538,5,18,수
2022-05-18,4호선,한성대입구(삼선교),15878,15459,31337,419,5,18,수
2022-05-18,4호선,성신여대입구(돈암),22581,21435,44016,1146,5,18,수
2022-05-18,4호선,길음,24050,23563,47613,487,5,18,수
2022-05-18,4호선,미아사거리,29088,28039,57127,1049,5,18,수
2022-05-18,4호선,미아(서울사이버대학),16158,15570,31728,588,5,18,수
2022-05-18,4호선,수유(강북구청),35763,35984,71747,-221,5,18,수
2022-05-18,4호선,쌍문,31197,28488,59685,2709,5,18,수
2022-05-18,4호선,창동,27283,28787,56070,-1504,5,18,수
2022-05-18,4호선,노원,19998,22749,42747,-2751,5,18,수
2022-05-18,4호선,상계,20915,19225,40140,1690,5,18,수
2022-05-18,4호선,당고개,9594,8600,18194,994,5,18,수
2022-05-18,3호선,오금,6896,6231,13127,665,5,18,수
2022-05-18,3호선,경찰병원,7941,8039,15980,-98,5,18,수
2022-05-18,3호선,가락시장,9685,9388,19073,297,5,18,수
2022-05-18,3호선,수서,18425,18555,36980,-130,5,18,수
2022-05-18,3호선,일원,11576,11089,22665,487,5,18,수
2022-05-18,3호선,대청,11087,10127,21214,960,5,18,수
2022-05-18,3호선,학여울,3065,3082,6147,-17,5,18,수
2022-05-18,3호선,대치,11548,11796,23344,-248,5,18,수
2022-05-18,3호선,도곡,6059,6182,12241,-123,5,18,수
2022-05-18,3호선,매봉,13827,13405,27232,422,5,18,수
2022-05-18,3호선,양재(서초구청),42218,46590,88808,-4372,5,18,수
2022-05-18,3호선,남부터미널(예술의전당),30543,31054,61597,-511,5,18,수
2022-05-18,3호선,교대(법원.검찰청),16279,10498,26777,5781,5,18,수
2022-05-18,3호선,고속터미널,41451,39466,80917,1985,5,18,수
2022-05-18,3호선,잠원,5509,5187,10696,322,5,18,수
2022-05-18,3호선,신사,31694,33670,65364,-1976,5,18,수
2022-05-18,3호선,압구정,32808,35229,68037,-2421,5,18,수
2022-05-18,3호선,옥수,9529,9841,19370,-312,5,18,수
2022-05-18,3호선,금호,8481,7804,16285,677,5,18,수
2022-05-18,3호선,약수,14254,13770,28024,484,5,18,수
2022-05-18,3호선,동대입구,9479,10451,19930,-972,5,18,수
2022-05-18,3호선,충무로,1,0,1,1,5,18,수
2022-05-18,3호선,을지로3가,11550,11870,23420,-320,5,18,수
2022-05-18,3호선,종로3가,10733,12551,23284,-1818,5,18,수
2022-05-18,3호선,안국,25770,26044,51814,-274,5,18,수
2022-05-18,3호선,경복궁(정부서울청사),30217,32602,62819,-2385,5,18,수
2022-05-18,3호선,독립문,7933,8158,16091,-225,5,18,수
2022-05-18,3호선,무악재,4271,4279,8550,-8,5,18,수
2022-05-18,3호선,홍제,19261,18150,37411,1111,5,18,수
2022-05-18,3호선,녹번,17043,15112,32155,1931,5,18,수
2022-05-18,3호선,불광,17438,18640,36078,-1202,5,18,수
2022-05-18,3호선,연신내,38704,36481,75185,2223,5,18,수
2022-05-18,3호선,구파발,22952,22001,44953,951,5,18,수
2022-05-18,3호선,지축,5527,5110,10637,417,5,18,수
2022-05-18,2호선,용두(동대문구청),2540,2488,5028,52,5,18,수
2022-05-18,2호선,신정네거리,11100,11362,22462,-262,5,18,수
2022-05-18,2호선,양천구청,7435,7569,15004,-134,5,18,수
2022-05-18,2호선,도림천,1532,1527,3059,5,5,18,수
2022-05-18,2호선,신설동,3532,3619,7151,-87,5,18,수
2022-05-18,2호선,신답,1839,1983,3822,-144,5,18,수
2022-05-18,2호선,용답,3391,3368,6759,23,5,18,수
2022-05-18,2호선,충정로(경기대입구),10958,11587,22545,-629,5,18,수
2022-05-18,2호선,아현,11399,10538,21937,861,5,18,수
2022-05-18,2호선,이대,15330,16295,31625,-965,5,18,수
2022-05-18,2호선,신촌,35324,36249,71573,-925,5,18,수
2022-05-18,2호선,홍대입구,56039,59495,115534,-3456,5,18,수
2022-05-18,2호선,합정,31663,33706,65369,-2043,5,18,수
2022-05-18,2호선,당산,20373,23685,44058,-3312,5,18,수
2022-05-18,2호선,영등포구청,23761,25019,48780,-1258,5,18,수
2022-05-18,2호선,문래,23769,24259,48028,-490,5,18,수
2022-05-18,2호선,신도림,51137,51391,102528,-254,5,18,수
2022-05-18,2호선,대림(구로구청),25095,25537,50632,-442,5,18,수
2022-05-18,2호선,구로디지털단지,63303,63270,126573,33,5,18,수
2022-05-18,2호선,신대방,28746,27739,56485,1007,5,18,수
2022-05-18,2호선,신림,68145,65335,133480,2810,5,18,수
2022-05-18,2호선,봉천,25341,22943,48284,2398,5,18,수
2022-05-18,2호선,서울대입구(관악구청),50945,49870,100815,1075,5,18,수
2022-05-18,2호선,낙성대(강감찬),28989,28356,57345,633,5,18,수
2022-05-18,2호선,사당,40948,45794,86742,-4846,5,18,수
2022-05-18,2호선,방배,20742,21696,42438,-954,5,18,수
2022-05-18,2호선,서초,23627,23125,46752,502,5,18,수
2022-05-18,2호선,교대(법원.검찰청),37060,42559,79619,-5499,5,18,수
2022-05-18,2호선,강남,87386,87842,175228,-456,5,18,수
2022-05-18,2호선,역삼,56090,64760,120850,-8670,5,18,수
2022-05-18,2호선,선릉,61677,54670,116347,7007,5,18,수
2022-05-18,2호선,삼성(무역센터),56509,58189,114698,-1680,5,18,수
2022-05-18,2호선,종합운동장,11211,12506,23717,-1295,5,18,수
2022-05-18,2호선,잠실새내,22422,22205,44627,217,5,18,수
2022-05-18,2호선,잠실(송파구청),70347,70359,140706,-12,5,18,수
2022-05-18,2호선,잠실나루,16346,15861,32207,485,5,18,수
2022-05-18,2호선,강변(동서울터미널),31329,29655,60984,1674,5,18,수
2022-05-18,2호선,구의(광진구청),25107,24294,49401,813,5,18,수
2022-05-18,2호선,건대입구,37452,40207,77659,-2755,5,18,수
2022-05-18,2호선,성수,39498,43790,83288,-4292,5,18,수
2022-05-18,2호선,뚝섬,23603,25601,49204,-1998,5,18,수
2022-05-18,2호선,한양대,15001,16732,31733,-1731,5,18,수
2022-05-18,2호선,왕십리(성동구청),18008,14465,32473,3543,5,18,수
2022-05-18,2호선,상왕십리,15355,14881,30236,474,5,18,수
2022-05-18,2호선,신당,14816,15294,30110,-478,5,18,수
2022-05-18,2호선,동대문역사문화공원(DDP),12524,14190,26714,-1666,5,18,수
2022-05-18,2호선,을지로4가,13746,13798,27544,-52,5,18,수
2022-05-18,2호선,을지로3가,24756,25128,49884,-372,5,18,수
2022-05-18,2호선,을지로입구,41662,44185,85847,-2523,5,18,수
2022-05-18,2호선,시청,26370,25765,52135,605,5,18,수
2022-05-18,1호선,동묘앞,7790,7914,15704,-124,5,18,수
2022-05-18,1호선,청량리(서울시립대입구),20626,20375,41001,251,5,18,수
2022-05-18,1호선,제기동,17117,17314,34431,-197,5,18,수
2022-05-18,1호선,신설동,14552,14221,28773,331,5,18,수
2022-05-18,1호선,동대문,11225,10706,21931,519,5,18,수
2022-05-18,1호선,종로5가,23904,23240,47144,664,5,18,수
2022-05-18,1호선,종로3가,26949,24083,51032,2866,5,18,수
2022-05-18,1호선,종각,38526,38018,76544,508,5,18,수
2022-05-18,1호선,시청,25853,26322,52175,-469,5,18,수
2022-05-18,1호선,서울역,47049,45696,92745,1353,5,18,수
2022-05-18,5호선,장한평,20149,19665,39814,484,5,18,수
2022-05-19,1호선,시청,25640,25755,51395,-115,5,19,목
2022-05-19,1호선,서울역,49283,48314,97597,969,5,19,목
2022-05-19,2호선,신설동,3403,3421,6824,-18,5,19,목
2022-05-19,2호선,도림천,1455,1542,2997,-87,5,19,목
2022-05-19,2호선,양천구청,7555,7743,15298,-188,5,19,목
2022-05-19,2호선,신정네거리,11302,11411,22713,-109,5,19,목
2022-05-19,2호선,용두(동대문구청),2520,2543,5063,-23,5,19,목
2022-05-19,3호선,지축,5535,5103,10638,432,5,19,목
2022-05-19,3호선,구파발,23372,22434,45806,938,5,19,목
2022-05-19,3호선,연신내,39393,37287,76680,2106,5,19,목
2022-05-19,3호선,불광,17729,18826,36555,-1097,5,19,목
2022-05-19,3호선,녹번,17478,15398,32876,2080,5,19,목
2022-05-19,3호선,홍제,19613,18341,37954,1272,5,19,목
2022-05-19,3호선,무악재,4298,4370,8668,-72,5,19,목
2022-05-19,3호선,독립문,8021,8340,16361,-319,5,19,목
2022-05-19,3호선,경복궁(정부서울청사),31498,33745,65243,-2247,5,19,목
2022-05-19,3호선,안국,25941,26582,52523,-641,5,19,목
2022-05-19,3호선,종로3가,10857,12532,23389,-1675,5,19,목
2022-05-19,3호선,을지로3가,11337,11726,23063,-389,5,19,목
2022-05-19,3호선,충무로,2,0,2,2,5,19,목
2022-05-19,3호선,동대입구,10921,12004,22925,-1083,5,19,목
2022-05-19,3호선,약수,14432,13949,28381,483,5,19,목
2022-05-19,3호선,금호,8624,7949,16573,675,5,19,목
2022-05-19,3호선,옥수,9997,10056,20053,-59,5,19,목
2022-05-19,3호선,압구정,33489,36094,69583,-2605,5,19,목
2022-05-19,3호선,신사,32222,34066,66288,-1844,5,19,목
2022-05-19,3호선,잠원,5401,5226,10627,175,5,19,목
2022-05-19,3호선,고속터미널,43155,41202,84357,1953,5,19,목
2022-05-19,3호선,교대(법원.검찰청),16722,10816,27538,5906,5,19,목
2022-05-19,3호선,남부터미널(예술의전당),30985,31254,62239,-269,5,19,목
2022-05-19,3호선,양재(서초구청),42975,47402,90377,-4427,5,19,목
2022-05-19,3호선,매봉,13857,13441,27298,416,5,19,목
2022-05-19,3호선,도곡,5899,6223,12122,-324,5,19,목
2022-05-19,3호선,대치,11926,12071,23997,-145,5,19,목
2022-05-19,3호선,학여울,3225,3240,6465,-15,5,19,목
2022-05-19,3호선,대청,11169,10406,21575,763,5,19,목
2022-05-19,3호선,일원,11777,11255,23032,522,5,19,목
2022-05-19,3호선,수서,18689,18782,37471,-93,5,19,목
2022-05-19,3호선,가락시장,9601,9453,19054,148,5,19,목
2022-05-19,3호선,경찰병원,7954,7902,15856,52,5,19,목
2022-05-19,3호선,오금,6867,6318,13185,549,5,19,목
2022-05-19,4호선,당고개,9825,8599,18424,1226,5,19,목
2022-05-19,4호선,상계,21121,19366,40487,1755,5,19,목
2022-05-19,4호선,노원,20302,23097,43399,-2795,5,19,목
2022-05-19,4호선,창동,28146,29709,57855,-1563,5,19,목
2022-05-19,4호선,쌍문,31428,28923,60351,2505,5,19,목
2022-05-19,4호선,수유(강북구청),36591,36361,72952,230,5,19,목
2022-05-19,4호선,미아(서울사이버대학),17318,16788,34106,530,5,19,목
2022-05-19,4호선,미아사거리,29397,28464,57861,933,5,19,목
2022-05-19,4호선,길음,24681,24340,49021,341,5,19,목
2022-05-19,4호선,성신여대입구(돈암),22804,21879,44683,925,5,19,목
2022-05-19,4호선,한성대입구(삼선교),15964,15346,31310,618,5,19,목
2022-05-19,4호선,혜화,36750,37159,73909,-409,5,19,목
2022-05-19,4호선,동대문,21325,22026,43351,-701,5,19,목
2022-05-19,4호선,동대문역사문화공원(DDP),15774,14471,30245,1303,5,19,목
2022-05-19,4호선,충무로,31127,32229,63356,-1102,5,19,목
2022-05-19,4호선,명동,21768,23027,44795,-1259,5,19,목
2022-05-19,4호선,회현(남대문시장),27362,29332,56694,-1970,5,19,목
2022-05-19,4호선,서울역,12855,19041,31896,-6186,5,19,목
2022-05-19,4호선,숙대입구(갈월),15645,15035,30680,610,5,19,목
2022-05-19,4호선,삼각지,5902,6684,12586,-782,5,19,목
2022-05-19,4호선,신용산,18658,19632,38290,-974,5,19,목
2022-05-19,4호선,이촌(국립중앙박물관),9538,10348,19886,-810,5,19,목
2022-05-19,4호선,동작(현충원),1814,2075,3889,-261,5,19,목
2022-05-19,4호선,총신대입구(이수),20857,22563,43420,-1706,5,19,목
2022-05-19,4호선,사당,28442,24894,53336,3548,5,19,목
2022-05-19,4호선,남태령,1449,1223,2672,226,5,19,목
2022-05-19,5호선,방화,7404,7088,14492,316,5,19,목
2022-05-19,5호선,개화산,6214,5775,11989,439,5,19,목
2022-05-19,5호선,김포공항,7658,7597,15255,61,5,19,목
2022-05-19,5호선,송정,7041,6480,13521,561,5,19,목
2022-05-19,5호선,마곡,11588,11737,23325,-149,5,19,목
2022-05-19,5호선,발산,22416,23367,45783,-951,5,19,목
2022-05-19,5호선,우장산,15959,15534,31493,425,5,19,목
2022-05-19,5호선,화곡,30789,28420,59209,2369,5,19,목
2022-05-19,5호선,까치산,31098,29317,60415,1781,5,19,목
2022-05-19,5호선,신정(은행정),15200,12068,27268,3132,5,19,목
2022-05-19,5호선,목동,18709,19594,38303,-885,5,19,목
2022-05-19,5호선,오목교(목동운동장앞),23270,24686,47956,-1416,5,19,목
2022-05-19,5호선,양평,8024,7748,15772,276,5,19,목
2022-05-19,5호선,영등포구청,4414,4579,8993,-165,5,19,목
2022-05-19,5호선,영등포시장,10750,11123,21873,-373,5,19,목
2022-05-19,5호선,신길,4518,4703,9221,-185,5,19,목
2022-05-19,5호선,여의도,30441,33149,63590,-2708,5,19,목
2022-05-19,5호선,여의나루,13702,15096,28798,-1394,5,19,목
2022-05-19,5호선,마포,15715,16143,31858,-428,5,19,목
2022-05-19,5호선,공덕,15742,16670,32412,-928,5,19,목
2022-05-19,5호선,애오개,7509,7440,14949,69,5,19,목
2022-05-19,5호선,충정로(경기대입구),5091,5289,10380,-198,5,19,목
2022-05-19,5호선,서대문,22342,23065,45407,-723,5,19,목
2022-05-19,5호선,광화문(세종문화회관),34831,37221,72052,-2390,5,19,목
2022-05-19,5호선,종로3가,14346,14473,28819,-127,5,19,목
2022-05-19,5호선,을지로4가,6565,6835,13400,-270,5,19,목
2022-05-19,5호선,동대문역사문화공원(DDP),3028,3646,6674,-618,5,19,목
2022-05-19,5호선,청구,4454,3868,8322,586,5,19,목
2022-05-19,5호선,신금호,7262,7357,14619,-95,5,19,목
2022-05-19,5호선,행당,8837,7591,16428,1246,5,19,목
2022-05-19,5호선,왕십리(성동구청),4773,5700,10473,-927,5,19,목
2022-05-19,5호선,마장,6459,6056,12515,403,5,19,목
2022-05-19,5호선,답십리,17236,15467,32703,1769,5,19,목
2022-05-19,5호선,장한평,19892,19497,39389,395,5,19,목
2022-05-19,5호선,군자(능동),11982,13125,25107,-1143,5,19,목
2022-05-19,5호선,아차산(어린이대공원후문),16560,15577,32137,983,5,19,목
2022-05-19,5호선,광나루(장신대),15850,14332,30182,1518,5,19,목
2022-05-19,5호선,천호(풍납토성),19388,19422,38810,-34,5,19,목
2022-05-19,5호선,강동,20006,19126,39132,880,5,19,목
2022-05-19,5호선,길동,8511,8740,17251,-229,5,19,목
2022-05-19,5호선,굽은다리(강동구민회관앞),10291,9833,20124,458,5,19,목
2022-05-19,5호선,명일,9660,9748,19408,-88,5,19,목
2022-05-19,5호선,고덕,10561,10439,21000,122,5,19,목
2022-05-19,5호선,상일동,16524,15207,31731,1317,5,19,목
2022-05-19,5호선,둔촌동,9020,8818,17838,202,5,19,목
2022-05-19,5호선,올림픽공원(한국체대),5260,4512,9772,748,5,19,목
2022-05-19,5호선,방이,7843,7967,15810,-124,5,19,목
2022-05-19,5호선,오금,4098,4192,8290,-94,5,19,목
2022-05-19,5호선,개롱,7093,7251,14344,-158,5,19,목
2022-05-19,5호선,거여,11546,10886,22432,660,5,19,목
2022-05-19,5호선,마천,7986,7661,15647,325,5,19,목
2022-05-19,5호선,강일,4956,4632,9588,324,5,19,목
2022-05-19,5호선,미사,17731,17389,35120,342,5,19,목
2022-05-19,5호선,하남풍산,4592,4460,9052,132,5,19,목
2022-05-19,5호선,하남시청(덕풍·신장),7746,7517,15263,229,5,19,목
2022-05-19,5호선,하남검단산,6484,6139,12623,345,5,19,목
2022-05-19,6호선,응암,19110,18387,37497,723,5,19,목
2022-05-19,6호선,역촌,4049,4607,8656,-558,5,19,목
2022-05-19,6호선,불광,4484,4545,9029,-61,5,19,목
2022-05-19,6호선,독바위,2924,3087,6011,-163,5,19,목
2022-05-19,6호선,연신내,1,0,1,1,5,19,목
2022-05-19,6호선,구산,8352,6019,14371,2333,5,19,목
2022-05-19,6호선,새절(신사),14464,13270,27734,1194,5,19,목
2022-05-19,6호선,증산(명지대앞),10926,10918,21844,8,5,19,목
2022-05-19,6호선,디지털미디어시티,15633,17064,32697,-1431,5,19,목
2022-05-19,6호선,월드컵경기장(성산),5328,5730,11058,-402,5,19,목
2022-05-19,6호선,마포구청,15358,13639,28997,1719,5,19,목
2022-05-19,6호선,망원,14695,15637,30332,-942,5,19,목
2022-05-19,6호선,합정,14214,14125,28339,89,5,19,목
2022-05-19,6호선,상수,9504,10958,20462,-1454,5,19,목
2022-05-19,6호선,광흥창(서강),10243,9737,19980,506,5,19,목
2022-05-19,6호선,대흥(서강대앞),9752,10172,19924,-420,5,19,목
2022-05-19,6호선,공덕,20335,19820,40155,515,5,19,목
2022-05-19,6호선,효창공원앞,8201,7498,15699,703,5,19,목
2022-05-19,6호선,삼각지,8067,7046,15113,1021,5,19,목
2022-05-19,6호선,녹사평(용산구청),5339,5368,10707,-29,5,19,목
2022-05-19,6호선,이태원,10883,11954,22837,-1071,5,19,목
2022-05-19,6호선,한강진,8759,10306,19065,-1547,5,19,목
2022-05-19,6호선,버티고개,2453,2327,4780,126,5,19,목
2022-05-19,6호선,약수,3931,3992,7923,-61,5,19,목
2022-05-19,6호선,청구,3808,4173,7981,-365,5,19,목
2022-05-19,6호선,신당,8748,9332,18080,-584,5,19,목
2022-05-19,6호선,동묘앞,8222,8555,16777,-333,5,19,목
2022-05-19,6호선,창신,4035,3365,7400,670,5,19,목
2022-05-19,6호선,보문,8070,7186,15256,884,5,19,목
2022-05-19,6호선,안암(고대병원앞),15447,15388,30835,59,5,19,목
2022-05-19,6호선,고려대(종암),10037,9625,19662,412,5,19,목
2022-05-19,6호선,월곡(동덕여대),13379,12917,26296,462,5,19,목
2022-05-19,6호선,상월곡(한국과학기술연구원),7038,6368,13406,670,5,19,목
2022-05-19,6호선,돌곶이,11408,10556,21964,852,5,19,목
2022-05-19,6호선,석계,13838,14192,28030,-354,5,19,목
2022-05-19,6호선,태릉입구,7760,9175,16935,-1415,5,19,목
2022-05-19,6호선,화랑대(서울여대입구),14021,10924,24945,3097,5,19,목
2022-05-19,6호선,봉화산(서울의료원),9828,9078,18906,750,5,19,목
2022-05-19,7호선,장암,2491,940,3431,1551,5,19,목
2022-05-19,7호선,도봉산,10444,12090,22534,-1646,5,19,목
2022-05-19,7호선,수락산,14065,13591,27656,474,5,19,목
2022-05-19,7호선,마들,14328,13376,27704,952,5,19,목
2022-05-19,7호선,노원,20629,22082,42711,-1453,5,19,목
2022-05-19,7호선,중계,16221,14787,31008,1434,5,19,목
2022-05-19,7호선,하계,19872,18423,38295,1449,5,19,목
2022-05-19,7호선,공릉(서울과학기술대),14010,13493,27503,517,5,19,목
2022-05-19,7호선,태릉입구,12428,12380,24808,48,5,19,목
2022-05-19,7호선,먹골,11238,10678,21916,560,5,19,목
2022-05-19,7호선,중화,12019,11388,23407,631,5,19,목
2022-05-19,7호선,상봉(시외버스터미널),18265,17064,35329,1201,5,19,목
2022-05-19,7호선,면목,17566,16800,34366,766,5,19,목
2022-05-19,7호선,사가정,17510,17410,34920,100,5,19,목
2022-05-19,7호선,용마산(용마폭포공원),6810,6437,13247,373,5,19,목
2022-05-19,7호선,중곡,11855,10967,22822,888,5,19,목
2022-05-19,7호선,군자(능동),16069,12563,28632,3506,5,19,목
2022-05-19,7호선,어린이대공원(세종대),17675,17989,35664,-314,5,19,목
2022-05-19,7호선,건대입구,13629,14562,28191,-933,5,19,목
2022-05-19,7호선,뚝섬유원지,11193,10736,21929,457,5,19,목
2022-05-19,7호선,청담,21130,23990,45120,-2860,5,19,목
2022-05-19,7호선,강남구청,17358,19534,36892,-2176,5,19,목
2022-05-19,7호선,학동,26080,28132,54212,-2052,5,19,목
2022-05-19,7호선,논현,21859,23890,45749,-2031,5,19,목
2022-05-19,7호선,반포,6446,6194,12640,252,5,19,목
2022-05-19,7호선,고속터미널,16527,14039,30566,2488,5,19,목
2022-05-19,7호선,내방,15795,16280,32075,-485,5,19,목
2022-05-19,7호선,이수,17092,16710,33802,382,5,19,목
2022-05-19,7호선,남성,12423,11293,23716,1130,5,19,목
2022-05-19,7호선,숭실대입구(살피재),16084,16149,32233,-65,5,19,목
2022-05-19,7호선,상도,12677,12179,24856,498,5,19,목
2022-05-19,7호선,장승배기,9882,9326,19208,556,5,19,목
2022-05-19,7호선,신대방삼거리,18041,17154,35195,887,5,19,목
2022-05-19,7호선,보라매,11393,11252,22645,141,5,19,목
2022-05-19,7호선,신풍,12687,12072,24759,615,5,19,목
2022-05-19,7호선,대림(구로구청),7857,7795,15652,62,5,19,목
2022-05-19,7호선,남구로,16472,17864,34336,-1392,5,19,목
2022-05-19,7호선,가산디지털단지,47718,48310,96028,-592,5,19,목
2022-05-19,7호선,철산,22770,23103,45873,-333,5,19,목
2022-05-19,7호선,광명사거리,23396,22898,46294,498,5,19,목
2022-05-19,7호선,천왕,12697,11997,24694,700,5,19,목
2022-05-19,7호선,온수(성공회대입구),12054,11354,23408,700,5,19,목
2022-05-19,8호선,암사,20716,17872,38588,2844,5,19,목
2022-05-19,8호선,천호(풍납토성),15642,17924,33566,-2282,5,19,목
2022-05-19,8호선,강동구청,11570,11704,23274,-134,5,19,목
2022-05-19,8호선,몽촌토성(평화의문),8091,8042,16133,49,5,19,목
2022-05-19,8호선,잠실(송파구청),14574,17558,32132,-2984,5,19,목
2022-05-19,8호선,석촌,8441,9549,17990,-1108,5,19,목
2022-05-19,8호선,송파,9140,8870,18010,270,5,19,목
2022-05-19,8호선,가락시장,8169,9260,17429,-1091,5,19,목
2022-05-19,8호선,문정,23342,24845,48187,-1503,5,19,목
2022-05-19,8호선,장지,18868,18047,36915,821,5,19,목
2022-05-19,8호선,복정,11148,9391,20539,1757,5,19,목
2022-05-19,8호선,산성,6124,6160,12284,-36,5,19,목
2022-05-19,8호선,남한산성입구(성남법원.검찰청),17223,15805,33028,1418,5,19,목
2022-05-19,8호선,단대오거리,12525,11788,24313,737,5,19,목
2022-05-19,8호선,신흥,4442,4702,9144,-260,5,19,목
2022-05-19,8호선,수진,5833,5388,11221,445,5,19,목
2022-05-19,8호선,모란,6862,5383,12245,1479,5,19,목
2022-05-19,8호선,남위례,6010,6120,12130,-110,5,19,목
2022-05-19,9호선,개화,2886,1928,4814,958,5,19,목
2022-05-19,9호선,김포공항,7745,12576,20321,-4831,5,19,목
2022-05-19,9호선,공항시장,3246,3388,6634,-142,5,19,목
2022-05-19,9호선,신방화,7292,7049,14341,243,5,19,목
2022-05-19,9호선,마곡나루(서울식물원),13474,13267,26741,207,5,19,목
2022-05-19,9호선,양천향교,10790,10933,21723,-143,5,19,목
2022-05-19,9호선,가양,22764,21884,44648,880,5,19,목
2022-05-19,9호선,증미,7872,7599,15471,273,5,19,목
2022-05-19,9호선,등촌,12243,11493,23736,750,5,19,목
2022-05-19,9호선,염창,19053,18350,37403,703,5,19,목
2022-05-19,9호선,신목동,4800,4107,8907,693,5,19,목
2022-05-19,9호선,선유도,9739,9194,18933,545,5,19,목
2022-05-19,9호선,당산,20266,20293,40559,-27,5,19,목
2022-05-19,9호선,국회의사당,16737,17733,34470,-996,5,19,목
2022-05-19,9호선,여의도,30112,29959,60071,153,5,19,목
2022-05-19,9호선,샛강,6443,6871,13314,-428,5,19,목
2022-05-19,9호선,노량진,28859,27488,56347,1371,5,19,목
2022-05-19,9호선,노들,4915,4069,8984,846,5,19,목
2022-05-19,9호선,흑석(중앙대입구),10108,10174,20282,-66,5,19,목
2022-05-19,9호선,동작(현충원),2212,1773,3985,439,5,19,목
2022-05-19,9호선,구반포,1325,1442,2767,-117,5,19,목
2022-05-19,9호선,신반포,4137,4054,8191,83,5,19,목
2022-05-19,9호선,고속터미널,14192,17073,31265,-2881,5,19,목
2022-05-19,9호선,사평,3926,3752,7678,174,5,19,목
2022-05-19,9호선,신논현,33904,34087,67991,-183,5,19,목
2022-05-19,9호선2~3단계,언주,10844,11352,22196,-508,5,19,목
2022-05-19,9호선2~3단계,선정릉,10811,11974,22785,-1163,5,19,목
2022-05-19,9호선2~3단계,삼성중앙,7532,8097,15629,-565,5,19,목
2022-05-19,9호선2~3단계,봉은사,18418,19268,37686,-850,5,19,목
2022-05-19,9호선2~3단계,종합운동장,4585,4653,9238,-68,5,19,목
2022-05-19,9호선2~3단계,삼전,7328,7031,14359,297,5,19,목
2022-05-19,9호선2~3단계,석촌고분,6529,6247,12776,282,5,19,목
2022-05-19,9호선2~3단계,석촌,9182,8147,17329,1035,5,19,목
2022-05-19,9호선2~3단계,송파나루,5313,5571,10884,-258,5,19,목
2022-05-19,9호선2~3단계,한성백제,2805,2504,5309,301,5,19,목
2022-05-19,9호선2~3단계,올림픽공원(한국체대),6974,7048,14022,-74,5,19,목
2022-05-19,9호선2~3단계,둔촌오륜,1265,1097,2362,168,5,19,목
2022-05-19,9호선2~3단계,중앙보훈병원,12042,10520,22562,1522,5,19,목
2022-05-19,경강선,판교,5402,5420,10822,-18,5,19,목
2022-05-19,경강선,이매,1271,1065,2336,206,5,19,목
2022-05-19,경강선,삼동,2697,2392,5089,305,5,19,목
2022-05-19,경강선,경기광주,8774,8161,16935,613,5,19,목
2022-05-19,경강선,초월,3517,3347,6864,170,5,19,목
2022-05-19,경강선,곤지암,2568,2574,5142,-6,5,19,목
2022-05-19,경강선,신둔도예촌,1833,1640,3473,193,5,19,목
2022-05-19,경강선,이천,2854,2891,5745,-37,5,19,목
2022-05-19,경강선,부발,2467,2225,4692,242,5,19,목
2022-05-19,경강선,세종대왕릉,389,370,759,19,5,19,목
2022-05-19,경강선,여주,2415,2406,4821,9,5,19,목
2022-05-19,경부선,서울역,7114,2214,9328,4900,5,19,목
2022-05-19,경부선,남영,10609,11239,21848,-630,5,19,목
2022-05-19,경부선,용산,36910,37482,74392,-572,5,19,목
2022-05-19,경부선,노량진,9321,9388,18709,-67,5,19,목
2022-05-19,경부선,대방,14392,14822,29214,-430,5,19,목
2022-05-19,경부선,영등포,39453,41182,80635,-1729,5,19,목
2022-05-19,경부선,신도림,4638,4773,9411,-135,5,19,목
2022-05-19,경부선,신길,10110,8709,18819,1401,5,19,목
2022-05-19,경부선,구로,20019,20799,40818,-780,5,19,목
2022-05-19,경부선,가산디지털단지,20155,23499,43654,-3344,5,19,목
2022-05-19,경부선,금천구청,13164,13120,26284,44,5,19,목
2022-05-19,경부선,석수,10993,9744,20737,1249,5,19,목
2022-05-19,경부선,관악,8366,7576,15942,790,5,19,목
2022-05-19,경부선,안양,29347,29124,58471,223,5,19,목
2022-05-19,경부선,명학,11607,11299,22906,308,5,19,목
2022-05-19,경부선,금정,30086,30262,60348,-176,5,19,목
2022-05-19,경부선,군포,8341,8163,16504,178,5,19,목
2022-05-19,경부선,의왕,10760,10647,21407,113,5,19,목
2022-05-19,경부선,성균관대,17151,16652,33803,499,5,19,목
2022-05-19,경부선,화서,9523,9080,18603,443,5,19,목
2022-05-19,경부선,수원,40431,42925,83356,-2494,5,19,목
2022-05-19,경부선,독산,20412,21099,41511,-687,5,19,목
2022-05-19,경부선,세류,3415,3089,6504,326,5,19,목
2022-05-19,경부선,병점,18377,18207,36584,170,5,19,목
2022-05-19,경부선,세마,3152,2978,6130,174,5,19,목
2022-05-19,경부선,오산대,4715,4321,9036,394,5,19,목
2022-05-19,경부선,오산,11363,11197,22560,166,5,19,목
2022-05-19,경부선,진위,1912,1733,3645,179,5,19,목
2022-05-19,경부선,송탄,5007,4552,9559,455,5,19,목
2022-05-19,경부선,서정리,9108,7434,16542,1674,5,19,목
2022-05-19,경부선,평택지제,4219,4023,8242,196,5,19,목
2022-05-19,경부선,평택,14481,14074,28555,407,5,19,목
2022-05-19,경부선,성환,7805,7013,14818,792,5,19,목
2022-05-19,경부선,직산,950,952,1902,-2,5,19,목
2022-05-19,경부선,두정,8438,11291,19729,-2853,5,19,목
2022-05-19,경부선,천안,7706,7558,15264,148,5,19,목
2022-05-19,경부선,당정,8018,7510,15528,508,5,19,목
2022-05-19,경부선,서동탄,1579,1367,2946,212,5,19,목
2022-05-19,경부선,광명,3682,3249,6931,433,5,19,목
2022-05-19,경원선,이촌(국립중앙박물관),4207,3220,7427,987,5,19,목
2022-05-19,경원선,서빙고,2310,2095,4405,215,5,19,목
2022-05-19,경원선,한남,4576,4401,8977,175,5,19,목
2022-05-19,경원선,옥수,62,49,111,13,5,19,목
2022-05-19,경원선,응봉,2281,1893,4174,388,5,19,목
2022-05-19,경원선,왕십리(성동구청),15663,17202,32865,-1539,5,19,목
2022-05-19,경원선,청량리(서울시립대입구),16863,17190,34053,-327,5,19,목
2022-05-19,경원선,외대앞,9266,9281,18547,-15,5,19,목
2022-05-19,경원선,신이문,9216,8339,17555,877,5,19,목
2022-05-19,경원선,덕정,7340,6911,14251,429,5,19,목
2022-05-19,경원선,지행,7408,7523,14931,-115,5,19,목
2022-05-19,경원선,동두천중앙,3458,3385,6843,73,5,19,목
2022-05-19,경원선,보산,1622,1525,3147,97,5,19,목
2022-05-19,경원선,동두천,3043,3187,6230,-144,5,19,목
2022-05-19,경원선,소요산,2966,2532,5498,434,5,19,목
2022-05-19,경의선,서울역,5179,6690,11869,-1511,5,19,목
2022-05-19,경의선,신촌,977,1322,2299,-345,5,19,목
2022-05-19,경의선,효창공원앞,3493,3763,7256,-270,5,19,목
2022-05-19,경의선,공덕,3858,3635,7493,223,5,19,목
2022-05-19,경의선,서강대,2456,2462,4918,-6,5,19,목
2022-05-19,경의선,홍대입구,1906,2280,4186,-374,5,19,목
2022-05-19,경의선,가좌,6306,5936,12242,370,5,19,목
2022-05-19,경의선,디지털미디어시티,2924,2689,5613,235,5,19,목
2022-05-19,경의선,수색,3186,3381,6567,-195,5,19,목
2022-05-19,경의선,화전,3875,3721,7596,154,5,19,목
2022-05-19,경의선,강매,3741,3200,6941,541,5,19,목
2022-05-19,경의선,행신,9017,9017,18034,0,5,19,목
2022-05-19,경의선,능곡,4279,3975,8254,304,5,19,목
2022-05-19,경의선,곡산,718,760,1478,-42,5,19,목
2022-05-19,경의선,백마,7962,7657,15619,305,5,19,목
2022-05-19,경의선,풍산,6412,6043,12455,369,5,19,목
2022-05-19,경의선,일산,10840,10621,21461,219,5,19,목
2022-05-19,경의선,탄현,8794,8301,17095,493,5,19,목
2022-05-19,경의선,야당,8763,8708,17471,55,5,19,목
2022-05-19,경의선,운정,7860,7399,15259,461,5,19,목
2022-05-19,경의선,금릉,5469,5387,10856,82,5,19,목
2022-05-19,경의선,금촌,7021,7025,14046,-4,5,19,목
2022-05-19,경의선,월롱,3340,3041,6381,299,5,19,목
2022-05-19,경의선,파주,1726,1302,3028,424,5,19,목
2022-05-19,경의선,문산,5839,5901,11740,-62,5,19,목
2022-05-19,경의선,임진강,23,11,34,12,5,19,목
2022-05-19,경인선,개봉,23628,22910,46538,718,5,19,목
2022-05-19,경인선,오류동,13056,11863,24919,1193,5,19,목
2022-05-19,경인선,역곡,32114,31320,63434,794,5,19,목
2022-05-19,경인선,부천,35133,35258,70391,-125,5,19,목
2022-05-19,경인선,송내,30514,30490,61004,24,5,19,목
2022-05-19,경인선,부평,30719,33148,63867,-2429,5,19,목
2022-05-19,경인선,백운,7578,7545,15123,33,5,19,목
2022-05-19,경인선,동암,15920,15876,31796,44,5,19,목
2022-05-19,경인선,주안,21663,19792,41455,1871,5,19,목
2022-05-19,경인선,제물포,12442,11702,24144,740,5,19,목
2022-05-19,경인선,동인천,15218,14541,29759,677,5,19,목
2022-05-19,경인선,인천,4115,3241,7356,874,5,19,목
2022-05-19,경인선,구일,8299,7919,16218,380,5,19,목
2022-05-19,경인선,소사,9893,9474,19367,419,5,19,목
2022-05-19,경인선,부개,9557,8857,18414,700,5,19,목
2022-05-19,경인선,간석,6587,6186,12773,401,5,19,목
2022-05-19,경인선,도원,3809,3758,7567,51,5,19,목
2022-05-19,경인선,온수(성공회대입구),8081,7601,15682,480,5,19,목
2022-05-19,경인선,중동,10492,9670,20162,822,5,19,목
2022-05-19,경인선,도화,4631,4279,8910,352,5,19,목
2022-05-19,경춘선,신내,2508,2417,4925,91,5,19,목
2022-05-19,경춘선,갈매,3410,2932,6342,478,5,19,목
2022-05-19,경춘선,별내,3542,3369,6911,173,5,19,목
2022-05-19,경춘선,퇴계원,3990,3570,7560,420,5,19,목
2022-05-19,경춘선,사릉,2790,2772,5562,18,5,19,목
2022-05-19,경춘선,금곡,1821,1771,3592,50,5,19,목
2022-05-19,경춘선,평내호평,7226,7053,14279,173,5,19,목
2022-05-19,경춘선,천마산,1948,1778,3726,170,5,19,목
2022-05-19,경춘선,마석,4420,4394,8814,26,5,19,목
2022-05-19,경춘선,대성리,658,694,1352,-36,5,19,목
2022-05-19,경춘선,청평,1793,1760,3553,33,5,19,목
2022-05-19,경춘선,상천,335,299,634,36,5,19,목
2022-05-19,경춘선,가평,1956,2049,4005,-93,5,19,목
2022-05-19,경춘선,굴봉산,194,188,382,6,5,19,목
2022-05-19,경춘선,백양리,104,108,212,-4,5,19,목
2022-05-19,경춘선,강촌,453,484,937,-31,5,19,목
2022-05-19,경춘선,김유정,411,449,860,-38,5,19,목
2022-05-19,경춘선,남춘천,3245,2864,6109,381,5,19,목
2022-05-19,경춘선,춘천,2134,1667,3801,467,5,19,목
2022-05-19,공항철도 1호선,서울역,9292,8427,17719,865,5,19,목
2022-05-19,공항철도 1호선,공덕,2592,3313,5905,-721,5,19,목
2022-05-19,공항철도 1호선,홍대입구,10718,10808,21526,-90,5,19,목
2022-05-19,공항철도 1호선,디지털미디어시티,15486,14572,30058,914,5,19,목
2022-05-19,공항철도 1호선,마곡나루(서울식물원),11147,10962,22109,185,5,19,목
2022-05-19,공항철도 1호선,김포공항,12744,6630,19374,6114,5,19,목
2022-05-19,공항철도 1호선,계양,12171,11301,23472,870,5,19,목
2022-05-19,공항철도 1호선,검암,7457,7422,14879,35,5,19,목
2022-05-19,공항철도 1호선,청라국제도시,7902,7593,15495,309,5,19,목
2022-05-19,공항철도 1호선,운서,7717,7745,15462,-28,5,19,목
2022-05-19,공항철도 1호선,공항화물청사,2452,2668,5120,-216,5,19,목
2022-05-19,공항철도 1호선,인천공항1터미널,6290,5523,11813,767,5,19,목
2022-05-19,공항철도 1호선,인천공항2터미널,3447,3007,6454,440,5,19,목
2022-05-19,공항철도 1호선,영종,3443,3540,6983,-97,5,19,목
2022-05-19,과천선,선바위,9358,8302,17660,1056,5,19,목
2022-05-19,과천선,경마공원,1537,1526,3063,11,5,19,목
2022-05-19,과천선,대공원,7358,7334,14692,24,5,19,목
2022-05-19,과천선,과천,7017,6424,13441,593,5,19,목
2022-05-19,과천선,정부과천청사,11974,11742,23716,232,5,19,목
2022-05-19,과천선,인덕원,27241,27848,55089,-607,5,19,목
2022-05-19,과천선,평촌,19784,19485,39269,299,5,19,목
2022-05-19,과천선,범계,28550,28470,57020,80,5,19,목
2022-05-19,분당선,선릉,14703,22886,37589,-8183,5,19,목
2022-05-19,분당선,한티,16041,16957,32998,-916,5,19,목
2022-05-19,분당선,도곡,7794,7465,15259,329,5,19,목
2022-05-19,분당선,구룡,2687,2512,5199,175,5,19,목
2022-05-19,분당선,개포동,4571,4555,9126,16,5,19,목
2022-05-19,분당선,대모산입구,5123,4698,9821,425,5,19,목
2022-05-19,분당선,수서,15227,15955,31182,-728,5,19,목
2022-05-19,분당선,수원,9197,7728,16925,1469,5,19,목
2022-05-19,분당선,서울숲,12940,13532,26472,-592,5,19,목
2022-05-19,분당선,압구정로데오,20353,22964,43317,-2611,5,19,목
2022-05-19,분당선,강남구청,10956,12821,23777,-1865,5,19,목
2022-05-19,분당선,선정릉,8798,9588,18386,-790,5,19,목
2022-05-19,분당선,가천대,13730,14457,28187,-727,5,19,목
2022-05-19,분당선,태평,14708,13943,28651,765,5,19,목
2022-05-19,분당선,모란,28869,27449,56318,1420,5,19,목
2022-05-19,분당선,야탑,29239,30413,59652,-1174,5,19,목
2022-05-19,분당선,서현,26099,26964,53063,-865,5,19,목
2022-05-19,분당선,수내,14794,14962,29756,-168,5,19,목
2022-05-19,분당선,정자,19516,20949,40465,-1433,5,19,목
2022-05-19,분당선,미금,17183,18213,35396,-1030,5,19,목
2022-05-19,분당선,오리,13115,10673,23788,2442,5,19,목
2022-05-19,분당선,이매,6608,6141,12749,467,5,19,목
2022-05-19,분당선,보정,3054,2650,5704,404,5,19,목
2022-05-19,분당선,죽전,16212,17583,33795,-1371,5,19,목
2022-05-19,분당선,구성,6025,6222,12247,-197,5,19,목
2022-05-19,분당선,신갈,5098,4980,10078,118,5,19,목
2022-05-19,분당선,기흥,11769,10885,22654,884,5,19,목
2022-05-19,분당선,상갈,6388,6092,12480,296,5,19,목
2022-05-19,분당선,청명,4869,4751,9620,118,5,19,목
2022-05-19,분당선,영통,9287,9382,18669,-95,5,19,목
2022-05-19,분당선,망포,16218,15314,31532,904,5,19,목
2022-05-19,분당선,매탄권선,6145,5767,11912,378,5,19,목
2022-05-19,분당선,수원시청,13495,14774,28269,-1279,5,19,목
2022-05-19,분당선,매교,3630,3555,7185,75,5,19,목
2022-05-19,수인선,고색,5479,5295,10774,184,5,19,목
2022-05-19,수인선,오목천,4576,4053,8629,523,5,19,목
2022-05-19,수인선,어천,849,917,1766,-68,5,19,목
2022-05-19,수인선,야목,497,324,821,173,5,19,목
2022-05-19,수인선,사리,5673,5092,10765,581,5,19,목
2022-05-19,수인선,달월,131,102,233,29,5,19,목
2022-05-19,수인선,월곶,3251,3007,6258,244,5,19,목
2022-05-19,수인선,소래포구,7234,6819,14053,415,5,19,목
2022-05-19,수인선,인천논현,6201,6525,12726,-324,5,19,목
2022-05-19,수인선,호구포,4665,4858,9523,-193,5,19,목
2022-05-19,수인선,남동인더스파크,2315,2674,4989,-359,5,19,목
2022-05-19,수인선,원인재,4902,5059,9961,-157,5,19,목
2022-05-19,수인선,연수,5115,4985,10100,130,5,19,목
2022-05-19,수인선,송도,2749,2649,5398,100,5,19,목
2022-05-19,수인선,인하대,8350,7912,16262,438,5,19,목
2022-05-19,수인선,숭의,4504,4111,8615,393,5,19,목
2022-05-19,수인선,신포,2143,2165,4308,-22,5,19,목
2022-05-19,수인선,인천,1161,1858,3019,-697,5,19,목
2022-05-19,안산선,산본,17397,18717,36114,-1320,5,19,목
2022-05-19,안산선,대야미,5672,5059,10731,613,5,19,목
2022-05-19,안산선,반월,4763,4656,9419,107,5,19,목
2022-05-19,안산선,상록수,18181,18213,36394,-32,5,19,목
2022-05-19,안산선,한대앞,11395,11524,22919,-129,5,19,목
2022-05-19,안산선,중앙,20259,21187,41446,-928,5,19,목
2022-05-19,안산선,고잔,10215,9610,19825,605,5,19,목
2022-05-19,안산선,초지,5692,6165,11857,-473,5,19,목
2022-05-19,안산선,안산,12480,11027,23507,1453,5,19,목
2022-05-19,안산선,신길온천,1971,1839,3810,132,5,19,목
2022-05-19,안산선,정왕,11095,11269,22364,-174,5,19,목
2022-05-19,안산선,오이도,9624,9470,19094,154,5,19,목
2022-05-19,안산선,수리산,4679,3866,8545,813,5,19,목
2022-05-19,우이신설선,북한산우이,3076,2806,5882,270,5,19,목
2022-05-19,우이신설선,솔밭공원,2718,2518,5236,200,5,19,목
2022-05-19,우이신설선,4.19민주묘지,3984,3838,7822,146,5,19,목
2022-05-19,우이신설선,가오리,4519,4383,8902,136,5,19,목
2022-05-19,우이신설선,화계,3762,3474,7236,288,5,19,목
2022-05-19,우이신설선,삼양,2124,2225,4349,-101,5,19,목
2022-05-19,우이신설선,삼양사거리,2665,2636,5301,29,5,19,목
2022-05-19,우이신설선,솔샘,6484,5884,12368,600,5,19,목
2022-05-19,우이신설선,북한산보국문,6867,6399,13266,468,5,19,목
2022-05-19,우이신설선,정릉,5506,4849,10355,657,5,19,목
2022-05-19,우이신설선,성신여대입구(돈암),3592,3975,7567,-383,5,19,목
2022-05-19,우이신설선,보문,1704,1684,3388,20,5,19,목
2022-05-19,우이신설선,신설동,2353,2253,4606,100,5,19,목
2022-05-19,일산선,원흥,12185,11334,23519,851,5,19,목
2022-05-19,일산선,지축,1,0,1,1,5,19,목
2022-05-19,일산선,삼송,21711,20898,42609,813,5,19,목
2022-05-19,일산선,원당,12533,11757,24290,776,5,19,목
2022-05-19,일산선,화정,18786,19080,37866,-294,5,19,목
2022-05-19,일산선,대곡,2562,1985,4547,577,5,19,목
2022-05-19,일산선,백석,10733,10671,21404,62,5,19,목
2022-05-19,일산선,마두,8302,8331,16633,-29,5,19,목
2022-05-19,일산선,정발산,7966,8142,16108,-176,5,19,목
2022-05-19,일산선,주엽,10309,10237,20546,72,5,19,목
2022-05-19,일산선,대화,14068,11006,25074,3062,5,19,목
2022-05-19,장항선,봉명,1431,1372,2803,59,5,19,목
2022-05-19,장항선,쌍용(나사렛대),3544,3142,6686,402,5,19,목
2022-05-19,장항선,아산,4376,3874,8250,502,5,19,목
2022-05-19,장항선,탕정,1067,908,1975,159,5,19,목
2022-05-19,장항선,배방,1391,1310,2701,81,5,19,목
2022-05-19,장항선,온양온천,5493,5592,11085,-99,5,19,목
2022-05-19,장항선,신창(순천향대),3286,2740,6026,546,5,19,목
2022-05-19,중앙선,회기,28651,27824,56475,827,5,19,목
2022-05-19,중앙선,중랑,6289,5954,12243,335,5,19,목
2022-05-19,중앙선,상봉(시외버스터미널),6310,6317,12627,-7,5,19,목
2022-05-19,중앙선,망우,8564,8439,17003,125,5,19,목
2022-05-19,중앙선,양원,3490,3340,6830,150,5,19,목
2022-05-19,중앙선,구리,15110,15336,30446,-226,5,19,목
2022-05-19,중앙선,도농,12219,11031,23250,1188,5,19,목
2022-05-19,중앙선,양정,794,682,1476,112,5,19,목
2022-05-19,중앙선,덕소,6316,6336,12652,-20,5,19,목
2022-05-19,중앙선,도심,2832,2241,5073,591,5,19,목
2022-05-19,중앙선,팔당,1024,1062,2086,-38,5,19,목
2022-05-19,중앙선,운길산,975,997,1972,-22,5,19,목
2022-05-19,중앙선,양수,2265,2284,4549,-19,5,19,목
2022-05-19,중앙선,신원,285,271,556,14,5,19,목
2022-05-19,중앙선,국수,908,870,1778,38,5,19,목
2022-05-19,중앙선,아신,625,654,1279,-29,5,19,목
2022-05-19,중앙선,오빈,354,340,694,14,5,19,목
2022-05-19,중앙선,양평,2936,3043,5979,-107,5,19,목
2022-05-19,중앙선,원덕,438,410,848,28,5,19,목
2022-05-19,중앙선,용문,2066,2041,4107,25,5,19,목
2022-05-19,중앙선,지평,78,89,167,-11,5,19,목
2022-05-19,경원선,석계,9433,10373,19806,-940,5,19,목
2022-05-19,경원선,광운대,9885,9720,19605,165,5,19,목
2022-05-19,경원선,월계,9022,8332,17354,690,5,19,목
2022-05-19,경원선,녹천,5237,4271,9508,966,5,19,목
2022-05-19,경원선,방학,10742,10533,21275,209,5,19,목
2022-05-19,경원선,도봉,6723,6355,13078,368,5,19,목
2022-05-19,경원선,도봉산,8921,6052,14973,2869,5,19,목
2022-05-19,경원선,망월사,10689,10670,21359,19,5,19,목
2022-05-19,경원선,회룡,14148,14074,28222,74,5,19,목
2022-05-19,경원선,의정부,20080,21195,41275,-1115,5,19,목
2022-05-19,경원선,가능,7724,7348,15072,376,5,19,목
2022-05-19,경원선,녹양,5413,4997,10410,416,5,19,목
2022-05-19,경원선,양주,8872,8380,17252,492,5,19,목
2022-05-19,경원선,덕계,3926,3434,7360,492,5,19,목
2022-05-19,2호선,신답,1796,1998,3794,-202,5,19,목
2022-05-19,2호선,용답,3278,3445,6723,-167,5,19,목
2022-05-19,2호선,충정로(경기대입구),10748,11648,22396,-900,5,19,목
2022-05-19,2호선,아현,11686,10965,22651,721,5,19,목
2022-05-19,2호선,이대,15279,15943,31222,-664,5,19,목
2022-05-19,2호선,신촌,36163,37390,73553,-1227,5,19,목
2022-05-19,2호선,홍대입구,57447,61992,119439,-4545,5,19,목
2022-05-19,2호선,합정,32982,35142,68124,-2160,5,19,목
2022-05-19,2호선,당산,21009,24573,45582,-3564,5,19,목
2022-05-19,2호선,영등포구청,24149,25137,49286,-988,5,19,목
2022-05-19,2호선,문래,23730,24377,48107,-647,5,19,목
2022-05-19,2호선,신도림,51688,52004,103692,-316,5,19,목
2022-05-19,2호선,대림(구로구청),25892,26345,52237,-453,5,19,목
2022-05-19,2호선,구로디지털단지,63666,63502,127168,164,5,19,목
2022-05-19,2호선,신대방,29135,28096,57231,1039,5,19,목
2022-05-19,2호선,신림,68188,65433,133621,2755,5,19,목
2022-05-19,2호선,봉천,25721,23375,49096,2346,5,19,목
2022-05-19,2호선,서울대입구(관악구청),51822,50716,102538,1106,5,19,목
2022-05-19,2호선,낙성대(강감찬),29788,28749,58537,1039,5,19,목
2022-05-19,2호선,사당,42834,47396,90230,-4562,5,19,목
2022-05-19,2호선,방배,21254,22068,43322,-814,5,19,목
2022-05-19,2호선,서초,23311,22749,46060,562,5,19,목
2022-05-19,2호선,교대(법원.검찰청),37483,42992,80475,-5509,5,19,목
2022-05-19,2호선,강남,88291,88726,177017,-435,5,19,목
2022-05-19,2호선,역삼,55128,63790,118918,-8662,5,19,목
2022-05-19,2호선,선릉,62852,55892,118744,6960,5,19,목
2022-05-19,2호선,삼성(무역센터),57412,59554,116966,-2142,5,19,목
2022-05-19,2호선,종합운동장,12352,13315,25667,-963,5,19,목
2022-05-19,2호선,잠실새내,23228,23145,46373,83,5,19,목
2022-05-19,2호선,잠실(송파구청),72667,73015,145682,-348,5,19,목
2022-05-19,2호선,잠실나루,16365,16027,32392,338,5,19,목
2022-05-19,2호선,강변(동서울터미널),33067,30379,63446,2688,5,19,목
2022-05-19,2호선,구의(광진구청),25123,24301,49424,822,5,19,목
2022-05-19,2호선,건대입구,38309,41396,79705,-3087,5,19,목
2022-05-19,2호선,성수,40035,43918,83953,-3883,5,19,목
2022-05-19,2호선,뚝섬,24201,26395,50596,-2194,5,19,목
2022-05-19,2호선,한양대,14756,16612,31368,-1856,5,19,목
2022-05-19,2호선,왕십리(성동구청),18427,14493,32920,3934,5,19,목
2022-05-19,2호선,상왕십리,15503,14721,30224,782,5,19,목
2022-05-19,2호선,신당,14912,15323,30235,-411,5,19,목
2022-05-19,2호선,동대문역사문화공원(DDP),12726,14677,27403,-1951,5,19,목
2022-05-19,2호선,을지로4가,14001,14092,28093,-91,5,19,목
2022-05-19,2호선,을지로3가,24309,24560,48869,-251,5,19,목
2022-05-19,2호선,을지로입구,42764,44996,87760,-2232,5,19,목
2022-05-19,2호선,시청,25946,25863,51809,83,5,19,목
2022-05-19,1호선,동묘앞,8468,8818,17286,-350,5,19,목
2022-05-19,1호선,청량리(서울시립대입구),21753,21702,43455,51,5,19,목
2022-05-19,1호선,제기동,18547,18759,37306,-212,5,19,목
2022-05-19,1호선,신설동,14698,14332,29030,366,5,19,목
2022-05-19,1호선,동대문,11449,10871,22320,578,5,19,목
2022-05-19,1호선,종로5가,24507,24409,48916,98,5,19,목
2022-05-19,1호선,종로3가,28272,25236,53508,3036,5,19,목
2022-05-19,1호선,종각,39084,38652,77736,432,5,19,목
2022-05-20,경원선,소요산,2979,2507,5486,472,5,20,금
2022-05-20,7호선,반포,6652,6260,12912,392,5,20,금
2022-05-20,1호선,서울역,55250,54967,110217,283,5,20,금
2022-05-20,1호선,시청,26169,26690,52859,-521,5,20,금
2022-05-20,1호선,종각,39714,39777,79491,-63,5,20,금
2022-05-20,1호선,종로3가,29985,27749,57734,2236,5,20,금
2022-05-20,1호선,종로5가,25717,25831,51548,-114,5,20,금
2022-05-20,1호선,동대문,12014,10815,22829,1199,5,20,금
2022-05-20,1호선,신설동,15355,15034,30389,321,5,20,금
2022-05-20,1호선,제기동,18477,18514,36991,-37,5,20,금
2022-05-20,1호선,청량리(서울시립대입구),22742,22841,45583,-99,5,20,금
2022-05-20,1호선,동묘앞,8980,9466,18446,-486,5,20,금
2022-05-20,2호선,시청,26216,25782,51998,434,5,20,금
2022-05-20,2호선,을지로입구,42873,45106,87979,-2233,5,20,금
2022-05-20,2호선,을지로3가,25622,26942,52564,-1320,5,20,금
2022-05-20,2호선,을지로4가,14222,14742,28964,-520,5,20,금
2022-05-20,2호선,동대문역사문화공원(DDP),13571,14964,28535,-1393,5,20,금
2022-05-20,2호선,신당,15589,15854,31443,-265,5,20,금
2022-05-20,2호선,상왕십리,15740,15026,30766,714,5,20,금
2022-05-20,2호선,왕십리(성동구청),19536,16360,35896,3176,5,20,금
2022-05-20,2호선,한양대,13228,14135,27363,-907,5,20,금
2022-05-20,2호선,뚝섬,25259,26771,52030,-1512,5,20,금
2022-05-20,2호선,성수,40866,46264,87130,-5398,5,20,금
2022-05-20,2호선,건대입구,42121,47136,89257,-5015,5,20,금
2022-05-20,2호선,구의(광진구청),25716,24565,50281,1151,5,20,금
2022-05-20,2호선,강변(동서울터미널),38110,36005,74115,2105,5,20,금
2022-05-20,2호선,잠실나루,16505,15762,32267,743,5,20,금
2022-05-20,2호선,잠실(송파구청),83341,83730,167071,-389,5,20,금
2022-05-20,2호선,잠실새내,24601,25576,50177,-975,5,20,금
2022-05-20,2호선,종합운동장,18410,21922,40332,-3512,5,20,금
2022-05-20,2호선,삼성(무역센터),57712,59082,116794,-1370,5,20,금
2022-05-20,2호선,선릉,61514,55016,116530,6498,5,20,금
2022-05-20,2호선,역삼,53502,61697,115199,-8195,5,20,금
2022-05-20,2호선,강남,95179,98286,193465,-3107,5,20,금
2022-05-20,2호선,교대(법원.검찰청),38187,44108,82295,-5921,5,20,금
2022-05-20,2호선,서초,23488,22364,45852,1124,5,20,금
2022-05-20,2호선,방배,20599,21237,41836,-638,5,20,금
2022-05-20,2호선,사당,45373,50762,96135,-5389,5,20,금
2022-05-20,2호선,낙성대(강감찬),31226,28591,59817,2635,5,20,금
2022-05-20,2호선,서울대입구(관악구청),53678,51824,105502,1854,5,20,금
2022-05-20,2호선,봉천,26225,23094,49319,3131,5,20,금
2022-05-20,2호선,신림,70661,67353,138014,3308,5,20,금
2022-05-20,2호선,신대방,29648,27923,57571,1725,5,20,금
2022-05-20,2호선,구로디지털단지,64353,63778,128131,575,5,20,금
2022-05-20,2호선,대림(구로구청),26276,26381,52657,-105,5,20,금
2022-05-20,2호선,신도림,53246,54864,108110,-1618,5,20,금
2022-05-20,2호선,문래,23971,24822,48793,-851,5,20,금
2022-05-20,2호선,영등포구청,24301,25509,49810,-1208,5,20,금
2022-05-20,2호선,당산,21624,25065,46689,-3441,5,20,금
2022-05-20,2호선,합정,35154,39700,74854,-4546,5,20,금
2022-05-20,2호선,홍대입구,64144,74950,139094,-10806,5,20,금
2022-05-20,2호선,신촌,39652,41028,80680,-1376,5,20,금
2022-05-20,2호선,이대,16173,16320,32493,-147,5,20,금
2022-05-20,2호선,아현,12246,11170,23416,1076,5,20,금
2022-05-20,2호선,충정로(경기대입구),10616,11288,21904,-672,5,20,금
2022-05-20,2호선,용답,3367,3234,6601,133,5,20,금
2022-05-20,2호선,신답,1947,2018,3965,-71,5,20,금
2022-05-20,2호선,신설동,4006,3786,7792,220,5,20,금
2022-05-20,2호선,도림천,1474,1454,2928,20,5,20,금
2022-05-20,2호선,양천구청,7909,7858,15767,51,5,20,금
2022-05-20,2호선,신정네거리,11712,11792,23504,-80,5,20,금
2022-05-20,2호선,용두(동대문구청),2638,2530,5168,108,5,20,금
2022-05-20,3호선,지축,5789,5214,11003,575,5,20,금
2022-05-20,3호선,구파발,23028,22178,45206,850,5,20,금
2022-05-20,3호선,연신내,40492,38465,78957,2027,5,20,금
2022-05-20,3호선,불광,17907,19070,36977,-1163,5,20,금
2022-05-20,3호선,녹번,17490,15102,32592,2388,5,20,금
2022-05-20,3호선,홍제,19948,18523,38471,1425,5,20,금
2022-05-20,3호선,무악재,4468,4289,8757,179,5,20,금
2022-05-20,3호선,독립문,8337,8706,17043,-369,5,20,금
2022-05-20,3호선,경복궁(정부서울청사),32214,34693,66907,-2479,5,20,금
2022-05-20,3호선,안국,28133,28495,56628,-362,5,20,금
2022-05-20,3호선,종로3가,11467,14162,25629,-2695,5,20,금
2022-05-20,3호선,을지로3가,12125,13004,25129,-879,5,20,금
2022-05-20,3호선,충무로,1,0,1,1,5,20,금
2022-05-20,3호선,동대입구,9323,11102,20425,-1779,5,20,금
2022-05-20,3호선,약수,14936,14225,29161,711,5,20,금
2022-05-20,3호선,금호,8871,7998,16869,873,5,20,금
2022-05-20,3호선,옥수,10262,10337,20599,-75,5,20,금
2022-05-20,3호선,압구정,36288,39716,76004,-3428,5,20,금
2022-05-20,3호선,신사,35000,38374,73374,-3374,5,20,금
2022-05-20,3호선,잠원,5725,5406,11131,319,5,20,금
2022-05-20,3호선,고속터미널,54268,54292,108560,-24,5,20,금
2022-05-20,3호선,교대(법원.검찰청),16931,11026,27957,5905,5,20,금
2022-05-20,3호선,남부터미널(예술의전당),34573,34537,69110,36,5,20,금
2022-05-20,3호선,양재(서초구청),44690,47810,92500,-3120,5,20,금
2022-05-20,3호선,매봉,13998,13551,27549,447,5,20,금
2022-05-20,3호선,도곡,6037,6351,12388,-314,5,20,금
2022-05-20,3호선,대치,12511,12338,24849,173,5,20,금
2022-05-20,3호선,학여울,3140,3144,6284,-4,5,20,금
2022-05-20,3호선,대청,11019,10157,21176,862,5,20,금
2022-05-20,3호선,일원,11595,10956,22551,639,5,20,금
2022-05-20,3호선,수서,20604,20622,41226,-18,5,20,금
2022-05-20,3호선,가락시장,10362,10199,20561,163,5,20,금
2022-05-20,3호선,경찰병원,8147,7954,16101,193,5,20,금
2022-05-20,3호선,오금,7036,6303,13339,733,5,20,금
2022-05-20,4호선,당고개,10100,8775,18875,1325,5,20,금
2022-05-20,4호선,상계,21359,19525,40884,1834,5,20,금
2022-05-20,4호선,노원,21404,24823,46227,-3419,5,20,금
2022-05-20,4호선,창동,28533,30261,58794,-1728,5,20,금
2022-05-20,4호선,쌍문,32203,28904,61107,3299,5,20,금
2022-05-20,4호선,수유(강북구청),38347,38006,76353,341,5,20,금
2022-05-20,4호선,미아(서울사이버대학),17392,16350,33742,1042,5,20,금
2022-05-20,4호선,미아사거리,30372,29470,59842,902,5,20,금
2022-05-20,4호선,길음,24573,23428,48001,1145,5,20,금
2022-05-20,4호선,성신여대입구(돈암),24143,23133,47276,1010,5,20,금
2022-05-20,4호선,한성대입구(삼선교),16437,15643,32080,794,5,20,금
2022-05-20,4호선,혜화,39007,38732,77739,275,5,20,금
2022-05-20,4호선,동대문,21958,21983,43941,-25,5,20,금
2022-05-20,4호선,동대문역사문화공원(DDP),16457,14568,31025,1889,5,20,금
2022-05-20,4호선,충무로,30108,32408,62516,-2300,5,20,금
2022-05-20,4호선,명동,23195,24162,47357,-967,5,20,금
2022-05-20,4호선,회현(남대문시장),27883,29238,57121,-1355,5,20,금
2022-05-20,4호선,서울역,12847,22516,35363,-9669,5,20,금
2022-05-20,4호선,숙대입구(갈월),15586,15342,30928,244,5,20,금
2022-05-20,4호선,삼각지,6244,7356,13600,-1112,5,20,금
2022-05-20,4호선,신용산,19040,20591,39631,-1551,5,20,금
2022-05-20,4호선,이촌(국립중앙박물관),9710,10774,20484,-1064,5,20,금
2022-05-20,4호선,동작(현충원),2027,2166,4193,-139,5,20,금
2022-05-20,4호선,총신대입구(이수),21584,23664,45248,-2080,5,20,금
2022-05-20,4호선,사당,30589,26588,57177,4001,5,20,금
2022-05-20,4호선,남태령,1482,1194,2676,288,5,20,금
2022-05-20,5호선,방화,7538,7110,14648,428,5,20,금
2022-05-20,5호선,개화산,6221,5727,11948,494,5,20,금
2022-05-20,5호선,김포공항,8651,8359,17010,292,5,20,금
2022-05-20,5호선,송정,7073,6570,13643,503,5,20,금
2022-05-20,5호선,마곡,11890,11800,23690,90,5,20,금
2022-05-20,5호선,발산,21782,23559,45341,-1777,5,20,금
2022-05-20,5호선,우장산,16501,15634,32135,867,5,20,금
2022-05-20,5호선,화곡,31787,28599,60386,3188,5,20,금
2022-05-20,5호선,까치산,31857,29379,61236,2478,5,20,금
2022-05-20,5호선,신정(은행정),15538,11843,27381,3695,5,20,금
2022-05-20,5호선,목동,19021,19906,38927,-885,5,20,금
2022-05-20,5호선,오목교(목동운동장앞),24266,26092,50358,-1826,5,20,금
2022-05-20,5호선,양평,8008,7628,15636,380,5,20,금
2022-05-20,5호선,영등포구청,4269,4438,8707,-169,5,20,금
2022-05-20,5호선,영등포시장,11513,11568,23081,-55,5,20,금
2022-05-20,5호선,신길,4560,4638,9198,-78,5,20,금
2022-05-20,5호선,여의도,29811,32992,62803,-3181,5,20,금
2022-05-20,5호선,여의나루,17490,18720,36210,-1230,5,20,금
2022-05-20,5호선,마포,15602,16108,31710,-506,5,20,금
2022-05-20,5호선,공덕,15826,16993,32819,-1167,5,20,금
2022-05-20,5호선,애오개,7608,7612,15220,-4,5,20,금
2022-05-20,5호선,충정로(경기대입구),4981,5020,10001,-39,5,20,금
2022-05-20,5호선,서대문,21275,21549,42824,-274,5,20,금
2022-05-20,5호선,광화문(세종문화회관),33599,36328,69927,-2729,5,20,금
2022-05-20,5호선,종로3가,16018,16758,32776,-740,5,20,금
2022-05-20,5호선,을지로4가,6922,7144,14066,-222,5,20,금
2022-05-20,5호선,동대문역사문화공원(DDP),3001,3609,6610,-608,5,20,금
2022-05-20,5호선,청구,4351,4002,8353,349,5,20,금
2022-05-20,5호선,신금호,7375,7376,14751,-1,5,20,금
2022-05-20,5호선,행당,9079,7686,16765,1393,5,20,금
2022-05-20,5호선,왕십리(성동구청),4990,6378,11368,-1388,5,20,금
2022-05-20,5호선,마장,6412,6055,12467,357,5,20,금
2022-05-20,5호선,답십리,17591,15843,33434,1748,5,20,금
2022-05-20,5호선,장한평,20544,19916,40460,628,5,20,금
2022-05-20,5호선,군자(능동),12397,13947,26344,-1550,5,20,금
2022-05-20,5호선,아차산(어린이대공원후문),17312,16040,33352,1272,5,20,금
2022-05-20,5호선,광나루(장신대),15987,14096,30083,1891,5,20,금
2022-05-20,5호선,천호(풍납토성),20595,20927,41522,-332,5,20,금
2022-05-20,5호선,강동,20370,19044,39414,1326,5,20,금
2022-05-20,5호선,길동,9000,9318,18318,-318,5,20,금
2022-05-20,5호선,굽은다리(강동구민회관앞),10501,9977,20478,524,5,20,금
2022-05-20,5호선,명일,9906,10067,19973,-161,5,20,금
2022-05-20,5호선,고덕,11161,10805,21966,356,5,20,금
2022-05-20,5호선,상일동,16691,15262,31953,1429,5,20,금
2022-05-20,5호선,둔촌동,9023,8963,17986,60,5,20,금
2022-05-20,5호선,올림픽공원(한국체대),5185,4430,9615,755,5,20,금
2022-05-20,5호선,방이,7786,7952,15738,-166,5,20,금
2022-05-20,5호선,오금,4099,4164,8263,-65,5,20,금
2022-05-20,5호선,개롱,7370,7410,14780,-40,5,20,금
2022-05-20,5호선,거여,11587,10750,22337,837,5,20,금
2022-05-20,5호선,마천,8152,7499,15651,653,5,20,금
2022-05-20,5호선,강일,5042,4424,9466,618,5,20,금
2022-05-20,5호선,미사,17794,17552,35346,242,5,20,금
2022-05-20,5호선,하남풍산,4669,4577,9246,92,5,20,금
2022-05-20,5호선,하남시청(덕풍·신장),7870,7401,15271,469,5,20,금
2022-05-20,5호선,하남검단산,6616,6189,12805,427,5,20,금
2022-05-20,6호선,응암,19317,18337,37654,980,5,20,금
2022-05-20,6호선,역촌,4095,4627,8722,-532,5,20,금
2022-05-20,6호선,불광,4752,4694,9446,58,5,20,금
2022-05-20,6호선,독바위,3009,3026,6035,-17,5,20,금
2022-05-20,6호선,연신내,1,0,1,1,5,20,금
2022-05-20,6호선,구산,8459,5853,14312,2606,5,20,금
2022-05-20,6호선,새절(신사),14240,13094,27334,1146,5,20,금
2022-05-20,6호선,증산(명지대앞),11180,10720,21900,460,5,20,금
2022-05-20,6호선,디지털미디어시티,15338,16461,31799,-1123,5,20,금
2022-05-20,6호선,월드컵경기장(성산),5696,5989,11685,-293,5,20,금
2022-05-20,6호선,마포구청,15636,13535,29171,2101,5,20,금
2022-05-20,6호선,망원,15622,16955,32577,-1333,5,20,금
2022-05-20,6호선,합정,15014,15251,30265,-237,5,20,금
2022-05-20,6호선,상수,10138,12649,22787,-2511,5,20,금
2022-05-20,6호선,광흥창(서강),10199,9607,19806,592,5,20,금
2022-05-20,6호선,대흥(서강대앞),9960,10178,20138,-218,5,20,금
2022-05-20,6호선,공덕,20870,20399,41269,471,5,20,금
2022-05-20,6호선,효창공원앞,8278,7378,15656,900,5,20,금
2022-05-20,6호선,삼각지,8430,7105,15535,1325,5,20,금
2022-05-20,6호선,녹사평(용산구청),6128,6567,12695,-439,5,20,금
2022-05-20,6호선,이태원,12770,17882,30652,-5112,5,20,금
2022-05-20,6호선,한강진,9869,11696,21565,-1827,5,20,금
2022-05-20,6호선,버티고개,2472,2309,4781,163,5,20,금
2022-05-20,6호선,약수,4002,4201,8203,-199,5,20,금
2022-05-20,6호선,청구,4039,4170,8209,-131,5,20,금
2022-05-20,6호선,신당,8617,8268,16885,349,5,20,금
2022-05-20,6호선,동묘앞,8722,8424,17146,298,5,20,금
2022-05-20,6호선,창신,3979,3232,7211,747,5,20,금
2022-05-20,6호선,보문,8416,7321,15737,1095,5,20,금
2022-05-20,6호선,안암(고대병원앞),14585,13740,28325,845,5,20,금
2022-05-20,6호선,고려대(종암),9812,9095,18907,717,5,20,금
2022-05-20,6호선,월곡(동덕여대),13518,12654,26172,864,5,20,금
2022-05-20,6호선,상월곡(한국과학기술연구원),6995,6149,13144,846,5,20,금
2022-05-20,6호선,돌곶이,10505,9410,19915,1095,5,20,금
2022-05-20,6호선,석계,14021,14053,28074,-32,5,20,금
2022-05-20,6호선,태릉입구,8138,9497,17635,-1359,5,20,금
2022-05-20,6호선,화랑대(서울여대입구),14145,10591,24736,3554,5,20,금
2022-05-20,6호선,봉화산(서울의료원),9811,9297,19108,514,5,20,금
2022-05-20,6호선,신내,2,0,2,2,5,20,금
2022-05-20,7호선,장암,2471,1012,3483,1459,5,20,금
2022-05-20,7호선,도봉산,10696,12091,22787,-1395,5,20,금
2022-05-20,7호선,수락산,14074,13524,27598,550,5,20,금
2022-05-20,7호선,마들,14436,13157,27593,1279,5,20,금
2022-05-20,7호선,노원,21708,23653,45361,-1945,5,20,금
2022-05-20,7호선,중계,16136,14162,30298,1974,5,20,금
2022-05-20,7호선,하계,20060,18128,38188,1932,5,20,금
2022-05-20,7호선,공릉(서울과학기술대),14404,13827,28231,577,5,20,금
2022-05-20,7호선,태릉입구,13091,12926,26017,165,5,20,금
2022-05-20,7호선,먹골,11530,10871,22401,659,5,20,금
2022-05-20,7호선,중화,12405,11705,24110,700,5,20,금
2022-05-20,7호선,상봉(시외버스터미널),19119,18169,37288,950,5,20,금
2022-05-20,7호선,면목,17913,16767,34680,1146,5,20,금
2022-05-20,7호선,사가정,18002,17651,35653,351,5,20,금
2022-05-20,7호선,용마산(용마폭포공원),6796,6376,13172,420,5,20,금
2022-05-20,7호선,중곡,11630,10589,22219,1041,5,20,금
2022-05-20,7호선,군자(능동),16300,12630,28930,3670,5,20,금
2022-05-20,7호선,어린이대공원(세종대),20457,20350,40807,107,5,20,금
2022-05-20,7호선,건대입구,14094,15342,29436,-1248,5,20,금
2022-05-20,7호선,뚝섬유원지,13277,12702,25979,575,5,20,금
2022-05-20,7호선,청담,21388,24416,45804,-3028,5,20,금
2022-05-20,7호선,강남구청,17084,19720,36804,-2636,5,20,금
2022-05-20,7호선,학동,25328,27789,53117,-2461,5,20,금
2022-05-20,7호선,논현,22494,24843,47337,-2349,5,20,금
2022-05-20,7호선,고속터미널,20110,16014,36124,4096,5,20,금
2022-05-20,7호선,내방,16268,16595,32863,-327,5,20,금
2022-05-20,7호선,이수,18221,17500,35721,721,5,20,금
2022-05-20,7호선,남성,12340,10923,23263,1417,5,20,금
2022-05-20,7호선,숭실대입구(살피재),16080,15536,31616,544,5,20,금
2022-05-20,7호선,상도,12898,11942,24840,956,5,20,금
2022-05-20,7호선,장승배기,9964,9509,19473,455,5,20,금
2022-05-20,7호선,신대방삼거리,18453,17145,35598,1308,5,20,금
2022-05-20,7호선,보라매,11472,11157,22629,315,5,20,금
2022-05-20,7호선,신풍,13100,12356,25456,744,5,20,금
2022-05-20,7호선,대림(구로구청),8123,8536,16659,-413,5,20,금
2022-05-20,7호선,남구로,16388,17549,33937,-1161,5,20,금
2022-05-20,7호선,가산디지털단지,46932,47075,94007,-143,5,20,금
2022-05-20,7호선,철산,23617,24228,47845,-611,5,20,금
2022-05-20,7호선,광명사거리,24140,23425,47565,715,5,20,금
2022-05-20,7호선,천왕,12725,11655,24380,1070,5,20,금
2022-05-20,7호선,온수(성공회대입구),11935,11179,23114,756,5,20,금
2022-05-20,7호선,부천시청,1,0,1,1,5,20,금
2022-05-20,8호선,암사,20579,17595,38174,2984,5,20,금
2022-05-20,8호선,천호(풍납토성),16314,19361,35675,-3047,5,20,금
2022-05-20,8호선,강동구청,11625,11420,23045,205,5,20,금
2022-05-20,8호선,몽촌토성(평화의문),8090,8267,16357,-177,5,20,금
2022-05-20,8호선,잠실(송파구청),15745,20197,35942,-4452,5,20,금
2022-05-20,8호선,석촌,8411,9690,18101,-1279,5,20,금
2022-05-20,8호선,송파,9124,8827,17951,297,5,20,금
2022-05-20,8호선,가락시장,8509,9732,18241,-1223,5,20,금
2022-05-20,8호선,문정,23384,24338,47722,-954,5,20,금
2022-05-20,8호선,장지,19443,17837,37280,1606,5,20,금
2022-05-20,8호선,복정,11079,9260,20339,1819,5,20,금
2022-05-20,8호선,산성,6147,5989,12136,158,5,20,금
2022-05-20,8호선,남한산성입구(성남법원.검찰청),16624,14626,31250,1998,5,20,금
2022-05-20,8호선,단대오거리,12539,11400,23939,1139,5,20,금
2022-05-20,8호선,신흥,4947,5351,10298,-404,5,20,금
2022-05-20,8호선,수진,6301,5646,11947,655,5,20,금
2022-05-20,8호선,모란,4988,4189,9177,799,5,20,금
2022-05-20,8호선,남위례,6055,6219,12274,-164,5,20,금
2022-05-20,9호선,개화,2868,1978,4846,890,5,20,금
2022-05-20,9호선,김포공항,8914,14631,23545,-5717,5,20,금
2022-05-20,9호선,공항시장,3304,3405,6709,-101,5,20,금
2022-05-20,9호선,신방화,7649,7024,14673,625,5,20,금
2022-05-20,9호선,마곡나루(서울식물원),13721,13652,27373,69,5,20,금
2022-05-20,9호선,양천향교,11135,10799,21934,336,5,20,금
2022-05-20,9호선,가양,23369,22362,45731,1007,5,20,금
2022-05-20,9호선,증미,8047,7676,15723,371,5,20,금
2022-05-20,9호선,등촌,12571,11512,24083,1059,5,20,금
2022-05-20,9호선,염창,19239,17819,37058,1420,5,20,금
2022-05-20,9호선,신목동,5231,4271,9502,960,5,20,금
2022-05-20,9호선,선유도,9503,8922,18425,581,5,20,금
2022-05-20,9호선,당산,20596,20824,41420,-228,5,20,금
2022-05-20,9호선,국회의사당,17002,17653,34655,-651,5,20,금
2022-05-20,9호선,여의도,30423,29800,60223,623,5,20,금
2022-05-20,9호선,샛강,6401,6823,13224,-422,5,20,금
2022-05-20,9호선,노량진,30397,28977,59374,1420,5,20,금
2022-05-20,9호선,노들,5200,4313,9513,887,5,20,금
2022-05-20,9호선,흑석(중앙대입구),10133,10032,20165,101,5,20,금
2022-05-20,9호선,동작(현충원),2637,2157,4794,480,5,20,금
2022-05-20,9호선,구반포,1450,1548,2998,-98,5,20,금
2022-05-20,9호선,신반포,4279,4279,8558,0,5,20,금
2022-05-20,9호선,고속터미널,16782,21832,38614,-5050,5,20,금
2022-05-20,9호선,사평,4250,3843,8093,407,5,20,금
2022-05-20,9호선,신논현,37570,39157,76727,-1587,5,20,금
2022-05-20,9호선2~3단계,언주,11317,11528,22845,-211,5,20,금
2022-05-20,9호선2~3단계,선정릉,10844,11920,22764,-1076,5,20,금
2022-05-20,9호선2~3단계,삼성중앙,7898,8367,16265,-469,5,20,금
2022-05-20,9호선2~3단계,봉은사,18707,19360,38067,-653,5,20,금
2022-05-20,9호선2~3단계,종합운동장,5338,6143,11481,-805,5,20,금
2022-05-20,9호선2~3단계,삼전,7598,7009,14607,589,5,20,금
2022-05-20,9호선2~3단계,석촌고분,6779,6455,13234,324,5,20,금
2022-05-20,9호선2~3단계,석촌,9756,8253,18009,1503,5,20,금
2022-05-20,9호선2~3단계,송파나루,5737,6123,11860,-386,5,20,금
2022-05-20,9호선2~3단계,한성백제,3101,2644,5745,457,5,20,금
2022-05-20,9호선2~3단계,올림픽공원(한국체대),7536,7024,14560,512,5,20,금
2022-05-20,9호선2~3단계,둔촌오륜,1300,1111,2411,189,5,20,금
2022-05-20,9호선2~3단계,중앙보훈병원,11944,10375,22319,1569,5,20,금
2022-05-20,경강선,판교,5443,5444,10887,-1,5,20,금
2022-05-20,경강선,이매,1247,1081,2328,166,5,20,금
2022-05-20,경강선,삼동,2822,2435,5257,387,5,20,금
2022-05-20,경강선,경기광주,8843,8226,17069,617,5,20,금
2022-05-20,경강선,초월,3799,3349,7148,450,5,20,금
2022-05-20,경강선,곤지암,2689,2660,5349,29,5,20,금
2022-05-20,경강선,신둔도예촌,1999,1684,3683,315,5,20,금
2022-05-20,경강선,이천,3134,3332,6466,-198,5,20,금
2022-05-20,경강선,부발,2909,2283,5192,626,5,20,금
2022-05-20,경강선,세종대왕릉,392,377,769,15,5,20,금
2022-05-20,경강선,여주,2760,2934,5694,-174,5,20,금
2022-05-20,경부선,서울역,10230,3291,13521,6939,5,20,금
2022-05-20,경부선,남영,10678,11299,21977,-621,5,20,금
2022-05-20,경부선,용산,43464,45005,88469,-1541,5,20,금
2022-05-20,경부선,노량진,9986,9873,19859,113,5,20,금
2022-05-20,경부선,대방,14696,14760,29456,-64,5,20,금
2022-05-20,경부선,영등포,44737,47656,92393,-2919,5,20,금
2022-05-20,경부선,신도림,4554,4772,9326,-218,5,20,금
2022-05-20,경부선,신길,10255,8814,19069,1441,5,20,금
2022-05-20,경부선,구로,20213,21489,41702,-1276,5,20,금
2022-05-20,경부선,가산디지털단지,19947,22856,42803,-2909,5,20,금
2022-05-20,경부선,금천구청,13281,13131,26412,150,5,20,금
2022-05-20,경부선,석수,10883,9539,20422,1344,5,20,금
2022-05-20,경부선,관악,8257,7668,15925,589,5,20,금
2022-05-20,경부선,안양,28790,28777,57567,13,5,20,금
2022-05-20,경부선,명학,10390,10044,20434,346,5,20,금
2022-05-20,경부선,금정,30588,30570,61158,18,5,20,금
2022-05-20,경부선,군포,8551,8304,16855,247,5,20,금
2022-05-20,경부선,의왕,10961,10469,21430,492,5,20,금
2022-05-20,경부선,성균관대,17944,17176,35120,768,5,20,금
2022-05-20,경부선,화서,9912,9351,19263,561,5,20,금
2022-05-20,경부선,수원,43604,48435,92039,-4831,5,20,금
2022-05-20,경부선,독산,20436,20530,40966,-94,5,20,금
2022-05-20,경부선,세류,3638,3286,6924,352,5,20,금
2022-05-20,경부선,병점,18237,18332,36569,-95,5,20,금
2022-05-20,경부선,세마,3423,3135,6558,288,5,20,금
2022-05-20,경부선,오산대,4653,4312,8965,341,5,20,금
2022-05-20,경부선,오산,11976,11601,23577,375,5,20,금
2022-05-20,경부선,진위,2072,1744,3816,328,5,20,금
2022-05-20,경부선,송탄,5971,5113,11084,858,5,20,금
2022-05-20,경부선,서정리,9361,8036,17397,1325,5,20,금
2022-05-20,경부선,평택지제,4295,3968,8263,327,5,20,금
2022-05-20,경부선,평택,16657,16238,32895,419,5,20,금
2022-05-20,경부선,성환,5500,4695,10195,805,5,20,금
2022-05-20,경부선,직산,1059,946,2005,113,5,20,금
2022-05-20,경부선,두정,10291,7650,17941,2641,5,20,금
2022-05-20,경부선,천안,8546,7484,16030,1062,5,20,금
2022-05-20,경부선,당정,7908,7386,15294,522,5,20,금
2022-05-20,경부선,서동탄,1713,1597,3310,116,5,20,금
2022-05-20,경부선,광명,4263,3987,8250,276,5,20,금
2022-05-20,경원선,이촌(국립중앙박물관),4560,3281,7841,1279,5,20,금
2022-05-20,경원선,서빙고,2394,2193,4587,201,5,20,금
2022-05-20,경원선,한남,4607,4481,9088,126,5,20,금
2022-05-20,경원선,옥수,65,30,95,35,5,20,금
2022-05-20,경원선,응봉,2123,1808,3931,315,5,20,금
2022-05-20,경원선,왕십리(성동구청),16891,18661,35552,-1770,5,20,금
2022-05-20,경원선,청량리(서울시립대입구),20013,20325,40338,-312,5,20,금
2022-05-20,경원선,외대앞,9828,9336,19164,492,5,20,금
2022-05-20,경원선,신이문,9342,8479,17821,863,5,20,금
2022-05-20,경원선,석계,9697,10773,20470,-1076,5,20,금
2022-05-20,경원선,광운대,8671,8275,16946,396,5,20,금
2022-05-20,경원선,월계,8854,8038,16892,816,5,20,금
2022-05-20,경원선,녹천,5179,4150,9329,1029,5,20,금
2022-05-20,경원선,방학,11048,10531,21579,517,5,20,금
2022-05-20,경원선,도봉,6710,6405,13115,305,5,20,금
2022-05-20,경원선,도봉산,8727,5768,14495,2959,5,20,금
2022-05-20,경원선,망월사,9983,9840,19823,143,5,20,금
2022-05-20,경원선,회룡,14695,14333,29028,362,5,20,금
2022-05-20,경원선,의정부,21516,23154,44670,-1638,5,20,금
2022-05-20,경원선,가능,7515,7211,14726,304,5,20,금
2022-05-20,경원선,녹양,5833,5326,11159,507,5,20,금
2022-05-20,경원선,양주,9172,8579,17751,593,5,20,금
2022-05-20,경원선,덕계,3803,3388,7191,415,5,20,금
2022-05-20,경원선,덕정,7141,6471,13612,670,5,20,금
2022-05-20,경원선,지행,8042,7782,15824,260,5,20,금
2022-05-20,경원선,동두천중앙,3792,3722,7514,70,5,20,금
2022-05-20,경원선,보산,2157,1785,3942,372,5,20,금
2022-05-20,경원선,동두천,2777,3047,5824,-270,5,20,금
2022-05-20,경의선,서울역,5163,6796,11959,-1633,5,20,금
2022-05-20,경의선,신촌,965,1273,2238,-308,5,20,금
2022-05-20,경의선,효창공원앞,3335,3721,7056,-386,5,20,금
2022-05-20,경의선,공덕,4046,3753,7799,293,5,20,금
2022-05-20,경의선,서강대,2793,2744,5537,49,5,20,금
2022-05-20,경의선,홍대입구,2244,2760,5004,-516,5,20,금
2022-05-20,경의선,가좌,6394,5940,12334,454,5,20,금
2022-05-20,경의선,디지털미디어시티,3046,2786,5832,260,5,20,금
2022-05-20,경의선,수색,3135,3261,6396,-126,5,20,금
2022-05-20,경의선,화전,3132,2853,5985,279,5,20,금
2022-05-20,경의선,강매,3769,3139,6908,630,5,20,금
2022-05-20,경의선,행신,9318,9487,18805,-169,5,20,금
2022-05-20,경의선,능곡,4288,3945,8233,343,5,20,금
2022-05-20,경의선,곡산,708,730,1438,-22,5,20,금
2022-05-20,경의선,백마,8168,7720,15888,448,5,20,금
2022-05-20,경의선,풍산,6560,6031,12591,529,5,20,금
2022-05-20,경의선,일산,10890,10741,21631,149,5,20,금
2022-05-20,경의선,탄현,8854,8383,17237,471,5,20,금
2022-05-20,경의선,야당,9455,9845,19300,-390,5,20,금
2022-05-20,경의선,운정,8128,7479,15607,649,5,20,금
2022-05-20,경의선,금릉,5936,5690,11626,246,5,20,금
2022-05-20,경의선,금촌,7654,7574,15228,80,5,20,금
2022-05-20,경의선,월롱,3268,2598,5866,670,5,20,금
2022-05-20,경의선,파주,1478,948,2426,530,5,20,금
2022-05-20,경의선,문산,6027,5897,11924,130,5,20,금
2022-05-20,경의선,임진강,15,15,30,0,5,20,금
2022-05-20,경의선,계양,1,0,1,1,5,20,금
2022-05-20,경인선,개봉,24180,23025,47205,1155,5,20,금
2022-05-20,경인선,오류동,13511,11954,25465,1557,5,20,금
2022-05-20,경인선,역곡,32509,31536,64045,973,5,20,금
2022-05-20,경인선,부천,36889,37776,74665,-887,5,20,금
2022-05-20,경인선,송내,30995,30677,61672,318,5,20,금
2022-05-20,경인선,부평,32698,37262,69960,-4564,5,20,금
2022-05-20,경인선,백운,7857,7616,15473,241,5,20,금
2022-05-20,경인선,동암,16810,16792,33602,18,5,20,금
2022-05-20,경인선,주안,22668,20336,43004,2332,5,20,금
2022-05-20,경인선,제물포,12697,11571,24268,1126,5,20,금
2022-05-20,경인선,동인천,16224,15591,31815,633,5,20,금
2022-05-20,경인선,인천,4838,3583,8421,1255,5,20,금
2022-05-20,경인선,구일,8507,8412,16919,95,5,20,금
2022-05-20,경인선,소사,9994,9406,19400,588,5,20,금
2022-05-20,경인선,부개,9676,8955,18631,721,5,20,금
2022-05-20,경인선,간석,6716,6342,13058,374,5,20,금
2022-05-20,경인선,도원,3927,3967,7894,-40,5,20,금
2022-05-20,경인선,온수(성공회대입구),8271,7806,16077,465,5,20,금
2022-05-20,경인선,중동,10621,9803,20424,818,5,20,금
2022-05-20,경인선,도화,4791,4403,9194,388,5,20,금
2022-05-20,경춘선,신내,2578,2373,4951,205,5,20,금
2022-05-20,경춘선,갈매,3446,3006,6452,440,5,20,금
2022-05-20,경춘선,별내,3734,3432,7166,302,5,20,금
2022-05-20,경춘선,퇴계원,4101,3758,7859,343,5,20,금
2022-05-20,경춘선,사릉,2844,2750,5594,94,5,20,금
2022-05-20,경춘선,금곡,1796,1689,3485,107,5,20,금
2022-05-20,경춘선,평내호평,7317,7258,14575,59,5,20,금
2022-05-20,경춘선,천마산,1933,1764,3697,169,5,20,금
2022-05-20,경춘선,마석,4672,4570,9242,102,5,20,금
2022-05-20,경춘선,대성리,922,3543,4465,-2621,5,20,금
2022-05-20,경춘선,청평,1925,2565,4490,-640,5,20,금
2022-05-20,경춘선,상천,322,513,835,-191,5,20,금
2022-05-20,경춘선,가평,2053,2616,4669,-563,5,20,금
2022-05-20,경춘선,굴봉산,174,344,518,-170,5,20,금
2022-05-20,경춘선,백양리,97,103,200,-6,5,20,금
2022-05-20,경춘선,강촌,464,827,1291,-363,5,20,금
2022-05-20,경춘선,김유정,439,529,968,-90,5,20,금
2022-05-20,경춘선,남춘천,4083,3402,7485,681,5,20,금
2022-05-20,경춘선,춘천,2318,1713,4031,605,5,20,금
2022-05-20,공항철도 1호선,서울역,11465,10569,22034,896,5,20,금
2022-05-20,공항철도 1호선,공덕,2642,3515,6157,-873,5,20,금
2022-05-20,공항철도 1호선,홍대입구,12488,13107,25595,-619,5,20,금
2022-05-20,공항철도 1호선,디지털미디어시티,14981,13750,28731,1231,5,20,금
2022-05-20,공항철도 1호선,마곡나루(서울식물원),10241,9704,19945,537,5,20,금
2022-05-20,공항철도 1호선,김포공항,15385,7509,22894,7876,5,20,금
2022-05-20,공항철도 1호선,계양,12096,11216,23312,880,5,20,금
2022-05-20,공항철도 1호선,검암,7714,7613,15327,101,5,20,금
2022-05-20,공항철도 1호선,청라국제도시,8280,7882,16162,398,5,20,금
2022-05-20,공항철도 1호선,운서,8038,8028,16066,10,5,20,금
2022-05-20,공항철도 1호선,공항화물청사,2433,2495,4928,-62,5,20,금
2022-05-20,공항철도 1호선,인천공항1터미널,6427,6466,12893,-39,5,20,금
2022-05-20,공항철도 1호선,인천공항2터미널,3094,2967,6061,127,5,20,금
2022-05-20,공항철도 1호선,영종,3587,3801,7388,-214,5,20,금
2022-05-20,과천선,선바위,9963,8620,18583,1343,5,20,금
2022-05-20,과천선,경마공원,7617,7792,15409,-175,5,20,금
2022-05-20,과천선,대공원,10494,10204,20698,290,5,20,금
2022-05-20,과천선,과천,7509,6734,14243,775,5,20,금
2022-05-20,과천선,정부과천청사,12301,11970,24271,331,5,20,금
2022-05-20,과천선,인덕원,28542,28713,57255,-171,5,20,금
2022-05-20,과천선,평촌,19855,19320,39175,535,5,20,금
2022-05-20,과천선,범계,30497,30935,61432,-438,5,20,금
2022-05-20,분당선,선릉,14499,22559,37058,-8060,5,20,금
2022-05-20,분당선,한티,16495,17253,33748,-758,5,20,금
2022-05-20,분당선,도곡,8212,7777,15989,435,5,20,금
2022-05-20,분당선,구룡,2811,2511,5322,300,5,20,금
2022-05-20,분당선,개포동,4545,4636,9181,-91,5,20,금
2022-05-20,분당선,대모산입구,5324,4670,9994,654,5,20,금
2022-05-20,분당선,수서,16406,17057,33463,-651,5,20,금
2022-05-20,분당선,수원,10142,8665,18807,1477,5,20,금
2022-05-20,분당선,서울숲,14935,15359,30294,-424,5,20,금
2022-05-20,분당선,압구정로데오,22498,27116,49614,-4618,5,20,금
2022-05-20,분당선,강남구청,11352,12949,24301,-1597,5,20,금
2022-05-20,분당선,선정릉,8809,9311,18120,-502,5,20,금
2022-05-20,분당선,가천대,12365,12568,24933,-203,5,20,금
2022-05-20,분당선,태평,15015,14210,29225,805,5,20,금
2022-05-20,분당선,모란,22859,23207,46066,-348,5,20,금
2022-05-20,분당선,야탑,30341,31443,61784,-1102,5,20,금
2022-05-20,분당선,서현,28247,29107,57354,-860,5,20,금
2022-05-20,분당선,수내,14969,14940,29909,29,5,20,금
2022-05-20,분당선,정자,19559,20869,40428,-1310,5,20,금
2022-05-20,분당선,미금,17486,18501,35987,-1015,5,20,금
2022-05-20,분당선,오리,13342,10509,23851,2833,5,20,금
2022-05-20,분당선,이매,6830,6185,13015,645,5,20,금
2022-05-20,분당선,보정,3042,2611,5653,431,5,20,금
2022-05-20,분당선,죽전,16508,17748,34256,-1240,5,20,금
2022-05-20,분당선,구성,6148,6088,12236,60,5,20,금
2022-05-20,분당선,신갈,5190,4998,10188,192,5,20,금
2022-05-20,분당선,기흥,11720,10968,22688,752,5,20,금
2022-05-20,분당선,상갈,6578,6353,12931,225,5,20,금
2022-05-20,분당선,청명,5217,4815,10032,402,5,20,금
2022-05-20,분당선,영통,10301,10502,20803,-201,5,20,금
2022-05-20,분당선,망포,17990,16517,34507,1473,5,20,금
2022-05-20,분당선,매탄권선,6420,5884,12304,536,5,20,금
2022-05-20,분당선,수원시청,15248,18002,33250,-2754,5,20,금
2022-05-20,분당선,매교,3660,3661,7321,-1,5,20,금
2022-05-20,수인선,고색,5748,5324,11072,424,5,20,금
2022-05-20,수인선,오목천,4540,3825,8365,715,5,20,금
2022-05-20,수인선,어천,1036,1038,2074,-2,5,20,금
2022-05-20,수인선,야목,470,333,803,137,5,20,금
2022-05-20,수인선,사리,5794,4906,10700,888,5,20,금
2022-05-20,수인선,달월,154,114,268,40,5,20,금
2022-05-20,수인선,월곶,3186,2860,6046,326,5,20,금
2022-05-20,수인선,소래포구,7064,6828,13892,236,5,20,금
2022-05-20,수인선,인천논현,6456,6944,13400,-488,5,20,금
2022-05-20,수인선,호구포,4674,4795,9469,-121,5,20,금
2022-05-20,수인선,남동인더스파크,2438,2732,5170,-294,5,20,금
2022-05-20,수인선,원인재,5179,5487,10666,-308,5,20,금
2022-05-20,수인선,연수,5503,5411,10914,92,5,20,금
2022-05-20,수인선,송도,2895,2727,5622,168,5,20,금
2022-05-20,수인선,인하대,8366,7737,16103,629,5,20,금
2022-05-20,수인선,숭의,4641,4211,8852,430,5,20,금
2022-05-20,수인선,신포,2246,2291,4537,-45,5,20,금
2022-05-20,수인선,인천,1275,2118,3393,-843,5,20,금
2022-05-20,안산선,산본,19074,20800,39874,-1726,5,20,금
2022-05-20,안산선,대야미,6107,5209,11316,898,5,20,금
2022-05-20,안산선,반월,4979,4717,9696,262,5,20,금
2022-05-20,안산선,상록수,18832,18634,37466,198,5,20,금
2022-05-20,안산선,한대앞,11849,11506,23355,343,5,20,금
2022-05-20,안산선,중앙,21417,23376,44793,-1959,5,20,금
2022-05-20,안산선,고잔,10593,10097,20690,496,5,20,금
2022-05-20,안산선,초지,5674,6078,11752,-404,5,20,금
2022-05-20,안산선,안산,13085,12006,25091,1079,5,20,금
2022-05-20,안산선,신길온천,2109,1924,4033,185,5,20,금
2022-05-20,안산선,정왕,11693,11091,22784,602,5,20,금
2022-05-20,안산선,오이도,9904,10234,20138,-330,5,20,금
2022-05-20,안산선,수리산,4802,3777,8579,1025,5,20,금
2022-05-20,우이신설선,북한산우이,3158,3267,6425,-109,5,20,금
2022-05-20,우이신설선,솔밭공원,2833,2547,5380,286,5,20,금
2022-05-20,우이신설선,4.19민주묘지,4365,4264,8629,101,5,20,금
2022-05-20,우이신설선,가오리,4689,4446,9135,243,5,20,금
2022-05-20,우이신설선,화계,3848,3425,7273,423,5,20,금
2022-05-20,우이신설선,삼양,2192,2224,4416,-32,5,20,금
2022-05-20,우이신설선,삼양사거리,2743,2574,5317,169,5,20,금
2022-05-20,우이신설선,솔샘,6599,5851,12450,748,5,20,금
2022-05-20,우이신설선,북한산보국문,7132,6168,13300,964,5,20,금
2022-05-20,우이신설선,정릉,5478,4604,10082,874,5,20,금
2022-05-20,우이신설선,성신여대입구(돈암),3765,4448,8213,-683,5,20,금
2022-05-20,우이신설선,보문,1670,1635,3305,35,5,20,금
2022-05-20,우이신설선,신설동,2315,2337,4652,-22,5,20,금
2022-05-20,일산선,원흥,12532,11558,24090,974,5,20,금
2022-05-20,일산선,지축,1,0,1,1,5,20,금
2022-05-20,일산선,삼송,22313,21094,43407,1219,5,20,금
2022-05-20,일산선,원당,12774,11701,24475,1073,5,20,금
2022-05-20,일산선,화정,18997,19627,38624,-630,5,20,금
2022-05-20,일산선,대곡,2525,1979,4504,546,5,20,금
2022-05-20,일산선,백석,11209,11068,22277,141,5,20,금
2022-05-20,일산선,마두,8684,8905,17589,-221,5,20,금
2022-05-20,일산선,정발산,8883,9313,18196,-430,5,20,금
2022-05-20,일산선,주엽,10840,10634,21474,206,5,20,금
2022-05-20,일산선,대화,14727,11688,26415,3039,5,20,금
2022-05-20,장항선,봉명,1447,1313,2760,134,5,20,금
2022-05-20,장항선,쌍용(나사렛대),3164,2692,5856,472,5,20,금
2022-05-20,장항선,아산,4994,4920,9914,74,5,20,금
2022-05-20,장항선,탕정,1044,929,1973,115,5,20,금
2022-05-20,장항선,배방,1498,1397,2895,101,5,20,금
2022-05-20,장항선,온양온천,4438,4816,9254,-378,5,20,금
2022-05-20,장항선,신창(순천향대),3518,2110,5628,1408,5,20,금
2022-05-20,중앙선,회기,30018,28649,58667,1369,5,20,금
2022-05-20,중앙선,중랑,6838,6270,13108,568,5,20,금
2022-05-20,중앙선,상봉(시외버스터미널),6913,6623,13536,290,5,20,금
2022-05-20,중앙선,망우,9152,8737,17889,415,5,20,금
2022-05-20,중앙선,양원,3369,3089,6458,280,5,20,금
2022-05-20,중앙선,구리,15477,15836,31313,-359,5,20,금
2022-05-20,중앙선,도농,12625,11389,24014,1236,5,20,금
2022-05-20,중앙선,양정,808,732,1540,76,5,20,금
2022-05-20,중앙선,덕소,6320,6316,12636,4,5,20,금
2022-05-20,중앙선,도심,2851,2203,5054,648,5,20,금
2022-05-20,중앙선,팔당,1033,1097,2130,-64,5,20,금
2022-05-20,중앙선,운길산,907,961,1868,-54,5,20,금
2022-05-20,중앙선,양수,2335,2357,4692,-22,5,20,금
2022-05-20,중앙선,신원,246,225,471,21,5,20,금
2022-05-20,중앙선,국수,908,888,1796,20,5,20,금
2022-05-20,중앙선,아신,672,644,1316,28,5,20,금
2022-05-20,중앙선,오빈,339,317,656,22,5,20,금
2022-05-20,중앙선,양평,3391,3804,7195,-413,5,20,금
2022-05-20,중앙선,원덕,452,447,899,5,5,20,금
2022-05-20,중앙선,용문,3997,4318,8315,-321,5,20,금
2022-05-20,중앙선,지평,88,106,194,-18,5,20,금
2022-05-21,중앙선,신원,323,261,584,62,5,21,토
2022-05-21,중앙선,양수,2906,2835,5741,71,5,21,토
2022-05-21,중앙선,운길산,1569,1647,3216,-78,5,21,토
2022-05-21,중앙선,팔당,1772,1897,3669,-125,5,21,토
2022-05-21,중앙선,도심,1879,1566,3445,313,5,21,토
2022-05-21,중앙선,지평,67,93,160,-26,5,21,토
2022-05-21,중앙선,원덕,525,546,1071,-21,5,21,토
2022-05-21,중앙선,양평,3495,3650,7145,-155,5,21,토
2022-05-21,중앙선,오빈,357,350,707,7,5,21,토
2022-05-21,중앙선,덕소,5280,5270,10550,10,5,21,토
2022-05-21,중앙선,양정,676,532,1208,144,5,21,토
2022-05-21,중앙선,도농,8786,8148,16934,638,5,21,토
2022-05-21,중앙선,구리,12216,12497,24713,-281,5,21,토
2022-05-21,중앙선,양원,2334,2291,4625,43,5,21,토
2022-05-21,중앙선,망우,7629,7501,15130,128,5,21,토
2022-05-21,중앙선,상봉(시외버스터미널),5746,5727,11473,19,5,21,토
2022-05-21,중앙선,아신,833,842,1675,-9,5,21,토
2022-05-21,경원선,창동,3,0,3,3,5,21,토
2022-05-21,우이신설선,가오리,3295,3114,6409,181,5,21,토
2022-05-21,중앙선,중랑,5375,5088,10463,287,5,21,토
2022-05-21,중앙선,회기,24094,22335,46429,1759,5,21,토
2022-05-21,장항선,신창(순천향대),1789,1439,3228,350,5,21,토
2022-05-21,장항선,온양온천,4814,4864,9678,-50,5,21,토
2022-05-21,중앙선,용문,2819,3103,5922,-284,5,21,토
2022-05-21,경원선,동두천,1978,2399,4377,-421,5,21,토
2022-05-21,경원선,보산,2043,1919,3962,124,5,21,토
2022-05-21,경원선,동두천중앙,3205,3088,6293,117,5,21,토
2022-05-21,경원선,지행,6934,6834,13768,100,5,21,토
2022-05-21,경원선,덕정,5550,4912,10462,638,5,21,토
2022-05-21,경원선,덕계,3007,2669,5676,338,5,21,토
2022-05-21,경원선,양주,7491,6952,14443,539,5,21,토
2022-05-21,경원선,녹양,4312,4082,8394,230,5,21,토
2022-05-21,경원선,가능,5971,5512,11483,459,5,21,토
2022-05-21,경원선,의정부,20457,22138,42595,-1681,5,21,토
2022-05-21,경원선,회룡,11510,11071,22581,439,5,21,토
2022-05-21,경원선,망월사,6830,6709,13539,121,5,21,토
2022-05-21,경원선,도봉산,10227,7437,17664,2790,5,21,토
2022-05-21,경원선,도봉,5050,4782,9832,268,5,21,토
2022-05-21,경원선,방학,8730,8295,17025,435,5,21,토
2022-05-21,경원선,녹천,3781,3030,6811,751,5,21,토
2022-05-21,경원선,월계,5472,4865,10337,607,5,21,토
2022-05-21,경원선,광운대,6425,6290,12715,135,5,21,토
2022-05-21,경원선,석계,7645,8072,15717,-427,5,21,토
2022-05-21,경원선,신이문,6930,6115,13045,815,5,21,토
2022-05-21,경원선,외대앞,7218,6602,13820,616,5,21,토
2022-05-21,장항선,배방,1360,1285,2645,75,5,21,토
2022-05-21,장항선,탕정,957,771,1728,186,5,21,토
2022-05-21,1호선,서울역,41094,40983,82077,111,5,21,토
2022-05-21,장항선,아산,4142,3886,8028,256,5,21,토
2022-05-21,경원선,청량리(서울시립대입구),19632,20043,39675,-411,5,21,토
2022-05-21,경원선,왕십리(성동구청),14470,16428,30898,-1958,5,21,토
2022-05-21,경원선,응봉,1817,1563,3380,254,5,21,토
2022-05-21,경원선,옥수,33,41,74,-8,5,21,토
2022-05-21,경원선,한남,3470,3348,6818,122,5,21,토
2022-05-21,경원선,서빙고,2144,2059,4203,85,5,21,토
2022-05-21,경원선,이촌(국립중앙박물관),4057,2870,6927,1187,5,21,토
2022-05-21,경부선,광명,3431,3121,6552,310,5,21,토
2022-05-21,경부선,서동탄,1279,1315,2594,-36,5,21,토
2022-05-21,경부선,당정,4851,4507,9358,344,5,21,토
2022-05-21,경부선,천안,8060,8360,16420,-300,5,21,토
2022-05-21,경부선,두정,6695,6536,13231,159,5,21,토
2022-05-21,경부선,직산,881,831,1712,50,5,21,토
2022-05-21,경부선,성환,3767,3484,7251,283,5,21,토
2022-05-21,경부선,평택,15787,15146,30933,641,5,21,토
2022-05-21,경부선,평택지제,3523,3404,6927,119,5,21,토
2022-05-21,경부선,서정리,7475,6762,14237,713,5,21,토
2022-05-21,경부선,송탄,5304,4910,10214,394,5,21,토
2022-05-21,경부선,진위,1206,1050,2256,156,5,21,토
2022-05-21,경부선,오산,11008,10066,21074,942,5,21,토
2022-05-21,경부선,오산대,3887,3574,7461,313,5,21,토
2022-05-21,경부선,세마,2708,2351,5059,357,5,21,토
2022-05-21,경부선,병점,14462,14195,28657,267,5,21,토
2022-05-21,경부선,세류,2896,2892,5788,4,5,21,토
2022-05-21,경부선,독산,10512,10007,20519,505,5,21,토
2022-05-21,경부선,수원,45059,48833,93892,-3774,5,21,토
2022-05-21,경부선,화서,7016,6793,13809,223,5,21,토
2022-05-21,경부선,성균관대,12369,12309,24678,60,5,21,토
2022-05-21,경부선,의왕,7161,6830,13991,331,5,21,토
2022-05-21,경부선,군포,4911,4358,9269,553,5,21,토
2022-05-21,경부선,금정,22544,22205,44749,339,5,21,토
2022-05-21,경부선,명학,6283,5940,12223,343,5,21,토
2022-05-21,경부선,안양,21072,20941,42013,131,5,21,토
2022-05-21,경부선,관악,7165,6810,13975,355,5,21,토
2022-05-21,경부선,석수,8195,7708,15903,487,5,21,토
2022-05-21,경부선,금천구청,9807,9663,19470,144,5,21,토
2022-05-21,경부선,가산디지털단지,7147,9438,16585,-2291,5,21,토
2022-05-21,경부선,구로,15301,16165,31466,-864,5,21,토
2022-05-21,1호선,시청,15618,16223,31841,-605,5,21,토
2022-05-21,1호선,종각,24847,22655,47502,2192,5,21,토
2022-05-21,1호선,종로3가,28555,25825,54380,2730,5,21,토
2022-05-21,1호선,종로5가,22560,22784,45344,-224,5,21,토
2022-05-21,1호선,동대문,11801,11591,23392,210,5,21,토
2022-05-21,1호선,신설동,10977,10464,21441,513,5,21,토
2022-05-21,1호선,제기동,16477,16760,33237,-283,5,21,토
2022-05-21,1호선,청량리(서울시립대입구),20732,20961,41693,-229,5,21,토
2022-05-21,1호선,동묘앞,12672,13040,25712,-368,5,21,토
2022-05-21,2호선,시청,12073,10397,22470,1676,5,21,토
2022-05-21,2호선,을지로입구,25334,25844,51178,-510,5,21,토
2022-05-21,2호선,을지로3가,14362,14932,29294,-570,5,21,토
2022-05-21,2호선,을지로4가,8307,8978,17285,-671,5,21,토
2022-05-21,2호선,동대문역사문화공원(DDP),11840,14086,25926,-2246,5,21,토
2022-05-21,2호선,신당,12332,13146,25478,-814,5,21,토
2022-05-21,2호선,상왕십리,11051,10227,21278,824,5,21,토
2022-05-21,2호선,왕십리(성동구청),15490,13647,29137,1843,5,21,토
2022-05-21,2호선,한양대,5585,5986,11571,-401,5,21,토
2022-05-21,2호선,뚝섬,17578,17959,35537,-381,5,21,토
2022-05-21,2호선,성수,23477,27288,50765,-3811,5,21,토
2022-05-21,2호선,건대입구,40890,45041,85931,-4151,5,21,토
2022-05-21,2호선,구의(광진구청),18053,17203,35256,850,5,21,토
2022-05-21,2호선,강변(동서울터미널),33182,32898,66080,284,5,21,토
2022-05-21,2호선,잠실나루,8606,8310,16916,296,5,21,토
2022-05-21,2호선,잠실(송파구청),75959,72960,148919,2999,5,21,토
2022-05-21,2호선,잠실새내,20620,20795,41415,-175,5,21,토
2022-05-21,2호선,종합운동장,18855,21615,40470,-2760,5,21,토
2022-05-21,2호선,삼성(무역센터),31836,31991,63827,-155,5,21,토
2022-05-21,2호선,선릉,26911,23615,50526,3296,5,21,토
2022-05-21,2호선,역삼,20089,22630,42719,-2541,5,21,토
2022-05-21,2호선,강남,66742,68983,135725,-2241,5,21,토
2022-05-21,2호선,교대(법원.검찰청),20280,22870,43150,-2590,5,21,토
2022-05-21,2호선,서초,12913,10622,23535,2291,5,21,토
2022-05-21,2호선,방배,11489,11824,23313,-335,5,21,토
2022-05-21,2호선,사당,38219,42759,80978,-4540,5,21,토
2022-05-21,2호선,낙성대(강감찬),24659,22374,47033,2285,5,21,토
2022-05-21,2호선,서울대입구(관악구청),42137,40900,83037,1237,5,21,토
2022-05-21,2호선,봉천,19019,16870,35889,2149,5,21,토
2022-05-21,2호선,신림,56721,53379,110100,3342,5,21,토
2022-05-21,2호선,신대방,22811,21301,44112,1510,5,21,토
2022-05-21,2호선,구로디지털단지,38013,36715,74728,1298,5,21,토
2022-05-21,2호선,대림(구로구청),19858,20647,40505,-789,5,21,토
2022-05-21,2호선,신도림,45592,46690,92282,-1098,5,21,토
2022-05-21,2호선,문래,14628,15845,30473,-1217,5,21,토
2022-05-21,2호선,영등포구청,14299,14818,29117,-519,5,21,토
2022-05-21,2호선,당산,15471,17049,32520,-1578,5,21,토
2022-05-21,2호선,합정,32816,37565,70381,-4749,5,21,토
2022-05-21,2호선,홍대입구,75077,84773,159850,-9696,5,21,토
2022-05-21,2호선,신촌,35642,36507,72149,-865,5,21,토
2022-05-21,2호선,이대,11729,12153,23882,-424,5,21,토
2022-05-21,2호선,아현,8385,7660,16045,725,5,21,토
2022-05-21,2호선,충정로(경기대입구),6473,6979,13452,-506,5,21,토
2022-05-21,2호선,용답,2397,2182,4579,215,5,21,토
2022-05-21,2호선,신답,1137,1173,2310,-36,5,21,토
2022-05-21,2호선,신설동,3783,3712,7495,71,5,21,토
2022-05-21,2호선,도림천,897,939,1836,-42,5,21,토
2022-05-21,2호선,양천구청,5707,5446,11153,261,5,21,토
2022-05-21,2호선,신정네거리,8342,8275,16617,67,5,21,토
2022-05-21,2호선,용두(동대문구청),1897,1788,3685,109,5,21,토
2022-05-21,3호선,지축,4188,3652,7840,536,5,21,토
2022-05-21,3호선,구파발,18062,18445,36507,-383,5,21,토
2022-05-21,3호선,연신내,32352,30313,62665,2039,5,21,토
2022-05-21,3호선,불광,14565,16373,30938,-1808,5,21,토
2022-05-21,3호선,녹번,11810,10009,21819,1801,5,21,토
2022-05-21,3호선,홍제,15126,14204,29330,922,5,21,토
2022-05-21,3호선,무악재,3066,3269,6335,-203,5,21,토
2022-05-21,3호선,독립문,7191,7954,15145,-763,5,21,토
2022-05-21,3호선,경복궁(정부서울청사),29562,34134,63696,-4572,5,21,토
2022-05-21,3호선,안국,23503,25613,49116,-2110,5,21,토
2022-05-21,3호선,종로3가,7378,10902,18280,-3524,5,21,토
2022-05-21,3호선,을지로3가,6822,7448,14270,-626,5,21,토
2022-05-21,3호선,충무로,3,0,3,3,5,21,토
2022-05-21,3호선,동대입구,7728,9096,16824,-1368,5,21,토
2022-05-21,3호선,약수,10478,10011,20489,467,5,21,토
2022-05-21,3호선,금호,6504,5804,12308,700,5,21,토
2022-05-21,3호선,옥수,8219,8068,16287,151,5,21,토
2022-05-21,3호선,압구정,27311,29447,56758,-2136,5,21,토
2022-05-21,3호선,신사,28520,30670,59190,-2150,5,21,토
2022-05-21,3호선,잠원,4242,3965,8207,277,5,21,토
2022-05-21,3호선,고속터미널,60824,59526,120350,1298,5,21,토
2022-05-21,3호선,교대(법원.검찰청),8616,5357,13973,3259,5,21,토
2022-05-21,3호선,남부터미널(예술의전당),24323,23890,48213,433,5,21,토
2022-05-21,3호선,양재(서초구청),24968,27665,52633,-2697,5,21,토
2022-05-21,3호선,매봉,7192,7069,14261,123,5,21,토
2022-05-21,3호선,도곡,3886,4173,8059,-287,5,21,토
2022-05-21,3호선,대치,10675,9594,20269,1081,5,21,토
2022-05-21,3호선,학여울,1549,1471,3020,78,5,21,토
2022-05-21,3호선,대청,6822,6136,12958,686,5,21,토
2022-05-21,3호선,일원,5723,5570,11293,153,5,21,토
2022-05-21,3호선,수서,15823,15340,31163,483,5,21,토
2022-05-21,3호선,가락시장,6809,6451,13260,358,5,21,토
2022-05-21,3호선,경찰병원,4415,4209,8624,206,5,21,토
2022-05-21,3호선,오금,4218,3916,8134,302,5,21,토
2022-05-21,4호선,당고개,8141,7524,15665,617,5,21,토
2022-05-21,4호선,상계,16397,14752,31149,1645,5,21,토
2022-05-21,4호선,노원,17821,20075,37896,-2254,5,21,토
2022-05-21,4호선,창동,22450,23381,45831,-931,5,21,토
2022-05-21,4호선,쌍문,24104,20929,45033,3175,5,21,토
2022-05-21,4호선,수유(강북구청),29717,29209,58926,508,5,21,토
2022-05-21,4호선,미아(서울사이버대학),11929,11021,22950,908,5,21,토
2022-05-21,4호선,미아사거리,24733,23472,48205,1261,5,21,토
2022-05-21,4호선,길음,17578,16202,33780,1376,5,21,토
2022-05-21,4호선,성신여대입구(돈암),18934,17816,36750,1118,5,21,토
2022-05-21,4호선,한성대입구(삼선교),12133,11877,24010,256,5,21,토
2022-05-21,4호선,혜화,33447,35242,68689,-1795,5,21,토
2022-05-21,4호선,동대문,15850,16353,32203,-503,5,21,토
2022-05-21,4호선,동대문역사문화공원(DDP),13122,11490,24612,1632,5,21,토
2022-05-21,4호선,충무로,15758,17648,33406,-1890,5,21,토
2022-05-21,4호선,명동,18086,20886,38972,-2800,5,21,토
2022-05-21,4호선,회현(남대문시장),21204,22066,43270,-862,5,21,토
2022-05-21,4호선,서울역,6922,17057,23979,-10135,5,21,토
2022-05-21,4호선,숙대입구(갈월),11157,10863,22020,294,5,21,토
2022-05-21,4호선,삼각지,4812,6551,11363,-1739,5,21,토
2022-05-21,4호선,신용산,13733,14640,28373,-907,5,21,토
2022-05-21,4호선,이촌(국립중앙박물관),8318,9300,17618,-982,5,21,토
2022-05-21,4호선,동작(현충원),2479,2670,5149,-191,5,21,토
2022-05-21,4호선,총신대입구(이수),16798,17962,34760,-1164,5,21,토
2022-05-21,4호선,사당,26063,23123,49186,2940,5,21,토
2022-05-21,4호선,남태령,1456,775,2231,681,5,21,토
2022-05-21,5호선,방화,5331,5052,10383,279,5,21,토
2022-05-21,5호선,개화산,4265,3982,8247,283,5,21,토
2022-05-21,5호선,김포공항,8503,8892,17395,-389,5,21,토
2022-05-21,5호선,송정,5482,5105,10587,377,5,21,토
2022-05-21,5호선,마곡,6188,6196,12384,-8,5,21,토
2022-05-21,5호선,발산,15936,17304,33240,-1368,5,21,토
2022-05-21,5호선,우장산,11461,10921,22382,540,5,21,토
2022-05-21,5호선,화곡,23043,20637,43680,2406,5,21,토
2022-05-21,5호선,까치산,23468,21888,45356,1580,5,21,토
2022-05-21,5호선,신정(은행정),10126,8338,18464,1788,5,21,토
2022-05-21,5호선,목동,12874,12651,25525,223,5,21,토
2022-05-21,5호선,오목교(목동운동장앞),18316,19341,37657,-1025,5,21,토
2022-05-21,5호선,양평,4212,3880,8092,332,5,21,토
2022-05-21,5호선,영등포구청,2215,2185,4400,30,5,21,토
2022-05-21,5호선,영등포시장,9216,9848,19064,-632,5,21,토
2022-05-21,5호선,신길,2994,3033,6027,-39,5,21,토
2022-05-21,5호선,여의도,13774,15191,28965,-1417,5,21,토
2022-05-21,5호선,여의나루,22823,24605,47428,-1782,5,21,토
2022-05-21,5호선,마포,8484,8601,17085,-117,5,21,토
2022-05-21,5호선,공덕,8388,8607,16995,-219,5,21,토
2022-05-21,5호선,애오개,4178,4027,8205,151,5,21,토
2022-05-21,5호선,충정로(경기대입구),2258,2008,4266,250,5,21,토
2022-05-21,5호선,서대문,9011,8751,17762,260,5,21,토
2022-05-21,5호선,광화문(세종문화회관),20231,21222,41453,-991,5,21,토
2022-05-21,5호선,종로3가,16245,16594,32839,-349,5,21,토
2022-05-21,5호선,을지로4가,4185,4558,8743,-373,5,21,토
2022-05-21,5호선,동대문역사문화공원(DDP),1088,1487,2575,-399,5,21,토
2022-05-21,5호선,청구,3054,2630,5684,424,5,21,토
2022-05-21,5호선,신금호,4783,4736,9519,47,5,21,토
2022-05-21,5호선,행당,6317,5469,11786,848,5,21,토
2022-05-21,5호선,왕십리(성동구청),3992,5139,9131,-1147,5,21,토
2022-05-21,5호선,마장,4448,4117,8565,331,5,21,토
2022-05-21,5호선,답십리,11495,10270,21765,1225,5,21,토
2022-05-21,5호선,장한평,12741,12011,24752,730,5,21,토
2022-05-21,5호선,군자(능동),9675,10942,20617,-1267,5,21,토
2022-05-21,5호선,아차산(어린이대공원후문),15081,14206,29287,875,5,21,토
2022-05-21,5호선,광나루(장신대),11670,10759,22429,911,5,21,토
2022-05-21,5호선,천호(풍납토성),19138,18508,37646,630,5,21,토
2022-05-21,5호선,강동,14497,13625,28122,872,5,21,토
2022-05-21,5호선,길동,6681,6574,13255,107,5,21,토
2022-05-21,5호선,굽은다리(강동구민회관앞),8182,7637,15819,545,5,21,토
2022-05-21,5호선,명일,7271,7098,14369,173,5,21,토
2022-05-21,5호선,고덕,7292,7209,14501,83,5,21,토
2022-05-21,5호선,상일동,10853,9699,20552,1154,5,21,토
2022-05-21,5호선,둔촌동,6763,6627,13390,136,5,21,토
2022-05-21,5호선,올림픽공원(한국체대),4087,3928,8015,159,5,21,토
2022-05-21,5호선,방이,5878,5760,11638,118,5,21,토
2022-05-21,5호선,오금,2378,2254,4632,124,5,21,토
2022-05-21,5호선,개롱,4651,4829,9480,-178,5,21,토
2022-05-21,5호선,거여,7657,6964,14621,693,5,21,토
2022-05-21,5호선,마천,5687,5644,11331,43,5,21,토
2022-05-21,5호선,강일,3621,3285,6906,336,5,21,토
2022-05-21,5호선,미사,14119,14103,28222,16,5,21,토
2022-05-21,5호선,하남풍산,3237,3119,6356,118,5,21,토
2022-05-21,5호선,하남시청(덕풍·신장),6528,6140,12668,388,5,21,토
2022-05-21,5호선,하남검단산,6208,6034,12242,174,5,21,토
2022-05-21,6호선,응암,14287,13738,28025,549,5,21,토
2022-05-21,6호선,역촌,2897,3265,6162,-368,5,21,토
2022-05-21,6호선,불광,4406,4002,8408,404,5,21,토
2022-05-21,6호선,독바위,2320,2520,4840,-200,5,21,토
2022-05-21,6호선,구산,6216,4348,10564,1868,5,21,토
2022-05-21,6호선,새절(신사),9888,9260,19148,628,5,21,토
2022-05-21,6호선,증산(명지대앞),8257,7757,16014,500,5,21,토
2022-05-21,6호선,디지털미디어시티,8983,8916,17899,67,5,21,토
2022-05-21,6호선,월드컵경기장(성산),12350,13926,26276,-1576,5,21,토
2022-05-21,6호선,마포구청,11242,9166,20408,2076,5,21,토
2022-05-21,6호선,망원,15011,16484,31495,-1473,5,21,토
2022-05-21,6호선,합정,14924,14486,29410,438,5,21,토
2022-05-21,6호선,상수,9587,11710,21297,-2123,5,21,토
2022-05-21,6호선,광흥창(서강),6181,5663,11844,518,5,21,토
2022-05-21,6호선,대흥(서강대앞),6922,6765,13687,157,5,21,토
2022-05-21,6호선,공덕,12093,11568,23661,525,5,21,토
2022-05-21,6호선,효창공원앞,5843,5187,11030,656,5,21,토
2022-05-21,6호선,삼각지,8636,6586,15222,2050,5,21,토
2022-05-21,6호선,녹사평(용산구청),6944,7696,14640,-752,5,21,토
2022-05-21,6호선,이태원,17306,23024,40330,-5718,5,21,토
2022-05-21,6호선,한강진,10936,13658,24594,-2722,5,21,토
2022-05-21,6호선,버티고개,1833,1781,3614,52,5,21,토
2022-05-21,6호선,약수,2800,2815,5615,-15,5,21,토
2022-05-21,6호선,청구,2686,2591,5277,95,5,21,토
2022-05-21,6호선,신당,6924,6429,13353,495,5,21,토
2022-05-21,6호선,동묘앞,8698,8610,17308,88,5,21,토
2022-05-21,6호선,창신,2409,1950,4359,459,5,21,토
2022-05-21,6호선,보문,6000,5260,11260,740,5,21,토
2022-05-21,6호선,안암(고대병원앞),8315,7940,16255,375,5,21,토
2022-05-21,6호선,고려대(종암),6962,6517,13479,445,5,21,토
2022-05-21,6호선,월곡(동덕여대),8647,8081,16728,566,5,21,토
2022-05-21,6호선,상월곡(한국과학기술연구원),4741,3981,8722,760,5,21,토
2022-05-21,6호선,돌곶이,7196,6419,13615,777,5,21,토
2022-05-21,6호선,석계,10006,9810,19816,196,5,21,토
2022-05-21,6호선,태릉입구,8427,10256,18683,-1829,5,21,토
2022-05-21,6호선,화랑대(서울여대입구),8610,6788,15398,1822,5,21,토
2022-05-21,6호선,봉화산(서울의료원),6266,6106,12372,160,5,21,토
2022-05-21,7호선,장암,2163,1501,3664,662,5,21,토
2022-05-21,7호선,도봉산,7875,10351,18226,-2476,5,21,토
2022-05-21,7호선,수락산,11772,11267,23039,505,5,21,토
2022-05-21,7호선,마들,10263,9423,19686,840,5,21,토
2022-05-21,7호선,노원,17478,18845,36323,-1367,5,21,토
2022-05-21,7호선,중계,10818,9467,20285,1351,5,21,토
2022-05-21,7호선,하계,14001,12661,26662,1340,5,21,토
2022-05-21,7호선,공릉(서울과학기술대),10138,9658,19796,480,5,21,토
2022-05-21,7호선,태릉입구,13177,13291,26468,-114,5,21,토
2022-05-21,7호선,먹골,9597,8427,18024,1170,5,21,토
2022-05-21,7호선,중화,9762,8661,18423,1101,5,21,토
2022-05-21,7호선,상봉(시외버스터미널),15590,14688,30278,902,5,21,토
2022-05-21,7호선,면목,12378,11426,23804,952,5,21,토
2022-05-21,7호선,사가정,14060,13103,27163,957,5,21,토
2022-05-21,7호선,용마산(용마폭포공원),5134,5233,10367,-99,5,21,토
2022-05-21,7호선,중곡,7877,7112,14989,765,5,21,토
2022-05-21,7호선,군자(능동),12517,9177,21694,3340,5,21,토
2022-05-21,7호선,어린이대공원(세종대),12728,12643,25371,85,5,21,토
2022-05-21,7호선,건대입구,12433,14064,26497,-1631,5,21,토
2022-05-21,7호선,뚝섬유원지,17281,16290,33571,991,5,21,토
2022-05-21,7호선,청담,12538,13515,26053,-977,5,21,토
2022-05-21,7호선,강남구청,10729,12151,22880,-1422,5,21,토
2022-05-21,7호선,학동,11686,12403,24089,-717,5,21,토
2022-05-21,7호선,논현,12171,13346,25517,-1175,5,21,토
2022-05-21,7호선,반포,5142,4906,10048,236,5,21,토
2022-05-21,7호선,고속터미널,17839,13350,31189,4489,5,21,토
2022-05-21,7호선,내방,8832,8717,17549,115,5,21,토
2022-05-21,7호선,이수,14104,13543,27647,561,5,21,토
2022-05-21,7호선,남성,8590,7760,16350,830,5,21,토
2022-05-21,7호선,숭실대입구(살피재),9923,9649,19572,274,5,21,토
2022-05-21,7호선,상도,8972,8023,16995,949,5,21,토
2022-05-21,7호선,장승배기,7362,6926,14288,436,5,21,토
2022-05-21,7호선,신대방삼거리,12373,11397,23770,976,5,21,토
2022-05-21,7호선,보라매,7261,6892,14153,369,5,21,토
2022-05-21,7호선,신풍,9111,8482,17593,629,5,21,토
2022-05-21,7호선,대림(구로구청),7757,8476,16233,-719,5,21,토
2022-05-21,7호선,남구로,8934,9100,18034,-166,5,21,토
2022-05-21,7호선,가산디지털단지,15868,14444,30312,1424,5,21,토
2022-05-21,7호선,철산,17335,17446,34781,-111,5,21,토
2022-05-21,7호선,광명사거리,18708,18298,37006,410,5,21,토
2022-05-21,7호선,천왕,7926,7407,15333,519,5,21,토
2022-05-21,7호선,온수(성공회대입구),6298,6333,12631,-35,5,21,토
2022-05-21,7호선,까치울,1,0,1,1,5,21,토
2022-05-21,8호선,암사,14000,12258,26258,1742,5,21,토
2022-05-21,8호선,천호(풍납토성),13057,15949,29006,-2892,5,21,토
2022-05-21,8호선,강동구청,6909,6641,13550,268,5,21,토
2022-05-21,8호선,몽촌토성(평화의문),5831,5677,11508,154,5,21,토
2022-05-21,8호선,잠실(송파구청),14369,17482,31851,-3113,5,21,토
2022-05-21,8호선,석촌,6509,7972,14481,-1463,5,21,토
2022-05-21,8호선,송파,6468,6115,12583,353,5,21,토
2022-05-21,8호선,가락시장,6030,6417,12447,-387,5,21,토
2022-05-21,8호선,문정,9833,9847,19680,-14,5,21,토
2022-05-21,8호선,장지,13671,12363,26034,1308,5,21,토
2022-05-21,8호선,복정,7226,6177,13403,1049,5,21,토
2022-05-21,8호선,산성,5041,4908,9949,133,5,21,토
2022-05-21,8호선,남한산성입구(성남법원.검찰청),10382,9186,19568,1196,5,21,토
2022-05-21,8호선,단대오거리,8675,7843,16518,832,5,21,토
2022-05-21,8호선,신흥,3986,4203,8189,-217,5,21,토
2022-05-21,8호선,수진,4447,3896,8343,551,5,21,토
2022-05-21,8호선,모란,4070,3744,7814,326,5,21,토
2022-05-21,8호선,남위례,4027,4152,8179,-125,5,21,토
2022-05-21,9호선,개화,1650,1356,3006,294,5,21,토
2022-05-21,9호선,김포공항,8882,13331,22213,-4449,5,21,토
2022-05-21,9호선,공항시장,2511,2646,5157,-135,5,21,토
2022-05-21,9호선,신방화,5348,4897,10245,451,5,21,토
2022-05-21,9호선,마곡나루(서울식물원),9581,9348,18929,233,5,21,토
2022-05-21,9호선,양천향교,6681,6156,12837,525,5,21,토
2022-05-21,9호선,가양,15999,15298,31297,701,5,21,토
2022-05-21,9호선,증미,4441,4090,8531,351,5,21,토
2022-05-21,9호선,등촌,8006,7475,15481,531,5,21,토
2022-05-21,9호선,염창,13591,12259,25850,1332,5,21,토
2022-05-21,9호선,신목동,2972,2426,5398,546,5,21,토
2022-05-21,9호선,선유도,5034,4782,9816,252,5,21,토
2022-05-21,9호선,당산,15608,15774,31382,-166,5,21,토
2022-05-21,9호선,국회의사당,5216,5327,10543,-111,5,21,토
2022-05-21,9호선,여의도,14479,14445,28924,34,5,21,토
2022-05-21,9호선,샛강,3087,2987,6074,100,5,21,토
2022-05-21,9호선,노량진,24186,22854,47040,1332,5,21,토
2022-05-21,9호선,노들,4248,3670,7918,578,5,21,토
2022-05-21,9호선,흑석(중앙대입구),6749,6345,13094,404,5,21,토
2022-05-21,9호선,동작(현충원),2943,2521,5464,422,5,21,토
2022-05-21,9호선,구반포,1417,1617,3034,-200,5,21,토
2022-05-21,9호선,신반포,3767,3932,7699,-165,5,21,토
2022-05-21,9호선,고속터미널,17294,24327,41621,-7033,5,21,토
2022-05-21,9호선,사평,2689,2398,5087,291,5,21,토
2022-05-21,9호선,신논현,29540,29613,59153,-73,5,21,토
2022-05-21,9호선2~3단계,언주,7199,7162,14361,37,5,21,토
2022-05-21,9호선2~3단계,선정릉,5509,6016,11525,-507,5,21,토
2022-05-21,9호선2~3단계,삼성중앙,3389,3367,6756,22,5,21,토
2022-05-21,9호선2~3단계,봉은사,12438,13232,25670,-794,5,21,토
2022-05-21,9호선2~3단계,종합운동장,5136,4380,9516,756,5,21,토
2022-05-21,9호선2~3단계,삼전,5329,4759,10088,570,5,21,토
2022-05-21,9호선2~3단계,석촌고분,5080,4638,9718,442,5,21,토
2022-05-21,9호선2~3단계,석촌,7893,6479,14372,1414,5,21,토
2022-05-21,9호선2~3단계,송파나루,4585,5025,9610,-440,5,21,토
2022-05-21,9호선2~3단계,한성백제,2494,2015,4509,479,5,21,토
2022-05-21,9호선2~3단계,올림픽공원(한국체대),8595,8658,17253,-63,5,21,토
2022-05-21,9호선2~3단계,둔촌오륜,760,783,1543,-23,5,21,토
2022-05-21,9호선2~3단계,중앙보훈병원,5564,5126,10690,438,5,21,토
2022-05-21,경강선,판교,3678,3617,7295,61,5,21,토
2022-05-21,경강선,이매,986,821,1807,165,5,21,토
2022-05-21,경강선,삼동,1726,1566,3292,160,5,21,토
2022-05-21,경강선,경기광주,6384,5766,12150,618,5,21,토
2022-05-21,경강선,초월,2629,2298,4927,331,5,21,토
2022-05-21,경강선,곤지암,2246,2346,4592,-100,5,21,토
2022-05-21,경강선,신둔도예촌,1448,1410,2858,38,5,21,토
2022-05-21,경강선,이천,3176,3366,6542,-190,5,21,토
2022-05-21,경강선,부발,2417,2089,4506,328,5,21,토
2022-05-21,경강선,세종대왕릉,433,490,923,-57,5,21,토
2022-05-21,경강선,여주,2910,3172,6082,-262,5,21,토
2022-05-21,경부선,서울역,10808,2494,13302,8314,5,21,토
2022-05-21,경부선,남영,6568,6591,13159,-23,5,21,토
2022-05-21,경부선,용산,44159,47170,91329,-3011,5,21,토
2022-05-21,경부선,노량진,9892,9049,18941,843,5,21,토
2022-05-21,경부선,대방,9738,9534,19272,204,5,21,토
2022-05-21,경부선,영등포,45449,48384,93833,-2935,5,21,토
2022-05-21,경부선,신도림,3658,3834,7492,-176,5,21,토
2022-05-21,경부선,신길,6955,5840,12795,1115,5,21,토
2022-05-21,장항선,쌍용(나사렛대),2073,1838,3911,235,5,21,토
2022-05-21,장항선,봉명,936,885,1821,51,5,21,토
2022-05-21,일산선,대화,10089,8968,19057,1121,5,21,토
2022-05-21,일산선,주엽,7836,7635,15471,201,5,21,토
2022-05-21,일산선,정발산,7841,8464,16305,-623,5,21,토
2022-05-21,일산선,마두,5807,5819,11626,-12,5,21,토
2022-05-21,일산선,백석,8524,8414,16938,110,5,21,토
2022-05-21,일산선,대곡,1707,1517,3224,190,5,21,토
2022-05-21,일산선,화정,14781,15056,29837,-275,5,21,토
2022-05-21,일산선,원당,9796,9249,19045,547,5,21,토
2022-05-21,일산선,삼송,16639,15680,32319,959,5,21,토
2022-05-21,일산선,원흥,8697,8141,16838,556,5,21,토
2022-05-21,우이신설선,신설동,1569,1508,3077,61,5,21,토
2022-05-21,우이신설선,보문,1254,1258,2512,-4,5,21,토
2022-05-21,우이신설선,성신여대입구(돈암),3119,3955,7074,-836,5,21,토
2022-05-21,우이신설선,정릉,4487,3449,7936,1038,5,21,토
2022-05-21,우이신설선,북한산보국문,5943,4849,10792,1094,5,21,토
2022-05-21,우이신설선,솔샘,4449,3845,8294,604,5,21,토
2022-05-21,우이신설선,삼양사거리,2185,2117,4302,68,5,21,토
2022-05-21,우이신설선,삼양,1683,1702,3385,-19,5,21,토
2022-05-21,우이신설선,화계,2845,2511,5356,334,5,21,토
2022-05-21,우이신설선,4.19민주묘지,2833,2412,5245,421,5,21,토
2022-05-21,우이신설선,솔밭공원,2073,1979,4052,94,5,21,토
2022-05-21,우이신설선,북한산우이,4408,4613,9021,-205,5,21,토
2022-05-21,안산선,수리산,3333,3031,6364,302,5,21,토
2022-05-21,안산선,오이도,9387,9358,18745,29,5,21,토
2022-05-21,안산선,정왕,7929,7727,15656,202,5,21,토
2022-05-21,안산선,신길온천,1798,1664,3462,134,5,21,토
2022-05-21,안산선,안산,10851,11018,21869,-167,5,21,토
2022-05-21,안산선,초지,4080,4065,8145,15,5,21,토
2022-05-21,안산선,고잔,8121,7951,16072,170,5,21,토
2022-05-21,안산선,중앙,18650,19678,38328,-1028,5,21,토
2022-05-21,안산선,한대앞,8915,8638,17553,277,5,21,토
2022-05-21,안산선,상록수,14492,14259,28751,233,5,21,토
2022-05-21,안산선,반월,4079,3843,7922,236,5,21,토
2022-05-21,안산선,대야미,4926,4290,9216,636,5,21,토
2022-05-21,안산선,산본,14659,15550,30209,-891,5,21,토
2022-05-21,수인선,인천,1583,2767,4350,-1184,5,21,토
2022-05-21,수인선,신포,1680,1772,3452,-92,5,21,토
2022-05-21,수인선,숭의,3209,2842,6051,367,5,21,토
2022-05-21,수인선,인하대,5310,4907,10217,403,5,21,토
2022-05-21,수인선,송도,2409,2297,4706,112,5,21,토
2022-05-21,수인선,연수,4689,4724,9413,-35,5,21,토
2022-05-21,수인선,원인재,4274,4452,8726,-178,5,21,토
2022-05-21,수인선,남동인더스파크,1129,1069,2198,60,5,21,토
2022-05-21,수인선,호구포,2964,2817,5781,147,5,21,토
2022-05-21,수인선,인천논현,4980,5225,10205,-245,5,21,토
2022-05-21,수인선,소래포구,7618,7761,15379,-143,5,21,토
2022-05-21,수인선,월곶,2506,2356,4862,150,5,21,토
2022-05-21,수인선,달월,80,79,159,1,5,21,토
2022-05-21,수인선,사리,4252,3430,7682,822,5,21,토
2022-05-21,수인선,야목,334,273,607,61,5,21,토
2022-05-21,수인선,어천,920,791,1711,129,5,21,토
2022-05-21,수인선,오목천,2626,2244,4870,382,5,21,토
2022-05-21,수인선,고색,3176,3055,6231,121,5,21,토
2022-05-21,분당선,매교,2346,2302,4648,44,5,21,토
2022-05-21,분당선,수원시청,12600,15010,27610,-2410,5,21,토
2022-05-21,분당선,매탄권선,4154,3771,7925,383,5,21,토
2022-05-21,분당선,망포,10896,9719,20615,1177,5,21,토
2022-05-21,분당선,영통,7982,7894,15876,88,5,21,토
2022-05-21,분당선,청명,3234,3191,6425,43,5,21,토
2022-05-21,분당선,상갈,4387,4254,8641,133,5,21,토
2022-05-21,분당선,기흥,7935,7307,15242,628,5,21,토
2022-05-21,분당선,신갈,3357,3288,6645,69,5,21,토
2022-05-21,분당선,구성,3852,3983,7835,-131,5,21,토
2022-05-21,분당선,죽전,11718,13092,24810,-1374,5,21,토
2022-05-21,분당선,보정,1981,1712,3693,269,5,21,토
2022-05-21,분당선,이매,5173,4974,10147,199,5,21,토
2022-05-21,분당선,오리,8755,7129,15884,1626,5,21,토
2022-05-21,분당선,미금,11800,12238,24038,-438,5,21,토
2022-05-21,분당선,정자,11852,12417,24269,-565,5,21,토
2022-05-21,분당선,수내,9965,9396,19361,569,5,21,토
2022-05-21,분당선,서현,21294,21598,42892,-304,5,21,토
2022-05-21,분당선,야탑,21181,22167,43348,-986,5,21,토
2022-05-21,분당선,모란,17670,18025,35695,-355,5,21,토
2022-05-21,분당선,태평,12136,11160,23296,976,5,21,토
2022-05-21,분당선,가천대,6517,6602,13119,-85,5,21,토
2022-05-21,분당선,선정릉,3956,4024,7980,-68,5,21,토
2022-05-21,분당선,강남구청,6135,7529,13664,-1394,5,21,토
2022-05-21,분당선,압구정로데오,19941,24215,44156,-4274,5,21,토
2022-05-21,분당선,서울숲,12552,13383,25935,-831,5,21,토
2022-05-21,분당선,수원,8712,7238,15950,1474,5,21,토
2022-05-21,분당선,복정,2,0,2,2,5,21,토
2022-05-21,분당선,수서,11841,12274,24115,-433,5,21,토
2022-05-21,분당선,대모산입구,3441,3133,6574,308,5,21,토
2022-05-21,분당선,개포동,3091,3009,6100,82,5,21,토
2022-05-21,분당선,구룡,1615,1386,3001,229,5,21,토
2022-05-21,분당선,도곡,5516,4856,10372,660,5,21,토
2022-05-21,분당선,한티,13489,12943,26432,546,5,21,토
2022-05-21,분당선,선릉,5802,8832,14634,-3030,5,21,토
2022-05-21,과천선,범계,23868,23781,47649,87,5,21,토
2022-05-21,과천선,평촌,11077,10613,21690,464,5,21,토
2022-05-21,과천선,인덕원,20320,19665,39985,655,5,21,토
2022-05-21,과천선,정부과천청사,7378,7201,14579,177,5,21,토
2022-05-21,과천선,과천,5872,5304,11176,568,5,21,토
2022-05-21,과천선,대공원,10885,11300,22185,-415,5,21,토
2022-05-21,과천선,경마공원,13429,13655,27084,-226,5,21,토
2022-05-21,과천선,선바위,6885,5928,12813,957,5,21,토
2022-05-21,공항철도 1호선,영종,3658,3726,7384,-68,5,21,토
2022-05-21,공항철도 1호선,인천공항2터미널,3496,2961,6457,535,5,21,토
2022-05-21,공항철도 1호선,인천공항1터미널,6684,5731,12415,953,5,21,토
2022-05-21,공항철도 1호선,공항화물청사,1423,1496,2919,-73,5,21,토
2022-05-21,공항철도 1호선,운서,7558,7663,15221,-105,5,21,토
2022-05-21,공항철도 1호선,청라국제도시,5339,5052,10391,287,5,21,토
2022-05-21,공항철도 1호선,검암,5534,5483,11017,51,5,21,토
2022-05-21,공항철도 1호선,계양,8883,8062,16945,821,5,21,토
2022-05-21,공항철도 1호선,김포공항,12166,6150,18316,6016,5,21,토
2022-05-21,공항철도 1호선,마곡나루(서울식물원),3995,4615,8610,-620,5,21,토
2022-05-21,공항철도 1호선,디지털미디어시티,7213,6390,13603,823,5,21,토
2022-05-21,공항철도 1호선,홍대입구,14566,14771,29337,-205,5,21,토
2022-05-21,공항철도 1호선,공덕,1784,2876,4660,-1092,5,21,토
2022-05-21,공항철도 1호선,서울역,10131,10217,20348,-86,5,21,토
2022-05-21,경춘선,춘천,2988,2475,5463,513,5,21,토
2022-05-21,경춘선,남춘천,3855,4173,8028,-318,5,21,토
2022-05-21,경춘선,김유정,783,900,1683,-117,5,21,토
2022-05-21,경춘선,강촌,1233,1390,2623,-157,5,21,토
2022-05-21,경춘선,백양리,136,253,389,-117,5,21,토
2022-05-21,경춘선,굴봉산,288,233,521,55,5,21,토
2022-05-21,경춘선,가평,2911,3587,6498,-676,5,21,토
2022-05-21,경춘선,상천,685,500,1185,185,5,21,토
2022-05-21,경춘선,청평,2740,3098,5838,-358,5,21,토
2022-05-21,경춘선,대성리,3510,3249,6759,261,5,21,토
2022-05-21,경춘선,마석,4094,3898,7992,196,5,21,토
2022-05-21,경춘선,천마산,1607,1574,3181,33,5,21,토
2022-05-21,경춘선,평내호평,5638,5437,11075,201,5,21,토
2022-05-21,경춘선,금곡,1356,1236,2592,120,5,21,토
2022-05-21,경춘선,사릉,2041,1966,4007,75,5,21,토
2022-05-21,경춘선,퇴계원,3071,2755,5826,316,5,21,토
2022-05-21,경춘선,별내,2852,2554,5406,298,5,21,토
2022-05-21,경춘선,갈매,2386,1946,4332,440,5,21,토
2022-05-21,경춘선,신내,1550,1553,3103,-3,5,21,토
2022-05-21,경인선,도화,3698,3436,7134,262,5,21,토
2022-05-21,경인선,중동,7640,7038,14678,602,5,21,토
2022-05-21,경인선,온수(성공회대입구),6019,5289,11308,730,5,21,토
2022-05-21,경인선,도원,2441,2454,4895,-13,5,21,토
2022-05-21,경인선,간석,5128,4803,9931,325,5,21,토
2022-05-21,경인선,부개,7436,6873,14309,563,5,21,토
2022-05-21,경인선,소사,8849,8232,17081,617,5,21,토
2022-05-21,경인선,구일,7989,8021,16010,-32,5,21,토
2022-05-21,경인선,인천,6263,5438,11701,825,5,21,토
2022-05-21,경인선,동인천,14063,13782,27845,281,5,21,토
2022-05-21,경인선,제물포,8681,8182,16863,499,5,21,토
2022-05-21,경인선,주안,18997,16338,35335,2659,5,21,토
2022-05-21,경인선,동암,14396,14497,28893,-101,5,21,토
2022-05-21,경인선,백운,6430,6290,12720,140,5,21,토
2022-05-21,경인선,부평,32949,36868,69817,-3919,5,21,토
2022-05-21,경인선,송내,21583,21091,42674,492,5,21,토
2022-05-21,경인선,부천,32587,33814,66401,-1227,5,21,토
2022-05-21,경인선,역곡,23751,22809,46560,942,5,21,토
2022-05-21,경인선,오류동,10328,9247,19575,1081,5,21,토
2022-05-21,경인선,개봉,18700,17750,36450,950,5,21,토
2022-05-21,경의선,임진강,137,112,249,25,5,21,토
2022-05-21,경의선,문산,5740,5411,11151,329,5,21,토
2022-05-21,경의선,파주,1034,755,1789,279,5,21,토
2022-05-21,경의선,월롱,2270,1831,4101,439,5,21,토
2022-05-21,경의선,금촌,7193,6703,13896,490,5,21,토
2022-05-21,경의선,금릉,4632,4407,9039,225,5,21,토
2022-05-21,경의선,운정,5899,5317,11216,582,5,21,토
2022-05-21,경의선,야당,7777,8025,15802,-248,5,21,토
2022-05-21,경의선,탄현,6532,6048,12580,484,5,21,토
2022-05-21,경의선,일산,7457,7150,14607,307,5,21,토
2022-05-21,경의선,풍산,5193,4865,10058,328,5,21,토
2022-05-21,경의선,백마,5354,4938,10292,416,5,21,토
2022-05-21,경의선,곡산,521,463,984,58,5,21,토
2022-05-21,경의선,능곡,3570,3368,6938,202,5,21,토
2022-05-21,경의선,행신,6518,6356,12874,162,5,21,토
2022-05-21,경의선,강매,2679,2551,5230,128,5,21,토
2022-05-21,경의선,화전,1503,1369,2872,134,5,21,토
2022-05-21,경의선,수색,1820,1697,3517,123,5,21,토
2022-05-21,경의선,디지털미디어시티,2482,2180,4662,302,5,21,토
2022-05-21,경의선,가좌,4635,4305,8940,330,5,21,토
2022-05-21,경의선,홍대입구,2395,3231,5626,-836,5,21,토
2022-05-21,경의선,서강대,2044,1971,4015,73,5,21,토
2022-05-21,경의선,공덕,3163,2438,5601,725,5,21,토
2022-05-21,경의선,효창공원앞,2178,2248,4426,-70,5,21,토
2022-05-21,경의선,신촌,452,504,956,-52,5,21,토
2022-05-21,경의선,서울역,1816,1867,3683,-51,5,21,토
2022-05-21,경원선,소요산,4980,4241,9221,739,5,21,토
2022-05-21,중앙선,국수,855,908,1763,-53,5,21,토
2022-05-22,경의선,신촌,321,328,649,-7,5,22,일
2022-05-22,경의선,서울역,1386,1317,2703,69,5,22,일
2022-05-22,경원선,소요산,4817,4119,8936,698,5,22,일
2022-05-22,경원선,동두천,1545,2040,3585,-495,5,22,일
2022-05-22,경원선,보산,1393,1569,2962,-176,5,22,일
2022-05-22,경원선,동두천중앙,2401,2204,4605,197,5,22,일
2022-05-22,경원선,지행,5115,5290,10405,-175,5,22,일
2022-05-22,경원선,덕정,3910,4082,7992,-172,5,22,일
2022-05-22,경원선,덕계,2219,2122,4341,97,5,22,일
2022-05-22,경원선,양주,5995,5859,11854,136,5,22,일
2022-05-22,경원선,녹양,3082,2867,5949,215,5,22,일
2022-05-22,경원선,가능,4558,4201,8759,357,5,22,일
2022-05-22,경원선,의정부,16159,16412,32571,-253,5,22,일
2022-05-22,경원선,회룡,8551,8550,17101,1,5,22,일
2022-05-22,경원선,망월사,5091,5308,10399,-217,5,22,일
2022-05-22,경원선,도봉산,9794,7038,16832,2756,5,22,일
2022-05-22,경원선,도봉,3955,3722,7677,233,5,22,일
2022-05-22,경원선,방학,6695,6308,13003,387,5,22,일
2022-05-22,경원선,녹천,2775,2465,5240,310,5,22,일
2022-05-22,경원선,월계,4065,3767,7832,298,5,22,일
2022-05-22,경원선,광운대,4417,4761,9178,-344,5,22,일
2022-05-22,경원선,석계,5830,6220,12050,-390,5,22,일
2022-05-22,경원선,신이문,5432,5133,10565,299,5,22,일
2022-05-22,경원선,외대앞,5439,5287,10726,152,5,22,일
2022-05-22,경원선,청량리(서울시립대입구),16136,15424,31560,712,5,22,일
2022-05-22,경원선,왕십리(성동구청),10536,11913,22449,-1377,5,22,일
2022-05-22,경원선,응봉,1341,1209,2550,132,5,22,일
2022-05-22,경원선,옥수,80,37,117,43,5,22,일
2022-05-22,경원선,한남,2362,2241,4603,121,5,22,일
2022-05-22,경원선,서빙고,1985,1991,3976,-6,5,22,일
2022-05-22,경원선,이촌(국립중앙박물관),3120,2060,5180,1060,5,22,일
2022-05-22,경부선,광명,3295,2357,5652,938,5,22,일
2022-05-22,경부선,서동탄,898,934,1832,-36,5,22,일
2022-05-22,경부선,당정,3534,3326,6860,208,5,22,일
2022-05-22,경부선,천안,7498,7628,15126,-130,5,22,일
2022-05-22,경부선,두정,5131,6635,11766,-1504,5,22,일
2022-05-22,경부선,직산,660,702,1362,-42,5,22,일
2022-05-22,경부선,성환,2830,3715,6545,-885,5,22,일
2022-05-22,경부선,평택,13282,14517,27799,-1235,5,22,일
2022-05-22,경부선,평택지제,2977,2826,5803,151,5,22,일
2022-05-22,경부선,서정리,5173,7782,12955,-2609,5,22,일
2022-05-22,경부선,송탄,4002,4783,8785,-781,5,22,일
2022-05-22,경부선,진위,1009,1010,2019,-1,5,22,일
2022-05-22,경부선,오산,8879,9340,18219,-461,5,22,일
2022-05-22,경부선,오산대,2878,2632,5510,246,5,22,일
2022-05-22,경부선,세마,1962,1896,3858,66,5,22,일
2022-05-22,경부선,병점,10907,11458,22365,-551,5,22,일
2022-05-22,경부선,세류,2350,2346,4696,4,5,22,일
2022-05-22,경부선,독산,6961,6946,13907,15,5,22,일
2022-05-22,경부선,수원,39593,38916,78509,677,5,22,일
2022-05-22,경부선,화서,4939,4943,9882,-4,5,22,일
2022-05-22,경부선,성균관대,8913,9257,18170,-344,5,22,일
2022-05-22,경부선,의왕,4990,5128,10118,-138,5,22,일
2022-05-22,경부선,군포,3494,3598,7092,-104,5,22,일
2022-05-22,경부선,금정,16861,17032,33893,-171,5,22,일
2022-05-22,경부선,명학,4085,4366,8451,-281,5,22,일
2022-05-22,경부선,안양,15743,15326,31069,417,5,22,일
2022-05-22,경부선,관악,5595,5184,10779,411,5,22,일
2022-05-22,경부선,석수,5897,5774,11671,123,5,22,일
2022-05-22,경부선,금천구청,7439,7186,14625,253,5,22,일
2022-05-22,경부선,가산디지털단지,5491,7349,12840,-1858,5,22,일
2022-05-22,경부선,구로,11471,11580,23051,-109,5,22,일
2022-05-22,경부선,신길,5191,4723,9914,468,5,22,일
2022-05-22,경부선,신도림,2600,2919,5519,-319,5,22,일
2022-05-22,경부선,영등포,37279,36607,73886,672,5,22,일
2022-05-22,경부선,대방,6896,7104,14000,-208,5,22,일
2022-05-22,경부선,노량진,6776,6423,13199,353,5,22,일
2022-05-22,1호선,서울역,33518,32027,65545,1491,5,22,일
2022-05-22,1호선,시청,10036,9357,19393,679,5,22,일
2022-05-22,1호선,종각,15515,13282,28797,2233,5,22,일
2022-05-22,1호선,종로3가,18053,14882,32935,3171,5,22,일
2022-05-22,1호선,종로5가,11817,11580,23397,237,5,22,일
2022-05-22,1호선,동대문,10932,11185,22117,-253,5,22,일
2022-05-22,1호선,신설동,8528,8395,16923,133,5,22,일
2022-05-22,1호선,제기동,10744,11206,21950,-462,5,22,일
2022-05-22,1호선,청량리(서울시립대입구),14619,14643,29262,-24,5,22,일
2022-05-22,1호선,동묘앞,13834,13960,27794,-126,5,22,일
2022-05-22,2호선,시청,7309,5960,13269,1349,5,22,일
2022-05-22,2호선,을지로입구,18032,17249,35281,783,5,22,일
2022-05-22,2호선,을지로3가,10242,9685,19927,557,5,22,일
2022-05-22,2호선,을지로4가,4133,4040,8173,93,5,22,일
2022-05-22,2호선,동대문역사문화공원(DDP),9190,10953,20143,-1763,5,22,일
2022-05-22,2호선,신당,9415,10029,19444,-614,5,22,일
2022-05-22,2호선,상왕십리,7745,7637,15382,108,5,22,일
2022-05-22,2호선,왕십리(성동구청),10621,9394,20015,1227,5,22,일
2022-05-22,2호선,한양대,3281,3693,6974,-412,5,22,일
2022-05-22,2호선,뚝섬,12280,12183,24463,97,5,22,일
2022-05-22,2호선,성수,15279,17588,32867,-2309,5,22,일
2022-05-22,2호선,건대입구,29922,31317,61239,-1395,5,22,일
2022-05-22,2호선,구의(광진구청),12500,12395,24895,105,5,22,일
2022-05-22,2호선,강변(동서울터미널),26257,25652,51909,605,5,22,일
2022-05-22,2호선,잠실나루,5888,5988,11876,-100,5,22,일
2022-05-22,2호선,잠실(송파구청),55344,51154,106498,4190,5,22,일
2022-05-22,2호선,잠실새내,13415,13509,26924,-94,5,22,일
2022-05-22,2호선,종합운동장,16204,18105,34309,-1901,5,22,일
2022-05-22,2호선,삼성(무역센터),24023,23234,47257,789,5,22,일
2022-05-22,2호선,선릉,14775,12524,27299,2251,5,22,일
2022-05-22,2호선,역삼,12283,13500,25783,-1217,5,22,일
2022-05-22,2호선,강남,38536,37549,76085,987,5,22,일
2022-05-22,2호선,교대(법원.검찰청),11935,13255,25190,-1320,5,22,일
2022-05-22,2호선,서초,12971,12025,24996,946,5,22,일
2022-05-22,2호선,방배,7345,7867,15212,-522,5,22,일
2022-05-22,2호선,사당,25895,28478,54373,-2583,5,22,일
2022-05-22,2호선,낙성대(강감찬),17720,18209,35929,-489,5,22,일
2022-05-22,2호선,서울대입구(관악구청),30045,30869,60914,-824,5,22,일
2022-05-22,2호선,봉천,13474,12801,26275,673,5,22,일
2022-05-22,2호선,신림,40954,40320,81274,634,5,22,일
2022-05-22,2호선,신대방,17291,16972,34263,319,5,22,일
2022-05-22,2호선,구로디지털단지,26312,25616,51928,696,5,22,일
2022-05-22,2호선,대림(구로구청),17156,17692,34848,-536,5,22,일
2022-05-22,2호선,신도림,31148,31771,62919,-623,5,22,일
2022-05-22,2호선,문래,8709,9223,17932,-514,5,22,일
2022-05-22,2호선,영등포구청,8853,9344,18197,-491,5,22,일
2022-05-22,2호선,당산,10522,11840,22362,-1318,5,22,일
2022-05-22,2호선,합정,24086,25845,49931,-1759,5,22,일
2022-05-22,2호선,홍대입구,56315,55215,111530,1100,5,22,일
2022-05-22,2호선,신촌,24374,24027,48401,347,5,22,일
2022-05-22,2호선,이대,8118,8640,16758,-522,5,22,일
2022-05-22,2호선,아현,5807,5713,11520,94,5,22,일
2022-05-22,2호선,충정로(경기대입구),3989,4364,8353,-375,5,22,일
2022-05-22,2호선,용답,1834,1819,3653,15,5,22,일
2022-05-22,2호선,신답,884,870,1754,14,5,22,일
2022-05-22,2호선,신설동,3523,3489,7012,34,5,22,일
2022-05-22,2호선,도림천,515,524,1039,-9,5,22,일
2022-05-22,2호선,양천구청,3739,3788,7527,-49,5,22,일
2022-05-22,2호선,신정네거리,5938,5979,11917,-41,5,22,일
2022-05-22,2호선,용두(동대문구청),1100,1041,2141,59,5,22,일
2022-05-22,3호선,지축,2792,2605,5397,187,5,22,일
2022-05-22,3호선,구파발,13020,13284,26304,-264,5,22,일
2022-05-22,3호선,연신내,23119,21908,45027,1211,5,22,일
2022-05-22,3호선,불광,10759,12248,23007,-1489,5,22,일
2022-05-22,3호선,녹번,8234,7377,15611,857,5,22,일
2022-05-22,3호선,홍제,10776,10440,21216,336,5,22,일
2022-05-22,3호선,무악재,2107,2287,4394,-180,5,22,일
2022-05-22,3호선,독립문,4966,5698,10664,-732,5,22,일
2022-05-22,3호선,경복궁(정부서울청사),19162,21074,40236,-1912,5,22,일
2022-05-22,3호선,안국,14815,15982,30797,-1167,5,22,일
2022-05-22,3호선,종로3가,5020,6400,11420,-1380,5,22,일
2022-05-22,3호선,을지로3가,4160,3832,7992,328,5,22,일
2022-05-22,3호선,충무로,1,0,1,1,5,22,일
2022-05-22,3호선,동대입구,5944,6629,12573,-685,5,22,일
2022-05-22,3호선,약수,7780,7538,15318,242,5,22,일
2022-05-22,3호선,금호,4689,4383,9072,306,5,22,일
2022-05-22,3호선,옥수,5617,5739,11356,-122,5,22,일
2022-05-22,3호선,압구정,15486,16413,31899,-927,5,22,일
2022-05-22,3호선,신사,15982,16055,32037,-73,5,22,일
2022-05-22,3호선,잠원,2617,2497,5114,120,5,22,일
2022-05-22,3호선,고속터미널,49821,46475,96296,3346,5,22,일
2022-05-22,3호선,교대(법원.검찰청),5157,3196,8353,1961,5,22,일
2022-05-22,3호선,남부터미널(예술의전당),16756,17988,34744,-1232,5,22,일
2022-05-22,3호선,양재(서초구청),15516,18051,33567,-2535,5,22,일
2022-05-22,3호선,매봉,4821,4843,9664,-22,5,22,일
2022-05-22,3호선,도곡,2382,2543,4925,-161,5,22,일
2022-05-22,3호선,대치,6889,5996,12885,893,5,22,일
2022-05-22,3호선,학여울,1068,1058,2126,10,5,22,일
2022-05-22,3호선,대청,4777,4642,9419,135,5,22,일
2022-05-22,3호선,일원,3844,4020,7864,-176,5,22,일
2022-05-22,3호선,수서,11139,11449,22588,-310,5,22,일
2022-05-22,3호선,가락시장,4262,4421,8683,-159,5,22,일
2022-05-22,3호선,경찰병원,2977,3058,6035,-81,5,22,일
2022-05-22,3호선,오금,3012,2937,5949,75,5,22,일
2022-05-22,4호선,당고개,6232,5996,12228,236,5,22,일
2022-05-22,4호선,상계,11692,10919,22611,773,5,22,일
2022-05-22,4호선,노원,13269,14303,27572,-1034,5,22,일
2022-05-22,4호선,창동,16450,17276,33726,-826,5,22,일
2022-05-22,4호선,쌍문,17547,15814,33361,1733,5,22,일
2022-05-22,4호선,수유(강북구청),22102,21551,43653,551,5,22,일
2022-05-22,4호선,미아(서울사이버대학),8889,8276,17165,613,5,22,일
2022-05-22,4호선,미아사거리,17555,16383,33938,1172,5,22,일
2022-05-22,4호선,길음,12316,11768,24084,548,5,22,일
2022-05-22,4호선,성신여대입구(돈암),13977,13470,27447,507,5,22,일
2022-05-22,4호선,한성대입구(삼선교),8773,8764,17537,9,5,22,일
2022-05-22,4호선,혜화,25459,26898,52357,-1439,5,22,일
2022-05-22,4호선,동대문,8391,8776,17167,-385,5,22,일
2022-05-22,4호선,동대문역사문화공원(DDP),10413,9502,19915,911,5,22,일
2022-05-22,4호선,충무로,10069,11017,21086,-948,5,22,일
2022-05-22,4호선,명동,14316,14463,28779,-147,5,22,일
2022-05-22,4호선,회현(남대문시장),10159,10103,20262,56,5,22,일
2022-05-22,4호선,서울역,5235,14126,19361,-8891,5,22,일
2022-05-22,4호선,숙대입구(갈월),8680,8439,17119,241,5,22,일
2022-05-22,4호선,삼각지,3648,4874,8522,-1226,5,22,일
2022-05-22,4호선,신용산,9744,10196,19940,-452,5,22,일
2022-05-22,4호선,이촌(국립중앙박물관),7235,8093,15328,-858,5,22,일
2022-05-22,4호선,동작(현충원),1573,1770,3343,-197,5,22,일
2022-05-22,4호선,총신대입구(이수),11688,12617,24305,-929,5,22,일
2022-05-22,4호선,사당,18169,16821,34990,1348,5,22,일
2022-05-22,4호선,남태령,959,660,1619,299,5,22,일
2022-05-22,5호선,방화,3871,3881,7752,-10,5,22,일
2022-05-22,5호선,개화산,2955,2946,5901,9,5,22,일
2022-05-22,5호선,김포공항,7550,7758,15308,-208,5,22,일
2022-05-22,5호선,송정,4064,4005,8069,59,5,22,일
2022-05-22,5호선,마곡,3874,4030,7904,-156,5,22,일
2022-05-22,5호선,발산,10334,11152,21486,-818,5,22,일
2022-05-22,5호선,우장산,7776,7834,15610,-58,5,22,일
2022-05-22,5호선,화곡,15707,14964,30671,743,5,22,일
2022-05-22,5호선,까치산,17317,16621,33938,696,5,22,일
2022-05-22,5호선,신정(은행정),7169,6366,13535,803,5,22,일
2022-05-22,5호선,목동,8940,8980,17920,-40,5,22,일
2022-05-22,5호선,오목교(목동운동장앞),12508,12978,25486,-470,5,22,일
2022-05-22,5호선,양평,3007,2959,5966,48,5,22,일
2022-05-22,5호선,영등포구청,1505,1408,2913,97,5,22,일
2022-05-22,5호선,영등포시장,6303,6825,13128,-522,5,22,일
2022-05-22,5호선,신길,2157,2266,4423,-109,5,22,일
2022-05-22,5호선,여의도,9031,10033,19064,-1002,5,22,일
2022-05-22,5호선,여의나루,17291,18150,35441,-859,5,22,일
2022-05-22,5호선,마포,5222,5149,10371,73,5,22,일
2022-05-22,5호선,공덕,5140,5107,10247,33,5,22,일
2022-05-22,5호선,애오개,2835,2975,5810,-140,5,22,일
2022-05-22,5호선,충정로(경기대입구),1614,1632,3246,-18,5,22,일
2022-05-22,5호선,서대문,5872,5934,11806,-62,5,22,일
2022-05-22,5호선,광화문(세종문화회관),13602,13642,27244,-40,5,22,일
2022-05-22,5호선,종로3가,10862,9726,20588,1136,5,22,일
2022-05-22,5호선,을지로4가,2061,2026,4087,35,5,22,일
2022-05-22,5호선,동대문역사문화공원(DDP),762,975,1737,-213,5,22,일
2022-05-22,5호선,청구,1955,1843,3798,112,5,22,일
2022-05-22,5호선,신금호,3200,3478,6678,-278,5,22,일
2022-05-22,5호선,행당,4343,3953,8296,390,5,22,일
2022-05-22,5호선,왕십리(성동구청),2670,3409,6079,-739,5,22,일
2022-05-22,5호선,마장,3215,3002,6217,213,5,22,일
2022-05-22,5호선,답십리,8106,7401,15507,705,5,22,일
2022-05-22,5호선,장한평,8934,8708,17642,226,5,22,일
2022-05-22,5호선,군자(능동),6804,7601,14405,-797,5,22,일
2022-05-22,5호선,아차산(어린이대공원후문),12091,11402,23493,689,5,22,일
2022-05-22,5호선,광나루(장신대),8673,8557,17230,116,5,22,일
2022-05-22,5호선,천호(풍납토성),14471,13538,28009,933,5,22,일
2022-05-22,5호선,강동,9904,9659,19563,245,5,22,일
2022-05-22,5호선,길동,4679,4589,9268,90,5,22,일
2022-05-22,5호선,굽은다리(강동구민회관앞),5927,5762,11689,165,5,22,일
2022-05-22,5호선,명일,5405,5355,10760,50,5,22,일
2022-05-22,5호선,고덕,4929,4964,9893,-35,5,22,일
2022-05-22,5호선,상일동,7375,7055,14430,320,5,22,일
2022-05-22,5호선,둔촌동,5269,5238,10507,31,5,22,일
2022-05-22,5호선,올림픽공원(한국체대),3194,3024,6218,170,5,22,일
2022-05-22,5호선,방이,4490,4289,8779,201,5,22,일
2022-05-22,5호선,오금,1785,1674,3459,111,5,22,일
2022-05-22,5호선,개롱,3280,3639,6919,-359,5,22,일
2022-05-22,5호선,거여,5341,5135,10476,206,5,22,일
2022-05-22,5호선,마천,4023,4322,8345,-299,5,22,일
2022-05-22,5호선,강일,2486,2381,4867,105,5,22,일
2022-05-22,5호선,하남풍산,2528,2484,5012,44,5,22,일
2022-05-22,5호선,하남시청(덕풍·신장),4638,4370,9008,268,5,22,일
2022-05-22,5호선,하남검단산,5153,5090,10243,63,5,22,일
2022-05-22,6호선,응암,10158,10106,20264,52,5,22,일
2022-05-22,6호선,역촌,2069,2478,4547,-409,5,22,일
2022-05-22,6호선,불광,3478,3211,6689,267,5,22,일
2022-05-22,6호선,독바위,1623,1959,3582,-336,5,22,일
2022-05-22,6호선,구산,4308,3218,7526,1090,5,22,일
2022-05-22,6호선,새절(신사),7192,7002,14194,190,5,22,일
2022-05-22,6호선,증산(명지대앞),6111,6079,12190,32,5,22,일
2022-05-22,6호선,디지털미디어시티,6067,6530,12597,-463,5,22,일
2022-05-22,6호선,월드컵경기장(성산),6852,7126,13978,-274,5,22,일
2022-05-22,6호선,마포구청,7866,6925,14791,941,5,22,일
2022-05-22,6호선,망원,10634,11436,22070,-802,5,22,일
2022-05-22,6호선,합정,10794,10086,20880,708,5,22,일
2022-05-22,6호선,상수,6876,7751,14627,-875,5,22,일
2022-05-22,경부선,용산,38536,36117,74653,2419,5,22,일
2022-05-22,6호선,광흥창(서강),4605,4462,9067,143,5,22,일
2022-05-22,6호선,대흥(서강대앞),4496,4561,9057,-65,5,22,일
2022-05-22,6호선,공덕,7678,7220,14898,458,5,22,일
2022-05-22,6호선,효창공원앞,4139,3712,7851,427,5,22,일
2022-05-22,6호선,삼각지,5386,4425,9811,961,5,22,일
2022-05-22,6호선,녹사평(용산구청),4966,4833,9799,133,5,22,일
2022-05-22,6호선,이태원,13965,11116,25081,2849,5,22,일
2022-05-22,6호선,한강진,8094,9539,17633,-1445,5,22,일
2022-05-22,6호선,버티고개,1255,1378,2633,-123,5,22,일
2022-05-22,6호선,약수,1946,2022,3968,-76,5,22,일
2022-05-22,6호선,청구,1900,1654,3554,246,5,22,일
2022-05-22,6호선,신당,5602,5855,11457,-253,5,22,일
2022-05-22,6호선,동묘앞,7209,7179,14388,30,5,22,일
2022-05-22,6호선,창신,1927,1680,3607,247,5,22,일
2022-05-22,6호선,보문,4631,4382,9013,249,5,22,일
2022-05-22,6호선,안암(고대병원앞),5883,6877,12760,-994,5,22,일
2022-05-22,6호선,고려대(종암),4730,4694,9424,36,5,22,일
2022-05-22,6호선,월곡(동덕여대),6176,6035,12211,141,5,22,일
2022-05-22,6호선,상월곡(한국과학기술연구원),3614,3318,6932,296,5,22,일
2022-05-22,6호선,돌곶이,6220,5725,11945,495,5,22,일
2022-05-22,6호선,석계,7115,7552,14667,-437,5,22,일
2022-05-22,6호선,태릉입구,6997,8611,15608,-1614,5,22,일
2022-05-22,6호선,화랑대(서울여대입구),5757,5169,10926,588,5,22,일
2022-05-22,6호선,봉화산(서울의료원),4389,4388,8777,1,5,22,일
2022-05-22,7호선,장암,1635,1145,2780,490,5,22,일
2022-05-22,7호선,도봉산,6393,8972,15365,-2579,5,22,일
2022-05-22,7호선,마들,7180,6492,13672,688,5,22,일
2022-05-22,7호선,노원,12669,13175,25844,-506,5,22,일
2022-05-22,7호선,중계,7473,6937,14410,536,5,22,일
2022-05-22,7호선,하계,10284,9787,20071,497,5,22,일
2022-05-22,7호선,공릉(서울과학기술대),7152,7137,14289,15,5,22,일
2022-05-22,7호선,태릉입구,11084,11688,22772,-604,5,22,일
2022-05-22,7호선,먹골,7078,6116,13194,962,5,22,일
2022-05-22,7호선,중화,7417,6748,14165,669,5,22,일
2022-05-22,7호선,상봉(시외버스터미널),10842,9554,20396,1288,5,22,일
2022-05-22,7호선,면목,8720,8632,17352,88,5,22,일
2022-05-22,7호선,사가정,10103,9595,19698,508,5,22,일
2022-05-22,7호선,용마산(용마폭포공원),3777,4166,7943,-389,5,22,일
2022-05-22,7호선,중곡,5927,5579,11506,348,5,22,일
2022-05-22,7호선,군자(능동),8939,6861,15800,2078,5,22,일
2022-05-22,7호선,어린이대공원(세종대),9257,9307,18564,-50,5,22,일
2022-05-22,7호선,건대입구,8475,9360,17835,-885,5,22,일
2022-05-22,7호선,뚝섬유원지,12757,11879,24636,878,5,22,일
2022-05-22,7호선,청담,7347,7886,15233,-539,5,22,일
2022-05-22,7호선,강남구청,6169,6707,12876,-538,5,22,일
2022-05-22,7호선,학동,7044,7654,14698,-610,5,22,일
2022-05-22,7호선,논현,6740,7119,13859,-379,5,22,일
2022-05-22,7호선,반포,3187,3227,6414,-40,5,22,일
2022-05-22,7호선,고속터미널,15523,9795,25318,5728,5,22,일
2022-05-22,7호선,내방,5769,5997,11766,-228,5,22,일
2022-05-22,7호선,이수,9390,8941,18331,449,5,22,일
2022-05-22,7호선,남성,5991,6001,11992,-10,5,22,일
2022-05-22,7호선,숭실대입구(살피재),6433,7020,13453,-587,5,22,일
2022-05-22,7호선,상도,6054,6264,12318,-210,5,22,일
2022-05-22,7호선,장승배기,5163,5057,10220,106,5,22,일
2022-05-22,7호선,신대방삼거리,8842,8781,17623,61,5,22,일
2022-05-22,7호선,보라매,5366,5247,10613,119,5,22,일
2022-05-22,7호선,신풍,6923,6678,13601,245,5,22,일
2022-05-22,7호선,대림(구로구청),8985,8172,17157,813,5,22,일
2022-05-22,7호선,남구로,7305,7120,14425,185,5,22,일
2022-05-22,7호선,가산디지털단지,11839,11167,23006,672,5,22,일
2022-05-22,7호선,철산,11803,11678,23481,125,5,22,일
2022-05-22,7호선,광명사거리,13787,13707,27494,80,5,22,일
2022-05-22,7호선,천왕,5588,5406,10994,182,5,22,일
2022-05-22,7호선,온수(성공회대입구),4386,4476,8862,-90,5,22,일
2022-05-22,8호선,암사,9789,9226,19015,563,5,22,일
2022-05-22,8호선,천호(풍납토성),9667,10977,20644,-1310,5,22,일
2022-05-22,8호선,강동구청,4939,4880,9819,59,5,22,일
2022-05-22,8호선,몽촌토성(평화의문),4040,3763,7803,277,5,22,일
2022-05-22,8호선,잠실(송파구청),10975,12821,23796,-1846,5,22,일
2022-05-22,8호선,석촌,4539,5691,10230,-1152,5,22,일
2022-05-22,8호선,송파,4550,4539,9089,11,5,22,일
2022-05-22,8호선,가락시장,3295,4139,7434,-844,5,22,일
2022-05-22,8호선,문정,6347,6588,12935,-241,5,22,일
2022-05-22,8호선,장지,9595,9702,19297,-107,5,22,일
2022-05-22,8호선,복정,5487,4955,10442,532,5,22,일
2022-05-22,8호선,산성,3500,3655,7155,-155,5,22,일
2022-05-22,8호선,남한산성입구(성남법원.검찰청),7461,7015,14476,446,5,22,일
2022-05-22,8호선,단대오거리,6277,6071,12348,206,5,22,일
2022-05-22,8호선,신흥,2916,3238,6154,-322,5,22,일
2022-05-22,8호선,수진,3208,2989,6197,219,5,22,일
2022-05-22,8호선,모란,2993,2497,5490,496,5,22,일
2022-05-22,8호선,남위례,2894,3040,5934,-146,5,22,일
2022-05-22,9호선,개화,1255,1212,2467,43,5,22,일
2022-05-22,9호선,김포공항,8343,12363,20706,-4020,5,22,일
2022-05-22,9호선,공항시장,1837,2052,3889,-215,5,22,일
2022-05-22,9호선,신방화,3743,3633,7376,110,5,22,일
2022-05-22,9호선,마곡나루(서울식물원),6530,6534,13064,-4,5,22,일
2022-05-22,9호선,양천향교,4491,4741,9232,-250,5,22,일
2022-05-22,9호선,가양,12310,11839,24149,471,5,22,일
2022-05-22,9호선,증미,2657,2636,5293,21,5,22,일
2022-05-22,9호선,등촌,5574,5575,11149,-1,5,22,일
2022-05-22,9호선,염창,9637,9381,19018,256,5,22,일
2022-05-22,9호선,신목동,2007,1811,3818,196,5,22,일
2022-05-22,9호선,선유도,3572,3536,7108,36,5,22,일
2022-05-22,9호선,당산,11100,11305,22405,-205,5,22,일
2022-05-22,9호선,국회의사당,5595,4895,10490,700,5,22,일
2022-05-22,9호선,여의도,10685,10032,20717,653,5,22,일
2022-05-22,9호선,샛강,2061,1991,4052,70,5,22,일
2022-05-22,9호선,노량진,16468,16925,33393,-457,5,22,일
2022-05-22,9호선,노들,3128,2744,5872,384,5,22,일
2022-05-22,9호선,흑석(중앙대입구),4388,4642,9030,-254,5,22,일
2022-05-22,9호선,동작(현충원),1560,1305,2865,255,5,22,일
2022-05-22,9호선,구반포,466,565,1031,-99,5,22,일
2022-05-22,9호선,신반포,2925,3098,6023,-173,5,22,일
2022-05-22,9호선,고속터미널,14254,19454,33708,-5200,5,22,일
2022-05-22,9호선,사평,1651,1651,3302,0,5,22,일
2022-05-22,9호선,신논현,18000,16924,34924,1076,5,22,일
2022-05-22,9호선2~3단계,언주,3983,4042,8025,-59,5,22,일
2022-05-22,9호선2~3단계,선정릉,3527,3887,7414,-360,5,22,일
2022-05-22,9호선2~3단계,삼성중앙,2177,2184,4361,-7,5,22,일
2022-05-22,9호선2~3단계,봉은사,9170,9103,18273,67,5,22,일
2022-05-22,9호선2~3단계,종합운동장,3981,3446,7427,535,5,22,일
2022-05-22,9호선2~3단계,삼전,3861,3745,7606,116,5,22,일
2022-05-22,9호선2~3단계,석촌고분,3490,3358,6848,132,5,22,일
2022-05-22,9호선2~3단계,석촌,5552,4705,10257,847,5,22,일
2022-05-22,9호선2~3단계,송파나루,3413,3754,7167,-341,5,22,일
2022-05-22,9호선2~3단계,한성백제,1855,1529,3384,326,5,22,일
2022-05-22,9호선2~3단계,올림픽공원(한국체대),6956,7457,14413,-501,5,22,일
2022-05-22,9호선2~3단계,둔촌오륜,594,570,1164,24,5,22,일
2022-05-22,9호선2~3단계,중앙보훈병원,4180,4068,8248,112,5,22,일
2022-05-22,경강선,판교,2865,2672,5537,193,5,22,일
2022-05-22,경강선,이매,851,537,1388,314,5,22,일
2022-05-22,경강선,삼동,1266,1255,2521,11,5,22,일
2022-05-22,경강선,경기광주,4584,4336,8920,248,5,22,일
2022-05-22,경강선,초월,1927,1844,3771,83,5,22,일
2022-05-22,경강선,곤지암,1790,1952,3742,-162,5,22,일
2022-05-22,경강선,신둔도예촌,1144,1149,2293,-5,5,22,일
2022-05-22,경강선,이천,2495,2760,5255,-265,5,22,일
2022-05-22,경강선,부발,1615,2499,4114,-884,5,22,일
2022-05-22,경강선,세종대왕릉,373,349,722,24,5,22,일
2022-05-22,경강선,여주,2588,2636,5224,-48,5,22,일
2022-05-22,경부선,서울역,9966,2244,12210,7722,5,22,일
2022-05-22,경부선,남영,5180,5531,10711,-351,5,22,일
2022-05-22,중앙선,도심,1336,1259,2595,77,5,22,일
2022-05-22,중앙선,팔당,1500,1533,3033,-33,5,22,일
2022-05-22,중앙선,운길산,1465,1346,2811,119,5,22,일
2022-05-22,중앙선,양수,2322,1976,4298,346,5,22,일
2022-05-22,중앙선,신원,343,193,536,150,5,22,일
2022-05-22,중앙선,국수,704,603,1307,101,5,22,일
2022-05-22,중앙선,아신,677,549,1226,128,5,22,일
2022-05-22,중앙선,오빈,302,258,560,44,5,22,일
2022-05-22,중앙선,양평,2849,2575,5424,274,5,22,일
2022-05-22,중앙선,원덕,434,379,813,55,5,22,일
2022-05-22,중앙선,용문,2678,2103,4781,575,5,22,일
2022-05-22,중앙선,지평,75,55,130,20,5,22,일
2022-05-22,일산선,마두,3790,3785,7575,5,5,22,일
2022-05-22,일산선,정발산,6540,6590,13130,-50,5,22,일
2022-05-22,일산선,주엽,5097,5048,10145,49,5,22,일
2022-05-22,일산선,대화,7130,6591,13721,539,5,22,일
2022-05-22,장항선,봉명,680,742,1422,-62,5,22,일
2022-05-22,장항선,쌍용(나사렛대),1478,1636,3114,-158,5,22,일
2022-05-22,장항선,아산,4666,2885,7551,1781,5,22,일
2022-05-22,장항선,탕정,577,688,1265,-111,5,22,일
2022-05-22,장항선,배방,1018,1224,2242,-206,5,22,일
2022-05-22,장항선,온양온천,4074,4013,8087,61,5,22,일
2022-05-22,장항선,신창(순천향대),1248,2299,3547,-1051,5,22,일
2022-05-22,중앙선,회기,18386,18509,36895,-123,5,22,일
2022-05-22,중앙선,중랑,4082,4037,8119,45,5,22,일
2022-05-22,중앙선,상봉(시외버스터미널),4267,4510,8777,-243,5,22,일
2022-05-22,5호선,미사,9798,10099,19897,-301,5,22,일
2022-05-22,중앙선,덕소,3978,3988,7966,-10,5,22,일
2022-05-22,중앙선,양정,557,498,1055,59,5,22,일
2022-05-22,중앙선,도농,6289,6112,12401,177,5,22,일
2022-05-22,중앙선,구리,8678,8962,17640,-284,5,22,일
2022-05-22,중앙선,양원,1541,1549,3090,-8,5,22,일
2022-05-22,중앙선,망우,5496,5509,11005,-13,5,22,일
2022-05-22,7호선,수락산,9493,9314,18807,179,5,22,일
2022-05-22,일산선,백석,6178,6042,12220,136,5,22,일
2022-05-22,일산선,대곡,1286,1085,2371,201,5,22,일
2022-05-22,일산선,화정,10689,10673,21362,16,5,22,일
2022-05-22,일산선,원당,6880,6614,13494,266,5,22,일
2022-05-22,일산선,삼송,12292,12251,24543,41,5,22,일
2022-05-22,일산선,원흥,6234,6120,12354,114,5,22,일
2022-05-22,우이신설선,신설동,1326,1294,2620,32,5,22,일
2022-05-22,우이신설선,보문,1079,1139,2218,-60,5,22,일
2022-05-22,우이신설선,성신여대입구(돈암),2448,2929,5377,-481,5,22,일
2022-05-22,우이신설선,정릉,3210,2671,5881,539,5,22,일
2022-05-22,우이신설선,북한산보국문,4400,3867,8267,533,5,22,일
2022-05-22,우이신설선,솔샘,3247,3008,6255,239,5,22,일
2022-05-22,우이신설선,삼양사거리,1753,1568,3321,185,5,22,일
2022-05-22,우이신설선,삼양,1262,1276,2538,-14,5,22,일
2022-05-22,우이신설선,화계,2213,2112,4325,101,5,22,일
2022-05-22,우이신설선,가오리,2685,2493,5178,192,5,22,일
2022-05-22,우이신설선,4.19민주묘지,2164,1943,4107,221,5,22,일
2022-05-22,우이신설선,솔밭공원,1661,1531,3192,130,5,22,일
2022-05-22,우이신설선,북한산우이,3753,3641,7394,112,5,22,일
2022-05-22,안산선,수리산,2469,2428,4897,41,5,22,일
2022-05-22,안산선,오이도,7017,6834,13851,183,5,22,일
2022-05-22,안산선,정왕,6327,6938,13265,-611,5,22,일
2022-05-22,안산선,신길온천,1420,1325,2745,95,5,22,일
2022-05-22,안산선,안산,11233,10305,21538,928,5,22,일
2022-05-22,안산선,초지,2907,2819,5726,88,5,22,일
2022-05-22,안산선,고잔,5779,5731,11510,48,5,22,일
2022-05-22,안산선,중앙,13944,13782,27726,162,5,22,일
2022-05-22,안산선,한대앞,6097,6208,12305,-111,5,22,일
2022-05-22,안산선,상록수,10763,10369,21132,394,5,22,일
2022-05-22,안산선,반월,2879,2863,5742,16,5,22,일
2022-05-22,안산선,대야미,3658,3312,6970,346,5,22,일
2022-05-22,안산선,산본,10374,11034,21408,-660,5,22,일
2022-05-22,수인선,인천,1367,1941,3308,-574,5,22,일
2022-05-22,수인선,신포,1346,1316,2662,30,5,22,일
2022-05-22,수인선,숭의,2249,2056,4305,193,5,22,일
2022-05-22,수인선,인하대,3725,3565,7290,160,5,22,일
2022-05-22,수인선,송도,1838,1818,3656,20,5,22,일
2022-05-22,수인선,연수,3634,3694,7328,-60,5,22,일
2022-05-22,수인선,원인재,3297,3371,6668,-74,5,22,일
2022-05-22,수인선,남동인더스파크,640,627,1267,13,5,22,일
2022-05-22,수인선,호구포,2260,2305,4565,-45,5,22,일
2022-05-22,수인선,인천논현,3200,3316,6516,-116,5,22,일
2022-05-22,수인선,소래포구,6133,6045,12178,88,5,22,일
2022-05-22,수인선,월곶,1907,1708,3615,199,5,22,일
2022-05-22,수인선,달월,52,54,106,-2,5,22,일
2022-05-22,수인선,사리,3050,2619,5669,431,5,22,일
2022-05-22,수인선,야목,266,213,479,53,5,22,일
2022-05-22,수인선,어천,660,801,1461,-141,5,22,일
2022-05-22,수인선,오목천,1792,1796,3588,-4,5,22,일
2022-05-22,수인선,고색,2147,2245,4392,-98,5,22,일
2022-05-22,분당선,매교,1634,1632,3266,2,5,22,일
2022-05-22,분당선,수원시청,8788,8684,17472,104,5,22,일
2022-05-22,분당선,매탄권선,2869,2745,5614,124,5,22,일
2022-05-22,분당선,망포,7151,7362,14513,-211,5,22,일
2022-05-22,분당선,영통,5434,5581,11015,-147,5,22,일
2022-05-22,분당선,청명,2242,2275,4517,-33,5,22,일
2022-05-22,분당선,상갈,3187,3309,6496,-122,5,22,일
2022-05-22,분당선,기흥,5657,5294,10951,363,5,22,일
2022-05-22,분당선,신갈,2228,2285,4513,-57,5,22,일
2022-05-22,분당선,구성,2746,2952,5698,-206,5,22,일
2022-05-22,분당선,죽전,8568,9489,18057,-921,5,22,일
2022-05-22,분당선,보정,1224,1218,2442,6,5,22,일
2022-05-22,분당선,이매,3834,3924,7758,-90,5,22,일
2022-05-22,분당선,오리,6028,5362,11390,666,5,22,일
2022-05-22,분당선,미금,8218,8855,17073,-637,5,22,일
2022-05-22,분당선,정자,8220,8528,16748,-308,5,22,일
2022-05-22,분당선,수내,6785,6532,13317,253,5,22,일
2022-05-22,분당선,서현,15992,16229,32221,-237,5,22,일
2022-05-22,분당선,야탑,15719,16085,31804,-366,5,22,일
2022-05-22,분당선,모란,12165,12707,24872,-542,5,22,일
2022-05-22,분당선,태평,8893,8303,17196,590,5,22,일
2022-05-22,분당선,가천대,4501,5445,9946,-944,5,22,일
2022-05-22,분당선,선정릉,2432,2472,4904,-40,5,22,일
2022-05-22,분당선,강남구청,3664,4383,8047,-719,5,22,일
2022-05-22,분당선,압구정로데오,11309,12759,24068,-1450,5,22,일
2022-05-22,분당선,서울숲,9371,9549,18920,-178,5,22,일
2022-05-22,분당선,수원,6766,5630,12396,1136,5,22,일
2022-05-22,분당선,수서,9334,9166,18500,168,5,22,일
2022-05-22,분당선,대모산입구,2331,2191,4522,140,5,22,일
2022-05-22,분당선,개포동,2327,2383,4710,-56,5,22,일
2022-05-22,분당선,구룡,924,1027,1951,-103,5,22,일
2022-05-22,분당선,도곡,3201,3008,6209,193,5,22,일
2022-05-22,분당선,한티,9245,8902,18147,343,5,22,일
2022-05-22,분당선,선릉,3062,4661,7723,-1599,5,22,일
2022-05-22,과천선,범계,17158,16757,33915,401,5,22,일
2022-05-22,과천선,평촌,7317,7146,14463,171,5,22,일
2022-05-22,과천선,인덕원,14534,14332,28866,202,5,22,일
2022-05-22,과천선,정부과천청사,5452,5447,10899,5,5,22,일
2022-05-22,과천선,과천,4283,3945,8228,338,5,22,일
2022-05-22,과천선,대공원,8681,8942,17623,-261,5,22,일
2022-05-22,과천선,경마공원,16442,16937,33379,-495,5,22,일
2022-05-22,과천선,선바위,4942,4373,9315,569,5,22,일
2022-05-22,공항철도 1호선,영종,3021,2935,5956,86,5,22,일
2022-05-22,공항철도 1호선,인천공항2터미널,3042,2668,5710,374,5,22,일
2022-05-22,공항철도 1호선,인천공항1터미널,6212,5695,11907,517,5,22,일
2022-05-22,공항철도 1호선,공항화물청사,1121,1136,2257,-15,5,22,일
2022-05-22,공항철도 1호선,운서,5922,6202,12124,-280,5,22,일
2022-05-22,공항철도 1호선,청라국제도시,3920,3634,7554,286,5,22,일
2022-05-22,공항철도 1호선,검암,4052,4191,8243,-139,5,22,일
2022-05-22,공항철도 1호선,계양,6249,5988,12237,261,5,22,일
2022-05-22,공항철도 1호선,김포공항,12123,6346,18469,5777,5,22,일
2022-05-22,공항철도 1호선,마곡나루(서울식물원),2800,3304,6104,-504,5,22,일
2022-05-22,공항철도 1호선,디지털미디어시티,4145,4270,8415,-125,5,22,일
2022-05-22,공항철도 1호선,홍대입구,12080,10722,22802,1358,5,22,일
2022-05-22,공항철도 1호선,공덕,1408,1974,3382,-566,5,22,일
2022-05-22,공항철도 1호선,서울역,9699,9539,19238,160,5,22,일
2022-05-22,경춘선,춘천,2296,2028,4324,268,5,22,일
2022-05-22,경춘선,남춘천,3633,4199,7832,-566,5,22,일
2022-05-22,경춘선,김유정,662,630,1292,32,5,22,일
2022-05-22,경춘선,강촌,1187,676,1863,511,5,22,일
2022-05-22,경춘선,백양리,259,145,404,114,5,22,일
2022-05-22,경춘선,굴봉산,285,248,533,37,5,22,일
2022-05-22,경춘선,가평,3321,2039,5360,1282,5,22,일
2022-05-22,경춘선,상천,641,423,1064,218,5,22,일
2022-05-22,경춘선,청평,2803,1722,4525,1081,5,22,일
2022-05-22,경춘선,대성리,2987,1107,4094,1880,5,22,일
2022-05-22,경춘선,마석,3126,2965,6091,161,5,22,일
2022-05-22,경춘선,천마산,1334,1328,2662,6,5,22,일
2022-05-22,경춘선,평내호평,4229,4134,8363,95,5,22,일
2022-05-22,경춘선,금곡,1067,1048,2115,19,5,22,일
2022-05-22,경춘선,사릉,1622,1557,3179,65,5,22,일
2022-05-22,경춘선,퇴계원,2394,2187,4581,207,5,22,일
2022-05-22,경춘선,별내,2046,2019,4065,27,5,22,일
2022-05-22,경춘선,갈매,1707,1477,3184,230,5,22,일
2022-05-22,경춘선,신내,1195,1221,2416,-26,5,22,일
2022-05-22,경인선,도화,2710,2496,5206,214,5,22,일
2022-05-22,경인선,중동,5591,5134,10725,457,5,22,일
2022-05-22,경인선,온수(성공회대입구),4286,3940,8226,346,5,22,일
2022-05-22,경인선,도원,1884,1918,3802,-34,5,22,일
2022-05-22,경인선,간석,3561,3411,6972,150,5,22,일
2022-05-22,경인선,부개,5478,5091,10569,387,5,22,일
2022-05-22,경인선,소사,6425,6229,12654,196,5,22,일
2022-05-22,경인선,구일,6099,6190,12289,-91,5,22,일
2022-05-22,경인선,인천,5502,4619,10121,883,5,22,일
2022-05-22,경인선,동인천,11197,10607,21804,590,5,22,일
2022-05-22,경인선,제물포,6064,5982,12046,82,5,22,일
2022-05-22,경인선,주안,13635,12132,25767,1503,5,22,일
2022-05-22,경인선,동암,10999,10734,21733,265,5,22,일
2022-05-22,경인선,백운,4294,4322,8616,-28,5,22,일
2022-05-22,경인선,부평,25800,25930,51730,-130,5,22,일
2022-05-22,경인선,송내,15008,14792,29800,216,5,22,일
2022-05-22,경인선,부천,24482,24187,48669,295,5,22,일
2022-05-22,경인선,역곡,16274,16252,32526,22,5,22,일
2022-05-22,경인선,오류동,7874,7555,15429,319,5,22,일
2022-05-22,경인선,개봉,13476,13011,26487,465,5,22,일
2022-05-22,경의선,계양,2,0,2,2,5,22,일
2022-05-22,경의선,임진강,95,67,162,28,5,22,일
2022-05-22,경의선,문산,4110,4230,8340,-120,5,22,일
2022-05-22,경의선,파주,801,730,1531,71,5,22,일
2022-05-22,경의선,월롱,1156,2370,3526,-1214,5,22,일
2022-05-22,경의선,금촌,4771,5206,9977,-435,5,22,일
2022-05-22,경의선,금릉,3433,3360,6793,73,5,22,일
2022-05-22,경의선,운정,4233,4019,8252,214,5,22,일
2022-05-22,경의선,야당,5347,5302,10649,45,5,22,일
2022-05-22,경의선,탄현,4707,4286,8993,421,5,22,일
2022-05-22,경의선,일산,5448,5091,10539,357,5,22,일
2022-05-22,경의선,풍산,4031,3859,7890,172,5,22,일
2022-05-22,경의선,백마,3857,3714,7571,143,5,22,일
2022-05-22,경의선,곡산,400,404,804,-4,5,22,일
2022-05-22,경의선,능곡,2624,2604,5228,20,5,22,일
2022-05-22,경의선,행신,5209,4936,10145,273,5,22,일
2022-05-22,경의선,강매,1679,1633,3312,46,5,22,일
2022-05-22,경의선,화전,1022,1109,2131,-87,5,22,일
2022-05-22,경의선,수색,1078,1072,2150,6,5,22,일
2022-05-22,경의선,디지털미디어시티,1744,1533,3277,211,5,22,일
2022-05-22,경의선,가좌,3261,3232,6493,29,5,22,일
2022-05-22,경의선,홍대입구,1936,2426,4362,-490,5,22,일
2022-05-22,경의선,서강대,1427,1448,2875,-21,5,22,일
2022-05-22,경의선,공덕,2229,1801,4030,428,5,22,일
2022-05-22,경의선,효창공원앞,1536,1851,3387,-315,5,22,일
2022-05-23,경의선,신촌,979,1323,2302,-344,5,23,월
2022-05-23,경의선,서울역,5088,6560,11648,-1472,5,23,월
2022-05-23,경원선,소요산,2884,2332,5216,552,5,23,월
2022-05-23,경원선,동두천,2913,3187,6100,-274,5,23,월
2022-05-23,경원선,보산,1685,1436,3121,249,5,23,월
2022-05-23,경원선,동두천중앙,3488,3327,6815,161,5,23,월
2022-05-23,분당선,수원시청,13340,14126,27466,-786,5,23,월
2022-05-23,분당선,매교,3506,3456,6962,50,5,23,월
2022-05-23,수인선,고색,5466,5070,10536,396,5,23,월
2022-05-23,수인선,오목천,4305,3977,8282,328,5,23,월
2022-05-23,수인선,어천,778,888,1666,-110,5,23,월
2022-05-23,수인선,야목,441,308,749,133,5,23,월
2022-05-23,수인선,사리,5384,4749,10133,635,5,23,월
2022-05-23,수인선,달월,120,84,204,36,5,23,월
2022-05-23,수인선,월곶,3079,2825,5904,254,5,23,월
2022-05-23,수인선,소래포구,6250,5674,11924,576,5,23,월
2022-05-23,수인선,인천논현,5779,6313,12092,-534,5,23,월
2022-05-23,수인선,호구포,4297,4472,8769,-175,5,23,월
2022-05-23,수인선,남동인더스파크,2290,2637,4927,-347,5,23,월
2022-05-23,수인선,원인재,4670,4889,9559,-219,5,23,월
2022-05-23,수인선,연수,4905,4769,9674,136,5,23,월
2022-05-23,수인선,송도,2770,2556,5326,214,5,23,월
2022-05-23,수인선,인하대,7990,7759,15749,231,5,23,월
2022-05-23,수인선,숭의,4428,4051,8479,377,5,23,월
2022-05-23,수인선,신포,1952,2001,3953,-49,5,23,월
2022-05-23,수인선,인천,1196,1811,3007,-615,5,23,월
2022-05-23,안산선,산본,16887,18299,35186,-1412,5,23,월
2022-05-23,안산선,대야미,5472,4875,10347,597,5,23,월
2022-05-23,안산선,반월,4767,4551,9318,216,5,23,월
2022-05-23,안산선,상록수,17549,17894,35443,-345,5,23,월
2022-05-23,안산선,한대앞,10937,11285,22222,-348,5,23,월
2022-05-23,안산선,중앙,19499,20218,39717,-719,5,23,월
2022-05-23,안산선,고잔,9884,9277,19161,607,5,23,월
2022-05-23,안산선,초지,5726,6130,11856,-404,5,23,월
2022-05-23,안산선,안산,12553,11258,23811,1295,5,23,월
2022-05-23,안산선,신길온천,2031,1797,3828,234,5,23,월
2022-05-23,안산선,정왕,10895,11459,22354,-564,5,23,월
2022-05-23,안산선,오이도,9391,8903,18294,488,5,23,월
2022-05-23,안산선,수리산,4619,3778,8397,841,5,23,월
2022-05-23,우이신설선,북한산우이,2819,2531,5350,288,5,23,월
2022-05-23,우이신설선,솔밭공원,2676,2474,5150,202,5,23,월
2022-05-23,중앙선,덕소,6185,5996,12181,189,5,23,월
2022-05-23,중앙선,도심,2839,2120,4959,719,5,23,월
2022-05-23,중앙선,팔당,945,965,1910,-20,5,23,월
2022-05-23,중앙선,운길산,886,875,1761,11,5,23,월
2022-05-23,중앙선,양수,2099,2101,4200,-2,5,23,월
2022-05-23,중앙선,신원,261,199,460,62,5,23,월
2022-05-23,중앙선,국수,854,877,1731,-23,5,23,월
2022-05-23,중앙선,아신,609,611,1220,-2,5,23,월
2022-05-23,중앙선,오빈,353,351,704,2,5,23,월
2022-05-23,중앙선,양평,4247,4279,8526,-32,5,23,월
2022-05-23,중앙선,원덕,458,391,849,67,5,23,월
2022-05-23,중앙선,용문,2107,2049,4156,58,5,23,월
2022-05-23,중앙선,지평,78,86,164,-8,5,23,월
2022-05-23,경원선,지행,7450,7486,14936,-36,5,23,월
2022-05-23,경부선,평택지제,4069,3890,7959,179,5,23,월
2022-05-23,경부선,평택,13978,14138,28116,-160,5,23,월
2022-05-23,경부선,성환,7193,7311,14504,-118,5,23,월
2022-05-23,경부선,직산,891,890,1781,1,5,23,월
2022-05-23,경부선,두정,7984,9418,17402,-1434,5,23,월
2022-05-23,경부선,천안,7365,7075,14440,290,5,23,월
2022-05-23,경부선,당정,7877,7387,15264,490,5,23,월
2022-05-23,경부선,서동탄,1591,1353,2944,238,5,23,월
2022-05-23,경부선,광명,3772,3204,6976,568,5,23,월
2022-05-23,경원선,이촌(국립중앙박물관),4078,3124,7202,954,5,23,월
2022-05-23,경원선,서빙고,2092,1804,3896,288,5,23,월
2022-05-23,경원선,한남,4386,4207,8593,179,5,23,월
2022-05-23,경원선,옥수,47,57,104,-10,5,23,월
2022-05-23,경원선,응봉,2078,1717,3795,361,5,23,월
2022-05-23,경원선,왕십리(성동구청),15192,16224,31416,-1032,5,23,월
2022-05-23,경원선,청량리(서울시립대입구),15329,16320,31649,-991,5,23,월
2022-05-23,경원선,외대앞,8947,9053,18000,-106,5,23,월
2022-05-23,경원선,신이문,8902,8087,16989,815,5,23,월
2022-05-23,경원선,석계,8931,9984,18915,-1053,5,23,월
2022-05-23,경원선,광운대,9759,9689,19448,70,5,23,월
2022-05-23,경원선,월계,8903,8220,17123,683,5,23,월
2022-05-23,경원선,녹천,5065,4156,9221,909,5,23,월
2022-05-23,경원선,방학,10556,10395,20951,161,5,23,월
2022-05-23,경원선,도봉,6328,5974,12302,354,5,23,월
2022-05-23,경원선,도봉산,8129,5504,13633,2625,5,23,월
2022-05-23,경원선,창동,1,0,1,1,5,23,월
2022-05-23,경원선,덕정,7084,6883,13967,201,5,23,월
2022-05-23,경부선,구로,19948,20313,40261,-365,5,23,월
2022-05-23,경부선,신길,10083,8721,18804,1362,5,23,월
2022-05-23,경부선,신도림,4281,4431,8712,-150,5,23,월
2022-05-23,경부선,영등포,36844,38538,75382,-1694,5,23,월
2022-05-23,경부선,대방,14197,14729,28926,-532,5,23,월
2022-05-23,경부선,노량진,8616,8769,17385,-153,5,23,월
2022-05-23,경부선,용산,35306,36515,71821,-1209,5,23,월
2022-05-23,경부선,남영,10125,10954,21079,-829,5,23,월
2022-05-23,경부선,서울역,7772,2362,10134,5410,5,23,월
2022-05-23,경강선,여주,2652,2655,5307,-3,5,23,월
2022-05-23,경강선,세종대왕릉,360,335,695,25,5,23,월
2022-05-23,경강선,부발,2223,2343,4566,-120,5,23,월
2022-05-23,경강선,이천,2695,2848,5543,-153,5,23,월
2022-05-23,경강선,신둔도예촌,1769,1597,3366,172,5,23,월
2022-05-23,경강선,곤지암,2423,2480,4903,-57,5,23,월
2022-05-23,경강선,초월,3417,3272,6689,145,5,23,월
2022-05-23,경강선,경기광주,8268,7871,16139,397,5,23,월
2022-05-23,경강선,삼동,2569,2298,4867,271,5,23,월
2022-05-23,경강선,이매,1286,986,2272,300,5,23,월
2022-05-23,경강선,판교,4748,4704,9452,44,5,23,월
2022-05-23,9호선2~3단계,중앙보훈병원,12052,10699,22751,1353,5,23,월
2022-05-23,9호선2~3단계,둔촌오륜,1203,1093,2296,110,5,23,월
2022-05-23,9호선2~3단계,올림픽공원(한국체대),6878,7058,13936,-180,5,23,월
2022-05-23,9호선2~3단계,한성백제,2660,2375,5035,285,5,23,월
2022-05-23,9호선2~3단계,송파나루,5065,5385,10450,-320,5,23,월
2022-05-23,9호선2~3단계,석촌,9091,7930,17021,1161,5,23,월
2022-05-23,9호선2~3단계,석촌고분,6286,6008,12294,278,5,23,월
2022-05-23,9호선2~3단계,삼전,7259,6885,14144,374,5,23,월
2022-05-23,9호선2~3단계,종합운동장,4391,4447,8838,-56,5,23,월
2022-05-23,9호선2~3단계,봉은사,16342,16602,32944,-260,5,23,월
2022-05-23,9호선2~3단계,삼성중앙,7554,8090,15644,-536,5,23,월
2022-05-23,9호선2~3단계,선정릉,10518,11375,21893,-857,5,23,월
2022-05-23,9호선2~3단계,언주,10782,11337,22119,-555,5,23,월
2022-05-23,9호선,신논현,33047,32835,65882,212,5,23,월
2022-05-23,9호선,고속터미널,13324,16651,29975,-3327,5,23,월
2022-05-23,9호선,신반포,4362,3930,8292,432,5,23,월
2022-05-23,9호선,구반포,1389,1464,2853,-75,5,23,월
2022-05-23,9호선,동작(현충원),2217,1808,4025,409,5,23,월
2022-05-23,9호선,흑석(중앙대입구),9657,9953,19610,-296,5,23,월
2022-05-23,9호선,노들,4813,3932,8745,881,5,23,월
2022-05-23,9호선,노량진,27642,26738,54380,904,5,23,월
2022-05-23,9호선,샛강,6512,6948,13460,-436,5,23,월
2022-05-23,9호선,여의도,29282,28892,58174,390,5,23,월
2022-05-23,9호선,국회의사당,16091,17085,33176,-994,5,23,월
2022-05-23,9호선,당산,18974,19385,38359,-411,5,23,월
2022-05-23,9호선,선유도,9129,8603,17732,526,5,23,월
2022-05-23,9호선,신목동,4839,4176,9015,663,5,23,월
2022-05-23,9호선,염창,18419,17722,36141,697,5,23,월
2022-05-23,9호선,등촌,11977,11566,23543,411,5,23,월
2022-05-23,9호선,증미,7867,7677,15544,190,5,23,월
2022-05-23,9호선,가양,22217,21611,43828,606,5,23,월
2022-05-23,9호선,양천향교,10597,10737,21334,-140,5,23,월
2022-05-23,9호선,마곡나루(서울식물원),12746,12956,25702,-210,5,23,월
2022-05-23,9호선,신방화,7239,6984,14223,255,5,23,월
2022-05-23,9호선,공항시장,3173,3384,6557,-211,5,23,월
2022-05-23,9호선,김포공항,7464,10874,18338,-3410,5,23,월
2022-05-23,9호선,개화,2954,2030,4984,924,5,23,월
2022-05-23,8호선,남위례,5604,5829,11433,-225,5,23,월
2022-05-23,8호선,모란,4621,3588,8209,1033,5,23,월
2022-05-23,8호선,수진,5676,5239,10915,437,5,23,월
2022-05-23,8호선,신흥,4450,4789,9239,-339,5,23,월
2022-05-23,8호선,단대오거리,11944,11308,23252,636,5,23,월
2022-05-23,8호선,남한산성입구(성남법원.검찰청),16558,15458,32016,1100,5,23,월
2022-05-23,8호선,산성,5732,5801,11533,-69,5,23,월
2022-05-23,8호선,복정,10280,8777,19057,1503,5,23,월
2022-05-23,8호선,장지,17635,16979,34614,656,5,23,월
2022-05-23,8호선,문정,23061,24532,47593,-1471,5,23,월
2022-05-23,8호선,가락시장,7787,8694,16481,-907,5,23,월
2022-05-23,8호선,송파,8815,8580,17395,235,5,23,월
2022-05-23,8호선,석촌,8001,8879,16880,-878,5,23,월
2022-05-23,8호선,잠실(송파구청),13591,16147,29738,-2556,5,23,월
2022-05-23,8호선,몽촌토성(평화의문),6728,6703,13431,25,5,23,월
2022-05-23,8호선,강동구청,11100,11278,22378,-178,5,23,월
2022-05-23,8호선,천호(풍납토성),14718,16675,31393,-1957,5,23,월
2022-05-23,8호선,암사,19818,17349,37167,2469,5,23,월
2022-05-23,7호선,온수(성공회대입구),11631,10825,22456,806,5,23,월
2022-05-23,7호선,천왕,12162,11577,23739,585,5,23,월
2022-05-23,7호선,광명사거리,22750,22357,45107,393,5,23,월
2022-05-23,7호선,철산,22249,22559,44808,-310,5,23,월
2022-05-23,7호선,가산디지털단지,47890,48313,96203,-423,5,23,월
2022-05-23,7호선,남구로,16857,17728,34585,-871,5,23,월
2022-05-23,7호선,대림(구로구청),8300,8158,16458,142,5,23,월
2022-05-23,7호선,신풍,12398,11774,24172,624,5,23,월
2022-05-23,7호선,보라매,11059,11213,22272,-154,5,23,월
2022-05-23,7호선,신대방삼거리,17663,16940,34603,723,5,23,월
2022-05-23,7호선,장승배기,9526,9176,18702,350,5,23,월
2022-05-23,7호선,상도,12095,11990,24085,105,5,23,월
2022-05-23,7호선,숭실대입구(살피재),16071,16421,32492,-350,5,23,월
2022-05-23,7호선,남성,12088,11240,23328,848,5,23,월
2022-05-23,7호선,이수,16218,15797,32015,421,5,23,월
2022-05-23,7호선,내방,15543,16014,31557,-471,5,23,월
2022-05-23,7호선,고속터미널,16628,13924,30552,2704,5,23,월
2022-05-23,7호선,반포,6233,6064,12297,169,5,23,월
2022-05-23,7호선,논현,21743,23607,45350,-1864,5,23,월
2022-05-23,7호선,학동,25450,27043,52493,-1593,5,23,월
2022-05-23,7호선,강남구청,16527,18433,34960,-1906,5,23,월
2022-05-23,7호선,청담,20697,23125,43822,-2428,5,23,월
2022-05-23,7호선,뚝섬유원지,9824,9996,19820,-172,5,23,월
2022-05-23,7호선,건대입구,13123,13643,26766,-520,5,23,월
2022-05-23,7호선,어린이대공원(세종대),16356,16980,33336,-624,5,23,월
2022-05-23,7호선,군자(능동),15548,12237,27785,3311,5,23,월
2022-05-23,7호선,중곡,11497,10668,22165,829,5,23,월
2022-05-23,7호선,용마산(용마폭포공원),6375,6072,12447,303,5,23,월
2022-05-23,7호선,사가정,17072,17100,34172,-28,5,23,월
2022-05-23,7호선,면목,17266,16580,33846,686,5,23,월
2022-05-23,7호선,상봉(시외버스터미널),17477,16224,33701,1253,5,23,월
2022-05-23,7호선,중화,11551,11185,22736,366,5,23,월
2022-05-23,7호선,먹골,10747,10365,21112,382,5,23,월
2022-05-23,7호선,태릉입구,10936,10842,21778,94,5,23,월
2022-05-23,7호선,공릉(서울과학기술대),13377,12981,26358,396,5,23,월
2022-05-23,7호선,하계,18692,17499,36191,1193,5,23,월
2022-05-23,7호선,중계,15801,14500,30301,1301,5,23,월
2022-05-23,7호선,노원,18954,20336,39290,-1382,5,23,월
2022-05-23,7호선,마들,13580,12714,26294,866,5,23,월
2022-05-23,7호선,수락산,13364,12932,26296,432,5,23,월
2022-05-23,7호선,도봉산,10358,11341,21699,-983,5,23,월
2022-05-23,7호선,장암,2471,873,3344,1598,5,23,월
2022-05-23,6호선,신내,1,0,1,1,5,23,월
2022-05-23,6호선,봉화산(서울의료원),9573,8867,18440,706,5,23,월
2022-05-23,6호선,화랑대(서울여대입구),13045,10147,23192,2898,5,23,월
2022-05-23,6호선,태릉입구,7275,8186,15461,-911,5,23,월
2022-05-23,6호선,석계,13210,14032,27242,-822,5,23,월
2022-05-23,6호선,돌곶이,10127,9306,19433,821,5,23,월
2022-05-23,6호선,상월곡(한국과학기술연구원),7013,6606,13619,407,5,23,월
2022-05-23,6호선,월곡(동덕여대),13516,13056,26572,460,5,23,월
2022-05-23,6호선,고려대(종암),10010,9236,19246,774,5,23,월
2022-05-23,6호선,안암(고대병원앞),15554,18246,33800,-2692,5,23,월
2022-05-23,6호선,보문,7807,7052,14859,755,5,23,월
2022-05-23,6호선,창신,3912,3324,7236,588,5,23,월
2022-05-23,6호선,동묘앞,8139,8330,16469,-191,5,23,월
2022-05-23,6호선,신당,7758,8416,16174,-658,5,23,월
2022-05-23,6호선,청구,3709,3979,7688,-270,5,23,월
2022-05-23,6호선,약수,3893,3852,7745,41,5,23,월
2022-05-23,6호선,버티고개,2409,2297,4706,112,5,23,월
2022-05-23,6호선,한강진,7288,8299,15587,-1011,5,23,월
2022-05-23,6호선,이태원,9903,10242,20145,-339,5,23,월
2022-05-23,6호선,녹사평(용산구청),4763,4717,9480,46,5,23,월
2022-05-23,6호선,삼각지,7212,6192,13404,1020,5,23,월
2022-05-23,6호선,효창공원앞,7662,7089,14751,573,5,23,월
2022-05-23,6호선,공덕,19774,19154,38928,620,5,23,월
2022-05-23,6호선,대흥(서강대앞),9096,9436,18532,-340,5,23,월
2022-05-23,6호선,광흥창(서강),9747,9439,19186,308,5,23,월
2022-05-23,6호선,상수,8724,9646,18370,-922,5,23,월
2022-05-23,6호선,합정,13138,12938,26076,200,5,23,월
2022-05-23,6호선,망원,13763,14560,28323,-797,5,23,월
2022-05-23,6호선,마포구청,15091,13396,28487,1695,5,23,월
2022-05-23,6호선,월드컵경기장(성산),4558,4912,9470,-354,5,23,월
2022-05-23,6호선,디지털미디어시티,15388,16732,32120,-1344,5,23,월
2022-05-23,6호선,증산(명지대앞),10712,10538,21250,174,5,23,월
2022-05-23,6호선,새절(신사),13893,12845,26738,1048,5,23,월
2022-05-23,6호선,구산,8141,5917,14058,2224,5,23,월
2022-05-23,6호선,연신내,2,0,2,2,5,23,월
2022-05-23,6호선,독바위,2855,2991,5846,-136,5,23,월
2022-05-23,6호선,불광,4587,4422,9009,165,5,23,월
2022-05-23,6호선,역촌,4036,4533,8569,-497,5,23,월
2022-05-23,6호선,응암,18373,18167,36540,206,5,23,월
2022-05-23,5호선,하남검단산,6204,5844,12048,360,5,23,월
2022-05-23,5호선,하남시청(덕풍·신장),7374,7063,14437,311,5,23,월
2022-05-23,5호선,하남풍산,4540,4324,8864,216,5,23,월
2022-05-23,5호선,미사,16952,16908,33860,44,5,23,월
2022-05-23,5호선,강일,4624,4374,8998,250,5,23,월
2022-05-23,5호선,마천,7899,7515,15414,384,5,23,월
2022-05-23,5호선,거여,11214,10685,21899,529,5,23,월
2022-05-23,5호선,개롱,7108,7279,14387,-171,5,23,월
2022-05-23,5호선,오금,3943,4062,8005,-119,5,23,월
2022-05-23,5호선,방이,7330,7504,14834,-174,5,23,월
2022-05-23,5호선,올림픽공원(한국체대),4756,4273,9029,483,5,23,월
2022-05-23,5호선,둔촌동,8647,8482,17129,165,5,23,월
2022-05-23,5호선,상일동,16012,14680,30692,1332,5,23,월
2022-05-23,5호선,고덕,10392,10199,20591,193,5,23,월
2022-05-23,5호선,명일,9290,9405,18695,-115,5,23,월
2022-05-23,5호선,굽은다리(강동구민회관앞),9978,9488,19466,490,5,23,월
2022-05-23,5호선,길동,8370,8626,16996,-256,5,23,월
2022-05-23,5호선,강동,19537,18776,38313,761,5,23,월
2022-05-23,5호선,천호(풍납토성),16986,17653,34639,-667,5,23,월
2022-05-23,5호선,광나루(장신대),14508,12994,27502,1514,5,23,월
2022-05-23,5호선,아차산(어린이대공원후문),15708,15006,30714,702,5,23,월
2022-05-23,5호선,군자(능동),11425,12541,23966,-1116,5,23,월
2022-05-23,5호선,장한평,18941,18633,37574,308,5,23,월
2022-05-23,5호선,답십리,16633,15114,31747,1519,5,23,월
2022-05-23,5호선,마장,6072,5712,11784,360,5,23,월
2022-05-23,5호선,왕십리(성동구청),4593,5403,9996,-810,5,23,월
2022-05-23,5호선,행당,8531,7555,16086,976,5,23,월
2022-05-23,5호선,신금호,6986,7252,14238,-266,5,23,월
2022-05-23,5호선,청구,4219,3756,7975,463,5,23,월
2022-05-23,5호선,동대문역사문화공원(DDP),3112,3578,6690,-466,5,23,월
2022-05-23,5호선,을지로4가,6420,6635,13055,-215,5,23,월
2022-05-23,5호선,종로3가,12768,12676,25444,92,5,23,월
2022-05-23,5호선,광화문(세종문화회관),31743,33803,65546,-2060,5,23,월
2022-05-23,5호선,서대문,21210,21837,43047,-627,5,23,월
2022-05-23,5호선,충정로(경기대입구),4918,4999,9917,-81,5,23,월
2022-05-23,5호선,애오개,7183,6924,14107,259,5,23,월
2022-05-23,5호선,공덕,14815,15843,30658,-1028,5,23,월
2022-05-23,5호선,마포,14977,15354,30331,-377,5,23,월
2022-05-23,5호선,여의나루,13088,14164,27252,-1076,5,23,월
2022-05-23,5호선,여의도,30185,32625,62810,-2440,5,23,월
2022-05-23,5호선,신길,4510,4718,9228,-208,5,23,월
2022-05-23,5호선,영등포시장,10276,10693,20969,-417,5,23,월
2022-05-23,5호선,영등포구청,4376,4588,8964,-212,5,23,월
2022-05-23,5호선,양평,7947,7878,15825,69,5,23,월
2022-05-23,5호선,오목교(목동운동장앞),22654,23870,46524,-1216,5,23,월
2022-05-23,5호선,목동,17974,19058,37032,-1084,5,23,월
2022-05-23,5호선,신정(은행정),14796,11912,26708,2884,5,23,월
2022-05-23,5호선,까치산,30420,28644,59064,1776,5,23,월
2022-05-23,5호선,화곡,30041,28060,58101,1981,5,23,월
2022-05-23,5호선,우장산,15952,15626,31578,326,5,23,월
2022-05-23,5호선,발산,22185,22866,45051,-681,5,23,월
2022-05-23,5호선,마곡,11419,11552,22971,-133,5,23,월
2022-05-23,5호선,송정,7017,6468,13485,549,5,23,월
2022-05-23,5호선,김포공항,7285,7228,14513,57,5,23,월
2022-05-23,5호선,개화산,6110,5672,11782,438,5,23,월
2022-05-23,5호선,방화,7326,6985,14311,341,5,23,월
2022-05-23,4호선,남태령,1294,1114,2408,180,5,23,월
2022-05-23,4호선,사당,26537,22516,49053,4021,5,23,월
2022-05-23,4호선,총신대입구(이수),19862,21515,41377,-1653,5,23,월
2022-05-23,4호선,동작(현충원),1820,1974,3794,-154,5,23,월
2022-05-23,4호선,이촌(국립중앙박물관),8675,9646,18321,-971,5,23,월
2022-05-23,4호선,신용산,17297,18464,35761,-1167,5,23,월
2022-05-23,4호선,삼각지,5378,5913,11291,-535,5,23,월
2022-05-23,4호선,숙대입구(갈월),14693,14385,29078,308,5,23,월
2022-05-23,4호선,서울역,12144,18085,30229,-5941,5,23,월
2022-05-23,4호선,회현(남대문시장),26916,28128,55044,-1212,5,23,월
2022-05-23,4호선,명동,21501,22036,43537,-535,5,23,월
2022-05-23,4호선,충무로,29096,30364,59460,-1268,5,23,월
2022-05-23,4호선,동대문역사문화공원(DDP),14964,13639,28603,1325,5,23,월
2022-05-23,4호선,동대문,20888,21426,42314,-538,5,23,월
2022-05-23,4호선,혜화,31380,31939,63319,-559,5,23,월
2022-05-23,4호선,한성대입구(삼선교),14887,14405,29292,482,5,23,월
2022-05-23,4호선,성신여대입구(돈암),21215,20420,41635,795,5,23,월
2022-05-23,4호선,길음,22964,23035,45999,-71,5,23,월
2022-05-23,4호선,미아사거리,27619,26574,54193,1045,5,23,월
2022-05-23,4호선,미아(서울사이버대학),16134,15598,31732,536,5,23,월
2022-05-23,4호선,수유(강북구청),34912,34909,69821,3,5,23,월
2022-05-23,4호선,쌍문,30581,28059,58640,2522,5,23,월
2022-05-23,4호선,창동,27041,28153,55194,-1112,5,23,월
2022-05-23,4호선,노원,19332,21648,40980,-2316,5,23,월
2022-05-23,4호선,상계,20589,18824,39413,1765,5,23,월
2022-05-23,4호선,당고개,9440,8364,17804,1076,5,23,월
2022-05-23,3호선,오금,6772,6064,12836,708,5,23,월
2022-05-23,3호선,경찰병원,7883,7932,15815,-49,5,23,월
2022-05-23,3호선,가락시장,9628,9444,19072,184,5,23,월
2022-05-23,3호선,수서,18003,18848,36851,-845,5,23,월
2022-05-23,3호선,일원,11376,10998,22374,378,5,23,월
2022-05-23,3호선,대청,11410,10540,21950,870,5,23,월
2022-05-23,3호선,학여울,1932,1899,3831,33,5,23,월
2022-05-23,3호선,대치,11472,11787,23259,-315,5,23,월
2022-05-23,3호선,도곡,5798,5972,11770,-174,5,23,월
2022-05-23,3호선,매봉,13635,12954,26589,681,5,23,월
2022-05-23,3호선,양재(서초구청),41064,45428,86492,-4364,5,23,월
2022-05-23,3호선,남부터미널(예술의전당),29875,30873,60748,-998,5,23,월
2022-05-23,3호선,교대(법원.검찰청),15808,10477,26285,5331,5,23,월
2022-05-23,3호선,고속터미널,41803,40538,82341,1265,5,23,월
2022-05-23,3호선,잠원,5244,5153,10397,91,5,23,월
2022-05-23,3호선,신사,31128,32600,63728,-1472,5,23,월
2022-05-23,3호선,압구정,30308,32798,63106,-2490,5,23,월
2022-05-23,3호선,옥수,9483,9662,19145,-179,5,23,월
2022-05-23,3호선,금호,8266,7745,16011,521,5,23,월
2022-05-23,3호선,약수,13612,13181,26793,431,5,23,월
2022-05-23,3호선,동대입구,9349,10296,19645,-947,5,23,월
2022-05-23,3호선,충무로,2,0,2,2,5,23,월
2022-05-23,3호선,을지로3가,11201,11394,22595,-193,5,23,월
2022-05-23,3호선,종로3가,10378,11928,22306,-1550,5,23,월
2022-05-23,3호선,안국,23544,23754,47298,-210,5,23,월
2022-05-23,3호선,경복궁(정부서울청사),27710,29220,56930,-1510,5,23,월
2022-05-23,3호선,독립문,7309,7548,14857,-239,5,23,월
2022-05-23,3호선,무악재,4214,4257,8471,-43,5,23,월
2022-05-23,3호선,홍제,19348,18245,37593,1103,5,23,월
2022-05-23,3호선,녹번,16758,14961,31719,1797,5,23,월
2022-05-23,3호선,불광,17089,18234,35323,-1145,5,23,월
2022-05-23,3호선,연신내,37945,35802,73747,2143,5,23,월
2022-05-23,3호선,구파발,22313,21476,43789,837,5,23,월
2022-05-23,3호선,지축,5529,5163,10692,366,5,23,월
2022-05-23,2호선,용두(동대문구청),2351,2452,4803,-101,5,23,월
2022-05-23,2호선,신정네거리,10858,11134,21992,-276,5,23,월
2022-05-23,2호선,양천구청,7346,7590,14936,-244,5,23,월
2022-05-23,2호선,도림천,1457,1524,2981,-67,5,23,월
2022-05-23,2호선,신설동,3328,3387,6715,-59,5,23,월
2022-05-23,2호선,신답,1809,1962,3771,-153,5,23,월
2022-05-23,2호선,용답,3327,3401,6728,-74,5,23,월
2022-05-23,2호선,충정로(경기대입구),10571,11147,21718,-576,5,23,월
2022-05-23,2호선,아현,10942,10568,21510,374,5,23,월
2022-05-23,2호선,이대,14870,16127,30997,-1257,5,23,월
2022-05-23,2호선,신촌,33219,33838,67057,-619,5,23,월
2022-05-23,2호선,홍대입구,53965,56363,110328,-2398,5,23,월
2022-05-23,2호선,합정,30569,32259,62828,-1690,5,23,월
2022-05-23,2호선,당산,19554,23158,42712,-3604,5,23,월
2022-05-23,2호선,영등포구청,23334,24385,47719,-1051,5,23,월
2022-05-23,2호선,문래,22904,23575,46479,-671,5,23,월
2022-05-23,2호선,신도림,48351,48097,96448,254,5,23,월
2022-05-23,2호선,대림(구로구청),25196,25364,50560,-168,5,23,월
2022-05-23,2호선,구로디지털단지,61623,61844,123467,-221,5,23,월
2022-05-23,2호선,신대방,27939,26915,54854,1024,5,23,월
2022-05-23,2호선,신림,64971,62918,127889,2053,5,23,월
2022-05-23,2호선,봉천,24980,22980,47960,2000,5,23,월
2022-05-23,2호선,서울대입구(관악구청),49457,49055,98512,402,5,23,월
2022-05-23,2호선,낙성대(강감찬),28482,27878,56360,604,5,23,월
2022-05-23,2호선,사당,38492,42829,81321,-4337,5,23,월
2022-05-23,2호선,방배,20215,21136,41351,-921,5,23,월
2022-05-23,2호선,서초,23165,22704,45869,461,5,23,월
2022-05-23,2호선,교대(법원.검찰청),35958,41124,77082,-5166,5,23,월
2022-05-23,2호선,강남,85230,84987,170217,243,5,23,월
2022-05-23,2호선,역삼,55250,63225,118475,-7975,5,23,월
2022-05-23,2호선,선릉,60734,54179,114913,6555,5,23,월
2022-05-23,2호선,삼성(무역센터),51711,53152,104863,-1441,5,23,월
2022-05-23,2호선,종합운동장,8464,9411,17875,-947,5,23,월
2022-05-23,2호선,잠실새내,21851,21609,43460,242,5,23,월
2022-05-23,2호선,잠실(송파구청),66255,66923,133178,-668,5,23,월
2022-05-23,2호선,잠실나루,16059,15700,31759,359,5,23,월
2022-05-23,2호선,강변(동서울터미널),31969,30774,62743,1195,5,23,월
2022-05-23,2호선,구의(광진구청),24221,23872,48093,349,5,23,월
2022-05-23,2호선,건대입구,35363,38366,73729,-3003,5,23,월
2022-05-23,2호선,성수,37860,41586,79446,-3726,5,23,월
2022-05-23,2호선,뚝섬,22563,24546,47109,-1983,5,23,월
2022-05-23,2호선,한양대,14898,16844,31742,-1946,5,23,월
2022-05-23,2호선,왕십리(성동구청),17268,13684,30952,3584,5,23,월
2022-05-23,2호선,상왕십리,14757,14231,28988,526,5,23,월
2022-05-23,2호선,신당,14251,14335,28586,-84,5,23,월
2022-05-23,2호선,동대문역사문화공원(DDP),12176,13669,25845,-1493,5,23,월
2022-05-23,2호선,을지로4가,13621,13459,27080,162,5,23,월
2022-05-23,2호선,을지로3가,23895,23712,47607,183,5,23,월
2022-05-23,2호선,을지로입구,38859,41384,80243,-2525,5,23,월
2022-05-23,2호선,시청,24796,24378,49174,418,5,23,월
2022-05-23,1호선,동묘앞,7997,8353,16350,-356,5,23,월
2022-05-23,1호선,청량리(서울시립대입구),20946,20629,41575,317,5,23,월
2022-05-23,1호선,제기동,17468,17712,35180,-244,5,23,월
2022-05-23,1호선,신설동,14394,14023,28417,371,5,23,월
2022-05-23,1호선,동대문,11415,10895,22310,520,5,23,월
2022-05-23,1호선,종로5가,23702,23562,47264,140,5,23,월
2022-05-23,1호선,종로3가,26042,23587,49629,2455,5,23,월
2022-05-23,1호선,종각,37287,36422,73709,865,5,23,월
2022-05-23,1호선,시청,24186,24360,48546,-174,5,23,월
2022-05-23,1호선,서울역,47889,46597,94486,1292,5,23,월
2022-05-23,경원선,덕계,3685,3279,6964,406,5,23,월
2022-05-23,경원선,회룡,13541,13367,26908,174,5,23,월
2022-05-23,경원선,의정부,19094,19574,38668,-480,5,23,월
2022-05-23,경원선,가능,7399,7216,14615,183,5,23,월
2022-05-23,경원선,녹양,4971,4626,9597,345,5,23,월
2022-05-23,경원선,양주,8618,8118,16736,500,5,23,월
2022-05-23,우이신설선,화계,3617,3355,6972,262,5,23,월
2022-05-23,우이신설선,가오리,4485,4446,8931,39,5,23,월
2022-05-23,우이신설선,4.19민주묘지,3887,3780,7667,107,5,23,월
2022-05-23,중앙선,양정,787,669,1456,118,5,23,월
2022-05-23,중앙선,도농,12081,10679,22760,1402,5,23,월
2022-05-23,중앙선,구리,14215,14278,28493,-63,5,23,월
2022-05-23,중앙선,양원,3006,2894,5900,112,5,23,월
2022-05-23,중앙선,망우,8186,8060,16246,126,5,23,월
2022-05-23,중앙선,상봉(시외버스터미널),6053,6181,12234,-128,5,23,월
2022-05-23,중앙선,중랑,5991,5711,11702,280,5,23,월
2022-05-23,중앙선,회기,27089,26797,53886,292,5,23,월
2022-05-23,장항선,신창(순천향대),2917,3687,6604,-770,5,23,월
2022-05-23,장항선,온양온천,4174,4280,8454,-106,5,23,월
2022-05-23,장항선,배방,1347,1292,2639,55,5,23,월
2022-05-23,장항선,탕정,968,856,1824,112,5,23,월
2022-05-23,장항선,아산,4625,3739,8364,886,5,23,월
2022-05-23,장항선,쌍용(나사렛대),3222,3267,6489,-45,5,23,월
2022-05-23,장항선,봉명,1383,1451,2834,-68,5,23,월
2022-05-23,일산선,대화,14610,11279,25889,3331,5,23,월
2022-05-23,일산선,주엽,10095,9699,19794,396,5,23,월
2022-05-23,일산선,정발산,7122,7153,14275,-31,5,23,월
2022-05-23,일산선,마두,8219,8309,16528,-90,5,23,월
2022-05-23,일산선,백석,10349,10495,20844,-146,5,23,월
2022-05-23,일산선,대곡,2415,1913,4328,502,5,23,월
2022-05-23,일산선,화정,18122,18232,36354,-110,5,23,월
2022-05-23,일산선,원당,12213,11474,23687,739,5,23,월
2022-05-23,일산선,삼송,21180,20569,41749,611,5,23,월
2022-05-23,일산선,원흥,12073,11419,23492,654,5,23,월
2022-05-23,우이신설선,신설동,2295,2291,4586,4,5,23,월
2022-05-23,우이신설선,보문,1556,1658,3214,-102,5,23,월
2022-05-23,우이신설선,성신여대입구(돈암),3431,3726,7157,-295,5,23,월
2022-05-23,우이신설선,정릉,5124,4587,9711,537,5,23,월
2022-05-23,우이신설선,북한산보국문,6567,6175,12742,392,5,23,월
2022-05-23,우이신설선,솔샘,6322,5902,12224,420,5,23,월
2022-05-23,우이신설선,삼양사거리,2601,2609,5210,-8,5,23,월
2022-05-23,우이신설선,삼양,2111,2224,4335,-113,5,23,월
2022-05-23,경원선,망월사,10316,10483,20799,-167,5,23,월
2022-05-23,9호선,사평,3853,3640,7493,213,5,23,월
2022-05-23,경부선,가산디지털단지,19940,22999,42939,-3059,5,23,월
2022-05-23,경부선,금천구청,12816,12687,25503,129,5,23,월
2022-05-23,경부선,석수,10465,9396,19861,1069,5,23,월
2022-05-23,경부선,관악,8000,7405,15405,595,5,23,월
2022-05-23,경부선,안양,28459,28279,56738,180,5,23,월
2022-05-23,경부선,명학,10989,10904,21893,85,5,23,월
2022-05-23,경부선,금정,28775,29024,57799,-249,5,23,월
2022-05-23,경부선,군포,8124,8067,16191,57,5,23,월
2022-05-23,경부선,의왕,10459,10463,20922,-4,5,23,월
2022-05-23,경부선,성균관대,16448,16591,33039,-143,5,23,월
2022-05-23,경부선,화서,9068,8587,17655,481,5,23,월
2022-05-23,경부선,수원,38334,40460,78794,-2126,5,23,월
2022-05-23,경부선,독산,20108,20678,40786,-570,5,23,월
2022-05-23,경부선,세류,3423,3032,6455,391,5,23,월
2022-05-23,경부선,병점,17841,17665,35506,176,5,23,월
2022-05-23,경부선,세마,3154,2945,6099,209,5,23,월
2022-05-23,경부선,오산대,4480,4140,8620,340,5,23,월
2022-05-23,경부선,오산,11337,11494,22831,-157,5,23,월
2022-05-23,경부선,진위,2010,1761,3771,249,5,23,월
2022-05-23,경부선,송탄,4710,4610,9320,100,5,23,월
2022-05-23,경부선,서정리,8139,7976,16115,163,5,23,월
2022-05-23,분당선,매탄권선,5671,5422,11093,249,5,23,월
2022-05-23,분당선,망포,15562,15065,30627,497,5,23,월
2022-05-23,분당선,영통,8583,8934,17517,-351,5,23,월
2022-05-23,분당선,청명,4663,4499,9162,164,5,23,월
2022-05-23,분당선,상갈,5994,5683,11677,311,5,23,월
2022-05-23,분당선,기흥,11343,10664,22007,679,5,23,월
2022-05-23,분당선,신갈,5020,4995,10015,25,5,23,월
2022-05-23,분당선,구성,5583,5804,11387,-221,5,23,월
2022-05-23,분당선,죽전,14859,16509,31368,-1650,5,23,월
2022-05-23,분당선,보정,2846,2460,5306,386,5,23,월
2022-05-23,분당선,이매,6304,5850,12154,454,5,23,월
2022-05-23,분당선,오리,12380,10152,22532,2228,5,23,월
2022-05-23,분당선,미금,16438,17389,33827,-951,5,23,월
2022-05-23,분당선,정자,18728,19768,38496,-1040,5,23,월
2022-05-23,분당선,수내,13491,13361,26852,130,5,23,월
2022-05-23,분당선,서현,25628,25889,51517,-261,5,23,월
2022-05-23,분당선,야탑,27621,28930,56551,-1309,5,23,월
2022-05-23,분당선,모란,20876,21117,41993,-241,5,23,월
2022-05-23,분당선,태평,13913,13438,27351,475,5,23,월
2022-05-23,분당선,가천대,13445,14447,27892,-1002,5,23,월
2022-05-23,분당선,선정릉,8521,9331,17852,-810,5,23,월
2022-05-23,분당선,강남구청,10619,12123,22742,-1504,5,23,월
2022-05-23,분당선,압구정로데오,18084,19633,37717,-1549,5,23,월
2022-05-23,분당선,서울숲,11924,11982,23906,-58,5,23,월
2022-05-23,분당선,수원,8678,7250,15928,1428,5,23,월
2022-05-23,분당선,수서,14825,15251,30076,-426,5,23,월
2022-05-23,분당선,대모산입구,5019,4591,9610,428,5,23,월
2022-05-23,분당선,개포동,4105,4314,8419,-209,5,23,월
2022-05-23,분당선,구룡,2606,2524,5130,82,5,23,월
2022-05-23,분당선,도곡,7652,7654,15306,-2,5,23,월
2022-05-23,분당선,한티,14211,15359,29570,-1148,5,23,월
2022-05-23,분당선,선릉,14304,22187,36491,-7883,5,23,월
2022-05-23,과천선,범계,26930,26805,53735,125,5,23,월
2022-05-23,과천선,평촌,19175,18696,37871,479,5,23,월
2022-05-23,과천선,인덕원,26040,26974,53014,-934,5,23,월
2022-05-23,과천선,정부과천청사,11411,11408,22819,3,5,23,월
2022-05-23,과천선,과천,6925,6198,13123,727,5,23,월
2022-05-23,과천선,대공원,4163,4128,8291,35,5,23,월
2022-05-23,과천선,경마공원,994,1034,2028,-40,5,23,월
2022-05-23,과천선,선바위,8865,7763,16628,1102,5,23,월
2022-05-23,공항철도 1호선,영종,3500,3431,6931,69,5,23,월
2022-05-23,공항철도 1호선,인천공항2터미널,3289,2752,6041,537,5,23,월
2022-05-23,공항철도 1호선,인천공항1터미널,5905,5468,11373,437,5,23,월
2022-05-23,공항철도 1호선,공항화물청사,2308,2560,4868,-252,5,23,월
2022-05-23,공항철도 1호선,운서,7467,7413,14880,54,5,23,월
2022-05-23,공항철도 1호선,청라국제도시,7732,7157,14889,575,5,23,월
2022-05-23,공항철도 1호선,검암,7089,7000,14089,89,5,23,월
2022-05-23,공항철도 1호선,계양,11808,10816,22624,992,5,23,월
2022-05-23,공항철도 1호선,김포공항,12402,7240,19642,5162,5,23,월
2022-05-23,공항철도 1호선,마곡나루(서울식물원),10492,10153,20645,339,5,23,월
2022-05-23,공항철도 1호선,디지털미디어시티,15349,14393,29742,956,5,23,월
2022-05-23,공항철도 1호선,홍대입구,9860,9912,19772,-52,5,23,월
2022-05-23,공항철도 1호선,공덕,2483,3167,5650,-684,5,23,월
2022-05-23,공항철도 1호선,서울역,8784,8623,17407,161,5,23,월
2022-05-23,경춘선,춘천,1765,1786,3551,-21,5,23,월
2022-05-23,경춘선,남춘천,2864,3257,6121,-393,5,23,월
2022-05-23,경춘선,김유정,343,333,676,10,5,23,월
2022-05-23,경춘선,강촌,427,453,880,-26,5,23,월
2022-05-23,경춘선,백양리,105,75,180,30,5,23,월
2022-05-23,경춘선,굴봉산,150,132,282,18,5,23,월
2022-05-23,경춘선,가평,1855,1763,3618,92,5,23,월
2022-05-23,경춘선,상천,345,307,652,38,5,23,월
2022-05-23,경춘선,청평,1871,1811,3682,60,5,23,월
2022-05-23,경춘선,대성리,1022,507,1529,515,5,23,월
2022-05-23,경춘선,마석,4761,4630,9391,131,5,23,월
2022-05-23,경춘선,천마산,1970,1818,3788,152,5,23,월
2022-05-23,경춘선,평내호평,7230,6856,14086,374,5,23,월
2022-05-23,경춘선,금곡,1740,1669,3409,71,5,23,월
2022-05-23,경춘선,사릉,2808,2567,5375,241,5,23,월
2022-05-23,경춘선,퇴계원,3948,3579,7527,369,5,23,월
2022-05-23,경춘선,별내,3495,3213,6708,282,5,23,월
2022-05-23,경춘선,갈매,3347,2885,6232,462,5,23,월
2022-05-23,경춘선,신내,2510,2309,4819,201,5,23,월
2022-05-23,경인선,도화,4529,4184,8713,345,5,23,월
2022-05-23,경인선,중동,10318,9543,19861,775,5,23,월
2022-05-23,경인선,온수(성공회대입구),7612,7197,14809,415,5,23,월
2022-05-23,경인선,도원,3944,3849,7793,95,5,23,월
2022-05-23,경인선,간석,6429,5992,12421,437,5,23,월
2022-05-23,경인선,부개,9526,8628,18154,898,5,23,월
2022-05-23,경인선,소사,9857,9472,19329,385,5,23,월
2022-05-23,경인선,구일,7902,7705,15607,197,5,23,월
2022-05-23,경인선,인천,3774,2857,6631,917,5,23,월
2022-05-23,경인선,동인천,14398,13574,27972,824,5,23,월
2022-05-23,경인선,제물포,12224,11758,23982,466,5,23,월
2022-05-23,경인선,주안,20942,19249,40191,1693,5,23,월
2022-05-23,경인선,동암,15827,15692,31519,135,5,23,월
2022-05-23,경인선,백운,7634,7424,15058,210,5,23,월
2022-05-23,경인선,부평,30216,31878,62094,-1662,5,23,월
2022-05-23,경인선,송내,29841,29772,59613,69,5,23,월
2022-05-23,경인선,부천,34692,34498,69190,194,5,23,월
2022-05-23,경인선,역곡,31055,30412,61467,643,5,23,월
2022-05-23,경인선,오류동,12767,11884,24651,883,5,23,월
2022-05-23,경인선,개봉,22987,22324,45311,663,5,23,월
2022-05-23,경의선,계양,1,0,1,1,5,23,월
2022-05-23,경의선,임진강,10,11,21,-1,5,23,월
2022-05-23,경의선,문산,5624,5478,11102,146,5,23,월
2022-05-23,경의선,파주,1686,1320,3006,366,5,23,월
2022-05-23,경의선,월롱,3245,3248,6493,-3,5,23,월
2022-05-23,경의선,금촌,6884,6775,13659,109,5,23,월
2022-05-23,경의선,금릉,5512,5282,10794,230,5,23,월
2022-05-23,경의선,운정,7925,7209,15134,716,5,23,월
2022-05-23,경의선,야당,8617,8386,17003,231,5,23,월
2022-05-23,경의선,탄현,8700,8070,16770,630,5,23,월
2022-05-23,경의선,일산,11604,11284,22888,320,5,23,월
2022-05-23,경의선,풍산,6239,5705,11944,534,5,23,월
2022-05-23,경의선,백마,7821,7482,15303,339,5,23,월
2022-05-23,경의선,곡산,669,698,1367,-29,5,23,월
2022-05-23,경의선,능곡,4293,3942,8235,351,5,23,월
2022-05-23,경의선,행신,8882,9047,17929,-165,5,23,월
2022-05-23,경의선,강매,3656,3152,6808,504,5,23,월
2022-05-23,경의선,화전,3872,3700,7572,172,5,23,월
2022-05-23,경의선,수색,3171,3322,6493,-151,5,23,월
2022-05-23,경의선,디지털미디어시티,2896,2701,5597,195,5,23,월
2022-05-23,경의선,가좌,6238,5906,12144,332,5,23,월
2022-05-23,경의선,홍대입구,1749,2018,3767,-269,5,23,월
2022-05-23,경의선,서강대,2259,2249,4508,10,5,23,월
2022-05-23,경의선,공덕,3764,3403,7167,361,5,23,월
2022-05-23,경의선,효창공원앞,3425,3695,7120,-270,5,23,월
2022-05-24,경원선,동두천,2993,3206,6199,-213,5,24,화
2022-05-24,경원선,동두천중앙,3435,3389,6824,46,5,24,화
2022-05-24,경원선,지행,7540,7566,15106,-26,5,24,화
2022-05-24,경원선,덕정,7130,6775,13905,355,5,24,화
2022-05-24,경원선,덕계,3746,3447,7193,299,5,24,화
2022-05-24,경원선,양주,8848,8255,17103,593,5,24,화
2022-05-24,경원선,녹양,5113,4828,9941,285,5,24,화
2022-05-24,경원선,가능,7532,7096,14628,436,5,24,화
2022-05-24,경원선,의정부,19210,20047,39257,-837,5,24,화
2022-05-24,경원선,회룡,13969,13788,27757,181,5,24,화
2022-05-24,경원선,망월사,10285,10483,20768,-198,5,24,화
2022-05-24,경원선,도봉산,8482,5640,14122,2842,5,24,화
2022-05-24,경원선,도봉,6663,6263,12926,400,5,24,화
2022-05-24,경원선,방학,10653,10446,21099,207,5,24,화
2022-05-24,경원선,창동,2,0,2,2,5,24,화
2022-05-24,경원선,녹천,5074,4224,9298,850,5,24,화
2022-05-24,경원선,월계,9077,8333,17410,744,5,24,화
2022-05-24,경원선,광운대,9618,9393,19011,225,5,24,화
2022-05-24,경원선,석계,9301,10343,19644,-1042,5,24,화
2022-05-24,경원선,신이문,9125,8305,17430,820,5,24,화
2022-05-24,경원선,외대앞,8924,9020,17944,-96,5,24,화
2022-05-24,경원선,청량리(서울시립대입구),15911,16834,32745,-923,5,24,화
2022-05-24,경원선,왕십리(성동구청),15340,17098,32438,-1758,5,24,화
2022-05-24,경원선,응봉,2229,1803,4032,426,5,24,화
2022-05-24,경원선,옥수,61,49,110,12,5,24,화
2022-05-24,경원선,한남,4585,4248,8833,337,5,24,화
2022-05-24,경원선,서빙고,2306,2065,4371,241,5,24,화
2022-05-24,경원선,이촌(국립중앙박물관),4247,3184,7431,1063,5,24,화
2022-05-24,경부선,광명,3783,3168,6951,615,5,24,화
2022-05-24,경부선,서동탄,1596,1425,3021,171,5,24,화
2022-05-24,경부선,당정,7919,7571,15490,348,5,24,화
2022-05-24,경부선,천안,7587,7030,14617,557,5,24,화
2022-05-24,경부선,두정,8258,9236,17494,-978,5,24,화
2022-05-24,경부선,직산,946,969,1915,-23,5,24,화
2022-05-24,경부선,성환,6874,6688,13562,186,5,24,화
2022-05-24,경부선,평택,13644,13860,27504,-216,5,24,화
2022-05-24,경부선,평택지제,3872,3777,7649,95,5,24,화
2022-05-24,경부선,서정리,8111,7691,15802,420,5,24,화
2022-05-24,경부선,송탄,4604,4442,9046,162,5,24,화
2022-05-24,경부선,진위,2031,1778,3809,253,5,24,화
2022-05-24,경부선,오산,10947,10829,21776,118,5,24,화
2022-05-24,경부선,오산대,4687,4370,9057,317,5,24,화
2022-05-24,경부선,세마,3187,2977,6164,210,5,24,화
2022-05-24,경부선,병점,18013,18045,36058,-32,5,24,화
2022-05-24,경부선,세류,3466,3079,6545,387,5,24,화
2022-05-24,경부선,독산,20413,21223,41636,-810,5,24,화
2022-05-24,경부선,수원,38513,40949,79462,-2436,5,24,화
2022-05-24,경부선,화서,9500,9026,18526,474,5,24,화
2022-05-24,경부선,성균관대,16633,16497,33130,136,5,24,화
2022-05-24,경부선,의왕,10715,10520,21235,195,5,24,화
2022-05-24,경부선,군포,8349,8189,16538,160,5,24,화
2022-05-24,경부선,금정,29412,30069,59481,-657,5,24,화
2022-05-24,경부선,명학,11562,11378,22940,184,5,24,화
2022-05-24,경부선,안양,28957,28543,57500,414,5,24,화
2022-05-24,경부선,관악,8234,7770,16004,464,5,24,화
2022-05-24,경부선,석수,10737,9653,20390,1084,5,24,화
2022-05-24,경부선,금천구청,13013,12983,25996,30,5,24,화
2022-05-24,경부선,가산디지털단지,19839,22989,42828,-3150,5,24,화
2022-05-24,경부선,구로,19828,20680,40508,-852,5,24,화
2022-05-24,경부선,신길,10563,9132,19695,1431,5,24,화
2022-05-24,경부선,신도림,4558,4618,9176,-60,5,24,화
2022-05-24,경부선,영등포,39000,40325,79325,-1325,5,24,화
2022-05-24,경부선,대방,14447,14852,29299,-405,5,24,화
2022-05-24,경부선,노량진,8881,9192,18073,-311,5,24,화
2022-05-24,경부선,용산,34274,35313,69587,-1039,5,24,화
2022-05-24,경부선,남영,10475,11241,21716,-766,5,24,화
2022-05-24,경부선,서울역,6444,1997,8441,4447,5,24,화
2022-05-24,경강선,여주,2712,2715,5427,-3,5,24,화
2022-05-24,경강선,세종대왕릉,377,364,741,13,5,24,화
2022-05-24,경강선,부발,2251,2266,4517,-15,5,24,화
2022-05-24,경강선,이천,2737,2883,5620,-146,5,24,화
2022-05-24,경강선,신둔도예촌,1784,1613,3397,171,5,24,화
2022-05-24,경강선,곤지암,2502,2527,5029,-25,5,24,화
2022-05-24,경강선,초월,3565,3361,6926,204,5,24,화
2022-05-24,경강선,경기광주,8745,8043,16788,702,5,24,화
2022-05-24,경강선,삼동,2739,2446,5185,293,5,24,화
2022-05-24,경강선,이매,1218,990,2208,228,5,24,화
2022-05-24,경강선,판교,5466,5437,10903,29,5,24,화
2022-05-24,9호선2~3단계,중앙보훈병원,12254,10881,23135,1373,5,24,화
2022-05-24,9호선2~3단계,둔촌오륜,1231,1164,2395,67,5,24,화
2022-05-24,9호선2~3단계,올림픽공원(한국체대),7204,7302,14506,-98,5,24,화
2022-05-24,9호선2~3단계,한성백제,2788,2453,5241,335,5,24,화
2022-05-24,9호선2~3단계,송파나루,5204,5537,10741,-333,5,24,화
2022-05-24,9호선2~3단계,석촌,9289,8096,17385,1193,5,24,화
2022-05-24,9호선2~3단계,석촌고분,6532,6394,12926,138,5,24,화
2022-05-24,9호선2~3단계,삼전,7506,7020,14526,486,5,24,화
2022-05-24,9호선2~3단계,종합운동장,4474,4503,8977,-29,5,24,화
2022-05-24,9호선2~3단계,봉은사,17794,18204,35998,-410,5,24,화
2022-05-24,9호선2~3단계,삼성중앙,7745,8300,16045,-555,5,24,화
2022-05-24,9호선2~3단계,선정릉,11026,11996,23022,-970,5,24,화
2022-05-24,9호선2~3단계,언주,11176,11627,22803,-451,5,24,화
2022-05-24,9호선,신논현,34466,34385,68851,81,5,24,화
2022-05-24,9호선,사평,4102,3849,7951,253,5,24,화
2022-05-24,9호선,고속터미널,13980,16568,30548,-2588,5,24,화
2022-05-24,9호선,신반포,3951,3896,7847,55,5,24,화
2022-05-24,9호선,구반포,1452,1547,2999,-95,5,24,화
2022-05-24,9호선,동작(현충원),2317,1926,4243,391,5,24,화
2022-05-24,9호선,흑석(중앙대입구),10027,10145,20172,-118,5,24,화
2022-05-24,9호선,노들,4886,4092,8978,794,5,24,화
2022-05-24,9호선,노량진,28064,26958,55022,1106,5,24,화
2022-05-24,9호선,샛강,6606,6925,13531,-319,5,24,화
2022-05-24,9호선,여의도,29897,29897,59794,0,5,24,화
2022-05-24,9호선,국회의사당,16786,17801,34587,-1015,5,24,화
2022-05-24,9호선,당산,19696,20186,39882,-490,5,24,화
2022-05-24,9호선,선유도,9620,9081,18701,539,5,24,화
2022-05-24,9호선,신목동,4830,4196,9026,634,5,24,화
2022-05-24,9호선,염창,18744,17916,36660,828,5,24,화
2022-05-24,9호선,등촌,12253,11583,23836,670,5,24,화
2022-05-24,9호선,증미,7993,7837,15830,156,5,24,화
2022-05-24,9호선,가양,22868,21899,44767,969,5,24,화
2022-05-24,9호선,양천향교,10643,10867,21510,-224,5,24,화
2022-05-24,9호선,마곡나루(서울식물원),13217,13172,26389,45,5,24,화
2022-05-24,9호선,신방화,7381,7125,14506,256,5,24,화
2022-05-24,9호선,공항시장,3182,3354,6536,-172,5,24,화
2022-05-24,9호선,김포공항,7450,10540,17990,-3090,5,24,화
2022-05-24,9호선,개화,2989,2072,5061,917,5,24,화
2022-05-24,8호선,남위례,5769,5936,11705,-167,5,24,화
2022-05-24,8호선,모란,6588,5171,11759,1417,5,24,화
2022-05-24,8호선,수진,5774,5387,11161,387,5,24,화
2022-05-24,8호선,신흥,4480,4713,9193,-233,5,24,화
2022-05-24,8호선,단대오거리,12485,11693,24178,792,5,24,화
2022-05-24,8호선,남한산성입구(성남법원.검찰청),16922,15638,32560,1284,5,24,화
2022-05-24,8호선,산성,6021,6008,12029,13,5,24,화
2022-05-24,8호선,복정,11125,9288,20413,1837,5,24,화
2022-05-24,8호선,장지,18591,17298,35889,1293,5,24,화
2022-05-24,8호선,문정,23448,25036,48484,-1588,5,24,화
2022-05-24,8호선,가락시장,8370,9293,17663,-923,5,24,화
2022-05-24,8호선,송파,9169,8852,18021,317,5,24,화
2022-05-24,8호선,석촌,8138,9271,17409,-1133,5,24,화
2022-05-24,8호선,잠실(송파구청),14165,17079,31244,-2914,5,24,화
2022-05-24,8호선,몽촌토성(평화의문),6720,6859,13579,-139,5,24,화
2022-05-24,8호선,강동구청,11251,11486,22737,-235,5,24,화
2022-05-24,8호선,천호(풍납토성),15433,17907,33340,-2474,5,24,화
2022-05-24,8호선,암사,20709,17837,38546,2872,5,24,화
2022-05-24,7호선,까치울,1,0,1,1,5,24,화
2022-05-24,7호선,온수(성공회대입구),12045,11302,23347,743,5,24,화
2022-05-24,7호선,천왕,12508,11999,24507,509,5,24,화
2022-05-24,7호선,광명사거리,23495,22825,46320,670,5,24,화
2022-05-24,7호선,철산,22880,23124,46004,-244,5,24,화
2022-05-24,7호선,가산디지털단지,48266,48605,96871,-339,5,24,화
2022-05-24,7호선,남구로,16942,18028,34970,-1086,5,24,화
2022-05-24,7호선,대림(구로구청),8195,8254,16449,-59,5,24,화
2022-05-24,7호선,신풍,12463,11781,24244,682,5,24,화
2022-05-24,7호선,보라매,11265,11270,22535,-5,5,24,화
2022-05-24,7호선,신대방삼거리,18264,17325,35589,939,5,24,화
2022-05-24,7호선,장승배기,9667,9417,19084,250,5,24,화
2022-05-24,7호선,상도,12569,12186,24755,383,5,24,화
2022-05-24,7호선,숭실대입구(살피재),16751,16821,33572,-70,5,24,화
2022-05-24,7호선,남성,12289,11261,23550,1028,5,24,화
2022-05-24,7호선,이수,16937,16198,33135,739,5,24,화
2022-05-24,7호선,내방,16257,16361,32618,-104,5,24,화
2022-05-24,7호선,고속터미널,16253,14305,30558,1948,5,24,화
2022-05-24,7호선,반포,6679,6305,12984,374,5,24,화
2022-05-24,7호선,논현,23435,24374,47809,-939,5,24,화
2022-05-24,7호선,학동,26662,27880,54542,-1218,5,24,화
2022-05-24,7호선,강남구청,17375,19386,36761,-2011,5,24,화
2022-05-24,7호선,청담,21498,23992,45490,-2494,5,24,화
2022-05-24,7호선,뚝섬유원지,10008,9732,19740,276,5,24,화
2022-05-24,7호선,건대입구,13583,14314,27897,-731,5,24,화
2022-05-24,7호선,어린이대공원(세종대),18336,18627,36963,-291,5,24,화
2022-05-24,7호선,군자(능동),15861,12723,28584,3138,5,24,화
2022-05-24,7호선,중곡,11908,10993,22901,915,5,24,화
2022-05-24,7호선,용마산(용마폭포공원),6578,6359,12937,219,5,24,화
2022-05-24,7호선,사가정,17302,17215,34517,87,5,24,화
2022-05-24,7호선,면목,17642,16945,34587,697,5,24,화
2022-05-24,7호선,상봉(시외버스터미널),17901,16591,34492,1310,5,24,화
2022-05-24,7호선,중화,11981,11512,23493,469,5,24,화
2022-05-24,7호선,먹골,11001,10439,21440,562,5,24,화
2022-05-24,7호선,태릉입구,11343,10785,22128,558,5,24,화
2022-05-24,7호선,공릉(서울과학기술대),13347,13339,26686,8,5,24,화
2022-05-24,7호선,하계,19293,18099,37392,1194,5,24,화
2022-05-24,7호선,중계,15981,14505,30486,1476,5,24,화
2022-05-24,7호선,노원,20509,21880,42389,-1371,5,24,화
2022-05-24,7호선,마들,13965,13033,26998,932,5,24,화
2022-05-24,7호선,수락산,13788,13465,27253,323,5,24,화
2022-05-24,7호선,도봉산,10693,12114,22807,-1421,5,24,화
2022-05-24,7호선,장암,2426,854,3280,1572,5,24,화
2022-05-24,6호선,봉화산(서울의료원),9631,8883,18514,748,5,24,화
2022-05-24,6호선,화랑대(서울여대입구),13813,10443,24256,3370,5,24,화
2022-05-24,6호선,태릉입구,7103,8308,15411,-1205,5,24,화
2022-05-24,6호선,석계,13732,14121,27853,-389,5,24,화
2022-05-24,6호선,돌곶이,10146,9308,19454,838,5,24,화
2022-05-24,6호선,상월곡(한국과학기술연구원),7043,6545,13588,498,5,24,화
2022-05-24,6호선,월곡(동덕여대),13479,12895,26374,584,5,24,화
2022-05-24,6호선,고려대(종암),10210,10066,20276,144,5,24,화
2022-05-24,6호선,안암(고대병원앞),16510,19473,35983,-2963,5,24,화
2022-05-24,6호선,보문,8047,7318,15365,729,5,24,화
2022-05-24,6호선,창신,4123,3380,7503,743,5,24,화
2022-05-24,6호선,동묘앞,8192,8483,16675,-291,5,24,화
2022-05-24,6호선,신당,8821,9343,18164,-522,5,24,화
2022-05-24,6호선,청구,3868,4130,7998,-262,5,24,화
2022-05-24,6호선,약수,3943,3906,7849,37,5,24,화
2022-05-24,6호선,버티고개,2497,2349,4846,148,5,24,화
2022-05-24,6호선,한강진,8625,9957,18582,-1332,5,24,화
2022-05-24,6호선,이태원,10395,10852,21247,-457,5,24,화
2022-05-24,6호선,녹사평(용산구청),5094,4942,10036,152,5,24,화
2022-05-24,6호선,삼각지,8037,7039,15076,998,5,24,화
2022-05-24,6호선,효창공원앞,7949,7223,15172,726,5,24,화
2022-05-24,6호선,공덕,20381,19703,40084,678,5,24,화
2022-05-24,6호선,대흥(서강대앞),9350,9374,18724,-24,5,24,화
2022-05-24,6호선,광흥창(서강),10220,9618,19838,602,5,24,화
2022-05-24,6호선,상수,8966,10372,19338,-1406,5,24,화
2022-05-24,6호선,합정,13517,13553,27070,-36,5,24,화
2022-05-24,6호선,망원,14258,15014,29272,-756,5,24,화
2022-05-24,6호선,마포구청,15639,13772,29411,1867,5,24,화
2022-05-24,6호선,월드컵경기장(성산),4715,5024,9739,-309,5,24,화
2022-05-24,6호선,디지털미디어시티,15580,17097,32677,-1517,5,24,화
2022-05-24,6호선,증산(명지대앞),10747,10722,21469,25,5,24,화
2022-05-24,6호선,새절(신사),14467,13309,27776,1158,5,24,화
2022-05-24,6호선,구산,8407,5867,14274,2540,5,24,화
2022-05-24,6호선,연신내,1,0,1,1,5,24,화
2022-05-24,6호선,독바위,2987,3093,6080,-106,5,24,화
2022-05-24,6호선,불광,4522,4707,9229,-185,5,24,화
2022-05-24,6호선,역촌,3923,4820,8743,-897,5,24,화
2022-05-24,6호선,응암,19075,18862,37937,213,5,24,화
2022-05-24,5호선,하남검단산,6312,5894,12206,418,5,24,화
2022-05-24,5호선,하남시청(덕풍·신장),7737,7465,15202,272,5,24,화
2022-05-24,5호선,하남풍산,4696,4506,9202,190,5,24,화
2022-05-24,5호선,미사,17287,17224,34511,63,5,24,화
2022-05-24,5호선,강일,4810,4531,9341,279,5,24,화
2022-05-24,5호선,마천,8045,7450,15495,595,5,24,화
2022-05-24,5호선,거여,11502,10824,22326,678,5,24,화
2022-05-24,5호선,개롱,7011,7158,14169,-147,5,24,화
2022-05-24,5호선,오금,4258,4338,8596,-80,5,24,화
2022-05-24,5호선,방이,7701,7982,15683,-281,5,24,화
2022-05-24,5호선,올림픽공원(한국체대),5109,4446,9555,663,5,24,화
2022-05-24,5호선,둔촌동,8870,8757,17627,113,5,24,화
2022-05-24,5호선,상일동,16752,15498,32250,1254,5,24,화
2022-05-24,5호선,고덕,10609,10477,21086,132,5,24,화
2022-05-24,5호선,명일,9526,9696,19222,-170,5,24,화
2022-05-24,5호선,굽은다리(강동구민회관앞),10211,9553,19764,658,5,24,화
2022-05-24,5호선,길동,8543,8892,17435,-349,5,24,화
2022-05-24,5호선,강동,19861,18867,38728,994,5,24,화
2022-05-24,5호선,천호(풍납토성),19135,19128,38263,7,5,24,화
2022-05-24,5호선,광나루(장신대),15030,13696,28726,1334,5,24,화
2022-05-24,5호선,아차산(어린이대공원후문),16158,15449,31607,709,5,24,화
2022-05-24,5호선,군자(능동),12053,13167,25220,-1114,5,24,화
2022-05-24,5호선,장한평,19333,19048,38381,285,5,24,화
2022-05-24,5호선,답십리,17115,15526,32641,1589,5,24,화
2022-05-24,5호선,마장,6395,6037,12432,358,5,24,화
2022-05-24,5호선,왕십리(성동구청),4800,5648,10448,-848,5,24,화
2022-05-24,5호선,행당,8824,7740,16564,1084,5,24,화
2022-05-24,5호선,신금호,7306,7580,14886,-274,5,24,화
2022-05-24,5호선,청구,4531,3978,8509,553,5,24,화
2022-05-24,5호선,동대문역사문화공원(DDP),3178,3611,6789,-433,5,24,화
2022-05-24,5호선,을지로4가,6800,6843,13643,-43,5,24,화
2022-05-24,5호선,종로3가,13421,13070,26491,351,5,24,화
2022-05-24,5호선,광화문(세종문화회관),33149,35305,68454,-2156,5,24,화
2022-05-24,5호선,서대문,22075,22658,44733,-583,5,24,화
2022-05-24,5호선,충정로(경기대입구),5209,5348,10557,-139,5,24,화
2022-05-24,5호선,애오개,7418,7265,14683,153,5,24,화
2022-05-24,5호선,공덕,15393,16331,31724,-938,5,24,화
2022-05-24,5호선,마포,15578,15873,31451,-295,5,24,화
2022-05-24,5호선,여의나루,13055,14084,27139,-1029,5,24,화
2022-05-24,5호선,여의도,30442,33025,63467,-2583,5,24,화
2022-05-24,5호선,신길,4554,4728,9282,-174,5,24,화
2022-05-24,5호선,영등포시장,10859,11157,22016,-298,5,24,화
2022-05-24,5호선,영등포구청,4366,4544,8910,-178,5,24,화
2022-05-24,5호선,양평,7907,7894,15801,13,5,24,화
2022-05-24,5호선,오목교(목동운동장앞),23078,24542,47620,-1464,5,24,화
2022-05-24,5호선,목동,18415,19366,37781,-951,5,24,화
2022-05-24,5호선,신정(은행정),15144,12240,27384,2904,5,24,화
2022-05-24,5호선,까치산,31287,29426,60713,1861,5,24,화
2022-05-24,5호선,화곡,30587,28278,58865,2309,5,24,화
2022-05-24,5호선,우장산,16137,15608,31745,529,5,24,화
2022-05-24,5호선,발산,22417,23120,45537,-703,5,24,화
2022-05-24,5호선,마곡,11644,11691,23335,-47,5,24,화
2022-05-24,5호선,김포공항,7442,7493,14935,-51,5,24,화
2022-05-24,5호선,개화산,6055,5812,11867,243,5,24,화
2022-05-24,5호선,방화,7457,7041,14498,416,5,24,화
2022-05-24,4호선,남태령,1466,1604,3070,-138,5,24,화
2022-05-24,4호선,사당,27850,23695,51545,4155,5,24,화
2022-05-24,4호선,총신대입구(이수),20600,22192,42792,-1592,5,24,화
2022-05-24,4호선,동작(현충원),1861,2113,3974,-252,5,24,화
2022-05-24,4호선,이촌(국립중앙박물관),8999,9932,18931,-933,5,24,화
2022-05-24,4호선,신용산,17854,19021,36875,-1167,5,24,화
2022-05-24,4호선,삼각지,5764,6440,12204,-676,5,24,화
2022-05-24,4호선,숙대입구(갈월),15439,14925,30364,514,5,24,화
2022-05-24,4호선,서울역,12490,18228,30718,-5738,5,24,화
2022-05-24,4호선,회현(남대문시장),27576,29336,56912,-1760,5,24,화
2022-05-24,4호선,명동,22045,22835,44880,-790,5,24,화
2022-05-24,4호선,충무로,30427,31659,62086,-1232,5,24,화
2022-05-24,4호선,동대문역사문화공원(DDP),15185,13845,29030,1340,5,24,화
2022-05-24,4호선,동대문,21134,21505,42639,-371,5,24,화
2022-05-24,4호선,혜화,34649,34973,69622,-324,5,24,화
2022-05-24,4호선,한성대입구(삼선교),16109,15570,31679,539,5,24,화
2022-05-24,4호선,성신여대입구(돈암),22264,21208,43472,1056,5,24,화
2022-05-24,4호선,길음,24288,23960,48248,328,5,24,화
2022-05-24,4호선,미아사거리,29153,28093,57246,1060,5,24,화
2022-05-24,4호선,미아(서울사이버대학),16368,15839,32207,529,5,24,화
2022-05-24,4호선,수유(강북구청),35988,35628,71616,360,5,24,화
2022-05-24,4호선,쌍문,30881,28392,59273,2489,5,24,화
2022-05-24,4호선,창동,27461,28881,56342,-1420,5,24,화
2022-05-24,4호선,노원,19977,22448,42425,-2471,5,24,화
2022-05-24,4호선,상계,20902,19024,39926,1878,5,24,화
2022-05-24,4호선,당고개,9667,8593,18260,1074,5,24,화
2022-05-24,3호선,오금,6902,6048,12950,854,5,24,화
2022-05-24,3호선,경찰병원,7793,7567,15360,226,5,24,화
2022-05-24,3호선,가락시장,9740,9728,19468,12,5,24,화
2022-05-24,3호선,수서,17521,17455,34976,66,5,24,화
2022-05-24,3호선,일원,11566,10772,22338,794,5,24,화
2022-05-24,3호선,대청,10782,9543,20325,1239,5,24,화
2022-05-24,3호선,학여울,2088,2102,4190,-14,5,24,화
2022-05-24,3호선,대치,11711,11637,23348,74,5,24,화
2022-05-24,3호선,도곡,5901,6591,12492,-690,5,24,화
2022-05-24,3호선,매봉,11795,12582,24377,-787,5,24,화
2022-05-24,3호선,양재(서초구청),38941,47834,86775,-8893,5,24,화
2022-05-24,3호선,남부터미널(예술의전당),30788,33133,63921,-2345,5,24,화
2022-05-24,3호선,교대(법원.검찰청),16676,11725,28401,4951,5,24,화
2022-05-24,3호선,고속터미널,41685,40364,82049,1321,5,24,화
2022-05-24,3호선,잠원,5342,4829,10171,513,5,24,화
2022-05-24,3호선,신사,31721,34843,66564,-3122,5,24,화
2022-05-24,3호선,압구정,33411,41963,75374,-8552,5,24,화
2022-05-24,3호선,옥수,9920,9901,19821,19,5,24,화
2022-05-24,3호선,금호,8505,7735,16240,770,5,24,화
2022-05-24,3호선,약수,14017,13964,27981,53,5,24,화
2022-05-24,3호선,동대입구,9682,11125,20807,-1443,5,24,화
2022-05-24,3호선,을지로3가,11288,12001,23289,-713,5,24,화
2022-05-24,3호선,종로3가,10422,12219,22641,-1797,5,24,화
2022-05-24,3호선,안국,24496,25460,49956,-964,5,24,화
2022-05-24,3호선,경복궁(정부서울청사),28502,29733,58235,-1231,5,24,화
2022-05-24,3호선,독립문,7635,8258,15893,-623,5,24,화
2022-05-24,3호선,무악재,4304,4350,8654,-46,5,24,화
2022-05-24,3호선,홍제,19469,17781,37250,1688,5,24,화
2022-05-24,3호선,녹번,17073,14534,31607,2539,5,24,화
2022-05-24,3호선,불광,17668,18151,35819,-483,5,24,화
2022-05-24,3호선,연신내,38428,35786,74214,2642,5,24,화
2022-05-24,3호선,구파발,22524,21268,43792,1256,5,24,화
2022-05-24,3호선,지축,5677,5273,10950,404,5,24,화
2022-05-24,2호선,용두(동대문구청),2415,2434,4849,-19,5,24,화
2022-05-24,2호선,신정네거리,11247,11482,22729,-235,5,24,화
2022-05-24,2호선,양천구청,7585,7702,15287,-117,5,24,화
2022-05-24,2호선,도림천,1501,1536,3037,-35,5,24,화
2022-05-24,2호선,신설동,3297,3349,6646,-52,5,24,화
2022-05-24,2호선,신답,1831,2049,3880,-218,5,24,화
2022-05-24,2호선,용답,3278,3414,6692,-136,5,24,화
2022-05-24,2호선,충정로(경기대입구),10774,11416,22190,-642,5,24,화
2022-05-24,2호선,아현,11570,10909,22479,661,5,24,화
2022-05-24,2호선,이대,15191,16276,31467,-1085,5,24,화
2022-05-24,2호선,신촌,35271,35938,71209,-667,5,24,화
2022-05-24,2호선,홍대입구,54959,58375,113334,-3416,5,24,화
2022-05-24,2호선,합정,31789,33745,65534,-1956,5,24,화
2022-05-24,2호선,당산,20652,24139,44791,-3487,5,24,화
2022-05-24,2호선,영등포구청,23609,24742,48351,-1133,5,24,화
2022-05-24,2호선,문래,23802,24507,48309,-705,5,24,화
2022-05-24,2호선,신도림,50417,50377,100794,40,5,24,화
2022-05-24,2호선,대림(구로구청),25598,25866,51464,-268,5,24,화
2022-05-24,2호선,구로디지털단지,63395,63538,126933,-143,5,24,화
2022-05-24,2호선,신대방,28518,27628,56146,890,5,24,화
2022-05-24,2호선,신림,67076,64397,131473,2679,5,24,화
2022-05-24,2호선,봉천,25560,23264,48824,2296,5,24,화
2022-05-24,2호선,서울대입구(관악구청),51004,49884,100888,1120,5,24,화
2022-05-24,2호선,낙성대(강감찬),29163,28403,57566,760,5,24,화
2022-05-24,2호선,사당,41132,44853,85985,-3721,5,24,화
2022-05-24,2호선,방배,21419,22001,43420,-582,5,24,화
2022-05-24,2호선,서초,23794,23225,47019,569,5,24,화
2022-05-24,2호선,교대(법원.검찰청),39186,44219,83405,-5033,5,24,화
2022-05-24,2호선,강남,89918,88877,178795,1041,5,24,화
2022-05-24,2호선,역삼,57072,65083,122155,-8011,5,24,화
2022-05-24,2호선,선릉,62527,55704,118231,6823,5,24,화
2022-05-24,2호선,삼성(무역센터),55422,56850,112272,-1428,5,24,화
2022-05-24,2호선,종합운동장,10749,11966,22715,-1217,5,24,화
2022-05-24,2호선,잠실새내,22513,22148,44661,365,5,24,화
2022-05-24,2호선,잠실(송파구청),70621,70909,141530,-288,5,24,화
2022-05-24,2호선,잠실나루,16520,15971,32491,549,5,24,화
2022-05-24,2호선,강변(동서울터미널),31262,29429,60691,1833,5,24,화
2022-05-24,2호선,구의(광진구청),24969,24215,49184,754,5,24,화
2022-05-24,2호선,건대입구,36624,39147,75771,-2523,5,24,화
2022-05-24,2호선,성수,38724,42731,81455,-4007,5,24,화
2022-05-24,2호선,뚝섬,23142,25186,48328,-2044,5,24,화
2022-05-24,2호선,한양대,15930,17706,33636,-1776,5,24,화
2022-05-24,2호선,왕십리(성동구청),17686,14006,31692,3680,5,24,화
2022-05-24,2호선,상왕십리,15267,14630,29897,637,5,24,화
2022-05-24,2호선,신당,14606,14927,29533,-321,5,24,화
2022-05-24,2호선,동대문역사문화공원(DDP),12387,13891,26278,-1504,5,24,화
2022-05-24,2호선,을지로4가,13923,13957,27880,-34,5,24,화
2022-05-24,2호선,을지로3가,24343,24516,48859,-173,5,24,화
2022-05-24,2호선,을지로입구,42259,44679,86938,-2420,5,24,화
2022-05-24,2호선,시청,26145,25881,52026,264,5,24,화
2022-05-24,1호선,동묘앞,8329,8715,17044,-386,5,24,화
2022-05-24,1호선,청량리(서울시립대입구),21197,20992,42189,205,5,24,화
2022-05-24,1호선,제기동,17700,17913,35613,-213,5,24,화
2022-05-24,1호선,신설동,14636,14239,28875,397,5,24,화
2022-05-24,1호선,동대문,11327,10764,22091,563,5,24,화
2022-05-24,1호선,종로5가,24565,24367,48932,198,5,24,화
2022-05-24,1호선,종로3가,26818,24481,51299,2337,5,24,화
2022-05-24,1호선,종각,37742,37357,75099,385,5,24,화
2022-05-24,1호선,시청,25702,26158,51860,-456,5,24,화
2022-05-24,1호선,서울역,47761,45919,93680,1842,5,24,화
2022-05-24,5호선,송정,6867,6475,13342,392,5,24,화
2022-05-24,수인선,신포,2058,2100,4158,-42,5,24,화
2022-05-24,수인선,인천,1137,1836,2973,-699,5,24,화
2022-05-24,안산선,산본,17417,18611,36028,-1194,5,24,화
2022-05-24,안산선,대야미,5626,5037,10663,589,5,24,화
2022-05-24,안산선,반월,4699,4579,9278,120,5,24,화
2022-05-24,안산선,상록수,18255,18351,36606,-96,5,24,화
2022-05-24,안산선,한대앞,11469,11661,23130,-192,5,24,화
2022-05-24,안산선,중앙,19862,20844,40706,-982,5,24,화
2022-05-24,안산선,고잔,10146,9481,19627,665,5,24,화
2022-05-24,안산선,초지,5627,6092,11719,-465,5,24,화
2022-05-24,안산선,안산,12495,11288,23783,1207,5,24,화
2022-05-24,안산선,신길온천,2049,1898,3947,151,5,24,화
2022-05-24,안산선,정왕,11230,11530,22760,-300,5,24,화
2022-05-24,안산선,오이도,9619,9343,18962,276,5,24,화
2022-05-24,안산선,수리산,4627,3837,8464,790,5,24,화
2022-05-24,우이신설선,북한산우이,3028,2697,5725,331,5,24,화
2022-05-24,우이신설선,솔밭공원,2766,2641,5407,125,5,24,화
2022-05-24,우이신설선,4.19민주묘지,3832,3545,7377,287,5,24,화
2022-05-24,우이신설선,가오리,4500,4366,8866,134,5,24,화
2022-05-24,우이신설선,화계,3773,3439,7212,334,5,24,화
2022-05-24,중앙선,지평,77,90,167,-13,5,24,화
2022-05-24,중앙선,용문,2080,2055,4135,25,5,24,화
2022-05-24,중앙선,원덕,432,401,833,31,5,24,화
2022-05-24,중앙선,양평,3016,3043,6059,-27,5,24,화
2022-05-24,중앙선,오빈,353,375,728,-22,5,24,화
2022-05-24,중앙선,아신,600,585,1185,15,5,24,화
2022-05-24,중앙선,국수,865,851,1716,14,5,24,화
2022-05-24,중앙선,신원,260,202,462,58,5,24,화
2022-05-24,중앙선,양수,2198,2148,4346,50,5,24,화
2022-05-24,중앙선,운길산,955,910,1865,45,5,24,화
2022-05-24,중앙선,팔당,918,1013,1931,-95,5,24,화
2022-05-24,중앙선,도심,2782,2126,4908,656,5,24,화
2022-05-24,중앙선,덕소,6103,6102,12205,1,5,24,화
2022-05-24,중앙선,양정,830,693,1523,137,5,24,화
2022-05-24,중앙선,도농,12308,11004,23312,1304,5,24,화
2022-05-24,중앙선,구리,14831,14764,29595,67,5,24,화
2022-05-24,중앙선,양원,3376,3181,6557,195,5,24,화
2022-05-24,중앙선,망우,8218,8110,16328,108,5,24,화
2022-05-24,중앙선,상봉(시외버스터미널),6152,6284,12436,-132,5,24,화
2022-05-24,중앙선,중랑,6264,5826,12090,438,5,24,화
2022-05-24,중앙선,회기,28734,28902,57636,-168,5,24,화
2022-05-24,장항선,신창(순천향대),3071,3007,6078,64,5,24,화
2022-05-24,장항선,온양온천,5253,5345,10598,-92,5,24,화
2022-05-24,장항선,배방,1356,1317,2673,39,5,24,화
2022-05-24,장항선,탕정,1013,889,1902,124,5,24,화
2022-05-24,장항선,아산,4204,3508,7712,696,5,24,화
2022-05-24,장항선,쌍용(나사렛대),3519,3272,6791,247,5,24,화
2022-05-24,장항선,봉명,1457,1457,2914,0,5,24,화
2022-05-24,일산선,대화,14779,11051,25830,3728,5,24,화
2022-05-24,일산선,주엽,10109,9491,19600,618,5,24,화
2022-05-24,일산선,정발산,7631,7584,15215,47,5,24,화
2022-05-24,일산선,마두,8091,7955,16046,136,5,24,화
2022-05-24,일산선,백석,10712,11386,22098,-674,5,24,화
2022-05-24,일산선,대곡,2605,2114,4719,491,5,24,화
2022-05-24,일산선,화정,18351,18593,36944,-242,5,24,화
2022-05-24,일산선,원당,12395,11488,23883,907,5,24,화
2022-05-24,일산선,삼송,21651,20775,42426,876,5,24,화
2022-05-24,일산선,원흥,12245,11203,23448,1042,5,24,화
2022-05-24,우이신설선,신설동,2388,2257,4645,131,5,24,화
2022-05-24,우이신설선,보문,1627,1693,3320,-66,5,24,화
2022-05-24,우이신설선,성신여대입구(돈암),3620,4104,7724,-484,5,24,화
2022-05-24,우이신설선,정릉,5270,4690,9960,580,5,24,화
2022-05-24,우이신설선,북한산보국문,6717,6261,12978,456,5,24,화
2022-05-24,우이신설선,솔샘,6499,5965,12464,534,5,24,화
2022-05-24,우이신설선,삼양사거리,2676,2613,5289,63,5,24,화
2022-05-24,우이신설선,삼양,2142,2248,4390,-106,5,24,화
2022-05-24,수인선,숭의,4445,4129,8574,316,5,24,화
2022-05-24,수인선,인하대,8271,7928,16199,343,5,24,화
2022-05-24,수인선,송도,2718,2530,5248,188,5,24,화
2022-05-24,수인선,연수,5073,4948,10021,125,5,24,화
2022-05-24,수인선,원인재,4869,5071,9940,-202,5,24,화
2022-05-24,수인선,남동인더스파크,2435,2681,5116,-246,5,24,화
2022-05-24,수인선,호구포,4449,4685,9134,-236,5,24,화
2022-05-24,수인선,인천논현,6030,6464,12494,-434,5,24,화
2022-05-24,수인선,소래포구,6794,6206,13000,588,5,24,화
2022-05-24,수인선,월곶,3139,2906,6045,233,5,24,화
2022-05-24,수인선,달월,127,85,212,42,5,24,화
2022-05-24,수인선,사리,5600,4981,10581,619,5,24,화
2022-05-24,수인선,야목,453,304,757,149,5,24,화
2022-05-24,수인선,어천,828,863,1691,-35,5,24,화
2022-05-24,수인선,오목천,4674,4026,8700,648,5,24,화
2022-05-24,수인선,고색,5465,5226,10691,239,5,24,화
2022-05-24,분당선,매교,3434,3495,6929,-61,5,24,화
2022-05-24,분당선,수원시청,13520,14526,28046,-1006,5,24,화
2022-05-24,분당선,매탄권선,5983,5673,11656,310,5,24,화
2022-05-24,분당선,망포,16091,15138,31229,953,5,24,화
2022-05-24,분당선,영통,9315,9911,19226,-596,5,24,화
2022-05-24,분당선,청명,4817,4706,9523,111,5,24,화
2022-05-24,분당선,상갈,6262,5991,12253,271,5,24,화
2022-05-24,분당선,기흥,11556,10939,22495,617,5,24,화
2022-05-24,분당선,신갈,5118,5145,10263,-27,5,24,화
2022-05-24,분당선,구성,5701,5964,11665,-263,5,24,화
2022-05-24,분당선,죽전,16014,17416,33430,-1402,5,24,화
2022-05-24,분당선,보정,2950,2584,5534,366,5,24,화
2022-05-24,분당선,이매,6533,6065,12598,468,5,24,화
2022-05-24,분당선,오리,12943,10422,23365,2521,5,24,화
2022-05-24,분당선,미금,17025,18382,35407,-1357,5,24,화
2022-05-24,분당선,정자,19495,20584,40079,-1089,5,24,화
2022-05-24,분당선,수내,15165,15011,30176,154,5,24,화
2022-05-24,분당선,서현,25796,26480,52276,-684,5,24,화
2022-05-24,분당선,야탑,28536,29772,58308,-1236,5,24,화
2022-05-24,분당선,모란,27545,28391,55936,-846,5,24,화
2022-05-24,분당선,태평,14727,14193,28920,534,5,24,화
2022-05-24,분당선,가천대,14003,14930,28933,-927,5,24,화
2022-05-24,분당선,선정릉,8769,9550,18319,-781,5,24,화
2022-05-24,분당선,강남구청,11360,13049,24409,-1689,5,24,화
2022-05-24,분당선,압구정로데오,20459,22130,42589,-1671,5,24,화
2022-05-24,분당선,서울숲,12777,12950,25727,-173,5,24,화
2022-05-24,분당선,수원,8716,7335,16051,1381,5,24,화
2022-05-24,분당선,수서,15636,16277,31913,-641,5,24,화
2022-05-24,분당선,대모산입구,5495,5188,10683,307,5,24,화
2022-05-24,분당선,개포동,4423,4485,8908,-62,5,24,화
2022-05-24,분당선,구룡,2984,2826,5810,158,5,24,화
2022-05-24,분당선,도곡,8896,8081,16977,815,5,24,화
2022-05-24,분당선,한티,15712,16687,32399,-975,5,24,화
2022-05-24,분당선,선릉,14956,23089,38045,-8133,5,24,화
2022-05-24,과천선,범계,28860,28500,57360,360,5,24,화
2022-05-24,과천선,평촌,19828,19449,39277,379,5,24,화
2022-05-24,과천선,인덕원,27163,27757,54920,-594,5,24,화
2022-05-24,과천선,정부과천청사,11816,11709,23525,107,5,24,화
2022-05-24,과천선,과천,7127,6495,13622,632,5,24,화
2022-05-24,과천선,대공원,5872,5947,11819,-75,5,24,화
2022-05-24,과천선,경마공원,1845,1751,3596,94,5,24,화
2022-05-24,과천선,선바위,9469,8818,18287,651,5,24,화
2022-05-24,공항철도 1호선,영종,3470,3465,6935,5,5,24,화
2022-05-24,공항철도 1호선,인천공항2터미널,2930,2846,5776,84,5,24,화
2022-05-24,공항철도 1호선,인천공항1터미널,5786,5725,11511,61,5,24,화
2022-05-24,공항철도 1호선,공항화물청사,2466,2724,5190,-258,5,24,화
2022-05-24,공항철도 1호선,운서,7698,7703,15401,-5,5,24,화
2022-05-24,공항철도 1호선,청라국제도시,7921,7408,15329,513,5,24,화
2022-05-24,공항철도 1호선,검암,7403,7189,14592,214,5,24,화
2022-05-24,공항철도 1호선,계양,12081,11304,23385,777,5,24,화
2022-05-24,공항철도 1호선,김포공항,12249,7390,19639,4859,5,24,화
2022-05-24,공항철도 1호선,마곡나루(서울식물원),10916,10627,21543,289,5,24,화
2022-05-24,공항철도 1호선,디지털미디어시티,15793,14852,30645,941,5,24,화
2022-05-24,공항철도 1호선,홍대입구,9951,10152,20103,-201,5,24,화
2022-05-24,공항철도 1호선,공덕,2582,3297,5879,-715,5,24,화
2022-05-24,공항철도 1호선,서울역,8699,7895,16594,804,5,24,화
2022-05-24,경춘선,춘천,1982,1806,3788,176,5,24,화
2022-05-24,경춘선,남춘천,2698,2797,5495,-99,5,24,화
2022-05-24,경춘선,김유정,401,402,803,-1,5,24,화
2022-05-24,경춘선,강촌,397,412,809,-15,5,24,화
2022-05-24,경춘선,백양리,109,90,199,19,5,24,화
2022-05-24,경춘선,굴봉산,150,142,292,8,5,24,화
2022-05-24,경춘선,가평,1721,1735,3456,-14,5,24,화
2022-05-24,경춘선,상천,380,378,758,2,5,24,화
2022-05-24,경춘선,청평,1804,1741,3545,63,5,24,화
2022-05-24,경춘선,대성리,589,573,1162,16,5,24,화
2022-05-24,경춘선,마석,4413,4342,8755,71,5,24,화
2022-05-24,경춘선,천마산,1996,1821,3817,175,5,24,화
2022-05-24,경춘선,평내호평,7111,7023,14134,88,5,24,화
2022-05-24,경춘선,금곡,1747,1667,3414,80,5,24,화
2022-05-24,경춘선,사릉,2793,2677,5470,116,5,24,화
2022-05-24,경춘선,퇴계원,3941,3523,7464,418,5,24,화
2022-05-24,경춘선,별내,3546,3323,6869,223,5,24,화
2022-05-24,경춘선,갈매,3401,2884,6285,517,5,24,화
2022-05-24,경춘선,신내,2523,2347,4870,176,5,24,화
2022-05-24,경인선,도화,4724,4275,8999,449,5,24,화
2022-05-24,경인선,중동,10605,9874,20479,731,5,24,화
2022-05-24,경인선,온수(성공회대입구),7979,7608,15587,371,5,24,화
2022-05-24,경인선,도원,4050,3910,7960,140,5,24,화
2022-05-24,경인선,간석,6533,6168,12701,365,5,24,화
2022-05-24,경인선,부개,9753,8900,18653,853,5,24,화
2022-05-24,경인선,소사,10107,9753,19860,354,5,24,화
2022-05-24,경인선,구일,8107,7814,15921,293,5,24,화
2022-05-24,경인선,인천,3939,3089,7028,850,5,24,화
2022-05-24,경인선,동인천,14695,13944,28639,751,5,24,화
2022-05-24,경인선,제물포,12385,11801,24186,584,5,24,화
2022-05-24,경인선,주안,21420,19533,40953,1887,5,24,화
2022-05-24,경인선,동암,15900,15917,31817,-17,5,24,화
2022-05-24,경인선,백운,7675,7544,15219,131,5,24,화
2022-05-24,경인선,부평,29750,31791,61541,-2041,5,24,화
2022-05-24,경인선,송내,30634,30556,61190,78,5,24,화
2022-05-24,경인선,부천,34749,34602,69351,147,5,24,화
2022-05-24,경인선,역곡,31522,30835,62357,687,5,24,화
2022-05-24,경인선,오류동,12883,11837,24720,1046,5,24,화
2022-05-24,경인선,개봉,23461,22783,46244,678,5,24,화
2022-05-24,경의선,계양,1,0,1,1,5,24,화
2022-05-24,경의선,임진강,21,25,46,-4,5,24,화
2022-05-24,경의선,문산,5905,5919,11824,-14,5,24,화
2022-05-24,경의선,파주,1755,1236,2991,519,5,24,화
2022-05-24,경의선,월롱,3347,3219,6566,128,5,24,화
2022-05-24,경의선,금촌,6906,6727,13633,179,5,24,화
2022-05-24,경의선,금릉,5481,5189,10670,292,5,24,화
2022-05-24,경의선,운정,7856,7133,14989,723,5,24,화
2022-05-24,경의선,야당,8505,8473,16978,32,5,24,화
2022-05-24,경의선,탄현,8781,8297,17078,484,5,24,화
2022-05-24,경의선,일산,10729,10501,21230,228,5,24,화
2022-05-24,경의선,풍산,6146,5776,11922,370,5,24,화
2022-05-24,경의선,백마,7839,7563,15402,276,5,24,화
2022-05-24,경의선,곡산,703,752,1455,-49,5,24,화
2022-05-24,경의선,능곡,4386,3911,8297,475,5,24,화
2022-05-24,경의선,행신,8815,9058,17873,-243,5,24,화
2022-05-24,경의선,강매,3752,3170,6922,582,5,24,화
2022-05-24,경의선,화전,3908,3689,7597,219,5,24,화
2022-05-24,경의선,수색,3131,3330,6461,-199,5,24,화
2022-05-24,경의선,디지털미디어시티,3002,2778,5780,224,5,24,화
2022-05-24,경의선,가좌,6302,5891,12193,411,5,24,화
2022-05-24,경의선,홍대입구,1942,2039,3981,-97,5,24,화
2022-05-24,경의선,서강대,2364,2372,4736,-8,5,24,화
2022-05-24,경의선,공덕,3818,3445,7263,373,5,24,화
2022-05-24,경의선,효창공원앞,3447,3802,7249,-355,5,24,화
2022-05-24,경의선,신촌,966,1306,2272,-340,5,24,화
2022-05-24,경의선,서울역,5032,6617,11649,-1585,5,24,화
2022-05-24,경원선,소요산,2940,2545,5485,395,5,24,화
2022-05-24,경원선,보산,1731,1568,3299,163,5,24,화
2022-05-25,9호선2~3단계,종합운동장,4585,4615,9200,-30,5,25,수
2022-05-25,우이신설선,보문,1724,1757,3481,-33,5,25,수
2022-05-25,우이신설선,신설동,2337,2312,4649,25,5,25,수
2022-05-25,일산선,원흥,12394,11679,24073,715,5,25,수
2022-05-25,일산선,삼송,21744,20897,42641,847,5,25,수
2022-05-25,일산선,원당,12517,11725,24242,792,5,25,수
2022-05-25,일산선,화정,18546,18955,37501,-409,5,25,수
2022-05-25,일산선,대곡,2511,1996,4507,515,5,25,수
2022-05-25,일산선,백석,10773,10675,21448,98,5,25,수
2022-05-25,일산선,마두,8419,8592,17011,-173,5,25,수
2022-05-25,일산선,정발산,7883,8000,15883,-117,5,25,수
2022-05-25,일산선,주엽,10229,10133,20362,96,5,25,수
2022-05-25,일산선,대화,14766,11655,26421,3111,5,25,수
2022-05-25,장항선,봉명,1472,1462,2934,10,5,25,수
2022-05-25,안산선,안산,12311,11102,23413,1209,5,25,수
2022-05-25,안산선,신길온천,2024,1798,3822,226,5,25,수
2022-05-25,안산선,정왕,10839,11219,22058,-380,5,25,수
2022-05-25,안산선,오이도,9377,9168,18545,209,5,25,수
2022-05-25,안산선,수리산,4676,3908,8584,768,5,25,수
2022-05-25,우이신설선,북한산우이,3016,2718,5734,298,5,25,수
2022-05-25,우이신설선,솔밭공원,2695,2584,5279,111,5,25,수
2022-05-25,우이신설선,4.19민주묘지,4219,4016,8235,203,5,25,수
2022-05-25,우이신설선,가오리,4670,4605,9275,65,5,25,수
2022-05-25,우이신설선,화계,3731,3407,7138,324,5,25,수
2022-05-25,우이신설선,삼양,2106,2196,4302,-90,5,25,수
2022-05-25,우이신설선,삼양사거리,2699,2717,5416,-18,5,25,수
2022-05-25,수인선,원인재,4896,5097,9993,-201,5,25,수
2022-05-25,수인선,남동인더스파크,2376,2706,5082,-330,5,25,수
2022-05-25,수인선,호구포,4484,4704,9188,-220,5,25,수
2022-05-25,수인선,인천논현,6192,6685,12877,-493,5,25,수
2022-05-25,수인선,소래포구,6554,6046,12600,508,5,25,수
2022-05-25,수인선,월곶,3368,3157,6525,211,5,25,수
2022-05-25,수인선,달월,114,75,189,39,5,25,수
2022-05-25,수인선,사리,5605,4863,10468,742,5,25,수
2022-05-25,수인선,야목,463,348,811,115,5,25,수
2022-05-25,수인선,어천,849,921,1770,-72,5,25,수
2022-05-25,수인선,오목천,4670,4165,8835,505,5,25,수
2022-05-25,수인선,고색,5478,5250,10728,228,5,25,수
2022-05-25,분당선,매교,3467,3503,6970,-36,5,25,수
2022-05-25,분당선,수원시청,13967,14869,28836,-902,5,25,수
2022-05-25,분당선,매탄권선,5871,5725,11596,146,5,25,수
2022-05-25,분당선,망포,16196,15265,31461,931,5,25,수
2022-05-25,분당선,영통,9379,9818,19197,-439,5,25,수
2022-05-25,분당선,청명,4843,4717,9560,126,5,25,수
2022-05-25,분당선,상갈,6293,5984,12277,309,5,25,수
2022-05-25,분당선,기흥,11648,10886,22534,762,5,25,수
2022-05-25,분당선,신갈,5043,4989,10032,54,5,25,수
2022-05-25,분당선,구성,5684,5918,11602,-234,5,25,수
2022-05-25,분당선,죽전,15705,17265,32970,-1560,5,25,수
2022-05-25,분당선,보정,3000,2619,5619,381,5,25,수
2022-05-25,분당선,이매,6446,6144,12590,302,5,25,수
2022-05-25,분당선,오리,13056,10742,23798,2314,5,25,수
2022-05-25,분당선,미금,17337,18477,35814,-1140,5,25,수
2022-05-25,분당선,정자,19453,20485,39938,-1032,5,25,수
2022-05-25,분당선,수내,14817,14960,29777,-143,5,25,수
2022-05-25,분당선,서현,25946,26505,52451,-559,5,25,수
2022-05-25,분당선,야탑,29022,30377,59399,-1355,5,25,수
2022-05-25,분당선,모란,21712,21934,43646,-222,5,25,수
2022-05-25,분당선,태평,14448,13776,28224,672,5,25,수
2022-05-25,분당선,가천대,13333,14063,27396,-730,5,25,수
2022-05-25,분당선,선정릉,9028,9642,18670,-614,5,25,수
2022-05-25,분당선,강남구청,11524,13036,24560,-1512,5,25,수
2022-05-25,분당선,압구정로데오,19864,21873,41737,-2009,5,25,수
2022-05-25,분당선,서울숲,12997,13503,26500,-506,5,25,수
2022-05-25,분당선,수원,8938,7460,16398,1478,5,25,수
2022-05-25,분당선,수서,14770,15067,29837,-297,5,25,수
2022-05-25,분당선,대모산입구,5112,4786,9898,326,5,25,수
2022-05-25,분당선,개포동,4518,4212,8730,306,5,25,수
2022-05-25,분당선,구룡,2831,2581,5412,250,5,25,수
2022-05-25,분당선,도곡,7931,7748,15679,183,5,25,수
2022-05-25,분당선,한티,15971,17025,32996,-1054,5,25,수
2022-05-25,분당선,선릉,14856,22836,37692,-7980,5,25,수
2022-05-25,과천선,범계,29238,28835,58073,403,5,25,수
2022-05-25,과천선,평촌,19944,19295,39239,649,5,25,수
2022-05-25,과천선,인덕원,27262,28191,55453,-929,5,25,수
2022-05-25,과천선,정부과천청사,12059,11804,23863,255,5,25,수
2022-05-25,과천선,과천,7356,6772,14128,584,5,25,수
2022-05-25,과천선,대공원,4991,5119,10110,-128,5,25,수
2022-05-25,과천선,경마공원,2062,1979,4041,83,5,25,수
2022-05-25,과천선,선바위,9363,8281,17644,1082,5,25,수
2022-05-25,공항철도 1호선,영종,3415,3367,6782,48,5,25,수
2022-05-25,공항철도 1호선,인천공항2터미널,3023,2793,5816,230,5,25,수
2022-05-25,공항철도 1호선,인천공항1터미널,6395,6516,12911,-121,5,25,수
2022-05-25,공항철도 1호선,공항화물청사,2417,2637,5054,-220,5,25,수
2022-05-25,공항철도 1호선,운서,7630,7718,15348,-88,5,25,수
2022-05-25,공항철도 1호선,청라국제도시,7866,7541,15407,325,5,25,수
2022-05-25,공항철도 1호선,검암,7294,7113,14407,181,5,25,수
2022-05-25,공항철도 1호선,계양,11971,11241,23212,730,5,25,수
2022-05-25,공항철도 1호선,김포공항,12090,7006,19096,5084,5,25,수
2022-05-25,공항철도 1호선,마곡나루(서울식물원),10462,10192,20654,270,5,25,수
2022-05-25,공항철도 1호선,디지털미디어시티,16137,14996,31133,1141,5,25,수
2022-05-25,공항철도 1호선,홍대입구,10206,10516,20722,-310,5,25,수
2022-05-25,공항철도 1호선,공덕,2498,3342,5840,-844,5,25,수
2022-05-25,공항철도 1호선,서울역,8729,7870,16599,859,5,25,수
2022-05-25,경춘선,춘천,1802,1534,3336,268,5,25,수
2022-05-25,경춘선,남춘천,2703,2642,5345,61,5,25,수
2022-05-25,경춘선,김유정,322,369,691,-47,5,25,수
2022-05-25,경춘선,강촌,447,502,949,-55,5,25,수
2022-05-25,경춘선,백양리,82,74,156,8,5,25,수
2022-05-25,경춘선,굴봉산,149,163,312,-14,5,25,수
2022-05-25,경춘선,상천,376,351,727,25,5,25,수
2022-05-25,경춘선,청평,1744,1663,3407,81,5,25,수
2022-05-25,경춘선,대성리,656,575,1231,81,5,25,수
2022-05-25,경춘선,마석,4488,4389,8877,99,5,25,수
2022-05-25,경춘선,천마산,1928,1764,3692,164,5,25,수
2022-05-25,경춘선,평내호평,7077,6818,13895,259,5,25,수
2022-05-25,경춘선,금곡,1760,1672,3432,88,5,25,수
2022-05-25,경춘선,사릉,2836,2724,5560,112,5,25,수
2022-05-25,경춘선,퇴계원,3920,3763,7683,157,5,25,수
2022-05-25,경춘선,별내,3466,3176,6642,290,5,25,수
2022-05-25,경춘선,갈매,3395,2874,6269,521,5,25,수
2022-05-25,경춘선,신내,2548,2381,4929,167,5,25,수
2022-05-25,경인선,도화,4814,4468,9282,346,5,25,수
2022-05-25,경인선,중동,10680,10043,20723,637,5,25,수
2022-05-25,경인선,온수(성공회대입구),8082,7781,15863,301,5,25,수
2022-05-25,경인선,도원,3871,3838,7709,33,5,25,수
2022-05-25,경인선,간석,6523,6212,12735,311,5,25,수
2022-05-25,경인선,부개,9845,9073,18918,772,5,25,수
2022-05-25,경인선,소사,10141,9799,19940,342,5,25,수
2022-05-25,경인선,구일,8122,7912,16034,210,5,25,수
2022-05-25,경인선,인천,4030,3210,7240,820,5,25,수
2022-05-25,경인선,동인천,15891,14792,30683,1099,5,25,수
2022-05-25,경인선,제물포,12657,12083,24740,574,5,25,수
2022-05-25,경인선,주안,21808,19856,41664,1952,5,25,수
2022-05-25,경인선,동암,16641,16620,33261,21,5,25,수
2022-05-25,경인선,백운,7739,7603,15342,136,5,25,수
2022-05-25,경인선,부평,30736,32799,63535,-2063,5,25,수
2022-05-25,경인선,송내,30703,30675,61378,28,5,25,수
2022-05-25,경인선,부천,35430,35383,70813,47,5,25,수
2022-05-25,경인선,역곡,31918,31256,63174,662,5,25,수
2022-05-25,경인선,오류동,13231,12284,25515,947,5,25,수
2022-05-25,경인선,개봉,23691,23271,46962,420,5,25,수
2022-05-25,경의선,임진강,14,7,21,7,5,25,수
2022-05-25,경의선,문산,5441,5317,10758,124,5,25,수
2022-05-25,경의선,파주,1638,1258,2896,380,5,25,수
2022-05-25,경의선,월롱,3479,3221,6700,258,5,25,수
2022-05-25,경의선,금촌,7082,6964,14046,118,5,25,수
2022-05-25,경의선,금릉,5541,5361,10902,180,5,25,수
2022-05-25,경의선,운정,7771,7212,14983,559,5,25,수
2022-05-25,경의선,야당,8688,8459,17147,229,5,25,수
2022-05-25,경의선,탄현,8773,8227,17000,546,5,25,수
2022-05-25,경의선,일산,10713,10445,21158,268,5,25,수
2022-05-25,경의선,풍산,6100,5500,11600,600,5,25,수
2022-05-25,경의선,백마,7805,7544,15349,261,5,25,수
2022-05-25,경의선,곡산,706,708,1414,-2,5,25,수
2022-05-25,경의선,능곡,4267,3943,8210,324,5,25,수
2022-05-25,경의선,행신,9030,9106,18136,-76,5,25,수
2022-05-25,경의선,강매,3766,3209,6975,557,5,25,수
2022-05-25,경의선,화전,3965,3729,7694,236,5,25,수
2022-05-25,경의선,수색,3116,3437,6553,-321,5,25,수
2022-05-25,경의선,디지털미디어시티,2946,2724,5670,222,5,25,수
2022-05-25,경의선,가좌,6258,6009,12267,249,5,25,수
2022-05-25,경의선,홍대입구,1876,2247,4123,-371,5,25,수
2022-05-25,경의선,서강대,2366,2335,4701,31,5,25,수
2022-05-25,경의선,공덕,4165,3639,7804,526,5,25,수
2022-05-25,경의선,효창공원앞,3463,3793,7256,-330,5,25,수
2022-05-25,경의선,신촌,1049,1278,2327,-229,5,25,수
2022-05-25,경의선,서울역,5012,6659,11671,-1647,5,25,수
2022-05-25,경원선,소요산,2819,2363,5182,456,5,25,수
2022-05-25,경원선,동두천,2966,3279,6245,-313,5,25,수
2022-05-25,경원선,보산,1570,1483,3053,87,5,25,수
2022-05-25,경원선,동두천중앙,3811,3680,7491,131,5,25,수
2022-05-25,경원선,지행,7401,7426,14827,-25,5,25,수
2022-05-25,경원선,덕정,6880,6657,13537,223,5,25,수
2022-05-25,경원선,덕계,3896,3415,7311,481,5,25,수
2022-05-25,경원선,양주,8772,8213,16985,559,5,25,수
2022-05-25,경원선,녹양,5146,4701,9847,445,5,25,수
2022-05-25,경원선,가능,7692,7407,15099,285,5,25,수
2022-05-25,경원선,의정부,19939,20662,40601,-723,5,25,수
2022-05-25,경원선,회룡,14109,13906,28015,203,5,25,수
2022-05-25,경원선,망월사,11680,12130,23810,-450,5,25,수
2022-05-25,경원선,도봉산,8467,5790,14257,2677,5,25,수
2022-05-25,경원선,도봉,6651,6375,13026,276,5,25,수
2022-05-25,경원선,방학,10874,10647,21521,227,5,25,수
2022-05-25,경원선,녹천,5174,4296,9470,878,5,25,수
2022-05-25,경원선,월계,9167,8452,17619,715,5,25,수
2022-05-25,경원선,광운대,10035,9872,19907,163,5,25,수
2022-05-25,경원선,석계,9285,10244,19529,-959,5,25,수
2022-05-25,경원선,신이문,9301,8523,17824,778,5,25,수
2022-05-25,경원선,외대앞,9196,9232,18428,-36,5,25,수
2022-05-25,경원선,청량리(서울시립대입구),16089,17086,33175,-997,5,25,수
2022-05-25,경원선,왕십리(성동구청),17825,19353,37178,-1528,5,25,수
2022-05-25,경원선,응봉,2052,1773,3825,279,5,25,수
2022-05-25,경원선,옥수,53,38,91,15,5,25,수
2022-05-25,경원선,한남,4466,4274,8740,192,5,25,수
2022-05-25,경원선,서빙고,2244,2082,4326,162,5,25,수
2022-05-25,경원선,이촌(국립중앙박물관),4206,3275,7481,931,5,25,수
2022-05-25,경부선,광명,3593,3089,6682,504,5,25,수
2022-05-25,경부선,서동탄,1598,1388,2986,210,5,25,수
2022-05-25,경부선,당정,7915,7555,15470,360,5,25,수
2022-05-25,경부선,천안,7281,6654,13935,627,5,25,수
2022-05-25,경부선,두정,8410,9229,17639,-819,5,25,수
2022-05-25,경부선,직산,958,932,1890,26,5,25,수
2022-05-25,경부선,성환,7388,7067,14455,321,5,25,수
2022-05-25,경부선,평택,13556,13523,27079,33,5,25,수
2022-05-25,경부선,평택지제,3875,3825,7700,50,5,25,수
2022-05-25,경부선,서정리,8387,7736,16123,651,5,25,수
2022-05-25,경부선,송탄,4790,4630,9420,160,5,25,수
2022-05-25,경부선,진위,2043,1867,3910,176,5,25,수
2022-05-25,경부선,오산,10897,10874,21771,23,5,25,수
2022-05-25,경부선,오산대,4616,4222,8838,394,5,25,수
2022-05-25,경부선,세마,3176,3024,6200,152,5,25,수
2022-05-25,경부선,병점,17927,17869,35796,58,5,25,수
2022-05-25,경부선,세류,3260,3033,6293,227,5,25,수
2022-05-25,경부선,독산,20633,21204,41837,-571,5,25,수
2022-05-25,경부선,수원,38919,41304,80223,-2385,5,25,수
2022-05-25,경부선,화서,9294,8854,18148,440,5,25,수
2022-05-25,경부선,성균관대,16715,16509,33224,206,5,25,수
2022-05-25,경부선,의왕,10327,10221,20548,106,5,25,수
2022-05-25,경부선,군포,8504,8331,16835,173,5,25,수
2022-05-25,경부선,금정,29750,29825,59575,-75,5,25,수
2022-05-25,경부선,명학,11534,11438,22972,96,5,25,수
2022-05-25,경부선,안양,28714,28671,57385,43,5,25,수
2022-05-25,경부선,관악,8276,7775,16051,501,5,25,수
2022-05-25,경부선,석수,10748,9725,20473,1023,5,25,수
2022-05-25,경부선,금천구청,13263,13046,26309,217,5,25,수
2022-05-25,경부선,가산디지털단지,20120,23408,43528,-3288,5,25,수
2022-05-25,경부선,구로,20084,20865,40949,-781,5,25,수
2022-05-25,경부선,신길,10397,9226,19623,1171,5,25,수
2022-05-25,경부선,신도림,4491,4835,9326,-344,5,25,수
2022-05-25,경부선,영등포,40017,41220,81237,-1203,5,25,수
2022-05-25,경부선,대방,14660,15269,29929,-609,5,25,수
2022-05-25,경부선,노량진,8966,9277,18243,-311,5,25,수
2022-05-25,경부선,용산,35516,35725,71241,-209,5,25,수
2022-05-25,경부선,남영,10508,11464,21972,-956,5,25,수
2022-05-25,경부선,서울역,6755,2158,8913,4597,5,25,수
2022-05-25,경강선,여주,2773,2814,5587,-41,5,25,수
2022-05-25,경강선,세종대왕릉,371,338,709,33,5,25,수
2022-05-25,경강선,부발,2285,2242,4527,43,5,25,수
2022-05-25,경강선,이천,2700,2797,5497,-97,5,25,수
2022-05-25,경강선,신둔도예촌,1797,1619,3416,178,5,25,수
2022-05-25,경강선,곤지암,2569,2525,5094,44,5,25,수
2022-05-25,경강선,초월,3479,3278,6757,201,5,25,수
2022-05-25,경강선,경기광주,8642,7955,16597,687,5,25,수
2022-05-25,경강선,삼동,2749,2423,5172,326,5,25,수
2022-05-25,경강선,이매,1279,1059,2338,220,5,25,수
2022-05-25,경강선,판교,5517,5498,11015,19,5,25,수
2022-05-25,9호선2~3단계,중앙보훈병원,12133,10588,22721,1545,5,25,수
2022-05-25,9호선2~3단계,둔촌오륜,1295,1146,2441,149,5,25,수
2022-05-25,9호선2~3단계,올림픽공원(한국체대),7593,7581,15174,12,5,25,수
2022-05-25,9호선2~3단계,한성백제,2948,2566,5514,382,5,25,수
2022-05-25,9호선2~3단계,송파나루,5390,5774,11164,-384,5,25,수
2022-05-25,9호선2~3단계,석촌,9215,8109,17324,1106,5,25,수
2022-05-25,9호선2~3단계,석촌고분,6650,6494,13144,156,5,25,수
2022-05-25,9호선2~3단계,삼전,7493,7142,14635,351,5,25,수
2022-05-25,9호선2~3단계,봉은사,17862,17954,35816,-92,5,25,수
2022-05-25,9호선2~3단계,삼성중앙,7740,8211,15951,-471,5,25,수
2022-05-25,9호선2~3단계,선정릉,10800,11978,22778,-1178,5,25,수
2022-05-25,9호선2~3단계,언주,11463,11688,23151,-225,5,25,수
2022-05-25,9호선,신논현,33927,33783,67710,144,5,25,수
2022-05-25,9호선,사평,4067,4001,8068,66,5,25,수
2022-05-25,9호선,고속터미널,13254,16292,29546,-3038,5,25,수
2022-05-25,9호선,신반포,4084,3931,8015,153,5,25,수
2022-05-25,9호선,구반포,1398,1490,2888,-92,5,25,수
2022-05-25,9호선,동작(현충원),2416,2013,4429,403,5,25,수
2022-05-25,9호선,흑석(중앙대입구),10218,10486,20704,-268,5,25,수
2022-05-25,9호선,노들,4999,4263,9262,736,5,25,수
2022-05-25,9호선,노량진,28989,27582,56571,1407,5,25,수
2022-05-25,9호선,샛강,6937,7036,13973,-99,5,25,수
2022-05-25,9호선,여의도,30808,29985,60793,823,5,25,수
2022-05-25,9호선,국회의사당,18210,18515,36725,-305,5,25,수
2022-05-25,9호선,당산,19932,20305,40237,-373,5,25,수
2022-05-25,9호선,선유도,9940,9489,19429,451,5,25,수
2022-05-25,9호선,신목동,4843,4254,9097,589,5,25,수
2022-05-25,9호선,염창,18839,18211,37050,628,5,25,수
2022-05-25,9호선,등촌,12348,11934,24282,414,5,25,수
2022-05-25,9호선,증미,8052,7819,15871,233,5,25,수
2022-05-25,9호선,가양,23119,22398,45517,721,5,25,수
2022-05-25,9호선,양천향교,10861,11099,21960,-238,5,25,수
2022-05-25,9호선,마곡나루(서울식물원),13846,13314,27160,532,5,25,수
2022-05-25,9호선,신방화,7611,7378,14989,233,5,25,수
2022-05-25,9호선,공항시장,3228,3558,6786,-330,5,25,수
2022-05-25,9호선,김포공항,7389,11441,18830,-4052,5,25,수
2022-05-25,9호선,개화,2985,2000,4985,985,5,25,수
2022-05-25,8호선,남위례,5844,6035,11879,-191,5,25,수
2022-05-25,8호선,모란,4781,3700,8481,1081,5,25,수
2022-05-25,8호선,수진,5734,5433,11167,301,5,25,수
2022-05-25,8호선,신흥,4494,4762,9256,-268,5,25,수
2022-05-25,8호선,단대오거리,12264,11738,24002,526,5,25,수
2022-05-25,8호선,남한산성입구(성남법원.검찰청),16778,15377,32155,1401,5,25,수
2022-05-25,8호선,산성,6131,6162,12293,-31,5,25,수
2022-05-25,8호선,복정,10988,9300,20288,1688,5,25,수
2022-05-25,8호선,장지,18870,17949,36819,921,5,25,수
2022-05-25,8호선,문정,24133,25248,49381,-1115,5,25,수
2022-05-25,8호선,가락시장,8324,9295,17619,-971,5,25,수
2022-05-25,8호선,송파,9303,9409,18712,-106,5,25,수
2022-05-25,8호선,석촌,8286,9508,17794,-1222,5,25,수
2022-05-25,8호선,잠실(송파구청),15060,17320,32380,-2260,5,25,수
2022-05-25,8호선,몽촌토성(평화의문),7276,7384,14660,-108,5,25,수
2022-05-25,8호선,강동구청,11310,11799,23109,-489,5,25,수
2022-05-25,8호선,천호(풍납토성),15736,17881,33617,-2145,5,25,수
2022-05-25,8호선,암사,20694,18127,38821,2567,5,25,수
2022-05-25,7호선,신중동,1,0,1,1,5,25,수
2022-05-25,7호선,까치울,1,0,1,1,5,25,수
2022-05-25,7호선,온수(성공회대입구),11975,11206,23181,769,5,25,수
2022-05-25,7호선,천왕,12462,11910,24372,552,5,25,수
2022-05-25,7호선,광명사거리,23586,23139,46725,447,5,25,수
2022-05-25,7호선,철산,22779,23126,45905,-347,5,25,수
2022-05-25,7호선,가산디지털단지,48759,48403,97162,356,5,25,수
2022-05-25,7호선,남구로,16947,17966,34913,-1019,5,25,수
2022-05-25,7호선,대림(구로구청),8087,8121,16208,-34,5,25,수
2022-05-25,7호선,신풍,12615,12149,24764,466,5,25,수
2022-05-25,7호선,보라매,11336,11290,22626,46,5,25,수
2022-05-25,7호선,신대방삼거리,18252,17406,35658,846,5,25,수
2022-05-25,7호선,장승배기,9777,9545,19322,232,5,25,수
2022-05-25,7호선,상도,12844,12496,25340,348,5,25,수
2022-05-25,7호선,숭실대입구(살피재),16211,16260,32471,-49,5,25,수
2022-05-25,7호선,남성,12268,11306,23574,962,5,25,수
2022-05-25,7호선,이수,17169,16539,33708,630,5,25,수
2022-05-25,7호선,내방,16023,16533,32556,-510,5,25,수
2022-05-25,7호선,고속터미널,16313,14208,30521,2105,5,25,수
2022-05-25,7호선,반포,6519,6267,12786,252,5,25,수
2022-05-25,7호선,논현,21599,23811,45410,-2212,5,25,수
2022-05-25,7호선,학동,26446,28122,54568,-1676,5,25,수
2022-05-25,7호선,강남구청,17414,19491,36905,-2077,5,25,수
2022-05-25,7호선,청담,21060,23791,44851,-2731,5,25,수
2022-05-25,7호선,뚝섬유원지,9093,8859,17952,234,5,25,수
2022-05-25,7호선,건대입구,13697,14302,27999,-605,5,25,수
2022-05-25,7호선,어린이대공원(세종대),17159,17569,34728,-410,5,25,수
2022-05-25,7호선,군자(능동),16032,13078,29110,2954,5,25,수
2022-05-25,7호선,중곡,12087,10986,23073,1101,5,25,수
2022-05-25,7호선,용마산(용마폭포공원),6621,6425,13046,196,5,25,수
2022-05-25,7호선,사가정,17552,17339,34891,213,5,25,수
2022-05-25,7호선,면목,17633,17098,34731,535,5,25,수
2022-05-25,7호선,상봉(시외버스터미널),17753,16664,34417,1089,5,25,수
2022-05-25,7호선,중화,11756,11437,23193,319,5,25,수
2022-05-25,7호선,먹골,10902,10543,21445,359,5,25,수
2022-05-25,7호선,태릉입구,11174,10650,21824,524,5,25,수
2022-05-25,7호선,공릉(서울과학기술대),13721,13350,27071,371,5,25,수
2022-05-25,7호선,하계,19964,18767,38731,1197,5,25,수
2022-05-25,7호선,중계,15998,14643,30641,1355,5,25,수
2022-05-25,7호선,노원,20788,21877,42665,-1089,5,25,수
2022-05-25,7호선,마들,14386,13504,27890,882,5,25,수
2022-05-25,7호선,수락산,14065,13648,27713,417,5,25,수
2022-05-25,7호선,도봉산,10462,11922,22384,-1460,5,25,수
2022-05-25,7호선,장암,2392,906,3298,1486,5,25,수
2022-05-25,6호선,봉화산(서울의료원),9942,9272,19214,670,5,25,수
2022-05-25,6호선,화랑대(서울여대입구),13967,10560,24527,3407,5,25,수
2022-05-25,6호선,태릉입구,7176,8280,15456,-1104,5,25,수
2022-05-25,6호선,석계,13830,14462,28292,-632,5,25,수
2022-05-25,6호선,돌곶이,10528,9805,20333,723,5,25,수
2022-05-25,6호선,상월곡(한국과학기술연구원),7122,6733,13855,389,5,25,수
2022-05-25,6호선,월곡(동덕여대),13770,13241,27011,529,5,25,수
2022-05-25,6호선,고려대(종암),10433,9823,20256,610,5,25,수
2022-05-25,6호선,안암(고대병원앞),16988,19701,36689,-2713,5,25,수
2022-05-25,6호선,보문,8180,7456,15636,724,5,25,수
2022-05-25,6호선,창신,4231,3692,7923,539,5,25,수
2022-05-25,6호선,동묘앞,8338,8601,16939,-263,5,25,수
2022-05-25,6호선,신당,9792,9912,19704,-120,5,25,수
2022-05-25,6호선,청구,3866,4259,8125,-393,5,25,수
2022-05-25,6호선,약수,4034,4100,8134,-66,5,25,수
2022-05-25,6호선,버티고개,2461,2346,4807,115,5,25,수
2022-05-25,6호선,한강진,8867,10056,18923,-1189,5,25,수
2022-05-25,6호선,이태원,10672,11130,21802,-458,5,25,수
2022-05-25,6호선,녹사평(용산구청),5164,5185,10349,-21,5,25,수
2022-05-25,6호선,삼각지,8274,7345,15619,929,5,25,수
2022-05-25,6호선,효창공원앞,7947,7525,15472,422,5,25,수
2022-05-25,6호선,공덕,20436,20029,40465,407,5,25,수
2022-05-25,6호선,대흥(서강대앞),9591,9803,19394,-212,5,25,수
2022-05-25,6호선,광흥창(서강),10144,9848,19992,296,5,25,수
2022-05-25,6호선,상수,9661,10796,20457,-1135,5,25,수
2022-05-25,6호선,합정,14241,14008,28249,233,5,25,수
2022-05-25,6호선,망원,14662,15497,30159,-835,5,25,수
2022-05-25,6호선,마포구청,15736,14188,29924,1548,5,25,수
2022-05-25,6호선,월드컵경기장(성산),5797,6137,11934,-340,5,25,수
2022-05-25,6호선,디지털미디어시티,15746,17169,32915,-1423,5,25,수
2022-05-25,6호선,증산(명지대앞),10960,10944,21904,16,5,25,수
2022-05-25,6호선,새절(신사),14315,13290,27605,1025,5,25,수
2022-05-25,6호선,구산,8442,6202,14644,2240,5,25,수
2022-05-25,6호선,연신내,2,0,2,2,5,25,수
2022-05-25,6호선,독바위,2994,3192,6186,-198,5,25,수
2022-05-25,6호선,불광,4895,4669,9564,226,5,25,수
2022-05-25,6호선,역촌,4032,4809,8841,-777,5,25,수
2022-05-25,6호선,응암,19112,18714,37826,398,5,25,수
2022-05-25,5호선,하남검단산,6288,5897,12185,391,5,25,수
2022-05-25,5호선,하남시청(덕풍·신장),7856,7376,15232,480,5,25,수
2022-05-25,5호선,하남풍산,4593,4467,9060,126,5,25,수
2022-05-25,5호선,미사,17624,17558,35182,66,5,25,수
2022-05-25,5호선,마천,8144,7674,15818,470,5,25,수
2022-05-25,5호선,거여,11415,10876,22291,539,5,25,수
2022-05-25,5호선,개롱,7309,7554,14863,-245,5,25,수
2022-05-25,5호선,오금,4195,4328,8523,-133,5,25,수
2022-05-25,5호선,방이,7875,8069,15944,-194,5,25,수
2022-05-25,5호선,올림픽공원(한국체대),4963,4432,9395,531,5,25,수
2022-05-25,5호선,둔촌동,8921,8776,17697,145,5,25,수
2022-05-25,5호선,상일동,16663,15501,32164,1162,5,25,수
2022-05-25,5호선,고덕,10659,10685,21344,-26,5,25,수
2022-05-25,5호선,명일,9734,9946,19680,-212,5,25,수
2022-05-25,5호선,굽은다리(강동구민회관앞),10462,10142,20604,320,5,25,수
2022-05-25,5호선,길동,8655,8925,17580,-270,5,25,수
2022-05-25,5호선,강동,19965,19421,39386,544,5,25,수
2022-05-25,5호선,천호(풍납토성),19543,19552,39095,-9,5,25,수
2022-05-25,5호선,광나루(장신대),15743,14378,30121,1365,5,25,수
2022-05-25,5호선,아차산(어린이대공원후문),16382,15729,32111,653,5,25,수
2022-05-25,5호선,군자(능동),12223,13439,25662,-1216,5,25,수
2022-05-25,5호선,장한평,20326,20053,40379,273,5,25,수
2022-05-25,5호선,답십리,17322,15856,33178,1466,5,25,수
2022-05-25,5호선,마장,6362,6175,12537,187,5,25,수
2022-05-25,5호선,왕십리(성동구청),4922,5925,10847,-1003,5,25,수
2022-05-25,5호선,행당,9096,7991,17087,1105,5,25,수
2022-05-25,5호선,신금호,7109,7405,14514,-296,5,25,수
2022-05-25,5호선,청구,4490,3914,8404,576,5,25,수
2022-05-25,5호선,동대문역사문화공원(DDP),3190,3710,6900,-520,5,25,수
2022-05-25,5호선,을지로4가,6677,6731,13408,-54,5,25,수
2022-05-25,5호선,종로3가,14469,13754,28223,715,5,25,수
2022-05-25,5호선,광화문(세종문화회관),34828,36195,71023,-1367,5,25,수
2022-05-25,5호선,서대문,22567,22892,45459,-325,5,25,수
2022-05-25,5호선,충정로(경기대입구),5253,5504,10757,-251,5,25,수
2022-05-25,5호선,애오개,7681,7746,15427,-65,5,25,수
2022-05-25,5호선,공덕,15477,16663,32140,-1186,5,25,수
2022-05-25,5호선,마포,16208,16260,32468,-52,5,25,수
2022-05-25,5호선,여의나루,11436,13020,24456,-1584,5,25,수
2022-05-25,5호선,여의도,31947,33299,65246,-1352,5,25,수
2022-05-25,5호선,신길,4675,5044,9719,-369,5,25,수
2022-05-25,5호선,영등포시장,11072,11510,22582,-438,5,25,수
2022-05-25,5호선,영등포구청,4356,4611,8967,-255,5,25,수
2022-05-25,5호선,양평,8224,8181,16405,43,5,25,수
2022-05-25,5호선,오목교(목동운동장앞),24113,25625,49738,-1512,5,25,수
2022-05-25,5호선,목동,19153,20047,39200,-894,5,25,수
2022-05-25,5호선,신정(은행정),15375,12395,27770,2980,5,25,수
2022-05-25,5호선,까치산,31342,29771,61113,1571,5,25,수
2022-05-25,5호선,화곡,31036,29028,60064,2008,5,25,수
2022-05-25,5호선,우장산,16335,16093,32428,242,5,25,수
2022-05-25,5호선,발산,22949,23365,46314,-416,5,25,수
2022-05-25,5호선,마곡,11910,11963,23873,-53,5,25,수
2022-05-25,5호선,송정,6971,6562,13533,409,5,25,수
2022-05-25,5호선,김포공항,7920,7788,15708,132,5,25,수
2022-05-25,5호선,개화산,6268,5987,12255,281,5,25,수
2022-05-25,5호선,방화,7447,7215,14662,232,5,25,수
2022-05-25,4호선,남태령,1407,1231,2638,176,5,25,수
2022-05-25,4호선,사당,28437,23767,52204,4670,5,25,수
2022-05-25,4호선,총신대입구(이수),21028,22679,43707,-1651,5,25,수
2022-05-25,4호선,동작(현충원),1678,1843,3521,-165,5,25,수
2022-05-25,4호선,이촌(국립중앙박물관),10004,10766,20770,-762,5,25,수
2022-05-25,4호선,신용산,18633,19359,37992,-726,5,25,수
2022-05-25,4호선,삼각지,5986,6768,12754,-782,5,25,수
2022-05-25,4호선,숙대입구(갈월),16075,15456,31531,619,5,25,수
2022-05-25,4호선,서울역,12808,18745,31553,-5937,5,25,수
2022-05-25,4호선,회현(남대문시장),27403,28876,56279,-1473,5,25,수
2022-05-25,4호선,명동,22700,23341,46041,-641,5,25,수
2022-05-25,4호선,충무로,30745,31461,62206,-716,5,25,수
2022-05-25,4호선,동대문역사문화공원(DDP),15663,14250,29913,1413,5,25,수
2022-05-25,4호선,동대문,21286,21792,43078,-506,5,25,수
2022-05-25,4호선,혜화,37229,37338,74567,-109,5,25,수
2022-05-25,4호선,한성대입구(삼선교),16481,16246,32727,235,5,25,수
2022-05-25,4호선,성신여대입구(돈암),23088,21722,44810,1366,5,25,수
2022-05-25,4호선,길음,24363,24688,49051,-325,5,25,수
2022-05-25,4호선,미아사거리,29551,28662,58213,889,5,25,수
2022-05-25,4호선,미아(서울사이버대학),16594,16058,32652,536,5,25,수
2022-05-25,4호선,수유(강북구청),36525,36297,72822,228,5,25,수
2022-05-25,4호선,쌍문,31657,29112,60769,2545,5,25,수
2022-05-25,4호선,창동,27915,29291,57206,-1376,5,25,수
2022-05-25,4호선,노원,20099,22794,42893,-2695,5,25,수
2022-05-25,4호선,상계,20877,19435,40312,1442,5,25,수
2022-05-25,4호선,당고개,9776,8686,18462,1090,5,25,수
2022-05-25,3호선,오금,6824,6144,12968,680,5,25,수
2022-05-25,3호선,경찰병원,8080,8138,16218,-58,5,25,수
2022-05-25,3호선,가락시장,9952,9674,19626,278,5,25,수
2022-05-25,3호선,수서,18456,18737,37193,-281,5,25,수
2022-05-25,3호선,일원,11547,11047,22594,500,5,25,수
2022-05-25,3호선,대청,11510,10515,22025,995,5,25,수
2022-05-25,3호선,학여울,2025,2039,4064,-14,5,25,수
2022-05-25,3호선,대치,11775,11977,23752,-202,5,25,수
2022-05-25,3호선,도곡,5909,6181,12090,-272,5,25,수
2022-05-25,3호선,매봉,14068,13529,27597,539,5,25,수
2022-05-25,3호선,양재(서초구청),43408,47207,90615,-3799,5,25,수
2022-05-25,3호선,남부터미널(예술의전당),31012,31485,62497,-473,5,25,수
2022-05-25,3호선,교대(법원.검찰청),16661,10711,27372,5950,5,25,수
2022-05-25,3호선,고속터미널,42259,39811,82070,2448,5,25,수
2022-05-25,3호선,잠원,5521,5318,10839,203,5,25,수
2022-05-25,3호선,신사,32220,33181,65401,-961,5,25,수
2022-05-25,3호선,압구정,32997,35562,68559,-2565,5,25,수
2022-05-25,3호선,옥수,9760,10018,19778,-258,5,25,수
2022-05-25,3호선,금호,8610,7967,16577,643,5,25,수
2022-05-25,3호선,약수,14565,14151,28716,414,5,25,수
2022-05-25,3호선,동대입구,9583,10689,20272,-1106,5,25,수
2022-05-25,3호선,충무로,2,0,2,2,5,25,수
2022-05-25,3호선,을지로3가,11736,11706,23442,30,5,25,수
2022-05-25,3호선,종로3가,10856,12344,23200,-1488,5,25,수
2022-05-25,3호선,안국,26582,26601,53183,-19,5,25,수
2022-05-25,3호선,경복궁(정부서울청사),30838,32466,63304,-1628,5,25,수
2022-05-25,3호선,독립문,7754,8180,15934,-426,5,25,수
2022-05-25,3호선,무악재,4280,4507,8787,-227,5,25,수
2022-05-25,3호선,홍제,19745,18842,38587,903,5,25,수
2022-05-25,3호선,녹번,17256,15582,32838,1674,5,25,수
2022-05-25,3호선,불광,18036,19284,37320,-1248,5,25,수
2022-05-25,3호선,연신내,39047,37009,76056,2038,5,25,수
2022-05-25,3호선,구파발,22745,21921,44666,824,5,25,수
2022-05-25,3호선,지축,5687,5220,10907,467,5,25,수
2022-05-25,2호선,용두(동대문구청),2566,2607,5173,-41,5,25,수
2022-05-25,2호선,신정네거리,11425,11652,23077,-227,5,25,수
2022-05-25,2호선,양천구청,7585,7895,15480,-310,5,25,수
2022-05-25,2호선,도림천,1517,1577,3094,-60,5,25,수
2022-05-25,2호선,신설동,3518,3585,7103,-67,5,25,수
2022-05-25,2호선,신답,1831,2051,3882,-220,5,25,수
2022-05-25,2호선,충정로(경기대입구),11072,11780,22852,-708,5,25,수
2022-05-25,2호선,아현,11739,11032,22771,707,5,25,수
2022-05-25,2호선,이대,16005,17125,33130,-1120,5,25,수
2022-05-25,2호선,신촌,36528,37023,73551,-495,5,25,수
2022-05-25,2호선,홍대입구,56927,59744,116671,-2817,5,25,수
2022-05-25,2호선,합정,32110,34319,66429,-2209,5,25,수
2022-05-25,2호선,당산,20618,24228,44846,-3610,5,25,수
2022-05-25,2호선,영등포구청,24451,25265,49716,-814,5,25,수
2022-05-25,2호선,문래,24174,24664,48838,-490,5,25,수
2022-05-25,2호선,신도림,51691,51549,103240,142,5,25,수
2022-05-25,2호선,대림(구로구청),25451,26075,51526,-624,5,25,수
2022-05-25,2호선,구로디지털단지,63791,63206,126997,585,5,25,수
2022-05-25,2호선,신대방,29100,28339,57439,761,5,25,수
2022-05-25,2호선,신림,67827,65634,133461,2193,5,25,수
2022-05-25,2호선,봉천,25621,23576,49197,2045,5,25,수
2022-05-25,2호선,서울대입구(관악구청),51341,50502,101843,839,5,25,수
2022-05-25,2호선,낙성대(강감찬),29753,28692,58445,1061,5,25,수
2022-05-25,2호선,사당,41492,45780,87272,-4288,5,25,수
2022-05-25,2호선,방배,21198,21889,43087,-691,5,25,수
2022-05-25,2호선,서초,24348,23555,47903,793,5,25,수
2022-05-25,2호선,교대(법원.검찰청),37998,43213,81211,-5215,5,25,수
2022-05-25,2호선,강남,88971,88075,177046,896,5,25,수
2022-05-25,2호선,역삼,57690,65042,122732,-7352,5,25,수
2022-05-25,2호선,선릉,62611,55464,118075,7147,5,25,수
2022-05-25,2호선,삼성(무역센터),55534,56816,112350,-1282,5,25,수
2022-05-25,2호선,종합운동장,11547,12741,24288,-1194,5,25,수
2022-05-25,2호선,잠실새내,22712,22746,45458,-34,5,25,수
2022-05-25,2호선,잠실(송파구청),72268,71721,143989,547,5,25,수
2022-05-25,2호선,잠실나루,16332,16130,32462,202,5,25,수
2022-05-25,2호선,강변(동서울터미널),32553,30362,62915,2191,5,25,수
2022-05-25,2호선,구의(광진구청),25535,24860,50395,675,5,25,수
2022-05-25,2호선,건대입구,38648,41369,80017,-2721,5,25,수
2022-05-25,2호선,성수,40468,44211,84679,-3743,5,25,수
2022-05-25,2호선,뚝섬,24134,25959,50093,-1825,5,25,수
2022-05-25,2호선,한양대,30105,39393,69498,-9288,5,25,수
2022-05-25,2호선,왕십리(성동구청),20004,17494,37498,2510,5,25,수
2022-05-25,2호선,상왕십리,16006,15466,31472,540,5,25,수
2022-05-25,2호선,신당,15218,15964,31182,-746,5,25,수
2022-05-25,2호선,동대문역사문화공원(DDP),12938,14684,27622,-1746,5,25,수
2022-05-25,2호선,을지로4가,14244,14201,28445,43,5,25,수
2022-05-25,2호선,을지로3가,25577,25153,50730,424,5,25,수
2022-05-25,2호선,을지로입구,43538,45417,88955,-1879,5,25,수
2022-05-25,2호선,시청,26808,25649,52457,1159,5,25,수
2022-05-25,1호선,동묘앞,8700,9036,17736,-336,5,25,수
2022-05-25,1호선,청량리(서울시립대입구),21728,21521,43249,207,5,25,수
2022-05-25,1호선,제기동,17983,18289,36272,-306,5,25,수
2022-05-25,1호선,신설동,15024,14744,29768,280,5,25,수
2022-05-25,1호선,동대문,11732,10994,22726,738,5,25,수
2022-05-25,1호선,종로5가,25157,24807,49964,350,5,25,수
2022-05-25,1호선,종로3가,26899,24595,51494,2304,5,25,수
2022-05-25,1호선,종각,40417,38603,79020,1814,5,25,수
2022-05-25,1호선,시청,26242,26445,52687,-203,5,25,수
2022-05-25,경춘선,가평,1779,1813,3592,-34,5,25,수
2022-05-25,2호선,용답,3182,3302,6484,-120,5,25,수
2022-05-25,1호선,서울역,48790,47082,95872,1708,5,25,수
2022-05-25,5호선,강일,4793,4482,9275,311,5,25,수
2022-05-25,우이신설선,솔샘,6489,5993,12482,496,5,25,수
2022-05-25,우이신설선,북한산보국문,6785,6445,13230,340,5,25,수
2022-05-25,우이신설선,정릉,5452,4905,10357,547,5,25,수
2022-05-25,우이신설선,성신여대입구(돈암),3788,3949,7737,-161,5,25,수
2022-05-25,수인선,연수,5119,5079,10198,40,5,25,수
2022-05-25,수인선,송도,2768,2621,5389,147,5,25,수
2022-05-25,수인선,인하대,8342,7837,16179,505,5,25,수
2022-05-25,수인선,숭의,4482,4149,8631,333,5,25,수
2022-05-25,수인선,신포,2112,2141,4253,-29,5,25,수
2022-05-25,수인선,인천,1144,1850,2994,-706,5,25,수
2022-05-25,안산선,산본,17538,18832,36370,-1294,5,25,수
2022-05-25,안산선,대야미,5621,5091,10712,530,5,25,수
2022-05-25,안산선,반월,4912,4720,9632,192,5,25,수
2022-05-25,안산선,상록수,18479,18887,37366,-408,5,25,수
2022-05-25,안산선,한대앞,10897,12326,23223,-1429,5,25,수
2022-05-25,안산선,중앙,20321,21202,41523,-881,5,25,수
2022-05-25,안산선,고잔,9964,9463,19427,501,5,25,수
2022-05-25,안산선,초지,5925,6294,12219,-369,5,25,수
2022-05-25,장항선,쌍용(나사렛대),3288,3039,6327,249,5,25,수
2022-05-25,장항선,아산,4153,3684,7837,469,5,25,수
2022-05-25,장항선,탕정,1015,877,1892,138,5,25,수
2022-05-25,장항선,배방,1332,1267,2599,65,5,25,수
2022-05-25,장항선,온양온천,4033,4178,8211,-145,5,25,수
2022-05-25,장항선,신창(순천향대),3229,3060,6289,169,5,25,수
2022-05-25,중앙선,회기,28827,28053,56880,774,5,25,수
2022-05-25,중앙선,중랑,6242,5807,12049,435,5,25,수
2022-05-25,중앙선,상봉(시외버스터미널),6109,6174,12283,-65,5,25,수
2022-05-25,중앙선,망우,8390,8369,16759,21,5,25,수
2022-05-25,중앙선,양원,3470,3328,6798,142,5,25,수
2022-05-25,중앙선,구리,14771,15006,29777,-235,5,25,수
2022-05-25,중앙선,도농,12367,11085,23452,1282,5,25,수
2022-05-25,중앙선,양정,820,708,1528,112,5,25,수
2022-05-25,중앙선,덕소,6233,6225,12458,8,5,25,수
2022-05-25,중앙선,도심,2867,2205,5072,662,5,25,수
2022-05-25,중앙선,팔당,990,988,1978,2,5,25,수
2022-05-25,중앙선,운길산,845,863,1708,-18,5,25,수
2022-05-25,중앙선,양수,2157,2155,4312,2,5,25,수
2022-05-25,중앙선,신원,229,227,456,2,5,25,수
2022-05-25,중앙선,국수,879,853,1732,26,5,25,수
2022-05-25,중앙선,아신,637,619,1256,18,5,25,수
2022-05-25,중앙선,오빈,346,311,657,35,5,25,수
2022-05-25,중앙선,양평,3039,3065,6104,-26,5,25,수
2022-05-25,중앙선,원덕,434,420,854,14,5,25,수
2022-05-25,중앙선,용문,3669,3618,7287,51,5,25,수
2022-05-25,중앙선,지평,80,98,178,-18,5,25,수
2022-05-26,5호선,동대문역사문화공원(DDP),3013,3600,6613,-587,5,26,목
2022-05-26,5호선,청구,4445,3913,8358,532,5,26,목
2022-05-26,5호선,신금호,7190,7187,14377,3,5,26,목
2022-05-26,5호선,행당,9062,7864,16926,1198,5,26,목
2022-05-26,5호선,왕십리(성동구청),4960,5797,10757,-837,5,26,목
2022-05-26,5호선,마장,6205,5975,12180,230,5,26,목
2022-05-26,5호선,답십리,17337,15546,32883,1791,5,26,목
2022-05-26,5호선,장한평,20023,19578,39601,445,5,26,목
2022-05-26,5호선,군자(능동),12404,13352,25756,-948,5,26,목
2022-05-26,5호선,아차산(어린이대공원후문),16357,15641,31998,716,5,26,목
2022-05-26,5호선,광나루(장신대),15746,14294,30040,1452,5,26,목
2022-05-26,5호선,천호(풍납토성),19483,19708,39191,-225,5,26,목
2022-05-26,5호선,강동,20139,19195,39334,944,5,26,목
2022-05-26,5호선,길동,8487,8786,17273,-299,5,26,목
2022-05-26,5호선,굽은다리(강동구민회관앞),10230,9705,19935,525,5,26,목
2022-05-26,5호선,명일,9494,9628,19122,-134,5,26,목
2022-05-26,5호선,고덕,10590,10382,20972,208,5,26,목
2022-05-26,5호선,상일동,16532,15069,31601,1463,5,26,목
2022-05-26,5호선,둔촌동,8919,8896,17815,23,5,26,목
2022-05-26,5호선,올림픽공원(한국체대),5055,4601,9656,454,5,26,목
2022-05-26,5호선,방이,7734,7978,15712,-244,5,26,목
2022-05-26,5호선,오금,4165,4260,8425,-95,5,26,목
2022-05-26,5호선,개롱,7312,7448,14760,-136,5,26,목
2022-05-26,5호선,거여,11614,11005,22619,609,5,26,목
2022-05-26,5호선,마천,8181,7565,15746,616,5,26,목
2022-05-26,5호선,강일,4938,4585,9523,353,5,26,목
2022-05-26,5호선,미사,17754,17788,35542,-34,5,26,목
2022-05-26,5호선,하남풍산,4614,4553,9167,61,5,26,목
2022-05-26,5호선,하남시청(덕풍·신장),7747,7336,15083,411,5,26,목
2022-05-26,5호선,하남검단산,6337,5974,12311,363,5,26,목
2022-05-26,6호선,응암,19037,18423,37460,614,5,26,목
2022-05-26,6호선,역촌,3969,4626,8595,-657,5,26,목
2022-05-26,6호선,불광,4617,4566,9183,51,5,26,목
2022-05-26,6호선,독바위,2926,3047,5973,-121,5,26,목
2022-05-26,6호선,구산,8406,5852,14258,2554,5,26,목
2022-05-26,6호선,새절(신사),14478,13333,27811,1145,5,26,목
2022-05-26,6호선,증산(명지대앞),11031,10817,21848,214,5,26,목
2022-05-26,6호선,디지털미디어시티,15779,17279,33058,-1500,5,26,목
2022-05-26,6호선,월드컵경기장(성산),5198,5531,10729,-333,5,26,목
2022-05-26,6호선,마포구청,15487,13604,29091,1883,5,26,목
2022-05-26,6호선,망원,14477,15409,29886,-932,5,26,목
2022-05-26,6호선,합정,14126,14117,28243,9,5,26,목
2022-05-26,6호선,상수,9670,10995,20665,-1325,5,26,목
2022-05-26,6호선,광흥창(서강),10207,9898,20105,309,5,26,목
2022-05-26,6호선,대흥(서강대앞),9828,10073,19901,-245,5,26,목
2022-05-26,6호선,공덕,20582,20137,40719,445,5,26,목
2022-05-26,6호선,효창공원앞,8131,7399,15530,732,5,26,목
2022-05-26,6호선,삼각지,8874,7520,16394,1354,5,26,목
2022-05-26,6호선,녹사평(용산구청),5310,5306,10616,4,5,26,목
2022-05-26,6호선,이태원,11235,12413,23648,-1178,5,26,목
2022-05-26,6호선,한강진,8795,10317,19112,-1522,5,26,목
2022-05-26,3호선,오금,6954,6220,13174,734,5,26,목
2022-05-26,4호선,당고개,10029,8855,18884,1174,5,26,목
2022-05-26,4호선,상계,21498,19652,41150,1846,5,26,목
2022-05-26,6호선,버티고개,2539,2338,4877,201,5,26,목
2022-05-26,6호선,약수,3957,4007,7964,-50,5,26,목
2022-05-26,6호선,청구,3844,4184,8028,-340,5,26,목
2022-05-26,6호선,신당,9018,9470,18488,-452,5,26,목
2022-05-26,6호선,동묘앞,8606,8925,17531,-319,5,26,목
2022-05-26,6호선,창신,4071,3399,7470,672,5,26,목
2022-05-26,6호선,보문,8312,7372,15684,940,5,26,목
2022-05-26,6호선,안암(고대병원앞),22768,29758,52526,-6990,5,26,목
2022-05-26,6호선,고려대(종암),14191,12611,26802,1580,5,26,목
2022-05-26,6호선,월곡(동덕여대),13637,13051,26688,586,5,26,목
2022-05-26,6호선,상월곡(한국과학기술연구원),7732,7195,14927,537,5,26,목
2022-05-26,6호선,돌곶이,10488,9413,19901,1075,5,26,목
2022-05-26,6호선,석계,13941,14596,28537,-655,5,26,목
2022-05-26,4호선,노원,20457,23237,43694,-2780,5,26,목
2022-05-26,4호선,창동,27996,29524,57520,-1528,5,26,목
2022-05-26,4호선,쌍문,31662,29025,60687,2637,5,26,목
2022-05-26,안산선,대야미,5637,5057,10694,580,5,26,목
2022-05-26,안산선,반월,4780,4612,9392,168,5,26,목
2022-05-26,안산선,상록수,18126,18193,36319,-67,5,26,목
2022-05-26,안산선,한대앞,11505,11695,23200,-190,5,26,목
2022-05-26,안산선,중앙,20373,20966,41339,-593,5,26,목
2022-05-26,안산선,고잔,10092,9655,19747,437,5,26,목
2022-05-26,안산선,초지,5675,6062,11737,-387,5,26,목
2022-05-26,안산선,안산,12178,11040,23218,1138,5,26,목
2022-05-26,장항선,탕정,981,817,1798,164,5,26,목
2022-05-26,장항선,배방,1312,1289,2601,23,5,26,목
2022-05-26,장항선,온양온천,3992,4155,8147,-163,5,26,목
2022-05-26,장항선,신창(순천향대),3513,2866,6379,647,5,26,목
2022-05-26,중앙선,회기,28351,27404,55755,947,5,26,목
2022-05-26,중앙선,중랑,6275,5775,12050,500,5,26,목
2022-05-26,중앙선,상봉(시외버스터미널),6279,6180,12459,99,5,26,목
2022-05-26,중앙선,망우,8603,8359,16962,244,5,26,목
2022-05-26,중앙선,양원,3485,3255,6740,230,5,26,목
2022-05-26,중앙선,구리,14707,14877,29584,-170,5,26,목
2022-05-26,중앙선,도농,12375,11021,23396,1354,5,26,목
2022-05-26,중앙선,양정,800,682,1482,118,5,26,목
2022-05-26,중앙선,덕소,6205,6248,12453,-43,5,26,목
2022-05-26,중앙선,도심,2750,2133,4883,617,5,26,목
2022-05-26,중앙선,팔당,930,978,1908,-48,5,26,목
2022-05-26,중앙선,운길산,978,973,1951,5,5,26,목
2022-05-26,중앙선,양수,2249,2257,4506,-8,5,26,목
2022-05-26,중앙선,신원,263,196,459,67,5,26,목
2022-05-26,중앙선,국수,823,837,1660,-14,5,26,목
2022-05-26,중앙선,아신,555,577,1132,-22,5,26,목
2022-05-26,중앙선,오빈,320,336,656,-16,5,26,목
2022-05-26,중앙선,양평,3045,3031,6076,14,5,26,목
2022-05-26,중앙선,원덕,396,399,795,-3,5,26,목
2022-05-26,중앙선,용문,2023,2046,4069,-23,5,26,목
2022-05-26,중앙선,지평,72,110,182,-38,5,26,목
2022-05-26,4호선,수유(강북구청),36445,36038,72483,407,5,26,목
2022-05-26,경원선,창동,1,0,1,1,5,26,목
2022-05-26,분당선,복정,1,0,1,1,5,26,목
2022-05-26,우이신설선,성신여대입구(돈암),3629,4057,7686,-428,5,26,목
2022-05-26,우이신설선,보문,1666,1675,3341,-9,5,26,목
2022-05-26,우이신설선,신설동,2331,2290,4621,41,5,26,목
2022-05-26,일산선,원흥,12457,11620,24077,837,5,26,목
2022-05-26,일산선,삼송,21836,20815,42651,1021,5,26,목
2022-05-26,일산선,원당,12467,11604,24071,863,5,26,목
2022-05-26,일산선,화정,18572,19017,37589,-445,5,26,목
2022-05-26,일산선,대곡,2448,1938,4386,510,5,26,목
2022-05-26,일산선,백석,10804,10708,21512,96,5,26,목
2022-05-26,일산선,마두,8360,8410,16770,-50,5,26,목
2022-05-26,일산선,정발산,7561,7760,15321,-199,5,26,목
2022-05-26,일산선,주엽,10171,10097,20268,74,5,26,목
2022-05-26,일산선,대화,14810,11523,26333,3287,5,26,목
2022-05-26,장항선,봉명,1417,1398,2815,19,5,26,목
2022-05-26,장항선,쌍용(나사렛대),3311,2898,6209,413,5,26,목
2022-05-26,장항선,아산,4227,3868,8095,359,5,26,목
2022-05-26,안산선,신길온천,2043,1833,3876,210,5,26,목
2022-05-26,안산선,정왕,10893,11120,22013,-227,5,26,목
2022-05-26,안산선,오이도,9483,9344,18827,139,5,26,목
2022-05-26,안산선,수리산,4661,3885,8546,776,5,26,목
2022-05-26,우이신설선,북한산우이,3005,2748,5753,257,5,26,목
2022-05-26,우이신설선,솔밭공원,2840,2626,5466,214,5,26,목
2022-05-26,우이신설선,4.19민주묘지,3694,3476,7170,218,5,26,목
2022-05-26,우이신설선,가오리,4630,4523,9153,107,5,26,목
2022-05-26,우이신설선,화계,3841,3480,7321,361,5,26,목
2022-05-26,우이신설선,삼양,2230,2238,4468,-8,5,26,목
2022-05-26,우이신설선,삼양사거리,2671,2686,5357,-15,5,26,목
2022-05-26,우이신설선,솔샘,6408,5898,12306,510,5,26,목
2022-05-26,우이신설선,북한산보국문,6792,6274,13066,518,5,26,목
2022-05-26,4호선,미아(서울사이버대학),16425,15711,32136,714,5,26,목
2022-05-26,4호선,미아사거리,29471,28268,57739,1203,5,26,목
2022-05-26,4호선,길음,24502,24088,48590,414,5,26,목
2022-05-26,4호선,성신여대입구(돈암),22634,21423,44057,1211,5,26,목
2022-05-26,6호선,태릉입구,6892,8015,14907,-1123,5,26,목
2022-05-26,6호선,화랑대(서울여대입구),14369,10881,25250,3488,5,26,목
2022-05-26,6호선,봉화산(서울의료원),9922,9182,19104,740,5,26,목
2022-05-26,6호선,신내,1,0,1,1,5,26,목
2022-05-26,7호선,장암,2529,992,3521,1537,5,26,목
2022-05-26,7호선,도봉산,10403,11944,22347,-1541,5,26,목
2022-05-26,7호선,수락산,14079,13389,27468,690,5,26,목
2022-05-26,7호선,마들,14159,13190,27349,969,5,26,목
2022-05-26,7호선,노원,20451,21953,42404,-1502,5,26,목
2022-05-26,7호선,중계,16312,14718,31030,1594,5,26,목
2022-05-26,7호선,하계,19597,18268,37865,1329,5,26,목
2022-05-26,7호선,공릉(서울과학기술대),13758,13444,27202,314,5,26,목
2022-05-26,7호선,태릉입구,10821,10466,21287,355,5,26,목
2022-05-26,7호선,먹골,11015,10485,21500,530,5,26,목
2022-05-26,7호선,중화,11781,11370,23151,411,5,26,목
2022-05-26,7호선,상봉(시외버스터미널),17996,17016,35012,980,5,26,목
2022-05-26,7호선,면목,17553,16960,34513,593,5,26,목
2022-05-26,7호선,사가정,17586,17287,34873,299,5,26,목
2022-05-26,7호선,용마산(용마폭포공원),6471,6226,12697,245,5,26,목
2022-05-26,7호선,중곡,12008,11008,23016,1000,5,26,목
2022-05-26,7호선,군자(능동),15911,12614,28525,3297,5,26,목
2022-05-26,7호선,어린이대공원(세종대),17797,18189,35986,-392,5,26,목
2022-05-26,7호선,건대입구,13747,14610,28357,-863,5,26,목
2022-05-26,7호선,뚝섬유원지,10016,9677,19693,339,5,26,목
2022-05-26,7호선,청담,21136,23934,45070,-2798,5,26,목
2022-05-26,7호선,강남구청,17253,19361,36614,-2108,5,26,목
2022-05-26,7호선,학동,25954,28147,54101,-2193,5,26,목
2022-05-26,7호선,논현,21976,24175,46151,-2199,5,26,목
2022-05-26,7호선,반포,6380,6182,12562,198,5,26,목
2022-05-26,7호선,고속터미널,16682,14156,30838,2526,5,26,목
2022-05-26,7호선,내방,15897,16373,32270,-476,5,26,목
2022-05-26,7호선,이수,17174,16446,33620,728,5,26,목
2022-05-26,7호선,남성,12306,11311,23617,995,5,26,목
2022-05-26,7호선,숭실대입구(살피재),16261,16201,32462,60,5,26,목
2022-05-26,7호선,상도,12836,12380,25216,456,5,26,목
2022-05-26,7호선,장승배기,9673,9383,19056,290,5,26,목
2022-05-26,7호선,신대방삼거리,18161,17179,35340,982,5,26,목
2022-05-26,7호선,보라매,11335,11392,22727,-57,5,26,목
2022-05-26,7호선,신풍,12669,11968,24637,701,5,26,목
2022-05-26,7호선,대림(구로구청),8088,8086,16174,2,5,26,목
2022-05-26,7호선,남구로,16461,17824,34285,-1363,5,26,목
2022-05-26,7호선,가산디지털단지,47544,48424,95968,-880,5,26,목
2022-05-26,7호선,철산,22703,22946,45649,-243,5,26,목
2022-05-26,7호선,광명사거리,23276,22739,46015,537,5,26,목
2022-05-26,7호선,천왕,12555,11799,24354,756,5,26,목
2022-05-26,7호선,온수(성공회대입구),11952,11405,23357,547,5,26,목
2022-05-26,8호선,암사,20802,17897,38699,2905,5,26,목
2022-05-26,8호선,천호(풍납토성),15726,18225,33951,-2499,5,26,목
2022-05-26,8호선,강동구청,11275,11587,22862,-312,5,26,목
2022-05-26,8호선,몽촌토성(평화의문),6942,7029,13971,-87,5,26,목
2022-05-26,8호선,잠실(송파구청),14452,17125,31577,-2673,5,26,목
2022-05-26,8호선,석촌,8268,9497,17765,-1229,5,26,목
2022-05-26,8호선,송파,9196,8816,18012,380,5,26,목
2022-05-26,8호선,가락시장,8259,9263,17522,-1004,5,26,목
2022-05-26,8호선,문정,23589,25028,48617,-1439,5,26,목
2022-05-26,8호선,장지,18862,17478,36340,1384,5,26,목
2022-05-26,8호선,복정,11032,9172,20204,1860,5,26,목
2022-05-26,8호선,산성,5896,5969,11865,-73,5,26,목
2022-05-26,8호선,남한산성입구(성남법원.검찰청),16888,15460,32348,1428,5,26,목
2022-05-26,8호선,단대오거리,12267,11397,23664,870,5,26,목
2022-05-26,8호선,신흥,4396,4850,9246,-454,5,26,목
2022-05-26,8호선,수진,5760,5309,11069,451,5,26,목
2022-05-26,8호선,모란,4854,3816,8670,1038,5,26,목
2022-05-26,8호선,남위례,5877,6013,11890,-136,5,26,목
2022-05-26,9호선,개화,2922,2007,4929,915,5,26,목
2022-05-26,9호선,김포공항,7965,11933,19898,-3968,5,26,목
2022-05-26,9호선,공항시장,3110,3376,6486,-266,5,26,목
2022-05-26,9호선,신방화,7438,7162,14600,276,5,26,목
2022-05-26,9호선,마곡나루(서울식물원),13795,13746,27541,49,5,26,목
2022-05-26,9호선,양천향교,10652,10933,21585,-281,5,26,목
2022-05-26,9호선,가양,23052,22185,45237,867,5,26,목
2022-05-26,9호선,증미,8016,7714,15730,302,5,26,목
2022-05-26,9호선,등촌,12284,11572,23856,712,5,26,목
2022-05-26,9호선,염창,19078,18229,37307,849,5,26,목
2022-05-26,9호선,신목동,4810,4127,8937,683,5,26,목
2022-05-26,9호선,선유도,9526,9157,18683,369,5,26,목
2022-05-26,9호선,당산,20029,20220,40249,-191,5,26,목
2022-05-26,9호선,국회의사당,17166,18092,35258,-926,5,26,목
2022-05-26,9호선,여의도,30070,29970,60040,100,5,26,목
2022-05-26,우이신설선,정릉,5230,4697,9927,533,5,26,목
2022-05-26,9호선,샛강,6756,7114,13870,-358,5,26,목
2022-05-26,9호선,노량진,28817,27448,56265,1369,5,26,목
2022-05-26,9호선,노들,4901,4014,8915,887,5,26,목
2022-05-26,9호선,흑석(중앙대입구),10223,10267,20490,-44,5,26,목
2022-05-26,9호선,동작(현충원),2220,1887,4107,333,5,26,목
2022-05-26,9호선,구반포,1335,1366,2701,-31,5,26,목
2022-05-26,9호선,신반포,3960,3878,7838,82,5,26,목
2022-05-26,9호선,고속터미널,14020,17044,31064,-3024,5,26,목
2022-05-26,9호선,사평,3994,3735,7729,259,5,26,목
2022-05-26,9호선,신논현,34074,33888,67962,186,5,26,목
2022-05-26,9호선2~3단계,언주,11022,11718,22740,-696,5,26,목
2022-05-26,9호선2~3단계,선정릉,10733,11938,22671,-1205,5,26,목
2022-05-26,9호선2~3단계,삼성중앙,7767,8198,15965,-431,5,26,목
2022-05-26,9호선2~3단계,봉은사,18697,19313,38010,-616,5,26,목
2022-05-26,9호선2~3단계,종합운동장,4541,4614,9155,-73,5,26,목
2022-05-26,9호선2~3단계,삼전,7314,6941,14255,373,5,26,목
2022-05-26,9호선2~3단계,석촌고분,6461,6309,12770,152,5,26,목
2022-05-26,9호선2~3단계,석촌,9254,8188,17442,1066,5,26,목
2022-05-26,9호선2~3단계,송파나루,5305,5589,10894,-284,5,26,목
2022-05-26,9호선2~3단계,한성백제,2811,2569,5380,242,5,26,목
2022-05-26,9호선2~3단계,올림픽공원(한국체대),7831,7555,15386,276,5,26,목
2022-05-26,9호선2~3단계,둔촌오륜,1258,1115,2373,143,5,26,목
2022-05-26,9호선2~3단계,중앙보훈병원,12002,10484,22486,1518,5,26,목
2022-05-26,경강선,판교,5316,5441,10757,-125,5,26,목
2022-05-26,경강선,이매,1214,971,2185,243,5,26,목
2022-05-26,경강선,삼동,2621,2377,4998,244,5,26,목
2022-05-26,경강선,경기광주,8670,7933,16603,737,5,26,목
2022-05-26,경강선,초월,3504,3259,6763,245,5,26,목
2022-05-26,경강선,곤지암,2460,2457,4917,3,5,26,목
2022-05-26,경강선,신둔도예촌,1814,1612,3426,202,5,26,목
2022-05-26,경강선,이천,2626,2783,5409,-157,5,26,목
2022-05-26,경강선,부발,2295,2182,4477,113,5,26,목
2022-05-26,경강선,세종대왕릉,329,332,661,-3,5,26,목
2022-05-26,경강선,여주,2914,2714,5628,200,5,26,목
2022-05-26,경부선,서울역,7350,2228,9578,5122,5,26,목
2022-05-26,경부선,남영,10533,11324,21857,-791,5,26,목
2022-05-26,경부선,용산,37412,37381,74793,31,5,26,목
2022-05-26,경부선,노량진,9028,9231,18259,-203,5,26,목
2022-05-26,경부선,대방,14625,15029,29654,-404,5,26,목
2022-05-26,경부선,영등포,39872,41227,81099,-1355,5,26,목
2022-05-26,경부선,신도림,4668,4822,9490,-154,5,26,목
2022-05-26,경부선,신길,10137,8816,18953,1321,5,26,목
2022-05-26,경부선,구로,19847,20848,40695,-1001,5,26,목
2022-05-26,경부선,가산디지털단지,19940,22934,42874,-2994,5,26,목
2022-05-26,경부선,금천구청,13063,12945,26008,118,5,26,목
2022-05-26,경부선,석수,10740,9599,20339,1141,5,26,목
2022-05-26,경부선,관악,8288,7622,15910,666,5,26,목
2022-05-26,경부선,안양,29001,28559,57560,442,5,26,목
2022-05-26,경부선,명학,11237,11226,22463,11,5,26,목
2022-05-26,경부선,금정,29720,29996,59716,-276,5,26,목
2022-05-26,경부선,군포,8191,8068,16259,123,5,26,목
2022-05-26,경부선,의왕,10471,10322,20793,149,5,26,목
2022-05-26,경부선,성균관대,16786,16493,33279,293,5,26,목
2022-05-26,경부선,화서,9324,8898,18222,426,5,26,목
2022-05-26,경부선,수원,40059,42537,82596,-2478,5,26,목
2022-05-26,경부선,독산,20258,21006,41264,-748,5,26,목
2022-05-26,경부선,세류,3384,3119,6503,265,5,26,목
2022-05-26,경부선,병점,17852,17889,35741,-37,5,26,목
2022-05-26,경부선,세마,3186,3044,6230,142,5,26,목
2022-05-26,경부선,오산대,4891,4436,9327,455,5,26,목
2022-05-26,경부선,오산,11020,11012,22032,8,5,26,목
2022-05-26,경부선,진위,1897,1697,3594,200,5,26,목
2022-05-26,경부선,송탄,4837,4578,9415,259,5,26,목
2022-05-26,경부선,서정리,8086,7564,15650,522,5,26,목
2022-05-26,경부선,평택지제,4045,3971,8016,74,5,26,목
2022-05-26,경부선,평택,14424,14297,28721,127,5,26,목
2022-05-26,경부선,성환,7710,6998,14708,712,5,26,목
2022-05-26,경부선,직산,899,914,1813,-15,5,26,목
2022-05-26,경부선,두정,8755,8819,17574,-64,5,26,목
2022-05-26,경부선,천안,7718,6897,14615,821,5,26,목
2022-05-26,경부선,당정,8033,7563,15596,470,5,26,목
2022-05-26,경부선,서동탄,1572,1467,3039,105,5,26,목
2022-05-26,경부선,광명,3631,3205,6836,426,5,26,목
2022-05-26,경원선,이촌(국립중앙박물관),4318,3201,7519,1117,5,26,목
2022-05-26,경원선,서빙고,2208,1997,4205,211,5,26,목
2022-05-26,경원선,한남,4540,4400,8940,140,5,26,목
2022-05-26,5호선,을지로4가,6807,7006,13813,-199,5,26,목
2022-05-26,경원선,옥수,67,43,110,24,5,26,목
2022-05-26,경원선,응봉,2193,1807,4000,386,5,26,목
2022-05-26,경원선,왕십리(성동구청),18080,18803,36883,-723,5,26,목
2022-05-26,경원선,청량리(서울시립대입구),16814,17034,33848,-220,5,26,목
2022-05-26,경원선,외대앞,9819,9937,19756,-118,5,26,목
2022-05-26,경원선,신이문,9146,8198,17344,948,5,26,목
2022-05-26,경원선,석계,9118,10043,19161,-925,5,26,목
2022-05-26,경원선,광운대,9944,9771,19715,173,5,26,목
2022-05-26,경원선,월계,8977,8140,17117,837,5,26,목
2022-05-26,경원선,녹천,5232,4328,9560,904,5,26,목
2022-05-26,경원선,방학,10884,10616,21500,268,5,26,목
2022-05-26,경원선,도봉,6608,6312,12920,296,5,26,목
2022-05-26,경원선,도봉산,8620,5964,14584,2656,5,26,목
2022-05-26,경원선,망월사,12051,12518,24569,-467,5,26,목
2022-05-26,경원선,회룡,14163,13918,28081,245,5,26,목
2022-05-26,경원선,의정부,20012,20703,40715,-691,5,26,목
2022-05-26,경원선,가능,7678,7364,15042,314,5,26,목
2022-05-26,경원선,녹양,5175,4918,10093,257,5,26,목
2022-05-26,경원선,양주,8733,8140,16873,593,5,26,목
2022-05-26,경원선,덕계,3850,3372,7222,478,5,26,목
2022-05-26,경원선,덕정,7165,6829,13994,336,5,26,목
2022-05-26,경원선,지행,7495,7513,15008,-18,5,26,목
2022-05-26,경원선,동두천중앙,3451,3355,6806,96,5,26,목
2022-05-26,경원선,보산,1965,1609,3574,356,5,26,목
2022-05-26,경원선,동두천,2994,3194,6188,-200,5,26,목
2022-05-26,경원선,소요산,2781,2448,5229,333,5,26,목
2022-05-26,경의선,서울역,5107,6622,11729,-1515,5,26,목
2022-05-26,경의선,신촌,933,1367,2300,-434,5,26,목
2022-05-26,경의선,효창공원앞,3588,3783,7371,-195,5,26,목
2022-05-26,경의선,공덕,3892,3602,7494,290,5,26,목
2022-05-26,경의선,서강대,2359,2338,4697,21,5,26,목
2022-05-26,경의선,홍대입구,1911,2234,4145,-323,5,26,목
2022-05-26,경의선,가좌,6264,5929,12193,335,5,26,목
2022-05-26,경의선,디지털미디어시티,3027,2836,5863,191,5,26,목
2022-05-26,경의선,수색,3192,3437,6629,-245,5,26,목
2022-05-26,경의선,화전,3869,4067,7936,-198,5,26,목
2022-05-26,경의선,강매,3740,3276,7016,464,5,26,목
2022-05-26,경의선,행신,8955,9040,17995,-85,5,26,목
2022-05-26,경의선,능곡,4319,3983,8302,336,5,26,목
2022-05-26,경의선,곡산,724,751,1475,-27,5,26,목
2022-05-26,경의선,백마,7908,7619,15527,289,5,26,목
2022-05-26,경의선,풍산,6348,5880,12228,468,5,26,목
2022-05-26,경의선,일산,10847,10547,21394,300,5,26,목
2022-05-26,경의선,탄현,8742,8220,16962,522,5,26,목
2022-05-26,경의선,야당,8741,8729,17470,12,5,26,목
2022-05-26,경의선,운정,8050,7363,15413,687,5,26,목
2022-05-26,경의선,금릉,5565,5417,10982,148,5,26,목
2022-05-26,경의선,금촌,7561,7570,15131,-9,5,26,목
2022-05-26,경의선,월롱,3547,2941,6488,606,5,26,목
2022-05-26,경의선,파주,1690,1276,2966,414,5,26,목
2022-05-26,경의선,문산,5605,5610,11215,-5,5,26,목
2022-05-26,경의선,임진강,15,7,22,8,5,26,목
2022-05-26,경인선,개봉,23647,22743,46390,904,5,26,목
2022-05-26,경인선,오류동,13115,11958,25073,1157,5,26,목
2022-05-26,경인선,역곡,31886,31052,62938,834,5,26,목
2022-05-26,경인선,부천,35703,35791,71494,-88,5,26,목
2022-05-26,경인선,송내,30612,30498,61110,114,5,26,목
2022-05-26,경인선,부평,31007,33346,64353,-2339,5,26,목
2022-05-26,경인선,백운,7831,7609,15440,222,5,26,목
2022-05-26,경인선,동암,16387,16468,32855,-81,5,26,목
2022-05-26,경인선,주안,22118,19760,41878,2358,5,26,목
2022-05-26,경인선,제물포,12389,11842,24231,547,5,26,목
2022-05-26,경인선,동인천,15671,14614,30285,1057,5,26,목
2022-05-26,경인선,인천,4161,3298,7459,863,5,26,목
2022-05-26,경인선,구일,8084,7882,15966,202,5,26,목
2022-05-26,경인선,소사,9660,9559,19219,101,5,26,목
2022-05-26,경인선,부개,9830,9000,18830,830,5,26,목
2022-05-26,경인선,간석,6642,6237,12879,405,5,26,목
2022-05-26,경인선,도원,3765,3838,7603,-73,5,26,목
2022-05-26,경인선,온수(성공회대입구),8132,7548,15680,584,5,26,목
2022-05-26,경인선,중동,10607,9820,20427,787,5,26,목
2022-05-26,경인선,도화,4687,4261,8948,426,5,26,목
2022-05-26,경춘선,신내,2605,2457,5062,148,5,26,목
2022-05-26,경춘선,갈매,3318,2880,6198,438,5,26,목
2022-05-26,경춘선,별내,3563,3410,6973,153,5,26,목
2022-05-26,경춘선,퇴계원,4005,3614,7619,391,5,26,목
2022-05-26,경춘선,사릉,2735,2710,5445,25,5,26,목
2022-05-26,경춘선,금곡,1772,1703,3475,69,5,26,목
2022-05-26,경춘선,평내호평,7111,6905,14016,206,5,26,목
2022-05-26,경춘선,천마산,1946,1836,3782,110,5,26,목
2022-05-26,경춘선,마석,4477,4218,8695,259,5,26,목
2022-05-26,경춘선,대성리,547,658,1205,-111,5,26,목
2022-05-26,경춘선,청평,1773,1818,3591,-45,5,26,목
2022-05-26,경춘선,상천,276,280,556,-4,5,26,목
2022-05-26,경춘선,가평,1759,1817,3576,-58,5,26,목
2022-05-26,경춘선,굴봉산,179,159,338,20,5,26,목
2022-05-26,경춘선,백양리,86,113,199,-27,5,26,목
2022-05-26,경춘선,강촌,535,555,1090,-20,5,26,목
2022-05-26,경춘선,김유정,352,386,738,-34,5,26,목
2022-05-26,경춘선,남춘천,3255,2907,6162,348,5,26,목
2022-05-26,경춘선,춘천,2040,1522,3562,518,5,26,목
2022-05-26,공항철도 1호선,서울역,9553,8637,18190,916,5,26,목
2022-05-26,공항철도 1호선,공덕,2556,3325,5881,-769,5,26,목
2022-05-26,공항철도 1호선,홍대입구,10523,10706,21229,-183,5,26,목
2022-05-26,공항철도 1호선,디지털미디어시티,15968,15022,30990,946,5,26,목
2022-05-26,공항철도 1호선,마곡나루(서울식물원),10796,10664,21460,132,5,26,목
2022-05-26,공항철도 1호선,김포공항,12781,7211,19992,5570,5,26,목
2022-05-26,공항철도 1호선,계양,12218,11284,23502,934,5,26,목
2022-05-26,공항철도 1호선,검암,7505,7446,14951,59,5,26,목
2022-05-26,공항철도 1호선,청라국제도시,7942,7587,15529,355,5,26,목
2022-05-26,공항철도 1호선,운서,7665,7860,15525,-195,5,26,목
2022-05-26,공항철도 1호선,공항화물청사,2441,2586,5027,-145,5,26,목
2022-05-26,공항철도 1호선,인천공항1터미널,6804,6025,12829,779,5,26,목
2022-05-26,공항철도 1호선,인천공항2터미널,3532,2898,6430,634,5,26,목
2022-05-26,공항철도 1호선,영종,3502,3581,7083,-79,5,26,목
2022-05-26,과천선,경마공원,1511,1454,2965,57,5,26,목
2022-05-26,과천선,대공원,5367,5513,10880,-146,5,26,목
2022-05-26,과천선,과천,7088,6432,13520,656,5,26,목
2022-05-26,과천선,정부과천청사,11788,11792,23580,-4,5,26,목
2022-05-26,과천선,인덕원,27210,27531,54741,-321,5,26,목
2022-05-26,과천선,평촌,19865,19397,39262,468,5,26,목
2022-05-26,과천선,범계,28836,27824,56660,1012,5,26,목
2022-05-26,분당선,선릉,15099,22943,38042,-7844,5,26,목
2022-05-26,분당선,한티,16080,16995,33075,-915,5,26,목
2022-05-26,분당선,도곡,7894,7668,15562,226,5,26,목
2022-05-26,분당선,구룡,2655,2469,5124,186,5,26,목
2022-05-26,분당선,개포동,4432,4600,9032,-168,5,26,목
2022-05-26,분당선,대모산입구,5225,4816,10041,409,5,26,목
2022-05-26,분당선,수서,14927,15403,30330,-476,5,26,목
2022-05-26,분당선,수원,9209,7458,16667,1751,5,26,목
2022-05-26,분당선,서울숲,12905,13249,26154,-344,5,26,목
2022-05-26,분당선,압구정로데오,20049,22851,42900,-2802,5,26,목
2022-05-26,분당선,강남구청,10964,12732,23696,-1768,5,26,목
2022-05-26,분당선,선정릉,8766,9457,18223,-691,5,26,목
2022-05-26,분당선,가천대,13659,14367,28026,-708,5,26,목
2022-05-26,분당선,태평,14403,13689,28092,714,5,26,목
2022-05-26,분당선,모란,22130,22220,44350,-90,5,26,목
2022-05-26,분당선,야탑,28924,30206,59130,-1282,5,26,목
2022-05-26,분당선,서현,26054,26711,52765,-657,5,26,목
2022-05-26,분당선,수내,14724,14726,29450,-2,5,26,목
2022-05-26,분당선,정자,19585,20692,40277,-1107,5,26,목
2022-05-26,분당선,미금,17081,18227,35308,-1146,5,26,목
2022-05-26,분당선,오리,13093,10636,23729,2457,5,26,목
2022-05-26,분당선,이매,6689,6416,13105,273,5,26,목
2022-05-26,분당선,보정,2946,2597,5543,349,5,26,목
2022-05-26,분당선,죽전,15950,17501,33451,-1551,5,26,목
2022-05-26,분당선,구성,5768,5980,11748,-212,5,26,목
2022-05-26,분당선,신갈,5090,4937,10027,153,5,26,목
2022-05-26,분당선,기흥,11666,10871,22537,795,5,26,목
2022-05-26,분당선,상갈,6272,6069,12341,203,5,26,목
2022-05-26,분당선,청명,4765,4786,9551,-21,5,26,목
2022-05-26,분당선,영통,10372,11049,21421,-677,5,26,목
2022-05-26,분당선,망포,16223,15389,31612,834,5,26,목
2022-05-26,분당선,매탄권선,5949,5701,11650,248,5,26,목
2022-05-26,분당선,수원시청,13672,14782,28454,-1110,5,26,목
2022-05-26,분당선,매교,3535,3629,7164,-94,5,26,목
2022-05-26,수인선,고색,5578,5226,10804,352,5,26,목
2022-05-26,수인선,오목천,4519,4160,8679,359,5,26,목
2022-05-26,수인선,어천,825,895,1720,-70,5,26,목
2022-05-26,수인선,야목,503,349,852,154,5,26,목
2022-05-26,수인선,사리,5548,4835,10383,713,5,26,목
2022-05-26,수인선,달월,120,76,196,44,5,26,목
2022-05-26,수인선,월곶,3317,3089,6406,228,5,26,목
2022-05-26,수인선,소래포구,6984,6484,13468,500,5,26,목
2022-05-26,수인선,인천논현,6169,6607,12776,-438,5,26,목
2022-05-26,수인선,호구포,4518,4698,9216,-180,5,26,목
2022-05-26,수인선,남동인더스파크,2398,2704,5102,-306,5,26,목
2022-05-26,수인선,원인재,4891,5161,10052,-270,5,26,목
2022-05-26,수인선,연수,5041,5053,10094,-12,5,26,목
2022-05-26,수인선,송도,2800,2599,5399,201,5,26,목
2022-05-26,수인선,인하대,8324,7724,16048,600,5,26,목
2022-05-26,수인선,숭의,4404,4158,8562,246,5,26,목
2022-05-26,수인선,신포,2077,2106,4183,-29,5,26,목
2022-05-26,수인선,인천,1143,1881,3024,-738,5,26,목
2022-05-26,안산선,산본,17592,18797,36389,-1205,5,26,목
2022-05-26,4호선,한성대입구(삼선교),16221,15686,31907,535,5,26,목
2022-05-26,4호선,혜화,36713,37291,74004,-578,5,26,목
2022-05-26,4호선,동대문,21496,22210,43706,-714,5,26,목
2022-05-26,4호선,동대문역사문화공원(DDP),15446,14305,29751,1141,5,26,목
2022-05-26,4호선,충무로,31404,32584,63988,-1180,5,26,목
2022-05-26,4호선,명동,22243,23283,45526,-1040,5,26,목
2022-05-26,4호선,회현(남대문시장),27707,29518,57225,-1811,5,26,목
2022-05-26,4호선,서울역,12811,19295,32106,-6484,5,26,목
2022-05-26,4호선,숙대입구(갈월),15559,15160,30719,399,5,26,목
2022-05-26,4호선,삼각지,6034,7021,13055,-987,5,26,목
2022-05-26,4호선,신용산,18493,19576,38069,-1083,5,26,목
2022-05-26,4호선,이촌(국립중앙박물관),9434,10496,19930,-1062,5,26,목
2022-05-26,4호선,동작(현충원),1853,2073,3926,-220,5,26,목
2022-05-26,4호선,총신대입구(이수),20895,22752,43647,-1857,5,26,목
2022-05-26,4호선,사당,28597,24311,52908,4286,5,26,목
2022-05-26,4호선,남태령,1509,1272,2781,237,5,26,목
2022-05-26,5호선,방화,7433,7062,14495,371,5,26,목
2022-05-26,5호선,개화산,6204,5800,12004,404,5,26,목
2022-05-26,5호선,김포공항,7700,7760,15460,-60,5,26,목
2022-05-26,5호선,송정,7166,6611,13777,555,5,26,목
2022-05-26,5호선,마곡,11516,11481,22997,35,5,26,목
2022-05-26,5호선,발산,22543,23353,45896,-810,5,26,목
2022-05-26,5호선,우장산,16230,15786,32016,444,5,26,목
2022-05-26,5호선,화곡,31108,28604,59712,2504,5,26,목
2022-05-26,5호선,까치산,31384,29254,60638,2130,5,26,목
2022-05-26,5호선,신정(은행정),15275,12140,27415,3135,5,26,목
2022-05-26,5호선,목동,18735,19707,38442,-972,5,26,목
2022-05-26,5호선,오목교(목동운동장앞),23473,25041,48514,-1568,5,26,목
2022-05-26,5호선,양평,8074,7929,16003,145,5,26,목
2022-05-26,5호선,영등포구청,4421,4641,9062,-220,5,26,목
2022-05-26,5호선,영등포시장,11043,11141,22184,-98,5,26,목
2022-05-26,5호선,신길,4602,4790,9392,-188,5,26,목
2022-05-26,5호선,여의도,30428,33503,63931,-3075,5,26,목
2022-05-26,5호선,여의나루,12916,14394,27310,-1478,5,26,목
2022-05-26,5호선,마포,15825,16176,32001,-351,5,26,목
2022-05-26,5호선,공덕,15651,16774,32425,-1123,5,26,목
2022-05-26,5호선,애오개,7451,7336,14787,115,5,26,목
2022-05-26,5호선,충정로(경기대입구),5101,5332,10433,-231,5,26,목
2022-05-26,5호선,서대문,22246,22764,45010,-518,5,26,목
2022-05-26,5호선,광화문(세종문화회관),34766,37217,71983,-2451,5,26,목
2022-05-26,5호선,종로3가,14191,13981,28172,210,5,26,목
2022-05-26,2호선,강남,88506,89312,177818,-806,5,26,목
2022-05-26,과천선,선바위,9469,8249,17718,1220,5,26,목
2022-05-26,1호선,서울역,50053,48046,98099,2007,5,26,목
2022-05-26,1호선,시청,25925,26529,52454,-604,5,26,목
2022-05-26,1호선,종각,39347,38453,77800,894,5,26,목
2022-05-26,1호선,종로3가,28206,25240,53446,2966,5,26,목
2022-05-26,1호선,종로5가,25284,25128,50412,156,5,26,목
2022-05-26,1호선,동대문,11920,11150,23070,770,5,26,목
2022-05-26,1호선,신설동,15108,14738,29846,370,5,26,목
2022-05-26,1호선,제기동,18660,18610,37270,50,5,26,목
2022-05-26,1호선,청량리(서울시립대입구),21604,21629,43233,-25,5,26,목
2022-05-26,1호선,동묘앞,8963,9317,18280,-354,5,26,목
2022-05-26,2호선,시청,26331,26032,52363,299,5,26,목
2022-05-26,2호선,을지로입구,43118,45389,88507,-2271,5,26,목
2022-05-26,2호선,을지로3가,25169,25529,50698,-360,5,26,목
2022-05-26,2호선,을지로4가,14088,14154,28242,-66,5,26,목
2022-05-26,2호선,동대문역사문화공원(DDP),13133,14760,27893,-1627,5,26,목
2022-05-26,2호선,신당,15346,15767,31113,-421,5,26,목
2022-05-26,2호선,상왕십리,15971,15245,31216,726,5,26,목
2022-05-26,2호선,왕십리(성동구청),20545,17163,37708,3382,5,26,목
2022-05-26,2호선,한양대,30766,38609,69375,-7843,5,26,목
2022-05-26,2호선,뚝섬,24058,26105,50163,-2047,5,26,목
2022-05-26,2호선,성수,40025,44437,84462,-4412,5,26,목
2022-05-26,2호선,건대입구,39676,42635,82311,-2959,5,26,목
2022-05-26,2호선,구의(광진구청),25497,24706,50203,791,5,26,목
2022-05-26,2호선,강변(동서울터미널),33843,31125,64968,2718,5,26,목
2022-05-26,2호선,잠실나루,16260,16028,32288,232,5,26,목
2022-05-26,2호선,잠실(송파구청),72430,72623,145053,-193,5,26,목
2022-05-26,2호선,잠실새내,23059,22815,45874,244,5,26,목
2022-05-26,2호선,종합운동장,10893,12115,23008,-1222,5,26,목
2022-05-26,2호선,삼성(무역센터),57796,59671,117467,-1875,5,26,목
2022-05-26,2호선,선릉,62900,56441,119341,6459,5,26,목
2022-05-26,2호선,역삼,55995,64503,120498,-8508,5,26,목
2022-05-26,2호선,교대(법원.검찰청),38050,43631,81681,-5581,5,26,목
2022-05-26,2호선,서초,23695,22942,46637,753,5,26,목
2022-05-26,2호선,방배,21290,22071,43361,-781,5,26,목
2022-05-26,2호선,사당,41839,46457,88296,-4618,5,26,목
2022-05-26,2호선,낙성대(강감찬),29844,28388,58232,1456,5,26,목
2022-05-26,2호선,서울대입구(관악구청),51616,50089,101705,1527,5,26,목
2022-05-26,2호선,봉천,25551,23361,48912,2190,5,26,목
2022-05-26,2호선,신림,67577,65272,132849,2305,5,26,목
2022-05-26,2호선,신대방,28783,27526,56309,1257,5,26,목
2022-05-26,2호선,구로디지털단지,63590,63592,127182,-2,5,26,목
2022-05-26,2호선,대림(구로구청),25544,25936,51480,-392,5,26,목
2022-05-26,2호선,신도림,52292,52994,105286,-702,5,26,목
2022-05-26,2호선,문래,24406,24985,49391,-579,5,26,목
2022-05-26,2호선,영등포구청,24214,25086,49300,-872,5,26,목
2022-05-26,2호선,당산,20971,24373,45344,-3402,5,26,목
2022-05-26,2호선,합정,32707,35073,67780,-2366,5,26,목
2022-05-26,2호선,홍대입구,57768,62125,119893,-4357,5,26,목
2022-05-26,2호선,신촌,37137,37997,75134,-860,5,26,목
2022-05-26,2호선,이대,16012,16906,32918,-894,5,26,목
2022-05-26,2호선,아현,11661,10965,22626,696,5,26,목
2022-05-26,2호선,충정로(경기대입구),10936,11654,22590,-718,5,26,목
2022-05-26,2호선,용답,3256,3293,6549,-37,5,26,목
2022-05-26,2호선,신답,1904,2004,3908,-100,5,26,목
2022-05-26,2호선,신설동,3499,3513,7012,-14,5,26,목
2022-05-26,2호선,도림천,1457,1502,2959,-45,5,26,목
2022-05-26,2호선,양천구청,7634,7797,15431,-163,5,26,목
2022-05-26,2호선,신정네거리,11270,11270,22540,0,5,26,목
2022-05-26,2호선,용두(동대문구청),2548,2583,5131,-35,5,26,목
2022-05-26,3호선,지축,5711,5224,10935,487,5,26,목
2022-05-26,3호선,구파발,22583,21635,44218,948,5,26,목
2022-05-26,3호선,연신내,39038,36474,75512,2564,5,26,목
2022-05-26,3호선,불광,17912,19251,37163,-1339,5,26,목
2022-05-26,3호선,녹번,17325,15296,32621,2029,5,26,목
2022-05-26,3호선,홍제,19656,18474,38130,1182,5,26,목
2022-05-26,3호선,무악재,4295,4343,8638,-48,5,26,목
2022-05-26,3호선,독립문,7763,8150,15913,-387,5,26,목
2022-05-26,3호선,경복궁(정부서울청사),30176,31967,62143,-1791,5,26,목
2022-05-26,3호선,안국,25571,26319,51890,-748,5,26,목
2022-05-26,3호선,종로3가,10615,12453,23068,-1838,5,26,목
2022-05-26,3호선,을지로3가,11599,11938,23537,-339,5,26,목
2022-05-26,3호선,동대입구,9787,10823,20610,-1036,5,26,목
2022-05-26,3호선,약수,14264,13835,28099,429,5,26,목
2022-05-26,3호선,금호,8560,7814,16374,746,5,26,목
2022-05-26,3호선,옥수,9907,10073,19980,-166,5,26,목
2022-05-26,3호선,압구정,33118,35854,68972,-2736,5,26,목
2022-05-26,3호선,신사,32163,33942,66105,-1779,5,26,목
2022-05-26,3호선,잠원,5524,5296,10820,228,5,26,목
2022-05-26,3호선,고속터미널,43961,41317,85278,2644,5,26,목
2022-05-26,3호선,교대(법원.검찰청),17155,11081,28236,6074,5,26,목
2022-05-26,3호선,남부터미널(예술의전당),31661,31767,63428,-106,5,26,목
2022-05-26,3호선,양재(서초구청),43099,47617,90716,-4518,5,26,목
2022-05-26,3호선,매봉,13762,13549,27311,213,5,26,목
2022-05-26,3호선,도곡,6038,6175,12213,-137,5,26,목
2022-05-26,3호선,대치,11888,12100,23988,-212,5,26,목
2022-05-26,3호선,학여울,2591,2706,5297,-115,5,26,목
2022-05-26,3호선,대청,11467,10506,21973,961,5,26,목
2022-05-26,3호선,일원,12163,11549,23712,614,5,26,목
2022-05-26,3호선,수서,18359,18797,37156,-438,5,26,목
2022-05-26,3호선,가락시장,9949,9851,19800,98,5,26,목
2022-05-26,3호선,경찰병원,7816,7856,15672,-40,5,26,목
2022-05-27,우이신설선,북한산보국문,7146,6162,13308,984,5,27,금
2022-05-27,우이신설선,정릉,5498,4703,10201,795,5,27,금
2022-05-27,우이신설선,성신여대입구(돈암),3706,4172,7878,-466,5,27,금
2022-05-27,우이신설선,보문,1735,1757,3492,-22,5,27,금
2022-05-27,우이신설선,신설동,2406,2343,4749,63,5,27,금
2022-05-27,일산선,원흥,12706,11594,24300,1112,5,27,금
2022-05-27,일산선,삼송,22280,21147,43427,1133,5,27,금
2022-05-27,일산선,원당,12817,11741,24558,1076,5,27,금
2022-05-27,일산선,화정,19048,19321,38369,-273,5,27,금
2022-05-27,일산선,대곡,2497,1927,4424,570,5,27,금
2022-05-27,일산선,백석,11001,10964,21965,37,5,27,금
2022-05-27,일산선,마두,8422,8599,17021,-177,5,27,금
2022-05-27,일산선,정발산,8344,9002,17346,-658,5,27,금
2022-05-27,일산선,주엽,10522,10332,20854,190,5,27,금
2022-05-27,일산선,대화,14796,11463,26259,3333,5,27,금
2022-05-27,장항선,봉명,1381,1336,2717,45,5,27,금
2022-05-27,장항선,쌍용(나사렛대),3159,2672,5831,487,5,27,금
2022-05-27,장항선,아산,4905,4816,9721,89,5,27,금
2022-05-27,장항선,탕정,1106,904,2010,202,5,27,금
2022-05-27,장항선,배방,1519,1401,2920,118,5,27,금
2022-05-27,장항선,온양온천,4415,4735,9150,-320,5,27,금
2022-05-27,장항선,신창(순천향대),3558,2209,5767,1349,5,27,금
2022-05-27,중앙선,회기,29363,27348,56711,2015,5,27,금
2022-05-27,중앙선,중랑,6446,5849,12295,597,5,27,금
2022-05-27,중앙선,상봉(시외버스터미널),6530,6369,12899,161,5,27,금
2022-05-27,중앙선,망우,9043,8650,17693,393,5,27,금
2022-05-27,중앙선,양원,3452,3213,6665,239,5,27,금
2022-05-27,중앙선,구리,15121,15586,30707,-465,5,27,금
2022-05-27,중앙선,도농,12444,11177,23621,1267,5,27,금
2022-05-27,중앙선,양정,796,687,1483,109,5,27,금
2022-05-27,중앙선,덕소,6383,6301,12684,82,5,27,금
2022-05-27,중앙선,도심,2828,2227,5055,601,5,27,금
2022-05-27,중앙선,팔당,1018,1142,2160,-124,5,27,금
2022-05-27,중앙선,운길산,976,913,1889,63,5,27,금
2022-05-27,중앙선,양수,2331,2463,4794,-132,5,27,금
2022-05-27,중앙선,신원,283,238,521,45,5,27,금
2022-05-27,중앙선,국수,884,880,1764,4,5,27,금
2022-05-27,중앙선,아신,633,651,1284,-18,5,27,금
2022-05-27,중앙선,오빈,320,353,673,-33,5,27,금
2022-05-27,중앙선,양평,3249,3549,6798,-300,5,27,금
2022-05-27,중앙선,원덕,428,407,835,21,5,27,금
2022-05-27,중앙선,용문,2059,2247,4306,-188,5,27,금
2022-05-27,중앙선,지평,78,97,175,-19,5,27,금
2022-05-27,우이신설선,솔샘,6417,5667,12084,750,5,27,금
2022-05-27,우이신설선,삼양사거리,2814,2776,5590,38,5,27,금
2022-05-27,우이신설선,삼양,2181,2266,4447,-85,5,27,금
2022-05-27,우이신설선,화계,3889,3498,7387,391,5,27,금
2022-05-27,우이신설선,가오리,4627,4416,9043,211,5,27,금
2022-05-27,우이신설선,4.19민주묘지,4118,3886,8004,232,5,27,금
2022-05-27,우이신설선,솔밭공원,2783,2554,5337,229,5,27,금
2022-05-27,우이신설선,북한산우이,3163,3052,6215,111,5,27,금
2022-05-27,안산선,수리산,4707,3798,8505,909,5,27,금
2022-05-27,안산선,오이도,10046,10156,20202,-110,5,27,금
2022-05-27,안산선,정왕,11902,11253,23155,649,5,27,금
2022-05-27,안산선,신길온천,2110,1918,4028,192,5,27,금
2022-05-27,안산선,안산,12813,11835,24648,978,5,27,금
2022-05-27,안산선,초지,5720,6017,11737,-297,5,27,금
2022-05-27,안산선,고잔,10188,9688,19876,500,5,27,금
2022-05-27,안산선,중앙,21352,23247,44599,-1895,5,27,금
2022-05-27,안산선,한대앞,11686,12428,24114,-742,5,27,금
2022-05-27,수인선,인천논현,6367,6873,13240,-506,5,27,금
2022-05-27,수인선,소래포구,7350,6989,14339,361,5,27,금
2022-05-27,수인선,월곶,3265,2974,6239,291,5,27,금
2022-05-27,수인선,달월,134,89,223,45,5,27,금
2022-05-27,수인선,사리,5658,4882,10540,776,5,27,금
2022-05-27,수인선,야목,517,356,873,161,5,27,금
2022-05-27,수인선,어천,942,938,1880,4,5,27,금
2022-05-27,수인선,오목천,4438,3803,8241,635,5,27,금
2022-05-27,수인선,고색,5650,5144,10794,506,5,27,금
2022-05-27,분당선,매교,3644,3541,7185,103,5,27,금
2022-05-27,분당선,수원시청,14616,17169,31785,-2553,5,27,금
2022-05-27,분당선,매탄권선,6153,5683,11836,470,5,27,금
2022-05-27,분당선,망포,17316,15842,33158,1474,5,27,금
2022-05-27,분당선,영통,10410,10118,20528,292,5,27,금
2022-05-27,분당선,청명,5174,4733,9907,441,5,27,금
2022-05-27,분당선,상갈,6223,5956,12179,267,5,27,금
2022-05-27,분당선,기흥,11575,10850,22425,725,5,27,금
2022-05-27,분당선,신갈,5102,5011,10113,91,5,27,금
2022-05-27,분당선,구성,5851,5929,11780,-78,5,27,금
2022-05-27,분당선,죽전,16485,17570,34055,-1085,5,27,금
2022-05-27,분당선,보정,2853,2454,5307,399,5,27,금
2022-05-27,분당선,이매,6632,6275,12907,357,5,27,금
2022-05-27,분당선,오리,13062,10531,23593,2531,5,27,금
2022-05-27,분당선,미금,17624,18568,36192,-944,5,27,금
2022-05-27,분당선,정자,20003,21166,41169,-1163,5,27,금
2022-05-27,분당선,수내,15050,15064,30114,-14,5,27,금
2022-05-27,분당선,서현,28270,28897,57167,-627,5,27,금
2022-05-27,분당선,야탑,30609,31749,62358,-1140,5,27,금
2022-05-27,분당선,모란,22513,22938,45451,-425,5,27,금
2022-05-27,분당선,태평,15208,14310,29518,898,5,27,금
2022-05-27,분당선,가천대,12300,12389,24689,-89,5,27,금
2022-05-27,분당선,선정릉,8836,9383,18219,-547,5,27,금
2022-05-27,분당선,강남구청,11478,13267,24745,-1789,5,27,금
2022-05-27,분당선,압구정로데오,21949,26042,47991,-4093,5,27,금
2022-05-27,분당선,서울숲,14062,14634,28696,-572,5,27,금
2022-05-27,분당선,수원,9808,8427,18235,1381,5,27,금
2022-05-27,분당선,수서,16233,16925,33158,-692,5,27,금
2022-05-27,분당선,대모산입구,5165,4603,9768,562,5,27,금
2022-05-27,분당선,개포동,4509,4515,9024,-6,5,27,금
2022-05-27,분당선,구룡,2800,2464,5264,336,5,27,금
2022-05-27,분당선,도곡,8372,7823,16195,549,5,27,금
2022-05-27,분당선,한티,16497,17369,33866,-872,5,27,금
2022-05-27,분당선,선릉,14604,22637,37241,-8033,5,27,금
2022-05-27,과천선,범계,30315,30799,61114,-484,5,27,금
2022-05-27,과천선,평촌,19962,19390,39352,572,5,27,금
2022-05-27,과천선,인덕원,28460,28530,56990,-70,5,27,금
2022-05-27,과천선,정부과천청사,12441,11905,24346,536,5,27,금
2022-05-27,과천선,과천,7457,6704,14161,753,5,27,금
2022-05-27,과천선,대공원,8868,8885,17753,-17,5,27,금
2022-05-27,과천선,경마공원,8082,8139,16221,-57,5,27,금
2022-05-27,과천선,선바위,9925,8473,18398,1452,5,27,금
2022-05-27,공항철도 1호선,영종,3776,3978,7754,-202,5,27,금
2022-05-27,공항철도 1호선,인천공항2터미널,3291,3040,6331,251,5,27,금
2022-05-27,공항철도 1호선,인천공항1터미널,6680,6523,13203,157,5,27,금
2022-05-27,공항철도 1호선,공항화물청사,2388,2533,4921,-145,5,27,금
2022-05-27,공항철도 1호선,운서,8159,8106,16265,53,5,27,금
2022-05-27,공항철도 1호선,청라국제도시,8233,7810,16043,423,5,27,금
2022-05-27,공항철도 1호선,검암,7845,7766,15611,79,5,27,금
2022-05-27,공항철도 1호선,계양,12281,11267,23548,1014,5,27,금
2022-05-27,공항철도 1호선,김포공항,15145,7304,22449,7841,5,27,금
2022-05-27,공항철도 1호선,마곡나루(서울식물원),10291,10026,20317,265,5,27,금
2022-05-27,공항철도 1호선,디지털미디어시티,15389,14181,29570,1208,5,27,금
2022-05-27,공항철도 1호선,홍대입구,11941,12628,24569,-687,5,27,금
2022-05-27,공항철도 1호선,공덕,2622,3641,6263,-1019,5,27,금
2022-05-27,공항철도 1호선,서울역,11364,10697,22061,667,5,27,금
2022-05-27,경춘선,춘천,2319,1680,3999,639,5,27,금
2022-05-27,경춘선,남춘천,4750,3881,8631,869,5,27,금
2022-05-27,경춘선,김유정,394,587,981,-193,5,27,금
2022-05-27,경춘선,강촌,586,691,1277,-105,5,27,금
2022-05-27,경춘선,백양리,106,123,229,-17,5,27,금
2022-05-27,경춘선,굴봉산,182,167,349,15,5,27,금
2022-05-27,경춘선,가평,2148,2634,4782,-486,5,27,금
2022-05-27,경춘선,상천,369,509,878,-140,5,27,금
2022-05-27,경춘선,청평,1941,2372,4313,-431,5,27,금
2022-05-27,경춘선,대성리,752,2855,3607,-2103,5,27,금
2022-05-27,경춘선,마석,4628,4526,9154,102,5,27,금
2022-05-27,경춘선,천마산,1930,1764,3694,166,5,27,금
2022-05-27,경춘선,평내호평,7216,7098,14314,118,5,27,금
2022-05-27,경춘선,금곡,1785,1785,3570,0,5,27,금
2022-05-27,경춘선,사릉,2796,2710,5506,86,5,27,금
2022-05-27,경춘선,퇴계원,3963,3607,7570,356,5,27,금
2022-05-27,경춘선,별내,3752,3421,7173,331,5,27,금
2022-05-27,경춘선,갈매,3414,2925,6339,489,5,27,금
2022-05-27,경춘선,신내,2645,2402,5047,243,5,27,금
2022-05-27,경인선,도화,4830,4431,9261,399,5,27,금
2022-05-27,경인선,중동,10612,9856,20468,756,5,27,금
2022-05-27,경인선,온수(성공회대입구),8268,7616,15884,652,5,27,금
2022-05-27,경인선,도원,3902,3981,7883,-79,5,27,금
2022-05-27,경인선,간석,6944,6497,13441,447,5,27,금
2022-05-27,경인선,부개,9881,9003,18884,878,5,27,금
2022-05-27,경인선,소사,9748,9212,18960,536,5,27,금
2022-05-27,경인선,구일,8276,7751,16027,525,5,27,금
2022-05-27,경인선,인천,4719,3655,8374,1064,5,27,금
2022-05-27,경인선,동인천,16262,15201,31463,1061,5,27,금
2022-05-27,경인선,제물포,12570,11590,24160,980,5,27,금
2022-05-27,경인선,주안,22445,20232,42677,2213,5,27,금
2022-05-27,경인선,동암,17055,17028,34083,27,5,27,금
2022-05-27,경인선,백운,7904,7638,15542,266,5,27,금
2022-05-27,경인선,부평,32520,36826,69346,-4306,5,27,금
2022-05-27,경인선,송내,31225,30736,61961,489,5,27,금
2022-05-27,경인선,부천,36609,37702,74311,-1093,5,27,금
2022-05-27,경인선,역곡,32360,31083,63443,1277,5,27,금
2022-05-27,경인선,오류동,13356,11889,25245,1467,5,27,금
2022-05-27,경인선,개봉,23801,22924,46725,877,5,27,금
2022-05-27,경의선,임진강,17,25,42,-8,5,27,금
2022-05-27,경의선,문산,6210,5824,12034,386,5,27,금
2022-05-27,경의선,파주,1490,934,2424,556,5,27,금
2022-05-27,경의선,월롱,2896,2451,5347,445,5,27,금
2022-05-27,경의선,금촌,7480,7253,14733,227,5,27,금
2022-05-27,경의선,금릉,5701,5467,11168,234,5,27,금
2022-05-27,경의선,운정,8020,7215,15235,805,5,27,금
2022-05-27,경의선,야당,9094,9239,18333,-145,5,27,금
2022-05-27,경의선,탄현,8962,8502,17464,460,5,27,금
2022-05-27,경의선,일산,10786,10493,21279,293,5,27,금
2022-05-27,경의선,풍산,6461,5970,12431,491,5,27,금
2022-05-27,경의선,백마,8048,7563,15611,485,5,27,금
2022-05-27,경의선,곡산,689,744,1433,-55,5,27,금
2022-05-27,경의선,행신,9373,9446,18819,-73,5,27,금
2022-05-27,경의선,강매,3733,3162,6895,571,5,27,금
2022-05-27,경의선,화전,3059,2723,5782,336,5,27,금
2022-05-27,경의선,수색,3226,3338,6564,-112,5,27,금
2022-05-27,경의선,디지털미디어시티,3043,2826,5869,217,5,27,금
2022-05-27,경의선,가좌,6308,6022,12330,286,5,27,금
2022-05-27,경의선,홍대입구,2002,2650,4652,-648,5,27,금
2022-05-27,경의선,서강대,2552,2472,5024,80,5,27,금
2022-05-27,경의선,공덕,4035,3736,7771,299,5,27,금
2022-05-27,경의선,효창공원앞,3348,3683,7031,-335,5,27,금
2022-05-27,경의선,신촌,990,1334,2324,-344,5,27,금
2022-05-27,경의선,서울역,5171,6949,12120,-1778,5,27,금
2022-05-27,경원선,소요산,3024,2620,5644,404,5,27,금
2022-05-27,경원선,동두천,2785,3012,5797,-227,5,27,금
2022-05-27,경원선,보산,2420,1884,4304,536,5,27,금
2022-05-27,경원선,동두천중앙,3584,3499,7083,85,5,27,금
2022-05-27,경원선,지행,8091,7925,16016,166,5,27,금
2022-05-27,경원선,덕정,6978,6565,13543,413,5,27,금
2022-05-27,경원선,덕계,3832,3342,7174,490,5,27,금
2022-05-27,경원선,양주,9382,8654,18036,728,5,27,금
2022-05-27,경원선,녹양,5291,4981,10272,310,5,27,금
2022-05-27,경원선,가능,7580,7155,14735,425,5,27,금
2022-05-27,경원선,의정부,20936,22204,43140,-1268,5,27,금
2022-05-27,경원선,회룡,14146,14043,28189,103,5,27,금
2022-05-27,경원선,망월사,9433,9223,18656,210,5,27,금
2022-05-27,경원선,도봉산,8904,5892,14796,3012,5,27,금
2022-05-27,경원선,도봉,6763,6429,13192,334,5,27,금
2022-05-27,경원선,방학,11048,10893,21941,155,5,27,금
2022-05-27,경원선,창동,1,0,1,1,5,27,금
2022-05-27,경원선,녹천,5270,4202,9472,1068,5,27,금
2022-05-27,경원선,월계,8811,7996,16807,815,5,27,금
2022-05-27,경원선,광운대,9410,8931,18341,479,5,27,금
2022-05-27,경원선,석계,9427,10288,19715,-861,5,27,금
2022-05-27,경원선,신이문,9384,8530,17914,854,5,27,금
2022-05-27,경원선,외대앞,11169,11305,22474,-136,5,27,금
2022-05-27,경원선,청량리(서울시립대입구),19098,19552,38650,-454,5,27,금
2022-05-27,경원선,왕십리(성동구청),17973,19331,37304,-1358,5,27,금
2022-05-27,경원선,응봉,2378,1951,4329,427,5,27,금
2022-05-27,경원선,옥수,83,50,133,33,5,27,금
2022-05-27,경원선,한남,4683,4574,9257,109,5,27,금
2022-05-27,경원선,서빙고,2397,2191,4588,206,5,27,금
2022-05-27,경원선,이촌(국립중앙박물관),4653,3347,8000,1306,5,27,금
2022-05-27,경부선,광명,4521,4080,8601,441,5,27,금
2022-05-27,경부선,서동탄,1632,1531,3163,101,5,27,금
2022-05-27,경부선,당정,7913,7347,15260,566,5,27,금
2022-05-27,경부선,천안,7894,7523,15417,371,5,27,금
2022-05-27,경부선,두정,8612,7779,16391,833,5,27,금
2022-05-27,경부선,직산,1095,1001,2096,94,5,27,금
2022-05-27,경부선,성환,5548,4642,10190,906,5,27,금
2022-05-27,경부선,평택,15658,15484,31142,174,5,27,금
2022-05-27,경부선,평택지제,4704,4461,9165,243,5,27,금
2022-05-27,경부선,서정리,9880,8020,17900,1860,5,27,금
2022-05-27,경부선,송탄,6017,5127,11144,890,5,27,금
2022-05-27,경부선,진위,2141,1776,3917,365,5,27,금
2022-05-27,경부선,오산,11691,11385,23076,306,5,27,금
2022-05-27,경부선,오산대,4326,4056,8382,270,5,27,금
2022-05-27,경부선,세마,3332,3151,6483,181,5,27,금
2022-05-27,경부선,병점,17849,17543,35392,306,5,27,금
2022-05-27,경부선,세류,3647,3295,6942,352,5,27,금
2022-05-27,경부선,독산,20193,20495,40688,-302,5,27,금
2022-05-27,경부선,수원,42991,46632,89623,-3641,5,27,금
2022-05-27,경부선,화서,9359,8893,18252,466,5,27,금
2022-05-27,경부선,성균관대,17493,16898,34391,595,5,27,금
2022-05-27,경부선,의왕,10458,10312,20770,146,5,27,금
2022-05-27,경부선,군포,8478,8358,16836,120,5,27,금
2022-05-27,경부선,금정,30418,30506,60924,-88,5,27,금
2022-05-27,경부선,명학,10448,10002,20450,446,5,27,금
2022-05-27,경부선,안양,28627,28811,57438,-184,5,27,금
2022-05-27,경부선,관악,8466,7743,16209,723,5,27,금
2022-05-27,경부선,석수,10773,9464,20237,1309,5,27,금
2022-05-27,경부선,금천구청,13159,13037,26196,122,5,27,금
2022-05-27,경부선,가산디지털단지,20061,22874,42935,-2813,5,27,금
2022-05-27,경부선,구로,20105,21608,41713,-1503,5,27,금
2022-05-27,경부선,신길,10137,8691,18828,1446,5,27,금
2022-05-27,경부선,신도림,4668,4824,9492,-156,5,27,금
2022-05-27,경부선,영등포,44400,47076,91476,-2676,5,27,금
2022-05-27,경부선,대방,14777,15155,29932,-378,5,27,금
2022-05-27,경부선,노량진,10061,9903,19964,158,5,27,금
2022-05-27,경부선,용산,43809,45222,89031,-1413,5,27,금
2022-05-27,경부선,남영,10503,11068,21571,-565,5,27,금
2022-05-27,경부선,서울역,10435,3104,13539,7331,5,27,금
2022-05-27,경강선,여주,2752,2892,5644,-140,5,27,금
2022-05-27,경강선,세종대왕릉,411,385,796,26,5,27,금
2022-05-27,경강선,부발,2997,2420,5417,577,5,27,금
2022-05-27,경강선,이천,3155,3325,6480,-170,5,27,금
2022-05-27,경강선,신둔도예촌,1953,1701,3654,252,5,27,금
2022-05-27,경강선,곤지암,2559,2448,5007,111,5,27,금
2022-05-27,경강선,초월,3735,3386,7121,349,5,27,금
2022-05-27,경강선,경기광주,8914,8188,17102,726,5,27,금
2022-05-27,경강선,삼동,2758,2301,5059,457,5,27,금
2022-05-27,경강선,이매,1331,1051,2382,280,5,27,금
2022-05-27,경강선,판교,5506,5477,10983,29,5,27,금
2022-05-27,9호선2~3단계,중앙보훈병원,12045,10464,22509,1581,5,27,금
2022-05-27,9호선2~3단계,둔촌오륜,1291,1113,2404,178,5,27,금
2022-05-27,9호선2~3단계,올림픽공원(한국체대),12968,12125,25093,843,5,27,금
2022-05-27,9호선2~3단계,한성백제,3067,2872,5939,195,5,27,금
2022-05-27,9호선2~3단계,송파나루,5545,5879,11424,-334,5,27,금
2022-05-27,9호선2~3단계,석촌,9869,8675,18544,1194,5,27,금
2022-05-27,9호선2~3단계,석촌고분,6843,6460,13303,383,5,27,금
2022-05-27,9호선2~3단계,삼전,7726,7292,15018,434,5,27,금
2022-05-27,9호선2~3단계,종합운동장,4963,5489,10452,-526,5,27,금
2022-05-27,9호선2~3단계,봉은사,20047,20738,40785,-691,5,27,금
2022-05-27,9호선2~3단계,삼성중앙,7748,8157,15905,-409,5,27,금
2022-05-27,9호선2~3단계,선정릉,10940,11845,22785,-905,5,27,금
2022-05-27,9호선2~3단계,언주,11247,11400,22647,-153,5,27,금
2022-05-27,9호선,신논현,37982,39832,77814,-1850,5,27,금
2022-05-27,9호선,사평,4173,3871,8044,302,5,27,금
2022-05-27,9호선,고속터미널,16689,21852,38541,-5163,5,27,금
2022-05-27,9호선,신반포,4255,4200,8455,55,5,27,금
2022-05-27,9호선,구반포,1576,1597,3173,-21,5,27,금
2022-05-27,9호선,동작(현충원),2499,2068,4567,431,5,27,금
2022-05-27,9호선,흑석(중앙대입구),11276,11317,22593,-41,5,27,금
2022-05-27,9호선,노들,5214,4272,9486,942,5,27,금
2022-05-27,9호선,노량진,30319,29094,59413,1225,5,27,금
2022-05-27,9호선,샛강,7638,7643,15281,-5,5,27,금
2022-05-27,9호선,여의도,30855,29840,60695,1015,5,27,금
2022-05-27,9호선,국회의사당,16349,17171,33520,-822,5,27,금
2022-05-27,9호선,당산,20665,21043,41708,-378,5,27,금
2022-05-27,9호선,선유도,9917,9066,18983,851,5,27,금
2022-05-27,9호선,신목동,4972,4126,9098,846,5,27,금
2022-05-27,9호선,염창,19518,18385,37903,1133,5,27,금
2022-05-27,9호선,등촌,12617,11654,24271,963,5,27,금
2022-05-27,9호선,증미,8154,7689,15843,465,5,27,금
2022-05-27,9호선,가양,23473,22348,45821,1125,5,27,금
2022-05-27,9호선,양천향교,11065,10700,21765,365,5,27,금
2022-05-27,9호선,마곡나루(서울식물원),13869,13795,27664,74,5,27,금
2022-05-27,9호선,신방화,7631,7146,14777,485,5,27,금
2022-05-27,9호선,공항시장,3308,3464,6772,-156,5,27,금
2022-05-27,9호선,김포공항,9222,14526,23748,-5304,5,27,금
2022-05-27,9호선,개화,2922,2023,4945,899,5,27,금
2022-05-27,8호선,남위례,5964,6208,12172,-244,5,27,금
2022-05-27,8호선,모란,5012,4039,9051,973,5,27,금
2022-05-27,8호선,수진,6092,5345,11437,747,5,27,금
2022-05-27,8호선,신흥,4748,4986,9734,-238,5,27,금
2022-05-27,8호선,단대오거리,12508,11654,24162,854,5,27,금
2022-05-27,8호선,남한산성입구(성남법원.검찰청),16659,14727,31386,1932,5,27,금
2022-05-27,8호선,산성,6034,5941,11975,93,5,27,금
2022-05-27,8호선,복정,11170,9300,20470,1870,5,27,금
2022-05-27,8호선,장지,19070,17692,36762,1378,5,27,금
2022-05-27,8호선,문정,23089,24354,47443,-1265,5,27,금
2022-05-27,8호선,가락시장,8533,9688,18221,-1155,5,27,금
2022-05-27,8호선,송파,9473,9083,18556,390,5,27,금
2022-05-27,8호선,석촌,8571,9995,18566,-1424,5,27,금
2022-05-27,8호선,잠실(송파구청),15403,19215,34618,-3812,5,27,금
2022-05-27,8호선,몽촌토성(평화의문),8829,9196,18025,-367,5,27,금
2022-05-27,8호선,강동구청,11447,11478,22925,-31,5,27,금
2022-05-27,8호선,천호(풍납토성),16209,19592,35801,-3383,5,27,금
2022-05-27,8호선,암사,21422,18351,39773,3071,5,27,금
2022-05-27,7호선,부천시청,1,0,1,1,5,27,금
2022-05-27,7호선,온수(성공회대입구),11959,11141,23100,818,5,27,금
2022-05-27,7호선,천왕,12652,11712,24364,940,5,27,금
2022-05-27,7호선,광명사거리,24231,23665,47896,566,5,27,금
2022-05-27,7호선,철산,23965,24402,48367,-437,5,27,금
2022-05-27,7호선,가산디지털단지,47185,47215,94400,-30,5,27,금
2022-05-27,7호선,남구로,16502,17447,33949,-945,5,27,금
2022-05-27,7호선,대림(구로구청),8262,8553,16815,-291,5,27,금
2022-05-27,7호선,신풍,12696,12058,24754,638,5,27,금
2022-05-27,7호선,보라매,11586,11372,22958,214,5,27,금
2022-05-27,7호선,신대방삼거리,18461,16955,35416,1506,5,27,금
2022-05-27,7호선,장승배기,9836,9438,19274,398,5,27,금
2022-05-27,7호선,상도,12758,12315,25073,443,5,27,금
2022-05-27,7호선,숭실대입구(살피재),15709,15366,31075,343,5,27,금
2022-05-27,7호선,남성,12460,10925,23385,1535,5,27,금
2022-05-27,7호선,이수,18064,17623,35687,441,5,27,금
2022-05-27,7호선,내방,16253,16583,32836,-330,5,27,금
2022-05-27,7호선,고속터미널,20013,15972,35985,4041,5,27,금
2022-05-27,7호선,반포,6714,6480,13194,234,5,27,금
2022-05-27,7호선,논현,22283,25224,47507,-2941,5,27,금
2022-05-27,7호선,학동,25400,27419,52819,-2019,5,27,금
2022-05-27,7호선,강남구청,17386,19653,37039,-2267,5,27,금
2022-05-27,7호선,청담,21104,24046,45150,-2942,5,27,금
2022-05-27,7호선,뚝섬유원지,12213,11783,23996,430,5,27,금
2022-05-27,7호선,건대입구,14112,15296,29408,-1184,5,27,금
2022-05-27,7호선,어린이대공원(세종대),18963,18689,37652,274,5,27,금
2022-05-27,7호선,군자(능동),16447,12941,29388,3506,5,27,금
2022-05-27,7호선,중곡,12304,10984,23288,1320,5,27,금
2022-05-27,7호선,용마산(용마폭포공원),6661,6108,12769,553,5,27,금
2022-05-27,7호선,사가정,18012,17611,35623,401,5,27,금
2022-05-27,7호선,면목,17646,16814,34460,832,5,27,금
2022-05-27,7호선,상봉(시외버스터미널),18670,17676,36346,994,5,27,금
2022-05-27,7호선,중화,12098,11693,23791,405,5,27,금
2022-05-27,7호선,먹골,11180,10624,21804,556,5,27,금
2022-05-27,7호선,태릉입구,10956,10371,21327,585,5,27,금
2022-05-27,7호선,공릉(서울과학기술대),14034,13491,27525,543,5,27,금
2022-05-27,7호선,하계,19807,18137,37944,1670,5,27,금
2022-05-27,7호선,중계,16291,14193,30484,2098,5,27,금
2022-05-27,7호선,노원,21381,23648,45029,-2267,5,27,금
2022-05-27,7호선,마들,14561,13315,27876,1246,5,27,금
2022-05-27,7호선,수락산,14242,13697,27939,545,5,27,금
2022-05-27,7호선,도봉산,10449,11718,22167,-1269,5,27,금
2022-05-27,7호선,장암,2478,992,3470,1486,5,27,금
2022-05-27,6호선,봉화산(서울의료원),9876,9252,19128,624,5,27,금
2022-05-27,6호선,화랑대(서울여대입구),14621,10562,25183,4059,5,27,금
2022-05-27,6호선,태릉입구,6992,7789,14781,-797,5,27,금
2022-05-27,6호선,석계,14058,14410,28468,-352,5,27,금
2022-05-27,6호선,돌곶이,10728,9622,20350,1106,5,27,금
2022-05-27,6호선,상월곡(한국과학기술연구원),6995,6285,13280,710,5,27,금
2022-05-27,6호선,월곡(동덕여대),13161,12309,25470,852,5,27,금
2022-05-27,6호선,고려대(종암),8873,9264,18137,-391,5,27,금
2022-05-27,6호선,안암(고대병원앞),16360,21447,37807,-5087,5,27,금
2022-05-27,6호선,보문,8405,7450,15855,955,5,27,금
2022-05-27,6호선,창신,3829,3139,6968,690,5,27,금
2022-05-27,6호선,동묘앞,9237,9101,18338,136,5,27,금
2022-05-27,6호선,신당,9289,8811,18100,478,5,27,금
2022-05-27,6호선,청구,3999,4179,8178,-180,5,27,금
2022-05-27,6호선,약수,4120,4085,8205,35,5,27,금
2022-05-27,6호선,버티고개,2549,2344,4893,205,5,27,금
2022-05-27,6호선,한강진,9364,11504,20868,-2140,5,27,금
2022-05-27,6호선,이태원,13213,18302,31515,-5089,5,27,금
2022-05-27,6호선,녹사평(용산구청),5950,6350,12300,-400,5,27,금
2022-05-27,6호선,삼각지,8940,7593,16533,1347,5,27,금
2022-05-27,6호선,효창공원앞,8223,7338,15561,885,5,27,금
2022-05-27,6호선,공덕,21404,20772,42176,632,5,27,금
2022-05-27,6호선,대흥(서강대앞),9579,9503,19082,76,5,27,금
2022-05-27,6호선,광흥창(서강),10298,9748,20046,550,5,27,금
2022-05-27,6호선,상수,10107,12020,22127,-1913,5,27,금
2022-05-27,6호선,합정,15186,15561,30747,-375,5,27,금
2022-05-27,6호선,망원,15460,16651,32111,-1191,5,27,금
2022-05-27,6호선,마포구청,15606,13429,29035,2177,5,27,금
2022-05-27,6호선,월드컵경기장(성산),5246,5630,10876,-384,5,27,금
2022-05-27,6호선,디지털미디어시티,16076,16709,32785,-633,5,27,금
2022-05-27,6호선,증산(명지대앞),11052,10611,21663,441,5,27,금
2022-05-27,6호선,새절(신사),14104,12804,26908,1300,5,27,금
2022-05-27,6호선,구산,8618,5942,14560,2676,5,27,금
2022-05-27,6호선,독바위,2953,3019,5972,-66,5,27,금
2022-05-27,6호선,불광,4741,4622,9363,119,5,27,금
2022-05-27,6호선,역촌,4064,4645,8709,-581,5,27,금
2022-05-27,6호선,응암,19247,18507,37754,740,5,27,금
2022-05-27,5호선,하남검단산,6518,6050,12568,468,5,27,금
2022-05-27,5호선,하남시청(덕풍·신장),8071,7622,15693,449,5,27,금
2022-05-27,5호선,하남풍산,4865,4774,9639,91,5,27,금
2022-05-27,5호선,미사,18943,18648,37591,295,5,27,금
2022-05-27,5호선,강일,4913,4483,9396,430,5,27,금
2022-05-27,5호선,마천,8207,7594,15801,613,5,27,금
2022-05-27,5호선,거여,11619,10918,22537,701,5,27,금
2022-05-27,5호선,개롱,7338,7314,14652,24,5,27,금
2022-05-27,5호선,오금,4289,4375,8664,-86,5,27,금
2022-05-27,5호선,방이,7913,8053,15966,-140,5,27,금
2022-05-27,5호선,올림픽공원(한국체대),6740,6431,13171,309,5,27,금
2022-05-27,5호선,둔촌동,9345,9219,18564,126,5,27,금
2022-05-27,5호선,상일동,16640,15095,31735,1545,5,27,금
2022-05-27,5호선,고덕,11460,11184,22644,276,5,27,금
2022-05-27,5호선,명일,9882,10025,19907,-143,5,27,금
2022-05-27,5호선,굽은다리(강동구민회관앞),10590,10092,20682,498,5,27,금
2022-05-27,5호선,길동,9127,9494,18621,-367,5,27,금
2022-05-27,5호선,강동,20199,19090,39289,1109,5,27,금
2022-05-27,5호선,천호(풍납토성),20973,21205,42178,-232,5,27,금
2022-05-27,5호선,광나루(장신대),16097,14253,30350,1844,5,27,금
2022-05-27,5호선,아차산(어린이대공원후문),18462,17259,35721,1203,5,27,금
2022-05-27,5호선,군자(능동),12710,14061,26771,-1351,5,27,금
2022-05-27,5호선,장한평,20188,19635,39823,553,5,27,금
2022-05-27,5호선,답십리,17763,15753,33516,2010,5,27,금
2022-05-27,5호선,마장,6344,5920,12264,424,5,27,금
2022-05-27,5호선,왕십리(성동구청),4975,6217,11192,-1242,5,27,금
2022-05-27,5호선,행당,9047,7711,16758,1336,5,27,금
2022-05-27,5호선,신금호,7434,7437,14871,-3,5,27,금
2022-05-27,5호선,청구,4431,3981,8412,450,5,27,금
2022-05-27,5호선,동대문역사문화공원(DDP),2963,3681,6644,-718,5,27,금
2022-05-27,5호선,을지로4가,6780,7084,13864,-304,5,27,금
2022-05-27,5호선,종로3가,15574,15972,31546,-398,5,27,금
2022-05-27,5호선,광화문(세종문화회관),34046,36344,70390,-2298,5,27,금
2022-05-27,5호선,서대문,21927,21885,43812,42,5,27,금
2022-05-27,5호선,충정로(경기대입구),5038,5081,10119,-43,5,27,금
2022-05-27,5호선,애오개,7523,7469,14992,54,5,27,금
2022-05-27,5호선,공덕,15783,17017,32800,-1234,5,27,금
2022-05-27,5호선,마포,15687,16317,32004,-630,5,27,금
2022-05-27,5호선,여의나루,16029,17301,33330,-1272,5,27,금
2022-05-27,5호선,여의도,30234,33530,63764,-3296,5,27,금
2022-05-27,5호선,신길,4650,4643,9293,7,5,27,금
2022-05-27,5호선,영등포시장,11421,11374,22795,47,5,27,금
2022-05-27,5호선,영등포구청,4374,4574,8948,-200,5,27,금
2022-05-27,5호선,양평,8259,7816,16075,443,5,27,금
2022-05-27,5호선,오목교(목동운동장앞),24316,26017,50333,-1701,5,27,금
2022-05-27,5호선,목동,19026,19799,38825,-773,5,27,금
2022-05-27,5호선,신정(은행정),15338,11916,27254,3422,5,27,금
2022-05-27,5호선,까치산,32045,29602,61647,2443,5,27,금
2022-05-27,5호선,화곡,31811,28619,60430,3192,5,27,금
2022-05-27,5호선,우장산,16521,15694,32215,827,5,27,금
2022-05-27,5호선,발산,22173,23454,45627,-1281,5,27,금
2022-05-27,5호선,마곡,11312,11516,22828,-204,5,27,금
2022-05-27,5호선,송정,7404,6715,14119,689,5,27,금
2022-05-27,5호선,김포공항,8616,8601,17217,15,5,27,금
2022-05-27,5호선,개화산,6266,5806,12072,460,5,27,금
2022-05-27,5호선,방화,7641,7049,14690,592,5,27,금
2022-05-27,4호선,남태령,1615,1272,2887,343,5,27,금
2022-05-27,4호선,사당,30705,27025,57730,3680,5,27,금
2022-05-27,4호선,총신대입구(이수),21659,23487,45146,-1828,5,27,금
2022-05-27,4호선,동작(현충원),2063,2327,4390,-264,5,27,금
2022-05-27,4호선,이촌(국립중앙박물관),10310,11266,21576,-956,5,27,금
2022-05-27,4호선,신용산,19488,20423,39911,-935,5,27,금
2022-05-27,4호선,삼각지,6538,7769,14307,-1231,5,27,금
2022-05-27,4호선,숙대입구(갈월),15571,15354,30925,217,5,27,금
2022-05-27,4호선,서울역,13111,22601,35712,-9490,5,27,금
2022-05-27,4호선,회현(남대문시장),27835,29766,57601,-1931,5,27,금
2022-05-27,4호선,명동,23361,24654,48015,-1293,5,27,금
2022-05-27,4호선,충무로,29856,31948,61804,-2092,5,27,금
2022-05-27,4호선,동대문역사문화공원(DDP),16212,14205,30417,2007,5,27,금
2022-05-27,4호선,동대문,21749,21783,43532,-34,5,27,금
2022-05-27,4호선,혜화,37455,37973,75428,-518,5,27,금
2022-05-27,4호선,한성대입구(삼선교),16416,15744,32160,672,5,27,금
2022-05-27,4호선,성신여대입구(돈암),23677,22415,46092,1262,5,27,금
2022-05-27,4호선,길음,24765,23403,48168,1362,5,27,금
2022-05-27,4호선,미아사거리,30545,29537,60082,1008,5,27,금
2022-05-27,4호선,미아(서울사이버대학),16589,15656,32245,933,5,27,금
2022-05-27,4호선,수유(강북구청),37898,37541,75439,357,5,27,금
2022-05-27,4호선,쌍문,32326,28922,61248,3404,5,27,금
2022-05-27,4호선,창동,29016,30376,59392,-1360,5,27,금
2022-05-27,4호선,노원,21227,24527,45754,-3300,5,27,금
2022-05-27,4호선,상계,21425,19569,40994,1856,5,27,금
2022-05-27,4호선,당고개,9937,8750,18687,1187,5,27,금
2022-05-27,3호선,오금,6991,6213,13204,778,5,27,금
2022-05-27,3호선,경찰병원,8070,7822,15892,248,5,27,금
2022-05-27,3호선,가락시장,10275,10016,20291,259,5,27,금
2022-05-27,3호선,수서,20533,20114,40647,419,5,27,금
2022-05-27,3호선,일원,11790,10923,22713,867,5,27,금
2022-05-27,3호선,대청,11608,10537,22145,1071,5,27,금
2022-05-27,3호선,학여울,2496,2446,4942,50,5,27,금
2022-05-27,3호선,대치,12615,12496,25111,119,5,27,금
2022-05-27,3호선,도곡,6197,6473,12670,-276,5,27,금
2022-05-27,3호선,매봉,14142,13706,27848,436,5,27,금
2022-05-27,3호선,양재(서초구청),44637,47881,92518,-3244,5,27,금
2022-05-27,3호선,남부터미널(예술의전당),34934,34936,69870,-2,5,27,금
2022-05-27,3호선,교대(법원.검찰청),17250,11095,28345,6155,5,27,금
2022-05-27,3호선,고속터미널,53135,53586,106721,-451,5,27,금
2022-05-27,3호선,잠원,5842,5439,11281,403,5,27,금
2022-05-27,3호선,신사,35050,38577,73627,-3527,5,27,금
2022-05-27,3호선,압구정,35813,39032,74845,-3219,5,27,금
2022-05-27,3호선,옥수,10171,10201,20372,-30,5,27,금
2022-05-27,3호선,금호,8755,7839,16594,916,5,27,금
2022-05-27,3호선,약수,14597,14175,28772,422,5,27,금
2022-05-27,3호선,동대입구,9284,10223,19507,-939,5,27,금
2022-05-27,3호선,충무로,4,0,4,4,5,27,금
2022-05-27,3호선,을지로3가,12102,13034,25136,-932,5,27,금
2022-05-27,3호선,종로3가,11251,13738,24989,-2487,5,27,금
2022-05-27,3호선,안국,27077,27948,55025,-871,5,27,금
2022-05-27,3호선,경복궁(정부서울청사),31098,33081,64179,-1983,5,27,금
2022-05-27,3호선,독립문,8318,8524,16842,-206,5,27,금
2022-05-27,3호선,무악재,4431,4383,8814,48,5,27,금
2022-05-27,3호선,홍제,19934,18520,38454,1414,5,27,금
2022-05-27,3호선,녹번,17577,15168,32745,2409,5,27,금
2022-05-27,3호선,불광,18009,19389,37398,-1380,5,27,금
2022-05-27,3호선,연신내,40294,38285,78579,2009,5,27,금
2022-05-27,3호선,구파발,23144,22266,45410,878,5,27,금
2022-05-27,3호선,지축,5753,5333,11086,420,5,27,금
2022-05-27,2호선,용두(동대문구청),2521,2522,5043,-1,5,27,금
2022-05-27,2호선,신정네거리,11424,11563,22987,-139,5,27,금
2022-05-27,2호선,양천구청,7689,7725,15414,-36,5,27,금
2022-05-27,2호선,도림천,1418,1483,2901,-65,5,27,금
2022-05-27,2호선,신설동,4117,3878,7995,239,5,27,금
2022-05-27,2호선,신답,1893,2047,3940,-154,5,27,금
2022-05-27,2호선,용답,3242,3231,6473,11,5,27,금
2022-05-27,2호선,충정로(경기대입구),10696,11564,22260,-868,5,27,금
2022-05-27,2호선,아현,12039,10960,22999,1079,5,27,금
2022-05-27,2호선,이대,16544,16838,33382,-294,5,27,금
2022-05-27,2호선,신촌,38459,39718,78177,-1259,5,27,금
2022-05-27,2호선,홍대입구,62353,71942,134295,-9589,5,27,금
2022-05-27,2호선,합정,35604,40060,75664,-4456,5,27,금
2022-05-27,2호선,당산,21171,24740,45911,-3569,5,27,금
2022-05-27,2호선,영등포구청,23948,24978,48926,-1030,5,27,금
2022-05-27,2호선,문래,24509,25690,50199,-1181,5,27,금
2022-05-27,2호선,신도림,53566,54928,108494,-1362,5,27,금
2022-05-27,2호선,대림(구로구청),25794,26299,52093,-505,5,27,금
2022-05-27,2호선,구로디지털단지,64279,63294,127573,985,5,27,금
2022-05-27,2호선,신대방,29219,27763,56982,1456,5,27,금
2022-05-27,2호선,신림,70257,66880,137137,3377,5,27,금
2022-05-27,2호선,봉천,26181,23305,49486,2876,5,27,금
2022-05-27,2호선,서울대입구(관악구청),53398,51475,104873,1923,5,27,금
2022-05-27,2호선,낙성대(강감찬),31305,28610,59915,2695,5,27,금
2022-05-27,2호선,사당,44941,51050,95991,-6109,5,27,금
2022-05-27,2호선,방배,20658,21041,41699,-383,5,27,금
2022-05-27,2호선,교대(법원.검찰청),38738,44664,83402,-5926,5,27,금
2022-05-27,2호선,강남,94765,97836,192601,-3071,5,27,금
2022-05-27,2호선,역삼,53845,62043,115888,-8198,5,27,금
2022-05-27,2호선,선릉,61926,55187,117113,6739,5,27,금
2022-05-27,2호선,삼성(무역센터),59668,60578,120246,-910,5,27,금
2022-05-27,2호선,종합운동장,20157,22749,42906,-2592,5,27,금
2022-05-27,2호선,잠실새내,24896,25659,50555,-763,5,27,금
2022-05-27,2호선,잠실(송파구청),81962,81233,163195,729,5,27,금
2022-05-27,2호선,잠실나루,16946,16061,33007,885,5,27,금
2022-05-27,2호선,강변(동서울터미널),38267,36097,74364,2170,5,27,금
2022-05-27,2호선,구의(광진구청),26369,25253,51622,1116,5,27,금
2022-05-27,2호선,건대입구,41693,46508,88201,-4815,5,27,금
2022-05-27,2호선,성수,40731,45976,86707,-5245,5,27,금
2022-05-27,2호선,뚝섬,24630,26584,51214,-1954,5,27,금
2022-05-27,2호선,한양대,23336,30151,53487,-6815,5,27,금
2022-05-27,2호선,왕십리(성동구청),20351,17370,37721,2981,5,27,금
2022-05-27,2호선,상왕십리,16030,14828,30858,1202,5,27,금
2022-05-27,2호선,신당,15904,16339,32243,-435,5,27,금
2022-05-27,2호선,동대문역사문화공원(DDP),14032,15056,29088,-1024,5,27,금
2022-05-27,2호선,을지로4가,14427,14574,29001,-147,5,27,금
2022-05-27,2호선,을지로3가,25799,27083,52882,-1284,5,27,금
2022-05-27,2호선,을지로입구,43794,46021,89815,-2227,5,27,금
2022-05-27,2호선,시청,26509,25810,52319,699,5,27,금
2022-05-27,1호선,동묘앞,8992,9482,18474,-490,5,27,금
2022-05-27,1호선,청량리(서울시립대입구),22410,22420,44830,-10,5,27,금
2022-05-27,1호선,제기동,18277,18660,36937,-383,5,27,금
2022-05-27,1호선,신설동,15431,15057,30488,374,5,27,금
2022-05-27,1호선,동대문,12180,10821,23001,1359,5,27,금
2022-05-27,1호선,종로5가,25760,26091,51851,-331,5,27,금
2022-05-27,1호선,종로3가,29898,27274,57172,2624,5,27,금
2022-05-27,1호선,종각,39943,39535,79478,408,5,27,금
2022-05-27,1호선,시청,25949,26749,52698,-800,5,27,금
2022-05-27,1호선,서울역,57079,55250,112329,1829,5,27,금
2022-05-27,2호선,서초,23776,22632,46408,1144,5,27,금
2022-05-27,경의선,능곡,4428,4031,8459,397,5,27,금
2022-05-27,안산선,상록수,18712,18557,37269,155,5,27,금
2022-05-27,안산선,반월,5056,4772,9828,284,5,27,금
2022-05-27,안산선,대야미,5945,5144,11089,801,5,27,금
2022-05-27,안산선,산본,18430,19836,38266,-1406,5,27,금
2022-05-27,수인선,인천,1277,2041,3318,-764,5,27,금
2022-05-27,수인선,신포,2231,2234,4465,-3,5,27,금
2022-05-27,수인선,숭의,4530,4151,8681,379,5,27,금
2022-05-27,수인선,인하대,8029,7353,15382,676,5,27,금
2022-05-27,수인선,송도,2886,2673,5559,213,5,27,금
2022-05-27,수인선,연수,5385,5322,10707,63,5,27,금
2022-05-27,수인선,원인재,5133,5185,10318,-52,5,27,금
2022-05-27,수인선,남동인더스파크,2362,2610,4972,-248,5,27,금
2022-05-27,수인선,호구포,4626,4701,9327,-75,5,27,금
2022-05-28,수인선,인하대,5135,4857,9992,278,5,28,토
2022-05-28,중앙선,팔당,1764,2036,3800,-272,5,28,토
2022-05-28,중앙선,운길산,1706,1603,3309,103,5,28,토
2022-05-28,중앙선,양수,2785,2880,5665,-95,5,28,토
2022-05-28,중앙선,신원,364,260,624,104,5,28,토
2022-05-28,중앙선,국수,821,859,1680,-38,5,28,토
2022-05-28,중앙선,아신,751,812,1563,-61,5,28,토
2022-05-28,중앙선,오빈,376,369,745,7,5,28,토
2022-05-28,중앙선,양평,4901,5071,9972,-170,5,28,토
2022-05-28,중앙선,원덕,560,628,1188,-68,5,28,토
2022-05-28,중앙선,용문,2637,3114,5751,-477,5,28,토
2022-05-28,중앙선,지평,73,80,153,-7,5,28,토
2022-05-28,중앙선,덕소,5307,5305,10612,2,5,28,토
2022-05-28,중앙선,양정,669,568,1237,101,5,28,토
2022-05-28,중앙선,도농,8546,7918,16464,628,5,28,토
2022-05-28,중앙선,구리,11951,12206,24157,-255,5,28,토
2022-05-28,중앙선,양원,2253,2142,4395,111,5,28,토
2022-05-28,중앙선,망우,7557,7284,14841,273,5,28,토
2022-05-28,중앙선,상봉(시외버스터미널),5557,5511,11068,46,5,28,토
2022-05-28,중앙선,중랑,5087,4686,9773,401,5,28,토
2022-05-28,중앙선,회기,23693,21738,45431,1955,5,28,토
2022-05-28,장항선,신창(순천향대),1467,1344,2811,123,5,28,토
2022-05-28,장항선,온양온천,4469,4595,9064,-126,5,28,토
2022-05-28,장항선,배방,1203,1221,2424,-18,5,28,토
2022-05-28,장항선,탕정,875,706,1581,169,5,28,토
2022-05-28,장항선,아산,3829,3681,7510,148,5,28,토
2022-05-28,장항선,쌍용(나사렛대),1969,1740,3709,229,5,28,토
2022-05-28,장항선,봉명,866,811,1677,55,5,28,토
2022-05-28,일산선,대화,9568,8409,17977,1159,5,28,토
2022-05-28,일산선,주엽,7637,7466,15103,171,5,28,토
2022-05-28,일산선,정발산,8262,8826,17088,-564,5,28,토
2022-05-28,일산선,마두,5997,5955,11952,42,5,28,토
2022-05-28,일산선,백석,8810,8603,17413,207,5,28,토
2022-05-28,일산선,대곡,1607,1448,3055,159,5,28,토
2022-05-28,일산선,화정,14842,15176,30018,-334,5,28,토
2022-05-28,일산선,원당,9754,9058,18812,696,5,28,토
2022-05-28,일산선,삼송,16560,15735,32295,825,5,28,토
2022-05-28,일산선,원흥,8944,8307,17251,637,5,28,토
2022-05-28,우이신설선,신설동,1555,1566,3121,-11,5,28,토
2022-05-28,신림선,보라매공원,2444,2750,5194,-306,5,28,토
2022-05-28,신림선,보라매병원,3958,3648,7606,310,5,28,토
2022-05-28,신림선,당곡,3493,2893,6386,600,5,28,토
2022-05-28,신림선,신림,2310,2526,4836,-216,5,28,토
2022-05-28,신림선,서원,2860,2382,5242,478,5,28,토
2022-05-28,신림선,서울대벤처타운,7104,6246,13350,858,5,28,토
2022-05-28,신림선,관악산(서울대),8226,8205,16431,21,5,28,토
2022-05-28,안산선,산본,14729,15504,30233,-775,5,28,토
2022-05-28,수인선,숭의,3112,2804,5916,308,5,28,토
2022-05-28,수인선,신포,1713,1726,3439,-13,5,28,토
2022-05-28,수인선,인천,1540,2621,4161,-1081,5,28,토
2022-05-28,신림선,샛강,4002,5457,9459,-1455,5,28,토
2022-05-28,신림선,대방,2044,1370,3414,674,5,28,토
2022-05-28,신림선,서울지방병무청,2327,2284,4611,43,5,28,토
2022-05-28,신림선,보라매,3069,2427,5496,642,5,28,토
2022-05-28,안산선,대야미,4707,4109,8816,598,5,28,토
2022-05-28,안산선,반월,4002,3685,7687,317,5,28,토
2022-05-28,안산선,상록수,14144,13934,28078,210,5,28,토
2022-05-28,안산선,한대앞,8780,8118,16898,662,5,28,토
2022-05-28,안산선,중앙,18803,19621,38424,-818,5,28,토
2022-05-28,안산선,고잔,7413,7398,14811,15,5,28,토
2022-05-28,안산선,초지,4176,3986,8162,190,5,28,토
2022-05-28,안산선,안산,10745,11064,21809,-319,5,28,토
2022-05-28,안산선,신길온천,1705,1628,3333,77,5,28,토
2022-05-28,안산선,정왕,7659,7742,15401,-83,5,28,토
2022-05-28,안산선,오이도,9167,9140,18307,27,5,28,토
2022-05-28,안산선,수리산,3357,3025,6382,332,5,28,토
2022-05-28,우이신설선,북한산우이,3836,4140,7976,-304,5,28,토
2022-05-28,우이신설선,솔밭공원,2076,1899,3975,177,5,28,토
2022-05-28,우이신설선,4.19민주묘지,2847,2476,5323,371,5,28,토
2022-05-28,우이신설선,가오리,3563,3340,6903,223,5,28,토
2022-05-28,우이신설선,화계,3408,3165,6573,243,5,28,토
2022-05-28,우이신설선,삼양,1725,1717,3442,8,5,28,토
2022-05-28,우이신설선,삼양사거리,2098,1999,4097,99,5,28,토
2022-05-28,우이신설선,솔샘,4347,3874,8221,473,5,28,토
2022-05-28,우이신설선,북한산보국문,5486,4802,10288,684,5,28,토
2022-05-28,우이신설선,정릉,4291,3348,7639,943,5,28,토
2022-05-28,우이신설선,성신여대입구(돈암),3039,3584,6623,-545,5,28,토
2022-05-28,우이신설선,보문,1362,1268,2630,94,5,28,토
2022-05-28,1호선,서울역,42409,42588,84997,-179,5,28,토
2022-05-28,1호선,시청,15181,15823,31004,-642,5,28,토
2022-05-28,1호선,종각,24765,22413,47178,2352,5,28,토
2022-05-28,1호선,종로3가,28448,25267,53715,3181,5,28,토
2022-05-28,1호선,종로5가,22453,22765,45218,-312,5,28,토
2022-05-28,1호선,동대문,11635,11409,23044,226,5,28,토
2022-05-28,1호선,신설동,10916,10259,21175,657,5,28,토
2022-05-28,1호선,제기동,16252,16320,32572,-68,5,28,토
2022-05-28,1호선,청량리(서울시립대입구),20098,20490,40588,-392,5,28,토
2022-05-28,1호선,동묘앞,12581,12905,25486,-324,5,28,토
2022-05-28,2호선,시청,11463,9678,21141,1785,5,28,토
2022-05-28,2호선,을지로입구,25074,24779,49853,295,5,28,토
2022-05-28,2호선,을지로3가,13901,14358,28259,-457,5,28,토
2022-05-28,2호선,을지로4가,8547,8813,17360,-266,5,28,토
2022-05-28,2호선,동대문역사문화공원(DDP),11473,13601,25074,-2128,5,28,토
2022-05-28,2호선,신당,12467,13068,25535,-601,5,28,토
2022-05-28,2호선,상왕십리,10874,10033,20907,841,5,28,토
2022-05-28,2호선,왕십리(성동구청),16149,13137,29286,3012,5,28,토
2022-05-28,2호선,한양대,6253,6196,12449,57,5,28,토
2022-05-28,2호선,뚝섬,18886,19087,37973,-201,5,28,토
2022-05-28,2호선,성수,23720,27742,51462,-4022,5,28,토
2022-05-28,2호선,건대입구,39445,43231,82676,-3786,5,28,토
2022-05-28,2호선,구의(광진구청),18166,17303,35469,863,5,28,토
2022-05-28,2호선,강변(동서울터미널),33071,32730,65801,341,5,28,토
2022-05-28,2호선,잠실나루,8916,8569,17485,347,5,28,토
2022-05-28,2호선,잠실(송파구청),74749,71128,145877,3621,5,28,토
2022-05-28,2호선,잠실새내,19928,20952,40880,-1024,5,28,토
2022-05-28,2호선,종합운동장,22833,25602,48435,-2769,5,28,토
2022-05-28,2호선,삼성(무역센터),35010,34934,69944,76,5,28,토
2022-05-28,2호선,선릉,27113,23951,51064,3162,5,28,토
2022-05-28,2호선,역삼,20059,22470,42529,-2411,5,28,토
2022-05-28,2호선,강남,62981,64548,127529,-1567,5,28,토
2022-05-28,2호선,교대(법원.검찰청),19768,22434,42202,-2666,5,28,토
2022-05-28,2호선,서초,13000,10991,23991,2009,5,28,토
2022-05-28,2호선,방배,11288,11370,22658,-82,5,28,토
2022-05-28,2호선,사당,37309,42455,79764,-5146,5,28,토
2022-05-28,2호선,낙성대(강감찬),24491,22241,46732,2250,5,28,토
2022-05-28,2호선,서울대입구(관악구청),40616,39241,79857,1375,5,28,토
2022-05-28,2호선,봉천,18972,17010,35982,1962,5,28,토
2022-05-28,2호선,신림,54367,51871,106238,2496,5,28,토
2022-05-28,2호선,신대방,22030,20667,42697,1363,5,28,토
2022-05-28,2호선,구로디지털단지,37197,36436,73633,761,5,28,토
2022-05-28,2호선,대림(구로구청),19773,20646,40419,-873,5,28,토
2022-05-28,2호선,신도림,45903,46924,92827,-1021,5,28,토
2022-05-28,2호선,문래,14037,15039,29076,-1002,5,28,토
2022-05-28,중앙선,도심,1821,1543,3364,278,5,28,토
2022-05-28,2호선,영등포구청,13967,14611,28578,-644,5,28,토
2022-05-28,2호선,당산,14868,16298,31166,-1430,5,28,토
2022-05-28,2호선,합정,31899,37244,69143,-5345,5,28,토
2022-05-28,2호선,홍대입구,70970,81235,152205,-10265,5,28,토
2022-05-28,2호선,신촌,34398,35331,69729,-933,5,28,토
2022-05-28,2호선,이대,11911,12504,24415,-593,5,28,토
2022-05-28,2호선,아현,8403,7658,16061,745,5,28,토
2022-05-28,2호선,충정로(경기대입구),6689,7213,13902,-524,5,28,토
2022-05-28,2호선,용답,2461,2140,4601,321,5,28,토
2022-05-28,2호선,신답,1227,1150,2377,77,5,28,토
2022-05-28,2호선,신설동,3774,3673,7447,101,5,28,토
2022-05-28,2호선,도림천,875,842,1717,33,5,28,토
2022-05-28,2호선,양천구청,5029,4987,10016,42,5,28,토
2022-05-28,2호선,신정네거리,8471,8128,16599,343,5,28,토
2022-05-28,2호선,용두(동대문구청),1816,1681,3497,135,5,28,토
2022-05-28,3호선,지축,4171,3731,7902,440,5,28,토
2022-05-28,3호선,구파발,17684,18198,35882,-514,5,28,토
2022-05-28,3호선,연신내,33148,30722,63870,2426,5,28,토
2022-05-28,3호선,불광,14305,16046,30351,-1741,5,28,토
2022-05-28,3호선,녹번,11927,10388,22315,1539,5,28,토
2022-05-28,3호선,홍제,15069,14191,29260,878,5,28,토
2022-05-28,3호선,무악재,3211,3493,6704,-282,5,28,토
2022-05-28,3호선,독립문,7339,7948,15287,-609,5,28,토
2022-05-28,3호선,경복궁(정부서울청사),30164,32186,62350,-2022,5,28,토
2022-05-28,3호선,안국,23872,24625,48497,-753,5,28,토
2022-05-28,3호선,종로3가,6953,10311,17264,-3358,5,28,토
2022-05-28,3호선,을지로3가,6468,7248,13716,-780,5,28,토
2022-05-28,3호선,충무로,1,0,1,1,5,28,토
2022-05-28,3호선,동대입구,7793,9143,16936,-1350,5,28,토
2022-05-28,3호선,약수,10123,9525,19648,598,5,28,토
2022-05-28,3호선,금호,6484,5786,12270,698,5,28,토
2022-05-28,3호선,옥수,8189,8293,16482,-104,5,28,토
2022-05-28,3호선,압구정,26891,28958,55849,-2067,5,28,토
2022-05-28,3호선,신사,25605,27888,53493,-2283,5,28,토
2022-05-28,3호선,잠원,4257,4096,8353,161,5,28,토
2022-05-28,3호선,고속터미널,57998,57665,115663,333,5,28,토
2022-05-28,3호선,교대(법원.검찰청),8503,5060,13563,3443,5,28,토
2022-05-28,3호선,남부터미널(예술의전당),23637,23177,46814,460,5,28,토
2022-05-28,3호선,양재(서초구청),23202,25206,48408,-2004,5,28,토
2022-05-28,3호선,매봉,7259,7199,14458,60,5,28,토
2022-05-28,3호선,도곡,4232,4423,8655,-191,5,28,토
2022-05-28,3호선,대치,10690,9522,20212,1168,5,28,토
2022-05-28,3호선,학여울,2049,2096,4145,-47,5,28,토
2022-05-28,3호선,대청,6623,6060,12683,563,5,28,토
2022-05-28,3호선,일원,5327,5313,10640,14,5,28,토
2022-05-28,3호선,수서,15035,14685,29720,350,5,28,토
2022-05-28,3호선,가락시장,6812,6564,13376,248,5,28,토
2022-05-28,3호선,경찰병원,4343,4124,8467,219,5,28,토
2022-05-28,3호선,오금,4297,3940,8237,357,5,28,토
2022-05-28,4호선,당고개,8227,7369,15596,858,5,28,토
2022-05-28,4호선,상계,15815,14395,30210,1420,5,28,토
2022-05-28,4호선,노원,17949,20289,38238,-2340,5,28,토
2022-05-28,4호선,창동,22297,23138,45435,-841,5,28,토
2022-05-28,4호선,쌍문,23842,20824,44666,3018,5,28,토
2022-05-28,4호선,수유(강북구청),29926,29255,59181,671,5,28,토
2022-05-28,4호선,미아(서울사이버대학),12245,10997,23242,1248,5,28,토
2022-05-28,4호선,미아사거리,24213,22825,47038,1388,5,28,토
2022-05-28,4호선,길음,17252,16106,33358,1146,5,28,토
2022-05-28,4호선,성신여대입구(돈암),19163,17786,36949,1377,5,28,토
2022-05-28,4호선,한성대입구(삼선교),12457,12246,24703,211,5,28,토
2022-05-28,4호선,혜화,32954,35059,68013,-2105,5,28,토
2022-05-28,4호선,동대문,15540,15927,31467,-387,5,28,토
2022-05-28,4호선,동대문역사문화공원(DDP),13171,11595,24766,1576,5,28,토
2022-05-28,4호선,충무로,15428,16829,32257,-1401,5,28,토
2022-05-28,4호선,명동,17872,20599,38471,-2727,5,28,토
2022-05-28,4호선,회현(남대문시장),22387,23312,45699,-925,5,28,토
2022-05-28,4호선,서울역,7146,18150,25296,-11004,5,28,토
2022-05-28,4호선,숙대입구(갈월),11348,10509,21857,839,5,28,토
2022-05-28,4호선,삼각지,4855,6404,11259,-1549,5,28,토
2022-05-28,4호선,신용산,13364,14536,27900,-1172,5,28,토
2022-05-28,4호선,이촌(국립중앙박물관),10337,11747,22084,-1410,5,28,토
2022-05-28,4호선,동작(현충원),1869,2052,3921,-183,5,28,토
2022-05-28,4호선,총신대입구(이수),16160,17348,33508,-1188,5,28,토
2022-05-28,4호선,사당,25576,22838,48414,2738,5,28,토
2022-05-28,4호선,남태령,1421,803,2224,618,5,28,토
2022-05-28,5호선,방화,5257,4965,10222,292,5,28,토
2022-05-28,5호선,개화산,4287,4108,8395,179,5,28,토
2022-05-28,5호선,김포공항,7976,8647,16623,-671,5,28,토
2022-05-28,5호선,송정,5587,5192,10779,395,5,28,토
2022-05-28,5호선,마곡,6089,6265,12354,-176,5,28,토
2022-05-28,5호선,발산,15347,16618,31965,-1271,5,28,토
2022-05-28,5호선,우장산,11099,10661,21760,438,5,28,토
2022-05-28,5호선,화곡,22824,20472,43296,2352,5,28,토
2022-05-28,5호선,까치산,23648,21920,45568,1728,5,28,토
2022-05-28,5호선,신정(은행정),10218,8548,18766,1670,5,28,토
2022-05-28,5호선,목동,12904,12775,25679,129,5,28,토
2022-05-28,5호선,오목교(목동운동장앞),19157,19676,38833,-519,5,28,토
2022-05-28,5호선,양평,4223,3818,8041,405,5,28,토
2022-05-28,5호선,영등포구청,2233,2152,4385,81,5,28,토
2022-05-28,5호선,영등포시장,9363,10092,19455,-729,5,28,토
2022-05-28,5호선,신길,3031,2995,6026,36,5,28,토
2022-05-28,5호선,여의도,12784,14526,27310,-1742,5,28,토
2022-05-28,5호선,여의나루,20118,21714,41832,-1596,5,28,토
2022-05-28,5호선,마포,8700,8858,17558,-158,5,28,토
2022-05-28,5호선,공덕,8210,8348,16558,-138,5,28,토
2022-05-28,5호선,애오개,4173,4168,8341,5,5,28,토
2022-05-28,5호선,충정로(경기대입구),2143,2009,4152,134,5,28,토
2022-05-28,5호선,서대문,8949,8763,17712,186,5,28,토
2022-05-28,5호선,광화문(세종문화회관),19640,20410,40050,-770,5,28,토
2022-05-28,5호선,종로3가,15306,15953,31259,-647,5,28,토
2022-05-28,5호선,을지로4가,3995,4315,8310,-320,5,28,토
2022-05-28,5호선,동대문역사문화공원(DDP),1049,1443,2492,-394,5,28,토
2022-05-28,5호선,청구,2836,2465,5301,371,5,28,토
2022-05-28,5호선,신금호,4710,4722,9432,-12,5,28,토
2022-05-28,5호선,행당,6058,5094,11152,964,5,28,토
2022-05-28,5호선,왕십리(성동구청),3841,4821,8662,-980,5,28,토
2022-05-28,5호선,마장,4238,3921,8159,317,5,28,토
2022-05-28,5호선,답십리,11202,9888,21090,1314,5,28,토
2022-05-28,5호선,장한평,12508,11856,24364,652,5,28,토
2022-05-28,5호선,군자(능동),9432,10673,20105,-1241,5,28,토
2022-05-28,5호선,아차산(어린이대공원후문),14718,13609,28327,1109,5,28,토
2022-05-28,5호선,광나루(장신대),11709,10894,22603,815,5,28,토
2022-05-28,5호선,천호(풍납토성),18563,17762,36325,801,5,28,토
2022-05-28,5호선,강동,14799,13929,28728,870,5,28,토
2022-05-28,5호선,길동,6615,6730,13345,-115,5,28,토
2022-05-28,5호선,굽은다리(강동구민회관앞),7790,7276,15066,514,5,28,토
2022-05-28,5호선,명일,7147,6950,14097,197,5,28,토
2022-05-28,5호선,고덕,7126,6955,14081,171,5,28,토
2022-05-28,5호선,상일동,10487,9520,20007,967,5,28,토
2022-05-28,5호선,둔촌동,6509,6299,12808,210,5,28,토
2022-05-28,5호선,올림픽공원(한국체대),4664,4868,9532,-204,5,28,토
2022-05-28,5호선,방이,6188,5899,12087,289,5,28,토
2022-05-28,5호선,오금,2618,2443,5061,175,5,28,토
2022-05-28,5호선,개롱,4666,4961,9627,-295,5,28,토
2022-05-28,5호선,거여,7536,6966,14502,570,5,28,토
2022-05-28,5호선,마천,5395,5440,10835,-45,5,28,토
2022-05-28,5호선,강일,3503,3178,6681,325,5,28,토
2022-05-28,5호선,미사,13878,13878,27756,0,5,28,토
2022-05-28,5호선,하남풍산,3185,3020,6205,165,5,28,토
2022-05-28,5호선,하남시청(덕풍·신장),6619,6319,12938,300,5,28,토
2022-05-28,5호선,하남검단산,6056,5978,12034,78,5,28,토
2022-05-28,6호선,응암,14056,13449,27505,607,5,28,토
2022-05-28,6호선,역촌,2881,3282,6163,-401,5,28,토
2022-05-28,6호선,불광,4472,4016,8488,456,5,28,토
2022-05-28,6호선,독바위,2282,2541,4823,-259,5,28,토
2022-05-28,6호선,연신내,2,0,2,2,5,28,토
2022-05-28,6호선,구산,6055,4296,10351,1759,5,28,토
2022-05-28,6호선,새절(신사),9742,9012,18754,730,5,28,토
2022-05-28,6호선,증산(명지대앞),8383,7870,16253,513,5,28,토
2022-05-28,6호선,디지털미디어시티,8595,8659,17254,-64,5,28,토
2022-05-28,6호선,월드컵경기장(성산),13158,15038,28196,-1880,5,28,토
2022-05-28,6호선,마포구청,11030,9378,20408,1652,5,28,토
2022-05-28,6호선,망원,14349,15799,30148,-1450,5,28,토
2022-05-28,6호선,합정,14979,14271,29250,708,5,28,토
2022-05-28,6호선,상수,9070,11434,20504,-2364,5,28,토
2022-05-28,6호선,광흥창(서강),6280,5671,11951,609,5,28,토
2022-05-28,6호선,대흥(서강대앞),6315,6233,12548,82,5,28,토
2022-05-28,6호선,공덕,11516,10816,22332,700,5,28,토
2022-05-28,6호선,효창공원앞,5699,4824,10523,875,5,28,토
2022-05-28,6호선,삼각지,8091,5927,14018,2164,5,28,토
2022-05-28,6호선,녹사평(용산구청),6574,7525,14099,-951,5,28,토
2022-05-28,6호선,이태원,16783,22903,39686,-6120,5,28,토
2022-05-28,6호선,한강진,10133,12922,23055,-2789,5,28,토
2022-05-28,6호선,버티고개,1588,1709,3297,-121,5,28,토
2022-05-28,6호선,약수,2693,2785,5478,-92,5,28,토
2022-05-28,6호선,청구,2539,2585,5124,-46,5,28,토
2022-05-28,6호선,신당,6921,6371,13292,550,5,28,토
2022-05-28,6호선,동묘앞,8553,8212,16765,341,5,28,토
2022-05-28,6호선,창신,2498,2028,4526,470,5,28,토
2022-05-28,6호선,보문,6053,5177,11230,876,5,28,토
2022-05-28,6호선,안암(고대병원앞),9365,6730,16095,2635,5,28,토
2022-05-28,6호선,고려대(종암),6416,5500,11916,916,5,28,토
2022-05-28,6호선,월곡(동덕여대),8153,7857,16010,296,5,28,토
2022-05-28,6호선,상월곡(한국과학기술연구원),4815,4151,8966,664,5,28,토
2022-05-28,6호선,돌곶이,6857,6297,13154,560,5,28,토
2022-05-28,6호선,석계,9853,9846,19699,7,5,28,토
2022-05-28,6호선,태릉입구,5661,6297,11958,-636,5,28,토
2022-05-28,6호선,화랑대(서울여대입구),8010,6663,14673,1347,5,28,토
2022-05-28,6호선,봉화산(서울의료원),6073,5937,12010,136,5,28,토
2022-05-28,7호선,장암,2052,1328,3380,724,5,28,토
2022-05-28,7호선,도봉산,7826,10327,18153,-2501,5,28,토
2022-05-28,7호선,수락산,11637,10984,22621,653,5,28,토
2022-05-28,7호선,마들,10190,9439,19629,751,5,28,토
2022-05-28,7호선,노원,17000,18274,35274,-1274,5,28,토
2022-05-28,7호선,중계,10525,9212,19737,1313,5,28,토
2022-05-28,7호선,하계,13968,12456,26424,1512,5,28,토
2022-05-28,7호선,공릉(서울과학기술대),10293,9766,20059,527,5,28,토
2022-05-28,7호선,태릉입구,8747,8441,17188,306,5,28,토
2022-05-28,7호선,먹골,8905,8181,17086,724,5,28,토
2022-05-28,7호선,중화,8998,8161,17159,837,5,28,토
2022-05-28,7호선,상봉(시외버스터미널),14661,13998,28659,663,5,28,토
2022-05-28,7호선,면목,12187,11218,23405,969,5,28,토
2022-05-28,7호선,사가정,13383,12749,26132,634,5,28,토
2022-05-28,7호선,용마산(용마폭포공원),5136,5127,10263,9,5,28,토
2022-05-28,7호선,중곡,7735,6964,14699,771,5,28,토
2022-05-28,7호선,군자(능동),12281,9020,21301,3261,5,28,토
2022-05-28,7호선,어린이대공원(세종대),12378,11943,24321,435,5,28,토
2022-05-28,7호선,건대입구,12297,13484,25781,-1187,5,28,토
2022-05-28,7호선,뚝섬유원지,15533,14794,30327,739,5,28,토
2022-05-28,7호선,청담,12383,13493,25876,-1110,5,28,토
2022-05-28,7호선,강남구청,11344,13024,24368,-1680,5,28,토
2022-05-28,7호선,학동,12153,12642,24795,-489,5,28,토
2022-05-28,7호선,논현,11078,12276,23354,-1198,5,28,토
2022-05-28,7호선,반포,5197,4955,10152,242,5,28,토
2022-05-28,7호선,고속터미널,17457,13264,30721,4193,5,28,토
2022-05-28,7호선,내방,8965,8779,17744,186,5,28,토
2022-05-28,7호선,이수,13649,12699,26348,950,5,28,토
2022-05-28,7호선,남성,8508,7634,16142,874,5,28,토
2022-05-28,7호선,숭실대입구(살피재),10348,9956,20304,392,5,28,토
2022-05-28,7호선,상도,8749,7900,16649,849,5,28,토
2022-05-28,7호선,장승배기,7346,6826,14172,520,5,28,토
2022-05-28,7호선,신대방삼거리,12088,11286,23374,802,5,28,토
2022-05-28,7호선,보라매,6503,6417,12920,86,5,28,토
2022-05-28,7호선,신풍,9157,8685,17842,472,5,28,토
2022-05-28,7호선,대림(구로구청),7773,8335,16108,-562,5,28,토
2022-05-28,7호선,남구로,8939,9115,18054,-176,5,28,토
2022-05-28,7호선,가산디지털단지,15959,14264,30223,1695,5,28,토
2022-05-28,7호선,철산,17288,17283,34571,5,5,28,토
2022-05-28,7호선,광명사거리,18382,18124,36506,258,5,28,토
2022-05-28,7호선,천왕,7853,7369,15222,484,5,28,토
2022-05-28,7호선,온수(성공회대입구),6057,6112,12169,-55,5,28,토
2022-05-28,8호선,암사,13596,12173,25769,1423,5,28,토
2022-05-28,8호선,천호(풍납토성),12822,15281,28103,-2459,5,28,토
2022-05-28,8호선,강동구청,6669,6621,13290,48,5,28,토
2022-05-28,8호선,몽촌토성(평화의문),5707,6043,11750,-336,5,28,토
2022-05-28,8호선,잠실(송파구청),13998,17034,31032,-3036,5,28,토
2022-05-28,8호선,석촌,6217,7743,13960,-1526,5,28,토
2022-05-28,8호선,송파,6727,6233,12960,494,5,28,토
2022-05-28,8호선,가락시장,5629,5847,11476,-218,5,28,토
2022-05-28,8호선,문정,9482,9403,18885,79,5,28,토
2022-05-28,8호선,장지,13586,12340,25926,1246,5,28,토
2022-05-28,8호선,복정,7273,6076,13349,1197,5,28,토
2022-05-28,8호선,산성,4944,4914,9858,30,5,28,토
2022-05-28,8호선,남한산성입구(성남법원.검찰청),10468,9064,19532,1404,5,28,토
2022-05-28,8호선,단대오거리,8594,7769,16363,825,5,28,토
2022-05-28,8호선,신흥,4034,4115,8149,-81,5,28,토
2022-05-28,8호선,수진,4583,4081,8664,502,5,28,토
2022-05-28,8호선,모란,3990,3778,7768,212,5,28,토
2022-05-28,8호선,남위례,4102,4112,8214,-10,5,28,토
2022-05-28,9호선,개화,1682,1443,3125,239,5,28,토
2022-05-28,9호선,김포공항,8597,12993,21590,-4396,5,28,토
2022-05-28,9호선,공항시장,2440,2619,5059,-179,5,28,토
2022-05-28,9호선,신방화,5335,4860,10195,475,5,28,토
2022-05-28,9호선,마곡나루(서울식물원),9221,9142,18363,79,5,28,토
2022-05-28,9호선,양천향교,6639,6040,12679,599,5,28,토
2022-05-28,9호선,가양,15878,14946,30824,932,5,28,토
2022-05-28,9호선,증미,4405,4226,8631,179,5,28,토
2022-05-28,9호선,등촌,8039,7508,15547,531,5,28,토
2022-05-28,9호선,염창,13464,12248,25712,1216,5,28,토
2022-05-28,9호선,신목동,2864,2371,5235,493,5,28,토
2022-05-28,9호선,선유도,5014,4780,9794,234,5,28,토
2022-05-28,9호선,당산,15897,15808,31705,89,5,28,토
2022-05-28,9호선,국회의사당,5079,5212,10291,-133,5,28,토
2022-05-28,9호선,여의도,14768,14204,28972,564,5,28,토
2022-05-28,9호선,샛강,3825,3277,7102,548,5,28,토
2022-05-28,9호선,노량진,23645,22889,46534,756,5,28,토
2022-05-28,9호선,노들,4290,3602,7892,688,5,28,토
2022-05-28,9호선,흑석(중앙대입구),6871,6825,13696,46,5,28,토
2022-05-28,9호선,동작(현충원),2175,1835,4010,340,5,28,토
2022-05-28,9호선,구반포,982,1065,2047,-83,5,28,토
2022-05-28,9호선,신반포,3624,3926,7550,-302,5,28,토
2022-05-28,9호선,고속터미널,16941,24199,41140,-7258,5,28,토
2022-05-28,9호선,사평,3011,2713,5724,298,5,28,토
2022-05-28,9호선,신논현,28196,28263,56459,-67,5,28,토
2022-05-28,9호선2~3단계,언주,6956,7104,14060,-148,5,28,토
2022-05-28,9호선2~3단계,선정릉,5598,6114,11712,-516,5,28,토
2022-05-28,9호선2~3단계,삼성중앙,3554,3640,7194,-86,5,28,토
2022-05-28,9호선2~3단계,봉은사,14748,16029,30777,-1281,5,28,토
2022-05-28,9호선2~3단계,종합운동장,5210,4649,9859,561,5,28,토
2022-05-28,9호선2~3단계,삼전,5477,4957,10434,520,5,28,토
2022-05-28,9호선2~3단계,석촌고분,4755,4576,9331,179,5,28,토
2022-05-28,9호선2~3단계,석촌,8171,6619,14790,1552,5,28,토
2022-05-28,9호선2~3단계,송파나루,4748,5138,9886,-390,5,28,토
2022-05-28,9호선2~3단계,한성백제,2588,2218,4806,370,5,28,토
2022-05-28,9호선2~3단계,올림픽공원(한국체대),10298,10109,20407,189,5,28,토
2022-05-28,9호선2~3단계,둔촌오륜,652,677,1329,-25,5,28,토
2022-05-28,9호선2~3단계,중앙보훈병원,5658,5265,10923,393,5,28,토
2022-05-28,경강선,판교,3595,3452,7047,143,5,28,토
2022-05-28,경강선,이매,1019,695,1714,324,5,28,토
2022-05-28,경강선,삼동,1702,1610,3312,92,5,28,토
2022-05-28,경강선,경기광주,6444,5929,12373,515,5,28,토
2022-05-28,경강선,초월,2605,2407,5012,198,5,28,토
2022-05-28,경강선,곤지암,2260,2386,4646,-126,5,28,토
2022-05-28,경강선,신둔도예촌,1509,1390,2899,119,5,28,토
2022-05-28,경강선,이천,3143,3240,6383,-97,5,28,토
2022-05-28,경강선,부발,2364,1991,4355,373,5,28,토
2022-05-28,경강선,세종대왕릉,451,450,901,1,5,28,토
2022-05-28,경강선,여주,2895,3249,6144,-354,5,28,토
2022-05-28,경부선,서울역,10001,2638,12639,7363,5,28,토
2022-05-28,경부선,남영,7174,7411,14585,-237,5,28,토
2022-05-28,경부선,용산,43799,47266,91065,-3467,5,28,토
2022-05-28,경부선,노량진,9608,8662,18270,946,5,28,토
2022-05-28,경부선,대방,8567,9030,17597,-463,5,28,토
2022-05-28,경부선,영등포,45814,48489,94303,-2675,5,28,토
2022-05-28,경부선,신도림,3591,3892,7483,-301,5,28,토
2022-05-28,경부선,신길,6773,5735,12508,1038,5,28,토
2022-05-28,경부선,구로,14569,15510,30079,-941,5,28,토
2022-05-28,경부선,가산디지털단지,7018,9285,16303,-2267,5,28,토
2022-05-28,경부선,금천구청,9647,9579,19226,68,5,28,토
2022-05-28,경부선,석수,8123,7498,15621,625,5,28,토
2022-05-28,경부선,관악,6955,6732,13687,223,5,28,토
2022-05-28,경부선,안양,20713,20690,41403,23,5,28,토
2022-05-28,경부선,명학,5980,5623,11603,357,5,28,토
2022-05-28,경부선,금정,21846,21576,43422,270,5,28,토
2022-05-28,경부선,군포,4819,4340,9159,479,5,28,토
2022-05-28,경부선,의왕,6995,6764,13759,231,5,28,토
2022-05-28,경부선,성균관대,11738,11659,23397,79,5,28,토
2022-05-28,경부선,화서,6809,6683,13492,126,5,28,토
2022-05-28,경부선,수원,44067,47411,91478,-3344,5,28,토
2022-05-28,경부선,독산,10081,9704,19785,377,5,28,토
2022-05-28,경부선,세류,2789,2860,5649,-71,5,28,토
2022-05-28,경부선,병점,14460,14267,28727,193,5,28,토
2022-05-28,경부선,세마,2704,2395,5099,309,5,28,토
2022-05-28,경부선,오산대,3710,3300,7010,410,5,28,토
2022-05-28,경부선,오산,11183,10400,21583,783,5,28,토
2022-05-28,경부선,진위,1272,1113,2385,159,5,28,토
2022-05-28,경부선,송탄,5658,4970,10628,688,5,28,토
2022-05-28,경부선,서정리,8293,6840,15133,1453,5,28,토
2022-05-28,경부선,평택지제,3791,3512,7303,279,5,28,토
2022-05-28,경부선,평택,15622,15033,30655,589,5,28,토
2022-05-28,경부선,성환,3616,3274,6890,342,5,28,토
2022-05-28,경부선,직산,835,791,1626,44,5,28,토
2022-05-28,경부선,두정,6308,6449,12757,-141,5,28,토
2022-05-28,경부선,천안,7681,7823,15504,-142,5,28,토
2022-05-28,경부선,당정,4861,4377,9238,484,5,28,토
2022-05-28,경부선,서동탄,1191,1211,2402,-20,5,28,토
2022-05-28,경부선,광명,3313,3006,6319,307,5,28,토
2022-05-28,경원선,이촌(국립중앙박물관),4098,2761,6859,1337,5,28,토
2022-05-28,경원선,서빙고,1956,2067,4023,-111,5,28,토
2022-05-28,경원선,한남,3224,3161,6385,63,5,28,토
2022-05-28,경원선,옥수,32,34,66,-2,5,28,토
2022-05-28,경원선,응봉,1770,1463,3233,307,5,28,토
2022-05-28,경원선,왕십리(성동구청),14694,16145,30839,-1451,5,28,토
2022-05-28,경원선,청량리(서울시립대입구),19227,19489,38716,-262,5,28,토
2022-05-28,경원선,외대앞,7215,6571,13786,644,5,28,토
2022-05-28,경원선,신이문,6867,6152,13019,715,5,28,토
2022-05-28,경원선,석계,7725,7946,15671,-221,5,28,토
2022-05-28,경원선,광운대,6395,6231,12626,164,5,28,토
2022-05-28,경원선,월계,5355,4838,10193,517,5,28,토
2022-05-28,경원선,녹천,3448,2942,6390,506,5,28,토
2022-05-28,경원선,창동,1,0,1,1,5,28,토
2022-05-28,경원선,방학,8357,8032,16389,325,5,28,토
2022-05-28,경원선,도봉,5068,4679,9747,389,5,28,토
2022-05-28,경원선,도봉산,10381,7299,17680,3082,5,28,토
2022-05-28,경원선,망월사,6688,6616,13304,72,5,28,토
2022-05-28,경원선,회룡,11302,11113,22415,189,5,28,토
2022-05-28,경원선,의정부,20263,21896,42159,-1633,5,28,토
2022-05-28,경원선,가능,5874,5423,11297,451,5,28,토
2022-05-28,경원선,녹양,4094,4014,8108,80,5,28,토
2022-05-28,경원선,양주,7740,7155,14895,585,5,28,토
2022-05-28,경원선,덕계,2961,2597,5558,364,5,28,토
2022-05-28,경원선,덕정,5402,4921,10323,481,5,28,토
2022-05-28,경원선,지행,6851,6669,13520,182,5,28,토
2022-05-28,경원선,동두천중앙,2993,2862,5855,131,5,28,토
2022-05-28,경원선,보산,2083,1920,4003,163,5,28,토
2022-05-28,경원선,동두천,1979,2436,4415,-457,5,28,토
2022-05-28,경원선,소요산,4894,4280,9174,614,5,28,토
2022-05-28,경의선,서울역,1656,1887,3543,-231,5,28,토
2022-05-28,경의선,신촌,421,481,902,-60,5,28,토
2022-05-28,경의선,효창공원앞,2178,2304,4482,-126,5,28,토
2022-05-28,경의선,공덕,3102,2458,5560,644,5,28,토
2022-05-28,경의선,서강대,1975,1901,3876,74,5,28,토
2022-05-28,경의선,홍대입구,2335,2932,5267,-597,5,28,토
2022-05-28,경의선,가좌,4482,4201,8683,281,5,28,토
2022-05-28,경의선,디지털미디어시티,2396,2167,4563,229,5,28,토
2022-05-28,경의선,수색,1741,1639,3380,102,5,28,토
2022-05-28,경의선,화전,1465,1321,2786,144,5,28,토
2022-05-28,경의선,강매,2358,2182,4540,176,5,28,토
2022-05-28,경의선,행신,6186,6279,12465,-93,5,28,토
2022-05-28,경의선,능곡,3474,3268,6742,206,5,28,토
2022-05-28,경의선,곡산,499,486,985,13,5,28,토
2022-05-28,경의선,백마,5259,4844,10103,415,5,28,토
2022-05-28,경의선,풍산,5026,4747,9773,279,5,28,토
2022-05-28,경의선,일산,8249,7987,16236,262,5,28,토
2022-05-28,경의선,탄현,6256,5926,12182,330,5,28,토
2022-05-28,경의선,야당,7460,7626,15086,-166,5,28,토
2022-05-28,경의선,운정,5905,5356,11261,549,5,28,토
2022-05-28,경의선,금릉,4649,4428,9077,221,5,28,토
2022-05-28,경의선,금촌,6659,6206,12865,453,5,28,토
2022-05-28,경의선,월롱,2095,1745,3840,350,5,28,토
2022-05-28,경의선,파주,1083,754,1837,329,5,28,토
2022-05-28,경의선,문산,5913,5518,11431,395,5,28,토
2022-05-28,경의선,임진강,75,114,189,-39,5,28,토
2022-05-28,경인선,개봉,18781,17954,36735,827,5,28,토
2022-05-28,경인선,오류동,10086,8896,18982,1190,5,28,토
2022-05-28,경인선,역곡,23562,22630,46192,932,5,28,토
2022-05-28,경인선,부천,31899,32863,64762,-964,5,28,토
2022-05-28,경인선,송내,20943,20421,41364,522,5,28,토
2022-05-28,경인선,부평,31674,35437,67111,-3763,5,28,토
2022-05-28,경인선,백운,6138,5923,12061,215,5,28,토
2022-05-28,경인선,동암,14045,14346,28391,-301,5,28,토
2022-05-28,경인선,주안,18212,16021,34233,2191,5,28,토
2022-05-28,경인선,제물포,8624,8082,16706,542,5,28,토
2022-05-28,경인선,동인천,13370,13205,26575,165,5,28,토
2022-05-28,경인선,인천,5979,5185,11164,794,5,28,토
2022-05-28,경인선,구일,4996,4774,9770,222,5,28,토
2022-05-28,경인선,소사,8519,8141,16660,378,5,28,토
2022-05-28,경인선,부개,7356,6658,14014,698,5,28,토
2022-05-28,경인선,간석,5036,4648,9684,388,5,28,토
2022-05-28,경인선,도원,2391,2387,4778,4,5,28,토
2022-05-28,경인선,온수(성공회대입구),5745,5178,10923,567,5,28,토
2022-05-28,경인선,중동,7953,7302,15255,651,5,28,토
2022-05-28,경인선,도화,3610,3312,6922,298,5,28,토
2022-05-28,경춘선,신내,1531,1486,3017,45,5,28,토
2022-05-28,경춘선,갈매,2271,1960,4231,311,5,28,토
2022-05-28,경춘선,별내,2624,2450,5074,174,5,28,토
2022-05-28,경춘선,퇴계원,3095,2733,5828,362,5,28,토
2022-05-28,경춘선,사릉,2135,1974,4109,161,5,28,토
2022-05-28,경춘선,금곡,1393,1287,2680,106,5,28,토
2022-05-28,경춘선,평내호평,5650,5447,11097,203,5,28,토
2022-05-28,경춘선,천마산,1674,1635,3309,39,5,28,토
2022-05-28,경춘선,마석,4370,4395,8765,-25,5,28,토
2022-05-28,경춘선,대성리,2751,2754,5505,-3,5,28,토
2022-05-28,경춘선,청평,2447,2715,5162,-268,5,28,토
2022-05-28,경춘선,상천,668,548,1216,120,5,28,토
2022-05-28,경춘선,가평,2805,3438,6243,-633,5,28,토
2022-05-28,경춘선,굴봉산,242,255,497,-13,5,28,토
2022-05-28,경춘선,백양리,240,223,463,17,5,28,토
2022-05-28,경춘선,강촌,959,1101,2060,-142,5,28,토
2022-05-28,경춘선,김유정,710,911,1621,-201,5,28,토
2022-05-28,경춘선,남춘천,3616,4123,7739,-507,5,28,토
2022-05-28,경춘선,춘천,2780,2351,5131,429,5,28,토
2022-05-28,공항철도 1호선,서울역,10020,10247,20267,-227,5,28,토
2022-05-28,공항철도 1호선,공덕,1813,2780,4593,-967,5,28,토
2022-05-28,공항철도 1호선,홍대입구,13840,14226,28066,-386,5,28,토
2022-05-28,공항철도 1호선,디지털미디어시티,6674,6483,13157,191,5,28,토
2022-05-28,공항철도 1호선,마곡나루(서울식물원),4162,4401,8563,-239,5,28,토
2022-05-28,공항철도 1호선,김포공항,11909,6190,18099,5719,5,28,토
2022-05-28,공항철도 1호선,계양,8829,7949,16778,880,5,28,토
2022-05-28,공항철도 1호선,검암,5350,5649,10999,-299,5,28,토
2022-05-28,공항철도 1호선,청라국제도시,5357,4994,10351,363,5,28,토
2022-05-28,공항철도 1호선,운서,7242,7326,14568,-84,5,28,토
2022-05-28,공항철도 1호선,공항화물청사,1466,1479,2945,-13,5,28,토
2022-05-28,공항철도 1호선,인천공항1터미널,6598,6455,13053,143,5,28,토
2022-05-28,공항철도 1호선,인천공항2터미널,3719,3196,6915,523,5,28,토
2022-05-28,공항철도 1호선,영종,3558,3549,7107,9,5,28,토
2022-05-28,과천선,선바위,6707,5859,12566,848,5,28,토
2022-05-28,과천선,경마공원,13524,13769,27293,-245,5,28,토
2022-05-28,과천선,대공원,10578,11093,21671,-515,5,28,토
2022-05-28,과천선,과천,5861,5243,11104,618,5,28,토
2022-05-28,과천선,정부과천청사,7650,7632,15282,18,5,28,토
2022-05-28,과천선,인덕원,19857,19011,38868,846,5,28,토
2022-05-28,과천선,평촌,11085,10856,21941,229,5,28,토
2022-05-28,과천선,범계,23749,23636,47385,113,5,28,토
2022-05-28,분당선,선릉,5842,8962,14804,-3120,5,28,토
2022-05-28,분당선,한티,13526,13084,26610,442,5,28,토
2022-05-28,분당선,도곡,5687,4870,10557,817,5,28,토
2022-05-28,분당선,구룡,1633,1465,3098,168,5,28,토
2022-05-28,분당선,개포동,3010,2914,5924,96,5,28,토
2022-05-28,분당선,대모산입구,3430,3150,6580,280,5,28,토
2022-05-28,분당선,수서,11495,11785,23280,-290,5,28,토
2022-05-28,분당선,수원,8628,7380,16008,1248,5,28,토
2022-05-28,분당선,서울숲,12444,13107,25551,-663,5,28,토
2022-05-28,분당선,압구정로데오,19312,23398,42710,-4086,5,28,토
2022-05-28,분당선,강남구청,5953,7191,13144,-1238,5,28,토
2022-05-28,분당선,선정릉,3805,3873,7678,-68,5,28,토
2022-05-28,분당선,가천대,6173,6660,12833,-487,5,28,토
2022-05-28,분당선,태평,11656,11055,22711,601,5,28,토
2022-05-28,분당선,모란,17722,17911,35633,-189,5,28,토
2022-05-28,분당선,야탑,20379,21137,41516,-758,5,28,토
2022-05-28,분당선,서현,20746,21130,41876,-384,5,28,토
2022-05-28,분당선,수내,9784,9100,18884,684,5,28,토
2022-05-28,분당선,정자,12051,12386,24437,-335,5,28,토
2022-05-28,분당선,미금,11603,12138,23741,-535,5,28,토
2022-05-28,분당선,오리,8518,7094,15612,1424,5,28,토
2022-05-28,분당선,이매,4472,4323,8795,149,5,28,토
2022-05-28,분당선,보정,1853,1681,3534,172,5,28,토
2022-05-28,분당선,죽전,11244,12576,23820,-1332,5,28,토
2022-05-28,분당선,구성,3858,3862,7720,-4,5,28,토
2022-05-28,분당선,신갈,3326,3277,6603,49,5,28,토
2022-05-28,분당선,기흥,7605,7114,14719,491,5,28,토
2022-05-28,분당선,상갈,4328,4235,8563,93,5,28,토
2022-05-28,분당선,청명,3211,3098,6309,113,5,28,토
2022-05-28,분당선,영통,7518,7365,14883,153,5,28,토
2022-05-28,분당선,망포,10843,9529,20372,1314,5,28,토
2022-05-28,분당선,매탄권선,4158,3750,7908,408,5,28,토
2022-05-28,분당선,수원시청,12099,14305,26404,-2206,5,28,토
2022-05-28,분당선,매교,2317,2431,4748,-114,5,28,토
2022-05-28,수인선,고색,2824,2817,5641,7,5,28,토
2022-05-28,수인선,오목천,2662,2183,4845,479,5,28,토
2022-05-28,수인선,어천,872,777,1649,95,5,28,토
2022-05-28,수인선,야목,272,232,504,40,5,28,토
2022-05-28,수인선,사리,4189,3485,7674,704,5,28,토
2022-05-28,수인선,달월,90,84,174,6,5,28,토
2022-05-28,수인선,월곶,2471,2404,4875,67,5,28,토
2022-05-28,수인선,소래포구,7927,7935,15862,-8,5,28,토
2022-05-28,수인선,인천논현,5034,5107,10141,-73,5,28,토
2022-05-28,수인선,호구포,3073,2859,5932,214,5,28,토
2022-05-28,수인선,남동인더스파크,1042,951,1993,91,5,28,토
2022-05-28,수인선,원인재,4197,4304,8501,-107,5,28,토
2022-05-28,수인선,연수,4718,4731,9449,-13,5,28,토
2022-05-28,수인선,송도,2310,2256,4566,54,5,28,토
2022-05-29,수인선,인천,1297,1892,3189,-595,5,29,일
2022-05-29,분당선,강남구청,3510,4180,7690,-670,5,29,일
2022-05-29,분당선,압구정로데오,10724,11965,22689,-1241,5,29,일
2022-05-29,분당선,서울숲,8576,8811,17387,-235,5,29,일
2022-05-29,분당선,수원,6551,5514,12065,1037,5,29,일
2022-05-29,분당선,복정,2,0,2,2,5,29,일
2022-05-29,분당선,수서,9761,9661,19422,100,5,29,일
2022-05-29,분당선,대모산입구,2529,2485,5014,44,5,29,일
2022-05-29,분당선,개포동,2227,2303,4530,-76,5,29,일
2022-05-29,분당선,구룡,905,972,1877,-67,5,29,일
2022-05-29,분당선,도곡,3359,3150,6509,209,5,29,일
2022-05-29,분당선,한티,8963,8759,17722,204,5,29,일
2022-05-29,분당선,선릉,3177,4727,7904,-1550,5,29,일
2022-05-29,과천선,범계,16449,16018,32467,431,5,29,일
2022-05-29,과천선,평촌,7280,6978,14258,302,5,29,일
2022-05-29,과천선,인덕원,14209,14392,28601,-183,5,29,일
2022-05-29,과천선,정부과천청사,5176,5054,10230,122,5,29,일
2022-05-29,과천선,과천,4226,3910,8136,316,5,29,일
2022-05-29,과천선,대공원,8597,8641,17238,-44,5,29,일
2022-05-29,과천선,경마공원,16495,17036,33531,-541,5,29,일
2022-05-29,과천선,선바위,4816,4259,9075,557,5,29,일
2022-05-29,공항철도 1호선,영종,2763,2735,5498,28,5,29,일
2022-05-29,공항철도 1호선,인천공항2터미널,3171,2698,5869,473,5,29,일
2022-05-29,공항철도 1호선,인천공항1터미널,6579,5999,12578,580,5,29,일
2022-05-29,공항철도 1호선,공항화물청사,1006,1114,2120,-108,5,29,일
2022-05-29,공항철도 1호선,운서,5970,6320,12290,-350,5,29,일
2022-05-29,공항철도 1호선,청라국제도시,3815,3772,7587,43,5,29,일
2022-05-29,공항철도 1호선,검암,4115,4156,8271,-41,5,29,일
2022-05-29,공항철도 1호선,계양,6184,5913,12097,271,5,29,일
2022-05-29,공항철도 1호선,김포공항,11659,6420,18079,5239,5,29,일
2022-05-29,공항철도 1호선,마곡나루(서울식물원),2699,3143,5842,-444,5,29,일
2022-05-29,공항철도 1호선,디지털미디어시티,4267,4247,8514,20,5,29,일
2022-05-29,공항철도 1호선,홍대입구,11277,10328,21605,949,5,29,일
2022-05-29,공항철도 1호선,공덕,1499,2077,3576,-578,5,29,일
2022-05-29,공항철도 1호선,서울역,9579,8952,18531,627,5,29,일
2022-05-29,경춘선,춘천,2317,1901,4218,416,5,29,일
2022-05-29,경춘선,남춘천,2826,3427,6253,-601,5,29,일
2022-05-29,경춘선,김유정,480,505,985,-25,5,29,일
2022-05-29,경춘선,강촌,1062,719,1781,343,5,29,일
2022-05-29,경춘선,백양리,207,129,336,78,5,29,일
2022-05-29,경춘선,굴봉산,292,264,556,28,5,29,일
2022-05-29,경춘선,가평,3042,2010,5052,1032,5,29,일
2022-05-29,경춘선,상천,647,439,1086,208,5,29,일
2022-05-29,경춘선,청평,2352,1513,3865,839,5,29,일
2022-05-29,경춘선,대성리,2407,817,3224,1590,5,29,일
2022-05-29,경춘선,마석,2864,2744,5608,120,5,29,일
2022-05-29,경춘선,천마산,1255,1251,2506,4,5,29,일
2022-05-29,경춘선,평내호평,4022,3850,7872,172,5,29,일
2022-05-29,경춘선,금곡,1029,967,1996,62,5,29,일
2022-05-29,경춘선,사릉,1588,1477,3065,111,5,29,일
2022-05-29,경춘선,퇴계원,2357,2073,4430,284,5,29,일
2022-05-29,경춘선,별내,1930,1821,3751,109,5,29,일
2022-05-29,경춘선,갈매,1567,1411,2978,156,5,29,일
2022-05-29,경춘선,신내,1103,1107,2210,-4,5,29,일
2022-05-29,경인선,도화,2646,2582,5228,64,5,29,일
2022-05-29,경인선,중동,5460,5170,10630,290,5,29,일
2022-05-29,경인선,온수(성공회대입구),4284,3954,8238,330,5,29,일
2022-05-29,경인선,도원,3247,3307,6554,-60,5,29,일
2022-05-29,경인선,간석,3529,3330,6859,199,5,29,일
2022-05-29,경인선,부개,5317,4985,10302,332,5,29,일
2022-05-29,경인선,소사,6621,6363,12984,258,5,29,일
2022-05-29,경인선,구일,3520,3557,7077,-37,5,29,일
2022-05-29,경인선,인천,4851,4034,8885,817,5,29,일
2022-05-29,경인선,동인천,10414,10136,20550,278,5,29,일
2022-05-29,경인선,제물포,6145,5931,12076,214,5,29,일
2022-05-29,경인선,주안,12977,11560,24537,1417,5,29,일
2022-05-29,경인선,동암,10719,10468,21187,251,5,29,일
2022-05-29,경인선,백운,4263,4281,8544,-18,5,29,일
2022-05-29,경인선,부평,24840,24757,49597,83,5,29,일
2022-05-29,경인선,송내,14582,14348,28930,234,5,29,일
2022-05-29,경인선,부천,25037,24596,49633,441,5,29,일
2022-05-29,경인선,역곡,15994,15952,31946,42,5,29,일
2022-05-29,경인선,오류동,7675,7243,14918,432,5,29,일
2022-05-29,경인선,개봉,12892,12812,25704,80,5,29,일
2022-05-29,경의선,임진강,122,92,214,30,5,29,일
2022-05-29,경의선,문산,4486,4531,9017,-45,5,29,일
2022-05-29,경의선,파주,725,694,1419,31,5,29,일
2022-05-29,경의선,월롱,1155,2415,3570,-1260,5,29,일
2022-05-29,경의선,금촌,4660,5129,9789,-469,5,29,일
2022-05-29,경의선,금릉,3387,3292,6679,95,5,29,일
2022-05-29,경의선,운정,4241,4013,8254,228,5,29,일
2022-05-29,경의선,야당,5318,5355,10673,-37,5,29,일
2022-05-29,경의선,탄현,4668,4292,8960,376,5,29,일
2022-05-29,경의선,일산,5294,4959,10253,335,5,29,일
2022-05-29,경의선,풍산,3862,3678,7540,184,5,29,일
2022-05-29,경의선,백마,3835,3631,7466,204,5,29,일
2022-05-29,경의선,곡산,386,366,752,20,5,29,일
2022-05-29,경의선,능곡,2415,2346,4761,69,5,29,일
2022-05-29,경의선,행신,5132,4929,10061,203,5,29,일
2022-05-29,경의선,강매,1680,1634,3314,46,5,29,일
2022-05-29,경의선,화전,1078,1155,2233,-77,5,29,일
2022-05-29,경의선,수색,1038,1075,2113,-37,5,29,일
2022-05-29,경의선,디지털미디어시티,1699,1580,3279,119,5,29,일
2022-05-29,경의선,가좌,3168,3114,6282,54,5,29,일
2022-05-29,경의선,홍대입구,1996,2305,4301,-309,5,29,일
2022-05-29,경의선,서강대,1552,1553,3105,-1,5,29,일
2022-05-29,경의선,공덕,2239,1768,4007,471,5,29,일
2022-05-29,경의선,효창공원앞,1491,1733,3224,-242,5,29,일
2022-05-29,경의선,신촌,315,329,644,-14,5,29,일
2022-05-29,경의선,서울역,1383,1224,2607,159,5,29,일
2022-05-29,경원선,소요산,4804,4151,8955,653,5,29,일
2022-05-29,경원선,동두천,1388,1923,3311,-535,5,29,일
2022-05-29,경원선,보산,1640,1642,3282,-2,5,29,일
2022-05-29,경원선,동두천중앙,2363,2257,4620,106,5,29,일
2022-05-29,경원선,지행,5160,5325,10485,-165,5,29,일
2022-05-29,경원선,덕정,3801,4040,7841,-239,5,29,일
2022-05-29,경원선,덕계,2130,2087,4217,43,5,29,일
2022-05-29,경원선,양주,5638,5594,11232,44,5,29,일
2022-05-29,경원선,녹양,3100,2950,6050,150,5,29,일
2022-05-29,경원선,가능,4415,4169,8584,246,5,29,일
2022-05-29,경원선,의정부,15784,15900,31684,-116,5,29,일
2022-05-29,경원선,회룡,8478,8426,16904,52,5,29,일
2022-05-29,경원선,망월사,4808,5040,9848,-232,5,29,일
2022-05-29,경원선,도봉산,9453,6710,16163,2743,5,29,일
2022-05-29,경원선,도봉,3813,3546,7359,267,5,29,일
2022-05-29,경원선,방학,6547,6395,12942,152,5,29,일
2022-05-29,경원선,창동,3,0,3,3,5,29,일
2022-05-29,경원선,녹천,2879,2487,5366,392,5,29,일
2022-05-29,경원선,월계,4235,3935,8170,300,5,29,일
2022-05-29,경원선,광운대,5117,5258,10375,-141,5,29,일
2022-05-29,경원선,석계,5543,6091,11634,-548,5,29,일
2022-05-29,경원선,신이문,5268,4945,10213,323,5,29,일
2022-05-29,경원선,외대앞,5684,5641,11325,43,5,29,일
2022-05-29,경원선,청량리(서울시립대입구),15773,14925,30698,848,5,29,일
2022-05-29,경원선,왕십리(성동구청),10706,12096,22802,-1390,5,29,일
2022-05-29,경원선,응봉,1241,1083,2324,158,5,29,일
2022-05-29,경원선,옥수,69,43,112,26,5,29,일
2022-05-29,경원선,한남,2118,2141,4259,-23,5,29,일
2022-05-29,경원선,서빙고,1899,1862,3761,37,5,29,일
2022-05-29,경원선,이촌(국립중앙박물관),2846,2092,4938,754,5,29,일
2022-05-29,경부선,광명,3153,2296,5449,857,5,29,일
2022-05-29,경부선,서동탄,927,893,1820,34,5,29,일
2022-05-29,경부선,당정,3322,3379,6701,-57,5,29,일
2022-05-29,경부선,천안,7375,7351,14726,24,5,29,일
2022-05-29,경부선,두정,5049,6298,11347,-1249,5,29,일
2022-05-29,경부선,직산,675,738,1413,-63,5,29,일
2022-05-29,경부선,성환,2984,3777,6761,-793,5,29,일
2022-05-29,경부선,평택,13241,14106,27347,-865,5,29,일
2022-05-29,경부선,평택지제,2870,2718,5588,152,5,29,일
2022-05-29,경부선,서정리,5014,7238,12252,-2224,5,29,일
2022-05-29,경부선,송탄,4046,4980,9026,-934,5,29,일
2022-05-29,경부선,진위,1011,1007,2018,4,5,29,일
2022-05-29,경부선,오산,8809,9168,17977,-359,5,29,일
2022-05-29,경부선,오산대,2636,2629,5265,7,5,29,일
2022-05-29,경부선,세마,2020,1865,3885,155,5,29,일
2022-05-29,경부선,병점,10468,11425,21893,-957,5,29,일
2022-05-29,경부선,세류,2429,2291,4720,138,5,29,일
2022-05-29,경부선,독산,6903,6975,13878,-72,5,29,일
2022-05-29,경부선,수원,38786,37219,76005,1567,5,29,일
2022-05-29,경부선,화서,5709,5696,11405,13,5,29,일
2022-05-29,경부선,성균관대,8889,9068,17957,-179,5,29,일
2022-05-29,경부선,의왕,5001,5008,10009,-7,5,29,일
2022-05-29,경부선,군포,3439,3153,6592,286,5,29,일
2022-05-29,경부선,금정,16059,16468,32527,-409,5,29,일
2022-05-29,경부선,명학,4014,3977,7991,37,5,29,일
2022-05-29,경부선,안양,15308,14898,30206,410,5,29,일
2022-05-29,경부선,관악,5391,4968,10359,423,5,29,일
2022-05-29,경부선,석수,5793,5631,11424,162,5,29,일
2022-05-29,경부선,금천구청,6910,6953,13863,-43,5,29,일
2022-05-29,경부선,가산디지털단지,5243,7049,12292,-1806,5,29,일
2022-05-29,경부선,구로,11061,11269,22330,-208,5,29,일
2022-05-29,경부선,신길,5076,4454,9530,622,5,29,일
2022-05-29,경부선,신도림,2677,2883,5560,-206,5,29,일
2022-05-29,경부선,영등포,35857,34961,70818,896,5,29,일
2022-05-29,경부선,대방,6390,7055,13445,-665,5,29,일
2022-05-29,경부선,노량진,6361,5881,12242,480,5,29,일
2022-05-29,경부선,용산,37703,35182,72885,2521,5,29,일
2022-05-29,경부선,남영,4904,5288,10192,-384,5,29,일
2022-05-29,경부선,서울역,9775,2219,11994,7556,5,29,일
2022-05-29,경강선,여주,2765,2808,5573,-43,5,29,일
2022-05-29,경강선,세종대왕릉,332,323,655,9,5,29,일
2022-05-29,경강선,부발,1701,2391,4092,-690,5,29,일
2022-05-29,경강선,이천,2394,2608,5002,-214,5,29,일
2022-05-29,경강선,신둔도예촌,1134,1177,2311,-43,5,29,일
2022-05-29,경강선,곤지암,1780,1910,3690,-130,5,29,일
2022-05-29,경강선,초월,1863,1884,3747,-21,5,29,일
2022-05-29,경강선,경기광주,4504,4636,9140,-132,5,29,일
2022-05-29,경강선,삼동,1233,1138,2371,95,5,29,일
2022-05-29,경강선,이매,786,501,1287,285,5,29,일
2022-05-29,경강선,판교,2843,2615,5458,228,5,29,일
2022-05-29,9호선2~3단계,중앙보훈병원,4027,3802,7829,225,5,29,일
2022-05-29,9호선2~3단계,둔촌오륜,578,611,1189,-33,5,29,일
2022-05-29,9호선2~3단계,올림픽공원(한국체대),9281,8934,18215,347,5,29,일
2022-05-29,9호선2~3단계,한성백제,1843,1661,3504,182,5,29,일
2022-05-29,9호선2~3단계,송파나루,3344,3727,7071,-383,5,29,일
2022-05-29,9호선2~3단계,석촌,5585,4819,10404,766,5,29,일
2022-05-29,9호선2~3단계,석촌고분,3486,3383,6869,103,5,29,일
2022-05-29,9호선2~3단계,삼전,3844,3814,7658,30,5,29,일
2022-05-29,9호선2~3단계,종합운동장,3747,3363,7110,384,5,29,일
2022-05-29,9호선2~3단계,봉은사,10934,11280,22214,-346,5,29,일
2022-05-29,9호선2~3단계,삼성중앙,2243,2353,4596,-110,5,29,일
2022-05-29,9호선2~3단계,선정릉,3514,4007,7521,-493,5,29,일
2022-05-29,9호선2~3단계,언주,4227,4270,8497,-43,5,29,일
2022-05-29,9호선,신논현,16617,15874,32491,743,5,29,일
2022-05-29,9호선,사평,1846,1874,3720,-28,5,29,일
2022-05-29,9호선,고속터미널,13143,18631,31774,-5488,5,29,일
2022-05-29,9호선,신반포,2604,2787,5391,-183,5,29,일
2022-05-29,9호선,구반포,706,739,1445,-33,5,29,일
2022-05-29,9호선,동작(현충원),1691,1453,3144,238,5,29,일
2022-05-29,9호선,흑석(중앙대입구),4616,4648,9264,-32,5,29,일
2022-05-29,9호선,노들,3020,2719,5739,301,5,29,일
2022-05-29,9호선,노량진,15886,16763,32649,-877,5,29,일
2022-05-29,9호선,샛강,2520,2072,4592,448,5,29,일
2022-05-29,9호선,여의도,10024,9387,19411,637,5,29,일
2022-05-29,9호선,국회의사당,5534,5489,11023,45,5,29,일
2022-05-29,9호선,당산,10396,10060,20456,336,5,29,일
2022-05-29,9호선,선유도,3441,3397,6838,44,5,29,일
2022-05-29,9호선,신목동,2119,1895,4014,224,5,29,일
2022-05-29,9호선,염창,9507,9369,18876,138,5,29,일
2022-05-29,9호선,등촌,5425,5443,10868,-18,5,29,일
2022-05-29,9호선,증미,3163,3053,6216,110,5,29,일
2022-05-29,9호선,가양,12312,11838,24150,474,5,29,일
2022-05-29,9호선,양천향교,4561,4740,9301,-179,5,29,일
2022-05-29,9호선,마곡나루(서울식물원),6329,6297,12626,32,5,29,일
2022-05-29,9호선,신방화,3696,3623,7319,73,5,29,일
2022-05-29,9호선,공항시장,1828,2033,3861,-205,5,29,일
2022-05-29,9호선,김포공항,8015,12158,20173,-4143,5,29,일
2022-05-29,9호선,개화,1254,1146,2400,108,5,29,일
2022-05-29,8호선,남위례,2837,2914,5751,-77,5,29,일
2022-05-29,8호선,모란,5326,4440,9766,886,5,29,일
2022-05-29,8호선,수진,3397,3130,6527,267,5,29,일
2022-05-29,8호선,신흥,3003,3250,6253,-247,5,29,일
2022-05-29,8호선,단대오거리,6310,6217,12527,93,5,29,일
2022-05-29,8호선,남한산성입구(성남법원.검찰청),7467,7089,14556,378,5,29,일
2022-05-29,8호선,산성,3566,3631,7197,-65,5,29,일
2022-05-29,8호선,복정,5510,5049,10559,461,5,29,일
2022-05-29,8호선,장지,9627,9668,19295,-41,5,29,일
2022-05-29,8호선,문정,6169,6558,12727,-389,5,29,일
2022-05-29,8호선,가락시장,3429,4119,7548,-690,5,29,일
2022-05-29,8호선,송파,4428,4286,8714,142,5,29,일
2022-05-29,8호선,석촌,4354,5476,9830,-1122,5,29,일
2022-05-29,8호선,잠실(송파구청),10715,12089,22804,-1374,5,29,일
2022-05-29,8호선,몽촌토성(평화의문),4175,4223,8398,-48,5,29,일
2022-05-29,8호선,강동구청,4966,5078,10044,-112,5,29,일
2022-05-29,8호선,천호(풍납토성),9639,10749,20388,-1110,5,29,일
2022-05-29,8호선,암사,9772,9002,18774,770,5,29,일
2022-05-29,7호선,온수(성공회대입구),4326,4525,8851,-199,5,29,일
2022-05-29,7호선,천왕,5591,5417,11008,174,5,29,일
2022-05-29,7호선,광명사거리,13742,13576,27318,166,5,29,일
2022-05-29,7호선,철산,11586,11644,23230,-58,5,29,일
2022-05-29,7호선,가산디지털단지,11504,10576,22080,928,5,29,일
2022-05-29,7호선,남구로,7264,7147,14411,117,5,29,일
2022-05-29,7호선,대림(구로구청),8617,7985,16602,632,5,29,일
2022-05-29,7호선,신풍,6831,6532,13363,299,5,29,일
2022-05-29,7호선,보라매,4305,4448,8753,-143,5,29,일
2022-05-29,7호선,신대방삼거리,8420,8336,16756,84,5,29,일
2022-05-29,7호선,장승배기,5021,4863,9884,158,5,29,일
2022-05-29,7호선,상도,5981,6072,12053,-91,5,29,일
2022-05-29,7호선,숭실대입구(살피재),6337,6814,13151,-477,5,29,일
2022-05-29,7호선,남성,5786,5785,11571,1,5,29,일
2022-05-29,7호선,이수,9173,8853,18026,320,5,29,일
2022-05-29,7호선,내방,5584,5678,11262,-94,5,29,일
2022-05-29,7호선,고속터미널,15215,9531,24746,5684,5,29,일
2022-05-29,7호선,반포,3212,3201,6413,11,5,29,일
2022-05-29,7호선,논현,5835,6167,12002,-332,5,29,일
2022-05-29,7호선,학동,7167,7706,14873,-539,5,29,일
2022-05-29,7호선,강남구청,6300,6901,13201,-601,5,29,일
2022-05-29,7호선,청담,7339,8005,15344,-666,5,29,일
2022-05-29,7호선,뚝섬유원지,11214,10420,21634,794,5,29,일
2022-05-29,7호선,건대입구,8426,9204,17630,-778,5,29,일
2022-05-29,7호선,어린이대공원(세종대),8650,8866,17516,-216,5,29,일
2022-05-29,7호선,군자(능동),8514,6483,14997,2031,5,29,일
2022-05-29,7호선,용마산(용마폭포공원),3557,3817,7374,-260,5,29,일
2022-05-29,7호선,사가정,9706,9287,18993,419,5,29,일
2022-05-29,7호선,면목,8425,8268,16693,157,5,29,일
2022-05-29,7호선,상봉(시외버스터미널),10684,9932,20616,752,5,29,일
2022-05-29,7호선,중화,6145,6063,12208,82,5,29,일
2022-05-29,7호선,먹골,6097,5767,11864,330,5,29,일
2022-05-29,7호선,태릉입구,6615,6362,12977,253,5,29,일
2022-05-29,7호선,공릉(서울과학기술대),6636,6769,13405,-133,5,29,일
2022-05-29,7호선,하계,9852,9518,19370,334,5,29,일
2022-05-29,7호선,중계,7305,6865,14170,440,5,29,일
2022-05-29,7호선,노원,11716,12156,23872,-440,5,29,일
2022-05-29,7호선,마들,6564,6070,12634,494,5,29,일
2022-05-29,7호선,수락산,8925,8694,17619,231,5,29,일
2022-05-29,7호선,도봉산,5972,8424,14396,-2452,5,29,일
2022-05-29,7호선,장암,1511,958,2469,553,5,29,일
2022-05-29,6호선,봉화산(서울의료원),4318,4265,8583,53,5,29,일
2022-05-29,6호선,화랑대(서울여대입구),5610,5160,10770,450,5,29,일
2022-05-29,6호선,태릉입구,4179,4713,8892,-534,5,29,일
2022-05-29,6호선,석계,6938,7327,14265,-389,5,29,일
2022-05-29,6호선,돌곶이,5893,5589,11482,304,5,29,일
2022-05-29,6호선,상월곡(한국과학기술연구원),3570,3350,6920,220,5,29,일
2022-05-29,6호선,월곡(동덕여대),5989,5694,11683,295,5,29,일
2022-05-29,6호선,고려대(종암),4505,4359,8864,146,5,29,일
2022-05-29,6호선,안암(고대병원앞),5301,5655,10956,-354,5,29,일
2022-05-29,6호선,보문,4594,4279,8873,315,5,29,일
2022-05-29,6호선,창신,1768,1602,3370,166,5,29,일
2022-05-29,6호선,동묘앞,6708,6824,13532,-116,5,29,일
2022-05-29,6호선,신당,4710,5171,9881,-461,5,29,일
2022-05-29,6호선,청구,1761,1665,3426,96,5,29,일
2022-05-29,6호선,약수,1884,1844,3728,40,5,29,일
2022-05-29,6호선,버티고개,1180,1287,2467,-107,5,29,일
2022-05-29,6호선,한강진,7696,8507,16203,-811,5,29,일
2022-05-29,6호선,이태원,14057,10918,24975,3139,5,29,일
2022-05-29,6호선,녹사평(용산구청),4514,4605,9119,-91,5,29,일
2022-05-29,6호선,삼각지,5208,3965,9173,1243,5,29,일
2022-05-29,6호선,효창공원앞,3888,3567,7455,321,5,29,일
2022-05-29,6호선,공덕,7479,7034,14513,445,5,29,일
2022-05-29,6호선,대흥(서강대앞),4436,4594,9030,-158,5,29,일
2022-05-29,6호선,광흥창(서강),4499,4267,8766,232,5,29,일
2022-05-29,6호선,상수,6752,7422,14174,-670,5,29,일
2022-05-29,6호선,합정,10229,9775,20004,454,5,29,일
2022-05-29,6호선,망원,10246,11072,21318,-826,5,29,일
2022-05-29,6호선,마포구청,7784,6819,14603,965,5,29,일
2022-05-29,6호선,월드컵경기장(성산),4496,4618,9114,-122,5,29,일
2022-05-29,6호선,디지털미디어시티,6084,6354,12438,-270,5,29,일
2022-05-29,6호선,증산(명지대앞),5956,6022,11978,-66,5,29,일
2022-05-29,6호선,새절(신사),6924,6656,13580,268,5,29,일
2022-05-29,6호선,구산,4269,3149,7418,1120,5,29,일
2022-05-29,6호선,연신내,1,0,1,1,5,29,일
2022-05-29,6호선,독바위,1660,2004,3664,-344,5,29,일
2022-05-29,6호선,불광,3200,2928,6128,272,5,29,일
2022-05-29,6호선,역촌,2133,2467,4600,-334,5,29,일
2022-05-29,6호선,응암,10167,10198,20365,-31,5,29,일
2022-05-29,5호선,하남검단산,5066,5027,10093,39,5,29,일
2022-05-29,5호선,하남시청(덕풍·신장),4941,4717,9658,224,5,29,일
2022-05-29,5호선,하남풍산,2464,2418,4882,46,5,29,일
2022-05-29,5호선,미사,9715,9767,19482,-52,5,29,일
2022-05-29,5호선,강일,2419,2314,4733,105,5,29,일
2022-05-29,5호선,마천,4010,4239,8249,-229,5,29,일
2022-05-29,5호선,거여,5219,5039,10258,180,5,29,일
2022-05-29,5호선,개롱,3175,3383,6558,-208,5,29,일
2022-05-29,5호선,오금,1675,1707,3382,-32,5,29,일
2022-05-29,5호선,방이,4574,4379,8953,195,5,29,일
2022-05-29,5호선,올림픽공원(한국체대),3882,4063,7945,-181,5,29,일
2022-05-29,5호선,둔촌동,5021,4990,10011,31,5,29,일
2022-05-29,5호선,상일동,7317,7034,14351,283,5,29,일
2022-05-29,5호선,고덕,4715,4800,9515,-85,5,29,일
2022-05-29,5호선,명일,5399,5577,10976,-178,5,29,일
2022-05-29,5호선,굽은다리(강동구민회관앞),5786,5453,11239,333,5,29,일
2022-05-29,5호선,길동,4455,4531,8986,-76,5,29,일
2022-05-29,5호선,강동,9974,9969,19943,5,5,29,일
2022-05-29,5호선,천호(풍납토성),14065,13306,27371,759,5,29,일
2022-05-29,5호선,광나루(장신대),8761,8444,17205,317,5,29,일
2022-05-29,5호선,아차산(어린이대공원후문),11476,11195,22671,281,5,29,일
2022-05-29,5호선,군자(능동),6517,7329,13846,-812,5,29,일
2022-05-29,5호선,장한평,8534,8307,16841,227,5,29,일
2022-05-29,5호선,답십리,7613,7097,14710,516,5,29,일
2022-05-29,5호선,마장,3133,2904,6037,229,5,29,일
2022-05-29,5호선,왕십리(성동구청),2781,3281,6062,-500,5,29,일
2022-05-29,5호선,행당,4331,3888,8219,443,5,29,일
2022-05-29,5호선,신금호,3205,3377,6582,-172,5,29,일
2022-05-29,5호선,청구,1951,1859,3810,92,5,29,일
2022-05-29,5호선,동대문역사문화공원(DDP),709,809,1518,-100,5,29,일
2022-05-29,5호선,을지로4가,1879,2019,3898,-140,5,29,일
2022-05-29,5호선,종로3가,10197,8765,18962,1432,5,29,일
2022-05-29,5호선,광화문(세종문화회관),12900,13231,26131,-331,5,29,일
2022-05-29,5호선,서대문,5674,5830,11504,-156,5,29,일
2022-05-29,5호선,충정로(경기대입구),1574,1543,3117,31,5,29,일
2022-05-29,5호선,애오개,2870,2888,5758,-18,5,29,일
2022-05-29,5호선,공덕,5085,5056,10141,29,5,29,일
2022-05-29,5호선,마포,5322,5335,10657,-13,5,29,일
2022-05-29,5호선,여의나루,14925,15599,30524,-674,5,29,일
2022-05-29,5호선,여의도,8109,9111,17220,-1002,5,29,일
2022-05-29,5호선,신길,2025,2194,4219,-169,5,29,일
2022-05-29,5호선,영등포시장,6178,6531,12709,-353,5,29,일
2022-05-29,5호선,영등포구청,1453,1447,2900,6,5,29,일
2022-05-29,5호선,양평,2838,2923,5761,-85,5,29,일
2022-05-29,5호선,오목교(목동운동장앞),12057,12558,24615,-501,5,29,일
2022-05-29,5호선,목동,8675,8864,17539,-189,5,29,일
2022-05-29,5호선,신정(은행정),7029,6307,13336,722,5,29,일
2022-05-29,5호선,까치산,17123,16315,33438,808,5,29,일
2022-05-29,5호선,화곡,15602,14497,30099,1105,5,29,일
2022-05-29,5호선,우장산,7319,7531,14850,-212,5,29,일
2022-05-29,5호선,발산,9906,10610,20516,-704,5,29,일
2022-05-29,5호선,마곡,3830,4092,7922,-262,5,29,일
2022-05-29,5호선,송정,3951,3852,7803,99,5,29,일
2022-05-29,5호선,김포공항,7268,7599,14867,-331,5,29,일
2022-05-29,5호선,개화산,2842,2866,5708,-24,5,29,일
2022-05-29,5호선,방화,3976,3951,7927,25,5,29,일
2022-05-29,4호선,남태령,944,690,1634,254,5,29,일
2022-05-29,4호선,사당,17475,15854,33329,1621,5,29,일
2022-05-29,4호선,총신대입구(이수),11261,12205,23466,-944,5,29,일
2022-05-29,4호선,동작(현충원),1448,1571,3019,-123,5,29,일
2022-05-29,4호선,이촌(국립중앙박물관),7693,8235,15928,-542,5,29,일
2022-05-29,4호선,신용산,9640,10145,19785,-505,5,29,일
2022-05-29,4호선,삼각지,3332,4520,7852,-1188,5,29,일
2022-05-29,4호선,숙대입구(갈월),8290,8095,16385,195,5,29,일
2022-05-29,4호선,서울역,4884,13431,18315,-8547,5,29,일
2022-05-29,4호선,회현(남대문시장),10396,10186,20582,210,5,29,일
2022-05-29,4호선,명동,13710,13833,27543,-123,5,29,일
2022-05-29,4호선,충무로,9729,10293,20022,-564,5,29,일
2022-05-29,4호선,동대문역사문화공원(DDP),9620,8584,18204,1036,5,29,일
2022-05-29,4호선,동대문,7891,8183,16074,-292,5,29,일
2022-05-29,4호선,혜화,23592,25439,49031,-1847,5,29,일
2022-05-29,4호선,한성대입구(삼선교),8690,8683,17373,7,5,29,일
2022-05-29,4호선,성신여대입구(돈암),13766,13056,26822,710,5,29,일
2022-05-29,4호선,길음,12203,11915,24118,288,5,29,일
2022-05-29,4호선,미아사거리,17407,16530,33937,877,5,29,일
2022-05-29,4호선,미아(서울사이버대학),8813,8294,17107,519,5,29,일
2022-05-29,4호선,수유(강북구청),21659,20895,42554,764,5,29,일
2022-05-29,4호선,쌍문,17506,15832,33338,1674,5,29,일
2022-05-29,4호선,창동,16456,17179,33635,-723,5,29,일
2022-05-29,4호선,노원,12820,14006,26826,-1186,5,29,일
2022-05-29,4호선,상계,11483,10614,22097,869,5,29,일
2022-05-29,4호선,당고개,6134,5892,12026,242,5,29,일
2022-05-29,3호선,오금,3025,2963,5988,62,5,29,일
2022-05-29,3호선,경찰병원,3143,3243,6386,-100,5,29,일
2022-05-29,3호선,가락시장,4163,4280,8443,-117,5,29,일
2022-05-29,3호선,수서,11446,11583,23029,-137,5,29,일
2022-05-29,3호선,일원,3826,3961,7787,-135,5,29,일
2022-05-29,3호선,대청,4591,4435,9026,156,5,29,일
2022-05-29,3호선,학여울,1443,1499,2942,-56,5,29,일
2022-05-29,3호선,대치,6784,5964,12748,820,5,29,일
2022-05-29,3호선,도곡,2434,2661,5095,-227,5,29,일
2022-05-29,3호선,매봉,4607,4710,9317,-103,5,29,일
2022-05-29,3호선,양재(서초구청),15447,17398,32845,-1951,5,29,일
2022-05-29,3호선,남부터미널(예술의전당),16090,17132,33222,-1042,5,29,일
2022-05-29,3호선,교대(법원.검찰청),4928,3133,8061,1795,5,29,일
2022-05-29,3호선,고속터미널,45792,43881,89673,1911,5,29,일
2022-05-29,3호선,잠원,2501,2516,5017,-15,5,29,일
2022-05-29,3호선,신사,13984,14106,28090,-122,5,29,일
2022-05-29,3호선,압구정,15243,15997,31240,-754,5,29,일
2022-05-29,3호선,옥수,5538,5800,11338,-262,5,29,일
2022-05-29,3호선,금호,4523,4323,8846,200,5,29,일
2022-05-29,3호선,약수,7221,6962,14183,259,5,29,일
2022-05-29,3호선,동대입구,5241,5880,11121,-639,5,29,일
2022-05-29,3호선,을지로3가,4046,3741,7787,305,5,29,일
2022-05-29,3호선,종로3가,4463,5677,10140,-1214,5,29,일
2022-05-29,3호선,안국,14837,15452,30289,-615,5,29,일
2022-05-29,3호선,경복궁(정부서울청사),20182,22880,43062,-2698,5,29,일
2022-05-29,3호선,독립문,4750,5070,9820,-320,5,29,일
2022-05-29,3호선,무악재,2122,2297,4419,-175,5,29,일
2022-05-29,3호선,홍제,10232,9728,19960,504,5,29,일
2022-05-29,3호선,녹번,8035,7150,15185,885,5,29,일
2022-05-29,3호선,불광,10568,12133,22701,-1565,5,29,일
2022-05-29,3호선,연신내,22716,21317,44033,1399,5,29,일
2022-05-29,3호선,구파발,12650,13136,25786,-486,5,29,일
2022-05-29,3호선,지축,2826,2589,5415,237,5,29,일
2022-05-29,2호선,용두(동대문구청),1188,1234,2422,-46,5,29,일
2022-05-29,2호선,신정네거리,5832,5897,11729,-65,5,29,일
2022-05-29,2호선,양천구청,3562,3591,7153,-29,5,29,일
2022-05-29,2호선,도림천,497,515,1012,-18,5,29,일
2022-05-29,2호선,신설동,3414,3436,6850,-22,5,29,일
2022-05-29,2호선,용답,1889,1914,3803,-25,5,29,일
2022-05-29,2호선,충정로(경기대입구),4210,4481,8691,-271,5,29,일
2022-05-29,2호선,아현,5760,5610,11370,150,5,29,일
2022-05-29,2호선,이대,7823,8415,16238,-592,5,29,일
2022-05-29,2호선,신촌,24094,23233,47327,861,5,29,일
2022-05-29,2호선,홍대입구,54094,53239,107333,855,5,29,일
2022-05-29,2호선,합정,23240,24866,48106,-1626,5,29,일
2022-05-29,2호선,당산,10137,10828,20965,-691,5,29,일
2022-05-29,2호선,영등포구청,8931,9196,18127,-265,5,29,일
2022-05-29,2호선,문래,9116,9717,18833,-601,5,29,일
2022-05-29,2호선,신도림,32155,32637,64792,-482,5,29,일
2022-05-29,2호선,대림(구로구청),17165,17449,34614,-284,5,29,일
2022-05-29,2호선,구로디지털단지,26094,25551,51645,543,5,29,일
2022-05-29,2호선,신대방,17191,16302,33493,889,5,29,일
2022-05-29,2호선,신림,40219,39103,79322,1116,5,29,일
2022-05-29,2호선,봉천,13380,12831,26211,549,5,29,일
2022-05-29,2호선,서울대입구(관악구청),28073,29058,57131,-985,5,29,일
2022-05-29,2호선,낙성대(강감찬),17015,17616,34631,-601,5,29,일
2022-05-29,2호선,사당,25512,27657,53169,-2145,5,29,일
2022-05-29,2호선,방배,7241,7610,14851,-369,5,29,일
2022-05-29,2호선,서초,12812,12106,24918,706,5,29,일
2022-05-29,2호선,교대(법원.검찰청),11741,13112,24853,-1371,5,29,일
2022-05-29,2호선,강남,36487,34860,71347,1627,5,29,일
2022-05-29,2호선,역삼,12298,13079,25377,-781,5,29,일
2022-05-29,2호선,선릉,14487,12236,26723,2251,5,29,일
2022-05-29,2호선,삼성(무역센터),25084,24535,49619,549,5,29,일
2022-05-29,2호선,종합운동장,19443,20659,40102,-1216,5,29,일
2022-05-29,2호선,잠실새내,12825,12943,25768,-118,5,29,일
2022-05-29,2호선,잠실(송파구청),53641,49950,103591,3691,5,29,일
2022-05-29,2호선,강변(동서울터미널),25309,25151,50460,158,5,29,일
2022-05-29,2호선,구의(광진구청),12125,12100,24225,25,5,29,일
2022-05-29,2호선,건대입구,28398,29666,58064,-1268,5,29,일
2022-05-29,2호선,성수,15241,16842,32083,-1601,5,29,일
2022-05-29,2호선,뚝섬,12443,12851,25294,-408,5,29,일
2022-05-29,2호선,한양대,3113,3570,6683,-457,5,29,일
2022-05-29,2호선,왕십리(성동구청),10369,9216,19585,1153,5,29,일
2022-05-29,2호선,상왕십리,7502,7331,14833,171,5,29,일
2022-05-29,2호선,신당,8759,9202,17961,-443,5,29,일
2022-05-29,2호선,동대문역사문화공원(DDP),8617,10357,18974,-1740,5,29,일
2022-05-29,2호선,을지로4가,3963,3873,7836,90,5,29,일
2022-05-29,2호선,을지로3가,9448,9141,18589,307,5,29,일
2022-05-29,2호선,을지로입구,17509,16662,34171,847,5,29,일
2022-05-29,2호선,시청,6737,5392,12129,1345,5,29,일
2022-05-29,1호선,동묘앞,13043,13065,26108,-22,5,29,일
2022-05-29,1호선,청량리(서울시립대입구),13894,14215,28109,-321,5,29,일
2022-05-29,1호선,제기동,10480,10871,21351,-391,5,29,일
2022-05-29,1호선,신설동,8243,8172,16415,71,5,29,일
2022-05-29,1호선,동대문,10328,10692,21020,-364,5,29,일
2022-05-29,1호선,종로5가,11332,11225,22557,107,5,29,일
2022-05-29,1호선,종로3가,17168,14545,31713,2623,5,29,일
2022-05-29,1호선,종각,14958,12811,27769,2147,5,29,일
2022-05-29,1호선,시청,9611,8659,18270,952,5,29,일
2022-05-29,1호선,서울역,32758,31999,64757,759,5,29,일
2022-05-29,일산선,원당,7019,6619,13638,400,5,29,일
2022-05-29,일산선,삼송,12242,11915,24157,327,5,29,일
2022-05-29,일산선,원흥,6451,6159,12610,292,5,29,일
2022-05-29,우이신설선,신설동,1254,1255,2509,-1,5,29,일
2022-05-29,우이신설선,보문,1076,1048,2124,28,5,29,일
2022-05-29,우이신설선,성신여대입구(돈암),2314,2794,5108,-480,5,29,일
2022-05-29,우이신설선,정릉,3095,2550,5645,545,5,29,일
2022-05-29,우이신설선,북한산보국문,4137,3787,7924,350,5,29,일
2022-05-29,우이신설선,솔샘,3138,2973,6111,165,5,29,일
2022-05-29,우이신설선,삼양사거리,1737,1602,3339,135,5,29,일
2022-05-29,우이신설선,삼양,1266,1272,2538,-6,5,29,일
2022-05-29,우이신설선,화계,2409,2147,4556,262,5,29,일
2022-05-29,우이신설선,가오리,2490,2391,4881,99,5,29,일
2022-05-29,우이신설선,4.19민주묘지,2211,1986,4197,225,5,29,일
2022-05-29,우이신설선,솔밭공원,1551,1494,3045,57,5,29,일
2022-05-29,우이신설선,북한산우이,3632,3751,7383,-119,5,29,일
2022-05-29,안산선,수리산,2518,2455,4973,63,5,29,일
2022-05-29,안산선,오이도,6742,6450,13192,292,5,29,일
2022-05-29,안산선,정왕,6159,6706,12865,-547,5,29,일
2022-05-29,안산선,신길온천,1391,1317,2708,74,5,29,일
2022-05-29,안산선,안산,10935,10009,20944,926,5,29,일
2022-05-29,안산선,초지,2882,2751,5633,131,5,29,일
2022-05-29,안산선,고잔,5947,5821,11768,126,5,29,일
2022-05-29,안산선,중앙,13487,13496,26983,-9,5,29,일
2022-05-29,안산선,한대앞,6257,6218,12475,39,5,29,일
2022-05-29,안산선,상록수,10555,10524,21079,31,5,29,일
2022-05-29,안산선,반월,2873,2868,5741,5,5,29,일
2022-05-29,안산선,대야미,3528,3184,6712,344,5,29,일
2022-05-29,안산선,산본,10173,10966,21139,-793,5,29,일
2022-05-29,신림선,관악산(서울대),7027,7136,14163,-109,5,29,일
2022-05-29,신림선,서울대벤처타운,5322,4939,10261,383,5,29,일
2022-05-29,신림선,서원,2234,1984,4218,250,5,29,일
2022-05-29,신림선,신림,1850,2160,4010,-310,5,29,일
2022-05-29,신림선,당곡,2695,2417,5112,278,5,29,일
2022-05-29,신림선,보라매병원,2770,2787,5557,-17,5,29,일
2022-05-29,신림선,보라매공원,1808,2097,3905,-289,5,29,일
2022-05-29,신림선,보라매,2126,1806,3932,320,5,29,일
2022-05-29,신림선,서울지방병무청,1916,1846,3762,70,5,29,일
2022-05-29,신림선,대방,1419,1087,2506,332,5,29,일
2022-05-29,신림선,샛강,2691,3962,6653,-1271,5,29,일
2022-05-29,수인선,신포,1284,1181,2465,103,5,29,일
2022-05-29,수인선,숭의,2378,2183,4561,195,5,29,일
2022-05-29,수인선,인하대,3526,3528,7054,-2,5,29,일
2022-05-29,수인선,송도,1653,1656,3309,-3,5,29,일
2022-05-29,수인선,연수,3495,3494,6989,1,5,29,일
2022-05-29,수인선,원인재,3152,3362,6514,-210,5,29,일
2022-05-29,수인선,남동인더스파크,610,648,1258,-38,5,29,일
2022-05-29,수인선,호구포,2249,2385,4634,-136,5,29,일
2022-05-29,수인선,인천논현,3304,3442,6746,-138,5,29,일
2022-05-29,수인선,소래포구,6546,6091,12637,455,5,29,일
2022-05-29,수인선,월곶,1887,1829,3716,58,5,29,일
2022-05-29,수인선,달월,46,49,95,-3,5,29,일
2022-05-29,수인선,사리,3074,2646,5720,428,5,29,일
2022-05-29,수인선,야목,223,192,415,31,5,29,일
2022-05-29,수인선,어천,664,743,1407,-79,5,29,일
2022-05-29,수인선,오목천,1854,1834,3688,20,5,29,일
2022-05-29,수인선,고색,2012,2127,4139,-115,5,29,일
2022-05-29,분당선,매교,1581,1583,3164,-2,5,29,일
2022-05-29,분당선,수원시청,8681,8530,17211,151,5,29,일
2022-05-29,분당선,매탄권선,2959,2825,5784,134,5,29,일
2022-05-29,분당선,망포,7100,7351,14451,-251,5,29,일
2022-05-29,분당선,영통,5386,5555,10941,-169,5,29,일
2022-05-29,분당선,청명,2400,2427,4827,-27,5,29,일
2022-05-29,분당선,상갈,3124,3267,6391,-143,5,29,일
2022-05-29,분당선,기흥,5729,5389,11118,340,5,29,일
2022-05-29,분당선,신갈,2295,2311,4606,-16,5,29,일
2022-05-29,분당선,구성,2842,3047,5889,-205,5,29,일
2022-05-29,분당선,죽전,8809,9674,18483,-865,5,29,일
2022-05-29,분당선,보정,1328,1246,2574,82,5,29,일
2022-05-29,분당선,이매,3691,3736,7427,-45,5,29,일
2022-05-29,분당선,오리,6279,5482,11761,797,5,29,일
2022-05-29,분당선,미금,8557,8955,17512,-398,5,29,일
2022-05-29,분당선,정자,8505,8800,17305,-295,5,29,일
2022-05-29,분당선,수내,7048,6547,13595,501,5,29,일
2022-05-29,분당선,서현,15815,15817,31632,-2,5,29,일
2022-05-29,분당선,야탑,15695,16004,31699,-309,5,29,일
2022-05-29,분당선,모란,19836,20787,40623,-951,5,29,일
2022-05-29,분당선,태평,9223,8704,17927,519,5,29,일
2022-05-29,분당선,가천대,4628,5554,10182,-926,5,29,일
2022-05-29,2호선,잠실나루,5957,6022,11979,-65,5,29,일
2022-05-29,장항선,봉명,686,697,1383,-11,5,29,일
2022-05-29,일산선,대화,6779,6104,12883,675,5,29,일
2022-05-29,일산선,주엽,5198,5054,10252,144,5,29,일
2022-05-29,일산선,정발산,6381,6346,12727,35,5,29,일
2022-05-29,일산선,마두,3756,3744,7500,12,5,29,일
2022-05-29,일산선,백석,5886,5835,11721,51,5,29,일
2022-05-29,일산선,대곡,1177,1030,2207,147,5,29,일
2022-05-29,일산선,화정,10389,10813,21202,-424,5,29,일
2022-05-29,중앙선,지평,79,61,140,18,5,29,일
2022-05-29,중앙선,용문,2671,2099,4770,572,5,29,일
2022-05-29,중앙선,원덕,461,375,836,86,5,29,일
2022-05-29,중앙선,양평,2802,2480,5282,322,5,29,일
2022-05-29,중앙선,오빈,321,282,603,39,5,29,일
2022-05-29,중앙선,아신,731,532,1263,199,5,29,일
2022-05-29,중앙선,국수,690,614,1304,76,5,29,일
2022-05-29,중앙선,신원,307,388,695,-81,5,29,일
2022-05-29,중앙선,양수,2372,2093,4465,279,5,29,일
2022-05-29,중앙선,운길산,1420,1334,2754,86,5,29,일
2022-05-29,중앙선,팔당,1576,1559,3135,17,5,29,일
2022-05-29,중앙선,도심,1370,1216,2586,154,5,29,일
2022-05-29,중앙선,덕소,3782,3855,7637,-73,5,29,일
2022-05-29,중앙선,양정,607,453,1060,154,5,29,일
2022-05-29,중앙선,도농,6079,5947,12026,132,5,29,일
2022-05-29,중앙선,구리,8566,8740,17306,-174,5,29,일
2022-05-29,중앙선,양원,1518,1549,3067,-31,5,29,일
2022-05-29,중앙선,망우,5430,5604,11034,-174,5,29,일
2022-05-29,중앙선,상봉(시외버스터미널),4087,4219,8306,-132,5,29,일
2022-05-29,중앙선,중랑,3881,3721,7602,160,5,29,일
2022-05-29,중앙선,회기,17568,17803,35371,-235,5,29,일
2022-05-29,장항선,신창(순천향대),1112,2072,3184,-960,5,29,일
2022-05-29,장항선,온양온천,5421,5354,10775,67,5,29,일
2022-05-29,장항선,배방,1049,1190,2239,-141,5,29,일
2022-05-29,장항선,탕정,619,690,1309,-71,5,29,일
2022-05-29,장항선,아산,4550,2934,7484,1616,5,29,일
2022-05-29,장항선,쌍용(나사렛대),1648,1878,3526,-230,5,29,일
2022-05-29,7호선,중곡,5819,5487,11306,332,5,29,일
2022-05-29,2호선,신답,883,949,1832,-66,5,29,일
2022-05-29,분당선,선정릉,2259,2356,4615,-97,5,29,일
2022-05-30,8호선,장지,17288,16662,33950,626,5,30,월
2022-05-30,수인선,달월,118,76,194,42,5,30,월
2022-05-30,수인선,월곶,2978,2807,5785,171,5,30,월
2022-05-30,수인선,소래포구,7131,6666,13797,465,5,30,월
2022-05-30,수인선,인천논현,5921,6305,12226,-384,5,30,월
2022-05-30,수인선,호구포,4325,4511,8836,-186,5,30,월
2022-05-30,수인선,남동인더스파크,2284,2573,4857,-289,5,30,월
2022-05-30,수인선,야목,438,303,741,135,5,30,월
2022-05-30,수인선,원인재,4747,4940,9687,-193,5,30,월
2022-05-30,수인선,연수,4819,4651,9470,168,5,30,월
2022-05-30,수인선,송도,2731,2430,5161,301,5,30,월
2022-05-30,수인선,인하대,7839,7566,15405,273,5,30,월
2022-05-30,수인선,숭의,4406,3984,8390,422,5,30,월
2022-05-30,수인선,신포,2005,1975,3980,30,5,30,월
2022-05-30,수인선,인천,1135,1813,2948,-678,5,30,월
2022-05-30,신림선,샛강,2382,3083,5465,-701,5,30,월
2022-05-30,신림선,대방,1662,1087,2749,575,5,30,월
2022-05-30,신림선,서울지방병무청,2053,2308,4361,-255,5,30,월
2022-05-30,신림선,보라매,2640,2193,4833,447,5,30,월
2022-05-30,신림선,보라매공원,1582,1877,3459,-295,5,30,월
2022-05-30,신림선,보라매병원,5586,4893,10479,693,5,30,월
2022-05-30,신림선,당곡,2914,2963,5877,-49,5,30,월
2022-05-30,신림선,신림,1724,1980,3704,-256,5,30,월
2022-05-30,신림선,서원,2343,2358,4701,-15,5,30,월
2022-05-30,신림선,서울대벤처타운,5503,5970,11473,-467,5,30,월
2022-05-30,신림선,관악산(서울대),3908,3842,7750,66,5,30,월
2022-05-30,안산선,산본,16844,17982,34826,-1138,5,30,월
2022-05-30,안산선,대야미,5380,4791,10171,589,5,30,월
2022-05-30,안산선,반월,4773,4540,9313,233,5,30,월
2022-05-30,안산선,상록수,17627,17735,35362,-108,5,30,월
2022-05-30,안산선,한대앞,10972,11094,22066,-122,5,30,월
2022-05-30,안산선,중앙,19300,20033,39333,-733,5,30,월
2022-05-30,안산선,고잔,9801,9169,18970,632,5,30,월
2022-05-30,안산선,초지,5762,6035,11797,-273,5,30,월
2022-05-30,안산선,안산,12477,11274,23751,1203,5,30,월
2022-05-30,안산선,신길온천,1995,1763,3758,232,5,30,월
2022-05-30,안산선,정왕,10587,11500,22087,-913,5,30,월
2022-05-30,안산선,오이도,9209,8723,17932,486,5,30,월
2022-05-30,안산선,수리산,4534,3741,8275,793,5,30,월
2022-05-30,우이신설선,북한산우이,3242,2966,6208,276,5,30,월
2022-05-30,우이신설선,솔밭공원,2651,2468,5119,183,5,30,월
2022-05-30,우이신설선,4.19민주묘지,3924,3814,7738,110,5,30,월
2022-05-30,우이신설선,가오리,4519,4412,8931,107,5,30,월
2022-05-30,우이신설선,화계,3727,3541,7268,186,5,30,월
2022-05-30,우이신설선,삼양,2080,2160,4240,-80,5,30,월
2022-05-30,우이신설선,삼양사거리,2589,2530,5119,59,5,30,월
2022-05-30,우이신설선,솔샘,6219,5713,11932,506,5,30,월
2022-05-30,우이신설선,북한산보국문,6340,6133,12473,207,5,30,월
2022-05-30,우이신설선,정릉,5070,4568,9638,502,5,30,월
2022-05-30,우이신설선,성신여대입구(돈암),3449,3841,7290,-392,5,30,월
2022-05-30,우이신설선,보문,1672,1648,3320,24,5,30,월
2022-05-30,우이신설선,신설동,2298,2274,4572,24,5,30,월
2022-05-30,일산선,원흥,11680,11107,22787,573,5,30,월
2022-05-30,수인선,어천,775,869,1644,-94,5,30,월
2022-05-30,수인선,오목천,4292,4182,8474,110,5,30,월
2022-05-30,수인선,고색,5336,5143,10479,193,5,30,월
2022-05-30,분당선,매교,3382,3338,6720,44,5,30,월
2022-05-30,분당선,수원시청,13156,13739,26895,-583,5,30,월
2022-05-30,분당선,매탄권선,5639,5377,11016,262,5,30,월
2022-05-30,분당선,망포,15510,14687,30197,823,5,30,월
2022-05-30,분당선,영통,8461,8953,17414,-492,5,30,월
2022-05-30,분당선,청명,4641,4487,9128,154,5,30,월
2022-05-30,분당선,상갈,5879,5641,11520,238,5,30,월
2022-05-30,분당선,기흥,11221,10544,21765,677,5,30,월
2022-05-30,분당선,신갈,4890,4805,9695,85,5,30,월
2022-05-30,분당선,구성,5592,5748,11340,-156,5,30,월
2022-05-30,분당선,죽전,14850,16163,31013,-1313,5,30,월
2022-05-30,분당선,보정,2858,2491,5349,367,5,30,월
2022-05-30,분당선,이매,6179,5770,11949,409,5,30,월
2022-05-30,분당선,오리,12179,10057,22236,2122,5,30,월
2022-05-30,분당선,미금,16040,17081,33121,-1041,5,30,월
2022-05-30,분당선,정자,18769,19861,38630,-1092,5,30,월
2022-05-30,분당선,수내,13642,13728,27370,-86,5,30,월
2022-05-30,분당선,서현,25139,25529,50668,-390,5,30,월
2022-05-30,분당선,야탑,27072,28362,55434,-1290,5,30,월
2022-05-30,분당선,모란,20858,20790,41648,68,5,30,월
2022-05-30,분당선,태평,14045,13483,27528,562,5,30,월
2022-05-30,분당선,가천대,13162,14243,27405,-1081,5,30,월
2022-05-30,분당선,선정릉,8381,9009,17390,-628,5,30,월
2022-05-30,분당선,강남구청,10223,11736,21959,-1513,5,30,월
2022-05-30,분당선,압구정로데오,17364,19232,36596,-1868,5,30,월
2022-05-30,분당선,서울숲,11182,11299,22481,-117,5,30,월
2022-05-30,분당선,수원,8450,7151,15601,1299,5,30,월
2022-05-30,분당선,수서,14514,14812,29326,-298,5,30,월
2022-05-30,분당선,대모산입구,4890,4422,9312,468,5,30,월
2022-05-30,분당선,개포동,4035,4275,8310,-240,5,30,월
2022-05-30,분당선,구룡,2567,2479,5046,88,5,30,월
2022-05-30,분당선,도곡,7630,7619,15249,11,5,30,월
2022-05-30,분당선,한티,14739,15978,30717,-1239,5,30,월
2022-05-30,분당선,선릉,14473,22252,36725,-7779,5,30,월
2022-05-30,과천선,범계,27176,26936,54112,240,5,30,월
2022-05-30,과천선,평촌,19213,18802,38015,411,5,30,월
2022-05-30,과천선,인덕원,25906,27056,52962,-1150,5,30,월
2022-05-30,과천선,정부과천청사,11579,11335,22914,244,5,30,월
2022-05-30,과천선,과천,6840,6258,13098,582,5,30,월
2022-05-30,과천선,대공원,3436,3513,6949,-77,5,30,월
2022-05-30,과천선,경마공원,998,950,1948,48,5,30,월
2022-05-30,과천선,선바위,8842,7719,16561,1123,5,30,월
2022-05-30,공항철도 1호선,영종,3404,3335,6739,69,5,30,월
2022-05-30,공항철도 1호선,인천공항2터미널,3254,2849,6103,405,5,30,월
2022-05-30,공항철도 1호선,인천공항1터미널,5600,5444,11044,156,5,30,월
2022-05-30,공항철도 1호선,공항화물청사,2284,2585,4869,-301,5,30,월
2022-05-30,공항철도 1호선,운서,7344,7165,14509,179,5,30,월
2022-05-30,공항철도 1호선,청라국제도시,7788,7231,15019,557,5,30,월
2022-05-30,공항철도 1호선,검암,7193,7058,14251,135,5,30,월
2022-05-30,공항철도 1호선,계양,11853,10943,22796,910,5,30,월
2022-05-30,공항철도 1호선,김포공항,12458,7475,19933,4983,5,30,월
2022-05-30,공항철도 1호선,마곡나루(서울식물원),10423,9999,20422,424,5,30,월
2022-05-30,공항철도 1호선,디지털미디어시티,15365,14528,29893,837,5,30,월
2022-05-30,공항철도 1호선,홍대입구,9876,9805,19681,71,5,30,월
2022-05-30,공항철도 1호선,공덕,2457,3212,5669,-755,5,30,월
2022-05-30,공항철도 1호선,서울역,8729,8244,16973,485,5,30,월
2022-05-30,경춘선,춘천,1558,1669,3227,-111,5,30,월
2022-05-30,경춘선,남춘천,2610,2899,5509,-289,5,30,월
2022-05-30,경춘선,김유정,294,297,591,-3,5,30,월
2022-05-30,경춘선,강촌,418,439,857,-21,5,30,월
2022-05-30,경춘선,백양리,90,110,200,-20,5,30,월
2022-05-30,경춘선,굴봉산,136,138,274,-2,5,30,월
2022-05-30,경춘선,가평,1774,1651,3425,123,5,30,월
2022-05-30,경춘선,상천,243,246,489,-3,5,30,월
2022-05-30,경춘선,청평,1742,1633,3375,109,5,30,월
2022-05-30,경춘선,대성리,685,492,1177,193,5,30,월
2022-05-30,경춘선,마석,4460,4226,8686,234,5,30,월
2022-05-30,경춘선,천마산,1899,1719,3618,180,5,30,월
2022-05-30,경춘선,평내호평,7053,6718,13771,335,5,30,월
2022-05-30,경춘선,금곡,1760,1672,3432,88,5,30,월
2022-05-30,경춘선,사릉,2793,2657,5450,136,5,30,월
2022-05-30,경춘선,퇴계원,3916,3447,7363,469,5,30,월
2022-05-30,경춘선,별내,3434,3190,6624,244,5,30,월
2022-05-30,경춘선,갈매,3278,2880,6158,398,5,30,월
2022-05-30,경춘선,신내,2511,2355,4866,156,5,30,월
2022-05-30,경인선,도화,4518,4162,8680,356,5,30,월
2022-05-30,경인선,중동,10418,9709,20127,709,5,30,월
2022-05-30,경인선,온수(성공회대입구),7645,7358,15003,287,5,30,월
2022-05-30,경인선,도원,3793,3706,7499,87,5,30,월
2022-05-30,경인선,간석,6553,6010,12563,543,5,30,월
2022-05-30,경인선,부개,9547,8722,18269,825,5,30,월
2022-05-30,경인선,소사,9731,9393,19124,338,5,30,월
2022-05-30,경인선,구일,7841,7602,15443,239,5,30,월
2022-05-30,경인선,인천,3614,2760,6374,854,5,30,월
2022-05-30,경인선,동인천,14338,13611,27949,727,5,30,월
2022-05-30,경인선,제물포,12031,11460,23491,571,5,30,월
2022-05-30,경인선,주안,21103,19350,40453,1753,5,30,월
2022-05-30,경인선,동암,16024,15942,31966,82,5,30,월
2022-05-30,경인선,백운,7587,7357,14944,230,5,30,월
2022-05-30,경인선,부평,29452,31271,60723,-1819,5,30,월
2022-05-30,경인선,송내,30001,29753,59754,248,5,30,월
2022-05-30,경인선,부천,34249,33986,68235,263,5,30,월
2022-05-30,경인선,역곡,30757,30110,60867,647,5,30,월
2022-05-30,경인선,오류동,12725,11786,24511,939,5,30,월
2022-05-30,경인선,개봉,22890,22185,45075,705,5,30,월
2022-05-30,경의선,임진강,23,9,32,14,5,30,월
2022-05-30,경의선,문산,5342,5417,10759,-75,5,30,월
2022-05-30,경의선,파주,1676,1253,2929,423,5,30,월
2022-05-30,경의선,월롱,3310,3175,6485,135,5,30,월
2022-05-30,경의선,금촌,6797,6717,13514,80,5,30,월
2022-05-30,경의선,금릉,5417,5180,10597,237,5,30,월
2022-05-30,경의선,운정,7758,7015,14773,743,5,30,월
2022-05-30,경의선,야당,8214,7935,16149,279,5,30,월
2022-05-30,경의선,탄현,8552,7975,16527,577,5,30,월
2022-05-30,경의선,일산,10523,10315,20838,208,5,30,월
2022-05-30,경의선,풍산,6122,5535,11657,587,5,30,월
2022-05-30,경의선,백마,7708,7289,14997,419,5,30,월
2022-05-30,경의선,곡산,676,692,1368,-16,5,30,월
2022-05-30,경의선,능곡,4178,3843,8021,335,5,30,월
2022-05-30,경의선,행신,8923,9026,17949,-103,5,30,월
2022-05-30,경의선,강매,3660,3101,6761,559,5,30,월
2022-05-30,경의선,화전,3719,3561,7280,158,5,30,월
2022-05-30,경의선,수색,3232,3424,6656,-192,5,30,월
2022-05-30,경의선,디지털미디어시티,2922,2661,5583,261,5,30,월
2022-05-30,경의선,가좌,6239,5773,12012,466,5,30,월
2022-05-30,경의선,홍대입구,1744,1985,3729,-241,5,30,월
2022-05-30,경의선,서강대,2316,2267,4583,49,5,30,월
2022-05-30,경의선,공덕,3727,3410,7137,317,5,30,월
2022-05-30,경의선,효창공원앞,3370,3765,7135,-395,5,30,월
2022-05-30,경의선,신촌,981,1257,2238,-276,5,30,월
2022-05-30,경의선,서울역,5079,6643,11722,-1564,5,30,월
2022-05-30,경원선,소요산,2467,2119,4586,348,5,30,월
2022-05-30,경원선,동두천,2783,3128,5911,-345,5,30,월
2022-05-30,경원선,보산,1813,1931,3744,-118,5,30,월
2022-05-30,경원선,동두천중앙,3551,3458,7009,93,5,30,월
2022-05-30,경원선,지행,7421,7380,14801,41,5,30,월
2022-05-30,경원선,덕정,7055,6788,13843,267,5,30,월
2022-05-30,경원선,덕계,3705,3422,7127,283,5,30,월
2022-05-30,경원선,양주,8495,8032,16527,463,5,30,월
2022-05-30,경원선,녹양,4981,4588,9569,393,5,30,월
2022-05-30,경원선,가능,7357,7062,14419,295,5,30,월
2022-05-30,경원선,의정부,18535,19288,37823,-753,5,30,월
2022-05-30,경원선,회룡,13588,13170,26758,418,5,30,월
2022-05-30,경원선,망월사,9949,10150,20099,-201,5,30,월
2022-05-30,경원선,도봉산,7429,5053,12482,2376,5,30,월
2022-05-30,경원선,도봉,6288,6056,12344,232,5,30,월
2022-05-30,경원선,방학,10360,10082,20442,278,5,30,월
2022-05-30,경원선,녹천,5097,4189,9286,908,5,30,월
2022-05-30,경원선,월계,8870,8079,16949,791,5,30,월
2022-05-30,경원선,광운대,9526,9552,19078,-26,5,30,월
2022-05-30,경원선,석계,8810,9874,18684,-1064,5,30,월
2022-05-30,경원선,신이문,8971,8284,17255,687,5,30,월
2022-05-30,경원선,외대앞,8750,8949,17699,-199,5,30,월
2022-05-30,경원선,청량리(서울시립대입구),15644,16667,32311,-1023,5,30,월
2022-05-30,경원선,왕십리(성동구청),14641,15832,30473,-1191,5,30,월
2022-05-30,경원선,응봉,1999,1730,3729,269,5,30,월
2022-05-30,경원선,옥수,58,40,98,18,5,30,월
2022-05-30,경원선,한남,4496,4291,8787,205,5,30,월
2022-05-30,경원선,서빙고,2194,1979,4173,215,5,30,월
2022-05-30,경원선,이촌(국립중앙박물관),3954,3015,6969,939,5,30,월
2022-05-30,경부선,광명,3691,3127,6818,564,5,30,월
2022-05-30,경부선,서동탄,1560,1330,2890,230,5,30,월
2022-05-30,경부선,당정,7785,7428,15213,357,5,30,월
2022-05-30,경부선,천안,7099,7023,14122,76,5,30,월
2022-05-30,경부선,두정,7807,9229,17036,-1422,5,30,월
2022-05-30,경부선,직산,901,870,1771,31,5,30,월
2022-05-30,경부선,성환,7147,7254,14401,-107,5,30,월
2022-05-30,경부선,평택,13908,14528,28436,-620,5,30,월
2022-05-30,경부선,평택지제,4179,3887,8066,292,5,30,월
2022-05-30,경부선,서정리,8168,7953,16121,215,5,30,월
2022-05-30,경부선,송탄,4826,4852,9678,-26,5,30,월
2022-05-30,경부선,진위,1951,1738,3689,213,5,30,월
2022-05-30,경부선,오산,11001,11090,22091,-89,5,30,월
2022-05-30,경부선,오산대,4316,4032,8348,284,5,30,월
2022-05-30,경부선,세마,3076,2912,5988,164,5,30,월
2022-05-30,경부선,병점,17650,17588,35238,62,5,30,월
2022-05-30,경부선,세류,3287,3003,6290,284,5,30,월
2022-05-30,경부선,독산,20043,20680,40723,-637,5,30,월
2022-05-30,경부선,수원,37158,39167,76325,-2009,5,30,월
2022-05-30,경부선,화서,8957,8588,17545,369,5,30,월
2022-05-30,경부선,성균관대,16315,16230,32545,85,5,30,월
2022-05-30,경부선,의왕,10137,10106,20243,31,5,30,월
2022-05-30,경부선,군포,8322,8197,16519,125,5,30,월
2022-05-30,경부선,금정,29002,29135,58137,-133,5,30,월
2022-05-30,경부선,명학,11113,11064,22177,49,5,30,월
2022-05-30,경부선,안양,28381,27902,56283,479,5,30,월
2022-05-30,경부선,관악,8234,7731,15965,503,5,30,월
2022-05-30,경부선,석수,10396,9437,19833,959,5,30,월
2022-05-30,경부선,금천구청,12907,12822,25729,85,5,30,월
2022-05-30,경부선,가산디지털단지,19805,22854,42659,-3049,5,30,월
2022-05-30,경부선,구로,19720,20078,39798,-358,5,30,월
2022-05-30,경부선,신길,9884,8539,18423,1345,5,30,월
2022-05-30,경부선,신도림,4437,4664,9101,-227,5,30,월
2022-05-30,경부선,영등포,37236,39073,76309,-1837,5,30,월
2022-05-30,경부선,대방,12825,13635,26460,-810,5,30,월
2022-05-30,경부선,노량진,8357,8366,16723,-9,5,30,월
2022-05-30,경부선,용산,34678,35318,69996,-640,5,30,월
2022-05-30,경부선,남영,10097,10978,21075,-881,5,30,월
2022-05-30,경부선,서울역,7501,2385,9886,5116,5,30,월
2022-05-30,경강선,여주,2708,2766,5474,-58,5,30,월
2022-05-30,경강선,세종대왕릉,341,345,686,-4,5,30,월
2022-05-30,경강선,부발,2231,2344,4575,-113,5,30,월
2022-05-30,경강선,이천,2698,2885,5583,-187,5,30,월
2022-05-30,경강선,신둔도예촌,1774,1652,3426,122,5,30,월
2022-05-30,경강선,곤지암,2363,2379,4742,-16,5,30,월
2022-05-30,경강선,초월,3503,3357,6860,146,5,30,월
2022-05-30,경강선,경기광주,8450,7987,16437,463,5,30,월
2022-05-30,경강선,삼동,2655,2390,5045,265,5,30,월
2022-05-30,경강선,이매,1298,1010,2308,288,5,30,월
2022-05-30,경강선,판교,5302,5171,10473,131,5,30,월
2022-05-30,9호선2~3단계,중앙보훈병원,12155,10676,22831,1479,5,30,월
2022-05-30,9호선2~3단계,둔촌오륜,1211,1154,2365,57,5,30,월
2022-05-30,9호선2~3단계,올림픽공원(한국체대),6636,6678,13314,-42,5,30,월
2022-05-30,9호선2~3단계,한성백제,2650,2368,5018,282,5,30,월
2022-05-30,9호선2~3단계,송파나루,5092,5245,10337,-153,5,30,월
2022-05-30,9호선2~3단계,석촌,9015,8038,17053,977,5,30,월
2022-05-30,9호선2~3단계,석촌고분,6285,6190,12475,95,5,30,월
2022-05-30,9호선2~3단계,삼전,7261,6857,14118,404,5,30,월
2022-05-30,9호선2~3단계,종합운동장,4399,4465,8864,-66,5,30,월
2022-05-30,9호선2~3단계,봉은사,17414,17670,35084,-256,5,30,월
2022-05-30,9호선2~3단계,삼성중앙,7608,8170,15778,-562,5,30,월
2022-05-30,9호선2~3단계,선정릉,10619,11733,22352,-1114,5,30,월
2022-05-30,9호선2~3단계,언주,10945,11493,22438,-548,5,30,월
2022-05-30,9호선,신논현,31579,31308,62887,271,5,30,월
2022-05-30,9호선,사평,3928,3806,7734,122,5,30,월
2022-05-30,9호선,고속터미널,12991,16340,29331,-3349,5,30,월
2022-05-30,9호선,신반포,3842,3783,7625,59,5,30,월
2022-05-30,9호선,구반포,1334,1388,2722,-54,5,30,월
2022-05-30,9호선,동작(현충원),2057,1719,3776,338,5,30,월
2022-05-30,9호선,흑석(중앙대입구),9612,9971,19583,-359,5,30,월
2022-05-30,9호선,노들,4725,3917,8642,808,5,30,월
2022-05-30,9호선,노량진,26874,26543,53417,331,5,30,월
2022-05-30,9호선,샛강,7055,6776,13831,279,5,30,월
2022-05-30,9호선,여의도,30049,29669,59718,380,5,30,월
2022-05-30,9호선,국회의사당,16105,16942,33047,-837,5,30,월
2022-05-30,9호선,당산,18794,19481,38275,-687,5,30,월
2022-05-30,9호선,선유도,9354,8999,18353,355,5,30,월
2022-05-30,9호선,신목동,4840,4199,9039,641,5,30,월
2022-05-30,9호선,염창,18281,17720,36001,561,5,30,월
2022-05-30,9호선,등촌,12025,11511,23536,514,5,30,월
2022-05-30,9호선,증미,7778,7621,15399,157,5,30,월
2022-05-30,9호선,가양,22073,21597,43670,476,5,30,월
2022-05-30,9호선,양천향교,10738,10986,21724,-248,5,30,월
2022-05-30,9호선,마곡나루(서울식물원),12833,12996,25829,-163,5,30,월
2022-05-30,9호선,신방화,7189,6862,14051,327,5,30,월
2022-05-30,9호선,공항시장,3029,3301,6330,-272,5,30,월
2022-05-30,9호선,김포공항,7474,11357,18831,-3883,5,30,월
2022-05-30,9호선,개화,3022,2043,5065,979,5,30,월
2022-05-30,8호선,남위례,5508,5666,11174,-158,5,30,월
2022-05-30,8호선,모란,4429,3589,8018,840,5,30,월
2022-05-30,8호선,수진,5584,5203,10787,381,5,30,월
2022-05-30,8호선,신흥,4222,4644,8866,-422,5,30,월
2022-05-30,8호선,단대오거리,11611,11059,22670,552,5,30,월
2022-05-30,8호선,남한산성입구(성남법원.검찰청),16503,15122,31625,1381,5,30,월
2022-05-30,8호선,산성,5728,5829,11557,-101,5,30,월
2022-05-30,8호선,복정,10247,8611,18858,1636,5,30,월
2022-05-30,수인선,사리,5388,4744,10132,644,5,30,월
2022-05-30,8호선,문정,22982,24457,47439,-1475,5,30,월
2022-05-30,8호선,가락시장,7911,8679,16590,-768,5,30,월
2022-05-30,8호선,송파,8856,8692,17548,164,5,30,월
2022-05-30,8호선,석촌,7810,8870,16680,-1060,5,30,월
2022-05-30,8호선,잠실(송파구청),13553,16164,29717,-2611,5,30,월
2022-05-30,8호선,몽촌토성(평화의문),6384,6471,12855,-87,5,30,월
2022-05-30,8호선,강동구청,10791,11164,21955,-373,5,30,월
2022-05-30,8호선,천호(풍납토성),14684,16784,31468,-2100,5,30,월
2022-05-30,8호선,암사,19784,17339,37123,2445,5,30,월
2022-05-30,7호선,온수(성공회대입구),11756,11117,22873,639,5,30,월
2022-05-30,7호선,천왕,12411,11731,24142,680,5,30,월
2022-05-30,7호선,광명사거리,22803,22313,45116,490,5,30,월
2022-05-30,7호선,철산,22343,22686,45029,-343,5,30,월
2022-05-30,7호선,가산디지털단지,48126,48335,96461,-209,5,30,월
2022-05-30,7호선,남구로,16854,17785,34639,-931,5,30,월
2022-05-30,7호선,대림(구로구청),8301,8365,16666,-64,5,30,월
2022-05-30,7호선,신풍,12533,11908,24441,625,5,30,월
2022-05-30,7호선,보라매,9722,9969,19691,-247,5,30,월
2022-05-30,7호선,신대방삼거리,16817,16055,32872,762,5,30,월
2022-05-30,7호선,장승배기,9580,9347,18927,233,5,30,월
2022-05-30,7호선,상도,12050,11947,23997,103,5,30,월
2022-05-30,7호선,숭실대입구(살피재),15699,16047,31746,-348,5,30,월
2022-05-30,7호선,남성,11944,11173,23117,771,5,30,월
2022-05-30,7호선,이수,16317,15952,32269,365,5,30,월
2022-05-30,7호선,내방,15592,16008,31600,-416,5,30,월
2022-05-30,7호선,고속터미널,16958,14147,31105,2811,5,30,월
2022-05-30,7호선,논현,20374,21915,42289,-1541,5,30,월
2022-05-30,7호선,학동,25659,27236,52895,-1577,5,30,월
2022-05-30,7호선,강남구청,16613,18574,35187,-1961,5,30,월
2022-05-30,7호선,청담,20935,23307,44242,-2372,5,30,월
2022-05-30,7호선,뚝섬유원지,8663,8304,16967,359,5,30,월
2022-05-30,7호선,건대입구,13121,13730,26851,-609,5,30,월
2022-05-30,7호선,어린이대공원(세종대),16313,17174,33487,-861,5,30,월
2022-05-30,7호선,군자(능동),15304,12299,27603,3005,5,30,월
2022-05-30,7호선,중곡,11611,10770,22381,841,5,30,월
2022-05-30,7호선,용마산(용마폭포공원),6267,5985,12252,282,5,30,월
2022-05-30,7호선,사가정,16979,16680,33659,299,5,30,월
2022-05-30,7호선,면목,17100,16621,33721,479,5,30,월
2022-05-30,7호선,상봉(시외버스터미널),17168,15907,33075,1261,5,30,월
2022-05-30,7호선,중화,11201,10958,22159,243,5,30,월
2022-05-30,7호선,먹골,10382,10204,20586,178,5,30,월
2022-05-30,7호선,태릉입구,9508,9184,18692,324,5,30,월
2022-05-30,7호선,공릉(서울과학기술대),12973,12997,25970,-24,5,30,월
2022-05-30,7호선,하계,18706,17232,35938,1474,5,30,월
2022-05-30,7호선,중계,15695,14502,30197,1193,5,30,월
2022-05-30,7호선,노원,19777,20682,40459,-905,5,30,월
2022-05-30,7호선,마들,13622,12827,26449,795,5,30,월
2022-05-30,7호선,수락산,12984,12784,25768,200,5,30,월
2022-05-30,7호선,도봉산,10132,11044,21176,-912,5,30,월
2022-05-30,7호선,장암,2424,878,3302,1546,5,30,월
2022-05-30,6호선,봉화산(서울의료원),9537,8950,18487,587,5,30,월
2022-05-30,6호선,화랑대(서울여대입구),12885,9939,22824,2946,5,30,월
2022-05-30,6호선,태릉입구,6067,6900,12967,-833,5,30,월
2022-05-30,6호선,석계,13155,13988,27143,-833,5,30,월
2022-05-30,6호선,돌곶이,9981,9489,19470,492,5,30,월
2022-05-30,6호선,상월곡(한국과학기술연구원),6868,6400,13268,468,5,30,월
2022-05-30,6호선,월곡(동덕여대),13279,12684,25963,595,5,30,월
2022-05-30,6호선,고려대(종암),8824,8478,17302,346,5,30,월
2022-05-30,6호선,안암(고대병원앞),14087,14873,28960,-786,5,30,월
2022-05-30,6호선,보문,7899,7210,15109,689,5,30,월
2022-05-30,6호선,창신,3894,3204,7098,690,5,30,월
2022-05-30,6호선,동묘앞,7752,8131,15883,-379,5,30,월
2022-05-30,6호선,신당,7849,8480,16329,-631,5,30,월
2022-05-30,6호선,청구,3747,3970,7717,-223,5,30,월
2022-05-30,6호선,약수,3855,3932,7787,-77,5,30,월
2022-05-30,6호선,버티고개,2333,2273,4606,60,5,30,월
2022-05-30,6호선,한강진,6828,7920,14748,-1092,5,30,월
2022-05-30,6호선,이태원,9869,10050,19919,-181,5,30,월
2022-05-30,6호선,녹사평(용산구청),4667,4603,9270,64,5,30,월
2022-05-30,6호선,삼각지,6838,6077,12915,761,5,30,월
2022-05-30,6호선,효창공원앞,7876,7112,14988,764,5,30,월
2022-05-30,6호선,공덕,19609,18848,38457,761,5,30,월
2022-05-30,6호선,대흥(서강대앞),8902,9275,18177,-373,5,30,월
2022-05-30,6호선,광흥창(서강),9830,9433,19263,397,5,30,월
2022-05-30,6호선,상수,8528,9659,18187,-1131,5,30,월
2022-05-30,6호선,합정,13029,12831,25860,198,5,30,월
2022-05-30,6호선,망원,13452,14214,27666,-762,5,30,월
2022-05-30,6호선,마포구청,15147,13361,28508,1786,5,30,월
2022-05-30,6호선,월드컵경기장(성산),4336,4545,8881,-209,5,30,월
2022-05-30,6호선,디지털미디어시티,15521,16960,32481,-1439,5,30,월
2022-05-30,6호선,증산(명지대앞),10628,10558,21186,70,5,30,월
2022-05-30,6호선,새절(신사),13953,12958,26911,995,5,30,월
2022-05-30,6호선,구산,8265,5984,14249,2281,5,30,월
2022-05-30,6호선,연신내,1,0,1,1,5,30,월
2022-05-30,6호선,독바위,2855,2958,5813,-103,5,30,월
2022-05-30,6호선,불광,4271,4225,8496,46,5,30,월
2022-05-30,6호선,역촌,3758,4557,8315,-799,5,30,월
2022-05-30,6호선,응암,18418,17886,36304,532,5,30,월
2022-05-30,5호선,하남검단산,5944,5711,11655,233,5,30,월
2022-05-30,5호선,하남시청(덕풍·신장),7378,7034,14412,344,5,30,월
2022-05-30,5호선,하남풍산,4539,4359,8898,180,5,30,월
2022-05-30,5호선,미사,16767,16735,33502,32,5,30,월
2022-05-30,5호선,강일,4704,4435,9139,269,5,30,월
2022-05-30,5호선,마천,7802,7380,15182,422,5,30,월
2022-05-30,5호선,거여,11145,10686,21831,459,5,30,월
2022-05-30,5호선,개롱,6898,7036,13934,-138,5,30,월
2022-05-30,5호선,오금,3999,4142,8141,-143,5,30,월
2022-05-30,5호선,방이,7371,7699,15070,-328,5,30,월
2022-05-30,5호선,올림픽공원(한국체대),4644,4007,8651,637,5,30,월
2022-05-30,5호선,둔촌동,8493,8317,16810,176,5,30,월
2022-05-30,5호선,상일동,15700,14592,30292,1108,5,30,월
2022-05-30,5호선,고덕,10063,10056,20119,7,5,30,월
2022-05-30,5호선,명일,9234,9349,18583,-115,5,30,월
2022-05-30,5호선,굽은다리(강동구민회관앞),9791,9235,19026,556,5,30,월
2022-05-30,5호선,길동,8247,8556,16803,-309,5,30,월
2022-05-30,5호선,강동,19559,18704,38263,855,5,30,월
2022-05-30,5호선,천호(풍납토성),17859,18061,35920,-202,5,30,월
2022-05-30,5호선,광나루(장신대),14143,12878,27021,1265,5,30,월
2022-05-30,5호선,아차산(어린이대공원후문),15231,14637,29868,594,5,30,월
2022-05-30,5호선,군자(능동),11500,12547,24047,-1047,5,30,월
2022-05-30,5호선,장한평,18898,18669,37567,229,5,30,월
2022-05-30,5호선,답십리,16449,15006,31455,1443,5,30,월
2022-05-30,5호선,마장,6024,5640,11664,384,5,30,월
2022-05-30,5호선,왕십리(성동구청),4625,5296,9921,-671,5,30,월
2022-05-30,5호선,행당,8595,7561,16156,1034,5,30,월
2022-05-30,5호선,신금호,6821,7066,13887,-245,5,30,월
2022-05-30,5호선,청구,4280,3745,8025,535,5,30,월
2022-05-30,5호선,동대문역사문화공원(DDP),3023,3513,6536,-490,5,30,월
2022-05-30,5호선,을지로4가,6357,6450,12807,-93,5,30,월
2022-05-30,5호선,종로3가,12345,12251,24596,94,5,30,월
2022-05-30,5호선,광화문(세종문화회관),31771,33778,65549,-2007,5,30,월
2022-05-30,5호선,서대문,21638,22355,43993,-717,5,30,월
2022-05-30,5호선,충정로(경기대입구),4914,5031,9945,-117,5,30,월
2022-05-30,5호선,애오개,7009,7041,14050,-32,5,30,월
2022-05-30,5호선,공덕,15082,15908,30990,-826,5,30,월
2022-05-30,5호선,마포,15286,15539,30825,-253,5,30,월
2022-05-30,5호선,여의나루,10843,12249,23092,-1406,5,30,월
2022-05-30,5호선,여의도,29830,32204,62034,-2374,5,30,월
2022-05-30,5호선,신길,4423,4683,9106,-260,5,30,월
2022-05-30,5호선,영등포시장,10377,10828,21205,-451,5,30,월
2022-05-30,5호선,영등포구청,4356,4650,9006,-294,5,30,월
2022-05-30,5호선,양평,7905,7951,15856,-46,5,30,월
2022-05-30,5호선,오목교(목동운동장앞),22442,24013,46455,-1571,5,30,월
2022-05-30,5호선,목동,18062,19052,37114,-990,5,30,월
2022-05-30,5호선,신정(은행정),15066,11997,27063,3069,5,30,월
2022-05-30,5호선,까치산,30241,28681,58922,1560,5,30,월
2022-05-30,5호선,화곡,30032,27632,57664,2400,5,30,월
2022-05-30,5호선,우장산,15825,15447,31272,378,5,30,월
2022-05-30,5호선,발산,21533,22064,43597,-531,5,30,월
2022-05-30,5호선,마곡,11327,11416,22743,-89,5,30,월
2022-05-30,5호선,송정,6918,6389,13307,529,5,30,월
2022-05-30,5호선,김포공항,7385,7229,14614,156,5,30,월
2022-05-30,5호선,개화산,6009,5761,11770,248,5,30,월
2022-05-30,5호선,방화,7105,6757,13862,348,5,30,월
2022-05-30,4호선,남태령,1315,1196,2511,119,5,30,월
2022-05-30,4호선,사당,26449,22342,48791,4107,5,30,월
2022-05-30,4호선,총신대입구(이수),19506,21215,40721,-1709,5,30,월
2022-05-30,4호선,동작(현충원),1590,1751,3341,-161,5,30,월
2022-05-30,4호선,이촌(국립중앙박물관),8725,9695,18420,-970,5,30,월
2022-05-30,4호선,신용산,17226,18564,35790,-1338,5,30,월
2022-05-30,4호선,삼각지,5406,5931,11337,-525,5,30,월
2022-05-30,4호선,숙대입구(갈월),14708,14422,29130,286,5,30,월
2022-05-30,4호선,서울역,12235,18053,30288,-5818,5,30,월
2022-05-30,4호선,회현(남대문시장),26252,28125,54377,-1873,5,30,월
2022-05-30,4호선,명동,21417,22018,43435,-601,5,30,월
2022-05-30,4호선,충무로,29663,30743,60406,-1080,5,30,월
2022-05-30,4호선,동대문역사문화공원(DDP),14763,13273,28036,1490,5,30,월
2022-05-30,4호선,동대문,20721,21031,41752,-310,5,30,월
2022-05-30,4호선,혜화,31424,31765,63189,-341,5,30,월
2022-05-30,4호선,한성대입구(삼선교),14712,14432,29144,280,5,30,월
2022-05-30,4호선,성신여대입구(돈암),21448,20583,42031,865,5,30,월
2022-05-30,4호선,길음,23045,23170,46215,-125,5,30,월
2022-05-30,4호선,미아사거리,28082,27267,55349,815,5,30,월
2022-05-30,4호선,미아(서울사이버대학),15927,15505,31432,422,5,30,월
2022-05-30,4호선,수유(강북구청),35147,34854,70001,293,5,30,월
2022-05-30,4호선,쌍문,30548,27996,58544,2552,5,30,월
2022-05-30,4호선,창동,26547,27860,54407,-1313,5,30,월
2022-05-30,4호선,노원,19166,21566,40732,-2400,5,30,월
2022-05-30,4호선,상계,20332,18537,38869,1795,5,30,월
2022-05-30,4호선,당고개,9774,8539,18313,1235,5,30,월
2022-05-30,3호선,오금,6675,5899,12574,776,5,30,월
2022-05-30,3호선,경찰병원,7836,7879,15715,-43,5,30,월
2022-05-30,3호선,가락시장,9471,9239,18710,232,5,30,월
2022-05-30,3호선,수서,17984,18876,36860,-892,5,30,월
2022-05-30,3호선,일원,11639,11194,22833,445,5,30,월
2022-05-30,3호선,대청,11223,10293,21516,930,5,30,월
2022-05-30,3호선,학여울,1994,1992,3986,2,5,30,월
2022-05-30,3호선,대치,11647,12056,23703,-409,5,30,월
2022-05-30,3호선,도곡,5878,5840,11718,38,5,30,월
2022-05-30,3호선,매봉,13263,12774,26037,489,5,30,월
2022-05-30,3호선,양재(서초구청),39707,43686,83393,-3979,5,30,월
2022-05-30,3호선,남부터미널(예술의전당),29776,30852,60628,-1076,5,30,월
2022-05-30,3호선,교대(법원.검찰청),15493,10382,25875,5111,5,30,월
2022-05-30,3호선,고속터미널,39870,38862,78732,1008,5,30,월
2022-05-30,3호선,잠원,5125,4950,10075,175,5,30,월
2022-05-30,3호선,신사,29046,30524,59570,-1478,5,30,월
2022-05-30,3호선,압구정,32221,34601,66822,-2380,5,30,월
2022-05-30,3호선,옥수,12604,9677,22281,2927,5,30,월
2022-05-30,3호선,금호,8286,7671,15957,615,5,30,월
2022-05-30,3호선,약수,13829,13432,27261,397,5,30,월
2022-05-30,3호선,동대입구,9451,10395,19846,-944,5,30,월
2022-05-30,3호선,을지로3가,11135,11245,22380,-110,5,30,월
2022-05-30,3호선,종로3가,10242,11640,21882,-1398,5,30,월
2022-05-30,3호선,안국,23617,23801,47418,-184,5,30,월
2022-05-30,3호선,경복궁(정부서울청사),27384,29125,56509,-1741,5,30,월
2022-05-30,3호선,독립문,7302,7554,14856,-252,5,30,월
2022-05-30,3호선,무악재,4096,4304,8400,-208,5,30,월
2022-05-30,3호선,홍제,19233,18377,37610,856,5,30,월
2022-05-30,3호선,녹번,16735,14979,31714,1756,5,30,월
2022-05-30,3호선,불광,17101,17968,35069,-867,5,30,월
2022-05-30,3호선,연신내,37741,35478,73219,2263,5,30,월
2022-05-30,3호선,구파발,22182,21189,43371,993,5,30,월
2022-05-30,3호선,지축,5479,4999,10478,480,5,30,월
2022-05-30,2호선,용두(동대문구청),2385,2381,4766,4,5,30,월
2022-05-30,2호선,신정네거리,11074,11277,22351,-203,5,30,월
2022-05-30,2호선,양천구청,7446,7543,14989,-97,5,30,월
2022-05-30,2호선,도림천,1371,1467,2838,-96,5,30,월
2022-05-30,2호선,신설동,3332,3318,6650,14,5,30,월
2022-05-30,2호선,신답,1736,1940,3676,-204,5,30,월
2022-05-30,2호선,용답,3265,3312,6577,-47,5,30,월
2022-05-30,2호선,충정로(경기대입구),10596,11331,21927,-735,5,30,월
2022-05-30,2호선,아현,10776,10189,20965,587,5,30,월
2022-05-30,2호선,이대,14520,15562,30082,-1042,5,30,월
2022-05-30,2호선,신촌,33437,34429,67866,-992,5,30,월
2022-05-30,2호선,홍대입구,52407,55030,107437,-2623,5,30,월
2022-05-30,2호선,합정,29993,31702,61695,-1709,5,30,월
2022-05-30,2호선,당산,19495,22838,42333,-3343,5,30,월
2022-05-30,2호선,영등포구청,23177,24059,47236,-882,5,30,월
2022-05-30,2호선,문래,23045,23634,46679,-589,5,30,월
2022-05-30,2호선,신도림,48635,48449,97084,186,5,30,월
2022-05-30,2호선,대림(구로구청),25328,25534,50862,-206,5,30,월
2022-05-30,2호선,구로디지털단지,61793,62098,123891,-305,5,30,월
2022-05-30,2호선,신대방,26887,26024,52911,863,5,30,월
2022-05-30,2호선,신림,61563,58270,119833,3293,5,30,월
2022-05-30,2호선,봉천,24888,22873,47761,2015,5,30,월
2022-05-30,2호선,서울대입구(관악구청),48220,47765,95985,455,5,30,월
2022-05-30,2호선,낙성대(강감찬),27767,27734,55501,33,5,30,월
2022-05-30,2호선,사당,38431,42400,80831,-3969,5,30,월
2022-05-30,2호선,방배,19859,20794,40653,-935,5,30,월
2022-05-30,2호선,서초,22115,21825,43940,290,5,30,월
2022-05-30,2호선,교대(법원.검찰청),35423,40061,75484,-4638,5,30,월
2022-05-30,2호선,강남,81745,81075,162820,670,5,30,월
2022-05-30,2호선,역삼,55022,62500,117522,-7478,5,30,월
2022-05-30,2호선,선릉,60747,54349,115096,6398,5,30,월
2022-05-30,2호선,삼성(무역센터),50764,52402,103166,-1638,5,30,월
2022-05-30,2호선,종합운동장,7401,8352,15753,-951,5,30,월
2022-05-30,2호선,잠실새내,21671,21395,43066,276,5,30,월
2022-05-30,2호선,잠실(송파구청),66283,66612,132895,-329,5,30,월
2022-05-30,2호선,잠실나루,15907,15605,31512,302,5,30,월
2022-05-30,2호선,강변(동서울터미널),31649,30297,61946,1352,5,30,월
2022-05-30,2호선,구의(광진구청),24282,23952,48234,330,5,30,월
2022-05-30,2호선,건대입구,34257,36545,70802,-2288,5,30,월
2022-05-30,2호선,성수,37455,41216,78671,-3761,5,30,월
2022-05-30,2호선,뚝섬,21896,23677,45573,-1781,5,30,월
2022-05-30,2호선,한양대,14478,16513,30991,-2035,5,30,월
2022-05-30,2호선,왕십리(성동구청),16811,13321,30132,3490,5,30,월
2022-05-30,2호선,상왕십리,14862,14372,29234,490,5,30,월
2022-05-30,2호선,신당,14095,14560,28655,-465,5,30,월
2022-05-30,2호선,동대문역사문화공원(DDP),11837,13389,25226,-1552,5,30,월
2022-05-30,2호선,을지로4가,13444,13412,26856,32,5,30,월
2022-05-30,2호선,을지로3가,23497,23720,47217,-223,5,30,월
2022-05-30,2호선,을지로입구,40759,42538,83297,-1779,5,30,월
2022-05-30,2호선,시청,24355,24289,48644,66,5,30,월
2022-05-30,1호선,동묘앞,7746,7902,15648,-156,5,30,월
2022-05-30,1호선,청량리(서울시립대입구),20091,20203,40294,-112,5,30,월
2022-05-30,1호선,제기동,17241,17582,34823,-341,5,30,월
2022-05-30,1호선,신설동,14231,13815,28046,416,5,30,월
2022-05-30,1호선,동대문,11246,10806,22052,440,5,30,월
2022-05-30,1호선,종로5가,23335,23485,46820,-150,5,30,월
2022-05-30,1호선,종로3가,25502,22892,48394,2610,5,30,월
2022-05-30,1호선,종각,38213,37520,75733,693,5,30,월
2022-05-30,1호선,시청,21280,24142,45422,-2862,5,30,월
2022-05-30,1호선,서울역,48112,46166,94278,1946,5,30,월
2022-05-30,일산선,대곡,2430,1948,4378,482,5,30,월
2022-05-30,일산선,화정,17967,18058,36025,-91,5,30,월
2022-05-30,일산선,원당,11972,11211,23183,761,5,30,월
2022-05-30,일산선,삼송,21056,20323,41379,733,5,30,월
2022-05-30,중앙선,지평,94,102,196,-8,5,30,월
2022-05-30,중앙선,용문,3359,3306,6665,53,5,30,월
2022-05-30,중앙선,원덕,445,403,848,42,5,30,월
2022-05-30,중앙선,양평,3176,3119,6295,57,5,30,월
2022-05-30,중앙선,오빈,375,377,752,-2,5,30,월
2022-05-30,중앙선,아신,561,554,1115,7,5,30,월
2022-05-30,중앙선,국수,873,879,1752,-6,5,30,월
2022-05-30,중앙선,신원,218,176,394,42,5,30,월
2022-05-30,중앙선,양수,2021,2037,4058,-16,5,30,월
2022-05-30,중앙선,운길산,866,843,1709,23,5,30,월
2022-05-30,중앙선,팔당,909,944,1853,-35,5,30,월
2022-05-30,중앙선,도심,2823,2114,4937,709,5,30,월
2022-05-30,중앙선,덕소,6026,6046,12072,-20,5,30,월
2022-05-30,중앙선,양정,808,653,1461,155,5,30,월
2022-05-30,중앙선,도농,12220,10911,23131,1309,5,30,월
2022-05-30,중앙선,구리,14504,14358,28862,146,5,30,월
2022-05-30,중앙선,양원,3261,3144,6405,117,5,30,월
2022-05-30,중앙선,망우,8179,7803,15982,376,5,30,월
2022-05-30,중앙선,상봉(시외버스터미널),5990,6006,11996,-16,5,30,월
2022-05-30,중앙선,중랑,5986,5643,11629,343,5,30,월
2022-05-30,중앙선,회기,26777,26328,53105,449,5,30,월
2022-05-30,장항선,신창(순천향대),2866,3433,6299,-567,5,30,월
2022-05-30,장항선,온양온천,4141,4128,8269,13,5,30,월
2022-05-30,장항선,배방,1251,1252,2503,-1,5,30,월
2022-05-30,장항선,탕정,957,841,1798,116,5,30,월
2022-05-30,장항선,아산,4361,3596,7957,765,5,30,월
2022-05-30,장항선,쌍용(나사렛대),3175,3186,6361,-11,5,30,월
2022-05-30,장항선,봉명,1432,1352,2784,80,5,30,월
2022-05-30,일산선,대화,14033,10759,24792,3274,5,30,월
2022-05-30,일산선,주엽,9869,9768,19637,101,5,30,월
2022-05-30,일산선,정발산,7103,6988,14091,115,5,30,월
2022-05-30,일산선,마두,8042,8291,16333,-249,5,30,월
2022-05-30,일산선,백석,10328,10242,20570,86,5,30,월
2022-05-30,7호선,반포,6081,6102,12183,-21,5,30,월
2022-05-31,일산선,원흥,12836,11816,24652,1020,5,31,화
2022-05-31,우이신설선,신설동,2380,2331,4711,49,5,31,화
2022-05-31,우이신설선,보문,1702,1772,3474,-70,5,31,화
2022-05-31,우이신설선,성신여대입구(돈암),3695,4041,7736,-346,5,31,화
2022-05-31,우이신설선,정릉,5398,4742,10140,656,5,31,화
2022-05-31,우이신설선,북한산보국문,6915,6184,13099,731,5,31,화
2022-05-31,우이신설선,솔샘,6459,5848,12307,611,5,31,화
2022-05-31,우이신설선,삼양사거리,2720,2697,5417,23,5,31,화
2022-05-31,우이신설선,삼양,2183,2205,4388,-22,5,31,화
2022-05-31,우이신설선,화계,3769,3462,7231,307,5,31,화
2022-05-31,우이신설선,가오리,4630,4501,9131,129,5,31,화
2022-05-31,우이신설선,4.19민주묘지,3878,3598,7476,280,5,31,화
2022-05-31,우이신설선,솔밭공원,2724,2532,5256,192,5,31,화
2022-05-31,우이신설선,북한산우이,3070,2802,5872,268,5,31,화
2022-05-31,안산선,수리산,4807,3877,8684,930,5,31,화
2022-05-31,안산선,오이도,10253,10208,20461,45,5,31,화
2022-05-31,안산선,정왕,11807,11904,23711,-97,5,31,화
2022-05-31,안산선,신길온천,2047,1867,3914,180,5,31,화
2022-05-31,안산선,안산,12993,11590,24583,1403,5,31,화
2022-05-31,안산선,초지,5967,6231,12198,-264,5,31,화
2022-05-31,안산선,고잔,10524,10038,20562,486,5,31,화
2022-05-31,안산선,중앙,20853,22586,43439,-1733,5,31,화
2022-05-31,안산선,한대앞,11707,11856,23563,-149,5,31,화
2022-05-31,안산선,상록수,18771,18686,37457,85,5,31,화
2022-05-31,안산선,반월,4962,4611,9573,351,5,31,화
2022-05-31,안산선,대야미,5889,5012,10901,877,5,31,화
2022-05-31,안산선,산본,18230,19422,37652,-1192,5,31,화
2022-05-31,신림선,관악산(서울대),4590,4378,8968,212,5,31,화
2022-05-31,신림선,서울대벤처타운,6361,6263,12624,98,5,31,화
2022-05-31,신림선,서원,2571,2371,4942,200,5,31,화
2022-05-31,신림선,신림,1960,2432,4392,-472,5,31,화
2022-05-31,신림선,당곡,3387,3113,6500,274,5,31,화
2022-05-31,신림선,보라매병원,5879,5643,11522,236,5,31,화
2022-05-31,신림선,보라매공원,1864,2100,3964,-236,5,31,화
2022-05-31,신림선,보라매,2742,2278,5020,464,5,31,화
2022-05-31,신림선,서울지방병무청,2104,2273,4377,-169,5,31,화
2022-05-31,신림선,대방,1779,1155,2934,624,5,31,화
2022-05-31,신림선,샛강,2654,3540,6194,-886,5,31,화
2022-05-31,수인선,인천,1424,2328,3752,-904,5,31,화
2022-05-31,수인선,신포,2081,2182,4263,-101,5,31,화
2022-05-31,수인선,숭의,4610,4218,8828,392,5,31,화
2022-05-31,수인선,인하대,8334,7863,16197,471,5,31,화
2022-05-31,수인선,송도,2848,2661,5509,187,5,31,화
2022-05-31,수인선,연수,5258,5195,10453,63,5,31,화
2022-05-31,수인선,원인재,5105,5242,10347,-137,5,31,화
2022-05-31,수인선,남동인더스파크,2334,2672,5006,-338,5,31,화
2022-05-31,수인선,호구포,4623,4843,9466,-220,5,31,화
2022-05-31,수인선,인천논현,6301,6836,13137,-535,5,31,화
2022-05-31,수인선,소래포구,8684,8174,16858,510,5,31,화
2022-05-31,수인선,월곶,3307,3005,6312,302,5,31,화
2022-05-31,수인선,달월,117,82,199,35,5,31,화
2022-05-31,수인선,사리,6004,5037,11041,967,5,31,화
2022-05-31,수인선,야목,521,377,898,144,5,31,화
2022-05-31,수인선,어천,873,893,1766,-20,5,31,화
2022-05-31,수인선,오목천,4818,4357,9175,461,5,31,화
2022-05-31,수인선,고색,5603,5356,10959,247,5,31,화
2022-05-31,분당선,매교,3536,3494,7030,42,5,31,화
2022-05-31,분당선,수원시청,14179,16601,30780,-2422,5,31,화
2022-05-31,분당선,매탄권선,6123,5765,11888,358,5,31,화
2022-05-31,분당선,망포,17214,15732,32946,1482,5,31,화
2022-05-31,분당선,영통,9586,9916,19502,-330,5,31,화
2022-05-31,분당선,청명,5200,4708,9908,492,5,31,화
2022-05-31,분당선,상갈,6368,6064,12432,304,5,31,화
2022-05-31,분당선,기흥,11908,11113,23021,795,5,31,화
2022-05-31,분당선,신갈,5146,4943,10089,203,5,31,화
2022-05-31,분당선,구성,5795,5914,11709,-119,5,31,화
2022-05-31,분당선,죽전,16316,17560,33876,-1244,5,31,화
2022-05-31,분당선,보정,3028,2588,5616,440,5,31,화
2022-05-31,분당선,이매,6277,5948,12225,329,5,31,화
2022-05-31,분당선,오리,12897,10660,23557,2237,5,31,화
2022-05-31,분당선,미금,16990,17972,34962,-982,5,31,화
2022-05-31,분당선,정자,20313,21800,42113,-1487,5,31,화
2022-05-31,분당선,수내,14793,14840,29633,-47,5,31,화
2022-05-31,분당선,서현,26703,27465,54168,-762,5,31,화
2022-05-31,분당선,야탑,28911,30176,59087,-1265,5,31,화
2022-05-31,분당선,모란,22400,22719,45119,-319,5,31,화
2022-05-31,분당선,태평,14659,13780,28439,879,5,31,화
2022-05-31,분당선,가천대,13857,14483,28340,-626,5,31,화
2022-05-31,분당선,선정릉,8397,9288,17685,-891,5,31,화
2022-05-31,분당선,강남구청,10568,12383,22951,-1815,5,31,화
2022-05-31,분당선,압구정로데오,19885,23568,43453,-3683,5,31,화
2022-05-31,분당선,서울숲,12798,13382,26180,-584,5,31,화
2022-05-31,분당선,수원,9584,8104,17688,1480,5,31,화
2022-05-31,분당선,수서,15065,15411,30476,-346,5,31,화
2022-05-31,분당선,대모산입구,5064,4641,9705,423,5,31,화
2022-05-31,분당선,개포동,4437,4446,8883,-9,5,31,화
2022-05-31,분당선,구룡,2808,2541,5349,267,5,31,화
2022-05-31,분당선,도곡,7863,7616,15479,247,5,31,화
2022-05-31,분당선,한티,15741,16745,32486,-1004,5,31,화
2022-05-31,분당선,선릉,15144,23301,38445,-8157,5,31,화
2022-05-31,과천선,범계,29904,30179,60083,-275,5,31,화
2022-05-31,과천선,평촌,20020,19569,39589,451,5,31,화
2022-05-31,과천선,인덕원,27818,28059,55877,-241,5,31,화
2022-05-31,과천선,정부과천청사,12150,12001,24151,149,5,31,화
2022-05-31,과천선,과천,7350,6586,13936,764,5,31,화
2022-05-31,과천선,대공원,8687,8700,17387,-13,5,31,화
2022-05-31,과천선,경마공원,1918,1831,3749,87,5,31,화
2022-05-31,과천선,선바위,9484,8203,17687,1281,5,31,화
2022-05-31,공항철도 1호선,영종,3577,3738,7315,-161,5,31,화
2022-05-31,공항철도 1호선,인천공항2터미널,2813,2873,5686,-60,5,31,화
2022-05-31,공항철도 1호선,인천공항1터미널,5682,5784,11466,-102,5,31,화
2022-05-31,공항철도 1호선,공항화물청사,2397,2599,4996,-202,5,31,화
2022-05-31,공항철도 1호선,운서,8057,8061,16118,-4,5,31,화
2022-05-31,공항철도 1호선,청라국제도시,8240,7709,15949,531,5,31,화
2022-05-31,공항철도 1호선,검암,7547,7487,15034,60,5,31,화
2022-05-31,공항철도 1호선,계양,12401,11480,23881,921,5,31,화
2022-05-31,공항철도 1호선,김포공항,12559,7178,19737,5381,5,31,화
2022-05-31,공항철도 1호선,마곡나루(서울식물원),11144,10779,21923,365,5,31,화
2022-05-31,공항철도 1호선,디지털미디어시티,15877,14957,30834,920,5,31,화
2022-05-31,공항철도 1호선,홍대입구,10677,11267,21944,-590,5,31,화
2022-05-31,공항철도 1호선,공덕,2566,3474,6040,-908,5,31,화
2022-05-31,공항철도 1호선,서울역,9283,8481,17764,802,5,31,화
2022-05-31,경춘선,춘천,2163,1887,4050,276,5,31,화
2022-05-31,경춘선,남춘천,3292,3014,6306,278,5,31,화
2022-05-31,경춘선,김유정,528,591,1119,-63,5,31,화
2022-05-31,경춘선,강촌,653,694,1347,-41,5,31,화
2022-05-31,경춘선,백양리,110,100,210,10,5,31,화
2022-05-31,경춘선,굴봉산,167,146,313,21,5,31,화
2022-05-31,경춘선,가평,2345,2349,4694,-4,5,31,화
2022-05-31,경춘선,상천,356,377,733,-21,5,31,화
2022-05-31,경춘선,청평,1856,1949,3805,-93,5,31,화
2022-05-31,경춘선,대성리,736,837,1573,-101,5,31,화
2022-05-31,경춘선,마석,5304,5017,10321,287,5,31,화
2022-05-31,경춘선,천마산,2412,2077,4489,335,5,31,화
2022-05-31,경춘선,평내호평,7229,7225,14454,4,5,31,화
2022-05-31,경춘선,금곡,1775,1729,3504,46,5,31,화
2022-05-31,경춘선,사릉,2853,2803,5656,50,5,31,화
2022-05-31,경춘선,퇴계원,4024,3548,7572,476,5,31,화
2022-05-31,경춘선,별내,3615,3297,6912,318,5,31,화
2022-05-31,경춘선,갈매,3448,2980,6428,468,5,31,화
2022-05-31,경춘선,신내,2631,2384,5015,247,5,31,화
2022-05-31,경인선,도화,4954,4444,9398,510,5,31,화
2022-05-31,경인선,중동,10911,9838,20749,1073,5,31,화
2022-05-31,경인선,온수(성공회대입구),8235,7521,15756,714,5,31,화
2022-05-31,경인선,도원,3868,3744,7612,124,5,31,화
2022-05-31,경인선,간석,6804,6218,13022,586,5,31,화
2022-05-31,경인선,부개,9904,8872,18776,1032,5,31,화
2022-05-31,경인선,소사,10259,9958,20217,301,5,31,화
2022-05-31,경인선,구일,10059,10126,20185,-67,5,31,화
2022-05-31,경인선,인천,5263,4106,9369,1157,5,31,화
2022-05-31,경인선,동인천,15490,14515,30005,975,5,31,화
2022-05-31,경인선,제물포,12965,12167,25132,798,5,31,화
2022-05-31,경인선,주안,22113,19925,42038,2188,5,31,화
2022-05-31,경인선,동암,17061,16936,33997,125,5,31,화
2022-05-31,경인선,백운,7871,7615,15486,256,5,31,화
2022-05-31,경인선,부평,31022,34682,65704,-3660,5,31,화
2022-05-31,경인선,송내,31661,31075,62736,586,5,31,화
2022-05-31,경인선,부천,36283,36860,73143,-577,5,31,화
2022-05-31,경인선,역곡,32836,31733,64569,1103,5,31,화
2022-05-31,경인선,오류동,13329,11983,25312,1346,5,31,화
2022-05-31,경인선,개봉,24298,23354,47652,944,5,31,화
2022-05-31,경의선,임진강,28,19,47,9,5,31,화
2022-05-31,경의선,문산,5848,5761,11609,87,5,31,화
2022-05-31,경의선,파주,1803,1250,3053,553,5,31,화
2022-05-31,경의선,월롱,3816,3182,6998,634,5,31,화
2022-05-31,경의선,금촌,7285,7127,14412,158,5,31,화
2022-05-31,경의선,금릉,5681,5532,11213,149,5,31,화
2022-05-31,경의선,운정,7965,7206,15171,759,5,31,화
2022-05-31,경의선,야당,9034,9169,18203,-135,5,31,화
2022-05-31,경의선,탄현,8786,8301,17087,485,5,31,화
2022-05-31,경의선,일산,10857,10519,21376,338,5,31,화
2022-05-31,경의선,풍산,6613,5976,12589,637,5,31,화
2022-05-31,경의선,백마,8222,7804,16026,418,5,31,화
2022-05-31,경의선,곡산,692,742,1434,-50,5,31,화
2022-05-31,경의선,능곡,4295,3937,8232,358,5,31,화
2022-05-31,경의선,행신,9258,9217,18475,41,5,31,화
2022-05-31,경의선,강매,3815,3165,6980,650,5,31,화
2022-05-31,경의선,화전,3988,3690,7678,298,5,31,화
2022-05-31,경의선,수색,3194,3345,6539,-151,5,31,화
2022-05-31,경의선,디지털미디어시티,3028,2798,5826,230,5,31,화
2022-05-31,경의선,가좌,6405,5991,12396,414,5,31,화
2022-05-31,경의선,홍대입구,1945,2410,4355,-465,5,31,화
2022-05-31,경의선,서강대,2357,2334,4691,23,5,31,화
2022-05-31,경의선,공덕,3930,3628,7558,302,5,31,화
2022-05-31,경의선,효창공원앞,3431,3754,7185,-323,5,31,화
2022-05-31,경의선,신촌,931,1229,2160,-298,5,31,화
2022-05-31,경의선,서울역,5229,6885,12114,-1656,5,31,화
2022-05-31,경원선,소요산,3071,2739,5810,332,5,31,화
2022-05-31,경원선,동두천,3058,3308,6366,-250,5,31,화
2022-05-31,경원선,보산,1762,1536,3298,226,5,31,화
2022-05-31,경원선,동두천중앙,3522,3469,6991,53,5,31,화
2022-05-31,경원선,지행,8094,8029,16123,65,5,31,화
2022-05-31,경원선,덕정,7856,7282,15138,574,5,31,화
2022-05-31,경원선,덕계,3996,3544,7540,452,5,31,화
2022-05-31,경원선,양주,9461,8545,18006,916,5,31,화
2022-05-31,경원선,녹양,5388,5109,10497,279,5,31,화
2022-05-31,경원선,가능,7862,7446,15308,416,5,31,화
2022-05-31,경원선,의정부,20167,21493,41660,-1326,5,31,화
2022-05-31,경원선,회룡,14383,13923,28306,460,5,31,화
2022-05-31,경원선,망월사,10655,10535,21190,120,5,31,화
2022-05-31,경원선,도봉산,9028,5953,14981,3075,5,31,화
2022-05-31,경원선,도봉,6770,6407,13177,363,5,31,화
2022-05-31,경원선,방학,10948,10617,21565,331,5,31,화
2022-05-31,경원선,녹천,5265,4138,9403,1127,5,31,화
2022-05-31,경원선,월계,9419,8516,17935,903,5,31,화
2022-05-31,경원선,광운대,9889,9546,19435,343,5,31,화
2022-05-31,경원선,석계,9462,10601,20063,-1139,5,31,화
2022-05-31,경원선,신이문,9305,8273,17578,1032,5,31,화
2022-05-31,경원선,외대앞,9385,9172,18557,213,5,31,화
2022-05-31,경원선,청량리(서울시립대입구),17081,17822,34903,-741,5,31,화
2022-05-31,경원선,왕십리(성동구청),15875,17462,33337,-1587,5,31,화
2022-05-31,경원선,응봉,2247,1861,4108,386,5,31,화
2022-05-31,경원선,옥수,66,57,123,9,5,31,화
2022-05-31,경원선,한남,4617,4422,9039,195,5,31,화
2022-05-31,경원선,서빙고,2417,2203,4620,214,5,31,화
2022-05-31,경원선,이촌(국립중앙박물관),4425,3276,7701,1149,5,31,화
2022-05-31,경부선,광명,3800,3268,7068,532,5,31,화
2022-05-31,경부선,서동탄,1703,1481,3184,222,5,31,화
2022-05-31,경부선,당정,8140,7548,15688,592,5,31,화
2022-05-31,경부선,천안,8244,7377,15621,867,5,31,화
2022-05-31,경부선,두정,9093,9767,18860,-674,5,31,화
2022-05-31,경부선,직산,1040,969,2009,71,5,31,화
2022-05-31,경부선,성환,7455,7004,14459,451,5,31,화
2022-05-31,경부선,평택,15209,15241,30450,-32,5,31,화
2022-05-31,경부선,평택지제,4494,4139,8633,355,5,31,화
2022-05-31,경부선,서정리,9759,8180,17939,1579,5,31,화
2022-05-31,경부선,송탄,5247,4688,9935,559,5,31,화
2022-05-31,경부선,진위,2152,1916,4068,236,5,31,화
2022-05-31,경부선,오산,11796,11591,23387,205,5,31,화
2022-05-31,경부선,오산대,5039,4652,9691,387,5,31,화
2022-05-31,경부선,세마,3353,3179,6532,174,5,31,화
2022-05-31,경부선,병점,19137,19285,38422,-148,5,31,화
2022-05-31,경부선,세류,3619,3260,6879,359,5,31,화
2022-05-31,경부선,독산,20784,21282,42066,-498,5,31,화
2022-05-31,경부선,수원,41392,44552,85944,-3160,5,31,화
2022-05-31,경부선,화서,9730,9111,18841,619,5,31,화
2022-05-31,경부선,성균관대,17611,17081,34692,530,5,31,화
2022-05-31,경부선,의왕,10501,10378,20879,123,5,31,화
2022-05-31,경부선,군포,8602,8337,16939,265,5,31,화
2022-05-31,경부선,금정,30837,30896,61733,-59,5,31,화
2022-05-31,경부선,명학,11860,11712,23572,148,5,31,화
2022-05-31,경부선,안양,30392,29995,60387,397,5,31,화
2022-05-31,경부선,관악,8690,7769,16459,921,5,31,화
2022-05-31,경부선,석수,11214,9833,21047,1381,5,31,화
2022-05-31,경부선,금천구청,13317,13195,26512,122,5,31,화
2022-05-31,경부선,가산디지털단지,20785,23623,44408,-2838,5,31,화
2022-05-31,경부선,구로,20169,21512,41681,-1343,5,31,화
2022-05-31,경부선,신길,10077,8741,18818,1336,5,31,화
2022-05-31,경부선,신도림,4790,5048,9838,-258,5,31,화
2022-05-31,경부선,영등포,40612,43520,84132,-2908,5,31,화
2022-05-31,경부선,대방,12851,13739,26590,-888,5,31,화
2022-05-31,경부선,노량진,9364,9354,18718,10,5,31,화
2022-05-31,경부선,용산,37848,39141,76989,-1293,5,31,화
2022-05-31,경부선,남영,11022,11720,22742,-698,5,31,화
2022-05-31,경부선,서울역,7311,2374,9685,4937,5,31,화
2022-05-31,경강선,여주,3187,2957,6144,230,5,31,화
2022-05-31,경강선,세종대왕릉,372,383,755,-11,5,31,화
2022-05-31,경강선,부발,2695,2358,5053,337,5,31,화
2022-05-31,경강선,이천,2907,3040,5947,-133,5,31,화
2022-05-31,경강선,신둔도예촌,1991,1722,3713,269,5,31,화
2022-05-31,경강선,곤지암,2732,2609,5341,123,5,31,화
2022-05-31,경강선,초월,3890,3555,7445,335,5,31,화
2022-05-31,경강선,경기광주,8902,8196,17098,706,5,31,화
2022-05-31,경강선,삼동,2804,2427,5231,377,5,31,화
2022-05-31,경강선,이매,1367,1059,2426,308,5,31,화
2022-05-31,경강선,판교,5433,5548,10981,-115,5,31,화
2022-05-31,9호선2~3단계,중앙보훈병원,12462,10826,23288,1636,5,31,화
2022-05-31,9호선2~3단계,둔촌오륜,1301,1135,2436,166,5,31,화
2022-05-31,9호선2~3단계,올림픽공원(한국체대),7445,7454,14899,-9,5,31,화
2022-05-31,9호선2~3단계,한성백제,3045,2572,5617,473,5,31,화
2022-05-31,9호선2~3단계,송파나루,5417,5857,11274,-440,5,31,화
2022-05-31,9호선2~3단계,석촌,9691,8614,18305,1077,5,31,화
2022-05-31,9호선2~3단계,석촌고분,6652,6389,13041,263,5,31,화
2022-05-31,9호선2~3단계,삼전,7571,7030,14601,541,5,31,화
2022-05-31,9호선2~3단계,종합운동장,4773,4930,9703,-157,5,31,화
2022-05-31,9호선2~3단계,봉은사,18027,18410,36437,-383,5,31,화
2022-05-31,9호선2~3단계,삼성중앙,8043,8465,16508,-422,5,31,화
2022-05-31,9호선2~3단계,선정릉,10987,12349,23336,-1362,5,31,화
2022-05-31,9호선2~3단계,언주,11262,11883,23145,-621,5,31,화
2022-05-31,9호선,신논현,34326,35414,69740,-1088,5,31,화
2022-05-31,9호선,사평,4167,3933,8100,234,5,31,화
2022-05-31,9호선,고속터미널,14682,18028,32710,-3346,5,31,화
2022-05-31,9호선,신반포,4174,3963,8137,211,5,31,화
2022-05-31,9호선,구반포,1874,1934,3808,-60,5,31,화
2022-05-31,9호선,동작(현충원),2373,1963,4336,410,5,31,화
2022-05-31,9호선,흑석(중앙대입구),10253,10483,20736,-230,5,31,화
2022-05-31,9호선,노들,5264,4389,9653,875,5,31,화
2022-05-31,9호선,노량진,28781,28433,57214,348,5,31,화
2022-05-31,9호선,샛강,7725,7389,15114,336,5,31,화
2022-05-31,9호선,여의도,30999,30843,61842,156,5,31,화
2022-05-31,9호선,국회의사당,16309,17469,33778,-1160,5,31,화
2022-05-31,9호선,당산,20521,20954,41475,-433,5,31,화
2022-05-31,9호선,선유도,9832,9375,19207,457,5,31,화
2022-05-31,9호선,신목동,4972,4171,9143,801,5,31,화
2022-05-31,9호선,염창,19415,18223,37638,1192,5,31,화
2022-05-31,9호선,등촌,12428,11569,23997,859,5,31,화
2022-05-31,9호선,증미,8061,7715,15776,346,5,31,화
2022-05-31,9호선,가양,23218,22376,45594,842,5,31,화
2022-05-31,9호선,양천향교,11191,11181,22372,10,5,31,화
2022-05-31,9호선,마곡나루(서울식물원),13994,13930,27924,64,5,31,화
2022-05-31,9호선,신방화,7527,7199,14726,328,5,31,화
2022-05-31,9호선,공항시장,3286,3427,6713,-141,5,31,화
2022-05-31,9호선,김포공항,8169,11591,19760,-3422,5,31,화
2022-05-31,9호선,개화,2981,2009,4990,972,5,31,화
2022-05-31,8호선,남위례,5912,6171,12083,-259,5,31,화
2022-05-31,8호선,모란,4870,4053,8923,817,5,31,화
2022-05-31,8호선,수진,5920,5234,11154,686,5,31,화
2022-05-31,8호선,신흥,4564,5003,9567,-439,5,31,화
2022-05-31,8호선,단대오거리,12492,11503,23995,989,5,31,화
2022-05-31,8호선,남한산성입구(성남법원.검찰청),17468,15511,32979,1957,5,31,화
2022-05-31,8호선,산성,6114,6035,12149,79,5,31,화
2022-05-31,8호선,복정,11254,9248,20502,2006,5,31,화
2022-05-31,8호선,장지,18746,17111,35857,1635,5,31,화
2022-05-31,8호선,문정,23406,24982,48388,-1576,5,31,화
2022-05-31,8호선,가락시장,8357,9586,17943,-1229,5,31,화
2022-05-31,8호선,송파,9200,8801,18001,399,5,31,화
2022-05-31,8호선,석촌,8203,9522,17725,-1319,5,31,화
2022-05-31,8호선,잠실(송파구청),14883,18226,33109,-3343,5,31,화
2022-05-31,8호선,몽촌토성(평화의문),7140,7477,14617,-337,5,31,화
2022-05-31,8호선,강동구청,11282,11315,22597,-33,5,31,화
2022-05-31,8호선,천호(풍납토성),15996,18620,34616,-2624,5,31,화
2022-05-31,8호선,암사,20996,17770,38766,3226,5,31,화
2022-05-31,7호선,온수(성공회대입구),12502,11628,24130,874,5,31,화
2022-05-31,7호선,천왕,12975,11902,24877,1073,5,31,화
2022-05-31,7호선,광명사거리,24204,23473,47677,731,5,31,화
2022-05-31,7호선,철산,23721,24114,47835,-393,5,31,화
2022-05-31,7호선,가산디지털단지,48446,49475,97921,-1029,5,31,화
2022-05-31,7호선,남구로,16731,18032,34763,-1301,5,31,화
2022-05-31,7호선,대림(구로구청),8587,8814,17401,-227,5,31,화
2022-05-31,7호선,신풍,12958,12140,25098,818,5,31,화
2022-05-31,7호선,보라매,9939,9846,19785,93,5,31,화
2022-05-31,7호선,신대방삼거리,17407,16267,33674,1140,5,31,화
2022-05-31,7호선,장승배기,9969,9388,19357,581,5,31,화
2022-05-31,7호선,상도,12755,12047,24802,708,5,31,화
2022-05-31,7호선,숭실대입구(살피재),16435,16465,32900,-30,5,31,화
2022-05-31,7호선,남성,12589,11191,23780,1398,5,31,화
2022-05-31,7호선,이수,17571,17261,34832,310,5,31,화
2022-05-31,7호선,내방,16119,16722,32841,-603,5,31,화
2022-05-31,7호선,고속터미널,17174,14707,31881,2467,5,31,화
2022-05-31,7호선,반포,6603,6275,12878,328,5,31,화
2022-05-31,7호선,논현,20799,23217,44016,-2418,5,31,화
2022-05-31,7호선,학동,25465,28182,53647,-2717,5,31,화
2022-05-31,7호선,강남구청,17589,20120,37709,-2531,5,31,화
2022-05-31,7호선,청담,21103,24259,45362,-3156,5,31,화
2022-05-31,7호선,뚝섬유원지,11369,11012,22381,357,5,31,화
2022-05-31,7호선,건대입구,14187,15381,29568,-1194,5,31,화
2022-05-31,7호선,어린이대공원(세종대),19108,19604,38712,-496,5,31,화
2022-05-31,7호선,군자(능동),16230,12733,28963,3497,5,31,화
2022-05-31,7호선,중곡,12062,10778,22840,1284,5,31,화
2022-05-31,7호선,용마산(용마폭포공원),6632,6123,12755,509,5,31,화
2022-05-31,7호선,사가정,17789,17370,35159,419,5,31,화
2022-05-31,7호선,면목,18104,17200,35304,904,5,31,화
2022-05-31,7호선,상봉(시외버스터미널),18399,17364,35763,1035,5,31,화
2022-05-31,7호선,중화,11892,11247,23139,645,5,31,화
2022-05-31,7호선,먹골,10969,10469,21438,500,5,31,화
2022-05-31,7호선,태릉입구,10352,9777,20129,575,5,31,화
2022-05-31,7호선,공릉(서울과학기술대),13959,13555,27514,404,5,31,화
2022-05-31,7호선,하계,19862,17860,37722,2002,5,31,화
2022-05-31,7호선,중계,16277,14548,30825,1729,5,31,화
2022-05-31,7호선,노원,20615,22522,43137,-1907,5,31,화
2022-05-31,7호선,마들,14398,12940,27338,1458,5,31,화
2022-05-31,7호선,수락산,14203,13527,27730,676,5,31,화
2022-05-31,7호선,도봉산,10902,12086,22988,-1184,5,31,화
2022-05-31,7호선,장암,2467,951,3418,1516,5,31,화
2022-05-31,6호선,봉화산(서울의료원),9888,8980,18868,908,5,31,화
2022-05-31,6호선,화랑대(서울여대입구),13985,10390,24375,3595,5,31,화
2022-05-31,6호선,태릉입구,6450,7322,13772,-872,5,31,화
2022-05-31,6호선,석계,13906,14150,28056,-244,5,31,화
2022-05-31,6호선,돌곶이,10251,9159,19410,1092,5,31,화
2022-05-31,6호선,상월곡(한국과학기술연구원),7190,6444,13634,746,5,31,화
2022-05-31,6호선,월곡(동덕여대),13796,13103,26899,693,5,31,화
2022-05-31,6호선,고려대(종암),9566,9109,18675,457,5,31,화
2022-05-31,6호선,안암(고대병원앞),15229,15149,30378,80,5,31,화
2022-05-31,6호선,보문,8395,7324,15719,1071,5,31,화
2022-05-31,6호선,창신,4148,3394,7542,754,5,31,화
2022-05-31,6호선,동묘앞,8633,8933,17566,-300,5,31,화
2022-05-31,6호선,신당,9188,9649,18837,-461,5,31,화
2022-05-31,6호선,청구,3896,4191,8087,-295,5,31,화
2022-05-31,6호선,약수,3956,3955,7911,1,5,31,화
2022-05-31,6호선,버티고개,2416,2260,4676,156,5,31,화
2022-05-31,6호선,한강진,8498,10339,18837,-1841,5,31,화
2022-05-31,6호선,이태원,11076,14696,25772,-3620,5,31,화
2022-05-31,6호선,녹사평(용산구청),5259,5567,10826,-308,5,31,화
2022-05-31,6호선,삼각지,8306,7131,15437,1175,5,31,화
2022-05-31,6호선,효창공원앞,8216,7218,15434,998,5,31,화
2022-05-31,6호선,공덕,20468,20342,40810,126,5,31,화
2022-05-31,6호선,대흥(서강대앞),9595,9802,19397,-207,5,31,화
2022-05-31,6호선,광흥창(서강),10029,9545,19574,484,5,31,화
2022-05-31,6호선,상수,9548,11550,21098,-2002,5,31,화
2022-05-31,6호선,합정,14646,14906,29552,-260,5,31,화
2022-05-31,6호선,망원,14870,15967,30837,-1097,5,31,화
2022-05-31,6호선,마포구청,15647,13680,29327,1967,5,31,화
2022-05-31,6호선,월드컵경기장(성산),5171,5522,10693,-351,5,31,화
2022-05-31,6호선,디지털미디어시티,16118,17145,33263,-1027,5,31,화
2022-05-31,6호선,증산(명지대앞),11197,10740,21937,457,5,31,화
2022-05-31,6호선,새절(신사),14690,13231,27921,1459,5,31,화
2022-05-31,6호선,구산,8584,6018,14602,2566,5,31,화
2022-05-31,6호선,연신내,1,0,1,1,5,31,화
2022-05-31,6호선,독바위,3019,3005,6024,14,5,31,화
2022-05-31,6호선,불광,4655,4583,9238,72,5,31,화
2022-05-31,6호선,역촌,4068,4677,8745,-609,5,31,화
2022-05-31,6호선,응암,19180,18329,37509,851,5,31,화
2022-05-31,5호선,하남검단산,6499,6014,12513,485,5,31,화
2022-05-31,5호선,하남시청(덕풍·신장),7731,7239,14970,492,5,31,화
2022-05-31,5호선,하남풍산,4723,4586,9309,137,5,31,화
2022-05-31,5호선,미사,18334,17972,36306,362,5,31,화
2022-05-31,5호선,강일,5019,4521,9540,498,5,31,화
2022-05-31,5호선,마천,8196,7555,15751,641,5,31,화
2022-05-31,5호선,거여,11856,10825,22681,1031,5,31,화
2022-05-31,5호선,개롱,7178,7240,14418,-62,5,31,화
2022-05-31,5호선,오금,4140,4342,8482,-202,5,31,화
2022-05-31,5호선,방이,7497,7856,15353,-359,5,31,화
2022-05-31,5호선,올림픽공원(한국체대),5206,4333,9539,873,5,31,화
2022-05-31,5호선,둔촌동,9098,8919,18017,179,5,31,화
2022-05-31,5호선,상일동,16788,15110,31898,1678,5,31,화
2022-05-31,5호선,고덕,10645,10405,21050,240,5,31,화
2022-05-31,5호선,명일,9649,9756,19405,-107,5,31,화
2022-05-31,5호선,굽은다리(강동구민회관앞),10392,9639,20031,753,5,31,화
2022-05-31,5호선,길동,8820,8978,17798,-158,5,31,화
2022-05-31,5호선,강동,20174,18967,39141,1207,5,31,화
2022-05-31,5호선,천호(풍납토성),19807,20075,39882,-268,5,31,화
2022-05-31,5호선,광나루(장신대),15403,13837,29240,1566,5,31,화
2022-05-31,5호선,아차산(어린이대공원후문),16523,15639,32162,884,5,31,화
2022-05-31,5호선,군자(능동),12283,13704,25987,-1421,5,31,화
2022-05-31,5호선,장한평,19743,19232,38975,511,5,31,화
2022-05-31,5호선,답십리,17266,15394,32660,1872,5,31,화
2022-05-31,5호선,마장,6440,6003,12443,437,5,31,화
2022-05-31,5호선,왕십리(성동구청),4858,5891,10749,-1033,5,31,화
2022-05-31,5호선,행당,9020,7752,16772,1268,5,31,화
2022-05-31,5호선,신금호,7317,7293,14610,24,5,31,화
2022-05-31,5호선,청구,4314,3956,8270,358,5,31,화
2022-05-31,5호선,동대문역사문화공원(DDP),3063,3754,6817,-691,5,31,화
2022-05-31,5호선,을지로4가,6792,6989,13781,-197,5,31,화
2022-05-31,5호선,종로3가,14463,14968,29431,-505,5,31,화
2022-05-31,5호선,광화문(세종문화회관),33834,36894,70728,-3060,5,31,화
2022-05-31,5호선,서대문,22342,23154,45496,-812,5,31,화
2022-05-31,5호선,충정로(경기대입구),5287,5348,10635,-61,5,31,화
2022-05-31,5호선,애오개,7525,7465,14990,60,5,31,화
2022-05-31,5호선,공덕,15984,17188,33172,-1204,5,31,화
2022-05-31,5호선,마포,15896,16438,32334,-542,5,31,화
2022-05-31,5호선,여의나루,14526,15802,30328,-1276,5,31,화
2022-05-31,5호선,여의도,30393,33980,64373,-3587,5,31,화
2022-05-31,5호선,신길,4606,4642,9248,-36,5,31,화
2022-05-31,5호선,영등포시장,10897,11390,22287,-493,5,31,화
2022-05-31,5호선,영등포구청,4507,4686,9193,-179,5,31,화
2022-05-31,5호선,양평,8153,7833,15986,320,5,31,화
2022-05-31,5호선,오목교(목동운동장앞),24413,26089,50502,-1676,5,31,화
2022-05-31,5호선,목동,18880,19726,38606,-846,5,31,화
2022-05-31,5호선,신정(은행정),15571,11952,27523,3619,5,31,화
2022-05-31,5호선,까치산,32255,29448,61703,2807,5,31,화
2022-05-31,5호선,화곡,31557,28362,59919,3195,5,31,화
2022-05-31,5호선,우장산,16421,15828,32249,593,5,31,화
2022-05-31,5호선,발산,23020,24367,47387,-1347,5,31,화
2022-05-31,5호선,마곡,11770,11935,23705,-165,5,31,화
2022-05-31,5호선,송정,7242,6660,13902,582,5,31,화
2022-05-31,5호선,김포공항,7704,7439,15143,265,5,31,화
2022-05-31,5호선,개화산,6198,5886,12084,312,5,31,화
2022-05-31,5호선,방화,7333,6905,14238,428,5,31,화
2022-05-31,4호선,남태령,1489,1268,2757,221,5,31,화
2022-05-31,4호선,사당,29204,25557,54761,3647,5,31,화
2022-05-31,4호선,총신대입구(이수),20990,23122,44112,-2132,5,31,화
2022-05-31,4호선,동작(현충원),1808,1995,3803,-187,5,31,화
2022-05-31,4호선,이촌(국립중앙박물관),10447,11684,22131,-1237,5,31,화
2022-05-31,4호선,신용산,18783,20189,38972,-1406,5,31,화
2022-05-31,4호선,삼각지,6159,6977,13136,-818,5,31,화
2022-05-31,4호선,숙대입구(갈월),15862,15361,31223,501,5,31,화
2022-05-31,4호선,서울역,12837,19617,32454,-6780,5,31,화
2022-05-31,4호선,회현(남대문시장),28487,30445,58932,-1958,5,31,화
2022-05-31,4호선,명동,22798,24093,46891,-1295,5,31,화
2022-05-31,4호선,충무로,30677,32692,63369,-2015,5,31,화
2022-05-31,4호선,동대문역사문화공원(DDP),15698,14733,30431,965,5,31,화
2022-05-31,4호선,동대문,22377,23138,45515,-761,5,31,화
2022-05-31,4호선,혜화,36392,36456,72848,-64,5,31,화
2022-05-31,4호선,한성대입구(삼선교),16444,15763,32207,681,5,31,화
2022-05-31,4호선,성신여대입구(돈암),22994,21921,44915,1073,5,31,화
2022-05-31,4호선,길음,24637,23886,48523,751,5,31,화
2022-05-31,4호선,미아사거리,29841,28561,58402,1280,5,31,화
2022-05-31,4호선,미아(서울사이버대학),16578,15806,32384,772,5,31,화
2022-05-31,4호선,수유(강북구청),37243,37120,74363,123,5,31,화
2022-05-31,4호선,쌍문,31674,28630,60304,3044,5,31,화
2022-05-31,4호선,창동,28162,29652,57814,-1490,5,31,화
2022-05-31,4호선,노원,20408,23669,44077,-3261,5,31,화
2022-05-31,4호선,상계,21599,19504,41103,2095,5,31,화
2022-05-31,4호선,당고개,9954,8716,18670,1238,5,31,화
2022-05-31,3호선,오금,7022,6028,13050,994,5,31,화
2022-05-31,3호선,경찰병원,7948,7880,15828,68,5,31,화
2022-05-31,3호선,가락시장,10029,10028,20057,1,5,31,화
2022-05-31,3호선,수서,19071,19118,38189,-47,5,31,화
2022-05-31,3호선,일원,12018,11163,23181,855,5,31,화
2022-05-31,3호선,대청,11391,10339,21730,1052,5,31,화
2022-05-31,3호선,학여울,1975,2016,3991,-41,5,31,화
2022-05-31,3호선,대치,12347,12361,24708,-14,5,31,화
2022-05-31,3호선,도곡,5877,5948,11825,-71,5,31,화
2022-05-31,3호선,매봉,13975,13474,27449,501,5,31,화
2022-05-31,3호선,양재(서초구청),41805,45658,87463,-3853,5,31,화
2022-05-31,3호선,남부터미널(예술의전당),31447,31983,63430,-536,5,31,화
2022-05-31,3호선,교대(법원.검찰청),16536,10917,27453,5619,5,31,화
2022-05-31,3호선,고속터미널,44361,43326,87687,1035,5,31,화
2022-05-31,3호선,잠원,5468,5185,10653,283,5,31,화
2022-05-31,3호선,신사,30528,33468,63996,-2940,5,31,화
2022-05-31,3호선,압구정,33936,37242,71178,-3306,5,31,화
2022-05-31,3호선,옥수,10218,10295,20513,-77,5,31,화
2022-05-31,3호선,금호,8860,7986,16846,874,5,31,화
2022-05-31,3호선,약수,14475,14042,28517,433,5,31,화
2022-05-31,3호선,동대입구,9747,10696,20443,-949,5,31,화
2022-05-31,3호선,충무로,3,0,3,3,5,31,화
2022-05-31,3호선,종로3가,10990,13380,24370,-2390,5,31,화
2022-05-31,3호선,안국,26286,26931,53217,-645,5,31,화
2022-05-31,3호선,경복궁(정부서울청사),29681,31277,60958,-1596,5,31,화
2022-05-31,3호선,독립문,8132,8216,16348,-84,5,31,화
2022-05-31,3호선,무악재,4358,4328,8686,30,5,31,화
2022-05-31,3호선,홍제,19941,18403,38344,1538,5,31,화
2022-05-31,3호선,녹번,17729,15136,32865,2593,5,31,화
2022-05-31,3호선,불광,18220,19376,37596,-1156,5,31,화
2022-05-31,3호선,연신내,39926,37617,77543,2309,5,31,화
2022-05-31,3호선,구파발,23215,22099,45314,1116,5,31,화
2022-05-31,3호선,지축,6066,5525,11591,541,5,31,화
2022-05-31,2호선,용두(동대문구청),2520,2499,5019,21,5,31,화
2022-05-31,2호선,신정네거리,11652,11648,23300,4,5,31,화
2022-05-31,2호선,양천구청,7752,7828,15580,-76,5,31,화
2022-05-31,2호선,도림천,1389,1474,2863,-85,5,31,화
2022-05-31,2호선,신설동,3423,3338,6761,85,5,31,화
2022-05-31,2호선,신답,1829,2010,3839,-181,5,31,화
2022-05-31,2호선,용답,3370,3375,6745,-5,5,31,화
2022-05-31,2호선,충정로(경기대입구),11068,11641,22709,-573,5,31,화
2022-05-31,2호선,아현,11769,10985,22754,784,5,31,화
2022-05-31,2호선,이대,14388,14925,29313,-537,5,31,화
2022-05-31,2호선,신촌,35962,37522,73484,-1560,5,31,화
2022-05-31,2호선,홍대입구,57653,65304,122957,-7651,5,31,화
2022-05-31,2호선,합정,32996,37425,70421,-4429,5,31,화
2022-05-31,2호선,당산,21173,24784,45957,-3611,5,31,화
2022-05-31,2호선,영등포구청,24202,25531,49733,-1329,5,31,화
2022-05-31,2호선,문래,24311,25321,49632,-1010,5,31,화
2022-05-31,2호선,신도림,53459,54011,107470,-552,5,31,화
2022-05-31,2호선,대림(구로구청),26097,26440,52537,-343,5,31,화
2022-05-31,2호선,구로디지털단지,65726,65734,131460,-8,5,31,화
2022-05-31,2호선,신대방,28344,26849,55193,1495,5,31,화
2022-05-31,2호선,신림,65330,62047,127377,3283,5,31,화
2022-05-31,2호선,봉천,26544,23574,50118,2970,5,31,화
2022-05-31,2호선,낙성대(강감찬),29989,28182,58171,1807,5,31,화
2022-05-31,2호선,사당,43427,48238,91665,-4811,5,31,화
2022-05-31,2호선,방배,21250,22195,43445,-945,5,31,화
2022-05-31,2호선,서초,23722,23390,47112,332,5,31,화
2022-05-31,2호선,교대(법원.검찰청),37357,42858,80215,-5501,5,31,화
2022-05-31,2호선,강남,87761,89575,177336,-1814,5,31,화
2022-05-31,2호선,역삼,55731,64693,120424,-8962,5,31,화
2022-05-31,2호선,선릉,63117,56809,119926,6308,5,31,화
2022-05-31,2호선,삼성(무역센터),55058,57457,112515,-2399,5,31,화
2022-05-31,2호선,종합운동장,17485,20082,37567,-2597,5,31,화
2022-05-31,2호선,잠실새내,24530,25057,49587,-527,5,31,화
2022-05-31,2호선,잠실(송파구청),76926,76647,153573,279,5,31,화
2022-05-31,2호선,잠실나루,16757,15979,32736,778,5,31,화
2022-05-31,2호선,강변(동서울터미널),33644,31423,65067,2221,5,31,화
2022-05-31,2호선,구의(광진구청),26019,24742,50761,1277,5,31,화
2022-05-31,2호선,건대입구,37932,42180,80112,-4248,5,31,화
2022-05-31,2호선,성수,39230,44276,83506,-5046,5,31,화
2022-05-31,2호선,뚝섬,24045,25807,49852,-1762,5,31,화
2022-05-31,2호선,한양대,15542,17122,32664,-1580,5,31,화
2022-05-31,2호선,왕십리(성동구청),18290,15071,33361,3219,5,31,화
2022-05-31,2호선,상왕십리,15515,14652,30167,863,5,31,화
2022-05-31,2호선,신당,15442,16024,31466,-582,5,31,화
2022-05-31,2호선,동대문역사문화공원(DDP),13122,15008,28130,-1886,5,31,화
2022-05-31,2호선,을지로4가,14067,14567,28634,-500,5,31,화
2022-05-31,2호선,을지로3가,25046,26167,51213,-1121,5,31,화
2022-05-31,2호선,을지로입구,43067,45556,88623,-2489,5,31,화
2022-05-31,2호선,시청,25636,25403,51039,233,5,31,화
2022-05-31,1호선,동묘앞,8770,9175,17945,-405,5,31,화
2022-05-31,1호선,청량리(서울시립대입구),22705,22452,45157,253,5,31,화
2022-05-31,1호선,제기동,18554,18894,37448,-340,5,31,화
2022-05-31,1호선,신설동,14745,14437,29182,308,5,31,화
2022-05-31,1호선,동대문,12020,11398,23418,622,5,31,화
2022-05-31,1호선,종로5가,26035,26143,52178,-108,5,31,화
2022-05-31,1호선,종로3가,28428,25876,54304,2552,5,31,화
2022-05-31,1호선,종각,40117,40193,80310,-76,5,31,화
2022-05-31,1호선,시청,26014,26307,52321,-293,5,31,화
2022-05-31,1호선,서울역,49864,48244,98108,1620,5,31,화
2022-05-31,2호선,서울대입구(관악구청),51861,50160,102021,1701,5,31,화
2022-05-31,3호선,을지로3가,11781,12869,24650,-1088,5,31,화
2022-05-31,중앙선,덕소,6229,6172,12401,57,5,31,화
2022-05-31,중앙선,도심,2844,2175,5019,669,5,31,화
2022-05-31,중앙선,팔당,1033,1080,2113,-47,5,31,화
2022-05-31,중앙선,운길산,1067,1075,2142,-8,5,31,화
2022-05-31,중앙선,양수,2245,2273,4518,-28,5,31,화
2022-05-31,중앙선,신원,273,229,502,44,5,31,화
2022-05-31,중앙선,국수,870,895,1765,-25,5,31,화
2022-05-31,중앙선,아신,627,607,1234,20,5,31,화
2022-05-31,중앙선,오빈,351,354,705,-3,5,31,화
2022-05-31,중앙선,양평,3208,3322,6530,-114,5,31,화
2022-05-31,중앙선,원덕,472,438,910,34,5,31,화
2022-05-31,중앙선,용문,2183,2227,4410,-44,5,31,화
2022-05-31,중앙선,지평,87,100,187,-13,5,31,화
2022-05-31,장항선,온양온천,4218,4426,8644,-208,5,31,화
2022-05-31,장항선,신창(순천향대),3307,2905,6212,402,5,31,화
2022-05-31,중앙선,회기,28496,27282,55778,1214,5,31,화
2022-05-31,중앙선,중랑,6407,5981,12388,426,5,31,화
2022-05-31,중앙선,상봉(시외버스터미널),6352,6395,12747,-43,5,31,화
2022-05-31,중앙선,망우,8659,8396,17055,263,5,31,화
2022-05-31,중앙선,양원,3389,3164,6553,225,5,31,화
2022-05-31,중앙선,구리,14961,15153,30114,-192,5,31,화
2022-05-31,중앙선,도농,12591,11157,23748,1434,5,31,화
2022-05-31,중앙선,양정,833,700,1533,133,5,31,화
2022-05-31,장항선,배방,1430,1382,2812,48,5,31,화
2022-05-31,장항선,탕정,1084,889,1973,195,5,31,화
2022-05-31,장항선,아산,4597,3967,8564,630,5,31,화
2022-05-31,장항선,쌍용(나사렛대),3526,3218,6744,308,5,31,화
2022-05-31,장항선,봉명,1422,1410,2832,12,5,31,화
2022-05-31,일산선,대화,14376,11000,25376,3376,5,31,화
2022-05-31,일산선,주엽,10412,10262,20674,150,5,31,화
2022-05-31,일산선,정발산,7983,8366,16349,-383,5,31,화
2022-05-31,일산선,마두,8396,8655,17051,-259,5,31,화
2022-05-31,일산선,백석,10884,10871,21755,13,5,31,화
2022-05-31,일산선,대곡,2478,1927,4405,551,5,31,화
2022-05-31,일산선,화정,18719,19060,37779,-341,5,31,화
2022-05-31,일산선,원당,12749,11581,24330,1168,5,31,화
2022-05-31,일산선,삼송,22952,21576,44528,1376,5,31,화
