날짜,노선,역,승차승객,하차승객,총 승객,승차-하차,월,일,요일
2022-06-01,중앙선,양정,589,503,1092,86,6,1,수
2022-06-01,분당선,구성,3127,3243,6370,-116,6,1,수
2022-06-01,분당선,신갈,2530,2608,5138,-78,6,1,수
2022-06-01,분당선,기흥,6230,5932,12162,298,6,1,수
2022-06-01,분당선,상갈,3743,3748,7491,-5,6,1,수
2022-06-01,분당선,청명,2395,2435,4830,-40,6,1,수
2022-06-01,분당선,영통,6113,6092,12205,21,6,1,수
2022-06-01,분당선,죽전,9435,10457,19892,-1022,6,1,수
2022-06-01,분당선,이매,3712,3753,7465,-41,6,1,수
2022-06-01,분당선,오리,7089,5849,12938,1240,6,1,수
2022-06-01,분당선,미금,9559,9782,19341,-223,6,1,수
2022-06-01,분당선,정자,9839,10573,20412,-734,6,1,수
2022-06-01,분당선,수내,7910,7764,15674,146,6,1,수
2022-06-01,분당선,서현,17665,17821,35486,-156,6,1,수
2022-06-01,분당선,야탑,16127,16761,32888,-634,6,1,수
2022-06-01,분당선,모란,14441,14809,29250,-368,6,1,수
2022-06-01,분당선,태평,9630,9188,18818,442,6,1,수
2022-06-01,분당선,가천대,5573,6170,11743,-597,6,1,수
2022-06-01,분당선,선정릉,2600,2623,5223,-23,6,1,수
2022-06-01,분당선,강남구청,3859,4305,8164,-446,6,1,수
2022-06-01,분당선,압구정로데오,13721,15647,29368,-1926,6,1,수
2022-06-01,분당선,서울숲,9692,10215,19907,-523,6,1,수
2022-06-01,분당선,수원,6540,5541,12081,999,6,1,수
2022-06-01,분당선,수서,7993,8539,16532,-546,6,1,수
2022-06-01,분당선,대모산입구,2482,2393,4875,89,6,1,수
2022-06-01,분당선,개포동,2468,2422,4890,46,6,1,수
2022-06-01,분당선,구룡,1132,1109,2241,23,6,1,수
2022-06-01,2호선,동대문역사문화공원(DDP),10621,12150,22771,-1529,6,1,수
2022-06-01,분당선,도곡,3714,3492,7206,222,6,1,수
2022-06-01,분당선,한티,9303,9395,18698,-92,6,1,수
2022-06-01,분당선,선릉,3950,5728,9678,-1778,6,1,수
2022-06-01,과천선,범계,18700,18486,37186,214,6,1,수
2022-06-01,과천선,평촌,7980,7851,15831,129,6,1,수
2022-06-01,과천선,인덕원,14519,14379,28898,140,6,1,수
2022-06-01,과천선,정부과천청사,5748,5895,11643,-147,6,1,수
2022-06-01,과천선,과천,4692,4219,8911,473,6,1,수
2022-06-01,과천선,대공원,9899,10167,20066,-268,6,1,수
2022-06-01,과천선,경마공원,1194,1198,2392,-4,6,1,수
2022-06-01,과천선,선바위,4567,4313,8880,254,6,1,수
2022-06-01,공항철도 1호선,영종,2897,2793,5690,104,6,1,수
2022-06-01,공항철도 1호선,인천공항2터미널,2709,2542,5251,167,6,1,수
2022-06-01,공항철도 1호선,인천공항1터미널,6289,6621,12910,-332,6,1,수
2022-06-01,공항철도 1호선,공항화물청사,1344,1465,2809,-121,6,1,수
2022-06-01,공항철도 1호선,운서,6218,6450,12668,-232,6,1,수
2022-06-01,5호선,방화,4315,4213,8528,102,6,1,수
2022-06-01,공항철도 1호선,청라국제도시,4049,3970,8019,79,6,1,수
2022-06-01,공항철도 1호선,검암,4046,4094,8140,-48,6,1,수
2022-06-01,공항철도 1호선,계양,6750,6247,12997,503,6,1,수
2022-06-01,공항철도 1호선,김포공항,10205,5565,15770,4640,6,1,수
2022-06-01,공항철도 1호선,마곡나루(서울식물원),3168,3462,6630,-294,6,1,수
2022-06-01,공항철도 1호선,디지털미디어시티,4667,4673,9340,-6,6,1,수
2022-06-01,공항철도 1호선,홍대입구,11083,10624,21707,459,6,1,수
2022-06-01,공항철도 1호선,공덕,1403,1761,3164,-358,6,1,수
2022-06-01,공항철도 1호선,서울역,6589,6259,12848,330,6,1,수
2022-06-01,경춘선,춘천,2439,1852,4291,587,6,1,수
2022-06-01,경춘선,남춘천,2805,2942,5747,-137,6,1,수
2022-06-01,경춘선,김유정,671,721,1392,-50,6,1,수
2022-06-01,경춘선,강촌,803,742,1545,61,6,1,수
2022-06-01,경춘선,백양리,146,119,265,27,6,1,수
2022-06-01,경춘선,굴봉산,250,230,480,20,6,1,수
2022-06-01,경춘선,가평,2251,2297,4548,-46,6,1,수
2022-06-01,경춘선,상천,538,524,1062,14,6,1,수
2022-06-01,경춘선,청평,1788,1801,3589,-13,6,1,수
2022-06-01,경춘선,대성리,893,727,1620,166,6,1,수
2022-06-01,경춘선,마석,3112,3129,6241,-17,6,1,수
2022-06-01,경춘선,천마산,1369,1362,2731,7,6,1,수
2022-06-01,경춘선,평내호평,4629,4490,9119,139,6,1,수
2022-06-01,경춘선,금곡,1122,1070,2192,52,6,1,수
2022-06-01,경춘선,사릉,1758,1733,3491,25,6,1,수
2022-06-01,경춘선,퇴계원,2542,2348,4890,194,6,1,수
2022-06-01,경춘선,별내,2207,2136,4343,71,6,1,수
2022-06-01,경춘선,갈매,1884,1651,3535,233,6,1,수
2022-06-01,경춘선,신내,1226,1261,2487,-35,6,1,수
2022-06-01,경인선,도화,3024,2852,5876,172,6,1,수
2022-06-01,경인선,중동,6228,5813,12041,415,6,1,수
2022-06-01,경인선,온수(성공회대입구),4815,4455,9270,360,6,1,수
2022-06-01,경인선,도원,2000,2098,4098,-98,6,1,수
2022-06-01,경인선,간석,4041,3889,7930,152,6,1,수
2022-06-01,경인선,부개,5927,5606,11533,321,6,1,수
2022-06-01,경인선,소사,6083,5700,11783,383,6,1,수
2022-06-01,경인선,구일,7197,7270,14467,-73,6,1,수
2022-06-01,경인선,인천,5460,4446,9906,1014,6,1,수
2022-06-01,경인선,동인천,11023,10947,21970,76,6,1,수
2022-06-01,경인선,제물포,6715,6486,13201,229,6,1,수
2022-06-01,경인선,주안,14125,12536,26661,1589,6,1,수
2022-06-01,경인선,동암,11484,11464,22948,20,6,1,수
2022-06-01,경인선,백운,4895,4786,9681,109,6,1,수
2022-06-01,경인선,부평,26015,27596,53611,-1581,6,1,수
2022-06-01,경인선,송내,16319,16335,32654,-16,6,1,수
2022-06-01,경인선,부천,26248,26398,52646,-150,6,1,수
2022-06-01,경인선,역곡,19202,18788,37990,414,6,1,수
2022-06-01,경인선,오류동,8545,7930,16475,615,6,1,수
2022-06-01,경인선,개봉,14989,14723,29712,266,6,1,수
2022-06-01,경의선,계양,1,0,1,1,6,1,수
2022-06-01,경의선,임진강,98,83,181,15,6,1,수
2022-06-01,경의선,문산,4317,4288,8605,29,6,1,수
2022-06-01,경의선,파주,776,682,1458,94,6,1,수
2022-06-01,경의선,월롱,1765,2049,3814,-284,6,1,수
2022-06-01,경의선,금촌,5602,5566,11168,36,6,1,수
2022-06-01,경의선,금릉,3628,3683,7311,-55,6,1,수
2022-06-01,경의선,운정,4614,4306,8920,308,6,1,수
2022-06-01,경의선,야당,6053,5982,12035,71,6,1,수
2022-06-01,경의선,탄현,4983,4654,9637,329,6,1,수
2022-06-01,경의선,일산,5624,5363,10987,261,6,1,수
2022-06-01,경의선,풍산,3974,3873,7847,101,6,1,수
2022-06-01,경의선,백마,4022,3913,7935,109,6,1,수
2022-06-01,경의선,곡산,384,383,767,1,6,1,수
2022-06-01,경의선,능곡,2642,2594,5236,48,6,1,수
2022-06-01,경의선,행신,5000,4949,9949,51,6,1,수
2022-06-01,경의선,강매,1898,1783,3681,115,6,1,수
2022-06-01,경의선,화전,1403,1395,2798,8,6,1,수
2022-06-01,경의선,수색,1338,1383,2721,-45,6,1,수
2022-06-01,경의선,디지털미디어시티,1829,1522,3351,307,6,1,수
2022-06-01,경의선,가좌,3528,3447,6975,81,6,1,수
2022-06-01,경의선,홍대입구,1830,2296,4126,-466,6,1,수
2022-06-01,경의선,서강대,1529,1486,3015,43,6,1,수
2022-06-01,경의선,공덕,1948,1749,3697,199,6,1,수
2022-06-01,경의선,효창공원앞,1618,1850,3468,-232,6,1,수
2022-06-01,경의선,신촌,385,349,734,36,6,1,수
2022-06-01,경의선,서울역,1301,1324,2625,-23,6,1,수
2022-06-01,경원선,소요산,4012,3504,7516,508,6,1,수
2022-06-01,경원선,동두천,1678,2110,3788,-432,6,1,수
2022-06-01,경원선,보산,1409,1322,2731,87,6,1,수
2022-06-01,경원선,동두천중앙,2381,2297,4678,84,6,1,수
2022-06-01,경원선,지행,5507,5464,10971,43,6,1,수
2022-06-01,경원선,덕정,3965,3923,7888,42,6,1,수
2022-06-01,경원선,덕계,2333,2375,4708,-42,6,1,수
2022-06-01,경원선,양주,5862,5662,11524,200,6,1,수
2022-06-01,경원선,녹양,3433,3211,6644,222,6,1,수
2022-06-01,경원선,가능,4988,4696,9684,292,6,1,수
2022-06-01,경원선,의정부,16326,16854,33180,-528,6,1,수
2022-06-01,경원선,회룡,9252,9212,18464,40,6,1,수
2022-06-01,경원선,망월사,6160,6221,12381,-61,6,1,수
2022-06-01,경원선,도봉산,9038,6403,15441,2635,6,1,수
2022-06-01,경원선,도봉,4267,4018,8285,249,6,1,수
2022-06-01,경원선,방학,7212,6957,14169,255,6,1,수
2022-06-01,경원선,녹천,3082,2665,5747,417,6,1,수
2022-06-01,경원선,월계,4351,4167,8518,184,6,1,수
2022-06-01,경원선,광운대,5310,5204,10514,106,6,1,수
2022-06-01,경원선,석계,6146,6534,12680,-388,6,1,수
2022-06-01,경원선,신이문,6086,5579,11665,507,6,1,수
2022-06-01,경원선,외대앞,5974,5692,11666,282,6,1,수
2022-06-01,경원선,청량리(서울시립대입구),14571,14801,29372,-230,6,1,수
2022-06-01,경원선,왕십리(성동구청),11210,12356,23566,-1146,6,1,수
2022-06-01,경원선,응봉,1544,1348,2892,196,6,1,수
2022-06-01,경원선,옥수,42,24,66,18,6,1,수
2022-06-01,경원선,한남,2645,2528,5173,117,6,1,수
2022-06-01,경원선,서빙고,1544,1541,3085,3,6,1,수
2022-06-01,경원선,이촌(국립중앙박물관),2986,2166,5152,820,6,1,수
2022-06-01,경부선,광명,2248,1948,4196,300,6,1,수
2022-06-01,경부선,서동탄,936,898,1834,38,6,1,수
2022-06-01,경부선,당정,3934,3741,7675,193,6,1,수
2022-06-01,경부선,천안,5454,5577,11031,-123,6,1,수
2022-06-01,경부선,두정,4718,4811,9529,-93,6,1,수
2022-06-01,경부선,직산,605,614,1219,-9,6,1,수
2022-06-01,경부선,성환,2956,3081,6037,-125,6,1,수
2022-06-01,경부선,평택,11648,11691,23339,-43,6,1,수
2022-06-01,경부선,평택지제,2751,2667,5418,84,6,1,수
2022-06-01,경부선,서정리,5330,6035,11365,-705,6,1,수
2022-06-01,경부선,송탄,3746,3981,7727,-235,6,1,수
2022-06-01,경부선,진위,1124,1060,2184,64,6,1,수
2022-06-01,경부선,오산,8139,7960,16099,179,6,1,수
2022-06-01,경부선,오산대,2887,2754,5641,133,6,1,수
2022-06-01,경부선,세마,2103,2106,4209,-3,6,1,수
2022-06-01,경부선,병점,11245,11231,22476,14,6,1,수
2022-06-01,경부선,세류,2271,2260,4531,11,6,1,수
2022-06-01,경부선,독산,8527,8579,17106,-52,6,1,수
2022-06-01,경부선,수원,35227,35399,70626,-172,6,1,수
2022-06-01,경부선,화서,5110,4979,10089,131,6,1,수
2022-06-01,경부선,성균관대,9510,9604,19114,-94,6,1,수
2022-06-01,경부선,의왕,5834,5794,11628,40,6,1,수
2022-06-01,경부선,군포,3980,3780,7760,200,6,1,수
2022-06-01,경부선,금정,16711,16880,33591,-169,6,1,수
2022-06-01,경부선,명학,4507,4417,8924,90,6,1,수
2022-06-01,경부선,안양,17041,16729,33770,312,6,1,수
2022-06-01,경부선,관악,5661,5398,11059,263,6,1,수
2022-06-01,경부선,석수,6329,5943,12272,386,6,1,수
2022-06-01,경부선,금천구청,7913,7748,15661,165,6,1,수
2022-06-01,경부선,가산디지털단지,5746,7539,13285,-1793,6,1,수
2022-06-01,경부선,구로,12103,12349,24452,-246,6,1,수
2022-06-01,경부선,신길,5494,4781,10275,713,6,1,수
2022-06-01,경부선,신도림,2784,2942,5726,-158,6,1,수
2022-06-01,경부선,영등포,35446,36285,71731,-839,6,1,수
2022-06-01,경부선,대방,6365,6847,13212,-482,6,1,수
2022-06-01,경부선,노량진,7457,6858,14315,599,6,1,수
2022-06-01,경부선,용산,31411,31652,63063,-241,6,1,수
2022-06-01,경부선,남영,5224,5515,10739,-291,6,1,수
2022-06-01,경부선,서울역,5160,1354,6514,3806,6,1,수
2022-06-01,경강선,여주,2486,2407,4893,79,6,1,수
2022-06-01,경강선,세종대왕릉,328,357,685,-29,6,1,수
2022-06-01,경강선,부발,1641,1838,3479,-197,6,1,수
2022-06-01,경강선,이천,2374,2490,4864,-116,6,1,수
2022-06-01,경강선,신둔도예촌,1058,1066,2124,-8,6,1,수
2022-06-01,경강선,곤지암,1694,1837,3531,-143,6,1,수
2022-06-01,경강선,초월,2126,1981,4107,145,6,1,수
2022-06-01,경강선,경기광주,4922,4708,9630,214,6,1,수
2022-06-01,경강선,삼동,1354,1326,2680,28,6,1,수
2022-06-01,경강선,이매,771,522,1293,249,6,1,수
2022-06-01,경강선,판교,3231,3159,6390,72,6,1,수
2022-06-01,9호선2~3단계,중앙보훈병원,4277,4049,8326,228,6,1,수
2022-06-01,9호선2~3단계,둔촌오륜,585,585,1170,0,6,1,수
2022-06-01,9호선2~3단계,올림픽공원(한국체대),5153,5379,10532,-226,6,1,수
2022-06-01,9호선2~3단계,한성백제,1789,1558,3347,231,6,1,수
2022-06-01,9호선2~3단계,송파나루,3531,3958,7489,-427,6,1,수
2022-06-01,9호선2~3단계,석촌,6154,5071,11225,1083,6,1,수
2022-06-01,9호선2~3단계,석촌고분,3907,3837,7744,70,6,1,수
2022-06-01,9호선2~3단계,삼전,4434,4213,8647,221,6,1,수
2022-06-01,9호선2~3단계,종합운동장,2975,2761,5736,214,6,1,수
2022-06-01,9호선2~3단계,봉은사,11648,12497,24145,-849,6,1,수
2022-06-01,9호선2~3단계,삼성중앙,2645,2609,5254,36,6,1,수
2022-06-01,9호선2~3단계,선정릉,3769,4197,7966,-428,6,1,수
2022-06-01,9호선2~3단계,언주,4356,4329,8685,27,6,1,수
2022-06-01,9호선,신논현,19170,18393,37563,777,6,1,수
2022-06-01,9호선,사평,2329,2187,4516,142,6,1,수
2022-06-01,9호선,고속터미널,12284,16345,28629,-4061,6,1,수
2022-06-01,9호선,신반포,2599,2638,5237,-39,6,1,수
2022-06-01,9호선,구반포,593,628,1221,-35,6,1,수
2022-06-01,9호선,동작(현충원),2173,1993,4166,180,6,1,수
2022-06-01,9호선,흑석(중앙대입구),5484,5240,10724,244,6,1,수
2022-06-01,9호선,노들,3181,2763,5944,418,6,1,수
2022-06-01,9호선,노량진,19061,19249,38310,-188,6,1,수
2022-06-01,9호선,샛강,3073,2577,5650,496,6,1,수
2022-06-01,9호선,여의도,10860,10481,21341,379,6,1,수
2022-06-01,9호선,국회의사당,3699,3755,7454,-56,6,1,수
2022-06-01,9호선,당산,11066,10238,21304,828,6,1,수
2022-06-01,9호선,선유도,3873,3781,7654,92,6,1,수
2022-06-01,9호선,신목동,2225,2031,4256,194,6,1,수
2022-06-01,9호선,염창,10512,9939,20451,573,6,1,수
2022-06-01,9호선,등촌,6356,6250,12606,106,6,1,수
2022-06-01,9호선,증미,3560,3428,6988,132,6,1,수
2022-06-01,9호선,가양,11922,11423,23345,499,6,1,수
2022-06-01,9호선,양천향교,5361,5332,10693,29,6,1,수
2022-06-01,9호선,마곡나루(서울식물원),6981,7109,14090,-128,6,1,수
2022-06-01,9호선,신방화,4268,4038,8306,230,6,1,수
2022-06-01,9호선,공항시장,2085,2247,4332,-162,6,1,수
2022-06-01,9호선,김포공항,7648,10936,18584,-3288,6,1,수
2022-06-01,9호선,개화,1342,1125,2467,217,6,1,수
2022-06-01,8호선,남위례,3059,3196,6255,-137,6,1,수
2022-06-01,8호선,모란,3602,3057,6659,545,6,1,수
2022-06-01,8호선,수진,4011,3650,7661,361,6,1,수
2022-06-01,8호선,신흥,3392,3571,6963,-179,6,1,수
2022-06-01,8호선,단대오거리,7075,6781,13856,294,6,1,수
2022-06-01,8호선,남한산성입구(성남법원.검찰청),8643,8005,16648,638,6,1,수
2022-06-01,8호선,산성,4097,4156,8253,-59,6,1,수
2022-06-01,8호선,복정,5308,4664,9972,644,6,1,수
2022-06-01,8호선,장지,11577,11372,22949,205,6,1,수
2022-06-01,8호선,문정,6382,6462,12844,-80,6,1,수
2022-06-01,8호선,가락시장,4614,5090,9704,-476,6,1,수
2022-06-01,8호선,송파,5177,5034,10211,143,6,1,수
2022-06-01,8호선,석촌,5226,6486,11712,-1260,6,1,수
2022-06-01,8호선,잠실(송파구청),11722,13646,25368,-1924,6,1,수
2022-06-01,8호선,몽촌토성(평화의문),4171,4152,8323,19,6,1,수
2022-06-01,8호선,강동구청,5481,5588,11069,-107,6,1,수
2022-06-01,8호선,천호(풍납토성),10183,11921,22104,-1738,6,1,수
2022-06-01,8호선,암사,11153,10193,21346,960,6,1,수
2022-06-01,7호선,온수(성공회대입구),5026,5116,10142,-90,6,1,수
2022-06-01,7호선,천왕,6401,6179,12580,222,6,1,수
2022-06-01,7호선,광명사거리,15166,15136,30302,30,6,1,수
2022-06-01,7호선,철산,13156,13259,26415,-103,6,1,수
2022-06-01,7호선,가산디지털단지,13626,12630,26256,996,6,1,수
2022-06-01,7호선,남구로,7422,7494,14916,-72,6,1,수
2022-06-01,7호선,대림(구로구청),6794,6780,13574,14,6,1,수
2022-06-01,7호선,신풍,7388,6960,14348,428,6,1,수
2022-06-01,7호선,보라매,4537,4547,9084,-10,6,1,수
2022-06-01,7호선,신대방삼거리,9302,8981,18283,321,6,1,수
2022-06-01,7호선,장승배기,5783,5559,11342,224,6,1,수
2022-06-01,7호선,상도,6928,6536,13464,392,6,1,수
2022-06-01,7호선,숭실대입구(살피재),7895,7874,15769,21,6,1,수
2022-06-01,7호선,남성,7135,6759,13894,376,6,1,수
2022-06-01,7호선,이수,10886,10000,20886,886,6,1,수
2022-06-01,7호선,내방,6973,7063,14036,-90,6,1,수
2022-06-01,7호선,고속터미널,10419,8386,18805,2033,6,1,수
2022-06-01,7호선,반포,4058,3975,8033,83,6,1,수
2022-06-01,7호선,논현,8341,8785,17126,-444,6,1,수
2022-06-01,7호선,학동,7455,7627,15082,-172,6,1,수
2022-06-01,7호선,강남구청,7182,7901,15083,-719,6,1,수
2022-06-01,7호선,청담,8371,9062,17433,-691,6,1,수
2022-06-01,7호선,뚝섬유원지,12407,11607,24014,800,6,1,수
2022-06-01,7호선,건대입구,10331,10528,20859,-197,6,1,수
2022-06-01,7호선,어린이대공원(세종대),10700,10929,21629,-229,6,1,수
2022-06-01,7호선,군자(능동),10021,7836,17857,2185,6,1,수
2022-06-01,7호선,중곡,6332,6061,12393,271,6,1,수
2022-06-01,7호선,용마산(용마폭포공원),4108,4276,8384,-168,6,1,수
2022-06-01,7호선,사가정,10832,10348,21180,484,6,1,수
2022-06-01,7호선,면목,9773,9356,19129,417,6,1,수
2022-06-01,7호선,상봉(시외버스터미널),11848,11143,22991,705,6,1,수
2022-06-01,7호선,중화,6944,6824,13768,120,6,1,수
2022-06-01,7호선,먹골,7138,6796,13934,342,6,1,수
2022-06-01,7호선,태릉입구,6681,6530,13211,151,6,1,수
2022-06-01,7호선,공릉(서울과학기술대),7819,7850,15669,-31,6,1,수
2022-06-01,7호선,하계,11074,10483,21557,591,6,1,수
2022-06-01,7호선,중계,8341,7578,15919,763,6,1,수
2022-06-01,7호선,노원,14395,15136,29531,-741,6,1,수
2022-06-01,7호선,마들,8076,7618,15694,458,6,1,수
2022-06-01,7호선,수락산,9616,9394,19010,222,6,1,수
2022-06-01,7호선,도봉산,6250,8574,14824,-2324,6,1,수
2022-06-01,7호선,장암,1566,1132,2698,434,6,1,수
2022-06-01,6호선,봉화산(서울의료원),4822,4650,9472,172,6,1,수
2022-06-01,6호선,화랑대(서울여대입구),6433,5327,11760,1106,6,1,수
2022-06-01,6호선,태릉입구,4145,4757,8902,-612,6,1,수
2022-06-01,6호선,석계,8003,8048,16051,-45,6,1,수
2022-06-01,6호선,돌곶이,5813,5458,11271,355,6,1,수
2022-06-01,6호선,상월곡(한국과학기술연구원),4010,3477,7487,533,6,1,수
2022-06-01,6호선,월곡(동덕여대),7030,6865,13895,165,6,1,수
2022-06-01,6호선,고려대(종암),4715,4715,9430,0,6,1,수
2022-06-01,분당선,보정,1503,1405,2908,98,6,1,수
2022-06-01,6호선,안암(고대병원앞),6093,6142,12235,-49,6,1,수
2022-06-01,6호선,보문,4692,4268,8960,424,6,1,수
2022-06-01,6호선,창신,2041,1786,3827,255,6,1,수
2022-06-01,6호선,동묘앞,6704,6239,12943,465,6,1,수
2022-06-01,6호선,신당,6726,6588,13314,138,6,1,수
2022-06-01,6호선,청구,2366,2442,4808,-76,6,1,수
2022-06-01,6호선,약수,2227,2282,4509,-55,6,1,수
2022-06-01,6호선,버티고개,1251,1425,2676,-174,6,1,수
2022-06-01,6호선,한강진,7272,8575,15847,-1303,6,1,수
2022-06-01,6호선,이태원,11994,10725,22719,1269,6,1,수
2022-06-01,6호선,녹사평(용산구청),4622,4627,9249,-5,6,1,수
2022-06-01,6호선,삼각지,5649,4589,10238,1060,6,1,수
2022-06-01,6호선,효창공원앞,4504,3863,8367,641,6,1,수
2022-06-01,6호선,공덕,8648,8018,16666,630,6,1,수
2022-06-01,6호선,대흥(서강대앞),4757,4738,9495,19,6,1,수
2022-06-01,6호선,광흥창(서강),4809,4594,9403,215,6,1,수
2022-06-01,6호선,상수,7248,8101,15349,-853,6,1,수
2022-06-01,6호선,합정,11212,10160,21372,1052,6,1,수
2022-06-01,6호선,망원,11713,12742,24455,-1029,6,1,수
2022-06-01,6호선,마포구청,8317,7336,15653,981,6,1,수
2022-06-01,6호선,월드컵경기장(성산),6071,6195,12266,-124,6,1,수
2022-06-01,6호선,디지털미디어시티,6636,7131,13767,-495,6,1,수
2022-06-01,6호선,증산(명지대앞),6980,6857,13837,123,6,1,수
2022-06-01,6호선,새절(신사),8081,7821,15902,260,6,1,수
2022-06-01,6호선,구산,4895,3725,8620,1170,6,1,수
2022-06-01,6호선,연신내,2,0,2,2,6,1,수
2022-06-01,6호선,독바위,1811,2167,3978,-356,6,1,수
2022-06-01,6호선,불광,3988,3587,7575,401,6,1,수
2022-06-01,6호선,역촌,2331,2742,5073,-411,6,1,수
2022-06-01,6호선,응암,11595,11556,23151,39,6,1,수
2022-06-01,5호선,하남검단산,5734,5610,11344,124,6,1,수
2022-06-01,5호선,하남시청(덕풍·신장),5205,4985,10190,220,6,1,수
2022-06-01,5호선,하남풍산,2606,2628,5234,-22,6,1,수
2022-06-01,5호선,미사,11219,11329,22548,-110,6,1,수
2022-06-01,5호선,강일,3000,2805,5805,195,6,1,수
2022-06-01,5호선,마천,4400,4594,8994,-194,6,1,수
2022-06-01,5호선,거여,5730,5540,11270,190,6,1,수
2022-06-01,5호선,개롱,3689,3911,7600,-222,6,1,수
2022-06-01,5호선,오금,1944,1890,3834,54,6,1,수
2022-06-01,5호선,방이,4457,4383,8840,74,6,1,수
2022-06-01,5호선,올림픽공원(한국체대),3350,3061,6411,289,6,1,수
2022-06-01,5호선,둔촌동,5131,5254,10385,-123,6,1,수
2022-06-01,5호선,상일동,8883,8318,17201,565,6,1,수
2022-06-01,5호선,고덕,5684,5689,11373,-5,6,1,수
2022-06-01,5호선,명일,5871,5856,11727,15,6,1,수
2022-06-01,5호선,굽은다리(강동구민회관앞),6936,6706,13642,230,6,1,수
2022-06-01,5호선,길동,5366,5451,10817,-85,6,1,수
2022-06-01,5호선,강동,11086,10511,21597,575,6,1,수
2022-06-01,5호선,천호(풍납토성),15319,14452,29771,867,6,1,수
2022-06-01,5호선,광나루(장신대),10066,9650,19716,416,6,1,수
2022-06-01,5호선,아차산(어린이대공원후문),12711,12383,25094,328,6,1,수
2022-06-01,5호선,군자(능동),7875,8559,16434,-684,6,1,수
2022-06-01,5호선,장한평,10140,10139,20279,1,6,1,수
2022-06-01,5호선,답십리,9486,8697,18183,789,6,1,수
2022-06-01,5호선,마장,3612,3331,6943,281,6,1,수
2022-06-01,5호선,왕십리(성동구청),3167,3976,7143,-809,6,1,수
2022-06-01,5호선,행당,4936,4322,9258,614,6,1,수
2022-06-01,5호선,신금호,3890,4107,7997,-217,6,1,수
2022-06-01,5호선,청구,2523,2210,4733,313,6,1,수
2022-06-01,5호선,동대문역사문화공원(DDP),983,1189,2172,-206,6,1,수
2022-06-01,5호선,을지로4가,3497,3678,7175,-181,6,1,수
2022-06-01,5호선,종로3가,12524,11081,23605,1443,6,1,수
2022-06-01,5호선,광화문(세종문화회관),14529,15074,29603,-545,6,1,수
2022-06-01,5호선,서대문,6143,6179,12322,-36,6,1,수
2022-06-01,5호선,충정로(경기대입구),1721,1695,3416,26,6,1,수
2022-06-01,5호선,애오개,3209,3143,6352,66,6,1,수
2022-06-01,5호선,공덕,6014,5905,11919,109,6,1,수
2022-06-01,5호선,마포,6585,6541,13126,44,6,1,수
2022-06-01,5호선,여의나루,16452,17154,33606,-702,6,1,수
2022-06-01,5호선,여의도,9435,10362,19797,-927,6,1,수
2022-06-01,5호선,신길,2268,2385,4653,-117,6,1,수
2022-06-01,5호선,영등포시장,6351,6490,12841,-139,6,1,수
2022-06-01,5호선,영등포구청,1721,1736,3457,-15,6,1,수
2022-06-01,5호선,양평,3272,3106,6378,166,6,1,수
2022-06-01,5호선,오목교(목동운동장앞),13716,14609,28325,-893,6,1,수
2022-06-01,5호선,목동,9938,10236,20174,-298,6,1,수
2022-06-01,5호선,신정(은행정),8237,7280,15517,957,6,1,수
2022-06-01,5호선,까치산,19234,18439,37673,795,6,1,수
2022-06-01,5호선,화곡,18313,17051,35364,1262,6,1,수
2022-06-01,5호선,우장산,8822,8812,17634,10,6,1,수
2022-06-01,5호선,발산,11516,12260,23776,-744,6,1,수
2022-06-01,5호선,마곡,4916,5102,10018,-186,6,1,수
2022-06-01,5호선,송정,4493,4258,8751,235,6,1,수
2022-06-01,5호선,김포공항,7972,7848,15820,124,6,1,수
2022-06-01,5호선,개화산,3629,3557,7186,72,6,1,수
2022-06-01,4호선,남태령,851,668,1519,183,6,1,수
2022-06-01,4호선,사당,17718,15944,33662,1774,6,1,수
2022-06-01,4호선,총신대입구(이수),12830,13692,26522,-862,6,1,수
2022-06-01,4호선,동작(현충원),1698,1907,3605,-209,6,1,수
2022-06-01,4호선,이촌(국립중앙박물관),8069,8642,16711,-573,6,1,수
2022-06-01,4호선,신용산,10086,10752,20838,-666,6,1,수
2022-06-01,4호선,삼각지,3532,4690,8222,-1158,6,1,수
2022-06-01,4호선,숙대입구(갈월),8234,7749,15983,485,6,1,수
2022-06-01,4호선,서울역,4832,10015,14847,-5183,6,1,수
2022-06-01,4호선,회현(남대문시장),20199,21023,41222,-824,6,1,수
2022-06-01,4호선,명동,13618,14628,28246,-1010,6,1,수
2022-06-01,4호선,충무로,12044,13208,25252,-1164,6,1,수
2022-06-01,4호선,동대문역사문화공원(DDP),11827,10836,22663,991,6,1,수
2022-06-01,4호선,동대문,18734,19393,38127,-659,6,1,수
2022-06-01,4호선,혜화,24938,26028,50966,-1090,6,1,수
2022-06-01,4호선,한성대입구(삼선교),10015,9644,19659,371,6,1,수
2022-06-01,4호선,성신여대입구(돈암),16094,15165,31259,929,6,1,수
2022-06-01,4호선,길음,13514,12946,26460,568,6,1,수
2022-06-01,4호선,미아사거리,20091,18961,39052,1130,6,1,수
2022-06-01,4호선,미아(서울사이버대학),10169,9442,19611,727,6,1,수
2022-06-01,4호선,수유(강북구청),24262,23721,47983,541,6,1,수
2022-06-01,4호선,쌍문,19439,17688,37127,1751,6,1,수
2022-06-01,4호선,창동,17479,18361,35840,-882,6,1,수
2022-06-01,4호선,노원,14851,16386,31237,-1535,6,1,수
2022-06-01,4호선,상계,13217,12426,25643,791,6,1,수
2022-06-01,4호선,당고개,6846,6347,13193,499,6,1,수
2022-06-01,3호선,오금,3074,2861,5935,213,6,1,수
2022-06-01,3호선,경찰병원,3297,3306,6603,-9,6,1,수
2022-06-01,3호선,가락시장,5145,5040,10185,105,6,1,수
2022-06-01,3호선,수서,10335,10448,20783,-113,6,1,수
2022-06-01,3호선,일원,4398,4359,8757,39,6,1,수
2022-06-01,3호선,대청,5325,5073,10398,252,6,1,수
2022-06-01,3호선,학여울,1103,1480,2583,-377,6,1,수
2022-06-01,3호선,대치,7251,6874,14125,377,6,1,수
2022-06-01,3호선,도곡,2637,2581,5218,56,6,1,수
2022-06-01,3호선,매봉,5528,5474,11002,54,6,1,수
2022-06-01,3호선,양재(서초구청),14686,16715,31401,-2029,6,1,수
2022-06-01,3호선,남부터미널(예술의전당),15390,15794,31184,-404,6,1,수
2022-06-01,3호선,교대(법원.검찰청),5495,3425,8920,2070,6,1,수
2022-06-01,3호선,고속터미널,41681,39292,80973,2389,6,1,수
2022-06-01,3호선,잠원,3005,2800,5805,205,6,1,수
2022-06-01,3호선,신사,16451,16992,33443,-541,6,1,수
2022-06-01,3호선,압구정,18228,19530,37758,-1302,6,1,수
2022-06-01,3호선,옥수,6420,6343,12763,77,6,1,수
2022-06-01,3호선,금호,5300,4785,10085,515,6,1,수
2022-06-01,3호선,약수,8242,7930,16172,312,6,1,수
2022-06-01,3호선,동대입구,5856,7178,13034,-1322,6,1,수
2022-06-01,3호선,을지로3가,4938,4827,9765,111,6,1,수
2022-06-01,3호선,종로3가,5960,8239,14199,-2279,6,1,수
2022-06-01,3호선,안국,18086,19368,37454,-1282,6,1,수
2022-06-01,3호선,경복궁(정부서울청사),22721,25909,48630,-3188,6,1,수
2022-06-01,3호선,독립문,5497,6170,11667,-673,6,1,수
2022-06-01,3호선,무악재,2584,2813,5397,-229,6,1,수
2022-06-01,3호선,홍제,11982,11246,23228,736,6,1,수
2022-06-01,3호선,녹번,9549,8450,17999,1099,6,1,수
2022-06-01,3호선,불광,12330,13903,26233,-1573,6,1,수
2022-06-01,3호선,연신내,26636,24989,51625,1647,6,1,수
2022-06-01,3호선,구파발,14563,14773,29336,-210,6,1,수
2022-06-01,3호선,지축,3357,3099,6456,258,6,1,수
2022-06-01,2호선,용두(동대문구청),1463,1458,2921,5,6,1,수
2022-06-01,2호선,신정네거리,6448,6472,12920,-24,6,1,수
2022-06-01,2호선,양천구청,4007,4010,8017,-3,6,1,수
2022-06-01,2호선,도림천,670,675,1345,-5,6,1,수
2022-06-01,2호선,신설동,2456,2289,4745,167,6,1,수
2022-06-01,2호선,신답,935,978,1913,-43,6,1,수
2022-06-01,2호선,용답,2043,1922,3965,121,6,1,수
2022-06-01,2호선,충정로(경기대입구),4192,4589,8781,-397,6,1,수
2022-06-01,2호선,아현,6862,6414,13276,448,6,1,수
2022-06-01,2호선,이대,8991,9690,18681,-699,6,1,수
2022-06-01,2호선,신촌,24811,24582,49393,229,6,1,수
2022-06-01,2호선,홍대입구,57367,58856,116223,-1489,6,1,수
2022-06-01,2호선,합정,23567,25643,49210,-2076,6,1,수
2022-06-01,2호선,당산,11083,11974,23057,-891,6,1,수
2022-06-01,2호선,영등포구청,9524,9999,19523,-475,6,1,수
2022-06-01,2호선,문래,10426,10952,21378,-526,6,1,수
2022-06-01,2호선,신도림,31966,32392,64358,-426,6,1,수
2022-06-01,2호선,대림(구로구청),16602,17148,33750,-546,6,1,수
2022-06-01,2호선,구로디지털단지,29179,28743,57922,436,6,1,수
2022-06-01,2호선,신대방,18360,17617,35977,743,6,1,수
2022-06-01,2호선,신림,43633,42089,85722,1544,6,1,수
2022-06-01,2호선,봉천,15281,14273,29554,1008,6,1,수
2022-06-01,2호선,서울대입구(관악구청),31803,32066,63869,-263,6,1,수
2022-06-01,2호선,낙성대(강감찬),18723,17814,36537,909,6,1,수
2022-06-01,2호선,사당,27020,28918,55938,-1898,6,1,수
2022-06-01,2호선,방배,8121,8293,16414,-172,6,1,수
2022-06-01,2호선,서초,7884,6911,14795,973,6,1,수
2022-06-01,2호선,교대(법원.검찰청),13455,15095,28550,-1640,6,1,수
2022-06-01,2호선,강남,42601,41039,83640,1562,6,1,수
2022-06-01,2호선,역삼,14457,15866,30323,-1409,6,1,수
2022-06-01,2호선,선릉,18868,16367,35235,2501,6,1,수
2022-06-01,2호선,삼성(무역센터),25743,24967,50710,776,6,1,수
2022-06-01,2호선,종합운동장,14906,16353,31259,-1447,6,1,수
2022-06-01,2호선,잠실새내,15468,15643,31111,-175,6,1,수
2022-06-01,2호선,잠실(송파구청),54843,52553,107396,2290,6,1,수
2022-06-01,2호선,잠실나루,6687,6585,13272,102,6,1,수
2022-06-01,2호선,강변(동서울터미널),21662,21349,43011,313,6,1,수
2022-06-01,2호선,구의(광진구청),14564,14134,28698,430,6,1,수
2022-06-01,2호선,건대입구,31287,32776,64063,-1489,6,1,수
2022-06-01,2호선,성수,18135,20613,38748,-2478,6,1,수
2022-06-01,분당선,망포,8293,7900,16193,393,6,1,수
2022-06-01,분당선,매탄권선,3224,3030,6254,194,6,1,수
2022-06-01,분당선,수원시청,8410,8556,16966,-146,6,1,수
2022-06-01,분당선,매교,1741,1804,3545,-63,6,1,수
2022-06-01,수인선,고색,2307,2482,4789,-175,6,1,수
2022-06-01,수인선,오목천,2226,1855,4081,371,6,1,수
2022-06-01,2호선,뚝섬,13190,13393,26583,-203,6,1,수
2022-06-01,2호선,한양대,3898,4354,8252,-456,6,1,수
2022-06-01,2호선,왕십리(성동구청),11477,9711,21188,1766,6,1,수
2022-06-01,2호선,상왕십리,9030,8575,17605,455,6,1,수
2022-06-01,2호선,신당,10558,11235,21793,-677,6,1,수
2022-06-01,2호선,을지로4가,6885,7068,13953,-183,6,1,수
2022-06-01,2호선,을지로3가,9809,9312,19121,497,6,1,수
2022-06-01,2호선,을지로입구,19141,18917,38058,224,6,1,수
2022-06-01,2호선,시청,7478,6111,13589,1367,6,1,수
2022-06-01,1호선,동묘앞,9565,9909,19474,-344,6,1,수
2022-06-01,1호선,청량리(서울시립대입구),16081,16524,32605,-443,6,1,수
2022-06-01,1호선,제기동,14062,14635,28697,-573,6,1,수
2022-06-01,1호선,신설동,8182,7806,15988,376,6,1,수
2022-06-01,1호선,동대문,10394,10390,20784,4,6,1,수
2022-06-01,1호선,종로5가,19108,18748,37856,360,6,1,수
2022-06-01,1호선,종로3가,21148,18271,39419,2877,6,1,수
2022-06-01,1호선,종각,17948,15679,33627,2269,6,1,수
2022-06-01,1호선,시청,10235,10086,20321,149,6,1,수
2022-06-01,1호선,서울역,26040,25835,51875,205,6,1,수
2022-06-01,중앙선,지평,69,71,140,-2,6,1,수
2022-06-01,중앙선,용문,2343,2341,4684,2,6,1,수
2022-06-01,중앙선,원덕,402,402,804,0,6,1,수
2022-06-01,중앙선,양평,2601,2507,5108,94,6,1,수
2022-06-01,중앙선,오빈,313,293,606,20,6,1,수
2022-06-01,중앙선,아신,655,600,1255,55,6,1,수
2022-06-01,중앙선,국수,631,641,1272,-10,6,1,수
2022-06-01,중앙선,신원,352,208,560,144,6,1,수
2022-06-01,중앙선,양수,2632,2552,5184,80,6,1,수
2022-06-01,중앙선,운길산,1644,1608,3252,36,6,1,수
2022-06-01,중앙선,팔당,1568,1703,3271,-135,6,1,수
2022-06-01,중앙선,도심,1581,1354,2935,227,6,1,수
2022-06-01,중앙선,덕소,4315,4438,8753,-123,6,1,수
2022-06-01,수인선,어천,595,646,1241,-51,6,1,수
2022-06-01,수인선,야목,299,225,524,74,6,1,수
2022-06-01,수인선,사리,3497,3039,6536,458,6,1,수
2022-06-01,수인선,달월,49,53,102,-4,6,1,수
2022-06-01,수인선,월곶,2230,2174,4404,56,6,1,수
2022-06-01,수인선,소래포구,7680,7396,15076,284,6,1,수
2022-06-01,수인선,인천논현,4080,4129,8209,-49,6,1,수
2022-06-01,수인선,호구포,2415,2413,4828,2,6,1,수
2022-06-01,수인선,남동인더스파크,884,902,1786,-18,6,1,수
2022-06-01,수인선,원인재,3437,3553,6990,-116,6,1,수
2022-06-01,수인선,연수,3406,3442,6848,-36,6,1,수
2022-06-01,수인선,송도,1939,1987,3926,-48,6,1,수
2022-06-01,수인선,인하대,4198,3952,8150,246,6,1,수
2022-06-01,수인선,숭의,2608,2434,5042,174,6,1,수
2022-06-01,수인선,신포,1387,1395,2782,-8,6,1,수
2022-06-01,수인선,인천,1390,2282,3672,-892,6,1,수
2022-06-01,신림선,샛강,2155,3375,5530,-1220,6,1,수
2022-06-01,신림선,대방,1567,1071,2638,496,6,1,수
2022-06-01,신림선,서울지방병무청,1779,1862,3641,-83,6,1,수
2022-06-01,신림선,보라매,2119,1839,3958,280,6,1,수
2022-06-01,신림선,보라매공원,1859,1992,3851,-133,6,1,수
2022-06-01,신림선,보라매병원,2782,2766,5548,16,6,1,수
2022-06-01,신림선,당곡,2836,2451,5287,385,6,1,수
2022-06-01,신림선,신림,1912,2260,4172,-348,6,1,수
2022-06-01,신림선,서원,2173,1899,4072,274,6,1,수
2022-06-01,신림선,서울대벤처타운,5416,4915,10331,501,6,1,수
2022-06-01,신림선,관악산(서울대),6328,6858,13186,-530,6,1,수
2022-06-01,안산선,산본,11668,12483,24151,-815,6,1,수
2022-06-01,안산선,대야미,3807,3465,7272,342,6,1,수
2022-06-01,안산선,반월,3195,3136,6331,59,6,1,수
2022-06-01,안산선,상록수,10941,11072,22013,-131,6,1,수
2022-06-01,안산선,한대앞,6525,6447,12972,78,6,1,수
2022-06-01,안산선,중앙,14772,14832,29604,-60,6,1,수
2022-06-01,안산선,고잔,5318,5157,10475,161,6,1,수
2022-06-01,안산선,초지,2930,2973,5903,-43,6,1,수
2022-06-01,안산선,안산,8475,8118,16593,357,6,1,수
2022-06-01,안산선,신길온천,1421,1442,2863,-21,6,1,수
2022-06-01,안산선,정왕,5729,6126,11855,-397,6,1,수
2022-06-01,안산선,오이도,7376,7364,14740,12,6,1,수
2022-06-01,안산선,수리산,2771,2704,5475,67,6,1,수
2022-06-01,우이신설선,북한산우이,3876,3959,7835,-83,6,1,수
2022-06-01,우이신설선,솔밭공원,1826,1715,3541,111,6,1,수
2022-06-01,우이신설선,4.19민주묘지,2764,2418,5182,346,6,1,수
2022-06-01,우이신설선,가오리,2963,2864,5827,99,6,1,수
2022-06-01,우이신설선,화계,2509,2321,4830,188,6,1,수
2022-06-01,우이신설선,삼양,1500,1518,3018,-18,6,1,수
2022-06-01,우이신설선,삼양사거리,1860,1732,3592,128,6,1,수
2022-06-01,우이신설선,솔샘,3589,3380,6969,209,6,1,수
2022-06-01,우이신설선,북한산보국문,4631,4202,8833,429,6,1,수
2022-06-01,우이신설선,정릉,3518,2834,6352,684,6,1,수
2022-06-01,우이신설선,성신여대입구(돈암),2852,3476,6328,-624,6,1,수
2022-06-01,우이신설선,보문,1124,1136,2260,-12,6,1,수
2022-06-01,우이신설선,신설동,1455,1394,2849,61,6,1,수
2022-06-01,일산선,원흥,6973,6823,13796,150,6,1,수
2022-06-01,일산선,삼송,13530,13349,26879,181,6,1,수
2022-06-01,일산선,원당,7612,7279,14891,333,6,1,수
2022-06-01,일산선,화정,11948,12205,24153,-257,6,1,수
2022-06-01,일산선,대곡,1436,1211,2647,225,6,1,수
2022-06-01,일산선,백석,6706,6667,13373,39,6,1,수
2022-06-01,일산선,마두,4559,4622,9181,-63,6,1,수
2022-06-01,일산선,정발산,6605,6792,13397,-187,6,1,수
2022-06-01,일산선,주엽,6095,6034,12129,61,6,1,수
2022-06-01,일산선,대화,7563,6773,14336,790,6,1,수
2022-06-01,장항선,봉명,635,627,1262,8,6,1,수
2022-06-01,장항선,쌍용(나사렛대),1656,1546,3202,110,6,1,수
2022-06-01,장항선,아산,2769,2380,5149,389,6,1,수
2022-06-01,장항선,탕정,576,577,1153,-1,6,1,수
2022-06-01,장항선,배방,998,1016,2014,-18,6,1,수
2022-06-01,장항선,온양온천,3516,3489,7005,27,6,1,수
2022-06-01,장항선,신창(순천향대),1279,1376,2655,-97,6,1,수
2022-06-01,중앙선,회기,17239,16817,34056,422,6,1,수
2022-06-01,중앙선,중랑,4324,4143,8467,181,6,1,수
2022-06-01,중앙선,상봉(시외버스터미널),4405,4491,8896,-86,6,1,수
2022-06-01,중앙선,망우,5946,5772,11718,174,6,1,수
2022-06-01,중앙선,양원,1726,1658,3384,68,6,1,수
2022-06-01,중앙선,구리,9562,9866,19428,-304,6,1,수
2022-06-01,중앙선,도농,6686,6327,13013,359,6,1,수
2022-06-02,7호선,논현,20416,21967,42383,-1551,6,2,목
2022-06-02,중앙선,용문,2033,1977,4010,56,6,2,목
2022-06-02,중앙선,지평,82,87,169,-5,6,2,목
2022-06-02,장항선,봉명,1373,1351,2724,22,6,2,목
2022-06-02,일산선,대화,14880,11481,26361,3399,6,2,목
2022-06-02,일산선,주엽,10031,9961,19992,70,6,2,목
2022-06-02,일산선,정발산,7368,7459,14827,-91,6,2,목
2022-06-02,일산선,마두,8186,8231,16417,-45,6,2,목
2022-06-02,일산선,백석,10361,10166,20527,195,6,2,목
2022-06-02,일산선,대곡,2483,1975,4458,508,6,2,목
2022-06-02,일산선,화정,18276,18389,36665,-113,6,2,목
2022-06-02,일산선,원당,12128,11359,23487,769,6,2,목
2022-06-02,일산선,삼송,21331,20507,41838,824,6,2,목
2022-06-02,일산선,지축,1,0,1,1,6,2,목
2022-06-02,일산선,원흥,12243,11438,23681,805,6,2,목
2022-06-02,우이신설선,신설동,2340,2255,4595,85,6,2,목
2022-06-02,우이신설선,보문,1625,1609,3234,16,6,2,목
2022-06-02,우이신설선,성신여대입구(돈암),3433,3909,7342,-476,6,2,목
2022-06-02,우이신설선,정릉,5209,4696,9905,513,6,2,목
2022-06-02,우이신설선,북한산보국문,6567,6122,12689,445,6,2,목
2022-06-02,우이신설선,솔샘,6317,5927,12244,390,6,2,목
2022-06-02,우이신설선,삼양사거리,2520,2535,5055,-15,6,2,목
2022-06-02,우이신설선,삼양,2062,2232,4294,-170,6,2,목
2022-06-02,우이신설선,화계,3692,3408,7100,284,6,2,목
2022-06-02,우이신설선,가오리,4574,4372,8946,202,6,2,목
2022-06-02,우이신설선,4.19민주묘지,3624,3376,7000,248,6,2,목
2022-06-02,우이신설선,솔밭공원,2679,2575,5254,104,6,2,목
2022-06-02,우이신설선,북한산우이,2892,2613,5505,279,6,2,목
2022-06-02,안산선,수리산,4593,3839,8432,754,6,2,목
2022-06-02,안산선,오이도,9384,8991,18375,393,6,2,목
2022-06-02,안산선,정왕,10970,11273,22243,-303,6,2,목
2022-06-02,안산선,신길온천,2020,1798,3818,222,6,2,목
2022-06-02,안산선,안산,12515,11387,23902,1128,6,2,목
2022-06-02,안산선,초지,5645,5997,11642,-352,6,2,목
2022-06-02,수인선,송도,2599,2443,5042,156,6,2,목
2022-06-02,수인선,연수,4989,4874,9863,115,6,2,목
2022-06-02,수인선,원인재,4732,4941,9673,-209,6,2,목
2022-06-02,수인선,남동인더스파크,2266,2523,4789,-257,6,2,목
2022-06-02,수인선,호구포,4441,4633,9074,-192,6,2,목
2022-06-02,수인선,인천논현,5887,6303,12190,-416,6,2,목
2022-06-02,수인선,소래포구,6811,6418,13229,393,6,2,목
2022-06-02,수인선,월곶,3230,2984,6214,246,6,2,목
2022-06-02,수인선,달월,130,80,210,50,6,2,목
2022-06-02,수인선,사리,5430,4757,10187,673,6,2,목
2022-06-02,수인선,야목,432,323,755,109,6,2,목
2022-06-02,수인선,어천,793,859,1652,-66,6,2,목
2022-06-02,수인선,오목천,4547,4112,8659,435,6,2,목
2022-06-02,수인선,고색,5340,5008,10348,332,6,2,목
2022-06-02,분당선,매교,3422,3322,6744,100,6,2,목
2022-06-02,분당선,수원시청,13376,14366,27742,-990,6,2,목
2022-06-02,분당선,매탄권선,5680,5542,11222,138,6,2,목
2022-06-02,분당선,망포,15742,15003,30745,739,6,2,목
2022-06-02,분당선,영통,8813,9035,17848,-222,6,2,목
2022-06-02,분당선,청명,4623,4503,9126,120,6,2,목
2022-06-02,분당선,상갈,6019,5758,11777,261,6,2,목
2022-06-02,분당선,기흥,11251,10653,21904,598,6,2,목
2022-06-02,분당선,신갈,5042,4938,9980,104,6,2,목
2022-06-02,분당선,구성,5570,5818,11388,-248,6,2,목
2022-06-02,분당선,죽전,15427,16611,32038,-1184,6,2,목
2022-06-02,분당선,보정,3023,2640,5663,383,6,2,목
2022-06-02,분당선,이매,6186,5858,12044,328,6,2,목
2022-06-02,분당선,오리,12365,10232,22597,2133,6,2,목
2022-06-02,분당선,미금,16410,17555,33965,-1145,6,2,목
2022-06-02,분당선,정자,18705,18818,37523,-113,6,2,목
2022-06-02,분당선,수내,14179,13820,27999,359,6,2,목
2022-06-02,분당선,서현,25348,25808,51156,-460,6,2,목
2022-06-02,분당선,야탑,27900,28974,56874,-1074,6,2,목
2022-06-02,분당선,모란,21525,21524,43049,1,6,2,목
2022-06-02,분당선,태평,14328,13737,28065,591,6,2,목
2022-06-02,분당선,가천대,13157,14042,27199,-885,6,2,목
2022-06-02,분당선,선정릉,8414,9004,17418,-590,6,2,목
2022-06-02,분당선,강남구청,10026,11608,21634,-1582,6,2,목
2022-06-02,분당선,압구정로데오,19534,21928,41462,-2394,6,2,목
2022-06-02,분당선,서울숲,12255,12471,24726,-216,6,2,목
2022-06-02,분당선,수원,8616,7310,15926,1306,6,2,목
2022-06-02,분당선,수서,14431,15069,29500,-638,6,2,목
2022-06-02,분당선,대모산입구,4939,4602,9541,337,6,2,목
2022-06-02,분당선,개포동,4312,4210,8522,102,6,2,목
2022-06-02,분당선,구룡,2144,2091,4235,53,6,2,목
2022-06-02,분당선,도곡,7212,7043,14255,169,6,2,목
2022-06-02,분당선,한티,15127,16328,31455,-1201,6,2,목
2022-06-02,분당선,선릉,14561,22182,36743,-7621,6,2,목
2022-06-02,과천선,범계,27957,27778,55735,179,6,2,목
2022-06-02,과천선,평촌,19378,18994,38372,384,6,2,목
2022-06-02,과천선,인덕원,26479,27208,53687,-729,6,2,목
2022-06-02,과천선,정부과천청사,11382,11300,22682,82,6,2,목
2022-06-02,과천선,과천,6942,6399,13341,543,6,2,목
2022-06-02,과천선,대공원,4783,4876,9659,-93,6,2,목
2022-06-02,과천선,경마공원,1445,1456,2901,-11,6,2,목
2022-06-02,과천선,선바위,8986,7813,16799,1173,6,2,목
2022-06-02,공항철도 1호선,영종,3479,3454,6933,25,6,2,목
2022-06-02,공항철도 1호선,인천공항2터미널,3517,3110,6627,407,6,2,목
2022-06-02,공항철도 1호선,인천공항1터미널,6555,5959,12514,596,6,2,목
2022-06-02,공항철도 1호선,공항화물청사,2385,2601,4986,-216,6,2,목
2022-06-02,공항철도 1호선,운서,7739,7785,15524,-46,6,2,목
2022-06-02,공항철도 1호선,청라국제도시,7923,7521,15444,402,6,2,목
2022-06-02,공항철도 1호선,검암,7477,7345,14822,132,6,2,목
2022-06-02,공항철도 1호선,계양,12086,11182,23268,904,6,2,목
2022-06-02,공항철도 1호선,김포공항,12583,7278,19861,5305,6,2,목
2022-06-02,공항철도 1호선,마곡나루(서울식물원),10601,10453,21054,148,6,2,목
2022-06-02,공항철도 1호선,디지털미디어시티,20387,16313,36700,4074,6,2,목
2022-06-02,공항철도 1호선,홍대입구,10323,10828,21151,-505,6,2,목
2022-06-02,공항철도 1호선,공덕,2517,3423,5940,-906,6,2,목
2022-06-02,공항철도 1호선,서울역,9535,8880,18415,655,6,2,목
2022-06-02,경춘선,춘천,1836,1583,3419,253,6,2,목
2022-06-02,경춘선,남춘천,3571,3404,6975,167,6,2,목
2022-06-02,경춘선,김유정,386,392,778,-6,6,2,목
2022-06-02,경춘선,강촌,442,450,892,-8,6,2,목
2022-06-02,경춘선,백양리,116,132,248,-16,6,2,목
2022-06-02,경춘선,굴봉산,177,160,337,17,6,2,목
2022-06-02,경춘선,가평,1899,1904,3803,-5,6,2,목
2022-06-02,경춘선,상천,396,373,769,23,6,2,목
2022-06-02,경춘선,대성리,645,643,1288,2,6,2,목
2022-06-02,경춘선,마석,4521,4291,8812,230,6,2,목
2022-06-02,경춘선,천마산,1890,1779,3669,111,6,2,목
2022-06-02,중앙선,원덕,413,394,807,19,6,2,목
2022-06-02,경춘선,평내호평,6997,6954,13951,43,6,2,목
2022-06-02,경춘선,금곡,1761,1720,3481,41,6,2,목
2022-06-02,경춘선,사릉,2811,2702,5513,109,6,2,목
2022-06-02,경춘선,퇴계원,4182,3923,8105,259,6,2,목
2022-06-02,경춘선,별내,3523,3276,6799,247,6,2,목
2022-06-02,경춘선,갈매,3297,2838,6135,459,6,2,목
2022-06-02,경춘선,신내,2539,2327,4866,212,6,2,목
2022-06-02,경인선,도화,4604,4208,8812,396,6,2,목
2022-06-02,경인선,중동,10238,9556,19794,682,6,2,목
2022-06-02,경인선,온수(성공회대입구),8166,7695,15861,471,6,2,목
2022-06-02,경인선,도원,3747,3646,7393,101,6,2,목
2022-06-02,경인선,간석,6424,6113,12537,311,6,2,목
2022-06-02,경인선,부개,9413,8811,18224,602,6,2,목
2022-06-02,경인선,소사,9716,9559,19275,157,6,2,목
2022-06-02,경인선,구일,9184,9222,18406,-38,6,2,목
2022-06-02,경인선,인천,4342,3389,7731,953,6,2,목
2022-06-02,경인선,동인천,14982,14085,29067,897,6,2,목
2022-06-02,경인선,제물포,11863,11350,23213,513,6,2,목
2022-06-02,경인선,주안,21120,19098,40218,2022,6,2,목
2022-06-02,경인선,동암,16365,16212,32577,153,6,2,목
2022-06-02,경인선,백운,7563,7422,14985,141,6,2,목
2022-06-02,경인선,부평,30188,32189,62377,-2001,6,2,목
2022-06-02,경인선,송내,30322,30048,60370,274,6,2,목
2022-06-02,경인선,부천,34683,34557,69240,126,6,2,목
2022-06-02,경인선,역곡,31280,30530,61810,750,6,2,목
2022-06-02,경인선,오류동,12745,11920,24665,825,6,2,목
2022-06-02,경인선,개봉,23317,22726,46043,591,6,2,목
2022-06-02,경의선,임진강,16,8,24,8,6,2,목
2022-06-02,경의선,문산,5454,5589,11043,-135,6,2,목
2022-06-02,경의선,파주,1666,1219,2885,447,6,2,목
2022-06-02,경의선,월롱,3314,3010,6324,304,6,2,목
2022-06-02,경의선,금촌,6935,6703,13638,232,6,2,목
2022-06-02,경의선,금릉,5425,5343,10768,82,6,2,목
2022-06-02,경의선,운정,7748,7183,14931,565,6,2,목
2022-06-02,경의선,야당,8483,8529,17012,-46,6,2,목
2022-06-02,경의선,탄현,8708,8232,16940,476,6,2,목
2022-06-02,경의선,일산,10648,10587,21235,61,6,2,목
2022-06-02,경의선,풍산,6164,5758,11922,406,6,2,목
2022-06-02,경의선,백마,7758,7445,15203,313,6,2,목
2022-06-02,경의선,곡산,674,705,1379,-31,6,2,목
2022-06-02,경의선,능곡,4283,3966,8249,317,6,2,목
2022-06-02,경의선,행신,8878,9146,18024,-268,6,2,목
2022-06-02,경의선,강매,3714,3252,6966,462,6,2,목
2022-06-02,경의선,화전,3768,3563,7331,205,6,2,목
2022-06-02,경의선,수색,3352,3454,6806,-102,6,2,목
2022-06-02,경원선,가능,7338,7066,14404,272,6,2,목
2022-06-02,경원선,의정부,19220,20012,39232,-792,6,2,목
2022-06-02,경원선,회룡,13887,13500,27387,387,6,2,목
2022-06-02,경원선,망월사,10269,10370,20639,-101,6,2,목
2022-06-02,경원선,도봉산,8296,5496,13792,2800,6,2,목
2022-06-02,경원선,도봉,6426,6135,12561,291,6,2,목
2022-06-02,경원선,방학,10523,10348,20871,175,6,2,목
2022-06-02,경원선,창동,1,0,1,1,6,2,목
2022-06-02,경원선,녹천,5080,4254,9334,826,6,2,목
2022-06-02,경원선,월계,8738,8119,16857,619,6,2,목
2022-06-02,경원선,광운대,9503,9389,18892,114,6,2,목
2022-06-02,경원선,석계,8786,9752,18538,-966,6,2,목
2022-06-02,경원선,신이문,9012,8316,17328,696,6,2,목
2022-06-02,경원선,외대앞,9368,9322,18690,46,6,2,목
2022-06-02,경원선,청량리(서울시립대입구),16477,16924,33401,-447,6,2,목
2022-06-02,경원선,왕십리(성동구청),15279,16657,31936,-1378,6,2,목
2022-06-02,경원선,응봉,2076,1756,3832,320,6,2,목
2022-06-02,경원선,옥수,61,38,99,23,6,2,목
2022-06-02,경원선,한남,4584,4360,8944,224,6,2,목
2022-06-02,경원선,서빙고,2198,2047,4245,151,6,2,목
2022-06-02,경원선,이촌(국립중앙박물관),4238,3134,7372,1104,6,2,목
2022-06-02,경부선,광명,3644,3255,6899,389,6,2,목
2022-06-02,경부선,서동탄,1620,1398,3018,222,6,2,목
2022-06-02,경부선,당정,7683,7281,14964,402,6,2,목
2022-06-02,경부선,천안,7451,6834,14285,617,6,2,목
2022-06-02,경부선,두정,8511,8951,17462,-440,6,2,목
2022-06-02,경부선,직산,881,916,1797,-35,6,2,목
2022-06-02,경부선,성환,7551,7060,14611,491,6,2,목
2022-06-02,경부선,평택,13911,13863,27774,48,6,2,목
2022-06-02,경부선,평택지제,3984,3951,7935,33,6,2,목
2022-06-02,경부선,서정리,8392,7841,16233,551,6,2,목
2022-06-02,경부선,송탄,4641,4372,9013,269,6,2,목
2022-06-02,경부선,진위,1976,1676,3652,300,6,2,목
2022-06-02,경부선,오산,10813,10931,21744,-118,6,2,목
2022-06-02,경부선,오산대,4478,4111,8589,367,6,2,목
2022-06-02,경부선,세마,3200,2964,6164,236,6,2,목
2022-06-02,경부선,병점,17713,17663,35376,50,6,2,목
2022-06-02,경부선,세류,3318,2990,6308,328,6,2,목
2022-06-02,경부선,독산,19929,20533,40462,-604,6,2,목
2022-06-02,경부선,수원,38358,40721,79079,-2363,6,2,목
2022-06-02,경부선,화서,9147,8741,17888,406,6,2,목
2022-06-02,경부선,성균관대,16703,16495,33198,208,6,2,목
2022-06-02,경부선,의왕,10151,10081,20232,70,6,2,목
2022-06-02,경부선,군포,8199,7951,16150,248,6,2,목
2022-06-02,경부선,금정,29089,29449,58538,-360,6,2,목
2022-06-02,경부선,명학,11316,10973,22289,343,6,2,목
2022-06-02,경부선,안양,28768,28390,57158,378,6,2,목
2022-06-02,경부선,관악,8210,7634,15844,576,6,2,목
2022-06-02,경부선,석수,10518,9487,20005,1031,6,2,목
2022-06-02,경부선,금천구청,12926,12803,25729,123,6,2,목
2022-06-02,경부선,가산디지털단지,19597,22568,42165,-2971,6,2,목
2022-06-02,경부선,구로,19705,20387,40092,-682,6,2,목
2022-06-02,경부선,신길,9693,8538,18231,1155,6,2,목
2022-06-02,경부선,신도림,4481,4644,9125,-163,6,2,목
2022-06-02,경부선,영등포,39697,40731,80428,-1034,6,2,목
2022-06-02,경부선,대방,12822,13584,26406,-762,6,2,목
2022-06-02,경부선,노량진,8673,8545,17218,128,6,2,목
2022-06-02,경부선,용산,37043,37676,74719,-633,6,2,목
2022-06-02,경부선,남영,10320,11098,21418,-778,6,2,목
2022-06-02,경부선,서울역,7127,2215,9342,4912,6,2,목
2022-06-02,경강선,여주,2404,2416,4820,-12,6,2,목
2022-06-02,경강선,세종대왕릉,381,371,752,10,6,2,목
2022-06-02,경강선,부발,2293,2229,4522,64,6,2,목
2022-06-02,경강선,이천,2743,2892,5635,-149,6,2,목
2022-06-02,경강선,신둔도예촌,1810,1624,3434,186,6,2,목
2022-06-02,경강선,곤지암,2274,2336,4610,-62,6,2,목
2022-06-02,경강선,초월,3490,3319,6809,171,6,2,목
2022-06-02,경강선,경기광주,8586,8152,16738,434,6,2,목
2022-06-02,경강선,삼동,2674,2429,5103,245,6,2,목
2022-06-02,경강선,이매,1243,989,2232,254,6,2,목
2022-06-02,경강선,판교,5484,5312,10796,172,6,2,목
2022-06-02,9호선2~3단계,중앙보훈병원,11656,10309,21965,1347,6,2,목
2022-06-02,9호선2~3단계,둔촌오륜,975,940,1915,35,6,2,목
2022-06-02,9호선2~3단계,올림픽공원(한국체대),7236,7180,14416,56,6,2,목
2022-06-02,9호선2~3단계,한성백제,2851,2591,5442,260,6,2,목
2022-06-02,9호선2~3단계,송파나루,5139,5363,10502,-224,6,2,목
2022-06-02,9호선2~3단계,석촌,9292,8462,17754,830,6,2,목
2022-06-02,9호선2~3단계,석촌고분,6527,6365,12892,162,6,2,목
2022-06-02,9호선2~3단계,삼전,7313,6786,14099,527,6,2,목
2022-06-02,9호선2~3단계,종합운동장,4620,4768,9388,-148,6,2,목
2022-06-02,9호선2~3단계,봉은사,19743,20653,40396,-910,6,2,목
2022-06-02,9호선2~3단계,삼성중앙,7819,8256,16075,-437,6,2,목
2022-06-02,9호선2~3단계,선정릉,10730,11908,22638,-1178,6,2,목
2022-06-02,9호선2~3단계,언주,11255,11516,22771,-261,6,2,목
2022-06-02,9호선,신논현,32462,32142,64604,320,6,2,목
2022-06-02,9호선,사평,3937,3846,7783,91,6,2,목
2022-06-02,9호선,고속터미널,13756,17116,30872,-3360,6,2,목
2022-06-02,9호선,신반포,3973,3943,7916,30,6,2,목
2022-06-02,9호선,구반포,1333,1399,2732,-66,6,2,목
2022-06-02,9호선,동작(현충원),2808,2524,5332,284,6,2,목
2022-06-02,9호선,흑석(중앙대입구),9546,9707,19253,-161,6,2,목
2022-06-02,9호선,노들,4918,4202,9120,716,6,2,목
2022-06-02,9호선,노량진,27075,26597,53672,478,6,2,목
2022-06-02,9호선,샛강,6999,6796,13795,203,6,2,목
2022-06-02,9호선,여의도,29737,29603,59340,134,6,2,목
2022-06-02,9호선,국회의사당,16395,17369,33764,-974,6,2,목
2022-06-02,9호선,당산,19825,20009,39834,-184,6,2,목
2022-06-02,9호선,선유도,9600,9112,18712,488,6,2,목
2022-06-02,9호선,신목동,4840,4148,8988,692,6,2,목
2022-06-02,9호선,염창,18609,17911,36520,698,6,2,목
2022-06-02,9호선,등촌,12123,11679,23802,444,6,2,목
2022-06-02,9호선,가양,22497,21907,44404,590,6,2,목
2022-06-02,9호선,양천향교,10750,10984,21734,-234,6,2,목
2022-06-02,9호선,마곡나루(서울식물원),13402,13182,26584,220,6,2,목
2022-06-02,9호선,신방화,7306,7027,14333,279,6,2,목
2022-06-02,9호선,공항시장,3217,3473,6690,-256,6,2,목
2022-06-02,9호선,김포공항,7545,11869,19414,-4324,6,2,목
2022-06-02,9호선,개화,2978,1998,4976,980,6,2,목
2022-06-02,8호선,남위례,5721,5897,11618,-176,6,2,목
2022-06-02,8호선,모란,4619,3744,8363,875,6,2,목
2022-06-02,8호선,수진,5703,5305,11008,398,6,2,목
2022-06-02,8호선,신흥,4470,4733,9203,-263,6,2,목
2022-06-02,8호선,단대오거리,12006,11365,23371,641,6,2,목
2022-06-02,8호선,남한산성입구(성남법원.검찰청),16338,15143,31481,1195,6,2,목
2022-06-02,8호선,산성,5886,5792,11678,94,6,2,목
2022-06-02,8호선,복정,10588,9128,19716,1460,6,2,목
2022-06-02,8호선,장지,18198,17347,35545,851,6,2,목
2022-06-02,8호선,문정,22631,23894,46525,-1263,6,2,목
2022-06-02,8호선,가락시장,7865,8836,16701,-971,6,2,목
2022-06-02,8호선,송파,8987,8800,17787,187,6,2,목
2022-06-02,8호선,석촌,7888,9062,16950,-1174,6,2,목
2022-06-02,8호선,잠실(송파구청),13942,16772,30714,-2830,6,2,목
2022-06-02,8호선,몽촌토성(평화의문),6596,6573,13169,23,6,2,목
2022-06-02,8호선,강동구청,10777,11087,21864,-310,6,2,목
2022-06-02,8호선,천호(풍납토성),15244,17496,32740,-2252,6,2,목
2022-06-02,중앙선,양평,3092,3141,6233,-49,6,2,목
2022-06-02,8호선,암사,20209,17716,37925,2493,6,2,목
2022-06-02,7호선,온수(성공회대입구),11985,11299,23284,686,6,2,목
2022-06-02,7호선,천왕,12254,11651,23905,603,6,2,목
2022-06-02,7호선,광명사거리,23269,22893,46162,376,6,2,목
2022-06-02,7호선,철산,22574,22911,45485,-337,6,2,목
2022-06-02,7호선,가산디지털단지,46949,47300,94249,-351,6,2,목
2022-06-02,7호선,남구로,16553,17452,34005,-899,6,2,목
2022-06-02,7호선,대림(구로구청),8147,8295,16442,-148,6,2,목
2022-06-02,7호선,신풍,12320,11849,24169,471,6,2,목
2022-06-02,7호선,보라매,9300,9339,18639,-39,6,2,목
2022-06-02,7호선,신대방삼거리,16768,15866,32634,902,6,2,목
2022-06-02,7호선,장승배기,9534,9365,18899,169,6,2,목
2022-06-02,7호선,상도,12265,11924,24189,341,6,2,목
2022-06-02,7호선,숭실대입구(살피재),15565,15720,31285,-155,6,2,목
2022-06-02,7호선,남성,12138,11255,23393,883,6,2,목
2022-06-02,7호선,이수,16689,16289,32978,400,6,2,목
2022-06-02,7호선,내방,15577,15829,31406,-252,6,2,목
2022-06-02,7호선,고속터미널,16738,14147,30885,2591,6,2,목
2022-06-02,7호선,반포,6356,6119,12475,237,6,2,목
2022-06-02,7호선,학동,25793,27724,53517,-1931,6,2,목
2022-06-02,7호선,강남구청,17325,19525,36850,-2200,6,2,목
2022-06-02,7호선,청담,21285,23784,45069,-2499,6,2,목
2022-06-02,7호선,뚝섬유원지,9829,9425,19254,404,6,2,목
2022-06-02,7호선,건대입구,13652,14400,28052,-748,6,2,목
2022-06-02,7호선,어린이대공원(세종대),17102,17429,34531,-327,6,2,목
2022-06-02,7호선,군자(능동),15560,12387,27947,3173,6,2,목
2022-06-02,7호선,중곡,11991,11086,23077,905,6,2,목
2022-06-02,7호선,용마산(용마폭포공원),6292,6073,12365,219,6,2,목
2022-06-02,7호선,사가정,16964,16830,33794,134,6,2,목
2022-06-02,7호선,면목,17167,16461,33628,706,6,2,목
2022-06-02,7호선,상봉(시외버스터미널),17548,16406,33954,1142,6,2,목
2022-06-02,7호선,중화,11220,10872,22092,348,6,2,목
2022-06-02,7호선,먹골,10573,10164,20737,409,6,2,목
2022-06-02,7호선,태릉입구,9820,9358,19178,462,6,2,목
2022-06-02,7호선,공릉(서울과학기술대),13043,12883,25926,160,6,2,목
2022-06-02,7호선,하계,19200,17896,37096,1304,6,2,목
2022-06-02,7호선,중계,15539,14225,29764,1314,6,2,목
2022-06-02,7호선,노원,19883,21062,40945,-1179,6,2,목
2022-06-02,7호선,마들,13990,13132,27122,858,6,2,목
2022-06-02,7호선,수락산,13242,12945,26187,297,6,2,목
2022-06-02,7호선,도봉산,10470,11905,22375,-1435,6,2,목
2022-06-02,7호선,장암,2356,869,3225,1487,6,2,목
2022-06-02,6호선,봉화산(서울의료원),9651,8881,18532,770,6,2,목
2022-06-02,6호선,화랑대(서울여대입구),13266,10107,23373,3159,6,2,목
2022-06-02,6호선,태릉입구,6446,7018,13464,-572,6,2,목
2022-06-02,6호선,석계,13003,13814,26817,-811,6,2,목
2022-06-02,6호선,돌곶이,10242,9267,19509,975,6,2,목
2022-06-02,6호선,상월곡(한국과학기술연구원),7448,6881,14329,567,6,2,목
2022-06-02,6호선,월곡(동덕여대),13035,12617,25652,418,6,2,목
2022-06-02,6호선,고려대(종암),9487,9159,18646,328,6,2,목
2022-06-02,6호선,안암(고대병원앞),14449,14514,28963,-65,6,2,목
2022-06-02,6호선,보문,7936,7065,15001,871,6,2,목
2022-06-02,6호선,창신,3954,3346,7300,608,6,2,목
2022-06-02,6호선,동묘앞,8351,8553,16904,-202,6,2,목
2022-06-02,6호선,신당,8628,9193,17821,-565,6,2,목
2022-06-02,6호선,청구,3848,3998,7846,-150,6,2,목
2022-06-02,6호선,약수,3952,3850,7802,102,6,2,목
2022-06-02,6호선,버티고개,2385,2261,4646,124,6,2,목
2022-06-02,6호선,한강진,8820,9788,18608,-968,6,2,목
2022-06-02,6호선,이태원,10807,11706,22513,-899,6,2,목
2022-06-02,6호선,녹사평(용산구청),5091,5024,10115,67,6,2,목
2022-06-02,6호선,삼각지,8100,6997,15097,1103,6,2,목
2022-06-02,6호선,효창공원앞,7782,7234,15016,548,6,2,목
2022-06-02,6호선,공덕,20368,19474,39842,894,6,2,목
2022-06-02,6호선,대흥(서강대앞),9252,9685,18937,-433,6,2,목
2022-06-02,6호선,광흥창(서강),10224,9686,19910,538,6,2,목
2022-06-02,6호선,상수,9635,10773,20408,-1138,6,2,목
2022-06-02,6호선,합정,16175,17282,33457,-1107,6,2,목
2022-06-02,6호선,망원,15301,15829,31130,-528,6,2,목
2022-06-02,6호선,마포구청,17720,14730,32450,2990,6,2,목
2022-06-02,6호선,월드컵경기장(성산),26198,43706,69904,-17508,6,2,목
2022-06-02,6호선,디지털미디어시티,20751,17488,38239,3263,6,2,목
2022-06-02,6호선,증산(명지대앞),10736,10340,21076,396,6,2,목
2022-06-02,6호선,새절(신사),14296,13127,27423,1169,6,2,목
2022-06-02,6호선,구산,8459,6033,14492,2426,6,2,목
2022-06-02,6호선,독바위,2895,3061,5956,-166,6,2,목
2022-06-02,6호선,불광,4571,4515,9086,56,6,2,목
2022-06-02,6호선,역촌,3953,4570,8523,-617,6,2,목
2022-06-02,6호선,응암,18774,18080,36854,694,6,2,목
2022-06-02,5호선,하남검단산,6102,5795,11897,307,6,2,목
2022-06-02,5호선,하남시청(덕풍·신장),7392,7113,14505,279,6,2,목
2022-06-02,5호선,하남풍산,4530,4420,8950,110,6,2,목
2022-06-02,5호선,미사,17260,17225,34485,35,6,2,목
2022-06-02,5호선,강일,4811,4456,9267,355,6,2,목
2022-06-02,5호선,마천,7968,7529,15497,439,6,2,목
2022-06-02,5호선,거여,11218,10647,21865,571,6,2,목
2022-06-02,5호선,개롱,7205,7307,14512,-102,6,2,목
2022-06-02,5호선,오금,3963,4133,8096,-170,6,2,목
2022-06-02,5호선,방이,7585,7781,15366,-196,6,2,목
2022-06-02,5호선,올림픽공원(한국체대),5054,4334,9388,720,6,2,목
2022-06-02,5호선,둔촌동,8512,8473,16985,39,6,2,목
2022-06-02,5호선,상일동,16101,14797,30898,1304,6,2,목
2022-06-02,5호선,고덕,10295,10305,20600,-10,6,2,목
2022-06-02,5호선,명일,9435,9586,19021,-151,6,2,목
2022-06-02,5호선,굽은다리(강동구민회관앞),10259,9756,20015,503,6,2,목
2022-06-02,5호선,길동,8346,8604,16950,-258,6,2,목
2022-06-02,5호선,강동,19530,18674,38204,856,6,2,목
2022-06-02,5호선,천호(풍납토성),18635,18707,37342,-72,6,2,목
2022-06-02,5호선,광나루(장신대),14845,13660,28505,1185,6,2,목
2022-06-02,5호선,아차산(어린이대공원후문),15729,14908,30637,821,6,2,목
2022-06-02,5호선,군자(능동),11992,13293,25285,-1301,6,2,목
2022-06-02,5호선,장한평,19745,19389,39134,356,6,2,목
2022-06-02,5호선,답십리,16660,15006,31666,1654,6,2,목
2022-06-02,5호선,마장,6061,5727,11788,334,6,2,목
2022-06-02,5호선,왕십리(성동구청),4680,5273,9953,-593,6,2,목
2022-06-02,5호선,행당,8733,7693,16426,1040,6,2,목
2022-06-02,5호선,신금호,6902,7273,14175,-371,6,2,목
2022-06-02,5호선,청구,4236,3833,8069,403,6,2,목
2022-06-02,5호선,동대문역사문화공원(DDP),3095,3580,6675,-485,6,2,목
2022-06-02,5호선,을지로4가,6670,6783,13453,-113,6,2,목
2022-06-02,5호선,종로3가,13243,12843,26086,400,6,2,목
2022-06-02,5호선,광화문(세종문화회관),32076,33972,66048,-1896,6,2,목
2022-06-02,5호선,서대문,21282,21853,43135,-571,6,2,목
2022-06-02,5호선,충정로(경기대입구),5018,5138,10156,-120,6,2,목
2022-06-02,5호선,애오개,7113,7113,14226,0,6,2,목
2022-06-02,5호선,공덕,15215,16265,31480,-1050,6,2,목
2022-06-02,5호선,마포,15240,15754,30994,-514,6,2,목
2022-06-02,5호선,여의나루,12746,13879,26625,-1133,6,2,목
2022-06-02,5호선,여의도,29730,32144,61874,-2414,6,2,목
2022-06-02,5호선,신길,4391,4566,8957,-175,6,2,목
2022-06-02,5호선,영등포시장,10750,10911,21661,-161,6,2,목
2022-06-02,5호선,영등포구청,4283,4471,8754,-188,6,2,목
2022-06-02,5호선,양평,8008,7884,15892,124,6,2,목
2022-06-02,5호선,오목교(목동운동장앞),22451,23979,46430,-1528,6,2,목
2022-06-02,5호선,목동,18130,19215,37345,-1085,6,2,목
2022-06-02,5호선,신정(은행정),14994,12039,27033,2955,6,2,목
2022-06-02,5호선,까치산,30716,28903,59619,1813,6,2,목
2022-06-02,5호선,화곡,30176,27778,57954,2398,6,2,목
2022-06-02,5호선,우장산,15705,15322,31027,383,6,2,목
2022-06-02,5호선,발산,21509,22374,43883,-865,6,2,목
2022-06-02,5호선,마곡,11310,11446,22756,-136,6,2,목
2022-06-02,5호선,송정,6879,6439,13318,440,6,2,목
2022-06-02,5호선,김포공항,7463,7451,14914,12,6,2,목
2022-06-02,5호선,개화산,6145,5806,11951,339,6,2,목
2022-06-02,5호선,방화,7157,6938,14095,219,6,2,목
2022-06-02,4호선,남태령,1367,1151,2518,216,6,2,목
2022-06-02,4호선,사당,27523,23588,51111,3935,6,2,목
2022-06-02,4호선,총신대입구(이수),20225,21732,41957,-1507,6,2,목
2022-06-02,4호선,동작(현충원),1935,2142,4077,-207,6,2,목
2022-06-02,4호선,이촌(국립중앙박물관),9166,10164,19330,-998,6,2,목
2022-06-02,4호선,신용산,17693,19095,36788,-1402,6,2,목
2022-06-02,4호선,삼각지,5729,6445,12174,-716,6,2,목
2022-06-02,4호선,숙대입구(갈월),15262,14680,29942,582,6,2,목
2022-06-02,4호선,서울역,12505,18754,31259,-6249,6,2,목
2022-06-02,4호선,회현(남대문시장),27299,28803,56102,-1504,6,2,목
2022-06-02,4호선,명동,22115,23070,45185,-955,6,2,목
2022-06-02,4호선,충무로,30177,31527,61704,-1350,6,2,목
2022-06-02,4호선,동대문역사문화공원(DDP),15957,14600,30557,1357,6,2,목
2022-06-02,4호선,동대문,21500,22079,43579,-579,6,2,목
2022-06-02,4호선,혜화,34236,34502,68738,-266,6,2,목
2022-06-02,4호선,한성대입구(삼선교),15518,14991,30509,527,6,2,목
2022-06-02,4호선,성신여대입구(돈암),21839,20600,42439,1239,6,2,목
2022-06-02,4호선,길음,23701,23591,47292,110,6,2,목
2022-06-02,4호선,미아사거리,28600,27533,56133,1067,6,2,목
2022-06-02,4호선,미아(서울사이버대학),16224,15596,31820,628,6,2,목
2022-06-02,4호선,수유(강북구청),35394,35091,70485,303,6,2,목
2022-06-02,4호선,쌍문,30754,28051,58805,2703,6,2,목
2022-06-02,4호선,창동,26602,28035,54637,-1433,6,2,목
2022-06-02,4호선,노원,19489,22187,41676,-2698,6,2,목
2022-06-02,4호선,상계,20709,19171,39880,1538,6,2,목
2022-06-02,4호선,당고개,9503,8432,17935,1071,6,2,목
2022-06-02,3호선,오금,6742,6039,12781,703,6,2,목
2022-06-02,3호선,경찰병원,7555,7550,15105,5,6,2,목
2022-06-02,3호선,가락시장,9478,9266,18744,212,6,2,목
2022-06-02,3호선,수서,17829,18292,36121,-463,6,2,목
2022-06-02,3호선,일원,11772,11312,23084,460,6,2,목
2022-06-02,3호선,대청,11173,10162,21335,1011,6,2,목
2022-06-02,3호선,학여울,3653,3592,7245,61,6,2,목
2022-06-02,3호선,대치,11781,12041,23822,-260,6,2,목
2022-06-02,중앙선,오빈,369,360,729,9,6,2,목
2022-06-02,3호선,도곡,5581,5613,11194,-32,6,2,목
2022-06-02,3호선,매봉,13455,12911,26366,544,6,2,목
2022-06-02,3호선,양재(서초구청),39373,43272,82645,-3899,6,2,목
2022-06-02,3호선,남부터미널(예술의전당),31079,31365,62444,-286,6,2,목
2022-06-02,3호선,교대(법원.검찰청),15617,10082,25699,5535,6,2,목
2022-06-02,3호선,고속터미널,42714,40578,83292,2136,6,2,목
2022-06-02,3호선,잠원,5167,5107,10274,60,6,2,목
2022-06-02,3호선,신사,29578,31213,60791,-1635,6,2,목
2022-06-02,3호선,압구정,33086,35635,68721,-2549,6,2,목
2022-06-02,3호선,옥수,9600,9850,19450,-250,6,2,목
2022-06-02,3호선,금호,8406,7726,16132,680,6,2,목
2022-06-02,3호선,약수,13913,13544,27457,369,6,2,목
2022-06-02,3호선,동대입구,9992,10890,20882,-898,6,2,목
2022-06-02,3호선,을지로3가,11070,11460,22530,-390,6,2,목
2022-06-02,3호선,종로3가,10559,12137,22696,-1578,6,2,목
2022-06-02,3호선,안국,25638,26159,51797,-521,6,2,목
2022-06-02,3호선,경복궁(정부서울청사),29141,30534,59675,-1393,6,2,목
2022-06-02,3호선,독립문,7584,7892,15476,-308,6,2,목
2022-06-02,3호선,무악재,4352,4343,8695,9,6,2,목
2022-06-02,3호선,홍제,19230,18037,37267,1193,6,2,목
2022-06-02,3호선,녹번,16848,15084,31932,1764,6,2,목
2022-06-02,3호선,불광,17417,18613,36030,-1196,6,2,목
2022-06-02,3호선,연신내,38666,36311,74977,2355,6,2,목
2022-06-02,3호선,구파발,22308,21529,43837,779,6,2,목
2022-06-02,3호선,지축,5698,5215,10913,483,6,2,목
2022-06-02,2호선,용두(동대문구청),2424,2414,4838,10,6,2,목
2022-06-02,2호선,신정네거리,11296,11348,22644,-52,6,2,목
2022-06-02,2호선,양천구청,7364,7618,14982,-254,6,2,목
2022-06-02,2호선,도림천,1430,1534,2964,-104,6,2,목
2022-06-02,2호선,신설동,3412,3356,6768,56,6,2,목
2022-06-02,2호선,신답,1773,1971,3744,-198,6,2,목
2022-06-02,2호선,충정로(경기대입구),10287,10948,21235,-661,6,2,목
2022-06-02,2호선,아현,11290,10841,22131,449,6,2,목
2022-06-02,2호선,이대,14985,15995,30980,-1010,6,2,목
2022-06-02,2호선,신촌,35515,36719,72234,-1204,6,2,목
2022-06-02,2호선,홍대입구,57085,61122,118207,-4037,6,2,목
2022-06-02,2호선,합정,33614,36347,69961,-2733,6,2,목
2022-06-02,2호선,당산,20134,23375,43509,-3241,6,2,목
2022-06-02,2호선,영등포구청,23233,24051,47284,-818,6,2,목
2022-06-02,2호선,문래,23269,23745,47014,-476,6,2,목
2022-06-02,2호선,신도림,50362,50772,101134,-410,6,2,목
2022-06-02,2호선,대림(구로구청),25418,25726,51144,-308,6,2,목
2022-06-02,2호선,구로디지털단지,62805,62428,125233,377,6,2,목
2022-06-02,2호선,신대방,27271,26322,53593,949,6,2,목
2022-06-02,2호선,신림,62167,58899,121066,3268,6,2,목
2022-06-02,2호선,봉천,25164,23203,48367,1961,6,2,목
2022-06-02,2호선,서울대입구(관악구청),48909,47746,96655,1163,6,2,목
2022-06-02,2호선,낙성대(강감찬),28478,27861,56339,617,6,2,목
2022-06-02,2호선,사당,40153,44282,84435,-4129,6,2,목
2022-06-02,2호선,방배,20223,20909,41132,-686,6,2,목
2022-06-02,2호선,서초,22895,22171,45066,724,6,2,목
2022-06-02,2호선,교대(법원.검찰청),35841,40838,76679,-4997,6,2,목
2022-06-02,2호선,강남,83414,82740,166154,674,6,2,목
2022-06-02,2호선,역삼,54824,62675,117499,-7851,6,2,목
2022-06-02,2호선,선릉,60909,54151,115060,6758,6,2,목
2022-06-02,2호선,삼성(무역센터),57890,58955,116845,-1065,6,2,목
2022-06-02,2호선,종합운동장,13748,15216,28964,-1468,6,2,목
2022-06-02,2호선,잠실새내,22476,22443,44919,33,6,2,목
2022-06-02,2호선,잠실(송파구청),72605,72806,145411,-201,6,2,목
2022-06-02,2호선,잠실나루,15975,15401,31376,574,6,2,목
2022-06-02,2호선,강변(동서울터미널),33238,30436,63674,2802,6,2,목
2022-06-02,2호선,구의(광진구청),24734,24105,48839,629,6,2,목
2022-06-02,2호선,건대입구,35815,37964,73779,-2149,6,2,목
2022-06-02,2호선,성수,37915,41939,79854,-4024,6,2,목
2022-06-02,2호선,뚝섬,22456,24411,46867,-1955,6,2,목
2022-06-02,2호선,한양대,14744,16485,31229,-1741,6,2,목
2022-06-02,2호선,왕십리(성동구청),17427,13986,31413,3441,6,2,목
2022-06-02,2호선,상왕십리,15047,14634,29681,413,6,2,목
2022-06-02,2호선,신당,14577,14951,29528,-374,6,2,목
2022-06-02,2호선,동대문역사문화공원(DDP),12833,14548,27381,-1715,6,2,목
2022-06-02,2호선,을지로4가,13698,13724,27422,-26,6,2,목
2022-06-02,2호선,을지로3가,24248,24206,48454,42,6,2,목
2022-06-02,2호선,을지로입구,42596,44419,87015,-1823,6,2,목
2022-06-02,2호선,시청,25115,24570,49685,545,6,2,목
2022-06-02,1호선,동묘앞,8358,8815,17173,-457,6,2,목
2022-06-02,1호선,청량리(서울시립대입구),20968,20930,41898,38,6,2,목
2022-06-02,1호선,제기동,17684,17859,35543,-175,6,2,목
2022-06-02,1호선,신설동,14522,14208,28730,314,6,2,목
2022-06-02,1호선,동대문,11251,10754,22005,497,6,2,목
2022-06-02,1호선,종로5가,24155,23994,48149,161,6,2,목
2022-06-02,1호선,종로3가,26535,24028,50563,2507,6,2,목
2022-06-02,1호선,종각,37924,37450,75374,474,6,2,목
2022-06-02,1호선,시청,24949,25417,50366,-468,6,2,목
2022-06-02,1호선,서울역,47618,46920,94538,698,6,2,목
2022-06-02,9호선,증미,7834,7670,15504,164,6,2,목
2022-06-02,경춘선,청평,1902,1780,3682,122,6,2,목
2022-06-02,중앙선,아신,596,604,1200,-8,6,2,목
2022-06-02,중앙선,국수,854,882,1736,-28,6,2,목
2022-06-02,수인선,인하대,8076,7746,15822,330,6,2,목
2022-06-02,수인선,숭의,4481,4097,8578,384,6,2,목
2022-06-02,수인선,신포,1987,1993,3980,-6,6,2,목
2022-06-02,수인선,인천,1288,1931,3219,-643,6,2,목
2022-06-02,신림선,샛강,2227,2801,5028,-574,6,2,목
2022-06-02,신림선,대방,1569,1108,2677,461,6,2,목
2022-06-02,신림선,서울지방병무청,1971,2095,4066,-124,6,2,목
2022-06-02,신림선,보라매,2500,2172,4672,328,6,2,목
2022-06-02,신림선,보라매공원,1588,1830,3418,-242,6,2,목
2022-06-02,신림선,보라매병원,5604,5470,11074,134,6,2,목
2022-06-02,신림선,당곡,3027,2879,5906,148,6,2,목
2022-06-02,신림선,신림,1710,2112,3822,-402,6,2,목
2022-06-02,신림선,서원,2310,2190,4500,120,6,2,목
2022-06-02,신림선,서울대벤처타운,5566,5764,11330,-198,6,2,목
2022-06-02,신림선,관악산(서울대),3503,3520,7023,-17,6,2,목
2022-06-02,안산선,산본,17119,18365,35484,-1246,6,2,목
2022-06-02,안산선,대야미,5498,4969,10467,529,6,2,목
2022-06-02,안산선,반월,4759,4616,9375,143,6,2,목
2022-06-02,안산선,상록수,17752,17815,35567,-63,6,2,목
2022-06-02,안산선,한대앞,11371,11453,22824,-82,6,2,목
2022-06-02,안산선,중앙,19814,20484,40298,-670,6,2,목
2022-06-02,중앙선,신원,236,191,427,45,6,2,목
2022-06-02,중앙선,양수,2157,2103,4260,54,6,2,목
2022-06-02,중앙선,운길산,950,957,1907,-7,6,2,목
2022-06-02,중앙선,팔당,935,1035,1970,-100,6,2,목
2022-06-02,중앙선,도심,2785,2174,4959,611,6,2,목
2022-06-02,중앙선,덕소,6082,6028,12110,54,6,2,목
2022-06-02,중앙선,양정,779,654,1433,125,6,2,목
2022-06-02,중앙선,도농,12690,11180,23870,1510,6,2,목
2022-06-02,중앙선,구리,14455,14671,29126,-216,6,2,목
2022-06-02,중앙선,양원,3336,3211,6547,125,6,2,목
2022-06-02,중앙선,망우,8429,8184,16613,245,6,2,목
2022-06-02,중앙선,상봉(시외버스터미널),6051,6165,12216,-114,6,2,목
2022-06-02,중앙선,중랑,6044,5625,11669,419,6,2,목
2022-06-02,중앙선,회기,27138,26112,53250,1026,6,2,목
2022-06-02,장항선,신창(순천향대),3172,2903,6075,269,6,2,목
2022-06-02,장항선,온양온천,3911,4018,7929,-107,6,2,목
2022-06-02,장항선,배방,1308,1272,2580,36,6,2,목
2022-06-02,장항선,탕정,991,816,1807,175,6,2,목
2022-06-02,장항선,아산,4062,3778,7840,284,6,2,목
2022-06-02,장항선,쌍용(나사렛대),3349,3071,6420,278,6,2,목
2022-06-02,안산선,고잔,9981,9423,19404,558,6,2,목
2022-06-02,2호선,용답,3220,3352,6572,-132,6,2,목
2022-06-02,경원선,녹양,5021,4672,9693,349,6,2,목
2022-06-02,경원선,양주,8841,8058,16899,783,6,2,목
2022-06-02,경원선,덕계,3841,3356,7197,485,6,2,목
2022-06-02,경원선,덕정,6943,6711,13654,232,6,2,목
2022-06-02,경원선,지행,7364,7458,14822,-94,6,2,목
2022-06-02,경원선,동두천중앙,3424,3260,6684,164,6,2,목
2022-06-02,경원선,보산,1710,1565,3275,145,6,2,목
2022-06-02,경원선,동두천,2879,3037,5916,-158,6,2,목
2022-06-02,경원선,소요산,2787,2384,5171,403,6,2,목
2022-06-02,경의선,서울역,5213,6671,11884,-1458,6,2,목
2022-06-02,경의선,신촌,976,1290,2266,-314,6,2,목
2022-06-02,경의선,효창공원앞,3408,3757,7165,-349,6,2,목
2022-06-02,경의선,공덕,3799,3539,7338,260,6,2,목
2022-06-02,경의선,서강대,2386,2506,4892,-120,6,2,목
2022-06-02,경의선,홍대입구,1895,2188,4083,-293,6,2,목
2022-06-02,경의선,가좌,6146,5736,11882,410,6,2,목
2022-06-02,경의선,디지털미디어시티,3283,3228,6511,55,6,2,목
2022-06-03,2호선,문래,23188,24261,47449,-1073,6,3,금
2022-06-03,2호선,신도림,52183,53411,105594,-1228,6,3,금
2022-06-03,2호선,대림(구로구청),25769,26015,51784,-246,6,3,금
2022-06-03,2호선,구로디지털단지,63057,62315,125372,742,6,3,금
2022-06-03,2호선,신대방,27921,26147,54068,1774,6,3,금
2022-06-03,2호선,신림,63823,59941,123764,3882,6,3,금
2022-06-03,2호선,봉천,25551,22503,48054,3048,6,3,금
2022-06-03,2호선,서울대입구(관악구청),50865,48357,99222,2508,6,3,금
2022-06-03,2호선,낙성대(강감찬),29572,27076,56648,2496,6,3,금
2022-06-03,2호선,사당,42690,47773,90463,-5083,6,3,금
2022-06-03,2호선,방배,19886,20365,40251,-479,6,3,금
2022-06-03,2호선,서초,22411,21308,43719,1103,6,3,금
2022-06-03,2호선,교대(법원.검찰청),36008,41600,77608,-5592,6,3,금
2022-06-03,2호선,강남,88110,89125,177235,-1015,6,3,금
2022-06-03,2호선,역삼,52995,60280,113275,-7285,6,3,금
2022-06-03,2호선,선릉,59891,53153,113044,6738,6,3,금
2022-06-03,2호선,삼성(무역센터),58794,59827,118621,-1033,6,3,금
2022-06-03,2호선,종합운동장,12217,13825,26042,-1608,6,3,금
2022-06-03,2호선,잠실새내,23461,23697,47158,-236,6,3,금
2022-06-03,2호선,잠실(송파구청),78280,78001,156281,279,6,3,금
2022-06-03,2호선,잠실나루,16259,15393,31652,866,6,3,금
2022-06-03,2호선,강변(동서울터미널),36318,37436,73754,-1118,6,3,금
2022-06-03,2호선,구의(광진구청),25307,24120,49427,1187,6,3,금
2022-06-03,2호선,건대입구,38326,42706,81032,-4380,6,3,금
2022-06-03,2호선,성수,39206,43879,83085,-4673,6,3,금
2022-06-03,2호선,뚝섬,24728,26332,51060,-1604,6,3,금
2022-06-03,2호선,한양대,12627,13797,26424,-1170,6,3,금
2022-06-03,2호선,왕십리(성동구청),18165,14860,33025,3305,6,3,금
2022-06-03,2호선,상왕십리,15614,14669,30283,945,6,3,금
2022-06-03,2호선,신당,15416,15563,30979,-147,6,3,금
2022-06-03,2호선,동대문역사문화공원(DDP),13598,14871,28469,-1273,6,3,금
2022-06-03,경부선,서정리,9266,7703,16969,1563,6,3,금
2022-06-03,2호선,을지로4가,14233,14273,28506,-40,6,3,금
2022-06-03,2호선,을지로3가,24718,25645,50363,-927,6,3,금
2022-06-03,2호선,을지로입구,42547,45100,87647,-2553,6,3,금
2022-06-03,2호선,시청,24941,24296,49237,645,6,3,금
2022-06-03,1호선,동묘앞,8887,9068,17955,-181,6,3,금
2022-06-03,1호선,청량리(서울시립대입구),21689,21683,43372,6,6,3,금
2022-06-03,1호선,제기동,17962,18342,36304,-380,6,3,금
2022-06-03,1호선,신설동,15061,14364,29425,697,6,3,금
2022-06-03,1호선,동대문,11770,10500,22270,1270,6,3,금
2022-06-03,1호선,종로5가,25609,25682,51291,-73,6,3,금
2022-06-03,1호선,종로3가,28464,26557,55021,1907,6,3,금
2022-06-03,1호선,종각,39350,38906,78256,444,6,3,금
2022-06-03,1호선,시청,25245,25818,51063,-573,6,3,금
2022-06-03,1호선,서울역,53042,55340,108382,-2298,6,3,금
2022-06-03,중앙선,지평,72,97,169,-25,6,3,금
2022-06-03,중앙선,용문,2073,2283,4356,-210,6,3,금
2022-06-03,중앙선,원덕,443,419,862,24,6,3,금
2022-06-03,중앙선,양평,4272,4684,8956,-412,6,3,금
2022-06-03,중앙선,오빈,351,345,696,6,6,3,금
2022-06-03,중앙선,아신,662,675,1337,-13,6,3,금
2022-06-03,중앙선,국수,938,933,1871,5,6,3,금
2022-06-03,중앙선,신원,236,220,456,16,6,3,금
2022-06-03,중앙선,양수,2214,2264,4478,-50,6,3,금
2022-06-03,중앙선,운길산,1015,947,1962,68,6,3,금
2022-06-03,중앙선,팔당,949,1046,1995,-97,6,3,금
2022-06-03,중앙선,도심,2825,2185,5010,640,6,3,금
2022-06-03,중앙선,덕소,6283,6317,12600,-34,6,3,금
2022-06-03,중앙선,양정,747,635,1382,112,6,3,금
2022-06-03,중앙선,도농,12119,10939,23058,1180,6,3,금
2022-06-03,2호선,당산,19991,23358,43349,-3367,6,3,금
2022-06-03,2호선,합정,33976,37383,71359,-3407,6,3,금
2022-06-03,5호선,신정(은행정),15185,11748,26933,3437,6,3,금
2022-06-03,5호선,목동,18630,19485,38115,-855,6,3,금
2022-06-03,5호선,오목교(목동운동장앞),23447,25212,48659,-1765,6,3,금
2022-06-03,5호선,양평,7941,7577,15518,364,6,3,금
2022-06-03,5호선,김포공항,8670,8602,17272,68,6,3,금
2022-06-03,5호선,송정,7214,6685,13899,529,6,3,금
2022-06-03,5호선,마곡,11360,11256,22616,104,6,3,금
2022-06-03,5호선,발산,21475,22592,44067,-1117,6,3,금
2022-06-03,5호선,우장산,16023,15416,31439,607,6,3,금
2022-06-03,5호선,화곡,30858,27930,58788,2928,6,3,금
2022-06-03,5호선,까치산,31207,28723,59930,2484,6,3,금
2022-06-03,중앙선,구리,14842,15041,29883,-199,6,3,금
2022-06-03,중앙선,양원,3542,3284,6826,258,6,3,금
2022-06-03,중앙선,망우,8820,8538,17358,282,6,3,금
2022-06-03,중앙선,상봉(시외버스터미널),6482,6444,12926,38,6,3,금
2022-06-03,중앙선,중랑,6366,5786,12152,580,6,3,금
2022-06-03,중앙선,회기,28385,26403,54788,1982,6,3,금
2022-06-03,장항선,신창(순천향대),2924,2136,5060,788,6,3,금
2022-06-03,장항선,온양온천,4246,4578,8824,-332,6,3,금
2022-06-03,장항선,배방,1442,1331,2773,111,6,3,금
2022-06-03,장항선,탕정,1063,860,1923,203,6,3,금
2022-06-03,장항선,아산,4617,4611,9228,6,6,3,금
2022-06-03,장항선,쌍용(나사렛대),3138,2645,5783,493,6,3,금
2022-06-03,장항선,봉명,1422,1343,2765,79,6,3,금
2022-06-03,일산선,대화,14753,11531,26284,3222,6,3,금
2022-06-03,일산선,주엽,10391,10577,20968,-186,6,3,금
2022-06-03,일산선,정발산,8287,8718,17005,-431,6,3,금
2022-06-03,일산선,마두,8338,8599,16937,-261,6,3,금
2022-06-03,일산선,백석,10907,10726,21633,181,6,3,금
2022-06-03,일산선,대곡,2484,1945,4429,539,6,3,금
2022-06-03,일산선,화정,18888,19177,38065,-289,6,3,금
2022-06-03,일산선,원당,12459,11429,23888,1030,6,3,금
2022-06-03,일산선,삼송,21814,20817,42631,997,6,3,금
2022-06-03,일산선,지축,2,0,2,2,6,3,금
2022-06-03,일산선,원흥,12235,11409,23644,826,6,3,금
2022-06-03,우이신설선,신설동,2342,2338,4680,4,6,3,금
2022-06-03,우이신설선,보문,1706,1753,3459,-47,6,3,금
2022-06-03,우이신설선,성신여대입구(돈암),3549,4123,7672,-574,6,3,금
2022-06-03,우이신설선,정릉,5359,4646,10005,713,6,3,금
2022-06-03,우이신설선,북한산보국문,6734,6045,12779,689,6,3,금
2022-06-03,우이신설선,솔샘,6320,5688,12008,632,6,3,금
2022-06-03,우이신설선,삼양사거리,2691,2639,5330,52,6,3,금
2022-06-03,우이신설선,삼양,2080,2145,4225,-65,6,3,금
2022-06-03,우이신설선,화계,3756,3373,7129,383,6,3,금
2022-06-03,우이신설선,가오리,4626,4322,8948,304,6,3,금
2022-06-03,우이신설선,4.19민주묘지,3825,3705,7530,120,6,3,금
2022-06-03,우이신설선,솔밭공원,2714,2579,5293,135,6,3,금
2022-06-03,우이신설선,북한산우이,2993,2791,5784,202,6,3,금
2022-06-03,안산선,수리산,4711,3777,8488,934,6,3,금
2022-06-03,안산선,오이도,9598,9680,19278,-82,6,3,금
2022-06-03,안산선,정왕,11492,11015,22507,477,6,3,금
2022-06-03,안산선,신길온천,1977,1805,3782,172,6,3,금
2022-06-03,안산선,안산,12899,11799,24698,1100,6,3,금
2022-06-03,안산선,초지,5591,5885,11476,-294,6,3,금
2022-06-03,안산선,고잔,9998,9594,19592,404,6,3,금
2022-06-03,안산선,중앙,20081,22048,42129,-1967,6,3,금
2022-06-03,안산선,한대앞,11409,11337,22746,72,6,3,금
2022-06-03,5호선,종로3가,14153,15060,29213,-907,6,3,금
2022-06-03,안산선,상록수,17932,17764,35696,168,6,3,금
2022-06-03,안산선,반월,4981,4689,9670,292,6,3,금
2022-06-03,안산선,대야미,5830,5040,10870,790,6,3,금
2022-06-03,안산선,산본,18004,19512,37516,-1508,6,3,금
2022-06-03,신림선,관악산(서울대),3390,3294,6684,96,6,3,금
2022-06-03,신림선,서울대벤처타운,6006,6088,12094,-82,6,3,금
2022-06-03,신림선,서원,2561,2181,4742,380,6,3,금
2022-06-03,신림선,당곡,3315,3033,6348,282,6,3,금
2022-06-03,신림선,보라매병원,5395,5269,10664,126,6,3,금
2022-06-03,신림선,보라매공원,1726,1926,3652,-200,6,3,금
2022-06-03,신림선,보라매,2661,2303,4964,358,6,3,금
2022-06-03,신림선,서울지방병무청,2084,2193,4277,-109,6,3,금
2022-06-03,신림선,대방,1740,1176,2916,564,6,3,금
2022-06-03,신림선,샛강,2339,3127,5466,-788,6,3,금
2022-06-03,수인선,인천,1215,2042,3257,-827,6,3,금
2022-06-03,수인선,신포,2016,2040,4056,-24,6,3,금
2022-06-03,수인선,숭의,4436,4056,8492,380,6,3,금
2022-06-03,수인선,인하대,7672,7014,14686,658,6,3,금
2022-06-03,수인선,송도,2737,2546,5283,191,6,3,금
2022-06-03,수인선,연수,5419,5429,10848,-10,6,3,금
2022-06-03,수인선,원인재,4896,5113,10009,-217,6,3,금
2022-06-03,수인선,남동인더스파크,2236,2516,4752,-280,6,3,금
2022-06-03,수인선,호구포,4538,4689,9227,-151,6,3,금
2022-06-03,수인선,인천논현,6088,6631,12719,-543,6,3,금
2022-06-03,수인선,소래포구,6769,6411,13180,358,6,3,금
2022-06-03,수인선,월곶,3168,2962,6130,206,6,3,금
2022-06-03,수인선,달월,138,90,228,48,6,3,금
2022-06-03,수인선,사리,5648,4886,10534,762,6,3,금
2022-06-03,수인선,야목,480,361,841,119,6,3,금
2022-06-03,수인선,어천,964,943,1907,21,6,3,금
2022-06-03,수인선,오목천,4448,3695,8143,753,6,3,금
2022-06-03,수인선,고색,5441,5107,10548,334,6,3,금
2022-06-03,분당선,매교,3412,3369,6781,43,6,3,금
2022-06-03,분당선,수원시청,14469,16908,31377,-2439,6,3,금
2022-06-03,분당선,매탄권선,5998,5578,11576,420,6,3,금
2022-06-03,분당선,망포,16533,15084,31617,1449,6,3,금
2022-06-03,분당선,영통,9651,9808,19459,-157,6,3,금
2022-06-03,분당선,청명,4835,4707,9542,128,6,3,금
2022-06-03,분당선,상갈,6117,5833,11950,284,6,3,금
2022-06-03,분당선,기흥,11263,10708,21971,555,6,3,금
2022-06-03,분당선,신갈,4989,4845,9834,144,6,3,금
2022-06-03,분당선,구성,5693,5837,11530,-144,6,3,금
2022-06-03,분당선,죽전,15684,16900,32584,-1216,6,3,금
2022-06-03,분당선,보정,2974,2549,5523,425,6,3,금
2022-06-03,분당선,이매,6553,6083,12636,470,6,3,금
2022-06-03,분당선,오리,12978,10526,23504,2452,6,3,금
2022-06-03,분당선,미금,17383,18336,35719,-953,6,3,금
2022-06-03,분당선,정자,19627,21029,40656,-1402,6,3,금
2022-06-03,분당선,수내,14753,14592,29345,161,6,3,금
2022-06-03,분당선,서현,27346,27939,55285,-593,6,3,금
2022-06-03,분당선,야탑,29216,30744,59960,-1528,6,3,금
2022-06-03,분당선,모란,22041,22180,44221,-139,6,3,금
2022-06-03,분당선,태평,14611,14072,28683,539,6,3,금
2022-06-03,분당선,가천대,11890,12005,23895,-115,6,3,금
2022-06-03,분당선,선정릉,8055,8763,16818,-708,6,3,금
2022-06-03,분당선,강남구청,10371,12159,22530,-1788,6,3,금
2022-06-03,분당선,압구정로데오,21047,25179,46226,-4132,6,3,금
2022-06-03,분당선,서울숲,12828,13239,26067,-411,6,3,금
2022-06-03,분당선,수원,9326,8109,17435,1217,6,3,금
2022-06-03,분당선,복정,2,0,2,2,6,3,금
2022-06-03,분당선,수서,15492,16678,32170,-1186,6,3,금
2022-06-03,분당선,대모산입구,5018,4497,9515,521,6,3,금
2022-06-03,분당선,개포동,4352,4546,8898,-194,6,3,금
2022-06-03,분당선,구룡,2247,2029,4276,218,6,3,금
2022-06-03,분당선,도곡,7578,7374,14952,204,6,3,금
2022-06-03,분당선,한티,15964,16920,32884,-956,6,3,금
2022-06-03,분당선,선릉,14122,21596,35718,-7474,6,3,금
2022-06-03,과천선,범계,29491,29769,59260,-278,6,3,금
2022-06-03,과천선,평촌,19280,18942,38222,338,6,3,금
2022-06-03,과천선,인덕원,27139,27800,54939,-661,6,3,금
2022-06-03,과천선,정부과천청사,11760,11462,23222,298,6,3,금
2022-06-03,과천선,과천,7284,6498,13782,786,6,3,금
2022-06-03,과천선,대공원,8174,8294,16468,-120,6,3,금
2022-06-03,과천선,경마공원,7702,7815,15517,-113,6,3,금
2022-06-03,과천선,선바위,9271,7947,17218,1324,6,3,금
2022-06-03,공항철도 1호선,영종,3610,3768,7378,-158,6,3,금
2022-06-03,공항철도 1호선,인천공항2터미널,3241,2730,5971,511,6,3,금
2022-06-03,공항철도 1호선,인천공항1터미널,6466,6221,12687,245,6,3,금
2022-06-03,공항철도 1호선,공항화물청사,2405,2534,4939,-129,6,3,금
2022-06-03,공항철도 1호선,운서,8043,8029,16072,14,6,3,금
2022-06-03,공항철도 1호선,청라국제도시,8084,7704,15788,380,6,3,금
2022-06-03,경춘선,강촌,460,557,1017,-97,6,3,금
2022-06-03,경춘선,백양리,95,117,212,-22,6,3,금
2022-06-03,경춘선,굴봉산,156,152,308,4,6,3,금
2022-06-03,경춘선,가평,2033,2265,4298,-232,6,3,금
2022-06-03,경춘선,상천,371,353,724,18,6,3,금
2022-06-03,경춘선,청평,1900,2229,4129,-329,6,3,금
2022-06-03,경춘선,대성리,731,1337,2068,-606,6,3,금
2022-06-03,경춘선,마석,4781,4879,9660,-98,6,3,금
2022-06-03,경춘선,천마산,1906,1716,3622,190,6,3,금
2022-06-03,경춘선,평내호평,7110,6945,14055,165,6,3,금
2022-06-03,경춘선,금곡,1728,1608,3336,120,6,3,금
2022-06-03,경춘선,사릉,2758,2701,5459,57,6,3,금
2022-06-03,경춘선,퇴계원,3829,3688,7517,141,6,3,금
2022-06-03,경춘선,별내,3545,3410,6955,135,6,3,금
2022-06-03,경춘선,갈매,3407,2997,6404,410,6,3,금
2022-06-03,경춘선,신내,2518,2341,4859,177,6,3,금
2022-06-03,경인선,도화,4857,4344,9201,513,6,3,금
2022-06-03,경의선,월롱,3458,2652,6110,806,6,3,금
2022-06-03,경의선,금촌,7334,7102,14436,232,6,3,금
2022-06-03,경의선,금릉,5653,5508,11161,145,6,3,금
2022-06-03,경의선,운정,8071,7467,15538,604,6,3,금
2022-06-03,경의선,야당,8800,9112,17912,-312,6,3,금
2022-06-03,경의선,탄현,8732,8280,17012,452,6,3,금
2022-06-03,경의선,일산,11816,11637,23453,179,6,3,금
2022-06-03,경의선,풍산,6387,6101,12488,286,6,3,금
2022-06-03,경의선,백마,7851,7607,15458,244,6,3,금
2022-06-03,경의선,곡산,701,736,1437,-35,6,3,금
2022-06-03,경의선,능곡,4410,4012,8422,398,6,3,금
2022-06-03,경의선,행신,9203,9477,18680,-274,6,3,금
2022-06-03,경의선,강매,3723,3101,6824,622,6,3,금
2022-06-03,경의선,화전,3100,2783,5883,317,6,3,금
2022-06-03,경의선,수색,3176,3167,6343,9,6,3,금
2022-06-03,경의선,디지털미디어시티,2945,2711,5656,234,6,3,금
2022-06-03,경의선,가좌,6320,5838,12158,482,6,3,금
2022-06-03,경의선,홍대입구,2030,2534,4564,-504,6,3,금
2022-06-03,경의선,서강대,2538,2359,4897,179,6,3,금
2022-06-03,경의선,공덕,3900,3658,7558,242,6,3,금
2022-06-03,경의선,효창공원앞,3183,3643,6826,-460,6,3,금
2022-06-03,경의선,신촌,1002,1324,2326,-322,6,3,금
2022-06-03,경의선,서울역,5122,6886,12008,-1764,6,3,금
2022-06-03,경원선,소요산,3009,2694,5703,315,6,3,금
2022-06-03,경원선,동두천,2708,2816,5524,-108,6,3,금
2022-06-03,경원선,보산,2116,1703,3819,413,6,3,금
2022-06-03,경원선,동두천중앙,3539,3426,6965,113,6,3,금
2022-06-03,경원선,지행,7799,7681,15480,118,6,3,금
2022-06-03,경원선,덕정,6819,6403,13222,416,6,3,금
2022-06-03,경원선,덕계,3771,3351,7122,420,6,3,금
2022-06-03,경원선,양주,8715,8094,16809,621,6,3,금
2022-06-03,경원선,녹양,5149,4841,9990,308,6,3,금
2022-06-03,경원선,가능,7578,7062,14640,516,6,3,금
2022-06-03,경원선,의정부,20323,21828,42151,-1505,6,3,금
2022-06-03,경원선,회룡,14127,14010,28137,117,6,3,금
2022-06-03,경원선,망월사,9289,9242,18531,47,6,3,금
2022-06-03,경원선,도봉산,8630,5648,14278,2982,6,3,금
2022-06-03,경원선,도봉,6554,6181,12735,373,6,3,금
2022-06-03,경원선,방학,10923,10542,21465,381,6,3,금
2022-06-03,경원선,녹천,5030,4122,9152,908,6,3,금
2022-06-03,경원선,월계,8820,7939,16759,881,6,3,금
2022-06-03,경원선,광운대,8989,8613,17602,376,6,3,금
2022-06-03,경원선,석계,9246,10136,19382,-890,6,3,금
2022-06-03,경원선,신이문,9164,8377,17541,787,6,3,금
2022-06-03,경원선,외대앞,9385,9112,18497,273,6,3,금
2022-06-03,경원선,청량리(서울시립대입구),18837,19888,38725,-1051,6,3,금
2022-06-03,경원선,왕십리(성동구청),16235,17585,33820,-1350,6,3,금
2022-06-03,경원선,응봉,2190,1813,4003,377,6,3,금
2022-06-03,경원선,옥수,61,43,104,18,6,3,금
2022-06-03,경원선,한남,4489,4327,8816,162,6,3,금
2022-06-03,경원선,서빙고,2365,2077,4442,288,6,3,금
2022-06-03,경원선,이촌(국립중앙박물관),4381,3202,7583,1179,6,3,금
2022-06-03,경부선,광명,4162,4115,8277,47,6,3,금
2022-06-03,경부선,서동탄,1571,1433,3004,138,6,3,금
2022-06-03,경부선,당정,7722,7202,14924,520,6,3,금
2022-06-03,경부선,천안,7593,7439,15032,154,6,3,금
2022-06-03,경부선,두정,8328,7843,16171,485,6,3,금
2022-06-03,경부선,직산,1041,973,2014,68,6,3,금
2022-06-03,경부선,성환,5418,4651,10069,767,6,3,금
2022-06-03,경부선,평택,15639,15247,30886,392,6,3,금
2022-06-03,경부선,평택지제,4784,4420,9204,364,6,3,금
2022-06-03,경부선,송탄,5415,4738,10153,677,6,3,금
2022-06-03,경부선,진위,2121,1757,3878,364,6,3,금
2022-06-03,경부선,오산,12023,11800,23823,223,6,3,금
2022-06-03,경부선,오산대,4541,4155,8696,386,6,3,금
2022-06-03,경부선,세마,3253,3073,6326,180,6,3,금
2022-06-03,경부선,병점,17473,17160,34633,313,6,3,금
2022-06-03,경부선,세류,3509,3284,6793,225,6,3,금
2022-06-03,경부선,독산,19994,20470,40464,-476,6,3,금
2022-06-03,경부선,수원,41277,45633,86910,-4356,6,3,금
2022-06-03,경부선,화서,9126,8849,17975,277,6,3,금
2022-06-03,경부선,성균관대,17103,16685,33788,418,6,3,금
2022-06-03,경부선,의왕,10162,9888,20050,274,6,3,금
2022-06-03,경부선,군포,8249,8040,16289,209,6,3,금
2022-06-03,경부선,금정,29724,29827,59551,-103,6,3,금
2022-06-03,경부선,명학,10050,9713,19763,337,6,3,금
2022-06-03,경부선,안양,28047,27825,55872,222,6,3,금
2022-06-03,경강선,여주,2451,2766,5217,-315,6,3,금
2022-06-03,9호선2~3단계,석촌,9684,8453,18137,1231,6,3,금
2022-06-03,9호선2~3단계,석촌고분,6736,6252,12988,484,6,3,금
2022-06-03,9호선2~3단계,삼전,7466,6976,14442,490,6,3,금
2022-06-03,9호선2~3단계,종합운동장,4698,4842,9540,-144,6,3,금
2022-06-03,9호선2~3단계,봉은사,20610,21176,41786,-566,6,3,금
2022-06-03,8호선,복정,11007,9099,20106,1908,6,3,금
2022-06-03,8호선,장지,18728,17336,36064,1392,6,3,금
2022-06-03,8호선,문정,22408,23390,45798,-982,6,3,금
2022-06-03,8호선,가락시장,8009,9301,17310,-1292,6,3,금
2022-06-03,8호선,송파,9087,8881,17968,206,6,3,금
2022-06-03,8호선,석촌,8113,9382,17495,-1269,6,3,금
2022-06-03,8호선,잠실(송파구청),14994,18429,33423,-3435,6,3,금
2022-06-03,8호선,몽촌토성(평화의문),6615,6778,13393,-163,6,3,금
2022-06-03,8호선,강동구청,11221,11325,22546,-104,6,3,금
2022-06-03,8호선,천호(풍납토성),16080,18861,34941,-2781,6,3,금
2022-06-03,8호선,암사,20555,17587,38142,2968,6,3,금
2022-06-03,7호선,신중동,1,0,1,1,6,3,금
2022-06-03,7호선,온수(성공회대입구),11837,11231,23068,606,6,3,금
2022-06-03,7호선,천왕,12500,11557,24057,943,6,3,금
2022-06-03,7호선,광명사거리,23843,23541,47384,302,6,3,금
2022-06-03,7호선,철산,23169,23728,46897,-559,6,3,금
2022-06-03,7호선,가산디지털단지,46090,45967,92057,123,6,3,금
2022-06-03,7호선,남구로,16388,17445,33833,-1057,6,3,금
2022-06-03,7호선,중화,11713,11007,22720,706,6,3,금
2022-06-03,7호선,먹골,10778,10382,21160,396,6,3,금
2022-06-03,7호선,태릉입구,10138,9517,19655,621,6,3,금
2022-06-03,7호선,공릉(서울과학기술대),13752,13247,26999,505,6,3,금
2022-06-03,7호선,하계,19856,17955,37811,1901,6,3,금
2022-06-03,7호선,중계,15801,13778,29579,2023,6,3,금
2022-06-03,7호선,노원,21401,23227,44628,-1826,6,3,금
2022-06-03,7호선,마들,14115,12846,26961,1269,6,3,금
2022-06-03,7호선,수락산,13754,13430,27184,324,6,3,금
2022-06-03,7호선,도봉산,10477,11863,22340,-1386,6,3,금
2022-06-03,7호선,장암,2501,959,3460,1542,6,3,금
2022-06-03,6호선,신내,1,0,1,1,6,3,금
2022-06-03,6호선,봉화산(서울의료원),9538,8949,18487,589,6,3,금
2022-06-03,6호선,화랑대(서울여대입구),12897,9792,22689,3105,6,3,금
2022-06-03,6호선,태릉입구,6275,6851,13126,-576,6,3,금
2022-06-03,6호선,석계,13366,13839,27205,-473,6,3,금
2022-06-03,6호선,돌곶이,10228,9152,19380,1076,6,3,금
2022-06-03,6호선,상월곡(한국과학기술연구원),6852,6087,12939,765,6,3,금
2022-06-03,6호선,월곡(동덕여대),12849,12199,25048,650,6,3,금
2022-06-03,6호선,고려대(종암),8887,8350,17237,537,6,3,금
2022-06-03,6호선,안암(고대병원앞),12983,12083,25066,900,6,3,금
2022-06-03,6호선,보문,8191,7090,15281,1101,6,3,금
2022-06-03,5호선,개화산,6234,5675,11909,559,6,3,금
2022-06-03,5호선,방화,7300,6857,14157,443,6,3,금
2022-06-03,4호선,남태령,1441,1169,2610,272,6,3,금
2022-06-03,4호선,사당,29104,25437,54541,3667,6,3,금
2022-06-03,4호선,총신대입구(이수),21170,22727,43897,-1557,6,3,금
2022-06-03,4호선,동작(현충원),2107,2344,4451,-237,6,3,금
2022-06-03,4호선,이촌(국립중앙박물관),9639,10492,20131,-853,6,3,금
2022-06-03,4호선,신용산,18334,19866,38200,-1532,6,3,금
2022-06-03,4호선,삼각지,5857,7097,12954,-1240,6,3,금
2022-06-03,4호선,숙대입구(갈월),14633,14268,28901,365,6,3,금
2022-06-03,4호선,서울역,12514,22404,34918,-9890,6,3,금
2022-06-03,4호선,회현(남대문시장),27194,28875,56069,-1681,6,3,금
2022-06-03,4호선,명동,22806,24396,47202,-1590,6,3,금
2022-06-03,4호선,충무로,29609,31369,60978,-1760,6,3,금
2022-06-03,4호선,동대문역사문화공원(DDP),16361,14336,30697,2025,6,3,금
2022-06-03,4호선,동대문,21770,21827,43597,-57,6,3,금
2022-06-03,4호선,혜화,36607,36803,73410,-196,6,3,금
2022-06-03,4호선,한성대입구(삼선교),16244,15432,31676,812,6,3,금
2022-06-03,4호선,성신여대입구(돈암),22853,21374,44227,1479,6,3,금
2022-06-03,4호선,길음,23796,22977,46773,819,6,3,금
2022-06-03,4호선,미아사거리,29690,28591,58281,1099,6,3,금
2022-06-03,4호선,미아(서울사이버대학),16517,15557,32074,960,6,3,금
2022-06-03,4호선,수유(강북구청),37058,36711,73769,347,6,3,금
2022-06-03,4호선,쌍문,31389,28322,59711,3067,6,3,금
2022-06-03,4호선,창동,28517,29846,58363,-1329,6,3,금
2022-06-03,4호선,노원,20873,24269,45142,-3396,6,3,금
2022-06-03,4호선,상계,21220,19535,40755,1685,6,3,금
2022-06-03,4호선,당고개,9851,8686,18537,1165,6,3,금
2022-06-03,3호선,오금,6906,6003,12909,903,6,3,금
2022-06-03,3호선,경찰병원,7853,7708,15561,145,6,3,금
2022-06-03,3호선,가락시장,10214,9882,20096,332,6,3,금
2022-06-03,3호선,수서,19600,20059,39659,-459,6,3,금
2022-06-03,3호선,일원,11668,10809,22477,859,6,3,금
2022-06-03,3호선,대청,11319,10191,21510,1128,6,3,금
2022-06-03,3호선,학여울,3125,3144,6269,-19,6,3,금
2022-06-03,3호선,대치,12355,12540,24895,-185,6,3,금
2022-06-03,3호선,도곡,5663,5581,11244,82,6,3,금
2022-06-03,3호선,매봉,13424,13022,26446,402,6,3,금
2022-06-03,3호선,양재(서초구청),41500,44402,85902,-2902,6,3,금
2022-06-03,5호선,광화문(세종문화회관),32049,34544,66593,-2495,6,3,금
2022-06-03,5호선,신길,4624,4560,9184,64,6,3,금
2022-06-03,5호선,영등포시장,11111,11361,22472,-250,6,3,금
2022-06-03,5호선,영등포구청,4356,4384,8740,-28,6,3,금
2022-06-03,5호선,군자(능동),12103,13621,25724,-1518,6,3,금
2022-06-03,5호선,장한평,19926,19415,39341,511,6,3,금
2022-06-03,5호선,답십리,17111,15237,32348,1874,6,3,금
2022-06-03,5호선,마장,6121,5658,11779,463,6,3,금
2022-06-03,5호선,왕십리(성동구청),4776,6012,10788,-1236,6,3,금
2022-06-03,5호선,행당,8880,7448,16328,1432,6,3,금
2022-06-03,5호선,신금호,7134,7099,14233,35,6,3,금
2022-06-03,5호선,청구,4220,3855,8075,365,6,3,금
2022-06-03,5호선,동대문역사문화공원(DDP),2979,3562,6541,-583,6,3,금
2022-06-03,5호선,을지로4가,6578,6840,13418,-262,6,3,금
2022-06-03,경춘선,김유정,378,475,853,-97,6,3,금
2022-06-03,경춘선,남춘천,3613,3164,6777,449,6,3,금
2022-06-03,경춘선,춘천,2072,1691,3763,381,6,3,금
2022-06-03,공항철도 1호선,서울역,10902,10907,21809,-5,6,3,금
2022-06-03,공항철도 1호선,공덕,2652,3442,6094,-790,6,3,금
2022-06-03,6호선,독바위,2880,2806,5686,74,6,3,금
2022-06-03,6호선,불광,4799,4612,9411,187,6,3,금
2022-06-03,6호선,역촌,4038,4512,8550,-474,6,3,금
2022-06-03,6호선,응암,19020,18197,37217,823,6,3,금
2022-06-03,5호선,하남검단산,6338,5846,12184,492,6,3,금
2022-06-03,5호선,하남시청(덕풍·신장),7688,7252,14940,436,6,3,금
2022-06-03,5호선,하남풍산,4711,4614,9325,97,6,3,금
2022-06-03,5호선,미사,17468,17297,34765,171,6,3,금
2022-06-03,5호선,강일,4847,4438,9285,409,6,3,금
2022-06-03,5호선,마천,8073,7573,15646,500,6,3,금
2022-06-03,5호선,거여,11233,10538,21771,695,6,3,금
2022-06-03,5호선,개롱,7210,7256,14466,-46,6,3,금
2022-06-03,5호선,오금,4026,4231,8257,-205,6,3,금
2022-06-03,5호선,방이,7600,7787,15387,-187,6,3,금
2022-06-03,5호선,올림픽공원(한국체대),5046,4190,9236,856,6,3,금
2022-06-03,5호선,둔촌동,8926,8826,17752,100,6,3,금
2022-06-03,5호선,상일동,16297,15047,31344,1250,6,3,금
2022-06-03,5호선,고덕,10769,10367,21136,402,6,3,금
2022-06-03,5호선,명일,9610,9803,19413,-193,6,3,금
2022-06-03,5호선,굽은다리(강동구민회관앞),10217,9558,19775,659,6,3,금
2022-06-03,5호선,길동,8614,8829,17443,-215,6,3,금
2022-06-03,5호선,강동,19802,18670,38472,1132,6,3,금
2022-06-03,5호선,천호(풍납토성),20111,20424,40535,-313,6,3,금
2022-06-03,5호선,광나루(장신대),14799,13137,27936,1662,6,3,금
2022-06-03,5호선,아차산(어린이대공원후문),16129,15244,31373,885,6,3,금
2022-06-03,공항철도 1호선,홍대입구,11633,12271,23904,-638,6,3,금
2022-06-03,공항철도 1호선,디지털미디어시티,15093,13876,28969,1217,6,3,금
2022-06-03,공항철도 1호선,마곡나루(서울식물원),9949,9412,19361,537,6,3,금
2022-06-03,공항철도 1호선,김포공항,14660,8064,22724,6596,6,3,금
2022-06-03,공항철도 1호선,계양,11982,11185,23167,797,6,3,금
2022-06-03,6호선,창신,4050,3320,7370,730,6,3,금
2022-06-03,6호선,동묘앞,8699,8578,17277,121,6,3,금
2022-06-03,6호선,신당,8868,8475,17343,393,6,3,금
2022-06-03,6호선,청구,3914,3981,7895,-67,6,3,금
2022-06-03,6호선,약수,3932,3970,7902,-38,6,3,금
2022-06-03,6호선,버티고개,2345,2334,4679,11,6,3,금
2022-06-03,6호선,한강진,9510,11794,21304,-2284,6,3,금
2022-06-03,6호선,이태원,11742,16657,28399,-4915,6,3,금
2022-06-03,6호선,녹사평(용산구청),5404,5839,11243,-435,6,3,금
2022-06-03,6호선,삼각지,8277,6946,15223,1331,6,3,금
2022-06-03,6호선,효창공원앞,7915,6837,14752,1078,6,3,금
2022-06-03,6호선,공덕,20189,19862,40051,327,6,3,금
2022-06-03,6호선,대흥(서강대앞),9457,9369,18826,88,6,3,금
2022-06-03,6호선,광흥창(서강),10099,9498,19597,601,6,3,금
2022-06-03,6호선,상수,9672,11604,21276,-1932,6,3,금
2022-06-03,6호선,합정,14382,14715,29097,-333,6,3,금
2022-06-03,6호선,망원,15078,16173,31251,-1095,6,3,금
2022-06-03,6호선,마포구청,15107,13132,28239,1975,6,3,금
2022-06-03,6호선,월드컵경기장(성산),5569,5734,11303,-165,6,3,금
2022-06-03,6호선,디지털미디어시티,15144,16289,31433,-1145,6,3,금
2022-06-03,6호선,증산(명지대앞),10810,10419,21229,391,6,3,금
2022-06-03,6호선,새절(신사),13889,12601,26490,1288,6,3,금
2022-06-03,6호선,구산,8426,5931,14357,2495,6,3,금
2022-06-03,7호선,건대입구,14322,15148,29470,-826,6,3,금
2022-06-03,7호선,어린이대공원(세종대),16748,16467,33215,281,6,3,금
2022-06-03,7호선,군자(능동),16074,12480,28554,3594,6,3,금
2022-06-03,7호선,중곡,11992,10797,22789,1195,6,3,금
2022-06-03,7호선,용마산(용마폭포공원),6494,6048,12542,446,6,3,금
2022-06-03,경인선,부천,35928,36403,72331,-475,6,3,금
2022-06-03,경인선,개봉,23969,22704,46673,1265,6,3,금
2022-06-03,경인선,오류동,13121,11686,24807,1435,6,3,금
2022-06-03,5호선,서대문,21136,21192,42328,-56,6,3,금
2022-06-03,5호선,충정로(경기대입구),4751,4845,9596,-94,6,3,금
2022-06-03,경인선,역곡,31487,30425,61912,1062,6,3,금
2022-06-03,공항철도 1호선,검암,7398,7224,14622,174,6,3,금
2022-06-03,5호선,애오개,7197,7184,14381,13,6,3,금
2022-06-03,5호선,공덕,15275,16283,31558,-1008,6,3,금
2022-06-03,5호선,마포,15281,15963,31244,-682,6,3,금
2022-06-03,5호선,여의나루,14585,15775,30360,-1190,6,3,금
2022-06-03,5호선,여의도,29116,32065,61181,-2949,6,3,금
2022-06-03,7호선,사가정,17540,17099,34639,441,6,3,금
2022-06-03,경강선,곤지암,2575,2410,4985,165,6,3,금
2022-06-03,경강선,신둔도예촌,1930,1712,3642,218,6,3,금
2022-06-03,경강선,이천,3006,3228,6234,-222,6,3,금
2022-06-03,경강선,부발,2947,2328,5275,619,6,3,금
2022-06-03,경강선,세종대왕릉,400,386,786,14,6,3,금
2022-06-03,7호선,면목,17371,16409,33780,962,6,3,금
2022-06-03,7호선,상봉(시외버스터미널),18169,16979,35148,1190,6,3,금
2022-06-03,7호선,대림(구로구청),8940,9167,18107,-227,6,3,금
2022-06-03,7호선,신풍,12618,11960,24578,658,6,3,금
2022-06-03,7호선,보라매,9330,9235,18565,95,6,3,금
2022-06-03,7호선,신대방삼거리,17102,15620,32722,1482,6,3,금
2022-06-03,7호선,장승배기,10327,9763,20090,564,6,3,금
2022-06-03,7호선,상도,12393,11789,24182,604,6,3,금
2022-06-03,7호선,숭실대입구(살피재),15426,14694,30120,732,6,3,금
2022-06-03,7호선,남성,12238,10775,23013,1463,6,3,금
2022-06-03,7호선,이수,17937,17248,35185,689,6,3,금
2022-06-03,7호선,내방,15493,16049,31542,-556,6,3,금
2022-06-03,7호선,고속터미널,19494,16538,36032,2956,6,3,금
2022-06-03,7호선,반포,6578,6221,12799,357,6,3,금
2022-06-03,7호선,논현,20396,22496,42892,-2100,6,3,금
2022-06-03,7호선,학동,25167,27006,52173,-1839,6,3,금
2022-06-03,7호선,강남구청,17423,19844,37267,-2421,6,3,금
2022-06-03,7호선,청담,20963,23858,44821,-2895,6,3,금
2022-06-03,7호선,뚝섬유원지,11227,10838,22065,389,6,3,금
2022-06-03,3호선,남부터미널(예술의전당),33269,34432,67701,-1163,6,3,금
2022-06-03,3호선,교대(법원.검찰청),16116,10384,26500,5732,6,3,금
2022-06-03,3호선,고속터미널,51160,57772,108932,-6612,6,3,금
2022-06-03,3호선,잠원,5311,5146,10457,165,6,3,금
2022-06-03,3호선,신사,31214,34064,65278,-2850,6,3,금
2022-06-03,3호선,압구정,34964,37838,72802,-2874,6,3,금
2022-06-03,9호선2~3단계,송파나루,5456,5808,11264,-352,6,3,금
2022-06-03,9호선2~3단계,한성백제,2852,2506,5358,346,6,3,금
2022-06-03,9호선2~3단계,올림픽공원(한국체대),7258,7211,14469,47,6,3,금
2022-06-03,9호선2~3단계,둔촌오륜,1027,959,1986,68,6,3,금
2022-06-03,9호선2~3단계,중앙보훈병원,11689,10117,21806,1572,6,3,금
2022-06-03,경강선,판교,5398,5387,10785,11,6,3,금
2022-06-03,경강선,이매,1304,1137,2441,167,6,3,금
2022-06-03,경강선,삼동,2663,2356,5019,307,6,3,금
2022-06-03,경강선,경기광주,8842,8261,17103,581,6,3,금
2022-06-03,경강선,초월,3730,3384,7114,346,6,3,금
2022-06-03,3호선,옥수,9948,10075,20023,-127,6,3,금
2022-06-03,3호선,금호,8671,7790,16461,881,6,3,금
2022-06-03,경부선,신길,9964,8456,18420,1508,6,3,금
2022-06-03,경부선,구로,19961,20783,40744,-822,6,3,금
2022-06-03,경부선,가산디지털단지,19423,22094,41517,-2671,6,3,금
2022-06-03,경부선,금천구청,12828,12807,25635,21,6,3,금
2022-06-03,경부선,서울역,9611,3275,12886,6336,6,3,금
2022-06-03,경부선,남영,10387,10897,21284,-510,6,3,금
2022-06-03,경부선,용산,42580,45974,88554,-3394,6,3,금
2022-06-03,경부선,노량진,9252,8974,18226,278,6,3,금
2022-06-03,경부선,대방,13309,13659,26968,-350,6,3,금
2022-06-03,경부선,영등포,43866,46779,90645,-2913,6,3,금
2022-06-03,경부선,신도림,4649,4731,9380,-82,6,3,금
2022-06-03,경부선,석수,10683,9353,20036,1330,6,3,금
2022-06-03,경부선,관악,8191,7635,15826,556,6,3,금
2022-06-03,경인선,송내,29936,29801,59737,135,6,3,금
2022-06-03,신림선,신림,1835,2293,4128,-458,6,3,금
2022-06-03,경인선,부평,31920,35918,67838,-3998,6,3,금
2022-06-03,경인선,백운,7764,7485,15249,279,6,3,금
2022-06-03,경인선,동암,16735,16841,33576,-106,6,3,금
2022-06-03,경인선,주안,21477,19364,40841,2113,6,3,금
2022-06-03,경인선,제물포,12450,11437,23887,1013,6,3,금
2022-06-03,경인선,동인천,15519,14803,30322,716,6,3,금
2022-06-03,경인선,인천,4557,3473,8030,1084,6,3,금
2022-06-03,경인선,구일,7766,7395,15161,371,6,3,금
2022-06-03,경인선,소사,9884,9301,19185,583,6,3,금
2022-06-03,경인선,부개,9623,8854,18477,769,6,3,금
2022-06-03,경인선,간석,6620,6206,12826,414,6,3,금
2022-06-03,경인선,도원,3846,3698,7544,148,6,3,금
2022-06-03,경인선,온수(성공회대입구),8034,7395,15429,639,6,3,금
2022-06-03,경인선,중동,10437,9538,19975,899,6,3,금
2022-06-03,경의선,파주,1575,934,2509,641,6,3,금
2022-06-03,경의선,문산,5972,5924,11896,48,6,3,금
2022-06-03,경의선,임진강,18,4,22,14,6,3,금
2022-06-03,9호선,노들,5146,4192,9338,954,6,3,금
2022-06-03,9호선,흑석(중앙대입구),9998,9780,19778,218,6,3,금
2022-06-03,9호선,동작(현충원),3070,2841,5911,229,6,3,금
2022-06-03,9호선,노량진,28749,27804,56553,945,6,3,금
2022-06-03,9호선,샛강,7945,7571,15516,374,6,3,금
2022-06-03,9호선,여의도,30342,29283,59625,1059,6,3,금
2022-06-03,9호선,국회의사당,16179,16655,32834,-476,6,3,금
2022-06-03,9호선,당산,20562,20402,40964,160,6,3,금
2022-06-03,9호선,선유도,9713,8870,18583,843,6,3,금
2022-06-03,9호선,신목동,4816,4069,8885,747,6,3,금
2022-06-03,9호선,염창,19069,18033,37102,1036,6,3,금
2022-06-03,9호선,등촌,12545,11845,24390,700,6,3,금
2022-06-03,9호선,증미,8019,7661,15680,358,6,3,금
2022-06-03,9호선,가양,23005,21949,44954,1056,6,3,금
2022-06-03,9호선,양천향교,11011,10787,21798,224,6,3,금
2022-06-03,9호선,마곡나루(서울식물원),13214,13198,26412,16,6,3,금
2022-06-03,9호선,신방화,7398,6981,14379,417,6,3,금
2022-06-03,9호선,공항시장,3257,3365,6622,-108,6,3,금
2022-06-03,9호선,김포공항,8730,14232,22962,-5502,6,3,금
2022-06-03,9호선,개화,2884,2073,4957,811,6,3,금
2022-06-03,8호선,남위례,5830,6045,11875,-215,6,3,금
2022-06-03,8호선,모란,4778,3985,8763,793,6,3,금
2022-06-03,8호선,수진,5801,5288,11089,513,6,3,금
2022-06-03,8호선,신흥,4606,4919,9525,-313,6,3,금
2022-06-03,8호선,단대오거리,12446,11603,24049,843,6,3,금
2022-06-03,8호선,남한산성입구(성남법원.검찰청),16294,14325,30619,1969,6,3,금
2022-06-03,8호선,산성,5960,5826,11786,134,6,3,금
2022-06-03,3호선,약수,14401,13941,28342,460,6,3,금
2022-06-03,3호선,동대입구,9127,9767,18894,-640,6,3,금
2022-06-03,3호선,충무로,3,0,3,3,6,3,금
2022-06-03,3호선,을지로3가,11707,12424,24131,-717,6,3,금
2022-06-03,3호선,종로3가,11045,13388,24433,-2343,6,3,금
2022-06-03,3호선,안국,27276,27282,54558,-6,6,3,금
2022-06-03,3호선,경복궁(정부서울청사),28864,30180,59044,-1316,6,3,금
2022-06-03,3호선,독립문,7872,7949,15821,-77,6,3,금
2022-06-03,3호선,무악재,4353,4273,8626,80,6,3,금
2022-06-03,3호선,홍제,19401,18044,37445,1357,6,3,금
2022-06-03,3호선,녹번,17080,14639,31719,2441,6,3,금
2022-06-03,3호선,불광,17677,18421,36098,-744,6,3,금
2022-06-03,3호선,연신내,39504,37043,76547,2461,6,3,금
2022-06-03,3호선,구파발,22423,21320,43743,1103,6,3,금
2022-06-03,3호선,지축,5848,5212,11060,636,6,3,금
2022-06-03,2호선,용두(동대문구청),2493,2466,4959,27,6,3,금
2022-06-03,2호선,신정네거리,11470,11441,22911,29,6,3,금
2022-06-03,2호선,양천구청,7371,7526,14897,-155,6,3,금
2022-06-03,2호선,도림천,1472,1513,2985,-41,6,3,금
2022-06-03,2호선,신설동,4003,3783,7786,220,6,3,금
2022-06-03,2호선,신답,1877,2017,3894,-140,6,3,금
2022-06-03,2호선,용답,3175,3146,6321,29,6,3,금
2022-06-03,2호선,충정로(경기대입구),10272,10758,21030,-486,6,3,금
2022-06-03,9호선,구반포,1449,1415,2864,34,6,3,금
2022-06-03,9호선,신반포,4215,4144,8359,71,6,3,금
2022-06-03,9호선,고속터미널,16072,23075,39147,-7003,6,3,금
2022-06-03,9호선,사평,4084,3932,8016,152,6,3,금
2022-06-03,9호선,신논현,34207,35451,69658,-1244,6,3,금
2022-06-03,9호선2~3단계,언주,11634,11723,23357,-89,6,3,금
2022-06-03,9호선2~3단계,선정릉,10965,11766,22731,-801,6,3,금
2022-06-03,9호선2~3단계,삼성중앙,7829,8265,16094,-436,6,3,금
2022-06-03,2호선,아현,11606,10566,22172,1040,6,3,금
2022-06-03,2호선,이대,15454,15881,31335,-427,6,3,금
2022-06-03,2호선,신촌,37542,38122,75664,-580,6,3,금
2022-06-03,경의선,계양,1,0,1,1,6,3,금
2022-06-03,2호선,홍대입구,60049,68627,128676,-8578,6,3,금
2022-06-03,2호선,영등포구청,23333,24177,47510,-844,6,3,금
2022-06-04,경춘선,강촌,798,941,1739,-143,6,4,토
2022-06-04,경춘선,김유정,611,823,1434,-212,6,4,토
2022-06-04,경춘선,남춘천,3367,4026,7393,-659,6,4,토
2022-06-04,일산선,화정,13351,13622,26973,-271,6,4,토
2022-06-04,일산선,대곡,1572,1324,2896,248,6,4,토
2022-06-04,일산선,백석,7630,7666,15296,-36,6,4,토
2022-06-04,일산선,마두,5341,5380,10721,-39,6,4,토
2022-06-04,일산선,정발산,7097,7539,14636,-442,6,4,토
2022-06-04,일산선,주엽,7252,6991,14243,261,6,4,토
2022-06-04,일산선,대화,9525,8238,17763,1287,6,4,토
2022-06-04,장항선,봉명,925,864,1789,61,6,4,토
2022-06-04,장항선,쌍용(나사렛대),2045,1814,3859,231,6,4,토
2022-06-04,장항선,아산,3690,3788,7478,-98,6,4,토
2022-06-04,장항선,탕정,863,775,1638,88,6,4,토
2022-06-04,장항선,배방,1345,1310,2655,35,6,4,토
2022-06-04,장항선,온양온천,5884,6016,11900,-132,6,4,토
2022-06-04,장항선,신창(순천향대),1346,1392,2738,-46,6,4,토
2022-06-04,중앙선,회기,21524,19506,41030,2018,6,4,토
2022-06-04,중앙선,중랑,4875,4397,9272,478,6,4,토
2022-06-04,중앙선,상봉(시외버스터미널),5367,5216,10583,151,6,4,토
2022-06-04,중앙선,망우,7218,6793,14011,425,6,4,토
2022-06-04,경춘선,춘천,2745,2535,5280,210,6,4,토
2022-06-04,공항철도 1호선,서울역,9919,10522,20441,-603,6,4,토
2022-06-04,공항철도 1호선,공덕,1711,2681,4392,-970,6,4,토
2022-06-04,경인선,주안,17154,14911,32065,2243,6,4,토
2022-06-04,경인선,동암,13464,13527,26991,-63,6,4,토
2022-06-04,경인선,백운,5756,5431,11187,325,6,4,토
2022-06-04,경인선,부평,29793,33589,63382,-3796,6,4,토
2022-06-04,경인선,송내,19526,18972,38498,554,6,4,토
2022-06-04,경인선,부천,29791,30661,60452,-870,6,4,토
2022-06-04,경인선,역곡,21805,20557,42362,1248,6,4,토
2022-06-04,경인선,오류동,9672,8703,18375,969,6,4,토
2022-06-04,경인선,개봉,17315,16496,33811,819,6,4,토
2022-06-04,경의선,계양,1,0,1,1,6,4,토
2022-06-04,경의선,임진강,106,88,194,18,6,4,토
2022-06-04,경의선,문산,6166,5717,11883,449,6,4,토
2022-06-04,경의선,파주,1009,749,1758,260,6,4,토
2022-06-04,경의선,월롱,2084,1580,3664,504,6,4,토
2022-06-04,경의선,금촌,6401,5798,12199,603,6,4,토
2022-06-04,경의선,금릉,4334,3973,8307,361,6,4,토
2022-06-04,경의선,운정,5458,4808,10266,650,6,4,토
2022-06-04,경의선,야당,6980,7143,14123,-163,6,4,토
2022-06-04,경의선,탄현,5848,5401,11249,447,6,4,토
2022-06-04,경의선,일산,6906,6256,13162,650,6,4,토
2022-06-04,경의선,풍산,4774,4449,9223,325,6,4,토
2022-06-04,경의선,백마,4947,4586,9533,361,6,4,토
2022-06-04,경의선,곡산,456,481,937,-25,6,4,토
2022-06-04,경의선,능곡,3036,2919,5955,117,6,4,토
2022-06-04,4호선,노원,16497,18396,34893,-1899,6,4,토
2022-06-04,4호선,상계,14800,13528,28328,1272,6,4,토
2022-06-04,4호선,당고개,7532,6824,14356,708,6,4,토
2022-06-04,3호선,오금,3990,3530,7520,460,6,4,토
2022-06-04,3호선,경찰병원,4101,3908,8009,193,6,4,토
2022-06-04,3호선,가락시장,6375,6023,12398,352,6,4,토
2022-06-04,3호선,수서,14039,14092,28131,-53,6,4,토
2022-06-04,3호선,일원,5096,4814,9910,282,6,4,토
2022-06-04,3호선,대청,6337,5554,11891,783,6,4,토
2022-06-04,3호선,학여울,1343,1363,2706,-20,6,4,토
2022-06-04,3호선,대치,10232,9289,19521,943,6,4,토
2022-06-04,3호선,도곡,3334,3269,6603,65,6,4,토
2022-06-04,3호선,매봉,6453,6280,12733,173,6,4,토
2022-06-04,3호선,양재(서초구청),20555,22131,42686,-1576,6,4,토
2022-06-04,3호선,남부터미널(예술의전당),22926,24080,47006,-1154,6,4,토
2022-06-04,3호선,교대(법원.검찰청),7112,4543,11655,2569,6,4,토
2022-06-04,3호선,고속터미널,55319,62061,117380,-6742,6,4,토
2022-06-04,3호선,잠원,3623,3344,6967,279,6,4,토
2022-06-04,3호선,신사,23728,25617,49345,-1889,6,4,토
2022-06-04,3호선,압구정,24719,26477,51196,-1758,6,4,토
2022-06-04,3호선,옥수,7482,7177,14659,305,6,4,토
2022-06-04,3호선,금호,6130,5404,11534,726,6,4,토
2022-06-04,3호선,약수,9516,8835,18351,681,6,4,토
2022-06-04,3호선,동대입구,8801,10180,18981,-1379,6,4,토
2022-06-04,3호선,충무로,1,0,1,1,6,4,토
2022-06-04,3호선,을지로3가,6041,6546,12587,-505,6,4,토
2022-06-04,3호선,종로3가,6398,9785,16183,-3387,6,4,토
2022-06-04,3호선,안국,21967,23261,45228,-1294,6,4,토
2022-06-04,3호선,경복궁(정부서울청사),24674,28149,52823,-3475,6,4,토
2022-06-04,3호선,독립문,6610,7130,13740,-520,6,4,토
2022-06-04,3호선,무악재,2858,3007,5865,-149,6,4,토
2022-06-04,3호선,홍제,14094,12784,26878,1310,6,4,토
2022-06-04,3호선,녹번,10990,9083,20073,1907,6,4,토
2022-06-04,3호선,불광,13586,14903,28489,-1317,6,4,토
2022-06-04,3호선,연신내,29698,27821,57519,1877,6,4,토
2022-06-04,3호선,구파발,16048,16249,32297,-201,6,4,토
2022-06-04,3호선,지축,3774,3392,7166,382,6,4,토
2022-06-04,2호선,용두(동대문구청),1847,1731,3578,116,6,4,토
2022-06-04,2호선,신정네거리,7715,7418,15133,297,6,4,토
2022-06-04,2호선,양천구청,4901,4710,9611,191,6,4,토
2022-06-04,2호선,도림천,824,816,1640,8,6,4,토
2022-06-04,2호선,신설동,3744,3455,7199,289,6,4,토
2022-06-04,2호선,신답,1145,1104,2249,41,6,4,토
2022-06-04,2호선,용답,2232,2023,4255,209,6,4,토
2022-06-04,2호선,충정로(경기대입구),6013,6154,12167,-141,6,4,토
2022-06-04,2호선,이대,10398,10882,21280,-484,6,4,토
2022-06-04,2호선,신촌,31391,31765,63156,-374,6,4,토
2022-06-04,2호선,홍대입구,66346,75640,141986,-9294,6,4,토
2022-06-04,2호선,합정,28970,33200,62170,-4230,6,4,토
2022-06-04,2호선,당산,13256,14070,27326,-814,6,4,토
2022-06-04,2호선,영등포구청,12124,12652,24776,-528,6,4,토
2022-06-04,2호선,문래,12859,13501,26360,-642,6,4,토
2022-06-04,2호선,신도림,41221,42242,83463,-1021,6,4,토
2022-06-04,2호선,대림(구로구청),18532,19265,37797,-733,6,4,토
2022-06-04,2호선,구로디지털단지,34617,33315,67932,1302,6,4,토
2022-06-04,2호선,신대방,20688,18841,39529,1847,6,4,토
2022-06-04,2호선,신림,49762,46421,96183,3341,6,4,토
2022-06-04,2호선,봉천,17941,15479,33420,2462,6,4,토
2022-06-04,2호선,서울대입구(관악구청),37486,35328,72814,2158,6,4,토
2022-06-04,2호선,낙성대(강감찬),21847,19089,40936,2758,6,4,토
2022-06-04,2호선,사당,32922,36527,69449,-3605,6,4,토
2022-06-04,2호선,방배,10780,11035,21815,-255,6,4,토
2022-06-04,2호선,서초,11312,9215,20527,2097,6,4,토
2022-06-04,2호선,교대(법원.검찰청),17643,19750,37393,-2107,6,4,토
2022-06-04,2호선,강남,56964,57369,114333,-405,6,4,토
2022-06-04,2호선,역삼,18271,20262,38533,-1991,6,4,토
2022-06-04,2호선,선릉,24156,21215,45371,2941,6,4,토
2022-06-04,2호선,삼성(무역센터),35320,34660,69980,660,6,4,토
2022-06-04,2호선,종합운동장,12034,13497,25531,-1463,6,4,토
2022-06-04,2호선,잠실새내,17675,18187,35862,-512,6,4,토
2022-06-04,2호선,잠실(송파구청),67922,65763,133685,2159,6,4,토
2022-06-04,2호선,잠실나루,7815,7512,15327,303,6,4,토
2022-06-04,2호선,강변(동서울터미널),30793,34075,64868,-3282,6,4,토
2022-06-04,2호선,구의(광진구청),16860,15670,32530,1190,6,4,토
2022-06-04,2호선,건대입구,35599,39389,74988,-3790,6,4,토
2022-06-04,2호선,성수,20688,24111,44799,-3423,6,4,토
2022-06-04,2호선,뚝섬,16521,16906,33427,-385,6,4,토
2022-06-04,2호선,한양대,5057,5284,10341,-227,6,4,토
2022-06-04,2호선,왕십리(성동구청),13786,11972,25758,1814,6,4,토
2022-06-04,2호선,상왕십리,10126,9281,19407,845,6,4,토
2022-06-04,2호선,신당,11507,12163,23670,-656,6,4,토
2022-06-04,2호선,동대문역사문화공원(DDP),11796,13629,25425,-1833,6,4,토
2022-06-04,2호선,을지로4가,7994,8608,16602,-614,6,4,토
2022-06-04,2호선,을지로3가,12122,12949,25071,-827,6,4,토
2022-06-04,2호선,을지로입구,22941,23384,46325,-443,6,4,토
2022-06-04,2호선,시청,10376,8887,19263,1489,6,4,토
2022-06-04,1호선,동묘앞,11688,12306,23994,-618,6,4,토
2022-06-04,1호선,청량리(서울시립대입구),19167,19614,38781,-447,6,4,토
2022-06-04,1호선,제기동,15657,16018,31675,-361,6,4,토
2022-06-04,1호선,신설동,10077,9504,19581,573,6,4,토
2022-06-04,1호선,동대문,10853,11096,21949,-243,6,4,토
2022-06-04,1호선,종로5가,21364,21905,43269,-541,6,4,토
2022-06-04,1호선,종로3가,25509,23634,49143,1875,6,4,토
2022-06-04,1호선,종각,21346,20387,41733,959,6,4,토
2022-06-04,1호선,시청,13363,13763,27126,-400,6,4,토
2022-06-04,1호선,서울역,40297,41895,82192,-1598,6,4,토
2022-06-04,5호선,김포공항,8008,8214,16222,-206,6,4,토
2022-06-04,2호선,아현,7769,6918,14687,851,6,4,토
2022-06-04,중앙선,양원,2064,1923,3987,141,6,4,토
2022-06-04,중앙선,구리,11045,11169,22214,-124,6,4,토
2022-06-04,중앙선,도농,8028,7608,15636,420,6,4,토
2022-06-04,중앙선,양정,614,601,1215,13,6,4,토
2022-06-04,중앙선,덕소,4994,4764,9758,230,6,4,토
2022-06-04,중앙선,도심,1810,1554,3364,256,6,4,토
2022-06-04,중앙선,팔당,1661,1855,3516,-194,6,4,토
2022-06-04,중앙선,운길산,1715,1717,3432,-2,6,4,토
2022-06-04,중앙선,양수,2636,2742,5378,-106,6,4,토
2022-06-04,중앙선,신원,342,257,599,85,6,4,토
2022-06-04,중앙선,국수,739,826,1565,-87,6,4,토
2022-06-04,중앙선,아신,688,840,1528,-152,6,4,토
2022-06-04,중앙선,오빈,346,419,765,-73,6,4,토
2022-06-04,중앙선,양평,3240,3767,7007,-527,6,4,토
2022-06-04,중앙선,원덕,480,567,1047,-87,6,4,토
2022-06-04,중앙선,용문,2584,3202,5786,-618,6,4,토
2022-06-04,중앙선,지평,86,94,180,-8,6,4,토
2022-06-04,경의선,행신,5738,6049,11787,-311,6,4,토
2022-06-04,경의선,강매,2146,1924,4070,222,6,4,토
2022-06-04,경의선,화전,1323,1139,2462,184,6,4,토
2022-06-04,경의선,수색,1829,1665,3494,164,6,4,토
2022-06-04,경의선,디지털미디어시티,2221,1957,4178,264,6,4,토
2022-06-04,경의선,가좌,4280,3943,8223,337,6,4,토
2022-06-04,경의선,홍대입구,2219,2713,4932,-494,6,4,토
2022-06-04,경의선,서강대,1860,1736,3596,124,6,4,토
2022-06-04,경의선,공덕,2827,2202,5029,625,6,4,토
2022-06-04,경의선,효창공원앞,1888,1950,3838,-62,6,4,토
2022-06-04,경의선,신촌,432,461,893,-29,6,4,토
2022-06-04,경의선,서울역,1603,1874,3477,-271,6,4,토
2022-06-04,경원선,소요산,4888,4154,9042,734,6,4,토
2022-06-04,경원선,동두천,1762,2293,4055,-531,6,4,토
2022-06-04,경원선,보산,1991,1949,3940,42,6,4,토
2022-06-04,경원선,동두천중앙,2835,2856,5691,-21,6,4,토
2022-06-04,경원선,지행,6483,6300,12783,183,6,4,토
2022-06-04,경원선,덕정,5164,4615,9779,549,6,4,토
2022-06-04,경원선,덕계,2862,2532,5394,330,6,4,토
2022-06-04,경원선,양주,7106,6616,13722,490,6,4,토
2022-06-04,경원선,녹양,3778,3600,7378,178,6,4,토
2022-06-04,경원선,가능,5638,5249,10887,389,6,4,토
2022-06-04,경원선,의정부,19060,20625,39685,-1565,6,4,토
2022-06-04,경원선,회룡,10700,10320,21020,380,6,4,토
2022-06-04,경원선,망월사,6248,6349,12597,-101,6,4,토
2022-06-04,경원선,도봉산,9982,6912,16894,3070,6,4,토
2022-06-04,경원선,도봉,4822,4395,9217,427,6,4,토
2022-06-04,경원선,방학,7912,7668,15580,244,6,4,토
2022-06-04,경원선,녹천,3527,2795,6322,732,6,4,토
2022-06-04,경원선,월계,5098,4527,9625,571,6,4,토
2022-06-04,경원선,광운대,5617,5510,11127,107,6,4,토
2022-06-04,경원선,석계,7310,7276,14586,34,6,4,토
2022-06-04,경원선,신이문,6599,5758,12357,841,6,4,토
2022-06-04,경원선,외대앞,6477,5988,12465,489,6,4,토
2022-06-04,경원선,청량리(서울시립대입구),18295,19218,37513,-923,6,4,토
2022-06-04,경원선,왕십리(성동구청),13632,14635,28267,-1003,6,4,토
2022-06-04,경원선,응봉,1587,1315,2902,272,6,4,토
2022-06-04,경원선,옥수,23,36,59,-13,6,4,토
2022-06-04,경원선,한남,3052,2843,5895,209,6,4,토
2022-06-04,경원선,서빙고,1807,1822,3629,-15,6,4,토
2022-06-04,경원선,이촌(국립중앙박물관),3494,2452,5946,1042,6,4,토
2022-06-04,경부선,광명,3221,3061,6282,160,6,4,토
2022-06-04,경부선,서동탄,1049,1111,2160,-62,6,4,토
2022-06-04,경부선,당정,4346,3974,8320,372,6,4,토
2022-06-04,경부선,천안,7493,8161,15654,-668,6,4,토
2022-06-04,경부선,두정,6316,6182,12498,134,6,4,토
2022-06-04,경부선,직산,799,767,1566,32,6,4,토
2022-06-04,경부선,성환,3565,3290,6855,275,6,4,토
2022-06-04,경부선,평택,14966,14942,29908,24,6,4,토
2022-06-04,경부선,평택지제,3674,3304,6978,370,6,4,토
2022-06-04,경부선,서정리,7926,6154,14080,1772,6,4,토
2022-06-04,경부선,송탄,5374,4634,10008,740,6,4,토
2022-06-04,경부선,진위,1157,1004,2161,153,6,4,토
2022-06-04,경부선,오산,10498,9736,20234,762,6,4,토
2022-06-04,경부선,오산대,3430,2933,6363,497,6,4,토
2022-06-04,경부선,세마,2437,2194,4631,243,6,4,토
2022-06-04,공항철도 1호선,홍대입구,13385,13944,27329,-559,6,4,토
2022-06-04,공항철도 1호선,디지털미디어시티,6142,5549,11691,593,6,4,토
2022-06-04,경부선,병점,13098,12995,26093,103,6,4,토
2022-06-04,경부선,세류,2774,2798,5572,-24,6,4,토
2022-06-04,경부선,독산,9419,8850,18269,569,6,4,토
2022-06-04,경부선,수원,40521,44893,85414,-4372,6,4,토
2022-06-04,경부선,화서,6426,6277,12703,149,6,4,토
2022-06-04,경부선,성균관대,11613,10935,22548,678,6,4,토
2022-06-04,경부선,의왕,6752,6424,13176,328,6,4,토
2022-06-04,경부선,군포,4567,4139,8706,428,6,4,토
2022-06-04,경부선,금정,20402,20177,40579,225,6,4,토
2022-06-04,경부선,명학,4974,4582,9556,392,6,4,토
2022-06-04,경부선,안양,19208,19004,38212,204,6,4,토
2022-06-04,경부선,관악,6570,6231,12801,339,6,4,토
2022-06-04,경부선,석수,7364,6765,14129,599,6,4,토
2022-06-04,경부선,금천구청,9079,8897,17976,182,6,4,토
2022-06-04,경부선,가산디지털단지,6699,8716,15415,-2017,6,4,토
2022-06-04,경부선,구로,13826,14400,28226,-574,6,4,토
2022-06-04,경부선,신길,6269,5285,11554,984,6,4,토
2022-06-04,경부선,신도림,3729,3599,7328,130,6,4,토
2022-06-04,경부선,영등포,42262,45526,87788,-3264,6,4,토
2022-06-04,경부선,대방,7670,8069,15739,-399,6,4,토
2022-06-04,경부선,노량진,8662,7592,16254,1070,6,4,토
2022-06-04,경부선,용산,40797,46302,87099,-5505,6,4,토
2022-06-04,경부선,남영,6112,6113,12225,-1,6,4,토
2022-06-04,경부선,서울역,10011,2752,12763,7259,6,4,토
2022-06-04,경강선,여주,2844,3403,6247,-559,6,4,토
2022-06-04,경강선,세종대왕릉,407,496,903,-89,6,4,토
2022-06-04,경강선,부발,2430,2014,4444,416,6,4,토
2022-06-04,경강선,이천,3069,3224,6293,-155,6,4,토
2022-06-04,경강선,신둔도예촌,1337,1391,2728,-54,6,4,토
2022-06-04,경강선,곤지암,2229,2351,4580,-122,6,4,토
2022-06-04,경강선,초월,2502,2311,4813,191,6,4,토
2022-06-04,경강선,경기광주,6134,5720,11854,414,6,4,토
2022-06-04,경강선,삼동,1906,1647,3553,259,6,4,토
2022-06-04,경강선,이매,1054,748,1802,306,6,4,토
2022-06-04,경강선,판교,3421,3347,6768,74,6,4,토
2022-06-04,9호선2~3단계,중앙보훈병원,5023,4686,9709,337,6,4,토
2022-06-04,9호선2~3단계,둔촌오륜,606,571,1177,35,6,4,토
2022-06-04,9호선2~3단계,올림픽공원(한국체대),8178,8302,16480,-124,6,4,토
2022-06-04,9호선2~3단계,한성백제,2029,1696,3725,333,6,4,토
2022-06-04,9호선2~3단계,송파나루,4201,4618,8819,-417,6,4,토
2022-06-04,9호선2~3단계,석촌,7137,5838,12975,1299,6,4,토
2022-06-04,9호선2~3단계,석촌고분,4572,4058,8630,514,6,4,토
2022-06-04,9호선2~3단계,삼전,5143,4588,9731,555,6,4,토
2022-06-04,9호선2~3단계,종합운동장,3593,3194,6787,399,6,4,토
2022-06-04,9호선2~3단계,봉은사,15605,17355,32960,-1750,6,4,토
2022-06-04,9호선2~3단계,삼성중앙,3359,3153,6512,206,6,4,토
2022-06-04,9호선2~3단계,선정릉,4990,5530,10520,-540,6,4,토
2022-06-04,9호선2~3단계,언주,6515,6436,12951,79,6,4,토
2022-06-04,9호선,신논현,25052,25479,50531,-427,6,4,토
2022-06-04,9호선,사평,2512,2263,4775,249,6,4,토
2022-06-04,9호선,고속터미널,16055,24854,40909,-8799,6,4,토
2022-06-04,9호선,신반포,3423,3412,6835,11,6,4,토
2022-06-04,9호선,구반포,1284,1400,2684,-116,6,4,토
2022-06-04,9호선,동작(현충원),3518,3540,7058,-22,6,4,토
2022-06-04,9호선,흑석(중앙대입구),6250,6101,12351,149,6,4,토
2022-06-04,9호선,노들,3725,3088,6813,637,6,4,토
2022-06-04,9호선,노량진,21486,20955,42441,531,6,4,토
2022-06-04,9호선,샛강,3203,2848,6051,355,6,4,토
2022-06-04,9호선,여의도,13081,13009,26090,72,6,4,토
2022-06-04,9호선,국회의사당,4882,5008,9890,-126,6,4,토
2022-06-04,9호선,당산,13699,12502,26201,1197,6,4,토
2022-06-04,9호선,선유도,4428,4080,8508,348,6,4,토
2022-06-04,9호선,신목동,2642,2156,4798,486,6,4,토
2022-06-04,9호선,염창,12777,11210,23987,1567,6,4,토
2022-06-04,9호선,등촌,7763,7111,14874,652,6,4,토
2022-06-04,9호선,증미,4207,3823,8030,384,6,4,토
2022-06-04,9호선,가양,14898,13895,28793,1003,6,4,토
2022-06-04,9호선,양천향교,6231,5565,11796,666,6,4,토
2022-06-04,9호선,마곡나루(서울식물원),8595,8584,17179,11,6,4,토
2022-06-04,9호선,신방화,5029,4562,9591,467,6,4,토
2022-06-04,9호선,공항시장,2412,2402,4814,10,6,4,토
2022-06-04,9호선,김포공항,8237,12195,20432,-3958,6,4,토
2022-06-04,9호선,개화,1536,1338,2874,198,6,4,토
2022-06-04,8호선,남위례,3843,3881,7724,-38,6,4,토
2022-06-04,8호선,모란,5832,4975,10807,857,6,4,토
2022-06-04,8호선,수진,4620,4177,8797,443,6,4,토
2022-06-04,8호선,신흥,3785,4000,7785,-215,6,4,토
2022-06-04,8호선,단대오거리,8402,7345,15747,1057,6,4,토
2022-06-04,8호선,남한산성입구(성남법원.검찰청),9989,8560,18549,1429,6,4,토
2022-06-04,8호선,산성,4495,4419,8914,76,6,4,토
2022-06-04,8호선,복정,6589,5349,11938,1240,6,4,토
2022-06-04,8호선,장지,12579,11513,24092,1066,6,4,토
2022-06-04,8호선,문정,8573,8600,17173,-27,6,4,토
2022-06-04,8호선,가락시장,5333,5644,10977,-311,6,4,토
2022-06-04,8호선,송파,5817,5373,11190,444,6,4,토
2022-06-04,8호선,석촌,5754,7138,12892,-1384,6,4,토
2022-06-04,8호선,잠실(송파구청),12907,15812,28719,-2905,6,4,토
2022-06-04,8호선,몽촌토성(평화의문),4542,4469,9011,73,6,4,토
2022-06-04,8호선,강동구청,6383,6170,12553,213,6,4,토
2022-06-04,8호선,천호(풍납토성),12141,14349,26490,-2208,6,4,토
2022-06-04,8호선,암사,12986,11297,24283,1689,6,4,토
2022-06-04,7호선,온수(성공회대입구),5980,5711,11691,269,6,4,토
2022-06-04,7호선,천왕,7306,6754,14060,552,6,4,토
2022-06-04,7호선,광명사거리,17681,17323,35004,358,6,4,토
2022-06-04,7호선,철산,15562,15423,30985,139,6,4,토
2022-06-04,7호선,가산디지털단지,14973,13511,28484,1462,6,4,토
2022-06-04,7호선,남구로,8424,8730,17154,-306,6,4,토
2022-06-04,7호선,대림(구로구청),7557,8085,15642,-528,6,4,토
2022-06-04,7호선,신풍,8517,7968,16485,549,6,4,토
2022-06-04,7호선,보라매,5807,5618,11425,189,6,4,토
2022-06-04,7호선,신대방삼거리,11227,10063,21290,1164,6,4,토
2022-06-04,7호선,장승배기,6709,6187,12896,522,6,4,토
2022-06-04,7호선,상도,8356,7331,15687,1025,6,4,토
2022-06-04,7호선,숭실대입구(살피재),9100,8672,17772,428,6,4,토
2022-06-04,7호선,남성,8123,7032,15155,1091,6,4,토
2022-06-04,7호선,이수,12607,11804,24411,803,6,4,토
2022-06-04,7호선,내방,8058,7815,15873,243,6,4,토
2022-06-04,7호선,고속터미널,17230,13628,30858,3602,6,4,토
2022-06-04,7호선,반포,4712,4434,9146,278,6,4,토
2022-06-04,7호선,논현,10148,11076,21224,-928,6,4,토
2022-06-04,7호선,학동,10928,11683,22611,-755,6,4,토
2022-06-04,7호선,강남구청,10243,11445,21688,-1202,6,4,토
2022-06-04,7호선,청담,12023,13413,25436,-1390,6,4,토
2022-06-04,7호선,뚝섬유원지,12680,11748,24428,932,6,4,토
2022-06-04,7호선,건대입구,11833,12739,24572,-906,6,4,토
2022-06-04,7호선,어린이대공원(세종대),12295,12253,24548,42,6,4,토
2022-06-04,7호선,군자(능동),11400,8294,19694,3106,6,4,토
2022-06-04,7호선,중곡,7260,6466,13726,794,6,4,토
2022-06-04,7호선,용마산(용마폭포공원),4532,4442,8974,90,6,4,토
2022-06-04,7호선,사가정,12651,12078,24729,573,6,4,토
2022-06-04,7호선,면목,11482,10537,22019,945,6,4,토
2022-06-04,7호선,상봉(시외버스터미널),13898,13023,26921,875,6,4,토
2022-06-04,7호선,중화,7756,7166,14922,590,6,4,토
2022-06-04,7호선,먹골,7930,7337,15267,593,6,4,토
2022-06-04,7호선,태릉입구,7110,6588,13698,522,6,4,토
2022-06-04,7호선,공릉(서울과학기술대),9761,9087,18848,674,6,4,토
2022-06-04,7호선,하계,12868,11509,24377,1359,6,4,토
2022-06-04,7호선,중계,9634,8377,18011,1257,6,4,토
2022-06-04,7호선,노원,16344,17025,33369,-681,6,4,토
2022-06-04,7호선,마들,9307,8368,17675,939,6,4,토
2022-06-04,7호선,수락산,10461,10100,20561,361,6,4,토
2022-06-04,7호선,도봉산,7177,9626,16803,-2449,6,4,토
2022-06-04,7호선,장암,1671,1115,2786,556,6,4,토
2022-06-04,6호선,봉화산(서울의료원),5758,5484,11242,274,6,4,토
2022-06-04,6호선,화랑대(서울여대입구),7564,5667,13231,1897,6,4,토
2022-06-04,6호선,태릉입구,4577,5036,9613,-459,6,4,토
2022-06-04,6호선,석계,8974,8784,17758,190,6,4,토
2022-06-04,6호선,돌곶이,6392,5509,11901,883,6,4,토
2022-06-04,6호선,상월곡(한국과학기술연구원),4346,3716,8062,630,6,4,토
2022-06-04,6호선,월곡(동덕여대),7745,7172,14917,573,6,4,토
2022-06-04,6호선,고려대(종암),5444,5158,10602,286,6,4,토
2022-06-04,6호선,안암(고대병원앞),6960,6629,13589,331,6,4,토
2022-06-04,6호선,보문,5251,4556,9807,695,6,4,토
2022-06-04,6호선,창신,2238,1799,4037,439,6,4,토
2022-06-04,6호선,동묘앞,8076,7834,15910,242,6,4,토
2022-06-04,6호선,신당,6494,5990,12484,504,6,4,토
2022-06-04,6호선,청구,2388,2298,4686,90,6,4,토
2022-06-04,6호선,약수,2626,2549,5175,77,6,4,토
2022-06-04,6호선,버티고개,1619,1667,3286,-48,6,4,토
2022-06-04,6호선,한강진,9210,11678,20888,-2468,6,4,토
2022-06-04,6호선,이태원,14731,20006,34737,-5275,6,4,토
2022-06-04,6호선,녹사평(용산구청),5514,6204,11718,-690,6,4,토
2022-06-04,6호선,삼각지,6975,5297,12272,1678,6,4,토
2022-06-04,6호선,효창공원앞,4843,4276,9119,567,6,4,토
2022-06-04,6호선,공덕,10480,9876,20356,604,6,4,토
2022-06-04,6호선,대흥(서강대앞),6105,5901,12006,204,6,4,토
2022-06-04,6호선,광흥창(서강),5326,4772,10098,554,6,4,토
2022-06-04,6호선,상수,8155,10187,18342,-2032,6,4,토
2022-06-04,6호선,합정,12860,12182,25042,678,6,4,토
2022-06-04,6호선,망원,13008,14362,27370,-1354,6,4,토
2022-06-04,6호선,마포구청,9664,8190,17854,1474,6,4,토
2022-06-04,6호선,월드컵경기장(성산),5460,5628,11088,-168,6,4,토
2022-06-04,6호선,디지털미디어시티,7815,7759,15574,56,6,4,토
2022-06-04,6호선,증산(명지대앞),7632,7203,14835,429,6,4,토
2022-06-04,6호선,새절(신사),9196,8397,17593,799,6,4,토
2022-06-04,6호선,구산,5737,4118,9855,1619,6,4,토
2022-06-04,6호선,연신내,2,0,2,2,6,4,토
2022-06-04,6호선,독바위,2024,2243,4267,-219,6,4,토
2022-06-04,6호선,불광,3785,3569,7354,216,6,4,토
2022-06-04,6호선,역촌,2605,2951,5556,-346,6,4,토
2022-06-04,6호선,응암,13241,12456,25697,785,6,4,토
2022-06-04,5호선,하남검단산,6098,5968,12066,130,6,4,토
2022-06-04,5호선,하남시청(덕풍·신장),6546,6109,12655,437,6,4,토
2022-06-04,5호선,하남풍산,2970,3017,5987,-47,6,4,토
2022-06-04,5호선,미사,13036,13021,26057,15,6,4,토
2022-06-04,5호선,강일,3324,3000,6324,324,6,4,토
2022-06-04,5호선,마천,5191,5199,10390,-8,6,4,토
2022-06-04,5호선,거여,6845,6127,12972,718,6,4,토
2022-06-04,5호선,개롱,4464,4602,9066,-138,6,4,토
2022-06-04,5호선,오금,2076,2012,4088,64,6,4,토
2022-06-04,5호선,방이,5551,5372,10923,179,6,4,토
2022-06-04,5호선,올림픽공원(한국체대),3872,3525,7397,347,6,4,토
2022-06-04,5호선,둔촌동,6124,6034,12158,90,6,4,토
2022-06-04,5호선,상일동,9875,9014,18889,861,6,4,토
2022-06-04,5호선,고덕,6805,6592,13397,213,6,4,토
2022-06-04,5호선,명일,6466,6226,12692,240,6,4,토
2022-06-04,5호선,굽은다리(강동구민회관앞),7494,6841,14335,653,6,4,토
2022-06-04,5호선,길동,6191,6303,12494,-112,6,4,토
2022-06-04,5호선,강동,13806,12777,26583,1029,6,4,토
2022-06-04,5호선,천호(풍납토성),17858,17107,34965,751,6,4,토
2022-06-04,5호선,광나루(장신대),10637,9769,20406,868,6,4,토
2022-06-04,5호선,아차산(어린이대공원후문),13494,12524,26018,970,6,4,토
2022-06-04,5호선,군자(능동),8639,9467,18106,-828,6,4,토
2022-06-04,5호선,장한평,11709,11137,22846,572,6,4,토
2022-06-04,5호선,답십리,10336,9134,19470,1202,6,4,토
2022-06-04,5호선,마장,3948,3753,7701,195,6,4,토
2022-06-04,5호선,왕십리(성동구청),3462,4433,7895,-971,6,4,토
2022-06-04,5호선,행당,5636,4631,10267,1005,6,4,토
2022-06-04,5호선,신금호,4356,4411,8767,-55,6,4,토
2022-06-04,5호선,청구,2654,2341,4995,313,6,4,토
2022-06-04,5호선,동대문역사문화공원(DDP),960,1254,2214,-294,6,4,토
2022-06-04,5호선,을지로4가,3761,4288,8049,-527,6,4,토
2022-06-04,5호선,종로3가,13805,14365,28170,-560,6,4,토
2022-06-04,5호선,광화문(세종문화회관),17102,17905,35007,-803,6,4,토
2022-06-04,5호선,서대문,7673,7379,15052,294,6,4,토
2022-06-04,5호선,충정로(경기대입구),1881,1730,3611,151,6,4,토
2022-06-04,5호선,애오개,3858,3548,7406,310,6,4,토
2022-06-04,5호선,공덕,7245,7613,14858,-368,6,4,토
2022-06-04,5호선,마포,7667,7755,15422,-88,6,4,토
2022-06-04,5호선,여의나루,18156,19845,38001,-1689,6,4,토
2022-06-04,5호선,여의도,11463,13053,24516,-1590,6,4,토
2022-06-04,5호선,신길,2887,2914,5801,-27,6,4,토
2022-06-04,5호선,영등포시장,8543,8833,17376,-290,6,4,토
2022-06-04,5호선,영등포구청,2153,2035,4188,118,6,4,토
2022-06-04,5호선,양평,3808,3439,7247,369,6,4,토
2022-06-04,5호선,오목교(목동운동장앞),16836,17389,34225,-553,6,4,토
2022-06-04,5호선,목동,12034,11762,23796,272,6,4,토
2022-06-04,5호선,신정(은행정),9559,7841,17400,1718,6,4,토
2022-06-04,5호선,까치산,22215,20128,42343,2087,6,4,토
2022-06-04,5호선,화곡,21122,18894,40016,2228,6,4,토
2022-06-04,5호선,우장산,10359,9934,20293,425,6,4,토
2022-06-04,5호선,발산,14283,15387,29670,-1104,6,4,토
2022-06-04,5호선,마곡,5678,5701,11379,-23,6,4,토
2022-06-04,5호선,송정,5221,4839,10060,382,6,4,토
2022-06-04,5호선,개화산,4048,3754,7802,294,6,4,토
2022-06-04,5호선,방화,4882,4608,9490,274,6,4,토
2022-06-04,4호선,남태령,1207,697,1904,510,6,4,토
2022-06-04,4호선,사당,23276,20547,43823,2729,6,4,토
2022-06-04,4호선,총신대입구(이수),15023,15893,30916,-870,6,4,토
2022-06-04,4호선,동작(현충원),2126,2182,4308,-56,6,4,토
2022-06-04,4호선,이촌(국립중앙박물관),9991,10896,20887,-905,6,4,토
2022-06-04,4호선,신용산,11832,12891,24723,-1059,6,4,토
2022-06-04,4호선,삼각지,4498,5976,10474,-1478,6,4,토
2022-06-04,4호선,숙대입구(갈월),9975,9577,19552,398,6,4,토
2022-06-04,4호선,서울역,6668,17313,23981,-10645,6,4,토
2022-06-04,4호선,회현(남대문시장),20668,21954,42622,-1286,6,4,토
2022-06-04,4호선,명동,17563,20461,38024,-2898,6,4,토
2022-06-04,4호선,충무로,14020,16236,30256,-2216,6,4,토
2022-06-04,4호선,동대문역사문화공원(DDP),12859,11410,24269,1449,6,4,토
2022-06-04,4호선,동대문,15045,15490,30535,-445,6,4,토
2022-06-04,4호선,혜화,30486,31947,62433,-1461,6,4,토
2022-06-04,4호선,한성대입구(삼선교),11671,11209,22880,462,6,4,토
2022-06-04,4호선,성신여대입구(돈암),17182,15833,33015,1349,6,4,토
2022-06-04,4호선,길음,15561,14182,29743,1379,6,4,토
2022-06-04,4호선,미아사거리,22895,21575,44470,1320,6,4,토
2022-06-04,4호선,미아(서울사이버대학),11653,10464,22117,1189,6,4,토
2022-06-04,4호선,수유(강북구청),27715,26759,54474,956,6,4,토
2022-06-04,4호선,쌍문,22701,19524,42225,3177,6,4,토
2022-06-04,4호선,창동,20768,21699,42467,-931,6,4,토
2022-06-04,공항철도 1호선,마곡나루(서울식물원),3672,3923,7595,-251,6,4,토
2022-06-04,공항철도 1호선,김포공항,11745,5751,17496,5994,6,4,토
2022-06-04,공항철도 1호선,계양,8128,7293,15421,835,6,4,토
2022-06-04,공항철도 1호선,검암,4947,5010,9957,-63,6,4,토
2022-06-04,공항철도 1호선,청라국제도시,5102,4827,9929,275,6,4,토
2022-06-04,공항철도 1호선,운서,7178,7494,14672,-316,6,4,토
2022-06-04,공항철도 1호선,공항화물청사,1444,1448,2892,-4,6,4,토
2022-06-04,공항철도 1호선,인천공항1터미널,6560,6392,12952,168,6,4,토
2022-06-04,공항철도 1호선,인천공항2터미널,2990,2594,5584,396,6,4,토
2022-06-04,공항철도 1호선,영종,3409,3532,6941,-123,6,4,토
2022-06-04,과천선,선바위,5818,5050,10868,768,6,4,토
2022-06-04,과천선,경마공원,13312,13800,27112,-488,6,4,토
2022-06-04,과천선,대공원,8431,8660,17091,-229,6,4,토
2022-06-04,과천선,과천,5093,4619,9712,474,6,4,토
2022-06-04,과천선,정부과천청사,6677,6456,13133,221,6,4,토
2022-06-04,과천선,인덕원,17930,17442,35372,488,6,4,토
2022-06-04,과천선,평촌,9700,9382,19082,318,6,4,토
2022-06-04,과천선,범계,21475,21294,42769,181,6,4,토
2022-06-04,분당선,선릉,5154,8021,13175,-2867,6,4,토
2022-06-04,분당선,한티,12736,12225,24961,511,6,4,토
2022-06-04,분당선,도곡,4696,4130,8826,566,6,4,토
2022-06-04,분당선,구룡,1508,1318,2826,190,6,4,토
2022-06-04,분당선,개포동,2721,2642,5363,79,6,4,토
2022-06-04,분당선,대모산입구,3177,2761,5938,416,6,4,토
2022-06-04,분당선,수서,10772,11898,22670,-1126,6,4,토
2022-06-04,분당선,수원,7922,6819,14741,1103,6,4,토
2022-06-04,분당선,서울숲,10810,11525,22335,-715,6,4,토
2022-06-04,분당선,압구정로데오,17261,21041,38302,-3780,6,4,토
2022-06-04,분당선,강남구청,5288,6464,11752,-1176,6,4,토
2022-06-04,분당선,선정릉,3292,3288,6580,4,6,4,토
2022-06-04,분당선,가천대,5890,6207,12097,-317,6,4,토
2022-06-04,분당선,태평,11752,10730,22482,1022,6,4,토
2022-06-04,분당선,모란,23559,24477,48036,-918,6,4,토
2022-06-04,분당선,야탑,19061,19983,39044,-922,6,4,토
2022-06-04,분당선,서현,19849,19872,39721,-23,6,4,토
2022-06-04,분당선,수내,9686,8949,18635,737,6,4,토
2022-06-04,분당선,정자,11370,7437,18807,3933,6,4,토
2022-06-04,분당선,미금,11424,11905,23329,-481,6,4,토
2022-06-04,분당선,오리,8283,6684,14967,1599,6,4,토
2022-06-04,분당선,이매,4820,4568,9388,252,6,4,토
2022-06-04,분당선,보정,1781,1611,3392,170,6,4,토
2022-06-04,분당선,죽전,10806,11828,22634,-1022,6,4,토
2022-06-04,분당선,구성,3610,3780,7390,-170,6,4,토
2022-06-04,분당선,신갈,3010,2892,5902,118,6,4,토
2022-06-04,분당선,기흥,7104,6650,13754,454,6,4,토
2022-06-04,분당선,상갈,4026,4010,8036,16,6,4,토
2022-06-04,분당선,청명,2971,2928,5899,43,6,4,토
2022-06-04,분당선,영통,7016,6858,13874,158,6,4,토
2022-06-04,분당선,망포,9590,8514,18104,1076,6,4,토
2022-06-04,분당선,매탄권선,3822,3467,7289,355,6,4,토
2022-06-04,분당선,수원시청,11437,12872,24309,-1435,6,4,토
2022-06-04,분당선,매교,2135,2128,4263,7,6,4,토
2022-06-04,수인선,고색,2650,2671,5321,-21,6,4,토
2022-06-04,수인선,오목천,2467,2074,4541,393,6,4,토
2022-06-04,수인선,어천,867,766,1633,101,6,4,토
2022-06-04,수인선,야목,325,227,552,98,6,4,토
2022-06-04,수인선,사리,3876,3256,7132,620,6,4,토
2022-06-04,수인선,달월,83,87,170,-4,6,4,토
2022-06-04,수인선,월곶,2369,2280,4649,89,6,4,토
2022-06-04,수인선,소래포구,7286,7274,14560,12,6,4,토
2022-06-04,수인선,인천논현,4606,4774,9380,-168,6,4,토
2022-06-04,수인선,호구포,2820,2623,5443,197,6,4,토
2022-06-04,수인선,남동인더스파크,937,893,1830,44,6,4,토
2022-06-04,수인선,원인재,3896,4062,7958,-166,6,4,토
2022-06-04,수인선,연수,4249,4340,8589,-91,6,4,토
2022-06-04,수인선,송도,2103,2009,4112,94,6,4,토
2022-06-04,수인선,인하대,4659,4310,8969,349,6,4,토
2022-06-04,수인선,숭의,2968,2686,5654,282,6,4,토
2022-06-04,수인선,신포,1600,1672,3272,-72,6,4,토
2022-06-04,수인선,인천,1526,2672,4198,-1146,6,4,토
2022-06-04,신림선,샛강,1677,2397,4074,-720,6,4,토
2022-06-04,신림선,대방,1689,1151,2840,538,6,4,토
2022-06-04,신림선,서울지방병무청,1639,1664,3303,-25,6,4,토
2022-06-04,신림선,보라매,2146,1738,3884,408,6,4,토
2022-06-04,신림선,보라매공원,1464,1588,3052,-124,6,4,토
2022-06-04,신림선,보라매병원,2788,2628,5416,160,6,4,토
2022-06-04,신림선,당곡,2826,2400,5226,426,6,4,토
2022-06-04,신림선,신림,1783,2017,3800,-234,6,4,토
2022-06-04,신림선,서원,2151,1811,3962,340,6,4,토
2022-06-04,신림선,서울대벤처타운,5677,4972,10649,705,6,4,토
2022-06-04,신림선,관악산(서울대),4870,5056,9926,-186,6,4,토
2022-06-04,안산선,산본,13451,14078,27529,-627,6,4,토
2022-06-04,안산선,대야미,4219,3631,7850,588,6,4,토
2022-06-04,안산선,반월,3856,3528,7384,328,6,4,토
2022-06-04,안산선,상록수,13284,12901,26185,383,6,4,토
2022-06-04,안산선,한대앞,7884,7687,15571,197,6,4,토
2022-06-04,안산선,중앙,16786,17641,34427,-855,6,4,토
2022-06-04,안산선,고잔,6726,6659,13385,67,6,4,토
2022-06-04,안산선,초지,3687,3620,7307,67,6,4,토
2022-06-04,안산선,안산,10699,11116,21815,-417,6,4,토
2022-06-04,안산선,신길온천,1649,1560,3209,89,6,4,토
2022-06-04,안산선,정왕,7587,7630,15217,-43,6,4,토
2022-06-04,안산선,오이도,8486,8906,17392,-420,6,4,토
2022-06-04,안산선,수리산,3128,2701,5829,427,6,4,토
2022-06-04,우이신설선,북한산우이,3699,3932,7631,-233,6,4,토
2022-06-04,우이신설선,솔밭공원,1934,1796,3730,138,6,4,토
2022-06-04,우이신설선,4.19민주묘지,2614,2228,4842,386,6,4,토
2022-06-04,우이신설선,가오리,3190,2838,6028,352,6,4,토
2022-06-04,우이신설선,화계,2717,2323,5040,394,6,4,토
2022-06-04,우이신설선,삼양,1584,1592,3176,-8,6,4,토
2022-06-04,우이신설선,삼양사거리,1989,1802,3791,187,6,4,토
2022-06-04,우이신설선,솔샘,3968,3474,7442,494,6,4,토
2022-06-04,우이신설선,북한산보국문,4975,4231,9206,744,6,4,토
2022-06-04,우이신설선,정릉,3846,3008,6854,838,6,4,토
2022-06-04,우이신설선,성신여대입구(돈암),2776,3382,6158,-606,6,4,토
2022-06-04,우이신설선,보문,1171,1132,2303,39,6,4,토
2022-06-04,우이신설선,신설동,1468,1448,2916,20,6,4,토
2022-06-04,일산선,원흥,8239,7649,15888,590,6,4,토
2022-06-04,일산선,지축,1,0,1,1,6,4,토
2022-06-04,일산선,삼송,15416,14342,29758,1074,6,4,토
2022-06-04,일산선,원당,8799,8281,17080,518,6,4,토
2022-06-04,경춘선,상천,506,472,978,34,6,4,토
2022-06-04,경춘선,청평,2208,2545,4753,-337,6,4,토
2022-06-04,경춘선,대성리,1556,1752,3308,-196,6,4,토
2022-06-04,경춘선,마석,3657,3615,7272,42,6,4,토
2022-06-04,경춘선,천마산,1540,1514,3054,26,6,4,토
2022-06-04,경춘선,평내호평,5122,4901,10023,221,6,4,토
2022-06-04,경춘선,금곡,1332,1258,2590,74,6,4,토
2022-06-04,경춘선,사릉,1909,1828,3737,81,6,4,토
2022-06-04,경춘선,퇴계원,2830,2544,5374,286,6,4,토
2022-06-04,경춘선,별내,2541,2360,4901,181,6,4,토
2022-06-04,경춘선,갈매,2179,1807,3986,372,6,4,토
2022-06-04,경춘선,신내,1450,1342,2792,108,6,4,토
2022-06-04,경인선,도화,3300,3020,6320,280,6,4,토
2022-06-04,경인선,중동,7226,6502,13728,724,6,4,토
2022-06-04,경인선,온수(성공회대입구),5342,4828,10170,514,6,4,토
2022-06-04,경인선,도원,2321,2354,4675,-33,6,4,토
2022-06-04,경인선,간석,4801,4425,9226,376,6,4,토
2022-06-04,경인선,부개,7072,6407,13479,665,6,4,토
2022-06-04,경인선,소사,7991,7558,15549,433,6,4,토
2022-06-04,경인선,구일,4632,4263,8895,369,6,4,토
2022-06-04,경인선,인천,6288,5731,12019,557,6,4,토
2022-06-04,경인선,동인천,12933,13103,26036,-170,6,4,토
2022-06-04,경인선,제물포,7926,7431,15357,495,6,4,토
2022-06-04,경춘선,가평,2605,3479,6084,-874,6,4,토
2022-06-04,경춘선,굴봉산,271,283,554,-12,6,4,토
2022-06-04,경춘선,백양리,167,139,306,28,6,4,토
2022-06-05,1호선,동대문,11178,11902,23080,-724,6,5,일
2022-06-05,1호선,종로5가,12302,12795,25097,-493,6,5,일
2022-06-05,1호선,종로3가,17674,15425,33099,2249,6,5,일
2022-06-05,1호선,종각,15242,13705,28947,1537,6,5,일
2022-06-05,1호선,시청,10120,11058,21178,-938,6,5,일
2022-06-05,1호선,서울역,32569,29929,62498,2640,6,5,일
2022-06-05,경원선,창동,1,0,1,1,6,5,일
2022-06-05,5호선,방화,3862,3663,7525,199,6,5,일
2022-06-05,분당선,구룡,787,785,1572,2,6,5,일
2022-06-05,분당선,도곡,2666,2597,5263,69,6,5,일
2022-06-05,분당선,한티,8703,8338,17041,365,6,5,일
2022-06-05,분당선,선릉,2809,4405,7214,-1596,6,5,일
2022-06-05,과천선,범계,16010,15682,31692,328,6,5,일
2022-06-05,과천선,평촌,6733,6357,13090,376,6,5,일
2022-06-05,과천선,인덕원,13632,13562,27194,70,6,5,일
2022-06-05,과천선,정부과천청사,4915,4600,9515,315,6,5,일
2022-06-05,과천선,과천,3863,3680,7543,183,6,5,일
2022-06-05,과천선,대공원,8099,8151,16250,-52,6,5,일
2022-06-05,과천선,경마공원,16896,17434,34330,-538,6,5,일
2022-06-05,과천선,선바위,4601,4031,8632,570,6,5,일
2022-06-05,공항철도 1호선,영종,2819,2986,5805,-167,6,5,일
2022-06-05,공항철도 1호선,인천공항2터미널,2710,2440,5150,270,6,5,일
2022-06-05,공항철도 1호선,인천공항1터미널,6847,6138,12985,709,6,5,일
2022-06-05,공항철도 1호선,공항화물청사,1066,1129,2195,-63,6,5,일
2022-06-05,공항철도 1호선,운서,6103,6212,12315,-109,6,5,일
2022-06-05,공항철도 1호선,청라국제도시,3941,3796,7737,145,6,5,일
2022-06-05,공항철도 1호선,검암,4035,4110,8145,-75,6,5,일
2022-06-05,공항철도 1호선,계양,5905,5627,11532,278,6,5,일
2022-06-05,공항철도 1호선,김포공항,10702,5754,16456,4948,6,5,일
2022-06-05,공항철도 1호선,마곡나루(서울식물원),2794,3125,5919,-331,6,5,일
2022-06-05,공항철도 1호선,디지털미디어시티,3924,3926,7850,-2,6,5,일
2022-06-05,공항철도 1호선,홍대입구,11578,11363,22941,215,6,5,일
2022-06-05,공항철도 1호선,공덕,1225,1737,2962,-512,6,5,일
2022-06-05,공항철도 1호선,서울역,8963,8076,17039,887,6,5,일
2022-06-05,경춘선,춘천,2848,2109,4957,739,6,5,일
2022-06-05,경춘선,남춘천,2841,3153,5994,-312,6,5,일
2022-06-05,경춘선,김유정,726,846,1572,-120,6,5,일
2022-06-05,경춘선,강촌,1026,842,1868,184,6,5,일
2022-06-05,경인선,중동,5239,4865,10104,374,6,5,일
2022-06-05,경인선,온수(성공회대입구),4154,3770,7924,384,6,5,일
2022-06-05,경인선,도원,1871,1830,3701,41,6,5,일
2022-06-05,경인선,간석,3383,3193,6576,190,6,5,일
2022-06-05,경인선,부개,5284,4951,10235,333,6,5,일
2022-06-05,경인선,소사,6045,5742,11787,303,6,5,일
2022-06-05,경인선,구일,3453,3350,6803,103,6,5,일
2022-06-05,경인선,인천,5910,4760,10670,1150,6,5,일
2022-06-05,경인선,동인천,10624,10263,20887,361,6,5,일
2022-06-05,경인선,제물포,6118,5792,11910,326,6,5,일
2022-06-05,경인선,주안,12646,11292,23938,1354,6,5,일
2022-06-05,경인선,동암,10699,10661,21360,38,6,5,일
2022-06-05,경인선,백운,4225,4110,8335,115,6,5,일
2022-06-05,경인선,부평,23988,25725,49713,-1737,6,5,일
2022-06-05,경인선,송내,14320,13661,27981,659,6,5,일
2022-06-05,경인선,부천,23512,23846,47358,-334,6,5,일
2022-06-05,경인선,역곡,15569,15353,30922,216,6,5,일
2022-06-05,경인선,오류동,7533,6749,14282,784,6,5,일
2022-06-05,경인선,개봉,12637,12071,24708,566,6,5,일
2022-06-05,경의선,임진강,137,90,227,47,6,5,일
2022-06-05,경의선,문산,4023,4096,8119,-73,6,5,일
2022-06-05,경의선,파주,720,619,1339,101,6,5,일
2022-06-05,경의선,월롱,1074,1443,2517,-369,6,5,일
2022-06-05,경의선,금촌,4438,4691,9129,-253,6,5,일
2022-06-05,경의선,금릉,3211,3113,6324,98,6,5,일
2022-06-05,경의선,운정,3955,3770,7725,185,6,5,일
2022-06-05,경의선,야당,5214,5377,10591,-163,6,5,일
2022-06-05,경의선,탄현,4521,4129,8650,392,6,5,일
2022-06-05,경의선,일산,4992,4727,9719,265,6,5,일
2022-06-05,경의선,풍산,3715,3567,7282,148,6,5,일
2022-06-05,경의선,백마,3550,3397,6947,153,6,5,일
2022-06-05,경의선,곡산,359,334,693,25,6,5,일
2022-06-05,경의선,능곡,2417,2414,4831,3,6,5,일
2022-06-05,경의선,행신,4945,4611,9556,334,6,5,일
2022-06-05,경의선,강매,1650,1499,3149,151,6,5,일
2022-06-05,경의선,화전,928,944,1872,-16,6,5,일
2022-06-05,경의선,수색,1088,1042,2130,46,6,5,일
2022-06-05,경의선,디지털미디어시티,1652,1513,3165,139,6,5,일
2022-06-05,경의선,가좌,3157,3111,6268,46,6,5,일
2022-06-05,경의선,홍대입구,1890,2409,4299,-519,6,5,일
2022-06-05,경의선,서강대,1437,1459,2896,-22,6,5,일
2022-06-05,경의선,공덕,1939,1648,3587,291,6,5,일
2022-06-05,경의선,효창공원앞,1478,1623,3101,-145,6,5,일
2022-06-05,경의선,신촌,321,345,666,-24,6,5,일
2022-06-05,경의선,서울역,1215,1171,2386,44,6,5,일
2022-06-05,경원선,소요산,4547,4047,8594,500,6,5,일
2022-06-05,경원선,동두천,1520,1886,3406,-366,6,5,일
2022-06-05,경원선,보산,1419,1541,2960,-122,6,5,일
2022-06-05,경원선,동두천중앙,2507,2490,4997,17,6,5,일
2022-06-05,경원선,지행,4777,4794,9571,-17,6,5,일
2022-06-05,경원선,덕정,3651,3702,7353,-51,6,5,일
2022-06-05,경원선,덕계,2073,1964,4037,109,6,5,일
2022-06-05,경원선,양주,5695,5436,11131,259,6,5,일
2022-06-05,경원선,녹양,2954,2763,5717,191,6,5,일
2022-06-05,경원선,가능,4214,3854,8068,360,6,5,일
2022-06-05,경원선,의정부,15283,15727,31010,-444,6,5,일
2022-06-05,경원선,회룡,8144,8079,16223,65,6,5,일
2022-06-05,경원선,망월사,4760,4887,9647,-127,6,5,일
2022-06-05,경원선,도봉산,9057,6521,15578,2536,6,5,일
2022-06-05,경원선,도봉,3743,3498,7241,245,6,5,일
2022-06-05,경원선,방학,6415,6154,12569,261,6,5,일
2022-06-05,경원선,녹천,2732,2358,5090,374,6,5,일
2022-06-05,경원선,월계,3996,3581,7577,415,6,5,일
2022-06-05,경원선,광운대,4189,4212,8401,-23,6,5,일
2022-06-05,경원선,석계,5415,5708,11123,-293,6,5,일
2022-06-05,경원선,신이문,5119,4717,9836,402,6,5,일
2022-06-05,경원선,외대앞,4878,4741,9619,137,6,5,일
2022-06-05,경원선,청량리(서울시립대입구),15788,14708,30496,1080,6,5,일
2022-06-05,경원선,왕십리(성동구청),10558,11832,22390,-1274,6,5,일
2022-06-05,경원선,응봉,1247,1053,2300,194,6,5,일
2022-06-05,경원선,옥수,45,24,69,21,6,5,일
2022-06-05,경원선,한남,2246,2222,4468,24,6,5,일
2022-06-05,경원선,서빙고,1853,1820,3673,33,6,5,일
2022-06-05,경원선,이촌(국립중앙박물관),2773,1926,4699,847,6,5,일
2022-06-05,경부선,광명,2863,2202,5065,661,6,5,일
2022-06-05,경부선,서동탄,836,897,1733,-61,6,5,일
2022-06-05,경부선,당정,3371,3278,6649,93,6,5,일
2022-06-05,경부선,천안,6577,6594,13171,-17,6,5,일
2022-06-05,경부선,두정,4598,5049,9647,-451,6,5,일
2022-06-05,경부선,직산,589,598,1187,-9,6,5,일
2022-06-05,경부선,성환,2691,2917,5608,-226,6,5,일
2022-06-05,경부선,평택,12085,12445,24530,-360,6,5,일
2022-06-05,경부선,평택지제,2519,2298,4817,221,6,5,일
2022-06-05,경부선,서정리,4781,5652,10433,-871,6,5,일
2022-06-05,경부선,송탄,3880,3981,7861,-101,6,5,일
2022-06-05,경부선,진위,862,851,1713,11,6,5,일
2022-06-05,경부선,오산,8355,8287,16642,68,6,5,일
2022-06-05,경부선,오산대,2548,2319,4867,229,6,5,일
2022-06-05,경부선,세마,1981,1820,3801,161,6,5,일
2022-06-05,경부선,병점,10033,10164,20197,-131,6,5,일
2022-06-05,경부선,세류,2151,2183,4334,-32,6,5,일
2022-06-05,경부선,독산,6884,6517,13401,367,6,5,일
2022-06-05,경부선,수원,35121,36038,71159,-917,6,5,일
2022-06-05,경부선,화서,4627,4528,9155,99,6,5,일
2022-06-05,경부선,성균관대,8454,8450,16904,4,6,5,일
2022-06-05,경부선,의왕,4848,4636,9484,212,6,5,일
2022-06-05,경부선,군포,3259,3041,6300,218,6,5,일
2022-06-05,경부선,금정,16121,15898,32019,223,6,5,일
2022-06-05,경부선,명학,3578,3283,6861,295,6,5,일
2022-06-05,경부선,안양,14752,14572,29324,180,6,5,일
2022-06-05,경부선,관악,5327,4923,10250,404,6,5,일
2022-06-05,경부선,석수,5720,5292,11012,428,6,5,일
2022-06-05,경부선,금천구청,6730,6601,13331,129,6,5,일
2022-06-05,경부선,가산디지털단지,5241,6830,12071,-1589,6,5,일
2022-06-05,경부선,구로,10616,10992,21608,-376,6,5,일
2022-06-05,경부선,신길,4947,4388,9335,559,6,5,일
2022-06-05,경부선,신도림,2794,2798,5592,-4,6,5,일
2022-06-05,경부선,영등포,35836,36211,72047,-375,6,5,일
2022-06-05,경부선,대방,5710,6092,11802,-382,6,5,일
2022-06-05,경부선,노량진,6521,6066,12587,455,6,5,일
2022-06-05,경부선,용산,36610,35160,71770,1450,6,5,일
2022-06-05,경부선,남영,4804,5004,9808,-200,6,5,일
2022-06-05,경부선,서울역,8767,1834,10601,6933,6,5,일
2022-06-05,경강선,여주,2486,2559,5045,-73,6,5,일
2022-06-05,경강선,세종대왕릉,321,340,661,-19,6,5,일
2022-06-05,경강선,부발,1496,1740,3236,-244,6,5,일
2022-06-05,경강선,이천,2267,2480,4747,-213,6,5,일
2022-06-05,경강선,신둔도예촌,999,996,1995,3,6,5,일
2022-06-05,경강선,곤지암,1780,1817,3597,-37,6,5,일
2022-06-05,경강선,초월,1818,1651,3469,167,6,5,일
2022-06-05,경강선,경기광주,4348,4177,8525,171,6,5,일
2022-06-05,경강선,삼동,1143,1105,2248,38,6,5,일
2022-06-05,경강선,이매,802,599,1401,203,6,5,일
2022-06-05,경강선,판교,2639,2556,5195,83,6,5,일
2022-06-05,9호선2~3단계,중앙보훈병원,3942,3786,7728,156,6,5,일
2022-06-05,9호선2~3단계,둔촌오륜,552,538,1090,14,6,5,일
2022-06-05,9호선2~3단계,올림픽공원(한국체대),6957,7187,14144,-230,6,5,일
2022-06-05,9호선2~3단계,한성백제,1675,1465,3140,210,6,5,일
2022-06-05,9호선2~3단계,송파나루,3118,3381,6499,-263,6,5,일
2022-06-05,9호선2~3단계,석촌,4909,4273,9182,636,6,5,일
2022-06-05,9호선2~3단계,석촌고분,3256,3135,6391,121,6,5,일
2022-06-05,9호선2~3단계,삼전,3721,3429,7150,292,6,5,일
2022-06-05,9호선2~3단계,종합운동장,2347,2193,4540,154,6,5,일
2022-06-05,9호선2~3단계,봉은사,11393,12395,23788,-1002,6,5,일
2022-06-05,9호선2~3단계,삼성중앙,2100,2073,4173,27,6,5,일
2022-06-05,9호선2~3단계,선정릉,3160,3482,6642,-322,6,5,일
2022-06-05,9호선2~3단계,언주,3955,3878,7833,77,6,5,일
2022-06-05,9호선,신논현,15717,15779,31496,-62,6,5,일
2022-06-05,9호선,사평,1722,1606,3328,116,6,5,일
2022-06-05,9호선,고속터미널,11654,16426,28080,-4772,6,5,일
2022-06-05,9호선,신반포,2027,2118,4145,-91,6,5,일
2022-06-05,9호선,구반포,472,506,978,-34,6,5,일
2022-06-05,9호선,동작(현충원),3990,3837,7827,153,6,5,일
2022-06-05,9호선,흑석(중앙대입구),4117,4302,8419,-185,6,5,일
2022-06-05,9호선,노들,2810,2495,5305,315,6,5,일
2022-06-05,9호선,노량진,15424,15945,31369,-521,6,5,일
2022-06-05,9호선,샛강,2154,1871,4025,283,6,5,일
2022-06-05,9호선,여의도,10573,9398,19971,1175,6,5,일
2022-06-05,9호선,국회의사당,5042,4911,9953,131,6,5,일
2022-06-05,9호선,당산,9593,9088,18681,505,6,5,일
2022-06-05,9호선,선유도,3099,3001,6100,98,6,5,일
2022-06-05,9호선,신목동,1906,1599,3505,307,6,5,일
2022-06-05,9호선,염창,9305,8978,18283,327,6,5,일
2022-06-05,9호선,등촌,5469,5131,10600,338,6,5,일
2022-06-05,9호선,증미,2983,2909,5892,74,6,5,일
2022-06-05,9호선,가양,11928,11323,23251,605,6,5,일
2022-06-05,9호선,양천향교,4266,4089,8355,177,6,5,일
2022-06-05,9호선,마곡나루(서울식물원),6109,6130,12239,-21,6,5,일
2022-06-05,9호선,신방화,3641,3499,7140,142,6,5,일
2022-06-05,9호선,공항시장,1796,1902,3698,-106,6,5,일
2022-06-05,9호선,김포공항,7622,11181,18803,-3559,6,5,일
2022-06-05,9호선,개화,1231,1061,2292,170,6,5,일
2022-06-05,8호선,남위례,2566,2708,5274,-142,6,5,일
2022-06-05,8호선,모란,2790,2351,5141,439,6,5,일
2022-06-05,8호선,수진,3044,2744,5788,300,6,5,일
2022-06-05,8호선,신흥,2622,2882,5504,-260,6,5,일
2022-06-05,8호선,단대오거리,5928,5487,11415,441,6,5,일
2022-06-05,8호선,남한산성입구(성남법원.검찰청),7179,6332,13511,847,6,5,일
2022-06-05,8호선,산성,3244,3311,6555,-67,6,5,일
2022-06-05,8호선,복정,5156,4475,9631,681,6,5,일
2022-06-05,8호선,장지,9202,8988,18190,214,6,5,일
2022-06-05,8호선,문정,5391,5511,10902,-120,6,5,일
2022-06-05,8호선,가락시장,3379,4158,7537,-779,6,5,일
2022-06-05,8호선,송파,4135,4098,8233,37,6,5,일
2022-06-05,8호선,석촌,4218,5088,9306,-870,6,5,일
2022-06-05,8호선,잠실(송파구청),10647,12246,22893,-1599,6,5,일
2022-06-05,8호선,몽촌토성(평화의문),3447,3437,6884,10,6,5,일
2022-06-05,8호선,강동구청,4671,4658,9329,13,6,5,일
2022-06-05,8호선,천호(풍납토성),9005,10690,19695,-1685,6,5,일
2022-06-05,8호선,암사,9243,8410,17653,833,6,5,일
2022-06-05,7호선,온수(성공회대입구),4183,4145,8328,38,6,5,일
2022-06-05,7호선,천왕,5287,5025,10312,262,6,5,일
2022-06-05,7호선,광명사거리,13394,13091,26485,303,6,5,일
2022-06-05,7호선,철산,11205,11351,22556,-146,6,5,일
2022-06-05,7호선,가산디지털단지,11244,10322,21566,922,6,5,일
2022-06-05,7호선,남구로,7241,6928,14169,313,6,5,일
2022-06-05,7호선,대림(구로구청),9079,8615,17694,464,6,5,일
2022-06-05,7호선,신풍,6492,6107,12599,385,6,5,일
2022-06-05,7호선,보라매,4011,3876,7887,135,6,5,일
2022-06-05,7호선,신대방삼거리,7982,7646,15628,336,6,5,일
2022-06-05,7호선,장승배기,4673,4601,9274,72,6,5,일
2022-06-05,7호선,상도,5665,5504,11169,161,6,5,일
2022-06-05,7호선,숭실대입구(살피재),6050,6283,12333,-233,6,5,일
2022-06-05,7호선,남성,5605,5373,10978,232,6,5,일
2022-06-05,7호선,이수,9075,8503,17578,572,6,5,일
2022-06-05,7호선,내방,5284,5377,10661,-93,6,5,일
2022-06-05,7호선,고속터미널,12864,8313,21177,4551,6,5,일
2022-06-05,7호선,반포,3031,2818,5849,213,6,5,일
2022-06-05,7호선,논현,5726,6059,11785,-333,6,5,일
2022-06-05,7호선,학동,6311,6707,13018,-396,6,5,일
2022-06-05,7호선,강남구청,5714,6309,12023,-595,6,5,일
2022-06-05,7호선,청담,6946,7636,14582,-690,6,5,일
2022-06-05,7호선,뚝섬유원지,8062,7806,15868,256,6,5,일
2022-06-05,7호선,건대입구,8154,8863,17017,-709,6,5,일
2022-06-05,7호선,어린이대공원(세종대),8237,8232,16469,5,6,5,일
2022-06-05,7호선,군자(능동),8281,6263,14544,2018,6,5,일
2022-06-05,7호선,중곡,5443,5132,10575,311,6,5,일
2022-06-05,7호선,용마산(용마폭포공원),3542,3716,7258,-174,6,5,일
2022-06-05,7호선,사가정,9263,8978,18241,285,6,5,일
2022-06-05,7호선,면목,8237,7732,15969,505,6,5,일
2022-06-05,7호선,상봉(시외버스터미널),9964,9498,19462,466,6,5,일
2022-06-05,7호선,중화,5761,5552,11313,209,6,5,일
2022-06-05,7호선,먹골,5557,5265,10822,292,6,5,일
2022-06-05,7호선,태릉입구,5578,4967,10545,611,6,5,일
2022-06-05,7호선,공릉(서울과학기술대),6901,6715,13616,186,6,5,일
2022-06-05,7호선,하계,9391,8991,18382,400,6,5,일
2022-06-05,7호선,중계,7083,6342,13425,741,6,5,일
2022-06-05,7호선,노원,11209,11843,23052,-634,6,5,일
2022-06-05,7호선,마들,6388,5797,12185,591,6,5,일
2022-06-05,7호선,수락산,8438,8341,16779,97,6,5,일
2022-06-05,7호선,도봉산,5572,8065,13637,-2493,6,5,일
2022-06-05,7호선,장암,1533,1002,2535,531,6,5,일
2022-06-05,6호선,봉화산(서울의료원),4284,4124,8408,160,6,5,일
2022-06-05,6호선,화랑대(서울여대입구),5202,4766,9968,436,6,5,일
2022-06-05,6호선,태릉입구,3687,3747,7434,-60,6,5,일
2022-06-05,6호선,석계,6704,7039,13743,-335,6,5,일
2022-06-05,6호선,돌곶이,5735,5118,10853,617,6,5,일
2022-06-05,6호선,상월곡(한국과학기술연구원),3384,2957,6341,427,6,5,일
2022-06-05,6호선,월곡(동덕여대),5675,5392,11067,283,6,5,일
2022-06-05,6호선,고려대(종암),4212,4043,8255,169,6,5,일
2022-06-05,6호선,안암(고대병원앞),4804,4776,9580,28,6,5,일
2022-06-05,6호선,보문,4192,3738,7930,454,6,5,일
2022-06-05,6호선,창신,1779,1518,3297,261,6,5,일
2022-06-05,6호선,동묘앞,6587,6394,12981,193,6,5,일
2022-06-05,6호선,신당,4996,5415,10411,-419,6,5,일
2022-06-05,6호선,청구,1770,1699,3469,71,6,5,일
2022-06-05,6호선,약수,1874,1945,3819,-71,6,5,일
2022-06-05,6호선,버티고개,1159,1234,2393,-75,6,5,일
2022-06-05,6호선,한강진,7914,9630,17544,-1716,6,5,일
2022-06-05,6호선,이태원,14518,15218,29736,-700,6,5,일
2022-06-05,6호선,녹사평(용산구청),4514,4734,9248,-220,6,5,일
2022-06-05,6호선,삼각지,5461,4136,9597,1325,6,5,일
2022-06-05,6호선,효창공원앞,3763,3176,6939,587,6,5,일
2022-06-05,6호선,공덕,7433,6929,14362,504,6,5,일
2022-06-05,6호선,대흥(서강대앞),4171,4284,8455,-113,6,5,일
2022-06-05,6호선,광흥창(서강),4314,4017,8331,297,6,5,일
2022-06-05,6호선,상수,7362,9424,16786,-2062,6,5,일
2022-06-05,6호선,합정,10435,9759,20194,676,6,5,일
2022-06-05,6호선,망원,9861,10999,20860,-1138,6,5,일
2022-06-05,6호선,마포구청,7389,6402,13791,987,6,5,일
2022-06-05,6호선,월드컵경기장(성산),4529,4602,9131,-73,6,5,일
2022-06-05,6호선,디지털미디어시티,5812,5908,11720,-96,6,5,일
2022-06-05,6호선,증산(명지대앞),5797,5635,11432,162,6,5,일
2022-06-05,6호선,새절(신사),7004,6587,13591,417,6,5,일
2022-06-05,6호선,구산,4043,2928,6971,1115,6,5,일
2022-06-05,6호선,연신내,1,0,1,1,6,5,일
2022-06-05,6호선,독바위,1571,1910,3481,-339,6,5,일
2022-06-05,6호선,불광,3196,2765,5961,431,6,5,일
2022-06-05,6호선,역촌,2072,2306,4378,-234,6,5,일
2022-06-05,6호선,응암,10031,9813,19844,218,6,5,일
2022-06-05,5호선,하남검단산,5015,5024,10039,-9,6,5,일
2022-06-05,5호선,하남시청(덕풍·신장),4526,4175,8701,351,6,5,일
2022-06-05,5호선,하남풍산,2298,2253,4551,45,6,5,일
2022-06-05,5호선,미사,9519,9672,19191,-153,6,5,일
2022-06-05,5호선,강일,2453,2241,4694,212,6,5,일
2022-06-05,5호선,마천,3784,3978,7762,-194,6,5,일
2022-06-05,5호선,거여,5054,4730,9784,324,6,5,일
2022-06-05,5호선,개롱,3171,3316,6487,-145,6,5,일
2022-06-05,5호선,오금,1646,1540,3186,106,6,5,일
2022-06-05,우이신설선,삼양사거리,1657,1560,3217,97,6,5,일
2022-06-05,우이신설선,솔샘,3099,2653,5752,446,6,5,일
2022-06-05,우이신설선,북한산보국문,3978,3492,7470,486,6,5,일
2022-06-05,우이신설선,정릉,2995,2454,5449,541,6,5,일
2022-06-05,우이신설선,성신여대입구(돈암),2269,2663,4932,-394,6,5,일
2022-06-05,우이신설선,보문,1060,1039,2099,21,6,5,일
2022-06-05,우이신설선,신설동,1248,1255,2503,-7,6,5,일
2022-06-05,일산선,원흥,6481,6118,12599,363,6,5,일
2022-06-05,일산선,삼송,12019,11560,23579,459,6,5,일
2022-06-05,일산선,원당,6526,6199,12725,327,6,5,일
2022-06-05,일산선,화정,9940,10045,19985,-105,6,5,일
2022-06-05,일산선,대곡,1213,1042,2255,171,6,5,일
2022-06-05,일산선,백석,5754,5668,11422,86,6,5,일
2022-06-05,일산선,마두,3683,3681,7364,2,6,5,일
2022-06-05,일산선,정발산,5801,6204,12005,-403,6,5,일
2022-06-05,일산선,주엽,5100,5055,10155,45,6,5,일
2022-06-05,일산선,대화,6894,6195,13089,699,6,5,일
2022-06-05,장항선,봉명,551,561,1112,-10,6,5,일
2022-06-05,장항선,쌍용(나사렛대),1341,1347,2688,-6,6,5,일
2022-06-05,장항선,아산,3172,2336,5508,836,6,5,일
2022-06-05,장항선,탕정,542,525,1067,17,6,5,일
2022-06-05,장항선,배방,845,937,1782,-92,6,5,일
2022-06-05,장항선,온양온천,3650,3576,7226,74,6,5,일
2022-06-05,장항선,신창(순천향대),1037,1265,2302,-228,6,5,일
2022-06-05,중앙선,회기,16749,16414,33163,335,6,5,일
2022-06-05,중앙선,중랑,3750,3542,7292,208,6,5,일
2022-06-05,중앙선,상봉(시외버스터미널),4255,4354,8609,-99,6,5,일
2022-06-05,중앙선,망우,5409,5440,10849,-31,6,5,일
2022-06-05,중앙선,양원,1616,1576,3192,40,6,5,일
2022-06-05,중앙선,구리,8383,8591,16974,-208,6,5,일
2022-06-05,중앙선,도농,5918,5893,11811,25,6,5,일
2022-06-05,중앙선,양정,551,441,992,110,6,5,일
2022-06-05,중앙선,덕소,3743,3841,7584,-98,6,5,일
2022-06-05,중앙선,도심,1397,1319,2716,78,6,5,일
2022-06-05,중앙선,팔당,1620,1691,3311,-71,6,5,일
2022-06-05,중앙선,운길산,1589,1562,3151,27,6,5,일
2022-06-05,중앙선,양수,2387,2283,4670,104,6,5,일
2022-06-05,중앙선,신원,332,234,566,98,6,5,일
2022-06-05,중앙선,국수,655,596,1251,59,6,5,일
2022-06-05,중앙선,아신,691,591,1282,100,6,5,일
2022-06-05,중앙선,오빈,277,230,507,47,6,5,일
2022-06-05,중앙선,양평,2676,2655,5331,21,6,5,일
2022-06-05,중앙선,원덕,450,459,909,-9,6,5,일
2022-06-05,중앙선,용문,4982,4741,9723,241,6,5,일
2022-06-05,중앙선,지평,68,65,133,3,6,5,일
2022-06-05,경춘선,백양리,103,96,199,7,6,5,일
2022-06-05,경춘선,굴봉산,349,290,639,59,6,5,일
2022-06-05,경춘선,가평,3050,2742,5792,308,6,5,일
2022-06-05,경춘선,상천,621,522,1143,99,6,5,일
2022-06-05,경춘선,청평,2181,2013,4194,168,6,5,일
2022-06-05,경춘선,대성리,1558,1363,2921,195,6,5,일
2022-06-05,경춘선,마석,2908,2839,5747,69,6,5,일
2022-06-05,경춘선,천마산,1277,1212,2489,65,6,5,일
2022-06-05,경춘선,평내호평,3810,3669,7479,141,6,5,일
2022-06-05,경춘선,금곡,956,897,1853,59,6,5,일
2022-06-05,경춘선,사릉,1455,1487,2942,-32,6,5,일
2022-06-05,경춘선,퇴계원,2302,2047,4349,255,6,5,일
2022-06-05,경춘선,별내,1960,1869,3829,91,6,5,일
2022-06-05,경춘선,갈매,1652,1406,3058,246,6,5,일
2022-06-05,경춘선,신내,1095,1088,2183,7,6,5,일
2022-06-05,경인선,도화,2672,2414,5086,258,6,5,일
2022-06-05,우이신설선,삼양,1283,1308,2591,-25,6,5,일
2022-06-05,우이신설선,화계,2192,2024,4216,168,6,5,일
2022-06-05,우이신설선,가오리,2491,2319,4810,172,6,5,일
2022-06-05,우이신설선,4.19민주묘지,2133,1783,3916,350,6,5,일
2022-06-05,우이신설선,솔밭공원,1556,1471,3027,85,6,5,일
2022-06-05,우이신설선,북한산우이,3666,3705,7371,-39,6,5,일
2022-06-05,안산선,수리산,2405,2280,4685,125,6,5,일
2022-06-05,안산선,오이도,7014,7076,14090,-62,6,5,일
2022-06-05,안산선,정왕,6112,6196,12308,-84,6,5,일
2022-06-05,안산선,신길온천,1375,1254,2629,121,6,5,일
2022-06-05,안산선,안산,11542,10679,22221,863,6,5,일
2022-06-05,안산선,초지,2898,2740,5638,158,6,5,일
2022-06-05,안산선,고잔,4847,4854,9701,-7,6,5,일
2022-06-05,안산선,중앙,12734,13406,26140,-672,6,5,일
2022-06-05,안산선,한대앞,5975,5865,11840,110,6,5,일
2022-06-05,안산선,상록수,10177,9866,20043,311,6,5,일
2022-06-05,안산선,반월,2772,2734,5506,38,6,5,일
2022-06-05,안산선,대야미,3369,2969,6338,400,6,5,일
2022-06-05,안산선,산본,9670,10350,20020,-680,6,5,일
2022-06-05,신림선,관악산(서울대),4622,4982,9604,-360,6,5,일
2022-06-05,신림선,서울대벤처타운,4615,4207,8822,408,6,5,일
2022-06-05,신림선,서원,1889,1620,3509,269,6,5,일
2022-06-05,신림선,신림,1424,1754,3178,-330,6,5,일
2022-06-05,신림선,당곡,2297,1941,4238,356,6,5,일
2022-06-05,신림선,보라매병원,1960,1953,3913,7,6,5,일
2022-06-05,신림선,보라매공원,1182,1349,2531,-167,6,5,일
2022-06-05,신림선,보라매,1674,1476,3150,198,6,5,일
2022-06-05,신림선,서울지방병무청,1395,1382,2777,13,6,5,일
2022-06-05,신림선,대방,1306,929,2235,377,6,5,일
2022-06-05,신림선,샛강,1416,2062,3478,-646,6,5,일
2022-06-05,수인선,인천,1411,2339,3750,-928,6,5,일
2022-06-05,수인선,신포,1278,1283,2561,-5,6,5,일
2022-06-05,수인선,숭의,2081,1938,4019,143,6,5,일
2022-06-05,수인선,인하대,3222,3064,6286,158,6,5,일
2022-06-05,수인선,송도,1636,1650,3286,-14,6,5,일
2022-06-05,수인선,연수,3448,3540,6988,-92,6,5,일
2022-06-05,수인선,원인재,3084,3053,6137,31,6,5,일
2022-06-05,수인선,남동인더스파크,571,537,1108,34,6,5,일
2022-06-05,수인선,호구포,2435,2269,4704,166,6,5,일
2022-06-05,수인선,인천논현,3139,3279,6418,-140,6,5,일
2022-06-05,수인선,소래포구,6415,6351,12766,64,6,5,일
2022-06-05,수인선,월곶,1895,1905,3800,-10,6,5,일
2022-06-05,수인선,달월,61,55,116,6,6,5,일
2022-06-05,수인선,사리,2929,2454,5383,475,6,5,일
2022-06-05,수인선,야목,271,194,465,77,6,5,일
2022-06-05,수인선,어천,662,682,1344,-20,6,5,일
2022-06-05,수인선,오목천,1873,1719,3592,154,6,5,일
2022-06-05,수인선,고색,1936,1986,3922,-50,6,5,일
2022-06-05,분당선,매교,1508,1520,3028,-12,6,5,일
2022-06-05,분당선,수원시청,7790,8912,16702,-1122,6,5,일
2022-06-05,분당선,매탄권선,2758,2549,5307,209,6,5,일
2022-06-05,분당선,망포,6777,6334,13111,443,6,5,일
2022-06-05,분당선,영통,5039,4959,9998,80,6,5,일
2022-06-05,분당선,청명,2062,1990,4052,72,6,5,일
2022-06-05,분당선,상갈,3167,3104,6271,63,6,5,일
2022-06-05,분당선,기흥,5262,4890,10152,372,6,5,일
2022-06-05,분당선,신갈,2198,2231,4429,-33,6,5,일
2022-06-05,분당선,구성,2802,2761,5563,41,6,5,일
2022-06-05,분당선,죽전,8267,9230,17497,-963,6,5,일
2022-06-05,분당선,보정,1251,1181,2432,70,6,5,일
2022-06-05,분당선,이매,3829,3884,7713,-55,6,5,일
2022-06-05,분당선,오리,5621,4848,10469,773,6,5,일
2022-06-05,분당선,미금,7705,8193,15898,-488,6,5,일
2022-06-05,분당선,정자,7905,3226,11131,4679,6,5,일
2022-06-05,분당선,수내,6501,5997,12498,504,6,5,일
2022-06-05,분당선,서현,14408,14787,29195,-379,6,5,일
2022-06-05,분당선,야탑,14098,14512,28610,-414,6,5,일
2022-06-05,분당선,모란,11583,12085,23668,-502,6,5,일
2022-06-05,분당선,태평,8621,7924,16545,697,6,5,일
2022-06-05,분당선,가천대,4087,4778,8865,-691,6,5,일
2022-06-05,분당선,선정릉,2048,2155,4203,-107,6,5,일
2022-06-05,분당선,강남구청,3139,3690,6829,-551,6,5,일
2022-06-05,분당선,압구정로데오,10372,12470,22842,-2098,6,5,일
2022-06-05,분당선,서울숲,8099,8392,16491,-293,6,5,일
2022-06-05,분당선,수원,6419,5446,11865,973,6,5,일
2022-06-05,분당선,수서,8704,8527,17231,177,6,5,일
2022-06-05,분당선,대모산입구,2106,1972,4078,134,6,5,일
2022-06-05,분당선,개포동,1984,2000,3984,-16,6,5,일
2022-06-05,5호선,방이,4333,4023,8356,310,6,5,일
2022-06-05,5호선,올림픽공원(한국체대),2974,2731,5705,243,6,5,일
2022-06-05,5호선,둔촌동,4816,4718,9534,98,6,5,일
2022-06-05,5호선,상일동,6913,6445,13358,468,6,5,일
2022-06-05,5호선,고덕,4397,4366,8763,31,6,5,일
2022-06-05,5호선,명일,5173,5156,10329,17,6,5,일
2022-06-05,5호선,굽은다리(강동구민회관앞),5785,5300,11085,485,6,5,일
2022-06-05,5호선,길동,4417,4371,8788,46,6,5,일
2022-06-05,5호선,강동,9438,9026,18464,412,6,5,일
2022-06-05,5호선,천호(풍납토성),13527,12737,26264,790,6,5,일
2022-06-05,5호선,광나루(장신대),9221,8755,17976,466,6,5,일
2022-06-05,5호선,아차산(어린이대공원후문),11074,10492,21566,582,6,5,일
2022-06-05,5호선,군자(능동),6372,7130,13502,-758,6,5,일
2022-06-05,5호선,장한평,8432,8101,16533,331,6,5,일
2022-06-05,5호선,답십리,7919,7020,14939,899,6,5,일
2022-06-05,5호선,마장,3038,2815,5853,223,6,5,일
2022-06-05,5호선,왕십리(성동구청),2691,3302,5993,-611,6,5,일
2022-06-05,5호선,행당,4156,3666,7822,490,6,5,일
2022-06-05,5호선,신금호,3162,3263,6425,-101,6,5,일
2022-06-05,5호선,청구,1921,1781,3702,140,6,5,일
2022-06-05,5호선,동대문역사문화공원(DDP),674,928,1602,-254,6,5,일
2022-06-05,5호선,을지로4가,2087,2388,4475,-301,6,5,일
2022-06-05,5호선,종로3가,11163,10718,21881,445,6,5,일
2022-06-05,5호선,광화문(세종문화회관),13878,15702,29580,-1824,6,5,일
2022-06-05,5호선,서대문,5168,5052,10220,116,6,5,일
2022-06-05,5호선,충정로(경기대입구),1546,1418,2964,128,6,5,일
2022-06-05,5호선,애오개,2724,2743,5467,-19,6,5,일
2022-06-05,5호선,공덕,4927,5038,9965,-111,6,5,일
2022-06-05,5호선,마포,5135,5133,10268,2,6,5,일
2022-06-05,5호선,여의나루,12771,14532,27303,-1761,6,5,일
2022-06-05,5호선,여의도,8825,8826,17651,-1,6,5,일
2022-06-05,5호선,신길,2185,2104,4289,81,6,5,일
2022-06-05,5호선,영등포시장,5825,6178,12003,-353,6,5,일
2022-06-05,5호선,영등포구청,1428,1385,2813,43,6,5,일
2022-06-05,5호선,양평,2895,2740,5635,155,6,5,일
2022-06-05,5호선,오목교(목동운동장앞),12080,12860,24940,-780,6,5,일
2022-06-05,5호선,목동,8612,8644,17256,-32,6,5,일
2022-06-05,5호선,신정(은행정),6803,5668,12471,1135,6,5,일
2022-06-05,5호선,까치산,16482,15771,32253,711,6,5,일
2022-06-05,5호선,화곡,15130,13938,29068,1192,6,5,일
2022-06-05,5호선,우장산,7422,7174,14596,248,6,5,일
2022-06-05,5호선,발산,9398,10319,19717,-921,6,5,일
2022-06-05,5호선,마곡,3840,3958,7798,-118,6,5,일
2022-06-05,5호선,송정,4038,3763,7801,275,6,5,일
2022-06-05,5호선,김포공항,7111,7274,14385,-163,6,5,일
2022-06-05,5호선,개화산,2898,2840,5738,58,6,5,일
2022-06-05,4호선,남태령,905,633,1538,272,6,5,일
2022-06-05,4호선,사당,16779,15239,32018,1540,6,5,일
2022-06-05,4호선,총신대입구(이수),10926,11698,22624,-772,6,5,일
2022-06-05,4호선,동작(현충원),2000,2076,4076,-76,6,5,일
2022-06-05,4호선,이촌(국립중앙박물관),7680,8535,16215,-855,6,5,일
2022-06-05,4호선,신용산,9124,9666,18790,-542,6,5,일
2022-06-05,4호선,삼각지,3421,4721,8142,-1300,6,5,일
2022-06-05,4호선,숙대입구(갈월),7975,7685,15660,290,6,5,일
2022-06-05,4호선,서울역,4905,12511,17416,-7606,6,5,일
2022-06-05,4호선,회현(남대문시장),10220,10282,20502,-62,6,5,일
2022-06-05,4호선,명동,15756,17213,32969,-1457,6,5,일
2022-06-05,4호선,충무로,9324,10657,19981,-1333,6,5,일
2022-06-05,4호선,동대문역사문화공원(DDP),10705,10166,20871,539,6,5,일
2022-06-05,4호선,동대문,8748,9043,17791,-295,6,5,일
2022-06-05,4호선,혜화,26038,27209,53247,-1171,6,5,일
2022-06-05,4호선,한성대입구(삼선교),8613,8412,17025,201,6,5,일
2022-06-05,4호선,성신여대입구(돈암),13004,12198,25202,806,6,5,일
2022-06-05,4호선,길음,11364,10670,22034,694,6,5,일
2022-06-05,4호선,미아사거리,16672,15837,32509,835,6,5,일
2022-06-05,4호선,미아(서울사이버대학),8759,8074,16833,685,6,5,일
2022-06-05,4호선,수유(강북구청),21171,20388,41559,783,6,5,일
2022-06-05,4호선,쌍문,17070,14896,31966,2174,6,5,일
2022-06-05,4호선,창동,16005,16616,32621,-611,6,5,일
2022-06-05,4호선,노원,12564,14117,26681,-1553,6,5,일
2022-06-05,4호선,상계,11029,10136,21165,893,6,5,일
2022-06-05,4호선,당고개,6135,5697,11832,438,6,5,일
2022-06-05,3호선,오금,2780,2639,5419,141,6,5,일
2022-06-05,3호선,경찰병원,2892,2912,5804,-20,6,5,일
2022-06-05,3호선,가락시장,3979,4201,8180,-222,6,5,일
2022-06-05,3호선,수서,10979,11162,22141,-183,6,5,일
2022-06-05,3호선,일원,3580,3616,7196,-36,6,5,일
2022-06-05,3호선,대청,4421,4067,8488,354,6,5,일
2022-06-05,3호선,학여울,1201,1171,2372,30,6,5,일
2022-06-05,3호선,대치,6508,5662,12170,846,6,5,일
2022-06-05,3호선,도곡,2001,2015,4016,-14,6,5,일
2022-06-05,3호선,매봉,4556,4509,9065,47,6,5,일
2022-06-05,3호선,양재(서초구청),13841,15037,28878,-1196,6,5,일
2022-06-05,3호선,남부터미널(예술의전당),14467,14395,28862,72,6,5,일
2022-06-05,3호선,교대(법원.검찰청),4603,2653,7256,1950,6,5,일
2022-06-05,3호선,고속터미널,41690,40691,82381,999,6,5,일
2022-06-05,3호선,잠원,2300,2244,4544,56,6,5,일
2022-06-05,3호선,신사,13453,14293,27746,-840,6,5,일
2022-06-05,3호선,압구정,14550,15572,30122,-1022,6,5,일
2022-06-05,3호선,옥수,5223,5293,10516,-70,6,5,일
2022-06-05,3호선,금호,4367,3995,8362,372,6,5,일
2022-06-05,3호선,약수,7140,6848,13988,292,6,5,일
2022-06-05,3호선,동대입구,7154,8164,15318,-1010,6,5,일
2022-06-05,3호선,충무로,1,0,1,1,6,5,일
2022-06-05,3호선,을지로3가,4439,4296,8735,143,6,5,일
2022-06-05,3호선,종로3가,4551,6774,11325,-2223,6,5,일
2022-06-05,3호선,안국,17527,18559,36086,-1032,6,5,일
2022-06-05,3호선,경복궁(정부서울청사),21381,24628,46009,-3247,6,5,일
2022-06-05,3호선,독립문,5623,5966,11589,-343,6,5,일
2022-06-05,3호선,무악재,2023,2107,4130,-84,6,5,일
2022-06-05,3호선,홍제,10044,9328,19372,716,6,5,일
2022-06-05,3호선,녹번,7830,6739,14569,1091,6,5,일
2022-06-05,3호선,불광,10422,11731,22153,-1309,6,5,일
2022-06-05,3호선,연신내,22405,21227,43632,1178,6,5,일
2022-06-05,3호선,구파발,12579,13027,25606,-448,6,5,일
2022-06-05,3호선,지축,2700,2435,5135,265,6,5,일
2022-06-05,2호선,용두(동대문구청),1240,1170,2410,70,6,5,일
2022-06-05,2호선,신정네거리,5708,5618,11326,90,6,5,일
2022-06-05,2호선,양천구청,3606,3538,7144,68,6,5,일
2022-06-05,2호선,도림천,477,438,915,39,6,5,일
2022-06-05,2호선,신설동,3334,3302,6636,32,6,5,일
2022-06-05,2호선,신답,810,895,1705,-85,6,5,일
2022-06-05,2호선,용답,1730,1679,3409,51,6,5,일
2022-06-05,2호선,충정로(경기대입구),3992,4155,8147,-163,6,5,일
2022-06-05,2호선,아현,5476,5134,10610,342,6,5,일
2022-06-05,2호선,이대,7392,7645,15037,-253,6,5,일
2022-06-05,2호선,신촌,23288,23384,46672,-96,6,5,일
2022-06-05,2호선,홍대입구,55306,59679,114985,-4373,6,5,일
2022-06-05,2호선,합정,22388,25164,47552,-2776,6,5,일
2022-06-05,2호선,당산,9377,9864,19241,-487,6,5,일
2022-06-05,2호선,영등포구청,8225,8580,16805,-355,6,5,일
2022-06-05,2호선,문래,8966,9426,18392,-460,6,5,일
2022-06-05,2호선,신도림,29486,30665,60151,-1179,6,5,일
2022-06-05,2호선,대림(구로구청),16760,17079,33839,-319,6,5,일
2022-06-05,2호선,구로디지털단지,25524,25040,50564,484,6,5,일
2022-06-05,2호선,신대방,16212,15260,31472,952,6,5,일
2022-06-05,2호선,신림,38197,37566,75763,631,6,5,일
2022-06-05,2호선,봉천,13032,11715,24747,1317,6,5,일
2022-06-05,2호선,서울대입구(관악구청),26994,27005,53999,-11,6,5,일
2022-06-05,2호선,낙성대(강감찬),16401,15445,31846,956,6,5,일
2022-06-05,2호선,사당,24115,26342,50457,-2227,6,5,일
2022-06-05,2호선,방배,7127,7277,14404,-150,6,5,일
2022-06-05,2호선,서초,12819,11681,24500,1138,6,5,일
2022-06-05,2호선,교대(법원.검찰청),10711,11742,22453,-1031,6,5,일
2022-06-05,2호선,강남,33353,33720,67073,-367,6,5,일
2022-06-05,2호선,역삼,11489,12275,23764,-786,6,5,일
2022-06-05,2호선,선릉,13412,11247,24659,2165,6,5,일
2022-06-05,2호선,삼성(무역센터),26724,26158,52882,566,6,5,일
2022-06-05,2호선,종합운동장,9550,10503,20053,-953,6,5,일
2022-06-05,2호선,잠실새내,11957,12345,24302,-388,6,5,일
2022-06-05,2호선,잠실(송파구청),56214,52284,108498,3930,6,5,일
2022-06-05,2호선,잠실나루,5720,5635,11355,85,6,5,일
2022-06-05,2호선,강변(동서울터미널),23722,23166,46888,556,6,5,일
2022-06-05,2호선,구의(광진구청),12034,11665,23699,369,6,5,일
2022-06-05,2호선,건대입구,27755,30245,58000,-2490,6,5,일
2022-06-05,2호선,성수,16194,18193,34387,-1999,6,5,일
2022-06-05,2호선,뚝섬,12823,12922,25745,-99,6,5,일
2022-06-05,2호선,한양대,2764,3067,5831,-303,6,5,일
2022-06-05,2호선,왕십리(성동구청),9516,8843,18359,673,6,5,일
2022-06-05,2호선,상왕십리,7291,6838,14129,453,6,5,일
2022-06-05,2호선,신당,8749,9660,18409,-911,6,5,일
2022-06-05,2호선,동대문역사문화공원(DDP),9322,11618,20940,-2296,6,5,일
2022-06-05,2호선,을지로4가,4383,4638,9021,-255,6,5,일
2022-06-05,2호선,을지로3가,10549,10584,21133,-35,6,5,일
2022-06-05,2호선,을지로입구,18422,17841,36263,581,6,5,일
2022-06-05,2호선,시청,7370,6090,13460,1280,6,5,일
2022-06-05,1호선,동묘앞,12440,12686,25126,-246,6,5,일
2022-06-05,1호선,청량리(서울시립대입구),13766,14051,27817,-285,6,5,일
2022-06-05,1호선,제기동,10718,10924,21642,-206,6,5,일
2022-06-05,1호선,신설동,7907,7751,15658,156,6,5,일
2022-06-06,경부선,가산디지털단지,5023,6838,11861,-1815,6,6,월
2022-06-06,경원선,도봉,3641,3491,7132,150,6,6,월
2022-06-06,분당선,선정릉,1854,1988,3842,-134,6,6,월
2022-06-06,분당선,강남구청,2925,3460,6385,-535,6,6,월
2022-06-06,분당선,압구정로데오,9706,10759,20465,-1053,6,6,월
2022-06-06,분당선,서울숲,6656,6841,13497,-185,6,6,월
2022-06-06,분당선,수원,5712,4798,10510,914,6,6,월
2022-06-06,분당선,복정,1,0,1,1,6,6,월
2022-06-06,분당선,수서,9531,8060,17591,1471,6,6,월
2022-06-06,분당선,대모산입구,2088,2063,4151,25,6,6,월
2022-06-06,분당선,개포동,1898,1945,3843,-47,6,6,월
2022-06-06,분당선,구룡,915,1052,1967,-137,6,6,월
2022-06-06,분당선,도곡,3204,3083,6287,121,6,6,월
2022-06-06,분당선,한티,7530,7788,15318,-258,6,6,월
2022-06-06,분당선,선릉,2998,4824,7822,-1826,6,6,월
2022-06-06,과천선,범계,14466,14414,28880,52,6,6,월
2022-06-06,과천선,평촌,6339,6339,12678,0,6,6,월
2022-06-06,과천선,인덕원,11414,11576,22990,-162,6,6,월
2022-06-06,과천선,정부과천청사,4323,4435,8758,-112,6,6,월
2022-06-06,과천선,과천,3618,3332,6950,286,6,6,월
2022-06-06,과천선,대공원,5237,5278,10515,-41,6,6,월
2022-06-06,과천선,경마공원,528,586,1114,-58,6,6,월
2022-06-06,과천선,선바위,3810,3582,7392,228,6,6,월
2022-06-06,공항철도 1호선,영종,2761,2451,5212,310,6,6,월
2022-06-06,공항철도 1호선,인천공항2터미널,2738,2421,5159,317,6,6,월
2022-06-06,공항철도 1호선,인천공항1터미널,6289,5263,11552,1026,6,6,월
2022-06-06,공항철도 1호선,공항화물청사,1146,1235,2381,-89,6,6,월
2022-06-06,공항철도 1호선,운서,5671,6000,11671,-329,6,6,월
2022-06-06,공항철도 1호선,청라국제도시,3661,3369,7030,292,6,6,월
2022-06-06,공항철도 1호선,검암,3524,3678,7202,-154,6,6,월
2022-06-06,공항철도 1호선,계양,5894,5555,11449,339,6,6,월
2022-06-06,공항철도 1호선,김포공항,11168,5940,17108,5228,6,6,월
2022-06-06,공항철도 1호선,마곡나루(서울식물원),2578,2950,5528,-372,6,6,월
2022-06-06,공항철도 1호선,디지털미디어시티,4117,4250,8367,-133,6,6,월
2022-06-06,공항철도 1호선,홍대입구,10244,9666,19910,578,6,6,월
2022-06-06,공항철도 1호선,공덕,1286,1635,2921,-349,6,6,월
2022-06-06,공항철도 1호선,서울역,9853,8599,18452,1254,6,6,월
2022-06-06,경춘선,춘천,2257,1627,3884,630,6,6,월
2022-06-06,경춘선,남춘천,2639,3070,5709,-431,6,6,월
2022-06-06,경춘선,김유정,477,450,927,27,6,6,월
2022-06-06,경춘선,강촌,661,455,1116,206,6,6,월
2022-06-06,경춘선,백양리,96,85,181,11,6,6,월
2022-06-06,경춘선,굴봉산,225,192,417,33,6,6,월
2022-06-06,경춘선,가평,2400,1635,4035,765,6,6,월
2022-06-06,경춘선,상천,314,267,581,47,6,6,월
2022-06-06,경춘선,청평,1862,1369,3231,493,6,6,월
2022-06-06,경춘선,대성리,1303,680,1983,623,6,6,월
2022-06-06,경춘선,마석,2682,2520,5202,162,6,6,월
2022-06-06,경춘선,천마산,1169,1091,2260,78,6,6,월
2022-06-06,경춘선,평내호평,3672,3478,7150,194,6,6,월
2022-06-06,경춘선,금곡,945,862,1807,83,6,6,월
2022-06-06,경춘선,사릉,1453,1405,2858,48,6,6,월
2022-06-06,경춘선,퇴계원,2214,2052,4266,162,6,6,월
2022-06-06,경춘선,별내,1908,1866,3774,42,6,6,월
2022-06-06,경춘선,갈매,1599,1426,3025,173,6,6,월
2022-06-06,경춘선,신내,1089,1014,2103,75,6,6,월
2022-06-06,경인선,도화,2486,2420,4906,66,6,6,월
2022-06-06,경인선,중동,5271,4902,10173,369,6,6,월
2022-06-06,경인선,온수(성공회대입구),3802,3606,7408,196,6,6,월
2022-06-06,경인선,도원,1624,1628,3252,-4,6,6,월
2022-06-06,경인선,간석,3335,3225,6560,110,6,6,월
2022-06-06,경인선,부개,5124,4817,9941,307,6,6,월
2022-06-06,경인선,소사,5511,5434,10945,77,6,6,월
2022-06-06,경인선,구일,3359,3388,6747,-29,6,6,월
2022-06-06,경인선,인천,4524,3595,8119,929,6,6,월
2022-06-06,경인선,동인천,9461,9201,18662,260,6,6,월
2022-06-06,경인선,제물포,5601,5598,11199,3,6,6,월
2022-06-06,경인선,주안,12280,11026,23306,1254,6,6,월
2022-06-06,경인선,동암,10104,10057,20161,47,6,6,월
2022-06-06,경인선,백운,4208,4150,8358,58,6,6,월
2022-06-06,경인선,부평,22770,23255,46025,-485,6,6,월
2022-06-06,경인선,송내,13718,13450,27168,268,6,6,월
2022-06-06,경인선,부천,22830,22844,45674,-14,6,6,월
2022-06-06,경인선,역곡,15565,15936,31501,-371,6,6,월
2022-06-06,경인선,오류동,6929,6827,13756,102,6,6,월
2022-06-06,경인선,개봉,12313,12573,24886,-260,6,6,월
2022-06-06,경의선,임진강,71,51,122,20,6,6,월
2022-06-06,경의선,문산,3869,3967,7836,-98,6,6,월
2022-06-06,경의선,파주,627,569,1196,58,6,6,월
2022-06-06,경의선,월롱,1187,2265,3452,-1078,6,6,월
2022-06-06,경의선,금촌,4846,5024,9870,-178,6,6,월
2022-06-06,경의선,금릉,3021,3014,6035,7,6,6,월
2022-06-06,경의선,운정,3952,3746,7698,206,6,6,월
2022-06-06,경의선,야당,5129,5058,10187,71,6,6,월
2022-06-06,경의선,탄현,4436,4017,8453,419,6,6,월
2022-06-06,경의선,일산,4862,4742,9604,120,6,6,월
2022-06-06,경의선,풍산,3462,3238,6700,224,6,6,월
2022-06-06,경의선,백마,3541,3368,6909,173,6,6,월
2022-06-06,경의선,곡산,378,352,730,26,6,6,월
2022-06-06,경의선,능곡,2337,2238,4575,99,6,6,월
2022-06-06,경의선,행신,4993,4655,9648,338,6,6,월
2022-06-06,경의선,강매,1541,1477,3018,64,6,6,월
2022-06-06,경의선,화전,1121,1164,2285,-43,6,6,월
2022-06-06,경의선,수색,1135,1247,2382,-112,6,6,월
2022-06-06,경의선,디지털미디어시티,1587,1544,3131,43,6,6,월
2022-06-06,경의선,가좌,2969,3080,6049,-111,6,6,월
2022-06-06,경의선,홍대입구,1621,1933,3554,-312,6,6,월
2022-06-06,경의선,서강대,1308,1269,2577,39,6,6,월
2022-06-06,경의선,공덕,1727,1510,3237,217,6,6,월
2022-06-06,경의선,효창공원앞,1324,1600,2924,-276,6,6,월
2022-06-06,경의선,신촌,282,325,607,-43,6,6,월
2022-06-06,경의선,서울역,1474,1227,2701,247,6,6,월
2022-06-06,경원선,소요산,3026,2536,5562,490,6,6,월
2022-06-06,경원선,동두천,1428,1825,3253,-397,6,6,월
2022-06-06,경원선,보산,1145,982,2127,163,6,6,월
2022-06-06,경원선,동두천중앙,2127,1996,4123,131,6,6,월
2022-06-06,경원선,지행,4503,4486,8989,17,6,6,월
2022-06-06,경원선,덕정,3475,3615,7090,-140,6,6,월
2022-06-06,경원선,덕계,1951,1916,3867,35,6,6,월
2022-06-06,경원선,양주,5052,4968,10020,84,6,6,월
2022-06-06,경원선,녹양,2813,2652,5465,161,6,6,월
2022-06-06,경원선,가능,4106,3962,8068,144,6,6,월
2022-06-06,경원선,의정부,13624,14092,27716,-468,6,6,월
2022-06-06,경원선,회룡,7740,7569,15309,171,6,6,월
2022-06-06,경원선,망월사,4612,4703,9315,-91,6,6,월
2022-06-06,1호선,서울역,33562,30937,64499,2625,6,6,월
2022-06-06,경원선,도봉산,6148,4591,10739,1557,6,6,월
2022-06-06,경원선,방학,6076,5961,12037,115,6,6,월
2022-06-06,경원선,녹천,2710,2285,4995,425,6,6,월
2022-06-06,경원선,월계,3956,3683,7639,273,6,6,월
2022-06-06,경원선,광운대,4303,4517,8820,-214,6,6,월
2022-06-06,경원선,석계,5293,5898,11191,-605,6,6,월
2022-06-06,경원선,신이문,5173,4876,10049,297,6,6,월
2022-06-06,경원선,외대앞,4758,4870,9628,-112,6,6,월
2022-06-06,경원선,청량리(서울시립대입구),14539,13931,28470,608,6,6,월
2022-06-06,경원선,왕십리(성동구청),9089,10498,19587,-1409,6,6,월
2022-06-06,경원선,응봉,1231,1086,2317,145,6,6,월
2022-06-06,경원선,옥수,60,22,82,38,6,6,월
2022-06-06,경원선,한남,2297,2129,4426,168,6,6,월
2022-06-06,경원선,서빙고,1146,1086,2232,60,6,6,월
2022-06-06,경원선,이촌(국립중앙박물관),2437,1894,4331,543,6,6,월
2022-06-06,경부선,광명,3202,1921,5123,1281,6,6,월
2022-06-06,경부선,서동탄,725,773,1498,-48,6,6,월
2022-06-06,경부선,당정,3095,3096,6191,-1,6,6,월
2022-06-06,경부선,천안,6511,5971,12482,540,6,6,월
2022-06-06,경부선,두정,4090,5227,9317,-1137,6,6,월
2022-06-06,경부선,직산,567,640,1207,-73,6,6,월
2022-06-06,경부선,성환,2733,3358,6091,-625,6,6,월
2022-06-06,경부선,평택,11140,11599,22739,-459,6,6,월
2022-06-06,경부선,평택지제,3066,2811,5877,255,6,6,월
2022-06-06,경부선,서정리,4736,6550,11286,-1814,6,6,월
2022-06-06,경부선,송탄,3429,4105,7534,-676,6,6,월
2022-06-06,경부선,진위,932,912,1844,20,6,6,월
2022-06-06,경부선,오산,7758,8057,15815,-299,6,6,월
2022-06-06,경부선,오산대,2342,2307,4649,35,6,6,월
2022-06-06,경부선,세마,1848,1771,3619,77,6,6,월
2022-06-06,경부선,병점,9498,9960,19458,-462,6,6,월
2022-06-06,경부선,세류,2133,2083,4216,50,6,6,월
2022-06-06,경부선,독산,6827,7128,13955,-301,6,6,월
2022-06-06,경부선,수원,33083,31896,64979,1187,6,6,월
2022-06-06,경부선,화서,4177,4146,8323,31,6,6,월
2022-06-06,경부선,성균관대,7730,8126,15856,-396,6,6,월
2022-06-06,경부선,의왕,4578,4804,9382,-226,6,6,월
2022-06-06,경부선,군포,3175,3196,6371,-21,6,6,월
2022-06-06,경부선,금정,14173,14633,28806,-460,6,6,월
2022-06-06,경부선,명학,3598,3572,7170,26,6,6,월
2022-06-06,경부선,안양,13979,13642,27621,337,6,6,월
2022-06-06,경부선,관악,4366,4176,8542,190,6,6,월
2022-06-06,경부선,석수,5019,4533,9552,486,6,6,월
2022-06-06,경부선,금천구청,6222,6431,12653,-209,6,6,월
2022-06-06,경부선,구로,9929,10016,19945,-87,6,6,월
2022-06-06,경부선,신길,4624,4236,8860,388,6,6,월
2022-06-06,경부선,신도림,2300,2517,4817,-217,6,6,월
2022-06-06,경부선,영등포,33013,32307,65320,706,6,6,월
2022-06-06,경부선,대방,5199,5764,10963,-565,6,6,월
2022-06-06,경부선,노량진,6098,5674,11772,424,6,6,월
2022-06-06,경부선,용산,36455,32562,69017,3893,6,6,월
2022-06-06,경부선,남영,4248,4527,8775,-279,6,6,월
2022-06-06,경부선,서울역,9932,1959,11891,7973,6,6,월
2022-06-06,경강선,여주,2476,2254,4730,222,6,6,월
2022-06-06,경강선,세종대왕릉,251,242,493,9,6,6,월
2022-06-06,경강선,부발,1525,1916,3441,-391,6,6,월
2022-06-06,경강선,이천,2301,2455,4756,-154,6,6,월
2022-06-06,경강선,신둔도예촌,984,1006,1990,-22,6,6,월
2022-06-06,경강선,곤지암,1653,1746,3399,-93,6,6,월
2022-06-06,경강선,초월,1649,1650,3299,-1,6,6,월
2022-06-06,경강선,경기광주,4217,4030,8247,187,6,6,월
2022-06-06,경강선,삼동,1154,1081,2235,73,6,6,월
2022-06-06,경강선,이매,686,530,1216,156,6,6,월
2022-06-06,경강선,판교,2818,2631,5449,187,6,6,월
2022-06-06,9호선2~3단계,중앙보훈병원,3737,3535,7272,202,6,6,월
2022-06-06,9호선2~3단계,둔촌오륜,451,473,924,-22,6,6,월
2022-06-06,9호선2~3단계,올림픽공원(한국체대),4391,4689,9080,-298,6,6,월
2022-06-06,9호선2~3단계,한성백제,1490,1285,2775,205,6,6,월
2022-06-06,9호선2~3단계,송파나루,2874,3129,6003,-255,6,6,월
2022-06-06,9호선2~3단계,석촌,4830,4350,9180,480,6,6,월
2022-06-06,9호선2~3단계,석촌고분,3190,3177,6367,13,6,6,월
2022-06-06,9호선2~3단계,삼전,3617,3643,7260,-26,6,6,월
2022-06-06,9호선2~3단계,종합운동장,2143,2058,4201,85,6,6,월
2022-06-06,9호선2~3단계,봉은사,7621,7686,15307,-65,6,6,월
2022-06-06,9호선2~3단계,삼성중앙,2102,2208,4310,-106,6,6,월
2022-06-06,9호선2~3단계,선정릉,2842,3316,6158,-474,6,6,월
2022-06-06,9호선2~3단계,언주,3494,3604,7098,-110,6,6,월
2022-06-06,9호선,신논현,14645,14075,28720,570,6,6,월
2022-06-06,9호선,사평,1771,1780,3551,-9,6,6,월
2022-06-06,9호선,고속터미널,13753,17312,31065,-3559,6,6,월
2022-06-06,9호선,신반포,1996,1991,3987,5,6,6,월
2022-06-06,9호선,구반포,566,577,1143,-11,6,6,월
2022-06-06,9호선,동작(현충원),12278,12510,24788,-232,6,6,월
2022-06-06,9호선,흑석(중앙대입구),4648,4763,9411,-115,6,6,월
2022-06-06,9호선,노들,2646,2365,5011,281,6,6,월
2022-06-06,9호선,노량진,16079,17037,33116,-958,6,6,월
2022-06-06,9호선,샛강,2378,2210,4588,168,6,6,월
2022-06-06,9호선,여의도,9843,9119,18962,724,6,6,월
2022-06-06,9호선,국회의사당,3318,3371,6689,-53,6,6,월
2022-06-06,9호선,당산,8703,9039,17742,-336,6,6,월
2022-06-06,9호선,선유도,3014,2939,5953,75,6,6,월
2022-06-06,9호선,신목동,1878,1684,3562,194,6,6,월
2022-06-06,9호선,염창,8814,8776,17590,38,6,6,월
2022-06-06,9호선,등촌,5516,5735,11251,-219,6,6,월
2022-06-06,9호선,증미,2993,3095,6088,-102,6,6,월
2022-06-06,9호선,가양,9824,10092,19916,-268,6,6,월
2022-06-06,9호선,양천향교,4285,4521,8806,-236,6,6,월
2022-06-06,9호선,마곡나루(서울식물원),5596,5893,11489,-297,6,6,월
2022-06-06,9호선,신방화,3480,3498,6978,-18,6,6,월
2022-06-06,9호선,공항시장,1704,1880,3584,-176,6,6,월
2022-06-06,9호선,김포공항,7639,11247,18886,-3608,6,6,월
2022-06-06,9호선,개화,1104,1033,2137,71,6,6,월
2022-06-06,8호선,남위례,2418,2651,5069,-233,6,6,월
2022-06-06,8호선,모란,2721,2169,4890,552,6,6,월
2022-06-06,8호선,수진,2994,2840,5834,154,6,6,월
2022-06-06,8호선,신흥,2695,2994,5689,-299,6,6,월
2022-06-06,8호선,단대오거리,5451,5533,10984,-82,6,6,월
2022-06-06,8호선,남한산성입구(성남법원.검찰청),6823,6473,13296,350,6,6,월
2022-06-06,8호선,산성,2946,3083,6029,-137,6,6,월
2022-06-06,8호선,복정,4214,3839,8053,375,6,6,월
2022-06-06,8호선,장지,8845,9276,18121,-431,6,6,월
2022-06-06,8호선,문정,5072,5469,10541,-397,6,6,월
2022-06-06,8호선,가락시장,3850,4486,8336,-636,6,6,월
2022-06-06,8호선,송파,4152,4068,8220,84,6,6,월
2022-06-06,8호선,석촌,4051,4969,9020,-918,6,6,월
2022-06-06,8호선,잠실(송파구청),10618,11643,22261,-1025,6,6,월
2022-06-06,8호선,몽촌토성(평화의문),3301,3347,6648,-46,6,6,월
2022-06-06,8호선,강동구청,4630,4846,9476,-216,6,6,월
2022-06-06,8호선,천호(풍납토성),8390,9720,18110,-1330,6,6,월
2022-06-06,8호선,암사,9078,8614,17692,464,6,6,월
2022-06-06,7호선,온수(성공회대입구),3983,4172,8155,-189,6,6,월
2022-06-06,7호선,천왕,5035,4960,9995,75,6,6,월
2022-06-06,7호선,광명사거리,12768,12782,25550,-14,6,6,월
2022-06-06,7호선,철산,10426,10456,20882,-30,6,6,월
2022-06-06,7호선,가산디지털단지,11303,10814,22117,489,6,6,월
2022-06-06,7호선,남구로,6633,6644,13277,-11,6,6,월
2022-06-06,7호선,대림(구로구청),6238,6008,12246,230,6,6,월
2022-06-06,7호선,신풍,5960,5898,11858,62,6,6,월
2022-06-06,7호선,보라매,3622,3865,7487,-243,6,6,월
2022-06-06,7호선,신대방삼거리,7656,7792,15448,-136,6,6,월
2022-06-06,7호선,장승배기,4641,4712,9353,-71,6,6,월
2022-06-06,7호선,상도,5445,5515,10960,-70,6,6,월
2022-06-06,7호선,숭실대입구(살피재),6375,6928,13303,-553,6,6,월
2022-06-06,7호선,남성,5708,5893,11601,-185,6,6,월
2022-06-06,7호선,이수,8545,8344,16889,201,6,6,월
2022-06-06,7호선,내방,5382,5547,10929,-165,6,6,월
2022-06-06,7호선,고속터미널,17820,8647,26467,9173,6,6,월
2022-06-06,7호선,반포,3374,3231,6605,143,6,6,월
2022-06-06,7호선,논현,6211,6553,12764,-342,6,6,월
2022-06-06,7호선,학동,5643,6120,11763,-477,6,6,월
2022-06-06,7호선,강남구청,5448,5997,11445,-549,6,6,월
2022-06-06,7호선,청담,6401,6883,13284,-482,6,6,월
2022-06-06,7호선,뚝섬유원지,8359,7676,16035,683,6,6,월
2022-06-06,7호선,건대입구,7949,8528,16477,-579,6,6,월
2022-06-06,7호선,어린이대공원(세종대),7627,8199,15826,-572,6,6,월
2022-06-06,7호선,군자(능동),7973,6410,14383,1563,6,6,월
2022-06-06,7호선,중곡,5288,5102,10390,186,6,6,월
2022-06-06,7호선,용마산(용마폭포공원),3108,3251,6359,-143,6,6,월
2022-06-06,7호선,사가정,8870,9037,17907,-167,6,6,월
2022-06-06,7호선,면목,8172,8142,16314,30,6,6,월
2022-06-06,7호선,상봉(시외버스터미널),9743,9316,19059,427,6,6,월
2022-06-06,7호선,중화,5702,5531,11233,171,6,6,월
2022-06-06,7호선,먹골,5448,5469,10917,-21,6,6,월
2022-06-06,7호선,태릉입구,4951,4866,9817,85,6,6,월
2022-06-06,7호선,공릉(서울과학기술대),6401,6694,13095,-293,6,6,월
2022-06-06,7호선,하계,8894,8550,17444,344,6,6,월
2022-06-06,7호선,중계,6551,6201,12752,350,6,6,월
2022-06-06,7호선,노원,11520,12051,23571,-531,6,6,월
2022-06-06,7호선,마들,6306,5971,12277,335,6,6,월
2022-06-06,7호선,수락산,7283,7088,14371,195,6,6,월
2022-06-06,7호선,도봉산,4923,6269,11192,-1346,6,6,월
2022-06-06,7호선,장암,1234,749,1983,485,6,6,월
2022-06-06,6호선,봉화산(서울의료원),4057,3975,8032,82,6,6,월
2022-06-06,6호선,화랑대(서울여대입구),5169,4429,9598,740,6,6,월
2022-06-06,6호선,태릉입구,3333,3592,6925,-259,6,6,월
2022-06-06,6호선,석계,6610,6856,13466,-246,6,6,월
2022-06-06,6호선,돌곶이,4609,4520,9129,89,6,6,월
2022-06-06,6호선,상월곡(한국과학기술연구원),3194,2930,6124,264,6,6,월
2022-06-06,6호선,월곡(동덕여대),5590,5759,11349,-169,6,6,월
2022-06-06,6호선,고려대(종암),3842,3945,7787,-103,6,6,월
2022-06-06,6호선,안암(고대병원앞),4665,5380,10045,-715,6,6,월
2022-06-06,6호선,보문,3792,3580,7372,212,6,6,월
2022-06-06,6호선,창신,1655,1534,3189,121,6,6,월
2022-06-06,6호선,동묘앞,5942,5627,11569,315,6,6,월
2022-06-06,6호선,신당,4892,5018,9910,-126,6,6,월
2022-06-06,6호선,청구,1948,2062,4010,-114,6,6,월
2022-06-06,6호선,약수,1850,2020,3870,-170,6,6,월
2022-06-06,6호선,버티고개,1085,1131,2216,-46,6,6,월
2022-06-06,6호선,한강진,5002,5931,10933,-929,6,6,월
2022-06-06,6호선,이태원,10530,8899,19429,1631,6,6,월
2022-06-06,6호선,녹사평(용산구청),3683,3562,7245,121,6,6,월
2022-06-06,6호선,삼각지,4456,3446,7902,1010,6,6,월
2022-06-06,6호선,효창공원앞,3492,3239,6731,253,6,6,월
2022-06-06,6호선,공덕,7025,6636,13661,389,6,6,월
2022-06-06,6호선,대흥(서강대앞),4046,4205,8251,-159,6,6,월
2022-06-06,6호선,광흥창(서강),3875,3704,7579,171,6,6,월
2022-06-06,6호선,상수,6247,6799,13046,-552,6,6,월
2022-06-06,6호선,합정,8895,8090,16985,805,6,6,월
2022-06-06,6호선,망원,9149,10013,19162,-864,6,6,월
2022-06-06,6호선,마포구청,6657,6290,12947,367,6,6,월
2022-06-06,6호선,월드컵경기장(성산),4329,4381,8710,-52,6,6,월
2022-06-06,6호선,디지털미디어시티,5513,5842,11355,-329,6,6,월
2022-06-06,6호선,증산(명지대앞),5550,5542,11092,8,6,6,월
2022-06-06,6호선,새절(신사),6652,6485,13137,167,6,6,월
2022-06-06,6호선,구산,4153,3139,7292,1014,6,6,월
2022-06-06,6호선,독바위,1456,1640,3096,-184,6,6,월
2022-06-06,6호선,불광,2942,2709,5651,233,6,6,월
2022-06-06,6호선,역촌,1970,2270,4240,-300,6,6,월
2022-06-06,6호선,응암,9485,9745,19230,-260,6,6,월
2022-06-06,5호선,하남검단산,4299,4133,8432,166,6,6,월
2022-06-06,5호선,하남시청(덕풍·신장),4240,4151,8391,89,6,6,월
2022-06-06,5호선,하남풍산,2124,2182,4306,-58,6,6,월
2022-06-06,5호선,미사,8962,9178,18140,-216,6,6,월
2022-06-06,5호선,강일,2289,2228,4517,61,6,6,월
2022-06-06,5호선,마천,3564,3735,7299,-171,6,6,월
2022-06-06,5호선,거여,4563,4445,9008,118,6,6,월
2022-06-06,5호선,개롱,3035,3135,6170,-100,6,6,월
2022-06-06,5호선,오금,1417,1432,2849,-15,6,6,월
2022-06-06,5호선,방이,3544,3473,7017,71,6,6,월
2022-06-06,5호선,올림픽공원(한국체대),2515,2366,4881,149,6,6,월
2022-06-06,5호선,둔촌동,4269,4175,8444,94,6,6,월
2022-06-06,5호선,상일동,7006,6627,13633,379,6,6,월
2022-06-06,5호선,고덕,4628,4597,9225,31,6,6,월
2022-06-06,5호선,명일,4349,4398,8747,-49,6,6,월
2022-06-06,5호선,굽은다리(강동구민회관앞),5407,5315,10722,92,6,6,월
2022-06-06,5호선,길동,4323,4450,8773,-127,6,6,월
2022-06-06,5호선,강동,8892,8974,17866,-82,6,6,월
2022-06-06,5호선,천호(풍납토성),12621,12139,24760,482,6,6,월
2022-06-06,5호선,광나루(장신대),7295,6833,14128,462,6,6,월
2022-06-06,5호선,아차산(어린이대공원후문),9337,9186,18523,151,6,6,월
2022-06-06,5호선,군자(능동),6156,7183,13339,-1027,6,6,월
2022-06-06,5호선,장한평,8250,8432,16682,-182,6,6,월
2022-06-06,5호선,답십리,7539,7182,14721,357,6,6,월
2022-06-06,5호선,마장,2998,2833,5831,165,6,6,월
2022-06-06,5호선,왕십리(성동구청),2539,3027,5566,-488,6,6,월
2022-06-06,5호선,행당,3999,3565,7564,434,6,6,월
2022-06-06,5호선,신금호,2975,3246,6221,-271,6,6,월
2022-06-06,5호선,청구,2039,1820,3859,219,6,6,월
2022-06-06,5호선,동대문역사문화공원(DDP),770,918,1688,-148,6,6,월
2022-06-06,5호선,을지로4가,2734,2886,5620,-152,6,6,월
2022-06-06,5호선,종로3가,10086,9008,19094,1078,6,6,월
2022-06-06,5호선,광화문(세종문화회관),13009,11424,24433,1585,6,6,월
2022-06-06,5호선,서대문,4913,4899,9812,14,6,6,월
2022-06-06,5호선,충정로(경기대입구),1395,1410,2805,-15,6,6,월
2022-06-06,5호선,애오개,2501,2523,5024,-22,6,6,월
2022-06-06,5호선,공덕,4840,4768,9608,72,6,6,월
2022-06-06,5호선,마포,5126,5393,10519,-267,6,6,월
2022-06-06,5호선,여의나루,10929,11807,22736,-878,6,6,월
2022-06-06,5호선,여의도,7864,8682,16546,-818,6,6,월
2022-06-06,5호선,신길,1919,2147,4066,-228,6,6,월
2022-06-06,5호선,영등포시장,5074,5378,10452,-304,6,6,월
2022-06-06,5호선,영등포구청,1364,1435,2799,-71,6,6,월
2022-06-06,5호선,양평,2596,2708,5304,-112,6,6,월
2022-06-06,5호선,오목교(목동운동장앞),11004,11631,22635,-627,6,6,월
2022-06-06,5호선,목동,7690,8116,15806,-426,6,6,월
2022-06-06,5호선,신정(은행정),6636,6238,12874,398,6,6,월
2022-06-06,5호선,까치산,16041,15834,31875,207,6,6,월
2022-06-06,5호선,화곡,14583,14049,28632,534,6,6,월
2022-06-06,5호선,우장산,7260,7406,14666,-146,6,6,월
2022-06-06,5호선,발산,9130,9777,18907,-647,6,6,월
2022-06-06,5호선,마곡,3843,4080,7923,-237,6,6,월
2022-06-06,5호선,송정,3675,3645,7320,30,6,6,월
2022-06-06,5호선,김포공항,7618,7435,15053,183,6,6,월
2022-06-06,5호선,개화산,2942,2925,5867,17,6,6,월
2022-06-06,5호선,방화,3619,3625,7244,-6,6,6,월
2022-06-06,4호선,남태령,628,541,1169,87,6,6,월
2022-06-06,4호선,사당,14796,13970,28766,826,6,6,월
2022-06-06,4호선,총신대입구(이수),10818,11864,22682,-1046,6,6,월
2022-06-06,4호선,동작(현충원),5630,4519,10149,1111,6,6,월
2022-06-06,4호선,이촌(국립중앙박물관),6698,7370,14068,-672,6,6,월
2022-06-06,4호선,신용산,8796,9079,17875,-283,6,6,월
2022-06-06,4호선,삼각지,2876,3849,6725,-973,6,6,월
2022-06-06,4호선,숙대입구(갈월),6777,6431,13208,346,6,6,월
2022-06-06,4호선,서울역,4610,11913,16523,-7303,6,6,월
2022-06-06,4호선,회현(남대문시장),17950,18495,36445,-545,6,6,월
2022-06-06,4호선,명동,12241,11985,24226,256,6,6,월
2022-06-06,4호선,충무로,10133,11206,21339,-1073,6,6,월
2022-06-06,4호선,동대문역사문화공원(DDP),10495,8859,19354,1636,6,6,월
2022-06-06,4호선,동대문,15749,16336,32085,-587,6,6,월
2022-06-06,4호선,혜화,20994,21754,42748,-760,6,6,월
2022-06-06,4호선,한성대입구(삼선교),7674,7818,15492,-144,6,6,월
2022-06-06,4호선,성신여대입구(돈암),13170,12861,26031,309,6,6,월
2022-06-06,4호선,길음,10916,10836,21752,80,6,6,월
2022-06-06,4호선,미아사거리,16639,16151,32790,488,6,6,월
2022-06-06,4호선,미아(서울사이버대학),8457,8234,16691,223,6,6,월
2022-06-06,4호선,수유(강북구청),20605,20368,40973,237,6,6,월
2022-06-06,4호선,쌍문,16250,15177,31427,1073,6,6,월
2022-06-06,4호선,창동,14746,15669,30415,-923,6,6,월
2022-06-06,4호선,노원,12040,13364,25404,-1324,6,6,월
2022-06-06,4호선,상계,10852,9975,20827,877,6,6,월
2022-06-06,4호선,당고개,5585,5196,10781,389,6,6,월
2022-06-06,3호선,오금,2630,2576,5206,54,6,6,월
2022-06-06,3호선,경찰병원,2712,2827,5539,-115,6,6,월
2022-06-06,3호선,가락시장,4422,4429,8851,-7,6,6,월
2022-06-06,3호선,수서,11139,10575,21714,564,6,6,월
2022-06-06,3호선,일원,3649,3920,7569,-271,6,6,월
2022-06-06,3호선,대청,4368,4353,8721,15,6,6,월
2022-06-06,3호선,학여울,837,792,1629,45,6,6,월
2022-06-06,3호선,대치,6047,5859,11906,188,6,6,월
2022-06-06,3호선,도곡,2168,2194,4362,-26,6,6,월
2022-06-06,3호선,매봉,4433,4502,8935,-69,6,6,월
2022-06-06,3호선,양재(서초구청),11833,14171,26004,-2338,6,6,월
2022-06-06,3호선,남부터미널(예술의전당),15705,15577,31282,128,6,6,월
2022-06-06,3호선,교대(법원.검찰청),4403,2907,7310,1496,6,6,월
2022-06-06,3호선,고속터미널,50878,41565,92443,9313,6,6,월
2022-06-06,3호선,잠원,2321,2192,4513,129,6,6,월
2022-06-06,3호선,신사,12667,12580,25247,87,6,6,월
2022-06-06,3호선,압구정,13612,14259,27871,-647,6,6,월
2022-06-06,3호선,옥수,5054,5453,10507,-399,6,6,월
2022-06-06,3호선,금호,4298,4193,8491,105,6,6,월
2022-06-06,3호선,약수,6926,6845,13771,81,6,6,월
2022-06-06,3호선,동대입구,5151,6037,11188,-886,6,6,월
2022-06-06,3호선,충무로,1,0,1,1,6,6,월
2022-06-06,3호선,을지로3가,3800,3636,7436,164,6,6,월
2022-06-06,3호선,종로3가,4505,5900,10405,-1395,6,6,월
2022-06-06,3호선,안국,13677,13938,27615,-261,6,6,월
2022-06-06,3호선,경복궁(정부서울청사),16368,18253,34621,-1885,6,6,월
2022-06-06,3호선,독립문,4412,4724,9136,-312,6,6,월
2022-06-06,3호선,무악재,2044,2163,4207,-119,6,6,월
2022-06-06,3호선,홍제,9727,9536,19263,191,6,6,월
2022-06-06,3호선,녹번,7367,6848,14215,519,6,6,월
2022-06-06,3호선,불광,9513,10821,20334,-1308,6,6,월
2022-06-06,3호선,연신내,21282,20980,42262,302,6,6,월
2022-06-06,3호선,구파발,11057,11519,22576,-462,6,6,월
2022-06-06,3호선,지축,2714,2522,5236,192,6,6,월
2022-06-06,2호선,용두(동대문구청),1223,1265,2488,-42,6,6,월
2022-06-06,2호선,신정네거리,5251,5448,10699,-197,6,6,월
2022-06-06,2호선,양천구청,3350,3424,6774,-74,6,6,월
2022-06-06,2호선,도림천,600,608,1208,-8,6,6,월
2022-06-06,2호선,신설동,2099,1988,4087,111,6,6,월
2022-06-06,2호선,신답,803,841,1644,-38,6,6,월
2022-06-06,2호선,용답,1716,1749,3465,-33,6,6,월
2022-06-06,2호선,충정로(경기대입구),3515,3730,7245,-215,6,6,월
2022-06-06,2호선,아현,5311,5289,10600,22,6,6,월
2022-06-06,2호선,이대,7010,7882,14892,-872,6,6,월
2022-06-06,2호선,신촌,20597,20062,40659,535,6,6,월
2022-06-06,2호선,홍대입구,49738,48952,98690,786,6,6,월
2022-06-06,2호선,합정,19157,20233,39390,-1076,6,6,월
2022-06-06,2호선,당산,8833,9399,18232,-566,6,6,월
2022-06-06,2호선,영등포구청,8057,8635,16692,-578,6,6,월
2022-06-06,2호선,문래,8139,8743,16882,-604,6,6,월
2022-06-06,2호선,신도림,26847,27628,54475,-781,6,6,월
2022-06-06,2호선,대림(구로구청),14616,15248,29864,-632,6,6,월
2022-06-06,2호선,구로디지털단지,24885,25272,50157,-387,6,6,월
2022-06-06,2호선,신대방,15003,15082,30085,-79,6,6,월
2022-06-06,2호선,신림,34950,35120,70070,-170,6,6,월
2022-06-06,2호선,봉천,12468,12296,24764,172,6,6,월
2022-06-06,2호선,서울대입구(관악구청),24789,25918,50707,-1129,6,6,월
2022-06-06,2호선,낙성대(강감찬),14108,15106,29214,-998,6,6,월
2022-06-06,2호선,사당,21475,22960,44435,-1485,6,6,월
2022-06-06,2호선,방배,6604,6942,13546,-338,6,6,월
2022-06-06,2호선,서초,6077,5262,11339,815,6,6,월
2022-06-06,2호선,교대(법원.검찰청),11266,12618,23884,-1352,6,6,월
2022-06-06,2호선,강남,31780,31026,62806,754,6,6,월
2022-06-06,2호선,역삼,11612,12824,24436,-1212,6,6,월
2022-06-06,2호선,선릉,14940,13340,28280,1600,6,6,월
2022-06-06,2호선,삼성(무역센터),19077,18539,37616,538,6,6,월
2022-06-06,2호선,종합운동장,3301,3804,7105,-503,6,6,월
2022-06-06,2호선,잠실새내,11577,11702,23279,-125,6,6,월
2022-06-06,2호선,잠실(송파구청),47964,44514,92478,3450,6,6,월
2022-06-06,2호선,잠실나루,5529,5677,11206,-148,6,6,월
2022-06-06,2호선,강변(동서울터미널),25984,22030,48014,3954,6,6,월
2022-06-06,2호선,구의(광진구청),11718,11910,23628,-192,6,6,월
2022-06-06,2호선,건대입구,25649,26924,52573,-1275,6,6,월
2022-06-06,2호선,성수,14713,16930,31643,-2217,6,6,월
2022-06-06,2호선,뚝섬,9744,10066,19810,-322,6,6,월
2022-06-06,2호선,한양대,3453,3986,7439,-533,6,6,월
2022-06-06,2호선,왕십리(성동구청),9180,8387,17567,793,6,6,월
2022-06-06,2호선,상왕십리,7374,7333,14707,41,6,6,월
2022-06-06,2호선,신당,8467,9114,17581,-647,6,6,월
2022-06-06,2호선,동대문역사문화공원(DDP),9077,10492,19569,-1415,6,6,월
2022-06-06,2호선,을지로4가,5685,5790,11475,-105,6,6,월
2022-06-06,2호선,을지로3가,7736,7093,14829,643,6,6,월
2022-06-06,2호선,을지로입구,16863,15925,32788,938,6,6,월
2022-06-06,2호선,시청,6383,5125,11508,1258,6,6,월
2022-06-06,1호선,동묘앞,8022,8494,16516,-472,6,6,월
2022-06-06,1호선,청량리(서울시립대입구),14404,14777,29181,-373,6,6,월
2022-06-06,1호선,제기동,12630,13666,26296,-1036,6,6,월
2022-06-06,1호선,신설동,6871,6931,13802,-60,6,6,월
2022-06-06,1호선,동대문,9613,9204,18817,409,6,6,월
2022-06-06,1호선,종로5가,16106,16174,32280,-68,6,6,월
2022-06-06,1호선,종로3가,18097,15798,33895,2299,6,6,월
2022-06-06,분당선,가천대,4793,5485,10278,-692,6,6,월
2022-06-06,분당선,태평,8195,8008,16203,187,6,6,월
2022-06-06,분당선,모란,11830,12391,24221,-561,6,6,월
2022-06-06,분당선,야탑,13746,13900,27646,-154,6,6,월
2022-06-06,분당선,서현,13796,13945,27741,-149,6,6,월
2022-06-06,분당선,수내,6435,6400,12835,35,6,6,월
2022-06-06,분당선,정자,7691,8307,15998,-616,6,6,월
2022-06-06,분당선,미금,7517,8212,15729,-695,6,6,월
2022-06-06,분당선,오리,5683,5015,10698,668,6,6,월
2022-06-06,분당선,이매,3067,3002,6069,65,6,6,월
2022-06-06,분당선,보정,1226,1082,2308,144,6,6,월
2022-06-06,분당선,죽전,7718,8999,16717,-1281,6,6,월
2022-06-06,분당선,구성,2528,2610,5138,-82,6,6,월
2022-06-06,분당선,신갈,2014,2078,4092,-64,6,6,월
2022-06-06,분당선,기흥,5244,4913,10157,331,6,6,월
2022-06-06,분당선,상갈,2920,2941,5861,-21,6,6,월
2022-06-06,분당선,청명,1946,2014,3960,-68,6,6,월
2022-06-06,분당선,영통,4784,5024,9808,-240,6,6,월
2022-06-06,분당선,망포,6309,6563,12872,-254,6,6,월
2022-06-06,분당선,매탄권선,2458,2410,4868,48,6,6,월
2022-06-06,분당선,수원시청,6831,6726,13557,105,6,6,월
2022-06-06,분당선,매교,1474,1516,2990,-42,6,6,월
2022-06-06,수인선,고색,1875,1905,3780,-30,6,6,월
2022-06-06,수인선,오목천,1695,1705,3400,-10,6,6,월
2022-06-06,수인선,어천,526,614,1140,-88,6,6,월
2022-06-06,수인선,야목,258,217,475,41,6,6,월
2022-06-06,수인선,사리,2888,2450,5338,438,6,6,월
2022-06-06,수인선,달월,52,62,114,-10,6,6,월
2022-06-06,수인선,월곶,1779,1715,3494,64,6,6,월
2022-06-06,수인선,소래포구,5807,5429,11236,378,6,6,월
2022-06-06,수인선,인천논현,3271,3356,6627,-85,6,6,월
2022-06-06,수인선,호구포,2042,2135,4177,-93,6,6,월
2022-06-06,수인선,남동인더스파크,620,674,1294,-54,6,6,월
2022-06-06,수인선,원인재,2853,2991,5844,-138,6,6,월
2022-06-06,수인선,연수,3104,3035,6139,69,6,6,월
2022-06-06,수인선,송도,1633,1560,3193,73,6,6,월
2022-06-06,수인선,인하대,3266,3313,6579,-47,6,6,월
2022-06-06,수인선,숭의,2228,1991,4219,237,6,6,월
2022-06-06,수인선,신포,1244,1216,2460,28,6,6,월
2022-06-06,수인선,인천,1283,1851,3134,-568,6,6,월
2022-06-06,신림선,샛강,1497,2124,3621,-627,6,6,월
2022-06-06,신림선,대방,1032,833,1865,199,6,6,월
2022-06-06,신림선,서울지방병무청,1265,1360,2625,-95,6,6,월
2022-06-06,신림선,보라매,1571,1472,3043,99,6,6,월
2022-06-06,신림선,보라매공원,1309,1400,2709,-91,6,6,월
2022-06-06,신림선,보라매병원,2056,2131,4187,-75,6,6,월
2022-06-06,신림선,당곡,2066,1982,4048,84,6,6,월
2022-06-06,신림선,신림,1339,1708,3047,-369,6,6,월
2022-06-06,중앙선,지평,69,47,116,22,6,6,월
2022-06-06,중앙선,용문,2297,1679,3976,618,6,6,월
2022-06-06,중앙선,원덕,439,328,767,111,6,6,월
2022-06-06,중앙선,양평,2532,2107,4639,425,6,6,월
2022-06-06,중앙선,오빈,317,263,580,54,6,6,월
2022-06-06,중앙선,아신,580,445,1025,135,6,6,월
2022-06-06,중앙선,국수,597,518,1115,79,6,6,월
2022-06-06,중앙선,신원,201,175,376,26,6,6,월
2022-06-06,중앙선,양수,2118,1815,3933,303,6,6,월
2022-06-06,중앙선,운길산,1223,1227,2450,-4,6,6,월
2022-06-06,중앙선,팔당,1145,1149,2294,-4,6,6,월
2022-06-06,중앙선,도심,1316,1104,2420,212,6,6,월
2022-06-06,중앙선,덕소,3535,3633,7168,-98,6,6,월
2022-06-06,중앙선,양정,493,418,911,75,6,6,월
2022-06-06,중앙선,도농,5671,5390,11061,281,6,6,월
2022-06-06,중앙선,구리,8010,8144,16154,-134,6,6,월
2022-06-06,중앙선,양원,1435,1436,2871,-1,6,6,월
2022-06-06,중앙선,망우,4939,5128,10067,-189,6,6,월
2022-06-06,중앙선,상봉(시외버스터미널),3985,4133,8118,-148,6,6,월
2022-06-06,중앙선,중랑,3536,3546,7082,-10,6,6,월
2022-06-06,중앙선,회기,14352,14949,29301,-597,6,6,월
2022-06-06,장항선,신창(순천향대),1153,1586,2739,-433,6,6,월
2022-06-06,장항선,온양온천,3471,3449,6920,22,6,6,월
2022-06-06,장항선,배방,937,1014,1951,-77,6,6,월
2022-06-06,장항선,탕정,593,641,1234,-48,6,6,월
2022-06-06,장항선,아산,3692,2397,6089,1295,6,6,월
2022-06-06,장항선,쌍용(나사렛대),1383,1554,2937,-171,6,6,월
2022-06-06,장항선,봉명,611,574,1185,37,6,6,월
2022-06-06,일산선,대화,6305,5761,12066,544,6,6,월
2022-06-06,일산선,주엽,5172,5050,10222,122,6,6,월
2022-06-06,일산선,정발산,4979,4947,9926,32,6,6,월
2022-06-06,일산선,마두,3712,3793,7505,-81,6,6,월
2022-06-06,일산선,백석,5703,5428,11131,275,6,6,월
2022-06-06,일산선,대곡,1149,992,2141,157,6,6,월
2022-06-06,일산선,화정,9564,9892,19456,-328,6,6,월
2022-06-06,일산선,원당,6556,6169,12725,387,6,6,월
2022-06-06,일산선,삼송,11612,11351,22963,261,6,6,월
2022-06-06,일산선,원흥,5844,5758,11602,86,6,6,월
2022-06-06,우이신설선,신설동,1187,1139,2326,48,6,6,월
2022-06-06,우이신설선,보문,965,943,1908,22,6,6,월
2022-06-06,우이신설선,성신여대입구(돈암),2172,2569,4741,-397,6,6,월
2022-06-06,우이신설선,정릉,2985,2433,5418,552,6,6,월
2022-06-06,우이신설선,북한산보국문,3708,3417,7125,291,6,6,월
2022-06-06,우이신설선,솔샘,3018,2805,5823,213,6,6,월
2022-06-06,우이신설선,삼양사거리,1562,1495,3057,67,6,6,월
2022-06-06,우이신설선,삼양,1295,1356,2651,-61,6,6,월
2022-06-06,우이신설선,화계,2142,2025,4167,117,6,6,월
2022-06-06,우이신설선,가오리,2432,2377,4809,55,6,6,월
2022-06-06,우이신설선,4.19민주묘지,2035,1917,3952,118,6,6,월
2022-06-06,우이신설선,솔밭공원,1465,1477,2942,-12,6,6,월
2022-06-06,우이신설선,북한산우이,2321,2267,4588,54,6,6,월
2022-06-06,안산선,수리산,2181,1933,4114,248,6,6,월
2022-06-06,안산선,오이도,6305,6040,12345,265,6,6,월
2022-06-06,안산선,정왕,4934,5651,10585,-717,6,6,월
2022-06-06,안산선,신길온천,1241,1126,2367,115,6,6,월
2022-06-06,안산선,안산,8373,7670,16043,703,6,6,월
2022-06-06,안산선,초지,2439,2439,4878,0,6,6,월
2022-06-06,안산선,고잔,4424,4260,8684,164,6,6,월
2022-06-06,안산선,중앙,12068,11729,23797,339,6,6,월
2022-06-06,안산선,한대앞,5408,5516,10924,-108,6,6,월
2022-06-06,안산선,상록수,9029,9076,18105,-47,6,6,월
2022-06-06,안산선,반월,2625,2610,5235,15,6,6,월
2022-06-06,안산선,대야미,3076,2863,5939,213,6,6,월
2022-06-06,안산선,산본,9273,9948,19221,-675,6,6,월
2022-06-06,신림선,관악산(서울대),3356,3551,6907,-195,6,6,월
2022-06-06,신림선,서울대벤처타운,4349,4281,8630,68,6,6,월
2022-06-06,신림선,서원,1765,1635,3400,130,6,6,월
2022-06-06,1호선,시청,10353,8345,18698,2008,6,6,월
2022-06-06,1호선,종각,14662,12235,26897,2427,6,6,월
2022-06-07,6호선,삼각지,7295,6453,13748,842,6,7,화
2022-06-07,6호선,녹사평(용산구청),4745,4539,9284,206,6,7,화
2022-06-07,6호선,이태원,9810,10145,19955,-335,6,7,화
2022-06-07,경강선,초월,3559,3436,6995,123,6,7,화
2022-06-07,경강선,곤지암,2573,2593,5166,-20,6,7,화
2022-06-07,경강선,신둔도예촌,1846,1651,3497,195,6,7,화
2022-06-07,경강선,이천,2879,2985,5864,-106,6,7,화
2022-06-07,경강선,부발,2385,2423,4808,-38,6,7,화
2022-06-07,경강선,세종대왕릉,405,392,797,13,6,7,화
2022-06-07,경강선,여주,2799,2731,5530,68,6,7,화
2022-06-07,경부선,서울역,8202,2248,10450,5954,6,7,화
2022-06-07,경부선,남영,10186,10987,21173,-801,6,7,화
2022-06-07,경부선,용산,37347,36732,74079,615,6,7,화
2022-06-07,경부선,노량진,8488,8417,16905,71,6,7,화
2022-06-07,경부선,대방,12765,13663,26428,-898,6,7,화
2022-06-07,경부선,영등포,38597,39686,78283,-1089,6,7,화
2022-06-07,경부선,신도림,4634,4683,9317,-49,6,7,화
2022-06-07,경부선,신길,10000,8759,18759,1241,6,7,화
2022-06-07,경부선,구로,19754,20078,39832,-324,6,7,화
2022-06-07,경부선,가산디지털단지,20450,23586,44036,-3136,6,7,화
2022-06-07,경부선,금천구청,13050,13107,26157,-57,6,7,화
2022-06-07,경부선,석수,10548,9565,20113,983,6,7,화
2022-06-07,경부선,관악,8287,7606,15893,681,6,7,화
2022-06-07,경부선,안양,28600,28486,57086,114,6,7,화
2022-06-07,경부선,명학,11934,11801,23735,133,6,7,화
2022-06-07,경부선,금정,29191,29610,58801,-419,6,7,화
2022-06-07,경부선,군포,8260,8219,16479,41,6,7,화
2022-06-07,경부선,의왕,10396,10314,20710,82,6,7,화
2022-06-07,경부선,성균관대,16574,16626,33200,-52,6,7,화
2022-06-07,경부선,화서,9491,9036,18527,455,6,7,화
2022-06-07,경부선,수원,38156,39822,77978,-1666,6,7,화
2022-06-07,경부선,독산,20299,21044,41343,-745,6,7,화
2022-06-07,경부선,세류,3466,3062,6528,404,6,7,화
2022-06-07,경부선,병점,17729,17756,35485,-27,6,7,화
2022-06-07,경부선,세마,3355,3013,6368,342,6,7,화
2022-06-07,경부선,오산대,4618,4297,8915,321,6,7,화
2022-06-07,경부선,오산,11060,11172,22232,-112,6,7,화
2022-06-07,경부선,진위,2056,1800,3856,256,6,7,화
2022-06-07,경부선,송탄,4669,4507,9176,162,6,7,화
2022-06-07,경부선,서정리,8517,8311,16828,206,6,7,화
2022-06-07,경부선,평택지제,4122,3928,8050,194,6,7,화
2022-06-07,경부선,평택,14103,14258,28361,-155,6,7,화
2022-06-07,경부선,성환,6918,7004,13922,-86,6,7,화
2022-06-07,과천선,과천,6991,6353,13344,638,6,7,화
2022-06-07,과천선,정부과천청사,11756,11608,23364,148,6,7,화
2022-06-07,과천선,인덕원,26521,27335,53856,-814,6,7,화
2022-06-07,과천선,평촌,19663,19171,38834,492,6,7,화
2022-06-07,과천선,범계,28245,28111,56356,134,6,7,화
2022-06-07,분당선,선릉,14695,22730,37425,-8035,6,7,화
2022-06-07,분당선,한티,15210,16509,31719,-1299,6,7,화
2022-06-07,분당선,도곡,7770,7740,15510,30,6,7,화
2022-06-07,분당선,구룡,2669,2469,5138,200,6,7,화
2022-06-07,분당선,개포동,4238,4399,8637,-161,6,7,화
2022-06-07,분당선,대모산입구,5037,4595,9632,442,6,7,화
2022-06-07,분당선,수서,15212,15160,30372,52,6,7,화
2022-06-07,분당선,수원,8588,7410,15998,1178,6,7,화
2022-06-07,분당선,서울숲,12167,12354,24521,-187,6,7,화
2022-06-07,분당선,압구정로데오,19020,21297,40317,-2277,6,7,화
2022-06-07,분당선,강남구청,10604,12093,22697,-1489,6,7,화
2022-06-07,일산선,마두,8257,8434,16691,-177,6,7,화
2022-06-07,일산선,백석,10663,10574,21237,89,6,7,화
2022-06-07,일산선,대곡,2498,1988,4486,510,6,7,화
2022-06-07,일산선,화정,18323,18489,36812,-166,6,7,화
2022-06-07,일산선,원당,12324,11517,23841,807,6,7,화
2022-06-07,일산선,삼송,21713,20951,42664,762,6,7,화
2022-06-07,6호선,한강진,7447,8574,16021,-1127,6,7,화
2022-06-07,일산선,지축,1,0,1,1,6,7,화
2022-06-07,일산선,원흥,12163,11608,23771,555,6,7,화
2022-06-07,우이신설선,신설동,2408,2298,4706,110,6,7,화
2022-06-07,우이신설선,보문,1624,1610,3234,14,6,7,화
2022-06-07,우이신설선,성신여대입구(돈암),3387,3744,7131,-357,6,7,화
2022-06-07,우이신설선,정릉,5130,4690,9820,440,6,7,화
2022-06-07,우이신설선,북한산보국문,6544,6254,12798,290,6,7,화
2022-06-07,우이신설선,솔샘,6382,5918,12300,464,6,7,화
2022-06-07,우이신설선,삼양사거리,2732,2735,5467,-3,6,7,화
2022-06-07,우이신설선,삼양,2166,2317,4483,-151,6,7,화
2022-06-07,우이신설선,화계,3707,3492,7199,215,6,7,화
2022-06-07,우이신설선,가오리,4549,4527,9076,22,6,7,화
2022-06-07,우이신설선,4.19민주묘지,3630,3537,7167,93,6,7,화
2022-06-07,우이신설선,솔밭공원,2690,2580,5270,110,6,7,화
2022-06-07,우이신설선,북한산우이,3032,2747,5779,285,6,7,화
2022-06-07,안산선,수리산,4712,3927,8639,785,6,7,화
2022-06-07,안산선,오이도,9484,9025,18509,459,6,7,화
2022-06-07,안산선,정왕,11235,11748,22983,-513,6,7,화
2022-06-07,안산선,신길온천,2053,1859,3912,194,6,7,화
2022-06-07,안산선,안산,12629,11428,24057,1201,6,7,화
2022-06-07,안산선,초지,5835,6052,11887,-217,6,7,화
2022-06-07,안산선,고잔,9935,9340,19275,595,6,7,화
2022-06-07,안산선,중앙,19656,20349,40005,-693,6,7,화
2022-06-07,안산선,한대앞,11315,11525,22840,-210,6,7,화
2022-06-07,안산선,상록수,17751,18078,35829,-327,6,7,화
2022-06-07,안산선,반월,4869,4664,9533,205,6,7,화
2022-06-07,안산선,대야미,5622,5007,10629,615,6,7,화
2022-06-07,안산선,산본,17291,18679,35970,-1388,6,7,화
2022-06-07,신림선,관악산(서울대),3310,3388,6698,-78,6,7,화
2022-06-07,신림선,서울대벤처타운,5594,5893,11487,-299,6,7,화
2022-06-07,신림선,서원,2374,2359,4733,15,6,7,화
2022-06-07,신림선,신림,1649,2066,3715,-417,6,7,화
2022-06-07,신림선,당곡,3031,2973,6004,58,6,7,화
2022-06-07,신림선,보라매병원,5757,5839,11596,-82,6,7,화
2022-06-07,신림선,보라매공원,1524,1863,3387,-339,6,7,화
2022-06-07,신림선,보라매,2387,2164,4551,223,6,7,화
2022-06-07,신림선,서울지방병무청,1961,2117,4078,-156,6,7,화
2022-06-07,신림선,대방,1584,1167,2751,417,6,7,화
2022-06-07,신림선,샛강,2155,2788,4943,-633,6,7,화
2022-06-07,수인선,인천,1087,1797,2884,-710,6,7,화
2022-06-07,수인선,신포,2090,2043,4133,47,6,7,화
2022-06-07,수인선,숭의,4544,4143,8687,401,6,7,화
2022-06-07,수인선,인하대,7825,7511,15336,314,6,7,화
2022-06-07,수인선,송도,2778,2494,5272,284,6,7,화
2022-06-07,수인선,연수,4933,4875,9808,58,6,7,화
2022-06-07,수인선,원인재,4734,5007,9741,-273,6,7,화
2022-06-07,수인선,남동인더스파크,2365,2611,4976,-246,6,7,화
2022-06-07,수인선,호구포,4564,4683,9247,-119,6,7,화
2022-06-07,수인선,인천논현,6005,6391,12396,-386,6,7,화
2022-06-07,수인선,소래포구,6395,5859,12254,536,6,7,화
2022-06-07,수인선,월곶,3022,2833,5855,189,6,7,화
2022-06-07,수인선,달월,125,78,203,47,6,7,화
2022-06-07,수인선,사리,5536,4860,10396,676,6,7,화
2022-06-07,수인선,야목,453,359,812,94,6,7,화
2022-06-07,수인선,어천,806,842,1648,-36,6,7,화
2022-06-07,수인선,오목천,4423,3947,8370,476,6,7,화
2022-06-07,수인선,고색,5319,4998,10317,321,6,7,화
2022-06-07,분당선,매교,3397,3462,6859,-65,6,7,화
2022-06-07,분당선,수원시청,13455,14201,27656,-746,6,7,화
2022-06-07,분당선,매탄권선,5879,5651,11530,228,6,7,화
2022-06-07,분당선,망포,15707,15092,30799,615,6,7,화
2022-06-07,분당선,영통,8700,9136,17836,-436,6,7,화
2022-06-07,분당선,청명,4779,4676,9455,103,6,7,화
2022-06-07,분당선,상갈,6160,5951,12111,209,6,7,화
2022-06-07,분당선,기흥,11260,10640,21900,620,6,7,화
2022-06-07,분당선,신갈,5163,5148,10311,15,6,7,화
2022-06-07,분당선,구성,5753,5949,11702,-196,6,7,화
2022-06-07,분당선,죽전,15401,16739,32140,-1338,6,7,화
2022-06-07,분당선,보정,2997,2637,5634,360,6,7,화
2022-06-07,분당선,이매,6013,5715,11728,298,6,7,화
2022-06-07,분당선,오리,12676,10424,23100,2252,6,7,화
2022-06-07,분당선,미금,16729,17780,34509,-1051,6,7,화
2022-06-07,분당선,정자,19410,20635,40045,-1225,6,7,화
2022-06-07,분당선,수내,14667,14690,29357,-23,6,7,화
2022-06-07,분당선,서현,25499,25733,51232,-234,6,7,화
2022-06-07,분당선,야탑,27837,28879,56716,-1042,6,7,화
2022-06-07,분당선,모란,21285,21449,42734,-164,6,7,화
2022-06-07,분당선,태평,14256,13804,28060,452,6,7,화
2022-06-07,분당선,가천대,12832,13961,26793,-1129,6,7,화
2022-06-07,분당선,선정릉,8502,9153,17655,-651,6,7,화
2022-06-07,6호선,버티고개,2373,2364,4737,9,6,7,화
2022-06-07,6호선,약수,3754,3817,7571,-63,6,7,화
2022-06-07,6호선,청구,3810,4045,7855,-235,6,7,화
2022-06-07,경춘선,굴봉산,190,207,397,-17,6,7,화
2022-06-07,경춘선,백양리,107,123,230,-16,6,7,화
2022-06-07,경춘선,강촌,514,504,1018,10,6,7,화
2022-06-07,경춘선,김유정,366,354,720,12,6,7,화
2022-06-07,경춘선,남춘천,3299,3509,6808,-210,6,7,화
2022-06-07,경춘선,춘천,1760,1662,3422,98,6,7,화
2022-06-07,공항철도 1호선,서울역,9426,8097,17523,1329,6,7,화
2022-06-07,공항철도 1호선,공덕,2503,3172,5675,-669,6,7,화
2022-06-07,공항철도 1호선,홍대입구,9738,9917,19655,-179,6,7,화
2022-06-07,공항철도 1호선,디지털미디어시티,16122,15137,31259,985,6,7,화
2022-06-07,공항철도 1호선,마곡나루(서울식물원),10660,10266,20926,394,6,7,화
2022-06-07,공항철도 1호선,김포공항,11869,7134,19003,4735,6,7,화
2022-06-07,공항철도 1호선,계양,12172,11286,23458,886,6,7,화
2022-06-07,공항철도 1호선,검암,7273,7145,14418,128,6,7,화
2022-06-07,공항철도 1호선,청라국제도시,8106,7480,15586,626,6,7,화
2022-06-07,공항철도 1호선,운서,7580,7656,15236,-76,6,7,화
2022-06-07,공항철도 1호선,공항화물청사,2413,2569,4982,-156,6,7,화
2022-06-07,공항철도 1호선,인천공항1터미널,6076,5700,11776,376,6,7,화
2022-06-07,공항철도 1호선,인천공항2터미널,3020,2875,5895,145,6,7,화
2022-06-07,경원선,의정부,19429,20006,39435,-577,6,7,화
2022-06-07,공항철도 1호선,영종,3528,3477,7005,51,6,7,화
2022-06-07,중앙선,지평,79,91,170,-12,6,7,화
2022-06-07,중앙선,용문,2146,2025,4171,121,6,7,화
2022-06-07,중앙선,원덕,441,418,859,23,6,7,화
2022-06-07,중앙선,양평,3309,3196,6505,113,6,7,화
2022-06-07,중앙선,오빈,367,341,708,26,6,7,화
2022-06-07,중앙선,아신,627,622,1249,5,6,7,화
2022-06-07,중앙선,국수,887,863,1750,24,6,7,화
2022-06-07,중앙선,신원,270,231,501,39,6,7,화
2022-06-07,중앙선,양수,2218,2231,4449,-13,6,7,화
2022-06-07,중앙선,운길산,1126,1109,2235,17,6,7,화
2022-06-07,중앙선,팔당,935,971,1906,-36,6,7,화
2022-06-07,중앙선,도심,2875,2151,5026,724,6,7,화
2022-06-07,중앙선,덕소,6288,6077,12365,211,6,7,화
2022-06-07,중앙선,양정,803,663,1466,140,6,7,화
2022-06-07,중앙선,도농,12568,11270,23838,1298,6,7,화
2022-06-07,중앙선,구리,14783,14783,29566,0,6,7,화
2022-06-07,중앙선,양원,3347,3207,6554,140,6,7,화
2022-06-07,중앙선,망우,8396,8199,16595,197,6,7,화
2022-06-07,중앙선,상봉(시외버스터미널),6213,6340,12553,-127,6,7,화
2022-06-07,중앙선,중랑,6104,5746,11850,358,6,7,화
2022-06-07,중앙선,회기,26942,26576,53518,366,6,7,화
2022-06-07,장항선,신창(순천향대),3101,3300,6401,-199,6,7,화
2022-06-07,장항선,온양온천,4225,4246,8471,-21,6,7,화
2022-06-07,경원선,회룡,14292,14148,28440,144,6,7,화
2022-06-07,경원선,망월사,10344,10624,20968,-280,6,7,화
2022-06-07,경원선,도봉산,8640,5810,14450,2830,6,7,화
2022-06-07,경원선,도봉,6589,6289,12878,300,6,7,화
2022-06-07,경원선,방학,10892,10685,21577,207,6,7,화
2022-06-07,경원선,녹천,5062,4244,9306,818,6,7,화
2022-06-07,경원선,월계,9102,8521,17623,581,6,7,화
2022-06-07,경원선,광운대,9229,9078,18307,151,6,7,화
2022-06-07,경원선,석계,8873,10046,18919,-1173,6,7,화
2022-06-07,경원선,신이문,9128,8354,17482,774,6,7,화
2022-06-07,경원선,외대앞,8859,9018,17877,-159,6,7,화
2022-06-07,경원선,청량리(서울시립대입구),16817,17135,33952,-318,6,7,화
2022-06-07,경원선,왕십리(성동구청),15064,16120,31184,-1056,6,7,화
2022-06-07,경원선,응봉,2166,1858,4024,308,6,7,화
2022-06-07,경원선,옥수,68,40,108,28,6,7,화
2022-06-07,경원선,한남,4515,4263,8778,252,6,7,화
2022-06-07,경원선,서빙고,2161,2042,4203,119,6,7,화
2022-06-07,경원선,이촌(국립중앙박물관),4306,3216,7522,1090,6,7,화
2022-06-07,경부선,광명,4146,3268,7414,878,6,7,화
2022-06-07,경부선,서동탄,1613,1373,2986,240,6,7,화
2022-06-07,경부선,당정,7777,7365,15142,412,6,7,화
2022-06-07,경부선,천안,7693,7147,14840,546,6,7,화
2022-06-07,경부선,두정,8070,9437,17507,-1367,6,7,화
2022-06-07,경부선,직산,954,880,1834,74,6,7,화
2022-06-07,장항선,배방,1240,1264,2504,-24,6,7,화
2022-06-07,장항선,탕정,1006,913,1919,93,6,7,화
2022-06-07,장항선,아산,4458,3608,8066,850,6,7,화
2022-06-07,장항선,쌍용(나사렛대),3281,3205,6486,76,6,7,화
2022-06-07,장항선,봉명,1439,1409,2848,30,6,7,화
2022-06-07,일산선,대화,14881,11575,26456,3306,6,7,화
2022-06-07,일산선,주엽,10373,10208,20581,165,6,7,화
2022-06-07,일산선,정발산,7235,7389,14624,-154,6,7,화
2022-06-07,과천선,선바위,9212,8035,17247,1177,6,7,화
2022-06-07,과천선,경마공원,1641,1602,3243,39,6,7,화
2022-06-07,과천선,대공원,3957,4058,8015,-101,6,7,화
2022-06-07,6호선,신당,8815,9279,18094,-464,6,7,화
2022-06-07,6호선,동묘앞,8224,8524,16748,-300,6,7,화
2022-06-07,6호선,보문,7906,7309,15215,597,6,7,화
2022-06-07,6호선,안암(고대병원앞),14353,14904,29257,-551,6,7,화
2022-06-07,6호선,고려대(종암),9200,9063,18263,137,6,7,화
2022-06-07,6호선,월곡(동덕여대),13375,13055,26430,320,6,7,화
2022-06-07,6호선,상월곡(한국과학기술연구원),6958,6524,13482,434,6,7,화
2022-06-07,6호선,돌곶이,10179,9329,19508,850,6,7,화
2022-06-07,6호선,석계,13082,13845,26927,-763,6,7,화
2022-06-07,6호선,태릉입구,6070,6971,13041,-901,6,7,화
2022-06-07,6호선,화랑대(서울여대입구),13408,10306,23714,3102,6,7,화
2022-06-07,6호선,봉화산(서울의료원),9678,9010,18688,668,6,7,화
2022-06-07,7호선,장암,2469,920,3389,1549,6,7,화
2022-06-07,7호선,도봉산,10590,11973,22563,-1383,6,7,화
2022-06-07,7호선,수락산,13406,13220,26626,186,6,7,화
2022-06-07,7호선,마들,13878,13139,27017,739,6,7,화
2022-06-07,7호선,노원,20405,21407,41812,-1002,6,7,화
2022-06-07,7호선,중계,16145,14979,31124,1166,6,7,화
2022-06-07,7호선,하계,18976,17730,36706,1246,6,7,화
2022-06-07,7호선,공릉(서울과학기술대),12749,12701,25450,48,6,7,화
2022-06-07,7호선,태릉입구,9697,9281,18978,416,6,7,화
2022-06-07,7호선,먹골,10551,10375,20926,176,6,7,화
2022-06-07,7호선,중화,11224,11236,22460,-12,6,7,화
2022-06-07,7호선,상봉(시외버스터미널),17624,16484,34108,1140,6,7,화
2022-06-07,7호선,면목,17424,16973,34397,451,6,7,화
2022-06-07,7호선,사가정,17282,17251,34533,31,6,7,화
2022-06-07,경원선,가능,7860,7504,15364,356,6,7,화
2022-06-07,경원선,녹양,5132,4882,10014,250,6,7,화
2022-06-07,경원선,양주,8960,8344,17304,616,6,7,화
2022-06-07,경원선,덕계,3845,3462,7307,383,6,7,화
2022-06-07,경원선,덕정,7383,7105,14488,278,6,7,화
2022-06-07,경원선,지행,7751,7634,15385,117,6,7,화
2022-06-07,경원선,동두천중앙,3552,3362,6914,190,6,7,화
2022-06-07,경원선,보산,1695,1521,3216,174,6,7,화
2022-06-07,경원선,동두천,3045,3284,6329,-239,6,7,화
2022-06-07,경원선,소요산,2912,2363,5275,549,6,7,화
2022-06-07,경의선,서울역,5224,6674,11898,-1450,6,7,화
2022-06-07,경의선,신촌,973,1305,2278,-332,6,7,화
2022-06-07,경의선,효창공원앞,3287,3691,6978,-404,6,7,화
2022-06-07,경의선,공덕,3805,3554,7359,251,6,7,화
2022-06-07,경의선,서강대,2379,2359,4738,20,6,7,화
2022-06-07,7호선,용마산(용마폭포공원),6363,6331,12694,32,6,7,화
2022-06-07,7호선,중곡,11688,11066,22754,622,6,7,화
2022-06-07,7호선,군자(능동),15796,12652,28448,3144,6,7,화
2022-06-07,7호선,어린이대공원(세종대),16351,17072,33423,-721,6,7,화
2022-06-07,7호선,건대입구,13342,14026,27368,-684,6,7,화
2022-06-07,7호선,뚝섬유원지,9570,9256,18826,314,6,7,화
2022-06-07,7호선,청담,21473,23794,45267,-2321,6,7,화
2022-06-07,7호선,강남구청,17833,19939,37772,-2106,6,7,화
2022-06-07,7호선,학동,26613,28116,54729,-1503,6,7,화
2022-06-07,7호선,논현,20912,22474,43386,-1562,6,7,화
2022-06-07,7호선,반포,6485,6235,12720,250,6,7,화
2022-06-07,7호선,고속터미널,17617,14387,32004,3230,6,7,화
2022-06-07,7호선,내방,15797,16218,32015,-421,6,7,화
2022-06-07,7호선,이수,16714,16241,32955,473,6,7,화
2022-06-07,7호선,남성,12164,11398,23562,766,6,7,화
2022-06-07,경의선,홍대입구,1738,2048,3786,-310,6,7,화
2022-06-07,경의선,가좌,6266,6006,12272,260,6,7,화
2022-06-07,경의선,디지털미디어시티,3016,2784,5800,232,6,7,화
2022-06-07,경의선,수색,3402,3606,7008,-204,6,7,화
2022-06-07,경의선,화전,3788,3537,7325,251,6,7,화
2022-06-07,경의선,강매,3772,3230,7002,542,6,7,화
2022-06-07,경의선,행신,9139,9227,18366,-88,6,7,화
2022-06-07,경의선,능곡,4362,3999,8361,363,6,7,화
2022-06-07,경의선,곡산,743,808,1551,-65,6,7,화
2022-06-07,경의선,백마,7948,7488,15436,460,6,7,화
2022-06-07,경의선,풍산,6229,5673,11902,556,6,7,화
2022-06-07,경의선,일산,10808,10592,21400,216,6,7,화
2022-06-07,경의선,탄현,8658,8181,16839,477,6,7,화
2022-06-07,경의선,야당,8405,8363,16768,42,6,7,화
2022-06-07,경의선,운정,7938,7220,15158,718,6,7,화
2022-06-07,7호선,숭실대입구(살피재),15881,16286,32167,-405,6,7,화
2022-06-07,7호선,상도,12220,12034,24254,186,6,7,화
2022-06-07,7호선,장승배기,9902,9757,19659,145,6,7,화
2022-06-07,7호선,신대방삼거리,16769,16084,32853,685,6,7,화
2022-06-07,7호선,보라매,9281,9357,18638,-76,6,7,화
2022-06-07,경강선,경기광주,8716,8271,16987,445,6,7,화
2022-06-07,7호선,신풍,12584,11979,24563,605,6,7,화
2022-06-07,7호선,대림(구로구청),8336,8329,16665,7,6,7,화
2022-06-07,7호선,남구로,17050,18030,35080,-980,6,7,화
2022-06-07,7호선,가산디지털단지,48478,48893,97371,-415,6,7,화
2022-06-07,7호선,철산,22706,23193,45899,-487,6,7,화
2022-06-07,7호선,광명사거리,23254,22950,46204,304,6,7,화
2022-06-07,7호선,천왕,12657,12099,24756,558,6,7,화
2022-06-07,7호선,온수(성공회대입구),11877,11063,22940,814,6,7,화
2022-06-07,8호선,암사,20596,18204,38800,2392,6,7,화
2022-06-07,8호선,천호(풍납토성),15225,17329,32554,-2104,6,7,화
2022-06-07,8호선,강동구청,11259,11538,22797,-279,6,7,화
2022-06-07,8호선,몽촌토성(평화의문),7193,7374,14567,-181,6,7,화
2022-06-07,8호선,잠실(송파구청),14000,16724,30724,-2724,6,7,화
2022-06-07,8호선,석촌,7920,9127,17047,-1207,6,7,화
2022-06-07,8호선,송파,9021,8806,17827,215,6,7,화
2022-06-07,8호선,가락시장,7937,8858,16795,-921,6,7,화
2022-06-07,8호선,문정,23226,24683,47909,-1457,6,7,화
2022-06-07,8호선,장지,18032,17203,35235,829,6,7,화
2022-06-07,8호선,복정,10932,9123,20055,1809,6,7,화
2022-06-07,8호선,산성,5976,6046,12022,-70,6,7,화
2022-06-07,8호선,남한산성입구(성남법원.검찰청),16706,15564,32270,1142,6,7,화
2022-06-07,8호선,단대오거리,12045,11480,23525,565,6,7,화
2022-06-07,8호선,신흥,4373,4778,9151,-405,6,7,화
2022-06-07,8호선,수진,5602,5220,10822,382,6,7,화
2022-06-07,8호선,모란,4756,3804,8560,952,6,7,화
2022-06-07,8호선,남위례,5840,6032,11872,-192,6,7,화
2022-06-07,9호선,개화,3021,2080,5101,941,6,7,화
2022-06-07,9호선,김포공항,7445,10868,18313,-3423,6,7,화
2022-06-07,9호선,공항시장,3170,3439,6609,-269,6,7,화
2022-06-07,9호선,신방화,7091,6882,13973,209,6,7,화
2022-06-07,9호선,마곡나루(서울식물원),13169,13259,26428,-90,6,7,화
2022-06-07,9호선,양천향교,10461,10939,21400,-478,6,7,화
2022-06-07,9호선,가양,22464,21957,44421,507,6,7,화
2022-06-07,9호선,증미,7849,7703,15552,146,6,7,화
2022-06-07,9호선,등촌,12385,11777,24162,608,6,7,화
2022-06-07,9호선,염창,18783,18171,36954,612,6,7,화
2022-06-07,9호선,신목동,4835,4130,8965,705,6,7,화
2022-06-07,9호선,선유도,9546,9192,18738,354,6,7,화
2022-06-07,9호선,당산,19421,20072,39493,-651,6,7,화
2022-06-07,9호선,국회의사당,17537,18561,36098,-1024,6,7,화
2022-06-07,9호선,여의도,29889,29538,59427,351,6,7,화
2022-06-07,9호선,샛강,7022,7026,14048,-4,6,7,화
2022-06-07,9호선,노량진,26920,26600,53520,320,6,7,화
2022-06-07,9호선,노들,4913,4083,8996,830,6,7,화
2022-06-07,9호선,흑석(중앙대입구),9709,10045,19754,-336,6,7,화
2022-06-07,9호선,동작(현충원),2447,2035,4482,412,6,7,화
2022-06-07,9호선,구반포,1348,1377,2725,-29,6,7,화
2022-06-07,9호선,신반포,3992,3885,7877,107,6,7,화
2022-06-07,9호선,고속터미널,13523,16372,29895,-2849,6,7,화
2022-06-07,9호선,사평,3908,3877,7785,31,6,7,화
2022-06-07,9호선,신논현,31987,31869,63856,118,6,7,화
2022-06-07,9호선2~3단계,언주,11198,11807,23005,-609,6,7,화
2022-06-07,9호선2~3단계,선정릉,11032,12103,23135,-1071,6,7,화
2022-06-07,9호선2~3단계,삼성중앙,8042,8561,16603,-519,6,7,화
2022-06-07,9호선2~3단계,봉은사,17306,17714,35020,-408,6,7,화
2022-06-07,9호선2~3단계,종합운동장,4545,4570,9115,-25,6,7,화
2022-06-07,9호선2~3단계,삼전,7443,7128,14571,315,6,7,화
2022-06-07,9호선2~3단계,석촌고분,6662,6609,13271,53,6,7,화
2022-06-07,9호선2~3단계,석촌,9406,8474,17880,932,6,7,화
2022-06-07,9호선2~3단계,송파나루,5167,5360,10527,-193,6,7,화
2022-06-07,9호선2~3단계,한성백제,2716,2449,5165,267,6,7,화
2022-06-07,9호선2~3단계,올림픽공원(한국체대),6715,6768,13483,-53,6,7,화
2022-06-07,9호선2~3단계,둔촌오륜,1243,1109,2352,134,6,7,화
2022-06-07,9호선2~3단계,중앙보훈병원,12186,10682,22868,1504,6,7,화
2022-06-07,경강선,판교,5381,5469,10850,-88,6,7,화
2022-06-07,경의선,금릉,5537,5333,10870,204,6,7,화
2022-06-07,경의선,금촌,7046,6961,14007,85,6,7,화
2022-06-07,경의선,월롱,3214,3126,6340,88,6,7,화
2022-06-07,경의선,파주,1773,1255,3028,518,6,7,화
2022-06-07,경의선,문산,5835,5860,11695,-25,6,7,화
2022-06-07,경의선,임진강,17,12,29,5,6,7,화
2022-06-07,경인선,개봉,23521,22807,46328,714,6,7,화
2022-06-07,경인선,오류동,12840,11927,24767,913,6,7,화
2022-06-07,경인선,역곡,31080,30738,61818,342,6,7,화
2022-06-07,경인선,부천,34470,34507,68977,-37,6,7,화
2022-06-07,경인선,송내,30430,30506,60936,-76,6,7,화
2022-06-07,경인선,부평,29959,31545,61504,-1586,6,7,화
2022-06-07,경인선,백운,7792,7570,15362,222,6,7,화
2022-06-07,경인선,동암,16343,16339,32682,4,6,7,화
2022-06-07,경인선,주안,21356,19330,40686,2026,6,7,화
2022-06-07,2호선,용답,3260,3377,6637,-117,6,7,화
2022-06-07,2호선,서초,23490,22846,46336,644,6,7,화
2022-06-07,6호선,창신,4013,3389,7402,624,6,7,화
2022-06-07,경의선,검암,1,0,1,1,6,7,화
2022-06-07,경강선,이매,1265,1100,2365,165,6,7,화
2022-06-07,경강선,삼동,2844,2466,5310,378,6,7,화
2022-06-07,1호선,서울역,50399,46486,96885,3913,6,7,화
2022-06-07,1호선,시청,25194,25304,50498,-110,6,7,화
2022-06-07,1호선,종각,38432,37972,76404,460,6,7,화
2022-06-07,1호선,종로3가,27134,24553,51687,2581,6,7,화
2022-06-07,1호선,종로5가,24228,24223,48451,5,6,7,화
2022-06-07,1호선,동대문,11296,10862,22158,434,6,7,화
2022-06-07,1호선,신설동,14490,14175,28665,315,6,7,화
2022-06-07,1호선,제기동,18358,18782,37140,-424,6,7,화
2022-06-07,1호선,청량리(서울시립대입구),21219,21243,42462,-24,6,7,화
2022-06-07,1호선,동묘앞,8446,8829,17275,-383,6,7,화
2022-06-07,2호선,시청,24939,24552,49491,387,6,7,화
2022-06-07,2호선,을지로입구,41847,43422,85269,-1575,6,7,화
2022-06-07,2호선,을지로3가,24186,24243,48429,-57,6,7,화
2022-06-07,2호선,을지로4가,13824,13808,27632,16,6,7,화
2022-06-07,2호선,동대문역사문화공원(DDP),12030,13780,25810,-1750,6,7,화
2022-06-07,2호선,신당,14560,14940,29500,-380,6,7,화
2022-06-07,2호선,상왕십리,15219,14787,30006,432,6,7,화
2022-06-07,2호선,왕십리(성동구청),17063,13658,30721,3405,6,7,화
2022-06-07,2호선,한양대,15312,17232,32544,-1920,6,7,화
2022-06-07,2호선,뚝섬,22841,24852,47693,-2011,6,7,화
2022-06-07,2호선,성수,38418,41542,79960,-3124,6,7,화
2022-06-07,2호선,건대입구,34616,37009,71625,-2393,6,7,화
2022-06-07,2호선,구의(광진구청),24976,24695,49671,281,6,7,화
2022-06-07,2호선,강변(동서울터미널),33439,30634,64073,2805,6,7,화
2022-06-07,2호선,잠실나루,16697,16186,32883,511,6,7,화
2022-06-07,2호선,잠실(송파구청),69909,69501,139410,408,6,7,화
2022-06-07,2호선,잠실새내,22447,22111,44558,336,6,7,화
2022-06-07,2호선,종합운동장,10857,12339,23196,-1482,6,7,화
2022-06-07,2호선,삼성(무역센터),53189,54372,107561,-1183,6,7,화
2022-06-07,2호선,선릉,62733,56055,118788,6678,6,7,화
2022-06-07,2호선,역삼,57378,65440,122818,-8062,6,7,화
2022-06-07,2호선,강남,84682,83378,168060,1304,6,7,화
2022-06-07,2호선,교대(법원.검찰청),37148,42248,79396,-5100,6,7,화
2022-06-07,2호선,방배,20777,21561,42338,-784,6,7,화
2022-06-07,2호선,사당,39751,43818,83569,-4067,6,7,화
2022-06-07,2호선,낙성대(강감찬),28555,28879,57434,-324,6,7,화
2022-06-07,2호선,서울대입구(관악구청),49320,48543,97863,777,6,7,화
2022-06-07,2호선,봉천,25774,24140,49914,1634,6,7,화
2022-06-07,2호선,신림,61311,59126,120437,2185,6,7,화
2022-06-07,2호선,신대방,27460,26886,54346,574,6,7,화
2022-06-07,2호선,구로디지털단지,63291,63548,126839,-257,6,7,화
2022-06-07,2호선,대림(구로구청),25703,26191,51894,-488,6,7,화
2022-06-07,2호선,신도림,49975,49774,99749,201,6,7,화
2022-06-07,2호선,문래,23763,24320,48083,-557,6,7,화
2022-06-07,2호선,영등포구청,23970,25021,48991,-1051,6,7,화
2022-06-07,2호선,당산,19761,23515,43276,-3754,6,7,화
2022-06-07,2호선,합정,31259,33038,64297,-1779,6,7,화
2022-06-07,2호선,홍대입구,53227,55998,109225,-2771,6,7,화
2022-06-07,경인선,제물포,12411,11913,24324,498,6,7,화
2022-06-07,2호선,신촌,33926,35196,69122,-1270,6,7,화
2022-06-07,2호선,이대,14207,15599,29806,-1392,6,7,화
2022-06-07,2호선,아현,11457,10955,22412,502,6,7,화
2022-06-07,2호선,충정로(경기대입구),10712,11320,22032,-608,6,7,화
2022-06-07,2호선,신답,1843,2019,3862,-176,6,7,화
2022-06-07,2호선,신설동,3316,3278,6594,38,6,7,화
2022-06-07,2호선,도림천,1362,1463,2825,-101,6,7,화
2022-06-07,2호선,양천구청,7630,7850,15480,-220,6,7,화
2022-06-07,2호선,신정네거리,11284,11369,22653,-85,6,7,화
2022-06-07,2호선,용두(동대문구청),2483,2515,4998,-32,6,7,화
2022-06-07,3호선,지축,5725,5312,11037,413,6,7,화
2022-06-07,3호선,구파발,22358,21387,43745,971,6,7,화
2022-06-07,3호선,연신내,38809,36851,75660,1958,6,7,화
2022-06-07,3호선,불광,17780,18610,36390,-830,6,7,화
2022-06-07,3호선,녹번,17196,15551,32747,1645,6,7,화
2022-06-07,3호선,홍제,19760,18765,38525,995,6,7,화
2022-06-07,3호선,무악재,4253,4307,8560,-54,6,7,화
2022-06-07,3호선,독립문,7610,7909,15519,-299,6,7,화
2022-06-07,3호선,경복궁(정부서울청사),27172,28881,56053,-1709,6,7,화
2022-06-07,3호선,안국,24043,24202,48245,-159,6,7,화
2022-06-07,3호선,종로3가,10583,11981,22564,-1398,6,7,화
2022-06-07,3호선,을지로3가,11191,11428,22619,-237,6,7,화
2022-06-07,3호선,충무로,2,0,2,2,6,7,화
2022-06-07,3호선,동대입구,9234,10204,19438,-970,6,7,화
2022-06-07,3호선,약수,13773,13344,27117,429,6,7,화
2022-06-07,3호선,금호,8569,8028,16597,541,6,7,화
2022-06-07,3호선,옥수,9569,9960,19529,-391,6,7,화
2022-06-07,3호선,압구정,34423,36914,71337,-2491,6,7,화
2022-06-07,3호선,신사,29691,31200,60891,-1509,6,7,화
2022-06-07,3호선,잠원,5239,4981,10220,258,6,7,화
2022-06-07,3호선,고속터미널,41439,38816,80255,2623,6,7,화
2022-06-07,3호선,교대(법원.검찰청),16004,10450,26454,5554,6,7,화
2022-06-07,3호선,남부터미널(예술의전당),31653,31974,63627,-321,6,7,화
2022-06-07,3호선,양재(서초구청),40372,44881,85253,-4509,6,7,화
2022-06-07,3호선,매봉,13745,13213,26958,532,6,7,화
2022-06-07,3호선,도곡,5833,5939,11772,-106,6,7,화
2022-06-07,3호선,대치,11871,12140,24011,-269,6,7,화
2022-06-07,3호선,학여울,1975,1973,3948,2,6,7,화
2022-06-07,3호선,대청,11103,10444,21547,659,6,7,화
2022-06-07,3호선,일원,12415,11839,24254,576,6,7,화
2022-06-07,3호선,수서,18305,18988,37293,-683,6,7,화
2022-06-07,3호선,가락시장,9632,9509,19141,123,6,7,화
2022-06-07,3호선,경찰병원,7731,7822,15553,-91,6,7,화
2022-06-07,3호선,오금,6797,5964,12761,833,6,7,화
2022-06-07,4호선,당고개,9742,8634,18376,1108,6,7,화
2022-06-07,4호선,상계,20753,19278,40031,1475,6,7,화
2022-06-07,4호선,노원,19655,22024,41679,-2369,6,7,화
2022-06-07,4호선,창동,26771,28214,54985,-1443,6,7,화
2022-06-07,4호선,쌍문,31073,28551,59624,2522,6,7,화
2022-06-07,4호선,수유(강북구청),35529,35758,71287,-229,6,7,화
2022-06-07,4호선,미아(서울사이버대학),16306,15879,32185,427,6,7,화
2022-06-07,4호선,미아사거리,29094,28055,57149,1039,6,7,화
2022-06-07,4호선,길음,23803,23838,47641,-35,6,7,화
2022-06-07,4호선,성신여대입구(돈암),21773,20578,42351,1195,6,7,화
2022-06-07,4호선,한성대입구(삼선교),15218,14852,30070,366,6,7,화
2022-06-07,4호선,혜화,31122,31604,62726,-482,6,7,화
2022-06-07,4호선,동대문,21352,21667,43019,-315,6,7,화
2022-06-07,4호선,동대문역사문화공원(DDP),15048,13726,28774,1322,6,7,화
2022-06-07,4호선,충무로,29913,31446,61359,-1533,6,7,화
2022-06-07,4호선,명동,21802,22253,44055,-451,6,7,화
2022-06-07,4호선,회현(남대문시장),27333,29184,56517,-1851,6,7,화
2022-06-07,경인선,동인천,14510,13886,28396,624,6,7,화
2022-06-07,경인선,인천,3998,3034,7032,964,6,7,화
2022-06-07,경인선,구일,8736,8777,17513,-41,6,7,화
2022-06-07,경인선,소사,10157,9851,20008,306,6,7,화
2022-06-07,경인선,부개,9610,8935,18545,675,6,7,화
2022-06-07,경인선,간석,6638,6188,12826,450,6,7,화
2022-06-07,경인선,도원,3799,3689,7488,110,6,7,화
2022-06-07,경인선,온수(성공회대입구),7815,7429,15244,386,6,7,화
2022-06-07,경인선,중동,10443,9799,20242,644,6,7,화
2022-06-07,경인선,도화,4717,4325,9042,392,6,7,화
2022-06-07,경춘선,신내,2508,2311,4819,197,6,7,화
2022-06-07,경춘선,갈매,3408,2918,6326,490,6,7,화
2022-06-07,경춘선,별내,3650,3388,7038,262,6,7,화
2022-06-07,경춘선,퇴계원,3991,3602,7593,389,6,7,화
2022-06-07,경춘선,사릉,2858,2776,5634,82,6,7,화
2022-06-07,경춘선,금곡,1828,1760,3588,68,6,7,화
2022-06-07,경춘선,평내호평,7221,6970,14191,251,6,7,화
2022-06-07,경춘선,천마산,2025,1842,3867,183,6,7,화
2022-06-07,경춘선,마석,4738,4439,9177,299,6,7,화
2022-06-07,경춘선,대성리,756,632,1388,124,6,7,화
2022-06-07,경춘선,청평,2052,1874,3926,178,6,7,화
2022-06-07,경춘선,상천,364,323,687,41,6,7,화
2022-06-07,경춘선,가평,2171,1912,4083,259,6,7,화
2022-06-07,4호선,서울역,12340,17810,30150,-5470,6,7,화
2022-06-07,4호선,숙대입구(갈월),14981,14576,29557,405,6,7,화
2022-06-07,4호선,삼각지,5587,6087,11674,-500,6,7,화
2022-06-07,4호선,신용산,18406,19515,37921,-1109,6,7,화
2022-06-07,4호선,이촌(국립중앙박물관),8993,9870,18863,-877,6,7,화
2022-06-07,4호선,동작(현충원),1778,2081,3859,-303,6,7,화
2022-06-07,4호선,총신대입구(이수),20299,21867,42166,-1568,6,7,화
2022-06-07,4호선,사당,27144,22927,50071,4217,6,7,화
2022-06-07,4호선,남태령,1427,1236,2663,191,6,7,화
2022-06-07,5호선,방화,7247,6866,14113,381,6,7,화
2022-06-07,5호선,개화산,6211,5920,12131,291,6,7,화
2022-06-07,5호선,김포공항,7353,7188,14541,165,6,7,화
2022-06-07,5호선,송정,7142,6610,13752,532,6,7,화
2022-06-07,5호선,마곡,11468,11690,23158,-222,6,7,화
2022-06-07,5호선,발산,22015,22743,44758,-728,6,7,화
2022-06-07,5호선,우장산,16002,15606,31608,396,6,7,화
2022-06-07,5호선,화곡,30561,28468,59029,2093,6,7,화
2022-06-07,5호선,까치산,31001,29471,60472,1530,6,7,화
2022-06-07,5호선,신정(은행정),15080,12147,27227,2933,6,7,화
2022-06-07,5호선,목동,18248,19670,37918,-1422,6,7,화
2022-06-07,5호선,오목교(목동운동장앞),22570,24126,46696,-1556,6,7,화
2022-06-07,5호선,양평,8223,8150,16373,73,6,7,화
2022-06-07,5호선,영등포구청,4507,4635,9142,-128,6,7,화
2022-06-07,5호선,영등포시장,10914,11425,22339,-511,6,7,화
2022-06-07,5호선,신길,4422,4817,9239,-395,6,7,화
2022-06-07,5호선,여의도,30104,32394,62498,-2290,6,7,화
2022-06-07,5호선,여의나루,11531,12599,24130,-1068,6,7,화
2022-06-07,5호선,마포,15645,15949,31594,-304,6,7,화
2022-06-07,5호선,공덕,15638,16452,32090,-814,6,7,화
2022-06-07,5호선,애오개,7335,7288,14623,47,6,7,화
2022-06-07,5호선,충정로(경기대입구),5053,5217,10270,-164,6,7,화
2022-06-07,5호선,서대문,22068,22354,44422,-286,6,7,화
2022-06-07,5호선,광화문(세종문화회관),32500,34223,66723,-1723,6,7,화
2022-06-07,5호선,종로3가,12940,12732,25672,208,6,7,화
2022-06-07,5호선,을지로4가,6599,6790,13389,-191,6,7,화
2022-06-07,5호선,동대문역사문화공원(DDP),3063,3625,6688,-562,6,7,화
2022-06-07,5호선,청구,4263,3797,8060,466,6,7,화
2022-06-07,5호선,신금호,7056,7327,14383,-271,6,7,화
2022-06-07,5호선,행당,8750,7902,16652,848,6,7,화
2022-06-07,5호선,왕십리(성동구청),4681,5266,9947,-585,6,7,화
2022-06-07,5호선,마장,6331,6021,12352,310,6,7,화
2022-06-07,5호선,답십리,16836,15418,32254,1418,6,7,화
2022-06-07,5호선,장한평,19725,19687,39412,38,6,7,화
2022-06-07,5호선,군자(능동),11633,12666,24299,-1033,6,7,화
2022-06-07,5호선,아차산(어린이대공원후문),15656,15121,30777,535,6,7,화
2022-06-07,5호선,광나루(장신대),14657,13356,28013,1301,6,7,화
2022-06-07,5호선,천호(풍납토성),18474,18619,37093,-145,6,7,화
2022-06-07,5호선,강동,19872,19191,39063,681,6,7,화
2022-06-07,5호선,길동,8548,8870,17418,-322,6,7,화
2022-06-07,5호선,굽은다리(강동구민회관앞),10335,9740,20075,595,6,7,화
2022-06-07,5호선,명일,9532,9730,19262,-198,6,7,화
2022-06-07,5호선,고덕,10441,10631,21072,-190,6,7,화
2022-06-07,5호선,상일동,16543,14965,31508,1578,6,7,화
2022-06-07,5호선,둔촌동,8713,8769,17482,-56,6,7,화
2022-06-07,5호선,올림픽공원(한국체대),4991,4452,9443,539,6,7,화
2022-06-07,5호선,방이,7583,7749,15332,-166,6,7,화
2022-06-07,5호선,오금,4182,4278,8460,-96,6,7,화
2022-06-07,5호선,개롱,7082,7394,14476,-312,6,7,화
2022-06-07,5호선,거여,11419,10987,22406,432,6,7,화
2022-06-07,5호선,마천,8037,7735,15772,302,6,7,화
2022-06-07,5호선,강일,4978,4944,9922,34,6,7,화
2022-06-07,5호선,미사,17250,17581,34831,-331,6,7,화
2022-06-07,5호선,하남풍산,4665,4557,9222,108,6,7,화
2022-06-07,5호선,하남시청(덕풍·신장),7542,7350,14892,192,6,7,화
2022-06-07,5호선,하남검단산,6216,5955,12171,261,6,7,화
2022-06-07,6호선,응암,18854,18664,37518,190,6,7,화
2022-06-07,6호선,역촌,3915,4625,8540,-710,6,7,화
2022-06-07,6호선,불광,4619,4588,9207,31,6,7,화
2022-06-07,6호선,독바위,2954,3130,6084,-176,6,7,화
2022-06-07,6호선,연신내,1,0,1,1,6,7,화
2022-06-07,6호선,구산,8412,6200,14612,2212,6,7,화
2022-06-07,6호선,새절(신사),14170,13169,27339,1001,6,7,화
2022-06-07,6호선,증산(명지대앞),10869,10774,21643,95,6,7,화
2022-06-07,6호선,디지털미디어시티,15560,17101,32661,-1541,6,7,화
2022-06-07,6호선,월드컵경기장(성산),4712,4965,9677,-253,6,7,화
2022-06-07,6호선,마포구청,15437,13727,29164,1710,6,7,화
2022-06-07,6호선,망원,14052,14821,28873,-769,6,7,화
2022-06-07,6호선,합정,13284,12923,26207,361,6,7,화
2022-06-07,6호선,상수,8976,10217,19193,-1241,6,7,화
2022-06-07,6호선,광흥창(서강),9943,9654,19597,289,6,7,화
2022-06-07,6호선,대흥(서강대앞),9064,9380,18444,-316,6,7,화
2022-06-07,6호선,공덕,19964,19463,39427,501,6,7,화
2022-06-07,6호선,효창공원앞,7922,7131,15053,791,6,7,화
2022-06-08,경춘선,춘천,1638,1473,3111,165,6,8,수
2022-06-08,공항철도 1호선,공덕,2574,3244,5818,-670,6,8,수
2022-06-08,공항철도 1호선,홍대입구,9929,10135,20064,-206,6,8,수
2022-06-08,공항철도 1호선,디지털미디어시티,16040,15064,31104,976,6,8,수
2022-06-08,공항철도 1호선,마곡나루(서울식물원),10867,10425,21292,442,6,8,수
2022-06-08,공항철도 1호선,김포공항,11811,6813,18624,4998,6,8,수
2022-06-08,공항철도 1호선,계양,12041,11285,23326,756,6,8,수
2022-06-08,공항철도 1호선,검암,7309,7355,14664,-46,6,8,수
2022-06-08,공항철도 1호선,청라국제도시,8010,7506,15516,504,6,8,수
2022-06-08,공항철도 1호선,운서,7824,7772,15596,52,6,8,수
2022-06-08,공항철도 1호선,공항화물청사,2429,2607,5036,-178,6,8,수
2022-06-08,공항철도 1호선,인천공항1터미널,6309,6112,12421,197,6,8,수
2022-06-08,공항철도 1호선,인천공항2터미널,2935,2690,5625,245,6,8,수
2022-06-08,공항철도 1호선,영종,3443,3403,6846,40,6,8,수
2022-06-08,과천선,선바위,9010,8097,17107,913,6,8,수
2022-06-08,과천선,경마공원,1599,1675,3274,-76,6,8,수
2022-06-08,과천선,대공원,3809,3894,7703,-85,6,8,수
2022-06-08,과천선,과천,7094,6457,13551,637,6,8,수
2022-06-08,과천선,정부과천청사,11677,11621,23298,56,6,8,수
2022-06-08,과천선,인덕원,26851,27837,54688,-986,6,8,수
2022-06-08,과천선,평촌,19576,19338,38914,238,6,8,수
2022-06-08,과천선,범계,28577,28502,57079,75,6,8,수
2022-06-08,분당선,선릉,14985,22941,37926,-7956,6,8,수
2022-06-08,분당선,한티,15274,16412,31686,-1138,6,8,수
2022-06-08,분당선,도곡,7937,7780,15717,157,6,8,수
2022-06-08,분당선,구룡,2670,2571,5241,99,6,8,수
2022-06-08,분당선,개포동,4495,4625,9120,-130,6,8,수
2022-06-08,분당선,대모산입구,4970,4628,9598,342,6,8,수
2022-06-08,분당선,수서,14520,15063,29583,-543,6,8,수
2022-06-08,분당선,수원,8546,7353,15899,1193,6,8,수
2022-06-08,분당선,서울숲,12051,12502,24553,-451,6,8,수
2022-06-08,분당선,압구정로데오,19782,21847,41629,-2065,6,8,수
2022-06-08,분당선,강남구청,10601,12191,22792,-1590,6,8,수
2022-06-08,분당선,선정릉,8652,9241,17893,-589,6,8,수
2022-06-08,분당선,가천대,12935,13962,26897,-1027,6,8,수
2022-06-08,분당선,태평,14597,13989,28586,608,6,8,수
2022-06-08,분당선,모란,21337,21559,42896,-222,6,8,수
2022-06-08,분당선,야탑,28512,29824,58336,-1312,6,8,수
2022-06-08,분당선,서현,26054,26681,52735,-627,6,8,수
2022-06-08,분당선,수내,15062,15097,30159,-35,6,8,수
2022-06-08,분당선,정자,19819,21194,41013,-1375,6,8,수
2022-06-08,분당선,미금,17132,18122,35254,-990,6,8,수
2022-06-08,분당선,오리,12948,10658,23606,2290,6,8,수
2022-06-08,분당선,이매,6380,5982,12362,398,6,8,수
2022-06-08,분당선,보정,2985,2613,5598,372,6,8,수
2022-06-08,분당선,죽전,15354,16819,32173,-1465,6,8,수
2022-06-08,분당선,구성,5726,5951,11677,-225,6,8,수
2022-06-08,분당선,신갈,5109,5045,10154,64,6,8,수
2022-06-08,분당선,기흥,11580,11157,22737,423,6,8,수
2022-06-08,분당선,상갈,6241,5893,12134,348,6,8,수
2022-06-08,분당선,청명,4831,4536,9367,295,6,8,수
2022-06-08,분당선,영통,8950,9326,18276,-376,6,8,수
2022-06-08,분당선,망포,15870,15091,30961,779,6,8,수
2022-06-08,분당선,매탄권선,5916,5716,11632,200,6,8,수
2022-06-08,분당선,수원시청,13480,14549,28029,-1069,6,8,수
2022-06-08,분당선,매교,3378,3429,6807,-51,6,8,수
2022-06-08,수인선,고색,5476,5150,10626,326,6,8,수
2022-06-08,수인선,오목천,4354,3968,8322,386,6,8,수
2022-06-08,수인선,어천,831,894,1725,-63,6,8,수
2022-06-08,수인선,야목,489,351,840,138,6,8,수
2022-06-08,수인선,사리,5500,4824,10324,676,6,8,수
2022-06-08,수인선,달월,119,82,201,37,6,8,수
2022-06-08,수인선,월곶,3300,3085,6385,215,6,8,수
2022-06-08,수인선,소래포구,6553,5912,12465,641,6,8,수
2022-06-08,수인선,인천논현,6083,6585,12668,-502,6,8,수
2022-06-08,수인선,호구포,4680,4792,9472,-112,6,8,수
2022-06-08,수인선,남동인더스파크,2417,2712,5129,-295,6,8,수
2022-06-08,수인선,원인재,4791,5072,9863,-281,6,8,수
2022-06-08,수인선,연수,5042,4883,9925,159,6,8,수
2022-06-08,수인선,송도,2732,2575,5307,157,6,8,수
2022-06-08,수인선,인하대,8069,7715,15784,354,6,8,수
2022-06-08,수인선,숭의,4540,4162,8702,378,6,8,수
2022-06-08,수인선,신포,2119,2195,4314,-76,6,8,수
2022-06-08,수인선,인천,1130,1854,2984,-724,6,8,수
2022-06-08,신림선,샛강,2236,2756,4992,-520,6,8,수
2022-06-08,신림선,대방,1572,1225,2797,347,6,8,수
2022-06-08,신림선,서울지방병무청,2000,2118,4118,-118,6,8,수
2022-06-08,신림선,보라매,2507,2265,4772,242,6,8,수
2022-06-08,신림선,보라매공원,1605,1838,3443,-233,6,8,수
2022-06-08,신림선,보라매병원,5871,5965,11836,-94,6,8,수
2022-06-08,신림선,당곡,3139,3070,6209,69,6,8,수
2022-06-08,신림선,신림,1598,2162,3760,-564,6,8,수
2022-06-08,신림선,서원,2390,2209,4599,181,6,8,수
2022-06-08,신림선,서울대벤처타운,5692,5880,11572,-188,6,8,수
2022-06-08,신림선,관악산(서울대),3217,3200,6417,17,6,8,수
2022-06-08,안산선,산본,17611,18901,36512,-1290,6,8,수
2022-06-08,안산선,대야미,5664,5037,10701,627,6,8,수
2022-06-08,안산선,반월,4902,4679,9581,223,6,8,수
2022-06-08,안산선,상록수,17729,17988,35717,-259,6,8,수
2022-06-08,안산선,한대앞,10863,10974,21837,-111,6,8,수
2022-06-08,안산선,중앙,19665,20462,40127,-797,6,8,수
2022-06-08,안산선,고잔,10304,9750,20054,554,6,8,수
2022-06-08,안산선,초지,5792,6146,11938,-354,6,8,수
2022-06-08,안산선,안산,12408,11362,23770,1046,6,8,수
2022-06-08,안산선,신길온천,1991,1874,3865,117,6,8,수
2022-06-08,안산선,정왕,10923,11253,22176,-330,6,8,수
2022-06-08,안산선,오이도,9599,9232,18831,367,6,8,수
2022-06-08,안산선,수리산,4744,3843,8587,901,6,8,수
2022-06-08,우이신설선,북한산우이,2942,2674,5616,268,6,8,수
2022-06-08,우이신설선,솔밭공원,2697,2556,5253,141,6,8,수
2022-06-08,우이신설선,4.19민주묘지,4031,3894,7925,137,6,8,수
2022-06-08,우이신설선,가오리,4700,4626,9326,74,6,8,수
2022-06-08,우이신설선,화계,3743,3456,7199,287,6,8,수
2022-06-08,우이신설선,삼양,2121,2243,4364,-122,6,8,수
2022-06-08,우이신설선,삼양사거리,2702,2728,5430,-26,6,8,수
2022-06-08,우이신설선,솔샘,6491,6051,12542,440,6,8,수
2022-06-08,우이신설선,북한산보국문,6634,6218,12852,416,6,8,수
2022-06-08,우이신설선,정릉,5162,4674,9836,488,6,8,수
2022-06-08,우이신설선,성신여대입구(돈암),3443,3805,7248,-362,6,8,수
2022-06-08,우이신설선,보문,1640,1703,3343,-63,6,8,수
2022-06-08,우이신설선,신설동,2392,2327,4719,65,6,8,수
2022-06-08,일산선,원흥,12299,11799,24098,500,6,8,수
2022-06-08,일산선,지축,1,0,1,1,6,8,수
2022-06-08,일산선,삼송,21887,20990,42877,897,6,8,수
2022-06-08,일산선,원당,12642,11714,24356,928,6,8,수
2022-06-08,일산선,화정,18160,18404,36564,-244,6,8,수
2022-06-08,일산선,대곡,2400,1989,4389,411,6,8,수
2022-06-08,일산선,백석,10373,10295,20668,78,6,8,수
2022-06-08,일산선,마두,8566,8633,17199,-67,6,8,수
2022-06-08,일산선,정발산,7545,7707,15252,-162,6,8,수
2022-06-08,일산선,주엽,10112,10068,20180,44,6,8,수
2022-06-08,일산선,대화,15044,11636,26680,3408,6,8,수
2022-06-08,장항선,봉명,1421,1409,2830,12,6,8,수
2022-06-08,장항선,쌍용(나사렛대),3352,3144,6496,208,6,8,수
2022-06-08,장항선,아산,3949,3530,7479,419,6,8,수
2022-06-08,장항선,탕정,994,878,1872,116,6,8,수
2022-06-08,장항선,배방,1274,1199,2473,75,6,8,수
2022-06-08,장항선,온양온천,3943,4096,8039,-153,6,8,수
2022-06-08,장항선,신창(순천향대),3281,3149,6430,132,6,8,수
2022-06-08,중앙선,회기,26714,26071,52785,643,6,8,수
2022-06-08,중앙선,중랑,6188,5712,11900,476,6,8,수
2022-06-08,중앙선,상봉(시외버스터미널),6231,6266,12497,-35,6,8,수
2022-06-08,중앙선,망우,8649,8252,16901,397,6,8,수
2022-06-08,중앙선,양원,3468,3365,6833,103,6,8,수
2022-06-08,중앙선,구리,14785,14867,29652,-82,6,8,수
2022-06-08,중앙선,도농,12655,11324,23979,1331,6,8,수
2022-06-08,중앙선,양정,815,677,1492,138,6,8,수
2022-06-08,중앙선,덕소,6123,6195,12318,-72,6,8,수
2022-06-08,중앙선,도심,2819,2180,4999,639,6,8,수
2022-06-08,중앙선,팔당,1002,1003,2005,-1,6,8,수
2022-06-08,중앙선,운길산,1058,1058,2116,0,6,8,수
2022-06-08,중앙선,양수,2154,2149,4303,5,6,8,수
2022-06-08,중앙선,신원,228,220,448,8,6,8,수
2022-06-08,1호선,서울역,47442,45883,93325,1559,6,8,수
2022-06-08,6호선,역촌,4045,4700,8745,-655,6,8,수
2022-06-08,중앙선,국수,904,888,1792,16,6,8,수
2022-06-08,중앙선,아신,639,637,1276,2,6,8,수
2022-06-08,중앙선,오빈,351,345,696,6,6,8,수
2022-06-08,중앙선,양평,4222,4364,8586,-142,6,8,수
2022-06-08,중앙선,원덕,441,421,862,20,6,8,수
2022-06-08,중앙선,용문,2006,1946,3952,60,6,8,수
2022-06-08,중앙선,지평,73,89,162,-16,6,8,수
2022-06-08,경춘선,평내호평,7089,6822,13911,267,6,8,수
2022-06-08,1호선,시청,25713,25939,51652,-226,6,8,수
2022-06-08,1호선,종각,39054,38638,77692,416,6,8,수
2022-06-08,1호선,종로3가,27379,24530,51909,2849,6,8,수
2022-06-08,1호선,종로5가,24322,24408,48730,-86,6,8,수
2022-06-08,1호선,동대문,11470,10813,22283,657,6,8,수
2022-06-08,1호선,신설동,14554,14324,28878,230,6,8,수
2022-06-08,1호선,제기동,18177,18482,36659,-305,6,8,수
2022-06-08,1호선,청량리(서울시립대입구),21123,20881,42004,242,6,8,수
2022-06-08,1호선,동묘앞,8536,8846,17382,-310,6,8,수
2022-06-08,2호선,시청,25791,25493,51284,298,6,8,수
2022-06-08,2호선,을지로입구,43068,45075,88143,-2007,6,8,수
2022-06-08,2호선,을지로3가,24917,25327,50244,-410,6,8,수
2022-06-08,2호선,을지로4가,13982,13875,27857,107,6,8,수
2022-06-08,2호선,동대문역사문화공원(DDP),12821,14402,27223,-1581,6,8,수
2022-06-08,2호선,신당,14690,15250,29940,-560,6,8,수
2022-06-08,2호선,상왕십리,15443,15071,30514,372,6,8,수
2022-06-08,2호선,왕십리(성동구청),17431,14080,31511,3351,6,8,수
2022-06-08,2호선,한양대,14676,16324,31000,-1648,6,8,수
2022-06-08,2호선,뚝섬,23088,24857,47945,-1769,6,8,수
2022-06-08,2호선,성수,39026,42814,81840,-3788,6,8,수
2022-06-08,2호선,건대입구,35031,37713,72744,-2682,6,8,수
2022-06-08,2호선,구의(광진구청),25068,24562,49630,506,6,8,수
2022-06-08,2호선,강변(동서울터미널),31804,29749,61553,2055,6,8,수
2022-06-08,2호선,잠실나루,16711,16366,33077,345,6,8,수
2022-06-08,2호선,잠실(송파구청),70627,69628,140255,999,6,8,수
2022-06-08,2호선,잠실새내,22549,22252,44801,297,6,8,수
2022-06-08,2호선,종합운동장,10615,12028,22643,-1413,6,8,수
2022-06-08,2호선,삼성(무역센터),57462,59031,116493,-1569,6,8,수
2022-06-08,2호선,선릉,63503,56319,119822,7184,6,8,수
2022-06-08,2호선,역삼,58145,66261,124406,-8116,6,8,수
2022-06-08,2호선,강남,86199,84091,170290,2108,6,8,수
2022-06-08,2호선,교대(법원.검찰청),37773,43253,81026,-5480,6,8,수
2022-06-08,2호선,서초,24686,24156,48842,530,6,8,수
2022-06-08,2호선,방배,20195,21044,41239,-849,6,8,수
2022-06-08,2호선,사당,41495,45226,86721,-3731,6,8,수
2022-06-08,2호선,낙성대(강감찬),29469,28761,58230,708,6,8,수
2022-06-08,2호선,서울대입구(관악구청),49798,48527,98325,1271,6,8,수
2022-06-08,2호선,봉천,25859,23844,49703,2015,6,8,수
2022-06-08,2호선,신림,62806,60509,123315,2297,6,8,수
2022-06-08,2호선,신대방,27582,27035,54617,547,6,8,수
2022-06-08,2호선,구로디지털단지,64445,64875,129320,-430,6,8,수
2022-06-08,2호선,대림(구로구청),25789,26181,51970,-392,6,8,수
2022-06-08,2호선,신도림,51578,51212,102790,366,6,8,수
2022-06-08,2호선,문래,24134,24753,48887,-619,6,8,수
2022-06-08,2호선,영등포구청,24036,24926,48962,-890,6,8,수
2022-06-08,2호선,당산,20656,24211,44867,-3555,6,8,수
2022-06-08,2호선,합정,31943,34408,66351,-2465,6,8,수
2022-06-08,2호선,홍대입구,54769,58081,112850,-3312,6,8,수
2022-06-08,2호선,신촌,34413,35149,69562,-736,6,8,수
2022-06-08,2호선,이대,14803,15790,30593,-987,6,8,수
2022-06-08,2호선,아현,11419,10724,22143,695,6,8,수
2022-06-08,2호선,충정로(경기대입구),10923,11734,22657,-811,6,8,수
2022-06-08,2호선,용답,3196,3241,6437,-45,6,8,수
2022-06-08,2호선,신답,1857,2056,3913,-199,6,8,수
2022-06-08,2호선,신설동,3490,3446,6936,44,6,8,수
2022-06-08,2호선,도림천,1424,1475,2899,-51,6,8,수
2022-06-08,2호선,양천구청,7686,7864,15550,-178,6,8,수
2022-06-08,2호선,신정네거리,11400,11666,23066,-266,6,8,수
2022-06-08,2호선,용두(동대문구청),2482,2592,5074,-110,6,8,수
2022-06-08,3호선,지축,5671,5284,10955,387,6,8,수
2022-06-08,3호선,구파발,22850,22034,44884,816,6,8,수
2022-06-08,3호선,연신내,38918,36858,75776,2060,6,8,수
2022-06-08,3호선,불광,17734,18777,36511,-1043,6,8,수
2022-06-08,3호선,녹번,17245,15593,32838,1652,6,8,수
2022-06-08,3호선,홍제,19795,18694,38489,1101,6,8,수
2022-06-08,3호선,무악재,4343,4413,8756,-70,6,8,수
2022-06-08,3호선,독립문,7665,8154,15819,-489,6,8,수
2022-06-08,3호선,경복궁(정부서울청사),29098,30719,59817,-1621,6,8,수
2022-06-08,3호선,안국,24817,25522,50339,-705,6,8,수
2022-06-08,3호선,종로3가,10811,12103,22914,-1292,6,8,수
2022-06-08,3호선,을지로3가,11490,11776,23266,-286,6,8,수
2022-06-08,3호선,충무로,3,0,3,3,6,8,수
2022-06-08,3호선,동대입구,10088,10965,21053,-877,6,8,수
2022-06-08,3호선,약수,14002,13569,27571,433,6,8,수
2022-06-08,3호선,금호,8590,7898,16488,692,6,8,수
2022-06-08,3호선,옥수,9664,9945,19609,-281,6,8,수
2022-06-08,3호선,압구정,33755,36364,70119,-2609,6,8,수
2022-06-08,3호선,신사,29745,31396,61141,-1651,6,8,수
2022-06-08,3호선,잠원,5260,5053,10313,207,6,8,수
2022-06-08,3호선,고속터미널,40270,38415,78685,1855,6,8,수
2022-06-08,3호선,교대(법원.검찰청),16554,10758,27312,5796,6,8,수
2022-06-08,3호선,남부터미널(예술의전당),30646,31109,61755,-463,6,8,수
2022-06-08,3호선,양재(서초구청),42322,46117,88439,-3795,6,8,수
2022-06-08,3호선,매봉,13772,13317,27089,455,6,8,수
2022-06-08,3호선,도곡,5994,6134,12128,-140,6,8,수
2022-06-08,3호선,대치,11646,11813,23459,-167,6,8,수
2022-06-08,3호선,학여울,2057,2034,4091,23,6,8,수
2022-06-08,3호선,대청,11395,10472,21867,923,6,8,수
2022-06-08,3호선,일원,12062,11631,23693,431,6,8,수
2022-06-08,3호선,수서,18171,18460,36631,-289,6,8,수
2022-06-08,3호선,가락시장,9781,9670,19451,111,6,8,수
2022-06-08,3호선,경찰병원,7970,8061,16031,-91,6,8,수
2022-06-08,3호선,오금,6872,6038,12910,834,6,8,수
2022-06-08,4호선,당고개,9786,8557,18343,1229,6,8,수
2022-06-08,4호선,상계,20862,19201,40063,1661,6,8,수
2022-06-08,4호선,노원,19873,22491,42364,-2618,6,8,수
2022-06-08,4호선,창동,27312,28518,55830,-1206,6,8,수
2022-06-08,4호선,쌍문,31255,28510,59765,2745,6,8,수
2022-06-08,4호선,수유(강북구청),35988,35924,71912,64,6,8,수
2022-06-08,4호선,미아(서울사이버대학),16461,15819,32280,642,6,8,수
2022-06-08,4호선,미아사거리,28937,28004,56941,933,6,8,수
2022-06-08,4호선,길음,23927,23701,47628,226,6,8,수
2022-06-08,4호선,성신여대입구(돈암),21842,20896,42738,946,6,8,수
2022-06-08,4호선,한성대입구(삼선교),15884,15507,31391,377,6,8,수
2022-06-08,4호선,혜화,34078,34203,68281,-125,6,8,수
2022-06-08,4호선,동대문,21369,21788,43157,-419,6,8,수
2022-06-08,4호선,동대문역사문화공원(DDP),15518,13971,29489,1547,6,8,수
2022-06-08,4호선,충무로,30050,31062,61112,-1012,6,8,수
2022-06-08,4호선,명동,22729,23198,45927,-469,6,8,수
2022-06-08,4호선,회현(남대문시장),27297,29126,56423,-1829,6,8,수
2022-06-08,4호선,서울역,12716,18401,31117,-5685,6,8,수
2022-06-08,4호선,숙대입구(갈월),15520,14881,30401,639,6,8,수
2022-06-08,4호선,삼각지,5759,6453,12212,-694,6,8,수
2022-06-08,4호선,신용산,18102,19279,37381,-1177,6,8,수
2022-06-08,4호선,이촌(국립중앙박물관),9130,10138,19268,-1008,6,8,수
2022-06-08,4호선,동작(현충원),1838,1942,3780,-104,6,8,수
2022-06-08,4호선,총신대입구(이수),20644,22282,42926,-1638,6,8,수
2022-06-08,4호선,사당,27395,23307,50702,4088,6,8,수
2022-06-08,4호선,남태령,1403,1205,2608,198,6,8,수
2022-06-08,5호선,방화,7318,6973,14291,345,6,8,수
2022-06-08,5호선,개화산,6216,5937,12153,279,6,8,수
2022-06-08,5호선,김포공항,7193,7109,14302,84,6,8,수
2022-06-08,5호선,송정,7056,6520,13576,536,6,8,수
2022-06-08,5호선,마곡,11633,11609,23242,24,6,8,수
2022-06-08,5호선,발산,22815,23444,46259,-629,6,8,수
2022-06-08,5호선,우장산,16198,15956,32154,242,6,8,수
2022-06-08,5호선,화곡,30652,28653,59305,1999,6,8,수
2022-06-08,5호선,까치산,31189,29588,60777,1601,6,8,수
2022-06-08,5호선,신정(은행정),15270,12351,27621,2919,6,8,수
2022-06-08,5호선,목동,18644,19912,38556,-1268,6,8,수
2022-06-08,5호선,오목교(목동운동장앞),23334,25034,48368,-1700,6,8,수
2022-06-08,5호선,양평,8150,7997,16147,153,6,8,수
2022-06-08,5호선,영등포구청,4453,4625,9078,-172,6,8,수
2022-06-08,5호선,영등포시장,10882,11178,22060,-296,6,8,수
2022-06-08,5호선,신길,4434,4817,9251,-383,6,8,수
2022-06-08,5호선,여의도,30521,33115,63636,-2594,6,8,수
2022-06-08,5호선,여의나루,12015,12979,24994,-964,6,8,수
2022-06-08,5호선,마포,15817,16277,32094,-460,6,8,수
2022-06-08,5호선,공덕,15794,16856,32650,-1062,6,8,수
2022-06-08,5호선,애오개,7359,7205,14564,154,6,8,수
2022-06-08,5호선,충정로(경기대입구),5099,5343,10442,-244,6,8,수
2022-06-08,5호선,서대문,21989,22586,44575,-597,6,8,수
2022-06-08,5호선,광화문(세종문화회관),33601,35535,69136,-1934,6,8,수
2022-06-08,5호선,종로3가,13353,13434,26787,-81,6,8,수
2022-06-08,5호선,을지로4가,6829,6820,13649,9,6,8,수
2022-06-08,5호선,동대문역사문화공원(DDP),3120,3704,6824,-584,6,8,수
2022-06-08,5호선,청구,4234,3899,8133,335,6,8,수
2022-06-08,5호선,신금호,7252,7508,14760,-256,6,8,수
2022-06-08,5호선,행당,8900,7811,16711,1089,6,8,수
2022-06-08,5호선,왕십리(성동구청),4774,5479,10253,-705,6,8,수
2022-06-08,5호선,마장,6234,5960,12194,274,6,8,수
2022-06-08,5호선,답십리,17067,15617,32684,1450,6,8,수
2022-06-08,5호선,장한평,20181,19970,40151,211,6,8,수
2022-06-08,5호선,군자(능동),12051,13166,25217,-1115,6,8,수
2022-06-08,5호선,아차산(어린이대공원후문),15810,15304,31114,506,6,8,수
2022-06-08,5호선,광나루(장신대),14878,13483,28361,1395,6,8,수
2022-06-08,5호선,천호(풍납토성),19326,18987,38313,339,6,8,수
2022-06-08,5호선,강동,20207,19454,39661,753,6,8,수
2022-06-08,5호선,길동,8551,8826,17377,-275,6,8,수
2022-06-08,5호선,굽은다리(강동구민회관앞),10334,9961,20295,373,6,8,수
2022-06-08,5호선,명일,9744,10206,19950,-462,6,8,수
2022-06-08,5호선,고덕,10421,10596,21017,-175,6,8,수
2022-06-08,5호선,상일동,16450,14956,31406,1494,6,8,수
2022-06-08,5호선,둔촌동,8878,8884,17762,-6,6,8,수
2022-06-08,5호선,올림픽공원(한국체대),4890,4188,9078,702,6,8,수
2022-06-08,5호선,방이,7662,7942,15604,-280,6,8,수
2022-06-08,5호선,오금,4210,4272,8482,-62,6,8,수
2022-06-08,5호선,개롱,7102,7272,14374,-170,6,8,수
2022-06-08,5호선,거여,11515,10896,22411,619,6,8,수
2022-06-08,5호선,마천,8140,7747,15887,393,6,8,수
2022-06-08,5호선,강일,4943,4931,9874,12,6,8,수
2022-06-08,5호선,미사,17790,17877,35667,-87,6,8,수
2022-06-08,5호선,하남풍산,4561,4540,9101,21,6,8,수
2022-06-08,5호선,하남시청(덕풍·신장),7529,7379,14908,150,6,8,수
2022-06-08,5호선,하남검단산,6263,5794,12057,469,6,8,수
2022-06-08,6호선,응암,19131,18824,37955,307,6,8,수
2022-06-08,6호선,불광,4643,4753,9396,-110,6,8,수
2022-06-08,6호선,독바위,2936,3013,5949,-77,6,8,수
2022-06-08,6호선,구산,8455,6105,14560,2350,6,8,수
2022-06-08,6호선,새절(신사),14194,12907,27101,1287,6,8,수
2022-06-08,6호선,증산(명지대앞),10905,10707,21612,198,6,8,수
2022-06-08,6호선,디지털미디어시티,15660,17314,32974,-1654,6,8,수
2022-06-08,6호선,월드컵경기장(성산),4617,4991,9608,-374,6,8,수
2022-06-08,6호선,마포구청,15469,13608,29077,1861,6,8,수
2022-06-08,6호선,망원,14095,15005,29100,-910,6,8,수
2022-06-08,6호선,합정,13638,13476,27114,162,6,8,수
2022-06-08,6호선,상수,9286,10448,19734,-1162,6,8,수
2022-06-08,6호선,광흥창(서강),10453,10148,20601,305,6,8,수
2022-06-08,6호선,대흥(서강대앞),9289,9583,18872,-294,6,8,수
2022-06-08,6호선,공덕,20269,19703,39972,566,6,8,수
2022-06-08,6호선,효창공원앞,7961,7384,15345,577,6,8,수
2022-06-08,6호선,삼각지,8204,6969,15173,1235,6,8,수
2022-06-08,6호선,녹사평(용산구청),4968,5053,10021,-85,6,8,수
2022-06-08,6호선,이태원,10114,10750,20864,-636,6,8,수
2022-06-08,6호선,한강진,8264,9396,17660,-1132,6,8,수
2022-06-08,6호선,버티고개,2336,2246,4582,90,6,8,수
2022-06-08,6호선,약수,3969,3899,7868,70,6,8,수
2022-06-08,6호선,청구,3896,4054,7950,-158,6,8,수
2022-06-08,6호선,신당,9503,9820,19323,-317,6,8,수
2022-06-08,6호선,동묘앞,8193,8512,16705,-319,6,8,수
2022-06-08,6호선,창신,4193,3501,7694,692,6,8,수
2022-06-08,6호선,보문,7960,7183,15143,777,6,8,수
2022-06-08,6호선,안암(고대병원앞),14384,14875,29259,-491,6,8,수
2022-06-08,6호선,고려대(종암),9395,8967,18362,428,6,8,수
2022-06-08,6호선,월곡(동덕여대),13084,12963,26047,121,6,8,수
2022-06-08,6호선,상월곡(한국과학기술연구원),7030,6377,13407,653,6,8,수
2022-06-08,6호선,돌곶이,10225,9411,19636,814,6,8,수
2022-06-08,6호선,석계,13332,13975,27307,-643,6,8,수
2022-06-08,6호선,태릉입구,6252,7008,13260,-756,6,8,수
2022-06-08,6호선,화랑대(서울여대입구),13299,10368,23667,2931,6,8,수
2022-06-08,6호선,봉화산(서울의료원),9700,9111,18811,589,6,8,수
2022-06-08,7호선,장암,2340,816,3156,1524,6,8,수
2022-06-08,7호선,도봉산,10472,11892,22364,-1420,6,8,수
2022-06-08,7호선,수락산,13568,13400,26968,168,6,8,수
2022-06-08,7호선,마들,14116,13242,27358,874,6,8,수
2022-06-08,7호선,노원,20501,21665,42166,-1164,6,8,수
2022-06-08,7호선,중계,16046,14692,30738,1354,6,8,수
2022-06-08,7호선,하계,19924,18655,38579,1269,6,8,수
2022-06-08,7호선,공릉(서울과학기술대),12862,12750,25612,112,6,8,수
2022-06-08,7호선,태릉입구,9729,9225,18954,504,6,8,수
2022-06-08,7호선,먹골,10770,10385,21155,385,6,8,수
2022-06-08,7호선,중화,11546,11238,22784,308,6,8,수
2022-06-08,7호선,상봉(시외버스터미널),17992,17033,35025,959,6,8,수
2022-06-08,7호선,면목,17241,16867,34108,374,6,8,수
2022-06-08,7호선,사가정,17264,17347,34611,-83,6,8,수
2022-06-08,7호선,용마산(용마폭포공원),6570,6175,12745,395,6,8,수
2022-06-08,7호선,중곡,12031,11045,23076,986,6,8,수
2022-06-08,7호선,군자(능동),16102,12820,28922,3282,6,8,수
2022-06-08,7호선,어린이대공원(세종대),16444,16992,33436,-548,6,8,수
2022-06-08,7호선,건대입구,13861,14060,27921,-199,6,8,수
2022-06-08,7호선,뚝섬유원지,9551,9029,18580,522,6,8,수
2022-06-08,7호선,청담,21890,24461,46351,-2571,6,8,수
2022-06-08,7호선,강남구청,17871,20115,37986,-2244,6,8,수
2022-06-08,7호선,학동,26759,28440,55199,-1681,6,8,수
2022-06-08,7호선,논현,21019,22371,43390,-1352,6,8,수
2022-06-08,7호선,반포,6416,6206,12622,210,6,8,수
2022-06-08,7호선,고속터미널,16241,14298,30539,1943,6,8,수
2022-06-08,7호선,내방,15892,16176,32068,-284,6,8,수
2022-06-08,7호선,이수,17145,16765,33910,380,6,8,수
2022-06-08,7호선,남성,12299,11280,23579,1019,6,8,수
2022-06-08,7호선,숭실대입구(살피재),16119,16170,32289,-51,6,8,수
2022-06-08,7호선,상도,12669,12184,24853,485,6,8,수
2022-06-08,7호선,장승배기,9856,9593,19449,263,6,8,수
2022-06-08,7호선,신대방삼거리,16930,16106,33036,824,6,8,수
2022-06-08,7호선,보라매,9313,9325,18638,-12,6,8,수
2022-06-08,7호선,신풍,12706,12120,24826,586,6,8,수
2022-06-08,7호선,대림(구로구청),8096,8163,16259,-67,6,8,수
2022-06-08,7호선,남구로,16858,17867,34725,-1009,6,8,수
2022-06-08,7호선,가산디지털단지,48935,49400,98335,-465,6,8,수
2022-06-08,7호선,철산,22727,23278,46005,-551,6,8,수
2022-06-08,7호선,광명사거리,23548,23082,46630,466,6,8,수
2022-06-08,7호선,천왕,12630,12126,24756,504,6,8,수
2022-06-08,7호선,온수(성공회대입구),11943,11118,23061,825,6,8,수
2022-06-08,7호선,까치울,1,0,1,1,6,8,수
2022-06-08,8호선,암사,20815,18292,39107,2523,6,8,수
2022-06-08,8호선,천호(풍납토성),15557,17804,33361,-2247,6,8,수
2022-06-08,8호선,강동구청,11379,11614,22993,-235,6,8,수
2022-06-08,8호선,몽촌토성(평화의문),6689,6763,13452,-74,6,8,수
2022-06-08,8호선,잠실(송파구청),14412,17289,31701,-2877,6,8,수
2022-06-08,8호선,석촌,8047,9280,17327,-1233,6,8,수
2022-06-08,8호선,송파,9127,8927,18054,200,6,8,수
2022-06-08,8호선,가락시장,8325,9320,17645,-995,6,8,수
2022-06-08,8호선,문정,23732,25073,48805,-1341,6,8,수
2022-06-08,8호선,장지,18651,17846,36497,805,6,8,수
2022-06-08,8호선,복정,10966,9115,20081,1851,6,8,수
2022-06-08,8호선,산성,5968,6063,12031,-95,6,8,수
2022-06-08,8호선,남한산성입구(성남법원.검찰청),16784,15478,32262,1306,6,8,수
2022-06-08,8호선,단대오거리,12066,11511,23577,555,6,8,수
2022-06-08,8호선,신흥,4408,4805,9213,-397,6,8,수
2022-06-08,8호선,수진,5805,5382,11187,423,6,8,수
2022-06-08,8호선,모란,4715,3742,8457,973,6,8,수
2022-06-08,8호선,남위례,5956,6161,12117,-205,6,8,수
2022-06-08,9호선,개화,2964,2038,5002,926,6,8,수
2022-06-08,9호선,김포공항,7562,10943,18505,-3381,6,8,수
2022-06-08,9호선,공항시장,3132,3391,6523,-259,6,8,수
2022-06-08,9호선,신방화,7486,7245,14731,241,6,8,수
2022-06-08,9호선,마곡나루(서울식물원),13440,13404,26844,36,6,8,수
2022-06-08,9호선,양천향교,10728,11045,21773,-317,6,8,수
2022-06-08,9호선,가양,22845,22466,45311,379,6,8,수
2022-06-08,9호선,증미,8019,7792,15811,227,6,8,수
2022-06-08,9호선,등촌,12438,11878,24316,560,6,8,수
2022-06-08,9호선,염창,18866,18257,37123,609,6,8,수
2022-06-08,9호선,신목동,4919,4128,9047,791,6,8,수
2022-06-08,9호선,선유도,9730,9324,19054,406,6,8,수
2022-06-08,9호선,당산,20046,20500,40546,-454,6,8,수
2022-06-08,9호선,국회의사당,17928,18785,36713,-857,6,8,수
2022-06-08,9호선,여의도,30617,30034,60651,583,6,8,수
2022-06-08,9호선,샛강,7047,6942,13989,105,6,8,수
2022-06-08,9호선,노량진,27238,26840,54078,398,6,8,수
2022-06-08,9호선,노들,5131,4334,9465,797,6,8,수
2022-06-08,9호선,흑석(중앙대입구),10041,10134,20175,-93,6,8,수
2022-06-08,9호선,동작(현충원),2282,1816,4098,466,6,8,수
2022-06-08,9호선,구반포,1434,1479,2913,-45,6,8,수
2022-06-08,9호선,신반포,4038,3981,8019,57,6,8,수
2022-06-08,9호선,고속터미널,13328,16206,29534,-2878,6,8,수
2022-06-08,9호선,사평,4090,3886,7976,204,6,8,수
2022-06-08,9호선,신논현,32220,31966,64186,254,6,8,수
2022-06-08,9호선2~3단계,언주,11513,11834,23347,-321,6,8,수
2022-06-08,9호선2~3단계,선정릉,11139,12268,23407,-1129,6,8,수
2022-06-08,9호선2~3단계,삼성중앙,7739,8402,16141,-663,6,8,수
2022-06-08,9호선2~3단계,봉은사,19388,19976,39364,-588,6,8,수
2022-06-08,9호선2~3단계,종합운동장,4604,4762,9366,-158,6,8,수
2022-06-08,9호선2~3단계,삼전,7369,7001,14370,368,6,8,수
2022-06-08,9호선2~3단계,석촌고분,6735,6540,13275,195,6,8,수
2022-06-08,9호선2~3단계,석촌,9393,8500,17893,893,6,8,수
2022-06-08,9호선2~3단계,송파나루,5287,5594,10881,-307,6,8,수
2022-06-08,9호선2~3단계,한성백제,2741,2490,5231,251,6,8,수
2022-06-08,9호선2~3단계,올림픽공원(한국체대),6790,6871,13661,-81,6,8,수
2022-06-08,9호선2~3단계,둔촌오륜,1242,1141,2383,101,6,8,수
2022-06-08,9호선2~3단계,중앙보훈병원,12417,11069,23486,1348,6,8,수
2022-06-08,경강선,판교,5421,5429,10850,-8,6,8,수
2022-06-08,경강선,이매,1260,1093,2353,167,6,8,수
2022-06-08,경강선,삼동,2841,2566,5407,275,6,8,수
2022-06-08,경강선,경기광주,8645,8066,16711,579,6,8,수
2022-06-08,경강선,초월,3647,3373,7020,274,6,8,수
2022-06-08,경강선,곤지암,2552,2599,5151,-47,6,8,수
2022-06-08,경강선,신둔도예촌,1827,1680,3507,147,6,8,수
2022-06-08,경강선,이천,2675,2893,5568,-218,6,8,수
2022-06-08,경강선,부발,2248,2140,4388,108,6,8,수
2022-06-08,경강선,세종대왕릉,380,373,753,7,6,8,수
2022-06-08,경강선,여주,2687,2725,5412,-38,6,8,수
2022-06-08,경부선,서울역,6513,2094,8607,4419,6,8,수
2022-06-08,경부선,남영,10526,11156,21682,-630,6,8,수
2022-06-08,경부선,용산,34773,35396,70169,-623,6,8,수
2022-06-08,경부선,노량진,8441,8344,16785,97,6,8,수
2022-06-08,경부선,대방,13051,13848,26899,-797,6,8,수
2022-06-08,경부선,영등포,38108,39322,77430,-1214,6,8,수
2022-06-08,경부선,신도림,4672,4724,9396,-52,6,8,수
2022-06-08,경부선,신길,10085,8725,18810,1360,6,8,수
2022-06-08,경부선,구로,20073,20479,40552,-406,6,8,수
2022-06-08,경부선,가산디지털단지,20230,23411,43641,-3181,6,8,수
2022-06-08,경부선,금천구청,12991,12898,25889,93,6,8,수
2022-06-08,경부선,석수,10686,9718,20404,968,6,8,수
2022-06-08,경부선,관악,8371,7714,16085,657,6,8,수
2022-06-08,경부선,안양,28432,28314,56746,118,6,8,수
2022-06-08,경부선,명학,11655,11437,23092,218,6,8,수
2022-06-08,경부선,금정,29818,29938,59756,-120,6,8,수
2022-06-08,경부선,군포,8252,8123,16375,129,6,8,수
2022-06-08,경부선,의왕,10416,10370,20786,46,6,8,수
2022-06-08,경부선,성균관대,16309,16087,32396,222,6,8,수
2022-06-08,경부선,화서,9458,9075,18533,383,6,8,수
2022-06-08,경부선,수원,37405,39411,76816,-2006,6,8,수
2022-06-08,경부선,독산,20648,21377,42025,-729,6,8,수
2022-06-08,경부선,세류,3342,3019,6361,323,6,8,수
2022-06-08,경부선,병점,18080,18090,36170,-10,6,8,수
2022-06-08,경부선,세마,3193,3016,6209,177,6,8,수
2022-06-08,경부선,오산대,4569,4215,8784,354,6,8,수
2022-06-08,경부선,오산,11166,11096,22262,70,6,8,수
2022-06-08,경부선,진위,2069,1804,3873,265,6,8,수
2022-06-08,경부선,송탄,4648,4534,9182,114,6,8,수
2022-06-08,경부선,서정리,8375,7887,16262,488,6,8,수
2022-06-08,경부선,평택지제,4014,3828,7842,186,6,8,수
2022-06-08,경부선,평택,13503,13844,27347,-341,6,8,수
2022-06-08,경부선,성환,7407,7010,14417,397,6,8,수
2022-06-08,경부선,직산,947,924,1871,23,6,8,수
2022-06-08,경부선,두정,8291,9145,17436,-854,6,8,수
2022-06-08,경부선,천안,7431,6735,14166,696,6,8,수
2022-06-08,경부선,당정,7847,7388,15235,459,6,8,수
2022-06-08,경부선,서동탄,1602,1364,2966,238,6,8,수
2022-06-08,경부선,광명,3672,3113,6785,559,6,8,수
2022-06-08,경원선,이촌(국립중앙박물관),4368,3257,7625,1111,6,8,수
2022-06-08,경원선,서빙고,2224,2081,4305,143,6,8,수
2022-06-08,경원선,한남,4449,4324,8773,125,6,8,수
2022-06-08,경원선,옥수,51,47,98,4,6,8,수
2022-06-08,경원선,응봉,2115,1845,3960,270,6,8,수
2022-06-08,경원선,왕십리(성동구청),15418,16406,31824,-988,6,8,수
2022-06-08,경원선,청량리(서울시립대입구),16137,16542,32679,-405,6,8,수
2022-06-08,경원선,외대앞,8673,8758,17431,-85,6,8,수
2022-06-08,경원선,신이문,9160,8517,17677,643,6,8,수
2022-06-08,경원선,석계,8837,9980,18817,-1143,6,8,수
2022-06-08,경원선,광운대,9895,9715,19610,180,6,8,수
2022-06-08,경원선,월계,9070,8431,17501,639,6,8,수
2022-06-08,경원선,녹천,5165,4173,9338,992,6,8,수
2022-06-08,경원선,방학,10775,10659,21434,116,6,8,수
2022-06-08,경원선,도봉,6763,6418,13181,345,6,8,수
2022-06-08,경원선,도봉산,8439,5723,14162,2716,6,8,수
2022-06-08,경원선,망월사,10452,10649,21101,-197,6,8,수
2022-06-08,경원선,회룡,14335,14307,28642,28,6,8,수
2022-06-08,경원선,의정부,19366,20140,39506,-774,6,8,수
2022-06-08,경원선,가능,7559,7240,14799,319,6,8,수
2022-06-08,경원선,녹양,5188,4934,10122,254,6,8,수
2022-06-08,경원선,양주,8586,8037,16623,549,6,8,수
2022-06-08,경원선,덕계,3820,3469,7289,351,6,8,수
2022-06-08,경원선,덕정,6747,6445,13192,302,6,8,수
2022-06-08,경원선,지행,7400,7317,14717,83,6,8,수
2022-06-08,경원선,동두천중앙,3580,3449,7029,131,6,8,수
2022-06-08,경원선,보산,1666,1521,3187,145,6,8,수
2022-06-08,경원선,동두천,2894,3168,6062,-274,6,8,수
2022-06-08,경원선,소요산,2835,2403,5238,432,6,8,수
2022-06-08,경의선,서울역,4959,6522,11481,-1563,6,8,수
2022-06-08,경의선,신촌,972,1287,2259,-315,6,8,수
2022-06-08,경의선,효창공원앞,3306,3657,6963,-351,6,8,수
2022-06-08,경의선,공덕,3822,3562,7384,260,6,8,수
2022-06-08,경의선,서강대,2414,2350,4764,64,6,8,수
2022-06-08,경의선,홍대입구,1884,2193,4077,-309,6,8,수
2022-06-08,경의선,가좌,6202,5777,11979,425,6,8,수
2022-06-08,경의선,디지털미디어시티,2969,2735,5704,234,6,8,수
2022-06-08,경의선,수색,3256,3460,6716,-204,6,8,수
2022-06-08,경의선,화전,3745,3458,7203,287,6,8,수
2022-06-08,경의선,강매,3769,3263,7032,506,6,8,수
2022-06-08,경의선,행신,8932,9012,17944,-80,6,8,수
2022-06-08,경의선,능곡,4426,4063,8489,363,6,8,수
2022-06-08,경의선,곡산,742,758,1500,-16,6,8,수
2022-06-08,경의선,백마,8011,7702,15713,309,6,8,수
2022-06-08,경의선,풍산,6246,5753,11999,493,6,8,수
2022-06-08,경의선,일산,11676,11474,23150,202,6,8,수
2022-06-08,경의선,탄현,8719,8316,17035,403,6,8,수
2022-06-08,경의선,야당,8856,8715,17571,141,6,8,수
2022-06-08,경의선,운정,7926,7140,15066,786,6,8,수
2022-06-08,경의선,금릉,5541,5417,10958,124,6,8,수
2022-06-08,경의선,금촌,7083,6938,14021,145,6,8,수
2022-06-08,경의선,월롱,3472,3207,6679,265,6,8,수
2022-06-08,경의선,파주,1657,1266,2923,391,6,8,수
2022-06-08,경의선,문산,5703,5539,11242,164,6,8,수
2022-06-08,경의선,임진강,19,20,39,-1,6,8,수
2022-06-08,경의선,계양,1,0,1,1,6,8,수
2022-06-08,경인선,개봉,23901,23489,47390,412,6,8,수
2022-06-08,경인선,오류동,13047,11961,25008,1086,6,8,수
2022-06-08,경인선,역곡,30856,30373,61229,483,6,8,수
2022-06-08,경인선,부천,35129,35255,70384,-126,6,8,수
2022-06-08,경인선,송내,30372,30226,60598,146,6,8,수
2022-06-08,경인선,부평,29978,32042,62020,-2064,6,8,수
2022-06-08,경인선,백운,7690,7436,15126,254,6,8,수
2022-06-08,경인선,동암,16509,16605,33114,-96,6,8,수
2022-06-08,경인선,주안,21790,19875,41665,1915,6,8,수
2022-06-08,경인선,제물포,12353,11733,24086,620,6,8,수
2022-06-08,경인선,동인천,15401,14653,30054,748,6,8,수
2022-06-08,경인선,인천,4235,3321,7556,914,6,8,수
2022-06-08,경인선,구일,8575,8363,16938,212,6,8,수
2022-06-08,경인선,소사,10212,9901,20113,311,6,8,수
2022-06-08,경인선,부개,9597,8798,18395,799,6,8,수
2022-06-08,경인선,간석,6571,6176,12747,395,6,8,수
2022-06-08,경인선,도원,3823,3819,7642,4,6,8,수
2022-06-08,경인선,온수(성공회대입구),7860,7403,15263,457,6,8,수
2022-06-08,경인선,중동,10479,9813,20292,666,6,8,수
2022-06-08,경인선,도화,4833,4445,9278,388,6,8,수
2022-06-08,경춘선,신내,2557,2339,4896,218,6,8,수
2022-06-08,경춘선,갈매,3392,2859,6251,533,6,8,수
2022-06-08,경춘선,별내,3394,3172,6566,222,6,8,수
2022-06-08,경춘선,퇴계원,3924,3605,7529,319,6,8,수
2022-06-08,경춘선,사릉,2846,2680,5526,166,6,8,수
2022-06-08,경춘선,금곡,1768,1717,3485,51,6,8,수
2022-06-08,경춘선,천마산,1912,1788,3700,124,6,8,수
2022-06-08,경춘선,마석,4783,4798,9581,-15,6,8,수
2022-06-08,경춘선,대성리,666,585,1251,81,6,8,수
2022-06-08,경춘선,청평,1776,1802,3578,-26,6,8,수
2022-06-08,경춘선,상천,339,341,680,-2,6,8,수
2022-06-08,경춘선,가평,1919,2004,3923,-85,6,8,수
2022-06-08,경춘선,굴봉산,186,162,348,24,6,8,수
2022-06-08,경춘선,백양리,122,96,218,26,6,8,수
2022-06-08,경춘선,강촌,498,421,919,77,6,8,수
2022-06-08,경춘선,김유정,391,484,875,-93,6,8,수
2022-06-08,경춘선,남춘천,2616,2651,5267,-35,6,8,수
2022-06-08,공항철도 1호선,서울역,8660,7796,16456,864,6,8,수
2022-06-09,5호선,답십리,17043,15555,32598,1488,6,9,목
2022-06-09,5호선,마장,6196,5909,12105,287,6,9,목
2022-06-09,5호선,왕십리(성동구청),4820,5484,10304,-664,6,9,목
2022-06-09,5호선,행당,8971,7789,16760,1182,6,9,목
2022-06-09,5호선,신금호,7195,7473,14668,-278,6,9,목
2022-06-09,5호선,청구,4234,3871,8105,363,6,9,목
2022-06-09,5호선,동대문역사문화공원(DDP),3053,3746,6799,-693,6,9,목
2022-06-09,5호선,을지로4가,6685,6842,13527,-157,6,9,목
2022-06-09,5호선,종로3가,13604,13299,26903,305,6,9,목
2022-06-09,5호선,광화문(세종문화회관),32914,35217,68131,-2303,6,9,목
2022-06-09,5호선,서대문,21986,22519,44505,-533,6,9,목
2022-06-09,5호선,충정로(경기대입구),5181,5359,10540,-178,6,9,목
2022-06-09,5호선,애오개,7556,7335,14891,221,6,9,목
2022-06-09,5호선,공덕,16000,16912,32912,-912,6,9,목
2022-06-09,5호선,마포,15776,16160,31936,-384,6,9,목
2022-06-09,5호선,여의나루,11169,12426,23595,-1257,6,9,목
2022-06-09,5호선,여의도,30230,33303,63533,-3073,6,9,목
2022-06-09,5호선,신길,4479,4694,9173,-215,6,9,목
2022-06-09,5호선,영등포시장,10715,11178,21893,-463,6,9,목
2022-06-09,5호선,영등포구청,4337,4563,8900,-226,6,9,목
2022-06-09,5호선,양평,7989,7941,15930,48,6,9,목
2022-06-09,5호선,오목교(목동운동장앞),23024,24547,47571,-1523,6,9,목
2022-06-09,5호선,목동,18623,19721,38344,-1098,6,9,목
2022-06-09,5호선,신정(은행정),15204,12168,27372,3036,6,9,목
2022-06-09,5호선,까치산,31084,28992,60076,2092,6,9,목
2022-06-09,5호선,화곡,30428,28212,58640,2216,6,9,목
2022-06-09,5호선,우장산,16106,15633,31739,473,6,9,목
2022-06-09,5호선,발산,22155,23160,45315,-1005,6,9,목
2022-06-09,5호선,마곡,11661,11927,23588,-266,6,9,목
2022-06-09,5호선,송정,7034,6523,13557,511,6,9,목
2022-06-09,5호선,김포공항,7612,7270,14882,342,6,9,목
2022-06-09,5호선,개화산,6225,5779,12004,446,6,9,목
2022-06-09,5호선,방화,7217,6981,14198,236,6,9,목
2022-06-09,4호선,남태령,1596,1436,3032,160,6,9,목
2022-06-09,4호선,사당,28231,23748,51979,4483,6,9,목
2022-06-09,4호선,총신대입구(이수),20006,21743,41749,-1737,6,9,목
2022-06-09,4호선,동작(현충원),1634,1771,3405,-137,6,9,목
2022-06-09,4호선,이촌(국립중앙박물관),8778,9541,18319,-763,6,9,목
2022-06-09,4호선,신용산,18351,19294,37645,-943,6,9,목
2022-06-09,4호선,삼각지,5602,6343,11945,-741,6,9,목
2022-06-09,4호선,숙대입구(갈월),15342,14658,30000,684,6,9,목
2022-06-09,4호선,서울역,12680,18574,31254,-5894,6,9,목
2022-06-09,4호선,회현(남대문시장),26798,28430,55228,-1632,6,9,목
2022-06-09,4호선,명동,21913,22571,44484,-658,6,9,목
2022-06-09,4호선,충무로,30173,31678,61851,-1505,6,9,목
2022-06-09,4호선,동대문역사문화공원(DDP),15412,13916,29328,1496,6,9,목
2022-06-09,4호선,동대문,20769,21620,42389,-851,6,9,목
2022-06-09,4호선,혜화,33810,34427,68237,-617,6,9,목
2022-06-09,4호선,한성대입구(삼선교),15585,15102,30687,483,6,9,목
2022-06-09,4호선,성신여대입구(돈암),21366,20285,41651,1081,6,9,목
2022-06-09,4호선,길음,23923,23303,47226,620,6,9,목
2022-06-09,4호선,미아사거리,28532,27583,56115,949,6,9,목
2022-06-09,4호선,미아(서울사이버대학),16138,15759,31897,379,6,9,목
2022-06-09,4호선,수유(강북구청),35455,35298,70753,157,6,9,목
2022-06-09,4호선,쌍문,30783,28190,58973,2593,6,9,목
2022-06-09,4호선,창동,26880,28397,55277,-1517,6,9,목
2022-06-09,4호선,노원,19764,22323,42087,-2559,6,9,목
2022-06-09,4호선,상계,20767,19071,39838,1696,6,9,목
2022-06-09,4호선,당고개,9543,8432,17975,1111,6,9,목
2022-06-09,3호선,오금,6879,6173,13052,706,6,9,목
2022-06-09,3호선,경찰병원,7761,7838,15599,-77,6,9,목
2022-06-09,3호선,가락시장,9603,9478,19081,125,6,9,목
2022-06-09,3호선,수서,18424,18670,37094,-246,6,9,목
2022-06-09,3호선,일원,11957,11525,23482,432,6,9,목
2022-06-09,3호선,대청,11681,10747,22428,934,6,9,목
2022-06-09,3호선,학여울,2210,2319,4529,-109,6,9,목
2022-06-09,3호선,대치,12145,12005,24150,140,6,9,목
2022-06-09,3호선,도곡,5853,6012,11865,-159,6,9,목
2022-06-09,3호선,매봉,13834,13319,27153,515,6,9,목
2022-06-09,3호선,양재(서초구청),41438,45799,87237,-4361,6,9,목
2022-06-09,3호선,남부터미널(예술의전당),31284,31741,63025,-457,6,9,목
2022-06-09,3호선,교대(법원.검찰청),16903,10522,27425,6381,6,9,목
2022-06-09,3호선,고속터미널,41230,39215,80445,2015,6,9,목
2022-06-09,3호선,잠원,5186,5060,10246,126,6,9,목
2022-06-09,3호선,신사,29414,31295,60709,-1881,6,9,목
2022-06-09,3호선,압구정,33270,36157,69427,-2887,6,9,목
2022-06-09,3호선,옥수,9660,9975,19635,-315,6,9,목
2022-06-09,3호선,금호,8498,7850,16348,648,6,9,목
2022-06-09,3호선,약수,13867,13648,27515,219,6,9,목
2022-06-09,3호선,동대입구,9787,10907,20694,-1120,6,9,목
2022-06-09,3호선,을지로3가,11485,12104,23589,-619,6,9,목
2022-06-09,3호선,종로3가,10641,12200,22841,-1559,6,9,목
2022-06-09,3호선,안국,24165,24572,48737,-407,6,9,목
2022-06-09,3호선,경복궁(정부서울청사),27611,29663,57274,-2052,6,9,목
2022-06-09,3호선,독립문,7577,7849,15426,-272,6,9,목
2022-06-09,3호선,무악재,4261,4317,8578,-56,6,9,목
2022-06-09,3호선,홍제,19257,17975,37232,1282,6,9,목
2022-06-09,3호선,녹번,17232,15185,32417,2047,6,9,목
2022-06-09,3호선,불광,17184,18263,35447,-1079,6,9,목
2022-06-09,3호선,연신내,38244,36019,74263,2225,6,9,목
2022-06-09,3호선,구파발,22162,21216,43378,946,6,9,목
2022-06-09,3호선,지축,5609,5214,10823,395,6,9,목
2022-06-09,2호선,용두(동대문구청),2450,2500,4950,-50,6,9,목
2022-06-09,2호선,신정네거리,11244,11519,22763,-275,6,9,목
2022-06-09,2호선,양천구청,7622,7694,15316,-72,6,9,목
2022-06-09,2호선,도림천,1447,1492,2939,-45,6,9,목
2022-06-09,2호선,신설동,3479,3475,6954,4,6,9,목
2022-06-09,2호선,신답,1813,1973,3786,-160,6,9,목
2022-06-09,2호선,충정로(경기대입구),10817,11637,22454,-820,6,9,목
2022-06-09,2호선,아현,11460,10791,22251,669,6,9,목
2022-06-09,2호선,이대,14352,15291,29643,-939,6,9,목
2022-06-09,2호선,신촌,34766,35326,70092,-560,6,9,목
2022-06-09,2호선,홍대입구,55188,58485,113673,-3297,6,9,목
2022-06-09,2호선,합정,31932,34693,66625,-2761,6,9,목
2022-06-09,2호선,당산,20196,23918,44114,-3722,6,9,목
2022-06-09,2호선,영등포구청,23980,25024,49004,-1044,6,9,목
2022-06-09,2호선,문래,23889,24611,48500,-722,6,9,목
2022-06-09,2호선,신도림,50761,50712,101473,49,6,9,목
2022-06-09,2호선,대림(구로구청),25839,26113,51952,-274,6,9,목
2022-06-09,2호선,구로디지털단지,63709,63916,127625,-207,6,9,목
2022-06-09,2호선,신대방,27263,26432,53695,831,6,9,목
2022-06-09,2호선,신림,62092,59368,121460,2724,6,9,목
2022-06-09,2호선,봉천,26023,23728,49751,2295,6,9,목
2022-06-09,2호선,서울대입구(관악구청),49350,47950,97300,1400,6,9,목
2022-06-09,2호선,낙성대(강감찬),29243,28181,57424,1062,6,9,목
2022-06-09,2호선,사당,41122,45537,86659,-4415,6,9,목
2022-06-09,2호선,방배,19763,20937,40700,-1174,6,9,목
2022-06-09,2호선,서초,23377,23007,46384,370,6,9,목
2022-06-09,2호선,교대(법원.검찰청),37715,43334,81049,-5619,6,9,목
2022-06-09,2호선,강남,86403,84553,170956,1850,6,9,목
2022-06-09,2호선,역삼,57052,65819,122871,-8767,6,9,목
2022-06-09,2호선,선릉,62948,55976,118924,6972,6,9,목
2022-06-09,2호선,삼성(무역센터),58088,59969,118057,-1881,6,9,목
2022-06-09,2호선,종합운동장,11186,12312,23498,-1126,6,9,목
2022-06-09,2호선,잠실새내,22756,22658,45414,98,6,9,목
2022-06-09,2호선,잠실(송파구청),71786,70941,142727,845,6,9,목
2022-06-09,2호선,잠실나루,16277,15965,32242,312,6,9,목
2022-06-09,2호선,강변(동서울터미널),31922,29704,61626,2218,6,9,목
2022-06-09,2호선,구의(광진구청),24928,24372,49300,556,6,9,목
2022-06-09,2호선,신당,14632,14779,29411,-147,6,9,목
2022-06-09,2호선,동대문역사문화공원(DDP),12366,14050,26416,-1684,6,9,목
2022-06-09,2호선,을지로4가,13785,13855,27640,-70,6,9,목
2022-06-09,2호선,을지로3가,25253,25589,50842,-336,6,9,목
2022-06-09,2호선,을지로입구,43295,45366,88661,-2071,6,9,목
2022-06-09,2호선,시청,25474,25075,50549,399,6,9,목
2022-06-09,1호선,동묘앞,7807,8147,15954,-340,6,9,목
2022-06-09,1호선,청량리(서울시립대입구),20945,20486,41431,459,6,9,목
2022-06-09,1호선,제기동,17643,17832,35475,-189,6,9,목
2022-06-09,1호선,신설동,14566,14083,28649,483,6,9,목
2022-06-09,1호선,동대문,11238,10641,21879,597,6,9,목
2022-06-09,1호선,종로5가,24409,24339,48748,70,6,9,목
2022-06-09,1호선,종로3가,27591,24955,52546,2636,6,9,목
2022-06-09,중앙선,지평,75,77,152,-2,6,9,목
2022-06-09,중앙선,용문,1831,1810,3641,21,6,9,목
2022-06-09,중앙선,원덕,373,386,759,-13,6,9,목
2022-06-09,중앙선,양평,3025,3080,6105,-55,6,9,목
2022-06-09,중앙선,오빈,355,378,733,-23,6,9,목
2022-06-09,중앙선,아신,571,592,1163,-21,6,9,목
2022-06-09,중앙선,국수,827,806,1633,21,6,9,목
2022-06-09,중앙선,신원,216,174,390,42,6,9,목
2022-06-09,중앙선,양수,2392,2058,4450,334,6,9,목
2022-06-09,중앙선,운길산,961,1028,1989,-67,6,9,목
2022-06-09,중앙선,팔당,859,933,1792,-74,6,9,목
2022-06-09,중앙선,도심,2744,2138,4882,606,6,9,목
2022-06-09,중앙선,덕소,6055,5981,12036,74,6,9,목
2022-06-09,중앙선,양정,809,667,1476,142,6,9,목
2022-06-09,중앙선,도농,12247,11114,23361,1133,6,9,목
2022-06-09,중앙선,구리,14369,14512,28881,-143,6,9,목
2022-06-09,중앙선,양원,3342,3219,6561,123,6,9,목
2022-06-09,중앙선,망우,8423,8101,16524,322,6,9,목
2022-06-09,중앙선,상봉(시외버스터미널),6138,6148,12286,-10,6,9,목
2022-06-09,중앙선,중랑,5930,5502,11432,428,6,9,목
2022-06-09,중앙선,회기,26892,25894,52786,998,6,9,목
2022-06-09,장항선,신창(순천향대),3583,3073,6656,510,6,9,목
2022-06-09,장항선,온양온천,5291,5454,10745,-163,6,9,목
2022-06-09,장항선,배방,1297,1276,2573,21,6,9,목
2022-06-09,장항선,탕정,1055,871,1926,184,6,9,목
2022-06-09,장항선,아산,4134,3712,7846,422,6,9,목
2022-06-09,장항선,쌍용(나사렛대),3531,3239,6770,292,6,9,목
2022-06-09,장항선,봉명,1461,1396,2857,65,6,9,목
2022-06-09,일산선,대화,14656,11467,26123,3189,6,9,목
2022-06-09,일산선,주엽,10104,10060,20164,44,6,9,목
2022-06-09,일산선,정발산,7237,7451,14688,-214,6,9,목
2022-06-09,일산선,마두,8140,8212,16352,-72,6,9,목
2022-06-09,일산선,백석,10367,10314,20681,53,6,9,목
2022-06-09,일산선,대곡,2493,1882,4375,611,6,9,목
2022-06-09,일산선,화정,17950,18123,36073,-173,6,9,목
2022-06-09,일산선,원당,12220,11254,23474,966,6,9,목
2022-06-09,일산선,삼송,21336,20517,41853,819,6,9,목
2022-06-09,일산선,원흥,12083,11467,23550,616,6,9,목
2022-06-09,우이신설선,신설동,2352,2234,4586,118,6,9,목
2022-06-09,안산선,대야미,5502,4973,10475,529,6,9,목
2022-06-09,안산선,산본,17155,18598,35753,-1443,6,9,목
2022-06-09,신림선,관악산(서울대),2659,2692,5351,-33,6,9,목
2022-06-09,신림선,서울대벤처타운,5575,5786,11361,-211,6,9,목
2022-06-09,신림선,서원,2427,2221,4648,206,6,9,목
2022-06-09,신림선,신림,1621,2032,3653,-411,6,9,목
2022-06-09,신림선,당곡,3148,3039,6187,109,6,9,목
2022-06-09,신림선,보라매병원,5996,6182,12178,-186,6,9,목
2022-06-09,신림선,보라매공원,1584,1819,3403,-235,6,9,목
2022-06-09,신림선,보라매,2471,2214,4685,257,6,9,목
2022-06-09,신림선,서울지방병무청,2038,2177,4215,-139,6,9,목
2022-06-09,신림선,대방,1682,1245,2927,437,6,9,목
2022-06-09,신림선,샛강,2155,2702,4857,-547,6,9,목
2022-06-09,수인선,인천,1044,1788,2832,-744,6,9,목
2022-06-09,수인선,신포,1996,2065,4061,-69,6,9,목
2022-06-09,수인선,숭의,4449,4126,8575,323,6,9,목
2022-06-09,수인선,인하대,7927,7451,15378,476,6,9,목
2022-06-09,수인선,송도,2685,2454,5139,231,6,9,목
2022-06-09,수인선,연수,5095,4918,10013,177,6,9,목
2022-06-09,수인선,원인재,4827,5032,9859,-205,6,9,목
2022-06-09,수인선,남동인더스파크,2664,2919,5583,-255,6,9,목
2022-06-09,수인선,호구포,4521,4731,9252,-210,6,9,목
2022-06-09,수인선,인천논현,5930,6395,12325,-465,6,9,목
2022-06-09,수인선,소래포구,6343,5824,12167,519,6,9,목
2022-06-09,수인선,월곶,3130,2991,6121,139,6,9,목
2022-06-09,수인선,달월,136,87,223,49,6,9,목
2022-06-09,수인선,사리,5555,4851,10406,704,6,9,목
2022-06-09,수인선,야목,469,334,803,135,6,9,목
2022-06-09,수인선,어천,827,901,1728,-74,6,9,목
2022-06-09,수인선,오목천,4651,4111,8762,540,6,9,목
2022-06-09,수인선,고색,5336,5053,10389,283,6,9,목
2022-06-09,분당선,매교,3485,3486,6971,-1,6,9,목
2022-06-09,분당선,수원시청,13557,14461,28018,-904,6,9,목
2022-06-09,분당선,매탄권선,5883,5659,11542,224,6,9,목
2022-06-09,분당선,망포,16003,15149,31152,854,6,9,목
2022-06-09,분당선,영통,8860,9185,18045,-325,6,9,목
2022-06-09,분당선,청명,4705,4608,9313,97,6,9,목
2022-06-09,분당선,상갈,6137,5970,12107,167,6,9,목
2022-06-09,분당선,기흥,11529,11012,22541,517,6,9,목
2022-06-09,분당선,신갈,5063,4975,10038,88,6,9,목
2022-06-09,분당선,구성,5681,5989,11670,-308,6,9,목
2022-06-09,분당선,죽전,15448,16986,32434,-1538,6,9,목
2022-06-09,분당선,보정,3047,2595,5642,452,6,9,목
2022-06-09,분당선,이매,6724,5910,12634,814,6,9,목
2022-06-09,분당선,오리,12879,10623,23502,2256,6,9,목
2022-06-09,분당선,미금,16923,18023,34946,-1100,6,9,목
2022-06-09,분당선,정자,19989,21037,41026,-1048,6,9,목
2022-06-09,분당선,수내,14807,14973,29780,-166,6,9,목
2022-06-09,분당선,서현,26030,26744,52774,-714,6,9,목
2022-06-09,분당선,야탑,28486,29621,58107,-1135,6,9,목
2022-06-09,분당선,모란,27127,28109,55236,-982,6,9,목
2022-06-09,분당선,태평,14757,14002,28759,755,6,9,목
2022-06-09,분당선,가천대,12766,13645,26411,-879,6,9,목
2022-06-09,분당선,선정릉,8666,9338,18004,-672,6,9,목
2022-06-09,분당선,강남구청,10473,12072,22545,-1599,6,9,목
2022-06-09,분당선,압구정로데오,19602,22171,41773,-2569,6,9,목
2022-06-09,분당선,서울숲,11981,12298,24279,-317,6,9,목
2022-06-09,분당선,수원,8800,7426,16226,1374,6,9,목
2022-06-09,분당선,수서,14894,15477,30371,-583,6,9,목
2022-06-09,분당선,대모산입구,5166,4726,9892,440,6,9,목
2022-06-09,분당선,개포동,4299,4347,8646,-48,6,9,목
2022-06-09,분당선,구룡,2590,2488,5078,102,6,9,목
2022-06-09,분당선,도곡,7794,7590,15384,204,6,9,목
2022-06-09,분당선,한티,15407,16460,31867,-1053,6,9,목
2022-06-09,분당선,선릉,14857,22859,37716,-8002,6,9,목
2022-06-09,과천선,범계,28123,28033,56156,90,6,9,목
2022-06-09,과천선,평촌,19899,19539,39438,360,6,9,목
2022-06-09,과천선,인덕원,26603,27370,53973,-767,6,9,목
2022-06-09,과천선,정부과천청사,11762,11603,23365,159,6,9,목
2022-06-09,과천선,과천,6994,6447,13441,547,6,9,목
2022-06-09,과천선,대공원,4414,4483,8897,-69,6,9,목
2022-06-09,과천선,경마공원,1431,1380,2811,51,6,9,목
2022-06-09,과천선,선바위,8884,7920,16804,964,6,9,목
2022-06-09,공항철도 1호선,영종,3350,3396,6746,-46,6,9,목
2022-06-09,공항철도 1호선,인천공항2터미널,3130,2721,5851,409,6,9,목
2022-06-09,공항철도 1호선,인천공항1터미널,6600,5911,12511,689,6,9,목
2022-06-09,공항철도 1호선,공항화물청사,2414,2610,5024,-196,6,9,목
2022-06-09,공항철도 1호선,운서,7501,7523,15024,-22,6,9,목
2022-06-09,공항철도 1호선,청라국제도시,7812,7470,15282,342,6,9,목
2022-06-09,공항철도 1호선,검암,7192,7229,14421,-37,6,9,목
2022-06-09,공항철도 1호선,계양,12014,10970,22984,1044,6,9,목
2022-06-09,공항철도 1호선,김포공항,12391,7045,19436,5346,6,9,목
2022-06-09,공항철도 1호선,마곡나루(서울식물원),10710,10341,21051,369,6,9,목
2022-06-09,공항철도 1호선,디지털미디어시티,15507,14590,30097,917,6,9,목
2022-06-09,공항철도 1호선,홍대입구,9939,10248,20187,-309,6,9,목
2022-06-09,공항철도 1호선,공덕,2509,3261,5770,-752,6,9,목
2022-06-09,공항철도 1호선,서울역,9156,8043,17199,1113,6,9,목
2022-06-09,경춘선,춘천,1541,1249,2790,292,6,9,목
2022-06-09,경춘선,남춘천,2848,2671,5519,177,6,9,목
2022-06-09,경춘선,김유정,317,338,655,-21,6,9,목
2022-06-09,경춘선,강촌,406,445,851,-39,6,9,목
2022-06-09,경춘선,백양리,81,79,160,2,6,9,목
2022-06-09,경춘선,굴봉산,157,125,282,32,6,9,목
2022-06-09,경춘선,가평,1744,1799,3543,-55,6,9,목
2022-06-09,경춘선,상천,272,279,551,-7,6,9,목
2022-06-09,경춘선,청평,1734,1661,3395,73,6,9,목
2022-06-09,경춘선,대성리,581,577,1158,4,6,9,목
2022-06-09,경춘선,마석,4289,4276,8565,13,6,9,목
2022-06-09,경춘선,천마산,1860,1758,3618,102,6,9,목
2022-06-09,경춘선,평내호평,6853,6756,13609,97,6,9,목
2022-06-09,경춘선,금곡,1684,1698,3382,-14,6,9,목
2022-06-09,경춘선,사릉,2597,2585,5182,12,6,9,목
2022-06-09,경춘선,퇴계원,3855,3540,7395,315,6,9,목
2022-06-09,경춘선,별내,3523,3236,6759,287,6,9,목
2022-06-09,경춘선,갈매,3288,2848,6136,440,6,9,목
2022-06-09,경춘선,신내,2443,2289,4732,154,6,9,목
2022-06-09,경인선,도화,4780,4356,9136,424,6,9,목
2022-06-09,경인선,중동,10448,9821,20269,627,6,9,목
2022-06-09,경인선,온수(성공회대입구),7834,7321,15155,513,6,9,목
2022-06-09,경인선,도원,3819,3697,7516,122,6,9,목
2022-06-09,경인선,간석,6553,6116,12669,437,6,9,목
2022-06-09,경인선,부개,9465,8778,18243,687,6,9,목
2022-06-09,경인선,소사,9925,9381,19306,544,6,9,목
2022-06-09,경인선,구일,8739,8639,17378,100,6,9,목
2022-06-09,경인선,인천,3835,2929,6764,906,6,9,목
2022-06-09,경인선,동인천,15011,14120,29131,891,6,9,목
2022-06-09,경인선,제물포,12290,11719,24009,571,6,9,목
2022-06-09,경인선,주안,21080,19295,40375,1785,6,9,목
2022-06-09,경인선,동암,16478,16446,32924,32,6,9,목
2022-06-09,경인선,백운,7507,7433,14940,74,6,9,목
2022-06-09,경인선,부평,29542,31593,61135,-2051,6,9,목
2022-06-09,경인선,송내,30144,29957,60101,187,6,9,목
2022-06-09,경인선,부천,34153,34331,68484,-178,6,9,목
2022-06-09,경인선,역곡,30768,30103,60871,665,6,9,목
2022-06-09,경인선,오류동,12887,11709,24596,1178,6,9,목
2022-06-09,경인선,개봉,23292,22576,45868,716,6,9,목
2022-06-09,경의선,계양,1,0,1,1,6,9,목
2022-06-09,경의선,임진강,10,8,18,2,6,9,목
2022-06-09,경의선,문산,5778,5726,11504,52,6,9,목
2022-06-09,경의선,파주,1700,1236,2936,464,6,9,목
2022-06-09,경의선,월롱,3237,2912,6149,325,6,9,목
2022-06-09,경의선,금촌,6805,6783,13588,22,6,9,목
2022-06-09,경의선,금릉,5388,5307,10695,81,6,9,목
2022-06-09,경의선,운정,7620,7051,14671,569,6,9,목
2022-06-09,경의선,야당,8443,8411,16854,32,6,9,목
2022-06-09,경의선,탄현,8594,8190,16784,404,6,9,목
2022-06-09,경의선,일산,10433,10296,20729,137,6,9,목
2022-06-09,경의선,풍산,6196,5800,11996,396,6,9,목
2022-06-09,경의선,백마,7673,7349,15022,324,6,9,목
2022-06-09,경의선,곡산,705,752,1457,-47,6,9,목
2022-06-09,경의선,능곡,4237,3882,8119,355,6,9,목
2022-06-09,경의선,행신,8753,8730,17483,23,6,9,목
2022-06-09,경의선,강매,3615,3192,6807,423,6,9,목
2022-06-09,경의선,화전,3207,2962,6169,245,6,9,목
2022-06-09,경의선,수색,3165,3400,6565,-235,6,9,목
2022-06-09,경의선,디지털미디어시티,2861,2611,5472,250,6,9,목
2022-06-09,경의선,가좌,6224,5925,12149,299,6,9,목
2022-06-09,경의선,홍대입구,1732,2033,3765,-301,6,9,목
2022-06-09,경의선,서강대,2308,2377,4685,-69,6,9,목
2022-06-09,경의선,공덕,3782,3488,7270,294,6,9,목
2022-06-09,경의선,효창공원앞,3372,3644,7016,-272,6,9,목
2022-06-09,경의선,신촌,966,1270,2236,-304,6,9,목
2022-06-09,경의선,서울역,5021,6498,11519,-1477,6,9,목
2022-06-09,경원선,소요산,2395,2071,4466,324,6,9,목
2022-06-09,경원선,동두천,2808,3064,5872,-256,6,9,목
2022-06-09,경원선,보산,1670,1558,3228,112,6,9,목
2022-06-09,경원선,동두천중앙,3391,3278,6669,113,6,9,목
2022-06-09,경원선,지행,7175,7306,14481,-131,6,9,목
2022-06-09,경원선,덕정,7070,6725,13795,345,6,9,목
2022-06-09,경원선,덕계,3749,3290,7039,459,6,9,목
2022-06-09,경원선,양주,8827,8320,17147,507,6,9,목
2022-06-09,경원선,녹양,5159,4862,10021,297,6,9,목
2022-06-09,경원선,가능,7347,7059,14406,288,6,9,목
2022-06-09,경원선,의정부,19008,19586,38594,-578,6,9,목
2022-06-09,경원선,회룡,13679,13566,27245,113,6,9,목
2022-06-09,경원선,망월사,10050,10100,20150,-50,6,9,목
2022-06-09,경원선,도봉산,7623,5029,12652,2594,6,9,목
2022-06-09,경원선,도봉,6634,6285,12919,349,6,9,목
2022-06-09,경원선,방학,10613,10520,21133,93,6,9,목
2022-06-09,경원선,녹천,5153,4266,9419,887,6,9,목
2022-06-09,경원선,월계,8958,8248,17206,710,6,9,목
2022-06-09,경원선,광운대,9367,9145,18512,222,6,9,목
2022-06-09,경원선,석계,8675,9729,18404,-1054,6,9,목
2022-06-09,경원선,신이문,9152,8384,17536,768,6,9,목
2022-06-09,경원선,외대앞,8641,8637,17278,4,6,9,목
2022-06-09,경원선,청량리(서울시립대입구),15591,16318,31909,-727,6,9,목
2022-06-09,경원선,왕십리(성동구청),15199,16292,31491,-1093,6,9,목
2022-06-09,경원선,응봉,2075,1761,3836,314,6,9,목
2022-06-09,경원선,옥수,57,44,101,13,6,9,목
2022-06-09,경원선,한남,4494,4335,8829,159,6,9,목
2022-06-09,경원선,서빙고,2190,2025,4215,165,6,9,목
2022-06-09,경원선,이촌(국립중앙박물관),4159,3137,7296,1022,6,9,목
2022-06-09,경부선,광명,3681,3247,6928,434,6,9,목
2022-06-09,경부선,서동탄,1604,1349,2953,255,6,9,목
2022-06-09,경부선,당정,7786,7403,15189,383,6,9,목
2022-06-09,경부선,천안,7514,6921,14435,593,6,9,목
2022-06-09,경부선,두정,8384,8771,17155,-387,6,9,목
2022-06-09,경부선,직산,952,998,1950,-46,6,9,목
2022-06-09,경부선,성환,7471,6700,14171,771,6,9,목
2022-06-09,경부선,평택,13775,13819,27594,-44,6,9,목
2022-06-09,경부선,평택지제,3878,3801,7679,77,6,9,목
2022-06-09,경부선,서정리,8152,7535,15687,617,6,9,목
2022-06-09,경부선,송탄,4633,4443,9076,190,6,9,목
2022-06-09,경부선,진위,1900,1702,3602,198,6,9,목
2022-06-09,경부선,오산,10613,10696,21309,-83,6,9,목
2022-06-09,경부선,오산대,4360,4057,8417,303,6,9,목
2022-06-09,경부선,세마,3216,3081,6297,135,6,9,목
2022-06-09,경부선,병점,18030,18096,36126,-66,6,9,목
2022-06-09,경부선,세류,3269,2974,6243,295,6,9,목
2022-06-09,경부선,독산,20549,21282,41831,-733,6,9,목
2022-06-09,경부선,수원,37859,40101,77960,-2242,6,9,목
2022-06-09,경부선,화서,9481,8979,18460,502,6,9,목
2022-06-09,경부선,성균관대,16128,16021,32149,107,6,9,목
2022-06-09,경부선,의왕,10283,10273,20556,10,6,9,목
2022-06-09,경부선,군포,8372,8171,16543,201,6,9,목
2022-06-09,경부선,금정,29412,29659,59071,-247,6,9,목
2022-06-09,경부선,명학,11590,11363,22953,227,6,9,목
2022-06-09,경부선,안양,27608,27192,54800,416,6,9,목
2022-06-09,경부선,관악,8220,7609,15829,611,6,9,목
2022-06-09,경부선,석수,10656,9452,20108,1204,6,9,목
2022-06-09,경부선,금천구청,12903,12982,25885,-79,6,9,목
2022-06-09,경부선,가산디지털단지,20266,23417,43683,-3151,6,9,목
2022-06-09,경부선,구로,19843,20640,40483,-797,6,9,목
2022-06-09,경부선,신길,10077,8664,18741,1413,6,9,목
2022-06-09,경부선,신도림,4609,4697,9306,-88,6,9,목
2022-06-09,경부선,영등포,38282,39565,77847,-1283,6,9,목
2022-06-09,경부선,대방,12781,13603,26384,-822,6,9,목
2022-06-09,경부선,노량진,8364,8481,16845,-117,6,9,목
2022-06-09,경부선,용산,35547,35733,71280,-186,6,9,목
2022-06-09,경부선,남영,10370,11126,21496,-756,6,9,목
2022-06-09,경부선,서울역,6949,2150,9099,4799,6,9,목
2022-06-09,경강선,여주,2829,2652,5481,177,6,9,목
2022-06-09,경강선,세종대왕릉,363,350,713,13,6,9,목
2022-06-09,경강선,부발,2199,2137,4336,62,6,9,목
2022-06-09,경강선,이천,2702,2819,5521,-117,6,9,목
2022-06-09,경강선,신둔도예촌,1820,1681,3501,139,6,9,목
2022-06-09,경강선,곤지암,2446,2439,4885,7,6,9,목
2022-06-09,경강선,초월,3547,3390,6937,157,6,9,목
2022-06-09,경강선,경기광주,8623,8031,16654,592,6,9,목
2022-06-09,경강선,삼동,2717,2464,5181,253,6,9,목
2022-06-09,경강선,이매,1340,1037,2377,303,6,9,목
2022-06-09,경강선,판교,5543,5466,11009,77,6,9,목
2022-06-09,9호선2~3단계,중앙보훈병원,12293,10770,23063,1523,6,9,목
2022-06-09,9호선2~3단계,둔촌오륜,1258,1158,2416,100,6,9,목
2022-06-09,9호선2~3단계,올림픽공원(한국체대),6646,6863,13509,-217,6,9,목
2022-06-09,9호선2~3단계,한성백제,2869,2522,5391,347,6,9,목
2022-06-09,9호선2~3단계,송파나루,5264,5503,10767,-239,6,9,목
2022-06-09,9호선2~3단계,석촌,9239,8179,17418,1060,6,9,목
2022-06-09,9호선2~3단계,석촌고분,6717,6405,13122,312,6,9,목
2022-06-09,9호선2~3단계,삼전,7455,7021,14476,434,6,9,목
2022-06-09,9호선2~3단계,종합운동장,4534,4605,9139,-71,6,9,목
2022-06-09,9호선2~3단계,봉은사,19242,20073,39315,-831,6,9,목
2022-06-09,9호선2~3단계,삼성중앙,7979,8482,16461,-503,6,9,목
2022-06-09,9호선2~3단계,선정릉,10965,12203,23168,-1238,6,9,목
2022-06-09,9호선2~3단계,언주,11224,11839,23063,-615,6,9,목
2022-06-09,9호선,신논현,32193,31837,64030,356,6,9,목
2022-06-09,9호선,사평,4059,3929,7988,130,6,9,목
2022-06-09,9호선,고속터미널,13576,16581,30157,-3005,6,9,목
2022-06-09,9호선,신반포,4004,3998,8002,6,6,9,목
2022-06-09,9호선,구반포,1390,1461,2851,-71,6,9,목
2022-06-09,9호선,동작(현충원),2169,1811,3980,358,6,9,목
2022-06-09,9호선,흑석(중앙대입구),9537,9621,19158,-84,6,9,목
2022-06-09,9호선,노들,4895,4085,8980,810,6,9,목
2022-06-09,9호선,노량진,26864,26315,53179,549,6,9,목
2022-06-09,9호선,샛강,6870,6900,13770,-30,6,9,목
2022-06-09,9호선,여의도,30497,30147,60644,350,6,9,목
2022-06-09,9호선,국회의사당,17354,18415,35769,-1061,6,9,목
2022-06-09,9호선,당산,20057,20324,40381,-267,6,9,목
2022-06-09,9호선,선유도,9566,9275,18841,291,6,9,목
2022-06-09,9호선,신목동,4798,4100,8898,698,6,9,목
2022-06-09,9호선,염창,18974,18104,37078,870,6,9,목
2022-06-09,9호선,등촌,12253,11735,23988,518,6,9,목
2022-06-09,9호선,증미,7991,7735,15726,256,6,9,목
2022-06-09,9호선,가양,22660,22104,44764,556,6,9,목
2022-06-09,9호선,양천향교,10630,11019,21649,-389,6,9,목
2022-06-09,9호선,마곡나루(서울식물원),13344,13398,26742,-54,6,9,목
2022-06-09,9호선,신방화,7337,7074,14411,263,6,9,목
2022-06-09,9호선,공항시장,3201,3368,6569,-167,6,9,목
2022-06-09,9호선,김포공항,7688,11681,19369,-3993,6,9,목
2022-06-09,9호선,개화,2900,1958,4858,942,6,9,목
2022-06-09,8호선,남위례,5896,6133,12029,-237,6,9,목
2022-06-09,8호선,모란,6330,5027,11357,1303,6,9,목
2022-06-09,8호선,수진,5786,5366,11152,420,6,9,목
2022-06-09,8호선,신흥,4403,4747,9150,-344,6,9,목
2022-06-09,8호선,단대오거리,11938,11464,23402,474,6,9,목
2022-06-09,8호선,남한산성입구(성남법원.검찰청),16748,15335,32083,1413,6,9,목
2022-06-09,8호선,산성,5907,5993,11900,-86,6,9,목
2022-06-09,8호선,복정,10924,9270,20194,1654,6,9,목
2022-06-09,8호선,장지,18351,17459,35810,892,6,9,목
2022-06-09,8호선,문정,23331,24967,48298,-1636,6,9,목
2022-06-09,8호선,가락시장,8133,9171,17304,-1038,6,9,목
2022-06-09,8호선,송파,9285,9025,18310,260,6,9,목
2022-06-09,8호선,석촌,8217,9295,17512,-1078,6,9,목
2022-06-09,8호선,잠실(송파구청),14315,17384,31699,-3069,6,9,목
2022-06-09,8호선,몽촌토성(평화의문),6528,6676,13204,-148,6,9,목
2022-06-09,8호선,강동구청,11312,11592,22904,-280,6,9,목
2022-06-09,8호선,천호(풍납토성),15434,17603,33037,-2169,6,9,목
2022-06-09,8호선,암사,20575,17932,38507,2643,6,9,목
2022-06-09,7호선,온수(성공회대입구),11872,11076,22948,796,6,9,목
2022-06-09,7호선,천왕,12623,11933,24556,690,6,9,목
2022-06-09,7호선,광명사거리,23299,22870,46169,429,6,9,목
2022-06-09,7호선,철산,22703,23093,45796,-390,6,9,목
2022-06-09,7호선,가산디지털단지,48435,49265,97700,-830,6,9,목
2022-06-09,7호선,남구로,16736,17684,34420,-948,6,9,목
2022-06-09,7호선,대림(구로구청),8074,8259,16333,-185,6,9,목
2022-06-09,7호선,신풍,12574,11887,24461,687,6,9,목
2022-06-09,7호선,보라매,9086,9173,18259,-87,6,9,목
2022-06-09,7호선,신대방삼거리,16797,15703,32500,1094,6,9,목
2022-06-09,7호선,장승배기,9845,9471,19316,374,6,9,목
2022-06-09,7호선,상도,12332,12025,24357,307,6,9,목
2022-06-09,7호선,숭실대입구(살피재),16354,16286,32640,68,6,9,목
2022-06-09,7호선,남성,12172,11168,23340,1004,6,9,목
2022-06-09,7호선,이수,17221,16616,33837,605,6,9,목
2022-06-09,7호선,내방,15868,16278,32146,-410,6,9,목
2022-06-09,7호선,고속터미널,16486,14300,30786,2186,6,9,목
2022-06-09,7호선,반포,6385,6126,12511,259,6,9,목
2022-06-09,7호선,논현,20809,22212,43021,-1403,6,9,목
2022-06-09,7호선,학동,26217,28200,54417,-1983,6,9,목
2022-06-09,7호선,강남구청,17992,19989,37981,-1997,6,9,목
2022-06-09,7호선,청담,21333,24198,45531,-2865,6,9,목
2022-06-09,7호선,뚝섬유원지,8767,8353,17120,414,6,9,목
2022-06-09,7호선,건대입구,13969,14302,28271,-333,6,9,목
2022-06-09,1호선,종각,39050,38764,77814,286,6,9,목
2022-06-09,1호선,시청,25254,25677,50931,-423,6,9,목
2022-06-09,1호선,서울역,48521,46760,95281,1761,6,9,목
2022-06-09,2호선,건대입구,35250,37943,73193,-2693,6,9,목
2022-06-09,2호선,성수,38319,42502,80821,-4183,6,9,목
2022-06-09,2호선,뚝섬,22896,24976,47872,-2080,6,9,목
2022-06-09,2호선,한양대,14249,15967,30216,-1718,6,9,목
2022-06-09,2호선,왕십리(성동구청),17124,14202,31326,2922,6,9,목
2022-06-09,7호선,어린이대공원(세종대),16558,16856,33414,-298,6,9,목
2022-06-09,7호선,군자(능동),15724,12489,28213,3235,6,9,목
2022-06-09,7호선,중곡,11687,10876,22563,811,6,9,목
2022-06-09,7호선,용마산(용마폭포공원),6365,6023,12388,342,6,9,목
2022-06-09,7호선,사가정,17015,16974,33989,41,6,9,목
2022-06-09,7호선,면목,17186,16488,33674,698,6,9,목
2022-06-09,7호선,상봉(시외버스터미널),17554,16488,34042,1066,6,9,목
2022-06-09,7호선,중화,11269,11018,22287,251,6,9,목
2022-06-09,7호선,먹골,10628,10290,20918,338,6,9,목
2022-06-09,7호선,태릉입구,9511,8984,18495,527,6,9,목
2022-06-09,7호선,공릉(서울과학기술대),12437,12274,24711,163,6,9,목
2022-06-09,7호선,하계,19428,18043,37471,1385,6,9,목
2022-06-09,7호선,중계,15771,14362,30133,1409,6,9,목
2022-06-09,7호선,노원,19927,20916,40843,-989,6,9,목
2022-06-09,7호선,마들,13818,13148,26966,670,6,9,목
2022-06-09,7호선,수락산,13223,12986,26209,237,6,9,목
2022-06-09,7호선,도봉산,10362,11487,21849,-1125,6,9,목
2022-06-09,7호선,장암,2479,993,3472,1486,6,9,목
2022-06-09,6호선,봉화산(서울의료원),9626,9118,18744,508,6,9,목
2022-06-09,6호선,화랑대(서울여대입구),13252,10109,23361,3143,6,9,목
2022-06-09,6호선,태릉입구,5944,6725,12669,-781,6,9,목
2022-06-09,6호선,석계,13153,13523,26676,-370,6,9,목
2022-06-09,6호선,돌곶이,10244,9419,19663,825,6,9,목
2022-06-09,6호선,상월곡(한국과학기술연구원),7407,6785,14192,622,6,9,목
2022-06-09,6호선,월곡(동덕여대),12812,12640,25452,172,6,9,목
2022-06-09,6호선,고려대(종암),9263,8948,18211,315,6,9,목
2022-06-09,6호선,안암(고대병원앞),13714,13813,27527,-99,6,9,목
2022-06-09,6호선,보문,8071,7249,15320,822,6,9,목
2022-06-09,6호선,창신,4080,3500,7580,580,6,9,목
2022-06-09,6호선,동묘앞,8210,8404,16614,-194,6,9,목
2022-06-09,6호선,신당,9037,9519,18556,-482,6,9,목
2022-06-09,6호선,청구,3815,4089,7904,-274,6,9,목
2022-06-09,6호선,약수,3908,3819,7727,89,6,9,목
2022-06-09,6호선,버티고개,2315,2223,4538,92,6,9,목
2022-06-09,6호선,한강진,8135,9573,17708,-1438,6,9,목
2022-06-09,6호선,이태원,10421,11175,21596,-754,6,9,목
2022-06-09,6호선,녹사평(용산구청),5045,5033,10078,12,6,9,목
2022-06-09,6호선,삼각지,7865,6839,14704,1026,6,9,목
2022-06-09,6호선,효창공원앞,7915,7259,15174,656,6,9,목
2022-06-09,6호선,공덕,20171,19595,39766,576,6,9,목
2022-06-09,6호선,대흥(서강대앞),9453,9586,19039,-133,6,9,목
2022-06-09,6호선,광흥창(서강),10016,9621,19637,395,6,9,목
2022-06-09,6호선,상수,9192,10557,19749,-1365,6,9,목
2022-06-09,6호선,합정,13729,13388,27117,341,6,9,목
2022-06-09,6호선,망원,14101,15029,29130,-928,6,9,목
2022-06-09,6호선,마포구청,15337,13734,29071,1603,6,9,목
2022-06-09,6호선,월드컵경기장(성산),4624,5002,9626,-378,6,9,목
2022-06-09,6호선,디지털미디어시티,15627,17344,32971,-1717,6,9,목
2022-06-09,6호선,증산(명지대앞),10793,10718,21511,75,6,9,목
2022-06-09,6호선,새절(신사),14310,13009,27319,1301,6,9,목
2022-06-09,6호선,구산,8404,6048,14452,2356,6,9,목
2022-06-09,6호선,연신내,3,0,3,3,6,9,목
2022-06-09,6호선,독바위,3018,3073,6091,-55,6,9,목
2022-06-09,6호선,불광,4472,4579,9051,-107,6,9,목
2022-06-09,6호선,역촌,4023,4739,8762,-716,6,9,목
2022-06-09,6호선,응암,18778,18275,37053,503,6,9,목
2022-06-09,5호선,하남검단산,6095,5861,11956,234,6,9,목
2022-06-09,5호선,하남시청(덕풍·신장),7767,7544,15311,223,6,9,목
2022-06-09,5호선,하남풍산,4607,4555,9162,52,6,9,목
2022-06-09,5호선,미사,17434,17481,34915,-47,6,9,목
2022-06-09,5호선,강일,4958,4742,9700,216,6,9,목
2022-06-09,5호선,마천,8163,7635,15798,528,6,9,목
2022-06-09,5호선,거여,11447,10886,22333,561,6,9,목
2022-06-09,5호선,개롱,7099,7362,14461,-263,6,9,목
2022-06-09,5호선,오금,3998,4199,8197,-201,6,9,목
2022-06-09,우이신설선,보문,1588,1613,3201,-25,6,9,목
2022-06-09,우이신설선,성신여대입구(돈암),3250,3744,6994,-494,6,9,목
2022-06-09,우이신설선,정릉,5037,4543,9580,494,6,9,목
2022-06-09,우이신설선,북한산보국문,6593,6167,12760,426,6,9,목
2022-06-09,우이신설선,솔샘,6314,5884,12198,430,6,9,목
2022-06-09,안산선,상록수,17385,17549,34934,-164,6,9,목
2022-06-09,안산선,반월,4683,4543,9226,140,6,9,목
2022-06-09,2호선,용답,3217,3240,6457,-23,6,9,목
2022-06-09,5호선,방이,7483,7808,15291,-325,6,9,목
2022-06-09,2호선,상왕십리,15572,15165,30737,407,6,9,목
2022-06-09,5호선,올림픽공원(한국체대),4738,4111,8849,627,6,9,목
2022-06-09,5호선,둔촌동,8694,8574,17268,120,6,9,목
2022-06-09,5호선,상일동,16258,14811,31069,1447,6,9,목
2022-06-09,5호선,고덕,10270,10164,20434,106,6,9,목
2022-06-09,5호선,명일,9466,9456,18922,10,6,9,목
2022-06-09,우이신설선,삼양사거리,2616,2601,5217,15,6,9,목
2022-06-09,우이신설선,삼양,2128,2212,4340,-84,6,9,목
2022-06-09,우이신설선,화계,3715,3468,7183,247,6,9,목
2022-06-09,우이신설선,가오리,4479,4422,8901,57,6,9,목
2022-06-09,우이신설선,4.19민주묘지,3531,3383,6914,148,6,9,목
2022-06-09,우이신설선,솔밭공원,2678,2550,5228,128,6,9,목
2022-06-09,우이신설선,북한산우이,2715,2444,5159,271,6,9,목
2022-06-09,안산선,수리산,4692,3757,8449,935,6,9,목
2022-06-09,안산선,오이도,9069,8991,18060,78,6,9,목
2022-06-09,안산선,정왕,10979,11189,22168,-210,6,9,목
2022-06-09,안산선,신길온천,1968,1821,3789,147,6,9,목
2022-06-09,안산선,안산,12417,11189,23606,1228,6,9,목
2022-06-09,안산선,초지,5724,5917,11641,-193,6,9,목
2022-06-09,안산선,고잔,9964,9644,19608,320,6,9,목
2022-06-09,안산선,중앙,19518,20578,40096,-1060,6,9,목
2022-06-09,5호선,굽은다리(강동구민회관앞),10257,9703,19960,554,6,9,목
2022-06-09,5호선,길동,8383,8582,16965,-199,6,9,목
2022-06-09,5호선,강동,19775,18920,38695,855,6,9,목
2022-06-09,5호선,천호(풍납토성),18624,19005,37629,-381,6,9,목
2022-06-09,5호선,광나루(장신대),14366,13152,27518,1214,6,9,목
2022-06-09,5호선,아차산(어린이대공원후문),15816,14996,30812,820,6,9,목
2022-06-09,안산선,한대앞,11221,11229,22450,-8,6,9,목
2022-06-09,5호선,군자(능동),11884,12990,24874,-1106,6,9,목
2022-06-09,5호선,장한평,19989,19804,39793,185,6,9,목
2022-06-10,6호선,역촌,4015,4882,8897,-867,6,10,금
2022-06-10,우이신설선,보문,1677,1680,3357,-3,6,10,금
2022-06-10,우이신설선,신설동,2448,2370,4818,78,6,10,금
2022-06-10,일산선,원흥,12605,11669,24274,936,6,10,금
2022-06-10,일산선,지축,1,0,1,1,6,10,금
2022-06-10,일산선,삼송,21907,20605,42512,1302,6,10,금
2022-06-10,일산선,원당,12514,11457,23971,1057,6,10,금
2022-06-10,일산선,화정,18281,18762,37043,-481,6,10,금
2022-06-10,일산선,대곡,2527,1918,4445,609,6,10,금
2022-06-10,일산선,백석,10790,10658,21448,132,6,10,금
2022-06-10,일산선,마두,8485,8753,17238,-268,6,10,금
2022-06-10,일산선,정발산,8095,8594,16689,-499,6,10,금
2022-06-10,일산선,주엽,10362,10304,20666,58,6,10,금
2022-06-10,일산선,대화,14707,11835,26542,2872,6,10,금
2022-06-10,장항선,봉명,1464,1417,2881,47,6,10,금
2022-06-10,장항선,아산,4674,4464,9138,210,6,10,금
2022-06-10,안산선,신길온천,2084,1929,4013,155,6,10,금
2022-06-10,안산선,정왕,11761,11357,23118,404,6,10,금
2022-06-10,안산선,오이도,9573,9688,19261,-115,6,10,금
2022-06-10,안산선,수리산,4765,3835,8600,930,6,10,금
2022-06-10,우이신설선,북한산우이,3048,2762,5810,286,6,10,금
2022-06-10,우이신설선,솔밭공원,2700,2537,5237,163,6,10,금
2022-06-10,우이신설선,4.19민주묘지,3808,3503,7311,305,6,10,금
2022-06-10,우이신설선,가오리,4661,4501,9162,160,6,10,금
2022-06-10,우이신설선,화계,3589,3404,6993,185,6,10,금
2022-06-10,우이신설선,삼양,2206,2207,4413,-1,6,10,금
2022-06-10,우이신설선,삼양사거리,2655,2644,5299,11,6,10,금
2022-06-10,우이신설선,솔샘,6523,5896,12419,627,6,10,금
2022-06-10,우이신설선,북한산보국문,6753,6183,12936,570,6,10,금
2022-06-10,우이신설선,정릉,5333,4705,10038,628,6,10,금
2022-06-10,우이신설선,성신여대입구(돈암),3396,4060,7456,-664,6,10,금
2022-06-10,안산선,상록수,18083,17951,36034,132,6,10,금
2022-06-10,1호선,서울역,54261,53081,107342,1180,6,10,금
2022-06-10,1호선,시청,26084,26734,52818,-650,6,10,금
2022-06-10,1호선,종각,39910,39654,79564,256,6,10,금
2022-06-10,1호선,종로3가,28758,26919,55677,1839,6,10,금
2022-06-10,1호선,종로5가,25268,25241,50509,27,6,10,금
2022-06-10,1호선,동대문,11689,10457,22146,1232,6,10,금
2022-06-10,1호선,신설동,15301,14228,29529,1073,6,10,금
2022-06-10,1호선,제기동,18117,18401,36518,-284,6,10,금
2022-06-10,1호선,청량리(서울시립대입구),21786,21564,43350,222,6,10,금
2022-06-10,1호선,동묘앞,8507,8751,17258,-244,6,10,금
2022-06-10,2호선,시청,26210,25762,51972,448,6,10,금
2022-06-10,2호선,을지로입구,43438,45433,88871,-1995,6,10,금
2022-06-10,2호선,을지로3가,25840,26694,52534,-854,6,10,금
2022-06-10,2호선,을지로4가,14312,14491,28803,-179,6,10,금
2022-06-10,2호선,동대문역사문화공원(DDP),13167,14686,27853,-1519,6,10,금
2022-06-10,2호선,신당,15437,15798,31235,-361,6,10,금
2022-06-10,2호선,상왕십리,15852,15182,31034,670,6,10,금
2022-06-10,2호선,왕십리(성동구청),18260,15464,33724,2796,6,10,금
2022-06-10,2호선,한양대,12477,13296,25773,-819,6,10,금
2022-06-10,2호선,뚝섬,25269,27388,52657,-2119,6,10,금
2022-06-10,2호선,성수,40442,44440,84882,-3998,6,10,금
2022-06-10,2호선,건대입구,37973,42091,80064,-4118,6,10,금
2022-06-10,2호선,구의(광진구청),25820,24911,50731,909,6,10,금
2022-06-10,2호선,강변(동서울터미널),35851,34033,69884,1818,6,10,금
2022-06-10,2호선,잠실나루,16440,15819,32259,621,6,10,금
2022-06-10,2호선,잠실(송파구청),77089,75978,153067,1111,6,10,금
2022-06-10,2호선,잠실새내,24436,24835,49271,-399,6,10,금
2022-06-10,2호선,종합운동장,13873,15697,29570,-1824,6,10,금
2022-06-10,2호선,삼성(무역센터),58897,59341,118238,-444,6,10,금
2022-06-10,2호선,선릉,63021,56003,119024,7018,6,10,금
2022-06-10,2호선,역삼,56160,63690,119850,-7530,6,10,금
2022-06-10,2호선,강남,91893,91789,183682,104,6,10,금
2022-06-10,2호선,교대(법원.검찰청),38416,44166,82582,-5750,6,10,금
2022-06-10,2호선,서초,23859,23139,46998,720,6,10,금
2022-06-10,2호선,방배,19703,20400,40103,-697,6,10,금
2022-06-10,2호선,사당,45078,50561,95639,-5483,6,10,금
2022-06-10,2호선,낙성대(강감찬),30717,28552,59269,2165,6,10,금
2022-06-10,2호선,서울대입구(관악구청),51913,49605,101518,2308,6,10,금
2022-06-10,2호선,봉천,26339,23854,50193,2485,6,10,금
2022-06-10,2호선,신림,65455,62496,127951,2959,6,10,금
2022-06-10,2호선,신대방,27972,26612,54584,1360,6,10,금
2022-06-10,2호선,구로디지털단지,65437,65641,131078,-204,6,10,금
2022-06-10,2호선,대림(구로구청),26396,26790,53186,-394,6,10,금
2022-06-10,2호선,신도림,52853,53524,106377,-671,6,10,금
2022-06-10,2호선,문래,24300,25330,49630,-1030,6,10,금
2022-06-10,2호선,영등포구청,24389,25146,49535,-757,6,10,금
2022-06-10,2호선,당산,20702,24241,44943,-3539,6,10,금
2022-06-10,2호선,합정,34534,38816,73350,-4282,6,10,금
2022-06-10,2호선,홍대입구,61284,69647,130931,-8363,6,10,금
2022-06-10,2호선,신촌,36765,37541,74306,-776,6,10,금
2022-06-10,2호선,이대,15403,15859,31262,-456,6,10,금
2022-06-10,2호선,아현,11963,11103,23066,860,6,10,금
2022-06-10,2호선,충정로(경기대입구),10923,11514,22437,-591,6,10,금
2022-06-10,2호선,용답,3120,3021,6141,99,6,10,금
2022-06-10,2호선,신답,1841,1995,3836,-154,6,10,금
2022-06-10,2호선,신설동,3997,3885,7882,112,6,10,금
2022-06-10,2호선,도림천,1455,1493,2948,-38,6,10,금
2022-06-10,2호선,양천구청,7607,7817,15424,-210,6,10,금
2022-06-10,2호선,신정네거리,11661,11948,23609,-287,6,10,금
2022-06-10,2호선,용두(동대문구청),2623,2628,5251,-5,6,10,금
2022-06-10,3호선,지축,5721,5118,10839,603,6,10,금
2022-06-10,3호선,구파발,23116,22131,45247,985,6,10,금
2022-06-10,3호선,연신내,39916,37750,77666,2166,6,10,금
2022-06-10,3호선,불광,17640,18714,36354,-1074,6,10,금
2022-06-10,3호선,녹번,17354,15296,32650,2058,6,10,금
2022-06-10,3호선,홍제,19523,18260,37783,1263,6,10,금
2022-06-10,3호선,무악재,4340,4256,8596,84,6,10,금
2022-06-10,3호선,독립문,8125,8179,16304,-54,6,10,금
2022-06-10,3호선,경복궁(정부서울청사),29017,30285,59302,-1268,6,10,금
2022-06-10,3호선,안국,25752,25805,51557,-53,6,10,금
2022-06-10,3호선,종로3가,11173,13651,24824,-2478,6,10,금
2022-06-10,3호선,을지로3가,11992,12697,24689,-705,6,10,금
2022-06-10,3호선,충무로,1,0,1,1,6,10,금
2022-06-10,3호선,동대입구,9169,10171,19340,-1002,6,10,금
2022-06-10,3호선,약수,14115,14031,28146,84,6,10,금
2022-06-10,3호선,금호,8838,7956,16794,882,6,10,금
2022-06-10,3호선,옥수,10244,10363,20607,-119,6,10,금
2022-06-10,3호선,압구정,36026,39347,75373,-3321,6,10,금
2022-06-10,3호선,신사,32135,34953,67088,-2818,6,10,금
2022-06-10,3호선,잠원,5445,5247,10692,198,6,10,금
2022-06-10,3호선,고속터미널,48730,50141,98871,-1411,6,10,금
2022-06-10,3호선,교대(법원.검찰청),17055,11095,28150,5960,6,10,금
2022-06-10,3호선,남부터미널(예술의전당),34297,34401,68698,-104,6,10,금
2022-06-10,3호선,양재(서초구청),43580,46731,90311,-3151,6,10,금
2022-06-10,3호선,매봉,13950,13607,27557,343,6,10,금
2022-06-10,3호선,도곡,6133,6226,12359,-93,6,10,금
2022-06-10,3호선,대치,12404,12642,25046,-238,6,10,금
2022-06-10,3호선,학여울,2515,2555,5070,-40,6,10,금
2022-06-10,3호선,대청,11348,10686,22034,662,6,10,금
2022-06-10,3호선,일원,11986,11103,23089,883,6,10,금
2022-06-10,3호선,수서,20156,20100,40256,56,6,10,금
2022-06-10,3호선,가락시장,9935,9791,19726,144,6,10,금
2022-06-10,3호선,경찰병원,8120,7866,15986,254,6,10,금
2022-06-10,3호선,오금,6921,6090,13011,831,6,10,금
2022-06-10,4호선,당고개,9907,8745,18652,1162,6,10,금
2022-06-10,4호선,상계,20946,19327,40273,1619,6,10,금
2022-06-10,4호선,노원,20621,24037,44658,-3416,6,10,금
2022-06-10,4호선,창동,28213,29964,58177,-1751,6,10,금
2022-06-10,4호선,쌍문,31669,28736,60405,2933,6,10,금
2022-06-10,4호선,수유(강북구청),37132,37291,74423,-159,6,10,금
2022-06-10,4호선,미아(서울사이버대학),16566,15681,32247,885,6,10,금
2022-06-10,4호선,미아사거리,29822,28907,58729,915,6,10,금
2022-06-10,4호선,길음,23974,23208,47182,766,6,10,금
2022-06-10,4호선,성신여대입구(돈암),22105,21152,43257,953,6,10,금
2022-06-10,4호선,한성대입구(삼선교),16237,15764,32001,473,6,10,금
2022-06-10,4호선,혜화,35796,36069,71865,-273,6,10,금
2022-06-10,4호선,동대문,21506,21267,42773,239,6,10,금
2022-06-10,4호선,동대문역사문화공원(DDP),16069,13779,29848,2290,6,10,금
2022-06-10,4호선,충무로,29889,31606,61495,-1717,6,10,금
2022-06-10,4호선,명동,22791,23963,46754,-1172,6,10,금
2022-06-10,4호선,회현(남대문시장),27403,28826,56229,-1423,6,10,금
2022-06-10,4호선,서울역,13152,21685,34837,-8533,6,10,금
2022-06-10,4호선,숙대입구(갈월),15331,14864,30195,467,6,10,금
2022-06-10,4호선,삼각지,6344,7380,13724,-1036,6,10,금
2022-06-10,4호선,신용산,19727,21136,40863,-1409,6,10,금
2022-06-10,4호선,이촌(국립중앙박물관),10226,10914,21140,-688,6,10,금
2022-06-10,4호선,동작(현충원),1992,2165,4157,-173,6,10,금
2022-06-10,4호선,총신대입구(이수),21359,23542,44901,-2183,6,10,금
2022-06-10,4호선,사당,30021,26356,56377,3665,6,10,금
2022-06-10,4호선,남태령,1633,1282,2915,351,6,10,금
2022-06-10,5호선,방화,7553,7207,14760,346,6,10,금
2022-06-10,5호선,개화산,6300,5954,12254,346,6,10,금
2022-06-10,5호선,김포공항,8590,8283,16873,307,6,10,금
2022-06-10,5호선,송정,7396,6619,14015,777,6,10,금
2022-06-10,5호선,마곡,11681,11562,23243,119,6,10,금
2022-06-10,5호선,발산,22513,23632,46145,-1119,6,10,금
2022-06-10,5호선,우장산,16476,15863,32339,613,6,10,금
2022-06-10,5호선,화곡,31437,28819,60256,2618,6,10,금
2022-06-10,5호선,까치산,31628,29556,61184,2072,6,10,금
2022-06-10,5호선,신정(은행정),15398,12394,27792,3004,6,10,금
2022-06-10,5호선,목동,19184,20339,39523,-1155,6,10,금
2022-06-10,5호선,오목교(목동운동장앞),23667,25547,49214,-1880,6,10,금
2022-06-10,5호선,양평,8209,7909,16118,300,6,10,금
2022-06-10,5호선,영등포구청,4487,4560,9047,-73,6,10,금
2022-06-10,5호선,영등포시장,11083,11496,22579,-413,6,10,금
2022-06-10,5호선,신길,4582,4718,9300,-136,6,10,금
2022-06-10,5호선,여의도,30292,32784,63076,-2492,6,10,금
2022-06-10,5호선,여의나루,12319,13658,25977,-1339,6,10,금
2022-06-10,5호선,마포,15990,16505,32495,-515,6,10,금
2022-06-10,5호선,공덕,16074,16977,33051,-903,6,10,금
2022-06-10,5호선,애오개,7463,7290,14753,173,6,10,금
2022-06-10,5호선,충정로(경기대입구),5091,5159,10250,-68,6,10,금
2022-06-10,5호선,서대문,21866,21821,43687,45,6,10,금
2022-06-10,5호선,광화문(세종문화회관),33784,36384,70168,-2600,6,10,금
2022-06-10,5호선,종로3가,14743,15169,29912,-426,6,10,금
2022-06-10,5호선,을지로4가,6673,7117,13790,-444,6,10,금
2022-06-10,5호선,동대문역사문화공원(DDP),3132,3697,6829,-565,6,10,금
2022-06-10,5호선,청구,4457,3966,8423,491,6,10,금
2022-06-10,5호선,신금호,7289,7336,14625,-47,6,10,금
2022-06-10,5호선,행당,8903,7752,16655,1151,6,10,금
2022-06-10,5호선,왕십리(성동구청),4881,5808,10689,-927,6,10,금
2022-06-10,5호선,마장,6100,5756,11856,344,6,10,금
2022-06-10,5호선,답십리,17401,15474,32875,1927,6,10,금
2022-06-10,5호선,장한평,20094,19742,39836,352,6,10,금
2022-06-10,5호선,군자(능동),12352,13509,25861,-1157,6,10,금
2022-06-10,5호선,아차산(어린이대공원후문),16160,15412,31572,748,6,10,금
2022-06-10,5호선,광나루(장신대),14991,13472,28463,1519,6,10,금
2022-06-10,5호선,천호(풍납토성),20099,20132,40231,-33,6,10,금
2022-06-10,5호선,강동,20309,19390,39699,919,6,10,금
2022-06-10,5호선,길동,8794,9184,17978,-390,6,10,금
2022-06-10,5호선,굽은다리(강동구민회관앞),10465,10024,20489,441,6,10,금
2022-06-10,5호선,명일,9573,9973,19546,-400,6,10,금
2022-06-10,5호선,고덕,10697,10399,21096,298,6,10,금
2022-06-10,5호선,상일동,16691,14971,31662,1720,6,10,금
2022-06-10,5호선,둔촌동,9095,9213,18308,-118,6,10,금
2022-06-10,5호선,올림픽공원(한국체대),5923,5249,11172,674,6,10,금
2022-06-10,5호선,방이,7897,8083,15980,-186,6,10,금
2022-06-10,5호선,오금,4194,4367,8561,-173,6,10,금
2022-06-10,5호선,개롱,7203,7367,14570,-164,6,10,금
2022-06-10,5호선,거여,11568,10929,22497,639,6,10,금
2022-06-10,5호선,마천,8191,7661,15852,530,6,10,금
2022-06-10,5호선,강일,5086,4911,9997,175,6,10,금
2022-06-10,5호선,미사,18058,18096,36154,-38,6,10,금
2022-06-10,5호선,하남풍산,4772,4728,9500,44,6,10,금
2022-06-10,5호선,하남시청(덕풍·신장),7852,7585,15437,267,6,10,금
2022-06-10,5호선,하남검단산,6420,6075,12495,345,6,10,금
2022-06-10,6호선,응암,19504,19056,38560,448,6,10,금
2022-06-10,6호선,불광,4757,4680,9437,77,6,10,금
2022-06-10,6호선,독바위,3013,3149,6162,-136,6,10,금
2022-06-10,6호선,구산,8757,6154,14911,2603,6,10,금
2022-06-10,6호선,새절(신사),14180,13096,27276,1084,6,10,금
2022-06-10,6호선,증산(명지대앞),11025,10916,21941,109,6,10,금
2022-06-10,6호선,디지털미디어시티,15493,16742,32235,-1249,6,10,금
2022-06-10,6호선,월드컵경기장(성산),5469,5543,11012,-74,6,10,금
2022-06-10,6호선,마포구청,15672,13764,29436,1908,6,10,금
2022-06-10,6호선,망원,14989,16161,31150,-1172,6,10,금
2022-06-10,6호선,합정,15014,15041,30055,-27,6,10,금
2022-06-10,6호선,상수,10047,12057,22104,-2010,6,10,금
2022-06-10,6호선,광흥창(서강),9961,9757,19718,204,6,10,금
2022-06-10,6호선,대흥(서강대앞),9559,9521,19080,38,6,10,금
2022-06-10,6호선,공덕,20670,20078,40748,592,6,10,금
2022-06-10,6호선,효창공원앞,8327,7477,15804,850,6,10,금
2022-06-10,6호선,삼각지,8346,7139,15485,1207,6,10,금
2022-06-10,6호선,녹사평(용산구청),5680,6075,11755,-395,6,10,금
2022-06-10,6호선,이태원,12543,16887,29430,-4344,6,10,금
2022-06-10,6호선,한강진,8741,10473,19214,-1732,6,10,금
2022-06-10,6호선,버티고개,2434,2347,4781,87,6,10,금
2022-06-10,6호선,약수,4145,4088,8233,57,6,10,금
2022-06-10,6호선,청구,3964,4139,8103,-175,6,10,금
2022-06-10,6호선,신당,9134,8738,17872,396,6,10,금
2022-06-10,6호선,동묘앞,8573,8599,17172,-26,6,10,금
2022-06-10,6호선,창신,4114,3400,7514,714,6,10,금
2022-06-10,6호선,보문,8286,7374,15660,912,6,10,금
2022-06-10,6호선,안암(고대병원앞),12390,12082,24472,308,6,10,금
2022-06-10,6호선,고려대(종암),8815,8458,17273,357,6,10,금
2022-06-10,6호선,월곡(동덕여대),12870,12428,25298,442,6,10,금
2022-06-10,6호선,상월곡(한국과학기술연구원),6914,6164,13078,750,6,10,금
2022-06-10,6호선,돌곶이,10363,9425,19788,938,6,10,금
2022-06-10,6호선,석계,13711,13791,27502,-80,6,10,금
2022-06-10,6호선,태릉입구,6196,6757,12953,-561,6,10,금
2022-06-10,6호선,화랑대(서울여대입구),13005,9874,22879,3131,6,10,금
2022-06-10,6호선,봉화산(서울의료원),9686,9118,18804,568,6,10,금
2022-06-10,7호선,장암,2462,1006,3468,1456,6,10,금
2022-06-10,7호선,도봉산,10382,11844,22226,-1462,6,10,금
2022-06-10,7호선,수락산,13795,13365,27160,430,6,10,금
2022-06-10,7호선,마들,14353,13339,27692,1014,6,10,금
2022-06-10,7호선,노원,21743,23072,44815,-1329,6,10,금
2022-06-10,7호선,중계,15900,14284,30184,1616,6,10,금
2022-06-10,7호선,하계,19376,17967,37343,1409,6,10,금
2022-06-10,7호선,공릉(서울과학기술대),13015,12861,25876,154,6,10,금
2022-06-10,7호선,태릉입구,9775,9113,18888,662,6,10,금
2022-06-10,7호선,먹골,10960,10656,21616,304,6,10,금
2022-06-10,7호선,중화,11641,11256,22897,385,6,10,금
2022-06-10,7호선,상봉(시외버스터미널),18353,17792,36145,561,6,10,금
2022-06-10,7호선,면목,16194,15505,31699,689,6,10,금
2022-06-10,7호선,사가정,17657,17312,34969,345,6,10,금
2022-06-10,7호선,용마산(용마폭포공원),6496,6190,12686,306,6,10,금
2022-06-10,7호선,중곡,12204,11135,23339,1069,6,10,금
2022-06-10,7호선,군자(능동),16220,12826,29046,3394,6,10,금
2022-06-10,7호선,어린이대공원(세종대),16067,15948,32015,119,6,10,금
2022-06-10,7호선,건대입구,14159,15060,29219,-901,6,10,금
2022-06-10,7호선,뚝섬유원지,9374,8885,18259,489,6,10,금
2022-06-10,7호선,청담,21437,24396,45833,-2959,6,10,금
2022-06-10,7호선,강남구청,18098,20410,38508,-2312,6,10,금
2022-06-10,7호선,학동,25919,27730,53649,-1811,6,10,금
2022-06-10,7호선,논현,21116,23208,44324,-2092,6,10,금
2022-06-10,7호선,반포,6627,6370,12997,257,6,10,금
2022-06-10,7호선,고속터미널,18921,15504,34425,3417,6,10,금
2022-06-10,7호선,내방,16076,16322,32398,-246,6,10,금
2022-06-10,7호선,이수,18221,17391,35612,830,6,10,금
2022-06-10,7호선,남성,12626,11306,23932,1320,6,10,금
2022-06-10,7호선,숭실대입구(살피재),15347,15113,30460,234,6,10,금
2022-06-10,7호선,상도,12459,11828,24287,631,6,10,금
2022-06-10,7호선,장승배기,9985,9546,19531,439,6,10,금
2022-06-10,7호선,신대방삼거리,16721,15580,32301,1141,6,10,금
2022-06-10,7호선,보라매,9333,9175,18508,158,6,10,금
2022-06-10,7호선,신풍,12770,12124,24894,646,6,10,금
2022-06-10,7호선,대림(구로구청),8382,8616,16998,-234,6,10,금
2022-06-10,7호선,남구로,16636,17816,34452,-1180,6,10,금
2022-06-10,7호선,가산디지털단지,48527,48374,96901,153,6,10,금
2022-06-10,7호선,철산,24412,25094,49506,-682,6,10,금
2022-06-10,7호선,광명사거리,24289,23766,48055,523,6,10,금
2022-06-10,7호선,천왕,12840,12053,24893,787,6,10,금
2022-06-10,7호선,온수(성공회대입구),11992,10939,22931,1053,6,10,금
2022-06-10,8호선,암사,20947,18048,38995,2899,6,10,금
2022-06-10,8호선,천호(풍납토성),16209,19025,35234,-2816,6,10,금
2022-06-10,8호선,강동구청,11375,11633,23008,-258,6,10,금
2022-06-10,8호선,몽촌토성(평화의문),7085,7569,14654,-484,6,10,금
2022-06-10,8호선,잠실(송파구청),15479,18820,34299,-3341,6,10,금
2022-06-10,8호선,석촌,8489,9731,18220,-1242,6,10,금
2022-06-10,8호선,송파,9494,9255,18749,239,6,10,금
2022-06-10,8호선,가락시장,8555,9640,18195,-1085,6,10,금
2022-06-10,8호선,문정,23558,24894,48452,-1336,6,10,금
2022-06-10,8호선,장지,18846,17543,36389,1303,6,10,금
2022-06-10,8호선,복정,10987,9061,20048,1926,6,10,금
2022-06-10,8호선,산성,6034,5882,11916,152,6,10,금
2022-06-10,8호선,남한산성입구(성남법원.검찰청),16517,14682,31199,1835,6,10,금
2022-06-10,8호선,단대오거리,12273,11420,23693,853,6,10,금
2022-06-10,8호선,신흥,4594,4864,9458,-270,6,10,금
2022-06-10,8호선,수진,5836,5356,11192,480,6,10,금
2022-06-10,8호선,모란,4932,4224,9156,708,6,10,금
2022-06-10,8호선,남위례,6031,6338,12369,-307,6,10,금
2022-06-10,9호선,개화,2872,1976,4848,896,6,10,금
2022-06-10,9호선,김포공항,9097,13312,22409,-4215,6,10,금
2022-06-10,9호선,공항시장,3287,3471,6758,-184,6,10,금
2022-06-10,9호선,신방화,7642,7209,14851,433,6,10,금
2022-06-10,9호선,마곡나루(서울식물원),13925,14031,27956,-106,6,10,금
2022-06-10,9호선,양천향교,11128,11064,22192,64,6,10,금
2022-06-10,9호선,가양,23106,22337,45443,769,6,10,금
2022-06-10,9호선,증미,8276,7967,16243,309,6,10,금
2022-06-10,9호선,등촌,12601,11788,24389,813,6,10,금
2022-06-10,9호선,염창,19422,18406,37828,1016,6,10,금
2022-06-10,9호선,신목동,4879,4105,8984,774,6,10,금
2022-06-10,9호선,선유도,9799,9061,18860,738,6,10,금
2022-06-10,9호선,당산,20976,21166,42142,-190,6,10,금
2022-06-10,9호선,국회의사당,17496,18657,36153,-1161,6,10,금
2022-06-10,9호선,여의도,31396,29846,61242,1550,6,10,금
2022-06-10,9호선,샛강,7552,7325,14877,227,6,10,금
2022-06-10,9호선,노량진,28608,27669,56277,939,6,10,금
2022-06-10,9호선,노들,5022,4155,9177,867,6,10,금
2022-06-10,9호선,흑석(중앙대입구),9681,9854,19535,-173,6,10,금
2022-06-10,9호선,동작(현충원),2620,2205,4825,415,6,10,금
2022-06-10,9호선,구반포,1399,1471,2870,-72,6,10,금
2022-06-10,9호선,신반포,4114,4029,8143,85,6,10,금
2022-06-10,9호선,고속터미널,15387,19994,35381,-4607,6,10,금
2022-06-10,9호선,사평,4166,3862,8028,304,6,10,금
2022-06-10,9호선,신논현,35217,35955,71172,-738,6,10,금
2022-06-10,9호선2~3단계,언주,11870,12030,23900,-160,6,10,금
2022-06-10,9호선2~3단계,선정릉,11270,12389,23659,-1119,6,10,금
2022-06-10,9호선2~3단계,삼성중앙,8176,8507,16683,-331,6,10,금
2022-06-10,9호선2~3단계,봉은사,19903,20257,40160,-354,6,10,금
2022-06-10,9호선2~3단계,종합운동장,4887,5018,9905,-131,6,10,금
2022-06-10,9호선2~3단계,삼전,7689,7193,14882,496,6,10,금
2022-06-10,9호선2~3단계,석촌고분,6899,6424,13323,475,6,10,금
2022-06-10,9호선2~3단계,석촌,9643,8584,18227,1059,6,10,금
2022-06-10,9호선2~3단계,송파나루,5681,6059,11740,-378,6,10,금
2022-06-10,9호선2~3단계,한성백제,3094,2861,5955,233,6,10,금
2022-06-10,9호선2~3단계,올림픽공원(한국체대),9752,9273,19025,479,6,10,금
2022-06-10,9호선2~3단계,둔촌오륜,1280,1099,2379,181,6,10,금
2022-06-10,9호선2~3단계,중앙보훈병원,12204,10799,23003,1405,6,10,금
2022-06-10,경강선,판교,5606,5716,11322,-110,6,10,금
2022-06-10,경강선,이매,1288,1137,2425,151,6,10,금
2022-06-10,경강선,삼동,2822,2473,5295,349,6,10,금
2022-06-10,경강선,경기광주,9026,8368,17394,658,6,10,금
2022-06-10,경강선,초월,3769,3391,7160,378,6,10,금
2022-06-10,경강선,곤지암,2633,2595,5228,38,6,10,금
2022-06-10,경강선,신둔도예촌,2000,1636,3636,364,6,10,금
2022-06-10,경강선,이천,3109,3259,6368,-150,6,10,금
2022-06-10,경강선,부발,3091,2315,5406,776,6,10,금
2022-06-10,경강선,세종대왕릉,408,397,805,11,6,10,금
2022-06-10,경강선,여주,2782,2766,5548,16,6,10,금
2022-06-10,경부선,서울역,9535,3018,12553,6517,6,10,금
2022-06-10,경부선,남영,10533,11099,21632,-566,6,10,금
2022-06-10,경부선,용산,42228,43733,85961,-1505,6,10,금
2022-06-10,경부선,노량진,9244,9113,18357,131,6,10,금
2022-06-10,경부선,대방,12936,13838,26774,-902,6,10,금
2022-06-10,경부선,영등포,43244,46134,89378,-2890,6,10,금
2022-06-10,경부선,신도림,4674,4767,9441,-93,6,10,금
2022-06-10,경부선,신길,10052,8621,18673,1431,6,10,금
2022-06-10,경부선,구로,20136,21163,41299,-1027,6,10,금
2022-06-10,경부선,가산디지털단지,20292,23384,43676,-3092,6,10,금
2022-06-10,경부선,금천구청,13181,13244,26425,-63,6,10,금
2022-06-10,경부선,석수,10742,9391,20133,1351,6,10,금
2022-06-10,경부선,관악,8386,7631,16017,755,6,10,금
2022-06-10,경부선,안양,27086,26955,54041,131,6,10,금
2022-06-10,경부선,명학,10561,10127,20688,434,6,10,금
2022-06-10,경부선,금정,30425,30623,61048,-198,6,10,금
2022-06-10,경부선,군포,8252,8051,16303,201,6,10,금
2022-06-10,경부선,의왕,10683,10412,21095,271,6,10,금
2022-06-10,경부선,성균관대,16342,15943,32285,399,6,10,금
2022-06-10,경부선,화서,9281,8962,18243,319,6,10,금
2022-06-10,경부선,수원,41529,46151,87680,-4622,6,10,금
2022-06-10,경부선,독산,20644,20802,41446,-158,6,10,금
2022-06-10,경부선,세류,3585,3219,6804,366,6,10,금
2022-06-10,경부선,병점,18019,17785,35804,234,6,10,금
2022-06-10,경부선,세마,3415,3169,6584,246,6,10,금
2022-06-10,경부선,오산대,4642,4377,9019,265,6,10,금
2022-06-10,경부선,오산,11798,11284,23082,514,6,10,금
2022-06-10,경부선,진위,2108,1738,3846,370,6,10,금
2022-06-10,경부선,송탄,5471,4734,10205,737,6,10,금
2022-06-10,경부선,서정리,9349,7729,17078,1620,6,10,금
2022-06-10,경부선,평택지제,4679,4314,8993,365,6,10,금
2022-06-10,경부선,평택,15306,14777,30083,529,6,10,금
2022-06-10,경부선,성환,5546,4770,10316,776,6,10,금
2022-06-10,경부선,직산,1045,991,2036,54,6,10,금
2022-06-10,경부선,두정,8110,7676,15786,434,6,10,금
2022-06-10,경부선,천안,7437,7199,14636,238,6,10,금
2022-06-10,경부선,당정,7773,7179,14952,594,6,10,금
2022-06-10,경부선,서동탄,1643,1479,3122,164,6,10,금
2022-06-10,경부선,광명,4211,3797,8008,414,6,10,금
2022-06-10,경원선,이촌(국립중앙박물관),4363,3279,7642,1084,6,10,금
2022-06-10,경원선,서빙고,2278,2035,4313,243,6,10,금
2022-06-10,경원선,한남,4538,4367,8905,171,6,10,금
2022-06-10,경원선,옥수,73,37,110,36,6,10,금
2022-06-10,경원선,응봉,2090,1769,3859,321,6,10,금
2022-06-10,경원선,왕십리(성동구청),15841,17285,33126,-1444,6,10,금
2022-06-10,경원선,청량리(서울시립대입구),18619,19345,37964,-726,6,10,금
2022-06-10,경원선,외대앞,8873,8508,17381,365,6,10,금
2022-06-10,경원선,신이문,9135,8280,17415,855,6,10,금
2022-06-10,경원선,석계,9072,10244,19316,-1172,6,10,금
2022-06-10,경원선,광운대,9520,9090,18610,430,6,10,금
2022-06-10,경원선,월계,8729,7915,16644,814,6,10,금
2022-06-10,경원선,녹천,5285,4242,9527,1043,6,10,금
2022-06-10,경원선,방학,10988,10830,21818,158,6,10,금
2022-06-10,경원선,도봉,6669,6285,12954,384,6,10,금
2022-06-10,경원선,도봉산,8445,5525,13970,2920,6,10,금
2022-06-10,경원선,망월사,8975,8961,17936,14,6,10,금
2022-06-10,경원선,회룡,14102,13883,27985,219,6,10,금
2022-06-10,경원선,의정부,20109,21435,41544,-1326,6,10,금
2022-06-10,경원선,가능,7645,7319,14964,326,6,10,금
2022-06-10,경원선,녹양,5245,4864,10109,381,6,10,금
2022-06-10,경원선,양주,8962,8332,17294,630,6,10,금
2022-06-10,경원선,덕계,3683,3250,6933,433,6,10,금
2022-06-10,경원선,덕정,6860,6519,13379,341,6,10,금
2022-06-10,경원선,지행,7590,7504,15094,86,6,10,금
2022-06-10,경원선,동두천중앙,3781,3696,7477,85,6,10,금
2022-06-10,경원선,보산,2085,1810,3895,275,6,10,금
2022-06-10,경원선,동두천,2867,3048,5915,-181,6,10,금
2022-06-10,경원선,소요산,2908,2520,5428,388,6,10,금
2022-06-10,경의선,서울역,5113,6741,11854,-1628,6,10,금
2022-06-10,경의선,신촌,971,1237,2208,-266,6,10,금
2022-06-10,경의선,효창공원앞,3332,3737,7069,-405,6,10,금
2022-06-10,경의선,공덕,3976,3752,7728,224,6,10,금
2022-06-10,경의선,서강대,2338,2349,4687,-11,6,10,금
2022-06-10,경의선,홍대입구,1978,2436,4414,-458,6,10,금
2022-06-10,경의선,가좌,6252,5791,12043,461,6,10,금
2022-06-10,경의선,디지털미디어시티,3049,2795,5844,254,6,10,금
2022-06-10,경의선,수색,3097,3246,6343,-149,6,10,금
2022-06-10,경의선,화전,2679,2418,5097,261,6,10,금
2022-06-10,경의선,강매,3696,3118,6814,578,6,10,금
2022-06-10,경의선,행신,9316,9300,18616,16,6,10,금
2022-06-10,경의선,능곡,4400,3999,8399,401,6,10,금
2022-06-10,경의선,곡산,724,784,1508,-60,6,10,금
2022-06-10,경의선,백마,7773,7496,15269,277,6,10,금
2022-06-10,경의선,풍산,6325,6087,12412,238,6,10,금
2022-06-10,경의선,일산,10632,10562,21194,70,6,10,금
2022-06-10,경의선,탄현,8897,8229,17126,668,6,10,금
2022-06-10,경의선,야당,8957,9170,18127,-213,6,10,금
2022-06-10,경의선,운정,7713,7259,14972,454,6,10,금
2022-06-10,경의선,금릉,5717,5497,11214,220,6,10,금
2022-06-10,경의선,금촌,7272,7113,14385,159,6,10,금
2022-06-10,경의선,월롱,3695,2900,6595,795,6,10,금
2022-06-10,경의선,파주,1569,994,2563,575,6,10,금
2022-06-10,경의선,문산,5877,5701,11578,176,6,10,금
2022-06-10,경의선,임진강,16,21,37,-5,6,10,금
2022-06-10,경인선,개봉,23536,22833,46369,703,6,10,금
2022-06-10,경인선,오류동,13032,11721,24753,1311,6,10,금
2022-06-10,경인선,역곡,30961,30105,61066,856,6,10,금
2022-06-10,경인선,부천,35578,36154,71732,-576,6,10,금
2022-06-10,경인선,송내,30513,30330,60843,183,6,10,금
2022-06-10,경인선,부평,31694,35396,67090,-3702,6,10,금
2022-06-10,경인선,백운,7633,7411,15044,222,6,10,금
2022-06-10,경인선,동암,16866,16893,33759,-27,6,10,금
2022-06-10,경인선,주안,21663,19642,41305,2021,6,10,금
2022-06-10,경인선,제물포,12744,11941,24685,803,6,10,금
2022-06-10,경인선,동인천,15091,14381,29472,710,6,10,금
2022-06-10,경인선,인천,4046,3176,7222,870,6,10,금
2022-06-10,경인선,구일,7708,7319,15027,389,6,10,금
2022-06-10,경인선,소사,9635,9224,18859,411,6,10,금
2022-06-10,경인선,부개,9716,8927,18643,789,6,10,금
2022-06-10,경인선,간석,6595,6028,12623,567,6,10,금
2022-06-10,경인선,도원,3834,3876,7710,-42,6,10,금
2022-06-10,경인선,온수(성공회대입구),8135,7419,15554,716,6,10,금
2022-06-10,경인선,중동,10451,9643,20094,808,6,10,금
2022-06-10,경인선,도화,4821,4442,9263,379,6,10,금
2022-06-10,경춘선,신내,2470,2348,4818,122,6,10,금
2022-06-10,경춘선,갈매,3442,2858,6300,584,6,10,금
2022-06-10,경춘선,별내,3591,3342,6933,249,6,10,금
2022-06-10,경춘선,퇴계원,3931,3601,7532,330,6,10,금
2022-06-10,경춘선,사릉,2696,2622,5318,74,6,10,금
2022-06-10,경춘선,금곡,1717,1656,3373,61,6,10,금
2022-06-10,경춘선,평내호평,6946,6846,13792,100,6,10,금
2022-06-10,경춘선,천마산,1932,1803,3735,129,6,10,금
2022-06-10,경춘선,마석,4525,4392,8917,133,6,10,금
2022-06-10,경춘선,대성리,774,933,1707,-159,6,10,금
2022-06-10,경춘선,청평,1858,2066,3924,-208,6,10,금
2022-06-10,경춘선,상천,332,344,676,-12,6,10,금
2022-06-10,경춘선,가평,2098,2274,4372,-176,6,10,금
2022-06-10,경춘선,굴봉산,243,486,729,-243,6,10,금
2022-06-10,경춘선,백양리,107,150,257,-43,6,10,금
2022-06-10,경춘선,강촌,449,524,973,-75,6,10,금
2022-06-10,경춘선,김유정,369,445,814,-76,6,10,금
2022-06-10,경춘선,남춘천,3330,2961,6291,369,6,10,금
2022-06-10,경춘선,춘천,1793,1501,3294,292,6,10,금
2022-06-10,공항철도 1호선,서울역,10844,10227,21071,617,6,10,금
2022-06-10,공항철도 1호선,공덕,2660,3548,6208,-888,6,10,금
2022-06-10,공항철도 1호선,홍대입구,11188,11965,23153,-777,6,10,금
2022-06-10,공항철도 1호선,디지털미디어시티,15693,14578,30271,1115,6,10,금
2022-06-10,공항철도 1호선,마곡나루(서울식물원),10639,9869,20508,770,6,10,금
2022-06-10,공항철도 1호선,김포공항,14644,7861,22505,6783,6,10,금
2022-06-10,공항철도 1호선,계양,12122,11152,23274,970,6,10,금
2022-06-10,공항철도 1호선,검암,7385,7320,14705,65,6,10,금
2022-06-10,공항철도 1호선,청라국제도시,8260,7810,16070,450,6,10,금
2022-06-10,공항철도 1호선,운서,8165,7988,16153,177,6,10,금
2022-06-10,공항철도 1호선,공항화물청사,2417,2565,4982,-148,6,10,금
2022-06-10,공항철도 1호선,인천공항1터미널,6306,5852,12158,454,6,10,금
2022-06-10,공항철도 1호선,인천공항2터미널,3032,2771,5803,261,6,10,금
2022-06-10,공항철도 1호선,영종,3584,3677,7261,-93,6,10,금
2022-06-10,과천선,선바위,9421,8260,17681,1161,6,10,금
2022-06-10,과천선,경마공원,7639,7792,15431,-153,6,10,금
2022-06-10,과천선,대공원,5363,5405,10768,-42,6,10,금
2022-06-10,과천선,과천,7350,6695,14045,655,6,10,금
2022-06-10,과천선,정부과천청사,12068,11775,23843,293,6,10,금
2022-06-10,과천선,인덕원,27838,28344,56182,-506,6,10,금
2022-06-10,과천선,평촌,19877,19609,39486,268,6,10,금
2022-06-10,과천선,범계,29842,30203,60045,-361,6,10,금
2022-06-10,분당선,선릉,14815,22810,37625,-7995,6,10,금
2022-06-10,분당선,한티,16379,17407,33786,-1028,6,10,금
2022-06-10,분당선,도곡,8169,7926,16095,243,6,10,금
2022-06-10,분당선,구룡,2746,2517,5263,229,6,10,금
2022-06-10,분당선,개포동,4407,4460,8867,-53,6,10,금
2022-06-10,분당선,대모산입구,5148,4655,9803,493,6,10,금
2022-06-10,분당선,수서,16093,16851,32944,-758,6,10,금
2022-06-10,분당선,복정,1,0,1,1,6,10,금
2022-06-10,분당선,수원,9439,8323,17762,1116,6,10,금
2022-06-10,분당선,서울숲,12418,12846,25264,-428,6,10,금
2022-06-10,분당선,압구정로데오,21829,25666,47495,-3837,6,10,금
2022-06-10,분당선,강남구청,10996,12571,23567,-1575,6,10,금
2022-06-10,분당선,선정릉,8584,9115,17699,-531,6,10,금
2022-06-10,분당선,가천대,11894,11852,23746,42,6,10,금
2022-06-10,분당선,태평,14919,13980,28899,939,6,10,금
2022-06-10,분당선,모란,22500,22971,45471,-471,6,10,금
2022-06-10,분당선,야탑,29666,31032,60698,-1366,6,10,금
2022-06-10,분당선,서현,28095,28825,56920,-730,6,10,금
2022-06-10,분당선,수내,15139,15224,30363,-85,6,10,금
2022-06-10,분당선,정자,20527,21767,42294,-1240,6,10,금
2022-06-10,분당선,미금,17414,18485,35899,-1071,6,10,금
2022-06-10,분당선,오리,13219,10557,23776,2662,6,10,금
2022-06-10,분당선,이매,6848,6231,13079,617,6,10,금
2022-06-10,분당선,보정,3064,2637,5701,427,6,10,금
2022-06-10,분당선,죽전,15790,17129,32919,-1339,6,10,금
2022-06-10,분당선,구성,5800,6127,11927,-327,6,10,금
2022-06-10,분당선,신갈,5138,5117,10255,21,6,10,금
2022-06-10,분당선,기흥,11650,10990,22640,660,6,10,금
2022-06-10,분당선,상갈,6291,5913,12204,378,6,10,금
2022-06-10,분당선,청명,5243,4745,9988,498,6,10,금
2022-06-10,분당선,영통,9641,9920,19561,-279,6,10,금
2022-06-10,분당선,망포,17261,15782,33043,1479,6,10,금
2022-06-10,분당선,매탄권선,6098,5695,11793,403,6,10,금
2022-06-10,분당선,수원시청,15048,17932,32980,-2884,6,10,금
2022-06-10,분당선,매교,3496,3572,7068,-76,6,10,금
2022-06-10,수인선,고색,5538,5116,10654,422,6,10,금
2022-06-10,수인선,오목천,4620,3885,8505,735,6,10,금
2022-06-10,수인선,어천,992,925,1917,67,6,10,금
2022-06-10,수인선,야목,487,362,849,125,6,10,금
2022-06-10,수인선,사리,5650,4867,10517,783,6,10,금
2022-06-10,수인선,달월,122,101,223,21,6,10,금
2022-06-10,수인선,월곶,3129,2928,6057,201,6,10,금
2022-06-10,수인선,소래포구,6663,6215,12878,448,6,10,금
2022-06-10,수인선,인천논현,6247,6680,12927,-433,6,10,금
2022-06-10,수인선,호구포,4426,4746,9172,-320,6,10,금
2022-06-10,수인선,남동인더스파크,2306,2632,4938,-326,6,10,금
2022-06-10,수인선,원인재,5014,5170,10184,-156,6,10,금
2022-06-10,수인선,연수,5242,5300,10542,-58,6,10,금
2022-06-10,수인선,송도,2783,2516,5299,267,6,10,금
2022-06-10,수인선,인하대,7786,7232,15018,554,6,10,금
2022-06-10,수인선,숭의,4459,4084,8543,375,6,10,금
2022-06-10,수인선,신포,2080,2098,4178,-18,6,10,금
2022-06-10,수인선,인천,1213,1915,3128,-702,6,10,금
2022-06-10,신림선,샛강,2203,2890,5093,-687,6,10,금
2022-06-10,신림선,대방,1818,1383,3201,435,6,10,금
2022-06-10,신림선,서울지방병무청,2046,2217,4263,-171,6,10,금
2022-06-10,신림선,보라매,2590,2255,4845,335,6,10,금
2022-06-10,신림선,보라매공원,1599,1712,3311,-113,6,10,금
2022-06-10,신림선,보라매병원,5625,5626,11251,-1,6,10,금
2022-06-10,신림선,당곡,3383,3155,6538,228,6,10,금
2022-06-10,신림선,신림,1669,2261,3930,-592,6,10,금
2022-06-10,신림선,서원,2590,2223,4813,367,6,10,금
2022-06-10,신림선,서울대벤처타운,6117,6136,12253,-19,6,10,금
2022-06-10,신림선,관악산(서울대),3171,3095,6266,76,6,10,금
2022-06-10,안산선,산본,18085,19718,37803,-1633,6,10,금
2022-06-10,안산선,대야미,5854,5049,10903,805,6,10,금
2022-06-10,안산선,반월,5036,4742,9778,294,6,10,금
2022-06-10,안산선,한대앞,11290,11215,22505,75,6,10,금
2022-06-10,안산선,중앙,20043,21735,41778,-1692,6,10,금
2022-06-10,안산선,고잔,10059,9797,19856,262,6,10,금
2022-06-10,안산선,초지,5660,5850,11510,-190,6,10,금
2022-06-10,안산선,안산,12755,11746,24501,1009,6,10,금
2022-06-10,장항선,쌍용(나사렛대),3061,2621,5682,440,6,10,금
2022-06-10,장항선,탕정,1022,877,1899,145,6,10,금
2022-06-10,장항선,배방,1445,1336,2781,109,6,10,금
2022-06-10,장항선,온양온천,4526,4659,9185,-133,6,10,금
2022-06-10,장항선,신창(순천향대),3363,2445,5808,918,6,10,금
2022-06-10,중앙선,회기,27140,25701,52841,1439,6,10,금
2022-06-10,중앙선,중랑,6330,5852,12182,478,6,10,금
2022-06-10,중앙선,상봉(시외버스터미널),6566,6352,12918,214,6,10,금
2022-06-10,중앙선,망우,8637,8440,17077,197,6,10,금
2022-06-10,중앙선,양원,3582,3296,6878,286,6,10,금
2022-06-10,중앙선,구리,15168,15357,30525,-189,6,10,금
2022-06-10,중앙선,도농,12252,11126,23378,1126,6,10,금
2022-06-10,중앙선,양정,820,734,1554,86,6,10,금
2022-06-10,중앙선,덕소,6154,6188,12342,-34,6,10,금
2022-06-10,중앙선,도심,2778,2215,4993,563,6,10,금
2022-06-10,중앙선,팔당,1044,1071,2115,-27,6,10,금
2022-06-10,중앙선,운길산,1086,1077,2163,9,6,10,금
2022-06-10,중앙선,양수,2207,2273,4480,-66,6,10,금
2022-06-10,중앙선,신원,246,214,460,32,6,10,금
2022-06-10,중앙선,국수,868,883,1751,-15,6,10,금
2022-06-10,중앙선,아신,677,671,1348,6,6,10,금
2022-06-10,중앙선,오빈,360,360,720,0,6,10,금
2022-06-10,중앙선,양평,3283,3379,6662,-96,6,10,금
2022-06-10,중앙선,원덕,438,465,903,-27,6,10,금
2022-06-10,중앙선,용문,3748,3897,7645,-149,6,10,금
2022-06-10,중앙선,지평,87,102,189,-15,6,10,금
2022-06-11,9호선,동작(현충원),2340,2045,4385,295,6,11,토
2022-06-11,2호선,을지로입구,23467,23744,47211,-277,6,11,토
2022-06-11,2호선,을지로3가,12620,13283,25903,-663,6,11,토
2022-06-11,2호선,을지로4가,8317,8834,17151,-517,6,11,토
2022-06-11,2호선,동대문역사문화공원(DDP),11161,12750,23911,-1589,6,11,토
2022-06-11,2호선,신당,11784,12356,24140,-572,6,11,토
2022-06-11,2호선,상왕십리,10787,10046,20833,741,6,11,토
2022-06-11,2호선,왕십리(성동구청),14240,12486,26726,1754,6,11,토
2022-06-11,2호선,한양대,5754,6130,11884,-376,6,11,토
2022-06-11,2호선,뚝섬,17170,17489,34659,-319,6,11,토
2022-06-11,2호선,성수,21607,25445,47052,-3838,6,11,토
2022-06-11,2호선,건대입구,35419,39984,75403,-4565,6,11,토
2022-06-11,2호선,구의(광진구청),17867,16834,34701,1033,6,11,토
2022-06-11,2호선,강변(동서울터미널),30657,30089,60746,568,6,11,토
2022-06-11,2호선,잠실나루,8565,8257,16822,308,6,11,토
2022-06-11,2호선,잠실(송파구청),69625,65264,134889,4361,6,11,토
2022-06-11,2호선,잠실새내,18942,19546,38488,-604,6,11,토
2022-06-11,2호선,종합운동장,13078,15654,28732,-2576,6,11,토
2022-06-11,2호선,삼성(무역센터),30126,30420,60546,-294,6,11,토
2022-06-11,2호선,선릉,26821,23676,50497,3145,6,11,토
2022-06-11,2호선,역삼,19846,21963,41809,-2117,6,11,토
2022-06-11,2호선,강남,60929,61682,122611,-753,6,11,토
2022-06-11,2호선,교대(법원.검찰청),18932,21488,40420,-2556,6,11,토
2022-06-11,2호선,서초,12784,10777,23561,2007,6,11,토
2022-06-11,2호선,방배,11597,11795,23392,-198,6,11,토
2022-06-11,2호선,사당,37734,41977,79711,-4243,6,11,토
2022-06-11,1호선,서울역,38309,38500,76809,-191,6,11,토
2022-06-11,2호선,낙성대(강감찬),23007,20720,43727,2287,6,11,토
2022-06-11,2호선,서울대입구(관악구청),39275,37850,77125,1425,6,11,토
2022-06-11,2호선,봉천,19199,17008,36207,2191,6,11,토
2022-06-11,2호선,신림,52030,49479,101509,2551,6,11,토
2022-06-11,2호선,신대방,21557,20308,41865,1249,6,11,토
2022-06-11,2호선,구로디지털단지,37145,35842,72987,1303,6,11,토
2022-06-11,2호선,대림(구로구청),19508,20353,39861,-845,6,11,토
2022-06-11,2호선,신도림,45055,45877,90932,-822,6,11,토
2022-06-11,2호선,문래,14356,15507,29863,-1151,6,11,토
2022-06-11,2호선,영등포구청,14211,15195,29406,-984,6,11,토
2022-06-11,2호선,당산,14293,15242,29535,-949,6,11,토
2022-06-11,2호선,합정,30629,34630,65259,-4001,6,11,토
2022-06-11,2호선,홍대입구,67214,76521,143735,-9307,6,11,토
2022-06-11,2호선,신촌,31316,32453,63769,-1137,6,11,토
2022-06-11,2호선,이대,10949,11313,22262,-364,6,11,토
2022-06-11,2호선,아현,8369,7646,16015,723,6,11,토
2022-06-11,2호선,충정로(경기대입구),5986,6391,12377,-405,6,11,토
2022-06-11,2호선,용답,2245,2074,4319,171,6,11,토
2022-06-11,2호선,신답,1158,1177,2335,-19,6,11,토
2022-06-11,2호선,신설동,3681,3546,7227,135,6,11,토
2022-06-11,2호선,도림천,887,911,1798,-24,6,11,토
2022-06-11,2호선,양천구청,5177,5033,10210,144,6,11,토
2022-06-11,2호선,신정네거리,8375,8237,16612,138,6,11,토
2022-06-11,2호선,용두(동대문구청),1895,1778,3673,117,6,11,토
2022-06-11,3호선,지축,4048,3633,7681,415,6,11,토
2022-06-11,3호선,구파발,17209,17272,34481,-63,6,11,토
2022-06-11,3호선,연신내,31709,29478,61187,2231,6,11,토
2022-06-11,3호선,불광,14302,15948,30250,-1646,6,11,토
2022-06-11,3호선,녹번,11481,9750,21231,1731,6,11,토
2022-06-11,3호선,홍제,14661,13344,28005,1317,6,11,토
2022-06-11,3호선,무악재,2872,3044,5916,-172,6,11,토
2022-06-11,3호선,독립문,6801,7452,14253,-651,6,11,토
2022-06-11,3호선,경복궁(정부서울청사),23779,27254,51033,-3475,6,11,토
2022-06-11,3호선,안국,19015,21089,40104,-2074,6,11,토
2022-06-11,3호선,종로3가,6683,10173,16856,-3490,6,11,토
2022-06-11,3호선,을지로3가,5987,6637,12624,-650,6,11,토
2022-06-11,3호선,충무로,1,0,1,1,6,11,토
2022-06-11,3호선,동대입구,8359,9630,17989,-1271,6,11,토
2022-06-11,3호선,약수,10023,9559,19582,464,6,11,토
2022-06-11,3호선,옥수,7932,7876,15808,56,6,11,토
2022-06-11,3호선,압구정,26736,28391,55127,-1655,6,11,토
2022-06-11,3호선,신사,25507,27060,52567,-1553,6,11,토
2022-06-11,3호선,잠원,3960,3721,7681,239,6,11,토
2022-06-11,3호선,고속터미널,54181,53853,108034,328,6,11,토
2022-06-11,3호선,교대(법원.검찰청),8118,4916,13034,3202,6,11,토
2022-06-11,3호선,남부터미널(예술의전당),22910,22363,45273,547,6,11,토
2022-06-11,3호선,양재(서초구청),23129,25245,48374,-2116,6,11,토
2022-06-11,3호선,매봉,7081,6833,13914,248,6,11,토
2022-06-11,3호선,도곡,3905,4022,7927,-117,6,11,토
2022-06-11,3호선,대치,9901,8930,18831,971,6,11,토
2022-06-11,3호선,학여울,1986,2070,4056,-84,6,11,토
2022-06-11,3호선,대청,6606,5992,12598,614,6,11,토
2022-06-11,3호선,일원,5709,5431,11140,278,6,11,토
2022-06-11,3호선,수서,15300,14985,30285,315,6,11,토
2022-06-11,3호선,가락시장,7018,6517,13535,501,6,11,토
2022-06-11,3호선,경찰병원,4455,4171,8626,284,6,11,토
2022-06-11,3호선,오금,4174,3876,8050,298,6,11,토
2022-06-11,4호선,당고개,8095,7368,15463,727,6,11,토
2022-06-11,4호선,상계,15725,14313,30038,1412,6,11,토
2022-06-11,4호선,노원,17117,19099,36216,-1982,6,11,토
2022-06-11,4호선,창동,21673,22552,44225,-879,6,11,토
2022-06-11,4호선,쌍문,23542,20498,44040,3044,6,11,토
2022-06-11,4호선,수유(강북구청),28578,27871,56449,707,6,11,토
2022-06-11,4호선,미아(서울사이버대학),11936,10927,22863,1009,6,11,토
2022-06-11,4호선,미아사거리,23686,22090,45776,1596,6,11,토
2022-06-11,4호선,길음,16694,15147,31841,1547,6,11,토
2022-06-11,4호선,성신여대입구(돈암),17685,16760,34445,925,6,11,토
2022-06-11,4호선,한성대입구(삼선교),11766,11480,23246,286,6,11,토
2022-06-11,4호선,혜화,30227,31922,62149,-1695,6,11,토
2022-06-11,4호선,동대문,15189,15314,30503,-125,6,11,토
2022-06-11,4호선,동대문역사문화공원(DDP),12338,10766,23104,1572,6,11,토
2022-06-11,4호선,충무로,15719,17862,33581,-2143,6,11,토
2022-06-11,4호선,명동,17338,19919,37257,-2581,6,11,토
2022-06-11,4호선,회현(남대문시장),19856,21338,41194,-1482,6,11,토
2022-06-11,4호선,서울역,6384,16042,22426,-9658,6,11,토
2022-06-11,4호선,숙대입구(갈월),10459,9998,20457,461,6,11,토
2022-06-11,4호선,삼각지,4808,6301,11109,-1493,6,11,토
2022-06-11,4호선,신용산,12627,14197,26824,-1570,6,11,토
2022-06-11,4호선,이촌(국립중앙박물관),9595,10096,19691,-501,6,11,토
2022-06-11,4호선,동작(현충원),1705,1856,3561,-151,6,11,토
2022-06-11,4호선,총신대입구(이수),16084,17327,33411,-1243,6,11,토
2022-06-11,4호선,사당,24773,22516,47289,2257,6,11,토
2022-06-11,4호선,남태령,1413,867,2280,546,6,11,토
2022-06-11,5호선,방화,5240,4837,10077,403,6,11,토
2022-06-11,5호선,개화산,4183,4108,8291,75,6,11,토
2022-06-11,5호선,김포공항,8131,8322,16453,-191,6,11,토
2022-06-11,5호선,송정,5551,5103,10654,448,6,11,토
2022-06-11,5호선,마곡,6083,6232,12315,-149,6,11,토
2022-06-11,5호선,발산,14945,16497,31442,-1552,6,11,토
2022-06-11,5호선,우장산,10815,10489,21304,326,6,11,토
2022-06-11,5호선,화곡,22184,19900,42084,2284,6,11,토
2022-06-11,5호선,까치산,23094,21180,44274,1914,6,11,토
2022-06-11,5호선,신정(은행정),10020,8264,18284,1756,6,11,토
2022-06-11,5호선,목동,12844,12761,25605,83,6,11,토
2022-06-11,5호선,오목교(목동운동장앞),17095,17594,34689,-499,6,11,토
2022-06-11,5호선,양평,4069,3681,7750,388,6,11,토
2022-06-11,5호선,영등포구청,2314,2191,4505,123,6,11,토
2022-06-11,5호선,영등포시장,9372,9895,19267,-523,6,11,토
2022-06-11,5호선,신길,2972,3074,6046,-102,6,11,토
2022-06-11,5호선,여의도,12109,13668,25777,-1559,6,11,토
2022-06-11,5호선,여의나루,14059,15084,29143,-1025,6,11,토
2022-06-11,5호선,마포,8193,8341,16534,-148,6,11,토
2022-06-11,5호선,공덕,7953,8164,16117,-211,6,11,토
2022-06-11,5호선,애오개,4221,4006,8227,215,6,11,토
2022-06-11,5호선,충정로(경기대입구),2184,1995,4179,189,6,11,토
2022-06-11,5호선,서대문,8220,8008,16228,212,6,11,토
2022-06-11,5호선,광화문(세종문화회관),18638,20309,38947,-1671,6,11,토
2022-06-11,5호선,종로3가,14334,15009,29343,-675,6,11,토
2022-06-11,5호선,을지로4가,3853,4449,8302,-596,6,11,토
2022-06-11,5호선,동대문역사문화공원(DDP),1008,1320,2328,-312,6,11,토
2022-06-11,5호선,청구,2714,2384,5098,330,6,11,토
2022-06-11,5호선,신금호,4553,4569,9122,-16,6,11,토
2022-06-11,5호선,행당,6173,5211,11384,962,6,11,토
2022-06-11,5호선,왕십리(성동구청),3878,4750,8628,-872,6,11,토
2022-06-11,5호선,마장,4130,3867,7997,263,6,11,토
2022-06-11,5호선,답십리,11130,9775,20905,1355,6,11,토
2022-06-11,5호선,장한평,12283,12008,24291,275,6,11,토
2022-06-11,5호선,군자(능동),9177,10166,19343,-989,6,11,토
2022-06-11,1호선,종각,22685,21639,44324,1046,6,11,토
2022-06-11,5호선,아차산(어린이대공원후문),14042,13012,27054,1030,6,11,토
2022-06-11,5호선,광나루(장신대),12082,11186,23268,896,6,11,토
2022-06-11,5호선,천호(풍납토성),18607,17932,36539,675,6,11,토
2022-06-11,5호선,강동,13980,13097,27077,883,6,11,토
2022-06-11,5호선,길동,6522,6574,13096,-52,6,11,토
2022-06-11,5호선,굽은다리(강동구민회관앞),7718,7261,14979,457,6,11,토
2022-06-11,5호선,명일,6725,6527,13252,198,6,11,토
2022-06-11,5호선,고덕,7049,6966,14015,83,6,11,토
2022-06-11,5호선,상일동,10460,9343,19803,1117,6,11,토
2022-06-11,5호선,둔촌동,6435,6432,12867,3,6,11,토
2022-06-11,5호선,올림픽공원(한국체대),5245,5706,10951,-461,6,11,토
2022-06-11,5호선,방이,5924,5689,11613,235,6,11,토
2022-06-11,5호선,오금,2159,2154,4313,5,6,11,토
2022-06-11,5호선,개롱,4709,4786,9495,-77,6,11,토
2022-06-11,5호선,거여,7130,6628,13758,502,6,11,토
2022-06-11,5호선,마천,5467,5425,10892,42,6,11,토
2022-06-11,5호선,강일,3681,3323,7004,358,6,11,토
2022-06-11,5호선,미사,13491,13577,27068,-86,6,11,토
2022-06-11,5호선,하남풍산,3076,3077,6153,-1,6,11,토
2022-06-11,5호선,하남시청(덕풍·신장),6603,6235,12838,368,6,11,토
2022-06-11,5호선,하남검단산,6021,5853,11874,168,6,11,토
2022-06-11,6호선,응암,13960,13183,27143,777,6,11,토
2022-06-11,6호선,역촌,2883,3220,6103,-337,6,11,토
2022-06-11,6호선,불광,4257,3710,7967,547,6,11,토
2022-06-11,6호선,독바위,2269,2506,4775,-237,6,11,토
2022-06-11,6호선,연신내,1,0,1,1,6,11,토
2022-06-11,6호선,구산,5990,4303,10293,1687,6,11,토
2022-06-11,6호선,새절(신사),9655,8870,18525,785,6,11,토
2022-06-11,6호선,증산(명지대앞),7910,7651,15561,259,6,11,토
2022-06-11,6호선,디지털미디어시티,8373,8385,16758,-12,6,11,토
2022-06-11,6호선,월드컵경기장(성산),5200,5456,10656,-256,6,11,토
2022-06-11,6호선,마포구청,10078,8596,18674,1482,6,11,토
2022-06-11,6호선,망원,13186,14622,27808,-1436,6,11,토
2022-06-11,6호선,합정,13692,13198,26890,494,6,11,토
2022-06-11,6호선,상수,9104,11660,20764,-2556,6,11,토
2022-06-11,6호선,광흥창(서강),5788,5261,11049,527,6,11,토
2022-06-11,6호선,대흥(서강대앞),6287,6213,12500,74,6,11,토
2022-06-11,6호선,공덕,11019,10333,21352,686,6,11,토
2022-06-11,6호선,효창공원앞,5375,4723,10098,652,6,11,토
2022-06-11,6호선,삼각지,7267,5394,12661,1873,6,11,토
2022-06-11,6호선,녹사평(용산구청),5817,6436,12253,-619,6,11,토
2022-06-11,6호선,이태원,15225,20234,35459,-5009,6,11,토
2022-06-11,6호선,한강진,9376,12225,21601,-2849,6,11,토
2022-06-11,6호선,버티고개,1638,1727,3365,-89,6,11,토
2022-06-11,6호선,약수,2806,2862,5668,-56,6,11,토
2022-06-11,6호선,청구,2514,2505,5019,9,6,11,토
2022-06-11,6호선,신당,6545,6106,12651,439,6,11,토
2022-06-11,6호선,동묘앞,8158,8113,16271,45,6,11,토
2022-06-11,6호선,창신,2257,1899,4156,358,6,11,토
2022-06-11,6호선,보문,5641,4873,10514,768,6,11,토
2022-06-11,6호선,안암(고대병원앞),6564,6291,12855,273,6,11,토
2022-06-11,6호선,고려대(종암),5827,5513,11340,314,6,11,토
2022-06-11,6호선,월곡(동덕여대),7912,7348,15260,564,6,11,토
2022-06-11,6호선,상월곡(한국과학기술연구원),4543,3829,8372,714,6,11,토
2022-06-11,6호선,돌곶이,6839,6111,12950,728,6,11,토
2022-06-11,6호선,석계,9403,9208,18611,195,6,11,토
2022-06-11,6호선,태릉입구,4691,5010,9701,-319,6,11,토
2022-06-11,6호선,화랑대(서울여대입구),7960,6193,14153,1767,6,11,토
2022-06-11,6호선,봉화산(서울의료원),5928,5602,11530,326,6,11,토
2022-06-11,7호선,장암,2017,1413,3430,604,6,11,토
2022-06-11,7호선,도봉산,7363,9783,17146,-2420,6,11,토
2022-06-11,7호선,수락산,11096,10696,21792,400,6,11,토
2022-06-11,7호선,마들,9947,9170,19117,777,6,11,토
2022-06-11,7호선,노원,16935,18064,34999,-1129,6,11,토
2022-06-11,7호선,중계,9994,8684,18678,1310,6,11,토
2022-06-11,7호선,하계,13264,12152,25416,1112,6,11,토
2022-06-11,7호선,공릉(서울과학기술대),9309,8799,18108,510,6,11,토
2022-06-11,7호선,태릉입구,7302,6695,13997,607,6,11,토
2022-06-11,7호선,먹골,8219,7591,15810,628,6,11,토
2022-06-11,7호선,중화,8169,7699,15868,470,6,11,토
2022-06-11,7호선,상봉(시외버스터미널),14582,13660,28242,922,6,11,토
2022-06-11,7호선,면목,11873,11029,22902,844,6,11,토
2022-06-11,7호선,사가정,13082,12335,25417,747,6,11,토
2022-06-11,7호선,용마산(용마폭포공원),4710,4804,9514,-94,6,11,토
2022-06-11,7호선,중곡,7550,6871,14421,679,6,11,토
2022-06-11,7호선,군자(능동),11646,8759,20405,2887,6,11,토
2022-06-11,7호선,어린이대공원(세종대),12118,12101,24219,17,6,11,토
2022-06-11,7호선,건대입구,11963,12663,24626,-700,6,11,토
2022-06-11,7호선,뚝섬유원지,11365,10423,21788,942,6,11,토
2022-06-11,7호선,청담,11999,13123,25122,-1124,6,11,토
2022-06-11,7호선,강남구청,11006,12349,23355,-1343,6,11,토
2022-06-11,7호선,학동,11662,12319,23981,-657,6,11,토
2022-06-11,7호선,논현,10992,11831,22823,-839,6,11,토
2022-06-11,7호선,반포,5017,4818,9835,199,6,11,토
2022-06-11,7호선,고속터미널,16238,12941,29179,3297,6,11,토
2022-06-11,7호선,내방,8644,8600,17244,44,6,11,토
2022-06-11,7호선,이수,13788,12983,26771,805,6,11,토
2022-06-11,7호선,남성,8509,7570,16079,939,6,11,토
2022-06-11,7호선,숭실대입구(살피재),10299,9720,20019,579,6,11,토
2022-06-11,7호선,상도,8331,7641,15972,690,6,11,토
2022-06-11,7호선,장승배기,7070,6544,13614,526,6,11,토
2022-06-11,7호선,신대방삼거리,11661,10711,22372,950,6,11,토
2022-06-11,7호선,보라매,6150,5891,12041,259,6,11,토
2022-06-11,7호선,신풍,8946,8547,17493,399,6,11,토
2022-06-11,7호선,대림(구로구청),7631,8507,16138,-876,6,11,토
2022-06-11,7호선,남구로,8670,9046,17716,-376,6,11,토
2022-06-11,7호선,가산디지털단지,15913,14289,30202,1624,6,11,토
2022-06-11,7호선,철산,16910,16991,33901,-81,6,11,토
2022-06-11,7호선,광명사거리,18451,18179,36630,272,6,11,토
2022-06-11,7호선,천왕,7638,7044,14682,594,6,11,토
2022-06-11,7호선,온수(성공회대입구),6156,6132,12288,24,6,11,토
2022-06-11,8호선,암사,13431,12085,25516,1346,6,11,토
2022-06-11,8호선,천호(풍납토성),12786,14853,27639,-2067,6,11,토
2022-06-11,8호선,강동구청,6717,6513,13230,204,6,11,토
2022-06-11,8호선,몽촌토성(평화의문),5204,5744,10948,-540,6,11,토
2022-06-11,8호선,잠실(송파구청),13859,16741,30600,-2882,6,11,토
2022-06-11,8호선,석촌,6321,7551,13872,-1230,6,11,토
2022-06-11,8호선,송파,6412,5906,12318,506,6,11,토
2022-06-11,8호선,가락시장,5887,6295,12182,-408,6,11,토
2022-06-11,8호선,문정,9771,9821,19592,-50,6,11,토
2022-06-11,8호선,장지,12947,11784,24731,1163,6,11,토
2022-06-11,8호선,복정,6898,5658,12556,1240,6,11,토
2022-06-11,8호선,산성,4684,4770,9454,-86,6,11,토
2022-06-11,8호선,남한산성입구(성남법원.검찰청),10252,8929,19181,1323,6,11,토
2022-06-11,8호선,단대오거리,8314,7719,16033,595,6,11,토
2022-06-11,8호선,신흥,3730,4045,7775,-315,6,11,토
2022-06-11,8호선,수진,4768,4272,9040,496,6,11,토
2022-06-11,8호선,모란,4186,3747,7933,439,6,11,토
2022-06-11,8호선,남위례,4041,4229,8270,-188,6,11,토
2022-06-11,9호선,개화,1547,1348,2895,199,6,11,토
2022-06-11,9호선,김포공항,8350,12329,20679,-3979,6,11,토
2022-06-11,9호선,공항시장,2440,2509,4949,-69,6,11,토
2022-06-11,9호선,신방화,5217,4820,10037,397,6,11,토
2022-06-11,9호선,마곡나루(서울식물원),9151,9025,18176,126,6,11,토
2022-06-11,9호선,양천향교,6604,6096,12700,508,6,11,토
2022-06-11,9호선,가양,15304,14463,29767,841,6,11,토
2022-06-11,9호선,증미,4391,4113,8504,278,6,11,토
2022-06-11,9호선,등촌,7971,7433,15404,538,6,11,토
2022-06-11,9호선,염창,13065,11796,24861,1269,6,11,토
2022-06-11,9호선,신목동,2823,2282,5105,541,6,11,토
2022-06-11,9호선,선유도,4558,4089,8647,469,6,11,토
2022-06-11,9호선,당산,14279,13425,27704,854,6,11,토
2022-06-11,9호선,국회의사당,5166,5410,10576,-244,6,11,토
2022-06-11,9호선,여의도,13698,13361,27059,337,6,11,토
2022-06-11,9호선,샛강,3178,3019,6197,159,6,11,토
2022-06-11,9호선,노량진,22187,21592,43779,595,6,11,토
2022-06-11,9호선,노들,3810,3256,7066,554,6,11,토
2022-06-11,9호선,흑석(중앙대입구),6355,6338,12693,17,6,11,토
2022-06-11,9호선,구반포,1051,1131,2182,-80,6,11,토
2022-06-11,9호선,신반포,3526,3449,6975,77,6,11,토
2022-06-11,9호선,고속터미널,15186,21091,36277,-5905,6,11,토
2022-06-11,9호선,사평,2598,2326,4924,272,6,11,토
2022-06-11,9호선,신논현,26076,26649,52725,-573,6,11,토
2022-06-11,9호선2~3단계,언주,6568,6652,13220,-84,6,11,토
2022-06-11,9호선2~3단계,선정릉,5199,5778,10977,-579,6,11,토
2022-06-11,9호선2~3단계,삼성중앙,3389,3588,6977,-199,6,11,토
2022-06-11,9호선2~3단계,봉은사,12667,13405,26072,-738,6,11,토
2022-06-11,9호선2~3단계,종합운동장,3675,3359,7034,316,6,11,토
2022-06-11,9호선2~3단계,삼전,5511,4941,10452,570,6,11,토
2022-06-11,9호선2~3단계,석촌고분,4724,4303,9027,421,6,11,토
2022-06-11,9호선2~3단계,석촌,7649,6226,13875,1423,6,11,토
2022-06-11,9호선2~3단계,송파나루,4363,4893,9256,-530,6,11,토
2022-06-11,9호선2~3단계,한성백제,2582,2675,5257,-93,6,11,토
2022-06-11,9호선2~3단계,올림픽공원(한국체대),13002,12236,25238,766,6,11,토
2022-06-11,9호선2~3단계,둔촌오륜,687,703,1390,-16,6,11,토
2022-06-11,9호선2~3단계,중앙보훈병원,5517,5102,10619,415,6,11,토
2022-06-11,경강선,판교,3611,3394,7005,217,6,11,토
2022-06-11,경강선,이매,1029,755,1784,274,6,11,토
2022-06-11,경강선,삼동,1765,1568,3333,197,6,11,토
2022-06-11,경강선,경기광주,6342,5977,12319,365,6,11,토
2022-06-11,경강선,초월,2675,2359,5034,316,6,11,토
2022-06-11,경강선,곤지암,2194,2366,4560,-172,6,11,토
2022-06-11,경강선,신둔도예촌,1398,1361,2759,37,6,11,토
2022-06-11,경강선,이천,3187,3220,6407,-33,6,11,토
2022-06-11,경강선,부발,2264,1947,4211,317,6,11,토
2022-06-11,경강선,세종대왕릉,393,416,809,-23,6,11,토
2022-06-11,경강선,여주,2841,3283,6124,-442,6,11,토
2022-06-11,경부선,서울역,9337,2367,11704,6970,6,11,토
2022-06-11,경부선,남영,6624,6791,13415,-167,6,11,토
2022-06-11,경부선,용산,39945,43280,83225,-3335,6,11,토
2022-06-11,경부선,노량진,9074,8195,17269,879,6,11,토
2022-06-11,경부선,대방,7900,8515,16415,-615,6,11,토
2022-06-11,경부선,영등포,45187,47908,93095,-2721,6,11,토
2022-06-11,경부선,신도림,3738,3660,7398,78,6,11,토
2022-06-11,경부선,신길,6685,5680,12365,1005,6,11,토
2022-06-11,경부선,구로,14465,15223,29688,-758,6,11,토
2022-06-11,경부선,가산디지털단지,7147,9215,16362,-2068,6,11,토
2022-06-11,경부선,금천구청,9651,9319,18970,332,6,11,토
2022-06-11,경부선,석수,7757,7128,14885,629,6,11,토
2022-06-11,경부선,관악,7056,6866,13922,190,6,11,토
2022-06-11,경부선,안양,20042,19831,39873,211,6,11,토
2022-06-11,경부선,명학,5164,4771,9935,393,6,11,토
2022-06-11,경부선,금정,21692,21289,42981,403,6,11,토
2022-06-11,경부선,군포,4767,4258,9025,509,6,11,토
2022-06-11,경부선,의왕,6723,6402,13125,321,6,11,토
2022-06-11,경부선,성균관대,11566,11333,22899,233,6,11,토
2022-06-11,경부선,화서,6793,6443,13236,350,6,11,토
2022-06-11,경부선,수원,41344,45076,86420,-3732,6,11,토
2022-06-11,경부선,독산,10005,9603,19608,402,6,11,토
2022-06-11,경부선,세류,3008,2915,5923,93,6,11,토
2022-06-11,경부선,병점,13913,13469,27382,444,6,11,토
2022-06-11,경부선,세마,2533,2270,4803,263,6,11,토
2022-06-11,경부선,오산대,3516,3071,6587,445,6,11,토
2022-06-11,경부선,오산,10575,9566,20141,1009,6,11,토
2022-06-11,경부선,진위,1252,1036,2288,216,6,11,토
2022-06-11,경부선,송탄,5398,4767,10165,631,6,11,토
2022-06-11,경부선,서정리,7812,6300,14112,1512,6,11,토
2022-06-11,경부선,평택지제,3730,3372,7102,358,6,11,토
2022-06-11,경부선,평택,14800,14447,29247,353,6,11,토
2022-06-11,경부선,성환,3550,3248,6798,302,6,11,토
2022-06-11,경부선,직산,865,810,1675,55,6,11,토
2022-06-11,경부선,두정,6055,6188,12243,-133,6,11,토
2022-06-11,경부선,천안,7640,7929,15569,-289,6,11,토
2022-06-11,경부선,당정,4658,4294,8952,364,6,11,토
2022-06-11,경부선,서동탄,1114,1170,2284,-56,6,11,토
2022-06-11,경부선,광명,3103,2793,5896,310,6,11,토
2022-06-11,경원선,이촌(국립중앙박물관),3486,2640,6126,846,6,11,토
2022-06-11,경원선,서빙고,1833,1786,3619,47,6,11,토
2022-06-11,경원선,한남,3113,3135,6248,-22,6,11,토
2022-06-11,경원선,옥수,38,31,69,7,6,11,토
2022-06-11,경원선,응봉,1719,1493,3212,226,6,11,토
2022-06-11,경원선,왕십리(성동구청),13852,15583,29435,-1731,6,11,토
2022-06-11,경원선,청량리(서울시립대입구),18044,18907,36951,-863,6,11,토
2022-06-11,경원선,외대앞,6620,6173,12793,447,6,11,토
2022-06-11,경원선,신이문,6763,5992,12755,771,6,11,토
2022-06-11,경원선,석계,7401,7763,15164,-362,6,11,토
2022-06-11,경원선,광운대,6065,5882,11947,183,6,11,토
2022-06-11,경원선,월계,5411,4806,10217,605,6,11,토
2022-06-11,경원선,녹천,3514,2912,6426,602,6,11,토
2022-06-11,경원선,창동,1,0,1,1,6,11,토
2022-06-11,경원선,방학,8606,8278,16884,328,6,11,토
2022-06-11,경원선,도봉,5039,4850,9889,189,6,11,토
2022-06-11,경원선,도봉산,10026,6998,17024,3028,6,11,토
2022-06-11,경원선,망월사,6327,6369,12696,-42,6,11,토
2022-06-11,경원선,회룡,11213,10856,22069,357,6,11,토
2022-06-11,경원선,의정부,19526,21107,40633,-1581,6,11,토
2022-06-11,경원선,가능,5825,5461,11286,364,6,11,토
2022-06-11,경원선,녹양,4049,3848,7897,201,6,11,토
2022-06-11,경원선,양주,7461,6901,14362,560,6,11,토
2022-06-11,경원선,덕계,2953,2632,5585,321,6,11,토
2022-06-11,경원선,덕정,5307,4760,10067,547,6,11,토
2022-06-11,경원선,지행,6768,6513,13281,255,6,11,토
2022-06-11,경원선,동두천중앙,3018,3076,6094,-58,6,11,토
2022-06-11,경원선,보산,1995,1819,3814,176,6,11,토
2022-06-11,경원선,동두천,1930,2376,4306,-446,6,11,토
2022-06-11,경원선,소요산,5085,4346,9431,739,6,11,토
2022-06-11,경의선,서울역,1586,1804,3390,-218,6,11,토
2022-06-11,경의선,신촌,409,442,851,-33,6,11,토
2022-06-11,경의선,효창공원앞,1950,2130,4080,-180,6,11,토
2022-06-11,경의선,공덕,3288,2541,5829,747,6,11,토
2022-06-11,경의선,서강대,1993,1822,3815,171,6,11,토
2022-06-11,경의선,홍대입구,2134,2752,4886,-618,6,11,토
2022-06-11,경의선,가좌,4337,4023,8360,314,6,11,토
2022-06-11,경의선,디지털미디어시티,2256,2075,4331,181,6,11,토
2022-06-11,경의선,수색,1932,1791,3723,141,6,11,토
2022-06-11,경의선,화전,1341,1220,2561,121,6,11,토
2022-06-11,경의선,강매,2336,2122,4458,214,6,11,토
2022-06-11,경의선,행신,6198,6394,12592,-196,6,11,토
2022-06-11,경의선,능곡,3225,3088,6313,137,6,11,토
2022-06-11,경의선,곡산,481,478,959,3,6,11,토
2022-06-11,경의선,백마,5171,4811,9982,360,6,11,토
2022-06-11,경의선,풍산,4931,4529,9460,402,6,11,토
2022-06-11,경의선,일산,7218,6673,13891,545,6,11,토
2022-06-11,경의선,탄현,6075,5694,11769,381,6,11,토
2022-06-11,경의선,야당,7226,7392,14618,-166,6,11,토
2022-06-11,경의선,운정,5806,5067,10873,739,6,11,토
2022-06-11,경의선,금릉,4344,4301,8645,43,6,11,토
2022-06-11,경의선,금촌,6837,6609,13446,228,6,11,토
2022-06-11,경의선,월롱,2195,1699,3894,496,6,11,토
2022-06-11,경의선,파주,1116,774,1890,342,6,11,토
2022-06-11,경의선,문산,5888,5306,11194,582,6,11,토
2022-06-11,경의선,임진강,107,82,189,25,6,11,토
2022-06-11,경인선,개봉,18057,17446,35503,611,6,11,토
2022-06-11,경인선,오류동,9835,8946,18781,889,6,11,토
2022-06-11,경인선,역곡,22111,21354,43465,757,6,11,토
2022-06-11,경인선,부천,31694,32791,64485,-1097,6,11,토
2022-06-11,경인선,송내,21063,20319,41382,744,6,11,토
2022-06-11,경인선,부평,31022,34626,65648,-3604,6,11,토
2022-06-11,경인선,백운,6117,6040,12157,77,6,11,토
2022-06-11,경인선,동암,14248,14196,28444,52,6,11,토
2022-06-11,경인선,주안,18061,15708,33769,2353,6,11,토
2022-06-11,경인선,제물포,8406,7787,16193,619,6,11,토
2022-06-11,경인선,동인천,13021,12958,25979,63,6,11,토
2022-06-11,경인선,인천,5549,4871,10420,678,6,11,토
2022-06-11,경인선,구일,5105,4622,9727,483,6,11,토
2022-06-11,경인선,소사,8041,7665,15706,376,6,11,토
2022-06-11,경인선,부개,7218,6654,13872,564,6,11,토
2022-06-11,경인선,간석,4979,4691,9670,288,6,11,토
2022-06-11,경인선,도원,2409,2424,4833,-15,6,11,토
2022-06-11,경인선,온수(성공회대입구),5547,4959,10506,588,6,11,토
2022-06-11,경인선,중동,7572,6969,14541,603,6,11,토
2022-06-11,경인선,도화,3630,3383,7013,247,6,11,토
2022-06-11,경춘선,신내,1500,1384,2884,116,6,11,토
2022-06-11,경춘선,갈매,2210,1925,4135,285,6,11,토
2022-06-11,경춘선,별내,2591,2420,5011,171,6,11,토
2022-06-11,경춘선,퇴계원,2777,2594,5371,183,6,11,토
2022-06-11,경춘선,사릉,1979,1900,3879,79,6,11,토
2022-06-11,경춘선,금곡,1319,1211,2530,108,6,11,토
2022-06-11,경춘선,평내호평,5054,4965,10019,89,6,11,토
2022-06-11,경춘선,천마산,1537,1482,3019,55,6,11,토
2022-06-11,경춘선,마석,3555,3467,7022,88,6,11,토
2022-06-11,경춘선,대성리,1103,1045,2148,58,6,11,토
2022-06-11,경춘선,청평,2411,2579,4990,-168,6,11,토
2022-06-11,경춘선,상천,497,453,950,44,6,11,토
2022-06-11,경춘선,가평,2618,3150,5768,-532,6,11,토
2022-06-11,경춘선,굴봉산,408,1000,1408,-592,6,11,토
2022-06-11,경춘선,백양리,133,182,315,-49,6,11,토
2022-06-11,경춘선,강촌,706,870,1576,-164,6,11,토
2022-06-11,경춘선,김유정,567,726,1293,-159,6,11,토
2022-06-11,경춘선,남춘천,3136,3563,6699,-427,6,11,토
2022-06-11,경춘선,춘천,2301,2019,4320,282,6,11,토
2022-06-11,공항철도 1호선,서울역,9589,9462,19051,127,6,11,토
2022-06-11,공항철도 1호선,공덕,1690,2836,4526,-1146,6,11,토
2022-06-11,공항철도 1호선,홍대입구,13193,13725,26918,-532,6,11,토
2022-06-11,공항철도 1호선,디지털미디어시티,6750,6392,13142,358,6,11,토
2022-06-11,공항철도 1호선,마곡나루(서울식물원),3711,4172,7883,-461,6,11,토
2022-06-11,공항철도 1호선,김포공항,11641,6086,17727,5555,6,11,토
2022-06-11,공항철도 1호선,계양,8428,7400,15828,1028,6,11,토
2022-06-11,공항철도 1호선,검암,5328,5229,10557,99,6,11,토
2022-06-11,공항철도 1호선,청라국제도시,4954,4761,9715,193,6,11,토
2022-06-11,공항철도 1호선,운서,7240,7342,14582,-102,6,11,토
2022-06-11,공항철도 1호선,공항화물청사,1433,1484,2917,-51,6,11,토
2022-06-11,공항철도 1호선,인천공항1터미널,6227,5836,12063,391,6,11,토
2022-06-11,공항철도 1호선,인천공항2터미널,3012,2806,5818,206,6,11,토
2022-06-11,공항철도 1호선,영종,3580,3504,7084,76,6,11,토
2022-06-11,과천선,선바위,6359,5423,11782,936,6,11,토
2022-06-11,과천선,경마공원,13347,13588,26935,-241,6,11,토
2022-06-11,과천선,대공원,7983,8374,16357,-391,6,11,토
2022-06-11,과천선,과천,5622,4989,10611,633,6,11,토
2022-06-11,과천선,정부과천청사,7214,6958,14172,256,6,11,토
2022-06-11,과천선,인덕원,19315,18930,38245,385,6,11,토
2022-06-11,과천선,평촌,10778,10363,21141,415,6,11,토
2022-06-11,과천선,범계,23045,22616,45661,429,6,11,토
2022-06-11,분당선,선릉,5597,9158,14755,-3561,6,11,토
2022-06-11,분당선,한티,13077,12610,25687,467,6,11,토
2022-06-11,분당선,도곡,5468,4724,10192,744,6,11,토
2022-06-11,분당선,구룡,1610,1466,3076,144,6,11,토
2022-06-11,분당선,개포동,2968,2921,5889,47,6,11,토
2022-06-11,분당선,대모산입구,3081,2834,5915,247,6,11,토
2022-06-11,분당선,수서,11191,11684,22875,-493,6,11,토
2022-06-11,분당선,수원,8145,6989,15134,1156,6,11,토
2022-06-11,분당선,서울숲,10415,11173,21588,-758,6,11,토
2022-06-11,분당선,압구정로데오,18772,22564,41336,-3792,6,11,토
2022-06-11,분당선,강남구청,5564,6820,12384,-1256,6,11,토
2022-06-11,분당선,선정릉,3542,3509,7051,33,6,11,토
2022-06-11,분당선,가천대,5829,6123,11952,-294,6,11,토
2022-06-11,분당선,태평,11649,10761,22410,888,6,11,토
2022-06-11,분당선,모란,17821,18334,36155,-513,6,11,토
2022-06-11,분당선,야탑,20050,21242,41292,-1192,6,11,토
2022-06-11,분당선,서현,20320,20731,41051,-411,6,11,토
2022-06-11,분당선,수내,10002,9173,19175,829,6,11,토
2022-06-11,분당선,정자,12020,12333,24353,-313,6,11,토
2022-06-11,분당선,미금,11750,12119,23869,-369,6,11,토
2022-06-11,분당선,오리,8536,7096,15632,1440,6,11,토
2022-06-11,분당선,이매,4845,4672,9517,173,6,11,토
2022-06-11,분당선,보정,1954,1724,3678,230,6,11,토
2022-06-11,분당선,죽전,11102,12149,23251,-1047,6,11,토
2022-06-11,분당선,구성,3753,3761,7514,-8,6,11,토
2022-06-11,분당선,신갈,3116,3077,6193,39,6,11,토
2022-06-11,분당선,기흥,7380,6983,14363,397,6,11,토
2022-06-11,분당선,상갈,4288,4108,8396,180,6,11,토
2022-06-11,분당선,청명,3107,2983,6090,124,6,11,토
2022-06-11,분당선,영통,7327,7283,14610,44,6,11,토
2022-06-11,분당선,망포,10583,9323,19906,1260,6,11,토
2022-06-11,분당선,매탄권선,4033,3694,7727,339,6,11,토
2022-06-11,분당선,수원시청,12318,14152,26470,-1834,6,11,토
2022-06-11,분당선,매교,2699,2720,5419,-21,6,11,토
2022-06-11,수인선,고색,2730,2607,5337,123,6,11,토
2022-06-11,수인선,오목천,2691,2303,4994,388,6,11,토
2022-06-11,수인선,어천,878,791,1669,87,6,11,토
2022-06-11,수인선,야목,330,250,580,80,6,11,토
2022-06-11,수인선,사리,4073,3343,7416,730,6,11,토
2022-06-11,수인선,달월,77,64,141,13,6,11,토
2022-06-11,수인선,월곶,2487,2369,4856,118,6,11,토
2022-06-11,수인선,소래포구,7663,7640,15303,23,6,11,토
2022-06-11,수인선,인천논현,4892,4983,9875,-91,6,11,토
2022-06-11,수인선,호구포,2977,2780,5757,197,6,11,토
2022-06-11,수인선,남동인더스파크,988,916,1904,72,6,11,토
2022-06-11,수인선,원인재,4012,4107,8119,-95,6,11,토
2022-06-11,수인선,연수,4545,4373,8918,172,6,11,토
2022-06-11,수인선,송도,2320,2233,4553,87,6,11,토
2022-06-11,수인선,인하대,4943,4573,9516,370,6,11,토
2022-06-11,수인선,숭의,3181,2916,6097,265,6,11,토
2022-06-11,수인선,신포,1667,1760,3427,-93,6,11,토
2022-06-11,수인선,인천,1432,2405,3837,-973,6,11,토
2022-06-11,신림선,샛강,1425,2074,3499,-649,6,11,토
2022-06-11,신림선,대방,1862,1186,3048,676,6,11,토
2022-06-11,신림선,서울지방병무청,1873,1983,3856,-110,6,11,토
2022-06-11,신림선,보라매,2240,1955,4195,285,6,11,토
2022-06-11,신림선,보라매공원,1612,1751,3363,-139,6,11,토
2022-06-11,신림선,보라매병원,3203,3017,6220,186,6,11,토
2022-06-11,신림선,당곡,2857,2556,5413,301,6,11,토
2022-06-11,신림선,신림,1669,2135,3804,-466,6,11,토
2022-06-11,신림선,서원,2355,1965,4320,390,6,11,토
2022-06-11,신림선,서울대벤처타운,5877,5305,11182,572,6,11,토
2022-06-11,신림선,관악산(서울대),4731,4933,9664,-202,6,11,토
2022-06-11,안산선,산본,13927,14818,28745,-891,6,11,토
2022-06-11,안산선,대야미,4573,3959,8532,614,6,11,토
2022-06-11,안산선,반월,3984,3674,7658,310,6,11,토
2022-06-11,안산선,상록수,13912,13630,27542,282,6,11,토
2022-06-11,일산선,화정,14260,14288,28548,-28,6,11,토
2022-06-11,일산선,대곡,1627,1385,3012,242,6,11,토
2022-06-11,일산선,백석,8275,8154,16429,121,6,11,토
2022-06-11,일산선,마두,5776,5706,11482,70,6,11,토
2022-06-11,일산선,정발산,7540,8061,15601,-521,6,11,토
2022-06-11,일산선,주엽,7593,7321,14914,272,6,11,토
2022-06-11,일산선,대화,9838,8496,18334,1342,6,11,토
2022-06-11,장항선,봉명,889,844,1733,45,6,11,토
2022-06-11,장항선,쌍용(나사렛대),1895,1789,3684,106,6,11,토
2022-06-11,장항선,아산,3568,3633,7201,-65,6,11,토
2022-06-11,장항선,탕정,852,743,1595,109,6,11,토
2022-06-11,장항선,배방,1237,1239,2476,-2,6,11,토
2022-06-11,장항선,온양온천,4402,4397,8799,5,6,11,토
2022-06-11,장항선,신창(순천향대),1620,1288,2908,332,6,11,토
2022-06-11,중앙선,회기,21123,19683,40806,1440,6,11,토
2022-06-11,중앙선,중랑,4909,4615,9524,294,6,11,토
2022-06-11,중앙선,상봉(시외버스터미널),5370,5349,10719,21,6,11,토
2022-06-11,중앙선,망우,7386,7030,14416,356,6,11,토
2022-06-11,중앙선,양원,2267,2147,4414,120,6,11,토
2022-06-11,중앙선,구리,11626,11794,23420,-168,6,11,토
2022-06-11,중앙선,도농,8255,7663,15918,592,6,11,토
2022-06-11,중앙선,양정,643,580,1223,63,6,11,토
2022-06-11,중앙선,덕소,4847,4847,9694,0,6,11,토
2022-06-11,중앙선,도심,1744,1544,3288,200,6,11,토
2022-06-11,중앙선,팔당,1488,1580,3068,-92,6,11,토
2022-06-11,중앙선,운길산,1631,1695,3326,-64,6,11,토
2022-06-11,중앙선,양수,2786,2787,5573,-1,6,11,토
2022-06-11,중앙선,신원,303,279,582,24,6,11,토
2022-06-11,중앙선,국수,763,790,1553,-27,6,11,토
2022-06-11,중앙선,아신,659,710,1369,-51,6,11,토
2022-06-11,중앙선,오빈,330,345,675,-15,6,11,토
2022-06-11,중앙선,양평,3076,3231,6307,-155,6,11,토
2022-06-11,중앙선,원덕,504,547,1051,-43,6,11,토
2022-06-11,중앙선,용문,2528,2951,5479,-423,6,11,토
2022-06-11,중앙선,지평,64,99,163,-35,6,11,토
2022-06-11,1호선,시청,14588,14748,29336,-160,6,11,토
2022-06-11,1호선,종로5가,21621,22340,43961,-719,6,11,토
2022-06-11,1호선,동대문,11207,11359,22566,-152,6,11,토
2022-06-11,1호선,신설동,10340,9369,19709,971,6,11,토
2022-06-11,1호선,제기동,16840,17355,34195,-515,6,11,토
2022-06-11,1호선,청량리(서울시립대입구),19871,19980,39851,-109,6,11,토
2022-06-11,1호선,동묘앞,12228,12328,24556,-100,6,11,토
2022-06-11,일산선,원당,9321,8622,17943,699,6,11,토
2022-06-11,안산선,한대앞,8372,8215,16587,157,6,11,토
2022-06-11,안산선,중앙,17855,18975,36830,-1120,6,11,토
2022-06-11,안산선,고잔,7421,7339,14760,82,6,11,토
2022-06-11,안산선,초지,3987,3818,7805,169,6,11,토
2022-06-11,안산선,안산,10584,11234,21818,-650,6,11,토
2022-06-11,안산선,신길온천,1786,1610,3396,176,6,11,토
2022-06-11,안산선,정왕,7649,7554,15203,95,6,11,토
2022-06-11,안산선,오이도,8809,8844,17653,-35,6,11,토
2022-06-11,안산선,수리산,3365,3049,6414,316,6,11,토
2022-06-11,우이신설선,북한산우이,3894,4252,8146,-358,6,11,토
2022-06-11,우이신설선,솔밭공원,1986,1936,3922,50,6,11,토
2022-06-11,우이신설선,4.19민주묘지,2814,2365,5179,449,6,11,토
2022-06-11,우이신설선,가오리,3279,3062,6341,217,6,11,토
2022-06-11,우이신설선,화계,2831,2527,5358,304,6,11,토
2022-06-11,우이신설선,삼양,1602,1659,3261,-57,6,11,토
2022-06-11,우이신설선,삼양사거리,2111,1943,4054,168,6,11,토
2022-06-11,우이신설선,솔샘,4219,3648,7867,571,6,11,토
2022-06-11,우이신설선,북한산보국문,5304,4487,9791,817,6,11,토
2022-06-11,우이신설선,정릉,4076,3284,7360,792,6,11,토
2022-06-11,우이신설선,성신여대입구(돈암),2936,3400,6336,-464,6,11,토
2022-06-11,우이신설선,보문,1185,1142,2327,43,6,11,토
2022-06-11,우이신설선,신설동,1509,1561,3070,-52,6,11,토
2022-06-11,일산선,원흥,8711,8045,16756,666,6,11,토
2022-06-11,일산선,삼송,15994,15042,31036,952,6,11,토
2022-06-11,분당선,복정,1,0,1,1,6,11,토
2022-06-11,3호선,금호,6308,5727,12035,581,6,11,토
2022-06-11,1호선,종로3가,27755,25353,53108,2402,6,11,토
2022-06-11,2호선,시청,10859,9209,20068,1650,6,11,토
2022-06-12,2호선,상왕십리,7434,7299,14733,135,6,12,일
2022-06-12,2호선,신당,8740,9328,18068,-588,6,12,일
2022-06-12,2호선,동대문역사문화공원(DDP),8414,10351,18765,-1937,6,12,일
2022-06-12,2호선,을지로4가,4011,3917,7928,94,6,12,일
2022-06-12,2호선,을지로3가,9295,8988,18283,307,6,12,일
2022-06-12,2호선,을지로입구,16780,15966,32746,814,6,12,일
2022-06-12,2호선,시청,6427,5217,11644,1210,6,12,일
2022-06-12,1호선,동묘앞,12749,13068,25817,-319,6,12,일
2022-06-12,1호선,청량리(서울시립대입구),14064,14503,28567,-439,6,12,일
2022-06-12,1호선,제기동,10908,11166,22074,-258,6,12,일
2022-06-12,1호선,신설동,8031,7638,15669,393,6,12,일
2022-06-12,1호선,동대문,10541,10902,21443,-361,6,12,일
2022-06-12,1호선,종로5가,11194,11218,22412,-24,6,12,일
2022-06-12,1호선,종로3가,17528,14906,32434,2622,6,12,일
2022-06-12,1호선,종각,14436,12071,26507,2365,6,12,일
2022-06-12,1호선,시청,9546,8651,18197,895,6,12,일
2022-06-12,1호선,서울역,30668,28871,59539,1797,6,12,일
2022-06-12,2호선,봉천,13314,12800,26114,514,6,12,일
2022-06-12,2호선,서울대입구(관악구청),26852,27833,54685,-981,6,12,일
2022-06-12,2호선,낙성대(강감찬),16708,16988,33696,-280,6,12,일
2022-06-12,2호선,사당,25059,26842,51901,-1783,6,12,일
2022-06-12,2호선,방배,7226,7676,14902,-450,6,12,일
2022-06-12,2호선,서초,12598,11800,24398,798,6,12,일
2022-06-12,2호선,교대(법원.검찰청),11162,12175,23337,-1013,6,12,일
2022-06-12,2호선,강남,33896,32308,66204,1588,6,12,일
2022-06-12,2호선,역삼,11600,12676,24276,-1076,6,12,일
2022-06-12,2호선,선릉,14325,12036,26361,2289,6,12,일
2022-06-12,2호선,삼성(무역센터),21370,21103,42473,267,6,12,일
2022-06-12,2호선,종합운동장,11189,11844,23033,-655,6,12,일
2022-06-12,2호선,잠실새내,12124,12564,24688,-440,6,12,일
2022-06-12,2호선,잠실(송파구청),50536,46376,96912,4160,6,12,일
2022-06-12,2호선,잠실나루,5686,5850,11536,-164,6,12,일
2022-06-12,2호선,강변(동서울터미널),23870,23172,47042,698,6,12,일
2022-06-12,2호선,구의(광진구청),11976,11876,23852,100,6,12,일
2022-06-12,2호선,건대입구,26281,27031,53312,-750,6,12,일
2022-06-12,2호선,성수,14727,16449,31176,-1722,6,12,일
2022-06-12,과천선,평촌,7269,7097,14366,172,6,12,일
2022-06-12,우이신설선,북한산보국문,3907,3594,7501,313,6,12,일
2022-06-12,우이신설선,정릉,3012,2523,5535,489,6,12,일
2022-06-12,우이신설선,성신여대입구(돈암),2291,2466,4757,-175,6,12,일
2022-06-12,우이신설선,보문,1063,1082,2145,-19,6,12,일
2022-06-12,우이신설선,신설동,1277,1257,2534,20,6,12,일
2022-06-12,일산선,원흥,6337,6148,12485,189,6,12,일
2022-06-12,일산선,삼송,11742,11533,23275,209,6,12,일
2022-06-12,일산선,원당,6499,6316,12815,183,6,12,일
2022-06-12,일산선,화정,9714,9983,19697,-269,6,12,일
2022-06-12,일산선,대곡,1219,1044,2263,175,6,12,일
2022-06-12,일산선,백석,5778,5578,11356,200,6,12,일
2022-06-12,일산선,마두,3670,3737,7407,-67,6,12,일
2022-06-12,일산선,정발산,5853,5903,11756,-50,6,12,일
2022-06-12,일산선,주엽,5182,5096,10278,86,6,12,일
2022-06-12,일산선,대화,7418,6516,13934,902,6,12,일
2022-06-12,장항선,봉명,620,680,1300,-60,6,12,일
2022-06-12,장항선,쌍용(나사렛대),1434,1578,3012,-144,6,12,일
2022-06-12,장항선,아산,3887,2445,6332,1442,6,12,일
2022-06-12,장항선,탕정,581,620,1201,-39,6,12,일
2022-06-12,장항선,배방,914,1085,1999,-171,6,12,일
2022-06-12,장항선,온양온천,3713,3697,7410,16,6,12,일
2022-06-12,장항선,신창(순천향대),1168,1556,2724,-388,6,12,일
2022-06-12,중앙선,회기,16111,16053,32164,58,6,12,일
2022-06-12,중앙선,중랑,3679,3561,7240,118,6,12,일
2022-06-12,중앙선,상봉(시외버스터미널),4058,4110,8168,-52,6,12,일
2022-06-12,중앙선,망우,5358,5213,10571,145,6,12,일
2022-06-12,중앙선,양원,1584,1563,3147,21,6,12,일
2022-06-12,중앙선,구리,8439,8634,17073,-195,6,12,일
2022-06-12,중앙선,도농,5868,5687,11555,181,6,12,일
2022-06-12,중앙선,양정,523,415,938,108,6,12,일
2022-06-12,중앙선,덕소,3583,3679,7262,-96,6,12,일
2022-06-12,중앙선,도심,1463,1260,2723,203,6,12,일
2022-06-12,중앙선,팔당,1390,1413,2803,-23,6,12,일
2022-06-12,중앙선,운길산,1537,1601,3138,-64,6,12,일
2022-06-12,중앙선,양수,2448,2190,4638,258,6,12,일
2022-06-12,중앙선,신원,296,173,469,123,6,12,일
2022-06-12,중앙선,국수,651,622,1273,29,6,12,일
2022-06-12,중앙선,아신,647,545,1192,102,6,12,일
2022-06-12,중앙선,오빈,303,244,547,59,6,12,일
2022-06-12,중앙선,양평,2624,2399,5023,225,6,12,일
2022-06-12,중앙선,원덕,433,389,822,44,6,12,일
2022-06-12,중앙선,용문,2562,2174,4736,388,6,12,일
2022-06-12,2호선,뚝섬,12648,12914,25562,-266,6,12,일
2022-06-12,2호선,한양대,2859,3322,6181,-463,6,12,일
2022-06-12,중앙선,지평,69,61,130,8,6,12,일
2022-06-12,우이신설선,솔샘,3109,2933,6042,176,6,12,일
2022-06-12,우이신설선,삼양사거리,1708,1636,3344,72,6,12,일
2022-06-12,우이신설선,삼양,1238,1265,2503,-27,6,12,일
2022-06-12,우이신설선,화계,2343,2184,4527,159,6,12,일
2022-06-12,우이신설선,가오리,2491,2392,4883,99,6,12,일
2022-06-12,우이신설선,4.19민주묘지,2077,1847,3924,230,6,12,일
2022-06-12,우이신설선,솔밭공원,1561,1529,3090,32,6,12,일
2022-06-12,우이신설선,북한산우이,3505,3690,7195,-185,6,12,일
2022-06-12,안산선,수리산,2452,2407,4859,45,6,12,일
2022-06-12,안산선,오이도,6652,6436,13088,216,6,12,일
2022-06-12,안산선,정왕,5889,6292,12181,-403,6,12,일
2022-06-12,안산선,신길온천,1315,1291,2606,24,6,12,일
2022-06-12,안산선,안산,11019,10045,21064,974,6,12,일
2022-06-12,안산선,초지,2786,2749,5535,37,6,12,일
2022-06-12,안산선,고잔,5388,5280,10668,108,6,12,일
2022-06-12,안산선,중앙,12545,12476,25021,69,6,12,일
2022-06-12,안산선,한대앞,5934,5838,11772,96,6,12,일
2022-06-12,안산선,상록수,10090,9916,20006,174,6,12,일
2022-06-12,안산선,반월,2842,2800,5642,42,6,12,일
2022-06-12,안산선,대야미,3525,3274,6799,251,6,12,일
2022-06-12,안산선,산본,9854,10482,20336,-628,6,12,일
2022-06-12,신림선,관악산(서울대),4917,5159,10076,-242,6,12,일
2022-06-12,신림선,서울대벤처타운,4575,4322,8897,253,6,12,일
2022-06-12,신림선,서원,1888,1655,3543,233,6,12,일
2022-06-12,신림선,신림,1327,1817,3144,-490,6,12,일
2022-06-12,신림선,당곡,2183,2158,4341,25,6,12,일
2022-06-12,신림선,보라매병원,2155,2183,4338,-28,6,12,일
2022-06-12,신림선,보라매공원,1229,1397,2626,-168,6,12,일
2022-06-12,신림선,보라매,1815,1639,3454,176,6,12,일
2022-06-12,신림선,서울지방병무청,1584,1718,3302,-134,6,12,일
2022-06-12,신림선,대방,1298,949,2247,349,6,12,일
2022-06-12,신림선,샛강,1359,1881,3240,-522,6,12,일
2022-06-12,수인선,인천,1281,1866,3147,-585,6,12,일
2022-06-12,수인선,신포,1291,1205,2496,86,6,12,일
2022-06-12,수인선,숭의,2194,2033,4227,161,6,12,일
2022-06-12,수인선,인하대,3323,3270,6593,53,6,12,일
2022-06-12,수인선,송도,1662,1707,3369,-45,6,12,일
2022-06-12,수인선,연수,3419,3496,6915,-77,6,12,일
2022-06-12,수인선,원인재,3124,3204,6328,-80,6,12,일
2022-06-12,수인선,남동인더스파크,641,658,1299,-17,6,12,일
2022-06-12,수인선,호구포,2326,2430,4756,-104,6,12,일
2022-06-12,수인선,인천논현,3316,3363,6679,-47,6,12,일
2022-06-12,수인선,소래포구,6603,6376,12979,227,6,12,일
2022-06-12,수인선,월곶,1953,1922,3875,31,6,12,일
2022-06-12,수인선,달월,60,72,132,-12,6,12,일
2022-06-12,수인선,사리,2887,2488,5375,399,6,12,일
2022-06-12,수인선,야목,271,215,486,56,6,12,일
2022-06-12,수인선,어천,669,792,1461,-123,6,12,일
2022-06-12,수인선,오목천,1756,1793,3549,-37,6,12,일
2022-06-12,수인선,고색,1903,1940,3843,-37,6,12,일
2022-06-12,분당선,매교,1830,1825,3655,5,6,12,일
2022-06-12,분당선,수원시청,7880,7645,15525,235,6,12,일
2022-06-12,분당선,매탄권선,2768,2602,5370,166,6,12,일
2022-06-12,분당선,망포,6651,7040,13691,-389,6,12,일
2022-06-12,분당선,영통,4865,4838,9703,27,6,12,일
2022-06-12,분당선,청명,2139,2240,4379,-101,6,12,일
2022-06-12,분당선,상갈,3018,3173,6191,-155,6,12,일
2022-06-12,분당선,기흥,5427,5038,10465,389,6,12,일
2022-06-12,분당선,신갈,2159,2263,4422,-104,6,12,일
2022-06-12,분당선,구성,2617,2850,5467,-233,6,12,일
2022-06-12,분당선,죽전,7627,8694,16321,-1067,6,12,일
2022-06-12,분당선,보정,1220,1172,2392,48,6,12,일
2022-06-12,분당선,이매,3833,3899,7732,-66,6,12,일
2022-06-12,분당선,오리,5743,4858,10601,885,6,12,일
2022-06-12,분당선,미금,8001,8616,16617,-615,6,12,일
2022-06-12,분당선,정자,8183,8529,16712,-346,6,12,일
2022-06-12,분당선,수내,6746,6572,13318,174,6,12,일
2022-06-12,분당선,서현,14879,14763,29642,116,6,12,일
2022-06-12,분당선,야탑,14362,14619,28981,-257,6,12,일
2022-06-12,분당선,모란,12008,12263,24271,-255,6,12,일
2022-06-12,분당선,태평,8677,8175,16852,502,6,12,일
2022-06-12,분당선,가천대,4020,4836,8856,-816,6,12,일
2022-06-12,분당선,선정릉,2137,2175,4312,-38,6,12,일
2022-06-12,분당선,강남구청,3406,3947,7353,-541,6,12,일
2022-06-12,분당선,압구정로데오,10929,12208,23137,-1279,6,12,일
2022-06-12,분당선,서울숲,7717,8066,15783,-349,6,12,일
2022-06-12,분당선,수원,6054,5200,11254,854,6,12,일
2022-06-12,분당선,수서,9131,8916,18047,215,6,12,일
2022-06-12,분당선,대모산입구,2269,2143,4412,126,6,12,일
2022-06-12,분당선,개포동,2225,2184,4409,41,6,12,일
2022-06-12,분당선,구룡,903,1010,1913,-107,6,12,일
2022-06-12,분당선,도곡,2971,2916,5887,55,6,12,일
2022-06-12,분당선,한티,8639,8564,17203,75,6,12,일
2022-06-12,분당선,선릉,2990,4728,7718,-1738,6,12,일
2022-06-12,과천선,범계,15957,15535,31492,422,6,12,일
2022-06-12,과천선,인덕원,13727,13633,27360,94,6,12,일
2022-06-12,과천선,정부과천청사,4936,4829,9765,107,6,12,일
2022-06-12,과천선,과천,4013,3837,7850,176,6,12,일
2022-06-12,과천선,대공원,6314,6337,12651,-23,6,12,일
2022-06-12,과천선,경마공원,16568,17192,33760,-624,6,12,일
2022-06-12,과천선,선바위,4605,4045,8650,560,6,12,일
2022-06-12,공항철도 1호선,인천공항2터미널,2962,2512,5474,450,6,12,일
2022-06-12,공항철도 1호선,인천공항1터미널,6641,6028,12669,613,6,12,일
2022-06-12,공항철도 1호선,공항화물청사,1141,1150,2291,-9,6,12,일
2022-06-12,공항철도 1호선,운서,5838,6297,12135,-459,6,12,일
2022-06-12,공항철도 1호선,청라국제도시,3625,3639,7264,-14,6,12,일
2022-06-12,공항철도 1호선,검암,3931,3998,7929,-67,6,12,일
2022-06-12,공항철도 1호선,계양,6016,5662,11678,354,6,12,일
2022-06-12,공항철도 1호선,김포공항,11338,6009,17347,5329,6,12,일
2022-06-12,공항철도 1호선,마곡나루(서울식물원),2642,3013,5655,-371,6,12,일
2022-06-12,공항철도 1호선,디지털미디어시티,3887,4142,8029,-255,6,12,일
2022-06-12,공항철도 1호선,홍대입구,10756,9574,20330,1182,6,12,일
2022-06-12,공항철도 1호선,공덕,1402,1816,3218,-414,6,12,일
2022-06-12,공항철도 1호선,서울역,9064,7936,17000,1128,6,12,일
2022-06-12,경춘선,춘천,2390,1762,4152,628,6,12,일
2022-06-12,경춘선,남춘천,3434,3823,7257,-389,6,12,일
2022-06-12,경춘선,김유정,566,651,1217,-85,6,12,일
2022-06-12,경춘선,강촌,936,659,1595,277,6,12,일
2022-06-12,경춘선,백양리,156,125,281,31,6,12,일
2022-06-12,경춘선,굴봉산,1086,298,1384,788,6,12,일
2022-06-12,경춘선,가평,2859,2275,5134,584,6,12,일
2022-06-12,경춘선,상천,553,365,918,188,6,12,일
2022-06-12,경춘선,청평,2182,1761,3943,421,6,12,일
2022-06-12,경춘선,대성리,1076,678,1754,398,6,12,일
2022-06-12,경춘선,마석,2809,2818,5627,-9,6,12,일
2022-06-12,경춘선,천마산,1303,1228,2531,75,6,12,일
2022-06-12,경춘선,평내호평,3763,3691,7454,72,6,12,일
2022-06-12,경춘선,금곡,1041,980,2021,61,6,12,일
2022-06-12,경춘선,사릉,1520,1477,2997,43,6,12,일
2022-06-12,경춘선,퇴계원,2227,2074,4301,153,6,12,일
2022-06-12,경춘선,별내,2023,1905,3928,118,6,12,일
2022-06-12,경춘선,갈매,1565,1433,2998,132,6,12,일
2022-06-12,경춘선,신내,1130,1153,2283,-23,6,12,일
2022-06-12,경인선,도화,2525,2447,4972,78,6,12,일
2022-06-12,경인선,중동,5242,5006,10248,236,6,12,일
2022-06-12,경인선,온수(성공회대입구),4107,3897,8004,210,6,12,일
2022-06-12,경인선,도원,1869,1851,3720,18,6,12,일
2022-06-12,경인선,간석,3415,3253,6668,162,6,12,일
2022-06-12,경인선,부개,5315,5024,10339,291,6,12,일
2022-06-12,경인선,소사,5924,5676,11600,248,6,12,일
2022-06-12,경인선,구일,3619,3601,7220,18,6,12,일
2022-06-12,경인선,인천,4980,4096,9076,884,6,12,일
2022-06-12,경인선,동인천,10241,9815,20056,426,6,12,일
2022-06-12,경인선,제물포,6219,6050,12269,169,6,12,일
2022-06-12,경인선,주안,12661,11281,23942,1380,6,12,일
2022-06-12,경인선,동암,10666,10469,21135,197,6,12,일
2022-06-12,경인선,백운,4141,4203,8344,-62,6,12,일
2022-06-12,경인선,부평,23512,23574,47086,-62,6,12,일
2022-06-12,경인선,송내,14558,14364,28922,194,6,12,일
2022-06-12,경인선,부천,22850,22466,45316,384,6,12,일
2022-06-12,경인선,역곡,15316,15133,30449,183,6,12,일
2022-06-12,경인선,오류동,7617,7097,14714,520,6,12,일
2022-06-12,경인선,개봉,12768,12771,25539,-3,6,12,일
2022-06-12,경의선,임진강,93,73,166,20,6,12,일
2022-06-12,경의선,문산,3953,4368,8321,-415,6,12,일
2022-06-12,경의선,파주,679,685,1364,-6,6,12,일
2022-06-12,경의선,월롱,1074,2230,3304,-1156,6,12,일
2022-06-12,경의선,금촌,4484,4810,9294,-326,6,12,일
2022-06-12,경의선,금릉,3115,3193,6308,-78,6,12,일
2022-06-12,경의선,운정,3776,3615,7391,161,6,12,일
2022-06-12,경의선,야당,5177,5166,10343,11,6,12,일
2022-06-12,경의선,탄현,4378,4023,8401,355,6,12,일
2022-06-12,경의선,일산,5139,4786,9925,353,6,12,일
2022-06-12,경의선,풍산,3795,3536,7331,259,6,12,일
2022-06-12,경의선,백마,3559,3482,7041,77,6,12,일
2022-06-12,경의선,곡산,397,396,793,1,6,12,일
2022-06-12,경의선,능곡,2386,2504,4890,-118,6,12,일
2022-06-12,경의선,행신,4890,4628,9518,262,6,12,일
2022-06-12,경의선,강매,1656,1488,3144,168,6,12,일
2022-06-12,경의선,화전,986,1016,2002,-30,6,12,일
2022-06-12,경의선,수색,975,1077,2052,-102,6,12,일
2022-06-12,경의선,디지털미디어시티,1704,1527,3231,177,6,12,일
2022-06-12,경의선,가좌,3154,3025,6179,129,6,12,일
2022-06-12,경의선,홍대입구,1748,2036,3784,-288,6,12,일
2022-06-12,경의선,서강대,1447,1473,2920,-26,6,12,일
2022-06-12,경의선,공덕,1959,1659,3618,300,6,12,일
2022-06-12,경의선,효창공원앞,1425,1708,3133,-283,6,12,일
2022-06-12,경의선,신촌,297,325,622,-28,6,12,일
2022-06-12,경의선,서울역,1352,1148,2500,204,6,12,일
2022-06-12,경원선,소요산,5061,4500,9561,561,6,12,일
2022-06-12,경원선,동두천,1504,2114,3618,-610,6,12,일
2022-06-12,경원선,보산,1407,1601,3008,-194,6,12,일
2022-06-12,경원선,동두천중앙,2378,2228,4606,150,6,12,일
2022-06-12,경원선,지행,4978,5178,10156,-200,6,12,일
2022-06-12,경원선,덕정,3693,3985,7678,-292,6,12,일
2022-06-12,경원선,덕계,2083,2005,4088,78,6,12,일
2022-06-12,경원선,녹양,2986,2823,5809,163,6,12,일
2022-06-12,경원선,가능,4384,4100,8484,284,6,12,일
2022-06-12,경원선,의정부,15358,15436,30794,-78,6,12,일
2022-06-12,경원선,회룡,8383,8433,16816,-50,6,12,일
2022-06-12,경원선,망월사,4866,5142,10008,-276,6,12,일
2022-06-12,경원선,도봉산,9766,7104,16870,2662,6,12,일
2022-06-12,경원선,도봉,3711,3562,7273,149,6,12,일
2022-06-12,경원선,방학,6506,6378,12884,128,6,12,일
2022-06-12,경원선,녹천,2793,2543,5336,250,6,12,일
2022-06-12,경원선,월계,3903,3668,7571,235,6,12,일
2022-06-12,경원선,광운대,4243,4334,8577,-91,6,12,일
2022-06-12,경원선,석계,5303,5866,11169,-563,6,12,일
2022-06-12,경원선,신이문,4879,4665,9544,214,6,12,일
2022-06-12,경원선,외대앞,4600,4685,9285,-85,6,12,일
2022-06-12,경원선,청량리(서울시립대입구),15230,14106,29336,1124,6,12,일
2022-06-12,경원선,왕십리(성동구청),9714,10954,20668,-1240,6,12,일
2022-06-12,경원선,응봉,1290,1145,2435,145,6,12,일
2022-06-12,경원선,옥수,67,30,97,37,6,12,일
2022-06-12,경원선,한남,2140,2096,4236,44,6,12,일
2022-06-12,경원선,서빙고,1933,1923,3856,10,6,12,일
2022-06-12,경원선,이촌(국립중앙박물관),2724,2103,4827,621,6,12,일
2022-06-12,경부선,광명,3027,2114,5141,913,6,12,일
2022-06-12,경부선,서동탄,852,916,1768,-64,6,12,일
2022-06-12,경부선,당정,3432,3501,6933,-69,6,12,일
2022-06-12,경부선,천안,6918,6805,13723,113,6,12,일
2022-06-12,경부선,두정,4783,5784,10567,-1001,6,12,일
2022-06-12,경부선,직산,597,684,1281,-87,6,12,일
2022-06-12,경부선,성환,2754,3515,6269,-761,6,12,일
2022-06-12,경부선,평택,12679,13624,26303,-945,6,12,일
2022-06-12,경부선,평택지제,2824,2652,5476,172,6,12,일
2022-06-12,경부선,서정리,5173,7320,12493,-2147,6,12,일
2022-06-12,경부선,송탄,3893,4696,8589,-803,6,12,일
2022-06-12,경부선,진위,953,997,1950,-44,6,12,일
2022-06-12,경부선,오산,8368,8866,17234,-498,6,12,일
2022-06-12,경부선,오산대,2447,2451,4898,-4,6,12,일
2022-06-12,경부선,세마,1804,1692,3496,112,6,12,일
2022-06-12,경부선,병점,10123,10776,20899,-653,6,12,일
2022-06-12,경부선,세류,2397,2276,4673,121,6,12,일
2022-06-12,경부선,독산,6714,6712,13426,2,6,12,일
2022-06-12,경부선,수원,35393,34171,69564,1222,6,12,일
2022-06-12,경부선,화서,4814,4633,9447,181,6,12,일
2022-06-12,경부선,성균관대,8378,8809,17187,-431,6,12,일
2022-06-12,경부선,의왕,4729,4776,9505,-47,6,12,일
2022-06-12,2호선,왕십리(성동구청),9556,8554,18110,1002,6,12,일
2022-06-12,경부선,군포,3335,3244,6579,91,6,12,일
2022-06-12,경부선,금정,15886,16211,32097,-325,6,12,일
2022-06-12,경부선,명학,3517,3439,6956,78,6,12,일
2022-06-12,경부선,안양,15015,14624,29639,391,6,12,일
2022-06-12,경부선,관악,5539,5242,10781,297,6,12,일
2022-06-12,경부선,석수,5919,5545,11464,374,6,12,일
2022-06-12,경부선,금천구청,6721,6731,13452,-10,6,12,일
2022-06-12,경부선,가산디지털단지,5169,7093,12262,-1924,6,12,일
2022-06-12,경부선,구로,10803,10854,21657,-51,6,12,일
2022-06-12,경부선,신길,5063,4449,9512,614,6,12,일
2022-06-12,경부선,신도림,2584,2805,5389,-221,6,12,일
2022-06-12,경부선,영등포,36338,35405,71743,933,6,12,일
2022-06-12,경부선,대방,5797,6449,12246,-652,6,12,일
2022-06-12,경부선,노량진,6221,5906,12127,315,6,12,일
2022-06-12,경부선,용산,36775,33513,70288,3262,6,12,일
2022-06-12,경부선,남영,5132,5345,10477,-213,6,12,일
2022-06-12,경부선,서울역,8895,2070,10965,6825,6,12,일
2022-06-12,경강선,여주,2533,2659,5192,-126,6,12,일
2022-06-12,경강선,세종대왕릉,343,312,655,31,6,12,일
2022-06-12,경강선,부발,1594,2269,3863,-675,6,12,일
2022-06-12,경강선,이천,2388,2664,5052,-276,6,12,일
2022-06-12,경강선,신둔도예촌,1075,1145,2220,-70,6,12,일
2022-06-12,경강선,곤지암,1706,1916,3622,-210,6,12,일
2022-06-12,경강선,초월,1795,1829,3624,-34,6,12,일
2022-06-12,경강선,경기광주,4489,4475,8964,14,6,12,일
2022-06-12,경강선,삼동,1207,1129,2336,78,6,12,일
2022-06-12,경강선,이매,855,630,1485,225,6,12,일
2022-06-12,경강선,판교,2723,2524,5247,199,6,12,일
2022-06-12,9호선2~3단계,중앙보훈병원,4055,3955,8010,100,6,12,일
2022-06-12,9호선2~3단계,둔촌오륜,585,619,1204,-34,6,12,일
2022-06-12,9호선2~3단계,올림픽공원(한국체대),10550,9370,19920,1180,6,12,일
2022-06-12,9호선2~3단계,한성백제,1810,1898,3708,-88,6,12,일
2022-06-12,9호선2~3단계,송파나루,3286,3546,6832,-260,6,12,일
2022-06-12,9호선2~3단계,석촌,5422,4586,10008,836,6,12,일
2022-06-12,9호선2~3단계,석촌고분,3364,3279,6643,85,6,12,일
2022-06-12,9호선2~3단계,삼전,3836,3795,7631,41,6,12,일
2022-06-12,9호선2~3단계,종합운동장,2658,2331,4989,327,6,12,일
2022-06-12,9호선2~3단계,봉은사,8763,8657,17420,106,6,12,일
2022-06-12,9호선2~3단계,삼성중앙,2300,2418,4718,-118,6,12,일
2022-06-12,9호선2~3단계,선정릉,3333,3749,7082,-416,6,12,일
2022-06-12,9호선2~3단계,언주,4087,4198,8285,-111,6,12,일
2022-06-12,9호선,신논현,15883,15098,30981,785,6,12,일
2022-06-12,9호선,사평,1971,1940,3911,31,6,12,일
2022-06-12,9호선,고속터미널,11959,16518,28477,-4559,6,12,일
2022-06-12,9호선,신반포,2442,2604,5046,-162,6,12,일
2022-06-12,9호선,구반포,572,542,1114,30,6,12,일
2022-06-12,9호선,동작(현충원),1478,1211,2689,267,6,12,일
2022-06-12,9호선,흑석(중앙대입구),4197,4396,8593,-199,6,12,일
2022-06-12,9호선,노들,2908,2501,5409,407,6,12,일
2022-06-12,9호선,노량진,15058,15968,31026,-910,6,12,일
2022-06-12,9호선,샛강,2242,2004,4246,238,6,12,일
2022-06-12,9호선,여의도,10035,9280,19315,755,6,12,일
2022-06-12,9호선,국회의사당,5415,5060,10475,355,6,12,일
2022-06-12,9호선,당산,9995,9689,19684,306,6,12,일
2022-06-12,9호선,선유도,3172,3027,6199,145,6,12,일
2022-06-12,9호선,신목동,1966,1711,3677,255,6,12,일
2022-06-12,9호선,염창,9429,9499,18928,-70,6,12,일
2022-06-12,9호선,등촌,5353,5476,10829,-123,6,12,일
2022-06-12,9호선,증미,2866,2812,5678,54,6,12,일
2022-06-12,9호선,가양,11395,10954,22349,441,6,12,일
2022-06-12,9호선,양천향교,4393,4603,8996,-210,6,12,일
2022-06-12,9호선,마곡나루(서울식물원),6004,6212,12216,-208,6,12,일
2022-06-12,9호선,신방화,3559,3539,7098,20,6,12,일
2022-06-12,9호선,공항시장,1857,2021,3878,-164,6,12,일
2022-06-12,9호선,김포공항,7803,11382,19185,-3579,6,12,일
2022-06-12,9호선,개화,1114,1043,2157,71,6,12,일
2022-06-12,8호선,남위례,2711,2769,5480,-58,6,12,일
2022-06-12,8호선,모란,2785,2292,5077,493,6,12,일
2022-06-12,8호선,수진,3149,2902,6051,247,6,12,일
2022-06-12,8호선,신흥,2784,2942,5726,-158,6,12,일
2022-06-12,8호선,단대오거리,5706,5659,11365,47,6,12,일
2022-06-12,8호선,남한산성입구(성남법원.검찰청),7322,6741,14063,581,6,12,일
2022-06-12,8호선,산성,3452,3585,7037,-133,6,12,일
2022-06-12,8호선,복정,5448,4950,10398,498,6,12,일
2022-06-12,8호선,장지,9141,9320,18461,-179,6,12,일
2022-06-12,8호선,문정,6020,6422,12442,-402,6,12,일
2022-06-12,8호선,가락시장,3064,3852,6916,-788,6,12,일
2022-06-12,8호선,송파,4333,4301,8634,32,6,12,일
2022-06-12,8호선,석촌,4216,5352,9568,-1136,6,12,일
2022-06-12,8호선,잠실(송파구청),10453,11875,22328,-1422,6,12,일
2022-06-12,8호선,몽촌토성(평화의문),3683,3812,7495,-129,6,12,일
2022-06-12,8호선,강동구청,4816,4894,9710,-78,6,12,일
2022-06-12,8호선,천호(풍납토성),9321,10448,19769,-1127,6,12,일
2022-06-12,8호선,암사,9369,8765,18134,604,6,12,일
2022-06-12,7호선,온수(성공회대입구),4315,4394,8709,-79,6,12,일
2022-06-12,7호선,천왕,5446,5391,10837,55,6,12,일
2022-06-12,7호선,광명사거리,13453,13443,26896,10,6,12,일
2022-06-12,7호선,철산,11435,11361,22796,74,6,12,일
2022-06-12,7호선,가산디지털단지,11037,10174,21211,863,6,12,일
2022-06-12,7호선,남구로,7229,7100,14329,129,6,12,일
2022-06-12,7호선,대림(구로구청),8629,8086,16715,543,6,12,일
2022-06-12,7호선,신풍,6712,6321,13033,391,6,12,일
2022-06-12,7호선,보라매,4457,4488,8945,-31,6,12,일
2022-06-12,7호선,신대방삼거리,8490,8333,16823,157,6,12,일
2022-06-12,7호선,장승배기,4995,4912,9907,83,6,12,일
2022-06-12,7호선,상도,5606,5616,11222,-10,6,12,일
2022-06-12,7호선,숭실대입구(살피재),5991,6624,12615,-633,6,12,일
2022-06-12,7호선,남성,5924,5861,11785,63,6,12,일
2022-06-12,7호선,이수,8958,8455,17413,503,6,12,일
2022-06-12,7호선,내방,5566,5804,11370,-238,6,12,일
2022-06-12,7호선,고속터미널,13433,8864,22297,4569,6,12,일
2022-06-12,7호선,반포,3141,3130,6271,11,6,12,일
2022-06-12,7호선,논현,5996,6120,12116,-124,6,12,일
2022-06-12,7호선,학동,7204,7676,14880,-472,6,12,일
2022-06-12,7호선,강남구청,5817,6475,12292,-658,6,12,일
2022-06-12,7호선,청담,7430,7960,15390,-530,6,12,일
2022-06-12,7호선,뚝섬유원지,9016,8514,17530,502,6,12,일
2022-06-12,7호선,건대입구,8015,8470,16485,-455,6,12,일
2022-06-12,7호선,어린이대공원(세종대),8703,8820,17523,-117,6,12,일
2022-06-12,7호선,군자(능동),8477,6408,14885,2069,6,12,일
2022-06-12,7호선,중곡,5577,5340,10917,237,6,12,일
2022-06-12,7호선,용마산(용마폭포공원),3473,3709,7182,-236,6,12,일
2022-06-12,7호선,사가정,9383,9216,18599,167,6,12,일
2022-06-12,7호선,면목,8371,8224,16595,147,6,12,일
2022-06-12,7호선,상봉(시외버스터미널),10040,9127,19167,913,6,12,일
2022-06-12,7호선,중화,5867,5611,11478,256,6,12,일
2022-06-12,7호선,먹골,5742,5511,11253,231,6,12,일
2022-06-12,7호선,태릉입구,5368,5092,10460,276,6,12,일
2022-06-12,7호선,공릉(서울과학기술대),6554,6727,13281,-173,6,12,일
2022-06-12,7호선,하계,9824,9222,19046,602,6,12,일
2022-06-12,7호선,중계,7216,6695,13911,521,6,12,일
2022-06-12,7호선,노원,12136,12046,24182,90,6,12,일
2022-06-12,7호선,마들,6529,6085,12614,444,6,12,일
2022-06-12,7호선,수락산,9190,9176,18366,14,6,12,일
2022-06-12,7호선,도봉산,6076,8695,14771,-2619,6,12,일
2022-06-12,7호선,장암,1580,1018,2598,562,6,12,일
2022-06-12,6호선,봉화산(서울의료원),4349,4297,8646,52,6,12,일
2022-06-12,6호선,화랑대(서울여대입구),5504,4944,10448,560,6,12,일
2022-06-12,6호선,태릉입구,3546,3650,7196,-104,6,12,일
2022-06-12,6호선,석계,6769,7077,13846,-308,6,12,일
2022-06-12,6호선,돌곶이,5842,5642,11484,200,6,12,일
2022-06-12,6호선,상월곡(한국과학기술연구원),3508,3209,6717,299,6,12,일
2022-06-12,6호선,월곡(동덕여대),5657,5542,11199,115,6,12,일
2022-06-12,6호선,고려대(종암),4171,4138,8309,33,6,12,일
2022-06-12,6호선,안암(고대병원앞),4709,5157,9866,-448,6,12,일
2022-06-12,6호선,보문,4315,4075,8390,240,6,12,일
2022-06-12,6호선,창신,1660,1547,3207,113,6,12,일
2022-06-12,6호선,동묘앞,6604,6293,12897,311,6,12,일
2022-06-12,6호선,신당,4606,5204,9810,-598,6,12,일
2022-06-12,6호선,청구,1845,1661,3506,184,6,12,일
2022-06-12,6호선,약수,1860,1833,3693,27,6,12,일
2022-06-12,6호선,버티고개,1200,1308,2508,-108,6,12,일
2022-06-12,6호선,한강진,6984,7893,14877,-909,6,12,일
2022-06-12,6호선,이태원,12485,10061,22546,2424,6,12,일
2022-06-12,6호선,녹사평(용산구청),4235,4174,8409,61,6,12,일
2022-06-12,6호선,삼각지,5070,3693,8763,1377,6,12,일
2022-06-12,6호선,효창공원앞,3807,3481,7288,326,6,12,일
2022-06-12,6호선,공덕,7022,6664,13686,358,6,12,일
2022-06-12,6호선,대흥(서강대앞),4242,4343,8585,-101,6,12,일
2022-06-12,6호선,광흥창(서강),4528,4300,8828,228,6,12,일
2022-06-12,6호선,상수,6828,7682,14510,-854,6,12,일
2022-06-12,6호선,합정,9735,9002,18737,733,6,12,일
2022-06-12,6호선,망원,9599,10555,20154,-956,6,12,일
2022-06-12,6호선,마포구청,7258,6516,13774,742,6,12,일
2022-06-12,6호선,월드컵경기장(성산),3837,4012,7849,-175,6,12,일
2022-06-12,6호선,디지털미디어시티,5910,5955,11865,-45,6,12,일
2022-06-12,6호선,증산(명지대앞),5943,5839,11782,104,6,12,일
2022-06-12,6호선,새절(신사),6904,6769,13673,135,6,12,일
2022-06-12,6호선,구산,4212,3163,7375,1049,6,12,일
2022-06-12,6호선,연신내,4,0,4,4,6,12,일
2022-06-12,6호선,독바위,1620,2010,3630,-390,6,12,일
2022-06-12,6호선,불광,3326,2959,6285,367,6,12,일
2022-06-12,6호선,역촌,2119,2410,4529,-291,6,12,일
2022-06-12,6호선,응암,10006,9938,19944,68,6,12,일
2022-06-12,5호선,하남검단산,5332,5143,10475,189,6,12,일
2022-06-12,5호선,하남시청(덕풍·신장),4534,4414,8948,120,6,12,일
2022-06-12,5호선,하남풍산,2438,2474,4912,-36,6,12,일
2022-06-12,5호선,미사,9655,9875,19530,-220,6,12,일
2022-06-12,5호선,강일,2549,2378,4927,171,6,12,일
2022-06-12,5호선,마천,3965,4292,8257,-327,6,12,일
2022-06-12,5호선,거여,5053,4927,9980,126,6,12,일
2022-06-12,5호선,개롱,3270,3603,6873,-333,6,12,일
2022-06-12,5호선,오금,1623,1682,3305,-59,6,12,일
2022-06-12,5호선,방이,4569,4301,8870,268,6,12,일
2022-06-12,5호선,올림픽공원(한국체대),3953,4199,8152,-246,6,12,일
2022-06-12,5호선,둔촌동,4892,4843,9735,49,6,12,일
2022-06-12,5호선,상일동,7174,6849,14023,325,6,12,일
2022-06-12,5호선,고덕,4577,4561,9138,16,6,12,일
2022-06-12,5호선,명일,5389,5516,10905,-127,6,12,일
2022-06-12,5호선,굽은다리(강동구민회관앞),5558,5297,10855,261,6,12,일
2022-06-12,5호선,길동,4464,4466,8930,-2,6,12,일
2022-06-12,5호선,강동,9609,9421,19030,188,6,12,일
2022-06-12,5호선,천호(풍납토성),13366,12674,26040,692,6,12,일
2022-06-12,5호선,광나루(장신대),8550,8401,16951,149,6,12,일
2022-06-12,5호선,아차산(어린이대공원후문),11334,10837,22171,497,6,12,일
2022-06-12,5호선,군자(능동),6513,7211,13724,-698,6,12,일
2022-06-12,5호선,장한평,8618,8356,16974,262,6,12,일
2022-06-12,5호선,답십리,7873,7370,15243,503,6,12,일
2022-06-12,5호선,마장,2986,2893,5879,93,6,12,일
2022-06-12,5호선,왕십리(성동구청),2610,3099,5709,-489,6,12,일
2022-06-12,5호선,행당,4385,3974,8359,411,6,12,일
2022-06-12,5호선,신금호,3134,3499,6633,-365,6,12,일
2022-06-12,5호선,청구,1899,1835,3734,64,6,12,일
2022-06-12,5호선,동대문역사문화공원(DDP),718,811,1529,-93,6,12,일
2022-06-12,5호선,을지로4가,1825,2062,3887,-237,6,12,일
2022-06-12,5호선,종로3가,9818,8812,18630,1006,6,12,일
2022-06-12,5호선,광화문(세종문화회관),13688,14372,28060,-684,6,12,일
2022-06-12,5호선,서대문,7624,7857,15481,-233,6,12,일
2022-06-12,5호선,충정로(경기대입구),1608,1674,3282,-66,6,12,일
2022-06-12,5호선,애오개,2798,2839,5637,-41,6,12,일
2022-06-12,5호선,공덕,4829,5051,9880,-222,6,12,일
2022-06-12,5호선,마포,5141,5109,10250,32,6,12,일
2022-06-12,5호선,여의나루,12455,13410,25865,-955,6,12,일
2022-06-12,5호선,여의도,8383,9142,17525,-759,6,12,일
2022-06-12,5호선,신길,2097,2223,4320,-126,6,12,일
2022-06-12,5호선,영등포시장,6267,6508,12775,-241,6,12,일
2022-06-12,5호선,영등포구청,1467,1369,2836,98,6,12,일
2022-06-12,5호선,양평,2861,2886,5747,-25,6,12,일
2022-06-12,5호선,오목교(목동운동장앞),11812,12288,24100,-476,6,12,일
2022-06-12,5호선,목동,8831,8911,17742,-80,6,12,일
2022-06-12,5호선,신정(은행정),6775,6058,12833,717,6,12,일
2022-06-12,5호선,까치산,16531,16297,32828,234,6,12,일
2022-06-12,5호선,화곡,15202,14319,29521,883,6,12,일
2022-06-12,5호선,우장산,7348,7607,14955,-259,6,12,일
2022-06-12,5호선,발산,9783,10307,20090,-524,6,12,일
2022-06-12,5호선,마곡,3787,3986,7773,-199,6,12,일
2022-06-12,5호선,송정,4010,3973,7983,37,6,12,일
2022-06-12,5호선,김포공항,7194,7210,14404,-16,6,12,일
2022-06-12,5호선,개화산,2920,2938,5858,-18,6,12,일
2022-06-12,5호선,방화,3761,3797,7558,-36,6,12,일
2022-06-12,4호선,남태령,928,657,1585,271,6,12,일
2022-06-12,4호선,사당,17215,15927,33142,1288,6,12,일
2022-06-12,4호선,총신대입구(이수),10912,12009,22921,-1097,6,12,일
2022-06-12,4호선,동작(현충원),1314,1419,2733,-105,6,12,일
2022-06-12,4호선,이촌(국립중앙박물관),6877,7331,14208,-454,6,12,일
2022-06-12,4호선,신용산,9727,10040,19767,-313,6,12,일
2022-06-12,4호선,삼각지,3477,4626,8103,-1149,6,12,일
2022-06-12,4호선,숙대입구(갈월),8421,8445,16866,-24,6,12,일
2022-06-12,4호선,서울역,4803,11816,16619,-7013,6,12,일
2022-06-12,4호선,회현(남대문시장),9779,9721,19500,58,6,12,일
2022-06-12,4호선,명동,13371,14001,27372,-630,6,12,일
2022-06-12,4호선,충무로,9021,9878,18899,-857,6,12,일
2022-06-12,4호선,동대문역사문화공원(DDP),9741,8667,18408,1074,6,12,일
2022-06-12,4호선,동대문,7605,8040,15645,-435,6,12,일
2022-06-12,4호선,혜화,24145,25586,49731,-1441,6,12,일
2022-06-12,4호선,한성대입구(삼선교),8394,8365,16759,29,6,12,일
2022-06-12,4호선,성신여대입구(돈암),12720,12457,25177,263,6,12,일
2022-06-12,4호선,길음,11554,11171,22725,383,6,12,일
2022-06-12,4호선,미아사거리,16742,15881,32623,861,6,12,일
2022-06-12,4호선,미아(서울사이버대학),8629,8184,16813,445,6,12,일
2022-06-12,4호선,수유(강북구청),21458,20533,41991,925,6,12,일
2022-06-12,4호선,쌍문,17058,15386,32444,1672,6,12,일
2022-06-12,4호선,창동,16022,16621,32643,-599,6,12,일
2022-06-12,4호선,노원,12746,13929,26675,-1183,6,12,일
2022-06-12,4호선,상계,11320,10575,21895,745,6,12,일
2022-06-12,4호선,당고개,6451,6135,12586,316,6,12,일
2022-06-12,3호선,오금,2948,2846,5794,102,6,12,일
2022-06-12,3호선,경찰병원,2887,2915,5802,-28,6,12,일
2022-06-12,3호선,가락시장,3952,4216,8168,-264,6,12,일
2022-06-12,3호선,수서,11152,11291,22443,-139,6,12,일
2022-06-12,3호선,일원,3830,4035,7865,-205,6,12,일
2022-06-12,3호선,대청,4460,4484,8944,-24,6,12,일
2022-06-12,3호선,학여울,1666,1722,3388,-56,6,12,일
2022-06-12,3호선,대치,6439,5750,12189,689,6,12,일
2022-06-12,3호선,도곡,2096,2313,4409,-217,6,12,일
2022-06-12,3호선,매봉,4635,4630,9265,5,6,12,일
2022-06-12,3호선,양재(서초구청),14972,16872,31844,-1900,6,12,일
2022-06-12,3호선,남부터미널(예술의전당),15740,16820,32560,-1080,6,12,일
2022-06-12,3호선,교대(법원.검찰청),4720,2891,7611,1829,6,12,일
2022-06-12,3호선,고속터미널,43597,41773,85370,1824,6,12,일
2022-06-12,3호선,잠원,2377,2353,4730,24,6,12,일
2022-06-12,3호선,신사,14351,14421,28772,-70,6,12,일
2022-06-12,3호선,압구정,15186,15590,30776,-404,6,12,일
2022-06-12,3호선,옥수,5435,5654,11089,-219,6,12,일
2022-06-12,3호선,금호,4505,4276,8781,229,6,12,일
2022-06-12,3호선,약수,7388,7035,14423,353,6,12,일
2022-06-12,3호선,동대입구,5492,6203,11695,-711,6,12,일
2022-06-12,3호선,충무로,2,0,2,2,6,12,일
2022-06-12,3호선,을지로3가,3746,3523,7269,223,6,12,일
2022-06-12,3호선,종로3가,4395,5844,10239,-1449,6,12,일
2022-06-12,3호선,안국,13583,13113,26696,470,6,12,일
2022-06-12,3호선,경복궁(정부서울청사),19823,22958,42781,-3135,6,12,일
2022-06-12,3호선,독립문,4880,5471,10351,-591,6,12,일
2022-06-12,3호선,무악재,2020,2154,4174,-134,6,12,일
2022-06-12,3호선,홍제,10161,9573,19734,588,6,12,일
2022-06-12,3호선,녹번,8075,7226,15301,849,6,12,일
2022-06-12,3호선,불광,10488,11952,22440,-1464,6,12,일
2022-06-12,3호선,연신내,22566,21431,43997,1135,6,12,일
2022-06-12,3호선,구파발,12342,13067,25409,-725,6,12,일
2022-06-12,3호선,지축,2627,2495,5122,132,6,12,일
2022-06-12,2호선,용두(동대문구청),1072,1092,2164,-20,6,12,일
2022-06-12,2호선,신정네거리,5789,5699,11488,90,6,12,일
2022-06-12,2호선,양천구청,3498,3627,7125,-129,6,12,일
2022-06-12,2호선,도림천,573,549,1122,24,6,12,일
2022-06-12,2호선,신설동,3323,3274,6597,49,6,12,일
2022-06-12,2호선,신답,790,883,1673,-93,6,12,일
2022-06-12,2호선,용답,1716,1728,3444,-12,6,12,일
2022-06-12,2호선,충정로(경기대입구),4088,4539,8627,-451,6,12,일
2022-06-12,2호선,아현,5609,5471,11080,138,6,12,일
2022-06-12,2호선,이대,7047,7810,14857,-763,6,12,일
2022-06-12,2호선,신촌,21806,21334,43140,472,6,12,일
2022-06-12,2호선,홍대입구,50841,49997,100838,844,6,12,일
2022-06-12,2호선,합정,21740,23093,44833,-1353,6,12,일
2022-06-12,2호선,당산,9556,10312,19868,-756,6,12,일
2022-06-12,공항철도 1호선,영종,2755,2735,5490,20,6,12,일
2022-06-12,경원선,양주,5634,5459,11093,175,6,12,일
2022-06-12,2호선,영등포구청,8550,8891,17441,-341,6,12,일
2022-06-12,2호선,문래,8586,9223,17809,-637,6,12,일
2022-06-12,2호선,신도림,30656,31582,62238,-926,6,12,일
2022-06-12,2호선,대림(구로구청),17183,17219,34402,-36,6,12,일
2022-06-12,2호선,구로디지털단지,25601,24873,50474,728,6,12,일
2022-06-12,2호선,신대방,16433,15927,32360,506,6,12,일
2022-06-12,2호선,신림,37879,37281,75160,598,6,12,일
2022-06-13,경원선,월계,8693,8104,16797,589,6,13,월
2022-06-13,중앙선,지평,71,80,151,-9,6,13,월
2022-06-13,중앙선,용문,2067,2013,4080,54,6,13,월
2022-06-13,중앙선,원덕,460,406,866,54,6,13,월
2022-06-13,중앙선,양평,4003,3974,7977,29,6,13,월
2022-06-13,중앙선,오빈,367,336,703,31,6,13,월
2022-06-13,중앙선,아신,611,612,1223,-1,6,13,월
2022-06-13,중앙선,국수,889,875,1764,14,6,13,월
2022-06-13,중앙선,신원,245,206,451,39,6,13,월
2022-06-13,중앙선,양수,2153,2203,4356,-50,6,13,월
2022-06-13,중앙선,운길산,962,883,1845,79,6,13,월
2022-06-13,중앙선,팔당,962,964,1926,-2,6,13,월
2022-06-13,중앙선,도심,2815,2127,4942,688,6,13,월
2022-06-13,중앙선,덕소,6046,5929,11975,117,6,13,월
2022-06-13,중앙선,양정,815,722,1537,93,6,13,월
2022-06-13,중앙선,도농,12546,11112,23658,1434,6,13,월
2022-06-13,중앙선,구리,14009,13996,28005,13,6,13,월
2022-06-13,5호선,명일,9169,9581,18750,-412,6,13,월
2022-06-13,경원선,가능,7153,6913,14066,240,6,13,월
2022-06-13,1호선,서울역,48140,44778,92918,3362,6,13,월
2022-06-13,1호선,시청,23957,22242,46199,1715,6,13,월
2022-06-13,1호선,종각,37732,34409,72141,3323,6,13,월
2022-06-13,1호선,종로3가,26505,23891,50396,2614,6,13,월
2022-06-13,1호선,종로5가,23452,22493,45945,959,6,13,월
2022-06-13,1호선,동대문,11179,10794,21973,385,6,13,월
2022-06-13,1호선,신설동,14198,12936,27134,1262,6,13,월
2022-06-13,1호선,제기동,17455,17599,35054,-144,6,13,월
2022-06-13,1호선,청량리(서울시립대입구),20221,19785,40006,436,6,13,월
2022-06-13,1호선,동묘앞,7819,7993,15812,-174,6,13,월
2022-06-13,2호선,시청,24551,25074,49625,-523,6,13,월
2022-06-13,2호선,을지로입구,38972,41394,80366,-2422,6,13,월
2022-06-13,2호선,을지로3가,23794,24462,48256,-668,6,13,월
2022-06-13,2호선,을지로4가,13768,13537,27305,231,6,13,월
2022-06-13,2호선,동대문역사문화공원(DDP),12146,14032,26178,-1886,6,13,월
2022-06-13,2호선,신당,14059,14293,28352,-234,6,13,월
2022-06-13,2호선,상왕십리,14695,14239,28934,456,6,13,월
2022-06-13,2호선,왕십리(성동구청),16516,12983,29499,3533,6,13,월
2022-06-13,2호선,한양대,14030,15698,29728,-1668,6,13,월
2022-06-13,2호선,뚝섬,21717,23422,45139,-1705,6,13,월
2022-06-13,2호선,성수,37239,40568,77807,-3329,6,13,월
2022-06-13,2호선,건대입구,33644,36030,69674,-2386,6,13,월
2022-06-13,2호선,구의(광진구청),24183,24035,48218,148,6,13,월
2022-06-13,2호선,강변(동서울터미널),32105,30330,62435,1775,6,13,월
2022-06-13,2호선,잠실나루,16189,16057,32246,132,6,13,월
2022-06-13,2호선,잠실(송파구청),64207,63859,128066,348,6,13,월
2022-06-13,2호선,잠실새내,21870,21832,43702,38,6,13,월
2022-06-13,2호선,종합운동장,7418,8374,15792,-956,6,13,월
2022-06-13,2호선,삼성(무역센터),52409,53542,105951,-1133,6,13,월
2022-06-13,2호선,선릉,62877,56166,119043,6711,6,13,월
2022-06-13,2호선,역삼,56558,64396,120954,-7838,6,13,월
2022-06-13,2호선,강남,84137,81651,165788,2486,6,13,월
2022-06-13,2호선,교대(법원.검찰청),36548,41486,78034,-4938,6,13,월
2022-06-13,2호선,서초,22704,22342,45046,362,6,13,월
2022-06-13,2호선,방배,20374,21118,41492,-744,6,13,월
2022-06-13,2호선,사당,39334,43660,82994,-4326,6,13,월
2022-06-13,2호선,낙성대(강감찬),28238,27911,56149,327,6,13,월
2022-06-13,2호선,서울대입구(관악구청),48195,46993,95188,1202,6,13,월
2022-06-13,2호선,봉천,25221,23458,48679,1763,6,13,월
2022-06-13,2호선,신림,60565,57881,118446,2684,6,13,월
2022-06-13,2호선,신대방,26784,25925,52709,859,6,13,월
2022-06-13,2호선,구로디지털단지,62665,62520,125185,145,6,13,월
2022-06-13,2호선,대림(구로구청),25690,25929,51619,-239,6,13,월
2022-06-13,2호선,신도림,48917,47570,96487,1347,6,13,월
2022-06-13,2호선,문래,23348,23951,47299,-603,6,13,월
2022-06-13,2호선,영등포구청,23272,24349,47621,-1077,6,13,월
2022-06-13,2호선,당산,19448,23047,42495,-3599,6,13,월
2022-06-13,2호선,합정,30166,32044,62210,-1878,6,13,월
2022-06-13,2호선,홍대입구,52209,54656,106865,-2447,6,13,월
2022-06-13,2호선,신촌,33134,33686,66820,-552,6,13,월
2022-06-13,2호선,이대,13966,15168,29134,-1202,6,13,월
2022-06-13,2호선,아현,10821,10334,21155,487,6,13,월
2022-06-13,2호선,충정로(경기대입구),10502,11321,21823,-819,6,13,월
2022-06-13,2호선,용답,3006,3078,6084,-72,6,13,월
2022-06-13,2호선,신답,1709,1945,3654,-236,6,13,월
2022-06-13,2호선,신설동,3306,3340,6646,-34,6,13,월
2022-06-13,2호선,도림천,1377,1430,2807,-53,6,13,월
2022-06-13,2호선,양천구청,7498,7547,15045,-49,6,13,월
2022-06-13,2호선,신정네거리,10941,11157,22098,-216,6,13,월
2022-06-13,2호선,용두(동대문구청),2459,2473,4932,-14,6,13,월
2022-06-13,3호선,지축,5489,5149,10638,340,6,13,월
2022-06-13,3호선,구파발,22309,21457,43766,852,6,13,월
2022-06-13,3호선,연신내,37877,35405,73282,2472,6,13,월
2022-06-13,3호선,불광,16819,17842,34661,-1023,6,13,월
2022-06-13,3호선,녹번,16492,14998,31490,1494,6,13,월
2022-06-13,3호선,홍제,18811,17728,36539,1083,6,13,월
2022-06-13,3호선,무악재,4166,4258,8424,-92,6,13,월
2022-06-13,3호선,독립문,7355,7443,14798,-88,6,13,월
2022-06-13,3호선,경복궁(정부서울청사),26604,28347,54951,-1743,6,13,월
2022-06-13,3호선,안국,23455,22986,46441,469,6,13,월
2022-06-13,3호선,종로3가,10365,11665,22030,-1300,6,13,월
2022-06-13,3호선,을지로3가,11297,11340,22637,-43,6,13,월
2022-06-13,3호선,충무로,1,0,1,1,6,13,월
2022-06-13,3호선,동대입구,14124,14824,28948,-700,6,13,월
2022-06-13,3호선,약수,13880,13496,27376,384,6,13,월
2022-06-13,3호선,금호,8330,7658,15988,672,6,13,월
2022-06-13,3호선,옥수,9367,9609,18976,-242,6,13,월
2022-06-13,3호선,압구정,30975,33226,64201,-2251,6,13,월
2022-06-13,3호선,신사,28838,30831,59669,-1993,6,13,월
2022-06-13,3호선,잠원,5117,4900,10017,217,6,13,월
2022-06-13,3호선,고속터미널,41537,39813,81350,1724,6,13,월
2022-06-13,3호선,교대(법원.검찰청),16101,10576,26677,5525,6,13,월
2022-06-13,3호선,남부터미널(예술의전당),30112,31117,61229,-1005,6,13,월
2022-06-13,3호선,양재(서초구청),39631,43656,83287,-4025,6,13,월
2022-06-13,3호선,매봉,13580,13025,26605,555,6,13,월
2022-06-13,3호선,도곡,5894,5855,11749,39,6,13,월
2022-06-13,3호선,대치,11652,11840,23492,-188,6,13,월
2022-06-13,3호선,학여울,1892,1963,3855,-71,6,13,월
2022-06-13,3호선,대청,11179,10242,21421,937,6,13,월
2022-06-13,3호선,일원,11898,11466,23364,432,6,13,월
2022-06-13,3호선,수서,18048,18634,36682,-586,6,13,월
2022-06-13,3호선,가락시장,9657,9440,19097,217,6,13,월
2022-06-13,3호선,경찰병원,7978,7908,15886,70,6,13,월
2022-06-13,3호선,오금,6842,6053,12895,789,6,13,월
2022-06-13,4호선,당고개,9397,8414,17811,983,6,13,월
2022-06-13,4호선,상계,20070,18489,38559,1581,6,13,월
2022-06-13,4호선,노원,18569,20764,39333,-2195,6,13,월
2022-06-13,4호선,창동,26269,28076,54345,-1807,6,13,월
2022-06-13,4호선,쌍문,29910,28911,58821,999,6,13,월
2022-06-13,4호선,수유(강북구청),34947,36150,71097,-1203,6,13,월
2022-06-13,4호선,미아(서울사이버대학),16026,16395,32421,-369,6,13,월
2022-06-13,4호선,미아사거리,27235,27560,54795,-325,6,13,월
2022-06-13,4호선,길음,22688,23187,45875,-499,6,13,월
2022-06-13,4호선,성신여대입구(돈암),20635,20758,41393,-123,6,13,월
2022-06-13,4호선,한성대입구(삼선교),14686,15004,29690,-318,6,13,월
2022-06-13,4호선,혜화,30752,30021,60773,731,6,13,월
2022-06-13,4호선,동대문,20776,21440,42216,-664,6,13,월
2022-06-13,4호선,동대문역사문화공원(DDP),15233,14099,29332,1134,6,13,월
2022-06-13,4호선,충무로,30166,30680,60846,-514,6,13,월
2022-06-13,4호선,명동,21885,21233,43118,652,6,13,월
2022-06-13,4호선,회현(남대문시장),26179,26744,52923,-565,6,13,월
2022-06-13,4호선,서울역,12274,18401,30675,-6127,6,13,월
2022-06-13,4호선,숙대입구(갈월),14847,13980,28827,867,6,13,월
2022-06-13,4호선,삼각지,5352,6837,12189,-1485,6,13,월
2022-06-13,4호선,신용산,18871,18960,37831,-89,6,13,월
2022-06-13,4호선,이촌(국립중앙박물관),8669,9559,18228,-890,6,13,월
2022-06-13,4호선,동작(현충원),1652,1943,3595,-291,6,13,월
2022-06-13,4호선,총신대입구(이수),19971,21927,41898,-1956,6,13,월
2022-06-13,4호선,사당,27324,23566,50890,3758,6,13,월
2022-06-13,4호선,남태령,1383,1962,3345,-579,6,13,월
2022-06-13,5호선,방화,7175,6767,13942,408,6,13,월
2022-06-13,5호선,개화산,6088,5724,11812,364,6,13,월
2022-06-13,5호선,김포공항,7250,7105,14355,145,6,13,월
2022-06-13,5호선,송정,7063,6523,13586,540,6,13,월
2022-06-13,5호선,마곡,11432,11409,22841,23,6,13,월
2022-06-13,5호선,발산,21884,22629,44513,-745,6,13,월
2022-06-13,5호선,우장산,15768,15270,31038,498,6,13,월
2022-06-13,5호선,화곡,30015,28053,58068,1962,6,13,월
2022-06-13,5호선,까치산,30501,28915,59416,1586,6,13,월
2022-06-13,5호선,신정(은행정),14866,12053,26919,2813,6,13,월
2022-06-13,5호선,목동,18024,19188,37212,-1164,6,13,월
2022-06-13,5호선,오목교(목동운동장앞),22389,23849,46238,-1460,6,13,월
2022-06-13,5호선,양평,7945,7919,15864,26,6,13,월
2022-06-13,5호선,영등포구청,4480,4565,9045,-85,6,13,월
2022-06-13,5호선,영등포시장,10560,10819,21379,-259,6,13,월
2022-06-13,5호선,신길,4520,4677,9197,-157,6,13,월
2022-06-13,5호선,여의도,29082,31288,60370,-2206,6,13,월
2022-06-13,5호선,여의나루,9938,10456,20394,-518,6,13,월
2022-06-13,5호선,마포,15370,15709,31079,-339,6,13,월
2022-06-13,5호선,공덕,15294,16157,31451,-863,6,13,월
2022-06-13,5호선,애오개,7107,7061,14168,46,6,13,월
2022-06-13,5호선,충정로(경기대입구),4900,5084,9984,-184,6,13,월
2022-06-13,5호선,서대문,21601,22031,43632,-430,6,13,월
2022-06-13,5호선,광화문(세종문화회관),32080,34719,66799,-2639,6,13,월
2022-06-13,5호선,종로3가,12509,12601,25110,-92,6,13,월
2022-06-13,5호선,을지로4가,6633,6709,13342,-76,6,13,월
2022-06-13,5호선,동대문역사문화공원(DDP),3092,3662,6754,-570,6,13,월
2022-06-13,5호선,청구,4290,3781,8071,509,6,13,월
2022-06-13,5호선,신금호,6929,7181,14110,-252,6,13,월
2022-06-13,5호선,행당,8592,7517,16109,1075,6,13,월
2022-06-13,5호선,왕십리(성동구청),4546,5205,9751,-659,6,13,월
2022-06-13,5호선,마장,5911,5525,11436,386,6,13,월
2022-06-13,5호선,답십리,16601,15047,31648,1554,6,13,월
2022-06-13,5호선,장한평,18974,18810,37784,164,6,13,월
2022-06-13,5호선,군자(능동),11547,12493,24040,-946,6,13,월
2022-06-13,5호선,아차산(어린이대공원후문),15219,14705,29924,514,6,13,월
2022-06-13,5호선,광나루(장신대),13845,12532,26377,1313,6,13,월
2022-06-13,5호선,천호(풍납토성),17050,17517,34567,-467,6,13,월
2022-06-13,5호선,강동,19527,18875,38402,652,6,13,월
2022-06-13,5호선,길동,8448,8668,17116,-220,6,13,월
2022-06-13,5호선,굽은다리(강동구민회관앞),9993,9388,19381,605,6,13,월
2022-06-13,5호선,고덕,10240,10221,20461,19,6,13,월
2022-06-13,5호선,상일동,15979,14486,30465,1493,6,13,월
2022-06-13,5호선,둔촌동,8454,8439,16893,15,6,13,월
2022-06-13,5호선,올림픽공원(한국체대),4608,3964,8572,644,6,13,월
2022-06-13,5호선,방이,7413,7602,15015,-189,6,13,월
2022-06-13,5호선,오금,4003,4118,8121,-115,6,13,월
2022-06-13,5호선,개롱,7000,7250,14250,-250,6,13,월
2022-06-13,5호선,거여,11094,10595,21689,499,6,13,월
2022-06-13,5호선,마천,7926,7519,15445,407,6,13,월
2022-06-13,5호선,강일,4934,4863,9797,71,6,13,월
2022-06-13,5호선,미사,17048,17139,34187,-91,6,13,월
2022-06-13,5호선,하남풍산,4584,4516,9100,68,6,13,월
2022-06-13,5호선,하남시청(덕풍·신장),7615,7248,14863,367,6,13,월
2022-06-13,5호선,하남검단산,6210,5815,12025,395,6,13,월
2022-06-13,6호선,응암,18158,18063,36221,95,6,13,월
2022-06-13,6호선,역촌,3942,4595,8537,-653,6,13,월
2022-06-13,6호선,불광,4440,4406,8846,34,6,13,월
2022-06-13,6호선,독바위,2899,3028,5927,-129,6,13,월
2022-06-13,6호선,구산,8144,6036,14180,2108,6,13,월
2022-06-13,6호선,새절(신사),13862,12636,26498,1226,6,13,월
2022-06-13,6호선,증산(명지대앞),10396,10482,20878,-86,6,13,월
2022-06-13,6호선,디지털미디어시티,15495,16935,32430,-1440,6,13,월
2022-06-13,6호선,월드컵경기장(성산),4552,4694,9246,-142,6,13,월
2022-06-13,6호선,마포구청,14916,13359,28275,1557,6,13,월
2022-06-13,6호선,망원,13484,14231,27715,-747,6,13,월
2022-06-13,6호선,합정,12908,12839,25747,69,6,13,월
2022-06-13,6호선,상수,8775,9803,18578,-1028,6,13,월
2022-06-13,6호선,광흥창(서강),9782,9489,19271,293,6,13,월
2022-06-13,6호선,대흥(서강대앞),8843,9038,17881,-195,6,13,월
2022-06-13,6호선,공덕,19839,19101,38940,738,6,13,월
2022-06-13,6호선,효창공원앞,7831,7222,15053,609,6,13,월
2022-06-13,6호선,삼각지,7268,6423,13691,845,6,13,월
2022-06-13,6호선,녹사평(용산구청),4562,4476,9038,86,6,13,월
2022-06-13,6호선,이태원,9758,10001,19759,-243,6,13,월
2022-06-13,6호선,한강진,7017,8154,15171,-1137,6,13,월
2022-06-13,6호선,버티고개,2276,2269,4545,7,6,13,월
2022-06-13,6호선,약수,3879,3891,7770,-12,6,13,월
2022-06-13,6호선,청구,3849,4080,7929,-231,6,13,월
2022-06-13,6호선,신당,7976,8463,16439,-487,6,13,월
2022-06-13,6호선,동묘앞,8047,8408,16455,-361,6,13,월
2022-06-13,6호선,창신,4007,3344,7351,663,6,13,월
2022-06-13,6호선,보문,7938,6989,14927,949,6,13,월
2022-06-13,6호선,안암(고대병원앞),13103,13676,26779,-573,6,13,월
2022-06-13,6호선,고려대(종암),9037,8616,17653,421,6,13,월
2022-06-13,6호선,월곡(동덕여대),12692,12523,25215,169,6,13,월
2022-06-13,6호선,상월곡(한국과학기술연구원),6674,6124,12798,550,6,13,월
2022-06-13,6호선,돌곶이,10035,9289,19324,746,6,13,월
2022-06-13,6호선,석계,13180,13504,26684,-324,6,13,월
2022-06-13,6호선,태릉입구,5802,6463,12265,-661,6,13,월
2022-06-13,6호선,화랑대(서울여대입구),12646,9829,22475,2817,6,13,월
2022-06-13,6호선,봉화산(서울의료원),9466,8769,18235,697,6,13,월
2022-06-13,7호선,장암,2395,832,3227,1563,6,13,월
2022-06-13,7호선,도봉산,10199,11147,21346,-948,6,13,월
2022-06-13,7호선,수락산,13321,12980,26301,341,6,13,월
2022-06-13,7호선,마들,13522,12832,26354,690,6,13,월
2022-06-13,7호선,노원,19440,20446,39886,-1006,6,13,월
2022-06-13,7호선,중계,15851,14489,30340,1362,6,13,월
2022-06-13,7호선,하계,19197,17836,37033,1361,6,13,월
2022-06-13,7호선,공릉(서울과학기술대),12003,12148,24151,-145,6,13,월
2022-06-13,7호선,태릉입구,9133,8645,17778,488,6,13,월
2022-06-13,7호선,먹골,10390,10229,20619,161,6,13,월
2022-06-13,7호선,중화,11132,10883,22015,249,6,13,월
2022-06-13,7호선,상봉(시외버스터미널),17157,16272,33429,885,6,13,월
2022-06-13,7호선,면목,16973,16526,33499,447,6,13,월
2022-06-13,7호선,사가정,16749,16987,33736,-238,6,13,월
2022-06-13,7호선,용마산(용마폭포공원),6288,6031,12319,257,6,13,월
2022-06-13,7호선,중곡,11622,10750,22372,872,6,13,월
2022-06-13,7호선,군자(능동),15429,12410,27839,3019,6,13,월
2022-06-13,7호선,어린이대공원(세종대),15817,16193,32010,-376,6,13,월
2022-06-13,7호선,건대입구,13217,13647,26864,-430,6,13,월
2022-06-13,7호선,뚝섬유원지,8412,8087,16499,325,6,13,월
2022-06-13,7호선,청담,20863,23367,44230,-2504,6,13,월
2022-06-13,7호선,강남구청,17150,18927,36077,-1777,6,13,월
2022-06-13,7호선,학동,25963,27485,53448,-1522,6,13,월
2022-06-13,7호선,논현,20626,21715,42341,-1089,6,13,월
2022-06-13,7호선,반포,6353,6128,12481,225,6,13,월
2022-06-13,7호선,고속터미널,16710,14113,30823,2597,6,13,월
2022-06-13,7호선,내방,15838,16054,31892,-216,6,13,월
2022-06-13,7호선,이수,16488,15799,32287,689,6,13,월
2022-06-13,7호선,남성,11990,11118,23108,872,6,13,월
2022-06-13,7호선,숭실대입구(살피재),16185,16437,32622,-252,6,13,월
2022-06-13,7호선,상도,12029,11786,23815,243,6,13,월
2022-06-13,7호선,장승배기,9593,9427,19020,166,6,13,월
2022-06-13,7호선,신대방삼거리,16506,15669,32175,837,6,13,월
2022-06-13,7호선,보라매,8870,8973,17843,-103,6,13,월
2022-06-13,7호선,신풍,12535,11924,24459,611,6,13,월
2022-06-13,7호선,대림(구로구청),8485,8262,16747,223,6,13,월
2022-06-13,7호선,남구로,16933,17824,34757,-891,6,13,월
2022-06-13,7호선,가산디지털단지,48517,49158,97675,-641,6,13,월
2022-06-13,7호선,철산,22440,22722,45162,-282,6,13,월
2022-06-13,7호선,광명사거리,22817,22414,45231,403,6,13,월
2022-06-13,7호선,천왕,12489,11743,24232,746,6,13,월
2022-06-13,7호선,온수(성공회대입구),11937,11038,22975,899,6,13,월
2022-06-13,8호선,암사,19831,17425,37256,2406,6,13,월
2022-06-13,8호선,천호(풍납토성),14591,16473,31064,-1882,6,13,월
2022-06-13,8호선,강동구청,10939,11338,22277,-399,6,13,월
2022-06-13,8호선,몽촌토성(평화의문),6293,6499,12792,-206,6,13,월
2022-06-13,8호선,잠실(송파구청),13633,16089,29722,-2456,6,13,월
2022-06-13,8호선,석촌,7814,8795,16609,-981,6,13,월
2022-06-13,8호선,송파,8924,8672,17596,252,6,13,월
2022-06-13,8호선,가락시장,8042,8978,17020,-936,6,13,월
2022-06-13,8호선,문정,23149,24658,47807,-1509,6,13,월
2022-06-13,8호선,장지,17720,17005,34725,715,6,13,월
2022-06-13,8호선,복정,10299,8861,19160,1438,6,13,월
2022-06-13,8호선,산성,5744,5775,11519,-31,6,13,월
2022-06-13,8호선,남한산성입구(성남법원.검찰청),16331,15278,31609,1053,6,13,월
2022-06-13,8호선,단대오거리,11665,11058,22723,607,6,13,월
2022-06-13,8호선,신흥,4319,4720,9039,-401,6,13,월
2022-06-13,8호선,수진,5688,5280,10968,408,6,13,월
2022-06-13,8호선,모란,4741,3697,8438,1044,6,13,월
2022-06-13,8호선,남위례,5711,5957,11668,-246,6,13,월
2022-06-13,9호선,개화,2961,2006,4967,955,6,13,월
2022-06-13,9호선,김포공항,7463,10944,18407,-3481,6,13,월
2022-06-13,9호선,공항시장,3081,3374,6455,-293,6,13,월
2022-06-13,9호선,신방화,7248,6988,14236,260,6,13,월
2022-06-13,9호선,마곡나루(서울식물원),12900,12929,25829,-29,6,13,월
2022-06-13,9호선,양천향교,10575,10797,21372,-222,6,13,월
2022-06-13,9호선,가양,22297,21688,43985,609,6,13,월
2022-06-13,9호선,증미,7989,7723,15712,266,6,13,월
2022-06-13,9호선,등촌,12360,11817,24177,543,6,13,월
2022-06-13,9호선,염창,18404,17895,36299,509,6,13,월
2022-06-13,9호선,신목동,4690,4060,8750,630,6,13,월
2022-06-13,9호선,선유도,9409,8981,18390,428,6,13,월
2022-06-13,9호선,당산,19029,19664,38693,-635,6,13,월
2022-06-13,9호선,국회의사당,17890,18640,36530,-750,6,13,월
2022-06-13,9호선,여의도,28651,28485,57136,166,6,13,월
2022-06-13,9호선,샛강,6821,6733,13554,88,6,13,월
2022-06-13,9호선,노량진,26040,26675,52715,-635,6,13,월
2022-06-13,9호선,노들,4755,3957,8712,798,6,13,월
2022-06-13,9호선,흑석(중앙대입구),9316,9561,18877,-245,6,13,월
2022-06-13,9호선,동작(현충원),2177,1740,3917,437,6,13,월
2022-06-13,9호선,구반포,1357,1399,2756,-42,6,13,월
2022-06-13,9호선,신반포,3837,3624,7461,213,6,13,월
2022-06-13,9호선,고속터미널,13043,16314,29357,-3271,6,13,월
2022-06-13,9호선,사평,3903,3832,7735,71,6,13,월
2022-06-13,9호선,신논현,31161,30295,61456,866,6,13,월
2022-06-13,9호선2~3단계,언주,11028,11623,22651,-595,6,13,월
2022-06-13,9호선2~3단계,선정릉,10814,11747,22561,-933,6,13,월
2022-06-13,9호선2~3단계,삼성중앙,7941,8310,16251,-369,6,13,월
2022-06-13,9호선2~3단계,봉은사,17066,17605,34671,-539,6,13,월
2022-06-13,9호선2~3단계,종합운동장,4339,4535,8874,-196,6,13,월
2022-06-13,9호선2~3단계,삼전,7320,6915,14235,405,6,13,월
2022-06-13,9호선2~3단계,석촌고분,6303,6239,12542,64,6,13,월
2022-06-13,9호선2~3단계,석촌,9166,8083,17249,1083,6,13,월
2022-06-13,9호선2~3단계,송파나루,5003,5285,10288,-282,6,13,월
2022-06-13,9호선2~3단계,한성백제,2756,2417,5173,339,6,13,월
2022-06-13,9호선2~3단계,올림픽공원(한국체대),6454,6670,13124,-216,6,13,월
2022-06-13,9호선2~3단계,둔촌오륜,1213,1141,2354,72,6,13,월
2022-06-13,9호선2~3단계,중앙보훈병원,12495,10937,23432,1558,6,13,월
2022-06-13,경강선,판교,4909,4789,9698,120,6,13,월
2022-06-13,경강선,이매,1277,1076,2353,201,6,13,월
2022-06-13,경강선,삼동,2658,2423,5081,235,6,13,월
2022-06-13,경강선,경기광주,8407,7945,16352,462,6,13,월
2022-06-13,경강선,초월,3448,3318,6766,130,6,13,월
2022-06-13,경강선,곤지암,2419,2454,4873,-35,6,13,월
2022-06-13,경강선,신둔도예촌,1796,1639,3435,157,6,13,월
2022-06-13,경강선,이천,2696,2831,5527,-135,6,13,월
2022-06-13,경강선,부발,2195,2337,4532,-142,6,13,월
2022-06-13,경강선,세종대왕릉,351,347,698,4,6,13,월
2022-06-13,경강선,여주,2707,2758,5465,-51,6,13,월
2022-06-13,경부선,서울역,7426,2209,9635,5217,6,13,월
2022-06-13,경부선,남영,9710,10186,19896,-476,6,13,월
2022-06-13,경부선,용산,35652,37075,72727,-1423,6,13,월
2022-06-13,경부선,노량진,8169,8706,16875,-537,6,13,월
2022-06-13,경부선,대방,12190,13309,25499,-1119,6,13,월
2022-06-13,경부선,영등포,36831,38196,75027,-1365,6,13,월
2022-06-13,경부선,신도림,4355,4497,8852,-142,6,13,월
2022-06-13,경부선,신길,9885,8597,18482,1288,6,13,월
2022-06-13,경부선,구로,20110,20860,40970,-750,6,13,월
2022-06-13,경부선,가산디지털단지,20190,22542,42732,-2352,6,13,월
2022-06-13,경부선,금천구청,12242,13451,25693,-1209,6,13,월
2022-06-13,경부선,석수,10338,9374,19712,964,6,13,월
2022-06-13,경부선,관악,8031,7567,15598,464,6,13,월
2022-06-13,경부선,안양,28283,27946,56229,337,6,13,월
2022-06-13,경부선,명학,10972,10826,21798,146,6,13,월
2022-06-13,경부선,금정,28970,29704,58674,-734,6,13,월
2022-06-13,경부선,군포,8149,8050,16199,99,6,13,월
2022-06-13,경부선,의왕,9953,10065,20018,-112,6,13,월
2022-06-13,경부선,성균관대,15548,15535,31083,13,6,13,월
2022-06-13,경부선,화서,9109,8645,17754,464,6,13,월
2022-06-13,경부선,수원,37498,39784,77282,-2286,6,13,월
2022-06-13,경부선,독산,20064,20911,40975,-847,6,13,월
2022-06-13,경부선,세류,3324,2994,6318,330,6,13,월
2022-06-13,경부선,병점,18158,17984,36142,174,6,13,월
2022-06-13,경부선,세마,3231,3043,6274,188,6,13,월
2022-06-13,경부선,오산대,4407,4009,8416,398,6,13,월
2022-06-13,경부선,오산,11210,11300,22510,-90,6,13,월
2022-06-13,경부선,진위,1950,1719,3669,231,6,13,월
2022-06-13,경부선,송탄,4606,4414,9020,192,6,13,월
2022-06-13,경부선,서정리,8369,8125,16494,244,6,13,월
2022-06-13,경부선,평택지제,4058,3959,8017,99,6,13,월
2022-06-13,경부선,평택,13811,13899,27710,-88,6,13,월
2022-06-13,경부선,성환,7342,7185,14527,157,6,13,월
2022-06-13,경부선,직산,979,965,1944,14,6,13,월
2022-06-13,경부선,두정,7766,9027,16793,-1261,6,13,월
2022-06-13,경부선,천안,7314,7211,14525,103,6,13,월
2022-06-13,경부선,당정,7717,7167,14884,550,6,13,월
2022-06-13,경부선,서동탄,1601,1398,2999,203,6,13,월
2022-06-13,경부선,광명,3797,3187,6984,610,6,13,월
2022-06-13,경원선,이촌(국립중앙박물관),4156,3167,7323,989,6,13,월
2022-06-13,경원선,서빙고,2149,1853,4002,296,6,13,월
2022-06-13,경원선,한남,4478,4221,8699,257,6,13,월
2022-06-13,경원선,옥수,56,44,100,12,6,13,월
2022-06-13,경원선,응봉,2062,1688,3750,374,6,13,월
2022-06-13,경원선,왕십리(성동구청),14766,15849,30615,-1083,6,13,월
2022-06-13,경원선,청량리(서울시립대입구),14984,15579,30563,-595,6,13,월
2022-06-13,경원선,외대앞,8226,8409,16635,-183,6,13,월
2022-06-13,경원선,신이문,8673,8073,16746,600,6,13,월
2022-06-13,경원선,석계,8485,9713,18198,-1228,6,13,월
2022-06-13,경원선,광운대,9121,9202,18323,-81,6,13,월
2022-06-13,경원선,녹천,5144,4199,9343,945,6,13,월
2022-06-13,경원선,방학,10458,10188,20646,270,6,13,월
2022-06-13,경원선,도봉,6295,5965,12260,330,6,13,월
2022-06-13,경원선,도봉산,7726,4988,12714,2738,6,13,월
2022-06-13,경원선,망월사,10077,10234,20311,-157,6,13,월
2022-06-13,경원선,회룡,13330,13306,26636,24,6,13,월
2022-06-13,경원선,의정부,18364,18913,37277,-549,6,13,월
2022-06-13,경원선,녹양,4888,4627,9515,261,6,13,월
2022-06-13,경원선,양주,8284,7939,16223,345,6,13,월
2022-06-13,경원선,덕계,3681,3204,6885,477,6,13,월
2022-06-13,경원선,덕정,6557,6374,12931,183,6,13,월
2022-06-13,경원선,지행,7022,7006,14028,16,6,13,월
2022-06-13,경원선,동두천중앙,3374,3181,6555,193,6,13,월
2022-06-13,경원선,보산,1646,1363,3009,283,6,13,월
2022-06-13,경원선,동두천,2657,2985,5642,-328,6,13,월
2022-06-13,경원선,소요산,2533,2082,4615,451,6,13,월
2022-06-13,경의선,서울역,5027,6611,11638,-1584,6,13,월
2022-06-13,경의선,신촌,935,1226,2161,-291,6,13,월
2022-06-13,경의선,효창공원앞,3342,3734,7076,-392,6,13,월
2022-06-13,경의선,공덕,3676,3528,7204,148,6,13,월
2022-06-13,경의선,서강대,2292,2262,4554,30,6,13,월
2022-06-13,경의선,홍대입구,1681,1992,3673,-311,6,13,월
2022-06-13,경의선,가좌,6043,5658,11701,385,6,13,월
2022-06-13,경의선,디지털미디어시티,2874,2598,5472,276,6,13,월
2022-06-13,경의선,수색,3250,3459,6709,-209,6,13,월
2022-06-13,경의선,화전,2991,2870,5861,121,6,13,월
2022-06-13,경의선,강매,3672,3116,6788,556,6,13,월
2022-06-13,경의선,행신,8851,8769,17620,82,6,13,월
2022-06-13,경의선,능곡,4182,3790,7972,392,6,13,월
2022-06-13,경의선,곡산,695,696,1391,-1,6,13,월
2022-06-13,경의선,백마,7630,7269,14899,361,6,13,월
2022-06-13,경의선,풍산,6026,5674,11700,352,6,13,월
2022-06-13,경의선,일산,11177,10899,22076,278,6,13,월
2022-06-13,경의선,탄현,8532,7981,16513,551,6,13,월
2022-06-13,경의선,야당,8239,8021,16260,218,6,13,월
2022-06-13,경의선,운정,7653,6999,14652,654,6,13,월
2022-06-13,경의선,금릉,5371,5091,10462,280,6,13,월
2022-06-13,경의선,금촌,6590,6565,13155,25,6,13,월
2022-06-13,경의선,월롱,3153,3128,6281,25,6,13,월
2022-06-13,경의선,파주,1647,1255,2902,392,6,13,월
2022-06-13,경의선,문산,5498,5419,10917,79,6,13,월
2022-06-13,경의선,임진강,11,12,23,-1,6,13,월
2022-06-13,경인선,개봉,22670,22252,44922,418,6,13,월
2022-06-13,경인선,오류동,12014,11938,23952,76,6,13,월
2022-06-13,경인선,역곡,29789,29543,59332,246,6,13,월
2022-06-13,경인선,부천,34569,34371,68940,198,6,13,월
2022-06-13,경인선,송내,29524,29283,58807,241,6,13,월
2022-06-13,경인선,부평,29825,31630,61455,-1805,6,13,월
2022-06-13,경인선,백운,7537,7366,14903,171,6,13,월
2022-06-13,경인선,동암,16085,15931,32016,154,6,13,월
2022-06-13,경인선,주안,20416,18631,39047,1785,6,13,월
2022-06-13,경인선,제물포,12272,11777,24049,495,6,13,월
2022-06-13,경인선,동인천,14278,13697,27975,581,6,13,월
2022-06-13,경인선,인천,3697,2875,6572,822,6,13,월
2022-06-13,경인선,구일,7561,7373,14934,188,6,13,월
2022-06-13,경인선,소사,9395,9301,18696,94,6,13,월
2022-06-13,경인선,부개,9376,8653,18029,723,6,13,월
2022-06-13,경인선,간석,6365,5942,12307,423,6,13,월
2022-06-13,경인선,도원,3772,3645,7417,127,6,13,월
2022-06-13,경인선,온수(성공회대입구),7482,7347,14829,135,6,13,월
2022-06-13,경인선,중동,10116,9538,19654,578,6,13,월
2022-06-13,경인선,도화,4616,4246,8862,370,6,13,월
2022-06-13,경춘선,신내,2437,2308,4745,129,6,13,월
2022-06-13,경춘선,갈매,3251,2836,6087,415,6,13,월
2022-06-13,경춘선,별내,3518,3186,6704,332,6,13,월
2022-06-13,경춘선,퇴계원,3975,3479,7454,496,6,13,월
2022-06-13,경춘선,사릉,2796,2649,5445,147,6,13,월
2022-06-13,경춘선,금곡,1734,1679,3413,55,6,13,월
2022-06-13,경춘선,평내호평,7097,6759,13856,338,6,13,월
2022-06-13,경춘선,천마산,1831,1707,3538,124,6,13,월
2022-06-13,경춘선,마석,4681,4618,9299,63,6,13,월
2022-06-13,경춘선,대성리,628,572,1200,56,6,13,월
2022-06-13,경춘선,청평,1805,1682,3487,123,6,13,월
2022-06-13,경춘선,상천,286,284,570,2,6,13,월
2022-06-13,경춘선,가평,1879,1842,3721,37,6,13,월
2022-06-13,경춘선,굴봉산,149,137,286,12,6,13,월
2022-06-13,경춘선,백양리,73,82,155,-9,6,13,월
2022-06-13,경춘선,강촌,399,415,814,-16,6,13,월
2022-06-13,경춘선,김유정,328,298,626,30,6,13,월
2022-06-13,경춘선,남춘천,2881,2983,5864,-102,6,13,월
2022-06-13,경춘선,춘천,1856,1875,3731,-19,6,13,월
2022-06-13,공항철도 1호선,서울역,8913,8108,17021,805,6,13,월
2022-06-13,공항철도 1호선,공덕,2506,3257,5763,-751,6,13,월
2022-06-13,공항철도 1호선,홍대입구,9639,9674,19313,-35,6,13,월
2022-06-13,공항철도 1호선,디지털미디어시티,15564,14470,30034,1094,6,13,월
2022-06-13,공항철도 1호선,마곡나루(서울식물원),10388,10092,20480,296,6,13,월
2022-06-13,공항철도 1호선,김포공항,12287,6938,19225,5349,6,13,월
2022-06-13,공항철도 1호선,계양,11670,10880,22550,790,6,13,월
2022-06-13,공항철도 1호선,검암,7137,7041,14178,96,6,13,월
2022-06-13,공항철도 1호선,청라국제도시,7904,7170,15074,734,6,13,월
2022-06-13,공항철도 1호선,운서,7564,7697,15261,-133,6,13,월
2022-06-13,공항철도 1호선,공항화물청사,2347,2485,4832,-138,6,13,월
2022-06-13,공항철도 1호선,인천공항1터미널,6046,5832,11878,214,6,13,월
2022-06-13,공항철도 1호선,인천공항2터미널,3066,2688,5754,378,6,13,월
2022-06-13,공항철도 1호선,영종,3455,3522,6977,-67,6,13,월
2022-06-13,과천선,선바위,8818,8570,17388,248,6,13,월
2022-06-13,과천선,경마공원,1059,1104,2163,-45,6,13,월
2022-06-13,과천선,대공원,2919,3164,6083,-245,6,13,월
2022-06-13,과천선,과천,6735,6597,13332,138,6,13,월
2022-06-13,과천선,정부과천청사,11378,11481,22859,-103,6,13,월
2022-06-13,과천선,인덕원,26055,26647,52702,-592,6,13,월
2022-06-13,과천선,평촌,19209,18999,38208,210,6,13,월
2022-06-13,과천선,범계,26592,26393,52985,199,6,13,월
2022-06-13,분당선,선릉,14660,22630,37290,-7970,6,13,월
2022-06-13,분당선,한티,14037,15494,29531,-1457,6,13,월
2022-06-13,분당선,도곡,7787,7814,15601,-27,6,13,월
2022-06-13,분당선,구룡,2577,2438,5015,139,6,13,월
2022-06-13,분당선,개포동,4111,4200,8311,-89,6,13,월
2022-06-13,분당선,대모산입구,4936,4555,9491,381,6,13,월
2022-06-13,분당선,수서,14713,14922,29635,-209,6,13,월
2022-06-13,분당선,수원,8574,7360,15934,1214,6,13,월
2022-06-13,분당선,서울숲,11061,11179,22240,-118,6,13,월
2022-06-13,분당선,압구정로데오,17307,19167,36474,-1860,6,13,월
2022-06-13,분당선,강남구청,10125,11636,21761,-1511,6,13,월
2022-06-13,분당선,선정릉,8469,9110,17579,-641,6,13,월
2022-06-13,분당선,가천대,12663,13798,26461,-1135,6,13,월
2022-06-13,분당선,태평,14170,13590,27760,580,6,13,월
2022-06-13,분당선,모란,20814,20925,41739,-111,6,13,월
2022-06-13,분당선,야탑,27568,28895,56463,-1327,6,13,월
2022-06-13,분당선,서현,25489,26062,51551,-573,6,13,월
2022-06-13,분당선,수내,13865,13659,27524,206,6,13,월
2022-06-13,분당선,정자,18954,20338,39292,-1384,6,13,월
2022-06-13,분당선,미금,16634,17702,34336,-1068,6,13,월
2022-06-13,분당선,오리,12527,10280,22807,2247,6,13,월
2022-06-13,분당선,이매,6219,5689,11908,530,6,13,월
2022-06-13,분당선,보정,2979,2664,5643,315,6,13,월
2022-06-13,분당선,죽전,14930,16502,31432,-1572,6,13,월
2022-06-13,분당선,구성,5572,5789,11361,-217,6,13,월
2022-06-13,분당선,신갈,5010,4922,9932,88,6,13,월
2022-06-13,분당선,기흥,11263,10785,22048,478,6,13,월
2022-06-13,분당선,상갈,6039,5739,11778,300,6,13,월
2022-06-13,분당선,청명,4707,4622,9329,85,6,13,월
2022-06-13,분당선,영통,8699,9049,17748,-350,6,13,월
2022-06-13,분당선,망포,15480,14802,30282,678,6,13,월
2022-06-13,분당선,매탄권선,5717,5471,11188,246,6,13,월
2022-06-13,분당선,수원시청,13255,14039,27294,-784,6,13,월
2022-06-13,분당선,매교,3454,3423,6877,31,6,13,월
2022-06-13,수인선,고색,5216,4932,10148,284,6,13,월
2022-06-13,수인선,오목천,4702,4190,8892,512,6,13,월
2022-06-13,수인선,어천,870,946,1816,-76,6,13,월
2022-06-13,수인선,야목,472,315,787,157,6,13,월
2022-06-13,수인선,사리,5425,4779,10204,646,6,13,월
2022-06-13,수인선,달월,123,71,194,52,6,13,월
2022-06-13,수인선,월곶,3106,2867,5973,239,6,13,월
2022-06-13,수인선,소래포구,7278,6806,14084,472,6,13,월
2022-06-13,수인선,인천논현,5872,6323,12195,-451,6,13,월
2022-06-13,수인선,호구포,4405,4570,8975,-165,6,13,월
2022-06-13,수인선,남동인더스파크,2305,2639,4944,-334,6,13,월
2022-06-13,수인선,원인재,4738,4913,9651,-175,6,13,월
2022-06-13,수인선,연수,4926,4753,9679,173,6,13,월
2022-06-13,수인선,송도,2698,2503,5201,195,6,13,월
2022-06-13,수인선,인하대,7451,7129,14580,322,6,13,월
2022-06-13,수인선,숭의,4517,4065,8582,452,6,13,월
2022-06-13,수인선,신포,1999,1961,3960,38,6,13,월
2022-06-13,수인선,인천,1105,1751,2856,-646,6,13,월
2022-06-13,신림선,샛강,2171,2843,5014,-672,6,13,월
2022-06-13,신림선,대방,1676,1320,2996,356,6,13,월
2022-06-13,신림선,서울지방병무청,1988,2216,4204,-228,6,13,월
2022-06-13,신림선,보라매,2481,2220,4701,261,6,13,월
2022-06-13,신림선,보라매공원,1561,1757,3318,-196,6,13,월
2022-06-13,신림선,보라매병원,5716,5989,11705,-273,6,13,월
2022-06-13,신림선,당곡,3157,3085,6242,72,6,13,월
2022-06-13,신림선,신림,1518,2027,3545,-509,6,13,월
2022-06-13,신림선,서원,2419,2231,4650,188,6,13,월
2022-06-13,신림선,서울대벤처타운,5870,6051,11921,-181,6,13,월
2022-06-13,신림선,관악산(서울대),2897,2875,5772,22,6,13,월
2022-06-13,안산선,산본,16957,17962,34919,-1005,6,13,월
2022-06-13,안산선,대야미,5554,4932,10486,622,6,13,월
2022-06-13,안산선,반월,4679,4549,9228,130,6,13,월
2022-06-13,안산선,상록수,17252,17374,34626,-122,6,13,월
2022-06-13,안산선,한대앞,10907,11128,22035,-221,6,13,월
2022-06-13,안산선,중앙,19097,19706,38803,-609,6,13,월
2022-06-13,안산선,고잔,10056,9391,19447,665,6,13,월
2022-06-13,안산선,초지,5780,6021,11801,-241,6,13,월
2022-06-13,안산선,안산,12714,11609,24323,1105,6,13,월
2022-06-13,안산선,신길온천,2051,1774,3825,277,6,13,월
2022-06-13,안산선,정왕,10900,11411,22311,-511,6,13,월
2022-06-13,안산선,오이도,9248,8806,18054,442,6,13,월
2022-06-13,안산선,수리산,4589,3863,8452,726,6,13,월
2022-06-13,우이신설선,북한산우이,2858,2638,5496,220,6,13,월
2022-06-13,우이신설선,솔밭공원,2715,2510,5225,205,6,13,월
2022-06-13,우이신설선,4.19민주묘지,3751,3663,7414,88,6,13,월
2022-06-13,우이신설선,가오리,4522,4417,8939,105,6,13,월
2022-06-13,우이신설선,화계,3534,3311,6845,223,6,13,월
2022-06-13,우이신설선,삼양,2136,2170,4306,-34,6,13,월
2022-06-13,우이신설선,삼양사거리,2618,2576,5194,42,6,13,월
2022-06-13,우이신설선,솔샘,6290,5847,12137,443,6,13,월
2022-06-13,우이신설선,북한산보국문,6270,5968,12238,302,6,13,월
2022-06-13,우이신설선,정릉,5062,4620,9682,442,6,13,월
2022-06-13,우이신설선,성신여대입구(돈암),3553,3688,7241,-135,6,13,월
2022-06-13,우이신설선,보문,1598,1567,3165,31,6,13,월
2022-06-13,우이신설선,신설동,2338,2229,4567,109,6,13,월
2022-06-13,일산선,원흥,11805,11265,23070,540,6,13,월
2022-06-13,일산선,삼송,21023,20280,41303,743,6,13,월
2022-06-13,일산선,원당,11896,11067,22963,829,6,13,월
2022-06-13,일산선,화정,17350,17588,34938,-238,6,13,월
2022-06-13,일산선,대곡,2415,1888,4303,527,6,13,월
2022-06-13,일산선,백석,10036,10065,20101,-29,6,13,월
2022-06-13,일산선,마두,8200,8405,16605,-205,6,13,월
2022-06-13,일산선,정발산,6800,6732,13532,68,6,13,월
2022-06-13,일산선,주엽,9837,9714,19551,123,6,13,월
2022-06-13,일산선,대화,14819,11415,26234,3404,6,13,월
2022-06-13,장항선,봉명,1437,1365,2802,72,6,13,월
2022-06-13,장항선,쌍용(나사렛대),3160,3072,6232,88,6,13,월
2022-06-13,장항선,아산,4227,3512,7739,715,6,13,월
2022-06-13,장항선,탕정,967,874,1841,93,6,13,월
2022-06-13,장항선,배방,1239,1230,2469,9,6,13,월
2022-06-13,장항선,온양온천,4072,4163,8235,-91,6,13,월
2022-06-13,장항선,신창(순천향대),2549,2750,5299,-201,6,13,월
2022-06-13,중앙선,회기,25931,25561,51492,370,6,13,월
2022-06-13,중앙선,중랑,5902,5528,11430,374,6,13,월
2022-06-13,중앙선,상봉(시외버스터미널),5985,6069,12054,-84,6,13,월
2022-06-13,중앙선,망우,8238,7948,16186,290,6,13,월
2022-06-13,중앙선,양원,3354,3287,6641,67,6,13,월
2022-06-14,경원선,소요산,2892,2484,5376,408,6,14,화
2022-06-14,경의선,서울역,5304,6709,12013,-1405,6,14,화
2022-06-14,경의선,신촌,994,1304,2298,-310,6,14,화
2022-06-14,경의선,효창공원앞,3411,3799,7210,-388,6,14,화
2022-06-14,경의선,공덕,4016,3557,7573,459,6,14,화
2022-06-14,경의선,서강대,2350,2264,4614,86,6,14,화
2022-06-14,경의선,홍대입구,1828,1979,3807,-151,6,14,화
2022-06-14,경의선,가좌,6168,5886,12054,282,6,14,화
2022-06-14,경의선,디지털미디어시티,3060,2991,6051,69,6,14,화
2022-06-14,경의선,수색,3178,3383,6561,-205,6,14,화
2022-06-14,경의선,화전,2382,2222,4604,160,6,14,화
2022-06-14,경의선,강매,3747,3232,6979,515,6,14,화
2022-06-14,경의선,행신,8962,8944,17906,18,6,14,화
2022-06-14,경의선,능곡,4316,3966,8282,350,6,14,화
2022-06-14,경의선,곡산,756,800,1556,-44,6,14,화
2022-06-14,경의선,백마,7992,7677,15669,315,6,14,화
2022-06-14,경의선,풍산,6418,5950,12368,468,6,14,화
2022-06-14,경의선,일산,10852,10601,21453,251,6,14,화
2022-06-14,경의선,탄현,8947,8352,17299,595,6,14,화
2022-06-14,경의선,야당,8715,8601,17316,114,6,14,화
2022-06-14,경의선,운정,7835,7299,15134,536,6,14,화
2022-06-14,경의선,금릉,5486,5451,10937,35,6,14,화
2022-06-14,경의선,금촌,6911,6823,13734,88,6,14,화
2022-06-14,경의선,월롱,3530,3286,6816,244,6,14,화
2022-06-14,경의선,파주,1771,1325,3096,446,6,14,화
2022-06-14,경의선,문산,5889,5860,11749,29,6,14,화
2022-06-14,경의선,임진강,14,7,21,7,6,14,화
2022-06-14,경의선,계양,1,0,1,1,6,14,화
2022-06-14,경인선,개봉,23290,22655,45945,635,6,14,화
2022-06-14,경인선,오류동,12811,11715,24526,1096,6,14,화
2022-06-14,경인선,역곡,29525,29265,58790,260,6,14,화
2022-06-14,경인선,부천,33919,34061,67980,-142,6,14,화
2022-06-14,경인선,송내,30163,30175,60338,-12,6,14,화
2022-06-14,경인선,부평,29440,31183,60623,-1743,6,14,화
2022-06-14,중앙선,용문,2115,2156,4271,-41,6,14,화
2022-06-14,중앙선,지평,70,97,167,-27,6,14,화
2022-06-14,공항철도 1호선,인천공항2터미널,2986,2898,5884,88,6,14,화
2022-06-14,공항철도 1호선,인천공항1터미널,5997,5792,11789,205,6,14,화
2022-06-14,공항철도 1호선,공항화물청사,2432,2634,5066,-202,6,14,화
2022-06-14,공항철도 1호선,운서,7833,7813,15646,20,6,14,화
2022-06-14,공항철도 1호선,청라국제도시,8091,7534,15625,557,6,14,화
2022-06-14,공항철도 1호선,검암,7378,7245,14623,133,6,14,화
2022-06-14,경인선,백운,7714,7599,15313,115,6,14,화
2022-06-14,경인선,동암,16243,16196,32439,47,6,14,화
2022-06-14,경인선,주안,20612,18608,39220,2004,6,14,화
2022-06-14,경인선,제물포,12168,11667,23835,501,6,14,화
2022-06-14,경인선,동인천,14753,14003,28756,750,6,14,화
2022-06-14,경인선,인천,4229,3201,7430,1028,6,14,화
2022-06-14,경인선,구일,8770,8621,17391,149,6,14,화
2022-06-14,경인선,소사,9717,9408,19125,309,6,14,화
2022-06-14,경인선,부개,9508,8770,18278,738,6,14,화
2022-06-14,경인선,간석,6475,6169,12644,306,6,14,화
2022-06-14,경인선,도원,3760,3723,7483,37,6,14,화
2022-06-14,경인선,온수(성공회대입구),7812,7290,15102,522,6,14,화
2022-06-14,경인선,중동,10391,9765,20156,626,6,14,화
2022-06-14,경인선,도화,4707,4351,9058,356,6,14,화
2022-06-14,경춘선,신내,2579,2444,5023,135,6,14,화
2022-06-14,경춘선,갈매,3413,2918,6331,495,6,14,화
2022-06-14,경춘선,별내,3479,3296,6775,183,6,14,화
2022-06-14,경춘선,퇴계원,3936,3581,7517,355,6,14,화
2022-06-14,경춘선,사릉,2814,2751,5565,63,6,14,화
2022-06-14,경춘선,금곡,1852,1730,3582,122,6,14,화
2022-06-14,경춘선,평내호평,6996,7014,14010,-18,6,14,화
2022-06-14,경춘선,천마산,1976,1855,3831,121,6,14,화
2022-06-14,경춘선,마석,4531,4352,8883,179,6,14,화
2022-06-14,경춘선,대성리,693,614,1307,79,6,14,화
2022-06-14,경춘선,청평,1883,1843,3726,40,6,14,화
2022-06-14,경춘선,상천,386,356,742,30,6,14,화
2022-06-14,경춘선,가평,2117,2079,4196,38,6,14,화
2022-06-14,경춘선,굴봉산,190,171,361,19,6,14,화
2022-06-14,경춘선,백양리,103,87,190,16,6,14,화
2022-06-14,경춘선,강촌,528,546,1074,-18,6,14,화
2022-06-14,경춘선,김유정,378,382,760,-4,6,14,화
2022-06-14,경춘선,남춘천,2493,2608,5101,-115,6,14,화
2022-06-14,경춘선,춘천,2202,1888,4090,314,6,14,화
2022-06-14,공항철도 1호선,서울역,9051,8269,17320,782,6,14,화
2022-06-14,공항철도 1호선,공덕,2590,3568,6158,-978,6,14,화
2022-06-14,공항철도 1호선,홍대입구,9964,10225,20189,-261,6,14,화
2022-06-14,공항철도 1호선,디지털미디어시티,18867,15869,34736,2998,6,14,화
2022-06-14,공항철도 1호선,마곡나루(서울식물원),11146,10649,21795,497,6,14,화
2022-06-14,공항철도 1호선,김포공항,12133,7168,19301,4965,6,14,화
2022-06-14,공항철도 1호선,계양,12262,11452,23714,810,6,14,화
2022-06-14,장항선,신창(순천향대),2305,2240,4545,65,6,14,화
2022-06-14,장항선,온양온천,5270,5332,10602,-62,6,14,화
2022-06-14,장항선,배방,1274,1178,2452,96,6,14,화
2022-06-14,장항선,탕정,973,842,1815,131,6,14,화
2022-06-14,장항선,아산,4077,3583,7660,494,6,14,화
2022-06-14,장항선,쌍용(나사렛대),3436,3169,6605,267,6,14,화
2022-06-14,장항선,봉명,1469,1458,2927,11,6,14,화
2022-06-14,일산선,대화,15424,12075,27499,3349,6,14,화
2022-06-14,일산선,주엽,10066,10057,20123,9,6,14,화
2022-06-14,일산선,정발산,7711,7852,15563,-141,6,14,화
2022-06-14,일산선,마두,8374,8571,16945,-197,6,14,화
2022-06-14,일산선,백석,10653,10632,21285,21,6,14,화
2022-06-14,일산선,대곡,2498,1966,4464,532,6,14,화
2022-06-14,일산선,화정,18383,18725,37108,-342,6,14,화
2022-06-14,일산선,원당,12548,11685,24233,863,6,14,화
2022-06-14,일산선,삼송,21900,21064,42964,836,6,14,화
2022-06-14,일산선,지축,1,0,1,1,6,14,화
2022-06-14,일산선,원흥,12304,11703,24007,601,6,14,화
2022-06-14,우이신설선,신설동,2397,2297,4694,100,6,14,화
2022-06-14,우이신설선,보문,1681,1710,3391,-29,6,14,화
2022-06-14,우이신설선,성신여대입구(돈암),3543,3859,7402,-316,6,14,화
2022-06-14,우이신설선,정릉,5196,4753,9949,443,6,14,화
2022-06-14,우이신설선,북한산보국문,6564,6271,12835,293,6,14,화
2022-06-14,우이신설선,솔샘,6416,6023,12439,393,6,14,화
2022-06-14,우이신설선,삼양사거리,2723,2746,5469,-23,6,14,화
2022-06-14,우이신설선,삼양,2189,2326,4515,-137,6,14,화
2022-06-14,우이신설선,화계,3702,3478,7180,224,6,14,화
2022-06-14,우이신설선,가오리,4573,4550,9123,23,6,14,화
2022-06-14,우이신설선,4.19민주묘지,3729,3609,7338,120,6,14,화
2022-06-14,우이신설선,솔밭공원,2761,2567,5328,194,6,14,화
2022-06-14,우이신설선,북한산우이,3047,2727,5774,320,6,14,화
2022-06-14,안산선,수리산,4653,3823,8476,830,6,14,화
2022-06-14,안산선,오이도,9327,9040,18367,287,6,14,화
2022-06-14,안산선,정왕,11224,11450,22674,-226,6,14,화
2022-06-14,안산선,신길온천,2021,1789,3810,232,6,14,화
2022-06-14,안산선,안산,12404,11185,23589,1219,6,14,화
2022-06-14,안산선,초지,5768,6001,11769,-233,6,14,화
2022-06-14,안산선,고잔,9872,9382,19254,490,6,14,화
2022-06-14,안산선,중앙,19324,20202,39526,-878,6,14,화
2022-06-14,신림선,서울지방병무청,2007,2206,4213,-199,6,14,화
2022-06-14,신림선,대방,1776,1295,3071,481,6,14,화
2022-06-14,신림선,샛강,2309,2809,5118,-500,6,14,화
2022-06-14,수인선,인천,1081,1868,2949,-787,6,14,화
2022-06-14,수인선,신포,2092,2071,4163,21,6,14,화
2022-06-14,수인선,숭의,4395,4113,8508,282,6,14,화
2022-06-14,수인선,인하대,7190,6827,14017,363,6,14,화
2022-06-14,수인선,송도,2709,2430,5139,279,6,14,화
2022-06-14,수인선,연수,5110,5045,10155,65,6,14,화
2022-06-14,수인선,원인재,4832,5050,9882,-218,6,14,화
2022-06-14,중앙선,오빈,353,378,731,-25,6,14,화
2022-06-14,8호선,석촌,8183,9360,17543,-1177,6,14,화
2022-06-14,수인선,남동인더스파크,2402,2715,5117,-313,6,14,화
2022-06-14,수인선,호구포,4703,4869,9572,-166,6,14,화
2022-06-14,수인선,인천논현,5930,6331,12261,-401,6,14,화
2022-06-14,수인선,소래포구,7707,7189,14896,518,6,14,화
2022-06-14,수인선,월곶,2962,2822,5784,140,6,14,화
2022-06-14,수인선,달월,132,88,220,44,6,14,화
2022-06-14,수인선,사리,5454,4826,10280,628,6,14,화
2022-06-14,수인선,야목,490,355,845,135,6,14,화
2022-06-14,수인선,어천,845,880,1725,-35,6,14,화
2022-06-14,수인선,오목천,4802,4338,9140,464,6,14,화
2022-06-14,수인선,고색,5213,4981,10194,232,6,14,화
2022-06-14,분당선,매교,3415,3397,6812,18,6,14,화
2022-06-14,분당선,수원시청,13593,14427,28020,-834,6,14,화
2022-06-14,분당선,매탄권선,5805,5690,11495,115,6,14,화
2022-06-14,분당선,망포,15967,15166,31133,801,6,14,화
2022-06-14,분당선,영통,9153,9284,18437,-131,6,14,화
2022-06-14,분당선,청명,4894,4757,9651,137,6,14,화
2022-06-14,분당선,상갈,6163,5917,12080,246,6,14,화
2022-06-14,분당선,기흥,11531,11005,22536,526,6,14,화
2022-06-14,분당선,신갈,5084,5104,10188,-20,6,14,화
2022-06-14,분당선,구성,5655,5952,11607,-297,6,14,화
2022-06-14,분당선,죽전,15470,16859,32329,-1389,6,14,화
2022-06-14,분당선,보정,3127,2736,5863,391,6,14,화
2022-06-14,분당선,이매,6424,5978,12402,446,6,14,화
2022-06-14,2호선,당산,20318,24007,44325,-3689,6,14,화
2022-06-14,중앙선,회기,26634,25944,52578,690,6,14,화
2022-06-14,신림선,보라매,2523,2408,4931,115,6,14,화
2022-06-14,신림선,보라매공원,1728,1832,3560,-104,6,14,화
2022-06-14,신림선,보라매병원,6111,6246,12357,-135,6,14,화
2022-06-14,신림선,당곡,3248,3267,6515,-19,6,14,화
2022-06-14,신림선,신림,1657,2201,3858,-544,6,14,화
2022-06-14,신림선,서원,2449,2337,4786,112,6,14,화
2022-06-14,신림선,서울대벤처타운,6132,6280,12412,-148,6,14,화
2022-06-14,신림선,관악산(서울대),3151,3295,6446,-144,6,14,화
2022-06-14,안산선,산본,17195,18549,35744,-1354,6,14,화
2022-06-14,안산선,대야미,5617,4989,10606,628,6,14,화
2022-06-14,안산선,반월,4796,4551,9347,245,6,14,화
2022-06-14,안산선,상록수,17232,17543,34775,-311,6,14,화
2022-06-14,안산선,한대앞,11142,11134,22276,8,6,14,화
2022-06-14,중앙선,중랑,6032,5696,11728,336,6,14,화
2022-06-14,분당선,오리,12677,10356,23033,2321,6,14,화
2022-06-14,분당선,미금,17118,18152,35270,-1034,6,14,화
2022-06-14,분당선,정자,19905,21393,41298,-1488,6,14,화
2022-06-14,분당선,수내,14758,14900,29658,-142,6,14,화
2022-06-14,분당선,서현,25995,26636,52631,-641,6,14,화
2022-06-14,분당선,야탑,28131,29472,57603,-1341,6,14,화
2022-06-14,분당선,모란,27631,28574,56205,-943,6,14,화
2022-06-14,분당선,태평,14827,14252,29079,575,6,14,화
2022-06-14,분당선,가천대,13249,13833,27082,-584,6,14,화
2022-06-14,분당선,선정릉,8554,9194,17748,-640,6,14,화
2022-06-14,분당선,강남구청,10750,12203,22953,-1453,6,14,화
2022-06-14,분당선,압구정로데오,19717,21846,41563,-2129,6,14,화
2022-06-14,분당선,서울숲,11883,12282,24165,-399,6,14,화
2022-06-14,분당선,수원,8542,7255,15797,1287,6,14,화
2022-06-14,분당선,수서,15001,15336,30337,-335,6,14,화
2022-06-14,분당선,대모산입구,5178,4786,9964,392,6,14,화
2022-06-14,분당선,개포동,4204,4325,8529,-121,6,14,화
2022-06-14,분당선,구룡,2557,2433,4990,124,6,14,화
2022-06-14,분당선,도곡,7842,7699,15541,143,6,14,화
2022-06-14,분당선,한티,15742,17037,32779,-1295,6,14,화
2022-06-14,분당선,선릉,15253,23346,38599,-8093,6,14,화
2022-06-14,과천선,범계,28508,28367,56875,141,6,14,화
2022-06-14,과천선,평촌,19684,19414,39098,270,6,14,화
2022-06-14,과천선,인덕원,27147,28024,55171,-877,6,14,화
2022-06-14,과천선,정부과천청사,11768,11654,23422,114,6,14,화
2022-06-14,과천선,과천,7112,6602,13714,510,6,14,화
2022-06-14,과천선,대공원,3800,3890,7690,-90,6,14,화
2022-06-14,과천선,경마공원,1792,1731,3523,61,6,14,화
2022-06-14,과천선,선바위,9036,8031,17067,1005,6,14,화
2022-06-14,1호선,서울역,47808,46245,94053,1563,6,14,화
2022-06-14,1호선,시청,25152,25142,50294,10,6,14,화
2022-06-14,1호선,종각,38846,38203,77049,643,6,14,화
2022-06-14,1호선,종로3가,26825,24460,51285,2365,6,14,화
2022-06-14,1호선,종로5가,24093,24164,48257,-71,6,14,화
2022-06-14,1호선,동대문,11506,10883,22389,623,6,14,화
2022-06-14,1호선,신설동,14264,13290,27554,974,6,14,화
2022-06-14,1호선,제기동,18352,18733,37085,-381,6,14,화
2022-06-14,1호선,청량리(서울시립대입구),21512,21475,42987,37,6,14,화
2022-06-14,1호선,동묘앞,8289,8733,17022,-444,6,14,화
2022-06-14,2호선,시청,25685,25210,50895,475,6,14,화
2022-06-14,2호선,을지로입구,43875,45348,89223,-1473,6,14,화
2022-06-14,2호선,을지로3가,24944,24719,49663,225,6,14,화
2022-06-14,2호선,을지로4가,13990,14089,28079,-99,6,14,화
2022-06-14,2호선,동대문역사문화공원(DDP),12526,14056,26582,-1530,6,14,화
2022-06-14,2호선,신당,14711,15280,29991,-569,6,14,화
2022-06-14,2호선,상왕십리,15294,14889,30183,405,6,14,화
2022-06-14,2호선,왕십리(성동구청),16894,13679,30573,3215,6,14,화
2022-06-14,2호선,한양대,13715,15104,28819,-1389,6,14,화
2022-06-14,2호선,뚝섬,23299,25194,48493,-1895,6,14,화
2022-06-14,2호선,성수,39059,42546,81605,-3487,6,14,화
2022-06-14,2호선,건대입구,34992,37451,72443,-2459,6,14,화
2022-06-14,2호선,구의(광진구청),25363,24995,50358,368,6,14,화
2022-06-14,2호선,강변(동서울터미널),31608,29814,61422,1794,6,14,화
2022-06-14,2호선,잠실나루,16544,16314,32858,230,6,14,화
2022-06-14,2호선,잠실(송파구청),72201,71291,143492,910,6,14,화
2022-06-14,2호선,잠실새내,22796,22472,45268,324,6,14,화
2022-06-14,2호선,종합운동장,11462,12635,24097,-1173,6,14,화
2022-06-14,2호선,삼성(무역센터),56263,56977,113240,-714,6,14,화
2022-06-14,2호선,선릉,64760,57487,122247,7273,6,14,화
2022-06-14,2호선,역삼,59038,66548,125586,-7510,6,14,화
2022-06-14,2호선,강남,86898,84507,171405,2391,6,14,화
2022-06-14,2호선,교대(법원.검찰청),38380,43614,81994,-5234,6,14,화
2022-06-14,2호선,서초,24033,23561,47594,472,6,14,화
2022-06-14,2호선,방배,21534,22500,44034,-966,6,14,화
2022-06-14,2호선,사당,41526,45597,87123,-4071,6,14,화
2022-06-14,2호선,낙성대(강감찬),29314,28483,57797,831,6,14,화
2022-06-14,2호선,서울대입구(관악구청),49751,48246,97997,1505,6,14,화
2022-06-14,2호선,봉천,25742,24018,49760,1724,6,14,화
2022-06-14,2호선,신림,61858,59761,121619,2097,6,14,화
2022-06-14,2호선,신대방,27393,26897,54290,496,6,14,화
2022-06-14,2호선,구로디지털단지,64363,64720,129083,-357,6,14,화
2022-06-14,2호선,대림(구로구청),25860,26403,52263,-543,6,14,화
2022-06-14,2호선,신도림,50582,50529,101111,53,6,14,화
2022-06-14,2호선,문래,24281,24845,49126,-564,6,14,화
2022-06-14,2호선,영등포구청,23837,24629,48466,-792,6,14,화
2022-06-14,2호선,합정,32666,35154,67820,-2488,6,14,화
2022-06-14,2호선,홍대입구,55116,57714,112830,-2598,6,14,화
2022-06-14,2호선,신촌,33757,34708,68465,-951,6,14,화
2022-06-14,2호선,이대,14654,15554,30208,-900,6,14,화
2022-06-14,2호선,아현,11390,10956,22346,434,6,14,화
2022-06-14,2호선,충정로(경기대입구),10893,11621,22514,-728,6,14,화
2022-06-14,2호선,용답,2952,2944,5896,8,6,14,화
2022-06-14,2호선,신답,1754,2021,3775,-267,6,14,화
2022-06-14,2호선,신설동,3375,3301,6676,74,6,14,화
2022-06-14,2호선,도림천,1426,1502,2928,-76,6,14,화
2022-06-14,2호선,양천구청,7632,7917,15549,-285,6,14,화
2022-06-14,2호선,신정네거리,11235,11504,22739,-269,6,14,화
2022-06-14,2호선,용두(동대문구청),2491,2550,5041,-59,6,14,화
2022-06-14,3호선,지축,5759,5351,11110,408,6,14,화
2022-06-14,3호선,구파발,22921,21917,44838,1004,6,14,화
2022-06-14,3호선,연신내,39053,36753,75806,2300,6,14,화
2022-06-14,3호선,불광,17491,18720,36211,-1229,6,14,화
2022-06-14,3호선,녹번,17044,15243,32287,1801,6,14,화
2022-06-14,3호선,홍제,19081,18013,37094,1068,6,14,화
2022-06-14,3호선,무악재,4303,4247,8550,56,6,14,화
2022-06-14,3호선,독립문,7791,8177,15968,-386,6,14,화
2022-06-14,3호선,경복궁(정부서울청사),22221,22004,44225,217,6,14,화
2022-06-14,3호선,안국,23809,24501,48310,-692,6,14,화
2022-06-14,3호선,종로3가,10668,12130,22798,-1462,6,14,화
2022-06-14,3호선,을지로3가,11134,11510,22644,-376,6,14,화
2022-06-14,3호선,동대입구,9539,10439,19978,-900,6,14,화
2022-06-14,3호선,약수,14063,13661,27724,402,6,14,화
2022-06-14,3호선,금호,8568,7866,16434,702,6,14,화
2022-06-14,3호선,옥수,9551,9905,19456,-354,6,14,화
2022-06-14,3호선,압구정,34919,37343,72262,-2424,6,14,화
2022-06-14,3호선,신사,30481,32008,62489,-1527,6,14,화
2022-06-14,3호선,잠원,5064,5061,10125,3,6,14,화
2022-06-14,3호선,고속터미널,41002,39251,80253,1751,6,14,화
2022-06-14,3호선,교대(법원.검찰청),16550,10727,27277,5823,6,14,화
2022-06-14,3호선,남부터미널(예술의전당),31040,31472,62512,-432,6,14,화
2022-06-14,3호선,양재(서초구청),41486,45040,86526,-3554,6,14,화
2022-06-14,3호선,매봉,13993,13419,27412,574,6,14,화
2022-06-14,3호선,도곡,5915,5987,11902,-72,6,14,화
2022-06-14,3호선,대치,11892,12100,23992,-208,6,14,화
2022-06-14,3호선,학여울,2082,2173,4255,-91,6,14,화
2022-06-14,3호선,대청,11517,10533,22050,984,6,14,화
2022-06-14,3호선,일원,12200,11683,23883,517,6,14,화
2022-06-14,3호선,수서,18286,18647,36933,-361,6,14,화
2022-06-14,3호선,가락시장,9788,9620,19408,168,6,14,화
2022-06-14,3호선,경찰병원,8020,8076,16096,-56,6,14,화
2022-06-14,3호선,오금,6904,6125,13029,779,6,14,화
2022-06-14,4호선,당고개,9737,8627,18364,1110,6,14,화
2022-06-14,4호선,상계,20698,19086,39784,1612,6,14,화
2022-06-14,4호선,노원,19734,22270,42004,-2536,6,14,화
2022-06-14,4호선,창동,27105,28839,55944,-1734,6,14,화
2022-06-14,4호선,쌍문,30812,28398,59210,2414,6,14,화
2022-06-14,4호선,수유(강북구청),35781,35877,71658,-96,6,14,화
2022-06-14,4호선,미아(서울사이버대학),15933,15545,31478,388,6,14,화
2022-06-14,4호선,미아사거리,29210,28299,57509,911,6,14,화
2022-06-14,4호선,길음,23846,23741,47587,105,6,14,화
2022-06-14,4호선,성신여대입구(돈암),21467,20415,41882,1052,6,14,화
2022-06-14,4호선,한성대입구(삼선교),16025,15392,31417,633,6,14,화
2022-06-14,4호선,혜화,32558,32575,65133,-17,6,14,화
2022-06-14,4호선,동대문,21432,21851,43283,-419,6,14,화
2022-06-14,4호선,동대문역사문화공원(DDP),15364,13775,29139,1589,6,14,화
2022-06-14,4호선,충무로,30350,31234,61584,-884,6,14,화
2022-06-14,4호선,명동,21517,21966,43483,-449,6,14,화
2022-06-14,4호선,회현(남대문시장),27871,29313,57184,-1442,6,14,화
2022-06-14,4호선,서울역,12698,18309,31007,-5611,6,14,화
2022-06-14,4호선,숙대입구(갈월),15431,14508,29939,923,6,14,화
2022-06-14,4호선,삼각지,5940,6753,12693,-813,6,14,화
2022-06-14,4호선,신용산,19060,20023,39083,-963,6,14,화
2022-06-14,4호선,이촌(국립중앙박물관),9312,9962,19274,-650,6,14,화
2022-06-14,4호선,동작(현충원),1655,1774,3429,-119,6,14,화
2022-06-14,4호선,총신대입구(이수),20216,21980,42196,-1764,6,14,화
2022-06-14,4호선,사당,27886,23474,51360,4412,6,14,화
2022-06-14,4호선,남태령,1445,1283,2728,162,6,14,화
2022-06-14,5호선,방화,7362,7022,14384,340,6,14,화
2022-06-14,5호선,개화산,6186,5917,12103,269,6,14,화
2022-06-14,5호선,김포공항,7606,7304,14910,302,6,14,화
2022-06-14,5호선,송정,7024,6498,13522,526,6,14,화
2022-06-14,5호선,마곡,11467,11709,23176,-242,6,14,화
2022-06-14,5호선,발산,22589,23192,45781,-603,6,14,화
2022-06-14,5호선,우장산,16069,15762,31831,307,6,14,화
2022-06-14,5호선,화곡,30562,28450,59012,2112,6,14,화
2022-06-14,5호선,까치산,31029,29539,60568,1490,6,14,화
2022-06-14,5호선,신정(은행정),15282,12358,27640,2924,6,14,화
2022-06-14,5호선,목동,18596,19679,38275,-1083,6,14,화
2022-06-14,5호선,오목교(목동운동장앞),23109,24734,47843,-1625,6,14,화
2022-06-14,5호선,양평,8203,8123,16326,80,6,14,화
2022-06-14,5호선,영등포구청,4427,4574,9001,-147,6,14,화
2022-06-14,5호선,영등포시장,10936,11212,22148,-276,6,14,화
2022-06-14,5호선,신길,4523,4934,9457,-411,6,14,화
2022-06-14,5호선,여의도,31536,33166,64702,-1630,6,14,화
2022-06-14,5호선,여의나루,11234,12670,23904,-1436,6,14,화
2022-06-14,5호선,마포,15844,16184,32028,-340,6,14,화
2022-06-14,5호선,공덕,15999,16788,32787,-789,6,14,화
2022-06-14,5호선,애오개,7496,7475,14971,21,6,14,화
2022-06-14,5호선,충정로(경기대입구),5296,5463,10759,-167,6,14,화
2022-06-14,5호선,서대문,22490,22714,45204,-224,6,14,화
2022-06-14,5호선,광화문(세종문화회관),33515,35735,69250,-2220,6,14,화
2022-06-14,5호선,종로3가,13268,13067,26335,201,6,14,화
2022-06-14,5호선,을지로4가,6778,6797,13575,-19,6,14,화
2022-06-14,5호선,동대문역사문화공원(DDP),3114,3673,6787,-559,6,14,화
2022-06-14,5호선,청구,4395,3944,8339,451,6,14,화
2022-06-14,5호선,신금호,7151,7443,14594,-292,6,14,화
2022-06-14,5호선,행당,8872,7908,16780,964,6,14,화
2022-06-14,5호선,왕십리(성동구청),4731,5279,10010,-548,6,14,화
2022-06-14,5호선,마장,6105,5688,11793,417,6,14,화
2022-06-14,5호선,답십리,16982,15476,32458,1506,6,14,화
2022-06-14,5호선,장한평,19733,19782,39515,-49,6,14,화
2022-06-14,5호선,군자(능동),11992,13112,25104,-1120,6,14,화
2022-06-14,5호선,아차산(어린이대공원후문),15769,15183,30952,586,6,14,화
2022-06-14,5호선,광나루(장신대),14565,13152,27717,1413,6,14,화
2022-06-14,5호선,천호(풍납토성),19221,19069,38290,152,6,14,화
2022-06-14,5호선,강동,19790,19249,39039,541,6,14,화
2022-06-14,5호선,길동,8645,8892,17537,-247,6,14,화
2022-06-14,5호선,굽은다리(강동구민회관앞),10320,9807,20127,513,6,14,화
2022-06-14,5호선,명일,9554,9869,19423,-315,6,14,화
2022-06-14,5호선,고덕,10599,10525,21124,74,6,14,화
2022-06-14,5호선,상일동,16568,15055,31623,1513,6,14,화
2022-06-14,5호선,둔촌동,8827,8874,17701,-47,6,14,화
2022-06-14,5호선,올림픽공원(한국체대),4942,4097,9039,845,6,14,화
2022-06-14,5호선,방이,7717,7898,15615,-181,6,14,화
2022-06-14,5호선,오금,4113,4233,8346,-120,6,14,화
2022-06-14,5호선,개롱,6957,7283,14240,-326,6,14,화
2022-06-14,5호선,거여,11289,10929,22218,360,6,14,화
2022-06-14,5호선,마천,8180,7764,15944,416,6,14,화
2022-06-14,5호선,강일,5067,4966,10033,101,6,14,화
2022-06-14,5호선,미사,17660,17691,35351,-31,6,14,화
2022-06-14,5호선,하남풍산,4613,4547,9160,66,6,14,화
2022-06-14,5호선,하남시청(덕풍·신장),7818,7720,15538,98,6,14,화
2022-06-14,5호선,하남검단산,6439,6069,12508,370,6,14,화
2022-06-14,6호선,응암,19099,18723,37822,376,6,14,화
2022-06-14,6호선,역촌,4047,4739,8786,-692,6,14,화
2022-06-14,6호선,불광,4530,4733,9263,-203,6,14,화
2022-06-14,6호선,독바위,3011,3092,6103,-81,6,14,화
2022-06-14,6호선,연신내,2,0,2,2,6,14,화
2022-06-14,6호선,구산,8546,6152,14698,2394,6,14,화
2022-06-14,6호선,새절(신사),14242,12999,27241,1243,6,14,화
2022-06-14,6호선,증산(명지대앞),10855,10643,21498,212,6,14,화
2022-06-14,6호선,디지털미디어시티,19073,17838,36911,1235,6,14,화
2022-06-14,6호선,월드컵경기장(성산),24877,35102,59979,-10225,6,14,화
2022-06-14,6호선,마포구청,17014,14660,31674,2354,6,14,화
2022-06-14,6호선,망원,14828,15229,30057,-401,6,14,화
2022-06-14,6호선,합정,15325,15904,31229,-579,6,14,화
2022-06-14,6호선,상수,9564,10733,20297,-1169,6,14,화
2022-06-14,6호선,광흥창(서강),10232,9855,20087,377,6,14,화
2022-06-14,6호선,대흥(서강대앞),9399,9620,19019,-221,6,14,화
2022-06-14,6호선,공덕,20779,20149,40928,630,6,14,화
2022-06-14,6호선,효창공원앞,8139,7485,15624,654,6,14,화
2022-06-14,6호선,삼각지,8185,7167,15352,1018,6,14,화
2022-06-14,6호선,녹사평(용산구청),5148,4991,10139,157,6,14,화
2022-06-14,6호선,이태원,10283,10913,21196,-630,6,14,화
2022-06-14,6호선,한강진,8400,9646,18046,-1246,6,14,화
2022-06-14,6호선,버티고개,2394,2302,4696,92,6,14,화
2022-06-14,6호선,약수,3895,3955,7850,-60,6,14,화
2022-06-14,6호선,청구,3887,4055,7942,-168,6,14,화
2022-06-14,6호선,신당,8787,9393,18180,-606,6,14,화
2022-06-14,6호선,동묘앞,8332,8771,17103,-439,6,14,화
2022-06-14,6호선,창신,4177,3648,7825,529,6,14,화
2022-06-14,6호선,보문,8103,7496,15599,607,6,14,화
2022-06-14,6호선,안암(고대병원앞),13965,14271,28236,-306,6,14,화
2022-06-14,6호선,고려대(종암),9351,9078,18429,273,6,14,화
2022-06-14,6호선,월곡(동덕여대),13002,12715,25717,287,6,14,화
2022-06-14,6호선,상월곡(한국과학기술연구원),6899,6444,13343,455,6,14,화
2022-06-14,6호선,돌곶이,10126,9359,19485,767,6,14,화
2022-06-14,6호선,석계,13343,13958,27301,-615,6,14,화
2022-06-14,6호선,태릉입구,6047,6826,12873,-779,6,14,화
2022-06-14,6호선,화랑대(서울여대입구),13494,10435,23929,3059,6,14,화
2022-06-14,6호선,봉화산(서울의료원),9756,9337,19093,419,6,14,화
2022-06-14,7호선,장암,2550,933,3483,1617,6,14,화
2022-06-14,7호선,도봉산,10380,11775,22155,-1395,6,14,화
2022-06-14,7호선,수락산,13509,13426,26935,83,6,14,화
2022-06-14,7호선,마들,14120,13316,27436,804,6,14,화
2022-06-14,7호선,노원,20487,21563,42050,-1076,6,14,화
2022-06-14,7호선,중계,16371,14840,31211,1531,6,14,화
2022-06-14,7호선,하계,19505,18438,37943,1067,6,14,화
2022-06-14,7호선,공릉(서울과학기술대),12563,12490,25053,73,6,14,화
2022-06-14,7호선,태릉입구,9566,8923,18489,643,6,14,화
2022-06-14,7호선,먹골,10852,10669,21521,183,6,14,화
2022-06-14,7호선,중화,11605,11285,22890,320,6,14,화
2022-06-14,7호선,상봉(시외버스터미널),17676,16697,34373,979,6,14,화
2022-06-14,7호선,면목,17517,17060,34577,457,6,14,화
2022-06-14,7호선,사가정,17382,17391,34773,-9,6,14,화
2022-06-14,7호선,용마산(용마폭포공원),6582,6301,12883,281,6,14,화
2022-06-14,7호선,중곡,11937,11191,23128,746,6,14,화
2022-06-14,7호선,군자(능동),16050,12840,28890,3210,6,14,화
2022-06-14,7호선,어린이대공원(세종대),16095,16408,32503,-313,6,14,화
2022-06-14,7호선,건대입구,13697,13917,27614,-220,6,14,화
2022-06-14,7호선,뚝섬유원지,8670,8489,17159,181,6,14,화
2022-06-14,7호선,청담,21830,24436,46266,-2606,6,14,화
2022-06-14,7호선,강남구청,18206,20216,38422,-2010,6,14,화
2022-06-14,7호선,학동,26673,28098,54771,-1425,6,14,화
2022-06-14,7호선,논현,20727,22394,43121,-1667,6,14,화
2022-06-14,7호선,반포,6499,6248,12747,251,6,14,화
2022-06-14,7호선,고속터미널,16543,14749,31292,1794,6,14,화
2022-06-14,7호선,내방,16142,16553,32695,-411,6,14,화
2022-06-14,7호선,이수,17129,16654,33783,475,6,14,화
2022-06-14,7호선,남성,12399,11650,24049,749,6,14,화
2022-06-14,7호선,숭실대입구(살피재),16637,16670,33307,-33,6,14,화
2022-06-14,7호선,상도,12205,11966,24171,239,6,14,화
2022-06-14,7호선,장승배기,9727,9510,19237,217,6,14,화
2022-06-14,7호선,신대방삼거리,16909,16078,32987,831,6,14,화
2022-06-14,7호선,보라매,8982,9137,18119,-155,6,14,화
2022-06-14,7호선,신풍,12673,12120,24793,553,6,14,화
2022-06-14,7호선,대림(구로구청),8250,8306,16556,-56,6,14,화
2022-06-14,7호선,남구로,17181,18113,35294,-932,6,14,화
2022-06-14,7호선,가산디지털단지,48666,48817,97483,-151,6,14,화
2022-06-14,7호선,철산,22857,23269,46126,-412,6,14,화
2022-06-14,7호선,광명사거리,23253,22901,46154,352,6,14,화
2022-06-14,7호선,천왕,12697,12220,24917,477,6,14,화
2022-06-14,중앙선,상봉(시외버스터미널),6140,6149,12289,-9,6,14,화
2022-06-14,공항철도 1호선,영종,3511,3494,7005,17,6,14,화
2022-06-14,7호선,온수(성공회대입구),11873,10984,22857,889,6,14,화
2022-06-14,8호선,암사,20646,18229,38875,2417,6,14,화
2022-06-14,8호선,천호(풍납토성),15723,17882,33605,-2159,6,14,화
2022-06-14,8호선,강동구청,11348,11792,23140,-444,6,14,화
2022-06-14,8호선,몽촌토성(평화의문),6807,7006,13813,-199,6,14,화
2022-06-14,8호선,잠실(송파구청),14995,17500,32495,-2505,6,14,화
2022-06-14,8호선,송파,9275,9204,18479,71,6,14,화
2022-06-14,8호선,가락시장,8225,9237,17462,-1012,6,14,화
2022-06-14,8호선,문정,23889,25202,49091,-1313,6,14,화
2022-06-14,8호선,장지,18471,17610,36081,861,6,14,화
2022-06-14,8호선,복정,10776,9183,19959,1593,6,14,화
2022-06-14,8호선,산성,6000,6069,12069,-69,6,14,화
2022-06-14,8호선,남한산성입구(성남법원.검찰청),16902,15557,32459,1345,6,14,화
2022-06-14,8호선,단대오거리,12062,11312,23374,750,6,14,화
2022-06-14,8호선,신흥,4346,4682,9028,-336,6,14,화
2022-06-14,8호선,수진,5896,5456,11352,440,6,14,화
2022-06-14,8호선,모란,6619,5215,11834,1404,6,14,화
2022-06-14,8호선,남위례,5841,6161,12002,-320,6,14,화
2022-06-14,9호선,개화,2993,2021,5014,972,6,14,화
2022-06-14,9호선,김포공항,7548,11249,18797,-3701,6,14,화
2022-06-14,9호선,공항시장,3193,3435,6628,-242,6,14,화
2022-06-14,9호선,신방화,7390,7072,14462,318,6,14,화
2022-06-14,9호선,마곡나루(서울식물원),13686,13618,27304,68,6,14,화
2022-06-14,9호선,양천향교,10678,11016,21694,-338,6,14,화
2022-06-14,9호선,가양,22871,22296,45167,575,6,14,화
2022-06-14,9호선,증미,8029,7842,15871,187,6,14,화
2022-06-14,9호선,등촌,12391,11731,24122,660,6,14,화
2022-06-14,9호선,염창,18915,18294,37209,621,6,14,화
2022-06-14,9호선,신목동,4859,4124,8983,735,6,14,화
2022-06-14,9호선,선유도,9697,9274,18971,423,6,14,화
2022-06-14,9호선,당산,20054,20584,40638,-530,6,14,화
2022-06-14,9호선,국회의사당,17714,18489,36203,-775,6,14,화
2022-06-14,9호선,여의도,31283,30377,61660,906,6,14,화
2022-06-14,9호선,샛강,6942,7000,13942,-58,6,14,화
2022-06-14,9호선,노량진,26791,26450,53241,341,6,14,화
2022-06-14,9호선,노들,4852,4085,8937,767,6,14,화
2022-06-14,9호선,흑석(중앙대입구),9454,9747,19201,-293,6,14,화
2022-06-14,9호선,동작(현충원),2194,1743,3937,451,6,14,화
2022-06-14,9호선,구반포,1408,1428,2836,-20,6,14,화
2022-06-14,9호선,신반포,3860,3766,7626,94,6,14,화
2022-06-14,9호선,고속터미널,13329,16382,29711,-3053,6,14,화
2022-06-14,9호선,사평,4107,4022,8129,85,6,14,화
2022-06-14,9호선,신논현,32590,31966,64556,624,6,14,화
2022-06-14,9호선2~3단계,언주,11542,11949,23491,-407,6,14,화
2022-06-14,9호선2~3단계,선정릉,11220,12377,23597,-1157,6,14,화
2022-06-14,9호선2~3단계,삼성중앙,8169,8534,16703,-365,6,14,화
2022-06-14,9호선2~3단계,봉은사,18187,18599,36786,-412,6,14,화
2022-06-14,9호선2~3단계,종합운동장,4950,4942,9892,8,6,14,화
2022-06-14,9호선2~3단계,삼전,7481,7167,14648,314,6,14,화
2022-06-14,9호선2~3단계,석촌고분,6770,6592,13362,178,6,14,화
2022-06-14,9호선2~3단계,석촌,9385,8256,17641,1129,6,14,화
2022-06-14,9호선2~3단계,송파나루,5313,5614,10927,-301,6,14,화
2022-06-14,9호선2~3단계,한성백제,2791,2550,5341,241,6,14,화
2022-06-14,9호선2~3단계,올림픽공원(한국체대),6569,6832,13401,-263,6,14,화
2022-06-14,9호선2~3단계,둔촌오륜,1250,1163,2413,87,6,14,화
2022-06-14,9호선2~3단계,중앙보훈병원,12489,11044,23533,1445,6,14,화
2022-06-14,경강선,판교,5542,5576,11118,-34,6,14,화
2022-06-14,경강선,이매,1266,1086,2352,180,6,14,화
2022-06-14,경강선,삼동,2836,2572,5408,264,6,14,화
2022-06-14,경강선,경기광주,8727,8262,16989,465,6,14,화
2022-06-14,경강선,초월,3581,3347,6928,234,6,14,화
2022-06-14,경강선,곤지암,2508,2509,5017,-1,6,14,화
2022-06-14,경강선,신둔도예촌,1888,1684,3572,204,6,14,화
2022-06-14,경강선,이천,2734,2718,5452,16,6,14,화
2022-06-14,경강선,부발,2341,2314,4655,27,6,14,화
2022-06-14,경강선,세종대왕릉,376,372,748,4,6,14,화
2022-06-14,경강선,여주,2527,2470,4997,57,6,14,화
2022-06-14,경부선,서울역,6623,2037,8660,4586,6,14,화
2022-06-14,경부선,남영,10407,10989,21396,-582,6,14,화
2022-06-14,경부선,용산,34998,34859,69857,139,6,14,화
2022-06-14,경부선,노량진,8449,8424,16873,25,6,14,화
2022-06-14,경부선,대방,12611,13658,26269,-1047,6,14,화
2022-06-14,경부선,영등포,38666,39790,78456,-1124,6,14,화
2022-06-14,경부선,신도림,4448,4670,9118,-222,6,14,화
2022-06-14,경부선,신길,9998,8614,18612,1384,6,14,화
2022-06-14,경부선,구로,19920,20505,40425,-585,6,14,화
2022-06-14,경부선,가산디지털단지,20288,23325,43613,-3037,6,14,화
2022-06-14,경부선,금천구청,12831,12771,25602,60,6,14,화
2022-06-14,경부선,석수,10642,9582,20224,1060,6,14,화
2022-06-14,경부선,관악,8315,7799,16114,516,6,14,화
2022-06-14,경부선,안양,27703,27433,55136,270,6,14,화
2022-06-14,경부선,명학,11561,11429,22990,132,6,14,화
2022-06-14,경부선,금정,29733,30056,59789,-323,6,14,화
2022-06-14,경부선,군포,8408,8170,16578,238,6,14,화
2022-06-14,경부선,의왕,10241,10180,20421,61,6,14,화
2022-06-14,경부선,성균관대,15583,15475,31058,108,6,14,화
2022-06-14,경부선,화서,9405,9052,18457,353,6,14,화
2022-06-14,경부선,수원,38522,40541,79063,-2019,6,14,화
2022-06-14,경부선,독산,20503,21312,41815,-809,6,14,화
2022-06-14,경부선,세류,3418,3201,6619,217,6,14,화
2022-06-14,경부선,병점,18187,18289,36476,-102,6,14,화
2022-06-14,경부선,세마,3272,3126,6398,146,6,14,화
2022-06-14,경부선,오산대,4546,4218,8764,328,6,14,화
2022-06-14,경부선,오산,10876,10923,21799,-47,6,14,화
2022-06-14,경부선,진위,2029,1886,3915,143,6,14,화
2022-06-14,경부선,송탄,4525,4357,8882,168,6,14,화
2022-06-14,경부선,서정리,8194,7726,15920,468,6,14,화
2022-06-14,경부선,평택지제,4068,3858,7926,210,6,14,화
2022-06-14,경부선,평택,13431,13327,26758,104,6,14,화
2022-06-14,경부선,성환,6526,6251,12777,275,6,14,화
2022-06-14,경부선,직산,927,925,1852,2,6,14,화
2022-06-14,경부선,두정,7965,8692,16657,-727,6,14,화
2022-06-14,경부선,천안,7135,6698,13833,437,6,14,화
2022-06-14,경부선,당정,7593,7029,14622,564,6,14,화
2022-06-14,경부선,서동탄,1642,1399,3041,243,6,14,화
2022-06-14,경부선,광명,3606,3122,6728,484,6,14,화
2022-06-14,경원선,이촌(국립중앙박물관),4167,3264,7431,903,6,14,화
2022-06-14,경원선,서빙고,2271,2102,4373,169,6,14,화
2022-06-14,경원선,한남,4550,4201,8751,349,6,14,화
2022-06-14,경원선,옥수,47,36,83,11,6,14,화
2022-06-14,경원선,응봉,2125,1835,3960,290,6,14,화
2022-06-14,경원선,왕십리(성동구청),14755,16177,30932,-1422,6,14,화
2022-06-14,경원선,청량리(서울시립대입구),16006,16650,32656,-644,6,14,화
2022-06-14,경원선,외대앞,8076,8040,16116,36,6,14,화
2022-06-14,경원선,신이문,9001,8344,17345,657,6,14,화
2022-06-14,경원선,석계,8690,9920,18610,-1230,6,14,화
2022-06-14,경원선,광운대,9719,9443,19162,276,6,14,화
2022-06-14,경원선,월계,9140,8368,17508,772,6,14,화
2022-06-14,경원선,녹천,5182,4231,9413,951,6,14,화
2022-06-14,경원선,방학,10684,10535,21219,149,6,14,화
2022-06-14,경원선,도봉,6641,6357,12998,284,6,14,화
2022-06-14,경원선,도봉산,8486,5635,14121,2851,6,14,화
2022-06-14,경원선,망월사,9421,9480,18901,-59,6,14,화
2022-06-14,경원선,회룡,14114,13874,27988,240,6,14,화
2022-06-14,경원선,의정부,19260,19938,39198,-678,6,14,화
2022-06-14,경원선,가능,7648,7327,14975,321,6,14,화
2022-06-14,경원선,녹양,5124,4801,9925,323,6,14,화
2022-06-14,경원선,양주,8520,7978,16498,542,6,14,화
2022-06-14,경원선,덕계,3763,3345,7108,418,6,14,화
2022-06-14,경원선,덕정,7020,6761,13781,259,6,14,화
2022-06-14,중앙선,망우,8388,8210,16598,178,6,14,화
2022-06-14,중앙선,양원,3483,3292,6775,191,6,14,화
2022-06-14,중앙선,구리,14471,14619,29090,-148,6,14,화
2022-06-14,중앙선,도농,12545,11446,23991,1099,6,14,화
2022-06-14,중앙선,양정,812,688,1500,124,6,14,화
2022-06-14,중앙선,덕소,6023,6061,12084,-38,6,14,화
2022-06-14,중앙선,도심,2867,2204,5071,663,6,14,화
2022-06-14,중앙선,팔당,914,950,1864,-36,6,14,화
2022-06-14,중앙선,운길산,1093,1034,2127,59,6,14,화
2022-06-14,중앙선,양수,2211,2278,4489,-67,6,14,화
2022-06-14,중앙선,신원,258,205,463,53,6,14,화
2022-06-14,중앙선,국수,787,783,1570,4,6,14,화
2022-06-14,중앙선,아신,649,629,1278,20,6,14,화
2022-06-14,중앙선,양평,3168,3102,6270,66,6,14,화
2022-06-14,중앙선,원덕,406,393,799,13,6,14,화
2022-06-14,경원선,지행,7376,7375,14751,1,6,14,화
2022-06-14,경원선,동두천중앙,3531,3331,6862,200,6,14,화
2022-06-14,경원선,보산,1648,1557,3205,91,6,14,화
2022-06-14,경원선,동두천,3024,3267,6291,-243,6,14,화
2022-06-15,4호선,성신여대입구(돈암),21449,20512,41961,937,6,15,수
2022-06-15,4호선,미아사거리,28518,27455,55973,1063,6,15,수
2022-06-15,4호선,미아(서울사이버대학),15812,15334,31146,478,6,15,수
2022-06-15,4호선,수유(강북구청),34718,34699,69417,19,6,15,수
2022-06-15,4호선,쌍문,30471,28003,58474,2468,6,15,수
2022-06-15,4호선,창동,26708,28101,54809,-1393,6,15,수
2022-06-15,4호선,노원,19052,21751,40803,-2699,6,15,수
2022-06-15,4호선,상계,20240,18923,39163,1317,6,15,수
2022-06-15,4호선,당고개,9438,8406,17844,1032,6,15,수
2022-06-15,3호선,오금,6694,5832,12526,862,6,15,수
2022-06-15,3호선,경찰병원,8072,8181,16253,-109,6,15,수
2022-06-15,3호선,가락시장,9531,9641,19172,-110,6,15,수
2022-06-15,3호선,수서,17897,18185,36082,-288,6,15,수
2022-06-15,3호선,일원,11671,11298,22969,373,6,15,수
2022-06-15,3호선,대청,11263,10279,21542,984,6,15,수
2022-06-15,3호선,학여울,2017,2285,4302,-268,6,15,수
2022-06-15,3호선,대치,11512,11681,23193,-169,6,15,수
2022-06-15,3호선,도곡,5923,6423,12346,-500,6,15,수
2022-06-15,3호선,매봉,13253,13060,26313,193,6,15,수
2022-06-15,3호선,양재(서초구청),40364,45339,85703,-4975,6,15,수
2022-06-15,3호선,남부터미널(예술의전당),28838,30695,59533,-1857,6,15,수
2022-06-15,3호선,교대(법원.검찰청),16190,11029,27219,5161,6,15,수
2022-06-15,3호선,고속터미널,40718,38928,79646,1790,6,15,수
2022-06-15,3호선,잠원,5328,5356,10684,-28,6,15,수
2022-06-15,3호선,신사,28415,31681,60096,-3266,6,15,수
2022-06-15,3호선,압구정,33461,37969,71430,-4508,6,15,수
2022-06-15,3호선,옥수,9532,9436,18968,96,6,15,수
2022-06-15,3호선,금호,8513,7862,16375,651,6,15,수
2022-06-15,3호선,약수,14066,13744,27810,322,6,15,수
2022-06-15,3호선,동대입구,10238,11220,21458,-982,6,15,수
2022-06-15,3호선,을지로3가,11548,12207,23755,-659,6,15,수
2022-06-15,3호선,종로3가,10934,12658,23592,-1724,6,15,수
2022-06-15,3호선,안국,24475,25299,49774,-824,6,15,수
2022-06-15,3호선,경복궁(정부서울청사),27289,28880,56169,-1591,6,15,수
2022-06-15,3호선,독립문,7626,7778,15404,-152,6,15,수
2022-06-15,3호선,무악재,4250,4012,8262,238,6,15,수
2022-06-15,3호선,홍제,18799,17120,35919,1679,6,15,수
2022-06-15,3호선,녹번,17077,14577,31654,2500,6,15,수
2022-06-15,3호선,불광,17201,18575,35776,-1374,6,15,수
2022-06-15,3호선,연신내,38032,35547,73579,2485,6,15,수
2022-06-15,3호선,구파발,22226,21771,43997,455,6,15,수
2022-06-15,3호선,지축,5574,4841,10415,733,6,15,수
2022-06-15,2호선,용두(동대문구청),2461,2499,4960,-38,6,15,수
2022-06-15,2호선,신정네거리,11180,11335,22515,-155,6,15,수
2022-06-15,2호선,양천구청,7345,7693,15038,-348,6,15,수
2022-06-15,2호선,도림천,1491,1571,3062,-80,6,15,수
2022-06-15,2호선,신설동,3477,3727,7204,-250,6,15,수
2022-06-15,2호선,신답,1845,2019,3864,-174,6,15,수
2022-06-15,2호선,용답,3126,3177,6303,-51,6,15,수
2022-06-15,2호선,충정로(경기대입구),10764,11520,22284,-756,6,15,수
2022-06-15,2호선,아현,11260,10602,21862,658,6,15,수
2022-06-15,2호선,이대,14537,15437,29974,-900,6,15,수
2022-06-15,2호선,신촌,33870,34749,68619,-879,6,15,수
2022-06-15,2호선,홍대입구,54259,57422,111681,-3163,6,15,수
2022-06-15,2호선,합정,32026,34165,66191,-2139,6,15,수
2022-06-15,2호선,당산,20120,23598,43718,-3478,6,15,수
2022-06-15,2호선,영등포구청,23336,24332,47668,-996,6,15,수
2022-06-15,2호선,문래,23924,24752,48676,-828,6,15,수
2022-06-15,2호선,신도림,51951,51716,103667,235,6,15,수
2022-06-15,2호선,대림(구로구청),25232,25770,51002,-538,6,15,수
2022-06-15,2호선,구로디지털단지,63532,63394,126926,138,6,15,수
2022-06-15,2호선,신대방,27110,26623,53733,487,6,15,수
2022-06-15,2호선,신림,61674,59462,121136,2212,6,15,수
2022-06-15,2호선,봉천,25539,23419,48958,2120,6,15,수
2022-06-15,2호선,서울대입구(관악구청),48734,47693,96427,1041,6,15,수
2022-06-15,2호선,낙성대(강감찬),29465,28303,57768,1162,6,15,수
2022-06-15,2호선,사당,41347,45189,86536,-3842,6,15,수
2022-06-15,2호선,방배,21042,21550,42592,-508,6,15,수
2022-06-15,2호선,서초,24268,23562,47830,706,6,15,수
2022-06-15,2호선,교대(법원.검찰청),38764,43675,82439,-4911,6,15,수
2022-06-15,2호선,강남,86012,83678,169690,2334,6,15,수
2022-06-15,2호선,역삼,58988,66186,125174,-7198,6,15,수
2022-06-15,2호선,선릉,62866,55483,118349,7383,6,15,수
2022-06-15,2호선,삼성(무역센터),59442,60095,119537,-653,6,15,수
2022-06-15,2호선,종합운동장,10846,12143,22989,-1297,6,15,수
2022-06-15,2호선,잠실새내,22758,22471,45229,287,6,15,수
2022-06-15,2호선,잠실(송파구청),71553,70930,142483,623,6,15,수
2022-06-15,2호선,잠실나루,16061,15861,31922,200,6,15,수
2022-06-15,2호선,강변(동서울터미널),31758,29703,61461,2055,6,15,수
2022-06-15,2호선,구의(광진구청),24967,24674,49641,293,6,15,수
2022-06-15,2호선,건대입구,35323,37855,73178,-2532,6,15,수
2022-06-15,2호선,성수,39468,42747,82215,-3279,6,15,수
2022-06-15,2호선,뚝섬,23173,25205,48378,-2032,6,15,수
2022-06-15,2호선,한양대,14129,15710,29839,-1581,6,15,수
2022-06-15,2호선,왕십리(성동구청),17235,13900,31135,3335,6,15,수
2022-06-15,2호선,상왕십리,15209,14760,29969,449,6,15,수
2022-06-15,2호선,신당,14783,15278,30061,-495,6,15,수
2022-06-15,2호선,동대문역사문화공원(DDP),12470,14627,27097,-2157,6,15,수
2022-06-15,2호선,을지로4가,13586,13691,27277,-105,6,15,수
2022-06-15,2호선,을지로3가,25298,25303,50601,-5,6,15,수
2022-06-15,2호선,을지로입구,43220,44878,88098,-1658,6,15,수
2022-06-15,2호선,시청,25758,25603,51361,155,6,15,수
2022-06-15,1호선,동묘앞,6861,7125,13986,-264,6,15,수
2022-06-15,1호선,청량리(서울시립대입구),20004,19655,39659,349,6,15,수
2022-06-15,1호선,제기동,16356,16452,32808,-96,6,15,수
2022-06-15,1호선,신설동,14468,13313,27781,1155,6,15,수
2022-06-15,1호선,동대문,11172,10520,21692,652,6,15,수
2022-06-15,1호선,종로5가,23471,23293,46764,178,6,15,수
2022-06-15,1호선,종로3가,26925,24609,51534,2316,6,15,수
2022-06-15,1호선,종각,39068,38557,77625,511,6,15,수
2022-06-15,1호선,시청,25782,25848,51630,-66,6,15,수
2022-06-15,1호선,서울역,48013,46691,94704,1322,6,15,수
2022-06-15,4호선,삼각지,5857,6437,12294,-580,6,15,수
2022-06-15,4호선,숙대입구(갈월),14459,13966,28425,493,6,15,수
2022-06-15,4호선,서울역,12874,18621,31495,-5747,6,15,수
2022-06-15,4호선,회현(남대문시장),25402,27093,52495,-1691,6,15,수
2022-06-15,4호선,명동,21987,22385,44372,-398,6,15,수
2022-06-15,4호선,충무로,29481,30875,60356,-1394,6,15,수
2022-06-15,4호선,동대문역사문화공원(DDP),15672,13817,29489,1855,6,15,수
2022-06-15,4호선,신용산,18639,19945,38584,-1306,6,15,수
2022-06-15,4호선,이촌(국립중앙박물관),9282,9716,18998,-434,6,15,수
2022-06-15,4호선,동작(현충원),1376,1500,2876,-124,6,15,수
2022-06-15,4호선,총신대입구(이수),19986,21510,41496,-1524,6,15,수
2022-06-15,4호선,사당,27549,23408,50957,4141,6,15,수
2022-06-15,4호선,남태령,1356,1156,2512,200,6,15,수
2022-06-15,5호선,방화,7153,6816,13969,337,6,15,수
2022-06-15,5호선,개화산,6217,5720,11937,497,6,15,수
2022-06-15,5호선,김포공항,7372,7450,14822,-78,6,15,수
2022-06-15,5호선,송정,6927,6358,13285,569,6,15,수
2022-06-15,5호선,마곡,11511,11631,23142,-120,6,15,수
2022-06-15,5호선,발산,22736,23440,46176,-704,6,15,수
2022-06-15,5호선,우장산,15950,15466,31416,484,6,15,수
2022-06-15,5호선,화곡,29945,27996,57941,1949,6,15,수
2022-06-15,5호선,까치산,30804,28914,59718,1890,6,15,수
2022-06-15,5호선,신정(은행정),14983,12215,27198,2768,6,15,수
2022-06-15,5호선,목동,18332,19548,37880,-1216,6,15,수
2022-06-15,5호선,오목교(목동운동장앞),22754,24402,47156,-1648,6,15,수
2022-06-15,5호선,양평,8065,7942,16007,123,6,15,수
2022-06-15,5호선,영등포구청,4271,4487,8758,-216,6,15,수
2022-06-15,5호선,영등포시장,10714,11068,21782,-354,6,15,수
2022-06-15,5호선,신길,4603,4816,9419,-213,6,15,수
2022-06-15,5호선,여의도,31476,33668,65144,-2192,6,15,수
2022-06-15,5호선,여의나루,10218,11624,21842,-1406,6,15,수
2022-06-15,5호선,마포,15809,16221,32030,-412,6,15,수
2022-06-15,5호선,공덕,15944,16845,32789,-901,6,15,수
2022-06-15,5호선,애오개,7432,7330,14762,102,6,15,수
2022-06-15,5호선,충정로(경기대입구),5165,5306,10471,-141,6,15,수
2022-06-15,5호선,서대문,21757,22547,44304,-790,6,15,수
2022-06-15,5호선,광화문(세종문화회관),35058,37226,72284,-2168,6,15,수
2022-06-15,5호선,종로3가,13720,13299,27019,421,6,15,수
2022-06-15,5호선,을지로4가,6684,6705,13389,-21,6,15,수
2022-06-15,5호선,동대문역사문화공원(DDP),3097,3694,6791,-597,6,15,수
2022-06-15,5호선,청구,4403,3915,8318,488,6,15,수
2022-06-15,5호선,신금호,7131,7368,14499,-237,6,15,수
2022-06-15,5호선,행당,8905,7803,16708,1102,6,15,수
2022-06-15,5호선,왕십리(성동구청),4879,5621,10500,-742,6,15,수
2022-06-15,5호선,마장,6144,5838,11982,306,6,15,수
2022-06-15,5호선,답십리,17082,15549,32631,1533,6,15,수
2022-06-15,5호선,장한평,20036,19972,40008,64,6,15,수
2022-06-15,5호선,군자(능동),11911,13081,24992,-1170,6,15,수
2022-06-15,5호선,아차산(어린이대공원후문),15320,14865,30185,455,6,15,수
2022-06-15,5호선,광나루(장신대),14436,13080,27516,1356,6,15,수
2022-06-15,5호선,천호(풍납토성),18594,18509,37103,85,6,15,수
2022-06-15,5호선,강동,19775,18926,38701,849,6,15,수
2022-06-15,5호선,길동,8527,8675,17202,-148,6,15,수
2022-06-15,5호선,굽은다리(강동구민회관앞),10233,9841,20074,392,6,15,수
2022-06-15,5호선,명일,9647,10033,19680,-386,6,15,수
2022-06-15,5호선,고덕,10357,10330,20687,27,6,15,수
2022-06-15,5호선,상일동,16239,14849,31088,1390,6,15,수
2022-06-15,5호선,둔촌동,8693,8687,17380,6,6,15,수
2022-06-15,5호선,올림픽공원(한국체대),4543,3867,8410,676,6,15,수
2022-06-15,5호선,방이,7765,8035,15800,-270,6,15,수
2022-06-15,5호선,오금,4259,4141,8400,118,6,15,수
2022-06-15,5호선,개롱,7152,7377,14529,-225,6,15,수
2022-06-15,5호선,거여,11364,10686,22050,678,6,15,수
2022-06-15,5호선,마천,7980,7460,15440,520,6,15,수
2022-06-15,5호선,강일,4812,4760,9572,52,6,15,수
2022-06-15,5호선,미사,17425,17653,35078,-228,6,15,수
2022-06-15,5호선,하남풍산,4521,4455,8976,66,6,15,수
2022-06-15,5호선,하남시청(덕풍·신장),7376,7089,14465,287,6,15,수
2022-06-15,5호선,하남검단산,6008,5759,11767,249,6,15,수
2022-06-15,6호선,응암,18826,18611,37437,215,6,15,수
2022-06-15,6호선,역촌,4039,4748,8787,-709,6,15,수
2022-06-15,6호선,불광,4918,5113,10031,-195,6,15,수
2022-06-15,6호선,독바위,2945,3065,6010,-120,6,15,수
2022-06-15,6호선,연신내,2,0,2,2,6,15,수
2022-06-15,6호선,구산,8488,6217,14705,2271,6,15,수
2022-06-15,6호선,새절(신사),13925,12955,26880,970,6,15,수
2022-06-15,6호선,증산(명지대앞),10747,10583,21330,164,6,15,수
2022-06-15,6호선,디지털미디어시티,15501,17194,32695,-1693,6,15,수
2022-06-15,6호선,월드컵경기장(성산),4415,4613,9028,-198,6,15,수
2022-06-15,6호선,마포구청,15475,13780,29255,1695,6,15,수
2022-06-15,6호선,망원,14054,14819,28873,-765,6,15,수
2022-06-15,6호선,합정,13825,13594,27419,231,6,15,수
2022-06-15,6호선,상수,8851,10070,18921,-1219,6,15,수
2022-06-15,6호선,광흥창(서강),10086,9819,19905,267,6,15,수
2022-06-15,6호선,대흥(서강대앞),8900,9153,18053,-253,6,15,수
2022-06-15,6호선,공덕,20175,19538,39713,637,6,15,수
2022-06-15,6호선,효창공원앞,7811,6975,14786,836,6,15,수
2022-06-15,6호선,삼각지,7765,6893,14658,872,6,15,수
2022-06-15,6호선,녹사평(용산구청),5050,5069,10119,-19,6,15,수
2022-06-15,6호선,이태원,10338,10771,21109,-433,6,15,수
2022-06-15,6호선,한강진,8679,9926,18605,-1247,6,15,수
2022-06-15,6호선,버티고개,2359,2186,4545,173,6,15,수
2022-06-15,6호선,약수,3871,3988,7859,-117,6,15,수
2022-06-15,6호선,청구,3879,4172,8051,-293,6,15,수
2022-06-15,6호선,신당,9639,10013,19652,-374,6,15,수
2022-06-15,6호선,동묘앞,7884,8015,15899,-131,6,15,수
2022-06-15,6호선,창신,3980,3283,7263,697,6,15,수
2022-06-15,6호선,보문,8014,7112,15126,902,6,15,수
2022-06-15,6호선,안암(고대병원앞),14355,14314,28669,41,6,15,수
2022-06-15,6호선,고려대(종암),9413,9050,18463,363,6,15,수
2022-06-15,6호선,월곡(동덕여대),12422,12150,24572,272,6,15,수
2022-06-15,6호선,상월곡(한국과학기술연구원),6752,6128,12880,624,6,15,수
2022-06-15,6호선,돌곶이,10298,9497,19795,801,6,15,수
2022-06-15,6호선,석계,13236,13667,26903,-431,6,15,수
2022-06-15,6호선,태릉입구,5925,6647,12572,-722,6,15,수
2022-06-15,6호선,화랑대(서울여대입구),13170,10176,23346,2994,6,15,수
2022-06-15,6호선,봉화산(서울의료원),9599,9015,18614,584,6,15,수
2022-06-15,7호선,장암,2392,829,3221,1563,6,15,수
2022-06-15,7호선,도봉산,10077,11114,21191,-1037,6,15,수
2022-06-15,7호선,수락산,13257,13158,26415,99,6,15,수
2022-06-15,7호선,마들,14060,13100,27160,960,6,15,수
2022-06-15,7호선,노원,20213,21456,41669,-1243,6,15,수
2022-06-15,7호선,중계,15933,14690,30623,1243,6,15,수
2022-06-15,7호선,하계,19567,18513,38080,1054,6,15,수
2022-06-15,7호선,공릉(서울과학기술대),12397,12277,24674,120,6,15,수
2022-06-15,7호선,태릉입구,9622,9139,18761,483,6,15,수
2022-06-15,7호선,먹골,10813,10669,21482,144,6,15,수
2022-06-15,7호선,중화,11422,11237,22659,185,6,15,수
2022-06-15,7호선,상봉(시외버스터미널),17343,16499,33842,844,6,15,수
2022-06-15,7호선,면목,17209,16885,34094,324,6,15,수
2022-06-15,7호선,사가정,16895,16758,33653,137,6,15,수
2022-06-15,7호선,용마산(용마폭포공원),6395,6110,12505,285,6,15,수
2022-06-15,7호선,중곡,12072,11163,23235,909,6,15,수
2022-06-15,7호선,군자(능동),15876,12837,28713,3039,6,15,수
2022-06-15,7호선,어린이대공원(세종대),17212,17586,34798,-374,6,15,수
2022-06-15,7호선,건대입구,13922,14146,28068,-224,6,15,수
2022-06-15,7호선,뚝섬유원지,7795,7458,15253,337,6,15,수
2022-06-15,7호선,청담,21165,23648,44813,-2483,6,15,수
2022-06-15,7호선,강남구청,17978,19932,37910,-1954,6,15,수
2022-06-15,7호선,학동,26758,28230,54988,-1472,6,15,수
2022-06-15,7호선,논현,20650,21831,42481,-1181,6,15,수
2022-06-15,7호선,반포,6672,6389,13061,283,6,15,수
2022-06-15,7호선,고속터미널,15977,13908,29885,2069,6,15,수
2022-06-15,7호선,내방,16085,16178,32263,-93,6,15,수
2022-06-15,7호선,이수,17464,16930,34394,534,6,15,수
2022-06-15,7호선,남성,12365,11213,23578,1152,6,15,수
2022-06-15,7호선,숭실대입구(살피재),14087,14154,28241,-67,6,15,수
2022-06-15,7호선,상도,12401,12154,24555,247,6,15,수
2022-06-15,7호선,장승배기,9610,9287,18897,323,6,15,수
2022-06-15,7호선,신대방삼거리,16657,15599,32256,1058,6,15,수
2022-06-15,7호선,보라매,8750,8871,17621,-121,6,15,수
2022-06-15,7호선,신풍,12480,11934,24414,546,6,15,수
2022-06-15,7호선,대림(구로구청),7953,8033,15986,-80,6,15,수
2022-06-15,7호선,남구로,16892,17920,34812,-1028,6,15,수
2022-06-15,7호선,가산디지털단지,48019,48733,96752,-714,6,15,수
2022-06-15,7호선,철산,22545,22767,45312,-222,6,15,수
2022-06-15,7호선,광명사거리,22897,22520,45417,377,6,15,수
2022-06-15,7호선,천왕,12961,12070,25031,891,6,15,수
2022-06-15,7호선,온수(성공회대입구),11969,11127,23096,842,6,15,수
2022-06-15,8호선,암사,20229,17859,38088,2370,6,15,수
2022-06-15,8호선,천호(풍납토성),15037,17340,32377,-2303,6,15,수
2022-06-15,8호선,강동구청,11368,11807,23175,-439,6,15,수
2022-06-15,8호선,몽촌토성(평화의문),6721,6715,13436,6,6,15,수
2022-06-15,8호선,잠실(송파구청),15071,17358,32429,-2287,6,15,수
2022-06-15,8호선,석촌,8075,9126,17201,-1051,6,15,수
2022-06-15,8호선,송파,9265,9257,18522,8,6,15,수
2022-06-15,8호선,가락시장,8541,9299,17840,-758,6,15,수
2022-06-15,8호선,문정,23834,25060,48894,-1226,6,15,수
2022-06-15,8호선,장지,19038,18209,37247,829,6,15,수
2022-06-15,8호선,복정,10881,9133,20014,1748,6,15,수
2022-06-15,8호선,산성,5798,5813,11611,-15,6,15,수
2022-06-15,8호선,남한산성입구(성남법원.검찰청),15788,14665,30453,1123,6,15,수
2022-06-15,8호선,단대오거리,11762,11294,23056,468,6,15,수
2022-06-15,8호선,신흥,4524,4840,9364,-316,6,15,수
2022-06-15,8호선,수진,5700,5351,11051,349,6,15,수
2022-06-15,8호선,모란,4600,3654,8254,946,6,15,수
2022-06-15,8호선,남위례,5729,5954,11683,-225,6,15,수
2022-06-15,9호선,개화,2837,1933,4770,904,6,15,수
2022-06-15,9호선,김포공항,7506,11529,19035,-4023,6,15,수
2022-06-15,9호선,공항시장,3219,3531,6750,-312,6,15,수
2022-06-15,9호선,신방화,7394,7132,14526,262,6,15,수
2022-06-15,9호선,마곡나루(서울식물원),13340,13341,26681,-1,6,15,수
2022-06-15,9호선,양천향교,10679,11063,21742,-384,6,15,수
2022-06-15,9호선,가양,22610,22207,44817,403,6,15,수
2022-06-15,9호선,증미,7854,7638,15492,216,6,15,수
2022-06-15,9호선,등촌,12458,11609,24067,849,6,15,수
2022-06-15,9호선,염창,18695,18126,36821,569,6,15,수
2022-06-15,9호선,신목동,4725,4082,8807,643,6,15,수
2022-06-15,9호선,선유도,9679,9429,19108,250,6,15,수
2022-06-15,9호선,당산,20203,20477,40680,-274,6,15,수
2022-06-15,9호선,국회의사당,18353,19182,37535,-829,6,15,수
2022-06-15,9호선,여의도,31509,30489,61998,1020,6,15,수
2022-06-15,9호선,샛강,6944,6914,13858,30,6,15,수
2022-06-15,9호선,노량진,26853,25960,52813,893,6,15,수
2022-06-15,9호선,노들,4910,4096,9006,814,6,15,수
2022-06-15,9호선,흑석(중앙대입구),9662,9719,19381,-57,6,15,수
2022-06-15,9호선,동작(현충원),2027,1635,3662,392,6,15,수
2022-06-15,9호선,구반포,1347,1427,2774,-80,6,15,수
2022-06-15,9호선,신반포,3871,3811,7682,60,6,15,수
2022-06-15,9호선,고속터미널,13548,16865,30413,-3317,6,15,수
2022-06-15,9호선,사평,4043,3898,7941,145,6,15,수
2022-06-15,9호선,신논현,31874,31443,63317,431,6,15,수
2022-06-15,9호선2~3단계,언주,11798,12072,23870,-274,6,15,수
2022-06-15,9호선2~3단계,선정릉,11265,12297,23562,-1032,6,15,수
2022-06-15,9호선2~3단계,삼성중앙,8139,8461,16600,-322,6,15,수
2022-06-15,9호선2~3단계,봉은사,19879,20238,40117,-359,6,15,수
2022-06-15,9호선2~3단계,종합운동장,4655,4678,9333,-23,6,15,수
2022-06-15,9호선2~3단계,삼전,7551,7262,14813,289,6,15,수
2022-06-15,9호선2~3단계,석촌고분,6760,6626,13386,134,6,15,수
2022-06-15,9호선2~3단계,석촌,9314,8218,17532,1096,6,15,수
2022-06-15,9호선2~3단계,송파나루,5434,5715,11149,-281,6,15,수
2022-06-15,9호선2~3단계,한성백제,2809,2600,5409,209,6,15,수
2022-06-15,9호선2~3단계,올림픽공원(한국체대),6339,6475,12814,-136,6,15,수
2022-06-15,9호선2~3단계,둔촌오륜,1329,1200,2529,129,6,15,수
2022-06-15,9호선2~3단계,중앙보훈병원,12333,10964,23297,1369,6,15,수
2022-06-15,경강선,판교,5478,5392,10870,86,6,15,수
2022-06-15,경강선,이매,1228,1057,2285,171,6,15,수
2022-06-15,경강선,삼동,2677,2471,5148,206,6,15,수
2022-06-15,경강선,경기광주,8191,7802,15993,389,6,15,수
2022-06-15,경강선,초월,3520,3320,6840,200,6,15,수
2022-06-15,경강선,곤지암,2348,2344,4692,4,6,15,수
2022-06-15,경강선,신둔도예촌,1691,1529,3220,162,6,15,수
2022-06-15,경강선,이천,2574,2720,5294,-146,6,15,수
2022-06-15,경강선,부발,2155,2153,4308,2,6,15,수
2022-06-15,경강선,세종대왕릉,354,348,702,6,6,15,수
2022-06-15,경강선,여주,2567,2546,5113,21,6,15,수
2022-06-15,경부선,서울역,6571,2167,8738,4404,6,15,수
2022-06-15,경부선,남영,10035,10803,20838,-768,6,15,수
2022-06-15,경부선,용산,35925,36606,72531,-681,6,15,수
2022-06-15,경부선,노량진,8153,8241,16394,-88,6,15,수
2022-06-15,경부선,대방,12750,13655,26405,-905,6,15,수
2022-06-15,경부선,영등포,38725,39994,78719,-1269,6,15,수
2022-06-15,경부선,신도림,4307,4551,8858,-244,6,15,수
2022-06-15,경부선,신길,9780,8416,18196,1364,6,15,수
2022-06-15,경부선,구로,20036,20934,40970,-898,6,15,수
2022-06-15,경부선,가산디지털단지,20011,22957,42968,-2946,6,15,수
2022-06-15,경부선,금천구청,12602,12551,25153,51,6,15,수
2022-06-15,경부선,석수,10397,9384,19781,1013,6,15,수
2022-06-15,경부선,관악,7981,7572,15553,409,6,15,수
2022-06-15,경부선,안양,28759,28381,57140,378,6,15,수
2022-06-15,경부선,명학,11401,11195,22596,206,6,15,수
2022-06-15,경부선,금정,28934,29274,58208,-340,6,15,수
2022-06-15,경부선,군포,8201,7999,16200,202,6,15,수
2022-06-15,경부선,의왕,10001,9936,19937,65,6,15,수
2022-06-15,경부선,성균관대,16100,15915,32015,185,6,15,수
2022-06-15,경부선,화서,8984,8621,17605,363,6,15,수
2022-06-15,경부선,수원,36917,38692,75609,-1775,6,15,수
2022-06-15,경부선,독산,20195,20967,41162,-772,6,15,수
2022-06-15,경부선,세류,3351,3105,6456,246,6,15,수
2022-06-15,경부선,병점,16348,16472,32820,-124,6,15,수
2022-06-15,경부선,세마,3099,2936,6035,163,6,15,수
2022-06-15,경부선,오산대,4363,4076,8439,287,6,15,수
2022-06-15,경부선,오산,10611,10642,21253,-31,6,15,수
2022-06-15,경부선,진위,2019,1714,3733,305,6,15,수
2022-06-15,경부선,송탄,4538,4414,8952,124,6,15,수
2022-06-15,경부선,서정리,7822,7429,15251,393,6,15,수
2022-06-15,경부선,평택지제,3788,3720,7508,68,6,15,수
2022-06-15,경부선,평택,13060,13045,26105,15,6,15,수
2022-06-15,경부선,성환,5722,5482,11204,240,6,15,수
2022-06-15,경부선,직산,888,904,1792,-16,6,15,수
2022-06-15,경부선,두정,7963,8600,16563,-637,6,15,수
2022-06-15,경부선,천안,7009,6315,13324,694,6,15,수
2022-06-15,경부선,당정,7539,7074,14613,465,6,15,수
2022-06-15,경부선,서동탄,1608,1406,3014,202,6,15,수
2022-06-15,경부선,광명,3679,3139,6818,540,6,15,수
2022-06-15,경원선,이촌(국립중앙박물관),4189,3187,7376,1002,6,15,수
2022-06-15,경원선,서빙고,2076,1989,4065,87,6,15,수
2022-06-15,경원선,한남,4504,4207,8711,297,6,15,수
2022-06-15,경원선,옥수,48,41,89,7,6,15,수
2022-06-15,경원선,응봉,2003,1712,3715,291,6,15,수
2022-06-15,경원선,왕십리(성동구청),15172,16570,31742,-1398,6,15,수
2022-06-15,경원선,청량리(서울시립대입구),15516,16072,31588,-556,6,15,수
2022-06-15,경원선,외대앞,8356,8422,16778,-66,6,15,수
2022-06-15,경원선,신이문,8919,8310,17229,609,6,15,수
2022-06-15,경원선,석계,8606,9827,18433,-1221,6,15,수
2022-06-15,경원선,광운대,8705,8493,17198,212,6,15,수
2022-06-15,경원선,월계,8976,8117,17093,859,6,15,수
2022-06-15,경원선,녹천,5129,4115,9244,1014,6,15,수
2022-06-15,경원선,창동,1,0,1,1,6,15,수
2022-06-15,경원선,방학,10521,10223,20744,298,6,15,수
2022-06-15,경원선,도봉,6384,6103,12487,281,6,15,수
2022-06-15,경원선,도봉산,7105,4593,11698,2512,6,15,수
2022-06-15,경원선,망월사,10509,10602,21111,-93,6,15,수
2022-06-15,경원선,회룡,13377,13472,26849,-95,6,15,수
2022-06-15,경원선,의정부,19028,19636,38664,-608,6,15,수
2022-06-15,경원선,가능,7155,6865,14020,290,6,15,수
2022-06-15,경원선,녹양,4998,4660,9658,338,6,15,수
2022-06-15,경원선,양주,8440,7840,16280,600,6,15,수
2022-06-15,경원선,덕계,3625,3230,6855,395,6,15,수
2022-06-15,경원선,덕정,7011,6654,13665,357,6,15,수
2022-06-15,경원선,지행,7094,7129,14223,-35,6,15,수
2022-06-15,경원선,동두천중앙,3282,3200,6482,82,6,15,수
2022-06-15,경원선,보산,1589,1436,3025,153,6,15,수
2022-06-15,경원선,동두천,2766,2982,5748,-216,6,15,수
2022-06-15,경원선,소요산,2066,1674,3740,392,6,15,수
2022-06-15,경의선,서울역,4998,6415,11413,-1417,6,15,수
2022-06-15,경의선,신촌,947,1276,2223,-329,6,15,수
2022-06-15,경의선,효창공원앞,3356,3707,7063,-351,6,15,수
2022-06-15,경의선,공덕,3998,3426,7424,572,6,15,수
2022-06-15,경의선,서강대,2359,2224,4583,135,6,15,수
2022-06-15,경의선,홍대입구,1753,2023,3776,-270,6,15,수
2022-06-15,경의선,가좌,5971,5605,11576,366,6,15,수
2022-06-15,경의선,디지털미디어시티,2973,2699,5672,274,6,15,수
2022-06-15,경의선,수색,3101,3296,6397,-195,6,15,수
2022-06-15,경의선,화전,3657,3331,6988,326,6,15,수
2022-06-15,경의선,강매,3615,3123,6738,492,6,15,수
2022-06-15,경의선,행신,8863,8809,17672,54,6,15,수
2022-06-15,경의선,능곡,4187,3832,8019,355,6,15,수
2022-06-15,경의선,곡산,672,719,1391,-47,6,15,수
2022-06-15,경의선,백마,7547,7311,14858,236,6,15,수
2022-06-15,경의선,풍산,6005,5550,11555,455,6,15,수
2022-06-15,경의선,일산,10235,10226,20461,9,6,15,수
2022-06-15,경의선,탄현,8554,8062,16616,492,6,15,수
2022-06-15,경의선,야당,8185,8113,16298,72,6,15,수
2022-06-15,경의선,운정,7533,6817,14350,716,6,15,수
2022-06-15,경의선,금릉,5225,5030,10255,195,6,15,수
2022-06-15,경의선,금촌,6799,6803,13602,-4,6,15,수
2022-06-15,경의선,월롱,3311,3148,6459,163,6,15,수
2022-06-15,경의선,파주,1545,1146,2691,399,6,15,수
2022-06-15,경의선,문산,5208,5115,10323,93,6,15,수
2022-06-15,경의선,임진강,20,9,29,11,6,15,수
2022-06-15,경의선,계양,1,0,1,1,6,15,수
2022-06-15,경인선,개봉,22959,22361,45320,598,6,15,수
2022-06-15,경인선,오류동,12823,11749,24572,1074,6,15,수
2022-06-15,경인선,역곡,30568,30219,60787,349,6,15,수
2022-06-15,경인선,부천,34149,34029,68178,120,6,15,수
2022-06-15,경인선,송내,29539,29747,59286,-208,6,15,수
2022-06-15,경인선,부평,28984,31229,60213,-2245,6,15,수
2022-06-15,경인선,백운,7466,7180,14646,286,6,15,수
2022-06-15,경인선,동암,16132,16135,32267,-3,6,15,수
2022-06-15,경인선,주안,20322,18708,39030,1614,6,15,수
2022-06-15,경인선,제물포,11888,11251,23139,637,6,15,수
2022-06-15,경인선,동인천,14828,14082,28910,746,6,15,수
2022-06-15,경인선,인천,3434,2683,6117,751,6,15,수
2022-06-15,경인선,구일,9202,9137,18339,65,6,15,수
2022-06-15,경인선,소사,9459,9186,18645,273,6,15,수
2022-06-15,경인선,부개,9505,8687,18192,818,6,15,수
2022-06-15,경인선,간석,6428,5962,12390,466,6,15,수
2022-06-15,경인선,도원,3634,3603,7237,31,6,15,수
2022-06-15,경인선,온수(성공회대입구),7752,7416,15168,336,6,15,수
2022-06-15,경인선,중동,10119,9347,19466,772,6,15,수
2022-06-15,경인선,도화,4649,4170,8819,479,6,15,수
2022-06-15,경춘선,신내,2462,2331,4793,131,6,15,수
2022-06-15,경춘선,갈매,3151,2729,5880,422,6,15,수
2022-06-15,경춘선,별내,3474,3274,6748,200,6,15,수
2022-06-15,경춘선,퇴계원,3828,3467,7295,361,6,15,수
2022-06-15,경춘선,사릉,2726,2635,5361,91,6,15,수
2022-06-15,경춘선,금곡,1667,1648,3315,19,6,15,수
2022-06-15,경춘선,평내호평,6856,6730,13586,126,6,15,수
2022-06-15,경춘선,천마산,1850,1645,3495,205,6,15,수
2022-06-15,경춘선,마석,4245,4120,8365,125,6,15,수
2022-06-15,경춘선,대성리,569,564,1133,5,6,15,수
2022-06-15,경춘선,청평,1721,1662,3383,59,6,15,수
2022-06-15,경춘선,상천,255,249,504,6,6,15,수
2022-06-15,경춘선,가평,1733,1822,3555,-89,6,15,수
2022-06-15,경춘선,굴봉산,126,119,245,7,6,15,수
2022-06-15,경춘선,백양리,65,80,145,-15,6,15,수
2022-06-15,경춘선,강촌,458,436,894,22,6,15,수
2022-06-15,경춘선,김유정,253,305,558,-52,6,15,수
2022-06-15,경춘선,남춘천,2593,2619,5212,-26,6,15,수
2022-06-15,경춘선,춘천,1717,1467,3184,250,6,15,수
2022-06-15,공항철도 1호선,서울역,8788,7823,16611,965,6,15,수
2022-06-15,공항철도 1호선,공덕,2491,3234,5725,-743,6,15,수
2022-06-15,공항철도 1호선,홍대입구,9985,10099,20084,-114,6,15,수
2022-06-15,공항철도 1호선,디지털미디어시티,15850,14796,30646,1054,6,15,수
2022-06-15,공항철도 1호선,마곡나루(서울식물원),10563,10147,20710,416,6,15,수
2022-06-15,공항철도 1호선,김포공항,11738,7185,18923,4553,6,15,수
2022-06-15,공항철도 1호선,계양,11694,10838,22532,856,6,15,수
2022-06-15,공항철도 1호선,검암,6927,6998,13925,-71,6,15,수
2022-06-15,공항철도 1호선,청라국제도시,7817,7399,15216,418,6,15,수
2022-06-15,공항철도 1호선,운서,7512,7582,15094,-70,6,15,수
2022-06-15,공항철도 1호선,공항화물청사,2287,2548,4835,-261,6,15,수
2022-06-15,공항철도 1호선,인천공항1터미널,6223,6127,12350,96,6,15,수
2022-06-15,공항철도 1호선,인천공항2터미널,3174,2759,5933,415,6,15,수
2022-06-15,공항철도 1호선,영종,3382,3381,6763,1,6,15,수
2022-06-15,과천선,선바위,8792,7792,16584,1000,6,15,수
2022-06-15,과천선,경마공원,1678,1609,3287,69,6,15,수
2022-06-15,과천선,대공원,2757,2906,5663,-149,6,15,수
2022-06-15,과천선,과천,7000,6425,13425,575,6,15,수
2022-06-15,과천선,정부과천청사,11646,11650,23296,-4,6,15,수
2022-06-15,과천선,인덕원,26276,27319,53595,-1043,6,15,수
2022-06-15,과천선,평촌,19302,18980,38282,322,6,15,수
2022-06-15,과천선,범계,28190,28222,56412,-32,6,15,수
2022-06-15,분당선,선릉,14948,22845,37793,-7897,6,15,수
2022-06-15,분당선,한티,15624,16696,32320,-1072,6,15,수
2022-06-15,분당선,도곡,8003,7893,15896,110,6,15,수
2022-06-15,분당선,구룡,2527,2400,4927,127,6,15,수
2022-06-15,분당선,개포동,4251,4420,8671,-169,6,15,수
2022-06-15,분당선,대모산입구,5102,4851,9953,251,6,15,수
2022-06-15,분당선,수서,14733,15414,30147,-681,6,15,수
2022-06-15,분당선,수원,8181,7153,15334,1028,6,15,수
2022-06-15,분당선,서울숲,11689,12028,23717,-339,6,15,수
2022-06-15,분당선,압구정로데오,19536,21630,41166,-2094,6,15,수
2022-06-15,분당선,강남구청,10466,12218,22684,-1752,6,15,수
2022-06-15,분당선,선정릉,8562,9223,17785,-661,6,15,수
2022-06-15,분당선,가천대,9994,10855,20849,-861,6,15,수
2022-06-15,분당선,태평,14217,13507,27724,710,6,15,수
2022-06-15,분당선,모란,20627,20742,41369,-115,6,15,수
2022-06-15,분당선,야탑,28763,29966,58729,-1203,6,15,수
2022-06-15,분당선,서현,25423,26005,51428,-582,6,15,수
2022-06-15,분당선,수내,14607,13932,28539,675,6,15,수
2022-06-15,분당선,정자,19584,20988,40572,-1404,6,15,수
2022-06-15,분당선,미금,16811,17828,34639,-1017,6,15,수
2022-06-15,분당선,오리,12594,10295,22889,2299,6,15,수
2022-06-15,분당선,이매,6279,5910,12189,369,6,15,수
2022-06-15,분당선,보정,2948,2492,5440,456,6,15,수
2022-06-15,분당선,죽전,14505,16077,30582,-1572,6,15,수
2022-06-15,분당선,구성,5501,5922,11423,-421,6,15,수
2022-06-15,분당선,신갈,4951,4870,9821,81,6,15,수
2022-06-15,분당선,기흥,10956,10503,21459,453,6,15,수
2022-06-15,분당선,상갈,5757,5608,11365,149,6,15,수
2022-06-15,분당선,청명,4669,4576,9245,93,6,15,수
2022-06-15,분당선,영통,8478,8763,17241,-285,6,15,수
2022-06-15,분당선,망포,15735,14714,30449,1021,6,15,수
2022-06-15,분당선,매탄권선,5670,5539,11209,131,6,15,수
2022-06-15,분당선,수원시청,13051,14009,27060,-958,6,15,수
2022-06-15,분당선,매교,3279,3318,6597,-39,6,15,수
2022-06-15,수인선,고색,5085,4741,9826,344,6,15,수
2022-06-15,수인선,오목천,4245,3815,8060,430,6,15,수
2022-06-15,수인선,어천,794,824,1618,-30,6,15,수
2022-06-15,수인선,야목,467,336,803,131,6,15,수
2022-06-15,수인선,사리,5291,4632,9923,659,6,15,수
2022-06-15,수인선,달월,137,82,219,55,6,15,수
2022-06-15,수인선,월곶,3138,2954,6092,184,6,15,수
2022-06-15,수인선,소래포구,6503,6134,12637,369,6,15,수
2022-06-15,수인선,인천논현,5853,6392,12245,-539,6,15,수
2022-06-15,수인선,호구포,4486,4645,9131,-159,6,15,수
2022-06-15,수인선,남동인더스파크,2389,2733,5122,-344,6,15,수
2022-06-15,수인선,원인재,4712,4855,9567,-143,6,15,수
2022-06-15,수인선,연수,4899,4813,9712,86,6,15,수
2022-06-15,수인선,송도,2630,2425,5055,205,6,15,수
2022-06-15,수인선,인하대,7019,6675,13694,344,6,15,수
2022-06-15,수인선,숭의,4260,4029,8289,231,6,15,수
2022-06-15,수인선,신포,2055,2018,4073,37,6,15,수
2022-06-15,수인선,인천,1096,1660,2756,-564,6,15,수
2022-06-15,신림선,샛강,2140,2659,4799,-519,6,15,수
2022-06-15,신림선,대방,1814,1352,3166,462,6,15,수
2022-06-15,신림선,서울지방병무청,2013,2163,4176,-150,6,15,수
2022-06-15,신림선,보라매,2538,2362,4900,176,6,15,수
2022-06-15,신림선,보라매공원,1516,1709,3225,-193,6,15,수
2022-06-15,신림선,보라매병원,5869,6249,12118,-380,6,15,수
2022-06-15,신림선,당곡,3246,3295,6541,-49,6,15,수
2022-06-15,신림선,신림,1546,2011,3557,-465,6,15,수
2022-06-15,신림선,서원,2555,2277,4832,278,6,15,수
2022-06-15,신림선,서울대벤처타운,5849,6030,11879,-181,6,15,수
2022-06-15,신림선,관악산(서울대),2176,2216,4392,-40,6,15,수
2022-06-15,안산선,산본,17152,18568,35720,-1416,6,15,수
2022-06-15,안산선,대야미,5516,4984,10500,532,6,15,수
2022-06-15,안산선,반월,4685,4539,9224,146,6,15,수
2022-06-15,안산선,상록수,17900,18253,36153,-353,6,15,수
2022-06-15,안산선,한대앞,10788,10733,21521,55,6,15,수
2022-06-15,안산선,중앙,19338,20180,39518,-842,6,15,수
2022-06-15,안산선,고잔,9658,9317,18975,341,6,15,수
2022-06-15,안산선,초지,5749,5922,11671,-173,6,15,수
2022-06-15,안산선,안산,12138,11029,23167,1109,6,15,수
2022-06-15,안산선,신길온천,1910,1742,3652,168,6,15,수
2022-06-15,안산선,정왕,10670,10778,21448,-108,6,15,수
2022-06-15,안산선,오이도,8885,8712,17597,173,6,15,수
2022-06-15,안산선,수리산,4582,3728,8310,854,6,15,수
2022-06-15,우이신설선,북한산우이,2594,2271,4865,323,6,15,수
2022-06-15,우이신설선,솔밭공원,2622,2465,5087,157,6,15,수
2022-06-15,우이신설선,4.19민주묘지,3369,3272,6641,97,6,15,수
2022-06-15,우이신설선,가오리,4461,4410,8871,51,6,15,수
2022-06-15,우이신설선,화계,3577,3352,6929,225,6,15,수
2022-06-15,우이신설선,삼양,2126,2155,4281,-29,6,15,수
2022-06-15,우이신설선,삼양사거리,2595,2576,5171,19,6,15,수
2022-06-15,우이신설선,솔샘,6321,5898,12219,423,6,15,수
2022-06-15,우이신설선,북한산보국문,6398,6058,12456,340,6,15,수
2022-06-15,우이신설선,정릉,4996,4612,9608,384,6,15,수
2022-06-15,우이신설선,성신여대입구(돈암),3412,3816,7228,-404,6,15,수
2022-06-15,우이신설선,보문,1625,1663,3288,-38,6,15,수
2022-06-15,우이신설선,신설동,2233,2201,4434,32,6,15,수
2022-06-15,일산선,원흥,12066,10869,22935,1197,6,15,수
2022-06-15,일산선,삼송,20774,19210,39984,1564,6,15,수
2022-06-15,일산선,원당,12019,10661,22680,1358,6,15,수
2022-06-15,일산선,화정,17273,17220,34493,53,6,15,수
2022-06-15,일산선,대곡,2410,2220,4630,190,6,15,수
2022-06-15,일산선,백석,10091,9850,19941,241,6,15,수
2022-06-15,일산선,마두,7980,8037,16017,-57,6,15,수
2022-06-15,일산선,정발산,7229,7592,14821,-363,6,15,수
2022-06-15,일산선,주엽,9644,9148,18792,496,6,15,수
2022-06-15,일산선,대화,14973,11314,26287,3659,6,15,수
2022-06-15,장항선,봉명,1454,1432,2886,22,6,15,수
2022-06-15,장항선,쌍용(나사렛대),3040,2848,5888,192,6,15,수
2022-06-15,장항선,아산,3786,3431,7217,355,6,15,수
2022-06-15,장항선,탕정,983,824,1807,159,6,15,수
2022-06-15,장항선,배방,1239,1184,2423,55,6,15,수
2022-06-15,장항선,온양온천,3977,4129,8106,-152,6,15,수
2022-06-15,장항선,신창(순천향대),2417,2208,4625,209,6,15,수
2022-06-15,중앙선,회기,26308,25812,52120,496,6,15,수
2022-06-15,중앙선,중랑,5902,5502,11404,400,6,15,수
2022-06-15,중앙선,상봉(시외버스터미널),5924,5940,11864,-16,6,15,수
2022-06-15,중앙선,망우,8244,8001,16245,243,6,15,수
2022-06-15,중앙선,양원,3391,3247,6638,144,6,15,수
2022-06-15,중앙선,구리,14333,14274,28607,59,6,15,수
2022-06-15,중앙선,도농,12322,11007,23329,1315,6,15,수
2022-06-15,중앙선,양정,719,630,1349,89,6,15,수
2022-06-15,중앙선,덕소,5917,5892,11809,25,6,15,수
2022-06-15,중앙선,도심,2720,2052,4772,668,6,15,수
2022-06-15,중앙선,팔당,867,874,1741,-7,6,15,수
2022-06-15,중앙선,운길산,748,749,1497,-1,6,15,수
2022-06-15,중앙선,양수,1963,1993,3956,-30,6,15,수
2022-06-15,중앙선,신원,176,165,341,11,6,15,수
2022-06-15,중앙선,국수,800,770,1570,30,6,15,수
2022-06-15,중앙선,아신,548,586,1134,-38,6,15,수
2022-06-15,중앙선,오빈,368,326,694,42,6,15,수
2022-06-15,중앙선,양평,2993,2986,5979,7,6,15,수
2022-06-15,중앙선,원덕,401,385,786,16,6,15,수
2022-06-15,중앙선,용문,2821,2862,5683,-41,6,15,수
2022-06-15,4호선,동대문,20247,20917,41164,-670,6,15,수
2022-06-15,4호선,혜화,33977,34026,68003,-49,6,15,수
2022-06-15,중앙선,지평,74,72,146,2,6,15,수
2022-06-15,4호선,한성대입구(삼선교),14418,13796,28214,622,6,15,수
2022-06-15,4호선,길음,23054,22620,45674,434,6,15,수
2022-06-16,1호선,시청,26216,26760,52976,-544,6,16,목
2022-06-16,1호선,서울역,50271,48951,99222,1320,6,16,목
2022-06-16,5호선,아차산(어린이대공원후문),15888,15196,31084,692,6,16,목
2022-06-16,5호선,군자(능동),12148,13280,25428,-1132,6,16,목
2022-06-16,5호선,장한평,19998,19810,39808,188,6,16,목
2022-06-16,5호선,답십리,17201,15454,32655,1747,6,16,목
2022-06-16,5호선,마장,6402,6033,12435,369,6,16,목
2022-06-16,5호선,왕십리(성동구청),4880,5616,10496,-736,6,16,목
2022-06-16,5호선,행당,8927,7679,16606,1248,6,16,목
2022-06-16,5호선,신금호,7166,7386,14552,-220,6,16,목
2022-06-16,5호선,청구,4361,3927,8288,434,6,16,목
2022-06-16,5호선,동대문역사문화공원(DDP),3090,3788,6878,-698,6,16,목
2022-06-16,5호선,을지로4가,6826,7001,13827,-175,6,16,목
2022-06-16,5호선,종로3가,13988,13736,27724,252,6,16,목
2022-06-16,5호선,광화문(세종문화회관),33952,36548,70500,-2596,6,16,목
2022-06-16,5호선,서대문,21579,22234,43813,-655,6,16,목
2022-06-16,5호선,충정로(경기대입구),5140,5211,10351,-71,6,16,목
2022-06-16,5호선,애오개,7492,7364,14856,128,6,16,목
2022-06-16,5호선,공덕,15962,16879,32841,-917,6,16,목
2022-06-16,3호선,종로3가,10813,12516,23329,-1703,6,16,목
2022-06-16,중앙선,지평,84,99,183,-15,6,16,목
2022-06-16,3호선,충무로,1,0,1,1,6,16,목
2022-06-16,3호선,을지로3가,11440,12006,23446,-566,6,16,목
2022-06-16,중앙선,덕소,6219,6131,12350,88,6,16,목
2022-06-16,5호선,우장산,16113,15741,31854,372,6,16,목
2022-06-16,5호선,화곡,30587,28375,58962,2212,6,16,목
2022-06-16,5호선,까치산,31326,29249,60575,2077,6,16,목
2022-06-16,5호선,신정(은행정),15267,12286,27553,2981,6,16,목
2022-06-16,5호선,목동,18477,19604,38081,-1127,6,16,목
2022-06-16,5호선,오목교(목동운동장앞),23231,24820,48051,-1589,6,16,목
2022-06-16,5호선,양평,8132,7902,16034,230,6,16,목
2022-06-16,5호선,영등포구청,4448,4582,9030,-134,6,16,목
2022-06-16,5호선,영등포시장,10994,11326,22320,-332,6,16,목
2022-06-16,5호선,신길,4621,4754,9375,-133,6,16,목
2022-06-16,5호선,여의도,30153,33674,63827,-3521,6,16,목
2022-06-16,중앙선,양정,813,718,1531,95,6,16,목
2022-06-16,분당선,복정,1,0,1,1,6,16,목
2022-06-16,5호선,발산,22293,23243,45536,-950,6,16,목
2022-06-16,5호선,마곡,11569,11740,23309,-171,6,16,목
2022-06-16,5호선,송정,7155,6482,13637,673,6,16,목
2022-06-16,5호선,김포공항,7700,7644,15344,56,6,16,목
2022-06-16,5호선,개화산,6182,5856,12038,326,6,16,목
2022-06-16,5호선,방화,7276,6995,14271,281,6,16,목
2022-06-16,4호선,남태령,1416,1292,2708,124,6,16,목
2022-06-16,4호선,사당,28380,23890,52270,4490,6,16,목
2022-06-16,4호선,총신대입구(이수),20282,22109,42391,-1827,6,16,목
2022-06-16,4호선,동작(현충원),1862,1987,3849,-125,6,16,목
2022-06-16,4호선,이촌(국립중앙박물관),9437,10006,19443,-569,6,16,목
2022-06-16,4호선,신용산,19027,20404,39431,-1377,6,16,목
2022-06-16,4호선,삼각지,6203,6924,13127,-721,6,16,목
2022-06-16,4호선,숙대입구(갈월),14887,14191,29078,696,6,16,목
2022-06-16,4호선,서울역,12864,19792,32656,-6928,6,16,목
2022-06-16,4호선,회현(남대문시장),27074,28962,56036,-1888,6,16,목
2022-06-16,4호선,명동,21915,22878,44793,-963,6,16,목
2022-06-16,4호선,충무로,29432,30807,60239,-1375,6,16,목
2022-06-16,4호선,동대문역사문화공원(DDP),16353,14643,30996,1710,6,16,목
2022-06-16,4호선,동대문,21321,21902,43223,-581,6,16,목
2022-06-16,4호선,혜화,34310,34859,69169,-549,6,16,목
2022-06-16,4호선,한성대입구(삼선교),14459,14034,28493,425,6,16,목
2022-06-16,4호선,성신여대입구(돈암),22220,21070,43290,1150,6,16,목
2022-06-16,4호선,길음,23302,22895,46197,407,6,16,목
2022-06-16,4호선,미아사거리,29013,28096,57109,917,6,16,목
2022-06-16,4호선,미아(서울사이버대학),16286,15634,31920,652,6,16,목
2022-06-16,4호선,수유(강북구청),36283,36038,72321,245,6,16,목
2022-06-16,중앙선,용문,1926,2021,3947,-95,6,16,목
2022-06-16,중앙선,원덕,428,407,835,21,6,16,목
2022-06-16,중앙선,양평,2949,2973,5922,-24,6,16,목
2022-06-16,중앙선,오빈,361,372,733,-11,6,16,목
2022-06-16,중앙선,아신,644,617,1261,27,6,16,목
2022-06-16,중앙선,국수,827,796,1623,31,6,16,목
2022-06-16,중앙선,신원,259,229,488,30,6,16,목
2022-06-16,중앙선,양수,2223,2246,4469,-23,6,16,목
2022-06-16,중앙선,운길산,938,951,1889,-13,6,16,목
2022-06-16,중앙선,팔당,986,1008,1994,-22,6,16,목
2022-06-16,5호선,마포,15832,16398,32230,-566,6,16,목
2022-06-16,5호선,여의나루,12563,13900,26463,-1337,6,16,목
2022-06-16,중앙선,도심,2761,2151,4912,610,6,16,목
2022-06-16,4호선,쌍문,31260,28765,60025,2495,6,16,목
2022-06-16,4호선,창동,27378,29094,56472,-1716,6,16,목
2022-06-16,4호선,노원,19745,22370,42115,-2625,6,16,목
2022-06-16,4호선,상계,20713,19115,39828,1598,6,16,목
2022-06-16,4호선,당고개,9738,8668,18406,1070,6,16,목
2022-06-16,3호선,오금,6831,6108,12939,723,6,16,목
2022-06-16,5호선,명일,9651,9749,19400,-98,6,16,목
2022-06-16,5호선,굽은다리(강동구민회관앞),10251,9727,19978,524,6,16,목
2022-06-16,5호선,길동,8405,8697,17102,-292,6,16,목
2022-06-16,5호선,강동,19991,18906,38897,1085,6,16,목
2022-06-16,5호선,천호(풍납토성),19115,19417,38532,-302,6,16,목
2022-06-16,3호선,경찰병원,7969,7922,15891,47,6,16,목
2022-06-16,3호선,가락시장,9862,9483,19345,379,6,16,목
2022-06-16,3호선,수서,18616,19035,37651,-419,6,16,목
2022-06-16,3호선,일원,11780,11307,23087,473,6,16,목
2022-06-16,3호선,대청,11552,10511,22063,1041,6,16,목
2022-06-16,3호선,학여울,3204,3557,6761,-353,6,16,목
2022-06-16,3호선,대치,11911,12065,23976,-154,6,16,목
2022-06-16,3호선,도곡,6047,6134,12181,-87,6,16,목
2022-06-16,3호선,매봉,13877,13524,27401,353,6,16,목
2022-06-16,3호선,양재(서초구청),41563,45932,87495,-4369,6,16,목
2022-06-16,3호선,남부터미널(예술의전당),31004,31305,62309,-301,6,16,목
2022-06-16,3호선,교대(법원.검찰청),16937,10596,27533,6341,6,16,목
2022-06-16,3호선,고속터미널,43229,41602,84831,1627,6,16,목
2022-06-16,3호선,잠원,5303,5100,10403,203,6,16,목
2022-06-16,3호선,신사,30337,32361,62698,-2024,6,16,목
2022-06-16,3호선,압구정,34082,36803,70885,-2721,6,16,목
2022-06-16,3호선,옥수,9953,10088,20041,-135,6,16,목
2022-06-16,3호선,금호,8670,7835,16505,835,6,16,목
2022-06-16,3호선,약수,14086,13592,27678,494,6,16,목
2022-06-16,3호선,동대입구,8892,9955,18847,-1063,6,16,목
2022-06-16,5호선,고덕,10689,10437,21126,252,6,16,목
2022-06-16,5호선,상일동,16543,14861,31404,1682,6,16,목
2022-06-16,5호선,둔촌동,8806,8686,17492,120,6,16,목
2022-06-16,5호선,올림픽공원(한국체대),4828,4087,8915,741,6,16,목
2022-06-16,5호선,방이,7673,7985,15658,-312,6,16,목
2022-06-16,5호선,오금,4203,4273,8476,-70,6,16,목
2022-06-16,5호선,개롱,7183,7274,14457,-91,6,16,목
2022-06-16,5호선,거여,11480,10812,22292,668,6,16,목
2022-06-16,5호선,마천,8146,7633,15779,513,6,16,목
2022-06-16,5호선,강일,4981,4887,9868,94,6,16,목
2022-06-16,5호선,미사,17997,18054,36051,-57,6,16,목
2022-06-16,5호선,하남풍산,4637,4541,9178,96,6,16,목
2022-06-16,5호선,하남시청(덕풍·신장),7656,7369,15025,287,6,16,목
2022-06-16,5호선,하남검단산,6294,5917,12211,377,6,16,목
2022-06-16,6호선,응암,18818,18530,37348,288,6,16,목
2022-06-16,6호선,역촌,4030,4721,8751,-691,6,16,목
2022-06-16,6호선,불광,4666,4825,9491,-159,6,16,목
2022-06-16,6호선,독바위,2967,3107,6074,-140,6,16,목
2022-06-16,6호선,연신내,1,0,1,1,6,16,목
2022-06-16,6호선,구산,8730,6197,14927,2533,6,16,목
2022-06-16,6호선,새절(신사),14465,13243,27708,1222,6,16,목
2022-06-16,6호선,증산(명지대앞),10742,10640,21382,102,6,16,목
2022-06-16,6호선,디지털미디어시티,15831,17617,33448,-1786,6,16,목
2022-06-16,6호선,월드컵경기장(성산),4808,5208,10016,-400,6,16,목
2022-06-16,6호선,마포구청,15538,13728,29266,1810,6,16,목
2022-06-16,6호선,망원,14617,15711,30328,-1094,6,16,목
2022-06-16,6호선,합정,14299,14097,28396,202,6,16,목
2022-06-16,6호선,상수,9122,10518,19640,-1396,6,16,목
2022-06-16,6호선,광흥창(서강),10173,9822,19995,351,6,16,목
2022-06-16,6호선,대흥(서강대앞),9269,9384,18653,-115,6,16,목
2022-06-16,6호선,공덕,20523,19752,40275,771,6,16,목
2022-06-16,6호선,효창공원앞,7969,7159,15128,810,6,16,목
2022-06-16,6호선,삼각지,8475,7012,15487,1463,6,16,목
2022-06-16,6호선,녹사평(용산구청),5316,5169,10485,147,6,16,목
2022-06-16,6호선,이태원,11071,12177,23248,-1106,6,16,목
2022-06-16,6호선,한강진,8599,10112,18711,-1513,6,16,목
2022-06-16,6호선,버티고개,2394,2339,4733,55,6,16,목
2022-06-16,6호선,약수,3933,3925,7858,8,6,16,목
2022-06-16,6호선,청구,3878,4128,8006,-250,6,16,목
2022-06-16,6호선,신당,8842,9559,18401,-717,6,16,목
2022-06-16,6호선,동묘앞,8321,8289,16610,32,6,16,목
2022-06-16,6호선,창신,3841,3138,6979,703,6,16,목
2022-06-16,6호선,보문,8324,7486,15810,838,6,16,목
2022-06-16,6호선,안암(고대병원앞),14532,14418,28950,114,6,16,목
2022-06-16,6호선,고려대(종암),9548,9159,18707,389,6,16,목
2022-06-16,6호선,월곡(동덕여대),12925,12583,25508,342,6,16,목
2022-06-16,6호선,상월곡(한국과학기술연구원),7440,6907,14347,533,6,16,목
2022-06-16,6호선,돌곶이,10551,9518,20069,1033,6,16,목
2022-06-16,6호선,석계,13178,13504,26682,-326,6,16,목
2022-06-16,6호선,태릉입구,6058,6915,12973,-857,6,16,목
2022-06-16,6호선,화랑대(서울여대입구),13490,10353,23843,3137,6,16,목
2022-06-16,6호선,봉화산(서울의료원),9756,9154,18910,602,6,16,목
2022-06-16,7호선,장암,2470,960,3430,1510,6,16,목
2022-06-16,7호선,도봉산,10507,11987,22494,-1480,6,16,목
2022-06-16,7호선,수락산,13794,13546,27340,248,6,16,목
2022-06-16,7호선,마들,14220,13308,27528,912,6,16,목
2022-06-16,7호선,노원,20528,21878,42406,-1350,6,16,목
2022-06-16,7호선,중계,16048,14644,30692,1404,6,16,목
2022-06-16,7호선,하계,19483,18267,37750,1216,6,16,목
2022-06-16,7호선,공릉(서울과학기술대),12807,12596,25403,211,6,16,목
2022-06-16,7호선,태릉입구,9884,9236,19120,648,6,16,목
2022-06-16,7호선,먹골,10996,10723,21719,273,6,16,목
2022-06-16,7호선,중화,11510,11114,22624,396,6,16,목
2022-06-16,7호선,상봉(시외버스터미널),18226,17259,35485,967,6,16,목
2022-06-16,7호선,면목,17552,16934,34486,618,6,16,목
2022-06-16,7호선,사가정,17313,17167,34480,146,6,16,목
2022-06-16,7호선,용마산(용마폭포공원),6544,6314,12858,230,6,16,목
2022-06-16,7호선,중곡,11969,11077,23046,892,6,16,목
2022-06-16,7호선,군자(능동),16283,12757,29040,3526,6,16,목
2022-06-16,7호선,어린이대공원(세종대),17186,17269,34455,-83,6,16,목
2022-06-16,7호선,건대입구,14008,14520,28528,-512,6,16,목
2022-06-16,7호선,뚝섬유원지,9766,9250,19016,516,6,16,목
2022-06-16,7호선,청담,21517,24473,45990,-2956,6,16,목
2022-06-16,7호선,강남구청,18122,20264,38386,-2142,6,16,목
2022-06-16,7호선,학동,26283,28313,54596,-2030,6,16,목
2022-06-16,7호선,논현,20905,22175,43080,-1270,6,16,목
2022-06-16,7호선,반포,6553,6318,12871,235,6,16,목
2022-06-16,7호선,고속터미널,17102,14615,31717,2487,6,16,목
2022-06-16,7호선,내방,16012,16363,32375,-351,6,16,목
2022-06-16,7호선,이수,17492,16947,34439,545,6,16,목
2022-06-16,7호선,남성,12570,11330,23900,1240,6,16,목
2022-06-16,7호선,숭실대입구(살피재),14763,14815,29578,-52,6,16,목
2022-06-16,7호선,상도,12550,12088,24638,462,6,16,목
2022-06-16,7호선,장승배기,9732,9334,19066,398,6,16,목
2022-06-16,7호선,신대방삼거리,16589,15579,32168,1010,6,16,목
2022-06-16,7호선,보라매,8889,8930,17819,-41,6,16,목
2022-06-16,7호선,신풍,12714,12038,24752,676,6,16,목
2022-06-16,7호선,대림(구로구청),8228,8193,16421,35,6,16,목
2022-06-16,7호선,남구로,16751,17726,34477,-975,6,16,목
2022-06-16,7호선,가산디지털단지,47993,49049,97042,-1056,6,16,목
2022-06-16,7호선,철산,22813,23078,45891,-265,6,16,목
2022-06-16,7호선,광명사거리,23530,22925,46455,605,6,16,목
2022-06-16,7호선,천왕,12699,12037,24736,662,6,16,목
2022-06-16,7호선,온수(성공회대입구),12029,11234,23263,795,6,16,목
2022-06-16,8호선,암사,20544,17815,38359,2729,6,16,목
2022-06-16,8호선,천호(풍납토성),15751,17948,33699,-2197,6,16,목
2022-06-16,8호선,강동구청,11407,11691,23098,-284,6,16,목
2022-06-16,8호선,몽촌토성(평화의문),6608,6754,13362,-146,6,16,목
2022-06-16,8호선,잠실(송파구청),14936,18136,33072,-3200,6,16,목
2022-06-16,8호선,석촌,7950,9213,17163,-1263,6,16,목
2022-06-16,8호선,송파,9346,8955,18301,391,6,16,목
2022-06-16,8호선,가락시장,8286,9287,17573,-1001,6,16,목
2022-06-16,8호선,문정,23400,25147,48547,-1747,6,16,목
2022-06-16,8호선,장지,18718,17660,36378,1058,6,16,목
2022-06-16,8호선,복정,10934,9152,20086,1782,6,16,목
2022-06-16,8호선,산성,5991,6006,11997,-15,6,16,목
2022-06-16,8호선,남한산성입구(성남법원.검찰청),15812,14672,30484,1140,6,16,목
2022-06-16,8호선,단대오거리,11957,11362,23319,595,6,16,목
2022-06-16,8호선,신흥,4382,4788,9170,-406,6,16,목
2022-06-16,8호선,수진,5706,5249,10955,457,6,16,목
2022-06-16,8호선,모란,4853,3836,8689,1017,6,16,목
2022-06-16,8호선,남위례,5945,6271,12216,-326,6,16,목
2022-06-16,9호선,개화,3002,2005,5007,997,6,16,목
2022-06-16,9호선,김포공항,7936,12042,19978,-4106,6,16,목
2022-06-16,9호선,공항시장,3258,3509,6767,-251,6,16,목
2022-06-16,9호선,신방화,7483,7185,14668,298,6,16,목
2022-06-16,9호선,마곡나루(서울식물원),13640,13638,27278,2,6,16,목
2022-06-16,9호선,양천향교,10700,11046,21746,-346,6,16,목
2022-06-16,9호선,가양,23178,22363,45541,815,6,16,목
2022-06-16,9호선,증미,7981,7671,15652,310,6,16,목
2022-06-16,9호선,등촌,12535,11658,24193,877,6,16,목
2022-06-16,9호선,염창,19270,18573,37843,697,6,16,목
2022-06-16,9호선,신목동,4924,4254,9178,670,6,16,목
2022-06-16,9호선,선유도,9785,9463,19248,322,6,16,목
2022-06-16,9호선,당산,20275,20849,41124,-574,6,16,목
2022-06-16,9호선,국회의사당,17463,19020,36483,-1557,6,16,목
2022-06-16,9호선,여의도,31150,30534,61684,616,6,16,목
2022-06-16,9호선,샛강,6995,7111,14106,-116,6,16,목
2022-06-16,9호선,노량진,26892,26429,53321,463,6,16,목
2022-06-16,9호선,노들,5039,4219,9258,820,6,16,목
2022-06-16,9호선,흑석(중앙대입구),9662,9741,19403,-79,6,16,목
2022-06-16,9호선,동작(현충원),2195,1715,3910,480,6,16,목
2022-06-16,9호선,구반포,1447,1479,2926,-32,6,16,목
2022-06-16,9호선,신반포,4074,4045,8119,29,6,16,목
2022-06-16,9호선,고속터미널,14344,17472,31816,-3128,6,16,목
2022-06-16,9호선,사평,4085,3794,7879,291,6,16,목
2022-06-16,9호선,신논현,33001,32714,65715,287,6,16,목
2022-06-16,9호선2~3단계,언주,11556,12090,23646,-534,6,16,목
2022-06-16,9호선2~3단계,선정릉,11316,12448,23764,-1132,6,16,목
2022-06-16,9호선2~3단계,삼성중앙,8144,8638,16782,-494,6,16,목
2022-06-16,9호선2~3단계,봉은사,21604,22586,44190,-982,6,16,목
2022-06-16,9호선2~3단계,종합운동장,4786,4774,9560,12,6,16,목
2022-06-16,9호선2~3단계,삼전,7512,7061,14573,451,6,16,목
2022-06-16,9호선2~3단계,석촌고분,6769,6488,13257,281,6,16,목
2022-06-16,9호선2~3단계,석촌,9554,8449,18003,1105,6,16,목
2022-06-16,9호선2~3단계,송파나루,5372,5550,10922,-178,6,16,목
2022-06-16,9호선2~3단계,한성백제,2824,2545,5369,279,6,16,목
2022-06-16,9호선2~3단계,올림픽공원(한국체대),6602,6871,13473,-269,6,16,목
2022-06-16,9호선2~3단계,둔촌오륜,1274,1159,2433,115,6,16,목
2022-06-16,9호선2~3단계,중앙보훈병원,12462,11021,23483,1441,6,16,목
2022-06-16,경강선,판교,5527,5544,11071,-17,6,16,목
2022-06-16,경강선,이매,1280,1100,2380,180,6,16,목
2022-06-16,경강선,삼동,2739,2448,5187,291,6,16,목
2022-06-16,경강선,경기광주,8701,8068,16769,633,6,16,목
2022-06-16,경강선,초월,3567,3367,6934,200,6,16,목
2022-06-16,경강선,곤지암,2624,2545,5169,79,6,16,목
2022-06-16,경강선,신둔도예촌,1788,1639,3427,149,6,16,목
2022-06-16,경강선,이천,2798,2917,5715,-119,6,16,목
2022-06-16,경강선,부발,2441,2285,4726,156,6,16,목
2022-06-16,경강선,세종대왕릉,394,379,773,15,6,16,목
2022-06-16,경강선,여주,2701,2692,5393,9,6,16,목
2022-06-16,경부선,서울역,7121,2315,9436,4806,6,16,목
2022-06-16,경부선,남영,10383,10755,21138,-372,6,16,목
2022-06-16,경부선,용산,36984,37724,74708,-740,6,16,목
2022-06-16,경부선,노량진,8790,8550,17340,240,6,16,목
2022-06-16,경부선,대방,12746,13527,26273,-781,6,16,목
2022-06-16,경부선,영등포,39912,41650,81562,-1738,6,16,목
2022-06-16,경부선,신도림,4660,4697,9357,-37,6,16,목
2022-06-16,경부선,신길,9862,8450,18312,1412,6,16,목
2022-06-16,경부선,구로,19773,20556,40329,-783,6,16,목
2022-06-16,경부선,가산디지털단지,20204,23481,43685,-3277,6,16,목
2022-06-16,경부선,금천구청,12995,12833,25828,162,6,16,목
2022-06-16,경부선,석수,10631,9443,20074,1188,6,16,목
2022-06-16,경부선,관악,8289,7661,15950,628,6,16,목
2022-06-16,경부선,안양,29394,28932,58326,462,6,16,목
2022-06-16,경부선,명학,11256,11115,22371,141,6,16,목
2022-06-16,경부선,금정,29452,29888,59340,-436,6,16,목
2022-06-16,경부선,군포,8354,8122,16476,232,6,16,목
2022-06-16,경부선,의왕,10373,10227,20600,146,6,16,목
2022-06-16,경부선,성균관대,16712,16246,32958,466,6,16,목
2022-06-16,경부선,화서,9313,8816,18129,497,6,16,목
2022-06-16,경부선,수원,38721,40818,79539,-2097,6,16,목
2022-06-16,경부선,독산,20381,21056,41437,-675,6,16,목
2022-06-16,경부선,세류,3406,3007,6413,399,6,16,목
2022-06-16,경부선,병점,16614,16836,33450,-222,6,16,목
2022-06-16,경부선,세마,3249,3100,6349,149,6,16,목
2022-06-16,경부선,오산대,4506,4052,8558,454,6,16,목
2022-06-16,경부선,오산,10883,11013,21896,-130,6,16,목
2022-06-16,경부선,진위,1918,1707,3625,211,6,16,목
2022-06-16,경부선,송탄,4714,4489,9203,225,6,16,목
2022-06-16,경부선,서정리,7666,7318,14984,348,6,16,목
2022-06-16,경부선,평택지제,4075,4042,8117,33,6,16,목
2022-06-16,경부선,평택,14005,13395,27400,610,6,16,목
2022-06-16,경부선,성환,5543,5282,10825,261,6,16,목
2022-06-16,경부선,직산,973,959,1932,14,6,16,목
2022-06-16,경부선,두정,8154,8373,16527,-219,6,16,목
2022-06-16,경부선,천안,6930,6366,13296,564,6,16,목
2022-06-16,경부선,당정,7680,7262,14942,418,6,16,목
2022-06-16,경부선,서동탄,1649,1477,3126,172,6,16,목
2022-06-16,경부선,광명,3705,3291,6996,414,6,16,목
2022-06-16,경원선,이촌(국립중앙박물관),4448,3308,7756,1140,6,16,목
2022-06-16,경원선,서빙고,2310,2087,4397,223,6,16,목
2022-06-16,경원선,한남,4589,4302,8891,287,6,16,목
2022-06-16,경원선,옥수,47,41,88,6,6,16,목
2022-06-16,경원선,응봉,2239,1819,4058,420,6,16,목
2022-06-16,경원선,왕십리(성동구청),15692,16700,32392,-1008,6,16,목
2022-06-16,경원선,청량리(서울시립대입구),16414,17131,33545,-717,6,16,목
2022-06-16,경원선,외대앞,8847,8808,17655,39,6,16,목
2022-06-16,경원선,신이문,9240,8298,17538,942,6,16,목
2022-06-16,경원선,석계,8936,9942,18878,-1006,6,16,목
2022-06-16,경원선,광운대,9156,8840,17996,316,6,16,목
2022-06-16,경원선,월계,9123,8296,17419,827,6,16,목
2022-06-16,경원선,녹천,5334,4337,9671,997,6,16,목
2022-06-16,경원선,방학,10908,10555,21463,353,6,16,목
2022-06-16,경원선,도봉,6630,6291,12921,339,6,16,목
2022-06-16,경원선,도봉산,8452,5667,14119,2785,6,16,목
2022-06-16,경원선,망월사,10432,10406,20838,26,6,16,목
2022-06-16,경원선,회룡,14167,14014,28181,153,6,16,목
2022-06-16,경원선,의정부,19871,20670,40541,-799,6,16,목
2022-06-16,경원선,가능,7500,7183,14683,317,6,16,목
2022-06-16,경원선,녹양,5167,4873,10040,294,6,16,목
2022-06-16,경원선,양주,8702,8238,16940,464,6,16,목
2022-06-16,경원선,덕계,3942,3430,7372,512,6,16,목
2022-06-16,경원선,덕정,7031,6585,13616,446,6,16,목
2022-06-16,경원선,지행,7526,7630,15156,-104,6,16,목
2022-06-16,경원선,동두천중앙,3523,3460,6983,63,6,16,목
2022-06-16,경원선,보산,2077,1638,3715,439,6,16,목
2022-06-16,경원선,동두천,2892,3048,5940,-156,6,16,목
2022-06-16,경원선,소요산,2697,2291,4988,406,6,16,목
2022-06-16,경의선,서울역,5074,6657,11731,-1583,6,16,목
2022-06-16,3호선,안국,25381,25582,50963,-201,6,16,목
2022-06-16,5호선,광나루(장신대),14582,13339,27921,1243,6,16,목
2022-06-16,경의선,신촌,954,1281,2235,-327,6,16,목
2022-06-16,경의선,효창공원앞,3356,3805,7161,-449,6,16,목
2022-06-16,경의선,공덕,3842,3550,7392,292,6,16,목
2022-06-16,경의선,서강대,2280,2236,4516,44,6,16,목
2022-06-16,경의선,홍대입구,1809,2106,3915,-297,6,16,목
2022-06-16,경의선,가좌,6401,6091,12492,310,6,16,목
2022-06-16,경의선,디지털미디어시티,3072,2886,5958,186,6,16,목
2022-06-16,경의선,수색,3263,3507,6770,-244,6,16,목
2022-06-16,경의선,화전,1905,1806,3711,99,6,16,목
2022-06-16,경의선,강매,3714,3188,6902,526,6,16,목
2022-06-16,경의선,행신,8951,8908,17859,43,6,16,목
2022-06-16,경의선,능곡,4352,4002,8354,350,6,16,목
2022-06-16,경의선,곡산,697,815,1512,-118,6,16,목
2022-06-16,경의선,백마,7786,7439,15225,347,6,16,목
2022-06-16,경의선,풍산,6371,5856,12227,515,6,16,목
2022-06-16,경의선,일산,10860,10663,21523,197,6,16,목
2022-06-16,경의선,탄현,8801,8349,17150,452,6,16,목
2022-06-16,경의선,야당,8883,8772,17655,111,6,16,목
2022-06-16,경의선,운정,7899,7316,15215,583,6,16,목
2022-06-16,경의선,금릉,5361,5243,10604,118,6,16,목
2022-06-16,경의선,금촌,7490,7379,14869,111,6,16,목
2022-06-16,경의선,월롱,3580,3130,6710,450,6,16,목
2022-06-16,경의선,파주,1690,1247,2937,443,6,16,목
2022-06-16,경의선,문산,5589,5641,11230,-52,6,16,목
2022-06-16,경의선,임진강,14,9,23,5,6,16,목
2022-06-16,경인선,개봉,23643,22871,46514,772,6,16,목
2022-06-16,경인선,오류동,12985,11735,24720,1250,6,16,목
2022-06-16,경인선,역곡,31671,30833,62504,838,6,16,목
2022-06-16,경인선,부천,35190,35276,70466,-86,6,16,목
2022-06-16,경인선,송내,30515,30454,60969,61,6,16,목
2022-06-16,경인선,부평,30520,32896,63416,-2376,6,16,목
2022-06-16,경인선,백운,7635,7510,15145,125,6,16,목
2022-06-16,경인선,동암,16513,16548,33061,-35,6,16,목
2022-06-16,경인선,주안,20926,18808,39734,2118,6,16,목
2022-06-16,경인선,제물포,12375,11710,24085,665,6,16,목
2022-06-16,경인선,동인천,15360,14582,29942,778,6,16,목
2022-06-16,경인선,인천,4114,3190,7304,924,6,16,목
2022-06-16,경인선,구일,8885,8678,17563,207,6,16,목
2022-06-16,경인선,소사,9768,9356,19124,412,6,16,목
2022-06-16,경인선,부개,9795,8902,18697,893,6,16,목
2022-06-16,경인선,간석,6533,6222,12755,311,6,16,목
2022-06-16,경인선,도원,3740,3717,7457,23,6,16,목
2022-06-16,경인선,온수(성공회대입구),7977,7425,15402,552,6,16,목
2022-06-16,3호선,경복궁(정부서울청사),27316,28952,56268,-1636,6,16,목
2022-06-16,3호선,독립문,7533,7963,15496,-430,6,16,목
2022-06-16,3호선,무악재,4294,4238,8532,56,6,16,목
2022-06-16,3호선,홍제,19073,17913,36986,1160,6,16,목
2022-06-16,3호선,녹번,17392,15216,32608,2176,6,16,목
2022-06-16,3호선,불광,17712,18859,36571,-1147,6,16,목
2022-06-16,3호선,연신내,39352,37014,76366,2338,6,16,목
2022-06-16,3호선,구파발,22620,21818,44438,802,6,16,목
2022-06-16,3호선,지축,5691,5228,10919,463,6,16,목
2022-06-16,2호선,용두(동대문구청),2455,2492,4947,-37,6,16,목
2022-06-16,2호선,신정네거리,11277,11507,22784,-230,6,16,목
2022-06-16,2호선,양천구청,7742,7799,15541,-57,6,16,목
2022-06-16,2호선,도림천,1487,1557,3044,-70,6,16,목
2022-06-16,2호선,신설동,3482,3505,6987,-23,6,16,목
2022-06-16,2호선,신답,1884,2005,3889,-121,6,16,목
2022-06-16,2호선,용답,3198,3312,6510,-114,6,16,목
2022-06-16,2호선,충정로(경기대입구),10891,11612,22503,-721,6,16,목
2022-06-16,2호선,아현,11593,10809,22402,784,6,16,목
2022-06-16,2호선,이대,14898,15725,30623,-827,6,16,목
2022-06-16,2호선,신촌,35205,36003,71208,-798,6,16,목
2022-06-16,2호선,홍대입구,57605,61773,119378,-4168,6,16,목
2022-06-16,2호선,합정,33227,35984,69211,-2757,6,16,목
2022-06-16,2호선,당산,20625,24146,44771,-3521,6,16,목
2022-06-16,2호선,영등포구청,23818,24897,48715,-1079,6,16,목
2022-06-16,2호선,문래,24269,25027,49296,-758,6,16,목
2022-06-16,2호선,신도림,51832,52013,103845,-181,6,16,목
2022-06-16,2호선,대림(구로구청),25670,26017,51687,-347,6,16,목
2022-06-16,2호선,구로디지털단지,64772,65042,129814,-270,6,16,목
2022-06-16,2호선,신대방,27610,26802,54412,808,6,16,목
2022-06-16,2호선,신림,62823,60014,122837,2809,6,16,목
2022-06-16,2호선,봉천,25973,23913,49886,2060,6,16,목
2022-06-16,2호선,서울대입구(관악구청),49674,48278,97952,1396,6,16,목
2022-06-16,2호선,낙성대(강감찬),29936,28640,58576,1296,6,16,목
2022-06-16,2호선,사당,42768,46739,89507,-3971,6,16,목
2022-06-16,2호선,방배,21400,22425,43825,-1025,6,16,목
2022-06-16,2호선,서초,23906,23421,47327,485,6,16,목
2022-06-16,2호선,교대(법원.검찰청),38555,43705,82260,-5150,6,16,목
2022-06-16,2호선,강남,88020,86811,174831,1209,6,16,목
2022-06-16,2호선,역삼,57788,66773,124561,-8985,6,16,목
2022-06-16,2호선,선릉,62909,56131,119040,6778,6,16,목
2022-06-16,2호선,삼성(무역센터),62036,63333,125369,-1297,6,16,목
2022-06-16,2호선,종합운동장,12207,13604,25811,-1397,6,16,목
2022-06-16,2호선,잠실새내,23306,22985,46291,321,6,16,목
2022-06-16,경인선,중동,10528,9722,20250,806,6,16,목
2022-06-16,2호선,잠실(송파구청),73985,73272,147257,713,6,16,목
2022-06-16,경인선,도화,4706,4303,9009,403,6,16,목
2022-06-16,경춘선,신내,2534,2464,4998,70,6,16,목
2022-06-16,경춘선,갈매,3341,2901,6242,440,6,16,목
2022-06-16,경춘선,별내,3625,3380,7005,245,6,16,목
2022-06-16,경춘선,퇴계원,3943,3596,7539,347,6,16,목
2022-06-16,경춘선,사릉,2791,2690,5481,101,6,16,목
2022-06-16,경춘선,금곡,1857,1789,3646,68,6,16,목
2022-06-16,경춘선,평내호평,7074,6881,13955,193,6,16,목
2022-06-16,경춘선,천마산,1922,1819,3741,103,6,16,목
2022-06-16,경춘선,마석,4451,4342,8793,109,6,16,목
2022-06-16,경춘선,대성리,643,963,1606,-320,6,16,목
2022-06-16,경춘선,청평,1921,1962,3883,-41,6,16,목
2022-06-16,경춘선,상천,296,267,563,29,6,16,목
2022-06-16,경춘선,가평,2073,2241,4314,-168,6,16,목
2022-06-16,경춘선,굴봉산,139,124,263,15,6,16,목
2022-06-16,경춘선,백양리,94,109,203,-15,6,16,목
2022-06-16,경춘선,강촌,536,497,1033,39,6,16,목
2022-06-16,경춘선,김유정,386,394,780,-8,6,16,목
2022-06-16,경춘선,남춘천,2802,2705,5507,97,6,16,목
2022-06-16,경춘선,춘천,1836,1572,3408,264,6,16,목
2022-06-16,공항철도 1호선,서울역,9458,8733,18191,725,6,16,목
2022-06-16,공항철도 1호선,공덕,2583,3337,5920,-754,6,16,목
2022-06-16,공항철도 1호선,홍대입구,10674,10962,21636,-288,6,16,목
2022-06-16,공항철도 1호선,디지털미디어시티,16284,15160,31444,1124,6,16,목
2022-06-16,공항철도 1호선,마곡나루(서울식물원),10993,10419,21412,574,6,16,목
2022-06-16,공항철도 1호선,김포공항,12469,7183,19652,5286,6,16,목
2022-06-16,공항철도 1호선,계양,12096,11168,23264,928,6,16,목
2022-06-16,공항철도 1호선,검암,7221,7148,14369,73,6,16,목
2022-06-16,공항철도 1호선,청라국제도시,7971,7697,15668,274,6,16,목
2022-06-16,공항철도 1호선,운서,7991,7873,15864,118,6,16,목
2022-06-16,공항철도 1호선,공항화물청사,2424,2591,5015,-167,6,16,목
2022-06-16,공항철도 1호선,인천공항1터미널,6732,6323,13055,409,6,16,목
2022-06-16,공항철도 1호선,인천공항2터미널,3245,2805,6050,440,6,16,목
2022-06-16,공항철도 1호선,영종,3464,3499,6963,-35,6,16,목
2022-06-16,과천선,선바위,9092,8101,17193,991,6,16,목
2022-06-16,과천선,경마공원,1439,1487,2926,-48,6,16,목
2022-06-16,과천선,대공원,3653,3824,7477,-171,6,16,목
2022-06-16,과천선,과천,7106,6556,13662,550,6,16,목
2022-06-16,과천선,정부과천청사,11625,11578,23203,47,6,16,목
2022-06-16,과천선,인덕원,26748,27569,54317,-821,6,16,목
2022-06-16,과천선,평촌,19776,19481,39257,295,6,16,목
2022-06-16,과천선,범계,28206,28035,56241,171,6,16,목
2022-06-16,분당선,선릉,14683,22826,37509,-8143,6,16,목
2022-06-16,분당선,한티,15919,17160,33079,-1241,6,16,목
2022-06-16,분당선,도곡,7857,7782,15639,75,6,16,목
2022-06-16,분당선,구룡,2574,2479,5053,95,6,16,목
2022-06-16,분당선,개포동,4275,4221,8496,54,6,16,목
2022-06-16,분당선,대모산입구,5158,4740,9898,418,6,16,목
2022-06-16,분당선,수서,15110,15550,30660,-440,6,16,목
2022-06-16,분당선,수원,8772,7573,16345,1199,6,16,목
2022-06-16,분당선,서울숲,12502,12842,25344,-340,6,16,목
2022-06-16,분당선,압구정로데오,20485,23317,43802,-2832,6,16,목
2022-06-16,분당선,강남구청,10566,12169,22735,-1603,6,16,목
2022-06-16,분당선,선정릉,8557,9310,17867,-753,6,16,목
2022-06-16,분당선,가천대,9768,10556,20324,-788,6,16,목
2022-06-16,분당선,태평,14601,13626,28227,975,6,16,목
2022-06-16,분당선,모란,21239,21486,42725,-247,6,16,목
2022-06-16,분당선,야탑,28475,29830,58305,-1355,6,16,목
2022-06-16,분당선,서현,25649,26307,51956,-658,6,16,목
2022-06-16,분당선,수내,14870,13335,28205,1535,6,16,목
2022-06-16,분당선,정자,19951,21237,41188,-1286,6,16,목
2022-06-16,분당선,미금,16708,17706,34414,-998,6,16,목
2022-06-16,분당선,오리,12899,10572,23471,2327,6,16,목
2022-06-16,분당선,이매,6490,5835,12325,655,6,16,목
2022-06-16,분당선,보정,3093,2673,5766,420,6,16,목
2022-06-16,분당선,죽전,15022,16515,31537,-1493,6,16,목
2022-06-16,분당선,구성,5729,5867,11596,-138,6,16,목
2022-06-16,분당선,신갈,5048,5005,10053,43,6,16,목
2022-06-16,분당선,기흥,10972,10460,21432,512,6,16,목
2022-06-16,분당선,상갈,6077,5791,11868,286,6,16,목
2022-06-16,분당선,청명,4831,4700,9531,131,6,16,목
2022-06-16,분당선,영통,8914,8976,17890,-62,6,16,목
2022-06-16,분당선,망포,16035,15186,31221,849,6,16,목
2022-06-16,분당선,매탄권선,5853,5580,11433,273,6,16,목
2022-06-16,분당선,수원시청,13789,14681,28470,-892,6,16,목
2022-06-16,분당선,매교,3377,3318,6695,59,6,16,목
2022-06-16,수인선,고색,5116,4883,9999,233,6,16,목
2022-06-16,수인선,오목천,4425,3979,8404,446,6,16,목
2022-06-16,수인선,어천,844,872,1716,-28,6,16,목
2022-06-16,수인선,야목,500,344,844,156,6,16,목
2022-06-16,수인선,사리,5436,4804,10240,632,6,16,목
2022-06-16,수인선,달월,127,95,222,32,6,16,목
2022-06-16,수인선,월곶,3174,2999,6173,175,6,16,목
2022-06-16,수인선,소래포구,7315,6827,14142,488,6,16,목
2022-06-16,수인선,인천논현,6095,6460,12555,-365,6,16,목
2022-06-16,수인선,호구포,4493,4739,9232,-246,6,16,목
2022-06-16,수인선,남동인더스파크,2418,2776,5194,-358,6,16,목
2022-06-16,수인선,원인재,4781,4923,9704,-142,6,16,목
2022-06-16,수인선,연수,5139,5064,10203,75,6,16,목
2022-06-16,수인선,송도,2729,2599,5328,130,6,16,목
2022-06-16,수인선,인하대,7239,6879,14118,360,6,16,목
2022-06-16,수인선,숭의,4404,4147,8551,257,6,16,목
2022-06-16,수인선,신포,2121,2115,4236,6,6,16,목
2022-06-16,수인선,인천,1147,1930,3077,-783,6,16,목
2022-06-16,신림선,샛강,2338,2905,5243,-567,6,16,목
2022-06-16,신림선,대방,1851,1405,3256,446,6,16,목
2022-06-16,신림선,서울지방병무청,2114,2252,4366,-138,6,16,목
2022-06-16,신림선,보라매,2639,2342,4981,297,6,16,목
2022-06-16,신림선,보라매공원,1747,1935,3682,-188,6,16,목
2022-06-16,신림선,보라매병원,6276,6759,13035,-483,6,16,목
2022-06-16,신림선,당곡,3366,3343,6709,23,6,16,목
2022-06-16,신림선,신림,1688,2130,3818,-442,6,16,목
2022-06-16,신림선,서원,2661,2281,4942,380,6,16,목
2022-06-16,신림선,서울대벤처타운,6173,6243,12416,-70,6,16,목
2022-06-16,신림선,관악산(서울대),2843,2829,5672,14,6,16,목
2022-06-16,안산선,산본,17221,18545,35766,-1324,6,16,목
2022-06-16,안산선,대야미,5590,4997,10587,593,6,16,목
2022-06-16,안산선,반월,4779,4559,9338,220,6,16,목
2022-06-16,안산선,상록수,18244,18260,36504,-16,6,16,목
2022-06-16,안산선,한대앞,10977,11033,22010,-56,6,16,목
2022-06-16,안산선,중앙,19806,20665,40471,-859,6,16,목
2022-06-16,안산선,고잔,9911,9477,19388,434,6,16,목
2022-06-16,안산선,초지,5769,6069,11838,-300,6,16,목
2022-06-16,안산선,안산,12360,11312,23672,1048,6,16,목
2022-06-16,안산선,신길온천,2023,1865,3888,158,6,16,목
2022-06-16,안산선,정왕,10914,10875,21789,39,6,16,목
2022-06-16,안산선,오이도,9423,9229,18652,194,6,16,목
2022-06-16,안산선,수리산,4646,3896,8542,750,6,16,목
2022-06-16,우이신설선,북한산우이,3093,2773,5866,320,6,16,목
2022-06-16,우이신설선,솔밭공원,2795,2614,5409,181,6,16,목
2022-06-16,우이신설선,4.19민주묘지,3650,3439,7089,211,6,16,목
2022-06-16,우이신설선,가오리,4565,4444,9009,121,6,16,목
2022-06-16,우이신설선,화계,3790,3481,7271,309,6,16,목
2022-06-16,우이신설선,삼양,2214,2317,4531,-103,6,16,목
2022-06-16,우이신설선,삼양사거리,2674,2665,5339,9,6,16,목
2022-06-16,우이신설선,솔샘,6366,5914,12280,452,6,16,목
2022-06-16,우이신설선,북한산보국문,6722,6301,13023,421,6,16,목
2022-06-16,우이신설선,정릉,5270,4624,9894,646,6,16,목
2022-06-16,우이신설선,성신여대입구(돈암),3609,4000,7609,-391,6,16,목
2022-06-16,우이신설선,보문,1698,1659,3357,39,6,16,목
2022-06-16,우이신설선,신설동,2376,2328,4704,48,6,16,목
2022-06-16,일산선,원흥,12426,11508,23934,918,6,16,목
2022-06-16,일산선,지축,1,0,1,1,6,16,목
2022-06-16,일산선,삼송,21558,20583,42141,975,6,16,목
2022-06-16,일산선,원당,12364,11592,23956,772,6,16,목
2022-06-16,일산선,화정,18537,18932,37469,-395,6,16,목
2022-06-16,일산선,대곡,2457,2003,4460,454,6,16,목
2022-06-16,일산선,백석,10783,10733,21516,50,6,16,목
2022-06-16,일산선,마두,8342,8493,16835,-151,6,16,목
2022-06-16,일산선,정발산,7513,7653,15166,-140,6,16,목
2022-06-16,일산선,주엽,10286,10124,20410,162,6,16,목
2022-06-16,일산선,대화,15322,12192,27514,3130,6,16,목
2022-06-16,장항선,봉명,1504,1431,2935,73,6,16,목
2022-06-16,장항선,쌍용(나사렛대),3160,2862,6022,298,6,16,목
2022-06-16,장항선,아산,3748,3496,7244,252,6,16,목
2022-06-16,장항선,탕정,1019,880,1899,139,6,16,목
2022-06-16,장항선,배방,1269,1293,2562,-24,6,16,목
2022-06-16,장항선,온양온천,4074,4281,8355,-207,6,16,목
2022-06-16,장항선,신창(순천향대),2356,2081,4437,275,6,16,목
2022-06-16,중앙선,회기,27020,25911,52931,1109,6,16,목
2022-06-16,중앙선,중랑,6036,5672,11708,364,6,16,목
2022-06-16,중앙선,상봉(시외버스터미널),6371,6288,12659,83,6,16,목
2022-06-16,중앙선,망우,8600,8285,16885,315,6,16,목
2022-06-16,중앙선,양원,3487,3349,6836,138,6,16,목
2022-06-16,중앙선,구리,14655,14680,29335,-25,6,16,목
2022-06-16,중앙선,도농,12465,11176,23641,1289,6,16,목
2022-06-16,2호선,잠실나루,16137,15728,31865,409,6,16,목
2022-06-16,2호선,강변(동서울터미널),33452,31262,64714,2190,6,16,목
2022-06-16,2호선,구의(광진구청),25424,24761,50185,663,6,16,목
2022-06-16,2호선,건대입구,36601,39456,76057,-2855,6,16,목
2022-06-16,2호선,성수,39437,43669,83106,-4232,6,16,목
2022-06-16,2호선,뚝섬,23605,25957,49562,-2352,6,16,목
2022-06-16,2호선,한양대,14190,15573,29763,-1383,6,16,목
2022-06-16,2호선,왕십리(성동구청),17873,14418,32291,3455,6,16,목
2022-06-16,2호선,상왕십리,15510,14847,30357,663,6,16,목
2022-06-16,2호선,신당,15027,15327,30354,-300,6,16,목
2022-06-16,2호선,동대문역사문화공원(DDP),13551,15607,29158,-2056,6,16,목
2022-06-16,2호선,을지로4가,14041,14071,28112,-30,6,16,목
2022-06-16,2호선,을지로3가,25039,25433,50472,-394,6,16,목
2022-06-16,2호선,을지로입구,44019,46017,90036,-1998,6,16,목
2022-06-16,2호선,시청,25709,25609,51318,100,6,16,목
2022-06-16,1호선,동묘앞,8719,9164,17883,-445,6,16,목
2022-06-16,1호선,청량리(서울시립대입구),21999,21801,43800,198,6,16,목
2022-06-16,1호선,제기동,18652,18954,37606,-302,6,16,목
2022-06-16,1호선,신설동,14845,13664,28509,1181,6,16,목
2022-06-16,1호선,동대문,11556,11007,22563,549,6,16,목
2022-06-16,1호선,종로5가,24675,24981,49656,-306,6,16,목
2022-06-16,1호선,종로3가,28409,25805,54214,2604,6,16,목
2022-06-16,1호선,종각,40019,39674,79693,345,6,16,목
2022-06-17,경부선,오산,11566,11247,22813,319,6,17,금
2022-06-17,경부선,진위,2245,1861,4106,384,6,17,금
2022-06-17,경부선,송탄,5732,5115,10847,617,6,17,금
2022-06-17,경부선,서정리,9691,7904,17595,1787,6,17,금
2022-06-17,경부선,평택지제,4765,4441,9206,324,6,17,금
2022-06-17,경부선,평택,15263,15014,30277,249,6,17,금
2022-06-17,경부선,성환,4693,4254,8947,439,6,17,금
2022-06-17,경부선,직산,1152,1034,2186,118,6,17,금
2022-06-17,경부선,두정,8542,7899,16441,643,6,17,금
2022-06-17,경부선,천안,7374,7411,14785,-37,6,17,금
2022-06-17,경부선,당정,7673,7028,14701,645,6,17,금
2022-06-17,경부선,서동탄,1692,1502,3194,190,6,17,금
2022-06-17,경부선,광명,4407,4164,8571,243,6,17,금
2022-06-17,경원선,이촌(국립중앙박물관),4516,3373,7889,1143,6,17,금
2022-06-17,경원선,서빙고,2322,2082,4404,240,6,17,금
2022-06-17,경원선,한남,4435,4369,8804,66,6,17,금
2022-06-17,경원선,옥수,63,44,107,19,6,17,금
2022-06-17,경원선,응봉,2248,1824,4072,424,6,17,금
2022-06-17,경원선,왕십리(성동구청),16679,18285,34964,-1606,6,17,금
2022-06-17,경원선,청량리(서울시립대입구),19144,20116,39260,-972,6,17,금
2022-06-17,경원선,외대앞,9303,8896,18199,407,6,17,금
2022-06-17,경원선,신이문,9305,8333,17638,972,6,17,금
2022-06-17,경원선,석계,9094,10156,19250,-1062,6,17,금
2022-06-17,경원선,광운대,8756,8505,17261,251,6,17,금
2022-06-17,경원선,월계,8228,7401,15629,827,6,17,금
2022-06-17,경원선,녹천,5282,4305,9587,977,6,17,금
2022-06-17,경원선,창동,2,0,2,2,6,17,금
2022-06-17,경원선,방학,11043,10827,21870,216,6,17,금
2022-06-17,경원선,도봉,6770,6294,13064,476,6,17,금
2022-06-17,경원선,도봉산,8494,5575,14069,2919,6,17,금
2022-06-17,경원선,망월사,9444,9275,18719,169,6,17,금
2022-06-17,경원선,회룡,14250,14368,28618,-118,6,17,금
2022-06-17,경원선,의정부,21164,22440,43604,-1276,6,17,금
2022-06-17,경원선,가능,7688,7343,15031,345,6,17,금
2022-06-17,경원선,녹양,5204,4907,10111,297,6,17,금
2022-06-17,경원선,양주,8802,8227,17029,575,6,17,금
2022-06-17,경원선,덕계,3836,3372,7208,464,6,17,금
2022-06-17,경원선,덕정,7005,6579,13584,426,6,17,금
2022-06-17,경원선,지행,8036,7827,15863,209,6,17,금
2022-06-17,경원선,동두천중앙,3685,3626,7311,59,6,17,금
2022-06-17,경원선,보산,2591,2070,4661,521,6,17,금
2022-06-17,경원선,동두천,2807,3070,5877,-263,6,17,금
2022-06-17,경원선,소요산,2977,2694,5671,283,6,17,금
2022-06-17,경의선,서울역,5227,6822,12049,-1595,6,17,금
2022-06-17,경의선,신촌,935,1260,2195,-325,6,17,금
2022-06-17,경의선,효창공원앞,3249,3591,6840,-342,6,17,금
2022-06-17,경의선,공덕,3973,3732,7705,241,6,17,금
2022-06-17,경의선,서강대,2451,2375,4826,76,6,17,금
2022-06-17,경의선,홍대입구,2055,2493,4548,-438,6,17,금
2022-06-17,경의선,가좌,6474,6022,12496,452,6,17,금
2022-06-17,경의선,디지털미디어시티,3082,2780,5862,302,6,17,금
2022-06-17,경의선,수색,3059,3282,6341,-223,6,17,금
2022-06-17,경의선,화전,3355,3001,6356,354,6,17,금
2022-06-17,경의선,강매,3722,3187,6909,535,6,17,금
2022-06-17,경의선,행신,9520,9516,19036,4,6,17,금
2022-06-17,경의선,능곡,4327,4043,8370,284,6,17,금
2022-06-17,경의선,곡산,665,744,1409,-79,6,17,금
2022-06-17,경의선,백마,7966,7647,15613,319,6,17,금
2022-06-17,경의선,풍산,6591,6163,12754,428,6,17,금
2022-06-17,경의선,일산,10904,10602,21506,302,6,17,금
2022-06-17,경의선,탄현,8978,8423,17401,555,6,17,금
2022-06-17,경의선,야당,8962,9293,18255,-331,6,17,금
2022-06-17,경의선,운정,7923,7261,15184,662,6,17,금
2022-06-17,경의선,금릉,5594,5333,10927,261,6,17,금
2022-06-17,경의선,금촌,7485,7306,14791,179,6,17,금
2022-06-17,경의선,월롱,3705,2783,6488,922,6,17,금
2022-06-17,경의선,파주,1490,1014,2504,476,6,17,금
2022-06-17,경의선,문산,6061,5848,11909,213,6,17,금
2022-06-17,경의선,임진강,14,5,19,9,6,17,금
2022-06-17,경인선,개봉,23827,22451,46278,1376,6,17,금
2022-06-17,경인선,오류동,13124,11706,24830,1418,6,17,금
2022-06-17,경인선,역곡,31358,30284,61642,1074,6,17,금
2022-06-17,경인선,부천,36429,36811,73240,-382,6,17,금
2022-06-17,경인선,송내,30624,30270,60894,354,6,17,금
2022-06-17,경인선,부평,32228,36334,68562,-4106,6,17,금
2022-06-17,경인선,백운,7636,7507,15143,129,6,17,금
2022-06-17,경인선,동암,17212,17318,34530,-106,6,17,금
2022-06-17,경인선,주안,21324,19227,40551,2097,6,17,금
2022-06-17,경인선,제물포,12343,11327,23670,1016,6,17,금
2022-06-17,경인선,동인천,15616,14979,30595,637,6,17,금
2022-06-17,경인선,인천,4458,3370,7828,1088,6,17,금
2022-06-17,경인선,구일,10481,10460,20941,21,6,17,금
2022-06-17,경인선,소사,9455,9106,18561,349,6,17,금
2022-06-17,경인선,부개,9844,9006,18850,838,6,17,금
2022-06-17,경인선,간석,6751,6221,12972,530,6,17,금
2022-06-17,경인선,도원,3904,3849,7753,55,6,17,금
2022-06-17,경인선,온수(성공회대입구),7946,7328,15274,618,6,17,금
2022-06-17,경인선,중동,10602,9752,20354,850,6,17,금
2022-06-17,경인선,도화,4870,4350,9220,520,6,17,금
2022-06-17,경춘선,신내,2586,2477,5063,109,6,17,금
2022-06-17,경춘선,갈매,3434,2883,6317,551,6,17,금
2022-06-17,경춘선,별내,3673,3550,7223,123,6,17,금
2022-06-17,경춘선,퇴계원,3996,3621,7617,375,6,17,금
2022-06-17,경춘선,사릉,2803,2704,5507,99,6,17,금
2022-06-17,경춘선,금곡,1877,1758,3635,119,6,17,금
2022-06-17,경춘선,평내호평,7270,7168,14438,102,6,17,금
2022-06-17,경춘선,천마산,1978,1882,3860,96,6,17,금
2022-06-17,경춘선,마석,4557,4538,9095,19,6,17,금
2022-06-17,경춘선,대성리,1119,1580,2699,-461,6,17,금
2022-06-17,경춘선,청평,2098,2222,4320,-124,6,17,금
2022-06-17,경춘선,상천,349,366,715,-17,6,17,금
2022-06-17,경춘선,가평,2331,2563,4894,-232,6,17,금
2022-06-17,경춘선,굴봉산,215,202,417,13,6,17,금
2022-06-17,경춘선,백양리,107,183,290,-76,6,17,금
2022-06-17,경춘선,강촌,488,557,1045,-69,6,17,금
2022-06-17,경춘선,김유정,371,453,824,-82,6,17,금
2022-06-17,경춘선,남춘천,4089,3868,7957,221,6,17,금
2022-06-17,경춘선,춘천,2113,1736,3849,377,6,17,금
2022-06-17,공항철도 1호선,서울역,11122,10465,21587,657,6,17,금
2022-06-17,공항철도 1호선,공덕,2643,3638,6281,-995,6,17,금
2022-06-17,공항철도 1호선,홍대입구,12033,12796,24829,-763,6,17,금
2022-06-17,공항철도 1호선,디지털미디어시티,15477,14291,29768,1186,6,17,금
2022-06-17,공항철도 1호선,마곡나루(서울식물원),10266,9481,19747,785,6,17,금
2022-06-17,공항철도 1호선,김포공항,15229,7822,23051,7407,6,17,금
2022-06-17,공항철도 1호선,계양,12086,11041,23127,1045,6,17,금
2022-06-17,공항철도 1호선,검암,7618,7533,15151,85,6,17,금
2022-06-17,공항철도 1호선,청라국제도시,8128,7656,15784,472,6,17,금
2022-06-17,공항철도 1호선,운서,8367,8215,16582,152,6,17,금
2022-06-17,공항철도 1호선,공항화물청사,2447,2589,5036,-142,6,17,금
2022-06-17,공항철도 1호선,인천공항1터미널,6867,6445,13312,422,6,17,금
2022-06-17,공항철도 1호선,인천공항2터미널,3247,3043,6290,204,6,17,금
2022-06-17,공항철도 1호선,영종,3606,3850,7456,-244,6,17,금
2022-06-17,과천선,선바위,9435,8226,17661,1209,6,17,금
2022-06-17,과천선,경마공원,7889,7964,15853,-75,6,17,금
2022-06-17,과천선,대공원,3894,4067,7961,-173,6,17,금
2022-06-17,과천선,과천,7219,6561,13780,658,6,17,금
2022-06-17,과천선,정부과천청사,12062,11834,23896,228,6,17,금
2022-06-17,과천선,인덕원,28115,28227,56342,-112,6,17,금
2022-06-17,과천선,평촌,19456,19088,38544,368,6,17,금
2022-06-17,과천선,범계,30118,30431,60549,-313,6,17,금
2022-06-17,분당선,선릉,14443,22345,36788,-7902,6,17,금
2022-06-17,분당선,한티,16530,17541,34071,-1011,6,17,금
2022-06-17,분당선,도곡,8216,7884,16100,332,6,17,금
2022-06-17,분당선,구룡,2691,2391,5082,300,6,17,금
2022-06-17,분당선,개포동,4350,4498,8848,-148,6,17,금
2022-06-17,분당선,대모산입구,5172,4686,9858,486,6,17,금
2022-06-17,분당선,수서,16312,17226,33538,-914,6,17,금
2022-06-17,분당선,수원,9277,8288,17565,989,6,17,금
2022-06-17,분당선,서울숲,13124,13580,26704,-456,6,17,금
2022-06-17,분당선,압구정로데오,22776,26979,49755,-4203,6,17,금
2022-06-17,분당선,강남구청,10922,12566,23488,-1644,6,17,금
2022-06-17,분당선,선정릉,8448,9133,17581,-685,6,17,금
2022-06-17,분당선,가천대,9168,9719,18887,-551,6,17,금
2022-06-17,분당선,태평,14863,13967,28830,896,6,17,금
2022-06-17,분당선,모란,22264,22744,45008,-480,6,17,금
2022-06-17,분당선,야탑,29523,31035,60558,-1512,6,17,금
2022-06-17,분당선,서현,27943,28771,56714,-828,6,17,금
2022-06-17,분당선,수내,15214,13465,28679,1749,6,17,금
2022-06-17,분당선,정자,19823,21230,41053,-1407,6,17,금
2022-06-17,분당선,미금,17602,18491,36093,-889,6,17,금
2022-06-17,분당선,오리,13001,10437,23438,2564,6,17,금
2022-06-17,분당선,이매,6727,6180,12907,547,6,17,금
2022-06-17,분당선,보정,3163,2645,5808,518,6,17,금
2022-06-17,분당선,죽전,15809,16860,32669,-1051,6,17,금
2022-06-17,분당선,구성,5752,6003,11755,-251,6,17,금
2022-06-17,분당선,신갈,5262,5101,10363,161,6,17,금
2022-06-17,분당선,기흥,11369,10696,22065,673,6,17,금
2022-06-17,분당선,상갈,6216,5966,12182,250,6,17,금
2022-06-17,분당선,청명,5242,4760,10002,482,6,17,금
2022-06-17,분당선,영통,9535,9839,19374,-304,6,17,금
2022-06-17,분당선,망포,16985,15498,32483,1487,6,17,금
2022-06-17,분당선,매탄권선,6124,5761,11885,363,6,17,금
2022-06-17,분당선,수원시청,14444,16757,31201,-2313,6,17,금
2022-06-17,분당선,매교,3558,3593,7151,-35,6,17,금
2022-06-17,수인선,고색,5318,4840,10158,478,6,17,금
2022-06-17,수인선,오목천,4239,3628,7867,611,6,17,금
2022-06-17,수인선,어천,1021,995,2016,26,6,17,금
2022-06-17,수인선,야목,481,357,838,124,6,17,금
2022-06-17,수인선,사리,5574,4823,10397,751,6,17,금
2022-06-17,수인선,달월,118,80,198,38,6,17,금
2022-06-17,수인선,월곶,3118,2937,6055,181,6,17,금
2022-06-17,수인선,소래포구,7204,6835,14039,369,6,17,금
2022-06-17,수인선,인천논현,6205,6580,12785,-375,6,17,금
2022-06-17,수인선,호구포,4540,4643,9183,-103,6,17,금
2022-06-17,수인선,남동인더스파크,2424,2697,5121,-273,6,17,금
2022-06-17,수인선,원인재,5052,5098,10150,-46,6,17,금
2022-06-17,수인선,연수,5442,5340,10782,102,6,17,금
2022-06-17,수인선,송도,2877,2687,5564,190,6,17,금
2022-06-17,수인선,인하대,6993,6620,13613,373,6,17,금
2022-06-17,수인선,숭의,4438,4133,8571,305,6,17,금
2022-06-17,수인선,신포,2074,2170,4244,-96,6,17,금
2022-06-17,수인선,인천,1195,1939,3134,-744,6,17,금
2022-06-17,신림선,샛강,2210,2884,5094,-674,6,17,금
2022-06-17,신림선,대방,1967,1367,3334,600,6,17,금
2022-06-17,신림선,서울지방병무청,2099,2263,4362,-164,6,17,금
2022-06-17,신림선,보라매,2830,2447,5277,383,6,17,금
2022-06-17,신림선,보라매공원,1781,1912,3693,-131,6,17,금
2022-06-17,신림선,보라매병원,5660,5790,11450,-130,6,17,금
2022-06-17,신림선,당곡,3619,3263,6882,356,6,17,금
2022-06-17,신림선,신림,1760,2193,3953,-433,6,17,금
2022-06-17,신림선,서원,2768,2260,5028,508,6,17,금
2022-06-17,신림선,서울대벤처타운,6353,6266,12619,87,6,17,금
2022-06-17,신림선,관악산(서울대),3118,3054,6172,64,6,17,금
2022-06-17,안산선,산본,18004,19550,37554,-1546,6,17,금
2022-06-17,안산선,대야미,5859,5104,10963,755,6,17,금
2022-06-17,안산선,반월,5007,4792,9799,215,6,17,금
2022-06-17,안산선,상록수,18394,18131,36525,263,6,17,금
2022-06-17,안산선,한대앞,11332,11164,22496,168,6,17,금
2022-06-17,안산선,중앙,20441,22277,42718,-1836,6,17,금
2022-06-17,안산선,고잔,10113,9750,19863,363,6,17,금
2022-06-17,안산선,초지,5545,5733,11278,-188,6,17,금
2022-06-17,안산선,안산,12859,11629,24488,1230,6,17,금
2022-06-17,안산선,신길온천,2062,1867,3929,195,6,17,금
2022-06-17,3호선,을지로3가,11775,12884,24659,-1109,6,17,금
2022-06-17,분당선,복정,2,0,2,2,6,17,금
2022-06-17,중앙선,양원,3637,3332,6969,305,6,17,금
2022-06-17,중앙선,구리,14884,15332,30216,-448,6,17,금
2022-06-17,중앙선,도농,12821,11625,24446,1196,6,17,금
2022-06-17,중앙선,양정,792,703,1495,89,6,17,금
2022-06-17,중앙선,덕소,6202,6196,12398,6,6,17,금
2022-06-17,중앙선,도심,2793,2215,5008,578,6,17,금
2022-06-17,중앙선,팔당,986,1045,2031,-59,6,17,금
2022-06-17,중앙선,운길산,1036,1034,2070,2,6,17,금
2022-06-17,중앙선,양수,2275,2336,4611,-61,6,17,금
2022-06-17,중앙선,신원,220,208,428,12,6,17,금
2022-06-17,중앙선,국수,882,906,1788,-24,6,17,금
2022-06-17,중앙선,아신,633,683,1316,-50,6,17,금
2022-06-17,중앙선,오빈,372,371,743,1,6,17,금
2022-06-17,중앙선,양평,3306,3501,6807,-195,6,17,금
2022-06-17,중앙선,원덕,453,454,907,-1,6,17,금
2022-06-17,중앙선,용문,2198,2387,4585,-189,6,17,금
2022-06-17,중앙선,지평,65,88,153,-23,6,17,금
2022-06-17,장항선,배방,1505,1359,2864,146,6,17,금
2022-06-17,장항선,온양온천,4356,4613,8969,-257,6,17,금
2022-06-17,장항선,신창(순천향대),2426,1773,4199,653,6,17,금
2022-06-17,중앙선,회기,28342,26551,54893,1791,6,17,금
2022-06-17,중앙선,중랑,6336,5925,12261,411,6,17,금
2022-06-17,중앙선,상봉(시외버스터미널),6638,6450,13088,188,6,17,금
2022-06-17,중앙선,망우,8868,8470,17338,398,6,17,금
2022-06-17,장항선,탕정,1101,902,2003,199,6,17,금
2022-06-17,장항선,아산,4290,4525,8815,-235,6,17,금
2022-06-17,장항선,쌍용(나사렛대),3255,2961,6216,294,6,17,금
2022-06-17,장항선,봉명,1521,1430,2951,91,6,17,금
2022-06-17,일산선,대화,15483,12151,27634,3332,6,17,금
2022-06-17,일산선,주엽,10483,10410,20893,73,6,17,금
2022-06-17,일산선,정발산,8402,8873,17275,-471,6,17,금
2022-06-17,일산선,마두,8471,8647,17118,-176,6,17,금
2022-06-17,일산선,백석,11037,11134,22171,-97,6,17,금
2022-06-17,일산선,대곡,2546,1992,4538,554,6,17,금
2022-06-17,일산선,화정,18845,19030,37875,-185,6,17,금
2022-06-17,일산선,원당,12714,11724,24438,990,6,17,금
2022-06-17,일산선,삼송,21944,20901,42845,1043,6,17,금
2022-06-17,일산선,원흥,12693,11814,24507,879,6,17,금
2022-06-17,우이신설선,신설동,2321,2348,4669,-27,6,17,금
2022-06-17,우이신설선,보문,1697,1683,3380,14,6,17,금
2022-06-17,우이신설선,성신여대입구(돈암),3646,4240,7886,-594,6,17,금
2022-06-17,우이신설선,정릉,5412,4775,10187,637,6,17,금
2022-06-17,우이신설선,북한산보국문,6785,6202,12987,583,6,17,금
2022-06-17,우이신설선,솔샘,6455,5780,12235,675,6,17,금
2022-06-17,우이신설선,삼양사거리,2726,2758,5484,-32,6,17,금
2022-06-17,우이신설선,삼양,2229,2333,4562,-104,6,17,금
2022-06-17,우이신설선,화계,3746,3446,7192,300,6,17,금
2022-06-17,우이신설선,가오리,4672,4484,9156,188,6,17,금
2022-06-17,우이신설선,4.19민주묘지,3657,3334,6991,323,6,17,금
2022-06-17,우이신설선,솔밭공원,2743,2521,5264,222,6,17,금
2022-06-17,우이신설선,북한산우이,3259,2879,6138,380,6,17,금
2022-06-17,안산선,수리산,4693,3760,8453,933,6,17,금
2022-06-17,안산선,오이도,9611,9562,19173,49,6,17,금
2022-06-17,안산선,정왕,10738,10546,21284,192,6,17,금
2022-06-17,1호선,서울역,55480,55203,110683,277,6,17,금
2022-06-17,1호선,시청,25638,26189,51827,-551,6,17,금
2022-06-17,1호선,종각,40480,40283,80763,197,6,17,금
2022-06-17,1호선,종로3가,29621,27365,56986,2256,6,17,금
2022-06-17,1호선,종로5가,25120,25053,50173,67,6,17,금
2022-06-17,1호선,동대문,11831,10658,22489,1173,6,17,금
2022-06-17,1호선,신설동,15435,13987,29422,1448,6,17,금
2022-06-17,1호선,제기동,18769,19031,37800,-262,6,17,금
2022-06-17,1호선,청량리(서울시립대입구),22430,22379,44809,51,6,17,금
2022-06-17,1호선,동묘앞,9002,9309,18311,-307,6,17,금
2022-06-17,2호선,시청,25796,25326,51122,470,6,17,금
2022-06-17,2호선,을지로입구,43930,45891,89821,-1961,6,17,금
2022-06-17,2호선,을지로3가,26284,27081,53365,-797,6,17,금
2022-06-17,2호선,을지로4가,14382,14654,29036,-272,6,17,금
2022-06-17,2호선,동대문역사문화공원(DDP),14217,15641,29858,-1424,6,17,금
2022-06-17,2호선,신당,15716,16102,31818,-386,6,17,금
2022-06-17,2호선,상왕십리,16032,15361,31393,671,6,17,금
2022-06-17,2호선,왕십리(성동구청),18759,15565,34324,3194,6,17,금
2022-06-17,2호선,한양대,11998,13165,25163,-1167,6,17,금
2022-06-17,2호선,뚝섬,26254,28109,54363,-1855,6,17,금
2022-06-17,2호선,성수,40807,45502,86309,-4695,6,17,금
2022-06-17,2호선,건대입구,39758,44221,83979,-4463,6,17,금
2022-06-17,2호선,구의(광진구청),25819,25016,50835,803,6,17,금
2022-06-17,2호선,강변(동서울터미널),36902,36276,73178,626,6,17,금
2022-06-17,2호선,잠실나루,16858,15824,32682,1034,6,17,금
2022-06-17,2호선,잠실(송파구청),77157,76036,153193,1121,6,17,금
2022-06-17,2호선,잠실새내,24271,24523,48794,-252,6,17,금
2022-06-17,2호선,종합운동장,11313,12791,24104,-1478,6,17,금
2022-06-17,2호선,삼성(무역센터),61284,62113,123397,-829,6,17,금
2022-06-17,2호선,선릉,61519,55186,116705,6333,6,17,금
2022-06-17,2호선,역삼,56077,63756,119833,-7679,6,17,금
2022-06-17,2호선,강남,92648,92588,185236,60,6,17,금
2022-06-17,2호선,교대(법원.검찰청),38460,43986,82446,-5526,6,17,금
2022-06-17,2호선,서초,23875,22750,46625,1125,6,17,금
2022-06-17,2호선,방배,20739,21309,42048,-570,6,17,금
2022-06-17,2호선,사당,44834,50673,95507,-5839,6,17,금
2022-06-17,2호선,낙성대(강감찬),30880,28354,59234,2526,6,17,금
2022-06-17,2호선,서울대입구(관악구청),51872,49278,101150,2594,6,17,금
2022-06-17,2호선,봉천,26447,23714,50161,2733,6,17,금
2022-06-17,2호선,신림,65130,62478,127608,2652,6,17,금
2022-06-17,2호선,신대방,28203,27012,55215,1191,6,17,금
2022-06-17,2호선,구로디지털단지,65648,65325,130973,323,6,17,금
2022-06-17,2호선,대림(구로구청),26098,26517,52615,-419,6,17,금
2022-06-17,2호선,신도림,53938,54935,108873,-997,6,17,금
2022-06-17,2호선,문래,24119,25272,49391,-1153,6,17,금
2022-06-17,2호선,영등포구청,24093,24888,48981,-795,6,17,금
2022-06-17,2호선,당산,20881,24459,45340,-3578,6,17,금
2022-06-17,2호선,합정,35352,39802,75154,-4450,6,17,금
2022-06-17,2호선,홍대입구,62758,72609,135367,-9851,6,17,금
2022-06-17,2호선,신촌,37353,38445,75798,-1092,6,17,금
2022-06-17,2호선,이대,15352,15696,31048,-344,6,17,금
2022-06-17,2호선,아현,12044,11040,23084,1004,6,17,금
2022-06-17,2호선,충정로(경기대입구),10949,11454,22403,-505,6,17,금
2022-06-17,2호선,용답,3236,3147,6383,89,6,17,금
2022-06-17,2호선,신답,1892,1993,3885,-101,6,17,금
2022-06-17,2호선,신설동,3922,3837,7759,85,6,17,금
2022-06-17,2호선,도림천,1477,1485,2962,-8,6,17,금
2022-06-17,2호선,양천구청,7805,7848,15653,-43,6,17,금
2022-06-17,2호선,신정네거리,11306,11449,22755,-143,6,17,금
2022-06-17,2호선,용두(동대문구청),2639,2621,5260,18,6,17,금
2022-06-17,3호선,지축,5710,5203,10913,507,6,17,금
2022-06-17,3호선,구파발,23180,22230,45410,950,6,17,금
2022-06-17,3호선,연신내,39724,37478,77202,2246,6,17,금
2022-06-17,3호선,불광,17818,18777,36595,-959,6,17,금
2022-06-17,3호선,녹번,17232,14897,32129,2335,6,17,금
2022-06-17,3호선,홍제,19433,17740,37173,1693,6,17,금
2022-06-17,3호선,무악재,4322,4241,8563,81,6,17,금
2022-06-17,3호선,독립문,8013,8162,16175,-149,6,17,금
2022-06-17,3호선,경복궁(정부서울청사),27414,29070,56484,-1656,6,17,금
2022-06-17,3호선,안국,25560,26144,51704,-584,6,17,금
2022-06-17,3호선,종로3가,11088,13563,24651,-2475,6,17,금
2022-06-17,3호선,충무로,3,0,3,3,6,17,금
2022-06-17,3호선,동대입구,8951,9599,18550,-648,6,17,금
2022-06-17,3호선,약수,14598,14090,28688,508,6,17,금
2022-06-17,3호선,금호,8948,8009,16957,939,6,17,금
2022-06-17,3호선,옥수,10216,10400,20616,-184,6,17,금
2022-06-17,3호선,압구정,36333,39995,76328,-3662,6,17,금
2022-06-17,3호선,신사,32354,35530,67884,-3176,6,17,금
2022-06-17,3호선,잠원,5446,5257,10703,189,6,17,금
2022-06-17,3호선,고속터미널,51776,53739,105515,-1963,6,17,금
2022-06-17,3호선,교대(법원.검찰청),16758,10655,27413,6103,6,17,금
2022-06-17,3호선,남부터미널(예술의전당),33977,34142,68119,-165,6,17,금
2022-06-17,3호선,양재(서초구청),42983,45968,88951,-2985,6,17,금
2022-06-17,3호선,매봉,13970,13580,27550,390,6,17,금
2022-06-17,3호선,도곡,6045,6108,12153,-63,6,17,금
2022-06-17,3호선,대치,12479,12492,24971,-13,6,17,금
2022-06-17,3호선,학여울,3309,3343,6652,-34,6,17,금
2022-06-17,3호선,대청,11549,10634,22183,915,6,17,금
2022-06-17,3호선,일원,11877,11006,22883,871,6,17,금
2022-06-17,3호선,수서,20340,20371,40711,-31,6,17,금
2022-06-17,3호선,가락시장,10097,9833,19930,264,6,17,금
2022-06-17,3호선,경찰병원,8263,8204,16467,59,6,17,금
2022-06-17,3호선,오금,6925,6247,13172,678,6,17,금
2022-06-17,4호선,당고개,9841,8518,18359,1323,6,17,금
2022-06-17,4호선,상계,21253,19369,40622,1884,6,17,금
2022-06-17,4호선,노원,20682,24356,45038,-3674,6,17,금
2022-06-17,4호선,창동,28337,29921,58258,-1584,6,17,금
2022-06-17,4호선,쌍문,31786,28450,60236,3336,6,17,금
2022-06-17,4호선,수유(강북구청),37328,37197,74525,131,6,17,금
2022-06-17,4호선,미아(서울사이버대학),16096,15321,31417,775,6,17,금
2022-06-17,4호선,미아사거리,30131,29206,59337,925,6,17,금
2022-06-17,4호선,길음,23348,22221,45569,1127,6,17,금
2022-06-17,4호선,성신여대입구(돈암),22657,21268,43925,1389,6,17,금
2022-06-17,4호선,한성대입구(삼선교),14753,14211,28964,542,6,17,금
2022-06-17,4호선,혜화,35033,35523,70556,-490,6,17,금
2022-06-17,4호선,동대문,21716,21883,43599,-167,6,17,금
2022-06-17,4호선,동대문역사문화공원(DDP),17011,14914,31925,2097,6,17,금
2022-06-17,4호선,충무로,29808,31846,61654,-2038,6,17,금
2022-06-17,4호선,명동,22545,23457,46002,-912,6,17,금
2022-06-17,4호선,회현(남대문시장),26856,28318,55174,-1462,6,17,금
2022-06-17,4호선,서울역,12832,22086,34918,-9254,6,17,금
2022-06-17,4호선,숙대입구(갈월),14978,14752,29730,226,6,17,금
2022-06-17,4호선,삼각지,6550,7587,14137,-1037,6,17,금
2022-06-17,4호선,신용산,19843,21471,41314,-1628,6,17,금
2022-06-17,4호선,이촌(국립중앙박물관),9773,10562,20335,-789,6,17,금
2022-06-17,4호선,동작(현충원),1880,2029,3909,-149,6,17,금
2022-06-17,4호선,총신대입구(이수),21312,23063,44375,-1751,6,17,금
2022-06-17,4호선,사당,29896,26082,55978,3814,6,17,금
2022-06-17,4호선,남태령,1525,1211,2736,314,6,17,금
2022-06-17,5호선,방화,7498,7011,14509,487,6,17,금
2022-06-17,5호선,개화산,6208,5893,12101,315,6,17,금
2022-06-17,5호선,김포공항,9096,8649,17745,447,6,17,금
2022-06-17,5호선,송정,7344,6671,14015,673,6,17,금
2022-06-17,5호선,마곡,11626,11589,23215,37,6,17,금
2022-06-17,5호선,발산,21966,23706,45672,-1740,6,17,금
2022-06-17,5호선,우장산,16279,15591,31870,688,6,17,금
2022-06-17,5호선,화곡,31365,28674,60039,2691,6,17,금
2022-06-17,5호선,까치산,31635,29704,61339,1931,6,17,금
2022-06-17,5호선,신정(은행정),15319,12073,27392,3246,6,17,금
2022-06-17,5호선,목동,19225,20281,39506,-1056,6,17,금
2022-06-17,5호선,오목교(목동운동장앞),23834,25600,49434,-1766,6,17,금
2022-06-17,5호선,양평,8089,7769,15858,320,6,17,금
2022-06-17,5호선,영등포구청,4533,4482,9015,51,6,17,금
2022-06-17,5호선,영등포시장,11299,11422,22721,-123,6,17,금
2022-06-17,5호선,신길,4658,4796,9454,-138,6,17,금
2022-06-17,5호선,여의도,29756,32991,62747,-3235,6,17,금
2022-06-17,5호선,여의나루,13328,14426,27754,-1098,6,17,금
2022-06-17,5호선,마포,15987,16410,32397,-423,6,17,금
2022-06-17,5호선,공덕,15781,16853,32634,-1072,6,17,금
2022-06-17,5호선,애오개,7333,7123,14456,210,6,17,금
2022-06-17,5호선,충정로(경기대입구),4910,4914,9824,-4,6,17,금
2022-06-17,5호선,서대문,20814,20924,41738,-110,6,17,금
2022-06-17,5호선,광화문(세종문화회관),34013,36902,70915,-2889,6,17,금
2022-06-17,5호선,종로3가,15434,15879,31313,-445,6,17,금
2022-06-17,5호선,을지로4가,6846,7179,14025,-333,6,17,금
2022-06-17,5호선,동대문역사문화공원(DDP),3030,3744,6774,-714,6,17,금
2022-06-17,5호선,청구,4337,4062,8399,275,6,17,금
2022-06-17,5호선,신금호,7323,7447,14770,-124,6,17,금
2022-06-17,5호선,행당,9083,7805,16888,1278,6,17,금
2022-06-17,5호선,왕십리(성동구청),4930,5855,10785,-925,6,17,금
2022-06-17,5호선,마장,6319,5830,12149,489,6,17,금
2022-06-17,5호선,답십리,17431,15473,32904,1958,6,17,금
2022-06-17,5호선,장한평,20135,19762,39897,373,6,17,금
2022-06-17,5호선,군자(능동),12428,13654,26082,-1226,6,17,금
2022-06-17,5호선,아차산(어린이대공원후문),16244,15187,31431,1057,6,17,금
2022-06-17,5호선,광나루(장신대),14965,13701,28666,1264,6,17,금
2022-06-17,5호선,천호(풍납토성),20906,21197,42103,-291,6,17,금
2022-06-17,5호선,강동,20270,19004,39274,1266,6,17,금
2022-06-17,5호선,길동,8969,9181,18150,-212,6,17,금
2022-06-17,5호선,굽은다리(강동구민회관앞),10326,9614,19940,712,6,17,금
2022-06-17,5호선,명일,9691,10021,19712,-330,6,17,금
2022-06-17,5호선,고덕,11060,10744,21804,316,6,17,금
2022-06-17,5호선,상일동,16651,14775,31426,1876,6,17,금
2022-06-17,5호선,둔촌동,9022,8977,17999,45,6,17,금
2022-06-17,5호선,올림픽공원(한국체대),5171,4384,9555,787,6,17,금
2022-06-17,5호선,방이,7916,8295,16211,-379,6,17,금
2022-06-17,5호선,오금,4267,4337,8604,-70,6,17,금
2022-06-17,5호선,개롱,7385,7428,14813,-43,6,17,금
2022-06-17,5호선,거여,11450,10944,22394,506,6,17,금
2022-06-17,5호선,마천,8380,7725,16105,655,6,17,금
2022-06-17,5호선,강일,5166,4942,10108,224,6,17,금
2022-06-17,5호선,미사,18253,18444,36697,-191,6,17,금
2022-06-17,5호선,하남풍산,4718,4543,9261,175,6,17,금
2022-06-17,5호선,하남시청(덕풍·신장),8030,7699,15729,331,6,17,금
2022-06-17,5호선,하남검단산,6559,6151,12710,408,6,17,금
2022-06-17,6호선,응암,19154,18466,37620,688,6,17,금
2022-06-17,6호선,역촌,4049,4630,8679,-581,6,17,금
2022-06-17,6호선,불광,4829,4805,9634,24,6,17,금
2022-06-17,6호선,독바위,3006,3120,6126,-114,6,17,금
2022-06-17,6호선,구산,8795,6307,15102,2488,6,17,금
2022-06-17,6호선,새절(신사),14092,12809,26901,1283,6,17,금
2022-06-17,6호선,증산(명지대앞),10978,10431,21409,547,6,17,금
2022-06-17,6호선,디지털미디어시티,15610,16847,32457,-1237,6,17,금
2022-06-17,6호선,월드컵경기장(성산),5127,5311,10438,-184,6,17,금
2022-06-17,6호선,마포구청,15874,13982,29856,1892,6,17,금
2022-06-17,6호선,망원,15468,16647,32115,-1179,6,17,금
2022-06-17,6호선,합정,15267,15510,30777,-243,6,17,금
2022-06-17,6호선,상수,9850,12237,22087,-2387,6,17,금
2022-06-17,6호선,광흥창(서강),10155,9630,19785,525,6,17,금
2022-06-17,6호선,대흥(서강대앞),9288,9289,18577,-1,6,17,금
2022-06-17,6호선,공덕,20639,20259,40898,380,6,17,금
2022-06-17,6호선,효창공원앞,8111,7124,15235,987,6,17,금
2022-06-17,6호선,삼각지,8462,7246,15708,1216,6,17,금
2022-06-17,6호선,녹사평(용산구청),5840,6486,12326,-646,6,17,금
2022-06-17,6호선,이태원,13276,18607,31883,-5331,6,17,금
2022-06-17,6호선,한강진,9099,10964,20063,-1865,6,17,금
2022-06-17,6호선,버티고개,2400,2372,4772,28,6,17,금
2022-06-17,6호선,약수,4087,4140,8227,-53,6,17,금
2022-06-17,6호선,청구,4006,4056,8062,-50,6,17,금
2022-06-17,6호선,신당,9113,8631,17744,482,6,17,금
2022-06-17,6호선,동묘앞,8644,8482,17126,162,6,17,금
2022-06-17,6호선,창신,3923,3146,7069,777,6,17,금
2022-06-17,6호선,보문,8508,7476,15984,1032,6,17,금
2022-06-17,6호선,안암(고대병원앞),12908,12424,25332,484,6,17,금
2022-06-17,6호선,고려대(종암),9056,8607,17663,449,6,17,금
2022-06-17,6호선,월곡(동덕여대),12561,12050,24611,511,6,17,금
2022-06-17,6호선,상월곡(한국과학기술연구원),6822,6064,12886,758,6,17,금
2022-06-17,6호선,돌곶이,10244,9153,19397,1091,6,17,금
2022-06-17,6호선,석계,13539,13731,27270,-192,6,17,금
2022-06-17,6호선,태릉입구,6204,6732,12936,-528,6,17,금
2022-06-17,6호선,화랑대(서울여대입구),12994,9897,22891,3097,6,17,금
2022-06-17,6호선,봉화산(서울의료원),9686,9028,18714,658,6,17,금
2022-06-17,7호선,장암,2465,1019,3484,1446,6,17,금
2022-06-17,7호선,도봉산,10354,11769,22123,-1415,6,17,금
2022-06-17,7호선,수락산,13927,13603,27530,324,6,17,금
2022-06-17,7호선,마들,14418,13225,27643,1193,6,17,금
2022-06-17,7호선,노원,21590,23553,45143,-1963,6,17,금
2022-06-17,7호선,중계,16170,14498,30668,1672,6,17,금
2022-06-17,7호선,하계,19333,17724,37057,1609,6,17,금
2022-06-17,7호선,공릉(서울과학기술대),13270,12857,26127,413,6,17,금
2022-06-17,7호선,태릉입구,9757,8974,18731,783,6,17,금
2022-06-17,7호선,먹골,11106,10769,21875,337,6,17,금
2022-06-17,7호선,중화,11794,11240,23034,554,6,17,금
2022-06-17,7호선,상봉(시외버스터미널),18844,17811,36655,1033,6,17,금
2022-06-17,7호선,면목,17685,16721,34406,964,6,17,금
2022-06-17,7호선,사가정,17625,17650,35275,-25,6,17,금
2022-06-17,7호선,용마산(용마폭포공원),6742,6205,12947,537,6,17,금
2022-06-17,7호선,중곡,12166,10992,23158,1174,6,17,금
2022-06-17,7호선,군자(능동),16628,13065,29693,3563,6,17,금
2022-06-17,7호선,어린이대공원(세종대),16773,16505,33278,268,6,17,금
2022-06-17,7호선,건대입구,14473,15258,29731,-785,6,17,금
2022-06-17,7호선,뚝섬유원지,10567,10022,20589,545,6,17,금
2022-06-17,7호선,청담,21323,24180,45503,-2857,6,17,금
2022-06-17,7호선,강남구청,17938,20411,38349,-2473,6,17,금
2022-06-17,7호선,학동,25549,27484,53033,-1935,6,17,금
2022-06-17,7호선,논현,20989,23124,44113,-2135,6,17,금
2022-06-17,7호선,반포,6782,6469,13251,313,6,17,금
2022-06-17,7호선,고속터미널,20196,16406,36602,3790,6,17,금
2022-06-17,7호선,내방,16174,16262,32436,-88,6,17,금
2022-06-17,7호선,이수,18446,17766,36212,680,6,17,금
2022-06-17,7호선,남성,12408,11010,23418,1398,6,17,금
2022-06-17,7호선,숭실대입구(살피재),14586,14102,28688,484,6,17,금
2022-06-17,7호선,상도,12695,11967,24662,728,6,17,금
2022-06-17,7호선,장승배기,9971,9508,19479,463,6,17,금
2022-06-17,7호선,신대방삼거리,16986,15909,32895,1077,6,17,금
2022-06-17,7호선,보라매,9094,8867,17961,227,6,17,금
2022-06-17,7호선,신풍,12814,11969,24783,845,6,17,금
2022-06-17,7호선,대림(구로구청),8418,8854,17272,-436,6,17,금
2022-06-17,7호선,남구로,16341,17351,33692,-1010,6,17,금
2022-06-17,7호선,가산디지털단지,47350,47518,94868,-168,6,17,금
2022-06-17,7호선,철산,23690,24198,47888,-508,6,17,금
2022-06-17,7호선,광명사거리,24098,23820,47918,278,6,17,금
2022-06-17,7호선,천왕,12702,11902,24604,800,6,17,금
2022-06-17,7호선,온수(성공회대입구),11882,10892,22774,990,6,17,금
2022-06-17,8호선,암사,20608,17836,38444,2772,6,17,금
2022-06-17,8호선,천호(풍납토성),16094,19031,35125,-2937,6,17,금
2022-06-17,8호선,강동구청,11571,11700,23271,-129,6,17,금
2022-06-17,8호선,몽촌토성(평화의문),6629,7009,13638,-380,6,17,금
2022-06-17,8호선,잠실(송파구청),15493,18733,34226,-3240,6,17,금
2022-06-17,8호선,석촌,8449,9857,18306,-1408,6,17,금
2022-06-17,8호선,송파,9445,9209,18654,236,6,17,금
2022-06-17,8호선,가락시장,8634,9633,18267,-999,6,17,금
2022-06-17,8호선,문정,23595,24767,48362,-1172,6,17,금
2022-06-17,8호선,장지,18972,17871,36843,1101,6,17,금
2022-06-17,8호선,복정,11098,9059,20157,2039,6,17,금
2022-06-17,8호선,산성,5976,5835,11811,141,6,17,금
2022-06-17,8호선,남한산성입구(성남법원.검찰청),16110,14264,30374,1846,6,17,금
2022-06-17,8호선,단대오거리,12260,11445,23705,815,6,17,금
2022-06-17,8호선,신흥,4661,4899,9560,-238,6,17,금
2022-06-17,8호선,수진,5972,5468,11440,504,6,17,금
2022-06-17,8호선,모란,5014,4344,9358,670,6,17,금
2022-06-17,8호선,남위례,6202,6387,12589,-185,6,17,금
2022-06-17,9호선,개화,2960,2022,4982,938,6,17,금
2022-06-17,9호선,김포공항,9039,13940,22979,-4901,6,17,금
2022-06-17,9호선,공항시장,3355,3543,6898,-188,6,17,금
2022-06-17,9호선,신방화,7546,7191,14737,355,6,17,금
2022-06-17,9호선,마곡나루(서울식물원),13669,13740,27409,-71,6,17,금
2022-06-17,9호선,양천향교,10951,10866,21817,85,6,17,금
2022-06-17,9호선,가양,23259,22331,45590,928,6,17,금
2022-06-17,9호선,증미,8088,7632,15720,456,6,17,금
2022-06-17,9호선,등촌,12819,11847,24666,972,6,17,금
2022-06-17,9호선,염창,19600,18317,37917,1283,6,17,금
2022-06-17,9호선,신목동,4848,4054,8902,794,6,17,금
2022-06-17,9호선,선유도,9637,8918,18555,719,6,17,금
2022-06-17,9호선,당산,20930,21010,41940,-80,6,17,금
2022-06-17,9호선,국회의사당,17861,18624,36485,-763,6,17,금
2022-06-17,9호선,여의도,31139,29899,61038,1240,6,17,금
2022-06-17,9호선,샛강,6934,6920,13854,14,6,17,금
2022-06-17,9호선,노량진,28577,27417,55994,1160,6,17,금
2022-06-17,9호선,노들,5586,4697,10283,889,6,17,금
2022-06-17,9호선,흑석(중앙대입구),10026,9958,19984,68,6,17,금
2022-06-17,9호선,동작(현충원),2811,2276,5087,535,6,17,금
2022-06-17,9호선,구반포,1472,1506,2978,-34,6,17,금
2022-06-17,9호선,신반포,4088,4054,8142,34,6,17,금
2022-06-17,9호선,고속터미널,16161,21973,38134,-5812,6,17,금
2022-06-17,9호선,사평,4298,3998,8296,300,6,17,금
2022-06-17,9호선,신논현,35652,36642,72294,-990,6,17,금
2022-06-17,9호선2~3단계,언주,11615,12017,23632,-402,6,17,금
2022-06-17,9호선2~3단계,선정릉,11265,12429,23694,-1164,6,17,금
2022-06-17,9호선2~3단계,삼성중앙,7971,8397,16368,-426,6,17,금
2022-06-17,9호선2~3단계,봉은사,21788,22230,44018,-442,6,17,금
2022-06-17,9호선2~3단계,종합운동장,4813,4918,9731,-105,6,17,금
2022-06-17,9호선2~3단계,삼전,7584,7198,14782,386,6,17,금
2022-06-17,9호선2~3단계,석촌고분,6846,6475,13321,371,6,17,금
2022-06-17,9호선2~3단계,석촌,9981,8713,18694,1268,6,17,금
2022-06-17,9호선2~3단계,송파나루,5629,6095,11724,-466,6,17,금
2022-06-17,9호선2~3단계,한성백제,2900,2552,5452,348,6,17,금
2022-06-17,9호선2~3단계,올림픽공원(한국체대),8594,8706,17300,-112,6,17,금
2022-06-17,9호선2~3단계,둔촌오륜,1357,1221,2578,136,6,17,금
2022-06-17,9호선2~3단계,중앙보훈병원,12146,10599,22745,1547,6,17,금
2022-06-17,경강선,판교,5619,5586,11205,33,6,17,금
2022-06-17,경강선,이매,1266,1051,2317,215,6,17,금
2022-06-17,경강선,삼동,2786,2468,5254,318,6,17,금
2022-06-17,경강선,경기광주,8980,8225,17205,755,6,17,금
2022-06-17,경강선,초월,3802,3469,7271,333,6,17,금
2022-06-17,경강선,곤지암,2617,2549,5166,68,6,17,금
2022-06-17,경강선,신둔도예촌,2033,1679,3712,354,6,17,금
2022-06-17,경강선,이천,3169,3382,6551,-213,6,17,금
2022-06-17,경강선,부발,2911,2309,5220,602,6,17,금
2022-06-17,경강선,세종대왕릉,398,393,791,5,6,17,금
2022-06-17,경강선,여주,2750,2800,5550,-50,6,17,금
2022-06-17,경부선,서울역,9934,3050,12984,6884,6,17,금
2022-06-17,경부선,남영,10436,11122,21558,-686,6,17,금
2022-06-17,경부선,용산,43732,45555,89287,-1823,6,17,금
2022-06-17,경부선,노량진,9634,8961,18595,673,6,17,금
2022-06-17,경부선,대방,12823,13369,26192,-546,6,17,금
2022-06-17,경부선,영등포,44290,47288,91578,-2998,6,17,금
2022-06-17,경부선,신도림,4683,4870,9553,-187,6,17,금
2022-06-17,경부선,신길,10012,8678,18690,1334,6,17,금
2022-06-17,경부선,구로,20668,21837,42505,-1169,6,17,금
2022-06-17,경부선,가산디지털단지,19800,22779,42579,-2979,6,17,금
2022-06-17,경부선,금천구청,13126,12940,26066,186,6,17,금
2022-06-17,경부선,석수,10636,9338,19974,1298,6,17,금
2022-06-17,경부선,관악,8505,7827,16332,678,6,17,금
2022-06-17,경부선,안양,28781,28569,57350,212,6,17,금
2022-06-17,경부선,명학,10683,10371,21054,312,6,17,금
2022-06-17,경부선,금정,30585,30418,61003,167,6,17,금
2022-06-17,경부선,군포,8460,8079,16539,381,6,17,금
2022-06-17,경부선,의왕,10383,10164,20547,219,6,17,금
2022-06-17,경부선,성균관대,16892,16237,33129,655,6,17,금
2022-06-17,경부선,화서,9161,8783,17944,378,6,17,금
2022-06-17,경부선,수원,40640,44943,85583,-4303,6,17,금
2022-06-17,경부선,독산,20422,20678,41100,-256,6,17,금
2022-06-17,경부선,세류,3667,3387,7054,280,6,17,금
2022-06-17,경부선,병점,17513,16987,34500,526,6,17,금
2022-06-17,경부선,세마,3397,3171,6568,226,6,17,금
2022-06-17,경부선,오산대,4477,4044,8521,433,6,17,금
2022-06-18,5호선,마천,5372,5319,10691,53,6,18,토
2022-06-18,5호선,거여,6851,6563,13414,288,6,18,토
2022-06-18,5호선,개롱,4693,4790,9483,-97,6,18,토
2022-06-18,5호선,오금,2427,2220,4647,207,6,18,토
2022-06-18,5호선,방이,5801,5618,11419,183,6,18,토
2022-06-18,5호선,올림픽공원(한국체대),3472,3009,6481,463,6,18,토
2022-06-18,5호선,둔촌동,6362,6305,12667,57,6,18,토
2022-06-18,5호선,상일동,10276,9220,19496,1056,6,18,토
2022-06-18,5호선,고덕,7176,6686,13862,490,6,18,토
2022-06-18,5호선,명일,6813,6594,13407,219,6,18,토
2022-06-18,5호선,굽은다리(강동구민회관앞),7824,7343,15167,481,6,18,토
2022-06-18,5호선,길동,6509,6649,13158,-140,6,18,토
2022-06-18,5호선,강동,14244,13689,27933,555,6,18,토
2022-06-18,5호선,천호(풍납토성),17884,17261,35145,623,6,18,토
2022-06-18,5호선,광나루(장신대),11736,10877,22613,859,6,18,토
2022-06-18,5호선,아차산(어린이대공원후문),13228,12292,25520,936,6,18,토
2022-06-18,5호선,군자(능동),9036,10205,19241,-1169,6,18,토
2022-06-18,5호선,장한평,12067,11646,23713,421,6,18,토
2022-06-18,5호선,답십리,11084,9668,20752,1416,6,18,토
2022-06-18,5호선,마장,4139,3905,8044,234,6,18,토
2022-06-18,5호선,왕십리(성동구청),3632,4724,8356,-1092,6,18,토
2022-06-18,5호선,행당,6008,5106,11114,902,6,18,토
2022-06-18,5호선,신금호,4553,4630,9183,-77,6,18,토
2022-06-18,5호선,청구,2765,2453,5218,312,6,18,토
2022-06-18,5호선,동대문역사문화공원(DDP),1038,1477,2515,-439,6,18,토
2022-06-18,5호선,을지로4가,3626,4179,7805,-553,6,18,토
2022-06-18,5호선,종로3가,14502,15457,29959,-955,6,18,토
2022-06-18,5호선,광화문(세종문화회관),17668,18567,36235,-899,6,18,토
2022-06-18,5호선,서대문,8267,7904,16171,363,6,18,토
2022-06-18,5호선,충정로(경기대입구),2156,1957,4113,199,6,18,토
2022-06-18,5호선,애오개,4043,3923,7966,120,6,18,토
2022-06-18,5호선,공덕,8057,8348,16405,-291,6,18,토
2022-06-18,5호선,마포,8076,8174,16250,-98,6,18,토
2022-06-18,5호선,여의나루,12242,14160,26402,-1918,6,18,토
2022-06-18,5호선,여의도,11989,13344,25333,-1355,6,18,토
2022-06-18,5호선,신길,2951,2937,5888,14,6,18,토
2022-06-18,5호선,영등포시장,9241,9723,18964,-482,6,18,토
2022-06-18,5호선,영등포구청,2169,2142,4311,27,6,18,토
2022-06-18,5호선,양평,4136,3750,7886,386,6,18,토
2022-06-18,5호선,오목교(목동운동장앞),17449,18018,35467,-569,6,18,토
2022-06-18,5호선,목동,12874,12651,25525,223,6,18,토
2022-06-18,5호선,신정(은행정),9911,8326,18237,1585,6,18,토
2022-06-18,5호선,까치산,23032,20907,43939,2125,6,18,토
2022-06-18,5호선,화곡,22018,19584,41602,2434,6,18,토
2022-06-18,5호선,우장산,10860,10374,21234,486,6,18,토
2022-06-18,5호선,발산,14965,16473,31438,-1508,6,18,토
2022-06-18,5호선,마곡,6126,6134,12260,-8,6,18,토
2022-06-18,5호선,송정,5537,5140,10677,397,6,18,토
2022-06-18,5호선,김포공항,8006,8433,16439,-427,6,18,토
2022-06-18,5호선,개화산,4163,3864,8027,299,6,18,토
2022-06-18,5호선,방화,5038,4809,9847,229,6,18,토
2022-06-18,4호선,남태령,1262,758,2020,504,6,18,토
2022-06-18,4호선,사당,25362,22783,48145,2579,6,18,토
2022-06-18,4호선,총신대입구(이수),15573,16895,32468,-1322,6,18,토
2022-06-18,4호선,동작(현충원),1547,1710,3257,-163,6,18,토
2022-06-18,4호선,이촌(국립중앙박물관),9557,9915,19472,-358,6,18,토
2022-06-18,경춘선,백양리,141,120,261,21,6,18,토
2022-06-18,경춘선,강촌,725,875,1600,-150,6,18,토
2022-06-18,경춘선,김유정,632,752,1384,-120,6,18,토
2022-06-18,경춘선,남춘천,3384,3749,7133,-365,6,18,토
2022-06-18,경춘선,춘천,2373,2085,4458,288,6,18,토
2022-06-18,공항철도 1호선,서울역,10034,9679,19713,355,6,18,토
2022-06-18,공항철도 1호선,공덕,1806,2809,4615,-1003,6,18,토
2022-06-18,공항철도 1호선,홍대입구,13765,14602,28367,-837,6,18,토
2022-06-18,공항철도 1호선,디지털미디어시티,6228,5630,11858,598,6,18,토
2022-06-18,공항철도 1호선,마곡나루(서울식물원),3808,4105,7913,-297,6,18,토
2022-06-18,공항철도 1호선,김포공항,12269,6047,18316,6222,6,18,토
2022-06-18,공항철도 1호선,계양,8468,7441,15909,1027,6,18,토
2022-06-18,공항철도 1호선,검암,5201,5166,10367,35,6,18,토
2022-06-18,공항철도 1호선,청라국제도시,5311,4944,10255,367,6,18,토
2022-06-18,공항철도 1호선,운서,7225,7432,14657,-207,6,18,토
2022-06-18,공항철도 1호선,공항화물청사,1394,1393,2787,1,6,18,토
2022-06-18,공항철도 1호선,인천공항1터미널,7081,6734,13815,347,6,18,토
2022-06-18,공항철도 1호선,인천공항2터미널,3325,2904,6229,421,6,18,토
2022-06-18,공항철도 1호선,영종,3557,3572,7129,-15,6,18,토
2022-06-18,과천선,선바위,6436,5421,11857,1015,6,18,토
2022-06-18,과천선,경마공원,12996,13328,26324,-332,6,18,토
2022-06-18,과천선,대공원,6467,6883,13350,-416,6,18,토
2022-06-18,과천선,과천,5567,4867,10434,700,6,18,토
2022-06-18,과천선,정부과천청사,6846,6594,13440,252,6,18,토
2022-06-18,과천선,인덕원,19291,18752,38043,539,6,18,토
2022-06-18,과천선,평촌,10631,10430,21061,201,6,18,토
2022-06-18,과천선,범계,23593,23373,46966,220,6,18,토
2022-06-18,분당선,선릉,5988,8994,14982,-3006,6,18,토
2022-06-18,분당선,한티,12330,11922,24252,408,6,18,토
2022-06-18,분당선,도곡,5511,4859,10370,652,6,18,토
2022-06-18,1호선,서울역,40159,40128,80287,31,6,18,토
2022-06-18,1호선,시청,13371,13902,27273,-531,6,18,토
2022-06-18,1호선,종각,21874,21405,43279,469,6,18,토
2022-06-18,1호선,종로3가,27223,25237,52460,1986,6,18,토
2022-06-18,1호선,종로5가,20483,20985,41468,-502,6,18,토
2022-06-18,1호선,동대문,10911,10979,21890,-68,6,18,토
2022-06-18,1호선,신설동,10361,9112,19473,1249,6,18,토
2022-06-18,1호선,제기동,16429,16751,33180,-322,6,18,토
2022-06-18,1호선,청량리(서울시립대입구),19843,20360,40203,-517,6,18,토
2022-06-18,1호선,동묘앞,11137,11616,22753,-479,6,18,토
2022-06-18,2호선,시청,10435,9431,19866,1004,6,18,토
2022-06-18,2호선,을지로입구,23111,23470,46581,-359,6,18,토
2022-06-18,2호선,을지로3가,13237,13606,26843,-369,6,18,토
2022-06-18,2호선,을지로4가,8103,8695,16798,-592,6,18,토
2022-06-18,2호선,동대문역사문화공원(DDP),11948,13809,25757,-1861,6,18,토
2022-06-18,2호선,상왕십리,10627,9782,20409,845,6,18,토
2022-06-18,2호선,왕십리(성동구청),14437,12794,27231,1643,6,18,토
2022-06-18,2호선,한양대,5269,5548,10817,-279,6,18,토
2022-06-18,2호선,뚝섬,17176,17835,35011,-659,6,18,토
2022-06-18,2호선,성수,21455,24981,46436,-3526,6,18,토
2022-06-18,2호선,건대입구,35859,40157,76016,-4298,6,18,토
2022-06-18,2호선,구의(광진구청),17729,17038,34767,691,6,18,토
2022-06-18,2호선,강변(동서울터미널),32400,31828,64228,572,6,18,토
2022-06-18,2호선,잠실나루,8397,8225,16622,172,6,18,토
2022-06-18,2호선,잠실(송파구청),73311,68994,142305,4317,6,18,토
2022-06-18,2호선,잠실새내,19572,21017,40589,-1445,6,18,토
2022-06-18,2호선,종합운동장,34988,37407,72395,-2419,6,18,토
2022-06-18,2호선,삼성(무역센터),35887,36178,72065,-291,6,18,토
2022-06-18,2호선,선릉,26882,23812,50694,3070,6,18,토
2022-06-18,2호선,역삼,20168,22317,42485,-2149,6,18,토
2022-06-18,2호선,강남,63337,64164,127501,-827,6,18,토
2022-06-18,2호선,교대(법원.검찰청),19134,21725,40859,-2591,6,18,토
2022-06-18,2호선,서초,12891,10732,23623,2159,6,18,토
2022-06-18,2호선,방배,10990,11300,22290,-310,6,18,토
2022-06-18,2호선,사당,38150,42679,80829,-4529,6,18,토
2022-06-18,2호선,낙성대(강감찬),23412,21107,44519,2305,6,18,토
2022-06-18,2호선,서울대입구(관악구청),39435,37780,77215,1655,6,18,토
2022-06-18,2호선,봉천,18679,16671,35350,2008,6,18,토
2022-06-18,2호선,신림,51392,48889,100281,2503,6,18,토
2022-06-18,2호선,신대방,21693,19948,41641,1745,6,18,토
2022-06-18,2호선,구로디지털단지,37463,36120,73583,1343,6,18,토
2022-06-18,2호선,대림(구로구청),19953,20698,40651,-745,6,18,토
2022-06-18,2호선,신도림,45068,46263,91331,-1195,6,18,토
2022-06-18,2호선,문래,14116,15260,29376,-1144,6,18,토
2022-06-18,2호선,영등포구청,14310,15168,29478,-858,6,18,토
2022-06-18,2호선,당산,14061,15195,29256,-1134,6,18,토
2022-06-18,2호선,합정,30250,34911,65161,-4661,6,18,토
2022-06-18,2호선,홍대입구,68904,79076,147980,-10172,6,18,토
2022-06-18,2호선,신촌,32764,33406,66170,-642,6,18,토
2022-06-18,2호선,이대,10888,11286,22174,-398,6,18,토
2022-06-18,2호선,아현,8385,7503,15888,882,6,18,토
2022-06-18,2호선,충정로(경기대입구),6309,6692,13001,-383,6,18,토
2022-06-18,2호선,용답,2258,2064,4322,194,6,18,토
2022-06-18,2호선,신답,1110,1136,2246,-26,6,18,토
2022-06-18,2호선,신설동,3495,3497,6992,-2,6,18,토
2022-06-18,2호선,도림천,820,861,1681,-41,6,18,토
2022-06-18,2호선,양천구청,5077,4992,10069,85,6,18,토
2022-06-18,2호선,신정네거리,8300,8121,16421,179,6,18,토
2022-06-18,2호선,용두(동대문구청),1869,1716,3585,153,6,18,토
2022-06-18,3호선,지축,4209,3827,8036,382,6,18,토
2022-06-18,3호선,구파발,17494,17669,35163,-175,6,18,토
2022-06-18,3호선,연신내,31108,28917,60025,2191,6,18,토
2022-06-18,3호선,불광,13727,15594,29321,-1867,6,18,토
2022-06-18,3호선,녹번,11633,9790,21423,1843,6,18,토
2022-06-18,3호선,홍제,14828,13646,28474,1182,6,18,토
2022-06-18,3호선,무악재,2963,2965,5928,-2,6,18,토
2022-06-18,3호선,독립문,6389,6839,13228,-450,6,18,토
2022-06-18,3호선,경복궁(정부서울청사),23101,27129,50230,-4028,6,18,토
2022-06-18,3호선,안국,19516,20868,40384,-1352,6,18,토
2022-06-18,3호선,종로3가,6848,10350,17198,-3502,6,18,토
2022-06-18,3호선,을지로3가,6020,6490,12510,-470,6,18,토
2022-06-18,3호선,충무로,2,0,2,2,6,18,토
2022-06-18,3호선,동대입구,8897,10651,19548,-1754,6,18,토
2022-06-18,3호선,약수,9898,9400,19298,498,6,18,토
2022-06-18,3호선,금호,6442,5634,12076,808,6,18,토
2022-06-18,3호선,옥수,8172,8264,16436,-92,6,18,토
2022-06-18,3호선,압구정,26474,28214,54688,-1740,6,18,토
2022-06-18,3호선,신사,25401,27221,52622,-1820,6,18,토
2022-06-18,3호선,잠원,3883,3680,7563,203,6,18,토
2022-06-18,3호선,고속터미널,54974,55454,110428,-480,6,18,토
2022-06-18,3호선,교대(법원.검찰청),8228,5009,13237,3219,6,18,토
2022-06-18,3호선,남부터미널(예술의전당),23449,22689,46138,760,6,18,토
2022-06-18,3호선,양재(서초구청),23085,25038,48123,-1953,6,18,토
2022-06-18,3호선,매봉,7091,6831,13922,260,6,18,토
2022-06-18,3호선,도곡,4198,4266,8464,-68,6,18,토
2022-06-18,3호선,대치,9610,8679,18289,931,6,18,토
2022-06-18,3호선,학여울,2438,2695,5133,-257,6,18,토
2022-06-18,3호선,대청,6714,6048,12762,666,6,18,토
2022-06-18,3호선,일원,5945,5544,11489,401,6,18,토
2022-06-18,3호선,수서,15038,14920,29958,118,6,18,토
2022-06-18,3호선,가락시장,6839,6536,13375,303,6,18,토
2022-06-18,3호선,경찰병원,4388,4221,8609,167,6,18,토
2022-06-18,3호선,오금,4412,4075,8487,337,6,18,토
2022-06-18,4호선,당고개,7772,7097,14869,675,6,18,토
2022-06-18,4호선,상계,15268,13970,29238,1298,6,18,토
2022-06-18,4호선,노원,17007,19256,36263,-2249,6,18,토
2022-06-18,4호선,창동,21915,22609,44524,-694,6,18,토
2022-06-18,4호선,쌍문,23326,20752,44078,2574,6,18,토
2022-06-18,4호선,수유(강북구청),28615,27915,56530,700,6,18,토
2022-06-18,4호선,미아(서울사이버대학),12134,11108,23242,1026,6,18,토
2022-06-18,4호선,미아사거리,23862,22634,46496,1228,6,18,토
2022-06-18,4호선,길음,16867,15417,32284,1450,6,18,토
2022-06-18,4호선,성신여대입구(돈암),17805,16606,34411,1199,6,18,토
2022-06-18,4호선,한성대입구(삼선교),11469,11095,22564,374,6,18,토
2022-06-18,4호선,혜화,31148,32819,63967,-1671,6,18,토
2022-06-18,4호선,동대문,14793,15348,30141,-555,6,18,토
2022-06-18,4호선,동대문역사문화공원(DDP),13087,11713,24800,1374,6,18,토
2022-06-18,4호선,충무로,15017,17022,32039,-2005,6,18,토
2022-06-18,4호선,명동,16926,19606,36532,-2680,6,18,토
2022-06-18,4호선,회현(남대문시장),19510,20897,40407,-1387,6,18,토
2022-06-18,4호선,서울역,6717,17141,23858,-10424,6,18,토
2022-06-18,4호선,숙대입구(갈월),11461,10502,21963,959,6,18,토
2022-06-18,4호선,삼각지,4819,6433,11252,-1614,6,18,토
2022-06-18,4호선,신용산,12970,14536,27506,-1566,6,18,토
2022-06-18,2호선,신당,12168,12720,24888,-552,6,18,토
2022-06-18,경부선,남영,6934,6820,13754,114,6,18,토
2022-06-18,경부선,서울역,10051,2351,12402,7700,6,18,토
2022-06-18,경강선,여주,2946,3226,6172,-280,6,18,토
2022-06-18,경강선,세종대왕릉,411,480,891,-69,6,18,토
2022-06-18,경강선,부발,2371,1973,4344,398,6,18,토
2022-06-18,경강선,이천,3225,3311,6536,-86,6,18,토
2022-06-18,경강선,신둔도예촌,1430,1399,2829,31,6,18,토
2022-06-18,경강선,곤지암,2257,2317,4574,-60,6,18,토
2022-06-18,경강선,초월,2613,2364,4977,249,6,18,토
2022-06-18,경강선,경기광주,6519,5890,12409,629,6,18,토
2022-06-18,경강선,삼동,1713,1543,3256,170,6,18,토
2022-06-18,경강선,이매,1048,816,1864,232,6,18,토
2022-06-18,경강선,판교,3507,3426,6933,81,6,18,토
2022-06-18,9호선2~3단계,중앙보훈병원,5465,5044,10509,421,6,18,토
2022-06-18,9호선2~3단계,둔촌오륜,650,663,1313,-13,6,18,토
2022-06-18,9호선2~3단계,올림픽공원(한국체대),6339,6474,12813,-135,6,18,토
2022-06-18,9호선2~3단계,한성백제,2122,1828,3950,294,6,18,토
2022-06-18,9호선2~3단계,송파나루,4618,5338,9956,-720,6,18,토
2022-06-18,9호선2~3단계,석촌,7641,6185,13826,1456,6,18,토
2022-06-18,9호선2~3단계,석촌고분,4776,4409,9185,367,6,18,토
2022-06-18,9호선2~3단계,삼전,5359,4833,10192,526,6,18,토
2022-06-18,9호선2~3단계,종합운동장,4788,4714,9502,74,6,18,토
2022-06-18,9호선2~3단계,봉은사,14529,16294,30823,-1765,6,18,토
2022-06-18,9호선2~3단계,삼성중앙,3384,3647,7031,-263,6,18,토
2022-06-18,9호선2~3단계,선정릉,5372,6274,11646,-902,6,18,토
2022-06-18,9호선2~3단계,언주,6886,6894,13780,-8,6,18,토
2022-06-18,9호선,신논현,27142,27740,54882,-598,6,18,토
2022-06-18,9호선,사평,2800,2534,5334,266,6,18,토
2022-06-18,9호선,고속터미널,15840,23032,38872,-7192,6,18,토
2022-06-18,9호선,신반포,3279,3275,6554,4,6,18,토
2022-06-18,9호선,구반포,1097,1147,2244,-50,6,18,토
2022-06-18,9호선,동작(현충원),1892,1638,3530,254,6,18,토
2022-06-18,9호선,흑석(중앙대입구),6273,6189,12462,84,6,18,토
2022-06-18,9호선,노들,4332,3675,8007,657,6,18,토
2022-06-18,9호선,노량진,21800,21403,43203,397,6,18,토
2022-06-18,9호선,샛강,3159,2925,6084,234,6,18,토
2022-06-18,9호선,여의도,13701,13176,26877,525,6,18,토
2022-06-18,9호선,국회의사당,5153,5421,10574,-268,6,18,토
2022-06-18,9호선,당산,14785,13830,28615,955,6,18,토
2022-06-18,9호선,선유도,4257,3982,8239,275,6,18,토
2022-06-18,9호선,신목동,2815,2251,5066,564,6,18,토
2022-06-18,9호선,염창,13590,12195,25785,1395,6,18,토
2022-06-18,9호선,등촌,8031,7397,15428,634,6,18,토
2022-06-18,9호선,증미,4292,3911,8203,381,6,18,토
2022-06-18,9호선,가양,15513,14800,30313,713,6,18,토
2022-06-18,9호선,양천향교,6462,5955,12417,507,6,18,토
2022-06-18,9호선,마곡나루(서울식물원),9016,9229,18245,-213,6,18,토
2022-06-18,9호선,신방화,5245,4786,10031,459,6,18,토
2022-06-18,9호선,공항시장,2530,2588,5118,-58,6,18,토
2022-06-18,9호선,김포공항,8869,13311,22180,-4442,6,18,토
2022-06-18,9호선,개화,1612,1292,2904,320,6,18,토
2022-06-18,8호선,남위례,4009,4203,8212,-194,6,18,토
2022-06-18,8호선,모란,4139,3579,7718,560,6,18,토
2022-06-18,8호선,수진,4696,4115,8811,581,6,18,토
2022-06-18,8호선,신흥,3810,3980,7790,-170,6,18,토
2022-06-18,8호선,단대오거리,8204,7661,15865,543,6,18,토
2022-06-18,8호선,남한산성입구(성남법원.검찰청),10061,8732,18793,1329,6,18,토
2022-06-18,8호선,산성,4661,4601,9262,60,6,18,토
2022-06-18,8호선,복정,6888,5670,12558,1218,6,18,토
2022-06-18,8호선,장지,12758,11614,24372,1144,6,18,토
2022-06-18,8호선,문정,9410,9523,18933,-113,6,18,토
2022-06-18,8호선,가락시장,5660,5893,11553,-233,6,18,토
2022-06-18,8호선,송파,6257,5893,12150,364,6,18,토
2022-06-18,8호선,석촌,5934,7585,13519,-1651,6,18,토
2022-06-18,8호선,잠실(송파구청),13735,16522,30257,-2787,6,18,토
2022-06-18,8호선,몽촌토성(평화의문),4710,4808,9518,-98,6,18,토
2022-06-18,8호선,강동구청,6695,6587,13282,108,6,18,토
2022-06-18,8호선,천호(풍납토성),12735,14683,27418,-1948,6,18,토
2022-06-18,8호선,암사,13161,11692,24853,1469,6,18,토
2022-06-18,7호선,온수(성공회대입구),6173,6038,12211,135,6,18,토
2022-06-18,7호선,천왕,7655,7118,14773,537,6,18,토
2022-06-18,7호선,광명사거리,18222,18053,36275,169,6,18,토
2022-06-18,7호선,철산,16708,16753,33461,-45,6,18,토
2022-06-18,7호선,가산디지털단지,15548,13981,29529,1567,6,18,토
2022-06-18,7호선,남구로,8859,8996,17855,-137,6,18,토
2022-06-18,7호선,대림(구로구청),7849,8309,16158,-460,6,18,토
2022-06-18,7호선,신풍,8967,8613,17580,354,6,18,토
2022-06-18,7호선,보라매,6039,5762,11801,277,6,18,토
2022-06-18,7호선,신대방삼거리,11696,10674,22370,1022,6,18,토
2022-06-18,7호선,장승배기,7001,6666,13667,335,6,18,토
2022-06-18,7호선,상도,8396,7617,16013,779,6,18,토
2022-06-18,7호선,숭실대입구(살피재),9490,9082,18572,408,6,18,토
2022-06-18,7호선,남성,8421,7473,15894,948,6,18,토
2022-06-18,7호선,이수,13901,13214,27115,687,6,18,토
2022-06-18,7호선,내방,8509,8474,16983,35,6,18,토
2022-06-18,7호선,고속터미널,17693,13170,30863,4523,6,18,토
2022-06-18,7호선,반포,5024,4812,9836,212,6,18,토
2022-06-18,7호선,논현,10746,11494,22240,-748,6,18,토
2022-06-18,7호선,학동,11283,11982,23265,-699,6,18,토
2022-06-18,7호선,강남구청,10771,12145,22916,-1374,6,18,토
2022-06-18,7호선,청담,12389,13441,25830,-1052,6,18,토
2022-06-18,7호선,뚝섬유원지,9520,8828,18348,692,6,18,토
2022-06-18,7호선,건대입구,11934,12888,24822,-954,6,18,토
2022-06-18,7호선,어린이대공원(세종대),11016,10797,21813,219,6,18,토
2022-06-18,7호선,군자(능동),11780,8811,20591,2969,6,18,토
2022-06-18,7호선,중곡,7749,6997,14746,752,6,18,토
2022-06-18,7호선,용마산(용마폭포공원),4669,4689,9358,-20,6,18,토
2022-06-18,7호선,사가정,13252,12687,25939,565,6,18,토
2022-06-18,7호선,면목,12241,11114,23355,1127,6,18,토
2022-06-18,7호선,상봉(시외버스터미널),14296,13388,27684,908,6,18,토
2022-06-18,7호선,중화,8049,7623,15672,426,6,18,토
2022-06-18,7호선,먹골,8057,7617,15674,440,6,18,토
2022-06-18,7호선,태릉입구,7425,6877,14302,548,6,18,토
2022-06-18,7호선,공릉(서울과학기술대),9406,9161,18567,245,6,18,토
2022-06-18,7호선,하계,13360,12034,25394,1326,6,18,토
2022-06-18,분당선,구룡,1485,1323,2808,162,6,18,토
2022-06-18,분당선,개포동,2903,2748,5651,155,6,18,토
2022-06-18,분당선,대모산입구,3383,3036,6419,347,6,18,토
2022-06-18,분당선,수서,11680,12082,23762,-402,6,18,토
2022-06-18,분당선,수원,8272,7068,15340,1204,6,18,토
2022-06-18,분당선,서울숲,10075,10418,20493,-343,6,18,토
2022-06-18,분당선,압구정로데오,19161,23757,42918,-4596,6,18,토
2022-06-18,분당선,강남구청,5505,6723,12228,-1218,6,18,토
2022-06-18,분당선,선정릉,3790,3798,7588,-8,6,18,토
2022-06-18,분당선,가천대,6124,6375,12499,-251,6,18,토
2022-06-18,분당선,태평,11581,10577,22158,1004,6,18,토
2022-06-18,분당선,모란,17293,17985,35278,-692,6,18,토
2022-06-18,분당선,야탑,20935,22064,42999,-1129,6,18,토
2022-06-18,분당선,서현,20313,20608,40921,-295,6,18,토
2022-06-18,분당선,수내,9925,8902,18827,1023,6,18,토
2022-06-18,분당선,정자,11936,12301,24237,-365,6,18,토
2022-06-18,분당선,미금,11668,12074,23742,-406,6,18,토
2022-06-18,분당선,오리,8632,7243,15875,1389,6,18,토
2022-06-18,분당선,이매,4789,4570,9359,219,6,18,토
2022-06-18,분당선,보정,1911,1725,3636,186,6,18,토
2022-06-18,분당선,죽전,11227,12424,23651,-1197,6,18,토
2022-06-18,분당선,구성,4028,4082,8110,-54,6,18,토
2022-06-18,분당선,신갈,3176,3038,6214,138,6,18,토
2022-06-18,분당선,기흥,7622,7015,14637,607,6,18,토
2022-06-18,분당선,상갈,4204,4187,8391,17,6,18,토
2022-06-18,분당선,청명,3291,3203,6494,88,6,18,토
2022-06-18,분당선,영통,7341,7237,14578,104,6,18,토
2022-06-18,분당선,망포,10887,9638,20525,1249,6,18,토
2022-06-18,분당선,매탄권선,4260,3751,8011,509,6,18,토
2022-06-18,분당선,수원시청,12488,14542,27030,-2054,6,18,토
2022-06-18,분당선,매교,2252,2251,4503,1,6,18,토
2022-06-18,수인선,고색,3038,2847,5885,191,6,18,토
2022-06-18,수인선,오목천,2683,2277,4960,406,6,18,토
2022-06-18,수인선,어천,917,778,1695,139,6,18,토
2022-06-18,수인선,야목,321,255,576,66,6,18,토
2022-06-18,수인선,사리,4066,3433,7499,633,6,18,토
2022-06-18,수인선,달월,79,85,164,-6,6,18,토
2022-06-18,수인선,월곶,2441,2374,4815,67,6,18,토
2022-06-18,수인선,소래포구,7144,7136,14280,8,6,18,토
2022-06-18,수인선,인천논현,4753,5000,9753,-247,6,18,토
2022-06-18,수인선,호구포,3035,2886,5921,149,6,18,토
2022-06-18,수인선,남동인더스파크,1105,982,2087,123,6,18,토
2022-06-18,수인선,원인재,4070,4219,8289,-149,6,18,토
2022-06-18,수인선,연수,4589,4623,9212,-34,6,18,토
2022-06-18,수인선,송도,2241,2192,4433,49,6,18,토
2022-06-18,수인선,인하대,5155,4696,9851,459,6,18,토
2022-06-18,수인선,숭의,3045,2794,5839,251,6,18,토
2022-06-18,수인선,신포,1644,1765,3409,-121,6,18,토
2022-06-18,수인선,인천,1227,2166,3393,-939,6,18,토
2022-06-18,신림선,샛강,1255,1824,3079,-569,6,18,토
2022-06-18,신림선,대방,1907,1074,2981,833,6,18,토
2022-06-18,안산선,상록수,14010,13497,27507,513,6,18,토
2022-06-18,안산선,한대앞,8352,8118,16470,234,6,18,토
2022-06-18,안산선,중앙,17700,18851,36551,-1151,6,18,토
2022-06-18,안산선,고잔,7477,7342,14819,135,6,18,토
2022-06-18,신림선,서울지방병무청,1651,1704,3355,-53,6,18,토
2022-06-18,신림선,보라매,2274,2035,4309,239,6,18,토
2022-06-18,신림선,보라매공원,1379,1416,2795,-37,6,18,토
2022-06-18,신림선,보라매병원,2824,2892,5716,-68,6,18,토
2022-06-18,신림선,당곡,2796,2565,5361,231,6,18,토
2022-06-18,신림선,신림,1621,1848,3469,-227,6,18,토
2022-06-18,신림선,서원,2253,1788,4041,465,6,18,토
2022-06-18,신림선,서울대벤처타운,5859,5178,11037,681,6,18,토
2022-06-18,신림선,관악산(서울대),3894,4182,8076,-288,6,18,토
2022-06-18,안산선,산본,13969,15104,29073,-1135,6,18,토
2022-06-18,안산선,대야미,4579,4117,8696,462,6,18,토
2022-06-18,안산선,반월,3872,3606,7478,266,6,18,토
2022-06-18,안산선,초지,4043,3877,7920,166,6,18,토
2022-06-18,안산선,안산,10615,10857,21472,-242,6,18,토
2022-06-18,안산선,신길온천,1716,1557,3273,159,6,18,토
2022-06-18,안산선,정왕,7561,7438,14999,123,6,18,토
2022-06-18,안산선,오이도,8469,8693,17162,-224,6,18,토
2022-06-18,안산선,수리산,3280,2922,6202,358,6,18,토
2022-06-18,우이신설선,북한산우이,3683,3917,7600,-234,6,18,토
2022-06-18,우이신설선,솔밭공원,2032,1873,3905,159,6,18,토
2022-06-18,우이신설선,4.19민주묘지,2585,2199,4784,386,6,18,토
2022-06-18,우이신설선,가오리,3340,3029,6369,311,6,18,토
2022-06-18,우이신설선,화계,2651,2395,5046,256,6,18,토
2022-06-18,우이신설선,삼양,1645,1612,3257,33,6,18,토
2022-06-18,우이신설선,삼양사거리,2062,1961,4023,101,6,18,토
2022-06-18,우이신설선,솔샘,4338,3736,8074,602,6,18,토
2022-06-18,우이신설선,북한산보국문,5313,4584,9897,729,6,18,토
2022-06-18,우이신설선,정릉,4140,3274,7414,866,6,18,토
2022-06-18,우이신설선,성신여대입구(돈암),2883,3478,6361,-595,6,18,토
2022-06-18,우이신설선,보문,1193,1126,2319,67,6,18,토
2022-06-18,우이신설선,신설동,1518,1477,2995,41,6,18,토
2022-06-18,일산선,원흥,8665,8048,16713,617,6,18,토
2022-06-18,일산선,삼송,16015,14984,30999,1031,6,18,토
2022-06-18,일산선,원당,9374,8478,17852,896,6,18,토
2022-06-18,일산선,화정,14099,14266,28365,-167,6,18,토
2022-06-18,일산선,대곡,1657,1336,2993,321,6,18,토
2022-06-18,일산선,백석,8344,8422,16766,-78,6,18,토
2022-06-18,일산선,마두,5619,5549,11168,70,6,18,토
2022-06-18,일산선,정발산,7125,7670,14795,-545,6,18,토
2022-06-18,일산선,주엽,7562,7326,14888,236,6,18,토
2022-06-18,일산선,대화,9862,8550,18412,1312,6,18,토
2022-06-18,장항선,봉명,984,874,1858,110,6,18,토
2022-06-18,장항선,쌍용(나사렛대),2104,1808,3912,296,6,18,토
2022-06-18,장항선,아산,4004,3916,7920,88,6,18,토
2022-06-18,장항선,탕정,902,802,1704,100,6,18,토
2022-06-18,장항선,배방,1316,1169,2485,147,6,18,토
2022-06-18,장항선,온양온천,4624,4735,9359,-111,6,18,토
2022-06-18,장항선,신창(순천향대),1368,1218,2586,150,6,18,토
2022-06-18,중앙선,회기,22291,20743,43034,1548,6,18,토
2022-06-18,중앙선,중랑,4916,4671,9587,245,6,18,토
2022-06-18,중앙선,상봉(시외버스터미널),5501,5417,10918,84,6,18,토
2022-06-18,중앙선,망우,7563,7199,14762,364,6,18,토
2022-06-18,중앙선,양원,2228,2176,4404,52,6,18,토
2022-06-18,중앙선,구리,11583,11891,23474,-308,6,18,토
2022-06-18,중앙선,도농,8378,7795,16173,583,6,18,토
2022-06-18,중앙선,양정,678,546,1224,132,6,18,토
2022-06-18,중앙선,덕소,4921,4834,9755,87,6,18,토
2022-06-18,중앙선,도심,1896,1601,3497,295,6,18,토
2022-06-18,중앙선,팔당,1482,1632,3114,-150,6,18,토
2022-06-18,중앙선,운길산,1456,1471,2927,-15,6,18,토
2022-06-18,중앙선,양수,2490,2477,4967,13,6,18,토
2022-06-18,중앙선,신원,288,250,538,38,6,18,토
2022-06-18,중앙선,국수,759,784,1543,-25,6,18,토
2022-06-18,중앙선,아신,684,788,1472,-104,6,18,토
2022-06-18,중앙선,오빈,354,416,770,-62,6,18,토
2022-06-18,중앙선,양평,4454,4615,9069,-161,6,18,토
2022-06-18,중앙선,원덕,481,578,1059,-97,6,18,토
2022-06-18,중앙선,용문,2554,2947,5501,-393,6,18,토
2022-06-18,중앙선,지평,85,97,182,-12,6,18,토
2022-06-18,경춘선,굴봉산,208,203,411,5,6,18,토
2022-06-18,경춘선,가평,2665,3452,6117,-787,6,18,토
2022-06-18,경춘선,상천,513,483,996,30,6,18,토
2022-06-18,경춘선,청평,2161,2410,4571,-249,6,18,토
2022-06-18,경춘선,대성리,1661,1682,3343,-21,6,18,토
2022-06-18,경춘선,마석,4078,4051,8129,27,6,18,토
2022-06-18,경춘선,천마산,1570,1464,3034,106,6,18,토
2022-06-18,경춘선,평내호평,5420,5195,10615,225,6,18,토
2022-06-18,경춘선,금곡,1368,1252,2620,116,6,18,토
2022-06-18,경춘선,사릉,1998,1866,3864,132,6,18,토
2022-06-18,경춘선,퇴계원,2933,2569,5502,364,6,18,토
2022-06-18,경춘선,별내,2673,2462,5135,211,6,18,토
2022-06-18,경춘선,갈매,2173,1821,3994,352,6,18,토
2022-06-18,경춘선,신내,1479,1331,2810,148,6,18,토
2022-06-18,경인선,도화,3619,3342,6961,277,6,18,토
2022-06-18,경인선,중동,7412,6823,14235,589,6,18,토
2022-06-18,경인선,온수(성공회대입구),5530,4967,10497,563,6,18,토
2022-06-18,경인선,도원,2538,2473,5011,65,6,18,토
2022-06-18,경인선,간석,5072,4690,9762,382,6,18,토
2022-06-18,경인선,부개,7234,6525,13759,709,6,18,토
2022-06-18,경인선,소사,8464,8136,16600,328,6,18,토
2022-06-18,경인선,구일,8666,8560,17226,106,6,18,토
2022-06-18,경인선,인천,5285,4385,9670,900,6,18,토
2022-06-18,경인선,동인천,13260,12841,26101,419,6,18,토
2022-06-18,경인선,제물포,8478,7936,16414,542,6,18,토
2022-06-18,경인선,주안,18241,15908,34149,2333,6,18,토
2022-06-18,경인선,동암,14416,14360,28776,56,6,18,토
2022-06-18,경인선,백운,6105,5972,12077,133,6,18,토
2022-06-18,경인선,부평,30640,34380,65020,-3740,6,18,토
2022-06-18,경인선,송내,21032,20219,41251,813,6,18,토
2022-06-18,경인선,부천,30882,32243,63125,-1361,6,18,토
2022-06-18,경인선,역곡,22239,21379,43618,860,6,18,토
2022-06-18,경인선,오류동,10002,8974,18976,1028,6,18,토
2022-06-18,경인선,개봉,18175,17205,35380,970,6,18,토
2022-06-18,경의선,임진강,59,49,108,10,6,18,토
2022-06-18,경의선,문산,5886,5230,11116,656,6,18,토
2022-06-18,경의선,파주,1049,670,1719,379,6,18,토
2022-06-18,경의선,월롱,2093,1737,3830,356,6,18,토
2022-06-18,경의선,금촌,6447,5911,12358,536,6,18,토
2022-06-18,경의선,금릉,4249,3979,8228,270,6,18,토
2022-06-18,경의선,운정,5694,5151,10845,543,6,18,토
2022-06-18,경의선,야당,7354,7525,14879,-171,6,18,토
2022-06-18,경의선,탄현,6339,5716,12055,623,6,18,토
2022-06-18,경의선,일산,8277,7826,16103,451,6,18,토
2022-06-18,경의선,풍산,5054,4821,9875,233,6,18,토
2022-06-18,경의선,백마,5244,4773,10017,471,6,18,토
2022-06-18,경의선,곡산,514,555,1069,-41,6,18,토
2022-06-18,경의선,능곡,3106,3135,6241,-29,6,18,토
2022-06-18,경의선,행신,6299,6349,12648,-50,6,18,토
2022-06-18,경의선,강매,2290,2057,4347,233,6,18,토
2022-06-18,경의선,화전,1287,1148,2435,139,6,18,토
2022-06-18,경의선,수색,1566,1541,3107,25,6,18,토
2022-06-18,경의선,디지털미디어시티,2417,2088,4505,329,6,18,토
2022-06-18,경의선,가좌,4580,4256,8836,324,6,18,토
2022-06-18,경의선,홍대입구,2227,2854,5081,-627,6,18,토
2022-06-18,경의선,서강대,1946,1828,3774,118,6,18,토
2022-06-18,경의선,공덕,3036,2346,5382,690,6,18,토
2022-06-18,경의선,효창공원앞,1878,2120,3998,-242,6,18,토
2022-06-18,경의선,신촌,392,482,874,-90,6,18,토
2022-06-18,경의선,서울역,1672,1896,3568,-224,6,18,토
2022-06-18,경원선,소요산,4649,4096,8745,553,6,18,토
2022-06-18,경원선,동두천,1822,2172,3994,-350,6,18,토
2022-06-18,경원선,보산,2079,1930,4009,149,6,18,토
2022-06-18,경원선,동두천중앙,3047,3018,6065,29,6,18,토
2022-06-18,경원선,지행,6590,6363,12953,227,6,18,토
2022-06-18,경원선,덕정,5329,4690,10019,639,6,18,토
2022-06-18,경원선,덕계,2787,2531,5318,256,6,18,토
2022-06-18,경원선,양주,7052,6648,13700,404,6,18,토
2022-06-18,경원선,녹양,4017,3732,7749,285,6,18,토
2022-06-18,경원선,가능,5811,5426,11237,385,6,18,토
2022-06-18,경원선,의정부,19202,20736,39938,-1534,6,18,토
2022-06-18,경원선,회룡,11059,10670,21729,389,6,18,토
2022-06-18,경원선,망월사,6586,6394,12980,192,6,18,토
2022-06-18,경원선,도봉산,9380,6726,16106,2654,6,18,토
2022-06-18,경원선,도봉,5005,4584,9589,421,6,18,토
2022-06-18,경원선,방학,8469,8076,16545,393,6,18,토
2022-06-18,경원선,녹천,3700,3075,6775,625,6,18,토
2022-06-18,경원선,월계,5185,4653,9838,532,6,18,토
2022-06-18,경원선,광운대,5946,5692,11638,254,6,18,토
2022-06-18,경원선,석계,7682,7950,15632,-268,6,18,토
2022-06-18,경원선,신이문,6788,6085,12873,703,6,18,토
2022-06-18,경원선,외대앞,6453,6068,12521,385,6,18,토
2022-06-18,경원선,청량리(서울시립대입구),18921,19251,38172,-330,6,18,토
2022-06-18,경원선,왕십리(성동구청),14215,15617,29832,-1402,6,18,토
2022-06-18,경원선,응봉,1642,1347,2989,295,6,18,토
2022-06-18,경원선,옥수,41,33,74,8,6,18,토
2022-06-18,경원선,한남,3082,3087,6169,-5,6,18,토
2022-06-18,경원선,서빙고,1753,1648,3401,105,6,18,토
2022-06-18,경원선,이촌(국립중앙박물관),3521,2581,6102,940,6,18,토
2022-06-18,경부선,광명,3495,3066,6561,429,6,18,토
2022-06-18,경부선,서동탄,1295,1275,2570,20,6,18,토
2022-06-18,경부선,당정,4650,4310,8960,340,6,18,토
2022-06-18,경부선,천안,7676,7963,15639,-287,6,18,토
2022-06-18,경부선,두정,6493,6369,12862,124,6,18,토
2022-06-18,경부선,직산,857,794,1651,63,6,18,토
2022-06-18,경부선,성환,3567,3267,6834,300,6,18,토
2022-06-18,경부선,평택,16061,15430,31491,631,6,18,토
2022-06-18,경부선,평택지제,3893,3457,7350,436,6,18,토
2022-06-18,경부선,서정리,8012,6479,14491,1533,6,18,토
2022-06-18,경부선,송탄,5610,4895,10505,715,6,18,토
2022-06-18,경부선,진위,1245,1087,2332,158,6,18,토
2022-06-18,경부선,오산,11199,10577,21776,622,6,18,토
2022-06-18,경부선,오산대,3541,3241,6782,300,6,18,토
2022-06-18,경부선,세마,2660,2360,5020,300,6,18,토
2022-06-18,경부선,병점,14805,14400,29205,405,6,18,토
2022-06-18,경부선,세류,3089,2962,6051,127,6,18,토
2022-06-18,경부선,독산,10133,9776,19909,357,6,18,토
2022-06-18,경부선,수원,42933,46772,89705,-3839,6,18,토
2022-06-18,경부선,화서,6970,6811,13781,159,6,18,토
2022-06-18,경부선,성균관대,12382,11938,24320,444,6,18,토
2022-06-18,경부선,의왕,6747,6534,13281,213,6,18,토
2022-06-18,경부선,군포,4783,4317,9100,466,6,18,토
2022-06-18,경부선,금정,21981,21365,43346,616,6,18,토
2022-06-18,경부선,명학,5395,4925,10320,470,6,18,토
2022-06-18,경부선,안양,20652,20545,41197,107,6,18,토
2022-06-18,경부선,관악,7209,6779,13988,430,6,18,토
2022-06-18,경부선,석수,8078,7287,15365,791,6,18,토
2022-06-18,경부선,금천구청,9959,9767,19726,192,6,18,토
2022-06-18,경부선,가산디지털단지,7063,9076,16139,-2013,6,18,토
2022-06-18,경부선,구로,15043,15769,30812,-726,6,18,토
2022-06-18,경부선,신길,6505,5454,11959,1051,6,18,토
2022-06-18,경부선,신도림,3700,3980,7680,-280,6,18,토
2022-06-18,경부선,영등포,45461,48289,93750,-2828,6,18,토
2022-06-18,경부선,대방,7866,8350,16216,-484,6,18,토
2022-06-18,경부선,노량진,9000,8196,17196,804,6,18,토
2022-06-18,경부선,용산,42424,45240,87664,-2816,6,18,토
2022-06-18,7호선,중계,10070,8656,18726,1414,6,18,토
2022-06-18,7호선,노원,16508,17514,34022,-1006,6,18,토
2022-06-18,7호선,마들,10127,9284,19411,843,6,18,토
2022-06-18,7호선,수락산,10944,10459,21403,485,6,18,토
2022-06-18,7호선,도봉산,7099,9341,16440,-2242,6,18,토
2022-06-18,7호선,장암,1841,1222,3063,619,6,18,토
2022-06-18,6호선,봉화산(서울의료원),5769,5589,11358,180,6,18,토
2022-06-18,6호선,화랑대(서울여대입구),7881,6417,14298,1464,6,18,토
2022-06-18,6호선,태릉입구,4827,4933,9760,-106,6,18,토
2022-06-18,6호선,석계,9494,9552,19046,-58,6,18,토
2022-06-18,6호선,돌곶이,6813,6110,12923,703,6,18,토
2022-06-18,6호선,상월곡(한국과학기술연구원),4592,3837,8429,755,6,18,토
2022-06-18,6호선,월곡(동덕여대),7985,7419,15404,566,6,18,토
2022-06-18,6호선,고려대(종암),5831,5495,11326,336,6,18,토
2022-06-18,6호선,안암(고대병원앞),7683,7355,15038,328,6,18,토
2022-06-18,6호선,보문,5568,4827,10395,741,6,18,토
2022-06-18,6호선,창신,2316,1809,4125,507,6,18,토
2022-06-18,6호선,동묘앞,7875,7607,15482,268,6,18,토
2022-06-18,6호선,신당,6422,5861,12283,561,6,18,토
2022-06-18,6호선,청구,2469,2404,4873,65,6,18,토
2022-06-18,6호선,약수,2795,2891,5686,-96,6,18,토
2022-06-18,6호선,버티고개,1574,1584,3158,-10,6,18,토
2022-06-18,6호선,한강진,8867,11288,20155,-2421,6,18,토
2022-06-18,6호선,이태원,15629,20885,36514,-5256,6,18,토
2022-06-18,6호선,녹사평(용산구청),5621,6510,12131,-889,6,18,토
2022-06-18,6호선,삼각지,7265,5273,12538,1992,6,18,토
2022-06-18,6호선,효창공원앞,5289,4532,9821,757,6,18,토
2022-06-18,6호선,공덕,11315,10492,21807,823,6,18,토
2022-06-18,6호선,대흥(서강대앞),6253,6225,12478,28,6,18,토
2022-06-18,6호선,광흥창(서강),5619,5224,10843,395,6,18,토
2022-06-18,6호선,상수,8524,10973,19497,-2449,6,18,토
2022-06-18,6호선,합정,13559,13177,26736,382,6,18,토
2022-06-18,6호선,망원,13755,15118,28873,-1363,6,18,토
2022-06-18,6호선,마포구청,10486,8812,19298,1674,6,18,토
2022-06-18,6호선,월드컵경기장(성산),4621,4744,9365,-123,6,18,토
2022-06-18,6호선,디지털미디어시티,8289,8438,16727,-149,6,18,토
2022-06-18,6호선,증산(명지대앞),8226,7681,15907,545,6,18,토
2022-06-18,6호선,새절(신사),9734,8926,18660,808,6,18,토
2022-06-18,6호선,구산,6102,4400,10502,1702,6,18,토
2022-06-18,6호선,연신내,1,0,1,1,6,18,토
2022-06-18,6호선,독바위,2260,2300,4560,-40,6,18,토
2022-06-18,6호선,불광,4014,3670,7684,344,6,18,토
2022-06-18,6호선,역촌,2882,3328,6210,-446,6,18,토
2022-06-18,6호선,응암,13611,13064,26675,547,6,18,토
2022-06-18,5호선,하남검단산,5905,5742,11647,163,6,18,토
2022-06-18,5호선,하남시청(덕풍·신장),6484,6005,12489,479,6,18,토
2022-06-18,5호선,하남풍산,3141,3150,6291,-9,6,18,토
2022-06-18,5호선,미사,13410,13462,26872,-52,6,18,토
2022-06-18,5호선,강일,3544,3178,6722,366,6,18,토
2022-06-19,5호선,발산,9190,9737,18927,-547,6,19,일
2022-06-19,1호선,신설동,7904,7462,15366,442,6,19,일
2022-06-19,우이신설선,삼양사거리,1575,1584,3159,-9,6,19,일
2022-06-19,우이신설선,솔샘,3083,2861,5944,222,6,19,일
2022-06-19,경의선,공덕,2055,1661,3716,394,6,19,일
2022-06-19,경의선,효창공원앞,1431,1542,2973,-111,6,19,일
2022-06-19,경의선,신촌,310,318,628,-8,6,19,일
2022-06-19,경의선,서울역,1382,1219,2601,163,6,19,일
2022-06-19,경원선,소요산,4484,4117,8601,367,6,19,일
2022-06-19,경원선,동두천,1539,2029,3568,-490,6,19,일
2022-06-19,경원선,보산,1676,1694,3370,-18,6,19,일
2022-06-19,경원선,동두천중앙,2378,2191,4569,187,6,19,일
2022-06-19,경원선,지행,4915,5071,9986,-156,6,19,일
2022-06-19,경원선,덕정,3533,3853,7386,-320,6,19,일
2022-06-19,경원선,덕계,2004,2012,4016,-8,6,19,일
2022-06-19,경원선,양주,5454,5399,10853,55,6,19,일
2022-06-19,경원선,녹양,3078,2947,6025,131,6,19,일
2022-06-19,경원선,가능,4243,4102,8345,141,6,19,일
2022-06-19,경원선,의정부,15319,15411,30730,-92,6,19,일
2022-06-19,경원선,회룡,8270,8238,16508,32,6,19,일
2022-06-19,경원선,망월사,4725,4992,9717,-267,6,19,일
2022-06-19,경원선,도봉산,8895,6472,15367,2423,6,19,일
2022-06-19,1호선,서울역,33101,31446,64547,1655,6,19,일
2022-06-19,1호선,시청,9380,8724,18104,656,6,19,일
2022-06-19,1호선,종각,14645,12456,27101,2189,6,19,일
2022-06-19,1호선,종로3가,16968,14477,31445,2491,6,19,일
2022-06-19,1호선,종로5가,10352,10261,20613,91,6,19,일
2022-06-19,경원선,도봉,3782,3530,7312,252,6,19,일
2022-06-19,경원선,방학,6596,6356,12952,240,6,19,일
2022-06-19,경원선,녹천,2628,2406,5034,222,6,19,일
2022-06-19,경원선,월계,4019,3721,7740,298,6,19,일
2022-06-19,경원선,광운대,4241,4369,8610,-128,6,19,일
2022-06-19,경원선,석계,5255,5741,10996,-486,6,19,일
2022-06-19,경원선,신이문,5053,4791,9844,262,6,19,일
2022-06-19,신림선,서울대벤처타운,4455,4356,8811,99,6,19,일
2022-06-19,신림선,관악산(서울대),4120,4327,8447,-207,6,19,일
2022-06-19,안산선,산본,9537,10405,19942,-868,6,19,일
2022-06-19,안산선,대야미,3344,3132,6476,212,6,19,일
2022-06-19,안산선,반월,2820,2706,5526,114,6,19,일
2022-06-19,안산선,상록수,10199,10073,20272,126,6,19,일
2022-06-19,안산선,한대앞,5851,5858,11709,-7,6,19,일
2022-06-19,안산선,중앙,12505,12452,24957,53,6,19,일
2022-06-19,안산선,고잔,5287,5194,10481,93,6,19,일
2022-06-19,안산선,초지,2750,2673,5423,77,6,19,일
2022-06-19,안산선,안산,11062,10243,21305,819,6,19,일
2022-06-19,안산선,신길온천,1360,1279,2639,81,6,19,일
2022-06-19,안산선,정왕,6179,6696,12875,-517,6,19,일
2022-06-19,안산선,오이도,6437,6424,12861,13,6,19,일
2022-06-19,안산선,수리산,2306,2223,4529,83,6,19,일
2022-06-19,우이신설선,북한산우이,3371,3538,6909,-167,6,19,일
2022-06-19,우이신설선,솔밭공원,1531,1452,2983,79,6,19,일
2022-06-19,우이신설선,4.19민주묘지,2117,1885,4002,232,6,19,일
2022-06-19,우이신설선,가오리,2569,2342,4911,227,6,19,일
2022-06-19,우이신설선,화계,2290,2131,4421,159,6,19,일
2022-06-19,우이신설선,삼양,1329,1321,2650,8,6,19,일
2022-06-19,우이신설선,북한산보국문,4025,3710,7735,315,6,19,일
2022-06-19,우이신설선,정릉,3138,2532,5670,606,6,19,일
2022-06-19,우이신설선,성신여대입구(돈암),2265,2732,4997,-467,6,19,일
2022-06-19,우이신설선,보문,1059,1009,2068,50,6,19,일
2022-06-19,경의선,가좌,3305,3161,6466,144,6,19,일
2022-06-19,경의선,디지털미디어시티,1708,1496,3204,212,6,19,일
2022-06-19,경의선,수색,977,1049,2026,-72,6,19,일
2022-06-19,경의선,화전,1016,1046,2062,-30,6,19,일
2022-06-19,경의선,강매,1680,1579,3259,101,6,19,일
2022-06-19,경의선,행신,4930,4539,9469,391,6,19,일
2022-06-19,경의선,능곡,2403,2417,4820,-14,6,19,일
2022-06-19,경의선,곡산,420,394,814,26,6,19,일
2022-06-19,경의선,백마,3614,3521,7135,93,6,19,일
2022-06-19,경의선,풍산,3849,3634,7483,215,6,19,일
2022-06-19,경의선,일산,5197,4863,10060,334,6,19,일
2022-06-19,경의선,탄현,4421,4156,8577,265,6,19,일
2022-06-19,경의선,야당,5136,5163,10299,-27,6,19,일
2022-06-19,경의선,운정,3937,3719,7656,218,6,19,일
2022-06-19,경의선,금릉,3205,3225,6430,-20,6,19,일
2022-06-19,경의선,금촌,4503,5100,9603,-597,6,19,일
2022-06-19,경의선,월롱,1097,2234,3331,-1137,6,19,일
2022-06-19,경의선,파주,735,713,1448,22,6,19,일
2022-06-19,경의선,문산,4179,4608,8787,-429,6,19,일
2022-06-19,경의선,임진강,89,65,154,24,6,19,일
2022-06-19,경의선,검암,1,0,1,1,6,19,일
2022-06-19,경인선,개봉,12651,12555,25206,96,6,19,일
2022-06-19,경인선,오류동,7536,6977,14513,559,6,19,일
2022-06-19,경인선,역곡,15366,15304,30670,62,6,19,일
2022-06-19,경인선,부천,23522,23513,47035,9,6,19,일
2022-06-19,경인선,송내,14451,14337,28788,114,6,19,일
2022-06-19,경인선,부평,23857,23859,47716,-2,6,19,일
2022-06-19,경인선,백운,4222,4228,8450,-6,6,19,일
2022-06-19,경인선,동암,10647,10526,21173,121,6,19,일
2022-06-19,경인선,주안,12938,11844,24782,1094,6,19,일
2022-06-19,경인선,제물포,6028,5735,11763,293,6,19,일
2022-06-19,경인선,동인천,10134,9790,19924,344,6,19,일
2022-06-19,경인선,인천,4659,3732,8391,927,6,19,일
2022-06-19,경인선,구일,6829,7112,13941,-283,6,19,일
2022-06-19,경인선,소사,6327,6006,12333,321,6,19,일
2022-06-19,경인선,부개,5303,5038,10341,265,6,19,일
2022-06-19,경인선,간석,3487,3386,6873,101,6,19,일
2022-06-19,경인선,도원,1858,1884,3742,-26,6,19,일
2022-06-19,경인선,온수(성공회대입구),4162,3801,7963,361,6,19,일
2022-06-19,경인선,중동,5416,5102,10518,314,6,19,일
2022-06-19,경인선,도화,2614,2416,5030,198,6,19,일
2022-06-19,경춘선,신내,1145,1075,2220,70,6,19,일
2022-06-19,경춘선,갈매,1584,1393,2977,191,6,19,일
2022-06-19,경춘선,별내,1984,1894,3878,90,6,19,일
2022-06-19,경춘선,퇴계원,2152,2020,4172,132,6,19,일
2022-06-19,경춘선,사릉,1420,1450,2870,-30,6,19,일
2022-06-19,경춘선,금곡,1008,967,1975,41,6,19,일
2022-06-19,경춘선,평내호평,3639,3505,7144,134,6,19,일
2022-06-19,경춘선,천마산,1234,1138,2372,96,6,19,일
2022-06-19,경춘선,마석,2843,2795,5638,48,6,19,일
2022-06-19,경춘선,대성리,1641,752,2393,889,6,19,일
2022-06-19,경춘선,청평,2149,1701,3850,448,6,19,일
2022-06-19,경춘선,상천,598,486,1084,112,6,19,일
2022-06-19,경춘선,가평,2951,2171,5122,780,6,19,일
2022-06-19,경춘선,굴봉산,269,276,545,-7,6,19,일
2022-06-19,경춘선,백양리,111,100,211,11,6,19,일
2022-06-19,경춘선,강촌,933,590,1523,343,6,19,일
2022-06-19,경춘선,김유정,562,578,1140,-16,6,19,일
2022-06-19,경춘선,남춘천,2725,2863,5588,-138,6,19,일
2022-06-19,경춘선,춘천,2246,1580,3826,666,6,19,일
2022-06-19,공항철도 1호선,서울역,9549,8629,18178,920,6,19,일
2022-06-19,공항철도 1호선,공덕,1427,1912,3339,-485,6,19,일
2022-06-19,공항철도 1호선,홍대입구,11215,10362,21577,853,6,19,일
2022-06-19,공항철도 1호선,디지털미디어시티,4058,4063,8121,-5,6,19,일
2022-06-19,공항철도 1호선,마곡나루(서울식물원),2627,3057,5684,-430,6,19,일
2022-06-19,공항철도 1호선,김포공항,12113,6093,18206,6020,6,19,일
2022-06-19,공항철도 1호선,계양,6028,5720,11748,308,6,19,일
2022-06-19,경원선,외대앞,4861,4704,9565,157,6,19,일
2022-06-19,경원선,청량리(서울시립대입구),15733,14301,30034,1432,6,19,일
2022-06-19,경원선,왕십리(성동구청),10932,12040,22972,-1108,6,19,일
2022-06-19,경원선,응봉,1244,1121,2365,123,6,19,일
2022-06-19,경원선,옥수,61,24,85,37,6,19,일
2022-06-19,경원선,한남,2221,2068,4289,153,6,19,일
2022-06-19,경원선,서빙고,1873,2023,3896,-150,6,19,일
2022-06-19,경원선,이촌(국립중앙박물관),2704,1993,4697,711,6,19,일
2022-06-19,경부선,광명,3275,2302,5577,973,6,19,일
2022-06-19,경부선,서동탄,885,912,1797,-27,6,19,일
2022-06-19,경부선,당정,3256,3312,6568,-56,6,19,일
2022-06-19,경부선,천안,7143,6963,14106,180,6,19,일
2022-06-19,경부선,두정,5117,5842,10959,-725,6,19,일
2022-06-19,경부선,직산,691,748,1439,-57,6,19,일
2022-06-19,경부선,성환,2823,3226,6049,-403,6,19,일
2022-06-19,경부선,평택,13136,13986,27122,-850,6,19,일
2022-06-19,경부선,평택지제,3035,2916,5951,119,6,19,일
2022-06-19,경부선,서정리,5024,7416,12440,-2392,6,19,일
2022-06-19,경부선,송탄,3924,4778,8702,-854,6,19,일
2022-06-19,경부선,진위,975,978,1953,-3,6,19,일
2022-06-19,경부선,오산,8651,9134,17785,-483,6,19,일
2022-06-19,경부선,오산대,2639,2392,5031,247,6,19,일
2022-06-19,경부선,세마,1827,1774,3601,53,6,19,일
2022-06-19,경부선,병점,10132,10973,21105,-841,6,19,일
2022-06-19,경부선,세류,2402,2350,4752,52,6,19,일
2022-06-19,경부선,독산,6670,6801,13471,-131,6,19,일
2022-06-19,경부선,수원,36969,36038,73007,931,6,19,일
2022-06-19,경부선,화서,4707,4598,9305,109,6,19,일
2022-06-19,경부선,성균관대,8386,8727,17113,-341,6,19,일
2022-06-19,경부선,의왕,4721,4758,9479,-37,6,19,일
2022-06-19,경부선,군포,3323,3106,6429,217,6,19,일
2022-06-19,경부선,금정,15963,16331,32294,-368,6,19,일
2022-06-19,경부선,명학,3515,3533,7048,-18,6,19,일
2022-06-19,경부선,안양,14691,14492,29183,199,6,19,일
2022-06-19,경부선,관악,5498,5089,10587,409,6,19,일
2022-06-19,경부선,석수,5839,5477,11316,362,6,19,일
2022-06-19,경부선,금천구청,6758,6594,13352,164,6,19,일
2022-06-19,경부선,가산디지털단지,5117,6460,11577,-1343,6,19,일
2022-06-19,경부선,구로,10838,11210,22048,-372,6,19,일
2022-06-19,경부선,신길,5143,4579,9722,564,6,19,일
2022-06-19,경부선,신도림,2600,2675,5275,-75,6,19,일
2022-06-19,경부선,영등포,35876,35031,70907,845,6,19,일
2022-06-19,경부선,대방,5878,6511,12389,-633,6,19,일
2022-06-19,경부선,노량진,6180,5763,11943,417,6,19,일
2022-06-19,경부선,용산,37663,34185,71848,3478,6,19,일
2022-06-19,경부선,남영,5045,5307,10352,-262,6,19,일
2022-06-19,경부선,서울역,9383,2217,11600,7166,6,19,일
2022-06-19,경강선,여주,2465,2538,5003,-73,6,19,일
2022-06-19,경강선,세종대왕릉,328,335,663,-7,6,19,일
2022-06-19,경강선,부발,1611,2375,3986,-764,6,19,일
2022-06-19,경강선,이천,2324,2648,4972,-324,6,19,일
2022-06-19,경강선,신둔도예촌,1032,1031,2063,1,6,19,일
2022-06-19,경강선,곤지암,1742,1915,3657,-173,6,19,일
2022-06-19,경강선,초월,1887,1893,3780,-6,6,19,일
2022-06-19,경강선,경기광주,4496,4451,8947,45,6,19,일
2022-06-19,경강선,삼동,1228,1193,2421,35,6,19,일
2022-06-19,경강선,이매,799,585,1384,214,6,19,일
2022-06-19,경강선,판교,2748,2503,5251,245,6,19,일
2022-06-19,9호선2~3단계,중앙보훈병원,4236,4064,8300,172,6,19,일
2022-06-19,9호선2~3단계,둔촌오륜,593,647,1240,-54,6,19,일
2022-06-19,9호선2~3단계,올림픽공원(한국체대),5612,5779,11391,-167,6,19,일
2022-06-19,9호선2~3단계,한성백제,1652,1406,3058,246,6,19,일
2022-06-19,9호선2~3단계,송파나루,3072,3312,6384,-240,6,19,일
2022-06-19,9호선2~3단계,석촌,5444,4609,10053,835,6,19,일
2022-06-19,9호선2~3단계,석촌고분,3341,3283,6624,58,6,19,일
2022-06-19,9호선2~3단계,삼전,3750,3678,7428,72,6,19,일
2022-06-19,9호선2~3단계,종합운동장,2666,2636,5302,30,6,19,일
2022-06-19,9호선2~3단계,봉은사,9021,9057,18078,-36,6,19,일
2022-06-19,9호선2~3단계,삼성중앙,2134,2161,4295,-27,6,19,일
2022-06-19,9호선2~3단계,선정릉,3217,3712,6929,-495,6,19,일
2022-06-19,9호선2~3단계,언주,4296,4404,8700,-108,6,19,일
2022-06-19,9호선,신논현,16210,15353,31563,857,6,19,일
2022-06-19,9호선,사평,1733,1683,3416,50,6,19,일
2022-06-19,9호선,고속터미널,12461,16927,29388,-4466,6,19,일
2022-06-19,9호선,신반포,2175,2391,4566,-216,6,19,일
2022-06-19,9호선,구반포,438,411,849,27,6,19,일
2022-06-19,9호선,동작(현충원),1405,1167,2572,238,6,19,일
2022-06-19,9호선,흑석(중앙대입구),4097,4354,8451,-257,6,19,일
2022-06-19,9호선,노들,2905,2542,5447,363,6,19,일
2022-06-19,9호선,노량진,15143,16047,31190,-904,6,19,일
2022-06-19,9호선,샛강,2092,1916,4008,176,6,19,일
2022-06-19,9호선,여의도,9669,8756,18425,913,6,19,일
2022-06-19,9호선,국회의사당,5379,5065,10444,314,6,19,일
2022-06-19,9호선,당산,9867,9695,19562,172,6,19,일
2022-06-19,9호선,선유도,3082,2903,5985,179,6,19,일
2022-06-19,9호선,신목동,2014,1788,3802,226,6,19,일
2022-06-19,9호선,염창,9411,9296,18707,115,6,19,일
2022-06-19,9호선,등촌,5336,5422,10758,-86,6,19,일
2022-06-19,9호선,증미,3072,3118,6190,-46,6,19,일
2022-06-19,9호선,가양,11684,11519,23203,165,6,19,일
2022-06-19,9호선,양천향교,4377,4572,8949,-195,6,19,일
2022-06-19,9호선,마곡나루(서울식물원),6220,6353,12573,-133,6,19,일
2022-06-19,9호선,신방화,3706,3668,7374,38,6,19,일
2022-06-19,9호선,공항시장,1817,2026,3843,-209,6,19,일
2022-06-19,9호선,김포공항,7771,12087,19858,-4316,6,19,일
2022-06-19,8호선,남위례,2948,3011,5959,-63,6,19,일
2022-06-19,8호선,모란,4921,4157,9078,764,6,19,일
2022-06-19,8호선,수진,3390,3053,6443,337,6,19,일
2022-06-19,8호선,신흥,2823,3118,5941,-295,6,19,일
2022-06-19,8호선,단대오거리,6149,5940,12089,209,6,19,일
2022-06-19,8호선,남한산성입구(성남법원.검찰청),7375,6876,14251,499,6,19,일
2022-06-19,8호선,산성,3333,3518,6851,-185,6,19,일
2022-06-19,8호선,복정,5530,5063,10593,467,6,19,일
2022-06-19,8호선,장지,9394,9438,18832,-44,6,19,일
2022-06-19,8호선,문정,5642,6033,11675,-391,6,19,일
2022-06-19,8호선,가락시장,3166,4016,7182,-850,6,19,일
2022-06-19,8호선,송파,4385,4390,8775,-5,6,19,일
2022-06-19,8호선,석촌,4269,5369,9638,-1100,6,19,일
2022-06-19,8호선,잠실(송파구청),10431,11602,22033,-1171,6,19,일
2022-06-19,8호선,몽촌토성(평화의문),3330,3325,6655,5,6,19,일
2022-06-19,8호선,강동구청,4729,4923,9652,-194,6,19,일
2022-06-19,8호선,천호(풍납토성),9164,10411,19575,-1247,6,19,일
2022-06-19,8호선,암사,9420,8797,18217,623,6,19,일
2022-06-19,7호선,온수(성공회대입구),4493,4509,9002,-16,6,19,일
2022-06-19,7호선,천왕,5345,5129,10474,216,6,19,일
2022-06-19,7호선,광명사거리,13533,13361,26894,172,6,19,일
2022-06-19,7호선,철산,11418,11397,22815,21,6,19,일
2022-06-19,7호선,가산디지털단지,10597,9882,20479,715,6,19,일
2022-06-19,7호선,남구로,7223,6933,14156,290,6,19,일
2022-06-19,7호선,대림(구로구청),8385,7874,16259,511,6,19,일
2022-06-19,7호선,신풍,6715,6436,13151,279,6,19,일
2022-06-19,7호선,보라매,4060,4071,8131,-11,6,19,일
2022-06-19,7호선,신대방삼거리,8282,8149,16431,133,6,19,일
2022-06-19,7호선,장승배기,5310,5238,10548,72,6,19,일
2022-06-19,7호선,상도,5596,5597,11193,-1,6,19,일
2022-06-19,7호선,숭실대입구(살피재),6057,6559,12616,-502,6,19,일
2022-06-19,7호선,남성,5811,5798,11609,13,6,19,일
2022-06-19,7호선,이수,9105,8600,17705,505,6,19,일
2022-06-19,7호선,내방,5425,5548,10973,-123,6,19,일
2022-06-19,7호선,고속터미널,14947,9370,24317,5577,6,19,일
2022-06-19,7호선,반포,3317,3276,6593,41,6,19,일
2022-06-19,7호선,논현,6105,6197,12302,-92,6,19,일
2022-06-19,7호선,학동,7014,7427,14441,-413,6,19,일
2022-06-19,7호선,강남구청,6021,6656,12677,-635,6,19,일
2022-06-19,7호선,청담,7209,7682,14891,-473,6,19,일
2022-06-19,7호선,뚝섬유원지,7729,7203,14932,526,6,19,일
2022-06-19,7호선,건대입구,8115,8536,16651,-421,6,19,일
2022-06-19,7호선,어린이대공원(세종대),8731,8864,17595,-133,6,19,일
2022-06-19,7호선,군자(능동),8399,6576,14975,1823,6,19,일
2022-06-19,7호선,중곡,5579,5360,10939,219,6,19,일
2022-06-19,7호선,용마산(용마폭포공원),3353,3643,6996,-290,6,19,일
2022-06-19,7호선,사가정,9517,9314,18831,203,6,19,일
2022-06-19,7호선,면목,8443,8215,16658,228,6,19,일
2022-06-19,7호선,상봉(시외버스터미널),10307,9684,19991,623,6,19,일
2022-06-19,7호선,중화,5815,5810,11625,5,6,19,일
2022-06-19,7호선,먹골,5691,5565,11256,126,6,19,일
2022-06-19,7호선,태릉입구,5434,4888,10322,546,6,19,일
2022-06-19,7호선,공릉(서울과학기술대),6519,6650,13169,-131,6,19,일
2022-06-19,7호선,하계,9452,8962,18414,490,6,19,일
2022-06-19,7호선,중계,6892,6520,13412,372,6,19,일
2022-06-19,7호선,노원,11349,11594,22943,-245,6,19,일
2022-06-19,7호선,마들,6325,5929,12254,396,6,19,일
2022-06-19,7호선,수락산,8501,8380,16881,121,6,19,일
2022-06-19,7호선,도봉산,5612,7977,13589,-2365,6,19,일
2022-06-19,7호선,장암,1516,1055,2571,461,6,19,일
2022-06-19,6호선,봉화산(서울의료원),4207,4109,8316,98,6,19,일
2022-06-19,6호선,화랑대(서울여대입구),5029,4436,9465,593,6,19,일
2022-06-19,6호선,태릉입구,3309,3581,6890,-272,6,19,일
2022-06-19,6호선,석계,6612,6898,13510,-286,6,19,일
2022-06-19,6호선,돌곶이,5827,5528,11355,299,6,19,일
2022-06-19,6호선,상월곡(한국과학기술연구원),3372,3024,6396,348,6,19,일
2022-06-19,6호선,월곡(동덕여대),5800,5752,11552,48,6,19,일
2022-06-19,6호선,고려대(종암),4123,4113,8236,10,6,19,일
2022-06-19,6호선,창신,1670,1502,3172,168,6,19,일
2022-06-19,6호선,동묘앞,6266,6286,12552,-20,6,19,일
2022-06-19,6호선,신당,5082,5753,10835,-671,6,19,일
2022-06-19,6호선,청구,1745,1642,3387,103,6,19,일
2022-06-19,6호선,약수,1830,1821,3651,9,6,19,일
2022-06-19,6호선,버티고개,1180,1240,2420,-60,6,19,일
2022-06-19,6호선,한강진,7374,8368,15742,-994,6,19,일
2022-06-19,6호선,이태원,13608,10816,24424,2792,6,19,일
2022-06-19,6호선,녹사평(용산구청),4632,4263,8895,369,6,19,일
2022-06-19,6호선,삼각지,5250,4044,9294,1206,6,19,일
2022-06-19,6호선,효창공원앞,3721,3389,7110,332,6,19,일
2022-06-19,6호선,공덕,7488,6913,14401,575,6,19,일
2022-06-19,6호선,대흥(서강대앞),4164,4402,8566,-238,6,19,일
2022-06-19,6호선,광흥창(서강),4397,4164,8561,233,6,19,일
2022-06-19,6호선,상수,6436,7167,13603,-731,6,19,일
2022-06-19,6호선,합정,9534,8856,18390,678,6,19,일
2022-06-19,6호선,망원,9379,10114,19493,-735,6,19,일
2022-06-19,6호선,마포구청,7459,6716,14175,743,6,19,일
2022-06-19,6호선,월드컵경기장(성산),4622,4701,9323,-79,6,19,일
2022-06-19,6호선,디지털미디어시티,5863,6163,12026,-300,6,19,일
2022-06-19,6호선,증산(명지대앞),5754,5776,11530,-22,6,19,일
2022-06-19,6호선,새절(신사),6818,6649,13467,169,6,19,일
2022-06-19,6호선,구산,4071,3083,7154,988,6,19,일
2022-06-19,6호선,연신내,2,0,2,2,6,19,일
2022-06-19,6호선,독바위,1623,1945,3568,-322,6,19,일
2022-06-19,6호선,불광,3083,2902,5985,181,6,19,일
2022-06-19,6호선,역촌,2139,2432,4571,-293,6,19,일
2022-06-19,6호선,응암,9748,9930,19678,-182,6,19,일
2022-06-19,5호선,하남검단산,4870,4890,9760,-20,6,19,일
2022-06-19,5호선,하남시청(덕풍·신장),4701,4470,9171,231,6,19,일
2022-06-19,5호선,하남풍산,2256,2240,4496,16,6,19,일
2022-06-19,5호선,미사,9150,9436,18586,-286,6,19,일
2022-06-19,5호선,강일,2453,2266,4719,187,6,19,일
2022-06-19,5호선,마천,3855,4148,8003,-293,6,19,일
2022-06-19,5호선,거여,4866,4832,9698,34,6,19,일
2022-06-19,5호선,개롱,3161,3429,6590,-268,6,19,일
2022-06-19,5호선,오금,1645,1608,3253,37,6,19,일
2022-06-19,5호선,방이,4285,4094,8379,191,6,19,일
2022-06-19,5호선,올림픽공원(한국체대),2596,2390,4986,206,6,19,일
2022-06-19,5호선,둔촌동,4706,4597,9303,109,6,19,일
2022-06-19,5호선,상일동,6960,6733,13693,227,6,19,일
2022-06-19,5호선,고덕,4352,4471,8823,-119,6,19,일
2022-06-19,5호선,명일,5223,5262,10485,-39,6,19,일
2022-06-19,5호선,굽은다리(강동구민회관앞),5810,5381,11191,429,6,19,일
2022-06-19,5호선,길동,4490,4392,8882,98,6,19,일
2022-06-19,5호선,강동,9182,9204,18386,-22,6,19,일
2022-06-19,5호선,천호(풍납토성),13424,12633,26057,791,6,19,일
2022-06-19,경원선,창동,2,0,2,2,6,19,일
2022-06-19,5호선,광나루(장신대),8220,7801,16021,419,6,19,일
2022-06-19,5호선,아차산(어린이대공원후문),10369,10005,20374,364,6,19,일
2022-06-19,5호선,군자(능동),6410,7348,13758,-938,6,19,일
2022-06-19,5호선,장한평,8332,8279,16611,53,6,19,일
2022-06-19,5호선,답십리,7720,7108,14828,612,6,19,일
2022-06-19,5호선,마장,3111,2955,6066,156,6,19,일
2022-06-19,5호선,왕십리(성동구청),2723,3316,6039,-593,6,19,일
2022-06-19,5호선,행당,4259,3915,8174,344,6,19,일
2022-06-19,5호선,신금호,3142,3398,6540,-256,6,19,일
2022-06-19,5호선,청구,1835,1710,3545,125,6,19,일
2022-06-19,5호선,동대문역사문화공원(DDP),794,827,1621,-33,6,19,일
2022-06-19,5호선,을지로4가,1879,2012,3891,-133,6,19,일
2022-06-19,5호선,종로3가,9810,8516,18326,1294,6,19,일
2022-06-19,5호선,광화문(세종문화회관),12486,12885,25371,-399,6,19,일
2022-06-19,5호선,서대문,5854,5715,11569,139,6,19,일
2022-06-19,5호선,충정로(경기대입구),1529,1434,2963,95,6,19,일
2022-06-19,5호선,애오개,2714,2743,5457,-29,6,19,일
2022-06-19,5호선,신정(은행정),6600,5901,12501,699,6,19,일
2022-06-19,5호선,까치산,16719,15985,32704,734,6,19,일
2022-06-19,5호선,화곡,14956,14082,29038,874,6,19,일
2022-06-19,5호선,우장산,7221,7333,14554,-112,6,19,일
2022-06-19,5호선,마곡,3759,3988,7747,-229,6,19,일
2022-06-19,5호선,송정,3910,3894,7804,16,6,19,일
2022-06-19,5호선,김포공항,7255,7437,14692,-182,6,19,일
2022-06-19,5호선,개화산,2849,2865,5714,-16,6,19,일
2022-06-19,5호선,방화,3791,3772,7563,19,6,19,일
2022-06-19,4호선,남태령,843,643,1486,200,6,19,일
2022-06-19,4호선,사당,17456,16242,33698,1214,6,19,일
2022-06-19,4호선,총신대입구(이수),11095,11997,23092,-902,6,19,일
2022-06-19,4호선,동작(현충원),1185,1206,2391,-21,6,19,일
2022-06-19,4호선,이촌(국립중앙박물관),6637,7018,13655,-381,6,19,일
2022-06-19,4호선,신용산,9818,9975,19793,-157,6,19,일
2022-06-19,4호선,삼각지,3534,4687,8221,-1153,6,19,일
2022-06-19,4호선,숙대입구(갈월),8398,8226,16624,172,6,19,일
2022-06-19,4호선,서울역,5036,13150,18186,-8114,6,19,일
2022-06-19,공항철도 1호선,검암,3935,4063,7998,-128,6,19,일
2022-06-19,공항철도 1호선,청라국제도시,3657,3640,7297,17,6,19,일
2022-06-19,공항철도 1호선,운서,5989,6507,12496,-518,6,19,일
2022-06-19,공항철도 1호선,공항화물청사,1069,1179,2248,-110,6,19,일
2022-06-19,공항철도 1호선,인천공항1터미널,6670,6489,13159,181,6,19,일
2022-06-19,공항철도 1호선,인천공항2터미널,2869,2576,5445,293,6,19,일
2022-06-19,공항철도 1호선,영종,2780,2832,5612,-52,6,19,일
2022-06-19,과천선,선바위,4677,4062,8739,615,6,19,일
2022-06-19,과천선,경마공원,16154,16593,32747,-439,6,19,일
2022-06-19,과천선,대공원,5517,5770,11287,-253,6,19,일
2022-06-19,과천선,과천,3943,3841,7784,102,6,19,일
2022-06-19,과천선,정부과천청사,4793,4724,9517,69,6,19,일
2022-06-19,과천선,인덕원,13730,13765,27495,-35,6,19,일
2022-06-19,과천선,평촌,7078,6968,14046,110,6,19,일
2022-06-19,과천선,범계,15877,15422,31299,455,6,19,일
2022-06-19,분당선,선릉,3103,4811,7914,-1708,6,19,일
2022-06-19,분당선,한티,8229,8205,16434,24,6,19,일
2022-06-19,분당선,도곡,3022,2990,6012,32,6,19,일
2022-06-19,분당선,구룡,1043,1188,2231,-145,6,19,일
2022-06-19,분당선,개포동,2091,2179,4270,-88,6,19,일
2022-06-19,분당선,대모산입구,2230,2153,4383,77,6,19,일
2022-06-19,분당선,수서,9763,9401,19164,362,6,19,일
2022-06-19,분당선,수원,6339,5361,11700,978,6,19,일
2022-06-19,분당선,서울숲,7761,7758,15519,3,6,19,일
2022-06-19,분당선,압구정로데오,11305,12948,24253,-1643,6,19,일
2022-06-19,분당선,강남구청,3285,3861,7146,-576,6,19,일
2022-06-19,분당선,선정릉,2114,2155,4269,-41,6,19,일
2022-06-19,분당선,가천대,4325,5030,9355,-705,6,19,일
2022-06-19,분당선,태평,9019,8727,17746,292,6,19,일
2022-06-19,분당선,모란,19107,19789,38896,-682,6,19,일
2022-06-19,분당선,야탑,14977,15631,30608,-654,6,19,일
2022-06-19,분당선,서현,14928,15065,29993,-137,6,19,일
2022-06-19,4호선,회현(남대문시장),9291,9331,18622,-40,6,19,일
2022-06-19,4호선,명동,13261,13650,26911,-389,6,19,일
2022-06-19,3호선,양재(서초구청),14333,16333,30666,-2000,6,19,일
2022-06-19,3호선,남부터미널(예술의전당),15604,16605,32209,-1001,6,19,일
2022-06-19,3호선,교대(법원.검찰청),4838,3073,7911,1765,6,19,일
2022-06-19,3호선,고속터미널,44622,42439,87061,2183,6,19,일
2022-06-19,3호선,잠원,2523,2442,4965,81,6,19,일
2022-06-19,3호선,신사,14132,14262,28394,-130,6,19,일
2022-06-19,3호선,압구정,15024,15725,30749,-701,6,19,일
2022-06-19,3호선,옥수,5504,5704,11208,-200,6,19,일
2022-06-19,3호선,금호,4418,4238,8656,180,6,19,일
2022-06-19,3호선,약수,7055,6890,13945,165,6,19,일
2022-06-19,3호선,동대입구,5196,5833,11029,-637,6,19,일
2022-06-19,3호선,충무로,2,0,2,2,6,19,일
2022-06-19,3호선,을지로3가,4003,3572,7575,431,6,19,일
2022-06-19,3호선,종로3가,4386,5681,10067,-1295,6,19,일
2022-06-19,3호선,안국,13214,13085,26299,129,6,19,일
2022-06-19,3호선,경복궁(정부서울청사),17595,20892,38487,-3297,6,19,일
2022-06-19,3호선,독립문,4597,4997,9594,-400,6,19,일
2022-06-19,3호선,무악재,2058,2188,4246,-130,6,19,일
2022-06-19,3호선,홍제,10348,9870,20218,478,6,19,일
2022-06-19,3호선,녹번,7873,7113,14986,760,6,19,일
2022-06-19,3호선,불광,10327,11571,21898,-1244,6,19,일
2022-06-19,3호선,연신내,22135,20877,43012,1258,6,19,일
2022-06-19,3호선,구파발,12339,12989,25328,-650,6,19,일
2022-06-19,3호선,지축,2733,2580,5313,153,6,19,일
2022-06-19,2호선,용두(동대문구청),1236,1267,2503,-31,6,19,일
2022-06-19,2호선,신정네거리,6125,6050,12175,75,6,19,일
2022-06-19,2호선,양천구청,4395,4143,8538,252,6,19,일
2022-06-19,2호선,도림천,517,495,1012,22,6,19,일
2022-06-19,2호선,신설동,3159,3201,6360,-42,6,19,일
2022-06-19,2호선,신답,865,938,1803,-73,6,19,일
2022-06-19,2호선,용답,1741,1715,3456,26,6,19,일
2022-06-19,2호선,충정로(경기대입구),3768,4069,7837,-301,6,19,일
2022-06-19,2호선,아현,5650,5490,11140,160,6,19,일
2022-06-19,2호선,이대,7344,7834,15178,-490,6,19,일
2022-06-19,2호선,신촌,22618,22176,44794,442,6,19,일
2022-06-19,2호선,홍대입구,52753,52017,104770,736,6,19,일
2022-06-19,2호선,합정,21207,22501,43708,-1294,6,19,일
2022-06-19,2호선,당산,9803,10346,20149,-543,6,19,일
2022-06-19,2호선,영등포구청,8983,9374,18357,-391,6,19,일
2022-06-19,2호선,문래,8715,9232,17947,-517,6,19,일
2022-06-19,2호선,신도림,30379,31145,61524,-766,6,19,일
2022-06-19,2호선,대림(구로구청),17050,17407,34457,-357,6,19,일
2022-06-19,2호선,구로디지털단지,25803,25760,51563,43,6,19,일
2022-06-19,2호선,신대방,16545,16130,32675,415,6,19,일
2022-06-19,2호선,신림,37446,36630,74076,816,6,19,일
2022-06-19,2호선,봉천,13185,12749,25934,436,6,19,일
2022-06-19,2호선,서울대입구(관악구청),27015,27619,54634,-604,6,19,일
2022-06-19,2호선,낙성대(강감찬),16622,17195,33817,-573,6,19,일
2022-06-19,2호선,사당,25277,27621,52898,-2344,6,19,일
2022-06-19,2호선,방배,7264,7544,14808,-280,6,19,일
2022-06-19,2호선,서초,12957,12312,25269,645,6,19,일
2022-06-19,2호선,교대(법원.검찰청),11488,12642,24130,-1154,6,19,일
2022-06-19,2호선,강남,35349,33859,69208,1490,6,19,일
2022-06-19,2호선,역삼,12047,13213,25260,-1166,6,19,일
2022-06-19,2호선,선릉,14669,12572,27241,2097,6,19,일
2022-06-19,2호선,삼성(무역센터),22009,21418,43427,591,6,19,일
2022-06-19,2호선,종합운동장,19109,19433,38542,-324,6,19,일
2022-06-19,2호선,잠실새내,11962,11941,23903,21,6,19,일
2022-06-19,2호선,잠실(송파구청),51637,48685,100322,2952,6,19,일
2022-06-19,2호선,잠실나루,6226,6095,12321,131,6,19,일
2022-06-19,2호선,강변(동서울터미널),25204,23924,49128,1280,6,19,일
2022-06-19,2호선,구의(광진구청),12110,12075,24185,35,6,19,일
2022-06-19,2호선,건대입구,26507,27892,54399,-1385,6,19,일
2022-06-19,2호선,성수,14888,16883,31771,-1995,6,19,일
2022-06-19,2호선,뚝섬,13145,13324,26469,-179,6,19,일
2022-06-19,2호선,한양대,3107,3751,6858,-644,6,19,일
2022-06-19,2호선,왕십리(성동구청),9949,9005,18954,944,6,19,일
2022-06-19,2호선,상왕십리,7382,7251,14633,131,6,19,일
2022-06-19,2호선,신당,8765,9331,18096,-566,6,19,일
2022-06-19,2호선,동대문역사문화공원(DDP),9416,11388,20804,-1972,6,19,일
2022-06-19,2호선,을지로4가,4051,3965,8016,86,6,19,일
2022-06-19,2호선,을지로3가,9518,9100,18618,418,6,19,일
2022-06-19,2호선,을지로입구,16830,15909,32739,921,6,19,일
2022-06-19,2호선,시청,6772,5504,12276,1268,6,19,일
2022-06-19,1호선,동묘앞,12146,12094,24240,52,6,19,일
2022-06-19,1호선,청량리(서울시립대입구),13468,13764,27232,-296,6,19,일
2022-06-19,1호선,제기동,10603,11142,21745,-539,6,19,일
2022-06-19,분당선,수내,6688,6362,13050,326,6,19,일
2022-06-19,분당선,정자,8156,8508,16664,-352,6,19,일
2022-06-19,분당선,미금,8109,8879,16988,-770,6,19,일
2022-06-19,분당선,오리,5933,5113,11046,820,6,19,일
2022-06-19,분당선,이매,3793,3917,7710,-124,6,19,일
2022-06-19,분당선,보정,1312,1217,2529,95,6,19,일
2022-06-19,분당선,죽전,8715,9391,18106,-676,6,19,일
2022-06-19,분당선,구성,2761,2944,5705,-183,6,19,일
2022-06-19,분당선,신갈,2202,2351,4553,-149,6,19,일
2022-06-19,분당선,기흥,5564,5286,10850,278,6,19,일
2022-06-19,분당선,상갈,2989,3190,6179,-201,6,19,일
2022-06-19,분당선,청명,2258,2428,4686,-170,6,19,일
2022-06-19,분당선,영통,5254,5238,10492,16,6,19,일
2022-06-19,분당선,망포,6884,7156,14040,-272,6,19,일
2022-06-19,분당선,매탄권선,2769,2671,5440,98,6,19,일
2022-06-19,분당선,수원시청,8250,8160,16410,90,6,19,일
2022-06-19,분당선,매교,1598,1582,3180,16,6,19,일
2022-06-19,수인선,고색,1973,2081,4054,-108,6,19,일
2022-06-19,수인선,오목천,1897,1823,3720,74,6,19,일
2022-06-19,수인선,어천,690,808,1498,-118,6,19,일
2022-06-19,수인선,야목,223,200,423,23,6,19,일
2022-06-19,수인선,사리,2938,2505,5443,433,6,19,일
2022-06-19,수인선,달월,55,57,112,-2,6,19,일
2022-06-19,수인선,월곶,1837,1776,3613,61,6,19,일
2022-06-19,수인선,소래포구,5699,5412,11111,287,6,19,일
2022-06-19,수인선,인천논현,3082,3275,6357,-193,6,19,일
2022-06-19,수인선,호구포,2307,2308,4615,-1,6,19,일
2022-06-19,수인선,남동인더스파크,618,644,1262,-26,6,19,일
2022-06-19,수인선,원인재,3027,3137,6164,-110,6,19,일
2022-06-19,수인선,연수,3501,3490,6991,11,6,19,일
2022-06-19,5호선,공덕,4889,5076,9965,-187,6,19,일
2022-06-19,5호선,마포,4980,4973,9953,7,6,19,일
2022-06-19,5호선,여의나루,10131,10828,20959,-697,6,19,일
2022-06-19,5호선,여의도,7590,8377,15967,-787,6,19,일
2022-06-19,5호선,신길,2091,2239,4330,-148,6,19,일
2022-06-19,5호선,영등포시장,5964,6222,12186,-258,6,19,일
2022-06-19,5호선,영등포구청,1567,1488,3055,79,6,19,일
2022-06-19,5호선,양평,2839,2858,5697,-19,6,19,일
2022-06-19,5호선,오목교(목동운동장앞),11726,12109,23835,-383,6,19,일
2022-06-19,5호선,목동,8746,8836,17582,-90,6,19,일
2022-06-19,9호선,개화,1128,1047,2175,81,6,19,일
2022-06-19,6호선,보문,4102,3973,8075,129,6,19,일
2022-06-19,6호선,안암(고대병원앞),4658,5067,9725,-409,6,19,일
2022-06-19,수인선,송도,1681,1617,3298,64,6,19,일
2022-06-19,수인선,인하대,3524,3401,6925,123,6,19,일
2022-06-19,수인선,숭의,2269,1976,4245,293,6,19,일
2022-06-19,수인선,신포,1339,1178,2517,161,6,19,일
2022-06-19,수인선,인천,1124,1791,2915,-667,6,19,일
2022-06-19,신림선,샛강,1082,1603,2685,-521,6,19,일
2022-06-19,신림선,대방,1236,892,2128,344,6,19,일
2022-06-19,신림선,서울지방병무청,1321,1475,2796,-154,6,19,일
2022-06-19,신림선,보라매,1653,1507,3160,146,6,19,일
2022-06-19,신림선,보라매공원,1124,1235,2359,-111,6,19,일
2022-06-19,신림선,보라매병원,1971,2054,4025,-83,6,19,일
2022-06-19,신림선,당곡,2139,2017,4156,122,6,19,일
2022-06-19,신림선,신림,1258,1649,2907,-391,6,19,일
2022-06-19,신림선,서원,1882,1723,3605,159,6,19,일
2022-06-19,경의선,서강대,1364,1413,2777,-49,6,19,일
2022-06-19,우이신설선,신설동,1273,1305,2578,-32,6,19,일
2022-06-19,일산선,원흥,6371,6269,12640,102,6,19,일
2022-06-19,일산선,삼송,11690,11496,23186,194,6,19,일
2022-06-19,일산선,원당,6599,6357,12956,242,6,19,일
2022-06-19,일산선,화정,10025,10204,20229,-179,6,19,일
2022-06-19,일산선,대곡,1190,1020,2210,170,6,19,일
2022-06-19,일산선,백석,5769,5723,11492,46,6,19,일
2022-06-19,일산선,마두,3601,3599,7200,2,6,19,일
2022-06-19,일산선,정발산,5661,5640,11301,21,6,19,일
2022-06-19,일산선,주엽,4990,4965,9955,25,6,19,일
2022-06-19,일산선,대화,6430,5779,12209,651,6,19,일
2022-06-19,장항선,봉명,802,793,1595,9,6,19,일
2022-06-19,장항선,쌍용(나사렛대),1645,1702,3347,-57,6,19,일
2022-06-19,장항선,아산,3936,2771,6707,1165,6,19,일
2022-06-19,장항선,탕정,677,726,1403,-49,6,19,일
2022-06-19,장항선,배방,1010,1131,2141,-121,6,19,일
2022-06-19,장항선,온양온천,5396,5316,10712,80,6,19,일
2022-06-19,장항선,신창(순천향대),1196,1216,2412,-20,6,19,일
2022-06-19,중앙선,회기,16600,16333,32933,267,6,19,일
2022-06-19,중앙선,중랑,3620,3597,7217,23,6,19,일
2022-06-19,중앙선,상봉(시외버스터미널),4167,4201,8368,-34,6,19,일
2022-06-19,중앙선,망우,5414,5368,10782,46,6,19,일
2022-06-19,중앙선,양원,1554,1581,3135,-27,6,19,일
2022-06-19,중앙선,구리,8018,8084,16102,-66,6,19,일
2022-06-19,중앙선,도농,5843,5749,11592,94,6,19,일
2022-06-19,중앙선,양정,534,436,970,98,6,19,일
2022-06-19,중앙선,덕소,3603,3699,7302,-96,6,19,일
2022-06-19,중앙선,도심,1348,1155,2503,193,6,19,일
2022-06-19,중앙선,팔당,1262,1327,2589,-65,6,19,일
2022-06-19,중앙선,운길산,1408,1318,2726,90,6,19,일
2022-06-19,중앙선,양수,2159,1955,4114,204,6,19,일
2022-06-19,중앙선,신원,254,181,435,73,6,19,일
2022-06-19,중앙선,국수,693,616,1309,77,6,19,일
2022-06-19,중앙선,아신,562,486,1048,76,6,19,일
2022-06-19,중앙선,오빈,305,241,546,64,6,19,일
2022-06-19,중앙선,양평,2799,2571,5370,228,6,19,일
2022-06-19,중앙선,원덕,423,325,748,98,6,19,일
2022-06-19,중앙선,용문,2492,2012,4504,480,6,19,일
2022-06-19,중앙선,지평,71,56,127,15,6,19,일
2022-06-19,경의선,홍대입구,1848,2032,3880,-184,6,19,일
2022-06-19,3호선,매봉,4504,4564,9068,-60,6,19,일
2022-06-19,3호선,도곡,2103,2216,4319,-113,6,19,일
2022-06-19,3호선,대치,5984,5410,11394,574,6,19,일
2022-06-19,3호선,학여울,1558,1635,3193,-77,6,19,일
2022-06-19,3호선,대청,4509,4485,8994,24,6,19,일
2022-06-19,3호선,일원,3864,4049,7913,-185,6,19,일
2022-06-19,3호선,수서,11397,11023,22420,374,6,19,일
2022-06-19,3호선,가락시장,3881,4108,7989,-227,6,19,일
2022-06-19,3호선,경찰병원,3034,3023,6057,11,6,19,일
2022-06-19,3호선,오금,3081,3017,6098,64,6,19,일
2022-06-19,4호선,당고개,5870,5722,11592,148,6,19,일
2022-06-19,4호선,상계,10706,10014,20720,692,6,19,일
2022-06-19,4호선,노원,12342,13176,25518,-834,6,19,일
2022-06-19,4호선,창동,15981,16586,32567,-605,6,19,일
2022-06-19,4호선,쌍문,16813,15290,32103,1523,6,19,일
2022-06-19,4호선,수유(강북구청),21005,20155,41160,850,6,19,일
2022-06-19,4호선,미아(서울사이버대학),8668,8154,16822,514,6,19,일
2022-06-19,4호선,미아사거리,16946,15941,32887,1005,6,19,일
2022-06-19,4호선,길음,11540,11266,22806,274,6,19,일
2022-06-19,4호선,성신여대입구(돈암),12983,12278,25261,705,6,19,일
2022-06-19,4호선,한성대입구(삼선교),7981,8075,16056,-94,6,19,일
2022-06-19,4호선,혜화,23046,24245,47291,-1199,6,19,일
2022-06-19,4호선,동대문,7799,8122,15921,-323,6,19,일
2022-06-19,4호선,동대문역사문화공원(DDP),10741,9598,20339,1143,6,19,일
2022-06-19,4호선,충무로,9084,9786,18870,-702,6,19,일
2022-06-19,1호선,동대문,10288,10650,20938,-362,6,19,일
2022-06-20,5호선,까치산,30468,28922,59390,1546,6,20,월
2022-06-20,5호선,신정(은행정),14956,12136,27092,2820,6,20,월
2022-06-20,5호선,목동,18110,19301,37411,-1191,6,20,월
2022-06-20,5호선,오목교(목동운동장앞),22757,24204,46961,-1447,6,20,월
2022-06-20,5호선,양평,7967,8025,15992,-58,6,20,월
2022-06-20,5호선,영등포구청,4373,4608,8981,-235,6,20,월
2022-06-20,5호선,영등포시장,10553,10870,21423,-317,6,20,월
2022-06-20,5호선,신길,4403,4642,9045,-239,6,20,월
2022-06-20,5호선,여의도,29424,32205,61629,-2781,6,20,월
2022-06-20,5호선,여의나루,12268,13585,25853,-1317,6,20,월
2022-06-20,5호선,마포,15542,15810,31352,-268,6,20,월
2022-06-20,5호선,공덕,15398,16234,31632,-836,6,20,월
2022-06-20,5호선,애오개,7148,7089,14237,59,6,20,월
2022-06-20,5호선,충정로(경기대입구),4859,4963,9822,-104,6,20,월
2022-06-20,5호선,서대문,20666,21098,41764,-432,6,20,월
2022-06-20,5호선,광화문(세종문화회관),32077,33552,65629,-1475,6,20,월
2022-06-20,5호선,종로3가,13142,12553,25695,589,6,20,월
2022-06-20,5호선,을지로4가,6636,6806,13442,-170,6,20,월
2022-06-20,5호선,동대문역사문화공원(DDP),3077,3539,6616,-462,6,20,월
2022-06-20,5호선,청구,4336,3820,8156,516,6,20,월
2022-06-20,5호선,신금호,6934,7218,14152,-284,6,20,월
2022-06-20,5호선,행당,8652,7526,16178,1126,6,20,월
2022-06-20,5호선,왕십리(성동구청),4812,5302,10114,-490,6,20,월
2022-06-20,5호선,마장,5847,5464,11311,383,6,20,월
2022-06-20,5호선,답십리,16645,15278,31923,1367,6,20,월
2022-06-20,5호선,장한평,19123,18890,38013,233,6,20,월
2022-06-20,5호선,군자(능동),11522,12667,24189,-1145,6,20,월
2022-06-20,5호선,아차산(어린이대공원후문),15154,14535,29689,619,6,20,월
2022-06-20,5호선,광나루(장신대),14083,12856,26939,1227,6,20,월
2022-06-20,5호선,천호(풍납토성),18652,18670,37322,-18,6,20,월
2022-06-20,5호선,강동,19591,18848,38439,743,6,20,월
2022-06-20,5호선,길동,8494,8748,17242,-254,6,20,월
2022-06-20,5호선,굽은다리(강동구민회관앞),9992,9636,19628,356,6,20,월
2022-06-20,5호선,명일,9383,9563,18946,-180,6,20,월
2022-06-20,5호선,고덕,10602,10445,21047,157,6,20,월
2022-06-20,5호선,상일동,16067,14523,30590,1544,6,20,월
2022-06-20,5호선,둔촌동,8478,8435,16913,43,6,20,월
2022-06-20,5호선,올림픽공원(한국체대),4645,4106,8751,539,6,20,월
2022-06-20,5호선,방이,7367,7625,14992,-258,6,20,월
2022-06-20,5호선,오금,4095,4177,8272,-82,6,20,월
2022-06-20,5호선,개롱,6969,7217,14186,-248,6,20,월
2022-06-20,5호선,거여,11117,10729,21846,388,6,20,월
2022-06-20,5호선,마천,7945,7533,15478,412,6,20,월
2022-06-20,5호선,강일,4890,4998,9888,-108,6,20,월
2022-06-20,5호선,미사,17205,17374,34579,-169,6,20,월
2022-06-20,5호선,하남풍산,4556,4441,8997,115,6,20,월
2022-06-20,5호선,하남시청(덕풍·신장),7453,7191,14644,262,6,20,월
2022-06-20,5호선,하남검단산,6224,5812,12036,412,6,20,월
2022-06-20,6호선,응암,18550,18205,36755,345,6,20,월
2022-06-20,6호선,역촌,3984,4603,8587,-619,6,20,월
2022-06-20,6호선,불광,4496,4602,9098,-106,6,20,월
2022-06-20,6호선,독바위,2905,3023,5928,-118,6,20,월
2022-06-20,6호선,연신내,1,0,1,1,6,20,월
2022-06-20,6호선,구산,8340,6159,14499,2181,6,20,월
2022-06-20,6호선,새절(신사),13974,12932,26906,1042,6,20,월
2022-06-20,6호선,증산(명지대앞),10574,10474,21048,100,6,20,월
2022-06-20,6호선,디지털미디어시티,15368,16905,32273,-1537,6,20,월
2022-06-20,6호선,월드컵경기장(성산),4273,4665,8938,-392,6,20,월
2022-06-20,6호선,마포구청,15393,13712,29105,1681,6,20,월
2022-06-20,6호선,망원,13847,14687,28534,-840,6,20,월
2022-06-20,6호선,합정,13171,13045,26216,126,6,20,월
2022-06-20,6호선,상수,8436,9280,17716,-844,6,20,월
2022-06-20,6호선,광흥창(서강),9763,9395,19158,368,6,20,월
2022-06-20,6호선,대흥(서강대앞),8801,9050,17851,-249,6,20,월
2022-06-20,6호선,공덕,19837,19237,39074,600,6,20,월
2022-06-20,6호선,효창공원앞,7854,7013,14867,841,6,20,월
2022-06-20,6호선,삼각지,6990,6164,13154,826,6,20,월
2022-06-20,6호선,녹사평(용산구청),4889,4787,9676,102,6,20,월
2022-06-20,6호선,이태원,10307,10604,20911,-297,6,20,월
2022-06-20,6호선,한강진,7220,8383,15603,-1163,6,20,월
2022-06-20,6호선,버티고개,2263,2313,4576,-50,6,20,월
2022-06-20,6호선,약수,3837,3820,7657,17,6,20,월
2022-06-20,6호선,청구,3810,4056,7866,-246,6,20,월
2022-06-20,6호선,신당,8207,8948,17155,-741,6,20,월
2022-06-20,6호선,동묘앞,8198,8270,16468,-72,6,20,월
2022-06-20,6호선,창신,3882,3210,7092,672,6,20,월
2022-06-20,6호선,보문,8195,7312,15507,883,6,20,월
2022-06-20,6호선,안암(고대병원앞),13867,14098,27965,-231,6,20,월
2022-06-20,6호선,고려대(종암),9157,8780,17937,377,6,20,월
2022-06-20,6호선,월곡(동덕여대),12676,12368,25044,308,6,20,월
2022-06-20,6호선,상월곡(한국과학기술연구원),6664,6105,12769,559,6,20,월
2022-06-20,6호선,돌곶이,9944,9212,19156,732,6,20,월
2022-06-20,6호선,석계,12653,13292,25945,-639,6,20,월
2022-06-20,6호선,태릉입구,5924,6664,12588,-740,6,20,월
2022-06-20,6호선,화랑대(서울여대입구),12877,9944,22821,2933,6,20,월
2022-06-20,6호선,봉화산(서울의료원),9528,8909,18437,619,6,20,월
2022-06-20,7호선,장암,2427,891,3318,1536,6,20,월
2022-06-20,7호선,도봉산,9963,11046,21009,-1083,6,20,월
2022-06-20,7호선,수락산,13036,12813,25849,223,6,20,월
2022-06-20,7호선,마들,13816,12812,26628,1004,6,20,월
2022-06-20,7호선,노원,20708,21260,41968,-552,6,20,월
2022-06-20,7호선,중계,15807,14565,30372,1242,6,20,월
2022-06-20,7호선,하계,18945,17718,36663,1227,6,20,월
2022-06-20,7호선,공릉(서울과학기술대),12604,12484,25088,120,6,20,월
2022-06-20,7호선,태릉입구,9330,8995,18325,335,6,20,월
2022-06-20,7호선,먹골,10629,10616,21245,13,6,20,월
2022-06-20,7호선,중화,11227,11080,22307,147,6,20,월
2022-06-20,7호선,상봉(시외버스터미널),17568,16383,33951,1185,6,20,월
2022-06-20,7호선,면목,16926,16479,33405,447,6,20,월
2022-06-20,7호선,사가정,17029,17127,34156,-98,6,20,월
2022-06-20,7호선,용마산(용마폭포공원),6376,6144,12520,232,6,20,월
2022-06-20,7호선,중곡,11643,10911,22554,732,6,20,월
2022-06-20,7호선,군자(능동),15647,12482,28129,3165,6,20,월
2022-06-20,7호선,어린이대공원(세종대),16232,16543,32775,-311,6,20,월
2022-06-20,7호선,건대입구,13673,14296,27969,-623,6,20,월
2022-06-20,7호선,뚝섬유원지,10000,9574,19574,426,6,20,월
2022-06-20,7호선,청담,21229,23608,44837,-2379,6,20,월
2022-06-20,7호선,강남구청,17202,19160,36362,-1958,6,20,월
2022-06-20,7호선,학동,25928,27264,53192,-1336,6,20,월
2022-06-20,7호선,논현,20495,21761,42256,-1266,6,20,월
2022-06-20,7호선,반포,6410,6212,12622,198,6,20,월
2022-06-20,7호선,고속터미널,17721,14283,32004,3438,6,20,월
2022-06-20,7호선,내방,15436,15636,31072,-200,6,20,월
2022-06-20,7호선,이수,16884,16428,33312,456,6,20,월
2022-06-20,7호선,남성,12195,11356,23551,839,6,20,월
2022-06-20,7호선,숭실대입구(살피재),13463,13808,27271,-345,6,20,월
2022-06-20,7호선,상도,12013,11753,23766,260,6,20,월
2022-06-20,7호선,장승배기,9661,9527,19188,134,6,20,월
2022-06-20,7호선,신대방삼거리,16321,15616,31937,705,6,20,월
2022-06-20,7호선,보라매,9112,9073,18185,39,6,20,월
2022-06-20,7호선,신풍,12240,11680,23920,560,6,20,월
2022-06-20,7호선,대림(구로구청),8269,8319,16588,-50,6,20,월
2022-06-20,7호선,남구로,16858,17715,34573,-857,6,20,월
2022-06-20,7호선,가산디지털단지,48445,48722,97167,-277,6,20,월
2022-06-20,7호선,철산,22237,22780,45017,-543,6,20,월
2022-06-20,7호선,광명사거리,22729,22322,45051,407,6,20,월
2022-06-20,7호선,천왕,12385,11702,24087,683,6,20,월
2022-06-20,7호선,온수(성공회대입구),11529,10866,22395,663,6,20,월
2022-06-20,8호선,암사,20202,17746,37948,2456,6,20,월
2022-06-20,8호선,천호(풍납토성),14866,17178,32044,-2312,6,20,월
2022-06-20,8호선,강동구청,11071,11403,22474,-332,6,20,월
2022-06-20,8호선,몽촌토성(평화의문),6221,6462,12683,-241,6,20,월
2022-06-20,8호선,잠실(송파구청),14244,16998,31242,-2754,6,20,월
2022-06-20,8호선,석촌,7828,8863,16691,-1035,6,20,월
2022-06-20,8호선,송파,8914,8842,17756,72,6,20,월
2022-06-20,8호선,가락시장,8000,8849,16849,-849,6,20,월
2022-06-20,8호선,문정,23042,24398,47440,-1356,6,20,월
2022-06-20,8호선,장지,17735,16968,34703,767,6,20,월
2022-06-20,8호선,복정,10255,8770,19025,1485,6,20,월
2022-06-20,8호선,산성,5624,5694,11318,-70,6,20,월
2022-06-20,8호선,남한산성입구(성남법원.검찰청),15340,14163,29503,1177,6,20,월
2022-06-20,8호선,단대오거리,11506,11174,22680,332,6,20,월
2022-06-20,8호선,신흥,4292,4744,9036,-452,6,20,월
2022-06-20,8호선,수진,5583,5184,10767,399,6,20,월
2022-06-20,8호선,모란,4771,3610,8381,1161,6,20,월
2022-06-20,8호선,남위례,5754,6022,11776,-268,6,20,월
2022-06-20,9호선,개화,2956,2020,4976,936,6,20,월
2022-06-20,9호선,김포공항,7934,11635,19569,-3701,6,20,월
2022-06-20,9호선,공항시장,3238,3406,6644,-168,6,20,월
2022-06-20,9호선,신방화,7381,7120,14501,261,6,20,월
2022-06-20,9호선,마곡나루(서울식물원),13222,13238,26460,-16,6,20,월
2022-06-20,9호선,양천향교,10545,10863,21408,-318,6,20,월
2022-06-20,9호선,등촌,12247,11672,23919,575,6,20,월
2022-06-20,9호선,염창,18696,18068,36764,628,6,20,월
2022-06-20,9호선,신목동,4760,4074,8834,686,6,20,월
2022-06-20,9호선,선유도,9835,9403,19238,432,6,20,월
2022-06-20,9호선,당산,19097,19564,38661,-467,6,20,월
2022-06-20,9호선,국회의사당,16827,17740,34567,-913,6,20,월
2022-06-20,9호선,여의도,30475,29786,60261,689,6,20,월
2022-06-20,9호선,샛강,6885,6945,13830,-60,6,20,월
2022-06-20,9호선,노량진,25796,25772,51568,24,6,20,월
2022-06-20,9호선,노들,4930,4007,8937,923,6,20,월
2022-06-20,9호선,흑석(중앙대입구),9620,9871,19491,-251,6,20,월
2022-06-20,9호선,동작(현충원),2338,1982,4320,356,6,20,월
2022-06-20,9호선,구반포,1369,1377,2746,-8,6,20,월
2022-06-20,9호선,신반포,4065,3924,7989,141,6,20,월
2022-06-20,9호선,고속터미널,13732,16951,30683,-3219,6,20,월
2022-06-20,9호선,사평,4019,3819,7838,200,6,20,월
2022-06-20,9호선,신논현,32325,31629,63954,696,6,20,월
2022-06-20,9호선2~3단계,언주,11281,11701,22982,-420,6,20,월
2022-06-20,9호선2~3단계,선정릉,10991,12019,23010,-1028,6,20,월
2022-06-20,9호선2~3단계,삼성중앙,7812,8316,16128,-504,6,20,월
2022-06-20,9호선2~3단계,봉은사,17747,18099,35846,-352,6,20,월
2022-06-20,9호선2~3단계,종합운동장,4472,4556,9028,-84,6,20,월
2022-06-20,9호선2~3단계,삼전,7247,6825,14072,422,6,20,월
2022-06-20,9호선2~3단계,석촌고분,6547,6326,12873,221,6,20,월
2022-06-20,9호선2~3단계,석촌,9265,8240,17505,1025,6,20,월
2022-06-20,9호선2~3단계,송파나루,5255,5479,10734,-224,6,20,월
2022-06-20,9호선2~3단계,한성백제,2784,2548,5332,236,6,20,월
2022-06-20,9호선2~3단계,올림픽공원(한국체대),6584,6729,13313,-145,6,20,월
2022-06-20,9호선2~3단계,둔촌오륜,1219,1143,2362,76,6,20,월
2022-06-20,9호선2~3단계,중앙보훈병원,12435,11028,23463,1407,6,20,월
2022-06-20,경강선,판교,5485,5427,10912,58,6,20,월
2022-06-20,경강선,이매,1228,1087,2315,141,6,20,월
2022-06-20,경강선,삼동,2776,2513,5289,263,6,20,월
2022-06-20,경강선,경기광주,8487,8059,16546,428,6,20,월
2022-06-20,경강선,초월,3538,3384,6922,154,6,20,월
2022-06-20,경강선,곤지암,2499,2534,5033,-35,6,20,월
2022-06-20,경강선,신둔도예촌,1830,1696,3526,134,6,20,월
2022-06-20,경강선,이천,2735,2860,5595,-125,6,20,월
2022-06-20,경강선,부발,2321,2393,4714,-72,6,20,월
2022-06-20,경강선,세종대왕릉,400,377,777,23,6,20,월
2022-06-20,경강선,여주,2934,2834,5768,100,6,20,월
2022-06-20,경부선,서울역,7887,2496,10383,5391,6,20,월
2022-06-20,경부선,남영,9898,10775,20673,-877,6,20,월
2022-06-20,경부선,용산,37167,38715,75882,-1548,6,20,월
2022-06-20,경부선,노량진,8377,8145,16522,232,6,20,월
2022-06-20,경부선,대방,12463,13292,25755,-829,6,20,월
2022-06-20,경부선,영등포,38410,39776,78186,-1366,6,20,월
2022-06-20,경부선,신도림,4489,4615,9104,-126,6,20,월
2022-06-20,경부선,신길,9803,8607,18410,1196,6,20,월
2022-06-20,경부선,구로,19704,19920,39624,-216,6,20,월
2022-06-20,경부선,가산디지털단지,19835,21682,41517,-1847,6,20,월
2022-06-20,경부선,금천구청,12546,12549,25095,-3,6,20,월
2022-06-20,경부선,석수,10316,9278,19594,1038,6,20,월
2022-06-20,경부선,관악,7900,7444,15344,456,6,20,월
2022-06-20,경부선,안양,29366,28659,58025,707,6,20,월
2022-06-20,경부선,명학,10811,10801,21612,10,6,20,월
2022-06-20,경부선,금정,28882,29054,57936,-172,6,20,월
2022-06-20,경부선,군포,8108,8020,16128,88,6,20,월
2022-06-20,경부선,의왕,9939,9854,19793,85,6,20,월
2022-06-20,경부선,성균관대,15997,15973,31970,24,6,20,월
2022-06-20,경부선,화서,9014,8551,17565,463,6,20,월
2022-06-20,경부선,수원,37092,38924,76016,-1832,6,20,월
2022-06-20,경부선,독산,19893,20662,40555,-769,6,20,월
2022-06-20,경부선,세류,3332,2959,6291,373,6,20,월
2022-06-20,경부선,병점,16084,15913,31997,171,6,20,월
2022-06-20,경부선,세마,3198,3057,6255,141,6,20,월
2022-06-20,경부선,오산대,3815,3543,7358,272,6,20,월
2022-06-20,경부선,오산,10514,10556,21070,-42,6,20,월
2022-06-20,경부선,진위,1989,1806,3795,183,6,20,월
2022-06-20,경부선,송탄,4688,4664,9352,24,6,20,월
2022-06-20,경부선,서정리,7480,7484,14964,-4,6,20,월
2022-06-20,경부선,평택지제,4308,4039,8347,269,6,20,월
2022-06-20,경부선,평택,13219,13756,26975,-537,6,20,월
2022-06-20,경부선,성환,4550,4630,9180,-80,6,20,월
2022-06-20,경부선,직산,927,955,1882,-28,6,20,월
2022-06-20,경부선,두정,7664,8419,16083,-755,6,20,월
2022-06-20,경부선,천안,6659,6557,13216,102,6,20,월
2022-06-20,경부선,당정,7515,6999,14514,516,6,20,월
2022-06-20,경부선,서동탄,1633,1358,2991,275,6,20,월
2022-06-20,경부선,광명,3956,3306,7262,650,6,20,월
2022-06-20,경원선,이촌(국립중앙박물관),4118,3182,7300,936,6,20,월
2022-06-20,경원선,서빙고,2158,1857,4015,301,6,20,월
2022-06-20,경원선,한남,4336,4015,8351,321,6,20,월
2022-06-20,경원선,옥수,51,41,92,10,6,20,월
2022-06-20,경원선,응봉,2147,1787,3934,360,6,20,월
2022-06-20,경원선,왕십리(성동구청),15346,16320,31666,-974,6,20,월
2022-06-20,경원선,청량리(서울시립대입구),16497,16833,33330,-336,6,20,월
2022-06-20,경원선,외대앞,8683,8714,17397,-31,6,20,월
2022-06-20,경원선,신이문,9026,8291,17317,735,6,20,월
2022-06-20,경원선,석계,8641,9822,18463,-1181,6,20,월
2022-06-20,경원선,광운대,8479,8331,16810,148,6,20,월
2022-06-20,경원선,월계,8539,7872,16411,667,6,20,월
2022-06-20,경원선,녹천,5367,4322,9689,1045,6,20,월
2022-06-20,경원선,방학,10642,10303,20945,339,6,20,월
2022-06-20,경원선,도봉,6398,6053,12451,345,6,20,월
2022-06-20,경원선,도봉산,7985,5250,13235,2735,6,20,월
2022-06-20,경원선,망월사,10295,10375,20670,-80,6,20,월
2022-06-20,경원선,회룡,13834,13593,27427,241,6,20,월
2022-06-20,경원선,의정부,18756,19287,38043,-531,6,20,월
2022-06-20,경원선,가능,7525,7139,14664,386,6,20,월
2022-06-20,경원선,녹양,5110,4752,9862,358,6,20,월
2022-06-20,경원선,양주,8542,7908,16450,634,6,20,월
2022-06-20,경원선,덕계,3914,3424,7338,490,6,20,월
2022-06-20,경원선,덕정,6895,6543,13438,352,6,20,월
2022-06-20,경원선,지행,7330,7355,14685,-25,6,20,월
2022-06-20,경원선,동두천중앙,3711,3615,7326,96,6,20,월
2022-06-20,경원선,보산,1870,2063,3933,-193,6,20,월
2022-06-20,경원선,동두천,2884,3107,5991,-223,6,20,월
2022-06-20,경원선,소요산,2823,2371,5194,452,6,20,월
2022-06-20,경의선,서울역,4936,6543,11479,-1607,6,20,월
2022-06-20,경의선,신촌,951,1259,2210,-308,6,20,월
2022-06-20,경의선,효창공원앞,3154,3724,6878,-570,6,20,월
2022-06-20,경의선,공덕,3765,3473,7238,292,6,20,월
2022-06-20,경의선,서강대,2232,2200,4432,32,6,20,월
2022-06-20,경의선,홍대입구,1685,2050,3735,-365,6,20,월
2022-06-20,경의선,가좌,6098,5707,11805,391,6,20,월
2022-06-20,경의선,디지털미디어시티,2873,2639,5512,234,6,20,월
2022-06-20,경의선,수색,3206,3302,6508,-96,6,20,월
2022-06-20,경의선,화전,3377,3155,6532,222,6,20,월
2022-06-20,경의선,강매,3654,3109,6763,545,6,20,월
2022-06-20,경의선,행신,8946,9070,18016,-124,6,20,월
2022-06-20,경의선,능곡,4200,3819,8019,381,6,20,월
2022-06-20,경의선,곡산,688,733,1421,-45,6,20,월
2022-06-20,경의선,백마,7609,7263,14872,346,6,20,월
2022-06-20,경의선,풍산,6182,5751,11933,431,6,20,월
2022-06-20,경의선,일산,10646,10290,20936,356,6,20,월
2022-06-20,경의선,탄현,8657,8175,16832,482,6,20,월
2022-06-20,경의선,야당,8558,8503,17061,55,6,20,월
2022-06-20,경의선,운정,7839,7225,15064,614,6,20,월
2022-06-20,경의선,금릉,5423,5070,10493,353,6,20,월
2022-06-20,경의선,금촌,7165,7015,14180,150,6,20,월
2022-06-20,경의선,월롱,2884,2827,5711,57,6,20,월
2022-06-20,경의선,파주,1655,1185,2840,470,6,20,월
2022-06-20,경의선,문산,5697,5468,11165,229,6,20,월
2022-06-20,수인선,달월,134,77,211,57,6,20,월
2022-06-20,수인선,사리,5198,4551,9749,647,6,20,월
2022-06-20,2호선,방배,17455,17992,35447,-537,6,20,월
2022-06-20,경의선,임진강,8,5,13,3,6,20,월
2022-06-20,경인선,개봉,22764,22138,44902,626,6,20,월
2022-06-20,경인선,오류동,12623,11695,24318,928,6,20,월
2022-06-20,경인선,역곡,30716,30169,60885,547,6,20,월
2022-06-20,경인선,부천,34844,34648,69492,196,6,20,월
2022-06-20,경인선,송내,29516,29236,58752,280,6,20,월
2022-06-20,경인선,부평,30291,32287,62578,-1996,6,20,월
2022-06-20,경인선,백운,7548,7429,14977,119,6,20,월
2022-06-20,경인선,동암,16522,16202,32724,320,6,20,월
2022-06-20,경인선,주안,19882,18064,37946,1818,6,20,월
2022-06-20,경인선,제물포,11994,11630,23624,364,6,20,월
2022-06-20,경인선,동인천,14395,13699,28094,696,6,20,월
2022-06-20,경인선,인천,3798,2905,6703,893,6,20,월
2022-06-20,경인선,구일,7332,7134,14466,198,6,20,월
2022-06-20,경인선,소사,9496,9024,18520,472,6,20,월
2022-06-20,경인선,부개,9508,8721,18229,787,6,20,월
2022-06-20,경인선,간석,6486,5962,12448,524,6,20,월
2022-06-20,경인선,도원,3778,3727,7505,51,6,20,월
2022-06-20,경인선,온수(성공회대입구),7595,7066,14661,529,6,20,월
2022-06-20,경인선,중동,10282,9572,19854,710,6,20,월
2022-06-20,경인선,도화,4688,4300,8988,388,6,20,월
2022-06-20,경춘선,신내,2537,2397,4934,140,6,20,월
2022-06-20,경춘선,갈매,3276,2805,6081,471,6,20,월
2022-06-20,경춘선,별내,3555,3336,6891,219,6,20,월
2022-06-20,경춘선,퇴계원,3898,3547,7445,351,6,20,월
2022-06-20,경춘선,사릉,2832,2587,5419,245,6,20,월
2022-06-20,경춘선,금곡,1713,1724,3437,-11,6,20,월
2022-06-20,경춘선,평내호평,7054,6733,13787,321,6,20,월
2022-06-20,경춘선,천마산,1909,1718,3627,191,6,20,월
2022-06-20,경춘선,마석,4408,4364,8772,44,6,20,월
2022-06-20,경춘선,대성리,799,1236,2035,-437,6,20,월
2022-06-20,경춘선,청평,2001,1949,3950,52,6,20,월
2022-06-20,경춘선,상천,345,337,682,8,6,20,월
2022-06-20,경춘선,가평,2260,2338,4598,-78,6,20,월
2022-06-20,경춘선,굴봉산,181,158,339,23,6,20,월
2022-06-20,경춘선,백양리,101,104,205,-3,6,20,월
2022-06-20,경춘선,강촌,621,568,1189,53,6,20,월
2022-06-20,경춘선,김유정,376,342,718,34,6,20,월
2022-06-20,경춘선,남춘천,2902,3140,6042,-238,6,20,월
2022-06-20,경춘선,춘천,1650,1410,3060,240,6,20,월
2022-06-20,공항철도 1호선,서울역,9483,8477,17960,1006,6,20,월
2022-06-20,공항철도 1호선,공덕,2612,3226,5838,-614,6,20,월
2022-06-20,공항철도 1호선,홍대입구,10209,10212,20421,-3,6,20,월
2022-06-20,공항철도 1호선,디지털미디어시티,15559,14444,30003,1115,6,20,월
2022-06-20,공항철도 1호선,마곡나루(서울식물원),10477,10114,20591,363,6,20,월
2022-06-20,공항철도 1호선,김포공항,12762,7232,19994,5530,6,20,월
2022-06-20,공항철도 1호선,계양,11825,10944,22769,881,6,20,월
2022-06-20,공항철도 1호선,검암,7235,7206,14441,29,6,20,월
2022-06-20,공항철도 1호선,청라국제도시,8008,7455,15463,553,6,20,월
2022-06-20,공항철도 1호선,운서,7694,7895,15589,-201,6,20,월
2022-06-20,공항철도 1호선,공항화물청사,2405,2547,4952,-142,6,20,월
2022-06-20,공항철도 1호선,인천공항1터미널,6698,6627,13325,71,6,20,월
2022-06-20,공항철도 1호선,인천공항2터미널,3328,2927,6255,401,6,20,월
2022-06-20,공항철도 1호선,영종,3622,3576,7198,46,6,20,월
2022-06-20,과천선,선바위,8658,7698,16356,960,6,20,월
2022-06-20,과천선,경마공원,1066,1066,2132,0,6,20,월
2022-06-20,과천선,대공원,2660,2812,5472,-152,6,20,월
2022-06-20,과천선,과천,6727,6536,13263,191,6,20,월
2022-06-20,과천선,정부과천청사,11300,11401,22701,-101,6,20,월
2022-06-20,과천선,인덕원,25691,26410,52101,-719,6,20,월
2022-06-20,과천선,평촌,19272,18847,38119,425,6,20,월
2022-06-20,과천선,범계,27017,27184,54201,-167,6,20,월
2022-06-20,분당선,선릉,14541,22620,37161,-8079,6,20,월
2022-06-20,분당선,한티,15309,16390,31699,-1081,6,20,월
2022-06-20,분당선,도곡,7731,7669,15400,62,6,20,월
2022-06-20,분당선,구룡,2593,2456,5049,137,6,20,월
2022-06-20,분당선,개포동,4037,4148,8185,-111,6,20,월
2022-06-20,분당선,대모산입구,4953,4506,9459,447,6,20,월
2022-06-20,분당선,수서,14825,15221,30046,-396,6,20,월
2022-06-20,분당선,복정,2,0,2,2,6,20,월
2022-06-20,분당선,수원,8268,7154,15422,1114,6,20,월
2022-06-20,분당선,서울숲,11800,12014,23814,-214,6,20,월
2022-06-20,분당선,압구정로데오,18317,20305,38622,-1988,6,20,월
2022-06-20,분당선,강남구청,10368,11823,22191,-1455,6,20,월
2022-06-20,분당선,선정릉,8480,9026,17506,-546,6,20,월
2022-06-20,분당선,가천대,8509,9490,17999,-981,6,20,월
2022-06-20,분당선,태평,13910,13288,27198,622,6,20,월
2022-06-20,분당선,모란,20680,20601,41281,79,6,20,월
2022-06-20,분당선,야탑,27657,28724,56381,-1067,6,20,월
2022-06-20,분당선,서현,24733,24850,49583,-117,6,20,월
2022-06-20,분당선,수내,14490,13167,27657,1323,6,20,월
2022-06-20,분당선,정자,19244,20434,39678,-1190,6,20,월
2022-06-20,분당선,미금,16459,17478,33937,-1019,6,20,월
2022-06-20,분당선,오리,12523,10211,22734,2312,6,20,월
2022-06-20,분당선,이매,6076,5548,11624,528,6,20,월
2022-06-20,분당선,보정,2896,2531,5427,365,6,20,월
2022-06-20,분당선,죽전,14545,16232,30777,-1687,6,20,월
2022-06-20,분당선,구성,5504,5773,11277,-269,6,20,월
2022-06-20,분당선,신갈,4960,4960,9920,0,6,20,월
2022-06-20,분당선,기흥,10934,10436,21370,498,6,20,월
2022-06-20,수인선,인하대,6506,6169,12675,337,6,20,월
2022-06-20,수인선,숭의,4391,4112,8503,279,6,20,월
2022-06-20,수인선,신포,2011,1995,4006,16,6,20,월
2022-06-20,수인선,인천,1058,1806,2864,-748,6,20,월
2022-06-20,신림선,샛강,2185,2753,4938,-568,6,20,월
2022-06-20,신림선,대방,1778,1344,3122,434,6,20,월
2022-06-20,신림선,서울지방병무청,2084,2221,4305,-137,6,20,월
2022-06-20,신림선,보라매,2793,2469,5262,324,6,20,월
2022-06-20,신림선,보라매공원,1656,1799,3455,-143,6,20,월
2022-06-20,신림선,보라매병원,6106,6409,12515,-303,6,20,월
2022-06-20,신림선,당곡,3314,3204,6518,110,6,20,월
2022-06-20,신림선,신림,1613,2222,3835,-609,6,20,월
2022-06-20,신림선,서원,2638,2348,4986,290,6,20,월
2022-06-20,신림선,서울대벤처타운,6112,6318,12430,-206,6,20,월
2022-06-20,신림선,관악산(서울대),2974,3007,5981,-33,6,20,월
2022-06-20,안산선,산본,16894,17938,34832,-1044,6,20,월
2022-06-20,안산선,대야미,5337,4979,10316,358,6,20,월
2022-06-20,안산선,반월,4727,4600,9327,127,6,20,월
2022-06-20,안산선,상록수,17885,17913,35798,-28,6,20,월
2022-06-20,안산선,한대앞,10470,10580,21050,-110,6,20,월
2022-06-20,안산선,중앙,19497,20056,39553,-559,6,20,월
2022-06-20,안산선,고잔,9679,9142,18821,537,6,20,월
2022-06-20,안산선,초지,5631,5927,11558,-296,6,20,월
2022-06-20,안산선,안산,12528,11468,23996,1060,6,20,월
2022-06-20,안산선,신길온천,2037,1789,3826,248,6,20,월
2022-06-20,안산선,정왕,10572,11092,21664,-520,6,20,월
2022-06-20,안산선,오이도,9366,8898,18264,468,6,20,월
2022-06-20,안산선,수리산,4580,3823,8403,757,6,20,월
2022-06-20,우이신설선,북한산우이,2951,2690,5641,261,6,20,월
2022-06-20,우이신설선,솔밭공원,2734,2594,5328,140,6,20,월
2022-06-20,2호선,사당,39479,43737,83216,-4258,6,20,월
2022-06-20,2호선,낙성대(강감찬),28488,27864,56352,624,6,20,월
2022-06-20,2호선,서울대입구(관악구청),47723,47442,95165,281,6,20,월
2022-06-20,2호선,봉천,25355,23578,48933,1777,6,20,월
2022-06-20,2호선,신림,60509,58108,118617,2401,6,20,월
2022-06-20,수인선,야목,469,329,798,140,6,20,월
2022-06-20,수인선,어천,815,895,1710,-80,6,20,월
2022-06-20,2호선,신대방,26936,26185,53121,751,6,20,월
2022-06-20,2호선,구로디지털단지,62812,62604,125416,208,6,20,월
2022-06-20,2호선,대림(구로구청),25663,26111,51774,-448,6,20,월
2022-06-20,2호선,신도림,49600,49102,98702,498,6,20,월
2022-06-20,2호선,문래,23283,23944,47227,-661,6,20,월
2022-06-20,2호선,영등포구청,23659,24670,48329,-1011,6,20,월
2022-06-20,2호선,당산,19327,23165,42492,-3838,6,20,월
2022-06-20,2호선,합정,31175,33215,64390,-2040,6,20,월
2022-06-20,2호선,홍대입구,55533,58503,114036,-2970,6,20,월
2022-06-20,2호선,신촌,33526,34043,67569,-517,6,20,월
2022-06-20,수인선,오목천,3940,3616,7556,324,6,20,월
2022-06-20,수인선,고색,4995,4574,9569,421,6,20,월
2022-06-20,9호선,증미,7943,7808,15751,135,6,20,월
2022-06-20,9호선,가양,22576,22179,44755,397,6,20,월
2022-06-20,분당선,매교,3447,3256,6703,191,6,20,월
2022-06-20,분당선,수원시청,13317,14238,27555,-921,6,20,월
2022-06-20,분당선,매탄권선,5575,5467,11042,108,6,20,월
2022-06-20,분당선,망포,15508,14726,30234,782,6,20,월
2022-06-20,분당선,영통,8481,8839,17320,-358,6,20,월
2022-06-20,분당선,청명,4656,4550,9206,106,6,20,월
2022-06-20,분당선,상갈,5958,5764,11722,194,6,20,월
2022-06-20,1호선,종각,38349,37741,76090,608,6,20,월
2022-06-20,1호선,종로3가,26868,24120,50988,2748,6,20,월
2022-06-20,1호선,종로5가,23684,23953,47637,-269,6,20,월
2022-06-20,1호선,동대문,11584,11058,22642,526,6,20,월
2022-06-20,1호선,신설동,14412,13536,27948,876,6,20,월
2022-06-20,1호선,제기동,18345,18745,37090,-400,6,20,월
2022-06-20,1호선,청량리(서울시립대입구),20874,21023,41897,-149,6,20,월
2022-06-20,2호선,이대,14121,15265,29386,-1144,6,20,월
2022-06-20,2호선,아현,10925,10274,21199,651,6,20,월
2022-06-20,2호선,충정로(경기대입구),10590,11165,21755,-575,6,20,월
2022-06-20,2호선,용답,3136,3183,6319,-47,6,20,월
2022-06-20,2호선,신답,1770,2009,3779,-239,6,20,월
2022-06-20,2호선,신설동,3379,3419,6798,-40,6,20,월
2022-06-20,2호선,도림천,1528,1586,3114,-58,6,20,월
2022-06-20,1호선,동묘앞,8297,8734,17031,-437,6,20,월
2022-06-20,2호선,시청,24857,24279,49136,578,6,20,월
2022-06-20,2호선,잠실(송파구청),69846,70426,140272,-580,6,20,월
2022-06-20,3호선,매봉,13339,13034,26373,305,6,20,월
2022-06-20,3호선,도곡,5765,5792,11557,-27,6,20,월
2022-06-20,3호선,대치,11705,11916,23621,-211,6,20,월
2022-06-20,3호선,학여울,1919,1927,3846,-8,6,20,월
2022-06-20,3호선,대청,11434,10490,21924,944,6,20,월
2022-06-20,3호선,일원,11727,11350,23077,377,6,20,월
2022-06-20,3호선,수서,18081,18725,36806,-644,6,20,월
2022-06-20,3호선,가락시장,9614,9309,18923,305,6,20,월
2022-06-20,3호선,경찰병원,7856,7828,15684,28,6,20,월
2022-06-20,2호선,양천구청,7467,7666,15133,-199,6,20,월
2022-06-20,2호선,신정네거리,10977,11144,22121,-167,6,20,월
2022-06-20,2호선,용두(동대문구청),2500,2565,5065,-65,6,20,월
2022-06-20,3호선,지축,5620,5222,10842,398,6,20,월
2022-06-20,3호선,구파발,22445,21478,43923,967,6,20,월
2022-06-20,3호선,연신내,37992,35880,73872,2112,6,20,월
2022-06-20,3호선,불광,16971,18181,35152,-1210,6,20,월
2022-06-20,3호선,녹번,16564,14915,31479,1649,6,20,월
2022-06-20,3호선,홍제,18685,17768,36453,917,6,20,월
2022-06-20,3호선,무악재,4252,4275,8527,-23,6,20,월
2022-06-20,3호선,독립문,7306,7393,14699,-87,6,20,월
2022-06-20,3호선,경복궁(정부서울청사),26495,28132,54627,-1637,6,20,월
2022-06-20,3호선,안국,23810,23545,47355,265,6,20,월
2022-06-20,3호선,종로3가,10427,12067,22494,-1640,6,20,월
2022-06-20,3호선,을지로3가,11271,11577,22848,-306,6,20,월
2022-06-20,3호선,동대입구,8102,8564,16666,-462,6,20,월
2022-06-20,3호선,약수,13685,13369,27054,316,6,20,월
2022-06-20,3호선,금호,8428,7769,16197,659,6,20,월
2022-06-20,3호선,옥수,9453,9717,19170,-264,6,20,월
2022-06-20,3호선,압구정,34448,36537,70985,-2089,6,20,월
2022-06-20,3호선,신사,29441,30921,60362,-1480,6,20,월
2022-06-20,3호선,잠원,5205,4957,10162,248,6,20,월
2022-06-20,3호선,고속터미널,38612,36290,74902,2322,6,20,월
2022-06-20,3호선,교대(법원.검찰청),15852,10258,26110,5594,6,20,월
2022-06-20,3호선,남부터미널(예술의전당),30068,30792,60860,-724,6,20,월
2022-06-20,3호선,양재(서초구청),39573,43859,83432,-4286,6,20,월
2022-06-20,3호선,오금,6723,6094,12817,629,6,20,월
2022-06-20,4호선,당고개,9343,8398,17741,945,6,20,월
2022-06-20,4호선,상계,19899,18885,38784,1014,6,20,월
2022-06-20,4호선,노원,19102,21693,40795,-2591,6,20,월
2022-06-20,4호선,창동,26675,28154,54829,-1479,6,20,월
2022-06-20,4호선,쌍문,29450,28275,57725,1175,6,20,월
2022-06-20,4호선,수유(강북구청),34247,35253,69500,-1006,6,20,월
2022-06-20,4호선,미아(서울사이버대학),15598,15703,31301,-105,6,20,월
2022-06-20,4호선,미아사거리,27639,28420,56059,-781,6,20,월
2022-06-20,4호선,길음,21244,22520,43764,-1276,6,20,월
2022-06-20,4호선,성신여대입구(돈암),20429,20802,41231,-373,6,20,월
2022-06-20,4호선,한성대입구(삼선교),13374,13585,26959,-211,6,20,월
2022-06-20,4호선,혜화,30796,30433,61229,363,6,20,월
2022-06-20,4호선,동대문,21109,21272,42381,-163,6,20,월
2022-06-20,4호선,동대문역사문화공원(DDP),15561,14230,29791,1331,6,20,월
2022-06-20,4호선,충무로,27850,29092,56942,-1242,6,20,월
2022-06-20,4호선,명동,21679,21313,42992,366,6,20,월
2022-06-20,4호선,회현(남대문시장),26496,26444,52940,52,6,20,월
2022-06-20,4호선,서울역,12331,18394,30725,-6063,6,20,월
2022-06-20,4호선,숙대입구(갈월),13931,13295,27226,636,6,20,월
2022-06-20,4호선,삼각지,5482,6608,12090,-1126,6,20,월
2022-06-20,4호선,신용산,17874,17800,35674,74,6,20,월
2022-06-20,4호선,이촌(국립중앙박물관),8851,9664,18515,-813,6,20,월
2022-06-20,4호선,동작(현충원),1674,1939,3613,-265,6,20,월
2022-06-20,4호선,총신대입구(이수),19847,21774,41621,-1927,6,20,월
2022-06-20,우이신설선,4.19민주묘지,3413,3330,6743,83,6,20,월
2022-06-20,우이신설선,가오리,4565,4558,9123,7,6,20,월
2022-06-20,우이신설선,화계,3718,3376,7094,342,6,20,월
2022-06-20,우이신설선,삼양,2220,2253,4473,-33,6,20,월
2022-06-20,우이신설선,삼양사거리,2712,2623,5335,89,6,20,월
2022-06-20,우이신설선,솔샘,6376,5946,12322,430,6,20,월
2022-06-20,우이신설선,북한산보국문,6398,6040,12438,358,6,20,월
2022-06-20,우이신설선,정릉,5057,4539,9596,518,6,20,월
2022-06-20,우이신설선,성신여대입구(돈암),3811,3911,7722,-100,6,20,월
2022-06-20,우이신설선,보문,1653,1635,3288,18,6,20,월
2022-06-20,우이신설선,신설동,2398,2228,4626,170,6,20,월
2022-06-20,일산선,원흥,11840,11083,22923,757,6,20,월
2022-06-20,일산선,삼송,20796,20159,40955,637,6,20,월
2022-06-20,일산선,원당,12210,11293,23503,917,6,20,월
2022-06-20,일산선,화정,17838,18159,35997,-321,6,20,월
2022-06-20,일산선,대곡,2387,1929,4316,458,6,20,월
2022-06-20,일산선,백석,10392,10329,20721,63,6,20,월
2022-06-20,일산선,마두,8281,8403,16684,-122,6,20,월
2022-06-20,일산선,정발산,7118,7214,14332,-96,6,20,월
2022-06-20,일산선,주엽,10194,10008,20202,186,6,20,월
2022-06-20,일산선,대화,14024,10699,24723,3325,6,20,월
2022-06-20,장항선,봉명,1426,1381,2807,45,6,20,월
2022-06-20,장항선,쌍용(나사렛대),3115,2951,6066,164,6,20,월
2022-06-20,장항선,아산,3987,3254,7241,733,6,20,월
2022-06-20,장항선,탕정,997,838,1835,159,6,20,월
2022-06-20,장항선,배방,1275,1225,2500,50,6,20,월
2022-06-20,장항선,온양온천,4017,4149,8166,-132,6,20,월
2022-06-20,장항선,신창(순천향대),1504,1598,3102,-94,6,20,월
2022-06-20,중앙선,회기,26088,25605,51693,483,6,20,월
2022-06-20,중앙선,중랑,6145,5687,11832,458,6,20,월
2022-06-20,중앙선,상봉(시외버스터미널),6195,6257,12452,-62,6,20,월
2022-06-20,중앙선,망우,8276,8093,16369,183,6,20,월
2022-06-20,중앙선,양원,3436,3309,6745,127,6,20,월
2022-06-20,중앙선,구리,14514,14433,28947,81,6,20,월
2022-06-20,중앙선,도농,12631,11130,23761,1501,6,20,월
2022-06-20,중앙선,양정,800,654,1454,146,6,20,월
2022-06-20,중앙선,덕소,6117,6055,12172,62,6,20,월
2022-06-20,중앙선,도심,2806,2161,4967,645,6,20,월
2022-06-20,중앙선,팔당,962,983,1945,-21,6,20,월
2022-06-20,중앙선,운길산,838,877,1715,-39,6,20,월
2022-06-20,중앙선,양수,2135,2103,4238,32,6,20,월
2022-06-20,중앙선,신원,267,230,497,37,6,20,월
2022-06-20,중앙선,국수,886,833,1719,53,6,20,월
2022-06-20,중앙선,아신,634,630,1264,4,6,20,월
2022-06-20,중앙선,오빈,348,333,681,15,6,20,월
2022-06-20,중앙선,양평,3151,3128,6279,23,6,20,월
2022-06-20,중앙선,원덕,446,424,870,22,6,20,월
2022-06-20,중앙선,용문,3714,3686,7400,28,6,20,월
2022-06-20,중앙선,지평,62,96,158,-34,6,20,월
2022-06-20,4호선,사당,26834,22961,49795,3873,6,20,월
2022-06-20,4호선,남태령,1297,1246,2543,51,6,20,월
2022-06-20,5호선,방화,7139,6913,14052,226,6,20,월
2022-06-20,5호선,개화산,6253,5794,12047,459,6,20,월
2022-06-20,5호선,김포공항,7750,7526,15276,224,6,20,월
2022-06-20,5호선,송정,6965,6555,13520,410,6,20,월
2022-06-20,5호선,마곡,11409,11389,22798,20,6,20,월
2022-06-20,5호선,발산,21992,22741,44733,-749,6,20,월
2022-06-20,5호선,우장산,15638,15447,31085,191,6,20,월
2022-06-20,5호선,화곡,30343,28275,58618,2068,6,20,월
2022-06-20,2호선,을지로입구,42373,43732,86105,-1359,6,20,월
2022-06-20,2호선,을지로3가,24477,24619,49096,-142,6,20,월
2022-06-20,2호선,을지로4가,13904,13766,27670,138,6,20,월
2022-06-20,2호선,동대문역사문화공원(DDP),13000,14654,27654,-1654,6,20,월
2022-06-20,2호선,신당,14458,14773,29231,-315,6,20,월
2022-06-20,2호선,잠실새내,22285,22158,44443,127,6,20,월
2022-06-20,2호선,서초,23231,22309,45540,922,6,20,월
2022-06-20,2호선,종합운동장,7697,8558,16255,-861,6,20,월
2022-06-20,2호선,교대(법원.검찰청),36709,41644,78353,-4935,6,20,월
2022-06-20,2호선,삼성(무역센터),52378,53802,106180,-1424,6,20,월
2022-06-20,2호선,선릉,61700,54868,116568,6832,6,20,월
2022-06-20,2호선,역삼,57268,65252,122520,-7984,6,20,월
2022-06-20,2호선,강남,85408,83388,168796,2020,6,20,월
2022-06-20,2호선,상왕십리,15069,14450,29519,619,6,20,월
2022-06-20,2호선,왕십리(성동구청),17265,13944,31209,3321,6,20,월
2022-06-20,2호선,한양대,12972,14654,27626,-1682,6,20,월
2022-06-20,2호선,뚝섬,22662,24585,47247,-1923,6,20,월
2022-06-20,2호선,성수,38907,42439,81346,-3532,6,20,월
2022-06-20,2호선,건대입구,35989,38814,74803,-2825,6,20,월
2022-06-20,2호선,구의(광진구청),24562,24224,48786,338,6,20,월
2022-06-20,2호선,강변(동서울터미널),33955,31519,65474,2436,6,20,월
2022-06-20,2호선,잠실나루,16108,15752,31860,356,6,20,월
2022-06-20,1호선,서울역,49576,48118,97694,1458,6,20,월
2022-06-20,1호선,시청,24632,25219,49851,-587,6,20,월
2022-06-20,수인선,송도,2747,2562,5309,185,6,20,월
2022-06-20,수인선,연수,4839,4679,9518,160,6,20,월
2022-06-20,수인선,원인재,4662,4857,9519,-195,6,20,월
2022-06-20,수인선,남동인더스파크,2326,2690,5016,-364,6,20,월
2022-06-20,수인선,호구포,4383,4565,8948,-182,6,20,월
2022-06-20,수인선,인천논현,5890,6358,12248,-468,6,20,월
2022-06-20,수인선,소래포구,6182,5702,11884,480,6,20,월
2022-06-20,수인선,월곶,2972,2791,5763,181,6,20,월
2022-06-21,6호선,삼각지,7937,6923,14860,1014,6,21,화
2022-06-21,1호선,서울역,48594,47324,95918,1270,6,21,화
2022-06-21,1호선,시청,25878,26065,51943,-187,6,21,화
2022-06-21,1호선,종각,39741,39028,78769,713,6,21,화
2022-06-21,1호선,종로3가,27088,24735,51823,2353,6,21,화
2022-06-21,1호선,종로5가,24736,24515,49251,221,6,21,화
2022-06-21,1호선,동대문,11557,10734,22291,823,6,21,화
2022-06-21,1호선,신설동,14538,13927,28465,611,6,21,화
2022-06-21,1호선,제기동,17900,18292,36192,-392,6,21,화
2022-06-21,1호선,청량리(서울시립대입구),20952,21021,41973,-69,6,21,화
2022-06-21,1호선,동묘앞,8329,8528,16857,-199,6,21,화
2022-06-21,2호선,시청,26389,25889,52278,500,6,21,화
2022-06-21,2호선,을지로입구,44077,45680,89757,-1603,6,21,화
2022-06-21,2호선,을지로3가,25099,25668,50767,-569,6,21,화
2022-06-21,2호선,을지로4가,14205,14261,28466,-56,6,21,화
2022-06-21,2호선,동대문역사문화공원(DDP),13164,14893,28057,-1729,6,21,화
2022-06-21,2호선,신당,14764,15159,29923,-395,6,21,화
2022-06-21,2호선,상왕십리,15378,15014,30392,364,6,21,화
2022-06-21,2호선,왕십리(성동구청),17958,14761,32719,3197,6,21,화
2022-06-21,2호선,한양대,11731,13126,24857,-1395,6,21,화
2022-06-21,2호선,뚝섬,24139,26260,50399,-2121,6,21,화
2022-06-21,2호선,성수,40317,43879,84196,-3562,6,21,화
2022-06-21,2호선,건대입구,37559,40437,77996,-2878,6,21,화
2022-06-21,2호선,구의(광진구청),25299,24707,50006,592,6,21,화
2022-06-21,2호선,강변(동서울터미널),33757,31397,65154,2360,6,21,화
2022-06-21,2호선,잠실나루,16460,16079,32539,381,6,21,화
2022-06-21,2호선,잠실(송파구청),74912,75052,149964,-140,6,21,화
2022-06-21,2호선,잠실새내,23248,22908,46156,340,6,21,화
2022-06-21,2호선,종합운동장,11509,12742,24251,-1233,6,21,화
2022-06-21,2호선,삼성(무역센터),57038,58393,115431,-1355,6,21,화
2022-06-21,2호선,선릉,64011,56638,120649,7373,6,21,화
2022-06-21,2호선,역삼,59779,67834,127613,-8055,6,21,화
2022-06-21,2호선,강남,88883,87256,176139,1627,6,21,화
2022-06-21,2호선,교대(법원.검찰청),38260,43210,81470,-4950,6,21,화
2022-06-21,2호선,서초,23935,23528,47463,407,6,21,화
2022-06-21,2호선,방배,17968,18705,36673,-737,6,21,화
2022-06-21,2호선,사당,42015,46082,88097,-4067,6,21,화
2022-06-21,2호선,낙성대(강감찬),29591,28880,58471,711,6,21,화
2022-06-21,2호선,서울대입구(관악구청),49502,48486,97988,1016,6,21,화
2022-06-21,2호선,봉천,25943,24037,49980,1906,6,21,화
2022-06-21,2호선,신림,62089,61109,123198,980,6,21,화
2022-06-21,2호선,신대방,27534,26667,54201,867,6,21,화
2022-06-21,2호선,구로디지털단지,63951,64108,128059,-157,6,21,화
2022-06-21,2호선,대림(구로구청),25369,25835,51204,-466,6,21,화
2022-06-21,2호선,신도림,51112,50897,102009,215,6,21,화
2022-06-21,2호선,문래,24186,24922,49108,-736,6,21,화
2022-06-21,2호선,영등포구청,23980,24622,48602,-642,6,21,화
2022-06-21,2호선,당산,19893,23606,43499,-3713,6,21,화
2022-06-21,2호선,합정,32721,34918,67639,-2197,6,21,화
2022-06-21,2호선,홍대입구,58890,63568,122458,-4678,6,21,화
2022-06-21,2호선,신촌,36791,37342,74133,-551,6,21,화
2022-06-21,2호선,이대,14808,15764,30572,-956,6,21,화
2022-06-21,2호선,아현,11534,11010,22544,524,6,21,화
2022-06-21,2호선,충정로(경기대입구),10719,11369,22088,-650,6,21,화
2022-06-21,2호선,용답,3158,3153,6311,5,6,21,화
2022-06-21,2호선,신답,1819,2057,3876,-238,6,21,화
2022-06-21,2호선,신설동,3319,3360,6679,-41,6,21,화
2022-06-21,2호선,도림천,1498,1562,3060,-64,6,21,화
2022-06-21,2호선,양천구청,7514,7702,15216,-188,6,21,화
2022-06-21,2호선,신정네거리,11307,11435,22742,-128,6,21,화
2022-06-21,2호선,용두(동대문구청),2582,2638,5220,-56,6,21,화
2022-06-21,3호선,지축,5773,5347,11120,426,6,21,화
2022-06-21,3호선,구파발,22826,22015,44841,811,6,21,화
2022-06-21,3호선,연신내,38624,36299,74923,2325,6,21,화
2022-06-21,3호선,불광,17303,18643,35946,-1340,6,21,화
2022-06-21,3호선,녹번,16900,15172,32072,1728,6,21,화
2022-06-21,3호선,홍제,18731,17789,36520,942,6,21,화
2022-06-21,3호선,무악재,4345,4290,8635,55,6,21,화
2022-06-21,3호선,독립문,7826,8000,15826,-174,6,21,화
2022-06-21,3호선,경복궁(정부서울청사),22456,22423,44879,33,6,21,화
2022-06-21,3호선,안국,24342,25521,49863,-1179,6,21,화
2022-06-21,3호선,종로3가,10828,12561,23389,-1733,6,21,화
2022-06-21,3호선,을지로3가,11748,11766,23514,-18,6,21,화
2022-06-21,3호선,충무로,3,0,3,3,6,21,화
2022-06-21,3호선,동대입구,8075,8660,16735,-585,6,21,화
2022-06-21,3호선,약수,13958,13387,27345,571,6,21,화
2022-06-21,3호선,금호,8521,7860,16381,661,6,21,화
2022-06-21,3호선,옥수,9589,9839,19428,-250,6,21,화
2022-06-21,3호선,압구정,35095,37820,72915,-2725,6,21,화
2022-06-21,3호선,신사,31077,32968,64045,-1891,6,21,화
2022-06-21,3호선,잠원,5288,5077,10365,211,6,21,화
2022-06-21,3호선,고속터미널,44871,41955,86826,2916,6,21,화
2022-06-21,3호선,교대(법원.검찰청),16252,10512,26764,5740,6,21,화
2022-06-21,3호선,남부터미널(예술의전당),31183,31571,62754,-388,6,21,화
2022-06-21,3호선,양재(서초구청),41501,45381,86882,-3880,6,21,화
2022-06-21,3호선,매봉,13939,13354,27293,585,6,21,화
2022-06-21,3호선,도곡,5904,5953,11857,-49,6,21,화
2022-06-21,3호선,대치,12163,12232,24395,-69,6,21,화
2022-06-21,3호선,학여울,1965,2025,3990,-60,6,21,화
2022-06-21,3호선,대청,11537,10552,22089,985,6,21,화
2022-06-21,3호선,일원,12001,11533,23534,468,6,21,화
2022-06-21,3호선,수서,17922,18599,36521,-677,6,21,화
2022-06-21,3호선,가락시장,9825,9487,19312,338,6,21,화
2022-06-21,3호선,경찰병원,8166,8008,16174,158,6,21,화
2022-06-21,3호선,오금,6735,6155,12890,580,6,21,화
2022-06-21,4호선,당고개,9513,8502,18015,1011,6,21,화
2022-06-21,4호선,상계,20646,19070,39716,1576,6,21,화
2022-06-21,4호선,노원,19294,22009,41303,-2715,6,21,화
2022-06-21,4호선,창동,27025,28503,55528,-1478,6,21,화
2022-06-21,4호선,쌍문,30146,28029,58175,2117,6,21,화
2022-06-21,4호선,수유(강북구청),35608,35495,71103,113,6,21,화
2022-06-21,4호선,미아(서울사이버대학),15728,15260,30988,468,6,21,화
2022-06-21,4호선,미아사거리,28493,27717,56210,776,6,21,화
2022-06-21,4호선,길음,22004,21657,43661,347,6,21,화
2022-06-21,4호선,성신여대입구(돈암),21221,20455,41676,766,6,21,화
2022-06-21,4호선,한성대입구(삼선교),13994,13718,27712,276,6,21,화
2022-06-21,4호선,혜화,33789,34269,68058,-480,6,21,화
2022-06-21,4호선,동대문,21189,21718,42907,-529,6,21,화
2022-06-21,4호선,동대문역사문화공원(DDP),15813,14050,29863,1763,6,21,화
2022-06-21,4호선,충무로,28423,29986,58409,-1563,6,21,화
2022-06-21,4호선,명동,21824,22338,44162,-514,6,21,화
2022-06-21,4호선,회현(남대문시장),27395,28703,56098,-1308,6,21,화
2022-06-21,4호선,서울역,12547,18415,30962,-5868,6,21,화
2022-06-21,4호선,숙대입구(갈월),14528,14075,28603,453,6,21,화
2022-06-21,4호선,삼각지,5785,6584,12369,-799,6,21,화
2022-06-21,4호선,신용산,19162,19889,39051,-727,6,21,화
2022-06-21,4호선,이촌(국립중앙박물관),9213,10126,19339,-913,6,21,화
2022-06-21,4호선,동작(현충원),1539,1792,3331,-253,6,21,화
2022-06-21,4호선,총신대입구(이수),20068,21763,41831,-1695,6,21,화
2022-06-21,4호선,사당,27692,23302,50994,4390,6,21,화
2022-06-21,4호선,남태령,1339,1176,2515,163,6,21,화
2022-06-21,5호선,방화,7311,7028,14339,283,6,21,화
2022-06-21,5호선,개화산,6276,5902,12178,374,6,21,화
2022-06-21,5호선,김포공항,7681,7575,15256,106,6,21,화
2022-06-21,5호선,송정,7044,6562,13606,482,6,21,화
2022-06-21,5호선,마곡,11696,11813,23509,-117,6,21,화
2022-06-21,5호선,발산,22777,23546,46323,-769,6,21,화
2022-06-21,5호선,우장산,15990,15606,31596,384,6,21,화
2022-06-21,5호선,화곡,30490,28345,58835,2145,6,21,화
2022-06-21,5호선,까치산,30971,29363,60334,1608,6,21,화
2022-06-21,5호선,신정(은행정),15198,12234,27432,2964,6,21,화
2022-06-21,5호선,목동,18608,19760,38368,-1152,6,21,화
2022-06-21,5호선,오목교(목동운동장앞),23336,24940,48276,-1604,6,21,화
2022-06-21,5호선,양평,8152,8057,16209,95,6,21,화
2022-06-21,5호선,영등포구청,4408,4633,9041,-225,6,21,화
2022-06-21,5호선,영등포시장,10953,11356,22309,-403,6,21,화
2022-06-21,5호선,신길,4550,4844,9394,-294,6,21,화
2022-06-21,5호선,여의도,31190,33767,64957,-2577,6,21,화
2022-06-21,5호선,여의나루,13516,14797,28313,-1281,6,21,화
2022-06-21,5호선,마포,16161,16407,32568,-246,6,21,화
2022-06-21,5호선,공덕,16206,17000,33206,-794,6,21,화
2022-06-21,5호선,애오개,7560,7486,15046,74,6,21,화
2022-06-21,5호선,충정로(경기대입구),5024,5007,10031,17,6,21,화
2022-06-21,5호선,서대문,21559,22041,43600,-482,6,21,화
2022-06-21,5호선,광화문(세종문화회관),34194,36175,70369,-1981,6,21,화
2022-06-21,5호선,종로3가,13762,13651,27413,111,6,21,화
2022-06-21,5호선,을지로4가,6774,6869,13643,-95,6,21,화
2022-06-21,5호선,동대문역사문화공원(DDP),3167,3797,6964,-630,6,21,화
2022-06-21,5호선,청구,4332,4046,8378,286,6,21,화
2022-06-21,5호선,신금호,7172,7386,14558,-214,6,21,화
2022-06-21,5호선,행당,8830,7758,16588,1072,6,21,화
2022-06-21,5호선,왕십리(성동구청),4875,5625,10500,-750,6,21,화
2022-06-21,5호선,마장,6083,5752,11835,331,6,21,화
2022-06-21,5호선,답십리,17198,15656,32854,1542,6,21,화
2022-06-21,5호선,장한평,19358,19269,38627,89,6,21,화
2022-06-21,5호선,군자(능동),11964,13270,25234,-1306,6,21,화
2022-06-21,5호선,아차산(어린이대공원후문),15418,14904,30322,514,6,21,화
2022-06-21,5호선,광나루(장신대),14445,12919,27364,1526,6,21,화
2022-06-21,5호선,천호(풍납토성),19274,19213,38487,61,6,21,화
2022-06-21,5호선,강동,20090,19167,39257,923,6,21,화
2022-06-21,5호선,길동,8461,8820,17281,-359,6,21,화
2022-06-21,5호선,굽은다리(강동구민회관앞),10310,9853,20163,457,6,21,화
2022-06-21,5호선,명일,9554,9768,19322,-214,6,21,화
2022-06-21,5호선,고덕,10535,10413,20948,122,6,21,화
2022-06-21,5호선,상일동,16563,15187,31750,1376,6,21,화
2022-06-21,5호선,둔촌동,8838,8929,17767,-91,6,21,화
2022-06-21,5호선,올림픽공원(한국체대),4889,4055,8944,834,6,21,화
2022-06-21,5호선,방이,7638,8012,15650,-374,6,21,화
2022-06-21,5호선,오금,4103,4134,8237,-31,6,21,화
2022-06-21,5호선,개롱,7142,7398,14540,-256,6,21,화
2022-06-21,5호선,거여,11516,10804,22320,712,6,21,화
2022-06-21,5호선,마천,7992,7512,15504,480,6,21,화
2022-06-21,5호선,강일,5512,5247,10759,265,6,21,화
2022-06-21,5호선,미사,17328,17522,34850,-194,6,21,화
2022-06-21,5호선,하남풍산,4581,4546,9127,35,6,21,화
2022-06-21,5호선,하남시청(덕풍·신장),7503,7283,14786,220,6,21,화
2022-06-21,5호선,하남검단산,6165,5937,12102,228,6,21,화
2022-06-21,6호선,응암,18839,18710,37549,129,6,21,화
2022-06-21,6호선,역촌,4185,4927,9112,-742,6,21,화
2022-06-21,6호선,불광,4687,4672,9359,15,6,21,화
2022-06-21,6호선,독바위,3029,3102,6131,-73,6,21,화
2022-06-21,6호선,연신내,3,0,3,3,6,21,화
2022-06-21,6호선,구산,8454,6326,14780,2128,6,21,화
2022-06-21,6호선,새절(신사),14167,13300,27467,867,6,21,화
2022-06-21,6호선,증산(명지대앞),10620,10540,21160,80,6,21,화
2022-06-21,6호선,디지털미디어시티,15775,17399,33174,-1624,6,21,화
2022-06-21,6호선,월드컵경기장(성산),4701,5071,9772,-370,6,21,화
2022-06-21,6호선,마포구청,15464,13862,29326,1602,6,21,화
2022-06-21,6호선,망원,14676,15597,30273,-921,6,21,화
2022-06-21,6호선,합정,13997,13641,27638,356,6,21,화
2022-06-21,6호선,상수,8859,10236,19095,-1377,6,21,화
2022-06-21,6호선,광흥창(서강),10171,9772,19943,399,6,21,화
2022-06-21,6호선,대흥(서강대앞),9227,9432,18659,-205,6,21,화
2022-06-21,6호선,공덕,20862,20082,40944,780,6,21,화
2022-06-21,6호선,효창공원앞,7973,7098,15071,875,6,21,화
2022-06-21,6호선,녹사평(용산구청),5440,5432,10872,8,6,21,화
2022-06-21,6호선,이태원,11032,11585,22617,-553,6,21,화
2022-06-21,6호선,한강진,9113,10601,19714,-1488,6,21,화
2022-06-21,6호선,버티고개,2381,2336,4717,45,6,21,화
2022-06-21,6호선,약수,3834,3824,7658,10,6,21,화
2022-06-21,6호선,청구,3871,4150,8021,-279,6,21,화
2022-06-21,6호선,신당,8352,8949,17301,-597,6,21,화
2022-06-21,6호선,동묘앞,8178,8427,16605,-249,6,21,화
2022-06-21,6호선,창신,3970,3233,7203,737,6,21,화
2022-06-21,6호선,보문,8190,7375,15565,815,6,21,화
2022-06-21,6호선,안암(고대병원앞),14012,13887,27899,125,6,21,화
2022-06-21,6호선,고려대(종암),9042,9013,18055,29,6,21,화
2022-06-21,6호선,월곡(동덕여대),12604,12296,24900,308,6,21,화
2022-06-21,6호선,상월곡(한국과학기술연구원),6755,6083,12838,672,6,21,화
2022-06-21,6호선,돌곶이,9897,9594,19491,303,6,21,화
2022-06-21,6호선,석계,12914,13660,26574,-746,6,21,화
2022-06-21,6호선,태릉입구,6076,6795,12871,-719,6,21,화
2022-06-21,6호선,화랑대(서울여대입구),13458,10288,23746,3170,6,21,화
2022-06-21,6호선,봉화산(서울의료원),9711,9070,18781,641,6,21,화
2022-06-21,7호선,장암,2423,928,3351,1495,6,21,화
2022-06-21,7호선,도봉산,10039,11465,21504,-1426,6,21,화
2022-06-21,7호선,수락산,13589,13315,26904,274,6,21,화
2022-06-21,7호선,마들,14050,13181,27231,869,6,21,화
2022-06-21,7호선,노원,20658,21845,42503,-1187,6,21,화
2022-06-21,7호선,중계,15861,14501,30362,1360,6,21,화
2022-06-21,7호선,하계,19571,18296,37867,1275,6,21,화
2022-06-21,7호선,공릉(서울과학기술대),12712,12495,25207,217,6,21,화
2022-06-21,7호선,태릉입구,9999,9164,19163,835,6,21,화
2022-06-21,7호선,먹골,10879,10642,21521,237,6,21,화
2022-06-21,7호선,중화,11486,11210,22696,276,6,21,화
2022-06-21,7호선,상봉(시외버스터미널),18080,16961,35041,1119,6,21,화
2022-06-21,7호선,면목,15854,15430,31284,424,6,21,화
2022-06-21,7호선,사가정,17044,16916,33960,128,6,21,화
2022-06-21,7호선,용마산(용마폭포공원),6406,6300,12706,106,6,21,화
2022-06-21,7호선,중곡,11936,11051,22987,885,6,21,화
2022-06-21,7호선,군자(능동),16262,12910,29172,3352,6,21,화
2022-06-21,7호선,어린이대공원(세종대),16395,16878,33273,-483,6,21,화
2022-06-21,7호선,건대입구,14242,14791,29033,-549,6,21,화
2022-06-21,7호선,뚝섬유원지,10252,9806,20058,446,6,21,화
2022-06-21,7호선,청담,21794,24519,46313,-2725,6,21,화
2022-06-21,7호선,강남구청,18324,20419,38743,-2095,6,21,화
2022-06-21,7호선,학동,26670,28265,54935,-1595,6,21,화
2022-06-21,7호선,논현,21009,22558,43567,-1549,6,21,화
2022-06-21,7호선,반포,6527,6359,12886,168,6,21,화
2022-06-21,7호선,고속터미널,17300,14934,32234,2366,6,21,화
2022-06-21,7호선,내방,15970,16266,32236,-296,6,21,화
2022-06-21,7호선,이수,17489,16977,34466,512,6,21,화
2022-06-21,7호선,남성,12260,11201,23461,1059,6,21,화
2022-06-21,7호선,숭실대입구(살피재),13266,13349,26615,-83,6,21,화
2022-06-21,7호선,상도,12473,12195,24668,278,6,21,화
2022-06-21,7호선,장승배기,9741,9610,19351,131,6,21,화
2022-06-21,7호선,신대방삼거리,17071,15975,33046,1096,6,21,화
2022-06-21,7호선,보라매,9369,9328,18697,41,6,21,화
2022-06-21,7호선,신풍,12557,12000,24557,557,6,21,화
2022-06-21,7호선,대림(구로구청),8234,8293,16527,-59,6,21,화
2022-06-21,7호선,남구로,16986,17991,34977,-1005,6,21,화
2022-06-21,7호선,가산디지털단지,49163,49183,98346,-20,6,21,화
2022-06-21,7호선,철산,22848,23185,46033,-337,6,21,화
2022-06-21,7호선,광명사거리,22815,22657,45472,158,6,21,화
2022-06-21,7호선,천왕,12596,12018,24614,578,6,21,화
2022-06-21,7호선,온수(성공회대입구),11710,11034,22744,676,6,21,화
2022-06-21,8호선,암사,20463,17835,38298,2628,6,21,화
2022-06-21,8호선,천호(풍납토성),15549,17858,33407,-2309,6,21,화
2022-06-21,8호선,강동구청,11303,11723,23026,-420,6,21,화
2022-06-21,8호선,몽촌토성(평화의문),6555,6733,13288,-178,6,21,화
2022-06-21,8호선,잠실(송파구청),14995,18017,33012,-3022,6,21,화
2022-06-21,8호선,석촌,8194,9205,17399,-1011,6,21,화
2022-06-21,8호선,송파,9177,8934,18111,243,6,21,화
2022-06-21,8호선,가락시장,8366,9164,17530,-798,6,21,화
2022-06-21,8호선,문정,23502,24828,48330,-1326,6,21,화
2022-06-21,8호선,장지,18579,17676,36255,903,6,21,화
2022-06-21,8호선,복정,10500,9092,19592,1408,6,21,화
2022-06-21,8호선,산성,5768,5898,11666,-130,6,21,화
2022-06-21,8호선,남한산성입구(성남법원.검찰청),15199,13821,29020,1378,6,21,화
2022-06-21,8호선,단대오거리,11658,11222,22880,436,6,21,화
2022-06-21,8호선,신흥,4330,4686,9016,-356,6,21,화
2022-06-21,8호선,수진,5715,5249,10964,466,6,21,화
2022-06-21,8호선,모란,4787,3771,8558,1016,6,21,화
2022-06-21,8호선,남위례,5926,6269,12195,-343,6,21,화
2022-06-21,9호선,개화,3027,2029,5056,998,6,21,화
2022-06-21,9호선,김포공항,8067,12041,20108,-3974,6,21,화
2022-06-21,9호선,공항시장,3147,3492,6639,-345,6,21,화
2022-06-21,9호선,신방화,7431,7194,14625,237,6,21,화
2022-06-21,9호선,마곡나루(서울식물원),13669,13641,27310,28,6,21,화
2022-06-21,9호선,양천향교,10795,11008,21803,-213,6,21,화
2022-06-21,9호선,가양,22957,22344,45301,613,6,21,화
2022-06-21,9호선,증미,8147,7911,16058,236,6,21,화
2022-06-21,9호선,등촌,12537,11831,24368,706,6,21,화
2022-06-21,9호선,염창,18956,18387,37343,569,6,21,화
2022-06-21,9호선,신목동,4792,4126,8918,666,6,21,화
2022-06-21,9호선,선유도,9745,9399,19144,346,6,21,화
2022-06-21,9호선,당산,20479,20792,41271,-313,6,21,화
2022-06-21,9호선,국회의사당,18300,19122,37422,-822,6,21,화
2022-06-21,9호선,여의도,31639,30809,62448,830,6,21,화
2022-06-21,9호선,샛강,7163,7349,14512,-186,6,21,화
2022-06-21,9호선,노량진,26866,26361,53227,505,6,21,화
2022-06-21,9호선,노들,5020,4239,9259,781,6,21,화
2022-06-21,9호선,흑석(중앙대입구),9988,10261,20249,-273,6,21,화
2022-06-21,9호선,동작(현충원),2194,1780,3974,414,6,21,화
2022-06-21,9호선,구반포,1343,1369,2712,-26,6,21,화
2022-06-21,9호선,신반포,4072,3878,7950,194,6,21,화
2022-06-21,9호선,고속터미널,14374,17774,32148,-3400,6,21,화
2022-06-21,9호선,신논현,33447,33217,66664,230,6,21,화
2022-06-21,9호선2~3단계,언주,11814,12168,23982,-354,6,21,화
2022-06-21,9호선2~3단계,선정릉,11204,12478,23682,-1274,6,21,화
2022-06-21,9호선2~3단계,삼성중앙,8081,8703,16784,-622,6,21,화
2022-06-21,9호선2~3단계,봉은사,18614,18936,37550,-322,6,21,화
2022-06-21,9호선2~3단계,종합운동장,4789,4806,9595,-17,6,21,화
2022-06-21,9호선2~3단계,삼전,7384,6988,14372,396,6,21,화
2022-06-21,9호선2~3단계,석촌고분,6819,6585,13404,234,6,21,화
2022-06-21,9호선2~3단계,석촌,9510,8347,17857,1163,6,21,화
2022-06-21,9호선2~3단계,송파나루,5445,5762,11207,-317,6,21,화
2022-06-21,9호선2~3단계,한성백제,2863,2598,5461,265,6,21,화
2022-06-21,9호선2~3단계,올림픽공원(한국체대),6654,6845,13499,-191,6,21,화
2022-06-21,9호선2~3단계,둔촌오륜,1220,1110,2330,110,6,21,화
2022-06-21,9호선2~3단계,중앙보훈병원,12485,11083,23568,1402,6,21,화
2022-06-21,경강선,판교,5616,5574,11190,42,6,21,화
2022-06-21,경강선,이매,1293,1104,2397,189,6,21,화
2022-06-21,경강선,삼동,2714,2497,5211,217,6,21,화
2022-06-21,경강선,경기광주,8645,8087,16732,558,6,21,화
2022-06-21,경강선,초월,3582,3474,7056,108,6,21,화
2022-06-21,경강선,곤지암,2518,2505,5023,13,6,21,화
2022-06-21,경강선,신둔도예촌,1865,1660,3525,205,6,21,화
2022-06-21,경강선,이천,2822,2836,5658,-14,6,21,화
2022-06-21,경강선,부발,2144,2166,4310,-22,6,21,화
2022-06-21,경강선,세종대왕릉,355,376,731,-21,6,21,화
2022-06-21,경강선,여주,2711,2716,5427,-5,6,21,화
2022-06-21,경부선,서울역,7323,2159,9482,5164,6,21,화
2022-06-21,경부선,남영,10120,10803,20923,-683,6,21,화
2022-06-21,경부선,용산,37469,37663,75132,-194,6,21,화
2022-06-21,경부선,노량진,8336,8079,16415,257,6,21,화
2022-06-21,경부선,대방,12676,13540,26216,-864,6,21,화
2022-06-21,경부선,영등포,40237,41285,81522,-1048,6,21,화
2022-06-21,경부선,신도림,4536,4710,9246,-174,6,21,화
2022-06-21,경부선,신길,9952,8686,18638,1266,6,21,화
2022-06-21,경부선,구로,19707,20152,39859,-445,6,21,화
2022-06-21,경부선,가산디지털단지,20015,23102,43117,-3087,6,21,화
2022-06-21,경부선,금천구청,12665,12626,25291,39,6,21,화
2022-06-21,경부선,석수,10327,9355,19682,972,6,21,화
2022-06-21,경부선,관악,7989,7514,15503,475,6,21,화
2022-06-21,경부선,안양,28725,28440,57165,285,6,21,화
2022-06-21,경부선,명학,10076,9916,19992,160,6,21,화
2022-06-21,경부선,금정,29531,29622,59153,-91,6,21,화
2022-06-21,경부선,군포,8259,8118,16377,141,6,21,화
2022-06-21,경부선,의왕,9739,9699,19438,40,6,21,화
2022-06-21,경부선,성균관대,16016,15803,31819,213,6,21,화
2022-06-21,경부선,화서,9139,8797,17936,342,6,21,화
2022-06-21,경부선,수원,36836,39005,75841,-2169,6,21,화
2022-06-21,경부선,독산,20155,21073,41228,-918,6,21,화
2022-06-21,경부선,세류,3301,2907,6208,394,6,21,화
2022-06-21,경부선,병점,15678,15644,31322,34,6,21,화
2022-06-21,경부선,세마,3079,2978,6057,101,6,21,화
2022-06-21,경부선,오산대,3948,3694,7642,254,6,21,화
2022-06-21,경부선,오산,10161,10113,20274,48,6,21,화
2022-06-21,경부선,진위,1985,1798,3783,187,6,21,화
2022-06-21,경부선,송탄,4293,4265,8558,28,6,21,화
2022-06-21,경부선,서정리,7389,6933,14322,456,6,21,화
2022-06-21,경부선,평택지제,3920,3835,7755,85,6,21,화
2022-06-21,경부선,평택,12236,12074,24310,162,6,21,화
2022-06-21,경부선,성환,3980,3822,7802,158,6,21,화
2022-06-21,경부선,직산,938,903,1841,35,6,21,화
2022-06-21,경부선,두정,6679,6373,13052,306,6,21,화
2022-06-21,경부선,천안,5798,5753,11551,45,6,21,화
2022-06-21,경부선,당정,7359,7007,14366,352,6,21,화
2022-06-21,경부선,서동탄,1645,1411,3056,234,6,21,화
2022-06-21,경부선,광명,3755,3227,6982,528,6,21,화
2022-06-21,경원선,이촌(국립중앙박물관),4221,3259,7480,962,6,21,화
2022-06-21,경원선,서빙고,2269,2108,4377,161,6,21,화
2022-06-21,경원선,한남,4443,4196,8639,247,6,21,화
2022-06-21,경원선,옥수,39,49,88,-10,6,21,화
2022-06-21,경원선,응봉,2173,1775,3948,398,6,21,화
2022-06-21,경원선,왕십리(성동구청),16087,17269,33356,-1182,6,21,화
2022-06-21,경원선,청량리(서울시립대입구),16599,16913,33512,-314,6,21,화
2022-06-21,경원선,외대앞,8967,8848,17815,119,6,21,화
2022-06-21,경원선,신이문,8902,8183,17085,719,6,21,화
2022-06-21,경원선,석계,8807,9980,18787,-1173,6,21,화
2022-06-21,경원선,광운대,8262,8060,16322,202,6,21,화
2022-06-21,경원선,월계,7971,7425,15396,546,6,21,화
2022-06-21,경원선,녹천,5129,4213,9342,916,6,21,화
2022-06-21,경원선,창동,1,0,1,1,6,21,화
2022-06-21,경원선,방학,10774,10465,21239,309,6,21,화
2022-06-21,경원선,도봉,6531,6203,12734,328,6,21,화
2022-06-21,경원선,도봉산,8245,5483,13728,2762,6,21,화
2022-06-21,경원선,망월사,10473,10578,21051,-105,6,21,화
2022-06-21,경원선,회룡,13845,13575,27420,270,6,21,화
2022-06-21,경원선,의정부,19622,20455,40077,-833,6,21,화
2022-06-21,경원선,가능,7527,7209,14736,318,6,21,화
2022-06-21,경원선,녹양,5014,4712,9726,302,6,21,화
2022-06-21,경원선,양주,8510,7960,16470,550,6,21,화
2022-06-21,경원선,덕계,3969,3429,7398,540,6,21,화
2022-06-21,경원선,덕정,6691,6367,13058,324,6,21,화
2022-06-21,경원선,지행,7485,7530,15015,-45,6,21,화
2022-06-21,경원선,동두천중앙,3505,3357,6862,148,6,21,화
2022-06-21,경원선,보산,1599,1455,3054,144,6,21,화
2022-06-21,경원선,동두천,2922,3280,6202,-358,6,21,화
2022-06-21,경원선,소요산,3016,2562,5578,454,6,21,화
2022-06-21,경의선,서울역,5050,6426,11476,-1376,6,21,화
2022-06-21,경의선,신촌,1006,1250,2256,-244,6,21,화
2022-06-21,경의선,효창공원앞,3262,3746,7008,-484,6,21,화
2022-06-21,경의선,공덕,3997,3605,7602,392,6,21,화
2022-06-21,경의선,서강대,2277,2317,4594,-40,6,21,화
2022-06-21,경의선,홍대입구,1830,2164,3994,-334,6,21,화
2022-06-21,경의선,가좌,6267,5830,12097,437,6,21,화
2022-06-21,경의선,디지털미디어시티,2958,2725,5683,233,6,21,화
2022-06-21,경의선,수색,3180,3370,6550,-190,6,21,화
2022-06-21,경의선,화전,3516,3227,6743,289,6,21,화
2022-06-21,경의선,강매,3665,3263,6928,402,6,21,화
2022-06-21,경의선,행신,8944,8906,17850,38,6,21,화
2022-06-21,경의선,능곡,4274,3863,8137,411,6,21,화
2022-06-21,경의선,곡산,730,763,1493,-33,6,21,화
2022-06-21,경의선,백마,7832,7474,15306,358,6,21,화
2022-06-21,경의선,풍산,6216,5796,12012,420,6,21,화
2022-06-21,경의선,일산,10538,10495,21033,43,6,21,화
2022-06-21,경의선,탄현,8701,8074,16775,627,6,21,화
2022-06-21,경의선,야당,8565,8498,17063,67,6,21,화
2022-06-21,경의선,운정,7706,7210,14916,496,6,21,화
2022-06-21,경의선,금릉,5298,5208,10506,90,6,21,화
2022-06-21,경의선,금촌,7394,7237,14631,157,6,21,화
2022-06-21,경의선,월롱,3039,2730,5769,309,6,21,화
2022-06-21,경의선,파주,1260,838,2098,422,6,21,화
2022-06-21,경의선,문산,5704,5797,11501,-93,6,21,화
2022-06-21,경의선,임진강,22,12,34,10,6,21,화
2022-06-21,경의선,계양,1,0,1,1,6,21,화
2022-06-21,경인선,개봉,23027,22392,45419,635,6,21,화
2022-06-21,경인선,오류동,12752,11625,24377,1127,6,21,화
2022-06-21,경인선,역곡,31640,31110,62750,530,6,21,화
2022-06-21,경인선,부천,34656,34623,69279,33,6,21,화
2022-06-21,경인선,송내,30150,29919,60069,231,6,21,화
2022-06-21,경인선,부평,30212,32492,62704,-2280,6,21,화
2022-06-21,경인선,백운,7675,7483,15158,192,6,21,화
2022-06-21,경인선,동암,16577,16517,33094,60,6,21,화
2022-06-21,경인선,주안,20111,18196,38307,1915,6,21,화
2022-06-21,경인선,제물포,12416,11794,24210,622,6,21,화
2022-06-21,경인선,동인천,14945,14067,29012,878,6,21,화
2022-06-21,경인선,인천,4167,3384,7551,783,6,21,화
2022-06-21,경인선,구일,8086,7828,15914,258,6,21,화
2022-06-21,경인선,소사,9366,9110,18476,256,6,21,화
2022-06-21,경인선,부개,9669,8832,18501,837,6,21,화
2022-06-21,경인선,간석,6573,6149,12722,424,6,21,화
2022-06-21,경인선,도원,3974,3945,7919,29,6,21,화
2022-06-21,경인선,온수(성공회대입구),7678,7218,14896,460,6,21,화
2022-06-21,경인선,중동,10311,9548,19859,763,6,21,화
2022-06-21,경인선,도화,4826,4411,9237,415,6,21,화
2022-06-21,경춘선,신내,2635,2453,5088,182,6,21,화
2022-06-21,경춘선,갈매,3285,2880,6165,405,6,21,화
2022-06-21,경춘선,별내,3614,3312,6926,302,6,21,화
2022-06-21,경춘선,퇴계원,3974,3600,7574,374,6,21,화
2022-06-21,경춘선,사릉,2686,2621,5307,65,6,21,화
2022-06-21,경춘선,금곡,1770,1745,3515,25,6,21,화
2022-06-21,경춘선,평내호평,6870,6738,13608,132,6,21,화
2022-06-21,경춘선,천마산,1915,1801,3716,114,6,21,화
2022-06-21,경춘선,마석,4382,4370,8752,12,6,21,화
2022-06-21,경춘선,대성리,1224,1425,2649,-201,6,21,화
2022-06-21,경춘선,청평,2023,1968,3991,55,6,21,화
2022-06-21,경춘선,상천,316,324,640,-8,6,21,화
2022-06-21,경춘선,가평,2418,2448,4866,-30,6,21,화
2022-06-21,경춘선,굴봉산,189,187,376,2,6,21,화
2022-06-21,경춘선,백양리,145,130,275,15,6,21,화
2022-06-21,경춘선,강촌,722,594,1316,128,6,21,화
2022-06-21,경춘선,김유정,392,456,848,-64,6,21,화
2022-06-21,경춘선,남춘천,3233,2963,6196,270,6,21,화
2022-06-21,경춘선,춘천,1540,1364,2904,176,6,21,화
2022-06-21,공항철도 1호선,서울역,9008,8035,17043,973,6,21,화
2022-06-21,공항철도 1호선,공덕,2619,3390,6009,-771,6,21,화
2022-06-21,공항철도 1호선,홍대입구,10965,11142,22107,-177,6,21,화
2022-06-21,공항철도 1호선,디지털미디어시티,15966,14880,30846,1086,6,21,화
2022-06-21,공항철도 1호선,마곡나루(서울식물원),10891,10446,21337,445,6,21,화
2022-06-21,공항철도 1호선,김포공항,12396,7157,19553,5239,6,21,화
2022-06-21,공항철도 1호선,계양,11987,11110,23097,877,6,21,화
2022-06-21,공항철도 1호선,검암,7533,7493,15026,40,6,21,화
2022-06-21,공항철도 1호선,청라국제도시,8124,7685,15809,439,6,21,화
2022-06-21,공항철도 1호선,운서,7910,8039,15949,-129,6,21,화
2022-06-21,공항철도 1호선,공항화물청사,2512,2662,5174,-150,6,21,화
2022-06-21,공항철도 1호선,인천공항1터미널,6584,6654,13238,-70,6,21,화
2022-06-21,공항철도 1호선,인천공항2터미널,3132,3211,6343,-79,6,21,화
2022-06-21,공항철도 1호선,영종,3465,3540,7005,-75,6,21,화
2022-06-21,과천선,선바위,8807,7806,16613,1001,6,21,화
2022-06-21,과천선,경마공원,1681,1676,3357,5,6,21,화
2022-06-21,과천선,대공원,3329,3473,6802,-144,6,21,화
2022-06-21,과천선,과천,7063,6500,13563,563,6,21,화
2022-06-21,과천선,정부과천청사,11914,11793,23707,121,6,21,화
2022-06-21,과천선,인덕원,26420,27316,53736,-896,6,21,화
2022-06-21,과천선,평촌,19929,19400,39329,529,6,21,화
2022-06-21,과천선,범계,28039,28067,56106,-28,6,21,화
2022-06-21,분당선,선릉,15306,23452,38758,-8146,6,21,화
2022-06-21,분당선,한티,15856,17038,32894,-1182,6,21,화
2022-06-21,분당선,도곡,7880,7828,15708,52,6,21,화
2022-06-21,분당선,구룡,2615,2442,5057,173,6,21,화
2022-06-21,분당선,개포동,4187,4290,8477,-103,6,21,화
2022-06-21,분당선,대모산입구,4969,4557,9526,412,6,21,화
2022-06-21,분당선,수서,14931,15142,30073,-211,6,21,화
2022-06-21,분당선,수원,8683,7354,16037,1329,6,21,화
2022-06-21,분당선,서울숲,12620,13118,25738,-498,6,21,화
2022-06-21,분당선,압구정로데오,20857,23131,43988,-2274,6,21,화
2022-06-21,분당선,강남구청,10729,12348,23077,-1619,6,21,화
2022-06-21,분당선,선정릉,8444,9156,17600,-712,6,21,화
2022-06-21,분당선,가천대,8342,9292,17634,-950,6,21,화
2022-06-21,분당선,태평,14389,13648,28037,741,6,21,화
2022-06-21,분당선,모란,21210,21077,42287,133,6,21,화
2022-06-21,분당선,야탑,28035,29472,57507,-1437,6,21,화
2022-06-21,분당선,서현,26545,26540,53085,5,6,21,화
2022-06-21,분당선,수내,14909,14964,29873,-55,6,21,화
2022-06-21,분당선,정자,19820,21024,40844,-1204,6,21,화
2022-06-21,분당선,미금,16643,17788,34431,-1145,6,21,화
2022-06-21,분당선,오리,12800,10424,23224,2376,6,21,화
2022-06-21,분당선,이매,6359,5945,12304,414,6,21,화
2022-06-21,분당선,보정,3061,2559,5620,502,6,21,화
2022-06-21,분당선,죽전,14451,15785,30236,-1334,6,21,화
2022-06-21,분당선,구성,5604,5832,11436,-228,6,21,화
2022-06-21,분당선,신갈,5200,5218,10418,-18,6,21,화
2022-06-21,분당선,기흥,11025,10414,21439,611,6,21,화
2022-06-21,분당선,상갈,6142,5867,12009,275,6,21,화
2022-06-21,분당선,청명,4756,4544,9300,212,6,21,화
2022-06-21,분당선,영통,8630,8828,17458,-198,6,21,화
2022-06-21,분당선,망포,15855,14951,30806,904,6,21,화
2022-06-21,분당선,매탄권선,5768,5471,11239,297,6,21,화
2022-06-21,분당선,수원시청,13473,14359,27832,-886,6,21,화
2022-06-21,분당선,매교,3405,3382,6787,23,6,21,화
2022-06-21,수인선,고색,4916,4664,9580,252,6,21,화
2022-06-21,수인선,오목천,3760,3470,7230,290,6,21,화
2022-06-21,수인선,어천,890,919,1809,-29,6,21,화
2022-06-21,수인선,야목,462,314,776,148,6,21,화
2022-06-21,수인선,사리,5260,4614,9874,646,6,21,화
2022-06-21,수인선,달월,138,99,237,39,6,21,화
2022-06-21,수인선,월곶,2960,2762,5722,198,6,21,화
2022-06-21,수인선,소래포구,6420,6004,12424,416,6,21,화
2022-06-21,수인선,인천논현,5939,6338,12277,-399,6,21,화
2022-06-21,수인선,호구포,4535,4703,9238,-168,6,21,화
2022-06-21,수인선,남동인더스파크,2558,2816,5374,-258,6,21,화
2022-06-21,수인선,원인재,4755,4992,9747,-237,6,21,화
2022-06-21,수인선,연수,4967,4863,9830,104,6,21,화
2022-06-21,수인선,송도,2648,2471,5119,177,6,21,화
2022-06-21,수인선,인하대,6716,6366,13082,350,6,21,화
2022-06-21,수인선,숭의,4436,4179,8615,257,6,21,화
2022-06-21,수인선,신포,2063,2120,4183,-57,6,21,화
2022-06-21,수인선,인천,1163,1819,2982,-656,6,21,화
2022-06-21,신림선,샛강,2039,3031,5070,-992,6,21,화
2022-06-21,신림선,대방,1878,1841,3719,37,6,21,화
2022-06-21,신림선,서울지방병무청,2017,1895,3912,122,6,21,화
2022-06-21,신림선,보라매,2586,2642,5228,-56,6,21,화
2022-06-21,신림선,보라매공원,1585,1974,3559,-389,6,21,화
2022-06-21,신림선,보라매병원,5744,6331,12075,-587,6,21,화
2022-06-21,신림선,당곡,3162,2709,5871,453,6,21,화
2022-06-21,신림선,신림,1466,1938,3404,-472,6,21,화
2022-06-21,신림선,서원,2626,1954,4580,672,6,21,화
2022-06-21,신림선,서울대벤처타운,5808,4848,10656,960,6,21,화
2022-06-21,신림선,관악산(서울대),2830,2829,5659,1,6,21,화
2022-06-21,안산선,산본,17222,18686,35908,-1464,6,21,화
2022-06-21,안산선,대야미,5536,4892,10428,644,6,21,화
2022-06-21,안산선,반월,4783,4647,9430,136,6,21,화
2022-06-21,안산선,상록수,17617,17777,35394,-160,6,21,화
2022-06-21,안산선,한대앞,10792,10899,21691,-107,6,21,화
2022-06-21,안산선,중앙,19870,20815,40685,-945,6,21,화
2022-06-21,안산선,고잔,9812,9396,19208,416,6,21,화
2022-06-21,안산선,초지,5601,5855,11456,-254,6,21,화
2022-06-21,안산선,안산,12386,11164,23550,1222,6,21,화
2022-06-21,안산선,신길온천,1952,1785,3737,167,6,21,화
2022-06-21,안산선,정왕,10195,10290,20485,-95,6,21,화
2022-06-21,안산선,오이도,9351,9048,18399,303,6,21,화
2022-06-21,안산선,수리산,4598,3805,8403,793,6,21,화
2022-06-21,우이신설선,북한산우이,2987,2718,5705,269,6,21,화
2022-06-21,우이신설선,솔밭공원,2703,2623,5326,80,6,21,화
2022-06-21,우이신설선,4.19민주묘지,3408,3172,6580,236,6,21,화
2022-06-21,우이신설선,가오리,4488,4437,8925,51,6,21,화
2022-06-21,우이신설선,화계,3686,3445,7131,241,6,21,화
2022-06-21,우이신설선,삼양,2196,2188,4384,8,6,21,화
2022-06-21,우이신설선,삼양사거리,2670,2595,5265,75,6,21,화
2022-06-21,우이신설선,솔샘,6396,5963,12359,433,6,21,화
2022-06-21,우이신설선,북한산보국문,6392,6154,12546,238,6,21,화
2022-06-21,우이신설선,정릉,5047,4575,9622,472,6,21,화
2022-06-21,우이신설선,성신여대입구(돈암),3565,4013,7578,-448,6,21,화
2022-06-21,우이신설선,보문,1661,1719,3380,-58,6,21,화
2022-06-21,우이신설선,신설동,2345,2280,4625,65,6,21,화
2022-06-21,일산선,원흥,12149,11419,23568,730,6,21,화
2022-06-21,일산선,삼송,21142,20632,41774,510,6,21,화
2022-06-21,일산선,원당,12177,11349,23526,828,6,21,화
2022-06-21,일산선,화정,18189,18345,36534,-156,6,21,화
2022-06-21,일산선,대곡,2423,1899,4322,524,6,21,화
2022-06-21,일산선,백석,10572,10472,21044,100,6,21,화
2022-06-21,일산선,마두,8229,8390,16619,-161,6,21,화
2022-06-21,일산선,정발산,7507,7668,15175,-161,6,21,화
2022-06-21,일산선,주엽,10155,10179,20334,-24,6,21,화
2022-06-21,일산선,대화,14001,10815,24816,3186,6,21,화
2022-06-21,장항선,봉명,1372,1351,2723,21,6,21,화
2022-06-21,장항선,쌍용(나사렛대),2511,2202,4713,309,6,21,화
2022-06-21,장항선,아산,3424,2976,6400,448,6,21,화
2022-06-21,장항선,탕정,965,851,1816,114,6,21,화
2022-06-21,장항선,배방,1117,1164,2281,-47,6,21,화
2022-06-21,장항선,온양온천,3751,3924,7675,-173,6,21,화
2022-06-21,장항선,신창(순천향대),1421,1495,2916,-74,6,21,화
2022-06-21,중앙선,회기,27715,26340,54055,1375,6,21,화
2022-06-21,중앙선,중랑,6206,5672,11878,534,6,21,화
2022-06-21,중앙선,상봉(시외버스터미널),6215,6217,12432,-2,6,21,화
2022-06-21,중앙선,망우,8277,8072,16349,205,6,21,화
2022-06-21,중앙선,양원,3385,3337,6722,48,6,21,화
2022-06-21,중앙선,구리,14501,14567,29068,-66,6,21,화
2022-06-21,중앙선,도농,12428,11151,23579,1277,6,21,화
2022-06-21,중앙선,양정,790,695,1485,95,6,21,화
2022-06-21,중앙선,덕소,5976,6007,11983,-31,6,21,화
2022-06-21,중앙선,도심,2768,2152,4920,616,6,21,화
2022-06-21,중앙선,팔당,990,939,1929,51,6,21,화
2022-06-21,중앙선,운길산,951,946,1897,5,6,21,화
2022-06-21,중앙선,양수,2245,2254,4499,-9,6,21,화
2022-06-21,중앙선,신원,213,188,401,25,6,21,화
2022-06-21,중앙선,국수,872,818,1690,54,6,21,화
2022-06-21,중앙선,아신,638,651,1289,-13,6,21,화
2022-06-21,중앙선,오빈,365,360,725,5,6,21,화
2022-06-21,중앙선,양평,3115,3090,6205,25,6,21,화
2022-06-21,중앙선,원덕,433,383,816,50,6,21,화
2022-06-21,중앙선,용문,2151,2147,4298,4,6,21,화
2022-06-21,중앙선,지평,70,90,160,-20,6,21,화
2022-06-21,9호선,사평,4087,3918,8005,169,6,21,화
2022-06-22,과천선,과천,7191,6552,13743,639,6,22,수
2022-06-22,과천선,정부과천청사,11825,11759,23584,66,6,22,수
2022-06-22,과천선,인덕원,26761,27481,54242,-720,6,22,수
2022-06-22,과천선,평촌,19593,19162,38755,431,6,22,수
2022-06-22,과천선,범계,28493,28397,56890,96,6,22,수
2022-06-22,분당선,선릉,14981,23292,38273,-8311,6,22,수
2022-06-22,분당선,한티,15882,16945,32827,-1063,6,22,수
2022-06-22,분당선,도곡,7866,7774,15640,92,6,22,수
2022-06-22,분당선,구룡,2615,2430,5045,185,6,22,수
2022-06-22,분당선,개포동,4427,4541,8968,-114,6,22,수
2022-06-22,분당선,대모산입구,4985,4587,9572,398,6,22,수
2022-06-22,분당선,수서,14940,15344,30284,-404,6,22,수
2022-06-22,분당선,복정,1,0,1,1,6,22,수
2022-06-22,분당선,수원,8551,7315,15866,1236,6,22,수
2022-06-22,분당선,서울숲,12790,13233,26023,-443,6,22,수
2022-06-22,분당선,압구정로데오,20667,23069,43736,-2402,6,22,수
2022-06-22,분당선,강남구청,10627,12397,23024,-1770,6,22,수
2022-06-22,분당선,선정릉,8672,9219,17891,-547,6,22,수
2022-06-22,분당선,가천대,8083,8944,17027,-861,6,22,수
2022-06-22,분당선,태평,14298,13439,27737,859,6,22,수
2022-06-22,분당선,모란,21140,21288,42428,-148,6,22,수
2022-06-22,분당선,야탑,28812,29902,58714,-1090,6,22,수
2022-06-22,분당선,서현,26669,26638,53307,31,6,22,수
2022-06-22,분당선,수내,15138,15141,30279,-3,6,22,수
2022-06-22,분당선,정자,20108,21577,41685,-1469,6,22,수
2022-06-22,분당선,미금,17047,18081,35128,-1034,6,22,수
2022-06-22,분당선,오리,12815,10325,23140,2490,6,22,수
2022-06-22,분당선,이매,6496,5980,12476,516,6,22,수
2022-06-22,분당선,보정,3022,2674,5696,348,6,22,수
2022-06-22,분당선,죽전,14390,15840,30230,-1450,6,22,수
2022-06-22,분당선,구성,5672,5915,11587,-243,6,22,수
2022-06-22,분당선,신갈,5107,5044,10151,63,6,22,수
2022-06-22,분당선,기흥,11123,10365,21488,758,6,22,수
2022-06-22,분당선,상갈,5938,5718,11656,220,6,22,수
2022-06-22,분당선,청명,4842,4598,9440,244,6,22,수
2022-06-22,분당선,영통,9126,9461,18587,-335,6,22,수
2022-06-22,분당선,망포,15984,15166,31150,818,6,22,수
2022-06-22,분당선,매탄권선,5680,5469,11149,211,6,22,수
2022-06-22,분당선,수원시청,13896,14823,28719,-927,6,22,수
2022-06-22,분당선,매교,3410,3450,6860,-40,6,22,수
2022-06-22,수인선,고색,5165,4817,9982,348,6,22,수
2022-06-22,수인선,오목천,3773,3425,7198,348,6,22,수
2022-06-22,수인선,어천,834,909,1743,-75,6,22,수
2022-06-22,수인선,야목,497,343,840,154,6,22,수
2022-06-22,수인선,사리,5227,4615,9842,612,6,22,수
2022-06-22,수인선,달월,117,85,202,32,6,22,수
2022-06-22,수인선,월곶,3243,3008,6251,235,6,22,수
2022-06-22,수인선,소래포구,6245,5839,12084,406,6,22,수
2022-06-22,수인선,인천논현,6056,6380,12436,-324,6,22,수
2022-06-22,수인선,호구포,4545,4721,9266,-176,6,22,수
2022-06-22,수인선,남동인더스파크,2458,2819,5277,-361,6,22,수
2022-06-22,수인선,원인재,4824,5002,9826,-178,6,22,수
2022-06-22,수인선,연수,4972,5033,10005,-61,6,22,수
2022-06-22,수인선,송도,2707,2557,5264,150,6,22,수
2022-06-22,수인선,인하대,6483,6248,12731,235,6,22,수
2022-06-22,수인선,숭의,4508,4258,8766,250,6,22,수
2022-06-22,수인선,신포,2118,2117,4235,1,6,22,수
2022-06-22,수인선,인천,1145,1853,2998,-708,6,22,수
2022-06-22,신림선,샛강,2275,2794,5069,-519,6,22,수
2022-06-22,신림선,대방,1867,1453,3320,414,6,22,수
2022-06-22,신림선,서울지방병무청,2031,2221,4252,-190,6,22,수
2022-06-22,신림선,보라매,2725,2559,5284,166,6,22,수
2022-06-22,신림선,보라매공원,1707,1838,3545,-131,6,22,수
2022-06-22,신림선,보라매병원,6284,6656,12940,-372,6,22,수
2022-06-22,신림선,당곡,3513,3401,6914,112,6,22,수
2022-06-22,신림선,신림,1567,2082,3649,-515,6,22,수
2022-06-22,신림선,서원,2675,2380,5055,295,6,22,수
2022-06-22,신림선,서울대벤처타운,6098,6316,12414,-218,6,22,수
2022-06-22,신림선,관악산(서울대),3139,3110,6249,29,6,22,수
2022-06-22,안산선,산본,17519,18623,36142,-1104,6,22,수
2022-06-22,안산선,대야미,5559,5013,10572,546,6,22,수
2022-06-22,안산선,반월,4756,4582,9338,174,6,22,수
2022-06-22,안산선,상록수,16901,17059,33960,-158,6,22,수
2022-06-22,안산선,한대앞,10213,10034,20247,179,6,22,수
2022-06-22,안산선,중앙,19408,20067,39475,-659,6,22,수
2022-06-22,안산선,고잔,9799,9311,19110,488,6,22,수
2022-06-22,안산선,초지,5247,5251,10498,-4,6,22,수
2022-06-22,안산선,안산,12410,11251,23661,1159,6,22,수
2022-06-22,안산선,신길온천,2029,1852,3881,177,6,22,수
2022-06-22,안산선,정왕,8720,9184,17904,-464,6,22,수
2022-06-22,안산선,오이도,9396,9190,18586,206,6,22,수
2022-06-22,안산선,수리산,4673,3826,8499,847,6,22,수
2022-06-22,우이신설선,북한산우이,3235,3013,6248,222,6,22,수
2022-06-22,우이신설선,솔밭공원,2791,2693,5484,98,6,22,수
2022-06-22,우이신설선,4.19민주묘지,3160,2948,6108,212,6,22,수
2022-06-22,우이신설선,가오리,4585,4602,9187,-17,6,22,수
2022-06-22,우이신설선,화계,3691,3425,7116,266,6,22,수
2022-06-22,우이신설선,삼양,2115,2285,4400,-170,6,22,수
2022-06-22,우이신설선,삼양사거리,2674,2673,5347,1,6,22,수
2022-06-22,우이신설선,솔샘,6396,6091,12487,305,6,22,수
2022-06-22,우이신설선,북한산보국문,6766,6236,13002,530,6,22,수
2022-06-22,우이신설선,정릉,5121,4652,9773,469,6,22,수
2022-06-22,우이신설선,성신여대입구(돈암),3598,4012,7610,-414,6,22,수
2022-06-22,우이신설선,보문,1655,1711,3366,-56,6,22,수
2022-06-22,우이신설선,신설동,2384,2277,4661,107,6,22,수
2022-06-22,일산선,원흥,12365,11472,23837,893,6,22,수
2022-06-22,일산선,삼송,21444,20676,42120,768,6,22,수
2022-06-22,일산선,원당,12290,11378,23668,912,6,22,수
2022-06-22,일산선,화정,18205,18473,36678,-268,6,22,수
2022-06-22,일산선,대곡,2360,1918,4278,442,6,22,수
2022-06-22,일산선,백석,10411,10284,20695,127,6,22,수
2022-06-22,일산선,마두,8456,8574,17030,-118,6,22,수
2022-06-22,일산선,정발산,7475,7563,15038,-88,6,22,수
2022-06-22,일산선,주엽,9957,9984,19941,-27,6,22,수
2022-06-22,일산선,대화,14201,11119,25320,3082,6,22,수
2022-06-22,장항선,봉명,1414,1370,2784,44,6,22,수
2022-06-22,장항선,쌍용(나사렛대),2368,2140,4508,228,6,22,수
2022-06-22,장항선,아산,3347,2984,6331,363,6,22,수
2022-06-22,장항선,탕정,1019,915,1934,104,6,22,수
2022-06-22,장항선,배방,1244,1141,2385,103,6,22,수
2022-06-22,장항선,온양온천,3797,3966,7763,-169,6,22,수
2022-06-22,장항선,신창(순천향대),1515,1518,3033,-3,6,22,수
2022-06-22,중앙선,회기,27475,26007,53482,1468,6,22,수
2022-06-22,중앙선,중랑,6159,5790,11949,369,6,22,수
2022-06-22,중앙선,상봉(시외버스터미널),6334,6249,12583,85,6,22,수
2022-06-22,중앙선,망우,8471,8260,16731,211,6,22,수
2022-06-22,중앙선,양원,3495,3362,6857,133,6,22,수
2022-06-22,중앙선,구리,14714,14689,29403,25,6,22,수
2022-06-22,중앙선,도농,12492,11189,23681,1303,6,22,수
2022-06-22,중앙선,양정,808,693,1501,115,6,22,수
2022-06-22,중앙선,덕소,6142,6020,12162,122,6,22,수
2022-06-22,과천선,경마공원,1816,1811,3627,5,6,22,수
2022-06-22,과천선,선바위,8882,7889,16771,993,6,22,수
2022-06-22,공항철도 1호선,영종,3517,3484,7001,33,6,22,수
2022-06-22,공항철도 1호선,인천공항2터미널,3428,3209,6637,219,6,22,수
2022-06-22,공항철도 1호선,인천공항1터미널,7195,7617,14812,-422,6,22,수
2022-06-22,공항철도 1호선,공항화물청사,2484,2641,5125,-157,6,22,수
2022-06-22,공항철도 1호선,운서,8037,8141,16178,-104,6,22,수
2022-06-22,공항철도 1호선,청라국제도시,8093,7665,15758,428,6,22,수
2022-06-22,공항철도 1호선,검암,7411,7469,14880,-58,6,22,수
2022-06-22,공항철도 1호선,계양,12007,11037,23044,970,6,22,수
2022-06-22,공항철도 1호선,김포공항,12821,7232,20053,5589,6,22,수
2022-06-22,공항철도 1호선,마곡나루(서울식물원),10815,10275,21090,540,6,22,수
2022-06-22,공항철도 1호선,디지털미디어시티,16143,15155,31298,988,6,22,수
2022-06-22,공항철도 1호선,홍대입구,11567,11623,23190,-56,6,22,수
2022-06-22,공항철도 1호선,공덕,2630,3467,6097,-837,6,22,수
2022-06-22,공항철도 1호선,서울역,9415,8349,17764,1066,6,22,수
2022-06-22,경춘선,춘천,1512,1297,2809,215,6,22,수
2022-06-22,경춘선,남춘천,3371,3168,6539,203,6,22,수
2022-06-22,경춘선,김유정,457,490,947,-33,6,22,수
2022-06-22,경춘선,강촌,707,681,1388,26,6,22,수
2022-06-22,경춘선,백양리,134,120,254,14,6,22,수
2022-06-22,경춘선,굴봉산,173,161,334,12,6,22,수
2022-06-22,경춘선,가평,2501,2888,5389,-387,6,22,수
2022-06-22,경춘선,상천,375,422,797,-47,6,22,수
2022-06-22,경춘선,청평,1987,2172,4159,-185,6,22,수
2022-06-22,경춘선,대성리,1600,1735,3335,-135,6,22,수
2022-06-22,경춘선,마석,4410,4391,8801,19,6,22,수
2022-06-22,경춘선,천마산,1962,1787,3749,175,6,22,수
2022-06-22,경춘선,평내호평,6967,6757,13724,210,6,22,수
2022-06-22,경춘선,금곡,1723,1660,3383,63,6,22,수
2022-06-22,경춘선,사릉,2686,2569,5255,117,6,22,수
2022-06-22,경춘선,퇴계원,3960,3520,7480,440,6,22,수
2022-06-22,경춘선,별내,3540,3175,6715,365,6,22,수
2022-06-22,경춘선,갈매,3370,2910,6280,460,6,22,수
2022-06-22,경춘선,신내,2536,2438,4974,98,6,22,수
2022-06-22,경인선,도화,4665,4371,9036,294,6,22,수
2022-06-22,경인선,중동,10416,9760,20176,656,6,22,수
2022-06-22,경인선,온수(성공회대입구),7522,7022,14544,500,6,22,수
2022-06-22,경인선,도원,4613,4592,9205,21,6,22,수
2022-06-22,경인선,간석,6603,6213,12816,390,6,22,수
2022-06-22,경인선,부개,9551,8828,18379,723,6,22,수
2022-06-22,경인선,소사,9171,9020,18191,151,6,22,수
2022-06-22,경인선,구일,7123,6880,14003,243,6,22,수
2022-06-22,경인선,인천,4011,3181,7192,830,6,22,수
2022-06-22,경인선,동인천,15376,14755,30131,621,6,22,수
2022-06-22,경인선,제물포,11433,10967,22400,466,6,22,수
2022-06-22,경인선,주안,20459,18498,38957,1961,6,22,수
2022-06-22,경인선,동암,16618,16619,33237,-1,6,22,수
2022-06-22,경인선,백운,7606,7369,14975,237,6,22,수
2022-06-22,경인선,부평,30694,32896,63590,-2202,6,22,수
2022-06-22,경인선,송내,30052,29769,59821,283,6,22,수
2022-06-22,경인선,부천,33957,33849,67806,108,6,22,수
2022-06-22,경인선,역곡,29857,29078,58935,779,6,22,수
2022-06-22,경인선,오류동,13012,11844,24856,1168,6,22,수
2022-06-22,경인선,개봉,23110,22407,45517,703,6,22,수
2022-06-22,경의선,계양,1,0,1,1,6,22,수
2022-06-22,경의선,임진강,21,17,38,4,6,22,수
2022-06-22,경의선,문산,5667,5577,11244,90,6,22,수
2022-06-22,경의선,파주,1256,867,2123,389,6,22,수
2022-06-22,경의선,월롱,3124,2802,5926,322,6,22,수
2022-06-22,경의선,금촌,7158,7057,14215,101,6,22,수
2022-06-22,경의선,금릉,5396,5304,10700,92,6,22,수
2022-06-22,경의선,운정,7755,7031,14786,724,6,22,수
2022-06-22,경의선,야당,8856,8776,17632,80,6,22,수
2022-06-22,경의선,탄현,8724,8245,16969,479,6,22,수
2022-06-22,경의선,일산,10627,10469,21096,158,6,22,수
2022-06-22,경의선,풍산,6052,5547,11599,505,6,22,수
2022-06-22,경의선,백마,7767,7406,15173,361,6,22,수
2022-06-22,경의선,곡산,708,760,1468,-52,6,22,수
2022-06-22,경의선,능곡,4274,3944,8218,330,6,22,수
2022-06-22,경의선,행신,8995,8966,17961,29,6,22,수
2022-06-22,경의선,강매,3733,3178,6911,555,6,22,수
2022-06-22,경의선,화전,3530,3122,6652,408,6,22,수
2022-06-22,경의선,수색,3107,3319,6426,-212,6,22,수
2022-06-22,경의선,디지털미디어시티,2945,2592,5537,353,6,22,수
2022-06-22,경의선,가좌,6190,5906,12096,284,6,22,수
2022-06-22,경의선,홍대입구,1930,2301,4231,-371,6,22,수
2022-06-22,경의선,서강대,2390,2366,4756,24,6,22,수
2022-06-22,경의선,공덕,4071,3587,7658,484,6,22,수
2022-06-22,경의선,효창공원앞,3313,3726,7039,-413,6,22,수
2022-06-22,중앙선,도심,2697,2117,4814,580,6,22,수
2022-06-22,중앙선,팔당,1001,1041,2042,-40,6,22,수
2022-06-22,중앙선,운길산,894,878,1772,16,6,22,수
2022-06-22,경의선,신촌,1022,1349,2371,-327,6,22,수
2022-06-22,경의선,서울역,5007,6437,11444,-1430,6,22,수
2022-06-22,경원선,소요산,2768,2372,5140,396,6,22,수
2022-06-22,경원선,동두천,2953,3177,6130,-224,6,22,수
2022-06-22,경원선,보산,1642,1527,3169,115,6,22,수
2022-06-22,경원선,동두천중앙,3460,3318,6778,142,6,22,수
2022-06-22,경원선,지행,7180,7106,14286,74,6,22,수
2022-06-22,경원선,덕정,6193,6050,12243,143,6,22,수
2022-06-22,경원선,덕계,3855,3372,7227,483,6,22,수
2022-06-22,경원선,양주,8525,7974,16499,551,6,22,수
2022-06-22,경원선,녹양,5052,4735,9787,317,6,22,수
2022-06-22,경원선,가능,7355,7149,14504,206,6,22,수
2022-06-22,경원선,의정부,19807,20395,40202,-588,6,22,수
2022-06-22,경원선,회룡,13918,13916,27834,2,6,22,수
2022-06-22,경원선,망월사,8580,8772,17352,-192,6,22,수
2022-06-22,경원선,도봉산,8240,5370,13610,2870,6,22,수
2022-06-22,경원선,도봉,6503,6228,12731,275,6,22,수
2022-06-22,경원선,방학,10817,10666,21483,151,6,22,수
2022-06-22,경원선,녹천,5169,4253,9422,916,6,22,수
2022-06-22,경원선,월계,8058,7524,15582,534,6,22,수
2022-06-22,경원선,광운대,8367,8098,16465,269,6,22,수
2022-06-22,경원선,석계,8764,9597,18361,-833,6,22,수
2022-06-22,중앙선,양수,2267,2220,4487,47,6,22,수
2022-06-22,중앙선,신원,238,217,455,21,6,22,수
2022-06-22,중앙선,국수,868,856,1724,12,6,22,수
2022-06-22,중앙선,아신,638,613,1251,25,6,22,수
2022-06-22,중앙선,오빈,370,383,753,-13,6,22,수
2022-06-22,중앙선,양평,3046,2978,6024,68,6,22,수
2022-06-22,중앙선,원덕,420,434,854,-14,6,22,수
2022-06-22,경원선,신이문,9234,8497,17731,737,6,22,수
2022-06-22,경원선,외대앞,8412,8176,16588,236,6,22,수
2022-06-22,경원선,청량리(서울시립대입구),16538,16925,33463,-387,6,22,수
2022-06-22,경원선,왕십리(성동구청),15927,17526,33453,-1599,6,22,수
2022-06-22,경원선,응봉,2131,1807,3938,324,6,22,수
2022-06-22,경원선,옥수,61,32,93,29,6,22,수
2022-06-22,경원선,한남,4510,4221,8731,289,6,22,수
2022-06-22,경원선,서빙고,2560,2415,4975,145,6,22,수
2022-06-22,경원선,이촌(국립중앙박물관),4496,3371,7867,1125,6,22,수
2022-06-22,경부선,광명,3900,3363,7263,537,6,22,수
2022-06-22,경부선,서동탄,1619,1373,2992,246,6,22,수
2022-06-22,경부선,당정,7005,6666,13671,339,6,22,수
2022-06-22,중앙선,용문,2150,2126,4276,24,6,22,수
2022-06-22,중앙선,지평,74,85,159,-11,6,22,수
2022-06-22,경부선,천안,5622,5702,11324,-80,6,22,수
2022-06-22,경부선,두정,6150,6054,12204,96,6,22,수
2022-06-22,경부선,직산,866,899,1765,-33,6,22,수
2022-06-22,경부선,성환,3504,3517,7021,-13,6,22,수
2022-06-22,경부선,평택,12114,12183,24297,-69,6,22,수
2022-06-22,경부선,평택지제,3987,3913,7900,74,6,22,수
2022-06-22,경부선,서정리,7446,7121,14567,325,6,22,수
2022-06-22,경부선,송탄,4465,4322,8787,143,6,22,수
2022-06-22,경부선,진위,2023,1902,3925,121,6,22,수
2022-06-22,경부선,오산,10051,9912,19963,139,6,22,수
2022-06-22,경부선,오산대,3952,3724,7676,228,6,22,수
2022-06-22,경부선,세마,3220,3061,6281,159,6,22,수
2022-06-22,경부선,병점,15846,15864,31710,-18,6,22,수
2022-06-22,경부선,세류,3346,3025,6371,321,6,22,수
2022-06-22,경부선,독산,20182,20842,41024,-660,6,22,수
2022-06-22,경부선,수원,37082,39513,76595,-2431,6,22,수
2022-06-22,경부선,화서,9088,8768,17856,320,6,22,수
2022-06-22,경부선,성균관대,15268,15020,30288,248,6,22,수
2022-06-22,경부선,의왕,9868,9811,19679,57,6,22,수
2022-06-22,경부선,군포,8313,7985,16298,328,6,22,수
2022-06-22,경부선,금정,29212,29270,58482,-58,6,22,수
2022-06-22,경부선,명학,10007,9955,19962,52,6,22,수
2022-06-22,경부선,안양,25952,25491,51443,461,6,22,수
2022-06-22,경부선,관악,8033,7563,15596,470,6,22,수
2022-06-22,경부선,석수,10491,9286,19777,1205,6,22,수
2022-06-22,경부선,금천구청,12838,12716,25554,122,6,22,수
2022-06-22,경부선,가산디지털단지,20192,23181,43373,-2989,6,22,수
2022-06-22,경부선,구로,20025,20799,40824,-774,6,22,수
2022-06-22,경부선,신길,10092,8850,18942,1242,6,22,수
2022-06-22,경부선,신도림,4628,4769,9397,-141,6,22,수
2022-06-22,경부선,영등포,40834,42128,82962,-1294,6,22,수
2022-06-22,경부선,대방,12803,13495,26298,-692,6,22,수
2022-06-22,경부선,노량진,8761,8645,17406,116,6,22,수
2022-06-22,경부선,용산,39192,40264,79456,-1072,6,22,수
2022-06-22,경부선,남영,10472,10786,21258,-314,6,22,수
2022-06-22,경부선,서울역,7321,2326,9647,4995,6,22,수
2022-06-22,경강선,여주,2797,2747,5544,50,6,22,수
2022-06-22,경강선,세종대왕릉,377,374,751,3,6,22,수
2022-06-22,경강선,부발,2230,2194,4424,36,6,22,수
2022-06-22,경강선,이천,2742,2910,5652,-168,6,22,수
2022-06-22,경강선,신둔도예촌,1807,1604,3411,203,6,22,수
2022-06-22,경강선,곤지암,2555,2605,5160,-50,6,22,수
2022-06-22,경강선,초월,3649,3329,6978,320,6,22,수
2022-06-22,경강선,경기광주,8757,8222,16979,535,6,22,수
2022-06-22,경강선,삼동,2744,2453,5197,291,6,22,수
2022-06-22,경강선,이매,1252,1132,2384,120,6,22,수
2022-06-22,경강선,판교,5652,5666,11318,-14,6,22,수
2022-06-22,9호선2~3단계,중앙보훈병원,12377,11022,23399,1355,6,22,수
2022-06-22,9호선2~3단계,둔촌오륜,1268,1205,2473,63,6,22,수
2022-06-22,9호선2~3단계,올림픽공원(한국체대),7954,8164,16118,-210,6,22,수
2022-06-22,9호선2~3단계,한성백제,2945,2642,5587,303,6,22,수
2022-06-22,9호선2~3단계,송파나루,5622,6076,11698,-454,6,22,수
2022-06-22,9호선2~3단계,석촌,9533,8452,17985,1081,6,22,수
2022-06-22,9호선2~3단계,석촌고분,6875,6721,13596,154,6,22,수
2022-06-22,9호선2~3단계,삼전,7617,7183,14800,434,6,22,수
2022-06-22,9호선2~3단계,종합운동장,4706,4757,9463,-51,6,22,수
2022-06-22,9호선2~3단계,봉은사,20235,20586,40821,-351,6,22,수
2022-06-22,9호선2~3단계,삼성중앙,8017,8513,16530,-496,6,22,수
2022-06-22,9호선2~3단계,선정릉,11343,12461,23804,-1118,6,22,수
2022-06-22,9호선2~3단계,언주,11887,12201,24088,-314,6,22,수
2022-06-22,9호선,신논현,33814,33333,67147,481,6,22,수
2022-06-22,9호선,사평,4175,4069,8244,106,6,22,수
2022-06-22,9호선,고속터미널,14559,18171,32730,-3612,6,22,수
2022-06-22,9호선,신반포,4192,4158,8350,34,6,22,수
2022-06-22,9호선,구반포,1437,1454,2891,-17,6,22,수
2022-06-22,9호선,동작(현충원),2587,2056,4643,531,6,22,수
2022-06-22,9호선,흑석(중앙대입구),9466,9623,19089,-157,6,22,수
2022-06-22,9호선,노들,5153,4208,9361,945,6,22,수
2022-06-22,9호선,노량진,27500,26772,54272,728,6,22,수
2022-06-22,9호선,샛강,7085,7227,14312,-142,6,22,수
2022-06-22,9호선,여의도,31860,31292,63152,568,6,22,수
2022-06-22,9호선,국회의사당,17979,18873,36852,-894,6,22,수
2022-06-22,9호선,당산,20381,20789,41170,-408,6,22,수
2022-06-22,9호선,선유도,9941,9479,19420,462,6,22,수
2022-06-22,9호선,신목동,5013,4317,9330,696,6,22,수
2022-06-22,9호선,염창,19050,18582,37632,468,6,22,수
2022-06-22,9호선,등촌,12614,11874,24488,740,6,22,수
2022-06-22,9호선,증미,8212,7920,16132,292,6,22,수
2022-06-22,9호선,가양,22791,22126,44917,665,6,22,수
2022-06-22,9호선,양천향교,10773,11104,21877,-331,6,22,수
2022-06-22,9호선,마곡나루(서울식물원),13728,13669,27397,59,6,22,수
2022-06-22,9호선,신방화,7506,7273,14779,233,6,22,수
2022-06-22,9호선,공항시장,3219,3453,6672,-234,6,22,수
2022-06-22,9호선,김포공항,7968,12959,20927,-4991,6,22,수
2022-06-22,9호선,개화,2972,2041,5013,931,6,22,수
2022-06-22,8호선,남위례,6112,6195,12307,-83,6,22,수
2022-06-22,8호선,모란,4818,3765,8583,1053,6,22,수
2022-06-22,8호선,수진,5776,5376,11152,400,6,22,수
2022-06-22,8호선,신흥,4444,4799,9243,-355,6,22,수
2022-06-22,8호선,단대오거리,11941,11501,23442,440,6,22,수
2022-06-22,8호선,남한산성입구(성남법원.검찰청),15245,14078,29323,1167,6,22,수
2022-06-22,8호선,산성,5869,5762,11631,107,6,22,수
2022-06-22,8호선,복정,10288,8620,18908,1668,6,22,수
2022-06-22,8호선,장지,18830,18110,36940,720,6,22,수
2022-06-22,8호선,문정,23552,25095,48647,-1543,6,22,수
2022-06-22,8호선,가락시장,8346,9276,17622,-930,6,22,수
2022-06-22,8호선,송파,9199,9198,18397,1,6,22,수
2022-06-22,8호선,석촌,8307,9424,17731,-1117,6,22,수
2022-06-22,8호선,잠실(송파구청),15088,18254,33342,-3166,6,22,수
2022-06-22,8호선,몽촌토성(평화의문),6679,6801,13480,-122,6,22,수
2022-06-22,8호선,강동구청,11382,11631,23013,-249,6,22,수
2022-06-22,8호선,천호(풍납토성),15616,17940,33556,-2324,6,22,수
2022-06-22,8호선,암사,20882,18060,38942,2822,6,22,수
2022-06-22,7호선,온수(성공회대입구),11120,10088,21208,1032,6,22,수
2022-06-22,7호선,천왕,12596,12172,24768,424,6,22,수
2022-06-22,7호선,광명사거리,23290,22879,46169,411,6,22,수
2022-06-22,7호선,철산,22854,23192,46046,-338,6,22,수
2022-06-22,7호선,가산디지털단지,48797,49193,97990,-396,6,22,수
2022-06-22,7호선,남구로,16864,18058,34922,-1194,6,22,수
2022-06-22,7호선,대림(구로구청),8319,8372,16691,-53,6,22,수
2022-06-22,7호선,신풍,12656,12094,24750,562,6,22,수
2022-06-22,7호선,보라매,8787,8924,17711,-137,6,22,수
2022-06-22,7호선,신대방삼거리,16738,15848,32586,890,6,22,수
2022-06-22,7호선,장승배기,9868,9672,19540,196,6,22,수
2022-06-22,7호선,상도,12312,11792,24104,520,6,22,수
2022-06-22,7호선,숭실대입구(살피재),13596,13689,27285,-93,6,22,수
2022-06-22,7호선,남성,12149,11145,23294,1004,6,22,수
2022-06-22,7호선,이수,17639,17053,34692,586,6,22,수
2022-06-22,7호선,내방,15949,16474,32423,-525,6,22,수
2022-06-22,7호선,고속터미널,17218,14862,32080,2356,6,22,수
2022-06-22,7호선,반포,6532,6408,12940,124,6,22,수
2022-06-22,7호선,논현,21089,22206,43295,-1117,6,22,수
2022-06-22,7호선,학동,26856,28572,55428,-1716,6,22,수
2022-06-22,7호선,강남구청,18176,20317,38493,-2141,6,22,수
2022-06-22,7호선,청담,21352,24257,45609,-2905,6,22,수
2022-06-22,7호선,뚝섬유원지,10811,10209,21020,602,6,22,수
2022-06-22,7호선,건대입구,13863,14359,28222,-496,6,22,수
2022-06-22,7호선,어린이대공원(세종대),14722,14367,29089,355,6,22,수
2022-06-22,7호선,군자(능동),16267,12746,29013,3521,6,22,수
2022-06-22,7호선,중곡,12152,11181,23333,971,6,22,수
2022-06-22,7호선,용마산(용마폭포공원),6391,6215,12606,176,6,22,수
2022-06-22,7호선,사가정,17145,16971,34116,174,6,22,수
2022-06-22,7호선,면목,16001,15442,31443,559,6,22,수
2022-06-22,7호선,상봉(시외버스터미널),17881,17063,34944,818,6,22,수
2022-06-22,7호선,중화,11436,11169,22605,267,6,22,수
2022-06-22,7호선,먹골,10742,10655,21397,87,6,22,수
2022-06-22,7호선,태릉입구,9208,8598,17806,610,6,22,수
2022-06-22,7호선,공릉(서울과학기술대),12809,12539,25348,270,6,22,수
2022-06-22,7호선,하계,19517,18658,38175,859,6,22,수
2022-06-22,7호선,중계,16001,14493,30494,1508,6,22,수
2022-06-22,7호선,노원,20535,21884,42419,-1349,6,22,수
2022-06-22,7호선,마들,14280,13288,27568,992,6,22,수
2022-06-22,7호선,수락산,13702,13414,27116,288,6,22,수
2022-06-22,7호선,도봉산,9862,11401,21263,-1539,6,22,수
2022-06-22,7호선,장암,2374,920,3294,1454,6,22,수
2022-06-22,6호선,봉화산(서울의료원),9636,9008,18644,628,6,22,수
2022-06-22,6호선,화랑대(서울여대입구),12729,9750,22479,2979,6,22,수
2022-06-22,6호선,태릉입구,5947,6412,12359,-465,6,22,수
2022-06-22,6호선,석계,13123,13559,26682,-436,6,22,수
2022-06-22,6호선,돌곶이,10073,9284,19357,789,6,22,수
2022-06-22,6호선,상월곡(한국과학기술연구원),6748,6107,12855,641,6,22,수
2022-06-22,6호선,월곡(동덕여대),12492,12170,24662,322,6,22,수
2022-06-22,6호선,고려대(종암),9055,8756,17811,299,6,22,수
2022-06-22,6호선,안암(고대병원앞),12753,12416,25169,337,6,22,수
2022-06-22,6호선,보문,8273,7584,15857,689,6,22,수
2022-06-22,6호선,창신,3865,3117,6982,748,6,22,수
2022-06-22,6호선,동묘앞,8247,8470,16717,-223,6,22,수
2022-06-22,6호선,신당,8522,9037,17559,-515,6,22,수
2022-06-22,6호선,청구,3962,4224,8186,-262,6,22,수
2022-06-22,6호선,약수,3964,3998,7962,-34,6,22,수
2022-06-22,6호선,버티고개,2340,2243,4583,97,6,22,수
2022-06-22,6호선,한강진,9092,10608,19700,-1516,6,22,수
2022-06-22,6호선,이태원,11640,12508,24148,-868,6,22,수
2022-06-22,6호선,녹사평(용산구청),5682,5706,11388,-24,6,22,수
2022-06-22,6호선,삼각지,8252,6969,15221,1283,6,22,수
2022-06-22,6호선,효창공원앞,7990,7201,15191,789,6,22,수
2022-06-22,6호선,공덕,20511,19786,40297,725,6,22,수
2022-06-22,6호선,대흥(서강대앞),9516,9642,19158,-126,6,22,수
2022-06-22,6호선,광흥창(서강),10217,9979,20196,238,6,22,수
2022-06-22,6호선,상수,9182,10550,19732,-1368,6,22,수
2022-06-22,6호선,합정,14471,14161,28632,310,6,22,수
2022-06-22,6호선,망원,15035,16029,31064,-994,6,22,수
2022-06-22,6호선,마포구청,15571,13963,29534,1608,6,22,수
2022-06-22,6호선,월드컵경기장(성산),8404,9274,17678,-870,6,22,수
2022-06-22,6호선,디지털미디어시티,15965,17646,33611,-1681,6,22,수
2022-06-22,6호선,증산(명지대앞),10938,10697,21635,241,6,22,수
2022-06-22,6호선,새절(신사),13736,12560,26296,1176,6,22,수
2022-06-22,6호선,구산,8429,6183,14612,2246,6,22,수
2022-06-22,6호선,독바위,2944,3152,6096,-208,6,22,수
2022-06-22,6호선,불광,4740,4848,9588,-108,6,22,수
2022-06-22,6호선,역촌,4106,4918,9024,-812,6,22,수
2022-06-22,6호선,응암,19133,18690,37823,443,6,22,수
2022-06-22,5호선,하남검단산,6462,6152,12614,310,6,22,수
2022-06-22,5호선,하남시청(덕풍·신장),7560,7442,15002,118,6,22,수
2022-06-22,5호선,하남풍산,4569,4461,9030,108,6,22,수
2022-06-22,5호선,미사,18206,18191,36397,15,6,22,수
2022-06-22,5호선,강일,5027,4828,9855,199,6,22,수
2022-06-22,5호선,마천,8175,7751,15926,424,6,22,수
2022-06-22,5호선,거여,11335,10812,22147,523,6,22,수
2022-06-22,5호선,개롱,7071,7208,14279,-137,6,22,수
2022-06-22,5호선,오금,4157,4186,8343,-29,6,22,수
2022-06-22,5호선,방이,7670,7959,15629,-289,6,22,수
2022-06-22,5호선,올림픽공원(한국체대),5208,4630,9838,578,6,22,수
2022-06-22,5호선,둔촌동,8893,8772,17665,121,6,22,수
2022-06-22,5호선,상일동,16375,14843,31218,1532,6,22,수
2022-06-22,5호선,고덕,10784,10536,21320,248,6,22,수
2022-06-22,5호선,명일,9810,10223,20033,-413,6,22,수
2022-06-22,5호선,굽은다리(강동구민회관앞),10956,10491,21447,465,6,22,수
2022-06-22,5호선,길동,8595,8903,17498,-308,6,22,수
2022-06-22,5호선,강동,19918,19245,39163,673,6,22,수
2022-06-22,5호선,천호(풍납토성),19291,19439,38730,-148,6,22,수
2022-06-22,5호선,광나루(장신대),14651,13186,27837,1465,6,22,수
2022-06-22,5호선,아차산(어린이대공원후문),15708,15184,30892,524,6,22,수
2022-06-22,5호선,군자(능동),12266,13507,25773,-1241,6,22,수
2022-06-22,5호선,장한평,20230,19989,40219,241,6,22,수
2022-06-22,5호선,답십리,17187,15473,32660,1714,6,22,수
2022-06-22,5호선,마장,5998,5652,11650,346,6,22,수
2022-06-22,5호선,왕십리(성동구청),4908,5642,10550,-734,6,22,수
2022-06-22,5호선,행당,8907,7795,16702,1112,6,22,수
2022-06-22,5호선,신금호,7190,7387,14577,-197,6,22,수
2022-06-22,5호선,청구,4350,4011,8361,339,6,22,수
2022-06-22,5호선,동대문역사문화공원(DDP),3179,3775,6954,-596,6,22,수
2022-06-22,5호선,을지로4가,6789,7069,13858,-280,6,22,수
2022-06-22,5호선,종로3가,14731,14268,28999,463,6,22,수
2022-06-22,5호선,광화문(세종문화회관),35329,37557,72886,-2228,6,22,수
2022-06-22,5호선,서대문,21208,21592,42800,-384,6,22,수
2022-06-22,5호선,충정로(경기대입구),5000,5091,10091,-91,6,22,수
2022-06-22,5호선,애오개,7431,7407,14838,24,6,22,수
2022-06-22,5호선,공덕,16157,17194,33351,-1037,6,22,수
2022-06-22,5호선,마포,16081,16339,32420,-258,6,22,수
2022-06-22,5호선,여의나루,13605,14789,28394,-1184,6,22,수
2022-06-22,5호선,여의도,31044,33973,65017,-2929,6,22,수
2022-06-22,5호선,신길,4572,4828,9400,-256,6,22,수
2022-06-22,5호선,영등포시장,11067,11476,22543,-409,6,22,수
2022-06-22,5호선,영등포구청,4441,4465,8906,-24,6,22,수
2022-06-22,5호선,양평,8117,8007,16124,110,6,22,수
2022-06-22,5호선,오목교(목동운동장앞),23437,25234,48671,-1797,6,22,수
2022-06-22,5호선,목동,18711,19718,38429,-1007,6,22,수
2022-06-22,5호선,신정(은행정),15320,12386,27706,2934,6,22,수
2022-06-22,5호선,까치산,31256,29547,60803,1709,6,22,수
2022-06-22,5호선,화곡,30826,28347,59173,2479,6,22,수
2022-06-22,5호선,우장산,16122,15665,31787,457,6,22,수
2022-06-22,5호선,발산,22826,23920,46746,-1094,6,22,수
2022-06-22,5호선,마곡,11704,11754,23458,-50,6,22,수
2022-06-22,5호선,송정,7040,6479,13519,561,6,22,수
2022-06-22,5호선,김포공항,7904,7846,15750,58,6,22,수
2022-06-22,5호선,개화산,6200,6017,12217,183,6,22,수
2022-06-22,5호선,방화,7516,7174,14690,342,6,22,수
2022-06-22,4호선,남태령,1398,1209,2607,189,6,22,수
2022-06-22,4호선,사당,27676,23563,51239,4113,6,22,수
2022-06-22,4호선,총신대입구(이수),20567,22263,42830,-1696,6,22,수
2022-06-22,4호선,동작(현충원),1968,2202,4170,-234,6,22,수
2022-06-22,4호선,이촌(국립중앙박물관),9762,10868,20630,-1106,6,22,수
2022-06-22,4호선,신용산,19333,20760,40093,-1427,6,22,수
2022-06-22,4호선,삼각지,5833,6575,12408,-742,6,22,수
2022-06-22,4호선,숙대입구(갈월),14888,14246,29134,642,6,22,수
2022-06-22,4호선,서울역,12891,19491,32382,-6600,6,22,수
2022-06-22,4호선,회현(남대문시장),26931,28303,55234,-1372,6,22,수
2022-06-22,4호선,명동,21685,22637,44322,-952,6,22,수
2022-06-22,4호선,충무로,29077,30706,59783,-1629,6,22,수
2022-06-22,4호선,동대문역사문화공원(DDP),16584,14834,31418,1750,6,22,수
2022-06-22,4호선,동대문,21467,21958,43425,-491,6,22,수
2022-06-22,4호선,혜화,35028,35568,70596,-540,6,22,수
2022-06-22,4호선,한성대입구(삼선교),14191,13925,28116,266,6,22,수
2022-06-22,4호선,성신여대입구(돈암),22067,20994,43061,1073,6,22,수
2022-06-22,4호선,길음,22575,22044,44619,531,6,22,수
2022-06-22,4호선,미아사거리,29054,28191,57245,863,6,22,수
2022-06-22,4호선,미아(서울사이버대학),16145,15561,31706,584,6,22,수
2022-06-22,4호선,수유(강북구청),35984,35897,71881,87,6,22,수
2022-06-22,4호선,쌍문,31034,28496,59530,2538,6,22,수
2022-06-22,4호선,창동,27701,28807,56508,-1106,6,22,수
2022-06-22,4호선,노원,19579,22430,42009,-2851,6,22,수
2022-06-22,4호선,상계,20657,19352,40009,1305,6,22,수
2022-06-22,4호선,당고개,9519,8400,17919,1119,6,22,수
2022-06-22,3호선,오금,6817,6154,12971,663,6,22,수
2022-06-22,3호선,경찰병원,8073,7989,16062,84,6,22,수
2022-06-22,3호선,가락시장,9974,9707,19681,267,6,22,수
2022-06-22,3호선,수서,18364,18848,37212,-484,6,22,수
2022-06-22,3호선,일원,11962,11330,23292,632,6,22,수
2022-06-22,3호선,대청,11842,10840,22682,1002,6,22,수
2022-06-22,3호선,학여울,2283,2291,4574,-8,6,22,수
2022-06-22,3호선,대치,11844,12017,23861,-173,6,22,수
2022-06-22,3호선,도곡,5878,6005,11883,-127,6,22,수
2022-06-22,3호선,매봉,14176,13530,27706,646,6,22,수
2022-06-22,3호선,양재(서초구청),41226,45459,86685,-4233,6,22,수
2022-06-22,3호선,남부터미널(예술의전당),31567,31839,63406,-272,6,22,수
2022-06-22,3호선,교대(법원.검찰청),16658,10531,27189,6127,6,22,수
2022-06-22,3호선,고속터미널,44849,42319,87168,2530,6,22,수
2022-06-22,3호선,잠원,5351,5175,10526,176,6,22,수
2022-06-22,3호선,신사,31404,33095,64499,-1691,6,22,수
2022-06-22,3호선,압구정,34809,37232,72041,-2423,6,22,수
2022-06-22,3호선,옥수,9867,10128,19995,-261,6,22,수
2022-06-22,3호선,금호,8704,7871,16575,833,6,22,수
2022-06-22,3호선,약수,14228,13777,28005,451,6,22,수
2022-06-22,3호선,동대입구,8276,8894,17170,-618,6,22,수
2022-06-22,3호선,충무로,2,0,2,2,6,22,수
2022-06-22,3호선,을지로3가,12060,12344,24404,-284,6,22,수
2022-06-22,3호선,종로3가,10986,12652,23638,-1666,6,22,수
2022-06-22,3호선,안국,26067,26518,52585,-451,6,22,수
2022-06-22,3호선,경복궁(정부서울청사),26707,28111,54818,-1404,6,22,수
2022-06-22,3호선,독립문,7668,7753,15421,-85,6,22,수
2022-06-22,3호선,무악재,4466,4383,8849,83,6,22,수
2022-06-22,3호선,홍제,18870,17671,36541,1199,6,22,수
2022-06-22,3호선,녹번,16856,15051,31907,1805,6,22,수
2022-06-22,3호선,불광,17328,18403,35731,-1075,6,22,수
2022-06-22,3호선,연신내,39248,36990,76238,2258,6,22,수
2022-06-22,3호선,구파발,22809,22409,45218,400,6,22,수
2022-06-22,3호선,지축,5788,5506,11294,282,6,22,수
2022-06-22,2호선,용두(동대문구청),2459,2582,5041,-123,6,22,수
2022-06-22,2호선,신정네거리,11193,11443,22636,-250,6,22,수
2022-06-22,2호선,양천구청,7702,7926,15628,-224,6,22,수
2022-06-22,2호선,도림천,1468,1520,2988,-52,6,22,수
2022-06-22,2호선,신설동,3578,3506,7084,72,6,22,수
2022-06-22,2호선,신답,1868,2067,3935,-199,6,22,수
2022-06-22,2호선,용답,2991,2803,5794,188,6,22,수
2022-06-22,2호선,충정로(경기대입구),10745,11408,22153,-663,6,22,수
2022-06-22,2호선,아현,11511,10837,22348,674,6,22,수
2022-06-22,2호선,이대,15103,15703,30806,-600,6,22,수
2022-06-22,2호선,신촌,37247,38293,75540,-1046,6,22,수
2022-06-22,2호선,홍대입구,61145,65560,126705,-4415,6,22,수
2022-06-22,2호선,합정,33140,35819,68959,-2679,6,22,수
2022-06-22,2호선,당산,20234,23663,43897,-3429,6,22,수
2022-06-22,2호선,영등포구청,23914,24969,48883,-1055,6,22,수
2022-06-22,2호선,문래,24338,24836,49174,-498,6,22,수
2022-06-22,2호선,신도림,51699,51725,103424,-26,6,22,수
2022-06-22,2호선,대림(구로구청),25406,25959,51365,-553,6,22,수
2022-06-22,2호선,구로디지털단지,64374,64620,128994,-246,6,22,수
2022-06-22,2호선,신대방,27604,26993,54597,611,6,22,수
2022-06-22,2호선,신림,62842,60691,123533,2151,6,22,수
2022-06-22,2호선,봉천,26093,23843,49936,2250,6,22,수
2022-06-22,2호선,서울대입구(관악구청),50325,49832,100157,493,6,22,수
2022-06-22,2호선,낙성대(강감찬),29930,29177,59107,753,6,22,수
2022-06-22,2호선,사당,41835,46068,87903,-4233,6,22,수
2022-06-22,2호선,방배,17925,18579,36504,-654,6,22,수
2022-06-22,2호선,서초,24885,24251,49136,634,6,22,수
2022-06-22,2호선,교대(법원.검찰청),38051,43273,81324,-5222,6,22,수
2022-06-22,2호선,강남,89898,87747,177645,2151,6,22,수
2022-06-22,2호선,역삼,58711,66893,125604,-8182,6,22,수
2022-06-22,2호선,선릉,64365,56685,121050,7680,6,22,수
2022-06-22,2호선,삼성(무역센터),59578,60667,120245,-1089,6,22,수
2022-06-22,2호선,종합운동장,12224,13528,25752,-1304,6,22,수
2022-06-22,2호선,잠실새내,23342,23132,46474,210,6,22,수
2022-06-22,2호선,잠실(송파구청),77400,76460,153860,940,6,22,수
2022-06-22,2호선,잠실나루,16458,16010,32468,448,6,22,수
2022-06-22,2호선,강변(동서울터미널),33604,31258,64862,2346,6,22,수
2022-06-22,2호선,구의(광진구청),25468,25114,50582,354,6,22,수
2022-06-22,2호선,건대입구,37861,40933,78794,-3072,6,22,수
2022-06-22,2호선,성수,40980,44774,85754,-3794,6,22,수
2022-06-22,2호선,뚝섬,24722,26615,51337,-1893,6,22,수
2022-06-22,2호선,한양대,8642,9382,18024,-740,6,22,수
2022-06-22,2호선,왕십리(성동구청),17998,15155,33153,2843,6,22,수
2022-06-22,2호선,상왕십리,15510,15207,30717,303,6,22,수
2022-06-22,2호선,신당,15109,15471,30580,-362,6,22,수
2022-06-22,2호선,동대문역사문화공원(DDP),13420,15428,28848,-2008,6,22,수
2022-06-22,2호선,을지로4가,14429,14328,28757,101,6,22,수
2022-06-22,2호선,을지로3가,25981,26265,52246,-284,6,22,수
2022-06-22,2호선,을지로입구,44747,46343,91090,-1596,6,22,수
2022-06-22,2호선,시청,26223,25627,51850,596,6,22,수
2022-06-22,1호선,동묘앞,8626,8894,17520,-268,6,22,수
2022-06-22,1호선,청량리(서울시립대입구),20966,20982,41948,-16,6,22,수
2022-06-22,1호선,제기동,18601,18765,37366,-164,6,22,수
2022-06-22,1호선,신설동,14629,14252,28881,377,6,22,수
2022-06-22,1호선,동대문,11535,10889,22424,646,6,22,수
2022-06-22,1호선,종로5가,25115,25206,50321,-91,6,22,수
2022-06-22,1호선,종로3가,27930,25241,53171,2689,6,22,수
2022-06-22,1호선,종각,40869,40548,81417,321,6,22,수
2022-06-22,1호선,시청,25705,26072,51777,-367,6,22,수
2022-06-22,1호선,서울역,49443,48383,97826,1060,6,22,수
2022-06-22,과천선,대공원,3257,3490,6747,-233,6,22,수
2022-06-23,경부선,대방,11661,12896,24557,-1235,6,23,목
2022-06-23,경부선,노량진,7501,7479,14980,22,6,23,목
2022-06-23,경부선,용산,39372,39589,78961,-217,6,23,목
2022-06-23,경부선,남영,9767,10234,20001,-467,6,23,목
2022-06-23,경부선,서울역,8081,2504,10585,5577,6,23,목
2022-06-23,경강선,여주,2438,2382,4820,56,6,23,목
2022-06-23,경강선,세종대왕릉,341,349,690,-8,6,23,목
2022-06-23,경강선,부발,2062,1988,4050,74,6,23,목
2022-06-23,경강선,이천,2492,2557,5049,-65,6,23,목
2022-06-23,경강선,신둔도예촌,1621,1543,3164,78,6,23,목
2022-06-23,경강선,곤지암,2334,2258,4592,76,6,23,목
2022-06-23,경강선,초월,3308,3166,6474,142,6,23,목
2022-06-23,경강선,경기광주,8117,7843,15960,274,6,23,목
2022-06-23,경강선,삼동,2558,2396,4954,162,6,23,목
2022-06-23,경강선,이매,1179,1057,2236,122,6,23,목
2022-06-23,경강선,판교,5461,5329,10790,132,6,23,목
2022-06-23,9호선2~3단계,중앙보훈병원,11823,10420,22243,1403,6,23,목
2022-06-23,9호선2~3단계,둔촌오륜,1271,1154,2425,117,6,23,목
2022-06-23,9호선2~3단계,올림픽공원(한국체대),6188,6195,12383,-7,6,23,목
2022-06-23,9호선2~3단계,한성백제,2925,2615,5540,310,6,23,목
2022-06-23,9호선2~3단계,송파나루,5522,5895,11417,-373,6,23,목
2022-06-23,9호선2~3단계,석촌,8959,7778,16737,1181,6,23,목
2022-06-23,9호선2~3단계,석촌고분,6601,6693,13294,-92,6,23,목
2022-06-23,9호선2~3단계,삼전,7452,7379,14831,73,6,23,목
2022-06-23,9호선2~3단계,종합운동장,4645,4556,9201,89,6,23,목
2022-06-23,9호선2~3단계,봉은사,21491,21635,43126,-144,6,23,목
2022-06-23,9호선2~3단계,삼성중앙,8426,8670,17096,-244,6,23,목
2022-06-23,9호선2~3단계,선정릉,10388,11847,22235,-1459,6,23,목
2022-06-23,9호선2~3단계,언주,12267,12225,24492,42,6,23,목
2022-06-23,9호선,신논현,31644,31540,63184,104,6,23,목
2022-06-23,9호선,사평,4205,4216,8421,-11,6,23,목
2022-06-23,9호선,고속터미널,13014,17194,30208,-4180,6,23,목
2022-06-23,9호선,신반포,4025,4114,8139,-89,6,23,목
2022-06-23,9호선,구반포,1323,1297,2620,26,6,23,목
2022-06-23,9호선,동작(현충원),2168,1913,4081,255,6,23,목
2022-06-23,9호선,흑석(중앙대입구),8544,8857,17401,-313,6,23,목
2022-06-23,9호선,노들,4764,4187,8951,577,6,23,목
2022-06-23,9호선,노량진,26007,24945,50952,1062,6,23,목
2022-06-23,9호선,샛강,7380,6875,14255,505,6,23,목
2022-06-23,9호선,여의도,32599,30102,62701,2497,6,23,목
2022-06-23,9호선,국회의사당,19045,18724,37769,321,6,23,목
2022-06-23,9호선,당산,19930,19949,39879,-19,6,23,목
2022-06-23,9호선,선유도,10058,9401,19459,657,6,23,목
2022-06-23,9호선,신목동,4614,4070,8684,544,6,23,목
2022-06-23,9호선,염창,18314,17634,35948,680,6,23,목
2022-06-23,9호선,등촌,11974,11849,23823,125,6,23,목
2022-06-23,9호선,증미,8012,7933,15945,79,6,23,목
2022-06-23,9호선,가양,21661,21199,42860,462,6,23,목
2022-06-23,9호선,양천향교,10671,10987,21658,-316,6,23,목
2022-06-23,9호선,마곡나루(서울식물원),13227,12815,26042,412,6,23,목
2022-06-23,9호선,신방화,7188,7309,14497,-121,6,23,목
2022-06-23,9호선,공항시장,3107,3490,6597,-383,6,23,목
2022-06-23,9호선,김포공항,8440,12597,21037,-4157,6,23,목
2022-06-23,9호선,개화,2728,1963,4691,765,6,23,목
2022-06-23,8호선,남위례,5520,5606,11126,-86,6,23,목
2022-06-23,8호선,모란,4436,3583,8019,853,6,23,목
2022-06-23,8호선,수진,5595,5221,10816,374,6,23,목
2022-06-23,8호선,신흥,4314,4588,8902,-274,6,23,목
2022-06-23,8호선,단대오거리,10449,10447,20896,2,6,23,목
2022-06-23,8호선,남한산성입구(성남법원.검찰청),14037,12924,26961,1113,6,23,목
2022-06-23,8호선,산성,5322,5562,10884,-240,6,23,목
2022-06-23,8호선,복정,9755,8496,18251,1259,6,23,목
2022-06-23,8호선,장지,17815,17082,34897,733,6,23,목
2022-06-23,8호선,문정,24055,24916,48971,-861,6,23,목
2022-06-23,8호선,가락시장,8156,8861,17017,-705,6,23,목
2022-06-23,8호선,송파,9344,9828,19172,-484,6,23,목
2022-06-23,8호선,석촌,7966,9114,17080,-1148,6,23,목
2022-06-23,8호선,잠실(송파구청),16247,17918,34165,-1671,6,23,목
2022-06-23,8호선,몽촌토성(평화의문),6682,6872,13554,-190,6,23,목
2022-06-23,8호선,강동구청,10961,11580,22541,-619,6,23,목
2022-06-23,8호선,천호(풍납토성),14884,16890,31774,-2006,6,23,목
2022-06-23,8호선,암사,19625,17585,37210,2040,6,23,목
2022-06-23,7호선,온수(성공회대입구),10458,9594,20052,864,6,23,목
2022-06-23,7호선,천왕,11957,11393,23350,564,6,23,목
2022-06-23,7호선,광명사거리,21392,21310,42702,82,6,23,목
2022-06-23,7호선,철산,21273,21832,43105,-559,6,23,목
2022-06-23,7호선,가산디지털단지,48887,47839,96726,1048,6,23,목
2022-06-23,7호선,남구로,16353,17730,34083,-1377,6,23,목
2022-06-23,7호선,대림(구로구청),7842,7748,15590,94,6,23,목
2022-06-23,7호선,신풍,11976,11807,23783,169,6,23,목
2022-06-23,7호선,보라매,8406,8363,16769,43,6,23,목
2022-06-23,7호선,신대방삼거리,15702,15201,30903,501,6,23,목
2022-06-23,7호선,장승배기,9256,9293,18549,-37,6,23,목
2022-06-23,7호선,상도,11532,11113,22645,419,6,23,목
2022-06-23,7호선,숭실대입구(살피재),12944,13174,26118,-230,6,23,목
2022-06-23,7호선,남성,11428,10793,22221,635,6,23,목
2022-06-23,7호선,이수,16765,16079,32844,686,6,23,목
2022-06-23,7호선,내방,15226,15754,30980,-528,6,23,목
2022-06-23,7호선,고속터미널,16882,14236,31118,2646,6,23,목
2022-06-23,7호선,반포,6150,6028,12178,122,6,23,목
2022-06-23,7호선,논현,19267,21221,40488,-1954,6,23,목
2022-06-23,7호선,학동,25976,27429,53405,-1453,6,23,목
2022-06-23,7호선,강남구청,17881,19824,37705,-1943,6,23,목
2022-06-23,7호선,청담,20555,23777,44332,-3222,6,23,목
2022-06-23,7호선,뚝섬유원지,7434,7320,14754,114,6,23,목
2022-06-23,7호선,건대입구,13292,13870,27162,-578,6,23,목
2022-06-23,7호선,어린이대공원(세종대),13969,13954,27923,15,6,23,목
2022-06-23,7호선,군자(능동),15378,12313,27691,3065,6,23,목
2022-06-23,7호선,중곡,11456,10865,22321,591,6,23,목
2022-06-23,7호선,용마산(용마폭포공원),6066,5911,11977,155,6,23,목
2022-06-23,7호선,사가정,15976,16005,31981,-29,6,23,목
2022-06-23,7호선,면목,14867,14870,29737,-3,6,23,목
2022-06-23,7호선,상봉(시외버스터미널),17151,15998,33149,1153,6,23,목
2022-06-23,7호선,중화,10797,10687,21484,110,6,23,목
2022-06-23,7호선,먹골,10362,10308,20670,54,6,23,목
2022-06-23,7호선,태릉입구,8573,8081,16654,492,6,23,목
2022-06-23,7호선,공릉(서울과학기술대),12041,11997,24038,44,6,23,목
2022-06-23,7호선,하계,18110,17355,35465,755,6,23,목
2022-06-23,7호선,중계,15189,14198,29387,991,6,23,목
2022-06-23,7호선,노원,19595,19812,39407,-217,6,23,목
2022-06-23,7호선,마들,13268,12989,26257,279,6,23,목
2022-06-23,7호선,수락산,12617,12479,25096,138,6,23,목
2022-06-23,7호선,도봉산,8815,10106,18921,-1291,6,23,목
2022-06-23,7호선,장암,2188,845,3033,1343,6,23,목
2022-06-23,6호선,봉화산(서울의료원),9319,8959,18278,360,6,23,목
2022-06-23,6호선,화랑대(서울여대입구),11877,9338,21215,2539,6,23,목
2022-06-23,6호선,태릉입구,5665,6038,11703,-373,6,23,목
2022-06-23,6호선,석계,12507,13404,25911,-897,6,23,목
2022-06-23,6호선,돌곶이,9489,8702,18191,787,6,23,목
2022-06-23,6호선,상월곡(한국과학기술연구원),7112,6608,13720,504,6,23,목
2022-06-23,6호선,월곡(동덕여대),11806,11638,23444,168,6,23,목
2022-06-23,6호선,고려대(종암),8434,8387,16821,47,6,23,목
2022-06-23,6호선,안암(고대병원앞),12147,11754,23901,393,6,23,목
2022-06-23,6호선,보문,7881,7265,15146,616,6,23,목
2022-06-23,6호선,창신,3762,3259,7021,503,6,23,목
2022-06-23,6호선,동묘앞,7670,7926,15596,-256,6,23,목
2022-06-23,6호선,신당,8551,9057,17608,-506,6,23,목
2022-06-23,6호선,청구,3853,4070,7923,-217,6,23,목
2022-06-23,6호선,약수,3769,3814,7583,-45,6,23,목
2022-06-23,6호선,버티고개,2248,2347,4595,-99,6,23,목
2022-06-23,6호선,한강진,8390,9745,18135,-1355,6,23,목
2022-06-23,6호선,이태원,10533,11243,21776,-710,6,23,목
2022-06-23,6호선,녹사평(용산구청),4718,4870,9588,-152,6,23,목
2022-06-23,6호선,삼각지,7888,7091,14979,797,6,23,목
2022-06-23,6호선,효창공원앞,7517,6960,14477,557,6,23,목
2022-06-23,6호선,공덕,19764,19443,39207,321,6,23,목
2022-06-23,6호선,대흥(서강대앞),9078,9524,18602,-446,6,23,목
2022-06-23,6호선,광흥창(서강),9814,9852,19666,-38,6,23,목
2022-06-23,6호선,상수,9253,10540,19793,-1287,6,23,목
2022-06-23,6호선,합정,13473,13167,26640,306,6,23,목
2022-06-23,6호선,망원,14030,14864,28894,-834,6,23,목
2022-06-23,6호선,마포구청,15163,13924,29087,1239,6,23,목
2022-06-23,6호선,월드컵경기장(성산),3890,4046,7936,-156,6,23,목
2022-06-23,6호선,디지털미디어시티,14949,17054,32003,-2105,6,23,목
2022-06-23,6호선,증산(명지대앞),10073,10187,20260,-114,6,23,목
2022-06-23,6호선,새절(신사),12735,12095,24830,640,6,23,목
2022-06-23,6호선,구산,8026,6221,14247,1805,6,23,목
2022-06-23,6호선,연신내,1,0,1,1,6,23,목
2022-06-23,6호선,독바위,2848,3178,6026,-330,6,23,목
2022-06-23,6호선,불광,4423,4284,8707,139,6,23,목
2022-06-23,6호선,역촌,3812,4729,8541,-917,6,23,목
2022-06-23,6호선,응암,17623,17657,35280,-34,6,23,목
2022-06-23,5호선,하남검단산,5808,5590,11398,218,6,23,목
2022-06-23,5호선,하남시청(덕풍·신장),7006,6851,13857,155,6,23,목
2022-06-23,5호선,하남풍산,4450,4484,8934,-34,6,23,목
2022-06-23,5호선,미사,16671,16888,33559,-217,6,23,목
2022-06-23,5호선,강일,4544,4531,9075,13,6,23,목
2022-06-23,5호선,마천,7531,7170,14701,361,6,23,목
2022-06-23,5호선,거여,10968,10746,21714,222,6,23,목
2022-06-23,5호선,개롱,6654,7089,13743,-435,6,23,목
2022-06-23,5호선,오금,3937,4063,8000,-126,6,23,목
2022-06-23,5호선,방이,7515,7909,15424,-394,6,23,목
2022-06-23,5호선,올림픽공원(한국체대),4506,3807,8313,699,6,23,목
2022-06-23,5호선,둔촌동,8322,8443,16765,-121,6,23,목
2022-06-23,5호선,상일동,15648,14913,30561,735,6,23,목
2022-06-23,5호선,고덕,9978,9771,19749,207,6,23,목
2022-06-23,5호선,명일,9015,9547,18562,-532,6,23,목
2022-06-23,5호선,굽은다리(강동구민회관앞),9912,9722,19634,190,6,23,목
2022-06-23,5호선,길동,8229,8535,16764,-306,6,23,목
2022-06-23,5호선,강동,19326,18716,38042,610,6,23,목
2022-06-23,5호선,천호(풍납토성),18009,17573,35582,436,6,23,목
2022-06-23,5호선,광나루(장신대),13708,12501,26209,1207,6,23,목
2022-06-23,5호선,아차산(어린이대공원후문),14533,14210,28743,323,6,23,목
2022-06-23,5호선,군자(능동),11605,12725,24330,-1120,6,23,목
2022-06-23,5호선,장한평,19409,19441,38850,-32,6,23,목
2022-06-23,5호선,답십리,16369,15090,31459,1279,6,23,목
2022-06-23,5호선,마장,6009,5773,11782,236,6,23,목
2022-06-23,5호선,왕십리(성동구청),4698,5324,10022,-626,6,23,목
2022-06-23,5호선,행당,8512,7873,16385,639,6,23,목
2022-06-23,5호선,신금호,6911,7200,14111,-289,6,23,목
2022-06-23,5호선,청구,4149,3945,8094,204,6,23,목
2022-06-23,5호선,동대문역사문화공원(DDP),3529,3735,7264,-206,6,23,목
2022-06-23,5호선,을지로4가,6321,6576,12897,-255,6,23,목
2022-06-23,5호선,종로3가,13120,12652,25772,468,6,23,목
2022-06-23,5호선,광화문(세종문화회관),34769,35157,69926,-388,6,23,목
2022-06-23,5호선,서대문,22168,21412,43580,756,6,23,목
2022-06-23,5호선,충정로(경기대입구),5188,5227,10415,-39,6,23,목
2022-06-23,5호선,애오개,7381,7573,14954,-192,6,23,목
2022-06-23,5호선,공덕,15623,16673,32296,-1050,6,23,목
2022-06-23,5호선,마포,16093,16419,32512,-326,6,23,목
2022-06-23,5호선,여의나루,8783,11068,19851,-2285,6,23,목
2022-06-23,5호선,여의도,34156,33370,67526,786,6,23,목
2022-06-23,5호선,신길,4472,4957,9429,-485,6,23,목
2022-06-23,5호선,영등포시장,10455,11157,21612,-702,6,23,목
2022-06-23,5호선,영등포구청,4131,4365,8496,-234,6,23,목
2022-06-23,5호선,오목교(목동운동장앞),22695,23929,46624,-1234,6,23,목
2022-06-23,5호선,목동,17543,18816,36359,-1273,6,23,목
2022-06-23,5호선,신정(은행정),14559,12118,26677,2441,6,23,목
2022-06-23,5호선,까치산,29126,28232,57358,894,6,23,목
2022-06-23,5호선,화곡,29059,27240,56299,1819,6,23,목
2022-06-23,5호선,우장산,15243,15011,30254,232,6,23,목
2022-06-23,4호선,미아(서울사이버대학),15104,14648,29752,456,6,23,목
2022-06-23,4호선,미아사거리,26863,26507,53370,356,6,23,목
2022-06-23,4호선,길음,21346,21280,42626,66,6,23,목
2022-06-23,4호선,성신여대입구(돈암),20259,19699,39958,560,6,23,목
2022-06-23,4호선,한성대입구(삼선교),13463,13020,26483,443,6,23,목
2022-06-23,4호선,혜화,32931,33162,66093,-231,6,23,목
2022-06-23,4호선,동대문,19915,20095,40010,-180,6,23,목
2022-06-23,4호선,동대문역사문화공원(DDP),15409,13944,29353,1465,6,23,목
2022-06-23,4호선,충무로,28098,28959,57057,-861,6,23,목
2022-06-23,4호선,명동,19779,21289,41068,-1510,6,23,목
2022-06-23,4호선,회현(남대문시장),25261,25113,50374,148,6,23,목
2022-06-23,4호선,서울역,12636,19186,31822,-6550,6,23,목
2022-06-23,4호선,숙대입구(갈월),14009,13746,27755,263,6,23,목
2022-06-23,4호선,삼각지,5469,6489,11958,-1020,6,23,목
2022-06-23,4호선,신용산,19498,20051,39549,-553,6,23,목
2022-06-23,4호선,이촌(국립중앙박물관),9125,9828,18953,-703,6,23,목
2022-06-23,4호선,동작(현충원),1293,1342,2635,-49,6,23,목
2022-06-23,4호선,총신대입구(이수),18783,20273,39056,-1490,6,23,목
2022-06-23,4호선,사당,26895,22327,49222,4568,6,23,목
2022-06-23,4호선,남태령,1320,1189,2509,131,6,23,목
2022-06-23,5호선,방화,6724,6668,13392,56,6,23,목
2022-06-23,5호선,개화산,5902,5595,11497,307,6,23,목
2022-06-23,3호선,안국,24657,24304,48961,353,6,23,목
2022-06-23,3호선,종로3가,10901,11992,22893,-1091,6,23,목
2022-06-23,1호선,시청,25110,25719,50829,-609,6,23,목
2022-06-23,1호선,서울역,50409,48028,98437,2381,6,23,목
2022-06-23,3호선,을지로3가,12236,11475,23711,761,6,23,목
2022-06-23,3호선,동대입구,8109,8423,16532,-314,6,23,목
2022-06-23,3호선,약수,13437,13247,26684,190,6,23,목
2022-06-23,3호선,금호,8153,7758,15911,395,6,23,목
2022-06-23,3호선,옥수,9230,9772,19002,-542,6,23,목
2022-06-23,3호선,압구정,33387,35529,68916,-2142,6,23,목
2022-06-23,3호선,신사,30111,31450,61561,-1339,6,23,목
2022-06-23,3호선,잠원,4970,4965,9935,5,6,23,목
2022-06-23,3호선,고속터미널,43778,41044,84822,2734,6,23,목
2022-06-23,3호선,교대(법원.검찰청),16125,10321,26446,5804,6,23,목
2022-06-23,3호선,남부터미널(예술의전당),30702,30941,61643,-239,6,23,목
2022-06-23,3호선,양재(서초구청),40949,44488,85437,-3539,6,23,목
2022-06-23,3호선,매봉,13601,12990,26591,611,6,23,목
2022-06-23,3호선,도곡,5816,5968,11784,-152,6,23,목
2022-06-23,3호선,대치,11437,11676,23113,-239,6,23,목
2022-06-23,3호선,학여울,2913,3036,5949,-123,6,23,목
2022-06-23,3호선,대청,10973,10181,21154,792,6,23,목
2022-06-23,3호선,일원,11389,10966,22355,423,6,23,목
2022-06-23,3호선,수서,18466,18713,37179,-247,6,23,목
2022-06-23,3호선,가락시장,9329,9131,18460,198,6,23,목
2022-06-23,3호선,경찰병원,7795,7870,15665,-75,6,23,목
2022-06-23,3호선,오금,6572,5903,12475,669,6,23,목
2022-06-23,중앙선,지평,72,81,153,-9,6,23,목
2022-06-23,중앙선,용문,1800,1762,3562,38,6,23,목
2022-06-23,중앙선,원덕,346,332,678,14,6,23,목
2022-06-23,중앙선,양평,3173,3168,6341,5,6,23,목
2022-06-23,중앙선,오빈,338,335,673,3,6,23,목
2022-06-23,중앙선,아신,578,584,1162,-6,6,23,목
2022-06-23,중앙선,국수,801,801,1602,0,6,23,목
2022-06-23,중앙선,신원,205,170,375,35,6,23,목
2022-06-23,중앙선,양수,1839,1864,3703,-25,6,23,목
2022-06-23,중앙선,운길산,694,681,1375,13,6,23,목
2022-06-23,중앙선,팔당,782,869,1651,-87,6,23,목
2022-06-23,중앙선,도심,2571,1975,4546,596,6,23,목
2022-06-23,중앙선,덕소,5522,5582,11104,-60,6,23,목
2022-06-23,중앙선,양정,739,602,1341,137,6,23,목
2022-06-23,중앙선,도농,11816,10763,22579,1053,6,23,목
2022-06-23,중앙선,구리,13269,13633,26902,-364,6,23,목
2022-06-23,중앙선,양원,3263,3198,6461,65,6,23,목
2022-06-23,중앙선,망우,7742,7564,15306,178,6,23,목
2022-06-23,중앙선,상봉(시외버스터미널),5682,5828,11510,-146,6,23,목
2022-06-23,중앙선,중랑,5773,5434,11207,339,6,23,목
2022-06-23,중앙선,회기,25652,25057,50709,595,6,23,목
2022-06-23,장항선,신창(순천향대),1429,1396,2825,33,6,23,목
2022-06-23,장항선,온양온천,3361,3443,6804,-82,6,23,목
2022-06-23,장항선,배방,1113,1042,2155,71,6,23,목
2022-06-23,장항선,탕정,869,745,1614,124,6,23,목
2022-06-23,장항선,아산,3074,2833,5907,241,6,23,목
2022-06-23,장항선,쌍용(나사렛대),2104,1892,3996,212,6,23,목
2022-06-23,장항선,봉명,1301,1243,2544,58,6,23,목
2022-06-23,일산선,대화,13647,11102,24749,2545,6,23,목
2022-06-23,일산선,주엽,9020,9176,18196,-156,6,23,목
2022-06-23,일산선,정발산,6746,6787,13533,-41,6,23,목
2022-06-23,일산선,마두,7505,7768,15273,-263,6,23,목
2022-06-23,일산선,백석,9652,9772,19424,-120,6,23,목
2022-06-23,일산선,대곡,2158,1676,3834,482,6,23,목
2022-06-23,일산선,화정,16140,16778,32918,-638,6,23,목
2022-06-23,일산선,원당,10871,10186,21057,685,6,23,목
2022-06-23,일산선,삼송,19645,19067,38712,578,6,23,목
2022-06-23,일산선,원흥,11050,10458,21508,592,6,23,목
2022-06-23,우이신설선,신설동,2085,2099,4184,-14,6,23,목
2022-06-23,우이신설선,보문,1591,1687,3278,-96,6,23,목
2022-06-23,우이신설선,성신여대입구(돈암),3332,3560,6892,-228,6,23,목
2022-06-23,우이신설선,정릉,4701,4418,9119,283,6,23,목
2022-06-23,우이신설선,북한산보국문,5945,5821,11766,124,6,23,목
2022-06-23,우이신설선,솔샘,6004,5691,11695,313,6,23,목
2022-06-23,우이신설선,삼양사거리,2435,2393,4828,42,6,23,목
2022-06-23,우이신설선,삼양,1991,2098,4089,-107,6,23,목
2022-06-23,우이신설선,화계,3383,3227,6610,156,6,23,목
2022-06-23,우이신설선,가오리,4126,4235,8361,-109,6,23,목
2022-06-23,우이신설선,4.19민주묘지,2687,2607,5294,80,6,23,목
2022-06-23,우이신설선,솔밭공원,2502,2397,4899,105,6,23,목
2022-06-23,우이신설선,북한산우이,2452,2177,4629,275,6,23,목
2022-06-23,안산선,수리산,4195,3471,7666,724,6,23,목
2022-06-23,안산선,오이도,8408,7978,16386,430,6,23,목
2022-06-23,안산선,정왕,7682,8106,15788,-424,6,23,목
2022-06-23,안산선,신길온천,1770,1611,3381,159,6,23,목
2022-06-23,안산선,안산,11096,10226,21322,870,6,23,목
2022-06-23,안산선,초지,4775,4804,9579,-29,6,23,목
2022-06-23,안산선,고잔,9053,8606,17659,447,6,23,목
2022-06-23,안산선,중앙,17632,17942,35574,-310,6,23,목
2022-06-23,안산선,한대앞,9189,9184,18373,5,6,23,목
2022-06-23,안산선,상록수,15444,15486,30930,-42,6,23,목
2022-06-23,안산선,반월,4284,4187,8471,97,6,23,목
2022-06-23,안산선,대야미,4862,4342,9204,520,6,23,목
2022-06-23,4호선,당고개,8742,7869,16611,873,6,23,목
2022-06-23,4호선,상계,19222,18202,37424,1020,6,23,목
2022-06-23,4호선,노원,18275,20208,38483,-1933,6,23,목
2022-06-23,4호선,창동,25266,26909,52175,-1643,6,23,목
2022-06-23,4호선,쌍문,29210,27462,56672,1748,6,23,목
2022-06-23,5호선,발산,22042,22189,44231,-147,6,23,목
2022-06-23,4호선,수유(강북구청),33186,33078,66264,108,6,23,목
2022-06-23,5호선,김포공항,8241,7708,15949,533,6,23,목
2022-06-23,5호선,송정,6643,6361,13004,282,6,23,목
2022-06-23,5호선,마곡,11679,11559,23238,120,6,23,목
2022-06-23,5호선,양평,7994,8083,16077,-89,6,23,목
2022-06-23,3호선,경복궁(정부서울청사),23937,23857,47794,80,6,23,목
2022-06-23,3호선,독립문,6792,7231,14023,-439,6,23,목
2022-06-23,3호선,무악재,4066,4187,8253,-121,6,23,목
2022-06-23,3호선,홍제,17591,17022,34613,569,6,23,목
2022-06-23,3호선,녹번,15864,14471,30335,1393,6,23,목
2022-06-23,3호선,불광,15810,16561,32371,-751,6,23,목
2022-06-23,3호선,연신내,35204,33273,68477,1931,6,23,목
2022-06-23,3호선,구파발,21247,20368,41615,879,6,23,목
2022-06-23,3호선,지축,5224,4829,10053,395,6,23,목
2022-06-23,2호선,용두(동대문구청),2464,2448,4912,16,6,23,목
2022-06-23,2호선,신정네거리,10503,11049,21552,-546,6,23,목
2022-06-23,2호선,양천구청,7184,7556,14740,-372,6,23,목
2022-06-23,2호선,도림천,1454,1587,3041,-133,6,23,목
2022-06-23,2호선,신설동,3810,3417,7227,393,6,23,목
2022-06-23,2호선,신답,1667,2033,3700,-366,6,23,목
2022-06-23,2호선,용답,2784,2721,5505,63,6,23,목
2022-06-23,2호선,충정로(경기대입구),10852,11656,22508,-804,6,23,목
2022-06-23,2호선,아현,10846,10597,21443,249,6,23,목
2022-06-23,2호선,이대,14043,15082,29125,-1039,6,23,목
2022-06-23,2호선,신촌,35275,36005,71280,-730,6,23,목
2022-06-23,2호선,홍대입구,55374,58092,113466,-2718,6,23,목
2022-06-23,2호선,합정,32115,33379,65494,-1264,6,23,목
2022-06-23,2호선,당산,18054,21669,39723,-3615,6,23,목
2022-06-23,2호선,영등포구청,23006,23536,46542,-530,6,23,목
2022-06-23,2호선,문래,23373,23838,47211,-465,6,23,목
2022-06-23,2호선,신도림,49545,48978,98523,567,6,23,목
2022-06-23,2호선,대림(구로구청),23918,24226,48144,-308,6,23,목
2022-06-23,2호선,구로디지털단지,61929,61659,123588,270,6,23,목
2022-06-23,2호선,신대방,25872,25702,51574,170,6,23,목
2022-06-23,2호선,신림,59558,57167,116725,2391,6,23,목
2022-06-23,2호선,봉천,24815,23289,48104,1526,6,23,목
2022-06-23,2호선,서울대입구(관악구청),47774,46260,94034,1514,6,23,목
2022-06-23,2호선,낙성대(강감찬),28602,27685,56287,917,6,23,목
2022-06-23,2호선,사당,39537,43052,82589,-3515,6,23,목
2022-06-23,2호선,방배,17292,18339,35631,-1047,6,23,목
2022-06-23,2호선,서초,23372,22562,45934,810,6,23,목
2022-06-23,2호선,교대(법원.검찰청),37026,41860,78886,-4834,6,23,목
2022-06-23,2호선,강남,87398,84635,172033,2763,6,23,목
2022-06-23,2호선,역삼,60825,65677,126502,-4852,6,23,목
2022-06-23,2호선,선릉,62264,55187,117451,7077,6,23,목
2022-06-23,2호선,삼성(무역센터),62878,62239,125117,639,6,23,목
2022-06-23,2호선,종합운동장,7715,8397,16112,-682,6,23,목
2022-06-23,2호선,잠실새내,22413,22445,44858,-32,6,23,목
2022-06-23,2호선,잠실(송파구청),73120,72250,145370,870,6,23,목
2022-06-23,2호선,잠실나루,15248,15274,30522,-26,6,23,목
2022-06-23,2호선,강변(동서울터미널),31886,29577,61463,2309,6,23,목
2022-06-23,2호선,구의(광진구청),24485,24245,48730,240,6,23,목
2022-06-23,2호선,건대입구,34868,36958,71826,-2090,6,23,목
2022-06-23,2호선,성수,40024,42388,82412,-2364,6,23,목
2022-06-23,2호선,뚝섬,23288,25024,48312,-1736,6,23,목
2022-06-23,2호선,한양대,8954,9543,18497,-589,6,23,목
2022-06-23,2호선,왕십리(성동구청),17111,14138,31249,2973,6,23,목
2022-06-23,2호선,상왕십리,15113,15047,30160,66,6,23,목
2022-06-23,2호선,신당,14189,14630,28819,-441,6,23,목
2022-06-23,2호선,동대문역사문화공원(DDP),12347,13976,26323,-1629,6,23,목
2022-06-23,2호선,을지로4가,13655,13460,27115,195,6,23,목
2022-06-23,2호선,을지로3가,25907,24837,50744,1070,6,23,목
2022-06-23,2호선,을지로입구,44509,45044,89553,-535,6,23,목
2022-06-23,2호선,시청,26906,24992,51898,1914,6,23,목
2022-06-23,1호선,동묘앞,6130,6462,12592,-332,6,23,목
2022-06-23,1호선,청량리(서울시립대입구),18418,18378,36796,40,6,23,목
2022-06-23,1호선,제기동,15449,15716,31165,-267,6,23,목
2022-06-23,1호선,신설동,13634,13629,27263,5,6,23,목
2022-06-23,1호선,동대문,10332,9788,20120,544,6,23,목
2022-06-23,1호선,종로5가,24143,23226,47369,917,6,23,목
2022-06-23,1호선,종로3가,23445,22423,45868,1022,6,23,목
2022-06-23,1호선,종각,41326,39745,81071,1581,6,23,목
2022-06-23,안산선,산본,15736,16596,32332,-860,6,23,목
2022-06-23,신림선,관악산(서울대),1923,2015,3938,-92,6,23,목
2022-06-23,신림선,서울대벤처타운,5716,5959,11675,-243,6,23,목
2022-06-23,신림선,서원,2548,2698,5246,-150,6,23,목
2022-06-23,신림선,신림,1585,1946,3531,-361,6,23,목
2022-06-23,신림선,당곡,3548,3558,7106,-10,6,23,목
2022-06-23,신림선,보라매병원,6645,6448,13093,197,6,23,목
2022-06-23,신림선,보라매공원,1577,1729,3306,-152,6,23,목
2022-06-23,신림선,보라매,2689,2503,5192,186,6,23,목
2022-06-23,신림선,서울지방병무청,2041,2382,4423,-341,6,23,목
2022-06-23,신림선,대방,1731,1334,3065,397,6,23,목
2022-06-23,신림선,샛강,2039,2461,4500,-422,6,23,목
2022-06-23,수인선,인천,967,1626,2593,-659,6,23,목
2022-06-23,수인선,신포,1756,1794,3550,-38,6,23,목
2022-06-23,수인선,숭의,3913,3671,7584,242,6,23,목
2022-06-23,수인선,인하대,5989,5534,11523,455,6,23,목
2022-06-23,수인선,송도,2278,2142,4420,136,6,23,목
2022-06-23,수인선,연수,4481,4403,8884,78,6,23,목
2022-06-23,수인선,원인재,4184,4334,8518,-150,6,23,목
2022-06-23,수인선,남동인더스파크,2277,2700,4977,-423,6,23,목
2022-06-23,수인선,호구포,4090,4362,8452,-272,6,23,목
2022-06-23,수인선,인천논현,5304,5616,10920,-312,6,23,목
2022-06-23,수인선,소래포구,4976,4584,9560,392,6,23,목
2022-06-23,수인선,월곶,2852,2627,5479,225,6,23,목
2022-06-23,수인선,달월,117,75,192,42,6,23,목
2022-06-23,수인선,사리,4877,4190,9067,687,6,23,목
2022-06-23,수인선,야목,434,288,722,146,6,23,목
2022-06-23,수인선,어천,782,772,1554,10,6,23,목
2022-06-23,수인선,오목천,3043,2830,5873,213,6,23,목
2022-06-23,수인선,고색,4498,4217,8715,281,6,23,목
2022-06-23,분당선,매교,3164,3198,6362,-34,6,23,목
2022-06-23,분당선,수원시청,12714,13564,26278,-850,6,23,목
2022-06-23,분당선,매탄권선,5388,5308,10696,80,6,23,목
2022-06-23,분당선,망포,15247,14485,29732,762,6,23,목
2022-06-23,분당선,영통,8288,8440,16728,-152,6,23,목
2022-06-23,분당선,청명,4610,4563,9173,47,6,23,목
2022-06-23,분당선,상갈,5549,5459,11008,90,6,23,목
2022-06-23,분당선,기흥,10645,9942,20587,703,6,23,목
2022-06-23,분당선,신갈,4782,4707,9489,75,6,23,목
2022-06-23,분당선,구성,5240,5549,10789,-309,6,23,목
2022-06-23,분당선,죽전,13689,15288,28977,-1599,6,23,목
2022-06-23,분당선,보정,2875,2489,5364,386,6,23,목
2022-06-23,분당선,이매,6122,5835,11957,287,6,23,목
2022-06-23,분당선,오리,12192,9857,22049,2335,6,23,목
2022-06-23,분당선,미금,15629,16665,32294,-1036,6,23,목
2022-06-23,분당선,정자,19300,20826,40126,-1526,6,23,목
2022-06-23,분당선,수내,14454,14660,29114,-206,6,23,목
2022-06-23,분당선,서현,25253,25480,50733,-227,6,23,목
2022-06-23,분당선,야탑,27054,28128,55182,-1074,6,23,목
2022-06-23,분당선,모란,19743,19585,39328,158,6,23,목
2022-06-23,분당선,태평,13652,13089,26741,563,6,23,목
2022-06-23,분당선,가천대,7582,8401,15983,-819,6,23,목
2022-06-23,분당선,선정릉,8978,9160,18138,-182,6,23,목
2022-06-23,분당선,강남구청,10548,12231,22779,-1683,6,23,목
2022-06-23,분당선,압구정로데오,20463,22440,42903,-1977,6,23,목
2022-06-23,분당선,서울숲,11860,12026,23886,-166,6,23,목
2022-06-23,분당선,수원,7697,6602,14299,1095,6,23,목
2022-06-23,분당선,수서,14616,15446,30062,-830,6,23,목
2022-06-23,분당선,대모산입구,4776,4730,9506,46,6,23,목
2022-06-23,분당선,개포동,4097,4189,8286,-92,6,23,목
2022-06-23,분당선,구룡,2490,2372,4862,118,6,23,목
2022-06-23,분당선,도곡,7685,7727,15412,-42,6,23,목
2022-06-23,분당선,한티,15604,16786,32390,-1182,6,23,목
2022-06-23,분당선,선릉,15205,22826,38031,-7621,6,23,목
2022-06-23,과천선,범계,26027,25913,51940,114,6,23,목
2022-06-23,과천선,평촌,18722,18512,37234,210,6,23,목
2022-06-23,과천선,인덕원,24779,26145,50924,-1366,6,23,목
2022-06-23,과천선,정부과천청사,11542,11423,22965,119,6,23,목
2022-06-23,과천선,과천,6753,6492,13245,261,6,23,목
2022-06-23,과천선,대공원,2037,2156,4193,-119,6,23,목
2022-06-23,과천선,경마공원,1336,1360,2696,-24,6,23,목
2022-06-23,과천선,선바위,8268,7509,15777,759,6,23,목
2022-06-23,공항철도 1호선,영종,3112,3190,6302,-78,6,23,목
2022-06-23,공항철도 1호선,인천공항2터미널,3605,3040,6645,565,6,23,목
2022-06-23,공항철도 1호선,인천공항1터미널,7602,6996,14598,606,6,23,목
2022-06-23,공항철도 1호선,공항화물청사,2345,2568,4913,-223,6,23,목
2022-06-23,공항철도 1호선,운서,7316,7316,14632,0,6,23,목
2022-06-23,공항철도 1호선,청라국제도시,7524,7169,14693,355,6,23,목
2022-06-23,공항철도 1호선,검암,6705,6324,13029,381,6,23,목
2022-06-23,공항철도 1호선,계양,11050,10360,21410,690,6,23,목
2022-06-23,공항철도 1호선,김포공항,12829,6985,19814,5844,6,23,목
2022-06-23,공항철도 1호선,마곡나루(서울식물원),9746,9347,19093,399,6,23,목
2022-06-23,공항철도 1호선,디지털미디어시티,16268,14761,31029,1507,6,23,목
2022-06-23,공항철도 1호선,홍대입구,9956,10330,20286,-374,6,23,목
2022-06-23,공항철도 1호선,공덕,2530,3476,6006,-946,6,23,목
2022-06-23,공항철도 1호선,서울역,9591,8697,18288,894,6,23,목
2022-06-23,경춘선,춘천,1292,1131,2423,161,6,23,목
2022-06-23,경춘선,남춘천,2476,2490,4966,-14,6,23,목
2022-06-23,경춘선,김유정,317,350,667,-33,6,23,목
2022-06-23,경춘선,강촌,627,525,1152,102,6,23,목
2022-06-23,경춘선,백양리,98,90,188,8,6,23,목
2022-06-23,경춘선,굴봉산,125,81,206,44,6,23,목
2022-06-23,경춘선,가평,2394,2447,4841,-53,6,23,목
2022-06-23,경춘선,상천,343,288,631,55,6,23,목
2022-06-23,경춘선,청평,1901,1900,3801,1,6,23,목
2022-06-23,경춘선,대성리,1680,1815,3495,-135,6,23,목
2022-06-23,경춘선,마석,4098,4131,8229,-33,6,23,목
2022-06-23,경춘선,천마산,1653,1460,3113,193,6,23,목
2022-06-23,경춘선,평내호평,6161,6159,12320,2,6,23,목
2022-06-23,경춘선,금곡,1504,1490,2994,14,6,23,목
2022-06-23,경춘선,사릉,2381,2339,4720,42,6,23,목
2022-06-23,경춘선,퇴계원,3515,3255,6770,260,6,23,목
2022-06-23,경춘선,별내,3218,3072,6290,146,6,23,목
2022-06-23,경춘선,갈매,3122,2620,5742,502,6,23,목
2022-06-23,경춘선,신내,2328,2150,4478,178,6,23,목
2022-06-23,경인선,도화,4176,3928,8104,248,6,23,목
2022-06-23,경인선,중동,9515,8963,18478,552,6,23,목
2022-06-23,경인선,온수(성공회대입구),6859,6658,13517,201,6,23,목
2022-06-23,경인선,도원,3542,3451,6993,91,6,23,목
2022-06-23,경인선,간석,5888,5724,11612,164,6,23,목
2022-06-23,경인선,부개,8781,8266,17047,515,6,23,목
2022-06-23,경인선,소사,8286,8164,16450,122,6,23,목
2022-06-23,경인선,구일,6419,6224,12643,195,6,23,목
2022-06-23,경인선,인천,3084,2323,5407,761,6,23,목
2022-06-23,경인선,동인천,13511,12923,26434,588,6,23,목
2022-06-23,경인선,제물포,10420,9964,20384,456,6,23,목
2022-06-23,경인선,주안,18477,16740,35217,1737,6,23,목
2022-06-23,경인선,동암,14973,14869,29842,104,6,23,목
2022-06-23,경인선,백운,6998,6885,13883,113,6,23,목
2022-06-23,경인선,부평,27734,29251,56985,-1517,6,23,목
2022-06-23,경인선,송내,28112,28079,56191,33,6,23,목
2022-06-23,경인선,부천,30733,30323,61056,410,6,23,목
2022-06-23,경인선,역곡,27086,26784,53870,302,6,23,목
2022-06-23,경인선,오류동,11992,11058,23050,934,6,23,목
2022-06-23,경인선,개봉,21292,21384,42676,-92,6,23,목
2022-06-23,경의선,임진강,10,7,17,3,6,23,목
2022-06-23,경의선,문산,4919,4755,9674,164,6,23,목
2022-06-23,경의선,파주,1047,717,1764,330,6,23,목
2022-06-23,경의선,월롱,2589,2474,5063,115,6,23,목
2022-06-23,경의선,금촌,6091,6008,12099,83,6,23,목
2022-06-23,경의선,금릉,4746,4602,9348,144,6,23,목
2022-06-23,경의선,운정,6922,6401,13323,521,6,23,목
2022-06-23,경의선,야당,7677,7450,15127,227,6,23,목
2022-06-23,경의선,탄현,7981,7657,15638,324,6,23,목
2022-06-23,경의선,일산,9939,9882,19821,57,6,23,목
2022-06-23,경의선,풍산,5645,5225,10870,420,6,23,목
2022-06-23,경의선,백마,7045,6859,13904,186,6,23,목
2022-06-23,경의선,곡산,640,659,1299,-19,6,23,목
2022-06-23,경의선,능곡,3793,3435,7228,358,6,23,목
2022-06-23,경의선,행신,8291,8278,16569,13,6,23,목
2022-06-23,경의선,강매,3386,2883,6269,503,6,23,목
2022-06-23,경의선,화전,1819,1724,3543,95,6,23,목
2022-06-23,경의선,수색,2953,3214,6167,-261,6,23,목
2022-06-23,경의선,디지털미디어시티,2764,2515,5279,249,6,23,목
2022-06-23,경의선,가좌,5681,5498,11179,183,6,23,목
2022-06-23,경의선,홍대입구,1557,1949,3506,-392,6,23,목
2022-06-23,경의선,서강대,2184,2232,4416,-48,6,23,목
2022-06-23,경의선,공덕,4282,3551,7833,731,6,23,목
2022-06-23,경의선,효창공원앞,3055,3683,6738,-628,6,23,목
2022-06-23,경의선,신촌,889,1160,2049,-271,6,23,목
2022-06-23,경의선,서울역,4518,5964,10482,-1446,6,23,목
2022-06-23,경원선,소요산,1894,1658,3552,236,6,23,목
2022-06-23,경원선,동두천,2540,2788,5328,-248,6,23,목
2022-06-23,경원선,보산,1444,1335,2779,109,6,23,목
2022-06-23,경원선,동두천중앙,3014,2951,5965,63,6,23,목
2022-06-23,경원선,지행,6195,6182,12377,13,6,23,목
2022-06-23,경원선,덕정,5464,5341,10805,123,6,23,목
2022-06-23,경원선,덕계,3299,2820,6119,479,6,23,목
2022-06-23,경원선,양주,7429,7133,14562,296,6,23,목
2022-06-23,경원선,녹양,4520,4283,8803,237,6,23,목
2022-06-23,경원선,가능,6644,6489,13133,155,6,23,목
2022-06-23,경원선,의정부,17081,17578,34659,-497,6,23,목
2022-06-23,경원선,회룡,12702,12230,24932,472,6,23,목
2022-06-23,경원선,망월사,7815,7831,15646,-16,6,23,목
2022-06-23,경원선,도봉산,6581,4142,10723,2439,6,23,목
2022-06-23,경원선,도봉,6213,5959,12172,254,6,23,목
2022-06-23,경원선,방학,9739,9488,19227,251,6,23,목
2022-06-23,경원선,녹천,4890,4088,8978,802,6,23,목
2022-06-23,경원선,월계,6731,6223,12954,508,6,23,목
2022-06-23,경원선,광운대,7730,7487,15217,243,6,23,목
2022-06-23,경원선,석계,7824,8877,16701,-1053,6,23,목
2022-06-23,경원선,신이문,8584,7987,16571,597,6,23,목
2022-06-23,경원선,외대앞,7768,7697,15465,71,6,23,목
2022-06-23,경원선,청량리(서울시립대입구),15505,15525,31030,-20,6,23,목
2022-06-23,경원선,왕십리(성동구청),15229,16964,32193,-1735,6,23,목
2022-06-23,경원선,응봉,1951,1712,3663,239,6,23,목
2022-06-23,경원선,옥수,49,47,96,2,6,23,목
2022-06-23,경원선,한남,4268,4153,8421,115,6,23,목
2022-06-23,경원선,서빙고,2223,2095,4318,128,6,23,목
2022-06-23,경원선,이촌(국립중앙박물관),3902,3083,6985,819,6,23,목
2022-06-23,경부선,광명,3805,3232,7037,573,6,23,목
2022-06-23,경부선,서동탄,1475,1227,2702,248,6,23,목
2022-06-23,경부선,당정,6428,5850,12278,578,6,23,목
2022-06-23,경부선,천안,4947,5153,10100,-206,6,23,목
2022-06-23,경부선,두정,5566,5409,10975,157,6,23,목
2022-06-23,경부선,직산,842,789,1631,53,6,23,목
2022-06-23,경부선,성환,3203,3228,6431,-25,6,23,목
2022-06-23,경부선,평택,10951,10765,21716,186,6,23,목
2022-06-23,경부선,평택지제,3773,3614,7387,159,6,23,목
2022-06-23,경부선,서정리,6688,6301,12989,387,6,23,목
2022-06-23,경부선,송탄,4019,3917,7936,102,6,23,목
2022-06-23,경부선,진위,1711,1539,3250,172,6,23,목
2022-06-23,경부선,오산,9384,9450,18834,-66,6,23,목
2022-06-23,경부선,오산대,3558,3203,6761,355,6,23,목
2022-06-23,경부선,세마,2900,2824,5724,76,6,23,목
2022-06-23,경부선,병점,14255,14257,28512,-2,6,23,목
2022-06-23,경부선,세류,3057,2750,5807,307,6,23,목
2022-06-23,경부선,독산,19609,20346,39955,-737,6,23,목
2022-06-23,경부선,수원,33656,35435,69091,-1779,6,23,목
2022-06-23,경부선,화서,8264,7771,16035,493,6,23,목
2022-06-23,경부선,성균관대,14220,13712,27932,508,6,23,목
2022-06-23,경부선,의왕,8942,8858,17800,84,6,23,목
2022-06-23,경부선,군포,7881,8056,15937,-175,6,23,목
2022-06-23,경부선,금정,27194,27823,55017,-629,6,23,목
2022-06-23,경부선,명학,9845,10236,20081,-391,6,23,목
2022-06-23,경부선,안양,23414,23605,47019,-191,6,23,목
2022-06-23,경부선,관악,7437,7119,14556,318,6,23,목
2022-06-23,경부선,석수,9459,8583,18042,876,6,23,목
2022-06-23,경부선,금천구청,11583,11594,23177,-11,6,23,목
2022-06-23,경부선,가산디지털단지,18963,22437,41400,-3474,6,23,목
2022-06-23,경부선,구로,18769,19369,38138,-600,6,23,목
2022-06-23,경부선,신길,9037,8337,17374,700,6,23,목
2022-06-23,경부선,신도림,3819,3956,7775,-137,6,23,목
2022-06-23,경부선,영등포,38965,40023,78988,-1058,6,23,목
2022-06-24,경원선,월계,7322,6633,13955,689,6,24,금
2022-06-24,2호선,용답,3034,2836,5870,198,6,24,금
2022-06-24,수인선,숭의,4398,4019,8417,379,6,24,금
2022-06-24,1호선,서울역,55677,54538,110215,1139,6,24,금
2022-06-24,1호선,시청,24778,25878,50656,-1100,6,24,금
2022-06-24,1호선,종각,40049,40404,80453,-355,6,24,금
2022-06-24,1호선,종로3가,29210,27395,56605,1815,6,24,금
2022-06-24,1호선,종로5가,25330,25727,51057,-397,6,24,금
2022-06-24,1호선,동대문,11663,10348,22011,1315,6,24,금
2022-06-24,1호선,신설동,15148,14519,29667,629,6,24,금
2022-06-24,1호선,제기동,17733,17922,35655,-189,6,24,금
2022-06-24,1호선,청량리(서울시립대입구),21877,21656,43533,221,6,24,금
2022-06-24,1호선,동묘앞,8520,8805,17325,-285,6,24,금
2022-06-24,2호선,시청,25871,25403,51274,468,6,24,금
2022-06-24,2호선,을지로입구,44294,45936,90230,-1642,6,24,금
2022-06-24,2호선,을지로3가,25957,27119,53076,-1162,6,24,금
2022-06-24,2호선,을지로4가,14633,14927,29560,-294,6,24,금
2022-06-24,2호선,동대문역사문화공원(DDP),14588,16206,30794,-1618,6,24,금
2022-06-24,2호선,신당,15540,15906,31446,-366,6,24,금
2022-06-24,2호선,상왕십리,15988,14973,30961,1015,6,24,금
2022-06-24,2호선,왕십리(성동구청),18657,16214,34871,2443,6,24,금
2022-06-24,2호선,한양대,9086,9743,18829,-657,6,24,금
2022-06-24,2호선,뚝섬,24716,26724,51440,-2008,6,24,금
2022-06-24,2호선,성수,41415,46205,87620,-4790,6,24,금
2022-06-24,2호선,건대입구,40253,45360,85613,-5107,6,24,금
2022-06-24,2호선,구의(광진구청),25994,25027,51021,967,6,24,금
2022-06-24,2호선,강변(동서울터미널),37025,36073,73098,952,6,24,금
2022-06-24,2호선,잠실나루,16271,15437,31708,834,6,24,금
2022-06-24,2호선,잠실(송파구청),80414,79832,160246,582,6,24,금
2022-06-24,2호선,잠실새내,25035,26083,51118,-1048,6,24,금
2022-06-24,2호선,종합운동장,26697,29639,56336,-2942,6,24,금
2022-06-24,2호선,삼성(무역센터),61173,62144,123317,-971,6,24,금
2022-06-24,2호선,선릉,61830,55241,117071,6589,6,24,금
2022-06-24,2호선,역삼,55991,63478,119469,-7487,6,24,금
2022-06-24,2호선,강남,94875,95390,190265,-515,6,24,금
2022-06-24,2호선,교대(법원.검찰청),38535,44108,82643,-5573,6,24,금
2022-06-24,2호선,서초,23563,22506,46069,1057,6,24,금
2022-06-24,2호선,방배,18145,18774,36919,-629,6,24,금
2022-06-24,2호선,사당,44697,50494,95191,-5797,6,24,금
2022-06-24,2호선,낙성대(강감찬),31005,28423,59428,2582,6,24,금
2022-06-24,2호선,서울대입구(관악구청),52890,50604,103494,2286,6,24,금
2022-06-24,2호선,봉천,26281,23633,49914,2648,6,24,금
2022-06-24,2호선,신림,64790,61979,126769,2811,6,24,금
2022-06-24,2호선,신대방,27792,26404,54196,1388,6,24,금
2022-06-24,2호선,구로디지털단지,64635,64260,128895,375,6,24,금
2022-06-24,2호선,대림(구로구청),25621,26094,51715,-473,6,24,금
2022-06-24,2호선,신도림,52217,53000,105217,-783,6,24,금
2022-06-24,2호선,문래,24231,25320,49551,-1089,6,24,금
2022-06-24,2호선,영등포구청,23655,24676,48331,-1021,6,24,금
2022-06-24,2호선,당산,20424,23615,44039,-3191,6,24,금
2022-06-24,2호선,합정,35154,39625,74779,-4471,6,24,금
2022-06-24,2호선,홍대입구,64987,75526,140513,-10539,6,24,금
2022-06-24,2호선,신촌,39127,40446,79573,-1319,6,24,금
2022-06-24,2호선,이대,15259,15943,31202,-684,6,24,금
2022-06-24,2호선,아현,11537,10658,22195,879,6,24,금
2022-06-24,2호선,충정로(경기대입구),10731,11364,22095,-633,6,24,금
2022-06-24,2호선,신답,1923,1999,3922,-76,6,24,금
2022-06-24,2호선,신설동,3845,3779,7624,66,6,24,금
2022-06-24,2호선,도림천,1488,1499,2987,-11,6,24,금
2022-06-24,2호선,양천구청,7638,7742,15380,-104,6,24,금
2022-06-24,2호선,신정네거리,11447,11457,22904,-10,6,24,금
2022-06-24,2호선,용두(동대문구청),2643,2606,5249,37,6,24,금
2022-06-24,3호선,지축,5735,5175,10910,560,6,24,금
2022-06-24,3호선,구파발,22586,21731,44317,855,6,24,금
2022-06-24,3호선,연신내,39504,37179,76683,2325,6,24,금
2022-06-24,3호선,불광,17302,18359,35661,-1057,6,24,금
2022-06-24,3호선,녹번,16846,14728,31574,2118,6,24,금
2022-06-24,3호선,홍제,19090,17591,36681,1499,6,24,금
2022-06-24,3호선,무악재,4261,4118,8379,143,6,24,금
2022-06-24,3호선,독립문,7707,7690,15397,17,6,24,금
2022-06-24,3호선,경복궁(정부서울청사),25065,26310,51375,-1245,6,24,금
2022-06-24,3호선,안국,25495,26135,51630,-640,6,24,금
2022-06-24,3호선,종로3가,11080,13516,24596,-2436,6,24,금
2022-06-24,3호선,을지로3가,12010,12701,24711,-691,6,24,금
2022-06-24,3호선,충무로,1,0,1,1,6,24,금
2022-06-24,3호선,동대입구,8519,9144,17663,-625,6,24,금
2022-06-24,3호선,약수,14460,14020,28480,440,6,24,금
2022-06-24,3호선,금호,8957,8035,16992,922,6,24,금
2022-06-24,3호선,옥수,10035,10103,20138,-68,6,24,금
2022-06-24,3호선,압구정,36633,39794,76427,-3161,6,24,금
2022-06-24,3호선,신사,32782,36028,68810,-3246,6,24,금
2022-06-24,3호선,잠원,5515,5159,10674,356,6,24,금
2022-06-24,3호선,고속터미널,52268,54174,106442,-1906,6,24,금
2022-06-24,3호선,교대(법원.검찰청),16397,10529,26926,5868,6,24,금
2022-06-24,3호선,남부터미널(예술의전당),34023,33950,67973,73,6,24,금
2022-06-24,3호선,양재(서초구청),42160,45216,87376,-3056,6,24,금
2022-06-24,3호선,매봉,13857,13453,27310,404,6,24,금
2022-06-24,3호선,도곡,6055,6023,12078,32,6,24,금
2022-06-24,3호선,대치,12480,12219,24699,261,6,24,금
2022-06-24,3호선,학여울,3113,3200,6313,-87,6,24,금
2022-06-24,3호선,대청,11662,10494,22156,1168,6,24,금
2022-06-24,3호선,일원,11603,10815,22418,788,6,24,금
2022-06-24,3호선,수서,20018,20152,40170,-134,6,24,금
2022-06-24,3호선,가락시장,9823,9732,19555,91,6,24,금
2022-06-24,3호선,경찰병원,7895,8072,15967,-177,6,24,금
2022-06-24,3호선,오금,6906,6033,12939,873,6,24,금
2022-06-24,4호선,당고개,9603,8334,17937,1269,6,24,금
2022-06-24,4호선,상계,20591,19005,39596,1586,6,24,금
2022-06-24,4호선,노원,20230,23662,43892,-3432,6,24,금
2022-06-24,4호선,창동,28492,30112,58604,-1620,6,24,금
2022-06-24,4호선,쌍문,31333,28183,59516,3150,6,24,금
2022-06-24,4호선,수유(강북구청),36597,36732,73329,-135,6,24,금
2022-06-24,4호선,미아(서울사이버대학),16169,15158,31327,1011,6,24,금
2022-06-24,4호선,미아사거리,29663,28807,58470,856,6,24,금
2022-06-24,4호선,길음,22587,21177,43764,1410,6,24,금
2022-06-24,4호선,성신여대입구(돈암),22269,21035,43304,1234,6,24,금
2022-06-24,4호선,한성대입구(삼선교),14331,13950,28281,381,6,24,금
2022-06-24,4호선,혜화,34962,35417,70379,-455,6,24,금
2022-06-24,4호선,동대문,20956,21025,41981,-69,6,24,금
2022-06-24,4호선,동대문역사문화공원(DDP),16795,14963,31758,1832,6,24,금
2022-06-24,4호선,충무로,28386,30307,58693,-1921,6,24,금
2022-06-24,4호선,명동,22268,23519,45787,-1251,6,24,금
2022-06-24,4호선,회현(남대문시장),26356,27997,54353,-1641,6,24,금
2022-06-24,4호선,서울역,12842,22245,35087,-9403,6,24,금
2022-06-24,4호선,숙대입구(갈월),14331,14078,28409,253,6,24,금
2022-06-24,4호선,삼각지,6546,7410,13956,-864,6,24,금
2022-06-24,4호선,신용산,20243,21656,41899,-1413,6,24,금
2022-06-24,4호선,이촌(국립중앙박물관),9414,10106,19520,-692,6,24,금
2022-06-24,4호선,동작(현충원),1733,1813,3546,-80,6,24,금
2022-06-24,4호선,총신대입구(이수),20966,22912,43878,-1946,6,24,금
2022-06-24,4호선,사당,29609,25633,55242,3976,6,24,금
2022-06-24,4호선,남태령,1535,1154,2689,381,6,24,금
2022-06-24,5호선,방화,7268,6801,14069,467,6,24,금
2022-06-24,5호선,개화산,6204,5802,12006,402,6,24,금
2022-06-24,5호선,김포공항,9238,8626,17864,612,6,24,금
2022-06-24,5호선,송정,7415,6722,14137,693,6,24,금
2022-06-24,5호선,마곡,11472,11591,23063,-119,6,24,금
2022-06-24,5호선,발산,21900,23385,45285,-1485,6,24,금
2022-06-24,5호선,우장산,16031,15285,31316,746,6,24,금
2022-06-24,5호선,화곡,31296,28142,59438,3154,6,24,금
2022-06-24,5호선,까치산,31355,29359,60714,1996,6,24,금
2022-06-24,5호선,신정(은행정),15160,11964,27124,3196,6,24,금
2022-06-24,5호선,목동,18515,19345,37860,-830,6,24,금
2022-06-24,5호선,오목교(목동운동장앞),23779,25902,49681,-2123,6,24,금
2022-06-24,5호선,양평,7980,7632,15612,348,6,24,금
2022-06-24,5호선,영등포구청,4442,4565,9007,-123,6,24,금
2022-06-24,5호선,영등포시장,11638,11876,23514,-238,6,24,금
2022-06-24,5호선,신길,4633,4557,9190,76,6,24,금
2022-06-24,5호선,여의도,30171,33257,63428,-3086,6,24,금
2022-06-24,5호선,여의나루,12528,13952,26480,-1424,6,24,금
2022-06-24,5호선,마포,15943,16288,32231,-345,6,24,금
2022-06-24,5호선,공덕,15905,16924,32829,-1019,6,24,금
2022-06-24,5호선,애오개,7407,7187,14594,220,6,24,금
2022-06-24,5호선,충정로(경기대입구),4882,4874,9756,8,6,24,금
2022-06-24,5호선,서대문,20234,20842,41076,-608,6,24,금
2022-06-24,5호선,광화문(세종문화회관),33899,36332,70231,-2433,6,24,금
2022-06-24,5호선,종로3가,15365,15718,31083,-353,6,24,금
2022-06-24,5호선,을지로4가,6712,7195,13907,-483,6,24,금
2022-06-24,5호선,동대문역사문화공원(DDP),3226,3909,7135,-683,6,24,금
2022-06-24,5호선,청구,4298,3939,8237,359,6,24,금
2022-06-24,5호선,신금호,7166,7164,14330,2,6,24,금
2022-06-24,5호선,행당,9054,7546,16600,1508,6,24,금
2022-06-24,5호선,왕십리(성동구청),4935,6080,11015,-1145,6,24,금
2022-06-24,5호선,마장,6220,5592,11812,628,6,24,금
2022-06-24,5호선,답십리,17520,15691,33211,1829,6,24,금
2022-06-24,5호선,장한평,19981,19649,39630,332,6,24,금
2022-06-24,5호선,군자(능동),12427,13740,26167,-1313,6,24,금
2022-06-24,5호선,아차산(어린이대공원후문),15727,14727,30454,1000,6,24,금
2022-06-24,5호선,광나루(장신대),14394,12902,27296,1492,6,24,금
2022-06-24,5호선,천호(풍납토성),20398,20884,41282,-486,6,24,금
2022-06-24,5호선,강동,20084,18866,38950,1218,6,24,금
2022-06-24,5호선,길동,8841,9315,18156,-474,6,24,금
2022-06-24,5호선,굽은다리(강동구민회관앞),10513,9974,20487,539,6,24,금
2022-06-24,5호선,명일,9682,9842,19524,-160,6,24,금
2022-06-24,5호선,고덕,10981,10492,21473,489,6,24,금
2022-06-24,5호선,상일동,16601,14657,31258,1944,6,24,금
2022-06-24,5호선,둔촌동,8858,8836,17694,22,6,24,금
2022-06-24,5호선,올림픽공원(한국체대),4701,3972,8673,729,6,24,금
2022-06-24,5호선,방이,7520,7979,15499,-459,6,24,금
2022-06-24,5호선,오금,4142,4105,8247,37,6,24,금
2022-06-24,5호선,개롱,7178,7188,14366,-10,6,24,금
2022-06-24,5호선,거여,11426,10719,22145,707,6,24,금
2022-06-24,5호선,마천,8099,7434,15533,665,6,24,금
2022-06-24,5호선,강일,4936,4764,9700,172,6,24,금
2022-06-24,5호선,미사,18065,18077,36142,-12,6,24,금
2022-06-24,5호선,하남풍산,4711,4583,9294,128,6,24,금
2022-06-24,5호선,하남시청(덕풍·신장),8063,7869,15932,194,6,24,금
2022-06-24,5호선,하남검단산,6528,6116,12644,412,6,24,금
2022-06-24,6호선,응암,19265,18713,37978,552,6,24,금
2022-06-24,6호선,역촌,4042,4638,8680,-596,6,24,금
2022-06-24,6호선,불광,4671,4760,9431,-89,6,24,금
2022-06-24,6호선,독바위,2996,2983,5979,13,6,24,금
2022-06-24,6호선,연신내,1,0,1,1,6,24,금
2022-06-24,6호선,구산,8600,6162,14762,2438,6,24,금
2022-06-24,6호선,새절(신사),13747,12261,26008,1486,6,24,금
2022-06-24,6호선,증산(명지대앞),10739,10385,21124,354,6,24,금
2022-06-24,6호선,디지털미디어시티,15508,16759,32267,-1251,6,24,금
2022-06-24,6호선,월드컵경기장(성산),4578,4935,9513,-357,6,24,금
2022-06-24,6호선,마포구청,15582,13718,29300,1864,6,24,금
2022-06-24,6호선,망원,15497,16920,32417,-1423,6,24,금
2022-06-24,6호선,합정,15417,15270,30687,147,6,24,금
2022-06-24,6호선,상수,9812,12464,22276,-2652,6,24,금
2022-06-24,6호선,광흥창(서강),10273,9774,20047,499,6,24,금
2022-06-24,6호선,대흥(서강대앞),9308,9275,18583,33,6,24,금
2022-06-24,6호선,공덕,20694,19944,40638,750,6,24,금
2022-06-24,6호선,효창공원앞,7880,6978,14858,902,6,24,금
2022-06-24,6호선,삼각지,8325,6999,15324,1326,6,24,금
2022-06-24,6호선,녹사평(용산구청),5895,6268,12163,-373,6,24,금
2022-06-24,6호선,이태원,13390,18832,32222,-5442,6,24,금
2022-06-24,6호선,한강진,9339,11182,20521,-1843,6,24,금
2022-06-24,6호선,버티고개,2402,2277,4679,125,6,24,금
2022-06-24,6호선,약수,4041,4045,8086,-4,6,24,금
2022-06-24,6호선,청구,3850,3935,7785,-85,6,24,금
2022-06-24,6호선,신당,8704,8214,16918,490,6,24,금
2022-06-24,6호선,동묘앞,8611,8284,16895,327,6,24,금
2022-06-24,6호선,창신,3811,2986,6797,825,6,24,금
2022-06-24,6호선,보문,8459,7493,15952,966,6,24,금
2022-06-24,6호선,안암(고대병원앞),12395,11937,24332,458,6,24,금
2022-06-24,6호선,고려대(종암),8988,8359,17347,629,6,24,금
2022-06-24,6호선,월곡(동덕여대),12644,12160,24804,484,6,24,금
2022-06-24,6호선,상월곡(한국과학기술연구원),6791,5870,12661,921,6,24,금
2022-06-24,6호선,돌곶이,10362,8982,19344,1380,6,24,금
2022-06-24,6호선,석계,13071,13491,26562,-420,6,24,금
2022-06-24,6호선,태릉입구,5991,6460,12451,-469,6,24,금
2022-06-24,6호선,화랑대(서울여대입구),12426,9514,21940,2912,6,24,금
2022-06-24,6호선,봉화산(서울의료원),9666,8961,18627,705,6,24,금
2022-06-24,7호선,장암,2400,1009,3409,1391,6,24,금
2022-06-24,7호선,도봉산,9637,10783,20420,-1146,6,24,금
2022-06-24,7호선,수락산,13891,13526,27417,365,6,24,금
2022-06-24,7호선,마들,14217,13200,27417,1017,6,24,금
2022-06-24,7호선,노원,21416,23234,44650,-1818,6,24,금
2022-06-24,7호선,중계,15826,14065,29891,1761,6,24,금
2022-06-24,7호선,하계,19175,17704,36879,1471,6,24,금
2022-06-24,7호선,공릉(서울과학기술대),13298,12660,25958,638,6,24,금
2022-06-24,7호선,태릉입구,9205,8726,17931,479,6,24,금
2022-06-24,7호선,먹골,11015,10661,21676,354,6,24,금
2022-06-24,7호선,중화,11746,11272,23018,474,6,24,금
2022-06-24,7호선,상봉(시외버스터미널),18892,18097,36989,795,6,24,금
2022-06-24,7호선,면목,16275,15443,31718,832,6,24,금
2022-06-24,7호선,사가정,17440,17086,34526,354,6,24,금
2022-06-24,7호선,용마산(용마폭포공원),6435,5964,12399,471,6,24,금
2022-06-24,7호선,중곡,12238,11072,23310,1166,6,24,금
2022-06-24,7호선,군자(능동),16737,13085,29822,3652,6,24,금
2022-06-24,7호선,어린이대공원(세종대),14707,14485,29192,222,6,24,금
2022-06-24,7호선,건대입구,13956,14782,28738,-826,6,24,금
2022-06-24,7호선,뚝섬유원지,10079,9478,19557,601,6,24,금
2022-06-24,7호선,청담,20877,23697,44574,-2820,6,24,금
2022-06-24,7호선,강남구청,18221,20491,38712,-2270,6,24,금
2022-06-24,7호선,학동,25382,27354,52736,-1972,6,24,금
2022-06-24,7호선,논현,20811,22862,43673,-2051,6,24,금
2022-06-24,7호선,반포,6840,6470,13310,370,6,24,금
2022-06-24,7호선,고속터미널,20117,16075,36192,4042,6,24,금
2022-06-24,7호선,내방,15943,16209,32152,-266,6,24,금
2022-06-24,7호선,이수,18297,17801,36098,496,6,24,금
2022-06-24,7호선,남성,12188,10887,23075,1301,6,24,금
2022-06-24,7호선,숭실대입구(살피재),13692,13204,26896,488,6,24,금
2022-06-24,7호선,상도,12195,11420,23615,775,6,24,금
2022-06-24,7호선,장승배기,9922,9430,19352,492,6,24,금
2022-06-24,7호선,신대방삼거리,16917,15607,32524,1310,6,24,금
2022-06-24,7호선,보라매,9075,8893,17968,182,6,24,금
2022-06-24,7호선,신풍,12709,11859,24568,850,6,24,금
2022-06-24,7호선,대림(구로구청),8454,8580,17034,-126,6,24,금
2022-06-24,7호선,남구로,16338,17394,33732,-1056,6,24,금
2022-06-24,7호선,가산디지털단지,47129,47129,94258,0,6,24,금
2022-06-24,7호선,철산,23486,24023,47509,-537,6,24,금
2022-06-24,7호선,광명사거리,23717,23244,46961,473,6,24,금
2022-06-24,7호선,천왕,12703,11840,24543,863,6,24,금
2022-06-24,7호선,온수(성공회대입구),10860,9966,20826,894,6,24,금
2022-06-24,7호선,상동,1,0,1,1,6,24,금
2022-06-24,8호선,암사,20585,17942,38527,2643,6,24,금
2022-06-24,8호선,천호(풍납토성),16325,19048,35373,-2723,6,24,금
2022-06-24,8호선,강동구청,11472,11517,22989,-45,6,24,금
2022-06-24,8호선,몽촌토성(평화의문),6502,6917,13419,-415,6,24,금
2022-06-24,8호선,잠실(송파구청),16031,19289,35320,-3258,6,24,금
2022-06-24,8호선,석촌,8254,9696,17950,-1442,6,24,금
2022-06-24,8호선,송파,9479,9036,18515,443,6,24,금
2022-06-24,8호선,가락시장,8517,9551,18068,-1034,6,24,금
2022-06-24,8호선,문정,23250,24340,47590,-1090,6,24,금
2022-06-24,8호선,장지,18667,17614,36281,1053,6,24,금
2022-06-24,8호선,복정,10542,8685,19227,1857,6,24,금
2022-06-24,8호선,산성,5861,5749,11610,112,6,24,금
2022-06-24,8호선,남한산성입구(성남법원.검찰청),15339,13140,28479,2199,6,24,금
2022-06-24,8호선,단대오거리,11519,10936,22455,583,6,24,금
2022-06-24,8호선,신흥,4656,5000,9656,-344,6,24,금
2022-06-24,8호선,수진,6052,5438,11490,614,6,24,금
2022-06-24,8호선,모란,6248,5238,11486,1010,6,24,금
2022-06-24,8호선,남위례,6144,6356,12500,-212,6,24,금
2022-06-24,9호선,개화,2790,1868,4658,922,6,24,금
2022-06-24,9호선,김포공항,9593,14039,23632,-4446,6,24,금
2022-06-24,9호선,공항시장,3313,3471,6784,-158,6,24,금
2022-06-24,9호선,신방화,7684,7248,14932,436,6,24,금
2022-06-24,9호선,마곡나루(서울식물원),13775,13646,27421,129,6,24,금
2022-06-24,9호선,양천향교,11130,10977,22107,153,6,24,금
2022-06-24,9호선,가양,23067,22201,45268,866,6,24,금
2022-06-24,9호선,증미,8300,7851,16151,449,6,24,금
2022-06-24,9호선,등촌,12636,11628,24264,1008,6,24,금
2022-06-24,9호선,염창,19358,18043,37401,1315,6,24,금
2022-06-24,9호선,신목동,4864,4102,8966,762,6,24,금
2022-06-24,9호선,선유도,9584,8998,18582,586,6,24,금
2022-06-24,9호선,당산,21117,21052,42169,65,6,24,금
2022-06-24,9호선,국회의사당,18415,18914,37329,-499,6,24,금
2022-06-24,9호선,여의도,31987,30601,62588,1386,6,24,금
2022-06-24,9호선,샛강,6782,6768,13550,14,6,24,금
2022-06-24,9호선,노량진,27668,26976,54644,692,6,24,금
2022-06-24,9호선,노들,5288,4311,9599,977,6,24,금
2022-06-24,9호선,흑석(중앙대입구),9314,9586,18900,-272,6,24,금
2022-06-24,9호선,동작(현충원),2193,1784,3977,409,6,24,금
2022-06-24,9호선,구반포,1376,1377,2753,-1,6,24,금
2022-06-24,9호선,신반포,4156,4020,8176,136,6,24,금
2022-06-24,9호선,고속터미널,16141,22279,38420,-6138,6,24,금
2022-06-24,9호선,사평,4338,4019,8357,319,6,24,금
2022-06-24,9호선,신논현,36457,37059,73516,-602,6,24,금
2022-06-24,9호선2~3단계,언주,11824,12107,23931,-283,6,24,금
2022-06-24,9호선2~3단계,선정릉,11062,12011,23073,-949,6,24,금
2022-06-24,9호선2~3단계,삼성중앙,8183,8534,16717,-351,6,24,금
2022-06-24,9호선2~3단계,봉은사,20760,21331,42091,-571,6,24,금
2022-06-24,9호선2~3단계,종합운동장,5317,5753,11070,-436,6,24,금
2022-06-24,9호선2~3단계,삼전,7650,7217,14867,433,6,24,금
2022-06-24,9호선2~3단계,석촌고분,7004,6641,13645,363,6,24,금
2022-06-24,9호선2~3단계,석촌,9957,8614,18571,1343,6,24,금
2022-06-24,9호선2~3단계,송파나루,5768,6224,11992,-456,6,24,금
2022-06-24,9호선2~3단계,한성백제,2867,2561,5428,306,6,24,금
2022-06-24,9호선2~3단계,올림픽공원(한국체대),6972,6895,13867,77,6,24,금
2022-06-24,9호선2~3단계,둔촌오륜,1327,1185,2512,142,6,24,금
2022-06-24,9호선2~3단계,중앙보훈병원,12014,10681,22695,1333,6,24,금
2022-06-24,경강선,판교,5477,5592,11069,-115,6,24,금
2022-06-24,경강선,이매,1307,1085,2392,222,6,24,금
2022-06-24,경강선,삼동,2704,2361,5065,343,6,24,금
2022-06-24,경강선,경기광주,8723,8111,16834,612,6,24,금
2022-06-24,경강선,초월,3715,3327,7042,388,6,24,금
2022-06-24,경강선,곤지암,2461,2417,4878,44,6,24,금
2022-06-24,경강선,신둔도예촌,1782,1585,3367,197,6,24,금
2022-06-24,경강선,이천,2959,3054,6013,-95,6,24,금
2022-06-24,경강선,부발,2932,2299,5231,633,6,24,금
2022-06-24,경강선,세종대왕릉,387,394,781,-7,6,24,금
2022-06-24,경강선,여주,2624,2689,5313,-65,6,24,금
2022-06-24,경부선,서울역,10543,3120,13663,7423,6,24,금
2022-06-24,경부선,남영,10084,10515,20599,-431,6,24,금
2022-06-24,경부선,용산,45960,47755,93715,-1795,6,24,금
2022-06-24,경부선,노량진,8876,8571,17447,305,6,24,금
2022-06-24,경부선,대방,12503,13098,25601,-595,6,24,금
2022-06-24,경부선,영등포,45237,48104,93341,-2867,6,24,금
2022-06-24,경부선,신도림,4476,4691,9167,-215,6,24,금
2022-06-24,경부선,신길,9955,8562,18517,1393,6,24,금
2022-06-24,경부선,구로,19812,20742,40554,-930,6,24,금
2022-06-24,경부선,가산디지털단지,19843,22555,42398,-2712,6,24,금
2022-06-24,경부선,금천구청,12617,12566,25183,51,6,24,금
2022-06-24,경부선,석수,10138,8925,19063,1213,6,24,금
2022-06-24,경부선,관악,8082,7441,15523,641,6,24,금
2022-06-24,경부선,안양,23914,23330,47244,584,6,24,금
2022-06-24,경부선,명학,9603,9260,18863,343,6,24,금
2022-06-24,경부선,금정,29989,29743,59732,246,6,24,금
2022-06-24,경부선,군포,8057,7972,16029,85,6,24,금
2022-06-24,경부선,의왕,9820,9542,19362,278,6,24,금
2022-06-24,경부선,성균관대,15732,15325,31057,407,6,24,금
2022-06-24,경부선,화서,8954,8623,17577,331,6,24,금
2022-06-24,경부선,수원,39073,43084,82157,-4011,6,24,금
2022-06-24,경부선,독산,19840,20019,39859,-179,6,24,금
2022-06-24,경부선,세류,3453,3270,6723,183,6,24,금
2022-06-24,경부선,병점,16406,15880,32286,526,6,24,금
2022-06-24,경부선,세마,3378,2950,6328,428,6,24,금
2022-06-24,경부선,오산대,3985,3687,7672,298,6,24,금
2022-06-24,경부선,오산,10969,10565,21534,404,6,24,금
2022-06-24,경부선,진위,2086,1687,3773,399,6,24,금
2022-06-24,경부선,송탄,5386,4698,10084,688,6,24,금
2022-06-24,경부선,서정리,9023,7139,16162,1884,6,24,금
2022-06-24,경부선,평택지제,4692,4374,9066,318,6,24,금
2022-06-24,경부선,평택,14161,13748,27909,413,6,24,금
2022-06-24,경부선,성환,4167,3593,7760,574,6,24,금
2022-06-24,경부선,직산,1043,947,1990,96,6,24,금
2022-06-24,경부선,두정,7044,6693,13737,351,6,24,금
2022-06-24,경부선,천안,6381,6748,13129,-367,6,24,금
2022-06-24,경부선,당정,6979,6438,13417,541,6,24,금
2022-06-24,경부선,서동탄,1680,1423,3103,257,6,24,금
2022-06-24,경부선,광명,4296,3964,8260,332,6,24,금
2022-06-24,경원선,이촌(국립중앙박물관),4470,3456,7926,1014,6,24,금
2022-06-24,경원선,서빙고,2563,2222,4785,341,6,24,금
2022-06-24,경원선,한남,4510,4383,8893,127,6,24,금
2022-06-24,경원선,옥수,59,41,100,18,6,24,금
2022-06-24,경원선,응봉,2208,1733,3941,475,6,24,금
2022-06-24,경원선,왕십리(성동구청),16982,18627,35609,-1645,6,24,금
2022-06-24,경원선,청량리(서울시립대입구),18783,19377,38160,-594,6,24,금
2022-06-24,경원선,외대앞,8551,8208,16759,343,6,24,금
2022-06-24,경원선,신이문,9185,8216,17401,969,6,24,금
2022-06-24,경원선,석계,8811,9828,18639,-1017,6,24,금
2022-06-24,경원선,광운대,8354,7765,16119,589,6,24,금
2022-06-24,경원선,녹천,5225,4152,9377,1073,6,24,금
2022-06-24,경원선,방학,10679,10567,21246,112,6,24,금
2022-06-24,경원선,도봉,6634,6167,12801,467,6,24,금
2022-06-24,경원선,도봉산,7838,5095,12933,2743,6,24,금
2022-06-24,경원선,망월사,8634,8427,17061,207,6,24,금
2022-06-24,경원선,회룡,13834,13633,27467,201,6,24,금
2022-06-24,경원선,의정부,20037,21656,41693,-1619,6,24,금
2022-06-24,경원선,가능,7225,6731,13956,494,6,24,금
2022-06-24,경원선,녹양,5238,4774,10012,464,6,24,금
2022-06-24,경원선,양주,8391,7803,16194,588,6,24,금
2022-06-24,경원선,덕계,3611,3233,6844,378,6,24,금
2022-06-24,경원선,덕정,6254,5784,12038,470,6,24,금
2022-06-24,경원선,지행,7506,7400,14906,106,6,24,금
2022-06-24,경원선,동두천중앙,3500,3429,6929,71,6,24,금
2022-06-24,경원선,보산,2053,1747,3800,306,6,24,금
2022-06-24,경원선,동두천,2681,2830,5511,-149,6,24,금
2022-06-24,경원선,소요산,2636,2397,5033,239,6,24,금
2022-06-24,경의선,서울역,4975,6693,11668,-1718,6,24,금
2022-06-24,경의선,신촌,901,1259,2160,-358,6,24,금
2022-06-24,경의선,효창공원앞,3180,3638,6818,-458,6,24,금
2022-06-24,경의선,공덕,4166,3777,7943,389,6,24,금
2022-06-24,경의선,서강대,2398,2332,4730,66,6,24,금
2022-06-24,경의선,홍대입구,2089,2642,4731,-553,6,24,금
2022-06-24,경의선,가좌,6285,5819,12104,466,6,24,금
2022-06-24,경의선,디지털미디어시티,3017,2710,5727,307,6,24,금
2022-06-24,경의선,수색,3041,3125,6166,-84,6,24,금
2022-06-24,경의선,화전,1988,1702,3690,286,6,24,금
2022-06-24,경의선,강매,3565,3019,6584,546,6,24,금
2022-06-24,경의선,행신,9123,9091,18214,32,6,24,금
2022-06-24,경의선,능곡,4271,3888,8159,383,6,24,금
2022-06-24,경의선,곡산,699,759,1458,-60,6,24,금
2022-06-24,경의선,백마,7801,7370,15171,431,6,24,금
2022-06-24,경의선,풍산,6183,5814,11997,369,6,24,금
2022-06-24,경의선,일산,10394,10157,20551,237,6,24,금
2022-06-24,경의선,탄현,8655,8051,16706,604,6,24,금
2022-06-24,경의선,야당,8801,8997,17798,-196,6,24,금
2022-06-24,경의선,운정,7624,6927,14551,697,6,24,금
2022-06-24,경의선,금릉,5510,5282,10792,228,6,24,금
2022-06-24,경의선,금촌,7422,7032,14454,390,6,24,금
2022-06-24,경의선,월롱,3302,2454,5756,848,6,24,금
2022-06-24,경의선,파주,1338,777,2115,561,6,24,금
2022-06-24,경의선,문산,6242,6038,12280,204,6,24,금
2022-06-24,경의선,임진강,12,4,16,8,6,24,금
2022-06-24,경인선,개봉,22987,22163,45150,824,6,24,금
2022-06-24,경인선,오류동,13202,11642,24844,1560,6,24,금
2022-06-24,경인선,역곡,29210,28538,57748,672,6,24,금
2022-06-24,경인선,부천,34646,35510,70156,-864,6,24,금
2022-06-24,경인선,송내,29684,29427,59111,257,6,24,금
2022-06-24,경인선,부평,31735,35957,67692,-4222,6,24,금
2022-06-24,경인선,백운,7615,7401,15016,214,6,24,금
2022-06-24,경인선,동암,16998,16879,33877,119,6,24,금
2022-06-24,경인선,주안,20639,18605,39244,2034,6,24,금
2022-06-24,경인선,제물포,11951,10860,22811,1091,6,24,금
2022-06-24,경인선,동인천,15267,14563,29830,704,6,24,금
2022-06-24,경인선,인천,3965,3143,7108,822,6,24,금
2022-06-24,경인선,구일,7117,6779,13896,338,6,24,금
2022-06-24,경인선,소사,9207,8838,18045,369,6,24,금
2022-06-24,경인선,부개,9559,8596,18155,963,6,24,금
2022-06-24,경인선,간석,6517,5893,12410,624,6,24,금
2022-06-24,경인선,도원,3902,3885,7787,17,6,24,금
2022-06-24,경인선,온수(성공회대입구),7479,6763,14242,716,6,24,금
2022-06-24,경인선,중동,10265,9378,19643,887,6,24,금
2022-06-24,경인선,도화,4712,4271,8983,441,6,24,금
2022-06-24,경춘선,신내,2601,2367,4968,234,6,24,금
2022-06-24,경춘선,갈매,3338,2790,6128,548,6,24,금
2022-06-24,경춘선,별내,3558,3358,6916,200,6,24,금
2022-06-24,경춘선,퇴계원,3897,3566,7463,331,6,24,금
2022-06-24,경춘선,사릉,2571,2486,5057,85,6,24,금
2022-06-24,경춘선,금곡,1732,1645,3377,87,6,24,금
2022-06-24,경춘선,평내호평,6783,6803,13586,-20,6,24,금
2022-06-24,경춘선,천마산,1877,1784,3661,93,6,24,금
2022-06-24,경춘선,마석,4322,4353,8675,-31,6,24,금
2022-06-24,경춘선,대성리,2089,2659,4748,-570,6,24,금
2022-06-24,경춘선,청평,2319,2666,4985,-347,6,24,금
2022-06-24,경춘선,상천,362,492,854,-130,6,24,금
2022-06-24,경춘선,가평,2847,2943,5790,-96,6,24,금
2022-06-24,경춘선,굴봉산,149,129,278,20,6,24,금
2022-06-24,경춘선,백양리,114,109,223,5,6,24,금
2022-06-24,경춘선,강촌,682,708,1390,-26,6,24,금
2022-06-24,경춘선,김유정,368,418,786,-50,6,24,금
2022-06-24,경춘선,남춘천,3227,3117,6344,110,6,24,금
2022-06-24,경춘선,춘천,1713,1502,3215,211,6,24,금
2022-06-24,공항철도 1호선,서울역,11428,10757,22185,671,6,24,금
2022-06-24,공항철도 1호선,공덕,2735,3665,6400,-930,6,24,금
2022-06-24,공항철도 1호선,홍대입구,12485,13220,25705,-735,6,24,금
2022-06-24,공항철도 1호선,디지털미디어시티,15429,14384,29813,1045,6,24,금
2022-06-24,공항철도 1호선,마곡나루(서울식물원),10129,9524,19653,605,6,24,금
2022-06-24,공항철도 1호선,김포공항,15228,8009,23237,7219,6,24,금
2022-06-24,공항철도 1호선,계양,11842,10822,22664,1020,6,24,금
2022-06-24,공항철도 1호선,검암,7534,7351,14885,183,6,24,금
2022-06-24,공항철도 1호선,청라국제도시,8310,7618,15928,692,6,24,금
2022-06-24,공항철도 1호선,운서,8327,8305,16632,22,6,24,금
2022-06-24,공항철도 1호선,공항화물청사,2490,2567,5057,-77,6,24,금
2022-06-24,공항철도 1호선,인천공항1터미널,7078,7048,14126,30,6,24,금
2022-06-24,공항철도 1호선,인천공항2터미널,3587,3182,6769,405,6,24,금
2022-06-24,공항철도 1호선,영종,3605,3786,7391,-181,6,24,금
2022-06-24,과천선,선바위,9233,7841,17074,1392,6,24,금
2022-06-24,과천선,경마공원,8000,8197,16197,-197,6,24,금
2022-06-24,과천선,대공원,3005,3222,6227,-217,6,24,금
2022-06-24,과천선,과천,7125,6406,13531,719,6,24,금
2022-06-24,과천선,정부과천청사,11935,11629,23564,306,6,24,금
2022-06-24,과천선,인덕원,27017,27419,54436,-402,6,24,금
2022-06-24,과천선,평촌,19274,18877,38151,397,6,24,금
2022-06-24,과천선,범계,29108,29166,58274,-58,6,24,금
2022-06-24,분당선,선릉,14669,22520,37189,-7851,6,24,금
2022-06-24,분당선,한티,16555,17237,33792,-682,6,24,금
2022-06-24,분당선,도곡,8076,7815,15891,261,6,24,금
2022-06-24,분당선,구룡,2681,2365,5046,316,6,24,금
2022-06-24,분당선,개포동,4462,4508,8970,-46,6,24,금
2022-06-24,분당선,대모산입구,5203,4665,9868,538,6,24,금
2022-06-24,분당선,수서,16496,16999,33495,-503,6,24,금
2022-06-24,분당선,수원,9109,8011,17120,1098,6,24,금
2022-06-24,분당선,서울숲,12924,13298,26222,-374,6,24,금
2022-06-24,분당선,압구정로데오,21737,26303,48040,-4566,6,24,금
2022-06-24,분당선,강남구청,10868,12440,23308,-1572,6,24,금
2022-06-24,분당선,선정릉,8287,8867,17154,-580,6,24,금
2022-06-24,분당선,가천대,8234,8513,16747,-279,6,24,금
2022-06-24,분당선,태평,14972,13872,28844,1100,6,24,금
2022-06-24,분당선,모란,26411,27450,53861,-1039,6,24,금
2022-06-24,분당선,야탑,29543,30821,60364,-1278,6,24,금
2022-06-24,분당선,서현,28436,28686,57122,-250,6,24,금
2022-06-24,분당선,수내,15126,14507,29633,619,6,24,금
2022-06-24,분당선,정자,20662,21671,42333,-1009,6,24,금
2022-06-24,분당선,미금,17110,18292,35402,-1182,6,24,금
2022-06-24,분당선,오리,12985,10480,23465,2505,6,24,금
2022-06-24,분당선,이매,6705,6230,12935,475,6,24,금
2022-06-24,분당선,보정,3166,2701,5867,465,6,24,금
2022-06-24,분당선,죽전,15503,16568,32071,-1065,6,24,금
2022-06-24,분당선,구성,5696,5810,11506,-114,6,24,금
2022-06-24,분당선,신갈,5187,5037,10224,150,6,24,금
2022-06-24,분당선,기흥,11248,10280,21528,968,6,24,금
2022-06-24,분당선,상갈,6033,5671,11704,362,6,24,금
2022-06-24,분당선,청명,5074,4627,9701,447,6,24,금
2022-06-24,분당선,영통,9539,9762,19301,-223,6,24,금
2022-06-24,분당선,망포,16844,15137,31981,1707,6,24,금
2022-06-24,분당선,매탄권선,5975,5603,11578,372,6,24,금
2022-06-24,분당선,수원시청,14241,17033,31274,-2792,6,24,금
2022-06-24,분당선,매교,3471,3396,6867,75,6,24,금
2022-06-24,수인선,고색,5017,4507,9524,510,6,24,금
2022-06-24,수인선,오목천,3567,3002,6569,565,6,24,금
2022-06-24,수인선,어천,1010,967,1977,43,6,24,금
2022-06-24,수인선,야목,476,364,840,112,6,24,금
2022-06-24,수인선,사리,5416,4572,9988,844,6,24,금
2022-06-24,수인선,달월,134,97,231,37,6,24,금
2022-06-24,수인선,월곶,3090,2923,6013,167,6,24,금
2022-06-24,수인선,소래포구,5613,5396,11009,217,6,24,금
2022-06-24,수인선,인천논현,6084,6560,12644,-476,6,24,금
2022-06-24,수인선,호구포,4383,4495,8878,-112,6,24,금
2022-06-24,수인선,남동인더스파크,2433,2754,5187,-321,6,24,금
2022-06-24,수인선,원인재,4809,5020,9829,-211,6,24,금
2022-06-24,수인선,연수,5381,5244,10625,137,6,24,금
2022-06-24,수인선,송도,2732,2522,5254,210,6,24,금
2022-06-24,수인선,인하대,6451,6074,12525,377,6,24,금
2022-06-24,수인선,신포,2026,2082,4108,-56,6,24,금
2022-06-24,수인선,인천,1139,1781,2920,-642,6,24,금
2022-06-24,신림선,샛강,2152,2700,4852,-548,6,24,금
2022-06-24,신림선,대방,2016,1422,3438,594,6,24,금
2022-06-24,신림선,서울지방병무청,2143,2289,4432,-146,6,24,금
2022-06-24,신림선,보라매,2811,2505,5316,306,6,24,금
2022-06-24,신림선,보라매공원,1654,1789,3443,-135,6,24,금
2022-06-24,신림선,보라매병원,5543,5774,11317,-231,6,24,금
2022-06-24,신림선,당곡,3645,3380,7025,265,6,24,금
2022-06-24,신림선,신림,1669,2127,3796,-458,6,24,금
2022-06-24,신림선,서원,2799,2328,5127,471,6,24,금
2022-06-24,신림선,서울대벤처타운,6470,6358,12828,112,6,24,금
2022-06-24,신림선,관악산(서울대),2664,2631,5295,33,6,24,금
2022-06-24,안산선,산본,17615,19038,36653,-1423,6,24,금
2022-06-24,안산선,대야미,5671,4832,10503,839,6,24,금
2022-06-24,안산선,반월,4887,4602,9489,285,6,24,금
2022-06-24,안산선,상록수,17027,16956,33983,71,6,24,금
2022-06-24,안산선,한대앞,10120,10049,20169,71,6,24,금
2022-06-24,안산선,중앙,19676,20908,40584,-1232,6,24,금
2022-06-24,안산선,고잔,9638,9190,18828,448,6,24,금
2022-06-24,안산선,초지,5219,5179,10398,40,6,24,금
2022-06-24,안산선,안산,12682,11483,24165,1199,6,24,금
2022-06-24,안산선,신길온천,2056,1822,3878,234,6,24,금
2022-06-24,안산선,정왕,9094,9237,18331,-143,6,24,금
2022-06-24,안산선,오이도,9295,8872,18167,423,6,24,금
2022-06-24,안산선,수리산,4662,3649,8311,1013,6,24,금
2022-06-24,우이신설선,북한산우이,2908,2823,5731,85,6,24,금
2022-06-24,우이신설선,솔밭공원,2680,2476,5156,204,6,24,금
2022-06-24,우이신설선,4.19민주묘지,3146,2964,6110,182,6,24,금
2022-06-24,우이신설선,가오리,4626,4487,9113,139,6,24,금
2022-06-24,우이신설선,화계,3737,3443,7180,294,6,24,금
2022-06-24,우이신설선,삼양,2148,2220,4368,-72,6,24,금
2022-06-24,우이신설선,삼양사거리,2713,2662,5375,51,6,24,금
2022-06-24,우이신설선,솔샘,6330,5760,12090,570,6,24,금
2022-06-24,우이신설선,북한산보국문,6776,6009,12785,767,6,24,금
2022-06-24,우이신설선,정릉,5246,4555,9801,691,6,24,금
2022-06-24,우이신설선,성신여대입구(돈암),3587,4065,7652,-478,6,24,금
2022-06-24,우이신설선,보문,1676,1629,3305,47,6,24,금
2022-06-24,우이신설선,신설동,2330,2280,4610,50,6,24,금
2022-06-24,일산선,원흥,12313,11228,23541,1085,6,24,금
2022-06-24,일산선,삼송,21596,20546,42142,1050,6,24,금
2022-06-24,일산선,원당,12373,11296,23669,1077,6,24,금
2022-06-24,일산선,화정,18343,18693,37036,-350,6,24,금
2022-06-24,일산선,대곡,2322,1833,4155,489,6,24,금
2022-06-24,일산선,백석,10589,10493,21082,96,6,24,금
2022-06-24,일산선,마두,8215,8560,16775,-345,6,24,금
2022-06-24,일산선,정발산,8150,8667,16817,-517,6,24,금
2022-06-24,일산선,주엽,10111,10085,20196,26,6,24,금
2022-06-24,일산선,대화,14824,11886,26710,2938,6,24,금
2022-06-24,장항선,봉명,1440,1382,2822,58,6,24,금
2022-06-24,장항선,쌍용(나사렛대),2452,2299,4751,153,6,24,금
2022-06-24,장항선,아산,3984,4143,8127,-159,6,24,금
2022-06-24,장항선,탕정,1053,918,1971,135,6,24,금
2022-06-24,장항선,배방,1379,1326,2705,53,6,24,금
2022-06-24,장항선,온양온천,5049,5277,10326,-228,6,24,금
2022-06-24,장항선,신창(순천향대),1791,1456,3247,335,6,24,금
2022-06-24,중앙선,회기,27920,26060,53980,1860,6,24,금
2022-06-24,중앙선,중랑,6228,5878,12106,350,6,24,금
2022-06-24,중앙선,상봉(시외버스터미널),6525,6465,12990,60,6,24,금
2022-06-24,중앙선,망우,8653,8323,16976,330,6,24,금
2022-06-24,중앙선,양원,3457,3164,6621,293,6,24,금
2022-06-24,중앙선,구리,14513,14918,29431,-405,6,24,금
2022-06-24,중앙선,도농,12262,10936,23198,1326,6,24,금
2022-06-24,중앙선,양정,747,638,1385,109,6,24,금
2022-06-24,중앙선,덕소,6077,5993,12070,84,6,24,금
2022-06-24,중앙선,도심,2706,2127,4833,579,6,24,금
2022-06-24,중앙선,팔당,952,993,1945,-41,6,24,금
2022-06-24,중앙선,운길산,826,784,1610,42,6,24,금
2022-06-24,중앙선,양수,2196,2225,4421,-29,6,24,금
2022-06-24,중앙선,신원,230,215,445,15,6,24,금
2022-06-24,중앙선,국수,830,839,1669,-9,6,24,금
2022-06-24,중앙선,아신,608,649,1257,-41,6,24,금
2022-06-24,중앙선,오빈,328,327,655,1,6,24,금
2022-06-24,중앙선,양평,3123,3332,6455,-209,6,24,금
2022-06-24,중앙선,원덕,402,428,830,-26,6,24,금
2022-06-24,중앙선,용문,1994,2182,4176,-188,6,24,금
2022-06-24,중앙선,지평,78,96,174,-18,6,24,금
2022-06-25,9호선,동작(현충원),2271,2141,4412,130,6,25,토
2022-06-25,중앙선,지평,62,85,147,-23,6,25,토
2022-06-25,중앙선,용문,4429,4746,9175,-317,6,25,토
2022-06-25,5호선,송정,5387,5241,10628,146,6,25,토
2022-06-25,6호선,돌곶이,6743,5968,12711,775,6,25,토
2022-06-25,7호선,천왕,7767,7140,14907,627,6,25,토
2022-06-25,1호선,서울역,40553,41057,81610,-504,6,25,토
2022-06-25,1호선,시청,14863,15254,30117,-391,6,25,토
2022-06-25,1호선,종각,23974,22975,46949,999,6,25,토
2022-06-25,1호선,종로3가,26883,25331,52214,1552,6,25,토
2022-06-25,1호선,종로5가,21837,22167,44004,-330,6,25,토
2022-06-25,1호선,동대문,11060,11034,22094,26,6,25,토
2022-06-25,1호선,신설동,10696,10116,20812,580,6,25,토
2022-06-25,1호선,제기동,16579,16777,33356,-198,6,25,토
2022-06-25,1호선,청량리(서울시립대입구),19522,20194,39716,-672,6,25,토
2022-06-25,1호선,동묘앞,11808,12420,24228,-612,6,25,토
2022-06-25,2호선,시청,11223,9894,21117,1329,6,25,토
2022-06-25,2호선,을지로입구,25105,25009,50114,96,6,25,토
2022-06-25,2호선,을지로3가,13071,13647,26718,-576,6,25,토
2022-06-25,2호선,을지로4가,8592,8761,17353,-169,6,25,토
2022-06-25,2호선,동대문역사문화공원(DDP),11200,12718,23918,-1518,6,25,토
2022-06-25,2호선,신당,12023,12325,24348,-302,6,25,토
2022-06-25,2호선,상왕십리,10617,9895,20512,722,6,25,토
2022-06-25,2호선,왕십리(성동구청),14952,13088,28040,1864,6,25,토
2022-06-25,2호선,한양대,4901,4892,9793,9,6,25,토
2022-06-25,2호선,뚝섬,15648,16528,32176,-880,6,25,토
2022-06-25,2호선,성수,23730,27267,50997,-3537,6,25,토
2022-06-25,2호선,건대입구,37590,42081,79671,-4491,6,25,토
2022-06-25,2호선,구의(광진구청),17614,16775,34389,839,6,25,토
2022-06-25,2호선,강변(동서울터미널),31925,31875,63800,50,6,25,토
2022-06-25,2호선,잠실나루,8360,7844,16204,516,6,25,토
2022-06-25,2호선,잠실(송파구청),73761,70750,144511,3011,6,25,토
2022-06-25,2호선,잠실새내,20021,20916,40937,-895,6,25,토
2022-06-25,2호선,종합운동장,28474,31469,59943,-2995,6,25,토
2022-06-25,2호선,삼성(무역센터),36595,36744,73339,-149,6,25,토
2022-06-25,2호선,선릉,26947,23848,50795,3099,6,25,토
2022-06-25,2호선,역삼,20767,22887,43654,-2120,6,25,토
2022-06-25,2호선,강남,65148,65672,130820,-524,6,25,토
2022-06-25,2호선,교대(법원.검찰청),19440,21958,41398,-2518,6,25,토
2022-06-25,2호선,서초,12238,10364,22602,1874,6,25,토
2022-06-25,2호선,방배,10899,11054,21953,-155,6,25,토
2022-06-25,2호선,사당,37604,42423,80027,-4819,6,25,토
2022-06-25,2호선,낙성대(강감찬),23428,21015,44443,2413,6,25,토
2022-06-25,2호선,서울대입구(관악구청),40292,38814,79106,1478,6,25,토
2022-06-25,2호선,봉천,19122,17259,36381,1863,6,25,토
2022-06-25,2호선,신림,52086,49413,101499,2673,6,25,토
2022-06-25,2호선,신대방,21627,20175,41802,1452,6,25,토
2022-06-25,2호선,구로디지털단지,37801,36724,74525,1077,6,25,토
2022-06-25,2호선,대림(구로구청),19777,20610,40387,-833,6,25,토
2022-06-25,2호선,신도림,44632,45438,90070,-806,6,25,토
2022-06-25,2호선,문래,14208,15432,29640,-1224,6,25,토
2022-06-25,2호선,영등포구청,13384,14030,27414,-646,6,25,토
2022-06-25,2호선,당산,13565,14763,28328,-1198,6,25,토
2022-06-25,2호선,합정,30765,35658,66423,-4893,6,25,토
2022-06-25,2호선,홍대입구,71399,81749,153148,-10350,6,25,토
2022-06-25,2호선,신촌,35214,35382,70596,-168,6,25,토
2022-06-25,2호선,이대,11572,11877,23449,-305,6,25,토
2022-06-25,2호선,아현,8298,7690,15988,608,6,25,토
2022-06-25,2호선,충정로(경기대입구),6098,6407,12505,-309,6,25,토
2022-06-25,2호선,용답,2383,2193,4576,190,6,25,토
2022-06-25,2호선,신답,1161,1217,2378,-56,6,25,토
2022-06-25,2호선,신설동,3698,3522,7220,176,6,25,토
2022-06-25,2호선,도림천,980,921,1901,59,6,25,토
2022-06-25,2호선,양천구청,5415,5239,10654,176,6,25,토
2022-06-25,2호선,신정네거리,8733,8394,17127,339,6,25,토
2022-06-25,2호선,용두(동대문구청),1831,1750,3581,81,6,25,토
2022-06-25,3호선,지축,4001,3564,7565,437,6,25,토
2022-06-25,3호선,구파발,17830,17581,35411,249,6,25,토
2022-06-25,3호선,연신내,31575,29110,60685,2465,6,25,토
2022-06-25,3호선,불광,13862,15711,29573,-1849,6,25,토
2022-06-25,3호선,녹번,11438,9548,20986,1890,6,25,토
2022-06-25,3호선,홍제,14695,13491,28186,1204,6,25,토
2022-06-25,3호선,무악재,3105,3122,6227,-17,6,25,토
2022-06-25,3호선,독립문,6632,7182,13814,-550,6,25,토
2022-06-25,3호선,경복궁(정부서울청사),23407,26206,49613,-2799,6,25,토
2022-06-25,3호선,안국,20145,21167,41312,-1022,6,25,토
2022-06-25,3호선,종로3가,6739,9872,16611,-3133,6,25,토
2022-06-25,3호선,을지로3가,6102,6724,12826,-622,6,25,토
2022-06-25,3호선,동대입구,7474,8549,16023,-1075,6,25,토
2022-06-25,3호선,약수,10017,9569,19586,448,6,25,토
2022-06-25,3호선,금호,6414,5588,12002,826,6,25,토
2022-06-25,3호선,옥수,7629,7474,15103,155,6,25,토
2022-06-25,3호선,압구정,26598,28759,55357,-2161,6,25,토
2022-06-25,3호선,신사,24968,26934,51902,-1966,6,25,토
2022-06-25,3호선,잠원,3634,3369,7003,265,6,25,토
2022-06-25,3호선,고속터미널,57225,57111,114336,114,6,25,토
2022-06-25,3호선,교대(법원.검찰청),8145,4911,13056,3234,6,25,토
2022-06-25,3호선,남부터미널(예술의전당),22559,22105,44664,454,6,25,토
2022-06-25,3호선,양재(서초구청),22360,24142,46502,-1782,6,25,토
2022-06-25,3호선,매봉,6869,6661,13530,208,6,25,토
2022-06-25,3호선,도곡,3885,3720,7605,165,6,25,토
2022-06-25,3호선,대치,9207,8395,17602,812,6,25,토
2022-06-25,3호선,학여울,2604,2713,5317,-109,6,25,토
2022-06-25,3호선,대청,6645,6116,12761,529,6,25,토
2022-06-25,3호선,일원,5640,5376,11016,264,6,25,토
2022-06-25,3호선,수서,14932,14767,29699,165,6,25,토
2022-06-25,3호선,가락시장,6760,6506,13266,254,6,25,토
2022-06-25,3호선,경찰병원,4359,4115,8474,244,6,25,토
2022-06-25,3호선,오금,3906,3691,7597,215,6,25,토
2022-06-25,4호선,당고개,7908,7284,15192,624,6,25,토
2022-06-25,4호선,상계,15420,14031,29451,1389,6,25,토
2022-06-25,4호선,노원,17062,19469,36531,-2407,6,25,토
2022-06-25,4호선,창동,21271,22241,43512,-970,6,25,토
2022-06-25,4호선,쌍문,23302,20456,43758,2846,6,25,토
2022-06-25,4호선,수유(강북구청),29111,28290,57401,821,6,25,토
2022-06-25,4호선,미아(서울사이버대학),11896,10824,22720,1072,6,25,토
2022-06-25,4호선,미아사거리,23767,22320,46087,1447,6,25,토
2022-06-25,4호선,길음,16181,14797,30978,1384,6,25,토
2022-06-25,4호선,성신여대입구(돈암),18246,16990,35236,1256,6,25,토
2022-06-25,4호선,한성대입구(삼선교),11679,11023,22702,656,6,25,토
2022-06-25,4호선,혜화,31674,33159,64833,-1485,6,25,토
2022-06-25,4호선,동대문,14968,15252,30220,-284,6,25,토
2022-06-25,4호선,동대문역사문화공원(DDP),12673,10995,23668,1678,6,25,토
2022-06-25,4호선,충무로,15040,16969,32009,-1929,6,25,토
2022-06-25,4호선,명동,18116,20571,38687,-2455,6,25,토
2022-06-25,4호선,회현(남대문시장),20613,21546,42159,-933,6,25,토
2022-06-25,4호선,서울역,7009,17301,24310,-10292,6,25,토
2022-06-25,4호선,숙대입구(갈월),11103,10952,22055,151,6,25,토
2022-06-25,4호선,삼각지,4937,6672,11609,-1735,6,25,토
2022-06-25,4호선,신용산,13769,15083,28852,-1314,6,25,토
2022-06-25,4호선,이촌(국립중앙박물관),9710,9958,19668,-248,6,25,토
2022-06-25,4호선,동작(현충원),1507,1743,3250,-236,6,25,토
2022-06-25,4호선,총신대입구(이수),16368,17564,33932,-1196,6,25,토
2022-06-25,4호선,사당,25051,22604,47655,2447,6,25,토
2022-06-25,4호선,남태령,1471,913,2384,558,6,25,토
2022-06-25,5호선,방화,5386,5024,10410,362,6,25,토
2022-06-25,5호선,개화산,4158,3921,8079,237,6,25,토
2022-06-25,5호선,김포공항,8657,8818,17475,-161,6,25,토
2022-06-25,5호선,마곡,5989,6093,12082,-104,6,25,토
2022-06-25,5호선,발산,15005,16428,31433,-1423,6,25,토
2022-06-25,5호선,우장산,10894,10546,21440,348,6,25,토
2022-06-25,5호선,화곡,22213,19999,42212,2214,6,25,토
2022-06-25,5호선,까치산,23267,21526,44793,1741,6,25,토
2022-06-25,5호선,신정(은행정),10179,8452,18631,1727,6,25,토
2022-06-25,5호선,목동,12312,12141,24453,171,6,25,토
2022-06-25,5호선,오목교(목동운동장앞),17325,18015,35340,-690,6,25,토
2022-06-25,5호선,양평,4099,3788,7887,311,6,25,토
2022-06-25,5호선,영등포구청,2211,2094,4305,117,6,25,토
2022-06-25,5호선,영등포시장,9217,9672,18889,-455,6,25,토
2022-06-25,5호선,신길,2924,2979,5903,-55,6,25,토
2022-06-25,5호선,여의도,13065,14087,27152,-1022,6,25,토
2022-06-25,5호선,여의나루,12396,14306,26702,-1910,6,25,토
2022-06-25,5호선,마포,8345,8627,16972,-282,6,25,토
2022-06-25,5호선,공덕,8036,8358,16394,-322,6,25,토
2022-06-25,5호선,애오개,4129,4103,8232,26,6,25,토
2022-06-25,5호선,충정로(경기대입구),2221,2065,4286,156,6,25,토
2022-06-25,5호선,서대문,8754,8382,17136,372,6,25,토
2022-06-25,5호선,광화문(세종문화회관),18298,19678,37976,-1380,6,25,토
2022-06-25,5호선,종로3가,14698,15240,29938,-542,6,25,토
2022-06-25,5호선,을지로4가,3761,4191,7952,-430,6,25,토
2022-06-25,5호선,동대문역사문화공원(DDP),1203,1580,2783,-377,6,25,토
2022-06-25,5호선,청구,2736,2386,5122,350,6,25,토
2022-06-25,5호선,신금호,4515,4453,8968,62,6,25,토
2022-06-25,5호선,행당,6279,5445,11724,834,6,25,토
2022-06-25,5호선,왕십리(성동구청),3784,4870,8654,-1086,6,25,토
2022-06-25,5호선,마장,4247,3908,8155,339,6,25,토
2022-06-25,5호선,답십리,11523,10323,21846,1200,6,25,토
2022-06-25,5호선,장한평,12232,11800,24032,432,6,25,토
2022-06-25,5호선,군자(능동),9572,10580,20152,-1008,6,25,토
2022-06-25,5호선,아차산(어린이대공원후문),13324,12320,25644,1004,6,25,토
2022-06-25,5호선,광나루(장신대),12332,11511,23843,821,6,25,토
2022-06-25,5호선,천호(풍납토성),18724,17857,36581,867,6,25,토
2022-06-25,5호선,강동,14301,13397,27698,904,6,25,토
2022-06-25,5호선,길동,6631,6678,13309,-47,6,25,토
2022-06-25,5호선,굽은다리(강동구민회관앞),8007,7548,15555,459,6,25,토
2022-06-25,5호선,명일,6803,6677,13480,126,6,25,토
2022-06-25,5호선,고덕,6952,6712,13664,240,6,25,토
2022-06-25,5호선,상일동,10717,9750,20467,967,6,25,토
2022-06-25,5호선,둔촌동,6518,6693,13211,-175,6,25,토
2022-06-25,5호선,올림픽공원(한국체대),4911,5115,10026,-204,6,25,토
2022-06-25,5호선,방이,5814,5535,11349,279,6,25,토
2022-06-25,5호선,오금,2313,2088,4401,225,6,25,토
2022-06-25,5호선,개롱,4505,4702,9207,-197,6,25,토
2022-06-25,5호선,거여,7521,6996,14517,525,6,25,토
2022-06-25,5호선,마천,5364,5373,10737,-9,6,25,토
2022-06-25,5호선,강일,3524,3233,6757,291,6,25,토
2022-06-25,5호선,미사,13526,13552,27078,-26,6,25,토
2022-06-25,5호선,하남풍산,3172,3181,6353,-9,6,25,토
2022-06-25,5호선,하남시청(덕풍·신장),6466,5947,12413,519,6,25,토
2022-06-25,5호선,하남검단산,6171,5892,12063,279,6,25,토
2022-06-25,6호선,응암,13815,13298,27113,517,6,25,토
2022-06-25,6호선,역촌,2914,3342,6256,-428,6,25,토
2022-06-25,6호선,불광,4267,3767,8034,500,6,25,토
2022-06-25,6호선,독바위,2267,2471,4738,-204,6,25,토
2022-06-25,6호선,연신내,1,0,1,1,6,25,토
2022-06-25,6호선,구산,6029,4410,10439,1619,6,25,토
2022-06-25,6호선,새절(신사),9693,8804,18497,889,6,25,토
2022-06-25,6호선,증산(명지대앞),8061,7705,15766,356,6,25,토
2022-06-25,6호선,디지털미디어시티,8378,8475,16853,-97,6,25,토
2022-06-25,6호선,월드컵경기장(성산),8251,8617,16868,-366,6,25,토
2022-06-25,6호선,마포구청,10337,8785,19122,1552,6,25,토
2022-06-25,6호선,망원,13381,14725,28106,-1344,6,25,토
2022-06-25,6호선,합정,14115,13714,27829,401,6,25,토
2022-06-25,6호선,상수,9260,12058,21318,-2798,6,25,토
2022-06-25,6호선,광흥창(서강),5892,5394,11286,498,6,25,토
2022-06-25,6호선,대흥(서강대앞),6135,6152,12287,-17,6,25,토
2022-06-25,6호선,공덕,11315,10677,21992,638,6,25,토
2022-06-25,6호선,효창공원앞,5307,4469,9776,838,6,25,토
2022-06-25,6호선,삼각지,7882,6166,14048,1716,6,25,토
2022-06-25,6호선,녹사평(용산구청),6097,6830,12927,-733,6,25,토
2022-06-25,6호선,이태원,16459,20893,37352,-4434,6,25,토
2022-06-25,6호선,한강진,8691,11402,20093,-2711,6,25,토
2022-06-25,6호선,버티고개,1698,1687,3385,11,6,25,토
2022-06-25,6호선,약수,2684,2841,5525,-157,6,25,토
2022-06-25,6호선,청구,2392,2411,4803,-19,6,25,토
2022-06-25,6호선,신당,5790,5243,11033,547,6,25,토
2022-06-25,6호선,동묘앞,8009,7737,15746,272,6,25,토
2022-06-25,6호선,창신,2341,1848,4189,493,6,25,토
2022-06-25,6호선,보문,5693,4933,10626,760,6,25,토
2022-06-25,6호선,안암(고대병원앞),7044,6660,13704,384,6,25,토
2022-06-25,6호선,고려대(종암),5992,5518,11510,474,6,25,토
2022-06-25,6호선,월곡(동덕여대),8168,7530,15698,638,6,25,토
2022-06-25,6호선,상월곡(한국과학기술연구원),4526,3724,8250,802,6,25,토
2022-06-25,6호선,석계,9595,9501,19096,94,6,25,토
2022-06-25,6호선,태릉입구,4661,4920,9581,-259,6,25,토
2022-06-25,6호선,화랑대(서울여대입구),7428,6030,13458,1398,6,25,토
2022-06-25,6호선,봉화산(서울의료원),5867,5735,11602,132,6,25,토
2022-06-25,6호선,신내,1,0,1,1,6,25,토
2022-06-25,7호선,장암,2005,1291,3296,714,6,25,토
2022-06-25,7호선,도봉산,7489,9821,17310,-2332,6,25,토
2022-06-25,7호선,수락산,11527,11176,22703,351,6,25,토
2022-06-25,7호선,마들,9943,9148,19091,795,6,25,토
2022-06-25,7호선,노원,17088,17981,35069,-893,6,25,토
2022-06-25,7호선,중계,10019,8706,18725,1313,6,25,토
2022-06-25,7호선,하계,13461,12247,25708,1214,6,25,토
2022-06-25,7호선,공릉(서울과학기술대),9414,9016,18430,398,6,25,토
2022-06-25,7호선,태릉입구,7287,6606,13893,681,6,25,토
2022-06-25,7호선,먹골,8290,7698,15988,592,6,25,토
2022-06-25,7호선,중화,8175,7591,15766,584,6,25,토
2022-06-25,7호선,상봉(시외버스터미널),14851,14015,28866,836,6,25,토
2022-06-25,7호선,면목,11831,11079,22910,752,6,25,토
2022-06-25,7호선,사가정,13383,12743,26126,640,6,25,토
2022-06-25,7호선,용마산(용마폭포공원),4726,4664,9390,62,6,25,토
2022-06-25,7호선,중곡,7637,6962,14599,675,6,25,토
2022-06-25,7호선,군자(능동),11819,8773,20592,3046,6,25,토
2022-06-25,7호선,어린이대공원(세종대),10612,10164,20776,448,6,25,토
2022-06-25,7호선,건대입구,12186,12983,25169,-797,6,25,토
2022-06-25,7호선,뚝섬유원지,10081,9310,19391,771,6,25,토
2022-06-25,7호선,청담,11682,12736,24418,-1054,6,25,토
2022-06-25,7호선,강남구청,10250,11604,21854,-1354,6,25,토
2022-06-25,7호선,학동,11543,12079,23622,-536,6,25,토
2022-06-25,7호선,논현,10644,11699,22343,-1055,6,25,토
2022-06-25,7호선,반포,4806,4592,9398,214,6,25,토
2022-06-25,7호선,고속터미널,17390,13392,30782,3998,6,25,토
2022-06-25,7호선,내방,8399,8363,16762,36,6,25,토
2022-06-25,7호선,이수,14198,13333,27531,865,6,25,토
2022-06-25,7호선,남성,8643,7747,16390,896,6,25,토
2022-06-25,7호선,숭실대입구(살피재),9013,8532,17545,481,6,25,토
2022-06-25,7호선,상도,8593,7741,16334,852,6,25,토
2022-06-25,7호선,장승배기,7140,6683,13823,457,6,25,토
2022-06-25,7호선,신대방삼거리,11967,10889,22856,1078,6,25,토
2022-06-25,7호선,보라매,5904,5667,11571,237,6,25,토
2022-06-25,7호선,신풍,8888,8487,17375,401,6,25,토
2022-06-25,7호선,대림(구로구청),7690,8405,16095,-715,6,25,토
2022-06-25,7호선,남구로,8746,9038,17784,-292,6,25,토
2022-06-25,7호선,가산디지털단지,15731,14263,29994,1468,6,25,토
2022-06-25,7호선,철산,16935,17168,34103,-233,6,25,토
2022-06-25,7호선,광명사거리,18698,18535,37233,163,6,25,토
2022-06-25,7호선,온수(성공회대입구),5983,6009,11992,-26,6,25,토
2022-06-25,8호선,암사,13633,12031,25664,1602,6,25,토
2022-06-25,8호선,천호(풍납토성),13075,15430,28505,-2355,6,25,토
2022-06-25,8호선,강동구청,6713,6544,13257,169,6,25,토
2022-06-25,8호선,몽촌토성(평화의문),4969,5220,10189,-251,6,25,토
2022-06-25,8호선,잠실(송파구청),14653,17132,31785,-2479,6,25,토
2022-06-25,8호선,석촌,6159,7680,13839,-1521,6,25,토
2022-06-25,8호선,송파,6373,6165,12538,208,6,25,토
2022-06-25,8호선,가락시장,5749,5848,11597,-99,6,25,토
2022-06-25,8호선,문정,9506,9465,18971,41,6,25,토
2022-06-25,8호선,장지,12784,11807,24591,977,6,25,토
2022-06-25,8호선,복정,6899,5838,12737,1061,6,25,토
2022-06-25,8호선,산성,4644,4449,9093,195,6,25,토
2022-06-25,8호선,남한산성입구(성남법원.검찰청),10245,8882,19127,1363,6,25,토
2022-06-25,8호선,단대오거리,8415,7713,16128,702,6,25,토
2022-06-25,8호선,신흥,3761,4092,7853,-331,6,25,토
2022-06-25,8호선,수진,4592,4284,8876,308,6,25,토
2022-06-25,8호선,모란,4026,3698,7724,328,6,25,토
2022-06-25,8호선,남위례,3960,4188,8148,-228,6,25,토
2022-06-25,9호선,개화,1629,1339,2968,290,6,25,토
2022-06-25,9호선,김포공항,8831,12898,21729,-4067,6,25,토
2022-06-25,9호선,공항시장,2519,2585,5104,-66,6,25,토
2022-06-25,9호선,신방화,5169,4845,10014,324,6,25,토
2022-06-25,9호선,마곡나루(서울식물원),9119,8831,17950,288,6,25,토
2022-06-25,9호선,양천향교,6486,5966,12452,520,6,25,토
2022-06-25,9호선,가양,15691,14467,30158,1224,6,25,토
2022-06-25,9호선,증미,4485,4137,8622,348,6,25,토
2022-06-25,9호선,등촌,7986,7466,15452,520,6,25,토
2022-06-25,9호선,염창,13602,12180,25782,1422,6,25,토
2022-06-25,9호선,신목동,2892,2419,5311,473,6,25,토
2022-06-25,9호선,선유도,4498,4021,8519,477,6,25,토
2022-06-25,9호선,당산,14536,13427,27963,1109,6,25,토
2022-06-25,9호선,국회의사당,5264,5343,10607,-79,6,25,토
2022-06-25,9호선,여의도,14587,13472,28059,1115,6,25,토
2022-06-25,9호선,샛강,3158,3108,6266,50,6,25,토
2022-06-25,9호선,노량진,22790,22193,44983,597,6,25,토
2022-06-25,9호선,노들,4062,3347,7409,715,6,25,토
2022-06-25,9호선,흑석(중앙대입구),6775,6526,13301,249,6,25,토
2022-06-25,9호선,구반포,1078,1065,2143,13,6,25,토
2022-06-25,9호선,신반포,3078,3162,6240,-84,6,25,토
2022-06-25,9호선,고속터미널,16143,23059,39202,-6916,6,25,토
2022-06-25,9호선,사평,2654,2421,5075,233,6,25,토
2022-06-25,9호선,신논현,27886,28171,56057,-285,6,25,토
2022-06-25,9호선2~3단계,언주,7125,6987,14112,138,6,25,토
2022-06-25,9호선2~3단계,선정릉,5150,5815,10965,-665,6,25,토
2022-06-25,9호선2~3단계,삼성중앙,3523,3607,7130,-84,6,25,토
2022-06-25,9호선2~3단계,봉은사,16250,17240,33490,-990,6,25,토
2022-06-25,9호선2~3단계,종합운동장,4280,4442,8722,-162,6,25,토
2022-06-25,9호선2~3단계,삼전,5459,4914,10373,545,6,25,토
2022-06-25,9호선2~3단계,석촌고분,4956,4527,9483,429,6,25,토
2022-06-25,9호선2~3단계,석촌,7780,6226,14006,1554,6,25,토
2022-06-25,9호선2~3단계,송파나루,4584,5206,9790,-622,6,25,토
2022-06-25,9호선2~3단계,한성백제,2352,2281,4633,71,6,25,토
2022-06-25,9호선2~3단계,올림픽공원(한국체대),11682,11184,22866,498,6,25,토
2022-06-25,9호선2~3단계,둔촌오륜,703,683,1386,20,6,25,토
2022-06-25,9호선2~3단계,중앙보훈병원,5879,5374,11253,505,6,25,토
2022-06-25,경강선,판교,3451,3417,6868,34,6,25,토
2022-06-25,경강선,이매,924,741,1665,183,6,25,토
2022-06-25,경강선,삼동,1631,1492,3123,139,6,25,토
2022-06-25,경강선,경기광주,6410,5759,12169,651,6,25,토
2022-06-25,경강선,초월,2558,2251,4809,307,6,25,토
2022-06-25,경강선,곤지암,2180,2264,4444,-84,6,25,토
2022-06-25,경강선,신둔도예촌,1377,1372,2749,5,6,25,토
2022-06-25,경강선,이천,3133,3173,6306,-40,6,25,토
2022-06-25,경강선,부발,2368,1957,4325,411,6,25,토
2022-06-25,경강선,세종대왕릉,429,466,895,-37,6,25,토
2022-06-25,경강선,여주,2793,3170,5963,-377,6,25,토
2022-06-25,경부선,서울역,10202,2596,12798,7606,6,25,토
2022-06-25,경부선,남영,7188,7145,14333,43,6,25,토
2022-06-25,경부선,용산,44426,47886,92312,-3460,6,25,토
2022-06-25,경부선,노량진,8989,8024,17013,965,6,25,토
2022-06-25,경부선,대방,7938,8467,16405,-529,6,25,토
2022-06-25,경부선,영등포,47598,50098,97696,-2500,6,25,토
2022-06-25,경부선,신도림,3431,3786,7217,-355,6,25,토
2022-06-25,경부선,신길,6470,5510,11980,960,6,25,토
2022-06-25,경부선,구로,14651,15690,30341,-1039,6,25,토
2022-06-25,경부선,가산디지털단지,7071,9345,16416,-2274,6,25,토
2022-06-25,경부선,금천구청,9397,9222,18619,175,6,25,토
2022-06-25,경부선,석수,7745,6906,14651,839,6,25,토
2022-06-25,경부선,관악,6810,6578,13388,232,6,25,토
2022-06-25,경부선,안양,20029,20038,40067,-9,6,25,토
2022-06-25,경부선,명학,5353,4905,10258,448,6,25,토
2022-06-25,경부선,금정,21540,21258,42798,282,6,25,토
2022-06-25,경부선,군포,4759,4295,9054,464,6,25,토
2022-06-25,경부선,의왕,6636,6384,13020,252,6,25,토
2022-06-25,경부선,성균관대,12082,11734,23816,348,6,25,토
2022-06-25,경부선,화서,6677,6604,13281,73,6,25,토
2022-06-25,경부선,수원,42254,46467,88721,-4213,6,25,토
2022-06-25,경부선,독산,9921,9601,19522,320,6,25,토
2022-06-25,경부선,세류,2886,2933,5819,-47,6,25,토
2022-06-25,경부선,병점,14182,13733,27915,449,6,25,토
2022-06-25,경부선,세마,2582,2299,4881,283,6,25,토
2022-06-25,경부선,오산대,3392,2991,6383,401,6,25,토
2022-06-25,경부선,오산,10512,9763,20275,749,6,25,토
2022-06-25,경부선,진위,1254,1108,2362,146,6,25,토
2022-06-25,경부선,송탄,5368,4702,10070,666,6,25,토
2022-06-25,경부선,서정리,7915,6497,14412,1418,6,25,토
2022-06-25,경부선,평택지제,3816,3488,7304,328,6,25,토
2022-06-25,경부선,평택,15162,14697,29859,465,6,25,토
2022-06-25,경부선,성환,3422,3092,6514,330,6,25,토
2022-06-25,경부선,직산,799,766,1565,33,6,25,토
2022-06-25,경부선,두정,6271,6234,12505,37,6,25,토
2022-06-25,경부선,천안,7332,7626,14958,-294,6,25,토
2022-06-25,경부선,당정,4718,4360,9078,358,6,25,토
2022-06-25,경부선,서동탄,1088,1186,2274,-98,6,25,토
2022-06-25,경부선,광명,3430,3050,6480,380,6,25,토
2022-06-25,경원선,이촌(국립중앙박물관),3540,2502,6042,1038,6,25,토
2022-06-25,경원선,서빙고,1784,1740,3524,44,6,25,토
2022-06-25,경원선,한남,2890,2859,5749,31,6,25,토
2022-06-25,경원선,옥수,43,34,77,9,6,25,토
2022-06-25,경원선,응봉,1553,1345,2898,208,6,25,토
2022-06-25,경원선,왕십리(성동구청),14981,16899,31880,-1918,6,25,토
2022-06-25,경원선,청량리(서울시립대입구),19218,19645,38863,-427,6,25,토
2022-06-25,경원선,외대앞,6836,6310,13146,526,6,25,토
2022-06-25,경원선,신이문,6849,6154,13003,695,6,25,토
2022-06-25,경원선,석계,7767,8006,15773,-239,6,25,토
2022-06-25,경원선,광운대,6124,5936,12060,188,6,25,토
2022-06-25,경원선,월계,5034,4633,9667,401,6,25,토
2022-06-25,경원선,녹천,3603,2908,6511,695,6,25,토
2022-06-25,경원선,창동,1,0,1,1,6,25,토
2022-06-25,경원선,방학,8143,7908,16051,235,6,25,토
2022-06-25,경원선,도봉,4965,4703,9668,262,6,25,토
2022-06-25,경원선,도봉산,9717,6812,16529,2905,6,25,토
2022-06-25,경원선,망월사,6286,6209,12495,77,6,25,토
2022-06-25,경원선,회룡,10897,10570,21467,327,6,25,토
2022-06-25,경원선,의정부,19474,20882,40356,-1408,6,25,토
2022-06-25,경원선,가능,5646,5333,10979,313,6,25,토
2022-06-25,경원선,녹양,3954,3723,7677,231,6,25,토
2022-06-25,경원선,양주,7392,6849,14241,543,6,25,토
2022-06-25,경원선,덕계,2920,2707,5627,213,6,25,토
2022-06-25,경원선,덕정,5188,4539,9727,649,6,25,토
2022-06-25,경원선,지행,6543,6347,12890,196,6,25,토
2022-06-25,경원선,동두천중앙,3020,3041,6061,-21,6,25,토
2022-06-25,경원선,보산,1875,1763,3638,112,6,25,토
2022-06-25,경원선,동두천,2019,2377,4396,-358,6,25,토
2022-06-25,경원선,소요산,5076,4275,9351,801,6,25,토
2022-06-25,경의선,서울역,1675,1769,3444,-94,6,25,토
2022-06-25,경의선,신촌,407,459,866,-52,6,25,토
2022-06-25,경의선,효창공원앞,2080,2186,4266,-106,6,25,토
2022-06-25,경의선,공덕,3143,2418,5561,725,6,25,토
2022-06-25,경의선,서강대,1998,1912,3910,86,6,25,토
2022-06-25,경의선,홍대입구,2224,2949,5173,-725,6,25,토
2022-06-25,경의선,가좌,4627,4318,8945,309,6,25,토
2022-06-25,경의선,디지털미디어시티,2342,2075,4417,267,6,25,토
2022-06-25,경의선,수색,1735,1603,3338,132,6,25,토
2022-06-25,경의선,화전,1327,1197,2524,130,6,25,토
2022-06-25,경의선,강매,2349,2134,4483,215,6,25,토
2022-06-25,경의선,행신,6203,6271,12474,-68,6,25,토
2022-06-25,경의선,능곡,3252,3058,6310,194,6,25,토
2022-06-25,경의선,곡산,440,466,906,-26,6,25,토
2022-06-25,경의선,백마,5163,4763,9926,400,6,25,토
2022-06-25,경의선,풍산,4968,4672,9640,296,6,25,토
2022-06-25,경의선,일산,7217,6693,13910,524,6,25,토
2022-06-25,경의선,탄현,6201,5655,11856,546,6,25,토
2022-06-25,경의선,야당,7343,7335,14678,8,6,25,토
2022-06-25,경의선,운정,5628,5086,10714,542,6,25,토
2022-06-25,경의선,금릉,4334,4103,8437,231,6,25,토
2022-06-25,경의선,금촌,6362,5983,12345,379,6,25,토
2022-06-25,경의선,월롱,1970,1695,3665,275,6,25,토
2022-06-25,경의선,파주,1030,798,1828,232,6,25,토
2022-06-25,경의선,문산,5729,5290,11019,439,6,25,토
2022-06-25,경의선,임진강,118,73,191,45,6,25,토
2022-06-25,경의선,계양,1,0,1,1,6,25,토
2022-06-25,경인선,개봉,18499,17714,36213,785,6,25,토
2022-06-25,경인선,오류동,10157,8969,19126,1188,6,25,토
2022-06-25,경인선,역곡,22508,22040,44548,468,6,25,토
2022-06-25,경인선,부천,30954,31865,62819,-911,6,25,토
2022-06-25,경인선,송내,20879,20317,41196,562,6,25,토
2022-06-25,경인선,부평,30886,34342,65228,-3456,6,25,토
2022-06-25,경인선,백운,5951,5796,11747,155,6,25,토
2022-06-25,경인선,동암,14338,14331,28669,7,6,25,토
2022-06-25,경인선,주안,17549,15336,32885,2213,6,25,토
2022-06-25,경인선,제물포,8258,7642,15900,616,6,25,토
2022-06-25,경인선,동인천,13111,12963,26074,148,6,25,토
2022-06-25,경인선,인천,5446,4591,10037,855,6,25,토
2022-06-25,경인선,구일,13431,18291,31722,-4860,6,25,토
2022-06-25,경인선,소사,8219,7934,16153,285,6,25,토
2022-06-25,경인선,부개,7475,6822,14297,653,6,25,토
2022-06-25,경인선,간석,4856,4452,9308,404,6,25,토
2022-06-25,경인선,도원,2381,2443,4824,-62,6,25,토
2022-06-25,경인선,온수(성공회대입구),5566,4961,10527,605,6,25,토
2022-06-25,경인선,중동,7627,6907,14534,720,6,25,토
2022-06-25,경인선,도화,3586,3187,6773,399,6,25,토
2022-06-25,경춘선,신내,1487,1386,2873,101,6,25,토
2022-06-25,경춘선,갈매,2214,1941,4155,273,6,25,토
2022-06-25,경춘선,별내,2538,2414,4952,124,6,25,토
2022-06-25,경춘선,퇴계원,2859,2583,5442,276,6,25,토
2022-06-25,경춘선,사릉,1925,1870,3795,55,6,25,토
2022-06-25,경춘선,금곡,1342,1291,2633,51,6,25,토
2022-06-25,경춘선,평내호평,5240,5056,10296,184,6,25,토
2022-06-25,경춘선,천마산,1600,1496,3096,104,6,25,토
2022-06-25,경춘선,마석,3805,3546,7351,259,6,25,토
2022-06-25,경춘선,대성리,2834,2480,5314,354,6,25,토
2022-06-25,경춘선,청평,2955,2943,5898,12,6,25,토
2022-06-25,경춘선,상천,760,477,1237,283,6,25,토
2022-06-25,경춘선,가평,3214,3983,7197,-769,6,25,토
2022-06-25,경춘선,굴봉산,229,253,482,-24,6,25,토
2022-06-25,경춘선,백양리,174,191,365,-17,6,25,토
2022-06-25,경춘선,강촌,920,1009,1929,-89,6,25,토
2022-06-25,경춘선,김유정,546,689,1235,-143,6,25,토
2022-06-25,경춘선,남춘천,3455,3728,7183,-273,6,25,토
2022-06-25,경춘선,춘천,2307,2059,4366,248,6,25,토
2022-06-25,공항철도 1호선,서울역,10039,9689,19728,350,6,25,토
2022-06-25,공항철도 1호선,공덕,1805,2851,4656,-1046,6,25,토
2022-06-25,공항철도 1호선,홍대입구,14209,14650,28859,-441,6,25,토
2022-06-25,공항철도 1호선,디지털미디어시티,6555,6018,12573,537,6,25,토
2022-06-25,공항철도 1호선,마곡나루(서울식물원),3732,4059,7791,-327,6,25,토
2022-06-25,공항철도 1호선,김포공항,12341,6279,18620,6062,6,25,토
2022-06-25,공항철도 1호선,계양,8487,7680,16167,807,6,25,토
2022-06-25,공항철도 1호선,검암,5248,5273,10521,-25,6,25,토
2022-06-25,공항철도 1호선,청라국제도시,5111,5011,10122,100,6,25,토
2022-06-25,공항철도 1호선,운서,7401,7503,14904,-102,6,25,토
2022-06-25,공항철도 1호선,공항화물청사,1451,1431,2882,20,6,25,토
2022-06-25,공항철도 1호선,인천공항1터미널,7415,7193,14608,222,6,25,토
2022-06-25,공항철도 1호선,인천공항2터미널,3456,3098,6554,358,6,25,토
2022-06-25,공항철도 1호선,영종,3488,3498,6986,-10,6,25,토
2022-06-25,과천선,선바위,6394,5521,11915,873,6,25,토
2022-06-25,과천선,경마공원,13437,13761,27198,-324,6,25,토
2022-06-25,과천선,대공원,6155,6454,12609,-299,6,25,토
2022-06-25,과천선,과천,5494,4963,10457,531,6,25,토
2022-06-25,과천선,정부과천청사,7255,6954,14209,301,6,25,토
2022-06-25,과천선,인덕원,19095,18827,37922,268,6,25,토
2022-06-25,과천선,평촌,10912,10636,21548,276,6,25,토
2022-06-25,과천선,범계,23290,23258,46548,32,6,25,토
2022-06-25,분당선,선릉,5698,8130,13828,-2432,6,25,토
2022-06-25,분당선,한티,12023,11693,23716,330,6,25,토
2022-06-25,분당선,도곡,5454,4910,10364,544,6,25,토
2022-06-25,분당선,구룡,1502,1307,2809,195,6,25,토
2022-06-25,분당선,개포동,3004,2899,5903,105,6,25,토
2022-06-25,분당선,대모산입구,3197,2819,6016,378,6,25,토
2022-06-25,분당선,수서,11355,11769,23124,-414,6,25,토
2022-06-25,분당선,복정,4,0,4,4,6,25,토
2022-06-25,분당선,수원,8401,7126,15527,1275,6,25,토
2022-06-25,분당선,서울숲,10315,10871,21186,-556,6,25,토
2022-06-25,분당선,압구정로데오,19054,23027,42081,-3973,6,25,토
2022-06-25,분당선,강남구청,5414,6537,11951,-1123,6,25,토
2022-06-25,분당선,선정릉,3464,3373,6837,91,6,25,토
2022-06-25,분당선,가천대,5729,6140,11869,-411,6,25,토
2022-06-25,분당선,태평,11447,10538,21985,909,6,25,토
2022-06-25,분당선,모란,17156,17492,34648,-336,6,25,토
2022-06-25,분당선,야탑,20665,21220,41885,-555,6,25,토
2022-06-25,분당선,서현,20707,20792,41499,-85,6,25,토
2022-06-25,분당선,수내,9871,8088,17959,1783,6,25,토
2022-06-25,분당선,정자,11960,12213,24173,-253,6,25,토
2022-06-25,분당선,미금,11506,11954,23460,-448,6,25,토
2022-06-25,분당선,오리,8465,6826,15291,1639,6,25,토
2022-06-25,분당선,이매,4526,4352,8878,174,6,25,토
2022-06-25,분당선,보정,1817,1716,3533,101,6,25,토
2022-06-25,분당선,죽전,10976,12252,23228,-1276,6,25,토
2022-06-25,분당선,구성,3832,3855,7687,-23,6,25,토
2022-06-25,분당선,신갈,3070,3118,6188,-48,6,25,토
2022-06-25,분당선,기흥,7464,6926,14390,538,6,25,토
2022-06-25,분당선,상갈,4258,4231,8489,27,6,25,토
2022-06-25,분당선,청명,3132,3051,6183,81,6,25,토
2022-06-25,분당선,영통,7509,7128,14637,381,6,25,토
2022-06-25,분당선,망포,10685,9403,20088,1282,6,25,토
2022-06-25,분당선,매탄권선,4137,3790,7927,347,6,25,토
2022-06-25,분당선,수원시청,11805,13720,25525,-1915,6,25,토
2022-06-25,분당선,매교,2210,2273,4483,-63,6,25,토
2022-06-25,수인선,고색,2900,2708,5608,192,6,25,토
2022-06-25,수인선,오목천,2538,2137,4675,401,6,25,토
2022-06-25,수인선,어천,895,775,1670,120,6,25,토
2022-06-25,수인선,야목,317,250,567,67,6,25,토
2022-06-25,수인선,사리,3951,3288,7239,663,6,25,토
2022-06-25,수인선,달월,79,72,151,7,6,25,토
2022-06-25,수인선,월곶,2365,2322,4687,43,6,25,토
2022-06-25,수인선,소래포구,6798,6704,13502,94,6,25,토
2022-06-25,수인선,인천논현,4706,4926,9632,-220,6,25,토
2022-06-25,수인선,호구포,2939,2599,5538,340,6,25,토
2022-06-25,수인선,남동인더스파크,952,874,1826,78,6,25,토
2022-06-25,수인선,원인재,4029,4093,8122,-64,6,25,토
2022-06-25,수인선,연수,4377,4406,8783,-29,6,25,토
2022-06-25,수인선,송도,2095,2079,4174,16,6,25,토
2022-06-25,수인선,인하대,4660,4244,8904,416,6,25,토
2022-06-25,수인선,숭의,3034,2794,5828,240,6,25,토
2022-06-25,수인선,신포,1661,1672,3333,-11,6,25,토
2022-06-25,수인선,인천,1271,2101,3372,-830,6,25,토
2022-06-25,신림선,샛강,1237,1737,2974,-500,6,25,토
2022-06-25,신림선,대방,1896,1193,3089,703,6,25,토
2022-06-25,신림선,서울지방병무청,1854,1943,3797,-89,6,25,토
2022-06-25,신림선,보라매,2024,1783,3807,241,6,25,토
2022-06-25,신림선,보라매공원,1373,1475,2848,-102,6,25,토
2022-06-25,신림선,보라매병원,2903,2950,5853,-47,6,25,토
2022-06-25,신림선,당곡,3010,2582,5592,428,6,25,토
2022-06-25,신림선,신림,1472,1965,3437,-493,6,25,토
2022-06-25,신림선,서원,2404,2063,4467,341,6,25,토
2022-06-25,신림선,서울대벤처타운,5921,5286,11207,635,6,25,토
2022-06-25,신림선,관악산(서울대),4215,4404,8619,-189,6,25,토
2022-06-25,안산선,산본,14106,15064,29170,-958,6,25,토
2022-06-25,안산선,대야미,4501,3926,8427,575,6,25,토
2022-06-25,안산선,반월,3941,3671,7612,270,6,25,토
2022-06-25,안산선,상록수,13615,13341,26956,274,6,25,토
2022-06-25,안산선,한대앞,7844,7699,15543,145,6,25,토
2022-06-25,안산선,중앙,17460,16638,34098,822,6,25,토
2022-06-25,안산선,고잔,7398,7415,14813,-17,6,25,토
2022-06-25,안산선,초지,3958,3826,7784,132,6,25,토
2022-06-25,안산선,안산,10238,10552,20790,-314,6,25,토
2022-06-25,안산선,신길온천,1748,1559,3307,189,6,25,토
2022-06-25,안산선,정왕,7213,7047,14260,166,6,25,토
2022-06-25,안산선,오이도,8470,8548,17018,-78,6,25,토
2022-06-25,안산선,수리산,3206,2918,6124,288,6,25,토
2022-06-25,우이신설선,북한산우이,4693,4651,9344,42,6,25,토
2022-06-25,우이신설선,솔밭공원,2074,1900,3974,174,6,25,토
2022-06-25,우이신설선,4.19민주묘지,2789,2393,5182,396,6,25,토
2022-06-25,우이신설선,가오리,3322,2971,6293,351,6,25,토
2022-06-25,우이신설선,화계,2766,2425,5191,341,6,25,토
2022-06-25,우이신설선,삼양,1670,1748,3418,-78,6,25,토
2022-06-25,우이신설선,삼양사거리,2105,1931,4036,174,6,25,토
2022-06-25,우이신설선,솔샘,4236,3724,7960,512,6,25,토
2022-06-25,우이신설선,북한산보국문,5373,4624,9997,749,6,25,토
2022-06-25,우이신설선,정릉,4210,3263,7473,947,6,25,토
2022-06-25,우이신설선,성신여대입구(돈암),2971,3546,6517,-575,6,25,토
2022-06-25,우이신설선,보문,1345,1272,2617,73,6,25,토
2022-06-25,우이신설선,신설동,1521,1562,3083,-41,6,25,토
2022-06-25,일산선,원흥,8521,7662,16183,859,6,25,토
2022-06-25,일산선,삼송,16119,15255,31374,864,6,25,토
2022-06-25,일산선,원당,9320,8586,17906,734,6,25,토
2022-06-25,일산선,화정,13962,14298,28260,-336,6,25,토
2022-06-25,일산선,대곡,1660,1480,3140,180,6,25,토
2022-06-25,일산선,백석,8082,8076,16158,6,6,25,토
2022-06-25,일산선,마두,5671,5615,11286,56,6,25,토
2022-06-25,일산선,정발산,7175,7622,14797,-447,6,25,토
2022-06-25,일산선,주엽,7675,7353,15028,322,6,25,토
2022-06-25,일산선,대화,10948,9969,20917,979,6,25,토
2022-06-25,장항선,봉명,862,736,1598,126,6,25,토
2022-06-25,장항선,쌍용(나사렛대),1901,1715,3616,186,6,25,토
2022-06-25,장항선,아산,3494,3542,7036,-48,6,25,토
2022-06-25,장항선,탕정,823,704,1527,119,6,25,토
2022-06-25,장항선,배방,1199,1158,2357,41,6,25,토
2022-06-25,장항선,온양온천,4293,4365,8658,-72,6,25,토
2022-06-25,장항선,신창(순천향대),1148,1080,2228,68,6,25,토
2022-06-25,중앙선,회기,23169,21154,44323,2015,6,25,토
2022-06-25,중앙선,중랑,4983,4674,9657,309,6,25,토
2022-06-25,중앙선,상봉(시외버스터미널),5511,5483,10994,28,6,25,토
2022-06-25,중앙선,망우,7478,7305,14783,173,6,25,토
2022-06-25,중앙선,양원,2118,2014,4132,104,6,25,토
2022-06-25,중앙선,구리,11539,11540,23079,-1,6,25,토
2022-06-25,중앙선,도농,8340,7755,16095,585,6,25,토
2022-06-25,중앙선,양정,703,590,1293,113,6,25,토
2022-06-25,중앙선,덕소,5162,5029,10191,133,6,25,토
2022-06-25,중앙선,도심,1825,1569,3394,256,6,25,토
2022-06-25,중앙선,팔당,1528,1487,3015,41,6,25,토
2022-06-25,중앙선,운길산,1484,1481,2965,3,6,25,토
2022-06-25,중앙선,양수,2776,2795,5571,-19,6,25,토
2022-06-25,중앙선,신원,262,238,500,24,6,25,토
2022-06-25,중앙선,국수,759,832,1591,-73,6,25,토
2022-06-25,중앙선,아신,758,783,1541,-25,6,25,토
2022-06-25,중앙선,오빈,379,419,798,-40,6,25,토
2022-06-25,중앙선,양평,3311,3564,6875,-253,6,25,토
2022-06-25,중앙선,원덕,548,623,1171,-75,6,25,토
2022-06-26,중앙선,신원,281,335,616,-54,6,26,일
2022-06-26,중앙선,국수,659,560,1219,99,6,26,일
2022-06-26,수인선,송도,1579,1533,3112,46,6,26,일
2022-06-26,수인선,인하대,3125,3067,6192,58,6,26,일
2022-06-26,수인선,숭의,2138,1859,3997,279,6,26,일
2022-06-26,수인선,신포,1147,1147,2294,0,6,26,일
2022-06-26,수인선,인천,1037,1570,2607,-533,6,26,일
2022-06-26,신림선,샛강,955,1168,2123,-213,6,26,일
2022-06-26,중앙선,아신,608,540,1148,68,6,26,일
2022-06-26,중앙선,오빈,292,250,542,42,6,26,일
2022-06-26,중앙선,양평,2601,2309,4910,292,6,26,일
2022-06-26,중앙선,원덕,469,354,823,115,6,26,일
2022-06-26,중앙선,용문,2262,1838,4100,424,6,26,일
2022-06-26,7호선,중계,7189,6835,14024,354,6,26,일
2022-06-26,1호선,서울역,31733,31238,62971,495,6,26,일
2022-06-26,1호선,시청,9001,8412,17413,589,6,26,일
2022-06-26,1호선,종각,13815,12288,26103,1527,6,26,일
2022-06-26,1호선,종로3가,15919,13603,29522,2316,6,26,일
2022-06-26,1호선,종로5가,10432,10231,20663,201,6,26,일
2022-06-26,1호선,동대문,9206,9689,18895,-483,6,26,일
2022-06-26,1호선,신설동,7652,7554,15206,98,6,26,일
2022-06-26,1호선,제기동,10195,10775,20970,-580,6,26,일
2022-06-26,1호선,청량리(서울시립대입구),13569,13528,27097,41,6,26,일
2022-06-26,1호선,동묘앞,10382,10585,20967,-203,6,26,일
2022-06-26,2호선,시청,6547,5288,11835,1259,6,26,일
2022-06-26,2호선,을지로입구,17275,16461,33736,814,6,26,일
2022-06-26,2호선,을지로3가,9068,8771,17839,297,6,26,일
2022-06-26,2호선,을지로4가,4067,3968,8035,99,6,26,일
2022-06-26,2호선,동대문역사문화공원(DDP),8131,9475,17606,-1344,6,26,일
2022-06-26,2호선,신당,8168,8510,16678,-342,6,26,일
2022-06-26,2호선,상왕십리,7183,7021,14204,162,6,26,일
2022-06-26,2호선,왕십리(성동구청),9759,8820,18579,939,6,26,일
2022-06-26,2호선,한양대,2450,2684,5134,-234,6,26,일
2022-06-26,2호선,뚝섬,9969,10027,19996,-58,6,26,일
2022-06-26,2호선,성수,14567,16336,30903,-1769,6,26,일
2022-06-26,2호선,건대입구,26287,27843,54130,-1556,6,26,일
2022-06-26,2호선,구의(광진구청),11867,11731,23598,136,6,26,일
2022-06-26,2호선,강변(동서울터미널),25191,23584,48775,1607,6,26,일
2022-06-26,2호선,잠실나루,5348,5388,10736,-40,6,26,일
2022-06-26,2호선,잠실(송파구청),52250,48779,101029,3471,6,26,일
2022-06-26,2호선,잠실새내,12675,13347,26022,-672,6,26,일
2022-06-26,2호선,종합운동장,23246,24713,47959,-1467,6,26,일
2022-06-26,2호선,삼성(무역센터),25424,24908,50332,516,6,26,일
2022-06-26,2호선,선릉,14656,12678,27334,1978,6,26,일
2022-06-26,2호선,역삼,11918,13199,25117,-1281,6,26,일
2022-06-26,2호선,강남,36780,36048,72828,732,6,26,일
2022-06-26,2호선,교대(법원.검찰청),11448,12537,23985,-1089,6,26,일
2022-06-26,2호선,서초,12891,11787,24678,1104,6,26,일
2022-06-26,2호선,방배,7053,7360,14413,-307,6,26,일
2022-06-26,2호선,사당,25176,27280,52456,-2104,6,26,일
2022-06-26,2호선,낙성대(강감찬),16747,17170,33917,-423,6,26,일
2022-06-26,2호선,서울대입구(관악구청),27476,28249,55725,-773,6,26,일
2022-06-26,2호선,봉천,12947,12516,25463,431,6,26,일
2022-06-26,2호선,신림,37282,36363,73645,919,6,26,일
2022-06-26,2호선,신대방,16264,15810,32074,454,6,26,일
2022-06-26,2호선,구로디지털단지,25721,25289,51010,432,6,26,일
2022-06-26,2호선,대림(구로구청),16799,17064,33863,-265,6,26,일
2022-06-26,2호선,신도림,29633,29786,59419,-153,6,26,일
2022-06-26,2호선,문래,8025,8579,16604,-554,6,26,일
2022-06-26,2호선,영등포구청,7845,8219,16064,-374,6,26,일
2022-06-26,2호선,당산,8533,9337,17870,-804,6,26,일
2022-06-26,2호선,합정,21618,22876,44494,-1258,6,26,일
2022-06-26,2호선,홍대입구,51677,51058,102735,619,6,26,일
2022-06-26,2호선,신촌,23699,23356,47055,343,6,26,일
2022-06-26,2호선,이대,8099,8497,16596,-398,6,26,일
2022-06-26,2호선,아현,5402,5302,10704,100,6,26,일
2022-06-26,2호선,충정로(경기대입구),3705,4017,7722,-312,6,26,일
2022-06-26,2호선,용답,1767,1740,3507,27,6,26,일
2022-06-26,2호선,신답,856,875,1731,-19,6,26,일
2022-06-26,2호선,신설동,2852,2952,5804,-100,6,26,일
2022-06-26,2호선,도림천,446,470,916,-24,6,26,일
2022-06-26,2호선,양천구청,3439,3472,6911,-33,6,26,일
2022-06-26,2호선,신정네거리,5457,5561,11018,-104,6,26,일
2022-06-26,2호선,용두(동대문구청),1062,1077,2139,-15,6,26,일
2022-06-26,3호선,지축,2558,2434,4992,124,6,26,일
2022-06-26,3호선,구파발,11792,12126,23918,-334,6,26,일
2022-06-26,3호선,연신내,21443,20491,41934,952,6,26,일
2022-06-26,3호선,불광,9651,10772,20423,-1121,6,26,일
2022-06-26,3호선,녹번,7620,6875,14495,745,6,26,일
2022-06-26,3호선,홍제,9484,9073,18557,411,6,26,일
2022-06-26,3호선,무악재,1954,1999,3953,-45,6,26,일
2022-06-26,3호선,독립문,4290,4534,8824,-244,6,26,일
2022-06-26,3호선,경복궁(정부서울청사),15721,17704,33425,-1983,6,26,일
2022-06-26,3호선,안국,12188,12456,24644,-268,6,26,일
2022-06-26,3호선,종로3가,4096,5351,9447,-1255,6,26,일
2022-06-26,3호선,을지로3가,3562,3469,7031,93,6,26,일
2022-06-26,3호선,충무로,1,0,1,1,6,26,일
2022-06-26,3호선,동대입구,5069,5485,10554,-416,6,26,일
2022-06-26,3호선,약수,7065,6777,13842,288,6,26,일
2022-06-26,3호선,금호,4416,4199,8615,217,6,26,일
2022-06-26,3호선,옥수,4977,5175,10152,-198,6,26,일
2022-06-26,3호선,압구정,15312,15664,30976,-352,6,26,일
2022-06-26,3호선,신사,13513,13546,27059,-33,6,26,일
2022-06-26,3호선,잠원,2428,2330,4758,98,6,26,일
2022-06-26,3호선,고속터미널,46038,43530,89568,2508,6,26,일
2022-06-26,3호선,교대(법원.검찰청),4699,2782,7481,1917,6,26,일
2022-06-26,3호선,남부터미널(예술의전당),15504,16357,31861,-853,6,26,일
2022-06-26,3호선,양재(서초구청),14585,16580,31165,-1995,6,26,일
2022-06-26,3호선,매봉,4537,4589,9126,-52,6,26,일
2022-06-26,3호선,도곡,1956,2128,4084,-172,6,26,일
2022-06-26,3호선,대치,5359,4944,10303,415,6,26,일
2022-06-26,3호선,학여울,1962,2076,4038,-114,6,26,일
2022-06-26,3호선,대청,4363,4304,8667,59,6,26,일
2022-06-26,3호선,일원,3879,3999,7878,-120,6,26,일
2022-06-26,3호선,수서,11075,11221,22296,-146,6,26,일
2022-06-26,3호선,가락시장,3802,3896,7698,-94,6,26,일
2022-06-26,3호선,경찰병원,2858,2841,5699,17,6,26,일
2022-06-26,3호선,오금,2859,2858,5717,1,6,26,일
2022-06-26,4호선,당고개,5692,5358,11050,334,6,26,일
2022-06-26,4호선,상계,10213,9612,19825,601,6,26,일
2022-06-26,4호선,노원,12146,13175,25321,-1029,6,26,일
2022-06-26,4호선,창동,15405,15881,31286,-476,6,26,일
2022-06-26,4호선,쌍문,16082,14548,30630,1534,6,26,일
2022-06-26,4호선,수유(강북구청),20533,19700,40233,833,6,26,일
2022-06-26,4호선,미아(서울사이버대학),8297,7835,16132,462,6,26,일
2022-06-26,4호선,미아사거리,16304,15432,31736,872,6,26,일
2022-06-26,4호선,길음,11024,10701,21725,323,6,26,일
2022-06-26,4호선,성신여대입구(돈암),12500,11941,24441,559,6,26,일
2022-06-26,4호선,한성대입구(삼선교),7999,7742,15741,257,6,26,일
2022-06-26,4호선,혜화,22823,23888,46711,-1065,6,26,일
2022-06-26,4호선,동대문,6815,7386,14201,-571,6,26,일
2022-06-26,4호선,동대문역사문화공원(DDP),9427,8589,18016,838,6,26,일
2022-06-26,4호선,충무로,8714,9239,17953,-525,6,26,일
2022-06-26,4호선,명동,13118,13398,26516,-280,6,26,일
2022-06-26,4호선,회현(남대문시장),8831,8755,17586,76,6,26,일
2022-06-26,4호선,서울역,4727,12661,17388,-7934,6,26,일
2022-06-26,4호선,숙대입구(갈월),8207,7846,16053,361,6,26,일
2022-06-26,4호선,삼각지,3441,4376,7817,-935,6,26,일
2022-06-26,4호선,신용산,9919,10408,20327,-489,6,26,일
2022-06-26,4호선,이촌(국립중앙박물관),6545,6986,13531,-441,6,26,일
2022-06-26,4호선,동작(현충원),980,1035,2015,-55,6,26,일
2022-06-26,4호선,총신대입구(이수),10738,11758,22496,-1020,6,26,일
2022-06-26,4호선,사당,17115,15775,32890,1340,6,26,일
2022-06-26,4호선,남태령,769,657,1426,112,6,26,일
2022-06-26,5호선,방화,3665,3668,7333,-3,6,26,일
2022-06-26,5호선,개화산,2839,2844,5683,-5,6,26,일
2022-06-26,5호선,김포공항,7400,7488,14888,-88,6,26,일
2022-06-26,5호선,송정,3778,3796,7574,-18,6,26,일
2022-06-26,5호선,마곡,3788,3905,7693,-117,6,26,일
2022-06-26,5호선,발산,9575,10528,20103,-953,6,26,일
2022-06-26,5호선,우장산,7001,7098,14099,-97,6,26,일
2022-06-26,5호선,화곡,15006,14176,29182,830,6,26,일
2022-06-26,5호선,까치산,16159,15711,31870,448,6,26,일
2022-06-26,5호선,신정(은행정),6575,5840,12415,735,6,26,일
2022-06-26,5호선,목동,7961,8067,16028,-106,6,26,일
2022-06-26,5호선,오목교(목동운동장앞),10982,11635,22617,-653,6,26,일
2022-06-26,5호선,양평,2739,2716,5455,23,6,26,일
2022-06-26,5호선,영등포구청,1411,1281,2692,130,6,26,일
2022-06-26,5호선,영등포시장,5995,6279,12274,-284,6,26,일
2022-06-26,5호선,신길,1995,2131,4126,-136,6,26,일
2022-06-26,5호선,여의도,8054,8505,16559,-451,6,26,일
2022-06-26,5호선,여의나루,7327,8645,15972,-1318,6,26,일
2022-06-26,5호선,마포,5042,5032,10074,10,6,26,일
2022-06-26,5호선,공덕,4698,4835,9533,-137,6,26,일
2022-06-26,5호선,애오개,2746,2871,5617,-125,6,26,일
2022-06-26,5호선,충정로(경기대입구),1474,1575,3049,-101,6,26,일
2022-06-26,5호선,서대문,5162,5103,10265,59,6,26,일
2022-06-26,5호선,광화문(세종문화회관),12060,12435,24495,-375,6,26,일
2022-06-26,5호선,종로3가,9140,8001,17141,1139,6,26,일
2022-06-26,5호선,을지로4가,1676,1860,3536,-184,6,26,일
2022-06-26,5호선,동대문역사문화공원(DDP),826,962,1788,-136,6,26,일
2022-06-26,5호선,청구,1861,1784,3645,77,6,26,일
2022-06-26,5호선,신금호,2962,3291,6253,-329,6,26,일
2022-06-26,5호선,행당,4102,3699,7801,403,6,26,일
2022-06-26,5호선,왕십리(성동구청),2506,3026,5532,-520,6,26,일
2022-06-26,5호선,마장,2851,2696,5547,155,6,26,일
2022-06-26,5호선,답십리,7556,6992,14548,564,6,26,일
2022-06-26,5호선,장한평,8243,8202,16445,41,6,26,일
2022-06-26,5호선,군자(능동),6341,7088,13429,-747,6,26,일
2022-06-26,5호선,아차산(어린이대공원후문),9184,9186,18370,-2,6,26,일
2022-06-26,5호선,광나루(장신대),8140,7841,15981,299,6,26,일
2022-06-26,5호선,천호(풍납토성),12556,11757,24313,799,6,26,일
2022-06-26,5호선,강동,9001,9040,18041,-39,6,26,일
2022-06-26,5호선,길동,4306,4254,8560,52,6,26,일
2022-06-26,5호선,굽은다리(강동구민회관앞),5505,5340,10845,165,6,26,일
2022-06-26,5호선,명일,5163,5217,10380,-54,6,26,일
2022-06-26,5호선,고덕,4135,4121,8256,14,6,26,일
2022-06-26,5호선,상일동,6690,6555,13245,135,6,26,일
2022-06-26,5호선,둔촌동,4738,4703,9441,35,6,26,일
2022-06-26,5호선,올림픽공원(한국체대),3264,3530,6794,-266,6,26,일
2022-06-26,5호선,방이,4280,3934,8214,346,6,26,일
2022-06-26,5호선,오금,1674,1609,3283,65,6,26,일
2022-06-26,5호선,개롱,3041,3334,6375,-293,6,26,일
2022-06-26,5호선,거여,4777,4676,9453,101,6,26,일
2022-06-26,5호선,마천,3694,3887,7581,-193,6,26,일
2022-06-26,5호선,강일,2292,2176,4468,116,6,26,일
2022-06-26,5호선,미사,8980,9231,18211,-251,6,26,일
2022-06-26,5호선,하남풍산,2357,2261,4618,96,6,26,일
2022-06-26,5호선,하남시청(덕풍·신장),4103,4001,8104,102,6,26,일
2022-06-26,5호선,하남검단산,4465,4376,8841,89,6,26,일
2022-06-26,6호선,응암,9359,9324,18683,35,6,26,일
2022-06-26,6호선,역촌,2086,2423,4509,-337,6,26,일
2022-06-26,6호선,불광,2931,2671,5602,260,6,26,일
2022-06-26,6호선,독바위,1594,1822,3416,-228,6,26,일
2022-06-26,6호선,구산,4138,3089,7227,1049,6,26,일
2022-06-26,6호선,새절(신사),6522,6295,12817,227,6,26,일
2022-06-26,6호선,증산(명지대앞),5548,5547,11095,1,6,26,일
2022-06-26,6호선,디지털미디어시티,5488,5930,11418,-442,6,26,일
2022-06-26,6호선,월드컵경기장(성산),2964,3058,6022,-94,6,26,일
2022-06-26,6호선,마포구청,7103,6556,13659,547,6,26,일
2022-06-26,6호선,망원,8787,9430,18217,-643,6,26,일
2022-06-26,6호선,합정,9318,8694,18012,624,6,26,일
2022-06-26,6호선,상수,6543,7451,13994,-908,6,26,일
2022-06-26,6호선,광흥창(서강),4243,4146,8389,97,6,26,일
2022-06-26,6호선,대흥(서강대앞),3983,4157,8140,-174,6,26,일
2022-06-26,6호선,공덕,7085,6542,13627,543,6,26,일
2022-06-26,6호선,효창공원앞,3496,3185,6681,311,6,26,일
2022-06-26,6호선,삼각지,4849,3786,8635,1063,6,26,일
2022-06-26,6호선,녹사평(용산구청),3963,3809,7772,154,6,26,일
2022-06-26,6호선,이태원,12644,10241,22885,2403,6,26,일
2022-06-26,6호선,한강진,6820,7916,14736,-1096,6,26,일
2022-06-26,6호선,버티고개,1087,1165,2252,-78,6,26,일
2022-06-26,6호선,약수,1702,1758,3460,-56,6,26,일
2022-06-26,6호선,청구,1635,1570,3205,65,6,26,일
2022-06-26,6호선,신당,3587,4303,7890,-716,6,26,일
2022-06-26,6호선,동묘앞,5771,5609,11380,162,6,26,일
2022-06-26,6호선,창신,1670,1559,3229,111,6,26,일
2022-06-26,6호선,보문,4104,3979,8083,125,6,26,일
2022-06-26,6호선,안암(고대병원앞),4761,5289,10050,-528,6,26,일
2022-06-26,6호선,고려대(종암),4191,3906,8097,285,6,26,일
2022-06-26,6호선,월곡(동덕여대),5291,5332,10623,-41,6,26,일
2022-06-26,6호선,상월곡(한국과학기술연구원),3352,2921,6273,431,6,26,일
2022-06-26,6호선,돌곶이,5599,5386,10985,213,6,26,일
2022-06-26,6호선,석계,6795,6860,13655,-65,6,26,일
2022-06-26,6호선,태릉입구,3257,3490,6747,-233,6,26,일
2022-06-26,6호선,화랑대(서울여대입구),5144,4258,9402,886,6,26,일
2022-06-26,6호선,봉화산(서울의료원),3988,3880,7868,108,6,26,일
2022-06-26,7호선,장암,1389,908,2297,481,6,26,일
2022-06-26,7호선,도봉산,5094,7058,12152,-1964,6,26,일
2022-06-26,7호선,수락산,7853,7704,15557,149,6,26,일
2022-06-26,7호선,마들,5925,5507,11432,418,6,26,일
2022-06-26,7호선,노원,11297,11221,22518,76,6,26,일
2022-06-26,7호선,하계,9069,8570,17639,499,6,26,일
2022-06-26,7호선,공릉(서울과학기술대),6209,6345,12554,-136,6,26,일
2022-06-26,7호선,태릉입구,5088,4746,9834,342,6,26,일
2022-06-26,7호선,먹골,5510,5334,10844,176,6,26,일
2022-06-26,7호선,중화,5620,5460,11080,160,6,26,일
2022-06-26,7호선,상봉(시외버스터미널),9672,8805,18477,867,6,26,일
2022-06-26,7호선,면목,7984,7856,15840,128,6,26,일
2022-06-26,7호선,사가정,8986,8633,17619,353,6,26,일
2022-06-26,7호선,용마산(용마폭포공원),3108,3245,6353,-137,6,26,일
2022-06-26,7호선,중곡,5421,5167,10588,254,6,26,일
2022-06-26,7호선,군자(능동),8004,6371,14375,1633,6,26,일
2022-06-26,7호선,어린이대공원(세종대),7336,7114,14450,222,6,26,일
2022-06-26,7호선,건대입구,7680,7918,15598,-238,6,26,일
2022-06-26,7호선,뚝섬유원지,6985,6780,13765,205,6,26,일
2022-06-26,7호선,청담,6518,7201,13719,-683,6,26,일
2022-06-26,7호선,강남구청,5579,6190,11769,-611,6,26,일
2022-06-26,7호선,학동,6808,7251,14059,-443,6,26,일
2022-06-26,7호선,논현,5749,5950,11699,-201,6,26,일
2022-06-26,7호선,반포,3000,3131,6131,-131,6,26,일
2022-06-26,7호선,고속터미널,14817,9346,24163,5471,6,26,일
2022-06-26,7호선,내방,5266,5508,10774,-242,6,26,일
2022-06-26,7호선,이수,8994,8485,17479,509,6,26,일
2022-06-26,7호선,남성,5634,5478,11112,156,6,26,일
2022-06-26,7호선,숭실대입구(살피재),5967,6395,12362,-428,6,26,일
2022-06-26,7호선,상도,5784,5907,11691,-123,6,26,일
2022-06-26,7호선,장승배기,4758,4716,9474,42,6,26,일
2022-06-26,7호선,신대방삼거리,8029,7932,15961,97,6,26,일
2022-06-26,7호선,보라매,4081,4112,8193,-31,6,26,일
2022-06-26,7호선,신풍,6805,6559,13364,246,6,26,일
2022-06-26,7호선,대림(구로구청),8464,7883,16347,581,6,26,일
2022-06-26,7호선,남구로,7168,6946,14114,222,6,26,일
2022-06-26,7호선,가산디지털단지,10845,9961,20806,884,6,26,일
2022-06-26,7호선,철산,10959,11138,22097,-179,6,26,일
2022-06-26,7호선,광명사거리,13088,12994,26082,94,6,26,일
2022-06-26,7호선,천왕,5241,5060,10301,181,6,26,일
2022-06-26,7호선,온수(성공회대입구),4236,4272,8508,-36,6,26,일
2022-06-26,8호선,암사,8991,8394,17385,597,6,26,일
2022-06-26,8호선,천호(풍납토성),8820,10122,18942,-1302,6,26,일
2022-06-26,8호선,강동구청,4439,4707,9146,-268,6,26,일
2022-06-26,8호선,몽촌토성(평화의문),3417,3556,6973,-139,6,26,일
2022-06-26,8호선,잠실(송파구청),10735,11928,22663,-1193,6,26,일
2022-06-26,8호선,석촌,4105,5111,9216,-1006,6,26,일
2022-06-26,8호선,송파,4097,4161,8258,-64,6,26,일
2022-06-26,8호선,가락시장,3048,3880,6928,-832,6,26,일
2022-06-26,8호선,문정,5649,5977,11626,-328,6,26,일
2022-06-26,8호선,장지,8921,9233,18154,-312,6,26,일
2022-06-26,8호선,복정,5236,4637,9873,599,6,26,일
2022-06-26,8호선,산성,3071,3268,6339,-197,6,26,일
2022-06-26,8호선,남한산성입구(성남법원.검찰청),6839,6373,13212,466,6,26,일
2022-06-26,8호선,단대오거리,5553,5485,11038,68,6,26,일
2022-06-26,8호선,신흥,2610,2849,5459,-239,6,26,일
2022-06-26,8호선,수진,3164,2834,5998,330,6,26,일
2022-06-26,8호선,모란,2656,2268,4924,388,6,26,일
2022-06-26,8호선,남위례,2590,2732,5322,-142,6,26,일
2022-06-26,9호선,개화,1109,1026,2135,83,6,26,일
2022-06-26,9호선,김포공항,7971,12297,20268,-4326,6,26,일
2022-06-26,9호선,공항시장,1792,1989,3781,-197,6,26,일
2022-06-26,9호선,신방화,3553,3526,7079,27,6,26,일
2022-06-26,9호선,마곡나루(서울식물원),5753,5902,11655,-149,6,26,일
2022-06-26,9호선,양천향교,4271,4449,8720,-178,6,26,일
2022-06-26,9호선,가양,11161,10972,22133,189,6,26,일
2022-06-26,9호선,증미,2582,2586,5168,-4,6,26,일
2022-06-26,9호선,등촌,5203,5282,10485,-79,6,26,일
2022-06-26,9호선,염창,9252,9121,18373,131,6,26,일
2022-06-26,9호선,신목동,2009,1739,3748,270,6,26,일
2022-06-26,9호선,선유도,2958,3000,5958,-42,6,26,일
2022-06-26,9호선,당산,9704,9601,19305,103,6,26,일
2022-06-26,중앙선,지평,73,63,136,10,6,26,일
2022-06-26,9호선,국회의사당,5201,4961,10162,240,6,26,일
2022-06-26,9호선,여의도,10042,8776,18818,1266,6,26,일
2022-06-26,9호선,샛강,1965,1868,3833,97,6,26,일
2022-06-26,9호선,노량진,15687,16505,32192,-818,6,26,일
2022-06-26,9호선,노들,2895,2523,5418,372,6,26,일
2022-06-26,9호선,흑석(중앙대입구),4217,4386,8603,-169,6,26,일
2022-06-26,9호선,동작(현충원),1423,1175,2598,248,6,26,일
2022-06-26,9호선,구반포,359,376,735,-17,6,26,일
2022-06-26,9호선,신반포,2121,2158,4279,-37,6,26,일
2022-06-26,9호선,고속터미널,12301,17515,29816,-5214,6,26,일
2022-06-26,9호선,사평,1706,1806,3512,-100,6,26,일
2022-06-26,9호선,신논현,17092,15939,33031,1153,6,26,일
2022-06-26,9호선2~3단계,언주,3956,4034,7990,-78,6,26,일
2022-06-26,9호선2~3단계,선정릉,3135,3523,6658,-388,6,26,일
2022-06-26,9호선2~3단계,삼성중앙,2199,2355,4554,-156,6,26,일
2022-06-26,9호선2~3단계,봉은사,10363,10785,21148,-422,6,26,일
2022-06-26,9호선2~3단계,종합운동장,3354,3293,6647,61,6,26,일
2022-06-26,9호선2~3단계,삼전,3811,3756,7567,55,6,26,일
2022-06-26,9호선2~3단계,석촌고분,3343,3247,6590,96,6,26,일
2022-06-26,9호선2~3단계,석촌,5269,4545,9814,724,6,26,일
2022-06-26,9호선2~3단계,송파나루,3164,3561,6725,-397,6,26,일
2022-06-26,9호선2~3단계,한성백제,1566,1543,3109,23,6,26,일
2022-06-26,9호선2~3단계,올림픽공원(한국체대),9482,8664,18146,818,6,26,일
2022-06-26,9호선2~3단계,둔촌오륜,621,627,1248,-6,6,26,일
2022-06-26,9호선2~3단계,중앙보훈병원,3972,3776,7748,196,6,26,일
2022-06-26,경강선,판교,2735,2546,5281,189,6,26,일
2022-06-26,경강선,이매,741,575,1316,166,6,26,일
2022-06-26,경강선,삼동,1115,1059,2174,56,6,26,일
2022-06-26,경강선,경기광주,4135,4003,8138,132,6,26,일
2022-06-26,경강선,초월,1719,1754,3473,-35,6,26,일
2022-06-26,경강선,곤지암,1692,1859,3551,-167,6,26,일
2022-06-26,경강선,신둔도예촌,996,967,1963,29,6,26,일
2022-06-26,경강선,이천,2219,2461,4680,-242,6,26,일
2022-06-26,경강선,부발,1632,2252,3884,-620,6,26,일
2022-06-26,경강선,세종대왕릉,345,347,692,-2,6,26,일
2022-06-26,경강선,여주,2311,2328,4639,-17,6,26,일
2022-06-26,경부선,서울역,9769,2233,12002,7536,6,26,일
2022-06-26,경부선,남영,5089,5287,10376,-198,6,26,일
2022-06-26,경부선,용산,38810,35413,74223,3397,6,26,일
2022-06-26,경부선,노량진,6369,5567,11936,802,6,26,일
2022-06-26,경부선,대방,5564,6147,11711,-583,6,26,일
2022-06-26,경부선,영등포,37531,36100,73631,1431,6,26,일
2022-06-26,경부선,신도림,2448,2802,5250,-354,6,26,일
2022-06-26,경부선,신길,4803,4229,9032,574,6,26,일
2022-06-26,경부선,구로,11109,10925,22034,184,6,26,일
2022-06-26,경부선,가산디지털단지,5028,6890,11918,-1862,6,26,일
2022-06-26,경부선,금천구청,6633,6528,13161,105,6,26,일
2022-06-26,경부선,석수,5410,4934,10344,476,6,26,일
2022-06-26,경부선,관악,5278,4848,10126,430,6,26,일
2022-06-26,경부선,안양,14289,13892,28181,397,6,26,일
2022-06-26,경부선,명학,3358,3340,6698,18,6,26,일
2022-06-26,경부선,금정,16014,16063,32077,-49,6,26,일
2022-06-26,경부선,군포,3232,3040,6272,192,6,26,일
2022-06-26,경부선,의왕,4383,4414,8797,-31,6,26,일
2022-06-26,경부선,성균관대,8289,8658,16947,-369,6,26,일
2022-06-26,경부선,화서,4579,4503,9082,76,6,26,일
2022-06-26,경부선,수원,35819,34846,70665,973,6,26,일
2022-06-26,경부선,독산,6562,6522,13084,40,6,26,일
2022-06-26,경부선,세류,2261,2283,4544,-22,6,26,일
2022-06-26,경부선,병점,10115,10794,20909,-679,6,26,일
2022-06-26,경부선,세마,1737,1730,3467,7,6,26,일
2022-06-26,경부선,오산대,2343,2316,4659,27,6,26,일
2022-06-26,경부선,오산,8184,8752,16936,-568,6,26,일
2022-06-26,경부선,진위,924,1005,1929,-81,6,26,일
2022-06-26,경부선,송탄,3702,4646,8348,-944,6,26,일
2022-06-26,경부선,서정리,4806,7114,11920,-2308,6,26,일
2022-06-26,경부선,평택지제,3061,2795,5856,266,6,26,일
2022-06-26,경부선,평택,12406,13228,25634,-822,6,26,일
2022-06-26,경부선,성환,2623,3018,5641,-395,6,26,일
2022-06-26,경부선,직산,610,675,1285,-65,6,26,일
2022-06-26,경부선,두정,4939,5502,10441,-563,6,26,일
2022-06-26,경부선,천안,6752,6564,13316,188,6,26,일
2022-06-26,경부선,당정,3180,3123,6303,57,6,26,일
2022-06-26,경부선,서동탄,754,850,1604,-96,6,26,일
2022-06-26,경부선,광명,3141,2224,5365,917,6,26,일
2022-06-26,경원선,이촌(국립중앙박물관),2639,1988,4627,651,6,26,일
2022-06-26,경원선,서빙고,1789,1787,3576,2,6,26,일
2022-06-26,경원선,한남,2013,1990,4003,23,6,26,일
2022-06-26,경원선,옥수,49,26,75,23,6,26,일
2022-06-26,경원선,응봉,1157,1013,2170,144,6,26,일
2022-06-26,경원선,왕십리(성동구청),10672,11925,22597,-1253,6,26,일
2022-06-26,경원선,청량리(서울시립대입구),15211,14156,29367,1055,6,26,일
2022-06-26,경원선,외대앞,5040,4926,9966,114,6,26,일
2022-06-26,경원선,신이문,4904,4686,9590,218,6,26,일
2022-06-26,경원선,석계,5301,5659,10960,-358,6,26,일
2022-06-26,경원선,광운대,4013,4106,8119,-93,6,26,일
2022-06-26,경원선,월계,3566,3265,6831,301,6,26,일
2022-06-26,경원선,녹천,2782,2384,5166,398,6,26,일
2022-06-26,경원선,방학,5958,5912,11870,46,6,26,일
2022-06-26,경원선,도봉,3454,3274,6728,180,6,26,일
2022-06-26,경원선,도봉산,7544,5260,12804,2284,6,26,일
2022-06-26,경원선,망월사,4618,4777,9395,-159,6,26,일
2022-06-26,경원선,회룡,7624,7426,15050,198,6,26,일
2022-06-26,경원선,의정부,14380,14261,28641,119,6,26,일
2022-06-26,경원선,가능,4141,3905,8046,236,6,26,일
2022-06-26,경원선,녹양,2799,2653,5452,146,6,26,일
2022-06-26,경원선,양주,5086,5072,10158,14,6,26,일
2022-06-26,경원선,덕계,1943,1839,3782,104,6,26,일
2022-06-26,경원선,덕정,3408,3709,7117,-301,6,26,일
2022-06-26,경원선,지행,4650,4777,9427,-127,6,26,일
2022-06-26,경원선,동두천중앙,2190,2062,4252,128,6,26,일
2022-06-26,경원선,보산,1368,1459,2827,-91,6,26,일
2022-06-26,경원선,동두천,1325,1697,3022,-372,6,26,일
2022-06-26,경원선,소요산,3997,3578,7575,419,6,26,일
2022-06-26,경의선,서울역,1297,1152,2449,145,6,26,일
2022-06-26,경의선,신촌,287,318,605,-31,6,26,일
2022-06-26,경의선,효창공원앞,1444,1584,3028,-140,6,26,일
2022-06-26,경의선,공덕,1921,1600,3521,321,6,26,일
2022-06-26,경의선,서강대,1399,1416,2815,-17,6,26,일
2022-06-26,경의선,홍대입구,1580,2034,3614,-454,6,26,일
2022-06-26,경의선,가좌,2988,2973,5961,15,6,26,일
2022-06-26,경의선,디지털미디어시티,1600,1377,2977,223,6,26,일
2022-06-26,경의선,수색,929,981,1910,-52,6,26,일
2022-06-26,경의선,화전,920,923,1843,-3,6,26,일
2022-06-26,경의선,강매,1549,1465,3014,84,6,26,일
2022-06-26,경의선,행신,4852,4428,9280,424,6,26,일
2022-06-26,경의선,능곡,2249,2312,4561,-63,6,26,일
2022-06-26,경의선,곡산,316,329,645,-13,6,26,일
2022-06-26,경의선,백마,3517,3354,6871,163,6,26,일
2022-06-26,경의선,풍산,3720,3501,7221,219,6,26,일
2022-06-26,경의선,일산,4963,4673,9636,290,6,26,일
2022-06-26,경의선,탄현,4259,3980,8239,279,6,26,일
2022-06-26,경의선,야당,4963,4946,9909,17,6,26,일
2022-06-26,경의선,운정,3683,3654,7337,29,6,26,일
2022-06-26,경의선,금릉,3011,2886,5897,125,6,26,일
2022-06-26,경의선,금촌,4707,5053,9760,-346,6,26,일
2022-06-26,경의선,월롱,1075,2246,3321,-1171,6,26,일
2022-06-26,경의선,파주,684,568,1252,116,6,26,일
2022-06-26,경의선,문산,3863,4278,8141,-415,6,26,일
2022-06-26,경의선,임진강,53,43,96,10,6,26,일
2022-06-26,경인선,개봉,12934,12492,25426,442,6,26,일
2022-06-26,경인선,오류동,7369,6883,14252,486,6,26,일
2022-06-26,경인선,역곡,14799,14682,29481,117,6,26,일
2022-06-26,경인선,부천,22453,22070,44523,383,6,26,일
2022-06-26,경인선,송내,13875,13791,27666,84,6,26,일
2022-06-26,경인선,부평,22880,22807,45687,73,6,26,일
2022-06-26,경인선,백운,4318,4298,8616,20,6,26,일
2022-06-26,경인선,동암,10389,10131,20520,258,6,26,일
2022-06-26,경인선,주안,12170,10907,23077,1263,6,26,일
2022-06-26,경인선,제물포,5617,5376,10993,241,6,26,일
2022-06-26,경인선,동인천,9729,9339,19068,390,6,26,일
2022-06-26,경인선,인천,3892,3171,7063,721,6,26,일
2022-06-26,경인선,구일,11316,16030,27346,-4714,6,26,일
2022-06-26,경인선,소사,6317,6186,12503,131,6,26,일
2022-06-26,경인선,부개,5105,4741,9846,364,6,26,일
2022-06-26,경인선,간석,3217,3089,6306,128,6,26,일
2022-06-26,경인선,도원,1797,1736,3533,61,6,26,일
2022-06-26,경인선,온수(성공회대입구),3847,3605,7452,242,6,26,일
2022-06-26,경인선,중동,5216,4939,10155,277,6,26,일
2022-06-26,경인선,도화,2441,2396,4837,45,6,26,일
2022-06-26,경춘선,신내,1016,1000,2016,16,6,26,일
2022-06-26,경춘선,갈매,1493,1273,2766,220,6,26,일
2022-06-26,경춘선,별내,1853,1731,3584,122,6,26,일
2022-06-26,경춘선,퇴계원,2044,1859,3903,185,6,26,일
2022-06-26,경춘선,사릉,1342,1366,2708,-24,6,26,일
2022-06-26,경춘선,금곡,976,921,1897,55,6,26,일
2022-06-26,경춘선,평내호평,3440,3384,6824,56,6,26,일
2022-06-26,경춘선,천마산,1116,1115,2231,1,6,26,일
2022-06-26,경춘선,마석,2646,2640,5286,6,6,26,일
2022-06-26,경춘선,대성리,2189,1519,3708,670,6,26,일
2022-06-26,경춘선,청평,2553,1895,4448,658,6,26,일
2022-06-26,경춘선,상천,377,301,678,76,6,26,일
2022-06-26,경춘선,가평,2980,2079,5059,901,6,26,일
2022-06-26,경춘선,굴봉산,213,193,406,20,6,26,일
2022-06-26,경춘선,백양리,168,127,295,41,6,26,일
2022-06-26,경춘선,강촌,996,625,1621,371,6,26,일
2022-06-26,경춘선,김유정,423,412,835,11,6,26,일
2022-06-26,경춘선,남춘천,2789,2659,5448,130,6,26,일
2022-06-26,경춘선,춘천,1925,1403,3328,522,6,26,일
2022-06-26,공항철도 1호선,서울역,9676,8400,18076,1276,6,26,일
2022-06-26,공항철도 1호선,공덕,1388,1854,3242,-466,6,26,일
2022-06-26,공항철도 1호선,홍대입구,10876,9844,20720,1032,6,26,일
2022-06-26,공항철도 1호선,디지털미디어시티,3796,3909,7705,-113,6,26,일
2022-06-26,공항철도 1호선,마곡나루(서울식물원),2434,2670,5104,-236,6,26,일
2022-06-26,공항철도 1호선,김포공항,12061,6165,18226,5896,6,26,일
2022-06-26,공항철도 1호선,계양,5604,5338,10942,266,6,26,일
2022-06-26,공항철도 1호선,검암,3824,3869,7693,-45,6,26,일
2022-06-26,공항철도 1호선,청라국제도시,3420,3424,6844,-4,6,26,일
2022-06-26,공항철도 1호선,운서,5779,6352,12131,-573,6,26,일
2022-06-26,공항철도 1호선,공항화물청사,1088,1138,2226,-50,6,26,일
2022-06-26,공항철도 1호선,인천공항1터미널,6936,6621,13557,315,6,26,일
2022-06-26,공항철도 1호선,인천공항2터미널,3297,2608,5905,689,6,26,일
2022-06-26,공항철도 1호선,영종,2754,2744,5498,10,6,26,일
2022-06-26,과천선,선바위,4443,3870,8313,573,6,26,일
2022-06-26,과천선,경마공원,16313,16881,33194,-568,6,26,일
2022-06-26,과천선,대공원,4193,4239,8432,-46,6,26,일
2022-06-26,과천선,과천,3898,3659,7557,239,6,26,일
2022-06-26,과천선,정부과천청사,4667,4627,9294,40,6,26,일
2022-06-26,과천선,인덕원,13067,13099,26166,-32,6,26,일
2022-06-26,과천선,평촌,6846,6629,13475,217,6,26,일
2022-06-26,과천선,범계,15512,15191,30703,321,6,26,일
2022-06-26,분당선,선릉,2967,4623,7590,-1656,6,26,일
2022-06-26,분당선,한티,8269,8135,16404,134,6,26,일
2022-06-26,분당선,도곡,2860,2847,5707,13,6,26,일
2022-06-26,분당선,구룡,837,949,1786,-112,6,26,일
2022-06-26,분당선,개포동,2209,2270,4479,-61,6,26,일
2022-06-26,분당선,대모산입구,2234,2155,4389,79,6,26,일
2022-06-26,분당선,수서,8941,8883,17824,58,6,26,일
2022-06-26,분당선,복정,2,0,2,2,6,26,일
2022-06-26,분당선,수원,5869,5018,10887,851,6,26,일
2022-06-26,분당선,서울숲,6141,6290,12431,-149,6,26,일
2022-06-26,분당선,압구정로데오,10055,11303,21358,-1248,6,26,일
2022-06-26,분당선,강남구청,3042,3654,6696,-612,6,26,일
2022-06-26,분당선,선정릉,1932,1929,3861,3,6,26,일
2022-06-26,분당선,가천대,3950,4631,8581,-681,6,26,일
2022-06-26,분당선,태평,8442,7854,16296,588,6,26,일
2022-06-26,분당선,모란,11953,12076,24029,-123,6,26,일
2022-06-26,분당선,야탑,14598,14845,29443,-247,6,26,일
2022-06-26,분당선,서현,14516,14308,28824,208,6,26,일
2022-06-26,분당선,수내,6634,6127,12761,507,6,26,일
2022-06-26,분당선,정자,8099,8292,16391,-193,6,26,일
2022-06-26,분당선,미금,7597,8025,15622,-428,6,26,일
2022-06-26,분당선,오리,5700,4954,10654,746,6,26,일
2022-06-26,분당선,이매,3490,3472,6962,18,6,26,일
2022-06-26,분당선,보정,1229,1097,2326,132,6,26,일
2022-06-26,분당선,죽전,7722,8753,16475,-1031,6,26,일
2022-06-26,분당선,구성,2512,2706,5218,-194,6,26,일
2022-06-26,분당선,신갈,2087,2177,4264,-90,6,26,일
2022-06-26,분당선,기흥,5233,4938,10171,295,6,26,일
2022-06-26,분당선,상갈,2977,3045,6022,-68,6,26,일
2022-06-26,분당선,청명,2155,2197,4352,-42,6,26,일
2022-06-26,분당선,영통,4993,5097,10090,-104,6,26,일
2022-06-26,분당선,망포,6368,6811,13179,-443,6,26,일
2022-06-26,분당선,매탄권선,2682,2643,5325,39,6,26,일
2022-06-26,분당선,수원시청,7863,7541,15404,322,6,26,일
2022-06-26,분당선,매교,1477,1474,2951,3,6,26,일
2022-06-26,수인선,고색,1793,1876,3669,-83,6,26,일
2022-06-26,수인선,오목천,1646,1651,3297,-5,6,26,일
2022-06-26,수인선,어천,648,775,1423,-127,6,26,일
2022-06-26,수인선,야목,226,193,419,33,6,26,일
2022-06-26,수인선,사리,2822,2408,5230,414,6,26,일
2022-06-26,수인선,달월,55,67,122,-12,6,26,일
2022-06-26,수인선,월곶,1867,1814,3681,53,6,26,일
2022-06-26,수인선,소래포구,5067,4735,9802,332,6,26,일
2022-06-26,수인선,인천논현,3040,3197,6237,-157,6,26,일
2022-06-26,수인선,호구포,2132,2159,4291,-27,6,26,일
2022-06-26,수인선,남동인더스파크,648,637,1285,11,6,26,일
2022-06-26,수인선,원인재,2827,3052,5879,-225,6,26,일
2022-06-26,수인선,연수,3543,3547,7090,-4,6,26,일
2022-06-26,신림선,대방,1228,894,2122,334,6,26,일
2022-06-26,신림선,서울지방병무청,1313,1494,2807,-181,6,26,일
2022-06-26,신림선,보라매,1504,1397,2901,107,6,26,일
2022-06-26,신림선,보라매공원,1093,1142,2235,-49,6,26,일
2022-06-26,신림선,보라매병원,1801,1886,3687,-85,6,26,일
2022-06-26,신림선,당곡,2157,2011,4168,146,6,26,일
2022-06-26,신림선,신림,1099,1597,2696,-498,6,26,일
2022-06-26,신림선,서원,1721,1612,3333,109,6,26,일
2022-06-26,신림선,서울대벤처타운,4415,4306,8721,109,6,26,일
2022-06-26,신림선,관악산(서울대),3358,3609,6967,-251,6,26,일
2022-06-26,안산선,산본,9406,10042,19448,-636,6,26,일
2022-06-26,안산선,대야미,3072,2914,5986,158,6,26,일
2022-06-26,안산선,반월,2657,2637,5294,20,6,26,일
2022-06-26,안산선,상록수,9860,9703,19563,157,6,26,일
2022-06-26,안산선,한대앞,5715,5564,11279,151,6,26,일
2022-06-26,안산선,중앙,12659,11587,24246,1072,6,26,일
2022-06-26,안산선,고잔,5055,4958,10013,97,6,26,일
2022-06-26,안산선,초지,2632,2624,5256,8,6,26,일
2022-06-26,안산선,안산,10339,9492,19831,847,6,26,일
2022-06-26,안산선,신길온천,1287,1265,2552,22,6,26,일
2022-06-26,안산선,정왕,5878,6220,12098,-342,6,26,일
2022-06-26,안산선,오이도,6020,5851,11871,169,6,26,일
2022-06-26,안산선,수리산,2261,2170,4431,91,6,26,일
2022-06-26,우이신설선,북한산우이,2945,3101,6046,-156,6,26,일
2022-06-26,우이신설선,솔밭공원,1432,1376,2808,56,6,26,일
2022-06-26,우이신설선,4.19민주묘지,1944,1704,3648,240,6,26,일
2022-06-26,우이신설선,가오리,2357,2239,4596,118,6,26,일
2022-06-26,우이신설선,화계,2148,1937,4085,211,6,26,일
2022-06-26,우이신설선,삼양,1130,1168,2298,-38,6,26,일
2022-06-26,우이신설선,삼양사거리,1545,1496,3041,49,6,26,일
2022-06-26,우이신설선,솔샘,2969,2693,5662,276,6,26,일
2022-06-26,우이신설선,북한산보국문,3928,3485,7413,443,6,26,일
2022-06-26,우이신설선,정릉,2954,2426,5380,528,6,26,일
2022-06-26,우이신설선,성신여대입구(돈암),2064,2440,4504,-376,6,26,일
2022-06-26,우이신설선,보문,951,947,1898,4,6,26,일
2022-06-26,우이신설선,신설동,1133,1161,2294,-28,6,26,일
2022-06-26,일산선,원흥,5928,5670,11598,258,6,26,일
2022-06-26,일산선,삼송,11270,11039,22309,231,6,26,일
2022-06-26,일산선,원당,6217,5962,12179,255,6,26,일
2022-06-26,일산선,화정,9640,9931,19571,-291,6,26,일
2022-06-26,일산선,대곡,1138,977,2115,161,6,26,일
2022-06-26,일산선,백석,5620,5512,11132,108,6,26,일
2022-06-26,일산선,마두,3551,3521,7072,30,6,26,일
2022-06-26,일산선,정발산,5555,5471,11026,84,6,26,일
2022-06-26,일산선,주엽,4732,4682,9414,50,6,26,일
2022-06-26,일산선,대화,7229,6846,14075,383,6,26,일
2022-06-26,장항선,봉명,639,631,1270,8,6,26,일
2022-06-26,장항선,쌍용(나사렛대),1375,1338,2713,37,6,26,일
2022-06-26,장항선,아산,3788,2341,6129,1447,6,26,일
2022-06-26,장항선,탕정,611,669,1280,-58,6,26,일
2022-06-26,장항선,배방,863,1017,1880,-154,6,26,일
2022-06-26,장항선,온양온천,3632,3582,7214,50,6,26,일
2022-06-26,장항선,신창(순천향대),985,1195,2180,-210,6,26,일
2022-06-26,중앙선,회기,17126,16951,34077,175,6,26,일
2022-06-26,중앙선,중랑,3511,3413,6924,98,6,26,일
2022-06-26,중앙선,상봉(시외버스터미널),3795,4122,7917,-327,6,26,일
2022-06-26,중앙선,망우,5139,5061,10200,78,6,26,일
2022-06-26,중앙선,양원,1432,1477,2909,-45,6,26,일
2022-06-26,중앙선,구리,7491,7938,15429,-447,6,26,일
2022-06-26,중앙선,도농,5528,5458,10986,70,6,26,일
2022-06-26,중앙선,양정,526,414,940,112,6,26,일
2022-06-26,중앙선,덕소,3452,3465,6917,-13,6,26,일
2022-06-26,중앙선,도심,1281,1143,2424,138,6,26,일
2022-06-26,중앙선,팔당,1155,1158,2313,-3,6,26,일
2022-06-26,중앙선,운길산,1046,908,1954,138,6,26,일
2022-06-26,중앙선,양수,2129,1871,4000,258,6,26,일
2022-06-27,3호선,오금,6537,5928,12465,609,6,27,월
2022-06-27,중앙선,지평,74,70,144,4,6,27,월
2022-06-27,중앙선,용문,1840,1801,3641,39,6,27,월
2022-06-27,중앙선,원덕,400,367,767,33,6,27,월
2022-06-27,중앙선,양평,2914,2873,5787,41,6,27,월
2022-06-27,중앙선,오빈,325,298,623,27,6,27,월
2022-06-27,중앙선,아신,589,582,1171,7,6,27,월
2022-06-27,중앙선,국수,833,826,1659,7,6,27,월
2022-06-27,중앙선,신원,199,183,382,16,6,27,월
2022-06-27,중앙선,양수,1975,1992,3967,-17,6,27,월
2022-06-27,중앙선,운길산,635,606,1241,29,6,27,월
2022-06-27,중앙선,팔당,759,795,1554,-36,6,27,월
2022-06-27,중앙선,도심,2654,2069,4723,585,6,27,월
2022-06-27,중앙선,덕소,5635,5550,11185,85,6,27,월
2022-06-27,중앙선,양정,736,592,1328,144,6,27,월
2022-06-27,중앙선,도농,11959,10509,22468,1450,6,27,월
2022-06-27,중앙선,구리,13679,13605,27284,74,6,27,월
2022-06-27,중앙선,양원,3223,3152,6375,71,6,27,월
2022-06-27,중앙선,망우,7913,7602,15515,311,6,27,월
2022-06-27,중앙선,상봉(시외버스터미널),5762,5791,11553,-29,6,27,월
2022-06-27,중앙선,중랑,5940,5523,11463,417,6,27,월
2022-06-27,중앙선,회기,25396,24574,49970,822,6,27,월
2022-06-27,안산선,정왕,7905,8380,16285,-475,6,27,월
2022-06-27,안산선,신길온천,1852,1594,3446,258,6,27,월
2022-06-27,안산선,안산,11862,10814,22676,1048,6,27,월
2022-06-27,안산선,초지,4820,4887,9707,-67,6,27,월
2022-06-27,안산선,고잔,8982,8524,17506,458,6,27,월
2022-06-27,안산선,중앙,17418,17849,35267,-431,6,27,월
2022-06-27,안산선,한대앞,9013,9165,18178,-152,6,27,월
2022-06-27,안산선,상록수,15678,15760,31438,-82,6,27,월
2022-06-27,안산선,반월,4444,4280,8724,164,6,27,월
2022-06-27,안산선,대야미,5047,4551,9598,496,6,27,월
2022-06-27,안산선,산본,15836,17234,33070,-1398,6,27,월
2022-06-27,신림선,관악산(서울대),2202,2210,4412,-8,6,27,월
2022-06-27,신림선,서울대벤처타운,5912,6031,11943,-119,6,27,월
2022-06-27,신림선,서원,2661,2317,4978,344,6,27,월
2022-06-27,신림선,신림,1517,2146,3663,-629,6,27,월
2022-06-27,신림선,당곡,3398,3440,6838,-42,6,27,월
2022-06-27,신림선,보라매병원,6217,6435,12652,-218,6,27,월
2022-06-27,신림선,보라매공원,1538,1690,3228,-152,6,27,월
2022-06-27,신림선,보라매,2664,2455,5119,209,6,27,월
2022-06-27,신림선,서울지방병무청,1991,2242,4233,-251,6,27,월
2022-06-27,신림선,대방,1820,1329,3149,491,6,27,월
2022-06-27,신림선,샛강,2072,2435,4507,-363,6,27,월
2022-06-27,수인선,인천,985,1622,2607,-637,6,27,월
2022-06-27,수인선,신포,1843,1825,3668,18,6,27,월
2022-06-27,수인선,숭의,4149,3819,7968,330,6,27,월
2022-06-27,수인선,인하대,6019,5650,11669,369,6,27,월
2022-06-27,수인선,송도,2444,2251,4695,193,6,27,월
2022-06-27,수인선,연수,4415,4295,8710,120,6,27,월
2022-06-27,수인선,원인재,4329,4463,8792,-134,6,27,월
2022-06-27,수인선,남동인더스파크,2290,2617,4907,-327,6,27,월
2022-06-27,수인선,호구포,4204,4378,8582,-174,6,27,월
2022-06-27,수인선,인천논현,5554,6050,11604,-496,6,27,월
2022-06-27,수인선,소래포구,5144,4708,9852,436,6,27,월
2022-06-27,수인선,월곶,2709,2600,5309,109,6,27,월
2022-06-27,수인선,달월,112,69,181,43,6,27,월
2022-06-27,수인선,사리,4836,4123,8959,713,6,27,월
2022-06-27,수인선,야목,419,293,712,126,6,27,월
2022-06-27,수인선,어천,822,824,1646,-2,6,27,월
2022-06-27,수인선,오목천,2990,2803,5793,187,6,27,월
2022-06-27,수인선,고색,4617,4358,8975,259,6,27,월
2022-06-27,분당선,매교,3241,3126,6367,115,6,27,월
2022-06-27,분당선,수원시청,12829,13635,26464,-806,6,27,월
2022-06-27,분당선,매탄권선,5292,5165,10457,127,6,27,월
2022-06-27,분당선,망포,15060,14277,29337,783,6,27,월
2022-06-27,분당선,영통,8342,8536,16878,-194,6,27,월
2022-06-27,분당선,청명,4564,4356,8920,208,6,27,월
2022-06-27,분당선,상갈,5512,5385,10897,127,6,27,월
2022-06-27,분당선,기흥,10410,9756,20166,654,6,27,월
2022-06-27,분당선,신갈,4936,4934,9870,2,6,27,월
2022-06-27,분당선,구성,5286,5530,10816,-244,6,27,월
2022-06-27,분당선,죽전,13522,14958,28480,-1436,6,27,월
2022-06-27,분당선,보정,2745,2463,5208,282,6,27,월
2022-06-27,분당선,이매,5960,5493,11453,467,6,27,월
2022-06-27,분당선,오리,11938,9889,21827,2049,6,27,월
2022-06-27,분당선,미금,16239,17070,33309,-831,6,27,월
2022-06-27,분당선,정자,18702,19849,38551,-1147,6,27,월
2022-06-27,분당선,수내,14264,14259,28523,5,6,27,월
2022-06-27,분당선,서현,25068,25503,50571,-435,6,27,월
2022-06-27,분당선,야탑,26670,27687,54357,-1017,6,27,월
2022-06-27,분당선,모란,19588,19653,39241,-65,6,27,월
2022-06-27,분당선,태평,13536,12902,26438,634,6,27,월
2022-06-27,분당선,가천대,7574,8461,16035,-887,6,27,월
2022-06-27,분당선,선정릉,8469,9136,17605,-667,6,27,월
2022-06-27,분당선,강남구청,10174,11617,21791,-1443,6,27,월
2022-06-27,분당선,압구정로데오,17823,19605,37428,-1782,6,27,월
2022-06-27,분당선,서울숲,10879,11084,21963,-205,6,27,월
2022-06-27,분당선,수원,7632,6580,14212,1052,6,27,월
2022-06-27,분당선,수서,14569,15191,29760,-622,6,27,월
2022-06-27,분당선,대모산입구,4846,4534,9380,312,6,27,월
2022-06-27,분당선,개포동,4030,4198,8228,-168,6,27,월
2022-06-27,분당선,구룡,2551,2377,4928,174,6,27,월
2022-06-27,분당선,도곡,7505,7721,15226,-216,6,27,월
2022-06-27,분당선,한티,15047,16183,31230,-1136,6,27,월
2022-06-27,분당선,선릉,14768,22750,37518,-7982,6,27,월
2022-06-27,과천선,범계,25574,25646,51220,-72,6,27,월
2022-06-27,과천선,평촌,18699,18482,37181,217,6,27,월
2022-06-27,과천선,인덕원,24447,25427,49874,-980,6,27,월
2022-06-27,과천선,정부과천청사,11364,11199,22563,165,6,27,월
2022-06-27,과천선,과천,6644,6068,12712,576,6,27,월
2022-06-27,과천선,대공원,1741,1855,3596,-114,6,27,월
2022-06-27,과천선,경마공원,925,936,1861,-11,6,27,월
2022-06-27,과천선,선바위,8072,7090,15162,982,6,27,월
2022-06-27,공항철도 1호선,영종,3406,3234,6640,172,6,27,월
2022-06-27,공항철도 1호선,인천공항2터미널,3347,2885,6232,462,6,27,월
2022-06-27,공항철도 1호선,인천공항1터미널,7238,6934,14172,304,6,27,월
2022-06-27,공항철도 1호선,공항화물청사,2288,2503,4791,-215,6,27,월
2022-06-27,공항철도 1호선,운서,7290,7582,14872,-292,6,27,월
2022-06-27,공항철도 1호선,청라국제도시,7614,7055,14669,559,6,27,월
2022-06-27,공항철도 1호선,검암,6944,6790,13734,154,6,27,월
2022-06-27,공항철도 1호선,계양,11259,10419,21678,840,6,27,월
2022-06-27,공항철도 1호선,김포공항,13775,7463,21238,6312,6,27,월
2022-06-27,공항철도 1호선,마곡나루(서울식물원),9922,9570,19492,352,6,27,월
2022-06-27,공항철도 1호선,디지털미디어시티,15353,14095,29448,1258,6,27,월
2022-06-27,공항철도 1호선,홍대입구,10161,10394,20555,-233,6,27,월
2022-06-27,공항철도 1호선,공덕,2469,3211,5680,-742,6,27,월
2022-06-27,공항철도 1호선,서울역,10056,11854,21910,-1798,6,27,월
2022-06-27,경춘선,춘천,1328,1145,2473,183,6,27,월
2022-06-27,경춘선,남춘천,2774,2891,5665,-117,6,27,월
2022-06-27,경춘선,김유정,261,246,507,15,6,27,월
2022-06-27,경춘선,강촌,366,444,810,-78,6,27,월
2022-06-27,경춘선,백양리,103,84,187,19,6,27,월
2022-06-27,경춘선,굴봉산,159,128,287,31,6,27,월
2022-06-27,경춘선,가평,2283,2834,5117,-551,6,27,월
2022-06-27,경춘선,상천,267,251,518,16,6,27,월
2022-06-27,경춘선,청평,2023,2145,4168,-122,6,27,월
2022-06-27,경춘선,대성리,1525,1641,3166,-116,6,27,월
2022-06-27,경춘선,마석,4148,3883,8031,265,6,27,월
2022-06-27,경춘선,천마산,1731,1618,3349,113,6,27,월
2022-06-27,경춘선,평내호평,6451,6246,12697,205,6,27,월
2022-06-27,경춘선,금곡,1602,1515,3117,87,6,27,월
2022-06-27,경춘선,사릉,2605,2396,5001,209,6,27,월
2022-06-27,경춘선,퇴계원,3704,3345,7049,359,6,27,월
2022-06-27,경춘선,갈매,3240,2816,6056,424,6,27,월
2022-06-27,경춘선,신내,2426,2294,4720,132,6,27,월
2022-06-27,경인선,도화,4321,3964,8285,357,6,27,월
2022-06-27,경인선,중동,9843,9137,18980,706,6,27,월
2022-06-27,경인선,온수(성공회대입구),6973,6593,13566,380,6,27,월
2022-06-27,경인선,도원,3682,3529,7211,153,6,27,월
2022-06-27,경인선,간석,6192,5759,11951,433,6,27,월
2022-06-27,경인선,부개,9038,8355,17393,683,6,27,월
2022-06-27,경인선,소사,8649,8397,17046,252,6,27,월
2022-06-27,경인선,구일,6606,6282,12888,324,6,27,월
2022-06-27,경인선,인천,3142,2443,5585,699,6,27,월
2022-06-27,경인선,동인천,13339,12602,25941,737,6,27,월
2022-06-27,경인선,제물포,10853,10508,21361,345,6,27,월
2022-06-27,경인선,주안,18871,17268,36139,1603,6,27,월
2022-06-27,경인선,동암,15659,15421,31080,238,6,27,월
2022-06-27,경인선,백운,7004,6806,13810,198,6,27,월
2022-06-27,경인선,부평,29139,30368,59507,-1229,6,27,월
2022-06-27,경인선,송내,28618,28366,56984,252,6,27,월
2022-06-27,경인선,부천,32001,31681,63682,320,6,27,월
2022-06-27,경인선,역곡,27497,27188,54685,309,6,27,월
2022-06-27,경인선,오류동,12252,11166,23418,1086,6,27,월
2022-06-27,경인선,개봉,21578,21086,42664,492,6,27,월
2022-06-27,경의선,임진강,13,2,15,11,6,27,월
2022-06-27,경의선,문산,5420,5279,10699,141,6,27,월
2022-06-27,경의선,파주,1195,748,1943,447,6,27,월
2022-06-27,경의선,월롱,2612,2682,5294,-70,6,27,월
2022-06-27,경의선,금촌,6448,6366,12814,82,6,27,월
2022-06-27,경의선,금릉,4881,4751,9632,130,6,27,월
2022-06-27,경의선,운정,7262,6613,13875,649,6,27,월
2022-06-27,경의선,야당,7944,7779,15723,165,6,27,월
2022-06-27,경의선,탄현,8151,7630,15781,521,6,27,월
2022-06-27,경의선,일산,9939,9557,19496,382,6,27,월
2022-06-27,경의선,풍산,5838,5347,11185,491,6,27,월
2022-06-27,경의선,백마,7168,6781,13949,387,6,27,월
2022-06-27,경의선,곡산,656,680,1336,-24,6,27,월
2022-06-27,경의선,능곡,3954,3618,7572,336,6,27,월
2022-06-27,경의선,행신,8465,8512,16977,-47,6,27,월
2022-06-27,경의선,강매,3452,2900,6352,552,6,27,월
2022-06-27,경의선,화전,1749,1578,3327,171,6,27,월
2022-06-27,경의선,수색,3131,3182,6313,-51,6,27,월
2022-06-27,경의선,디지털미디어시티,2744,2490,5234,254,6,27,월
2022-06-27,경의선,가좌,5712,5525,11237,187,6,27,월
2022-06-27,경의선,홍대입구,1639,1926,3565,-287,6,27,월
2022-06-27,경의선,서강대,2246,2369,4615,-123,6,27,월
2022-06-27,경의선,공덕,3841,3415,7256,426,6,27,월
2022-06-27,경의선,효창공원앞,3103,3545,6648,-442,6,27,월
2022-06-27,경의선,신촌,962,1264,2226,-302,6,27,월
2022-06-27,경의선,서울역,4909,6182,11091,-1273,6,27,월
2022-06-27,경원선,소요산,2325,1903,4228,422,6,27,월
2022-06-27,경원선,동두천,2423,2486,4909,-63,6,27,월
2022-06-27,경원선,보산,1678,1388,3066,290,6,27,월
2022-06-27,경원선,동두천중앙,3229,3123,6352,106,6,27,월
2022-06-27,경원선,지행,6598,6638,13236,-40,6,27,월
2022-06-27,경원선,덕정,5655,5469,11124,186,6,27,월
2022-06-27,경원선,덕계,3290,2982,6272,308,6,27,월
2022-06-27,경원선,양주,7707,7179,14886,528,6,27,월
2022-06-27,경원선,녹양,4612,4310,8922,302,6,27,월
2022-06-27,경원선,의정부,17910,18213,36123,-303,6,27,월
2022-06-27,경원선,회룡,12901,12826,25727,75,6,27,월
2022-06-27,경원선,망월사,7863,7839,15702,24,6,27,월
2022-06-27,경원선,도봉산,6463,4173,10636,2290,6,27,월
2022-06-27,경원선,도봉,6185,5877,12062,308,6,27,월
2022-06-27,경원선,방학,10025,9631,19656,394,6,27,월
2022-06-27,경원선,창동,1,0,1,1,6,27,월
2022-06-27,경원선,녹천,4973,4046,9019,927,6,27,월
2022-06-27,경원선,월계,6831,6394,13225,437,6,27,월
2022-06-27,경원선,광운대,7698,7458,15156,240,6,27,월
2022-06-27,경원선,석계,7900,8895,16795,-995,6,27,월
2022-06-27,경원선,신이문,8595,7935,16530,660,6,27,월
2022-06-27,경원선,외대앞,7754,7784,15538,-30,6,27,월
2022-06-27,경원선,청량리(서울시립대입구),15322,15969,31291,-647,6,27,월
2022-06-27,경원선,왕십리(성동구청),14816,16142,30958,-1326,6,27,월
2022-06-27,경원선,응봉,1943,1660,3603,283,6,27,월
2022-06-27,경원선,옥수,41,37,78,4,6,27,월
2022-06-27,경원선,한남,4351,4268,8619,83,6,27,월
2022-06-27,경원선,서빙고,2076,1869,3945,207,6,27,월
2022-06-27,경원선,이촌(국립중앙박물관),3934,3065,6999,869,6,27,월
2022-06-27,경부선,광명,3896,3267,7163,629,6,27,월
2022-06-27,경부선,서동탄,1500,1271,2771,229,6,27,월
2022-06-27,경부선,당정,6402,5979,12381,423,6,27,월
2022-06-27,경부선,천안,5135,5495,10630,-360,6,27,월
2022-06-27,경부선,두정,5507,5722,11229,-215,6,27,월
2022-06-27,경부선,직산,886,833,1719,53,6,27,월
2022-06-27,경부선,성환,3546,3620,7166,-74,6,27,월
2022-06-27,경부선,평택,11508,11424,22932,84,6,27,월
2022-06-27,경부선,평택지제,3911,3880,7791,31,6,27,월
2022-06-27,경부선,서정리,7129,6903,14032,226,6,27,월
2022-06-27,경부선,송탄,4254,4169,8423,85,6,27,월
2022-06-27,경부선,진위,1863,1694,3557,169,6,27,월
2022-06-27,경부선,오산,9597,9754,19351,-157,6,27,월
2022-06-27,경부선,오산대,3438,3182,6620,256,6,27,월
2022-06-27,경부선,세마,2932,2796,5728,136,6,27,월
2022-06-27,경부선,병점,14415,14218,28633,197,6,27,월
2022-06-27,경부선,세류,3208,2858,6066,350,6,27,월
2022-06-27,경부선,독산,19562,20264,39826,-702,6,27,월
2022-06-27,경부선,수원,33243,35045,68288,-1802,6,27,월
2022-06-27,경부선,화서,8268,8019,16287,249,6,27,월
2022-06-27,경부선,성균관대,14303,14256,28559,47,6,27,월
2022-06-27,경부선,의왕,9113,9143,18256,-30,6,27,월
2022-06-27,경부선,군포,7759,7861,15620,-102,6,27,월
2022-06-27,경부선,금정,27248,27743,54991,-495,6,27,월
2022-06-27,경부선,명학,9563,9371,18934,192,6,27,월
2022-06-27,경부선,안양,22016,21561,43577,455,6,27,월
2022-06-27,경부선,관악,7437,6934,14371,503,6,27,월
2022-06-27,경부선,석수,9541,8610,18151,931,6,27,월
2022-06-27,경부선,금천구청,11875,11842,23717,33,6,27,월
2022-06-27,경부선,가산디지털단지,19405,22380,41785,-2975,6,27,월
2022-06-27,경부선,구로,18601,18642,37243,-41,6,27,월
2022-06-27,경부선,신길,9389,8152,17541,1237,6,27,월
2022-06-27,경부선,신도림,4128,4311,8439,-183,6,27,월
2022-06-27,경부선,영등포,38132,39467,77599,-1335,6,27,월
2022-06-27,경부선,대방,11803,12739,24542,-936,6,27,월
2022-06-27,경부선,노량진,7415,7317,14732,98,6,27,월
2022-06-27,경부선,용산,38119,39144,77263,-1025,6,27,월
2022-06-27,경부선,남영,9456,10081,19537,-625,6,27,월
2022-06-27,경부선,서울역,8566,2566,11132,6000,6,27,월
2022-06-27,경강선,여주,2186,2186,4372,0,6,27,월
2022-06-27,경강선,세종대왕릉,359,348,707,11,6,27,월
2022-06-27,경강선,부발,2015,2152,4167,-137,6,27,월
2022-06-27,경강선,이천,2644,2749,5393,-105,6,27,월
2022-06-27,경강선,신둔도예촌,1553,1498,3051,55,6,27,월
2022-06-27,경강선,곤지암,2213,2221,4434,-8,6,27,월
2022-06-27,경강선,초월,3328,3282,6610,46,6,27,월
2022-06-27,경강선,경기광주,8116,7575,15691,541,6,27,월
2022-06-27,경강선,삼동,2643,2445,5088,198,6,27,월
2022-06-27,경강선,이매,1216,1020,2236,196,6,27,월
2022-06-27,경강선,판교,5331,5208,10539,123,6,27,월
2022-06-27,9호선2~3단계,중앙보훈병원,11913,10440,22353,1473,6,27,월
2022-06-27,9호선2~3단계,둔촌오륜,1303,1170,2473,133,6,27,월
2022-06-27,9호선2~3단계,올림픽공원(한국체대),6322,6328,12650,-6,6,27,월
2022-06-27,9호선2~3단계,한성백제,2712,2468,5180,244,6,27,월
2022-06-27,9호선2~3단계,송파나루,5135,5555,10690,-420,6,27,월
2022-06-27,9호선2~3단계,석촌,8843,7797,16640,1046,6,27,월
2022-06-27,9호선2~3단계,석촌고분,6638,6481,13119,157,6,27,월
2022-06-27,9호선2~3단계,삼전,7284,6939,14223,345,6,27,월
2022-06-27,9호선2~3단계,종합운동장,4528,4435,8963,93,6,27,월
2022-06-27,9호선2~3단계,봉은사,18603,18896,37499,-293,6,27,월
2022-06-27,9호선2~3단계,삼성중앙,8105,8548,16653,-443,6,27,월
2022-06-27,9호선2~3단계,선정릉,10874,11691,22565,-817,6,27,월
2022-06-27,9호선2~3단계,언주,11624,12046,23670,-422,6,27,월
2022-06-27,9호선,신논현,31505,31159,62664,346,6,27,월
2022-06-27,9호선,고속터미널,13084,17286,30370,-4202,6,27,월
2022-06-27,9호선,신반포,3766,3708,7474,58,6,27,월
2022-06-27,9호선,구반포,1352,1403,2755,-51,6,27,월
2022-06-27,9호선,동작(현충원),1999,1548,3547,451,6,27,월
2022-06-27,9호선,흑석(중앙대입구),8489,9042,17531,-553,6,27,월
2022-06-27,9호선,노들,4764,3906,8670,858,6,27,월
2022-06-27,9호선,노량진,25202,24588,49790,614,6,27,월
2022-06-27,9호선,샛강,6787,6794,13581,-7,6,27,월
2022-06-27,9호선,여의도,30868,29602,60470,1266,6,27,월
2022-06-27,9호선,국회의사당,17093,17639,34732,-546,6,27,월
2022-06-27,9호선,당산,19119,19680,38799,-561,6,27,월
2022-06-27,9호선,선유도,9359,9058,18417,301,6,27,월
2022-06-27,9호선,신목동,4565,3923,8488,642,6,27,월
2022-06-27,9호선,염창,18226,17688,35914,538,6,27,월
2022-06-27,9호선,등촌,12220,11803,24023,417,6,27,월
2022-06-27,9호선,증미,7958,7878,15836,80,6,27,월
2022-06-27,9호선,가양,21954,21355,43309,599,6,27,월
2022-06-27,9호선,양천향교,10307,10704,21011,-397,6,27,월
2022-06-27,9호선,마곡나루(서울식물원),12854,12828,25682,26,6,27,월
2022-06-27,9호선,신방화,7265,7105,14370,160,6,27,월
2022-06-27,9호선,공항시장,3155,3389,6544,-234,6,27,월
2022-06-27,9호선,김포공항,7662,11773,19435,-4111,6,27,월
2022-06-27,9호선,개화,2853,1925,4778,928,6,27,월
2022-06-27,8호선,남위례,5498,5579,11077,-81,6,27,월
2022-06-27,8호선,모란,4493,3470,7963,1023,6,27,월
2022-06-27,8호선,수진,5593,5197,10790,396,6,27,월
2022-06-27,8호선,신흥,4299,4646,8945,-347,6,27,월
2022-06-27,8호선,단대오거리,10732,10525,21257,207,6,27,월
2022-06-27,8호선,남한산성입구(성남법원.검찰청),13883,12637,26520,1246,6,27,월
2022-06-27,8호선,산성,5292,5314,10606,-22,6,27,월
2022-06-27,8호선,복정,9312,8032,17344,1280,6,27,월
2022-06-27,8호선,장지,17480,16879,34359,601,6,27,월
2022-06-27,8호선,문정,22995,24269,47264,-1274,6,27,월
2022-06-27,8호선,가락시장,7700,8619,16319,-919,6,27,월
2022-06-27,8호선,송파,9127,9132,18259,-5,6,27,월
2022-06-27,8호선,석촌,7614,8595,16209,-981,6,27,월
2022-06-27,8호선,잠실(송파구청),14631,17253,31884,-2622,6,27,월
2022-06-27,8호선,몽촌토성(평화의문),6396,6444,12840,-48,6,27,월
2022-06-27,8호선,강동구청,10936,11307,22243,-371,6,27,월
2022-06-27,8호선,천호(풍납토성),14661,16572,31233,-1911,6,27,월
2022-06-27,8호선,암사,19405,17082,36487,2323,6,27,월
2022-06-27,7호선,부평구청,1,0,1,1,6,27,월
2022-06-27,7호선,온수(성공회대입구),10573,9684,20257,889,6,27,월
2022-06-27,7호선,천왕,12070,11516,23586,554,6,27,월
2022-06-27,7호선,광명사거리,21969,21553,43522,416,6,27,월
2022-06-27,7호선,철산,21508,21761,43269,-253,6,27,월
2022-06-27,7호선,가산디지털단지,48063,48117,96180,-54,6,27,월
2022-06-27,7호선,남구로,16639,17589,34228,-950,6,27,월
2022-06-27,7호선,대림(구로구청),8259,8029,16288,230,6,27,월
2022-06-27,7호선,신풍,12116,11735,23851,381,6,27,월
2022-06-27,7호선,보라매,8630,8610,17240,20,6,27,월
2022-06-27,7호선,신대방삼거리,15849,15321,31170,528,6,27,월
2022-06-27,7호선,장승배기,9358,9122,18480,236,6,27,월
2022-06-27,7호선,상도,11306,11021,22327,285,6,27,월
2022-06-27,7호선,숭실대입구(살피재),12578,12891,25469,-313,6,27,월
2022-06-27,7호선,남성,11501,10716,22217,785,6,27,월
2022-06-27,7호선,이수,16366,16121,32487,245,6,27,월
2022-06-27,7호선,내방,15344,15679,31023,-335,6,27,월
2022-06-27,7호선,고속터미널,17306,14171,31477,3135,6,27,월
2022-06-27,7호선,반포,5918,5849,11767,69,6,27,월
2022-06-27,7호선,논현,20148,21299,41447,-1151,6,27,월
2022-06-27,7호선,학동,25923,27032,52955,-1109,6,27,월
2022-06-27,7호선,강남구청,17119,18839,35958,-1720,6,27,월
2022-06-27,7호선,청담,20754,23184,43938,-2430,6,27,월
2022-06-27,7호선,뚝섬유원지,7498,7287,14785,211,6,27,월
2022-06-27,7호선,건대입구,12912,13309,26221,-397,6,27,월
2022-06-27,7호선,어린이대공원(세종대),13149,13257,26406,-108,6,27,월
2022-06-27,7호선,군자(능동),15295,12320,27615,2975,6,27,월
2022-06-27,7호선,중곡,11417,10746,22163,671,6,27,월
2022-06-27,7호선,용마산(용마폭포공원),6137,5864,12001,273,6,27,월
2022-06-27,7호선,사가정,16201,16096,32297,105,6,27,월
2022-06-27,7호선,면목,15320,14911,30231,409,6,27,월
2022-06-27,7호선,상봉(시외버스터미널),16948,15994,32942,954,6,27,월
2022-06-27,7호선,중화,10938,10827,21765,111,6,27,월
2022-06-27,7호선,먹골,10298,10194,20492,104,6,27,월
2022-06-27,7호선,태릉입구,8375,7804,16179,571,6,27,월
2022-06-27,7호선,공릉(서울과학기술대),12023,12063,24086,-40,6,27,월
2022-06-27,7호선,하계,17729,16591,34320,1138,6,27,월
2022-06-27,7호선,중계,15149,13855,29004,1294,6,27,월
2022-06-27,7호선,노원,20271,20865,41136,-594,6,27,월
2022-06-27,7호선,마들,13459,12621,26080,838,6,27,월
2022-06-27,7호선,수락산,12704,12440,25144,264,6,27,월
2022-06-27,7호선,도봉산,9108,9951,19059,-843,6,27,월
2022-06-27,7호선,장암,2360,815,3175,1545,6,27,월
2022-06-27,6호선,봉화산(서울의료원),9238,8680,17918,558,6,27,월
2022-06-27,6호선,화랑대(서울여대입구),11804,8982,20786,2822,6,27,월
2022-06-27,6호선,태릉입구,5453,5949,11402,-496,6,27,월
2022-06-27,6호선,석계,12219,12865,25084,-646,6,27,월
2022-06-27,6호선,돌곶이,9659,8839,18498,820,6,27,월
2022-06-27,6호선,상월곡(한국과학기술연구원),6431,5886,12317,545,6,27,월
2022-06-27,6호선,월곡(동덕여대),12090,11800,23890,290,6,27,월
2022-06-27,6호선,고려대(종암),8445,8158,16603,287,6,27,월
2022-06-27,6호선,안암(고대병원앞),11784,11869,23653,-85,6,27,월
2022-06-27,6호선,보문,7891,7181,15072,710,6,27,월
2022-06-27,6호선,창신,3822,3125,6947,697,6,27,월
2022-06-27,6호선,동묘앞,7581,7900,15481,-319,6,27,월
2022-06-27,6호선,신당,8097,8767,16864,-670,6,27,월
2022-06-27,6호선,청구,3657,3896,7553,-239,6,27,월
2022-06-27,6호선,약수,3839,3860,7699,-21,6,27,월
2022-06-27,6호선,버티고개,2151,2178,4329,-27,6,27,월
2022-06-27,6호선,한강진,6875,7946,14821,-1071,6,27,월
2022-06-27,6호선,이태원,10165,10407,20572,-242,6,27,월
2022-06-27,6호선,녹사평(용산구청),4602,4492,9094,110,6,27,월
2022-06-27,6호선,삼각지,6607,5937,12544,670,6,27,월
2022-06-27,6호선,효창공원앞,7336,6538,13874,798,6,27,월
2022-06-27,6호선,공덕,19089,18359,37448,730,6,27,월
2022-06-27,6호선,대흥(서강대앞),8710,8992,17702,-282,6,27,월
2022-06-27,6호선,광흥창(서강),9950,9561,19511,389,6,27,월
2022-06-27,6호선,상수,7688,8717,16405,-1029,6,27,월
2022-06-27,6호선,합정,12822,12645,25467,177,6,27,월
2022-06-27,6호선,망원,13206,14099,27305,-893,6,27,월
2022-06-27,6호선,마포구청,14882,13381,28263,1501,6,27,월
2022-06-27,6호선,월드컵경기장(성산),4102,4314,8416,-212,6,27,월
2022-06-27,6호선,디지털미디어시티,15263,16948,32211,-1685,6,27,월
2022-06-27,6호선,증산(명지대앞),10136,10038,20174,98,6,27,월
2022-06-27,6호선,새절(신사),13007,12050,25057,957,6,27,월
2022-06-27,6호선,구산,8033,6068,14101,1965,6,27,월
2022-06-27,6호선,독바위,2834,2954,5788,-120,6,27,월
2022-06-27,6호선,불광,4069,4307,8376,-238,6,27,월
2022-06-27,6호선,역촌,3924,4480,8404,-556,6,27,월
2022-06-27,6호선,응암,18011,17813,35824,198,6,27,월
2022-06-27,5호선,하남검단산,5843,5614,11457,229,6,27,월
2022-06-27,5호선,하남시청(덕풍·신장),7240,6949,14189,291,6,27,월
2022-06-27,5호선,하남풍산,4450,4397,8847,53,6,27,월
2022-06-27,5호선,미사,16642,16652,33294,-10,6,27,월
2022-06-27,5호선,강일,4662,4684,9346,-22,6,27,월
2022-06-27,5호선,마천,7630,7252,14882,378,6,27,월
2022-06-27,5호선,거여,10780,10491,21271,289,6,27,월
2022-06-27,5호선,개롱,6846,7193,14039,-347,6,27,월
2022-06-27,5호선,오금,3979,4062,8041,-83,6,27,월
2022-06-27,5호선,방이,7143,7443,14586,-300,6,27,월
2022-06-27,5호선,올림픽공원(한국체대),4435,3845,8280,590,6,27,월
2022-06-27,5호선,둔촌동,8080,8224,16304,-144,6,27,월
2022-06-27,5호선,상일동,15800,14407,30207,1393,6,27,월
2022-06-27,5호선,고덕,10243,10051,20294,192,6,27,월
2022-06-27,5호선,명일,9091,9429,18520,-338,6,27,월
2022-06-27,5호선,굽은다리(강동구민회관앞),9902,9549,19451,353,6,27,월
2022-06-27,5호선,길동,8221,8509,16730,-288,6,27,월
2022-06-27,5호선,강동,19215,18699,37914,516,6,27,월
2022-06-27,5호선,천호(풍납토성),17759,17803,35562,-44,6,27,월
2022-06-27,5호선,광나루(장신대),13601,12291,25892,1310,6,27,월
2022-06-27,5호선,아차산(어린이대공원후문),14278,13799,28077,479,6,27,월
2022-06-27,5호선,군자(능동),11181,12030,23211,-849,6,27,월
2022-06-27,5호선,장한평,18919,18675,37594,244,6,27,월
2022-06-27,5호선,답십리,16455,15188,31643,1267,6,27,월
2022-06-27,5호선,마장,5558,5187,10745,371,6,27,월
2022-06-27,5호선,왕십리(성동구청),4481,5234,9715,-753,6,27,월
2022-06-27,5호선,행당,8518,7528,16046,990,6,27,월
2022-06-27,5호선,신금호,6796,7013,13809,-217,6,27,월
2022-06-27,5호선,청구,4128,3811,7939,317,6,27,월
2022-06-27,5호선,동대문역사문화공원(DDP),3239,3670,6909,-431,6,27,월
2022-06-27,5호선,을지로4가,6345,6474,12819,-129,6,27,월
2022-06-27,5호선,종로3가,12105,11926,24031,179,6,27,월
2022-06-27,5호선,광화문(세종문화회관),31444,32592,64036,-1148,6,27,월
2022-06-27,5호선,서대문,21095,21194,42289,-99,6,27,월
2022-06-27,5호선,충정로(경기대입구),4741,4722,9463,19,6,27,월
2022-06-27,5호선,애오개,6985,6981,13966,4,6,27,월
2022-06-27,5호선,공덕,14644,15324,29968,-680,6,27,월
2022-06-27,5호선,마포,15079,15450,30529,-371,6,27,월
2022-06-27,5호선,여의나루,9301,11241,20542,-1940,6,27,월
2022-06-27,5호선,여의도,30942,32621,63563,-1679,6,27,월
2022-06-27,5호선,신길,4398,4718,9116,-320,6,27,월
2022-06-27,5호선,영등포시장,10406,10720,21126,-314,6,27,월
2022-06-27,5호선,영등포구청,4307,4488,8795,-181,6,27,월
2022-06-27,5호선,양평,7799,7947,15746,-148,6,27,월
2022-06-27,5호선,오목교(목동운동장앞),20971,22111,43082,-1140,6,27,월
2022-06-27,5호선,목동,17407,18511,35918,-1104,6,27,월
2022-06-27,5호선,신정(은행정),14557,11957,26514,2600,6,27,월
2022-06-27,5호선,까치산,29328,28233,57561,1095,6,27,월
2022-06-27,5호선,화곡,29187,27202,56389,1985,6,27,월
2022-06-27,5호선,우장산,15362,15125,30487,237,6,27,월
2022-06-27,5호선,발산,21068,21575,42643,-507,6,27,월
2022-06-27,5호선,마곡,11174,11287,22461,-113,6,27,월
2022-06-27,5호선,송정,6805,6241,13046,564,6,27,월
2022-06-27,5호선,김포공항,7432,7802,15234,-370,6,27,월
2022-06-27,5호선,개화산,6063,5701,11764,362,6,27,월
2022-06-27,5호선,방화,6966,6665,13631,301,6,27,월
2022-06-27,4호선,남태령,1293,1086,2379,207,6,27,월
2022-06-27,4호선,사당,25333,21330,46663,4003,6,27,월
2022-06-27,4호선,총신대입구(이수),18741,20265,39006,-1524,6,27,월
2022-06-27,4호선,동작(현충원),1265,1451,2716,-186,6,27,월
2022-06-27,4호선,이촌(국립중앙박물관),8434,9254,17688,-820,6,27,월
2022-06-27,4호선,신용산,18118,18777,36895,-659,6,27,월
2022-06-27,4호선,삼각지,5084,5765,10849,-681,6,27,월
2022-06-27,4호선,숙대입구(갈월),13258,12747,26005,511,6,27,월
2022-06-27,4호선,서울역,12169,18318,30487,-6149,6,27,월
2022-06-27,4호선,회현(남대문시장),22612,23258,45870,-646,6,27,월
2022-06-27,4호선,명동,20109,20157,40266,-48,6,27,월
2022-06-27,4호선,충무로,26889,27928,54817,-1039,6,27,월
2022-06-27,4호선,동대문역사문화공원(DDP),14875,13265,28140,1610,6,27,월
2022-06-27,4호선,동대문,20343,20566,40909,-223,6,27,월
2022-06-27,4호선,혜화,31081,31003,62084,78,6,27,월
2022-06-27,4호선,한성대입구(삼선교),12833,12745,25578,88,6,27,월
2022-06-27,4호선,성신여대입구(돈암),19078,18709,37787,369,6,27,월
2022-06-27,4호선,미아사거리,26912,26710,53622,202,6,27,월
2022-06-27,4호선,미아(서울사이버대학),14811,14560,29371,251,6,27,월
2022-06-27,4호선,수유(강북구청),32603,33471,66074,-868,6,27,월
2022-06-27,4호선,쌍문,28187,26894,55081,1293,6,27,월
2022-06-27,4호선,창동,25164,26564,51728,-1400,6,27,월
2022-06-27,4호선,노원,17874,20656,38530,-2782,6,27,월
2022-06-27,4호선,상계,19264,18014,37278,1250,6,27,월
2022-06-27,4호선,당고개,8968,8003,16971,965,6,27,월
2022-06-27,3호선,경찰병원,7935,8010,15945,-75,6,27,월
2022-06-27,3호선,가락시장,9298,9024,18322,274,6,27,월
2022-06-27,3호선,수서,18142,18523,36665,-381,6,27,월
2022-06-27,3호선,일원,11474,11316,22790,158,6,27,월
2022-06-27,3호선,대청,10940,10101,21041,839,6,27,월
2022-06-27,3호선,학여울,1873,1921,3794,-48,6,27,월
2022-06-27,3호선,대치,11445,11530,22975,-85,6,27,월
2022-06-27,3호선,도곡,5846,5705,11551,141,6,27,월
2022-06-27,3호선,매봉,13400,12840,26240,560,6,27,월
2022-06-27,3호선,양재(서초구청),38969,42808,81777,-3839,6,27,월
2022-06-27,3호선,남부터미널(예술의전당),29898,30695,60593,-797,6,27,월
2022-06-27,3호선,교대(법원.검찰청),15355,10105,25460,5250,6,27,월
2022-06-27,3호선,고속터미널,43062,41195,84257,1867,6,27,월
2022-06-27,3호선,잠원,4932,4789,9721,143,6,27,월
2022-06-27,3호선,신사,29491,30909,60400,-1418,6,27,월
2022-06-27,3호선,압구정,33888,36010,69898,-2122,6,27,월
2022-06-27,3호선,옥수,9035,9357,18392,-322,6,27,월
2022-06-27,3호선,금호,8015,7470,15485,545,6,27,월
2022-06-27,3호선,약수,13502,13078,26580,424,6,27,월
2022-06-27,3호선,동대입구,7671,7876,15547,-205,6,27,월
2022-06-27,3호선,을지로3가,11284,11184,22468,100,6,27,월
2022-06-27,3호선,종로3가,10267,11706,21973,-1439,6,27,월
2022-06-27,3호선,안국,22964,22829,45793,135,6,27,월
2022-06-27,3호선,경복궁(정부서울청사),22002,22385,44387,-383,6,27,월
2022-06-27,3호선,독립문,6954,6945,13899,9,6,27,월
2022-06-27,3호선,무악재,4134,4113,8247,21,6,27,월
2022-06-27,3호선,홍제,17570,16811,34381,759,6,27,월
2022-06-27,3호선,녹번,15881,14548,30429,1333,6,27,월
2022-06-27,3호선,불광,16193,16927,33120,-734,6,27,월
2022-06-27,3호선,연신내,36388,34184,70572,2204,6,27,월
2022-06-27,3호선,구파발,21520,20558,42078,962,6,27,월
2022-06-27,3호선,지축,5361,5097,10458,264,6,27,월
2022-06-27,2호선,용두(동대문구청),2419,2435,4854,-16,6,27,월
2022-06-27,2호선,신정네거리,10531,10856,21387,-325,6,27,월
2022-06-27,2호선,양천구청,7227,7553,14780,-326,6,27,월
2022-06-27,2호선,도림천,1518,1561,3079,-43,6,27,월
2022-06-27,2호선,신설동,3441,3410,6851,31,6,27,월
2022-06-27,2호선,신답,1760,2077,3837,-317,6,27,월
2022-06-27,2호선,용답,2771,2747,5518,24,6,27,월
2022-06-27,2호선,충정로(경기대입구),10425,11136,21561,-711,6,27,월
2022-06-27,2호선,아현,10628,10173,20801,455,6,27,월
2022-06-27,2호선,이대,13781,15035,28816,-1254,6,27,월
2022-06-27,2호선,신촌,35925,36163,72088,-238,6,27,월
2022-06-27,2호선,홍대입구,53852,57114,110966,-3262,6,27,월
2022-06-27,2호선,합정,30110,31557,61667,-1447,6,27,월
2022-06-27,2호선,당산,18062,21499,39561,-3437,6,27,월
2022-06-27,2호선,영등포구청,23153,23877,47030,-724,6,27,월
2022-06-27,2호선,문래,23092,23592,46684,-500,6,27,월
2022-06-27,2호선,신도림,47827,46926,94753,901,6,27,월
2022-06-27,2호선,대림(구로구청),24466,25159,49625,-693,6,27,월
2022-06-27,2호선,구로디지털단지,62046,62203,124249,-157,6,27,월
2022-06-27,2호선,신대방,26076,25306,51382,770,6,27,월
2022-06-27,2호선,신림,58649,56279,114928,2370,6,27,월
2022-06-27,2호선,봉천,24941,23250,48191,1691,6,27,월
2022-06-27,2호선,서울대입구(관악구청),47399,47387,94786,12,6,27,월
2022-06-27,2호선,낙성대(강감찬),28130,27692,55822,438,6,27,월
2022-06-27,2호선,사당,37893,41486,79379,-3593,6,27,월
2022-06-27,2호선,방배,16793,17627,34420,-834,6,27,월
2022-06-27,2호선,서초,23416,22451,45867,965,6,27,월
2022-06-27,2호선,교대(법원.검찰청),35831,40757,76588,-4926,6,27,월
2022-06-27,2호선,강남,85676,83337,169013,2339,6,27,월
2022-06-27,2호선,역삼,58170,65168,123338,-6998,6,27,월
2022-06-27,2호선,삼성(무역센터),55919,56656,112575,-737,6,27,월
2022-06-27,2호선,종합운동장,7433,8236,15669,-803,6,27,월
2022-06-27,2호선,잠실새내,21982,21691,43673,291,6,27,월
2022-06-27,2호선,잠실(송파구청),69617,69671,139288,-54,6,27,월
2022-06-27,2호선,잠실나루,15436,15287,30723,149,6,27,월
2022-06-27,2호선,강변(동서울터미널),32657,30951,63608,1706,6,27,월
2022-06-27,2호선,구의(광진구청),24035,23703,47738,332,6,27,월
2022-06-27,2호선,건대입구,34062,36511,70573,-2449,6,27,월
2022-06-27,2호선,성수,38539,41898,80437,-3359,6,27,월
2022-06-27,2호선,뚝섬,22217,24144,46361,-1927,6,27,월
2022-06-27,2호선,한양대,9681,10453,20134,-772,6,27,월
2022-06-27,2호선,왕십리(성동구청),16282,13478,29760,2804,6,27,월
2022-06-27,2호선,상왕십리,14704,14434,29138,270,6,27,월
2022-06-27,2호선,신당,14088,14363,28451,-275,6,27,월
2022-06-27,2호선,동대문역사문화공원(DDP),12332,13927,26259,-1595,6,27,월
2022-06-27,2호선,을지로3가,24309,24403,48712,-94,6,27,월
2022-06-27,2호선,을지로입구,42185,43786,85971,-1601,6,27,월
2022-06-27,2호선,시청,24512,23942,48454,570,6,27,월
2022-06-27,1호선,동묘앞,6411,6792,13203,-381,6,27,월
2022-06-27,1호선,청량리(서울시립대입구),19068,19036,38104,32,6,27,월
2022-06-27,1호선,제기동,16216,16461,32677,-245,6,27,월
2022-06-27,1호선,신설동,13907,13513,27420,394,6,27,월
2022-06-27,1호선,동대문,10697,10215,20912,482,6,27,월
2022-06-27,1호선,종로5가,22794,22939,45733,-145,6,27,월
2022-06-27,1호선,종로3가,24688,22491,47179,2197,6,27,월
2022-06-27,1호선,종각,37766,37284,75050,482,6,27,월
2022-06-27,1호선,시청,23534,24448,47982,-914,6,27,월
2022-06-27,1호선,서울역,48415,47729,96144,686,6,27,월
2022-06-27,경춘선,별내,3310,3086,6396,224,6,27,월
2022-06-27,4호선,길음,20255,20643,40898,-388,6,27,월
2022-06-27,2호선,을지로4가,13861,13723,27584,138,6,27,월
2022-06-27,우이신설선,북한산보국문,6008,5830,11838,178,6,27,월
2022-06-27,우이신설선,솔샘,6117,5763,11880,354,6,27,월
2022-06-27,우이신설선,삼양사거리,2513,2495,5008,18,6,27,월
2022-06-27,우이신설선,삼양,2192,2175,4367,17,6,27,월
2022-06-27,우이신설선,화계,3608,3260,6868,348,6,27,월
2022-06-27,우이신설선,가오리,4377,4409,8786,-32,6,27,월
2022-06-27,우이신설선,4.19민주묘지,2882,2667,5549,215,6,27,월
2022-06-27,우이신설선,솔밭공원,2576,2442,5018,134,6,27,월
2022-06-27,우이신설선,북한산우이,2662,2283,4945,379,6,27,월
2022-06-27,안산선,수리산,4323,3594,7917,729,6,27,월
2022-06-27,안산선,오이도,8425,8062,16487,363,6,27,월
2022-06-27,장항선,신창(순천향대),1433,1471,2904,-38,6,27,월
2022-06-27,장항선,온양온천,3621,3701,7322,-80,6,27,월
2022-06-27,장항선,배방,1108,1105,2213,3,6,27,월
2022-06-27,장항선,탕정,882,808,1690,74,6,27,월
2022-06-27,장항선,아산,3275,2959,6234,316,6,27,월
2022-06-27,장항선,쌍용(나사렛대),2095,1963,4058,132,6,27,월
2022-06-27,장항선,봉명,1356,1352,2708,4,6,27,월
2022-06-27,일산선,대화,13466,10399,23865,3067,6,27,월
2022-06-27,일산선,주엽,9648,9654,19302,-6,6,27,월
2022-06-27,일산선,정발산,6874,7063,13937,-189,6,27,월
2022-06-27,일산선,마두,7788,7926,15714,-138,6,27,월
2022-06-27,일산선,백석,9856,9747,19603,109,6,27,월
2022-06-27,일산선,대곡,2197,1767,3964,430,6,27,월
2022-06-27,일산선,화정,17139,17153,34292,-14,6,27,월
2022-06-27,일산선,원당,11310,10632,21942,678,6,27,월
2022-06-27,일산선,삼송,20053,19572,39625,481,6,27,월
2022-06-27,일산선,원흥,11410,10792,22202,618,6,27,월
2022-06-27,우이신설선,신설동,2228,2163,4391,65,6,27,월
2022-06-27,우이신설선,보문,1581,1595,3176,-14,6,27,월
2022-06-27,우이신설선,성신여대입구(돈암),3334,3682,7016,-348,6,27,월
2022-06-27,우이신설선,정릉,4877,4312,9189,565,6,27,월
2022-06-27,경원선,가능,6906,6619,13525,287,6,27,월
2022-06-27,9호선,사평,4022,3913,7935,109,6,27,월
2022-06-27,2호선,선릉,61751,54759,116510,6992,6,27,월
2022-06-28,2호선,이대,14423,15562,29985,-1139,6,28,화
2022-06-28,2호선,아현,10855,10341,21196,514,6,28,화
2022-06-28,2호선,충정로(경기대입구),10640,11306,21946,-666,6,28,화
2022-06-28,2호선,용답,2858,2735,5593,123,6,28,화
2022-06-28,2호선,신답,1763,2048,3811,-285,6,28,화
2022-06-28,2호선,신설동,3248,3205,6453,43,6,28,화
2022-06-28,2호선,도림천,1554,1567,3121,-13,6,28,화
2022-06-28,2호선,양천구청,7096,7454,14550,-358,6,28,화
2022-06-28,2호선,신정네거리,10673,10789,21462,-116,6,28,화
2022-06-28,2호선,용두(동대문구청),2380,2440,4820,-60,6,28,화
2022-06-28,3호선,지축,5316,5006,10322,310,6,28,화
2022-06-28,3호선,구파발,21470,20593,42063,877,6,28,화
2022-06-28,3호선,연신내,36481,34485,70966,1996,6,28,화
2022-06-28,3호선,불광,16513,17338,33851,-825,6,28,화
2022-06-28,3호선,녹번,16126,14692,30818,1434,6,28,화
2022-06-28,3호선,홍제,17775,16522,34297,1253,6,28,화
2022-06-28,3호선,무악재,4008,4112,8120,-104,6,28,화
2022-06-28,3호선,독립문,7073,7351,14424,-278,6,28,화
2022-06-28,3호선,경복궁(정부서울청사),20157,20252,40409,-95,6,28,화
2022-06-28,3호선,안국,23057,23379,46436,-322,6,28,화
2022-06-28,3호선,종로3가,10346,11724,22070,-1378,6,28,화
2022-06-28,3호선,을지로3가,11316,11258,22574,58,6,28,화
2022-06-28,3호선,충무로,3,0,3,3,6,28,화
2022-06-28,3호선,동대입구,7707,8149,15856,-442,6,28,화
2022-06-28,3호선,약수,13460,13013,26473,447,6,28,화
2022-06-28,3호선,금호,8311,7713,16024,598,6,28,화
2022-06-28,3호선,옥수,9035,9322,18357,-287,6,28,화
2022-06-28,3호선,압구정,34625,36834,71459,-2209,6,28,화
2022-06-28,3호선,신사,30307,31804,62111,-1497,6,28,화
2022-06-28,3호선,잠원,5056,4936,9992,120,6,28,화
2022-06-28,3호선,고속터미널,41197,39357,80554,1840,6,28,화
2022-06-28,3호선,교대(법원.검찰청),15713,10199,25912,5514,6,28,화
2022-06-28,3호선,남부터미널(예술의전당),30606,31483,62089,-877,6,28,화
2022-06-28,3호선,양재(서초구청),40294,44363,84657,-4069,6,28,화
2022-06-28,3호선,매봉,13541,12974,26515,567,6,28,화
2022-06-28,3호선,도곡,5716,5744,11460,-28,6,28,화
2022-06-28,3호선,대치,11779,11962,23741,-183,6,28,화
2022-06-28,3호선,학여울,1819,1964,3783,-145,6,28,화
2022-06-28,3호선,대청,11051,10244,21295,807,6,28,화
2022-06-28,3호선,일원,11457,10980,22437,477,6,28,화
2022-06-28,3호선,수서,17739,18414,36153,-675,6,28,화
2022-06-28,3호선,가락시장,9386,9045,18431,341,6,28,화
2022-06-28,3호선,경찰병원,7815,7812,15627,3,6,28,화
2022-06-28,3호선,오금,6570,5832,12402,738,6,28,화
2022-06-28,4호선,당고개,8984,7990,16974,994,6,28,화
2022-06-28,4호선,상계,19726,18417,38143,1309,6,28,화
2022-06-28,4호선,노원,18442,20875,39317,-2433,6,28,화
2022-06-28,4호선,창동,25914,27416,53330,-1502,6,28,화
2022-06-28,4호선,쌍문,29133,26891,56024,2242,6,28,화
2022-06-28,4호선,수유(강북구청),33699,33684,67383,15,6,28,화
2022-06-28,4호선,미아(서울사이버대학),15177,14619,29796,558,6,28,화
2022-06-28,4호선,미아사거리,27394,26716,54110,678,6,28,화
2022-06-28,4호선,길음,21404,21088,42492,316,6,28,화
2022-06-28,4호선,성신여대입구(돈암),19872,19329,39201,543,6,28,화
2022-06-28,4호선,한성대입구(삼선교),13260,12908,26168,352,6,28,화
2022-06-28,4호선,혜화,33383,33383,66766,0,6,28,화
2022-06-28,4호선,동대문,20106,20573,40679,-467,6,28,화
2022-06-28,4호선,동대문역사문화공원(DDP),15264,13860,29124,1404,6,28,화
2022-06-28,4호선,충무로,28144,29273,57417,-1129,6,28,화
2022-06-28,4호선,명동,20310,20912,41222,-602,6,28,화
2022-06-28,4호선,회현(남대문시장),25440,26739,52179,-1299,6,28,화
2022-06-28,4호선,서울역,12812,19035,31847,-6223,6,28,화
2022-06-28,4호선,숙대입구(갈월),13977,13425,27402,552,6,28,화
2022-06-28,4호선,삼각지,5676,6155,11831,-479,6,28,화
2022-06-28,4호선,신용산,18820,19683,38503,-863,6,28,화
2022-06-28,4호선,이촌(국립중앙박물관),8875,9852,18727,-977,6,28,화
2022-06-28,4호선,동작(현충원),1335,1422,2757,-87,6,28,화
2022-06-28,4호선,총신대입구(이수),19245,20771,40016,-1526,6,28,화
2022-06-28,4호선,사당,26268,21937,48205,4331,6,28,화
2022-06-28,4호선,남태령,1360,1166,2526,194,6,28,화
2022-06-28,5호선,방화,7041,6815,13856,226,6,28,화
2022-06-28,5호선,개화산,6100,5698,11798,402,6,28,화
2022-06-28,5호선,김포공항,7025,6960,13985,65,6,28,화
2022-06-28,5호선,송정,6768,6350,13118,418,6,28,화
2022-06-28,5호선,마곡,11483,11418,22901,65,6,28,화
2022-06-28,5호선,발산,21977,22581,44558,-604,6,28,화
2022-06-28,5호선,우장산,15225,14794,30019,431,6,28,화
2022-06-28,5호선,화곡,29258,27413,56671,1845,6,28,화
2022-06-28,5호선,까치산,29583,28158,57741,1425,6,28,화
2022-06-28,5호선,신정(은행정),14651,12054,26705,2597,6,28,화
2022-06-28,5호선,목동,17423,18784,36207,-1361,6,28,화
2022-06-28,5호선,오목교(목동운동장앞),22449,24000,46449,-1551,6,28,화
2022-06-28,5호선,양평,7996,7902,15898,94,6,28,화
2022-06-28,5호선,영등포구청,4245,4493,8738,-248,6,28,화
2022-06-28,5호선,영등포시장,10454,10890,21344,-436,6,28,화
2022-06-28,5호선,신길,4384,4717,9101,-333,6,28,화
2022-06-28,5호선,여의도,31771,33182,64953,-1411,6,28,화
2022-06-28,5호선,여의나루,9638,11357,20995,-1719,6,28,화
2022-06-28,5호선,마포,15441,15951,31392,-510,6,28,화
2022-06-28,5호선,공덕,15523,16429,31952,-906,6,28,화
2022-06-28,5호선,애오개,7212,7187,14399,25,6,28,화
2022-06-28,5호선,충정로(경기대입구),4803,4897,9700,-94,6,28,화
2022-06-28,5호선,서대문,21097,21430,42527,-333,6,28,화
2022-06-28,5호선,광화문(세종문화회관),33202,34647,67849,-1445,6,28,화
2022-06-28,5호선,종로3가,12520,12415,24935,105,6,28,화
2022-06-28,5호선,을지로4가,6537,6673,13210,-136,6,28,화
2022-06-28,5호선,동대문역사문화공원(DDP),3206,3698,6904,-492,6,28,화
2022-06-28,5호선,청구,4248,3817,8065,431,6,28,화
2022-06-28,5호선,신금호,6884,7189,14073,-305,6,28,화
2022-06-28,5호선,행당,8578,7639,16217,939,6,28,화
2022-06-28,5호선,왕십리(성동구청),4666,5452,10118,-786,6,28,화
2022-06-28,5호선,마장,5698,5434,11132,264,6,28,화
2022-06-28,5호선,답십리,16640,15097,31737,1543,6,28,화
2022-06-28,5호선,장한평,19150,19289,38439,-139,6,28,화
2022-06-28,5호선,군자(능동),11669,12744,24413,-1075,6,28,화
2022-06-28,5호선,아차산(어린이대공원후문),14470,13868,28338,602,6,28,화
2022-06-28,5호선,광나루(장신대),14183,12826,27009,1357,6,28,화
2022-06-28,5호선,천호(풍납토성),18192,18304,36496,-112,6,28,화
2022-06-28,5호선,강동,19210,18501,37711,709,6,28,화
2022-06-28,5호선,길동,8260,8652,16912,-392,6,28,화
2022-06-28,5호선,굽은다리(강동구민회관앞),9976,9529,19505,447,6,28,화
2022-06-28,5호선,명일,9141,9422,18563,-281,6,28,화
2022-06-28,5호선,고덕,10374,10243,20617,131,6,28,화
2022-06-28,5호선,상일동,15879,14449,30328,1430,6,28,화
2022-06-28,5호선,둔촌동,8301,8400,16701,-99,6,28,화
2022-06-28,5호선,올림픽공원(한국체대),4557,3772,8329,785,6,28,화
2022-06-28,5호선,방이,7566,7802,15368,-236,6,28,화
2022-06-28,5호선,오금,3924,3928,7852,-4,6,28,화
2022-06-28,5호선,개롱,6926,7080,14006,-154,6,28,화
2022-06-28,5호선,거여,10864,10463,21327,401,6,28,화
2022-06-28,5호선,마천,7664,7237,14901,427,6,28,화
2022-06-28,5호선,강일,4657,4577,9234,80,6,28,화
2022-06-28,5호선,미사,16826,16953,33779,-127,6,28,화
2022-06-28,5호선,하남풍산,4431,4391,8822,40,6,28,화
2022-06-28,5호선,하남시청(덕풍·신장),7174,6898,14072,276,6,28,화
2022-06-28,5호선,하남검단산,5872,5546,11418,326,6,28,화
2022-06-28,6호선,응암,17923,17911,35834,12,6,28,화
2022-06-28,6호선,역촌,3820,4505,8325,-685,6,28,화
2022-06-28,6호선,불광,4265,4416,8681,-151,6,28,화
2022-06-28,6호선,독바위,2923,3049,5972,-126,6,28,화
2022-06-28,6호선,구산,8078,5967,14045,2111,6,28,화
2022-06-28,6호선,새절(신사),13014,11883,24897,1131,6,28,화
2022-06-28,6호선,증산(명지대앞),10122,10077,20199,45,6,28,화
2022-06-28,6호선,디지털미디어시티,15334,17203,32537,-1869,6,28,화
2022-06-28,6호선,월드컵경기장(성산),3990,4220,8210,-230,6,28,화
2022-06-28,6호선,마포구청,15063,13422,28485,1641,6,28,화
2022-06-28,6호선,망원,13565,14629,28194,-1064,6,28,화
2022-06-28,6호선,합정,13062,13099,26161,-37,6,28,화
2022-06-28,6호선,상수,8912,9995,18907,-1083,6,28,화
2022-06-28,6호선,광흥창(서강),9776,9571,19347,205,6,28,화
2022-06-28,6호선,대흥(서강대앞),9100,9411,18511,-311,6,28,화
2022-06-28,6호선,공덕,19726,19056,38782,670,6,28,화
2022-06-28,6호선,효창공원앞,7444,6666,14110,778,6,28,화
2022-06-28,6호선,삼각지,8380,6809,15189,1571,6,28,화
2022-06-28,6호선,녹사평(용산구청),4757,4691,9448,66,6,28,화
2022-06-28,6호선,이태원,10250,10649,20899,-399,6,28,화
2022-06-28,6호선,한강진,8305,9525,17830,-1220,6,28,화
2022-06-28,6호선,버티고개,2159,2186,4345,-27,6,28,화
2022-06-28,6호선,약수,3804,3840,7644,-36,6,28,화
2022-06-28,6호선,청구,3787,3949,7736,-162,6,28,화
2022-06-28,6호선,신당,7957,8564,16521,-607,6,28,화
2022-06-28,6호선,동묘앞,7683,7874,15557,-191,6,28,화
2022-06-28,6호선,창신,3835,3197,7032,638,6,28,화
2022-06-28,6호선,보문,7852,7239,15091,613,6,28,화
2022-06-28,6호선,안암(고대병원앞),11563,11541,23104,22,6,28,화
2022-06-28,6호선,고려대(종암),8550,8465,17015,85,6,28,화
2022-06-28,6호선,월곡(동덕여대),11902,11534,23436,368,6,28,화
2022-06-28,6호선,상월곡(한국과학기술연구원),6521,6106,12627,415,6,28,화
2022-06-28,6호선,돌곶이,9553,8781,18334,772,6,28,화
2022-06-28,6호선,석계,12307,13021,25328,-714,6,28,화
2022-06-28,6호선,태릉입구,5653,6075,11728,-422,6,28,화
2022-06-28,6호선,화랑대(서울여대입구),11878,9185,21063,2693,6,28,화
2022-06-28,6호선,봉화산(서울의료원),9434,8868,18302,566,6,28,화
2022-06-28,7호선,장암,2236,829,3065,1407,6,28,화
2022-06-28,7호선,도봉산,9119,10180,19299,-1061,6,28,화
2022-06-28,7호선,수락산,12573,12434,25007,139,6,28,화
2022-06-28,7호선,마들,13403,12691,26094,712,6,28,화
2022-06-28,7호선,노원,19946,20798,40744,-852,6,28,화
2022-06-28,7호선,중계,15136,13800,28936,1336,6,28,화
2022-06-28,7호선,하계,18109,17133,35242,976,6,28,화
2022-06-28,7호선,공릉(서울과학기술대),11927,11878,23805,49,6,28,화
2022-06-28,7호선,태릉입구,8625,8026,16651,599,6,28,화
2022-06-28,7호선,먹골,10591,10357,20948,234,6,28,화
2022-06-28,7호선,중화,11052,10875,21927,177,6,28,화
2022-06-28,7호선,상봉(시외버스터미널),17194,16294,33488,900,6,28,화
2022-06-28,7호선,면목,15261,14954,30215,307,6,28,화
2022-06-28,7호선,사가정,16411,16201,32612,210,6,28,화
2022-06-28,7호선,용마산(용마폭포공원),6144,5870,12014,274,6,28,화
2022-06-28,7호선,중곡,11710,10821,22531,889,6,28,화
2022-06-28,7호선,군자(능동),15687,12453,28140,3234,6,28,화
2022-06-28,7호선,어린이대공원(세종대),13273,13047,26320,226,6,28,화
2022-06-28,7호선,건대입구,12566,13479,26045,-913,6,28,화
2022-06-28,7호선,뚝섬유원지,7893,7633,15526,260,6,28,화
2022-06-28,7호선,청담,21007,23760,44767,-2753,6,28,화
2022-06-28,7호선,강남구청,17928,19951,37879,-2023,6,28,화
2022-06-28,7호선,학동,26087,27679,53766,-1592,6,28,화
2022-06-28,7호선,논현,20397,21803,42200,-1406,6,28,화
2022-06-28,7호선,반포,6247,6177,12424,70,6,28,화
2022-06-28,7호선,고속터미널,16691,14323,31014,2368,6,28,화
2022-06-28,7호선,내방,15541,15810,31351,-269,6,28,화
2022-06-28,7호선,이수,16831,16341,33172,490,6,28,화
2022-06-28,7호선,남성,11808,10918,22726,890,6,28,화
2022-06-28,7호선,숭실대입구(살피재),12625,12980,25605,-355,6,28,화
2022-06-28,7호선,상도,11408,11116,22524,292,6,28,화
2022-06-28,7호선,장승배기,9436,9274,18710,162,6,28,화
2022-06-28,7호선,신대방삼거리,16084,15364,31448,720,6,28,화
2022-06-28,7호선,보라매,8527,8582,17109,-55,6,28,화
2022-06-28,7호선,신풍,12232,11673,23905,559,6,28,화
2022-06-28,7호선,대림(구로구청),8017,7934,15951,83,6,28,화
2022-06-28,7호선,남구로,16633,17538,34171,-905,6,28,화
2022-06-28,7호선,가산디지털단지,47786,48056,95842,-270,6,28,화
2022-06-28,7호선,철산,21747,22108,43855,-361,6,28,화
2022-06-28,7호선,광명사거리,21934,21850,43784,84,6,28,화
2022-06-28,7호선,천왕,12028,11535,23563,493,6,28,화
2022-06-28,7호선,온수(성공회대입구),10683,9798,20481,885,6,28,화
2022-06-28,8호선,암사,19735,17293,37028,2442,6,28,화
2022-06-28,8호선,천호(풍납토성),15079,17050,32129,-1971,6,28,화
2022-06-28,8호선,강동구청,10906,11344,22250,-438,6,28,화
2022-06-28,8호선,몽촌토성(평화의문),6338,6573,12911,-235,6,28,화
2022-06-28,8호선,잠실(송파구청),15064,17333,32397,-2269,6,28,화
2022-06-28,8호선,석촌,7842,8924,16766,-1082,6,28,화
2022-06-28,8호선,송파,9362,9412,18774,-50,6,28,화
2022-06-28,8호선,가락시장,7951,8818,16769,-867,6,28,화
2022-06-28,8호선,문정,23227,24531,47758,-1304,6,28,화
2022-06-28,8호선,장지,18142,17354,35496,788,6,28,화
2022-06-28,8호선,복정,9653,8178,17831,1475,6,28,화
2022-06-28,8호선,산성,5421,5469,10890,-48,6,28,화
2022-06-28,8호선,남한산성입구(성남법원.검찰청),14211,12884,27095,1327,6,28,화
2022-06-28,8호선,단대오거리,10858,10584,21442,274,6,28,화
2022-06-28,8호선,신흥,4238,4559,8797,-321,6,28,화
2022-06-28,8호선,수진,5541,5089,10630,452,6,28,화
2022-06-28,8호선,모란,4570,3730,8300,840,6,28,화
2022-06-28,8호선,남위례,5791,6008,11799,-217,6,28,화
2022-06-28,9호선,개화,2803,1933,4736,870,6,28,화
2022-06-28,9호선,김포공항,7416,11224,18640,-3808,6,28,화
2022-06-28,9호선,공항시장,3111,3434,6545,-323,6,28,화
2022-06-28,9호선,신방화,7264,7089,14353,175,6,28,화
2022-06-28,9호선,마곡나루(서울식물원),13375,13078,26453,297,6,28,화
2022-06-28,9호선,양천향교,10376,10756,21132,-380,6,28,화
2022-06-28,9호선,가양,22137,21525,43662,612,6,28,화
2022-06-28,9호선,증미,7911,7702,15613,209,6,28,화
2022-06-28,9호선,등촌,12189,11753,23942,436,6,28,화
2022-06-28,9호선,염창,18437,17785,36222,652,6,28,화
2022-06-28,9호선,신목동,4678,4076,8754,602,6,28,화
2022-06-28,9호선,선유도,9466,9078,18544,388,6,28,화
2022-06-28,9호선,당산,19366,19838,39204,-472,6,28,화
2022-06-28,9호선,국회의사당,18467,19060,37527,-593,6,28,화
2022-06-28,9호선,여의도,31509,30003,61512,1506,6,28,화
2022-06-28,9호선,샛강,6912,6863,13775,49,6,28,화
2022-06-28,9호선,노량진,25489,24684,50173,805,6,28,화
2022-06-28,9호선,노들,4644,3962,8606,682,6,28,화
2022-06-28,9호선,흑석(중앙대입구),8650,8982,17632,-332,6,28,화
2022-06-28,9호선,동작(현충원),1880,1563,3443,317,6,28,화
2022-06-28,9호선,구반포,1355,1335,2690,20,6,28,화
2022-06-28,9호선,신반포,3760,3714,7474,46,6,28,화
2022-06-28,9호선,고속터미널,13251,16580,29831,-3329,6,28,화
2022-06-28,9호선,사평,4142,4014,8156,128,6,28,화
2022-06-28,9호선,신논현,32665,32323,64988,342,6,28,화
2022-06-28,9호선2~3단계,언주,11950,12265,24215,-315,6,28,화
2022-06-28,9호선2~3단계,선정릉,11248,12233,23481,-985,6,28,화
2022-06-28,9호선2~3단계,삼성중앙,8361,8633,16994,-272,6,28,화
2022-06-28,9호선2~3단계,봉은사,18814,19337,38151,-523,6,28,화
2022-06-28,9호선2~3단계,종합운동장,4483,4594,9077,-111,6,28,화
2022-06-28,9호선2~3단계,삼전,7367,7206,14573,161,6,28,화
2022-06-28,9호선2~3단계,석촌고분,6589,6559,13148,30,6,28,화
2022-06-28,9호선2~3단계,석촌,9026,7945,16971,1081,6,28,화
2022-06-28,9호선2~3단계,송파나루,5446,5792,11238,-346,6,28,화
2022-06-28,9호선2~3단계,한성백제,2808,2582,5390,226,6,28,화
2022-06-28,9호선2~3단계,올림픽공원(한국체대),6342,6251,12593,91,6,28,화
2022-06-28,9호선2~3단계,둔촌오륜,1280,1167,2447,113,6,28,화
2022-06-28,9호선2~3단계,중앙보훈병원,12142,10795,22937,1347,6,28,화
2022-06-28,경강선,판교,5459,5388,10847,71,6,28,화
2022-06-28,경강선,이매,1239,1047,2286,192,6,28,화
2022-06-28,경강선,삼동,2671,2524,5195,147,6,28,화
2022-06-28,경강선,경기광주,8270,7754,16024,516,6,28,화
2022-06-28,경강선,초월,3415,3291,6706,124,6,28,화
2022-06-28,경강선,곤지암,2221,2253,4474,-32,6,28,화
2022-06-28,경강선,신둔도예촌,1599,1491,3090,108,6,28,화
2022-06-28,경강선,이천,2608,2639,5247,-31,6,28,화
2022-06-28,경강선,부발,2024,2018,4042,6,6,28,화
2022-06-28,경강선,세종대왕릉,364,351,715,13,6,28,화
2022-06-28,경강선,여주,2134,2154,4288,-20,6,28,화
2022-06-28,경부선,서울역,7722,2336,10058,5386,6,28,화
2022-06-28,경부선,남영,10015,10277,20292,-262,6,28,화
2022-06-28,경부선,용산,36243,37226,73469,-983,6,28,화
2022-06-28,경부선,노량진,7625,7646,15271,-21,6,28,화
2022-06-28,경부선,대방,11865,12897,24762,-1032,6,28,화
2022-06-28,경부선,영등포,38217,39365,77582,-1148,6,28,화
2022-06-28,경부선,신도림,4129,4344,8473,-215,6,28,화
2022-06-28,경부선,신길,9423,8279,17702,1144,6,28,화
2022-06-28,경부선,구로,19027,19656,38683,-629,6,28,화
2022-06-28,경부선,가산디지털단지,19597,22404,42001,-2807,6,28,화
2022-06-28,경부선,금천구청,11867,11804,23671,63,6,28,화
2022-06-28,경부선,석수,9654,8725,18379,929,6,28,화
2022-06-28,경부선,관악,7472,7141,14613,331,6,28,화
2022-06-28,경부선,안양,22147,21815,43962,332,6,28,화
2022-06-28,경부선,명학,9640,9490,19130,150,6,28,화
2022-06-28,경부선,금정,27708,28117,55825,-409,6,28,화
2022-06-28,경부선,군포,7825,7809,15634,16,6,28,화
2022-06-28,경부선,의왕,9232,9154,18386,78,6,28,화
2022-06-28,경부선,성균관대,14322,14196,28518,126,6,28,화
2022-06-28,경부선,화서,8640,8255,16895,385,6,28,화
2022-06-28,경부선,수원,32954,35067,68021,-2113,6,28,화
2022-06-28,경부선,독산,19832,20537,40369,-705,6,28,화
2022-06-28,경부선,세류,3277,2852,6129,425,6,28,화
2022-06-28,경부선,병점,14421,14242,28663,179,6,28,화
2022-06-28,경부선,세마,2981,2853,5834,128,6,28,화
2022-06-28,경부선,오산대,3555,3338,6893,217,6,28,화
2022-06-28,경부선,오산,9768,9588,19356,180,6,28,화
2022-06-28,경부선,진위,1896,1664,3560,232,6,28,화
2022-06-28,경부선,송탄,4183,4197,8380,-14,6,28,화
2022-06-28,경부선,서정리,6936,6406,13342,530,6,28,화
2022-06-28,경부선,평택지제,3722,3755,7477,-33,6,28,화
2022-06-28,경부선,평택,11189,10906,22095,283,6,28,화
2022-06-28,경부선,성환,3461,3373,6834,88,6,28,화
2022-06-28,경부선,직산,857,866,1723,-9,6,28,화
2022-06-28,경부선,두정,5374,5385,10759,-11,6,28,화
2022-06-28,경부선,천안,5005,5260,10265,-255,6,28,화
2022-06-28,경부선,당정,6724,6254,12978,470,6,28,화
2022-06-28,경부선,서동탄,1502,1260,2762,242,6,28,화
2022-06-28,경부선,광명,3637,3163,6800,474,6,28,화
2022-06-28,경원선,이촌(국립중앙박물관),3927,3136,7063,791,6,28,화
2022-06-28,경원선,서빙고,2131,2057,4188,74,6,28,화
2022-06-28,경원선,한남,4260,4010,8270,250,6,28,화
2022-06-28,경원선,옥수,58,40,98,18,6,28,화
2022-06-28,경원선,응봉,1957,1618,3575,339,6,28,화
2022-06-28,경원선,왕십리(성동구청),15170,16610,31780,-1440,6,28,화
2022-06-28,경원선,청량리(서울시립대입구),15044,15597,30641,-553,6,28,화
2022-06-28,경원선,외대앞,7663,7562,15225,101,6,28,화
2022-06-28,경원선,신이문,8467,7887,16354,580,6,28,화
2022-06-28,경원선,석계,8027,9024,17051,-997,6,28,화
2022-06-28,경원선,광운대,7779,7465,15244,314,6,28,화
2022-06-28,경원선,월계,6647,6522,13169,125,6,28,화
2022-06-28,경원선,녹천,4900,4073,8973,827,6,28,화
2022-06-28,경원선,방학,10136,9933,20069,203,6,28,화
2022-06-28,경원선,도봉,6132,5936,12068,196,6,28,화
2022-06-28,경원선,도봉산,6705,4175,10880,2530,6,28,화
2022-06-28,경원선,망월사,7604,7765,15369,-161,6,28,화
2022-06-28,경원선,회룡,12773,12493,25266,280,6,28,화
2022-06-28,경원선,의정부,17363,17933,35296,-570,6,28,화
2022-06-28,경원선,가능,6913,6654,13567,259,6,28,화
2022-06-28,경원선,녹양,4600,4289,8889,311,6,28,화
2022-06-28,경원선,양주,7506,6926,14432,580,6,28,화
2022-06-28,경원선,덕계,3238,2921,6159,317,6,28,화
2022-06-28,경원선,덕정,5407,5323,10730,84,6,28,화
2022-06-28,경원선,지행,6410,6368,12778,42,6,28,화
2022-06-28,경원선,동두천중앙,3092,2971,6063,121,6,28,화
2022-06-28,경원선,보산,1556,1458,3014,98,6,28,화
2022-06-28,경원선,동두천,2108,2253,4361,-145,6,28,화
2022-06-28,경원선,소요산,1986,1689,3675,297,6,28,화
2022-06-28,경의선,서울역,4819,6105,10924,-1286,6,28,화
2022-06-28,경의선,신촌,925,1287,2212,-362,6,28,화
2022-06-28,경의선,효창공원앞,3146,3620,6766,-474,6,28,화
2022-06-28,경의선,공덕,3779,3339,7118,440,6,28,화
2022-06-28,경의선,서강대,2209,2203,4412,6,6,28,화
2022-06-28,경의선,홍대입구,1663,1984,3647,-321,6,28,화
2022-06-28,경의선,가좌,5800,5470,11270,330,6,28,화
2022-06-28,경의선,디지털미디어시티,2695,2533,5228,162,6,28,화
2022-06-28,경의선,수색,3197,3379,6576,-182,6,28,화
2022-06-28,경의선,화전,1774,1568,3342,206,6,28,화
2022-06-28,경의선,강매,3417,2946,6363,471,6,28,화
2022-06-28,경의선,행신,8377,8281,16658,96,6,28,화
2022-06-28,경의선,능곡,3813,3563,7376,250,6,28,화
2022-06-28,경의선,곡산,645,688,1333,-43,6,28,화
2022-06-28,경의선,백마,7256,7019,14275,237,6,28,화
2022-06-28,경의선,풍산,5791,5288,11079,503,6,28,화
2022-06-28,경의선,일산,10221,10108,20329,113,6,28,화
2022-06-28,경의선,탄현,8294,7802,16096,492,6,28,화
2022-06-28,경의선,야당,7938,7762,15700,176,6,28,화
2022-06-28,경의선,운정,7169,6704,13873,465,6,28,화
2022-06-28,경의선,금릉,4918,4823,9741,95,6,28,화
2022-06-28,경의선,금촌,6468,6342,12810,126,6,28,화
2022-06-28,경의선,월롱,2747,2569,5316,178,6,28,화
2022-06-28,경의선,파주,1279,794,2073,485,6,28,화
2022-06-28,경의선,문산,5156,4994,10150,162,6,28,화
2022-06-28,경의선,임진강,8,9,17,-1,6,28,화
2022-06-28,경인선,개봉,21742,21234,42976,508,6,28,화
2022-06-28,경인선,오류동,12138,11244,23382,894,6,28,화
2022-06-28,경인선,역곡,27525,27200,54725,325,6,28,화
2022-06-28,경인선,부천,31221,31251,62472,-30,6,28,화
2022-06-28,경인선,송내,28182,28069,56251,113,6,28,화
2022-06-28,경인선,부평,27814,29113,56927,-1299,6,28,화
2022-06-28,경인선,백운,7067,6929,13996,138,6,28,화
2022-06-28,경인선,동암,15348,15330,30678,18,6,28,화
2022-06-28,경인선,주안,18863,16908,35771,1955,6,28,화
2022-06-28,경인선,제물포,10625,10138,20763,487,6,28,화
2022-06-28,경인선,동인천,13276,12663,25939,613,6,28,화
2022-06-28,경인선,인천,3231,2518,5749,713,6,28,화
2022-06-28,경인선,구일,9761,10130,19891,-369,6,28,화
2022-06-28,경인선,소사,8671,8349,17020,322,6,28,화
2022-06-28,경인선,부개,9023,8312,17335,711,6,28,화
2022-06-28,경인선,간석,6133,5793,11926,340,6,28,화
2022-06-28,경인선,도원,3618,3620,7238,-2,6,28,화
2022-06-28,경인선,온수(성공회대입구),7056,6790,13846,266,6,28,화
2022-06-28,경인선,중동,9837,9101,18938,736,6,28,화
2022-06-28,경인선,도화,4241,3939,8180,302,6,28,화
2022-06-28,경춘선,신내,2459,2272,4731,187,6,28,화
2022-06-28,경춘선,갈매,3210,2778,5988,432,6,28,화
2022-06-28,경춘선,별내,3298,3086,6384,212,6,28,화
2022-06-28,경춘선,퇴계원,3586,3301,6887,285,6,28,화
2022-06-28,경춘선,사릉,2419,2354,4773,65,6,28,화
2022-06-28,경춘선,금곡,1611,1579,3190,32,6,28,화
2022-06-28,경춘선,평내호평,6360,6283,12643,77,6,28,화
2022-06-28,경춘선,천마산,1764,1626,3390,138,6,28,화
2022-06-28,경춘선,마석,4157,4109,8266,48,6,28,화
2022-06-28,경춘선,대성리,1548,1177,2725,371,6,28,화
2022-06-28,경춘선,청평,2017,1800,3817,217,6,28,화
2022-06-28,경춘선,상천,251,237,488,14,6,28,화
2022-06-28,경춘선,가평,2848,2260,5108,588,6,28,화
2022-06-28,경춘선,굴봉산,127,105,232,22,6,28,화
2022-06-28,경춘선,백양리,100,54,154,46,6,28,화
2022-06-28,경춘선,강촌,510,421,931,89,6,28,화
2022-06-28,경춘선,김유정,245,279,524,-34,6,28,화
2022-06-28,경춘선,남춘천,2395,2410,4805,-15,6,28,화
2022-06-28,경춘선,춘천,1159,1113,2272,46,6,28,화
2022-06-28,공항철도 1호선,서울역,10073,11632,21705,-1559,6,28,화
2022-06-28,공항철도 1호선,공덕,2559,3245,5804,-686,6,28,화
2022-06-28,공항철도 1호선,홍대입구,10077,10212,20289,-135,6,28,화
2022-06-28,공항철도 1호선,디지털미디어시티,16189,14979,31168,1210,6,28,화
2022-06-28,공항철도 1호선,마곡나루(서울식물원),10285,9934,20219,351,6,28,화
2022-06-28,공항철도 1호선,김포공항,13237,6696,19933,6541,6,28,화
2022-06-28,공항철도 1호선,계양,11370,10821,22191,549,6,28,화
2022-06-28,공항철도 1호선,검암,6860,6795,13655,65,6,28,화
2022-06-28,공항철도 1호선,청라국제도시,7635,7115,14750,520,6,28,화
2022-06-28,공항철도 1호선,운서,7608,7549,15157,59,6,28,화
2022-06-28,공항철도 1호선,공항화물청사,2377,2613,4990,-236,6,28,화
2022-06-28,공항철도 1호선,인천공항1터미널,6614,6564,13178,50,6,28,화
2022-06-28,공항철도 1호선,인천공항2터미널,3099,3159,6258,-60,6,28,화
2022-06-28,공항철도 1호선,영종,3248,3159,6407,89,6,28,화
2022-06-28,과천선,선바위,8357,7433,15790,924,6,28,화
2022-06-28,과천선,경마공원,1611,1559,3170,52,6,28,화
2022-06-28,과천선,대공원,2022,2138,4160,-116,6,28,화
2022-06-28,과천선,과천,6814,6290,13104,524,6,28,화
2022-06-28,과천선,정부과천청사,11720,11579,23299,141,6,28,화
2022-06-28,과천선,인덕원,25249,26056,51305,-807,6,28,화
2022-06-28,과천선,평촌,19134,18838,37972,296,6,28,화
2022-06-28,과천선,범계,26725,26705,53430,20,6,28,화
2022-06-28,분당선,선릉,15180,23010,38190,-7830,6,28,화
2022-06-28,분당선,한티,15540,16628,32168,-1088,6,28,화
2022-06-28,분당선,도곡,7802,7810,15612,-8,6,28,화
2022-06-28,분당선,구룡,2431,2314,4745,117,6,28,화
2022-06-28,분당선,개포동,4228,4275,8503,-47,6,28,화
2022-06-28,분당선,대모산입구,4837,4475,9312,362,6,28,화
2022-06-28,분당선,수서,14642,14856,29498,-214,6,28,화
2022-06-28,분당선,복정,1,0,1,1,6,28,화
2022-06-28,분당선,수원,7811,6600,14411,1211,6,28,화
2022-06-28,분당선,서울숲,11659,11995,23654,-336,6,28,화
2022-06-28,분당선,압구정로데오,19780,21758,41538,-1978,6,28,화
2022-06-28,분당선,강남구청,10410,12112,22522,-1702,6,28,화
2022-06-28,분당선,선정릉,8714,9375,18089,-661,6,28,화
2022-06-28,분당선,가천대,7622,8552,16174,-930,6,28,화
2022-06-28,분당선,태평,13819,13131,26950,688,6,28,화
2022-06-28,분당선,모란,20155,19480,39635,675,6,28,화
2022-06-28,분당선,야탑,26952,28080,55032,-1128,6,28,화
2022-06-28,분당선,서현,25315,25723,51038,-408,6,28,화
2022-06-28,분당선,수내,14758,14806,29564,-48,6,28,화
2022-06-28,분당선,정자,19580,20684,40264,-1104,6,28,화
2022-06-28,분당선,미금,16369,17151,33520,-782,6,28,화
2022-06-28,분당선,오리,12154,10083,22237,2071,6,28,화
2022-06-28,분당선,이매,6088,5633,11721,455,6,28,화
2022-06-28,분당선,보정,2902,2490,5392,412,6,28,화
2022-06-28,분당선,죽전,13763,15087,28850,-1324,6,28,화
2022-06-28,분당선,구성,5341,5546,10887,-205,6,28,화
2022-06-28,분당선,신갈,4944,4890,9834,54,6,28,화
2022-06-28,분당선,기흥,10178,9704,19882,474,6,28,화
2022-06-28,분당선,상갈,5677,5459,11136,218,6,28,화
2022-06-28,분당선,청명,4601,4415,9016,186,6,28,화
2022-06-28,분당선,영통,8417,8536,16953,-119,6,28,화
2022-06-28,분당선,망포,15459,14500,29959,959,6,28,화
2022-06-28,분당선,매탄권선,5381,5204,10585,177,6,28,화
2022-06-28,분당선,수원시청,12926,14020,26946,-1094,6,28,화
2022-06-28,분당선,매교,3266,3241,6507,25,6,28,화
2022-06-28,수인선,고색,4742,4420,9162,322,6,28,화
2022-06-28,수인선,오목천,3044,2834,5878,210,6,28,화
2022-06-28,수인선,어천,776,804,1580,-28,6,28,화
2022-06-28,수인선,야목,429,308,737,121,6,28,화
2022-06-28,수인선,사리,4955,4298,9253,657,6,28,화
2022-06-28,수인선,달월,86,71,157,15,6,28,화
2022-06-28,수인선,월곶,2800,2555,5355,245,6,28,화
2022-06-28,수인선,소래포구,5021,4513,9534,508,6,28,화
2022-06-28,수인선,인천논현,5426,5723,11149,-297,6,28,화
2022-06-28,수인선,호구포,4234,4403,8637,-169,6,28,화
2022-06-28,수인선,남동인더스파크,2325,2743,5068,-418,6,28,화
2022-06-28,수인선,원인재,4287,4436,8723,-149,6,28,화
2022-06-28,수인선,연수,4539,4510,9049,29,6,28,화
2022-06-28,수인선,송도,2382,2201,4583,181,6,28,화
2022-06-28,수인선,인하대,5960,5668,11628,292,6,28,화
2022-06-28,수인선,숭의,3974,3730,7704,244,6,28,화
2022-06-28,수인선,신포,1928,1923,3851,5,6,28,화
2022-06-28,수인선,인천,960,1551,2511,-591,6,28,화
2022-06-28,신림선,샛강,2167,2539,4706,-372,6,28,화
2022-06-28,신림선,대방,1805,1367,3172,438,6,28,화
2022-06-28,신림선,서울지방병무청,2103,2268,4371,-165,6,28,화
2022-06-28,안산선,중앙,17781,18264,36045,-483,6,28,화
2022-06-28,안산선,고잔,9006,8616,17622,390,6,28,화
2022-06-28,안산선,초지,4813,4865,9678,-52,6,28,화
2022-06-28,안산선,안산,11884,10630,22514,1254,6,28,화
2022-06-28,안산선,신길온천,1843,1727,3570,116,6,28,화
2022-06-28,안산선,정왕,8038,8267,16305,-229,6,28,화
2022-06-28,안산선,오이도,8512,8021,16533,491,6,28,화
2022-06-28,안산선,수리산,4389,3545,7934,844,6,28,화
2022-06-28,우이신설선,북한산우이,2525,2204,4729,321,6,28,화
2022-06-28,우이신설선,솔밭공원,2646,2417,5063,229,6,28,화
2022-06-28,우이신설선,4.19민주묘지,2748,2626,5374,122,6,28,화
2022-06-28,1호선,서울역,48231,47227,95458,1004,6,28,화
2022-06-28,1호선,시청,24583,24903,49486,-320,6,28,화
2022-06-28,1호선,종각,38697,38025,76722,672,6,28,화
2022-06-28,1호선,종로3가,24977,22889,47866,2088,6,28,화
2022-06-28,1호선,종로5가,23326,22994,46320,332,6,28,화
2022-06-28,1호선,동대문,10621,9921,20542,700,6,28,화
2022-06-28,1호선,신설동,13747,13306,27053,441,6,28,화
2022-06-28,1호선,제기동,16250,16370,32620,-120,6,28,화
2022-06-28,1호선,청량리(서울시립대입구),19037,18836,37873,201,6,28,화
2022-06-28,중앙선,팔당,797,791,1588,6,6,28,화
2022-06-28,중앙선,운길산,788,747,1535,41,6,28,화
2022-06-28,중앙선,양수,1979,1979,3958,0,6,28,화
2022-06-28,중앙선,신원,213,179,392,34,6,28,화
2022-06-28,중앙선,국수,771,768,1539,3,6,28,화
2022-06-28,중앙선,아신,582,597,1179,-15,6,28,화
2022-06-28,중앙선,오빈,300,317,617,-17,6,28,화
2022-06-28,중앙선,양평,3410,3337,6747,73,6,28,화
2022-06-28,중앙선,원덕,378,352,730,26,6,28,화
2022-06-28,중앙선,용문,1760,1674,3434,86,6,28,화
2022-06-28,중앙선,지평,64,80,144,-16,6,28,화
2022-06-28,1호선,동묘앞,6812,7266,14078,-454,6,28,화
2022-06-28,2호선,시청,25876,25178,51054,698,6,28,화
2022-06-28,2호선,을지로입구,43683,44835,88518,-1152,6,28,화
2022-06-28,2호선,을지로3가,24727,24909,49636,-182,6,28,화
2022-06-28,2호선,을지로4가,14042,13950,27992,92,6,28,화
2022-06-28,2호선,동대문역사문화공원(DDP),12223,13976,26199,-1753,6,28,화
2022-06-28,2호선,신당,14313,14679,28992,-366,6,28,화
2022-06-28,2호선,상왕십리,14956,14646,29602,310,6,28,화
2022-06-28,2호선,왕십리(성동구청),16851,14093,30944,2758,6,28,화
2022-06-28,2호선,한양대,9766,10498,20264,-732,6,28,화
2022-06-28,2호선,뚝섬,23143,25059,48202,-1916,6,28,화
2022-06-28,2호선,성수,39956,43142,83098,-3186,6,28,화
2022-06-28,2호선,건대입구,34642,37298,71940,-2656,6,28,화
2022-06-28,2호선,구의(광진구청),24620,24266,48886,354,6,28,화
2022-06-28,2호선,강변(동서울터미널),30904,29300,60204,1604,6,28,화
2022-06-28,2호선,잠실나루,15928,15638,31566,290,6,28,화
2022-06-28,우이신설선,가오리,4249,4212,8461,37,6,28,화
2022-06-28,2호선,잠실(송파구청),71870,71749,143619,121,6,28,화
2022-06-28,2호선,잠실새내,22120,22023,44143,97,6,28,화
2022-06-28,2호선,종합운동장,9254,10092,19346,-838,6,28,화
2022-06-28,2호선,삼성(무역센터),58405,59543,117948,-1138,6,28,화
2022-06-28,2호선,선릉,62970,55643,118613,7327,6,28,화
2022-06-28,2호선,역삼,59125,66585,125710,-7460,6,28,화
2022-06-28,2호선,강남,88231,85912,174143,2319,6,28,화
2022-06-28,2호선,교대(법원.검찰청),36862,41665,78527,-4803,6,28,화
2022-06-28,2호선,서초,23249,22992,46241,257,6,28,화
2022-06-28,2호선,방배,17368,18285,35653,-917,6,28,화
2022-06-28,2호선,사당,39582,43444,83026,-3862,6,28,화
2022-06-28,2호선,낙성대(강감찬),28725,28140,56865,585,6,28,화
2022-06-28,2호선,서울대입구(관악구청),48366,47407,95773,959,6,28,화
2022-06-28,2호선,봉천,25261,23507,48768,1754,6,28,화
2022-06-28,2호선,신림,60208,57998,118206,2210,6,28,화
2022-06-28,안산선,한대앞,9240,9305,18545,-65,6,28,화
2022-06-28,안산선,상록수,15727,16062,31789,-335,6,28,화
2022-06-28,안산선,반월,4543,4382,8925,161,6,28,화
2022-06-28,안산선,대야미,5144,4571,9715,573,6,28,화
2022-06-28,안산선,산본,16298,17534,33832,-1236,6,28,화
2022-06-28,신림선,관악산(서울대),2093,2090,4183,3,6,28,화
2022-06-28,신림선,서울대벤처타운,6113,6405,12518,-292,6,28,화
2022-06-28,신림선,서원,2580,2448,5028,132,6,28,화
2022-06-28,신림선,신림,1591,2077,3668,-486,6,28,화
2022-06-28,신림선,당곡,3434,3444,6878,-10,6,28,화
2022-06-28,신림선,보라매병원,6506,6656,13162,-150,6,28,화
2022-06-28,신림선,보라매공원,1531,1712,3243,-181,6,28,화
2022-06-28,신림선,보라매,2600,2423,5023,177,6,28,화
2022-06-28,우이신설선,화계,3426,3249,6675,177,6,28,화
2022-06-28,우이신설선,삼양,1956,2101,4057,-145,6,28,화
2022-06-28,우이신설선,삼양사거리,2471,2463,4934,8,6,28,화
2022-06-28,2호선,신대방,26163,25629,51792,534,6,28,화
2022-06-28,2호선,구로디지털단지,63122,63165,126287,-43,6,28,화
2022-06-28,2호선,대림(구로구청),24590,25158,49748,-568,6,28,화
2022-06-28,2호선,신도림,47923,47576,95499,347,6,28,화
2022-06-28,2호선,문래,23700,24092,47792,-392,6,28,화
2022-06-28,2호선,영등포구청,23471,24207,47678,-736,6,28,화
2022-06-28,2호선,당산,18850,22151,41001,-3301,6,28,화
2022-06-28,2호선,합정,30879,32812,63691,-1933,6,28,화
2022-06-28,2호선,홍대입구,55269,58328,113597,-3059,6,28,화
2022-06-28,2호선,신촌,36070,36657,72727,-587,6,28,화
2022-06-28,우이신설선,솔샘,6037,5753,11790,284,6,28,화
2022-06-28,우이신설선,북한산보국문,6028,5828,11856,200,6,28,화
2022-06-28,우이신설선,정릉,4836,4463,9299,373,6,28,화
2022-06-28,우이신설선,성신여대입구(돈암),3333,3571,6904,-238,6,28,화
2022-06-28,우이신설선,보문,1527,1583,3110,-56,6,28,화
2022-06-28,우이신설선,신설동,2219,2167,4386,52,6,28,화
2022-06-28,일산선,원흥,11485,10824,22309,661,6,28,화
2022-06-28,일산선,지축,1,0,1,1,6,28,화
2022-06-28,일산선,삼송,20165,19322,39487,843,6,28,화
2022-06-28,일산선,원당,11207,10556,21763,651,6,28,화
2022-06-28,일산선,화정,17041,17281,34322,-240,6,28,화
2022-06-28,일산선,대곡,2176,1736,3912,440,6,28,화
2022-06-28,일산선,백석,9728,9728,19456,0,6,28,화
2022-06-28,일산선,마두,7571,7800,15371,-229,6,28,화
2022-06-28,일산선,정발산,7039,7012,14051,27,6,28,화
2022-06-28,일산선,주엽,9327,9446,18773,-119,6,28,화
2022-06-28,일산선,대화,13303,10363,23666,2940,6,28,화
2022-06-28,장항선,봉명,1305,1288,2593,17,6,28,화
2022-06-28,장항선,쌍용(나사렛대),2160,1946,4106,214,6,28,화
2022-06-28,장항선,아산,2973,2777,5750,196,6,28,화
2022-06-28,장항선,탕정,917,846,1763,71,6,28,화
2022-06-28,장항선,배방,1131,1075,2206,56,6,28,화
2022-06-28,장항선,온양온천,3471,3567,7038,-96,6,28,화
2022-06-28,장항선,신창(순천향대),1308,1300,2608,8,6,28,화
2022-06-28,중앙선,회기,25529,24673,50202,856,6,28,화
2022-06-28,중앙선,중랑,5775,5494,11269,281,6,28,화
2022-06-28,중앙선,상봉(시외버스터미널),5926,5963,11889,-37,6,28,화
2022-06-28,중앙선,망우,7713,7590,15303,123,6,28,화
2022-06-28,중앙선,양원,3232,3073,6305,159,6,28,화
2022-06-28,중앙선,구리,13635,13759,27394,-124,6,28,화
2022-06-28,중앙선,도농,11843,10772,22615,1071,6,28,화
2022-06-28,중앙선,양정,764,603,1367,161,6,28,화
2022-06-28,중앙선,덕소,5678,5623,11301,55,6,28,화
2022-06-28,중앙선,도심,2679,2081,4760,598,6,28,화
2022-06-29,일산선,대곡,2182,1723,3905,459,6,29,수
2022-06-29,중앙선,지평,71,63,134,8,6,29,수
2022-06-29,중앙선,용문,1535,1574,3109,-39,6,29,수
2022-06-29,중앙선,원덕,361,349,710,12,6,29,수
2022-06-29,중앙선,양평,2680,2678,5358,2,6,29,수
2022-06-29,중앙선,오빈,299,314,613,-15,6,29,수
2022-06-29,중앙선,아신,550,553,1103,-3,6,29,수
2022-06-29,중앙선,국수,740,719,1459,21,6,29,수
2022-06-29,중앙선,신원,188,176,364,12,6,29,수
2022-06-29,6호선,응암,18158,18090,36248,68,6,29,수
2022-06-29,1호선,서울역,48258,46324,94582,1934,6,29,수
2022-06-29,1호선,시청,25294,25090,50384,204,6,29,수
2022-06-29,1호선,종각,40295,39014,79309,1281,6,29,수
2022-06-29,1호선,종로3가,24550,22601,47151,1949,6,29,수
2022-06-29,1호선,종로5가,23236,23072,46308,164,6,29,수
2022-06-29,1호선,동대문,10557,9977,20534,580,6,29,수
2022-06-29,1호선,신설동,13910,13635,27545,275,6,29,수
2022-06-29,1호선,제기동,15404,15447,30851,-43,6,29,수
2022-06-29,1호선,청량리(서울시립대입구),18578,18281,36859,297,6,29,수
2022-06-29,1호선,동묘앞,6739,7059,13798,-320,6,29,수
2022-06-29,2호선,시청,26275,24950,51225,1325,6,29,수
2022-06-29,2호선,을지로입구,44162,45387,89549,-1225,6,29,수
2022-06-29,2호선,을지로3가,25613,25146,50759,467,6,29,수
2022-06-29,2호선,을지로4가,13798,13660,27458,138,6,29,수
2022-06-29,2호선,동대문역사문화공원(DDP),12956,14725,27681,-1769,6,29,수
2022-06-29,2호선,신당,14437,14798,29235,-361,6,29,수
2022-06-29,2호선,상왕십리,15072,14806,29878,266,6,29,수
2022-06-29,2호선,왕십리(성동구청),17309,14249,31558,3060,6,29,수
2022-06-29,2호선,한양대,9583,10211,19794,-628,6,29,수
2022-06-29,2호선,뚝섬,23513,25223,48736,-1710,6,29,수
2022-06-29,2호선,성수,40611,43614,84225,-3003,6,29,수
2022-06-29,2호선,건대입구,35147,37754,72901,-2607,6,29,수
2022-06-29,2호선,구의(광진구청),24766,24445,49211,321,6,29,수
2022-06-29,2호선,강변(동서울터미널),31340,29591,60931,1749,6,29,수
2022-06-29,2호선,잠실나루,15384,15147,30531,237,6,29,수
2022-06-29,2호선,잠실(송파구청),72504,72592,145096,-88,6,29,수
2022-06-29,2호선,잠실새내,22425,22272,44697,153,6,29,수
2022-06-29,2호선,종합운동장,8563,9305,17868,-742,6,29,수
2022-06-29,2호선,삼성(무역센터),61858,62047,123905,-189,6,29,수
2022-06-29,2호선,선릉,62306,54935,117241,7371,6,29,수
2022-06-29,2호선,역삼,60112,66008,126120,-5896,6,29,수
2022-06-29,2호선,강남,86791,84588,171379,2203,6,29,수
2022-06-29,2호선,교대(법원.검찰청),35841,40349,76190,-4508,6,29,수
2022-06-29,2호선,서초,23307,22441,45748,866,6,29,수
2022-06-29,2호선,방배,17291,18069,35360,-778,6,29,수
2022-06-29,2호선,사당,39045,42079,81124,-3034,6,29,수
2022-06-29,2호선,낙성대(강감찬),28575,27952,56527,623,6,29,수
2022-06-29,2호선,서울대입구(관악구청),48576,47480,96056,1096,6,29,수
2022-06-29,2호선,봉천,24859,23293,48152,1566,6,29,수
2022-06-29,2호선,신림,59799,57596,117395,2203,6,29,수
2022-06-29,2호선,신대방,26572,26130,52702,442,6,29,수
2022-06-29,2호선,구로디지털단지,62887,62765,125652,122,6,29,수
2022-06-29,2호선,대림(구로구청),24437,25009,49446,-572,6,29,수
2022-06-29,2호선,신도림,49672,49483,99155,189,6,29,수
2022-06-29,2호선,문래,23740,24095,47835,-355,6,29,수
2022-06-29,2호선,영등포구청,23449,23891,47340,-442,6,29,수
2022-06-29,2호선,당산,18872,22436,41308,-3564,6,29,수
2022-06-29,2호선,합정,31620,33637,65257,-2017,6,29,수
2022-06-29,2호선,홍대입구,56317,59522,115839,-3205,6,29,수
2022-06-29,2호선,신촌,37010,37256,74266,-246,6,29,수
2022-06-29,2호선,이대,14379,15657,30036,-1278,6,29,수
2022-06-29,2호선,아현,10930,10443,21373,487,6,29,수
2022-06-29,2호선,충정로(경기대입구),10826,11500,22326,-674,6,29,수
2022-06-29,2호선,용답,2882,2872,5754,10,6,29,수
2022-06-29,2호선,신답,1770,2065,3835,-295,6,29,수
2022-06-29,2호선,신설동,3429,3418,6847,11,6,29,수
2022-06-29,2호선,도림천,1474,1591,3065,-117,6,29,수
2022-06-29,2호선,양천구청,7188,7544,14732,-356,6,29,수
2022-06-29,2호선,신정네거리,10613,11061,21674,-448,6,29,수
2022-06-29,2호선,용두(동대문구청),2346,2402,4748,-56,6,29,수
2022-06-29,3호선,지축,5299,4906,10205,393,6,29,수
2022-06-29,3호선,구파발,21568,20955,42523,613,6,29,수
2022-06-29,3호선,연신내,36225,34196,70421,2029,6,29,수
2022-06-29,3호선,불광,16394,17379,33773,-985,6,29,수
2022-06-29,3호선,녹번,16192,14704,30896,1488,6,29,수
2022-06-29,3호선,홍제,17917,17017,34934,900,6,29,수
2022-06-29,3호선,무악재,4114,4151,8265,-37,6,29,수
2022-06-29,3호선,독립문,7236,7439,14675,-203,6,29,수
2022-06-29,3호선,경복궁(정부서울청사),22520,22834,45354,-314,6,29,수
2022-06-29,3호선,안국,24387,24347,48734,40,6,29,수
2022-06-29,3호선,종로3가,10767,11954,22721,-1187,6,29,수
2022-06-29,3호선,을지로3가,11618,11650,23268,-32,6,29,수
2022-06-29,3호선,충무로,1,0,1,1,6,29,수
2022-06-29,3호선,동대입구,7761,8147,15908,-386,6,29,수
2022-06-29,3호선,약수,13548,13070,26618,478,6,29,수
2022-06-29,3호선,금호,8412,7772,16184,640,6,29,수
2022-06-29,3호선,옥수,9174,9660,18834,-486,6,29,수
2022-06-29,3호선,압구정,34116,36217,70333,-2101,6,29,수
2022-06-29,3호선,신사,29627,31095,60722,-1468,6,29,수
2022-06-29,3호선,잠원,5026,4946,9972,80,6,29,수
2022-06-29,3호선,고속터미널,41937,39528,81465,2409,6,29,수
2022-06-29,3호선,교대(법원.검찰청),15423,10013,25436,5410,6,29,수
2022-06-29,3호선,남부터미널(예술의전당),30096,30877,60973,-781,6,29,수
2022-06-29,3호선,양재(서초구청),40420,43643,84063,-3223,6,29,수
2022-06-29,3호선,매봉,13653,12989,26642,664,6,29,수
2022-06-29,3호선,도곡,5692,5808,11500,-116,6,29,수
2022-06-29,3호선,대치,11448,11564,23012,-116,6,29,수
2022-06-29,3호선,학여울,1895,1916,3811,-21,6,29,수
2022-06-29,3호선,대청,10887,10072,20959,815,6,29,수
2022-06-29,3호선,일원,11303,11005,22308,298,6,29,수
2022-06-29,3호선,수서,17845,18213,36058,-368,6,29,수
2022-06-29,3호선,가락시장,9266,8983,18249,283,6,29,수
2022-06-29,3호선,경찰병원,7930,8018,15948,-88,6,29,수
2022-06-29,3호선,오금,6551,5847,12398,704,6,29,수
2022-06-29,4호선,당고개,9052,8018,17070,1034,6,29,수
2022-06-29,4호선,상계,19757,18447,38204,1310,6,29,수
2022-06-29,4호선,노원,18833,21306,40139,-2473,6,29,수
2022-06-29,4호선,창동,25774,27257,53031,-1483,6,29,수
2022-06-29,4호선,쌍문,29430,27473,56903,1957,6,29,수
2022-06-29,4호선,수유(강북구청),33997,34205,68202,-208,6,29,수
2022-06-29,4호선,미아(서울사이버대학),15531,14902,30433,629,6,29,수
2022-06-29,4호선,미아사거리,27744,27176,54920,568,6,29,수
2022-06-29,4호선,길음,21558,21460,43018,98,6,29,수
2022-06-29,4호선,성신여대입구(돈암),20258,19673,39931,585,6,29,수
2022-06-29,4호선,한성대입구(삼선교),13820,13655,27475,165,6,29,수
2022-06-29,4호선,혜화,35948,35805,71753,143,6,29,수
2022-06-29,4호선,동대문,19721,20047,39768,-326,6,29,수
2022-06-29,4호선,동대문역사문화공원(DDP),15745,14302,30047,1443,6,29,수
2022-06-29,4호선,충무로,27886,28917,56803,-1031,6,29,수
2022-06-29,4호선,명동,20223,20930,41153,-707,6,29,수
2022-06-29,4호선,회현(남대문시장),24677,25712,50389,-1035,6,29,수
2022-06-29,4호선,서울역,12527,18589,31116,-6062,6,29,수
2022-06-29,4호선,숙대입구(갈월),14201,13686,27887,515,6,29,수
2022-06-29,4호선,삼각지,5585,6129,11714,-544,6,29,수
2022-06-29,4호선,신용산,18844,19745,38589,-901,6,29,수
2022-06-29,4호선,이촌(국립중앙박물관),9706,10686,20392,-980,6,29,수
2022-06-29,4호선,동작(현충원),1155,1288,2443,-133,6,29,수
2022-06-29,4호선,총신대입구(이수),19492,20878,40370,-1386,6,29,수
2022-06-29,4호선,사당,26096,22150,48246,3946,6,29,수
2022-06-29,4호선,남태령,1344,1210,2554,134,6,29,수
2022-06-29,5호선,방화,7031,6878,13909,153,6,29,수
2022-06-29,5호선,개화산,6023,5697,11720,326,6,29,수
2022-06-29,5호선,김포공항,7389,7249,14638,140,6,29,수
2022-06-29,5호선,송정,6685,6220,12905,465,6,29,수
2022-06-29,5호선,마곡,11561,11559,23120,2,6,29,수
2022-06-29,5호선,발산,22168,22650,44818,-482,6,29,수
2022-06-29,5호선,우장산,15410,15067,30477,343,6,29,수
2022-06-29,5호선,화곡,29747,27675,57422,2072,6,29,수
2022-06-29,5호선,까치산,29905,28740,58645,1165,6,29,수
2022-06-29,5호선,신정(은행정),14918,12227,27145,2691,6,29,수
2022-06-29,5호선,목동,17556,18852,36408,-1296,6,29,수
2022-06-29,5호선,오목교(목동운동장앞),22678,24076,46754,-1398,6,29,수
2022-06-29,5호선,양평,8008,8109,16117,-101,6,29,수
2022-06-29,5호선,영등포구청,4221,4389,8610,-168,6,29,수
2022-06-29,5호선,영등포시장,10700,11189,21889,-489,6,29,수
2022-06-29,5호선,신길,4467,4957,9424,-490,6,29,수
2022-06-29,5호선,여의도,32775,33370,66145,-595,6,29,수
2022-06-29,5호선,여의나루,9357,11160,20517,-1803,6,29,수
2022-06-29,5호선,마포,15803,15936,31739,-133,6,29,수
2022-06-29,5호선,공덕,15707,16615,32322,-908,6,29,수
2022-06-29,5호선,애오개,7283,7392,14675,-109,6,29,수
2022-06-29,5호선,충정로(경기대입구),4783,4905,9688,-122,6,29,수
2022-06-29,5호선,서대문,21589,21589,43178,0,6,29,수
2022-06-29,5호선,광화문(세종문화회관),34560,35980,70540,-1420,6,29,수
2022-06-29,5호선,종로3가,12984,12626,25610,358,6,29,수
2022-06-29,5호선,을지로4가,6301,6535,12836,-234,6,29,수
2022-06-29,5호선,동대문역사문화공원(DDP),3245,3740,6985,-495,6,29,수
2022-06-29,5호선,청구,4140,3878,8018,262,6,29,수
2022-06-29,5호선,신금호,7110,7294,14404,-184,6,29,수
2022-06-29,5호선,행당,8607,7870,16477,737,6,29,수
2022-06-29,5호선,왕십리(성동구청),4838,5494,10332,-656,6,29,수
2022-06-29,5호선,마장,5675,5454,11129,221,6,29,수
2022-06-29,5호선,답십리,16665,15027,31692,1638,6,29,수
2022-06-29,5호선,장한평,19631,19768,39399,-137,6,29,수
2022-06-29,5호선,군자(능동),11569,12751,24320,-1182,6,29,수
2022-06-29,5호선,아차산(어린이대공원후문),14645,14238,28883,407,6,29,수
2022-06-29,5호선,광나루(장신대),14051,12893,26944,1158,6,29,수
2022-06-29,5호선,천호(풍납토성),18531,18508,37039,23,6,29,수
2022-06-29,5호선,강동,19298,18866,38164,432,6,29,수
2022-06-29,5호선,길동,8416,8702,17118,-286,6,29,수
2022-06-29,5호선,굽은다리(강동구민회관앞),10115,9794,19909,321,6,29,수
2022-06-29,5호선,명일,9079,9739,18818,-660,6,29,수
2022-06-29,5호선,고덕,10214,10006,20220,208,6,29,수
2022-06-29,5호선,상일동,15820,14695,30515,1125,6,29,수
2022-06-29,5호선,둔촌동,8370,8505,16875,-135,6,29,수
2022-06-29,5호선,올림픽공원(한국체대),4460,3747,8207,713,6,29,수
2022-06-29,5호선,방이,7584,7843,15427,-259,6,29,수
2022-06-29,5호선,오금,4045,4122,8167,-77,6,29,수
2022-06-29,5호선,개롱,6913,7213,14126,-300,6,29,수
2022-06-29,5호선,거여,10941,10566,21507,375,6,29,수
2022-06-29,5호선,마천,7610,7210,14820,400,6,29,수
2022-06-29,5호선,강일,4659,4456,9115,203,6,29,수
2022-06-29,5호선,미사,17324,17514,34838,-190,6,29,수
2022-06-29,5호선,하남풍산,4415,4386,8801,29,6,29,수
2022-06-29,5호선,하남시청(덕풍·신장),7485,7263,14748,222,6,29,수
2022-06-29,5호선,하남검단산,5929,5764,11693,165,6,29,수
2022-06-29,6호선,역촌,4011,4559,8570,-548,6,29,수
2022-06-29,6호선,불광,4755,4733,9488,22,6,29,수
2022-06-29,6호선,독바위,2801,3014,5815,-213,6,29,수
2022-06-29,6호선,연신내,2,0,2,2,6,29,수
2022-06-29,6호선,구산,8060,6042,14102,2018,6,29,수
2022-06-29,6호선,새절(신사),13095,12253,25348,842,6,29,수
2022-06-29,6호선,증산(명지대앞),10210,10378,20588,-168,6,29,수
2022-06-29,6호선,디지털미디어시티,14984,17090,32074,-2106,6,29,수
2022-06-29,6호선,월드컵경기장(성산),4166,4350,8516,-184,6,29,수
2022-06-29,6호선,마포구청,15123,13730,28853,1393,6,29,수
2022-06-29,6호선,망원,13907,14701,28608,-794,6,29,수
2022-06-29,6호선,합정,13471,13387,26858,84,6,29,수
2022-06-29,6호선,상수,9145,10149,19294,-1004,6,29,수
2022-06-29,6호선,광흥창(서강),9939,9733,19672,206,6,29,수
2022-06-29,6호선,대흥(서강대앞),9044,9273,18317,-229,6,29,수
2022-06-29,6호선,공덕,20050,19362,39412,688,6,29,수
2022-06-29,6호선,효창공원앞,7549,6783,14332,766,6,29,수
2022-06-29,6호선,삼각지,7599,6660,14259,939,6,29,수
2022-06-29,6호선,녹사평(용산구청),4912,4897,9809,15,6,29,수
2022-06-29,6호선,이태원,10316,10791,21107,-475,6,29,수
2022-06-29,6호선,한강진,8442,9841,18283,-1399,6,29,수
2022-06-29,6호선,버티고개,2184,2200,4384,-16,6,29,수
2022-06-29,6호선,약수,3633,3698,7331,-65,6,29,수
2022-06-29,6호선,청구,3866,4149,8015,-283,6,29,수
2022-06-29,6호선,신당,8284,8694,16978,-410,6,29,수
2022-06-29,6호선,동묘앞,7617,7933,15550,-316,6,29,수
2022-06-29,6호선,창신,3820,3301,7121,519,6,29,수
2022-06-29,6호선,보문,7867,7158,15025,709,6,29,수
2022-06-29,6호선,안암(고대병원앞),11490,11262,22752,228,6,29,수
2022-06-29,6호선,고려대(종암),8587,8510,17097,77,6,29,수
2022-06-29,6호선,월곡(동덕여대),11986,11835,23821,151,6,29,수
2022-06-29,6호선,상월곡(한국과학기술연구원),6437,5921,12358,516,6,29,수
2022-06-29,6호선,돌곶이,9779,9059,18838,720,6,29,수
2022-06-29,6호선,석계,12510,13089,25599,-579,6,29,수
2022-06-29,6호선,태릉입구,5749,6150,11899,-401,6,29,수
2022-06-29,6호선,화랑대(서울여대입구),11790,9131,20921,2659,6,29,수
2022-06-29,6호선,봉화산(서울의료원),9483,8907,18390,576,6,29,수
2022-06-29,6호선,신내,1,0,1,1,6,29,수
2022-06-29,7호선,장암,2239,797,3036,1442,6,29,수
2022-06-29,7호선,도봉산,9092,10202,19294,-1110,6,29,수
2022-06-29,7호선,수락산,12672,12617,25289,55,6,29,수
2022-06-29,7호선,마들,13529,12829,26358,700,6,29,수
2022-06-29,7호선,노원,20296,21173,41469,-877,6,29,수
2022-06-29,7호선,중계,15197,13852,29049,1345,6,29,수
2022-06-29,7호선,하계,18479,17700,36179,779,6,29,수
2022-06-29,7호선,공릉(서울과학기술대),12274,12080,24354,194,6,29,수
2022-06-29,7호선,태릉입구,8536,8090,16626,446,6,29,수
2022-06-29,7호선,먹골,10527,10498,21025,29,6,29,수
2022-06-29,7호선,중화,11141,10879,22020,262,6,29,수
2022-06-29,7호선,상봉(시외버스터미널),17089,16216,33305,873,6,29,수
2022-06-29,7호선,면목,15295,14932,30227,363,6,29,수
2022-06-29,7호선,사가정,16380,16311,32691,69,6,29,수
2022-06-29,7호선,용마산(용마폭포공원),6206,5984,12190,222,6,29,수
2022-06-29,7호선,중곡,11851,10920,22771,931,6,29,수
2022-06-29,7호선,군자(능동),15534,12701,28235,2833,6,29,수
2022-06-29,7호선,어린이대공원(세종대),13478,13237,26715,241,6,29,수
2022-06-29,7호선,건대입구,13425,13766,27191,-341,6,29,수
2022-06-29,7호선,뚝섬유원지,7517,7353,14870,164,6,29,수
2022-06-29,7호선,청담,21044,23850,44894,-2806,6,29,수
2022-06-29,7호선,강남구청,17875,19685,37560,-1810,6,29,수
2022-06-29,7호선,학동,25843,27401,53244,-1558,6,29,수
2022-06-29,7호선,논현,20108,21376,41484,-1268,6,29,수
2022-06-29,7호선,반포,6303,6241,12544,62,6,29,수
2022-06-29,7호선,고속터미널,16120,13905,30025,2215,6,29,수
2022-06-29,7호선,내방,15708,15963,31671,-255,6,29,수
2022-06-29,7호선,이수,17440,16937,34377,503,6,29,수
2022-06-29,7호선,남성,11676,10901,22577,775,6,29,수
2022-06-29,7호선,숭실대입구(살피재),12717,12906,25623,-189,6,29,수
2022-06-29,7호선,상도,11616,11185,22801,431,6,29,수
2022-06-29,7호선,장승배기,9339,9179,18518,160,6,29,수
2022-06-29,7호선,신대방삼거리,15861,15169,31030,692,6,29,수
2022-06-29,7호선,보라매,8362,8400,16762,-38,6,29,수
2022-06-29,7호선,신풍,12270,11929,24199,341,6,29,수
2022-06-29,7호선,대림(구로구청),8025,8049,16074,-24,6,29,수
2022-06-29,7호선,남구로,16402,17561,33963,-1159,6,29,수
2022-06-29,7호선,가산디지털단지,48367,47932,96299,435,6,29,수
2022-06-29,7호선,철산,22011,22454,44465,-443,6,29,수
2022-06-29,7호선,광명사거리,21988,21790,43778,198,6,29,수
2022-06-29,7호선,천왕,12078,11613,23691,465,6,29,수
2022-06-29,7호선,온수(성공회대입구),10612,9916,20528,696,6,29,수
2022-06-29,8호선,암사,19990,17721,37711,2269,6,29,수
2022-06-29,8호선,천호(풍납토성),15343,17339,32682,-1996,6,29,수
2022-06-29,8호선,강동구청,10937,11586,22523,-649,6,29,수
2022-06-29,8호선,몽촌토성(평화의문),6629,6684,13313,-55,6,29,수
2022-06-29,8호선,잠실(송파구청),15764,17939,33703,-2175,6,29,수
2022-06-29,8호선,석촌,7913,8857,16770,-944,6,29,수
2022-06-29,8호선,송파,9392,9575,18967,-183,6,29,수
2022-06-29,8호선,가락시장,8152,8965,17117,-813,6,29,수
2022-06-29,8호선,문정,23628,24775,48403,-1147,6,29,수
2022-06-29,8호선,장지,18649,18079,36728,570,6,29,수
2022-06-29,8호선,복정,9607,8212,17819,1395,6,29,수
2022-06-29,8호선,산성,5434,5448,10882,-14,6,29,수
2022-06-29,8호선,남한산성입구(성남법원.검찰청),13942,12590,26532,1352,6,29,수
2022-06-29,8호선,단대오거리,10785,10729,21514,56,6,29,수
2022-06-29,8호선,신흥,4421,4892,9313,-471,6,29,수
2022-06-29,8호선,수진,5733,5330,11063,403,6,29,수
2022-06-29,8호선,모란,5342,4186,9528,1156,6,29,수
2022-06-29,8호선,남위례,5618,5783,11401,-165,6,29,수
2022-06-29,9호선,개화,2748,1878,4626,870,6,29,수
2022-06-29,9호선,김포공항,7485,12137,19622,-4652,6,29,수
2022-06-29,9호선,공항시장,3222,3522,6744,-300,6,29,수
2022-06-29,9호선,신방화,7366,7342,14708,24,6,29,수
2022-06-29,9호선,마곡나루(서울식물원),13347,13111,26458,236,6,29,수
2022-06-29,9호선,양천향교,10471,10913,21384,-442,6,29,수
2022-06-29,9호선,가양,22021,21841,43862,180,6,29,수
2022-06-29,9호선,증미,7848,7708,15556,140,6,29,수
2022-06-29,9호선,등촌,12091,11691,23782,400,6,29,수
2022-06-29,9호선,염창,18050,17783,35833,267,6,29,수
2022-06-29,9호선,신목동,4571,3985,8556,586,6,29,수
2022-06-29,9호선,선유도,9717,9376,19093,341,6,29,수
2022-06-29,9호선,당산,19813,20095,39908,-282,6,29,수
2022-06-29,9호선,국회의사당,18239,18418,36657,-179,6,29,수
2022-06-29,9호선,여의도,31934,30103,62037,1831,6,29,수
2022-06-29,9호선,샛강,7203,6966,14169,237,6,29,수
2022-06-29,9호선,노량진,25771,25046,50817,725,6,29,수
2022-06-29,9호선,노들,4771,4080,8851,691,6,29,수
2022-06-29,9호선,흑석(중앙대입구),8616,9041,17657,-425,6,29,수
2022-06-29,9호선,동작(현충원),1850,1500,3350,350,6,29,수
2022-06-29,9호선,구반포,1355,1362,2717,-7,6,29,수
2022-06-29,9호선,신반포,3798,3829,7627,-31,6,29,수
2022-06-29,9호선,고속터미널,12806,16605,29411,-3799,6,29,수
2022-06-29,9호선,사평,4258,4203,8461,55,6,29,수
2022-06-29,9호선,신논현,32028,31568,63596,460,6,29,수
2022-06-29,9호선2~3단계,언주,12239,12293,24532,-54,6,29,수
2022-06-29,9호선2~3단계,선정릉,11085,11949,23034,-864,6,29,수
2022-06-29,9호선2~3단계,삼성중앙,8178,8520,16698,-342,6,29,수
2022-06-29,9호선2~3단계,봉은사,21735,21984,43719,-249,6,29,수
2022-06-29,9호선2~3단계,종합운동장,4651,4571,9222,80,6,29,수
2022-06-29,9호선2~3단계,삼전,7564,7325,14889,239,6,29,수
2022-06-29,9호선2~3단계,석촌고분,6797,6721,13518,76,6,29,수
2022-06-29,9호선2~3단계,석촌,8927,7810,16737,1117,6,29,수
2022-06-29,9호선2~3단계,송파나루,5624,5894,11518,-270,6,29,수
2022-06-29,9호선2~3단계,한성백제,2830,2552,5382,278,6,29,수
2022-06-29,9호선2~3단계,올림픽공원(한국체대),6165,6223,12388,-58,6,29,수
2022-06-29,9호선2~3단계,둔촌오륜,1284,1194,2478,90,6,29,수
2022-06-29,9호선2~3단계,중앙보훈병원,11904,10455,22359,1449,6,29,수
2022-06-29,경강선,판교,5380,5331,10711,49,6,29,수
2022-06-29,경강선,이매,1117,1008,2125,109,6,29,수
2022-06-29,경강선,삼동,2619,2380,4999,239,6,29,수
2022-06-29,경강선,경기광주,8032,7580,15612,452,6,29,수
2022-06-29,경강선,초월,3315,3110,6425,205,6,29,수
2022-06-29,경강선,곤지암,2138,2041,4179,97,6,29,수
2022-06-29,경강선,신둔도예촌,1556,1473,3029,83,6,29,수
2022-06-29,경강선,이천,2457,2531,4988,-74,6,29,수
2022-06-29,경강선,부발,1971,1938,3909,33,6,29,수
2022-06-29,경강선,세종대왕릉,320,324,644,-4,6,29,수
2022-06-29,경강선,여주,2023,2090,4113,-67,6,29,수
2022-06-29,경부선,서울역,7669,2348,10017,5321,6,29,수
2022-06-29,경부선,남영,9934,10429,20363,-495,6,29,수
2022-06-29,경부선,용산,37916,38408,76324,-492,6,29,수
2022-06-29,경부선,노량진,7566,7523,15089,43,6,29,수
2022-06-29,경부선,대방,11917,13003,24920,-1086,6,29,수
2022-06-29,경부선,영등포,39054,39956,79010,-902,6,29,수
2022-06-29,경부선,신도림,4149,4198,8347,-49,6,29,수
2022-06-29,경부선,신길,9339,8248,17587,1091,6,29,수
2022-06-29,경부선,구로,19284,19646,38930,-362,6,29,수
2022-06-29,경부선,가산디지털단지,19291,22463,41754,-3172,6,29,수
2022-06-29,경부선,금천구청,11681,11661,23342,20,6,29,수
2022-06-29,경부선,석수,9436,8540,17976,896,6,29,수
2022-06-29,경부선,관악,7527,7118,14645,409,6,29,수
2022-06-29,경부선,안양,22156,21736,43892,420,6,29,수
2022-06-29,경부선,명학,9600,9334,18934,266,6,29,수
2022-06-29,경부선,금정,27458,27711,55169,-253,6,29,수
2022-06-29,경부선,군포,7786,7643,15429,143,6,29,수
2022-06-29,경부선,의왕,9061,9013,18074,48,6,29,수
2022-06-29,경부선,성균관대,14140,13918,28058,222,6,29,수
2022-06-29,경부선,화서,8211,7895,16106,316,6,29,수
2022-06-29,경부선,수원,32357,33971,66328,-1614,6,29,수
2022-06-29,경부선,독산,19563,20371,39934,-808,6,29,수
2022-06-29,경부선,세류,3176,2767,5943,409,6,29,수
2022-06-29,경부선,병점,14003,13917,27920,86,6,29,수
2022-06-29,경부선,세마,2972,2872,5844,100,6,29,수
2022-06-29,경부선,오산대,3572,3213,6785,359,6,29,수
2022-06-29,경부선,오산,9284,9212,18496,72,6,29,수
2022-06-29,경부선,진위,1827,1666,3493,161,6,29,수
2022-06-29,경부선,송탄,4194,4102,8296,92,6,29,수
2022-06-29,경부선,서정리,6870,6338,13208,532,6,29,수
2022-06-29,경부선,평택지제,3630,3524,7154,106,6,29,수
2022-06-29,경부선,평택,10796,10879,21675,-83,6,29,수
2022-06-29,경부선,성환,3247,3268,6515,-21,6,29,수
2022-06-29,경부선,직산,836,824,1660,12,6,29,수
2022-06-29,경부선,두정,5403,5429,10832,-26,6,29,수
2022-06-29,경부선,천안,4884,4999,9883,-115,6,29,수
2022-06-29,경부선,당정,6400,6072,12472,328,6,29,수
2022-06-29,경부선,서동탄,1438,1249,2687,189,6,29,수
2022-06-29,경부선,광명,3606,3135,6741,471,6,29,수
2022-06-29,경원선,이촌(국립중앙박물관),3933,2985,6918,948,6,29,수
2022-06-29,경원선,서빙고,2002,1873,3875,129,6,29,수
2022-06-29,경원선,한남,4176,4060,8236,116,6,29,수
2022-06-29,경원선,옥수,50,45,95,5,6,29,수
2022-06-29,경원선,응봉,1933,1677,3610,256,6,29,수
2022-06-29,경원선,왕십리(성동구청),15518,17243,32761,-1725,6,29,수
2022-06-29,경원선,청량리(서울시립대입구),14897,15379,30276,-482,6,29,수
2022-06-29,경원선,외대앞,7843,7774,15617,69,6,29,수
2022-06-29,경원선,신이문,8692,8101,16793,591,6,29,수
2022-06-29,경원선,석계,7928,9028,16956,-1100,6,29,수
2022-06-29,경원선,광운대,7701,7555,15256,146,6,29,수
2022-06-29,경원선,월계,6864,6434,13298,430,6,29,수
2022-06-29,경원선,녹천,4790,4019,8809,771,6,29,수
2022-06-29,경원선,방학,9856,9670,19526,186,6,29,수
2022-06-29,경원선,도봉,6031,5769,11800,262,6,29,수
2022-06-29,경원선,도봉산,6537,4057,10594,2480,6,29,수
2022-06-29,경원선,망월사,7718,7872,15590,-154,6,29,수
2022-06-29,경원선,회룡,12811,12651,25462,160,6,29,수
2022-06-29,경원선,의정부,17694,18224,35918,-530,6,29,수
2022-06-29,경원선,가능,6747,6480,13227,267,6,29,수
2022-06-29,경원선,녹양,4586,4370,8956,216,6,29,수
2022-06-29,경원선,양주,7432,6942,14374,490,6,29,수
2022-06-29,경원선,덕계,3232,2933,6165,299,6,29,수
2022-06-29,경원선,덕정,5433,5273,10706,160,6,29,수
2022-06-29,경원선,지행,6288,6313,12601,-25,6,29,수
2022-06-29,경원선,동두천중앙,3032,2885,5917,147,6,29,수
2022-06-29,경원선,보산,1539,1391,2930,148,6,29,수
2022-06-29,경원선,동두천,2045,2266,4311,-221,6,29,수
2022-06-29,경원선,소요산,1920,1700,3620,220,6,29,수
2022-06-29,경의선,서울역,4687,5923,10610,-1236,6,29,수
2022-06-29,경의선,신촌,934,1277,2211,-343,6,29,수
2022-06-29,경의선,효창공원앞,3187,3579,6766,-392,6,29,수
2022-06-29,경의선,공덕,4072,3461,7533,611,6,29,수
2022-06-29,경의선,서강대,2218,2195,4413,23,6,29,수
2022-06-29,경의선,홍대입구,1731,2109,3840,-378,6,29,수
2022-06-29,경의선,가좌,5765,5515,11280,250,6,29,수
2022-06-29,경의선,디지털미디어시티,2640,2524,5164,116,6,29,수
2022-06-29,경의선,수색,2960,3153,6113,-193,6,29,수
2022-06-29,경의선,화전,1728,1617,3345,111,6,29,수
2022-06-29,경의선,강매,3358,2914,6272,444,6,29,수
2022-06-29,경의선,행신,8269,8132,16401,137,6,29,수
2022-06-29,경의선,능곡,3835,3561,7396,274,6,29,수
2022-06-29,경의선,곡산,655,683,1338,-28,6,29,수
2022-06-29,경의선,백마,7034,6798,13832,236,6,29,수
2022-06-29,경의선,풍산,5815,5277,11092,538,6,29,수
2022-06-29,경의선,일산,9864,9638,19502,226,6,29,수
2022-06-29,경의선,탄현,8058,7683,15741,375,6,29,수
2022-06-29,경의선,야당,7992,7827,15819,165,6,29,수
2022-06-29,경의선,운정,7069,6495,13564,574,6,29,수
2022-06-29,경의선,금릉,4954,4664,9618,290,6,29,수
2022-06-29,경의선,금촌,6424,6391,12815,33,6,29,수
2022-06-29,경의선,월롱,2737,2560,5297,177,6,29,수
2022-06-29,경의선,파주,1118,749,1867,369,6,29,수
2022-06-29,경의선,문산,5088,4966,10054,122,6,29,수
2022-06-29,경의선,임진강,9,3,12,6,6,29,수
2022-06-29,경인선,개봉,21730,21584,43314,146,6,29,수
2022-06-29,경인선,오류동,11996,11218,23214,778,6,29,수
2022-06-29,경인선,역곡,27585,27434,55019,151,6,29,수
2022-06-29,경인선,부천,31889,31801,63690,88,6,29,수
2022-06-29,경인선,송내,28198,28194,56392,4,6,29,수
2022-06-29,경인선,부평,28625,30057,58682,-1432,6,29,수
2022-06-29,경인선,백운,6947,6920,13867,27,6,29,수
2022-06-29,경인선,동암,15657,15665,31322,-8,6,29,수
2022-06-29,경인선,주안,18949,17019,35968,1930,6,29,수
2022-06-29,경인선,제물포,10584,10264,20848,320,6,29,수
2022-06-29,경인선,동인천,14173,13485,27658,688,6,29,수
2022-06-29,경인선,인천,3210,2383,5593,827,6,29,수
2022-06-29,경인선,구일,10132,10615,20747,-483,6,29,수
2022-06-29,경인선,소사,8531,8213,16744,318,6,29,수
2022-06-29,경인선,부개,8945,8361,17306,584,6,29,수
2022-06-29,경인선,간석,6063,5841,11904,222,6,29,수
2022-06-29,경인선,도원,3659,3606,7265,53,6,29,수
2022-06-29,경인선,온수(성공회대입구),7093,6750,13843,343,6,29,수
2022-06-29,경인선,중동,9732,9277,19009,455,6,29,수
2022-06-29,경인선,도화,4419,4057,8476,362,6,29,수
2022-06-29,경춘선,신내,2336,2161,4497,175,6,29,수
2022-06-29,경춘선,갈매,3108,2721,5829,387,6,29,수
2022-06-29,경춘선,별내,3187,3005,6192,182,6,29,수
2022-06-29,경춘선,퇴계원,3644,3304,6948,340,6,29,수
2022-06-29,경춘선,사릉,2466,2333,4799,133,6,29,수
2022-06-29,경춘선,금곡,1561,1519,3080,42,6,29,수
2022-06-29,경춘선,평내호평,6332,6127,12459,205,6,29,수
2022-06-29,경춘선,천마산,1722,1574,3296,148,6,29,수
2022-06-29,경춘선,마석,3849,3895,7744,-46,6,29,수
2022-06-29,경춘선,대성리,1349,1248,2597,101,6,29,수
2022-06-29,경춘선,청평,1899,1773,3672,126,6,29,수
2022-06-29,경춘선,상천,248,218,466,30,6,29,수
2022-06-29,경춘선,가평,2320,2423,4743,-103,6,29,수
2022-06-29,경춘선,굴봉산,102,79,181,23,6,29,수
2022-06-29,경춘선,백양리,83,78,161,5,6,29,수
2022-06-29,경춘선,강촌,393,330,723,63,6,29,수
2022-06-29,경춘선,김유정,257,281,538,-24,6,29,수
2022-06-29,경춘선,남춘천,2219,2335,4554,-116,6,29,수
2022-06-29,경춘선,춘천,1174,947,2121,227,6,29,수
2022-06-29,공항철도 1호선,서울역,10147,10492,20639,-345,6,29,수
2022-06-29,공항철도 1호선,공덕,2551,3402,5953,-851,6,29,수
2022-06-29,공항철도 1호선,홍대입구,10394,10494,20888,-100,6,29,수
2022-06-29,공항철도 1호선,디지털미디어시티,15811,14673,30484,1138,6,29,수
2022-06-29,공항철도 1호선,마곡나루(서울식물원),10066,9556,19622,510,6,29,수
2022-06-29,공항철도 1호선,김포공항,12002,5916,17918,6086,6,29,수
2022-06-29,공항철도 1호선,계양,11287,10462,21749,825,6,29,수
2022-06-29,공항철도 1호선,검암,6902,6755,13657,147,6,29,수
2022-06-29,공항철도 1호선,청라국제도시,7541,7117,14658,424,6,29,수
2022-06-29,공항철도 1호선,운서,7442,7467,14909,-25,6,29,수
2022-06-29,공항철도 1호선,공항화물청사,2339,2553,4892,-214,6,29,수
2022-06-29,공항철도 1호선,인천공항1터미널,7224,7244,14468,-20,6,29,수
2022-06-29,공항철도 1호선,인천공항2터미널,3356,3011,6367,345,6,29,수
2022-06-29,공항철도 1호선,영종,3165,3144,6309,21,6,29,수
2022-06-29,과천선,선바위,8210,7342,15552,868,6,29,수
2022-06-29,과천선,경마공원,1565,1594,3159,-29,6,29,수
2022-06-29,과천선,대공원,1873,1969,3842,-96,6,29,수
2022-06-29,과천선,과천,6799,6419,13218,380,6,29,수
2022-06-29,과천선,정부과천청사,11467,11283,22750,184,6,29,수
2022-06-29,과천선,인덕원,24996,26028,51024,-1032,6,29,수
2022-06-29,과천선,평촌,18958,18701,37659,257,6,29,수
2022-06-29,과천선,범계,26793,26475,53268,318,6,29,수
2022-06-29,분당선,선릉,15172,22623,37795,-7451,6,29,수
2022-06-29,분당선,한티,15469,16603,32072,-1134,6,29,수
2022-06-29,분당선,도곡,7621,7653,15274,-32,6,29,수
2022-06-29,분당선,구룡,2390,2289,4679,101,6,29,수
2022-06-29,분당선,개포동,4261,4414,8675,-153,6,29,수
2022-06-29,분당선,대모산입구,4901,4573,9474,328,6,29,수
2022-06-29,분당선,수서,14611,14960,29571,-349,6,29,수
2022-06-29,분당선,수원,7735,6289,14024,1446,6,29,수
2022-06-29,분당선,서울숲,11603,11773,23376,-170,6,29,수
2022-06-29,분당선,압구정로데오,19678,21639,41317,-1961,6,29,수
2022-06-29,분당선,강남구청,10379,12067,22446,-1688,6,29,수
2022-06-29,분당선,선정릉,8630,9158,17788,-528,6,29,수
2022-06-29,분당선,가천대,7587,8416,16003,-829,6,29,수
2022-06-29,분당선,태평,13957,13367,27324,590,6,29,수
2022-06-29,분당선,모란,22701,22292,44993,409,6,29,수
2022-06-29,분당선,야탑,27470,28746,56216,-1276,6,29,수
2022-06-29,분당선,서현,25390,25778,51168,-388,6,29,수
2022-06-29,분당선,수내,14741,14718,29459,23,6,29,수
2022-06-29,분당선,정자,19590,20623,40213,-1033,6,29,수
2022-06-29,분당선,미금,16048,17153,33201,-1105,6,29,수
2022-06-29,분당선,오리,12231,10075,22306,2156,6,29,수
2022-06-29,분당선,이매,6159,5699,11858,460,6,29,수
2022-06-29,분당선,보정,2800,2406,5206,394,6,29,수
2022-06-29,분당선,죽전,13429,14944,28373,-1515,6,29,수
2022-06-29,분당선,구성,5213,5628,10841,-415,6,29,수
2022-06-29,분당선,신갈,4704,4640,9344,64,6,29,수
2022-06-29,분당선,기흥,10291,9530,19821,761,6,29,수
2022-06-29,분당선,상갈,5430,5331,10761,99,6,29,수
2022-06-29,분당선,청명,4444,4300,8744,144,6,29,수
2022-06-29,분당선,영통,8497,8762,17259,-265,6,29,수
2022-06-29,분당선,망포,15093,14395,29488,698,6,29,수
2022-06-29,분당선,매탄권선,5297,5074,10371,223,6,29,수
2022-06-29,분당선,수원시청,12996,13847,26843,-851,6,29,수
2022-06-29,분당선,매교,3117,3086,6203,31,6,29,수
2022-06-29,수인선,고색,4721,4380,9101,341,6,29,수
2022-06-29,수인선,오목천,3014,2867,5881,147,6,29,수
2022-06-29,수인선,어천,700,801,1501,-101,6,29,수
2022-06-29,수인선,야목,432,311,743,121,6,29,수
2022-06-29,수인선,사리,4794,4247,9041,547,6,29,수
2022-06-29,수인선,달월,115,81,196,34,6,29,수
2022-06-29,수인선,월곶,2959,2784,5743,175,6,29,수
2022-06-29,수인선,소래포구,4627,4236,8863,391,6,29,수
2022-06-29,수인선,인천논현,5482,5906,11388,-424,6,29,수
2022-06-29,수인선,호구포,4193,4403,8596,-210,6,29,수
2022-06-29,수인선,남동인더스파크,2327,2617,4944,-290,6,29,수
2022-06-29,수인선,원인재,4296,4507,8803,-211,6,29,수
2022-06-29,수인선,연수,4638,4495,9133,143,6,29,수
2022-06-29,수인선,송도,2427,2233,4660,194,6,29,수
2022-06-29,수인선,인하대,5841,5521,11362,320,6,29,수
2022-06-29,수인선,숭의,4047,3872,7919,175,6,29,수
2022-06-29,수인선,신포,1875,1806,3681,69,6,29,수
2022-06-29,수인선,인천,935,1562,2497,-627,6,29,수
2022-06-29,신림선,샛강,2098,2580,4678,-482,6,29,수
2022-06-29,신림선,대방,1850,1438,3288,412,6,29,수
2022-06-29,신림선,서울지방병무청,2066,2365,4431,-299,6,29,수
2022-06-29,신림선,보라매,2636,2468,5104,168,6,29,수
2022-06-29,신림선,보라매공원,1627,1770,3397,-143,6,29,수
2022-06-29,신림선,보라매병원,6555,6634,13189,-79,6,29,수
2022-06-29,신림선,당곡,3531,3549,7080,-18,6,29,수
2022-06-29,신림선,신림,1554,2021,3575,-467,6,29,수
2022-06-29,신림선,서원,2743,2703,5446,40,6,29,수
2022-06-29,신림선,서울대벤처타운,6027,6295,12322,-268,6,29,수
2022-06-29,신림선,관악산(서울대),1974,2033,4007,-59,6,29,수
2022-06-29,안산선,산본,16173,17441,33614,-1268,6,29,수
2022-06-29,안산선,대야미,5097,4548,9645,549,6,29,수
2022-06-29,안산선,반월,4496,4439,8935,57,6,29,수
2022-06-29,안산선,상록수,15713,15877,31590,-164,6,29,수
2022-06-29,안산선,한대앞,8911,9205,18116,-294,6,29,수
2022-06-29,안산선,중앙,17645,18231,35876,-586,6,29,수
2022-06-29,안산선,고잔,8918,8359,17277,559,6,29,수
2022-06-29,안산선,초지,4862,4891,9753,-29,6,29,수
2022-06-29,안산선,안산,11626,10685,22311,941,6,29,수
2022-06-29,안산선,신길온천,1828,1665,3493,163,6,29,수
2022-06-29,안산선,정왕,7579,8039,15618,-460,6,29,수
2022-06-29,안산선,오이도,8242,7883,16125,359,6,29,수
2022-06-29,안산선,수리산,4338,3600,7938,738,6,29,수
2022-06-29,우이신설선,북한산우이,2985,2633,5618,352,6,29,수
2022-06-29,우이신설선,솔밭공원,2507,2304,4811,203,6,29,수
2022-06-29,우이신설선,4.19민주묘지,2744,2606,5350,138,6,29,수
2022-06-29,우이신설선,가오리,4365,4374,8739,-9,6,29,수
2022-06-29,우이신설선,화계,3481,3287,6768,194,6,29,수
2022-06-29,우이신설선,삼양,2083,2229,4312,-146,6,29,수
2022-06-29,우이신설선,삼양사거리,2519,2574,5093,-55,6,29,수
2022-06-29,우이신설선,솔샘,6117,5806,11923,311,6,29,수
2022-06-29,우이신설선,북한산보국문,6049,5891,11940,158,6,29,수
2022-06-29,우이신설선,정릉,4828,4377,9205,451,6,29,수
2022-06-29,우이신설선,성신여대입구(돈암),3402,3621,7023,-219,6,29,수
2022-06-29,우이신설선,보문,1541,1584,3125,-43,6,29,수
2022-06-29,우이신설선,신설동,2222,2193,4415,29,6,29,수
2022-06-29,일산선,원흥,11283,10709,21992,574,6,29,수
2022-06-29,일산선,삼송,20197,19535,39732,662,6,29,수
2022-06-29,일산선,원당,11127,10442,21569,685,6,29,수
2022-06-29,일산선,화정,16742,17183,33925,-441,6,29,수
2022-06-29,일산선,백석,9735,9635,19370,100,6,29,수
2022-06-29,일산선,마두,7687,7811,15498,-124,6,29,수
2022-06-29,일산선,정발산,7169,7041,14210,128,6,29,수
2022-06-29,일산선,주엽,9389,9372,18761,17,6,29,수
2022-06-29,일산선,대화,13190,10359,23549,2831,6,29,수
2022-06-29,장항선,봉명,1371,1398,2769,-27,6,29,수
2022-06-29,장항선,쌍용(나사렛대),2092,1998,4090,94,6,29,수
2022-06-29,장항선,아산,3031,2664,5695,367,6,29,수
2022-06-29,장항선,탕정,865,749,1614,116,6,29,수
2022-06-29,장항선,배방,1097,1034,2131,63,6,29,수
2022-06-29,장항선,온양온천,4197,4303,8500,-106,6,29,수
2022-06-29,장항선,신창(순천향대),1290,1253,2543,37,6,29,수
2022-06-29,중앙선,회기,25353,24704,50057,649,6,29,수
2022-06-29,중앙선,중랑,5920,5603,11523,317,6,29,수
2022-06-29,중앙선,상봉(시외버스터미널),5782,5736,11518,46,6,29,수
2022-06-29,중앙선,망우,7892,7724,15616,168,6,29,수
2022-06-29,중앙선,양원,3332,3124,6456,208,6,29,수
2022-06-29,중앙선,구리,13666,13784,27450,-118,6,29,수
2022-06-29,중앙선,도농,11579,10407,21986,1172,6,29,수
2022-06-29,중앙선,양정,774,592,1366,182,6,29,수
2022-06-29,중앙선,덕소,5621,5807,11428,-186,6,29,수
2022-06-29,중앙선,도심,2612,2055,4667,557,6,29,수
2022-06-29,중앙선,팔당,814,792,1606,22,6,29,수
2022-06-29,중앙선,운길산,636,622,1258,14,6,29,수
2022-06-29,중앙선,양수,1928,1881,3809,47,6,29,수
2022-06-30,2호선,방배,16819,17458,34277,-639,6,30,목
2022-06-30,2호선,사당,37956,41865,79821,-3909,6,30,목
2022-06-30,2호선,서초,22810,22185,44995,625,6,30,목
2022-06-30,2호선,교대(법원.검찰청),35015,39692,74707,-4677,6,30,목
2022-06-30,2호선,강남,84281,81881,166162,2400,6,30,목
2022-06-30,2호선,역삼,60314,65894,126208,-5580,6,30,목
2022-06-30,2호선,선릉,62309,54697,117006,7612,6,30,목
2022-06-30,2호선,삼성(무역센터),66381,65840,132221,541,6,30,목
2022-06-30,2호선,종합운동장,7419,7801,15220,-382,6,30,목
2022-06-30,2호선,잠실새내,21781,21970,43751,-189,6,30,목
2022-06-30,2호선,잠실(송파구청),69628,69980,139608,-352,6,30,목
2022-06-30,2호선,잠실나루,14793,14695,29488,98,6,30,목
2022-06-30,2호선,강변(동서울터미널),30199,28907,59106,1292,6,30,목
2022-06-30,2호선,구의(광진구청),24164,23886,48050,278,6,30,목
2022-06-30,2호선,건대입구,33441,35868,69309,-2427,6,30,목
2022-06-30,2호선,성수,40493,42993,83486,-2500,6,30,목
2022-06-30,2호선,뚝섬,23653,24921,48574,-1268,6,30,목
2022-06-30,2호선,한양대,9647,10077,19724,-430,6,30,목
2022-06-30,2호선,왕십리(성동구청),16850,14153,31003,2697,6,30,목
2022-06-30,2호선,상왕십리,15227,14705,29932,522,6,30,목
2022-06-30,2호선,신당,13995,14193,28188,-198,6,30,목
2022-06-30,2호선,동대문역사문화공원(DDP),12726,15619,28345,-2893,6,30,목
2022-06-30,2호선,을지로4가,13587,13352,26939,235,6,30,목
2022-06-30,2호선,을지로3가,25200,24602,49802,598,6,30,목
2022-06-30,2호선,을지로입구,43633,44964,88597,-1331,6,30,목
2022-06-30,2호선,시청,26148,25064,51212,1084,6,30,목
2022-06-30,1호선,동묘앞,5655,6012,11667,-357,6,30,목
2022-06-30,1호선,청량리(서울시립대입구),17031,16793,33824,238,6,30,목
2022-06-30,1호선,제기동,13911,13700,27611,211,6,30,목
2022-06-30,1호선,신설동,13537,13062,26599,475,6,30,목
2022-06-30,1호선,동대문,10463,9478,19941,985,6,30,목
2022-06-30,1호선,종로5가,22691,22333,45024,358,6,30,목
2022-06-30,1호선,종로3가,22328,20655,42983,1673,6,30,목
2022-06-30,1호선,종각,38576,38282,76858,294,6,30,목
2022-06-30,1호선,시청,24220,24441,48661,-221,6,30,목
2022-06-30,1호선,서울역,48882,46503,95385,2379,6,30,목
2022-06-30,중앙선,양평,2404,2364,4768,40,6,30,목
2022-06-30,중앙선,오빈,289,268,557,21,6,30,목
2022-06-30,중앙선,아신,468,459,927,9,6,30,목
2022-06-30,2호선,신정네거리,10429,10700,21129,-271,6,30,목
2022-06-30,중앙선,국수,635,618,1253,17,6,30,목
2022-06-30,중앙선,신원,158,143,301,15,6,30,목
2022-06-30,중앙선,양수,1490,1583,3073,-93,6,30,목
2022-06-30,중앙선,운길산,516,520,1036,-4,6,30,목
2022-06-30,중앙선,팔당,644,714,1358,-70,6,30,목
2022-06-30,중앙선,도심,2524,1968,4492,556,6,30,목
2022-06-30,중앙선,용문,1694,1719,3413,-25,6,30,목
2022-06-30,중앙선,원덕,301,299,600,2,6,30,목
2022-06-30,중앙선,덕소,5349,5346,10695,3,6,30,목
2022-06-30,중앙선,양정,621,503,1124,118,6,30,목
2022-06-30,중앙선,도농,11187,10068,21255,1119,6,30,목
2022-06-30,중앙선,구리,12890,13111,26001,-221,6,30,목
2022-06-30,중앙선,양원,3126,3022,6148,104,6,30,목
2022-06-30,중앙선,망우,7481,7366,14847,115,6,30,목
2022-06-30,중앙선,상봉(시외버스터미널),5372,5475,10847,-103,6,30,목
2022-06-30,중앙선,중랑,5653,5290,10943,363,6,30,목
2022-06-30,중앙선,회기,24486,23982,48468,504,6,30,목
2022-06-30,장항선,신창(순천향대),1277,1290,2567,-13,6,30,목
2022-06-30,장항선,온양온천,3253,3418,6671,-165,6,30,목
2022-06-30,장항선,배방,1062,1054,2116,8,6,30,목
2022-06-30,장항선,탕정,929,825,1754,104,6,30,목
2022-06-30,장항선,아산,2951,2789,5740,162,6,30,목
2022-06-30,장항선,쌍용(나사렛대),1979,1884,3863,95,6,30,목
2022-06-30,장항선,봉명,1346,1293,2639,53,6,30,목
2022-06-30,일산선,대화,13115,10271,23386,2844,6,30,목
2022-06-30,일산선,주엽,8620,8690,17310,-70,6,30,목
2022-06-30,일산선,정발산,6737,6701,13438,36,6,30,목
2022-06-30,일산선,마두,7265,7327,14592,-62,6,30,목
2022-06-30,일산선,백석,9567,9505,19072,62,6,30,목
2022-06-30,일산선,대곡,1985,1547,3532,438,6,30,목
2022-06-30,일산선,화정,16282,16358,32640,-76,6,30,목
2022-06-30,일산선,원당,10233,9703,19936,530,6,30,목
2022-06-30,일산선,삼송,19339,18712,38051,627,6,30,목
2022-06-30,일산선,원흥,10893,10033,20926,860,6,30,목
2022-06-30,우이신설선,신설동,2119,2009,4128,110,6,30,목
2022-06-30,우이신설선,보문,1622,1537,3159,85,6,30,목
2022-06-30,우이신설선,성신여대입구(돈암),3421,3933,7354,-512,6,30,목
2022-06-30,우이신설선,정릉,4691,4553,9244,138,6,30,목
2022-06-30,우이신설선,북한산보국문,5865,5719,11584,146,6,30,목
2022-06-30,우이신설선,솔샘,5941,5738,11679,203,6,30,목
2022-06-30,우이신설선,삼양사거리,2397,2523,4920,-126,6,30,목
2022-06-30,우이신설선,삼양,1968,2159,4127,-191,6,30,목
2022-06-30,우이신설선,화계,3283,3303,6586,-20,6,30,목
2022-06-30,우이신설선,가오리,4065,4397,8462,-332,6,30,목
2022-06-30,우이신설선,4.19민주묘지,2499,2564,5063,-65,6,30,목
2022-06-30,우이신설선,솔밭공원,2426,2397,4823,29,6,30,목
2022-06-30,우이신설선,북한산우이,2208,1956,4164,252,6,30,목
2022-06-30,안산선,수리산,4150,3180,7330,970,6,30,목
2022-06-30,안산선,오이도,7835,7333,15168,502,6,30,목
2022-06-30,안산선,정왕,7058,7571,14629,-513,6,30,목
2022-06-30,안산선,신길온천,1628,1439,3067,189,6,30,목
2022-06-30,안산선,안산,10974,9932,20906,1042,6,30,목
2022-06-30,안산선,초지,4517,4608,9125,-91,6,30,목
2022-06-30,안산선,고잔,8308,7862,16170,446,6,30,목
2022-06-30,안산선,중앙,16665,16883,33548,-218,6,30,목
2022-06-30,안산선,한대앞,8646,8578,17224,68,6,30,목
2022-06-30,안산선,상록수,14743,14531,29274,212,6,30,목
2022-06-30,안산선,반월,3958,3847,7805,111,6,30,목
2022-06-30,안산선,대야미,4667,4125,8792,542,6,30,목
2022-06-30,안산선,산본,15195,15589,30784,-394,6,30,목
2022-06-30,신림선,관악산(서울대),1727,1783,3510,-56,6,30,목
2022-06-30,신림선,서울대벤처타운,6115,6221,12336,-106,6,30,목
2022-06-30,신림선,서원,3021,2683,5704,338,6,30,목
2022-06-30,신림선,신림,1548,2077,3625,-529,6,30,목
2022-06-30,신림선,당곡,3741,3642,7383,99,6,30,목
2022-06-30,신림선,보라매병원,6766,6924,13690,-158,6,30,목
2022-06-30,신림선,보라매공원,1628,1759,3387,-131,6,30,목
2022-06-30,신림선,보라매,2625,2404,5029,221,6,30,목
2022-06-30,신림선,서울지방병무청,2305,2517,4822,-212,6,30,목
2022-06-30,신림선,대방,1787,1398,3185,389,6,30,목
2022-06-30,신림선,샛강,2020,2463,4483,-443,6,30,목
2022-06-30,수인선,인천,841,1411,2252,-570,6,30,목
2022-06-30,수인선,신포,1662,1727,3389,-65,6,30,목
2022-06-30,수인선,숭의,3707,3525,7232,182,6,30,목
2022-06-30,수인선,인하대,5570,5305,10875,265,6,30,목
2022-06-30,수인선,송도,2134,2012,4146,122,6,30,목
2022-06-30,수인선,연수,4260,4193,8453,67,6,30,목
2022-06-30,수인선,원인재,4026,4143,8169,-117,6,30,목
2022-06-30,수인선,남동인더스파크,2360,2650,5010,-290,6,30,목
2022-06-30,수인선,호구포,4059,4239,8298,-180,6,30,목
2022-06-30,수인선,인천논현,5162,5481,10643,-319,6,30,목
2022-06-30,수인선,소래포구,4095,3819,7914,276,6,30,목
2022-06-30,수인선,월곶,2791,2645,5436,146,6,30,목
2022-06-30,수인선,달월,84,42,126,42,6,30,목
2022-06-30,수인선,사리,4459,3991,8450,468,6,30,목
2022-06-30,수인선,야목,379,265,644,114,6,30,목
2022-06-30,수인선,어천,682,747,1429,-65,6,30,목
2022-06-30,수인선,오목천,2804,2646,5450,158,6,30,목
2022-06-30,수인선,고색,4295,3935,8230,360,6,30,목
2022-06-30,분당선,매교,3015,3049,6064,-34,6,30,목
2022-06-30,중앙선,지평,55,77,132,-22,6,30,목
2022-06-30,분당선,수원시청,12264,13310,25574,-1046,6,30,목
2022-06-30,분당선,매탄권선,5220,5003,10223,217,6,30,목
2022-06-30,분당선,망포,14734,13777,28511,957,6,30,목
2022-06-30,분당선,영통,7942,8230,16172,-288,6,30,목
2022-06-30,분당선,청명,4385,4225,8610,160,6,30,목
2022-06-30,분당선,상갈,5340,5239,10579,101,6,30,목
2022-06-30,분당선,기흥,10232,9424,19656,808,6,30,목
2022-06-30,분당선,신갈,4738,4562,9300,176,6,30,목
2022-06-30,분당선,구성,5077,5365,10442,-288,6,30,목
2022-06-30,분당선,죽전,12736,14250,26986,-1514,6,30,목
2022-06-30,분당선,보정,2750,2363,5113,387,6,30,목
2022-06-30,분당선,이매,5924,5400,11324,524,6,30,목
2022-06-30,분당선,오리,11783,9539,21322,2244,6,30,목
2022-06-30,분당선,미금,14840,15932,30772,-1092,6,30,목
2022-06-30,분당선,정자,18893,20176,39069,-1283,6,30,목
2022-06-30,분당선,수내,14404,14258,28662,146,6,30,목
2022-06-30,분당선,서현,24428,25154,49582,-726,6,30,목
2022-06-30,분당선,야탑,26497,27008,53505,-511,6,30,목
2022-06-30,분당선,모란,18657,18376,37033,281,6,30,목
2022-06-30,분당선,태평,13295,12603,25898,692,6,30,목
2022-06-30,분당선,가천대,7204,8179,15383,-975,6,30,목
2022-06-30,분당선,선정릉,8884,9260,18144,-376,6,30,목
2022-06-30,분당선,강남구청,10471,11938,22409,-1467,6,30,목
2022-06-30,분당선,압구정로데오,20377,22216,42593,-1839,6,30,목
2022-06-30,분당선,서울숲,11595,11986,23581,-391,6,30,목
2022-06-30,분당선,수원,7282,6018,13300,1264,6,30,목
2022-06-30,분당선,복정,1,0,1,1,6,30,목
2022-06-30,분당선,수서,14577,15269,29846,-692,6,30,목
2022-06-30,분당선,대모산입구,4859,4490,9349,369,6,30,목
2022-06-30,분당선,개포동,3944,4064,8008,-120,6,30,목
2022-06-30,분당선,구룡,2261,2190,4451,71,6,30,목
2022-06-30,분당선,도곡,7505,7670,15175,-165,6,30,목
2022-06-30,분당선,한티,15774,16559,32333,-785,6,30,목
2022-06-30,분당선,선릉,15186,22945,38131,-7759,6,30,목
2022-06-30,과천선,범계,25210,23962,49172,1248,6,30,목
2022-06-30,과천선,평촌,17968,17895,35863,73,6,30,목
2022-06-30,과천선,인덕원,23509,24062,47571,-553,6,30,목
2022-06-30,과천선,정부과천청사,11203,11015,22218,188,6,30,목
2022-06-30,과천선,과천,6700,6035,12735,665,6,30,목
2022-06-30,과천선,대공원,2119,2203,4322,-84,6,30,목
2022-06-30,과천선,경마공원,1274,1365,2639,-91,6,30,목
2022-06-30,과천선,선바위,8255,7448,15703,807,6,30,목
2022-06-30,공항철도 1호선,영종,2921,2949,5870,-28,6,30,목
2022-06-30,공항철도 1호선,인천공항2터미널,3596,3097,6693,499,6,30,목
2022-06-30,공항철도 1호선,인천공항1터미널,7550,6970,14520,580,6,30,목
2022-06-30,공항철도 1호선,공항화물청사,2319,2496,4815,-177,6,30,목
2022-06-30,공항철도 1호선,운서,7127,7171,14298,-44,6,30,목
2022-06-30,공항철도 1호선,청라국제도시,7205,6946,14151,259,6,30,목
2022-06-30,공항철도 1호선,검암,6556,6385,12941,171,6,30,목
2022-06-30,공항철도 1호선,계양,11063,10278,21341,785,6,30,목
2022-06-30,공항철도 1호선,김포공항,12543,7023,19566,5520,6,30,목
2022-06-30,공항철도 1호선,마곡나루(서울식물원),9483,8997,18480,486,6,30,목
2022-06-30,공항철도 1호선,디지털미디어시티,15958,14913,30871,1045,6,30,목
2022-06-30,공항철도 1호선,홍대입구,9813,10254,20067,-441,6,30,목
2022-06-30,공항철도 1호선,공덕,2513,3339,5852,-826,6,30,목
2022-06-30,공항철도 1호선,서울역,9421,8329,17750,1092,6,30,목
2022-06-30,경춘선,춘천,1008,982,1990,26,6,30,목
2022-06-30,경춘선,남춘천,2015,1995,4010,20,6,30,목
2022-06-30,경춘선,김유정,230,202,432,28,6,30,목
2022-06-30,경춘선,강촌,299,324,623,-25,6,30,목
2022-06-30,경춘선,백양리,97,75,172,22,6,30,목
2022-06-30,경춘선,굴봉산,111,65,176,46,6,30,목
2022-06-30,경춘선,가평,2275,2039,4314,236,6,30,목
2022-06-30,경춘선,상천,191,209,400,-18,6,30,목
2022-06-30,경춘선,청평,1732,1588,3320,144,6,30,목
2022-06-30,경춘선,대성리,1277,1238,2515,39,6,30,목
2022-06-30,경춘선,마석,3600,3466,7066,134,6,30,목
2022-06-30,경춘선,천마산,1489,1377,2866,112,6,30,목
2022-06-30,경춘선,평내호평,5818,5702,11520,116,6,30,목
2022-06-30,경춘선,금곡,1421,1391,2812,30,6,30,목
2022-06-30,경춘선,사릉,2261,2273,4534,-12,6,30,목
2022-06-30,경춘선,퇴계원,3375,3127,6502,248,6,30,목
2022-06-30,경춘선,별내,3046,2832,5878,214,6,30,목
2022-06-30,경춘선,갈매,3107,2632,5739,475,6,30,목
2022-06-30,경춘선,신내,2282,2231,4513,51,6,30,목
2022-06-30,경인선,도화,4088,3788,7876,300,6,30,목
2022-06-30,경인선,중동,9220,8654,17874,566,6,30,목
2022-06-30,경인선,온수(성공회대입구),6655,6319,12974,336,6,30,목
2022-06-30,경인선,도원,3369,3266,6635,103,6,30,목
2022-06-30,경인선,간석,5863,5476,11339,387,6,30,목
2022-06-30,경인선,부개,8622,8114,16736,508,6,30,목
2022-06-30,경인선,소사,8041,7912,15953,129,6,30,목
2022-06-30,경인선,구일,9402,10011,19413,-609,6,30,목
2022-06-30,경인선,인천,2821,2076,4897,745,6,30,목
2022-06-30,경인선,동인천,13243,12667,25910,576,6,30,목
2022-06-30,경인선,제물포,10132,9587,19719,545,6,30,목
2022-06-30,경인선,주안,18000,16290,34290,1710,6,30,목
2022-06-30,경인선,동암,14911,14708,29619,203,6,30,목
2022-06-30,경인선,백운,6760,6564,13324,196,6,30,목
2022-06-30,경인선,부평,27361,28892,56253,-1531,6,30,목
2022-06-30,경인선,송내,27013,27219,54232,-206,6,30,목
2022-06-30,경인선,부천,29831,29780,59611,51,6,30,목
2022-06-30,경인선,역곡,25996,25649,51645,347,6,30,목
2022-06-30,경인선,오류동,11582,10627,22209,955,6,30,목
2022-06-30,경인선,개봉,20727,20461,41188,266,6,30,목
2022-06-30,경의선,임진강,2,2,4,0,6,30,목
2022-06-30,경의선,문산,4559,4634,9193,-75,6,30,목
2022-06-30,경의선,파주,955,611,1566,344,6,30,목
2022-06-30,경의선,월롱,2590,2353,4943,237,6,30,목
2022-06-30,경의선,금촌,5829,5718,11547,111,6,30,목
2022-06-30,경의선,금릉,4554,4404,8958,150,6,30,목
2022-06-30,경의선,운정,6701,6405,13106,296,6,30,목
2022-06-30,경의선,야당,7342,7324,14666,18,6,30,목
2022-06-30,경의선,탄현,7832,7462,15294,370,6,30,목
2022-06-30,경의선,일산,9224,9039,18263,185,6,30,목
2022-06-30,경의선,풍산,5293,4935,10228,358,6,30,목
2022-06-30,경의선,백마,6826,6669,13495,157,6,30,목
2022-06-30,경의선,곡산,570,590,1160,-20,6,30,목
2022-06-30,경의선,능곡,3691,3345,7036,346,6,30,목
2022-06-30,경의선,행신,8144,8084,16228,60,6,30,목
2022-06-30,경의선,강매,3169,2773,5942,396,6,30,목
2022-06-30,경의선,화전,1574,1434,3008,140,6,30,목
2022-06-30,경의선,수색,2773,2981,5754,-208,6,30,목
2022-06-30,경의선,디지털미디어시티,2778,2422,5200,356,6,30,목
2022-06-30,경의선,가좌,5564,5317,10881,247,6,30,목
2022-06-30,경의선,홍대입구,1594,1869,3463,-275,6,30,목
2022-06-30,경의선,서강대,2267,2192,4459,75,6,30,목
2022-06-30,경의선,공덕,3937,3337,7274,600,6,30,목
2022-06-30,경의선,효창공원앞,3044,3478,6522,-434,6,30,목
2022-06-30,경의선,신촌,906,1149,2055,-243,6,30,목
2022-06-30,경의선,서울역,4496,5812,10308,-1316,6,30,목
2022-06-30,경원선,소요산,1445,1339,2784,106,6,30,목
2022-06-30,경원선,동두천,1995,2120,4115,-125,6,30,목
2022-06-30,경원선,보산,1615,1341,2956,274,6,30,목
2022-06-30,경원선,동두천중앙,2874,2720,5594,154,6,30,목
2022-06-30,경원선,지행,6136,5998,12134,138,6,30,목
2022-06-30,경원선,덕정,5048,4956,10004,92,6,30,목
2022-06-30,경원선,덕계,3065,2723,5788,342,6,30,목
2022-06-30,경원선,양주,7141,6686,13827,455,6,30,목
2022-06-30,경원선,녹양,4314,4176,8490,138,6,30,목
2022-06-30,경원선,가능,6410,6284,12694,126,6,30,목
2022-06-30,경원선,의정부,16913,17469,34382,-556,6,30,목
2022-06-30,경원선,회룡,11993,11811,23804,182,6,30,목
2022-06-30,경원선,망월사,7453,7502,14955,-49,6,30,목
2022-06-30,경원선,도봉산,5983,3588,9571,2395,6,30,목
2022-06-30,경원선,도봉,5944,5718,11662,226,6,30,목
2022-06-30,경원선,방학,10004,9796,19800,208,6,30,목
2022-06-30,경원선,녹천,4746,4155,8901,591,6,30,목
2022-06-30,경원선,월계,6704,6414,13118,290,6,30,목
2022-06-30,경원선,광운대,7498,7378,14876,120,6,30,목
2022-06-30,경원선,석계,7033,8610,15643,-1577,6,30,목
2022-06-30,경원선,신이문,8445,7844,16289,601,6,30,목
2022-06-30,경원선,외대앞,7619,7441,15060,178,6,30,목
2022-06-30,경원선,청량리(서울시립대입구),14325,15015,29340,-690,6,30,목
2022-06-30,경원선,왕십리(성동구청),14923,16620,31543,-1697,6,30,목
2022-06-30,경원선,응봉,1898,1602,3500,296,6,30,목
2022-06-30,경원선,옥수,43,37,80,6,6,30,목
2022-06-30,경원선,한남,4251,4002,8253,249,6,30,목
2022-06-30,경원선,서빙고,2385,2245,4630,140,6,30,목
2022-06-30,경원선,이촌(국립중앙박물관),3779,3041,6820,738,6,30,목
2022-06-30,경부선,광명,3567,3213,6780,354,6,30,목
2022-06-30,경부선,서동탄,1412,1232,2644,180,6,30,목
2022-06-30,경부선,당정,6094,5784,11878,310,6,30,목
2022-06-30,경부선,천안,4879,4811,9690,68,6,30,목
2022-06-30,경부선,두정,5421,5418,10839,3,6,30,목
2022-06-30,경부선,직산,826,792,1618,34,6,30,목
2022-06-30,경부선,성환,3381,3353,6734,28,6,30,목
2022-06-30,경부선,평택,11163,10796,21959,367,6,30,목
2022-06-30,경부선,평택지제,3630,3635,7265,-5,6,30,목
2022-06-30,경부선,서정리,6707,5962,12669,745,6,30,목
2022-06-30,경부선,송탄,4149,4008,8157,141,6,30,목
2022-06-30,경부선,진위,1695,1483,3178,212,6,30,목
2022-06-30,경부선,오산,9053,9008,18061,45,6,30,목
2022-06-30,경부선,오산대,3401,3131,6532,270,6,30,목
2022-06-30,경부선,세마,2876,2710,5586,166,6,30,목
2022-06-30,경부선,병점,13357,13379,26736,-22,6,30,목
2022-06-30,경부선,세류,2772,2422,5194,350,6,30,목
2022-06-30,경부선,독산,19067,19709,38776,-642,6,30,목
2022-06-30,경부선,수원,31576,31429,63005,147,6,30,목
2022-06-30,경부선,화서,7763,7439,15202,324,6,30,목
2022-06-30,경부선,성균관대,13412,13112,26524,300,6,30,목
2022-06-30,경부선,의왕,8510,8599,17109,-89,6,30,목
2022-06-30,경부선,군포,7370,7301,14671,69,6,30,목
2022-06-30,경부선,금정,26095,27005,53100,-910,6,30,목
2022-06-30,경부선,명학,9087,9106,18193,-19,6,30,목
2022-06-30,경부선,안양,21099,20696,41795,403,6,30,목
2022-06-30,경부선,관악,6908,6595,13503,313,6,30,목
2022-06-30,경부선,석수,9132,8082,17214,1050,6,30,목
2022-06-30,경부선,금천구청,11141,11218,22359,-77,6,30,목
2022-06-30,경부선,가산디지털단지,18637,21672,40309,-3035,6,30,목
2022-06-30,경부선,구로,18211,18702,36913,-491,6,30,목
2022-06-30,경부선,신길,8812,7666,16478,1146,6,30,목
2022-06-30,경부선,신도림,3468,3783,7251,-315,6,30,목
2022-06-30,경부선,영등포,37514,38830,76344,-1316,6,30,목
2022-06-30,경부선,대방,11239,12248,23487,-1009,6,30,목
2022-06-30,경부선,노량진,6756,7136,13892,-380,6,30,목
2022-06-30,경부선,용산,39328,39612,78940,-284,6,30,목
2022-06-30,경부선,남영,9765,10147,19912,-382,6,30,목
2022-06-30,경부선,서울역,7738,2448,10186,5290,6,30,목
2022-06-30,경강선,여주,1876,1963,3839,-87,6,30,목
2022-06-30,경강선,세종대왕릉,335,316,651,19,6,30,목
2022-06-30,경강선,부발,2038,1893,3931,145,6,30,목
2022-06-30,경강선,이천,2382,2423,4805,-41,6,30,목
2022-06-30,경강선,신둔도예촌,1446,1352,2798,94,6,30,목
2022-06-30,경강선,곤지암,1940,1972,3912,-32,6,30,목
2022-06-30,경강선,초월,3224,3040,6264,184,6,30,목
2022-06-30,경강선,경기광주,7892,7383,15275,509,6,30,목
2022-06-30,경강선,삼동,2481,2295,4776,186,6,30,목
2022-06-30,경강선,이매,1154,986,2140,168,6,30,목
2022-06-30,경강선,판교,5459,5381,10840,78,6,30,목
2022-06-30,9호선2~3단계,중앙보훈병원,11548,10202,21750,1346,6,30,목
2022-06-30,9호선2~3단계,둔촌오륜,1336,1113,2449,223,6,30,목
2022-06-30,9호선2~3단계,올림픽공원(한국체대),6025,6158,12183,-133,6,30,목
2022-06-30,9호선2~3단계,한성백제,2868,2643,5511,225,6,30,목
2022-06-30,9호선2~3단계,송파나루,5557,5901,11458,-344,6,30,목
2022-06-30,9호선2~3단계,석촌,8361,7522,15883,839,6,30,목
2022-06-30,9호선2~3단계,석촌고분,6883,6730,13613,153,6,30,목
2022-06-30,9호선2~3단계,삼전,7600,7353,14953,247,6,30,목
2022-06-30,9호선2~3단계,종합운동장,4797,4555,9352,242,6,30,목
2022-06-30,9호선2~3단계,봉은사,23074,23797,46871,-723,6,30,목
2022-06-30,9호선2~3단계,삼성중앙,8659,8694,17353,-35,6,30,목
2022-06-30,9호선2~3단계,선정릉,10684,11760,22444,-1076,6,30,목
2022-06-30,9호선2~3단계,언주,12413,12328,24741,85,6,30,목
2022-06-30,9호선,신논현,30925,30582,61507,343,6,30,목
2022-06-30,9호선,사평,4295,4166,8461,129,6,30,목
2022-06-30,9호선,고속터미널,12556,16324,28880,-3768,6,30,목
2022-06-30,9호선,신반포,3694,3632,7326,62,6,30,목
2022-06-30,9호선,구반포,1388,1423,2811,-35,6,30,목
2022-06-30,9호선,동작(현충원),2079,1577,3656,502,6,30,목
2022-06-30,9호선,흑석(중앙대입구),8420,8792,17212,-372,6,30,목
2022-06-30,9호선,노들,4667,3826,8493,841,6,30,목
2022-06-30,9호선,노량진,25180,24074,49254,1106,6,30,목
2022-06-30,9호선,샛강,6979,6854,13833,125,6,30,목
2022-06-30,9호선,여의도,31716,30203,61919,1513,6,30,목
2022-06-30,9호선,국회의사당,18590,19025,37615,-435,6,30,목
2022-06-30,9호선,당산,19494,19990,39484,-496,6,30,목
2022-06-30,9호선,선유도,10073,9519,19592,554,6,30,목
2022-06-30,9호선,신목동,4563,3913,8476,650,6,30,목
2022-06-30,9호선,염창,18063,17312,35375,751,6,30,목
2022-06-30,9호선,등촌,11960,11518,23478,442,6,30,목
2022-06-30,9호선,증미,7948,7683,15631,265,6,30,목
2022-06-30,9호선,가양,21328,20912,42240,416,6,30,목
2022-06-30,9호선,양천향교,10232,10714,20946,-482,6,30,목
2022-06-30,9호선,마곡나루(서울식물원),12979,12839,25818,140,6,30,목
2022-06-30,9호선,신방화,7148,7076,14224,72,6,30,목
2022-06-30,9호선,공항시장,3074,3295,6369,-221,6,30,목
2022-06-30,9호선,김포공항,8455,12291,20746,-3836,6,30,목
2022-06-30,9호선,개화,2836,1852,4688,984,6,30,목
2022-06-30,8호선,남위례,5176,5387,10563,-211,6,30,목
2022-06-30,8호선,모란,4361,3417,7778,944,6,30,목
2022-06-30,8호선,수진,5497,5068,10565,429,6,30,목
2022-06-30,8호선,신흥,4161,4599,8760,-438,6,30,목
2022-06-30,8호선,단대오거리,10087,10104,20191,-17,6,30,목
2022-06-30,8호선,남한산성입구(성남법원.검찰청),13172,12062,25234,1110,6,30,목
2022-06-30,8호선,산성,5223,5330,10553,-107,6,30,목
2022-06-30,8호선,복정,9278,8068,17346,1210,6,30,목
2022-06-30,8호선,장지,18006,17208,35214,798,6,30,목
2022-06-30,8호선,문정,23704,24663,48367,-959,6,30,목
2022-06-30,8호선,가락시장,7780,8429,16209,-649,6,30,목
2022-06-30,8호선,송파,10168,9985,20153,183,6,30,목
2022-06-30,8호선,석촌,7645,8753,16398,-1108,6,30,목
2022-06-30,8호선,잠실(송파구청),15827,18076,33903,-2249,6,30,목
2022-06-30,8호선,몽촌토성(평화의문),6495,6696,13191,-201,6,30,목
2022-06-30,8호선,강동구청,10853,11300,22153,-447,6,30,목
2022-06-30,8호선,천호(풍납토성),14638,16717,31355,-2079,6,30,목
2022-06-30,8호선,암사,19265,17156,36421,2109,6,30,목
2022-06-30,7호선,온수(성공회대입구),10261,9533,19794,728,6,30,목
2022-06-30,7호선,천왕,11646,11121,22767,525,6,30,목
2022-06-30,7호선,광명사거리,20819,20696,41515,123,6,30,목
2022-06-30,7호선,철산,20727,20962,41689,-235,6,30,목
2022-06-30,7호선,가산디지털단지,47532,47454,94986,78,6,30,목
2022-06-30,7호선,남구로,16175,17046,33221,-871,6,30,목
2022-06-30,7호선,대림(구로구청),7682,7518,15200,164,6,30,목
2022-06-30,7호선,신풍,11875,11359,23234,516,6,30,목
2022-06-30,7호선,보라매,8064,8062,16126,2,6,30,목
2022-06-30,7호선,신대방삼거리,15328,14493,29821,835,6,30,목
2022-06-30,7호선,장승배기,9092,8890,17982,202,6,30,목
2022-06-30,7호선,상도,11118,10794,21912,324,6,30,목
2022-06-30,7호선,숭실대입구(살피재),12311,12312,24623,-1,6,30,목
2022-06-30,7호선,남성,11415,10521,21936,894,6,30,목
2022-06-30,7호선,이수,16682,16084,32766,598,6,30,목
2022-06-30,7호선,내방,15030,15481,30511,-451,6,30,목
2022-06-30,7호선,고속터미널,16155,13835,29990,2320,6,30,목
2022-06-30,7호선,반포,6103,5955,12058,148,6,30,목
2022-06-30,7호선,논현,19260,20404,39664,-1144,6,30,목
2022-06-30,7호선,학동,25894,27243,53137,-1349,6,30,목
2022-06-30,7호선,강남구청,17664,19632,37296,-1968,6,30,목
2022-06-30,7호선,청담,21424,23782,45206,-2358,6,30,목
2022-06-30,7호선,뚝섬유원지,7072,6940,14012,132,6,30,목
2022-06-30,7호선,건대입구,13644,14069,27713,-425,6,30,목
2022-06-30,7호선,어린이대공원(세종대),14046,13809,27855,237,6,30,목
2022-06-30,7호선,군자(능동),15692,12519,28211,3173,6,30,목
2022-06-30,7호선,중곡,11574,10973,22547,601,6,30,목
2022-06-30,7호선,용마산(용마폭포공원),6217,6025,12242,192,6,30,목
2022-06-30,7호선,사가정,15954,16118,32072,-164,6,30,목
2022-06-30,7호선,면목,15219,15041,30260,178,6,30,목
2022-06-30,7호선,상봉(시외버스터미널),16919,16129,33048,790,6,30,목
2022-06-30,7호선,중화,11165,11160,22325,5,6,30,목
2022-06-30,7호선,먹골,10588,10667,21255,-79,6,30,목
2022-06-30,7호선,태릉입구,8785,8398,17183,387,6,30,목
2022-06-30,7호선,공릉(서울과학기술대),12481,12330,24811,151,6,30,목
2022-06-30,7호선,하계,19459,18473,37932,986,6,30,목
2022-06-30,7호선,중계,15918,14743,30661,1175,6,30,목
2022-06-30,7호선,노원,20536,21600,42136,-1064,6,30,목
2022-06-30,7호선,마들,14244,13695,27939,549,6,30,목
2022-06-30,7호선,수락산,13314,13034,26348,280,6,30,목
2022-06-30,7호선,도봉산,9017,10100,19117,-1083,6,30,목
2022-06-30,7호선,장암,2429,856,3285,1573,6,30,목
2022-06-30,6호선,신내,1,0,1,1,6,30,목
2022-06-30,6호선,봉화산(서울의료원),9388,8997,18385,391,6,30,목
2022-06-30,6호선,화랑대(서울여대입구),12020,9496,21516,2524,6,30,목
2022-06-30,6호선,태릉입구,5698,6098,11796,-400,6,30,목
2022-06-30,6호선,석계,12705,13253,25958,-548,6,30,목
2022-06-30,6호선,돌곶이,9876,9086,18962,790,6,30,목
2022-06-30,6호선,상월곡(한국과학기술연구원),7098,6579,13677,519,6,30,목
2022-06-30,6호선,월곡(동덕여대),12001,12045,24046,-44,6,30,목
2022-06-30,6호선,고려대(종암),8764,8732,17496,32,6,30,목
2022-06-30,6호선,안암(고대병원앞),11378,11194,22572,184,6,30,목
2022-06-30,6호선,보문,7891,7465,15356,426,6,30,목
2022-06-30,6호선,창신,3931,3294,7225,637,6,30,목
2022-06-30,6호선,동묘앞,7499,7784,15283,-285,6,30,목
2022-06-30,6호선,신당,8556,9058,17614,-502,6,30,목
2022-06-30,6호선,청구,3762,3994,7756,-232,6,30,목
2022-06-30,6호선,약수,3818,3802,7620,16,6,30,목
2022-06-30,6호선,버티고개,2331,2228,4559,103,6,30,목
2022-06-30,6호선,한강진,8111,9287,17398,-1176,6,30,목
2022-06-30,6호선,이태원,10249,11184,21433,-935,6,30,목
2022-06-30,6호선,녹사평(용산구청),4785,4771,9556,14,6,30,목
2022-06-30,6호선,삼각지,7891,6774,14665,1117,6,30,목
2022-06-30,6호선,효창공원앞,7136,6503,13639,633,6,30,목
2022-06-30,6호선,공덕,19346,18751,38097,595,6,30,목
2022-06-30,6호선,대흥(서강대앞),9062,9351,18413,-289,6,30,목
2022-06-30,6호선,광흥창(서강),9787,9527,19314,260,6,30,목
2022-06-30,6호선,상수,9003,10162,19165,-1159,6,30,목
2022-06-30,6호선,합정,13210,12815,26025,395,6,30,목
2022-06-30,6호선,망원,13661,14357,28018,-696,6,30,목
2022-06-30,6호선,마포구청,14855,13396,28251,1459,6,30,목
2022-06-30,6호선,월드컵경기장(성산),3535,3805,7340,-270,6,30,목
2022-06-30,6호선,디지털미디어시티,14646,16851,31497,-2205,6,30,목
2022-06-30,6호선,증산(명지대앞),10044,10051,20095,-7,6,30,목
2022-06-30,6호선,새절(신사),12657,11873,24530,784,6,30,목
2022-06-30,6호선,구산,7976,5978,13954,1998,6,30,목
2022-06-30,6호선,독바위,2852,2901,5753,-49,6,30,목
2022-06-30,6호선,불광,4250,4290,8540,-40,6,30,목
2022-06-30,6호선,역촌,3945,4565,8510,-620,6,30,목
2022-06-30,6호선,응암,17328,17332,34660,-4,6,30,목
2022-06-30,5호선,하남검단산,5519,5364,10883,155,6,30,목
2022-06-30,5호선,하남시청(덕풍·신장),6507,6446,12953,61,6,30,목
2022-06-30,5호선,하남풍산,4208,4186,8394,22,6,30,목
2022-06-30,5호선,미사,16419,16497,32916,-78,6,30,목
2022-06-30,5호선,강일,4165,4224,8389,-59,6,30,목
2022-06-30,5호선,마천,7106,6889,13995,217,6,30,목
2022-06-30,5호선,거여,10559,10394,20953,165,6,30,목
2022-06-30,5호선,개롱,6751,6961,13712,-210,6,30,목
2022-06-30,5호선,오금,3942,3944,7886,-2,6,30,목
2022-06-30,5호선,방이,7630,7851,15481,-221,6,30,목
2022-06-30,5호선,올림픽공원(한국체대),4439,3646,8085,793,6,30,목
2022-06-30,5호선,둔촌동,7997,8106,16103,-109,6,30,목
2022-06-30,5호선,상일동,15333,14470,29803,863,6,30,목
2022-06-30,5호선,고덕,9845,9691,19536,154,6,30,목
2022-06-30,5호선,명일,8843,9287,18130,-444,6,30,목
2022-06-30,5호선,굽은다리(강동구민회관앞),9676,9479,19155,197,6,30,목
2022-06-30,5호선,길동,8063,8431,16494,-368,6,30,목
2022-06-30,5호선,강동,19229,18688,37917,541,6,30,목
2022-06-30,5호선,천호(풍납토성),17558,17270,34828,288,6,30,목
2022-06-30,5호선,광나루(장신대),13625,12456,26081,1169,6,30,목
2022-06-30,5호선,아차산(어린이대공원후문),13976,13610,27586,366,6,30,목
2022-06-30,5호선,군자(능동),11443,12493,23936,-1050,6,30,목
2022-06-30,5호선,장한평,19669,19959,39628,-290,6,30,목
2022-06-30,5호선,답십리,16616,15049,31665,1567,6,30,목
2022-06-30,5호선,마장,5811,5410,11221,401,6,30,목
2022-06-30,5호선,왕십리(성동구청),4817,5296,10113,-479,6,30,목
2022-06-30,5호선,행당,8664,7779,16443,885,6,30,목
2022-06-30,5호선,신금호,7005,7163,14168,-158,6,30,목
2022-06-30,5호선,청구,4099,3663,7762,436,6,30,목
2022-06-30,5호선,동대문역사문화공원(DDP),3457,3885,7342,-428,6,30,목
2022-06-30,5호선,을지로4가,6186,6200,12386,-14,6,30,목
2022-06-30,5호선,종로3가,11865,11622,23487,243,6,30,목
2022-06-30,5호선,광화문(세종문화회관),32777,34543,67320,-1766,6,30,목
2022-06-30,5호선,서대문,21476,21441,42917,35,6,30,목
2022-06-30,5호선,충정로(경기대입구),4959,4899,9858,60,6,30,목
2022-06-30,5호선,애오개,7288,7187,14475,101,6,30,목
2022-06-30,5호선,공덕,15427,16472,31899,-1045,6,30,목
2022-06-30,5호선,마포,15612,15901,31513,-289,6,30,목
2022-06-30,5호선,여의나루,8840,10631,19471,-1791,6,30,목
2022-06-30,5호선,여의도,32968,34300,67268,-1332,6,30,목
2022-06-30,5호선,신길,4613,4922,9535,-309,6,30,목
2022-06-30,5호선,영등포시장,10229,10602,20831,-373,6,30,목
2022-06-30,5호선,영등포구청,4022,4212,8234,-190,6,30,목
2022-06-30,5호선,양평,7921,8016,15937,-95,6,30,목
2022-06-30,5호선,오목교(목동운동장앞),22388,23629,46017,-1241,6,30,목
2022-06-30,5호선,목동,16916,18269,35185,-1353,6,30,목
2022-06-30,5호선,신정(은행정),14353,11801,26154,2552,6,30,목
2022-06-30,5호선,까치산,28828,27401,56229,1427,6,30,목
2022-06-30,5호선,화곡,28397,26254,54651,2143,6,30,목
2022-06-30,5호선,우장산,14745,14368,29113,377,6,30,목
2022-06-30,5호선,발산,21605,22096,43701,-491,6,30,목
2022-06-30,5호선,마곡,11296,11272,22568,24,6,30,목
2022-06-30,5호선,송정,6538,6079,12617,459,6,30,목
2022-06-30,5호선,김포공항,7976,7480,15456,496,6,30,목
2022-06-30,5호선,개화산,5698,5475,11173,223,6,30,목
2022-06-30,5호선,방화,6878,6742,13620,136,6,30,목
2022-06-30,4호선,남태령,1368,1456,2824,-88,6,30,목
2022-06-30,4호선,사당,25316,21638,46954,3678,6,30,목
2022-06-30,4호선,총신대입구(이수),18178,20052,38230,-1874,6,30,목
2022-06-30,4호선,동작(현충원),976,1107,2083,-131,6,30,목
2022-06-30,4호선,이촌(국립중앙박물관),9174,9826,19000,-652,6,30,목
2022-06-30,4호선,신용산,18245,20036,38281,-1791,6,30,목
2022-06-30,4호선,삼각지,5594,6391,11985,-797,6,30,목
2022-06-30,4호선,숙대입구(갈월),13541,13048,26589,493,6,30,목
2022-06-30,4호선,서울역,12225,19179,31404,-6954,6,30,목
2022-06-30,4호선,회현(남대문시장),22734,25043,47777,-2309,6,30,목
2022-06-30,4호선,명동,17965,20187,38152,-2222,6,30,목
2022-06-30,4호선,충무로,28112,29730,57842,-1618,6,30,목
2022-06-30,4호선,동대문역사문화공원(DDP),16143,16143,32286,0,6,30,목
2022-06-30,4호선,동대문,19503,20177,39680,-674,6,30,목
2022-06-30,4호선,혜화,34634,35754,70388,-1120,6,30,목
2022-06-30,4호선,한성대입구(삼선교),13503,13378,26881,125,6,30,목
2022-06-30,4호선,성신여대입구(돈암),19691,19525,39216,166,6,30,목
2022-06-30,4호선,길음,21168,19598,40766,1570,6,30,목
2022-06-30,4호선,미아사거리,26570,24440,51010,2130,6,30,목
2022-06-30,4호선,미아(서울사이버대학),14595,13290,27885,1305,6,30,목
2022-06-30,4호선,수유(강북구청),32555,32179,64734,376,6,30,목
2022-06-30,4호선,쌍문,28435,24657,53092,3778,6,30,목
2022-06-30,4호선,창동,24842,28190,53032,-3348,6,30,목
2022-06-30,4호선,노원,17718,19382,37100,-1664,6,30,목
2022-06-30,4호선,상계,19276,17183,36459,2093,6,30,목
2022-06-30,4호선,당고개,8567,7531,16098,1036,6,30,목
2022-06-30,3호선,오금,6316,5752,12068,564,6,30,목
2022-06-30,3호선,경찰병원,7957,7817,15774,140,6,30,목
2022-06-30,3호선,가락시장,8765,8694,17459,71,6,30,목
2022-06-30,3호선,수서,18227,18508,36735,-281,6,30,목
2022-06-30,3호선,일원,11094,10729,21823,365,6,30,목
2022-06-30,3호선,대청,10907,9984,20891,923,6,30,목
2022-06-30,3호선,학여울,1809,1872,3681,-63,6,30,목
2022-06-30,3호선,대치,11160,11236,22396,-76,6,30,목
2022-06-30,3호선,도곡,5572,5661,11233,-89,6,30,목
2022-06-30,3호선,매봉,13277,12837,26114,440,6,30,목
2022-06-30,3호선,양재(서초구청),39721,42953,82674,-3232,6,30,목
2022-06-30,3호선,남부터미널(예술의전당),29791,30541,60332,-750,6,30,목
2022-06-30,3호선,교대(법원.검찰청),14976,9952,24928,5024,6,30,목
2022-06-30,3호선,고속터미널,42028,40584,82612,1444,6,30,목
2022-06-30,3호선,잠원,5002,4807,9809,195,6,30,목
2022-06-30,3호선,신사,28939,30692,59631,-1753,6,30,목
2022-06-30,3호선,압구정,33584,35640,69224,-2056,6,30,목
2022-06-30,3호선,옥수,9071,9428,18499,-357,6,30,목
2022-06-30,3호선,금호,8131,7540,15671,591,6,30,목
2022-06-30,3호선,약수,13303,12741,26044,562,6,30,목
2022-06-30,3호선,동대입구,8030,8104,16134,-74,6,30,목
2022-06-30,3호선,충무로,2,0,2,2,6,30,목
2022-06-30,3호선,을지로3가,11672,11666,23338,6,6,30,목
2022-06-30,3호선,종로3가,10336,11598,21934,-1262,6,30,목
2022-06-30,3호선,안국,22881,22784,45665,97,6,30,목
2022-06-30,3호선,경복궁(정부서울청사),20832,20770,41602,62,6,30,목
2022-06-30,3호선,독립문,6623,6783,13406,-160,6,30,목
2022-06-30,3호선,무악재,4069,3930,7999,139,6,30,목
2022-06-30,3호선,홍제,16934,16284,33218,650,6,30,목
2022-06-30,3호선,녹번,16026,14264,30290,1762,6,30,목
2022-06-30,3호선,불광,15550,16246,31796,-696,6,30,목
2022-06-30,3호선,연신내,34803,32956,67759,1847,6,30,목
2022-06-30,3호선,구파발,20751,20192,40943,559,6,30,목
2022-06-30,3호선,지축,5106,4798,9904,308,6,30,목
2022-06-30,2호선,용두(동대문구청),2481,2419,4900,62,6,30,목
2022-06-30,2호선,낙성대(강감찬),28195,27029,55224,1166,6,30,목
2022-06-30,2호선,서울대입구(관악구청),46179,45025,91204,1154,6,30,목
2022-06-30,2호선,봉천,24330,22742,47072,1588,6,30,목
2022-06-30,2호선,신림,58153,55580,113733,2573,6,30,목
2022-06-30,2호선,신대방,25290,24738,50028,552,6,30,목
2022-06-30,2호선,구로디지털단지,60224,60739,120963,-515,6,30,목
2022-06-30,2호선,대림(구로구청),22994,23542,46536,-548,6,30,목
2022-06-30,2호선,신도림,48141,47766,95907,375,6,30,목
2022-06-30,2호선,문래,23080,23502,46582,-422,6,30,목
2022-06-30,2호선,영등포구청,22701,23399,46100,-698,6,30,목
2022-06-30,2호선,당산,17226,20809,38035,-3583,6,30,목
2022-06-30,2호선,합정,30760,32751,63511,-1991,6,30,목
2022-06-30,2호선,홍대입구,54376,57846,112222,-3470,6,30,목
2022-06-30,2호선,신촌,35335,35971,71306,-636,6,30,목
2022-06-30,2호선,이대,14014,14867,28881,-853,6,30,목
2022-06-30,2호선,아현,10826,10287,21113,539,6,30,목
2022-06-30,2호선,충정로(경기대입구),10813,11482,22295,-669,6,30,목
2022-06-30,2호선,용답,2675,2724,5399,-49,6,30,목
2022-06-30,2호선,신답,1857,2181,4038,-324,6,30,목
2022-06-30,2호선,신설동,4249,3655,7904,594,6,30,목
2022-06-30,2호선,도림천,1537,1630,3167,-93,6,30,목
2022-06-30,2호선,양천구청,7025,7347,14372,-322,6,30,목
