노선,승차승객,하차승객,총 승객,승차-하차,월,일,요일
22,2283,1940,4223,343,9,25,6
12,4697,4287,8984,410,9,25,6
7,3454,4242,7696,-788,9,25,6
2,4272,4510,8782,-238,9,25,6
11,5741,7522,13263,-1781,9,25,6
6,11846,10790,22636,1056,9,25,6
8,12495,12181,24676,314,9,25,6
22,2600,2507,5107,93,9,25,6
13,3539,3383,6922,156,9,25,6
18,4528,5355,9883,-827,9,25,6
15,2764,2102,4866,662,9,25,6
14,3524,3247,6771,277,9,25,6
15,1631,1475,3106,156,9,25,6
1,37780,36088,73868,1692,9,25,6
18,3568,4345,7913,-777,9,25,6
6,6873,7500,14373,-627,9,25,6
4,10095,9944,20039,151,9,25,6
7,4915,4994,9909,-79,9,25,6
13,1735,1634,3369,101,9,25,6
1,25858,26289,52147,-431,9,25,6
4,2793,2620,5413,173,9,25,6
15,972,765,1737,207,9,25,6
4,3416,3640,7056,-224,9,25,6
14,13596,13030,26626,566,9,25,6
18,2293,2296,4589,-3,9,25,6
8,1302,1161,2463,141,9,25,6
4,2893,2919,5812,-26,9,25,6
4,5125,5124,10249,1,9,25,6
6,8497,9100,17597,-603,9,25,6
1,29592,30385,59977,-793,9,25,6
16,4147,4192,8339,-45,9,25,6
10,4812,4635,9447,177,9,25,6
17,16505,17026,33531,-521,9,25,6
2,19138,21514,40652,-2376,9,25,6
2,3146,3166,6312,-20,9,25,6
16,6775,6311,13086,464,9,25,6
4,4554,4604,9158,-50,9,25,6
5,4953,4986,9939,-33,9,25,6
19,2098,2110,4208,-12,9,25,6
2,51498,47890,99388,3608,9,25,6
6,14225,9678,23903,4547,9,25,6
8,15345,21812,37157,-6467,9,25,6
21,5972,6018,11990,-46,9,25,6
13,386,361,747,25,9,25,6
10,1854,1997,3851,-143,9,25,6
4,5552,5610,11162,-58,9,25,6
13,2298,1785,4083,513,9,25,6
16,1616,2252,3868,-636,9,25,6
5,7957,7439,15396,518,9,25,6
6,7015,7132,14147,-117,9,25,6
8,1893,2082,3975,-189,9,25,6
16,1061,1140,2201,-79,9,25,6
17,4350,4052,8402,298,9,25,6
11,5502,5029,10531,473,9,25,6
20,3944,4331,8275,-387,9,25,6
4,10028,9880,19908,148,9,25,6
11,3392,2476,5868,916,9,25,6
6,13397,13296,26693,101,9,25,6
12,4517,4857,9374,-340,9,25,6
4,17866,16715,34581,1151,9,25,6
5,4775,4549,9324,226,9,25,6
2,5242,3243,8485,1999,9,25,6
1,11928,13078,25006,-1150,9,25,6
11,11923,11779,23702,144,9,25,6
1,28030,27006,55036,1024,9,25,6
18,986,1135,2121,-149,9,25,6
25,8956,9257,18213,-301,9,25,6
8,645,630,1275,15,9,25,6
5,4453,3403,7856,1050,9,25,6
18,2613,2864,5477,-251,9,25,6
1,12931,12747,25678,184,9,25,6
14,8435,9252,17687,-817,9,25,6
2,13237,13817,27054,-580,9,25,6
25,736,608,1344,128,9,25,6
8,8239,8046,16285,193,9,25,6
6,8943,6801,15744,2142,9,25,6
4,7026,7818,14844,-792,9,25,6
11,3459,3305,6764,154,9,25,6
15,304,229,533,75,9,25,6
4,5658,5227,10885,431,9,25,6
15,997,1008,2005,-11,9,25,6
13,3308,3232,6540,76,9,25,6
11,17564,17616,35180,-52,9,25,6
11,7320,7139,14459,181,9,25,6
13,4865,5069,9934,-204,9,25,6
2,4777,4394,9171,383,9,25,6
18,5864,5664,11528,200,9,25,6
4,4572,4587,9159,-15,9,25,6
3,12687,12528,25215,159,9,25,6
15,565,610,1175,-45,9,25,6
4,7287,7275,14562,12,9,25,6
16,12043,6283,18326,5760,9,25,6
8,7315,11302,18617,-3987,9,25,6
4,17250,16529,33779,721,9,25,6
1,17989,18579,36568,-590,9,25,6
6,7473,7293,14766,180,9,25,6
19,623,627,1250,-4,9,25,6
2,17021,18470,35491,-1449,9,25,6
6,6217,6096,12313,121,9,25,6
11,5599,5969,11568,-370,9,25,6
7,3188,3287,6475,-99,9,25,6
15,2845,3753,6598,-908,9,25,6
3,952,625,1577,327,9,25,6
7,7459,6930,14389,529,9,25,6
6,5786,5879,11665,-93,9,25,6
8,3540,3037,6577,503,9,25,6
8,17139,18170,35309,-1031,9,25,6
11,7219,6744,13963,475,9,25,6
3,12936,14066,27002,-1130,9,25,6
6,12014,12258,24272,-244,9,25,6
2,8421,7506,15927,915,9,25,6
5,4841,5010,9851,-169,9,25,6
12,3258,3020,6278,238,9,25,6
12,2896,2597,5493,299,9,25,6
6,6272,6563,12835,-291,9,25,6
13,2533,2384,4917,149,9,25,6
7,5962,6025,11987,-63,9,25,6
19,65,71,136,-6,9,25,6
4,8694,8035,16729,659,9,25,6
3,6512,6108,12620,404,9,25,6
20,2468,2234,4702,234,9,25,6
8,11593,11197,22790,396,9,25,6
1,10406,11295,21701,-889,9,25,6
11,3492,3473,6965,19,9,25,6
23,1301,1163,2464,138,9,25,6
17,7856,7874,15730,-18,9,25,6
6,8870,7977,16847,893,9,25,6
1,17334,17940,35274,-606,9,25,6
18,2502,2375,4877,127,9,25,6
20,1608,1215,2823,393,9,25,6
11,6172,6853,13025,-681,9,25,6
15,2068,792,2860,1276,9,25,6
21,3587,3250,6837,337,9,25,6
2,4683,4544,9227,139,9,25,6
2,7936,6509,14445,1427,9,25,6
23,7797,7138,14935,659,9,25,6
5,4501,4724,9225,-223,9,25,6
12,2207,2104,4311,103,9,25,6
25,4040,4014,8054,26,9,25,6
12,3858,4103,7961,-245,9,25,6
2,2356,2578,4934,-222,9,25,6
18,3382,3209,6591,173,9,25,6
25,6556,6328,12884,228,9,25,6
1,954,1165,2119,-211,9,25,6
12,4023,3726,7749,297,9,25,6
6,6466,9126,15592,-2660,9,25,6
12,9833,6944,16777,2889,9,25,6
25,1542,1372,2914,170,9,25,6
14,1911,1955,3866,-44,9,25,6
14,2702,2558,5260,144,9,25,6
2,5271,5878,11149,-607,9,25,6
5,1702,2115,3817,-413,9,25,6
11,7275,7235,14510,40,9,25,6
5,6391,5936,12327,455,9,25,6
3,8784,9358,18142,-574,9,25,6
0,11486,11907,23393,-421,9,25,6
3,11167,11095,22262,72,9,25,6
1,8915,12298,21213,-3383,9,25,6
4,1067,1198,2265,-131,9,25,6
2,9035,9861,18896,-826,9,25,6
12,1702,2225,3927,-523,9,25,6
12,2801,2617,5418,184,9,25,6
0,14134,14429,28563,-295,9,25,6
5,7573,7416,14989,157,9,25,6
14,11506,11209,22715,297,9,25,6
14,10776,10461,21237,315,9,25,6
3,1615,1666,3281,-51,9,25,6
8,1355,1079,2434,276,9,25,6
11,5516,7300,12816,-1784,9,25,6
4,5223,5007,10230,216,9,25,6
9,685,702,1387,-17,9,25,6
8,5704,5604,11308,100,9,25,6
5,6440,7794,14234,-1354,9,25,6
13,1734,1526,3260,208,9,25,6
16,6670,5426,12096,1244,9,25,6
1,13847,13569,27416,278,9,25,6
6,13242,12694,25936,548,9,25,6
4,4198,4412,8610,-214,9,25,6
8,6505,6417,12922,88,9,25,6
16,2945,3219,6164,-274,9,25,6
23,3921,3963,7884,-42,9,25,6
6,6807,6269,13076,538,9,25,6
15,2962,2895,5857,67,9,25,6
4,3246,3016,6262,230,9,25,6
4,4190,4414,8604,-224,9,25,6
4,5635,5589,11224,46,9,25,6
5,8113,7186,15299,927,9,25,6
25,5746,5614,11360,132,9,25,6
5,11027,11976,23003,-949,9,25,6
12,5213,5256,10469,-43,9,25,6
18,7138,7253,14391,-115,9,25,6
18,2276,2228,4504,48,9,25,6
2,4479,4495,8974,-16,9,25,6
18,2936,2905,5841,31,9,25,6
6,5968,5638,11606,330,9,25,6
6,8755,8574,17329,181,9,25,6
3,17480,18379,35859,-899,9,25,6
4,5461,5338,10799,123,9,25,6
11,3743,3602,7345,141,9,25,6
18,12491,12603,25094,-112,9,25,6
7,2781,2472,5253,309,9,25,6
4,9199,9055,18254,144,9,25,6
7,4386,4364,8750,22,9,25,6
2,2138,2262,4400,-124,9,25,6
1,8829,9500,18329,-671,9,25,6
13,4409,4610,9019,-201,9,25,6
7,6477,6659,13136,-182,9,25,6
18,8036,8453,16489,-417,9,25,6
4,10014,10056,20070,-42,9,25,6
3,9323,8951,18274,372,9,25,6
3,18077,16861,34938,1216,9,25,6
21,2878,2865,5743,13,9,25,6
6,3254,3598,6852,-344,9,25,6
4,10642,11322,21964,-680,9,25,6
1,7732,8071,15803,-339,9,25,6
4,4796,4436,9232,360,9,25,6
12,6707,6452,13159,255,9,25,6
4,3980,3875,7855,105,9,25,6
24,940,1106,2046,-166,9,25,6
13,4107,3828,7935,279,9,25,6
23,6707,6392,13099,315,9,25,6
15,585,518,1103,67,9,25,6
14,4529,4385,8914,144,9,25,6
5,1174,1345,2519,-171,9,25,6
17,17189,16658,33847,531,9,25,6
15,2089,1863,3952,226,9,25,6
11,10843,11468,22311,-625,9,25,6
6,4245,4501,8746,-256,9,25,6
20,1725,1625,3350,100,9,25,6
20,1269,1353,2622,-84,9,25,6
20,2383,2341,4724,42,9,25,6
5,4408,4222,8630,186,9,25,6
22,1057,977,2034,80,9,25,6
12,1495,1635,3130,-140,9,25,6
18,1344,1270,2614,74,9,25,6
7,5445,5010,10455,435,9,25,6
24,624,667,1291,-43,9,25,6
9,11259,11865,23124,-606,9,25,6
1,13948,13168,27116,780,9,25,6
5,4528,4453,8981,75,9,25,6
14,5521,5150,10671,371,9,25,6
10,1820,2476,4296,-656,9,25,6
14,23756,23251,47007,505,9,25,6
14,24453,24586,49039,-133,9,25,6
22,4577,4222,8799,355,9,25,6
22,3859,4045,7904,-186,9,25,6
2,10989,12405,23394,-1416,9,25,6
5,3287,2980,6267,307,9,25,6
6,9712,9388,19100,324,9,25,6
3,19015,17536,36551,1479,9,25,6
1,26948,29308,56256,-2360,9,25,6
15,1591,1525,3116,66,9,25,6
19,3393,2792,6185,601,9,25,6
8,1781,1818,3599,-37,9,25,6
21,10327,10790,21117,-463,9,25,6
7,3463,3594,7057,-131,9,25,6
3,3685,4857,8542,-1172,9,25,6
5,5215,3827,9042,1388,9,25,6
10,1228,1209,2437,19,9,25,6
1,27235,26207,53442,1028,9,25,6
9,2323,2376,4699,-53,9,25,6
23,12546,12030,24576,516,9,25,6
22,1316,1292,2608,24,9,25,6
22,1770,1715,3485,55,9,25,6
9,4070,3779,7849,291,9,25,6
18,3193,3324,6517,-131,9,25,6
3,11706,11029,22735,677,9,25,6
6,6411,6373,12784,38,9,25,6
21,10737,10634,21371,103,9,25,6
6,10649,9770,20419,879,9,25,6
25,4354,4399,8753,-45,9,25,6
5,7005,7885,14890,-880,9,25,6
1,7776,7651,15427,125,9,25,6
5,3561,3257,6818,304,9,25,6
4,7224,7067,14291,157,9,25,6
15,589,456,1045,133,9,25,6
5,7161,7076,14237,85,9,25,6
8,2293,2146,4439,147,9,25,6
20,983,1290,2273,-307,9,25,6
13,1600,1585,3185,15,9,25,6
4,6755,6857,13612,-102,9,25,6
11,891,871,1762,20,9,25,6
12,2528,2546,5074,-18,9,25,6
20,5204,4790,9994,414,9,25,6
1,29281,30090,59371,-809,9,25,6
18,10091,10521,20612,-430,9,25,6
16,10525,9803,20328,722,9,25,6
11,10091,2570,12661,7521,9,25,6
13,1428,1354,2782,74,9,25,6
3,5744,14569,20313,-8825,9,25,6
0,34571,33994,68565,577,9,25,6
20,1500,1663,3163,-163,9,25,6
20,1890,1771,3661,119,9,25,6
11,5601,8031,13632,-2430,9,25,6
1,13276,12749,26025,527,9,25,6
18,15451,15271,30722,180,9,25,6
12,5689,6277,11966,-588,9,25,6
5,7177,7539,14716,-362,9,25,6
11,5782,5573,11355,209,9,25,6
7,4350,5645,9995,-1295,9,25,6
9,6056,5115,11171,941,9,25,6
9,3554,3606,7160,-52,9,25,6
1,15695,13387,29082,2308,9,25,6
18,3269,5008,8277,-1739,9,25,6
17,4927,4352,9279,575,9,25,6
8,3378,3329,6707,49,9,25,6
9,3710,4148,7858,-438,9,25,6
18,2300,2401,4701,-101,9,25,6
11,9131,9616,18747,-485,9,25,6
1,17133,19682,36815,-2549,9,25,6
22,2382,2661,5043,-279,9,25,6
3,14332,13415,27747,917,9,25,6
11,3184,4059,7243,-875,9,25,6
11,2466,2372,4838,94,9,25,6
11,2139,1955,4094,184,9,25,6
10,421,380,801,41,9,25,6
19,7778,7630,15408,148,9,25,6
14,6615,6542,13157,73,9,25,6
12,6408,5794,12202,614,9,25,6
22,1618,1546,3164,72,9,25,6
22,3355,2990,6345,365,9,25,6
14,15351,14823,30174,528,9,25,6
19,1798,1707,3505,91,9,25,6
4,4146,4007,8153,139,9,25,6
11,4114,4946,9060,-832,9,25,6
7,4446,4523,8969,-77,9,25,6
9,3237,3676,6913,-439,9,25,6
18,6944,6539,13483,405,9,25,6
6,9070,9160,18230,-90,9,25,6
21,2498,2336,4834,162,9,25,6
13,1082,1078,2160,4,9,25,6
18,9523,9404,18927,119,9,25,6
2,11711,12042,23753,-331,9,25,6
18,6540,5475,12015,1065,9,25,6
11,38581,37656,76237,925,9,25,6
18,8705,8810,17515,-105,9,25,6
3,22601,21554,44155,1047,9,25,6
7,3316,2954,6270,362,9,25,6
3,9699,9290,18989,409,9,25,6
6,6734,7308,14042,-574,9,25,6
19,2228,2097,4325,131,9,25,6
0,11560,10680,22240,880,9,25,6
1,8346,6969,15315,1377,9,25,6
18,2280,2425,4705,-145,9,25,6
4,3362,3667,7029,-305,9,25,6
11,5343,4691,10034,652,9,25,6
4,2278,2533,4811,-255,9,25,6
21,1452,1369,2821,83,9,25,6
5,1,0,1,1,9,25,6
15,1113,1063,2176,50,9,25,6
8,18054,17136,35190,918,9,25,6
1,913,933,1846,-20,9,25,6
1,9277,9915,19192,-638,9,25,6
5,5258,5673,10931,-415,9,25,6
1,16985,16398,33383,587,9,25,6
6,8391,8212,16603,179,9,25,6
1,32486,33141,65627,-655,9,25,6
11,2696,2967,5663,-271,9,25,6
10,1162,1157,2319,5,9,25,6
1,38622,37257,75879,1365,9,25,6
20,1125,1574,2699,-449,9,25,6
8,2127,1862,3989,265,9,25,6
8,3166,3864,7030,-698,9,25,6
8,3791,3686,7477,105,9,25,6
2,15540,15750,31290,-210,9,25,6
1,3668,3533,7201,135,9,25,6
22,1382,1326,2708,56,9,25,6
0,8885,9035,17920,-150,9,25,6
3,9601,10053,19654,-452,9,25,6
25,363,255,618,108,9,25,6
12,5313,4922,10235,391,9,25,6
4,7203,6459,13662,744,9,25,6
1,5870,5684,11554,186,9,25,6
6,1,0,1,1,9,25,6
24,1205,2458,3663,-1253,9,25,6
13,323,347,670,-24,9,25,6
1,25842,25009,50851,833,9,25,6
19,1473,1336,2809,137,9,25,6
6,7448,7100,14548,348,9,25,6
7,2896,2976,5872,-80,9,25,6
3,17731,16303,34034,1428,9,25,6
24,1421,1624,3045,-203,9,25,6
24,4732,3267,7999,1465,9,25,6
25,703,600,1303,103,9,25,6
4,12704,12258,24962,446,9,25,6
1,5891,5879,11770,12,9,25,6
2,17140,17590,34730,-450,9,25,6
21,11485,10415,21900,1070,9,25,6
5,5685,6378,12063,-693,9,25,6
11,15578,14910,30488,668,9,25,6
7,10566,10042,20608,524,9,25,6
2,16567,17228,33795,-661,9,25,6
18,11793,13268,25061,-1475,9,25,6
4,3053,3068,6121,-15,9,25,6
13,5541,5381,10922,160,9,25,6
19,273,202,475,71,9,25,6
18,15390,15911,31301,-521,9,25,6
2,7583,7264,14847,319,9,25,6
5,1947,1927,3874,20,9,25,6
25,2286,2034,4320,252,9,25,6
25,1643,1723,3366,-80,9,25,6
2,15755,18114,33869,-2359,9,25,6
25,564,467,1031,97,9,25,6
12,7136,7288,14424,-152,9,25,6
1,3742,3782,7524,-40,9,25,6
8,4642,4784,9426,-142,9,25,6
4,3081,3013,6094,68,9,25,6
25,2765,2649,5414,116,9,25,6
6,10907,11342,22249,-435,9,25,6
19,772,926,1698,-154,9,25,6
9,4775,4704,9479,71,9,25,6
4,18274,18794,37068,-520,9,25,6
4,9582,10639,20221,-1057,9,25,6
8,11632,10474,22106,1158,9,25,6
10,2702,2852,5554,-150,9,25,6
14,16477,16398,32875,79,9,25,6
1,12428,13522,25950,-1094,9,25,6
5,2204,2587,4791,-383,9,25,6
19,3720,3562,7282,158,9,25,6
5,1,0,1,1,9,25,6
2,23468,21743,45211,1725,9,25,6
8,9984,9466,19450,518,9,25,6
11,37054,36619,73673,435,9,25,6
1,9495,9806,19301,-311,9,25,6
4,1606,1572,3178,34,9,25,6
4,6872,7179,14051,-307,9,25,6
16,3177,3156,6333,21,9,25,6
18,5479,5531,11010,-52,9,25,6
4,1715,1586,3301,129,9,25,6
2,3134,3117,6251,17,9,25,6
14,8315,7616,15931,699,9,25,6
18,5868,5040,10908,828,9,25,6
4,12642,13035,25677,-393,9,25,6
19,1926,1905,3831,21,9,25,6
25,268,237,505,31,9,25,6
11,8973,9416,18389,-443,9,25,6
11,2810,2679,5489,131,9,25,6
21,7256,6969,14225,287,9,25,6
12,54,31,85,23,9,25,6
2,5971,6214,12185,-243,9,25,6
14,4347,4135,8482,212,9,25,6
6,4443,4533,8976,-90,9,25,6
24,4144,3987,8131,157,9,25,6
9,9916,10452,20368,-536,9,25,6
4,4100,4209,8309,-109,9,25,6
1,10784,9252,20036,1532,9,25,6
4,2714,3225,5939,-511,9,25,6
12,11010,12617,23627,-1607,9,25,6
12,5508,5505,11013,3,9,25,6
1,2034,2010,4044,24,9,25,6
1,1201,1231,2432,-30,9,25,6
6,3640,4049,7689,-409,9,25,6
25,5056,4689,9745,367,9,25,6
11,37499,35748,73247,1751,9,25,6
4,7610,7664,15274,-54,9,25,6
25,1572,1642,3214,-70,9,25,6
16,6595,6893,13488,-298,9,25,6
13,4248,4070,8318,178,9,25,6
23,6872,6568,13440,304,9,25,6
25,511,378,889,133,9,25,6
19,3385,3465,6850,-80,9,25,6
23,6539,6425,12964,114,9,25,6
12,4392,3949,8341,443,9,25,6
5,5973,6023,11996,-50,9,25,6
19,2029,1899,3928,130,9,25,6
5,5453,5620,11073,-167,9,25,6
13,1191,2255,3446,-1064,9,25,6
2,4568,4123,8691,445,9,25,6
1,11121,10848,21969,273,9,25,6
1,5090,4888,9978,202,9,25,6
4,2235,2342,4577,-107,9,25,6
1,20498,19247,39745,1251,9,25,6
12,1334,1286,2620,48,9,25,6
5,10185,10193,20378,-8,9,25,6
11,4900,4884,9784,16,9,25,6
12,16333,16309,32642,24,9,25,6
1,8929,9560,18489,-631,9,25,6
10,817,649,1466,168,9,25,6
18,3758,3799,7557,-41,9,25,6
6,9312,8494,17806,818,9,25,6
10,2449,2696,5145,-247,9,25,6
12,3273,2184,5457,1089,9,25,6
3,6962,7616,14578,-654,9,25,6
5,14732,11715,26447,3017,9,25,6
17,14762,14634,29396,128,9,25,6
14,5710,4560,10270,1150,9,25,6
19,1237,2048,3285,-811,9,25,6
16,8668,8218,16886,450,9,25,6
16,3644,3209,6853,435,9,25,6
19,3351,3379,6730,-28,9,25,6
19,3671,3694,7365,-23,9,25,6
13,5433,5075,10508,358,9,25,6
2,4062,4240,8302,-178,9,25,6
13,105,72,177,33,9,25,6
1,56661,52479,109140,4182,9,25,6
7,11060,12497,23557,-1437,9,25,6
1,6450,6699,13149,-249,9,25,6
1,13813,14083,27896,-270,9,25,6
2,2616,2518,5134,98,9,25,6
6,5109,5078,10187,31,9,25,6
6,1994,1334,3328,660,9,25,6
7,10162,9985,20147,177,9,25,6
4,9200,8972,18172,228,9,25,6
22,3365,2751,6116,614,9,25,6
23,7521,7577,15098,-56,9,25,6
17,5432,5487,10919,-55,9,25,6
21,6408,7123,13531,-715,9,25,6
18,8333,8720,17053,-387,9,25,6
0,11082,11778,22860,-696,9,25,6
14,6085,5950,12035,135,9,25,6
0,16766,14433,31199,2333,9,25,6
4,11137,10070,21207,1067,9,25,6
0,19239,15680,34919,3559,9,25,6
2,4910,6146,11056,-1236,9,25,6
0,11724,11369,23093,355,9,25,6
1,21656,24283,45939,-2627,9,25,6
9,3615,3470,7085,145,9,25,6
14,13196,11985,25181,1211,9,25,6
23,5552,5470,11022,82,9,25,6
18,8435,9302,17737,-867,9,25,6
6,7472,6870,14342,602,9,25,6
6,5968,5524,11492,444,9,25,6
14,5551,5160,10711,391,9,25,6
25,3889,3866,7755,23,9,25,6
21,13958,13689,27647,269,9,25,6
9,4416,4238,8654,178,9,25,6
6,6193,6124,12317,69,9,25,6
8,2710,2574,5284,136,9,25,6
5,6047,6067,12114,-20,9,25,6
2,3118,2925,6043,193,9,25,6
25,87,58,145,29,9,25,6
12,5293,5302,10595,-9,9,25,6
11,701,753,1454,-52,9,25,6
11,1046,1028,2074,18,9,25,6
3,16636,17236,33872,-600,9,25,6
5,1847,1691,3538,156,9,25,6
15,1354,1325,2679,29,9,25,6
11,7391,8184,15575,-793,9,25,6
6,5671,5450,11121,221,9,25,6
4,13956,13266,27222,690,9,25,6
7,9364,10404,19768,-1040,9,25,6
6,12172,12058,24230,114,9,25,6
5,2067,1942,4009,125,9,25,6
4,2050,1980,4030,70,9,25,6
6,8251,8725,16976,-474,9,25,6
16,4003,3748,7751,255,9,25,6
0,14495,14825,29320,-330,9,25,6
12,16240,15643,31883,597,9,25,6
18,2464,2467,4931,-3,9,25,6
15,2243,1624,3867,619,9,25,6
10,1860,1902,3762,-42,9,25,6
21,3112,3054,6166,58,9,25,6
3,11537,12785,24322,-1248,9,25,6
15,2322,2065,4387,257,9,25,6
3,13408,15343,28751,-1935,9,25,6
1,4699,5130,9829,-431,9,25,6
4,1651,1607,3258,44,9,25,6
13,4809,4341,9150,468,9,25,6
24,760,777,1537,-17,9,25,6
5,3567,3816,7383,-249,9,25,6
6,5718,5410,11128,308,9,25,6
18,9020,8554,17574,466,9,25,6
15,2258,2043,4301,215,9,25,6
13,814,742,1556,72,9,25,6
10,2858,2650,5508,208,9,25,6
25,1616,1644,3260,-28,9,25,6
15,3971,3730,7701,241,9,25,6
17,7951,7757,15708,194,9,25,6
11,13739,14961,28700,-1222,9,25,6
11,3136,3151,6287,-15,9,25,6
13,4192,3861,8053,331,9,25,6
6,10454,9854,20308,600,9,25,6
4,5212,5054,10266,158,9,25,6
4,4625,4336,8961,289,9,25,6
4,2445,2412,4857,33,9,25,6
6,7884,8498,16382,-614,9,25,6
2,1512,1481,2993,31,9,25,6
5,9053,10550,19603,-1497,9,25,6
12,2316,2146,4462,170,9,25,6
21,6457,6533,12990,-76,9,25,6
3,11746,12211,23957,-465,9,25,6
9,2041,1749,3790,292,9,25,6
1,3029,3387,6416,-358,9,25,6
18,10322,9932,20254,390,9,25,6
5,10678,9866,20544,812,9,25,6
1,24827,25960,50787,-1133,9,25,6
4,4544,4123,8667,421,9,25,6
13,5359,5013,10372,346,9,25,6
3,26368,27845,54213,-1477,9,25,6
19,2420,2449,4869,-29,9,25,6
16,12933,11782,24715,1151,9,25,6
1,58039,57883,115922,156,9,25,6
13,1841,2257,4098,-416,9,25,6
2,10833,10247,21080,586,9,25,6
22,2308,2096,4404,212,9,25,6
4,16064,15085,31149,979,9,25,6
5,5976,5395,11371,581,9,25,6
11,5205,5071,10276,134,9,25,6
13,1015,1082,2097,-67,9,25,6
23,10437,10650,21087,-213,9,25,6
25,19351,19522,38873,-171,9,25,6
12,8669,8763,17432,-94,9,25,6
3,10355,10722,21077,-367,9,25,6
5,3947,3526,7473,421,9,25,6
13,1640,1908,3548,-268,9,25,6
8,4745,4883,9628,-138,9,25,6
22,3037,2582,5619,455,9,24,5
12,6157,5716,11873,441,9,24,5
2,7315,7162,14477,153,9,24,5
7,6062,6467,12529,-405,9,24,5
11,7391,9824,17215,-2433,9,24,5
6,16308,14777,31085,1531,9,24,5
8,16556,15736,32292,820,9,24,5
22,3624,3413,7037,211,9,24,5
13,4769,4637,9406,132,9,24,5
18,7275,7169,14444,106,9,24,5
15,2694,3381,6075,-687,9,24,5
14,5211,4807,10018,404,9,24,5
15,2330,1997,4327,333,9,24,5
1,64356,65323,129679,-967,9,24,5
6,11155,12647,23802,-1492,9,24,5
18,5787,7219,13006,-1432,9,24,5
4,14796,14078,28874,718,9,24,5
7,6957,6902,13859,55,9,24,5
13,2385,2253,4638,132,9,24,5
1,33105,32615,65720,490,9,24,5
4,3875,3463,7338,412,9,24,5
15,1010,930,1940,80,9,24,5
4,4902,5046,9948,-144,9,24,5
14,18988,17930,36918,1058,9,24,5
18,2993,2906,5899,87,9,24,5
8,1775,1591,3366,184,9,24,5
4,4068,3940,8008,128,9,24,5
4,7470,6888,14358,582,9,24,5
6,12188,13461,25649,-1273,9,24,5
1,38565,42121,80686,-3556,9,24,5
16,5438,5473,10911,-35,9,24,5
13,1,0,1,1,9,24,5
10,6668,6031,12699,637,9,24,5
17,13292,13490,26782,-198,9,24,5
2,29406,31402,60808,-1996,9,24,5
2,4647,4417,9064,230,9,24,5
16,9463,8415,17878,1048,9,24,5
4,7592,7205,14797,387,9,24,5
5,7032,6606,13638,426,9,24,5
19,3150,3001,6151,149,9,24,5
6,17763,13835,31598,3928,9,24,5
8,20808,28334,49142,-7526,9,24,5
2,64949,60751,125700,4198,9,24,5
21,7984,7939,15923,45,9,24,5
13,506,511,1017,-5,9,24,5
10,2380,2342,4722,38,9,24,5
13,3647,2603,6250,1044,9,24,5
4,8866,9482,18348,-616,9,24,5
5,12107,11790,23897,317,9,24,5
16,2008,3427,5435,-1419,9,24,5
6,10255,9613,19868,642,9,24,5
8,2465,2586,5051,-121,9,24,5
16,1506,1560,3066,-54,9,24,5
17,5802,5230,11032,572,9,24,5
11,7179,6738,13917,441,9,24,5
20,4154,4299,8453,-145,9,24,5
4,13479,12584,26063,895,9,24,5
11,3646,3163,6809,483,9,24,5
6,18318,18046,36364,272,9,24,5
12,6274,6117,12391,157,9,24,5
4,26754,26483,53237,271,9,24,5
5,6249,5512,11761,737,9,24,5
2,8960,5291,14251,3669,9,24,5
1,20212,23044,43256,-2832,9,24,5
11,15388,15977,31365,-589,9,24,5
1,39028,38270,77298,758,9,24,5
18,1807,1600,3407,207,9,24,5
25,12369,12483,24852,-114,9,24,5
8,1277,1395,2672,-118,9,24,5
5,6406,4605,11011,1801,9,24,5
18,3934,4103,8037,-169,9,24,5
1,18953,17718,36671,1235,9,24,5
14,10837,11414,22251,-577,9,24,5
2,18240,19167,37407,-927,9,24,5
25,871,855,1726,16,9,24,5
8,6108,6361,12469,-253,9,24,5
4,9842,10978,20820,-1136,9,24,5
6,12563,9012,21575,3551,9,24,5
11,4841,4362,9203,479,9,24,5
15,274,291,565,-17,9,24,5
6,1,0,1,1,9,24,5
4,8025,7438,15463,587,9,24,5
15,1338,1243,2581,95,9,24,5
13,4654,4344,8998,310,9,24,5
11,22961,22883,45844,78,9,24,5
11,9885,9685,19570,200,9,24,5
13,6500,6244,12744,256,9,24,5
2,6664,5992,12656,672,9,24,5
18,8263,7601,15864,662,9,24,5
4,6786,6927,13713,-141,9,24,5
3,17525,16689,34214,836,9,24,5
15,705,941,1646,-236,9,24,5
8,8588,12600,21188,-4012,9,24,5
16,12036,6300,18336,5736,9,24,5
4,8195,8493,16688,-298,9,24,5
4,23830,21758,45588,2072,9,24,5
1,25501,22868,48369,2633,9,24,5
6,8906,9344,18250,-438,9,24,5
19,1130,1034,2164,96,9,24,5
2,24906,24127,49033,779,9,24,5
6,8924,8065,16989,859,9,24,5
11,7598,7641,15239,-43,9,24,5
7,4993,5065,10058,-72,9,24,5
15,3833,3983,7816,-150,9,24,5
3,1407,787,2194,620,9,24,5
7,10977,9356,20333,1621,9,24,5
6,8791,8726,17517,65,9,24,5
8,4808,4224,9032,584,9,24,5
11,10822,10234,21056,588,9,24,5
8,25074,24999,50073,75,9,24,5
3,17295,19676,36971,-2381,9,24,5
6,17637,18325,35962,-688,9,24,5
2,12116,10662,22778,1454,9,24,5
5,7075,8436,15511,-1361,9,24,5
12,4344,3979,8323,365,9,24,5
12,3782,3146,6928,636,9,24,5
6,11339,12201,23540,-862,9,24,5
13,3414,3340,6754,74,9,24,5
7,8865,8088,16953,777,9,24,5
19,81,88,169,-7,9,24,5
4,11938,10636,22574,1302,9,24,5
3,8336,7707,16043,629,9,24,5
20,3257,2848,6105,409,9,24,5
8,16448,15461,31909,987,9,24,5
1,15864,17130,32994,-1266,9,24,5
11,4841,4454,9295,387,9,24,5
23,1770,1445,3215,325,9,24,5
17,10542,10866,21408,-324,9,24,5
1,20163,20855,41018,-692,9,24,5
6,7790,8475,16265,-685,9,24,5
18,3664,3279,6943,385,9,24,5
11,8564,9123,17687,-559,9,24,5
20,2306,1538,3844,768,9,24,5
15,2278,2242,4520,36,9,24,5
21,4719,4087,8806,632,9,24,5
2,6884,6367,13251,517,9,24,5
2,11915,10311,22226,1604,9,24,5
23,11493,9961,21454,1532,9,24,5
5,6489,6418,12907,71,9,24,5
12,3116,2831,5947,285,9,24,5
25,5260,5376,10636,-116,9,24,5
12,5644,5082,10726,562,9,24,5
2,3854,4114,7968,-260,9,24,5
18,5863,5155,11018,708,9,24,5
25,8953,8044,16997,909,9,24,5
1,1227,1279,2506,-52,9,24,5
12,5153,4793,9946,360,9,24,5
6,8113,10708,18821,-2595,9,24,5
12,10365,7283,17648,3082,9,24,5
25,1955,1689,3644,266,9,24,5
14,2615,2509,5124,106,9,24,5
14,3747,3316,7063,431,9,24,5
2,7949,8732,16681,-783,9,24,5
5,2470,2722,5192,-252,9,24,5
11,10908,10344,21252,564,9,24,5
5,7277,6482,13759,795,9,24,5
3,16618,16552,33170,66,9,24,5
0,12372,12008,24380,364,9,24,5
4,1490,1960,3450,-470,9,24,5
3,14319,11629,25948,2690,9,24,5
1,11657,13298,24955,-1641,9,24,5
2,9718,10689,20407,-971,9,24,5
12,2062,2658,4720,-596,9,24,5
12,3227,3219,6446,8,9,24,5
0,13331,13919,27250,-588,9,24,5
5,9010,8899,17909,111,9,24,5
14,14906,14933,29839,-27,9,24,5
14,13884,13641,27525,243,9,24,5
3,2082,2167,4249,-85,9,24,5
8,1773,1551,3324,222,9,24,5
11,7239,6993,14232,246,9,24,5
4,6821,6586,13407,235,9,24,5
9,701,725,1426,-24,9,24,5
8,8120,7474,15594,646,9,24,5
16,9523,7846,17369,1677,9,24,5
5,9132,10313,19445,-1181,9,24,5
13,2419,2160,4579,259,9,24,5
1,18487,18901,37388,-414,9,24,5
6,16788,16198,32986,590,9,24,5
4,6267,6396,12663,-129,9,24,5
16,4142,4522,8664,-380,9,24,5
8,9668,9478,19146,190,9,24,5
23,6206,5929,12135,277,9,24,5
6,10427,9535,19962,892,9,24,5
15,3923,3797,7720,126,9,24,5
4,4473,4027,8500,446,9,24,5
4,5452,5561,11013,-109,9,24,5
4,8754,8846,17600,-92,9,24,5
5,11187,9471,20658,1716,9,24,5
25,7761,7382,15143,379,9,24,5
5,14935,16652,31587,-1717,9,24,5
12,6818,6614,13432,204,9,24,5
18,11178,10130,21308,1048,9,24,5
18,3380,3397,6777,-17,9,24,5
2,6814,6519,13333,295,9,24,5
18,4243,3904,8147,339,9,24,5
6,8705,8145,16850,560,9,24,5
6,12357,11380,23737,977,9,24,5
3,22895,25460,48355,-2565,9,24,5
4,7154,6882,14036,272,9,24,5
11,5405,4953,10358,452,9,24,5
18,24438,25779,50217,-1341,9,24,5
7,6379,5619,11998,760,9,24,5
4,13182,12964,26146,218,9,24,5
7,5750,6061,11811,-311,9,24,5
2,3159,3277,6436,-118,9,24,5
1,15004,16248,31252,-1244,9,24,5
13,6593,6125,12718,468,9,24,5
7,10302,10421,20723,-119,9,24,5
18,11844,12424,24268,-580,9,24,5
4,14166,14248,28414,-82,9,24,5
3,12456,11684,24140,772,9,24,5
3,24603,23949,48552,654,9,24,5
21,4019,3677,7696,342,9,24,5
6,5524,5655,11179,-131,9,24,5
4,15783,17144,32927,-1361,9,24,5
1,12404,12520,24924,-116,9,24,5
4,6126,5919,12045,207,9,24,5
12,8624,8356,16980,268,9,24,5
4,5284,4982,10266,302,9,24,5
24,1351,1343,2694,8,9,24,5
13,5524,5047,10571,477,9,24,5
23,9031,8928,17959,103,9,24,5
15,413,522,935,-109,9,24,5
14,6382,6249,12631,133,9,24,5
5,1699,1762,3461,-63,9,24,5
17,24329,23736,48065,593,9,24,5
15,2624,2422,5046,202,9,24,5
11,14907,14400,29307,507,9,24,5
6,6057,5999,12056,58,9,24,5
20,2245,2016,4261,229,9,24,5
20,1469,1595,3064,-126,9,24,5
20,3102,3222,6324,-120,9,24,5
5,6161,5614,11775,547,9,24,5
22,1373,1291,2664,82,9,24,5
12,1929,1822,3751,107,9,24,5
18,1942,1741,3683,201,9,24,5
7,7416,6037,13453,1379,9,24,5
24,986,923,1909,63,9,24,5
9,13878,14974,28852,-1096,9,24,5
1,19505,17602,37107,1903,9,24,5
5,6338,6059,12397,279,9,24,5
14,7524,6713,14237,811,9,24,5
10,2606,2274,4880,332,9,24,5
14,32090,32944,65034,-854,9,24,5
14,31570,35408,66978,-3838,9,24,5
22,6003,5388,11391,615,9,24,5
22,4594,4726,9320,-132,9,24,5
5,4212,3766,7978,446,9,24,5
2,15131,17200,32331,-2069,9,24,5
6,13707,13169,26876,538,9,24,5
1,38887,44038,82925,-5151,9,24,5
3,26503,24017,50520,2486,9,24,5
15,1989,1888,3877,101,9,24,5
19,4354,3563,7917,791,9,24,5
8,2859,2585,5444,274,9,24,5
21,14592,15450,30042,-858,9,24,5
7,4899,4809,9708,90,9,24,5
3,5404,8462,13866,-3058,9,24,5
5,8184,5858,14042,2326,9,24,5
10,1797,1606,3403,191,9,24,5
1,33225,32990,66215,235,9,24,5
9,3661,3680,7341,-19,9,24,5
23,16786,15804,32590,982,9,24,5
22,1891,1928,3819,-37,9,24,5
22,2253,2170,4423,83,9,24,5
9,5797,5252,11049,545,9,24,5
18,4482,4323,8805,159,9,24,5
3,16161,14636,30797,1525,9,24,5
6,9432,8558,17990,874,9,24,5
21,14319,14031,28350,288,9,24,5
25,5666,5522,11188,144,9,24,5
6,15216,14615,29831,601,9,24,5
5,9651,11887,21538,-2236,9,24,5
1,11171,10419,21590,752,9,24,5
5,5095,4442,9537,653,9,24,5
4,10747,9803,20550,944,9,24,5
15,735,553,1288,182,9,24,5
5,9610,8922,18532,688,9,24,5
8,3445,3218,6663,227,9,24,5
20,1193,1624,2817,-431,9,24,5
13,2113,2164,4277,-51,9,24,5
4,10031,9358,19389,673,9,24,5
11,1230,1231,2461,-1,9,24,5
12,2344,2434,4778,-90,9,24,5
20,6798,5905,12703,893,9,24,5
1,41168,40135,81303,1033,9,24,5
18,13393,14397,27790,-1004,9,24,5
0,46646,44963,91609,1683,9,24,5
16,11599,11102,22701,497,9,24,5
11,11079,2923,14002,8156,9,24,5
13,1887,2042,3929,-155,9,24,5
3,8321,19092,27413,-10771,9,24,5
20,1931,2181,4112,-250,9,24,5
20,2424,1993,4417,431,9,24,5
11,9092,6937,16029,2155,9,24,5
1,13959,12066,26025,1893,9,24,5
18,21302,21509,42811,-207,9,24,5
12,7808,8116,15924,-308,9,24,5
5,9966,10047,20013,-81,9,24,5
11,8084,7455,15539,629,9,24,5
9,8439,6911,15350,1528,9,24,5
7,6317,8185,14502,-1868,9,24,5
9,5154,4726,9880,428,9,24,5
1,28756,25486,54242,3270,9,24,5
18,6148,9587,15735,-3439,9,24,5
17,6827,5790,12617,1037,9,24,5
8,4946,4622,9568,324,9,24,5
9,5733,6653,12386,-920,9,24,5
18,3923,3876,7799,47,9,24,5
11,13229,12811,26040,418,9,24,5
1,24794,30200,54994,-5406,9,24,5
22,3146,3665,6811,-519,9,24,5
3,19239,18758,37997,481,9,24,5
11,4124,3548,7672,576,9,24,5
11,3036,2981,6017,55,9,24,5
11,2743,2391,5134,352,9,24,5
10,489,540,1029,-51,9,24,5
19,9105,9838,18943,-733,9,24,5
14,8573,8551,17124,22,9,24,5
12,6440,5612,12052,828,9,24,5
22,2221,2156,4377,65,9,24,5
22,4515,4103,8618,412,9,24,5
14,21904,21445,43349,459,9,24,5
19,2423,2291,4714,132,9,24,5
4,5707,5202,10909,505,9,24,5
11,5796,5056,10852,740,9,24,5
7,6678,6319,12997,359,9,24,5
9,4579,5196,9775,-617,9,24,5
18,10425,9757,20182,668,9,24,5
6,11607,11168,22775,439,9,24,5
21,3417,3027,6444,390,9,24,5
13,1900,1741,3641,159,9,24,5
18,12288,12707,24995,-419,9,24,5
2,16249,16001,32250,248,9,24,5
11,45050,49364,94414,-4314,9,24,5
18,8802,7360,16162,1442,9,24,5
18,13088,15340,28428,-2252,9,24,5
3,30105,30040,60145,65,9,24,5
7,4803,4203,9006,600,9,24,5
3,12375,11862,24237,513,9,24,5
6,10382,9912,20294,470,9,24,5
19,3336,2950,6286,386,9,24,5
1,16389,14774,31163,1615,9,24,5
0,21477,21843,43320,-366,9,24,5
18,3287,3251,6538,36,9,24,5
4,4759,4883,9642,-124,9,24,5
4,3254,3303,6557,-49,9,24,5
11,6982,6016,12998,966,9,24,5
21,1819,1646,3465,173,9,24,5
15,1575,1519,3094,56,9,24,5
8,29436,29557,58993,-121,9,24,5
1,1291,1267,2558,24,9,24,5
5,6820,6388,13208,432,9,24,5
1,12714,13404,26118,-690,9,24,5
1,22321,20928,43249,1393,9,24,5
6,11779,10812,22591,967,9,24,5
1,47054,48343,95397,-1289,9,24,5
11,3718,4015,7733,-297,9,24,5
10,1572,1503,3075,69,9,24,5
1,51975,49118,101093,2857,9,24,5
20,1413,1937,3350,-524,9,24,5
8,3164,2534,5698,630,9,24,5
8,4861,5980,10841,-1119,9,24,5
8,5518,4951,10469,567,9,24,5
2,26872,28982,55854,-2110,9,24,5
0,11756,10512,22268,1244,9,24,5
22,1633,1586,3219,47,9,24,5
1,4019,3905,7924,114,9,24,5
3,14268,14773,29041,-505,9,24,5
25,391,365,756,26,9,24,5
12,7262,6463,13725,799,9,24,5
4,10473,8856,19329,1617,9,24,5
1,8584,8393,16977,191,9,24,5
24,1618,1495,3113,123,9,24,5
1,37638,40663,78301,-3025,9,24,5
13,438,461,899,-23,9,24,5
19,1975,1945,3920,30,9,24,5
6,9115,8462,17577,653,9,24,5
7,3954,4146,8100,-192,9,24,5
3,24504,21571,46075,2933,9,24,5
24,2443,2053,4496,390,9,24,5
24,4303,4010,8313,293,9,24,5
25,734,767,1501,-33,9,24,5
4,15961,15094,31055,867,9,24,5
1,8968,8138,17106,830,9,24,5
2,25639,27255,52894,-1616,9,24,5
21,10868,11338,22206,-470,9,24,5
5,8448,8036,16484,412,9,24,5
11,20948,20775,41723,173,9,24,5
7,13909,12508,26417,1401,9,24,5
2,27984,30577,58561,-2593,9,24,5
18,20526,24888,45414,-4362,9,24,5
4,4264,4101,8365,163,9,24,5
13,7583,7724,15307,-141,9,24,5
19,365,268,633,97,9,24,5
18,20904,21738,42642,-834,9,24,5
5,2821,2870,5691,-49,9,24,5
2,10444,10011,20455,433,9,24,5
25,2934,2872,5806,62,9,24,5
25,2455,2379,4834,76,9,24,5
2,25943,28177,54120,-2234,9,24,5
25,667,618,1285,49,9,24,5
12,8777,8447,17224,330,9,24,5
1,5343,5286,10629,57,9,24,5
8,6600,6308,12908,292,9,24,5
4,4376,4016,8392,360,9,24,5
25,3640,3573,7213,67,9,24,5
6,14134,14166,28300,-32,9,24,5
19,1059,874,1933,185,9,24,5
9,7615,7597,15212,18,9,24,5
4,24680,26381,51061,-1701,9,24,5
4,14523,16369,30892,-1846,9,24,5
8,15312,14962,30274,350,9,24,5
10,3115,3386,6501,-271,9,24,5
14,23480,22663,46143,817,9,24,5
1,20217,22464,42681,-2247,9,24,5
5,2985,3460,6445,-475,9,24,5
19,4604,4635,9239,-31,9,24,5
5,2,0,2,2,9,24,5
2,32615,30418,63033,2197,9,24,5
8,14087,12783,26870,1304,9,24,5
11,47879,50167,98046,-2288,9,24,5
1,14912,15610,30522,-698,9,24,5
4,2367,2296,4663,71,9,24,5
4,10483,11162,21645,-679,9,24,5
16,3992,3817,7809,175,9,24,5
18,7979,7850,15829,129,9,24,5
4,2332,2188,4520,144,9,24,5
2,4355,4040,8395,315,9,24,5
14,10801,9504,20305,1297,9,24,5
18,8695,7062,15757,1633,9,24,5
4,19485,19705,39190,-220,9,24,5
19,2791,2303,5094,488,9,24,5
25,364,365,729,-1,9,24,5
11,11007,10225,21232,782,9,24,5
11,3643,3191,6834,452,9,24,5
21,9166,9283,18449,-117,9,24,5
2,8664,8466,17130,198,9,24,5
12,39,19,58,20,9,24,5
14,5985,5304,11289,681,9,24,5
6,6111,6039,12150,72,9,24,5
24,6672,6719,13391,-47,9,24,5
9,11075,11520,22595,-445,9,24,5
4,4887,4772,9659,115,9,24,5
1,15386,13319,28705,2067,9,24,5
12,14735,16968,31703,-2233,9,24,5
4,4124,4888,9012,-764,9,24,5
12,7724,7235,14959,489,9,24,5
1,2539,2234,4773,305,9,24,5
1,1977,1861,3838,116,9,24,5
6,5233,5308,10541,-75,9,24,5
25,2640,2915,5555,-275,9,24,5
11,44530,46581,91111,-2051,9,24,5
4,11315,10903,22218,412,9,24,5
25,1899,1941,3840,-42,9,24,5
16,8112,8637,16749,-525,9,24,5
13,5967,5343,11310,624,9,24,5
23,9986,9174,19160,812,9,24,5
25,518,564,1082,-46,9,24,5
19,4323,4357,8680,-34,9,24,5
23,8868,8190,17058,678,9,24,5
12,5532,5055,10587,477,9,24,5
5,8555,8094,16649,461,9,24,5
19,2668,2410,5078,258,9,24,5
5,7186,7682,14868,-496,9,24,5
13,2242,1892,4134,350,9,24,5
2,6895,7106,14001,-211,9,24,5
1,15269,14606,29875,663,9,24,5
4,4372,4917,9289,-545,9,24,5
1,9617,9848,19465,-231,9,24,5
1,31485,30052,61537,1433,9,24,5
12,1816,1563,3379,253,9,24,5
5,14426,14038,28464,388,9,24,5
11,6906,6766,13672,140,9,24,5
12,20622,22190,42812,-1568,9,24,5
1,13066,13602,26668,-536,9,24,5
10,1072,899,1971,173,9,24,5
18,4897,4465,9362,432,9,24,5
6,13876,12753,26629,1123,9,24,5
10,3213,3319,6532,-106,9,24,5
3,9111,10254,19365,-1143,9,24,5
12,4004,2724,6728,1280,9,24,5
5,17804,23529,41333,-5725,9,24,5
17,20404,19803,40207,601,9,24,5
14,6680,5834,12514,846,9,24,5
19,1569,2902,4471,-1333,9,24,5
16,9695,10062,19757,-367,9,24,5
16,3870,3321,7191,549,9,24,5
19,4996,5185,10181,-189,9,24,5
19,5503,5072,10575,431,9,24,5
13,7302,6819,14121,483,9,24,5
2,6474,6279,12753,195,9,24,5
13,107,85,192,22,9,24,5
7,14416,17515,31931,-3099,9,24,5
1,79023,75520,154543,3503,9,24,5
1,8958,8904,17862,54,9,24,5
1,20128,21507,41635,-1379,9,24,5
2,4615,4386,9001,229,9,24,5
6,7402,6986,14388,416,9,24,5
6,2049,1432,3481,617,9,24,5
7,13948,12623,26571,1325,9,24,5
4,13180,12789,25969,391,9,24,5
22,4301,3557,7858,744,9,24,5
23,9410,9891,19301,-481,9,24,5
17,7530,7339,14869,191,9,24,5
21,7963,7808,15771,155,9,24,5
18,12660,12964,25624,-304,9,24,5
0,17016,17380,34396,-364,9,24,5
14,8663,8262,16925,401,9,24,5
0,27559,24885,52444,2674,9,24,5
2,7487,11053,18540,-3566,9,24,5
4,16298,17213,33511,-915,9,24,5
0,29768,27332,57100,2436,9,24,5
0,23554,24214,47768,-660,9,24,5
1,27412,31487,58899,-4075,9,24,5
9,4701,4706,9407,-5,9,24,5
14,18977,16461,35438,2516,9,24,5
23,8183,7863,16046,320,9,24,5
18,11878,13162,25040,-1284,9,24,5
6,10662,9399,20061,1263,9,24,5
6,7974,7223,15197,751,9,24,5
14,8139,7537,15676,602,9,24,5
25,5285,5030,10315,255,9,24,5
21,18878,19795,38673,-917,9,24,5
9,6246,5840,12086,406,9,24,5
6,8420,7916,16336,504,9,24,5
8,3975,3614,7589,361,9,24,5
5,8287,8114,16401,173,9,24,5
2,4504,4015,8519,489,9,24,5
25,71,94,165,-23,9,24,5
12,6982,6735,13717,247,9,24,5
11,883,829,1712,54,9,24,5
11,1372,1170,2542,202,9,24,5
3,22182,23102,45284,-920,9,24,5
5,2539,2139,4678,400,9,24,5
15,1583,1529,3112,54,9,24,5
11,8218,8456,16674,-238,9,24,5
6,7986,7411,15397,575,9,24,5
7,13195,15296,28491,-2101,9,24,5
4,19089,18354,37443,735,9,24,5
6,17593,17608,35201,-15,9,24,5
4,2898,2580,5478,318,9,24,5
5,2759,2717,5476,42,9,24,5
6,13224,14374,27598,-1150,9,24,5
16,5498,5338,10836,160,9,24,5
0,19991,20569,40560,-578,9,24,5
12,19528,20164,39692,-636,9,24,5
18,3475,3376,6851,99,9,24,5
15,2279,2540,4819,-261,9,24,5
10,2755,2379,5134,376,9,24,5
21,4421,4078,8499,343,9,24,5
3,16328,17968,34296,-1640,9,24,5
15,2701,2393,5094,308,9,24,5
2,1,0,1,1,9,24,5
3,19491,22603,42094,-3112,9,24,5
4,2228,2069,4297,159,9,24,5
1,7354,7338,14692,16,9,24,5
13,6462,5842,12304,620,9,24,5
24,1103,966,2069,137,9,24,5
5,5010,5223,10233,-213,9,24,5
6,8134,7505,15639,629,9,24,5
18,12225,11483,23708,742,9,24,5
15,3004,2670,5674,334,9,24,5
13,1111,780,1891,331,9,24,5
10,3580,3523,7103,57,9,24,5
25,1833,1972,3805,-139,9,24,5
15,5172,4968,10140,204,9,24,5
17,11861,11533,23394,328,9,24,5
11,16208,15708,31916,500,9,24,5
11,4472,3962,8434,510,9,24,5
13,5114,4837,9951,277,9,24,5
6,14237,12929,27166,1308,9,24,5
4,6560,6215,12775,345,9,24,5
4,6866,6397,13263,469,9,24,5
4,3146,3070,6216,76,9,24,5
6,12802,13393,26195,-591,9,24,5
2,2102,2164,4266,-62,9,24,5
5,11361,14940,26301,-3579,9,24,5
12,3264,3168,6432,96,9,24,5
21,8988,8887,17875,101,9,24,5
3,13979,13581,27560,398,9,24,5
9,2686,2252,4938,434,9,24,5
1,5483,5856,11339,-373,9,24,5
18,14470,13805,28275,665,9,24,5
1,32878,38133,71011,-5255,9,24,5
5,14743,14126,28869,617,9,24,5
4,6583,5718,12301,865,9,24,5
13,6712,6699,13411,13,9,24,5
3,41371,41137,82508,234,9,24,5
19,3138,2864,6002,274,9,24,5
1,75353,86659,162012,-11306,9,24,5
16,15485,16489,31974,-1004,9,24,5
13,2302,3130,5432,-828,9,24,5
2,15235,14472,29707,763,9,24,5
22,3006,2692,5698,314,9,24,5
4,22986,20953,43939,2033,9,24,5
5,10077,8371,18448,1706,9,24,5
11,7145,6975,14120,170,9,24,5
13,1591,1426,3017,165,9,24,5
23,15195,15491,30686,-296,9,24,5
25,25182,23761,48943,1421,9,24,5
12,11610,11450,23060,160,9,24,5
3,24071,24298,48369,-227,9,24,5
5,5845,5048,10893,797,9,24,5
13,2179,2418,4597,-239,9,24,5
8,7435,7034,14469,401,9,24,5
22,4055,3834,7889,221,9,23,4
12,7520,7148,14668,372,9,23,4
7,8582,9705,18287,-1123,9,23,4
2,10347,10422,20769,-75,9,23,4
11,19995,22995,42990,-3000,9,23,4
6,48254,47990,96244,264,9,23,4
8,24085,23161,47246,924,9,23,4
22,4790,4674,9464,116,9,23,4
13,6609,6248,12857,361,9,23,4
18,12384,12120,24504,264,9,23,4
15,1963,2229,4192,-266,9,23,4
14,6667,6248,12915,419,9,23,4
15,3405,2887,6292,518,9,23,4
1,92109,91106,183215,1003,9,23,4
18,10952,12376,23328,-1424,9,23,4
6,18521,21176,39697,-2655,9,23,4
4,20320,19238,39558,1082,9,23,4
7,11660,11716,23376,-56,9,23,4
13,3707,3068,6775,639,9,23,4
1,37385,34964,72349,2421,9,23,4
4,5408,5048,10456,360,9,23,4
15,517,652,1169,-135,9,23,4
4,7235,7425,14660,-190,9,23,4
14,24070,22914,46984,1156,9,23,4
18,4263,4471,8734,-208,9,23,4
8,3004,2065,5069,939,9,23,4
4,6191,5950,12141,241,9,23,4
4,11517,10781,22298,736,9,23,4
1,40872,45038,85910,-4166,9,23,4
6,14472,15531,30003,-1059,9,23,4
16,7483,7571,15054,-88,9,23,4
10,9241,8610,17851,631,9,23,4
17,8000,8137,16137,-137,9,23,4
2,27937,29269,57206,-1332,9,23,4
2,8179,8007,16186,172,9,23,4
16,12905,11906,24811,999,9,23,4
4,10848,10733,21581,115,9,23,4
5,10286,9906,20192,380,9,23,4
19,5562,5163,10725,399,9,23,4
2,54310,53429,107739,881,9,23,4
8,16986,22204,39190,-5218,9,23,4
6,19935,15648,35583,4287,9,23,4
21,11258,10712,21970,546,9,23,4
13,663,672,1335,-9,9,23,4
10,2683,2561,5244,122,9,23,4
4,16184,17102,33286,-918,9,23,4
13,4316,3959,8275,357,9,23,4
5,21127,20531,41658,596,9,23,4
16,2791,3861,6652,-1070,9,23,4
6,14135,14190,28325,-55,9,23,4
8,3277,3477,6754,-200,9,23,4
16,2469,2533,5002,-64,9,23,4
17,7267,6741,14008,526,9,23,4
11,8358,7853,16211,505,9,23,4
20,3171,3213,6384,-42,9,23,4
4,15245,13787,29032,1458,9,23,4
11,4358,3906,8264,452,9,23,4
6,23354,22951,46305,403,9,23,4
12,9413,8769,18182,644,9,23,4
4,35768,37606,73374,-1838,9,23,4
5,10265,9882,20147,383,9,23,4
2,17465,11447,28912,6018,9,23,4
1,38814,44277,83091,-5463,9,23,4
11,20260,21071,41331,-811,9,23,4
1,65321,65146,130467,175,9,23,4
18,2858,2520,5378,338,9,23,4
25,15405,15760,31165,-355,9,23,4
8,1344,1379,2723,-35,9,23,4
5,8856,6470,15326,2386,9,23,4
18,5790,6041,11831,-251,9,23,4
1,26654,25616,52270,1038,9,23,4
14,11843,12721,24564,-878,9,23,4
2,23355,22321,45676,1034,9,23,4
25,837,871,1708,-34,9,23,4
8,19323,19627,38950,-304,9,23,4
4,12787,13911,26698,-1124,9,23,4
6,16620,13094,29714,3526,9,23,4
11,8395,8158,16553,237,9,23,4
15,172,162,334,10,9,23,4
4,10527,9922,20449,605,9,23,4
15,1770,1721,3491,49,9,23,4
13,5778,5629,11407,149,9,23,4
11,31119,31294,62413,-175,9,23,4
11,13274,13100,26374,174,9,23,4
13,7690,7561,15251,129,9,23,4
2,8906,8148,17054,758,9,23,4
18,12228,11531,23759,697,9,23,4
4,8867,9158,18025,-291,9,23,4
3,24052,23927,47979,125,9,23,4
15,367,434,801,-67,9,23,4
8,8540,13156,21696,-4616,9,23,4
4,8733,8492,17225,241,9,23,4
16,15108,7777,22885,7331,9,23,4
4,31690,29797,61487,1893,9,23,4
1,31795,29506,61301,2289,9,23,4
6,16506,17567,34073,-1061,9,23,4
19,2413,2725,5138,-312,9,23,4
2,35218,34519,69737,699,9,23,4
6,13013,11689,24702,1324,9,23,4
11,11168,11678,22846,-510,9,23,4
7,6701,6945,13646,-244,9,23,4
15,4217,3095,7312,1122,9,23,4
3,1631,1167,2798,464,9,23,4
7,17071,15037,32108,2034,9,23,4
6,16345,16662,33007,-317,9,23,4
8,5389,4491,9880,898,9,23,4
8,30035,29249,59284,786,9,23,4
11,10175,10382,20557,-207,9,23,4
6,22033,23629,45662,-1596,9,23,4
3,21132,24910,46042,-3778,9,23,4
2,17745,15754,33499,1991,9,23,4
5,6347,7005,13352,-658,9,23,4
12,5790,5418,11208,372,9,23,4
12,5244,4305,9549,939,9,23,4
6,20814,22366,43180,-1552,9,23,4
13,4487,4062,8549,425,9,23,4
7,12304,11509,23813,795,9,23,4
19,125,96,221,29,9,23,4
4,17893,16028,33921,1865,9,23,4
3,10158,9084,19242,1074,9,23,4
20,4253,4024,8277,229,9,23,4
8,21281,21782,43063,-501,9,23,4
1,20550,24550,45100,-4000,9,23,4
11,7715,7256,14971,459,9,23,4
23,2636,2035,4671,601,9,23,4
17,6493,6584,13077,-91,9,23,4
6,8496,8737,17233,-241,9,23,4
1,25866,26474,52340,-608,9,23,4
18,5335,4902,10237,433,9,23,4
11,12552,13574,26126,-1022,9,23,4
20,2497,1914,4411,583,9,23,4
15,675,1919,2594,-1244,9,23,4
21,5675,4987,10662,688,9,23,4
2,11678,10840,22518,838,9,23,4
2,12795,13138,25933,-343,9,23,4
23,22371,21775,44146,596,9,23,4
5,10711,11144,21855,-433,9,23,4
12,4407,3712,8119,695,9,23,4
25,6428,6422,12850,6,9,23,4
12,7040,6504,13544,536,9,23,4
2,5675,5845,11520,-170,9,23,4
18,8417,7898,16315,519,9,23,4
25,12991,11605,24596,1386,9,23,4
1,1550,1795,3345,-245,9,23,4
12,6680,6349,13029,331,9,23,4
12,8167,5207,13374,2960,9,23,4
6,10485,11824,22309,-1339,9,23,4
25,2854,2211,5065,643,9,23,4
14,3956,3957,7913,-1,9,23,4
14,4834,4426,9260,408,9,23,4
2,8924,8762,17686,162,9,23,4
5,3026,3175,6201,-149,9,23,4
11,20680,20862,41542,-182,9,23,4
5,10557,9703,20260,854,9,23,4
0,12004,10664,22668,1340,9,23,4
3,21913,21698,43611,215,9,23,4
4,3320,3973,7293,-653,9,23,4
1,14532,15754,30286,-1222,9,23,4
3,17300,14449,31749,2851,9,23,4
2,10495,11527,22022,-1032,9,23,4
12,2758,2963,5721,-205,9,23,4
12,3481,3428,6909,53,9,23,4
0,8862,9153,18015,-291,9,23,4
5,8689,8686,17375,3,9,23,4
14,17974,18065,36039,-91,9,23,4
14,15569,14884,30453,685,9,23,4
3,1687,1815,3502,-128,9,23,4
8,1974,1520,3494,454,9,23,4
11,9773,8283,18056,1490,9,23,4
4,9195,9280,18475,-85,9,23,4
9,1261,1149,2410,112,9,23,4
8,12930,12129,25059,801,9,23,4
13,3168,2723,5891,445,9,23,4
16,15410,14219,29629,1191,9,23,4
5,15954,17592,33546,-1638,9,23,4
1,25762,27607,53369,-1845,9,23,4
6,12192,11993,24185,199,9,23,4
4,11654,11894,23548,-240,9,23,4
16,10584,9882,20466,702,9,23,4
8,14156,13946,28102,210,9,23,4
23,9028,9056,18084,-28,9,23,4
6,14610,13348,27958,1262,9,23,4
15,4962,4907,9869,55,9,23,4
4,6524,6040,12564,484,9,23,4
4,8193,7673,15866,520,9,23,4
4,16072,16374,32446,-302,9,23,4
5,16348,14574,30922,1774,9,23,4
25,8824,8510,17334,314,9,23,4
5,16054,17312,33366,-1258,9,23,4
12,9291,9325,18616,-34,9,23,4
18,17692,16136,33828,1556,9,23,4
18,4754,4766,9520,-12,9,23,4
2,13849,13190,27039,659,9,23,4
18,6175,5779,11954,396,9,23,4
6,11418,10972,22390,446,9,23,4
6,17575,16600,34175,975,9,23,4
3,26643,28291,54934,-1648,9,23,4
4,9688,9984,19672,-296,9,23,4
11,10573,10135,20708,438,9,23,4
7,5157,4275,9432,882,9,23,4
18,22381,22874,45255,-493,9,23,4
4,19198,20270,39468,-1072,9,23,4
7,7027,7280,14307,-253,9,23,4
2,4428,4373,8801,55,9,23,4
1,24317,25403,49720,-1086,9,23,4
13,6077,6004,12081,73,9,23,4
7,23588,24430,48018,-842,9,23,4
18,17084,18503,35587,-1419,9,23,4
4,18617,18975,37592,-358,9,23,4
3,17128,16261,33389,867,9,23,4
3,29758,29184,58942,574,9,23,4
21,4956,4729,9685,227,9,23,4
6,7046,6791,13837,255,9,23,4
4,22728,24282,47010,-1554,9,23,4
1,20480,20934,41414,-454,9,23,4
4,7908,8244,16152,-336,9,23,4
12,11032,10643,21675,389,9,23,4
4,7336,6952,14288,384,9,23,4
24,1484,1435,2919,49,9,23,4
13,8162,7816,15978,346,9,23,4
23,11686,11475,23161,211,9,23,4
15,229,273,502,-44,9,23,4
14,7838,7647,15485,191,9,23,4
5,2440,2355,4795,85,9,23,4
17,29976,30953,60929,-977,9,23,4
15,3645,3391,7036,254,9,23,4
11,18296,18206,36502,90,9,23,4
20,3205,2818,6023,387,9,23,4
6,8454,8428,16882,26,9,23,4
20,1965,2100,4065,-135,9,23,4
20,6581,6661,13242,-80,9,23,4
5,9093,7896,16989,1197,9,23,4
22,1746,1741,3487,5,9,23,4
12,2017,1670,3687,347,9,23,4
18,3137,2559,5696,578,9,23,4
7,10793,8883,19676,1910,9,23,4
24,1552,1428,2980,124,9,23,4
9,20548,21211,41759,-663,9,23,4
1,26641,24098,50739,2543,9,23,4
5,9975,9212,19187,763,9,23,4
14,9892,9010,18902,882,9,23,4
10,3267,2499,5766,768,9,23,4
14,36571,37113,73684,-542,9,23,4
14,32203,36273,68476,-4070,9,23,4
22,7427,6691,14118,736,9,23,4
22,3091,2903,5994,188,9,23,4
2,17923,19157,37080,-1234,9,23,4
5,4794,4702,9496,92,9,23,4
6,17917,17786,35703,131,9,23,4
1,46066,51349,97415,-5283,9,23,4
3,30731,26803,57534,3928,9,23,4
15,2827,2742,5569,85,9,23,4
19,5722,4770,10492,952,9,23,4
8,4390,4146,8536,244,9,23,4
21,18312,19811,38123,-1499,9,23,4
7,5809,5860,11669,-51,9,23,4
3,6230,7418,13648,-1188,9,23,4
5,8545,7127,15672,1418,9,23,4
10,2889,2626,5515,263,9,23,4
1,60898,60838,121736,60,9,23,4
9,8226,8602,16828,-376,9,23,4
23,21982,21111,43093,871,9,23,4
22,2179,2356,4535,-177,9,23,4
22,2806,2764,5570,42,9,23,4
9,7799,7352,15151,447,9,23,4
18,6755,6553,13308,202,9,23,4
3,20897,19454,40351,1443,9,23,4
6,13862,13044,26906,818,9,23,4
21,18467,18305,36772,162,9,23,4
6,18847,18140,36987,707,9,23,4
25,6541,6332,12873,209,9,23,4
5,11369,13960,25329,-2591,9,23,4
1,16344,15510,31854,834,9,23,4
5,7144,6442,13586,702,9,23,4
4,16525,15160,31685,1365,9,23,4
15,358,431,789,-73,9,23,4
5,14355,13171,27526,1184,9,23,4
20,2389,3077,5466,-688,9,23,4
8,6863,7035,13898,-172,9,23,4
13,2852,2936,5788,-84,9,23,4
4,22577,22407,44984,170,9,23,4
11,1708,1599,3307,109,9,23,4
12,2364,2268,4632,96,9,23,4
20,7901,7513,15414,388,9,23,4
1,54279,51902,106181,2377,9,23,4
18,14729,15122,29851,-393,9,23,4
3,13437,22765,36202,-9328,9,23,4
13,5533,7032,12565,-1499,9,23,4
16,12595,11102,23697,1493,9,23,4
11,10309,3306,13615,7003,9,23,4
0,57535,55995,113530,1540,9,23,4
20,2723,2777,5500,-54,9,23,4
20,3142,2597,5739,545,9,23,4
11,9748,7985,17733,1763,9,23,4
1,24585,23247,47832,1338,9,23,4
18,28456,29060,57516,-604,9,23,4
12,9296,10123,19419,-827,9,23,4
5,13812,14385,28197,-573,9,23,4
11,10729,9417,20146,1312,9,23,4
7,8350,9980,18330,-1630,9,23,4
9,10193,9043,19236,1150,9,23,4
9,7222,6898,14120,324,9,23,4
18,14770,22498,37268,-7728,9,23,4
1,62556,55639,118195,6917,9,23,4
17,9739,8338,18077,1401,9,23,4
8,9536,8768,18304,768,9,23,4
9,11387,12390,23777,-1003,9,23,4
18,8705,9131,17836,-426,9,23,4
11,17708,17207,34915,501,9,23,4
1,42156,46891,89047,-4735,9,23,4
3,24643,23619,48262,1024,9,23,4
22,3907,4365,8272,-458,9,23,4
11,5670,4948,10618,722,9,23,4
11,3708,3373,7081,335,9,23,4
11,3436,3186,6622,250,9,23,4
10,412,404,816,8,9,23,4
19,7005,6946,13951,59,9,23,4
14,9751,9726,19477,25,9,23,4
12,2887,2571,5458,316,9,23,4
22,2769,2543,5312,226,9,23,4
22,6556,5991,12547,565,9,23,4
14,30496,30468,60964,28,9,23,4
19,2890,2588,5478,302,9,23,4
4,7265,6627,13892,638,9,23,4
11,5522,4953,10475,569,9,23,4
7,9664,9318,18982,346,9,23,4
9,5805,6415,12220,-610,9,23,4
18,16089,15940,32029,149,9,23,4
6,13831,13630,27461,201,9,23,4
21,4703,3783,8486,920,9,23,4
13,3134,3180,6314,-46,9,23,4
18,16495,17166,33661,-671,9,23,4
2,21169,20908,42077,261,9,23,4
18,9714,8490,18204,1224,9,23,4
11,42286,46704,88990,-4418,9,23,4
18,14819,17389,32208,-2570,9,23,4
3,38119,38258,76377,-139,9,23,4
7,6148,5318,11466,830,9,23,4
3,16176,15746,31922,430,9,23,4
6,16182,15885,32067,297,9,23,4
19,4507,4013,8520,494,9,23,4
0,27989,28850,56839,-861,9,23,4
1,27761,26795,54556,966,9,23,4
18,5301,5264,10565,37,9,23,4
4,7303,7366,14669,-63,9,23,4
4,4815,4865,9680,-50,9,23,4
11,10106,8737,18843,1369,9,23,4
21,2087,1931,4018,156,9,23,4
15,2594,2420,5014,174,9,23,4
5,1,0,1,1,9,23,4
8,36016,36286,72302,-270,9,23,4
1,1960,2141,4101,-181,9,23,4
1,15920,16409,32329,-489,9,23,4
5,9619,9025,18644,594,9,23,4
1,27999,26784,54783,1215,9,23,4
6,16865,15612,32477,1253,9,23,4
11,4686,4832,9518,-146,9,23,4
1,53800,54708,108508,-908,9,23,4
10,1823,1674,3497,149,9,23,4
1,64229,61766,125995,2463,9,23,4
20,1800,2430,4230,-630,9,23,4
8,5120,4275,9395,845,9,23,4
8,4539,4779,9318,-240,9,23,4
8,7820,7350,15170,470,9,23,4
2,32792,35304,68096,-2512,9,23,4
22,2463,2385,4848,78,9,23,4
0,15426,14894,30320,532,9,23,4
1,4123,3923,8046,200,9,23,4
3,20299,20894,41193,-595,9,23,4
25,268,239,507,29,9,23,4
12,9452,8436,17888,1016,9,23,4
4,15482,12549,28031,2933,9,23,4
1,11543,11762,23305,-219,9,23,4
24,4131,2426,6557,1705,9,23,4
13,1078,1469,2547,-391,9,23,4
1,45934,47457,93391,-1523,9,23,4
19,2085,2199,4284,-114,9,23,4
6,12817,11991,24808,826,9,23,4
7,4642,4953,9595,-311,9,23,4
3,32006,29436,61442,2570,9,23,4
24,3045,2854,5899,191,9,23,4
24,5283,5115,10398,168,9,23,4
25,733,709,1442,24,9,23,4
4,16247,15586,31833,661,9,23,4
1,12143,11271,23414,872,9,23,4
2,27399,28418,55817,-1019,9,23,4
21,12759,11815,24574,944,9,23,4
5,15146,14311,29457,835,9,23,4
11,28542,28483,57025,59,9,23,4
7,20656,17937,38593,2719,9,23,4
2,37221,40850,78071,-3629,9,23,4
18,22448,26780,49228,-4332,9,23,4
4,7637,7400,15037,237,9,23,4
13,9316,9662,18978,-346,9,23,4
19,476,370,846,106,9,23,4
18,29638,31236,60874,-1598,9,23,4
2,14709,14267,28976,442,9,23,4
5,4047,4061,8108,-14,9,23,4
25,2348,2254,4602,94,9,23,4
25,3599,3457,7056,142,9,23,4
2,44659,47279,91938,-2620,9,23,4
25,845,718,1563,127,9,23,4
12,9038,8643,17681,395,9,23,4
1,7793,7962,15755,-169,9,23,4
8,10897,10904,21801,-7,9,23,4
4,8223,7871,16094,352,9,23,4
25,4660,4792,9452,-132,9,23,4
6,19141,18988,38129,153,9,23,4
19,1501,1288,2789,213,9,23,4
9,12022,12198,24220,-176,9,23,4
4,16751,17945,34696,-1194,9,23,4
8,32949,31222,64171,1727,9,23,4
4,31562,33693,65255,-2131,9,23,4
10,2900,2813,5713,87,9,23,4
14,32279,30835,63114,1444,9,23,4
1,56308,63567,119875,-7259,9,23,4
5,4071,4724,8795,-653,9,23,4
19,5381,5421,10802,-40,9,23,4
2,40155,38247,78402,1908,9,23,4
8,19887,19125,39012,762,9,23,4
11,45751,48158,93909,-2407,9,23,4
1,24195,24955,49150,-760,9,23,4
4,4445,4514,8959,-69,9,23,4
4,11571,11900,23471,-329,9,23,4
16,4002,4256,8258,-254,9,23,4
18,10315,10247,20562,68,9,23,4
2,6983,6396,13379,587,9,23,4
4,4196,4294,8490,-98,9,23,4
14,13430,11923,25353,1507,9,23,4
18,13047,10669,23716,2378,9,23,4
4,23816,25903,49719,-2087,9,23,4
19,4796,4027,8823,769,9,23,4
25,360,356,716,4,9,23,4
11,12077,11711,23788,366,9,23,4
11,4426,4091,8517,335,9,23,4
21,9705,9958,19663,-253,9,23,4
12,76,40,116,36,9,23,4
2,10391,10495,20886,-104,9,23,4
14,8026,7613,15639,413,9,23,4
6,11780,10891,22671,889,9,23,4
24,4491,4826,9317,-335,9,23,4
9,12682,13092,25774,-410,9,23,4
4,6629,6326,12955,303,9,23,4
4,4993,5877,10870,-884,9,23,4
12,17318,19166,36484,-1848,9,23,4
1,19873,16191,36064,3682,9,23,4
12,11182,10741,21923,441,9,23,4
1,3351,3343,6694,8,9,23,4
1,2750,2664,5414,86,9,23,4
6,6663,6337,13000,326,9,23,4
25,2087,2300,4387,-213,9,23,4
11,45483,45779,91262,-296,9,23,4
4,16372,15939,32311,433,9,23,4
25,977,911,1888,66,9,23,4
16,8504,8686,17190,-182,9,23,4
13,8384,7685,16069,699,9,23,4
23,12639,11759,24398,880,9,23,4
25,429,446,875,-17,9,23,4
19,5147,5300,10447,-153,9,23,4
23,13031,12217,25248,814,9,23,4
12,9086,8591,17677,495,9,23,4
5,14141,13486,27627,655,9,23,4
19,3186,2923,6109,263,9,23,4
5,5218,5512,10730,-294,9,23,4
13,3566,2698,6264,868,9,23,4
2,12499,12684,25183,-185,9,23,4
1,26921,27706,54627,-785,9,23,4
1,14976,15096,30072,-120,9,23,4
4,6860,7173,14033,-313,9,23,4
1,47873,49507,97380,-1634,9,23,4
12,2243,1869,4112,374,9,23,4
5,19509,19046,38555,463,9,23,4
11,10444,10149,20593,295,9,23,4
12,20890,22342,43232,-1452,9,23,4
1,19019,20138,39157,-1119,9,23,4
10,1342,1173,2515,169,9,23,4
18,6694,6274,12968,420,9,23,4
6,18182,17293,35475,889,9,23,4
10,3165,3211,6376,-46,9,23,4
12,4545,3495,8040,1050,9,23,4
3,8720,9719,18439,-999,9,23,4
5,14471,19646,34117,-5175,9,23,4
17,28280,29025,57305,-745,9,23,4
19,1211,2013,3224,-802,9,23,4
14,4494,3472,7966,1022,9,23,4
16,8198,7821,16019,377,9,23,4
16,4211,3579,7790,632,9,23,4
19,6670,7134,13804,-464,9,23,4
19,8340,7677,16017,663,9,23,4
13,11561,11435,22996,126,9,23,4
2,12038,11246,23284,792,9,23,4
13,33,9,42,24,9,23,4
7,15936,19633,35569,-3697,9,23,4
1,84302,84546,168848,-244,9,23,4
1,16863,16250,33113,613,9,23,4
1,25178,26146,51324,-968,9,23,4
2,5878,5620,11498,258,9,23,4
6,10263,9973,20236,290,9,23,4
6,2639,1099,3738,1540,9,23,4
7,19081,17731,36812,1350,9,23,4
4,20741,20395,41136,346,9,23,4
22,5586,4894,10480,692,9,23,4
23,8725,9527,18252,-802,9,23,4
17,12318,12210,24528,108,9,23,4
21,12041,11426,23467,615,9,23,4
18,21047,22212,43259,-1165,9,23,4
0,18419,18328,36747,91,9,23,4
14,12786,11940,24726,846,9,23,4
0,41294,41151,82445,143,9,23,4
4,15940,16503,32443,-563,9,23,4
2,11146,13779,24925,-2633,9,23,4
0,29760,27730,57490,2030,9,23,4
0,25187,25714,50901,-527,9,23,4
9,5415,5446,10861,-31,9,23,4
1,19474,22406,41880,-2932,9,23,4
14,22371,20117,42488,2254,9,23,4
23,10933,11033,21966,-100,9,23,4
18,17188,17720,34908,-532,9,23,4
6,16558,14538,31096,2020,9,23,4
6,12381,11410,23791,971,9,23,4
14,10888,9969,20857,919,9,23,4
25,6458,6073,12531,385,9,23,4
21,20764,22786,43550,-2022,9,23,4
9,12188,10870,23058,1318,9,23,4
6,11784,11354,23138,430,9,23,4
8,8201,7741,15942,460,9,23,4
5,10992,10814,21806,178,9,23,4
2,6149,5817,11966,332,9,23,4
25,51,77,128,-26,9,23,4
12,7613,7715,15328,-102,9,23,4
11,1147,1062,2209,85,9,23,4
11,2205,1788,3993,417,9,23,4
3,28267,30312,58579,-2045,9,23,4
12,1,0,1,1,9,23,4
5,3843,3148,6991,695,9,23,4
15,1888,1777,3665,111,9,23,4
11,8666,7980,16646,686,9,23,4
6,12935,12223,25158,712,9,23,4
4,20943,20979,41922,-36,9,23,4
7,16171,19282,35453,-3111,9,23,4
6,24422,25293,49715,-871,9,23,4
4,4407,4015,8422,392,9,23,4
5,4125,4336,8461,-211,9,23,4
6,21790,24385,46175,-2595,9,23,4
16,8044,7750,15794,294,9,23,4
12,19122,19288,38410,-166,9,23,4
0,21758,21689,43447,69,9,23,4
18,5283,4894,10177,389,9,23,4
15,1895,2225,4120,-330,9,23,4
10,3852,3513,7365,339,9,23,4
21,5889,5968,11857,-79,9,23,4
3,21359,23574,44933,-2215,9,23,4
15,2500,1611,4111,889,9,23,4
2,1,0,1,1,9,23,4
3,33109,34585,67694,-1476,9,23,4
4,5164,5329,10493,-165,9,23,4
1,10830,11808,22638,-978,9,23,4
13,8900,8525,17425,375,9,23,4
24,1311,1146,2457,165,9,23,4
5,6295,7039,13334,-744,9,23,4
6,10455,9781,20236,674,9,23,4
18,15022,14168,29190,854,9,23,4
15,3932,3689,7621,243,9,23,4
13,1533,1022,2555,511,9,23,4
10,5758,5861,11619,-103,9,23,4
25,1051,1080,2131,-29,9,23,4
15,7634,7513,15147,121,9,23,4
17,19963,19813,39776,150,9,23,4
11,15684,15143,30827,541,9,23,4
11,5099,4860,9959,239,9,23,4
13,6480,6208,12688,272,9,23,4
6,19716,18306,38022,1410,9,23,4
4,6795,6363,13158,432,9,23,4
4,7984,7720,15704,264,9,23,4
4,4636,4563,9199,73,9,23,4
6,25721,27500,53221,-1779,9,23,4
2,2179,2107,4286,72,9,23,4
5,10917,12898,23815,-1981,9,23,4
12,4623,4481,9104,142,9,23,4
21,11529,11359,22888,170,9,23,4
3,16457,15682,32139,775,9,23,4
9,3035,2690,5725,345,9,23,4
1,13880,14675,28555,-795,9,23,4
18,16477,17712,34189,-1235,9,23,4
1,36991,41503,78494,-4512,9,23,4
5,15647,15750,31397,-103,9,23,4
4,9149,8005,17154,1144,9,23,4
13,9801,9760,19561,41,9,23,4
3,40452,39806,80258,646,9,23,4
19,4726,4801,9527,-75,9,23,4
16,13094,14219,27313,-1125,9,23,4
1,68305,77980,146285,-9675,9,23,4
13,2269,2866,5135,-597,9,23,4
2,19932,18802,38734,1130,9,23,4
22,3932,3603,7535,329,9,23,4
4,32100,29530,61630,2570,9,23,4
5,13791,10382,24173,3409,9,23,4
11,9637,9076,18713,561,9,23,4
13,3062,2749,5811,313,9,23,4
23,19013,19599,38612,-586,9,23,4
25,31304,28790,60094,2514,9,23,4
12,14293,14191,28484,102,9,23,4
3,27212,28649,55861,-1437,9,23,4
5,8302,7672,15974,630,9,23,4
13,3476,3723,7199,-247,9,23,4
8,11575,11652,23227,-77,9,23,4
22,4703,4575,9278,128,9,22,3
12,7623,7281,14904,342,9,22,3
2,9898,9794,19692,104,9,22,3
7,8396,9053,17449,-657,9,22,3
11,20215,23195,43410,-2980,9,22,3
6,48260,48927,97187,-667,9,22,3
8,23640,23081,46721,559,9,22,3
22,4783,4649,9432,134,9,22,3
13,6633,6233,12866,400,9,22,3
18,14758,16559,31317,-1801,9,22,3
15,2031,2010,4041,21,9,22,3
14,6563,6266,12829,297,9,22,3
15,3417,2946,6363,471,9,22,3
1,86478,83687,170165,2791,9,22,3
18,10346,12284,22630,-1938,9,22,3
6,18808,20710,39518,-1902,9,22,3
4,20078,19261,39339,817,9,22,3
7,11478,11770,23248,-292,9,22,3
13,3706,3209,6915,497,9,22,3
1,33526,30921,64447,2605,9,22,3
4,5476,5204,10680,272,9,22,3
15,500,470,970,30,9,22,3
4,7267,7565,14832,-298,9,22,3
14,23831,22983,46814,848,9,22,3
18,4239,4323,8562,-84,9,22,3
8,3047,2120,5167,927,9,22,3
4,6226,5894,12120,332,9,22,3
4,11332,10722,22054,610,9,22,3
6,14524,14951,29475,-427,9,22,3
1,37124,39740,76864,-2616,9,22,3
16,7402,7352,14754,50,9,22,3
10,9107,8356,17463,751,9,22,3
17,1448,1409,2857,39,9,22,3
2,27224,28171,55395,-947,9,22,3
2,8093,8121,16214,-28,9,22,3
16,13020,12073,25093,947,9,22,3
4,10584,10457,21041,127,9,22,3
5,10728,10440,21168,288,9,22,3
19,5423,5079,10502,344,9,22,3
8,14320,17725,32045,-3405,9,22,3
6,16699,14258,30957,2441,9,22,3
2,44780,41819,86599,2961,9,22,3
21,10283,9803,20086,480,9,22,3
13,707,685,1392,22,9,22,3
10,2585,2549,5134,36,9,22,3
5,20485,20213,40698,272,9,22,3
16,2773,3577,6350,-804,9,22,3
4,15924,16966,32890,-1042,9,22,3
13,4090,3660,7750,430,9,22,3
6,13955,13954,27909,1,9,22,3
8,3188,3452,6640,-264,9,22,3
16,2451,2630,5081,-179,9,22,3
17,7069,6596,13665,473,9,22,3
11,8493,8062,16555,431,9,22,3
20,3342,3451,6793,-109,9,22,3
4,15379,14144,29523,1235,9,22,3
11,3860,3192,7052,668,9,22,3
6,23013,22788,45801,225,9,22,3
12,9975,9717,19692,258,9,22,3
4,35950,37847,73797,-1897,9,22,3
5,10598,10029,20627,569,9,22,3
1,38459,43723,82182,-5264,9,22,3
2,17015,11209,28224,5806,9,22,3
11,20100,20445,40545,-345,9,22,3
1,64873,64833,129706,40,9,22,3
18,2762,2563,5325,199,9,22,3
25,15110,15120,30230,-10,9,22,3
8,1272,1279,2551,-7,9,22,3
5,8609,6427,15036,2182,9,22,3
18,5871,6130,12001,-259,9,22,3
1,25985,25236,51221,749,9,22,3
14,9510,9750,19260,-240,9,22,3
2,22989,22108,45097,881,9,22,3
25,878,840,1718,38,9,22,3
8,18644,19608,38252,-964,9,22,3
4,12127,13350,25477,-1223,9,22,3
6,16338,12798,29136,3540,9,22,3
11,8383,8103,16486,280,9,22,3
15,160,170,330,-10,9,22,3
4,10325,9776,20101,549,9,22,3
15,1825,1853,3678,-28,9,22,3
13,5659,5486,11145,173,9,22,3
11,30244,31039,61283,-795,9,22,3
11,13072,13050,26122,22,9,22,3
13,7043,7061,14104,-18,9,22,3
2,8649,8000,16649,649,9,22,3
18,12594,11778,24372,816,9,22,3
4,8662,8985,17647,-323,9,22,3
3,24917,25104,50021,-187,9,22,3
15,376,404,780,-28,9,22,3
4,7509,7462,14971,47,9,22,3
16,11253,7217,18470,4036,9,22,3
8,7318,11132,18450,-3814,9,22,3
4,31298,29465,60763,1833,9,22,3
1,30131,29311,59442,820,9,22,3
6,16844,17709,34553,-865,9,22,3
19,2395,2703,5098,-308,9,22,3
2,31027,31340,62367,-313,9,22,3
6,12790,11888,24678,902,9,22,3
11,11000,11846,22846,-846,9,22,3
7,6541,6615,13156,-74,9,22,3
15,3648,3446,7094,202,9,22,3
3,1414,1250,2664,164,9,22,3
7,16699,15205,31904,1494,9,22,3
6,16496,16795,33291,-299,9,22,3
8,5247,4368,9615,879,9,22,3
11,9507,9406,18913,101,9,22,3
8,28968,28375,57343,593,9,22,3
3,20190,23117,43307,-2927,9,22,3
6,21191,22403,43594,-1212,9,22,3
2,17252,15604,32856,1648,9,22,3
5,5415,5351,10766,64,9,22,3
12,5346,5104,10450,242,9,22,3
12,5350,4305,9655,1045,9,22,3
6,20503,21436,41939,-933,9,22,3
13,4411,4039,8450,372,9,22,3
7,11933,11394,23327,539,9,22,3
19,126,98,224,28,9,22,3
4,17620,15958,33578,1662,9,22,3
3,9947,8807,18754,1140,9,22,3
20,4003,3864,7867,139,9,22,3
8,20617,21151,41768,-534,9,22,3
1,20693,24459,45152,-3766,9,22,3
11,7860,7459,15319,401,9,22,3
23,2504,1954,4458,550,9,22,3
17,4549,4684,9233,-135,9,22,3
6,8342,8345,16687,-3,9,22,3
1,25814,26302,52116,-488,9,22,3
18,5409,5050,10459,359,9,22,3
20,2412,1879,4291,533,9,22,3
11,12759,13668,26427,-909,9,22,3
15,589,598,1187,-9,9,22,3
21,5585,5023,10608,562,9,22,3
2,11534,10645,22179,889,9,22,3
2,12376,12312,24688,64,9,22,3
23,15710,12405,28115,3305,9,22,3
5,11097,11707,22804,-610,9,22,3
12,4250,3698,7948,552,9,22,3
25,6355,6200,12555,155,9,22,3
12,7227,6929,14156,298,9,22,3
2,5591,5941,11532,-350,9,22,3
18,8238,7974,16212,264,9,22,3
25,12954,11532,24486,1422,9,22,3
1,1447,1486,2933,-39,9,22,3
12,6822,6590,13412,232,9,22,3
6,10714,12160,22874,-1446,9,22,3
12,8596,5522,14118,3074,9,22,3
25,2864,2287,5151,577,9,22,3
14,3892,3872,7764,20,9,22,3
14,4744,4329,9073,415,9,22,3
2,7993,8398,16391,-405,9,22,3
5,3012,3100,6112,-88,9,22,3
11,20855,21471,42326,-616,9,22,3
5,10500,9612,20112,888,9,22,3
0,11504,10874,22378,630,9,22,3
3,21487,21943,43430,-456,9,22,3
4,3359,3883,7242,-524,9,22,3
3,17051,15001,32052,2050,9,22,3
1,14049,15651,29700,-1602,9,22,3
2,12218,13841,26059,-1623,9,22,3
12,2803,3086,5889,-283,9,22,3
12,3498,3421,6919,77,9,22,3
5,8668,9070,17738,-402,9,22,3
0,8909,9320,18229,-411,9,22,3
14,17377,17358,34735,19,9,22,3
14,15821,14900,30721,921,9,22,3
8,1928,1430,3358,498,9,22,3
3,1598,1763,3361,-165,9,22,3
11,9323,9697,19020,-374,9,22,3
4,9017,8886,17903,131,9,22,3
9,1207,1110,2317,97,9,22,3
8,12964,12024,24988,940,9,22,3
16,15821,14772,30593,1049,9,22,3
5,16263,17929,34192,-1666,9,22,3
13,3066,2731,5797,335,9,22,3
1,24705,26672,51377,-1967,9,22,3
6,11799,11341,23140,458,9,22,3
4,11723,11992,23715,-269,9,22,3
8,13767,13667,27434,100,9,22,3
16,11157,10653,21810,504,9,22,3
23,8472,8784,17256,-312,9,22,3
6,15177,13982,29159,1195,9,22,3
15,4769,4674,9443,95,9,22,3
4,6484,6265,12749,219,9,22,3
4,8250,7733,15983,517,9,22,3
4,15824,16220,32044,-396,9,22,3
5,16084,14360,30444,1724,9,22,3
25,8730,8409,17139,321,9,22,3
5,15020,16035,31055,-1015,9,22,3
12,10183,10355,20538,-172,9,22,3
18,16675,15808,32483,867,9,22,3
18,4708,4630,9338,78,9,22,3
2,14064,13429,27493,635,9,22,3
18,5994,5850,11844,144,9,22,3
6,11043,10827,21870,216,9,22,3
6,17447,16860,34307,587,9,22,3
3,25087,25932,51019,-845,9,22,3
4,9601,9725,19326,-124,9,22,3
11,11636,11407,23043,229,9,22,3
7,4907,3846,8753,1061,9,22,3
18,21807,21628,43435,179,9,22,3
4,18902,20121,39023,-1219,9,22,3
7,6703,6819,13522,-116,9,22,3
2,4429,4428,8857,1,9,22,3
1,24124,24693,48817,-569,9,22,3
13,5778,5712,11490,66,9,22,3
7,23407,24892,48299,-1485,9,22,3
18,16557,17818,34375,-1261,9,22,3
4,18308,18401,36709,-93,9,22,3
3,16554,16201,32755,353,9,22,3
3,28924,28420,57344,504,9,22,3
21,4754,4571,9325,183,9,22,3
6,6658,6421,13079,237,9,22,3
4,22502,23708,46210,-1206,9,22,3
1,21353,22136,43489,-783,9,22,3
4,7973,8200,16173,-227,9,22,3
12,11066,10706,21772,360,9,22,3
4,7141,6857,13998,284,9,22,3
24,1289,1261,2550,28,9,22,3
13,8093,7745,15838,348,9,22,3
23,10879,10777,21656,102,9,22,3
15,90,106,196,-16,9,22,3
14,7853,7539,15392,314,9,22,3
5,2375,2356,4731,19,9,22,3
17,28493,28826,57319,-333,9,22,3
15,3565,3438,7003,127,9,22,3
11,18711,18598,37309,113,9,22,3
6,8386,8581,16967,-195,9,22,3
20,3249,3029,6278,220,9,22,3
20,1995,2214,4209,-219,9,22,3
20,6941,7331,14272,-390,9,22,3
22,1657,1695,3352,-38,9,22,3
5,8728,7894,16622,834,9,22,3
12,1656,1546,3202,110,9,22,3
18,3120,2656,5776,464,9,22,3
7,10647,8899,19546,1748,9,22,3
24,1537,1514,3051,23,9,22,3
9,20194,21051,41245,-857,9,22,3
1,26318,24204,50522,2114,9,22,3
5,10051,9326,19377,725,9,22,3
14,9694,8949,18643,745,9,22,3
10,2543,2370,4913,173,9,22,3
14,35360,34884,70244,476,9,22,3
14,30324,32702,63026,-2378,9,22,3
22,7282,6714,13996,568,9,22,3
22,3106,2824,5930,282,9,22,3
2,17854,19133,36987,-1279,9,22,3
5,4719,4761,9480,-42,9,22,3
6,17674,17471,35145,203,9,22,3
3,28702,24813,53515,3889,9,22,3
1,43670,47142,90812,-3472,9,22,3
15,2843,2754,5597,89,9,22,3
19,5536,4847,10383,689,9,22,3
8,4194,4027,8221,167,9,22,3
21,17516,18820,36336,-1304,9,22,3
7,5985,5997,11982,-12,9,22,3
5,8115,6840,14955,1275,9,22,3
3,5880,6637,12517,-757,9,22,3
10,2872,2531,5403,341,9,22,3
1,59502,60578,120080,-1076,9,22,3
9,8464,8904,17368,-440,9,22,3
23,21827,21036,42863,791,9,22,3
22,2246,2316,4562,-70,9,22,3
22,2794,2786,5580,8,9,22,3
9,7575,7090,14665,485,9,22,3
18,6147,5948,12095,199,9,22,3
3,20846,19653,40499,1193,9,22,3
6,13728,13498,27226,230,9,22,3
21,18133,18187,36320,-54,9,22,3
6,18258,17309,35567,949,9,22,3
25,6279,6233,12512,46,9,22,3
5,10898,12644,23542,-1746,9,22,3
1,15732,15046,30778,686,9,22,3
5,7839,7445,15284,394,9,22,3
4,16472,15363,31835,1109,9,22,3
15,371,355,726,16,9,22,3
5,14232,13016,27248,1216,9,22,3
8,7018,6975,13993,43,9,22,3
20,2564,3167,5731,-603,9,22,3
13,2808,2792,5600,16,9,22,3
4,22817,23249,46066,-432,9,22,3
11,1712,1492,3204,220,9,22,3
12,2335,2223,4558,112,9,22,3
20,7584,7354,14938,230,9,22,3
1,52284,50988,103272,1296,9,22,3
18,13479,13959,27438,-480,9,22,3
0,51885,50427,102312,1458,9,22,3
3,13171,19897,33068,-6726,9,22,3
11,7706,2337,10043,5369,9,22,3
16,10211,8985,19196,1226,9,22,3
13,5375,6998,12373,-1623,9,22,3
20,2610,2765,5375,-155,9,22,3
20,3126,2631,5757,495,9,22,3
11,8997,8272,17269,725,9,22,3
1,24249,23665,47914,584,9,22,3
18,26208,26546,52754,-338,9,22,3
5,13903,14632,28535,-729,9,22,3
12,9329,10281,19610,-952,9,22,3
11,10900,9800,20700,1100,9,22,3
7,8249,9391,17640,-1142,9,22,3
9,9825,8742,18567,1083,9,22,3
9,7047,6790,13837,257,9,22,3
1,63237,56388,119625,6849,9,22,3
18,15000,22908,37908,-7908,9,22,3
17,9158,8174,17332,984,9,22,3
8,9530,9082,18612,448,9,22,3
9,11311,12660,23971,-1349,9,22,3
18,8844,9495,18339,-651,9,22,3
11,17594,17092,34686,502,9,22,3
1,40620,44902,85522,-4282,9,22,3
22,3766,4109,7875,-343,9,22,3
3,23395,22273,45668,1122,9,22,3
11,7502,6747,14249,755,9,22,3
11,3904,3539,7443,365,9,22,3
11,3461,3218,6679,243,9,22,3
10,402,402,804,0,9,22,3
19,7111,6796,13907,315,9,22,3
14,9841,10150,19991,-309,9,22,3
12,3091,2612,5703,479,9,22,3
22,2890,2741,5631,149,9,22,3
22,6611,6170,12781,441,9,22,3
14,30914,30746,61660,168,9,22,3
19,2754,2542,5296,212,9,22,3
4,7102,6508,13610,594,9,22,3
11,4928,4765,9693,163,9,22,3
7,9742,9386,19128,356,9,22,3
9,5423,5798,11221,-375,9,22,3
18,15152,15211,30363,-59,9,22,3
6,14015,13852,27867,163,9,22,3
21,4667,3858,8525,809,9,22,3
13,3176,3309,6485,-133,9,22,3
2,18947,18991,37938,-44,9,22,3
18,14894,15765,30659,-871,9,22,3
18,9114,7716,16830,1398,9,22,3
11,39769,42167,81936,-2398,9,22,3
18,14024,15027,29051,-1003,9,22,3
3,37131,37284,74415,-153,9,22,3
7,5671,5149,10820,522,9,22,3
3,16869,15914,32783,955,9,22,3
6,17713,17661,35374,52,9,22,3
19,4711,4279,8990,432,9,22,3
1,27104,26116,53220,988,9,22,3
0,27503,27993,55496,-490,9,22,3
18,5310,5268,10578,42,9,22,3
4,7262,7502,14764,-240,9,22,3
11,9906,8700,18606,1206,9,22,3
4,4760,4963,9723,-203,9,22,3
21,2040,1858,3898,182,9,22,3
5,2,0,2,2,9,22,3
15,2607,2504,5111,103,9,22,3
8,32161,31458,63619,703,9,22,3
1,1892,2087,3979,-195,9,22,3
1,15205,15497,30702,-292,9,22,3
5,9199,9679,18878,-480,9,22,3
1,27474,26584,54058,890,9,22,3
6,16632,15563,32195,1069,9,22,3
1,52236,52301,104537,-65,9,22,3
11,4617,4564,9181,53,9,22,3
10,1931,1652,3583,279,9,22,3
20,1634,2337,3971,-703,9,22,3
1,61733,59103,120836,2630,9,22,3
8,5012,4277,9289,735,9,22,3
8,4209,4227,8436,-18,9,22,3
8,7591,7229,14820,362,9,22,3
2,30496,31946,62442,-1450,9,22,3
1,3695,3592,7287,103,9,22,3
0,14825,14418,29243,407,9,22,3
22,2487,2398,4885,89,9,22,3
3,18805,19760,38565,-955,9,22,3
25,345,312,657,33,9,22,3
12,9474,8598,18072,876,9,22,3
4,15350,12382,27732,2968,9,22,3
1,11549,11710,23259,-161,9,22,3
24,3756,3018,6774,738,9,22,3
13,1177,1510,2687,-333,9,22,3
1,42393,43743,86136,-1350,9,22,3
19,2039,2077,4116,-38,9,22,3
6,12748,11966,24714,782,9,22,3
7,4508,4869,9377,-361,9,22,3
3,31449,29361,60810,2088,9,22,3
24,3305,2948,6253,357,9,22,3
24,4554,3991,8545,563,9,22,3
25,765,761,1526,4,9,22,3
4,16510,15807,32317,703,9,22,3
1,11888,11265,23153,623,9,22,3
2,26050,27082,53132,-1032,9,22,3
21,12290,11228,23518,1062,9,22,3
5,16606,16720,33326,-114,9,22,3
11,29397,29150,58547,247,9,22,3
7,20837,18096,38933,2741,9,22,3
2,33937,36810,70747,-2873,9,22,3
18,20296,23107,43403,-2811,9,22,3
4,7477,7410,14887,67,9,22,3
13,8947,8807,17754,140,9,22,3
19,461,353,814,108,9,22,3
18,28918,30116,59034,-1198,9,22,3
5,3885,3881,7766,4,9,22,3
2,14405,13897,28302,508,9,22,3
25,2306,2290,4596,16,9,22,3
25,3566,3400,6966,166,9,22,3
2,42184,45978,88162,-3794,9,22,3
25,847,723,1570,124,9,22,3
12,9452,9100,18552,352,9,22,3
1,7614,7865,15479,-251,9,22,3
8,10731,11077,21808,-346,9,22,3
25,3071,3127,6198,-56,9,22,3
4,8187,7998,16185,189,9,22,3
6,20360,21182,41542,-822,9,22,3
19,1304,1282,2586,22,9,22,3
9,11783,12070,23853,-287,9,22,3
4,15124,16195,31319,-1071,9,22,3
4,30790,34022,64812,-3232,9,22,3
8,31254,30606,61860,648,9,22,3
10,3015,3056,6071,-41,9,22,3
14,32607,33192,65799,-585,9,22,3
1,58242,66501,124743,-8259,9,22,3
5,4170,4853,9023,-683,9,22,3
19,5111,4963,10074,148,9,22,3
2,38910,36582,75492,2328,9,22,3
5,1,0,1,1,9,22,3
8,19479,18646,38125,833,9,22,3
11,41054,42369,83423,-1315,9,22,3
1,24147,24889,49036,-742,9,22,3
4,4504,4632,9136,-128,9,22,3
4,10990,11319,22309,-329,9,22,3
16,3824,3830,7654,-6,9,22,3
18,9980,10093,20073,-113,9,22,3
2,7064,6372,13436,692,9,22,3
4,4186,4302,8488,-116,9,22,3
14,13516,12316,25832,1200,9,22,3
18,12985,10644,23629,2341,9,22,3
4,23068,24778,47846,-1710,9,22,3
19,4999,4322,9321,677,9,22,3
25,381,389,770,-8,9,22,3
11,11100,11081,22181,19,9,22,3
11,4661,4308,8969,353,9,22,3
21,9497,9443,18940,54,9,22,3
2,9998,10259,20257,-261,9,22,3
12,56,43,99,13,9,22,3
14,8178,7610,15788,568,9,22,3
6,11980,11155,23135,825,9,22,3
24,4132,4229,8361,-97,9,22,3
9,8258,8460,16718,-202,9,22,3
4,5251,4740,9991,511,9,22,3
12,16539,17711,34250,-1172,9,22,3
4,4865,5515,10380,-650,9,22,3
1,18301,14452,32753,3849,9,22,3
12,11030,10964,21994,66,9,22,3
1,3389,3486,6875,-97,9,22,3
1,2565,2590,5155,-25,9,22,3
6,6549,6353,12902,196,9,22,3
25,2075,2119,4194,-44,9,22,3
11,38071,38878,76949,-807,9,22,3
4,16275,15789,32064,486,9,22,3
25,945,893,1838,52,9,22,3
16,8350,8522,16872,-172,9,22,3
13,8003,7413,15416,590,9,22,3
23,12442,11696,24138,746,9,22,3
25,417,366,783,51,9,22,3
19,4986,5011,9997,-25,9,22,3
23,12613,11835,24448,778,9,22,3
12,9371,8999,18370,372,9,22,3
5,14310,13696,28006,614,9,22,3
19,3397,3072,6469,325,9,22,3
5,6448,6892,13340,-444,9,22,3
13,3458,3030,6488,428,9,22,3
2,11756,11945,23701,-189,9,22,3
1,25811,25757,51568,54,9,22,3
4,7022,7207,14229,-185,9,22,3
1,14720,14805,29525,-85,9,22,3
1,46879,49076,95955,-2197,9,22,3
12,2191,1848,4039,343,9,22,3
5,19279,18732,38011,547,9,22,3
11,10377,10258,20635,119,9,22,3
12,19974,20778,40752,-804,9,22,3
1,19115,20924,40039,-1809,9,22,3
18,6346,5976,12322,370,9,22,3
10,1311,1112,2423,199,9,22,3
6,17261,16415,33676,846,9,22,3
10,2946,3014,5960,-68,9,22,3
3,8206,9085,17291,-879,9,22,3
12,4349,3323,7672,1026,9,22,3
5,11229,12637,23866,-1408,9,22,3
17,27321,28449,55770,-1128,9,22,3
19,1186,1970,3156,-784,9,22,3
14,4420,3517,7937,903,9,22,3
16,7878,7309,15187,569,9,22,3
16,3835,3186,7021,649,9,22,3
19,6077,6559,12636,-482,9,22,3
19,8567,8168,16735,399,9,22,3
13,10623,10421,21044,202,9,22,3
2,11969,11704,23673,265,9,22,3
13,26,18,44,8,9,22,3
1,76996,77594,154590,-598,9,22,3
7,14859,17571,32430,-2712,9,22,3
1,16813,16531,33344,282,9,22,3
1,24108,24090,48198,18,9,22,3
2,5632,5495,11127,137,9,22,3
6,10045,9745,19790,300,9,22,3
6,2753,1065,3818,1688,9,22,3
7,18964,17798,36762,1166,9,22,3
4,20800,20454,41254,346,9,22,3
22,5489,5011,10500,478,9,22,3
23,7566,7738,15304,-172,9,22,3
17,11969,12064,24033,-95,9,22,3
21,10840,11247,22087,-407,9,22,3
18,20588,22127,42715,-1539,9,22,3
0,18343,18792,37135,-449,9,22,3
14,12655,11925,24580,730,9,22,3
0,40650,40570,81220,80,9,22,3
4,14309,14372,28681,-63,9,22,3
0,28735,25828,54563,2907,9,22,3
2,10976,12631,23607,-1655,9,22,3
0,24582,24825,49407,-243,9,22,3
1,16545,18830,35375,-2285,9,22,3
9,4774,4819,9593,-45,9,22,3
14,21697,19904,41601,1793,9,22,3
23,10200,10303,20503,-103,9,22,3
18,16802,18452,35254,-1650,9,22,3
6,16540,15087,31627,1453,9,22,3
6,12087,11156,23243,931,9,22,3
14,10591,9930,20521,661,9,22,3
25,6160,5904,12064,256,9,22,3
21,19956,20962,40918,-1006,9,22,3
9,12571,11135,23706,1436,9,22,3
6,11826,11587,23413,239,9,22,3
8,8038,7876,15914,162,9,22,3
5,10911,10976,21887,-65,9,22,3
2,6021,5800,11821,221,9,22,3
25,73,87,160,-14,9,22,3
12,7436,7445,14881,-9,9,22,3
11,964,1006,1970,-42,9,22,3
11,2039,1780,3819,259,9,22,3
3,27517,29286,56803,-1769,9,22,3
12,1,0,1,1,9,22,3
5,4197,3465,7662,732,9,22,3
15,1920,1804,3724,116,9,22,3
11,8131,7186,15317,945,9,22,3
6,12721,12100,24821,621,9,22,3
7,15467,17781,33248,-2314,9,22,3
4,19261,19396,38657,-135,9,22,3
6,23653,24067,47720,-414,9,22,3
4,4358,3974,8332,384,9,22,3
5,3989,4197,8186,-208,9,22,3
6,22020,24760,46780,-2740,9,22,3
16,7855,7456,15311,399,9,22,3
0,21411,21040,42451,371,9,22,3
12,16877,17329,34206,-452,9,22,3
18,4932,4880,9812,52,9,22,3
15,1910,1899,3809,11,9,22,3
10,3625,3432,7057,193,9,22,3
21,5993,6265,12258,-272,9,22,3
3,20667,22427,43094,-1760,9,22,3
15,2185,1746,3931,439,9,22,3
3,33821,34716,68537,-895,9,22,3
1,10819,11681,22500,-862,9,22,3
4,5237,5398,10635,-161,9,22,3
13,8987,8460,17447,527,9,22,3
24,1176,1018,2194,158,9,22,3
5,6318,7228,13546,-910,9,22,3
6,10527,9781,20308,746,9,22,3
18,14702,14073,28775,629,9,22,3
15,3967,3600,7567,367,9,22,3
13,1681,1214,2895,467,9,22,3
10,5642,5675,11317,-33,9,22,3
25,1002,1057,2059,-55,9,22,3
15,7756,7460,15216,296,9,22,3
17,19888,19494,39382,394,9,22,3
11,13795,13865,27660,-70,9,22,3
11,4432,4497,8929,-65,9,22,3
13,6455,5920,12375,535,9,22,3
6,19771,18497,38268,1274,9,22,3
4,6630,6201,12831,429,9,22,3
4,7989,7905,15894,84,9,22,3
4,4775,4687,9462,88,9,22,3
6,26135,28028,54163,-1893,9,22,3
2,2101,2134,4235,-33,9,22,3
5,9539,11062,20601,-1523,9,22,3
12,4676,4304,8980,372,9,22,3
21,11692,11766,23458,-74,9,22,3
3,16682,15814,32496,868,9,22,3
9,2900,2642,5542,258,9,22,3
1,15708,17616,33324,-1908,9,22,3
18,16143,17322,33465,-1179,9,22,3
1,34003,36522,70525,-2519,9,22,3
5,14060,13982,28042,78,9,22,3
4,8907,7886,16793,1021,9,22,3
13,9565,9393,18958,172,9,22,3
3,38270,38487,76757,-217,9,22,3
19,4641,4825,9466,-184,9,22,3
16,11644,12287,23931,-643,9,22,3
1,61635,65604,127239,-3969,9,22,3
13,1998,2464,4462,-466,9,22,3
2,20050,18903,38953,1147,9,22,3
22,3947,3655,7602,292,9,22,3
4,31227,28818,60045,2409,9,22,3
5,14604,11098,25702,3506,9,22,3
11,9796,9382,19178,414,9,22,3
13,3616,3437,7053,179,9,22,3
23,18473,18679,37152,-206,9,22,3
25,31678,30382,62060,1296,9,22,3
12,14090,13919,28009,171,9,22,3
3,27600,28980,56580,-1380,9,22,3
13,3663,3921,7584,-258,9,22,3
5,8456,8033,16489,423,9,22,3
8,11650,11783,23433,-133,9,22,3
22,4780,4685,9465,95,9,21,2
12,7461,7329,14790,132,9,21,2
2,9928,9680,19608,248,9,21,2
7,8189,9119,17308,-930,9,21,2
6,48799,49021,97820,-222,9,21,2
11,19791,23099,42890,-3308,9,21,2
8,23771,23060,46831,711,9,21,2
22,4833,4717,9550,116,9,21,2
13,6644,6222,12866,422,9,21,2
18,14018,15818,29836,-1800,9,21,2
15,1935,1940,3875,-5,9,21,2
14,6658,6277,12935,381,9,21,2
15,3397,2898,6295,499,9,21,2
1,86355,82635,168990,3720,9,21,2
6,18345,20494,38839,-2149,9,21,2
18,10841,12392,23233,-1551,9,21,2
4,19875,19144,39019,731,9,21,2
7,11369,11469,22838,-100,9,21,2
13,3750,3227,6977,523,9,21,2
1,32095,30040,62135,2055,9,21,2
4,5498,5101,10599,397,9,21,2
15,565,523,1088,42,9,21,2
4,7316,7521,14837,-205,9,21,2
14,24096,23165,47261,931,9,21,2
18,4867,4990,9857,-123,9,21,2
8,3150,2159,5309,991,9,21,2
4,6265,5890,12155,375,9,21,2
4,11560,10976,22536,584,9,21,2
1,36870,39719,76589,-2849,9,21,2
6,14125,14836,28961,-711,9,21,2
16,7364,7202,14566,162,9,21,2
10,9171,8552,17723,619,9,21,2
17,1935,1894,3829,41,9,21,2
2,27954,29109,57063,-1155,9,21,2
2,8230,8144,16374,86,9,21,2
16,13083,11939,25022,1144,9,21,2
4,11209,11007,22216,202,9,21,2
5,10581,10547,21128,34,9,21,2
19,5441,5132,10573,309,9,21,2
2,43364,41003,84367,2361,9,21,2
6,15784,14194,29978,1590,9,21,2
8,13985,17598,31583,-3613,9,21,2
21,10338,9873,20211,465,9,21,2
13,719,733,1452,-14,9,21,2
10,2599,2494,5093,105,9,21,2
16,2699,3489,6188,-790,9,21,2
4,16118,17058,33176,-940,9,21,2
5,20645,20152,40797,493,9,21,2
13,4237,3710,7947,527,9,21,2
6,14288,14336,28624,-48,9,21,2
8,3325,3570,6895,-245,9,21,2
16,2423,2566,4989,-143,9,21,2
17,7231,6762,13993,469,9,21,2
11,8525,7983,16508,542,9,21,2
20,3236,3344,6580,-108,9,21,2
4,15549,14401,29950,1148,9,21,2
11,3803,3130,6933,673,9,21,2
6,23073,22865,45938,208,9,21,2
12,10172,10030,20202,142,9,21,2
4,36116,38297,74413,-2181,9,21,2
5,10343,9836,20179,507,9,21,2
1,38725,44026,82751,-5301,9,21,2
2,17114,10988,28102,6126,9,21,2
11,20701,21254,41955,-553,9,21,2
1,64518,64683,129201,-165,9,21,2
18,2694,2585,5279,109,9,21,2
25,15157,15216,30373,-59,9,21,2
8,1412,1434,2846,-22,9,21,2
5,8675,6448,15123,2227,9,21,2
18,5860,6099,11959,-239,9,21,2
1,25632,25092,50724,540,9,21,2
14,10449,10639,21088,-190,9,21,2
2,23155,22297,45452,858,9,21,2
25,903,897,1800,6,9,21,2
8,18325,19213,37538,-888,9,21,2
6,16565,13102,29667,3463,9,21,2
4,12427,13748,26175,-1321,9,21,2
11,8410,8172,16582,238,9,21,2
15,181,172,353,9,9,21,2
4,10426,10083,20509,343,9,21,2
15,1775,1687,3462,88,9,21,2
13,5610,5311,10921,299,9,21,2
11,30551,31099,61650,-548,9,21,2
11,13161,12911,26072,250,9,21,2
13,7470,7381,14851,89,9,21,2
2,8716,8132,16848,584,9,21,2
18,12889,12054,24943,835,9,21,2
4,8646,8838,17484,-192,9,21,2
3,24699,25120,49819,-421,9,21,2
15,424,430,854,-6,9,21,2
16,11063,6433,17496,4630,9,21,2
8,7155,10969,18124,-3814,9,21,2
4,7180,7224,14404,-44,9,21,2
4,31520,29960,61480,1560,9,21,2
1,30171,29685,59856,486,9,21,2
6,17083,17959,35042,-876,9,21,2
19,2420,2666,5086,-246,9,21,2
2,31081,31410,62491,-329,9,21,2
6,12581,11805,24386,776,9,21,2
11,11056,11943,22999,-887,9,21,2
7,6646,6750,13396,-104,9,21,2
15,2683,2818,5501,-135,9,21,2
3,1397,1183,2580,214,9,21,2
7,16955,15701,32656,1254,9,21,2
6,16646,16982,33628,-336,9,21,2
8,5379,4583,9962,796,9,21,2
8,28507,28070,56577,437,9,21,2
11,9198,9136,18334,62,9,21,2
6,21310,22478,43788,-1168,9,21,2
3,20253,23200,43453,-2947,9,21,2
2,17565,15628,33193,1937,9,21,2
5,5401,5330,10731,71,9,21,2
12,5460,5188,10648,272,9,21,2
12,5350,4314,9664,1036,9,21,2
6,20593,21494,42087,-901,9,21,2
13,4377,3935,8312,442,9,21,2
7,12187,11768,23955,419,9,21,2
19,124,84,208,40,9,21,2
4,18004,16094,34098,1910,9,21,2
3,10282,8985,19267,1297,9,21,2
20,4111,3945,8056,166,9,21,2
8,20591,20970,41561,-379,9,21,2
1,20565,24326,44891,-3761,9,21,2
11,8052,7576,15628,476,9,21,2
23,2583,1970,4553,613,9,21,2
17,3844,4021,7865,-177,9,21,2
6,8445,8552,16997,-107,9,21,2
1,25914,26367,52281,-453,9,21,2
18,5265,4894,10159,371,9,21,2
20,2423,1865,4288,558,9,21,2
11,12974,13936,26910,-962,9,21,2
15,667,553,1220,114,9,21,2
21,5698,5117,10815,581,9,21,2
2,11433,10774,22207,659,9,21,2
2,12201,12473,24674,-272,9,21,2
23,15622,12236,27858,3386,9,21,2
5,10529,11077,21606,-548,9,21,2
12,4115,3591,7706,524,9,21,2
25,6378,6193,12571,185,9,21,2
12,7092,6784,13876,308,9,21,2
2,5676,5929,11605,-253,9,21,2
18,8228,7893,16121,335,9,21,2
25,12992,11487,24479,1505,9,21,2
1,1388,1488,2876,-100,9,21,2
12,6615,6453,13068,162,9,21,2
6,10766,12168,22934,-1402,9,21,2
12,8634,5823,14457,2811,9,21,2
25,2891,2250,5141,641,9,21,2
14,3911,3860,7771,51,9,21,2
14,4641,4257,8898,384,9,21,2
2,8044,8342,16386,-298,9,21,2
5,3052,3215,6267,-163,9,21,2
11,20770,21648,42418,-878,9,21,2
5,10690,9952,20642,738,9,21,2
3,21248,21660,42908,-412,9,21,2
0,11648,10973,22621,675,9,21,2
3,16909,14998,31907,1911,9,21,2
4,3349,3910,7259,-561,9,21,2
1,13719,15438,29157,-1719,9,21,2
2,12225,13986,26211,-1761,9,21,2
12,2934,3139,6073,-205,9,21,2
12,3482,3280,6762,202,9,21,2
5,8702,8991,17693,-289,9,21,2
0,8777,9082,17859,-305,9,21,2
14,17714,17705,35419,9,9,21,2
14,16161,15396,31557,765,9,21,2
8,2054,1509,3563,545,9,21,2
3,1863,1918,3781,-55,9,21,2
11,8717,9643,18360,-926,9,21,2
4,9002,9030,18032,-28,9,21,2
9,1233,1155,2388,78,9,21,2
8,12876,12143,25019,733,9,21,2
13,3176,2815,5991,361,9,21,2
5,16411,18203,34614,-1792,9,21,2
16,15943,14851,30794,1092,9,21,2
1,24609,26660,51269,-2051,9,21,2
6,11817,11369,23186,448,9,21,2
4,11901,12123,24024,-222,9,21,2
16,11405,10748,22153,657,9,21,2
8,13838,13387,27225,451,9,21,2
23,8443,8643,17086,-200,9,21,2
6,14511,13661,28172,850,9,21,2
15,4675,4514,9189,161,9,21,2
4,6535,5956,12491,579,9,21,2
4,8220,7759,15979,461,9,21,2
4,15736,16232,31968,-496,9,21,2
5,15723,14158,29881,1565,9,21,2
25,8583,8335,16918,248,9,21,2
5,14906,15806,30712,-900,9,21,2
12,10584,10551,21135,33,9,21,2
18,16943,16007,32950,936,9,21,2
18,4644,4596,9240,48,9,21,2
2,14148,13546,27694,602,9,21,2
18,5898,5618,11516,280,9,21,2
6,11136,10925,22061,211,9,21,2
6,17490,16893,34383,597,9,21,2
3,25194,26036,51230,-842,9,21,2
4,9677,9990,19667,-313,9,21,2
11,11664,11397,23061,267,9,21,2
7,4920,3937,8857,983,9,21,2
18,21685,21018,42703,667,9,21,2
4,18853,20209,39062,-1356,9,21,2
7,6794,6880,13674,-86,9,21,2
2,4305,4391,8696,-86,9,21,2
1,24173,24773,48946,-600,9,21,2
13,5843,5663,11506,180,9,21,2
7,23740,25249,48989,-1509,9,21,2
18,17225,18317,35542,-1092,9,21,2
4,18426,18382,36808,44,9,21,2
3,17200,16612,33812,588,9,21,2
3,28945,28438,57383,507,9,21,2
21,4943,4742,9685,201,9,21,2
6,6791,6651,13442,140,9,21,2
4,23301,24128,47429,-827,9,21,2
1,21531,22475,44006,-944,9,21,2
4,7889,8109,15998,-220,9,21,2
12,10972,10760,21732,212,9,21,2
4,7367,7007,14374,360,9,21,2
24,1303,1238,2541,65,9,21,2
13,8119,7752,15871,367,9,21,2
23,10667,10621,21288,46,9,21,2
15,80,73,153,7,9,21,2
14,7995,7660,15655,335,9,21,2
5,2495,2438,4933,57,9,21,2
17,28795,29368,58163,-573,9,21,2
15,3556,3339,6895,217,9,21,2
11,18485,18085,36570,400,9,21,2
20,3248,3013,6261,235,9,21,2
6,8354,8406,16760,-52,9,21,2
20,1976,2167,4143,-191,9,21,2
20,7024,7434,14458,-410,9,21,2
5,8603,7907,16510,696,9,21,2
22,1715,1711,3426,4,9,21,2
12,1638,1587,3225,51,9,21,2
18,3137,2777,5914,360,9,21,2
18,2,0,2,2,9,21,2
7,10944,8921,19865,2023,9,21,2
24,1501,1493,2994,8,9,21,2
9,20054,20570,40624,-516,9,21,2
1,25958,24099,50057,1859,9,21,2
5,9828,9205,19033,623,9,21,2
14,9729,9043,18772,686,9,21,2
10,2401,2306,4707,95,9,21,2
14,35210,35110,70320,100,9,21,2
14,30506,32828,63334,-2322,9,21,2
22,7188,6785,13973,403,9,21,2
22,3119,2759,5878,360,9,21,2
2,17838,19094,36932,-1256,9,21,2
5,4960,4904,9864,56,9,21,2
6,17934,17832,35766,102,9,21,2
1,42832,46166,88998,-3334,9,21,2
3,28569,24273,52842,4296,9,21,2
15,2839,2746,5585,93,9,21,2
19,5773,4933,10706,840,9,21,2
8,4193,4007,8200,186,9,21,2
21,17707,18986,36693,-1279,9,21,2
7,5962,6017,11979,-55,9,21,2
3,5806,6777,12583,-971,9,21,2
5,8315,7030,15345,1285,9,21,2
10,2890,2574,5464,316,9,21,2
1,58442,59612,118054,-1170,9,21,2
9,8405,8686,17091,-281,9,21,2
23,21866,21046,42912,820,9,21,2
22,2224,2342,4566,-118,9,21,2
22,2834,2824,5658,10,9,21,2
9,7620,7280,14900,340,9,21,2
18,6315,6042,12357,273,9,21,2
3,21024,19692,40716,1332,9,21,2
6,13822,13672,27494,150,9,21,2
21,18458,18560,37018,-102,9,21,2
6,18083,17213,35296,870,9,21,2
25,6170,6095,12265,75,9,21,2
5,10303,11828,22131,-1525,9,21,2
1,15756,15139,30895,617,9,21,2
5,7602,7177,14779,425,9,21,2
4,16748,15353,32101,1395,9,21,2
15,404,386,790,18,9,21,2
5,14595,13381,27976,1214,9,21,2
20,2557,3144,5701,-587,9,21,2
8,7098,7247,14345,-149,9,21,2
13,2725,2837,5562,-112,9,21,2
4,22877,23240,46117,-363,9,21,2
11,1651,1477,3128,174,9,21,2
12,2338,2197,4535,141,9,21,2
20,7615,7406,15021,209,9,21,2
1,51920,50603,102523,1317,9,21,2
18,13357,13728,27085,-371,9,21,2
3,13301,19189,32490,-5888,9,21,2
0,50430,49003,99433,1427,9,21,2
16,9577,8652,18229,925,9,21,2
13,5211,6936,12147,-1725,9,21,2
11,7131,2274,9405,4857,9,21,2
20,2655,2797,5452,-142,9,21,2
20,3162,2713,5875,449,9,21,2
11,8661,8040,16701,621,9,21,2
1,25136,24570,49706,566,9,21,2
18,26671,26988,53659,-317,9,21,2
5,13942,14806,28748,-864,9,21,2
12,9168,10081,19249,-913,9,21,2
11,10769,9768,20537,1001,9,21,2
7,8192,9467,17659,-1275,9,21,2
9,9783,8692,18475,1091,9,21,2
9,6927,6822,13749,105,9,21,2
18,15108,22756,37864,-7648,9,21,2
1,63476,56174,119650,7302,9,21,2
17,9212,8174,17386,1038,9,21,2
8,9706,9156,18862,550,9,21,2
9,11251,12592,23843,-1341,9,21,2
18,8848,9446,18294,-598,9,21,2
11,17388,17018,34406,370,9,21,2
1,40715,44671,85386,-3956,9,21,2
22,3802,4209,8011,-407,9,21,2
3,24071,23020,47091,1051,9,21,2
11,7270,7008,14278,262,9,21,2
11,3458,3114,6572,344,9,21,2
11,3469,3280,6749,189,9,21,2
10,394,404,798,-10,9,21,2
19,6676,6348,13024,328,9,21,2
14,9934,10085,20019,-151,9,21,2
12,3121,2543,5664,578,9,21,2
22,2809,2663,5472,146,9,21,2
22,6454,6091,12545,363,9,21,2
14,30758,30723,61481,35,9,21,2
19,2797,2447,5244,350,9,21,2
4,7014,6461,13475,553,9,21,2
11,4842,4664,9506,178,9,21,2
7,9466,9303,18769,163,9,21,2
9,5473,5957,11430,-484,9,21,2
18,15363,15410,30773,-47,9,21,2
6,14048,13852,27900,196,9,21,2
21,4719,3914,8633,805,9,21,2
13,3332,3461,6793,-129,9,21,2
2,18943,19363,38306,-420,9,21,2
18,14834,15409,30243,-575,9,21,2
11,39083,41663,80746,-2580,9,21,2
18,8862,7427,16289,1435,9,21,2
18,14164,15239,29403,-1075,9,21,2
3,36721,36861,73582,-140,9,21,2
7,5841,5336,11177,505,9,21,2
3,16885,15933,32818,952,9,21,2
6,17757,17808,35565,-51,9,21,2
19,4572,4354,8926,218,9,21,2
1,26912,26169,53081,743,9,21,2
0,27220,27598,54818,-378,9,21,2
18,5292,5204,10496,88,9,21,2
4,7200,7509,14709,-309,9,21,2
4,4675,4860,9535,-185,9,21,2
11,10175,8709,18884,1466,9,21,2
21,2208,1914,4122,294,9,21,2
15,2585,2478,5063,107,9,21,2
8,32139,31539,63678,600,9,21,2
1,1872,2091,3963,-219,9,21,2
1,15263,15845,31108,-582,9,21,2
5,9875,10231,20106,-356,9,21,2
1,27468,26741,54209,727,9,21,2
6,16730,15886,32616,844,9,21,2
1,52564,51831,104395,733,9,21,2
11,4567,4694,9261,-127,9,21,2
10,1820,1685,3505,135,9,21,2
1,61582,59098,120680,2484,9,21,2
20,1655,2307,3962,-652,9,21,2
8,5120,4259,9379,861,9,21,2
8,4224,4232,8456,-8,9,21,2
8,7600,7430,15030,170,9,21,2
2,30144,31580,61724,-1436,9,21,2
1,3560,3648,7208,-88,9,21,2
0,14710,14132,28842,578,9,21,2
22,2498,2437,4935,61,9,21,2
3,18738,19762,38500,-1024,9,21,2
25,296,259,555,37,9,21,2
12,9153,8453,17606,700,9,21,2
4,15370,12579,27949,2791,9,21,2
1,11485,11718,23203,-233,9,21,2
24,3163,3095,6258,68,9,21,2
1,40660,41004,81664,-344,9,21,2
13,1161,1504,2665,-343,9,21,2
19,2074,2136,4210,-62,9,21,2
6,12724,12062,24786,662,9,21,2
7,4436,4922,9358,-486,9,21,2
3,31834,29797,61631,2037,9,21,2
24,3125,2960,6085,165,9,21,2
24,4225,3691,7916,534,9,21,2
25,713,721,1434,-8,9,21,2
4,16445,15877,32322,568,9,21,2
1,12123,11370,23493,753,9,21,2
2,26004,26575,52579,-571,9,21,2
21,12427,11331,23758,1096,9,21,2
5,16401,16828,33229,-427,9,21,2
11,30012,29610,59622,402,9,21,2
7,20725,18067,38792,2658,9,21,2
2,34533,37078,71611,-2545,9,21,2
18,19850,22337,42187,-2487,9,21,2
4,7521,7584,15105,-63,9,21,2
13,9071,8926,17997,145,9,21,2
19,455,346,801,109,9,21,2
18,29218,30564,59782,-1346,9,21,2
5,3919,3802,7721,117,9,21,2
2,14385,14021,28406,364,9,21,2
25,2232,2239,4471,-7,9,21,2
25,3583,3407,6990,176,9,21,2
2,42066,45922,87988,-3856,9,21,2
25,851,734,1585,117,9,21,2
12,9193,8544,17737,649,9,21,2
1,7773,8008,15781,-235,9,21,2
8,10792,10917,21709,-125,9,21,2
4,8158,8083,16241,75,9,21,2
25,3097,3173,6270,-76,9,21,2
6,19766,20596,40362,-830,9,21,2
19,1251,1196,2447,55,9,21,2
9,11757,12227,23984,-470,9,21,2
4,15552,16358,31910,-806,9,21,2
8,31141,30773,61914,368,9,21,2
4,31177,33707,64884,-2530,9,21,2
10,2704,2756,5460,-52,9,21,2
14,32100,32257,64357,-157,9,21,2
1,58663,66971,125634,-8308,9,21,2
5,4137,4730,8867,-593,9,21,2
19,5086,5028,10114,58,9,21,2
2,39184,37018,76202,2166,9,21,2
8,19725,19067,38792,658,9,21,2
11,40251,41838,82089,-1587,9,21,2
4,4570,4617,9187,-47,9,21,2
1,24056,24976,49032,-920,9,21,2
4,10975,11532,22507,-557,9,21,2
16,3814,3830,7644,-16,9,21,2
18,10093,10090,20183,3,9,21,2
4,4288,4360,8648,-72,9,21,2
2,7065,6291,13356,774,9,21,2
14,13366,12332,25698,1034,9,21,2
18,13068,10785,23853,2283,9,21,2
4,23687,25412,49099,-1725,9,21,2
19,5109,4385,9494,724,9,21,2
25,369,375,744,-6,9,21,2
11,11131,10938,22069,193,9,21,2
11,4592,4349,8941,243,9,21,2
21,9625,9253,18878,372,9,21,2
2,10055,10206,20261,-151,9,21,2
12,60,40,100,20,9,21,2
14,8208,7654,15862,554,9,21,2
6,12231,11485,23716,746,9,21,2
24,4121,4154,8275,-33,9,21,2
4,7726,6724,14450,1002,9,21,2
9,13457,13800,27257,-343,9,21,2
1,18386,14548,32934,3838,9,21,2
12,16486,18106,34592,-1620,9,21,2
4,4926,5509,10435,-583,9,21,2
12,10958,10936,21894,22,9,21,2
1,3345,3412,6757,-67,9,21,2
1,2585,2637,5222,-52,9,21,2
6,6632,6396,13028,236,9,21,2
25,2030,2001,4031,29,9,21,2
11,36741,37549,74290,-808,9,21,2
4,16489,16227,32716,262,9,21,2
25,977,915,1892,62,9,21,2
16,8371,8525,16896,-154,9,21,2
13,8034,7322,15356,712,9,21,2
23,12630,11859,24489,771,9,21,2
25,449,427,876,22,9,21,2
19,5003,5117,10120,-114,9,21,2
23,12725,12067,24792,658,9,21,2
12,9101,8462,17563,639,9,21,2
5,14932,14399,29331,533,9,21,2
19,3413,3050,6463,363,9,21,2
5,5165,5416,10581,-251,9,21,2
13,3478,3168,6646,310,9,21,2
1,26300,26297,52597,3,9,21,2
2,12082,12014,24096,68,9,21,2
4,7035,7177,14212,-142,9,21,2
1,14712,14778,29490,-66,9,21,2
1,47089,49116,96205,-2027,9,21,2
12,2218,1846,4064,372,9,21,2
5,19161,19097,38258,64,9,21,2
11,10372,10083,20455,289,9,21,2
12,19692,20460,40152,-768,9,21,2
1,18885,20528,39413,-1643,9,21,2
18,6611,6102,12713,509,9,21,2
10,1334,1109,2443,225,9,21,2
6,17396,16572,33968,824,9,21,2
10,2783,2920,5703,-137,9,21,2
12,4533,3398,7931,1135,9,21,2
3,8518,9543,18061,-1025,9,21,2
5,11316,12048,23364,-732,9,21,2
17,27729,28705,56434,-976,9,21,2
19,1183,1838,3021,-655,9,21,2
14,4411,3541,7952,870,9,21,2
16,7630,7840,15470,-210,9,21,2
16,3635,3306,6941,329,9,21,2
19,6216,6733,12949,-517,9,21,2
19,8505,8087,16592,418,9,21,2
13,10732,10421,21153,311,9,21,2
2,11932,11359,23291,573,9,21,2
13,23,14,37,9,9,21,2
1,75937,76350,152287,-413,9,21,2
7,15019,17801,32820,-2782,9,21,2
1,16935,16637,33572,298,9,21,2
1,23389,23191,46580,198,9,21,2
2,5689,5405,11094,284,9,21,2
6,10188,9891,20079,297,9,21,2
6,2723,1040,3763,1683,9,21,2
7,19168,17726,36894,1442,9,21,2
4,20815,20514,41329,301,9,21,2
22,5446,4971,10417,475,9,21,2
23,7473,7693,15166,-220,9,21,2
17,12068,12222,24290,-154,9,21,2
21,11054,11267,22321,-213,9,21,2
18,20785,22198,42983,-1413,9,21,2
0,18078,18462,36540,-384,9,21,2
14,12680,11907,24587,773,9,21,2
0,40881,40247,81128,634,9,21,2
2,10875,12627,23502,-1752,9,21,2
4,14031,14007,28038,24,9,21,2
0,28162,25355,53517,2807,9,21,2
0,24370,24327,48697,43,9,21,2
1,10882,12016,22898,-1134,9,21,2
9,4650,4759,9409,-109,9,21,2
14,21759,19752,41511,2007,9,21,2
23,10128,10241,20369,-113,9,21,2
18,17156,21397,38553,-4241,9,21,2
6,16452,14962,31414,1490,9,21,2
6,12303,11362,23665,941,9,21,2
14,10387,9665,20052,722,9,21,2
25,6201,5938,12139,263,9,21,2
21,20092,21276,41368,-1184,9,21,2
9,12376,11038,23414,1338,9,21,2
6,11788,11578,23366,210,9,21,2
8,8162,7851,16013,311,9,21,2
5,10915,10983,21898,-68,9,21,2
2,6156,5969,12125,187,9,21,2
23,2,0,2,2,9,21,2
25,68,75,143,-7,9,21,2
12,7482,7424,14906,58,9,21,2
11,1000,984,1984,16,9,21,2
11,2132,1917,4049,215,9,21,2
3,27599,29195,56794,-1596,9,21,2
5,4089,3456,7545,633,9,21,2
15,1907,1716,3623,191,9,21,2
11,7769,7253,15022,516,9,21,2
6,12918,12290,25208,628,9,21,2
7,15541,17628,33169,-2087,9,21,2
4,19607,19554,39161,53,9,21,2
6,23920,24198,48118,-278,9,21,2
5,4161,4294,8455,-133,9,21,2
4,4344,3998,8342,346,9,21,2
6,22242,24673,46915,-2431,9,21,2
16,7737,7250,14987,487,9,21,2
0,21014,20853,41867,161,9,21,2
12,15913,16468,32381,-555,9,21,2
18,5005,4918,9923,87,9,21,2
15,1928,1834,3762,94,9,21,2
10,3675,3435,7110,240,9,21,2
21,6084,6482,12566,-398,9,21,2
3,21070,22795,43865,-1725,9,21,2
15,1870,1756,3626,114,9,21,2
3,32388,32819,65207,-431,9,21,2
2,1,0,1,1,9,21,2
4,5401,5446,10847,-45,9,21,2
1,11023,11914,22937,-891,9,21,2
13,9004,8322,17326,682,9,21,2
24,1132,949,2081,183,9,21,2
5,6330,7315,13645,-985,9,21,2
6,10515,9957,20472,558,9,21,2
18,14679,13958,28637,721,9,21,2
15,3978,3529,7507,449,9,21,2
13,1719,1217,2936,502,9,21,2
10,5847,5676,11523,171,9,21,2
25,993,1024,2017,-31,9,21,2
15,7485,7300,14785,185,9,21,2
17,19889,19336,39225,553,9,21,2
11,14032,14107,28139,-75,9,21,2
11,4390,4324,8714,66,9,21,2
13,6365,5850,12215,515,9,21,2
6,20044,18927,38971,1117,9,21,2
4,6459,6002,12461,457,9,21,2
4,7985,7610,15595,375,9,21,2
4,4491,4532,9023,-41,9,21,2
6,26646,28192,54838,-1546,9,21,2
2,2064,2045,4109,19,9,21,2
5,10177,11676,21853,-1499,9,21,2
12,4629,4380,9009,249,9,21,2
21,11427,11673,23100,-246,9,21,2
3,16944,16252,33196,692,9,21,2
9,3034,2728,5762,306,9,21,2
1,15761,17622,33383,-1861,9,21,2
18,16127,17427,33554,-1300,9,21,2
1,32996,35123,68119,-2127,9,21,2
5,14121,13946,28067,175,9,21,2
4,8943,8036,16979,907,9,21,2
13,9490,9383,18873,107,9,21,2
3,38511,38634,77145,-123,9,21,2
19,4798,4865,9663,-67,9,21,2
16,11431,11552,22983,-121,9,21,2
13,2009,2320,4329,-311,9,21,2
1,60550,64305,124855,-3755,9,21,2
2,19771,18879,38650,892,9,21,2
22,3879,3646,7525,233,9,21,2
4,31851,29400,61251,2451,9,21,2
5,14845,11428,26273,3417,9,21,2
11,9668,9253,18921,415,9,21,2
13,3907,3718,7625,189,9,21,2
23,18609,18905,37514,-296,9,21,2
25,31374,30475,61849,899,9,21,2
12,14282,14040,28322,242,9,21,2
3,27290,28827,56117,-1537,9,21,2
13,3687,4039,7726,-352,9,21,2
5,8539,8094,16633,445,9,21,2
8,11105,11324,22429,-219,9,21,2
22,4756,4742,9498,14,9,20,1
12,7653,7413,15066,240,9,20,1
7,8092,8950,17042,-858,9,20,1
2,9852,9722,19574,130,9,20,1
11,20189,23452,43641,-3263,9,20,1
6,49064,49378,98442,-314,9,20,1
8,23507,22611,46118,896,9,20,1
22,4792,4684,9476,108,9,20,1
13,6614,6235,12849,379,9,20,1
18,14156,15083,29239,-927,9,20,1
15,2034,1889,3923,145,9,20,1
14,6565,6118,12683,447,9,20,1
15,3295,2851,6146,444,9,20,1
1,86588,82967,169555,3621,9,20,1
18,10562,12190,22752,-1628,9,20,1
6,18690,20659,39349,-1969,9,20,1
4,19853,19054,38907,799,9,20,1
7,11433,11733,23166,-300,9,20,1
13,3784,3298,7082,486,9,20,1
1,32250,30697,62947,1553,9,20,1
4,5480,5202,10682,278,9,20,1
15,621,606,1227,15,9,20,1
4,7277,7465,14742,-188,9,20,1
14,23987,23237,47224,750,9,20,1
18,4445,4602,9047,-157,9,20,1
8,3056,2072,5128,984,9,20,1
4,6178,5855,12033,323,9,20,1
4,11552,10921,22473,631,9,20,1
1,36576,39049,75625,-2473,9,20,1
6,14168,14886,29054,-718,9,20,1
16,7333,7164,14497,169,9,20,1
10,9194,8588,17782,606,9,20,1
17,1908,1853,3761,55,9,20,1
2,24158,24157,48315,1,9,20,1
2,8100,8142,16242,-42,9,20,1
16,13040,11936,24976,1104,9,20,1
4,10754,10623,21377,131,9,20,1
5,10646,10357,21003,289,9,20,1
19,5394,5033,10427,361,9,20,1
2,42470,40458,82928,2012,9,20,1
8,13558,17024,30582,-3466,9,20,1
6,15956,14194,30150,1762,9,20,1
21,10384,9787,20171,597,9,20,1
13,713,795,1508,-82,9,20,1
10,2614,2620,5234,-6,9,20,1
16,2778,3480,6258,-702,9,20,1
4,15978,16935,32913,-957,9,20,1
13,4026,3755,7781,271,9,20,1
5,20639,19991,40630,648,9,20,1
6,13739,13626,27365,113,9,20,1
8,3162,3537,6699,-375,9,20,1
16,2445,2625,5070,-180,9,20,1
17,7027,6626,13653,401,9,20,1
11,8406,7974,16380,432,9,20,1
20,3365,3515,6880,-150,9,20,1
4,15919,14605,30524,1314,9,20,1
11,3755,3134,6889,621,9,20,1
6,23094,22822,45916,272,9,20,1
12,10211,9822,20033,389,9,20,1
4,34665,36643,71308,-1978,9,20,1
5,10125,9692,19817,433,9,20,1
1,38140,43581,81721,-5441,9,20,1
2,17018,11118,28136,5900,9,20,1
11,19932,20046,39978,-114,9,20,1
1,64619,64861,129480,-242,9,20,1
18,2744,2574,5318,170,9,20,1
25,15281,15340,30621,-59,9,20,1
8,1231,1346,2577,-115,9,20,1
5,8765,6565,15330,2200,9,20,1
18,5868,6118,11986,-250,9,20,1
1,25720,24862,50582,858,9,20,1
14,10520,10481,21001,39,9,20,1
2,23026,22485,45511,541,9,20,1
25,903,842,1745,61,9,20,1
8,18069,18965,37034,-896,9,20,1
6,16380,13056,29436,3324,9,20,1
4,12160,13205,25365,-1045,9,20,1
11,8386,8236,16622,150,9,20,1
15,142,142,284,0,9,20,1
4,10404,9781,20185,623,9,20,1
15,1741,1758,3499,-17,9,20,1
13,5605,5369,10974,236,9,20,1
11,30300,30910,61210,-610,9,20,1
11,13131,13065,26196,66,9,20,1
13,7104,6898,14002,206,9,20,1
2,8677,7991,16668,686,9,20,1
18,12563,11936,24499,627,9,20,1
4,8696,9034,17730,-338,9,20,1
3,24662,25056,49718,-394,9,20,1
15,430,453,883,-23,9,20,1
4,7157,7328,14485,-171,9,20,1
8,6694,10136,16830,-3442,9,20,1
16,10815,6974,17789,3841,9,20,1
4,31500,29663,61163,1837,9,20,1
1,29930,29490,59420,440,9,20,1
6,17543,18116,35659,-573,9,20,1
19,2510,2756,5266,-246,9,20,1
2,30557,31318,61875,-761,9,20,1
6,12739,11946,24685,793,9,20,1
11,10900,11892,22792,-992,9,20,1
7,6500,6693,13193,-193,9,20,1
15,2558,2775,5333,-217,9,20,1
3,1374,1238,2612,136,9,20,1
7,16828,15484,32312,1344,9,20,1
6,16422,16812,33234,-390,9,20,1
8,5136,4319,9455,817,9,20,1
8,28236,27746,55982,490,9,20,1
11,9154,8966,18120,188,9,20,1
3,19887,22740,42627,-2853,9,20,1
6,21161,22230,43391,-1069,9,20,1
2,18194,16329,34523,1865,9,20,1
5,5325,5395,10720,-70,9,20,1
12,5388,5016,10404,372,9,20,1
12,5291,4292,9583,999,9,20,1
6,21009,21778,42787,-769,9,20,1
13,4304,3872,8176,432,9,20,1
7,11922,11298,23220,624,9,20,1
19,119,87,206,32,9,20,1
4,17576,16133,33709,1443,9,20,1
3,10114,8994,19108,1120,9,20,1
20,4096,3951,8047,145,9,20,1
1,20358,24415,44773,-4057,9,20,1
8,20339,20990,41329,-651,9,20,1
11,7896,7483,15379,413,9,20,1
23,2529,1928,4457,601,9,20,1
17,4387,4635,9022,-248,9,20,1
1,25925,26494,52419,-569,9,20,1
6,8520,8598,17118,-78,9,20,1
18,5355,4905,10260,450,9,20,1
20,2400,1868,4268,532,9,20,1
11,12758,13741,26499,-983,9,20,1
15,614,557,1171,57,9,20,1
21,5694,5114,10808,580,9,20,1
2,11540,10623,22163,917,9,20,1
2,12452,12655,25107,-203,9,20,1
23,14874,11319,26193,3555,9,20,1
5,10513,10896,21409,-383,9,20,1
12,4067,3545,7612,522,9,20,1
25,6449,6314,12763,135,9,20,1
12,7295,7114,14409,181,9,20,1
2,5577,5779,11356,-202,9,20,1
18,8201,7965,16166,236,9,20,1
25,12932,11532,24464,1400,9,20,1
1,1490,1523,3013,-33,9,20,1
12,6807,6590,13397,217,9,20,1
6,10822,12290,23112,-1468,9,20,1
12,8503,5618,14121,2885,9,20,1
25,2909,2335,5244,574,9,20,1
14,3924,3804,7728,120,9,20,1
14,4627,4213,8840,414,9,20,1
2,7965,8241,16206,-276,9,20,1
5,3006,3115,6121,-109,9,20,1
11,20965,21680,42645,-715,9,20,1
5,10493,9729,20222,764,9,20,1
3,21059,21788,42847,-729,9,20,1
0,11407,10866,22273,541,9,20,1
3,16601,14573,31174,2028,9,20,1
1,13286,15030,28316,-1744,9,20,1
4,3343,3950,7293,-607,9,20,1
2,12994,14305,27299,-1311,9,20,1
12,3026,3176,6202,-150,9,20,1
12,3729,3653,7382,76,9,20,1
0,8857,9194,18051,-337,9,20,1
5,8651,9073,17724,-422,9,20,1
14,17473,17335,34808,138,9,20,1
14,14836,14029,28865,807,9,20,1
3,1595,1766,3361,-171,9,20,1
8,1999,1509,3508,490,9,20,1
11,8632,9657,18289,-1025,9,20,1
4,9013,8915,17928,98,9,20,1
9,1233,1147,2380,86,9,20,1
8,12638,12106,24744,532,9,20,1
13,3128,2751,5879,377,9,20,1
16,16094,15055,31149,1039,9,20,1
5,16392,18137,34529,-1745,9,20,1
1,24237,26142,50379,-1905,9,20,1
6,11410,10999,22409,411,9,20,1
4,11820,12023,23843,-203,9,20,1
8,13733,13608,27341,125,9,20,1
16,11223,10640,21863,583,9,20,1
23,8449,8664,17113,-215,9,20,1
6,14596,13446,28042,1150,9,20,1
15,4687,4536,9223,151,9,20,1
4,6491,6095,12586,396,9,20,1
4,8146,7788,15934,358,9,20,1
4,15832,16095,31927,-263,9,20,1
5,15854,14012,29866,1842,9,20,1
25,8688,8393,17081,295,9,20,1
5,14803,15768,30571,-965,9,20,1
12,10581,10734,21315,-153,9,20,1
18,16559,15808,32367,751,9,20,1
18,4587,4444,9031,143,9,20,1
2,14032,13467,27499,565,9,20,1
18,5959,5784,11743,175,9,20,1
6,11019,10893,21912,126,9,20,1
6,17858,17202,35060,656,9,20,1
3,25182,25795,50977,-613,9,20,1
4,9628,10079,19707,-451,9,20,1
11,10116,9842,19958,274,9,20,1
18,21604,21597,43201,7,9,20,1
7,4741,3752,8493,989,9,20,1
4,19028,20127,39155,-1099,9,20,1
7,6657,6750,13407,-93,9,20,1
2,4347,4409,8756,-62,9,20,1
1,23997,24425,48422,-428,9,20,1
13,5685,5848,11533,-163,9,20,1
7,23509,25000,48509,-1491,9,20,1
18,16804,17992,34796,-1188,9,20,1
4,18041,18145,36186,-104,9,20,1
3,17024,16549,33573,475,9,20,1
3,28749,28492,57241,257,9,20,1
21,4887,4704,9591,183,9,20,1
6,6669,6492,13161,177,9,20,1
4,22848,23486,46334,-638,9,20,1
1,21821,22631,44452,-810,9,20,1
4,7788,7982,15770,-194,9,20,1
12,11087,10675,21762,412,9,20,1
4,7416,7109,14525,307,9,20,1
24,1266,1234,2500,32,9,20,1
13,8100,7704,15804,396,9,20,1
23,10704,10729,21433,-25,9,20,1
15,100,82,182,18,9,20,1
14,7670,7515,15185,155,9,20,1
5,2461,2371,4832,90,9,20,1
17,28410,29270,57680,-860,9,20,1
15,3574,3368,6942,206,9,20,1
11,18475,18333,36808,142,9,20,1
20,3249,2989,6238,260,9,20,1
6,8560,8673,17233,-113,9,20,1
20,2041,2225,4266,-184,9,20,1
20,7125,7617,14742,-492,9,20,1
5,8564,7877,16441,687,9,20,1
22,1725,1749,3474,-24,9,20,1
12,1671,1488,3159,183,9,20,1
18,3111,2802,5913,309,9,20,1
7,10689,8852,19541,1837,9,20,1
24,1491,1493,2984,-2,9,20,1
9,19593,20106,39699,-513,9,20,1
1,26249,24414,50663,1835,9,20,1
5,10010,9313,19323,697,9,20,1
14,9921,9090,19011,831,9,20,1
10,2353,2302,4655,51,9,20,1
14,34647,34751,69398,-104,9,20,1
14,30033,31901,61934,-1868,9,20,1
22,6878,6502,13380,376,9,20,1
22,3165,2801,5966,364,9,20,1
5,4519,4689,9208,-170,9,20,1
2,17757,19072,36829,-1315,9,20,1
6,17684,17960,35644,-276,9,20,1
1,42594,46072,88666,-3478,9,20,1
3,28038,23920,51958,4118,9,20,1
15,2943,2793,5736,150,9,20,1
19,5648,4896,10544,752,9,20,1
8,4206,4041,8247,165,9,20,1
21,17317,18781,36098,-1464,9,20,1
7,5890,6025,11915,-135,9,20,1
5,7879,6831,14710,1048,9,20,1
3,5699,6518,12217,-819,9,20,1
10,2939,2635,5574,304,9,20,1
1,57586,58559,116145,-973,9,20,1
9,8410,8916,17326,-506,9,20,1
23,21919,20925,42844,994,9,20,1
22,2229,2414,4643,-185,9,20,1
22,2754,2773,5527,-19,9,20,1
9,7489,7095,14584,394,9,20,1
18,6289,5912,12201,377,9,20,1
3,20926,19677,40603,1249,9,20,1
6,13819,13590,27409,229,9,20,1
21,18147,18483,36630,-336,9,20,1
25,6210,5986,12196,224,9,20,1
6,17810,17075,34885,735,9,20,1
5,10164,11626,21790,-1462,9,20,1
1,15481,14988,30469,493,9,20,1
5,7573,7150,14723,423,9,20,1
4,16437,15281,31718,1156,9,20,1
15,407,397,804,10,9,20,1
5,14315,13142,27457,1173,9,20,1
8,6753,6822,13575,-69,9,20,1
20,2609,3116,5725,-507,9,20,1
13,2671,2762,5433,-91,9,20,1
4,22805,23248,46053,-443,9,20,1
11,1609,1375,2984,234,9,20,1
12,2394,2250,4644,144,9,20,1
20,7528,7367,14895,161,9,20,1
1,51639,50313,101952,1326,9,20,1
18,12816,13300,26116,-484,9,20,1
11,6788,2273,9061,4515,9,20,1
16,9417,8294,17711,1123,9,20,1
0,49585,48440,98025,1145,9,20,1
13,5338,6816,12154,-1478,9,20,1
3,13046,18860,31906,-5814,9,20,1
20,2656,2899,5555,-243,9,20,1
20,3136,2669,5805,467,9,20,1
11,8688,8099,16787,589,9,20,1
1,24672,23970,48642,702,9,20,1
18,26306,26846,53152,-540,9,20,1
12,9077,9976,19053,-899,9,20,1
5,13813,14764,28577,-951,9,20,1
11,10827,9850,20677,977,9,20,1
9,9476,8535,18011,941,9,20,1
7,8174,9242,17416,-1068,9,20,1
9,6964,6698,13662,266,9,20,1
1,64376,57019,121395,7357,9,20,1
18,15408,23206,38614,-7798,9,20,1
17,9040,8059,17099,981,9,20,1
8,9864,9240,19104,624,9,20,1
9,11528,12721,24249,-1193,9,20,1
18,8948,9519,18467,-571,9,20,1
11,17396,16993,34389,403,9,20,1
1,40235,44022,84257,-3787,9,20,1
3,23538,22201,45739,1337,9,20,1
22,3828,4262,8090,-434,9,20,1
11,6928,6633,13561,295,9,20,1
11,3808,3383,7191,425,9,20,1
11,3350,3219,6569,131,9,20,1
10,363,387,750,-24,9,20,1
19,6622,6310,12932,312,9,20,1
14,9966,10115,20081,-149,9,20,1
12,2993,2510,5503,483,9,20,1
22,2758,2715,5473,43,9,20,1
22,6541,6148,12689,393,9,20,1
14,30760,30642,61402,118,9,20,1
19,2697,2467,5164,230,9,20,1
4,7064,6612,13676,452,9,20,1
11,4773,4655,9428,118,9,20,1
7,9476,9204,18680,272,9,20,1
9,5323,5780,11103,-457,9,20,1
18,14990,15294,30284,-304,9,20,1
6,14110,13805,27915,305,9,20,1
21,4710,3908,8618,802,9,20,1
13,3326,3507,6833,-181,9,20,1
2,18728,19245,37973,-517,9,20,1
18,14986,15486,30472,-500,9,20,1
18,8850,7455,16305,1395,9,20,1
11,38812,41255,80067,-2443,9,20,1
18,14009,15074,29083,-1065,9,20,1
3,36541,36632,73173,-91,9,20,1
7,5727,5215,10942,512,9,20,1
3,16779,15725,32504,1054,9,20,1
6,17797,17955,35752,-158,9,20,1
19,4491,4271,8762,220,9,20,1
0,27115,27218,54333,-103,9,20,1
1,26621,25794,52415,827,9,20,1
18,5324,5294,10618,30,9,20,1
4,7252,7569,14821,-317,9,20,1
4,4599,4879,9478,-280,9,20,1
11,10172,8754,18926,1418,9,20,1
21,2130,1935,4065,195,9,20,1
15,2514,2434,4948,80,9,20,1
8,32148,31355,63503,793,9,20,1
1,1880,2036,3916,-156,9,20,1
1,14947,15552,30499,-605,9,20,1
5,9450,9688,19138,-238,9,20,1
1,27525,26719,54244,806,9,20,1
6,16661,15952,32613,709,9,20,1
11,4584,4578,9162,6,9,20,1
1,51559,51108,102667,451,9,20,1
10,1819,1669,3488,150,9,20,1
20,1692,2301,3993,-609,9,20,1
1,61031,58494,119525,2537,9,20,1
8,5022,4259,9281,763,9,20,1
8,4271,4297,8568,-26,9,20,1
8,7574,7317,14891,257,9,20,1
2,30470,31917,62387,-1447,9,20,1
22,2475,2408,4883,67,9,20,1
0,14595,14175,28770,420,9,20,1
1,3337,3340,6677,-3,9,20,1
3,18509,19296,37805,-787,9,20,1
25,320,261,581,59,9,20,1
12,9199,8332,17531,867,9,20,1
4,15320,12405,27725,2915,9,20,1
1,11422,11719,23141,-297,9,20,1
24,3190,3106,6296,84,9,20,1
1,40834,41630,82464,-796,9,20,1
13,1218,1585,2803,-367,9,20,1
19,1958,2001,3959,-43,9,20,1
6,12831,12050,24881,781,9,20,1
7,4329,4737,9066,-408,9,20,1
3,31319,29351,60670,1968,9,20,1
24,3313,3198,6511,115,9,20,1
24,4162,3567,7729,595,9,20,1
25,754,789,1543,-35,9,20,1
4,16270,15678,31948,592,9,20,1
1,11726,11174,22900,552,9,20,1
2,25011,26160,51171,-1149,9,20,1
21,12617,11442,24059,1175,9,20,1
5,16224,16703,32927,-479,9,20,1
11,29189,28979,58168,210,9,20,1
7,20862,18159,39021,2703,9,20,1
2,35757,38463,74220,-2706,9,20,1
18,20112,22526,42638,-2414,9,20,1
4,7663,7507,15170,156,9,20,1
13,8882,8664,17546,218,9,20,1
19,454,370,824,84,9,20,1
18,28109,29646,57755,-1537,9,20,1
5,3960,3904,7864,56,9,20,1
2,14374,13921,28295,453,9,20,1
25,2241,2232,4473,9,9,20,1
25,3557,3400,6957,157,9,20,1
2,41528,45457,86985,-3929,9,20,1
25,886,761,1647,125,9,20,1
12,9091,8515,17606,576,9,20,1
1,7679,7941,15620,-262,9,20,1
8,10833,11225,22058,-392,9,20,1
25,3264,3283,6547,-19,9,20,1
4,8245,8197,16442,48,9,20,1
6,19800,20703,40503,-903,9,20,1
19,1272,1197,2469,75,9,20,1
9,11877,12380,24257,-503,9,20,1
4,14278,15436,29714,-1158,9,20,1
8,31363,30607,61970,756,9,20,1
4,30974,33540,64514,-2566,9,20,1
10,2799,2778,5577,21,9,20,1
14,32209,31738,63947,471,9,20,1
1,59513,67836,127349,-8323,9,20,1
5,4058,4781,8839,-723,9,20,1
19,4981,4890,9871,91,9,20,1
2,39379,36862,76241,2517,9,20,1
8,19528,18749,38277,779,9,20,1
11,40177,41839,82016,-1662,9,20,1
4,4607,4694,9301,-87,9,20,1
1,24014,24753,48767,-739,9,20,1
4,11171,11434,22605,-263,9,20,1
16,3742,3782,7524,-40,9,20,1
18,9683,9728,19411,-45,9,20,1
4,4274,4273,8547,1,9,20,1
2,6911,6341,13252,570,9,20,1
14,13322,12130,25452,1192,9,20,1
18,13021,10561,23582,2460,9,20,1
4,23589,25171,48760,-1582,9,20,1
19,4944,4418,9362,526,9,20,1
25,367,357,724,10,9,20,1
11,11135,11031,22166,104,9,20,1
11,4785,4415,9200,370,9,20,1
21,10331,10055,20386,276,9,20,1
2,9986,10125,20111,-139,9,20,1
12,53,52,105,1,9,20,1
6,12145,11275,23420,870,9,20,1
14,8135,7645,15780,490,9,20,1
24,4048,4144,8192,-96,9,20,1
4,5430,4665,10095,765,9,20,1
9,8029,8118,16147,-89,9,20,1
1,18138,14542,32680,3596,9,20,1
12,16421,17377,33798,-956,9,20,1
4,4823,5390,10213,-567,9,20,1
12,10887,10977,21864,-90,9,20,1
1,3443,3523,6966,-80,9,20,1
1,2630,2655,5285,-25,9,20,1
6,6549,6405,12954,144,9,20,1
25,4022,4107,8129,-85,9,20,1
11,35053,36286,71339,-1233,9,20,1
4,16227,15926,32153,301,9,20,1
25,881,849,1730,32,9,20,1
16,8482,8464,16946,18,9,20,1
13,8034,7393,15427,641,9,20,1
23,12589,11751,24340,838,9,20,1
25,434,440,874,-6,9,20,1
19,4784,5101,9885,-317,9,20,1
23,12691,12067,24758,624,9,20,1
12,9094,8418,17512,676,9,20,1
5,14913,14311,29224,602,9,20,1
19,3183,2853,6036,330,9,20,1
5,4995,5295,10290,-300,9,20,1
13,3308,3119,6427,189,9,20,1
1,25396,25630,51026,-234,9,20,1
2,11755,11619,23374,136,9,20,1
1,14910,14684,29594,226,9,20,1
4,6946,7169,14115,-223,9,20,1
1,46452,48171,94623,-1719,9,20,1
12,2224,1807,4031,417,9,20,1
5,19089,18790,37879,299,9,20,1
11,10159,10054,20213,105,9,20,1
12,19739,20753,40492,-1014,9,20,1
1,18640,20306,38946,-1666,9,20,1
10,1372,1138,2510,234,9,20,1
18,6345,5958,12303,387,9,20,1
6,17216,16223,33439,993,9,20,1
10,2797,2900,5697,-103,9,20,1
12,4393,3375,7768,1018,9,20,1
3,8284,9130,17414,-846,9,20,1
5,10786,11443,22229,-657,9,20,1
17,27751,28685,56436,-934,9,20,1
14,4195,3275,7470,920,9,20,1
19,1088,1778,2866,-690,9,20,1
16,7202,7064,14266,138,9,20,1
16,3693,3465,7158,228,9,20,1
19,6138,6511,12649,-373,9,20,1
19,8387,8172,16559,215,9,20,1
13,10875,10550,21425,325,9,20,1
2,12304,11654,23958,650,9,20,1
13,30,21,51,9,9,20,1
7,14748,17352,32100,-2604,9,20,1
1,75130,74982,150112,148,9,20,1
1,16986,16679,33665,307,9,20,1
1,23267,23032,46299,235,9,20,1
2,5472,5294,10766,178,9,20,1
6,10262,9980,20242,282,9,20,1
6,2683,1113,3796,1570,9,20,1
7,18325,17104,35429,1221,9,20,1
4,20086,19876,39962,210,9,20,1
22,5574,4907,10481,667,9,20,1
23,7434,7605,15039,-171,9,20,1
17,12213,12106,24319,107,9,20,1
21,11027,11436,22463,-409,9,20,1
18,19604,21145,40749,-1541,9,20,1
0,18699,18937,37636,-238,9,20,1
14,12531,12087,24618,444,9,20,1
0,39786,39667,79453,119,9,20,1
4,13615,13623,27238,-8,9,20,1
0,28014,25575,53589,2439,9,20,1
2,10727,12311,23038,-1584,9,20,1
0,24560,24493,49053,67,9,20,1
9,4664,4813,9477,-149,9,20,1
1,12295,13666,25961,-1371,9,20,1
14,21355,19357,40712,1998,9,20,1
23,10325,10283,20608,42,9,20,1
18,16181,17764,33945,-1583,9,20,1
6,16589,15062,31651,1527,9,20,1
6,12068,11304,23372,764,9,20,1
14,10505,9792,20297,713,9,20,1
25,6233,5921,12154,312,9,20,1
21,19951,20877,40828,-926,9,20,1
9,12700,11133,23833,1567,9,20,1
6,11757,11505,23262,252,9,20,1
8,8421,8082,16503,339,9,20,1
5,11045,10978,22023,67,9,20,1
2,6099,5940,12039,159,9,20,1
25,100,88,188,12,9,20,1
12,7381,7499,14880,-118,9,20,1
11,939,972,1911,-33,9,20,1
11,2097,1879,3976,218,9,20,1
3,27419,29226,56645,-1807,9,20,1
5,4013,3738,7751,275,9,20,1
15,1917,1783,3700,134,9,20,1
11,7798,7155,14953,643,9,20,1
6,13202,12721,25923,481,9,20,1
4,19441,19509,38950,-68,9,20,1
7,15248,17854,33102,-2606,9,20,1
6,23714,24294,48008,-580,9,20,1
4,4323,3970,8293,353,9,20,1
5,4155,4245,8400,-90,9,20,1
6,22481,24687,47168,-2206,9,20,1
16,7701,7256,14957,445,9,20,1
12,16030,17058,33088,-1028,9,20,1
0,21262,21181,42443,81,9,20,1
18,4930,4831,9761,99,9,20,1
15,1845,1754,3599,91,9,20,1
10,3706,3508,7214,198,9,20,1
21,6177,6523,12700,-346,9,20,1
3,20737,22562,43299,-1825,9,20,1
15,1957,1779,3736,178,9,20,1
2,2,0,2,2,9,20,1
3,32353,32898,65251,-545,9,20,1
1,11066,11555,22621,-489,9,20,1
4,5315,5506,10821,-191,9,20,1
13,9103,8495,17598,608,9,20,1
24,1161,1085,2246,76,9,20,1
5,6249,7243,13492,-994,9,20,1
6,10418,9892,20310,526,9,20,1
18,14514,13900,28414,614,9,20,1
15,3971,3559,7530,412,9,20,1
13,1812,1391,3203,421,9,20,1
10,5647,5651,11298,-4,9,20,1
25,1068,1142,2210,-74,9,20,1
15,7303,7077,14380,226,9,20,1
17,19683,19422,39105,261,9,20,1
11,14014,14217,28231,-203,9,20,1
11,4531,4408,8939,123,9,20,1
13,6340,5906,12246,434,9,20,1
6,19558,18365,37923,1193,9,20,1
4,6492,6127,12619,365,9,20,1
4,7920,7735,15655,185,9,20,1
4,4747,4591,9338,156,9,20,1
6,26660,28214,54874,-1554,9,20,1
2,2142,2191,4333,-49,9,20,1
5,9080,10564,19644,-1484,9,20,1
12,4515,4234,8749,281,9,20,1
21,11388,11506,22894,-118,9,20,1
3,16630,15988,32618,642,9,20,1
9,2906,2583,5489,323,9,20,1
1,16394,18287,34681,-1893,9,20,1
18,15790,17149,32939,-1359,9,20,1
5,13786,13959,27745,-173,9,20,1
1,32730,34846,67576,-2116,9,20,1
4,9130,8013,17143,1117,9,20,1
13,9360,9163,18523,197,9,20,1
3,36773,36478,73251,295,9,20,1
19,4601,4723,9324,-122,9,20,1
1,59640,62859,122499,-3219,9,20,1
16,10991,11287,22278,-296,9,20,1
13,1981,2278,4259,-297,9,20,1
2,19728,18749,38477,979,9,20,1
22,3958,3674,7632,284,9,20,1
4,31552,29421,60973,2131,9,20,1
5,14768,11358,26126,3410,9,20,1
11,9819,9336,19155,483,9,20,1
13,3682,3557,7239,125,9,20,1
23,18636,18937,37573,-301,9,20,1
25,31235,30432,61667,803,9,20,1
12,14163,13903,28066,260,9,20,1
3,27861,29136,56997,-1275,9,20,1
13,3673,3936,7609,-263,9,20,1
5,8618,8307,16925,311,9,20,1
8,11408,11599,23007,-191,9,20,1
22,4468,4664,9132,-196,9,19,0
12,7284,7003,14287,281,9,19,0
2,9519,9418,18937,101,9,19,0
7,7779,8625,16404,-846,9,19,0
11,19745,23089,42834,-3344,9,19,0
6,48471,48861,97332,-390,9,19,0
8,22869,21992,44861,877,9,19,0
22,4605,4469,9074,136,9,19,0
13,6531,6106,12637,425,9,19,0
18,13484,14502,27986,-1018,9,19,0
15,1851,1705,3556,146,9,19,0
14,6457,6053,12510,404,9,19,0
15,3334,2810,6144,524,9,19,0
1,83298,79008,162306,4290,9,19,0
6,17552,19622,37174,-2070,9,19,0
18,10063,11556,21619,-1493,9,19,0
4,19404,18690,38094,714,9,19,0
7,11544,11789,23333,-245,9,19,0
13,3636,3164,6800,472,9,19,0
1,31711,30602,62313,1109,9,19,0
4,5195,4981,10176,214,9,19,0
15,558,527,1085,31,9,19,0
4,6995,7312,14307,-317,9,19,0
14,22977,22264,45241,713,9,19,0
18,4491,4595,9086,-104,9,19,0
8,3006,2000,5006,1006,9,19,0
4,6137,5776,11913,361,9,19,0
4,11060,10605,21665,455,9,19,0
1,35527,38065,73592,-2538,9,19,0
6,14265,14563,28828,-298,9,19,0
16,7176,6998,14174,178,9,19,0
13,1,0,1,1,9,19,0
10,8851,8201,17052,650,9,19,0
17,952,926,1878,26,9,19,0
2,24242,25042,49284,-800,9,19,0
2,7950,8025,15975,-75,9,19,0
16,12672,11567,24239,1105,9,19,0
4,10616,10553,21169,63,9,19,0
5,10153,10057,20210,96,9,19,0
19,5206,4847,10053,359,9,19,0
2,41201,40506,81707,695,9,19,0
8,13152,17446,30598,-4294,9,19,0
6,16558,14247,30805,2311,9,19,0
21,10123,9367,19490,756,9,19,0
13,677,743,1420,-66,9,19,0
10,2451,2383,4834,68,9,19,0
13,3971,3615,7586,356,9,19,0
16,2727,3357,6084,-630,9,19,0
5,20012,19473,39485,539,9,19,0
4,15327,16182,31509,-855,9,19,0
6,13392,13221,26613,171,9,19,0
8,3135,3367,6502,-232,9,19,0
16,2294,2535,4829,-241,9,19,0
17,6854,6188,13042,666,9,19,0
11,7964,7558,15522,406,9,19,0
20,3057,3162,6219,-105,9,19,0
4,14754,13626,28380,1128,9,19,0
11,3789,3193,6982,596,9,19,0
6,22335,21876,44211,459,9,19,0
12,9844,9552,19396,292,9,19,0
4,33284,34896,68180,-1612,9,19,0
5,9793,9589,19382,204,9,19,0
1,37262,42646,79908,-5384,9,19,0
2,16534,11295,27829,5239,9,19,0
11,19685,19431,39116,254,9,19,0
1,62741,61328,124069,1413,9,19,0
18,2650,2540,5190,110,9,19,0
25,14683,14559,29242,124,9,19,0
8,1291,1312,2603,-21,9,19,0
5,8423,6237,14660,2186,9,19,0
18,5725,5945,11670,-220,9,19,0
1,24726,24478,49204,248,9,19,0
14,7819,7659,15478,160,9,19,0
2,22480,21514,43994,966,9,19,0
25,874,832,1706,42,9,19,0
8,17494,18243,35737,-749,9,19,0
4,11619,12658,24277,-1039,9,19,0
6,15802,12604,28406,3198,9,19,0
11,8173,7992,16165,181,9,19,0
15,137,138,275,-1,9,19,0
4,10136,9557,19693,579,9,19,0
15,1717,1595,3312,122,9,19,0
13,5395,5176,10571,219,9,19,0
11,29459,29951,59410,-492,9,19,0
11,12806,12662,25468,144,9,19,0
13,6925,6797,13722,128,9,19,0
2,8513,7805,16318,708,9,19,0
18,12214,11829,24043,385,9,19,0
4,8365,8681,17046,-316,9,19,0
3,23303,24114,47417,-811,9,19,0
15,370,368,738,2,9,19,0
16,9852,6266,16118,3586,9,19,0
8,6079,9437,15516,-3358,9,19,0
4,6531,6480,13011,51,9,19,0
4,30434,28680,59114,1754,9,19,0
6,1,0,1,1,9,19,0
1,28757,29299,58056,-542,9,19,0
6,17021,17780,34801,-759,9,19,0
19,2355,2644,4999,-289,9,19,0
2,29985,30978,60963,-993,9,19,0
6,12606,11750,24356,856,9,19,0
11,10691,11507,22198,-816,9,19,0
7,6220,6464,12684,-244,9,19,0
15,2534,2961,5495,-427,9,19,0
3,1348,1122,2470,226,9,19,0
7,16316,15049,31365,1267,9,19,0
6,16168,16461,32629,-293,9,19,0
8,5018,4190,9208,828,9,19,0
11,8760,8582,17342,178,9,19,0
8,27195,27044,54239,151,9,19,0
3,19575,22151,41726,-2576,9,19,0
6,20677,21679,42356,-1002,9,19,0
2,17013,15379,32392,1634,9,19,0
5,5017,4874,9891,143,9,19,0
12,5164,4852,10016,312,9,19,0
12,5161,4171,9332,990,9,19,0
6,20124,21049,41173,-925,9,19,0
13,4280,3868,8148,412,9,19,0
7,11836,11225,23061,611,9,19,0
19,119,83,202,36,9,19,0
4,17139,15449,32588,1690,9,19,0
3,9502,8406,17908,1096,9,19,0
20,4078,3929,8007,149,9,19,0
1,19672,23191,42863,-3519,9,19,0
8,19619,20349,39968,-730,9,19,0
11,7654,7214,14868,440,9,19,0
23,2473,1942,4415,531,9,19,0
17,2622,2831,5453,-209,9,19,0
1,25536,25593,51129,-57,9,19,0
6,8485,8490,16975,-5,9,19,0
18,5292,4887,10179,405,9,19,0
11,12302,13386,25688,-1084,9,19,0
20,2371,1908,4279,463,9,19,0
15,517,442,959,75,9,19,0
21,5333,4833,10166,500,9,19,0
2,11327,10489,21816,838,9,19,0
2,12122,12200,24322,-78,9,19,0
23,14544,10909,25453,3635,9,19,0
5,10045,10643,20688,-598,9,19,0
12,3906,3474,7380,432,9,19,0
25,6247,6047,12294,200,9,19,0
12,7169,7060,14229,109,9,19,0
2,5648,5820,11468,-172,9,19,0
18,8253,7969,16222,284,9,19,0
25,12782,11231,24013,1551,9,19,0
1,1329,1457,2786,-128,9,19,0
12,6415,6184,12599,231,9,19,0
12,7788,4997,12785,2791,9,19,0
6,10374,11728,22102,-1354,9,19,0
25,2851,2195,5046,656,9,19,0
14,3635,3609,7244,26,9,19,0
14,4485,4136,8621,349,9,19,0
2,7352,7601,14953,-249,9,19,0
5,2958,3077,6035,-119,9,19,0
11,20543,20961,41504,-418,9,19,0
5,10205,9457,19662,748,9,19,0
0,11149,10459,21608,690,9,19,0
3,20936,21500,42436,-564,9,19,0
1,12564,14393,26957,-1829,9,19,0
3,15974,14049,30023,1925,9,19,0
4,3280,3802,7082,-522,9,19,0
2,11156,12511,23667,-1355,9,19,0
12,2783,3089,5872,-306,9,19,0
12,3438,3246,6684,192,9,19,0
0,7751,8178,15929,-427,9,19,0
5,8263,8646,16909,-383,9,19,0
14,17027,16662,33689,365,9,19,0
14,14106,13376,27482,730,9,19,0
8,1850,1388,3238,462,9,19,0
3,1538,1622,3160,-84,9,19,0
11,8533,10092,18625,-1559,9,19,0
4,8575,8530,17105,45,9,19,0
9,1155,1123,2278,32,9,19,0
8,12555,11984,24539,571,9,19,0
5,15869,17621,33490,-1752,9,19,0
16,15250,14078,29328,1172,9,19,0
13,3122,2658,5780,464,9,19,0
1,23396,25055,48451,-1659,9,19,0
6,10376,9967,20343,409,9,19,0
4,11376,11637,23013,-261,9,19,0
8,12755,12859,25614,-104,9,19,0
16,10590,10032,20622,558,9,19,0
23,8308,8342,16650,-34,9,19,0
6,14106,13143,27249,963,9,19,0
15,4589,4363,8952,226,9,19,0
4,6088,5795,11883,293,9,19,0
4,7914,7499,15413,415,9,19,0
4,15010,15452,30462,-442,9,19,0
5,15473,13717,29190,1756,9,19,0
25,8093,7834,15927,259,9,19,0
5,14033,14891,28924,-858,9,19,0
12,10212,10336,20548,-124,9,19,0
18,16053,15430,31483,623,9,19,0
18,4419,4296,8715,123,9,19,0
2,13779,13071,26850,708,9,19,0
18,5802,5589,11391,213,9,19,0
6,10669,10575,21244,94,9,19,0
6,17139,16676,33815,463,9,19,0
3,24406,24840,49246,-434,9,19,0
4,9229,9524,18753,-295,9,19,0
11,11087,10944,22031,143,9,19,0
7,6179,4973,11152,1206,9,19,0
18,25842,26690,52532,-848,9,19,0
4,18134,19651,37785,-1517,9,19,0
7,6704,6675,13379,29,9,19,0
2,4181,4288,8469,-107,9,19,0
1,23095,22958,46053,137,9,19,0
13,5960,5964,11924,-4,9,19,0
7,23578,24871,48449,-1293,9,19,0
18,16516,17552,34068,-1036,9,19,0
4,17458,17533,34991,-75,9,19,0
3,16567,16088,32655,479,9,19,0
3,27907,27317,55224,590,9,19,0
21,4741,4602,9343,139,9,19,0
6,6450,6407,12857,43,9,19,0
4,22103,22782,44885,-679,9,19,0
1,20712,20595,41307,117,9,19,0
4,7599,7746,15345,-147,9,19,0
12,10439,10111,20550,328,9,19,0
4,7222,6841,14063,381,9,19,0
24,1283,1286,2569,-3,9,19,0
13,7948,7394,15342,554,9,19,0
23,10438,10322,20760,116,9,19,0
15,95,91,186,4,9,19,0
14,7510,7375,14885,135,9,19,0
5,2438,2401,4839,37,9,19,0
17,27326,27642,54968,-316,9,19,0
15,3512,3315,6827,197,9,19,0
11,18143,17757,35900,386,9,19,0
20,3170,2937,6107,233,9,19,0
6,8215,8279,16494,-64,9,19,0
20,1883,2081,3964,-198,9,19,0
20,6787,7172,13959,-385,9,19,0
5,8298,7463,15761,835,9,19,0
22,1632,1645,3277,-13,9,19,0
12,1808,1863,3671,-55,9,19,0
18,2942,2543,5485,399,9,19,0
7,10296,8654,18950,1642,9,19,0
24,1579,1542,3121,37,9,19,0
9,18229,18826,37055,-597,9,19,0
1,25301,24046,49347,1255,9,19,0
5,9741,9167,18908,574,9,19,0
14,9381,8692,18073,689,9,19,0
10,2243,2334,4577,-91,9,19,0
14,34189,33638,67827,551,9,19,0
14,29543,31333,60876,-1790,9,19,0
22,6589,6315,12904,274,9,19,0
22,2974,2673,5647,301,9,19,0
2,16955,17998,34953,-1043,9,19,0
5,4369,4396,8765,-27,9,19,0
6,17128,17260,34388,-132,9,19,0
1,40094,44228,84322,-4134,9,19,0
3,26938,24522,51460,2416,9,19,0
15,2922,2694,5616,228,9,19,0
19,5312,4702,10014,610,9,19,0
8,4061,3932,7993,129,9,19,0
21,16910,18122,35032,-1212,9,19,0
7,5671,5784,11455,-113,9,19,0
5,7132,6063,13195,1069,9,19,0
3,5435,6009,11444,-574,9,19,0
10,2787,2569,5356,218,9,19,0
1,54360,53974,108334,386,9,19,0
9,8304,8745,17049,-441,9,19,0
23,21044,20359,41403,685,9,19,0
22,2096,2214,4310,-118,9,19,0
22,2737,2708,5445,29,9,19,0
9,7338,6949,14287,389,9,19,0
18,6074,5770,11844,304,9,19,0
3,20304,18786,39090,1518,9,19,0
6,13467,13346,26813,121,9,19,0
21,17569,17713,35282,-144,9,19,0
6,17525,16463,33988,1062,9,19,0
25,5883,5896,11779,-13,9,19,0
5,9474,10736,20210,-1262,9,19,0
1,15229,15211,30440,18,9,19,0
5,7360,6932,14292,428,9,19,0
4,15946,14663,30609,1283,9,19,0
15,393,367,760,26,9,19,0
5,13876,12726,26602,1150,9,19,0
20,2413,3013,5426,-600,9,19,0
8,6607,6700,13307,-93,9,19,0
13,2608,2562,5170,46,9,19,0
4,22000,22697,44697,-697,9,19,0
11,1597,1363,2960,234,9,19,0
12,2172,1920,4092,252,9,19,0
20,7374,7316,14690,58,9,19,0
1,49834,49705,99539,129,9,19,0
18,12135,12389,24524,-254,9,19,0
13,5304,6845,12149,-1541,9,19,0
11,7381,2554,9935,4827,9,19,0
16,9583,9102,18685,481,9,19,0
0,48798,48175,96973,623,9,19,0
3,12525,18559,31084,-6034,9,19,0
20,2681,2990,5671,-309,9,19,0
20,3091,2636,5727,455,9,19,0
11,8522,8168,16690,354,9,19,0
1,24010,22450,46460,1560,9,19,0
18,25785,26185,51970,-400,9,19,0
12,8976,9961,18937,-985,9,19,0
5,13409,14378,27787,-969,9,19,0
11,10460,9426,19886,1034,9,19,0
7,7915,8984,16899,-1069,9,19,0
9,9217,8171,17388,1046,9,19,0
9,6900,6584,13484,316,9,19,0
1,61780,54227,116007,7553,9,19,0
18,14904,22913,37817,-8009,9,19,0
17,9060,7921,16981,1139,9,19,0
8,9598,9001,18599,597,9,19,0
9,11136,12188,23324,-1052,9,19,0
18,8775,9289,18064,-514,9,19,0
11,16716,16611,33327,105,9,19,0
1,39102,42226,81328,-3124,9,19,0
3,22694,21726,44420,968,9,19,0
22,3594,3981,7575,-387,9,19,0
11,7156,7222,14378,-66,9,19,0
11,3472,3072,6544,400,9,19,0
11,3316,3139,6455,177,9,19,0
10,398,381,779,17,9,19,0
19,5684,5387,11071,297,9,19,0
14,9439,9507,18946,-68,9,19,0
12,2849,2250,5099,599,9,19,0
22,2731,2645,5376,86,9,19,0
22,6463,6076,12539,387,9,19,0
14,29847,29550,59397,297,9,19,0
19,2642,2374,5016,268,9,19,0
4,6928,6366,13294,562,9,19,0
11,4839,4788,9627,51,9,19,0
7,9189,9092,18281,97,9,19,0
9,5175,5619,10794,-444,9,19,0
18,14430,14241,28671,189,9,19,0
6,13429,13237,26666,192,9,19,0
21,4497,3800,8297,697,9,19,0
13,3155,3277,6432,-122,9,19,0
18,14877,15650,30527,-773,9,19,0
2,18125,18986,37111,-861,9,19,0
18,8420,7417,15837,1003,9,19,0
11,37375,39917,77292,-2542,9,19,0
18,13455,14278,27733,-823,9,19,0
3,35838,36133,71971,-295,9,19,0
7,5747,5269,11016,478,9,19,0
3,16014,15422,31436,592,9,19,0
6,17276,17449,34725,-173,9,19,0
19,4418,4010,8428,408,9,19,0
1,24549,23026,47575,1523,9,19,0
0,25249,25900,51149,-651,9,19,0
18,5244,5170,10414,74,9,19,0
4,6841,7162,14003,-321,9,19,0
4,4450,4703,9153,-253,9,19,0
11,9864,8564,18428,1300,9,19,0
21,2033,1757,3790,276,9,19,0
15,2539,2384,4923,155,9,19,0
8,30933,30326,61259,607,9,19,0
1,1833,2076,3909,-243,9,19,0
5,8511,9146,17657,-635,9,19,0
1,14670,15240,29910,-570,9,19,0
1,26551,25763,52314,788,9,19,0
6,16357,15453,31810,904,9,19,0
11,4475,4569,9044,-94,9,19,0
1,49536,50708,100244,-1172,9,19,0
10,1718,1599,3317,119,9,19,0
1,59451,57690,117141,1761,9,19,0
20,1722,2247,3969,-525,9,19,0
8,4980,4160,9140,820,9,19,0
8,4008,3908,7916,100,9,19,0
8,7356,7141,14497,215,9,19,0
2,29430,30560,59990,-1130,9,19,0
22,2456,2370,4826,86,9,19,0
0,14399,13751,28150,648,9,19,0
1,3508,3461,6969,47,9,19,0
3,17806,18822,36628,-1016,9,19,0
25,274,226,500,48,9,19,0
12,8924,8152,17076,772,9,19,0
4,15017,12128,27145,2889,9,19,0
1,11085,11317,22402,-232,9,19,0
24,3122,3671,6793,-549,9,19,0
13,1127,1577,2704,-450,9,19,0
1,38781,38697,77478,84,9,19,0
19,1957,1962,3919,-5,9,19,0
6,12552,11804,24356,748,9,19,0
7,4350,4867,9217,-517,9,19,0
3,30462,28523,58985,1939,9,19,0
24,3261,3333,6594,-72,9,19,0
24,4441,3763,8204,678,9,19,0
25,555,617,1172,-62,9,19,0
4,15290,14672,29962,618,9,19,0
1,11047,11004,22051,43,9,19,0
2,23688,24172,47860,-484,9,19,0
21,12532,11265,23797,1267,9,19,0
5,16352,16905,33257,-553,9,19,0
11,28282,27917,56199,365,9,19,0
7,20356,17766,38122,2590,9,19,0
2,33694,36219,69913,-2525,9,19,0
18,18082,20070,38152,-1988,9,19,0
4,7142,6952,14094,190,9,19,0
13,8548,8316,16864,232,9,19,0
19,460,333,793,127,9,19,0
18,27373,28581,55954,-1208,9,19,0
2,13716,13378,27094,338,9,19,0
5,3837,3747,7584,90,9,19,0
25,2065,2079,4144,-14,9,19,0
25,3365,3261,6626,104,9,19,0
2,39985,43502,83487,-3517,9,19,0
25,787,670,1457,117,9,19,0
12,8875,8224,17099,651,9,19,0
1,7549,7763,15312,-214,9,19,0
8,10363,10785,21148,-422,9,19,0
4,8073,8102,16175,-29,9,19,0
25,3146,3095,6241,51,9,19,0
6,19071,20038,39109,-967,9,19,0
19,1050,1117,2167,-67,9,19,0
9,11595,12152,23747,-557,9,19,0
4,13401,14436,27837,-1035,9,19,0
4,30309,32754,63063,-2445,9,19,0
8,30395,29505,59900,890,9,19,0
10,2701,2666,5367,35,9,19,0
14,31583,31115,62698,468,9,19,0
1,57219,62939,120158,-5720,9,19,0
5,4068,4776,8844,-708,9,19,0
19,4872,4611,9483,261,9,19,0
5,1,0,1,1,9,19,0
2,37986,35890,73876,2096,9,19,0
8,19074,18114,37188,960,9,19,0
11,38415,40425,78840,-2010,9,19,0
4,4482,4707,9189,-225,9,19,0
1,23532,24246,47778,-714,9,19,0
4,10363,10780,21143,-417,9,19,0
16,3788,3724,7512,64,9,19,0
18,9279,9717,18996,-438,9,19,0
4,4155,4226,8381,-71,9,19,0
2,7003,6167,13170,836,9,19,0
14,12743,11867,24610,876,9,19,0
18,12666,10359,23025,2307,9,19,0
4,22652,24011,46663,-1359,9,19,0
19,4760,4221,8981,539,9,19,0
25,314,308,622,6,9,19,0
11,10847,10970,21817,-123,9,19,0
11,4310,3954,8264,356,9,19,0
21,9238,8814,18052,424,9,19,0
12,54,55,109,-1,9,19,0
2,9452,9891,19343,-439,9,19,0
6,11901,10993,22894,908,9,19,0
14,7922,7397,15319,525,9,19,0
24,5530,5573,11103,-43,9,19,0
9,7563,7540,15103,23,9,19,0
4,5063,4511,9574,552,9,19,0
12,15720,16767,32487,-1047,9,19,0
4,4692,5243,9935,-551,9,19,0
1,17438,13836,31274,3602,9,19,0
12,10601,10699,21300,-98,9,19,0
1,3328,3468,6796,-140,9,19,0
1,2427,2448,4875,-21,9,19,0
6,6415,6112,12527,303,9,19,0
25,1952,1837,3789,115,9,19,0
11,35658,37689,73347,-2031,9,19,0
4,15867,15463,31330,404,9,19,0
25,869,832,1701,37,9,19,0
16,8025,8115,16140,-90,9,19,0
13,7945,7186,15131,759,9,19,0
23,12158,11480,23638,678,9,19,0
25,379,344,723,35,9,19,0
19,4666,4782,9448,-116,9,19,0
23,12180,11750,23930,430,9,19,0
12,8535,7923,16458,612,9,19,0
5,14215,13909,28124,306,9,19,0
19,3017,2695,5712,322,9,19,0
5,4416,4748,9164,-332,9,19,0
13,3304,3083,6387,221,9,19,0
1,24973,25144,50117,-171,9,19,0
2,11477,11531,23008,-54,9,19,0
4,6781,7020,13801,-239,9,19,0
1,14352,14534,28886,-182,9,19,0
1,45091,44692,89783,399,9,19,0
12,2218,1846,4064,372,9,19,0
5,18406,18262,36668,144,9,19,0
11,9827,9835,19662,-8,9,19,0
12,19080,19715,38795,-635,9,19,0
1,18056,19370,37426,-1314,9,19,0
18,6273,5763,12036,510,9,19,0
10,1302,1140,2442,162,9,19,0
6,16539,15721,32260,818,9,19,0
10,2794,2919,5713,-125,9,19,0
3,7995,8857,16852,-862,9,19,0
12,4322,3266,7588,1056,9,19,0
5,10394,10873,21267,-479,9,19,0
17,26239,27197,53436,-958,9,19,0
14,3715,2914,6629,801,9,19,0
19,1080,1731,2811,-651,9,19,0
16,7471,7259,14730,212,9,19,0
16,3808,3517,7325,291,9,19,0
19,6011,6375,12386,-364,9,19,0
19,8102,7839,15941,263,9,19,0
13,10604,10148,20752,456,9,19,0
2,11853,11486,23339,367,9,19,0
13,14,11,25,3,9,19,0
1,71715,71381,143096,334,9,19,0
7,14322,16803,31125,-2481,9,19,0
1,16517,16076,32593,441,9,19,0
1,22699,22438,45137,261,9,19,0
2,5548,5274,10822,274,9,19,0
6,9959,9822,19781,137,9,19,0
6,2650,1009,3659,1641,9,19,0
7,17649,16623,34272,1026,9,19,0
4,19406,19389,38795,17,9,19,0
22,5242,4830,10072,412,9,19,0
23,7045,7141,14186,-96,9,19,0
17,11974,11943,23917,31,9,19,0
21,10684,11266,21950,-582,9,19,0
18,19318,20644,39962,-1326,9,19,0
0,17444,17716,35160,-272,9,19,0
14,12253,11865,24118,388,9,19,0
0,39268,39054,78322,214,9,19,0
2,10521,12167,22688,-1646,9,19,0
4,12746,12772,25518,-26,9,19,0
0,26340,23860,50200,2480,9,19,0
0,23673,23781,47454,-108,9,19,0
9,4565,4576,9141,-11,9,19,0
1,7590,8643,16233,-1053,9,19,0
14,20569,18958,39527,1611,9,19,0
23,10243,10138,20381,105,9,19,0
18,15691,17372,33063,-1681,9,19,0
6,16204,14855,31059,1349,9,19,0
6,11902,11084,22986,818,9,19,0
14,10216,9489,19705,727,9,19,0
25,6061,5703,11764,358,9,19,0
21,19141,20035,39176,-894,9,19,0
9,12456,10911,23367,1545,9,19,0
6,11344,11249,22593,95,9,19,0
8,8156,7817,15973,339,9,19,0
5,10689,10733,21422,-44,9,19,0
2,5762,5652,11414,110,9,19,0
25,67,86,153,-19,9,19,0
12,7438,7502,14940,-64,9,19,0
11,1046,995,2041,51,9,19,0
11,2050,1804,3854,246,9,19,0
3,26365,27893,54258,-1528,9,19,0
5,4093,3503,7596,590,9,19,0
15,1873,1680,3553,193,9,19,0
11,7610,7310,14920,300,9,19,0
6,12665,12080,24745,585,9,19,0
7,15083,16942,32025,-1859,9,19,0
4,18298,18642,36940,-344,9,19,0
6,22959,23432,46391,-473,9,19,0
4,4174,3786,7960,388,9,19,0
5,3951,4133,8084,-182,9,19,0
6,21676,23870,45546,-2194,9,19,0
16,7722,7032,14754,690,9,19,0
12,15541,16533,32074,-992,9,19,0
0,20017,19760,39777,257,9,19,0
18,4902,4815,9717,87,9,19,0
15,1842,1700,3542,142,9,19,0
10,3542,3396,6938,146,9,19,0
21,5953,6059,12012,-106,9,19,0
3,19912,21566,41478,-1654,9,19,0
15,1827,1937,3764,-110,9,19,0
2,1,0,1,1,9,19,0
3,30949,31967,62916,-1018,9,19,0
1,10860,11563,22423,-703,9,19,0
4,5139,5271,10410,-132,9,19,0
13,8912,8301,17213,611,9,19,0
24,1124,975,2099,149,9,19,0
5,6012,6826,12838,-814,9,19,0
6,9904,9552,19456,352,9,19,0
18,14458,13901,28359,557,9,19,0
15,3864,3468,7332,396,9,19,0
13,1722,1244,2966,478,9,19,0
10,5672,5507,11179,165,9,19,0
25,976,909,1885,67,9,19,0
15,7389,7057,14446,332,9,19,0
17,19315,18876,38191,439,9,19,0
11,13873,14635,28508,-762,9,19,0
11,4563,4281,8844,282,9,19,0
13,6144,5546,11690,598,9,19,0
6,19221,18000,37221,1221,9,19,0
4,6268,6007,12275,261,9,19,0
4,7851,7613,15464,238,9,19,0
4,4520,4481,9001,39,9,19,0
6,26215,27639,53854,-1424,9,19,0
2,2011,1974,3985,37,9,19,0
5,7442,8622,16064,-1180,9,19,0
12,4435,4253,8688,182,9,19,0
21,10993,11195,22188,-202,9,19,0
3,15778,15171,30949,607,9,19,0
9,2862,2507,5369,355,9,19,0
1,15460,17566,33026,-2106,9,19,0
18,15431,16739,32170,-1308,9,19,0
1,31058,32959,64017,-1901,9,19,0
5,13163,14053,27216,-890,9,19,0
4,8576,7718,16294,858,9,19,0
13,9084,9041,18125,43,9,19,0
3,33574,33695,67269,-121,9,19,0
19,4336,4625,8961,-289,9,19,0
13,1829,2146,3975,-317,9,19,0
16,10947,10914,21861,33,9,19,0
1,57668,60286,117954,-2618,9,19,0
2,19164,18259,37423,905,9,19,0
22,3805,3554,7359,251,9,19,0
4,30470,28374,58844,2096,9,19,0
5,14061,10972,25033,3089,9,19,0
11,9382,8805,18187,577,9,19,0
13,3575,3491,7066,84,9,19,0
23,17909,18127,36036,-218,9,19,0
25,30561,29982,60543,579,9,19,0
12,13676,13450,27126,226,9,19,0
3,26066,27721,53787,-1655,9,19,0
5,8365,7949,16314,416,9,19,0
13,3561,3826,7387,-265,9,19,0
8,10727,11144,21871,-417,9,19,0
22,2143,1818,3961,325,9,18,6
12,4440,4218,8658,222,9,18,6
7,3450,4156,7606,-706,9,18,6
2,4259,4491,8750,-232,9,18,6
11,5076,6842,11918,-1766,9,18,6
6,10943,9831,20774,1112,9,18,6
8,12367,12132,24499,235,9,18,6
22,2579,2487,5066,92,9,18,6
13,3287,3283,6570,4,9,18,6
18,4489,5371,9860,-882,9,18,6
15,2678,1892,4570,786,9,18,6
14,3445,3180,6625,265,9,18,6
15,1549,1368,2917,181,9,18,6
1,38606,37001,75607,1605,9,18,6
18,3374,4144,7518,-770,9,18,6
6,6463,7080,13543,-617,9,18,6
4,10090,9859,19949,231,9,18,6
7,4772,4715,9487,57,9,18,6
13,1588,1506,3094,82,9,18,6
1,24671,25149,49820,-478,9,18,6
4,2572,2368,4940,204,9,18,6
15,1027,713,1740,314,9,18,6
4,3312,3631,6943,-319,9,18,6
14,12742,12365,25107,377,9,18,6
18,2412,2400,4812,12,9,18,6
8,1166,1062,2228,104,9,18,6
4,2847,2951,5798,-104,9,18,6
4,4965,4774,9739,191,9,18,6
1,28630,29739,58369,-1109,9,18,6
6,8708,9148,17856,-440,9,18,6
16,3918,4062,7980,-144,9,18,6
10,4544,4309,8853,235,9,18,6
17,15555,15852,31407,-297,9,18,6
2,17270,19656,36926,-2386,9,18,6
2,2953,3034,5987,-81,9,18,6
16,6669,6296,12965,373,9,18,6
4,4581,4607,9188,-26,9,18,6
5,4603,4631,9234,-28,9,18,6
19,1965,1987,3952,-22,9,18,6
6,13303,9405,22708,3898,9,18,6
2,48699,46043,94742,2656,9,18,6
8,14640,22042,36682,-7402,9,18,6
21,8360,7845,16205,515,9,18,6
13,354,363,717,-9,9,18,6
10,1770,1879,3649,-109,9,18,6
5,7718,7121,14839,597,9,18,6
4,5209,5410,10619,-201,9,18,6
16,1447,2155,3602,-708,9,18,6
13,2267,1663,3930,604,9,18,6
6,6815,7021,13836,-206,9,18,6
8,1958,2090,4048,-132,9,18,6
16,1078,1128,2206,-50,9,18,6
17,4102,3815,7917,287,9,18,6
11,5315,4868,10183,447,9,18,6
20,4050,4365,8415,-315,9,18,6
4,8876,8867,17743,9,9,18,6
11,2959,2206,5165,753,9,18,6
6,13147,13000,26147,147,9,18,6
12,4492,4659,9151,-167,9,18,6
4,15555,15353,30908,202,9,18,6
5,4339,4115,8454,224,9,18,6
1,12079,13463,25542,-1384,9,18,6
2,5082,3070,8152,2012,9,18,6
11,10636,10801,21437,-165,9,18,6
1,27366,26659,54025,707,9,18,6
18,958,1051,2009,-93,9,18,6
25,8338,8506,16844,-168,9,18,6
8,499,524,1023,-25,9,18,6
5,4214,3168,7382,1046,9,18,6
18,2632,2854,5486,-222,9,18,6
1,12628,12588,25216,40,9,18,6
14,5413,5374,10787,39,9,18,6
2,13086,13694,26780,-608,9,18,6
25,728,646,1374,82,9,18,6
8,5977,5654,11631,323,9,18,6
4,6723,7312,14035,-589,9,18,6
6,8785,6782,15567,2003,9,18,6
11,3308,3070,6378,238,9,18,6
15,260,220,480,40,9,18,6
4,5672,5583,11255,89,9,18,6
15,1052,1003,2055,49,9,18,6
13,3319,3168,6487,151,9,18,6
11,16476,16744,33220,-268,9,18,6
11,6765,6607,13372,158,9,18,6
13,4927,5114,10041,-187,9,18,6
2,4477,4212,8689,265,9,18,6
18,5476,5222,10698,254,9,18,6
4,4690,4549,9239,141,9,18,6
3,12253,11895,24148,358,9,18,6
15,477,508,985,-31,9,18,6
4,7160,7189,14349,-29,9,18,6
16,11524,5793,17317,5731,9,18,6
8,7415,10442,17857,-3027,9,18,6
4,16735,15706,32441,1029,9,18,6
1,17835,18172,36007,-337,9,18,6
6,7327,6964,14291,363,9,18,6
19,666,662,1328,4,9,18,6
2,14728,16418,31146,-1690,9,18,6
6,5967,5798,11765,169,9,18,6
11,5404,5572,10976,-168,9,18,6
7,2983,3110,6093,-127,9,18,6
15,2649,3528,6177,-879,9,18,6
3,858,617,1475,241,9,18,6
7,7221,6615,13836,606,9,18,6
6,5514,5623,11137,-109,9,18,6
8,3289,2768,6057,521,9,18,6
8,16589,17247,33836,-658,9,18,6
11,6602,6136,12738,466,9,18,6
3,12358,13373,25731,-1015,9,18,6
6,12063,12077,24140,-14,9,18,6
2,8116,7265,15381,851,9,18,6
5,4728,4843,9571,-115,9,18,6
12,3063,2977,6040,86,9,18,6
12,2783,2377,5160,406,9,18,6
6,6004,6326,12330,-322,9,18,6
13,2498,2419,4917,79,9,18,6
7,5605,5675,11280,-70,9,18,6
19,59,59,118,0,9,18,6
4,8568,7742,16310,826,9,18,6
3,6359,5903,12262,456,9,18,6
20,2348,2160,4508,188,9,18,6
8,12145,12403,24548,-258,9,18,6
1,9794,10965,20759,-1171,9,18,6
11,3246,3309,6555,-63,9,18,6
23,1221,1033,2254,188,9,18,6
17,5302,5603,10905,-301,9,18,6
1,16185,16552,32737,-367,9,18,6
6,8134,7605,15739,529,9,18,6
18,2236,2202,4438,34,9,18,6
11,5577,6329,11906,-752,9,18,6
20,1485,1135,2620,350,9,18,6
15,2383,572,2955,1811,9,18,6
21,3305,3032,6337,273,9,18,6
2,4501,4351,8852,150,9,18,6
2,8027,6841,14868,1186,9,18,6
23,7637,6608,14245,1029,9,18,6
5,4439,4580,9019,-141,9,18,6
12,2230,2097,4327,133,9,18,6
25,3876,3926,7802,-50,9,18,6
12,3781,4013,7794,-232,9,18,6
18,3356,3191,6547,165,9,18,6
2,2107,2289,4396,-182,9,18,6
25,6008,5900,11908,108,9,18,6
1,457,488,945,-31,9,18,6
12,3803,3509,7312,294,9,18,6
12,9150,6426,15576,2724,9,18,6
6,5875,8230,14105,-2355,9,18,6
25,1479,1270,2749,209,9,18,6
14,1838,1845,3683,-7,9,18,6
14,2525,2465,4990,60,9,18,6
2,5029,5548,10577,-519,9,18,6
5,1730,2028,3758,-298,9,18,6
11,6951,6852,13803,99,9,18,6
5,6184,5779,11963,405,9,18,6
0,10090,10519,20609,-429,9,18,6
3,7563,8331,15894,-768,9,18,6
4,1048,1121,2169,-73,9,18,6
1,8898,10474,19372,-1576,9,18,6
3,10714,9697,20411,1017,9,18,6
2,5899,6573,12472,-674,9,18,6
12,1499,2038,3537,-539,9,18,6
12,2266,2080,4346,186,9,18,6
0,12938,12939,25877,-1,9,18,6
5,6890,7062,13952,-172,9,18,6
14,10863,10519,21382,344,9,18,6
14,10171,9814,19985,357,9,18,6
3,1337,1443,2780,-106,9,18,6
8,1529,1319,2848,210,9,18,6
11,5046,6921,11967,-1875,9,18,6
4,5133,5097,10230,36,9,18,6
9,724,679,1403,45,9,18,6
8,5649,5422,11071,227,9,18,6
13,1716,1596,3312,120,9,18,6
16,7508,5196,12704,2312,9,18,6
5,6145,7790,13935,-1645,9,18,6
1,12347,12538,24885,-191,9,18,6
6,10233,9391,19624,842,9,18,6
4,4026,4303,8329,-277,9,18,6
8,6436,6409,12845,27,9,18,6
16,2794,3104,5898,-310,9,18,6
23,3814,3660,7474,154,9,18,6
6,6418,6067,12485,351,9,18,6
15,3199,3185,6384,14,9,18,6
4,3133,2822,5955,311,9,18,6
4,4086,4307,8393,-221,9,18,6
4,5423,5403,10826,20,9,18,6
5,8021,7175,15196,846,9,18,6
25,5512,5472,10984,40,9,18,6
5,10308,11374,21682,-1066,9,18,6
12,5013,5121,10134,-108,9,18,6
18,6876,7047,13923,-171,9,18,6
18,2188,2202,4390,-14,9,18,6
2,4515,4432,8947,83,9,18,6
18,2913,2752,5665,161,9,18,6
6,5528,5431,10959,97,9,18,6
6,8231,8100,16331,131,9,18,6
3,16319,17060,33379,-741,9,18,6
4,5156,5292,10448,-136,9,18,6
11,3476,3209,6685,267,9,18,6
7,2736,2341,5077,395,9,18,6
18,12190,12458,24648,-268,9,18,6
4,8725,8696,17421,29,9,18,6
7,3958,3938,7896,20,9,18,6
2,2261,2506,4767,-245,9,18,6
1,8945,9598,18543,-653,9,18,6
13,4179,4332,8511,-153,9,18,6
7,6436,6717,13153,-281,9,18,6
18,7925,8256,16181,-331,9,18,6
4,9538,9645,19183,-107,9,18,6
3,8981,8317,17298,664,9,18,6
3,17346,16564,33910,782,9,18,6
21,2917,2843,5760,74,9,18,6
6,3096,3442,6538,-346,9,18,6
4,9982,10496,20478,-514,9,18,6
1,7422,7869,15291,-447,9,18,6
4,4642,4321,8963,321,9,18,6
12,6464,6301,12765,163,9,18,6
4,3923,3811,7734,112,9,18,6
24,905,990,1895,-85,9,18,6
13,3918,3670,7588,248,9,18,6
23,6009,5868,11877,141,9,18,6
15,173,126,299,47,9,18,6
14,4192,4202,8394,-10,9,18,6
5,1246,1366,2612,-120,9,18,6
17,16355,15853,32208,502,9,18,6
15,1918,1782,3700,136,9,18,6
11,10267,10886,21153,-619,9,18,6
6,4070,4095,8165,-25,9,18,6
20,1601,1477,3078,124,9,18,6
20,1137,1209,2346,-72,9,18,6
20,2150,2129,4279,21,9,18,6
5,4465,4307,8772,158,9,18,6
22,1046,1059,2105,-13,9,18,6
12,1510,1544,3054,-34,9,18,6
18,1301,1230,2531,71,9,18,6
7,5660,5062,10722,598,9,18,6
24,559,583,1142,-24,9,18,6
9,11449,11655,23104,-206,9,18,6
1,13637,13030,26667,607,9,18,6
5,4181,4183,8364,-2,9,18,6
14,5442,5038,10480,404,9,18,6
10,1775,2429,4204,-654,9,18,6
14,23660,23161,46821,499,9,18,6
14,23779,23711,47490,68,9,18,6
22,4321,3795,8116,526,9,18,6
22,3614,3717,7331,-103,9,18,6
2,10484,12011,22495,-1527,9,18,6
5,3149,2933,6082,216,9,18,6
6,9475,9162,18637,313,9,18,6
3,18220,16618,34838,1602,9,18,6
1,26610,29213,55823,-2603,9,18,6
15,1478,1461,2939,17,9,18,6
19,3065,2583,5648,482,9,18,6
8,1764,1769,3533,-5,9,18,6
21,9834,10169,20003,-335,9,18,6
7,3318,3439,6757,-121,9,18,6
3,3308,4637,7945,-1329,9,18,6
5,5129,3743,8872,1386,9,18,6
10,1234,1148,2382,86,9,18,6
1,30451,28757,59208,1694,9,18,6
9,2371,2530,4901,-159,9,18,6
23,11962,11771,23733,191,9,18,6
22,1340,1351,2691,-11,9,18,6
22,1612,1617,3229,-5,9,18,6
9,4123,3914,8037,209,9,18,6
18,3035,3165,6200,-130,9,18,6
3,11217,10624,21841,593,9,18,6
6,6255,6269,12524,-14,9,18,6
21,10154,9959,20113,195,9,18,6
25,4045,4095,8140,-50,9,18,6
6,10564,9811,20375,753,9,18,6
5,7823,8610,16433,-787,9,18,6
1,7814,7535,15349,279,9,18,6
5,3515,3203,6718,312,9,18,6
4,6909,6758,13667,151,9,18,6
15,700,553,1253,147,9,18,6
5,6894,6606,13500,288,9,18,6
20,936,1188,2124,-252,9,18,6
8,2102,2101,4203,1,9,18,6
13,1563,1534,3097,29,9,18,6
4,6868,6894,13762,-26,9,18,6
11,847,862,1709,-15,9,18,6
12,2292,2121,4413,171,9,18,6
20,4986,4743,9729,243,9,18,6
1,28994,29363,58357,-369,9,18,6
18,8409,8668,17077,-259,9,18,6
13,1312,1249,2561,63,9,18,6
16,10239,9779,20018,460,9,18,6
11,9552,2398,11950,7154,9,18,6
0,32843,32591,65434,252,9,18,6
3,5311,13794,19105,-8483,9,18,6
20,1415,1690,3105,-275,9,18,6
20,1927,1718,3645,209,9,18,6
11,5193,7508,12701,-2315,9,18,6
1,13751,12843,26594,908,9,18,6
18,15333,15221,30554,112,9,18,6
12,5350,5694,11044,-344,9,18,6
5,6859,7185,14044,-326,9,18,6
11,5510,5282,10792,228,9,18,6
7,4154,5312,9466,-1158,9,18,6
9,5836,5004,10840,832,9,18,6
9,3808,3576,7384,232,9,18,6
18,3263,5041,8304,-1778,9,18,6
1,16016,13610,29626,2406,9,18,6
17,4774,4293,9067,481,9,18,6
8,3073,3031,6104,42,9,18,6
9,3708,4066,7774,-358,9,18,6
18,2311,2395,4706,-84,9,18,6
11,8824,9347,18171,-523,9,18,6
1,16695,18956,35651,-2261,9,18,6
22,2341,2765,5106,-424,9,18,6
3,14108,13085,27193,1023,9,18,6
11,3058,3868,6926,-810,9,18,6
11,2253,2271,4524,-18,9,18,6
11,1982,1794,3776,188,9,18,6
10,353,370,723,-17,9,18,6
19,6234,6213,12447,21,9,18,6
14,5994,5894,11888,100,9,18,6
12,5354,4776,10130,578,9,18,6
22,1625,1535,3160,90,9,18,6
22,3100,2906,6006,194,9,18,6
14,14638,14194,28832,444,9,18,6
19,1636,1563,3199,73,9,18,6
4,3871,3722,7593,149,9,18,6
11,3898,4573,8471,-675,9,18,6
7,4285,4324,8609,-39,9,18,6
9,3955,4279,8234,-324,9,18,6
18,6772,6444,13216,328,9,18,6
6,8949,8643,17592,306,9,18,6
21,2478,2354,4832,124,9,18,6
13,1021,1095,2116,-74,9,18,6
2,11656,11968,23624,-312,9,18,6
18,9369,9472,18841,-103,9,18,6
11,37622,36949,74571,673,9,18,6
18,6739,5346,12085,1393,9,18,6
18,8513,8408,16921,105,9,18,6
3,21836,21168,43004,668,9,18,6
7,3178,2880,6058,298,9,18,6
3,8986,8526,17512,460,9,18,6
6,6499,6727,13226,-228,9,18,6
19,2079,1945,4024,134,9,18,6
1,7919,6509,14428,1410,9,18,6
0,10496,9931,20427,565,9,18,6
18,2214,2324,4538,-110,9,18,6
4,3125,3349,6474,-224,9,18,6
11,5049,4376,9425,673,9,18,6
4,2334,2415,4749,-81,9,18,6
21,1386,1259,2645,127,9,18,6
15,1160,1146,2306,14,9,18,6
8,19089,17703,36792,1386,9,18,6
1,880,929,1809,-49,9,18,6
5,5357,5913,11270,-556,9,18,6
1,8978,9701,18679,-723,9,18,6
1,16193,15635,31828,558,9,18,6
6,8121,8048,16169,73,9,18,6
1,31648,32106,63754,-458,9,18,6
11,2486,2708,5194,-222,9,18,6
10,1046,1119,2165,-73,9,18,6
20,1121,1545,2666,-424,9,18,6
1,38287,36525,74812,1762,9,18,6
8,2127,1795,3922,332,9,18,6
8,2833,3477,6310,-644,9,18,6
8,3792,3718,7510,74,9,18,6
2,15139,15059,30198,80,9,18,6
22,1286,1296,2582,-10,9,18,6
0,8406,8359,16765,47,9,18,6
1,3569,3387,6956,182,9,18,6
3,9152,9797,18949,-645,9,18,6
25,329,266,595,63,9,18,6
12,5068,4666,9734,402,9,18,6
4,6848,6171,13019,677,9,18,6
1,5698,5774,11472,-76,9,18,6
24,1204,2363,3567,-1159,9,18,6
1,28526,28122,56648,404,9,18,6
13,373,445,818,-72,9,18,6
19,1233,1216,2449,17,9,18,6
6,6498,6173,12671,325,9,18,6
7,2816,3002,5818,-186,9,18,6
3,17162,15544,32706,1618,9,18,6
24,1365,1611,2976,-246,9,18,6
24,4137,2942,7079,1195,9,18,6
25,600,546,1146,54,9,18,6
4,11588,11299,22887,289,9,18,6
1,5901,5812,11713,89,9,18,6
2,15328,15382,30710,-54,9,18,6
21,11096,10607,21703,489,9,18,6
5,5882,6606,12488,-724,9,18,6
11,14603,14072,28675,531,9,18,6
7,9643,8915,18558,728,9,18,6
2,15880,16667,32547,-787,9,18,6
18,11894,13101,24995,-1207,9,18,6
4,2865,2868,5733,-3,9,18,6
13,5472,5249,10721,223,9,18,6
19,261,218,479,43,9,18,6
18,14751,15238,29989,-487,9,18,6
2,7200,6892,14092,308,9,18,6
5,1848,1832,3680,16,9,18,6
25,2097,1954,4051,143,9,18,6
25,1621,1645,3266,-24,9,18,6
2,14964,17059,32023,-2095,9,18,6
25,510,434,944,76,9,18,6
12,5946,5847,11793,99,9,18,6
1,3582,3625,7207,-43,9,18,6
8,4485,4463,8948,22,9,18,6
4,2998,3023,6021,-25,9,18,6
25,4429,4250,8679,179,9,18,6
6,9105,9255,18360,-150,9,18,6
19,705,852,1557,-147,9,18,6
9,4845,4932,9777,-87,9,18,6
4,13809,14742,28551,-933,9,18,6
4,9293,10395,19688,-1102,9,18,6
8,10942,9792,20734,1150,9,18,6
10,2478,2718,5196,-240,9,18,6
14,15744,15735,31479,9,9,18,6
1,12823,13865,26688,-1042,9,18,6
5,2166,2550,4716,-384,9,18,6
19,3475,3495,6970,-20,9,18,6
2,22986,21210,44196,1776,9,18,6
8,9778,9567,19345,211,9,18,6
11,36765,36025,72790,740,9,18,6
1,9539,9906,19445,-367,9,18,6
4,1597,1544,3141,53,9,18,6
4,6750,7252,14002,-502,9,18,6
16,2975,2902,5877,73,9,18,6
18,5502,5519,11021,-17,9,18,6
4,1654,1687,3341,-33,9,18,6
2,3010,3088,6098,-78,9,18,6
14,7667,7034,14701,633,9,18,6
18,5673,4809,10482,864,9,18,6
4,12055,12374,24429,-319,9,18,6
19,1975,1957,3932,18,9,18,6
25,286,271,557,15,9,18,6
11,8656,9049,17705,-393,9,18,6
11,2497,2423,4920,74,9,18,6
21,6572,6243,12815,329,9,18,6
2,5576,5689,11265,-113,9,18,6
12,43,29,72,14,9,18,6
6,4164,4381,8545,-217,9,18,6
14,4223,3864,8087,359,9,18,6
24,3719,3775,7494,-56,9,18,6
9,14008,14201,28209,-193,9,18,6
4,5918,6571,12489,-653,9,18,6
12,11292,12890,24182,-1598,9,18,6
1,10669,9281,19950,1388,9,18,6
4,2779,3436,6215,-657,9,18,6
12,5638,5692,11330,-54,9,18,6
1,1966,1870,3836,96,9,18,6
1,1277,1281,2558,-4,9,18,6
6,3403,3738,7141,-335,9,18,6
25,2290,1969,4259,321,9,18,6
11,36107,34875,70982,1232,9,18,6
4,7479,7429,14908,50,9,18,6
25,1336,1281,2617,55,9,18,6
16,6511,6919,13430,-408,9,18,6
13,4035,3768,7803,267,9,18,6
23,6594,6293,12887,301,9,18,6
25,471,385,856,86,9,18,6
19,3088,3108,6196,-20,9,18,6
23,6274,6005,12279,269,9,18,6
12,4054,3784,7838,270,9,18,6
5,6086,5917,12003,169,9,18,6
19,1903,1759,3662,144,9,18,6
5,5363,5546,10909,-183,9,18,6
13,1187,2320,3507,-1133,9,18,6
2,4146,3781,7927,365,9,18,6
1,10406,9986,20392,420,9,18,6
1,4786,4484,9270,302,9,18,6
4,2044,2167,4211,-123,9,18,6
1,19931,19120,39051,811,9,18,6
12,1250,1115,2365,135,9,18,6
5,10188,9921,20109,267,9,18,6
11,4545,4584,9129,-39,9,18,6
12,15688,15533,31221,155,9,18,6
1,8953,9917,18870,-964,9,18,6
10,728,558,1286,170,9,18,6
18,3588,3744,7332,-156,9,18,6
6,9211,8571,17782,640,9,18,6
10,2271,2542,4813,-271,9,18,6
12,2727,1982,4709,745,9,18,6
3,6034,6549,12583,-515,9,18,6
5,14238,11536,25774,2702,9,18,6
17,13901,13857,27758,44,9,18,6
14,4618,3831,8449,787,9,18,6
19,1140,1761,2901,-621,9,18,6
16,8902,7569,16471,1333,9,18,6
16,3818,3357,7175,461,9,18,6
19,3277,3356,6633,-79,9,18,6
19,3732,3650,7382,82,9,18,6
13,6181,5809,11990,372,9,18,6
2,4040,4083,8123,-43,9,18,6
13,95,72,167,23,9,18,6
1,57763,53741,111504,4022,9,18,6
7,10876,12347,23223,-1471,9,18,6
1,6021,6147,12168,-126,9,18,6
1,15035,14960,29995,75,9,18,6
2,2377,2339,4716,38,9,18,6
6,4901,4878,9779,23,9,18,6
6,1589,1178,2767,411,9,18,6
7,9605,9669,19274,-64,9,18,6
4,9056,8804,17860,252,9,18,6
22,3134,2532,5666,602,9,18,6
23,5807,5866,11673,-59,9,18,6
17,6284,6323,12607,-39,9,18,6
21,6327,6677,13004,-350,9,18,6
18,8300,8575,16875,-275,9,18,6
0,10517,10894,21411,-377,9,18,6
14,5961,5772,11733,189,9,18,6
0,15181,13104,28285,2077,9,18,6
4,10189,9283,19472,906,9,18,6
0,17574,15121,32695,2453,9,18,6
2,4600,5857,10457,-1257,9,18,6
0,11321,11045,22366,276,9,18,6
9,4877,3489,8366,1388,9,18,6
1,45228,52625,97853,-7397,9,18,6
14,12842,11510,24352,1332,9,18,6
23,5501,5230,10731,271,9,18,6
18,8386,9631,18017,-1245,9,18,6
6,7355,6847,14202,508,9,18,6
6,5801,5318,11119,483,9,18,6
14,5271,5035,10306,236,9,18,6
25,3851,3745,7596,106,9,18,6
21,13187,12889,26076,298,9,18,6
9,4484,4316,8800,168,9,18,6
6,6086,5852,11938,234,9,18,6
8,3292,3244,6536,48,9,18,6
5,5954,5864,11818,90,9,18,6
2,2971,2759,5730,212,9,18,6
25,53,32,85,21,9,18,6
12,4933,5120,10053,-187,9,18,6
11,632,708,1340,-76,9,18,6
11,1038,1060,2098,-22,9,18,6
3,16185,16762,32947,-577,9,18,6
5,1730,1605,3335,125,9,18,6
15,1222,1150,2372,72,9,18,6
11,6913,7625,14538,-712,9,18,6
6,5396,5269,10665,127,9,18,6
7,9184,10283,19467,-1099,9,18,6
4,13676,12838,26514,838,9,18,6
6,11791,11655,23446,136,9,18,6
4,1988,1869,3857,119,9,18,6
5,1937,1784,3721,153,9,18,6
6,8005,8307,16312,-302,9,18,6
16,3833,3627,7460,206,9,18,6
0,13371,13771,27142,-400,9,18,6
12,15534,14889,30423,645,9,18,6
18,2198,2353,4551,-155,9,18,6
15,2328,1652,3980,676,9,18,6
10,1961,1791,3752,170,9,18,6
21,3333,3412,6745,-79,9,18,6
3,11275,12107,23382,-832,9,18,6
15,2091,1977,4068,114,9,18,6
3,10219,11230,21449,-1011,9,18,6
1,4462,4790,9252,-328,9,18,6
4,1650,1646,3296,4,9,18,6
13,4633,4213,8846,420,9,18,6
24,636,712,1348,-76,9,18,6
5,3502,3737,7239,-235,9,18,6
6,5542,5419,10961,123,9,18,6
18,8769,8200,16969,569,9,18,6
15,2216,1940,4156,276,9,18,6
13,741,667,1408,74,9,18,6
10,2715,2562,5277,153,9,18,6
25,1458,1472,2930,-14,9,18,6
15,3843,3657,7500,186,9,18,6
17,7180,6877,14057,303,9,18,6
11,12904,13714,26618,-810,9,18,6
11,2969,2917,5886,52,9,18,6
13,3954,3692,7646,262,9,18,6
6,10007,9479,19486,528,9,18,6
4,5022,5040,10062,-18,9,18,6
4,4513,4186,8699,327,9,18,6
4,2324,2224,4548,100,9,18,6
6,7735,8273,16008,-538,9,18,6
2,2531,2750,5281,-219,9,18,6
5,8303,9673,17976,-1370,9,18,6
12,2196,2084,4280,112,9,18,6
21,6094,6109,12203,-15,9,18,6
3,9043,9056,18099,-13,9,18,6
9,1903,1660,3563,243,9,18,6
1,3073,3422,6495,-349,9,18,6
18,10419,9725,20144,694,9,18,6
5,10821,9880,20701,941,9,18,6
1,25152,26887,52039,-1735,9,18,6
4,4283,3929,8212,354,9,18,6
13,5095,4748,9843,347,9,18,6
3,25399,26489,51888,-1090,9,18,6
19,2333,2401,4734,-68,9,18,6
1,59206,57950,117156,1256,9,18,6
13,1911,2329,4240,-418,9,18,6
16,13136,12235,25371,901,9,18,6
2,10389,9582,19971,807,9,18,6
22,2296,2197,4493,99,9,18,6
4,15504,14304,29808,1200,9,18,6
5,5642,5131,10773,511,9,18,6
11,4633,4696,9329,-63,9,18,6
13,1031,1093,2124,-62,9,18,6
23,9975,10098,20073,-123,9,18,6
25,18863,18662,37525,201,9,18,6
12,8284,8349,16633,-65,9,18,6
3,9863,10098,19961,-235,9,18,6
5,3785,3359,7144,426,9,18,6
13,1544,1694,3238,-150,9,18,6
8,4453,4565,9018,-112,9,18,6
22,2714,2315,5029,399,9,17,5
12,5599,5213,10812,386,9,17,5
2,6765,6484,13249,281,9,17,5
7,5590,5982,11572,-392,9,17,5
11,6986,9224,16210,-2238,9,17,5
6,15271,13795,29066,1476,9,17,5
8,16229,15326,31555,903,9,17,5
22,3224,3003,6227,221,9,17,5
13,4597,4340,8937,257,9,17,5
18,6618,6628,13246,-10,9,17,5
15,2368,3204,5572,-836,9,17,5
14,4867,4512,9379,355,9,17,5
15,2230,1892,4122,338,9,17,5
1,64806,65179,129985,-373,9,17,5
6,11440,13262,24702,-1822,9,17,5
18,5789,7311,13100,-1522,9,17,5
4,14011,13340,27351,671,9,17,5
7,6685,6591,13276,94,9,17,5
13,2243,2022,4265,221,9,17,5
1,32447,30506,62953,1941,9,17,5
4,3718,3191,6909,527,9,17,5
15,807,866,1673,-59,9,17,5
4,4692,4817,9509,-125,9,17,5
14,17624,16783,34407,841,9,17,5
18,3148,3138,6286,10,9,17,5
8,1623,1373,2996,250,9,17,5
4,3954,3864,7818,90,9,17,5
4,7152,6627,13779,525,9,17,5
1,38165,42481,80646,-4316,9,17,5
6,12760,13927,26687,-1167,9,17,5
16,5241,5115,10356,126,9,17,5
10,6306,5765,12071,541,9,17,5
17,12310,12570,24880,-260,9,17,5
2,22045,25074,47119,-3029,9,17,5
2,4497,4270,8767,227,9,17,5
16,8972,7903,16875,1069,9,17,5
4,7048,6679,13727,369,9,17,5
5,6769,6241,13010,528,9,17,5
19,2806,2869,5675,-63,9,17,5
2,63239,57227,120466,6012,9,17,5
6,17742,13073,30815,4669,9,17,5
8,20034,27333,47367,-7299,9,17,5
21,8097,7990,16087,107,9,17,5
13,462,446,908,16,9,17,5
10,2216,2258,4474,-42,9,17,5
4,8278,8597,16875,-319,9,17,5
16,1960,3163,5123,-1203,9,17,5
5,11564,11035,22599,529,9,17,5
13,3492,2516,6008,976,9,17,5
6,9531,9119,18650,412,9,17,5
8,2413,2508,4921,-95,9,17,5
16,1430,1479,2909,-49,9,17,5
17,5343,4674,10017,669,9,17,5
11,6338,6221,12559,117,9,17,5
20,3374,3424,6798,-50,9,17,5
4,11118,10431,21549,687,9,17,5
11,3184,2770,5954,414,9,17,5
6,17640,17403,35043,237,9,17,5
12,5919,5848,11767,71,9,17,5
4,21875,21904,43779,-29,9,17,5
5,5864,5308,11172,556,9,17,5
1,19905,22880,42785,-2975,9,17,5
2,8338,5134,13472,3204,9,17,5
11,14158,14870,29028,-712,9,17,5
1,39034,37719,76753,1315,9,17,5
18,1638,1407,3045,231,9,17,5
25,11457,11593,23050,-136,9,17,5
8,1265,1327,2592,-62,9,17,5
5,6177,4469,10646,1708,9,17,5
18,3712,3783,7495,-71,9,17,5
1,18184,17365,35549,819,9,17,5
14,7222,7181,14403,41,9,17,5
2,17309,17700,35009,-391,9,17,5
25,748,766,1514,-18,9,17,5
8,5331,5454,10785,-123,9,17,5
6,11979,8902,20881,3077,9,17,5
4,9218,10177,19395,-959,9,17,5
11,4535,4237,8772,298,9,17,5
15,212,227,439,-15,9,17,5
4,7750,7406,15156,344,9,17,5
15,1261,1152,2413,109,9,17,5
13,4442,4131,8573,311,9,17,5
11,21983,21831,43814,152,9,17,5
11,9002,8818,17820,184,9,17,5
13,6434,6234,12668,200,9,17,5
2,6335,5800,12135,535,9,17,5
18,7904,7147,15051,757,9,17,5
4,6505,6723,13228,-218,9,17,5
3,16964,15825,32789,1139,9,17,5
15,524,626,1150,-102,9,17,5
16,11677,5941,17618,5736,9,17,5
4,7671,7749,15420,-78,9,17,5
8,8075,11846,19921,-3771,9,17,5
4,22563,20909,43472,1654,9,17,5
1,24354,21923,46277,2431,9,17,5
6,8937,9194,18131,-257,9,17,5
19,1102,1063,2165,39,9,17,5
2,24174,22992,47166,1182,9,17,5
6,8418,7580,15998,838,9,17,5
11,6999,6911,13910,88,9,17,5
7,4425,4486,8911,-61,9,17,5
15,4320,4497,8817,-177,9,17,5
3,1365,787,2152,578,9,17,5
7,10025,8582,18607,1443,9,17,5
6,8672,8478,17150,194,9,17,5
8,4072,3462,7534,610,9,17,5
8,23895,23751,47646,144,9,17,5
11,9492,8794,18286,698,9,17,5
6,16878,17769,34647,-891,9,17,5
3,16879,18868,35747,-1989,9,17,5
2,11623,9775,21398,1848,9,17,5
5,6374,7625,13999,-1251,9,17,5
12,3901,3824,7725,77,9,17,5
12,3517,2976,6493,541,9,17,5
6,11059,11896,22955,-837,9,17,5
13,3103,3013,6116,90,9,17,5
7,8060,7415,15475,645,9,17,5
19,72,65,137,7,9,17,5
4,11808,10560,22368,1248,9,17,5
3,7702,7075,14777,627,9,17,5
20,2965,2728,5693,237,9,17,5
8,16241,15814,32055,427,9,17,5
1,14586,15982,30568,-1396,9,17,5
11,4544,4189,8733,355,9,17,5
23,1620,1408,3028,212,9,17,5
17,5921,6442,12363,-521,9,17,5
6,7537,8284,15821,-747,9,17,5
1,19416,20095,39511,-679,9,17,5
18,3301,3135,6436,166,9,17,5
11,7725,8358,16083,-633,9,17,5
20,2292,1452,3744,840,9,17,5
15,2115,2675,4790,-560,9,17,5
21,4428,3840,8268,588,9,17,5
2,6706,6130,12836,576,9,17,5
2,12303,10513,22816,1790,9,17,5
23,10245,9269,19514,976,9,17,5
5,6679,6703,13382,-24,9,17,5
12,2982,2662,5644,320,9,17,5
25,4832,4919,9751,-87,9,17,5
12,5522,4889,10411,633,9,17,5
18,5862,5058,10920,804,9,17,5
2,3699,4023,7722,-324,9,17,5
25,8040,7545,15585,495,9,17,5
1,923,891,1814,32,9,17,5
12,4970,4518,9488,452,9,17,5
12,8857,6041,14898,2816,9,17,5
6,7019,9187,16206,-2168,9,17,5
25,1762,1492,3254,270,9,17,5
14,2390,2326,4716,64,9,17,5
14,3464,3164,6628,300,9,17,5
2,6580,7307,13887,-727,9,17,5
5,2174,2404,4578,-230,9,17,5
11,9962,9564,19526,398,9,17,5
5,6621,5945,12566,676,9,17,5
0,10635,10350,20985,285,9,17,5
3,14903,15547,30450,-644,9,17,5
1,11091,13106,24197,-2015,9,17,5
3,13073,11214,24287,1859,9,17,5
4,1439,1690,3129,-251,9,17,5
2,8706,10063,18769,-1357,9,17,5
12,1923,2334,4257,-411,9,17,5
12,2909,2815,5724,94,9,17,5
5,8424,8220,16644,204,9,17,5
0,11471,12014,23485,-543,9,17,5
14,14101,14058,28159,43,9,17,5
14,12851,12559,25410,292,9,17,5
3,1641,1817,3458,-176,9,17,5
8,1755,1534,3289,221,9,17,5
11,6713,6472,13185,241,9,17,5
4,6496,6468,12964,28,9,17,5
9,762,726,1488,36,9,17,5
8,7698,7163,14861,535,9,17,5
5,8515,9694,18209,-1179,9,17,5
13,2365,2057,4422,308,9,17,5
16,9314,7175,16489,2139,9,17,5
1,17262,17515,34777,-253,9,17,5
6,13201,12456,25657,745,9,17,5
4,6205,6306,12511,-101,9,17,5
8,9132,9131,18263,1,9,17,5
16,3847,4144,7991,-297,9,17,5
23,5581,5593,11174,-12,9,17,5
6,9808,8842,18650,966,9,17,5
15,3535,3387,6922,148,9,17,5
4,4069,3764,7833,305,9,17,5
4,5228,5156,10384,72,9,17,5
4,8265,8403,16668,-138,9,17,5
5,11043,9610,20653,1433,9,17,5
25,7353,6975,14328,378,9,17,5
5,14209,15856,30065,-1647,9,17,5
12,6306,6344,12650,-38,9,17,5
18,10411,9286,19697,1125,9,17,5
18,2889,2959,5848,-70,9,17,5
2,6935,6483,13418,452,9,17,5
18,4005,3621,7626,384,9,17,5
6,8249,7694,15943,555,9,17,5
6,11727,11019,22746,708,9,17,5
3,20135,23469,43604,-3334,9,17,5
4,6474,6448,12922,26,9,17,5
11,5326,4983,10309,343,9,17,5
7,3869,3561,7430,308,9,17,5
18,17015,17445,34460,-430,9,17,5
4,12287,12075,24362,212,9,17,5
7,11470,11235,22705,235,9,17,5
2,3167,3216,6383,-49,9,17,5
1,14759,15872,30631,-1113,9,17,5
13,5701,5289,10990,412,9,17,5
7,9645,9670,19315,-25,9,17,5
18,11264,11679,22943,-415,9,17,5
4,13640,13785,27425,-145,9,17,5
3,12498,11533,24031,965,9,17,5
3,23510,22352,45862,1158,9,17,5
21,3857,3507,7364,350,9,17,5
6,5052,5118,10170,-66,9,17,5
4,15146,16584,31730,-1438,9,17,5
1,11709,11989,23698,-280,9,17,5
4,6239,5925,12164,314,9,17,5
12,8109,7719,15828,390,9,17,5
4,5134,4844,9978,290,9,17,5
24,1225,1112,2337,113,9,17,5
13,4905,4502,9407,403,9,17,5
23,8415,8336,16751,79,9,17,5
15,175,183,358,-8,9,17,5
14,6101,5872,11973,229,9,17,5
5,1738,1681,3419,57,9,17,5
17,23131,22362,45493,769,9,17,5
15,2471,2276,4747,195,9,17,5
11,13743,13393,27136,350,9,17,5
20,2190,1917,4107,273,9,17,5
6,5873,5704,11577,169,9,17,5
20,1410,1432,2842,-22,9,17,5
20,3234,3328,6562,-94,9,17,5
22,1252,1235,2487,17,9,17,5
5,5780,5190,10970,590,9,17,5
12,1913,1848,3761,65,9,17,5
18,1854,1677,3531,177,9,17,5
7,6861,5588,12449,1273,9,17,5
24,845,767,1612,78,9,17,5
9,16583,17795,34378,-1212,9,17,5
1,18999,17307,36306,1692,9,17,5
5,5952,5611,11563,341,9,17,5
14,7131,6636,13767,495,9,17,5
10,2378,2021,4399,357,9,17,5
14,30866,31425,62291,-559,9,17,5
14,30420,33998,64418,-3578,9,17,5
22,5463,4623,10086,840,9,17,5
22,3757,4115,7872,-358,9,17,5
2,13724,15440,29164,-1716,9,17,5
5,4161,3746,7907,415,9,17,5
6,13078,12292,25370,786,9,17,5
3,25261,22234,47495,3027,9,17,5
1,37720,42232,79952,-4512,9,17,5
15,1859,1825,3684,34,9,17,5
19,4096,3256,7352,840,9,17,5
8,2706,2469,5175,237,9,17,5
21,14136,14816,28952,-680,9,17,5
7,4477,4481,8958,-4,9,17,5
3,4483,6430,10913,-1947,9,17,5
5,6864,4955,11819,1909,9,17,5
10,1716,1552,3268,164,9,17,5
1,40396,39206,79602,1190,9,17,5
9,3735,3729,7464,6,9,17,5
23,15962,14583,30545,1379,9,17,5
22,1665,1660,3325,5,9,17,5
22,2125,2019,4144,106,9,17,5
9,5684,5119,10803,565,9,17,5
18,4200,4090,8290,110,9,17,5
3,15055,13831,28886,1224,9,17,5
6,9280,8287,17567,993,9,17,5
21,13653,13220,26873,433,9,17,5
6,14491,13927,28418,564,9,17,5
25,5382,5161,10543,221,9,17,5
5,9777,12329,22106,-2552,9,17,5
1,10863,9964,20827,899,9,17,5
5,4474,3741,8215,733,9,17,5
4,9959,9094,19053,865,9,17,5
15,519,603,1122,-84,9,17,5
5,9376,8553,17929,823,9,17,5
20,1064,1437,2501,-373,9,17,5
8,3225,3110,6335,115,9,17,5
13,2066,1885,3951,181,9,17,5
4,8888,8676,17564,212,9,17,5
11,1107,1108,2215,-1,9,17,5
12,2033,2006,4039,27,9,17,5
20,6375,5657,12032,718,9,17,5
1,40457,39152,79609,1305,9,17,5
18,11980,12567,24547,-587,9,17,5
13,1658,1741,3399,-83,9,17,5
16,10784,10078,20862,706,9,17,5
11,10978,2701,13679,8277,9,17,5
3,7130,16867,23997,-9737,9,17,5
0,41348,39328,80676,2020,9,17,5
20,1788,1942,3730,-154,9,17,5
20,2339,1883,4222,456,9,17,5
11,8595,6792,15387,1803,9,17,5
1,13666,11232,24898,2434,9,17,5
18,20656,20818,41474,-162,9,17,5
5,9375,9288,18663,87,9,17,5
12,7268,7641,14909,-373,9,17,5
11,7502,6980,14482,522,9,17,5
7,6108,7594,13702,-1486,9,17,5
9,8283,6987,15270,1296,9,17,5
9,4911,4681,9592,230,9,17,5
18,6045,9265,15310,-3220,9,17,5
1,28498,25182,53680,3316,9,17,5
17,6416,5291,11707,1125,9,17,5
8,4593,4282,8875,311,9,17,5
9,5718,6356,12074,-638,9,17,5
18,3729,3760,7489,-31,9,17,5
11,12180,11861,24041,319,9,17,5
1,23481,27839,51320,-4358,9,17,5
22,2881,3532,6413,-651,9,17,5
3,18946,17569,36515,1377,9,17,5
11,3844,3340,7184,504,9,17,5
11,3000,2934,5934,66,9,17,5
11,2571,2293,4864,278,9,17,5
10,418,422,840,-4,9,17,5
19,7153,7903,15056,-750,9,17,5
14,7845,7697,15542,148,9,17,5
12,4817,4095,8912,722,9,17,5
22,1998,1845,3843,153,9,17,5
22,4233,3746,7979,487,9,17,5
14,20456,19864,40320,592,9,17,5
19,2271,2149,4420,122,9,17,5
4,5415,4979,10394,436,9,17,5
11,5429,4873,10302,556,9,17,5
7,6531,6125,12656,406,9,17,5
9,5124,5417,10541,-293,9,17,5
18,9866,9366,19232,500,9,17,5
6,10631,10435,21066,196,9,17,5
21,3276,2880,6156,396,9,17,5
13,1845,1777,3622,68,9,17,5
18,12274,12054,24328,220,9,17,5
2,15429,15225,30654,204,9,17,5
18,8258,6877,15135,1381,9,17,5
11,41886,45642,87528,-3756,9,17,5
18,12449,14664,27113,-2215,9,17,5
3,29320,28330,57650,990,9,17,5
7,4516,4082,8598,434,9,17,5
3,11290,10788,22078,502,9,17,5
6,10084,9698,19782,386,9,17,5
19,3019,2733,5752,286,9,17,5
1,12243,10657,22900,1586,9,17,5
0,15253,15259,30512,-6,9,17,5
18,3158,3154,6312,4,9,17,5
4,4310,4409,8719,-99,9,17,5
4,3053,3165,6218,-112,9,17,5
11,6534,5502,12036,1032,9,17,5
21,1669,1552,3221,117,9,17,5
15,1463,1386,2849,77,9,17,5
8,29545,30126,59671,-581,9,17,5
1,1135,1162,2297,-27,9,17,5
5,7011,6588,13599,423,9,17,5
1,12400,13145,25545,-745,9,17,5
1,21460,20066,41526,1394,9,17,5
6,11359,10550,21909,809,9,17,5
1,44547,45771,90318,-1224,9,17,5
11,3417,3604,7021,-187,9,17,5
10,1439,1361,2800,78,9,17,5
20,1231,1853,3084,-622,9,17,5
1,50638,48069,98707,2569,9,17,5
8,2795,2372,5167,423,9,17,5
8,4724,5702,10426,-978,9,17,5
8,5328,4955,10283,373,9,17,5
2,26679,28901,55580,-2222,9,17,5
1,3645,3609,7254,36,9,17,5
22,1497,1399,2896,98,9,17,5
0,10658,9967,20625,691,9,17,5
3,12419,13287,25706,-868,9,17,5
25,321,272,593,49,9,17,5
12,6682,5989,12671,693,9,17,5
4,10031,8466,18497,1565,9,17,5
1,8086,8110,16196,-24,9,17,5
24,1648,1407,3055,241,9,17,5
1,38186,39027,77213,-841,9,17,5
13,437,519,956,-82,9,17,5
19,1405,1621,3026,-216,9,17,5
6,9005,8343,17348,662,9,17,5
7,3695,3917,7612,-222,9,17,5
3,23302,20509,43811,2793,9,17,5
24,2035,1770,3805,265,9,17,5
24,3772,3475,7247,297,9,17,5
25,675,736,1411,-61,9,17,5
4,13811,12995,26806,816,9,17,5
1,8663,7645,16308,1018,9,17,5
2,20582,22863,43445,-2281,9,17,5
21,10293,10450,20743,-157,9,17,5
5,8499,7961,16460,538,9,17,5
11,20366,19759,40125,607,9,17,5
7,13341,12017,25358,1324,9,17,5
2,28314,30492,58806,-2178,9,17,5
18,20469,24663,45132,-4194,9,17,5
4,4141,3938,8079,203,9,17,5
13,7163,7363,14526,-200,9,17,5
19,323,286,609,37,9,17,5
18,19736,20494,40230,-758,9,17,5
2,9877,9557,19434,320,9,17,5
5,2702,2694,5396,8,9,17,5
25,2504,2429,4933,75,9,17,5
25,2264,2234,4498,30,9,17,5
2,23273,25408,48681,-2135,9,17,5
25,635,545,1180,90,9,17,5
12,7295,6930,14225,365,9,17,5
1,4916,4831,9747,85,9,17,5
8,6686,6289,12975,397,9,17,5
25,3211,3270,6481,-59,9,17,5
4,4182,3839,8021,343,9,17,5
6,12940,12746,25686,194,9,17,5
19,952,841,1793,111,9,17,5
9,7424,7501,14925,-77,9,17,5
4,19152,21593,40745,-2441,9,17,5
8,14953,14281,29234,672,9,17,5
4,13364,14933,28297,-1569,9,17,5
10,2794,3062,5856,-268,9,17,5
14,22599,21703,44302,896,9,17,5
1,20733,23332,44065,-2599,9,17,5
5,2840,3256,6096,-416,9,17,5
19,4405,4338,8743,67,9,17,5
2,30912,28740,59652,2172,9,17,5
5,1,0,1,1,9,17,5
8,13620,12510,26130,1110,9,17,5
11,45746,48167,93913,-2421,9,17,5
4,2241,2223,4464,18,9,17,5
1,14255,14848,29103,-593,9,17,5
4,9788,10571,20359,-783,9,17,5
16,3582,3617,7199,-35,9,17,5
18,7699,7640,15339,59,9,17,5
2,4164,4132,8296,32,9,17,5
4,2319,2159,4478,160,9,17,5
14,10028,8848,18876,1180,9,17,5
18,8366,6841,15207,1525,9,17,5
4,17183,17759,34942,-576,9,17,5
19,2694,2154,4848,540,9,17,5
25,352,402,754,-50,9,17,5
11,10235,9452,19687,783,9,17,5
11,3185,2825,6010,360,9,17,5
21,8064,8499,16563,-435,9,17,5
12,51,37,88,14,9,17,5
2,7864,7854,15718,10,9,17,5
14,5527,4911,10438,616,9,17,5
6,5997,6120,12117,-123,9,17,5
24,4332,4274,8606,58,9,17,5
4,6805,7476,14281,-671,9,17,5
9,14754,16825,31579,-2071,9,17,5
4,3799,4792,8591,-993,9,17,5
12,14645,16717,31362,-2072,9,17,5
1,14908,13264,28172,1644,9,17,5
12,7686,7020,14706,666,9,17,5
1,2399,2204,4603,195,9,17,5
1,1789,1735,3524,54,9,17,5
6,4654,4774,9428,-120,9,17,5
25,2210,2570,4780,-360,9,17,5
11,41370,42882,84252,-1512,9,17,5
4,10941,10581,21522,360,9,17,5
25,1361,1446,2807,-85,9,17,5
16,7518,7798,15316,-280,9,17,5
13,5646,5092,10738,554,9,17,5
23,9210,8597,17807,613,9,17,5
25,454,420,874,34,9,17,5
19,3997,4145,8142,-148,9,17,5
23,8407,7989,16396,418,9,17,5
12,5190,4704,9894,486,9,17,5
5,8152,7521,15673,631,9,17,5
19,2515,2286,4801,229,9,17,5
5,6448,6843,13291,-395,9,17,5
13,2115,1798,3913,317,9,17,5
1,13653,14048,27701,-395,9,17,5
2,6087,6589,12676,-502,9,17,5
1,8976,9537,18513,-561,9,17,5
4,4058,4681,8739,-623,9,17,5
1,26983,27231,54214,-248,9,17,5
12,1594,1413,3007,181,9,17,5
5,13497,13062,26559,435,9,17,5
11,6566,6240,12806,326,9,17,5
12,19512,20792,40304,-1280,9,17,5
1,13100,13475,26575,-375,9,17,5
18,4685,4469,9154,216,9,17,5
10,984,777,1761,207,9,17,5
6,13520,12577,26097,943,9,17,5
10,3145,3190,6335,-45,9,17,5
3,8507,9306,17813,-799,9,17,5
12,3595,2572,6167,1023,9,17,5
5,17072,22444,39516,-5372,9,17,5
17,18599,18267,36866,332,9,17,5
14,5174,4402,9576,772,9,17,5
19,1378,2267,3645,-889,9,17,5
16,8671,8520,17191,151,9,17,5
16,3852,3192,7044,660,9,17,5
19,4729,4886,9615,-157,9,17,5
19,4909,4596,9505,313,9,17,5
13,6985,6518,13503,467,9,17,5
2,6137,6072,12209,65,9,17,5
13,99,95,194,4,9,17,5
7,13738,16932,30670,-3194,9,17,5
1,76882,72301,149183,4581,9,17,5
1,8620,8222,16842,398,9,17,5
1,21800,21947,43747,-147,9,17,5
2,3865,3681,7546,184,9,17,5
6,7036,6611,13647,425,9,17,5
6,1864,1185,3049,679,9,17,5
7,13051,12037,25088,1014,9,17,5
4,12600,12192,24792,408,9,17,5
22,3970,3211,7181,759,9,17,5
23,7016,7353,14369,-337,9,17,5
17,7571,7678,15249,-107,9,17,5
21,7508,7433,14941,75,9,17,5
18,12047,12136,24183,-89,9,17,5
0,15517,15587,31104,-70,9,17,5
14,7937,7502,15439,435,9,17,5
0,23425,22233,45658,1192,9,17,5
2,6883,10176,17059,-3293,9,17,5
4,15020,15969,30989,-949,9,17,5
0,27644,26089,53733,1555,9,17,5
0,21742,22296,44038,-554,9,17,5
1,47310,57118,104428,-9808,9,17,5
9,6373,4424,10797,1949,9,17,5
14,18191,15725,33916,2466,9,17,5
23,7570,7326,14896,244,9,17,5
18,11157,12338,23495,-1181,9,17,5
6,10168,8983,19151,1185,9,17,5
6,7695,7171,14866,524,9,17,5
14,7467,6801,14268,666,9,17,5
25,5046,4844,9890,202,9,17,5
21,17739,18695,36434,-956,9,17,5
9,5757,5379,11136,378,9,17,5
6,7988,7620,15608,368,9,17,5
8,4272,4062,8334,210,9,17,5
5,7929,7723,15652,206,9,17,5
2,4199,3869,8068,330,9,17,5
25,53,76,129,-23,9,17,5
12,6523,6257,12780,266,9,17,5
11,793,783,1576,10,9,17,5
11,1219,977,2196,242,9,17,5
3,21227,22119,43346,-892,9,17,5
5,2405,1924,4329,481,9,17,5
15,1484,1356,2840,128,9,17,5
11,7535,7492,15027,43,9,17,5
6,7662,7120,14782,542,9,17,5
7,12610,15082,27692,-2472,9,17,5
4,18082,17507,35589,575,9,17,5
6,17238,17331,34569,-93,9,17,5
5,2833,2686,5519,147,9,17,5
4,2801,2761,5562,40,9,17,5
6,13055,14114,27169,-1059,9,17,5
16,5218,4831,10049,387,9,17,5
0,18293,18836,37129,-543,9,17,5
12,18478,18560,37038,-82,9,17,5
18,3171,3028,6199,143,9,17,5
15,1930,2423,4353,-493,9,17,5
10,2578,2290,4868,288,9,17,5
21,3953,3936,7889,17,9,17,5
3,15698,16830,32528,-1132,9,17,5
15,2176,1878,4054,298,9,17,5
3,15953,17711,33664,-1758,9,17,5
2,3,0,3,3,9,17,5
4,2181,2055,4236,126,9,17,5
1,6324,6753,13077,-429,9,17,5
13,6087,5573,11660,514,9,17,5
24,968,869,1837,99,9,17,5
5,4763,4965,9728,-202,9,17,5
6,7500,6887,14387,613,9,17,5
18,11464,10554,22018,910,9,17,5
15,2711,2491,5202,220,9,17,5
13,1090,746,1836,344,9,17,5
10,3457,3429,6886,28,9,17,5
25,1374,1505,2879,-131,9,17,5
15,5013,4864,9877,149,9,17,5
17,11272,10701,21973,571,9,17,5
11,15197,14314,29511,883,9,17,5
11,4152,3766,7918,386,9,17,5
13,4795,4470,9265,325,9,17,5
6,13652,12300,25952,1352,9,17,5
4,6018,5766,11784,252,9,17,5
4,6380,5864,12244,516,9,17,5
4,3268,3182,6450,86,9,17,5
6,12494,13377,25871,-883,9,17,5
2,3418,3506,6924,-88,9,17,5
5,11009,13952,24961,-2943,9,17,5
12,2906,2892,5798,14,9,17,5
21,8538,8276,16814,262,9,17,5
3,14602,14788,29390,-186,9,17,5
9,5451,4594,10045,857,9,17,5
1,6039,6151,12190,-112,9,17,5
18,14819,14059,28878,760,9,17,5
5,14432,14180,28612,252,9,17,5
1,33711,39767,73478,-6056,9,17,5
4,5862,5046,10908,816,9,17,5
13,6212,6046,12258,166,9,17,5
3,33582,35902,69484,-2320,9,17,5
19,2914,2676,5590,238,9,17,5
13,2310,3112,5422,-802,9,17,5
1,74933,86615,161548,-11682,9,17,5
16,15568,16244,31812,-676,9,17,5
2,14502,13334,27836,1168,9,17,5
22,2817,2516,5333,301,9,17,5
4,22091,19615,41706,2476,9,17,5
5,8006,6247,14253,1759,9,17,5
11,6415,6403,12818,12,9,17,5
13,1518,1332,2850,186,9,17,5
23,13948,14127,28075,-179,9,17,5
25,24357,22593,46950,1764,9,17,5
12,10803,10509,21312,294,9,17,5
3,20254,21505,41759,-1251,9,17,5
13,2076,2221,4297,-145,9,17,5
5,5407,4708,10115,699,9,17,5
8,7146,6918,14064,228,9,17,5
22,3994,3711,7705,283,9,16,4
12,7592,7139,14731,453,9,16,4
2,10190,10029,20219,161,9,16,4
7,8403,9401,17804,-998,9,16,4
6,48759,48370,97129,389,9,16,4
11,19708,22947,42655,-3239,9,16,4
8,23491,22537,46028,954,9,16,4
22,4716,4657,9373,59,9,16,4
13,6549,6218,12767,331,9,16,4
18,12147,12405,24552,-258,9,16,4
15,1849,2115,3964,-266,9,16,4
14,6614,6194,12808,420,9,16,4
15,3316,2841,6157,475,9,16,4
1,92721,91283,184004,1438,9,16,4
18,11001,12590,23591,-1589,9,16,4
6,18645,20941,39586,-2296,9,16,4
4,20042,19202,39244,840,9,16,4
7,11487,11782,23269,-295,9,16,4
13,3639,3081,6720,558,9,16,4
1,36522,33315,69837,3207,9,16,4
4,5245,5044,10289,201,9,16,4
15,441,651,1092,-210,9,16,4
4,7301,7489,14790,-188,9,16,4
14,23271,22937,46208,334,9,16,4
18,4715,4852,9567,-137,9,16,4
8,3059,2092,5151,967,9,16,4
4,6112,5799,11911,313,9,16,4
4,11514,10937,22451,577,9,16,4
6,14524,15673,30197,-1149,9,16,4
1,39951,44002,83953,-4051,9,16,4
16,7346,7254,14600,92,9,16,4
10,9060,8435,17495,625,9,16,4
17,7793,7880,15673,-87,9,16,4
2,27536,26854,54390,682,9,16,4
2,8349,8125,16474,224,9,16,4
13,1,0,1,1,9,16,4
16,13230,12088,25318,1142,9,16,4
4,11272,10940,22212,332,9,16,4
5,10109,10032,20141,77,9,16,4
19,5425,4887,10312,538,9,16,4
6,19721,15591,35312,4130,9,16,4
2,52713,51638,104351,1075,9,16,4
8,15573,20724,36297,-5151,9,16,4
21,10243,9719,19962,524,9,16,4
13,671,685,1356,-14,9,16,4
10,2545,2429,4974,116,9,16,4
13,4235,3852,8087,383,9,16,4
16,2668,3738,6406,-1070,9,16,4
5,20974,20834,41808,140,9,16,4
4,16025,17154,33179,-1129,9,16,4
6,13604,13344,26948,260,9,16,4
8,3294,3498,6792,-204,9,16,4
16,2364,2540,4904,-176,9,16,4
17,7187,6954,14141,233,9,16,4
11,8091,7794,15885,297,9,16,4
20,2865,2847,5712,18,9,16,4
4,15239,13835,29074,1404,9,16,4
11,4224,3608,7832,616,9,16,4
6,23246,22783,46029,463,9,16,4
12,9436,8872,18308,564,9,16,4
4,36053,38140,74193,-2087,9,16,4
5,10119,9860,19979,259,9,16,4
1,39018,44585,83603,-5567,9,16,4
2,17653,11439,29092,6214,9,16,4
11,19857,20586,40443,-729,9,16,4
1,65328,65512,130840,-184,9,16,4
18,2809,2529,5338,280,9,16,4
25,14877,15199,30076,-322,9,16,4
8,1343,1343,2686,0,9,16,4
5,8825,6527,15352,2298,9,16,4
18,5644,6057,11701,-413,9,16,4
1,26092,25969,52061,123,9,16,4
14,7601,7481,15082,120,9,16,4
2,22907,22342,45249,565,9,16,4
25,849,802,1651,47,9,16,4
8,19392,19480,38872,-88,9,16,4
4,12439,13607,26046,-1168,9,16,4
6,16570,13283,29853,3287,9,16,4
11,8323,8111,16434,212,9,16,4
15,147,149,296,-2,9,16,4
4,10648,10232,20880,416,9,16,4
15,1640,1642,3282,-2,9,16,4
13,5430,5318,10748,112,9,16,4
11,30647,31138,61785,-491,9,16,4
11,12927,13015,25942,-88,9,16,4
13,7438,7239,14677,199,9,16,4
2,8985,8733,17718,252,9,16,4
18,12002,11421,23423,581,9,16,4
4,8915,9332,18247,-417,9,16,4
3,24039,24006,48045,33,9,16,4
15,332,374,706,-42,9,16,4
16,13642,7431,21073,6211,9,16,4
8,7969,12293,20262,-4324,9,16,4
4,8272,7808,16080,464,9,16,4
4,31207,29069,60276,2138,9,16,4
1,31563,29778,61341,1785,9,16,4
6,16643,17618,34261,-975,9,16,4
19,2527,2782,5309,-255,9,16,4
2,34463,32039,66502,2424,9,16,4
6,12897,11737,24634,1160,9,16,4
11,12068,12006,24074,62,9,16,4
7,6544,6678,13222,-134,9,16,4
15,3918,2934,6852,984,9,16,4
3,1554,1206,2760,348,9,16,4
7,16238,14400,30638,1838,9,16,4
6,16371,16741,33112,-370,9,16,4
8,5203,4272,9475,931,9,16,4
11,9694,9571,19265,123,9,16,4
8,29885,29351,59236,534,9,16,4
6,22219,23242,45461,-1023,9,16,4
3,20518,24053,44571,-3535,9,16,4
2,17454,15902,33356,1552,9,16,4
5,5881,6569,12450,-688,9,16,4
12,5213,5001,10214,212,9,16,4
12,5187,4228,9415,959,9,16,4
6,20692,22366,43058,-1674,9,16,4
13,4301,3891,8192,410,9,16,4
7,12078,11455,23533,623,9,16,4
19,118,80,198,38,9,16,4
4,17997,16365,34362,1632,9,16,4
3,9751,8705,18456,1046,9,16,4
20,4189,4146,8335,43,9,16,4
1,20145,24155,44300,-4010,9,16,4
8,21170,21358,42528,-188,9,16,4
11,7682,7112,14794,570,9,16,4
23,2446,1928,4374,518,9,16,4
17,4236,4402,8638,-166,9,16,4
1,25858,26233,52091,-375,9,16,4
6,8374,8663,17037,-289,9,16,4
18,5466,5035,10501,431,9,16,4
11,12412,13345,25757,-933,9,16,4
20,2444,1992,4436,452,9,16,4
15,638,1984,2622,-1346,9,16,4
21,5723,4899,10622,824,9,16,4
2,11673,10694,22367,979,9,16,4
2,12738,13379,26117,-641,9,16,4
23,16586,14221,30807,2365,9,16,4
5,10537,10817,21354,-280,9,16,4
12,3786,3294,7080,492,9,16,4
25,6220,6116,12336,104,9,16,4
12,6722,6288,13010,434,9,16,4
18,8636,8364,17000,272,9,16,4
2,5580,6070,11650,-490,9,16,4
25,12457,11156,23613,1301,9,16,4
1,1442,1530,2972,-88,9,16,4
12,6658,6335,12993,323,9,16,4
12,7737,4957,12694,2780,9,16,4
6,10181,11563,21744,-1382,9,16,4
25,2760,2139,4899,621,9,16,4
14,4004,4045,8049,-41,9,16,4
14,4652,4324,8976,328,9,16,4
2,8742,9239,17981,-497,9,16,4
5,2985,3103,6088,-118,9,16,4
11,20680,20905,41585,-225,9,16,4
5,13775,12831,26606,944,9,16,4
3,21400,21368,42768,32,9,16,4
0,11417,10127,21544,1290,9,16,4
1,13773,15123,28896,-1350,9,16,4
4,3324,4005,7329,-681,9,16,4
3,16969,14591,31560,2378,9,16,4
2,10950,12256,23206,-1306,9,16,4
12,2703,2909,5612,-206,9,16,4
12,3535,3509,7044,26,9,16,4
5,8618,8671,17289,-53,9,16,4
0,8538,8895,17433,-357,9,16,4
14,17443,17409,34852,34,9,16,4
14,15099,14258,29357,841,9,16,4
8,1982,1441,3423,541,9,16,4
3,1512,1656,3168,-144,9,16,4
11,8793,7935,16728,858,9,16,4
4,9112,9185,18297,-73,9,16,4
9,1285,1137,2422,148,9,16,4
8,12682,12185,24867,497,9,16,4
16,15409,14424,29833,985,9,16,4
13,3135,2760,5895,375,9,16,4
5,15816,17392,33208,-1576,9,16,4
1,25145,27174,52319,-2029,9,16,4
6,8867,8479,17346,388,9,16,4
4,11808,11932,23740,-124,9,16,4
8,13927,13790,27717,137,9,16,4
16,10563,9782,20345,781,9,16,4
23,8373,8810,17183,-437,9,16,4
6,14548,13454,28002,1094,9,16,4
15,4368,4415,8783,-47,9,16,4
4,6395,6017,12412,378,9,16,4
4,8079,7653,15732,426,9,16,4
4,16124,16495,32619,-371,9,16,4
5,16092,14473,30565,1619,9,16,4
25,8701,8499,17200,202,9,16,4
5,15357,16678,32035,-1321,9,16,4
12,9069,9044,18113,25,9,16,4
18,17394,16340,33734,1054,9,16,4
18,4465,4478,8943,-13,9,16,4
2,13965,12767,26732,1198,9,16,4
18,6058,5799,11857,259,9,16,4
6,11179,10985,22164,194,9,16,4
6,17474,16824,34298,650,9,16,4
3,26090,27552,53642,-1462,9,16,4
4,9692,10097,19789,-405,9,16,4
11,10457,10023,20480,434,9,16,4
18,21911,22361,44272,-450,9,16,4
7,4869,4113,8982,756,9,16,4
4,18740,19760,38500,-1020,9,16,4
7,6945,7270,14215,-325,9,16,4
2,4602,4622,9224,-20,9,16,4
1,24646,25586,50232,-940,9,16,4
13,5954,5747,11701,207,9,16,4
7,24031,24781,48812,-750,9,16,4
18,17198,18392,35590,-1194,9,16,4
4,18090,18510,36600,-420,9,16,4
3,16616,15925,32541,691,9,16,4
3,29512,29139,58651,373,9,16,4
21,4901,4631,9532,270,9,16,4
6,6823,6463,13286,360,9,16,4
4,22206,23544,45750,-1338,9,16,4
1,20510,20929,41439,-419,9,16,4
4,8130,8187,16317,-57,9,16,4
12,10688,10390,21078,298,9,16,4
4,7348,7123,14471,225,9,16,4
24,1367,1264,2631,103,9,16,4
13,8255,7854,16109,401,9,16,4
23,10866,10891,21757,-25,9,16,4
15,85,135,220,-50,9,16,4
14,7675,7435,15110,240,9,16,4
5,2405,2390,4795,15,9,16,4
17,29122,30289,59411,-1167,9,16,4
15,3556,3322,6878,234,9,16,4
11,17567,17463,35030,104,9,16,4
20,3381,3029,6410,352,9,16,4
6,8433,8446,16879,-13,9,16,4
20,2119,2232,4351,-113,9,16,4
20,6931,7164,14095,-233,9,16,4
22,1740,1781,3521,-41,9,16,4
5,8735,7868,16603,867,9,16,4
12,2038,1787,3825,251,9,16,4
18,3023,2671,5694,352,9,16,4
7,10858,8893,19751,1965,9,16,4
24,1515,1355,2870,160,9,16,4
9,21377,21515,42892,-138,9,16,4
1,26423,24299,50722,2124,9,16,4
5,9946,9409,19355,537,9,16,4
14,9711,8910,18621,801,9,16,4
10,2854,2279,5133,575,9,16,4
14,34967,35551,70518,-584,9,16,4
14,31479,35021,66500,-3542,9,16,4
22,6890,6382,13272,508,9,16,4
22,2790,2590,5380,200,9,16,4
2,17640,19136,36776,-1496,9,16,4
5,4616,4490,9106,126,9,16,4
6,17667,17552,35219,115,9,16,4
3,30097,25947,56044,4150,9,16,4
1,44713,48973,93686,-4260,9,16,4
15,2656,2564,5220,92,9,16,4
19,5585,4722,10307,863,9,16,4
8,4356,4274,8630,82,9,16,4
21,17582,19346,36928,-1764,9,16,4
7,5897,5849,11746,48,9,16,4
5,10348,7410,17758,2938,9,16,4
3,6917,7955,14872,-1038,9,16,4
10,2779,2593,5372,186,9,16,4
1,61622,61812,123434,-190,9,16,4
9,8671,8862,17533,-191,9,16,4
23,21382,20923,42305,459,9,16,4
22,2112,2289,4401,-177,9,16,4
22,2722,2747,5469,-25,9,16,4
9,7833,7451,15284,382,9,16,4
18,6230,5864,12094,366,9,16,4
3,20610,19337,39947,1273,9,16,4
6,13757,13224,26981,533,9,16,4
21,18241,18053,36294,188,9,16,4
25,6284,6079,12363,205,9,16,4
6,18172,17672,35844,500,9,16,4
5,11716,14158,25874,-2442,9,16,4
1,16145,15742,31887,403,9,16,4
5,7178,6565,13743,613,9,16,4
4,16475,15246,31721,1229,9,16,4
15,315,318,633,-3,9,16,4
5,14057,13036,27093,1021,9,16,4
8,6982,7050,14032,-68,9,16,4
20,2327,2957,5284,-630,9,16,4
13,2839,2772,5611,67,9,16,4
4,23294,22787,46081,507,9,16,4
11,1660,1504,3164,156,9,16,4
12,2366,2355,4721,11,9,16,4
20,7867,7512,15379,355,9,16,4
1,54163,52375,106538,1788,9,16,4
18,12733,13102,25835,-369,9,16,4
13,5386,6942,12328,-1556,9,16,4
11,10764,3246,14010,7518,9,16,4
3,14642,21892,36534,-7250,9,16,4
16,12358,10320,22678,2038,9,16,4
0,59887,55390,115277,4497,9,16,4
20,2777,3021,5798,-244,9,16,4
20,3212,2773,5985,439,9,16,4
11,9341,7895,17236,1446,9,16,4
1,24514,23091,47605,1423,9,16,4
18,28636,29172,57808,-536,9,16,4
12,9281,10123,19404,-842,9,16,4
5,13799,14622,28421,-823,9,16,4
11,10564,9472,20036,1092,9,16,4
7,8436,9806,18242,-1370,9,16,4
9,9682,8769,18451,913,9,16,4
9,7093,6956,14049,137,9,16,4
18,15205,22910,38115,-7705,9,16,4
1,63245,55875,119120,7370,9,16,4
17,9471,8072,17543,1399,9,16,4
8,9989,9236,19225,753,9,16,4
9,11017,12244,23261,-1227,9,16,4
18,8887,9312,18199,-425,9,16,4
11,17480,16703,34183,777,9,16,4
1,42644,46353,88997,-3709,9,16,4
22,3948,4397,8345,-449,9,16,4
3,24140,23281,47421,859,9,16,4
11,5821,5043,10864,778,9,16,4
11,3714,3280,6994,434,9,16,4
11,3456,3323,6779,133,9,16,4
10,414,412,826,2,9,16,4
19,6404,6317,12721,87,9,16,4
14,9505,9601,19106,-96,9,16,4
12,2751,2444,5195,307,9,16,4
22,2802,2671,5473,131,9,16,4
22,6764,6279,13043,485,9,16,4
14,30547,30637,61184,-90,9,16,4
19,2712,2432,5144,280,9,16,4
4,7133,6678,13811,455,9,16,4
11,5499,5062,10561,437,9,16,4
7,9709,9848,19557,-139,9,16,4
9,5936,6417,12353,-481,9,16,4
18,15649,15795,31444,-146,9,16,4
6,13736,13267,27003,469,9,16,4
21,4603,3708,8311,895,9,16,4
13,3030,3233,6263,-203,9,16,4
2,20648,20331,40979,317,9,16,4
18,16271,16950,33221,-679,9,16,4
11,41191,44794,85985,-3603,9,16,4
18,9160,7954,17114,1206,9,16,4
18,14734,17416,32150,-2682,9,16,4
3,37073,37785,74858,-712,9,16,4
7,5998,5485,11483,513,9,16,4
3,19353,16456,35809,2897,9,16,4
6,16050,15932,31982,118,9,16,4
19,4559,4141,8700,418,9,16,4
1,28356,29329,57685,-973,9,16,4
0,29259,32530,61789,-3271,9,16,4
18,5244,5218,10462,26,9,16,4
4,7256,7411,14667,-155,9,16,4
4,4751,4951,9702,-200,9,16,4
11,9840,8546,18386,1294,9,16,4
21,2068,1874,3942,194,9,16,4
15,2513,2408,4921,105,9,16,4
8,34801,35603,70404,-802,9,16,4
1,1873,2095,3968,-222,9,16,4
1,15925,16423,32348,-498,9,16,4
5,9546,9090,18636,456,9,16,4
1,27736,26632,54368,1104,9,16,4
6,16726,15707,32433,1019,9,16,4
1,53201,53648,106849,-447,9,16,4
11,4519,4597,9116,-78,9,16,4
10,1836,1648,3484,188,9,16,4
20,1777,2434,4211,-657,9,16,4
1,63399,61346,124745,2053,9,16,4
8,4912,4102,9014,810,9,16,4
8,4328,4252,8580,76,9,16,4
8,7754,7570,15324,184,9,16,4
2,33264,35383,68647,-2119,9,16,4
0,15318,14754,30072,564,9,16,4
1,4033,3848,7881,185,9,16,4
22,2416,2326,4742,90,9,16,4
3,20543,20704,41247,-161,9,16,4
25,227,231,458,-4,9,16,4
12,9155,8406,17561,749,9,16,4
4,15232,12274,27506,2958,9,16,4
1,11417,11731,23148,-314,9,16,4
24,3742,2306,6048,1436,9,16,4
13,1242,1555,2797,-313,9,16,4
1,44018,44324,88342,-306,9,16,4
19,1903,2044,3947,-141,9,16,4
6,12714,12040,24754,674,9,16,4
7,4626,4944,9570,-318,9,16,4
3,31252,29259,60511,1993,9,16,4
24,3019,2588,5607,431,9,16,4
24,4862,4472,9334,390,9,16,4
25,725,632,1357,93,9,16,4
4,16317,15728,32045,589,9,16,4
1,12131,11433,23564,698,9,16,4
2,26713,27021,53734,-308,9,16,4
21,12485,11528,24013,957,9,16,4
5,15334,14948,30282,386,9,16,4
11,28310,27929,56239,381,9,16,4
7,20670,18154,38824,2516,9,16,4
2,37251,41384,78635,-4133,9,16,4
18,22635,26746,49381,-4111,9,16,4
4,7649,7433,15082,216,9,16,4
13,8828,9076,17904,-248,9,16,4
19,434,356,790,78,9,16,4
18,29368,30428,59796,-1060,9,16,4
5,4084,4108,8192,-24,9,16,4
2,14903,14984,29887,-81,9,16,4
25,2032,2093,4125,-61,9,16,4
25,3532,3412,6944,120,9,16,4
2,43231,44192,87423,-961,9,16,4
25,793,676,1469,117,9,16,4
12,8992,8397,17389,595,9,16,4
1,8011,8040,16051,-29,9,16,4
8,11042,11127,22169,-85,9,16,4
25,3077,3350,6427,-273,9,16,4
4,8227,8047,16274,180,9,16,4
6,18765,18852,37617,-87,9,16,4
19,1321,1213,2534,108,9,16,4
9,12382,12372,24754,10,9,16,4
4,11918,13558,25476,-1640,9,16,4
8,32417,30095,62512,2322,9,16,4
4,32023,33487,65510,-1464,9,16,4
10,2737,2806,5543,-69,9,16,4
14,32742,31888,64630,854,9,16,4
1,58466,64818,123284,-6352,9,16,4
5,4154,4962,9116,-808,9,16,4
19,5148,5196,10344,-48,9,16,4
5,1,0,1,1,9,16,4
2,39447,38228,77675,1219,9,16,4
8,19562,19002,38564,560,9,16,4
11,44576,46919,91495,-2343,9,16,4
1,24374,25025,49399,-651,9,16,4
4,4550,4564,9114,-14,9,16,4
4,11332,11838,23170,-506,9,16,4
16,3806,3996,7802,-190,9,16,4
18,10432,10361,20793,71,9,16,4
2,6898,6469,13367,429,9,16,4
4,4242,4314,8556,-72,9,16,4
14,12923,11828,24751,1095,9,16,4
18,13247,10745,23992,2502,9,16,4
4,23815,25985,49800,-2170,9,16,4
19,4391,3711,8102,680,9,16,4
25,338,327,665,11,9,16,4
11,11664,11456,23120,208,9,16,4
11,4343,4074,8417,269,9,16,4
21,9502,9696,19198,-194,9,16,4
12,73,45,118,28,9,16,4
2,10310,10839,21149,-529,9,16,4
6,11900,10978,22878,922,9,16,4
14,8014,7352,15366,662,9,16,4
24,4169,4552,8721,-383,9,16,4
9,8019,8067,16086,-48,9,16,4
4,5294,4578,9872,716,9,16,4
1,19614,16477,36091,3137,9,16,4
4,4978,5811,10789,-833,9,16,4
12,17769,19134,36903,-1365,9,16,4
12,11088,10774,21862,314,9,16,4
1,3294,3356,6650,-62,9,16,4
1,2628,2611,5239,17,9,16,4
6,6499,6308,12807,191,9,16,4
25,1898,2037,3935,-139,9,16,4
11,44509,43915,88424,594,9,16,4
4,15955,15823,31778,132,9,16,4
25,773,772,1545,1,9,16,4
16,8419,8568,16987,-149,9,16,4
13,7938,7279,15217,659,9,16,4
23,12383,11751,24134,632,9,16,4
25,394,386,780,8,9,16,4
19,4828,5097,9925,-269,9,16,4
23,12661,11989,24650,672,9,16,4
12,8402,7715,16117,687,9,16,4
5,14074,13497,27571,577,9,16,4
19,3102,2924,6026,178,9,16,4
5,4877,5195,10072,-318,9,16,4
13,3457,2718,6175,739,9,16,4
1,27304,27734,55038,-430,9,16,4
2,12572,12190,24762,382,9,16,4
1,15309,15226,30535,83,9,16,4
4,6647,7137,13784,-490,9,16,4
1,48792,50123,98915,-1331,9,16,4
12,2201,1797,3998,404,9,16,4
5,19075,18524,37599,551,9,16,4
11,10019,9858,19877,161,9,16,4
12,20054,21539,41593,-1485,9,16,4
1,20134,21515,41649,-1381,9,16,4
10,1263,1121,2384,142,9,16,4
18,6564,6315,12879,249,9,16,4
6,17916,17366,35282,550,9,16,4
10,3154,3268,6422,-114,9,16,4
3,8686,9683,18369,-997,9,16,4
12,4257,3432,7689,825,9,16,4
5,14008,19097,33105,-5089,9,16,4
17,27591,28647,56238,-1056,9,16,4
14,4481,3384,7865,1097,9,16,4
19,1148,1837,2985,-689,9,16,4
16,8613,7486,16099,1127,9,16,4
16,3906,3371,7277,535,9,16,4
19,6024,6445,12469,-421,9,16,4
19,8061,7452,15513,609,9,16,4
13,10819,10610,21429,209,9,16,4
2,12042,11265,23307,777,9,16,4
13,10,4,14,6,9,16,4
7,16417,18713,35130,-2296,9,16,4
1,81268,80994,162262,274,9,16,4
1,16340,15930,32270,410,9,16,4
1,24824,25654,50478,-830,9,16,4
2,5564,5346,10910,218,9,16,4
6,10206,10023,20229,183,9,16,4
6,2506,1013,3519,1493,9,16,4
7,18940,17432,36372,1508,9,16,4
4,20429,20443,40872,-14,9,16,4
22,5365,4830,10195,535,9,16,4
23,7947,8563,16510,-616,9,16,4
17,12688,12637,25325,51,9,16,4
21,10844,10605,21449,239,9,16,4
18,20253,21604,41857,-1351,9,16,4
0,17441,17473,34914,-32,9,16,4
14,12667,11759,24426,908,9,16,4
0,42045,41797,83842,248,9,16,4
0,28773,27632,56405,1141,9,16,4
2,11337,13724,25061,-2387,9,16,4
4,14905,15664,30569,-759,9,16,4
0,25735,25779,51514,-44,9,16,4
1,12736,13961,26697,-1225,9,16,4
9,4934,4945,9879,-11,9,16,4
14,22015,19839,41854,2176,9,16,4
23,10126,10636,20762,-510,9,16,4
18,16245,17616,33861,-1371,9,16,4
6,16377,14733,31110,1644,9,16,4
6,12184,11402,23586,782,9,16,4
14,10355,9621,19976,734,9,16,4
25,6231,5942,12173,289,9,16,4
21,20291,22140,42431,-1849,9,16,4
9,12233,10703,22936,1530,9,16,4
6,11894,11496,23390,398,9,16,4
8,8413,7993,16406,420,9,16,4
5,10707,10605,21312,102,9,16,4
23,1,0,1,1,9,16,4
2,6020,5708,11728,312,9,16,4
25,50,70,120,-20,9,16,4
12,7556,7533,15089,23,9,16,4
11,1072,965,2037,107,9,16,4
11,2146,1740,3886,406,9,16,4
3,27739,29554,57293,-1815,9,16,4
5,3896,3165,7061,731,9,16,4
15,1764,1627,3391,137,9,16,4
11,7949,7272,15221,677,9,16,4
6,12842,12005,24847,837,9,16,4
4,20745,20915,41660,-170,9,16,4
7,16067,18670,34737,-2603,9,16,4
6,24076,25073,49149,-997,9,16,4
4,4308,4098,8406,210,9,16,4
5,4182,4186,8368,-4,9,16,4
6,22064,24508,46572,-2444,9,16,4
16,7735,7428,15163,307,9,16,4
12,18825,18679,37504,146,9,16,4
0,20766,20924,41690,-158,9,16,4
18,5086,4723,9809,363,9,16,4
15,1734,1925,3659,-191,9,16,4
10,3758,3398,7156,360,9,16,4
21,5895,5839,11734,56,9,16,4
3,21386,23419,44805,-2033,9,16,4
15,2199,1556,3755,643,9,16,4
3,31965,33007,64972,-1042,9,16,4
2,4,0,4,4,9,16,4
4,5408,5325,10733,83,9,16,4
1,11795,11924,23719,-129,9,16,4
13,8801,8550,17351,251,9,16,4
24,1212,1034,2246,178,9,16,4
5,6534,7055,13589,-521,9,16,4
6,10104,9684,19788,420,9,16,4
18,14952,14406,29358,546,9,16,4
15,3905,3558,7463,347,9,16,4
13,1448,1013,2461,435,9,16,4
10,5779,5692,11471,87,9,16,4
25,853,852,1705,1,9,16,4
15,6945,6874,13819,71,9,16,4
17,19584,19323,38907,261,9,16,4
11,14990,14628,29618,362,9,16,4
11,5127,4812,9939,315,9,16,4
13,6273,5906,12179,367,9,16,4
6,19320,18102,37422,1218,9,16,4
4,6516,6210,12726,306,9,16,4
4,7907,7571,15478,336,9,16,4
4,4729,4698,9427,31,9,16,4
6,26242,27891,54133,-1649,9,16,4
2,3408,3598,7006,-190,9,16,4
5,9807,11654,21461,-1847,9,16,4
12,4487,4404,8891,83,9,16,4
21,11326,11160,22486,166,9,16,4
3,16535,15706,32241,829,9,16,4
9,3034,2791,5825,243,9,16,4
1,13622,15055,28677,-1433,9,16,4
18,17054,18176,35230,-1122,9,16,4
1,37672,42678,80350,-5006,9,16,4
5,15392,15831,31223,-439,9,16,4
4,8939,7966,16905,973,9,16,4
13,9343,9404,18747,-61,9,16,4
3,39870,39259,79129,611,9,16,4
19,4612,4613,9225,-1,9,16,4
13,2120,2780,4900,-660,9,16,4
1,68028,77025,145053,-8997,9,16,4
16,12716,13895,26611,-1179,9,16,4
2,19719,18789,38508,930,9,16,4
22,3819,3488,7307,331,9,16,4
4,31626,28955,60581,2671,9,16,4
5,13857,10456,24313,3401,9,16,4
11,9147,8743,17890,404,9,16,4
13,3037,2719,5756,318,9,16,4
23,18293,18719,37012,-426,9,16,4
25,30789,28998,59787,1791,9,16,4
12,13797,13659,27456,138,9,16,4
3,28153,29229,57382,-1076,9,16,4
13,3533,3881,7414,-348,9,16,4
5,8250,7820,16070,430,9,16,4
8,11199,11420,22619,-221,9,16,4
22,4790,4709,9499,81,9,15,3
12,7683,7441,15124,242,9,15,3
2,9750,9473,19223,277,9,15,3
7,8050,8889,16939,-839,9,15,3
6,48528,49256,97784,-728,9,15,3
11,19983,23237,43220,-3254,9,15,3
8,23257,22672,45929,585,9,15,3
22,4701,4545,9246,156,9,15,3
13,6581,6282,12863,299,9,15,3
18,13518,14497,28015,-979,9,15,3
15,1871,1861,3732,10,9,15,3
14,6624,6225,12849,399,9,15,3
15,3345,2889,6234,456,9,15,3
1,87246,84314,171560,2932,9,15,3
18,10532,12160,22692,-1628,9,15,3
6,18602,20748,39350,-2146,9,15,3
4,19816,19002,38818,814,9,15,3
7,11352,11673,23025,-321,9,15,3
13,3747,3175,6922,572,9,15,3
1,32978,30065,63043,2913,9,15,3
4,5361,5099,10460,262,9,15,3
15,508,533,1041,-25,9,15,3
4,7192,7604,14796,-412,9,15,3
14,23584,22785,46369,799,9,15,3
18,4568,4561,9129,7,9,15,3
8,3127,2146,5273,981,9,15,3
4,6119,5727,11846,392,9,15,3
4,11395,10821,22216,574,9,15,3
6,14572,14945,29517,-373,9,15,3
1,36642,39220,75862,-2578,9,15,3
16,7282,7292,14574,-10,9,15,3
10,9036,8381,17417,655,9,15,3
17,1429,1447,2876,-18,9,15,3
2,25556,26266,51822,-710,9,15,3
2,7974,8137,16111,-163,9,15,3
16,12906,11848,24754,1058,9,15,3
13,1,0,1,1,9,15,3
4,10611,10539,21150,72,9,15,3
5,10766,10367,21133,399,9,15,3
19,5348,5007,10355,341,9,15,3
2,43348,40626,83974,2722,9,15,3
8,13905,16613,30518,-2708,9,15,3
6,16686,14129,30815,2557,9,15,3
21,10324,9701,20025,623,9,15,3
13,731,749,1480,-18,9,15,3
10,2541,2450,4991,91,9,15,3
4,15922,16698,32620,-776,9,15,3
16,2719,3470,6189,-751,9,15,3
13,3871,3659,7530,212,9,15,3
5,20343,19992,40335,351,9,15,3
6,13661,13302,26963,359,9,15,3
8,3230,3453,6683,-223,9,15,3
16,2452,2704,5156,-252,9,15,3
17,6978,6480,13458,498,9,15,3
11,8255,7732,15987,523,9,15,3
20,3227,3352,6579,-125,9,15,3
4,14674,13556,28230,1118,9,15,3
11,3767,3140,6907,627,9,15,3
6,23034,22681,45715,353,9,15,3
12,10152,9831,19983,321,9,15,3
4,34456,36501,70957,-2045,9,15,3
5,10078,9724,19802,354,9,15,3
1,38041,43382,81423,-5341,9,15,3
2,17115,11072,28187,6043,9,15,3
11,19664,19923,39587,-259,9,15,3
1,64387,64446,128833,-59,9,15,3
18,2729,2627,5356,102,9,15,3
25,14819,14936,29755,-117,9,15,3
8,1215,1277,2492,-62,9,15,3
5,8465,6342,14807,2123,9,15,3
18,5740,5948,11688,-208,9,15,3
1,25515,24702,50217,813,9,15,3
14,7924,7749,15673,175,9,15,3
2,22811,21969,44780,842,9,15,3
25,859,847,1706,12,9,15,3
8,18654,19640,38294,-986,9,15,3
6,16190,12906,29096,3284,9,15,3
4,12122,13195,25317,-1073,9,15,3
11,8321,8154,16475,167,9,15,3
15,150,140,290,10,9,15,3
4,10301,9713,20014,588,9,15,3
15,1787,1781,3568,6,9,15,3
13,5581,5359,10940,222,9,15,3
11,29986,30347,60333,-361,9,15,3
11,12885,12963,25848,-78,9,15,3
13,6922,6833,13755,89,9,15,3
2,8790,8328,17118,462,9,15,3
18,12676,11925,24601,751,9,15,3
4,8428,8653,17081,-225,9,15,3
3,24459,24615,49074,-156,9,15,3
15,336,335,671,1,9,15,3
8,6589,10408,16997,-3819,9,15,3
16,10750,6415,17165,4335,9,15,3
4,6943,6693,13636,250,9,15,3
4,30956,29232,60188,1724,9,15,3
1,30397,29598,59995,799,9,15,3
6,16798,17616,34414,-818,9,15,3
19,2444,2703,5147,-259,9,15,3
2,31221,31530,62751,-309,9,15,3
6,12835,11987,24822,848,9,15,3
11,10986,11922,22908,-936,9,15,3
7,6327,6457,12784,-130,9,15,3
15,3004,2709,5713,295,9,15,3
3,1351,1176,2527,175,9,15,3
7,16370,15014,31384,1356,9,15,3
6,16252,16540,32792,-288,9,15,3
8,5126,4190,9316,936,9,15,3
11,9048,8906,17954,142,9,15,3
8,27965,28070,56035,-105,9,15,3
6,21176,22260,43436,-1084,9,15,3
3,19858,22814,42672,-2956,9,15,3
2,17395,15554,32949,1841,9,15,3
5,5337,5287,10624,50,9,15,3
12,5159,4898,10057,261,9,15,3
12,5211,4352,9563,859,9,15,3
6,20574,21480,42054,-906,9,15,3
13,4279,3885,8164,394,9,15,3
7,11951,11428,23379,523,9,15,3
19,120,78,198,42,9,15,3
4,17578,15873,33451,1705,9,15,3
3,9771,8717,18488,1054,9,15,3
20,4034,3937,7971,97,9,15,3
1,20248,24097,44345,-3849,9,15,3
8,20410,20958,41368,-548,9,15,3
11,7845,7309,15154,536,9,15,3
23,2551,1962,4513,589,9,15,3
17,4536,4665,9201,-129,9,15,3
1,25461,25772,51233,-311,9,15,3
6,8014,8068,16082,-54,9,15,3
18,5361,5027,10388,334,9,15,3
20,2396,1857,4253,539,9,15,3
11,12472,13533,26005,-1061,9,15,3
15,546,619,1165,-73,9,15,3
21,5556,5065,10621,491,9,15,3
2,11555,10604,22159,951,9,15,3
2,12066,12416,24482,-350,9,15,3
23,14434,11180,25614,3254,9,15,3
5,10558,10965,21523,-407,9,15,3
12,4048,3610,7658,438,9,15,3
25,6316,6257,12573,59,9,15,3
12,7084,6779,13863,305,9,15,3
2,5531,5833,11364,-302,9,15,3
18,8337,7923,16260,414,9,15,3
25,12752,11511,24263,1241,9,15,3
1,1426,1473,2899,-47,9,15,3
12,6629,6295,12924,334,9,15,3
6,10601,11976,22577,-1375,9,15,3
12,8208,5423,13631,2785,9,15,3
25,2857,2211,5068,646,9,15,3
14,3956,3932,7888,24,9,15,3
14,4579,4226,8805,353,9,15,3
2,7806,8026,15832,-220,9,15,3
5,3065,3146,6211,-81,9,15,3
11,20464,21259,41723,-795,9,15,3
5,10368,9501,19869,867,9,15,3
3,21232,21559,42791,-327,9,15,3
0,11229,10492,21721,737,9,15,3
4,3400,3956,7356,-556,9,15,3
3,16568,14546,31114,2022,9,15,3
1,13050,14861,27911,-1811,9,15,3
2,11382,12903,24285,-1521,9,15,3
12,2965,3142,6107,-177,9,15,3
12,3644,3556,7200,88,9,15,3
5,8385,8748,17133,-363,9,15,3
0,8507,8962,17469,-455,9,15,3
14,17064,17130,34194,-66,9,15,3
14,15238,14531,29769,707,9,15,3
8,1997,1469,3466,528,9,15,3
3,1509,1714,3223,-205,9,15,3
11,9116,9544,18660,-428,9,15,3
4,8816,8831,17647,-15,9,15,3
9,1217,1138,2355,79,9,15,3
8,12522,12017,24539,505,9,15,3
16,15337,14352,29689,985,9,15,3
13,3022,2687,5709,335,9,15,3
5,16076,17919,33995,-1843,9,15,3
1,23822,25857,49679,-2035,9,15,3
6,10513,10255,20768,258,9,15,3
4,11877,11985,23862,-108,9,15,3
16,11142,10504,21646,638,9,15,3
8,13467,13439,26906,28,9,15,3
23,8425,8599,17024,-174,9,15,3
6,14439,13498,27937,941,9,15,3
15,4616,4581,9197,35,9,15,3
4,6392,6051,12443,341,9,15,3
4,8203,7721,15924,482,9,15,3
4,15574,16037,31611,-463,9,15,3
5,15916,14195,30111,1721,9,15,3
25,8502,8292,16794,210,9,15,3
5,14566,15619,30185,-1053,9,15,3
12,10279,10152,20431,127,9,15,3
18,16549,15755,32304,794,9,15,3
18,4480,4425,8905,55,9,15,3
2,13894,13310,27204,584,9,15,3
18,5830,5597,11427,233,9,15,3
6,10948,10707,21655,241,9,15,3
6,17243,16845,34088,398,9,15,3
3,24146,25203,49349,-1057,9,15,3
4,9458,9707,19165,-249,9,15,3
11,11294,11187,22481,107,9,15,3
18,21278,21506,42784,-228,9,15,3
7,4664,3815,8479,849,9,15,3
4,18712,20005,38717,-1293,9,15,3
7,6571,6672,13243,-101,9,15,3
2,4455,4538,8993,-83,9,15,3
1,23958,24599,48557,-641,9,15,3
13,5562,5671,11233,-109,9,15,3
7,23415,24906,48321,-1491,9,15,3
18,16562,17619,34181,-1057,9,15,3
4,17984,18146,36130,-162,9,15,3
3,16405,15981,32386,424,9,15,3
3,28399,28271,56670,128,9,15,3
21,4716,4512,9228,204,9,15,3
6,6640,6407,13047,233,9,15,3
4,21952,22948,44900,-996,9,15,3
1,21347,22355,43702,-1008,9,15,3
4,7862,8069,15931,-207,9,15,3
12,10734,10441,21175,293,9,15,3
4,7371,7136,14507,235,9,15,3
24,1256,1227,2483,29,9,15,3
13,8054,7687,15741,367,9,15,3
23,10679,10601,21280,78,9,15,3
15,95,88,183,7,9,15,3
14,7762,7559,15321,203,9,15,3
5,2418,2367,4785,51,9,15,3
17,28318,28761,57079,-443,9,15,3
15,3566,3393,6959,173,9,15,3
11,18110,18056,36166,54,9,15,3
20,3254,3069,6323,185,9,15,3
6,8319,8455,16774,-136,9,15,3
20,1983,2208,4191,-225,9,15,3
20,6972,7362,14334,-390,9,15,3
5,8614,7901,16515,713,9,15,3
22,1676,1728,3404,-52,9,15,3
12,1924,1574,3498,350,9,15,3
18,3071,2698,5769,373,9,15,3
18,1,0,1,1,9,15,3
7,10551,8782,19333,1769,9,15,3
24,1594,1495,3089,99,9,15,3
9,19642,20202,39844,-560,9,15,3
1,26078,24342,50420,1736,9,15,3
5,9861,9295,19156,566,9,15,3
14,9583,8994,18577,589,9,15,3
10,2493,2228,4721,265,9,15,3
14,34879,34676,69555,203,9,15,3
14,30165,32253,62418,-2088,9,15,3
22,6925,6530,13455,395,9,15,3
22,3121,2729,5850,392,9,15,3
5,4548,4516,9064,32,9,15,3
2,17772,19064,36836,-1292,9,15,3
6,17622,17720,35342,-98,9,15,3
1,41835,45254,87089,-3419,9,15,3
3,28025,23818,51843,4207,9,15,3
15,2814,2785,5599,29,9,15,3
19,5613,4818,10431,795,9,15,3
8,4177,4038,8215,139,9,15,3
21,17360,18652,36012,-1292,9,15,3
7,5802,5915,11717,-113,9,15,3
3,5934,6781,12715,-847,9,15,3
5,7956,6839,14795,1117,9,15,3
10,2795,2516,5311,279,9,15,3
1,58530,59791,118321,-1261,9,15,3
9,8375,8792,17167,-417,9,15,3
23,21767,20876,42643,891,9,15,3
22,2139,2269,4408,-130,9,15,3
22,2708,2738,5446,-30,9,15,3
9,7518,7174,14692,344,9,15,3
18,6185,5874,12059,311,9,15,3
3,20834,19525,40359,1309,9,15,3
6,13491,13261,26752,230,9,15,3
21,18027,18480,36507,-453,9,15,3
6,17818,17170,34988,648,9,15,3
25,6114,6038,12152,76,9,15,3
5,10438,12018,22456,-1580,9,15,3
1,15551,15079,30630,472,9,15,3
5,7766,7446,15212,320,9,15,3
4,16369,15027,31396,1342,9,15,3
15,405,400,805,5,9,15,3
5,14083,13066,27149,1017,9,15,3
8,6767,6906,13673,-139,9,15,3
20,2508,3049,5557,-541,9,15,3
13,2689,2665,5354,24,9,15,3
4,22666,23138,45804,-472,9,15,3
11,1544,1363,2907,181,9,15,3
12,2258,2078,4336,180,9,15,3
20,7589,7391,14980,198,9,15,3
1,51842,50606,102448,1236,9,15,3
18,12073,12472,24545,-399,9,15,3
16,10143,8630,18773,1513,9,15,3
0,50504,48531,99035,1973,9,15,3
3,13104,19021,32125,-5917,9,15,3
11,7872,2337,10209,5535,9,15,3
13,5295,6714,12009,-1419,9,15,3
20,2577,2847,5424,-270,9,15,3
20,3143,2637,5780,506,9,15,3
11,8497,7797,16294,700,9,15,3
1,24237,23588,47825,649,9,15,3
18,26173,26898,53071,-725,9,15,3
5,13802,14461,28263,-659,9,15,3
12,9017,9983,19000,-966,9,15,3
11,10620,9515,20135,1105,9,15,3
7,8119,9184,17303,-1065,9,15,3
9,9667,8596,18263,1071,9,15,3
9,6980,6853,13833,127,9,15,3
1,63876,56885,120761,6991,9,15,3
18,15184,23166,38350,-7982,9,15,3
17,9043,8419,17462,624,9,15,3
8,9714,9213,18927,501,9,15,3
18,8837,9396,18233,-559,9,15,3
9,11198,12514,23712,-1316,9,15,3
11,17469,17001,34470,468,9,15,3
1,39674,43684,83358,-4010,9,15,3
22,3794,4161,7955,-367,9,15,3
3,23030,21982,45012,1048,9,15,3
11,7139,6670,13809,469,9,15,3
11,3557,3181,6738,376,9,15,3
11,3312,3148,6460,164,9,15,3
10,397,403,800,-6,9,15,3
19,6750,6398,13148,352,9,15,3
14,9803,9938,19741,-135,9,15,3
12,3094,2460,5554,634,9,15,3
22,2760,2632,5392,128,9,15,3
22,6484,6106,12590,378,9,15,3
14,30353,30378,60731,-25,9,15,3
19,2738,2515,5253,223,9,15,3
4,6945,6238,13183,707,9,15,3
11,4863,4726,9589,137,9,15,3
7,9430,9127,18557,303,9,15,3
9,5300,5613,10913,-313,9,15,3
18,14854,15036,29890,-182,9,15,3
6,13773,13568,27341,205,9,15,3
21,4619,3807,8426,812,9,15,3
13,3119,3409,6528,-290,9,15,3
18,14986,15381,30367,-395,9,15,3
2,18806,18997,37803,-191,9,15,3
18,8868,7117,15985,1751,9,15,3
11,38770,41254,80024,-2484,9,15,3
18,13794,14962,28756,-1168,9,15,3
3,36865,36889,73754,-24,9,15,3
7,5586,5243,10829,343,9,15,3
3,16652,15625,32277,1027,9,15,3
6,17141,17256,34397,-115,9,15,3
19,4452,4190,8642,262,9,15,3
1,26352,25538,51890,814,9,15,3
0,26952,27225,54177,-273,9,15,3
18,5214,5224,10438,-10,9,15,3
4,7072,7378,14450,-306,9,15,3
4,4590,4751,9341,-161,9,15,3
11,9815,8423,18238,1392,9,15,3
21,2033,1833,3866,200,9,15,3
15,2536,2445,4981,91,9,15,3
8,31888,31533,63421,355,9,15,3
1,1866,2062,3928,-196,9,15,3
1,14902,15060,29962,-158,9,15,3
5,9196,9733,18929,-537,9,15,3
1,27171,26309,53480,862,9,15,3
6,16493,15730,32223,763,9,15,3
11,4664,4643,9307,21,9,15,3
1,51743,51520,103263,223,9,15,3
10,1961,1691,3652,270,9,15,3
20,1639,2245,3884,-606,9,15,3
1,61255,58815,120070,2440,9,15,3
8,4866,4280,9146,586,9,15,3
8,4206,4280,8486,-74,9,15,3
8,7523,7297,14820,226,9,15,3
2,30209,31718,61927,-1509,9,15,3
0,14711,14274,28985,437,9,15,3
22,2514,2422,4936,92,9,15,3
1,3572,3509,7081,63,9,15,3
3,18619,19287,37906,-668,9,15,3
25,348,281,629,67,9,15,3
12,9088,8345,17433,743,9,15,3
4,15170,12220,27390,2950,9,15,3
1,11304,11513,22817,-209,9,15,3
24,3650,3089,6739,561,9,15,3
13,1242,1635,2877,-393,9,15,3
1,41007,41691,82698,-684,9,15,3
19,2029,2059,4088,-30,9,15,3
6,12599,11774,24373,825,9,15,3
7,4414,4857,9271,-443,9,15,3
3,31101,29277,60378,1824,9,15,3
24,3300,3014,6314,286,9,15,3
24,4304,3849,8153,455,9,15,3
25,714,698,1412,16,9,15,3
4,15750,15147,30897,603,9,15,3
1,11629,11047,22676,582,9,15,3
2,24940,25914,50854,-974,9,15,3
21,12215,11041,23256,1174,9,15,3
5,16588,16690,33278,-102,9,15,3
11,29141,28690,57831,451,9,15,3
7,20583,17884,38467,2699,9,15,3
2,34306,37372,71678,-3066,9,15,3
18,20065,22782,42847,-2717,9,15,3
4,7557,7389,14946,168,9,15,3
13,8652,8672,17324,-20,9,15,3
19,445,351,796,94,9,15,3
18,28620,29727,58347,-1107,9,15,3
2,14219,13715,27934,504,9,15,3
5,3842,3835,7677,7,9,15,3
25,2162,2170,4332,-8,9,15,3
25,3503,3344,6847,159,9,15,3
2,41621,45205,86826,-3584,9,15,3
25,831,667,1498,164,9,15,3
12,8872,8431,17303,441,9,15,3
1,7956,8256,16212,-300,9,15,3
8,10600,10952,21552,-352,9,15,3
4,8122,8023,16145,99,9,15,3
25,2956,3033,5989,-77,9,15,3
6,19984,20973,40957,-989,9,15,3
19,1233,1160,2393,73,9,15,3
9,11740,12163,23903,-423,9,15,3
4,13266,14240,27506,-974,9,15,3
8,31178,30310,61488,868,9,15,3
4,30692,33329,64021,-2637,9,15,3
10,2985,2805,5790,180,9,15,3
14,32171,31587,63758,584,9,15,3
1,58462,67098,125560,-8636,9,15,3
5,4108,4718,8826,-610,9,15,3
19,5015,4996,10011,19,9,15,3
2,38498,36647,75145,1851,9,15,3
8,19356,18673,38029,683,9,15,3
11,40535,41607,82142,-1072,9,15,3
4,4492,4582,9074,-90,9,15,3
1,23889,24822,48711,-933,9,15,3
4,10867,11213,22080,-346,9,15,3
16,3784,3828,7612,-44,9,15,3
18,9831,10036,19867,-205,9,15,3
2,6937,6244,13181,693,9,15,3
4,4212,4217,8429,-5,9,15,3
14,13202,12111,25313,1091,9,15,3
18,12746,10536,23282,2210,9,15,3
4,22848,24540,47388,-1692,9,15,3
19,4545,4101,8646,444,9,15,3
25,355,350,705,5,9,15,3
11,10840,10909,21749,-69,9,15,3
11,4562,4269,8831,293,9,15,3
21,9347,9186,18533,161,9,15,3
2,9796,10047,19843,-251,9,15,3
12,57,49,106,8,9,15,3
14,7874,7535,15409,339,9,15,3
6,11967,11245,23212,722,9,15,3
24,4015,4159,8174,-144,9,15,3
9,7103,7300,14403,-197,9,15,3
4,4994,4228,9222,766,9,15,3
12,16527,17682,34209,-1155,9,15,3
1,18274,14494,32768,3780,9,15,3
4,4915,5478,10393,-563,9,15,3
12,10959,11003,21962,-44,9,15,3
1,3316,3413,6729,-97,9,15,3
1,2486,2461,4947,25,9,15,3
6,6504,6384,12888,120,9,15,3
25,3850,3834,7684,16,9,15,3
11,36525,36861,73386,-336,9,15,3
4,15937,15715,31652,222,9,15,3
25,940,925,1865,15,9,15,3
16,8040,8347,16387,-307,9,15,3
13,7943,7376,15319,567,9,15,3
23,12462,11692,24154,770,9,15,3
25,408,371,779,37,9,15,3
19,4769,4920,9689,-151,9,15,3
23,12548,12059,24607,489,9,15,3
12,8794,8123,16917,671,9,15,3
5,14464,13838,28302,626,9,15,3
19,3329,3028,6357,301,9,15,3
5,4817,5056,9873,-239,9,15,3
13,3250,3066,6316,184,9,15,3
1,25680,25963,51643,-283,9,15,3
2,11759,11666,23425,93,9,15,3
1,14491,14476,28967,15,9,15,3
4,6922,7034,13956,-112,9,15,3
1,46792,48451,95243,-1659,9,15,3
12,2285,1845,4130,440,9,15,3
5,19068,18617,37685,451,9,15,3
11,10295,10187,20482,108,9,15,3
12,19769,20754,40523,-985,9,15,3
1,19149,20764,39913,-1615,9,15,3
10,1287,1137,2424,150,9,15,3
18,6414,6024,12438,390,9,15,3
6,16983,16168,33151,815,9,15,3
10,2803,2944,5747,-141,9,15,3
3,7941,8869,16810,-928,9,15,3
12,4334,3324,7658,1010,9,15,3
5,11063,12717,23780,-1654,9,15,3
17,26990,28035,55025,-1045,9,15,3
14,4503,3514,8017,989,9,15,3
19,1112,1904,3016,-792,9,15,3
16,8478,7159,15637,1319,9,15,3
16,3888,3253,7141,635,9,15,3
19,6015,6428,12443,-413,9,15,3
19,8310,7979,16289,331,9,15,3
13,10682,10382,21064,300,9,15,3
2,12309,11731,24040,578,9,15,3
13,31,16,47,15,9,15,3
1,73535,73506,147041,29,9,15,3
7,14326,17251,31577,-2925,9,15,3
1,16424,16072,32496,352,9,15,3
1,23295,23123,46418,172,9,15,3
2,5481,5331,10812,150,9,15,3
6,9954,9723,19677,231,9,15,3
6,2619,1006,3625,1613,9,15,3
7,18300,17221,35521,1079,9,15,3
4,20368,20253,40621,115,9,15,3
22,5386,5024,10410,362,9,15,3
23,7315,7622,14937,-307,9,15,3
17,12115,12127,24242,-12,9,15,3
21,10630,11058,21688,-428,9,15,3
18,20372,21711,42083,-1339,9,15,3
0,17820,17964,35784,-144,9,15,3
14,12397,11816,24213,581,9,15,3
0,39919,39872,79791,47,9,15,3
4,13341,13375,26716,-34,9,15,3
0,27852,25161,53013,2691,9,15,3
2,10778,12392,23170,-1614,9,15,3
0,25009,25268,50277,-259,9,15,3
9,4557,4700,9257,-143,9,15,3
1,11288,12345,23633,-1057,9,15,3
14,21418,19618,41036,1800,9,15,3
23,10156,10224,20380,-68,9,15,3
18,16154,17778,33932,-1624,9,15,3
6,16414,14893,31307,1521,9,15,3
6,12165,11248,23413,917,9,15,3
14,10446,9688,20134,758,9,15,3
25,6137,5870,12007,267,9,15,3
21,19549,20597,40146,-1048,9,15,3
9,12403,10993,23396,1410,9,15,3
6,11591,11329,22920,262,9,15,3
8,8268,8002,16270,266,9,15,3
5,10761,10760,21521,1,9,15,3
2,6013,5770,11783,243,9,15,3
25,90,84,174,6,9,15,3
12,7446,7420,14866,26,9,15,3
11,919,925,1844,-6,9,15,3
11,1974,1674,3648,300,9,15,3
3,27062,28802,55864,-1740,9,15,3
5,4212,3677,7889,535,9,15,3
15,1886,1713,3599,173,9,15,3
11,8082,7114,15196,968,9,15,3
6,12804,12233,25037,571,9,15,3
4,19267,19670,38937,-403,9,15,3
7,15177,17434,32611,-2257,9,15,3
6,23638,23985,47623,-347,9,15,3
5,4069,4262,8331,-193,9,15,3
4,4286,3915,8201,371,9,15,3
6,22167,24729,46896,-2562,9,15,3
16,7874,7375,15249,499,9,15,3
12,16487,16546,33033,-59,9,15,3
0,20563,20558,41121,5,9,15,3
18,4967,4888,9855,79,9,15,3
15,1893,1835,3728,58,9,15,3
10,3676,3449,7125,227,9,15,3
21,6065,6294,12359,-229,9,15,3
3,20206,22035,42241,-1829,9,15,3
15,2178,1706,3884,472,9,15,3
2,3,0,3,3,9,15,3
3,32569,32995,65564,-426,9,15,3
4,5132,5303,10435,-171,9,15,3
1,11029,11763,22792,-734,9,15,3
13,8814,8367,17181,447,9,15,3
24,1193,962,2155,231,9,15,3
6,10460,9750,20210,710,9,15,3
5,6254,7169,13423,-915,9,15,3
18,14561,13814,28375,747,9,15,3
15,3964,3669,7633,295,9,15,3
13,1690,1234,2924,456,9,15,3
10,5617,5581,11198,36,9,15,3
25,913,989,1902,-76,9,15,3
15,7309,7162,14471,147,9,15,3
17,19737,19327,39064,410,9,15,3
11,14221,13939,28160,282,9,15,3
11,4264,4265,8529,-1,9,15,3
13,6430,5951,12381,479,9,15,3
6,19837,18637,38474,1200,9,15,3
4,6172,5955,12127,217,9,15,3
4,7630,7447,15077,183,9,15,3
4,4674,4579,9253,95,9,15,3
6,26372,28015,54387,-1643,9,15,3
2,2133,2124,4257,9,9,15,3
5,8933,10418,19351,-1485,9,15,3
12,4521,4202,8723,319,9,15,3
21,11484,11515,22999,-31,9,15,3
3,16365,15765,32130,600,9,15,3
9,2885,2606,5491,279,9,15,3
1,15609,17607,33216,-1998,9,15,3
18,16304,17711,34015,-1407,9,15,3
1,32939,35581,68520,-2642,9,15,3
5,13803,13828,27631,-25,9,15,3
4,8919,7913,16832,1006,9,15,3
13,9259,9129,18388,130,9,15,3
3,37579,37526,75105,53,9,15,3
19,4484,4564,9048,-80,9,15,3
16,11061,11553,22614,-492,9,15,3
13,1983,2387,4370,-404,9,15,3
1,60249,65397,125646,-5148,9,15,3
2,19467,18568,38035,899,9,15,3
22,3853,3534,7387,319,9,15,3
4,31058,28823,59881,2235,9,15,3
5,14183,10812,24995,3371,9,15,3
11,9597,9158,18755,439,9,15,3
13,3755,3457,7212,298,9,15,3
23,18496,18927,37423,-431,9,15,3
25,31516,30348,61864,1168,9,15,3
12,14159,13864,28023,295,9,15,3
3,27287,28640,55927,-1353,9,15,3
13,3726,3980,7706,-254,9,15,3
5,8379,7880,16259,499,9,15,3
8,11213,11450,22663,-237,9,15,3
22,4727,4636,9363,91,9,14,2
12,7420,7094,14514,326,9,14,2
7,7873,8750,16623,-877,9,14,2
2,9449,9352,18801,97,9,14,2
11,19626,22803,42429,-3177,9,14,2
6,48156,48554,96710,-398,9,14,2
8,22975,22499,45474,476,9,14,2
22,4546,4524,9070,22,9,14,2
13,6504,6227,12731,277,9,14,2
18,13251,14209,27460,-958,9,14,2
15,1701,1634,3335,67,9,14,2
14,6540,6137,12677,403,9,14,2
15,3246,2757,6003,489,9,14,2
1,84724,81908,166632,2816,9,14,2
18,10573,12360,22933,-1787,9,14,2
6,18513,20694,39207,-2181,9,14,2
4,19552,18767,38319,785,9,14,2
7,11495,11467,22962,28,9,14,2
13,3653,3150,6803,503,9,14,2
1,31779,29075,60854,2704,9,14,2
4,5252,4969,10221,283,9,14,2
15,501,497,998,4,9,14,2
4,7276,7454,14730,-178,9,14,2
14,23065,22454,45519,611,9,14,2
18,4557,4717,9274,-160,9,14,2
8,2993,1978,4971,1015,9,14,2
4,6143,5804,11947,339,9,14,2
4,11429,10785,22214,644,9,14,2
6,13936,14531,28467,-595,9,14,2
1,35829,38311,74140,-2482,9,14,2
16,7160,7156,14316,4,9,14,2
10,8831,8288,17119,543,9,14,2
17,1755,1728,3483,27,9,14,2
2,25345,25815,51160,-470,9,14,2
2,8054,8094,16148,-40,9,14,2
13,1,0,1,1,9,14,2
16,12678,11689,24367,989,9,14,2
4,10547,10528,21075,19,9,14,2
5,10658,10601,21259,57,9,14,2
19,5422,4948,10370,474,9,14,2
2,41922,38717,80639,3205,9,14,2
6,16139,13811,29950,2328,9,14,2
8,13276,16416,29692,-3140,9,14,2
21,10186,9537,19723,649,9,14,2
13,684,750,1434,-66,9,14,2
10,2495,2419,4914,76,9,14,2
16,2592,3400,5992,-808,9,14,2
4,15474,16361,31835,-887,9,14,2
13,3816,3542,7358,274,9,14,2
5,20086,19461,39547,625,9,14,2
6,13301,13320,26621,-19,9,14,2
8,3202,3430,6632,-228,9,14,2
16,2444,2600,5044,-156,9,14,2
17,6856,6605,13461,251,9,14,2
11,8073,7534,15607,539,9,14,2
20,2977,3042,6019,-65,9,14,2
4,14376,13129,27505,1247,9,14,2
11,3770,3095,6865,675,9,14,2
6,22689,22351,45040,338,9,14,2
12,10026,9847,19873,179,9,14,2
4,34099,35794,69893,-1695,9,14,2
5,10055,9724,19779,331,9,14,2
1,36541,41860,78401,-5319,9,14,2
2,16217,10738,26955,5479,9,14,2
11,19675,19705,39380,-30,9,14,2
1,63397,63444,126841,-47,9,14,2
18,2707,2541,5248,166,9,14,2
25,14615,14685,29300,-70,9,14,2
8,1332,1365,2697,-33,9,14,2
5,8463,6342,14805,2121,9,14,2
18,5602,5938,11540,-336,9,14,2
1,25391,24900,50291,491,9,14,2
14,8021,7957,15978,64,9,14,2
2,22700,21867,44567,833,9,14,2
25,826,832,1658,-6,9,14,2
8,18307,18964,37271,-657,9,14,2
6,15983,12927,28910,3056,9,14,2
4,11743,13005,24748,-1262,9,14,2
11,8309,7906,16215,403,9,14,2
15,111,111,222,0,9,14,2
4,10219,9725,19944,494,9,14,2
15,1740,1680,3420,60,9,14,2
13,5459,5337,10796,122,9,14,2
11,29654,30173,59827,-519,9,14,2
11,12736,12642,25378,94,9,14,2
13,7104,6728,13832,376,9,14,2
2,8574,8004,16578,570,9,14,2
18,12266,11711,23977,555,9,14,2
4,8366,8748,17114,-382,9,14,2
3,24008,24564,48572,-556,9,14,2
15,325,300,625,25,9,14,2
16,11617,6294,17911,5323,9,14,2
4,7195,6673,13868,522,9,14,2
8,7024,9622,16646,-2598,9,14,2
4,30700,29123,59823,1577,9,14,2
1,30934,30652,61586,282,9,14,2
6,16705,17574,34279,-869,9,14,2
19,2531,2789,5320,-258,9,14,2
2,30647,30796,61443,-149,9,14,2
6,12616,11620,24236,996,9,14,2
11,10832,11853,22685,-1021,9,14,2
7,6357,6471,12828,-114,9,14,2
15,2459,2496,4955,-37,9,14,2
3,1398,1164,2562,234,9,14,2
7,16533,15171,31704,1362,9,14,2
6,16320,16564,32884,-244,9,14,2
8,5006,4173,9179,833,9,14,2
8,27651,27766,55417,-115,9,14,2
11,8691,8444,17135,247,9,14,2
6,20962,22090,43052,-1128,9,14,2
3,19588,22635,42223,-3047,9,14,2
2,17188,15382,32570,1806,9,14,2
5,5196,5116,10312,80,9,14,2
12,5188,4922,10110,266,9,14,2
12,5248,4299,9547,949,9,14,2
6,20727,21548,42275,-821,9,14,2
13,4317,3830,8147,487,9,14,2
7,12126,11681,23807,445,9,14,2
19,107,88,195,19,9,14,2
4,17386,15648,33034,1738,9,14,2
3,9605,8447,18052,1158,9,14,2
20,3955,3900,7855,55,9,14,2
8,19917,20573,40490,-656,9,14,2
1,19775,23570,43345,-3795,9,14,2
11,7569,7117,14686,452,9,14,2
23,2476,1975,4451,501,9,14,2
17,3192,3345,6537,-153,9,14,2
1,25498,26086,51584,-588,9,14,2
6,8154,8136,16290,18,9,14,2
18,5401,4900,10301,501,9,14,2
11,12464,13396,25860,-932,9,14,2
20,2329,1860,4189,469,9,14,2
15,517,487,1004,30,9,14,2
21,5462,4902,10364,560,9,14,2
2,11347,10476,21823,871,9,14,2
2,11964,12305,24269,-341,9,14,2
23,14476,10980,25456,3496,9,14,2
5,10207,10647,20854,-440,9,14,2
12,4016,3475,7491,541,9,14,2
25,6136,5999,12135,137,9,14,2
12,6836,6519,13355,317,9,14,2
2,5794,5924,11718,-130,9,14,2
18,8117,7734,15851,383,9,14,2
25,12545,11244,23789,1301,9,14,2
1,1450,1507,2957,-57,9,14,2
12,6388,6167,12555,221,9,14,2
6,10479,11810,22289,-1331,9,14,2
12,7774,5086,12860,2688,9,14,2
25,2795,2140,4935,655,9,14,2
14,4977,5000,9977,-23,9,14,2
14,4660,4177,8837,483,9,14,2
2,7720,7877,15597,-157,9,14,2
5,2966,3023,5989,-57,9,14,2
11,20299,20835,41134,-536,9,14,2
5,10376,9596,19972,780,9,14,2
0,11227,10565,21792,662,9,14,2
3,20882,21173,42055,-291,9,14,2
3,15547,13900,29447,1647,9,14,2
1,12490,14177,26667,-1687,9,14,2
4,3213,3815,7028,-602,9,14,2
2,10821,12190,23011,-1369,9,14,2
12,2802,2969,5771,-167,9,14,2
12,3389,3201,6590,188,9,14,2
5,8396,8712,17108,-316,9,14,2
0,8322,8653,16975,-331,9,14,2
14,17163,16991,34154,172,9,14,2
14,14877,14383,29260,494,9,14,2
8,1809,1455,3264,354,9,14,2
3,1505,1682,3187,-177,9,14,2
11,8390,9360,17750,-970,9,14,2
4,8683,8747,17430,-64,9,14,2
9,1207,1153,2360,54,9,14,2
8,12514,12016,24530,498,9,14,2
5,16113,17752,33865,-1639,9,14,2
16,15362,14319,29681,1043,9,14,2
13,2978,2632,5610,346,9,14,2
1,23248,25182,48430,-1934,9,14,2
6,9748,9456,19204,292,9,14,2
4,11554,11745,23299,-191,9,14,2
8,13184,13202,26386,-18,9,14,2
16,10976,10353,21329,623,9,14,2
23,8284,8502,16786,-218,9,14,2
6,14346,13437,27783,909,9,14,2
15,4507,4339,8846,168,9,14,2
4,6220,5810,12030,410,9,14,2
4,7965,7643,15608,322,9,14,2
4,15260,15667,30927,-407,9,14,2
5,15431,13920,29351,1511,9,14,2
25,8271,8057,16328,214,9,14,2
5,14057,14945,29002,-888,9,14,2
12,10453,10513,20966,-60,9,14,2
18,16097,15542,31639,555,9,14,2
18,4448,4430,8878,18,9,14,2
2,13821,13281,27102,540,9,14,2
18,5901,5665,11566,236,9,14,2
6,10828,10674,21502,154,9,14,2
6,17082,16669,33751,413,9,14,2
3,24193,24850,49043,-657,9,14,2
4,9318,9846,19164,-528,9,14,2
11,11453,11374,22827,79,9,14,2
18,25766,26636,52402,-870,9,14,2
7,6198,4879,11077,1319,9,14,2
4,18329,19728,38057,-1399,9,14,2
7,6517,6599,13116,-82,9,14,2
2,4220,4250,8470,-30,9,14,2
1,23515,24123,47638,-608,9,14,2
13,5691,5657,11348,34,9,14,2
7,23471,24709,48180,-1238,9,14,2
18,16871,18188,35059,-1317,9,14,2
4,18001,18198,36199,-197,9,14,2
3,16764,16278,33042,486,9,14,2
3,28358,27794,56152,564,9,14,2
21,4779,4649,9428,130,9,14,2
6,6447,6238,12685,209,9,14,2
4,21904,22980,44884,-1076,9,14,2
1,21307,22318,43625,-1011,9,14,2
4,7688,7859,15547,-171,9,14,2
12,10732,10283,21015,449,9,14,2
4,7206,6854,14060,352,9,14,2
24,1234,1179,2413,55,9,14,2
13,8078,7663,15741,415,9,14,2
23,10311,10300,20611,11,9,14,2
15,79,86,165,-7,9,14,2
14,7870,7699,15569,171,9,14,2
5,2421,2319,4740,102,9,14,2
17,27816,28652,56468,-836,9,14,2
15,3395,3247,6642,148,9,14,2
11,17894,17821,35715,73,9,14,2
20,3154,3033,6187,121,9,14,2
6,8278,8226,16504,52,9,14,2
20,1980,2119,4099,-139,9,14,2
20,6899,7431,14330,-532,9,14,2
22,1707,1701,3408,6,9,14,2
5,8305,7769,16074,536,9,14,2
12,1571,1493,3064,78,9,14,2
18,3025,2549,5574,476,9,14,2
7,10481,8720,19201,1761,9,14,2
24,1628,1566,3194,62,9,14,2
9,17567,18031,35598,-464,9,14,2
1,25488,23672,49160,1816,9,14,2
5,9884,9242,19126,642,9,14,2
14,9639,8857,18496,782,9,14,2
10,2343,2311,4654,32,9,14,2
14,34637,34467,69104,170,9,14,2
14,29527,31752,61279,-2225,9,14,2
22,7020,6594,13614,426,9,14,2
22,2854,2570,5424,284,9,14,2
2,17435,18573,36008,-1138,9,14,2
5,4566,4597,9163,-31,9,14,2
6,17265,17314,34579,-49,9,14,2
3,26887,22880,49767,4007,9,14,2
1,40807,43751,84558,-2944,9,14,2
15,2767,2659,5426,108,9,14,2
19,5662,4852,10514,810,9,14,2
8,4237,4031,8268,206,9,14,2
21,17047,18570,35617,-1523,9,14,2
7,5845,5976,11821,-131,9,14,2
3,5520,6235,11755,-715,9,14,2
5,7843,6767,14610,1076,9,14,2
10,2819,2498,5317,321,9,14,2
1,54858,56050,110908,-1192,9,14,2
9,8148,8542,16690,-394,9,14,2
23,21307,20801,42108,506,9,14,2
22,2182,2294,4476,-112,9,14,2
22,2753,2697,5450,56,9,14,2
9,7440,7176,14616,264,9,14,2
18,6156,5817,11973,339,9,14,2
3,20683,19307,39990,1376,9,14,2
6,13577,13494,27071,83,9,14,2
21,18052,18295,36347,-243,9,14,2
6,17557,16654,34211,903,9,14,2
25,5948,5730,11678,218,9,14,2
5,10110,11925,22035,-1815,9,14,2
1,15700,15094,30794,606,9,14,2
5,7448,7120,14568,328,9,14,2
4,16243,14955,31198,1288,9,14,2
15,288,303,591,-15,9,14,2
5,13912,12960,26872,952,9,14,2
20,2463,3012,5475,-549,9,14,2
8,6806,6832,13638,-26,9,14,2
13,2716,2764,5480,-48,9,14,2
4,22509,22863,45372,-354,9,14,2
11,1563,1349,2912,214,9,14,2
12,2266,2055,4321,211,9,14,2
20,7328,7401,14729,-73,9,14,2
1,51069,50093,101162,976,9,14,2
18,11697,12069,23766,-372,9,14,2
0,49381,46245,95626,3136,9,14,2
16,9251,7587,16838,1664,9,14,2
13,5240,6744,11984,-1504,9,14,2
11,7369,2134,9503,5235,9,14,2
3,12560,17882,30442,-5322,9,14,2
20,2560,2811,5371,-251,9,14,2
20,3017,2689,5706,328,9,14,2
11,8305,7852,16157,453,9,14,2
1,24305,23295,47600,1010,9,14,2
18,26184,26599,52783,-415,9,14,2
12,8970,10031,19001,-1061,9,14,2
5,13645,14313,27958,-668,9,14,2
11,10454,9318,19772,1136,9,14,2
9,9384,8446,17830,938,9,14,2
7,7946,9199,17145,-1253,9,14,2
9,6915,6681,13596,234,9,14,2
18,15213,22953,38166,-7740,9,14,2
1,63493,56507,120000,6986,9,14,2
17,8660,7565,16225,1095,9,14,2
8,9681,9338,19019,343,9,14,2
18,8664,9237,17901,-573,9,14,2
9,11414,12327,23741,-913,9,14,2
11,17095,17081,34176,14,9,14,2
1,39508,43244,82752,-3736,9,14,2
3,23261,22389,45650,872,9,14,2
22,3854,4336,8190,-482,9,14,2
11,7095,6818,13913,277,9,14,2
11,3367,3034,6401,333,9,14,2
11,3304,3154,6458,150,9,14,2
10,373,360,733,13,9,14,2
19,6180,5776,11956,404,9,14,2
14,9740,9710,19450,30,9,14,2
12,2600,2158,4758,442,9,14,2
22,2764,2680,5444,84,9,14,2
22,6589,6132,12721,457,9,14,2
14,30034,29969,60003,65,9,14,2
19,2685,2450,5135,235,9,14,2
4,6791,6282,13073,509,9,14,2
11,4576,4600,9176,-24,9,14,2
7,9432,9210,18642,222,9,14,2
9,5377,5645,11022,-268,9,14,2
18,15356,15095,30451,261,9,14,2
6,13453,13289,26742,164,9,14,2
21,4600,3777,8377,823,9,14,2
13,3159,3220,6379,-61,9,14,2
2,18266,18184,36450,82,9,14,2
18,15146,15328,30474,-182,9,14,2
18,8538,7209,15747,1329,9,14,2
11,37240,39789,77029,-2549,9,14,2
18,13474,14655,28129,-1181,9,14,2
3,36130,36361,72491,-231,9,14,2
7,5831,5417,11248,414,9,14,2
3,16534,15619,32153,915,9,14,2
6,17177,17542,34719,-365,9,14,2
19,4434,4231,8665,203,9,14,2
1,25938,25277,51215,661,9,14,2
0,26381,26231,52612,150,9,14,2
18,5125,5189,10314,-64,9,14,2
4,7023,7291,14314,-268,9,14,2
11,9798,8383,18181,1415,9,14,2
4,4372,4727,9099,-355,9,14,2
21,2113,1889,4002,224,9,14,2
15,2489,2361,4850,128,9,14,2
8,31374,30752,62126,622,9,14,2
1,1863,2075,3938,-212,9,14,2
1,14749,15428,30177,-679,9,14,2
5,9391,9941,19332,-550,9,14,2
1,26863,26174,53037,689,9,14,2
6,16419,15551,31970,868,9,14,2
1,50190,49835,100025,355,9,14,2
11,4345,4502,8847,-157,9,14,2
10,1826,1685,3511,141,9,14,2
1,60563,58467,119030,2096,9,14,2
20,1678,2233,3911,-555,9,14,2
8,4747,4093,8840,654,9,14,2
8,4184,4047,8231,137,9,14,2
8,7493,7267,14760,226,9,14,2
2,29638,31354,60992,-1716,9,14,2
22,2458,2368,4826,90,9,14,2
1,3639,3609,7248,30,9,14,2
0,14483,14116,28599,367,9,14,2
3,18039,18680,36719,-641,9,14,2
25,269,245,514,24,9,14,2
12,9032,8295,17327,737,9,14,2
4,15161,12134,27295,3027,9,14,2
1,11248,11362,22610,-114,9,14,2
24,3089,3072,6161,17,9,14,2
1,40192,40187,80379,5,9,14,2
13,1177,1560,2737,-383,9,14,2
19,1926,1994,3920,-68,9,14,2
6,12520,12035,24555,485,9,14,2
7,4549,4940,9489,-391,9,14,2
3,30872,29158,60030,1714,9,14,2
24,3307,3083,6390,224,9,14,2
24,4097,3519,7616,578,9,14,2
25,656,664,1320,-8,9,14,2
4,15307,14903,30210,404,9,14,2
1,11620,11041,22661,579,9,14,2
2,24317,25276,49593,-959,9,14,2
21,12279,11307,23586,972,9,14,2
5,16217,16637,32854,-420,9,14,2
11,28939,28530,57469,409,9,14,2
7,20650,18164,38814,2486,9,14,2
2,33962,36700,70662,-2738,9,14,2
18,19429,21756,41185,-2327,9,14,2
4,7383,7296,14679,87,9,14,2
13,8474,8493,16967,-19,9,14,2
19,448,340,788,108,9,14,2
18,28410,29865,58275,-1455,9,14,2
5,3784,3678,7462,106,9,14,2
2,14017,13545,27562,472,9,14,2
25,2013,2025,4038,-12,9,14,2
25,3459,3368,6827,91,9,14,2
2,40659,44332,84991,-3673,9,14,2
25,730,643,1373,87,9,14,2
12,8719,8177,16896,542,9,14,2
1,7631,7837,15468,-206,9,14,2
8,10603,10952,21555,-349,9,14,2
4,8116,7981,16097,135,9,14,2
25,3056,3058,6114,-2,9,14,2
6,19324,20185,39509,-861,9,14,2
19,1146,1074,2220,72,9,14,2
9,11761,12146,23907,-385,9,14,2
4,12307,13277,25584,-970,9,14,2
8,30506,29806,60312,700,9,14,2
4,30392,32989,63381,-2597,9,14,2
10,2786,2655,5441,131,9,14,2
14,31652,31139,62791,513,9,14,2
1,58016,66234,124250,-8218,9,14,2
5,4007,4658,8665,-651,9,14,2
19,4987,4948,9935,39,9,14,2
2,38302,36386,74688,1916,9,14,2
8,19115,18535,37650,580,9,14,2
11,38960,40170,79130,-1210,9,14,2
1,23789,24622,48411,-833,9,14,2
4,4370,4513,8883,-143,9,14,2
4,10738,11050,21788,-312,9,14,2
16,3625,3669,7294,-44,9,14,2
18,9571,9644,19215,-73,9,14,2
2,6780,6208,12988,572,9,14,2
4,4084,4091,8175,-7,9,14,2
14,12854,11964,24818,890,9,14,2
18,12923,10423,23346,2500,9,14,2
4,23166,24882,48048,-1716,9,14,2
19,4466,4014,8480,452,9,14,2
25,374,361,735,13,9,14,2
11,10671,10833,21504,-162,9,14,2
11,4352,4218,8570,134,9,14,2
21,9131,8803,17934,328,9,14,2
12,86,44,130,42,9,14,2
2,9612,9891,19503,-279,9,14,2
14,8022,7664,15686,358,9,14,2
6,12041,11222,23263,819,9,14,2
24,5136,5339,10475,-203,9,14,2
9,7033,7154,14187,-121,9,14,2
4,5006,4330,9336,676,9,14,2
1,17855,14277,32132,3578,9,14,2
12,16170,17461,33631,-1291,9,14,2
4,4762,5432,10194,-670,9,14,2
12,10804,10894,21698,-90,9,14,2
1,3291,3491,6782,-200,9,14,2
1,2430,2490,4920,-60,9,14,2
6,6448,6341,12789,107,9,14,2
25,1816,1787,3603,29,9,14,2
11,35185,34848,70033,337,9,14,2
4,16000,15701,31701,299,9,14,2
25,768,777,1545,-9,9,14,2
16,8053,8157,16210,-104,9,14,2
13,7858,7186,15044,672,9,14,2
23,12307,11585,23892,722,9,14,2
25,383,361,744,22,9,14,2
19,4742,4821,9563,-79,9,14,2
23,12584,12004,24588,580,9,14,2
12,8651,8158,16809,493,9,14,2
5,14614,13955,28569,659,9,14,2
19,3335,3127,6462,208,9,14,2
5,4747,5098,9845,-351,9,14,2
13,3227,3087,6314,140,9,14,2
1,25240,25475,50715,-235,9,14,2
2,11543,11767,23310,-224,9,14,2
1,14279,14192,28471,87,9,14,2
4,6669,6829,13498,-160,9,14,2
1,45172,47460,92632,-2288,9,14,2
12,2179,1815,3994,364,9,14,2
5,18826,18584,37410,242,9,14,2
11,9766,9795,19561,-29,9,14,2
12,19463,20176,39639,-713,9,14,2
1,18557,20534,39091,-1977,9,14,2
18,6493,6051,12544,442,9,14,2
10,1250,1060,2310,190,9,14,2
6,16956,15948,32904,1008,9,14,2
10,2757,2854,5611,-97,9,14,2
12,4126,3302,7428,824,9,14,2
3,7890,8848,16738,-958,9,14,2
5,10424,11447,21871,-1023,9,14,2
17,26413,27642,54055,-1229,9,14,2
14,3899,3028,6927,871,9,14,2
19,1054,1730,2784,-676,9,14,2
16,7722,7304,15026,418,9,14,2
16,3663,3244,6907,419,9,14,2
19,6012,6521,12533,-509,9,14,2
19,8289,7958,16247,331,9,14,2
13,10547,10153,20700,394,9,14,2
2,12027,11433,23460,594,9,14,2
13,17,8,25,9,9,14,2
1,71506,71859,143365,-353,9,14,2
7,14275,17081,31356,-2806,9,14,2
1,16312,15897,32209,415,9,14,2
1,22826,23000,45826,-174,9,14,2
2,5402,5161,10563,241,9,14,2
6,10003,9782,19785,221,9,14,2
6,2584,939,3523,1645,9,14,2
7,18173,17302,35475,871,9,14,2
4,20315,20049,40364,266,9,14,2
22,5381,4834,10215,547,9,14,2
23,7518,7632,15150,-114,9,14,2
17,11744,11856,23600,-112,9,14,2
21,10848,11170,22018,-322,9,14,2
18,20106,21500,41606,-1394,9,14,2
0,16887,16896,33783,-9,9,14,2
14,12440,11950,24390,490,9,14,2
0,39448,39168,78616,280,9,14,2
0,26488,24161,50649,2327,9,14,2
4,12712,12835,25547,-123,9,14,2
2,10467,11913,22380,-1446,9,14,2
0,24129,24349,48478,-220,9,14,2
9,5576,5695,11271,-119,9,14,2
1,13936,15884,29820,-1948,9,14,2
14,21327,19429,40756,1898,9,14,2
23,9909,10084,19993,-175,9,14,2
18,16171,17619,33790,-1448,9,14,2
6,16050,14594,30644,1456,9,14,2
6,12078,11206,23284,872,9,14,2
14,10234,9557,19791,677,9,14,2
25,6007,5644,11651,363,9,14,2
21,19599,20479,40078,-880,9,14,2
9,12222,10789,23011,1433,9,14,2
6,11632,11460,23092,172,9,14,2
8,8199,7883,16082,316,9,14,2
5,10944,10927,21871,17,9,14,2
2,5891,5778,11669,113,9,14,2
25,62,72,134,-10,9,14,2
12,7305,7231,14536,74,9,14,2
11,989,997,1986,-8,9,14,2
11,2079,1820,3899,259,9,14,2
3,26656,28263,54919,-1607,9,14,2
5,4092,3695,7787,397,9,14,2
15,1815,1639,3454,176,9,14,2
11,7647,6940,14587,707,9,14,2
6,12631,12161,24792,470,9,14,2
4,19009,19174,38183,-165,9,14,2
7,15255,17343,32598,-2088,9,14,2
6,23486,23854,47340,-368,9,14,2
4,4290,3891,8181,399,9,14,2
5,3997,4166,8163,-169,9,14,2
6,21844,24300,46144,-2456,9,14,2
16,7536,7224,14760,312,9,14,2
12,15333,15903,31236,-570,9,14,2
0,19896,20032,39928,-136,9,14,2
18,4898,4803,9701,95,9,14,2
15,1701,1646,3347,55,9,14,2
10,3666,3414,7080,252,9,14,2
21,6010,6401,12411,-391,9,14,2
3,20085,21851,41936,-1766,9,14,2
15,1786,1611,3397,175,9,14,2
3,31148,31771,62919,-623,9,14,2
1,10948,11530,22478,-582,9,14,2
4,5278,5411,10689,-133,9,14,2
13,8826,8285,17111,541,9,14,2
24,1129,985,2114,144,9,14,2
6,10235,9559,19794,676,9,14,2
5,6078,7158,13236,-1080,9,14,2
18,14529,14070,28599,459,9,14,2
15,3878,3463,7341,415,9,14,2
13,1731,1250,2981,481,9,14,2
10,5548,5495,11043,53,9,14,2
25,899,957,1856,-58,9,14,2
15,7132,7036,14168,96,9,14,2
17,19455,18986,38441,469,9,14,2
11,13522,13592,27114,-70,9,14,2
11,4288,4181,8469,107,9,14,2
13,6171,5650,11821,521,9,14,2
6,19817,18705,38522,1112,9,14,2
4,6234,6016,12250,218,9,14,2
4,7884,7643,15527,241,9,14,2
4,4584,4443,9027,141,9,14,2
6,26424,27819,54243,-1395,9,14,2
2,2009,2081,4090,-72,9,14,2
5,8798,10168,18966,-1370,9,14,2
12,4391,4161,8552,230,9,14,2
21,11163,11181,22344,-18,9,14,2
3,16413,15712,32125,701,9,14,2
9,2822,2515,5337,307,9,14,2
1,15715,17610,33325,-1895,9,14,2
18,15802,17214,33016,-1412,9,14,2
5,13175,13282,26457,-107,9,14,2
1,31433,33728,65161,-2295,9,14,2
4,8843,7847,16690,996,9,14,2
13,9199,9139,18338,60,9,14,2
3,36638,36463,73101,175,9,14,2
19,4429,4520,8949,-91,9,14,2
1,58206,61470,119676,-3264,9,14,2
16,10660,11028,21688,-368,9,14,2
13,1963,2312,4275,-349,9,14,2
2,19294,18484,37778,810,9,14,2
22,3732,3490,7222,242,9,14,2
4,30831,28824,59655,2007,9,14,2
5,14173,10920,25093,3253,9,14,2
11,9290,8782,18072,508,9,14,2
13,3927,3670,7597,257,9,14,2
23,18126,18428,36554,-302,9,14,2
25,30567,29813,60380,754,9,14,2
12,13827,13803,27630,24,9,14,2
3,27191,28343,55534,-1152,9,14,2
5,8102,7899,16001,203,9,14,2
13,3645,3889,7534,-244,9,14,2
8,11054,11297,22351,-243,9,14,2
22,4623,4670,9293,-47,9,13,1
12,7349,7085,14434,264,9,13,1
2,8804,8628,17432,176,9,13,1
7,7269,8031,15300,-762,9,13,1
6,45212,45097,90309,115,9,13,1
11,18075,21518,39593,-3443,9,13,1
8,21614,21120,42734,494,9,13,1
22,4446,4364,8810,82,9,13,1
13,6253,6064,12317,189,9,13,1
18,13452,14750,28202,-1298,9,13,1
15,1888,1741,3629,147,9,13,1
14,6167,5876,12043,291,9,13,1
15,3084,2747,5831,337,9,13,1
1,78992,74391,153383,4601,9,13,1
6,17161,18876,36037,-1715,9,13,1
18,9738,11196,20934,-1458,9,13,1
4,18580,17812,36392,768,9,13,1
7,10558,10843,21401,-285,9,13,1
13,3510,3015,6525,495,9,13,1
1,34030,29783,63813,4247,9,13,1
4,4926,4774,9700,152,9,13,1
15,562,530,1092,32,9,13,1
4,6613,6972,13585,-359,9,13,1
14,22249,21621,43870,628,9,13,1
18,4188,4376,8564,-188,9,13,1
8,2794,1874,4668,920,9,13,1
4,5913,5670,11583,243,9,13,1
4,10644,10349,20993,295,9,13,1
6,13712,14414,28126,-702,9,13,1
1,34145,37151,71296,-3006,9,13,1
16,6881,6789,13670,92,9,13,1
10,8676,8046,16722,630,9,13,1
17,1323,1453,2776,-130,9,13,1
2,21347,21184,42531,163,9,13,1
2,7366,7441,14807,-75,9,13,1
16,12244,11328,23572,916,9,13,1
4,9863,10114,19977,-251,9,13,1
5,10049,10028,20077,21,9,13,1
19,4824,4556,9380,268,9,13,1
6,19084,13413,32497,5671,9,13,1
8,13804,15965,29769,-2161,9,13,1
2,45255,37978,83233,7277,9,13,1
21,9754,9105,18859,649,9,13,1
13,677,711,1388,-34,9,13,1
10,2474,2413,4887,61,9,13,1
16,2461,3163,5624,-702,9,13,1
4,13668,14474,28142,-806,9,13,1
13,3757,3510,7267,247,9,13,1
5,18524,18086,36610,438,9,13,1
6,13023,13135,26158,-112,9,13,1
8,2997,3305,6302,-308,9,13,1
16,2292,2476,4768,-184,9,13,1
17,6218,6772,12990,-554,9,13,1
11,7732,7303,15035,429,9,13,1
20,3052,3182,6234,-130,9,13,1
4,13603,12687,26290,916,9,13,1
11,4288,2930,7218,1358,9,13,1
6,21469,21077,42546,392,9,13,1
12,9408,9457,18865,-49,9,13,1
4,30155,31336,61491,-1181,9,13,1
5,9426,9185,18611,241,9,13,1
2,14760,10318,25078,4442,9,13,1
1,34606,39267,73873,-4661,9,13,1
11,18841,18614,37455,227,9,13,1
1,59304,59587,118891,-283,9,13,1
18,2524,2445,4969,79,9,13,1
25,14339,14424,28763,-85,9,13,1
8,1185,1176,2361,9,9,13,1
5,8300,6311,14611,1989,9,13,1
18,5229,5640,10869,-411,9,13,1
1,23762,23793,47555,-31,9,13,1
14,7574,7565,15139,9,9,13,1
2,21341,20898,42239,443,9,13,1
25,857,778,1635,79,9,13,1
8,16175,16743,32918,-568,9,13,1
6,15054,12352,27406,2702,9,13,1
4,11029,12374,23403,-1345,9,13,1
11,7849,7650,15499,199,9,13,1
15,134,129,263,5,9,13,1
4,9716,9039,18755,677,9,13,1
15,1707,1646,3353,61,9,13,1
13,5507,5360,10867,147,9,13,1
11,28230,29034,57264,-804,9,13,1
11,12182,12032,24214,150,9,13,1
13,7045,6900,13945,145,9,13,1
2,8060,7506,15566,554,9,13,1
18,11640,11242,22882,398,9,13,1
4,7915,8230,16145,-315,9,13,1
3,22654,23839,46493,-1185,9,13,1
15,322,282,604,40,9,13,1
4,7716,6732,14448,984,9,13,1
8,7432,9556,16988,-2124,9,13,1
16,12273,6303,18576,5970,9,13,1
4,29298,28201,57499,1097,9,13,1
1,27507,28558,56065,-1051,9,13,1
6,16605,17174,33779,-569,9,13,1
19,2274,2516,4790,-242,9,13,1
2,30857,29971,60828,886,9,13,1
6,11827,11474,23301,353,9,13,1
11,10044,11264,21308,-1220,9,13,1
7,5778,6030,11808,-252,9,13,1
15,2524,2942,5466,-418,9,13,1
3,1282,1428,2710,-146,9,13,1
7,14876,13479,28355,1397,9,13,1
6,15292,15476,30768,-184,9,13,1
8,4654,4021,8675,633,9,13,1
8,26177,26579,52756,-402,9,13,1
11,8192,8274,16466,-82,9,13,1
3,18931,21615,40546,-2684,9,13,1
6,20790,21698,42488,-908,9,13,1
2,16080,14640,30720,1440,9,13,1
5,4743,4789,9532,-46,9,13,1
12,5000,4653,9653,347,9,13,1
12,4961,4155,9116,806,9,13,1
6,19219,20204,39423,-985,9,13,1
13,4112,3717,7829,395,9,13,1
7,10468,10491,20959,-23,9,13,1
19,109,66,175,43,9,13,1
4,16242,14997,31239,1245,9,13,1
3,9115,8215,17330,900,9,13,1
20,3884,3894,7778,-10,9,13,1
8,18371,19267,37638,-896,9,13,1
1,18363,22327,40690,-3964,9,13,1
11,7610,7224,14834,386,9,13,1
23,2370,1845,4215,525,9,13,1
17,3289,3626,6915,-337,9,13,1
6,8241,8153,16394,88,9,13,1
1,24695,25265,49960,-570,9,13,1
18,4912,4564,9476,348,9,13,1
11,11544,12765,24309,-1221,9,13,1
20,2198,1740,3938,458,9,13,1
15,641,487,1128,154,9,13,1
21,5055,4707,9762,348,9,13,1
2,10657,10001,20658,656,9,13,1
2,11570,11811,23381,-241,9,13,1
23,14069,10791,24860,3278,9,13,1
5,9933,10413,20346,-480,9,13,1
12,3827,3434,7261,393,9,13,1
25,6207,5915,12122,292,9,13,1
12,7123,6950,14073,173,9,13,1
2,4947,5140,10087,-193,9,13,1
18,7666,7198,14864,468,9,13,1
25,12173,10793,22966,1380,9,13,1
1,1389,1465,2854,-76,9,13,1
12,6176,5856,12032,320,9,13,1
6,10343,11492,21835,-1149,9,13,1
12,7726,5062,12788,2664,9,13,1
25,2702,2106,4808,596,9,13,1
14,3640,3572,7212,68,9,13,1
14,4435,4068,8503,367,9,13,1
2,7201,7458,14659,-257,9,13,1
5,2844,2948,5792,-104,9,13,1
11,19081,20032,39113,-951,9,13,1
5,9787,9177,18964,610,9,13,1
3,19797,20280,40077,-483,9,13,1
0,10586,9963,20549,623,9,13,1
3,14768,13385,28153,1383,9,13,1
4,3130,3555,6685,-425,9,13,1
1,11069,13339,24408,-2270,9,13,1
2,10271,11535,21806,-1264,9,13,1
12,2742,3016,5758,-274,9,13,1
12,3419,3151,6570,268,9,13,1
0,7857,8331,16188,-474,9,13,1
5,7734,8506,16240,-772,9,13,1
14,16670,16409,33079,261,9,13,1
14,13787,13089,26876,698,9,13,1
8,1883,1419,3302,464,9,13,1
3,1399,1607,3006,-208,9,13,1
11,8308,9961,18269,-1653,9,13,1
4,8377,8426,16803,-49,9,13,1
9,1183,1110,2293,73,9,13,1
8,11704,11557,23261,147,9,13,1
16,14599,13832,28431,767,9,13,1
5,15302,16662,31964,-1360,9,13,1
13,2877,2568,5445,309,9,13,1
1,21676,23434,45110,-1758,9,13,1
6,9438,9028,18466,410,9,13,1
4,10935,11163,22098,-228,9,13,1
16,9369,9022,18391,347,9,13,1
8,12023,12229,24252,-206,9,13,1
23,8069,8278,16347,-209,9,13,1
6,13605,12755,26360,850,9,13,1
15,4674,4504,9178,170,9,13,1
4,5792,5463,11255,329,9,13,1
4,7515,7210,14725,305,9,13,1
4,14102,14516,28618,-414,9,13,1
5,14862,13470,28332,1392,9,13,1
25,7965,7807,15772,158,9,13,1
5,13346,14368,27714,-1022,9,13,1
12,10406,10481,20887,-75,9,13,1
18,14951,14547,29498,404,9,13,1
18,3707,3859,7566,-152,9,13,1
2,12889,12278,25167,611,9,13,1
18,5617,5378,10995,239,9,13,1
6,10478,10398,20876,80,9,13,1
6,16682,16309,32991,373,9,13,1
3,22608,22007,44615,601,9,13,1
4,8754,9152,17906,-398,9,13,1
11,10979,10676,21655,303,9,13,1
18,19816,20254,40070,-438,9,13,1
7,4446,3672,8118,774,9,13,1
4,17283,18510,35793,-1227,9,13,1
7,5852,6186,12038,-334,9,13,1
2,4073,4138,8211,-65,9,13,1
1,22325,22680,45005,-355,9,13,1
13,5811,5744,11555,67,9,13,1
7,21420,22617,44037,-1197,9,13,1
18,15674,16976,32650,-1302,9,13,1
4,16443,17022,33465,-579,9,13,1
3,15697,15880,31577,-183,9,13,1
3,26654,26911,53565,-257,9,13,1
21,4449,4357,8806,92,9,13,1
6,6250,6023,12273,227,9,13,1
4,20538,21212,41750,-674,9,13,1
1,20755,21450,42205,-695,9,13,1
4,7224,7446,14670,-222,9,13,1
12,10252,9915,20167,337,9,13,1
4,6843,6605,13448,238,9,13,1
24,1232,1261,2493,-29,9,13,1
13,7845,7473,15318,372,9,13,1
23,10295,10286,20581,9,9,13,1
15,87,78,165,9,9,13,1
14,7478,7226,14704,252,9,13,1
5,2341,2314,4655,27,9,13,1
17,26082,27751,53833,-1669,9,13,1
15,3449,3261,6710,188,9,13,1
11,17768,17936,35704,-168,9,13,1
20,2823,2678,5501,145,9,13,1
6,7648,7872,15520,-224,9,13,1
20,1852,2043,3895,-191,9,13,1
20,6511,6812,13323,-301,9,13,1
22,1553,1524,3077,29,9,13,1
5,7985,7353,15338,632,9,13,1
12,1641,1434,3075,207,9,13,1
18,2838,2532,5370,306,9,13,1
18,1,0,1,1,9,13,1
7,9838,8301,18139,1537,9,13,1
24,1506,1453,2959,53,9,13,1
9,16435,16831,33266,-396,9,13,1
1,24306,23614,47920,692,9,13,1
5,9252,8713,17965,539,9,13,1
14,9202,8440,17642,762,9,13,1
10,2436,2500,4936,-64,9,13,1
14,33666,33296,66962,370,9,13,1
14,29094,30899,59993,-1805,9,13,1
22,6534,6274,12808,260,9,13,1
22,2965,2688,5653,277,9,13,1
5,4461,4463,8924,-2,9,13,1
2,16757,17946,34703,-1189,9,13,1
6,16439,16791,33230,-352,9,13,1
3,26149,21846,47995,4303,9,13,1
1,37911,41523,79434,-3612,9,13,1
15,2723,2659,5382,64,9,13,1
19,5383,4613,9996,770,9,13,1
8,3832,3814,7646,18,9,13,1
21,16134,17856,33990,-1722,9,13,1
7,5453,5581,11034,-128,9,13,1
5,7027,5927,12954,1100,9,13,1
3,5110,5997,11107,-887,9,13,1
10,2702,2469,5171,233,9,13,1
1,48782,49627,98409,-845,9,13,1
9,7703,7984,15687,-281,9,13,1
23,20462,20016,40478,446,9,13,1
22,2110,2242,4352,-132,9,13,1
22,2717,2772,5489,-55,9,13,1
9,7084,6854,13938,230,9,13,1
18,5773,5506,11279,267,9,13,1
3,19089,17834,36923,1255,9,13,1
6,12916,12976,25892,-60,9,13,1
21,17250,17496,34746,-246,9,13,1
6,16640,16092,32732,548,9,13,1
25,5855,5691,11546,164,9,13,1
5,10038,11663,21701,-1625,9,13,1
1,14454,14181,28635,273,9,13,1
5,6898,6757,13655,141,9,13,1
4,15107,14167,29274,940,9,13,1
15,348,310,658,38,9,13,1
5,13362,12536,25898,826,9,13,1
20,2309,2827,5136,-518,9,13,1
8,6120,6235,12355,-115,9,13,1
13,2693,2681,5374,12,9,13,1
4,19985,19996,39981,-11,9,13,1
11,1537,1274,2811,263,9,13,1
12,2180,1905,4085,275,9,13,1
20,7089,7286,14375,-197,9,13,1
1,48166,48014,96180,152,9,13,1
18,10362,10611,20973,-249,9,13,1
16,10409,7741,18150,2668,9,13,1
13,5238,6464,11702,-1226,9,13,1
3,11319,15326,26645,-4007,9,13,1
0,50597,43054,93651,7543,9,13,1
11,10560,2168,12728,8392,9,13,1
20,2367,2594,4961,-227,9,13,1
20,2931,2584,5515,347,9,13,1
11,8217,8504,16721,-287,9,13,1
1,21935,20609,42544,1326,9,13,1
18,24590,25246,49836,-656,9,13,1
5,13070,14030,27100,-960,9,13,1
12,8711,9592,18303,-881,9,13,1
11,9851,9023,18874,828,9,13,1
7,7545,8702,16247,-1157,9,13,1
9,8761,8077,16838,684,9,13,1
9,6256,6275,12531,-19,9,13,1
1,58023,51959,109982,6064,9,13,1
18,13855,21256,35111,-7401,9,13,1
17,8138,7907,16045,231,9,13,1
8,8646,8118,16764,528,9,13,1
18,8216,8684,16900,-468,9,13,1
9,10346,11386,21732,-1040,9,13,1
11,16114,16795,32909,-681,9,13,1
1,37150,40070,77220,-2920,9,13,1
22,3772,4247,8019,-475,9,13,1
3,22066,21594,43660,472,9,13,1
11,6960,7130,14090,-170,9,13,1
11,3428,2936,6364,492,9,13,1
11,3134,2949,6083,185,9,13,1
10,380,359,739,21,9,13,1
19,5958,5528,11486,430,9,13,1
14,9596,9679,19275,-83,9,13,1
12,2978,2367,5345,611,9,13,1
22,2722,2556,5278,166,9,13,1
22,6035,5747,11782,288,9,13,1
14,29130,28943,58073,187,9,13,1
19,2612,2307,4919,305,9,13,1
4,6590,6207,12797,383,9,13,1
11,4648,4730,9378,-82,9,13,1
7,8692,8554,17246,138,9,13,1
9,4882,5343,10225,-461,9,13,1
18,14059,14040,28099,19,9,13,1
6,13017,12883,25900,134,9,13,1
21,4224,3580,7804,644,9,13,1
13,3027,3229,6256,-202,9,13,1
18,14812,13902,28714,910,9,13,1
2,17492,17392,34884,100,9,13,1
18,8588,7233,15821,1355,9,13,1
11,39690,40203,79893,-513,9,13,1
18,13016,13970,26986,-954,9,13,1
3,34277,35220,69497,-943,9,13,1
7,5460,5097,10557,363,9,13,1
3,15373,14529,29902,844,9,13,1
6,16999,17667,34666,-668,9,13,1
19,4234,3912,8146,322,9,13,1
0,23986,24697,48683,-711,9,13,1
1,23092,22165,45257,927,9,13,1
18,4987,4857,9844,130,9,13,1
4,6691,7017,13708,-326,9,13,1
11,9368,8057,17425,1311,9,13,1
4,4091,4463,8554,-372,9,13,1
21,1974,1716,3690,258,9,13,1
15,2452,2312,4764,140,9,13,1
5,2,0,2,2,9,13,1
8,29328,29073,58401,255,9,13,1
1,1685,1929,3614,-244,9,13,1
5,7731,8675,16406,-944,9,13,1
1,13792,14181,27973,-389,9,13,1
1,25571,25663,51234,-92,9,13,1
6,15513,15123,30636,390,9,13,1
1,47804,48699,96503,-895,9,13,1
11,4179,4259,8438,-80,9,13,1
10,1741,1580,3321,161,9,13,1
20,1698,2310,4008,-612,9,13,1
1,56779,56077,112856,702,9,13,1
8,4439,3936,8375,503,9,13,1
8,3746,3790,7536,-44,9,13,1
8,7141,6984,14125,157,9,13,1
2,27729,28868,56597,-1139,9,13,1
22,2457,2200,4657,257,9,13,1
0,13603,13571,27174,32,9,13,1
1,3309,3293,6602,16,9,13,1
3,17033,16638,33671,395,9,13,1
25,239,197,436,42,9,13,1
12,8627,8003,16630,624,9,13,1
4,14167,11705,25872,2462,9,13,1
1,10723,10981,21704,-258,9,13,1
24,3199,3730,6929,-531,9,13,1
1,39031,39134,78165,-103,9,13,1
13,1132,1638,2770,-506,9,13,1
19,1931,1883,3814,48,9,13,1
6,12002,11324,23326,678,9,13,1
7,4216,4495,8711,-279,9,13,1
3,29306,28793,58099,513,9,13,1
24,3220,3190,6410,30,9,13,1
24,5190,3655,8845,1535,9,13,1
25,682,659,1341,23,9,13,1
4,14986,14494,29480,492,9,13,1
1,10471,10664,21135,-193,9,13,1
2,19367,20524,39891,-1157,9,13,1
21,12176,10928,23104,1248,9,13,1
5,16042,17013,33055,-971,9,13,1
11,28066,27462,55528,604,9,13,1
7,19169,16764,35933,2405,9,13,1
2,32314,34406,66720,-2092,9,13,1
18,18301,20265,38566,-1964,9,13,1
4,6793,6651,13444,142,9,13,1
13,8352,8197,16549,155,9,13,1
19,393,308,701,85,9,13,1
18,26531,27480,54011,-949,9,13,1
5,3613,3591,7204,22,9,13,1
2,13020,12654,25674,366,9,13,1
25,2095,2071,4166,24,9,13,1
25,3290,3217,6507,73,9,13,1
2,37080,40392,77472,-3312,9,13,1
25,767,653,1420,114,9,13,1
12,8623,7983,16606,640,9,13,1
1,7181,7397,14578,-216,9,13,1
8,9790,10309,20099,-519,9,13,1
25,3980,3788,7768,192,9,13,1
4,7274,7481,14755,-207,9,13,1
6,18852,20303,39155,-1451,9,13,1
19,1013,1083,2096,-70,9,13,1
9,10851,11389,22240,-538,9,13,1
4,11412,12117,23529,-705,9,13,1
4,28345,30051,58396,-1706,9,13,1
8,28136,27175,55311,961,9,13,1
10,2863,2816,5679,47,9,13,1
14,30805,30521,61326,284,9,13,1
1,51878,57900,109778,-6022,9,13,1
5,4012,4644,8656,-632,9,13,1
19,4810,4672,9482,138,9,13,1
2,36243,34525,70768,1718,9,13,1
8,17867,17493,35360,374,9,13,1
11,38900,39989,78889,-1089,9,13,1
1,22543,23987,46530,-1444,9,13,1
4,4246,4364,8610,-118,9,13,1
4,9984,10419,20403,-435,9,13,1
16,3587,3687,7274,-100,9,13,1
18,8932,9497,18429,-565,9,13,1
2,6389,5818,12207,571,9,13,1
4,3805,3806,7611,-1,9,13,1
14,12144,11515,23659,629,9,13,1
18,11790,9725,21515,2065,9,13,1
4,22316,23720,46036,-1404,9,13,1
19,4406,4180,8586,226,9,13,1
25,336,322,658,14,9,13,1
11,11261,11316,22577,-55,9,13,1
11,4384,4067,8451,317,9,13,1
21,8909,8533,17442,376,9,13,1
12,69,53,122,16,9,13,1
2,8905,9355,18260,-450,9,13,1
14,7670,7168,14838,502,9,13,1
6,11576,10811,22387,765,9,13,1
24,4238,4334,8572,-96,9,13,1
4,4801,4219,9020,582,9,13,1
9,6619,6970,13589,-351,9,13,1
4,4336,5107,9443,-771,9,13,1
12,15486,17020,32506,-1534,9,13,1
1,16871,14223,31094,2648,9,13,1
12,10568,10987,21555,-419,9,13,1
1,3217,3445,6662,-228,9,13,1
1,2362,2414,4776,-52,9,13,1
6,6110,5899,12009,211,9,13,1
25,2019,1973,3992,46,9,13,1
11,39622,35436,75058,4186,9,13,1
4,15361,15101,30462,260,9,13,1
25,772,796,1568,-24,9,13,1
16,7666,8298,15964,-632,9,13,1
13,7777,7091,14868,686,9,13,1
23,11921,11179,23100,742,9,13,1
25,404,359,763,45,9,13,1
19,4553,4701,9254,-148,9,13,1
23,11704,11353,23057,351,9,13,1
12,8362,7790,16152,572,9,13,1
5,14037,13523,27560,514,9,13,1
19,2991,2699,5690,292,9,13,1
5,6416,6911,13327,-495,9,13,1
13,2834,3291,6125,-457,9,13,1
1,22605,22800,45405,-195,9,13,1
2,10288,10553,20841,-265,9,13,1
4,6009,6192,12201,-183,9,13,1
1,12684,12319,25003,365,9,13,1
1,42221,42343,84564,-122,9,13,1
12,2066,1738,3804,328,9,13,1
5,18125,18010,36135,115,9,13,1
11,8790,8799,17589,-9,9,13,1
12,19552,20178,39730,-626,9,13,1
1,17620,19512,37132,-1892,9,13,1
18,5939,5399,11338,540,9,13,1
10,1205,1042,2247,163,9,13,1
6,16160,15224,31384,936,9,13,1
10,2913,3020,5933,-107,9,13,1
12,4063,3184,7247,879,9,13,1
3,7674,8635,16309,-961,9,13,1
5,9977,10554,20531,-577,9,13,1
17,24266,26040,50306,-1774,9,13,1
14,3698,2911,6609,787,9,13,1
19,1020,1607,2627,-587,9,13,1
16,7494,6229,13723,1265,9,13,1
16,3746,3408,7154,338,9,13,1
19,5722,6251,11973,-529,9,13,1
19,8141,8014,16155,127,9,13,1
13,10740,10285,21025,455,9,13,1
2,11171,10944,22115,227,9,13,1
13,17,19,36,-2,9,13,1
1,67674,67733,135407,-59,9,13,1
7,13541,15678,29219,-2137,9,13,1
1,15343,15520,30863,-177,9,13,1
1,21745,22538,44283,-793,9,13,1
2,5043,4827,9870,216,9,13,1
6,9435,9428,18863,7,9,13,1
6,2544,917,3461,1627,9,13,1
7,16750,16056,32806,694,9,13,1
4,18567,18624,37191,-57,9,13,1
22,5268,4854,10122,414,9,13,1
23,7130,7278,14408,-148,9,13,1
17,10506,10978,21484,-472,9,13,1
21,10788,11302,22090,-514,9,13,1
18,17527,18777,36304,-1250,9,13,1
0,16163,16458,32621,-295,9,13,1
14,12067,11524,23591,543,9,13,1
0,35018,34889,69907,129,9,13,1
2,9876,11484,21360,-1608,9,13,1
0,25827,23694,49521,2133,9,13,1
4,11283,11576,22859,-293,9,13,1
0,22836,23251,46087,-415,9,13,1
9,4176,4372,8548,-196,9,13,1
1,11012,13448,24460,-2436,9,13,1
14,20429,18998,39427,1431,9,13,1
23,9843,9818,19661,25,9,13,1
18,15035,16816,31851,-1781,9,13,1
6,15374,14116,29490,1258,9,13,1
6,11388,10530,21918,858,9,13,1
14,9796,9179,18975,617,9,13,1
25,5809,5605,11414,204,9,13,1
21,18958,19843,38801,-885,9,13,1
9,12042,10654,22696,1388,9,13,1
6,11381,11238,22619,143,9,13,1
8,7830,7693,15523,137,9,13,1
5,10387,10451,20838,-64,9,13,1
2,5460,5371,10831,89,9,13,1
25,69,62,131,7,9,13,1
12,7452,7372,14824,80,9,13,1
11,913,910,1823,3,9,13,1
11,1888,1693,3581,195,9,13,1
3,25517,26946,52463,-1429,9,13,1
5,3772,3223,6995,549,9,13,1
15,1879,1703,3582,176,9,13,1
11,8155,7312,15467,843,9,13,1
6,11937,11713,23650,224,9,13,1
4,17879,18082,35961,-203,9,13,1
7,14165,16405,30570,-2240,9,13,1
6,22275,22619,44894,-344,9,13,1
5,3679,3879,7558,-200,9,13,1
4,4037,3629,7666,408,9,13,1
6,20217,22321,42538,-2104,9,13,1
16,7290,6736,14026,554,9,13,1
0,19286,19379,38665,-93,9,13,1
12,15983,16290,32273,-307,9,13,1
18,4447,4248,8695,199,9,13,1
15,1870,1704,3574,166,9,13,1
10,3503,3448,6951,55,9,13,1
21,5726,6049,11775,-323,9,13,1
3,18958,20790,39748,-1832,9,13,1
15,1976,1960,3936,16,9,13,1
3,29884,30701,60585,-817,9,13,1
1,10215,10892,21107,-677,9,13,1
4,4904,5152,10056,-248,9,13,1
13,8643,8107,16750,536,9,13,1
24,1089,991,2080,98,9,13,1
6,9712,9347,19059,365,9,13,1
5,5914,6780,12694,-866,9,13,1
18,13892,13258,27150,634,9,13,1
15,3827,3401,7228,426,9,13,1
13,1795,1323,3118,472,9,13,1
10,5344,5253,10597,91,9,13,1
25,949,964,1913,-15,9,13,1
15,7053,6957,14010,96,9,13,1
17,17662,17389,35051,273,9,13,1
11,14446,14708,29154,-262,9,13,1
11,4441,4166,8607,275,9,13,1
13,6270,5719,11989,551,9,13,1
6,18520,17436,35956,1084,9,13,1
4,6054,5739,11793,315,9,13,1
4,7355,7120,14475,235,9,13,1
4,4490,4405,8895,85,9,13,1
6,25009,26308,51317,-1299,9,13,1
2,1834,1822,3656,12,9,13,1
5,7871,9013,16884,-1142,9,13,1
12,4231,3959,8190,272,9,13,1
21,10912,11097,22009,-185,9,13,1
3,15311,14998,30309,313,9,13,1
9,2644,2372,5016,272,9,13,1
1,15980,17147,33127,-1167,9,13,1
18,15063,16239,31302,-1176,9,13,1
5,12892,13093,25985,-201,9,13,1
1,30098,32536,62634,-2438,9,13,1
4,8248,7422,15670,826,9,13,1
13,9144,8952,18096,192,9,13,1
3,32058,31339,63397,719,9,13,1
19,4203,4359,8562,-156,9,13,1
13,2024,2444,4468,-420,9,13,1
1,57306,59255,116561,-1949,9,13,1
16,10383,11101,21484,-718,9,13,1
2,18753,18109,36862,644,9,13,1
22,3755,3411,7166,344,9,13,1
4,29580,27606,57186,1974,9,13,1
5,13494,10723,24217,2771,9,13,1
11,8968,8404,17372,564,9,13,1
13,3722,3529,7251,193,9,13,1
23,17520,17768,35288,-248,9,13,1
25,29501,29967,59468,-466,9,13,1
12,13279,13176,26455,103,9,13,1
3,22937,23106,46043,-169,9,13,1
13,3484,3767,7251,-283,9,13,1
5,7904,7480,15384,424,9,13,1
8,10558,11113,21671,-555,9,13,1
22,2141,1946,4087,195,9,12,0
12,4313,3939,8252,374,9,12,0
2,3596,3966,7562,-370,9,12,0
7,2942,3797,6739,-855,9,12,0
6,10490,10360,20850,130,9,12,0
11,4750,7041,11791,-2291,9,12,0
8,9460,9972,19432,-512,9,12,0
22,2267,2059,4326,208,9,12,0
13,2993,3171,6164,-178,9,12,0
18,3720,5160,8880,-1440,9,12,0
15,2511,1837,4348,674,9,12,0
14,3337,3036,6373,301,9,12,0
15,1505,1238,2743,267,9,12,0
1,30515,29741,60256,774,9,12,0
6,4231,4763,8994,-532,9,12,0
18,2211,2821,5032,-610,9,12,0
4,8054,8723,16777,-669,9,12,0
7,4220,4326,8546,-106,9,12,0
13,1559,1474,3033,85,9,12,0
1,30734,22327,53061,8407,9,12,0
4,2545,2279,4824,266,9,12,0
15,786,588,1374,198,9,12,0
4,2898,3014,5912,-116,9,12,0
14,11818,11426,23244,392,9,12,0
18,1765,1866,3631,-101,9,12,0
8,1226,1105,2331,121,9,12,0
4,2815,2925,5740,-110,9,12,0
4,4388,4221,8609,167,9,12,0
1,25458,28790,54248,-3332,9,12,0
6,8160,9209,17369,-1049,9,12,0
16,3845,3664,7509,181,9,12,0
10,4883,4398,9281,485,9,12,0
17,479,400,879,79,9,12,0
2,18353,23325,41678,-4972,9,12,0
2,2591,2790,5381,-199,9,12,0
16,6449,5404,11853,1045,9,12,0
4,4474,4532,9006,-58,9,12,0
5,3765,4367,8132,-602,9,12,0
19,1770,1906,3676,-136,9,12,0
6,23778,8074,31852,15704,9,12,0
2,62115,40272,102387,21843,9,12,0
8,15656,15989,31645,-333,9,12,0
21,4751,4263,9014,488,9,12,0
13,366,326,692,40,9,12,0
10,1779,1831,3610,-52,9,12,0
13,1712,1595,3307,117,9,12,0
16,1292,1707,2999,-415,9,12,0
4,4409,4496,8905,-87,9,12,0
5,6440,6394,12834,46,9,12,0
6,5794,7096,12890,-1302,9,12,0
8,1618,1832,3450,-214,9,12,0
16,1023,1047,2070,-24,9,12,0
17,3668,3206,6874,462,9,12,0
11,4693,4363,9056,330,9,12,0
20,4244,4580,8824,-336,9,12,0
4,7392,7493,14885,-101,9,12,0
11,3484,1892,5376,1592,9,12,0
6,12482,11940,24422,542,9,12,0
12,4021,4584,8605,-563,9,12,0
4,16753,16652,33405,101,9,12,0
5,3498,3287,6785,211,9,12,0
2,4095,2845,6940,1250,9,12,0
1,10158,11296,21454,-1138,9,12,0
11,9466,9439,18905,27,9,12,0
1,22128,23391,45519,-1263,9,12,0
18,697,944,1641,-247,9,12,0
25,8219,8217,16436,2,9,12,0
8,385,377,762,8,9,12,0
5,3973,3104,7077,869,9,12,0
18,2787,2757,5544,30,9,12,0
1,10501,11155,21656,-654,9,12,0
14,3196,3286,6482,-90,9,12,0
2,12080,12983,25063,-903,9,12,0
25,674,579,1253,95,9,12,0
8,2246,2414,4660,-168,9,12,0
4,5380,6793,12173,-1413,9,12,0
6,7302,6496,13798,806,9,12,0
11,3145,3004,6149,141,9,12,0
15,226,167,393,59,9,12,0
4,5075,4950,10025,125,9,12,0
15,1012,897,1909,115,9,12,0
13,3534,3154,6688,380,9,12,0
11,15099,15113,30212,-14,9,12,0
11,6212,6107,12319,105,9,12,0
13,4820,5020,9840,-200,9,12,0
2,4221,3979,8200,242,9,12,0
18,5586,5203,10789,383,9,12,0
4,4143,4287,8430,-144,9,12,0
3,10539,10887,21426,-348,9,12,0
15,611,619,1230,-8,9,12,0
4,8764,7403,16167,1361,9,12,0
8,8932,10995,19927,-2063,9,12,0
16,14303,5815,20118,8488,9,12,0
4,14913,15084,29997,-171,9,12,0
1,13210,16214,29424,-3004,9,12,0
6,6616,6402,13018,214,9,12,0
19,537,607,1144,-70,9,12,0
2,19101,15799,34900,3302,9,12,0
6,5292,5607,10899,-315,9,12,0
11,3949,4689,8638,-740,9,12,0
7,2510,2619,5129,-109,9,12,0
15,3323,4268,7591,-945,9,12,0
3,682,551,1233,131,9,12,0
7,6807,6446,13253,361,9,12,0
6,4746,5125,9871,-379,9,12,0
8,2486,2313,4799,173,9,12,0
8,14237,16850,31087,-2613,9,12,0
11,5918,5917,11835,1,9,12,0
6,11809,12285,24094,-476,9,12,0
3,12396,13508,25904,-1112,9,12,0
2,6954,6745,13699,209,9,12,0
5,3575,3455,7030,120,9,12,0
12,2884,2598,5482,286,9,12,0
12,2454,2022,4476,432,9,12,0
6,5688,6138,11826,-450,9,12,0
13,2264,2213,4477,51,9,12,0
7,5482,5309,10791,173,9,12,0
19,53,66,119,-13,9,12,0
4,7239,7001,14240,238,9,12,0
3,5723,5072,10795,651,9,12,0
20,2023,2203,4226,-180,9,12,0
1,8617,8889,17506,-272,9,12,0
8,8583,9379,17962,-796,9,12,0
11,3248,3142,6390,106,9,12,0
23,1094,982,2076,112,9,12,0
17,7146,7466,14612,-320,9,12,0
6,7633,7031,14664,602,9,12,0
1,14653,15127,29780,-474,9,12,0
18,1966,1996,3962,-30,9,12,0
20,1166,1008,2174,158,9,12,0
11,4631,5668,10299,-1037,9,12,0
15,757,555,1312,202,9,12,0
21,3241,2965,6206,276,9,12,0
2,4150,4191,8341,-41,9,12,0
2,6589,5922,12511,667,9,12,0
23,6404,5431,11835,973,9,12,0
5,3669,4190,7859,-521,9,12,0
12,2116,1802,3918,314,9,12,0
25,3741,3675,7416,66,9,12,0
12,3708,3756,7464,-48,9,12,0
18,3039,2758,5797,281,9,12,0
2,1891,2005,3896,-114,9,12,0
25,5744,5391,11135,353,9,12,0
1,554,579,1133,-25,9,12,0
12,3466,3303,6769,163,9,12,0
6,5681,7689,13370,-2008,9,12,0
12,8938,6233,15171,2705,9,12,0
25,1372,1095,2467,277,9,12,0
14,1561,1599,3160,-38,9,12,0
14,2359,2211,4570,148,9,12,0
2,4065,4629,8694,-564,9,12,0
5,1555,1846,3401,-291,9,12,0
11,6128,6531,12659,-403,9,12,0
5,4151,4027,8178,124,9,12,0
0,8368,8141,16509,227,9,12,0
3,7119,7252,14371,-133,9,12,0
4,842,944,1786,-102,9,12,0
3,10165,8808,18973,1357,9,12,0
1,8888,10416,19304,-1528,9,12,0
2,4422,5742,10164,-1320,9,12,0
12,1516,1968,3484,-452,9,12,0
12,2382,2080,4462,302,9,12,0
0,8996,9818,18814,-822,9,12,0
5,5246,5588,10834,-342,9,12,0
14,10292,9754,20046,538,9,12,0
14,9808,9339,19147,469,9,12,0
3,1364,1446,2810,-82,9,12,0
8,1470,1286,2756,184,9,12,0
11,4446,6990,11436,-2544,9,12,0
4,4008,4033,8041,-25,9,12,0
9,424,433,857,-9,9,12,0
8,4745,5360,10105,-615,9,12,0
13,1562,1382,2944,180,9,12,0
16,3426,3850,7276,-424,9,12,0
5,5326,5367,10693,-41,9,12,0
1,9556,10085,19641,-529,9,12,0
6,10827,10070,20897,757,9,12,0
4,3582,3902,7484,-320,9,12,0
16,2438,2741,5179,-303,9,12,0
8,4857,5400,10257,-543,9,12,0
23,3826,3791,7617,35,9,12,0
6,6397,6004,12401,393,9,12,0
15,2995,2708,5703,287,9,12,0
4,2555,2410,4965,145,9,12,0
4,3574,3638,7212,-64,9,12,0
4,4651,4844,9495,-193,9,12,0
5,6495,6302,12797,193,9,12,0
25,5180,5192,10372,-12,9,12,0
5,8643,9814,18457,-1171,9,12,0
12,4514,4786,9300,-272,9,12,0
18,6452,6838,13290,-386,9,12,0
18,1919,1828,3747,91,9,12,0
2,3899,3998,7897,-99,9,12,0
18,2761,2600,5361,161,9,12,0
6,5203,5216,10419,-13,9,12,0
6,7501,7332,14833,169,9,12,0
3,13116,14535,27651,-1419,9,12,0
4,4136,4188,8324,-52,9,12,0
11,3152,3264,6416,-112,9,12,0
7,2734,2261,4995,473,9,12,0
18,11166,11956,23122,-790,9,12,0
4,7681,8042,15723,-361,9,12,0
7,3427,3780,7207,-353,9,12,0
2,1897,2095,3992,-198,9,12,0
1,6890,7656,14546,-766,9,12,0
13,4679,4504,9183,175,9,12,0
7,4287,4852,9139,-565,9,12,0
18,7342,7926,15268,-584,9,12,0
4,8969,9623,18592,-654,9,12,0
3,7642,7444,15086,198,9,12,0
3,16357,15431,31788,926,9,12,0
21,2594,2526,5120,68,9,12,0
6,3202,3040,6242,162,9,12,0
4,8190,9168,17358,-978,9,12,0
1,5606,5985,11591,-379,9,12,0
4,3526,3508,7034,18,9,12,0
12,5929,5714,11643,215,9,12,0
4,3672,3588,7260,84,9,12,0
24,1007,1174,2181,-167,9,12,0
13,3699,3207,6906,492,9,12,0
23,5592,5446,11038,146,9,12,0
15,145,144,289,1,9,12,0
14,4142,3868,8010,274,9,12,0
5,1087,1139,2226,-52,9,12,0
17,15239,14765,30004,474,9,12,0
15,1852,1758,3610,94,9,12,0
11,10160,10768,20928,-608,9,12,0
6,3174,3507,6681,-333,9,12,0
20,1381,1365,2746,16,9,12,0
20,1125,1175,2300,-50,9,12,0
20,1929,1944,3873,-15,9,12,0
22,819,831,1650,-12,9,12,0
5,3273,3576,6849,-303,9,12,0
12,1264,1294,2558,-30,9,12,0
18,1304,1106,2410,198,9,12,0
7,3660,3570,7230,90,9,12,0
24,834,893,1727,-59,9,12,0
9,7433,7751,15184,-318,9,12,0
1,11029,11784,22813,-755,9,12,0
5,3815,3707,7522,108,9,12,0
14,4930,4387,9317,543,9,12,0
10,2100,2302,4402,-202,9,12,0
14,23479,22878,46357,601,9,12,0
14,24135,23679,47814,456,9,12,0
22,3479,3562,7041,-83,9,12,0
22,3490,3688,7178,-198,9,12,0
5,2966,2846,5812,120,9,12,0
2,9524,11304,20828,-1780,9,12,0
6,8462,8293,16755,169,9,12,0
1,20009,23073,43082,-3064,9,12,0
3,14168,13551,27719,617,9,12,0
15,1554,1410,2964,144,9,12,0
19,3280,2609,5889,671,9,12,0
8,1555,1616,3171,-61,9,12,0
21,9771,10362,20133,-591,9,12,0
7,3050,3133,6183,-83,9,12,0
3,2408,3282,5690,-874,9,12,0
5,3573,2681,6254,892,9,12,0
10,1247,1132,2379,115,9,12,0
1,17306,16854,34160,452,9,12,0
9,1876,2082,3958,-206,9,12,0
23,12025,11361,23386,664,9,12,0
22,1227,1234,2461,-7,9,12,0
22,1514,1505,3019,9,9,12,0
9,3310,3578,6888,-268,9,12,0
18,3243,3195,6438,48,9,12,0
3,10606,9638,20244,968,9,12,0
6,4853,5814,10667,-961,9,12,0
21,9781,9412,19193,369,9,12,0
6,9445,9317,18762,128,9,12,0
25,4056,4038,8094,18,9,12,0
5,6081,7527,13608,-1446,9,12,0
1,6547,6676,13223,-129,9,12,0
5,2892,2809,5701,83,9,12,0
4,6737,6224,12961,513,9,12,0
15,580,448,1028,132,9,12,0
5,6233,6044,12277,189,9,12,0
20,891,1153,2044,-262,9,12,0
8,1926,1868,3794,58,9,12,0
13,1160,1387,2547,-227,9,12,0
4,4951,5149,10100,-198,9,12,0
11,895,817,1712,78,9,12,0
12,1057,1070,2127,-13,9,12,0
20,4224,4481,8705,-257,9,12,0
1,22579,26618,49197,-4039,9,12,0
18,7137,7353,14490,-216,9,12,0
16,10797,8722,19519,2075,9,12,0
11,12464,1843,14307,10621,9,12,0
13,1465,1226,2691,239,9,12,0
0,36137,27420,63557,8717,9,12,0
3,4271,9829,14100,-5558,9,12,0
20,1198,1373,2571,-175,9,12,0
20,1565,1647,3212,-82,9,12,0
11,5045,7926,12971,-2881,9,12,0
1,5439,4609,10048,830,9,12,0
18,14694,14744,29438,-50,9,12,0
5,6213,6803,13016,-590,9,12,0
12,4994,5731,10725,-737,9,12,0
11,5205,4748,9953,457,9,12,0
7,3615,4883,8498,-1268,9,12,0
9,4549,4219,8768,330,9,12,0
9,2809,3000,5809,-191,9,12,0
18,2612,4203,6815,-1591,9,12,0
1,12363,11213,23576,1150,9,12,0
17,3456,3228,6684,228,9,12,0
8,2724,2960,5684,-236,9,12,0
18,1630,1729,3359,-99,9,12,0
9,2430,3010,5440,-580,9,12,0
11,7860,9553,17413,-1693,9,12,0
1,13527,16298,29825,-2771,9,12,0
22,2166,2622,4788,-456,9,12,0
3,11895,13003,24898,-1108,9,12,0
11,2965,4029,6994,-1064,9,12,0
11,2390,2021,4411,369,9,12,0
11,2005,1834,3839,171,9,12,0
10,435,339,774,96,9,12,0
19,7018,6765,13783,253,9,12,0
14,4906,4827,9733,79,9,12,0
12,5485,4623,10108,862,9,12,0
22,1487,1483,2970,4,9,12,0
22,2926,2690,5616,236,9,12,0
14,13539,12495,26034,1044,9,12,0
19,1737,1579,3316,158,9,12,0
4,3606,3700,7306,-94,9,12,0
11,3654,4537,8191,-883,9,12,0
7,3954,3895,7849,59,9,12,0
9,2589,3070,5659,-481,9,12,0
18,5959,6078,12037,-119,9,12,0
6,8358,7959,16317,399,9,12,0
21,2326,2208,4534,118,9,12,0
13,837,989,1826,-152,9,12,0
18,10156,7336,17492,2820,9,12,0
2,11627,9497,21124,2130,9,12,0
18,6648,5405,12053,1243,9,12,0
11,39696,37111,76807,2585,9,12,0
18,6891,7211,14102,-320,9,12,0
3,19742,20276,40018,-534,9,12,0
7,2859,2770,5629,89,9,12,0
3,5893,5984,11877,-91,9,12,0
6,5674,6851,12525,-1177,9,12,0
19,2020,1831,3851,189,9,12,0
1,6528,5352,11880,1176,9,12,0
0,9469,9168,18637,301,9,12,0
18,2049,2015,4064,34,9,12,0
4,2792,3001,5793,-209,9,12,0
4,1594,2100,3694,-506,9,12,0
11,4185,4006,8191,179,9,12,0
21,1443,1268,2711,175,9,12,0
15,1074,993,2067,81,9,12,0
5,1,0,1,1,9,12,0
8,14988,15009,29997,-21,9,12,0
1,637,792,1429,-155,9,12,0
1,7212,8179,15391,-967,9,12,0
5,3927,4526,8453,-599,9,12,0
1,13889,14601,28490,-712,9,12,0
6,6663,7394,14057,-731,9,12,0
1,24355,25229,49584,-874,9,12,0
11,2040,2340,4380,-300,9,12,0
10,1321,1199,2520,122,9,12,0
20,995,1622,2617,-627,9,12,0
1,31711,34257,65968,-2546,9,12,0
8,1854,1679,3533,175,9,12,0
8,1717,1867,3584,-150,9,12,0
8,3244,3205,6449,39,9,12,0
2,11923,12690,24613,-767,9,12,0
1,2101,2165,4266,-64,9,12,0
0,6208,6790,12998,-582,9,12,0
22,1123,1072,2195,51,9,12,0
3,10097,9419,19516,678,9,12,0
25,336,269,605,67,9,12,0
12,4914,4492,9406,422,9,12,0
4,6155,5720,11875,435,9,12,0
1,5216,5118,10334,98,9,12,0
24,1383,3027,4410,-1644,9,12,0
1,20068,21434,41502,-1366,9,12,0
13,276,376,652,-100,9,12,0
19,1110,1165,2275,-55,9,12,0
6,5408,5213,10621,195,9,12,0
7,2929,3142,6071,-213,9,12,0
3,15537,13864,29401,1673,9,12,0
24,1483,1749,3232,-266,9,12,0
24,5083,2973,8056,2110,9,12,0
25,690,537,1227,153,9,12,0
4,10221,10021,20242,200,9,12,0
1,4939,5195,10134,-256,9,12,0
2,14316,15132,29448,-816,9,12,0
21,10423,9153,19576,1270,9,12,0
5,4612,6721,11333,-2109,9,12,0
11,14293,13429,27722,864,9,12,0
7,8638,8052,16690,586,9,12,0
2,13501,14584,28085,-1083,9,12,0
18,8471,9892,18363,-1421,9,12,0
4,2393,2436,4829,-43,9,12,0
13,5568,5275,10843,293,9,12,0
19,241,198,439,43,9,12,0
18,15062,14615,29677,447,9,12,0
2,6114,6291,12405,-177,9,12,0
5,1631,1639,3270,-8,9,12,0
25,2424,2145,4569,279,9,12,0
25,1320,1504,2824,-184,9,12,0
2,10450,13354,23804,-2904,9,12,0
25,513,437,950,76,9,12,0
12,5691,5294,10985,397,9,12,0
1,3278,3241,6519,37,9,12,0
8,3642,4364,8006,-722,9,12,0
25,3063,2365,5428,698,9,12,0
4,2385,2749,5134,-364,9,12,0
6,7133,8833,15966,-1700,9,12,0
19,690,815,1505,-125,9,12,0
9,2446,2889,5335,-443,9,12,0
4,15169,15942,31111,-773,9,12,0
8,8616,8566,17182,50,9,12,0
4,7682,8563,16245,-881,9,12,0
10,3293,2668,5961,625,9,12,0
14,15272,15315,30587,-43,9,12,0
1,9026,10475,19501,-1449,9,12,0
5,1942,2279,4221,-337,9,12,0
19,3073,2974,6047,99,9,12,0
2,20680,19909,40589,771,9,12,0
5,1,0,1,1,9,12,0
8,8180,8624,16804,-444,9,12,0
11,34797,34284,69081,513,9,12,0
1,7108,7816,14924,-708,9,12,0
4,1348,1399,2747,-51,9,12,0
4,4726,5179,9905,-453,9,12,0
16,2822,2618,5440,204,9,12,0
18,4752,5567,10319,-815,9,12,0
2,2438,2390,4828,48,9,12,0
4,1299,1332,2631,-33,9,12,0
14,6470,6550,13020,-80,9,12,0
18,5143,4438,9581,705,9,12,0
4,11203,11536,22739,-333,9,12,0
19,1794,1792,3586,2,9,12,0
25,267,225,492,42,9,12,0
11,9065,9395,18460,-330,9,12,0
11,2583,2448,5031,135,9,12,0
21,7063,6551,13614,512,9,12,0
12,80,27,107,53,9,12,0
2,5080,5379,10459,-299,9,12,0
14,3861,3501,7362,360,9,12,0
6,3853,4040,7893,-187,9,12,0
24,4494,4022,8516,472,9,12,0
9,5190,5734,10924,-544,9,12,0
4,3249,2970,6219,279,9,12,0
4,2418,2870,5288,-452,9,12,0
1,8366,8318,16684,48,9,12,0
12,9539,12136,21675,-2597,9,12,0
12,4463,5586,10049,-1123,9,12,0
1,1588,1912,3500,-324,9,12,0
1,1059,1106,2165,-47,9,12,0
6,3228,3497,6725,-269,9,12,0
25,2820,2181,5001,639,9,12,0
11,42503,33108,75611,9395,9,12,0
4,6924,6968,13892,-44,9,12,0
25,1507,1369,2876,138,9,12,0
16,5933,6686,12619,-753,9,12,0
13,4079,3461,7540,618,9,12,0
23,6411,5852,12263,559,9,12,0
25,447,318,765,129,9,12,0
19,2952,2946,5898,6,9,12,0
23,5519,5617,11136,-98,9,12,0
12,3741,3511,7252,230,9,12,0
5,5200,5452,10652,-252,9,12,0
19,2127,1885,4012,242,9,12,0
5,5588,5810,11398,-222,9,12,0
13,944,2069,3013,-1125,9,12,0
2,3307,2988,6295,319,9,12,0
1,7453,6836,14289,617,9,12,0
1,3902,3989,7891,-87,9,12,0
4,1908,1888,3796,20,9,12,0
1,18056,16937,34993,1119,9,12,0
12,1221,1073,2294,148,9,12,0
5,9015,9208,18223,-193,9,12,0
11,4529,4519,9048,10,9,12,0
12,15409,15528,30937,-119,9,12,0
1,6447,8608,15055,-2161,9,12,0
18,3034,2934,5968,100,9,12,0
10,780,652,1432,128,9,12,0
6,7498,7562,15060,-64,9,12,0
10,2816,2770,5586,46,9,12,0
3,5436,5784,11220,-348,9,12,0
12,2317,1808,4125,509,9,12,0
5,10990,9293,20283,1697,9,12,0
17,11337,11167,22504,170,9,12,0
19,1458,2119,3577,-661,9,12,0
14,5651,4570,10221,1081,9,12,0
16,8403,6729,15132,1674,9,12,0
16,3343,2821,6164,522,9,12,0
19,3223,3242,6465,-19,9,12,0
19,3385,3794,7179,-409,9,12,0
13,5281,4543,9824,738,9,12,0
2,3394,3514,6908,-120,9,12,0
13,137,97,234,40,9,12,0
1,49787,46784,96571,3003,9,12,0
7,10951,12166,23117,-1215,9,12,0
1,5324,5290,10614,34,9,12,0
1,11243,11817,23060,-574,9,12,0
2,2323,2162,4485,161,9,12,0
6,4265,4513,8778,-248,9,12,0
6,1384,889,2273,495,9,12,0
7,8937,9179,18116,-242,9,12,0
4,8178,8661,16839,-483,9,12,0
22,2629,2224,4853,405,9,12,0
23,5049,5278,10327,-229,9,12,0
17,4518,4451,8969,67,9,12,0
21,5784,6779,12563,-995,9,12,0
18,7452,8330,15782,-878,9,12,0
0,9380,10304,19684,-924,9,12,0
14,5543,5207,10750,336,9,12,0
0,14754,12500,27254,2254,9,12,0
0,18614,15917,34531,2697,9,12,0
4,10727,10249,20976,478,9,12,0
2,4415,5996,10411,-1581,9,12,0
0,11580,11799,23379,-219,9,12,0
1,3116,3639,6755,-523,9,12,0
9,2041,2128,4169,-87,9,12,0
14,12192,11177,23369,1015,9,12,0
23,5093,4899,9992,194,9,12,0
18,8077,9761,17838,-1684,9,12,0
6,6638,6042,12680,596,9,12,0
6,4831,4780,9611,51,9,12,0
14,5182,4695,9877,487,9,12,0
25,3286,3530,6816,-244,9,12,0
21,13890,13119,27009,771,9,12,0
9,3779,3532,7311,247,9,12,0
6,5179,5141,10320,38,9,12,0
8,2815,3075,5890,-260,9,12,0
5,5340,5528,10868,-188,9,12,0
2,2810,2467,5277,343,9,12,0
25,102,81,183,21,9,12,0
12,4900,4761,9661,139,9,12,0
11,640,714,1354,-74,9,12,0
11,1031,918,1949,113,9,12,0
3,14217,14599,28816,-382,9,12,0
5,1481,1287,2768,194,9,12,0
15,1182,1103,2285,79,9,12,0
11,7644,7511,15155,133,9,12,0
6,4741,4769,9510,-28,9,12,0
4,12175,11981,24156,194,9,12,0
7,7882,9414,17296,-1532,9,12,0
6,10454,10426,20880,28,9,12,0
4,1623,1589,3212,34,9,12,0
5,1683,1606,3289,77,9,12,0
6,5492,6110,11602,-618,9,12,0
16,3836,3430,7266,406,9,12,0
12,16183,14616,30799,1567,9,12,0
0,11875,12317,24192,-442,9,12,0
18,2020,2039,4059,-19,9,12,0
15,2200,1526,3726,674,9,12,0
10,1963,1777,3740,186,9,12,0
21,2768,2509,5277,259,9,12,0
3,9443,10632,20075,-1189,9,12,0
15,2793,2417,5210,376,9,12,0
2,1,0,1,1,9,12,0
3,8326,10745,19071,-2419,9,12,0
1,3118,3408,6526,-290,9,12,0
4,1203,1281,2484,-78,9,12,0
13,4593,3799,8392,794,9,12,0
24,746,803,1549,-57,9,12,0
5,2836,3443,6279,-607,9,12,0
6,4636,5237,9873,-601,9,12,0
18,8086,7744,15830,342,9,12,0
15,2256,1866,4122,390,9,12,0
13,795,679,1474,116,9,12,0
10,2892,2870,5762,22,9,12,0
25,1469,1642,3111,-173,9,12,0
15,4135,3735,7870,400,9,12,0
17,6102,6068,12170,34,9,12,0
11,13896,14246,28142,-350,9,12,0
11,3257,2919,6176,338,9,12,0
13,3475,3081,6556,394,9,12,0
6,8284,8166,16450,118,9,12,0
4,4997,4763,9760,234,9,12,0
4,4346,3904,8250,442,9,12,0
4,2117,2068,4185,49,9,12,0
6,4293,4755,9048,-462,9,12,0
2,717,746,1463,-29,9,12,0
5,5642,6460,12102,-818,9,12,0
12,2305,2253,4558,52,9,12,0
21,5694,6017,11711,-323,9,12,0
3,7319,7924,15243,-605,9,12,0
9,1411,1455,2866,-44,9,12,0
1,2459,3206,5665,-747,9,12,0
18,8753,8665,17418,88,9,12,0
1,18693,20973,39666,-2280,9,12,0
5,9032,8167,17199,865,9,12,0
4,3917,3404,7321,513,9,12,0
13,4788,4593,9381,195,9,12,0
3,21245,23214,44459,-1969,9,12,0
19,1959,2065,4024,-106,9,12,0
13,1886,2491,4377,-605,9,12,0
16,11234,11677,22911,-443,9,12,0
1,52548,54274,106822,-1726,9,12,0
2,9256,9086,18342,170,9,12,0
22,2005,1851,3856,154,9,12,0
4,14149,13561,27710,588,9,12,0
5,4788,4655,9443,133,9,12,0
11,4291,3972,8263,319,9,12,0
13,821,1055,1876,-234,9,12,0
23,9473,9601,19074,-128,9,12,0
25,13762,17379,31141,-3617,9,12,0
12,7789,7329,15118,460,9,12,0
3,10249,10400,20649,-151,9,12,0
13,1253,1587,2840,-334,9,12,0
5,3339,2933,6272,406,9,12,0
8,3802,4406,8208,-604,9,12,0
22,1788,1454,3242,334,9,11,6
12,3970,3641,7611,329,9,11,6
2,3063,3114,6177,-51,9,11,6
7,2438,2873,5311,-435,9,11,6
6,10259,9687,19946,572,9,11,6
11,4539,7056,11595,-2517,9,11,6
8,8774,9307,18081,-533,9,11,6
22,2236,2066,4302,170,9,11,6
13,2501,2830,5331,-329,9,11,6
18,2990,3648,6638,-658,9,11,6
15,2490,2058,4548,432,9,11,6
14,3235,2953,6188,282,9,11,6
15,1359,1157,2516,202,9,11,6
1,23840,24952,48792,-1112,9,11,6
6,3007,3433,6440,-426,9,11,6
18,1782,2166,3948,-384,9,11,6
4,7325,7657,14982,-332,9,11,6
7,3764,3841,7605,-77,9,11,6
13,1357,1333,2690,24,9,11,6
1,26872,18635,45507,8237,9,11,6
4,2370,2059,4429,311,9,11,6
15,833,674,1507,159,9,11,6
4,2711,2835,5546,-124,9,11,6
14,11123,10724,21847,399,9,11,6
18,1709,1687,3396,22,9,11,6
8,1169,1050,2219,119,9,11,6
4,2533,2535,5068,-2,9,11,6
4,3936,3746,7682,190,9,11,6
1,23167,27848,51015,-4681,9,11,6
6,6736,7717,14453,-981,9,11,6
16,3549,3648,7197,-99,9,11,6
10,4574,4178,8752,396,9,11,6
17,471,446,917,25,9,11,6
2,20828,26233,47061,-5405,9,11,6
2,2281,2507,4788,-226,9,11,6
16,5587,5172,10759,415,9,11,6
13,1,0,1,1,9,11,6
4,3741,3609,7350,132,9,11,6
5,3467,3699,7166,-232,9,11,6
19,1723,1713,3436,10,9,11,6
6,18678,6183,24861,12495,9,11,6
8,13096,12570,25666,526,9,11,6
2,51587,32144,83731,19443,9,11,6
21,4373,4073,8446,300,9,11,6
13,300,318,618,-18,9,11,6
10,1902,1661,3563,241,9,11,6
16,1170,1708,2878,-538,9,11,6
4,3781,4060,7841,-279,9,11,6
13,1775,1540,3315,235,9,11,6
5,5847,5526,11373,321,9,11,6
6,5242,5654,10896,-412,9,11,6
8,1458,1688,3146,-230,9,11,6
16,874,883,1757,-9,9,11,6
17,3496,3177,6673,319,9,11,6
11,4330,3856,8186,474,9,11,6
20,3809,4054,7863,-245,9,11,6
4,7145,6829,13974,316,9,11,6
11,3048,1689,4737,1359,9,11,6
6,11424,11201,22625,223,9,11,6
12,3712,3985,7697,-273,9,11,6
4,19049,18709,37758,340,9,11,6
5,3337,3238,6575,99,9,11,6
2,3362,2237,5599,1125,9,11,6
1,7932,8765,16697,-833,9,11,6
11,9082,9623,18705,-541,9,11,6
1,20160,21350,41510,-1190,9,11,6
18,656,659,1315,-3,9,11,6
25,7172,7476,14648,-304,9,11,6
8,328,281,609,47,9,11,6
5,3591,2599,6190,992,9,11,6
18,2251,2267,4518,-16,9,11,6
1,9096,9889,18985,-793,9,11,6
14,4906,5036,9942,-130,9,11,6
2,11323,12073,23396,-750,9,11,6
25,725,624,1349,101,9,11,6
8,3312,3240,6552,72,9,11,6
6,6344,5534,11878,810,9,11,6
4,4980,6002,10982,-1022,9,11,6
11,2916,2746,5662,170,9,11,6
15,211,196,407,15,9,11,6
4,4914,4637,9551,277,9,11,6
15,908,807,1715,101,9,11,6
13,3127,2830,5957,297,9,11,6
11,14438,14402,28840,36,9,11,6
11,5798,5933,11731,-135,9,11,6
13,4822,4835,9657,-13,9,11,6
2,3902,3817,7719,85,9,11,6
18,4876,4478,9354,398,9,11,6
4,3474,3637,7111,-163,9,11,6
3,9939,9766,19705,173,9,11,6
15,647,660,1307,-13,9,11,6
8,7615,10095,17710,-2480,9,11,6
4,7928,6847,14775,1081,9,11,6
16,11523,5071,16594,6452,9,11,6
4,13737,14209,27946,-472,9,11,6
1,11061,12591,23652,-1530,9,11,6
6,6764,6841,13605,-77,9,11,6
19,573,569,1142,4,9,11,6
2,14208,10380,24588,3828,9,11,6
6,4443,4775,9218,-332,9,11,6
11,4050,4523,8573,-473,9,11,6
7,2417,2445,4862,-28,9,11,6
15,2859,2719,5578,140,9,11,6
3,598,459,1057,139,9,11,6
7,6263,5707,11970,556,9,11,6
6,3879,4045,7924,-166,9,11,6
8,2477,2215,4692,262,9,11,6
8,11887,14171,26058,-2284,9,11,6
11,5403,5554,10957,-151,9,11,6
3,11237,13289,24526,-2052,9,11,6
6,10667,11246,21913,-579,9,11,6
2,6665,6144,12809,521,9,11,6
5,3726,4261,7987,-535,9,11,6
12,2621,2415,5036,206,9,11,6
12,2382,2072,4454,310,9,11,6
6,3811,4573,8384,-762,9,11,6
13,2078,1968,4046,110,9,11,6
7,5197,4839,10036,358,9,11,6
19,46,49,95,-3,9,11,6
4,6663,6333,12996,330,9,11,6
3,5610,4864,10474,746,9,11,6
20,1839,1979,3818,-140,9,11,6
8,7140,7776,14916,-636,9,11,6
1,7569,7744,15313,-175,9,11,6
11,2924,2767,5691,157,9,11,6
23,1089,922,2011,167,9,11,6
17,7534,7612,15146,-78,9,11,6
6,8904,8953,17857,-49,9,11,6
1,14648,15346,29994,-698,9,11,6
18,1768,1786,3554,-18,9,11,6
20,1088,859,1947,229,9,11,6
11,4348,5163,9511,-815,9,11,6
15,763,605,1368,158,9,11,6
21,2934,2540,5474,394,9,11,6
2,3616,3640,7256,-24,9,11,6
2,6592,5544,12136,1048,9,11,6
23,6011,5218,11229,793,9,11,6
5,3072,3285,6357,-213,9,11,6
12,1826,1599,3425,227,9,11,6
25,3441,3351,6792,90,9,11,6
12,3594,3352,6946,242,9,11,6
18,2308,2054,4362,254,9,11,6
2,1434,1635,3069,-201,9,11,6
25,5202,4921,10123,281,9,11,6
1,346,403,749,-57,9,11,6
12,3261,3002,6263,259,9,11,6
6,5312,7223,12535,-1911,9,11,6
12,8327,5727,14054,2600,9,11,6
25,1236,1043,2279,193,9,11,6
14,1643,1543,3186,100,9,11,6
14,2370,2101,4471,269,9,11,6
2,4299,4930,9229,-631,9,11,6
5,1533,1788,3321,-255,9,11,6
11,5350,5658,11008,-308,9,11,6
5,4971,4818,9789,153,9,11,6
3,7162,7030,14192,132,9,11,6
0,11377,10898,22275,479,9,11,6
3,10454,9149,19603,1305,9,11,6
4,845,947,1792,-102,9,11,6
1,9126,10372,19498,-1246,9,11,6
2,4478,5599,10077,-1121,9,11,6
12,1490,1768,3258,-278,9,11,6
12,2384,2084,4468,300,9,11,6
0,10686,11032,21718,-346,9,11,6
5,5845,5492,11337,353,9,11,6
14,9928,9720,19648,208,9,11,6
14,9819,9348,19167,471,9,11,6
3,1331,1423,2754,-92,9,11,6
8,1650,1459,3109,191,9,11,6
11,4069,4726,8795,-657,9,11,6
4,3772,3888,7660,-116,9,11,6
9,463,499,962,-36,9,11,6
8,4099,4640,8739,-541,9,11,6
5,5045,5256,10301,-211,9,11,6
16,2879,3323,6202,-444,9,11,6
13,1427,1246,2673,181,9,11,6
1,8707,8859,17566,-152,9,11,6
6,8885,8741,17626,144,9,11,6
4,3041,3155,6196,-114,9,11,6
8,4327,4980,9307,-653,9,11,6
16,2102,2470,4572,-368,9,11,6
23,3190,3286,6476,-96,9,11,6
6,5466,5018,10484,448,9,11,6
15,2732,2589,5321,143,9,11,6
4,2483,2370,4853,113,9,11,6
4,3399,3498,6897,-99,9,11,6
4,4017,4339,8356,-322,9,11,6
5,5866,5509,11375,357,9,11,6
25,4507,4534,9041,-27,9,11,6
5,7695,9244,16939,-1549,9,11,6
12,4126,4142,8268,-16,9,11,6
18,5580,5407,10987,173,9,11,6
18,1680,1669,3349,11,9,11,6
2,3446,3489,6935,-43,9,11,6
18,2498,2309,4807,189,9,11,6
6,4739,4733,9472,6,9,11,6
6,6858,7024,13882,-166,9,11,6
3,15736,17811,33547,-2075,9,11,6
4,4507,4467,8974,40,9,11,6
11,2938,2749,5687,189,9,11,6
7,2339,2212,4551,127,9,11,6
18,9436,10511,19947,-1075,9,11,6
4,6832,7093,13925,-261,9,11,6
7,2748,3157,5905,-409,9,11,6
2,1742,1874,3616,-132,9,11,6
1,5881,6525,12406,-644,9,11,6
13,4327,3948,8275,379,9,11,6
7,3491,3916,7407,-425,9,11,6
18,6296,6632,12928,-336,9,11,6
4,8115,8734,16849,-619,9,11,6
3,7216,6867,14083,349,9,11,6
3,14404,13849,28253,555,9,11,6
21,2653,2438,5091,215,9,11,6
6,2506,2239,4745,267,9,11,6
4,7342,8895,16237,-1553,9,11,6
1,5096,5206,10302,-110,9,11,6
4,3337,3224,6561,113,9,11,6
12,5693,5440,11133,253,9,11,6
4,3216,3151,6367,65,9,11,6
24,925,856,1781,69,9,11,6
13,3221,3045,6266,176,9,11,6
23,5268,5272,10540,-4,9,11,6
15,123,115,238,8,9,11,6
14,4083,3781,7864,302,9,11,6
5,1011,1042,2053,-31,9,11,6
17,13685,13537,27222,148,9,11,6
15,1702,1631,3333,71,9,11,6
11,9141,9539,18680,-398,9,11,6
6,2851,3073,5924,-222,9,11,6
20,1333,1316,2649,17,9,11,6
20,927,937,1864,-10,9,11,6
20,1807,1907,3714,-100,9,11,6
22,829,815,1644,14,9,11,6
5,3295,3439,6734,-144,9,11,6
12,1422,1343,2765,79,9,11,6
18,1147,1047,2194,100,9,11,6
7,3858,3476,7334,382,9,11,6
24,603,574,1177,29,9,11,6
9,6607,6931,13538,-324,9,11,6
1,9645,10096,19741,-451,9,11,6
5,3756,3654,7410,102,9,11,6
14,4782,4226,9008,556,9,11,6
10,1734,1455,3189,279,9,11,6
14,20763,21382,42145,-619,9,11,6
14,23958,25029,48987,-1071,9,11,6
22,3484,3146,6630,338,9,11,6
22,3483,3428,6911,55,9,11,6
5,2725,2592,5317,133,9,11,6
2,8865,10753,19618,-1888,9,11,6
6,7961,7806,15767,155,9,11,6
3,13151,11998,25149,1153,9,11,6
1,17435,20000,37435,-2565,9,11,6
15,1386,1389,2775,-3,9,11,6
19,2891,2212,5103,679,9,11,6
8,1489,1526,3015,-37,9,11,6
21,8678,9454,18132,-776,9,11,6
7,3015,2947,5962,68,9,11,6
5,3997,2661,6658,1336,9,11,6
3,2372,3455,5827,-1083,9,11,6
10,1076,934,2010,142,9,11,6
1,17204,16431,33635,773,9,11,6
9,1572,1659,3231,-87,9,11,6
23,11469,11042,22511,427,9,11,6
22,1001,1043,2044,-42,9,11,6
22,1408,1379,2787,29,9,11,6
9,2848,3012,5860,-164,9,11,6
18,2991,2936,5927,55,9,11,6
3,9631,8971,18602,660,9,11,6
6,4335,4846,9181,-511,9,11,6
21,9506,9041,18547,465,9,11,6
6,7970,7844,15814,126,9,11,6
25,3570,3706,7276,-136,9,11,6
5,5562,7339,12901,-1777,9,11,6
1,5819,6077,11896,-258,9,11,6
5,2882,2577,5459,305,9,11,6
4,6147,5728,11875,419,9,11,6
15,508,430,938,78,9,11,6
5,5902,5719,11621,183,9,11,6
20,799,1076,1875,-277,9,11,6
8,1665,1510,3175,155,9,11,6
13,1092,1287,2379,-195,9,11,6
4,4403,4517,8920,-114,9,11,6
11,833,820,1653,13,9,11,6
12,1518,1527,3045,-9,9,11,6
20,3805,3989,7794,-184,9,11,6
1,18443,21665,40108,-3222,9,11,6
18,6334,6799,13133,-465,9,11,6
3,4478,9170,13648,-4692,9,11,6
16,10783,6437,17220,4346,9,11,6
13,1240,993,2233,247,9,11,6
11,9566,1423,10989,8143,9,11,6
0,34150,24371,58521,9779,9,11,6
20,1237,1371,2608,-134,9,11,6
20,1466,1545,3011,-79,9,11,6
11,4529,4808,9337,-279,9,11,6
1,8345,7694,16039,651,9,11,6
18,11870,12514,24384,-644,9,11,6
12,4725,5271,9996,-546,9,11,6
5,5687,6000,11687,-313,9,11,6
11,4798,4584,9382,214,9,11,6
7,3230,4265,7495,-1035,9,11,6
9,3853,3701,7554,152,9,11,6
9,2474,2646,5120,-172,9,11,6
18,1730,2742,4472,-1012,9,11,6
1,8263,7551,15814,712,9,11,6
17,2994,2624,5618,370,9,11,6
8,2310,2643,4953,-333,9,11,6
18,1211,1298,2509,-87,9,11,6
9,1949,2343,4292,-394,9,11,6
11,7106,7678,14784,-572,9,11,6
1,11869,14157,26026,-2288,9,11,6
3,10210,11023,21233,-813,9,11,6
22,1826,2339,4165,-513,9,11,6
11,3013,2964,5977,49,9,11,6
11,2206,2060,4266,146,9,11,6
11,1720,1570,3290,150,9,11,6
10,456,365,821,91,9,11,6
19,6569,6861,13430,-292,9,11,6
14,4955,4838,9793,117,9,11,6
12,4998,4236,9234,762,9,11,6
22,1317,1239,2556,78,9,11,6
22,2720,2468,5188,252,9,11,6
14,12516,11800,24316,716,9,11,6
19,1532,1473,3005,59,9,11,6
4,3438,3336,6774,102,9,11,6
11,3662,3794,7456,-132,9,11,6
7,3520,3604,7124,-84,9,11,6
9,2303,2825,5128,-522,9,11,6
18,4220,4294,8514,-74,9,11,6
6,7664,7641,15305,23,9,11,6
21,2037,1934,3971,103,9,11,6
13,819,841,1660,-22,9,11,6
18,8519,5926,14445,2593,9,11,6
2,10228,7873,18101,2355,9,11,6
18,6697,5316,12013,1381,9,11,6
11,38807,38163,76970,644,9,11,6
18,5876,7765,13641,-1889,9,11,6
3,18401,18861,37262,-460,9,11,6
7,2528,2371,4899,157,9,11,6
3,5937,6079,12016,-142,9,11,6
6,4704,5533,10237,-829,9,11,6
19,1990,1799,3789,191,9,11,6
1,6709,5184,11893,1525,9,11,6
0,9873,9639,19512,234,9,11,6
18,1868,1902,3770,-34,9,11,6
4,2604,2775,5379,-171,9,11,6
11,4070,3883,7953,187,9,11,6
4,1521,1850,3371,-329,9,11,6
21,1354,1163,2517,191,9,11,6
15,976,891,1867,85,9,11,6
8,11783,12506,24289,-723,9,11,6
1,623,699,1322,-76,9,11,6
1,7156,8130,15286,-974,9,11,6
5,4323,4081,8404,242,9,11,6
1,12372,13212,25584,-840,9,11,6
6,5926,6345,12271,-419,9,11,6
1,20408,21558,41966,-1150,9,11,6
11,1907,2249,4156,-342,9,11,6
10,1256,931,2187,325,9,11,6
20,872,1438,2310,-566,9,11,6
1,27675,31300,58975,-3625,9,11,6
8,1602,1494,3096,108,9,11,6
8,1923,2069,3992,-146,9,11,6
8,3004,3005,6009,-1,9,11,6
2,8724,10300,19024,-1576,9,11,6
1,2273,2294,4567,-21,9,11,6
0,6329,6599,12928,-270,9,11,6
22,1039,1021,2060,18,9,11,6
3,9190,7757,16947,1433,9,11,6
25,364,204,568,160,9,11,6
12,4528,4323,8851,205,9,11,6
4,5922,5477,11399,445,9,11,6
1,4751,4842,9593,-91,9,11,6
24,1292,1328,2620,-36,9,11,6
1,16556,18105,34661,-1549,9,11,6
13,220,265,485,-45,9,11,6
19,1181,1102,2283,79,9,11,6
6,5311,5132,10443,179,9,11,6
7,2427,2610,5037,-183,9,11,6
3,14715,13399,28114,1316,9,11,6
24,1229,1233,2462,-4,9,11,6
24,3359,2186,5545,1173,9,11,6
25,603,500,1103,103,9,11,6
4,9842,9522,19364,320,9,11,6
1,4399,4404,8803,-5,9,11,6
2,16240,15920,32160,320,9,11,6
21,13409,12541,25950,868,9,11,6
5,3339,4164,7503,-825,9,11,6
11,12923,12619,25542,304,9,11,6
7,7700,7252,14952,448,9,11,6
2,9491,10450,19941,-959,9,11,6
18,5578,7489,13067,-1911,9,11,6
4,2228,2340,4568,-112,9,11,6
13,5102,5433,10535,-331,9,11,6
19,252,204,456,48,9,11,6
18,12843,12177,25020,666,9,11,6
2,5726,5866,11592,-140,9,11,6
5,1376,1392,2768,-16,9,11,6
25,2294,2049,4343,245,9,11,6
25,1324,1331,2655,-7,9,11,6
2,9023,10794,19817,-1771,9,11,6
25,386,335,721,51,9,11,6
12,5726,5012,10738,714,9,11,6
1,3025,2980,6005,45,9,11,6
8,3375,3686,7061,-311,9,11,6
4,2149,2268,4417,-119,9,11,6
25,2899,2217,5116,682,9,11,6
6,6689,7628,14317,-939,9,11,6
19,687,762,1449,-75,9,11,6
9,2060,2375,4435,-315,9,11,6
4,14911,16611,31522,-1700,9,11,6
8,8913,8344,17257,569,9,11,6
4,8587,8417,17004,170,9,11,6
10,3173,2350,5523,823,9,11,6
14,13773,13741,27514,32,9,11,6
1,7129,8103,15232,-974,9,11,6
5,1778,2093,3871,-315,9,11,6
19,2913,2945,5858,-32,9,11,6
5,1,0,1,1,9,11,6
2,19310,18832,38142,478,9,11,6
8,7139,7775,14914,-636,9,11,6
11,34249,34374,68623,-125,9,11,6
1,5326,5913,11239,-587,9,11,6
4,1139,1166,2305,-27,9,11,6
4,4131,4705,8836,-574,9,11,6
16,2601,2617,5218,-16,9,11,6
18,3830,4334,8164,-504,9,11,6
2,2179,2370,4549,-191,9,11,6
4,1277,1158,2435,119,9,11,6
14,6402,6004,12406,398,9,11,6
18,4383,3723,8106,660,9,11,6
4,9886,10345,20231,-459,9,11,6
19,1764,1480,3244,284,9,11,6
25,280,229,509,51,9,11,6
11,8525,8472,16997,53,9,11,6
11,2357,2197,4554,160,9,11,6
21,7050,7066,14116,-16,9,11,6
2,4706,4903,9609,-197,9,11,6
12,70,37,107,33,9,11,6
14,3640,3297,6937,343,9,11,6
6,3608,3561,7169,47,9,11,6
24,3985,3464,7449,521,9,11,6
9,4721,4823,9544,-102,9,11,6
4,2830,2620,5450,210,9,11,6
12,7987,10132,18119,-2145,9,11,6
1,7173,7205,14378,-32,9,11,6
4,1982,2600,4582,-618,9,11,6
12,4257,4531,8788,-274,9,11,6
1,1530,1594,3124,-64,9,11,6
1,812,831,1643,-19,9,11,6
6,2920,3320,6240,-400,9,11,6
25,2654,1896,4550,758,9,11,6
11,39592,30091,69683,9501,9,11,6
4,6180,6290,12470,-110,9,11,6
25,1388,1237,2625,151,9,11,6
16,5268,5870,11138,-602,9,11,6
13,3532,3250,6782,282,9,11,6
23,5827,5394,11221,433,9,11,6
25,454,333,787,121,9,11,6
19,2783,2846,5629,-63,9,11,6
23,5209,5150,10359,59,9,11,6
12,3467,3265,6732,202,9,11,6
5,4516,4669,9185,-153,9,11,6
19,2118,1832,3950,286,9,11,6
5,4221,4140,8361,81,9,11,6
13,804,1095,1899,-291,9,11,6
2,3531,3423,6954,108,9,11,6
1,8197,8571,16768,-374,9,11,6
1,3266,3294,6560,-28,9,11,6
4,1612,1710,3322,-98,9,11,6
1,18132,16866,34998,1266,9,11,6
12,1178,1041,2219,137,9,11,6
5,8246,8296,16542,-50,9,11,6
11,4078,3929,8007,149,9,11,6
12,14864,16162,31026,-1298,9,11,6
1,5348,6452,11800,-1104,9,11,6
18,2899,2967,5866,-68,9,11,6
10,787,597,1384,190,9,11,6
6,6397,6542,12939,-145,9,11,6
10,2877,2636,5513,241,9,11,6
12,2373,1709,4082,664,9,11,6
3,5832,6268,12100,-436,9,11,6
5,13042,15526,28568,-2484,9,11,6
17,10650,10235,20885,415,9,11,6
19,1598,2245,3843,-647,9,11,6
14,6538,5650,12188,888,9,11,6
16,8166,7470,15636,696,9,11,6
16,3128,2790,5918,338,9,11,6
19,2742,2882,5624,-140,9,11,6
19,2908,3006,5914,-98,9,11,6
13,4663,4352,9015,311,9,11,6
2,2983,3034,6017,-51,9,11,6
13,159,152,311,7,9,11,6
1,48110,44995,93105,3115,9,11,6
7,10366,11694,22060,-1328,9,11,6
1,4526,4555,9081,-29,9,11,6
1,9942,11256,21198,-1314,9,11,6
2,2082,2059,4141,23,9,11,6
6,3642,3948,7590,-306,9,11,6
6,1298,874,2172,424,9,11,6
7,7765,7614,15379,151,9,11,6
4,7214,7631,14845,-417,9,11,6
22,2489,2152,4641,337,9,11,6
23,4718,5109,9827,-391,9,11,6
17,3893,3956,7849,-63,9,11,6
21,5923,6634,12557,-711,9,11,6
18,6456,7252,13708,-796,9,11,6
0,7052,7408,14460,-356,9,11,6
14,5395,4989,10384,406,9,11,6
0,15190,13109,28299,2081,9,11,6
0,16321,14523,30844,1798,9,11,6
2,4067,6322,10389,-2255,9,11,6
4,10655,10368,21023,287,9,11,6
0,10038,9830,19868,208,9,11,6
1,13338,13745,27083,-407,9,11,6
9,1849,1960,3809,-111,9,11,6
14,11744,10771,22515,973,9,11,6
23,4346,4347,8693,-1,9,11,6
18,6937,8120,15057,-1183,9,11,6
6,6249,5659,11908,590,9,11,6
6,4565,4670,9235,-105,9,11,6
14,4801,4344,9145,457,9,11,6
25,3157,3319,6476,-162,9,11,6
21,13276,13357,26633,-81,9,11,6
9,3235,3041,6276,194,9,11,6
6,4858,4632,9490,226,9,11,6
8,2090,2188,4278,-98,9,11,6
5,4980,4979,9959,1,9,11,6
23,1,0,1,1,9,11,6
2,2439,2202,4641,237,9,11,6
25,72,54,126,18,9,11,6
12,4781,4620,9401,161,9,11,6
11,650,574,1224,76,9,11,6
11,956,870,1826,86,9,11,6
3,13121,13605,26726,-484,9,11,6
5,1409,1285,2694,124,9,11,6
15,1173,1081,2254,92,9,11,6
11,7346,6520,13866,826,9,11,6
6,4513,4254,8767,259,9,11,6
7,7049,8610,15659,-1561,9,11,6
4,10596,10689,21285,-93,9,11,6
6,9282,9756,19038,-474,9,11,6
4,1567,1600,3167,-33,9,11,6
5,1726,1632,3358,94,9,11,6
6,4039,4512,8551,-473,9,11,6
16,3155,3068,6223,87,9,11,6
0,10480,10903,21383,-423,9,11,6
12,15006,12134,27140,2872,9,11,6
18,1811,1740,3551,71,9,11,6
15,1991,1686,3677,305,9,11,6
10,1751,1542,3293,209,9,11,6
21,2488,2361,4849,127,9,11,6
3,8536,9738,18274,-1202,9,11,6
15,2637,1803,4440,834,9,11,6
3,8012,10327,18339,-2315,9,11,6
2,1,0,1,1,9,11,6
1,2890,3108,5998,-218,9,11,6
4,1233,1153,2386,80,9,11,6
13,4050,3663,7713,387,9,11,6
24,563,611,1174,-48,9,11,6
5,2729,2913,5642,-184,9,11,6
6,4038,4035,8073,3,9,11,6
18,7443,6972,14415,471,9,11,6
15,2028,1737,3765,291,9,11,6
13,782,579,1361,203,9,11,6
10,2554,2668,5222,-114,9,11,6
25,1433,1610,3043,-177,9,11,6
15,3481,3370,6851,111,9,11,6
17,5536,5587,11123,-51,9,11,6
11,13011,12548,25559,463,9,11,6
11,2508,2046,4554,462,9,11,6
13,3302,3080,6382,222,9,11,6
6,8248,7878,16126,370,9,11,6
4,4808,4687,9495,121,9,11,6
4,3992,3664,7656,328,9,11,6
4,2079,1962,4041,117,9,11,6
6,3291,3724,7015,-433,9,11,6
2,710,644,1354,66,9,11,6
5,5849,7073,12922,-1224,9,11,6
12,1704,1774,3478,-70,9,11,6
21,5431,5345,10776,86,9,11,6
3,6782,6827,13609,-45,9,11,6
9,1225,1204,2429,21,9,11,6
1,1903,2189,4092,-286,9,11,6
18,8926,8360,17286,566,9,11,6
1,16403,19866,36269,-3463,9,11,6
5,8141,7840,15981,301,9,11,6
4,3611,3296,6907,315,9,11,6
13,4539,4143,8682,396,9,11,6
3,22634,24621,47255,-1987,9,11,6
19,2035,2129,4164,-94,9,11,6
16,9571,10850,20421,-1279,9,11,6
13,1628,2269,3897,-641,9,11,6
1,46912,53957,100869,-7045,9,11,6
2,8482,8196,16678,286,9,11,6
22,1934,1723,3657,211,9,11,6
4,12962,12614,25576,348,9,11,6
5,4537,3940,8477,597,9,11,6
11,3899,3890,7789,9,9,11,6
13,739,785,1524,-46,9,11,6
23,8748,9013,17761,-265,9,11,6
25,12824,14655,27479,-1831,9,11,6
12,7279,6901,14180,378,9,11,6
3,5736,5672,11408,64,9,11,6
13,1162,1396,2558,-234,9,11,6
5,2751,2469,5220,282,9,11,6
8,3508,3680,7188,-172,9,11,6
22,1561,1338,2899,223,9,10,5
12,3572,3297,6869,275,9,10,5
7,1749,2014,3763,-265,9,10,5
2,2337,2213,4550,124,9,10,5
11,4163,5786,9949,-1623,9,10,5
6,7509,6596,14105,913,9,10,5
8,7348,7202,14550,146,9,10,5
22,2004,1908,3912,96,9,10,5
13,2329,2167,4496,162,9,10,5
18,2567,2816,5383,-249,9,10,5
15,2162,2206,4368,-44,9,10,5
14,2671,2502,5173,169,9,10,5
15,969,868,1837,101,9,10,5
1,15881,16461,32342,-580,9,10,5
18,1254,1537,2791,-283,9,10,5
6,2178,2318,4496,-140,9,10,5
4,5925,5590,11515,335,9,10,5
7,2815,2851,5666,-36,9,10,5
13,1124,1094,2218,30,9,10,5
1,18329,18118,36447,211,9,10,5
4,1712,1570,3282,142,9,10,5
15,661,527,1188,134,9,10,5
4,1926,2132,4058,-206,9,10,5
14,9579,9306,18885,273,9,10,5
18,1037,1052,2089,-15,9,10,5
8,678,566,1244,112,9,10,5
4,2204,2165,4369,39,9,10,5
4,3054,2950,6004,104,9,10,5
6,4674,5145,9819,-471,9,10,5
1,17511,19684,37195,-2173,9,10,5
16,2855,2910,5765,-55,9,10,5
10,3417,3370,6787,47,9,10,5
17,392,384,776,8,9,10,5
2,19034,23252,42286,-4218,9,10,5
2,1986,1944,3930,42,9,10,5
16,4434,4032,8466,402,9,10,5
4,2613,2694,5307,-81,9,10,5
5,3374,3094,6468,280,9,10,5
19,1459,1420,2879,39,9,10,5
8,7526,10271,17797,-2745,9,10,5
2,24912,25395,50307,-483,9,10,5
6,10534,6070,16604,4464,9,10,5
21,3432,3417,6849,15,9,10,5
13,270,242,512,28,9,10,5
10,1775,1550,3325,225,9,10,5
4,3071,3098,6169,-27,9,10,5
5,4591,4342,8933,249,9,10,5
13,1398,1249,2647,149,9,10,5
16,1062,1325,2387,-263,9,10,5
6,4410,4510,8920,-100,9,10,5
8,1207,1349,2556,-142,9,10,5
16,857,898,1755,-41,9,10,5
17,2449,2209,4658,240,9,10,5
11,3301,3108,6409,193,9,10,5
20,2545,2515,5060,30,9,10,5
4,5030,4675,9705,355,9,10,5
11,2127,1735,3862,392,9,10,5
6,8832,8865,17697,-33,9,10,5
12,3373,3347,6720,26,9,10,5
4,14849,14377,29226,472,9,10,5
5,2431,2315,4746,116,9,10,5
2,1960,1280,3240,680,9,10,5
1,4741,5264,10005,-523,9,10,5
11,7564,7905,15469,-341,9,10,5
1,15639,15701,31340,-62,9,10,5
18,442,433,875,9,9,10,5
25,5355,5856,11211,-501,9,10,5
8,208,205,413,3,9,10,5
5,3086,2259,5345,827,9,10,5
18,1615,1821,3436,-206,9,10,5
1,7461,7618,15079,-157,9,10,5
14,3770,3732,7502,38,9,10,5
2,8981,9117,18098,-136,9,10,5
25,646,518,1164,128,9,10,5
8,1416,1284,2700,132,9,10,5
4,4116,4343,8459,-227,9,10,5
6,5383,4066,9449,1317,9,10,5
11,2693,2359,5052,334,9,10,5
15,192,169,361,23,9,10,5
4,3821,3632,7453,189,9,10,5
15,841,807,1648,34,9,10,5
13,2467,2305,4772,162,9,10,5
11,11443,11539,22982,-96,9,10,5
11,5066,5056,10122,10,9,10,5
13,4382,4192,8574,190,9,10,5
2,3284,3035,6319,249,9,10,5
18,3691,3432,7123,259,9,10,5
4,2555,2697,5252,-142,9,10,5
3,8217,7788,16005,429,9,10,5
15,424,523,947,-99,9,10,5
16,9180,5221,14401,3959,9,10,5
4,5986,6288,12274,-302,9,10,5
8,5562,9552,15114,-3990,9,10,5
4,11279,11307,22586,-28,9,10,5
1,9003,8515,17518,488,9,10,5
6,6653,6561,13214,92,9,10,5
19,531,419,950,112,9,10,5
2,9793,9429,19222,364,9,10,5
6,3926,3763,7689,163,9,10,5
11,3045,3169,6214,-124,9,10,5
7,1671,1688,3359,-17,9,10,5
15,2293,2312,4605,-19,9,10,5
3,655,438,1093,217,9,10,5
7,4725,4418,9143,307,9,10,5
6,3011,2960,5971,51,9,10,5
8,1816,1580,3396,236,9,10,5
11,4956,4653,9609,303,9,10,5
8,10332,10573,20905,-241,9,10,5
6,6292,7015,13307,-723,9,10,5
3,8101,9630,17731,-1529,9,10,5
2,5544,4950,10494,594,9,10,5
5,3143,3417,6560,-274,9,10,5
12,2190,2084,4274,106,9,10,5
12,2271,1765,4036,506,9,10,5
6,3137,3372,6509,-235,9,10,5
13,1778,1630,3408,148,9,10,5
7,3913,3821,7734,92,9,10,5
19,59,58,117,1,9,10,5
4,5510,5113,10623,397,9,10,5
3,4905,4339,9244,566,9,10,5
20,1439,1376,2815,63,9,10,5
1,5672,5976,11648,-304,9,10,5
8,5511,5437,10948,74,9,10,5
11,2271,2183,4454,88,9,10,5
23,766,678,1444,88,9,10,5
17,5841,5766,11607,75,9,10,5
1,11947,12967,24914,-1020,9,10,5
6,8054,8039,16093,15,9,10,5
18,1487,1370,2857,117,9,10,5
20,992,646,1638,346,9,10,5
11,3747,3999,7746,-252,9,10,5
15,569,470,1039,99,9,10,5
21,2157,1839,3996,318,9,10,5
2,2748,2761,5509,-13,9,10,5
2,5197,4595,9792,602,9,10,5
23,4473,4105,8578,368,9,10,5
5,2541,2500,5041,41,9,10,5
12,1356,1319,2675,37,9,10,5
25,2699,2553,5252,146,9,10,5
12,3190,2877,6067,313,9,10,5
18,1651,1404,3055,247,9,10,5
2,957,1131,2088,-174,9,10,5
25,4034,3877,7911,157,9,10,5
1,326,298,624,28,9,10,5
12,2857,2733,5590,124,9,10,5
6,3585,4953,8538,-1368,9,10,5
12,5205,3534,8739,1671,9,10,5
25,956,809,1765,147,9,10,5
14,1394,1438,2832,-44,9,10,5
14,1976,1792,3768,184,9,10,5
2,3150,3064,6214,86,9,10,5
5,1313,1481,2794,-168,9,10,5
11,4807,4694,9501,113,9,10,5
5,3525,3270,6795,255,9,10,5
0,10510,11077,21587,-567,9,10,5
3,4496,4277,8773,219,9,10,5
3,7613,6362,13975,1251,9,10,5
1,6240,7263,13503,-1023,9,10,5
4,726,910,1636,-184,9,10,5
2,3974,4503,8477,-529,9,10,5
12,1242,1406,2648,-164,9,10,5
12,2063,2108,4171,-45,9,10,5
5,4287,3830,8117,457,9,10,5
0,6305,6796,13101,-491,9,10,5
14,8793,8854,17647,-61,9,10,5
14,7319,7009,14328,310,9,10,5
3,1448,1718,3166,-270,9,10,5
8,2967,2368,5335,599,9,10,5
11,3835,3848,7683,-13,9,10,5
4,2595,2502,5097,93,9,10,5
9,267,265,532,2,9,10,5
8,3506,3403,6909,103,9,10,5
13,1314,1113,2427,201,9,10,5
5,4203,4231,8434,-28,9,10,5
16,2670,2511,5181,159,9,10,5
1,5718,5758,11476,-40,9,10,5
6,8136,7821,15957,315,9,10,5
4,2094,2208,4302,-114,9,10,5
16,1768,1979,3747,-211,9,10,5
8,3443,3408,6851,35,9,10,5
23,2417,2393,4810,24,9,10,5
6,5430,5223,10653,207,9,10,5
15,2697,2534,5231,163,9,10,5
4,1968,1823,3791,145,9,10,5
4,2624,2616,5240,8,9,10,5
4,3385,3229,6614,156,9,10,5
5,5276,4578,9854,698,9,10,5
25,3880,3842,7722,38,9,10,5
5,6169,6416,12585,-247,9,10,5
12,3347,3308,6655,39,9,10,5
18,4077,3850,7927,227,9,10,5
18,1398,1343,2741,55,9,10,5
2,2407,2397,4804,10,9,10,5
18,1829,1745,3574,84,9,10,5
6,3995,3787,7782,208,9,10,5
6,6289,6051,12340,238,9,10,5
3,13173,14589,27762,-1416,9,10,5
4,2815,2862,5677,-47,9,10,5
11,2322,2263,4585,59,9,10,5
7,1765,1695,3460,70,9,10,5
18,7379,7892,15271,-513,9,10,5
4,5621,5776,11397,-155,9,10,5
7,2260,2206,4466,54,9,10,5
2,1415,1524,2939,-109,9,10,5
1,4262,4512,8774,-250,9,10,5
13,3612,3525,7137,87,9,10,5
7,2434,2473,4907,-39,9,10,5
18,4229,4305,8534,-76,9,10,5
4,5977,6013,11990,-36,9,10,5
3,6350,5740,12090,610,9,10,5
3,11599,10958,22557,641,9,10,5
21,2095,1833,3928,262,9,10,5
6,1422,1491,2913,-69,9,10,5
4,4705,5302,10007,-597,9,10,5
1,3210,3299,6509,-89,9,10,5
4,2027,1960,3987,67,9,10,5
12,4873,4772,9645,101,9,10,5
4,2675,2715,5390,-40,9,10,5
24,782,652,1434,130,9,10,5
13,2470,2429,4899,41,9,10,5
23,3661,3510,7171,151,9,10,5
15,104,93,197,11,9,10,5
14,3578,3637,7215,-59,9,10,5
5,865,927,1792,-62,9,10,5
17,7608,8214,15822,-606,9,10,5
15,1192,1135,2327,57,9,10,5
11,7430,7518,14948,-88,9,10,5
20,964,906,1870,58,9,10,5
6,2403,2344,4747,59,9,10,5
20,738,839,1577,-101,9,10,5
20,1349,1326,2675,23,9,10,5
5,3088,2713,5801,375,9,10,5
22,758,733,1491,25,9,10,5
12,1467,1366,2833,101,9,10,5
18,761,745,1506,16,9,10,5
18,1,0,1,1,9,10,5
7,2570,2089,4659,481,9,10,5
24,493,438,931,55,9,10,5
9,6470,6787,13257,-317,9,10,5
1,8093,7530,15623,563,9,10,5
5,3105,3022,6127,83,9,10,5
14,4271,3892,8163,379,9,10,5
10,1612,1326,2938,286,9,10,5
14,17331,18039,35370,-708,9,10,5
14,19210,21342,40552,-2132,9,10,5
22,3101,2757,5858,344,9,10,5
22,2957,3053,6010,-96,9,10,5
5,1697,1758,3455,-61,9,10,5
2,6367,7006,13373,-639,9,10,5
6,6762,6602,13364,160,9,10,5
3,9534,8081,17615,1453,9,10,5
1,11512,13175,24687,-1663,9,10,5
15,1221,1181,2402,40,9,10,5
19,2350,1954,4304,396,9,10,5
8,1141,1104,2245,37,9,10,5
21,5575,6000,11575,-425,9,10,5
7,2095,2057,4152,38,9,10,5
5,3436,2210,5646,1226,9,10,5
3,1560,2291,3851,-731,9,10,5
10,795,706,1501,89,9,10,5
1,11396,10683,22079,713,9,10,5
9,1150,1109,2259,41,9,10,5
23,9580,9091,18671,489,9,10,5
22,1035,1054,2089,-19,9,10,5
22,1183,1165,2348,18,9,10,5
9,2342,2145,4487,197,9,10,5
18,2312,2252,4564,60,9,10,5
3,8238,7702,15940,536,9,10,5
6,3660,3405,7065,255,9,10,5
21,8091,7829,15920,262,9,10,5
25,3266,3339,6605,-73,9,10,5
6,6350,6169,12519,181,9,10,5
5,3898,4713,8611,-815,9,10,5
1,4648,4487,9135,161,9,10,5
5,2404,2171,4575,233,9,10,5
4,4380,4047,8427,333,9,10,5
15,329,330,659,-1,9,10,5
5,5194,4970,10164,224,9,10,5
20,670,898,1568,-228,9,10,5
8,1184,1098,2282,86,9,10,5
13,1003,987,1990,16,9,10,5
4,3593,3648,7241,-55,9,10,5
11,641,631,1272,10,9,10,5
12,1039,905,1944,134,9,10,5
20,3443,3062,6505,381,9,10,5
1,14530,14132,28662,398,9,10,5
18,4486,4555,9041,-69,9,10,5
3,4017,10269,14286,-6252,9,10,5
13,1055,1042,2097,13,9,10,5
11,6724,1806,8530,4918,9,10,5
0,28492,28558,57050,-66,9,10,5
16,8786,7469,16255,1317,9,10,5
20,918,1009,1927,-91,9,10,5
20,1371,1229,2600,142,9,10,5
11,3872,3868,7740,4,9,10,5
1,3485,2648,6133,837,9,10,5
18,6702,7176,13878,-474,9,10,5
12,4033,4343,8376,-310,9,10,5
5,4877,4977,9854,-100,9,10,5
11,3693,3262,6955,431,9,10,5
9,3197,2463,5660,734,9,10,5
7,2408,2964,5372,-556,9,10,5
9,2101,1933,4034,168,9,10,5
18,1344,1920,3264,-576,9,10,5
1,6268,5226,11494,1042,9,10,5
17,2150,1970,4120,180,9,10,5
8,1955,1813,3768,142,9,10,5
18,927,861,1788,66,9,10,5
9,1565,1598,3163,-33,9,10,5
11,5797,5737,11534,60,9,10,5
1,6827,8070,14897,-1243,9,10,5
3,8326,8082,16408,244,9,10,5
22,1431,1678,3109,-247,9,10,5
11,3100,2741,5841,359,9,10,5
11,2028,1936,3964,92,9,10,5
11,1382,1209,2591,173,9,10,5
10,503,494,997,9,9,10,5
19,4857,5050,9907,-193,9,10,5
14,4267,4263,8530,4,9,10,5
12,3381,2876,6257,505,9,10,5
22,1313,1274,2587,39,9,10,5
22,2445,2209,4654,236,9,10,5
14,9588,9103,18691,485,9,10,5
19,1232,1209,2441,23,9,10,5
4,2907,2776,5683,131,9,10,5
11,3354,3327,6681,27,9,10,5
7,2521,2409,4930,112,9,10,5
9,1729,1777,3506,-48,9,10,5
18,2721,2754,5475,-33,9,10,5
6,5869,5589,11458,280,9,10,5
21,1495,1339,2834,156,9,10,5
13,672,691,1363,-19,9,10,5
18,6328,6576,12904,-248,9,10,5
2,8073,7937,16010,136,9,10,5
11,30264,30553,60817,-289,9,10,5
18,4875,3932,8807,943,9,10,5
18,4242,5151,9393,-909,9,10,5
3,15921,15720,31641,201,9,10,5
7,1910,1666,3576,244,9,10,5
3,4122,3804,7926,318,9,10,5
6,4065,4148,8213,-83,9,10,5
19,1596,1443,3039,153,9,10,5
0,7938,7824,15762,114,9,10,5
1,5614,4386,10000,1228,9,10,5
18,1393,1422,2815,-29,9,10,5
4,2279,2393,4672,-114,9,10,5
4,1315,1389,2704,-74,9,10,5
11,3568,3114,6682,454,9,10,5
21,1092,1024,2116,68,9,10,5
15,808,696,1504,112,9,10,5
8,7939,7771,15710,168,9,10,5
1,474,489,963,-15,9,10,5
1,5285,5517,10802,-232,9,10,5
5,2171,1850,4021,321,9,10,5
1,10996,10726,21722,270,9,10,5
6,5157,4984,10141,173,9,10,5
1,14746,15209,29955,-463,9,10,5
11,1420,1573,2993,-153,9,10,5
10,991,890,1881,101,9,10,5
20,646,874,1520,-228,9,10,5
1,23141,23057,46198,84,9,10,5
8,1354,1214,2568,140,9,10,5
8,1367,1691,3058,-324,9,10,5
8,2464,2459,4923,5,9,10,5
2,5915,6491,12406,-576,9,10,5
0,4814,4589,9403,225,9,10,5
22,749,747,1496,2,9,10,5
1,1489,1280,2769,209,9,10,5
3,6430,6457,12887,-27,9,10,5
25,235,171,406,64,9,10,5
12,4169,3921,8090,248,9,10,5
4,4916,4426,9342,490,9,10,5
1,3711,3806,7517,-95,9,10,5
24,1458,1058,2516,400,9,10,5
13,214,196,410,18,9,10,5
1,12375,12102,24477,273,9,10,5
19,873,826,1699,47,9,10,5
6,4478,4284,8762,194,9,10,5
7,1757,1845,3602,-88,9,10,5
3,12408,11088,23496,1320,9,10,5
24,1106,953,2059,153,9,10,5
24,2615,2176,4791,439,9,10,5
25,673,616,1289,57,9,10,5
4,7028,6619,13647,409,9,10,5
1,3546,3399,6945,147,9,10,5
2,12959,12773,25732,186,9,10,5
21,13419,13526,26945,-107,9,10,5
5,3297,3048,6345,249,9,10,5
11,9802,10053,19855,-251,9,10,5
7,6102,5699,11801,403,9,10,5
2,5333,5776,11109,-443,9,10,5
18,3271,4479,7750,-1208,9,10,5
4,1758,1725,3483,33,9,10,5
13,3749,3789,7538,-40,9,10,5
19,223,172,395,51,9,10,5
18,8432,8638,17070,-206,9,10,5
5,1064,1115,2179,-51,9,10,5
2,4580,4438,9018,142,9,10,5
25,1785,1656,3441,129,9,10,5
25,1048,1042,2090,6,9,10,5
2,6279,7421,13700,-1142,9,10,5
25,348,288,636,60,9,10,5
12,4803,4481,9284,322,9,10,5
1,2246,2381,4627,-135,9,10,5
8,2643,2592,5235,51,9,10,5
25,2602,2501,5103,101,9,10,5
4,1720,1557,3277,163,9,10,5
6,6266,5996,12262,270,9,10,5
19,743,650,1393,93,9,10,5
9,1743,1549,3292,194,9,10,5
4,13019,13026,26045,-7,9,10,5
4,3558,4491,8049,-933,9,10,5
8,3755,3718,7473,37,9,10,5
10,2591,2243,4834,348,9,10,5
14,11254,11184,22438,70,9,10,5
1,5036,5200,10236,-164,9,10,5
5,1600,1762,3362,-162,9,10,5
19,2280,2312,4592,-32,9,10,5
2,15505,14864,30369,641,9,10,5
8,5861,5791,11652,70,9,10,5
11,22254,23180,45434,-926,9,10,5
4,884,792,1676,92,9,10,5
1,4294,4358,8652,-64,9,10,5
4,2974,3022,5996,-48,9,10,5
16,2195,2193,4388,2,9,10,5
18,2928,2956,5884,-28,9,10,5
2,1778,1763,3541,15,9,10,5
4,918,876,1794,42,9,10,5
14,4927,4689,9616,238,9,10,5
18,3088,2493,5581,595,9,10,5
4,5827,6127,11954,-300,9,10,5
19,1347,1205,2552,142,9,10,5
25,216,206,422,10,9,10,5
11,7588,7159,14747,429,9,10,5
11,1688,1670,3358,18,9,10,5
21,5689,5941,11630,-252,9,10,5
12,67,33,100,34,9,10,5
2,3772,3732,7504,40,9,10,5
14,3040,2790,5830,250,9,10,5
6,2969,2968,5937,1,9,10,5
24,3432,3184,6616,248,9,10,5
9,2396,2458,4854,-62,9,10,5
4,1545,1395,2940,150,9,10,5
12,6301,7462,13763,-1161,9,10,5
1,5879,4949,10828,930,9,10,5
4,1635,1932,3567,-297,9,10,5
12,3935,3706,7641,229,9,10,5
1,1440,1388,2828,52,9,10,5
1,720,670,1390,50,9,10,5
6,2658,2757,5415,-99,9,10,5
25,2598,2352,4950,246,9,10,5
11,29731,29744,59475,-13,9,10,5
4,4412,4598,9010,-186,9,10,5
25,833,768,1601,65,9,10,5
16,4702,4928,9630,-226,9,10,5
13,2926,2644,5570,282,9,10,5
23,4714,4437,9151,277,9,10,5
25,490,380,870,110,9,10,5
19,2188,2279,4467,-91,9,10,5
23,3864,3674,7538,190,9,10,5
12,3126,2941,6067,185,9,10,5
5,4178,3849,8027,329,9,10,5
19,1276,1271,2547,5,9,10,5
5,7141,7304,14445,-163,9,10,5
13,843,832,1675,11,9,10,5
2,2309,2033,4342,276,9,10,5
1,5039,4956,9995,83,9,10,5
1,2726,2557,5283,169,9,10,5
4,1228,1338,2566,-110,9,10,5
1,9704,8404,18108,1300,9,10,5
12,1031,883,1914,148,9,10,5
5,7287,7188,14475,99,9,10,5
11,3136,3087,6223,49,9,10,5
12,10602,11561,22163,-959,9,10,5
1,4806,4530,9336,276,9,10,5
18,1973,2009,3982,-36,9,10,5
10,610,386,996,224,9,10,5
6,4715,4344,9059,371,9,10,5
10,2591,2545,5136,46,9,10,5
3,2776,3101,5877,-325,9,10,5
12,1621,1181,2802,440,9,10,5
5,10857,15038,25895,-4181,9,10,5
17,7325,7421,14746,-96,9,10,5
19,1474,2015,3489,-541,9,10,5
14,5581,5041,10622,540,9,10,5
16,6979,7275,14254,-296,9,10,5
16,3102,2673,5775,429,9,10,5
19,2065,2171,4236,-106,9,10,5
19,2513,2393,4906,120,9,10,5
13,3528,3599,7127,-71,9,10,5
2,2271,2175,4446,96,9,10,5
13,105,127,232,-22,9,10,5
7,7175,8303,15478,-1128,9,10,5
1,37062,35088,72150,1974,9,10,5
1,3392,3425,6817,-33,9,10,5
1,6929,7317,14246,-388,9,10,5
2,1478,1455,2933,23,9,10,5
6,3111,3115,6226,-4,9,10,5
6,1049,552,1601,497,9,10,5
7,4367,4020,8387,347,9,10,5
4,5076,5014,10090,62,9,10,5
22,2180,1783,3963,397,9,10,5
23,2867,3220,6087,-353,9,10,5
17,2375,2545,4920,-170,9,10,5
21,5937,6142,12079,-205,9,10,5
18,4342,4587,8929,-245,9,10,5
0,5059,5010,10069,49,9,10,5
14,4517,4292,8809,225,9,10,5
0,12128,10331,22459,1797,9,10,5
0,11686,10362,22048,1324,9,10,5
4,7657,7471,15128,186,9,10,5
2,2965,4509,7474,-1544,9,10,5
0,7192,6507,13699,685,9,10,5
9,1480,1338,2818,142,9,10,5
1,8478,8892,17370,-414,9,10,5
14,10560,9754,20314,806,9,10,5
23,3197,3132,6329,65,9,10,5
18,3897,4435,8332,-538,9,10,5
6,5512,4948,10460,564,9,10,5
6,3814,3650,7464,164,9,10,5
14,4136,3834,7970,302,9,10,5
25,2828,2670,5498,158,9,10,5
21,9202,10189,19391,-987,9,10,5
9,2425,2297,4722,128,9,10,5
6,4084,3821,7905,263,9,10,5
8,2034,1991,4025,43,9,10,5
5,4236,4211,8447,25,9,10,5
2,1891,1746,3637,145,9,10,5
25,74,64,138,10,9,10,5
12,3955,3839,7794,116,9,10,5
11,644,622,1266,22,9,10,5
11,804,624,1428,180,9,10,5
3,10245,10739,20984,-494,9,10,5
12,2,0,2,2,9,10,5
5,1233,1126,2359,107,9,10,5
15,1030,971,2001,59,9,10,5
11,6818,6423,13241,395,9,10,5
6,3543,3413,6956,130,9,10,5
7,4854,5706,10560,-852,9,10,5
4,6729,6971,13700,-242,9,10,5
6,7369,7764,15133,-395,9,10,5
5,1367,1228,2595,139,9,10,5
4,1340,1181,2521,159,9,10,5
6,3366,3442,6808,-76,9,10,5
16,2275,2173,4448,102,9,10,5
12,11435,11264,22699,171,9,10,5
0,8949,8857,17806,92,9,10,5
18,1325,1288,2613,37,9,10,5
15,1765,1564,3329,201,9,10,5
10,1438,1331,2769,107,9,10,5
21,1990,1877,3867,113,9,10,5
3,6426,7034,13460,-608,9,10,5
15,2113,1711,3824,402,9,10,5
3,7587,9905,17492,-2318,9,10,5
4,949,905,1854,44,9,10,5
1,2362,2292,4654,70,9,10,5
13,3053,2858,5911,195,9,10,5
24,435,403,838,32,9,10,5
5,2248,2217,4465,31,9,10,5
6,3370,2928,6298,442,9,10,5
18,6342,5982,12324,360,9,10,5
15,1612,1467,3079,145,9,10,5
13,776,654,1430,122,9,10,5
10,1292,1309,2601,-17,9,10,5
25,1001,1078,2079,-77,9,10,5
15,2732,2723,5455,9,9,10,5
17,3824,3809,7633,15,9,10,5
11,11522,11089,22611,433,9,10,5
11,2065,1917,3982,148,9,10,5
13,2457,2271,4728,186,9,10,5
6,6236,5632,11868,604,9,10,5
4,3481,3361,6842,120,9,10,5
4,3026,2931,5957,95,9,10,5
4,1277,1285,2562,-8,9,10,5
6,2337,2282,4619,55,9,10,5
2,426,426,852,0,9,10,5
5,3837,4432,8269,-595,9,10,5
12,1542,1510,3052,32,9,10,5
21,4466,4539,9005,-73,9,10,5
3,5636,5439,11075,197,9,10,5
9,993,801,1794,192,9,10,5
1,1611,1524,3135,87,9,10,5
18,6327,6128,12455,199,9,10,5
1,11048,12689,23737,-1641,9,10,5
5,5694,5333,11027,361,9,10,5
4,3031,2527,5558,504,9,10,5
13,3530,3649,7179,-119,9,10,5
3,14261,14869,29130,-608,9,10,5
19,1766,1776,3542,-10,9,10,5
13,914,1579,2493,-665,9,10,5
1,33802,38343,72145,-4541,9,10,5
16,6807,6892,13699,-85,9,10,5
2,7314,6816,14130,498,9,10,5
22,1722,1620,3342,102,9,10,5
4,10348,9700,20048,648,9,10,5
5,3690,3072,6762,618,9,10,5
11,3232,3188,6420,44,9,10,5
13,555,521,1076,34,9,10,5
23,6162,6502,12664,-340,9,10,5
25,11949,11525,23474,424,9,10,5
12,5648,5438,11086,210,9,10,5
3,4132,3571,7703,561,9,10,5
13,1023,1169,2192,-146,9,10,5
5,2411,2041,4452,370,9,10,5
8,3057,2828,5885,229,9,10,5
22,1718,1357,3075,361,9,9,4
12,3782,3677,7459,105,9,9,4
7,3745,4044,7789,-299,9,9,4
2,4310,3993,8303,317,9,9,4
6,10433,8138,18571,2295,9,9,4
11,5185,6005,11190,-820,9,9,4
8,10021,8213,18234,1808,9,9,4
22,2127,2079,4206,48,9,9,4
13,2970,2384,5354,586,9,9,4
18,4073,3323,7396,750,9,9,4
15,1644,2441,4085,-797,9,9,4
14,2886,2862,5748,24,9,9,4
15,1267,1081,2348,186,9,9,4
1,28144,28180,56324,-36,9,9,4
18,2148,2354,4502,-206,9,9,4
6,3828,3945,7773,-117,9,9,4
4,7561,6761,14322,800,9,9,4
7,4075,3797,7872,278,9,9,4
13,1358,1235,2593,123,9,9,4
1,20689,34368,55057,-13679,9,9,4
4,2137,1976,4113,161,9,9,4
15,467,632,1099,-165,9,9,4
4,2375,2496,4871,-121,9,9,4
14,10928,10185,21113,743,9,9,4
18,1600,1602,3202,-2,9,9,4
8,1113,1002,2115,111,9,9,4
4,2612,2549,5161,63,9,9,4
4,3800,3411,7211,389,9,9,4
6,7027,6692,13719,335,9,9,4
1,23691,23830,47521,-139,9,9,4
16,3295,3482,6777,-187,9,9,4
10,4295,4672,8967,-377,9,9,4
17,507,445,952,62,9,9,4
2,15143,17578,32721,-2435,9,9,4
2,2623,2216,4839,407,9,9,4
16,5306,5096,10402,210,9,9,4
4,3856,3632,7488,224,9,9,4
5,4400,3368,7768,1032,9,9,4
19,1615,1710,3325,-95,9,9,4
2,29492,57737,87229,-28245,9,9,4
8,8938,22901,31839,-13963,9,9,4
6,8938,11060,19998,-2122,9,9,4
21,4120,4115,8235,5,9,9,4
13,303,299,602,4,9,9,4
10,1848,1990,3838,-142,9,9,4
5,6356,5684,12040,672,9,9,4
13,1715,1302,3017,413,9,9,4
4,4239,4072,8311,167,9,9,4
16,1322,1448,2770,-126,9,9,4
6,6125,5104,11229,1021,9,9,4
8,1641,1624,3265,17,9,9,4
16,1062,1104,2166,-42,9,9,4
17,3150,2793,5943,357,9,9,4
11,3554,3552,7106,2,9,9,4
20,2520,2443,4963,77,9,9,4
4,6061,5740,11801,321,9,9,4
11,2020,2512,4532,-492,9,9,4
6,12728,13108,25836,-380,9,9,4
12,4351,3682,8033,669,9,9,4
4,13538,13176,26714,362,9,9,4
5,3436,2954,6390,482,9,9,4
1,8435,8991,17426,-556,9,9,4
2,3738,2075,5813,1663,9,9,4
11,9190,9112,18302,78,9,9,4
1,21671,18613,40284,3058,9,9,4
18,667,568,1235,99,9,9,4
25,6565,6878,13443,-313,9,9,4
8,305,272,577,33,9,9,4
5,3728,2624,6352,1104,9,9,4
18,2087,2529,4616,-442,9,9,4
1,11022,9214,20236,1808,9,9,4
14,6780,6560,13340,220,9,9,4
2,10741,11172,21913,-431,9,9,4
25,507,787,1294,-280,9,9,4
8,2102,1952,4054,150,9,9,4
4,5208,4929,10137,279,9,9,4
6,7249,4544,11793,2705,9,9,4
11,3141,2815,5956,326,9,9,4
15,159,187,346,-28,9,9,4
4,4631,4097,8728,534,9,9,4
15,794,811,1605,-17,9,9,4
13,2959,3077,6036,-118,9,9,4
11,13802,13670,27472,132,9,9,4
11,5774,5516,11290,258,9,9,4
13,5018,4805,9823,213,9,9,4
2,3878,3338,7216,540,9,9,4
18,4837,4552,9389,285,9,9,4
4,3782,3919,7701,-137,9,9,4
3,9871,8592,18463,1279,9,9,4
15,384,524,908,-140,9,9,4
8,5970,13038,19008,-7068,9,9,4
16,10269,6376,16645,3893,9,9,4
4,6387,8000,14387,-1613,9,9,4
4,15397,12825,28222,2572,9,9,4
1,15182,10042,25224,5140,9,9,4
6,7268,6955,14223,313,9,9,4
19,772,608,1380,164,9,9,4
2,12320,18087,30407,-5767,9,9,4
6,5267,4117,9384,1150,9,9,4
11,4180,3540,7720,640,9,9,4
7,2184,2199,4383,-15,9,9,4
15,2729,3248,5977,-519,9,9,4
3,721,534,1255,187,9,9,4
7,6417,5419,11836,998,9,9,4
6,4539,4133,8672,406,9,9,4
8,2636,2029,4665,607,9,9,4
11,7163,6051,13214,1112,9,9,4
8,15844,13382,29226,2462,9,9,4
3,9954,11456,21410,-1502,9,9,4
6,8886,9409,18295,-523,9,9,4
2,7038,5693,12731,1345,9,9,4
5,3580,3970,7550,-390,9,9,4
12,2377,2547,4924,-170,9,9,4
12,2280,1776,4056,504,9,9,4
6,5292,5183,10475,109,9,9,4
13,1916,1954,3870,-38,9,9,4
7,5349,4877,10226,472,9,9,4
19,70,62,132,8,9,9,4
4,6782,5502,12284,1280,9,9,4
3,5122,4967,10089,155,9,9,4
20,2087,1452,3539,635,9,9,4
8,8283,6920,15203,1363,9,9,4
1,7311,7665,14976,-354,9,9,4
11,2756,2617,5373,139,9,9,4
23,947,847,1794,100,9,9,4
17,5141,5337,10478,-196,9,9,4
1,14815,15871,30686,-1056,9,9,4
6,10064,9715,19779,349,9,9,4
18,1970,1699,3669,271,9,9,4
20,1069,692,1761,377,9,9,4
11,4656,4225,8881,431,9,9,4
15,548,589,1137,-41,9,9,4
21,2604,2391,4995,213,9,9,4
2,4008,3415,7423,593,9,9,4
2,6751,5962,12713,789,9,9,4
23,5535,5131,10666,404,9,9,4
5,3677,3191,6868,486,9,9,4
12,1648,1652,3300,-4,9,9,4
25,3197,3404,6601,-207,9,9,4
12,3602,3495,7097,107,9,9,4
2,1617,1654,3271,-37,9,9,4
18,2629,2285,4914,344,9,9,4
25,5041,4935,9976,106,9,9,4
1,441,389,830,52,9,9,4
12,3088,2925,6013,163,9,9,4
6,4132,6106,10238,-1974,9,9,4
12,5701,3929,9630,1772,9,9,4
25,1199,1008,2207,191,9,9,4
14,1426,1516,2942,-90,9,9,4
14,2345,2277,4622,68,9,9,4
2,3911,4098,8009,-187,9,9,4
5,1465,1639,3104,-174,9,9,4
11,6416,5292,11708,1124,9,9,4
5,4250,3629,7879,621,9,9,4
0,9757,10446,20203,-689,9,9,4
3,6086,6150,12236,-64,9,9,4
4,869,1031,1900,-162,9,9,4
3,8939,7720,16659,1219,9,9,4
1,7977,9300,17277,-1323,9,9,4
2,4359,4768,9127,-409,9,9,4
12,1283,2010,3293,-727,9,9,4
12,2109,2551,4660,-442,9,9,4
5,5349,4576,9925,773,9,9,4
0,8823,8918,17741,-95,9,9,4
14,9433,10173,19606,-740,9,9,4
14,7768,8394,16162,-626,9,9,4
8,1617,1431,3048,186,9,9,4
3,1118,1313,2431,-195,9,9,4
11,5396,4419,9815,977,9,9,4
4,3883,3664,7547,219,9,9,4
9,352,369,721,-17,9,9,4
8,5268,4504,9772,764,9,9,4
13,1483,1168,2651,315,9,9,4
5,4993,4908,9901,85,9,9,4
16,3612,2817,6429,795,9,9,4
1,8681,8654,17335,27,9,9,4
6,9096,8343,17439,753,9,9,4
4,3205,3150,6355,55,9,9,4
16,2135,2066,4201,69,9,9,4
8,4832,4069,8901,763,9,9,4
23,3415,3255,6670,160,9,9,4
6,6269,5604,11873,665,9,9,4
15,2743,3013,5756,-270,9,9,4
4,2872,2681,5553,191,9,9,4
4,3142,3203,6345,-61,9,9,4
4,4303,4086,8389,217,9,9,4
5,6665,4725,11390,1940,9,9,4
25,4717,4417,9134,300,9,9,4
5,10535,11050,21585,-515,9,9,4
12,3926,3920,7846,6,9,9,4
18,6369,5207,11576,1162,9,9,4
18,1589,1575,3164,14,9,9,4
2,3488,3308,6796,180,9,9,4
18,2395,2061,4456,334,9,9,4
6,5045,4595,9640,450,9,9,4
6,7475,6871,14346,604,9,9,4
3,14151,16038,30189,-1887,9,9,4
4,3673,3662,7335,11,9,9,4
11,2667,2455,5122,212,9,9,4
18,14620,15197,29817,-577,9,9,4
7,3673,3181,6854,492,9,9,4
4,7267,6695,13962,572,9,9,4
7,2799,2468,5267,331,9,9,4
2,1928,1801,3729,127,9,9,4
1,6188,6216,12404,-28,9,9,4
13,4093,4551,8644,-458,9,9,4
7,4122,3574,7696,548,9,9,4
18,6765,6799,13564,-34,9,9,4
4,8269,7690,15959,579,9,9,4
3,7856,6872,14728,984,9,9,4
3,14669,13309,27978,1360,9,9,4
21,2337,2278,4615,59,9,9,4
6,2740,2797,5537,-57,9,9,4
4,7517,7853,15370,-336,9,9,4
1,4774,4707,9481,67,9,9,4
4,2941,2766,5707,175,9,9,4
12,5362,5174,10536,188,9,9,4
4,3281,3073,6354,208,9,9,4
24,920,1056,1976,-136,9,9,4
13,3113,3096,6209,17,9,9,4
23,5387,5315,10702,72,9,9,4
15,90,101,191,-11,9,9,4
14,3842,3954,7796,-112,9,9,4
5,953,1033,1986,-80,9,9,4
17,11655,11881,23536,-226,9,9,4
15,1697,1542,3239,155,9,9,4
11,9585,9105,18690,480,9,9,4
6,3100,2684,5784,416,9,9,4
20,1268,938,2206,330,9,9,4
20,825,908,1733,-83,9,9,4
20,1746,1604,3350,142,9,9,4
22,850,742,1592,108,9,9,4
5,3892,2730,6622,1162,9,9,4
12,1413,1439,2852,-26,9,9,4
18,1085,1071,2156,14,9,9,4
7,4015,3325,7340,690,9,9,4
18,2,0,2,2,9,9,4
24,619,572,1191,47,9,9,4
9,6490,6841,13331,-351,9,9,4
1,11855,9170,21025,2685,9,9,4
5,3541,3500,7041,41,9,9,4
14,4616,4289,8905,327,9,9,4
10,1712,2031,3743,-319,9,9,4
14,21941,22199,44140,-258,9,9,4
14,21692,25882,47574,-4190,9,9,4
22,3725,2850,6575,875,9,9,4
22,2733,2617,5350,116,9,9,4
2,8421,8968,17389,-547,9,9,4
5,2640,2442,5082,198,9,9,4
6,7858,7327,15185,531,9,9,4
1,16473,18130,34603,-1657,9,9,4
3,13289,10820,24109,2469,9,9,4
15,1273,1363,2636,-90,9,9,4
19,2644,2300,4944,344,9,9,4
8,1599,1419,3018,180,9,9,4
21,7888,8407,16295,-519,9,9,4
7,2642,2517,5159,125,9,9,4
3,2470,2945,5415,-475,9,9,4
5,3616,2431,6047,1185,9,9,4
10,1131,1079,2210,52,9,9,4
1,15408,14801,30209,607,9,9,4
9,1932,1680,3612,252,9,9,4
23,11397,10704,22101,693,9,9,4
22,1177,1166,2343,11,9,9,4
22,1344,1307,2651,37,9,9,4
9,3430,2614,6044,816,9,9,4
18,2855,2911,5766,-56,9,9,4
3,9576,8866,18442,710,9,9,4
6,5511,3933,9444,1578,9,9,4
21,8973,9147,18120,-174,9,9,4
25,3842,3460,7302,382,9,9,4
6,8596,7658,16254,938,9,9,4
5,5690,6089,11779,-399,9,9,4
1,6443,5266,11709,1177,9,9,4
5,2942,2169,5111,773,9,9,4
4,5753,5216,10969,537,9,9,4
15,353,438,791,-85,9,9,4
5,5913,5368,11281,545,9,9,4
20,652,890,1542,-238,9,9,4
8,1717,1518,3235,199,9,9,4
13,1410,1029,2439,381,9,9,4
4,4339,4158,8497,181,9,9,4
11,760,792,1552,-32,9,9,4
12,1285,1233,2518,52,9,9,4
20,4611,3377,7988,1234,9,9,4
1,23759,17600,41359,6159,9,9,4
18,6171,5958,12129,213,9,9,4
0,26967,38417,65384,-11450,9,9,4
16,7223,9942,17165,-2719,9,9,4
11,5637,2773,8410,2864,9,9,4
3,4245,13522,17767,-9277,9,9,4
13,1204,1351,2555,-147,9,9,4
20,1087,1051,2138,36,9,9,4
20,1757,1106,2863,651,9,9,4
11,5370,4776,10146,594,9,9,4
1,5006,3913,8919,1093,9,9,4
18,11724,11736,23460,-12,9,9,4
5,5836,5693,11529,143,9,9,4
12,5056,4891,9947,165,9,9,4
11,4216,4055,8271,161,9,9,4
9,4389,3181,7570,1208,9,9,4
7,3418,3824,7242,-406,9,9,4
9,3005,2357,5362,648,9,9,4
18,2327,3017,5344,-690,9,9,4
1,10630,8567,19197,2063,9,9,4
17,2916,2729,5645,187,9,9,4
8,2797,2197,4994,600,9,9,4
9,2451,2219,4670,232,9,9,4
18,1480,1225,2705,255,9,9,4
11,8106,6758,14864,1348,9,9,4
1,11852,13585,25437,-1733,9,9,4
3,11627,9672,21299,1955,9,9,4
22,1889,2163,4052,-274,9,9,4
11,3568,3358,6926,210,9,9,4
11,2143,2349,4492,-206,9,9,4
11,1681,1507,3188,174,9,9,4
10,328,536,864,-208,9,9,4
19,5172,5513,10685,-341,9,9,4
14,4520,4750,9270,-230,9,9,4
12,2991,3103,6094,-112,9,9,4
22,1381,1264,2645,117,9,9,4
22,2644,2262,4906,382,9,9,4
14,11419,11763,23182,-344,9,9,4
19,1361,1389,2750,-28,9,9,4
4,3481,3343,6824,138,9,9,4
11,4089,3654,7743,435,9,9,4
7,3665,3391,7056,274,9,9,4
9,2945,2955,5900,-10,9,9,4
18,5757,5208,10965,549,9,9,4
6,6379,6485,12864,-106,9,9,4
21,1979,1650,3629,329,9,9,4
13,853,748,1601,105,9,9,4
2,8289,10396,18685,-2107,9,9,4
18,6492,9255,15747,-2763,9,9,4
18,6023,5455,11478,568,9,9,4
11,33519,39066,72585,-5547,9,9,4
18,6031,6196,12227,-165,9,9,4
3,18995,17342,36337,1653,9,9,4
7,2797,2297,5094,500,9,9,4
3,5919,4945,10864,974,9,9,4
6,5896,4683,10579,1213,9,9,4
19,1823,1764,3587,59,9,9,4
1,6257,4781,11038,1476,9,9,4
0,8251,7969,16220,282,9,9,4
18,1824,1854,3678,-30,9,9,4
4,2696,2548,5244,148,9,9,4
11,4465,3218,7683,1247,9,9,4
4,1819,1541,3360,278,9,9,4
21,1188,1203,2391,-15,9,9,4
15,889,780,1669,109,9,9,4
8,14239,13282,27521,957,9,9,4
1,727,624,1351,103,9,9,4
5,3118,2466,5584,652,9,9,4
1,7462,7086,14548,376,9,9,4
1,14324,11549,25873,2775,9,9,4
6,7475,5812,13287,1663,9,9,4
1,21907,21552,43459,355,9,9,4
11,1957,1764,3721,193,9,9,4
10,916,1277,2193,-361,9,9,4
1,32921,25093,58014,7828,9,9,4
20,924,1014,1938,-90,9,9,4
8,1635,1216,2851,419,9,9,4
8,1762,1904,3666,-142,9,9,4
8,3084,2834,5918,250,9,9,4
2,11841,12168,24009,-327,9,9,4
1,2100,1721,3821,379,9,9,4
0,6706,5262,11968,1444,9,9,4
22,872,836,1708,36,9,9,4
3,7115,9536,16651,-2421,9,9,4
25,178,187,365,-9,9,9,4
12,4931,4269,9200,662,9,9,4
4,5925,4777,10702,1148,9,9,4
1,4958,4581,9539,377,9,9,4
24,1805,1864,3669,-59,9,9,4
1,20124,17464,37588,2660,9,9,4
13,306,287,593,19,9,9,4
19,1067,1105,2172,-38,9,9,4
6,5455,4806,10261,649,9,9,4
7,2507,2567,5074,-60,9,9,4
3,14448,12773,27221,1675,9,9,4
24,1589,1442,3031,147,9,9,4
24,2871,3597,6468,-726,9,9,4
25,480,709,1189,-229,9,9,4
4,8071,7384,15455,687,9,9,4
1,5042,4215,9257,827,9,9,4
2,12982,13615,26597,-633,9,9,4
21,12605,14187,26792,-1582,9,9,4
5,5811,3823,9634,1988,9,9,4
11,12424,12463,24887,-39,9,9,4
7,8268,7273,15541,995,9,9,4
2,14478,15239,29717,-761,9,9,4
18,8592,10325,18917,-1733,9,9,4
4,2223,1985,4208,238,9,9,4
13,4810,4953,9763,-143,9,9,4
19,216,204,420,12,9,9,4
18,11908,13910,25818,-2002,9,9,4
5,1575,1479,3054,96,9,9,4
2,5833,5124,10957,709,9,9,4
25,1655,1951,3606,-296,9,9,4
25,1290,1091,2381,199,9,9,4
2,9270,9502,18772,-232,9,9,4
25,364,352,716,12,9,9,4
12,4801,5143,9944,-342,9,9,4
1,2914,2750,5664,164,9,9,4
8,4042,3022,7064,1020,9,9,4
4,2595,1979,4574,616,9,9,4
25,2130,3426,5556,-1296,9,9,4
6,8433,6393,14826,2040,9,9,4
19,766,681,1447,85,9,9,4
9,2596,2086,4682,510,9,9,4
4,11908,11720,23628,188,9,9,4
8,5732,5568,11300,164,9,9,4
4,5227,6282,11509,-1055,9,9,4
10,2255,3883,6138,-1628,9,9,4
14,13847,13486,27333,361,9,9,4
1,8201,8199,16400,2,9,9,4
5,1804,1937,3741,-133,9,9,4
19,2931,2662,5593,269,9,9,4
2,20341,18581,38922,1760,9,9,4
5,1,0,1,1,9,9,4
8,8324,6520,14844,1804,9,9,4
11,25905,27901,53806,-1996,9,9,4
4,1241,980,2221,261,9,9,4
1,6526,6027,12553,499,9,9,4
4,4165,3697,7862,468,9,9,4
16,2329,2576,4905,-247,9,9,4
18,4829,3927,8756,902,9,9,4
2,2329,2056,4385,273,9,9,4
4,1107,1105,2212,2,9,9,4
14,6515,5215,11730,1300,9,9,4
18,5243,4103,9346,1140,9,9,4
4,8692,9011,17703,-319,9,9,4
19,1746,1480,3226,266,9,9,4
25,217,288,505,-71,9,9,4
11,9295,8594,17889,701,9,9,4
11,2311,2001,4312,310,9,9,4
21,5698,6472,12170,-774,9,9,4
2,4686,4407,9093,279,9,9,4
12,40,58,98,-18,9,9,4
14,3450,3131,6581,319,9,9,4
6,3751,3869,7620,-118,9,9,4
24,4423,5425,9848,-1002,9,9,4
4,1869,1700,3569,169,9,9,4
9,2938,2861,5799,77,9,9,4
12,9421,9297,18718,124,9,9,4
4,2001,2560,4561,-559,9,9,4
1,8385,6431,14816,1954,9,9,4
12,5492,4099,9591,1393,9,9,4
1,1839,1369,3208,470,9,9,4
1,1284,1208,2492,76,9,9,4
6,2975,2930,5905,45,9,9,4
25,1437,3044,4481,-1607,9,9,4
11,29335,41436,70771,-12101,9,9,4
4,6663,6359,13022,304,9,9,4
25,798,886,1684,-88,9,9,4
16,5866,5661,11527,205,9,9,4
13,3525,3454,6979,71,9,9,4
23,5812,5721,11533,91,9,9,4
25,318,518,836,-200,9,9,4
19,2680,2818,5498,-138,9,9,4
23,5474,4713,10187,761,9,9,4
12,3629,3197,6826,432,9,9,4
5,5250,4602,9852,648,9,9,4
19,1570,1541,3111,29,9,9,4
5,3764,3833,7597,-69,9,9,4
13,1304,1069,2373,235,9,9,4
1,6395,6411,12806,-16,9,9,4
2,3021,2632,5653,389,9,9,4
4,1919,2069,3988,-150,9,9,4
1,4111,4047,8158,64,9,9,4
1,12914,12986,25900,-72,9,9,4
12,1157,921,2078,236,9,9,4
5,8865,8158,17023,707,9,9,4
11,3789,3745,7534,44,9,9,4
12,13913,14790,28703,-877,9,9,4
1,7352,5781,13133,1571,9,9,4
10,890,547,1437,343,9,9,4
18,2781,2683,5464,98,9,9,4
6,7102,5924,13026,1178,9,9,4
10,2775,3603,6378,-828,9,9,4
3,5026,5360,10386,-334,9,9,4
12,2116,1492,3608,624,9,9,4
5,12779,15675,28454,-2896,9,9,4
17,9429,9170,18599,259,9,9,4
14,4027,3571,7598,456,9,9,4
19,1147,1862,3009,-715,9,9,4
16,7347,7759,15106,-412,9,9,4
16,3364,3089,6453,275,9,9,4
19,2820,3019,5839,-199,9,9,4
19,3445,2812,6257,633,9,9,4
13,4623,4674,9297,-51,9,9,4
2,2997,2857,5854,140,9,9,4
13,106,88,194,18,9,9,4
1,45011,45377,90388,-366,9,9,4
7,9243,11234,20477,-1991,9,9,4
1,4748,4534,9282,214,9,9,4
1,11505,11792,23297,-287,9,9,4
2,2049,1962,4011,87,9,9,4
6,4274,3521,7795,753,9,9,4
6,984,757,1741,227,9,9,4
7,7759,7301,15060,458,9,9,4
4,6682,5886,12568,796,9,9,4
22,2644,1971,4615,673,9,9,4
23,3797,4123,7920,-326,9,9,4
17,3543,3523,7066,20,9,9,4
21,7212,6056,13268,1156,9,9,4
18,7074,6735,13809,339,9,9,4
0,11315,11053,22368,262,9,9,4
14,5067,5050,10117,17,9,9,4
0,12578,11273,23851,1305,9,9,4
2,3556,5363,8919,-1807,9,9,4
4,8378,8399,16777,-21,9,9,4
0,13701,12200,25901,1501,9,9,4
0,12022,11758,23780,264,9,9,4
9,2688,2107,4795,581,9,9,4
1,24186,26922,51108,-2736,9,9,4
14,11694,10127,21821,1567,9,9,4
23,4341,4322,8663,19,9,9,4
18,6456,6571,13027,-115,9,9,4
6,6161,5345,11506,816,9,9,4
6,4763,4116,8879,647,9,9,4
14,4690,4723,9413,-33,9,9,4
25,3387,2842,6229,545,9,9,4
21,10642,12131,22773,-1489,9,9,4
9,2950,2757,5707,193,9,9,4
6,4830,4420,9250,410,9,9,4
8,3086,2650,5736,436,9,9,4
5,5115,4666,9781,449,9,9,4
2,2473,2202,4675,271,9,9,4
25,45,86,131,-41,9,9,4
12,4160,4673,8833,-513,9,9,4
11,674,814,1488,-140,9,9,4
11,867,816,1683,51,9,9,4
3,13313,14056,27369,-743,9,9,4
5,1461,1161,2622,300,9,9,4
15,1054,1189,2243,-135,9,9,4
11,6830,9463,16293,-2633,9,9,4
6,4996,4590,9586,406,9,9,4
4,9464,8839,18303,625,9,9,4
7,6932,7511,14443,-579,9,9,4
6,9356,9075,18431,281,9,9,4
4,1660,1465,3125,195,9,9,4
5,1592,1471,3063,121,9,9,4
6,4992,5034,10026,-42,9,9,4
16,3191,3130,6321,61,9,9,4
12,11891,15068,26959,-3177,9,9,4
0,14563,14784,29347,-221,9,9,4
18,1834,1722,3556,112,9,9,4
15,1463,2138,3601,-675,9,9,4
10,1829,1921,3750,-92,9,9,4
21,2234,2431,4665,-197,9,9,4
3,9972,10319,20291,-347,9,9,4
15,1834,2047,3881,-213,9,9,4
3,7784,8351,16135,-567,9,9,4
2,2,0,2,2,9,9,4
4,1159,1020,2179,139,9,9,4
1,3186,3058,6244,128,9,9,4
13,3809,3701,7510,108,9,9,4
24,733,554,1287,179,9,9,4
5,2750,2765,5515,-15,9,9,4
6,4172,3554,7726,618,9,9,4
18,8696,7787,16483,909,9,9,4
15,1916,1815,3731,101,9,9,4
13,824,763,1587,61,9,9,4
10,2095,1735,3830,360,9,9,4
25,1233,1250,2483,-17,9,9,4
15,3265,3467,6732,-202,9,9,4
17,5526,5126,10652,400,9,9,4
11,13208,14409,27617,-1201,9,9,4
11,2374,2710,5084,-336,9,9,4
13,3116,3261,6377,-145,9,9,4
6,8130,7087,15217,1043,9,9,4
4,4294,4406,8700,-112,9,9,4
4,4283,4100,8383,183,9,9,4
4,1955,1978,3933,-23,9,9,4
6,3995,3512,7507,483,9,9,4
2,684,596,1280,88,9,9,4
5,5722,7308,13030,-1586,9,9,4
12,2009,1845,3854,164,9,9,4
21,5444,5338,10782,106,9,9,4
3,7237,6086,13323,1151,9,9,4
9,1204,891,2095,313,9,9,4
1,2579,2010,4589,569,9,9,4
18,7682,6765,14447,917,9,9,4
1,16384,18144,34528,-1760,9,9,4
5,7970,7357,15327,613,9,9,4
4,3544,2857,6401,687,9,9,4
13,4234,4251,8485,-17,9,9,4
3,19073,18507,37580,566,9,9,4
19,2027,1888,3915,139,9,9,4
1,45702,48634,94336,-2932,9,9,4
13,1482,1693,3175,-211,9,9,4
16,9815,9028,18843,787,9,9,4
2,9062,8015,17077,1047,9,9,4
22,1864,1587,3451,277,9,9,4
4,13312,11110,24422,2202,9,9,4
5,4516,3556,8072,960,9,9,4
11,3695,3709,7404,-14,9,9,4
13,845,627,1472,218,9,9,4
23,8200,8528,16728,-328,9,9,4
25,16534,11783,28317,4751,9,9,4
12,6086,6594,12680,-508,9,9,4
3,9897,10289,20186,-392,9,9,4
13,1364,1309,2673,55,9,9,4
5,3007,2498,5505,509,9,9,4
8,4088,3610,7698,478,9,9,4
22,4831,4410,9241,421,9,8,3
12,7653,7217,14870,436,9,8,3
2,10217,10103,20320,114,9,8,3
7,8753,9780,18533,-1027,9,8,3
6,44879,43581,88460,1298,9,8,3
11,18362,20829,39191,-2467,9,8,3
8,23547,21642,45189,1905,9,8,3
22,4646,4419,9065,227,9,8,3
13,6824,6236,13060,588,9,8,3
18,14395,13820,28215,575,9,8,3
15,1660,2011,3671,-351,9,8,3
14,6637,6209,12846,428,9,8,3
15,3272,2713,5985,559,9,8,3
1,83374,82412,165786,962,9,8,3
6,17445,19148,36593,-1703,9,8,3
18,9935,11494,21429,-1559,9,8,3
4,19361,17659,37020,1702,9,8,3
7,10931,10986,21917,-55,9,8,3
13,3513,3035,6548,478,9,8,3
1,38025,46592,84617,-8567,9,8,3
4,4993,4679,9672,314,9,8,3
15,543,437,980,106,9,8,3
4,6882,7114,13996,-232,9,8,3
14,23685,22701,46386,984,9,8,3
18,4353,4448,8801,-95,9,8,3
8,2818,1959,4777,859,9,8,3
4,6065,5585,11650,480,9,8,3
4,10979,10147,21126,832,9,8,3
1,40679,43174,83853,-2495,9,8,3
6,15950,15825,31775,125,9,8,3
16,7130,7295,14425,-165,9,8,3
10,9328,9035,18363,293,9,8,3
17,1194,1149,2343,45,9,8,3
2,25587,25214,50801,373,9,8,3
2,7523,7235,14758,288,9,8,3
16,12310,11669,23979,641,9,8,3
4,10505,10322,20827,183,9,8,3
5,10974,9717,20691,1257,9,8,3
19,5195,4835,10030,360,9,8,3
8,16056,29543,45599,-13487,9,8,3
2,53589,79958,133547,-26369,9,8,3
6,17924,18722,36646,-798,9,8,3
21,10070,9842,19912,228,9,8,3
13,632,678,1310,-46,9,8,3
10,2818,2640,5458,178,9,8,3
4,14490,15467,29957,-977,9,8,3
16,2653,3275,5928,-622,9,8,3
13,3940,3534,7474,406,9,8,3
5,19656,19017,38673,639,9,8,3
6,14543,13080,27623,1463,9,8,3
8,3193,3289,6482,-96,9,8,3
16,2392,2442,4834,-50,9,8,3
17,7032,6332,13364,700,9,8,3
11,7952,7464,15416,488,9,8,3
20,3015,2923,5938,92,9,8,3
4,14411,13173,27584,1238,9,8,3
11,3835,3860,7695,-25,9,8,3
6,24860,25327,50187,-467,9,8,3
12,10788,9706,20494,1082,9,8,3
4,31665,33412,65077,-1747,9,8,3
5,9798,9002,18800,796,9,8,3
2,15003,9580,24583,5423,9,8,3
1,33527,38165,71692,-4638,9,8,3
11,19527,20207,39734,-680,9,8,3
1,61787,60261,122048,1526,9,8,3
18,2669,2328,4997,341,9,8,3
25,14734,15388,30122,-654,9,8,3
8,1148,1162,2310,-14,9,8,3
5,8611,6250,14861,2361,9,8,3
18,5739,6068,11807,-329,9,8,3
1,25745,23909,49654,1836,9,8,3
14,10596,10943,21539,-347,9,8,3
2,22872,21799,44671,1073,9,8,3
25,713,794,1507,-81,9,8,3
8,15612,16097,31709,-485,9,8,3
4,12160,12769,24929,-609,9,8,3
6,16587,12093,28680,4494,9,8,3
11,7984,7507,15491,477,9,8,3
15,135,152,287,-17,9,8,3
4,10092,9565,19657,527,9,8,3
15,1768,1769,3537,-1,9,8,3
13,5603,5715,11318,-112,9,8,3
11,29528,30185,59713,-657,9,8,3
11,12652,12733,25385,-81,9,8,3
13,7724,7577,15301,147,9,8,3
2,8847,7990,16837,857,9,8,3
18,12037,11726,23763,311,9,8,3
4,8898,9297,18195,-399,9,8,3
3,25587,25101,50688,486,9,8,3
15,272,373,645,-101,9,8,3
4,7884,8629,16513,-745,9,8,3
8,7402,13895,21297,-6493,9,8,3
16,12307,7762,20069,4545,9,8,3
4,31561,28564,60125,2997,9,8,3
1,31465,26317,57782,5148,9,8,3
6,16984,17739,34723,-755,9,8,3
19,2340,2522,4862,-182,9,8,3
2,32833,37353,70186,-4520,9,8,3
6,12676,10800,23476,1876,9,8,3
11,10844,11242,22086,-398,9,8,3
7,5966,6219,12185,-253,9,8,3
15,4559,3802,8361,757,9,8,3
3,1531,1212,2743,319,9,8,3
7,16360,14331,30691,2029,9,8,3
6,15676,15610,31286,66,9,8,3
8,5260,4179,9439,1081,9,8,3
8,29614,27597,57211,2017,9,8,3
11,10210,9419,19629,791,9,8,3
6,21706,23675,45381,-1969,9,8,3
3,20358,24396,44754,-4038,9,8,3
2,17052,14614,31666,2438,9,8,3
5,5754,6255,12009,-501,9,8,3
12,5110,4795,9905,315,9,8,3
12,5226,4055,9281,1171,9,8,3
6,19371,20515,39886,-1144,9,8,3
13,4196,3843,8039,353,9,8,3
7,12120,10925,23045,1195,9,8,3
19,115,84,199,31,9,8,3
4,17111,15059,32170,2052,9,8,3
3,9413,8502,17915,911,9,8,3
20,4237,3846,8083,391,9,8,3
1,19039,22557,41596,-3518,9,8,3
8,20523,19603,40126,920,9,8,3
11,7717,7116,14833,601,9,8,3
23,2415,1850,4265,565,9,8,3
17,3668,3918,7586,-250,9,8,3
6,9937,10616,20553,-679,9,8,3
1,26181,27146,53327,-965,9,8,3
18,5194,4733,9927,461,9,8,3
20,2418,1766,4184,652,9,8,3
11,12189,12733,24922,-544,9,8,3
15,553,548,1101,5,9,8,3
21,5526,4594,10120,932,9,8,3
2,11090,9972,21062,1118,9,8,3
2,12753,12993,25746,-240,9,8,3
23,13977,10986,24963,2991,9,8,3
5,10457,10429,20886,28,9,8,3
12,4007,3505,7512,502,9,8,3
25,6152,6368,12520,-216,9,8,3
12,7072,6482,13554,590,9,8,3
2,5284,5416,10700,-132,9,8,3
18,7924,7541,15465,383,9,8,3
25,12409,11370,23779,1039,9,8,3
1,1435,1459,2894,-24,9,8,3
12,6332,5992,12324,340,9,8,3
6,10239,11910,22149,-1671,9,8,3
12,7869,5187,13056,2682,9,8,3
25,2652,2114,4766,538,9,8,3
14,3777,3732,7509,45,9,8,3
14,4576,4285,8861,291,9,8,3
2,7957,7684,15641,273,9,8,3
5,2920,2868,5788,52,9,8,3
11,20006,19871,39877,135,9,8,3
5,10428,9017,19445,1411,9,8,3
3,18457,18521,36978,-64,9,8,3
0,11670,10257,21927,1413,9,8,3
1,13612,14987,28599,-1375,9,8,3
3,16558,14238,30796,2320,9,8,3
4,3212,3812,7024,-600,9,8,3
2,10745,11952,22697,-1207,9,8,3
12,3000,3360,6360,-360,9,8,3
12,3485,3505,6990,-20,9,8,3
0,9376,9354,18730,22,9,8,3
5,8673,8500,17173,173,9,8,3
14,17631,18222,35853,-591,9,8,3
14,15433,14928,30361,505,9,8,3
3,1597,1671,3268,-74,9,8,3
8,2362,1734,4096,628,9,8,3
11,11612,10857,22469,755,9,8,3
4,9003,8702,17705,301,9,8,3
9,1217,1089,2306,128,9,8,3
8,12711,11844,24555,867,9,8,3
13,3134,2765,5899,369,9,8,3
16,15329,13477,28806,1852,9,8,3
5,15389,16922,32311,-1533,9,8,3
1,23033,24512,47545,-1479,9,8,3
6,12650,12123,24773,527,9,8,3
4,11212,11216,22428,-4,9,8,3
8,12904,12627,25531,277,9,8,3
16,10478,9038,19516,1440,9,8,3
23,8219,8391,16610,-172,9,8,3
6,14540,13345,27885,1195,9,8,3
15,4959,5115,10074,-156,9,8,3
4,6895,6629,13524,266,9,8,3
4,7707,7408,15115,299,9,8,3
4,14251,14543,28794,-292,9,8,3
5,15666,13163,28829,2503,9,8,3
25,8830,8627,17457,203,9,8,3
5,16567,17970,34537,-1403,9,8,3
12,10318,10073,20391,245,9,8,3
18,17602,15758,33360,1844,9,8,3
18,4349,4285,8634,64,9,8,3
2,13073,12597,25670,476,9,8,3
18,6414,5789,12203,625,9,8,3
6,11367,10896,22263,471,9,8,3
6,17777,16994,34771,783,9,8,3
3,24588,26168,50756,-1580,9,8,3
4,9220,9311,18531,-91,9,8,3
11,10627,10212,20839,415,9,8,3
18,22121,22652,44773,-531,9,8,3
7,4972,4016,8988,956,9,8,3
4,18211,18782,36993,-571,9,8,3
7,6242,6149,12391,93,9,8,3
2,4331,4253,8584,78,9,8,3
1,22877,23447,46324,-570,9,8,3
13,5973,6078,12051,-105,9,8,3
7,20825,21560,42385,-735,9,8,3
18,16968,17624,34592,-656,9,8,3
4,17953,18170,36123,-217,9,8,3
3,17168,16427,33595,741,9,8,3
3,30296,29914,60210,382,9,8,3
21,4918,4634,9552,284,9,8,3
6,6675,6475,13150,200,9,8,3
4,21677,22681,44358,-1004,9,8,3
1,20347,20749,41096,-402,9,8,3
4,7426,7786,15212,-360,9,8,3
12,10558,10272,20830,286,9,8,3
4,6954,6500,13454,454,9,8,3
24,1598,1574,3172,24,9,8,3
13,7835,7798,15633,37,9,8,3
23,10787,11154,21941,-367,9,8,3
15,75,84,159,-9,9,8,3
14,7441,7320,14761,121,9,8,3
5,2442,2307,4749,135,9,8,3
17,28046,29763,57809,-1717,9,8,3
15,3595,3366,6961,229,9,8,3
11,19791,19978,39769,-187,9,8,3
20,3125,2690,5815,435,9,8,3
6,8345,7820,16165,525,9,8,3
20,1986,1888,3874,98,9,8,3
20,6656,6730,13386,-74,9,8,3
5,8742,7257,15999,1485,9,8,3
22,1823,1652,3475,171,9,8,3
12,1969,1671,3640,298,9,8,3
18,2765,2481,5246,284,9,8,3
7,10145,8092,18237,2053,9,8,3
24,1479,1333,2812,146,9,8,3
9,16796,16938,33734,-142,9,8,3
1,26230,22629,48859,3601,9,8,3
5,9729,8930,18659,799,9,8,3
14,9714,9013,18727,701,9,8,3
10,4113,3111,7224,1002,9,8,3
14,37001,38609,75610,-1608,9,8,3
14,32222,37404,69626,-5182,9,8,3
22,7587,6871,14458,716,9,8,3
22,2962,2576,5538,386,9,8,3
2,17415,18601,36016,-1186,9,8,3
5,4734,4612,9346,122,9,8,3
6,17673,17261,34934,412,9,8,3
1,39695,43360,83055,-3665,9,8,3
3,28285,23292,51577,4993,9,8,3
15,2693,2783,5476,-90,9,8,3
19,5803,5043,10846,760,9,8,3
8,4313,4051,8364,262,9,8,3
21,17316,19070,36386,-1754,9,8,3
7,5573,5538,11111,35,9,8,3
3,5603,6378,11981,-775,9,8,3
5,7620,6179,13799,1441,9,8,3
10,2782,2525,5307,257,9,8,3
1,52472,52524,104996,-52,9,8,3
9,7775,7951,15726,-176,9,8,3
23,22085,20990,43075,1095,9,8,3
22,2236,2368,4604,-132,9,8,3
22,2738,2713,5451,25,9,8,3
9,7418,6647,14065,771,9,8,3
18,6149,5924,12073,225,9,8,3
3,20469,19099,39568,1370,9,8,3
6,14218,12503,26721,1715,9,8,3
21,18479,18390,36869,89,9,8,3
25,6719,6584,13303,135,9,8,3
6,18780,18271,37051,509,9,8,3
5,10914,12578,23492,-1664,9,8,3
1,15826,14603,30429,1223,9,8,3
5,7903,7205,15108,698,9,8,3
4,15866,14396,30262,1470,9,8,3
15,286,277,563,9,9,8,3
5,13873,12539,26412,1334,9,8,3
20,2230,2950,5180,-720,9,8,3
8,6556,6441,12997,115,9,8,3
13,2680,2530,5210,150,9,8,3
4,20151,19958,40109,193,9,8,3
11,1591,1485,3076,106,9,8,3
12,2399,2090,4489,309,9,8,3
20,7953,6912,14865,1041,9,8,3
1,54059,47419,101478,6640,9,8,3
18,12382,12442,24824,-60,9,8,3
0,49174,58571,107745,-9397,9,8,3
11,8038,3770,11808,4268,9,8,3
16,11104,11531,22635,-427,9,8,3
13,5117,6914,12031,-1797,9,8,3
3,12037,22181,34218,-10144,9,8,3
20,2603,2663,5266,-60,9,8,3
20,3299,2501,5800,798,9,8,3
11,11836,8741,20577,3095,9,8,3
1,22172,20397,42569,1775,9,8,3
18,26769,27585,54354,-816,9,8,3
5,13952,14435,28387,-483,9,8,3
12,9487,10071,19558,-584,9,8,3
11,10472,9460,19932,1012,9,8,3
9,9788,8197,17985,1591,9,8,3
7,8036,9373,17409,-1337,9,8,3
9,7010,6398,13408,612,9,8,3
18,13302,19931,33233,-6629,9,8,3
1,56048,49332,105380,6716,9,8,3
17,8777,7524,16301,1253,9,8,3
8,9281,8316,17597,965,9,8,3
18,7940,8405,16345,-465,9,8,3
9,10889,11281,22170,-392,9,8,3
11,18461,16806,35267,1655,9,8,3
1,38626,42579,81205,-3953,9,8,3
22,4150,4597,8747,-447,9,8,3
3,24918,22551,47469,2367,9,8,3
11,8590,7137,15727,1453,9,8,3
11,3761,3843,7604,-82,9,8,3
11,3543,3280,6823,263,9,8,3
10,397,429,826,-32,9,8,3
19,6226,6404,12630,-178,9,8,3
14,9818,9817,19635,1,9,8,3
12,2640,2531,5171,109,9,8,3
22,2860,2599,5459,261,9,8,3
22,6425,5835,12260,590,9,8,3
14,29785,30214,59999,-429,9,8,3
19,2565,2452,5017,113,9,8,3
4,7026,6341,13367,685,9,8,3
11,6338,5340,11678,998,9,8,3
7,9084,8732,17816,352,9,8,3
9,5441,5709,11150,-268,9,8,3
18,14641,14841,29482,-200,9,8,3
6,13888,13558,27446,330,9,8,3
21,4476,3466,7942,1010,9,8,3
13,2962,2999,5961,-37,9,8,3
18,14636,17246,31882,-2610,9,8,3
2,18163,20279,38442,-2116,9,8,3
11,45794,52663,98457,-6869,9,8,3
18,10134,8799,18933,1335,9,8,3
18,14225,16437,30662,-2212,9,8,3
3,37530,37186,74716,344,9,8,3
7,5806,5207,11013,599,9,8,3
3,16544,15337,31881,1207,9,8,3
6,17720,16431,34151,1289,9,8,3
19,4435,3956,8391,479,9,8,3
1,24061,23066,47127,995,9,8,3
0,24680,24317,48997,363,9,8,3
18,5052,5089,10141,-37,9,8,3
4,7068,7123,14191,-55,9,8,3
4,4620,4301,8921,319,9,8,3
11,9825,7901,17726,1924,9,8,3
21,2123,1966,4089,157,9,8,3
15,2396,2272,4668,124,9,8,3
5,1,0,1,1,9,8,3
8,33012,32397,65409,615,9,8,3
1,1859,1855,3714,4,9,8,3
5,8671,8197,16868,474,9,8,3
1,15644,15767,31411,-123,9,8,3
1,27384,24779,52163,2605,9,8,3
6,16951,15092,32043,1859,9,8,3
11,4426,4377,8803,49,9,8,3
1,51727,51792,103519,-65,9,8,3
10,2103,1876,3979,227,9,8,3
1,62779,56237,119016,6542,9,8,3
20,1671,2135,3806,-464,9,8,3
8,4675,3749,8424,926,9,8,3
8,4171,4116,8287,55,9,8,3
8,7508,7066,14574,442,9,8,3
2,30573,32467,63040,-1894,9,8,3
1,3891,3422,7313,469,9,8,3
22,2359,2253,4612,106,9,8,3
0,15293,13793,29086,1500,9,8,3
3,17117,19407,36524,-2290,9,8,3
25,213,206,419,7,9,8,3
12,9385,8482,17867,903,9,8,3
4,14913,11660,26573,3253,9,8,3
1,11284,11318,22602,-34,9,8,3
24,5422,3343,8765,2079,9,8,3
1,43659,42354,86013,1305,9,8,3
13,1328,1513,2841,-185,9,8,3
19,2029,2146,4175,-117,9,8,3
6,12597,11621,24218,976,9,8,3
7,4592,5004,9596,-412,9,8,3
3,30976,28202,59178,2774,9,8,3
24,3789,3371,7160,418,9,8,3
24,5996,6501,12497,-505,9,8,3
25,755,751,1506,4,9,8,3
4,15951,14603,30554,1348,9,8,3
1,12077,10913,22990,1164,9,8,3
2,21483,21961,43444,-478,9,8,3
21,13484,13438,26922,46,9,8,3
5,18171,16168,34339,2003,9,8,3
11,29445,30111,59556,-666,9,8,3
7,20392,17708,38100,2684,9,8,3
2,34531,37039,71570,-2508,9,8,3
18,20948,24326,45274,-3378,9,8,3
4,7004,6651,13655,353,9,8,3
13,9042,9597,18639,-555,9,8,3
19,497,384,881,113,9,8,3
18,28772,31777,60549,-3005,9,8,3
2,14169,13436,27605,733,9,8,3
5,4137,3867,8004,270,9,8,3
25,2185,2191,4376,-6,9,8,3
25,3419,3010,6429,409,9,8,3
2,39980,40944,80924,-964,9,8,3
25,740,635,1375,105,9,8,3
12,8999,8748,17747,251,9,8,3
1,7456,7805,15261,-349,9,8,3
8,10625,10152,20777,473,9,8,3
25,4256,4978,9234,-722,9,8,3
4,7927,7273,15200,654,9,8,3
6,21167,20323,41490,844,9,8,3
19,1326,1100,2426,226,9,8,3
9,11670,11037,22707,633,9,8,3
4,15791,16870,32661,-1079,9,8,3
8,30415,28344,58759,2071,9,8,3
4,28976,31660,60636,-2684,9,8,3
10,3214,3819,7033,-605,9,8,3
14,32615,31754,64369,861,9,8,3
1,51820,57616,109436,-5796,9,8,3
5,4044,4509,8553,-465,9,8,3
19,5028,5196,10224,-168,9,8,3
2,39780,37512,77292,2268,9,8,3
5,2,0,2,2,9,8,3
8,19385,17655,37040,1730,9,8,3
11,44569,46974,91543,-2405,9,8,3
1,22405,23057,45462,-652,9,8,3
4,4294,4218,8512,76,9,8,3
4,10803,10702,21505,101,9,8,3
16,3825,4042,7867,-217,9,8,3
18,11051,10405,21456,646,9,8,3
2,6486,5761,12247,725,9,8,3
4,3878,3974,7852,-96,9,8,3
14,13205,11368,24573,1837,9,8,3
18,12865,10341,23206,2524,9,8,3
4,23324,26029,49353,-2705,9,8,3
19,5424,4332,9756,1092,9,8,3
25,335,385,720,-50,9,8,3
11,13769,13551,27320,218,9,8,3
11,4812,4509,9321,303,9,8,3
21,9388,9907,19295,-519,9,8,3
2,10028,10034,20062,-6,9,8,3
12,78,52,130,26,9,8,3
6,11817,10772,22589,1045,9,8,3
14,8153,7558,15711,595,9,8,3
24,4613,5493,10106,-880,9,8,3
9,6793,6706,13499,87,9,8,3
4,5032,4212,9244,820,9,8,3
4,4690,5610,10300,-920,9,8,3
12,18185,18553,36738,-368,9,8,3
1,19126,14809,33935,4317,9,8,3
12,11839,10717,22556,1122,9,8,3
1,3688,3486,7174,202,9,8,3
1,2937,2877,5814,60,9,8,3
6,6479,6143,12622,336,9,8,3
25,1810,2435,4245,-625,9,8,3
11,40764,49565,90329,-8801,9,8,3
4,16617,16160,32777,457,9,8,3
25,720,727,1447,-7,9,8,3
16,8730,8308,17038,422,9,8,3
13,8229,7696,15925,533,9,8,3
23,12318,11615,23933,703,9,8,3
25,391,433,824,-42,9,8,3
19,4915,5298,10213,-383,9,8,3
23,12362,11262,23624,1100,9,8,3
12,8335,7561,15896,774,9,8,3
5,14619,13453,28072,1166,9,8,3
19,3348,3114,6462,234,9,8,3
5,5234,5517,10751,-283,9,8,3
13,4208,2447,6655,1761,9,8,3
1,23727,24485,48212,-758,9,8,3
2,11131,11313,22444,-182,9,8,3
1,14103,14289,28392,-186,9,8,3
4,6462,6894,13356,-432,9,8,3
1,44948,46158,91106,-1210,9,8,3
12,2224,1786,4010,438,9,8,3
5,19079,18224,37303,855,9,8,3
11,10182,9606,19788,576,9,8,3
12,21164,23483,44647,-2319,9,8,3
1,20224,19490,39714,734,9,8,3
18,6213,5856,12069,357,9,8,3
10,1339,1174,2513,165,9,8,3
6,17018,15850,32868,1168,9,8,3
10,3456,3980,7436,-524,9,8,3
12,4316,3306,7622,1010,9,8,3
3,8140,8969,17109,-829,9,8,3
5,12674,17026,29700,-4352,9,8,3
17,25555,26298,51853,-743,9,8,3
14,3806,2827,6633,979,9,8,3
19,1131,1748,2879,-617,9,8,3
16,7577,7747,15324,-170,9,8,3
16,3810,3587,7397,223,9,8,3
19,6185,6878,13063,-693,9,8,3
19,9196,8022,17218,1174,9,8,3
13,11621,11925,23546,-304,9,8,3
2,11059,10356,21415,703,9,8,3
13,15,20,35,-5,9,8,3
7,15167,18464,33631,-3297,9,8,3
1,76382,78773,155155,-2391,9,8,3
1,15988,15190,31178,798,9,8,3
1,24652,25276,49928,-624,9,8,3
2,5450,5105,10555,345,9,8,3
6,9907,9146,19053,761,9,8,3
6,2386,997,3383,1389,9,8,3
7,17522,16070,33592,1452,9,8,3
4,19467,18816,38283,651,9,8,3
22,5855,5350,11205,505,9,8,3
23,7494,8118,15612,-624,9,8,3
17,11333,11549,22882,-216,9,8,3
21,13099,12004,25103,1095,9,8,3
18,19507,20596,40103,-1089,9,8,3
0,21622,22079,43701,-457,9,8,3
14,12634,11691,24325,943,9,8,3
0,36404,35575,71979,829,9,8,3
4,12824,13892,26716,-1068,9,8,3
2,10382,12495,22877,-2113,9,8,3
0,26741,24599,51340,2142,9,8,3
0,24831,24328,49159,503,9,8,3
9,4878,5053,9931,-175,9,8,3
1,27110,30912,58022,-3802,9,8,3
14,22283,20249,42532,2034,9,8,3
23,9683,10188,19871,-505,9,8,3
18,17736,18663,36399,-927,9,8,3
6,15865,14029,29894,1836,9,8,3
6,12530,11161,23691,1369,9,8,3
14,10280,9622,19902,658,9,8,3
25,6434,5803,12237,631,9,8,3
21,20929,23646,44575,-2717,9,8,3
9,11574,10122,21696,1452,9,8,3
6,11695,11050,22745,645,9,8,3
8,8387,7767,16154,620,9,8,3
5,10863,10442,21305,421,9,8,3
23,1,0,1,1,9,8,3
2,5668,5260,10928,408,9,8,3
25,75,92,167,-17,9,8,3
12,7780,8168,15948,-388,9,8,3
11,1125,1125,2250,0,9,8,3
11,2179,1749,3928,430,9,8,3
12,1,0,1,1,9,8,3
3,27969,30698,58667,-2729,9,8,3
5,4032,3453,7485,579,9,8,3
15,1845,1754,3599,91,9,8,3
11,11261,10255,21516,1006,9,8,3
6,12583,11686,24269,897,9,8,3
7,15716,18469,34185,-2753,9,8,3
4,19853,19955,39808,-102,9,8,3
6,23655,24599,48254,-944,9,8,3
4,4075,3661,7736,414,9,8,3
5,3833,3949,7782,-116,9,8,3
6,20154,22285,42439,-2131,9,8,3
16,7663,7623,15286,40,9,8,3
0,25257,25784,51041,-527,9,8,3
12,20136,22052,42188,-1916,9,8,3
18,5084,4752,9836,332,9,8,3
15,1805,2160,3965,-355,9,8,3
10,3773,3471,7244,302,9,8,3
21,5720,6141,11861,-421,9,8,3
3,21142,22932,44074,-1790,9,8,3
15,3145,2195,5340,950,9,8,3
3,30561,30446,61007,115,9,8,3
2,1,0,1,1,9,8,3
1,10189,10655,20844,-466,9,8,3
4,4917,4860,9777,57,9,8,3
13,8782,8710,17492,72,9,8,3
24,1352,1138,2490,214,9,8,3
6,10668,9567,20235,1101,9,8,3
5,6427,6869,13296,-442,9,8,3
18,15179,14374,29553,805,9,8,3
15,3796,3590,7386,206,9,8,3
13,1712,1265,2977,447,9,8,3
10,5759,5728,11487,31,9,8,3
25,1003,1035,2038,-32,9,8,3
15,7066,7624,14690,-558,9,8,3
17,18273,17956,36229,317,9,8,3
11,18704,19233,37937,-529,9,8,3
11,5758,5060,10818,698,9,8,3
13,6720,6510,13230,210,9,8,3
6,19574,18073,37647,1501,9,8,3
4,6345,6077,12422,268,9,8,3
4,7800,7554,15354,246,9,8,3
4,4531,4531,9062,0,9,8,3
6,24124,25325,49449,-1201,9,8,3
2,1888,1905,3793,-17,9,8,3
5,9691,11782,21473,-2091,9,8,3
12,4665,4343,9008,322,9,8,3
21,12233,11935,24168,298,9,8,3
3,16797,15251,32048,1546,9,8,3
9,2662,2262,4924,400,9,8,3
1,16003,16893,32896,-890,9,8,3
18,16364,17440,33804,-1076,9,8,3
1,33163,37028,70191,-3865,9,8,3
5,14426,14376,28802,50,9,8,3
4,8803,7525,16328,1278,9,8,3
13,9640,9198,18838,442,9,8,3
3,39630,37719,77349,1911,9,8,3
19,4608,4467,9075,141,9,8,3
1,65035,71959,136994,-6924,9,8,3
13,2215,2627,4842,-412,9,8,3
16,12473,12441,24914,32,9,8,3
2,19709,18367,38076,1342,9,8,3
22,3853,3470,7323,383,9,8,3
4,31126,27772,58898,3354,9,8,3
5,14675,10420,25095,4255,9,8,3
11,8882,8769,17651,113,9,8,3
13,3697,3112,6809,585,9,8,3
23,17968,18605,36573,-637,9,8,3
25,34545,29012,63557,5533,9,8,3
12,13506,13681,27187,-175,9,8,3
3,25223,26039,51262,-816,9,8,3
5,8131,7562,15693,569,9,8,3
13,3534,3652,7186,-118,9,8,3
8,11755,11283,23038,472,9,8,3
22,4727,4591,9318,136,9,7,2
12,7611,7204,14815,407,9,7,2
2,10564,10467,21031,97,9,7,2
7,8991,10103,19094,-1112,9,7,2
6,48414,48525,96939,-111,9,7,2
11,20301,23229,43530,-2928,9,7,2
8,24161,23235,47396,926,9,7,2
22,4744,4613,9357,131,9,7,2
13,6918,6287,13205,631,9,7,2
18,13793,14443,28236,-650,9,7,2
15,1671,1555,3226,116,9,7,2
14,6618,6155,12773,463,9,7,2
15,3086,2805,5891,281,9,7,2
1,89322,86727,176049,2595,9,7,2
18,11055,12811,23866,-1756,9,7,2
6,19152,21152,40304,-2000,9,7,2
4,20356,19425,39781,931,9,7,2
7,11702,11807,23509,-105,9,7,2
13,3750,3221,6971,529,9,7,2
1,32643,32373,65016,270,9,7,2
4,5286,5033,10319,253,9,7,2
15,489,474,963,15,9,7,2
4,7213,7415,14628,-202,9,7,2
14,23817,23058,46875,759,9,7,2
18,4768,4877,9645,-109,9,7,2
8,3061,2027,5088,1034,9,7,2
4,6362,5961,12323,401,9,7,2
4,11515,10861,22376,654,9,7,2
6,15217,15538,30755,-321,9,7,2
1,38492,41146,79638,-2654,9,7,2
16,7327,7170,14497,157,9,7,2
10,9116,8291,17407,825,9,7,2
17,2122,2120,4242,2,9,7,2
2,26434,26599,53033,-165,9,7,2
2,8128,8012,16140,116,9,7,2
16,12894,11525,24419,1369,9,7,2
4,11145,11076,22221,69,9,7,2
5,10851,10526,21377,325,9,7,2
19,5367,5051,10418,316,9,7,2
6,15952,15258,31210,694,9,7,2
2,44877,50579,95456,-5702,9,7,2
8,13945,19514,33459,-5569,9,7,2
21,10149,9501,19650,648,9,7,2
13,703,723,1426,-20,9,7,2
10,2515,2437,4952,78,9,7,2
5,20932,20398,41330,534,9,7,2
4,16035,16899,32934,-864,9,7,2
13,3999,3654,7653,345,9,7,2
16,2766,3357,6123,-591,9,7,2
6,13959,13612,27571,347,9,7,2
8,3241,3455,6696,-214,9,7,2
16,2343,2550,4893,-207,9,7,2
17,7329,6758,14087,571,9,7,2
11,8442,7867,16309,575,9,7,2
20,3130,3203,6333,-73,9,7,2
4,15404,13729,29133,1675,9,7,2
11,3600,3553,7153,47,9,7,2
6,24743,24518,49261,225,9,7,2
12,10509,10210,20719,299,9,7,2
4,35167,36808,71975,-1641,9,7,2
5,10550,10182,20732,368,9,7,2
2,17020,11139,28159,5881,9,7,2
1,38185,43249,81434,-5064,9,7,2
11,20022,20643,40665,-621,9,7,2
1,65128,65081,130209,47,9,7,2
18,2693,2621,5314,72,9,7,2
25,15261,15342,30603,-81,9,7,2
8,1317,1340,2657,-23,9,7,2
5,8952,6563,15515,2389,9,7,2
18,5710,5865,11575,-155,9,7,2
1,26143,25129,51272,1014,9,7,2
14,8203,7856,16059,347,9,7,2
2,23374,22478,45852,896,9,7,2
25,883,825,1708,58,9,7,2
8,19311,20095,39406,-784,9,7,2
6,16414,12910,29324,3504,9,7,2
4,12437,13458,25895,-1021,9,7,2
11,8396,8036,16432,360,9,7,2
15,128,123,251,5,9,7,2
4,10863,10046,20909,817,9,7,2
15,1599,1639,3238,-40,9,7,2
13,5608,5410,11018,198,9,7,2
11,30234,30856,61090,-622,9,7,2
11,13117,12951,26068,166,9,7,2
13,7396,7291,14687,105,9,7,2
2,8938,8140,17078,798,9,7,2
18,12292,11620,23912,672,9,7,2
4,9033,9337,18370,-304,9,7,2
3,25593,25721,51314,-128,9,7,2
15,306,339,645,-33,9,7,2
16,9699,7402,17101,2297,9,7,2
4,6719,7696,14415,-977,9,7,2
8,6177,11851,18028,-5674,9,7,2
4,32103,29913,62016,2190,9,7,2
1,31070,29659,60729,1411,9,7,2
6,17240,18288,35528,-1048,9,7,2
19,2421,2726,5147,-305,9,7,2
2,31249,33464,64713,-2215,9,7,2
6,12942,11840,24782,1102,9,7,2
11,11265,12029,23294,-764,9,7,2
7,6298,6431,12729,-133,9,7,2
15,2907,2899,5806,8,9,7,2
3,1560,1222,2782,338,9,7,2
7,16849,15135,31984,1714,9,7,2
6,16857,16952,33809,-95,9,7,2
8,5708,4669,10377,1039,9,7,2
8,29372,28661,58033,711,9,7,2
11,9603,9269,18872,334,9,7,2
3,20632,23267,43899,-2635,9,7,2
6,21442,22902,44344,-1460,9,7,2
2,17836,15976,33812,1860,9,7,2
5,5740,5683,11423,57,9,7,2
12,5274,4896,10170,378,9,7,2
12,5372,4352,9724,1020,9,7,2
6,21249,21947,43196,-698,9,7,2
13,4372,3952,8324,420,9,7,2
7,12435,11776,24211,659,9,7,2
19,111,78,189,33,9,7,2
4,17960,16021,33981,1939,9,7,2
3,10085,8812,18897,1273,9,7,2
20,4242,4047,8289,195,9,7,2
8,21035,21218,42253,-183,9,7,2
1,20465,24138,44603,-3673,9,7,2
11,7756,7337,15093,419,9,7,2
23,2583,2007,4590,576,9,7,2
17,3461,3544,7005,-83,9,7,2
1,26569,26991,53560,-422,9,7,2
6,9027,9056,18083,-29,9,7,2
18,5356,4819,10175,537,9,7,2
20,2545,1944,4489,601,9,7,2
11,12767,13600,26367,-833,9,7,2
15,497,448,945,49,9,7,2
21,5703,5015,10718,688,9,7,2
2,11608,10699,22307,909,9,7,2
2,12702,12774,25476,-72,9,7,2
23,14908,11421,26329,3487,9,7,2
5,10863,11310,22173,-447,9,7,2
12,3912,3403,7315,509,9,7,2
25,6223,6117,12340,106,9,7,2
12,7054,6613,13667,441,9,7,2
18,8496,7790,16286,706,9,7,2
2,5561,6035,11596,-474,9,7,2
25,13191,11258,24449,1933,9,7,2
1,1415,1459,2874,-44,9,7,2
12,6831,6432,13263,399,9,7,2
6,10542,12080,22622,-1538,9,7,2
12,8217,5287,13504,2930,9,7,2
25,2829,2185,5014,644,9,7,2
14,3928,3845,7773,83,9,7,2
14,4696,4171,8867,525,9,7,2
2,8057,8189,16246,-132,9,7,2
5,3071,3202,6273,-131,9,7,2
11,21018,21500,42518,-482,9,7,2
5,10812,9984,20796,828,9,7,2
3,20845,21156,42001,-311,9,7,2
0,11967,11093,23060,874,9,7,2
4,3302,3957,7259,-655,9,7,2
1,13992,15709,29701,-1717,9,7,2
3,17109,14959,32068,2150,9,7,2
2,11446,13106,24552,-1660,9,7,2
12,2912,3142,6054,-230,9,7,2
12,3452,3462,6914,-10,9,7,2
0,9222,9507,18729,-285,9,7,2
5,8755,9046,17801,-291,9,7,2
14,17618,17619,35237,-1,9,7,2
14,15079,14348,29427,731,9,7,2
3,1603,1682,3285,-79,9,7,2
8,2287,1662,3949,625,9,7,2
11,8795,9617,18412,-822,9,7,2
4,9290,9354,18644,-64,9,7,2
9,1288,1172,2460,116,9,7,2
8,13429,12735,26164,694,9,7,2
16,16100,14893,30993,1207,9,7,2
13,3231,2750,5981,481,9,7,2
5,16457,17987,34444,-1530,9,7,2
1,24422,26274,50696,-1852,9,7,2
6,11660,11165,22825,495,9,7,2
4,11716,12041,23757,-325,9,7,2
16,11172,10339,21511,833,9,7,2
8,13851,13584,27435,267,9,7,2
23,8490,8669,17159,-179,9,7,2
6,14819,13786,28605,1033,9,7,2
15,4612,4452,9064,160,9,7,2
4,6953,6712,13665,241,9,7,2
4,8341,7815,16156,526,9,7,2
4,15911,16198,32109,-287,9,7,2
5,16302,14137,30439,2165,9,7,2
25,9153,8626,17779,527,9,7,2
5,16122,16957,33079,-835,9,7,2
12,10860,10809,21669,51,9,7,2
18,16744,15616,32360,1128,9,7,2
18,4405,4380,8785,25,9,7,2
2,14065,13392,27457,673,9,7,2
18,5970,5543,11513,427,9,7,2
6,11303,10943,22246,360,9,7,2
6,17736,17088,34824,648,9,7,2
3,25850,26446,52296,-596,9,7,2
4,9667,10125,19792,-458,9,7,2
11,11168,11049,22217,119,9,7,2
18,22260,22850,45110,-590,9,7,2
7,5048,4060,9108,988,9,7,2
4,19300,20469,39769,-1169,9,7,2
7,6519,6590,13109,-71,9,7,2
2,4429,4495,8924,-66,9,7,2
1,24593,25412,50005,-819,9,7,2
13,5873,5844,11717,29,9,7,2
7,23233,24751,47984,-1518,9,7,2
18,17068,18281,35349,-1213,9,7,2
4,18406,18401,36807,5,9,7,2
3,17397,16913,34310,484,9,7,2
3,29845,29339,59184,506,9,7,2
21,4945,4729,9674,216,9,7,2
6,6920,6555,13475,365,9,7,2
4,22998,23951,46949,-953,9,7,2
1,22040,22717,44757,-677,9,7,2
4,7993,8113,16106,-120,9,7,2
12,11015,10633,21648,382,9,7,2
4,7335,6959,14294,376,9,7,2
24,1306,1218,2524,88,9,7,2
13,8075,7727,15802,348,9,7,2
23,10841,10936,21777,-95,9,7,2
15,75,65,140,10,9,7,2
14,7862,7607,15469,255,9,7,2
5,2541,2552,5093,-11,9,7,2
17,29090,29363,58453,-273,9,7,2
15,3468,3270,6738,198,9,7,2
11,18686,18478,37164,208,9,7,2
20,3285,3012,6297,273,9,7,2
6,8617,8614,17231,3,9,7,2
20,2013,2156,4169,-143,9,7,2
20,7221,7591,14812,-370,9,7,2
5,8765,7899,16664,866,9,7,2
22,1926,1784,3710,142,9,7,2
12,1654,1558,3212,96,9,7,2
18,3114,2707,5821,407,9,7,2
7,10609,8819,19428,1790,9,7,2
24,1522,1492,3014,30,9,7,2
9,19187,19481,38668,-294,9,7,2
1,26609,24359,50968,2250,9,7,2
5,10149,9458,19607,691,9,7,2
14,9852,9005,18857,847,9,7,2
10,2548,2370,4918,178,9,7,2
14,36637,36560,73197,77,9,7,2
6,1,0,1,1,9,7,2
14,30579,32845,63424,-2266,9,7,2
22,7505,7216,14721,289,9,7,2
22,2996,2611,5607,385,9,7,2
5,4873,4831,9704,42,9,7,2
2,17909,18953,36862,-1044,9,7,2
6,17721,17631,35352,90,9,7,2
3,28657,23471,52128,5186,9,7,2
1,42197,45699,87896,-3502,9,7,2
15,2612,2711,5323,-99,9,7,2
19,5692,4875,10567,817,9,7,2
8,4343,4075,8418,268,9,7,2
21,17354,18895,36249,-1541,9,7,2
7,5850,5819,11669,31,9,7,2
3,5949,6630,12579,-681,9,7,2
5,8138,7002,15140,1136,9,7,2
10,2883,2495,5378,388,9,7,2
1,58361,59748,118109,-1387,9,7,2
9,8564,8925,17489,-361,9,7,2
23,22896,21847,44743,1049,9,7,2
22,2237,2416,4653,-179,9,7,2
22,2812,2858,5670,-46,9,7,2
9,7673,7044,14717,629,9,7,2
18,6207,5817,12024,390,9,7,2
3,21215,19782,40997,1433,9,7,2
6,14550,13993,28543,557,9,7,2
21,18382,18664,37046,-282,9,7,2
25,6489,6212,12701,277,9,7,2
6,18741,18045,36786,696,9,7,2
5,10504,12165,22669,-1661,9,7,2
1,16162,15616,31778,546,9,7,2
5,7774,7179,14953,595,9,7,2
4,16536,14957,31493,1579,9,7,2
15,310,304,614,6,9,7,2
5,14521,13187,27708,1334,9,7,2
20,2479,3183,5662,-704,9,7,2
8,7319,7121,14440,198,9,7,2
13,2808,2840,5648,-32,9,7,2
4,22975,23288,46263,-313,9,7,2
11,1555,1386,2941,169,9,7,2
12,2469,2241,4710,228,9,7,2
20,7951,7393,15344,558,9,7,2
1,53938,51633,105571,2305,9,7,2
18,12761,13022,25783,-261,9,7,2
0,48689,54143,102832,-5454,9,7,2
16,9095,9895,18990,-800,9,7,2
13,5245,7142,12387,-1897,9,7,2
11,6149,2896,9045,3253,9,7,2
3,13120,21266,34386,-8146,9,7,2
20,2638,2813,5451,-175,9,7,2
20,3238,2687,5925,551,9,7,2
11,9506,8138,17644,1368,9,7,2
1,25168,24083,49251,1085,9,7,2
18,26781,27304,54085,-523,9,7,2
12,9546,10339,19885,-793,9,7,2
5,14273,14855,29128,-582,9,7,2
11,10661,9566,20227,1095,9,7,2
7,8303,9252,17555,-949,9,7,2
9,9786,8562,18348,1224,9,7,2
9,7120,6860,13980,260,9,7,2
18,15160,22614,37774,-7454,9,7,2
1,63589,56696,120285,6893,9,7,2
17,9340,8076,17416,1264,9,7,2
8,10226,9463,19689,763,9,7,2
9,11683,12651,24334,-968,9,7,2
18,8880,9545,18425,-665,9,7,2
11,17885,17151,35036,734,9,7,2
1,40672,45103,85775,-4431,9,7,2
3,25491,23723,49214,1768,9,7,2
22,4642,4782,9424,-140,9,7,2
11,7255,6924,14179,331,9,7,2
11,3478,3239,6717,239,9,7,2
11,3373,3126,6499,247,9,7,2
10,363,343,706,20,9,7,2
19,5995,5594,11589,401,9,7,2
14,9840,9872,19712,-32,9,7,2
12,2793,2396,5189,397,9,7,2
22,2900,2745,5645,155,9,7,2
22,6907,6408,13315,499,9,7,2
14,30427,30319,60746,108,9,7,2
19,2727,2427,5154,300,9,7,2
4,7164,6510,13674,654,9,7,2
11,5146,4673,9819,473,9,7,2
7,9561,9349,18910,212,9,7,2
9,5611,5955,11566,-344,9,7,2
18,15084,14974,30058,110,9,7,2
6,14071,13676,27747,395,9,7,2
21,4727,3740,8467,987,9,7,2
13,3175,3298,6473,-123,9,7,2
2,18574,19560,38134,-986,9,7,2
18,14594,16188,30782,-1594,9,7,2
11,39635,43478,83113,-3843,9,7,2
18,8931,7623,16554,1308,9,7,2
18,13760,14959,28719,-1199,9,7,2
3,37221,37704,74925,-483,9,7,2
7,5984,5453,11437,531,9,7,2
3,17367,16623,33990,744,9,7,2
6,18090,18185,36275,-95,9,7,2
19,4523,4142,8665,381,9,7,2
0,26756,26857,53613,-101,9,7,2
1,27013,26303,53316,710,9,7,2
18,5382,5180,10562,202,9,7,2
4,7351,7551,14902,-200,9,7,2
4,4583,4758,9341,-175,9,7,2
11,10293,8557,18850,1736,9,7,2
21,2076,1828,3904,248,9,7,2
15,2570,2296,4866,274,9,7,2
8,33372,32328,65700,1044,9,7,2
1,1912,2078,3990,-166,9,7,2
5,9942,10394,20336,-452,9,7,2
1,16005,16469,32474,-464,9,7,2
1,27717,26410,54127,1307,9,7,2
6,17241,16095,33336,1146,9,7,2
11,4428,4419,8847,9,9,7,2
1,52231,52292,104523,-61,9,7,2
10,1796,1619,3415,177,9,7,2
20,1738,2301,4039,-563,9,7,2
1,63124,59157,122281,3967,9,7,2
8,4967,4221,9188,746,9,7,2
8,4252,4283,8535,-31,9,7,2
8,7777,7466,15243,311,9,7,2
2,31726,33133,64859,-1407,9,7,2
1,3885,3719,7604,166,9,7,2
22,2536,2476,5012,60,9,7,2
0,15493,14655,30148,838,9,7,2
3,19390,21276,40666,-1886,9,7,2
25,280,232,512,48,9,7,2
12,9458,8602,18060,856,9,7,2
4,15670,12507,28177,3163,9,7,2
1,11491,11645,23136,-154,9,7,2
24,3295,3036,6331,259,9,7,2
13,1227,1587,2814,-360,9,7,2
1,42586,42791,85377,-205,9,7,2
19,1929,2037,3966,-108,9,7,2
6,12821,12066,24887,755,9,7,2
7,4479,4941,9420,-462,9,7,2
3,32052,29662,61714,2390,9,7,2
24,3361,3019,6380,342,9,7,2
24,4156,4241,8397,-85,9,7,2
25,700,692,1392,8,9,7,2
4,16438,15730,32168,708,9,7,2
1,12335,11476,23811,859,9,7,2
2,24976,25885,50861,-909,9,7,2
21,12441,11407,23848,1034,9,7,2
5,17281,17233,34514,48,9,7,2
11,30176,29790,59966,386,9,7,2
7,21142,18480,39622,2662,9,7,2
2,36187,39039,75226,-2852,9,7,2
18,21128,23639,44767,-2511,9,7,2
4,7628,7464,15092,164,9,7,2
13,8863,8786,17649,77,9,7,2
19,449,349,798,100,9,7,2
18,28749,30423,59172,-1674,9,7,2
5,4122,4034,8156,88,9,7,2
2,14638,14043,28681,595,9,7,2
25,1994,2083,4077,-89,9,7,2
25,3511,3311,6822,200,9,7,2
2,42056,45171,87227,-3115,9,7,2
25,854,696,1550,158,9,7,2
12,9050,8375,17425,675,9,7,2
1,7969,7993,15962,-24,9,7,2
8,11083,11211,22294,-128,9,7,2
4,8340,8148,16488,192,9,7,2
25,3013,3101,6114,-88,9,7,2
6,20407,20736,41143,-329,9,7,2
19,1117,1018,2135,99,9,7,2
9,12285,12294,24579,-9,9,7,2
4,14958,15690,30648,-732,9,7,2
8,32313,31414,63727,899,9,7,2
4,31607,34345,65952,-2738,9,7,2
10,2713,2693,5406,20,9,7,2
14,32683,31829,64512,854,9,7,2
1,59675,67866,127541,-8191,9,7,2
5,4165,4738,8903,-573,9,7,2
19,4960,4896,9856,64,9,7,2
5,1,0,1,1,9,7,2
2,40185,37780,77965,2405,9,7,2
8,19955,18703,38658,1252,9,7,2
11,41294,43616,84910,-2322,9,7,2
1,24396,25600,49996,-1204,9,7,2
4,4690,4571,9261,119,9,7,2
4,11216,11604,22820,-388,9,7,2
16,3788,3762,7550,26,9,7,2
18,9976,10047,20023,-71,9,7,2
4,4190,4200,8390,-10,9,7,2
2,6908,6285,13193,623,9,7,2
14,13439,12154,25593,1285,9,7,2
18,13224,10923,24147,2301,9,7,2
4,26464,28196,54660,-1732,9,7,2
19,5158,4494,9652,664,9,7,2
25,369,337,706,32,9,7,2
11,11213,11144,22357,69,9,7,2
11,4561,4192,8753,369,9,7,2
21,9111,8959,18070,152,9,7,2
2,10296,10526,20822,-230,9,7,2
12,59,47,106,12,9,7,2
14,8221,7780,16001,441,9,7,2
6,12399,11477,23876,922,9,7,2
24,4194,4346,8540,-152,9,7,2
4,5137,4398,9535,739,9,7,2
9,7011,7030,14041,-19,9,7,2
12,17530,18649,36179,-1119,9,7,2
4,5019,5826,10845,-807,9,7,2
1,19053,15093,34146,3960,9,7,2
12,11297,11073,22370,224,9,7,2
1,3444,3528,6972,-84,9,7,2
1,2936,3008,5944,-72,9,7,2
6,6662,6534,13196,128,9,7,2
25,1776,1843,3619,-67,9,7,2
11,35879,42822,78701,-6943,9,7,2
4,16815,16551,33366,264,9,7,2
25,761,774,1535,-13,9,7,2
16,8507,8242,16749,265,9,7,2
13,8058,7113,15171,945,9,7,2
23,12689,11914,24603,775,9,7,2
25,384,349,733,35,9,7,2
19,4867,4972,9839,-105,9,7,2
23,12837,12058,24895,779,9,7,2
12,9351,8636,17987,715,9,7,2
5,15517,14704,30221,813,9,7,2
19,3316,2988,6304,328,9,7,2
5,4988,5277,10265,-289,9,7,2
13,3791,3019,6810,772,9,7,2
1,26400,26438,52838,-38,9,7,2
2,11994,12120,24114,-126,9,7,2
4,7161,7229,14390,-68,9,7,2
1,15079,14996,30075,83,9,7,2
1,47622,49762,97384,-2140,9,7,2
12,2279,1848,4127,431,9,7,2
5,19420,19015,38435,405,9,7,2
11,10094,9861,19955,233,9,7,2
12,20061,21295,41356,-1234,9,7,2
1,19436,20681,40117,-1245,9,7,2
18,6568,6052,12620,516,9,7,2
10,1296,1131,2427,165,9,7,2
6,17675,17047,34722,628,9,7,2
10,2914,2944,5858,-30,9,7,2
3,8145,9163,17308,-1018,9,7,2
12,4568,3468,8036,1100,9,7,2
5,11797,12918,24715,-1121,9,7,2
17,27365,28274,55639,-909,9,7,2
14,3753,2894,6647,859,9,7,2
19,1118,1718,2836,-600,9,7,2
16,7401,7838,15239,-437,9,7,2
16,3732,3262,6994,470,9,7,2
19,6175,6571,12746,-396,9,7,2
19,8391,8028,16419,363,9,7,2
13,10714,10343,21057,371,9,7,2
2,12280,11365,23645,915,9,7,2
13,12,10,22,2,9,7,2
7,15341,18453,33794,-3112,9,7,2
1,77638,77682,155320,-44,9,7,2
1,16643,15960,32603,683,9,7,2
1,24292,24276,48568,16,9,7,2
2,5759,5591,11350,168,9,7,2
6,10363,10056,20419,307,9,7,2
6,2550,960,3510,1590,9,7,2
7,18890,17255,36145,1635,9,7,2
4,20849,20399,41248,450,9,7,2
22,6369,5400,11769,969,9,7,2
23,8062,8208,16270,-146,9,7,2
17,12363,12240,24603,123,9,7,2
21,10967,11334,22301,-367,9,7,2
18,20599,21949,42548,-1350,9,7,2
0,23141,24376,47517,-1235,9,7,2
14,12713,12103,24816,610,9,7,2
0,40239,39405,79644,834,9,7,2
2,10981,12555,23536,-1574,9,7,2
4,13519,13372,26891,147,9,7,2
0,28234,25539,53773,2695,9,7,2
0,25644,25558,51202,86,9,7,2
1,14814,16508,31322,-1694,9,7,2
9,4541,4777,9318,-236,9,7,2
14,21854,19830,41684,2024,9,7,2
23,10361,10404,20765,-43,9,7,2
18,16483,17907,34390,-1424,9,7,2
6,16415,14821,31236,1594,9,7,2
6,12478,11349,23827,1129,9,7,2
14,10770,9929,20699,841,9,7,2
25,6422,5999,12421,423,9,7,2
21,20189,21362,41551,-1173,9,7,2
9,12306,10804,23110,1502,9,7,2
6,11909,11538,23447,371,9,7,2
8,8774,8446,17220,328,9,7,2
5,11043,10940,21983,103,9,7,2
2,6071,5834,11905,237,9,7,2
25,62,76,138,-14,9,7,2
12,7558,7450,15008,108,9,7,2
11,1014,963,1977,51,9,7,2
11,2111,1826,3937,285,9,7,2
3,28863,31036,59899,-2173,9,7,2
5,4347,3712,8059,635,9,7,2
15,1732,1639,3371,93,9,7,2
11,7908,7159,15067,749,9,7,2
6,13164,12489,25653,675,9,7,2
7,15973,18316,34289,-2343,9,7,2
4,19873,19918,39791,-45,9,7,2
6,24176,24662,48838,-486,9,7,2
5,4144,4344,8488,-200,9,7,2
4,4469,4063,8532,406,9,7,2
6,21933,24391,46324,-2458,9,7,2
16,7822,7306,15128,516,9,7,2
0,25223,25507,50730,-284,9,7,2
12,17239,18968,36207,-1729,9,7,2
18,4956,4759,9715,197,9,7,2
15,1617,1675,3292,-58,9,7,2
10,3712,3390,7102,322,9,7,2
21,5928,6351,12279,-423,9,7,2
3,21831,23779,45610,-1948,9,7,2
15,1738,1543,3281,195,9,7,2
2,1,0,1,1,9,7,2
3,33100,33288,66388,-188,9,7,2
4,5504,5650,11154,-146,9,7,2
1,11450,12230,23680,-780,9,7,2
13,8935,8394,17329,541,9,7,2
24,1128,979,2107,149,9,7,2
6,10343,9808,20151,535,9,7,2
5,6453,7306,13759,-853,9,7,2
18,14943,14336,29279,607,9,7,2
15,3778,3521,7299,257,9,7,2
13,1795,1302,3097,493,9,7,2
10,5690,5797,11487,-107,9,7,2
25,946,992,1938,-46,9,7,2
15,7285,7142,14427,143,9,7,2
17,19733,19407,39140,326,9,7,2
11,14249,14286,28535,-37,9,7,2
11,4495,4365,8860,130,9,7,2
13,6225,5739,11964,486,9,7,2
6,20276,18784,39060,1492,9,7,2
4,6620,6265,12885,355,9,7,2
4,7798,7569,15367,229,9,7,2
4,4688,4632,9320,56,9,7,2
6,26717,28087,54804,-1370,9,7,2
2,1987,2067,4054,-80,9,7,2
5,10490,12024,22514,-1534,9,7,2
12,4637,4366,9003,271,9,7,2
21,11683,11467,23150,216,9,7,2
3,16914,15875,32789,1039,9,7,2
9,2848,2533,5381,315,9,7,2
1,15810,17888,33698,-2078,9,7,2
18,16712,17991,34703,-1279,9,7,2
1,33282,35683,68965,-2401,9,7,2
5,14234,14245,28479,-11,9,7,2
4,9239,8003,17242,1236,9,7,2
13,9498,9657,19155,-159,9,7,2
3,40078,38833,78911,1245,9,7,2
19,4512,4677,9189,-165,9,7,2
13,2037,2461,4498,-424,9,7,2
1,62037,65601,127638,-3564,9,7,2
16,11660,11530,23190,130,9,7,2
2,19965,18795,38760,1170,9,7,2
22,3861,3591,7452,270,9,7,2
4,31904,29394,61298,2510,9,7,2
5,14627,11005,25632,3622,9,7,2
11,9330,8797,18127,533,9,7,2
13,5055,4941,9996,114,9,7,2
23,18551,18722,37273,-171,9,7,2
25,32047,30176,62223,1871,9,7,2
12,14264,14081,28345,183,9,7,2
3,26612,28242,54854,-1630,9,7,2
13,3686,4022,7708,-336,9,7,2
5,8459,8017,16476,442,9,7,2
8,12131,11987,24118,144,9,7,2
22,4355,4296,8651,59,9,6,1
12,6921,6661,13582,260,9,6,1
7,8180,9088,17268,-908,9,6,1
2,9310,9334,18644,-24,9,6,1
11,18326,20937,39263,-2611,9,6,1
6,44888,45361,90249,-473,9,6,1
8,22821,21788,44609,1033,9,6,1
22,4341,4301,8642,40,9,6,1
13,6071,5593,11664,478,9,6,1
18,12553,13364,25917,-811,9,6,1
15,1357,1318,2675,39,9,6,1
14,5989,5569,11558,420,9,6,1
15,3026,2596,5622,430,9,6,1
1,73139,71208,144347,1931,9,6,1
6,16617,18526,35143,-1909,9,6,1
18,9674,10870,20544,-1196,9,6,1
4,18402,17723,36125,679,9,6,1
7,10446,10646,21092,-200,9,6,1
13,3308,2826,6134,482,9,6,1
1,26566,25354,51920,1212,9,6,1
4,4713,4441,9154,272,9,6,1
15,433,394,827,39,9,6,1
4,6561,6792,13353,-231,9,6,1
14,21403,20623,42026,780,9,6,1
18,4026,4043,8069,-17,9,6,1
8,2855,1968,4823,887,9,6,1
4,5890,5513,11403,377,9,6,1
4,10300,9820,20120,480,9,6,1
1,33912,36444,70356,-2532,9,6,1
6,13747,14155,27902,-408,9,6,1
16,6498,6446,12944,52,9,6,1
10,7738,7207,14945,531,9,6,1
17,1909,1908,3817,1,9,6,1
2,20806,21070,41876,-264,9,6,1
2,7372,7367,14739,5,9,6,1
16,11280,10212,21492,1068,9,6,1
4,9788,9626,19414,162,9,6,1
5,9500,9230,18730,270,9,6,1
19,4620,4194,8814,426,9,6,1
6,14741,13190,27931,1551,9,6,1
8,12476,15098,27574,-2622,9,6,1
2,37688,36667,74355,1021,9,6,1
21,8913,8379,17292,534,9,6,1
13,596,641,1237,-45,9,6,1
10,2183,2114,4297,69,9,6,1
5,18821,18112,36933,709,9,6,1
16,2411,3134,5545,-723,9,6,1
13,3746,3302,7048,444,9,6,1
4,14534,15479,30013,-945,9,6,1
6,12926,12822,25748,104,9,6,1
8,3056,3305,6361,-249,9,6,1
16,2271,2457,4728,-186,9,6,1
17,6543,5953,12496,590,9,6,1
11,7157,6679,13836,478,9,6,1
20,2500,2484,4984,16,9,6,1
4,12970,11673,24643,1297,9,6,1
11,2741,2480,5221,261,9,6,1
6,22188,22029,44217,159,9,6,1
12,9464,9112,18576,352,9,6,1
4,30463,32458,62921,-1995,9,6,1
5,9611,9022,18633,589,9,6,1
1,34251,38892,73143,-4641,9,6,1
2,15028,9809,24837,5219,9,6,1
11,18393,18784,37177,-391,9,6,1
1,57508,57511,115019,-3,9,6,1
18,2423,2307,4730,116,9,6,1
25,13468,13553,27021,-85,9,6,1
8,1569,1252,2821,317,9,6,1
5,7699,5824,13523,1875,9,6,1
18,4887,5068,9955,-181,9,6,1
1,23902,23222,47124,680,9,6,1
14,7417,7229,14646,188,9,6,1
2,20620,19646,40266,974,9,6,1
25,537,557,1094,-20,9,6,1
8,17668,19325,36993,-1657,9,6,1
6,15267,12122,27389,3145,9,6,1
4,11449,12111,23560,-662,9,6,1
11,7675,7444,15119,231,9,6,1
15,96,98,194,-2,9,6,1
4,9382,8834,18216,548,9,6,1
15,1522,1489,3011,33,9,6,1
13,5034,4930,9964,104,9,6,1
11,26974,27567,54541,-593,9,6,1
11,11320,11315,22635,5,9,6,1
13,6789,6822,13611,-33,9,6,1
2,7992,7392,15384,600,9,6,1
18,10017,9468,19485,549,9,6,1
4,8271,8523,16794,-252,9,6,1
3,22553,22705,45258,-152,9,6,1
15,217,226,443,-9,9,6,1
4,5447,5910,11357,-463,9,6,1
8,4772,7782,12554,-3010,9,6,1
16,5719,5137,10856,582,9,6,1
4,29400,27463,56863,1937,9,6,1
1,27341,26634,53975,707,9,6,1
6,16141,16913,33054,-772,9,6,1
19,2355,2604,4959,-249,9,6,1
2,27279,28163,55442,-884,9,6,1
6,12353,11094,23447,1259,9,6,1
11,10019,10818,20837,-799,9,6,1
7,5578,5738,11316,-160,9,6,1
15,2020,2029,4049,-9,9,6,1
3,1171,1001,2172,170,9,6,1
7,15297,13982,29279,1315,9,6,1
6,15326,15541,30867,-215,9,6,1
8,5519,4193,9712,1326,9,6,1
11,8414,8193,16607,221,9,6,1
8,26276,25721,51997,555,9,6,1
3,18479,21142,39621,-2663,9,6,1
6,19699,20803,40502,-1104,9,6,1
2,15934,14107,30041,1827,9,6,1
5,5575,4930,10505,645,9,6,1
12,4696,4365,9061,331,9,6,1
12,4772,3927,8699,845,9,6,1
6,19114,19907,39021,-793,9,6,1
13,4030,3535,7565,495,9,6,1
7,11117,10583,21700,534,9,6,1
19,111,75,186,36,9,6,1
4,16373,14650,31023,1723,9,6,1
3,8971,7875,16846,1096,9,6,1
20,3845,3622,7467,223,9,6,1
1,17831,21834,39665,-4003,9,6,1
8,19152,19691,38843,-539,9,6,1
11,7069,6556,13625,513,9,6,1
23,2277,1750,4027,527,9,6,1
17,2019,2118,4137,-99,9,6,1
6,8331,8255,16586,76,9,6,1
1,24282,24673,48955,-391,9,6,1
18,4714,4262,8976,452,9,6,1
20,2342,1857,4199,485,9,6,1
11,11544,12507,24051,-963,9,6,1
15,379,331,710,48,9,6,1
21,5014,4496,9510,518,9,6,1
2,9894,9237,19131,657,9,6,1
2,11551,11494,23045,57,9,6,1
23,13160,10049,23209,3111,9,6,1
5,9947,10515,20462,-568,9,6,1
12,3370,2924,6294,446,9,6,1
25,5600,5460,11060,140,9,6,1
12,6099,5837,11936,262,9,6,1
2,4844,5135,9979,-291,9,6,1
18,7439,6938,14377,501,9,6,1
25,11214,9896,21110,1318,9,6,1
1,1395,1445,2840,-50,9,6,1
12,6342,6013,12355,329,9,6,1
12,6740,4246,10986,2494,9,6,1
6,9446,10455,19901,-1009,9,6,1
25,2443,1883,4326,560,9,6,1
14,3201,3222,6423,-21,9,6,1
14,4216,3892,8108,324,9,6,1
2,6998,6987,13985,11,9,6,1
5,2761,2840,5601,-79,9,6,1
11,18955,19578,38533,-623,9,6,1
5,9703,8840,18543,863,9,6,1
0,10841,10088,20929,753,9,6,1
3,19164,19646,38810,-482,9,6,1
4,2751,3167,5918,-416,9,6,1
3,15173,13519,28692,1654,9,6,1
1,12299,14051,26350,-1752,9,6,1
2,10806,12336,23142,-1530,9,6,1
12,2357,2467,4824,-110,9,6,1
12,3095,2948,6043,147,9,6,1
5,7939,8016,15955,-77,9,6,1
0,7994,8148,16142,-154,9,6,1
14,15530,15527,31057,3,9,6,1
14,12941,12070,25011,871,9,6,1
3,1648,1525,3173,123,9,6,1
8,2654,1471,4125,1183,9,6,1
11,6152,6484,12636,-332,9,6,1
4,8211,8281,16492,-70,9,6,1
9,935,925,1860,10,9,6,1
8,13121,11800,24921,1321,9,6,1
5,14679,15904,30583,-1225,9,6,1
16,13884,12782,26666,1102,9,6,1
13,2859,2556,5415,303,9,6,1
1,21798,23756,45554,-1958,9,6,1
6,9775,9391,19166,384,9,6,1
4,10570,10927,21497,-357,9,6,1
16,8140,8068,16208,72,9,6,1
8,12533,12478,25011,55,9,6,1
23,7800,7908,15708,-108,9,6,1
6,13437,12525,25962,912,9,6,1
15,3923,3858,7781,65,9,6,1
4,6380,6078,12458,302,9,6,1
4,7398,6893,14291,505,9,6,1
4,14838,15106,29944,-268,9,6,1
5,14970,13185,28155,1785,9,6,1
25,7898,7657,15555,241,9,6,1
5,13958,14976,28934,-1018,9,6,1
12,9978,9931,19909,47,9,6,1
18,14142,13290,27432,852,9,6,1
18,3885,3919,7804,-34,9,6,1
2,12740,12147,24887,593,9,6,1
18,5046,4853,9899,193,9,6,1
6,10413,10250,20663,163,9,6,1
6,16710,16147,32857,563,9,6,1
3,22615,23289,45904,-674,9,6,1
4,8590,8952,17542,-362,9,6,1
11,10456,10372,20828,84,9,6,1
7,4472,3594,8066,878,9,6,1
18,19752,20388,40140,-636,9,6,1
4,17381,18464,35845,-1083,9,6,1
7,5990,5953,11943,37,9,6,1
2,3985,3945,7930,40,9,6,1
1,21792,22453,44245,-661,9,6,1
13,4732,4775,9507,-43,9,6,1
7,21765,23326,45091,-1561,9,6,1
18,15115,16138,31253,-1023,9,6,1
4,16272,16395,32667,-123,9,6,1
3,15799,15244,31043,555,9,6,1
3,26971,26409,53380,562,9,6,1
21,4315,4178,8493,137,9,6,1
6,6208,5867,12075,341,9,6,1
4,20328,21366,41694,-1038,9,6,1
1,16571,17035,33606,-464,9,6,1
4,7191,7450,14641,-259,9,6,1
12,9984,9683,19667,301,9,6,1
4,6670,6342,13012,328,9,6,1
24,994,1006,2000,-12,9,6,1
13,7242,6876,14118,366,9,6,1
23,9978,9897,19875,81,9,6,1
15,80,74,154,6,9,6,1
14,7023,6843,13866,180,9,6,1
5,2292,2205,4497,87,9,6,1
17,25823,25856,51679,-33,9,6,1
15,3162,2984,6146,178,9,6,1
11,13750,13630,27380,120,9,6,1
20,3005,2794,5799,211,9,6,1
6,7877,7869,15746,8,9,6,1
20,1830,2061,3891,-231,9,6,1
20,6516,7112,13628,-596,9,6,1
5,7853,7145,14998,708,9,6,1
22,1572,1544,3116,28,9,6,1
12,1527,1635,3162,-108,9,6,1
18,2638,2315,4953,323,9,6,1
7,9391,7855,17246,1536,9,6,1
18,2,0,2,2,9,6,1
24,1293,1264,2557,29,9,6,1
9,17796,18461,36257,-665,9,6,1
1,23875,22156,46031,1719,9,6,1
5,9131,8505,17636,626,9,6,1
14,8959,8172,17131,787,9,6,1
10,1944,1939,3883,5,9,6,1
14,31723,31518,63241,205,9,6,1
14,27068,28890,55958,-1822,9,6,1
22,6272,5916,12188,356,9,6,1
22,2498,2111,4609,387,9,6,1
5,4327,4283,8610,44,9,6,1
2,16219,17182,33401,-963,9,6,1
6,16269,16061,32330,208,9,6,1
1,35679,38199,73878,-2520,9,6,1
3,23186,19793,42979,3393,9,6,1
15,2521,2351,4872,170,9,6,1
19,4797,4069,8866,728,9,6,1
8,4155,3831,7986,324,9,6,1
21,15710,16977,32687,-1267,9,6,1
7,5185,5277,10462,-92,9,6,1
5,7395,6364,13759,1031,9,6,1
3,5316,5911,11227,-595,9,6,1
10,2460,2169,4629,291,9,6,1
1,49758,51264,101022,-1506,9,6,1
9,7448,7654,15102,-206,9,6,1
23,19665,19185,38850,480,9,6,1
22,2146,2233,4379,-87,9,6,1
22,2570,2620,5190,-50,9,6,1
9,7006,6579,13585,427,9,6,1
18,5433,5010,10443,423,9,6,1
3,19338,17974,37312,1364,9,6,1
6,12844,12478,25322,366,9,6,1
21,16317,16572,32889,-255,9,6,1
25,5601,5397,10998,204,9,6,1
6,16903,16192,33095,711,9,6,1
5,9404,10985,20389,-1581,9,6,1
1,14395,13931,28326,464,9,6,1
5,6846,6385,13231,461,9,6,1
4,15117,13629,28746,1488,9,6,1
15,213,222,435,-9,9,6,1
5,13043,12014,25057,1029,9,6,1
8,6822,7264,14086,-442,9,6,1
20,2386,2906,5292,-520,9,6,1
13,2577,2483,5060,94,9,6,1
4,20568,21415,41983,-847,9,6,1
11,1305,1156,2461,149,9,6,1
12,2802,2179,4981,623,9,6,1
20,7043,6869,13912,174,9,6,1
1,46645,45453,92098,1192,9,6,1
18,10910,11021,21931,-111,9,6,1
16,6287,6136,12423,151,9,6,1
0,37357,38248,75605,-891,9,6,1
11,3320,1434,4754,1886,9,6,1
3,10530,14192,24722,-3662,9,6,1
13,4289,5459,9748,-1170,9,6,1
20,2483,2634,5117,-151,9,6,1
20,3027,2593,5620,434,9,6,1
11,7223,6867,14090,356,9,6,1
1,21139,21183,42322,-44,9,6,1
18,23031,23529,46560,-498,9,6,1
5,13092,13656,26748,-564,9,6,1
12,8383,9211,17594,-828,9,6,1
11,9447,8430,17877,1017,9,6,1
9,8508,7542,16050,966,9,6,1
7,7465,8578,16043,-1113,9,6,1
9,6448,6180,12628,268,9,6,1
18,13429,20096,33525,-6667,9,6,1
1,55427,49797,105224,5630,9,6,1
17,7624,6746,14370,878,9,6,1
8,9089,8465,17554,624,9,6,1
18,7884,8407,16291,-523,9,6,1
9,10358,11360,21718,-1002,9,6,1
11,13841,13808,27649,33,9,6,1
1,36755,40980,77735,-4225,9,6,1
3,21675,20478,42153,1197,9,6,1
22,3698,4005,7703,-307,9,6,1
11,6177,5912,12089,265,9,6,1
11,2910,2674,5584,236,9,6,1
11,2793,2576,5369,217,9,6,1
10,288,288,576,0,9,6,1
19,4691,4382,9073,309,9,6,1
14,8004,8064,16068,-60,9,6,1
12,2010,1698,3708,312,9,6,1
22,2576,2458,5034,118,9,6,1
22,5993,5464,11457,529,9,6,1
14,27345,27190,54535,155,9,6,1
19,2341,2151,4492,190,9,6,1
4,6580,6029,12609,551,9,6,1
11,4177,4025,8202,152,9,6,1
7,8585,8196,16781,389,9,6,1
9,5043,5248,10291,-205,9,6,1
18,13194,13330,26524,-136,9,6,1
6,12426,12248,24674,178,9,6,1
21,4221,3396,7617,825,9,6,1
13,2844,3024,5868,-180,9,6,1
18,11563,12462,24025,-899,9,6,1
2,14684,15499,30183,-815,9,6,1
11,31270,33423,64693,-2153,9,6,1
18,7504,6302,13806,1202,9,6,1
18,12128,12910,25038,-782,9,6,1
3,34064,33951,68015,113,9,6,1
7,5247,4830,10077,417,9,6,1
3,15258,14729,29987,529,9,6,1
6,16695,16603,33298,92,9,6,1
19,3981,3584,7565,397,9,6,1
0,23587,23852,47439,-265,9,6,1
1,23488,23310,46798,178,9,6,1
18,4598,4482,9080,116,9,6,1
4,6664,6845,13509,-181,9,6,1
11,9143,7681,16824,1462,9,6,1
4,4408,4596,9004,-188,9,6,1
21,1757,1563,3320,194,9,6,1
15,2160,2052,4212,108,9,6,1
8,28280,27753,56033,527,9,6,1
1,1767,1905,3672,-138,9,6,1
1,14512,14792,29304,-280,9,6,1
5,8691,9031,17722,-340,9,6,1
1,24815,23989,48804,826,9,6,1
6,15741,14777,30518,964,9,6,1
11,4024,3889,7913,135,9,6,1
1,46632,46178,92810,454,9,6,1
10,1519,1361,2880,158,9,6,1
20,1623,2105,3728,-482,9,6,1
1,56529,53537,110066,2992,9,6,1
8,4519,3893,8412,626,9,6,1
8,3963,3724,7687,239,9,6,1
8,7133,6831,13964,302,9,6,1
2,27614,29214,56828,-1600,9,6,1
1,3279,3316,6595,-37,9,6,1
0,13599,13097,26696,502,9,6,1
22,2205,2107,4312,98,9,6,1
3,15863,17196,33059,-1333,9,6,1
25,189,171,360,18,9,6,1
12,8833,7889,16722,944,9,6,1
4,14233,11322,25555,2911,9,6,1
1,10209,10461,20670,-252,9,6,1
24,2599,2543,5142,56,9,6,1
1,38226,39092,77318,-866,9,6,1
13,1047,1329,2376,-282,9,6,1
19,1743,1677,3420,66,9,6,1
6,11677,10808,22485,869,9,6,1
7,4071,4368,8439,-297,9,6,1
3,28994,26920,55914,2074,9,6,1
24,2508,2340,4848,168,9,6,1
24,2798,2534,5332,264,9,6,1
25,552,550,1102,2,9,6,1
4,14218,13683,27901,535,9,6,1
1,11026,10187,21213,839,9,6,1
2,20908,22045,42953,-1137,9,6,1
21,11601,10296,21897,1305,9,6,1
5,15077,15459,30536,-382,9,6,1
11,26231,25815,52046,416,9,6,1
7,19018,16701,35719,2317,9,6,1
2,32787,35517,68304,-2730,9,6,1
18,18118,20526,38644,-2408,9,6,1
4,6953,6779,13732,174,9,6,1
13,7850,7734,15584,116,9,6,1
19,348,271,619,77,9,6,1
18,25126,26249,51375,-1123,9,6,1
2,13241,12626,25867,615,9,6,1
5,3763,3690,7453,73,9,6,1
25,1612,1646,3258,-34,9,6,1
25,3016,2887,5903,129,9,6,1
2,36457,40056,76513,-3599,9,6,1
25,707,614,1321,93,9,6,1
12,7548,7206,14754,342,9,6,1
1,7019,7100,14119,-81,9,6,1
8,10434,10604,21038,-170,9,6,1
4,7708,7514,15222,194,9,6,1
25,2543,2443,4986,100,9,6,1
6,18231,18923,37154,-692,9,6,1
19,772,766,1538,6,9,6,1
9,10592,10976,21568,-384,9,6,1
4,11767,12766,24533,-999,9,6,1
4,28704,32125,60829,-3421,9,6,1
8,29225,30294,59519,-1069,9,6,1
10,2171,2167,4338,4,9,6,1
14,29241,28967,58208,274,9,6,1
1,48639,55214,103853,-6575,9,6,1
5,3890,4425,8315,-535,9,6,1
19,4240,4255,8495,-15,9,6,1
2,35220,33349,68569,1871,9,6,1
8,19297,17703,37000,1594,9,6,1
11,35095,37443,72538,-2348,9,6,1
1,22601,23747,46348,-1146,9,6,1
4,4313,4345,8658,-32,9,6,1
4,10425,10678,21103,-253,9,6,1
16,3235,3189,6424,46,9,6,1
18,8603,8673,17276,-70,9,6,1
4,3767,3783,7550,-16,9,6,1
2,6228,5484,11712,744,9,6,1
14,11787,10747,22534,1040,9,6,1
18,11786,9912,21698,1874,9,6,1
4,21996,23674,45670,-1678,9,6,1
19,3160,2937,6097,223,9,6,1
25,264,275,539,-11,9,6,1
11,9371,9371,18742,0,9,6,1
11,3810,3560,7370,250,9,6,1
21,7677,7483,15160,194,9,6,1
2,9159,9167,18326,-8,9,6,1
12,50,32,82,18,9,6,1
14,7274,6698,13972,576,9,6,1
6,11140,10365,21505,775,9,6,1
24,3360,3446,6806,-86,9,6,1
4,4613,3900,8513,713,9,6,1
9,6269,6346,12615,-77,9,6,1
4,4493,5088,9581,-595,9,6,1
1,16474,13323,29797,3151,9,6,1
12,15497,16366,31863,-869,9,6,1
12,10090,10130,20220,-40,9,6,1
1,3288,3260,6548,28,9,6,1
1,2732,2772,5504,-40,9,6,1
6,6119,5811,11930,308,9,6,1
25,1498,1497,2995,1,9,6,1
11,28284,31610,59894,-3326,9,6,1
4,15199,14729,29928,470,9,6,1
25,611,580,1191,31,9,6,1
16,7470,7467,14937,3,9,6,1
13,7236,6656,13892,580,9,6,1
23,11412,10778,22190,634,9,6,1
25,306,313,619,-7,9,6,1
19,4150,4371,8521,-221,9,6,1
23,11461,10939,22400,522,9,6,1
12,8736,8076,16812,660,9,6,1
5,13800,13107,26907,693,9,6,1
19,2713,2483,5196,230,9,6,1
5,4752,4991,9743,-239,9,6,1
13,3039,2580,5619,459,9,6,1
2,10708,11091,21799,-383,9,6,1
1,23473,23808,47281,-335,9,6,1
4,6503,6768,13271,-265,9,6,1
1,13993,13982,27975,11,9,6,1
1,41793,43721,85514,-1928,9,6,1
12,1916,1585,3501,331,9,6,1
5,17660,17341,35001,319,9,6,1
11,8785,8800,17585,-15,9,6,1
12,18192,18916,37108,-724,9,6,1
1,16902,18439,35341,-1537,9,6,1
10,1134,952,2086,182,9,6,1
18,5515,5134,10649,381,9,6,1
6,16060,15372,31432,688,9,6,1
10,2376,2406,4782,-30,9,6,1
12,4675,3388,8063,1287,9,6,1
3,8784,8938,17722,-154,9,6,1
5,10222,10498,20720,-276,9,6,1
17,24065,24826,48891,-761,9,6,1
14,3254,2440,5694,814,9,6,1
19,911,1447,2358,-536,9,6,1
16,6956,6589,13545,367,9,6,1
16,3360,3266,6626,94,9,6,1
19,5313,5717,11030,-404,9,6,1
19,6620,6397,13017,223,9,6,1
13,9692,9335,19027,357,9,6,1
2,10903,10504,21407,399,9,6,1
13,16,14,30,2,9,6,1
1,60953,61273,122226,-320,9,6,1
7,12830,15080,27910,-2250,9,6,1
1,14787,14197,28984,590,9,6,1
1,21250,21134,42384,116,9,6,1
2,5261,4881,10142,380,9,6,1
6,9434,9230,18664,204,9,6,1
6,2388,845,3233,1543,9,6,1
7,16958,16124,33082,834,9,6,1
4,18768,18432,37200,336,9,6,1
22,4929,4403,9332,526,9,6,1
23,6759,6880,13639,-121,9,6,1
17,11115,11180,22295,-65,9,6,1
21,10150,10300,20450,-150,9,6,1
18,16712,17592,34304,-880,9,6,1
0,20745,21710,42455,-965,9,6,1
14,11065,10508,21573,557,9,6,1
0,33890,33998,67888,-108,9,6,1
2,10071,11693,21764,-1622,9,6,1
0,25424,22947,48371,2477,9,6,1
4,12185,12361,24546,-176,9,6,1
0,23491,23391,46882,100,9,6,1
1,12099,13489,25588,-1390,9,6,1
9,4219,4344,8563,-125,9,6,1
14,18273,16806,35079,1467,9,6,1
23,9290,9377,18667,-87,9,6,1
18,14206,15488,29694,-1282,9,6,1
6,15024,13462,28486,1562,9,6,1
6,11140,10496,21636,644,9,6,1
14,9587,8899,18486,688,9,6,1
25,5835,5490,11325,345,9,6,1
21,16958,17714,34672,-756,9,6,1
9,11344,9999,21343,1345,9,6,1
6,10853,10718,21571,135,9,6,1
8,9051,8241,17292,810,9,6,1
5,10232,10071,20303,161,9,6,1
2,5212,4982,10194,230,9,6,1
25,44,64,108,-20,9,6,1
12,6670,6739,13409,-69,9,6,1
11,791,754,1545,37,9,6,1
11,1645,1450,3095,195,9,6,1
12,1,0,1,1,9,6,1
3,26443,28305,54748,-1862,9,6,1
5,3464,2782,6246,682,9,6,1
15,1672,1565,3237,107,9,6,1
11,5386,5238,10624,148,9,6,1
6,11507,10861,22368,646,9,6,1
4,17940,17890,35830,50,9,6,1
7,14223,16401,30624,-2178,9,6,1
6,21668,21758,43426,-90,9,6,1
5,3799,4008,7807,-209,9,6,1
4,4159,3608,7767,551,9,6,1
6,20406,22505,42911,-2099,9,6,1
16,6790,6362,13152,428,9,6,1
12,13472,14863,28335,-1391,9,6,1
0,22355,22359,44714,-4,9,6,1
18,4147,4070,8217,77,9,6,1
15,1495,1351,2846,144,9,6,1
10,3114,2917,6031,197,9,6,1
21,5202,5537,10739,-335,9,6,1
3,19868,21191,41059,-1323,9,6,1
15,1470,1338,2808,132,9,6,1
3,30202,30957,61159,-755,9,6,1
2,1,0,1,1,9,6,1
1,10103,10863,20966,-760,9,6,1
4,5021,5174,10195,-153,9,6,1
13,8068,7525,15593,543,9,6,1
24,823,819,1642,4,9,6,1
6,9570,8885,18455,685,9,6,1
5,5915,6541,12456,-626,9,6,1
18,13752,13174,26926,578,9,6,1
15,3657,3231,6888,426,9,6,1
13,1569,1160,2729,409,9,6,1
10,4497,4516,9013,-19,9,6,1
25,755,751,1506,4,9,6,1
15,6424,6359,12783,65,9,6,1
17,17728,17582,35310,146,9,6,1
11,11795,11861,23656,-66,9,6,1
11,3472,3488,6960,-16,9,6,1
13,5770,5225,10995,545,9,6,1
6,18118,16763,34881,1355,9,6,1
4,5704,5460,11164,244,9,6,1
4,7170,6803,13973,367,9,6,1
4,4370,4295,8665,75,9,6,1
6,24340,25792,50132,-1452,9,6,1
2,1860,1866,3726,-6,9,6,1
5,8079,9503,17582,-1424,9,6,1
12,4269,4056,8325,213,9,6,1
21,9135,9165,18300,-30,9,6,1
3,12678,12203,24881,475,9,6,1
9,2586,2319,4905,267,9,6,1
1,15149,17160,32309,-2011,9,6,1
18,15192,16030,31222,-838,9,6,1
5,12364,12700,25064,-336,9,6,1
1,28642,31195,59837,-2553,9,6,1
4,8334,7165,15499,1169,9,6,1
13,8219,8274,16493,-55,9,6,1
3,32020,32536,64556,-516,9,6,1
19,4177,4200,8377,-23,9,6,1
16,9756,9731,19487,25,9,6,1
1,53791,57101,110892,-3310,9,6,1
13,1838,2172,4010,-334,9,6,1
2,17944,17067,35011,877,9,6,1
22,3618,3354,6972,264,9,6,1
4,29210,26614,55824,2596,9,6,1
5,12662,9810,22472,2852,9,6,1
11,8091,7789,15880,302,9,6,1
13,4409,4343,8752,66,9,6,1
23,16841,17112,33953,-271,9,6,1
25,28685,27783,56468,902,9,6,1
12,12722,12503,25225,219,9,6,1
3,24124,25430,49554,-1306,9,6,1
5,8055,7500,15555,555,9,6,1
13,3492,3708,7200,-216,9,6,1
8,12206,11848,24054,358,9,6,1
22,3940,4007,7947,-67,9,5,0
12,6584,6306,12890,278,9,5,0
2,8676,8691,17367,-15,9,5,0
7,7761,8531,16292,-770,9,5,0
11,18072,21379,39451,-3307,9,5,0
6,48087,46717,94804,1370,9,5,0
8,20886,20594,41480,292,9,5,0
22,4067,4246,8313,-179,9,5,0
13,5847,5600,11447,247,9,5,0
18,12761,13922,26683,-1161,9,5,0
15,1357,1160,2517,197,9,5,0
14,5751,5473,11224,278,9,5,0
15,2865,2419,5284,446,9,5,0
1,74563,71232,145795,3331,9,5,0
18,9749,11232,20981,-1483,9,5,0
6,16690,18145,34835,-1455,9,5,0
4,18951,18481,37432,470,9,5,0
7,10721,11255,21976,-534,9,5,0
13,3163,2727,5890,436,9,5,0
1,27194,26063,53257,1131,9,5,0
4,4315,4311,8626,4,9,5,0
15,409,363,772,46,9,5,0
4,6512,7023,13535,-511,9,5,0
14,20602,20964,41566,-362,9,5,0
18,4045,4267,8312,-222,9,5,0
8,2722,1831,4553,891,9,5,0
4,5654,5392,11046,262,9,5,0
4,10331,10059,20390,272,9,5,0
6,13601,14111,27712,-510,9,5,0
1,29920,31904,61824,-1984,9,5,0
16,6325,6033,12358,292,9,5,0
10,8092,7538,15630,554,9,5,0
17,745,764,1509,-19,9,5,0
2,20346,19920,40266,426,9,5,0
2,7952,8042,15994,-90,9,5,0
13,1,0,1,1,9,5,0
16,11242,10352,21594,890,9,5,0
4,9590,9561,19151,29,9,5,0
5,9426,9383,18809,43,9,5,0
19,4746,4352,9098,394,9,5,0
8,10549,14439,24988,-3890,9,5,0
2,38053,36334,74387,1719,9,5,0
6,14786,12530,27316,2256,9,5,0
21,8602,7954,16556,648,9,5,0
13,514,542,1056,-28,9,5,0
10,2199,2129,4328,70,9,5,0
5,18215,18126,36341,89,9,5,0
13,3709,3153,6862,556,9,5,0
16,2299,3007,5306,-708,9,5,0
4,14488,15336,29824,-848,9,5,0
6,12148,12307,24455,-159,9,5,0
8,2945,3264,6209,-319,9,5,0
16,2215,2418,4633,-203,9,5,0
17,6432,6381,12813,51,9,5,0
11,7028,6742,13770,286,9,5,0
20,1816,1999,3815,-183,9,5,0
4,12807,11916,24723,891,9,5,0
11,3540,2971,6511,569,9,5,0
6,20302,20020,40322,282,9,5,0
12,9226,9046,18272,180,9,5,0
4,31738,31555,63293,183,9,5,0
5,9244,9258,18502,-14,9,5,0
1,33918,38280,72198,-4362,9,5,0
2,14584,9776,24360,4808,9,5,0
11,17620,17587,35207,33,9,5,0
1,58022,57621,115643,401,9,5,0
18,2420,2265,4685,155,9,5,0
25,12932,13159,26091,-227,9,5,0
8,1112,1156,2268,-44,9,5,0
5,7732,6173,13905,1559,9,5,0
18,4925,5352,10277,-427,9,5,0
1,23258,23132,46390,126,9,5,0
14,7161,7157,14318,4,9,5,0
2,20123,19381,39504,742,9,5,0
25,611,596,1207,15,9,5,0
8,19106,18866,37972,240,9,5,0
4,10523,11435,21958,-912,9,5,0
6,14527,11958,26485,2569,9,5,0
11,7210,7347,14557,-137,9,5,0
15,68,59,127,9,9,5,0
4,9287,9259,18546,28,9,5,0
15,1447,1363,2810,84,9,5,0
13,4631,4448,9079,183,9,5,0
11,26222,26828,53050,-606,9,5,0
11,10935,10964,21899,-29,9,5,0
13,5693,5554,11247,139,9,5,0
2,7656,7322,14978,334,9,5,0
18,11516,11025,22541,491,9,5,0
4,7789,8225,16014,-436,9,5,0
3,21363,22879,44242,-1516,9,5,0
15,172,166,338,6,9,5,0
8,4637,4908,9545,-271,9,5,0
16,5814,3356,9170,2458,9,5,0
4,5116,4246,9362,870,9,5,0
4,28281,27359,55640,922,9,5,0
1,26700,26653,53353,47,9,5,0
6,16649,17329,33978,-680,9,5,0
19,2273,2538,4811,-265,9,5,0
2,28675,29327,58002,-652,9,5,0
6,11571,11217,22788,354,9,5,0
11,9656,10503,20159,-847,9,5,0
7,5293,5314,10607,-21,9,5,0
15,2036,2396,4432,-360,9,5,0
3,1133,1023,2156,110,9,5,0
7,14810,13951,28761,859,9,5,0
6,15160,15502,30662,-342,9,5,0
8,4391,3975,8366,416,9,5,0
11,6836,7041,13877,-205,9,5,0
8,25031,24363,49394,668,9,5,0
6,19202,19443,38645,-241,9,5,0
3,17066,19099,36165,-2033,9,5,0
2,15912,14628,30540,1284,9,5,0
5,4209,4064,8273,145,9,5,0
12,4327,4096,8423,231,9,5,0
12,4679,3998,8677,681,9,5,0
6,17774,19036,36810,-1262,9,5,0
13,3726,3388,7114,338,9,5,0
7,10492,10325,20817,167,9,5,0
19,95,65,160,30,9,5,0
4,16027,14988,31015,1039,9,5,0
3,8311,7402,15713,909,9,5,0
20,3920,4118,8038,-198,9,5,0
8,18566,19066,37632,-500,9,5,0
1,16372,20082,36454,-3710,9,5,0
11,6787,6507,13294,280,9,5,0
23,2024,1564,3588,460,9,5,0
17,942,999,1941,-57,9,5,0
1,22612,22949,45561,-337,9,5,0
6,8025,7835,15860,190,9,5,0
18,4871,4715,9586,156,9,5,0
20,2080,1757,3837,323,9,5,0
11,10920,12188,23108,-1268,9,5,0
15,406,282,688,124,9,5,0
21,4382,4012,8394,370,9,5,0
2,10625,9946,20571,679,9,5,0
2,11401,11757,23158,-356,9,5,0
23,13053,9961,23014,3092,9,5,0
5,9271,9874,19145,-603,9,5,0
12,3366,2950,6316,416,9,5,0
25,5433,5271,10704,162,9,5,0
12,5888,5785,11673,103,9,5,0
2,5269,5537,10806,-268,9,5,0
18,7661,7488,15149,173,9,5,0
25,11379,10078,21457,1301,9,5,0
1,1495,1620,3115,-125,9,5,0
12,5614,5481,11095,133,9,5,0
6,9300,10172,19472,-872,9,5,0
12,5453,3339,8792,2114,9,5,0
25,2510,1881,4391,629,9,5,0
14,3278,3253,6531,25,9,5,0
14,3846,3710,7556,136,9,5,0
2,6299,6575,12874,-276,9,5,0
5,2833,2987,5820,-154,9,5,0
11,19561,20303,39864,-742,9,5,0
5,9650,9034,18684,616,9,5,0
3,18160,18136,36296,24,9,5,0
0,9800,9021,18821,779,9,5,0
3,14387,12472,26859,1915,9,5,0
4,3615,3744,7359,-129,9,5,0
1,10877,12409,23286,-1532,9,5,0
2,10035,10913,20948,-878,9,5,0
12,2333,2523,4856,-190,9,5,0
12,2913,2805,5718,108,9,5,0
5,7364,8083,15447,-719,9,5,0
0,5330,5759,11089,-429,9,5,0
14,14605,14525,29130,80,9,5,0
14,11689,11143,22832,546,9,5,0
8,1607,1203,2810,404,9,5,0
3,743,862,1605,-119,9,5,0
11,7386,8868,16254,-1482,9,5,0
4,7974,8189,16163,-215,9,5,0
9,1280,1113,2393,167,9,5,0
8,11994,11830,23824,164,9,5,0
5,14460,16414,30874,-1954,9,5,0
16,14352,13297,27649,1055,9,5,0
13,2807,2482,5289,325,9,5,0
1,21216,22560,43776,-1344,9,5,0
6,6913,6836,13749,77,9,5,0
4,11188,11000,22188,188,9,5,0
8,12081,11718,23799,363,9,5,0
16,9132,8601,17733,531,9,5,0
23,7258,7615,14873,-357,9,5,0
6,13311,12749,26060,562,9,5,0
15,3834,3608,7442,226,9,5,0
4,6109,5957,12066,152,9,5,0
4,7114,6950,14064,164,9,5,0
4,14701,14887,29588,-186,9,5,0
5,14622,13354,27976,1268,9,5,0
25,7215,7207,14422,8,9,5,0
5,12466,13142,25608,-676,9,5,0
12,9493,9531,19024,-38,9,5,0
18,14783,14185,28968,598,9,5,0
18,3745,3732,7477,13,9,5,0
2,12763,12137,24900,626,9,5,0
18,5058,5090,10148,-32,9,5,0
6,10202,10248,20450,-46,9,5,0
6,15968,16139,32107,-171,9,5,0
3,20677,21600,42277,-923,9,5,0
4,8358,8940,17298,-582,9,5,0
11,10257,10051,20308,206,9,5,0
18,18249,18534,36783,-285,9,5,0
7,4167,3241,7408,926,9,5,0
4,16583,18410,34993,-1827,9,5,0
7,5881,6062,11943,-181,9,5,0
2,3837,4157,7994,-320,9,5,0
1,22084,22635,44719,-551,9,5,0
13,4468,4314,8782,154,9,5,0
7,23743,24389,48132,-646,9,5,0
18,14568,15654,30222,-1086,9,5,0
4,15559,15908,31467,-349,9,5,0
3,14934,14458,29392,476,9,5,0
3,25572,25581,51153,-9,9,5,0
21,3919,3727,7646,192,9,5,0
6,5754,5792,11546,-38,9,5,0
4,20172,20567,40739,-395,9,5,0
1,19198,19967,39165,-769,9,5,0
4,7149,7592,14741,-443,9,5,0
12,9282,8902,18184,380,9,5,0
4,6394,6297,12691,97,9,5,0
24,1056,994,2050,62,9,5,0
13,7071,6824,13895,247,9,5,0
23,9264,9366,18630,-102,9,5,0
15,74,41,115,33,9,5,0
14,6604,6361,12965,243,9,5,0
5,2282,2265,4547,17,9,5,0
17,24155,25043,49198,-888,9,5,0
15,2924,2772,5696,152,9,5,0
11,15849,15818,31667,31,9,5,0
20,2976,2747,5723,229,9,5,0
6,7448,7570,15018,-122,9,5,0
20,1805,1967,3772,-162,9,5,0
20,7543,7299,14842,244,9,5,0
5,7697,7200,14897,497,9,5,0
22,1532,1590,3122,-58,9,5,0
12,1523,1455,2978,68,9,5,0
18,2743,2313,5056,430,9,5,0
7,9437,8175,17612,1262,9,5,0
24,1362,1328,2690,34,9,5,0
9,21700,21442,43142,258,9,5,0
1,23389,22500,45889,889,9,5,0
5,9110,8759,17869,351,9,5,0
14,8370,7799,16169,571,9,5,0
10,1957,2053,4010,-96,9,5,0
14,29311,28736,58047,575,9,5,0
14,25401,26310,51711,-909,9,5,0
22,5877,5988,11865,-111,9,5,0
22,2199,1787,3986,412,9,5,0
5,4031,3943,7974,88,9,5,0
2,15194,16051,31245,-857,9,5,0
6,15834,16085,31919,-251,9,5,0
1,33559,35666,69225,-2107,9,5,0
3,23210,19395,42605,3815,9,5,0
15,2467,2232,4699,235,9,5,0
19,4726,4076,8802,650,9,5,0
8,4070,4198,8268,-128,9,5,0
21,14210,15460,29670,-1250,9,5,0
7,5164,5200,10364,-36,9,5,0
5,6333,5850,12183,483,9,5,0
3,4825,5296,10121,-471,9,5,0
10,2604,2427,5031,177,9,5,0
1,60208,57867,118075,2341,9,5,0
9,8471,8537,17008,-66,9,5,0
23,18773,18411,37184,362,9,5,0
22,1963,2064,4027,-101,9,5,0
22,2332,2446,4778,-114,9,5,0
9,7244,7295,14539,-51,9,5,0
18,5295,5214,10509,81,9,5,0
3,18706,17856,36562,850,9,5,0
6,12179,12255,24434,-76,9,5,0
21,15573,15768,31341,-195,9,5,0
25,5089,5033,10122,56,9,5,0
6,16024,15058,31082,966,9,5,0
5,9103,9916,19019,-813,9,5,0
1,14657,14392,29049,265,9,5,0
5,6923,6705,13628,218,9,5,0
4,15248,14688,29936,560,9,5,0
15,159,144,303,15,9,5,0
5,12808,12045,24853,763,9,5,0
8,6752,6371,13123,381,9,5,0
20,2233,2634,4867,-401,9,5,0
13,2339,2469,4808,-130,9,5,0
4,22684,21990,44674,694,9,5,0
11,1386,1087,2473,299,9,5,0
12,1904,1768,3672,136,9,5,0
20,6438,6720,13158,-282,9,5,0
1,45685,44816,90501,869,9,5,0
18,10238,10291,20529,-53,9,5,0
13,4556,5787,10343,-1231,9,5,0
3,11451,16325,27776,-4874,9,5,0
16,8572,7906,16478,666,9,5,0
0,44945,43305,88250,1640,9,5,0
11,6816,2246,9062,4570,9,5,0
20,2554,2874,5428,-320,9,5,0
20,3029,2960,5989,69,9,5,0
11,7264,6882,14146,382,9,5,0
1,22061,21000,43061,1061,9,5,0
18,22949,23451,46400,-502,9,5,0
12,7602,8624,16226,-1022,9,5,0
5,12692,13967,26659,-1275,9,5,0
11,9322,8362,17684,960,9,5,0
7,7520,8460,15980,-940,9,5,0
9,7911,7091,15002,820,9,5,0
9,6613,6658,13271,-45,9,5,0
18,14699,21135,35834,-6436,9,5,0
1,57363,50726,108089,6637,9,5,0
17,7643,6798,14441,845,9,5,0
8,9758,9140,18898,618,9,5,0
18,8934,9089,18023,-155,9,5,0
9,10036,10934,20970,-898,9,5,0
11,14966,14931,29897,35,9,5,0
1,36696,39126,75822,-2430,9,5,0
22,3410,3633,7043,-223,9,5,0
3,20324,19745,40069,579,9,5,0
11,6387,6485,12872,-98,9,5,0
11,2935,2584,5519,351,9,5,0
11,2887,2697,5584,190,9,5,0
10,324,295,619,29,9,5,0
19,4035,3709,7744,326,9,5,0
14,8016,8291,16307,-275,9,5,0
12,1231,1008,2239,223,9,5,0
22,2358,2295,4653,63,9,5,0
22,5925,5646,11571,279,9,5,0
14,26888,26850,53738,38,9,5,0
19,2102,1924,4026,178,9,5,0
4,6269,5751,12020,518,9,5,0
11,4269,4207,8476,62,9,5,0
7,9543,9865,19408,-322,9,5,0
9,5037,5346,10383,-309,9,5,0
18,13453,13556,27009,-103,9,5,0
6,12026,12108,24134,-82,9,5,0
21,3982,3283,7265,699,9,5,0
13,2606,2796,5402,-190,9,5,0
18,13870,14411,28281,-541,9,5,0
2,16988,17692,34680,-704,9,5,0
18,7463,6086,13549,1377,9,5,0
11,32575,34837,67412,-2262,9,5,0
18,11751,12560,24311,-809,9,5,0
3,32056,32690,64746,-634,9,5,0
7,5472,5168,10640,304,9,5,0
3,14315,13906,28221,409,9,5,0
6,16036,16317,32353,-281,9,5,0
19,3696,3521,7217,175,9,5,0
0,23816,23746,47562,70,9,5,0
1,25056,23604,48660,1452,9,5,0
18,4605,4505,9110,100,9,5,0
4,6528,6953,13481,-425,9,5,0
11,8388,7344,15732,1044,9,5,0
4,4332,5030,9362,-698,9,5,0
21,1636,1361,2997,275,9,5,0
15,2172,2035,4207,137,9,5,0
8,26082,25395,51477,687,9,5,0
1,1669,2022,3691,-353,9,5,0
1,13204,13614,26818,-410,9,5,0
5,8326,9003,17329,-677,9,5,0
1,23581,23477,47058,104,9,5,0
6,14940,14637,29577,303,9,5,0
11,3267,3410,6677,-143,9,5,0
1,45064,44003,89067,1061,9,5,0
10,1564,1448,3012,116,9,5,0
1,53962,51422,105384,2540,9,5,0
20,1551,2084,3635,-533,9,5,0
8,4264,3825,8089,439,9,5,0
8,3565,3599,7164,-34,9,5,0
8,7016,7145,14161,-129,9,5,0
2,26800,27388,54188,-588,9,5,0
0,13049,12957,26006,92,9,5,0
22,2031,1975,4006,56,9,5,0
1,3906,3629,7535,277,9,5,0
3,15384,15676,31060,-292,9,5,0
25,156,138,294,18,9,5,0
12,8297,7842,16139,455,9,5,0
4,14181,11606,25787,2575,9,5,0
1,10109,10547,20656,-438,9,5,0
24,2760,3287,6047,-527,9,5,0
13,1050,1349,2399,-299,9,5,0
1,35239,35743,70982,-504,9,5,0
19,1615,1591,3206,24,9,5,0
6,11421,11141,22562,280,9,5,0
7,3926,4377,8303,-451,9,5,0
3,27956,26626,54582,1330,9,5,0
24,2862,2886,5748,-24,9,5,0
24,3957,3259,7216,698,9,5,0
25,458,466,924,-8,9,5,0
4,13585,13298,26883,287,9,5,0
1,10387,10295,20682,92,9,5,0
2,20715,20065,40780,650,9,5,0
21,10654,9844,20498,810,9,5,0
5,15343,15688,31031,-345,9,5,0
11,25387,25099,50486,288,9,5,0
7,18928,16886,35814,2042,9,5,0
2,30716,32761,63477,-2045,9,5,0
18,16921,18043,34964,-1122,9,5,0
4,6975,7147,14122,-172,9,5,0
13,7045,6891,13936,154,9,5,0
19,371,262,633,109,9,5,0
18,24690,25857,50547,-1167,9,5,0
5,3515,3448,6963,67,9,5,0
2,12817,12502,25319,315,9,5,0
25,1477,1463,2940,14,9,5,0
25,3055,3089,6144,-34,9,5,0
2,37743,40261,78004,-2518,9,5,0
25,611,535,1146,76,9,5,0
12,7397,6932,14329,465,9,5,0
1,7012,7537,14549,-525,9,5,0
8,10276,10692,20968,-416,9,5,0
4,7836,7959,15795,-123,9,5,0
25,2361,2219,4580,142,9,5,0
6,19158,19385,38543,-227,9,5,0
19,703,753,1456,-50,9,5,0
9,11919,11706,23625,213,9,5,0
4,8353,9883,18236,-1530,9,5,0
4,32487,31674,64161,813,9,5,0
8,29850,27606,57456,2244,9,5,0
10,2372,2334,4706,38,9,5,0
14,27898,27581,55479,317,9,5,0
1,57919,61779,119698,-3860,9,5,0
5,3912,4512,8424,-600,9,5,0
19,4028,3980,8008,48,9,5,0
2,33971,32251,66222,1720,9,5,0
8,17426,16902,34328,524,9,5,0
11,34377,35516,69893,-1139,9,5,0
1,22465,23012,45477,-547,9,5,0
4,3884,4139,8023,-255,9,5,0
4,9692,10093,19785,-401,9,5,0
16,3008,3022,6030,-14,9,5,0
18,8063,8685,16748,-622,9,5,0
2,6301,5704,12005,597,9,5,0
4,4018,3876,7894,142,9,5,0
14,11266,10508,21774,758,9,5,0
18,11620,9414,21034,2206,9,5,0
4,22993,24281,47274,-1288,9,5,0
19,4119,3738,7857,381,9,5,0
25,287,256,543,31,9,5,0
11,9455,9789,19244,-334,9,5,0
11,3902,3629,7531,273,9,5,0
21,7579,7163,14742,416,9,5,0
2,8319,8947,17266,-628,9,5,0
12,47,46,93,1,9,5,0
14,7048,6902,13950,146,9,5,0
6,11251,10530,21781,721,9,5,0
24,3295,3315,6610,-20,9,5,0
4,4308,3716,8024,592,9,5,0
9,5714,5866,11580,-152,9,5,0
4,4314,4755,9069,-441,9,5,0
12,14378,15926,30304,-1548,9,5,0
1,16152,12495,28647,3657,9,5,0
12,9572,9679,19251,-107,9,5,0
1,3092,3291,6383,-199,9,5,0
1,2408,2400,4808,8,9,5,0
6,5890,5793,11683,97,9,5,0
25,1667,1638,3305,29,9,5,0
11,31345,32489,63834,-1144,9,5,0
4,14900,14883,29783,17,9,5,0
25,452,427,879,25,9,5,0
16,6761,6844,13605,-83,9,5,0
13,6903,6246,13149,657,9,5,0
23,10377,9980,20357,397,9,5,0
25,297,245,542,52,9,5,0
19,3790,3958,7748,-168,9,5,0
23,10849,10396,21245,453,9,5,0
12,7869,7265,15134,604,9,5,0
5,13179,13027,26206,152,9,5,0
19,2573,2290,4863,283,9,5,0
5,3427,3614,7041,-187,9,5,0
13,2838,2742,5580,96,9,5,0
1,24546,23368,47914,1178,9,5,0
2,11628,10845,22473,783,9,5,0
4,6071,6031,12102,40,9,5,0
1,13357,12943,26300,414,9,5,0
1,43069,44159,87228,-1090,9,5,0
12,1803,1543,3346,260,9,5,0
5,16885,17116,34001,-231,9,5,0
11,8342,8524,16866,-182,9,5,0
12,16371,16573,32944,-202,9,5,0
1,16750,18354,35104,-1604,9,5,0
10,1153,1061,2214,92,9,5,0
18,5588,5280,10868,308,9,5,0
6,14759,14264,29023,495,9,5,0
10,2441,2545,4986,-104,9,5,0
3,6969,7780,14749,-811,9,5,0
12,3612,2988,6600,624,9,5,0
5,8731,8948,17679,-217,9,5,0
17,23529,25061,48590,-1532,9,5,0
19,805,1334,2139,-529,9,5,0
14,2420,1744,4164,676,9,5,0
16,7239,6587,13826,652,9,5,0
16,3584,3037,6621,547,9,5,0
19,5005,5293,10298,-288,9,5,0
19,7209,6946,14155,263,9,5,0
13,9084,8865,17949,219,9,5,0
2,11113,10731,21844,382,9,5,0
13,4,2,6,2,9,5,0
1,61528,62832,124360,-1304,9,5,0
7,14278,15974,30252,-1696,9,5,0
1,14371,14490,28861,-119,9,5,0
1,21016,20899,41915,117,9,5,0
2,4796,4806,9602,-10,9,5,0
6,9112,9102,18214,10,9,5,0
6,2337,768,3105,1569,9,5,0
7,17053,16105,33158,948,9,5,0
4,18512,18718,37230,-206,9,5,0
22,4601,4364,8965,237,9,5,0
23,5902,5949,11851,-47,9,5,0
17,11208,11159,22367,49,9,5,0
21,9169,9888,19057,-719,9,5,0
18,17703,19165,36868,-1462,9,5,0
0,14830,15173,30003,-343,9,5,0
14,10851,10451,21302,400,9,5,0
0,37311,35855,73166,1456,9,5,0
4,10231,10077,20308,154,9,5,0
2,9878,10834,20712,-956,9,5,0
0,19961,19028,38989,933,9,5,0
0,21616,21093,42709,523,9,5,0
1,6466,7642,14108,-1176,9,5,0
9,4347,4232,8579,115,9,5,0
14,18042,16592,34634,1450,9,5,0
23,8581,8663,17244,-82,9,5,0
18,13701,15619,29320,-1918,9,5,0
6,15080,14201,29281,879,9,5,0
6,11369,10719,22088,650,9,5,0
14,9060,8600,17660,460,9,5,0
25,5478,5349,10827,129,9,5,0
21,16249,16820,33069,-571,9,5,0
9,11479,10073,21552,1406,9,5,0
6,10747,10848,21595,-101,9,5,0
8,8125,8010,16135,115,9,5,0
5,9777,10069,19846,-292,9,5,0
2,5068,4941,10009,127,9,5,0
25,54,50,104,4,9,5,0
12,6323,6421,12744,-98,9,5,0
11,859,816,1675,43,9,5,0
11,1675,1467,3142,208,9,5,0
12,2,0,2,2,9,5,0
3,23960,25849,49809,-1889,9,5,0
5,4016,3551,7567,465,9,5,0
15,1583,1400,2983,183,9,5,0
11,6548,6005,12553,543,9,5,0
6,11467,11218,22685,249,9,5,0
4,16220,16081,32301,139,9,5,0
7,13844,15530,29374,-1686,9,5,0
6,20989,21781,42770,-792,9,5,0
5,3796,4016,7812,-220,9,5,0
4,3978,3657,7635,321,9,5,0
6,20051,22454,42505,-2403,9,5,0
16,6764,6442,13206,322,9,5,0
12,13639,14694,28333,-1055,9,5,0
0,17687,17480,35167,207,9,5,0
18,4499,4522,9021,-23,9,5,0
15,1213,1168,2381,45,9,5,0
10,3201,3151,6352,50,9,5,0
21,5204,5510,10714,-306,9,5,0
3,17419,18987,36406,-1568,9,5,0
15,1348,1521,2869,-173,9,5,0
3,29236,29391,58627,-155,9,5,0
2,1,0,1,1,9,5,0
4,5326,5429,10755,-103,9,5,0
1,10460,11286,21746,-826,9,5,0
13,7884,7496,15380,388,9,5,0
24,857,752,1609,105,9,5,0
6,8968,8503,17471,465,9,5,0
5,5697,6254,11951,-557,9,5,0
18,13025,12570,25595,455,9,5,0
15,3529,3125,6654,404,9,5,0
13,1451,1054,2505,397,9,5,0
10,5325,5099,10424,226,9,5,0
25,575,611,1186,-36,9,5,0
15,6321,6008,12329,313,9,5,0
17,17951,17703,35654,248,9,5,0
11,11775,12237,24012,-462,9,5,0
11,3924,3705,7629,219,9,5,0
13,5247,4847,10094,400,9,5,0
6,17905,17146,35051,759,9,5,0
4,5217,5009,10226,208,9,5,0
4,6405,6343,12748,62,9,5,0
4,4084,4116,8200,-32,9,5,0
6,25727,26371,52098,-644,9,5,0
2,2320,2494,4814,-174,9,5,0
5,6254,7132,13386,-878,9,5,0
12,3869,3698,7567,171,9,5,0
21,9522,9624,19146,-102,9,5,0
3,14276,13763,28039,513,9,5,0
9,2609,2457,5066,152,9,5,0
1,15456,16626,32082,-1170,9,5,0
18,15353,16438,31791,-1085,9,5,0
5,11591,11385,22976,206,9,5,0
1,27072,28345,55417,-1273,9,5,0
4,8296,7846,16142,450,9,5,0
13,8315,8430,16745,-115,9,5,0
3,30688,29939,60627,749,9,5,0
19,3879,4055,7934,-176,9,5,0
16,8308,8740,17048,-432,9,5,0
1,47467,48554,96021,-1087,9,5,0
13,1406,1718,3124,-312,9,5,0
2,17142,16915,34057,227,9,5,0
22,3332,3182,6514,150,9,5,0
4,28350,26667,55017,1683,9,5,0
5,12989,10129,23118,2860,9,5,0
11,8171,7568,15739,603,9,5,0
13,3366,3129,6495,237,9,5,0
23,15484,15878,31362,-394,9,5,0
25,27276,27145,54421,131,9,5,0
12,11891,11618,23509,273,9,5,0
3,23831,23439,47270,392,9,5,0
13,3467,3685,7152,-218,9,5,0
5,7370,7368,14738,2,9,5,0
8,10069,10468,20537,-399,9,5,0
22,1707,1652,3359,55,9,4,6
12,3581,3478,7059,103,9,4,6
7,3438,4306,7744,-868,9,4,6
2,4129,4337,8466,-208,9,4,6
6,9453,8435,17888,1018,9,4,6
11,4436,6014,10450,-1578,9,4,6
8,10545,10155,20700,390,9,4,6
22,2200,2078,4278,122,9,4,6
13,2887,2929,5816,-42,9,4,6
18,3944,4933,8877,-989,9,4,6
15,2561,1255,3816,1306,9,4,6
14,2935,2812,5747,123,9,4,6
15,1397,1225,2622,172,9,4,6
1,32874,30737,63611,2137,9,4,6
6,5740,6244,11984,-504,9,4,6
18,3011,3724,6735,-713,9,4,6
4,8623,8733,17356,-110,9,4,6
7,4402,4528,8930,-126,9,4,6
13,1321,1254,2575,67,9,4,6
1,21415,20817,42232,598,9,4,6
4,2132,2111,4243,21,9,4,6
15,563,344,907,219,9,4,6
4,2882,3222,6104,-340,9,4,6
14,11069,11106,22175,-37,9,4,6
18,2242,2284,4526,-42,9,4,6
8,955,859,1814,96,9,4,6
4,2564,2562,5126,2,9,4,6
4,4385,4256,8641,129,9,4,6
1,23937,24605,48542,-668,9,4,6
6,7660,8087,15747,-427,9,4,6
16,3095,3079,6174,16,9,4,6
10,4004,3980,7984,24,9,4,6
17,17133,17497,34630,-364,9,4,6
2,10706,11351,22057,-645,9,4,6
2,2778,2883,5661,-105,9,4,6
16,5231,5121,10352,110,9,4,6
4,4168,4210,8378,-42,9,4,6
5,4170,4155,8325,15,9,4,6
19,1674,1722,3396,-48,9,4,6
2,41627,41510,83137,117,9,4,6
8,10122,16031,26153,-5909,9,4,6
6,12043,8169,20212,3874,9,4,6
21,4645,4467,9112,178,9,4,6
13,317,295,612,22,9,4,6
10,1517,1524,3041,-7,9,4,6
5,6899,6674,13573,225,9,4,6
4,4625,4613,9238,12,9,4,6
13,2070,1393,3463,677,9,4,6
16,1282,1963,3245,-681,9,4,6
6,5907,6307,12214,-400,9,4,6
8,1788,1924,3712,-136,9,4,6
16,950,1029,1979,-79,9,4,6
17,3701,3519,7220,182,9,4,6
11,4058,3872,7930,186,9,4,6
20,1579,1702,3281,-123,9,4,6
4,7246,6915,14161,331,9,4,6
11,2655,1967,4622,688,9,4,6
6,12204,12051,24255,153,9,4,6
12,4576,4795,9371,-219,9,4,6
4,12384,12196,24580,188,9,4,6
5,4052,4046,8098,6,9,4,6
1,10506,11721,22227,-1215,9,4,6
2,4531,2828,7359,1703,9,4,6
11,9449,9562,19011,-113,9,4,6
1,23893,23205,47098,688,9,4,6
18,862,1041,1903,-179,9,4,6
25,6870,6963,13833,-93,9,4,6
8,421,417,838,4,9,4,6
5,3925,3064,6989,861,9,4,6
18,2416,2578,4994,-162,9,4,6
1,11499,11425,22924,74,9,4,6
14,2934,2927,5861,7,9,4,6
2,10392,10462,20854,-70,9,4,6
25,429,403,832,26,9,4,6
8,5506,5163,10669,343,9,4,6
4,5735,6379,12114,-644,9,4,6
6,7422,5817,13239,1605,9,4,6
11,2959,2832,5791,127,9,4,6
15,153,98,251,55,9,4,6
4,5314,5122,10436,192,9,4,6
15,844,760,1604,84,9,4,6
13,2704,2523,5227,181,9,4,6
11,14550,14801,29351,-251,9,4,6
11,5439,5522,10961,-83,9,4,6
13,3791,4034,7825,-243,9,4,6
2,3944,3770,7714,174,9,4,6
18,5033,4870,9903,163,9,4,6
4,4097,4123,8220,-26,9,4,6
3,10290,10352,20642,-62,9,4,6
15,244,253,497,-9,9,4,6
16,10005,4550,14555,5455,9,4,6
4,6660,5879,12539,781,9,4,6
8,6586,8395,14981,-1809,9,4,6
4,14941,14408,29349,533,9,4,6
6,1,0,1,1,9,4,6
1,16696,17408,34104,-712,9,4,6
6,6575,6612,13187,-37,9,4,6
19,620,611,1231,9,9,4,6
2,13460,15027,28487,-1567,9,4,6
6,5386,5450,10836,-64,9,4,6
11,4918,5054,9972,-136,9,4,6
7,2613,2691,5304,-78,9,4,6
15,2166,2969,5135,-803,9,4,6
3,835,582,1417,253,9,4,6
7,6478,5998,12476,480,9,4,6
6,5239,5379,10618,-140,9,4,6
8,2638,2290,4928,348,9,4,6
11,5543,5227,10770,316,9,4,6
8,14356,15170,29526,-814,9,4,6
6,10899,10652,21551,247,9,4,6
3,11215,11787,23002,-572,9,4,6
2,6896,6204,13100,692,9,4,6
5,3642,3458,7100,184,9,4,6
12,2365,2263,4628,102,9,4,6
12,2385,2158,4543,227,9,4,6
6,5366,5595,10961,-229,9,4,6
13,2030,1969,3999,61,9,4,6
7,5398,5364,10762,34,9,4,6
19,50,53,103,-3,9,4,6
4,7563,6976,14539,587,9,4,6
3,5065,4780,9845,285,9,4,6
20,2213,2162,4375,51,9,4,6
1,7891,8912,16803,-1021,9,4,6
8,9985,9856,19841,129,9,4,6
11,2873,2889,5762,-16,9,4,6
23,1005,849,1854,156,9,4,6
17,11417,12028,23445,-611,9,4,6
1,14642,15030,29672,-388,9,4,6
6,7484,7154,14638,330,9,4,6
18,2350,2353,4703,-3,9,4,6
11,4728,5374,10102,-646,9,4,6
20,1091,867,1958,224,9,4,6
15,1902,376,2278,1526,9,4,6
21,2684,2567,5251,117,9,4,6
2,4011,3992,8003,19,9,4,6
2,7515,6207,13722,1308,9,4,6
23,5652,5171,10823,481,9,4,6
5,4093,4249,8342,-156,9,4,6
12,1698,1634,3332,64,9,4,6
25,3007,3106,6113,-99,9,4,6
12,3008,3132,6140,-124,9,4,6
2,1726,1999,3725,-273,9,4,6
18,2787,2654,5441,133,9,4,6
25,5090,5043,10133,47,9,4,6
1,422,449,871,-27,9,4,6
12,3132,3030,6162,102,9,4,6
12,5085,3602,8687,1483,9,4,6
6,4158,5346,9504,-1188,9,4,6
25,1141,1035,2176,106,9,4,6
14,1547,1587,3134,-40,9,4,6
14,2148,2057,4205,91,9,4,6
2,3813,3962,7775,-149,9,4,6
5,1375,1547,2922,-172,9,4,6
11,6060,6055,12115,5,9,4,6
5,5444,5166,10610,278,9,4,6
0,7924,7902,15826,22,9,4,6
3,5882,6447,12329,-565,9,4,6
4,942,1032,1974,-90,9,4,6
3,9370,8278,17648,1092,9,4,6
1,7696,9289,16985,-1593,9,4,6
2,7368,7653,15021,-285,9,4,6
12,1244,1565,2809,-321,9,4,6
12,1894,1707,3601,187,9,4,6
5,4680,5029,9709,-349,9,4,6
0,7024,7115,14139,-91,9,4,6
14,9351,9096,18447,255,9,4,6
14,8289,8061,16350,228,9,4,6
8,1150,950,2100,200,9,4,6
3,736,771,1507,-35,9,4,6
11,4654,6269,10923,-1615,9,4,6
4,4514,4570,9084,-56,9,4,6
9,570,602,1172,-32,9,4,6
8,5105,5327,10432,-222,9,4,6
16,3639,3731,7370,-92,9,4,6
13,1514,1343,2857,171,9,4,6
5,5364,5635,10999,-271,9,4,6
1,8969,9217,18186,-248,9,4,6
6,4019,3889,7908,130,9,4,6
4,3598,3835,7433,-237,9,4,6
8,5360,5415,10775,-55,9,4,6
16,2058,2155,4213,-97,9,4,6
23,3301,3343,6644,-42,9,4,6
6,5754,5462,11216,292,9,4,6
15,2411,2265,4676,146,9,4,6
4,2948,2883,5831,65,9,4,6
4,3502,3604,7106,-102,9,4,6
4,4785,4821,9606,-36,9,4,6
5,7203,6433,13636,770,9,4,6
25,4891,4924,9815,-33,9,4,6
5,9516,10153,19669,-637,9,4,6
12,4109,4266,8375,-157,9,4,6
18,6250,6541,12791,-291,9,4,6
18,1750,1708,3458,42,9,4,6
2,3935,4090,8025,-155,9,4,6
18,2698,2508,5206,190,9,4,6
6,5214,5113,10327,101,9,4,6
6,7410,7365,14775,45,9,4,6
3,12919,13004,25923,-85,9,4,6
4,4797,4769,9566,28,9,4,6
11,3015,3039,6054,-24,9,4,6
18,17254,18335,35589,-1081,9,4,6
7,4368,3597,7965,771,9,4,6
4,7544,7673,15217,-129,9,4,6
7,3172,3153,6325,19,9,4,6
2,1808,1829,3637,-21,9,4,6
1,8026,8474,16500,-448,9,4,6
13,3551,3734,7285,-183,9,4,6
7,5721,5946,11667,-225,9,4,6
18,7675,8105,15780,-430,9,4,6
4,8345,8353,16698,-8,9,4,6
3,7739,7442,15181,297,9,4,6
3,15307,14532,29839,775,9,4,6
21,2404,2405,4809,-1,9,4,6
6,2909,2926,5835,-17,9,4,6
4,9079,9552,18631,-473,9,4,6
1,6658,7031,13689,-373,9,4,6
4,4270,3922,8192,348,9,4,6
12,5503,5365,10868,138,9,4,6
4,3230,3225,6455,5,9,4,6
24,857,970,1827,-113,9,4,6
13,3312,3150,6462,162,9,4,6
23,5213,5182,10395,31,9,4,6
15,111,57,168,54,9,4,6
14,3818,3838,7656,-20,9,4,6
5,1017,1148,2165,-131,9,4,6
17,14403,14055,28458,348,9,4,6
15,1622,1466,3088,156,9,4,6
11,9215,9792,19007,-577,9,4,6
6,3533,3492,7025,41,9,4,6
20,1351,1314,2665,37,9,4,6
20,796,893,1689,-97,9,4,6
20,1728,1790,3518,-62,9,4,6
5,3951,3820,7771,131,9,4,6
22,923,977,1900,-54,9,4,6
12,1235,1269,2504,-34,9,4,6
18,1224,1117,2341,107,9,4,6
7,4655,4458,9113,197,9,4,6
24,647,684,1331,-37,9,4,6
9,12738,13198,25936,-460,9,4,6
1,12313,12072,24385,241,9,4,6
5,3744,3743,7487,1,9,4,6
14,4687,4376,9063,311,9,4,6
10,1526,2105,3631,-579,9,4,6
14,21620,21109,42729,511,9,4,6
14,20883,20723,41606,160,9,4,6
22,3558,3334,6892,224,9,4,6
22,2074,2102,4176,-28,9,4,6
2,8493,9436,17929,-943,9,4,6
5,2850,2488,5338,362,9,4,6
6,8060,7905,15965,155,9,4,6
1,21413,23732,45145,-2319,9,4,6
3,15268,14335,29603,933,9,4,6
15,1223,1138,2361,85,9,4,6
19,2573,2091,4664,482,9,4,6
8,1639,1731,3370,-92,9,4,6
21,8437,9085,17522,-648,9,4,6
7,2618,2686,5304,-68,9,4,6
3,3129,4238,7367,-1109,9,4,6
5,4231,3218,7449,1013,9,4,6
10,1057,1055,2112,2,9,4,6
1,28644,26742,55386,1902,9,4,6
9,2340,2478,4818,-138,9,4,6
23,10618,10462,21080,156,9,4,6
22,1145,1182,2327,-37,9,4,6
22,1491,1407,2898,84,9,4,6
9,3632,3539,7171,93,9,4,6
18,2639,2780,5419,-141,9,4,6
3,9686,9018,18704,668,9,4,6
6,5576,5738,11314,-162,9,4,6
21,8741,8767,17508,-26,9,4,6
6,9127,8558,17685,569,9,4,6
25,3451,3637,7088,-186,9,4,6
5,6937,7641,14578,-704,9,4,6
1,6926,6727,13653,199,9,4,6
5,3156,2912,6068,244,9,4,6
4,6212,6209,12421,3,9,4,6
15,366,286,652,80,9,4,6
5,6009,5950,11959,59,9,4,6
20,612,802,1414,-190,9,4,6
8,1873,1773,3646,100,9,4,6
13,1338,1294,2632,44,9,4,6
4,4933,4904,9837,29,9,4,6
11,654,663,1317,-9,9,4,6
12,1562,1646,3208,-84,9,4,6
20,4282,4330,8612,-48,9,4,6
1,25252,26036,51288,-784,9,4,6
18,5722,6078,11800,-356,9,4,6
13,1036,1002,2038,34,9,4,6
0,29262,28987,58249,275,9,4,6
11,8531,2062,10593,6469,9,4,6
3,4612,12051,16663,-7439,9,4,6
16,8720,8532,17252,188,9,4,6
20,1221,1485,2706,-264,9,4,6
20,1731,1686,3417,45,9,4,6
11,4475,6647,11122,-2172,9,4,6
1,12681,11719,24400,962,9,4,6
18,14561,14479,29040,82,9,4,6
12,4626,5019,9645,-393,9,4,6
5,6242,6586,12828,-344,9,4,6
11,4446,4090,8536,356,9,4,6
9,4682,3912,8594,770,9,4,6
7,4033,4921,8954,-888,9,4,6
9,3292,3289,6581,3,9,4,6
1,13357,11500,24857,1857,9,4,6
18,2913,4415,7328,-1502,9,4,6
17,4063,3746,7809,317,9,4,6
8,2683,2652,5335,31,9,4,6
18,2078,2095,4173,-17,9,4,6
9,3158,3552,6710,-394,9,4,6
11,7780,8408,16188,-628,9,4,6
1,13384,14505,27889,-1121,9,4,6
22,2172,2455,4627,-283,9,4,6
3,12200,11753,23953,447,9,4,6
11,2544,3378,5922,-834,9,4,6
11,2037,1935,3972,102,9,4,6
11,1706,1549,3255,157,9,4,6
10,268,252,520,16,9,4,6
19,4107,4025,8132,82,9,4,6
14,5453,5587,11040,-134,9,4,6
12,2684,2312,4996,372,9,4,6
22,1380,1289,2669,91,9,4,6
22,2626,2504,5130,122,9,4,6
14,12522,12289,24811,233,9,4,6
19,1365,1261,2626,104,9,4,6
4,3445,3398,6843,47,9,4,6
11,3483,4321,7804,-838,9,4,6
7,4431,4572,9003,-141,9,4,6
9,3069,3208,6277,-139,9,4,6
18,6326,6081,12407,245,9,4,6
6,6776,6460,13236,316,9,4,6
21,1981,1710,3691,271,9,4,6
13,891,972,1863,-81,9,4,6
2,10692,10963,21655,-271,9,4,6
18,8917,8682,17599,235,9,4,6
18,5395,4519,9914,876,9,4,6
11,32618,31667,64285,951,9,4,6
18,7280,7265,14545,15,9,4,6
3,18869,18204,37073,665,9,4,6
7,3069,2847,5916,222,9,4,6
3,8212,7791,16003,421,9,4,6
6,5704,6227,11931,-523,9,4,6
19,1835,1623,3458,212,9,4,6
0,9151,8707,17858,444,9,4,6
1,6834,5282,12116,1552,9,4,6
18,2042,2057,4099,-15,9,4,6
4,2788,3083,5871,-295,9,4,6
4,1942,2076,4018,-134,9,4,6
11,4276,3868,8144,408,9,4,6
21,1066,1087,2153,-21,9,4,6
15,927,950,1877,-23,9,4,6
5,1,0,1,1,9,4,6
8,15343,14511,29854,832,9,4,6
1,721,784,1505,-63,9,4,6
1,7485,8175,15660,-690,9,4,6
5,4738,5332,10070,-594,9,4,6
1,14728,14589,29317,139,9,4,6
6,7524,7346,14870,178,9,4,6
11,1947,2290,4237,-343,9,4,6
1,28521,28710,57231,-189,9,4,6
10,997,1060,2057,-63,9,4,6
1,33973,32574,66547,1399,9,4,6
20,1033,1240,2273,-207,9,4,6
8,1719,1589,3308,130,9,4,6
8,2061,2101,4162,-40,9,4,6
8,3554,3629,7183,-75,9,4,6
2,12895,12527,25422,368,9,4,6
22,1079,1000,2079,79,9,4,6
0,6657,6651,13308,6,9,4,6
1,2452,2564,5016,-112,9,4,6
3,9086,9436,18522,-350,9,4,6
25,140,116,256,24,9,4,6
12,4495,4271,8766,224,9,4,6
4,6056,5507,11563,549,9,4,6
1,5021,5096,10117,-75,9,4,6
24,1014,2298,3312,-1284,9,4,6
13,304,309,613,-5,9,4,6
1,23523,22955,46478,568,9,4,6
19,999,958,1957,41,9,4,6
6,5935,5682,11617,253,9,4,6
7,2683,2866,5549,-183,9,4,6
3,15014,13774,28788,1240,9,4,6
24,1532,1720,3252,-188,9,4,6
24,3812,2583,6395,1229,9,4,6
25,401,379,780,22,9,4,6
4,8158,7948,16106,210,9,4,6
1,5179,5389,10568,-210,9,4,6
2,10141,10386,20527,-245,9,4,6
21,9066,8381,17447,685,9,4,6
5,5599,6319,11918,-720,9,4,6
11,12546,12281,24827,265,9,4,6
7,8680,8332,17012,348,9,4,6
2,14111,14723,28834,-612,9,4,6
18,10877,11829,22706,-952,9,4,6
4,2616,2611,5227,5,9,4,6
13,4489,4261,8750,228,9,4,6
19,190,153,343,37,9,4,6
18,14046,14378,28424,-332,9,4,6
5,1755,1741,3496,14,9,4,6
2,6511,6391,12902,120,9,4,6
25,1400,1311,2711,89,9,4,6
25,1233,1236,2469,-3,9,4,6
2,13531,15585,29116,-2054,9,4,6
25,383,317,700,66,9,4,6
12,4682,4532,9214,150,9,4,6
1,3333,3419,6752,-86,9,4,6
8,3944,4155,8099,-211,9,4,6
4,2716,2801,5517,-85,9,4,6
25,1995,1888,3883,107,9,4,6
6,8742,8813,17555,-71,9,4,6
19,622,649,1271,-27,9,4,6
9,3976,4060,8036,-84,9,4,6
4,5054,7082,12136,-2028,9,4,6
8,10188,8516,18704,1672,9,4,6
4,9038,9041,18079,-3,9,4,6
10,2044,2107,4151,-63,9,4,6
14,13499,13828,27327,-329,9,4,6
1,11693,12564,24257,-871,9,4,6
5,1992,2361,4353,-369,9,4,6
19,3141,3019,6160,122,9,4,6
2,19385,18366,37751,1019,9,4,6
8,8736,8374,17110,362,9,4,6
11,33866,32304,66170,1562,9,4,6
4,1370,1294,2664,76,9,4,6
1,8548,9153,17701,-605,9,4,6
4,5856,6083,11939,-227,9,4,6
16,2463,2242,4705,221,9,4,6
18,5068,5119,10187,-51,9,4,6
4,1471,1450,2921,21,9,4,6
2,2780,2727,5507,53,9,4,6
14,6834,6444,13278,390,9,4,6
18,5589,4794,10383,795,9,4,6
4,11256,11640,22896,-384,9,4,6
19,1599,1616,3215,-17,9,4,6
25,205,192,397,13,9,4,6
11,7247,7629,14876,-382,9,4,6
11,1984,1857,3841,127,9,4,6
21,4946,4647,9593,299,9,4,6
12,51,23,74,28,9,4,6
2,4519,4806,9325,-287,9,4,6
14,3655,3448,7103,207,9,4,6
6,3809,3867,7676,-58,9,4,6
24,5335,5221,10556,114,9,4,6
4,2776,2707,5483,69,9,4,6
9,8412,8442,16854,-30,9,4,6
1,9363,8368,17731,995,9,4,6
4,2373,2840,5213,-467,9,4,6
12,10468,11755,22223,-1287,9,4,6
12,5523,5439,10962,84,9,4,6
1,1727,1770,3497,-43,9,4,6
1,1251,1389,2640,-138,9,4,6
6,2926,3042,5968,-116,9,4,6
25,1690,1370,3060,320,9,4,6
11,34532,32627,67159,1905,9,4,6
4,6698,6909,13607,-211,9,4,6
25,617,596,1213,21,9,4,6
16,5382,5759,11141,-377,9,4,6
13,3397,3258,6655,139,9,4,6
23,5512,5302,10814,210,9,4,6
25,305,239,544,66,9,4,6
19,2575,2657,5232,-82,9,4,6
23,5399,5147,10546,252,9,4,6
12,3552,3366,6918,186,9,4,6
5,5285,5311,10596,-26,9,4,6
19,1588,1454,3042,134,9,4,6
5,12916,12336,25252,580,9,4,6
13,961,2028,2989,-1067,9,4,6
1,8751,8422,17173,329,9,4,6
2,3422,3087,6509,335,9,4,6
1,4191,3940,8131,251,9,4,6
4,1608,1761,3369,-153,9,4,6
1,17996,17186,35182,810,9,4,6
12,980,913,1893,67,9,4,6
5,8849,8823,17672,26,9,4,6
11,3786,3806,7592,-20,9,4,6
12,12992,12747,25739,245,9,4,6
1,7901,8539,16440,-638,9,4,6
10,632,511,1143,121,9,4,6
18,3480,3505,6985,-25,9,4,6
6,8291,7460,15751,831,9,4,6
10,2027,2273,4300,-246,9,4,6
3,5137,5728,10865,-591,9,4,6
12,2209,1750,3959,459,9,4,6
5,12761,9416,22177,3345,9,4,6
17,12021,12240,24261,-219,9,4,6
14,2561,1998,4559,563,9,4,6
19,775,1098,1873,-323,9,4,6
16,8360,7140,15500,1220,9,4,6
16,3275,2995,6270,280,9,4,6
19,2756,2682,5438,74,9,4,6
19,3050,3126,6176,-76,9,4,6
13,4493,4282,8775,211,9,4,6
2,3718,3715,7433,3,9,4,6
13,33,25,58,8,9,4,6
7,10119,10983,21102,-864,9,4,6
1,45704,42955,88659,2749,9,4,6
1,5188,5285,10473,-97,9,4,6
1,11234,11465,22699,-231,9,4,6
2,1928,1981,3909,-53,9,4,6
6,4579,4526,9105,53,9,4,6
6,961,571,1532,390,9,4,6
7,8907,9190,18097,-283,9,4,6
4,8002,7943,15945,59,9,4,6
22,2638,2210,4848,428,9,4,6
23,5072,4927,9999,145,9,4,6
17,4408,4317,8725,91,9,4,6
21,5168,5837,11005,-669,9,4,6
18,7716,7866,15582,-150,9,4,6
0,11317,12093,23410,-776,9,4,6
14,5047,4964,10011,83,9,4,6
0,12110,10834,22944,1276,9,4,6
2,4009,4818,8827,-809,9,4,6
4,8584,7327,15911,1257,9,4,6
0,13445,12005,25450,1440,9,4,6
0,10102,9493,19595,609,9,4,6
9,2197,2009,4206,188,9,4,6
1,5102,5648,10750,-546,9,4,6
14,11071,10007,21078,1064,9,4,6
23,4566,4309,8875,257,9,4,6
18,7506,8862,16368,-1356,9,4,6
6,6194,5959,12153,235,9,4,6
6,5100,5026,10126,74,9,4,6
14,5005,4599,9604,406,9,4,6
25,3379,3294,6673,85,9,4,6
21,11047,11019,22066,28,9,4,6
9,3362,3247,6609,115,9,4,6
6,5350,5252,10602,98,9,4,6
8,3221,3217,6438,4,9,4,6
5,5097,5091,10188,6,9,4,6
2,2466,2244,4710,222,9,4,6
25,56,39,95,17,9,4,6
12,4098,4111,8209,-13,9,4,6
11,579,679,1258,-100,9,4,6
11,859,863,1722,-4,9,4,6
3,14972,15745,30717,-773,9,4,6
5,1639,1443,3082,196,9,4,6
15,922,865,1787,57,9,4,6
11,6271,6516,12787,-245,9,4,6
6,4920,4770,9690,150,9,4,6
4,12014,11330,23344,684,9,4,6
7,8462,9374,17836,-912,9,4,6
6,10104,10284,20388,-180,9,4,6
5,1647,1601,3248,46,9,4,6
4,1659,1617,3276,42,9,4,6
6,7190,7888,15078,-698,9,4,6
16,3170,2931,6101,239,9,4,6
12,15072,13729,28801,1343,9,4,6
0,12950,13580,26530,-630,9,4,6
18,2081,2251,4332,-170,9,4,6
15,1867,1079,2946,788,9,4,6
10,1601,1596,3197,5,9,4,6
21,2302,2230,4532,72,9,4,6
3,10311,11089,21400,-778,9,4,6
15,1377,1529,2906,-152,9,4,6
3,8302,8998,17300,-696,9,4,6
2,1,0,1,1,9,4,6
1,3886,4103,7989,-217,9,4,6
4,1485,1584,3069,-99,9,4,6
13,3945,3596,7541,349,9,4,6
24,562,636,1198,-74,9,4,6
5,3273,3328,6601,-55,9,4,6
6,4625,4527,9152,98,9,4,6
18,8379,8016,16395,363,9,4,6
15,1942,1780,3722,162,9,4,6
13,643,538,1181,105,9,4,6
10,2628,2330,4958,298,9,4,6
25,762,734,1496,28,9,4,6
15,3063,2865,5928,198,9,4,6
17,6348,6042,12390,306,9,4,6
11,11397,12027,23424,-630,9,4,6
11,2700,2690,5390,10,9,4,6
13,3347,3061,6408,286,9,4,6
6,8734,8243,16977,491,9,4,6
4,3934,3915,7849,19,9,4,6
4,4238,4095,8333,143,9,4,6
4,2156,2180,4336,-24,9,4,6
6,6986,7363,14349,-377,9,4,6
2,1544,1679,3223,-135,9,4,6
5,6977,7789,14766,-812,9,4,6
12,1821,1771,3592,50,9,4,6
21,5297,5182,10479,115,9,4,6
3,7682,7793,15475,-111,9,4,6
9,1523,1361,2884,162,9,4,6
1,2295,2572,4867,-277,9,4,6
18,10137,9392,19529,745,9,4,6
1,21594,22313,43907,-719,9,4,6
5,9718,9377,19095,341,9,4,6
4,3946,3606,7552,340,9,4,6
13,4468,4199,8667,269,9,4,6
3,22542,23373,45915,-831,9,4,6
19,1960,2033,3993,-73,9,4,6
16,10196,9086,19282,1110,9,4,6
13,1532,1947,3479,-415,9,4,6
1,48792,47264,96056,1528,9,4,6
2,8682,8295,16977,387,9,4,6
22,2036,1852,3888,184,9,4,6
4,13736,12811,26547,925,9,4,6
5,4684,4408,9092,276,9,4,6
11,3917,3679,7596,238,9,4,6
13,849,967,1816,-118,9,4,6
23,8308,8415,16723,-107,9,4,6
25,16610,16622,33232,-12,9,4,6
12,6791,6555,13346,236,9,4,6
3,8165,8180,16345,-15,9,4,6
13,1307,1492,2799,-185,9,4,6
5,3261,3007,6268,254,9,4,6
8,3968,4268,8236,-300,9,4,6
22,2746,2266,5012,480,9,3,5
12,5846,5358,11204,488,9,3,5
7,6260,6571,12831,-311,9,3,5
2,7228,6815,14043,413,9,3,5
11,6663,8928,15591,-2265,9,3,5
6,15253,13410,28663,1843,9,3,5
8,16006,15315,31321,691,9,3,5
22,3372,3155,6527,217,9,3,5
13,4478,4399,8877,79,9,3,5
18,6278,6413,12691,-135,9,3,5
15,4564,6374,10938,-1810,9,3,5
14,4817,4543,9360,274,9,3,5
15,2254,1955,4209,299,9,3,5
1,62285,62371,124656,-86,9,3,5
6,11825,12904,24729,-1079,9,3,5
18,5168,6928,12096,-1760,9,3,5
4,14331,13780,28111,551,9,3,5
7,6615,6476,13091,139,9,3,5
13,2299,2114,4413,185,9,3,5
1,30311,28988,59299,1323,9,3,5
4,3694,3308,7002,386,9,3,5
15,827,921,1748,-94,9,3,5
4,4644,4901,9545,-257,9,3,5
14,17348,16703,34051,645,9,3,5
18,3096,3038,6134,58,9,3,5
8,1675,1404,3079,271,9,3,5
4,4040,3924,7964,116,9,3,5
4,6943,6439,13382,504,9,3,5
6,12567,13691,26258,-1124,9,3,5
1,37276,41095,78371,-3819,9,3,5
16,5129,5177,10306,-48,9,3,5
10,6499,5739,12238,760,9,3,5
17,13354,13671,27025,-317,9,3,5
2,21033,24316,45349,-3283,9,3,5
2,4323,4109,8432,214,9,3,5
16,8479,7814,16293,665,9,3,5
4,7047,6891,13938,156,9,3,5
5,6888,6386,13274,502,9,3,5
19,3009,2915,5924,94,9,3,5
2,58051,55470,113521,2581,9,3,5
8,17300,23431,40731,-6131,9,3,5
6,16706,12275,28981,4431,9,3,5
21,7427,7300,14727,127,9,3,5
13,495,494,989,1,9,3,5
10,2078,2134,4212,-56,9,3,5
16,1884,3031,4915,-1147,9,3,5
13,3139,2391,5530,748,9,3,5
4,8175,8269,16444,-94,9,3,5
5,11536,10958,22494,578,9,3,5
6,9398,9173,18571,225,9,3,5
8,2440,2468,4908,-28,9,3,5
16,1528,1522,3050,6,9,3,5
17,5639,5038,10677,601,9,3,5
11,6746,6336,13082,410,9,3,5
20,4028,4291,8319,-263,9,3,5
4,11260,10686,21946,574,9,3,5
11,3228,2784,6012,444,9,3,5
6,18242,18042,36284,200,9,3,5
12,6680,6530,13210,150,9,3,5
4,22763,22792,45555,-29,9,3,5
5,5971,5362,11333,609,9,3,5
1,19091,21411,40502,-2320,9,3,5
2,8062,4919,12981,3143,9,3,5
11,13770,14379,28149,-609,9,3,5
1,37191,36204,73395,987,9,3,5
18,1722,1504,3226,218,9,3,5
25,11752,11709,23461,43,9,3,5
8,1004,1076,2080,-72,9,3,5
5,6128,4632,10760,1496,9,3,5
18,3774,3785,7559,-11,9,3,5
1,18109,17231,35340,878,9,3,5
14,4832,4474,9306,358,9,3,5
2,17384,18031,35415,-647,9,3,5
25,845,851,1696,-6,9,3,5
8,5329,5311,10640,18,9,3,5
6,11848,8855,20703,2993,9,3,5
4,9310,10077,19387,-767,9,3,5
11,4597,4219,8816,378,9,3,5
15,232,240,472,-8,9,3,5
4,7760,7249,15009,511,9,3,5
15,1351,1193,2544,158,9,3,5
13,4350,4157,8507,193,9,3,5
11,21397,21659,43056,-262,9,3,5
11,9135,9119,18254,16,9,3,5
13,6292,5839,12131,453,9,3,5
2,6171,5560,11731,611,9,3,5
18,7566,6851,14417,715,9,3,5
4,6589,6775,13364,-186,9,3,5
3,16359,15351,31710,1008,9,3,5
15,503,631,1134,-128,9,3,5
16,11016,5037,16053,5979,9,3,5
8,7998,9752,17750,-1754,9,3,5
4,7638,7070,14708,568,9,3,5
4,22722,20918,43640,1804,9,3,5
1,24437,22181,46618,2256,9,3,5
6,8718,9194,17912,-476,9,3,5
19,1125,1059,2184,66,9,3,5
2,22834,21606,44440,1228,9,3,5
6,8368,7521,15889,847,9,3,5
11,6828,6854,13682,-26,9,3,5
7,4064,4068,8132,-4,9,3,5
15,3813,3700,7513,113,9,3,5
3,1667,876,2543,791,9,3,5
7,9980,8711,18691,1269,9,3,5
6,8596,8379,16975,217,9,3,5
8,4137,3596,7733,541,9,3,5
11,9512,8694,18206,818,9,3,5
8,23396,23202,46598,194,9,3,5
3,16865,18814,35679,-1949,9,3,5
6,16711,17660,34371,-949,9,3,5
2,11367,9539,20906,1828,9,3,5
5,6326,7238,13564,-912,9,3,5
12,4013,3768,7781,245,9,3,5
12,3594,3084,6678,510,9,3,5
6,11140,11821,22961,-681,9,3,5
13,3194,3199,6393,-5,9,3,5
7,8173,7480,15653,693,9,3,5
19,89,89,178,0,9,3,5
4,11496,10304,21800,1192,9,3,5
3,8065,7333,15398,732,9,3,5
20,3122,2748,5870,374,9,3,5
8,15583,15175,30758,408,9,3,5
1,14109,15441,29550,-1332,9,3,5
11,4572,4362,8934,210,9,3,5
23,1569,1282,2851,287,9,3,5
17,14928,16346,31274,-1418,9,3,5
6,7787,8531,16318,-744,9,3,5
1,19465,20087,39552,-622,9,3,5
18,3371,2993,6364,378,9,3,5
20,2055,1405,3460,650,9,3,5
11,7438,8308,15746,-870,9,3,5
15,2427,2247,4674,180,9,3,5
21,4442,3631,8073,811,9,3,5
2,6575,6070,12645,505,9,3,5
2,11854,10501,22355,1353,9,3,5
23,9327,8314,17641,1013,9,3,5
5,6761,6572,13333,189,9,3,5
12,2987,2607,5594,380,9,3,5
25,5185,5109,10294,76,9,3,5
12,5299,4880,10179,419,9,3,5
18,5511,4765,10276,746,9,3,5
2,3370,3592,6962,-222,9,3,5
25,8641,8123,16764,518,9,3,5
1,836,787,1623,49,9,3,5
12,4923,4612,9535,311,9,3,5
6,7261,9396,16657,-2135,9,3,5
12,9317,6403,15720,2914,9,3,5
25,1928,1640,3568,288,9,3,5
14,2247,2283,4530,-36,9,3,5
14,3473,3117,6590,356,9,3,5
2,6701,7131,13832,-430,9,3,5
5,2178,2450,4628,-272,9,3,5
11,9847,9442,19289,405,9,3,5
5,6851,6072,12923,779,9,3,5
0,10571,10407,20978,164,9,3,5
3,14706,15171,29877,-465,9,3,5
3,14032,12278,26310,1754,9,3,5
1,12335,14539,26874,-2204,9,3,5
4,1309,1560,2869,-251,9,3,5
2,10128,11783,21911,-1655,9,3,5
12,1792,2204,3996,-412,9,3,5
12,2834,2885,5719,-51,9,3,5
0,12419,12695,25114,-276,9,3,5
5,8534,8484,17018,50,9,3,5
14,13860,13858,27718,2,9,3,5
14,12555,12372,24927,183,9,3,5
8,1950,1705,3655,245,9,3,5
3,1999,1993,3992,6,9,3,5
11,6436,6315,12751,121,9,3,5
4,6537,6372,12909,165,9,3,5
9,701,702,1403,-1,9,3,5
8,7907,7402,15309,505,9,3,5
5,8473,8695,17168,-222,9,3,5
16,7389,6695,14084,694,9,3,5
13,2398,2069,4467,329,9,3,5
1,17286,17972,35258,-686,9,3,5
6,15475,14592,30067,883,9,3,5
4,5902,6222,12124,-320,9,3,5
16,3763,4085,7848,-322,9,3,5
8,9064,9044,18108,20,9,3,5
23,5543,5537,11080,6,9,3,5
6,9767,8993,18760,774,9,3,5
15,4296,4400,8696,-104,9,3,5
4,4452,4306,8758,146,9,3,5
4,5364,5454,10818,-90,9,3,5
4,8264,8295,16559,-31,9,3,5
5,10435,8865,19300,1570,9,3,5
25,7583,7270,14853,313,9,3,5
5,14881,16909,31790,-2028,9,3,5
12,6612,6563,13175,49,9,3,5
18,10202,9214,19416,988,9,3,5
18,2969,3019,5988,-50,9,3,5
2,6638,6316,12954,322,9,3,5
18,4022,3702,7724,320,9,3,5
6,8498,7984,16482,514,9,3,5
6,11932,11273,23205,659,9,3,5
3,19040,21650,40690,-2610,9,3,5
4,7043,6731,13774,312,9,3,5
11,5072,4619,9691,453,9,3,5
7,3919,3486,7405,433,9,3,5
18,17117,17920,35037,-803,9,3,5
4,12154,12000,24154,154,9,3,5
7,4963,5240,10203,-277,9,3,5
2,2878,2970,5848,-92,9,3,5
1,14323,15627,29950,-1304,9,3,5
13,5653,5199,10852,454,9,3,5
7,9675,9576,19251,99,9,3,5
18,11523,12026,23549,-503,9,3,5
4,13620,13590,27210,30,9,3,5
3,12271,11423,23694,848,9,3,5
3,23337,22099,45436,1238,9,3,5
21,3813,3602,7415,211,9,3,5
6,5167,5064,10231,103,9,3,5
4,14910,16650,31560,-1740,9,3,5
1,10926,11068,21994,-142,9,3,5
4,5955,5698,11653,257,9,3,5
12,8207,7735,15942,472,9,3,5
4,5068,4806,9874,262,9,3,5
24,1183,1121,2304,62,9,3,5
13,5380,5043,10423,337,9,3,5
23,8011,7948,15959,63,9,3,5
15,138,117,255,21,9,3,5
14,6032,5968,12000,64,9,3,5
5,1686,1742,3428,-56,9,3,5
17,22515,22211,44726,304,9,3,5
15,2625,2431,5056,194,9,3,5
11,13521,13125,26646,396,9,3,5
20,2287,1958,4245,329,9,3,5
6,6092,5935,12027,157,9,3,5
20,1341,1487,2828,-146,9,3,5
20,2867,2827,5694,40,9,3,5
5,5732,5039,10771,693,9,3,5
22,1253,1231,2484,22,9,3,5
12,2339,2141,4480,198,9,3,5
18,1927,1785,3712,142,9,3,5
18,1,0,1,1,9,3,5
7,6687,5533,12220,1154,9,3,5
24,863,791,1654,72,9,3,5
9,15777,16887,32664,-1110,9,3,5
1,18636,16787,35423,1849,9,3,5
5,5855,5664,11519,191,9,3,5
14,7213,6625,13838,588,9,3,5
10,2370,2018,4388,352,9,3,5
14,31140,31785,62925,-645,9,3,5
14,30249,33366,63615,-3117,9,3,5
22,5224,4408,9632,816,9,3,5
22,4204,4240,8444,-36,9,3,5
5,4107,3833,7940,274,9,3,5
2,13852,15373,29225,-1521,9,3,5
6,12901,12238,25139,663,9,3,5
3,23997,21054,45051,2943,9,3,5
1,34190,38719,72909,-4529,9,3,5
15,2015,1965,3980,50,9,3,5
19,4093,3334,7427,759,9,3,5
8,2794,2544,5338,250,9,3,5
21,13964,14418,28382,-454,9,3,5
7,4327,4376,8703,-49,9,3,5
5,7185,5025,12210,2160,9,3,5
3,4485,5946,10431,-1461,9,3,5
10,1825,1597,3422,228,9,3,5
1,35505,35529,71034,-24,9,3,5
9,3617,3694,7311,-77,9,3,5
23,16493,15401,31894,1092,9,3,5
22,1671,1769,3440,-98,9,3,5
22,2093,2023,4116,70,9,3,5
9,5352,4920,10272,432,9,3,5
18,4188,4164,8352,24,9,3,5
3,15272,13987,29259,1285,9,3,5
6,8897,8111,17008,786,9,3,5
21,13359,13206,26565,153,9,3,5
25,5494,5228,10722,266,9,3,5
6,14652,14183,28835,469,9,3,5
5,9770,12675,22445,-2905,9,3,5
1,10730,9866,20596,864,9,3,5
5,4519,3816,8335,703,9,3,5
4,10225,9213,19438,1012,9,3,5
15,551,488,1039,63,9,3,5
5,9181,8621,17802,560,9,3,5
20,1152,1594,2746,-442,9,3,5
8,3396,3174,6570,222,9,3,5
13,2095,1998,4093,97,9,3,5
4,8669,8461,17130,208,9,3,5
11,1087,1084,2171,3,9,3,5
12,2118,2054,4172,64,9,3,5
20,6367,5608,11975,759,9,3,5
1,39820,38231,78051,1589,9,3,5
18,12734,13758,26492,-1024,9,3,5
16,9702,9451,19153,251,9,3,5
3,6979,16004,22983,-9025,9,3,5
13,1596,1741,3337,-145,9,3,5
11,9898,2383,12281,7515,9,3,5
0,38756,37447,76203,1309,9,3,5
20,1797,1941,3738,-144,9,3,5
20,2420,1972,4392,448,9,3,5
11,8148,6395,14543,1753,9,3,5
1,14745,12969,27714,1776,9,3,5
18,21076,21454,42530,-378,9,3,5
5,9440,9646,19086,-206,9,3,5
12,7393,7803,15196,-410,9,3,5
11,7633,7012,14645,621,9,3,5
7,5887,7329,13216,-1442,9,3,5
9,7815,6349,14164,1466,9,3,5
9,4816,4591,9407,225,9,3,5
18,5916,8321,14237,-2405,9,3,5
1,26806,23892,50698,2914,9,3,5
17,6485,5402,11887,1083,9,3,5
8,4551,4253,8804,298,9,3,5
18,3592,3674,7266,-82,9,3,5
9,5312,6086,11398,-774,9,3,5
11,12238,11739,23977,499,9,3,5
1,23370,27758,51128,-4388,9,3,5
3,17894,16986,34880,908,9,3,5
22,3090,3517,6607,-427,9,3,5
11,3503,3287,6790,216,9,3,5
11,2843,2799,5642,44,9,3,5
11,2539,2314,4853,225,9,3,5
10,383,437,820,-54,9,3,5
19,7339,7661,15000,-322,9,3,5
14,8064,7856,15920,208,9,3,5
12,4711,3919,8630,792,9,3,5
22,2126,1934,4060,192,9,3,5
22,4234,3688,7922,546,9,3,5
14,19970,19365,39335,605,9,3,5
19,2151,2231,4382,-80,9,3,5
4,5497,5058,10555,439,9,3,5
11,5816,4902,10718,914,9,3,5
7,6365,6029,12394,336,9,3,5
9,4553,5232,9785,-679,9,3,5
18,10229,9554,19783,675,9,3,5
6,10953,10481,21434,472,9,3,5
21,3301,3027,6328,274,9,3,5
13,1855,1730,3585,125,9,3,5
2,15266,14911,30177,355,9,3,5
18,11539,11600,23139,-61,9,3,5
11,41268,45106,86374,-3838,9,3,5
18,8256,6748,15004,1508,9,3,5
18,11933,14084,26017,-2151,9,3,5
3,28653,27934,56587,719,9,3,5
7,4576,4012,8588,564,9,3,5
3,11164,10627,21791,537,9,3,5
6,10104,9629,19733,475,9,3,5
19,3117,2855,5972,262,9,3,5
1,11613,10102,21715,1511,9,3,5
0,15222,15639,30861,-417,9,3,5
18,3103,3151,6254,-48,9,3,5
4,4490,4441,8931,49,9,3,5
11,6310,5273,11583,1037,9,3,5
4,3063,2946,6009,117,9,3,5
21,1662,1507,3169,155,9,3,5
15,1581,1397,2978,184,9,3,5
8,28130,28549,56679,-419,9,3,5
1,1111,1201,2312,-90,9,3,5
1,12107,12652,24759,-545,9,3,5
5,6801,6320,13121,481,9,3,5
1,21338,20128,41466,1210,9,3,5
6,11404,10694,22098,710,9,3,5
11,3396,3549,6945,-153,9,3,5
1,43435,44508,87943,-1073,9,3,5
10,1411,1384,2795,27,9,3,5
20,1390,1916,3306,-526,9,3,5
1,49432,47319,96751,2113,9,3,5
8,2732,2257,4989,475,9,3,5
8,4108,4716,8824,-608,9,3,5
8,5125,4800,9925,325,9,3,5
2,25803,27834,53637,-2031,9,3,5
1,3544,3557,7101,-13,9,3,5
22,1556,1567,3123,-11,9,3,5
0,10642,9883,20525,759,9,3,5
3,13053,14243,27296,-1190,9,3,5
25,350,286,636,64,9,3,5
12,6596,5934,12530,662,9,3,5
4,9859,8287,18146,1572,9,3,5
1,8074,7954,16028,120,9,3,5
24,1617,1373,2990,244,9,3,5
1,35576,36271,71847,-695,9,3,5
13,444,486,930,-42,9,3,5
19,1613,1631,3244,-18,9,3,5
6,8881,8055,16936,826,9,3,5
7,3860,4145,8005,-285,9,3,5
3,23446,20678,44124,2768,9,3,5
24,1915,1649,3564,266,9,3,5
24,3580,3423,7003,157,9,3,5
25,687,708,1395,-21,9,3,5
4,13727,13280,27007,447,9,3,5
1,8604,7886,16490,718,9,3,5
2,19210,21632,40842,-2422,9,3,5
21,10236,10484,20720,-248,9,3,5
5,8364,7792,16156,572,9,3,5
11,19547,19389,38936,158,9,3,5
7,13660,12285,25945,1375,9,3,5
2,27832,29589,57421,-1757,9,3,5
18,20590,25132,45722,-4542,9,3,5
4,4207,4002,8209,205,9,3,5
13,7281,7419,14700,-138,9,3,5
19,327,249,576,78,9,3,5
18,19709,20353,40062,-644,9,3,5
2,9709,9265,18974,444,9,3,5
5,2715,2668,5383,47,9,3,5
25,2691,2695,5386,-4,9,3,5
25,2204,2131,4335,73,9,3,5
2,22553,24651,47204,-2098,9,3,5
25,632,547,1179,85,9,3,5
12,7172,6819,13991,353,9,3,5
1,5278,5093,10371,185,9,3,5
8,6282,5869,12151,413,9,3,5
4,4247,3771,8018,476,9,3,5
25,5035,5068,10103,-33,9,3,5
6,14103,14086,28189,17,9,3,5
19,944,790,1734,154,9,3,5
9,7114,7153,14267,-39,9,3,5
4,21712,23416,45128,-1704,9,3,5
4,12924,14499,27423,-1575,9,3,5
8,14141,13760,27901,381,9,3,5
10,2813,3034,5847,-221,9,3,5
14,21830,21235,43065,595,9,3,5
1,19473,21617,41090,-2144,9,3,5
5,2874,3236,6110,-362,9,3,5
19,4375,4341,8716,34,9,3,5
2,31586,29299,60885,2287,9,3,5
8,13111,11982,25093,1129,9,3,5
11,43503,45668,89171,-2165,9,3,5
1,14377,15008,29385,-631,9,3,5
4,2255,2170,4425,85,9,3,5
4,9520,10066,19586,-546,9,3,5
16,3600,3688,7288,-88,9,3,5
18,7833,7704,15537,129,9,3,5
4,2315,2219,4534,96,9,3,5
2,4148,3970,8118,178,9,3,5
14,9578,8649,18227,929,9,3,5
18,8625,7265,15890,1360,9,3,5
4,18329,18856,37185,-527,9,3,5
19,2685,2238,4923,447,9,3,5
25,354,382,736,-28,9,3,5
11,10858,10088,20946,770,9,3,5
11,3277,2890,6167,387,9,3,5
21,8336,8394,16730,-58,9,3,5
12,43,33,76,10,9,3,5
2,7919,7765,15684,154,9,3,5
14,5627,4906,10533,721,9,3,5
6,5852,5813,11665,39,9,3,5
24,4245,4212,8457,33,9,3,5
4,5712,6607,12319,-895,9,3,5
9,16141,16469,32610,-328,9,3,5
1,14541,12414,26955,2127,9,3,5
4,3849,4724,8573,-875,9,3,5
12,14108,16137,30245,-2029,9,3,5
12,7267,7023,14290,244,9,3,5
1,2501,2275,4776,226,9,3,5
1,2253,2105,4358,148,9,3,5
6,4900,5025,9925,-125,9,3,5
25,2548,2684,5232,-136,9,3,5
11,40553,42812,83365,-2259,9,3,5
4,10910,10578,21488,332,9,3,5
25,1343,1338,2681,5,9,3,5
16,7436,7895,15331,-459,9,3,5
13,5796,5233,11029,563,9,3,5
23,9333,8528,17861,805,9,3,5
25,516,458,974,58,9,3,5
19,4101,4427,8528,-326,9,3,5
23,8377,7851,16228,526,9,3,5
12,5289,4954,10243,335,9,3,5
5,8422,7902,16324,520,9,3,5
19,2473,2341,4814,132,9,3,5
5,8622,9020,17642,-398,9,3,5
13,2108,1844,3952,264,9,3,5
1,12901,13473,26374,-572,9,3,5
2,5854,6224,12078,-370,9,3,5
1,9152,9619,18771,-467,9,3,5
4,4465,4863,9328,-398,9,3,5
1,26473,26429,52902,44,9,3,5
12,1651,1413,3064,238,9,3,5
5,13466,12999,26465,467,9,3,5
11,6577,6319,12896,258,9,3,5
12,19368,20829,40197,-1461,9,3,5
1,12661,12959,25620,-298,9,3,5
10,1043,790,1833,253,9,3,5
18,4849,4725,9574,124,9,3,5
6,12972,12244,25216,728,9,3,5
10,3014,3118,6132,-104,9,3,5
12,3857,2742,6599,1115,9,3,5
3,8221,9134,17355,-913,9,3,5
5,17139,23018,40157,-5879,9,3,5
17,18582,18160,36742,422,9,3,5
19,1393,2241,3634,-848,9,3,5
14,5388,4739,10127,649,9,3,5
16,8357,7806,16163,551,9,3,5
16,3825,2996,6821,829,9,3,5
19,4889,5008,9897,-119,9,3,5
19,5402,4898,10300,504,9,3,5
13,8702,8131,16833,571,9,3,5
2,6001,5842,11843,159,9,3,5
13,95,80,175,15,9,3,5
7,13566,16458,30024,-2892,9,3,5
1,70705,68432,139137,2273,9,3,5
1,8699,8302,17001,397,9,3,5
1,19033,19588,38621,-555,9,3,5
2,4082,4005,8087,77,9,3,5
6,7106,6510,13616,596,9,3,5
6,1930,1257,3187,673,9,3,5
7,13037,11813,24850,1224,9,3,5
4,12558,12207,24765,351,9,3,5
22,4075,3265,7340,810,9,3,5
23,7475,7987,15462,-512,9,3,5
17,7389,7283,14672,106,9,3,5
21,7393,7444,14837,-51,9,3,5
18,11966,12328,24294,-362,9,3,5
0,20698,21749,42447,-1051,9,3,5
14,8056,7664,15720,392,9,3,5
0,23077,21651,44728,1426,9,3,5
4,14677,15849,30526,-1172,9,3,5
0,26241,23999,50240,2242,9,3,5
2,6707,10096,16803,-3389,9,3,5
0,22779,23473,46252,-694,9,3,5
9,3639,3317,6956,322,9,3,5
1,12527,13975,26502,-1448,9,3,5
14,17412,15096,32508,2316,9,3,5
23,7392,7285,14677,107,9,3,5
18,10801,12062,22863,-1261,9,3,5
6,10121,8918,19039,1203,9,3,5
6,7520,7015,14535,505,9,3,5
14,7504,6917,14421,587,9,3,5
25,5048,4724,9772,324,9,3,5
21,17240,18240,35480,-1000,9,3,5
9,5557,5151,10708,406,9,3,5
6,7878,7468,15346,410,9,3,5
8,4906,4616,9522,290,9,3,5
5,7959,7619,15578,340,9,3,5
2,4245,3838,8083,407,9,3,5
25,55,84,139,-29,9,3,5
12,6498,6210,12708,288,9,3,5
11,804,779,1583,25,9,3,5
11,1216,1067,2283,149,9,3,5
3,21816,23147,44963,-1331,9,3,5
5,2275,1876,4151,399,9,3,5
15,1540,1538,3078,2,9,3,5
11,7267,7220,14487,47,9,3,5
6,7589,7109,14698,480,9,3,5
7,12656,14703,27359,-2047,9,3,5
4,18446,17753,36199,693,9,3,5
6,16576,16648,33224,-72,9,3,5
5,2742,2617,5359,125,9,3,5
4,2655,2441,5096,214,9,3,5
6,12569,13618,26187,-1049,9,3,5
16,4914,4791,9705,123,9,3,5
12,19578,20136,39714,-558,9,3,5
0,21877,22520,44397,-643,9,3,5
18,3029,3054,6083,-25,9,3,5
15,2423,2804,5227,-381,9,3,5
10,2520,2263,4783,257,9,3,5
21,3859,3717,7576,142,9,3,5
3,16107,17514,33621,-1407,9,3,5
15,2288,2051,4339,237,9,3,5
3,15555,17163,32718,-1608,9,3,5
2,3,0,3,3,9,3,5
1,6276,6609,12885,-333,9,3,5
4,2117,1958,4075,159,9,3,5
13,6056,5721,11777,335,9,3,5
24,957,804,1761,153,9,3,5
6,7192,6623,13815,569,9,3,5
5,4643,4752,9395,-109,9,3,5
18,11593,10788,22381,805,9,3,5
15,3017,2624,5641,393,9,3,5
13,1071,783,1854,288,9,3,5
10,3452,3540,6992,-88,9,3,5
25,1518,1603,3121,-85,9,3,5
15,5427,5249,10676,178,9,3,5
17,10715,10491,21206,224,9,3,5
11,15400,14485,29885,915,9,3,5
11,3949,3546,7495,403,9,3,5
13,4917,4767,9684,150,9,3,5
6,13386,12161,25547,1225,9,3,5
4,6289,6170,12459,119,9,3,5
4,6400,5829,12229,571,9,3,5
4,2967,2904,5871,63,9,3,5
6,12056,12724,24780,-668,9,3,5
2,1973,2106,4079,-133,9,3,5
5,11399,14417,25816,-3018,9,3,5
12,3084,3034,6118,50,9,3,5
21,8320,8251,16571,69,9,3,5
3,11821,11387,23208,434,9,3,5
9,2338,2168,4506,170,9,3,5
1,5315,5568,10883,-253,9,3,5
18,14970,14285,29255,685,9,3,5
5,14188,13801,27989,387,9,3,5
1,31898,37129,69027,-5231,9,3,5
4,5996,5112,11108,884,9,3,5
13,6343,6057,12400,286,9,3,5
3,32859,35132,67991,-2273,9,3,5
19,3021,2795,5816,226,9,3,5
16,15158,15818,30976,-660,9,3,5
1,74926,86153,161079,-11227,9,3,5
13,2456,3155,5611,-699,9,3,5
2,14417,13338,27755,1079,9,3,5
22,2723,2503,5226,220,9,3,5
4,22253,19964,42217,2289,9,3,5
5,8153,6284,14437,1869,9,3,5
11,6325,6100,12425,225,9,3,5
13,1540,1364,2904,176,9,3,5
23,13631,14066,27697,-435,9,3,5
25,24351,22912,47263,1439,9,3,5
12,10732,10561,21293,171,9,3,5
3,19489,20538,40027,-1049,9,3,5
13,2097,2242,4339,-145,9,3,5
5,5291,4540,9831,751,9,3,5
8,6893,6726,13619,167,9,3,5
22,4117,3818,7935,299,9,2,4
12,7624,7295,14919,329,9,2,4
7,8911,9996,18907,-1085,9,2,4
2,10577,10470,21047,107,9,2,4
6,47574,47473,95047,101,9,2,4
11,19564,22635,42199,-3071,9,2,4
8,23496,22608,46104,888,9,2,4
22,4826,4608,9434,218,9,2,4
13,6514,6155,12669,359,9,2,4
18,11786,11887,23673,-101,9,2,4
15,1981,2439,4420,-458,9,2,4
14,6531,6029,12560,502,9,2,4
15,3276,2794,6070,482,9,2,4
1,90177,89226,179403,951,9,2,4
6,18714,20812,39526,-2098,9,2,4
18,10713,12386,23099,-1673,9,2,4
4,20401,19335,39736,1066,9,2,4
7,11455,11538,22993,-83,9,2,4
13,3591,3081,6672,510,9,2,4
1,35712,33672,69384,2040,9,2,4
4,5243,5015,10258,228,9,2,4
15,420,515,935,-95,9,2,4
4,7272,7450,14722,-178,9,2,4
14,23608,22669,46277,939,9,2,4
18,4595,4770,9365,-175,9,2,4
8,3040,2041,5081,999,9,2,4
4,6238,5797,12035,441,9,2,4
4,11428,10691,22119,737,9,2,4
6,14642,15514,30156,-872,9,2,4
1,39493,44165,83658,-4672,9,2,4
16,7131,7157,14288,-26,9,2,4
10,8945,8241,17186,704,9,2,4
17,8004,8156,16160,-152,9,2,4
2,25745,26364,52109,-619,9,2,4
2,7987,8047,16034,-60,9,2,4
16,12564,11613,24177,951,9,2,4
4,10913,10703,21616,210,9,2,4
5,9776,9331,19107,445,9,2,4
19,5403,4935,10338,468,9,2,4
6,18856,15377,34233,3479,9,2,4
2,53627,51924,105551,1703,9,2,4
8,16943,21734,38677,-4791,9,2,4
21,10077,9710,19787,367,9,2,4
13,677,674,1351,3,9,2,4
10,2446,2450,4896,-4,9,2,4
4,15745,16734,32479,-989,9,2,4
5,20633,20176,40809,457,9,2,4
13,4063,3771,7834,292,9,2,4
16,2756,3633,6389,-877,9,2,4
6,13194,13085,26279,109,9,2,4
8,3299,3439,6738,-140,9,2,4
16,2431,2573,5004,-142,9,2,4
17,7375,6622,13997,753,9,2,4
11,8201,7803,16004,398,9,2,4
20,3109,3051,6160,58,9,2,4
4,15104,13515,28619,1589,9,2,4
11,4124,3544,7668,580,9,2,4
6,24144,23750,47894,394,9,2,4
12,9969,9339,19308,630,9,2,4
4,34834,36873,71707,-2039,9,2,4
5,10061,9627,19688,434,9,2,4
2,16844,10936,27780,5908,9,2,4
1,37570,43051,80621,-5481,9,2,4
11,19858,20467,40325,-609,9,2,4
1,64135,64397,128532,-262,9,2,4
18,2728,2461,5189,267,9,2,4
25,15259,15609,30868,-350,9,2,4
8,1382,1431,2813,-49,9,2,4
5,8790,6392,15182,2398,9,2,4
18,5688,5949,11637,-261,9,2,4
1,26404,25612,52016,792,9,2,4
14,9265,9345,18610,-80,9,2,4
2,23074,22124,45198,950,9,2,4
25,876,864,1740,12,9,2,4
8,18538,19077,37615,-539,9,2,4
4,12353,13621,25974,-1268,9,2,4
6,16606,12902,29508,3704,9,2,4
11,8182,7854,16036,328,9,2,4
15,183,186,369,-3,9,2,4
4,10434,9829,20263,605,9,2,4
15,1754,1703,3457,51,9,2,4
13,5863,5806,11669,57,9,2,4
11,30509,30977,61486,-468,9,2,4
11,12970,12864,25834,106,9,2,4
13,7247,7001,14248,246,9,2,4
2,8816,7991,16807,825,9,2,4
18,12080,11239,23319,841,9,2,4
4,9008,9261,18269,-253,9,2,4
3,23896,23487,47383,409,9,2,4
15,324,393,717,-69,9,2,4
16,13309,6583,19892,6726,9,2,4
8,8196,11071,19267,-2875,9,2,4
4,8179,7325,15504,854,9,2,4
4,31507,29551,61058,1956,9,2,4
1,31327,29307,60634,2020,9,2,4
6,16389,17437,33826,-1048,9,2,4
19,2435,2704,5139,-269,9,2,4
2,32946,32701,65647,245,9,2,4
6,12955,11619,24574,1336,9,2,4
11,10877,11432,22309,-555,9,2,4
7,6302,6624,12926,-322,9,2,4
15,4555,3793,8348,762,9,2,4
3,1549,1235,2784,314,9,2,4
7,16230,14342,30572,1888,9,2,4
6,16157,16422,32579,-265,9,2,4
8,5412,4395,9807,1017,9,2,4
11,9791,9499,19290,292,9,2,4
8,28889,28534,57423,355,9,2,4
6,21806,23546,45352,-1740,9,2,4
3,20577,24024,44601,-3447,9,2,4
2,17296,15195,32491,2101,9,2,4
5,6301,6712,13013,-411,9,2,4
12,5240,4789,10029,451,9,2,4
12,5232,4218,9450,1014,9,2,4
6,20727,21981,42708,-1254,9,2,4
13,4336,3945,8281,391,9,2,4
7,12126,11337,23463,789,9,2,4
19,113,85,198,28,9,2,4
4,17724,15973,33697,1751,9,2,4
3,9936,8873,18809,1063,9,2,4
20,4125,3991,8116,134,9,2,4
1,20453,24023,44476,-3570,9,2,4
8,21117,21308,42425,-191,9,2,4
11,7633,7139,14772,494,9,2,4
23,2538,1926,4464,612,9,2,4
17,4004,4148,8152,-144,9,2,4
6,8350,8536,16886,-186,9,2,4
1,25697,26146,51843,-449,9,2,4
18,5309,4814,10123,495,9,2,4
20,2481,1918,4399,563,9,2,4
11,12659,13451,26110,-792,9,2,4
15,699,2070,2769,-1371,9,2,4
21,5691,4958,10649,733,9,2,4
2,12169,11254,23423,915,9,2,4
2,12717,12988,25705,-271,9,2,4
23,15656,12402,28058,3254,9,2,4
5,10512,10766,21278,-254,9,2,4
12,3690,3327,7017,363,9,2,4
25,6323,6232,12555,91,9,2,4
12,6842,6307,13149,535,9,2,4
2,5627,6022,11649,-395,9,2,4
18,8436,7792,16228,644,9,2,4
25,12500,11173,23673,1327,9,2,4
1,1527,1495,3022,32,9,2,4
12,6676,6259,12935,417,9,2,4
12,7948,5308,13256,2640,9,2,4
6,10381,11754,22135,-1373,9,2,4
25,2825,2221,5046,604,9,2,4
14,5080,5306,10386,-226,9,2,4
14,4705,4315,9020,390,9,2,4
2,8033,7838,15871,195,9,2,4
5,3106,3077,6183,29,9,2,4
11,20452,20907,41359,-455,9,2,4
5,10459,9489,19948,970,9,2,4
3,21037,20967,42004,70,9,2,4
0,11733,10125,21858,1608,9,2,4
4,3204,3795,6999,-591,9,2,4
1,14431,15589,30020,-1158,9,2,4
3,17057,14588,31645,2469,9,2,4
2,10607,12030,22637,-1423,9,2,4
12,2667,2872,5539,-205,9,2,4
12,3480,3377,6857,103,9,2,4
5,8587,8799,17386,-212,9,2,4
0,8944,9180,18124,-236,9,2,4
14,17616,17800,35416,-184,9,2,4
14,15252,14297,29549,955,9,2,4
3,1878,1990,3868,-112,9,2,4
8,2170,1731,3901,439,9,2,4
11,8885,7784,16669,1101,9,2,4
4,9024,9077,18101,-53,9,2,4
9,1308,1204,2512,104,9,2,4
8,12918,12093,25011,825,9,2,4
5,15776,17188,32964,-1412,9,2,4
16,14927,13838,28765,1089,9,2,4
13,3225,2803,6028,422,9,2,4
1,25602,27485,53087,-1883,9,2,4
6,14392,13858,28250,534,9,2,4
4,11680,11913,23593,-233,9,2,4
16,10263,9541,19804,722,9,2,4
8,13615,13605,27220,10,9,2,4
23,8504,8629,17133,-125,9,2,4
6,14427,13225,27652,1202,9,2,4
15,4665,4572,9237,93,9,2,4
4,6554,6279,12833,275,9,2,4
4,8064,7623,15687,441,9,2,4
4,15523,15945,31468,-422,9,2,4
5,15877,13837,29714,2040,9,2,4
25,9104,8692,17796,412,9,2,4
5,16035,17726,33761,-1691,9,2,4
12,9465,9453,18918,12,9,2,4
18,17233,15895,33128,1338,9,2,4
18,4476,4469,8945,7,9,2,4
2,13764,13014,26778,750,9,2,4
18,6154,5755,11909,399,9,2,4
6,11095,10682,21777,413,9,2,4
6,17364,16750,34114,614,9,2,4
3,25165,26852,52017,-1687,9,2,4
4,9716,9995,19711,-279,9,2,4
11,10336,9858,20194,478,9,2,4
18,22146,22736,44882,-590,9,2,4
7,5083,4266,9349,817,9,2,4
4,18943,19748,38691,-805,9,2,4
7,6592,6883,13475,-291,9,2,4
2,4201,4163,8364,38,9,2,4
1,24710,25888,50598,-1178,9,2,4
13,5910,5719,11629,191,9,2,4
7,22742,23987,46729,-1245,9,2,4
18,17341,18510,35851,-1169,9,2,4
4,18007,18396,36403,-389,9,2,4
3,16727,16002,32729,725,9,2,4
3,29683,28960,58643,723,9,2,4
21,4966,4704,9670,262,9,2,4
6,7040,6859,13899,181,9,2,4
4,22085,23657,45742,-1572,9,2,4
1,20260,20823,41083,-563,9,2,4
4,7850,8122,15972,-272,9,2,4
12,10813,10478,21291,335,9,2,4
4,7427,6967,14394,460,9,2,4
24,1363,1281,2644,82,9,2,4
13,7969,7668,15637,301,9,2,4
23,10946,10905,21851,41,9,2,4
15,90,88,178,2,9,2,4
14,7802,7537,15339,265,9,2,4
5,2440,2356,4796,84,9,2,4
17,29499,30661,60160,-1162,9,2,4
15,3661,3488,7149,173,9,2,4
11,17666,17529,35195,137,9,2,4
6,8575,8514,17089,61,9,2,4
20,3143,2922,6065,221,9,2,4
20,1977,2076,4053,-99,9,2,4
20,6564,6964,13528,-400,9,2,4
22,1715,1751,3466,-36,9,2,4
5,8863,7674,16537,1189,9,2,4
12,2135,1703,3838,432,9,2,4
18,2964,2528,5492,436,9,2,4
7,10475,8636,19111,1839,9,2,4
18,1,0,1,1,9,2,4
24,1364,1346,2710,18,9,2,4
9,19342,19538,38880,-196,9,2,4
1,26640,23966,50606,2674,9,2,4
5,9943,9303,19246,640,9,2,4
14,9855,8971,18826,884,9,2,4
10,3004,2374,5378,630,9,2,4
14,36328,36906,73234,-578,9,2,4
14,31402,35286,66688,-3884,9,2,4
22,6934,6309,13243,625,9,2,4
22,3059,2987,6046,72,9,2,4
5,4888,4737,9625,151,9,2,4
2,17652,18985,36637,-1333,9,2,4
6,17695,17510,35205,185,9,2,4
3,29887,25280,55167,4607,9,2,4
1,43655,47914,91569,-4259,9,2,4
15,2787,2627,5414,160,9,2,4
19,5647,4839,10486,808,9,2,4
8,4387,4156,8543,231,9,2,4
21,17855,19491,37346,-1636,9,2,4
7,5735,5701,11436,34,9,2,4
3,6131,7200,13331,-1069,9,2,4
5,8515,6779,15294,1736,9,2,4
10,2798,2495,5293,303,9,2,4
1,57663,58328,115991,-665,9,2,4
9,8212,8468,16680,-256,9,2,4
23,21927,21036,42963,891,9,2,4
22,2257,2401,4658,-144,9,2,4
22,2798,2712,5510,86,9,2,4
9,7601,7154,14755,447,9,2,4
18,6263,6013,12276,250,9,2,4
3,20800,19288,40088,1512,9,2,4
6,13658,12908,26566,750,9,2,4
21,17933,17831,35764,102,9,2,4
6,18598,18245,36843,353,9,2,4
25,6553,6356,12909,197,9,2,4
5,10897,13502,24399,-2605,9,2,4
1,16085,15085,31170,1000,9,2,4
5,7194,6473,13667,721,9,2,4
4,16475,15028,31503,1447,9,2,4
15,330,418,748,-88,9,2,4
5,14228,13022,27250,1206,9,2,4
8,7172,7089,14261,83,9,2,4
20,2506,3075,5581,-569,9,2,4
13,2723,2612,5335,111,9,2,4
4,21674,21925,43599,-251,9,2,4
11,1629,1473,3102,156,9,2,4
12,2439,2199,4638,240,9,2,4
20,7795,7566,15361,229,9,2,4
1,53042,51138,104180,1904,9,2,4
18,14294,14707,29001,-413,9,2,4
11,9781,2802,12583,6979,9,2,4
3,12903,20611,33514,-7708,9,2,4
13,5286,6939,12225,-1653,9,2,4
0,54463,52615,107078,1848,9,2,4
16,11332,9950,21282,1382,9,2,4
20,2688,2950,5638,-262,9,2,4
20,3298,2622,5920,676,9,2,4
11,9688,7955,17643,1733,9,2,4
1,25433,24520,49953,913,9,2,4
18,27882,28771,56653,-889,9,2,4
12,9120,10107,19227,-987,9,2,4
5,13806,14406,28212,-600,9,2,4
11,10707,9350,20057,1357,9,2,4
9,9889,8826,18715,1063,9,2,4
7,8317,9790,18107,-1473,9,2,4
9,7033,7003,14036,30,9,2,4
1,61750,55048,116798,6702,9,2,4
18,14676,22124,36800,-7448,9,2,4
17,9238,7934,17172,1304,9,2,4
8,9715,9138,18853,577,9,2,4
9,11149,12176,23325,-1027,9,2,4
18,8716,9070,17786,-354,9,2,4
11,17358,16669,34027,689,9,2,4
1,41339,46048,87387,-4709,9,2,4
3,23817,23121,46938,696,9,2,4
22,3900,4281,8181,-381,9,2,4
11,5398,4585,9983,813,9,2,4
11,3612,3162,6774,450,9,2,4
11,3386,3117,6503,269,9,2,4
10,419,385,804,34,9,2,4
19,6760,6523,13283,237,9,2,4
14,9513,9505,19018,8,9,2,4
12,2881,2546,5427,335,9,2,4
22,2740,2648,5388,92,9,2,4
22,6367,5826,12193,541,9,2,4
14,30489,30225,60714,264,9,2,4
19,2815,2673,5488,142,9,2,4
4,7185,6703,13888,482,9,2,4
11,5590,4919,10509,671,9,2,4
7,9577,9310,18887,267,9,2,4
9,5621,6198,11819,-577,9,2,4
18,15285,15288,30573,-3,9,2,4
6,13842,13561,27403,281,9,2,4
21,4701,3641,8342,1060,9,2,4
13,3072,3229,6301,-157,9,2,4
2,20132,19819,39951,313,9,2,4
18,16266,16514,32780,-248,9,2,4
18,9611,8239,17850,1372,9,2,4
11,41034,45088,86122,-4054,9,2,4
18,14500,17173,31673,-2673,9,2,4
3,37282,37659,74941,-377,9,2,4
7,5919,5531,11450,388,9,2,4
3,16002,15535,31537,467,9,2,4
6,15764,15586,31350,178,9,2,4
19,4791,4297,9088,494,9,2,4
1,26273,25519,51792,754,9,2,4
0,26029,26471,52500,-442,9,2,4
18,5319,5211,10530,108,9,2,4
4,7206,7251,14457,-45,9,2,4
4,4695,4726,9421,-31,9,2,4
11,10003,8454,18457,1549,9,2,4
21,2077,1896,3973,181,9,2,4
15,2467,2292,4759,175,9,2,4
8,34833,35279,70112,-446,9,2,4
1,1899,1966,3865,-67,9,2,4
1,15813,15955,31768,-142,9,2,4
5,9219,8919,18138,300,9,2,4
1,27320,26150,53470,1170,9,2,4
6,16686,15620,32306,1066,9,2,4
1,52442,53088,105530,-646,9,2,4
11,4480,4568,9048,-88,9,2,4
10,1772,1664,3436,108,9,2,4
20,1750,2477,4227,-727,9,2,4
1,62928,60771,123699,2157,9,2,4
8,4837,4051,8888,786,9,2,4
8,5240,5534,10774,-294,9,2,4
8,7660,7295,14955,365,9,2,4
2,32586,35450,68036,-2864,9,2,4
1,4032,3893,7925,139,9,2,4
22,2405,2369,4774,36,9,2,4
0,15401,14870,30271,531,9,2,4
3,19838,20908,40746,-1070,9,2,4
25,216,216,432,0,9,2,4
12,9361,8464,17825,897,9,2,4
4,15432,12190,27622,3242,9,2,4
1,11376,11524,22900,-148,9,2,4
24,3760,2270,6030,1490,9,2,4
13,1025,1443,2468,-418,9,2,4
1,42235,43050,85285,-815,9,2,4
19,2078,2106,4184,-28,9,2,4
6,12689,11835,24524,854,9,2,4
7,4608,4894,9502,-286,9,2,4
3,31196,28962,60158,2234,9,2,4
24,2976,2603,5579,373,9,2,4
24,4769,4320,9089,449,9,2,4
25,725,679,1404,46,9,2,4
4,16289,15444,31733,845,9,2,4
1,12082,11099,23181,983,9,2,4
2,25661,26990,52651,-1329,9,2,4
21,12542,11607,24149,935,9,2,4
5,14572,14083,28655,489,9,2,4
11,28772,28508,57280,264,9,2,4
7,20901,18226,39127,2675,9,2,4
2,37145,40628,77773,-3483,9,2,4
18,23141,27695,50836,-4554,9,2,4
4,7529,7258,14787,271,9,2,4
13,8911,9137,18048,-226,9,2,4
19,454,373,827,81,9,2,4
18,29122,30130,59252,-1008,9,2,4
2,14482,13966,28448,516,9,2,4
5,3992,3993,7985,-1,9,2,4
25,2347,2374,4721,-27,9,2,4
25,3517,3345,6862,172,9,2,4
2,42222,45262,87484,-3040,9,2,4
25,736,643,1379,93,9,2,4
12,8752,8107,16859,645,9,2,4
1,7678,7871,15549,-193,9,2,4
8,10774,10769,21543,5,9,2,4
4,8216,7975,16191,241,9,2,4
25,3174,3380,6554,-206,9,2,4
6,18381,18680,37061,-299,9,2,4
19,1401,1223,2624,178,9,2,4
9,11978,12149,24127,-171,9,2,4
4,19828,20799,40627,-971,9,2,4
4,30699,33546,64245,-2847,9,2,4
8,31750,30790,62540,960,9,2,4
10,2622,2645,5267,-23,9,2,4
14,32078,31255,63333,823,9,2,4
1,55270,63146,118416,-7876,9,2,4
5,4208,4716,8924,-508,9,2,4
19,5288,5284,10572,4,9,2,4
5,2,0,2,2,9,2,4
2,40155,37774,77929,2381,9,2,4
8,19343,18404,37747,939,9,2,4
11,43985,46339,90324,-2354,9,2,4
4,4453,4546,8999,-93,9,2,4
1,23973,24952,48925,-979,9,2,4
4,11193,11579,22772,-386,9,2,4
16,3931,4018,7949,-87,9,2,4
18,10402,10395,20797,7,9,2,4
2,6922,6165,13087,757,9,2,4
4,4164,4171,8335,-7,9,2,4
14,12979,11623,24602,1356,9,2,4
18,13381,11021,24402,2360,9,2,4
4,24060,26331,50391,-2271,9,2,4
19,4844,3896,8740,948,9,2,4
25,349,345,694,4,9,2,4
11,11405,11209,22614,196,9,2,4
11,4178,3833,8011,345,9,2,4
21,9635,9767,19402,-132,9,2,4
12,64,41,105,23,9,2,4
2,10339,10446,20785,-107,9,2,4
6,11789,10802,22591,987,9,2,4
14,8022,7318,15340,704,9,2,4
24,4233,4462,8695,-229,9,2,4
9,10784,11254,22038,-470,9,2,4
4,5408,4943,10351,465,9,2,4
4,5020,5956,10976,-936,9,2,4
12,17490,19027,36517,-1537,9,2,4
1,19141,15848,34989,3293,9,2,4
12,10994,10670,21664,324,9,2,4
1,3508,3525,7033,-17,9,2,4
1,2857,2903,5760,-46,9,2,4
6,6583,6247,12830,336,9,2,4
25,2005,2260,4265,-255,9,2,4
11,43049,43794,86843,-745,9,2,4
4,16630,16032,32662,598,9,2,4
25,771,802,1573,-31,9,2,4
16,8289,8507,16796,-218,9,2,4
13,7795,7221,15016,574,9,2,4
23,12539,11759,24298,780,9,2,4
25,400,393,793,7,9,2,4
19,5186,5413,10599,-227,9,2,4
23,12706,11816,24522,890,9,2,4
12,8608,7890,16498,718,9,2,4
5,13987,13406,27393,581,9,2,4
19,3272,2949,6221,323,9,2,4
5,4971,5187,10158,-216,9,2,4
13,3403,2626,6029,777,9,2,4
2,12265,12504,24769,-239,9,2,4
1,26259,27179,53438,-920,9,2,4
1,15253,15234,30487,19,9,2,4
4,7064,7374,14438,-310,9,2,4
1,46953,48719,95672,-1766,9,2,4
12,2211,1807,4018,404,9,2,4
5,19105,18764,37869,341,9,2,4
11,10157,9842,19999,315,9,2,4
12,20285,21829,42114,-1544,9,2,4
1,18324,19118,37442,-794,9,2,4
18,6592,6057,12649,535,9,2,4
10,1348,1123,2471,225,9,2,4
6,17772,17101,34873,671,9,2,4
10,3155,3321,6476,-166,9,2,4
3,8329,9385,17714,-1056,9,2,4
12,4686,3468,8154,1218,9,2,4
5,14308,19805,34113,-5497,9,2,4
17,27440,28305,55745,-865,9,2,4
19,1188,1965,3153,-777,9,2,4
14,4374,3319,7693,1055,9,2,4
16,8275,7594,15869,681,9,2,4
16,3673,3231,6904,442,9,2,4
19,6416,6874,13290,-458,9,2,4
19,8519,7905,16424,614,9,2,4
13,10566,10190,20756,376,9,2,4
2,11846,11118,22964,728,9,2,4
13,18,13,31,5,9,2,4
7,15277,18454,33731,-3177,9,2,4
1,80217,80244,160461,-27,9,2,4
1,16293,15636,31929,657,9,2,4
1,24605,25438,50043,-833,9,2,4
2,5816,5451,11267,365,9,2,4
6,10240,9914,20154,326,9,2,4
6,2547,1081,3628,1466,9,2,4
7,18751,17443,36194,1308,9,2,4
4,20454,20099,40553,355,9,2,4
22,5484,4806,10290,678,9,2,4
23,8380,9237,17617,-857,9,2,4
17,12379,12445,24824,-66,9,2,4
21,11488,10905,22393,583,9,2,4
18,20364,21963,42327,-1599,9,2,4
0,21944,22863,44807,-919,9,2,4
14,12496,11829,24325,667,9,2,4
0,39966,40247,80213,-281,9,2,4
4,14610,15482,30092,-872,9,2,4
0,28474,26575,55049,1899,9,2,4
2,10856,13397,24253,-2541,9,2,4
0,26190,26500,52690,-310,9,2,4
9,4967,5048,10015,-81,9,2,4
1,13136,14584,27720,-1448,9,2,4
14,21762,19634,41396,2128,9,2,4
23,10995,11005,22000,-10,9,2,4
18,16312,17374,33686,-1062,9,2,4
6,16336,14340,30676,1996,9,2,4
6,12119,11042,23161,1077,9,2,4
14,10545,9721,20266,824,9,2,4
25,6405,5932,12337,473,9,2,4
21,20874,22691,43565,-1817,9,2,4
9,12021,10665,22686,1356,9,2,4
6,12071,11516,23587,555,9,2,4
8,8828,8581,17409,247,9,2,4
5,10896,10721,21617,175,9,2,4
2,5937,5568,11505,369,9,2,4
25,62,92,154,-30,9,2,4
12,7673,7603,15276,70,9,2,4
11,1049,999,2048,50,9,2,4
11,2089,1724,3813,365,9,2,4
3,28648,30688,59336,-2040,9,2,4
12,1,0,1,1,9,2,4
5,4045,3383,7428,662,9,2,4
15,1915,1729,3644,186,9,2,4
11,7862,7408,15270,454,9,2,4
6,12845,12037,24882,808,9,2,4
4,20427,20830,41257,-403,9,2,4
7,15921,19207,35128,-3286,9,2,4
6,23916,24587,48503,-671,9,2,4
4,4365,3859,8224,506,9,2,4
5,4076,4255,8331,-179,9,2,4
6,21824,24098,45922,-2274,9,2,4
16,7878,7500,15378,378,9,2,4
0,23763,23870,47633,-107,9,2,4
12,19528,20001,39529,-473,9,2,4
18,5275,4784,10059,491,9,2,4
15,1962,2352,4314,-390,9,2,4
10,3764,3399,7163,365,9,2,4
21,5673,5851,11524,-178,9,2,4
3,21454,23437,44891,-1983,9,2,4
15,2235,1553,3788,682,9,2,4
3,31327,32673,64000,-1346,9,2,4
2,1,0,1,1,9,2,4
1,10818,11450,22268,-632,9,2,4
4,5067,5028,10095,39,9,2,4
13,8900,8324,17224,576,9,2,4
24,1186,1026,2212,160,9,2,4
5,6404,6991,13395,-587,9,2,4
6,9813,9340,19153,473,9,2,4
18,14751,14081,28832,670,9,2,4
15,3978,3611,7589,367,9,2,4
13,1518,1027,2545,491,9,2,4
10,5644,5778,11422,-134,9,2,4
25,993,1031,2024,-38,9,2,4
15,7514,7421,14935,93,9,2,4
17,20334,19904,40238,430,9,2,4
11,15527,14947,30474,580,9,2,4
11,4954,4653,9607,301,9,2,4
13,6413,5950,12363,463,9,2,4
6,19736,18171,37907,1565,9,2,4
4,6646,6268,12914,378,9,2,4
4,7944,7707,15651,237,9,2,4
4,4643,4527,9170,116,9,2,4
6,25521,27324,52845,-1803,9,2,4
2,2603,2751,5354,-148,9,2,4
5,10797,12869,23666,-2072,9,2,4
12,4539,4383,8922,156,9,2,4
21,11299,11475,22774,-176,9,2,4
3,15878,15134,31012,744,9,2,4
9,2919,2645,5564,274,9,2,4
1,12918,14079,26997,-1161,9,2,4
18,16904,18055,34959,-1151,9,2,4
1,35313,40017,75330,-4704,9,2,4
5,15248,15177,30425,71,9,2,4
4,9140,7840,16980,1300,9,2,4
13,9844,9678,19522,166,9,2,4
3,38162,38453,76615,-291,9,2,4
19,4617,4749,9366,-132,9,2,4
13,2069,2770,4839,-701,9,2,4
16,12665,13350,26015,-685,9,2,4
1,66531,76604,143135,-10073,9,2,4
2,19556,18312,37868,1244,9,2,4
22,3794,3481,7275,313,9,2,4
4,31751,28901,60652,2850,9,2,4
5,13447,10141,23588,3306,9,2,4
11,9504,9232,18736,272,9,2,4
13,3198,2826,6024,372,9,2,4
23,18655,19047,37702,-392,9,2,4
25,30863,28634,59497,2229,9,2,4
12,14053,14007,28060,46,9,2,4
3,26544,28064,54608,-1520,9,2,4
5,8273,7520,15793,753,9,2,4
13,3435,3789,7224,-354,9,2,4
8,11260,11058,22318,202,9,2,4
22,4772,4701,9473,71,9,1,3
12,7537,7324,14861,213,9,1,3
2,10120,9926,20046,194,9,1,3
7,8614,9600,18214,-986,9,1,3
6,47125,47772,94897,-647,9,1,3
11,19871,22694,42565,-2823,9,1,3
8,23022,22407,45429,615,9,1,3
22,4757,4682,9439,75,9,1,3
13,6469,6123,12592,346,9,1,3
18,13117,14053,27170,-936,9,1,3
15,1798,1838,3636,-40,9,1,3
14,6465,6060,12525,405,9,1,3
15,3358,2874,6232,484,9,1,3
1,84920,82240,167160,2680,9,1,3
18,10605,12213,22818,-1608,9,1,3
6,18583,20654,39237,-2071,9,1,3
4,19703,18999,38702,704,9,1,3
7,11328,11645,22973,-317,9,1,3
13,3725,3193,6918,532,9,1,3
1,32933,30152,63085,2781,9,1,3
4,5278,4984,10262,294,9,1,3
15,369,403,772,-34,9,1,3
4,7206,7435,14641,-229,9,1,3
14,23366,22610,45976,756,9,1,3
18,4571,4603,9174,-32,9,1,3
8,2933,1951,4884,982,9,1,3
4,6173,5815,11988,358,9,1,3
4,11248,10886,22134,362,9,1,3
1,37946,40313,78259,-2367,9,1,3
6,14615,14978,29593,-363,9,1,3
16,7305,7255,14560,50,9,1,3
10,8850,8164,17014,686,9,1,3
17,1314,1351,2665,-37,9,1,3
2,25193,25616,50809,-423,9,1,3
2,7751,7810,15561,-59,9,1,3
16,12540,11755,24295,785,9,1,3
4,10598,10660,21258,-62,9,1,3
5,10289,10034,20323,255,9,1,3
19,5342,4952,10294,390,9,1,3
2,44468,42039,86507,2429,9,1,3
6,16357,14258,30615,2099,9,1,3
8,13990,17082,31072,-3092,9,1,3
21,10163,9730,19893,433,9,1,3
13,677,705,1382,-28,9,1,3
10,2336,2270,4606,66,9,1,3
5,20381,19735,40116,646,9,1,3
13,4010,3547,7557,463,9,1,3
4,15659,16470,32129,-811,9,1,3
16,2666,3455,6121,-789,9,1,3
6,12468,12265,24733,203,9,1,3
8,3179,3484,6663,-305,9,1,3
16,2449,2621,5070,-172,9,1,3
17,7100,6455,13555,645,9,1,3
11,8301,7797,16098,504,9,1,3
20,3121,3319,6440,-198,9,1,3
4,14728,13582,28310,1146,9,1,3
11,3606,3008,6614,598,9,1,3
6,23019,22736,45755,283,9,1,3
12,10252,9944,20196,308,9,1,3
4,34815,36357,71172,-1542,9,1,3
5,10196,9905,20101,291,9,1,3
1,37206,42180,79386,-4974,9,1,3
2,16403,10840,27243,5563,9,1,3
11,19563,19833,39396,-270,9,1,3
1,62567,62906,125473,-339,9,1,3
18,2713,2553,5266,160,9,1,3
25,14620,14635,29255,-15,9,1,3
8,1197,1298,2495,-101,9,1,3
5,8504,6346,14850,2158,9,1,3
18,5769,5925,11694,-156,9,1,3
1,25585,24938,50523,647,9,1,3
14,9176,9161,18337,15,9,1,3
2,22296,21334,43630,962,9,1,3
25,915,850,1765,65,9,1,3
8,18021,19165,37186,-1144,9,1,3
4,11922,13197,25119,-1275,9,1,3
6,15999,12585,28584,3414,9,1,3
11,8056,7904,15960,152,9,1,3
15,139,132,271,7,9,1,3
4,10224,9565,19789,659,9,1,3
15,1761,1732,3493,29,9,1,3
13,5416,5313,10729,103,9,1,3
11,29758,30099,59857,-341,9,1,3
11,12945,12913,25858,32,9,1,3
13,7620,7375,14995,245,9,1,3
2,8633,7942,16575,691,9,1,3
18,12206,11785,23991,421,9,1,3
4,8475,8743,17218,-268,9,1,3
3,24432,24871,49303,-439,9,1,3
15,371,362,733,9,9,1,3
4,7412,7187,14599,225,9,1,3
8,7415,10683,18098,-3268,9,1,3
16,11533,6515,18048,5018,9,1,3
4,30960,29323,60283,1637,9,1,3
1,30179,29402,59581,777,9,1,3
6,16500,17293,33793,-793,9,1,3
19,2471,2742,5213,-271,9,1,3
2,30821,31067,61888,-246,9,1,3
6,12694,11710,24404,984,9,1,3
11,10834,11736,22570,-902,9,1,3
7,6243,6480,12723,-237,9,1,3
15,3064,2880,5944,184,9,1,3
3,1481,1206,2687,275,9,1,3
7,16424,15214,31638,1210,9,1,3
6,16107,16017,32124,90,9,1,3
8,5132,4291,9423,841,9,1,3
8,27951,27891,55842,60,9,1,3
11,8979,9007,17986,-28,9,1,3
6,20600,21820,42420,-1220,9,1,3
3,19780,22642,42422,-2862,9,1,3
2,17294,15293,32587,2001,9,1,3
5,5376,5318,10694,58,9,1,3
12,5167,4811,9978,356,9,1,3
12,5153,4321,9474,832,9,1,3
6,20095,21114,41209,-1019,9,1,3
13,4280,3916,8196,364,9,1,3
7,11953,11187,23140,766,9,1,3
19,116,84,200,32,9,1,3
4,17619,16171,33790,1448,9,1,3
3,9674,8607,18281,1067,9,1,3
20,4090,3907,7997,183,9,1,3
8,20205,20558,40763,-353,9,1,3
1,20280,23917,44197,-3637,9,1,3
11,7782,7204,14986,578,9,1,3
23,2537,1924,4461,613,9,1,3
17,2908,3372,6280,-464,9,1,3
1,25226,25639,50865,-413,9,1,3
6,8229,8220,16449,9,9,1,3
18,5213,4837,10050,376,9,1,3
20,2387,1909,4296,478,9,1,3
11,12779,13601,26380,-822,9,1,3
15,602,546,1148,56,9,1,3
21,5536,4964,10500,572,9,1,3
2,11784,10848,22632,936,9,1,3
2,12099,12242,24341,-143,9,1,3
23,15894,12624,28518,3270,9,1,3
5,10509,10784,21293,-275,9,1,3
12,3903,3456,7359,447,9,1,3
25,6215,6150,12365,65,9,1,3
12,6828,6559,13387,269,9,1,3
18,8142,7589,15731,553,9,1,3
2,5506,5797,11303,-291,9,1,3
25,12709,11414,24123,1295,9,1,3
1,1473,1488,2961,-15,9,1,3
12,6609,6320,12929,289,9,1,3
12,8225,5414,13639,2811,9,1,3
6,10321,12005,22326,-1684,9,1,3
25,2755,2180,4935,575,9,1,3
14,3856,3789,7645,67,9,1,3
14,4638,4148,8786,490,9,1,3
2,7708,7705,15413,3,9,1,3
5,2995,3136,6131,-141,9,1,3
11,20443,21138,41581,-695,9,1,3
5,10355,9435,19790,920,9,1,3
3,20763,21193,41956,-430,9,1,3
0,11465,10762,22227,703,9,1,3
3,16768,14928,31696,1840,9,1,3
1,13507,15384,28891,-1877,9,1,3
4,3195,3812,7007,-617,9,1,3
2,11401,13331,24732,-1930,9,1,3
12,2921,3091,6012,-170,9,1,3
12,3439,3318,6757,121,9,1,3
5,8444,8714,17158,-270,9,1,3
0,8759,8937,17696,-178,9,1,3
14,17014,16954,33968,60,9,1,3
14,14753,14259,29012,494,9,1,3
3,1579,1680,3259,-101,9,1,3
8,1975,1563,3538,412,9,1,3
11,9237,9837,19074,-600,9,1,3
4,8644,8562,17206,82,9,1,3
9,1232,1166,2398,66,9,1,3
8,12710,12106,24816,604,9,1,3
5,15911,17519,33430,-1608,9,1,3
16,15508,14365,29873,1143,9,1,3
13,3158,2789,5947,369,9,1,3
1,24281,26411,50692,-2130,9,1,3
6,11889,11506,23395,383,9,1,3
4,11644,11775,23419,-131,9,1,3
8,13228,13100,26328,128,9,1,3
16,10570,10123,20693,447,9,1,3
23,8280,8512,16792,-232,9,1,3
6,14164,13248,27412,916,9,1,3
15,4537,4466,9003,71,9,1,3
4,6761,6499,13260,262,9,1,3
4,8012,7553,15565,459,9,1,3
4,15623,15932,31555,-309,9,1,3
5,15795,14128,29923,1667,9,1,3
25,8712,8447,17159,265,9,1,3
5,14941,15975,30916,-1034,9,1,3
12,10342,10326,20668,16,9,1,3
18,16389,15547,31936,842,9,1,3
18,4185,4143,8328,42,9,1,3
2,13686,13086,26772,600,9,1,3
18,5817,5598,11415,219,9,1,3
6,10802,10700,21502,102,9,1,3
6,17243,16835,34078,408,9,1,3
3,24186,25384,49570,-1198,9,1,3
4,9587,9666,19253,-79,9,1,3
11,10807,10680,21487,127,9,1,3
18,21711,21988,43699,-277,9,1,3
7,4829,3812,8641,1017,9,1,3
4,18441,19546,37987,-1105,9,1,3
7,6556,6546,13102,10,9,1,3
2,4295,4352,8647,-57,9,1,3
1,24158,24803,48961,-645,9,1,3
13,5591,5459,11050,132,9,1,3
7,22988,24410,47398,-1422,9,1,3
18,16799,18026,34825,-1227,9,1,3
4,17618,17883,35501,-265,9,1,3
3,16539,16056,32595,483,9,1,3
3,29055,28310,57365,745,9,1,3
21,4807,4614,9421,193,9,1,3
6,6742,6548,13290,194,9,1,3
4,22593,23438,46031,-845,9,1,3
1,21291,22169,43460,-878,9,1,3
4,7599,7889,15488,-290,9,1,3
12,10575,10248,20823,327,9,1,3
4,7302,6951,14253,351,9,1,3
24,1214,1174,2388,40,9,1,3
13,8165,7706,15871,459,9,1,3
23,10455,10537,20992,-82,9,1,3
15,94,109,203,-15,9,1,3
14,7633,7459,15092,174,9,1,3
5,2488,2439,4927,49,9,1,3
17,28396,28861,57257,-465,9,1,3
15,3651,3400,7051,251,9,1,3
11,18469,18361,36830,108,9,1,3
20,3151,2872,6023,279,9,1,3
6,8151,8370,16521,-219,9,1,3
20,1959,2109,4068,-150,9,1,3
20,6887,7372,14259,-485,9,1,3
22,1691,1690,3381,1,9,1,3
5,8386,7590,15976,796,9,1,3
12,1705,1593,3298,112,9,1,3
18,2979,2531,5510,448,9,1,3
7,10591,8776,19367,1815,9,1,3
24,1483,1390,2873,93,9,1,3
9,18321,18806,37127,-485,9,1,3
1,26070,23873,49943,2197,9,1,3
5,9874,9172,19046,702,9,1,3
14,9640,8863,18503,777,9,1,3
10,2306,2223,4529,83,9,1,3
14,35089,34892,69981,197,9,1,3
14,29887,32376,62263,-2489,9,1,3
22,6849,6434,13283,415,9,1,3
22,3210,2826,6036,384,9,1,3
5,4675,4652,9327,23,9,1,3
2,17447,18627,36074,-1180,9,1,3
6,17228,17287,34515,-59,9,1,3
1,41219,44430,85649,-3211,9,1,3
3,27289,23293,50582,3996,9,1,3
15,2856,2692,5548,164,9,1,3
19,5611,4859,10470,752,9,1,3
8,4258,4040,8298,218,9,1,3
21,17270,18948,36218,-1678,9,1,3
7,5625,5673,11298,-48,9,1,3
5,8013,6598,14611,1415,9,1,3
3,5765,6518,12283,-753,9,1,3
10,2765,2521,5286,244,9,1,3
1,55623,56969,112592,-1346,9,1,3
9,8022,8520,16542,-498,9,1,3
23,21611,20962,42573,649,9,1,3
22,2262,2351,4613,-89,9,1,3
22,2803,2653,5456,150,9,1,3
9,7468,7087,14555,381,9,1,3
18,6528,6321,12849,207,9,1,3
3,20628,19144,39772,1484,9,1,3
6,13353,13203,26556,150,9,1,3
21,17962,18043,36005,-81,9,1,3
25,6124,6007,12131,117,9,1,3
6,17732,16906,34638,826,9,1,3
5,10266,12037,22303,-1771,9,1,3
1,15654,15266,30920,388,9,1,3
5,7881,7425,15306,456,9,1,3
4,16269,15007,31276,1262,9,1,3
15,357,346,703,11,9,1,3
5,14083,13011,27094,1072,9,1,3
8,6859,6902,13761,-43,9,1,3
20,2447,3067,5514,-620,9,1,3
13,2533,2597,5130,-64,9,1,3
4,22075,22632,44707,-557,9,1,3
11,1616,1311,2927,305,9,1,3
12,2330,2164,4494,166,9,1,3
20,7394,7235,14629,159,9,1,3
1,51225,50545,101770,680,9,1,3
18,12823,13291,26114,-468,9,1,3
3,12502,18209,30711,-5707,9,1,3
11,7116,2224,9340,4892,9,1,3
13,5107,6527,11634,-1420,9,1,3
16,9552,8544,18096,1008,9,1,3
0,49081,47845,96926,1236,9,1,3
20,2529,2745,5274,-216,9,1,3
20,3122,2723,5845,399,9,1,3
11,8539,7738,16277,801,9,1,3
1,23669,22741,46410,928,9,1,3
18,26238,26910,53148,-672,9,1,3
12,9105,10077,19182,-972,9,1,3
5,13607,14419,28026,-812,9,1,3
11,10750,9626,20376,1124,9,1,3
7,7993,9409,17402,-1416,9,1,3
9,9426,8453,17879,973,9,1,3
9,6839,6651,13490,188,9,1,3
18,14953,22413,37366,-7460,9,1,3
1,62394,56014,118408,6380,9,1,3
17,9027,7826,16853,1201,9,1,3
8,9668,9120,18788,548,9,1,3
18,8828,9391,18219,-563,9,1,3
9,11277,12312,23589,-1035,9,1,3
11,17665,17084,34749,581,9,1,3
1,40741,45142,85883,-4401,9,1,3
3,23267,22188,45455,1079,9,1,3
22,3743,4251,7994,-508,9,1,3
11,7357,6716,14073,641,9,1,3
11,3567,3137,6704,430,9,1,3
11,3338,3094,6432,244,9,1,3
10,368,362,730,6,9,1,3
19,6645,6363,13008,282,9,1,3
14,9785,9651,19436,134,9,1,3
12,2994,2348,5342,646,9,1,3
22,2846,2702,5548,144,9,1,3
22,6476,6073,12549,403,9,1,3
14,30162,30064,60226,98,9,1,3
19,2620,2495,5115,125,9,1,3
4,6961,6485,13446,476,9,1,3
11,4745,4517,9262,228,9,1,3
7,9431,9149,18580,282,9,1,3
9,5358,5811,11169,-453,9,1,3
18,15307,15283,30590,24,9,1,3
6,13813,13520,27333,293,9,1,3
21,4617,3719,8336,898,9,1,3
13,3080,3227,6307,-147,9,1,3
18,14736,15183,29919,-447,9,1,3
2,18299,18702,37001,-403,9,1,3
11,39758,42440,82198,-2682,9,1,3
18,9104,7497,16601,1607,9,1,3
18,13396,14608,28004,-1212,9,1,3
3,35927,36654,72581,-727,9,1,3
7,5648,5270,10918,378,9,1,3
3,16340,15617,31957,723,9,1,3
6,16629,16839,33468,-210,9,1,3
19,4441,4139,8580,302,9,1,3
1,26387,25893,52280,494,9,1,3
0,26721,26378,53099,343,9,1,3
18,5183,5088,10271,95,9,1,3
4,7128,7301,14429,-173,9,1,3
11,9830,8425,18255,1405,9,1,3
4,4450,4675,9125,-225,9,1,3
21,2073,1875,3948,198,9,1,3
15,2434,2377,4811,57,9,1,3
8,31912,30996,62908,916,9,1,3
1,1810,1967,3777,-157,9,1,3
1,14876,15212,30088,-336,9,1,3
5,9033,9613,18646,-580,9,1,3
1,26990,26203,53193,787,9,1,3
6,16306,15483,31789,823,9,1,3
1,51063,50767,101830,296,9,1,3
11,4485,4480,8965,5,9,1,3
10,1881,1612,3493,269,9,1,3
1,61313,58762,120075,2551,9,1,3
20,1689,2148,3837,-459,9,1,3
8,4820,4065,8885,755,9,1,3
8,4332,4351,8683,-19,9,1,3
8,7430,7222,14652,208,9,1,3
2,29984,31764,61748,-1780,9,1,3
1,3591,3565,7156,26,9,1,3
0,14979,14453,29432,526,9,1,3
22,2437,2402,4839,35,9,1,3
3,19008,19815,38823,-807,9,1,3
25,231,195,426,36,9,1,3
12,9269,8517,17786,752,9,1,3
4,14995,12125,27120,2870,9,1,3
1,11170,11399,22569,-229,9,1,3
24,3619,3007,6626,612,9,1,3
13,1096,1549,2645,-453,9,1,3
1,40427,40834,81261,-407,9,1,3
19,2031,2030,4061,1,9,1,3
6,12542,11793,24335,749,9,1,3
7,4359,4814,9173,-455,9,1,3
3,30735,28714,59449,2021,9,1,3
24,3250,3036,6286,214,9,1,3
24,4284,3728,8012,556,9,1,3
25,673,671,1344,2,9,1,3
4,15676,14887,30563,789,9,1,3
1,11686,10969,22655,717,9,1,3
2,24308,25124,49432,-816,9,1,3
21,12233,11333,23566,900,9,1,3
5,16259,16494,32753,-235,9,1,3
11,29371,29142,58513,229,9,1,3
7,20656,17907,38563,2749,9,1,3
2,33879,36621,70500,-2742,9,1,3
18,20837,23438,44275,-2601,9,1,3
4,7268,7206,14474,62,9,1,3
13,8762,8623,17385,139,9,1,3
19,431,350,781,81,9,1,3
18,28324,29698,58022,-1374,9,1,3
2,14050,13565,27615,485,9,1,3
5,3979,3850,7829,129,9,1,3
25,2223,2196,4419,27,9,1,3
25,3448,3252,6700,196,9,1,3
2,40432,44441,84873,-4009,9,1,3
25,780,688,1468,92,9,1,3
12,8907,8261,17168,646,9,1,3
1,7476,7800,15276,-324,9,1,3
8,10511,10864,21375,-353,9,1,3
4,8063,7975,16038,88,9,1,3
25,3052,3212,6264,-160,9,1,3
6,19683,20746,40429,-1063,9,1,3
19,1149,1113,2262,36,9,1,3
9,11649,12002,23651,-353,9,1,3
4,15486,16295,31781,-809,9,1,3
4,30854,33687,64541,-2833,9,1,3
8,30846,30331,61177,515,9,1,3
10,2763,2529,5292,234,9,1,3
14,31783,31272,63055,511,9,1,3
1,57249,65514,122763,-8265,9,1,3
5,4082,4789,8871,-707,9,1,3
19,5029,4986,10015,43,9,1,3
5,1,0,1,1,9,1,3
2,38606,36204,74810,2402,9,1,3
8,19108,18359,37467,749,9,1,3
11,39781,40928,80709,-1147,9,1,3
4,4491,4637,9128,-146,9,1,3
1,23613,24465,48078,-852,9,1,3
4,10860,11209,22069,-349,9,1,3
16,3787,3811,7598,-24,9,1,3
18,9554,9956,19510,-402,9,1,3
2,6854,6247,13101,607,9,1,3
4,4154,4097,8251,57,9,1,3
14,12977,11951,24928,1026,9,1,3
18,13027,10657,23684,2370,9,1,3
4,23148,25148,48296,-2000,9,1,3
19,4945,4369,9314,576,9,1,3
25,346,332,678,14,9,1,3
11,10896,10922,21818,-26,9,1,3
11,4576,4184,8760,392,9,1,3
21,9380,9279,18659,101,9,1,3
12,56,44,100,12,9,1,3
2,9802,9925,19727,-123,9,1,3
6,11685,10958,22643,727,9,1,3
14,8042,7536,15578,506,9,1,3
24,3979,4073,8052,-94,9,1,3
4,5132,4390,9522,742,9,1,3
9,6935,6909,13844,26,9,1,3
1,18390,14722,33112,3668,9,1,3
4,4730,5519,10249,-789,9,1,3
12,16752,18036,34788,-1284,9,1,3
12,10731,10910,21641,-179,9,1,3
1,3459,3572,7031,-113,9,1,3
1,2773,2740,5513,33,9,1,3
6,6515,6389,12904,126,9,1,3
25,2048,2044,4092,4,9,1,3
11,37150,37629,74779,-479,9,1,3
4,16192,16022,32214,170,9,1,3
25,833,753,1586,80,9,1,3
16,8095,8247,16342,-152,9,1,3
13,7767,7098,14865,669,9,1,3
23,12403,11649,24052,754,9,1,3
25,396,378,774,18,9,1,3
19,4778,5053,9831,-275,9,1,3
23,12460,11627,24087,833,9,1,3
12,8999,8336,17335,663,9,1,3
5,14309,13911,28220,398,9,1,3
19,3379,3026,6405,353,9,1,3
5,5135,5377,10512,-242,9,1,3
13,3359,3061,6420,298,9,1,3
2,11887,11990,23877,-103,9,1,3
1,26060,26489,52549,-429,9,1,3
1,14916,14986,29902,-70,9,1,3
4,6925,7040,13965,-115,9,1,3
1,47451,48775,96226,-1324,9,1,3
12,2150,1787,3937,363,9,1,3
5,19034,18836,37870,198,9,1,3
11,10038,10032,20070,6,9,1,3
12,19653,20227,39880,-574,9,1,3
1,18345,19998,38343,-1653,9,1,3
18,6267,5876,12143,391,9,1,3
10,1273,1039,2312,234,9,1,3
6,17106,16511,33617,595,9,1,3
10,2865,2875,5740,-10,9,1,3
3,7853,8980,16833,-1127,9,1,3
12,4348,3283,7631,1065,9,1,3
5,11594,12989,24583,-1395,9,1,3
17,26127,27118,53245,-991,9,1,3
14,4074,3147,7221,927,9,1,3
19,1142,1879,3021,-737,9,1,3
16,8317,7242,15559,1075,9,1,3
16,3880,3139,7019,741,9,1,3
19,6205,6640,12845,-435,9,1,3
19,8676,8332,17008,344,9,1,3
13,10669,10361,21030,308,9,1,3
2,11891,11334,23225,557,9,1,3
13,8,14,22,-6,9,1,3
1,74247,74217,148464,30,9,1,3
7,14638,17387,32025,-2749,9,1,3
1,16221,15808,32029,413,9,1,3
1,23596,23617,47213,-21,9,1,3
2,5552,5272,10824,280,9,1,3
6,9938,9620,19558,318,9,1,3
6,2474,989,3463,1485,9,1,3
7,18309,17265,35574,1044,9,1,3
4,20199,20168,40367,31,9,1,3
22,5526,4784,10310,742,9,1,3
23,7505,7643,15148,-138,9,1,3
17,11822,11864,23686,-42,9,1,3
21,10774,11145,21919,-371,9,1,3
18,19859,21314,41173,-1455,9,1,3
0,21748,22507,44255,-759,9,1,3
14,12072,11462,23534,610,9,1,3
0,40534,39678,80212,856,9,1,3
2,10588,12225,22813,-1637,9,1,3
4,13288,13272,26560,16,9,1,3
0,27728,25170,52898,2558,9,1,3
0,24956,24754,49710,202,9,1,3
1,10825,11918,22743,-1093,9,1,3
9,4519,4613,9132,-94,9,1,3
14,21204,19469,40673,1735,9,1,3
23,10000,10121,20121,-121,9,1,3
18,16166,17764,33930,-1598,9,1,3
6,16408,14832,31240,1576,9,1,3
6,11925,11040,22965,885,9,1,3
14,10443,9704,20147,739,9,1,3
25,6149,5815,11964,334,9,1,3
21,20557,21004,41561,-447,9,1,3
9,12233,11061,23294,1172,9,1,3
6,11398,11426,22824,-28,9,1,3
8,8258,7966,16224,292,9,1,3
5,10785,10705,21490,80,9,1,3
2,5742,5613,11355,129,9,1,3
23,2,0,2,2,9,1,3
25,75,89,164,-14,9,1,3
12,7610,7543,15153,67,9,1,3
11,928,954,1882,-26,9,1,3
11,1899,1717,3616,182,9,1,3
3,27440,29038,56478,-1598,9,1,3
5,4020,3546,7566,474,9,1,3
15,1865,1807,3672,58,9,1,3
11,8105,7299,15404,806,9,1,3
6,12365,11919,24284,446,9,1,3
7,15340,17487,32827,-2147,9,1,3
4,18813,19122,37935,-309,9,1,3
6,23132,23466,46598,-334,9,1,3
5,3955,4124,8079,-169,9,1,3
4,4179,3886,8065,293,9,1,3
6,21664,24088,45752,-2424,9,1,3
16,7814,7381,15195,433,9,1,3
12,17180,17991,35171,-811,9,1,3
0,22981,23353,46334,-372,9,1,3
18,4911,4721,9632,190,9,1,3
15,1829,1837,3666,-8,9,1,3
10,3599,3423,7022,176,9,1,3
21,5817,6125,11942,-308,9,1,3
3,20585,22367,42952,-1782,9,1,3
15,2236,1765,4001,471,9,1,3
2,2,0,2,2,9,1,3
3,31903,32690,64593,-787,9,1,3
1,11017,12032,23049,-1015,9,1,3
4,5215,5242,10457,-27,9,1,3
13,8768,8412,17180,356,9,1,3
24,1113,967,2080,146,9,1,3
6,10166,9456,19622,710,9,1,3
5,6291,7023,13314,-732,9,1,3
18,14531,13808,28339,723,9,1,3
15,3821,3495,7316,326,9,1,3
13,1648,1184,2832,464,9,1,3
10,5591,5622,11213,-31,9,1,3
25,950,1032,1982,-82,9,1,3
15,7183,7039,14222,144,9,1,3
17,19144,19088,38232,56,9,1,3
11,14033,14139,28172,-106,9,1,3
11,4296,4251,8547,45,9,1,3
13,6396,5939,12335,457,9,1,3
6,19477,18237,37714,1240,9,1,3
4,6380,6234,12614,146,9,1,3
4,7813,7458,15271,355,9,1,3
4,4595,4571,9166,24,9,1,3
6,25965,27721,53686,-1756,9,1,3
2,2656,2726,5382,-70,9,1,3
5,9356,10964,20320,-1608,9,1,3
12,4457,4258,8715,199,9,1,3
21,11446,11666,23112,-220,9,1,3
3,15916,15172,31088,744,9,1,3
9,2802,2474,5276,328,9,1,3
1,14561,16955,31516,-2394,9,1,3
18,16328,17630,33958,-1302,9,1,3
1,33651,35837,69488,-2186,9,1,3
5,14124,14088,28212,36,9,1,3
4,8968,7853,16821,1115,9,1,3
13,9312,9151,18463,161,9,1,3
3,36467,36475,72942,-8,9,1,3
19,4510,4679,9189,-169,9,1,3
13,2003,2439,4442,-436,9,1,3
16,11277,11836,23113,-559,9,1,3
1,62238,66709,128947,-4471,9,1,3
2,19540,18457,37997,1083,9,1,3
22,3807,3570,7377,237,9,1,3
4,30921,28578,59499,2343,9,1,3
5,13985,10827,24812,3158,9,1,3
11,9484,9002,18486,482,9,1,3
13,3751,3489,7240,262,9,1,3
23,18257,18469,36726,-212,9,1,3
25,31177,30370,61547,807,9,1,3
12,14032,13972,28004,60,9,1,3
3,27034,28278,55312,-1244,9,1,3
13,3641,3776,7417,-135,9,1,3
5,8109,7775,15884,334,9,1,3
8,11397,11501,22898,-104,9,1,3
