날짜,노선,역,승차승객,하차승객,총 승객,승차-하차,월,일,요일
2022-08-01,중앙선,도심,2143,1636,3779,507,8,1,월
2022-08-01,경원선,도봉,5251,5113,10364,138,8,1,월
2022-08-01,경원선,도봉산,6175,3864,10039,2311,8,1,월
2022-08-01,경원선,망월사,6680,6759,13439,-79,8,1,월
2022-08-01,경원선,회룡,10851,10795,21646,56,8,1,월
2022-08-01,경원선,의정부,17937,18392,36329,-455,8,1,월
2022-08-01,경원선,가능,5985,5660,11645,325,8,1,월
2022-08-01,경원선,녹양,4026,3821,7847,205,8,1,월
2022-08-01,경원선,양주,6751,6383,13134,368,8,1,월
2022-08-01,경원선,덕계,2843,2454,5297,389,8,1,월
2022-08-01,경원선,덕정,4854,4524,9378,330,8,1,월
2022-08-01,경원선,지행,5906,5744,11650,162,8,1,월
2022-08-01,경원선,동두천중앙,3015,2824,5839,191,8,1,월
2022-08-01,경원선,보산,1489,1320,2809,169,8,1,월
2022-08-01,경원선,동두천,1806,1966,3772,-160,8,1,월
2022-08-01,경원선,소요산,2852,2199,5051,653,8,1,월
2022-08-01,경의선,서울역,4259,5509,9768,-1250,8,1,월
2022-08-01,경의선,신촌,803,1113,1916,-310,8,1,월
2022-08-01,경의선,효창공원앞,2830,3239,6069,-409,8,1,월
2022-08-01,경의선,공덕,3715,3158,6873,557,8,1,월
2022-08-01,경의선,서강대,1997,1952,3949,45,8,1,월
2022-08-01,경의선,홍대입구,1745,2273,4018,-528,8,1,월
2022-08-01,경의선,가좌,5118,4858,9976,260,8,1,월
2022-08-01,경의선,디지털미디어시티,2447,2132,4579,315,8,1,월
2022-08-01,경의선,수색,2502,2559,5061,-57,8,1,월
2022-08-01,경의선,화전,1413,1323,2736,90,8,1,월
2022-08-01,경의선,강매,2822,2470,5292,352,8,1,월
2022-08-01,경의선,행신,7807,7765,15572,42,8,1,월
2022-08-01,경의선,능곡,3443,3023,6466,420,8,1,월
2022-08-01,경의선,곡산,526,521,1047,5,8,1,월
2022-08-01,경의선,백마,6291,5949,12240,342,8,1,월
2022-08-01,경의선,풍산,5141,4644,9785,497,8,1,월
2022-08-01,경의선,일산,8200,7843,16043,357,8,1,월
2022-08-01,경의선,탄현,7300,6767,14067,533,8,1,월
2022-08-01,경의선,야당,7082,7037,14119,45,8,1,월
2022-08-01,경의선,운정,6313,5760,12073,553,8,1,월
2022-08-01,경의선,금릉,4549,4166,8715,383,8,1,월
2022-08-01,경의선,금촌,6271,6308,12579,-37,8,1,월
2022-08-01,경의선,월롱,2310,2292,4602,18,8,1,월
2022-08-01,경의선,파주,1012,755,1767,257,8,1,월
2022-08-01,경의선,문산,5127,4838,9965,289,8,1,월
2022-08-01,경의선,임진강,5,9,14,-4,8,1,월
2022-08-01,경인선,개봉,18951,18559,37510,392,8,1,월
2022-08-01,경인선,오류동,10768,10109,20877,659,8,1,월
2022-08-01,경인선,역곡,23923,23768,47691,155,8,1,월
2022-08-01,경인선,부천,29560,29762,59322,-202,8,1,월
2022-08-01,경인선,송내,24331,23726,48057,605,8,1,월
2022-08-01,경인선,부평,29206,30473,59679,-1267,8,1,월
2022-08-01,경인선,백운,6130,6016,12146,114,8,1,월
2022-08-01,경인선,동암,14182,14022,28204,160,8,1,월
2022-08-01,경인선,주안,16982,14977,31959,2005,8,1,월
2022-08-01,경인선,제물포,8941,8498,17439,443,8,1,월
2022-08-01,경인선,동인천,11839,11337,23176,502,8,1,월
2022-08-01,경인선,인천,3857,3062,6919,795,8,1,월
2022-08-01,경인선,구일,5464,5285,10749,179,8,1,월
2022-08-01,경인선,소사,7229,7222,14451,7,8,1,월
2022-08-01,경인선,부개,7759,7072,14831,687,8,1,월
2022-08-01,경인선,간석,5375,4973,10348,402,8,1,월
2022-08-01,경인선,도원,2429,2473,4902,-44,8,1,월
2022-08-01,경인선,온수(성공회대입구),5778,5690,11468,88,8,1,월
2022-08-01,경인선,중동,8445,7866,16311,579,8,1,월
2022-08-01,경인선,도화,3590,3397,6987,193,8,1,월
2022-08-01,경춘선,신내,1965,1826,3791,139,8,1,월
2022-08-01,경춘선,갈매,2660,2320,4980,340,8,1,월
2022-08-01,경춘선,별내,2856,2673,5529,183,8,1,월
2022-08-01,경춘선,퇴계원,3217,2854,6071,363,8,1,월
2022-08-01,경춘선,사릉,2034,1997,4031,37,8,1,월
2022-08-01,경춘선,금곡,1301,1245,2546,56,8,1,월
2022-08-01,경춘선,평내호평,5685,5502,11187,183,8,1,월
2022-08-01,경춘선,천마산,1476,1328,2804,148,8,1,월
2022-08-01,경춘선,마석,3579,3451,7030,128,8,1,월
2022-08-01,경춘선,대성리,728,857,1585,-129,8,1,월
2022-08-01,경춘선,청평,1950,1852,3802,98,8,1,월
2022-08-01,경춘선,상천,219,208,427,11,8,1,월
2022-08-01,경춘선,가평,2406,2875,5281,-469,8,1,월
2022-08-01,경춘선,굴봉산,173,152,325,21,8,1,월
2022-08-01,경춘선,백양리,105,95,200,10,8,1,월
2022-08-01,경춘선,강촌,585,511,1096,74,8,1,월
2022-08-01,경춘선,김유정,300,288,588,12,8,1,월
2022-08-01,경춘선,남춘천,2377,2467,4844,-90,8,1,월
2022-08-01,경춘선,춘천,1545,1319,2864,226,8,1,월
2022-08-01,공항철도 1호선,서울역,9507,8682,18189,825,8,1,월
2022-08-01,공항철도 1호선,공덕,2311,3056,5367,-745,8,1,월
2022-08-01,공항철도 1호선,홍대입구,11054,11420,22474,-366,8,1,월
2022-08-01,공항철도 1호선,디지털미디어시티,13596,12454,26050,1142,8,1,월
2022-08-01,공항철도 1호선,마곡나루(서울식물원),7999,7936,15935,63,8,1,월
2022-08-01,공항철도 1호선,김포공항,11563,6493,18056,5070,8,1,월
2022-08-01,공항철도 1호선,계양,10256,9578,19834,678,8,1,월
2022-08-01,공항철도 1호선,검암,6312,6312,12624,0,8,1,월
2022-08-01,공항철도 1호선,청라국제도시,6758,6305,13063,453,8,1,월
2022-08-01,공항철도 1호선,운서,7473,7557,15030,-84,8,1,월
2022-08-01,공항철도 1호선,공항화물청사,2252,2405,4657,-153,8,1,월
2022-08-01,공항철도 1호선,인천공항1터미널,8357,8100,16457,257,8,1,월
2022-08-01,공항철도 1호선,인천공항2터미널,4157,3545,7702,612,8,1,월
2022-08-01,공항철도 1호선,영종,3456,3472,6928,-16,8,1,월
2022-08-01,과천선,선바위,7092,6211,13303,881,8,1,월
2022-08-01,과천선,경마공원,789,831,1620,-42,8,1,월
2022-08-01,과천선,대공원,2158,2220,4378,-62,8,1,월
2022-08-01,과천선,과천,5975,5534,11509,441,8,1,월
2022-08-01,과천선,정부과천청사,10240,10329,20569,-89,8,1,월
2022-08-01,과천선,인덕원,21205,22049,43254,-844,8,1,월
2022-08-01,과천선,평촌,15607,15557,31164,50,8,1,월
2022-08-01,과천선,범계,23705,23730,47435,-25,8,1,월
2022-08-01,분당선,선릉,13065,20185,33250,-7120,8,1,월
2022-08-01,분당선,한티,14624,15267,29891,-643,8,1,월
2022-08-01,분당선,도곡,6397,6444,12841,-47,8,1,월
2022-08-01,분당선,구룡,1607,1550,3157,57,8,1,월
2022-08-01,분당선,개포동,3556,3687,7243,-131,8,1,월
2022-08-01,분당선,대모산입구,4300,3983,8283,317,8,1,월
2022-08-01,분당선,수서,12963,13108,26071,-145,8,1,월
2022-08-01,분당선,수원,7706,6513,14219,1193,8,1,월
2022-08-01,분당선,서울숲,10482,10523,21005,-41,8,1,월
2022-08-01,분당선,압구정로데오,17052,18799,35851,-1747,8,1,월
2022-08-01,분당선,강남구청,8965,10388,19353,-1423,8,1,월
2022-08-01,분당선,선정릉,7740,8207,15947,-467,8,1,월
2022-08-01,분당선,가천대,6324,7175,13499,-851,8,1,월
2022-08-01,분당선,태평,12846,12213,25059,633,8,1,월
2022-08-01,분당선,모란,17671,18103,35774,-432,8,1,월
2022-08-01,분당선,야탑,23891,24934,48825,-1043,8,1,월
2022-08-01,분당선,서현,24002,24164,48166,-162,8,1,월
2022-08-01,분당선,수내,12962,12730,25692,232,8,1,월
2022-08-01,분당선,정자,16819,17642,34461,-823,8,1,월
2022-08-01,분당선,미금,14428,15362,29790,-934,8,1,월
2022-08-01,분당선,오리,10876,8970,19846,1906,8,1,월
2022-08-01,분당선,이매,4940,4753,9693,187,8,1,월
2022-08-01,분당선,보정,2200,1943,4143,257,8,1,월
2022-08-01,분당선,죽전,11403,12719,24122,-1316,8,1,월
2022-08-01,분당선,구성,4591,4775,9366,-184,8,1,월
2022-08-01,분당선,신갈,4323,4316,8639,7,8,1,월
2022-08-01,분당선,기흥,9391,8773,18164,618,8,1,월
2022-08-01,분당선,상갈,4648,4600,9248,48,8,1,월
2022-08-01,분당선,청명,3803,3593,7396,210,8,1,월
2022-08-01,분당선,영통,7603,7599,15202,4,8,1,월
2022-08-01,분당선,망포,12872,12558,25430,314,8,1,월
2022-08-01,분당선,매탄권선,4366,4263,8629,103,8,1,월
2022-08-01,분당선,수원시청,11383,12014,23397,-631,8,1,월
2022-08-01,분당선,매교,2584,2555,5139,29,8,1,월
2022-08-01,수인선,고색,4082,3775,7857,307,8,1,월
2022-08-01,수인선,오목천,2593,2372,4965,221,8,1,월
2022-08-01,수인선,어천,708,728,1436,-20,8,1,월
2022-08-01,수인선,야목,355,250,605,105,8,1,월
2022-08-01,수인선,사리,3920,3432,7352,488,8,1,월
2022-08-01,수인선,달월,114,76,190,38,8,1,월
2022-08-01,수인선,월곶,2268,2102,4370,166,8,1,월
2022-08-01,수인선,소래포구,4305,4148,8453,157,8,1,월
2022-08-01,수인선,인천논현,4635,4824,9459,-189,8,1,월
2022-08-01,수인선,호구포,3160,3242,6402,-82,8,1,월
2022-08-01,수인선,남동인더스파크,1559,1667,3226,-108,8,1,월
2022-08-01,수인선,원인재,3659,3794,7453,-135,8,1,월
2022-08-01,수인선,연수,3741,3701,7442,40,8,1,월
2022-08-01,수인선,송도,1931,1820,3751,111,8,1,월
2022-08-01,수인선,인하대,4511,4296,8807,215,8,1,월
2022-08-01,수인선,숭의,3375,3049,6424,326,8,1,월
2022-08-01,수인선,신포,1421,1437,2858,-16,8,1,월
2022-08-01,수인선,인천,1101,1732,2833,-631,8,1,월
2022-08-01,신림선,샛강,1950,2425,4375,-475,8,1,월
2022-08-01,신림선,대방,1867,1494,3361,373,8,1,월
2022-08-01,신림선,서울지방병무청,2039,2295,4334,-256,8,1,월
2022-08-01,신림선,보라매,2479,2371,4850,108,8,1,월
2022-08-01,신림선,보라매공원,1703,1856,3559,-153,8,1,월
2022-08-01,신림선,보라매병원,5737,6174,11911,-437,8,1,월
2022-08-01,신림선,당곡,3565,3360,6925,205,8,1,월
2022-08-01,신림선,신림,1543,2224,3767,-681,8,1,월
2022-08-01,신림선,서원,2707,2461,5168,246,8,1,월
2022-08-01,신림선,서울대벤처타운,5982,5944,11926,38,8,1,월
2022-08-01,신림선,관악산(서울대),2330,2389,4719,-59,8,1,월
2022-08-01,안산선,산본,14115,15208,29323,-1093,8,1,월
2022-08-01,안산선,대야미,4420,3966,8386,454,8,1,월
2022-08-01,안산선,반월,3677,3614,7291,63,8,1,월
2022-08-01,안산선,상록수,13553,13528,27081,25,8,1,월
2022-08-01,안산선,한대앞,7554,7577,15131,-23,8,1,월
2022-08-01,안산선,중앙,16129,16348,32477,-219,8,1,월
2022-08-01,안산선,고잔,7842,7376,15218,466,8,1,월
2022-08-01,안산선,초지,3985,3877,7862,108,8,1,월
2022-08-01,안산선,안산,12858,12213,25071,645,8,1,월
2022-08-01,안산선,신길온천,1572,1422,2994,150,8,1,월
2022-08-01,안산선,정왕,7056,7476,14532,-420,8,1,월
2022-08-01,안산선,오이도,7565,7499,15064,66,8,1,월
2022-08-01,안산선,수리산,3607,3073,6680,534,8,1,월
2022-08-01,우이신설선,북한산우이,2523,2357,4880,166,8,1,월
2022-08-01,우이신설선,솔밭공원,2244,2068,4312,176,8,1,월
2022-08-01,우이신설선,4.19민주묘지,2399,2293,4692,106,8,1,월
2022-08-01,우이신설선,가오리,3866,3864,7730,2,8,1,월
2022-08-01,우이신설선,화계,3064,2828,5892,236,8,1,월
2022-08-01,우이신설선,삼양,1867,1991,3858,-124,8,1,월
2022-08-01,우이신설선,삼양사거리,2282,2279,4561,3,8,1,월
2022-08-01,우이신설선,솔샘,5215,4907,10122,308,8,1,월
2022-08-01,우이신설선,북한산보국문,5187,4946,10133,241,8,1,월
2022-08-01,우이신설선,정릉,3990,3704,7694,286,8,1,월
2022-08-01,우이신설선,성신여대입구(돈암),2997,3327,6324,-330,8,1,월
2022-08-01,우이신설선,보문,1328,1425,2753,-97,8,1,월
2022-08-01,우이신설선,신설동,1847,1652,3499,195,8,1,월
2022-08-01,일산선,원흥,10175,9771,19946,404,8,1,월
2022-08-01,일산선,삼송,18055,17550,35605,505,8,1,월
2022-08-01,일산선,원당,9779,9137,18916,642,8,1,월
2022-08-01,일산선,화정,15046,15397,30443,-351,8,1,월
2022-08-01,일산선,대곡,1899,1568,3467,331,8,1,월
2022-08-01,일산선,백석,9028,8916,17944,112,8,1,월
2022-08-01,일산선,마두,7336,7288,14624,48,8,1,월
2022-08-01,일산선,정발산,6469,6565,13034,-96,8,1,월
2022-08-01,일산선,주엽,8882,8808,17690,74,8,1,월
2022-08-01,일산선,대화,13086,9441,22527,3645,8,1,월
2022-08-01,장항선,봉명,1161,1152,2313,9,8,1,월
2022-08-01,장항선,쌍용(나사렛대),1823,1674,3497,149,8,1,월
2022-08-01,장항선,아산,3359,2828,6187,531,8,1,월
2022-08-01,장항선,탕정,757,714,1471,43,8,1,월
2022-08-01,장항선,배방,978,954,1932,24,8,1,월
2022-08-01,장항선,온양온천,3760,3680,7440,80,8,1,월
2022-08-01,장항선,신창(순천향대),1147,1223,2370,-76,8,1,월
2022-08-01,중앙선,회기,22037,21658,43695,379,8,1,월
2022-08-01,중앙선,중랑,5378,5131,10509,247,8,1,월
2022-08-01,중앙선,상봉(시외버스터미널),5115,5089,10204,26,8,1,월
2022-08-01,중앙선,망우,7079,6817,13896,262,8,1,월
2022-08-01,중앙선,덕소,5083,4872,9955,211,8,1,월
2022-08-01,중앙선,양정,586,471,1057,115,8,1,월
2022-08-01,중앙선,도농,9740,8918,18658,822,8,1,월
2022-08-01,중앙선,구리,12149,12195,24344,-46,8,1,월
2022-08-01,중앙선,양원,2712,2566,5278,146,8,1,월
2022-08-01,1호선,서울역,47711,45432,93143,2279,8,1,월
2022-08-01,1호선,시청,21830,22357,44187,-527,8,1,월
2022-08-01,1호선,종각,35945,35727,71672,218,8,1,월
2022-08-01,1호선,종로3가,19983,18539,38522,1444,8,1,월
2022-08-01,1호선,종로5가,18002,18063,36065,-61,8,1,월
2022-08-01,1호선,동대문,11640,10931,22571,709,8,1,월
2022-08-01,1호선,신설동,11936,11565,23501,371,8,1,월
2022-08-01,1호선,제기동,15315,15439,30754,-124,8,1,월
2022-08-01,1호선,청량리(서울시립대입구),17892,17792,35684,100,8,1,월
2022-08-01,1호선,동묘앞,6776,7056,13832,-280,8,1,월
2022-08-01,2호선,시청,22463,22682,45145,-219,8,1,월
2022-08-01,2호선,을지로입구,41207,42900,84107,-1693,8,1,월
2022-08-01,2호선,을지로3가,22736,22902,45638,-166,8,1,월
2022-08-01,2호선,을지로4가,10591,11014,21605,-423,8,1,월
2022-08-01,2호선,동대문역사문화공원(DDP),12047,13954,26001,-1907,8,1,월
2022-08-01,2호선,신당,12661,12975,25636,-314,8,1,월
2022-08-01,2호선,상왕십리,13293,12857,26150,436,8,1,월
2022-08-01,2호선,왕십리(성동구청),14906,12374,27280,2532,8,1,월
2022-08-01,2호선,한양대,6648,7182,13830,-534,8,1,월
2022-08-01,2호선,뚝섬,20672,22369,43041,-1697,8,1,월
2022-08-01,2호선,성수,35000,37894,72894,-2894,8,1,월
2022-08-01,2호선,건대입구,32258,34834,67092,-2576,8,1,월
2022-08-01,2호선,구의(광진구청),21990,21606,43596,384,8,1,월
2022-08-01,2호선,강변(동서울터미널),33073,30304,63377,2769,8,1,월
2022-08-01,2호선,잠실나루,13740,13333,27073,407,8,1,월
2022-08-01,2호선,잠실(송파구청),77926,76365,154291,1561,8,1,월
2022-08-01,2호선,잠실새내,19860,19980,39840,-120,8,1,월
2022-08-01,2호선,종합운동장,5784,6400,12184,-616,8,1,월
2022-08-01,2호선,삼성(무역센터),52933,53808,106741,-875,8,1,월
2022-08-01,7호선,중곡,9876,9376,19252,500,8,1,월
2022-08-01,2호선,선릉,55727,48855,104582,6872,8,1,월
2022-08-01,2호선,역삼,52121,58989,111110,-6868,8,1,월
2022-08-01,2호선,강남,81367,78225,159592,3142,8,1,월
2022-08-01,2호선,교대(법원.검찰청),30088,33743,63831,-3655,8,1,월
2022-08-01,2호선,서초,19602,19045,38647,557,8,1,월
2022-08-01,2호선,방배,14437,14825,29262,-388,8,1,월
2022-08-01,2호선,사당,33666,37104,70770,-3438,8,1,월
2022-08-01,2호선,낙성대(강감찬),25600,25220,50820,380,8,1,월
2022-08-01,2호선,서울대입구(관악구청),43231,42872,86103,359,8,1,월
2022-08-01,2호선,봉천,22330,21083,43413,1247,8,1,월
2022-08-01,2호선,신림,54360,52200,106560,2160,8,1,월
2022-08-01,2호선,신대방,23783,22973,46756,810,8,1,월
2022-08-01,2호선,구로디지털단지,55050,55418,110468,-368,8,1,월
2022-08-01,2호선,대림(구로구청),22426,23055,45481,-629,8,1,월
2022-08-01,2호선,신도림,43514,42810,86324,704,8,1,월
2022-08-01,2호선,문래,20296,20786,41082,-490,8,1,월
2022-08-01,2호선,영등포구청,20420,21669,42089,-1249,8,1,월
2022-08-01,2호선,당산,16146,19100,35246,-2954,8,1,월
2022-08-01,2호선,합정,28835,30666,59501,-1831,8,1,월
2022-08-01,2호선,홍대입구,58861,61514,120375,-2653,8,1,월
2022-08-01,2호선,신촌,32697,33480,66177,-783,8,1,월
2022-08-01,2호선,이대,12215,13112,25327,-897,8,1,월
2022-08-01,2호선,아현,9395,9073,18468,322,8,1,월
2022-08-01,2호선,충정로(경기대입구),9193,10368,19561,-1175,8,1,월
2022-08-01,2호선,용답,2557,2510,5067,47,8,1,월
2022-08-01,2호선,신답,1618,1759,3377,-141,8,1,월
2022-08-01,2호선,신설동,2988,2915,5903,73,8,1,월
2022-08-01,2호선,도림천,1239,1264,2503,-25,8,1,월
2022-08-01,2호선,양천구청,6193,6386,12579,-193,8,1,월
2022-08-01,2호선,신정네거리,9481,9752,19233,-271,8,1,월
2022-08-01,2호선,용두(동대문구청),2275,2276,4551,-1,8,1,월
2022-08-01,3호선,지축,4631,4455,9086,176,8,1,월
2022-08-01,3호선,구파발,19112,18705,37817,407,8,1,월
2022-08-01,3호선,연신내,32569,31103,63672,1466,8,1,월
2022-08-01,3호선,불광,14538,15676,30214,-1138,8,1,월
2022-08-01,3호선,녹번,13869,12472,26341,1397,8,1,월
2022-08-01,3호선,홍제,15604,14718,30322,886,8,1,월
2022-08-01,3호선,무악재,3580,3506,7086,74,8,1,월
2022-08-01,3호선,독립문,6000,5864,11864,136,8,1,월
2022-08-01,3호선,경복궁(정부서울청사),20114,21554,41668,-1440,8,1,월
2022-08-01,3호선,안국,20314,20441,40755,-127,8,1,월
2022-08-01,3호선,종로3가,5299,6779,12078,-1480,8,1,월
2022-08-01,3호선,을지로3가,9666,9645,19311,21,8,1,월
2022-08-01,3호선,충무로,2,0,2,2,8,1,월
2022-08-01,3호선,동대입구,6927,7459,14386,-532,8,1,월
2022-08-01,3호선,약수,11993,11453,23446,540,8,1,월
2022-08-01,3호선,금호,7316,6589,13905,727,8,1,월
2022-08-01,3호선,옥수,7829,8195,16024,-366,8,1,월
2022-08-01,3호선,압구정,27888,29979,57867,-2091,8,1,월
2022-08-01,3호선,신사,27151,28385,55536,-1234,8,1,월
2022-08-01,3호선,잠원,4433,4286,8719,147,8,1,월
2022-08-01,3호선,고속터미널,42513,39733,82246,2780,8,1,월
2022-08-01,3호선,교대(법원.검찰청),12470,8239,20709,4231,8,1,월
2022-08-01,3호선,남부터미널(예술의전당),27586,27845,55431,-259,8,1,월
2022-08-01,3호선,양재(서초구청),33386,37028,70414,-3642,8,1,월
2022-08-01,3호선,매봉,11502,11039,22541,463,8,1,월
2022-08-01,3호선,도곡,4777,4745,9522,32,8,1,월
2022-08-01,3호선,대치,11080,10878,21958,202,8,1,월
2022-08-01,3호선,학여울,1604,1650,3254,-46,8,1,월
2022-08-01,3호선,대청,9164,8774,17938,390,8,1,월
2022-08-01,3호선,일원,9907,9671,19578,236,8,1,월
2022-08-01,3호선,수서,15879,16263,32142,-384,8,1,월
2022-08-01,3호선,가락시장,8360,8079,16439,281,8,1,월
2022-08-01,3호선,경찰병원,7001,6934,13935,67,8,1,월
2022-08-01,3호선,오금,6264,5263,11527,1001,8,1,월
2022-08-01,4호선,당고개,7867,7046,14913,821,8,1,월
2022-08-01,4호선,상계,16753,15605,32358,1148,8,1,월
2022-08-01,4호선,노원,16918,19179,36097,-2261,8,1,월
2022-08-01,4호선,창동,22007,23522,45529,-1515,8,1,월
2022-08-01,4호선,쌍문,25585,23603,49188,1982,8,1,월
2022-08-01,4호선,수유(강북구청),30240,30298,60538,-58,8,1,월
2022-08-01,4호선,미아(서울사이버대학),12808,12454,25262,354,8,1,월
2022-08-01,4호선,미아사거리,24107,23646,47753,461,8,1,월
2022-08-01,4호선,길음,18170,17598,35768,572,8,1,월
2022-08-01,4호선,성신여대입구(돈암),17678,17363,35041,315,8,1,월
2022-08-01,4호선,한성대입구(삼선교),11530,11058,22588,472,8,1,월
2022-08-01,4호선,혜화,26440,26475,52915,-35,8,1,월
2022-08-01,4호선,동대문,11526,11986,23512,-460,8,1,월
2022-08-01,4호선,동대문역사문화공원(DDP),15044,13347,28391,1697,8,1,월
2022-08-01,4호선,충무로,21263,22503,43766,-1240,8,1,월
2022-08-01,4호선,명동,20915,21649,42564,-734,8,1,월
2022-08-01,4호선,회현(남대문시장),23379,24158,47537,-779,8,1,월
2022-08-01,4호선,서울역,10882,18017,28899,-7135,8,1,월
2022-08-01,4호선,숙대입구(갈월),11682,11381,23063,301,8,1,월
2022-08-01,4호선,삼각지,4660,5225,9885,-565,8,1,월
2022-08-01,4호선,신용산,17203,18049,35252,-846,8,1,월
2022-08-01,4호선,이촌(국립중앙박물관),9508,10324,19832,-816,8,1,월
2022-08-01,4호선,동작(현충원),1197,1274,2471,-77,8,1,월
2022-08-01,4호선,총신대입구(이수),16929,18192,35121,-1263,8,1,월
2022-08-01,4호선,사당,23135,18753,41888,4382,8,1,월
2022-08-01,4호선,남태령,1129,931,2060,198,8,1,월
2022-08-01,5호선,방화,6182,5787,11969,395,8,1,월
2022-08-01,5호선,개화산,5242,4849,10091,393,8,1,월
2022-08-01,5호선,김포공항,8312,7551,15863,761,8,1,월
2022-08-01,5호선,송정,6128,5605,11733,523,8,1,월
2022-08-01,5호선,마곡,9792,9330,19122,462,8,1,월
2022-08-01,5호선,발산,19202,18329,37531,873,8,1,월
2022-08-01,5호선,우장산,12913,13665,26578,-752,8,1,월
2022-08-01,5호선,화곡,26069,24773,50842,1296,8,1,월
2022-08-01,5호선,까치산,26687,25894,52581,793,8,1,월
2022-08-01,5호선,신정(은행정),12437,10546,22983,1891,8,1,월
2022-08-01,5호선,목동,14878,16008,30886,-1130,8,1,월
2022-08-01,5호선,오목교(목동운동장앞),20308,21242,41550,-934,8,1,월
2022-08-01,5호선,양평,7008,6807,13815,201,8,1,월
2022-08-01,5호선,영등포구청,3600,3845,7445,-245,8,1,월
2022-08-01,5호선,영등포시장,9361,9627,18988,-266,8,1,월
2022-08-01,5호선,신길,4298,4351,8649,-53,8,1,월
2022-08-01,5호선,여의도,29446,28260,57706,1186,8,1,월
2022-08-01,5호선,여의나루,12553,13707,26260,-1154,8,1,월
2022-08-01,5호선,마포,13365,13380,26745,-15,8,1,월
2022-08-01,5호선,공덕,12962,14898,27860,-1936,8,1,월
2022-08-01,5호선,애오개,6103,6408,12511,-305,8,1,월
2022-08-01,5호선,충정로(경기대입구),4379,4801,9180,-422,8,1,월
2022-08-01,5호선,서대문,17772,16877,34649,895,8,1,월
2022-08-01,5호선,광화문(세종문화회관),29910,27549,57459,2361,8,1,월
2022-08-01,5호선,종로3가,11274,10706,21980,568,8,1,월
2022-08-01,5호선,을지로4가,4526,4429,8955,97,8,1,월
2022-08-01,5호선,동대문역사문화공원(DDP),2916,3382,6298,-466,8,1,월
2022-08-01,5호선,신금호,5542,6080,11622,-538,8,1,월
2022-08-01,5호선,행당,7503,6659,14162,844,8,1,월
2022-08-01,5호선,왕십리(성동구청),4017,4678,8695,-661,8,1,월
2022-08-01,5호선,마장,5163,4978,10141,185,8,1,월
2022-08-01,5호선,답십리,14392,14359,28751,33,8,1,월
2022-08-01,5호선,장한평,16399,16424,32823,-25,8,1,월
2022-08-01,5호선,군자(능동),10048,11489,21537,-1441,8,1,월
2022-08-01,5호선,아차산(어린이대공원후문),11931,12329,24260,-398,8,1,월
2022-08-01,5호선,광나루(장신대),11560,10803,22363,757,8,1,월
2022-08-01,5호선,천호(풍납토성),16583,16334,32917,249,8,1,월
2022-08-01,5호선,강동,17248,16878,34126,370,8,1,월
2022-08-01,5호선,길동,7138,8816,15954,-1678,8,1,월
2022-08-01,5호선,굽은다리(강동구민회관앞),8291,9148,17439,-857,8,1,월
2022-08-01,5호선,명일,7217,8665,15882,-1448,8,1,월
2022-08-01,5호선,고덕,8648,9874,18522,-1226,8,1,월
2022-08-01,5호선,상일동,13582,13252,26834,330,8,1,월
2022-08-01,5호선,둔촌동,7172,7409,14581,-237,8,1,월
2022-08-01,5호선,올림픽공원(한국체대),3673,3369,7042,304,8,1,월
2022-08-01,5호선,방이,6147,6665,12812,-518,8,1,월
2022-08-01,5호선,오금,3312,3571,6883,-259,8,1,월
2022-08-01,5호선,개롱,5604,6469,12073,-865,8,1,월
2022-08-01,5호선,거여,8434,8944,17378,-510,8,1,월
2022-08-01,5호선,마천,6349,6085,12434,264,8,1,월
2022-08-01,5호선,강일,3811,4293,8104,-482,8,1,월
2022-08-01,5호선,미사,14853,15489,30342,-636,8,1,월
2022-08-01,5호선,하남풍산,3737,3735,7472,2,8,1,월
2022-08-01,5호선,하남시청(덕풍·신장),5985,6076,12061,-91,8,1,월
2022-08-01,5호선,하남검단산,5381,5088,10469,293,8,1,월
2022-08-01,6호선,응암,15930,15820,31750,110,8,1,월
2022-08-01,6호선,역촌,3604,4047,7651,-443,8,1,월
2022-08-01,6호선,불광,4262,4048,8310,214,8,1,월
2022-08-01,6호선,독바위,2514,2577,5091,-63,8,1,월
2022-08-01,6호선,구산,7059,5542,12601,1517,8,1,월
2022-08-01,6호선,새절(신사),11484,10630,22114,854,8,1,월
2022-08-01,6호선,증산(명지대앞),9022,8914,17936,108,8,1,월
2022-08-01,6호선,디지털미디어시티,13307,14975,28282,-1668,8,1,월
2022-08-01,6호선,월드컵경기장(성산),4171,4457,8628,-286,8,1,월
2022-08-01,6호선,마포구청,13226,11860,25086,1366,8,1,월
2022-08-01,6호선,망원,12663,13690,26353,-1027,8,1,월
2022-08-01,6호선,합정,12254,11971,24225,283,8,1,월
2022-08-01,6호선,상수,8289,9208,17497,-919,8,1,월
2022-08-01,6호선,광흥창(서강),8373,8025,16398,348,8,1,월
2022-08-01,6호선,대흥(서강대앞),7440,7763,15203,-323,8,1,월
2022-08-01,6호선,공덕,17205,17867,35072,-662,8,1,월
2022-08-01,6호선,효창공원앞,6502,5700,12202,802,8,1,월
2022-08-01,6호선,삼각지,6611,5847,12458,764,8,1,월
2022-08-01,6호선,녹사평(용산구청),4395,4326,8721,69,8,1,월
2022-08-01,6호선,이태원,9970,10244,20214,-274,8,1,월
2022-08-01,6호선,한강진,6603,7551,14154,-948,8,1,월
2022-08-01,6호선,버티고개,1911,1962,3873,-51,8,1,월
2022-08-01,6호선,약수,3373,3431,6804,-58,8,1,월
2022-08-01,6호선,청구,3340,3392,6732,-52,8,1,월
2022-08-01,6호선,신당,7189,7489,14678,-300,8,1,월
2022-08-01,6호선,동묘앞,7563,7578,15141,-15,8,1,월
2022-08-01,6호선,창신,3138,2500,5638,638,8,1,월
2022-08-01,6호선,보문,6758,6121,12879,637,8,1,월
2022-08-01,6호선,안암(고대병원앞),9761,9758,19519,3,8,1,월
2022-08-01,6호선,고려대(종암),7291,6985,14276,306,8,1,월
2022-08-01,6호선,월곡(동덕여대),10569,10432,21001,137,8,1,월
2022-08-01,6호선,상월곡(한국과학기술연구원),5500,4934,10434,566,8,1,월
2022-08-01,6호선,돌곶이,8404,7800,16204,604,8,1,월
2022-08-01,6호선,석계,11038,11536,22574,-498,8,1,월
2022-08-01,6호선,태릉입구,4981,5310,10291,-329,8,1,월
2022-08-01,6호선,화랑대(서울여대입구),10200,7897,18097,2303,8,1,월
2022-08-01,6호선,봉화산(서울의료원),8254,7697,15951,557,8,1,월
2022-08-01,7호선,장암,2143,830,2973,1313,8,1,월
2022-08-01,7호선,도봉산,8161,9107,17268,-946,8,1,월
2022-08-01,7호선,수락산,11388,11203,22591,185,8,1,월
2022-08-01,7호선,마들,12066,11283,23349,783,8,1,월
2022-08-01,7호선,노원,19454,20280,39734,-826,8,1,월
2022-08-01,7호선,중계,12817,11596,24413,1221,8,1,월
2022-08-01,7호선,하계,16348,15394,31742,954,8,1,월
2022-08-01,7호선,공릉(서울과학기술대),10350,10298,20648,52,8,1,월
2022-08-01,7호선,태릉입구,7610,7127,14737,483,8,1,월
2022-08-01,7호선,먹골,9478,9477,18955,1,8,1,월
2022-08-01,7호선,중화,9726,9464,19190,262,8,1,월
2022-08-01,7호선,상봉(시외버스터미널),15304,14614,29918,690,8,1,월
2022-08-01,7호선,면목,13813,13408,27221,405,8,1,월
2022-08-01,7호선,사가정,14667,14304,28971,363,8,1,월
2022-08-01,7호선,용마산(용마폭포공원),5462,5173,10635,289,8,1,월
2022-08-01,7호선,군자(능동),14671,11101,25772,3570,8,1,월
2022-08-01,7호선,어린이대공원(세종대),11682,11425,23107,257,8,1,월
2022-08-01,7호선,건대입구,11784,12161,23945,-377,8,1,월
2022-08-01,7호선,뚝섬유원지,8166,7574,15740,592,8,1,월
2022-08-01,7호선,청담,18462,20227,38689,-1765,8,1,월
2022-08-01,7호선,강남구청,15490,16815,32305,-1325,8,1,월
2022-08-01,7호선,학동,22702,23581,46283,-879,8,1,월
2022-08-01,7호선,논현,17786,18525,36311,-739,8,1,월
2022-08-01,7호선,반포,5625,5458,11083,167,8,1,월
2022-08-01,7호선,고속터미널,17257,13104,30361,4153,8,1,월
2022-08-01,7호선,내방,13518,13709,27227,-191,8,1,월
2022-08-01,7호선,이수,14466,14308,28774,158,8,1,월
2022-08-01,7호선,남성,10379,9517,19896,862,8,1,월
2022-08-01,7호선,숭실대입구(살피재),10470,10797,21267,-327,8,1,월
2022-08-01,7호선,상도,9885,9597,19482,288,8,1,월
2022-08-01,7호선,장승배기,8558,8340,16898,218,8,1,월
2022-08-01,7호선,신대방삼거리,14026,13370,27396,656,8,1,월
2022-08-01,7호선,보라매,7031,7015,14046,16,8,1,월
2022-08-01,7호선,신풍,10554,9935,20489,619,8,1,월
2022-08-01,7호선,대림(구로구청),8727,8506,17233,221,8,1,월
2022-08-01,7호선,남구로,15037,15275,30312,-238,8,1,월
2022-08-01,7호선,가산디지털단지,41483,41587,83070,-104,8,1,월
2022-08-01,7호선,철산,18729,19029,37758,-300,8,1,월
2022-08-01,7호선,광명사거리,19305,19104,38409,201,8,1,월
2022-08-01,7호선,천왕,10121,9684,19805,437,8,1,월
2022-08-01,7호선,온수(성공회대입구),8562,7897,16459,665,8,1,월
2022-08-01,8호선,암사,18364,15556,33920,2808,8,1,월
2022-08-01,8호선,천호(풍납토성),14703,15902,30605,-1199,8,1,월
2022-08-01,8호선,강동구청,9693,9789,19482,-96,8,1,월
2022-08-01,8호선,몽촌토성(평화의문),5590,5541,11131,49,8,1,월
2022-08-01,8호선,잠실(송파구청),15386,17806,33192,-2420,8,1,월
2022-08-01,8호선,석촌,7193,8054,15247,-861,8,1,월
2022-08-01,8호선,송파,8116,7930,16046,186,8,1,월
2022-08-01,8호선,가락시장,6881,7590,14471,-709,8,1,월
2022-08-01,8호선,문정,20598,22055,42653,-1457,8,1,월
2022-08-01,8호선,장지,16153,15735,31888,418,8,1,월
2022-08-01,8호선,복정,8123,6943,15066,1180,8,1,월
2022-08-01,8호선,산성,4638,4668,9306,-30,8,1,월
2022-08-01,8호선,남한산성입구(성남법원.검찰청),11992,10956,22948,1036,8,1,월
2022-08-01,8호선,단대오거리,9461,9410,18871,51,8,1,월
2022-08-01,8호선,신흥,4214,4511,8725,-297,8,1,월
2022-08-01,8호선,수진,5045,4547,9592,498,8,1,월
2022-08-01,8호선,모란,4104,3211,7315,893,8,1,월
2022-08-01,8호선,남위례,4854,5004,9858,-150,8,1,월
2022-08-01,9호선,개화,2549,1797,4346,752,8,1,월
2022-08-01,9호선,김포공항,7863,10971,18834,-3108,8,1,월
2022-08-01,9호선,공항시장,2881,3128,6009,-247,8,1,월
2022-08-01,9호선,신방화,6230,6042,12272,188,8,1,월
2022-08-01,9호선,마곡나루(서울식물원),11452,11477,22929,-25,8,1,월
2022-08-01,9호선,양천향교,9056,9378,18434,-322,8,1,월
2022-08-01,9호선,가양,19751,19383,39134,368,8,1,월
2022-08-01,9호선,증미,7284,7128,14412,156,8,1,월
2022-08-01,9호선,등촌,11159,10877,22036,282,8,1,월
2022-08-01,9호선,염창,16308,15772,32080,536,8,1,월
2022-08-01,9호선,신목동,3894,3410,7304,484,8,1,월
2022-08-01,9호선,선유도,8528,8226,16754,302,8,1,월
2022-08-01,9호선,당산,17552,17961,35513,-409,8,1,월
2022-08-01,9호선,국회의사당,16238,16773,33011,-535,8,1,월
2022-08-01,9호선,여의도,29302,28712,58014,590,8,1,월
2022-08-01,9호선,샛강,5932,6051,11983,-119,8,1,월
2022-08-01,9호선,노량진,23758,23511,47269,247,8,1,월
2022-08-01,9호선,노들,4361,3602,7963,759,8,1,월
2022-08-01,9호선,흑석(중앙대입구),7336,7761,15097,-425,8,1,월
2022-08-01,9호선,동작(현충원),1672,1397,3069,275,8,1,월
2022-08-01,9호선,구반포,1108,1179,2287,-71,8,1,월
2022-08-01,9호선,신반포,3036,3110,6146,-74,8,1,월
2022-08-01,9호선,고속터미널,12882,17184,30066,-4302,8,1,월
2022-08-01,9호선,사평,3396,3373,6769,23,8,1,월
2022-08-01,9호선,신논현,29727,29159,58886,568,8,1,월
2022-08-01,9호선2~3단계,언주,10820,11202,22022,-382,8,1,월
2022-08-01,9호선2~3단계,선정릉,9771,10408,20179,-637,8,1,월
2022-08-01,9호선2~3단계,삼성중앙,7236,7714,14950,-478,8,1,월
2022-08-01,9호선2~3단계,봉은사,17973,18332,36305,-359,8,1,월
2022-08-01,9호선2~3단계,종합운동장,3947,4060,8007,-113,8,1,월
2022-08-01,9호선2~3단계,삼전,6799,6385,13184,414,8,1,월
2022-08-01,9호선2~3단계,석촌고분,6077,5976,12053,101,8,1,월
2022-08-01,9호선2~3단계,석촌,8207,7297,15504,910,8,1,월
2022-08-01,9호선2~3단계,송파나루,5020,5338,10358,-318,8,1,월
2022-08-01,9호선2~3단계,한성백제,2532,2229,4761,303,8,1,월
2022-08-01,9호선2~3단계,올림픽공원(한국체대),6072,5611,11683,461,8,1,월
2022-08-01,9호선2~3단계,둔촌오륜,860,824,1684,36,8,1,월
2022-08-01,9호선2~3단계,중앙보훈병원,10855,9472,20327,1383,8,1,월
2022-08-01,경강선,판교,4656,4609,9265,47,8,1,월
2022-08-01,경강선,이매,1075,851,1926,224,8,1,월
2022-08-01,경강선,삼동,2168,2097,4265,71,8,1,월
2022-08-01,경강선,경기광주,7133,6876,14009,257,8,1,월
2022-08-01,경강선,초월,2958,2796,5754,162,8,1,월
2022-08-01,경강선,곤지암,2024,2003,4027,21,8,1,월
2022-08-01,경강선,신둔도예촌,1358,1289,2647,69,8,1,월
2022-08-01,경강선,이천,2747,2914,5661,-167,8,1,월
2022-08-01,경강선,부발,1969,2162,4131,-193,8,1,월
2022-08-01,경강선,세종대왕릉,355,327,682,28,8,1,월
2022-08-01,경강선,여주,2382,2281,4663,101,8,1,월
2022-08-01,경부선,서울역,8890,2395,11285,6495,8,1,월
2022-08-01,경부선,남영,8167,8432,16599,-265,8,1,월
2022-08-01,경부선,용산,40290,40492,80782,-202,8,1,월
2022-08-01,경부선,노량진,6904,6892,13796,12,8,1,월
2022-08-01,경부선,대방,10280,11128,21408,-848,8,1,월
2022-08-01,경부선,영등포,38523,39387,77910,-864,8,1,월
2022-08-01,경부선,신도림,3252,3379,6631,-127,8,1,월
2022-08-01,경부선,신길,7911,6915,14826,996,8,1,월
2022-08-01,경부선,구로,15518,15672,31190,-154,8,1,월
2022-08-01,경부선,가산디지털단지,16460,19217,35677,-2757,8,1,월
2022-08-01,경부선,금천구청,9883,10022,19905,-139,8,1,월
2022-08-01,경부선,석수,7768,6920,14688,848,8,1,월
2022-08-01,경부선,관악,6172,5967,12139,205,8,1,월
2022-08-01,경부선,안양,19376,19271,38647,105,8,1,월
2022-08-01,경부선,명학,7409,7145,14554,264,8,1,월
2022-08-01,경부선,금정,23728,24221,47949,-493,8,1,월
2022-08-01,경부선,군포,5827,5550,11377,277,8,1,월
2022-08-01,경부선,의왕,7237,7193,14430,44,8,1,월
2022-08-01,경부선,성균관대,12064,12040,24104,24,8,1,월
2022-08-01,경부선,화서,6741,6475,13216,266,8,1,월
2022-08-01,경부선,수원,34267,35877,70144,-1610,8,1,월
2022-08-01,경부선,독산,16252,16808,33060,-556,8,1,월
2022-08-01,경부선,세류,2788,2497,5285,291,8,1,월
2022-08-01,경부선,병점,12331,12131,24462,200,8,1,월
2022-08-01,경부선,세마,2609,2356,4965,253,8,1,월
2022-08-01,경부선,오산대,2935,2789,5724,146,8,1,월
2022-08-01,경부선,오산,9222,9326,18548,-104,8,1,월
2022-08-01,경부선,진위,1413,1291,2704,122,8,1,월
2022-08-01,경부선,송탄,4007,3899,7906,108,8,1,월
2022-08-01,경부선,서정리,6162,6139,12301,23,8,1,월
2022-08-01,경부선,평택지제,3460,3533,6993,-73,8,1,월
2022-08-01,경부선,평택,11670,11645,23315,25,8,1,월
2022-08-01,경부선,성환,3163,3233,6396,-70,8,1,월
2022-08-01,경부선,직산,864,771,1635,93,8,1,월
2022-08-01,경부선,두정,4841,4900,9741,-59,8,1,월
2022-08-01,경부선,천안,5482,5726,11208,-244,8,1,월
2022-08-01,경부선,당정,5348,5098,10446,250,8,1,월
2022-08-01,경부선,서동탄,1319,1157,2476,162,8,1,월
2022-08-01,경부선,광명,3731,2954,6685,777,8,1,월
2022-08-01,경원선,이촌(국립중앙박물관),3506,2706,6212,800,8,1,월
2022-08-01,경원선,서빙고,1807,1756,3563,51,8,1,월
2022-08-01,경원선,한남,3986,3775,7761,211,8,1,월
2022-08-01,경원선,옥수,45,29,74,16,8,1,월
2022-08-01,경원선,응봉,1724,1385,3109,339,8,1,월
2022-08-01,경원선,왕십리(성동구청),13907,15762,29669,-1855,8,1,월
2022-08-01,경원선,청량리(서울시립대입구),14956,15340,30296,-384,8,1,월
2022-08-01,경원선,외대앞,7006,6982,13988,24,8,1,월
2022-08-01,경원선,신이문,7551,6962,14513,589,8,1,월
2022-08-01,경원선,석계,6822,7673,14495,-851,8,1,월
2022-08-01,경원선,광운대,6450,6261,12711,189,8,1,월
2022-08-01,경원선,월계,5529,5177,10706,352,8,1,월
2022-08-01,경원선,녹천,4300,3448,7748,852,8,1,월
2022-08-01,경원선,창동,1,0,1,1,8,1,월
2022-08-01,경원선,방학,8706,8595,17301,111,8,1,월
2022-08-01,5호선,청구,3482,3244,6726,238,8,1,월
2022-08-01,중앙선,지평,85,75,160,10,8,1,월
2022-08-01,중앙선,용문,1956,1868,3824,88,8,1,월
2022-08-01,중앙선,원덕,364,327,691,37,8,1,월
2022-08-01,중앙선,양평,2725,2641,5366,84,8,1,월
2022-08-01,중앙선,오빈,332,294,626,38,8,1,월
2022-08-01,중앙선,아신,479,456,935,23,8,1,월
2022-08-01,중앙선,국수,610,574,1184,36,8,1,월
2022-08-01,중앙선,신원,163,147,310,16,8,1,월
2022-08-01,중앙선,양수,1881,1911,3792,-30,8,1,월
2022-08-01,중앙선,운길산,599,590,1189,9,8,1,월
2022-08-01,중앙선,팔당,774,839,1613,-65,8,1,월
2022-08-02,5호선,아차산(어린이대공원후문),12549,12400,24949,149,8,2,화
2022-08-02,경강선,삼동,2181,2139,4320,42,8,2,화
2022-08-02,5호선,군자(능동),10206,11237,21443,-1031,8,2,화
2022-08-02,5호선,장한평,16651,16666,33317,-15,8,2,화
2022-08-02,5호선,답십리,14619,13496,28115,1123,8,2,화
2022-08-02,5호선,마장,5156,4735,9891,421,8,2,화
2022-08-02,5호선,왕십리(성동구청),4179,4799,8978,-620,8,2,화
2022-08-02,5호선,행당,7566,6842,14408,724,8,2,화
2022-08-02,5호선,신금호,5657,6049,11706,-392,8,2,화
2022-08-02,5호선,청구,3546,3374,6920,172,8,2,화
2022-08-02,5호선,동대문역사문화공원(DDP),3072,3408,6480,-336,8,2,화
2022-08-02,5호선,을지로4가,4837,4951,9788,-114,8,2,화
2022-08-02,5호선,종로3가,11240,10724,21964,516,8,2,화
2022-08-02,5호선,광화문(세종문화회관),30750,31290,62040,-540,8,2,화
2022-08-02,5호선,서대문,19377,19147,38524,230,8,2,화
2022-08-02,5호선,충정로(경기대입구),4531,4533,9064,-2,8,2,화
2022-08-02,5호선,애오개,6264,6415,12679,-151,8,2,화
2022-08-02,5호선,공덕,13668,14437,28105,-769,8,2,화
2022-08-02,5호선,마포,13797,14177,27974,-380,8,2,화
2022-08-02,5호선,여의나루,9970,12147,22117,-2177,8,2,화
2022-08-02,5호선,여의도,31111,31067,62178,44,8,2,화
2022-08-02,5호선,신길,4159,4530,8689,-371,8,2,화
2022-08-02,5호선,영등포시장,9427,9808,19235,-381,8,2,화
2022-08-02,5호선,영등포구청,3718,3691,7409,27,8,2,화
2022-08-02,5호선,양평,7051,6981,14032,70,8,2,화
2022-08-02,5호선,오목교(목동운동장앞),20457,21690,42147,-1233,8,2,화
2022-08-02,5호선,목동,15167,16286,31453,-1119,8,2,화
2022-08-02,5호선,신정(은행정),12566,10369,22935,2197,8,2,화
2022-08-02,5호선,까치산,26665,25503,52168,1162,8,2,화
2022-08-02,5호선,화곡,26260,24558,50818,1702,8,2,화
2022-08-02,5호선,우장산,13077,12971,26048,106,8,2,화
2022-08-02,5호선,발산,19514,20134,39648,-620,8,2,화
2022-08-02,5호선,마곡,10278,10358,20636,-80,8,2,화
2022-08-02,5호선,송정,5998,5678,11676,320,8,2,화
2022-08-02,5호선,김포공항,7708,7426,15134,282,8,2,화
2022-08-02,5호선,개화산,5243,4965,10208,278,8,2,화
2022-08-02,5호선,방화,6128,6029,12157,99,8,2,화
2022-08-02,4호선,남태령,1104,952,2056,152,8,2,화
2022-08-02,4호선,사당,23948,19800,43748,4148,8,2,화
2022-08-02,4호선,총신대입구(이수),17040,18547,35587,-1507,8,2,화
2022-08-02,4호선,동작(현충원),1045,1161,2206,-116,8,2,화
2022-08-02,4호선,이촌(국립중앙박물관),10301,10867,21168,-566,8,2,화
2022-08-02,4호선,신용산,17743,18510,36253,-767,8,2,화
2022-08-02,4호선,삼각지,5006,5585,10591,-579,8,2,화
2022-08-02,4호선,숙대입구(갈월),12038,11669,23707,369,8,2,화
2022-08-02,4호선,서울역,11300,17341,28641,-6041,8,2,화
2022-08-02,4호선,회현(남대문시장),24693,24758,49451,-65,8,2,화
2022-08-02,4호선,명동,20206,21078,41284,-872,8,2,화
2022-08-02,4호선,충무로,21609,22468,44077,-859,8,2,화
2022-08-02,4호선,동대문역사문화공원(DDP),14993,13231,28224,1762,8,2,화
2022-08-02,4호선,동대문,11247,11673,22920,-426,8,2,화
2022-08-02,4호선,혜화,31950,31850,63800,100,8,2,화
2022-08-02,4호선,한성대입구(삼선교),11659,11222,22881,437,8,2,화
2022-08-02,4호선,성신여대입구(돈암),17965,17716,35681,249,8,2,화
2022-08-02,4호선,길음,18484,18215,36699,269,8,2,화
2022-08-02,4호선,미아사거리,24271,24022,48293,249,8,2,화
2022-08-02,4호선,미아(서울사이버대학),12951,12675,25626,276,8,2,화
2022-08-02,4호선,수유(강북구청),30225,30785,61010,-560,8,2,화
2022-08-02,4호선,쌍문,25776,24182,49958,1594,8,2,화
2022-08-02,4호선,창동,22078,23718,45796,-1640,8,2,화
2022-08-02,4호선,노원,16884,18996,35880,-2112,8,2,화
2022-08-02,4호선,상계,17034,16030,33064,1004,8,2,화
2022-08-02,4호선,당고개,7992,7219,15211,773,8,2,화
2022-08-02,3호선,오금,5875,5447,11322,428,8,2,화
2022-08-02,3호선,경찰병원,6963,7078,14041,-115,8,2,화
2022-08-02,3호선,가락시장,8208,8139,16347,69,8,2,화
2022-08-02,3호선,수서,15968,16410,32378,-442,8,2,화
2022-08-02,3호선,일원,10137,9849,19986,288,8,2,화
2022-08-02,3호선,대청,9229,8749,17978,480,8,2,화
2022-08-02,3호선,학여울,1566,1663,3229,-97,8,2,화
2022-08-02,3호선,대치,11514,11232,22746,282,8,2,화
2022-08-02,3호선,도곡,4737,4927,9664,-190,8,2,화
2022-08-02,3호선,매봉,12041,11370,23411,671,8,2,화
2022-08-02,3호선,양재(서초구청),34549,37130,71679,-2581,8,2,화
2022-08-02,3호선,남부터미널(예술의전당),28706,28976,57682,-270,8,2,화
2022-08-02,3호선,교대(법원.검찰청),12811,8490,21301,4321,8,2,화
2022-08-02,3호선,고속터미널,41650,39054,80704,2596,8,2,화
2022-08-02,3호선,잠원,4466,4402,8868,64,8,2,화
2022-08-02,3호선,신사,27969,29104,57073,-1135,8,2,화
2022-08-02,3호선,압구정,30582,32403,62985,-1821,8,2,화
2022-08-02,3호선,옥수,7971,8422,16393,-451,8,2,화
2022-08-02,3호선,금호,7170,6845,14015,325,8,2,화
2022-08-02,3호선,약수,11820,11599,23419,221,8,2,화
2022-08-02,3호선,동대입구,7665,8130,15795,-465,8,2,화
2022-08-02,3호선,을지로3가,9946,9553,19499,393,8,2,화
2022-08-02,중앙선,덕소,5041,4941,9982,100,8,2,화
2022-08-02,중앙선,도심,2136,1698,3834,438,8,2,화
2022-08-02,중앙선,팔당,848,848,1696,0,8,2,화
2022-08-02,중앙선,운길산,663,621,1284,42,8,2,화
2022-08-02,중앙선,양수,1964,1977,3941,-13,8,2,화
2022-08-02,중앙선,신원,179,153,332,26,8,2,화
2022-08-02,중앙선,국수,688,668,1356,20,8,2,화
2022-08-02,중앙선,아신,542,513,1055,29,8,2,화
2022-08-02,중앙선,오빈,294,302,596,-8,8,2,화
2022-08-02,중앙선,양평,2772,2702,5474,70,8,2,화
2022-08-02,중앙선,원덕,347,322,669,25,8,2,화
2022-08-02,중앙선,용문,1972,2016,3988,-44,8,2,화
2022-08-02,중앙선,지평,56,43,99,13,8,2,화
2022-08-02,3호선,종로3가,5481,6722,12203,-1241,8,2,화
2022-08-02,3호선,안국,21485,21508,42993,-23,8,2,화
2022-08-02,3호선,경복궁(정부서울청사),18351,17895,36246,456,8,2,화
2022-08-02,3호선,독립문,6779,6731,13510,48,8,2,화
2022-08-02,3호선,무악재,3630,3610,7240,20,8,2,화
2022-08-02,3호선,홍제,15527,14969,30496,558,8,2,화
2022-08-02,3호선,녹번,13912,12704,26616,1208,8,2,화
2022-08-02,3호선,불광,14344,15358,29702,-1014,8,2,화
2022-08-02,3호선,연신내,32471,30748,63219,1723,8,2,화
2022-08-02,3호선,구파발,19138,18689,37827,449,8,2,화
2022-08-02,3호선,지축,4647,4434,9081,213,8,2,화
2022-08-02,2호선,용두(동대문구청),2279,2310,4589,-31,8,2,화
2022-08-02,2호선,신정네거리,9438,9724,19162,-286,8,2,화
2022-08-02,2호선,양천구청,6229,6524,12753,-295,8,2,화
2022-08-02,2호선,도림천,1280,1355,2635,-75,8,2,화
2022-08-02,2호선,신설동,3059,2846,5905,213,8,2,화
2022-08-02,2호선,신답,1550,1784,3334,-234,8,2,화
2022-08-02,2호선,용답,2485,2498,4983,-13,8,2,화
2022-08-02,2호선,충정로(경기대입구),9260,9908,19168,-648,8,2,화
2022-08-02,2호선,아현,9514,9290,18804,224,8,2,화
2022-08-02,2호선,이대,12200,13091,25291,-891,8,2,화
2022-08-02,2호선,신촌,33486,33654,67140,-168,8,2,화
2022-08-02,2호선,홍대입구,57176,59296,116472,-2120,8,2,화
2022-08-02,2호선,합정,29727,31951,61678,-2224,8,2,화
2022-08-02,2호선,당산,16431,19249,35680,-2818,8,2,화
2022-08-02,2호선,영등포구청,20560,21218,41778,-658,8,2,화
2022-08-02,2호선,문래,20700,21038,41738,-338,8,2,화
2022-08-02,2호선,신도림,44065,43722,87787,343,8,2,화
2022-08-02,2호선,대림(구로구청),22191,22698,44889,-507,8,2,화
2022-08-02,2호선,구로디지털단지,56375,56401,112776,-26,8,2,화
2022-08-02,2호선,신대방,23667,23488,47155,179,8,2,화
2022-08-02,2호선,신림,54975,52992,107967,1983,8,2,화
2022-08-02,2호선,봉천,22881,21264,44145,1617,8,2,화
2022-08-02,2호선,서울대입구(관악구청),43874,43421,87295,453,8,2,화
2022-08-02,2호선,낙성대(강감찬),26038,25668,51706,370,8,2,화
2022-08-02,2호선,사당,35249,38819,74068,-3570,8,2,화
2022-08-02,2호선,방배,14821,15388,30209,-567,8,2,화
2022-08-02,2호선,서초,20178,19587,39765,591,8,2,화
2022-08-02,2호선,교대(법원.검찰청),30988,34744,65732,-3756,8,2,화
2022-08-02,2호선,강남,84287,80477,164764,3810,8,2,화
2022-08-02,2호선,역삼,55632,61228,116860,-5596,8,2,화
2022-08-02,2호선,선릉,56971,50736,107707,6235,8,2,화
2022-08-02,2호선,삼성(무역센터),56300,55901,112201,399,8,2,화
2022-08-02,2호선,종합운동장,8239,8704,16943,-465,8,2,화
2022-08-02,2호선,잠실새내,20405,20313,40718,92,8,2,화
2022-08-02,2호선,잠실(송파구청),77445,76899,154344,546,8,2,화
2022-08-02,2호선,잠실나루,13893,13636,27529,257,8,2,화
2022-08-02,2호선,강변(동서울터미널),30926,29112,60038,1814,8,2,화
2022-08-02,2호선,구의(광진구청),22398,22021,44419,377,8,2,화
2022-08-02,2호선,건대입구,32551,34948,67499,-2397,8,2,화
2022-08-02,2호선,성수,36403,39003,75406,-2600,8,2,화
2022-08-02,2호선,뚝섬,21753,23221,44974,-1468,8,2,화
2022-08-02,2호선,한양대,6963,7316,14279,-353,8,2,화
2022-08-02,2호선,왕십리(성동구청),14918,12529,27447,2389,8,2,화
2022-08-02,2호선,상왕십리,13229,13258,26487,-29,8,2,화
2022-08-02,2호선,신당,12917,13595,26512,-678,8,2,화
2022-08-02,2호선,동대문역사문화공원(DDP),11921,13647,25568,-1726,8,2,화
2022-08-02,2호선,을지로4가,10913,10689,21602,224,8,2,화
2022-08-02,2호선,을지로3가,23376,23049,46425,327,8,2,화
2022-08-02,2호선,을지로입구,42266,42903,85169,-637,8,2,화
2022-08-02,2호선,시청,24654,23571,48225,1083,8,2,화
2022-08-02,1호선,동묘앞,5979,6224,12203,-245,8,2,화
2022-08-02,1호선,청량리(서울시립대입구),17870,17859,35729,11,8,2,화
2022-08-02,1호선,제기동,15017,15413,30430,-396,8,2,화
2022-08-02,1호선,신설동,11952,11657,23609,295,8,2,화
2022-08-02,1호선,동대문,10771,9997,20768,774,8,2,화
2022-08-02,1호선,종로5가,18290,17848,36138,442,8,2,화
2022-08-02,1호선,종로3가,19273,17958,37231,1315,8,2,화
2022-08-02,1호선,종각,36981,35629,72610,1352,8,2,화
2022-08-02,1호선,시청,23308,23317,46625,-9,8,2,화
2022-08-02,1호선,서울역,46815,43759,90574,3056,8,2,화
2022-08-02,안산선,안산,11221,10539,21760,682,8,2,화
2022-08-02,안산선,신길온천,1524,1336,2860,188,8,2,화
2022-08-02,안산선,정왕,6611,6909,13520,-298,8,2,화
2022-08-02,안산선,오이도,7213,7077,14290,136,8,2,화
2022-08-02,안산선,수리산,3445,2875,6320,570,8,2,화
2022-08-02,우이신설선,북한산우이,2447,2299,4746,148,8,2,화
2022-08-02,우이신설선,솔밭공원,2330,2146,4476,184,8,2,화
2022-08-02,우이신설선,4.19민주묘지,2452,2270,4722,182,8,2,화
2022-08-02,우이신설선,가오리,3863,3953,7816,-90,8,2,화
2022-08-02,우이신설선,화계,3076,2919,5995,157,8,2,화
2022-08-02,우이신설선,삼양,1839,1939,3778,-100,8,2,화
2022-08-02,우이신설선,삼양사거리,2269,2356,4625,-87,8,2,화
2022-08-02,우이신설선,솔샘,5334,5057,10391,277,8,2,화
2022-08-02,우이신설선,북한산보국문,5124,4925,10049,199,8,2,화
2022-08-02,우이신설선,정릉,4155,3837,7992,318,8,2,화
2022-08-02,우이신설선,성신여대입구(돈암),2996,3393,6389,-397,8,2,화
2022-08-02,우이신설선,보문,1367,1363,2730,4,8,2,화
2022-08-02,우이신설선,신설동,1815,1786,3601,29,8,2,화
2022-08-02,일산선,원흥,9955,9606,19561,349,8,2,화
2022-08-02,일산선,지축,1,0,1,1,8,2,화
2022-08-02,일산선,삼송,17920,17294,35214,626,8,2,화
2022-08-02,일산선,원당,9612,9178,18790,434,8,2,화
2022-08-02,일산선,화정,15016,15233,30249,-217,8,2,화
2022-08-02,일산선,대곡,1899,1465,3364,434,8,2,화
2022-08-02,일산선,백석,8914,8897,17811,17,8,2,화
2022-08-02,일산선,마두,7155,7273,14428,-118,8,2,화
2022-08-02,일산선,정발산,6455,6556,13011,-101,8,2,화
2022-08-02,일산선,주엽,8591,8635,17226,-44,8,2,화
2022-08-02,일산선,대화,11975,9466,21441,2509,8,2,화
2022-08-02,장항선,봉명,1153,1134,2287,19,8,2,화
2022-08-02,장항선,쌍용(나사렛대),1736,1632,3368,104,8,2,화
2022-08-02,장항선,아산,3220,2703,5923,517,8,2,화
2022-08-02,장항선,탕정,789,747,1536,42,8,2,화
2022-08-02,장항선,배방,977,954,1931,23,8,2,화
2022-08-02,장항선,온양온천,3509,3617,7126,-108,8,2,화
2022-08-02,장항선,신창(순천향대),1112,1092,2204,20,8,2,화
2022-08-02,중앙선,회기,22106,21512,43618,594,8,2,화
2022-08-02,중앙선,중랑,5442,5152,10594,290,8,2,화
2022-08-02,중앙선,상봉(시외버스터미널),5173,5220,10393,-47,8,2,화
2022-08-02,중앙선,망우,7139,7122,14261,17,8,2,화
2022-08-02,중앙선,양원,2660,2592,5252,68,8,2,화
2022-08-02,중앙선,구리,12206,12244,24450,-38,8,2,화
2022-08-02,중앙선,도농,9744,8978,18722,766,8,2,화
2022-08-02,중앙선,양정,613,524,1137,89,8,2,화
2022-08-02,9호선,사평,3599,3627,7226,-28,8,2,화
2022-08-02,6호선,신내,1,0,1,1,8,2,화
2022-08-02,경강선,경기광주,7443,6959,14402,484,8,2,화
2022-08-02,경강선,초월,3006,2883,5889,123,8,2,화
2022-08-02,경강선,곤지암,2026,2006,4032,20,8,2,화
2022-08-02,경강선,신둔도예촌,1337,1339,2676,-2,8,2,화
2022-08-02,경강선,이천,2809,2915,5724,-106,8,2,화
2022-08-02,경강선,부발,1962,1973,3935,-11,8,2,화
2022-08-02,경강선,세종대왕릉,338,335,673,3,8,2,화
2022-08-02,경강선,여주,2195,2234,4429,-39,8,2,화
2022-08-02,경부선,서울역,8314,2252,10566,6062,8,2,화
2022-08-02,경부선,남영,8365,8765,17130,-400,8,2,화
2022-08-02,경부선,용산,39249,38578,77827,671,8,2,화
2022-08-02,경부선,노량진,6730,6745,13475,-15,8,2,화
2022-08-02,경부선,대방,10216,11207,21423,-991,8,2,화
2022-08-02,경부선,영등포,38263,38522,76785,-259,8,2,화
2022-08-02,경부선,신도림,3252,3368,6620,-116,8,2,화
2022-08-02,경부선,신길,7872,6864,14736,1008,8,2,화
2022-08-02,경부선,구로,15631,15929,31560,-298,8,2,화
2022-08-02,경부선,가산디지털단지,16108,19060,35168,-2952,8,2,화
2022-08-02,경부선,금천구청,10003,10031,20034,-28,8,2,화
2022-08-02,경부선,석수,7926,7241,15167,685,8,2,화
2022-08-02,경부선,관악,6498,6115,12613,383,8,2,화
2022-08-02,경부선,안양,19235,19165,38400,70,8,2,화
2022-08-02,경부선,명학,7584,7378,14962,206,8,2,화
2022-08-02,경부선,금정,23737,24188,47925,-451,8,2,화
2022-08-02,경부선,군포,5850,5571,11421,279,8,2,화
2022-08-02,경부선,의왕,7305,7391,14696,-86,8,2,화
2022-08-02,경부선,성균관대,12265,12051,24316,214,8,2,화
2022-08-02,경부선,화서,7031,6824,13855,207,8,2,화
2022-08-02,경부선,수원,33552,34752,68304,-1200,8,2,화
2022-08-02,경부선,독산,16337,17080,33417,-743,8,2,화
2022-08-02,경부선,세류,2720,2467,5187,253,8,2,화
2022-08-02,경부선,병점,12426,12405,24831,21,8,2,화
2022-08-02,경부선,세마,2580,2383,4963,197,8,2,화
2022-08-02,경부선,오산대,3041,2824,5865,217,8,2,화
2022-08-02,경부선,오산,9066,9068,18134,-2,8,2,화
2022-08-02,경부선,진위,1445,1321,2766,124,8,2,화
2022-08-02,경부선,송탄,3842,3780,7622,62,8,2,화
2022-08-02,경부선,서정리,6377,6106,12483,271,8,2,화
2022-08-02,경부선,평택지제,3605,3432,7037,173,8,2,화
2022-08-02,경부선,평택,11272,11270,22542,2,8,2,화
2022-08-02,경부선,성환,3004,3033,6037,-29,8,2,화
2022-08-02,경부선,직산,808,794,1602,14,8,2,화
2022-08-02,경부선,두정,4713,4824,9537,-111,8,2,화
2022-08-02,경부선,천안,5392,5556,10948,-164,8,2,화
2022-08-02,경부선,당정,5415,5237,10652,178,8,2,화
2022-08-02,경부선,서동탄,1277,1111,2388,166,8,2,화
2022-08-02,경부선,광명,3598,2961,6559,637,8,2,화
2022-08-02,경원선,이촌(국립중앙박물관),3452,2688,6140,764,8,2,화
2022-08-02,경원선,서빙고,1958,1829,3787,129,8,2,화
2022-08-02,경원선,한남,3951,3831,7782,120,8,2,화
2022-08-02,경원선,옥수,55,41,96,14,8,2,화
2022-08-02,경원선,응봉,1710,1477,3187,233,8,2,화
2022-08-02,경원선,왕십리(성동구청),13707,15657,29364,-1950,8,2,화
2022-08-02,경원선,청량리(서울시립대입구),15215,15515,30730,-300,8,2,화
2022-08-02,경원선,외대앞,6910,6963,13873,-53,8,2,화
2022-08-02,경원선,신이문,7540,6942,14482,598,8,2,화
2022-08-02,경원선,석계,7039,7980,15019,-941,8,2,화
2022-08-02,경원선,광운대,6353,6183,12536,170,8,2,화
2022-08-02,경원선,월계,5533,5230,10763,303,8,2,화
2022-08-02,경원선,녹천,4187,3537,7724,650,8,2,화
2022-08-02,경원선,방학,8721,8712,17433,9,8,2,화
2022-08-02,경원선,도봉,5291,5014,10305,277,8,2,화
2022-08-02,경원선,도봉산,6322,4075,10397,2247,8,2,화
2022-08-02,경원선,망월사,6680,6765,13445,-85,8,2,화
2022-08-02,경원선,회룡,11163,10960,22123,203,8,2,화
2022-08-02,경원선,의정부,17089,17774,34863,-685,8,2,화
2022-08-02,경원선,가능,6022,5685,11707,337,8,2,화
2022-08-02,경원선,녹양,3973,3781,7754,192,8,2,화
2022-08-02,경원선,양주,6674,6366,13040,308,8,2,화
2022-08-02,경원선,덕계,2784,2412,5196,372,8,2,화
2022-08-02,경원선,덕정,4700,4680,9380,20,8,2,화
2022-08-02,경원선,지행,5656,5595,11251,61,8,2,화
2022-08-02,경원선,동두천중앙,2858,2820,5678,38,8,2,화
2022-08-02,경원선,보산,1403,1316,2719,87,8,2,화
2022-08-02,경원선,동두천,1761,2007,3768,-246,8,2,화
2022-08-02,경원선,소요산,2634,2233,4867,401,8,2,화
2022-08-02,경의선,서울역,4240,5313,9553,-1073,8,2,화
2022-08-02,경의선,신촌,862,1123,1985,-261,8,2,화
2022-08-02,경의선,효창공원앞,2795,3233,6028,-438,8,2,화
2022-08-02,경의선,공덕,3628,2987,6615,641,8,2,화
2022-08-02,경의선,서강대,2004,1990,3994,14,8,2,화
2022-08-02,경의선,홍대입구,1763,2113,3876,-350,8,2,화
2022-08-02,경의선,가좌,5023,4856,9879,167,8,2,화
2022-08-02,경의선,디지털미디어시티,2512,2217,4729,295,8,2,화
2022-08-02,경의선,수색,2769,2938,5707,-169,8,2,화
2022-08-02,경의선,화전,1501,1400,2901,101,8,2,화
2022-08-02,경의선,강매,2850,2428,5278,422,8,2,화
2022-08-02,경의선,행신,7774,7504,15278,270,8,2,화
2022-08-02,경의선,능곡,3383,3153,6536,230,8,2,화
2022-08-02,경의선,곡산,557,547,1104,10,8,2,화
2022-08-02,경의선,백마,6295,6116,12411,179,8,2,화
2022-08-02,경의선,풍산,5263,4800,10063,463,8,2,화
2022-08-02,경의선,일산,8224,8049,16273,175,8,2,화
2022-08-02,경의선,탄현,7228,6977,14205,251,8,2,화
2022-08-02,경의선,야당,7130,7060,14190,70,8,2,화
2022-08-02,경의선,운정,6269,5736,12005,533,8,2,화
2022-08-02,경의선,금릉,4284,4110,8394,174,8,2,화
2022-08-02,경의선,금촌,5559,5698,11257,-139,8,2,화
2022-08-02,경의선,월롱,2298,2193,4491,105,8,2,화
2022-08-02,경의선,파주,954,683,1637,271,8,2,화
2022-08-02,경의선,문산,4708,4869,9577,-161,8,2,화
2022-08-02,경의선,임진강,23,11,34,12,8,2,화
2022-08-02,경인선,개봉,19152,19043,38195,109,8,2,화
2022-08-02,경인선,오류동,10417,9729,20146,688,8,2,화
2022-08-02,경인선,역곡,23416,23520,46936,-104,8,2,화
2022-08-02,경인선,부천,28348,28163,56511,185,8,2,화
2022-08-02,경인선,송내,24259,24087,48346,172,8,2,화
2022-08-02,경인선,부평,27404,28318,55722,-914,8,2,화
2022-08-02,경인선,백운,5976,5860,11836,116,8,2,화
2022-08-02,경인선,동암,13773,13829,27602,-56,8,2,화
2022-08-02,경인선,주안,16405,14783,31188,1622,8,2,화
2022-08-02,경인선,제물포,8584,8140,16724,444,8,2,화
2022-08-02,경인선,동인천,11505,10979,22484,526,8,2,화
2022-08-02,경인선,인천,3554,2932,6486,622,8,2,화
2022-08-02,경인선,구일,8774,9078,17852,-304,8,2,화
2022-08-02,경인선,소사,7231,7283,14514,-52,8,2,화
2022-08-02,경인선,부개,7620,7157,14777,463,8,2,화
2022-08-02,경인선,간석,5246,4879,10125,367,8,2,화
2022-08-02,경인선,도원,2349,2386,4735,-37,8,2,화
2022-08-02,경인선,온수(성공회대입구),5737,5754,11491,-17,8,2,화
2022-08-02,경인선,중동,8146,7701,15847,445,8,2,화
2022-08-02,경인선,도화,3600,3346,6946,254,8,2,화
2022-08-02,경춘선,신내,1982,1863,3845,119,8,2,화
2022-08-02,경춘선,갈매,2620,2321,4941,299,8,2,화
2022-08-02,경춘선,별내,2790,2649,5439,141,8,2,화
2022-08-02,경춘선,퇴계원,3118,2870,5988,248,8,2,화
2022-08-02,경춘선,사릉,1981,1976,3957,5,8,2,화
2022-08-02,경춘선,금곡,1350,1292,2642,58,8,2,화
2022-08-02,경춘선,평내호평,5568,5510,11078,58,8,2,화
2022-08-02,경춘선,천마산,1477,1337,2814,140,8,2,화
2022-08-02,경춘선,마석,3613,3529,7142,84,8,2,화
2022-08-02,경춘선,대성리,938,658,1596,280,8,2,화
2022-08-02,경춘선,청평,1853,1710,3563,143,8,2,화
2022-08-02,경춘선,상천,256,223,479,33,8,2,화
2022-08-02,경춘선,가평,2817,2729,5546,88,8,2,화
2022-08-02,경춘선,굴봉산,173,113,286,60,8,2,화
2022-08-02,경춘선,백양리,149,100,249,49,8,2,화
2022-08-02,경춘선,강촌,663,504,1167,159,8,2,화
2022-08-02,경춘선,김유정,382,369,751,13,8,2,화
2022-08-02,경춘선,남춘천,2746,2855,5601,-109,8,2,화
2022-08-02,경춘선,춘천,1372,1290,2662,82,8,2,화
2022-08-02,공항철도 1호선,서울역,9701,9315,19016,386,8,2,화
2022-08-02,공항철도 1호선,공덕,2284,3086,5370,-802,8,2,화
2022-08-02,공항철도 1호선,홍대입구,10847,11233,22080,-386,8,2,화
2022-08-02,공항철도 1호선,디지털미디어시티,14246,13197,27443,1049,8,2,화
2022-08-02,공항철도 1호선,마곡나루(서울식물원),8220,7926,16146,294,8,2,화
2022-08-02,공항철도 1호선,김포공항,10968,6415,17383,4553,8,2,화
2022-08-02,공항철도 1호선,계양,10303,9702,20005,601,8,2,화
2022-08-02,공항철도 1호선,검암,6302,6343,12645,-41,8,2,화
2022-08-02,공항철도 1호선,청라국제도시,6596,6318,12914,278,8,2,화
2022-08-02,공항철도 1호선,운서,7095,7412,14507,-317,8,2,화
2022-08-02,공항철도 1호선,공항화물청사,2389,2536,4925,-147,8,2,화
2022-08-02,공항철도 1호선,인천공항1터미널,7929,7087,15016,842,8,2,화
2022-08-02,공항철도 1호선,인천공항2터미널,3764,3263,7027,501,8,2,화
2022-08-02,공항철도 1호선,영종,3243,3236,6479,7,8,2,화
2022-08-02,과천선,선바위,7289,6447,13736,842,8,2,화
2022-08-02,과천선,경마공원,1350,1298,2648,52,8,2,화
2022-08-02,과천선,대공원,3044,3080,6124,-36,8,2,화
2022-08-02,과천선,과천,6183,6074,12257,109,8,2,화
2022-08-02,과천선,정부과천청사,10642,10472,21114,170,8,2,화
2022-08-02,과천선,인덕원,21604,22823,44427,-1219,8,2,화
2022-08-02,과천선,평촌,15713,15685,31398,28,8,2,화
2022-08-02,과천선,범계,24163,24111,48274,52,8,2,화
2022-08-02,분당선,선릉,13915,20533,34448,-6618,8,2,화
2022-08-02,분당선,한티,15089,15886,30975,-797,8,2,화
2022-08-02,분당선,도곡,6709,6666,13375,43,8,2,화
2022-08-02,분당선,구룡,1674,1581,3255,93,8,2,화
2022-08-02,분당선,개포동,3721,3867,7588,-146,8,2,화
2022-08-02,분당선,대모산입구,4393,4124,8517,269,8,2,화
2022-08-02,분당선,수서,13277,13516,26793,-239,8,2,화
2022-08-02,분당선,수원,7698,6498,14196,1200,8,2,화
2022-08-02,분당선,서울숲,11112,11486,22598,-374,8,2,화
2022-08-02,분당선,압구정로데오,18835,20656,39491,-1821,8,2,화
2022-08-02,분당선,강남구청,9246,10663,19909,-1417,8,2,화
2022-08-02,분당선,선정릉,7912,8190,16102,-278,8,2,화
2022-08-02,분당선,가천대,6425,7178,13603,-753,8,2,화
2022-08-02,분당선,태평,12764,12221,24985,543,8,2,화
2022-08-02,분당선,모란,18116,18443,36559,-327,8,2,화
2022-08-02,분당선,야탑,24166,25297,49463,-1131,8,2,화
2022-08-02,분당선,서현,23820,23977,47797,-157,8,2,화
2022-08-02,분당선,수내,13190,13191,26381,-1,8,2,화
2022-08-02,분당선,정자,17230,18117,35347,-887,8,2,화
2022-08-02,분당선,미금,14607,15538,30145,-931,8,2,화
2022-08-02,분당선,오리,11069,9044,20113,2025,8,2,화
2022-08-02,분당선,이매,4982,4825,9807,157,8,2,화
2022-08-02,분당선,보정,2251,2000,4251,251,8,2,화
2022-08-02,분당선,죽전,11755,13051,24806,-1296,8,2,화
2022-08-02,분당선,구성,4414,4794,9208,-380,8,2,화
2022-08-02,분당선,신갈,4463,4454,8917,9,8,2,화
2022-08-02,분당선,기흥,9344,8729,18073,615,8,2,화
2022-08-02,분당선,상갈,4830,4678,9508,152,8,2,화
2022-08-02,분당선,청명,3859,3676,7535,183,8,2,화
2022-08-02,분당선,영통,7510,7540,15050,-30,8,2,화
2022-08-02,분당선,망포,13018,12531,25549,487,8,2,화
2022-08-02,분당선,매탄권선,4570,4441,9011,129,8,2,화
2022-08-02,분당선,수원시청,11490,12260,23750,-770,8,2,화
2022-08-02,분당선,매교,2574,2567,5141,7,8,2,화
2022-08-02,수인선,고색,4053,3780,7833,273,8,2,화
2022-08-02,수인선,오목천,2553,2430,4983,123,8,2,화
2022-08-02,수인선,어천,726,813,1539,-87,8,2,화
2022-08-02,수인선,야목,350,232,582,118,8,2,화
2022-08-02,수인선,사리,4015,3489,7504,526,8,2,화
2022-08-02,수인선,달월,100,69,169,31,8,2,화
2022-08-02,수인선,월곶,2108,2002,4110,106,8,2,화
2022-08-02,수인선,소래포구,4287,4120,8407,167,8,2,화
2022-08-02,수인선,인천논현,4490,4667,9157,-177,8,2,화
2022-08-02,수인선,호구포,3058,3058,6116,0,8,2,화
2022-08-02,수인선,남동인더스파크,1437,1646,3083,-209,8,2,화
2022-08-02,수인선,원인재,3629,3792,7421,-163,8,2,화
2022-08-02,수인선,연수,3647,3732,7379,-85,8,2,화
2022-08-02,수인선,송도,1897,1740,3637,157,8,2,화
2022-08-02,수인선,인하대,4489,4202,8691,287,8,2,화
2022-08-02,수인선,숭의,3207,2973,6180,234,8,2,화
2022-08-02,수인선,신포,1434,1440,2874,-6,8,2,화
2022-08-02,수인선,인천,1088,1619,2707,-531,8,2,화
2022-08-02,신림선,샛강,1983,2411,4394,-428,8,2,화
2022-08-02,신림선,대방,1925,1550,3475,375,8,2,화
2022-08-02,신림선,서울지방병무청,2115,2351,4466,-236,8,2,화
2022-08-02,신림선,보라매,2499,2392,4891,107,8,2,화
2022-08-02,신림선,보라매공원,1692,1884,3576,-192,8,2,화
2022-08-02,신림선,보라매병원,6897,6928,13825,-31,8,2,화
2022-08-02,신림선,당곡,3521,3624,7145,-103,8,2,화
2022-08-02,신림선,신림,1622,2203,3825,-581,8,2,화
2022-08-02,신림선,서원,2677,2614,5291,63,8,2,화
2022-08-02,신림선,서울대벤처타운,5893,6113,12006,-220,8,2,화
2022-08-02,신림선,관악산(서울대),2306,2276,4582,30,8,2,화
2022-08-02,안산선,산본,14202,15399,29601,-1197,8,2,화
2022-08-02,안산선,대야미,4407,3913,8320,494,8,2,화
2022-08-02,안산선,반월,3604,3502,7106,102,8,2,화
2022-08-02,안산선,상록수,13394,13460,26854,-66,8,2,화
2022-08-02,안산선,한대앞,7698,7724,15422,-26,8,2,화
2022-08-02,안산선,중앙,15955,16386,32341,-431,8,2,화
2022-08-02,안산선,고잔,7843,7443,15286,400,8,2,화
2022-08-02,안산선,초지,4104,4009,8113,95,8,2,화
2022-08-02,경강선,이매,1083,887,1970,196,8,2,화
2022-08-02,경강선,판교,5286,5200,10486,86,8,2,화
2022-08-02,9호선2~3단계,중앙보훈병원,10730,9476,20206,1254,8,2,화
2022-08-02,9호선2~3단계,둔촌오륜,872,857,1729,15,8,2,화
2022-08-02,9호선2~3단계,올림픽공원(한국체대),5852,5815,11667,37,8,2,화
2022-08-02,9호선2~3단계,한성백제,2583,2361,4944,222,8,2,화
2022-08-02,9호선2~3단계,송파나루,5077,5374,10451,-297,8,2,화
2022-08-02,9호선2~3단계,석촌,8285,7364,15649,921,8,2,화
2022-08-02,9호선2~3단계,석촌고분,6350,6219,12569,131,8,2,화
2022-08-02,9호선2~3단계,삼전,6950,6755,13705,195,8,2,화
2022-08-02,9호선2~3단계,종합운동장,4279,4301,8580,-22,8,2,화
2022-08-02,9호선2~3단계,봉은사,19245,19489,38734,-244,8,2,화
2022-08-02,9호선2~3단계,삼성중앙,7626,8036,15662,-410,8,2,화
2022-08-02,9호선2~3단계,선정릉,9886,10806,20692,-920,8,2,화
2022-08-02,9호선2~3단계,언주,11302,11298,22600,4,8,2,화
2022-08-02,9호선,신논현,30450,29952,60402,498,8,2,화
2022-08-02,9호선,고속터미널,12508,16826,29334,-4318,8,2,화
2022-08-02,9호선,신반포,3016,3064,6080,-48,8,2,화
2022-08-02,9호선,구반포,1101,1118,2219,-17,8,2,화
2022-08-02,9호선,동작(현충원),1765,1341,3106,424,8,2,화
2022-08-02,9호선,흑석(중앙대입구),7574,7998,15572,-424,8,2,화
2022-08-02,9호선,노들,4262,3689,7951,573,8,2,화
2022-08-02,9호선,노량진,24125,23334,47459,791,8,2,화
2022-08-02,9호선,샛강,6186,6137,12323,49,8,2,화
2022-08-02,9호선,여의도,30505,28458,58963,2047,8,2,화
2022-08-02,9호선,국회의사당,16823,16888,33711,-65,8,2,화
2022-08-02,9호선,당산,17953,18199,36152,-246,8,2,화
2022-08-02,9호선,선유도,8730,8422,17152,308,8,2,화
2022-08-02,9호선,신목동,3912,3448,7360,464,8,2,화
2022-08-02,9호선,염창,16453,16168,32621,285,8,2,화
2022-08-02,9호선,등촌,10988,10782,21770,206,8,2,화
2022-08-02,9호선,증미,7316,7236,14552,80,8,2,화
2022-08-02,9호선,가양,19912,19446,39358,466,8,2,화
2022-08-02,9호선,양천향교,9243,9614,18857,-371,8,2,화
2022-08-02,9호선,마곡나루(서울식물원),11896,11713,23609,183,8,2,화
2022-08-02,9호선,신방화,6244,6249,12493,-5,8,2,화
2022-08-02,9호선,공항시장,2867,3166,6033,-299,8,2,화
2022-08-02,9호선,김포공항,7219,10570,17789,-3351,8,2,화
2022-08-02,9호선,개화,2496,1710,4206,786,8,2,화
2022-08-02,8호선,남위례,4893,5056,9949,-163,8,2,화
2022-08-02,8호선,모란,4023,3246,7269,777,8,2,화
2022-08-02,8호선,수진,4949,4548,9497,401,8,2,화
2022-08-02,8호선,신흥,4082,4488,8570,-406,8,2,화
2022-08-02,8호선,단대오거리,9678,9487,19165,191,8,2,화
2022-08-02,8호선,남한산성입구(성남법원.검찰청),12210,11237,23447,973,8,2,화
2022-08-02,8호선,산성,4801,4814,9615,-13,8,2,화
2022-08-02,8호선,복정,8508,7302,15810,1206,8,2,화
2022-08-02,8호선,장지,16499,15616,32115,883,8,2,화
2022-08-02,8호선,문정,21081,22139,43220,-1058,8,2,화
2022-08-02,8호선,가락시장,7068,7781,14849,-713,8,2,화
2022-08-02,8호선,송파,8303,8476,16779,-173,8,2,화
2022-08-02,8호선,석촌,7405,8296,15701,-891,8,2,화
2022-08-02,8호선,잠실(송파구청),15632,18063,33695,-2431,8,2,화
2022-08-02,8호선,몽촌토성(평화의문),5769,5851,11620,-82,8,2,화
2022-08-02,8호선,강동구청,9827,10303,20130,-476,8,2,화
2022-08-02,8호선,천호(풍납토성),13883,15825,29708,-1942,8,2,화
2022-08-02,8호선,암사,17930,15896,33826,2034,8,2,화
2022-08-02,7호선,온수(성공회대입구),8559,7941,16500,618,8,2,화
2022-08-02,7호선,천왕,10083,9772,19855,311,8,2,화
2022-08-02,7호선,광명사거리,19317,19090,38407,227,8,2,화
2022-08-02,7호선,철산,18865,19440,38305,-575,8,2,화
2022-08-02,7호선,가산디지털단지,42006,41511,83517,495,8,2,화
2022-08-02,7호선,남구로,14731,15379,30110,-648,8,2,화
2022-08-02,7호선,대림(구로구청),7996,7855,15851,141,8,2,화
2022-08-02,7호선,신풍,10738,10332,21070,406,8,2,화
2022-08-02,7호선,보라매,6956,7047,14003,-91,8,2,화
2022-08-02,7호선,신대방삼거리,13896,13463,27359,433,8,2,화
2022-08-02,7호선,장승배기,8595,8436,17031,159,8,2,화
2022-08-02,7호선,상도,10162,9919,20081,243,8,2,화
2022-08-02,7호선,숭실대입구(살피재),10721,10898,21619,-177,8,2,화
2022-08-02,7호선,남성,10371,9782,20153,589,8,2,화
2022-08-02,7호선,이수,15046,14538,29584,508,8,2,화
2022-08-02,7호선,내방,13914,14150,28064,-236,8,2,화
2022-08-02,7호선,고속터미널,16721,13276,29997,3445,8,2,화
2022-08-02,7호선,반포,5601,5451,11052,150,8,2,화
2022-08-02,7호선,논현,17904,19060,36964,-1156,8,2,화
2022-08-02,7호선,학동,23700,24651,48351,-951,8,2,화
2022-08-02,7호선,강남구청,16029,17723,33752,-1694,8,2,화
2022-08-02,7호선,청담,18884,21192,40076,-2308,8,2,화
2022-08-02,7호선,뚝섬유원지,7337,7078,14415,259,8,2,화
2022-08-02,7호선,건대입구,12099,12688,24787,-589,8,2,화
2022-08-02,7호선,어린이대공원(세종대),12178,12033,24211,145,8,2,화
2022-08-02,7호선,군자(능동),14110,11428,25538,2682,8,2,화
2022-08-02,7호선,중곡,10048,9626,19674,422,8,2,화
2022-08-02,7호선,용마산(용마폭포공원),5363,5291,10654,72,8,2,화
2022-08-02,7호선,사가정,14683,14607,29290,76,8,2,화
2022-08-02,7호선,면목,13896,13676,27572,220,8,2,화
2022-08-02,7호선,상봉(시외버스터미널),15454,14666,30120,788,8,2,화
2022-08-02,7호선,중화,9831,9639,19470,192,8,2,화
2022-08-02,7호선,먹골,9438,9418,18856,20,8,2,화
2022-08-02,7호선,태릉입구,7807,7249,15056,558,8,2,화
2022-08-02,7호선,공릉(서울과학기술대),10489,10448,20937,41,8,2,화
2022-08-02,7호선,하계,16274,15395,31669,879,8,2,화
2022-08-02,7호선,중계,12912,11918,24830,994,8,2,화
2022-08-02,7호선,노원,19298,19794,39092,-496,8,2,화
2022-08-02,7호선,마들,12003,11393,23396,610,8,2,화
2022-08-02,7호선,수락산,11429,11437,22866,-8,8,2,화
2022-08-02,7호선,도봉산,8333,9357,17690,-1024,8,2,화
2022-08-02,7호선,장암,2123,873,2996,1250,8,2,화
2022-08-02,6호선,봉화산(서울의료원),8242,7779,16021,463,8,2,화
2022-08-02,6호선,화랑대(서울여대입구),10306,8141,18447,2165,8,2,화
2022-08-02,6호선,태릉입구,5205,5362,10567,-157,8,2,화
2022-08-02,6호선,석계,11161,11823,22984,-662,8,2,화
2022-08-02,6호선,돌곶이,8471,7858,16329,613,8,2,화
2022-08-02,6호선,상월곡(한국과학기술연구원),5596,5095,10691,501,8,2,화
2022-08-02,6호선,월곡(동덕여대),10653,10440,21093,213,8,2,화
2022-08-02,6호선,고려대(종암),7365,7286,14651,79,8,2,화
2022-08-02,6호선,안암(고대병원앞),10144,9904,20048,240,8,2,화
2022-08-02,6호선,보문,6941,6455,13396,486,8,2,화
2022-08-02,6호선,창신,3217,2661,5878,556,8,2,화
2022-08-02,6호선,동묘앞,7362,7472,14834,-110,8,2,화
2022-08-02,6호선,신당,8025,8235,16260,-210,8,2,화
2022-08-02,6호선,청구,3368,3485,6853,-117,8,2,화
2022-08-02,6호선,약수,3407,3418,6825,-11,8,2,화
2022-08-02,6호선,버티고개,1930,1962,3892,-32,8,2,화
2022-08-02,6호선,한강진,8202,9304,17506,-1102,8,2,화
2022-08-02,6호선,이태원,9999,10470,20469,-471,8,2,화
2022-08-02,6호선,녹사평(용산구청),4463,4423,8886,40,8,2,화
2022-08-02,6호선,삼각지,7331,6449,13780,882,8,2,화
2022-08-02,6호선,효창공원앞,6547,5792,12339,755,8,2,화
2022-08-02,6호선,공덕,17246,16918,34164,328,8,2,화
2022-08-02,6호선,대흥(서강대앞),7698,7952,15650,-254,8,2,화
2022-08-02,6호선,광흥창(서강),8506,8281,16787,225,8,2,화
2022-08-02,6호선,상수,8658,9599,18257,-941,8,2,화
2022-08-02,6호선,합정,12658,12460,25118,198,8,2,화
2022-08-02,6호선,망원,12837,13786,26623,-949,8,2,화
2022-08-02,6호선,마포구청,13455,12299,25754,1156,8,2,화
2022-08-02,6호선,월드컵경기장(성산),4083,4308,8391,-225,8,2,화
2022-08-02,6호선,디지털미디어시티,13487,15046,28533,-1559,8,2,화
2022-08-02,6호선,증산(명지대앞),9092,9089,18181,3,8,2,화
2022-08-02,6호선,새절(신사),11328,10639,21967,689,8,2,화
2022-08-02,6호선,구산,7106,5679,12785,1427,8,2,화
2022-08-02,6호선,독바위,2536,2605,5141,-69,8,2,화
2022-08-02,6호선,불광,4102,4036,8138,66,8,2,화
2022-08-02,6호선,역촌,3613,4142,7755,-529,8,2,화
2022-08-02,6호선,응암,15927,15978,31905,-51,8,2,화
2022-08-02,5호선,하남검단산,5491,5297,10788,194,8,2,화
2022-08-02,5호선,하남시청(덕풍·신장),6477,6268,12745,209,8,2,화
2022-08-02,5호선,하남풍산,3961,3969,7930,-8,8,2,화
2022-08-02,5호선,미사,15327,15648,30975,-321,8,2,화
2022-08-02,5호선,강일,4116,4128,8244,-12,8,2,화
2022-08-02,5호선,마천,6480,6309,12789,171,8,2,화
2022-08-02,5호선,거여,9281,8934,18215,347,8,2,화
2022-08-02,5호선,개롱,6150,6379,12529,-229,8,2,화
2022-08-02,5호선,오금,3328,3281,6609,47,8,2,화
2022-08-02,5호선,방이,6520,6919,13439,-399,8,2,화
2022-08-02,5호선,올림픽공원(한국체대),3745,3197,6942,548,8,2,화
2022-08-02,5호선,둔촌동,7457,7593,15050,-136,8,2,화
2022-08-02,5호선,상일동,13808,12958,26766,850,8,2,화
2022-08-02,5호선,고덕,8741,8919,17660,-178,8,2,화
2022-08-02,5호선,명일,7716,8099,15815,-383,8,2,화
2022-08-02,5호선,굽은다리(강동구민회관앞),9020,8650,17670,370,8,2,화
2022-08-02,5호선,길동,7517,7801,15318,-284,8,2,화
2022-08-02,5호선,강동,17384,16777,34161,607,8,2,화
2022-08-02,5호선,천호(풍납토성),16965,16864,33829,101,8,2,화
2022-08-02,5호선,광나루(장신대),11843,10627,22470,1216,8,2,화
2022-08-03,2호선,신답,1638,1794,3432,-156,8,3,수
2022-08-03,2호선,용답,2608,2512,5120,96,8,3,수
2022-08-03,2호선,충정로(경기대입구),9356,9823,19179,-467,8,3,수
2022-08-03,2호선,아현,9630,9204,18834,426,8,3,수
2022-08-03,6호선,태릉입구,5216,5600,10816,-384,8,3,수
2022-08-03,2호선,이대,12501,13225,25726,-724,8,3,수
2022-08-03,2호선,신촌,33524,34049,67573,-525,8,3,수
2022-08-03,2호선,홍대입구,58082,61238,119320,-3156,8,3,수
2022-08-03,2호선,합정,30204,32478,62682,-2274,8,3,수
2022-08-03,2호선,당산,16849,19784,36633,-2935,8,3,수
2022-08-03,2호선,영등포구청,20564,21310,41874,-746,8,3,수
2022-08-03,2호선,문래,21045,21432,42477,-387,8,3,수
2022-08-03,2호선,신도림,45872,45465,91337,407,8,3,수
2022-08-03,2호선,대림(구로구청),22727,22827,45554,-100,8,3,수
2022-08-03,2호선,구로디지털단지,56831,57120,113951,-289,8,3,수
2022-08-03,2호선,신대방,24156,23227,47383,929,8,3,수
2022-08-03,2호선,신림,56406,53976,110382,2430,8,3,수
2022-08-03,2호선,봉천,22892,21197,44089,1695,8,3,수
2022-08-03,2호선,서울대입구(관악구청),43939,43556,87495,383,8,3,수
2022-08-03,2호선,낙성대(강감찬),26532,25796,52328,736,8,3,수
2022-08-03,2호선,사당,36089,39206,75295,-3117,8,3,수
2022-08-03,2호선,방배,14739,15346,30085,-607,8,3,수
2022-08-03,2호선,서초,20185,19535,39720,650,8,3,수
2022-08-03,2호선,교대(법원.검찰청),31045,34657,65702,-3612,8,3,수
2022-08-03,2호선,강남,83172,80185,163357,2987,8,3,수
2022-08-03,2호선,역삼,53424,60534,113958,-7110,8,3,수
2022-08-03,중앙선,원덕,300,293,593,7,8,3,수
2022-08-03,중앙선,양평,3035,2995,6030,40,8,3,수
2022-08-03,중앙선,오빈,272,258,530,14,8,3,수
2022-08-03,중앙선,아신,483,467,950,16,8,3,수
2022-08-03,중앙선,국수,581,565,1146,16,8,3,수
2022-08-03,중앙선,신원,142,141,283,1,8,3,수
2022-08-03,중앙선,양수,1778,1750,3528,28,8,3,수
2022-08-03,중앙선,운길산,621,589,1210,32,8,3,수
2022-08-03,중앙선,팔당,723,794,1517,-71,8,3,수
2022-08-03,중앙선,도심,2108,1692,3800,416,8,3,수
2022-08-03,중앙선,덕소,4998,4782,9780,216,8,3,수
2022-08-03,중앙선,양정,575,498,1073,77,8,3,수
2022-08-03,중앙선,도농,9735,8669,18404,1066,8,3,수
2022-08-03,중앙선,구리,12185,12184,24369,1,8,3,수
2022-08-03,중앙선,양원,2610,2577,5187,33,8,3,수
2022-08-03,중앙선,망우,7064,6865,13929,199,8,3,수
2022-08-03,중앙선,상봉(시외버스터미널),5147,5038,10185,109,8,3,수
2022-08-03,중앙선,중랑,5264,4967,10231,297,8,3,수
2022-08-03,2호선,선릉,57347,50619,107966,6728,8,3,수
2022-08-03,중앙선,지평,67,59,126,8,8,3,수
2022-08-03,중앙선,용문,1660,1723,3383,-63,8,3,수
2022-08-03,2호선,삼성(무역센터),54696,55488,110184,-792,8,3,수
2022-08-03,2호선,종합운동장,9846,10669,20515,-823,8,3,수
2022-08-03,2호선,잠실새내,20460,20402,40862,58,8,3,수
2022-08-03,2호선,잠실(송파구청),75209,75005,150214,204,8,3,수
2022-08-03,2호선,잠실나루,13950,13353,27303,597,8,3,수
2022-08-03,2호선,강변(동서울터미널),31026,29774,60800,1252,8,3,수
2022-08-03,2호선,구의(광진구청),22518,21944,44462,574,8,3,수
2022-08-03,2호선,건대입구,32551,35453,68004,-2902,8,3,수
2022-08-03,2호선,성수,36748,40083,76831,-3335,8,3,수
2022-08-03,2호선,뚝섬,21458,23320,44778,-1862,8,3,수
2022-08-03,2호선,한양대,6998,7388,14386,-390,8,3,수
2022-08-03,2호선,왕십리(성동구청),15310,12986,28296,2324,8,3,수
2022-08-03,2호선,상왕십리,13642,13181,26823,461,8,3,수
2022-08-03,2호선,신당,13190,13794,26984,-604,8,3,수
2022-08-03,2호선,동대문역사문화공원(DDP),12189,13954,26143,-1765,8,3,수
2022-08-03,2호선,을지로4가,10919,10825,21744,94,8,3,수
2022-08-03,2호선,을지로3가,23451,23705,47156,-254,8,3,수
2022-08-03,2호선,을지로입구,41856,43255,85111,-1399,8,3,수
2022-08-03,2호선,시청,24259,23819,48078,440,8,3,수
2022-08-03,1호선,동묘앞,6424,6636,13060,-212,8,3,수
2022-08-03,1호선,청량리(서울시립대입구),17512,17334,34846,178,8,3,수
2022-08-03,1호선,제기동,14692,14785,29477,-93,8,3,수
2022-08-03,1호선,신설동,11920,11569,23489,351,8,3,수
2022-08-03,1호선,동대문,10404,9807,20211,597,8,3,수
2022-08-03,1호선,종로5가,17393,17459,34852,-66,8,3,수
2022-08-03,1호선,종로3가,20688,19068,39756,1620,8,3,수
2022-08-03,1호선,종각,37184,36840,74024,344,8,3,수
2022-08-03,1호선,시청,23034,23408,46442,-374,8,3,수
2022-08-03,1호선,서울역,46124,44255,90379,1869,8,3,수
2022-08-03,6호선,석계,11229,11592,22821,-363,8,3,수
2022-08-03,6호선,돌곶이,8640,7959,16599,681,8,3,수
2022-08-03,6호선,상월곡(한국과학기술연구원),5775,5179,10954,596,8,3,수
2022-08-03,6호선,월곡(동덕여대),10634,10505,21139,129,8,3,수
2022-08-03,6호선,고려대(종암),7531,7200,14731,331,8,3,수
2022-08-03,6호선,안암(고대병원앞),10163,9972,20135,191,8,3,수
2022-08-03,6호선,보문,7126,6369,13495,757,8,3,수
2022-08-03,6호선,창신,3183,2557,5740,626,8,3,수
2022-08-03,6호선,동묘앞,7349,7506,14855,-157,8,3,수
2022-08-03,6호선,신당,8665,8762,17427,-97,8,3,수
2022-08-03,6호선,청구,3424,3396,6820,28,8,3,수
2022-08-03,6호선,약수,3490,3540,7030,-50,8,3,수
2022-08-03,6호선,버티고개,2075,2022,4097,53,8,3,수
2022-08-03,6호선,한강진,8523,9597,18120,-1074,8,3,수
2022-08-03,6호선,이태원,10354,11164,21518,-810,8,3,수
2022-08-03,6호선,녹사평(용산구청),4705,4527,9232,178,8,3,수
2022-08-03,6호선,삼각지,7314,6415,13729,899,8,3,수
2022-08-03,6호선,효창공원앞,6542,5766,12308,776,8,3,수
2022-08-03,6호선,공덕,17449,16897,34346,552,8,3,수
2022-08-03,6호선,대흥(서강대앞),7860,8067,15927,-207,8,3,수
2022-08-03,6호선,광흥창(서강),8799,8246,17045,553,8,3,수
2022-08-03,6호선,상수,8660,9708,18368,-1048,8,3,수
2022-08-03,6호선,합정,12934,12683,25617,251,8,3,수
2022-08-03,6호선,망원,13386,14394,27780,-1008,8,3,수
2022-08-03,6호선,마포구청,13683,12326,26009,1357,8,3,수
2022-08-03,6호선,월드컵경기장(성산),4323,4542,8865,-219,8,3,수
2022-08-03,6호선,디지털미디어시티,13442,15237,28679,-1795,8,3,수
2022-08-03,6호선,증산(명지대앞),9336,9033,18369,303,8,3,수
2022-08-03,6호선,새절(신사),11635,10813,22448,822,8,3,수
2022-08-03,6호선,구산,7064,5460,12524,1604,8,3,수
2022-08-03,6호선,연신내,2,0,2,2,8,3,수
2022-08-03,6호선,독바위,2611,2629,5240,-18,8,3,수
2022-08-03,6호선,불광,4342,4224,8566,118,8,3,수
2022-08-03,6호선,역촌,3744,4071,7815,-327,8,3,수
2022-08-03,6호선,응암,16276,15994,32270,282,8,3,수
2022-08-03,5호선,하남검단산,5416,5118,10534,298,8,3,수
2022-08-03,5호선,하남시청(덕풍·신장),6166,5995,12161,171,8,3,수
2022-08-03,5호선,하남풍산,3911,3913,7824,-2,8,3,수
2022-08-03,5호선,미사,15585,15776,31361,-191,8,3,수
2022-08-03,5호선,강일,3946,3899,7845,47,8,3,수
2022-08-03,5호선,마천,6417,6299,12716,118,8,3,수
2022-08-03,5호선,거여,9395,8905,18300,490,8,3,수
2022-08-03,5호선,개롱,6124,6190,12314,-66,8,3,수
2022-08-03,5호선,오금,3349,3340,6689,9,8,3,수
2022-08-03,5호선,방이,6788,7146,13934,-358,8,3,수
2022-08-03,5호선,올림픽공원(한국체대),3860,3300,7160,560,8,3,수
2022-08-03,5호선,둔촌동,7444,7558,15002,-114,8,3,수
2022-08-03,5호선,상일동,13955,12653,26608,1302,8,3,수
2022-08-03,5호선,고덕,8689,8721,17410,-32,8,3,수
2022-08-03,5호선,명일,7846,8189,16035,-343,8,3,수
2022-08-03,5호선,굽은다리(강동구민회관앞),9069,8830,17899,239,8,3,수
2022-08-03,5호선,길동,7533,7913,15446,-380,8,3,수
2022-08-03,5호선,강동,17426,16672,34098,754,8,3,수
2022-08-03,5호선,천호(풍납토성),16921,16766,33687,155,8,3,수
2022-08-03,5호선,광나루(장신대),12033,10863,22896,1170,8,3,수
2022-08-03,5호선,아차산(어린이대공원후문),12626,12221,24847,405,8,3,수
2022-08-03,5호선,군자(능동),10309,11240,21549,-931,8,3,수
2022-08-03,5호선,장한평,17404,17155,34559,249,8,3,수
2022-08-03,5호선,답십리,15005,13338,28343,1667,8,3,수
2022-08-03,5호선,마장,5178,4729,9907,449,8,3,수
2022-08-03,5호선,왕십리(성동구청),4178,4998,9176,-820,8,3,수
2022-08-03,5호선,행당,7792,6872,14664,920,8,3,수
2022-08-03,5호선,신금호,5847,6035,11882,-188,8,3,수
2022-08-03,5호선,청구,3538,3352,6890,186,8,3,수
2022-08-03,5호선,동대문역사문화공원(DDP),2967,3475,6442,-508,8,3,수
2022-08-03,5호선,을지로4가,4887,5034,9921,-147,8,3,수
2022-08-03,5호선,종로3가,11364,10958,22322,406,8,3,수
2022-08-03,5호선,광화문(세종문화회관),30755,32404,63159,-1649,8,3,수
2022-08-03,5호선,서대문,18517,19185,37702,-668,8,3,수
2022-08-03,5호선,충정로(경기대입구),4447,4552,8999,-105,8,3,수
2022-08-03,5호선,애오개,6442,6317,12759,125,8,3,수
2022-08-03,5호선,공덕,13423,14115,27538,-692,8,3,수
2022-08-03,5호선,마포,13919,14337,28256,-418,8,3,수
2022-08-03,5호선,여의나루,11228,12827,24055,-1599,8,3,수
2022-08-03,5호선,여의도,29553,31836,61389,-2283,8,3,수
2022-08-03,5호선,신길,4411,4438,8849,-27,8,3,수
2022-08-03,5호선,영등포시장,9865,10010,19875,-145,8,3,수
2022-08-03,5호선,영등포구청,3811,3783,7594,28,8,3,수
2022-08-03,5호선,양평,7052,6981,14033,71,8,3,수
2022-08-03,5호선,오목교(목동운동장앞),20860,22241,43101,-1381,8,3,수
2022-08-03,5호선,목동,15455,16416,31871,-961,8,3,수
2022-08-03,5호선,신정(은행정),12852,10494,23346,2358,8,3,수
2022-08-03,5호선,까치산,27262,25799,53061,1463,8,3,수
2022-08-03,5호선,화곡,26819,24769,51588,2050,8,3,수
2022-08-03,5호선,우장산,13242,13040,26282,202,8,3,수
2022-08-03,5호선,발산,19557,20656,40213,-1099,8,3,수
2022-08-03,5호선,마곡,10118,10275,20393,-157,8,3,수
2022-08-03,5호선,송정,6035,5563,11598,472,8,3,수
2022-08-03,5호선,김포공항,7619,7460,15079,159,8,3,수
2022-08-03,5호선,개화산,5388,5031,10419,357,8,3,수
2022-08-03,5호선,방화,6311,6074,12385,237,8,3,수
2022-08-03,4호선,남태령,1176,1029,2205,147,8,3,수
2022-08-03,4호선,사당,23956,19854,43810,4102,8,3,수
2022-08-03,4호선,총신대입구(이수),17550,18740,36290,-1190,8,3,수
2022-08-03,4호선,동작(현충원),1191,1312,2503,-121,8,3,수
2022-08-03,4호선,이촌(국립중앙박물관),10217,11122,21339,-905,8,3,수
2022-08-03,4호선,신용산,17493,18403,35896,-910,8,3,수
2022-08-03,4호선,삼각지,5046,5640,10686,-594,8,3,수
2022-08-03,4호선,숙대입구(갈월),12093,11633,23726,460,8,3,수
2022-08-03,4호선,서울역,11041,17909,28950,-6868,8,3,수
2022-08-03,4호선,회현(남대문시장),23327,24165,47492,-838,8,3,수
2022-08-03,4호선,명동,20497,20918,41415,-421,8,3,수
2022-08-03,4호선,충무로,22280,23317,45597,-1037,8,3,수
2022-08-03,4호선,동대문역사문화공원(DDP),15430,13630,29060,1800,8,3,수
2022-08-03,4호선,동대문,11256,11606,22862,-350,8,3,수
2022-08-03,4호선,혜화,33817,34241,68058,-424,8,3,수
2022-08-03,4호선,한성대입구(삼선교),11715,11133,22848,582,8,3,수
2022-08-03,4호선,성신여대입구(돈암),17953,17386,35339,567,8,3,수
2022-08-03,4호선,길음,18700,18155,36855,545,8,3,수
2022-08-03,4호선,미아사거리,24656,24096,48752,560,8,3,수
2022-08-03,4호선,미아(서울사이버대학),13245,12796,26041,449,8,3,수
2022-08-03,4호선,수유(강북구청),30612,31056,61668,-444,8,3,수
2022-08-03,4호선,쌍문,26461,24534,50995,1927,8,3,수
2022-08-03,4호선,창동,22672,24104,46776,-1432,8,3,수
2022-08-03,4호선,노원,17001,19392,36393,-2391,8,3,수
2022-08-03,4호선,상계,17223,15993,33216,1230,8,3,수
2022-08-03,4호선,당고개,8019,7095,15114,924,8,3,수
2022-08-03,3호선,오금,5870,5216,11086,654,8,3,수
2022-08-03,3호선,경찰병원,7165,7268,14433,-103,8,3,수
2022-08-03,3호선,가락시장,8326,7987,16313,339,8,3,수
2022-08-03,3호선,수서,15906,16213,32119,-307,8,3,수
2022-08-03,3호선,일원,10099,9729,19828,370,8,3,수
2022-08-03,3호선,대청,9264,8822,18086,442,8,3,수
2022-08-03,3호선,학여울,1731,1800,3531,-69,8,3,수
2022-08-03,3호선,대치,11230,10991,22221,239,8,3,수
2022-08-03,3호선,도곡,4696,4720,9416,-24,8,3,수
2022-08-03,3호선,매봉,11702,11395,23097,307,8,3,수
2022-08-03,3호선,양재(서초구청),34301,37470,71771,-3169,8,3,수
2022-08-03,3호선,남부터미널(예술의전당),28243,28887,57130,-644,8,3,수
2022-08-03,3호선,교대(법원.검찰청),12946,8606,21552,4340,8,3,수
2022-08-03,3호선,고속터미널,41136,39470,80606,1666,8,3,수
2022-08-03,3호선,잠원,4450,4251,8701,199,8,3,수
2022-08-03,3호선,신사,27707,29149,56856,-1442,8,3,수
2022-08-03,3호선,압구정,30457,32527,62984,-2070,8,3,수
2022-08-03,3호선,옥수,8316,8563,16879,-247,8,3,수
2022-08-03,3호선,금호,7500,6819,14319,681,8,3,수
2022-08-03,3호선,약수,11992,11544,23536,448,8,3,수
2022-08-03,6호선,화랑대(서울여대입구),10326,8077,18403,2249,8,3,수
2022-08-03,6호선,봉화산(서울의료원),8422,7855,16277,567,8,3,수
2022-08-03,7호선,장암,2137,844,2981,1293,8,3,수
2022-08-03,7호선,도봉산,8315,9144,17459,-829,8,3,수
2022-08-03,7호선,수락산,11510,11419,22929,91,8,3,수
2022-08-03,7호선,마들,12303,11482,23785,821,8,3,수
2022-08-03,7호선,노원,18740,19525,38265,-785,8,3,수
2022-08-03,7호선,중계,13132,11749,24881,1383,8,3,수
2022-08-03,7호선,하계,16814,15861,32675,953,8,3,수
2022-08-03,7호선,공릉(서울과학기술대),10536,10438,20974,98,8,3,수
2022-08-03,7호선,태릉입구,7768,7332,15100,436,8,3,수
2022-08-03,7호선,먹골,9572,9484,19056,88,8,3,수
2022-08-03,7호선,중화,10093,9686,19779,407,8,3,수
2022-08-03,7호선,상봉(시외버스터미널),15481,14765,30246,716,8,3,수
2022-08-03,7호선,면목,13956,13276,27232,680,8,3,수
2022-08-03,7호선,사가정,14479,14467,28946,12,8,3,수
2022-08-03,7호선,용마산(용마폭포공원),5666,5319,10985,347,8,3,수
2022-08-03,7호선,중곡,9981,9441,19422,540,8,3,수
2022-08-03,7호선,군자(능동),14239,11339,25578,2900,8,3,수
2022-08-03,7호선,어린이대공원(세종대),11907,11802,23709,105,8,3,수
2022-08-03,7호선,건대입구,11981,12477,24458,-496,8,3,수
2022-08-03,7호선,뚝섬유원지,8115,7666,15781,449,8,3,수
2022-08-03,7호선,청담,18736,20824,39560,-2088,8,3,수
2022-08-03,7호선,강남구청,16153,17988,34141,-1835,8,3,수
2022-08-03,7호선,학동,23390,24500,47890,-1110,8,3,수
2022-08-03,7호선,논현,18428,19206,37634,-778,8,3,수
2022-08-03,7호선,반포,5717,5529,11246,188,8,3,수
2022-08-03,7호선,고속터미널,16410,13245,29655,3165,8,3,수
2022-08-03,7호선,내방,14108,14369,28477,-261,8,3,수
2022-08-03,7호선,이수,15023,14888,29911,135,8,3,수
2022-08-03,7호선,남성,10501,9619,20120,882,8,3,수
2022-08-03,7호선,숭실대입구(살피재),10880,10982,21862,-102,8,3,수
2022-08-03,7호선,상도,10382,9825,20207,557,8,3,수
2022-08-03,7호선,장승배기,8803,8404,17207,399,8,3,수
2022-08-03,7호선,신대방삼거리,14317,13519,27836,798,8,3,수
2022-08-03,7호선,보라매,7190,7154,14344,36,8,3,수
2022-08-03,7호선,신풍,10886,10193,21079,693,8,3,수
2022-08-03,7호선,대림(구로구청),8275,7979,16254,296,8,3,수
2022-08-03,7호선,남구로,14939,15421,30360,-482,8,3,수
2022-08-03,7호선,가산디지털단지,41510,41695,83205,-185,8,3,수
2022-08-03,7호선,철산,19040,19468,38508,-428,8,3,수
2022-08-03,7호선,광명사거리,19430,19348,38778,82,8,3,수
2022-08-03,7호선,천왕,10401,10065,20466,336,8,3,수
2022-08-03,7호선,온수(성공회대입구),8829,8077,16906,752,8,3,수
2022-08-03,8호선,암사,17904,15721,33625,2183,8,3,수
2022-08-03,8호선,천호(풍납토성),13703,15755,29458,-2052,8,3,수
2022-08-03,8호선,강동구청,9598,10085,19683,-487,8,3,수
2022-08-03,8호선,몽촌토성(평화의문),5882,6006,11888,-124,8,3,수
2022-08-03,8호선,잠실(송파구청),14949,17466,32415,-2517,8,3,수
2022-08-03,8호선,석촌,7310,8220,15530,-910,8,3,수
2022-08-03,8호선,송파,8435,8001,16436,434,8,3,수
2022-08-03,8호선,가락시장,7117,7768,14885,-651,8,3,수
2022-08-03,8호선,문정,20719,22117,42836,-1398,8,3,수
2022-08-03,8호선,장지,16863,16249,33112,614,8,3,수
2022-08-03,8호선,복정,8608,7117,15725,1491,8,3,수
2022-08-03,8호선,산성,4772,4816,9588,-44,8,3,수
2022-08-03,8호선,남한산성입구(성남법원.검찰청),12424,11207,23631,1217,8,3,수
2022-08-03,8호선,단대오거리,9590,9574,19164,16,8,3,수
2022-08-03,8호선,신흥,4138,4494,8632,-356,8,3,수
2022-08-03,8호선,수진,5110,4619,9729,491,8,3,수
2022-08-03,8호선,모란,4019,3138,7157,881,8,3,수
2022-08-03,8호선,남위례,4906,5085,9991,-179,8,3,수
2022-08-03,9호선,개화,2529,1755,4284,774,8,3,수
2022-08-03,9호선,김포공항,7221,10437,17658,-3216,8,3,수
2022-08-03,9호선,공항시장,3014,3192,6206,-178,8,3,수
2022-08-03,9호선,신방화,6439,6244,12683,195,8,3,수
2022-08-03,9호선,마곡나루(서울식물원),12208,12039,24247,169,8,3,수
2022-08-03,9호선,양천향교,9276,9556,18832,-280,8,3,수
2022-08-03,9호선,가양,20176,19861,40037,315,8,3,수
2022-08-03,9호선,증미,7319,7091,14410,228,8,3,수
2022-08-03,9호선,등촌,11177,10739,21916,438,8,3,수
2022-08-03,9호선,염창,16810,16210,33020,600,8,3,수
2022-08-03,9호선,신목동,4016,3551,7567,465,8,3,수
2022-08-03,9호선,선유도,8565,8251,16816,314,8,3,수
2022-08-03,9호선,당산,18331,18399,36730,-68,8,3,수
2022-08-03,9호선,국회의사당,16535,17368,33903,-833,8,3,수
2022-08-03,9호선,여의도,29451,28101,57552,1350,8,3,수
2022-08-03,9호선,샛강,6241,6301,12542,-60,8,3,수
2022-08-03,9호선,노량진,24155,24032,48187,123,8,3,수
2022-08-03,9호선,노들,4451,3683,8134,768,8,3,수
2022-08-03,9호선,흑석(중앙대입구),7785,8212,15997,-427,8,3,수
2022-08-03,9호선,동작(현충원),1813,1425,3238,388,8,3,수
2022-08-03,9호선,구반포,1036,1123,2159,-87,8,3,수
2022-08-03,9호선,신반포,3129,3272,6401,-143,8,3,수
2022-08-03,9호선,고속터미널,13051,16776,29827,-3725,8,3,수
2022-08-03,9호선,신논현,30471,29616,60087,855,8,3,수
2022-08-03,9호선2~3단계,언주,11043,11272,22315,-229,8,3,수
2022-08-03,9호선2~3단계,선정릉,10016,10825,20841,-809,8,3,수
2022-08-03,9호선2~3단계,삼성중앙,7288,7728,15016,-440,8,3,수
2022-08-03,9호선2~3단계,봉은사,18741,19076,37817,-335,8,3,수
2022-08-03,9호선2~3단계,종합운동장,4276,4409,8685,-133,8,3,수
2022-08-03,9호선2~3단계,삼전,7027,6648,13675,379,8,3,수
2022-08-03,9호선2~3단계,석촌고분,6302,6165,12467,137,8,3,수
2022-08-03,9호선2~3단계,석촌,8237,7375,15612,862,8,3,수
2022-08-03,9호선2~3단계,송파나루,5159,5492,10651,-333,8,3,수
2022-08-03,9호선2~3단계,한성백제,2652,2382,5034,270,8,3,수
2022-08-03,9호선2~3단계,올림픽공원(한국체대),5900,5922,11822,-22,8,3,수
2022-08-03,9호선2~3단계,둔촌오륜,919,866,1785,53,8,3,수
2022-08-03,9호선2~3단계,중앙보훈병원,10725,9568,20293,1157,8,3,수
2022-08-03,경강선,판교,5308,5208,10516,100,8,3,수
2022-08-03,경강선,이매,1062,883,1945,179,8,3,수
2022-08-03,경강선,삼동,2222,2123,4345,99,8,3,수
2022-08-03,경강선,경기광주,7287,6899,14186,388,8,3,수
2022-08-03,경강선,초월,2853,2847,5700,6,8,3,수
2022-08-03,경강선,곤지암,2037,1926,3963,111,8,3,수
2022-08-03,경강선,신둔도예촌,1298,1263,2561,35,8,3,수
2022-08-03,경강선,이천,2680,2776,5456,-96,8,3,수
2022-08-03,경강선,부발,1987,2010,3997,-23,8,3,수
2022-08-03,경강선,세종대왕릉,320,340,660,-20,8,3,수
2022-08-03,경강선,여주,2116,2160,4276,-44,8,3,수
2022-08-03,경부선,서울역,8287,2240,10527,6047,8,3,수
2022-08-03,경부선,남영,8730,8871,17601,-141,8,3,수
2022-08-03,경부선,용산,39062,39635,78697,-573,8,3,수
2022-08-03,경부선,노량진,7145,6879,14024,266,8,3,수
2022-08-03,경부선,대방,10541,11276,21817,-735,8,3,수
2022-08-03,경부선,영등포,38694,39654,78348,-960,8,3,수
2022-08-03,경부선,신도림,3396,3563,6959,-167,8,3,수
2022-08-03,경부선,신길,7988,6918,14906,1070,8,3,수
2022-08-03,경부선,구로,16122,16457,32579,-335,8,3,수
2022-08-03,경부선,가산디지털단지,16727,19415,36142,-2688,8,3,수
2022-08-03,경부선,금천구청,10221,10274,20495,-53,8,3,수
2022-08-03,경부선,석수,8271,7318,15589,953,8,3,수
2022-08-03,경부선,관악,6669,6451,13120,218,8,3,수
2022-08-03,경부선,안양,19733,19614,39347,119,8,3,수
2022-08-03,경부선,명학,7773,7543,15316,230,8,3,수
2022-08-03,경부선,금정,24175,24560,48735,-385,8,3,수
2022-08-03,경부선,군포,6132,5813,11945,319,8,3,수
2022-08-03,경부선,의왕,7562,7534,15096,28,8,3,수
2022-08-03,경부선,성균관대,12348,12318,24666,30,8,3,수
2022-08-03,경부선,화서,6929,6625,13554,304,8,3,수
2022-08-03,경부선,수원,33425,34780,68205,-1355,8,3,수
2022-08-03,경부선,독산,16691,17107,33798,-416,8,3,수
2022-08-03,경부선,세류,2737,2425,5162,312,8,3,수
2022-08-03,경부선,병점,12658,12675,25333,-17,8,3,수
2022-08-03,경부선,세마,2616,2466,5082,150,8,3,수
2022-08-03,경부선,오산대,2987,2856,5843,131,8,3,수
2022-08-03,경부선,오산,9192,9288,18480,-96,8,3,수
2022-08-03,경부선,진위,1506,1386,2892,120,8,3,수
2022-08-03,경부선,송탄,3897,3929,7826,-32,8,3,수
2022-08-03,경부선,서정리,6325,6149,12474,176,8,3,수
2022-08-03,경부선,평택지제,3579,3406,6985,173,8,3,수
2022-08-03,경부선,평택,11021,11278,22299,-257,8,3,수
2022-08-03,경부선,성환,2928,3093,6021,-165,8,3,수
2022-08-03,경부선,직산,822,760,1582,62,8,3,수
2022-08-03,경부선,두정,5016,5108,10124,-92,8,3,수
2022-08-03,경부선,천안,5300,5419,10719,-119,8,3,수
2022-08-03,경부선,당정,5573,5258,10831,315,8,3,수
2022-08-03,경부선,서동탄,1310,1133,2443,177,8,3,수
2022-08-03,경부선,광명,3615,2825,6440,790,8,3,수
2022-08-03,경원선,이촌(국립중앙박물관),3582,2750,6332,832,8,3,수
2022-08-03,경원선,서빙고,1942,1754,3696,188,8,3,수
2022-08-03,경원선,한남,3919,3736,7655,183,8,3,수
2022-08-03,경원선,옥수,60,41,101,19,8,3,수
2022-08-03,경원선,응봉,1712,1429,3141,283,8,3,수
2022-08-03,경원선,왕십리(성동구청),14328,16044,30372,-1716,8,3,수
2022-08-03,경원선,청량리(서울시립대입구),14596,14901,29497,-305,8,3,수
2022-08-03,경원선,외대앞,6969,6883,13852,86,8,3,수
2022-08-03,경원선,신이문,7479,6866,14345,613,8,3,수
2022-08-03,경원선,석계,6914,7937,14851,-1023,8,3,수
2022-08-03,경원선,광운대,6450,6176,12626,274,8,3,수
2022-08-03,경원선,월계,5572,5281,10853,291,8,3,수
2022-08-03,경원선,녹천,4340,3489,7829,851,8,3,수
2022-08-03,경원선,방학,8632,8652,17284,-20,8,3,수
2022-08-03,경원선,도봉,5408,5114,10522,294,8,3,수
2022-08-03,경원선,도봉산,6231,3913,10144,2318,8,3,수
2022-08-03,경원선,망월사,6784,6934,13718,-150,8,3,수
2022-08-03,경원선,회룡,11354,11049,22403,305,8,3,수
2022-08-03,경원선,의정부,17715,18453,36168,-738,8,3,수
2022-08-03,경원선,가능,6052,5716,11768,336,8,3,수
2022-08-03,경원선,녹양,4088,3942,8030,146,8,3,수
2022-08-03,경원선,양주,6678,6336,13014,342,8,3,수
2022-08-03,경원선,덕계,2897,2569,5466,328,8,3,수
2022-08-03,경원선,덕정,4804,4779,9583,25,8,3,수
2022-08-03,경원선,지행,5966,5913,11879,53,8,3,수
2022-08-03,경원선,동두천중앙,2902,2778,5680,124,8,3,수
2022-08-03,경원선,보산,1427,1363,2790,64,8,3,수
2022-08-03,경원선,동두천,1834,2020,3854,-186,8,3,수
2022-08-03,경원선,소요산,2303,1993,4296,310,8,3,수
2022-08-03,경의선,서울역,4350,5302,9652,-952,8,3,수
2022-08-03,경의선,신촌,904,1082,1986,-178,8,3,수
2022-08-03,경의선,효창공원앞,2767,3118,5885,-351,8,3,수
2022-08-03,경의선,공덕,3634,3061,6695,573,8,3,수
2022-08-03,경의선,서강대,2062,1988,4050,74,8,3,수
2022-08-03,경의선,홍대입구,1720,2113,3833,-393,8,3,수
2022-08-03,경의선,가좌,5009,4776,9785,233,8,3,수
2022-08-03,경의선,디지털미디어시티,2556,2211,4767,345,8,3,수
2022-08-03,경의선,수색,2543,2799,5342,-256,8,3,수
2022-08-03,경의선,화전,1537,1387,2924,150,8,3,수
2022-08-03,경의선,강매,3006,2521,5527,485,8,3,수
2022-08-03,경의선,행신,7857,7862,15719,-5,8,3,수
2022-08-03,경의선,능곡,3477,3120,6597,357,8,3,수
2022-08-03,경의선,곡산,590,562,1152,28,8,3,수
2022-08-03,경의선,백마,6544,6213,12757,331,8,3,수
2022-08-03,경의선,풍산,5152,4819,9971,333,8,3,수
2022-08-03,9호선,사평,3627,3426,7053,201,8,3,수
2022-08-03,경의선,일산,9005,8787,17792,218,8,3,수
2022-08-03,경의선,탄현,7361,6899,14260,462,8,3,수
2022-08-03,경의선,야당,7351,7386,14737,-35,8,3,수
2022-08-03,경의선,운정,6478,5845,12323,633,8,3,수
2022-08-03,경의선,금릉,4490,4236,8726,254,8,3,수
2022-08-03,경의선,금촌,5938,5930,11868,8,8,3,수
2022-08-03,경의선,월롱,2403,2355,4758,48,8,3,수
2022-08-03,경의선,파주,935,716,1651,219,8,3,수
2022-08-03,경의선,문산,4866,4820,9686,46,8,3,수
2022-08-03,경의선,임진강,14,9,23,5,8,3,수
2022-08-03,경인선,개봉,19666,19113,38779,553,8,3,수
2022-08-03,경인선,오류동,10963,10196,21159,767,8,3,수
2022-08-03,경인선,역곡,24173,24095,48268,78,8,3,수
2022-08-03,경인선,부천,29844,29809,59653,35,8,3,수
2022-08-03,경인선,송내,24840,24444,49284,396,8,3,수
2022-08-03,경인선,부평,28531,30014,58545,-1483,8,3,수
2022-08-03,경인선,백운,6246,6076,12322,170,8,3,수
2022-08-03,경인선,동암,14786,14658,29444,128,8,3,수
2022-08-03,경인선,주안,17267,15569,32836,1698,8,3,수
2022-08-03,경인선,제물포,9254,8756,18010,498,8,3,수
2022-08-03,경인선,동인천,12799,12333,25132,466,8,3,수
2022-08-03,경인선,인천,3771,3201,6972,570,8,3,수
2022-08-03,경인선,구일,9520,9830,19350,-310,8,3,수
2022-08-03,경인선,소사,7475,7438,14913,37,8,3,수
2022-08-03,경인선,부개,7956,7449,15405,507,8,3,수
2022-08-03,경인선,간석,5439,5202,10641,237,8,3,수
2022-08-03,경인선,도원,3403,3510,6913,-107,8,3,수
2022-08-03,경인선,온수(성공회대입구),6010,5771,11781,239,8,3,수
2022-08-03,경인선,중동,8502,7899,16401,603,8,3,수
2022-08-03,경인선,도화,3769,3472,7241,297,8,3,수
2022-08-03,경춘선,신내,1876,1744,3620,132,8,3,수
2022-08-03,경춘선,갈매,2681,2267,4948,414,8,3,수
2022-08-03,경춘선,별내,2830,2603,5433,227,8,3,수
2022-08-03,경춘선,퇴계원,3099,2788,5887,311,8,3,수
2022-08-03,경춘선,사릉,1990,1950,3940,40,8,3,수
2022-08-03,경춘선,금곡,1266,1219,2485,47,8,3,수
2022-08-03,경춘선,평내호평,5585,5458,11043,127,8,3,수
2022-08-03,경춘선,천마산,1458,1366,2824,92,8,3,수
2022-08-03,경춘선,마석,3542,3474,7016,68,8,3,수
2022-08-03,경춘선,대성리,735,797,1532,-62,8,3,수
2022-08-03,경춘선,청평,1756,1689,3445,67,8,3,수
2022-08-03,경춘선,상천,256,247,503,9,8,3,수
2022-08-03,경춘선,가평,2657,2706,5363,-49,8,3,수
2022-08-03,경춘선,굴봉산,174,116,290,58,8,3,수
2022-08-03,경춘선,백양리,124,94,218,30,8,3,수
2022-08-03,경춘선,강촌,503,446,949,57,8,3,수
2022-08-03,경춘선,김유정,316,323,639,-7,8,3,수
2022-08-03,경춘선,남춘천,2197,2303,4500,-106,8,3,수
2022-08-03,경춘선,춘천,1279,1193,2472,86,8,3,수
2022-08-03,공항철도 1호선,서울역,9215,8472,17687,743,8,3,수
2022-08-03,공항철도 1호선,공덕,2293,3135,5428,-842,8,3,수
2022-08-03,공항철도 1호선,홍대입구,10958,11211,22169,-253,8,3,수
2022-08-03,공항철도 1호선,디지털미디어시티,14070,13014,27084,1056,8,3,수
2022-08-03,공항철도 1호선,마곡나루(서울식물원),8768,8402,17170,366,8,3,수
2022-08-03,공항철도 1호선,김포공항,10664,6091,16755,4573,8,3,수
2022-08-03,공항철도 1호선,계양,10571,9852,20423,719,8,3,수
2022-08-03,공항철도 1호선,검암,6415,6447,12862,-32,8,3,수
2022-08-03,공항철도 1호선,청라국제도시,6793,6461,13254,332,8,3,수
2022-08-03,공항철도 1호선,운서,7542,7742,15284,-200,8,3,수
2022-08-03,공항철도 1호선,공항화물청사,2338,2469,4807,-131,8,3,수
2022-08-03,공항철도 1호선,인천공항1터미널,7897,7759,15656,138,8,3,수
2022-08-03,공항철도 1호선,인천공항2터미널,3742,3307,7049,435,8,3,수
2022-08-03,공항철도 1호선,영종,3373,3351,6724,22,8,3,수
2022-08-03,과천선,선바위,7189,6431,13620,758,8,3,수
2022-08-03,과천선,경마공원,1415,1406,2821,9,8,3,수
2022-08-03,과천선,대공원,2934,3151,6085,-217,8,3,수
2022-08-03,과천선,과천,6161,5859,12020,302,8,3,수
2022-08-03,과천선,정부과천청사,10483,10596,21079,-113,8,3,수
2022-08-03,과천선,인덕원,21799,23027,44826,-1228,8,3,수
2022-08-03,과천선,평촌,16195,15977,32172,218,8,3,수
2022-08-03,과천선,범계,24612,24302,48914,310,8,3,수
2022-08-03,분당선,선릉,13654,20442,34096,-6788,8,3,수
2022-08-03,분당선,한티,15016,15546,30562,-530,8,3,수
2022-08-03,분당선,도곡,6694,6590,13284,104,8,3,수
2022-08-03,분당선,구룡,1649,1691,3340,-42,8,3,수
2022-08-03,분당선,개포동,3831,3901,7732,-70,8,3,수
2022-08-03,분당선,대모산입구,4424,4083,8507,341,8,3,수
2022-08-03,분당선,수서,13041,13270,26311,-229,8,3,수
2022-08-03,분당선,복정,1,0,1,1,8,3,수
2022-08-03,분당선,수원,7635,6549,14184,1086,8,3,수
2022-08-03,분당선,서울숲,11294,11645,22939,-351,8,3,수
2022-08-03,분당선,압구정로데오,18209,20267,38476,-2058,8,3,수
2022-08-03,분당선,강남구청,9120,10703,19823,-1583,8,3,수
2022-08-03,분당선,선정릉,7784,8393,16177,-609,8,3,수
2022-08-03,분당선,가천대,6313,7142,13455,-829,8,3,수
2022-08-03,분당선,태평,12990,12249,25239,741,8,3,수
2022-08-03,분당선,모란,18182,18488,36670,-306,8,3,수
2022-08-03,분당선,야탑,24553,25614,50167,-1061,8,3,수
2022-08-03,분당선,서현,23496,23809,47305,-313,8,3,수
2022-08-03,분당선,수내,13576,13392,26968,184,8,3,수
2022-08-03,분당선,정자,17479,18229,35708,-750,8,3,수
2022-08-03,분당선,미금,14415,15428,29843,-1013,8,3,수
2022-08-03,분당선,오리,11002,8982,19984,2020,8,3,수
2022-08-03,분당선,이매,5244,4965,10209,279,8,3,수
2022-08-03,분당선,보정,2295,2049,4344,246,8,3,수
2022-08-03,분당선,죽전,11628,13264,24892,-1636,8,3,수
2022-08-03,분당선,구성,4610,4830,9440,-220,8,3,수
2022-08-03,분당선,신갈,4459,4390,8849,69,8,3,수
2022-08-03,분당선,기흥,9587,8868,18455,719,8,3,수
2022-08-03,분당선,상갈,5011,4846,9857,165,8,3,수
2022-08-03,분당선,청명,3900,3701,7601,199,8,3,수
2022-08-03,분당선,영통,7706,7864,15570,-158,8,3,수
2022-08-03,분당선,망포,13238,12700,25938,538,8,3,수
2022-08-03,분당선,매탄권선,4535,4301,8836,234,8,3,수
2022-08-03,분당선,수원시청,11737,12625,24362,-888,8,3,수
2022-08-03,분당선,매교,2585,2642,5227,-57,8,3,수
2022-08-03,수인선,고색,4169,3881,8050,288,8,3,수
2022-08-03,수인선,오목천,2690,2569,5259,121,8,3,수
2022-08-03,수인선,어천,699,802,1501,-103,8,3,수
2022-08-03,수인선,야목,365,266,631,99,8,3,수
2022-08-03,수인선,사리,4137,3598,7735,539,8,3,수
2022-08-03,수인선,달월,109,74,183,35,8,3,수
2022-08-03,수인선,월곶,2542,2380,4922,162,8,3,수
2022-08-03,수인선,소래포구,4467,4155,8622,312,8,3,수
2022-08-03,수인선,인천논현,4853,5127,9980,-274,8,3,수
2022-08-03,수인선,호구포,3283,3257,6540,26,8,3,수
2022-08-03,수인선,남동인더스파크,1520,1676,3196,-156,8,3,수
2022-08-03,수인선,원인재,3749,3926,7675,-177,8,3,수
2022-08-03,수인선,연수,3964,3916,7880,48,8,3,수
2022-08-03,수인선,송도,2030,1909,3939,121,8,3,수
2022-08-03,수인선,인하대,4732,4537,9269,195,8,3,수
2022-08-03,수인선,숭의,3474,3250,6724,224,8,3,수
2022-08-03,수인선,신포,1541,1495,3036,46,8,3,수
2022-08-03,수인선,인천,1116,1688,2804,-572,8,3,수
2022-08-03,신림선,샛강,2077,2563,4640,-486,8,3,수
2022-08-03,신림선,대방,1905,1524,3429,381,8,3,수
2022-08-03,신림선,서울지방병무청,2209,2382,4591,-173,8,3,수
2022-08-03,신림선,보라매,2593,2432,5025,161,8,3,수
2022-08-03,신림선,보라매공원,1730,1846,3576,-116,8,3,수
2022-08-03,신림선,보라매병원,6596,7055,13651,-459,8,3,수
2022-08-03,신림선,당곡,3550,3532,7082,18,8,3,수
2022-08-03,신림선,신림,1663,2131,3794,-468,8,3,수
2022-08-03,신림선,서원,2936,2530,5466,406,8,3,수
2022-08-03,신림선,서울대벤처타운,6030,6147,12177,-117,8,3,수
2022-08-03,신림선,관악산(서울대),2443,2400,4843,43,8,3,수
2022-08-03,안산선,산본,14668,15748,30416,-1080,8,3,수
2022-08-03,안산선,대야미,4484,4084,8568,400,8,3,수
2022-08-03,안산선,반월,3783,3685,7468,98,8,3,수
2022-08-03,안산선,상록수,13821,14009,27830,-188,8,3,수
2022-08-03,안산선,한대앞,8080,7899,15979,181,8,3,수
2022-08-03,안산선,중앙,16557,17143,33700,-586,8,3,수
2022-08-03,안산선,고잔,7949,7477,15426,472,8,3,수
2022-08-03,안산선,초지,4177,4002,8179,175,8,3,수
2022-08-03,안산선,안산,11188,10455,21643,733,8,3,수
2022-08-03,안산선,신길온천,1582,1416,2998,166,8,3,수
2022-08-03,안산선,정왕,6847,7369,14216,-522,8,3,수
2022-08-03,안산선,오이도,7654,7361,15015,293,8,3,수
2022-08-03,안산선,수리산,3721,3006,6727,715,8,3,수
2022-08-03,우이신설선,북한산우이,2510,2274,4784,236,8,3,수
2022-08-03,우이신설선,솔밭공원,2297,2170,4467,127,8,3,수
2022-08-03,우이신설선,4.19민주묘지,2546,2394,4940,152,8,3,수
2022-08-03,우이신설선,가오리,3951,3860,7811,91,8,3,수
2022-08-03,우이신설선,화계,3143,2920,6063,223,8,3,수
2022-08-03,우이신설선,삼양,1868,1975,3843,-107,8,3,수
2022-08-03,우이신설선,삼양사거리,2316,2338,4654,-22,8,3,수
2022-08-03,우이신설선,솔샘,5346,5019,10365,327,8,3,수
2022-08-03,우이신설선,북한산보국문,5323,5082,10405,241,8,3,수
2022-08-03,우이신설선,정릉,4096,3809,7905,287,8,3,수
2022-08-03,우이신설선,성신여대입구(돈암),2973,3411,6384,-438,8,3,수
2022-08-03,우이신설선,보문,1358,1309,2667,49,8,3,수
2022-08-03,우이신설선,신설동,1826,1754,3580,72,8,3,수
2022-08-03,일산선,원흥,10288,9701,19989,587,8,3,수
2022-08-03,일산선,삼송,17808,17349,35157,459,8,3,수
2022-08-03,일산선,원당,9850,9285,19135,565,8,3,수
2022-08-03,일산선,화정,15624,15774,31398,-150,8,3,수
2022-08-03,일산선,대곡,1930,1611,3541,319,8,3,수
2022-08-03,일산선,백석,9044,9063,18107,-19,8,3,수
2022-08-03,일산선,마두,7483,7433,14916,50,8,3,수
2022-08-03,일산선,정발산,7179,7178,14357,1,8,3,수
2022-08-03,일산선,주엽,9032,8984,18016,48,8,3,수
2022-08-03,일산선,대화,12186,9306,21492,2880,8,3,수
2022-08-03,장항선,봉명,1179,1194,2373,-15,8,3,수
2022-08-03,장항선,쌍용(나사렛대),1744,1622,3366,122,8,3,수
2022-08-03,장항선,아산,3173,2744,5917,429,8,3,수
2022-08-03,장항선,탕정,768,681,1449,87,8,3,수
2022-08-03,장항선,배방,994,926,1920,68,8,3,수
2022-08-03,장항선,온양온천,3381,3585,6966,-204,8,3,수
2022-08-03,장항선,신창(순천향대),1134,1079,2213,55,8,3,수
2022-08-03,중앙선,회기,22277,21633,43910,644,8,3,수
2022-08-03,3호선,동대입구,7656,8233,15889,-577,8,3,수
2022-08-03,3호선,을지로3가,10079,10169,20248,-90,8,3,수
2022-08-03,3호선,종로3가,6114,7252,13366,-1138,8,3,수
2022-08-03,3호선,안국,21575,21981,43556,-406,8,3,수
2022-08-03,3호선,경복궁(정부서울청사),19886,20479,40365,-593,8,3,수
2022-08-03,3호선,독립문,6606,6535,13141,71,8,3,수
2022-08-03,3호선,무악재,3681,3501,7182,180,8,3,수
2022-08-03,3호선,홍제,15751,14751,30502,1000,8,3,수
2022-08-03,3호선,녹번,14062,12590,26652,1472,8,3,수
2022-08-03,3호선,불광,14644,15817,30461,-1173,8,3,수
2022-08-03,3호선,연신내,32722,31124,63846,1598,8,3,수
2022-08-03,3호선,구파발,19496,18869,38365,627,8,3,수
2022-08-03,3호선,지축,4706,4575,9281,131,8,3,수
2022-08-03,2호선,용두(동대문구청),2274,2292,4566,-18,8,3,수
2022-08-03,2호선,신정네거리,9500,9762,19262,-262,8,3,수
2022-08-03,2호선,양천구청,6403,6579,12982,-176,8,3,수
2022-08-03,2호선,도림천,1267,1326,2593,-59,8,3,수
2022-08-03,2호선,신설동,2926,3008,5934,-82,8,3,수
2022-08-04,5호선,오금,3364,3395,6759,-31,8,4,목
2022-08-04,2호선,한양대,7192,7566,14758,-374,8,4,목
2022-08-04,2호선,뚝섬,22991,24939,47930,-1948,8,4,목
2022-08-04,2호선,성수,37696,41169,78865,-3473,8,4,목
2022-08-04,2호선,건대입구,34135,36918,71053,-2783,8,4,목
2022-08-04,2호선,구의(광진구청),23228,22784,46012,444,8,4,목
2022-08-04,2호선,강변(동서울터미널),31953,30814,62767,1139,8,4,목
2022-08-04,2호선,잠실나루,14382,13897,28279,485,8,4,목
2022-08-04,2호선,잠실(송파구청),78110,77643,155753,467,8,4,목
2022-08-04,2호선,잠실새내,21133,21380,42513,-247,8,4,목
2022-08-04,2호선,종합운동장,10555,11435,21990,-880,8,4,목
2022-08-04,2호선,삼성(무역센터),58546,59085,117631,-539,8,4,목
2022-08-04,2호선,선릉,58976,52192,111168,6784,8,4,목
2022-08-04,2호선,역삼,54149,61685,115834,-7536,8,4,목
2022-08-04,2호선,교대(법원.검찰청),31814,35628,67442,-3814,8,4,목
2022-08-04,2호선,서초,20961,20081,41042,880,8,4,목
2022-08-04,2호선,방배,15334,16039,31373,-705,8,4,목
2022-08-04,2호선,사당,37493,41066,78559,-3573,8,4,목
2022-08-04,2호선,낙성대(강감찬),27237,26364,53601,873,8,4,목
2022-08-04,2호선,서울대입구(관악구청),45382,44371,89753,1011,8,4,목
2022-08-04,2호선,봉천,23833,22123,45956,1710,8,4,목
2022-08-04,2호선,신림,57745,55252,112997,2493,8,4,목
2022-08-04,2호선,신대방,25083,24430,49513,653,8,4,목
2022-08-04,2호선,구로디지털단지,58749,58751,117500,-2,8,4,목
2022-08-04,2호선,대림(구로구청),23178,23548,46726,-370,8,4,목
2022-08-04,7호선,노원,19323,20214,39537,-891,8,4,목
2022-08-04,7호선,마들,12726,11975,24701,751,8,4,목
2022-08-04,3호선,오금,5945,5484,11429,461,8,4,목
2022-08-04,경춘선,백양리,145,122,267,23,8,4,목
2022-08-04,신림선,보라매공원,1802,1921,3723,-119,8,4,목
2022-08-04,신림선,보라매병원,6803,7160,13963,-357,8,4,목
2022-08-04,7호선,숭실대입구(살피재),11127,11223,22350,-96,8,4,목
2022-08-04,7호선,상도,10545,10167,20712,378,8,4,목
2022-08-04,7호선,장승배기,8739,8513,17252,226,8,4,목
2022-08-04,7호선,신대방삼거리,14729,13962,28691,767,8,4,목
2022-08-04,7호선,보라매,7254,7309,14563,-55,8,4,목
2022-08-04,7호선,신풍,11190,10513,21703,677,8,4,목
2022-08-04,7호선,대림(구로구청),8088,8207,16295,-119,8,4,목
2022-08-04,7호선,남구로,15186,15937,31123,-751,8,4,목
2022-08-04,7호선,가산디지털단지,43347,43518,86865,-171,8,4,목
2022-08-04,7호선,철산,19880,20096,39976,-216,8,4,목
2022-08-04,7호선,광명사거리,20589,20475,41064,114,8,4,목
2022-08-04,7호선,천왕,10843,10217,21060,626,8,4,목
2022-08-04,7호선,온수(성공회대입구),9281,8623,17904,658,8,4,목
2022-08-04,8호선,암사,18723,16281,35004,2442,8,4,목
2022-08-04,8호선,천호(풍납토성),14477,16629,31106,-2152,8,4,목
2022-08-04,8호선,강동구청,10065,10329,20394,-264,8,4,목
2022-08-04,8호선,몽촌토성(평화의문),6071,6032,12103,39,8,4,목
2022-08-04,8호선,잠실(송파구청),15329,17805,33134,-2476,8,4,목
2022-08-04,8호선,석촌,7556,8684,16240,-1128,8,4,목
2022-08-04,8호선,송파,8483,8120,16603,363,8,4,목
2022-08-04,8호선,가락시장,7306,8154,15460,-848,8,4,목
2022-08-04,8호선,문정,21176,22608,43784,-1432,8,4,목
2022-08-04,8호선,장지,17118,16239,33357,879,8,4,목
2022-08-04,8호선,복정,8797,7509,16306,1288,8,4,목
2022-08-04,8호선,산성,5052,5146,10198,-94,8,4,목
2022-08-04,8호선,남한산성입구(성남법원.검찰청),12995,11683,24678,1312,8,4,목
2022-08-04,8호선,단대오거리,10133,9916,20049,217,8,4,목
2022-08-04,8호선,신흥,4196,4682,8878,-486,8,4,목
2022-08-04,8호선,수진,5453,4947,10400,506,8,4,목
2022-08-04,8호선,모란,5585,4395,9980,1190,8,4,목
2022-08-04,8호선,남위례,5188,5407,10595,-219,8,4,목
2022-08-04,9호선,개화,2599,1772,4371,827,8,4,목
2022-08-04,9호선,김포공항,7861,11111,18972,-3250,8,4,목
2022-08-04,9호선,공항시장,2967,3297,6264,-330,8,4,목
2022-08-04,9호선,신방화,6527,6377,12904,150,8,4,목
2022-08-04,9호선,마곡나루(서울식물원),12198,12325,24523,-127,8,4,목
2022-08-04,9호선,양천향교,9413,9573,18986,-160,8,4,목
2022-08-04,9호선,가양,20712,20203,40915,509,8,4,목
2022-08-04,9호선,증미,7575,7224,14799,351,8,4,목
2022-08-04,9호선,등촌,11560,11112,22672,448,8,4,목
2022-08-04,9호선,염창,17379,16891,34270,488,8,4,목
2022-08-04,9호선,신목동,4184,3581,7765,603,8,4,목
2022-08-04,9호선,선유도,8636,8348,16984,288,8,4,목
2022-08-04,9호선,당산,18811,18895,37706,-84,8,4,목
2022-08-04,9호선,국회의사당,16717,17295,34012,-578,8,4,목
2022-08-04,9호선,여의도,29718,28525,58243,1193,8,4,목
2022-08-04,9호선,샛강,6359,6397,12756,-38,8,4,목
2022-08-04,9호선,노량진,25092,24284,49376,808,8,4,목
2022-08-04,9호선,노들,4496,3786,8282,710,8,4,목
2022-08-04,9호선,흑석(중앙대입구),8082,8451,16533,-369,8,4,목
2022-08-04,9호선,동작(현충원),1878,1536,3414,342,8,4,목
2022-08-04,9호선,구반포,1168,1191,2359,-23,8,4,목
2022-08-04,9호선,신반포,3405,3451,6856,-46,8,4,목
2022-08-04,9호선,고속터미널,13133,17206,30339,-4073,8,4,목
2022-08-04,9호선,사평,3696,3527,7223,169,8,4,목
2022-08-04,9호선,신논현,31118,30940,62058,178,8,4,목
2022-08-04,9호선2~3단계,언주,11058,11360,22418,-302,8,4,목
2022-08-04,9호선2~3단계,선정릉,10407,11295,21702,-888,8,4,목
2022-08-04,9호선2~3단계,삼성중앙,7452,7994,15446,-542,8,4,목
2022-08-04,9호선2~3단계,봉은사,21027,21357,42384,-330,8,4,목
2022-08-04,9호선2~3단계,종합운동장,4468,4405,8873,63,8,4,목
2022-08-04,9호선2~3단계,삼전,6928,6675,13603,253,8,4,목
2022-08-04,9호선2~3단계,석촌고분,6341,6264,12605,77,8,4,목
2022-08-04,9호선2~3단계,석촌,8955,7685,16640,1270,8,4,목
2022-08-04,9호선2~3단계,송파나루,5297,5756,11053,-459,8,4,목
2022-08-04,9호선2~3단계,한성백제,2641,2356,4997,285,8,4,목
2022-08-04,9호선2~3단계,올림픽공원(한국체대),6023,6000,12023,23,8,4,목
2022-08-04,9호선2~3단계,둔촌오륜,940,913,1853,27,8,4,목
2022-08-04,9호선2~3단계,중앙보훈병원,11374,10023,21397,1351,8,4,목
2022-08-04,경강선,판교,5192,5243,10435,-51,8,4,목
2022-08-04,경강선,이매,1068,928,1996,140,8,4,목
2022-08-04,경강선,삼동,2391,2144,4535,247,8,4,목
2022-08-04,경강선,경기광주,7615,7029,14644,586,8,4,목
2022-08-04,경강선,초월,3137,2932,6069,205,8,4,목
2022-08-04,경강선,곤지암,2100,2046,4146,54,8,4,목
2022-08-04,경강선,신둔도예촌,1438,1426,2864,12,8,4,목
2022-08-04,경강선,이천,2823,2910,5733,-87,8,4,목
2022-08-04,경강선,부발,2147,2101,4248,46,8,4,목
2022-08-04,경강선,세종대왕릉,358,373,731,-15,8,4,목
2022-08-04,경강선,여주,2363,2381,4744,-18,8,4,목
2022-08-04,경부선,서울역,7693,2328,10021,5365,8,4,목
2022-08-04,경부선,남영,8912,9184,18096,-272,8,4,목
2022-08-04,경부선,용산,36896,37946,74842,-1050,8,4,목
2022-08-04,경부선,노량진,7401,7166,14567,235,8,4,목
2022-08-04,경부선,대방,10769,11677,22446,-908,8,4,목
2022-08-04,경부선,영등포,39057,40408,79465,-1351,8,4,목
2022-08-04,경부선,신도림,3905,3919,7824,-14,8,4,목
2022-08-04,경부선,신길,8483,7307,15790,1176,8,4,목
2022-08-04,경부선,구로,17258,17558,34816,-300,8,4,목
2022-08-04,경부선,가산디지털단지,17644,20342,37986,-2698,8,4,목
2022-08-04,경부선,금천구청,10861,10935,21796,-74,8,4,목
2022-08-04,경부선,석수,8779,7855,16634,924,8,4,목
2022-08-04,경부선,관악,7262,6883,14145,379,8,4,목
2022-08-04,경부선,안양,20593,20226,40819,367,8,4,목
2022-08-04,경부선,명학,8438,8217,16655,221,8,4,목
2022-08-04,경부선,금정,25360,25649,51009,-289,8,4,목
2022-08-04,경부선,군포,7167,6860,14027,307,8,4,목
2022-08-04,경부선,의왕,8105,8032,16137,73,8,4,목
2022-08-04,경부선,성균관대,13218,12958,26176,260,8,4,목
2022-08-04,경부선,화서,7615,7346,14961,269,8,4,목
2022-08-04,경부선,수원,33840,35932,69772,-2092,8,4,목
2022-08-04,경부선,독산,17566,18121,35687,-555,8,4,목
2022-08-04,경부선,세류,2928,2598,5526,330,8,4,목
2022-08-04,경부선,병점,13371,13144,26515,227,8,4,목
2022-08-04,경부선,세마,2713,2574,5287,139,8,4,목
2022-08-04,경부선,오산대,3159,2927,6086,232,8,4,목
2022-08-04,경부선,오산,9008,9132,18140,-124,8,4,목
2022-08-04,경부선,진위,1418,1297,2715,121,8,4,목
2022-08-04,경부선,송탄,4121,3969,8090,152,8,4,목
2022-08-04,경부선,서정리,6525,6155,12680,370,8,4,목
2022-08-04,경부선,평택지제,3718,3558,7276,160,8,4,목
2022-08-04,경부선,평택,11167,11121,22288,46,8,4,목
2022-08-04,경부선,성환,3083,3037,6120,46,8,4,목
2022-08-04,경부선,직산,809,805,1614,4,8,4,목
2022-08-04,경부선,두정,5127,5302,10429,-175,8,4,목
2022-08-04,경부선,천안,5301,5588,10889,-287,8,4,목
2022-08-04,경부선,당정,5877,5574,11451,303,8,4,목
2022-08-04,경부선,서동탄,1412,1241,2653,171,8,4,목
2022-08-04,경부선,광명,3411,2977,6388,434,8,4,목
2022-08-04,경원선,이촌(국립중앙박물관),3804,2891,6695,913,8,4,목
2022-08-04,경원선,서빙고,2048,1908,3956,140,8,4,목
2022-08-04,경원선,한남,4083,3869,7952,214,8,4,목
2022-08-04,경원선,옥수,53,35,88,18,8,4,목
2022-08-04,경원선,응봉,1806,1478,3284,328,8,4,목
2022-08-04,경원선,왕십리(성동구청),14486,16258,30744,-1772,8,4,목
2022-08-04,경원선,청량리(서울시립대입구),15527,16144,31671,-617,8,4,목
2022-08-04,경원선,외대앞,7146,7147,14293,-1,8,4,목
2022-08-04,경원선,신이문,8112,7374,15486,738,8,4,목
2022-08-04,경원선,석계,7692,8672,16364,-980,8,4,목
2022-08-04,경원선,광운대,7035,6573,13608,462,8,4,목
2022-08-04,경원선,월계,5873,5569,11442,304,8,4,목
2022-08-04,경원선,녹천,4554,3734,8288,820,8,4,목
2022-08-04,경원선,방학,9310,9104,18414,206,8,4,목
2022-08-04,경원선,도봉,5630,5485,11115,145,8,4,목
2022-08-04,경원선,도봉산,7591,4902,12493,2689,8,4,목
2022-08-04,경원선,망월사,7419,7492,14911,-73,8,4,목
2022-08-04,경원선,회룡,12246,11899,24145,347,8,4,목
2022-08-04,경원선,의정부,18149,18661,36810,-512,8,4,목
2022-08-04,경원선,가능,6428,6035,12463,393,8,4,목
2022-08-04,경원선,녹양,4420,4178,8598,242,8,4,목
2022-08-04,경원선,양주,7248,6986,14234,262,8,4,목
2022-08-04,경원선,덕계,3116,2726,5842,390,8,4,목
2022-08-04,경원선,덕정,5170,4996,10166,174,8,4,목
2022-08-04,경원선,지행,6223,6323,12546,-100,8,4,목
2022-08-04,경원선,동두천중앙,3112,3003,6115,109,8,4,목
2022-08-04,경원선,보산,1563,1397,2960,166,8,4,목
2022-08-04,경원선,동두천,2135,2439,4574,-304,8,4,목
2022-08-04,경원선,소요산,3356,2964,6320,392,8,4,목
2022-08-04,경의선,서울역,4499,5752,10251,-1253,8,4,목
2022-08-04,경의선,신촌,911,1195,2106,-284,8,4,목
2022-08-04,경의선,효창공원앞,2683,3005,5688,-322,8,4,목
2022-08-04,경의선,공덕,3803,3253,7056,550,8,4,목
2022-08-04,경의선,서강대,2105,2038,4143,67,8,4,목
2022-08-04,경의선,홍대입구,1938,2217,4155,-279,8,4,목
2022-08-04,경의선,가좌,5462,5146,10608,316,8,4,목
2022-08-04,경의선,디지털미디어시티,2620,2275,4895,345,8,4,목
2022-08-04,경의선,수색,2905,3020,5925,-115,8,4,목
2022-08-04,경의선,화전,1519,1381,2900,138,8,4,목
2022-08-04,경의선,강매,3013,2548,5561,465,8,4,목
2022-08-04,경의선,행신,7993,7849,15842,144,8,4,목
2022-08-04,경의선,능곡,3661,3296,6957,365,8,4,목
2022-08-04,경의선,곡산,608,618,1226,-10,8,4,목
2022-08-04,경의선,백마,6726,6323,13049,403,8,4,목
2022-08-04,경의선,풍산,5614,5178,10792,436,8,4,목
2022-08-04,경의선,일산,8857,8582,17439,275,8,4,목
2022-08-04,경의선,탄현,7616,7244,14860,372,8,4,목
2022-08-04,경의선,야당,7694,7555,15249,139,8,4,목
2022-08-04,경의선,운정,6797,6087,12884,710,8,4,목
2022-08-04,경의선,금릉,4626,4481,9107,145,8,4,목
2022-08-04,경의선,금촌,6149,5938,12087,211,8,4,목
2022-08-04,경의선,월롱,2580,2407,4987,173,8,4,목
2022-08-04,경의선,파주,997,724,1721,273,8,4,목
2022-08-04,경의선,문산,5374,5419,10793,-45,8,4,목
2022-08-04,경의선,임진강,17,16,33,1,8,4,목
2022-08-04,경인선,개봉,20582,19897,40479,685,8,4,목
2022-08-04,경인선,오류동,11299,10473,21772,826,8,4,목
2022-08-04,경인선,역곡,25629,25356,50985,273,8,4,목
2022-08-04,경인선,부천,30972,30890,61862,82,8,4,목
2022-08-04,경인선,송내,26272,25881,52153,391,8,4,목
2022-08-04,경인선,부평,28812,30527,59339,-1715,8,4,목
2022-08-04,경인선,백운,6720,6527,13247,193,8,4,목
2022-08-04,경인선,동암,15216,15066,30282,150,8,4,목
2022-08-04,경인선,주안,18068,16213,34281,1855,8,4,목
2022-08-04,경인선,제물포,9724,9066,18790,658,8,4,목
2022-08-04,경인선,동인천,13443,13096,26539,347,8,4,목
2022-08-04,경인선,인천,4149,3466,7615,683,8,4,목
2022-08-04,경인선,구일,8543,8669,17212,-126,8,4,목
2022-08-04,경인선,소사,7880,7912,15792,-32,8,4,목
2022-08-04,경인선,부개,8401,7815,16216,586,8,4,목
2022-08-04,경인선,간석,5706,5345,11051,361,8,4,목
2022-08-04,경인선,도원,2647,2628,5275,19,8,4,목
2022-08-04,경인선,온수(성공회대입구),6295,5941,12236,354,8,4,목
2022-08-04,경인선,중동,8932,8223,17155,709,8,4,목
2022-08-04,경인선,도화,4021,3684,7705,337,8,4,목
2022-08-04,경춘선,신내,2062,1985,4047,77,8,4,목
2022-08-04,경춘선,갈매,2798,2462,5260,336,8,4,목
2022-08-04,경춘선,별내,3040,2812,5852,228,8,4,목
2022-08-04,경춘선,퇴계원,3268,3104,6372,164,8,4,목
2022-08-04,경춘선,사릉,2156,2160,4316,-4,8,4,목
2022-08-04,경춘선,금곡,1439,1324,2763,115,8,4,목
2022-08-04,경춘선,평내호평,6052,5875,11927,177,8,4,목
2022-08-04,경춘선,천마산,1571,1451,3022,120,8,4,목
2022-08-04,경춘선,마석,3820,3821,7641,-1,8,4,목
2022-08-04,경춘선,대성리,1031,801,1832,230,8,4,목
2022-08-04,경춘선,청평,1932,1894,3826,38,8,4,목
2022-08-04,경춘선,상천,356,325,681,31,8,4,목
2022-08-04,경춘선,가평,3008,2985,5993,23,8,4,목
2022-08-04,경춘선,굴봉산,188,164,352,24,8,4,목
2022-08-04,경춘선,강촌,597,553,1150,44,8,4,목
2022-08-04,경춘선,김유정,358,357,715,1,8,4,목
2022-08-04,경춘선,남춘천,2461,2563,5024,-102,8,4,목
2022-08-04,경춘선,춘천,1593,1447,3040,146,8,4,목
2022-08-04,공항철도 1호선,서울역,9219,8701,17920,518,8,4,목
2022-08-04,공항철도 1호선,공덕,2456,3227,5683,-771,8,4,목
2022-08-04,공항철도 1호선,홍대입구,11395,11865,23260,-470,8,4,목
2022-08-04,공항철도 1호선,디지털미디어시티,14543,13366,27909,1177,8,4,목
2022-08-04,공항철도 1호선,마곡나루(서울식물원),8513,8097,16610,416,8,4,목
2022-08-04,공항철도 1호선,김포공항,11322,6395,17717,4927,8,4,목
2022-08-04,공항철도 1호선,계양,11198,10225,21423,973,8,4,목
2022-08-04,공항철도 1호선,검암,6708,6659,13367,49,8,4,목
2022-08-04,공항철도 1호선,청라국제도시,7166,6628,13794,538,8,4,목
2022-08-04,공항철도 1호선,운서,7678,7983,15661,-305,8,4,목
2022-08-04,공항철도 1호선,공항화물청사,2399,2584,4983,-185,8,4,목
2022-08-04,공항철도 1호선,인천공항1터미널,8611,7312,15923,1299,8,4,목
2022-08-04,공항철도 1호선,인천공항2터미널,4004,3324,7328,680,8,4,목
2022-08-04,공항철도 1호선,영종,3554,3644,7198,-90,8,4,목
2022-08-04,과천선,선바위,7665,6712,14377,953,8,4,목
2022-08-04,과천선,경마공원,1267,1270,2537,-3,8,4,목
2022-08-04,과천선,대공원,3628,3808,7436,-180,8,4,목
2022-08-04,과천선,과천,6558,6106,12664,452,8,4,목
2022-08-04,과천선,정부과천청사,10995,11017,22012,-22,8,4,목
2022-08-04,과천선,인덕원,23000,23947,46947,-947,8,4,목
2022-08-04,과천선,평촌,16832,16471,33303,361,8,4,목
2022-08-04,과천선,범계,25220,25327,50547,-107,8,4,목
2022-08-04,분당선,선릉,14065,21089,35154,-7024,8,4,목
2022-08-04,분당선,한티,15541,16380,31921,-839,8,4,목
2022-08-04,분당선,도곡,6925,6786,13711,139,8,4,목
2022-08-04,분당선,구룡,1894,1788,3682,106,8,4,목
2022-08-04,분당선,개포동,3876,4041,7917,-165,8,4,목
2022-08-04,분당선,대모산입구,4605,4274,8879,331,8,4,목
2022-08-04,분당선,수서,13756,14085,27841,-329,8,4,목
2022-08-04,분당선,복정,1,0,1,1,8,4,목
2022-08-04,분당선,수원,8006,6733,14739,1273,8,4,목
2022-08-04,분당선,서울숲,11862,12146,24008,-284,8,4,목
2022-08-04,분당선,압구정로데오,19559,21997,41556,-2438,8,4,목
2022-08-04,분당선,강남구청,9256,10804,20060,-1548,8,4,목
2022-08-04,분당선,선정릉,8071,8620,16691,-549,8,4,목
2022-08-04,분당선,가천대,6638,7363,14001,-725,8,4,목
2022-08-04,분당선,태평,13515,12800,26315,715,8,4,목
2022-08-04,분당선,모란,23411,24188,47599,-777,8,4,목
2022-08-04,분당선,야탑,25344,26311,51655,-967,8,4,목
2022-08-04,분당선,서현,24265,24471,48736,-206,8,4,목
2022-08-04,분당선,수내,13977,13654,27631,323,8,4,목
2022-08-04,분당선,정자,17906,18829,36735,-923,8,4,목
2022-08-04,분당선,미금,14832,16025,30857,-1193,8,4,목
2022-08-04,분당선,오리,11490,9500,20990,1990,8,4,목
2022-08-04,분당선,이매,5318,5086,10404,232,8,4,목
2022-08-04,분당선,보정,2409,2057,4466,352,8,4,목
2022-08-04,분당선,죽전,12307,13623,25930,-1316,8,4,목
2022-08-04,분당선,구성,4921,5133,10054,-212,8,4,목
2022-08-04,분당선,신갈,4562,4484,9046,78,8,4,목
2022-08-04,분당선,기흥,9752,9096,18848,656,8,4,목
2022-08-04,분당선,상갈,5273,5105,10378,168,8,4,목
2022-08-04,분당선,청명,4121,3870,7991,251,8,4,목
2022-08-04,분당선,영통,7913,8112,16025,-199,8,4,목
2022-08-04,분당선,망포,14015,13211,27226,804,8,4,목
2022-08-04,분당선,매탄권선,4907,4709,9616,198,8,4,목
2022-08-04,분당선,수원시청,12199,13094,25293,-895,8,4,목
2022-08-04,분당선,매교,2853,2940,5793,-87,8,4,목
2022-08-04,수인선,고색,4500,4178,8678,322,8,4,목
2022-08-04,수인선,오목천,2799,2584,5383,215,8,4,목
2022-08-04,수인선,어천,754,824,1578,-70,8,4,목
2022-08-04,수인선,야목,397,272,669,125,8,4,목
2022-08-04,수인선,사리,4385,3755,8140,630,8,4,목
2022-08-04,수인선,달월,127,84,211,43,8,4,목
2022-08-04,수인선,월곶,2713,2538,5251,175,8,4,목
2022-08-04,수인선,소래포구,4738,4335,9073,403,8,4,목
2022-08-04,수인선,인천논현,5085,5398,10483,-313,8,4,목
2022-08-04,수인선,호구포,3692,3815,7507,-123,8,4,목
2022-08-04,수인선,남동인더스파크,1902,2163,4065,-261,8,4,목
2022-08-04,수인선,원인재,3869,4033,7902,-164,8,4,목
2022-08-04,수인선,연수,4194,4156,8350,38,8,4,목
2022-08-04,수인선,송도,2168,1993,4161,175,8,4,목
2022-08-04,수인선,인하대,5286,4956,10242,330,8,4,목
2022-08-04,수인선,숭의,3771,3457,7228,314,8,4,목
2022-08-04,수인선,신포,1668,1642,3310,26,8,4,목
2022-08-04,수인선,인천,1177,1874,3051,-697,8,4,목
2022-08-04,신림선,샛강,2132,2558,4690,-426,8,4,목
2022-08-04,신림선,대방,2035,1567,3602,468,8,4,목
2022-08-04,신림선,서울지방병무청,2255,2468,4723,-213,8,4,목
2022-08-04,신림선,보라매,2664,2432,5096,232,8,4,목
2022-08-04,안산선,안산,11130,10431,21561,699,8,4,목
2022-08-04,안산선,신길온천,1722,1543,3265,179,8,4,목
2022-08-04,안산선,정왕,7340,7603,14943,-263,8,4,목
2022-08-04,안산선,오이도,8197,8001,16198,196,8,4,목
2022-08-04,안산선,수리산,3764,3077,6841,687,8,4,목
2022-08-04,우이신설선,북한산우이,3499,3265,6764,234,8,4,목
2022-08-04,우이신설선,솔밭공원,2481,2343,4824,138,8,4,목
2022-08-04,우이신설선,4.19민주묘지,2836,2603,5439,233,8,4,목
2022-08-04,우이신설선,가오리,4227,4241,8468,-14,8,4,목
2022-08-04,우이신설선,화계,3441,3085,6526,356,8,4,목
2022-08-04,우이신설선,삼양,1952,2076,4028,-124,8,4,목
2022-08-04,우이신설선,삼양사거리,2454,2444,4898,10,8,4,목
2022-08-04,우이신설선,솔샘,5681,5235,10916,446,8,4,목
2022-08-04,우이신설선,북한산보국문,5640,5337,10977,303,8,4,목
2022-08-04,우이신설선,정릉,4403,4010,8413,393,8,4,목
2022-08-04,우이신설선,성신여대입구(돈암),3137,3569,6706,-432,8,4,목
2022-08-04,우이신설선,보문,1429,1449,2878,-20,8,4,목
2022-08-04,우이신설선,신설동,2019,2009,4028,10,8,4,목
2022-08-04,일산선,원흥,10800,10245,21045,555,8,4,목
2022-08-04,일산선,삼송,19133,18432,37565,701,8,4,목
2022-08-04,일산선,원당,10634,9948,20582,686,8,4,목
2022-08-04,일산선,화정,16175,16418,32593,-243,8,4,목
2022-08-04,일산선,대곡,2031,1645,3676,386,8,4,목
2022-08-04,일산선,백석,9715,9632,19347,83,8,4,목
2022-08-04,일산선,마두,7456,7576,15032,-120,8,4,목
2022-08-04,일산선,정발산,6803,6985,13788,-182,8,4,목
2022-08-04,일산선,주엽,9119,9202,18321,-83,8,4,목
2022-08-04,일산선,대화,12574,10030,22604,2544,8,4,목
2022-08-04,장항선,봉명,1292,1208,2500,84,8,4,목
2022-08-04,장항선,쌍용(나사렛대),1971,1857,3828,114,8,4,목
2022-08-04,장항선,아산,3089,2662,5751,427,8,4,목
2022-08-04,장항선,탕정,836,744,1580,92,8,4,목
2022-08-04,장항선,배방,1037,991,2028,46,8,4,목
2022-08-04,장항선,온양온천,4630,4755,9385,-125,8,4,목
2022-08-04,장항선,신창(순천향대),1114,1095,2209,19,8,4,목
2022-08-04,중앙선,회기,23464,22447,45911,1017,8,4,목
2022-08-04,중앙선,중랑,5557,5170,10727,387,8,4,목
2022-08-04,중앙선,상봉(시외버스터미널),5630,5624,11254,6,8,4,목
2022-08-04,중앙선,망우,7764,7236,15000,528,8,4,목
2022-08-04,중앙선,양원,2850,2719,5569,131,8,4,목
2022-08-04,중앙선,구리,13027,13101,26128,-74,8,4,목
2022-08-04,중앙선,도농,10410,9463,19873,947,8,4,목
2022-08-04,중앙선,양정,734,623,1357,111,8,4,목
2022-08-04,중앙선,덕소,5570,5378,10948,192,8,4,목
2022-08-04,중앙선,도심,2249,1767,4016,482,8,4,목
2022-08-04,중앙선,팔당,945,944,1889,1,8,4,목
2022-08-04,중앙선,운길산,735,703,1438,32,8,4,목
2022-08-04,중앙선,양수,1979,2053,4032,-74,8,4,목
2022-08-04,중앙선,신원,240,201,441,39,8,4,목
2022-08-04,중앙선,국수,694,674,1368,20,8,4,목
2022-08-04,중앙선,아신,578,603,1181,-25,8,4,목
2022-08-04,중앙선,오빈,339,357,696,-18,8,4,목
2022-08-04,중앙선,양평,2856,2828,5684,28,8,4,목
2022-08-04,중앙선,원덕,340,342,682,-2,8,4,목
2022-08-04,중앙선,용문,2408,2487,4895,-79,8,4,목
2022-08-04,중앙선,지평,83,72,155,11,8,4,목
2022-08-04,7호선,남성,10825,10057,20882,768,8,4,목
2022-08-04,7호선,이수,15660,15090,30750,570,8,4,목
2022-08-04,7호선,내방,14380,14570,28950,-190,8,4,목
2022-08-04,7호선,고속터미널,16448,13629,30077,2819,8,4,목
2022-08-04,7호선,반포,5888,5632,11520,256,8,4,목
2022-08-04,7호선,논현,18521,19515,38036,-994,8,4,목
2022-08-04,7호선,학동,23817,25118,48935,-1301,8,4,목
2022-08-04,7호선,강남구청,16540,18551,35091,-2011,8,4,목
2022-08-04,7호선,청담,19322,21655,40977,-2333,8,4,목
2022-08-04,7호선,뚝섬유원지,9104,8677,17781,427,8,4,목
2022-08-04,7호선,건대입구,12465,12825,25290,-360,8,4,목
2022-08-04,7호선,어린이대공원(세종대),12873,12630,25503,243,8,4,목
2022-08-04,7호선,군자(능동),14732,11812,26544,2920,8,4,목
2022-08-04,7호선,중곡,10388,9992,20380,396,8,4,목
2022-08-04,7호선,용마산(용마폭포공원),5767,5631,11398,136,8,4,목
2022-08-04,7호선,사가정,15638,15386,31024,252,8,4,목
2022-08-04,7호선,면목,14640,14311,28951,329,8,4,목
2022-08-04,7호선,상봉(시외버스터미널),16398,15460,31858,938,8,4,목
2022-08-04,7호선,중화,10403,10083,20486,320,8,4,목
2022-08-04,7호선,먹골,10001,9839,19840,162,8,4,목
2022-08-04,7호선,태릉입구,8218,7729,15947,489,8,4,목
2022-08-04,7호선,공릉(서울과학기술대),10901,10836,21737,65,8,4,목
2022-08-04,7호선,하계,16807,15802,32609,1005,8,4,목
2022-08-04,7호선,중계,13641,12368,26009,1273,8,4,목
2022-08-04,2호선,신도림,47149,46898,94047,251,8,4,목
2022-08-04,2호선,문래,21742,22332,44074,-590,8,4,목
2022-08-04,2호선,영등포구청,21309,21907,43216,-598,8,4,목
2022-08-04,2호선,당산,17588,20523,38111,-2935,8,4,목
2022-08-04,2호선,합정,31507,33881,65388,-2374,8,4,목
2022-08-04,2호선,홍대입구,60738,64935,125673,-4197,8,4,목
2022-08-04,2호선,신촌,35020,35340,70360,-320,8,4,목
2022-08-04,2호선,이대,12919,13758,26677,-839,8,4,목
2022-08-04,2호선,아현,10258,9576,19834,682,8,4,목
2022-08-04,2호선,충정로(경기대입구),9725,10345,20070,-620,8,4,목
2022-08-04,2호선,용답,2641,2488,5129,153,8,4,목
2022-08-04,2호선,신답,1666,1797,3463,-131,8,4,목
2022-08-04,2호선,신설동,3031,3044,6075,-13,8,4,목
2022-08-04,2호선,도림천,1347,1407,2754,-60,8,4,목
2022-08-04,2호선,양천구청,6606,6724,13330,-118,8,4,목
2022-08-04,2호선,신정네거리,10053,10223,20276,-170,8,4,목
2022-08-04,2호선,용두(동대문구청),2364,2324,4688,40,8,4,목
2022-08-04,3호선,지축,5036,4803,9839,233,8,4,목
2022-08-04,3호선,구파발,20976,20197,41173,779,8,4,목
2022-08-04,3호선,연신내,34656,33068,67724,1588,8,4,목
2022-08-04,3호선,불광,15721,16940,32661,-1219,8,4,목
2022-08-04,3호선,녹번,14873,13191,28064,1682,8,4,목
2022-08-04,3호선,홍제,16746,15733,32479,1013,8,4,목
2022-08-04,3호선,무악재,3908,3855,7763,53,8,4,목
2022-08-04,3호선,독립문,6929,6965,13894,-36,8,4,목
2022-08-04,3호선,경복궁(정부서울청사),20746,21427,42173,-681,8,4,목
2022-08-04,3호선,안국,22386,22783,45169,-397,8,4,목
2022-08-04,3호선,종로3가,10477,12285,22762,-1808,8,4,목
2022-08-04,3호선,을지로3가,11032,10835,21867,197,8,4,목
2022-08-04,3호선,충무로,1,0,1,1,8,4,목
2022-08-04,3호선,동대입구,7942,8413,16355,-471,8,4,목
2022-08-04,3호선,약수,12483,12060,24543,423,8,4,목
2022-08-04,3호선,금호,7757,7202,14959,555,8,4,목
2022-08-04,3호선,옥수,8599,8904,17503,-305,8,4,목
2022-08-04,3호선,압구정,31166,33786,64952,-2620,8,4,목
2022-08-04,3호선,신사,28759,30171,58930,-1412,8,4,목
2022-08-04,3호선,잠원,4675,4560,9235,115,8,4,목
2022-08-04,3호선,고속터미널,42137,40875,83012,1262,8,4,목
2022-08-04,3호선,교대(법원.검찰청),13383,8882,22265,4501,8,4,목
2022-08-04,3호선,남부터미널(예술의전당),27939,28536,56475,-597,8,4,목
2022-08-04,3호선,양재(서초구청),35190,38547,73737,-3357,8,4,목
2022-08-04,3호선,매봉,12290,11795,24085,495,8,4,목
2022-08-04,3호선,도곡,4915,4930,9845,-15,8,4,목
2022-08-04,3호선,대치,11657,11424,23081,233,8,4,목
2022-08-04,3호선,학여울,2055,2132,4187,-77,8,4,목
2022-08-04,3호선,대청,9654,8915,18569,739,8,4,목
2022-08-04,3호선,일원,10246,9914,20160,332,8,4,목
2022-08-04,3호선,수서,16116,16714,32830,-598,8,4,목
2022-08-04,3호선,가락시장,8679,8549,17228,130,8,4,목
2022-08-04,3호선,경찰병원,7211,7217,14428,-6,8,4,목
2022-08-04,4호선,당고개,8836,7921,16757,915,8,4,목
2022-08-04,4호선,상계,18302,16998,35300,1304,8,4,목
2022-08-04,4호선,노원,17894,20376,38270,-2482,8,4,목
2022-08-04,4호선,창동,24011,25479,49490,-1468,8,4,목
2022-08-04,4호선,쌍문,27657,25676,53333,1981,8,4,목
2022-08-04,4호선,수유(강북구청),32466,32739,65205,-273,8,4,목
2022-08-04,4호선,미아(서울사이버대학),14050,13520,27570,530,8,4,목
2022-08-04,4호선,미아사거리,25748,25454,51202,294,8,4,목
2022-08-04,4호선,길음,19907,19450,39357,457,8,4,목
2022-08-04,4호선,성신여대입구(돈암),19096,18577,37673,519,8,4,목
2022-08-04,4호선,한성대입구(삼선교),12533,11877,24410,656,8,4,목
2022-08-04,4호선,혜화,34732,34981,69713,-249,8,4,목
2022-08-04,4호선,동대문,21782,22347,44129,-565,8,4,목
2022-08-04,4호선,동대문역사문화공원(DDP),16618,14527,31145,2091,8,4,목
2022-08-04,4호선,충무로,25458,26853,52311,-1395,8,4,목
2022-08-04,4호선,명동,20972,21872,42844,-900,8,4,목
2022-08-04,4호선,회현(남대문시장),24534,25733,50267,-1199,8,4,목
2022-08-04,4호선,서울역,11540,18146,29686,-6606,8,4,목
2022-08-04,4호선,숙대입구(갈월),12533,12168,24701,365,8,4,목
2022-08-04,4호선,삼각지,5385,5961,11346,-576,8,4,목
2022-08-04,4호선,신용산,17228,18468,35696,-1240,8,4,목
2022-08-04,4호선,이촌(국립중앙박물관),9760,10747,20507,-987,8,4,목
2022-08-04,4호선,동작(현충원),1267,1290,2557,-23,8,4,목
2022-08-04,4호선,총신대입구(이수),18038,19665,37703,-1627,8,4,목
2022-08-04,4호선,사당,25224,20894,46118,4330,8,4,목
2022-08-04,4호선,남태령,1196,1019,2215,177,8,4,목
2022-08-04,5호선,방화,6599,6289,12888,310,8,4,목
2022-08-04,5호선,개화산,5568,5252,10820,316,8,4,목
2022-08-04,5호선,김포공항,8198,7836,16034,362,8,4,목
2022-08-04,5호선,송정,6222,5706,11928,516,8,4,목
2022-08-04,5호선,마곡,10462,10579,21041,-117,8,4,목
2022-08-04,5호선,발산,19804,20664,40468,-860,8,4,목
2022-08-04,5호선,우장산,13747,13463,27210,284,8,4,목
2022-08-04,5호선,화곡,27808,25601,53409,2207,8,4,목
2022-08-04,5호선,까치산,28051,26647,54698,1404,8,4,목
2022-08-04,5호선,신정(은행정),13414,10785,24199,2629,8,4,목
2022-08-04,5호선,목동,16041,17163,33204,-1122,8,4,목
2022-08-04,5호선,오목교(목동운동장앞),21397,22976,44373,-1579,8,4,목
2022-08-04,5호선,양평,7159,7014,14173,145,8,4,목
2022-08-04,5호선,영등포구청,4022,4008,8030,14,8,4,목
2022-08-04,5호선,영등포시장,9848,10074,19922,-226,8,4,목
2022-08-04,5호선,신길,4389,4485,8874,-96,8,4,목
2022-08-04,5호선,여의도,29186,31456,60642,-2270,8,4,목
2022-08-04,5호선,여의나루,12750,14159,26909,-1409,8,4,목
2022-08-04,5호선,마포,14231,14586,28817,-355,8,4,목
2022-08-04,5호선,공덕,13936,14777,28713,-841,8,4,목
2022-08-04,5호선,애오개,6371,6393,12764,-22,8,4,목
2022-08-04,5호선,충정로(경기대입구),4685,4709,9394,-24,8,4,목
2022-08-04,5호선,서대문,19025,19341,38366,-316,8,4,목
2022-08-04,5호선,광화문(세종문화회관),31606,32870,64476,-1264,8,4,목
2022-08-04,5호선,종로3가,13372,13198,26570,174,8,4,목
2022-08-04,5호선,을지로4가,6291,6468,12759,-177,8,4,목
2022-08-04,5호선,동대문역사문화공원(DDP),3149,3756,6905,-607,8,4,목
2022-08-04,5호선,청구,3602,3513,7115,89,8,4,목
2022-08-04,5호선,신금호,6007,6237,12244,-230,8,4,목
2022-08-04,5호선,행당,7974,7108,15082,866,8,4,목
2022-08-04,5호선,왕십리(성동구청),4316,5100,9416,-784,8,4,목
2022-08-04,5호선,마장,5358,4885,10243,473,8,4,목
2022-08-04,5호선,답십리,15830,14183,30013,1647,8,4,목
2022-08-04,5호선,장한평,18074,18088,36162,-14,8,4,목
2022-08-04,5호선,군자(능동),10954,11911,22865,-957,8,4,목
2022-08-04,5호선,아차산(어린이대공원후문),13565,13238,26803,327,8,4,목
2022-08-04,5호선,광나루(장신대),12692,11492,24184,1200,8,4,목
2022-08-04,5호선,천호(풍납토성),17916,18005,35921,-89,8,4,목
2022-08-04,5호선,강동,18135,17452,35587,683,8,4,목
2022-08-04,5호선,길동,7919,8185,16104,-266,8,4,목
2022-08-04,5호선,굽은다리(강동구민회관앞),9464,9066,18530,398,8,4,목
2022-08-04,5호선,명일,8218,8400,16618,-182,8,4,목
2022-08-04,5호선,고덕,9445,9453,18898,-8,8,4,목
2022-08-04,5호선,상일동,14309,13190,27499,1119,8,4,목
2022-08-04,5호선,둔촌동,7662,7814,15476,-152,8,4,목
2022-08-04,5호선,올림픽공원(한국체대),4068,3269,7337,799,8,4,목
2022-08-04,5호선,방이,6992,7371,14363,-379,8,4,목
2022-08-04,2호선,왕십리(성동구청),15734,13518,29252,2216,8,4,목
2022-08-04,5호선,개롱,6276,6401,12677,-125,8,4,목
2022-08-04,5호선,거여,9744,9131,18875,613,8,4,목
2022-08-04,5호선,마천,7005,6746,13751,259,8,4,목
2022-08-04,5호선,강일,4359,4182,8541,177,8,4,목
2022-08-04,5호선,미사,16423,16405,32828,18,8,4,목
2022-08-04,5호선,하남풍산,4159,4222,8381,-63,8,4,목
2022-08-04,5호선,하남시청(덕풍·신장),6855,6619,13474,236,8,4,목
2022-08-04,5호선,하남검단산,6013,5658,11671,355,8,4,목
2022-08-04,6호선,응암,16912,16533,33445,379,8,4,목
2022-08-04,6호선,역촌,3828,4368,8196,-540,8,4,목
2022-08-04,6호선,불광,4567,4253,8820,314,8,4,목
2022-08-04,6호선,독바위,2756,2845,5601,-89,8,4,목
2022-08-04,6호선,구산,7419,5574,12993,1845,8,4,목
2022-08-04,6호선,새절(신사),12092,11224,23316,868,8,4,목
2022-08-04,6호선,증산(명지대앞),9513,9306,18819,207,8,4,목
2022-08-04,6호선,디지털미디어시티,13862,15547,29409,-1685,8,4,목
2022-08-04,6호선,월드컵경기장(성산),4309,4596,8905,-287,8,4,목
2022-08-04,6호선,마포구청,14221,12691,26912,1530,8,4,목
2022-08-04,6호선,망원,13745,14854,28599,-1109,8,4,목
2022-08-04,6호선,합정,13029,12962,25991,67,8,4,목
2022-08-04,6호선,상수,9112,10381,19493,-1269,8,4,목
2022-08-04,6호선,광흥창(서강),9077,8645,17722,432,8,4,목
2022-08-04,6호선,대흥(서강대앞),8001,8289,16290,-288,8,4,목
2022-08-04,6호선,공덕,17873,17574,35447,299,8,4,목
2022-08-04,6호선,효창공원앞,6549,5898,12447,651,8,4,목
2022-08-04,6호선,삼각지,7607,6462,14069,1145,8,4,목
2022-08-04,6호선,녹사평(용산구청),4888,4923,9811,-35,8,4,목
2022-08-04,6호선,이태원,10899,11880,22779,-981,8,4,목
2022-08-04,6호선,한강진,8634,9879,18513,-1245,8,4,목
2022-08-04,6호선,버티고개,2080,2000,4080,80,8,4,목
2022-08-04,6호선,약수,3558,3572,7130,-14,8,4,목
2022-08-04,6호선,청구,3659,3643,7302,16,8,4,목
2022-08-04,6호선,신당,8059,8443,16502,-384,8,4,목
2022-08-04,6호선,동묘앞,7764,7734,15498,30,8,4,목
2022-08-04,6호선,창신,3367,2777,6144,590,8,4,목
2022-08-04,6호선,보문,7278,6495,13773,783,8,4,목
2022-08-04,6호선,안암(고대병원앞),10081,10167,20248,-86,8,4,목
2022-08-04,6호선,고려대(종암),7626,7427,15053,199,8,4,목
2022-08-04,6호선,월곡(동덕여대),11164,10951,22115,213,8,4,목
2022-08-04,6호선,상월곡(한국과학기술연구원),6692,6138,12830,554,8,4,목
2022-08-04,6호선,돌곶이,8981,8266,17247,715,8,4,목
2022-08-04,6호선,석계,11792,12165,23957,-373,8,4,목
2022-08-04,6호선,태릉입구,5416,5769,11185,-353,8,4,목
2022-08-04,6호선,화랑대(서울여대입구),11019,8405,19424,2614,8,4,목
2022-08-04,6호선,봉화산(서울의료원),8705,8160,16865,545,8,4,목
2022-08-04,7호선,장암,2315,1008,3323,1307,8,4,목
2022-08-04,7호선,수락산,12493,12469,24962,24,8,4,목
2022-08-04,7호선,도봉산,8669,10106,18775,-1437,8,4,목
2022-08-04,신림선,당곡,3699,3530,7229,169,8,4,목
2022-08-04,신림선,신림,1660,2275,3935,-615,8,4,목
2022-08-04,신림선,서원,2883,2567,5450,316,8,4,목
2022-08-04,신림선,서울대벤처타운,6228,6357,12585,-129,8,4,목
2022-08-04,신림선,관악산(서울대),3330,3256,6586,74,8,4,목
2022-08-04,안산선,산본,15164,16344,31508,-1180,8,4,목
2022-08-04,안산선,대야미,4703,4213,8916,490,8,4,목
2022-08-04,안산선,반월,3984,3839,7823,145,8,4,목
2022-08-04,안산선,상록수,14509,14563,29072,-54,8,4,목
2022-08-04,안산선,한대앞,8458,8352,16810,106,8,4,목
2022-08-04,안산선,중앙,16920,17631,34551,-711,8,4,목
2022-08-04,안산선,고잔,8427,7894,16321,533,8,4,목
2022-08-04,안산선,초지,4456,4415,8871,41,8,4,목
2022-08-04,2호선,강남,85162,81971,167133,3191,8,4,목
2022-08-04,1호선,서울역,46776,45483,92259,1293,8,4,목
2022-08-04,1호선,시청,23973,24448,48421,-475,8,4,목
2022-08-04,1호선,종각,38662,37604,76266,1058,8,4,목
2022-08-04,1호선,종로3가,25961,23869,49830,2092,8,4,목
2022-08-04,1호선,종로5가,22640,22523,45163,117,8,4,목
2022-08-04,1호선,동대문,11100,10569,21669,531,8,4,목
2022-08-04,1호선,신설동,12939,12636,25575,303,8,4,목
2022-08-04,1호선,제기동,16097,16429,32526,-332,8,4,목
2022-08-04,1호선,청량리(서울시립대입구),19211,19176,38387,35,8,4,목
2022-08-04,1호선,동묘앞,7138,7395,14533,-257,8,4,목
2022-08-04,2호선,시청,24916,24692,49608,224,8,4,목
2022-08-04,2호선,을지로입구,42834,44370,87204,-1536,8,4,목
2022-08-04,2호선,을지로3가,24125,24341,48466,-216,8,4,목
2022-08-04,2호선,을지로4가,13768,13595,27363,173,8,4,목
2022-08-04,2호선,동대문역사문화공원(DDP),13138,14728,27866,-1590,8,4,목
2022-08-04,2호선,신당,13691,14263,27954,-572,8,4,목
2022-08-04,2호선,상왕십리,13935,13716,27651,219,8,4,목
2022-08-05,6호선,버티고개,2063,1974,4037,89,8,5,금
2022-08-05,중앙선,지평,62,69,131,-7,8,5,금
2022-08-05,중앙선,용문,3837,4064,7901,-227,8,5,금
2022-08-05,중앙선,원덕,412,436,848,-24,8,5,금
2022-08-05,중앙선,양평,2951,3127,6078,-176,8,5,금
2022-08-05,중앙선,오빈,329,336,665,-7,8,5,금
2022-08-05,중앙선,아신,623,688,1311,-65,8,5,금
2022-08-05,중앙선,국수,646,674,1320,-28,8,5,금
2022-08-05,중앙선,신원,193,203,396,-10,8,5,금
2022-08-05,중앙선,양수,2125,2112,4237,13,8,5,금
2022-08-05,중앙선,운길산,750,741,1491,9,8,5,금
2022-08-05,중앙선,팔당,944,1007,1951,-63,8,5,금
2022-08-05,중앙선,도심,2270,1742,4012,528,8,5,금
2022-08-05,중앙선,덕소,5527,5486,11013,41,8,5,금
2022-08-05,중앙선,양정,693,602,1295,91,8,5,금
2022-08-05,중앙선,도농,10414,9475,19889,939,8,5,금
2022-08-05,중앙선,구리,13286,13334,26620,-48,8,5,금
2022-08-05,중앙선,양원,2913,2719,5632,194,8,5,금
2022-08-05,중앙선,망우,7795,7519,15314,276,8,5,금
2022-08-05,중앙선,상봉(시외버스터미널),5786,5487,11273,299,8,5,금
2022-08-05,중앙선,중랑,5727,5253,10980,474,8,5,금
2022-08-05,중앙선,회기,24152,22656,46808,1496,8,5,금
2022-08-05,장항선,신창(순천향대),1233,1064,2297,169,8,5,금
2022-08-05,장항선,온양온천,3655,3911,7566,-256,8,5,금
2022-08-05,장항선,배방,1102,1000,2102,102,8,5,금
2022-08-05,장항선,탕정,860,775,1635,85,8,5,금
2022-08-05,우이신설선,성신여대입구(돈암),3207,3667,6874,-460,8,5,금
2022-08-05,우이신설선,정릉,4565,3990,8555,575,8,5,금
2022-08-05,우이신설선,북한산보국문,5762,5366,11128,396,8,5,금
2022-08-05,우이신설선,솔샘,5624,5064,10688,560,8,5,금
2022-08-05,우이신설선,삼양사거리,2450,2370,4820,80,8,5,금
2022-08-05,우이신설선,삼양,1990,2031,4021,-41,8,5,금
2022-08-05,우이신설선,화계,3407,3100,6507,307,8,5,금
2022-08-05,우이신설선,가오리,4128,4050,8178,78,8,5,금
2022-08-05,우이신설선,4.19민주묘지,2971,2685,5656,286,8,5,금
2022-08-05,우이신설선,솔밭공원,2512,2290,4802,222,8,5,금
2022-08-05,우이신설선,북한산우이,3158,3056,6214,102,8,5,금
2022-08-05,안산선,수리산,3885,3130,7015,755,8,5,금
2022-08-05,안산선,오이도,8406,8298,16704,108,8,5,금
2022-08-05,안산선,정왕,7788,7979,15767,-191,8,5,금
2022-08-05,안산선,신길온천,1705,1614,3319,91,8,5,금
2022-08-05,안산선,안산,11243,10457,21700,786,8,5,금
2022-08-05,안산선,초지,4559,4467,9026,92,8,5,금
2022-08-05,안산선,고잔,8502,8011,16513,491,8,5,금
2022-08-05,안산선,중앙,17552,19008,36560,-1456,8,5,금
2022-08-05,안산선,한대앞,8623,8567,17190,56,8,5,금
2022-08-05,안산선,상록수,15158,15150,30308,8,8,5,금
2022-08-05,안산선,반월,4211,4027,8238,184,8,5,금
2022-08-05,안산선,대야미,4903,4178,9081,725,8,5,금
2022-08-05,안산선,산본,15791,16951,32742,-1160,8,5,금
2022-08-05,신림선,관악산(서울대),3222,3016,6238,206,8,5,금
2022-08-05,신림선,서울대벤처타운,6446,6284,12730,162,8,5,금
2022-08-05,신림선,서원,2954,2546,5500,408,8,5,금
2022-08-05,신림선,신림,1717,2252,3969,-535,8,5,금
2022-08-05,신림선,당곡,3731,3516,7247,215,8,5,금
2022-08-05,신림선,보라매병원,6282,6412,12694,-130,8,5,금
2022-08-05,신림선,보라매공원,1718,1827,3545,-109,8,5,금
2022-08-05,신림선,보라매,2766,2478,5244,288,8,5,금
2022-08-05,신림선,서울지방병무청,2245,2401,4646,-156,8,5,금
2022-08-05,신림선,대방,2010,1529,3539,481,8,5,금
2022-08-05,신림선,샛강,2046,2562,4608,-516,8,5,금
2022-08-05,수인선,인천,1102,1819,2921,-717,8,5,금
2022-08-05,수인선,신포,1643,1712,3355,-69,8,5,금
2022-08-05,수인선,숭의,3757,3438,7195,319,8,5,금
2022-08-05,수인선,인하대,5458,5021,10479,437,8,5,금
2022-08-05,수인선,송도,2215,2103,4318,112,8,5,금
2022-08-05,수인선,연수,4453,4579,9032,-126,8,5,금
2022-08-05,수인선,원인재,4146,4415,8561,-269,8,5,금
2022-08-05,수인선,남동인더스파크,1978,2173,4151,-195,8,5,금
2022-08-05,수인선,호구포,3952,4024,7976,-72,8,5,금
2022-08-05,수인선,인천논현,5277,5598,10875,-321,8,5,금
2022-08-05,수인선,소래포구,4769,4730,9499,39,8,5,금
2022-08-05,수인선,월곶,2623,2427,5050,196,8,5,금
2022-08-05,수인선,달월,111,81,192,30,8,5,금
2022-08-05,수인선,사리,4522,3826,8348,696,8,5,금
2022-08-05,수인선,야목,418,252,670,166,8,5,금
2022-08-05,수인선,어천,826,816,1642,10,8,5,금
2022-08-05,수인선,오목천,3022,2713,5735,309,8,5,금
2022-08-05,수인선,고색,4491,4043,8534,448,8,5,금
2022-08-05,분당선,매교,2891,2931,5822,-40,8,5,금
2022-08-05,분당선,수원시청,12597,14578,27175,-1981,8,5,금
2022-08-05,분당선,매탄권선,5180,4761,9941,419,8,5,금
2022-08-05,분당선,망포,14654,13228,27882,1426,8,5,금
2022-08-05,분당선,영통,8433,8584,17017,-151,8,5,금
2022-08-05,분당선,청명,4135,3977,8112,158,8,5,금
2022-08-05,분당선,상갈,5323,5024,10347,299,8,5,금
2022-08-05,분당선,기흥,9979,9326,19305,653,8,5,금
2022-08-05,분당선,신갈,4649,4430,9079,219,8,5,금
2022-08-05,분당선,구성,4842,4975,9817,-133,8,5,금
2022-08-05,분당선,죽전,12814,14061,26875,-1247,8,5,금
2022-08-05,분당선,보정,2507,2084,4591,423,8,5,금
2022-08-05,분당선,이매,5477,5158,10635,319,8,5,금
2022-08-05,분당선,오리,11502,9400,20902,2102,8,5,금
2022-08-05,분당선,미금,14801,15519,30320,-718,8,5,금
2022-08-05,분당선,정자,17954,19052,37006,-1098,8,5,금
2022-08-05,분당선,수내,13985,13796,27781,189,8,5,금
2022-08-05,분당선,서현,25839,26094,51933,-255,8,5,금
2022-08-05,분당선,야탑,25973,27265,53238,-1292,8,5,금
2022-08-05,분당선,모란,19509,19987,39496,-478,8,5,금
2022-08-05,분당선,태평,13367,12591,25958,776,8,5,금
2022-08-05,분당선,가천대,6576,7116,13692,-540,8,5,금
2022-08-05,분당선,선정릉,7836,8160,15996,-324,8,5,금
2022-08-05,분당선,강남구청,9489,11021,20510,-1532,8,5,금
2022-08-05,분당선,압구정로데오,20855,24609,45464,-3754,8,5,금
2022-08-05,분당선,서울숲,11712,12218,23930,-506,8,5,금
2022-08-05,분당선,수원,8394,7009,15403,1385,8,5,금
2022-08-05,분당선,복정,1,0,1,1,8,5,금
2022-08-05,분당선,수서,14256,15014,29270,-758,8,5,금
2022-08-05,분당선,대모산입구,4547,4263,8810,284,8,5,금
2022-08-05,분당선,개포동,3871,3953,7824,-82,8,5,금
2022-08-05,분당선,구룡,1804,1734,3538,70,8,5,금
2022-08-05,분당선,도곡,7172,6834,14006,338,8,5,금
2022-08-05,분당선,한티,16175,17078,33253,-903,8,5,금
2022-08-05,분당선,선릉,13602,20321,33923,-6719,8,5,금
2022-08-05,과천선,범계,26232,26314,52546,-82,8,5,금
2022-08-05,과천선,평촌,16682,16518,33200,164,8,5,금
2022-08-05,과천선,인덕원,23677,24377,48054,-700,8,5,금
2022-08-05,과천선,정부과천청사,10904,10863,21767,41,8,5,금
2022-08-05,과천선,과천,6453,5855,12308,598,8,5,금
2022-08-05,과천선,대공원,2934,3138,6072,-204,8,5,금
2022-08-05,과천선,경마공원,8279,8490,16769,-211,8,5,금
2022-08-05,과천선,선바위,7727,6771,14498,956,8,5,금
2022-08-05,공항철도 1호선,영종,3661,3840,7501,-179,8,5,금
2022-08-05,공항철도 1호선,인천공항2터미널,3960,3515,7475,445,8,5,금
2022-08-05,공항철도 1호선,인천공항1터미널,8188,7606,15794,582,8,5,금
2022-08-05,공항철도 1호선,공항화물청사,2442,2502,4944,-60,8,5,금
2022-08-05,공항철도 1호선,운서,7877,8073,15950,-196,8,5,금
2022-08-05,공항철도 1호선,청라국제도시,7078,6834,13912,244,8,5,금
2022-08-05,공항철도 1호선,검암,6798,6671,13469,127,8,5,금
2022-08-05,공항철도 1호선,계양,11104,10171,21275,933,8,5,금
2022-08-05,공항철도 1호선,김포공항,12780,7275,20055,5505,8,5,금
2022-08-05,공항철도 1호선,마곡나루(서울식물원),8203,7456,15659,747,8,5,금
2022-08-05,공항철도 1호선,디지털미디어시티,13933,12452,26385,1481,8,5,금
2022-08-05,공항철도 1호선,홍대입구,12332,12894,25226,-562,8,5,금
2022-08-05,공항철도 1호선,공덕,2433,3324,5757,-891,8,5,금
2022-08-05,공항철도 1호선,서울역,10220,9813,20033,407,8,5,금
2022-08-05,경춘선,춘천,1714,1504,3218,210,8,5,금
2022-08-05,경춘선,남춘천,2623,2929,5552,-306,8,5,금
2022-08-05,경춘선,김유정,397,401,798,-4,8,5,금
2022-08-05,경춘선,강촌,574,552,1126,22,8,5,금
2022-08-05,경춘선,백양리,144,118,262,26,8,5,금
2022-08-05,경춘선,굴봉산,187,151,338,36,8,5,금
2022-08-05,경춘선,가평,2717,2745,5462,-28,8,5,금
2022-08-05,경춘선,상천,311,290,601,21,8,5,금
2022-08-05,경춘선,청평,2000,2097,4097,-97,8,5,금
2022-08-05,경춘선,대성리,888,1011,1899,-123,8,5,금
2022-08-05,경춘선,마석,3806,3734,7540,72,8,5,금
2022-08-05,경춘선,천마산,1576,1452,3028,124,8,5,금
2022-08-05,경춘선,평내호평,5946,5804,11750,142,8,5,금
2022-08-05,경춘선,금곡,1360,1390,2750,-30,8,5,금
2022-08-05,경춘선,사릉,2219,2195,4414,24,8,5,금
2022-08-05,경춘선,퇴계원,3403,3035,6438,368,8,5,금
2022-08-05,경춘선,별내,3014,2849,5863,165,8,5,금
2022-08-05,경춘선,갈매,2823,2392,5215,431,8,5,금
2022-08-05,경춘선,신내,2032,1929,3961,103,8,5,금
2022-08-05,경인선,도화,3993,3686,7679,307,8,5,금
2022-08-05,경인선,중동,8882,8333,17215,549,8,5,금
2022-08-05,경인선,온수(성공회대입구),6149,5761,11910,388,8,5,금
2022-08-05,경인선,도원,2613,2646,5259,-33,8,5,금
2022-08-05,경인선,간석,5788,5390,11178,398,8,5,금
2022-08-05,경인선,부개,8373,7731,16104,642,8,5,금
2022-08-05,경인선,소사,7773,7619,15392,154,8,5,금
2022-08-05,경인선,구일,5835,5518,11353,317,8,5,금
2022-08-05,경인선,인천,4246,3406,7652,840,8,5,금
2022-08-05,경인선,동인천,13478,13102,26580,376,8,5,금
2022-08-05,경인선,제물포,9948,9375,19323,573,8,5,금
2022-08-05,경인선,주안,18584,16842,35426,1742,8,5,금
2022-08-05,경인선,동암,15328,15400,30728,-72,8,5,금
2022-08-05,경인선,백운,6626,6407,13033,219,8,5,금
2022-08-05,경인선,부평,30189,33696,63885,-3507,8,5,금
2022-08-05,경인선,송내,26296,25669,51965,627,8,5,금
2022-08-05,경인선,부천,31665,31972,63637,-307,8,5,금
2022-08-05,경인선,역곡,26027,25462,51489,565,8,5,금
2022-08-05,경인선,오류동,11349,10140,21489,1209,8,5,금
2022-08-05,경인선,개봉,20700,19884,40584,816,8,5,금
2022-08-05,경의선,임진강,18,9,27,9,8,5,금
2022-08-05,경의선,문산,5601,5351,10952,250,8,5,금
2022-08-05,경의선,파주,1030,756,1786,274,8,5,금
2022-08-05,경의선,월롱,3157,2368,5525,789,8,5,금
2022-08-05,경의선,금촌,6409,6286,12695,123,8,5,금
2022-08-05,경의선,금릉,4804,4530,9334,274,8,5,금
2022-08-05,경의선,운정,6631,5967,12598,664,8,5,금
2022-08-05,경의선,야당,7804,7996,15800,-192,8,5,금
2022-08-05,경의선,탄현,7690,7221,14911,469,8,5,금
2022-08-05,경의선,일산,8808,8387,17195,421,8,5,금
2022-08-05,경의선,풍산,5527,5092,10619,435,8,5,금
2022-08-05,경의선,백마,6655,6238,12893,417,8,5,금
2022-08-05,경의선,곡산,561,553,1114,8,8,5,금
2022-08-05,경의선,능곡,3522,3313,6835,209,8,5,금
2022-08-05,경의선,행신,8124,8168,16292,-44,8,5,금
2022-08-05,경의선,강매,2997,2518,5515,479,8,5,금
2022-08-05,경의선,화전,1570,1398,2968,172,8,5,금
2022-08-05,경의선,수색,2661,2779,5440,-118,8,5,금
2022-08-05,경의선,디지털미디어시티,2690,2332,5022,358,8,5,금
2022-08-05,경의선,가좌,5367,5121,10488,246,8,5,금
2022-08-05,경의선,홍대입구,2065,2430,4495,-365,8,5,금
2022-08-05,경의선,서강대,2115,2058,4173,57,8,5,금
2022-08-05,경의선,공덕,3797,3226,7023,571,8,5,금
2022-08-05,경의선,효창공원앞,2701,3035,5736,-334,8,5,금
2022-08-05,경의선,신촌,892,1180,2072,-288,8,5,금
2022-08-05,경의선,서울역,4525,5854,10379,-1329,8,5,금
2022-08-05,경원선,소요산,3259,2996,6255,263,8,5,금
2022-08-05,경원선,동두천,2253,2557,4810,-304,8,5,금
2022-08-05,경원선,보산,1819,1583,3402,236,8,5,금
2022-08-05,경원선,동두천중앙,3269,3154,6423,115,8,5,금
2022-08-05,경원선,지행,6506,6443,12949,63,8,5,금
2022-08-05,경원선,덕정,5278,5043,10321,235,8,5,금
2022-08-05,경원선,덕계,3214,2829,6043,385,8,5,금
2022-08-05,경원선,양주,7412,6827,14239,585,8,5,금
2022-08-05,경원선,녹양,4434,4158,8592,276,8,5,금
2022-08-05,경원선,가능,6557,6071,12628,486,8,5,금
2022-08-05,경원선,의정부,18633,19824,38457,-1191,8,5,금
2022-08-05,경원선,회룡,12064,11848,23912,216,8,5,금
2022-08-05,경원선,망월사,7271,7378,14649,-107,8,5,금
2022-08-05,경원선,도봉산,7104,4556,11660,2548,8,5,금
2022-08-05,경원선,도봉,5723,5433,11156,290,8,5,금
2022-08-05,경원선,방학,9219,9124,18343,95,8,5,금
2022-08-05,경원선,녹천,4535,3647,8182,888,8,5,금
2022-08-05,경원선,월계,6107,5592,11699,515,8,5,금
2022-08-05,경원선,광운대,7079,6586,13665,493,8,5,금
2022-08-05,경원선,석계,7881,8774,16655,-893,8,5,금
2022-08-05,경원선,신이문,8326,7324,15650,1002,8,5,금
2022-08-05,경원선,외대앞,7222,7101,14323,121,8,5,금
2022-08-05,경원선,청량리(서울시립대입구),17382,18718,36100,-1336,8,5,금
2022-08-05,경원선,왕십리(성동구청),15319,17149,32468,-1830,8,5,금
2022-08-05,경원선,응봉,1880,1475,3355,405,8,5,금
2022-08-05,경원선,옥수,62,35,97,27,8,5,금
2022-08-05,경원선,한남,4037,3844,7881,193,8,5,금
2022-08-05,경원선,서빙고,2101,1905,4006,196,8,5,금
2022-08-05,경원선,이촌(국립중앙박물관),3877,2925,6802,952,8,5,금
2022-08-05,경부선,광명,3868,3409,7277,459,8,5,금
2022-08-05,경부선,서동탄,1422,1227,2649,195,8,5,금
2022-08-05,경부선,당정,5912,5424,11336,488,8,5,금
2022-08-05,경부선,천안,5717,6113,11830,-396,8,5,금
2022-08-05,경부선,두정,5668,5778,11446,-110,8,5,금
2022-08-05,경부선,직산,884,806,1690,78,8,5,금
2022-08-05,경부선,성환,3274,2997,6271,277,8,5,금
2022-08-05,경부선,평택,12544,12054,24598,490,8,5,금
2022-08-05,경부선,평택지제,4089,3841,7930,248,8,5,금
2022-08-05,경부선,서정리,8006,6464,14470,1542,8,5,금
2022-08-05,경부선,송탄,4794,4227,9021,567,8,5,금
2022-08-05,경부선,진위,1530,1312,2842,218,8,5,금
2022-08-05,경부선,오산,9751,9466,19217,285,8,5,금
2022-08-05,경부선,오산대,3392,3000,6392,392,8,5,금
2022-08-05,경부선,세마,2896,2699,5595,197,8,5,금
2022-08-05,경부선,병점,13917,13705,27622,212,8,5,금
2022-08-05,경부선,세류,3037,2750,5787,287,8,5,금
2022-08-05,경부선,독산,17439,17633,35072,-194,8,5,금
2022-08-05,경부선,수원,35564,39113,74677,-3549,8,5,금
2022-08-05,경부선,화서,7571,7322,14893,249,8,5,금
2022-08-05,경부선,성균관대,13438,13005,26443,433,8,5,금
2022-08-05,경부선,의왕,8187,7955,16142,232,8,5,금
2022-08-05,경부선,군포,7110,6943,14053,167,8,5,금
2022-08-05,경부선,금정,26030,26257,52287,-227,8,5,금
2022-08-05,경부선,명학,8194,7953,16147,241,8,5,금
2022-08-05,경부선,안양,21135,21148,42283,-13,8,5,금
2022-08-05,경부선,관악,7072,6710,13782,362,8,5,금
2022-08-05,경부선,석수,8611,7576,16187,1035,8,5,금
2022-08-05,경부선,금천구청,10854,10909,21763,-55,8,5,금
2022-08-05,경부선,가산디지털단지,17330,19797,37127,-2467,8,5,금
2022-08-05,경부선,구로,17357,17926,35283,-569,8,5,금
2022-08-05,경부선,신길,8541,7102,15643,1439,8,5,금
2022-08-05,경부선,신도림,3804,3847,7651,-43,8,5,금
2022-08-05,경부선,영등포,42209,44432,86641,-2223,8,5,금
2022-08-05,경부선,대방,10790,11445,22235,-655,8,5,금
2022-08-05,경부선,노량진,7861,7561,15422,300,8,5,금
2022-08-05,경부선,용산,40826,42634,83460,-1808,8,5,금
2022-08-05,경부선,남영,8782,9100,17882,-318,8,5,금
2022-08-05,경부선,서울역,9487,2826,12313,6661,8,5,금
2022-08-05,경강선,여주,2545,2684,5229,-139,8,5,금
2022-08-05,경강선,세종대왕릉,362,416,778,-54,8,5,금
2022-08-05,경강선,부발,2702,2139,4841,563,8,5,금
2022-08-05,경강선,이천,3053,3116,6169,-63,8,5,금
2022-08-05,경강선,신둔도예촌,1514,1490,3004,24,8,5,금
2022-08-05,경강선,곤지암,2189,2194,4383,-5,8,5,금
2022-08-05,경강선,초월,3223,2972,6195,251,8,5,금
2022-08-05,경강선,경기광주,7775,7212,14987,563,8,5,금
2022-08-05,경강선,삼동,2362,2121,4483,241,8,5,금
2022-08-05,경강선,이매,1105,984,2089,121,8,5,금
2022-08-05,경강선,판교,5248,5278,10526,-30,8,5,금
2022-08-05,9호선2~3단계,중앙보훈병원,10801,9464,20265,1337,8,5,금
2022-08-05,9호선2~3단계,둔촌오륜,860,867,1727,-7,8,5,금
2022-08-05,9호선2~3단계,올림픽공원(한국체대),10868,10772,21640,96,8,5,금
2022-08-05,9호선2~3단계,한성백제,2845,2490,5335,355,8,5,금
2022-08-05,9호선2~3단계,송파나루,5708,6177,11885,-469,8,5,금
2022-08-05,9호선2~3단계,석촌,9210,7794,17004,1416,8,5,금
2022-08-05,9호선2~3단계,석촌고분,6615,6221,12836,394,8,5,금
2022-08-05,9호선2~3단계,삼전,7148,6700,13848,448,8,5,금
2022-08-05,9호선2~3단계,종합운동장,4392,4619,9011,-227,8,5,금
2022-08-05,9호선2~3단계,봉은사,20153,20439,40592,-286,8,5,금
2022-08-05,9호선2~3단계,삼성중앙,7562,7952,15514,-390,8,5,금
2022-08-05,9호선2~3단계,선정릉,10149,11024,21173,-875,8,5,금
2022-08-05,9호선2~3단계,언주,11450,11473,22923,-23,8,5,금
2022-08-05,9호선,신논현,32877,33358,66235,-481,8,5,금
2022-08-05,9호선,사평,3845,3710,7555,135,8,5,금
2022-08-05,9호선,고속터미널,14508,20058,34566,-5550,8,5,금
2022-08-05,9호선,신반포,3533,3538,7071,-5,8,5,금
2022-08-05,9호선,구반포,1242,1243,2485,-1,8,5,금
2022-08-05,9호선,동작(현충원),1908,1521,3429,387,8,5,금
2022-08-05,9호선,흑석(중앙대입구),8093,8377,16470,-284,8,5,금
2022-08-05,9호선,노들,4657,3809,8466,848,8,5,금
2022-08-05,9호선,노량진,25729,24759,50488,970,8,5,금
2022-08-05,9호선,샛강,6116,6138,12254,-22,8,5,금
2022-08-05,9호선,여의도,30296,28485,58781,1811,8,5,금
2022-08-05,9호선,국회의사당,16963,17275,34238,-312,8,5,금
2022-08-05,9호선,당산,19344,18839,38183,505,8,5,금
2022-08-05,9호선,선유도,8749,8120,16869,629,8,5,금
2022-08-05,9호선,신목동,4141,3422,7563,719,8,5,금
2022-08-05,9호선,염창,17472,16469,33941,1003,8,5,금
2022-08-05,9호선,등촌,11404,10924,22328,480,8,5,금
2022-08-05,9호선,증미,7588,7202,14790,386,8,5,금
2022-08-05,9호선,가양,20821,19876,40697,945,8,5,금
2022-08-05,9호선,양천향교,9584,9628,19212,-44,8,5,금
2022-08-05,9호선,마곡나루(서울식물원),12269,12330,24599,-61,8,5,금
2022-08-05,9호선,신방화,6682,6372,13054,310,8,5,금
2022-08-05,9호선,공항시장,3067,3211,6278,-144,8,5,금
2022-08-05,9호선,김포공항,8606,12733,21339,-4127,8,5,금
2022-08-05,9호선,개화,2511,1752,4263,759,8,5,금
2022-08-05,8호선,남위례,5244,5457,10701,-213,8,5,금
2022-08-05,8호선,모란,4261,3565,7826,696,8,5,금
2022-08-05,8호선,수진,5444,4894,10338,550,8,5,금
2022-08-05,8호선,신흥,4409,4883,9292,-474,8,5,금
2022-08-05,8호선,단대오거리,10103,9804,19907,299,8,5,금
2022-08-05,8호선,남한산성입구(성남법원.검찰청),12671,11252,23923,1419,8,5,금
2022-08-05,8호선,산성,5112,5062,10174,50,8,5,금
2022-08-05,8호선,복정,8967,7421,16388,1546,8,5,금
2022-08-05,8호선,장지,17088,16119,33207,969,8,5,금
2022-08-05,8호선,문정,20864,21879,42743,-1015,8,5,금
2022-08-05,8호선,가락시장,7305,7796,15101,-491,8,5,금
2022-08-05,8호선,송파,8522,8235,16757,287,8,5,금
2022-08-05,8호선,석촌,7606,8952,16558,-1346,8,5,금
2022-08-05,8호선,잠실(송파구청),15926,18666,34592,-2740,8,5,금
2022-08-05,8호선,몽촌토성(평화의문),6076,6184,12260,-108,8,5,금
2022-08-05,8호선,강동구청,10051,10195,20246,-144,8,5,금
2022-08-05,8호선,천호(풍납토성),14705,17357,32062,-2652,8,5,금
2022-08-05,8호선,암사,18845,16162,35007,2683,8,5,금
2022-08-05,7호선,온수(성공회대입구),9162,8313,17475,849,8,5,금
2022-08-05,7호선,천왕,10841,10077,20918,764,8,5,금
2022-08-05,7호선,광명사거리,21065,20909,41974,156,8,5,금
2022-08-05,7호선,철산,20698,21267,41965,-569,8,5,금
2022-08-05,7호선,가산디지털단지,43424,42885,86309,539,8,5,금
2022-08-05,7호선,남구로,15226,15930,31156,-704,8,5,금
2022-08-05,7호선,대림(구로구청),8140,8344,16484,-204,8,5,금
2022-08-05,7호선,신풍,11283,10543,21826,740,8,5,금
2022-08-05,7호선,보라매,7413,7342,14755,71,8,5,금
2022-08-05,7호선,신대방삼거리,14964,13881,28845,1083,8,5,금
2022-08-05,7호선,장승배기,9057,8633,17690,424,8,5,금
2022-08-05,7호선,상도,10703,9910,20613,793,8,5,금
2022-08-05,7호선,숭실대입구(살피재),11345,11224,22569,121,8,5,금
2022-08-05,7호선,남성,11155,9991,21146,1164,8,5,금
2022-08-05,7호선,이수,16075,15798,31873,277,8,5,금
2022-08-05,7호선,내방,14366,14379,28745,-13,8,5,금
2022-08-05,7호선,고속터미널,18173,14643,32816,3530,8,5,금
2022-08-05,7호선,반포,5990,5711,11701,279,8,5,금
2022-08-05,7호선,논현,18670,20137,38807,-1467,8,5,금
2022-08-05,7호선,학동,22980,24490,47470,-1510,8,5,금
2022-08-05,7호선,강남구청,16464,18714,35178,-2250,8,5,금
2022-08-05,7호선,청담,18933,21093,40026,-2160,8,5,금
2022-08-05,7호선,뚝섬유원지,8985,8527,17512,458,8,5,금
2022-08-05,7호선,건대입구,12861,13373,26234,-512,8,5,금
2022-08-05,7호선,어린이대공원(세종대),12513,12140,24653,373,8,5,금
2022-08-05,7호선,군자(능동),15048,11724,26772,3324,8,5,금
2022-08-05,7호선,중곡,10500,9813,20313,687,8,5,금
2022-08-05,7호선,용마산(용마폭포공원),5859,5435,11294,424,8,5,금
2022-08-05,7호선,사가정,15635,15296,30931,339,8,5,금
2022-08-05,7호선,면목,14660,14118,28778,542,8,5,금
2022-08-05,7호선,중화,10489,10033,20522,456,8,5,금
2022-08-05,7호선,먹골,10178,9995,20173,183,8,5,금
2022-08-05,7호선,태릉입구,8394,7732,16126,662,8,5,금
2022-08-05,7호선,공릉(서울과학기술대),11041,10919,21960,122,8,5,금
2022-08-05,7호선,하계,16858,15533,32391,1325,8,5,금
2022-08-05,7호선,중계,13447,11847,25294,1600,8,5,금
2022-08-05,7호선,노원,20201,21422,41623,-1221,8,5,금
2022-08-05,7호선,마들,12792,11821,24613,971,8,5,금
2022-08-05,7호선,수락산,12161,12185,24346,-24,8,5,금
2022-08-05,7호선,도봉산,8534,9698,18232,-1164,8,5,금
2022-08-05,7호선,장암,2257,1059,3316,1198,8,5,금
2022-08-05,6호선,봉화산(서울의료원),8688,8181,16869,507,8,5,금
2022-08-05,6호선,화랑대(서울여대입구),10761,8188,18949,2573,8,5,금
2022-08-05,6호선,태릉입구,5530,5807,11337,-277,8,5,금
2022-08-05,6호선,석계,11790,12285,24075,-495,8,5,금
2022-08-05,6호선,돌곶이,8877,7988,16865,889,8,5,금
2022-08-05,6호선,상월곡(한국과학기술연구원),6078,5242,11320,836,8,5,금
2022-08-05,6호선,월곡(동덕여대),11251,10813,22064,438,8,5,금
2022-08-05,6호선,고려대(종암),7768,7480,15248,288,8,5,금
2022-08-05,6호선,안암(고대병원앞),10253,10097,20350,156,8,5,금
2022-08-05,6호선,보문,7355,6530,13885,825,8,5,금
2022-08-05,6호선,창신,3238,2503,5741,735,8,5,금
2022-08-05,6호선,동묘앞,7753,7558,15311,195,8,5,금
2022-08-05,6호선,신당,7476,6945,14421,531,8,5,금
2022-08-05,6호선,청구,3682,3696,7378,-14,8,5,금
2022-08-05,6호선,약수,3534,3527,7061,7,8,5,금
2022-08-05,6호선,한강진,9055,10799,19854,-1744,8,5,금
2022-08-05,6호선,이태원,12202,16597,28799,-4395,8,5,금
2022-08-05,6호선,녹사평(용산구청),5099,5348,10447,-249,8,5,금
2022-08-05,6호선,삼각지,8450,7291,15741,1159,8,5,금
2022-08-05,6호선,효창공원앞,6650,5797,12447,853,8,5,금
2022-08-05,6호선,공덕,18256,17658,35914,598,8,5,금
2022-08-05,6호선,대흥(서강대앞),8110,8279,16389,-169,8,5,금
2022-08-05,6호선,광흥창(서강),9067,8592,17659,475,8,5,금
2022-08-05,6호선,상수,9742,12295,22037,-2553,8,5,금
2022-08-05,6호선,합정,14009,14155,28164,-146,8,5,금
2022-08-05,6호선,망원,14446,15691,30137,-1245,8,5,금
2022-08-05,6호선,마포구청,14100,12499,26599,1601,8,5,금
2022-08-05,6호선,월드컵경기장(성산),7568,8157,15725,-589,8,5,금
2022-08-05,6호선,디지털미디어시티,13814,14920,28734,-1106,8,5,금
2022-08-05,6호선,증산(명지대앞),9570,9406,18976,164,8,5,금
2022-08-05,6호선,새절(신사),12174,11021,23195,1153,8,5,금
2022-08-05,6호선,구산,7529,5642,13171,1887,8,5,금
2022-08-05,6호선,연신내,2,0,2,2,8,5,금
2022-08-05,6호선,독바위,2725,2725,5450,0,8,5,금
2022-08-05,6호선,불광,4626,4219,8845,407,8,5,금
2022-08-05,6호선,역촌,3829,4369,8198,-540,8,5,금
2022-08-05,6호선,응암,17086,16674,33760,412,8,5,금
2022-08-05,5호선,하남검단산,5965,5637,11602,328,8,5,금
2022-08-05,5호선,하남시청(덕풍·신장),6807,6519,13326,288,8,5,금
2022-08-05,5호선,하남풍산,4122,4129,8251,-7,8,5,금
2022-08-05,5호선,미사,16240,16542,32782,-302,8,5,금
2022-08-05,5호선,강일,4386,4115,8501,271,8,5,금
2022-08-05,5호선,마천,6943,6534,13477,409,8,5,금
2022-08-05,5호선,거여,9783,9132,18915,651,8,5,금
2022-08-05,5호선,개롱,6339,6461,12800,-122,8,5,금
2022-08-05,5호선,오금,3535,3530,7065,5,8,5,금
2022-08-05,5호선,방이,7375,7602,14977,-227,8,5,금
2022-08-05,5호선,올림픽공원(한국체대),5517,5430,10947,87,8,5,금
2022-08-05,5호선,둔촌동,8127,8234,16361,-107,8,5,금
2022-08-05,5호선,상일동,14575,13299,27874,1276,8,5,금
2022-08-05,5호선,고덕,9206,9183,18389,23,8,5,금
2022-08-05,5호선,명일,8217,8675,16892,-458,8,5,금
2022-08-05,5호선,굽은다리(강동구민회관앞),9621,9232,18853,389,8,5,금
2022-08-05,5호선,길동,8040,8469,16509,-429,8,5,금
2022-08-05,5호선,강동,18374,17252,35626,1122,8,5,금
2022-08-05,5호선,천호(풍납토성),18972,19128,38100,-156,8,5,금
2022-08-05,5호선,광나루(장신대),12598,11300,23898,1298,8,5,금
2022-08-05,5호선,아차산(어린이대공원후문),13403,12952,26355,451,8,5,금
2022-08-05,5호선,군자(능동),11121,12080,23201,-959,8,5,금
2022-08-05,5호선,장한평,18171,17880,36051,291,8,5,금
2022-08-05,5호선,답십리,15713,14285,29998,1428,8,5,금
2022-08-05,5호선,마장,5353,5077,10430,276,8,5,금
2022-08-05,5호선,왕십리(성동구청),4473,5325,9798,-852,8,5,금
2022-08-05,5호선,행당,7917,6848,14765,1069,8,5,금
2022-08-05,5호선,신금호,6145,6152,12297,-7,8,5,금
2022-08-05,5호선,청구,3806,3515,7321,291,8,5,금
2022-08-05,5호선,동대문역사문화공원(DDP),3102,3576,6678,-474,8,5,금
2022-08-05,5호선,을지로4가,6148,6440,12588,-292,8,5,금
2022-08-05,5호선,종로3가,13465,13914,27379,-449,8,5,금
2022-08-05,5호선,광화문(세종문화회관),30553,32319,62872,-1766,8,5,금
2022-08-05,5호선,서대문,18443,18792,37235,-349,8,5,금
2022-08-05,5호선,충정로(경기대입구),4564,4536,9100,28,8,5,금
2022-08-05,5호선,애오개,6545,6337,12882,208,8,5,금
2022-08-05,5호선,공덕,13870,14646,28516,-776,8,5,금
2022-08-05,5호선,마포,13966,14571,28537,-605,8,5,금
2022-08-05,5호선,여의나루,12720,14243,26963,-1523,8,5,금
2022-08-05,5호선,여의도,28799,30999,59798,-2200,8,5,금
2022-08-05,5호선,신길,4439,4288,8727,151,8,5,금
2022-08-05,5호선,영등포시장,10261,10426,20687,-165,8,5,금
2022-08-05,5호선,영등포구청,4102,3897,7999,205,8,5,금
2022-08-05,5호선,양평,7228,6911,14139,317,8,5,금
2022-08-05,5호선,오목교(목동운동장앞),22370,23894,46264,-1524,8,5,금
2022-08-05,5호선,목동,16440,17416,33856,-976,8,5,금
2022-08-05,5호선,신정(은행정),13493,10790,24283,2703,8,5,금
2022-08-05,5호선,까치산,28356,26428,54784,1928,8,5,금
2022-08-05,5호선,화곡,28101,25608,53709,2493,8,5,금
2022-08-05,5호선,우장산,13827,13508,27335,319,8,5,금
2022-08-05,5호선,발산,19216,20748,39964,-1532,8,5,금
2022-08-05,5호선,마곡,10254,10478,20732,-224,8,5,금
2022-08-05,5호선,송정,6488,5895,12383,593,8,5,금
2022-08-05,5호선,김포공항,8647,8346,16993,301,8,5,금
2022-08-05,5호선,개화산,5637,5310,10947,327,8,5,금
2022-08-05,5호선,방화,6611,6169,12780,442,8,5,금
2022-08-05,4호선,남태령,1339,1014,2353,325,8,5,금
2022-08-05,4호선,사당,26049,21656,47705,4393,8,5,금
2022-08-05,4호선,총신대입구(이수),18962,20591,39553,-1629,8,5,금
2022-08-05,4호선,동작(현충원),1350,1417,2767,-67,8,5,금
2022-08-05,4호선,이촌(국립중앙박물관),9861,10731,20592,-870,8,5,금
2022-08-05,4호선,신용산,17299,18425,35724,-1126,8,5,금
2022-08-05,4호선,삼각지,5536,6427,11963,-891,8,5,금
2022-08-05,4호선,숙대입구(갈월),12774,12486,25260,288,8,5,금
2022-08-05,4호선,서울역,11542,19921,31463,-8379,8,5,금
2022-08-05,4호선,회현(남대문시장),24736,25855,50591,-1119,8,5,금
2022-08-05,4호선,명동,20949,21847,42796,-898,8,5,금
2022-08-05,4호선,충무로,25106,26715,51821,-1609,8,5,금
2022-08-05,4호선,동대문역사문화공원(DDP),16053,13731,29784,2322,8,5,금
2022-08-05,4호선,동대문,20362,20735,41097,-373,8,5,금
2022-08-05,4호선,혜화,34681,34953,69634,-272,8,5,금
2022-08-05,4호선,한성대입구(삼선교),12602,11860,24462,742,8,5,금
2022-08-05,4호선,성신여대입구(돈암),19784,18963,38747,821,8,5,금
2022-08-05,4호선,길음,19913,18929,38842,984,8,5,금
2022-08-05,4호선,미아사거리,26358,25656,52014,702,8,5,금
2022-08-05,4호선,미아(서울사이버대학),14075,13401,27476,674,8,5,금
2022-08-05,4호선,수유(강북구청),32968,33428,66396,-460,8,5,금
2022-08-05,4호선,쌍문,27954,25811,53765,2143,8,5,금
2022-08-05,4호선,창동,25141,26688,51829,-1547,8,5,금
2022-08-05,4호선,노원,18523,21506,40029,-2983,8,5,금
2022-08-05,4호선,상계,18069,16850,34919,1219,8,5,금
2022-08-05,4호선,당고개,8783,7824,16607,959,8,5,금
2022-08-05,3호선,오금,6210,5508,11718,702,8,5,금
2022-08-05,3호선,경찰병원,7411,7399,14810,12,8,5,금
2022-08-05,3호선,가락시장,9022,8449,17471,573,8,5,금
2022-08-05,3호선,수서,17628,17761,35389,-133,8,5,금
2022-08-05,3호선,일원,9902,9393,19295,509,8,5,금
2022-08-05,3호선,대청,9703,9042,18745,661,8,5,금
2022-08-05,3호선,학여울,2219,2201,4420,18,8,5,금
2022-08-05,3호선,대치,12295,11923,24218,372,8,5,금
2022-08-05,3호선,도곡,5074,4983,10057,91,8,5,금
2022-08-05,3호선,매봉,12278,11876,24154,402,8,5,금
2022-08-05,3호선,양재(서초구청),36148,38476,74624,-2328,8,5,금
2022-08-05,3호선,남부터미널(예술의전당),29153,29881,59034,-728,8,5,금
2022-08-05,3호선,교대(법원.검찰청),13574,8876,22450,4698,8,5,금
2022-08-05,3호선,고속터미널,47813,49568,97381,-1755,8,5,금
2022-08-05,3호선,잠원,4707,4585,9292,122,8,5,금
2022-08-05,3호선,신사,30046,32551,62597,-2505,8,5,금
2022-08-05,3호선,압구정,33149,35733,68882,-2584,8,5,금
2022-08-05,3호선,옥수,8929,9084,18013,-155,8,5,금
2022-08-05,3호선,금호,7889,7281,15170,608,8,5,금
2022-08-05,3호선,약수,12820,12285,25105,535,8,5,금
2022-08-05,3호선,동대입구,7971,8377,16348,-406,8,5,금
2022-08-05,3호선,충무로,1,0,1,1,8,5,금
2022-08-05,3호선,을지로3가,11182,11444,22626,-262,8,5,금
2022-08-05,3호선,종로3가,10691,12866,23557,-2175,8,5,금
2022-08-05,3호선,안국,22482,22896,45378,-414,8,5,금
2022-08-05,3호선,경복궁(정부서울청사),20462,20677,41139,-215,8,5,금
2022-08-05,3호선,독립문,6778,6687,13465,91,8,5,금
2022-08-05,3호선,무악재,3894,3748,7642,146,8,5,금
2022-08-05,3호선,홍제,17058,15894,32952,1164,8,5,금
2022-08-05,3호선,녹번,15061,13191,28252,1870,8,5,금
2022-08-05,3호선,불광,15660,16879,32539,-1219,8,5,금
2022-08-05,3호선,연신내,35545,33769,69314,1776,8,5,금
2022-08-05,3호선,구파발,20853,20055,40908,798,8,5,금
2022-08-05,3호선,지축,5061,4707,9768,354,8,5,금
2022-08-05,2호선,용두(동대문구청),2443,2395,4838,48,8,5,금
2022-08-05,2호선,신정네거리,10010,10255,20265,-245,8,5,금
2022-08-05,2호선,양천구청,6544,6536,13080,8,8,5,금
2022-08-05,2호선,도림천,1372,1405,2777,-33,8,5,금
2022-08-05,2호선,신설동,3576,3422,6998,154,8,5,금
2022-08-05,2호선,신답,1622,1802,3424,-180,8,5,금
2022-08-05,2호선,용답,2726,2502,5228,224,8,5,금
2022-08-05,2호선,충정로(경기대입구),9363,9846,19209,-483,8,5,금
2022-08-05,2호선,아현,10183,9441,19624,742,8,5,금
2022-08-05,2호선,이대,13451,13628,27079,-177,8,5,금
2022-08-05,2호선,신촌,35679,36114,71793,-435,8,5,금
2022-08-05,2호선,홍대입구,63796,71045,134841,-7249,8,5,금
2022-08-05,2호선,합정,33175,36627,69802,-3452,8,5,금
2022-08-05,2호선,당산,17521,20368,37889,-2847,8,5,금
2022-08-05,2호선,영등포구청,20935,21799,42734,-864,8,5,금
2022-08-05,2호선,문래,21695,22452,44147,-757,8,5,금
2022-08-05,2호선,신도림,47917,47792,95709,125,8,5,금
2022-08-05,2호선,대림(구로구청),23128,23518,46646,-390,8,5,금
2022-08-05,2호선,구로디지털단지,58633,58678,117311,-45,8,5,금
2022-08-05,2호선,신대방,25120,24052,49172,1068,8,5,금
2022-08-05,2호선,신림,58754,56510,115264,2244,8,5,금
2022-08-05,2호선,봉천,23852,21581,45433,2271,8,5,금
2022-08-05,2호선,서울대입구(관악구청),46923,44949,91872,1974,8,5,금
2022-08-05,2호선,낙성대(강감찬),28027,25795,53822,2232,8,5,금
2022-08-05,2호선,사당,38533,42216,80749,-3683,8,5,금
2022-08-05,2호선,방배,15447,15857,31304,-410,8,5,금
2022-08-05,2호선,서초,20278,19531,39809,747,8,5,금
2022-08-05,2호선,교대(법원.검찰청),31721,36041,67762,-4320,8,5,금
2022-08-05,2호선,강남,88357,86655,175012,1702,8,5,금
2022-08-05,2호선,역삼,51720,58107,109827,-6387,8,5,금
2022-08-05,2호선,선릉,57582,50545,108127,7037,8,5,금
2022-08-05,2호선,삼성(무역센터),56753,56923,113676,-170,8,5,금
2022-08-05,2호선,종합운동장,11826,13063,24889,-1237,8,5,금
2022-08-05,2호선,잠실새내,22152,22707,44859,-555,8,5,금
2022-08-05,2호선,잠실(송파구청),78628,77053,155681,1575,8,5,금
2022-08-05,2호선,잠실나루,14154,13617,27771,537,8,5,금
2022-08-05,2호선,강변(동서울터미널),33862,34324,68186,-462,8,5,금
2022-08-05,2호선,구의(광진구청),23456,22626,46082,830,8,5,금
2022-08-05,2호선,건대입구,35164,39882,75046,-4718,8,5,금
2022-08-05,2호선,성수,38036,41255,79291,-3219,8,5,금
2022-08-05,2호선,뚝섬,23004,24774,47778,-1770,8,5,금
2022-08-05,2호선,한양대,7029,7147,14176,-118,8,5,금
2022-08-05,2호선,왕십리(성동구청),16020,14103,30123,1917,8,5,금
2022-08-05,2호선,상왕십리,14280,13612,27892,668,8,5,금
2022-08-05,2호선,신당,13926,14492,28418,-566,8,5,금
2022-08-05,2호선,동대문역사문화공원(DDP),12845,14140,26985,-1295,8,5,금
2022-08-05,2호선,을지로4가,13892,13583,27475,309,8,5,금
2022-08-05,2호선,을지로3가,24241,24510,48751,-269,8,5,금
2022-08-05,2호선,을지로입구,42488,43458,85946,-970,8,5,금
2022-08-05,2호선,시청,24957,24499,49456,458,8,5,금
2022-08-05,1호선,동묘앞,7276,7360,14636,-84,8,5,금
2022-08-05,1호선,청량리(서울시립대입구),19302,19398,38700,-96,8,5,금
2022-08-05,1호선,제기동,16291,16302,32593,-11,8,5,금
2022-08-05,1호선,신설동,13283,12805,26088,478,8,5,금
2022-08-05,1호선,동대문,10918,9623,20541,1295,8,5,금
2022-08-05,1호선,종로5가,23023,22976,45999,47,8,5,금
2022-08-05,1호선,종로3가,26170,24557,50727,1613,8,5,금
2022-08-05,1호선,종각,38185,37503,75688,682,8,5,금
2022-08-05,1호선,시청,23395,23970,47365,-575,8,5,금
2022-08-05,1호선,서울역,49735,49242,98977,493,8,5,금
2022-08-05,장항선,쌍용(나사렛대),1876,1664,3540,212,8,5,금
2022-08-05,장항선,봉명,1185,1128,2313,57,8,5,금
2022-08-05,일산선,대화,12878,10221,23099,2657,8,5,금
2022-08-05,일산선,주엽,9218,9310,18528,-92,8,5,금
2022-08-05,일산선,정발산,7516,8051,15567,-535,8,5,금
2022-08-05,일산선,마두,7571,7620,15191,-49,8,5,금
2022-08-05,일산선,백석,9667,9746,19413,-79,8,5,금
2022-08-05,일산선,대곡,2057,1702,3759,355,8,5,금
2022-08-05,일산선,화정,16264,16753,33017,-489,8,5,금
2022-08-05,일산선,원당,10570,9862,20432,708,8,5,금
2022-08-05,일산선,삼송,19320,18464,37784,856,8,5,금
2022-08-05,일산선,지축,1,0,1,1,8,5,금
2022-08-05,일산선,원흥,10940,10190,21130,750,8,5,금
2022-08-05,우이신설선,신설동,2066,1942,4008,124,8,5,금
2022-08-05,우이신설선,보문,1462,1445,2907,17,8,5,금
2022-08-05,장항선,아산,3384,3326,6710,58,8,5,금
2022-08-05,7호선,상봉(시외버스터미널),16630,16002,32632,628,8,5,금
2022-08-06,일산선,삼송,13787,13004,26791,783,8,6,토
2022-08-06,일산선,원당,7548,7105,14653,443,8,6,토
2022-08-06,일산선,화정,12109,12385,24494,-276,8,6,토
2022-08-06,일산선,대곡,1335,1225,2560,110,8,6,토
2022-08-06,일산선,백석,6960,7000,13960,-40,8,6,토
2022-08-06,일산선,마두,4757,4710,9467,47,8,6,토
2022-08-06,일산선,정발산,5991,6337,12328,-346,8,6,토
2022-08-06,일산선,주엽,6450,6463,12913,-13,8,6,토
2022-08-06,일산선,대화,11834,11644,23478,190,8,6,토
2022-08-06,장항선,봉명,713,658,1371,55,8,6,토
2022-08-06,장항선,쌍용(나사렛대),1462,1334,2796,128,8,6,토
2022-08-06,과천선,경마공원,11404,11627,23031,-223,8,6,토
2022-08-06,중앙선,양수,2246,2269,4515,-23,8,6,토
2022-08-06,중앙선,신원,161,148,309,13,8,6,토
2022-08-06,중앙선,국수,561,575,1136,-14,8,6,토
2022-08-06,중앙선,아신,612,624,1236,-12,8,6,토
2022-08-06,중앙선,오빈,272,303,575,-31,8,6,토
2022-08-06,중앙선,양평,2644,2647,5291,-3,8,6,토
2022-08-06,중앙선,원덕,372,426,798,-54,8,6,토
2022-08-06,중앙선,용문,2492,2879,5371,-387,8,6,토
2022-08-06,중앙선,지평,75,79,154,-4,8,6,토
2022-08-06,중앙선,운길산,821,846,1667,-25,8,6,토
2022-08-06,중앙선,팔당,1063,1088,2151,-25,8,6,토
2022-08-06,중앙선,도심,1567,1276,2843,291,8,6,토
2022-08-06,중앙선,덕소,4082,4121,8203,-39,8,6,토
2022-08-06,중앙선,양정,515,453,968,62,8,6,토
2022-08-06,중앙선,도농,6959,6500,13459,459,8,6,토
2022-08-06,중앙선,구리,9372,9542,18914,-170,8,6,토
2022-08-06,중앙선,양원,1702,1582,3284,120,8,6,토
2022-08-06,중앙선,망우,6233,6079,12312,154,8,6,토
2022-08-06,중앙선,상봉(시외버스터미널),4633,4376,9009,257,8,6,토
2022-08-06,중앙선,중랑,4198,3912,8110,286,8,6,토
2022-08-06,중앙선,회기,18601,17022,35623,1579,8,6,토
2022-08-06,장항선,신창(순천향대),1012,972,1984,40,8,6,토
2022-08-06,1호선,서울역,32416,32367,64783,49,8,6,토
2022-08-06,1호선,시청,12599,13305,25904,-706,8,6,토
2022-08-06,1호선,종각,19765,18996,38761,769,8,6,토
2022-08-06,1호선,종로3가,20815,20031,40846,784,8,6,토
2022-08-06,1호선,종로5가,17455,17276,34731,179,8,6,토
2022-08-06,1호선,동대문,9273,8852,18125,421,8,6,토
2022-08-06,1호선,신설동,8805,8435,17240,370,8,6,토
2022-08-06,1호선,제기동,13709,13933,27642,-224,8,6,토
2022-08-06,1호선,청량리(서울시립대입구),17133,17186,34319,-53,8,6,토
2022-08-06,1호선,동묘앞,10156,10233,20389,-77,8,6,토
2022-08-06,2호선,시청,9968,9508,19476,460,8,6,토
2022-08-06,2호선,을지로입구,21485,21387,42872,98,8,6,토
2022-08-06,2호선,을지로3가,10099,10198,20297,-99,8,6,토
2022-08-06,2호선,을지로4가,6983,7166,14149,-183,8,6,토
2022-08-06,2호선,동대문역사문화공원(DDP),10192,11455,21647,-1263,8,6,토
2022-08-06,2호선,신당,10253,10530,20783,-277,8,6,토
2022-08-06,2호선,상왕십리,9181,8569,17750,612,8,6,토
2022-08-06,2호선,왕십리(성동구청),12025,10648,22673,1377,8,6,토
2022-08-06,2호선,한양대,3393,3469,6862,-76,8,6,토
2022-08-06,2호선,뚝섬,12915,13208,26123,-293,8,6,토
2022-08-06,2호선,성수,19374,21867,41241,-2493,8,6,토
2022-08-06,2호선,건대입구,31048,35024,66072,-3976,8,6,토
2022-08-06,2호선,구의(광진구청),15090,14335,29425,755,8,6,토
2022-08-06,2호선,강변(동서울터미널),26203,27156,53359,-953,8,6,토
2022-08-06,2호선,잠실나루,6999,6811,13810,188,8,6,토
2022-08-06,2호선,잠실(송파구청),63773,61185,124958,2588,8,6,토
2022-08-06,2호선,잠실새내,16088,16796,32884,-708,8,6,토
2022-08-06,2호선,종합운동장,9800,10738,20538,-938,8,6,토
2022-08-06,2호선,삼성(무역센터),31854,31346,63200,508,8,6,토
2022-08-06,2호선,선릉,22119,19130,41249,2989,8,6,토
2022-08-06,2호선,역삼,15978,17628,33606,-1650,8,6,토
2022-08-06,2호선,강남,55874,55729,111603,145,8,6,토
2022-08-06,2호선,교대(법원.검찰청),15442,17525,32967,-2083,8,6,토
2022-08-06,2호선,서초,9357,8065,17422,1292,8,6,토
2022-08-06,2호선,방배,8959,9279,18238,-320,8,6,토
2022-08-06,2호선,사당,28664,31585,60249,-2921,8,6,토
2022-08-06,2호선,낙성대(강감찬),19795,17762,37557,2033,8,6,토
2022-08-06,2호선,서울대입구(관악구청),33974,32321,66295,1653,8,6,토
2022-08-06,2호선,봉천,16509,14821,31330,1688,8,6,토
2022-08-06,2호선,신림,44500,42033,86533,2467,8,6,토
2022-08-06,2호선,신대방,18509,17203,35712,1306,8,6,토
2022-08-06,2호선,구로디지털단지,31891,30946,62837,945,8,6,토
2022-08-06,2호선,대림(구로구청),17081,17830,34911,-749,8,6,토
2022-08-06,2호선,신도림,35857,35886,71743,-29,8,6,토
2022-08-06,2호선,문래,11079,11802,22881,-723,8,6,토
2022-08-06,2호선,영등포구청,10478,10934,21412,-456,8,6,토
2022-08-06,2호선,당산,10331,11280,21611,-949,8,6,토
2022-08-06,2호선,합정,27750,31918,59668,-4168,8,6,토
2022-08-06,2호선,홍대입구,64508,72296,136804,-7788,8,6,토
2022-08-06,2호선,신촌,29692,29998,59690,-306,8,6,토
2022-08-06,2호선,이대,10041,10357,20398,-316,8,6,토
2022-08-06,2호선,아현,6919,6517,13436,402,8,6,토
2022-08-06,2호선,충정로(경기대입구),4679,4804,9483,-125,8,6,토
2022-08-06,2호선,용답,2049,1846,3895,203,8,6,토
2022-08-06,2호선,신답,958,996,1954,-38,8,6,토
2022-08-06,2호선,신설동,3142,3099,6241,43,8,6,토
2022-08-06,2호선,도림천,796,822,1618,-26,8,6,토
2022-08-06,2호선,양천구청,4163,4091,8254,72,8,6,토
2022-08-06,2호선,신정네거리,6738,6739,13477,-1,8,6,토
2022-08-06,2호선,용두(동대문구청),1611,1544,3155,67,8,6,토
2022-08-06,3호선,지축,3410,3129,6539,281,8,6,토
2022-08-06,3호선,구파발,14868,15259,30127,-391,8,6,토
2022-08-06,3호선,연신내,27213,25277,52490,1936,8,6,토
2022-08-06,3호선,불광,11700,13352,25052,-1652,8,6,토
2022-08-06,3호선,녹번,9776,8271,18047,1505,8,6,토
2022-08-06,3호선,홍제,11956,11101,23057,855,8,6,토
2022-08-06,3호선,무악재,2520,2504,5024,16,8,6,토
2022-08-06,3호선,독립문,5219,5187,10406,32,8,6,토
2022-08-06,3호선,경복궁(정부서울청사),15332,16695,32027,-1363,8,6,토
2022-08-06,3호선,안국,14083,15284,29367,-1201,8,6,토
2022-08-06,3호선,종로3가,5711,7944,13655,-2233,8,6,토
2022-08-06,3호선,을지로3가,4764,4748,9512,16,8,6,토
2022-08-06,3호선,충무로,3,0,3,3,8,6,토
2022-08-06,3호선,동대입구,6048,6796,12844,-748,8,6,토
2022-08-06,3호선,약수,8581,8104,16685,477,8,6,토
2022-08-06,3호선,금호,5184,4664,9848,520,8,6,토
2022-08-06,3호선,옥수,6191,6269,12460,-78,8,6,토
2022-08-06,3호선,압구정,22344,24051,46395,-1707,8,6,토
2022-08-06,3호선,신사,20504,21701,42205,-1197,8,6,토
2022-08-06,3호선,잠원,2938,2810,5748,128,8,6,토
2022-08-06,3호선,고속터미널,46662,47100,93762,-438,8,6,토
2022-08-06,3호선,교대(법원.검찰청),6478,4000,10478,2478,8,6,토
2022-08-06,3호선,남부터미널(예술의전당),18752,18580,37332,172,8,6,토
2022-08-06,3호선,양재(서초구청),16640,18044,34684,-1404,8,6,토
2022-08-06,3호선,매봉,5448,5422,10870,26,8,6,토
2022-08-06,3호선,도곡,2802,2664,5466,138,8,6,토
2022-08-06,3호선,대치,11024,9590,20614,1434,8,6,토
2022-08-06,3호선,학여울,1374,1438,2812,-64,8,6,토
2022-08-06,3호선,대청,5374,5008,10382,366,8,6,토
2022-08-06,3호선,일원,4864,4704,9568,160,8,6,토
2022-08-06,3호선,수서,12766,12676,25442,90,8,6,토
2022-08-06,3호선,가락시장,5081,4926,10007,155,8,6,토
2022-08-06,3호선,경찰병원,3802,3664,7466,138,8,6,토
2022-08-06,3호선,오금,3463,3222,6685,241,8,6,토
2022-08-06,4호선,당고개,6893,6430,13323,463,8,6,토
2022-08-06,4호선,상계,12997,11820,24817,1177,8,6,토
2022-08-06,4호선,노원,14706,16741,31447,-2035,8,6,토
2022-08-06,4호선,창동,18373,19287,37660,-914,8,6,토
2022-08-06,4호선,쌍문,19746,17411,37157,2335,8,6,토
2022-08-06,4호선,수유(강북구청),25006,24482,49488,524,8,6,토
2022-08-06,4호선,미아(서울사이버대학),10293,9373,19666,920,8,6,토
2022-08-06,4호선,미아사거리,20389,19023,39412,1366,8,6,토
2022-08-06,4호선,길음,13911,12817,26728,1094,8,6,토
2022-08-06,4호선,성신여대입구(돈암),15372,14574,29946,798,8,6,토
2022-08-06,4호선,한성대입구(삼선교),9390,8950,18340,440,8,6,토
2022-08-06,4호선,혜화,27484,29156,56640,-1672,8,6,토
2022-08-06,4호선,동대문,12800,13282,26082,-482,8,6,토
2022-08-06,4호선,동대문역사문화공원(DDP),11416,9852,21268,1564,8,6,토
2022-08-06,4호선,충무로,11268,12605,23873,-1337,8,6,토
2022-08-06,4호선,명동,14508,16158,30666,-1650,8,6,토
2022-08-06,4호선,회현(남대문시장),16531,17222,33753,-691,8,6,토
2022-08-06,4호선,서울역,5649,13721,19370,-8072,8,6,토
2022-08-06,4호선,숙대입구(갈월),9383,9126,18509,257,8,6,토
2022-08-06,4호선,삼각지,3598,4687,8285,-1089,8,6,토
2022-08-06,4호선,신용산,11053,12032,23085,-979,8,6,토
2022-08-06,4호선,이촌(국립중앙박물관),8989,9339,18328,-350,8,6,토
2022-08-06,4호선,동작(현충원),969,988,1957,-19,8,6,토
2022-08-06,4호선,총신대입구(이수),13098,14251,27349,-1153,8,6,토
2022-08-06,4호선,사당,19940,17303,37243,2637,8,6,토
2022-08-06,4호선,남태령,1105,731,1836,374,8,6,토
2022-08-06,5호선,방화,4377,4063,8440,314,8,6,토
2022-08-06,5호선,개화산,3615,3339,6954,276,8,6,토
2022-08-06,5호선,김포공항,7570,7965,15535,-395,8,6,토
2022-08-06,5호선,송정,4483,4245,8728,238,8,6,토
2022-08-06,5호선,마곡,5218,5312,10530,-94,8,6,토
2022-08-06,5호선,발산,11150,12506,23656,-1356,8,6,토
2022-08-06,5호선,우장산,9186,8936,18122,250,8,6,토
2022-08-06,5호선,화곡,18983,17249,36232,1734,8,6,토
2022-08-06,5호선,까치산,19350,17976,37326,1374,8,6,토
2022-08-06,5호선,신정(은행정),8480,7088,15568,1392,8,6,토
2022-08-06,5호선,목동,10305,10294,20599,11,8,6,토
2022-08-06,5호선,오목교(목동운동장앞),15677,16046,31723,-369,8,6,토
2022-08-06,5호선,양평,3422,3172,6594,250,8,6,토
2022-08-06,장항선,온양온천,3462,3599,7061,-137,8,6,토
2022-08-06,장항선,배방,942,899,1841,43,8,6,토
2022-08-06,장항선,탕정,731,605,1336,126,8,6,토
2022-08-06,장항선,아산,2705,2540,5245,165,8,6,토
2022-08-06,5호선,영등포구청,1865,1727,3592,138,8,6,토
2022-08-06,5호선,영등포시장,7163,7285,14448,-122,8,6,토
2022-08-06,5호선,신길,2555,2493,5048,62,8,6,토
2022-08-06,5호선,여의도,11366,11745,23111,-379,8,6,토
2022-08-06,5호선,여의나루,8975,11027,20002,-2052,8,6,토
2022-08-06,5호선,마포,6819,6887,13706,-68,8,6,토
2022-08-06,5호선,공덕,6496,6835,13331,-339,8,6,토
2022-08-06,5호선,애오개,3391,3210,6601,181,8,6,토
2022-08-06,5호선,충정로(경기대입구),1794,1704,3498,90,8,6,토
2022-08-06,5호선,서대문,6802,6713,13515,89,8,6,토
2022-08-06,5호선,광화문(세종문화회관),21966,21279,43245,687,8,6,토
2022-08-06,5호선,종로3가,11188,11585,22773,-397,8,6,토
2022-08-06,5호선,을지로4가,3032,3356,6388,-324,8,6,토
2022-08-06,5호선,동대문역사문화공원(DDP),1113,1437,2550,-324,8,6,토
2022-08-06,5호선,청구,2310,2132,4442,178,8,6,토
2022-08-06,5호선,신금호,3747,3780,7527,-33,8,6,토
2022-08-06,5호선,행당,4986,4212,9198,774,8,6,토
2022-08-06,5호선,왕십리(성동구청),3129,3911,7040,-782,8,6,토
2022-08-06,5호선,마장,3501,3240,6741,261,8,6,토
2022-08-06,5호선,답십리,9605,8465,18070,1140,8,6,토
2022-08-06,5호선,장한평,10556,10114,20670,442,8,6,토
2022-08-06,5호선,군자(능동),7812,8642,16454,-830,8,6,토
2022-08-06,5호선,아차산(어린이대공원후문),10414,9818,20232,596,8,6,토
2022-08-06,5호선,광나루(장신대),9496,9091,18587,405,8,6,토
2022-08-06,5호선,천호(풍납토성),16142,15427,31569,715,8,6,토
2022-08-06,5호선,강동,11981,11238,23219,743,8,6,토
2022-08-06,5호선,길동,5626,5873,11499,-247,8,6,토
2022-08-06,5호선,굽은다리(강동구민회관앞),6982,6483,13465,499,8,6,토
2022-08-06,5호선,명일,5790,5674,11464,116,8,6,토
2022-08-06,5호선,고덕,6253,5980,12233,273,8,6,토
2022-08-06,5호선,상일동,8591,7983,16574,608,8,6,토
2022-08-06,5호선,둔촌동,5526,5475,11001,51,8,6,토
2022-08-06,5호선,올림픽공원(한국체대),4442,4168,8610,274,8,6,토
2022-08-06,5호선,방이,5094,4876,9970,218,8,6,토
2022-08-06,5호선,오금,2485,2284,4769,201,8,6,토
2022-08-06,5호선,개롱,3889,4013,7902,-124,8,6,토
2022-08-06,5호선,거여,5870,5453,11323,417,8,6,토
2022-08-06,5호선,마천,4284,4359,8643,-75,8,6,토
2022-08-06,5호선,강일,3087,2796,5883,291,8,6,토
2022-08-06,5호선,미사,11374,11445,22819,-71,8,6,토
2022-08-06,5호선,하남풍산,2669,2646,5315,23,8,6,토
2022-08-06,5호선,하남시청(덕풍·신장),5162,4902,10064,260,8,6,토
2022-08-06,5호선,하남검단산,5101,4947,10048,154,8,6,토
2022-08-06,6호선,응암,11586,11175,22761,411,8,6,토
2022-08-06,6호선,역촌,2558,2712,5270,-154,8,6,토
2022-08-06,6호선,불광,3646,3226,6872,420,8,6,토
2022-08-06,6호선,독바위,1874,2043,3917,-169,8,6,토
2022-08-06,6호선,연신내,1,0,1,1,8,6,토
2022-08-06,6호선,구산,4983,3837,8820,1146,8,6,토
2022-08-06,6호선,새절(신사),8097,7475,15572,622,8,6,토
2022-08-06,6호선,증산(명지대앞),6665,6468,13133,197,8,6,토
2022-08-06,6호선,디지털미디어시티,7114,7288,14402,-174,8,6,토
2022-08-06,6호선,월드컵경기장(성산),4100,4186,8286,-86,8,6,토
2022-08-06,6호선,마포구청,8808,7474,16282,1334,8,6,토
2022-08-06,6호선,망원,11924,12913,24837,-989,8,6,토
2022-08-06,6호선,합정,11913,11528,23441,385,8,6,토
2022-08-06,6호선,상수,8469,10977,19446,-2508,8,6,토
2022-08-06,6호선,광흥창(서강),4949,4435,9384,514,8,6,토
2022-08-06,6호선,대흥(서강대앞),5327,5302,10629,25,8,6,토
2022-08-06,6호선,공덕,9169,8706,17875,463,8,6,토
2022-08-06,6호선,효창공원앞,4417,3874,8291,543,8,6,토
2022-08-06,6호선,삼각지,5382,4155,9537,1227,8,6,토
2022-08-06,6호선,녹사평(용산구청),4228,4866,9094,-638,8,6,토
2022-08-06,6호선,이태원,12760,16937,29697,-4177,8,6,토
2022-08-06,6호선,한강진,8172,10077,18249,-1905,8,6,토
2022-08-06,6호선,버티고개,1473,1555,3028,-82,8,6,토
2022-08-06,6호선,약수,2402,2430,4832,-28,8,6,토
2022-08-06,6호선,청구,2192,2121,4313,71,8,6,토
2022-08-06,6호선,신당,5875,5573,11448,302,8,6,토
2022-08-06,6호선,동묘앞,6416,6029,12445,387,8,6,토
2022-08-06,6호선,창신,1959,1659,3618,300,8,6,토
2022-08-06,6호선,보문,4790,4041,8831,749,8,6,토
2022-08-06,6호선,안암(고대병원앞),5904,5461,11365,443,8,6,토
2022-08-06,6호선,고려대(종암),5097,4638,9735,459,8,6,토
2022-08-06,6호선,월곡(동덕여대),7131,6820,13951,311,8,6,토
2022-08-06,6호선,상월곡(한국과학기술연구원),3928,3454,7382,474,8,6,토
2022-08-06,6호선,돌곶이,5760,5201,10961,559,8,6,토
2022-08-06,6호선,석계,8143,8192,16335,-49,8,6,토
2022-08-06,6호선,태릉입구,3965,3901,7866,64,8,6,토
2022-08-06,6호선,화랑대(서울여대입구),6137,4960,11097,1177,8,6,토
2022-08-06,6호선,봉화산(서울의료원),5018,4736,9754,282,8,6,토
2022-08-06,7호선,장암,1846,1271,3117,575,8,6,토
2022-08-06,7호선,도봉산,5802,7743,13545,-1941,8,6,토
2022-08-06,7호선,수락산,9825,9702,19527,123,8,6,토
2022-08-06,7호선,마들,8587,7889,16476,698,8,6,토
2022-08-06,7호선,노원,15246,15801,31047,-555,8,6,토
2022-08-06,7호선,중계,8714,7611,16325,1103,8,6,토
2022-08-06,7호선,하계,11361,10342,21703,1019,8,6,토
2022-08-06,7호선,공릉(서울과학기술대),7718,7324,15042,394,8,6,토
2022-08-06,7호선,태릉입구,6036,5566,11602,470,8,6,토
2022-08-06,7호선,먹골,6945,6690,13635,255,8,6,토
2022-08-06,7호선,중화,7203,6710,13913,493,8,6,토
2022-08-06,7호선,상봉(시외버스터미널),12208,11565,23773,643,8,6,토
2022-08-06,7호선,면목,10438,9851,20289,587,8,6,토
2022-08-06,7호선,사가정,11108,10614,21722,494,8,6,토
2022-08-06,7호선,용마산(용마폭포공원),4141,4047,8188,94,8,6,토
2022-08-06,7호선,중곡,6491,5997,12488,494,8,6,토
2022-08-06,7호선,군자(능동),10163,7666,17829,2497,8,6,토
2022-08-06,7호선,어린이대공원(세종대),10713,10212,20925,501,8,6,토
2022-08-06,7호선,건대입구,10618,10997,21615,-379,8,6,토
2022-08-06,7호선,뚝섬유원지,6990,6535,13525,455,8,6,토
2022-08-06,7호선,청담,9816,10709,20525,-893,8,6,토
2022-08-06,7호선,강남구청,8467,9458,17925,-991,8,6,토
2022-08-06,7호선,학동,8898,9403,18301,-505,8,6,토
2022-08-06,7호선,논현,9088,9973,19061,-885,8,6,토
2022-08-06,7호선,반포,4203,4077,8280,126,8,6,토
2022-08-06,7호선,고속터미널,13756,10049,23805,3707,8,6,토
2022-08-06,7호선,내방,7246,7072,14318,174,8,6,토
2022-08-06,7호선,이수,11429,10831,22260,598,8,6,토
2022-08-06,7호선,남성,7270,6487,13757,783,8,6,토
2022-08-06,7호선,숭실대입구(살피재),7311,7047,14358,264,8,6,토
2022-08-06,7호선,상도,7301,6608,13909,693,8,6,토
2022-08-06,7호선,장승배기,6001,5639,11640,362,8,6,토
2022-08-06,7호선,신대방삼거리,10080,9293,19373,787,8,6,토
2022-08-06,7호선,보라매,5212,4909,10121,303,8,6,토
2022-08-06,7호선,신풍,7616,7280,14896,336,8,6,토
2022-08-06,7호선,대림(구로구청),7062,7609,14671,-547,8,6,토
2022-08-06,7호선,남구로,7999,8147,16146,-148,8,6,토
2022-08-06,7호선,가산디지털단지,12668,11294,23962,1374,8,6,토
2022-08-06,7호선,철산,14172,14223,28395,-51,8,6,토
2022-08-06,7호선,광명사거리,15691,15706,31397,-15,8,6,토
2022-08-06,7호선,천왕,6442,5977,12419,465,8,6,토
2022-08-06,7호선,온수(성공회대입구),5195,5134,10329,61,8,6,토
2022-08-06,8호선,암사,11701,10483,22184,1218,8,6,토
2022-08-06,8호선,천호(풍납토성),11067,12998,24065,-1931,8,6,토
2022-08-06,8호선,강동구청,5608,5622,11230,-14,8,6,토
2022-08-06,8호선,몽촌토성(평화의문),4106,3962,8068,144,8,6,토
2022-08-06,8호선,잠실(송파구청),13333,15562,28895,-2229,8,6,토
2022-08-06,8호선,석촌,5400,6478,11878,-1078,8,6,토
2022-08-06,8호선,송파,6229,5931,12160,298,8,6,토
2022-08-06,8호선,가락시장,4226,4662,8888,-436,8,6,토
2022-08-06,8호선,문정,7327,7367,14694,-40,8,6,토
2022-08-06,8호선,장지,11354,10617,21971,737,8,6,토
2022-08-06,8호선,복정,5347,4536,9883,811,8,6,토
2022-08-06,8호선,산성,3810,3759,7569,51,8,6,토
2022-08-06,8호선,남한산성입구(성남법원.검찰청),8471,7331,15802,1140,8,6,토
2022-08-06,8호선,단대오거리,7007,6559,13566,448,8,6,토
2022-08-06,8호선,신흥,3612,3958,7570,-346,8,6,토
2022-08-06,8호선,수진,4237,3622,7859,615,8,6,토
2022-08-06,8호선,모란,3457,3072,6529,385,8,6,토
2022-08-06,8호선,남위례,3237,3303,6540,-66,8,6,토
2022-08-06,9호선,개화,1217,1072,2289,145,8,6,토
2022-08-06,9호선,김포공항,7776,11389,19165,-3613,8,6,토
2022-08-06,9호선,공항시장,2242,2347,4589,-105,8,6,토
2022-08-06,9호선,신방화,4476,4244,8720,232,8,6,토
2022-08-06,9호선,마곡나루(서울식물원),7400,7265,14665,135,8,6,토
2022-08-06,9호선,양천향교,5249,5136,10385,113,8,6,토
2022-08-06,9호선,가양,13205,12556,25761,649,8,6,토
2022-08-06,9호선,증미,3876,3726,7602,150,8,6,토
2022-08-06,9호선,등촌,6734,6449,13183,285,8,6,토
2022-08-06,9호선,염창,10950,10047,20997,903,8,6,토
2022-08-06,9호선,신목동,2159,1798,3957,361,8,6,토
2022-08-06,9호선,선유도,3447,3163,6610,284,8,6,토
2022-08-06,9호선,당산,11982,11212,23194,770,8,6,토
2022-08-06,9호선,국회의사당,3569,3587,7156,-18,8,6,토
2022-08-06,9호선,여의도,12470,11479,23949,991,8,6,토
2022-08-06,9호선,샛강,2699,2608,5307,91,8,6,토
2022-08-06,9호선,노량진,19683,19017,38700,666,8,6,토
2022-08-06,9호선,노들,3095,2541,5636,554,8,6,토
2022-08-06,9호선,흑석(중앙대입구),5464,5316,10780,148,8,6,토
2022-08-06,9호선,동작(현충원),1403,1255,2658,148,8,6,토
2022-08-06,9호선,구반포,646,646,1292,0,8,6,토
2022-08-06,9호선,신반포,2530,2398,4928,132,8,6,토
2022-08-06,9호선,고속터미널,12314,18218,30532,-5904,8,6,토
2022-08-06,9호선,사평,2278,2165,4443,113,8,6,토
2022-08-06,9호선,신논현,22859,23278,46137,-419,8,6,토
2022-08-06,9호선2~3단계,언주,5819,5641,11460,178,8,6,토
2022-08-06,9호선2~3단계,선정릉,4191,4540,8731,-349,8,6,토
2022-08-06,9호선2~3단계,삼성중앙,3122,3353,6475,-231,8,6,토
2022-08-06,9호선2~3단계,봉은사,13665,14116,27781,-451,8,6,토
2022-08-06,9호선2~3단계,종합운동장,2938,2826,5764,112,8,6,토
2022-08-06,9호선2~3단계,삼전,4722,4352,9074,370,8,6,토
2022-08-06,9호선2~3단계,석촌고분,4405,4156,8561,249,8,6,토
2022-08-06,9호선2~3단계,석촌,6385,5213,11598,1172,8,6,토
2022-08-06,9호선2~3단계,송파나루,4399,4751,9150,-352,8,6,토
2022-08-06,9호선2~3단계,한성백제,1925,1612,3537,313,8,6,토
2022-08-06,9호선2~3단계,올림픽공원(한국체대),9914,10054,19968,-140,8,6,토
2022-08-06,9호선2~3단계,둔촌오륜,555,581,1136,-26,8,6,토
2022-08-06,9호선2~3단계,중앙보훈병원,4708,4403,9111,305,8,6,토
2022-08-06,경강선,판교,3139,3066,6205,73,8,6,토
2022-08-06,경강선,이매,818,656,1474,162,8,6,토
2022-08-06,경강선,삼동,1407,1302,2709,105,8,6,토
2022-08-06,경강선,경기광주,5224,4866,10090,358,8,6,토
2022-08-06,경강선,초월,2125,1870,3995,255,8,6,토
2022-08-06,경강선,곤지암,1776,1925,3701,-149,8,6,토
2022-08-06,경강선,신둔도예촌,1229,1190,2419,39,8,6,토
2022-08-06,경강선,이천,2893,3006,5899,-113,8,6,토
2022-08-06,경강선,부발,2176,1824,4000,352,8,6,토
2022-08-06,경강선,세종대왕릉,348,362,710,-14,8,6,토
2022-08-06,경강선,여주,2486,2713,5199,-227,8,6,토
2022-08-06,경부선,서울역,7950,2073,10023,5877,8,6,토
2022-08-06,경부선,남영,6040,6012,12052,28,8,6,토
2022-08-06,경부선,용산,37640,40329,77969,-2689,8,6,토
2022-08-06,경부선,노량진,6925,6047,12972,878,8,6,토
2022-08-06,경부선,대방,6105,6568,12673,-463,8,6,토
2022-08-06,경부선,영등포,39768,41517,81285,-1749,8,6,토
2022-08-06,경부선,신도림,2500,2680,5180,-180,8,6,토
2022-08-06,경부선,신길,5380,4414,9794,966,8,6,토
2022-08-06,경부선,구로,11706,12237,23943,-531,8,6,토
2022-08-06,경부선,가산디지털단지,5567,7317,12884,-1750,8,6,토
2022-08-06,경부선,금천구청,7290,7304,14594,-14,8,6,토
2022-08-06,경부선,석수,6015,5612,11627,403,8,6,토
2022-08-06,경부선,관악,5352,5122,10474,230,8,6,토
2022-08-06,경부선,안양,16331,16254,32585,77,8,6,토
2022-08-06,경부선,명학,4215,3767,7982,448,8,6,토
2022-08-06,경부선,금정,18362,18502,36864,-140,8,6,토
2022-08-06,경부선,군포,3759,3376,7135,383,8,6,토
2022-08-06,경부선,의왕,5420,5238,10658,182,8,6,토
2022-08-06,경부선,성균관대,9592,9488,19080,104,8,6,토
2022-08-06,경부선,화서,5133,5075,10208,58,8,6,토
2022-08-06,경부선,수원,36059,38949,75008,-2890,8,6,토
2022-08-06,경부선,독산,8101,7732,15833,369,8,6,토
2022-08-06,경부선,세류,2248,2341,4589,-93,8,6,토
2022-08-06,경부선,병점,11665,11396,23061,269,8,6,토
2022-08-06,경부선,세마,2045,1805,3850,240,8,6,토
2022-08-06,경부선,오산대,2600,2327,4927,273,8,6,토
2022-08-06,경부선,오산,8767,8149,16916,618,8,6,토
2022-08-06,경부선,진위,1032,879,1911,153,8,6,토
2022-08-06,경부선,송탄,4791,4298,9089,493,8,6,토
2022-08-06,경부선,서정리,6910,5561,12471,1349,8,6,토
2022-08-06,경부선,평택지제,3532,3060,6592,472,8,6,토
2022-08-06,경부선,평택,12772,12565,25337,207,8,6,토
2022-08-06,경부선,성환,2829,2628,5457,201,8,6,토
2022-08-06,경부선,직산,653,602,1255,51,8,6,토
2022-08-06,경부선,두정,4930,5144,10074,-214,8,6,토
2022-08-06,경부선,천안,5921,6180,12101,-259,8,6,토
2022-08-06,경부선,당정,3724,3365,7089,359,8,6,토
2022-08-06,경부선,서동탄,929,989,1918,-60,8,6,토
2022-08-06,경부선,광명,2691,2360,5051,331,8,6,토
2022-08-06,경원선,이촌(국립중앙박물관),2807,2039,4846,768,8,6,토
2022-08-06,경원선,서빙고,1293,1213,2506,80,8,6,토
2022-08-06,경원선,한남,2427,2378,4805,49,8,6,토
2022-08-06,경원선,옥수,43,27,70,16,8,6,토
2022-08-06,경원선,응봉,1292,1112,2404,180,8,6,토
2022-08-06,경원선,왕십리(성동구청),12100,13866,25966,-1766,8,6,토
2022-08-06,경원선,청량리(서울시립대입구),16287,17117,33404,-830,8,6,토
2022-08-06,경원선,외대앞,5706,5367,11073,339,8,6,토
2022-08-06,경원선,신이문,5826,4811,10637,1015,8,6,토
2022-08-06,경원선,석계,6338,6531,12869,-193,8,6,토
2022-08-06,경원선,광운대,4780,4751,9531,29,8,6,토
2022-08-06,경원선,월계,4392,4017,8409,375,8,6,토
2022-08-06,경원선,녹천,3110,2596,5706,514,8,6,토
2022-08-06,경원선,방학,7233,6919,14152,314,8,6,토
2022-08-06,경원선,도봉,4114,3812,7926,302,8,6,토
2022-08-06,경원선,도봉산,7484,5250,12734,2234,8,6,토
2022-08-06,경원선,망월사,5769,5606,11375,163,8,6,토
2022-08-06,경원선,회룡,9112,8906,18018,206,8,6,토
2022-08-06,경원선,의정부,16515,17558,34073,-1043,8,6,토
2022-08-06,경원선,가능,4933,4608,9541,325,8,6,토
2022-08-06,경원선,녹양,3292,3273,6565,19,8,6,토
2022-08-06,경원선,양주,5988,5865,11853,123,8,6,토
2022-08-06,경원선,덕계,2479,2228,4707,251,8,6,토
2022-08-06,경원선,덕정,4093,3742,7835,351,8,6,토
2022-08-06,경원선,지행,5462,5300,10762,162,8,6,토
2022-08-06,경원선,동두천중앙,2487,2556,5043,-69,8,6,토
2022-08-06,경원선,보산,1653,1564,3217,89,8,6,토
2022-08-06,경원선,동두천,1695,2028,3723,-333,8,6,토
2022-08-06,경원선,소요산,4621,3992,8613,629,8,6,토
2022-08-06,경의선,서울역,1403,1465,2868,-62,8,6,토
2022-08-06,경의선,신촌,324,416,740,-92,8,6,토
2022-08-06,경의선,효창공원앞,1768,1766,3534,2,8,6,토
2022-08-06,경의선,공덕,2509,1982,4491,527,8,6,토
2022-08-06,경의선,서강대,1634,1530,3164,104,8,6,토
2022-08-06,경의선,홍대입구,1936,2535,4471,-599,8,6,토
2022-08-06,경의선,가좌,3694,3632,7326,62,8,6,토
2022-08-06,경의선,디지털미디어시티,1940,1629,3569,311,8,6,토
2022-08-06,경의선,수색,1531,1425,2956,106,8,6,토
2022-08-06,경의선,화전,996,897,1893,99,8,6,토
2022-08-06,경의선,강매,1821,1634,3455,187,8,6,토
2022-08-06,경의선,행신,5409,5321,10730,88,8,6,토
2022-08-06,경의선,능곡,2556,2530,5086,26,8,6,토
2022-08-06,경의선,곡산,380,405,785,-25,8,6,토
2022-08-06,경의선,백마,4123,3975,8098,148,8,6,토
2022-08-06,경의선,풍산,4055,3874,7929,181,8,6,토
2022-08-06,경의선,일산,5834,5517,11351,317,8,6,토
2022-08-06,경의선,탄현,5140,4935,10075,205,8,6,토
2022-08-06,경의선,야당,5960,6125,12085,-165,8,6,토
2022-08-06,경의선,운정,4694,4260,8954,434,8,6,토
2022-08-06,경의선,금릉,3611,3431,7042,180,8,6,토
2022-08-06,경의선,금촌,5507,5378,10885,129,8,6,토
2022-08-06,경의선,월롱,1873,1515,3388,358,8,6,토
2022-08-06,경의선,파주,785,575,1360,210,8,6,토
2022-08-06,경의선,문산,4834,4496,9330,338,8,6,토
2022-08-06,경의선,임진강,74,58,132,16,8,6,토
2022-08-06,경인선,개봉,14791,14384,29175,407,8,6,토
2022-08-06,경인선,오류동,8088,7441,15529,647,8,6,토
2022-08-06,경인선,역곡,18520,18267,36787,253,8,6,토
2022-08-06,경인선,부천,26876,27570,54446,-694,8,6,토
2022-08-06,경인선,송내,16989,16588,33577,401,8,6,토
2022-08-06,경인선,부평,26959,29782,56741,-2823,8,6,토
2022-08-06,경인선,백운,5269,5061,10330,208,8,6,토
2022-08-06,경인선,동암,12247,12344,24591,-97,8,6,토
2022-08-06,경인선,주안,14623,13012,27635,1611,8,6,토
2022-08-06,경인선,제물포,6742,6385,13127,357,8,6,토
2022-08-06,경인선,동인천,11059,10868,21927,191,8,6,토
2022-08-06,경인선,인천,4517,3857,8374,660,8,6,토
2022-08-06,경인선,구일,4070,3760,7830,310,8,6,토
2022-08-06,경인선,소사,6260,6183,12443,77,8,6,토
2022-08-06,경인선,부개,6122,5640,11762,482,8,6,토
2022-08-06,경인선,간석,4062,3806,7868,256,8,6,토
2022-08-06,경인선,도원,2015,1954,3969,61,8,6,토
2022-08-06,경인선,온수(성공회대입구),4531,4172,8703,359,8,6,토
2022-08-06,경인선,중동,6127,5710,11837,417,8,6,토
2022-08-06,경인선,도화,2982,2752,5734,230,8,6,토
2022-08-06,경춘선,신내,1253,1185,2438,68,8,6,토
2022-08-06,경춘선,갈매,1787,1560,3347,227,8,6,토
2022-08-06,경춘선,별내,2160,2000,4160,160,8,6,토
2022-08-06,경춘선,퇴계원,2279,2080,4359,199,8,6,토
2022-08-06,경춘선,사릉,1538,1499,3037,39,8,6,토
2022-08-06,경춘선,금곡,1034,937,1971,97,8,6,토
2022-08-06,경춘선,평내호평,4401,4244,8645,157,8,6,토
2022-08-06,경춘선,천마산,1220,1160,2380,60,8,6,토
2022-08-06,경춘선,마석,2982,2988,5970,-6,8,6,토
2022-08-06,경춘선,대성리,970,1280,2250,-310,8,6,토
2022-08-06,경춘선,청평,1919,2342,4261,-423,8,6,토
2022-08-06,경춘선,상천,394,414,808,-20,8,6,토
2022-08-06,경춘선,가평,2712,3790,6502,-1078,8,6,토
2022-08-06,경춘선,굴봉산,196,182,378,14,8,6,토
2022-08-06,경춘선,백양리,155,152,307,3,8,6,토
2022-08-06,경춘선,강촌,647,748,1395,-101,8,6,토
2022-08-06,경춘선,김유정,411,473,884,-62,8,6,토
2022-08-06,경춘선,남춘천,2775,3055,5830,-280,8,6,토
2022-08-06,경춘선,춘천,1857,1681,3538,176,8,6,토
2022-08-06,공항철도 1호선,서울역,8739,8583,17322,156,8,6,토
2022-08-06,공항철도 1호선,공덕,1668,2393,4061,-725,8,6,토
2022-08-06,공항철도 1호선,홍대입구,12742,13071,25813,-329,8,6,토
2022-08-06,공항철도 1호선,디지털미디어시티,5124,4724,9848,400,8,6,토
2022-08-06,공항철도 1호선,마곡나루(서울식물원),2812,3041,5853,-229,8,6,토
2022-08-06,공항철도 1호선,김포공항,10313,5611,15924,4702,8,6,토
2022-08-06,공항철도 1호선,계양,7153,6760,13913,393,8,6,토
2022-08-06,공항철도 1호선,검암,4248,4455,8703,-207,8,6,토
2022-08-06,공항철도 1호선,청라국제도시,4344,4051,8395,293,8,6,토
2022-08-06,공항철도 1호선,운서,6957,8115,15072,-1158,8,6,토
2022-08-06,공항철도 1호선,공항화물청사,1550,1339,2889,211,8,6,토
2022-08-06,공항철도 1호선,인천공항1터미널,11022,11196,22218,-174,8,6,토
2022-08-06,공항철도 1호선,인천공항2터미널,3854,3545,7399,309,8,6,토
2022-08-06,공항철도 1호선,영종,3063,3303,6366,-240,8,6,토
2022-08-06,과천선,선바위,4783,4276,9059,507,8,6,토
2022-08-06,과천선,대공원,3637,3956,7593,-319,8,6,토
2022-08-06,과천선,과천,4723,4291,9014,432,8,6,토
2022-08-06,과천선,정부과천청사,6173,6120,12293,53,8,6,토
2022-08-06,과천선,인덕원,15140,14728,29868,412,8,6,토
2022-08-06,과천선,평촌,8471,8177,16648,294,8,6,토
2022-08-06,과천선,범계,19683,19209,38892,474,8,6,토
2022-08-06,분당선,선릉,4668,7138,11806,-2470,8,6,토
2022-08-06,분당선,한티,13754,13029,26783,725,8,6,토
2022-08-06,분당선,도곡,4247,3925,8172,322,8,6,토
2022-08-06,분당선,구룡,1263,1125,2388,138,8,6,토
2022-08-06,분당선,개포동,2512,2463,4975,49,8,6,토
2022-08-06,분당선,대모산입구,2785,2483,5268,302,8,6,토
2022-08-06,분당선,수서,9786,10171,19957,-385,8,6,토
2022-08-06,분당선,복정,1,0,1,1,8,6,토
2022-08-06,분당선,수원,7362,6122,13484,1240,8,6,토
2022-08-06,분당선,서울숲,7079,7394,14473,-315,8,6,토
2022-08-06,분당선,압구정로데오,16791,19877,36668,-3086,8,6,토
2022-08-06,분당선,강남구청,4363,5166,9529,-803,8,6,토
2022-08-06,분당선,선정릉,2846,2864,5710,-18,8,6,토
2022-08-06,분당선,가천대,4227,4591,8818,-364,8,6,토
2022-08-06,분당선,태평,10398,9481,19879,917,8,6,토
2022-08-06,분당선,모란,14834,15089,29923,-255,8,6,토
2022-08-06,분당선,야탑,16312,17222,33534,-910,8,6,토
2022-08-06,분당선,서현,18041,18364,36405,-323,8,6,토
2022-08-06,분당선,수내,8737,8148,16885,589,8,6,토
2022-08-06,분당선,정자,10384,10630,21014,-246,8,6,토
2022-08-06,분당선,미금,9862,10238,20100,-376,8,6,토
2022-08-06,분당선,오리,6992,5724,12716,1268,8,6,토
2022-08-06,분당선,이매,3825,3694,7519,131,8,6,토
2022-08-06,분당선,보정,1617,1472,3089,145,8,6,토
2022-08-06,분당선,죽전,9032,10269,19301,-1237,8,6,토
2022-08-06,분당선,구성,3030,3097,6127,-67,8,6,토
2022-08-06,분당선,신갈,2583,2592,5175,-9,8,6,토
2022-08-06,분당선,기흥,6558,6248,12806,310,8,6,토
2022-08-06,분당선,상갈,3593,3583,7176,10,8,6,토
2022-08-06,분당선,청명,2570,2459,5029,111,8,6,토
2022-08-06,분당선,영통,6650,6635,13285,15,8,6,토
2022-08-06,분당선,망포,8846,8117,16963,729,8,6,토
2022-08-06,분당선,매탄권선,3445,3095,6540,350,8,6,토
2022-08-06,분당선,수원시청,9515,10911,20426,-1396,8,6,토
2022-08-06,분당선,매교,2117,2161,4278,-44,8,6,토
2022-08-06,수인선,고색,2613,2428,5041,185,8,6,토
2022-08-06,수인선,오목천,2277,1921,4198,356,8,6,토
2022-08-06,수인선,어천,704,674,1378,30,8,6,토
2022-08-06,수인선,야목,268,194,462,74,8,6,토
2022-08-06,수인선,사리,3356,2806,6162,550,8,6,토
2022-08-06,수인선,달월,64,66,130,-2,8,6,토
2022-08-06,수인선,월곶,2178,2118,4296,60,8,6,토
2022-08-06,수인선,소래포구,4937,4882,9819,55,8,6,토
2022-08-06,수인선,인천논현,4060,4187,8247,-127,8,6,토
2022-08-06,수인선,호구포,2568,2472,5040,96,8,6,토
2022-08-06,수인선,남동인더스파크,886,819,1705,67,8,6,토
2022-08-06,수인선,원인재,3245,3556,6801,-311,8,6,토
2022-08-06,수인선,연수,3823,3913,7736,-90,8,6,토
2022-08-06,수인선,송도,1879,1801,3680,78,8,6,토
2022-08-06,수인선,인하대,4108,3882,7990,226,8,6,토
2022-08-06,수인선,숭의,2619,2437,5056,182,8,6,토
2022-08-06,수인선,신포,1271,1428,2699,-157,8,6,토
2022-08-06,수인선,인천,1252,2028,3280,-776,8,6,토
2022-08-06,신림선,샛강,918,1186,2104,-268,8,6,토
2022-08-06,신림선,대방,1554,1057,2611,497,8,6,토
2022-08-06,신림선,서울지방병무청,1646,1733,3379,-87,8,6,토
2022-08-06,신림선,보라매,2119,1844,3963,275,8,6,토
2022-08-06,신림선,보라매공원,1163,1182,2345,-19,8,6,토
2022-08-06,신림선,보라매병원,2689,2665,5354,24,8,6,토
2022-08-06,신림선,당곡,2963,2635,5598,328,8,6,토
2022-08-06,신림선,신림,1345,1887,3232,-542,8,6,토
2022-08-06,신림선,서원,2178,1790,3968,388,8,6,토
2022-08-06,신림선,서울대벤처타운,5178,4770,9948,408,8,6,토
2022-08-06,신림선,관악산(서울대),3966,4099,8065,-133,8,6,토
2022-08-06,안산선,산본,12033,12845,24878,-812,8,6,토
2022-08-06,안산선,대야미,3635,3195,6830,440,8,6,토
2022-08-06,안산선,반월,3127,3000,6127,127,8,6,토
2022-08-06,안산선,상록수,11481,11398,22879,83,8,6,토
2022-08-06,안산선,한대앞,6622,6599,13221,23,8,6,토
2022-08-06,안산선,중앙,14740,15386,30126,-646,8,6,토
2022-08-06,안산선,고잔,5324,5089,10413,235,8,6,토
2022-08-06,안산선,초지,3262,3011,6273,251,8,6,토
2022-08-06,안산선,안산,9120,9464,18584,-344,8,6,토
2022-08-06,안산선,신길온천,1442,1309,2751,133,8,6,토
2022-08-06,안산선,정왕,6525,6605,13130,-80,8,6,토
2022-08-06,안산선,오이도,7173,7391,14564,-218,8,6,토
2022-08-06,안산선,수리산,2705,2366,5071,339,8,6,토
2022-08-06,우이신설선,북한산우이,3076,3481,6557,-405,8,6,토
2022-08-06,우이신설선,솔밭공원,1763,1703,3466,60,8,6,토
2022-08-06,우이신설선,4.19민주묘지,2219,1994,4213,225,8,6,토
2022-08-06,우이신설선,가오리,2978,2813,5791,165,8,6,토
2022-08-06,우이신설선,화계,2346,2155,4501,191,8,6,토
2022-08-06,우이신설선,삼양,1460,1419,2879,41,8,6,토
2022-08-06,우이신설선,삼양사거리,1767,1719,3486,48,8,6,토
2022-08-06,우이신설선,솔샘,3601,3161,6762,440,8,6,토
2022-08-06,우이신설선,북한산보국문,4188,3485,7673,703,8,6,토
2022-08-06,우이신설선,정릉,3321,2686,6007,635,8,6,토
2022-08-06,우이신설선,성신여대입구(돈암),2534,2985,5519,-451,8,6,토
2022-08-06,우이신설선,보문,1041,1008,2049,33,8,6,토
2022-08-06,우이신설선,신설동,1289,1271,2560,18,8,6,토
2022-08-06,일산선,원흥,7071,6702,13773,369,8,6,토
2022-08-07,과천선,대공원,3055,3087,6142,-32,8,7,일
2022-08-07,중앙선,덕소,3061,3149,6210,-88,8,7,일
2022-08-07,중앙선,도심,1094,1019,2113,75,8,7,일
2022-08-07,중앙선,팔당,1060,976,2036,84,8,7,일
2022-08-07,중앙선,운길산,725,649,1374,76,8,7,일
2022-08-07,중앙선,양수,1719,1590,3309,129,8,7,일
2022-08-07,중앙선,신원,180,139,319,41,8,7,일
2022-08-07,중앙선,국수,557,464,1021,93,8,7,일
2022-08-07,중앙선,아신,538,445,983,93,8,7,일
2022-08-07,중앙선,오빈,218,216,434,2,8,7,일
2022-08-07,중앙선,양평,2346,2122,4468,224,8,7,일
2022-08-07,1호선,서울역,28430,26845,55275,1585,8,7,일
2022-08-07,1호선,시청,9370,9218,18588,152,8,7,일
2022-08-07,1호선,종각,13662,12174,25836,1488,8,7,일
2022-08-07,1호선,종로3가,13546,12064,25610,1482,8,7,일
2022-08-07,1호선,종로5가,9106,8858,17964,248,8,7,일
2022-08-07,1호선,동대문,8319,7905,16224,414,8,7,일
2022-08-07,1호선,신설동,6945,6924,13869,21,8,7,일
2022-08-07,1호선,제기동,9290,9765,19055,-475,8,7,일
2022-08-07,1호선,청량리(서울시립대입구),12006,12330,24336,-324,8,7,일
2022-08-07,1호선,동묘앞,10400,10402,20802,-2,8,7,일
2022-08-07,2호선,시청,7355,7066,14421,289,8,7,일
2022-08-07,2호선,을지로입구,16672,15887,32559,785,8,7,일
2022-08-07,2호선,을지로3가,8522,8246,16768,276,8,7,일
2022-08-07,2호선,을지로4가,3703,3597,7300,106,8,7,일
2022-08-07,2호선,동대문역사문화공원(DDP),7764,8666,16430,-902,8,7,일
2022-08-07,2호선,신당,7492,7997,15489,-505,8,7,일
2022-08-07,2호선,상왕십리,6402,6338,12740,64,8,7,일
2022-08-07,2호선,왕십리(성동구청),9086,8194,17280,892,8,7,일
2022-08-07,2호선,한양대,2310,2546,4856,-236,8,7,일
2022-08-07,2호선,뚝섬,8944,9427,18371,-483,8,7,일
2022-08-07,2호선,성수,14083,15418,29501,-1335,8,7,일
2022-08-07,2호선,건대입구,23628,25499,49127,-1871,8,7,일
2022-08-07,2호선,구의(광진구청),10436,10620,21056,-184,8,7,일
2022-08-07,2호선,강변(동서울터미널),23248,21292,44540,1956,8,7,일
2022-08-07,2호선,잠실나루,4982,5087,10069,-105,8,7,일
2022-08-07,2호선,잠실(송파구청),49998,47369,97367,2629,8,7,일
2022-08-07,2호선,잠실새내,11067,11499,22566,-432,8,7,일
2022-08-07,2호선,종합운동장,8873,9568,18441,-695,8,7,일
2022-08-07,2호선,삼성(무역센터),22442,21576,44018,866,8,7,일
2022-08-07,2호선,선릉,12070,10461,22531,1609,8,7,일
2022-08-07,2호선,역삼,9991,11309,21300,-1318,8,7,일
2022-08-07,2호선,강남,32469,31177,63646,1292,8,7,일
2022-08-07,2호선,교대(법원.검찰청),9916,10882,20798,-966,8,7,일
2022-08-07,2호선,서초,11751,10804,22555,947,8,7,일
2022-08-07,2호선,방배,6289,6737,13026,-448,8,7,일
2022-08-07,2호선,사당,20059,22433,42492,-2374,8,7,일
2022-08-07,2호선,낙성대(강감찬),14676,15226,29902,-550,8,7,일
2022-08-07,2호선,서울대입구(관악구청),24556,24978,49534,-422,8,7,일
2022-08-07,2호선,봉천,11837,11566,23403,271,8,7,일
2022-08-07,2호선,신림,33573,32922,66495,651,8,7,일
2022-08-07,2호선,신대방,14126,13927,28053,199,8,7,일
2022-08-07,2호선,구로디지털단지,22653,22503,45156,150,8,7,일
2022-08-07,2호선,대림(구로구청),14525,14835,29360,-310,8,7,일
2022-08-07,2호선,신도림,26102,26476,52578,-374,8,7,일
2022-08-07,2호선,문래,7591,8026,15617,-435,8,7,일
2022-08-07,2호선,영등포구청,6979,7423,14402,-444,8,7,일
2022-08-07,2호선,당산,7484,8114,15598,-630,8,7,일
2022-08-07,2호선,합정,20718,22328,43046,-1610,8,7,일
2022-08-07,2호선,홍대입구,51697,51852,103549,-155,8,7,일
2022-08-07,2호선,신촌,21742,21451,43193,291,8,7,일
2022-08-07,2호선,이대,6910,7431,14341,-521,8,7,일
2022-08-07,2호선,아현,4901,4734,9635,167,8,7,일
2022-08-07,2호선,충정로(경기대입구),3447,3648,7095,-201,8,7,일
2022-08-07,2호선,용답,1562,1524,3086,38,8,7,일
2022-08-07,2호선,신답,672,732,1404,-60,8,7,일
2022-08-07,2호선,신설동,2768,2812,5580,-44,8,7,일
2022-08-07,2호선,도림천,429,470,899,-41,8,7,일
2022-08-07,2호선,양천구청,3039,3128,6167,-89,8,7,일
2022-08-07,2호선,신정네거리,4945,5024,9969,-79,8,7,일
2022-08-07,2호선,용두(동대문구청),1145,1157,2302,-12,8,7,일
2022-08-07,3호선,지축,2428,2353,4781,75,8,7,일
2022-08-07,3호선,구파발,11109,11493,22602,-384,8,7,일
2022-08-07,3호선,연신내,19773,18790,38563,983,8,7,일
2022-08-07,3호선,불광,8836,10041,18877,-1205,8,7,일
2022-08-07,3호선,녹번,6680,6113,12793,567,8,7,일
2022-08-07,3호선,홍제,8352,8007,16359,345,8,7,일
2022-08-07,3호선,무악재,1733,1800,3533,-67,8,7,일
2022-08-07,3호선,독립문,3740,3888,7628,-148,8,7,일
2022-08-07,3호선,경복궁(정부서울청사),11358,13080,24438,-1722,8,7,일
2022-08-07,3호선,안국,10634,10868,21502,-234,8,7,일
2022-08-07,3호선,종로3가,3844,5063,8907,-1219,8,7,일
2022-08-07,3호선,을지로3가,3408,2955,6363,453,8,7,일
2022-08-07,3호선,동대입구,4670,5154,9824,-484,8,7,일
2022-08-07,3호선,약수,6410,6255,12665,155,8,7,일
2022-08-07,3호선,금호,3971,3704,7675,267,8,7,일
2022-08-07,3호선,옥수,4530,4853,9383,-323,8,7,일
2022-08-07,3호선,압구정,12818,13453,26271,-635,8,7,일
2022-08-07,3호선,신사,11905,12188,24093,-283,8,7,일
2022-08-07,3호선,잠원,2010,2040,4050,-30,8,7,일
2022-08-07,3호선,고속터미널,40409,37537,77946,2872,8,7,일
2022-08-07,3호선,교대(법원.검찰청),3954,2535,6489,1419,8,7,일
2022-08-07,3호선,남부터미널(예술의전당),13971,14147,28118,-176,8,7,일
2022-08-07,3호선,양재(서초구청),11685,13594,25279,-1909,8,7,일
2022-08-07,3호선,매봉,3731,3814,7545,-83,8,7,일
2022-08-07,3호선,도곡,1671,1771,3442,-100,8,7,일
2022-08-07,3호선,대치,7187,6123,13310,1064,8,7,일
2022-08-07,3호선,학여울,959,973,1932,-14,8,7,일
2022-08-07,3호선,대청,3941,3897,7838,44,8,7,일
2022-08-07,3호선,일원,3573,3724,7297,-151,8,7,일
2022-08-07,3호선,수서,9997,10259,20256,-262,8,7,일
2022-08-07,3호선,가락시장,3400,3562,6962,-162,8,7,일
2022-08-07,3호선,경찰병원,2616,2692,5308,-76,8,7,일
2022-08-07,3호선,오금,2613,2560,5173,53,8,7,일
2022-08-07,4호선,당고개,5571,5393,10964,178,8,7,일
2022-08-07,4호선,상계,9417,8810,18227,607,8,7,일
2022-08-07,4호선,노원,11194,12035,23229,-841,8,7,일
2022-08-07,4호선,창동,14355,14889,29244,-534,8,7,일
2022-08-07,4호선,쌍문,14848,13497,28345,1351,8,7,일
2022-08-07,4호선,수유(강북구청),18657,18151,36808,506,8,7,일
2022-08-07,4호선,미아(서울사이버대학),7660,7252,14912,408,8,7,일
2022-08-07,4호선,미아사거리,14943,14281,29224,662,8,7,일
2022-08-07,4호선,길음,9921,9604,19525,317,8,7,일
2022-08-07,4호선,성신여대입구(돈암),11589,11181,22770,408,8,7,일
2022-08-07,4호선,한성대입구(삼선교),7218,7247,14465,-29,8,7,일
2022-08-07,4호선,혜화,22600,23355,45955,-755,8,7,일
2022-08-07,4호선,동대문,6289,5992,12281,297,8,7,일
2022-08-07,4호선,동대문역사문화공원(DDP),8974,7508,16482,1466,8,7,일
2022-08-07,4호선,충무로,6984,7550,14534,-566,8,7,일
2022-08-07,4호선,명동,12088,12490,24578,-402,8,7,일
2022-08-07,4호선,회현(남대문시장),8323,8303,16626,20,8,7,일
2022-08-07,4호선,서울역,4231,10775,15006,-6544,8,7,일
2022-08-07,4호선,숙대입구(갈월),7282,7202,14484,80,8,7,일
2022-08-07,4호선,삼각지,2797,3542,6339,-745,8,7,일
2022-08-07,4호선,신용산,9014,9183,18197,-169,8,7,일
2022-08-07,4호선,이촌(국립중앙박물관),6761,7193,13954,-432,8,7,일
2022-08-07,4호선,동작(현충원),811,814,1625,-3,8,7,일
2022-08-07,4호선,총신대입구(이수),9599,10369,19968,-770,8,7,일
2022-08-07,4호선,사당,14442,13276,27718,1166,8,7,일
2022-08-07,4호선,남태령,707,518,1225,189,8,7,일
2022-08-07,5호선,방화,3289,3278,6567,11,8,7,일
2022-08-07,5호선,개화산,2475,2550,5025,-75,8,7,일
2022-08-07,5호선,김포공항,7407,7014,14421,393,8,7,일
2022-08-07,5호선,송정,3352,3313,6665,39,8,7,일
2022-08-07,5호선,마곡,3397,3613,7010,-216,8,7,일
2022-08-07,5호선,발산,8083,8792,16875,-709,8,7,일
2022-08-07,5호선,우장산,6491,6580,13071,-89,8,7,일
2022-08-07,5호선,화곡,13175,12531,25706,644,8,7,일
2022-08-07,5호선,까치산,14470,14291,28761,179,8,7,일
2022-08-07,5호선,신정(은행정),5837,5286,11123,551,8,7,일
2022-08-07,5호선,목동,7170,7279,14449,-109,8,7,일
2022-08-07,5호선,오목교(목동운동장앞),10605,11181,21786,-576,8,7,일
2022-08-07,5호선,양평,2478,2490,4968,-12,8,7,일
2022-08-07,5호선,영등포구청,1323,1305,2628,18,8,7,일
2022-08-07,5호선,영등포시장,5126,5382,10508,-256,8,7,일
2022-08-07,5호선,신길,1869,2047,3916,-178,8,7,일
2022-08-07,5호선,여의도,8034,8394,16428,-360,8,7,일
2022-08-07,5호선,여의나루,8154,9847,18001,-1693,8,7,일
2022-08-07,5호선,마포,4555,4566,9121,-11,8,7,일
2022-08-07,5호선,공덕,4301,4388,8689,-87,8,7,일
2022-08-07,5호선,애오개,2488,2530,5018,-42,8,7,일
2022-08-07,5호선,충정로(경기대입구),1419,1404,2823,15,8,7,일
2022-08-07,5호선,서대문,4705,4627,9332,78,8,7,일
2022-08-07,5호선,광화문(세종문화회관),15753,15852,31605,-99,8,7,일
2022-08-07,5호선,종로3가,8120,7214,15334,906,8,7,일
2022-08-07,5호선,을지로4가,1487,1618,3105,-131,8,7,일
2022-08-07,5호선,동대문역사문화공원(DDP),853,1058,1911,-205,8,7,일
2022-08-07,5호선,청구,1742,1627,3369,115,8,7,일
2022-08-07,5호선,신금호,2684,2938,5622,-254,8,7,일
2022-08-07,5호선,행당,3729,3364,7093,365,8,7,일
2022-08-07,5호선,왕십리(성동구청),2315,2839,5154,-524,8,7,일
2022-08-07,5호선,마장,2582,2409,4991,173,8,7,일
2022-08-07,5호선,답십리,7108,6610,13718,498,8,7,일
2022-08-07,5호선,장한평,7363,7466,14829,-103,8,7,일
2022-08-07,5호선,군자(능동),5624,6282,11906,-658,8,7,일
2022-08-07,5호선,아차산(어린이대공원후문),7944,8053,15997,-109,8,7,일
2022-08-07,5호선,광나루(장신대),7402,6841,14243,561,8,7,일
2022-08-07,5호선,천호(풍납토성),12076,11397,23473,679,8,7,일
2022-08-07,5호선,강동,8144,8130,16274,14,8,7,일
2022-08-07,5호선,길동,3880,4028,7908,-148,8,7,일
2022-08-07,5호선,굽은다리(강동구민회관앞),5305,5075,10380,230,8,7,일
2022-08-07,5호선,명일,4499,4633,9132,-134,8,7,일
2022-08-07,5호선,고덕,4064,4245,8309,-181,8,7,일
2022-08-07,5호선,상일동,6046,5984,12030,62,8,7,일
2022-08-07,5호선,둔촌동,4305,4229,8534,76,8,7,일
2022-08-07,5호선,올림픽공원(한국체대),3536,3756,7292,-220,8,7,일
2022-08-07,5호선,방이,3772,3671,7443,101,8,7,일
2022-08-07,5호선,오금,1404,1419,2823,-15,8,7,일
2022-08-07,5호선,개롱,2776,3066,5842,-290,8,7,일
2022-08-07,5호선,거여,4254,4206,8460,48,8,7,일
2022-08-07,5호선,마천,3258,3423,6681,-165,8,7,일
2022-08-07,5호선,강일,2022,1985,4007,37,8,7,일
2022-08-07,5호선,미사,8389,8520,16909,-131,8,7,일
2022-08-07,5호선,하남풍산,2146,2103,4249,43,8,7,일
2022-08-07,5호선,하남시청(덕풍·신장),3723,3529,7252,194,8,7,일
2022-08-07,5호선,하남검단산,4082,4097,8179,-15,8,7,일
2022-08-07,6호선,응암,8583,8705,17288,-122,8,7,일
2022-08-07,6호선,역촌,2020,2196,4216,-176,8,7,일
2022-08-07,6호선,불광,2959,2612,5571,347,8,7,일
2022-08-07,6호선,독바위,1403,1591,2994,-188,8,7,일
2022-08-07,6호선,연신내,1,0,1,1,8,7,일
2022-08-07,6호선,구산,3626,2798,6424,828,8,7,일
2022-08-07,6호선,새절(신사),6079,5842,11921,237,8,7,일
2022-08-07,6호선,증산(명지대앞),5050,5151,10201,-101,8,7,일
2022-08-07,6호선,디지털미디어시티,5155,5436,10591,-281,8,7,일
2022-08-07,6호선,월드컵경기장(성산),3560,3615,7175,-55,8,7,일
2022-08-07,6호선,마포구청,6454,5903,12357,551,8,7,일
2022-08-07,6호선,망원,8627,9276,17903,-649,8,7,일
2022-08-07,6호선,합정,9132,8359,17491,773,8,7,일
2022-08-07,6호선,상수,6609,7688,14297,-1079,8,7,일
2022-08-07,6호선,광흥창(서강),3797,3756,7553,41,8,7,일
2022-08-07,6호선,대흥(서강대앞),3891,4032,7923,-141,8,7,일
2022-08-07,6호선,공덕,6311,6092,12403,219,8,7,일
2022-08-07,6호선,효창공원앞,3202,2945,6147,257,8,7,일
2022-08-07,6호선,삼각지,3771,2878,6649,893,8,7,일
2022-08-07,6호선,녹사평(용산구청),3473,3375,6848,98,8,7,일
2022-08-07,6호선,이태원,11029,9419,20448,1610,8,7,일
2022-08-07,6호선,한강진,7283,8058,15341,-775,8,7,일
2022-08-07,6호선,버티고개,1070,1143,2213,-73,8,7,일
2022-08-07,6호선,약수,1637,1648,3285,-11,8,7,일
2022-08-07,6호선,청구,1612,1486,3098,126,8,7,일
2022-08-07,6호선,신당,4200,3724,7924,476,8,7,일
2022-08-07,6호선,동묘앞,5284,4870,10154,414,8,7,일
2022-08-07,6호선,창신,1540,1423,2963,117,8,7,일
2022-08-07,6호선,보문,3688,3482,7170,206,8,7,일
2022-08-07,6호선,안암(고대병원앞),4456,4785,9241,-329,8,7,일
2022-08-07,6호선,고려대(종암),3523,3574,7097,-51,8,7,일
2022-08-07,6호선,월곡(동덕여대),5058,4974,10032,84,8,7,일
2022-08-07,6호선,상월곡(한국과학기술연구원),3044,2767,5811,277,8,7,일
2022-08-07,6호선,돌곶이,5564,5278,10842,286,8,7,일
2022-08-07,6호선,석계,5932,6247,12179,-315,8,7,일
2022-08-07,6호선,태릉입구,2951,3142,6093,-191,8,7,일
2022-08-07,6호선,화랑대(서울여대입구),4588,3886,8474,702,8,7,일
2022-08-07,6호선,봉화산(서울의료원),3646,3817,7463,-171,8,7,일
2022-08-07,7호선,장암,1444,1122,2566,322,8,7,일
2022-08-07,7호선,도봉산,4639,6447,11086,-1808,8,7,일
2022-08-07,7호선,수락산,7706,7642,15348,64,8,7,일
2022-08-07,7호선,마들,5711,5209,10920,502,8,7,일
2022-08-07,7호선,노원,10733,11037,21770,-304,8,7,일
2022-08-07,7호선,중계,6212,5785,11997,427,8,7,일
2022-08-07,7호선,하계,8449,8066,16515,383,8,7,일
2022-08-07,7호선,공릉(서울과학기술대),5651,5769,11420,-118,8,7,일
2022-08-07,7호선,태릉입구,4443,4118,8561,325,8,7,일
2022-08-07,7호선,먹골,4923,4779,9702,144,8,7,일
2022-08-07,7호선,중화,5078,5031,10109,47,8,7,일
2022-08-07,7호선,상봉(시외버스터미널),8983,8593,17576,390,8,7,일
2022-08-07,7호선,면목,7159,7119,14278,40,8,7,일
2022-08-07,7호선,사가정,7833,7703,15536,130,8,7,일
2022-08-07,7호선,용마산(용마폭포공원),2912,3086,5998,-174,8,7,일
2022-08-07,7호선,중곡,4853,4749,9602,104,8,7,일
2022-08-07,7호선,군자(능동),7278,5780,13058,1498,8,7,일
2022-08-07,7호선,어린이대공원(세종대),6218,6123,12341,95,8,7,일
2022-08-07,7호선,건대입구,7511,7776,15287,-265,8,7,일
2022-08-07,7호선,뚝섬유원지,6117,5650,11767,467,8,7,일
2022-08-07,7호선,청담,5894,6449,12343,-555,8,7,일
2022-08-07,7호선,강남구청,4784,5247,10031,-463,8,7,일
2022-08-07,7호선,학동,5765,6128,11893,-363,8,7,일
2022-08-07,7호선,논현,5038,5413,10451,-375,8,7,일
2022-08-07,7호선,반포,2759,2824,5583,-65,8,7,일
2022-08-07,7호선,고속터미널,12942,7470,20412,5472,8,7,일
2022-08-07,7호선,내방,4779,5002,9781,-223,8,7,일
2022-08-07,7호선,이수,7791,7549,15340,242,8,7,일
2022-08-07,7호선,남성,5266,5150,10416,116,8,7,일
2022-08-07,7호선,숭실대입구(살피재),5361,5792,11153,-431,8,7,일
2022-08-07,7호선,상도,5181,5174,10355,7,8,7,일
2022-08-07,7호선,장승배기,4199,4340,8539,-141,8,7,일
2022-08-07,7호선,신대방삼거리,7169,7134,14303,35,8,7,일
2022-08-07,7호선,보라매,3630,3661,7291,-31,8,7,일
2022-08-07,7호선,신풍,5915,5580,11495,335,8,7,일
2022-08-07,7호선,대림(구로구청),7490,7113,14603,377,8,7,일
2022-08-07,7호선,남구로,6577,6542,13119,35,8,7,일
2022-08-07,7호선,가산디지털단지,9173,8406,17579,767,8,7,일
2022-08-07,7호선,철산,9748,9865,19613,-117,8,7,일
2022-08-07,7호선,광명사거리,11599,11625,23224,-26,8,7,일
2022-08-07,7호선,천왕,4645,4547,9192,98,8,7,일
2022-08-07,7호선,온수(성공회대입구),3783,3749,7532,34,8,7,일
2022-08-07,8호선,암사,8375,7993,16368,382,8,7,일
2022-08-07,8호선,천호(풍납토성),8248,9267,17515,-1019,8,7,일
2022-08-07,8호선,강동구청,4225,4477,8702,-252,8,7,일
2022-08-07,8호선,몽촌토성(평화의문),2887,2937,5824,-50,8,7,일
2022-08-07,8호선,잠실(송파구청),10865,11947,22812,-1082,8,7,일
2022-08-07,8호선,석촌,3933,4696,8629,-763,8,7,일
2022-08-07,8호선,송파,4046,4148,8194,-102,8,7,일
2022-08-07,8호선,가락시장,2685,3464,6149,-779,8,7,일
2022-08-07,8호선,문정,4808,5046,9854,-238,8,7,일
2022-08-07,8호선,장지,8343,8675,17018,-332,8,7,일
2022-08-07,8호선,복정,4535,4189,8724,346,8,7,일
2022-08-07,8호선,산성,2759,2876,5635,-117,8,7,일
2022-08-07,8호선,남한산성입구(성남법원.검찰청),6199,5766,11965,433,8,7,일
2022-08-07,8호선,단대오거리,5050,5011,10061,39,8,7,일
2022-08-07,8호선,신흥,2791,3033,5824,-242,8,7,일
2022-08-07,8호선,수진,2944,2650,5594,294,8,7,일
2022-08-07,8호선,모란,2512,2074,4586,438,8,7,일
2022-08-07,8호선,남위례,2426,2569,4995,-143,8,7,일
2022-08-07,9호선,개화,952,891,1843,61,8,7,일
2022-08-07,9호선,김포공항,7408,10448,17856,-3040,8,7,일
2022-08-07,9호선,공항시장,1702,1943,3645,-241,8,7,일
2022-08-07,9호선,신방화,3412,3406,6818,6,8,7,일
2022-08-07,9호선,마곡나루(서울식물원),4932,5081,10013,-149,8,7,일
2022-08-07,9호선,양천향교,4087,4388,8475,-301,8,7,일
2022-08-07,9호선,가양,10930,10729,21659,201,8,7,일
2022-08-07,9호선,증미,2821,2859,5680,-38,8,7,일
2022-08-07,9호선,등촌,4817,5066,9883,-249,8,7,일
2022-08-07,9호선,염창,7984,7877,15861,107,8,7,일
2022-08-07,9호선,신목동,1644,1506,3150,138,8,7,일
2022-08-07,9호선,선유도,2494,2580,5074,-86,8,7,일
2022-08-07,9호선,당산,8911,8766,17677,145,8,7,일
2022-08-07,9호선,국회의사당,4547,4232,8779,315,8,7,일
2022-08-07,9호선,여의도,9629,8422,18051,1207,8,7,일
2022-08-07,9호선,샛강,1704,1675,3379,29,8,7,일
2022-08-07,9호선,노량진,13587,14381,27968,-794,8,7,일
2022-08-07,9호선,노들,2524,2217,4741,307,8,7,일
2022-08-07,9호선,흑석(중앙대입구),3667,3693,7360,-26,8,7,일
2022-08-07,9호선,동작(현충원),1301,1012,2313,289,8,7,일
2022-08-07,9호선,구반포,344,397,741,-53,8,7,일
2022-08-07,9호선,신반포,1776,1821,3597,-45,8,7,일
2022-08-07,9호선,고속터미널,10484,14491,24975,-4007,8,7,일
2022-08-07,9호선,사평,1677,1736,3413,-59,8,7,일
2022-08-07,9호선,신논현,15022,14358,29380,664,8,7,일
2022-08-07,9호선2~3단계,언주,3607,3671,7278,-64,8,7,일
2022-08-07,9호선2~3단계,선정릉,2593,2954,5547,-361,8,7,일
2022-08-07,9호선2~3단계,삼성중앙,1958,2087,4045,-129,8,7,일
2022-08-07,9호선2~3단계,봉은사,9345,9458,18803,-113,8,7,일
2022-08-07,9호선2~3단계,종합운동장,2268,2103,4371,165,8,7,일
2022-08-07,9호선2~3단계,삼전,3458,3278,6736,180,8,7,일
2022-08-07,9호선2~3단계,석촌고분,3104,3108,6212,-4,8,7,일
2022-08-07,9호선2~3단계,석촌,4723,4043,8766,680,8,7,일
2022-08-07,9호선2~3단계,송파나루,3157,3518,6675,-361,8,7,일
2022-08-07,9호선2~3단계,한성백제,1414,1342,2756,72,8,7,일
2022-08-07,9호선2~3단계,올림픽공원(한국체대),9340,9397,18737,-57,8,7,일
2022-08-07,9호선2~3단계,둔촌오륜,551,594,1145,-43,8,7,일
2022-08-07,9호선2~3단계,중앙보훈병원,3420,3345,6765,75,8,7,일
2022-08-07,경강선,판교,2593,2542,5135,51,8,7,일
2022-08-07,경강선,이매,670,544,1214,126,8,7,일
2022-08-07,경강선,삼동,1035,986,2021,49,8,7,일
2022-08-07,경강선,경기광주,3865,3831,7696,34,8,7,일
2022-08-07,경강선,초월,1760,1624,3384,136,8,7,일
2022-08-07,경강선,곤지암,1590,1655,3245,-65,8,7,일
2022-08-07,경강선,신둔도예촌,988,945,1933,43,8,7,일
2022-08-07,경강선,이천,2341,2477,4818,-136,8,7,일
2022-08-07,경강선,부발,1677,2192,3869,-515,8,7,일
2022-08-07,경강선,세종대왕릉,346,327,673,19,8,7,일
2022-08-07,경강선,여주,2328,2105,4433,223,8,7,일
2022-08-07,경부선,서울역,8638,2002,10640,6636,8,7,일
2022-08-07,경부선,남영,4491,4767,9258,-276,8,7,일
2022-08-07,경부선,용산,36283,32887,69170,3396,8,7,일
2022-08-07,경부선,노량진,4903,4610,9513,293,8,7,일
2022-08-07,경부선,대방,4759,5449,10208,-690,8,7,일
2022-08-07,경부선,영등포,33257,32291,65548,966,8,7,일
2022-08-07,경부선,신도림,1911,2192,4103,-281,8,7,일
2022-08-07,경부선,신길,4293,3837,8130,456,8,7,일
2022-08-07,경부선,구로,9527,9619,19146,-92,8,7,일
2022-08-07,경부선,가산디지털단지,4257,5895,10152,-1638,8,7,일
2022-08-07,경부선,금천구청,5357,5472,10829,-115,8,7,일
2022-08-07,경부선,석수,4526,4312,8838,214,8,7,일
2022-08-07,경부선,관악,4532,4167,8699,365,8,7,일
2022-08-07,경부선,안양,12605,12249,24854,356,8,7,일
2022-08-07,경부선,명학,2853,2784,5637,69,8,7,일
2022-08-07,경부선,금정,14156,14417,28573,-261,8,7,일
2022-08-07,경부선,군포,2798,2720,5518,78,8,7,일
2022-08-07,경부선,의왕,3714,3828,7542,-114,8,7,일
2022-08-07,경부선,성균관대,7024,7439,14463,-415,8,7,일
2022-08-07,경부선,화서,3809,3733,7542,76,8,7,일
2022-08-07,경부선,수원,31594,30643,62237,951,8,7,일
2022-08-07,경부선,독산,5447,5461,10908,-14,8,7,일
2022-08-07,경부선,세류,1937,1916,3853,21,8,7,일
2022-08-07,경부선,병점,8796,9579,18375,-783,8,7,일
2022-08-07,경부선,세마,1558,1534,3092,24,8,7,일
2022-08-07,경부선,오산대,1954,1925,3879,29,8,7,일
2022-08-07,경부선,오산,7005,7611,14616,-606,8,7,일
2022-08-07,경부선,진위,871,905,1776,-34,8,7,일
2022-08-07,경부선,송탄,3516,4302,7818,-786,8,7,일
2022-08-07,경부선,서정리,4601,6886,11487,-2285,8,7,일
2022-08-07,경부선,평택지제,2724,2572,5296,152,8,7,일
2022-08-07,경부선,평택,10927,11768,22695,-841,8,7,일
2022-08-07,경부선,성환,2318,2694,5012,-376,8,7,일
2022-08-07,경부선,직산,531,634,1165,-103,8,7,일
2022-08-07,경부선,두정,4280,4678,8958,-398,8,7,일
2022-08-07,경부선,천안,5865,5717,11582,148,8,7,일
2022-08-07,경부선,당정,2680,2790,5470,-110,8,7,일
2022-08-07,경부선,서동탄,717,690,1407,27,8,7,일
2022-08-07,경부선,광명,2655,1831,4486,824,8,7,일
2022-08-07,경원선,이촌(국립중앙박물관),2330,1791,4121,539,8,7,일
2022-08-07,경원선,서빙고,1618,1696,3314,-78,8,7,일
2022-08-07,경원선,한남,1739,1809,3548,-70,8,7,일
2022-08-07,경원선,옥수,58,39,97,19,8,7,일
2022-08-07,경원선,응봉,992,871,1863,121,8,7,일
2022-08-07,경원선,왕십리(성동구청),9838,11318,21156,-1480,8,7,일
2022-08-07,경원선,청량리(서울시립대입구),14970,13315,28285,1655,8,7,일
2022-08-07,경원선,외대앞,4320,4355,8675,-35,8,7,일
2022-08-07,경원선,신이문,4459,4211,8670,248,8,7,일
2022-08-07,경원선,석계,4606,4926,9532,-320,8,7,일
2022-08-07,경원선,광운대,3774,3770,7544,4,8,7,일
2022-08-07,경원선,월계,3423,3224,6647,199,8,7,일
2022-08-07,경원선,녹천,2393,2064,4457,329,8,7,일
2022-08-07,경원선,방학,5644,5500,11144,144,8,7,일
2022-08-07,경원선,도봉,3211,3058,6269,153,8,7,일
2022-08-07,경원선,도봉산,7010,4921,11931,2089,8,7,일
2022-08-07,경원선,망월사,4194,4369,8563,-175,8,7,일
2022-08-07,경원선,회룡,6947,6983,13930,-36,8,7,일
2022-08-07,경원선,의정부,13107,13155,26262,-48,8,7,일
2022-08-07,경원선,가능,3592,3507,7099,85,8,7,일
2022-08-07,경원선,녹양,2446,2322,4768,124,8,7,일
2022-08-07,경원선,양주,4588,4468,9056,120,8,7,일
2022-08-07,경원선,덕계,1804,1687,3491,117,8,7,일
2022-08-07,경원선,덕정,3097,3311,6408,-214,8,7,일
2022-08-07,경원선,지행,4217,4292,8509,-75,8,7,일
2022-08-07,경원선,동두천중앙,2036,1971,4007,65,8,7,일
2022-08-07,경원선,보산,1333,1447,2780,-114,8,7,일
2022-08-07,경원선,동두천,1355,1692,3047,-337,8,7,일
2022-08-07,경원선,소요산,4431,4002,8433,429,8,7,일
2022-08-07,경의선,서울역,1187,1087,2274,100,8,7,일
2022-08-07,경의선,신촌,293,309,602,-16,8,7,일
2022-08-07,경의선,효창공원앞,1319,1476,2795,-157,8,7,일
2022-08-07,경의선,공덕,1792,1409,3201,383,8,7,일
2022-08-07,경의선,서강대,1320,1271,2591,49,8,7,일
2022-08-07,경의선,홍대입구,1678,2120,3798,-442,8,7,일
2022-08-07,경의선,가좌,2879,2777,5656,102,8,7,일
2022-08-07,경의선,디지털미디어시티,1396,1270,2666,126,8,7,일
2022-08-07,경의선,수색,820,911,1731,-91,8,7,일
2022-08-07,경의선,화전,752,782,1534,-30,8,7,일
2022-08-07,경의선,강매,1345,1278,2623,67,8,7,일
2022-08-07,경의선,행신,4536,4135,8671,401,8,7,일
2022-08-07,경의선,능곡,1936,1982,3918,-46,8,7,일
2022-08-07,경의선,곡산,340,301,641,39,8,7,일
2022-08-07,경의선,백마,3221,3030,6251,191,8,7,일
2022-08-07,경의선,풍산,3195,3126,6321,69,8,7,일
2022-08-07,경의선,일산,4448,4297,8745,151,8,7,일
2022-08-07,경의선,탄현,3940,3725,7665,215,8,7,일
2022-08-07,경의선,야당,4699,4795,9494,-96,8,7,일
2022-08-07,경의선,운정,3286,3196,6482,90,8,7,일
2022-08-07,경의선,금릉,2675,2647,5322,28,8,7,일
2022-08-07,경의선,금촌,3813,4153,7966,-340,8,7,일
2022-08-07,경의선,월롱,968,2083,3051,-1115,8,7,일
2022-08-07,경의선,파주,643,575,1218,68,8,7,일
2022-08-07,경의선,문산,3413,3724,7137,-311,8,7,일
2022-08-07,경의선,임진강,63,54,117,9,8,7,일
2022-08-07,경인선,개봉,10967,10847,21814,120,8,7,일
2022-08-07,경인선,오류동,6444,6058,12502,386,8,7,일
2022-08-07,경인선,역곡,13275,13296,26571,-21,8,7,일
2022-08-07,경인선,부천,21127,20455,41582,672,8,7,일
2022-08-07,경인선,송내,12214,11967,24181,247,8,7,일
2022-08-07,경인선,부평,21422,21643,43065,-221,8,7,일
2022-08-07,경인선,백운,3599,3558,7157,41,8,7,일
2022-08-07,경인선,동암,9283,9271,18554,12,8,7,일
2022-08-07,경인선,주안,11416,10071,21487,1345,8,7,일
2022-08-07,경인선,제물포,5022,4787,9809,235,8,7,일
2022-08-07,경인선,동인천,8859,8517,17376,342,8,7,일
2022-08-07,경인선,인천,3919,3052,6971,867,8,7,일
2022-08-07,경인선,구일,2821,2777,5598,44,8,7,일
2022-08-07,경인선,소사,4713,4656,9369,57,8,7,일
2022-08-07,경인선,부개,4577,4146,8723,431,8,7,일
2022-08-07,경인선,간석,3002,2856,5858,146,8,7,일
2022-08-07,경인선,도원,1524,1582,3106,-58,8,7,일
2022-08-07,경인선,온수(성공회대입구),3551,3248,6799,303,8,7,일
2022-08-07,경인선,중동,4578,4393,8971,185,8,7,일
2022-08-07,경인선,도화,2286,2119,4405,167,8,7,일
2022-08-07,경춘선,신내,928,941,1869,-13,8,7,일
2022-08-07,경춘선,갈매,1290,1175,2465,115,8,7,일
2022-08-07,경춘선,별내,1603,1549,3152,54,8,7,일
2022-08-07,경춘선,퇴계원,1839,1650,3489,189,8,7,일
2022-08-07,경춘선,사릉,1174,1167,2341,7,8,7,일
2022-08-07,경춘선,금곡,855,851,1706,4,8,7,일
2022-08-07,경춘선,평내호평,3205,3130,6335,75,8,7,일
2022-08-07,경춘선,천마산,976,964,1940,12,8,7,일
2022-08-07,경춘선,마석,2418,2413,4831,5,8,7,일
2022-08-07,경춘선,대성리,1227,792,2019,435,8,7,일
2022-08-07,경춘선,청평,2199,1522,3721,677,8,7,일
2022-08-07,경춘선,상천,477,367,844,110,8,7,일
2022-08-07,경춘선,가평,3453,2368,5821,1085,8,7,일
2022-08-07,경춘선,굴봉산,270,206,476,64,8,7,일
2022-08-07,경춘선,백양리,215,121,336,94,8,7,일
2022-08-07,경춘선,강촌,840,477,1317,363,8,7,일
2022-08-07,경춘선,김유정,375,367,742,8,8,7,일
2022-08-07,경춘선,남춘천,3117,3047,6164,70,8,7,일
2022-08-07,경춘선,춘천,1809,1325,3134,484,8,7,일
2022-08-07,공항철도 1호선,서울역,8935,7970,16905,965,8,7,일
2022-08-07,공항철도 1호선,공덕,1242,1714,2956,-472,8,7,일
2022-08-07,공항철도 1호선,홍대입구,10754,10253,21007,501,8,7,일
2022-08-07,공항철도 1호선,디지털미디어시티,3310,3415,6725,-105,8,7,일
2022-08-07,공항철도 1호선,마곡나루(서울식물원),2011,2183,4194,-172,8,7,일
2022-08-07,공항철도 1호선,김포공항,10340,5310,15650,5030,8,7,일
2022-08-07,공항철도 1호선,계양,5335,5070,10405,265,8,7,일
2022-08-07,공항철도 1호선,검암,3429,3514,6943,-85,8,7,일
2022-08-07,공항철도 1호선,청라국제도시,3178,3106,6284,72,8,7,일
2022-08-07,공항철도 1호선,운서,6281,6292,12573,-11,8,7,일
2022-08-07,공항철도 1호선,공항화물청사,1033,1030,2063,3,8,7,일
2022-08-07,공항철도 1호선,인천공항1터미널,8978,7297,16275,1681,8,7,일
2022-08-07,공항철도 1호선,인천공항2터미널,4034,3397,7431,637,8,7,일
2022-08-07,공항철도 1호선,영종,2887,2628,5515,259,8,7,일
2022-08-07,과천선,선바위,3606,3284,6890,322,8,7,일
2022-08-07,과천선,경마공원,13403,13725,27128,-322,8,7,일
2022-08-07,중앙선,양정,437,343,780,94,8,7,일
2022-08-07,과천선,과천,3503,3345,6848,158,8,7,일
2022-08-07,과천선,정부과천청사,4470,4468,8938,2,8,7,일
2022-08-07,과천선,인덕원,11255,11609,22864,-354,8,7,일
2022-08-07,과천선,평촌,6048,5835,11883,213,8,7,일
2022-08-07,과천선,범계,13977,13722,27699,255,8,7,일
2022-08-07,분당선,선릉,2680,3883,6563,-1203,8,7,일
2022-08-07,분당선,한티,10082,9328,19410,754,8,7,일
2022-08-07,분당선,도곡,2613,2556,5169,57,8,7,일
2022-08-07,분당선,구룡,835,873,1708,-38,8,7,일
2022-08-07,분당선,개포동,1892,1975,3867,-83,8,7,일
2022-08-07,분당선,대모산입구,2109,2019,4128,90,8,7,일
2022-08-07,분당선,수서,8141,7856,15997,285,8,7,일
2022-08-07,분당선,수원,5553,4583,10136,970,8,7,일
2022-08-07,분당선,서울숲,5428,5495,10923,-67,8,7,일
2022-08-07,분당선,압구정로데오,9636,10795,20431,-1159,8,7,일
2022-08-07,분당선,강남구청,2724,3245,5969,-521,8,7,일
2022-08-07,분당선,선정릉,1727,1795,3522,-68,8,7,일
2022-08-07,분당선,가천대,3315,3886,7201,-571,8,7,일
2022-08-07,분당선,태평,7635,7463,15098,172,8,7,일
2022-08-07,분당선,모란,10593,11059,21652,-466,8,7,일
2022-08-07,분당선,야탑,12873,13249,26122,-376,8,7,일
2022-08-07,분당선,서현,14068,14343,28411,-275,8,7,일
2022-08-07,분당선,수내,6131,5861,11992,270,8,7,일
2022-08-07,분당선,정자,7372,7552,14924,-180,8,7,일
2022-08-07,분당선,미금,7027,7622,14649,-595,8,7,일
2022-08-07,분당선,오리,5007,4251,9258,756,8,7,일
2022-08-07,분당선,이매,3024,3088,6112,-64,8,7,일
2022-08-07,분당선,보정,1104,1043,2147,61,8,7,일
2022-08-07,분당선,죽전,7211,8481,15692,-1270,8,7,일
2022-08-07,분당선,구성,2206,2477,4683,-271,8,7,일
2022-08-07,분당선,신갈,1997,2055,4052,-58,8,7,일
2022-08-07,분당선,기흥,5028,4807,9835,221,8,7,일
2022-08-07,분당선,상갈,2735,2969,5704,-234,8,7,일
2022-08-07,분당선,청명,1880,1950,3830,-70,8,7,일
2022-08-07,분당선,영통,5083,5009,10092,74,8,7,일
2022-08-07,분당선,망포,6079,6394,12473,-315,8,7,일
2022-08-07,분당선,매탄권선,2500,2359,4859,141,8,7,일
2022-08-07,분당선,수원시청,6576,6702,13278,-126,8,7,일
2022-08-07,분당선,매교,1467,1432,2899,35,8,7,일
2022-08-07,수인선,고색,1637,1741,3378,-104,8,7,일
2022-08-07,수인선,오목천,1533,1476,3009,57,8,7,일
2022-08-07,수인선,어천,526,665,1191,-139,8,7,일
2022-08-07,수인선,야목,200,153,353,47,8,7,일
2022-08-07,수인선,사리,2479,2111,4590,368,8,7,일
2022-08-07,수인선,달월,40,33,73,7,8,7,일
2022-08-07,수인선,월곶,1624,1574,3198,50,8,7,일
2022-08-07,수인선,소래포구,3915,3687,7602,228,8,7,일
2022-08-07,수인선,인천논현,2713,2844,5557,-131,8,7,일
2022-08-07,수인선,호구포,2121,2127,4248,-6,8,7,일
2022-08-07,수인선,남동인더스파크,561,581,1142,-20,8,7,일
2022-08-07,수인선,원인재,2701,2753,5454,-52,8,7,일
2022-08-07,수인선,연수,3047,3021,6068,26,8,7,일
2022-08-07,수인선,송도,1381,1379,2760,2,8,7,일
2022-08-07,수인선,인하대,3020,2820,5840,200,8,7,일
2022-08-07,수인선,숭의,1867,1733,3600,134,8,7,일
2022-08-07,수인선,신포,1134,1033,2167,101,8,7,일
2022-08-07,수인선,인천,1163,1748,2911,-585,8,7,일
2022-08-07,신림선,샛강,798,990,1788,-192,8,7,일
2022-08-07,신림선,대방,1121,951,2072,170,8,7,일
2022-08-07,신림선,서울지방병무청,1178,1376,2554,-198,8,7,일
2022-08-07,신림선,보라매,1605,1537,3142,68,8,7,일
2022-08-07,신림선,보라매공원,960,1027,1987,-67,8,7,일
2022-08-07,신림선,보라매병원,1844,1913,3757,-69,8,7,일
2022-08-07,신림선,당곡,2148,2119,4267,29,8,7,일
2022-08-07,신림선,신림,1093,1614,2707,-521,8,7,일
2022-08-07,신림선,서원,1735,1697,3432,38,8,7,일
2022-08-07,신림선,서울대벤처타운,4053,3974,8027,79,8,7,일
2022-08-07,신림선,관악산(서울대),4245,4370,8615,-125,8,7,일
2022-08-07,안산선,산본,8536,9280,17816,-744,8,7,일
2022-08-07,안산선,대야미,2682,2537,5219,145,8,7,일
2022-08-07,안산선,반월,2429,2390,4819,39,8,7,일
2022-08-07,안산선,상록수,8809,8746,17555,63,8,7,일
2022-08-07,안산선,한대앞,4948,4804,9752,144,8,7,일
2022-08-07,안산선,중앙,11004,10995,21999,9,8,7,일
2022-08-07,안산선,고잔,4111,3971,8082,140,8,7,일
2022-08-07,안산선,초지,2263,2262,4525,1,8,7,일
2022-08-07,안산선,안산,9225,8634,17859,591,8,7,일
2022-08-07,안산선,신길온천,1124,1127,2251,-3,8,7,일
2022-08-07,안산선,정왕,5199,5558,10757,-359,8,7,일
2022-08-07,안산선,오이도,5641,5595,11236,46,8,7,일
2022-08-07,안산선,수리산,1979,1735,3714,244,8,7,일
2022-08-07,우이신설선,북한산우이,2947,2929,5876,18,8,7,일
2022-08-07,우이신설선,솔밭공원,1310,1261,2571,49,8,7,일
2022-08-07,우이신설선,4.19민주묘지,1722,1535,3257,187,8,7,일
2022-08-07,우이신설선,가오리,2203,2154,4357,49,8,7,일
2022-08-07,우이신설선,화계,1958,1811,3769,147,8,7,일
2022-08-07,우이신설선,삼양,1124,1156,2280,-32,8,7,일
2022-08-07,우이신설선,삼양사거리,1473,1420,2893,53,8,7,일
2022-08-07,우이신설선,솔샘,2659,2518,5177,141,8,7,일
2022-08-07,우이신설선,북한산보국문,3460,3100,6560,360,8,7,일
2022-08-07,우이신설선,정릉,2598,2232,4830,366,8,7,일
2022-08-07,우이신설선,성신여대입구(돈암),2099,2380,4479,-281,8,7,일
2022-08-07,우이신설선,보문,922,945,1867,-23,8,7,일
2022-08-07,우이신설선,신설동,1060,1036,2096,24,8,7,일
2022-08-07,일산선,원흥,5203,5060,10263,143,8,7,일
2022-08-07,일산선,삼송,10332,10200,20532,132,8,7,일
2022-08-07,일산선,원당,5498,5360,10858,138,8,7,일
2022-08-07,일산선,화정,8722,8969,17691,-247,8,7,일
2022-08-07,일산선,대곡,1092,897,1989,195,8,7,일
2022-08-07,일산선,백석,5199,5142,10341,57,8,7,일
2022-08-07,일산선,마두,3226,3164,6390,62,8,7,일
2022-08-07,일산선,정발산,5063,4956,10019,107,8,7,일
2022-08-07,일산선,주엽,4670,4691,9361,-21,8,7,일
2022-08-07,일산선,대화,7455,6605,14060,850,8,7,일
2022-08-07,장항선,봉명,523,588,1111,-65,8,7,일
2022-08-07,중앙선,원덕,355,249,604,106,8,7,일
2022-08-07,중앙선,용문,2546,2115,4661,431,8,7,일
2022-08-07,중앙선,지평,66,41,107,25,8,7,일
2022-08-07,장항선,쌍용(나사렛대),1115,1037,2152,78,8,7,일
2022-08-07,장항선,아산,3223,1946,5169,1277,8,7,일
2022-08-07,장항선,탕정,513,566,1079,-53,8,7,일
2022-08-07,장항선,배방,754,907,1661,-153,8,7,일
2022-08-07,장항선,온양온천,3134,3156,6290,-22,8,7,일
2022-08-07,장항선,신창(순천향대),916,1037,1953,-121,8,7,일
2022-08-07,중앙선,회기,14477,14413,28890,64,8,7,일
2022-08-07,중앙선,중랑,3260,3241,6501,19,8,7,일
2022-08-07,중앙선,상봉(시외버스터미널),3332,3574,6906,-242,8,7,일
2022-08-07,중앙선,망우,4644,4623,9267,21,8,7,일
2022-08-07,중앙선,양원,1295,1357,2652,-62,8,7,일
2022-08-07,중앙선,구리,6969,7221,14190,-252,8,7,일
2022-08-07,중앙선,도농,4988,5028,10016,-40,8,7,일
2022-08-08,수인선,어천,669,719,1388,-50,8,8,월
2022-08-08,수인선,야목,352,237,589,115,8,8,월
2022-08-08,수인선,사리,4131,3567,7698,564,8,8,월
2022-08-08,수인선,달월,103,70,173,33,8,8,월
2022-08-08,수인선,월곶,2274,2150,4424,124,8,8,월
2022-08-08,수인선,소래포구,3753,3398,7151,355,8,8,월
2022-08-08,수인선,인천논현,4730,4782,9512,-52,8,8,월
2022-08-08,수인선,호구포,3693,3914,7607,-221,8,8,월
2022-08-08,수인선,남동인더스파크,2184,2447,4631,-263,8,8,월
2022-08-08,수인선,원인재,3517,3786,7303,-269,8,8,월
2022-08-08,수인선,연수,3807,3722,7529,85,8,8,월
2022-08-08,수인선,송도,1975,1777,3752,198,8,8,월
2022-08-08,중앙선,중랑,5066,4962,10028,104,8,8,월
2022-08-08,중앙선,회기,21593,21526,43119,67,8,8,월
2022-08-08,장항선,신창(순천향대),989,1012,2001,-23,8,8,월
2022-08-08,장항선,온양온천,3124,3019,6143,105,8,8,월
2022-08-08,우이신설선,보문,1271,1350,2621,-79,8,8,월
2022-08-08,우이신설선,성신여대입구(돈암),2926,3330,6256,-404,8,8,월
2022-08-08,우이신설선,정릉,3895,3760,7655,135,8,8,월
2022-08-08,우이신설선,북한산보국문,4935,4939,9874,-4,8,8,월
2022-08-08,우이신설선,솔샘,5207,5043,10250,164,8,8,월
2022-08-08,우이신설선,삼양사거리,2090,2157,4247,-67,8,8,월
2022-08-08,우이신설선,삼양,1786,1903,3689,-117,8,8,월
2022-08-08,우이신설선,화계,2848,2732,5580,116,8,8,월
2022-08-08,우이신설선,가오리,3729,3868,7597,-139,8,8,월
2022-08-08,우이신설선,4.19민주묘지,2252,2199,4451,53,8,8,월
2022-08-08,우이신설선,솔밭공원,2153,2059,4212,94,8,8,월
2022-08-08,우이신설선,북한산우이,2138,1957,4095,181,8,8,월
2022-08-08,안산선,수리산,3648,3061,6709,587,8,8,월
2022-08-08,수인선,인하대,4928,4711,9639,217,8,8,월
2022-08-08,수인선,숭의,3481,3190,6671,291,8,8,월
2022-08-08,수인선,신포,1292,1303,2595,-11,8,8,월
2022-08-08,수인선,인천,880,1343,2223,-463,8,8,월
2022-08-08,신림선,샛강,2221,2527,4748,-306,8,8,월
2022-08-08,신림선,대방,1867,1720,3587,147,8,8,월
2022-08-08,신림선,서울지방병무청,2343,2767,5110,-424,8,8,월
2022-08-08,신림선,보라매,2943,2532,5475,411,8,8,월
2022-08-08,신림선,보라매공원,1668,1832,3500,-164,8,8,월
2022-08-08,신림선,보라매병원,7168,7140,14308,28,8,8,월
2022-08-08,신림선,당곡,3872,4027,7899,-155,8,8,월
2022-08-08,신림선,신림,1706,2347,4053,-641,8,8,월
2022-08-08,신림선,서원,2685,2421,5106,264,8,8,월
2022-08-08,신림선,서울대벤처타운,5775,6670,12445,-895,8,8,월
2022-08-08,신림선,관악산(서울대),1714,1744,3458,-30,8,8,월
2022-08-08,안산선,산본,14200,15377,29577,-1177,8,8,월
2022-08-08,안산선,반월,3759,3638,7397,121,8,8,월
2022-08-08,1호선,서울역,44544,43670,88214,874,8,8,월
2022-08-08,5호선,방화,5944,5814,11758,130,8,8,월
2022-08-08,9호선,염창,16285,15158,31443,1127,8,8,월
2022-08-08,1호선,시청,20943,22866,43809,-1923,8,8,월
2022-08-08,1호선,종각,36092,36408,72500,-316,8,8,월
2022-08-08,1호선,종로3가,21147,20913,42060,234,8,8,월
2022-08-08,1호선,종로5가,20208,20151,40359,57,8,8,월
2022-08-08,1호선,동대문,7884,7275,15159,609,8,8,월
2022-08-08,1호선,신설동,11498,11892,23390,-394,8,8,월
2022-08-08,1호선,제기동,13467,13714,27181,-247,8,8,월
2022-08-08,1호선,청량리(서울시립대입구),16351,16950,33301,-599,8,8,월
2022-08-08,1호선,동묘앞,4514,4901,9415,-387,8,8,월
2022-08-08,2호선,시청,23845,21974,45819,1871,8,8,월
2022-08-08,2호선,을지로입구,41824,41491,83315,333,8,8,월
2022-08-08,2호선,을지로3가,23887,23028,46915,859,8,8,월
2022-08-08,2호선,을지로4가,13098,12741,25839,357,8,8,월
2022-08-08,2호선,동대문역사문화공원(DDP),9502,10692,20194,-1190,8,8,월
2022-08-08,2호선,신당,11888,12547,24435,-659,8,8,월
2022-08-08,2호선,상왕십리,13159,13087,26246,72,8,8,월
2022-08-08,2호선,왕십리(성동구청),14178,11917,26095,2261,8,8,월
2022-08-08,2호선,한양대,6839,7006,13845,-167,8,8,월
2022-08-08,2호선,뚝섬,20890,22218,43108,-1328,8,8,월
2022-08-08,2호선,성수,35931,37643,73574,-1712,8,8,월
2022-08-08,2호선,건대입구,30126,32021,62147,-1895,8,8,월
2022-08-08,2호선,구의(광진구청),21997,22202,44199,-205,8,8,월
2022-08-08,2호선,강변(동서울터미널),31195,28751,59946,2444,8,8,월
2022-08-08,2호선,잠실나루,13507,13860,27367,-353,8,8,월
2022-08-08,2호선,잠실(송파구청),68501,67171,135672,1330,8,8,월
2022-08-08,2호선,잠실새내,20062,20373,40435,-311,8,8,월
2022-08-08,2호선,종합운동장,5936,6842,12778,-906,8,8,월
2022-08-08,2호선,삼성(무역센터),54770,52914,107684,1856,8,8,월
2022-08-08,2호선,선릉,57495,50550,108045,6945,8,8,월
2022-08-08,2호선,역삼,59278,61770,121048,-2492,8,8,월
2022-08-08,2호선,강남,86593,77893,164486,8700,8,8,월
2022-08-08,2호선,교대(법원.검찰청),33515,37152,70667,-3637,8,8,월
2022-08-08,2호선,서초,21523,20115,41638,1408,8,8,월
2022-08-08,2호선,방배,15019,15705,30724,-686,8,8,월
2022-08-08,2호선,사당,36000,37666,73666,-1666,8,8,월
2022-08-08,2호선,낙성대(강감찬),25522,25832,51354,-310,8,8,월
2022-08-08,2호선,서울대입구(관악구청),42722,42933,85655,-211,8,8,월
2022-08-08,2호선,봉천,22696,22188,44884,508,8,8,월
2022-08-08,2호선,신림,53869,52600,106469,1269,8,8,월
2022-08-08,2호선,신대방,23482,22603,46085,879,8,8,월
2022-08-08,2호선,구로디지털단지,57403,58416,115819,-1013,8,8,월
2022-08-08,2호선,대림(구로구청),22041,22631,44672,-590,8,8,월
2022-08-08,2호선,신도림,44560,48243,92803,-3683,8,8,월
2022-08-08,2호선,문래,21148,21553,42701,-405,8,8,월
2022-08-08,2호선,영등포구청,20875,21500,42375,-625,8,8,월
2022-08-08,2호선,당산,15522,19149,34671,-3627,8,8,월
2022-08-08,2호선,합정,28802,30089,58891,-1287,8,8,월
2022-08-08,2호선,홍대입구,51435,53175,104610,-1740,8,8,월
2022-08-08,2호선,신촌,30478,31107,61585,-629,8,8,월
2022-08-08,2호선,이대,12039,13257,25296,-1218,8,8,월
2022-08-08,2호선,아현,9360,9211,18571,149,8,8,월
2022-08-08,2호선,충정로(경기대입구),9795,10454,20249,-659,8,8,월
2022-08-08,2호선,용답,2550,2475,5025,75,8,8,월
2022-08-08,2호선,신답,1554,1951,3505,-397,8,8,월
2022-08-08,2호선,신설동,3481,3190,6671,291,8,8,월
2022-08-08,2호선,도림천,1355,1468,2823,-113,8,8,월
2022-08-08,2호선,양천구청,6273,6739,13012,-466,8,8,월
2022-08-08,2호선,신정네거리,9384,9922,19306,-538,8,8,월
2022-08-08,2호선,용두(동대문구청),2217,2215,4432,2,8,8,월
2022-08-08,3호선,지축,4706,4637,9343,69,8,8,월
2022-08-08,3호선,구파발,18713,18195,36908,518,8,8,월
2022-08-08,3호선,연신내,31703,30142,61845,1561,8,8,월
2022-08-08,3호선,불광,14164,15109,29273,-945,8,8,월
2022-08-08,3호선,녹번,14152,13169,27321,983,8,8,월
2022-08-08,3호선,홍제,15427,15099,30526,328,8,8,월
2022-08-08,3호선,무악재,3530,3749,7279,-219,8,8,월
2022-08-08,3호선,독립문,5590,5824,11414,-234,8,8,월
2022-08-08,3호선,경복궁(정부서울청사),18023,18017,36040,6,8,8,월
2022-08-08,3호선,안국,18860,18372,37232,488,8,8,월
2022-08-08,3호선,종로3가,10153,11228,21381,-1075,8,8,월
2022-08-08,3호선,을지로3가,11330,10650,21980,680,8,8,월
2022-08-08,3호선,동대입구,7106,7216,14322,-110,8,8,월
2022-08-08,3호선,약수,11622,11473,23095,149,8,8,월
2022-08-08,3호선,금호,7089,6849,13938,240,8,8,월
2022-08-08,3호선,옥수,8041,8609,16650,-568,8,8,월
2022-08-08,3호선,압구정,31030,32887,63917,-1857,8,8,월
2022-08-08,3호선,신사,28544,28105,56649,439,8,8,월
2022-08-08,3호선,잠원,4504,4679,9183,-175,8,8,월
2022-08-08,3호선,고속터미널,38079,35543,73622,2536,8,8,월
2022-08-08,3호선,교대(법원.검찰청),14096,9216,23312,4880,8,8,월
2022-08-08,3호선,남부터미널(예술의전당),28896,28639,57535,257,8,8,월
2022-08-08,3호선,양재(서초구청),36626,38624,75250,-1998,8,8,월
2022-08-08,3호선,매봉,12383,11722,24105,661,8,8,월
2022-08-08,3호선,도곡,5255,5253,10508,2,8,8,월
2022-08-08,3호선,대치,12113,11607,23720,506,8,8,월
2022-08-08,3호선,학여울,1933,2017,3950,-84,8,8,월
2022-08-08,3호선,대청,9628,9223,18851,405,8,8,월
2022-08-08,3호선,일원,10400,10342,20742,58,8,8,월
2022-08-08,3호선,수서,16935,17208,34143,-273,8,8,월
2022-08-08,3호선,가락시장,8313,8343,16656,-30,8,8,월
2022-08-08,3호선,경찰병원,7300,7458,14758,-158,8,8,월
2022-08-08,3호선,오금,5804,5507,11311,297,8,8,월
2022-08-08,4호선,당고개,7870,7055,14925,815,8,8,월
2022-08-08,4호선,상계,16586,15842,32428,744,8,8,월
2022-08-08,4호선,노원,16191,18262,34453,-2071,8,8,월
2022-08-08,4호선,창동,21957,23842,45799,-1885,8,8,월
2022-08-08,4호선,쌍문,25836,24513,50349,1323,8,8,월
2022-08-08,4호선,수유(강북구청),29404,30274,59678,-870,8,8,월
2022-08-08,4호선,미아(서울사이버대학),12741,12498,25239,243,8,8,월
2022-08-08,4호선,미아사거리,23108,22956,46064,152,8,8,월
2022-08-08,4호선,길음,17914,18418,36332,-504,8,8,월
2022-08-08,4호선,성신여대입구(돈암),17043,17071,34114,-28,8,8,월
2022-08-08,4호선,한성대입구(삼선교),11339,11181,22520,158,8,8,월
2022-08-08,4호선,혜화,29068,28676,57744,392,8,8,월
2022-08-08,4호선,동대문,15622,15756,31378,-134,8,8,월
2022-08-08,4호선,동대문역사문화공원(DDP),13159,11195,24354,1964,8,8,월
2022-08-08,4호선,충무로,24358,25186,49544,-828,8,8,월
2022-08-08,4호선,명동,18485,18996,37481,-511,8,8,월
2022-08-08,4호선,회현(남대문시장),15764,16226,31990,-462,8,8,월
2022-08-08,4호선,서울역,11438,17705,29143,-6267,8,8,월
2022-08-08,4호선,숙대입구(갈월),11886,11496,23382,390,8,8,월
2022-08-08,4호선,삼각지,4800,5059,9859,-259,8,8,월
2022-08-08,4호선,신용산,17812,17533,35345,279,8,8,월
2022-08-08,4호선,이촌(국립중앙박물관),8391,9035,17426,-644,8,8,월
2022-08-08,4호선,동작(현충원),1188,1630,2818,-442,8,8,월
2022-08-08,4호선,총신대입구(이수),16973,18401,35374,-1428,8,8,월
2022-08-08,4호선,사당,23660,18547,42207,5113,8,8,월
2022-08-08,4호선,남태령,1438,977,2415,461,8,8,월
2022-08-08,5호선,개화산,5160,4966,10126,194,8,8,월
2022-08-08,5호선,김포공항,7563,6870,14433,693,8,8,월
2022-08-08,5호선,송정,5954,5570,11524,384,8,8,월
2022-08-08,5호선,마곡,10245,10257,20502,-12,8,8,월
2022-08-08,5호선,발산,19294,19724,39018,-430,8,8,월
2022-08-08,5호선,우장산,12999,13119,26118,-120,8,8,월
2022-08-08,5호선,화곡,25851,24619,50470,1232,8,8,월
2022-08-08,5호선,까치산,26290,25484,51774,806,8,8,월
2022-08-08,5호선,신정(은행정),12736,10583,23319,2153,8,8,월
2022-08-08,5호선,목동,15180,16736,31916,-1556,8,8,월
2022-08-08,5호선,오목교(목동운동장앞),19509,20385,39894,-876,8,8,월
2022-08-08,5호선,양평,7232,7334,14566,-102,8,8,월
2022-08-08,5호선,영등포구청,3837,3916,7753,-79,8,8,월
2022-08-08,5호선,영등포시장,9310,9826,19136,-516,8,8,월
2022-08-08,5호선,신길,4182,4839,9021,-657,8,8,월
2022-08-08,5호선,여의도,30095,29684,59779,411,8,8,월
2022-08-08,5호선,여의나루,7571,8244,15815,-673,8,8,월
2022-08-08,5호선,마포,13883,14111,27994,-228,8,8,월
2022-08-08,5호선,공덕,13328,14025,27353,-697,8,8,월
2022-08-08,5호선,애오개,6413,6677,13090,-264,8,8,월
2022-08-08,5호선,충정로(경기대입구),4739,4802,9541,-63,8,8,월
2022-08-08,5호선,서대문,19729,18973,38702,756,8,8,월
2022-08-08,중앙선,상봉(시외버스터미널),4956,5010,9966,-54,8,8,월
2022-08-08,중앙선,망우,6785,6767,13552,18,8,8,월
2022-08-08,중앙선,양원,2539,2516,5055,23,8,8,월
2022-08-08,중앙선,구리,12115,12215,24330,-100,8,8,월
2022-08-08,중앙선,도농,9947,8957,18904,990,8,8,월
2022-08-08,중앙선,양정,607,533,1140,74,8,8,월
2022-08-08,중앙선,덕소,4890,4919,9809,-29,8,8,월
2022-08-08,중앙선,도심,2231,1704,3935,527,8,8,월
2022-08-08,중앙선,팔당,699,690,1389,9,8,8,월
2022-08-08,중앙선,운길산,580,546,1126,34,8,8,월
2022-08-08,중앙선,양수,1529,1509,3038,20,8,8,월
2022-08-08,중앙선,신원,165,134,299,31,8,8,월
2022-08-08,중앙선,국수,568,574,1142,-6,8,8,월
2022-08-08,중앙선,아신,493,451,944,42,8,8,월
2022-08-08,중앙선,오빈,281,255,536,26,8,8,월
2022-08-08,중앙선,양평,2740,2671,5411,69,8,8,월
2022-08-08,중앙선,원덕,336,300,636,36,8,8,월
2022-08-08,중앙선,용문,1610,1589,3199,21,8,8,월
2022-08-08,중앙선,지평,52,55,107,-3,8,8,월
2022-08-08,5호선,광화문(세종문화회관),31637,30489,62126,1148,8,8,월
2022-08-08,5호선,종로3가,11165,10558,21723,607,8,8,월
2022-08-08,5호선,을지로4가,5690,5613,11303,77,8,8,월
2022-08-08,5호선,동대문역사문화공원(DDP),3481,3687,7168,-206,8,8,월
2022-08-08,5호선,청구,3376,3186,6562,190,8,8,월
2022-08-08,5호선,신금호,5598,6015,11613,-417,8,8,월
2022-08-08,5호선,행당,7443,7109,14552,334,8,8,월
2022-08-08,5호선,왕십리(성동구청),4048,4645,8693,-597,8,8,월
2022-08-08,5호선,마장,5155,4921,10076,234,8,8,월
2022-08-08,5호선,답십리,14879,14037,28916,842,8,8,월
2022-08-08,5호선,장한평,17007,17284,34291,-277,8,8,월
2022-08-08,5호선,군자(능동),9885,10960,20845,-1075,8,8,월
2022-08-08,5호선,아차산(어린이대공원후문),12088,12151,24239,-63,8,8,월
2022-08-08,5호선,광나루(장신대),11813,10741,22554,1072,8,8,월
2022-08-08,5호선,천호(풍납토성),15031,14851,29882,180,8,8,월
2022-08-08,5호선,강동,17763,17663,35426,100,8,8,월
2022-08-08,5호선,길동,7645,7970,15615,-325,8,8,월
2022-08-08,5호선,굽은다리(강동구민회관앞),8870,8862,17732,8,8,8,월
2022-08-08,안산선,오이도,7513,7144,14657,369,8,8,월
2022-08-08,안산선,정왕,6942,7235,14177,-293,8,8,월
2022-08-08,안산선,신길온천,1681,1414,3095,267,8,8,월
2022-08-08,안산선,안산,10757,10027,20784,730,8,8,월
2022-08-08,안산선,초지,4338,4240,8578,98,8,8,월
2022-08-08,안산선,고잔,8221,7504,15725,717,8,8,월
2022-08-08,안산선,중앙,15658,15977,31635,-319,8,8,월
2022-08-08,안산선,한대앞,7968,8038,16006,-70,8,8,월
2022-08-08,안산선,상록수,14088,14320,28408,-232,8,8,월
2022-08-08,5호선,명일,7855,8461,16316,-606,8,8,월
2022-08-08,5호선,고덕,8658,8954,17612,-296,8,8,월
2022-08-08,5호선,상일동,13934,13730,27664,204,8,8,월
2022-08-08,5호선,둔촌동,7368,7513,14881,-145,8,8,월
2022-08-08,5호선,올림픽공원(한국체대),3699,3173,6872,526,8,8,월
2022-08-08,5호선,방이,6776,7086,13862,-310,8,8,월
2022-08-08,5호선,오금,3389,3394,6783,-5,8,8,월
2022-08-08,5호선,개롱,6057,6386,12443,-329,8,8,월
2022-08-08,5호선,거여,9298,9216,18514,82,8,8,월
2022-08-08,5호선,마천,6437,6377,12814,60,8,8,월
2022-08-08,5호선,강일,3992,3958,7950,34,8,8,월
2022-08-08,5호선,미사,14761,15458,30219,-697,8,8,월
2022-08-08,5호선,하남풍산,3734,3903,7637,-169,8,8,월
2022-08-08,5호선,하남시청(덕풍·신장),5973,5943,11916,30,8,8,월
2022-08-08,5호선,하남검단산,4933,4885,9818,48,8,8,월
2022-08-08,6호선,응암,15648,15950,31598,-302,8,8,월
2022-08-08,6호선,역촌,3641,4241,7882,-600,8,8,월
2022-08-08,6호선,불광,4042,3861,7903,181,8,8,월
2022-08-08,6호선,독바위,2520,2708,5228,-188,8,8,월
2022-08-08,6호선,구산,6825,5590,12415,1235,8,8,월
2022-08-08,6호선,새절(신사),11162,10789,21951,373,8,8,월
2022-08-08,6호선,증산(명지대앞),8962,9061,18023,-99,8,8,월
2022-08-08,6호선,디지털미디어시티,13320,15182,28502,-1862,8,8,월
2022-08-08,6호선,월드컵경기장(성산),3481,3633,7114,-152,8,8,월
2022-08-08,6호선,마포구청,13182,12162,25344,1020,8,8,월
2022-08-08,6호선,망원,12585,13357,25942,-772,8,8,월
2022-08-08,6호선,합정,12006,11643,23649,363,8,8,월
2022-08-08,안산선,대야미,4390,4029,8419,361,8,8,월
2022-08-08,우이신설선,신설동,1737,1679,3416,58,8,8,월
2022-08-08,일산선,원흥,9947,9502,19449,445,8,8,월
2022-08-08,일산선,삼송,17450,17130,34580,320,8,8,월
2022-08-08,일산선,원당,9441,9063,18504,378,8,8,월
2022-08-08,일산선,화정,14707,15153,29860,-446,8,8,월
2022-08-08,일산선,대곡,1893,1486,3379,407,8,8,월
2022-08-08,일산선,백석,8758,8932,17690,-174,8,8,월
2022-08-08,일산선,마두,7000,7316,14316,-316,8,8,월
2022-08-08,일산선,정발산,5984,6049,12033,-65,8,8,월
2022-08-08,일산선,주엽,8321,8341,16662,-20,8,8,월
2022-08-08,일산선,대화,11956,9359,21315,2597,8,8,월
2022-08-08,장항선,봉명,1278,1243,2521,35,8,8,월
2022-08-08,장항선,쌍용(나사렛대),1779,1600,3379,179,8,8,월
2022-08-08,장항선,아산,2728,2541,5269,187,8,8,월
2022-08-08,장항선,탕정,786,667,1453,119,8,8,월
2022-08-08,장항선,배방,995,837,1832,158,8,8,월
2022-08-08,6호선,상수,8513,9341,17854,-828,8,8,월
2022-08-08,6호선,광흥창(서강),8704,8717,17421,-13,8,8,월
2022-08-08,6호선,대흥(서강대앞),7446,7869,15315,-423,8,8,월
2022-08-08,6호선,공덕,17137,17031,34168,106,8,8,월
2022-08-08,6호선,효창공원앞,6443,6043,12486,400,8,8,월
2022-08-08,6호선,삼각지,5982,5371,11353,611,8,8,월
2022-08-08,6호선,녹사평(용산구청),3777,3809,7586,-32,8,8,월
2022-08-08,6호선,이태원,8684,8949,17633,-265,8,8,월
2022-08-08,6호선,한강진,6267,7081,13348,-814,8,8,월
2022-08-08,6호선,버티고개,2060,2164,4224,-104,8,8,월
2022-08-08,6호선,약수,3409,3372,6781,37,8,8,월
2022-08-08,6호선,청구,3106,3280,6386,-174,8,8,월
2022-08-08,6호선,신당,5762,5580,11342,182,8,8,월
2022-08-08,6호선,동묘앞,5901,6252,12153,-351,8,8,월
2022-08-08,6호선,창신,3154,2669,5823,485,8,8,월
2022-08-08,6호선,보문,6597,6269,12866,328,8,8,월
2022-08-08,6호선,안암(고대병원앞),9944,9805,19749,139,8,8,월
2022-08-08,6호선,고려대(종암),7324,7318,14642,6,8,8,월
2022-08-08,6호선,월곡(동덕여대),10486,10464,20950,22,8,8,월
2022-08-08,6호선,상월곡(한국과학기술연구원),5503,5034,10537,469,8,8,월
2022-08-08,6호선,돌곶이,8344,7899,16243,445,8,8,월
2022-08-08,6호선,석계,11121,12266,23387,-1145,8,8,월
2022-08-08,6호선,태릉입구,4972,5135,10107,-163,8,8,월
2022-08-08,6호선,화랑대(서울여대입구),10255,8178,18433,2077,8,8,월
2022-08-08,6호선,봉화산(서울의료원),8203,7834,16037,369,8,8,월
2022-08-08,7호선,장암,2205,878,3083,1327,8,8,월
2022-08-08,7호선,도봉산,8261,9700,17961,-1439,8,8,월
2022-08-08,7호선,수락산,11202,11476,22678,-274,8,8,월
2022-08-08,7호선,마들,12056,11684,23740,372,8,8,월
2022-08-08,7호선,노원,18783,18812,37595,-29,8,8,월
2022-08-08,7호선,중계,12954,12329,25283,625,8,8,월
2022-08-08,7호선,하계,15993,15287,31280,706,8,8,월
2022-08-08,7호선,공릉(서울과학기술대),10231,10550,20781,-319,8,8,월
2022-08-08,7호선,태릉입구,7623,7294,14917,329,8,8,월
2022-08-08,7호선,먹골,9425,9646,19071,-221,8,8,월
2022-08-08,7호선,중화,9734,9758,19492,-24,8,8,월
2022-08-08,7호선,상봉(시외버스터미널),15314,14527,29841,787,8,8,월
2022-08-08,7호선,면목,14002,14084,28086,-82,8,8,월
2022-08-08,7호선,사가정,14617,14761,29378,-144,8,8,월
2022-08-08,7호선,용마산(용마폭포공원),5464,5427,10891,37,8,8,월
2022-08-08,7호선,중곡,10053,9839,19892,214,8,8,월
2022-08-08,7호선,군자(능동),13989,11513,25502,2476,8,8,월
2022-08-08,7호선,어린이대공원(세종대),11778,11868,23646,-90,8,8,월
2022-08-08,7호선,건대입구,12353,12864,25217,-511,8,8,월
2022-08-08,7호선,뚝섬유원지,6507,6559,13066,-52,8,8,월
2022-08-08,7호선,청담,19383,21534,40917,-2151,8,8,월
2022-08-08,7호선,강남구청,16176,17613,33789,-1437,8,8,월
2022-08-08,7호선,학동,24385,25053,49438,-668,8,8,월
2022-08-08,7호선,논현,18563,18961,37524,-398,8,8,월
2022-08-08,7호선,반포,5779,5575,11354,204,8,8,월
2022-08-08,7호선,고속터미널,16171,12951,29122,3220,8,8,월
2022-08-08,7호선,내방,14233,14980,29213,-747,8,8,월
2022-08-08,7호선,이수,13401,14195,27596,-794,8,8,월
2022-08-08,7호선,남성,10689,11063,21752,-374,8,8,월
2022-08-08,7호선,숭실대입구(살피재),11022,11264,22286,-242,8,8,월
2022-08-08,7호선,상도,10149,10236,20385,-87,8,8,월
2022-08-08,7호선,장승배기,8939,8850,17789,89,8,8,월
2022-08-08,7호선,신대방삼거리,14322,14075,28397,247,8,8,월
2022-08-08,7호선,보라매,7479,7307,14786,172,8,8,월
2022-08-08,7호선,신풍,11123,10823,21946,300,8,8,월
2022-08-08,7호선,대림(구로구청),8209,8119,16328,90,8,8,월
2022-08-08,7호선,남구로,15933,16385,32318,-452,8,8,월
2022-08-08,7호선,가산디지털단지,46835,45526,92361,1309,8,8,월
2022-08-08,7호선,철산,19261,20204,39465,-943,8,8,월
2022-08-08,7호선,광명사거리,19535,19401,38936,134,8,8,월
2022-08-08,7호선,천왕,10459,10350,20809,109,8,8,월
2022-08-08,7호선,온수(성공회대입구),9419,9994,19413,-575,8,8,월
2022-08-08,8호선,암사,17670,15949,33619,1721,8,8,월
2022-08-08,8호선,천호(풍납토성),13210,14493,27703,-1283,8,8,월
2022-08-08,8호선,강동구청,9908,10522,20430,-614,8,8,월
2022-08-08,8호선,몽촌토성(평화의문),5678,6093,11771,-415,8,8,월
2022-08-08,8호선,잠실(송파구청),15487,16790,32277,-1303,8,8,월
2022-08-08,8호선,석촌,7179,8396,15575,-1217,8,8,월
2022-08-08,8호선,송파,8553,9162,17715,-609,8,8,월
2022-08-08,8호선,가락시장,7237,7889,15126,-652,8,8,월
2022-08-08,8호선,문정,22371,22961,45332,-590,8,8,월
2022-08-08,8호선,장지,16255,15975,32230,280,8,8,월
2022-08-08,8호선,복정,8265,7290,15555,975,8,8,월
2022-08-08,8호선,산성,4712,4845,9557,-133,8,8,월
2022-08-08,8호선,남한산성입구(성남법원.검찰청),12001,11249,23250,752,8,8,월
2022-08-08,8호선,단대오거리,9333,9477,18810,-144,8,8,월
2022-08-08,8호선,신흥,3990,4297,8287,-307,8,8,월
2022-08-08,8호선,수진,4961,4758,9719,203,8,8,월
2022-08-08,8호선,모란,4158,3112,7270,1046,8,8,월
2022-08-08,8호선,남위례,4773,5034,9807,-261,8,8,월
2022-08-08,9호선,개화,2552,1729,4281,823,8,8,월
2022-08-08,9호선,김포공항,7458,10025,17483,-2567,8,8,월
2022-08-08,9호선,공항시장,2806,3092,5898,-286,8,8,월
2022-08-08,9호선,신방화,6288,6322,12610,-34,8,8,월
2022-08-08,9호선,마곡나루(서울식물원),11666,11227,22893,439,8,8,월
2022-08-08,9호선,양천향교,9319,9642,18961,-323,8,8,월
2022-08-08,9호선,가양,19537,18771,38308,766,8,8,월
2022-08-08,9호선,증미,7318,7229,14547,89,8,8,월
2022-08-08,9호선,등촌,11113,11020,22133,93,8,8,월
2022-08-08,9호선,신목동,3907,3491,7398,416,8,8,월
2022-08-08,9호선,선유도,9127,8590,17717,537,8,8,월
2022-08-08,9호선,당산,17704,17867,35571,-163,8,8,월
2022-08-08,9호선,국회의사당,17762,17254,35016,508,8,8,월
2022-08-08,9호선,여의도,28399,26578,54977,1821,8,8,월
2022-08-08,9호선,샛강,6631,6403,13034,228,8,8,월
2022-08-08,9호선,노량진,23903,25091,48994,-1188,8,8,월
2022-08-08,9호선,노들,4097,3286,7383,811,8,8,월
2022-08-08,9호선,흑석(중앙대입구),7111,7460,14571,-349,8,8,월
2022-08-08,9호선,동작(현충원),1573,1176,2749,397,8,8,월
2022-08-08,9호선,구반포,1231,1246,2477,-15,8,8,월
2022-08-08,9호선,신반포,3258,3265,6523,-7,8,8,월
2022-08-08,9호선,고속터미널,10890,15365,26255,-4475,8,8,월
2022-08-08,9호선,사평,3582,3746,7328,-164,8,8,월
2022-08-08,9호선,신논현,28909,30924,59833,-2015,8,8,월
2022-08-08,9호선2~3단계,언주,11763,11742,23505,21,8,8,월
2022-08-08,9호선2~3단계,선정릉,9821,10674,20495,-853,8,8,월
2022-08-08,9호선2~3단계,삼성중앙,7825,8115,15940,-290,8,8,월
2022-08-08,9호선2~3단계,봉은사,18312,18310,36622,2,8,8,월
2022-08-08,9호선2~3단계,종합운동장,4454,4245,8699,209,8,8,월
2022-08-08,9호선2~3단계,삼전,6946,7054,14000,-108,8,8,월
2022-08-08,9호선2~3단계,석촌고분,6325,6465,12790,-140,8,8,월
2022-08-08,9호선2~3단계,석촌,7939,6695,14634,1244,8,8,월
2022-08-08,9호선2~3단계,송파나루,5107,5361,10468,-254,8,8,월
2022-08-08,9호선2~3단계,한성백제,2679,2413,5092,266,8,8,월
2022-08-08,9호선2~3단계,올림픽공원(한국체대),5343,5316,10659,27,8,8,월
2022-08-08,9호선2~3단계,둔촌오륜,934,901,1835,33,8,8,월
2022-08-08,9호선2~3단계,중앙보훈병원,11088,9608,20696,1480,8,8,월
2022-08-08,경강선,판교,5259,4973,10232,286,8,8,월
2022-08-08,경강선,이매,1005,942,1947,63,8,8,월
2022-08-08,경강선,삼동,2301,2285,4586,16,8,8,월
2022-08-08,경강선,경기광주,7181,6932,14113,249,8,8,월
2022-08-08,경강선,초월,2906,2837,5743,69,8,8,월
2022-08-08,경강선,곤지암,1885,1866,3751,19,8,8,월
2022-08-08,경강선,신둔도예촌,1435,1365,2800,70,8,8,월
2022-08-08,경강선,이천,2539,2679,5218,-140,8,8,월
2022-08-08,경강선,부발,1859,2048,3907,-189,8,8,월
2022-08-08,경강선,세종대왕릉,332,317,649,15,8,8,월
2022-08-08,경강선,여주,2058,1987,4045,71,8,8,월
2022-08-08,경부선,서울역,7561,2571,10132,4990,8,8,월
2022-08-08,경부선,남영,7810,8916,16726,-1106,8,8,월
2022-08-08,경부선,용산,35943,37628,73571,-1685,8,8,월
2022-08-08,경부선,노량진,6312,6274,12586,38,8,8,월
2022-08-08,경부선,대방,10020,11093,21113,-1073,8,8,월
2022-08-08,경부선,영등포,33442,35307,68749,-1865,8,8,월
2022-08-08,경부선,신도림,3327,3688,7015,-361,8,8,월
2022-08-08,경부선,신길,7971,7552,15523,419,8,8,월
2022-08-08,경부선,구로,17413,21138,38551,-3725,8,8,월
2022-08-08,경부선,가산디지털단지,16716,20758,37474,-4042,8,8,월
2022-08-08,경부선,금천구청,9857,9306,19163,551,8,8,월
2022-08-08,경부선,석수,8294,7005,15299,1289,8,8,월
2022-08-08,경부선,관악,6390,5770,12160,620,8,8,월
2022-08-08,경부선,안양,18683,17916,36599,767,8,8,월
2022-08-08,경부선,명학,8218,8412,16630,-194,8,8,월
2022-08-08,경부선,금정,24674,26756,51430,-2082,8,8,월
2022-08-08,경부선,군포,6738,6907,13645,-169,8,8,월
2022-08-08,경부선,의왕,7606,7650,15256,-44,8,8,월
2022-08-08,경부선,성균관대,12432,11619,24051,813,8,8,월
2022-08-08,경부선,화서,7306,6282,13588,1024,8,8,월
2022-08-08,경부선,수원,29268,31786,61054,-2518,8,8,월
2022-08-08,경부선,독산,17782,18360,36142,-578,8,8,월
2022-08-08,경부선,세류,2749,2308,5057,441,8,8,월
2022-08-08,경부선,병점,12207,11704,23911,503,8,8,월
2022-08-08,경부선,세마,2574,2254,4828,320,8,8,월
2022-08-08,경부선,오산대,2876,2614,5490,262,8,8,월
2022-08-08,경부선,오산,8548,8551,17099,-3,8,8,월
2022-08-08,경부선,진위,1640,1445,3085,195,8,8,월
2022-08-08,경부선,송탄,3899,3607,7506,292,8,8,월
2022-08-08,경부선,서정리,6079,5938,12017,141,8,8,월
2022-08-08,경부선,평택지제,3561,3520,7081,41,8,8,월
2022-08-08,경부선,평택,10048,9597,19645,451,8,8,월
2022-08-08,경부선,성환,3106,3018,6124,88,8,8,월
2022-08-08,경부선,직산,816,732,1548,84,8,8,월
2022-08-08,경부선,두정,4669,4649,9318,20,8,8,월
2022-08-08,경부선,천안,4589,4963,9552,-374,8,8,월
2022-08-08,경부선,당정,5569,5072,10641,497,8,8,월
2022-08-08,경부선,서동탄,1309,1005,2314,304,8,8,월
2022-08-08,경부선,광명,3286,2869,6155,417,8,8,월
2022-08-08,경원선,이촌(국립중앙박물관),3426,2787,6213,639,8,8,월
2022-08-08,경원선,서빙고,1801,1705,3506,96,8,8,월
2022-08-08,경원선,한남,3817,3668,7485,149,8,8,월
2022-08-08,경원선,옥수,36,30,66,6,8,8,월
2022-08-08,경원선,응봉,1549,1419,2968,130,8,8,월
2022-08-08,경원선,왕십리(성동구청),13120,15085,28205,-1965,8,8,월
2022-08-08,경원선,청량리(서울시립대입구),14790,14662,29452,128,8,8,월
2022-08-08,경원선,외대앞,6533,6623,13156,-90,8,8,월
2022-08-08,경원선,신이문,7530,6853,14383,677,8,8,월
2022-08-08,경원선,석계,6833,7782,14615,-949,8,8,월
2022-08-08,경원선,광운대,6385,6396,12781,-11,8,8,월
2022-08-08,경원선,월계,5505,5016,10521,489,8,8,월
2022-08-08,경원선,녹천,4219,3440,7659,779,8,8,월
2022-08-08,경원선,창동,1,0,1,1,8,8,월
2022-08-08,경원선,방학,8276,8016,16292,260,8,8,월
2022-08-08,경원선,도봉,5200,4832,10032,368,8,8,월
2022-08-08,경원선,도봉산,5457,3672,9129,1785,8,8,월
2022-08-08,경원선,망월사,6641,6561,13202,80,8,8,월
2022-08-08,경원선,회룡,10855,10403,21258,452,8,8,월
2022-08-08,경원선,의정부,15086,15137,30223,-51,8,8,월
2022-08-08,경원선,가능,5799,5404,11203,395,8,8,월
2022-08-08,경원선,녹양,4020,3647,7667,373,8,8,월
2022-08-08,경원선,양주,6597,5822,12419,775,8,8,월
2022-08-08,경원선,덕계,2802,2431,5233,371,8,8,월
2022-08-08,경원선,덕정,4496,4329,8825,167,8,8,월
2022-08-08,경원선,지행,5522,5182,10704,340,8,8,월
2022-08-08,경원선,동두천중앙,2691,2548,5239,143,8,8,월
2022-08-08,경원선,보산,1388,1154,2542,234,8,8,월
2022-08-08,경원선,동두천,1826,1971,3797,-145,8,8,월
2022-08-08,경원선,소요산,1845,1457,3302,388,8,8,월
2022-08-08,경의선,서울역,4042,5350,9392,-1308,8,8,월
2022-08-08,경의선,신촌,875,1155,2030,-280,8,8,월
2022-08-08,경의선,효창공원앞,2945,3416,6361,-471,8,8,월
2022-08-08,경의선,공덕,3863,3096,6959,767,8,8,월
2022-08-08,경의선,서강대,1866,1913,3779,-47,8,8,월
2022-08-08,경의선,홍대입구,1490,1833,3323,-343,8,8,월
2022-08-08,경의선,가좌,4976,4815,9791,161,8,8,월
2022-08-08,경의선,디지털미디어시티,2498,2237,4735,261,8,8,월
2022-08-08,경의선,수색,2506,2686,5192,-180,8,8,월
2022-08-08,경의선,화전,1431,1344,2775,87,8,8,월
2022-08-08,경의선,강매,2845,2453,5298,392,8,8,월
2022-08-08,경의선,행신,7334,7540,14874,-206,8,8,월
2022-08-08,경의선,능곡,3483,3138,6621,345,8,8,월
2022-08-08,경의선,곡산,526,530,1056,-4,8,8,월
2022-08-08,경의선,백마,6306,6055,12361,251,8,8,월
2022-08-08,경의선,풍산,4902,4505,9407,397,8,8,월
2022-08-08,경의선,일산,8722,8406,17128,316,8,8,월
2022-08-08,경의선,탄현,7242,6977,14219,265,8,8,월
2022-08-08,경의선,야당,6752,6609,13361,143,8,8,월
2022-08-08,경의선,운정,6265,5707,11972,558,8,8,월
2022-08-08,경의선,금릉,4285,4020,8305,265,8,8,월
2022-08-08,경의선,금촌,5395,5392,10787,3,8,8,월
2022-08-08,경의선,월롱,2293,2418,4711,-125,8,8,월
2022-08-08,경의선,파주,1039,687,1726,352,8,8,월
2022-08-08,경의선,문산,4502,4429,8931,73,8,8,월
2022-08-08,경의선,임진강,6,3,9,3,8,8,월
2022-08-08,경의선,검암,1,0,1,1,8,8,월
2022-08-08,경인선,개봉,18606,17657,36263,949,8,8,월
2022-08-08,경인선,오류동,10093,8405,18498,1688,8,8,월
2022-08-08,경인선,역곡,23286,20785,44071,2501,8,8,월
2022-08-08,경인선,부천,26337,25101,51438,1236,8,8,월
2022-08-08,경인선,송내,23763,21990,45753,1773,8,8,월
2022-08-08,경인선,부평,24951,24732,49683,219,8,8,월
2022-08-08,경인선,백운,5999,5421,11420,578,8,8,월
2022-08-08,경인선,동암,13710,12204,25914,1506,8,8,월
2022-08-08,경인선,주안,15963,13001,28964,2962,8,8,월
2022-08-08,경인선,제물포,8637,7823,16460,814,8,8,월
2022-08-08,경인선,동인천,10765,9948,20713,817,8,8,월
2022-08-08,경인선,인천,2804,2125,4929,679,8,8,월
2022-08-08,경인선,구일,5412,6118,11530,-706,8,8,월
2022-08-08,경인선,소사,7213,6853,14066,360,8,8,월
2022-08-08,경인선,부개,7851,6932,14783,919,8,8,월
2022-08-08,경인선,간석,5058,4493,9551,565,8,8,월
2022-08-08,경인선,도원,2279,2170,4449,109,8,8,월
2022-08-08,경인선,온수(성공회대입구),5942,5491,11433,451,8,8,월
2022-08-08,경인선,중동,8317,7247,15564,1070,8,8,월
2022-08-08,경인선,도화,3543,3077,6620,466,8,8,월
2022-08-08,경춘선,신내,1901,1807,3708,94,8,8,월
2022-08-08,경춘선,갈매,2585,2293,4878,292,8,8,월
2022-08-08,경춘선,별내,2777,2600,5377,177,8,8,월
2022-08-08,경춘선,퇴계원,3176,2914,6090,262,8,8,월
2022-08-08,경춘선,사릉,2106,2015,4121,91,8,8,월
2022-08-08,경춘선,금곡,1285,1257,2542,28,8,8,월
2022-08-08,경춘선,평내호평,5512,5328,10840,184,8,8,월
2022-08-08,경춘선,천마산,1405,1309,2714,96,8,8,월
2022-08-08,경춘선,마석,3583,3381,6964,202,8,8,월
2022-08-08,경춘선,대성리,737,916,1653,-179,8,8,월
2022-08-08,경춘선,청평,1720,1661,3381,59,8,8,월
2022-08-08,경춘선,상천,196,187,383,9,8,8,월
2022-08-08,경춘선,가평,2275,2953,5228,-678,8,8,월
2022-08-08,경춘선,굴봉산,122,91,213,31,8,8,월
2022-08-08,경춘선,백양리,107,85,192,22,8,8,월
2022-08-08,경춘선,강촌,400,379,779,21,8,8,월
2022-08-08,경춘선,김유정,239,220,459,19,8,8,월
2022-08-08,경춘선,남춘천,2125,2136,4261,-11,8,8,월
2022-08-08,경춘선,춘천,1042,1037,2079,5,8,8,월
2022-08-08,공항철도 1호선,서울역,8530,8271,16801,259,8,8,월
2022-08-08,공항철도 1호선,공덕,2290,3127,5417,-837,8,8,월
2022-08-08,공항철도 1호선,홍대입구,9811,10034,19845,-223,8,8,월
2022-08-08,공항철도 1호선,디지털미디어시티,14269,12956,27225,1313,8,8,월
2022-08-08,공항철도 1호선,마곡나루(서울식물원),8484,8046,16530,438,8,8,월
2022-08-08,공항철도 1호선,김포공항,12093,6556,18649,5537,8,8,월
2022-08-08,공항철도 1호선,계양,10314,9459,19773,855,8,8,월
2022-08-08,공항철도 1호선,검암,6006,5835,11841,171,8,8,월
2022-08-08,공항철도 1호선,청라국제도시,6455,6116,12571,339,8,8,월
2022-08-08,공항철도 1호선,운서,6838,6948,13786,-110,8,8,월
2022-08-08,공항철도 1호선,공항화물청사,2243,2405,4648,-162,8,8,월
2022-08-08,공항철도 1호선,인천공항1터미널,7866,7104,14970,762,8,8,월
2022-08-08,공항철도 1호선,인천공항2터미널,3766,3156,6922,610,8,8,월
2022-08-08,공항철도 1호선,영종,3255,3165,6420,90,8,8,월
2022-08-08,과천선,선바위,7500,6368,13868,1132,8,8,월
2022-08-08,과천선,경마공원,768,770,1538,-2,8,8,월
2022-08-08,과천선,대공원,1362,1402,2764,-40,8,8,월
2022-08-08,과천선,과천,5900,5976,11876,-76,8,8,월
2022-08-08,과천선,정부과천청사,10743,10710,21453,33,8,8,월
2022-08-08,과천선,인덕원,21842,23765,45607,-1923,8,8,월
2022-08-08,과천선,평촌,16494,16506,33000,-12,8,8,월
2022-08-08,과천선,범계,23148,23834,46982,-686,8,8,월
2022-08-08,분당선,선릉,14095,20408,34503,-6313,8,8,월
2022-08-08,분당선,한티,16973,16624,33597,349,8,8,월
2022-08-08,분당선,도곡,7079,7136,14215,-57,8,8,월
2022-08-08,분당선,구룡,1767,1658,3425,109,8,8,월
2022-08-08,분당선,개포동,3752,4030,7782,-278,8,8,월
2022-08-08,분당선,대모산입구,4552,4528,9080,24,8,8,월
2022-08-08,분당선,수서,13619,13993,27612,-374,8,8,월
2022-08-08,분당선,수원,6972,5971,12943,1001,8,8,월
2022-08-08,분당선,서울숲,10086,10115,20201,-29,8,8,월
2022-08-08,분당선,압구정로데오,16357,17097,33454,-740,8,8,월
2022-08-08,분당선,강남구청,9427,10600,20027,-1173,8,8,월
2022-08-08,분당선,선정릉,8358,8782,17140,-424,8,8,월
2022-08-08,분당선,가천대,6324,7252,13576,-928,8,8,월
2022-08-08,분당선,태평,12258,11854,24112,404,8,8,월
2022-08-08,분당선,모란,17501,17619,35120,-118,8,8,월
2022-08-08,분당선,야탑,23952,24770,48722,-818,8,8,월
2022-08-08,분당선,서현,22097,22606,44703,-509,8,8,월
2022-08-08,분당선,수내,13078,13114,26192,-36,8,8,월
2022-08-08,분당선,정자,17064,18335,35399,-1271,8,8,월
2022-08-08,분당선,미금,13961,14834,28795,-873,8,8,월
2022-08-08,분당선,오리,10692,8792,19484,1900,8,8,월
2022-08-08,분당선,이매,4930,4957,9887,-27,8,8,월
2022-08-08,분당선,보정,2277,2005,4282,272,8,8,월
2022-08-08,분당선,죽전,10528,12079,22607,-1551,8,8,월
2022-08-08,분당선,구성,4626,5062,9688,-436,8,8,월
2022-08-08,분당선,신갈,4298,4198,8496,100,8,8,월
2022-08-08,분당선,기흥,9214,9094,18308,120,8,8,월
2022-08-08,분당선,상갈,4821,4975,9796,-154,8,8,월
2022-08-08,분당선,청명,3908,3975,7883,-67,8,8,월
2022-08-08,분당선,영통,7277,7569,14846,-292,8,8,월
2022-08-08,분당선,망포,13313,13171,26484,142,8,8,월
2022-08-08,분당선,매탄권선,4636,4538,9174,98,8,8,월
2022-08-08,분당선,수원시청,11311,12042,23353,-731,8,8,월
2022-08-08,분당선,매교,2803,2818,5621,-15,8,8,월
2022-08-08,수인선,고색,4180,3993,8173,187,8,8,월
2022-08-08,수인선,오목천,2530,2431,4961,99,8,8,월
2022-08-09,경부선,송탄,3561,3576,7137,-15,8,9,화
2022-08-09,경부선,서정리,5718,5440,11158,278,8,9,화
2022-08-09,경부선,평택지제,3261,3203,6464,58,8,9,화
2022-08-09,경부선,평택,9079,9394,18473,-315,8,9,화
2022-08-09,경부선,성환,2836,2839,5675,-3,8,9,화
2022-08-09,경부선,직산,727,686,1413,41,8,9,화
2022-08-09,경부선,두정,4461,4453,8914,8,8,9,화
2022-08-09,경부선,천안,4312,4565,8877,-253,8,9,화
2022-08-09,경부선,당정,5288,5227,10515,61,8,9,화
2022-08-09,경부선,서동탄,1461,1232,2693,229,8,9,화
2022-08-09,경부선,광명,2958,2513,5471,445,8,9,화
2022-08-09,경원선,이촌(국립중앙박물관),3694,2942,6636,752,8,9,화
2022-08-09,경원선,서빙고,2580,1849,4429,731,8,9,화
2022-08-09,경원선,한남,3890,3635,7525,255,8,9,화
2022-08-09,경원선,옥수,52,36,88,16,8,9,화
2022-08-09,경원선,응봉,1593,1384,2977,209,8,9,화
2022-08-09,경원선,왕십리(성동구청),12577,14196,26773,-1619,8,9,화
2022-08-09,경원선,청량리(서울시립대입구),13317,13633,26950,-316,8,9,화
2022-08-09,경원선,외대앞,6199,6232,12431,-33,8,9,화
2022-08-09,경원선,신이문,7395,7008,14403,387,8,9,화
2022-08-09,경원선,석계,6789,7696,14485,-907,8,9,화
2022-08-09,경원선,광운대,6452,6198,12650,254,8,9,화
2022-08-09,경원선,월계,5445,5300,10745,145,8,9,화
2022-08-09,경원선,녹천,4110,3506,7616,604,8,9,화
2022-08-09,경원선,방학,8301,8211,16512,90,8,9,화
2022-08-09,경원선,도봉,5356,5237,10593,119,8,9,화
2022-08-09,경원선,도봉산,5317,3241,8558,2076,8,9,화
2022-08-09,경원선,망월사,6395,6919,13314,-524,8,9,화
2022-08-09,경원선,회룡,10786,10762,21548,24,8,9,화
2022-08-09,경원선,의정부,15902,16293,32195,-391,8,9,화
2022-08-09,경원선,가능,5773,5728,11501,45,8,9,화
2022-08-09,경원선,녹양,3842,3716,7558,126,8,9,화
2022-08-09,경원선,양주,6219,5898,12117,321,8,9,화
2022-08-09,경원선,덕계,2779,2471,5250,308,8,9,화
2022-08-09,경원선,덕정,4451,4397,8848,54,8,9,화
2022-08-09,경원선,지행,5477,5456,10933,21,8,9,화
2022-08-09,경원선,동두천중앙,2563,2460,5023,103,8,9,화
2022-08-09,경원선,보산,1270,1202,2472,68,8,9,화
2022-08-09,경원선,동두천,1739,1950,3689,-211,8,9,화
2022-08-09,경원선,소요산,1725,1423,3148,302,8,9,화
2022-08-09,경의선,서울역,4261,5284,9545,-1023,8,9,화
2022-08-09,경의선,신촌,933,1114,2047,-181,8,9,화
2022-08-09,경의선,효창공원앞,2859,3269,6128,-410,8,9,화
2022-08-09,경의선,공덕,3677,3067,6744,610,8,9,화
2022-08-09,경의선,서강대,1870,1892,3762,-22,8,9,화
2022-08-09,경의선,홍대입구,1327,1610,2937,-283,8,9,화
2022-08-09,경의선,가좌,4848,4784,9632,64,8,9,화
2022-08-09,경의선,디지털미디어시티,2574,2210,4784,364,8,9,화
2022-08-09,경의선,수색,2640,2791,5431,-151,8,9,화
2022-08-09,경의선,화전,1376,1271,2647,105,8,9,화
2022-08-09,경의선,강매,2793,2445,5238,348,8,9,화
2022-08-09,경의선,행신,7370,7876,15246,-506,8,9,화
2022-08-09,경의선,능곡,3223,3026,6249,197,8,9,화
2022-08-09,경의선,곡산,548,575,1123,-27,8,9,화
2022-08-09,경의선,백마,6191,6399,12590,-208,8,9,화
2022-08-09,경의선,풍산,4759,4555,9314,204,8,9,화
2022-08-09,경의선,일산,8184,8494,16678,-310,8,9,화
2022-08-09,경의선,탄현,6853,6916,13769,-63,8,9,화
2022-08-09,경의선,야당,6697,6607,13304,90,8,9,화
2022-08-09,경의선,운정,5924,5666,11590,258,8,9,화
2022-08-09,경의선,금릉,4296,4077,8373,219,8,9,화
2022-08-09,경의선,금촌,5330,5228,10558,102,8,9,화
2022-08-09,경의선,월롱,2626,2233,4859,393,8,9,화
2022-08-09,경의선,파주,976,652,1628,324,8,9,화
2022-08-09,경의선,문산,4304,4291,8595,13,8,9,화
2022-08-09,경의선,임진강,15,4,19,11,8,9,화
2022-08-09,경인선,개봉,17099,17616,34715,-517,8,9,화
2022-08-09,경인선,오류동,9500,9175,18675,325,8,9,화
2022-08-09,경인선,역곡,21765,22129,43894,-364,8,9,화
2022-08-09,경인선,부천,25182,25048,50230,134,8,9,화
2022-08-09,경인선,송내,22854,23187,46041,-333,8,9,화
2022-08-09,경인선,부평,22652,23852,46504,-1200,8,9,화
2022-08-09,경인선,백운,5819,5792,11611,27,8,9,화
2022-08-09,경인선,동암,12639,12949,25588,-310,8,9,화
2022-08-09,경인선,주안,14232,13409,27641,823,8,9,화
2022-08-09,경인선,제물포,8151,7935,16086,216,8,9,화
2022-08-09,경인선,동인천,10287,10048,20335,239,8,9,화
2022-08-09,경인선,인천,2567,1804,4371,763,8,9,화
2022-08-09,경인선,구일,5162,5227,10389,-65,8,9,화
2022-08-09,경인선,소사,6775,6018,12793,757,8,9,화
2022-08-09,경인선,부개,7169,6987,14156,182,8,9,화
2022-08-09,경인선,간석,4946,4844,9790,102,8,9,화
2022-08-09,경인선,도원,2146,2209,4355,-63,8,9,화
2022-08-09,경인선,온수(성공회대입구),5196,5105,10301,91,8,9,화
2022-08-09,경인선,중동,7737,7491,15228,246,8,9,화
2022-08-09,경인선,도화,3294,3200,6494,94,8,9,화
2022-08-09,경춘선,신내,1891,1835,3726,56,8,9,화
2022-08-09,경춘선,갈매,2562,2264,4826,298,8,9,화
2022-08-09,경춘선,별내,2673,2625,5298,48,8,9,화
2022-08-09,경춘선,퇴계원,3088,2864,5952,224,8,9,화
2022-08-09,경춘선,사릉,1929,1914,3843,15,8,9,화
2022-08-09,경춘선,금곡,1192,1227,2419,-35,8,9,화
2022-08-09,경춘선,평내호평,5114,5069,10183,45,8,9,화
2022-08-09,경춘선,천마산,1324,1205,2529,119,8,9,화
2022-08-09,경춘선,마석,3230,3199,6429,31,8,9,화
2022-08-09,경춘선,대성리,949,565,1514,384,8,9,화
2022-08-09,경춘선,청평,1698,1462,3160,236,8,9,화
2022-08-09,경춘선,상천,192,148,340,44,8,9,화
2022-08-09,경춘선,가평,2443,2005,4448,438,8,9,화
2022-08-09,경춘선,굴봉산,103,70,173,33,8,9,화
2022-08-09,경춘선,백양리,127,97,224,30,8,9,화
2022-08-09,경춘선,강촌,479,406,885,73,8,9,화
2022-08-09,경춘선,김유정,199,176,375,23,8,9,화
2022-08-09,경춘선,남춘천,1932,1911,3843,21,8,9,화
2022-08-09,경춘선,춘천,1005,892,1897,113,8,9,화
2022-08-09,공항철도 1호선,서울역,8513,7835,16348,678,8,9,화
2022-08-09,공항철도 1호선,공덕,2312,3012,5324,-700,8,9,화
2022-08-09,공항철도 1호선,홍대입구,8385,8814,17199,-429,8,9,화
2022-08-09,공항철도 1호선,디지털미디어시티,14566,13319,27885,1247,8,9,화
2022-08-09,공항철도 1호선,마곡나루(서울식물원),8216,7838,16054,378,8,9,화
2022-08-09,공항철도 1호선,김포공항,10889,5980,16869,4909,8,9,화
2022-08-09,공항철도 1호선,계양,9872,9104,18976,768,8,9,화
2022-08-09,공항철도 1호선,검암,5956,5764,11720,192,8,9,화
2022-08-09,공항철도 1호선,청라국제도시,6283,5996,12279,287,8,9,화
2022-08-09,공항철도 1호선,운서,6710,6994,13704,-284,8,9,화
2022-08-09,공항철도 1호선,공항화물청사,2305,2478,4783,-173,8,9,화
2022-08-09,공항철도 1호선,인천공항1터미널,7736,6719,14455,1017,8,9,화
2022-08-09,분당선,가천대,5839,6889,12728,-1050,8,9,화
2022-08-09,분당선,태평,12859,12227,25086,632,8,9,화
2022-08-09,분당선,모란,18087,18489,36576,-402,8,9,화
2022-08-09,분당선,야탑,24159,25227,49386,-1068,8,9,화
2022-08-09,분당선,서현,22633,22866,45499,-233,8,9,화
2022-08-09,분당선,수내,13378,13457,26835,-79,8,9,화
2022-08-09,분당선,정자,16857,18277,35134,-1420,8,9,화
2022-08-09,분당선,미금,14154,15223,29377,-1069,8,9,화
2022-08-09,분당선,오리,10937,8873,19810,2064,8,9,화
2022-08-09,분당선,이매,5649,5279,10928,370,8,9,화
2022-08-09,분당선,보정,2161,1984,4145,177,8,9,화
2022-08-09,분당선,죽전,11535,12748,24283,-1213,8,9,화
2022-08-09,분당선,구성,4516,5065,9581,-549,8,9,화
2022-08-09,분당선,신갈,4108,4149,8257,-41,8,9,화
2022-08-09,분당선,기흥,9365,8832,18197,533,8,9,화
2022-08-09,분당선,상갈,4758,4711,9469,47,8,9,화
2022-08-09,분당선,청명,3842,3838,7680,4,8,9,화
2022-08-09,분당선,영통,7334,7396,14730,-62,8,9,화
2022-08-09,분당선,망포,13330,12913,26243,417,8,9,화
2022-08-09,분당선,매탄권선,4482,4394,8876,88,8,9,화
2022-08-09,분당선,수원시청,11284,12285,23569,-1001,8,9,화
2022-08-09,분당선,매교,2633,2738,5371,-105,8,9,화
2022-08-09,수인선,고색,4389,4086,8475,303,8,9,화
2022-08-09,수인선,오목천,2420,2405,4825,15,8,9,화
2022-08-09,수인선,어천,466,548,1014,-82,8,9,화
2022-08-09,수인선,야목,353,287,640,66,8,9,화
2022-08-09,수인선,사리,3922,3519,7441,403,8,9,화
2022-08-09,수인선,달월,81,46,127,35,8,9,화
2022-08-09,수인선,월곶,2177,2034,4211,143,8,9,화
2022-08-09,수인선,소래포구,3533,3193,6726,340,8,9,화
2022-08-09,수인선,인천논현,4585,4827,9412,-242,8,9,화
2022-08-09,수인선,호구포,3617,3806,7423,-189,8,9,화
2022-08-09,수인선,남동인더스파크,2251,2483,4734,-232,8,9,화
2022-08-09,수인선,원인재,3475,3671,7146,-196,8,9,화
2022-08-09,수인선,연수,3705,3733,7438,-28,8,9,화
2022-08-09,수인선,송도,1834,1734,3568,100,8,9,화
2022-08-09,수인선,인하대,4667,4544,9211,123,8,9,화
2022-08-09,수인선,숭의,3296,3046,6342,250,8,9,화
2022-08-09,수인선,신포,1292,1325,2617,-33,8,9,화
2022-08-09,수인선,인천,633,1084,1717,-451,8,9,화
2022-08-09,신림선,샛강,2399,3588,5987,-1189,8,9,화
2022-08-09,신림선,대방,1977,1537,3514,440,8,9,화
2022-08-09,신림선,서울지방병무청,2079,2394,4473,-315,8,9,화
2022-08-09,신림선,보라매,2340,2225,4565,115,8,9,화
2022-08-09,신림선,보라매공원,1397,1552,2949,-155,8,9,화
2022-08-09,신림선,보라매병원,6743,6529,13272,214,8,9,화
2022-08-09,신림선,당곡,3287,3467,6754,-180,8,9,화
2022-08-09,신림선,신림,1384,1825,3209,-441,8,9,화
2022-08-09,신림선,서원,2499,2523,5022,-24,8,9,화
2022-08-09,우이신설선,화계,2851,2800,5651,51,8,9,화
2022-08-09,우이신설선,삼양,1718,1841,3559,-123,8,9,화
2022-08-09,우이신설선,삼양사거리,2003,2103,4106,-100,8,9,화
2022-08-09,우이신설선,솔샘,5138,5086,10224,52,8,9,화
2022-08-09,우이신설선,북한산보국문,4945,4954,9899,-9,8,9,화
2022-08-09,우이신설선,정릉,3782,3735,7517,47,8,9,화
2022-08-09,우이신설선,성신여대입구(돈암),2874,3145,6019,-271,8,9,화
2022-08-09,우이신설선,보문,1294,1319,2613,-25,8,9,화
2022-08-09,우이신설선,신설동,1702,1712,3414,-10,8,9,화
2022-08-09,일산선,원흥,9108,8028,17136,1080,8,9,화
2022-08-09,일산선,삼송,16208,14910,31118,1298,8,9,화
2022-08-09,일산선,원당,8901,8331,17232,570,8,9,화
2022-08-09,일산선,화정,13321,12820,26141,501,8,9,화
2022-08-09,일산선,대곡,2092,2234,4326,-142,8,9,화
2022-08-09,일산선,백석,8169,8384,16553,-215,8,9,화
2022-08-09,일산선,마두,6166,6445,12611,-279,8,9,화
2022-08-09,일산선,정발산,5047,5466,10513,-419,8,9,화
2022-08-09,일산선,주엽,7436,7155,14591,281,8,9,화
2022-08-09,일산선,대화,10811,7834,18645,2977,8,9,화
2022-08-09,장항선,봉명,1243,1238,2481,5,8,9,화
2022-08-09,장항선,쌍용(나사렛대),1744,1638,3382,106,8,9,화
2022-08-09,장항선,아산,2604,2348,4952,256,8,9,화
2022-08-09,장항선,탕정,769,721,1490,48,8,9,화
2022-08-09,장항선,배방,891,861,1752,30,8,9,화
2022-08-09,장항선,온양온천,3428,3558,6986,-130,8,9,화
2022-08-09,장항선,신창(순천향대),960,929,1889,31,8,9,화
2022-08-09,중앙선,회기,20579,20192,40771,387,8,9,화
2022-08-09,중앙선,중랑,4991,4844,9835,147,8,9,화
2022-08-09,중앙선,상봉(시외버스터미널),4797,4781,9578,16,8,9,화
2022-08-09,중앙선,양원,2491,2430,4921,61,8,9,화
2022-08-09,중앙선,구리,11337,11777,23114,-440,8,9,화
2022-08-09,중앙선,도농,9375,8780,18155,595,8,9,화
2022-08-09,중앙선,양정,562,458,1020,104,8,9,화
2022-08-09,중앙선,덕소,4716,4730,9446,-14,8,9,화
2022-08-09,중앙선,도심,2089,1622,3711,467,8,9,화
2022-08-09,중앙선,팔당,652,649,1301,3,8,9,화
2022-08-09,중앙선,운길산,505,472,977,33,8,9,화
2022-08-09,중앙선,양수,1314,1380,2694,-66,8,9,화
2022-08-09,중앙선,신원,130,116,246,14,8,9,화
2022-08-09,중앙선,국수,492,498,990,-6,8,9,화
2022-08-09,중앙선,아신,397,389,786,8,8,9,화
2022-08-09,중앙선,오빈,241,223,464,18,8,9,화
2022-08-09,중앙선,양평,2103,2002,4105,101,8,9,화
2022-08-09,중앙선,원덕,247,219,466,28,8,9,화
2022-08-09,중앙선,용문,1298,1258,2556,40,8,9,화
2022-08-09,중앙선,지평,42,36,78,6,8,9,화
2022-08-09,공항철도 1호선,인천공항2터미널,3469,3015,6484,454,8,9,화
2022-08-09,공항철도 1호선,영종,2872,2886,5758,-14,8,9,화
2022-08-09,과천선,선바위,6612,5573,12185,1039,8,9,화
2022-08-09,과천선,경마공원,931,999,1930,-68,8,9,화
2022-08-09,과천선,대공원,1407,1449,2856,-42,8,9,화
2022-08-09,과천선,과천,5559,5545,11104,14,8,9,화
2022-08-09,과천선,정부과천청사,10152,10144,20296,8,8,9,화
2022-08-09,과천선,인덕원,20282,21719,42001,-1437,8,9,화
2022-08-09,과천선,평촌,15647,15714,31361,-67,8,9,화
2022-08-09,과천선,범계,21507,21745,43252,-238,8,9,화
2022-08-09,분당선,선릉,12871,17564,30435,-4693,8,9,화
2022-08-09,분당선,한티,14852,15342,30194,-490,8,9,화
2022-08-09,분당선,도곡,6510,6431,12941,79,8,9,화
2022-08-09,분당선,구룡,1536,1534,3070,2,8,9,화
2022-08-09,분당선,개포동,3422,3573,6995,-151,8,9,화
2022-08-09,분당선,대모산입구,4297,4206,8503,91,8,9,화
2022-08-09,분당선,수서,13026,13640,26666,-614,8,9,화
2022-08-09,분당선,수원,6879,5745,12624,1134,8,9,화
2022-08-09,분당선,서울숲,9501,9491,18992,10,8,9,화
2022-08-09,분당선,압구정로데오,17268,18032,35300,-764,8,9,화
2022-08-09,분당선,강남구청,8885,9829,18714,-944,8,9,화
2022-08-09,분당선,선정릉,8786,10055,18841,-1269,8,9,화
2022-08-09,중앙선,망우,6418,6495,12913,-77,8,9,화
2022-08-09,신림선,서울대벤처타운,5796,5909,11705,-113,8,9,화
2022-08-09,신림선,관악산(서울대),1527,1464,2991,63,8,9,화
2022-08-09,안산선,산본,12821,13907,26728,-1086,8,9,화
2022-08-09,안산선,대야미,4078,3685,7763,393,8,9,화
2022-08-09,안산선,반월,3459,3361,6820,98,8,9,화
2022-08-09,안산선,상록수,12796,13285,26081,-489,8,9,화
2022-08-09,안산선,한대앞,7186,7450,14636,-264,8,9,화
2022-08-09,안산선,중앙,14092,14714,28806,-622,8,9,화
2022-08-09,안산선,고잔,7595,7272,14867,323,8,9,화
2022-08-09,안산선,초지,3980,4016,7996,-36,8,9,화
2022-08-09,안산선,안산,10065,9410,19475,655,8,9,화
2022-08-09,안산선,신길온천,1457,1281,2738,176,8,9,화
2022-08-09,안산선,정왕,6321,6703,13024,-382,8,9,화
2022-08-09,안산선,오이도,6693,6550,13243,143,8,9,화
2022-08-09,안산선,수리산,3510,2935,6445,575,8,9,화
2022-08-09,우이신설선,북한산우이,2154,1882,4036,272,8,9,화
2022-08-09,우이신설선,솔밭공원,2097,2001,4098,96,8,9,화
2022-08-09,우이신설선,4.19민주묘지,2155,2171,4326,-16,8,9,화
2022-08-09,우이신설선,가오리,3573,3786,7359,-213,8,9,화
2022-08-09,5호선,화곡,25789,24764,50553,1025,8,9,화
2022-08-09,분당선,복정,1,0,1,1,8,9,화
2022-08-09,1호선,서울역,42032,40050,82082,1982,8,9,화
2022-08-09,1호선,시청,21602,21565,43167,37,8,9,화
2022-08-09,1호선,종각,34458,32557,67015,1901,8,9,화
2022-08-09,1호선,종로3가,19594,18829,38423,765,8,9,화
2022-08-09,1호선,종로5가,19312,18485,37797,827,8,9,화
2022-08-09,1호선,동대문,7269,6475,13744,794,8,9,화
2022-08-09,1호선,신설동,11045,11077,22122,-32,8,9,화
2022-08-09,1호선,제기동,12203,12196,24399,7,8,9,화
2022-08-09,1호선,청량리(서울시립대입구),15456,15455,30911,1,8,9,화
2022-08-09,1호선,동묘앞,4205,4565,8770,-360,8,9,화
2022-08-09,2호선,시청,23494,21999,45493,1495,8,9,화
2022-08-09,2호선,을지로입구,39972,40526,80498,-554,8,9,화
2022-08-09,2호선,을지로3가,22769,21800,44569,969,8,9,화
2022-08-09,2호선,을지로4가,12502,12053,24555,449,8,9,화
2022-08-09,2호선,동대문역사문화공원(DDP),9347,10361,19708,-1014,8,9,화
2022-08-09,2호선,신당,11700,12230,23930,-530,8,9,화
2022-08-09,2호선,상왕십리,12711,12529,25240,182,8,9,화
2022-08-09,2호선,왕십리(성동구청),13639,11303,24942,2336,8,9,화
2022-08-09,2호선,한양대,6792,6988,13780,-196,8,9,화
2022-08-09,2호선,뚝섬,20393,21699,42092,-1306,8,9,화
2022-08-09,2호선,성수,35304,36977,72281,-1673,8,9,화
2022-08-09,2호선,건대입구,27898,29611,57509,-1713,8,9,화
2022-08-09,2호선,구의(광진구청),21464,21366,42830,98,8,9,화
2022-08-09,2호선,강변(동서울터미널),26080,24942,51022,1138,8,9,화
2022-08-09,2호선,잠실나루,13562,13811,27373,-249,8,9,화
2022-08-09,2호선,잠실(송파구청),59806,59258,119064,548,8,9,화
2022-08-09,2호선,잠실새내,19221,19307,38528,-86,8,9,화
2022-08-09,2호선,종합운동장,6280,7022,13302,-742,8,9,화
2022-08-09,2호선,삼성(무역센터),49553,51918,101471,-2365,8,9,화
2022-08-09,2호선,선릉,52643,47797,100440,4846,8,9,화
2022-08-09,2호선,역삼,51514,55702,107216,-4188,8,9,화
2022-08-09,2호선,강남,66275,63723,129998,2552,8,9,화
2022-08-09,2호선,교대(법원.검찰청),32112,34948,67060,-2836,8,9,화
2022-08-09,2호선,서초,21554,19635,41189,1919,8,9,화
2022-08-09,2호선,방배,14318,14870,29188,-552,8,9,화
2022-08-09,2호선,사당,30084,31405,61489,-1321,8,9,화
2022-08-09,2호선,낙성대(강감찬),23510,22980,46490,530,8,9,화
2022-08-09,2호선,서울대입구(관악구청),38280,37298,75578,982,8,9,화
2022-08-09,2호선,봉천,20964,20162,41126,802,8,9,화
2022-08-09,2호선,신림,49046,47563,96609,1483,8,9,화
2022-08-09,2호선,신대방,20984,21159,42143,-175,8,9,화
2022-08-09,2호선,구로디지털단지,51904,51721,103625,183,8,9,화
2022-08-09,2호선,대림(구로구청),20583,20868,41451,-285,8,9,화
2022-08-09,2호선,신도림,40823,39407,80230,1416,8,9,화
2022-08-09,2호선,문래,20292,20507,40799,-215,8,9,화
2022-08-09,2호선,영등포구청,20508,20980,41488,-472,8,9,화
2022-08-09,2호선,당산,16715,19715,36430,-3000,8,9,화
2022-08-09,2호선,합정,26168,27047,53215,-879,8,9,화
2022-08-09,2호선,홍대입구,44208,45623,89831,-1415,8,9,화
2022-08-09,2호선,신촌,29691,30221,59912,-530,8,9,화
2022-08-09,2호선,이대,11253,12096,23349,-843,8,9,화
2022-08-09,2호선,아현,9006,8858,17864,148,8,9,화
2022-08-09,2호선,충정로(경기대입구),9485,10160,19645,-675,8,9,화
2022-08-09,2호선,용답,2319,2300,4619,19,8,9,화
2022-08-09,2호선,신답,1538,1852,3390,-314,8,9,화
2022-08-09,2호선,신설동,3089,2923,6012,166,8,9,화
2022-08-09,2호선,도림천,1315,1416,2731,-101,8,9,화
2022-08-09,2호선,양천구청,6160,6736,12896,-576,8,9,화
2022-08-09,2호선,신정네거리,9132,9821,18953,-689,8,9,화
2022-08-09,2호선,용두(동대문구청),2080,2102,4182,-22,8,9,화
2022-08-09,3호선,지축,4467,4280,8747,187,8,9,화
2022-08-09,3호선,구파발,19340,20203,39543,-863,8,9,화
2022-08-09,3호선,연신내,30749,29543,60292,1206,8,9,화
2022-08-09,3호선,불광,13911,14968,28879,-1057,8,9,화
2022-08-09,3호선,녹번,13558,12734,26292,824,8,9,화
2022-08-09,3호선,홍제,14815,14539,29354,276,8,9,화
2022-08-09,3호선,무악재,3444,3713,7157,-269,8,9,화
2022-08-09,3호선,독립문,5750,6320,12070,-570,8,9,화
2022-08-09,3호선,경복궁(정부서울청사),16320,16285,32605,35,8,9,화
2022-08-09,3호선,안국,17606,17918,35524,-312,8,9,화
2022-08-09,3호선,종로3가,9910,10660,20570,-750,8,9,화
2022-08-09,3호선,을지로3가,10640,10244,20884,396,8,9,화
2022-08-09,3호선,충무로,1,0,1,1,8,9,화
2022-08-09,3호선,동대입구,7236,7511,14747,-275,8,9,화
2022-08-09,3호선,약수,11331,11099,22430,232,8,9,화
2022-08-09,3호선,금호,7030,6694,13724,336,8,9,화
2022-08-09,3호선,옥수,7815,8237,16052,-422,8,9,화
2022-08-09,3호선,압구정,29274,30920,60194,-1646,8,9,화
2022-08-09,3호선,신사,25158,25402,50560,-244,8,9,화
2022-08-09,3호선,잠원,4379,4368,8747,11,8,9,화
2022-08-09,3호선,고속터미널,35817,35185,71002,632,8,9,화
2022-08-09,3호선,교대(법원.검찰청),13270,8182,21452,5088,8,9,화
2022-08-09,3호선,남부터미널(예술의전당),26709,26505,53214,204,8,9,화
2022-08-09,3호선,양재(서초구청),34045,35366,69411,-1321,8,9,화
2022-08-09,3호선,매봉,11746,11241,22987,505,8,9,화
2022-08-09,3호선,도곡,5052,4977,10029,75,8,9,화
2022-08-09,3호선,대치,9874,9484,19358,390,8,9,화
2022-08-09,3호선,학여울,1778,1817,3595,-39,8,9,화
2022-08-09,3호선,대청,8986,8460,17446,526,8,9,화
2022-08-09,3호선,일원,10167,10009,20176,158,8,9,화
2022-08-09,3호선,수서,15751,16053,31804,-302,8,9,화
2022-08-09,3호선,가락시장,7895,7778,15673,117,8,9,화
2022-08-09,3호선,경찰병원,7045,7076,14121,-31,8,9,화
2022-08-09,3호선,오금,5726,5232,10958,494,8,9,화
2022-08-09,4호선,당고개,7565,6912,14477,653,8,9,화
2022-08-09,4호선,상계,16454,15871,32325,583,8,9,화
2022-08-09,4호선,노원,16006,18018,34024,-2012,8,9,화
2022-08-09,4호선,창동,21682,23386,45068,-1704,8,9,화
2022-08-09,4호선,쌍문,24732,23849,48581,883,8,9,화
2022-08-09,4호선,수유(강북구청),28447,29251,57698,-804,8,9,화
2022-08-09,4호선,미아(서울사이버대학),12538,12408,24946,130,8,9,화
2022-08-09,4호선,미아사거리,23024,23357,46381,-333,8,9,화
2022-08-09,4호선,길음,17687,18233,35920,-546,8,9,화
2022-08-09,4호선,성신여대입구(돈암),16506,16343,32849,163,8,9,화
2022-08-09,4호선,한성대입구(삼선교),10973,10745,21718,228,8,9,화
2022-08-09,4호선,혜화,28478,28315,56793,163,8,9,화
2022-08-09,4호선,동대문,13644,13923,27567,-279,8,9,화
2022-08-09,4호선,동대문역사문화공원(DDP),12737,10883,23620,1854,8,9,화
2022-08-09,4호선,충무로,23516,23898,47414,-382,8,9,화
2022-08-09,4호선,명동,17068,17761,34829,-693,8,9,화
2022-08-09,4호선,회현(남대문시장),17085,16702,33787,383,8,9,화
2022-08-09,4호선,서울역,10953,16119,27072,-5166,8,9,화
2022-08-09,4호선,숙대입구(갈월),11001,10677,21678,324,8,9,화
2022-08-09,4호선,삼각지,4357,4771,9128,-414,8,9,화
2022-08-09,4호선,신용산,16368,16386,32754,-18,8,9,화
2022-08-09,4호선,이촌(국립중앙박물관),7904,8194,16098,-290,8,9,화
2022-08-09,4호선,동작(현충원),2060,2667,4727,-607,8,9,화
2022-08-09,4호선,총신대입구(이수),14636,15149,29785,-513,8,9,화
2022-08-09,4호선,사당,18898,15230,34128,3668,8,9,화
2022-08-09,4호선,남태령,999,874,1873,125,8,9,화
2022-08-09,5호선,방화,5952,5941,11893,11,8,9,화
2022-08-09,5호선,개화산,5158,4992,10150,166,8,9,화
2022-08-09,5호선,김포공항,7818,7796,15614,22,8,9,화
2022-08-09,5호선,송정,5884,5566,11450,318,8,9,화
2022-08-09,5호선,마곡,10835,10695,21530,140,8,9,화
2022-08-09,5호선,발산,19798,20317,40115,-519,8,9,화
2022-08-09,5호선,우장산,12982,13137,26119,-155,8,9,화
2022-08-09,5호선,까치산,25634,25087,50721,547,8,9,화
2022-08-09,5호선,신정(은행정),12525,10472,22997,2053,8,9,화
2022-08-09,5호선,목동,15156,16503,31659,-1347,8,9,화
2022-08-09,5호선,오목교(목동운동장앞),20896,21506,42402,-610,8,9,화
2022-08-09,5호선,양평,7249,7269,14518,-20,8,9,화
2022-08-09,5호선,영등포구청,3879,3863,7742,16,8,9,화
2022-08-09,5호선,영등포시장,9255,9616,18871,-361,8,9,화
2022-08-09,5호선,신길,4177,4549,8726,-372,8,9,화
2022-08-09,5호선,여의도,33482,36403,69885,-2921,8,9,화
2022-08-09,5호선,여의나루,8659,10721,19380,-2062,8,9,화
2022-08-09,5호선,마포,14072,14002,28074,70,8,9,화
2022-08-09,5호선,공덕,13594,14073,27667,-479,8,9,화
2022-08-09,5호선,애오개,6538,6648,13186,-110,8,9,화
2022-08-09,5호선,충정로(경기대입구),4765,4766,9531,-1,8,9,화
2022-08-09,5호선,서대문,20084,19549,39633,535,8,9,화
2022-08-09,5호선,광화문(세종문화회관),31794,31807,63601,-13,8,9,화
2022-08-09,5호선,종로3가,10268,10023,20291,245,8,9,화
2022-08-09,5호선,을지로4가,5623,5727,11350,-104,8,9,화
2022-08-09,5호선,동대문역사문화공원(DDP),3538,3610,7148,-72,8,9,화
2022-08-09,5호선,청구,3487,3284,6771,203,8,9,화
2022-08-09,5호선,신금호,5704,6061,11765,-357,8,9,화
2022-08-09,5호선,행당,7564,6975,14539,589,8,9,화
2022-08-09,5호선,왕십리(성동구청),4162,4583,8745,-421,8,9,화
2022-08-09,5호선,마장,5066,4887,9953,179,8,9,화
2022-08-09,5호선,답십리,15152,13983,29135,1169,8,9,화
2022-08-09,5호선,장한평,17199,17364,34563,-165,8,9,화
2022-08-09,5호선,군자(능동),9843,10895,20738,-1052,8,9,화
2022-08-09,5호선,아차산(어린이대공원후문),11949,11973,23922,-24,8,9,화
2022-08-09,5호선,광나루(장신대),11558,10615,22173,943,8,9,화
2022-08-09,5호선,천호(풍납토성),16412,16119,32531,293,8,9,화
2022-08-09,5호선,강동,17480,17085,34565,395,8,9,화
2022-08-09,5호선,길동,7398,7749,15147,-351,8,9,화
2022-08-09,5호선,굽은다리(강동구민회관앞),8713,8501,17214,212,8,9,화
2022-08-09,5호선,명일,7689,8204,15893,-515,8,9,화
2022-08-09,5호선,고덕,8573,8616,17189,-43,8,9,화
2022-08-09,5호선,상일동,13953,13478,27431,475,8,9,화
2022-08-09,5호선,둔촌동,7384,7615,14999,-231,8,9,화
2022-08-09,5호선,올림픽공원(한국체대),3741,3322,7063,419,8,9,화
2022-08-09,5호선,방이,6708,7016,13724,-308,8,9,화
2022-08-09,5호선,오금,3384,3347,6731,37,8,9,화
2022-08-09,5호선,개롱,5741,6049,11790,-308,8,9,화
2022-08-09,5호선,거여,9075,8874,17949,201,8,9,화
2022-08-09,5호선,마천,6309,6191,12500,118,8,9,화
2022-08-09,5호선,강일,4029,4015,8044,14,8,9,화
2022-08-09,5호선,미사,14528,15054,29582,-526,8,9,화
2022-08-09,5호선,하남풍산,3785,3840,7625,-55,8,9,화
2022-08-09,5호선,하남시청(덕풍·신장),5974,5961,11935,13,8,9,화
2022-08-09,5호선,하남검단산,4871,4775,9646,96,8,9,화
2022-08-09,6호선,응암,15312,15694,31006,-382,8,9,화
2022-08-09,6호선,역촌,3564,4160,7724,-596,8,9,화
2022-08-09,6호선,불광,4065,3815,7880,250,8,9,화
2022-08-09,6호선,독바위,2467,2688,5155,-221,8,9,화
2022-08-09,6호선,연신내,1,0,1,1,8,9,화
2022-08-09,6호선,구산,6686,5492,12178,1194,8,9,화
2022-08-09,6호선,새절(신사),10959,10603,21562,356,8,9,화
2022-08-09,6호선,증산(명지대앞),8730,8944,17674,-214,8,9,화
2022-08-09,6호선,디지털미디어시티,13294,15494,28788,-2200,8,9,화
2022-08-09,6호선,월드컵경기장(성산),3598,3696,7294,-98,8,9,화
2022-08-09,6호선,마포구청,13371,12385,25756,986,8,9,화
2022-08-09,6호선,망원,11624,12423,24047,-799,8,9,화
2022-08-09,6호선,합정,11155,11081,22236,74,8,9,화
2022-08-09,6호선,상수,7703,8325,16028,-622,8,9,화
2022-08-09,6호선,광흥창(서강),8665,8438,17103,227,8,9,화
2022-08-09,6호선,대흥(서강대앞),7559,8058,15617,-499,8,9,화
2022-08-09,6호선,공덕,17594,17231,34825,363,8,9,화
2022-08-09,6호선,효창공원앞,6727,5991,12718,736,8,9,화
2022-08-09,6호선,삼각지,6634,5783,12417,851,8,9,화
2022-08-09,6호선,녹사평(용산구청),4214,3973,8187,241,8,9,화
2022-08-09,6호선,이태원,8289,8252,16541,37,8,9,화
2022-08-09,6호선,한강진,6788,7385,14173,-597,8,9,화
2022-08-09,6호선,버티고개,1920,1989,3909,-69,8,9,화
2022-08-09,6호선,약수,3244,3206,6450,38,8,9,화
2022-08-09,6호선,청구,3144,3250,6394,-106,8,9,화
2022-08-09,6호선,신당,6265,6052,12317,213,8,9,화
2022-08-09,6호선,동묘앞,5439,5829,11268,-390,8,9,화
2022-08-09,6호선,창신,3090,2604,5694,486,8,9,화
2022-08-09,6호선,보문,6437,5971,12408,466,8,9,화
2022-08-09,6호선,안암(고대병원앞),9304,9220,18524,84,8,9,화
2022-08-09,6호선,고려대(종암),7067,7004,14071,63,8,9,화
2022-08-09,6호선,월곡(동덕여대),10280,10310,20590,-30,8,9,화
2022-08-09,6호선,상월곡(한국과학기술연구원),5377,4994,10371,383,8,9,화
2022-08-09,6호선,돌곶이,8152,7882,16034,270,8,9,화
2022-08-09,6호선,석계,11593,11790,23383,-197,8,9,화
2022-08-09,6호선,태릉입구,4871,5322,10193,-451,8,9,화
2022-08-09,6호선,화랑대(서울여대입구),9847,8099,17946,1748,8,9,화
2022-08-09,6호선,봉화산(서울의료원),8090,7863,15953,227,8,9,화
2022-08-09,7호선,장암,2107,791,2898,1316,8,9,화
2022-08-09,7호선,도봉산,7889,8628,16517,-739,8,9,화
2022-08-09,7호선,수락산,11006,11435,22441,-429,8,9,화
2022-08-09,7호선,마들,11784,11783,23567,1,8,9,화
2022-08-09,7호선,노원,18285,18488,36773,-203,8,9,화
2022-08-09,7호선,중계,12937,12292,25229,645,8,9,화
2022-08-09,7호선,하계,16051,15688,31739,363,8,9,화
2022-08-09,7호선,공릉(서울과학기술대),10129,10411,20540,-282,8,9,화
2022-08-09,7호선,태릉입구,7479,7091,14570,388,8,9,화
2022-08-09,7호선,먹골,9054,9251,18305,-197,8,9,화
2022-08-09,7호선,중화,9660,9790,19450,-130,8,9,화
2022-08-09,7호선,상봉(시외버스터미널),14712,14086,28798,626,8,9,화
2022-08-09,7호선,면목,13316,13525,26841,-209,8,9,화
2022-08-09,7호선,사가정,14274,14456,28730,-182,8,9,화
2022-08-09,7호선,용마산(용마폭포공원),5393,5328,10721,65,8,9,화
2022-08-09,7호선,중곡,9728,9509,19237,219,8,9,화
2022-08-09,7호선,군자(능동),13632,11131,24763,2501,8,9,화
2022-08-09,7호선,어린이대공원(세종대),11285,11091,22376,194,8,9,화
2022-08-09,7호선,건대입구,11261,11752,23013,-491,8,9,화
2022-08-09,7호선,뚝섬유원지,6365,6311,12676,54,8,9,화
2022-08-09,7호선,청담,19594,21925,41519,-2331,8,9,화
2022-08-09,7호선,강남구청,15884,17476,33360,-1592,8,9,화
2022-08-09,7호선,학동,24177,24782,48959,-605,8,9,화
2022-08-09,7호선,논현,17047,18046,35093,-999,8,9,화
2022-08-09,7호선,반포,5658,5325,10983,333,8,9,화
2022-08-09,7호선,고속터미널,13574,11839,25413,1735,8,9,화
2022-08-09,7호선,내방,13438,13452,26890,-14,8,9,화
2022-08-09,7호선,이수,11628,11274,22902,354,8,9,화
2022-08-09,7호선,남성,9896,9400,19296,496,8,9,화
2022-08-09,7호선,숭실대입구(살피재),10097,10215,20312,-118,8,9,화
2022-08-09,7호선,상도,10493,9563,20056,930,8,9,화
2022-08-09,7호선,장승배기,9249,8192,17441,1057,8,9,화
2022-08-09,7호선,신대방삼거리,13082,12872,25954,210,8,9,화
2022-08-09,7호선,보라매,6655,6691,13346,-36,8,9,화
2022-08-09,7호선,신풍,10232,10004,20236,228,8,9,화
2022-08-09,7호선,대림(구로구청),7030,6953,13983,77,8,9,화
2022-08-09,7호선,남구로,14687,15294,29981,-607,8,9,화
2022-08-09,7호선,가산디지털단지,43169,41846,85015,1323,8,9,화
2022-08-09,7호선,철산,17898,18565,36463,-667,8,9,화
2022-08-09,7호선,광명사거리,17638,17765,35403,-127,8,9,화
2022-08-09,7호선,천왕,9767,9782,19549,-15,8,9,화
2022-08-09,7호선,온수(성공회대입구),8795,8221,17016,574,8,9,화
2022-08-09,8호선,암사,17045,15538,32583,1507,8,9,화
2022-08-09,8호선,천호(풍납토성),13194,14889,28083,-1695,8,9,화
2022-08-09,8호선,강동구청,9546,10109,19655,-563,8,9,화
2022-08-09,8호선,몽촌토성(평화의문),5612,5725,11337,-113,8,9,화
2022-08-09,8호선,잠실(송파구청),13751,15117,28868,-1366,8,9,화
2022-08-09,8호선,석촌,7429,8491,15920,-1062,8,9,화
2022-08-09,8호선,송파,8374,8667,17041,-293,8,9,화
2022-08-09,8호선,가락시장,6933,7338,14271,-405,8,9,화
2022-08-09,8호선,문정,21763,22347,44110,-584,8,9,화
2022-08-09,8호선,장지,15641,15046,30687,595,8,9,화
2022-08-09,8호선,복정,8199,7124,15323,1075,8,9,화
2022-08-09,8호선,산성,4489,4750,9239,-261,8,9,화
2022-08-09,8호선,남한산성입구(성남법원.검찰청),12269,11266,23535,1003,8,9,화
2022-08-09,8호선,단대오거리,9601,9367,18968,234,8,9,화
2022-08-09,8호선,신흥,3861,4334,8195,-473,8,9,화
2022-08-09,8호선,수진,4850,4652,9502,198,8,9,화
2022-08-09,8호선,모란,4179,3201,7380,978,8,9,화
2022-08-09,8호선,남위례,4838,5077,9915,-239,8,9,화
2022-08-09,9호선,개화,2506,1707,4213,799,8,9,화
2022-08-09,9호선,김포공항,6145,9019,15164,-2874,8,9,화
2022-08-09,9호선,공항시장,2613,2998,5611,-385,8,9,화
2022-08-09,9호선,신방화,5981,6160,12141,-179,8,9,화
2022-08-09,9호선,마곡나루(서울식물원),10891,10254,21145,637,8,9,화
2022-08-09,9호선,양천향교,9228,9442,18670,-214,8,9,화
2022-08-09,9호선,가양,18012,17732,35744,280,8,9,화
2022-08-09,9호선,증미,8028,7426,15454,602,8,9,화
2022-08-09,9호선,등촌,11429,11028,22457,401,8,9,화
2022-08-09,9호선,염창,15045,15276,30321,-231,8,9,화
2022-08-09,9호선,신목동,3793,3625,7418,168,8,9,화
2022-08-09,9호선,선유도,8604,8013,16617,591,8,9,화
2022-08-09,9호선,당산,15780,15285,31065,495,8,9,화
2022-08-09,9호선,국회의사당,16595,15305,31900,1290,8,9,화
2022-08-09,9호선,여의도,24270,16465,40735,7805,8,9,화
2022-08-09,9호선,샛강,5630,4961,10591,669,8,9,화
2022-08-09,9호선,노량진,21436,27894,49330,-6458,8,9,화
2022-08-09,9호선,노들,890,2070,2960,-1180,8,9,화
2022-08-09,9호선,흑석(중앙대입구),2436,3195,5631,-759,8,9,화
2022-08-09,9호선,동작(현충원),121,324,445,-203,8,9,화
2022-08-09,9호선,구반포,705,588,1293,117,8,9,화
2022-08-09,9호선,신반포,1267,1111,2378,156,8,9,화
2022-08-09,9호선,고속터미널,4372,5164,9536,-792,8,9,화
2022-08-09,9호선,사평,964,1702,2666,-738,8,9,화
2022-08-09,9호선,신논현,16758,17997,34755,-1239,8,9,화
2022-08-09,9호선2~3단계,언주,8925,6616,15541,2309,8,9,화
2022-08-09,9호선2~3단계,선정릉,6940,4775,11715,2165,8,9,화
2022-08-09,9호선2~3단계,삼성중앙,6347,5148,11495,1199,8,9,화
2022-08-09,9호선2~3단계,봉은사,13175,9135,22310,4040,8,9,화
2022-08-09,9호선2~3단계,종합운동장,3680,3337,7017,343,8,9,화
2022-08-09,9호선2~3단계,삼전,6193,6189,12382,4,8,9,화
2022-08-09,9호선2~3단계,석촌고분,5781,5669,11450,112,8,9,화
2022-08-09,9호선2~3단계,석촌,5875,5056,10931,819,8,9,화
2022-08-09,9호선2~3단계,송파나루,4513,4601,9114,-88,8,9,화
2022-08-09,9호선2~3단계,한성백제,2228,1993,4221,235,8,9,화
2022-08-09,9호선2~3단계,올림픽공원(한국체대),4266,4191,8457,75,8,9,화
2022-08-09,9호선2~3단계,둔촌오륜,804,770,1574,34,8,9,화
2022-08-09,9호선2~3단계,중앙보훈병원,8516,7613,16129,903,8,9,화
2022-08-09,경강선,판교,5012,5045,10057,-33,8,9,화
2022-08-09,경강선,이매,1050,963,2013,87,8,9,화
2022-08-09,경강선,삼동,3638,2620,6258,1018,8,9,화
2022-08-09,경강선,경기광주,8237,7170,15407,1067,8,9,화
2022-08-09,경강선,초월,3051,2916,5967,135,8,9,화
2022-08-09,경강선,곤지암,1741,1780,3521,-39,8,9,화
2022-08-09,경강선,신둔도예촌,1280,1253,2533,27,8,9,화
2022-08-09,경강선,이천,2193,2261,4454,-68,8,9,화
2022-08-09,경강선,부발,1726,1773,3499,-47,8,9,화
2022-08-09,경강선,세종대왕릉,284,251,535,33,8,9,화
2022-08-09,경강선,여주,1628,1588,3216,40,8,9,화
2022-08-09,경부선,서울역,6780,2175,8955,4605,8,9,화
2022-08-09,경부선,남영,7900,8183,16083,-283,8,9,화
2022-08-09,경부선,용산,33731,33495,67226,236,8,9,화
2022-08-09,경부선,노량진,8296,6932,15228,1364,8,9,화
2022-08-09,경부선,대방,9807,10796,20603,-989,8,9,화
2022-08-09,경부선,영등포,31566,31550,63116,16,8,9,화
2022-08-09,경부선,신도림,3105,3192,6297,-87,8,9,화
2022-08-09,경부선,신길,7893,6802,14695,1091,8,9,화
2022-08-09,경부선,구로,15998,15593,31591,405,8,9,화
2022-08-09,경부선,가산디지털단지,16333,18808,35141,-2475,8,9,화
2022-08-09,경부선,금천구청,9288,9523,18811,-235,8,9,화
2022-08-09,경부선,석수,7765,7087,14852,678,8,9,화
2022-08-09,경부선,관악,5915,5837,11752,78,8,9,화
2022-08-09,경부선,안양,17150,17237,34387,-87,8,9,화
2022-08-09,경부선,명학,8135,8029,16164,106,8,9,화
2022-08-09,경부선,금정,22911,23427,46338,-516,8,9,화
2022-08-09,경부선,군포,6800,6822,13622,-22,8,9,화
2022-08-09,경부선,의왕,7421,7561,14982,-140,8,9,화
2022-08-09,경부선,성균관대,11712,11969,23681,-257,8,9,화
2022-08-09,경부선,화서,6807,6557,13364,250,8,9,화
2022-08-09,경부선,수원,27885,29566,57451,-1681,8,9,화
2022-08-09,경부선,독산,16894,17435,34329,-541,8,9,화
2022-08-09,경부선,세류,2626,2458,5084,168,8,9,화
2022-08-09,경부선,병점,12322,11770,24092,552,8,9,화
2022-08-09,경부선,세마,2999,2639,5638,360,8,9,화
2022-08-09,경부선,오산대,3056,2867,5923,189,8,9,화
2022-08-09,경부선,오산,8140,8332,16472,-192,8,9,화
2022-08-09,경부선,진위,1583,1451,3034,132,8,9,화
2022-08-10,9호선,공항시장,3028,3259,6287,-231,8,10,수
2022-08-10,9호선,흑석(중앙대입구),10130,9427,19557,703,8,10,수
2022-08-10,9호선,구반포,1642,1350,2992,292,8,10,수
2022-08-10,9호선,신반포,3816,3571,7387,245,8,10,수
2022-08-10,9호선,고속터미널,12379,14900,27279,-2521,8,10,수
2022-08-10,9호선,사평,4101,3876,7977,225,8,10,수
2022-08-10,9호선,신논현,28216,27748,55964,468,8,10,수
2022-08-10,9호선2~3단계,언주,11218,11337,22555,-119,8,10,수
2022-08-10,경부선,용산,37667,38745,76412,-1078,8,10,수
2022-08-10,경부선,노량진,7888,7481,15369,407,8,10,수
2022-08-10,경부선,대방,11212,12076,23288,-864,8,10,수
2022-08-10,경부선,영등포,38761,39097,77858,-336,8,10,수
2022-08-10,경부선,신도림,3942,4013,7955,-71,8,10,수
2022-08-10,경부선,신길,9001,7727,16728,1274,8,10,수
2022-08-10,경부선,구로,18189,18596,36785,-407,8,10,수
2022-08-10,경부선,가산디지털단지,18294,20852,39146,-2558,8,10,수
2022-08-10,경부선,금천구청,10877,10968,21845,-91,8,10,수
2022-08-10,경부선,석수,8790,7942,16732,848,8,10,수
2022-08-10,경부선,관악,6807,6525,13332,282,8,10,수
2022-08-10,경부선,안양,20110,20030,40140,80,8,10,수
2022-08-10,경부선,명학,8722,8469,17191,253,8,10,수
2022-08-10,경부선,금정,25791,26097,51888,-306,8,10,수
2022-08-10,경부선,군포,7440,7327,14767,113,8,10,수
2022-08-10,경부선,의왕,8149,8158,16307,-9,8,10,수
2022-08-10,경부선,성균관대,13115,13086,26201,29,8,10,수
2022-08-10,경부선,화서,7515,7341,14856,174,8,10,수
2022-08-10,경부선,수원,31093,33047,64140,-1954,8,10,수
2022-08-10,경부선,독산,18170,18825,36995,-655,8,10,수
2022-08-10,경부선,세류,2841,2588,5429,253,8,10,수
2022-08-10,경부선,병점,12741,12572,25313,169,8,10,수
2022-08-10,경부선,세마,2690,2552,5242,138,8,10,수
2022-08-10,경부선,오산대,3176,2917,6093,259,8,10,수
2022-08-10,경부선,오산,8490,8652,17142,-162,8,10,수
2022-08-10,경부선,송탄,3995,3914,7909,81,8,10,수
2022-08-10,경부선,서정리,6269,5847,12116,422,8,10,수
2022-08-10,경부선,평택지제,3573,3486,7059,87,8,10,수
2022-08-10,경부선,평택,10022,10064,20086,-42,8,10,수
2022-08-10,경부선,성환,2867,2833,5700,34,8,10,수
2022-08-10,경부선,직산,736,741,1477,-5,8,10,수
2022-08-10,경부선,두정,4732,4693,9425,39,8,10,수
2022-08-10,경부선,천안,4247,4444,8691,-197,8,10,수
2022-08-10,경부선,당정,5887,5557,11444,330,8,10,수
2022-08-10,경부선,서동탄,1323,1147,2470,176,8,10,수
2022-08-10,경부선,광명,3417,2900,6317,517,8,10,수
2022-08-10,경원선,이촌(국립중앙박물관),5251,3722,8973,1529,8,10,수
2022-08-10,경원선,서빙고,3331,2316,5647,1015,8,10,수
2022-08-10,경원선,한남,4587,4301,8888,286,8,10,수
2022-08-10,경원선,옥수,54,44,98,10,8,10,수
2022-08-10,경원선,응봉,1870,1593,3463,277,8,10,수
2022-08-10,경원선,왕십리(성동구청),14874,16435,31309,-1561,8,10,수
2022-08-10,경원선,청량리(서울시립대입구),14808,15296,30104,-488,8,10,수
2022-08-10,경원선,외대앞,7288,7374,14662,-86,8,10,수
2022-08-10,경원선,신이문,8399,7860,16259,539,8,10,수
2022-08-10,경원선,석계,7620,8738,16358,-1118,8,10,수
2022-08-10,경원선,광운대,7089,6819,13908,270,8,10,수
2022-08-10,경원선,월계,6176,5851,12027,325,8,10,수
2022-08-10,경원선,녹천,4584,3798,8382,786,8,10,수
2022-08-10,경원선,방학,9520,9387,18907,133,8,10,수
2022-08-10,경원선,도봉,6121,5932,12053,189,8,10,수
2022-08-10,경원선,도봉산,6878,4396,11274,2482,8,10,수
2022-08-10,경원선,망월사,7404,7461,14865,-57,8,10,수
2022-08-10,경원선,회룡,12417,12214,24631,203,8,10,수
2022-08-10,경원선,의정부,17755,18481,36236,-726,8,10,수
2022-08-10,경원선,가능,6452,6182,12634,270,8,10,수
2022-08-10,경원선,녹양,4389,4170,8559,219,8,10,수
2022-08-10,경원선,양주,7017,6626,13643,391,8,10,수
2022-08-10,경원선,덕계,3168,2834,6002,334,8,10,수
2022-08-10,경원선,덕정,5017,4920,9937,97,8,10,수
2022-08-10,경원선,지행,6145,6102,12247,43,8,10,수
2022-08-10,경원선,동두천중앙,3148,3038,6186,110,8,10,수
2022-08-10,경원선,보산,1501,1404,2905,97,8,10,수
2022-08-10,경원선,동두천,2072,2310,4382,-238,8,10,수
2022-08-10,경원선,소요산,2736,2430,5166,306,8,10,수
2022-08-10,경의선,서울역,4580,5699,10279,-1119,8,10,수
2022-08-10,경의선,신촌,941,1211,2152,-270,8,10,수
2022-08-10,경의선,효창공원앞,3280,3705,6985,-425,8,10,수
2022-08-10,경의선,공덕,4066,3624,7690,442,8,10,수
2022-08-10,경의선,서강대,2145,2047,4192,98,8,10,수
2022-08-10,경의선,홍대입구,1755,2198,3953,-443,8,10,수
2022-08-10,경의선,가좌,5534,5334,10868,200,8,10,수
2022-08-10,경의선,디지털미디어시티,2620,2370,4990,250,8,10,수
2022-08-10,경의선,수색,2897,2972,5869,-75,8,10,수
2022-08-10,경의선,화전,1632,1468,3100,164,8,10,수
2022-08-10,경의선,강매,3229,2712,5941,517,8,10,수
2022-08-10,경의선,행신,7936,8059,15995,-123,8,10,수
2022-08-10,경의선,능곡,3742,3539,7281,203,8,10,수
2022-08-10,경의선,곡산,654,672,1326,-18,8,10,수
2022-08-10,경의선,백마,6949,6583,13532,366,8,10,수
2022-08-10,경의선,풍산,5334,4947,10281,387,8,10,수
2022-08-10,경의선,일산,9371,9105,18476,266,8,10,수
2022-08-10,경의선,탄현,7652,7395,15047,257,8,10,수
2022-08-10,경의선,야당,7891,7746,15637,145,8,10,수
2022-08-10,경의선,운정,6881,6400,13281,481,8,10,수
2022-08-10,경의선,금릉,4782,4662,9444,120,8,10,수
2022-08-10,경의선,금촌,6297,6265,12562,32,8,10,수
2022-08-10,경의선,월롱,2777,2569,5346,208,8,10,수
2022-08-10,경의선,파주,1052,730,1782,322,8,10,수
2022-08-10,경의선,문산,5055,5023,10078,32,8,10,수
2022-08-10,경의선,임진강,15,9,24,6,8,10,수
2022-08-10,경인선,개봉,20249,20082,40331,167,8,10,수
2022-08-10,경인선,오류동,11277,10621,21898,656,8,10,수
2022-08-10,경인선,역곡,25572,25590,51162,-18,8,10,수
2022-08-10,경인선,부천,30937,30899,61836,38,8,10,수
2022-08-10,경인선,송내,26148,26039,52187,109,8,10,수
2022-08-10,경인선,부평,27587,29811,57398,-2224,8,10,수
2022-08-10,경인선,백운,6603,6522,13125,81,8,10,수
2022-08-10,경인선,동암,15447,15186,30633,261,8,10,수
2022-08-10,경인선,주안,17622,15982,33604,1640,8,10,수
2022-08-10,경인선,제물포,9701,9217,18918,484,8,10,수
2022-08-10,경인선,동인천,13226,12696,25922,530,8,10,수
2022-08-10,경인선,인천,3567,2814,6381,753,8,10,수
2022-08-10,경인선,구일,8207,8273,16480,-66,8,10,수
2022-08-10,경인선,소사,7980,6956,14936,1024,8,10,수
2022-08-10,공항철도 1호선,홍대입구,10402,10840,21242,-438,8,10,수
2022-08-10,공항철도 1호선,디지털미디어시티,14486,13468,27954,1018,8,10,수
2022-08-10,공항철도 1호선,마곡나루(서울식물원),9379,8877,18256,502,8,10,수
2022-08-10,공항철도 1호선,김포공항,11157,6680,17837,4477,8,10,수
2022-08-10,과천선,과천,6381,6054,12435,327,8,10,수
2022-08-10,과천선,정부과천청사,10948,10982,21930,-34,8,10,수
2022-08-10,과천선,인덕원,22995,24005,47000,-1010,8,10,수
2022-08-10,과천선,평촌,17068,16942,34010,126,8,10,수
2022-08-10,과천선,범계,25205,25385,50590,-180,8,10,수
2022-08-10,분당선,선릉,14146,20622,34768,-6476,8,10,수
2022-08-10,분당선,한티,16088,17005,33093,-917,8,10,수
2022-08-10,분당선,도곡,7147,7088,14235,59,8,10,수
2022-08-10,분당선,구룡,1849,1763,3612,86,8,10,수
2022-08-10,분당선,개포동,3909,4043,7952,-134,8,10,수
2022-08-10,분당선,대모산입구,4454,4329,8783,125,8,10,수
2022-08-10,분당선,수서,13485,13760,27245,-275,8,10,수
2022-08-10,분당선,수원,7476,6389,13865,1087,8,10,수
2022-08-10,분당선,서울숲,10893,11204,22097,-311,8,10,수
2022-08-10,분당선,압구정로데오,18837,20681,39518,-1844,8,10,수
2022-08-10,분당선,강남구청,9532,10877,20409,-1345,8,10,수
2022-08-10,분당선,선정릉,8002,8657,16659,-655,8,10,수
2022-08-10,분당선,가천대,6425,7300,13725,-875,8,10,수
2022-08-10,분당선,태평,13479,12786,26265,693,8,10,수
2022-08-10,분당선,모란,18761,19565,38326,-804,8,10,수
2022-08-10,분당선,야탑,25983,27470,53453,-1487,8,10,수
2022-08-10,분당선,서현,24434,24770,49204,-336,8,10,수
2022-08-10,분당선,수내,13967,13842,27809,125,8,10,수
2022-08-10,분당선,정자,17788,18783,36571,-995,8,10,수
2022-08-10,분당선,미금,15274,16412,31686,-1138,8,10,수
2022-08-10,분당선,오리,11517,9420,20937,2097,8,10,수
2022-08-10,분당선,이매,5517,5411,10928,106,8,10,수
2022-08-10,분당선,보정,2388,2068,4456,320,8,10,수
2022-08-10,분당선,죽전,12412,13650,26062,-1238,8,10,수
2022-08-10,분당선,구성,4907,5195,10102,-288,8,10,수
2022-08-10,분당선,신갈,4496,4418,8914,78,8,10,수
2022-08-10,분당선,기흥,9863,9211,19074,652,8,10,수
2022-08-10,분당선,상갈,5094,5005,10099,89,8,10,수
2022-08-10,분당선,청명,4057,3876,7933,181,8,10,수
2022-08-10,분당선,영통,7965,8133,16098,-168,8,10,수
2022-08-10,분당선,망포,14228,13458,27686,770,8,10,수
2022-08-10,분당선,매탄권선,4895,4625,9520,270,8,10,수
2022-08-10,분당선,수원시청,12084,13144,25228,-1060,8,10,수
2022-08-10,분당선,매교,2891,2880,5771,11,8,10,수
2022-08-10,수인선,고색,4761,4345,9106,416,8,10,수
2022-08-10,수인선,오목천,2706,2567,5273,139,8,10,수
2022-08-10,수인선,어천,705,708,1413,-3,8,10,수
2022-08-10,수인선,야목,351,283,634,68,8,10,수
2022-08-10,수인선,사리,4461,3902,8363,559,8,10,수
2022-08-10,수인선,달월,105,81,186,24,8,10,수
2022-08-10,우이신설선,솔밭공원,2383,2287,4670,96,8,10,수
2022-08-10,우이신설선,4.19민주묘지,2732,2573,5305,159,8,10,수
2022-08-10,우이신설선,가오리,4111,4175,8286,-64,8,10,수
2022-08-10,우이신설선,화계,3287,3043,6330,244,8,10,수
2022-08-10,우이신설선,삼양,1947,2147,4094,-200,8,10,수
2022-08-10,우이신설선,삼양사거리,2426,2434,4860,-8,8,10,수
2022-08-10,우이신설선,솔샘,5572,5286,10858,286,8,10,수
2022-08-10,우이신설선,북한산보국문,5700,5404,11104,296,8,10,수
2022-08-10,우이신설선,성신여대입구(돈암),3198,3518,6716,-320,8,10,수
2022-08-10,우이신설선,보문,1446,1418,2864,28,8,10,수
2022-08-10,우이신설선,신설동,1998,1921,3919,77,8,10,수
2022-08-10,일산선,원흥,10821,10288,21109,533,8,10,수
2022-08-10,일산선,삼송,18988,18423,37411,565,8,10,수
2022-08-10,일산선,원당,10621,10202,20823,419,8,10,수
2022-08-10,일산선,화정,16480,16890,33370,-410,8,10,수
2022-08-10,일산선,대곡,2096,1723,3819,373,8,10,수
2022-08-10,일산선,백석,9571,9626,19197,-55,8,10,수
2022-08-10,일산선,마두,7891,8080,15971,-189,8,10,수
2022-08-10,일산선,정발산,7129,7153,14282,-24,8,10,수
2022-08-10,일산선,주엽,9336,9569,18905,-233,8,10,수
2022-08-10,일산선,대화,12662,10007,22669,2655,8,10,수
2022-08-10,장항선,봉명,1273,1254,2527,19,8,10,수
2022-08-10,장항선,쌍용(나사렛대),1684,1571,3255,113,8,10,수
2022-08-10,장항선,아산,2724,2496,5220,228,8,10,수
2022-08-10,장항선,탕정,755,667,1422,88,8,10,수
2022-08-10,장항선,배방,847,828,1675,19,8,10,수
2022-08-10,장항선,온양온천,2866,2927,5793,-61,8,10,수
2022-08-10,장항선,신창(순천향대),952,948,1900,4,8,10,수
2022-08-10,중앙선,회기,23557,22889,46446,668,8,10,수
2022-08-10,중앙선,중랑,5643,5405,11048,238,8,10,수
2022-08-10,중앙선,상봉(시외버스터미널),5574,5369,10943,205,8,10,수
2022-08-10,중앙선,망우,7590,7366,14956,224,8,10,수
2022-08-10,중앙선,양원,2809,2723,5532,86,8,10,수
2022-08-10,중앙선,구리,13056,13080,26136,-24,8,10,수
2022-08-10,중앙선,도농,10407,9512,19919,895,8,10,수
2022-08-10,중앙선,양정,685,583,1268,102,8,10,수
2022-08-10,중앙선,덕소,5367,5251,10618,116,8,10,수
2022-08-10,중앙선,도심,2279,1803,4082,476,8,10,수
2022-08-10,중앙선,팔당,859,859,1718,0,8,10,수
2022-08-10,중앙선,운길산,670,698,1368,-28,8,10,수
2022-08-10,중앙선,양수,1779,1732,3511,47,8,10,수
2022-08-10,중앙선,신원,163,169,332,-6,8,10,수
2022-08-10,중앙선,국수,607,622,1229,-15,8,10,수
2022-08-10,중앙선,아신,479,528,1007,-49,8,10,수
2022-08-10,중앙선,오빈,317,299,616,18,8,10,수
2022-08-10,중앙선,양평,2565,2523,5088,42,8,10,수
2022-08-10,중앙선,원덕,343,333,676,10,8,10,수
2022-08-10,중앙선,용문,2519,2597,5116,-78,8,10,수
2022-08-10,중앙선,지평,65,58,123,7,8,10,수
2022-08-10,8호선,석촌,7614,8597,16211,-983,8,10,수
2022-08-10,9호선,당산,20162,19702,39864,460,8,10,수
2022-08-10,9호선,국회의사당,18899,19355,38254,-456,8,10,수
2022-08-10,9호선,여의도,31183,29815,60998,1368,8,10,수
2022-08-10,9호선,샛강,7205,7182,14387,23,8,10,수
2022-08-10,9호선,노량진,25135,24550,49685,585,8,10,수
2022-08-10,9호선,노들,5417,4035,9452,1382,8,10,수
2022-08-10,9호선,동작(현충원),2261,1402,3663,859,8,10,수
2022-08-10,6호선,청구,3541,3551,7092,-10,8,10,수
2022-08-10,6호선,약수,3659,3635,7294,24,8,10,수
2022-08-10,6호선,신당,6561,6354,12915,207,8,10,수
2022-08-10,9호선,신방화,6861,6747,13608,114,8,10,수
2022-08-10,9호선,마곡나루(서울식물원),12669,12766,25435,-97,8,10,수
2022-08-10,공항철도 1호선,계양,11137,10394,21531,743,8,10,수
2022-08-10,공항철도 1호선,검암,6702,6550,13252,152,8,10,수
2022-08-10,공항철도 1호선,청라국제도시,6889,6508,13397,381,8,10,수
2022-08-10,9호선,양천향교,10206,10451,20657,-245,8,10,수
2022-08-10,9호선,가양,21821,21235,43056,586,8,10,수
2022-08-10,9호선,증미,8347,7906,16253,441,8,10,수
2022-08-10,9호선,등촌,12458,11952,24410,506,8,10,수
2022-08-10,9호선,염창,18338,17730,36068,608,8,10,수
2022-08-10,9호선,신목동,4374,3931,8305,443,8,10,수
2022-08-10,9호선,선유도,9196,8723,17919,473,8,10,수
2022-08-10,5호선,길동,8122,8397,16519,-275,8,10,수
2022-08-10,5호선,굽은다리(강동구민회관앞),9602,9259,18861,343,8,10,수
2022-08-10,5호선,명일,8411,8815,17226,-404,8,10,수
2022-08-10,5호선,고덕,9332,9625,18957,-293,8,10,수
2022-08-10,5호선,상일동,15000,13902,28902,1098,8,10,수
2022-08-10,5호선,둔촌동,8073,8090,16163,-17,8,10,수
2022-08-10,5호선,올림픽공원(한국체대),4085,3513,7598,572,8,10,수
2022-08-10,5호선,방이,7063,7447,14510,-384,8,10,수
2022-08-10,5호선,오금,3573,3603,7176,-30,8,10,수
2022-08-10,5호선,개롱,6347,6562,12909,-215,8,10,수
2022-08-10,5호선,거여,9760,9387,19147,373,8,10,수
2022-08-10,5호선,마천,6886,6695,13581,191,8,10,수
2022-08-10,5호선,강일,4441,4284,8725,157,8,10,수
2022-08-10,5호선,미사,16136,16481,32617,-345,8,10,수
2022-08-10,5호선,하남풍산,4089,4011,8100,78,8,10,수
2022-08-10,5호선,하남시청(덕풍·신장),6602,6350,12952,252,8,10,수
2022-08-10,5호선,하남검단산,5530,5351,10881,179,8,10,수
2022-08-10,6호선,응암,17204,17240,34444,-36,8,10,수
2022-08-10,6호선,역촌,3874,4405,8279,-531,8,10,수
2022-08-10,6호선,불광,4824,4638,9462,186,8,10,수
2022-08-10,6호선,독바위,2669,2862,5531,-193,8,10,수
2022-08-10,6호선,구산,7334,5786,13120,1548,8,10,수
2022-08-10,6호선,새절(신사),12172,11545,23717,627,8,10,수
2022-08-10,6호선,증산(명지대앞),9836,9917,19753,-81,8,10,수
2022-08-10,6호선,디지털미디어시티,14312,16070,30382,-1758,8,10,수
2022-08-10,6호선,월드컵경기장(성산),4797,4893,9690,-96,8,10,수
2022-08-10,6호선,마포구청,14355,13012,27367,1343,8,10,수
2022-08-10,6호선,망원,13915,14772,28687,-857,8,10,수
2022-08-10,6호선,합정,13005,13065,26070,-60,8,10,수
2022-08-10,6호선,상수,8634,9908,18542,-1274,8,10,수
2022-08-10,6호선,광흥창(서강),9622,9232,18854,390,8,10,수
2022-08-10,공항철도 1호선,운서,7500,7692,15192,-192,8,10,수
2022-08-10,공항철도 1호선,공항화물청사,2376,2540,4916,-164,8,10,수
2022-08-10,공항철도 1호선,인천공항1터미널,8372,8109,16481,263,8,10,수
2022-08-10,공항철도 1호선,인천공항2터미널,3618,3400,7018,218,8,10,수
2022-08-10,공항철도 1호선,영종,3310,3358,6668,-48,8,10,수
2022-08-10,과천선,선바위,7475,6482,13957,993,8,10,수
2022-08-10,과천선,경마공원,1572,1583,3155,-11,8,10,수
2022-08-10,과천선,대공원,2294,2415,4709,-121,8,10,수
2022-08-10,우이신설선,정릉,4450,4063,8513,387,8,10,수
2022-08-10,3호선,구파발,20233,19754,39987,479,8,10,수
2022-08-10,3호선,연신내,35033,33403,68436,1630,8,10,수
2022-08-10,3호선,불광,16139,17268,33407,-1129,8,10,수
2022-08-10,3호선,녹번,15132,13828,28960,1304,8,10,수
2022-08-10,3호선,홍제,16896,16057,32953,839,8,10,수
2022-08-10,3호선,무악재,3814,3814,7628,0,8,10,수
2022-08-10,3호선,독립문,6694,6829,13523,-135,8,10,수
2022-08-10,3호선,경복궁(정부서울청사),20365,20481,40846,-116,8,10,수
2022-08-10,3호선,안국,20342,20982,41324,-640,8,10,수
2022-08-10,3호선,종로3가,10619,12095,22714,-1476,8,10,수
2022-08-10,3호선,을지로3가,11139,11171,22310,-32,8,10,수
2022-08-10,3호선,동대입구,8144,8828,16972,-684,8,10,수
2022-08-10,3호선,약수,12627,12174,24801,453,8,10,수
2022-08-10,3호선,금호,7914,7324,15238,590,8,10,수
2022-08-10,3호선,옥수,8881,9331,18212,-450,8,10,수
2022-08-10,3호선,압구정,32371,34507,66878,-2136,8,10,수
2022-08-10,3호선,신사,27873,29007,56880,-1134,8,10,수
2022-08-10,3호선,잠원,4951,4806,9757,145,8,10,수
2022-08-10,3호선,고속터미널,38005,36689,74694,1316,8,10,수
2022-08-10,3호선,교대(법원.검찰청),14944,9614,24558,5330,8,10,수
2022-08-10,3호선,남부터미널(예술의전당),28763,29030,57793,-267,8,10,수
2022-08-10,3호선,양재(서초구청),36235,39473,75708,-3238,8,10,수
2022-08-10,3호선,매봉,12675,12201,24876,474,8,10,수
2022-08-10,3호선,도곡,5074,5085,10159,-11,8,10,수
2022-08-10,3호선,대치,11580,11259,22839,321,8,10,수
2022-08-10,3호선,학여울,1777,1769,3546,8,8,10,수
2022-08-10,3호선,대청,9886,9255,19141,631,8,10,수
2022-08-10,3호선,일원,10653,10228,20881,425,8,10,수
2022-08-10,3호선,수서,16782,16808,33590,-26,8,10,수
2022-08-10,3호선,가락시장,8872,8684,17556,188,8,10,수
2022-08-10,3호선,경찰병원,7452,7562,15014,-110,8,10,수
2022-08-10,3호선,오금,6044,5440,11484,604,8,10,수
2022-08-10,4호선,당고개,8521,7584,16105,937,8,10,수
2022-08-10,4호선,상계,18222,17131,35353,1091,8,10,수
2022-08-10,4호선,노원,18123,20507,38630,-2384,8,10,수
2022-08-10,4호선,창동,24971,26511,51482,-1540,8,10,수
2022-08-10,4호선,쌍문,27757,25950,53707,1807,8,10,수
2022-08-10,4호선,수유(강북구청),32062,32434,64496,-372,8,10,수
2022-08-10,4호선,미아(서울사이버대학),13997,13613,27610,384,8,10,수
2022-08-10,4호선,미아사거리,25947,25718,51665,229,8,10,수
2022-08-10,4호선,길음,20119,19597,39716,522,8,10,수
2022-08-10,4호선,성신여대입구(돈암),18914,18616,37530,298,8,10,수
2022-08-10,4호선,한성대입구(삼선교),12518,12102,24620,416,8,10,수
2022-08-10,4호선,혜화,34339,34477,68816,-138,8,10,수
2022-08-10,4호선,동대문,16223,16754,32977,-531,8,10,수
2022-08-10,4호선,동대문역사문화공원(DDP),14295,12276,26571,2019,8,10,수
2022-08-10,4호선,충무로,25862,26956,52818,-1094,8,10,수
2022-08-10,4호선,명동,20239,20974,41213,-735,8,10,수
2022-08-10,4호선,회현(남대문시장),19828,20580,40408,-752,8,10,수
2022-08-10,4호선,서울역,11612,17843,29455,-6231,8,10,수
2022-08-10,4호선,숙대입구(갈월),12776,12741,25517,35,8,10,수
2022-08-10,4호선,삼각지,5745,6441,12186,-696,8,10,수
2022-08-10,4호선,신용산,18741,19506,38247,-765,8,10,수
2022-08-10,공항철도 1호선,공덕,2572,3317,5889,-745,8,10,수
2022-08-10,공항철도 1호선,서울역,9030,8324,17354,706,8,10,수
2022-08-10,경춘선,춘천,1291,1185,2476,106,8,10,수
2022-08-10,경춘선,남춘천,2038,2249,4287,-211,8,10,수
2022-08-10,경춘선,김유정,271,298,569,-27,8,10,수
2022-08-10,경춘선,강촌,488,405,893,83,8,10,수
2022-08-10,경춘선,백양리,152,113,265,39,8,10,수
2022-08-10,경춘선,굴봉산,121,102,223,19,8,10,수
2022-08-10,경춘선,가평,2447,2087,4534,360,8,10,수
2022-08-10,경춘선,상천,239,224,463,15,8,10,수
2022-08-10,경춘선,청평,1837,1748,3585,89,8,10,수
2022-08-10,경춘선,대성리,733,772,1505,-39,8,10,수
2022-08-10,경춘선,마석,3570,3594,7164,-24,8,10,수
2022-08-10,경춘선,천마산,1527,1410,2937,117,8,10,수
2022-08-10,경춘선,평내호평,5952,5872,11824,80,8,10,수
2022-08-10,경춘선,금곡,1439,1388,2827,51,8,10,수
2022-08-10,경춘선,사릉,2229,2224,4453,5,8,10,수
2022-08-10,경춘선,퇴계원,3352,3022,6374,330,8,10,수
2022-08-10,경춘선,별내,3011,2824,5835,187,8,10,수
2022-08-10,경춘선,갈매,2859,2493,5352,366,8,10,수
2022-08-10,경춘선,신내,2121,1988,4109,133,8,10,수
2022-08-10,경인선,도화,3999,3747,7746,252,8,10,수
2022-08-10,경인선,중동,9036,8509,17545,527,8,10,수
2022-08-10,경인선,온수(성공회대입구),6158,5930,12088,228,8,10,수
2022-08-10,경인선,도원,2647,2701,5348,-54,8,10,수
2022-08-10,경인선,간석,5809,5403,11212,406,8,10,수
2022-08-10,경인선,부개,8427,7838,16265,589,8,10,수
2022-08-10,경부선,진위,1737,1466,3203,271,8,10,수
2022-08-10,수인선,월곶,2792,2544,5336,248,8,10,수
2022-08-10,수인선,소래포구,4624,4215,8839,409,8,10,수
2022-08-10,수인선,인천논현,5346,5555,10901,-209,8,10,수
2022-08-10,수인선,호구포,4050,4128,8178,-78,8,10,수
2022-08-10,수인선,남동인더스파크,2307,2542,4849,-235,8,10,수
2022-08-10,수인선,원인재,4076,4259,8335,-183,8,10,수
2022-08-10,수인선,연수,4385,4362,8747,23,8,10,수
2022-08-10,수인선,송도,2273,2113,4386,160,8,10,수
2022-08-10,수인선,인하대,5416,5264,10680,152,8,10,수
2022-08-10,수인선,숭의,3819,3523,7342,296,8,10,수
2022-08-10,수인선,신포,1606,1643,3249,-37,8,10,수
2022-08-10,수인선,인천,742,1315,2057,-573,8,10,수
2022-08-10,신림선,샛강,2282,2749,5031,-467,8,10,수
2022-08-10,신림선,대방,2070,1651,3721,419,8,10,수
2022-08-10,신림선,서울지방병무청,2181,2534,4715,-353,8,10,수
2022-08-10,신림선,보라매,2752,2542,5294,210,8,10,수
2022-08-10,신림선,보라매공원,1652,1770,3422,-118,8,10,수
2022-08-10,신림선,보라매병원,6700,6952,13652,-252,8,10,수
2022-08-10,신림선,당곡,3783,3659,7442,124,8,10,수
2022-08-10,신림선,신림,1587,2118,3705,-531,8,10,수
2022-08-10,신림선,서원,2842,2524,5366,318,8,10,수
2022-08-10,신림선,서울대벤처타운,6363,6623,12986,-260,8,10,수
2022-08-10,신림선,관악산(서울대),2225,2192,4417,33,8,10,수
2022-08-10,안산선,산본,15140,16445,31585,-1305,8,10,수
2022-08-10,안산선,대야미,4880,4297,9177,583,8,10,수
2022-08-10,안산선,반월,4096,3965,8061,131,8,10,수
2022-08-10,안산선,상록수,14644,14767,29411,-123,8,10,수
2022-08-10,안산선,한대앞,8315,8460,16775,-145,8,10,수
2022-08-10,안산선,중앙,16658,17483,34141,-825,8,10,수
2022-08-10,안산선,고잔,8494,8037,16531,457,8,10,수
2022-08-10,안산선,초지,4416,4513,8929,-97,8,10,수
2022-08-10,안산선,안산,11270,10221,21491,1049,8,10,수
2022-08-10,안산선,신길온천,1800,1612,3412,188,8,10,수
2022-08-10,안산선,정왕,7280,7694,14974,-414,8,10,수
2022-08-10,안산선,오이도,7788,7675,15463,113,8,10,수
2022-08-10,안산선,수리산,3929,3195,7124,734,8,10,수
2022-08-10,우이신설선,북한산우이,2646,2385,5031,261,8,10,수
2022-08-10,2호선,을지로3가,24378,24425,48803,-47,8,10,수
2022-08-10,1호선,서울역,45329,44310,89639,1019,8,10,수
2022-08-10,1호선,시청,23373,24044,47417,-671,8,10,수
2022-08-10,1호선,종각,37574,36483,74057,1091,8,10,수
2022-08-10,1호선,종로3가,25336,23458,48794,1878,8,10,수
2022-08-10,1호선,종로5가,22845,22667,45512,178,8,10,수
2022-08-10,1호선,동대문,8616,7880,16496,736,8,10,수
2022-08-10,1호선,신설동,13121,12741,25862,380,8,10,수
2022-08-10,1호선,제기동,16171,16622,32793,-451,8,10,수
2022-08-10,1호선,청량리(서울시립대입구),19103,19128,38231,-25,8,10,수
2022-08-10,1호선,동묘앞,6744,7081,13825,-337,8,10,수
2022-08-10,2호선,시청,24223,23510,47733,713,8,10,수
2022-08-10,2호선,을지로입구,42914,43938,86852,-1024,8,10,수
2022-08-10,2호선,을지로4가,13971,13668,27639,303,8,10,수
2022-08-10,2호선,동대문역사문화공원(DDP),10894,12030,22924,-1136,8,10,수
2022-08-10,2호선,신당,13621,13889,27510,-268,8,10,수
2022-08-10,2호선,상왕십리,14040,13727,27767,313,8,10,수
2022-08-10,2호선,왕십리(성동구청),15559,13440,28999,2119,8,10,수
2022-08-10,2호선,한양대,7359,7732,15091,-373,8,10,수
2022-08-10,2호선,뚝섬,22510,24329,46839,-1819,8,10,수
2022-08-10,2호선,성수,38583,41330,79913,-2747,8,10,수
2022-08-10,2호선,건대입구,33623,35711,69334,-2088,8,10,수
2022-08-10,2호선,구의(광진구청),23408,23448,46856,-40,8,10,수
2022-08-10,2호선,강변(동서울터미널),29392,27904,57296,1488,8,10,수
2022-08-10,2호선,잠실나루,15071,14947,30018,124,8,10,수
2022-08-10,2호선,잠실(송파구청),70661,70356,141017,305,8,10,수
2022-08-10,2호선,잠실새내,22376,22040,44416,336,8,10,수
2022-08-10,2호선,종합운동장,15728,25104,40832,-9376,8,10,수
2022-08-10,2호선,삼성(무역센터),53308,53657,106965,-349,8,10,수
2022-08-10,2호선,선릉,58049,51588,109637,6461,8,10,수
2022-08-10,2호선,역삼,53279,59551,112830,-6272,8,10,수
2022-08-10,2호선,강남,76161,72739,148900,3422,8,10,수
2022-08-10,2호선,교대(법원.검찰청),34671,38552,73223,-3881,8,10,수
2022-08-10,2호선,서초,21517,20724,42241,793,8,10,수
2022-08-10,2호선,방배,16126,16721,32847,-595,8,10,수
2022-08-10,2호선,사당,36093,38637,74730,-2544,8,10,수
2022-08-10,2호선,낙성대(강감찬),26796,25790,52586,1006,8,10,수
2022-08-10,2호선,서울대입구(관악구청),44808,44388,89196,420,8,10,수
2022-08-10,2호선,봉천,24037,22737,46774,1300,8,10,수
2022-08-10,2호선,신림,56903,55202,112105,1701,8,10,수
2022-08-10,2호선,신대방,24557,24253,48810,304,8,10,수
2022-08-10,2호선,구로디지털단지,57810,58036,115846,-226,8,10,수
2022-08-10,2호선,대림(구로구청),23765,24068,47833,-303,8,10,수
2022-08-10,2호선,신도림,47793,47005,94798,788,8,10,수
2022-08-10,2호선,문래,22197,22707,44904,-510,8,10,수
2022-08-10,2호선,영등포구청,22616,23253,45869,-637,8,10,수
2022-08-10,9호선2~3단계,선정릉,10376,11090,21466,-714,8,10,수
2022-08-10,9호선2~3단계,삼성중앙,7467,7805,15272,-338,8,10,수
2022-08-10,9호선2~3단계,봉은사,18074,18140,36214,-66,8,10,수
2022-08-10,9호선2~3단계,종합운동장,14335,6062,20397,8273,8,10,수
2022-08-10,9호선2~3단계,삼전,7062,6859,13921,203,8,10,수
2022-08-10,9호선2~3단계,석촌고분,6293,6251,12544,42,8,10,수
2022-08-10,9호선2~3단계,석촌,8517,7508,16025,1009,8,10,수
2022-08-10,9호선2~3단계,송파나루,5215,5627,10842,-412,8,10,수
2022-08-10,9호선2~3단계,한성백제,2769,2348,5117,421,8,10,수
2022-08-10,9호선2~3단계,올림픽공원(한국체대),5968,5888,11856,80,8,10,수
2022-08-10,9호선2~3단계,둔촌오륜,908,898,1806,10,8,10,수
2022-08-10,9호선2~3단계,중앙보훈병원,10792,9711,20503,1081,8,10,수
2022-08-10,경강선,판교,4937,5004,9941,-67,8,10,수
2022-08-10,경강선,이매,1116,918,2034,198,8,10,수
2022-08-10,경강선,삼동,2768,2419,5187,349,8,10,수
2022-08-10,경강선,경기광주,8083,7332,15415,751,8,10,수
2022-08-10,경강선,초월,3098,2935,6033,163,8,10,수
2022-08-10,경강선,곤지암,1997,1937,3934,60,8,10,수
2022-08-10,경강선,신둔도예촌,1340,1270,2610,70,8,10,수
2022-08-10,경강선,이천,2505,2568,5073,-63,8,10,수
2022-08-10,경강선,부발,1916,1846,3762,70,8,10,수
2022-08-10,경강선,세종대왕릉,348,337,685,11,8,10,수
2022-08-10,경강선,여주,1966,1978,3944,-12,8,10,수
2022-08-10,경부선,서울역,6944,2327,9271,4617,8,10,수
2022-08-10,경부선,남영,9097,9484,18581,-387,8,10,수
2022-08-10,2호선,당산,18091,21156,39247,-3065,8,10,수
2022-08-10,2호선,합정,30942,33421,64363,-2479,8,10,수
2022-08-10,2호선,홍대입구,56675,60821,117496,-4146,8,10,수
2022-08-10,2호선,신촌,34617,35485,70102,-868,8,10,수
2022-08-10,2호선,이대,12942,13982,26924,-1040,8,10,수
2022-08-10,2호선,아현,10284,9658,19942,626,8,10,수
2022-08-10,2호선,충정로(경기대입구),10409,10948,21357,-539,8,10,수
2022-08-10,2호선,용답,2701,2671,5372,30,8,10,수
2022-08-10,2호선,신답,1703,1932,3635,-229,8,10,수
2022-08-10,2호선,신설동,3146,3163,6309,-17,8,10,수
2022-08-10,2호선,도림천,1339,1389,2728,-50,8,10,수
2022-08-10,2호선,양천구청,6815,7027,13842,-212,8,10,수
2022-08-10,2호선,신정네거리,10200,10583,20783,-383,8,10,수
2022-08-10,2호선,용두(동대문구청),2443,2486,4929,-43,8,10,수
2022-08-10,3호선,지축,5128,4874,10002,254,8,10,수
2022-08-10,5호선,영등포시장,10712,10625,21337,87,8,10,수
2022-08-10,5호선,신길,4362,4719,9081,-357,8,10,수
2022-08-10,5호선,여의도,31207,33055,64262,-1848,8,10,수
2022-08-10,5호선,여의나루,10087,11538,21625,-1451,8,10,수
2022-08-10,5호선,마포,15411,15585,30996,-174,8,10,수
2022-08-10,5호선,공덕,14927,15697,30624,-770,8,10,수
2022-08-10,5호선,애오개,6933,7003,13936,-70,8,10,수
2022-08-10,5호선,영등포구청,4416,4335,8751,81,8,10,수
2022-08-10,5호선,양평,7617,7609,15226,8,8,10,수
2022-08-10,5호선,오목교(목동운동장앞),22561,24086,46647,-1525,8,10,수
2022-08-10,5호선,목동,17054,18372,35426,-1318,8,10,수
2022-08-10,5호선,신정(은행정),13816,11272,25088,2544,8,10,수
2022-08-10,5호선,까치산,28638,27432,56070,1206,8,10,수
2022-08-10,5호선,화곡,28475,26658,55133,1817,8,10,수
2022-08-10,5호선,우장산,14329,14391,28720,-62,8,10,수
2022-08-10,5호선,발산,21643,22470,44113,-827,8,10,수
2022-08-10,5호선,마곡,10970,11034,22004,-64,8,10,수
2022-08-10,5호선,송정,6523,6070,12593,453,8,10,수
2022-08-10,5호선,김포공항,7879,7804,15683,75,8,10,수
2022-08-10,5호선,개화산,5766,5453,11219,313,8,10,수
2022-08-10,5호선,방화,6810,6554,13364,256,8,10,수
2022-08-10,4호선,남태령,1129,1015,2144,114,8,10,수
2022-08-10,4호선,사당,22964,19150,42114,3814,8,10,수
2022-08-10,4호선,총신대입구(이수),18178,19838,38016,-1660,8,10,수
2022-08-10,4호선,동작(현충원),1468,1400,2868,68,8,10,수
2022-08-10,4호선,이촌(국립중앙박물관),11408,11185,22593,223,8,10,수
2022-08-10,5호선,충정로(경기대입구),4934,4943,9877,-9,8,10,수
2022-08-10,5호선,서대문,19820,20136,39956,-316,8,10,수
2022-08-10,5호선,광화문(세종문화회관),33581,35235,68816,-1654,8,10,수
2022-08-10,5호선,종로3가,12832,12687,25519,145,8,10,수
2022-08-10,5호선,을지로4가,6331,6540,12871,-209,8,10,수
2022-08-10,5호선,동대문역사문화공원(DDP),3026,3393,6419,-367,8,10,수
2022-08-10,5호선,청구,3767,3503,7270,264,8,10,수
2022-08-10,5호선,신금호,6318,6466,12784,-148,8,10,수
2022-08-10,5호선,행당,8203,7393,15596,810,8,10,수
2022-08-10,5호선,왕십리(성동구청),4416,5080,9496,-664,8,10,수
2022-08-10,5호선,마장,5564,5067,10631,497,8,10,수
2022-08-10,5호선,답십리,15951,14612,30563,1339,8,10,수
2022-08-10,5호선,장한평,18394,18425,36819,-31,8,10,수
2022-08-10,5호선,군자(능동),11039,12241,23280,-1202,8,10,수
2022-08-10,5호선,아차산(어린이대공원후문),13564,13139,26703,425,8,10,수
2022-08-10,5호선,광나루(장신대),12453,11553,24006,900,8,10,수
2022-08-10,5호선,천호(풍납토성),18483,18164,36647,319,8,10,수
2022-08-10,5호선,강동,18257,17768,36025,489,8,10,수
2022-08-10,6호선,대흥(서강대앞),8321,8846,17167,-525,8,10,수
2022-08-10,6호선,공덕,19414,19122,38536,292,8,10,수
2022-08-10,6호선,효창공원앞,7790,6825,14615,965,8,10,수
2022-08-10,6호선,삼각지,8138,7071,15209,1067,8,10,수
2022-08-10,6호선,녹사평(용산구청),6270,4954,11224,1316,8,10,수
2022-08-10,6호선,이태원,11396,11293,22689,103,8,10,수
2022-08-10,6호선,한강진,8109,9065,17174,-956,8,10,수
2022-08-10,6호선,버티고개,2152,2198,4350,-46,8,10,수
2022-08-10,6호선,동묘앞,6602,6875,13477,-273,8,10,수
2022-08-10,6호선,창신,3295,2583,5878,712,8,10,수
2022-08-10,6호선,보문,7023,6452,13475,571,8,10,수
2022-08-10,6호선,안암(고대병원앞),10456,10610,21066,-154,8,10,수
2022-08-10,6호선,고려대(종암),7703,7463,15166,240,8,10,수
2022-08-10,6호선,월곡(동덕여대),11448,11402,22850,46,8,10,수
2022-08-10,6호선,상월곡(한국과학기술연구원),5944,5242,11186,702,8,10,수
2022-08-10,6호선,돌곶이,9132,8652,17784,480,8,10,수
2022-08-10,6호선,석계,12257,12471,24728,-214,8,10,수
2022-08-10,6호선,태릉입구,5484,5812,11296,-328,8,10,수
2022-08-10,6호선,화랑대(서울여대입구),11005,8551,19556,2454,8,10,수
2022-08-10,6호선,봉화산(서울의료원),8733,8212,16945,521,8,10,수
2022-08-10,7호선,장암,2280,896,3176,1384,8,10,수
2022-08-10,7호선,도봉산,8722,9825,18547,-1103,8,10,수
2022-08-10,7호선,수락산,12527,12382,24909,145,8,10,수
2022-08-10,7호선,마들,13044,12355,25399,689,8,10,수
2022-08-10,7호선,노원,20019,21050,41069,-1031,8,10,수
2022-08-10,7호선,중계,13871,12628,26499,1243,8,10,수
2022-08-10,7호선,하계,17859,16880,34739,979,8,10,수
2022-08-10,7호선,공릉(서울과학기술대),11189,11281,22470,-92,8,10,수
2022-08-10,7호선,태릉입구,8367,7817,16184,550,8,10,수
2022-08-10,7호선,먹골,10187,10106,20293,81,8,10,수
2022-08-10,7호선,중화,10403,10165,20568,238,8,10,수
2022-08-10,7호선,상봉(시외버스터미널),16299,15936,32235,363,8,10,수
2022-08-10,7호선,면목,14637,14387,29024,250,8,10,수
2022-08-10,7호선,사가정,15467,15565,31032,-98,8,10,수
2022-08-10,7호선,용마산(용마폭포공원),5904,5705,11609,199,8,10,수
2022-08-10,7호선,중곡,10735,10240,20975,495,8,10,수
2022-08-10,7호선,군자(능동),15005,12073,27078,2932,8,10,수
2022-08-10,7호선,어린이대공원(세종대),13213,13298,26511,-85,8,10,수
2022-08-10,7호선,건대입구,12337,12987,25324,-650,8,10,수
2022-08-10,7호선,뚝섬유원지,7666,7396,15062,270,8,10,수
2022-08-10,7호선,청담,20371,22326,42697,-1955,8,10,수
2022-08-10,7호선,강남구청,16464,18300,34764,-1836,8,10,수
2022-08-10,7호선,학동,24786,26204,50990,-1418,8,10,수
2022-08-10,7호선,논현,18541,19502,38043,-961,8,10,수
2022-08-10,7호선,반포,6184,5747,11931,437,8,10,수
2022-08-10,7호선,고속터미널,14908,12842,27750,2066,8,10,수
2022-08-10,7호선,내방,15152,15322,30474,-170,8,10,수
2022-08-10,7호선,이수,14736,14013,28749,723,8,10,수
2022-08-10,7호선,남성,11220,10408,21628,812,8,10,수
2022-08-10,7호선,숭실대입구(살피재),11840,11771,23611,69,8,10,수
2022-08-10,7호선,상도,11168,10543,21711,625,8,10,수
2022-08-10,7호선,장승배기,9327,9110,18437,217,8,10,수
2022-08-10,7호선,신대방삼거리,14926,14302,29228,624,8,10,수
2022-08-10,7호선,보라매,7520,7565,15085,-45,8,10,수
2022-08-10,7호선,신풍,11738,11079,22817,659,8,10,수
2022-08-10,7호선,대림(구로구청),8114,8095,16209,19,8,10,수
2022-08-10,7호선,남구로,15583,16214,31797,-631,8,10,수
2022-08-10,7호선,가산디지털단지,44555,44456,89011,99,8,10,수
2022-08-10,7호선,철산,20288,20859,41147,-571,8,10,수
2022-08-10,7호선,광명사거리,20866,20761,41627,105,8,10,수
2022-08-10,7호선,천왕,11084,10638,21722,446,8,10,수
2022-08-10,7호선,온수(성공회대입구),9597,8809,18406,788,8,10,수
2022-08-10,8호선,암사,18824,16480,35304,2344,8,10,수
2022-08-10,8호선,천호(풍납토성),14296,16596,30892,-2300,8,10,수
2022-08-10,8호선,강동구청,10043,10613,20656,-570,8,10,수
2022-08-10,8호선,몽촌토성(평화의문),6163,6225,12388,-62,8,10,수
2022-08-10,8호선,잠실(송파구청),14773,16929,31702,-2156,8,10,수
2022-08-10,8호선,송파,8355,8455,16810,-100,8,10,수
2022-08-10,8호선,가락시장,7501,8264,15765,-763,8,10,수
2022-08-10,8호선,문정,22111,23421,45532,-1310,8,10,수
2022-08-10,8호선,장지,16979,16467,33446,512,8,10,수
2022-08-10,8호선,복정,8795,7456,16251,1339,8,10,수
2022-08-10,8호선,산성,4905,4938,9843,-33,8,10,수
2022-08-10,8호선,남한산성입구(성남법원.검찰청),13349,11969,25318,1380,8,10,수
2022-08-10,8호선,단대오거리,10441,10137,20578,304,8,10,수
2022-08-10,8호선,신흥,4210,4571,8781,-361,8,10,수
2022-08-10,8호선,수진,5244,4839,10083,405,8,10,수
2022-08-10,8호선,모란,4351,3535,7886,816,8,10,수
2022-08-10,8호선,남위례,5330,5510,10840,-180,8,10,수
2022-08-10,9호선,개화,2780,1940,4720,840,8,10,수
2022-08-10,9호선,김포공항,7100,11076,18176,-3976,8,10,수
2022-08-11,수인선,야목,349,278,627,71,8,11,목
2022-08-11,수인선,사리,4485,4020,8505,465,8,11,목
2022-08-11,수인선,달월,93,60,153,33,8,11,목
2022-08-11,수인선,월곶,2653,2459,5112,194,8,11,목
2022-08-11,수인선,소래포구,4352,3931,8283,421,8,11,목
2022-08-11,경원선,석계,7692,8631,16323,-939,8,11,목
2022-08-11,수인선,인천논현,5031,5352,10383,-321,8,11,목
2022-08-11,수인선,호구포,3937,4122,8059,-185,8,11,목
2022-08-11,수인선,남동인더스파크,2320,2537,4857,-217,8,11,목
2022-08-11,수인선,원인재,4003,4080,8083,-77,8,11,목
2022-08-11,수인선,연수,4147,4269,8416,-122,8,11,목
2022-08-11,수인선,송도,2110,1985,4095,125,8,11,목
2022-08-11,수인선,인하대,5478,5195,10673,283,8,11,목
2022-08-11,수인선,숭의,3723,3445,7168,278,8,11,목
2022-08-11,수인선,신포,1570,1651,3221,-81,8,11,목
2022-08-11,수인선,인천,849,1311,2160,-462,8,11,목
2022-08-11,신림선,샛강,2231,2628,4859,-397,8,11,목
2022-08-11,신림선,대방,2126,1637,3763,489,8,11,목
2022-08-11,신림선,서울지방병무청,2205,2439,4644,-234,8,11,목
2022-08-11,신림선,보라매,2556,2394,4950,162,8,11,목
2022-08-11,신림선,보라매공원,1589,1725,3314,-136,8,11,목
2022-08-11,신림선,보라매병원,6801,7147,13948,-346,8,11,목
2022-08-11,5호선,여의나루,9828,11490,21318,-1662,8,11,목
2022-08-11,신림선,당곡,3671,3577,7248,94,8,11,목
2022-08-11,신림선,신림,1475,2059,3534,-584,8,11,목
2022-08-11,신림선,서원,2690,2314,5004,376,8,11,목
2022-08-11,신림선,서울대벤처타운,6358,6469,12827,-111,8,11,목
2022-08-11,신림선,관악산(서울대),2052,1912,3964,140,8,11,목
2022-08-11,안산선,대야미,4631,4558,9189,73,8,11,목
2022-08-11,안산선,반월,3838,3760,7598,78,8,11,목
2022-08-11,안산선,상록수,14390,14845,29235,-455,8,11,목
2022-08-11,안산선,한대앞,8322,8312,16634,10,8,11,목
2022-08-11,안산선,중앙,16462,17127,33589,-665,8,11,목
2022-08-11,안산선,고잔,8488,7925,16413,563,8,11,목
2022-08-11,3호선,양재(서초구청),37109,40298,77407,-3189,8,11,목
2022-08-11,3호선,매봉,12610,12217,24827,393,8,11,목
2022-08-11,3호선,도곡,5177,5214,10391,-37,8,11,목
2022-08-11,3호선,대치,11823,11601,23424,222,8,11,목
2022-08-11,3호선,학여울,1753,1818,3571,-65,8,11,목
2022-08-11,3호선,대청,9619,9034,18653,585,8,11,목
2022-08-11,3호선,일원,10658,10297,20955,361,8,11,목
2022-08-11,3호선,수서,16471,16869,33340,-398,8,11,목
2022-08-11,3호선,가락시장,8656,8581,17237,75,8,11,목
2022-08-11,9호선,노들,4586,3844,8430,742,8,11,목
2022-08-11,3호선,경찰병원,7237,7330,14567,-93,8,11,목
2022-08-11,3호선,오금,6169,5463,11632,706,8,11,목
2022-08-11,안산선,초지,4452,4472,8924,-20,8,11,목
2022-08-11,안산선,안산,11004,9934,20938,1070,8,11,목
2022-08-11,안산선,신길온천,1695,1548,3243,147,8,11,목
2022-08-11,안산선,정왕,7003,7418,14421,-415,8,11,목
2022-08-11,안산선,오이도,7690,7491,15181,199,8,11,목
2022-08-11,안산선,수리산,3813,3158,6971,655,8,11,목
2022-08-11,우이신설선,북한산우이,2411,2181,4592,230,8,11,목
2022-08-11,우이신설선,솔밭공원,2331,2241,4572,90,8,11,목
2022-08-11,우이신설선,4.19민주묘지,2734,2619,5353,115,8,11,목
2022-08-11,우이신설선,가오리,4106,4097,8203,9,8,11,목
2022-08-11,우이신설선,화계,3299,2984,6283,315,8,11,목
2022-08-11,우이신설선,삼양,1877,2018,3895,-141,8,11,목
2022-08-11,우이신설선,삼양사거리,2331,2358,4689,-27,8,11,목
2022-08-11,우이신설선,솔샘,5657,5337,10994,320,8,11,목
2022-08-11,우이신설선,북한산보국문,5515,5237,10752,278,8,11,목
2022-08-11,우이신설선,정릉,4334,3932,8266,402,8,11,목
2022-08-11,우이신설선,성신여대입구(돈암),3177,3488,6665,-311,8,11,목
2022-08-11,우이신설선,보문,1387,1367,2754,20,8,11,목
2022-08-11,우이신설선,신설동,1987,1815,3802,172,8,11,목
2022-08-11,일산선,원흥,10865,10309,21174,556,8,11,목
2022-08-11,일산선,삼송,18923,18392,37315,531,8,11,목
2022-08-11,일산선,원당,10622,10003,20625,619,8,11,목
2022-08-11,일산선,화정,16248,16449,32697,-201,8,11,목
2022-08-11,일산선,대곡,2101,1643,3744,458,8,11,목
2022-08-11,일산선,백석,9977,9799,19776,178,8,11,목
2022-08-11,일산선,마두,7564,7714,15278,-150,8,11,목
2022-08-11,일산선,정발산,6848,7149,13997,-301,8,11,목
2022-08-11,일산선,주엽,9178,9400,18578,-222,8,11,목
2022-08-11,일산선,대화,12904,10308,23212,2596,8,11,목
2022-08-11,장항선,봉명,1292,1177,2469,115,8,11,목
2022-08-11,장항선,쌍용(나사렛대),1735,1645,3380,90,8,11,목
2022-08-11,장항선,아산,2719,2506,5225,213,8,11,목
2022-08-11,장항선,탕정,750,711,1461,39,8,11,목
2022-08-11,장항선,배방,856,854,1710,2,8,11,목
2022-08-11,장항선,온양온천,2934,3005,5939,-71,8,11,목
2022-08-11,장항선,신창(순천향대),1059,966,2025,93,8,11,목
2022-08-11,중앙선,회기,23341,22678,46019,663,8,11,목
2022-08-11,중앙선,중랑,5425,5079,10504,346,8,11,목
2022-08-11,중앙선,상봉(시외버스터미널),5484,5326,10810,158,8,11,목
2022-08-11,중앙선,망우,7542,7344,14886,198,8,11,목
2022-08-11,중앙선,양원,2756,2577,5333,179,8,11,목
2022-08-11,중앙선,구리,12843,13044,25887,-201,8,11,목
2022-08-11,중앙선,도농,10481,9390,19871,1091,8,11,목
2022-08-11,중앙선,양정,636,560,1196,76,8,11,목
2022-08-11,중앙선,덕소,5260,5195,10455,65,8,11,목
2022-08-11,중앙선,도심,2270,1770,4040,500,8,11,목
2022-08-11,중앙선,팔당,794,848,1642,-54,8,11,목
2022-08-11,중앙선,운길산,603,538,1141,65,8,11,목
2022-08-11,중앙선,양수,1663,1661,3324,2,8,11,목
2022-08-11,중앙선,신원,163,160,323,3,8,11,목
2022-08-11,중앙선,국수,557,522,1079,35,8,11,목
2022-08-11,중앙선,아신,528,500,1028,28,8,11,목
2022-08-11,중앙선,오빈,293,279,572,14,8,11,목
2022-08-11,중앙선,양평,2465,2396,4861,69,8,11,목
2022-08-11,중앙선,원덕,302,301,603,1,8,11,목
2022-08-11,중앙선,용문,1553,1639,3192,-86,8,11,목
2022-08-11,중앙선,지평,63,70,133,-7,8,11,목
2022-08-11,4호선,당고개,8296,7534,15830,762,8,11,목
2022-08-11,4호선,동대문역사문화공원(DDP),14321,12495,26816,1826,8,11,목
2022-08-11,4호선,충무로,25288,26608,51896,-1320,8,11,목
2022-08-11,3호선,홍제,16725,15585,32310,1140,8,11,목
2022-08-11,3호선,무악재,3759,3783,7542,-24,8,11,목
2022-08-11,3호선,독립문,6580,6617,13197,-37,8,11,목
2022-08-11,3호선,경복궁(정부서울청사),19585,20111,39696,-526,8,11,목
2022-08-11,3호선,안국,19946,20961,40907,-1015,8,11,목
2022-08-11,3호선,종로3가,10385,12021,22406,-1636,8,11,목
2022-08-11,3호선,을지로3가,10772,11128,21900,-356,8,11,목
2022-08-11,3호선,동대입구,7902,8455,16357,-553,8,11,목
2022-08-11,3호선,약수,12324,12002,24326,322,8,11,목
2022-08-11,4호선,명동,19508,20367,39875,-859,8,11,목
2022-08-11,4호선,회현(남대문시장),18669,19576,38245,-907,8,11,목
2022-08-11,4호선,서울역,11593,18174,29767,-6581,8,11,목
2022-08-11,4호선,숙대입구(갈월),12611,12420,25031,191,8,11,목
2022-08-11,4호선,삼각지,5306,6053,11359,-747,8,11,목
2022-08-11,4호선,신용산,18421,19897,38318,-1476,8,11,목
2022-08-11,4호선,이촌(국립중앙박물관),9391,9879,19270,-488,8,11,목
2022-08-11,4호선,동작(현충원),1206,1262,2468,-56,8,11,목
2022-08-11,4호선,총신대입구(이수),17876,19176,37052,-1300,8,11,목
2022-08-11,4호선,사당,24224,19840,44064,4384,8,11,목
2022-08-11,4호선,남태령,1263,1119,2382,144,8,11,목
2022-08-11,5호선,방화,6650,6323,12973,327,8,11,목
2022-08-11,5호선,개화산,5576,5272,10848,304,8,11,목
2022-08-11,5호선,김포공항,7755,7471,15226,284,8,11,목
2022-08-11,안산선,산본,14827,16169,30996,-1342,8,11,목
2022-08-11,5호선,송정,6337,5921,12258,416,8,11,목
2022-08-11,5호선,마곡,10565,10714,21279,-149,8,11,목
2022-08-11,5호선,발산,21299,22118,43417,-819,8,11,목
2022-08-11,5호선,우장산,13962,13910,27872,52,8,11,목
2022-08-11,5호선,화곡,27999,26012,54011,1987,8,11,목
2022-08-11,5호선,신정(은행정),13536,10851,24387,2685,8,11,목
2022-08-11,5호선,목동,16738,17848,34586,-1110,8,11,목
2022-08-11,5호선,오목교(목동운동장앞),22109,23573,45682,-1464,8,11,목
2022-08-11,5호선,영등포구청,4139,4196,8335,-57,8,11,목
2022-08-11,5호선,영등포시장,10515,10684,21199,-169,8,11,목
2022-08-11,5호선,신길,4308,4488,8796,-180,8,11,목
2022-08-11,3호선,금호,7757,7147,14904,610,8,11,목
2022-08-11,3호선,옥수,8690,8882,17572,-192,8,11,목
2022-08-11,3호선,압구정,31720,33999,65719,-2279,8,11,목
2022-08-11,2호선,서초,21663,21190,42853,473,8,11,목
2022-08-11,2호선,방배,15980,16544,32524,-564,8,11,목
2022-08-11,2호선,사당,36774,39930,76704,-3156,8,11,목
2022-08-11,2호선,낙성대(강감찬),27006,25938,52944,1068,8,11,목
2022-08-11,2호선,서울대입구(관악구청),45901,44630,90531,1271,8,11,목
2022-08-11,2호선,봉천,23807,22174,45981,1633,8,11,목
2022-08-11,2호선,신림,56720,54230,110950,2490,8,11,목
2022-08-11,2호선,신대방,24881,23867,48748,1014,8,11,목
2022-08-11,2호선,구로디지털단지,58799,58889,117688,-90,8,11,목
2022-08-11,2호선,대림(구로구청),23092,23439,46531,-347,8,11,목
2022-08-11,2호선,신도림,47885,47112,94997,773,8,11,목
2022-08-11,2호선,문래,22049,22636,44685,-587,8,11,목
2022-08-11,2호선,영등포구청,21971,22799,44770,-828,8,11,목
2022-08-11,2호선,당산,17334,20575,37909,-3241,8,11,목
2022-08-11,2호선,합정,30992,33596,64588,-2604,8,11,목
2022-08-11,2호선,홍대입구,57227,61335,118562,-4108,8,11,목
2022-08-11,2호선,신촌,33829,34702,68531,-873,8,11,목
2022-08-11,2호선,이대,13198,13875,27073,-677,8,11,목
2022-08-11,2호선,아현,10021,9486,19507,535,8,11,목
2022-08-11,2호선,충정로(경기대입구),10005,10535,20540,-530,8,11,목
2022-08-11,2호선,용답,2689,2570,5259,119,8,11,목
2022-08-11,2호선,신답,1749,1849,3598,-100,8,11,목
2022-08-11,2호선,신설동,3076,3104,6180,-28,8,11,목
2022-08-11,2호선,도림천,1370,1415,2785,-45,8,11,목
2022-08-11,2호선,양천구청,6665,6906,13571,-241,8,11,목
2022-08-11,2호선,신정네거리,10125,10381,20506,-256,8,11,목
2022-08-11,2호선,용두(동대문구청),2395,2434,4829,-39,8,11,목
2022-08-11,3호선,지축,5097,4845,9942,252,8,11,목
2022-08-11,3호선,구파발,20161,19434,39595,727,8,11,목
2022-08-11,3호선,연신내,34268,32456,66724,1812,8,11,목
2022-08-11,3호선,불광,15530,16773,32303,-1243,8,11,목
2022-08-11,3호선,녹번,15238,13512,28750,1726,8,11,목
2022-08-11,3호선,신사,28587,30199,58786,-1612,8,11,목
2022-08-11,3호선,잠원,4813,4514,9327,299,8,11,목
2022-08-11,3호선,고속터미널,38889,38530,77419,359,8,11,목
2022-08-11,3호선,교대(법원.검찰청),15039,9753,24792,5286,8,11,목
2022-08-11,5호선,여의도,30701,32238,62939,-1537,8,11,목
2022-08-11,4호선,상계,17959,16757,34716,1202,8,11,목
2022-08-11,4호선,노원,17950,20452,38402,-2502,8,11,목
2022-08-11,4호선,창동,24278,25713,49991,-1435,8,11,목
2022-08-11,5호선,양평,7623,7430,15053,193,8,11,목
2022-08-11,5호선,까치산,28284,26612,54896,1672,8,11,목
2022-08-11,2호선,교대(법원.검찰청),34298,38365,72663,-4067,8,11,목
2022-08-11,2호선,강남,79605,76199,155804,3406,8,11,목
2022-08-11,2호선,역삼,54354,61742,116096,-7388,8,11,목
2022-08-11,2호선,선릉,58754,52388,111142,6366,8,11,목
2022-08-11,2호선,삼성(무역센터),55446,56035,111481,-589,8,11,목
2022-08-11,2호선,종합운동장,10131,13838,23969,-3707,8,11,목
2022-08-11,2호선,잠실새내,21446,21324,42770,122,8,11,목
2022-08-11,2호선,잠실(송파구청),70580,70482,141062,98,8,11,목
2022-08-11,2호선,잠실나루,14788,14461,29249,327,8,11,목
2022-08-11,2호선,강변(동서울터미널),29862,29105,58967,757,8,11,목
2022-08-11,2호선,구의(광진구청),23517,22886,46403,631,8,11,목
2022-08-11,2호선,건대입구,33861,36429,70290,-2568,8,11,목
2022-08-11,2호선,성수,37643,41259,78902,-3616,8,11,목
2022-08-11,2호선,뚝섬,22055,23952,46007,-1897,8,11,목
2022-08-11,2호선,한양대,7252,7570,14822,-318,8,11,목
2022-08-11,2호선,왕십리(성동구청),15267,13279,28546,1988,8,11,목
2022-08-11,2호선,상왕십리,13905,13354,27259,551,8,11,목
2022-08-11,2호선,신당,13396,13613,27009,-217,8,11,목
2022-08-11,2호선,동대문역사문화공원(DDP),10823,12179,23002,-1356,8,11,목
2022-08-11,4호선,쌍문,27251,25502,52753,1749,8,11,목
2022-08-11,4호선,수유(강북구청),31693,32096,63789,-403,8,11,목
2022-08-11,4호선,미아(서울사이버대학),13686,13166,26852,520,8,11,목
2022-08-11,4호선,미아사거리,25746,25039,50785,707,8,11,목
2022-08-11,4호선,길음,19806,19135,38941,671,8,11,목
2022-08-11,4호선,성신여대입구(돈암),18665,18102,36767,563,8,11,목
2022-08-11,4호선,한성대입구(삼선교),12205,11833,24038,372,8,11,목
2022-08-11,4호선,혜화,33797,34268,68065,-471,8,11,목
2022-08-11,4호선,동대문,15737,16364,32101,-627,8,11,목
2022-08-11,3호선,남부터미널(예술의전당),29049,29721,58770,-672,8,11,목
2022-08-11,2호선,을지로4가,13728,13721,27449,7,8,11,목
2022-08-11,5호선,행당,8068,7202,15270,866,8,11,목
2022-08-11,1호선,서울역,45932,45132,91064,800,8,11,목
2022-08-11,1호선,시청,23105,23727,46832,-622,8,11,목
2022-08-11,1호선,종각,37345,37044,74389,301,8,11,목
2022-08-11,1호선,종로3가,25195,23142,48337,2053,8,11,목
2022-08-11,1호선,종로5가,21675,21838,43513,-163,8,11,목
2022-08-11,1호선,동대문,8632,7800,16432,832,8,11,목
2022-08-11,1호선,신설동,12718,12399,25117,319,8,11,목
2022-08-11,1호선,제기동,15707,15933,31640,-226,8,11,목
2022-08-11,1호선,청량리(서울시립대입구),18737,18626,37363,111,8,11,목
2022-08-11,1호선,동묘앞,6442,6527,12969,-85,8,11,목
2022-08-11,2호선,시청,23829,23492,47321,337,8,11,목
2022-08-11,2호선,을지로입구,41999,43553,85552,-1554,8,11,목
2022-08-11,2호선,을지로3가,23378,24061,47439,-683,8,11,목
2022-08-11,5호선,마포,14726,15176,29902,-450,8,11,목
2022-08-11,5호선,공덕,14648,15653,30301,-1005,8,11,목
2022-08-11,5호선,애오개,6758,6794,13552,-36,8,11,목
2022-08-11,5호선,충정로(경기대입구),4775,4848,9623,-73,8,11,목
2022-08-11,5호선,서대문,19455,19901,39356,-446,8,11,목
2022-08-11,5호선,광화문(세종문화회관),32698,34493,67191,-1795,8,11,목
2022-08-11,5호선,종로3가,12865,12626,25491,239,8,11,목
2022-08-11,5호선,을지로4가,6284,6464,12748,-180,8,11,목
2022-08-11,5호선,동대문역사문화공원(DDP),3194,3743,6937,-549,8,11,목
2022-08-11,5호선,청구,3648,3425,7073,223,8,11,목
2022-08-11,5호선,신금호,6166,6320,12486,-154,8,11,목
2022-08-11,5호선,왕십리(성동구청),4332,5148,9480,-816,8,11,목
2022-08-11,5호선,마장,5403,4970,10373,433,8,11,목
2022-08-11,5호선,답십리,15929,14346,30275,1583,8,11,목
2022-08-11,5호선,장한평,18422,18197,36619,225,8,11,목
2022-08-11,5호선,군자(능동),10860,11906,22766,-1046,8,11,목
2022-08-11,5호선,아차산(어린이대공원후문),13606,12924,26530,682,8,11,목
2022-08-11,5호선,광나루(장신대),12884,11512,24396,1372,8,11,목
2022-08-11,5호선,천호(풍납토성),17635,17560,35195,75,8,11,목
2022-08-11,5호선,강동,18275,17571,35846,704,8,11,목
2022-08-11,5호선,길동,7797,8068,15865,-271,8,11,목
2022-08-11,5호선,굽은다리(강동구민회관앞),9479,9020,18499,459,8,11,목
2022-08-11,5호선,명일,8141,8438,16579,-297,8,11,목
2022-08-11,5호선,고덕,9272,9339,18611,-67,8,11,목
2022-08-11,5호선,상일동,14575,13445,28020,1130,8,11,목
2022-08-11,5호선,둔촌동,7698,7837,15535,-139,8,11,목
2022-08-11,5호선,올림픽공원(한국체대),4055,3506,7561,549,8,11,목
2022-08-11,5호선,방이,7072,7369,14441,-297,8,11,목
2022-08-11,5호선,오금,3479,3495,6974,-16,8,11,목
2022-08-11,5호선,개롱,6314,6463,12777,-149,8,11,목
2022-08-11,5호선,거여,9783,9360,19143,423,8,11,목
2022-08-11,5호선,마천,7000,6572,13572,428,8,11,목
2022-08-11,5호선,강일,4577,4275,8852,302,8,11,목
2022-08-11,5호선,미사,16137,16454,32591,-317,8,11,목
2022-08-11,5호선,하남풍산,4204,4088,8292,116,8,11,목
2022-08-11,5호선,하남시청(덕풍·신장),6526,6348,12874,178,8,11,목
2022-08-11,5호선,하남검단산,5592,5282,10874,310,8,11,목
2022-08-11,6호선,응암,17015,16800,33815,215,8,11,목
2022-08-11,6호선,역촌,3770,4261,8031,-491,8,11,목
2022-08-11,6호선,불광,4493,4214,8707,279,8,11,목
2022-08-11,6호선,독바위,2685,2767,5452,-82,8,11,목
2022-08-11,6호선,연신내,1,0,1,1,8,11,목
2022-08-11,6호선,구산,7478,5656,13134,1822,8,11,목
2022-08-11,6호선,새절(신사),12098,11178,23276,920,8,11,목
2022-08-11,6호선,증산(명지대앞),9615,9427,19042,188,8,11,목
2022-08-11,6호선,디지털미디어시티,14378,15875,30253,-1497,8,11,목
2022-08-11,6호선,월드컵경기장(성산),4429,4634,9063,-205,8,11,목
2022-08-11,6호선,마포구청,14196,12871,27067,1325,8,11,목
2022-08-11,6호선,망원,13669,14727,28396,-1058,8,11,목
2022-08-11,6호선,합정,12746,12969,25715,-223,8,11,목
2022-08-11,6호선,상수,8513,9794,18307,-1281,8,11,목
2022-08-11,6호선,광흥창(서강),9192,8967,18159,225,8,11,목
2022-08-11,6호선,대흥(서강대앞),8086,8375,16461,-289,8,11,목
2022-08-11,6호선,공덕,18929,18343,37272,586,8,11,목
2022-08-11,6호선,효창공원앞,7208,6445,13653,763,8,11,목
2022-08-11,6호선,삼각지,7436,6289,13725,1147,8,11,목
2022-08-11,6호선,녹사평(용산구청),4809,4755,9564,54,8,11,목
2022-08-11,6호선,이태원,10667,11558,22225,-891,8,11,목
2022-08-11,6호선,한강진,7626,8928,16554,-1302,8,11,목
2022-08-11,6호선,버티고개,2051,2044,4095,7,8,11,목
2022-08-11,6호선,약수,3480,3416,6896,64,8,11,목
2022-08-11,6호선,청구,3550,3515,7065,35,8,11,목
2022-08-11,6호선,신당,6589,6529,13118,60,8,11,목
2022-08-11,6호선,동묘앞,6404,6717,13121,-313,8,11,목
2022-08-11,6호선,창신,3281,2546,5827,735,8,11,목
2022-08-11,6호선,보문,7042,6321,13363,721,8,11,목
2022-08-11,6호선,안암(고대병원앞),10031,10144,20175,-113,8,11,목
2022-08-11,6호선,고려대(종암),7664,7222,14886,442,8,11,목
2022-08-11,6호선,월곡(동덕여대),11354,11091,22445,263,8,11,목
2022-08-11,6호선,상월곡(한국과학기술연구원),6512,6071,12583,441,8,11,목
2022-08-11,6호선,돌곶이,8985,8147,17132,838,8,11,목
2022-08-11,6호선,석계,11616,11999,23615,-383,8,11,목
2022-08-11,6호선,태릉입구,5310,5680,10990,-370,8,11,목
2022-08-11,6호선,화랑대(서울여대입구),11091,8580,19671,2511,8,11,목
2022-08-11,6호선,봉화산(서울의료원),8788,8217,17005,571,8,11,목
2022-08-11,6호선,신내,1,0,1,1,8,11,목
2022-08-11,7호선,장암,2245,872,3117,1373,8,11,목
2022-08-11,7호선,도봉산,8605,9481,18086,-876,8,11,목
2022-08-11,7호선,수락산,11907,11818,23725,89,8,11,목
2022-08-11,7호선,마들,12629,11791,24420,838,8,11,목
2022-08-11,7호선,노원,19537,20636,40173,-1099,8,11,목
2022-08-11,7호선,중계,13796,12442,26238,1354,8,11,목
2022-08-11,7호선,하계,17301,16182,33483,1119,8,11,목
2022-08-11,9호선2~3단계,송파나루,5204,5508,10712,-304,8,11,목
2022-08-11,7호선,공릉(서울과학기술대),11078,11021,22099,57,8,11,목
2022-08-11,7호선,태릉입구,8051,7634,15685,417,8,11,목
2022-08-11,7호선,먹골,9917,9701,19618,216,8,11,목
2022-08-11,7호선,중화,10477,10190,20667,287,8,11,목
2022-08-11,7호선,상봉(시외버스터미널),16340,15595,31935,745,8,11,목
2022-08-11,7호선,면목,14670,13883,28553,787,8,11,목
2022-08-11,7호선,사가정,15384,15170,30554,214,8,11,목
2022-08-11,7호선,용마산(용마폭포공원),5814,5582,11396,232,8,11,목
2022-08-11,7호선,중곡,10474,9907,20381,567,8,11,목
2022-08-11,7호선,군자(능동),15062,11880,26942,3182,8,11,목
2022-08-11,7호선,어린이대공원(세종대),12388,12204,24592,184,8,11,목
2022-08-11,7호선,건대입구,12350,12790,25140,-440,8,11,목
2022-08-11,7호선,뚝섬유원지,7126,6982,14108,144,8,11,목
2022-08-11,7호선,청담,20019,22334,42353,-2315,8,11,목
2022-08-11,7호선,강남구청,16917,18620,35537,-1703,8,11,목
2022-08-11,7호선,학동,24777,26208,50985,-1431,8,11,목
2022-08-11,7호선,논현,18868,19652,38520,-784,8,11,목
2022-08-11,7호선,반포,5938,5620,11558,318,8,11,목
2022-08-11,7호선,고속터미널,15301,13460,28761,1841,8,11,목
2022-08-11,7호선,내방,14958,15128,30086,-170,8,11,목
2022-08-11,7호선,이수,14803,13942,28745,861,8,11,목
2022-08-11,7호선,남성,11005,10036,21041,969,8,11,목
2022-08-11,7호선,숭실대입구(살피재),11804,11705,23509,99,8,11,목
2022-08-11,7호선,상도,10809,10386,21195,423,8,11,목
2022-08-11,7호선,장승배기,8916,8748,17664,168,8,11,목
2022-08-11,7호선,신대방삼거리,14810,13897,28707,913,8,11,목
2022-08-11,7호선,보라매,7358,7439,14797,-81,8,11,목
2022-08-11,7호선,신풍,11247,10749,21996,498,8,11,목
2022-08-11,7호선,대림(구로구청),7889,7885,15774,4,8,11,목
2022-08-11,7호선,남구로,15500,16016,31516,-516,8,11,목
2022-08-11,7호선,가산디지털단지,44565,44938,89503,-373,8,11,목
2022-08-11,7호선,철산,20751,20873,41624,-122,8,11,목
2022-08-11,7호선,광명사거리,21016,20896,41912,120,8,11,목
2022-08-11,7호선,천왕,11027,10575,21602,452,8,11,목
2022-08-11,7호선,온수(성공회대입구),9606,8727,18333,879,8,11,목
2022-08-11,8호선,암사,18629,16270,34899,2359,8,11,목
2022-08-11,8호선,천호(풍납토성),14099,16140,30239,-2041,8,11,목
2022-08-11,8호선,강동구청,10052,10428,20480,-376,8,11,목
2022-08-11,8호선,몽촌토성(평화의문),6027,6018,12045,9,8,11,목
2022-08-11,8호선,잠실(송파구청),14596,17104,31700,-2508,8,11,목
2022-08-11,8호선,석촌,7357,8474,15831,-1117,8,11,목
2022-08-11,8호선,송파,8430,8087,16517,343,8,11,목
2022-08-11,8호선,가락시장,7446,8267,15713,-821,8,11,목
2022-08-11,8호선,문정,21739,23161,44900,-1422,8,11,목
2022-08-11,8호선,장지,16803,16144,32947,659,8,11,목
2022-08-11,8호선,복정,8671,7383,16054,1288,8,11,목
2022-08-11,8호선,산성,4912,4905,9817,7,8,11,목
2022-08-11,8호선,남한산성입구(성남법원.검찰청),13176,11537,24713,1639,8,11,목
2022-08-11,8호선,단대오거리,10060,9696,19756,364,8,11,목
2022-08-11,8호선,신흥,3994,4385,8379,-391,8,11,목
2022-08-11,8호선,수진,5153,4718,9871,435,8,11,목
2022-08-11,8호선,모란,4266,3390,7656,876,8,11,목
2022-08-11,8호선,남위례,5331,5467,10798,-136,8,11,목
2022-08-11,9호선,개화,2836,1937,4773,899,8,11,목
2022-08-11,9호선,김포공항,7317,11454,18771,-4137,8,11,목
2022-08-11,9호선,공항시장,2961,3237,6198,-276,8,11,목
2022-08-11,9호선,신방화,6664,6494,13158,170,8,11,목
2022-08-11,9호선,마곡나루(서울식물원),12634,12591,25225,43,8,11,목
2022-08-11,9호선,양천향교,10033,10218,20251,-185,8,11,목
2022-08-11,9호선,가양,21499,20659,42158,840,8,11,목
2022-08-11,9호선,증미,8255,7725,15980,530,8,11,목
2022-08-11,9호선,등촌,11989,11481,23470,508,8,11,목
2022-08-11,9호선,염창,18273,17574,35847,699,8,11,목
2022-08-11,9호선,신목동,4428,3836,8264,592,8,11,목
2022-08-11,9호선,선유도,8978,8537,17515,441,8,11,목
2022-08-11,9호선,당산,19118,19282,38400,-164,8,11,목
2022-08-11,9호선,국회의사당,18038,18972,37010,-934,8,11,목
2022-08-11,9호선,여의도,30859,29722,60581,1137,8,11,목
2022-08-11,9호선,샛강,6783,6897,13680,-114,8,11,목
2022-08-11,9호선,노량진,24750,24297,49047,453,8,11,목
2022-08-11,9호선,흑석(중앙대입구),8421,8703,17124,-282,8,11,목
2022-08-11,9호선,동작(현충원),1844,1302,3146,542,8,11,목
2022-08-11,9호선,구반포,1317,1272,2589,45,8,11,목
2022-08-11,9호선,신반포,3595,3470,7065,125,8,11,목
2022-08-11,9호선,고속터미널,12255,15164,27419,-2909,8,11,목
2022-08-11,9호선,사평,4192,4083,8275,109,8,11,목
2022-08-11,9호선,신논현,29307,28638,57945,669,8,11,목
2022-08-11,9호선2~3단계,언주,11314,11421,22735,-107,8,11,목
2022-08-11,9호선2~3단계,선정릉,10476,11265,21741,-789,8,11,목
2022-08-11,9호선2~3단계,삼성중앙,7523,7802,15325,-279,8,11,목
2022-08-11,9호선2~3단계,봉은사,19099,19627,38726,-528,8,11,목
2022-08-11,9호선2~3단계,종합운동장,7951,4840,12791,3111,8,11,목
2022-08-11,9호선2~3단계,삼전,7253,6726,13979,527,8,11,목
2022-08-11,9호선2~3단계,석촌고분,6652,6429,13081,223,8,11,목
2022-08-11,9호선2~3단계,석촌,8798,7608,16406,1190,8,11,목
2022-08-11,9호선2~3단계,한성백제,2665,2375,5040,290,8,11,목
2022-08-11,9호선2~3단계,올림픽공원(한국체대),6279,6187,12466,92,8,11,목
2022-08-11,9호선2~3단계,둔촌오륜,906,866,1772,40,8,11,목
2022-08-11,9호선2~3단계,중앙보훈병원,10987,9870,20857,1117,8,11,목
2022-08-11,경강선,판교,5106,5208,10314,-102,8,11,목
2022-08-11,경강선,이매,1077,915,1992,162,8,11,목
2022-08-11,경강선,삼동,2506,2295,4801,211,8,11,목
2022-08-11,경강선,경기광주,7935,7029,14964,906,8,11,목
2022-08-11,경강선,초월,3185,2920,6105,265,8,11,목
2022-08-11,경강선,곤지암,1973,1874,3847,99,8,11,목
2022-08-11,경강선,신둔도예촌,1313,1256,2569,57,8,11,목
2022-08-11,경강선,이천,2430,2442,4872,-12,8,11,목
2022-08-11,경강선,부발,2009,1889,3898,120,8,11,목
2022-08-11,경강선,세종대왕릉,302,288,590,14,8,11,목
2022-08-11,경강선,여주,1976,1984,3960,-8,8,11,목
2022-08-11,경부선,서울역,7523,2460,9983,5063,8,11,목
2022-08-11,경부선,남영,9015,9282,18297,-267,8,11,목
2022-08-11,경부선,용산,38249,40593,78842,-2344,8,11,목
2022-08-11,경부선,노량진,7622,7140,14762,482,8,11,목
2022-08-11,경부선,대방,11091,11749,22840,-658,8,11,목
2022-08-11,경부선,영등포,37552,38943,76495,-1391,8,11,목
2022-08-11,경부선,신도림,3925,4009,7934,-84,8,11,목
2022-08-11,경부선,신길,8666,7426,16092,1240,8,11,목
2022-08-11,경부선,구로,17785,18120,35905,-335,8,11,목
2022-08-11,경부선,가산디지털단지,17989,20637,38626,-2648,8,11,목
2022-08-11,경부선,금천구청,10787,10746,21533,41,8,11,목
2022-08-11,경부선,석수,8764,7732,16496,1032,8,11,목
2022-08-11,경부선,관악,6833,6540,13373,293,8,11,목
2022-08-11,경부선,안양,20095,19864,39959,231,8,11,목
2022-08-11,경부선,명학,8692,8333,17025,359,8,11,목
2022-08-11,경부선,금정,25988,26298,52286,-310,8,11,목
2022-08-11,경부선,군포,7450,7221,14671,229,8,11,목
2022-08-11,경부선,의왕,8417,8362,16779,55,8,11,목
2022-08-11,경부선,성균관대,13507,13082,26589,425,8,11,목
2022-08-11,경부선,화서,7722,7332,15054,390,8,11,목
2022-08-11,경부선,수원,31685,34383,66068,-2698,8,11,목
2022-08-11,경부선,독산,18026,18509,36535,-483,8,11,목
2022-08-11,경부선,세류,2806,2545,5351,261,8,11,목
2022-08-11,경부선,병점,13023,12915,25938,108,8,11,목
2022-08-11,경부선,세마,2727,2515,5242,212,8,11,목
2022-08-11,경부선,오산대,3247,2943,6190,304,8,11,목
2022-08-11,경부선,오산,8807,8753,17560,54,8,11,목
2022-08-11,경부선,진위,1556,1353,2909,203,8,11,목
2022-08-11,경부선,송탄,3864,3720,7584,144,8,11,목
2022-08-11,경부선,서정리,6140,5738,11878,402,8,11,목
2022-08-11,경부선,평택지제,3560,3404,6964,156,8,11,목
2022-08-11,경부선,평택,9927,9912,19839,15,8,11,목
2022-08-11,경부선,성환,2845,2827,5672,18,8,11,목
2022-08-11,경부선,직산,720,725,1445,-5,8,11,목
2022-08-11,경부선,두정,4679,4731,9410,-52,8,11,목
2022-08-11,경부선,천안,4373,4640,9013,-267,8,11,목
2022-08-11,경부선,당정,5969,5588,11557,381,8,11,목
2022-08-11,경부선,서동탄,1442,1192,2634,250,8,11,목
2022-08-11,경부선,광명,3406,3044,6450,362,8,11,목
2022-08-11,경원선,이촌(국립중앙박물관),4138,3239,7377,899,8,11,목
2022-08-11,경원선,서빙고,2276,1968,4244,308,8,11,목
2022-08-11,경원선,한남,4345,4085,8430,260,8,11,목
2022-08-11,경원선,옥수,51,36,87,15,8,11,목
2022-08-11,경원선,응봉,1799,1416,3215,383,8,11,목
2022-08-11,경원선,왕십리(성동구청),14366,16152,30518,-1786,8,11,목
2022-08-11,경원선,청량리(서울시립대입구),14645,15545,30190,-900,8,11,목
2022-08-11,경원선,외대앞,7357,7247,14604,110,8,11,목
2022-08-11,경원선,신이문,8263,7580,15843,683,8,11,목
2022-08-11,경원선,광운대,7088,6590,13678,498,8,11,목
2022-08-11,경원선,월계,6069,5633,11702,436,8,11,목
2022-08-11,경원선,녹천,4515,3723,8238,792,8,11,목
2022-08-11,경원선,방학,9347,9048,18395,299,8,11,목
2022-08-11,경원선,도봉,5907,5725,11632,182,8,11,목
2022-08-11,경원선,도봉산,6425,4021,10446,2404,8,11,목
2022-08-11,경원선,망월사,7319,7428,14747,-109,8,11,목
2022-08-11,경원선,회룡,12082,11941,24023,141,8,11,목
2022-08-11,경원선,의정부,17645,18304,35949,-659,8,11,목
2022-08-11,경원선,가능,6419,6139,12558,280,8,11,목
2022-08-11,경원선,녹양,4353,4152,8505,201,8,11,목
2022-08-11,경원선,양주,7153,6743,13896,410,8,11,목
2022-08-11,경원선,덕계,3167,2757,5924,410,8,11,목
2022-08-11,경원선,덕정,5029,4920,9949,109,8,11,목
2022-08-11,경원선,지행,6148,6289,12437,-141,8,11,목
2022-08-11,경원선,동두천중앙,2990,2944,5934,46,8,11,목
2022-08-11,경원선,보산,1516,1409,2925,107,8,11,목
2022-08-11,경원선,동두천,2037,2334,4371,-297,8,11,목
2022-08-11,경원선,소요산,2484,2245,4729,239,8,11,목
2022-08-11,경의선,서울역,4549,5593,10142,-1044,8,11,목
2022-08-11,경의선,신촌,933,1227,2160,-294,8,11,목
2022-08-11,경의선,효창공원앞,3052,3486,6538,-434,8,11,목
2022-08-11,경의선,공덕,3959,3382,7341,577,8,11,목
2022-08-11,경의선,서강대,2134,2070,4204,64,8,11,목
2022-08-11,경의선,홍대입구,1875,2224,4099,-349,8,11,목
2022-08-11,경의선,가좌,5546,5142,10688,404,8,11,목
2022-08-11,경의선,디지털미디어시티,2760,2398,5158,362,8,11,목
2022-08-11,경의선,수색,2932,3066,5998,-134,8,11,목
2022-08-11,경의선,화전,1555,1513,3068,42,8,11,목
2022-08-11,경의선,강매,3182,2744,5926,438,8,11,목
2022-08-11,경의선,행신,7948,8151,16099,-203,8,11,목
2022-08-11,경의선,능곡,3781,3432,7213,349,8,11,목
2022-08-11,경의선,곡산,602,638,1240,-36,8,11,목
2022-08-11,경의선,백마,6824,6651,13475,173,8,11,목
2022-08-11,경의선,풍산,5607,5158,10765,449,8,11,목
2022-08-11,경의선,일산,9421,9071,18492,350,8,11,목
2022-08-11,경의선,탄현,7869,7388,15257,481,8,11,목
2022-08-11,경의선,야당,7791,7940,15731,-149,8,11,목
2022-08-11,경의선,운정,6896,6146,13042,750,8,11,목
2022-08-11,경의선,금릉,4808,4532,9340,276,8,11,목
2022-08-11,경의선,금촌,6533,6470,13003,63,8,11,목
2022-08-11,경의선,월롱,2644,2476,5120,168,8,11,목
2022-08-11,경의선,파주,1095,696,1791,399,8,11,목
2022-08-11,경의선,문산,5150,5157,10307,-7,8,11,목
2022-08-11,경의선,임진강,22,0,22,22,8,11,목
2022-08-11,경의선,계양,1,0,1,1,8,11,목
2022-08-11,경인선,개봉,20227,19895,40122,332,8,11,목
2022-08-11,경인선,오류동,11358,10389,21747,969,8,11,목
2022-08-11,경인선,역곡,25504,25727,51231,-223,8,11,목
2022-08-11,경인선,부천,30624,30251,60875,373,8,11,목
2022-08-11,경인선,송내,26191,25725,51916,466,8,11,목
2022-08-11,경인선,부평,27766,29527,57293,-1761,8,11,목
2022-08-11,경인선,백운,6697,6470,13167,227,8,11,목
2022-08-11,경인선,동암,15148,15072,30220,76,8,11,목
2022-08-11,경인선,주안,17491,15872,33363,1619,8,11,목
2022-08-11,경인선,제물포,9822,9112,18934,710,8,11,목
2022-08-11,경인선,동인천,13077,12513,25590,564,8,11,목
2022-08-11,경인선,인천,3283,2707,5990,576,8,11,목
2022-08-11,경인선,구일,7979,8100,16079,-121,8,11,목
2022-08-11,경인선,소사,7797,6760,14557,1037,8,11,목
2022-08-11,경인선,부개,8502,7769,16271,733,8,11,목
2022-08-11,경인선,간석,5670,5331,11001,339,8,11,목
2022-08-11,경인선,도원,2624,2651,5275,-27,8,11,목
2022-08-11,경인선,온수(성공회대입구),6166,5752,11918,414,8,11,목
2022-08-11,경인선,중동,8825,8377,17202,448,8,11,목
2022-08-11,경인선,도화,3874,3617,7491,257,8,11,목
2022-08-11,경춘선,신내,2008,1921,3929,87,8,11,목
2022-08-11,경춘선,갈매,2827,2480,5307,347,8,11,목
2022-08-11,경춘선,별내,3024,2890,5914,134,8,11,목
2022-08-11,경춘선,퇴계원,3402,3092,6494,310,8,11,목
2022-08-11,경춘선,사릉,2177,2148,4325,29,8,11,목
2022-08-11,경춘선,금곡,1453,1406,2859,47,8,11,목
2022-08-11,경춘선,평내호평,5985,5820,11805,165,8,11,목
2022-08-11,경춘선,천마산,1525,1417,2942,108,8,11,목
2022-08-11,경춘선,마석,3606,3594,7200,12,8,11,목
2022-08-11,경춘선,대성리,836,706,1542,130,8,11,목
2022-08-11,경춘선,청평,1795,1773,3568,22,8,11,목
2022-08-11,경춘선,상천,182,204,386,-22,8,11,목
2022-08-11,경춘선,가평,2071,2314,4385,-243,8,11,목
2022-08-11,경춘선,굴봉산,111,95,206,16,8,11,목
2022-08-11,경춘선,백양리,111,108,219,3,8,11,목
2022-08-11,경춘선,강촌,420,381,801,39,8,11,목
2022-08-11,경춘선,김유정,286,282,568,4,8,11,목
2022-08-11,경춘선,남춘천,2140,2189,4329,-49,8,11,목
2022-08-11,경춘선,춘천,1375,1295,2670,80,8,11,목
2022-08-11,공항철도 1호선,서울역,9211,8575,17786,636,8,11,목
2022-08-11,공항철도 1호선,공덕,2591,3312,5903,-721,8,11,목
2022-08-11,공항철도 1호선,홍대입구,11007,11283,22290,-276,8,11,목
2022-08-11,공항철도 1호선,디지털미디어시티,14885,13582,28467,1303,8,11,목
2022-08-11,공항철도 1호선,마곡나루(서울식물원),9488,8905,18393,583,8,11,목
2022-08-11,공항철도 1호선,김포공항,11400,6977,18377,4423,8,11,목
2022-08-11,공항철도 1호선,계양,11230,10384,21614,846,8,11,목
2022-08-11,공항철도 1호선,검암,6571,6529,13100,42,8,11,목
2022-08-11,공항철도 1호선,청라국제도시,7054,6625,13679,429,8,11,목
2022-08-11,공항철도 1호선,운서,7745,7848,15593,-103,8,11,목
2022-08-11,공항철도 1호선,공항화물청사,2381,2471,4852,-90,8,11,목
2022-08-11,공항철도 1호선,인천공항1터미널,8479,7836,16315,643,8,11,목
2022-08-11,공항철도 1호선,인천공항2터미널,4007,3395,7402,612,8,11,목
2022-08-11,공항철도 1호선,영종,3386,3431,6817,-45,8,11,목
2022-08-11,과천선,선바위,7509,6636,14145,873,8,11,목
2022-08-11,과천선,경마공원,1160,1189,2349,-29,8,11,목
2022-08-11,과천선,대공원,1967,2090,4057,-123,8,11,목
2022-08-11,과천선,과천,6119,5760,11879,359,8,11,목
2022-08-11,과천선,정부과천청사,10502,10704,21206,-202,8,11,목
2022-08-11,과천선,인덕원,22628,23429,46057,-801,8,11,목
2022-08-11,과천선,평촌,17371,17349,34720,22,8,11,목
2022-08-11,과천선,범계,24572,24412,48984,160,8,11,목
2022-08-11,분당선,선릉,14184,21227,35411,-7043,8,11,목
2022-08-11,분당선,한티,15856,16669,32525,-813,8,11,목
2022-08-11,분당선,도곡,7216,6906,14122,310,8,11,목
2022-08-11,분당선,구룡,1905,1822,3727,83,8,11,목
2022-08-11,분당선,개포동,3862,3980,7842,-118,8,11,목
2022-08-11,분당선,대모산입구,4620,4294,8914,326,8,11,목
2022-08-11,분당선,수서,13601,14357,27958,-756,8,11,목
2022-08-11,분당선,수원,7844,6493,14337,1351,8,11,목
2022-08-11,분당선,서울숲,10895,11068,21963,-173,8,11,목
2022-08-11,분당선,압구정로데오,19300,21611,40911,-2311,8,11,목
2022-08-11,분당선,강남구청,9510,10875,20385,-1365,8,11,목
2022-08-11,분당선,선정릉,7959,8518,16477,-559,8,11,목
2022-08-11,분당선,가천대,6426,7176,13602,-750,8,11,목
2022-08-11,분당선,태평,13284,12616,25900,668,8,11,목
2022-08-11,분당선,모란,18496,18659,37155,-163,8,11,목
2022-08-11,분당선,야탑,25564,26764,52328,-1200,8,11,목
2022-08-11,분당선,서현,24046,24469,48515,-423,8,11,목
2022-08-11,분당선,수내,13792,13694,27486,98,8,11,목
2022-08-11,분당선,정자,17993,19044,37037,-1051,8,11,목
2022-08-11,분당선,미금,14937,15870,30807,-933,8,11,목
2022-08-11,분당선,오리,11318,9334,20652,1984,8,11,목
2022-08-11,분당선,이매,5453,5243,10696,210,8,11,목
2022-08-11,분당선,보정,2368,2100,4468,268,8,11,목
2022-08-11,분당선,죽전,12441,13991,26432,-1550,8,11,목
2022-08-11,분당선,구성,4902,5017,9919,-115,8,11,목
2022-08-11,분당선,신갈,4442,4326,8768,116,8,11,목
2022-08-11,분당선,기흥,9787,9084,18871,703,8,11,목
2022-08-11,분당선,상갈,5163,4871,10034,292,8,11,목
2022-08-11,분당선,청명,4293,4072,8365,221,8,11,목
2022-08-11,분당선,영통,7952,8080,16032,-128,8,11,목
2022-08-11,분당선,망포,14398,13647,28045,751,8,11,목
2022-08-11,분당선,매탄권선,4950,4717,9667,233,8,11,목
2022-08-11,분당선,수원시청,12169,13038,25207,-869,8,11,목
2022-08-11,분당선,매교,2950,2913,5863,37,8,11,목
2022-08-11,수인선,고색,4694,4268,8962,426,8,11,목
2022-08-11,수인선,오목천,2762,2530,5292,232,8,11,목
2022-08-11,수인선,어천,693,680,1373,13,8,11,목
2022-08-12,7호선,신풍,11680,11137,22817,543,8,12,금
2022-08-12,경춘선,가평,2867,3126,5993,-259,8,12,금
2022-08-12,경춘선,굴봉산,198,156,354,42,8,12,금
2022-08-12,경춘선,백양리,156,148,304,8,8,12,금
2022-08-12,경춘선,강촌,508,529,1037,-21,8,12,금
2022-08-12,경춘선,김유정,413,469,882,-56,8,12,금
2022-08-12,경춘선,남춘천,3314,3769,7083,-455,8,12,금
2022-08-12,경춘선,춘천,2077,1942,4019,135,8,12,금
2022-08-12,공항철도 1호선,서울역,11110,10807,21917,303,8,12,금
2022-08-12,공항철도 1호선,공덕,2652,3428,6080,-776,8,12,금
2022-08-12,공항철도 1호선,홍대입구,12901,13452,26353,-551,8,12,금
2022-08-12,공항철도 1호선,디지털미디어시티,14203,12722,26925,1481,8,12,금
2022-08-12,안산선,상록수,16033,15962,31995,71,8,12,금
2022-08-12,공항철도 1호선,마곡나루(서울식물원),9329,8469,17798,860,8,12,금
2022-08-12,공항철도 1호선,김포공항,13764,7808,21572,5956,8,12,금
2022-08-12,공항철도 1호선,계양,11654,10453,22107,1201,8,12,금
2022-08-12,공항철도 1호선,검암,6994,6896,13890,98,8,12,금
2022-08-12,공항철도 1호선,청라국제도시,7392,6999,14391,393,8,12,금
2022-08-12,공항철도 1호선,운서,8270,8307,16577,-37,8,12,금
2022-08-12,공항철도 1호선,공항화물청사,2383,2451,4834,-68,8,12,금
2022-08-12,공항철도 1호선,인천공항1터미널,8595,8502,17097,93,8,12,금
2022-08-12,공항철도 1호선,인천공항2터미널,3877,3404,7281,473,8,12,금
2022-08-12,공항철도 1호선,영종,3903,3999,7902,-96,8,12,금
2022-08-12,과천선,선바위,8331,7231,15562,1100,8,12,금
2022-08-12,과천선,경마공원,7910,8043,15953,-133,8,12,금
2022-08-12,과천선,대공원,3646,3782,7428,-136,8,12,금
2022-08-12,과천선,과천,6924,6231,13155,693,8,12,금
2022-08-12,과천선,정부과천청사,11470,11153,22623,317,8,12,금
2022-08-12,과천선,인덕원,24987,25483,50470,-496,8,12,금
2022-08-12,과천선,평촌,17967,17601,35568,366,8,12,금
2022-08-12,과천선,범계,27678,28118,55796,-440,8,12,금
2022-08-12,분당선,선릉,13986,20873,34859,-6887,8,12,금
2022-08-12,분당선,한티,16951,17344,34295,-393,8,12,금
2022-08-12,분당선,도곡,7568,7179,14747,389,8,12,금
2022-08-12,분당선,구룡,1926,1826,3752,100,8,12,금
2022-08-12,분당선,개포동,4129,4269,8398,-140,8,12,금
2022-08-12,분당선,대모산입구,4922,4398,9320,524,8,12,금
2022-08-12,분당선,수서,14609,15822,30431,-1213,8,12,금
2022-08-12,분당선,복정,1,0,1,1,8,12,금
2022-08-12,분당선,수원,8986,7537,16523,1449,8,12,금
2022-08-12,분당선,서울숲,12307,12483,24790,-176,8,12,금
2022-08-12,분당선,압구정로데오,21542,25268,46810,-3726,8,12,금
2022-08-12,분당선,강남구청,9796,11134,20930,-1338,8,12,금
2022-08-12,분당선,선정릉,8047,8542,16589,-495,8,12,금
2022-08-12,분당선,가천대,6908,7424,14332,-516,8,12,금
2022-08-12,분당선,태평,14447,13419,27866,1028,8,12,금
2022-08-12,분당선,모란,20735,20945,41680,-210,8,12,금
2022-08-12,분당선,야탑,27380,29167,56547,-1787,8,12,금
2022-08-12,분당선,서현,27579,28209,55788,-630,8,12,금
2022-08-12,분당선,수내,14802,14355,29157,447,8,12,금
2022-08-12,분당선,정자,17884,19150,37034,-1266,8,12,금
2022-08-12,분당선,미금,16088,17222,33310,-1134,8,12,금
2022-08-12,분당선,오리,11941,9669,21610,2272,8,12,금
2022-08-12,분당선,이매,6330,5730,12060,600,8,12,금
2022-08-12,분당선,보정,2631,2222,4853,409,8,12,금
2022-08-12,분당선,죽전,14127,15399,29526,-1272,8,12,금
2022-08-12,분당선,구성,5251,5313,10564,-62,8,12,금
2022-08-12,분당선,신갈,4753,4618,9371,135,8,12,금
2022-08-12,분당선,기흥,10446,10052,20498,394,8,12,금
2022-08-12,분당선,상갈,5756,5454,11210,302,8,12,금
2022-08-12,분당선,청명,4481,4173,8654,308,8,12,금
2022-08-12,분당선,영통,9149,9044,18193,105,8,12,금
2022-08-12,분당선,망포,15619,14275,29894,1344,8,12,금
2022-08-12,분당선,매탄권선,5617,5124,10741,493,8,12,금
2022-08-12,분당선,수원시청,13302,15573,28875,-2271,8,12,금
2022-08-12,분당선,매교,3326,3334,6660,-8,8,12,금
2022-08-12,수인선,고색,5022,4512,9534,510,8,12,금
2022-08-12,수인선,오목천,3251,2852,6103,399,8,12,금
2022-08-12,수인선,어천,943,884,1827,59,8,12,금
2022-08-12,수인선,야목,421,312,733,109,8,12,금
2022-08-12,수인선,사리,5023,4343,9366,680,8,12,금
2022-08-12,수인선,달월,116,82,198,34,8,12,금
2022-08-12,수인선,월곶,2792,2602,5394,190,8,12,금
2022-08-12,수인선,소래포구,5017,4749,9766,268,8,12,금
2022-08-12,수인선,인천논현,5725,6035,11760,-310,8,12,금
2022-08-12,수인선,호구포,4193,4245,8438,-52,8,12,금
2022-08-12,수인선,남동인더스파크,2401,2618,5019,-217,8,12,금
2022-08-12,수인선,원인재,4418,4424,8842,-6,8,12,금
2022-08-12,수인선,연수,4828,4856,9684,-28,8,12,금
2022-08-12,수인선,송도,2463,2256,4719,207,8,12,금
2022-08-12,수인선,인하대,6014,5508,11522,506,8,12,금
2022-08-12,수인선,숭의,4058,3623,7681,435,8,12,금
2022-08-12,수인선,신포,1676,1827,3503,-151,8,12,금
2022-08-12,수인선,인천,1117,1632,2749,-515,8,12,금
2022-08-12,신림선,샛강,2167,2713,4880,-546,8,12,금
2022-08-12,신림선,대방,2217,1754,3971,463,8,12,금
2022-08-12,신림선,서울지방병무청,2505,2597,5102,-92,8,12,금
2022-08-12,1호선,서울역,51661,53036,104697,-1375,8,12,금
2022-08-12,1호선,시청,23816,24257,48073,-441,8,12,금
2022-08-12,1호선,종각,39001,38704,77705,297,8,12,금
2022-08-12,1호선,종로3가,27525,25653,53178,1872,8,12,금
2022-08-12,1호선,종로5가,24241,24336,48577,-95,8,12,금
2022-08-12,1호선,동대문,9733,8860,18593,873,8,12,금
2022-08-12,1호선,신설동,13626,13004,26630,622,8,12,금
2022-08-12,1호선,제기동,17598,17864,35462,-266,8,12,금
2022-08-12,1호선,청량리(서울시립대입구),21099,21164,42263,-65,8,12,금
2022-08-12,1호선,동묘앞,8006,8159,16165,-153,8,12,금
2022-08-12,2호선,시청,24279,23556,47835,723,8,12,금
2022-08-12,2호선,을지로입구,42885,43960,86845,-1075,8,12,금
2022-08-12,2호선,을지로3가,23870,24610,48480,-740,8,12,금
2022-08-12,2호선,을지로4가,14272,14170,28442,102,8,12,금
2022-08-12,2호선,동대문역사문화공원(DDP),12100,14396,26496,-2296,8,12,금
2022-08-12,2호선,신당,14413,14803,29216,-390,8,12,금
2022-08-12,2호선,상왕십리,14718,13814,28532,904,8,12,금
2022-08-12,2호선,왕십리(성동구청),16434,14259,30693,2175,8,12,금
2022-08-12,2호선,한양대,7396,7676,15072,-280,8,12,금
2022-08-12,2호선,뚝섬,23865,25223,49088,-1358,8,12,금
2022-08-12,2호선,성수,39981,44158,84139,-4177,8,12,금
2022-08-12,2호선,건대입구,37296,41724,79020,-4428,8,12,금
2022-08-12,2호선,구의(광진구청),24640,23631,48271,1009,8,12,금
2022-08-12,2호선,강변(동서울터미널),35322,38180,73502,-2858,8,12,금
2022-08-12,2호선,잠실나루,15164,14507,29671,657,8,12,금
2022-08-12,2호선,잠실(송파구청),81179,80467,161646,712,8,12,금
2022-08-12,2호선,잠실새내,23478,24460,47938,-982,8,12,금
2022-08-12,2호선,종합운동장,18543,21617,40160,-3074,8,12,금
2022-08-12,2호선,삼성(무역센터),58826,58549,117375,277,8,12,금
2022-08-12,2호선,선릉,59562,52309,111871,7253,8,12,금
2022-08-12,2호선,역삼,53259,59447,112706,-6188,8,12,금
2022-08-12,2호선,강남,87842,86551,174393,1291,8,12,금
2022-08-12,2호선,교대(법원.검찰청),34705,39042,73747,-4337,8,12,금
2022-08-12,2호선,서초,22108,21012,43120,1096,8,12,금
2022-08-12,2호선,방배,16699,17205,33904,-506,8,12,금
2022-08-12,2호선,사당,41214,44508,85722,-3294,8,12,금
2022-08-12,2호선,낙성대(강감찬),28860,26390,55250,2470,8,12,금
2022-08-12,2호선,서울대입구(관악구청),49972,47269,97241,2703,8,12,금
2022-08-12,2호선,봉천,25148,22655,47803,2493,8,12,금
2022-08-12,2호선,신림,61292,58402,119694,2890,8,12,금
2022-08-12,2호선,신대방,26135,24692,50827,1443,8,12,금
2022-08-12,2호선,구로디지털단지,60404,59519,119923,885,8,12,금
2022-08-12,2호선,대림(구로구청),24308,24533,48841,-225,8,12,금
2022-08-12,2호선,신도림,50427,49611,100038,816,8,12,금
2022-08-12,2호선,문래,22519,23469,45988,-950,8,12,금
2022-08-12,2호선,영등포구청,22074,23021,45095,-947,8,12,금
2022-08-12,2호선,당산,18398,21117,39515,-2719,8,12,금
2022-08-12,2호선,합정,33982,38566,72548,-4584,8,12,금
2022-08-12,2호선,홍대입구,67383,75205,142588,-7822,8,12,금
2022-08-12,2호선,신촌,37199,38070,75269,-871,8,12,금
2022-08-12,2호선,이대,14179,14599,28778,-420,8,12,금
2022-08-12,2호선,아현,10577,9610,20187,967,8,12,금
2022-08-12,2호선,충정로(경기대입구),9989,10511,20500,-522,8,12,금
2022-08-12,2호선,신답,1756,1851,3607,-95,8,12,금
2022-08-12,2호선,신설동,3724,3657,7381,67,8,12,금
2022-08-12,신림선,보라매,2764,2448,5212,316,8,12,금
2022-08-12,2호선,도림천,1375,1419,2794,-44,8,12,금
2022-08-12,2호선,양천구청,6961,7009,13970,-48,8,12,금
2022-08-12,2호선,신정네거리,10723,10762,21485,-39,8,12,금
2022-08-12,2호선,용두(동대문구청),2520,2499,5019,21,8,12,금
2022-08-12,3호선,지축,5384,5005,10389,379,8,12,금
2022-08-12,3호선,구파발,22283,21769,44052,514,8,12,금
2022-08-12,3호선,연신내,37420,35170,72590,2250,8,12,금
2022-08-12,3호선,불광,16618,17596,34214,-978,8,12,금
2022-08-12,3호선,녹번,15603,13681,29284,1922,8,12,금
2022-08-12,3호선,홍제,17961,16600,34561,1361,8,12,금
2022-08-12,3호선,무악재,4029,3841,7870,188,8,12,금
2022-08-12,3호선,독립문,7354,7280,14634,74,8,12,금
2022-08-12,3호선,경복궁(정부서울청사),22175,22681,44856,-506,8,12,금
2022-08-12,3호선,안국,23324,24095,47419,-771,8,12,금
2022-08-12,신림선,보라매공원,1661,1812,3473,-151,8,12,금
2022-08-12,신림선,보라매병원,6444,6574,13018,-130,8,12,금
2022-08-12,신림선,당곡,3910,3790,7700,120,8,12,금
2022-08-12,신림선,신림,1723,2259,3982,-536,8,12,금
2022-08-12,신림선,서원,2962,2424,5386,538,8,12,금
2022-08-12,신림선,서울대벤처타운,7012,6601,13613,411,8,12,금
2022-08-12,신림선,관악산(서울대),3183,2973,6156,210,8,12,금
2022-08-12,안산선,산본,16778,18097,34875,-1319,8,12,금
2022-08-12,안산선,대야미,5323,4574,9897,749,8,12,금
2022-08-12,안산선,반월,4472,4154,8626,318,8,12,금
2022-08-12,안산선,한대앞,9372,9216,18588,156,8,12,금
2022-08-12,안산선,중앙,18709,20167,38876,-1458,8,12,금
2022-08-12,안산선,고잔,9185,8674,17859,511,8,12,금
2022-08-12,안산선,초지,4869,4880,9749,-11,8,12,금
2022-08-12,안산선,안산,12440,11236,23676,1204,8,12,금
2022-08-12,안산선,신길온천,1950,1774,3724,176,8,12,금
2022-08-12,안산선,정왕,8528,8691,17219,-163,8,12,금
2022-08-12,안산선,오이도,8815,8596,17411,219,8,12,금
2022-08-12,안산선,수리산,4153,3325,7478,828,8,12,금
2022-08-12,우이신설선,북한산우이,4173,3850,8023,323,8,12,금
2022-08-12,우이신설선,솔밭공원,2513,2384,4897,129,8,12,금
2022-08-12,우이신설선,4.19민주묘지,3229,2943,6172,286,8,12,금
2022-08-12,우이신설선,가오리,4241,4107,8348,134,8,12,금
2022-08-12,우이신설선,화계,3566,3342,6908,224,8,12,금
2022-08-12,우이신설선,삼양,2099,2176,4275,-77,8,12,금
2022-08-12,우이신설선,삼양사거리,2528,2509,5037,19,8,12,금
2022-08-12,우이신설선,솔샘,5812,5090,10902,722,8,12,금
2022-08-12,우이신설선,북한산보국문,5963,5385,11348,578,8,12,금
2022-08-12,우이신설선,정릉,4783,4181,8964,602,8,12,금
2022-08-12,우이신설선,성신여대입구(돈암),3484,3946,7430,-462,8,12,금
2022-08-12,우이신설선,보문,1504,1444,2948,60,8,12,금
2022-08-12,우이신설선,신설동,2021,1957,3978,64,8,12,금
2022-08-12,일산선,원흥,11374,10636,22010,738,8,12,금
2022-08-12,일산선,지축,1,0,1,1,8,12,금
2022-08-12,일산선,삼송,19973,19310,39283,663,8,12,금
2022-08-12,일산선,원당,11378,10568,21946,810,8,12,금
2022-08-12,일산선,화정,17430,17818,35248,-388,8,12,금
2022-08-12,일산선,대곡,2157,1682,3839,475,8,12,금
2022-08-12,일산선,백석,10374,10385,20759,-11,8,12,금
2022-08-12,일산선,마두,8044,8241,16285,-197,8,12,금
2022-08-12,일산선,정발산,7809,8270,16079,-461,8,12,금
2022-08-12,일산선,주엽,9823,9889,19712,-66,8,12,금
2022-08-12,일산선,대화,13687,10892,24579,2795,8,12,금
2022-08-12,장항선,봉명,1327,1267,2594,60,8,12,금
2022-08-12,장항선,쌍용(나사렛대),2037,1777,3814,260,8,12,금
2022-08-12,장항선,아산,3697,3867,7564,-170,8,12,금
2022-08-12,장항선,탕정,968,895,1863,73,8,12,금
2022-08-12,장항선,배방,1200,1205,2405,-5,8,12,금
2022-08-12,장항선,온양온천,3872,4078,7950,-206,8,12,금
2022-08-12,장항선,신창(순천향대),1326,1102,2428,224,8,12,금
2022-08-12,중앙선,회기,25528,23631,49159,1897,8,12,금
2022-08-12,중앙선,중랑,5854,5458,11312,396,8,12,금
2022-08-12,중앙선,상봉(시외버스터미널),6035,5813,11848,222,8,12,금
2022-08-12,중앙선,망우,8213,7962,16175,251,8,12,금
2022-08-12,중앙선,양원,2977,2781,5758,196,8,12,금
2022-08-12,중앙선,구리,13819,13862,27681,-43,8,12,금
2022-08-12,중앙선,도농,11135,10131,21266,1004,8,12,금
2022-08-12,중앙선,양정,736,657,1393,79,8,12,금
2022-08-12,중앙선,덕소,5811,5874,11685,-63,8,12,금
2022-08-12,중앙선,도심,2431,1888,4319,543,8,12,금
2022-08-12,중앙선,팔당,952,1007,1959,-55,8,12,금
2022-08-12,중앙선,운길산,818,789,1607,29,8,12,금
2022-08-12,중앙선,양수,2024,2055,4079,-31,8,12,금
2022-08-12,중앙선,신원,203,187,390,16,8,12,금
2022-08-12,중앙선,국수,679,734,1413,-55,8,12,금
2022-08-12,중앙선,아신,605,679,1284,-74,8,12,금
2022-08-12,중앙선,오빈,329,325,654,4,8,12,금
2022-08-12,중앙선,양평,2979,3227,6206,-248,8,12,금
2022-08-12,중앙선,원덕,347,373,720,-26,8,12,금
2022-08-12,3호선,종로3가,11007,13495,24502,-2488,8,12,금
2022-08-12,3호선,을지로3가,11326,11563,22889,-237,8,12,금
2022-08-12,3호선,동대입구,8149,8725,16874,-576,8,12,금
2022-08-12,3호선,약수,13189,12759,25948,430,8,12,금
2022-08-12,3호선,금호,8135,7402,15537,733,8,12,금
2022-08-12,3호선,옥수,9410,9378,18788,32,8,12,금
2022-08-12,3호선,압구정,34739,37685,72424,-2946,8,12,금
2022-08-12,3호선,신사,31677,34201,65878,-2524,8,12,금
2022-08-12,3호선,잠원,5128,4797,9925,331,8,12,금
2022-08-12,3호선,고속터미널,49458,56009,105467,-6551,8,12,금
2022-08-12,3호선,교대(법원.검찰청),15178,9773,24951,5405,8,12,금
2022-08-12,3호선,남부터미널(예술의전당),32958,34297,67255,-1339,8,12,금
2022-08-12,3호선,양재(서초구청),39282,41828,81110,-2546,8,12,금
2022-08-12,3호선,매봉,12803,11995,24798,808,8,12,금
2022-08-12,3호선,도곡,5419,5311,10730,108,8,12,금
2022-08-12,3호선,대치,12708,12319,25027,389,8,12,금
2022-08-12,3호선,학여울,1952,1841,3793,111,8,12,금
2022-08-12,3호선,대청,10038,9433,19471,605,8,12,금
2022-08-12,3호선,일원,10854,9943,20797,911,8,12,금
2022-08-12,3호선,수서,18407,18712,37119,-305,8,12,금
2022-08-12,3호선,가락시장,9401,9154,18555,247,8,12,금
2022-08-12,3호선,경찰병원,7489,7438,14927,51,8,12,금
2022-08-12,3호선,오금,6242,5552,11794,690,8,12,금
2022-08-12,4호선,당고개,9449,8448,17897,1001,8,12,금
2022-08-12,4호선,상계,18761,17478,36239,1283,8,12,금
2022-08-12,4호선,노원,19258,22241,41499,-2983,8,12,금
2022-08-12,4호선,창동,26404,27843,54247,-1439,8,12,금
2022-08-12,4호선,쌍문,28818,26269,55087,2549,8,12,금
2022-08-12,4호선,수유(강북구청),34200,34647,68847,-447,8,12,금
2022-08-12,4호선,미아(서울사이버대학),14353,13564,27917,789,8,12,금
2022-08-12,4호선,미아사거리,27261,26714,53975,547,8,12,금
2022-08-12,4호선,길음,20758,19528,40286,1230,8,12,금
2022-08-12,4호선,성신여대입구(돈암),20441,19653,40094,788,8,12,금
2022-08-12,4호선,한성대입구(삼선교),13504,12938,26442,566,8,12,금
2022-08-12,4호선,혜화,35695,36041,71736,-346,8,12,금
2022-08-12,4호선,동대문,17523,17977,35500,-454,8,12,금
2022-08-12,4호선,동대문역사문화공원(DDP),15294,13534,28828,1760,8,12,금
2022-08-12,4호선,충무로,25771,27452,53223,-1681,8,12,금
2022-08-12,4호선,명동,21343,22583,43926,-1240,8,12,금
2022-08-12,4호선,회현(남대문시장),20137,21186,41323,-1049,8,12,금
2022-08-12,4호선,서울역,11955,21782,33737,-9827,8,12,금
2022-08-12,4호선,숙대입구(갈월),13415,13101,26516,314,8,12,금
2022-08-12,4호선,삼각지,5856,6711,12567,-855,8,12,금
2022-08-12,4호선,신용산,19698,21098,40796,-1400,8,12,금
2022-08-12,4호선,이촌(국립중앙박물관),10030,10894,20924,-864,8,12,금
2022-08-12,4호선,동작(현충원),1393,1543,2936,-150,8,12,금
2022-08-12,4호선,총신대입구(이수),19728,21205,40933,-1477,8,12,금
2022-08-12,4호선,사당,27025,22680,49705,4345,8,12,금
2022-08-12,4호선,남태령,1514,1245,2759,269,8,12,금
2022-08-12,5호선,방화,6998,6594,13592,404,8,12,금
2022-08-12,5호선,개화산,5784,5397,11181,387,8,12,금
2022-08-12,5호선,김포공항,8997,8875,17872,122,8,12,금
2022-08-12,5호선,송정,6803,6209,13012,594,8,12,금
2022-08-12,5호선,마곡,10886,10866,21752,20,8,12,금
2022-08-12,5호선,발산,20685,21936,42621,-1251,8,12,금
2022-08-12,5호선,우장산,14749,14346,29095,403,8,12,금
2022-08-12,5호선,화곡,29469,26862,56331,2607,8,12,금
2022-08-12,5호선,까치산,29572,27403,56975,2169,8,12,금
2022-08-12,5호선,신정(은행정),13915,10935,24850,2980,8,12,금
2022-08-12,5호선,목동,17444,18176,35620,-732,8,12,금
2022-08-12,5호선,오목교(목동운동장앞),23071,24933,48004,-1862,8,12,금
2022-08-12,5호선,양평,7561,7200,14761,361,8,12,금
2022-08-12,5호선,영등포구청,4359,4196,8555,163,8,12,금
2022-08-12,5호선,영등포시장,10806,10949,21755,-143,8,12,금
2022-08-12,5호선,신길,4356,4371,8727,-15,8,12,금
2022-08-12,경춘선,상천,308,278,586,30,8,12,금
2022-08-12,경춘선,청평,2154,2358,4512,-204,8,12,금
2022-08-12,경춘선,대성리,904,1203,2107,-299,8,12,금
2022-08-12,경춘선,마석,3995,4051,8046,-56,8,12,금
2022-08-12,경춘선,천마산,1623,1512,3135,111,8,12,금
2022-08-12,경춘선,평내호평,6489,6294,12783,195,8,12,금
2022-08-12,경춘선,금곡,1519,1485,3004,34,8,12,금
2022-08-12,경춘선,사릉,2298,2307,4605,-9,8,12,금
2022-08-12,경춘선,퇴계원,3659,3309,6968,350,8,12,금
2022-08-12,경춘선,별내,3264,3092,6356,172,8,12,금
2022-08-12,경춘선,갈매,2922,2536,5458,386,8,12,금
2022-08-12,경춘선,신내,2168,2104,4272,64,8,12,금
2022-08-12,경인선,도화,4376,4019,8395,357,8,12,금
2022-08-12,경인선,중동,9513,8711,18224,802,8,12,금
2022-08-12,경인선,온수(성공회대입구),6553,6008,12561,545,8,12,금
2022-08-12,경인선,도원,2898,2928,5826,-30,8,12,금
2022-08-12,경인선,간석,6143,5734,11877,409,8,12,금
2022-08-12,경인선,부개,8835,8112,16947,723,8,12,금
2022-08-12,경인선,소사,8479,7955,16434,524,8,12,금
2022-08-12,경인선,구일,8345,8566,16911,-221,8,12,금
2022-08-12,경인선,인천,4280,3746,8026,534,8,12,금
2022-08-12,경인선,동인천,14349,13707,28056,642,8,12,금
2022-08-12,경인선,제물포,10643,9906,20549,737,8,12,금
2022-08-12,경인선,주안,20190,17959,38149,2231,8,12,금
2022-08-12,경인선,동암,16576,16632,33208,-56,8,12,금
2022-08-12,경인선,백운,7211,6936,14147,275,8,12,금
2022-08-12,경인선,부평,31140,34534,65674,-3394,8,12,금
2022-08-12,경인선,송내,27644,26902,54546,742,8,12,금
2022-08-12,경인선,부천,33180,33923,67103,-743,8,12,금
2022-08-12,경인선,역곡,27130,26738,53868,392,8,12,금
2022-08-12,경인선,오류동,11986,10694,22680,1292,8,12,금
2022-08-12,경인선,개봉,21578,20762,42340,816,8,12,금
2022-08-12,경의선,임진강,23,26,49,-3,8,12,금
2022-08-12,경의선,문산,5776,5796,11572,-20,8,12,금
2022-08-12,경의선,파주,1195,838,2033,357,8,12,금
2022-08-12,경의선,월롱,3352,2417,5769,935,8,12,금
2022-08-12,경의선,금촌,6911,6720,13631,191,8,12,금
2022-08-12,경의선,금릉,5195,4929,10124,266,8,12,금
2022-08-12,경의선,운정,7153,6550,13703,603,8,12,금
2022-08-12,경의선,야당,8403,8558,16961,-155,8,12,금
2022-08-12,경의선,탄현,8125,7687,15812,438,8,12,금
2022-08-12,경의선,일산,9645,9116,18761,529,8,12,금
2022-08-12,경의선,풍산,5902,5453,11355,449,8,12,금
2022-08-12,경의선,백마,7301,6856,14157,445,8,12,금
2022-08-12,경의선,곡산,619,626,1245,-7,8,12,금
2022-08-12,경의선,능곡,4029,3621,7650,408,8,12,금
2022-08-12,경의선,행신,8498,8707,17205,-209,8,12,금
2022-08-12,경의선,강매,3294,2760,6054,534,8,12,금
2022-08-12,경의선,화전,1762,1535,3297,227,8,12,금
2022-08-12,경의선,수색,2882,2911,5793,-29,8,12,금
2022-08-12,경의선,디지털미디어시티,2744,2354,5098,390,8,12,금
2022-08-12,경의선,가좌,5689,5299,10988,390,8,12,금
2022-08-12,경의선,홍대입구,2124,2716,4840,-592,8,12,금
2022-08-12,경의선,서강대,2334,2228,4562,106,8,12,금
2022-08-12,경의선,공덕,3880,3402,7282,478,8,12,금
2022-08-12,경의선,효창공원앞,3076,3389,6465,-313,8,12,금
2022-08-12,경의선,신촌,921,1231,2152,-310,8,12,금
2022-08-12,경의선,서울역,4641,6106,10747,-1465,8,12,금
2022-08-12,경원선,소요산,3266,3191,6457,75,8,12,금
2022-08-12,경원선,동두천,2227,2541,4768,-314,8,12,금
2022-08-12,경원선,보산,1877,1589,3466,288,8,12,금
2022-08-12,경원선,동두천중앙,3313,3252,6565,61,8,12,금
2022-08-12,경원선,지행,6786,6802,13588,-16,8,12,금
2022-08-12,경원선,덕정,5669,5448,11117,221,8,12,금
2022-08-12,경원선,덕계,3425,3012,6437,413,8,12,금
2022-08-12,경원선,양주,8010,7487,15497,523,8,12,금
2022-08-12,경원선,녹양,4693,4424,9117,269,8,12,금
2022-08-12,경원선,가능,7009,6533,13542,476,8,12,금
2022-08-12,경원선,의정부,19336,20734,40070,-1398,8,12,금
2022-08-12,경원선,회룡,12929,12623,25552,306,8,12,금
2022-08-12,경원선,망월사,7760,7794,15554,-34,8,12,금
2022-08-12,경원선,도봉산,8051,5176,13227,2875,8,12,금
2022-08-12,경원선,도봉,6319,5843,12162,476,8,12,금
2022-08-12,경원선,방학,9919,9631,19550,288,8,12,금
2022-08-12,경원선,녹천,4752,3789,8541,963,8,12,금
2022-08-12,경원선,월계,6471,5899,12370,572,8,12,금
2022-08-12,경원선,광운대,7459,6966,14425,493,8,12,금
2022-08-12,경원선,석계,8258,9137,17395,-879,8,12,금
2022-08-12,경원선,신이문,8520,7602,16122,918,8,12,금
2022-08-12,경원선,외대앞,7709,7395,15104,314,8,12,금
2022-08-12,경원선,청량리(서울시립대입구),18141,19753,37894,-1612,8,12,금
2022-08-12,경원선,왕십리(성동구청),16015,17921,33936,-1906,8,12,금
2022-08-12,경원선,응봉,1901,1541,3442,360,8,12,금
2022-08-12,경원선,옥수,67,34,101,33,8,12,금
2022-08-12,2호선,용답,2860,2647,5507,213,8,12,금
2022-08-12,경원선,한남,4349,4141,8490,208,8,12,금
2022-08-12,경원선,서빙고,2403,2129,4532,274,8,12,금
2022-08-12,경원선,이촌(국립중앙박물관),4375,3167,7542,1208,8,12,금
2022-08-12,경부선,광명,3924,3832,7756,92,8,12,금
2022-08-12,경부선,서동탄,1510,1338,2848,172,8,12,금
2022-08-12,경부선,당정,6347,5889,12236,458,8,12,금
2022-08-12,경부선,천안,5980,6424,12404,-444,8,12,금
2022-08-12,경부선,두정,6075,6105,12180,-30,8,12,금
2022-08-12,경부선,직산,974,926,1900,48,8,12,금
2022-08-12,경부선,성환,3787,3356,7143,431,8,12,금
2022-08-12,경부선,평택,13670,13366,27036,304,8,12,금
2022-08-12,경부선,평택지제,4511,4228,8739,283,8,12,금
2022-08-12,경부선,서정리,8845,7008,15853,1837,8,12,금
2022-08-12,경부선,송탄,5098,4511,9609,587,8,12,금
2022-08-12,경부선,진위,1899,1595,3494,304,8,12,금
2022-08-12,경부선,오산,10494,10271,20765,223,8,12,금
2022-08-12,경부선,오산대,3707,3399,7106,308,8,12,금
2022-08-12,경부선,세마,3117,2858,5975,259,8,12,금
2022-08-12,경부선,병점,15502,15045,30547,457,8,12,금
2022-08-12,경부선,세류,3350,3123,6473,227,8,12,금
2022-08-12,경부선,독산,18535,18601,37136,-66,8,12,금
2022-08-12,경부선,수원,38517,43013,81530,-4496,8,12,금
2022-08-12,경부선,화서,8136,7791,15927,345,8,12,금
2022-08-12,경부선,성균관대,14727,14202,28929,525,8,12,금
2022-08-12,경부선,의왕,9045,8814,17859,231,8,12,금
2022-08-12,경부선,군포,7728,7296,15024,432,8,12,금
2022-08-12,경부선,금정,27898,27991,55889,-93,8,12,금
2022-08-12,경부선,명학,8856,8509,17365,347,8,12,금
2022-08-12,경부선,안양,22198,22120,44318,78,8,12,금
2022-08-12,경부선,관악,7941,7642,15583,299,8,12,금
2022-08-12,경부선,석수,9473,8376,17849,1097,8,12,금
2022-08-12,경부선,금천구청,11632,11429,23061,203,8,12,금
2022-08-12,경부선,가산디지털단지,17994,20618,38612,-2624,8,12,금
2022-08-12,경부선,구로,18720,19274,37994,-554,8,12,금
2022-08-12,경부선,신길,9196,7679,16875,1517,8,12,금
2022-08-12,경부선,신도림,4129,4217,8346,-88,8,12,금
2022-08-12,경부선,영등포,44170,46650,90820,-2480,8,12,금
2022-08-12,경부선,대방,11241,11923,23164,-682,8,12,금
2022-08-12,경부선,노량진,8661,7909,16570,752,8,12,금
2022-08-12,경부선,용산,44929,48459,93388,-3530,8,12,금
2022-08-12,경부선,남영,9112,9468,18580,-356,8,12,금
2022-08-12,경부선,서울역,9803,3324,13127,6479,8,12,금
2022-08-12,경강선,여주,2468,2692,5160,-224,8,12,금
2022-08-12,경강선,세종대왕릉,392,440,832,-48,8,12,금
2022-08-12,경강선,부발,2614,2128,4742,486,8,12,금
2022-08-12,경강선,이천,2995,3117,6112,-122,8,12,금
2022-08-12,경강선,신둔도예촌,1614,1484,3098,130,8,12,금
2022-08-12,경강선,곤지암,2344,2251,4595,93,8,12,금
2022-08-12,경강선,초월,3459,3241,6700,218,8,12,금
2022-08-12,경강선,경기광주,8363,7616,15979,747,8,12,금
2022-08-12,경강선,삼동,2592,2283,4875,309,8,12,금
2022-08-12,경강선,이매,1166,1036,2202,130,8,12,금
2022-08-12,경강선,판교,5443,5463,10906,-20,8,12,금
2022-08-12,9호선2~3단계,중앙보훈병원,11423,9944,21367,1479,8,12,금
2022-08-12,9호선2~3단계,둔촌오륜,1021,1006,2027,15,8,12,금
2022-08-12,9호선2~3단계,올림픽공원(한국체대),13012,13359,26371,-347,8,12,금
2022-08-12,9호선2~3단계,한성백제,2910,2633,5543,277,8,12,금
2022-08-12,9호선2~3단계,송파나루,5739,6332,12071,-593,8,12,금
2022-08-12,9호선2~3단계,석촌,9483,8339,17822,1144,8,12,금
2022-08-12,9호선2~3단계,석촌고분,6857,6528,13385,329,8,12,금
2022-08-12,9호선2~3단계,삼전,7525,7049,14574,476,8,12,금
2022-08-12,9호선2~3단계,종합운동장,7160,5679,12839,1481,8,12,금
2022-08-12,9호선2~3단계,봉은사,22045,22553,44598,-508,8,12,금
2022-08-12,9호선2~3단계,삼성중앙,7677,7849,15526,-172,8,12,금
2022-08-12,9호선2~3단계,선정릉,10461,11342,21803,-881,8,12,금
2022-08-12,9호선2~3단계,언주,11701,11557,23258,144,8,12,금
2022-08-12,9호선,신논현,34353,34224,68577,129,8,12,금
2022-08-12,9호선,사평,4223,3863,8086,360,8,12,금
2022-08-12,9호선,고속터미널,14957,21682,36639,-6725,8,12,금
2022-08-12,9호선,신반포,3872,3837,7709,35,8,12,금
2022-08-12,9호선,구반포,1359,1418,2777,-59,8,12,금
2022-08-12,9호선,동작(현충원),1882,1414,3296,468,8,12,금
2022-08-12,9호선,흑석(중앙대입구),8727,9000,17727,-273,8,12,금
2022-08-12,9호선,노들,4967,4033,9000,934,8,12,금
2022-08-12,9호선,노량진,26842,26245,53087,597,8,12,금
2022-08-12,9호선,샛강,6611,6727,13338,-116,8,12,금
2022-08-12,9호선,여의도,31896,29884,61780,2012,8,12,금
2022-08-12,9호선,국회의사당,17989,18521,36510,-532,8,12,금
2022-08-12,9호선,당산,20224,19853,40077,371,8,12,금
2022-08-12,9호선,선유도,9226,8296,17522,930,8,12,금
2022-08-12,9호선,신목동,4384,3665,8049,719,8,12,금
2022-08-12,중앙선,지평,80,94,174,-14,8,12,금
2022-08-12,중앙선,용문,2188,2566,4754,-378,8,12,금
2022-08-12,5호선,여의도,30000,31735,61735,-1735,8,12,금
2022-08-12,5호선,여의나루,12640,14398,27038,-1758,8,12,금
2022-08-12,5호선,마포,14629,15219,29848,-590,8,12,금
2022-08-12,5호선,공덕,14111,14778,28889,-667,8,12,금
2022-08-12,5호선,애오개,6903,6745,13648,158,8,12,금
2022-08-12,5호선,충정로(경기대입구),4798,4648,9446,150,8,12,금
2022-08-12,5호선,서대문,17571,18056,35627,-485,8,12,금
2022-08-12,5호선,광화문(세종문화회관),35057,36633,71690,-1576,8,12,금
2022-08-12,5호선,종로3가,14738,15239,29977,-501,8,12,금
2022-08-12,5호선,을지로4가,6380,6662,13042,-282,8,12,금
2022-08-12,5호선,동대문역사문화공원(DDP),3230,3875,7105,-645,8,12,금
2022-08-12,5호선,청구,3797,3608,7405,189,8,12,금
2022-08-12,5호선,신금호,6333,6340,12673,-7,8,12,금
2022-08-12,5호선,행당,8334,7127,15461,1207,8,12,금
2022-08-12,5호선,왕십리(성동구청),4638,5452,10090,-814,8,12,금
2022-08-12,5호선,마장,5535,5109,10644,426,8,12,금
2022-08-12,5호선,답십리,16467,14626,31093,1841,8,12,금
2022-08-12,5호선,장한평,18838,18478,37316,360,8,12,금
2022-08-12,5호선,군자(능동),11496,12551,24047,-1055,8,12,금
2022-08-12,5호선,아차산(어린이대공원후문),14878,14116,28994,762,8,12,금
2022-08-12,5호선,광나루(장신대),13427,12025,25452,1402,8,12,금
2022-08-12,5호선,천호(풍납토성),20193,20211,40404,-18,8,12,금
2022-08-12,5호선,강동,19030,17784,36814,1246,8,12,금
2022-08-12,5호선,길동,8458,8754,17212,-296,8,12,금
2022-08-12,5호선,굽은다리(강동구민회관앞),9935,9464,19399,471,8,12,금
2022-08-12,5호선,명일,8758,8904,17662,-146,8,12,금
2022-08-12,5호선,고덕,10043,9872,19915,171,8,12,금
2022-08-12,5호선,상일동,15142,13691,28833,1451,8,12,금
2022-08-12,5호선,둔촌동,8370,8439,16809,-69,8,12,금
2022-08-12,5호선,올림픽공원(한국체대),6553,6608,13161,-55,8,12,금
2022-08-12,5호선,방이,7331,7833,15164,-502,8,12,금
2022-08-12,5호선,오금,3633,3577,7210,56,8,12,금
2022-08-12,5호선,개롱,6615,6758,13373,-143,8,12,금
2022-08-12,5호선,거여,10206,9493,19699,713,8,12,금
2022-08-12,5호선,마천,7358,6902,14260,456,8,12,금
2022-08-12,5호선,강일,4627,4358,8985,269,8,12,금
2022-08-12,5호선,미사,16855,17015,33870,-160,8,12,금
2022-08-12,5호선,하남풍산,4259,4154,8413,105,8,12,금
2022-08-12,5호선,하남시청(덕풍·신장),7234,6884,14118,350,8,12,금
2022-08-12,5호선,하남검단산,6239,5903,12142,336,8,12,금
2022-08-12,6호선,응암,17809,17286,35095,523,8,12,금
2022-08-12,6호선,역촌,3970,4333,8303,-363,8,12,금
2022-08-12,6호선,불광,4675,4436,9111,239,8,12,금
2022-08-12,6호선,독바위,2863,2903,5766,-40,8,12,금
2022-08-12,6호선,연신내,1,0,1,1,8,12,금
2022-08-12,6호선,구산,7688,5723,13411,1965,8,12,금
2022-08-12,6호선,새절(신사),12686,11513,24199,1173,8,12,금
2022-08-12,6호선,증산(명지대앞),10135,9853,19988,282,8,12,금
2022-08-12,6호선,디지털미디어시티,14098,15308,29406,-1210,8,12,금
2022-08-12,6호선,월드컵경기장(성산),4678,4855,9533,-177,8,12,금
2022-08-12,6호선,마포구청,14651,12821,27472,1830,8,12,금
2022-08-12,6호선,망원,15207,16418,31625,-1211,8,12,금
2022-08-12,6호선,합정,14683,14560,29243,123,8,12,금
2022-08-12,6호선,상수,9983,12222,22205,-2239,8,12,금
2022-08-12,6호선,광흥창(서강),9484,9065,18549,419,8,12,금
2022-08-12,6호선,대흥(서강대앞),8396,8490,16886,-94,8,12,금
2022-08-12,6호선,공덕,18572,18062,36634,510,8,12,금
2022-08-12,6호선,효창공원앞,7438,6418,13856,1020,8,12,금
2022-08-12,6호선,삼각지,7647,6358,14005,1289,8,12,금
2022-08-12,6호선,녹사평(용산구청),5301,5871,11172,-570,8,12,금
2022-08-12,6호선,이태원,13205,17701,30906,-4496,8,12,금
2022-08-12,6호선,한강진,8445,10189,18634,-1744,8,12,금
2022-08-12,6호선,버티고개,2217,2135,4352,82,8,12,금
2022-08-12,6호선,약수,3614,3789,7403,-175,8,12,금
2022-08-12,6호선,청구,3714,3709,7423,5,8,12,금
2022-08-12,6호선,신당,7001,6866,13867,135,8,12,금
2022-08-12,6호선,동묘앞,7118,7348,14466,-230,8,12,금
2022-08-12,6호선,창신,3297,2594,5891,703,8,12,금
2022-08-12,6호선,보문,7534,6564,14098,970,8,12,금
2022-08-12,6호선,안암(고대병원앞),10602,10251,20853,351,8,12,금
2022-08-12,6호선,고려대(종암),8036,7380,15416,656,8,12,금
2022-08-12,6호선,월곡(동덕여대),11747,11241,22988,506,8,12,금
2022-08-12,6호선,상월곡(한국과학기술연구원),6228,5415,11643,813,8,12,금
2022-08-12,6호선,돌곶이,9265,8556,17821,709,8,12,금
2022-08-12,6호선,석계,12209,12164,24373,45,8,12,금
2022-08-12,6호선,태릉입구,5638,6005,11643,-367,8,12,금
2022-08-12,6호선,화랑대(서울여대입구),11245,8661,19906,2584,8,12,금
2022-08-12,6호선,봉화산(서울의료원),8897,8326,17223,571,8,12,금
2022-08-12,7호선,장암,2334,1067,3401,1267,8,12,금
2022-08-12,7호선,도봉산,8918,10293,19211,-1375,8,12,금
2022-08-12,7호선,수락산,12603,12463,25066,140,8,12,금
2022-08-12,7호선,마들,13248,12257,25505,991,8,12,금
2022-08-12,7호선,노원,21169,22858,44027,-1689,8,12,금
2022-08-12,7호선,중계,14198,12362,26560,1836,8,12,금
2022-08-12,7호선,하계,17547,16089,33636,1458,8,12,금
2022-08-12,7호선,공릉(서울과학기술대),11736,11533,23269,203,8,12,금
2022-08-12,7호선,태릉입구,8718,8065,16783,653,8,12,금
2022-08-12,7호선,먹골,10542,10250,20792,292,8,12,금
2022-08-12,7호선,중화,10691,10262,20953,429,8,12,금
2022-08-12,7호선,상봉(시외버스터미널),17615,16770,34385,845,8,12,금
2022-08-12,7호선,면목,15309,14712,30021,597,8,12,금
2022-08-12,7호선,사가정,16140,16096,32236,44,8,12,금
2022-08-12,7호선,용마산(용마폭포공원),6107,5713,11820,394,8,12,금
2022-08-12,7호선,중곡,10793,10153,20946,640,8,12,금
2022-08-12,7호선,군자(능동),15697,12395,28092,3302,8,12,금
2022-08-12,7호선,어린이대공원(세종대),12964,12727,25691,237,8,12,금
2022-08-12,7호선,건대입구,13185,13772,26957,-587,8,12,금
2022-08-12,7호선,뚝섬유원지,8944,8396,17340,548,8,12,금
2022-08-12,7호선,청담,20228,22566,42794,-2338,8,12,금
2022-08-12,7호선,강남구청,16712,18767,35479,-2055,8,12,금
2022-08-12,7호선,학동,24092,25358,49450,-1266,8,12,금
2022-08-12,7호선,논현,19079,20598,39677,-1519,8,12,금
2022-08-12,7호선,반포,6312,6045,12357,267,8,12,금
2022-08-12,7호선,고속터미널,18189,15333,33522,2856,8,12,금
2022-08-12,7호선,내방,14964,15158,30122,-194,8,12,금
2022-08-12,7호선,이수,15843,14994,30837,849,8,12,금
2022-08-12,7호선,남성,11526,10337,21863,1189,8,12,금
2022-08-12,7호선,숭실대입구(살피재),12153,11899,24052,254,8,12,금
2022-08-12,7호선,상도,11501,10535,22036,966,8,12,금
2022-08-12,7호선,장승배기,9482,9200,18682,282,8,12,금
2022-08-12,7호선,신대방삼거리,15603,14193,29796,1410,8,12,금
2022-08-12,9호선,염창,18616,17499,36115,1117,8,12,금
2022-08-12,9호선,등촌,12369,11660,24029,709,8,12,금
2022-08-12,9호선,증미,8184,7708,15892,476,8,12,금
2022-08-12,9호선,가양,22319,21152,43471,1167,8,12,금
2022-08-12,9호선,양천향교,10276,10297,20573,-21,8,12,금
2022-08-12,9호선,마곡나루(서울식물원),13027,12859,25886,168,8,12,금
2022-08-12,9호선,신방화,7058,6704,13762,354,8,12,금
2022-08-12,9호선,공항시장,3166,3273,6439,-107,8,12,금
2022-08-12,9호선,김포공항,8800,13500,22300,-4700,8,12,금
2022-08-12,9호선,개화,2789,1926,4715,863,8,12,금
2022-08-12,8호선,남위례,5566,5572,11138,-6,8,12,금
2022-08-12,8호선,모란,4708,3969,8677,739,8,12,금
2022-08-12,8호선,수진,5573,5031,10604,542,8,12,금
2022-08-12,8호선,신흥,4486,4890,9376,-404,8,12,금
2022-08-12,8호선,단대오거리,10850,10125,20975,725,8,12,금
2022-08-12,8호선,남한산성입구(성남법원.검찰청),13820,11830,25650,1990,8,12,금
2022-08-12,8호선,산성,5282,5206,10488,76,8,12,금
2022-08-12,8호선,복정,9267,7699,16966,1568,8,12,금
2022-08-12,8호선,장지,17636,16626,34262,1010,8,12,금
2022-08-12,8호선,문정,21655,22426,44081,-771,8,12,금
2022-08-12,8호선,가락시장,8007,9019,17026,-1012,8,12,금
2022-08-12,8호선,송파,8721,8447,17168,274,8,12,금
2022-08-12,8호선,석촌,7870,9169,17039,-1299,8,12,금
2022-08-12,8호선,잠실(송파구청),16085,18773,34858,-2688,8,12,금
2022-08-12,8호선,몽촌토성(평화의문),6234,6487,12721,-253,8,12,금
2022-08-12,8호선,강동구청,10432,10684,21116,-252,8,12,금
2022-08-12,8호선,천호(풍납토성),15468,18212,33680,-2744,8,12,금
2022-08-12,8호선,암사,19328,16653,35981,2675,8,12,금
2022-08-12,7호선,온수(성공회대입구),9671,8858,18529,813,8,12,금
2022-08-12,7호선,천왕,11585,10716,22301,869,8,12,금
2022-08-12,7호선,광명사거리,22311,21939,44250,372,8,12,금
2022-08-12,7호선,철산,22154,22793,44947,-639,8,12,금
2022-08-12,7호선,가산디지털단지,44383,43633,88016,750,8,12,금
2022-08-12,7호선,남구로,15355,16268,31623,-913,8,12,금
2022-08-12,7호선,대림(구로구청),8287,8458,16745,-171,8,12,금
2022-08-12,7호선,보라매,7732,7504,15236,228,8,12,금
2022-08-13,경원선,응봉,1279,1055,2334,224,8,13,토
2022-08-13,경원선,옥수,37,35,72,2,8,13,토
2022-08-13,경원선,한남,2475,2418,4893,57,8,13,토
2022-08-13,경원선,서빙고,1381,1287,2668,94,8,13,토
2022-08-13,경원선,이촌(국립중앙박물관),2651,2005,4656,646,8,13,토
2022-08-13,경부선,광명,2608,2553,5161,55,8,13,토
2022-08-13,경부선,서동탄,881,956,1837,-75,8,13,토
2022-08-13,경부선,당정,3609,3386,6995,223,8,13,토
2022-08-13,경부선,천안,5947,6425,12372,-478,8,13,토
2022-08-13,경부선,두정,4980,5101,10081,-121,8,13,토
2022-08-13,경부선,직산,641,601,1242,40,8,13,토
2022-08-13,경부선,성환,2859,2634,5493,225,8,13,토
2022-08-13,경부선,평택,12692,12499,25191,193,8,13,토
2022-08-13,경부선,평택지제,3442,3218,6660,224,8,13,토
2022-08-13,경부선,서정리,7036,5197,12233,1839,8,13,토
2022-08-13,경부선,송탄,4653,3946,8599,707,8,13,토
2022-08-13,경부선,진위,1061,820,1881,241,8,13,토
2022-08-13,경부선,오산,9027,8378,17405,649,8,13,토
2022-08-13,경부선,오산대,2569,2334,4903,235,8,13,토
2022-08-13,경부선,세마,2107,1898,4005,209,8,13,토
2022-08-13,경부선,병점,11295,10921,22216,374,8,13,토
2022-08-13,경부선,세류,2375,2442,4817,-67,8,13,토
2022-08-13,경부선,독산,8000,7422,15422,578,8,13,토
2022-08-13,경부선,수원,34684,39329,74013,-4645,8,13,토
2022-08-13,경부선,화서,4970,4950,9920,20,8,13,토
2022-08-13,경부선,성균관대,9353,9076,18429,277,8,13,토
2022-08-13,경부선,의왕,5287,5060,10347,227,8,13,토
2022-08-13,경부선,군포,3944,3582,7526,362,8,13,토
2022-08-13,경부선,금정,17843,17874,35717,-31,8,13,토
2022-08-13,경부선,명학,4194,3883,8077,311,8,13,토
2022-08-13,경부선,안양,15737,15649,31386,88,8,13,토
2022-08-13,경부선,관악,5064,4945,10009,119,8,13,토
2022-08-13,경부선,석수,5733,5211,10944,522,8,13,토
2022-08-13,경부선,금천구청,6989,6950,13939,39,8,13,토
2022-08-13,경부선,가산디지털단지,5479,7061,12540,-1582,8,13,토
2022-08-13,경부선,구로,11495,11560,23055,-65,8,13,토
2022-08-13,경부선,신길,5430,4268,9698,1162,8,13,토
2022-08-13,경부선,신도림,2523,2687,5210,-164,8,13,토
2022-08-13,경부선,영등포,37565,40673,78238,-3108,8,13,토
2022-08-13,경부선,대방,5983,6293,12276,-310,8,13,토
2022-08-13,경부선,노량진,7343,6289,13632,1054,8,13,토
2022-08-13,경부선,용산,38597,44585,83182,-5988,8,13,토
2022-08-13,경부선,남영,6297,5568,11865,729,8,13,토
2022-08-13,경부선,서울역,8801,2693,11494,6108,8,13,토
2022-08-13,경강선,여주,2250,2632,4882,-382,8,13,토
2022-08-13,경강선,세종대왕릉,345,386,731,-41,8,13,토
2022-08-13,경강선,부발,2010,1648,3658,362,8,13,토
2022-08-13,경강선,이천,2670,2630,5300,40,8,13,토
2022-08-13,경강선,신둔도예촌,1138,1187,2325,-49,8,13,토
2022-08-13,경강선,곤지암,1860,1863,3723,-3,8,13,토
2022-08-13,경강선,초월,2194,2049,4243,145,8,13,토
2022-08-13,경강선,경기광주,5391,5021,10412,370,8,13,토
2022-08-13,경강선,삼동,1509,1316,2825,193,8,13,토
2022-08-13,경강선,이매,859,609,1468,250,8,13,토
2022-08-13,경강선,판교,2934,2980,5914,-46,8,13,토
2022-08-13,9호선2~3단계,중앙보훈병원,4556,4134,8690,422,8,13,토
2022-08-13,9호선2~3단계,둔촌오륜,565,548,1113,17,8,13,토
2022-08-13,9호선2~3단계,올림픽공원(한국체대),11495,11152,22647,343,8,13,토
2022-08-13,9호선2~3단계,한성백제,1798,1486,3284,312,8,13,토
2022-08-13,9호선2~3단계,송파나루,3888,4238,8126,-350,8,13,토
2022-08-13,분당선,상갈,3445,3480,6925,-35,8,13,토
2022-08-13,분당선,기흥,6299,6030,12329,269,8,13,토
2022-08-13,분당선,신갈,2556,2524,5080,32,8,13,토
2022-08-13,분당선,구성,3143,3115,6258,28,8,13,토
2022-08-13,분당선,죽전,8865,9961,18826,-1096,8,13,토
2022-08-13,분당선,보정,1604,1465,3069,139,8,13,토
2022-08-13,분당선,이매,4298,3998,8296,300,8,13,토
2022-08-13,분당선,오리,6781,5486,12267,1295,8,13,토
2022-08-13,분당선,미금,9743,9946,19689,-203,8,13,토
2022-08-13,분당선,정자,10048,10292,20340,-244,8,13,토
2022-08-13,분당선,수내,8504,7932,16436,572,8,13,토
2022-08-13,분당선,서현,17982,18216,36198,-234,8,13,토
2022-08-13,분당선,야탑,16282,17532,33814,-1250,8,13,토
2022-08-13,분당선,모란,14468,14968,29436,-500,8,13,토
2022-08-13,분당선,태평,10146,9122,19268,1024,8,13,토
2022-08-13,분당선,가천대,4262,4517,8779,-255,8,13,토
2022-08-13,분당선,선정릉,2830,2757,5587,73,8,13,토
2022-08-13,분당선,강남구청,4563,5445,10008,-882,8,13,토
2022-08-13,분당선,압구정로데오,15310,18258,33568,-2948,8,13,토
2022-08-13,분당선,서울숲,7227,7445,14672,-218,8,13,토
2022-08-13,분당선,수원,6861,5779,12640,1082,8,13,토
2022-08-13,분당선,수서,9437,10595,20032,-1158,8,13,토
2022-08-13,분당선,대모산입구,2911,2539,5450,372,8,13,토
2022-08-13,분당선,개포동,2442,2457,4899,-15,8,13,토
2022-08-13,분당선,구룡,1638,1506,3144,132,8,13,토
2022-08-13,분당선,도곡,4187,3766,7953,421,8,13,토
2022-08-13,분당선,한티,13416,12510,25926,906,8,13,토
2022-08-13,분당선,선릉,4602,6734,11336,-2132,8,13,토
2022-08-13,과천선,범계,18511,18164,36675,347,8,13,토
2022-08-13,과천선,평촌,8240,7956,16196,284,8,13,토
2022-08-13,과천선,인덕원,14518,14407,28925,111,8,13,토
2022-08-13,과천선,정부과천청사,5864,5691,11555,173,8,13,토
2022-08-13,과천선,과천,4380,4007,8387,373,8,13,토
2022-08-13,과천선,대공원,3224,3443,6667,-219,8,13,토
2022-08-13,9호선2~3단계,석촌,6383,5108,11491,1275,8,13,토
2022-08-13,9호선2~3단계,석촌고분,4317,3962,8279,355,8,13,토
2022-08-13,9호선2~3단계,삼전,4927,4384,9311,543,8,13,토
2022-08-13,9호선2~3단계,종합운동장,9712,4597,14309,5115,8,13,토
2022-08-13,9호선2~3단계,봉은사,13170,14296,27466,-1126,8,13,토
2022-08-13,9호선2~3단계,삼성중앙,3008,3157,6165,-149,8,13,토
2022-08-13,9호선2~3단계,선정릉,3948,4370,8318,-422,8,13,토
2022-08-13,9호선2~3단계,언주,5429,5370,10799,59,8,13,토
2022-08-13,9호선,신논현,21711,21571,43282,140,8,13,토
2022-08-13,9호선,사평,2368,2146,4514,222,8,13,토
2022-08-13,9호선,고속터미널,12189,19880,32069,-7691,8,13,토
2022-08-13,9호선,신반포,2517,2405,4922,112,8,13,토
2022-08-13,9호선,구반포,570,560,1130,10,8,13,토
2022-08-13,9호선,동작(현충원),1091,957,2048,134,8,13,토
2022-08-13,9호선,흑석(중앙대입구),5163,5123,10286,40,8,13,토
2022-08-13,9호선,노들,2981,2463,5444,518,8,13,토
2022-08-13,9호선,노량진,19093,18568,37661,525,8,13,토
2022-08-13,9호선,여의도,12476,11116,23592,1360,8,13,토
2022-08-13,9호선,국회의사당,3817,3858,7675,-41,8,13,토
2022-08-13,9호선,당산,12657,12084,24741,573,8,13,토
2022-08-13,9호선,선유도,3431,3034,6465,397,8,13,토
2022-08-13,9호선,신목동,2297,1927,4224,370,8,13,토
2022-08-13,9호선,염창,11273,9750,21023,1523,8,13,토
2022-08-13,9호선,등촌,6802,6259,13061,543,8,13,토
2022-08-13,9호선,증미,3863,3606,7469,257,8,13,토
2022-08-13,9호선,가양,13051,12026,25077,1025,8,13,토
2022-08-13,9호선,양천향교,5450,4979,10429,471,8,13,토
2022-08-13,9호선,마곡나루(서울식물원),7279,7026,14305,253,8,13,토
2022-08-13,9호선,신방화,4462,4231,8693,231,8,13,토
2022-08-13,9호선,공항시장,2117,2224,4341,-107,8,13,토
2022-08-13,9호선,김포공항,7658,12270,19928,-4612,8,13,토
2022-08-13,9호선,개화,1337,1143,2480,194,8,13,토
2022-08-13,8호선,남위례,3145,3224,6369,-79,8,13,토
2022-08-13,8호선,모란,3465,3046,6511,419,8,13,토
2022-08-13,8호선,수진,4053,3502,7555,551,8,13,토
2022-08-13,8호선,신흥,3330,3601,6931,-271,8,13,토
2022-08-13,8호선,단대오거리,7097,6400,13497,697,8,13,토
2022-08-13,8호선,남한산성입구(성남법원.검찰청),8209,7005,15214,1204,8,13,토
2022-08-13,8호선,산성,3529,3495,7024,34,8,13,토
2022-08-13,8호선,복정,5284,4449,9733,835,8,13,토
2022-08-13,8호선,장지,10670,10149,20819,521,8,13,토
2022-08-13,8호선,문정,6986,6885,13871,101,8,13,토
2022-08-13,8호선,가락시장,4843,5015,9858,-172,8,13,토
2022-08-13,8호선,송파,5632,5403,11035,229,8,13,토
2022-08-13,8호선,석촌,5073,6022,11095,-949,8,13,토
2022-08-13,8호선,잠실(송파구청),12979,15482,28461,-2503,8,13,토
2022-08-13,8호선,몽촌토성(평화의문),3931,3862,7793,69,8,13,토
2022-08-13,8호선,강동구청,5628,5520,11148,108,8,13,토
2022-08-13,8호선,천호(풍납토성),10838,12570,23408,-1732,8,13,토
2022-08-13,8호선,암사,11455,10118,21573,1337,8,13,토
2022-08-13,7호선,온수(성공회대입구),5012,4888,9900,124,8,13,토
2022-08-13,7호선,천왕,6257,5755,12012,502,8,13,토
2022-08-13,7호선,광명사거리,15345,15038,30383,307,8,13,토
2022-08-13,7호선,철산,13692,13948,27640,-256,8,13,토
2022-08-13,7호선,가산디지털단지,12208,10764,22972,1444,8,13,토
2022-08-13,7호선,남구로,7732,8109,15841,-377,8,13,토
2022-08-13,7호선,대림(구로구청),6769,7222,13991,-453,8,13,토
2022-08-13,7호선,신풍,7430,7139,14569,291,8,13,토
2022-08-13,7호선,보라매,4331,4112,8443,219,8,13,토
2022-08-13,7호선,신대방삼거리,9759,8732,18491,1027,8,13,토
2022-08-13,7호선,장승배기,6157,5606,11763,551,8,13,토
2022-08-13,7호선,상도,6925,6200,13125,725,8,13,토
2022-08-13,7호선,숭실대입구(살피재),7175,6862,14037,313,8,13,토
2022-08-13,7호선,남성,7063,6264,13327,799,8,13,토
2022-08-13,7호선,이수,10139,9185,19324,954,8,13,토
2022-08-13,7호선,내방,7111,7235,14346,-124,8,13,토
2022-08-13,7호선,고속터미널,13946,10829,24775,3117,8,13,토
2022-08-13,7호선,반포,4109,3882,7991,227,8,13,토
2022-08-13,7호선,논현,8823,9392,18215,-569,8,13,토
2022-08-13,7호선,학동,9079,9412,18491,-333,8,13,토
2022-08-13,7호선,강남구청,8450,9450,17900,-1000,8,13,토
2022-08-13,7호선,청담,10009,10970,20979,-961,8,13,토
2022-08-13,7호선,뚝섬유원지,5607,5189,10796,418,8,13,토
2022-08-13,7호선,건대입구,9973,10128,20101,-155,8,13,토
2022-08-13,7호선,어린이대공원(세종대),7726,7280,15006,446,8,13,토
2022-08-13,7호선,군자(능동),9862,7279,17141,2583,8,13,토
2022-08-13,7호선,중곡,6286,5713,11999,573,8,13,토
2022-08-13,7호선,용마산(용마폭포공원),3798,3654,7452,144,8,13,토
2022-08-13,7호선,사가정,10709,10332,21041,377,8,13,토
2022-08-13,7호선,면목,9947,9166,19113,781,8,13,토
2022-08-13,7호선,상봉(시외버스터미널),12018,11439,23457,579,8,13,토
2022-08-13,7호선,중화,6802,6440,13242,362,8,13,토
2022-08-13,7호선,먹골,7040,6561,13601,479,8,13,토
2022-08-13,7호선,태릉입구,5963,5391,11354,572,8,13,토
2022-08-13,7호선,공릉(서울과학기술대),7458,7079,14537,379,8,13,토
2022-08-13,7호선,하계,10934,9996,20930,938,8,13,토
2022-08-13,7호선,중계,8255,7274,15529,981,8,13,토
2022-08-13,7호선,노원,14832,15269,30101,-437,8,13,토
2022-08-13,7호선,마들,8227,7403,15630,824,8,13,토
2022-08-13,7호선,수락산,9152,8840,17992,312,8,13,토
2022-08-13,7호선,도봉산,5416,7003,12419,-1587,8,13,토
2022-08-13,7호선,장암,1422,1005,2427,417,8,13,토
2022-08-13,6호선,봉화산(서울의료원),4770,4659,9429,111,8,13,토
2022-08-13,6호선,화랑대(서울여대입구),5863,4748,10611,1115,8,13,토
2022-08-13,6호선,태릉입구,3802,3889,7691,-87,8,13,토
2022-08-13,6호선,석계,7678,7701,15379,-23,8,13,토
2022-08-13,6호선,돌곶이,5624,5104,10728,520,8,13,토
2022-08-13,6호선,상월곡(한국과학기술연구원),3865,3178,7043,687,8,13,토
2022-08-13,6호선,월곡(동덕여대),6554,6112,12666,442,8,13,토
2022-08-13,6호선,고려대(종암),4632,4162,8794,470,8,13,토
2022-08-13,6호선,안암(고대병원앞),5445,5061,10506,384,8,13,토
2022-08-13,6호선,보문,4637,3977,8614,660,8,13,토
2022-08-13,6호선,창신,2032,1642,3674,390,8,13,토
2022-08-13,6호선,동묘앞,6021,6044,12065,-23,8,13,토
2022-08-13,6호선,신당,5247,4980,10227,267,8,13,토
2022-08-13,6호선,청구,2158,2110,4268,48,8,13,토
2022-08-13,6호선,약수,2341,2315,4656,26,8,13,토
2022-08-13,6호선,버티고개,1358,1415,2773,-57,8,13,토
2022-08-13,6호선,한강진,6629,8291,14920,-1662,8,13,토
2022-08-13,6호선,이태원,12566,16146,28712,-3580,8,13,토
2022-08-13,6호선,녹사평(용산구청),4086,4717,8803,-631,8,13,토
2022-08-13,6호선,삼각지,6174,3696,9870,2478,8,13,토
2022-08-13,6호선,효창공원앞,4208,3614,7822,594,8,13,토
2022-08-13,6호선,공덕,9192,8719,17911,473,8,13,토
2022-08-13,6호선,대흥(서강대앞),5264,5179,10443,85,8,13,토
2022-08-13,6호선,광흥창(서강),4968,4400,9368,568,8,13,토
2022-08-13,6호선,상수,7707,9732,17439,-2025,8,13,토
2022-08-13,6호선,합정,11028,10594,21622,434,8,13,토
2022-08-13,6호선,망원,11192,12251,23443,-1059,8,13,토
2022-08-13,6호선,마포구청,8782,7653,16435,1129,8,13,토
2022-08-13,6호선,월드컵경기장(성산),5002,5320,10322,-318,8,13,토
2022-08-13,6호선,디지털미디어시티,6885,6860,13745,25,8,13,토
2022-08-13,6호선,증산(명지대앞),6611,6237,12848,374,8,13,토
2022-08-13,6호선,새절(신사),7709,7013,14722,696,8,13,토
2022-08-13,6호선,구산,4980,3763,8743,1217,8,13,토
2022-08-13,6호선,독바위,1793,1889,3682,-96,8,13,토
2022-08-13,6호선,불광,3474,3149,6623,325,8,13,토
2022-08-13,6호선,역촌,2492,2775,5267,-283,8,13,토
2022-08-13,6호선,응암,11432,10825,22257,607,8,13,토
2022-08-13,5호선,하남검단산,5006,4904,9910,102,8,13,토
2022-08-13,과천선,경마공원,12304,12509,24813,-205,8,13,토
2022-08-13,공항철도 1호선,영종,3019,3178,6197,-159,8,13,토
2022-08-13,공항철도 1호선,인천공항2터미널,3265,3059,6324,206,8,13,토
2022-08-13,공항철도 1호선,인천공항1터미널,8034,8196,16230,-162,8,13,토
2022-08-13,공항철도 1호선,공항화물청사,1657,1656,3313,1,8,13,토
2022-08-13,공항철도 1호선,운서,6465,6587,13052,-122,8,13,토
2022-08-13,공항철도 1호선,청라국제도시,4155,3937,8092,218,8,13,토
2022-08-13,공항철도 1호선,검암,4108,4137,8245,-29,8,13,토
2022-08-13,공항철도 1호선,계양,7181,6261,13442,920,8,13,토
2022-08-13,공항철도 1호선,김포공항,11101,6000,17101,5101,8,13,토
2022-08-13,공항철도 1호선,마곡나루(서울식물원),2833,3055,5888,-222,8,13,토
2022-08-13,공항철도 1호선,디지털미디어시티,4919,4506,9425,413,8,13,토
2022-08-13,공항철도 1호선,홍대입구,12324,12896,25220,-572,8,13,토
2022-08-13,공항철도 1호선,공덕,1625,2183,3808,-558,8,13,토
2022-08-13,공항철도 1호선,서울역,8939,9623,18562,-684,8,13,토
2022-08-13,경춘선,춘천,1763,1805,3568,-42,8,13,토
2022-08-13,경춘선,남춘천,2700,3178,5878,-478,8,13,토
2022-08-13,경춘선,김유정,400,448,848,-48,8,13,토
2022-08-13,경춘선,강촌,567,747,1314,-180,8,13,토
2022-08-13,경춘선,백양리,126,127,253,-1,8,13,토
2022-08-13,경춘선,굴봉산,161,137,298,24,8,13,토
2022-08-13,경춘선,가평,2806,3802,6608,-996,8,13,토
2022-08-13,경춘선,상천,311,288,599,23,8,13,토
2022-08-13,경춘선,청평,1919,2307,4226,-388,8,13,토
2022-08-13,경춘선,대성리,1097,1073,2170,24,8,13,토
2022-08-13,경춘선,마석,3378,3293,6671,85,8,13,토
2022-08-13,경춘선,천마산,1217,1181,2398,36,8,13,토
2022-08-13,경춘선,평내호평,4244,4090,8334,154,8,13,토
2022-08-13,경춘선,금곡,1116,1018,2134,98,8,13,토
2022-08-13,경춘선,사릉,1534,1472,3006,62,8,13,토
2022-08-13,경춘선,퇴계원,2292,2076,4368,216,8,13,토
2022-08-13,경춘선,별내,2062,1916,3978,146,8,13,토
2022-08-13,경춘선,갈매,1745,1485,3230,260,8,13,토
2022-08-13,경춘선,신내,1266,1142,2408,124,8,13,토
2022-08-13,경인선,도화,2899,2695,5594,204,8,13,토
2022-08-13,경인선,중동,5986,5601,11587,385,8,13,토
2022-08-13,경인선,온수(성공회대입구),4379,3939,8318,440,8,13,토
2022-08-13,경인선,도원,3407,3430,6837,-23,8,13,토
2022-08-13,경인선,간석,3999,3816,7815,183,8,13,토
2022-08-13,경인선,부개,5828,5420,11248,408,8,13,토
2022-08-13,경인선,소사,5928,5784,11712,144,8,13,토
2022-08-13,경인선,구일,3935,3702,7637,233,8,13,토
2022-08-13,경인선,인천,3781,3516,7297,265,8,13,토
2022-08-13,경인선,동인천,10424,10466,20890,-42,8,13,토
2022-08-13,경인선,제물포,6682,6321,13003,361,8,13,토
2022-08-13,경인선,주안,14172,12612,26784,1560,8,13,토
2022-08-13,경인선,동암,11848,11845,23693,3,8,13,토
2022-08-13,경인선,백운,5025,4781,9806,244,8,13,토
2022-08-13,경인선,부평,25226,28133,53359,-2907,8,13,토
2022-08-13,경인선,송내,16866,16280,33146,586,8,13,토
2022-08-13,경인선,부천,25624,26332,51956,-708,8,13,토
2022-08-13,경인선,역곡,18091,17368,35459,723,8,13,토
2022-08-13,2호선,영등포구청,10692,10932,21624,-240,8,13,토
2022-08-13,중앙선,원덕,332,384,716,-52,8,13,토
2022-08-13,중앙선,양평,3343,3737,7080,-394,8,13,토
2022-08-13,중앙선,오빈,291,325,616,-34,8,13,토
2022-08-13,중앙선,아신,482,585,1067,-103,8,13,토
2022-08-13,중앙선,국수,520,518,1038,2,8,13,토
2022-08-13,중앙선,신원,165,177,342,-12,8,13,토
2022-08-13,중앙선,양수,1833,2003,3836,-170,8,13,토
2022-08-13,중앙선,운길산,805,870,1675,-65,8,13,토
2022-08-13,중앙선,팔당,1064,1202,2266,-138,8,13,토
2022-08-13,중앙선,도심,1533,1270,2803,263,8,13,토
2022-08-13,중앙선,덕소,4126,4154,8280,-28,8,13,토
2022-08-13,중앙선,양정,545,459,1004,86,8,13,토
2022-08-13,중앙선,도농,6795,6357,13152,438,8,13,토
2022-08-13,중앙선,구리,9343,9338,18681,5,8,13,토
2022-08-13,중앙선,양원,1733,1505,3238,228,8,13,토
2022-08-13,중앙선,망우,6108,5974,12082,134,8,13,토
2022-08-13,중앙선,상봉(시외버스터미널),4541,4236,8777,305,8,13,토
2022-08-13,중앙선,중랑,4213,3877,8090,336,8,13,토
2022-08-13,중앙선,회기,17940,16092,34032,1848,8,13,토
2022-08-13,장항선,신창(순천향대),961,918,1879,43,8,13,토
2022-08-13,장항선,온양온천,3274,3421,6695,-147,8,13,토
2022-08-13,장항선,배방,969,899,1868,70,8,13,토
2022-08-13,장항선,탕정,733,564,1297,169,8,13,토
2022-08-13,장항선,아산,2832,2998,5830,-166,8,13,토
2022-08-13,장항선,쌍용(나사렛대),1487,1387,2874,100,8,13,토
2022-08-13,장항선,봉명,708,627,1335,81,8,13,토
2022-08-13,일산선,대화,8009,7143,15152,866,8,13,토
2022-08-13,일산선,주엽,6286,6090,12376,196,8,13,토
2022-08-13,5호선,하남시청(덕풍·신장),5214,4895,10109,319,8,13,토
2022-08-13,5호선,하남풍산,2700,2719,5419,-19,8,13,토
2022-08-13,5호선,미사,11404,11306,22710,98,8,13,토
2022-08-13,5호선,강일,2896,2600,5496,296,8,13,토
2022-08-13,5호선,마천,4210,4310,8520,-100,8,13,토
2022-08-13,5호선,거여,5765,5381,11146,384,8,13,토
2022-08-13,5호선,개롱,3851,3943,7794,-92,8,13,토
2022-08-13,5호선,오금,1794,1789,3583,5,8,13,토
2022-08-13,5호선,방이,4665,4579,9244,86,8,13,토
2022-08-13,5호선,올림픽공원(한국체대),5037,5057,10094,-20,8,13,토
2022-08-13,5호선,둔촌동,5288,5202,10490,86,8,13,토
2022-08-13,5호선,상일동,8305,7916,16221,389,8,13,토
2022-08-13,5호선,고덕,5899,5573,11472,326,8,13,토
2022-08-13,5호선,명일,5364,5233,10597,131,8,13,토
2022-08-13,5호선,굽은다리(강동구민회관앞),6660,6291,12951,369,8,13,토
2022-08-13,5호선,길동,5476,5578,11054,-102,8,13,토
2022-08-13,5호선,강동,11678,10783,22461,895,8,13,토
2022-08-13,5호선,천호(풍납토성),14937,14458,29395,479,8,13,토
2022-08-13,5호선,광나루(장신대),10575,10102,20677,473,8,13,토
2022-08-13,5호선,아차산(어린이대공원후문),10076,9612,19688,464,8,13,토
2022-08-13,5호선,군자(능동),7517,8093,15610,-576,8,13,토
2022-08-13,5호선,장한평,10365,9932,20297,433,8,13,토
2022-08-13,5호선,답십리,9577,8538,18115,1039,8,13,토
2022-08-13,5호선,마장,3337,2951,6288,386,8,13,토
2022-08-13,5호선,왕십리(성동구청),3000,3832,6832,-832,8,13,토
2022-08-13,5호선,행당,4744,3999,8743,745,8,13,토
2022-08-13,5호선,신금호,3650,3665,7315,-15,8,13,토
2022-08-13,5호선,청구,2225,2117,4342,108,8,13,토
2022-08-13,5호선,동대문역사문화공원(DDP),1117,1422,2539,-305,8,13,토
2022-08-13,5호선,을지로4가,3011,3384,6395,-373,8,13,토
2022-08-13,5호선,종로3가,10950,11313,22263,-363,8,13,토
2022-08-13,5호선,광화문(세종문화회관),16668,17511,34179,-843,8,13,토
2022-08-13,5호선,서대문,6376,6168,12544,208,8,13,토
2022-08-13,5호선,충정로(경기대입구),1680,1475,3155,205,8,13,토
2022-08-13,5호선,애오개,3252,3041,6293,211,8,13,토
2022-08-13,5호선,공덕,6426,6470,12896,-44,8,13,토
2022-08-13,5호선,마포,6755,6745,13500,10,8,13,토
2022-08-13,5호선,여의나루,6490,8850,15340,-2360,8,13,토
2022-08-13,5호선,여의도,11189,11552,22741,-363,8,13,토
2022-08-13,5호선,신길,2495,2451,4946,44,8,13,토
2022-08-13,5호선,영등포시장,7040,7208,14248,-168,8,13,토
2022-08-13,5호선,영등포구청,1892,1859,3751,33,8,13,토
2022-08-13,5호선,양평,3294,2995,6289,299,8,13,토
2022-08-13,5호선,오목교(목동운동장앞),14621,15043,29664,-422,8,13,토
2022-08-13,5호선,목동,10078,10000,20078,78,8,13,토
2022-08-13,일산선,정발산,5648,5997,11645,-349,8,13,토
2022-08-13,일산선,마두,4538,4548,9086,-10,8,13,토
2022-08-13,일산선,백석,6656,6591,13247,65,8,13,토
2022-08-13,일산선,대곡,1286,1104,2390,182,8,13,토
2022-08-13,일산선,화정,11213,11575,22788,-362,8,13,토
2022-08-13,일산선,원당,7679,7202,14881,477,8,13,토
2022-08-13,일산선,삼송,13232,12562,25794,670,8,13,토
2022-08-13,일산선,원흥,6969,6438,13407,531,8,13,토
2022-08-13,우이신설선,신설동,1201,1151,2352,50,8,13,토
2022-08-13,우이신설선,보문,1049,1009,2058,40,8,13,토
2022-08-13,2호선,문래,10773,11160,21933,-387,8,13,토
2022-08-13,2호선,신도림,33933,34087,68020,-154,8,13,토
2022-08-13,2호선,대림(구로구청),16647,17382,34029,-735,8,13,토
2022-08-13,2호선,구로디지털단지,31259,29962,61221,1297,8,13,토
2022-08-13,2호선,신대방,17818,16450,34268,1368,8,13,토
2022-08-13,2호선,신림,43271,40074,83345,3197,8,13,토
2022-08-13,2호선,봉천,16246,14355,30601,1891,8,13,토
2022-08-13,2호선,서울대입구(관악구청),32708,30655,63363,2053,8,13,토
2022-08-13,2호선,낙성대(강감찬),19075,16738,35813,2337,8,13,토
2022-08-13,2호선,사당,27551,30707,58258,-3156,8,13,토
2022-08-13,2호선,방배,8506,8744,17250,-238,8,13,토
2022-08-13,2호선,서초,10573,9002,19575,1571,8,13,토
2022-08-13,2호선,교대(법원.검찰청),15412,17334,32746,-1922,8,13,토
2022-08-13,2호선,강남,49667,50009,99676,-342,8,13,토
2022-08-13,2호선,역삼,15476,16513,31989,-1037,8,13,토
2022-08-13,2호선,선릉,21492,18780,40272,2712,8,13,토
2022-08-13,2호선,삼성(무역센터),32266,31827,64093,439,8,13,토
2022-08-13,2호선,종합운동장,21722,28555,50277,-6833,8,13,토
2022-08-13,2호선,잠실새내,16659,18363,35022,-1704,8,13,토
2022-08-13,2호선,잠실(송파구청),63368,61732,125100,1636,8,13,토
2022-08-13,2호선,잠실나루,6913,6626,13539,287,8,13,토
2022-08-13,2호선,강변(동서울터미널),26088,29381,55469,-3293,8,13,토
2022-08-13,2호선,구의(광진구청),14949,14213,29162,736,8,13,토
2022-08-13,2호선,건대입구,29319,32830,62149,-3511,8,13,토
2022-08-13,2호선,성수,18509,21126,39635,-2617,8,13,토
2022-08-13,5호선,신정(은행정),8091,6717,14808,1374,8,13,토
2022-08-13,5호선,까치산,19261,17374,36635,1887,8,13,토
2022-08-13,5호선,화곡,18415,16194,34609,2221,8,13,토
2022-08-13,5호선,우장산,8882,8516,17398,366,8,13,토
2022-08-13,5호선,발산,11424,12336,23760,-912,8,13,토
2022-08-13,5호선,마곡,4953,4959,9912,-6,8,13,토
2022-08-13,5호선,송정,4608,4260,8868,348,8,13,토
2022-08-13,5호선,김포공항,7422,7731,15153,-309,8,13,토
2022-08-13,5호선,개화산,3394,3167,6561,227,8,13,토
2022-08-13,5호선,방화,4180,3998,8178,182,8,13,토
2022-08-13,4호선,남태령,1088,767,1855,321,8,13,토
2022-08-13,4호선,사당,18823,16436,35259,2387,8,13,토
2022-08-13,4호선,총신대입구(이수),12632,13143,25775,-511,8,13,토
2022-08-13,4호선,동작(현충원),878,921,1799,-43,8,13,토
2022-08-13,4호선,이촌(국립중앙박물관),9200,9681,18881,-481,8,13,토
2022-08-13,4호선,신용산,11098,12643,23741,-1545,8,13,토
2022-08-13,4호선,삼각지,3742,4669,8411,-927,8,13,토
2022-08-13,4호선,숙대입구(갈월),9342,8605,17947,737,8,13,토
2022-08-13,4호선,서울역,6026,15933,21959,-9907,8,13,토
2022-08-13,4호선,회현(남대문시장),13066,13652,26718,-586,8,13,토
2022-08-13,4호선,명동,14333,16488,30821,-2155,8,13,토
2022-08-13,4호선,충무로,11015,12079,23094,-1064,8,13,토
2022-08-13,4호선,동대문역사문화공원(DDP),10866,9505,20371,1361,8,13,토
2022-08-13,4호선,동대문,11104,11573,22677,-469,8,13,토
2022-08-13,4호선,혜화,26533,27926,54459,-1393,8,13,토
2022-08-13,4호선,한성대입구(삼선교),9041,8604,17645,437,8,13,토
2022-08-13,4호선,성신여대입구(돈암),15162,14181,29343,981,8,13,토
2022-08-13,4호선,길음,13154,12243,25397,911,8,13,토
2022-08-13,4호선,미아사거리,19604,18358,37962,1246,8,13,토
2022-08-13,4호선,미아(서울사이버대학),9847,9000,18847,847,8,13,토
2022-08-13,4호선,수유(강북구청),23685,23210,46895,475,8,13,토
2022-08-13,4호선,쌍문,19056,16619,35675,2437,8,13,토
2022-08-13,4호선,창동,17779,18815,36594,-1036,8,13,토
2022-08-13,4호선,노원,14005,15738,29743,-1733,8,13,토
2022-08-13,4호선,상계,12346,11123,23469,1223,8,13,토
2022-08-13,4호선,당고개,6511,6047,12558,464,8,13,토
2022-08-13,3호선,오금,3248,3078,6326,170,8,13,토
2022-08-13,3호선,경찰병원,3749,3524,7273,225,8,13,토
2022-08-13,3호선,가락시장,5501,5050,10551,451,8,13,토
2022-08-13,3호선,수서,12760,12885,25645,-125,8,13,토
2022-08-13,3호선,일원,4586,4373,8959,213,8,13,토
2022-08-13,3호선,대청,5425,4824,10249,601,8,13,토
2022-08-13,3호선,학여울,1070,1010,2080,60,8,13,토
2022-08-13,3호선,대치,10234,8843,19077,1391,8,13,토
2022-08-13,3호선,도곡,2770,2670,5440,100,8,13,토
2022-08-13,3호선,매봉,5402,5207,10609,195,8,13,토
2022-08-13,3호선,양재(서초구청),16226,17676,33902,-1450,8,13,토
2022-08-13,3호선,남부터미널(예술의전당),19924,20677,40601,-753,8,13,토
2022-08-13,3호선,교대(법원.검찰청),6222,3886,10108,2336,8,13,토
2022-08-13,3호선,고속터미널,45824,52480,98304,-6656,8,13,토
2022-08-13,3호선,잠원,3126,2918,6044,208,8,13,토
2022-08-13,3호선,신사,20000,21340,41340,-1340,8,13,토
2022-08-13,3호선,압구정,22820,24096,46916,-1276,8,13,토
2022-08-13,3호선,옥수,5905,5783,11688,122,8,13,토
2022-08-13,3호선,금호,5238,4714,9952,524,8,13,토
2022-08-13,3호선,약수,8425,7753,16178,672,8,13,토
2022-08-13,3호선,동대입구,8395,9262,17657,-867,8,13,토
2022-08-13,3호선,충무로,1,0,1,1,8,13,토
2022-08-13,3호선,을지로3가,4467,4679,9146,-212,8,13,토
2022-08-13,3호선,종로3가,5554,7819,13373,-2265,8,13,토
2022-08-13,3호선,안국,12678,14380,27058,-1702,8,13,토
2022-08-13,3호선,경복궁(정부서울청사),13159,14018,27177,-859,8,13,토
2022-08-13,3호선,독립문,5305,5175,10480,130,8,13,토
2022-08-13,3호선,무악재,2549,2451,5000,98,8,13,토
2022-08-13,3호선,홍제,11536,10731,22267,805,8,13,토
2022-08-13,3호선,녹번,9316,7873,17189,1443,8,13,토
2022-08-13,3호선,불광,11110,12017,23127,-907,8,13,토
2022-08-13,3호선,연신내,26309,24250,50559,2059,8,13,토
2022-08-13,3호선,구파발,14153,14474,28627,-321,8,13,토
2022-08-13,3호선,지축,3289,2940,6229,349,8,13,토
2022-08-13,2호선,용두(동대문구청),1632,1540,3172,92,8,13,토
2022-08-13,2호선,신정네거리,6556,6377,12933,179,8,13,토
2022-08-13,2호선,양천구청,3972,3901,7873,71,8,13,토
2022-08-13,2호선,도림천,748,698,1446,50,8,13,토
2022-08-13,2호선,신설동,2787,2803,5590,-16,8,13,토
2022-08-13,2호선,신답,985,975,1960,10,8,13,토
2022-08-13,2호선,용답,1978,1818,3796,160,8,13,토
2022-08-13,2호선,충정로(경기대입구),4723,4933,9656,-210,8,13,토
2022-08-13,2호선,아현,6831,6238,13069,593,8,13,토
2022-08-13,2호선,이대,9461,9570,19031,-109,8,13,토
2022-08-13,2호선,신촌,27632,27525,55157,107,8,13,토
2022-08-13,2호선,홍대입구,60928,67551,128479,-6623,8,13,토
2022-08-13,2호선,합정,25445,28848,54293,-3403,8,13,토
2022-08-13,2호선,당산,10377,11465,21842,-1088,8,13,토
2022-08-13,2호선,뚝섬,12130,12217,24347,-87,8,13,토
2022-08-13,2호선,한양대,3729,3770,7499,-41,8,13,토
2022-08-13,2호선,왕십리(성동구청),11336,9786,21122,1550,8,13,토
2022-08-13,2호선,상왕십리,8830,8083,16913,747,8,13,토
2022-08-13,2호선,신당,9806,10483,20289,-677,8,13,토
2022-08-13,2호선,동대문역사문화공원(DDP),9372,11698,21070,-2326,8,13,토
2022-08-13,2호선,을지로4가,6970,7216,14186,-246,8,13,토
2022-08-13,2호선,을지로3가,9817,9974,19791,-157,8,13,토
2022-08-13,2호선,을지로입구,20812,21318,42130,-506,8,13,토
2022-08-13,2호선,시청,9324,7749,17073,1575,8,13,토
2022-08-13,1호선,동묘앞,7537,7834,15371,-297,8,13,토
2022-08-13,1호선,청량리(서울시립대입구),16207,16749,32956,-542,8,13,토
2022-08-13,1호선,제기동,13176,13175,26351,1,8,13,토
2022-08-13,1호선,신설동,8230,7728,15958,502,8,13,토
2022-08-13,1호선,동대문,8043,7819,15862,224,8,13,토
2022-08-13,1호선,종로5가,17024,17192,34216,-168,8,13,토
2022-08-13,1호선,종로3가,20137,19288,39425,849,8,13,토
2022-08-13,1호선,종각,17933,17206,35139,727,8,13,토
2022-08-13,1호선,시청,11121,11846,22967,-725,8,13,토
2022-08-13,1호선,서울역,34909,37747,72656,-2838,8,13,토
2022-08-13,경원선,신이문,5666,5123,10789,543,8,13,토
2022-08-13,9호선,샛강,2474,2404,4878,70,8,13,토
2022-08-13,우이신설선,성신여대입구(돈암),2491,2874,5365,-383,8,13,토
2022-08-13,우이신설선,정릉,3303,2574,5877,729,8,13,토
2022-08-13,우이신설선,북한산보국문,4218,3438,7656,780,8,13,토
2022-08-13,우이신설선,솔샘,3404,3055,6459,349,8,13,토
2022-08-13,우이신설선,삼양사거리,1740,1733,3473,7,8,13,토
2022-08-13,우이신설선,삼양,1411,1348,2759,63,8,13,토
2022-08-13,우이신설선,화계,2161,1960,4121,201,8,13,토
2022-08-13,우이신설선,가오리,2764,2631,5395,133,8,13,토
2022-08-13,우이신설선,4.19민주묘지,2080,1807,3887,273,8,13,토
2022-08-13,우이신설선,솔밭공원,1584,1443,3027,141,8,13,토
2022-08-13,우이신설선,북한산우이,2700,2920,5620,-220,8,13,토
2022-08-13,안산선,수리산,2615,2080,4695,535,8,13,토
2022-08-13,안산선,오이도,6558,6797,13355,-239,8,13,토
2022-08-13,안산선,정왕,6036,6264,12300,-228,8,13,토
2022-08-13,안산선,신길온천,1338,1235,2573,103,8,13,토
2022-08-13,안산선,안산,9065,9874,18939,-809,8,13,토
2022-08-13,안산선,초지,3067,2959,6026,108,8,13,토
2022-08-13,안산선,고잔,5749,5493,11242,256,8,13,토
2022-08-13,안산선,중앙,13887,14811,28698,-924,8,13,토
2022-08-13,안산선,한대앞,6336,6170,12506,166,8,13,토
2022-08-13,안산선,상록수,10881,10784,21665,97,8,13,토
2022-08-13,안산선,반월,3250,2964,6214,286,8,13,토
2022-08-13,안산선,대야미,3515,3071,6586,444,8,13,토
2022-08-13,안산선,산본,11198,11994,23192,-796,8,13,토
2022-08-13,신림선,관악산(서울대),2493,2507,5000,-14,8,13,토
2022-08-13,중앙선,지평,64,62,126,2,8,13,토
2022-08-13,중앙선,용문,2021,2418,4439,-397,8,13,토
2022-08-13,신림선,서울대벤처타운,5029,4519,9548,510,8,13,토
2022-08-13,신림선,서원,2058,1645,3703,413,8,13,토
2022-08-13,과천선,선바위,4372,3922,8294,450,8,13,토
2022-08-13,신림선,신림,1200,1549,2749,-349,8,13,토
2022-08-13,신림선,당곡,2639,2391,5030,248,8,13,토
2022-08-13,신림선,보라매병원,2565,2517,5082,48,8,13,토
2022-08-13,신림선,보라매공원,978,987,1965,-9,8,13,토
2022-08-13,경인선,오류동,8107,7028,15135,1079,8,13,토
2022-08-13,경인선,개봉,14429,13692,28121,737,8,13,토
2022-08-13,신림선,보라매,1793,1656,3449,137,8,13,토
2022-08-13,경의선,임진강,53,48,101,5,8,13,토
2022-08-13,경의선,문산,4576,4249,8825,327,8,13,토
2022-08-13,경의선,파주,811,585,1396,226,8,13,토
2022-08-13,경의선,월롱,1814,1397,3211,417,8,13,토
2022-08-13,경의선,금촌,5337,4935,10272,402,8,13,토
2022-08-13,경의선,금릉,3585,3426,7011,159,8,13,토
2022-08-13,경의선,운정,4640,4146,8786,494,8,13,토
2022-08-13,경의선,야당,6035,6146,12181,-111,8,13,토
2022-08-13,경의선,탄현,5230,4752,9982,478,8,13,토
2022-08-13,경의선,일산,6389,6046,12435,343,8,13,토
2022-08-13,경의선,풍산,3938,3694,7632,244,8,13,토
2022-08-13,경의선,백마,4234,3816,8050,418,8,13,토
2022-08-13,경의선,곡산,372,357,729,15,8,13,토
2022-08-13,경의선,능곡,2567,2543,5110,24,8,13,토
2022-08-13,경의선,행신,5330,5339,10669,-9,8,13,토
2022-08-13,경의선,강매,1793,1609,3402,184,8,13,토
2022-08-13,경의선,화전,1013,906,1919,107,8,13,토
2022-08-13,경의선,수색,1277,1275,2552,2,8,13,토
2022-08-13,경의선,디지털미디어시티,1894,1552,3446,342,8,13,토
2022-08-13,경의선,가좌,3736,3572,7308,164,8,13,토
2022-08-13,경의선,홍대입구,1956,2654,4610,-698,8,13,토
2022-08-13,경의선,서강대,1652,1516,3168,136,8,13,토
2022-08-13,경의선,공덕,2446,1852,4298,594,8,13,토
2022-08-13,경의선,효창공원앞,1639,1823,3462,-184,8,13,토
2022-08-13,경의선,신촌,340,384,724,-44,8,13,토
2022-08-13,경의선,서울역,1299,1515,2814,-216,8,13,토
2022-08-13,경원선,소요산,3640,3213,6853,427,8,13,토
2022-08-13,신림선,서울지방병무청,1455,1609,3064,-154,8,13,토
2022-08-13,신림선,대방,1438,1038,2476,400,8,13,토
2022-08-13,신림선,샛강,754,1019,1773,-265,8,13,토
2022-08-13,수인선,인천,982,1428,2410,-446,8,13,토
2022-08-13,수인선,신포,1242,1304,2546,-62,8,13,토
2022-08-13,수인선,숭의,2583,2333,4916,250,8,13,토
2022-08-13,수인선,인하대,3736,3462,7198,274,8,13,토
2022-08-13,수인선,송도,1578,1585,3163,-7,8,13,토
2022-08-13,수인선,연수,3701,3716,7417,-15,8,13,토
2022-08-13,수인선,원인재,3282,3436,6718,-154,8,13,토
2022-08-13,수인선,남동인더스파크,948,888,1836,60,8,13,토
2022-08-13,수인선,호구포,2454,2286,4740,168,8,13,토
2022-08-13,수인선,인천논현,4094,4284,8378,-190,8,13,토
2022-08-13,수인선,소래포구,4141,4083,8224,58,8,13,토
2022-08-13,수인선,월곶,1982,1927,3909,55,8,13,토
2022-08-13,수인선,달월,55,59,114,-4,8,13,토
2022-08-13,수인선,사리,3297,2656,5953,641,8,13,토
2022-08-13,수인선,야목,267,224,491,43,8,13,토
2022-08-13,수인선,어천,707,648,1355,59,8,13,토
2022-08-13,수인선,오목천,2095,1770,3865,325,8,13,토
2022-08-13,수인선,고색,2516,2276,4792,240,8,13,토
2022-08-13,분당선,매교,2133,2089,4222,44,8,13,토
2022-08-13,분당선,수원시청,9570,11101,20671,-1531,8,13,토
2022-08-13,분당선,매탄권선,3289,2914,6203,375,8,13,토
2022-08-13,분당선,망포,8687,7856,16543,831,8,13,토
2022-08-13,분당선,영통,6392,6188,12580,204,8,13,토
2022-08-13,분당선,청명,2545,2427,4972,118,8,13,토
2022-08-13,경원선,동두천,1606,1979,3585,-373,8,13,토
2022-08-13,경원선,보산,1668,1605,3273,63,8,13,토
2022-08-13,경원선,동두천중앙,2412,2454,4866,-42,8,13,토
2022-08-13,경원선,지행,5368,5177,10545,191,8,13,토
2022-08-13,경원선,덕정,4067,3592,7659,475,8,13,토
2022-08-13,경원선,덕계,2462,2167,4629,295,8,13,토
2022-08-13,경원선,양주,5773,5389,11162,384,8,13,토
2022-08-13,경원선,녹양,3115,2867,5982,248,8,13,토
2022-08-13,경원선,가능,4740,4399,9139,341,8,13,토
2022-08-13,경원선,의정부,16059,17158,33217,-1099,8,13,토
2022-08-13,경원선,회룡,8792,8497,17289,295,8,13,토
2022-08-13,경원선,망월사,5053,5088,10141,-35,8,13,토
2022-08-13,경원선,도봉산,6614,4616,11230,1998,8,13,토
2022-08-13,경원선,도봉,3955,3730,7685,225,8,13,토
2022-08-13,경원선,방학,6666,6368,13034,298,8,13,토
2022-08-13,경원선,녹천,2957,2428,5385,529,8,13,토
2022-08-13,경원선,월계,4144,3764,7908,380,8,13,토
2022-08-13,경원선,광운대,4914,4618,9532,296,8,13,토
2022-08-13,경원선,석계,6075,6102,12177,-27,8,13,토
2022-08-13,경원선,외대앞,5686,5272,10958,414,8,13,토
2022-08-13,경원선,청량리(서울시립대입구),16351,17929,34280,-1578,8,13,토
2022-08-13,경원선,왕십리(성동구청),11945,13330,25275,-1385,8,13,토
2022-08-14,7호선,군자(능동),7534,5752,13286,1782,8,14,일
2022-08-14,7호선,어린이대공원(세종대),6518,6481,12999,37,8,14,일
2022-08-14,7호선,뚝섬유원지,5281,4888,10169,393,8,14,일
2022-08-14,7호선,건대입구,7336,7437,14773,-101,8,14,일
2022-08-14,7호선,청담,6300,6576,12876,-276,8,14,일
2022-08-14,7호선,강남구청,4360,4933,9293,-573,8,14,일
2022-08-14,7호선,학동,5126,5373,10499,-247,8,14,일
2022-08-14,7호선,논현,5178,5521,10699,-343,8,14,일
2022-08-14,7호선,반포,2655,2500,5155,155,8,14,일
2022-08-14,7호선,고속터미널,11068,6963,18031,4105,8,14,일
2022-08-14,7호선,내방,5017,5284,10301,-267,8,14,일
2022-08-14,7호선,이수,7268,6820,14088,448,8,14,일
2022-08-14,7호선,남성,5314,5098,10412,216,8,14,일
2022-08-14,7호선,숭실대입구(살피재),5367,5510,10877,-143,8,14,일
2022-08-14,7호선,상도,5187,4720,9907,467,8,14,일
2022-08-14,7호선,장승배기,4481,4350,8831,131,8,14,일
2022-08-14,7호선,신대방삼거리,7181,6869,14050,312,8,14,일
2022-08-14,7호선,보라매,3684,3550,7234,134,8,14,일
2022-08-14,7호선,신풍,5646,5360,11006,286,8,14,일
2022-08-14,7호선,대림(구로구청),7619,7526,15145,93,8,14,일
2022-08-14,7호선,남구로,6544,6269,12813,275,8,14,일
2022-08-14,7호선,가산디지털단지,9717,8634,18351,1083,8,14,일
2022-08-14,7호선,철산,10414,10482,20896,-68,8,14,일
2022-08-14,7호선,광명사거리,12049,11988,24037,61,8,14,일
2022-08-14,7호선,천왕,4738,4513,9251,225,8,14,일
2022-08-14,7호선,온수(성공회대입구),3866,3789,7655,77,8,14,일
2022-08-14,7호선,상동,1,0,1,1,8,14,일
2022-08-14,8호선,암사,8960,8215,17175,745,8,14,일
2022-08-14,8호선,천호(풍납토성),8484,10028,18512,-1544,8,14,일
2022-08-14,8호선,강동구청,4537,4585,9122,-48,8,14,일
2022-08-14,8호선,몽촌토성(평화의문),3080,2921,6001,159,8,14,일
2022-08-14,8호선,잠실(송파구청),10984,12634,23618,-1650,8,14,일
2022-08-14,8호선,석촌,3881,4883,8764,-1002,8,14,일
2022-08-14,8호선,송파,4394,4336,8730,58,8,14,일
2022-08-14,8호선,가락시장,2845,3663,6508,-818,8,14,일
2022-08-14,8호선,문정,4813,4668,9481,145,8,14,일
2022-08-14,8호선,장지,8944,8780,17724,164,8,14,일
2022-08-14,8호선,복정,4463,4206,8669,257,8,14,일
2022-08-14,8호선,산성,2822,2811,5633,11,8,14,일
2022-08-14,8호선,남한산성입구(성남법원.검찰청),6670,6021,12691,649,8,14,일
2022-08-14,8호선,단대오거리,5412,5273,10685,139,8,14,일
2022-08-14,8호선,신흥,2703,2886,5589,-183,8,14,일
2022-08-14,8호선,수진,3251,2865,6116,386,8,14,일
2022-08-14,8호선,모란,4415,3811,8226,604,8,14,일
2022-08-14,8호선,남위례,2491,2581,5072,-90,8,14,일
2022-08-14,9호선,개화,1122,980,2102,142,8,14,일
2022-08-14,9호선,김포공항,7261,10622,17883,-3361,8,14,일
2022-08-14,9호선,공항시장,1701,1814,3515,-113,8,14,일
2022-08-14,9호선,신방화,3618,3500,7118,118,8,14,일
2022-08-14,9호선,마곡나루(서울식물원),5228,5285,10513,-57,8,14,일
2022-08-14,9호선,양천향교,4159,4009,8168,150,8,14,일
2022-08-14,9호선,가양,10143,9763,19906,380,8,14,일
2022-08-14,9호선,증미,2529,2423,4952,106,8,14,일
2022-08-14,9호선,등촌,4993,5039,10032,-46,8,14,일
2022-08-14,9호선,염창,8279,7973,16252,306,8,14,일
2022-08-14,9호선,신목동,1777,1546,3323,231,8,14,일
2022-08-14,9호선,선유도,2713,2512,5225,201,8,14,일
2022-08-14,9호선,당산,9702,9583,19285,119,8,14,일
2022-08-14,9호선,국회의사당,4542,4212,8754,330,8,14,일
2022-08-14,9호선,여의도,10519,9158,19677,1361,8,14,일
2022-08-14,9호선,샛강,1756,1681,3437,75,8,14,일
2022-08-14,9호선,노량진,13867,14370,28237,-503,8,14,일
2022-08-14,9호선,노들,2689,2216,4905,473,8,14,일
2022-08-14,9호선,흑석(중앙대입구),3854,3913,7767,-59,8,14,일
2022-08-14,9호선,동작(현충원),1064,924,1988,140,8,14,일
2022-08-14,9호선,구반포,305,308,613,-3,8,14,일
2022-08-14,9호선,신반포,1781,1778,3559,3,8,14,일
2022-08-14,9호선,고속터미널,9818,14009,23827,-4191,8,14,일
2022-08-14,9호선,사평,1727,1679,3406,48,8,14,일
2022-08-14,9호선,신논현,14829,14339,29168,490,8,14,일
2022-08-14,9호선2~3단계,언주,3467,3420,6887,47,8,14,일
2022-08-14,9호선2~3단계,선정릉,2810,3068,5878,-258,8,14,일
2022-08-14,9호선2~3단계,삼성중앙,2051,2106,4157,-55,8,14,일
2022-08-14,9호선2~3단계,봉은사,11435,11920,23355,-485,8,14,일
2022-08-14,9호선2~3단계,종합운동장,10656,3627,14283,7029,8,14,일
2022-08-14,9호선2~3단계,삼전,3585,3391,6976,194,8,14,일
2022-08-14,9호선2~3단계,석촌고분,3169,3000,6169,169,8,14,일
2022-08-14,9호선2~3단계,석촌,4668,3788,8456,880,8,14,일
2022-08-14,9호선2~3단계,송파나루,3125,3583,6708,-458,8,14,일
2022-08-14,9호선2~3단계,한성백제,1447,1291,2738,156,8,14,일
2022-08-14,9호선2~3단계,올림픽공원(한국체대),9439,9345,18784,94,8,14,일
2022-08-14,9호선2~3단계,둔촌오륜,574,565,1139,9,8,14,일
2022-08-14,9호선2~3단계,중앙보훈병원,3661,3474,7135,187,8,14,일
2022-08-14,경강선,판교,2557,2458,5015,99,8,14,일
2022-08-14,경강선,이매,627,484,1111,143,8,14,일
2022-08-14,경강선,삼동,1014,969,1983,45,8,14,일
2022-08-14,경강선,경기광주,3850,3734,7584,116,8,14,일
2022-08-14,경강선,초월,1596,1437,3033,159,8,14,일
2022-08-14,경강선,곤지암,1500,1467,2967,33,8,14,일
2022-08-14,경강선,신둔도예촌,870,875,1745,-5,8,14,일
2022-08-14,경강선,이천,1985,2195,4180,-210,8,14,일
2022-08-14,경강선,부발,1348,1455,2803,-107,8,14,일
2022-08-14,경강선,세종대왕릉,295,291,586,4,8,14,일
2022-08-14,경강선,여주,2111,2100,4211,11,8,14,일
2022-08-14,경부선,서울역,7992,1852,9844,6140,8,14,일
2022-08-14,경부선,남영,4678,4839,9517,-161,8,14,일
2022-08-14,경부선,용산,35484,34180,69664,1304,8,14,일
2022-08-14,경부선,노량진,5443,4908,10351,535,8,14,일
2022-08-14,경부선,대방,4795,5231,10026,-436,8,14,일
2022-08-14,경부선,영등포,34081,34348,68429,-267,8,14,일
2022-08-14,경부선,신도림,2035,2194,4229,-159,8,14,일
2022-08-14,경부선,신길,4391,3608,7999,783,8,14,일
2022-08-14,경부선,구로,9298,9667,18965,-369,8,14,일
2022-08-14,경부선,가산디지털단지,4369,5767,10136,-1398,8,14,일
2022-08-14,경부선,금천구청,5928,5781,11709,147,8,14,일
2022-08-14,경부선,석수,4645,4337,8982,308,8,14,일
2022-08-14,경부선,관악,4399,4151,8550,248,8,14,일
2022-08-14,경부선,안양,13004,12913,25917,91,8,14,일
2022-08-14,경부선,명학,3053,2967,6020,86,8,14,일
2022-08-14,경부선,금정,14779,15092,29871,-313,8,14,일
2022-08-14,경부선,군포,2932,2805,5737,127,8,14,일
2022-08-14,경부선,의왕,3931,3910,7841,21,8,14,일
2022-08-14,경부선,성균관대,7383,7579,14962,-196,8,14,일
2022-08-14,경부선,화서,3703,3743,7446,-40,8,14,일
2022-08-14,경부선,수원,32882,33267,66149,-385,8,14,일
2022-08-14,경부선,독산,6026,5737,11763,289,8,14,일
2022-08-14,경부선,세류,1953,1942,3895,11,8,14,일
2022-08-14,경부선,병점,8850,9168,18018,-318,8,14,일
2022-08-14,경부선,세마,1742,1563,3305,179,8,14,일
2022-08-14,경부선,오산대,1941,1988,3929,-47,8,14,일
2022-08-14,경부선,오산,7269,7468,14737,-199,8,14,일
2022-08-14,경부선,진위,846,779,1625,67,8,14,일
2022-08-14,경부선,송탄,3387,3667,7054,-280,8,14,일
2022-08-14,경부선,서정리,4438,5345,9783,-907,8,14,일
2022-08-14,경부선,평택지제,2470,2236,4706,234,8,14,일
2022-08-14,경부선,평택,10679,11020,21699,-341,8,14,일
2022-08-14,경부선,성환,2282,2433,4715,-151,8,14,일
2022-08-14,경부선,직산,527,500,1027,27,8,14,일
2022-08-14,경부선,두정,4111,4372,8483,-261,8,14,일
2022-08-14,경부선,천안,5549,5718,11267,-169,8,14,일
2022-08-14,경부선,당정,2963,2939,5902,24,8,14,일
2022-08-14,경부선,서동탄,711,742,1453,-31,8,14,일
2022-08-14,경부선,광명,2305,1778,4083,527,8,14,일
2022-08-14,경원선,이촌(국립중앙박물관),2272,1783,4055,489,8,14,일
2022-08-14,경원선,서빙고,1625,1648,3273,-23,8,14,일
2022-08-14,경원선,한남,1820,1875,3695,-55,8,14,일
2022-08-14,경원선,옥수,37,31,68,6,8,14,일
2022-08-14,경원선,응봉,1086,908,1994,178,8,14,일
2022-08-14,경원선,왕십리(성동구청),9641,10942,20583,-1301,8,14,일
2022-08-14,경원선,청량리(서울시립대입구),14840,14156,28996,684,8,14,일
2022-08-14,경원선,외대앞,4504,4322,8826,182,8,14,일
2022-08-14,경원선,신이문,4679,4272,8951,407,8,14,일
2022-08-14,경원선,석계,4778,5076,9854,-298,8,14,일
2022-08-14,경원선,광운대,3798,3812,7610,-14,8,14,일
2022-08-14,경원선,월계,3502,3077,6579,425,8,14,일
2022-08-14,경원선,녹천,2337,2025,4362,312,8,14,일
2022-08-14,경원선,방학,5790,5527,11317,263,8,14,일
2022-08-14,경원선,도봉,3536,3201,6737,335,8,14,일
2022-08-14,경원선,도봉산,7056,5174,12230,1882,8,14,일
2022-08-14,경원선,망월사,4437,4591,9028,-154,8,14,일
2022-08-14,경원선,회룡,7222,7201,14423,21,8,14,일
2022-08-14,경원선,의정부,13882,14521,28403,-639,8,14,일
2022-08-14,경원선,가능,3846,3606,7452,240,8,14,일
2022-08-14,경원선,녹양,2649,2517,5166,132,8,14,일
2022-08-14,경원선,양주,4909,4748,9657,161,8,14,일
2022-08-14,경원선,덕계,1742,1705,3447,37,8,14,일
2022-08-14,경원선,덕정,3108,3294,6402,-186,8,14,일
2022-08-14,경원선,지행,4539,4447,8986,92,8,14,일
2022-08-14,경원선,동두천중앙,2000,2014,4014,-14,8,14,일
2022-08-14,경원선,보산,1273,1378,2651,-105,8,14,일
2022-08-14,경원선,동두천,1323,1694,3017,-371,8,14,일
2022-08-14,경원선,소요산,4434,4065,8499,369,8,14,일
2022-08-14,경의선,서울역,1077,1116,2193,-39,8,14,일
2022-08-14,경의선,신촌,309,310,619,-1,8,14,일
2022-08-14,경의선,효창공원앞,1329,1558,2887,-229,8,14,일
2022-08-14,경의선,공덕,1785,1510,3295,275,8,14,일
2022-08-14,경의선,서강대,1303,1346,2649,-43,8,14,일
2022-08-14,경의선,홍대입구,1847,2332,4179,-485,8,14,일
2022-08-14,경의선,가좌,2905,2807,5712,98,8,14,일
2022-08-14,경의선,디지털미디어시티,1594,1356,2950,238,8,14,일
2022-08-14,경의선,수색,916,969,1885,-53,8,14,일
2022-08-14,경의선,화전,786,779,1565,7,8,14,일
2022-08-14,경의선,강매,1499,1338,2837,161,8,14,일
2022-08-14,경의선,행신,4563,4245,8808,318,8,14,일
2022-08-14,경의선,능곡,2252,2174,4426,78,8,14,일
2022-08-14,경의선,곡산,324,346,670,-22,8,14,일
2022-08-14,경의선,백마,3269,3262,6531,7,8,14,일
2022-08-14,경의선,풍산,3466,3306,6772,160,8,14,일
2022-08-14,경의선,일산,4714,4477,9191,237,8,14,일
2022-08-14,경의선,탄현,4116,3956,8072,160,8,14,일
2022-08-14,경의선,야당,5061,5102,10163,-41,8,14,일
2022-08-14,경의선,운정,3518,3297,6815,221,8,14,일
2022-08-14,경의선,금릉,2790,2849,5639,-59,8,14,일
2022-08-14,경의선,금촌,4321,4469,8790,-148,8,14,일
2022-08-14,경의선,월롱,1129,1305,2434,-176,8,14,일
2022-08-14,경의선,파주,660,574,1234,86,8,14,일
2022-08-14,경의선,문산,4231,4163,8394,68,8,14,일
2022-08-14,경의선,임진강,79,83,162,-4,8,14,일
2022-08-14,경의선,검암,1,0,1,1,8,14,일
2022-08-14,경인선,개봉,11561,11309,22870,252,8,14,일
2022-08-14,경인선,오류동,6902,6282,13184,620,8,14,일
2022-08-14,경인선,역곡,13770,13647,27417,123,8,14,일
2022-08-14,경인선,부천,20950,21152,42102,-202,8,14,일
2022-08-14,경인선,송내,13390,12947,26337,443,8,14,일
2022-08-14,경인선,부평,22149,23903,46052,-1754,8,14,일
2022-08-14,경인선,백운,3871,3761,7632,110,8,14,일
2022-08-14,경인선,동암,10032,9979,20011,53,8,14,일
2022-08-14,경인선,주안,11771,10399,22170,1372,8,14,일
2022-08-14,경인선,제물포,5344,5072,10416,272,8,14,일
2022-08-14,경인선,동인천,9871,9522,19393,349,8,14,일
2022-08-14,경인선,인천,4993,4531,9524,462,8,14,일
2022-08-14,경인선,구일,2943,2945,5888,-2,8,14,일
2022-08-14,경인선,소사,4984,4769,9753,215,8,14,일
2022-08-14,경인선,부개,4710,4399,9109,311,8,14,일
2022-08-14,경인선,간석,3135,2930,6065,205,8,14,일
2022-08-14,경인선,도원,1686,1701,3387,-15,8,14,일
2022-08-14,경인선,온수(성공회대입구),3733,3384,7117,349,8,14,일
2022-08-14,경인선,중동,4802,4519,9321,283,8,14,일
2022-08-14,경인선,도화,2357,2160,4517,197,8,14,일
2022-08-14,경춘선,신내,1030,950,1980,80,8,14,일
2022-08-14,경춘선,갈매,1345,1190,2535,155,8,14,일
2022-08-14,경춘선,별내,1758,1686,3444,72,8,14,일
2022-08-14,경춘선,퇴계원,2047,1805,3852,242,8,14,일
2022-08-14,경춘선,사릉,1344,1237,2581,107,8,14,일
2022-08-14,경춘선,금곡,892,827,1719,65,8,14,일
2022-08-14,경춘선,평내호평,3249,3227,6476,22,8,14,일
2022-08-14,경춘선,천마산,983,940,1923,43,8,14,일
2022-08-14,경춘선,마석,2523,2593,5116,-70,8,14,일
2022-08-14,경춘선,대성리,1171,781,1952,390,8,14,일
2022-08-14,경춘선,청평,2052,1894,3946,158,8,14,일
2022-08-14,경춘선,상천,360,329,689,31,8,14,일
2022-08-14,경춘선,가평,3105,3224,6329,-119,8,14,일
2022-08-14,경춘선,굴봉산,239,155,394,84,8,14,일
2022-08-14,경춘선,백양리,203,113,316,90,8,14,일
2022-08-14,경춘선,강촌,859,627,1486,232,8,14,일
2022-08-14,경춘선,김유정,468,481,949,-13,8,14,일
2022-08-14,경춘선,남춘천,2570,2625,5195,-55,8,14,일
2022-08-14,경춘선,춘천,2079,1699,3778,380,8,14,일
2022-08-14,공항철도 1호선,서울역,8372,7440,15812,932,8,14,일
2022-08-14,공항철도 1호선,공덕,1259,1817,3076,-558,8,14,일
2022-08-14,공항철도 1호선,홍대입구,11398,11729,23127,-331,8,14,일
2022-08-14,공항철도 1호선,디지털미디어시티,3502,3643,7145,-141,8,14,일
2022-08-14,공항철도 1호선,마곡나루(서울식물원),2061,2394,4455,-333,8,14,일
2022-08-14,공항철도 1호선,김포공항,10338,5417,15755,4921,8,14,일
2022-08-14,공항철도 1호선,계양,5521,5435,10956,86,8,14,일
2022-08-14,공항철도 1호선,검암,3581,3611,7192,-30,8,14,일
2022-08-14,공항철도 1호선,청라국제도시,3474,3452,6926,22,8,14,일
2022-08-14,공항철도 1호선,운서,5702,6314,12016,-612,8,14,일
2022-08-14,공항철도 1호선,공항화물청사,997,985,1982,12,8,14,일
2022-08-14,공항철도 1호선,인천공항1터미널,9511,8444,17955,1067,8,14,일
2022-08-14,공항철도 1호선,인천공항2터미널,3894,3351,7245,543,8,14,일
2022-08-14,공항철도 1호선,영종,2672,2844,5516,-172,8,14,일
2022-08-14,과천선,선바위,3695,3347,7042,348,8,14,일
2022-08-14,과천선,경마공원,15372,15793,31165,-421,8,14,일
2022-08-14,과천선,대공원,4065,4036,8101,29,8,14,일
2022-08-14,과천선,과천,3740,3453,7193,287,8,14,일
2022-08-14,과천선,정부과천청사,4405,4407,8812,-2,8,14,일
2022-08-14,과천선,인덕원,11832,11804,23636,28,8,14,일
2022-08-14,과천선,평촌,6189,5912,12101,277,8,14,일
2022-08-14,과천선,범계,14704,14631,29335,73,8,14,일
2022-08-14,분당선,선릉,2718,3741,6459,-1023,8,14,일
2022-08-14,분당선,한티,10088,9214,19302,874,8,14,일
2022-08-14,분당선,도곡,2558,2459,5017,99,8,14,일
2022-08-14,분당선,구룡,812,776,1588,36,8,14,일
2022-08-14,분당선,개포동,1843,1884,3727,-41,8,14,일
2022-08-14,분당선,대모산입구,2130,1976,4106,154,8,14,일
2022-08-14,분당선,수서,8344,8203,16547,141,8,14,일
2022-08-14,분당선,수원,5901,4825,10726,1076,8,14,일
2022-08-14,분당선,서울숲,5869,6132,12001,-263,8,14,일
2022-08-14,분당선,압구정로데오,9819,11827,21646,-2008,8,14,일
2022-08-14,분당선,강남구청,2612,3086,5698,-474,8,14,일
2022-08-14,분당선,선정릉,1698,1779,3477,-81,8,14,일
2022-08-14,분당선,가천대,3411,3851,7262,-440,8,14,일
2022-08-14,분당선,태평,8163,7624,15787,539,8,14,일
2022-08-14,분당선,모란,16522,17655,34177,-1133,8,14,일
2022-08-14,분당선,야탑,13183,13542,26725,-359,8,14,일
2022-08-14,중앙선,오빈,240,223,463,17,8,14,일
2022-08-14,중앙선,양평,2296,2172,4468,124,8,14,일
2022-08-14,장항선,봉명,508,486,994,22,8,14,일
2022-08-14,장항선,쌍용(나사렛대),1106,1106,2212,0,8,14,일
2022-08-14,장항선,아산,2605,1926,4531,679,8,14,일
2022-08-14,장항선,탕정,475,490,965,-15,8,14,일
2022-08-14,장항선,배방,639,690,1329,-51,8,14,일
2022-08-14,장항선,온양온천,4041,4036,8077,5,8,14,일
2022-08-14,장항선,신창(순천향대),740,835,1575,-95,8,14,일
2022-08-14,중앙선,회기,14732,14453,29185,279,8,14,일
2022-08-14,중앙선,중랑,3391,3252,6643,139,8,14,일
2022-08-14,중앙선,상봉(시외버스터미널),3507,3567,7074,-60,8,14,일
2022-08-14,중앙선,망우,4823,4722,9545,101,8,14,일
2022-08-14,중앙선,양원,1394,1358,2752,36,8,14,일
2022-08-14,중앙선,구리,7220,7546,14766,-326,8,14,일
2022-08-14,중앙선,도농,5336,5084,10420,252,8,14,일
2022-08-14,중앙선,양정,435,356,791,79,8,14,일
2022-08-14,중앙선,덕소,3463,3420,6883,43,8,14,일
2022-08-14,중앙선,도심,1259,1063,2322,196,8,14,일
2022-08-14,중앙선,팔당,1153,1204,2357,-51,8,14,일
2022-08-14,중앙선,운길산,916,881,1797,35,8,14,일
2022-08-14,중앙선,양수,1750,1820,3570,-70,8,14,일
2022-08-14,중앙선,원덕,322,303,625,19,8,14,일
2022-08-14,중앙선,용문,2169,2077,4246,92,8,14,일
2022-08-14,중앙선,지평,60,48,108,12,8,14,일
2022-08-14,안산선,수리산,2075,1758,3833,317,8,14,일
2022-08-14,1호선,시청,9876,9670,19546,206,8,14,일
2022-08-14,1호선,종각,14940,13592,28532,1348,8,14,일
2022-08-14,중앙선,신원,174,134,308,40,8,14,일
2022-08-14,중앙선,국수,486,457,943,29,8,14,일
2022-08-14,중앙선,아신,467,476,943,-9,8,14,일
2022-08-14,분당선,서현,15233,15441,30674,-208,8,14,일
2022-08-14,분당선,수내,6215,5785,12000,430,8,14,일
2022-08-14,분당선,정자,7399,7753,15152,-354,8,14,일
2022-08-14,분당선,미금,7383,7649,15032,-266,8,14,일
2022-08-14,분당선,오리,5196,4281,9477,915,8,14,일
2022-08-14,분당선,이매,3380,3413,6793,-33,8,14,일
2022-08-14,분당선,보정,1094,1022,2116,72,8,14,일
2022-08-14,분당선,죽전,7097,7990,15087,-893,8,14,일
2022-08-14,분당선,구성,2325,2511,4836,-186,8,14,일
2022-08-14,분당선,신갈,1990,1987,3977,3,8,14,일
2022-08-14,분당선,기흥,5033,4739,9772,294,8,14,일
2022-08-14,분당선,상갈,2811,2849,5660,-38,8,14,일
2022-08-14,분당선,청명,1839,1854,3693,-15,8,14,일
2022-08-14,분당선,영통,4726,4616,9342,110,8,14,일
2022-08-14,분당선,망포,6449,6201,12650,248,8,14,일
2022-08-14,분당선,매탄권선,2479,2307,4786,172,8,14,일
2022-08-14,분당선,수원시청,7192,7714,14906,-522,8,14,일
2022-08-14,분당선,매교,1580,1590,3170,-10,8,14,일
2022-08-14,수인선,고색,1668,1620,3288,48,8,14,일
2022-08-14,수인선,오목천,1687,1565,3252,122,8,14,일
2022-08-14,수인선,어천,579,598,1177,-19,8,14,일
2022-08-14,수인선,야목,214,179,393,35,8,14,일
2022-08-14,수인선,사리,2628,2232,4860,396,8,14,일
2022-08-14,수인선,달월,42,51,93,-9,8,14,일
2022-08-14,수인선,월곶,1744,1739,3483,5,8,14,일
2022-08-14,수인선,소래포구,4367,4246,8613,121,8,14,일
2022-08-14,수인선,인천논현,3026,3041,6067,-15,8,14,일
2022-08-14,수인선,호구포,2322,2365,4687,-43,8,14,일
2022-08-14,수인선,남동인더스파크,659,606,1265,53,8,14,일
2022-08-14,수인선,원인재,2601,2767,5368,-166,8,14,일
2022-08-14,수인선,연수,3274,3315,6589,-41,8,14,일
2022-08-14,수인선,송도,1474,1397,2871,77,8,14,일
2022-08-14,수인선,인하대,3072,2916,5988,156,8,14,일
2022-08-14,수인선,숭의,1986,1775,3761,211,8,14,일
2022-08-14,수인선,신포,1142,1114,2256,28,8,14,일
2022-08-14,수인선,인천,1285,1597,2882,-312,8,14,일
2022-08-14,신림선,샛강,704,955,1659,-251,8,14,일
2022-08-14,신림선,대방,1256,920,2176,336,8,14,일
2022-08-14,신림선,서울지방병무청,1228,1359,2587,-131,8,14,일
2022-08-14,신림선,보라매,1686,1493,3179,193,8,14,일
2022-08-14,신림선,보라매공원,951,1003,1954,-52,8,14,일
2022-08-14,신림선,보라매병원,1951,2002,3953,-51,8,14,일
2022-08-14,신림선,당곡,2189,2046,4235,143,8,14,일
2022-08-14,신림선,신림,1091,1523,2614,-432,8,14,일
2022-08-14,신림선,서원,1801,1574,3375,227,8,14,일
2022-08-14,신림선,서울대벤처타운,4183,4066,8249,117,8,14,일
2022-08-14,신림선,관악산(서울대),3624,3772,7396,-148,8,14,일
2022-08-14,안산선,산본,8796,9441,18237,-645,8,14,일
2022-08-14,안산선,대야미,2814,2546,5360,268,8,14,일
2022-08-14,안산선,반월,2502,2522,5024,-20,8,14,일
2022-08-14,안산선,상록수,9158,8848,18006,310,8,14,일
2022-08-14,안산선,한대앞,5149,4961,10110,188,8,14,일
2022-08-14,안산선,중앙,11184,11653,22837,-469,8,14,일
2022-08-14,안산선,고잔,4151,4011,8162,140,8,14,일
2022-08-14,안산선,초지,2399,2316,4715,83,8,14,일
2022-08-14,안산선,안산,10377,9732,20109,645,8,14,일
2022-08-14,안산선,신길온천,1152,1094,2246,58,8,14,일
2022-08-14,안산선,정왕,5374,5449,10823,-75,8,14,일
2022-08-14,안산선,오이도,5898,6089,11987,-191,8,14,일
2022-08-14,우이신설선,북한산우이,2882,3106,5988,-224,8,14,일
2022-08-14,우이신설선,솔밭공원,1436,1392,2828,44,8,14,일
2022-08-14,우이신설선,4.19민주묘지,1789,1597,3386,192,8,14,일
2022-08-14,우이신설선,가오리,2359,2281,4640,78,8,14,일
2022-08-14,3호선,연신내,20941,20041,40982,900,8,14,일
2022-08-14,3호선,구파발,11566,12132,23698,-566,8,14,일
2022-08-14,3호선,지축,2561,2355,4916,206,8,14,일
2022-08-14,2호선,용두(동대문구청),1064,1082,2146,-18,8,14,일
2022-08-14,2호선,신정네거리,5197,5178,10375,19,8,14,일
2022-08-14,2호선,양천구청,3264,3253,6517,11,8,14,일
2022-08-14,2호선,도림천,457,431,888,26,8,14,일
2022-08-14,2호선,신설동,2960,2882,5842,78,8,14,일
2022-08-14,2호선,신답,753,812,1565,-59,8,14,일
2022-08-14,2호선,용답,1638,1550,3188,88,8,14,일
2022-08-14,2호선,충정로(경기대입구),3529,3627,7156,-98,8,14,일
2022-08-14,2호선,아현,5265,4829,10094,436,8,14,일
2022-08-14,2호선,이대,6951,7296,14247,-345,8,14,일
2022-08-14,2호선,신촌,22608,22810,45418,-202,8,14,일
2022-08-14,2호선,홍대입구,55154,59205,114359,-4051,8,14,일
2022-08-14,2호선,합정,20340,23541,43881,-3201,8,14,일
2022-08-14,2호선,당산,8182,8826,17008,-644,8,14,일
2022-08-14,2호선,영등포구청,6898,6981,13879,-83,8,14,일
2022-08-14,2호선,문래,7171,7835,15006,-664,8,14,일
2022-08-14,2호선,신도림,25569,26330,51899,-761,8,14,일
2022-08-14,2호선,대림(구로구청),14576,14955,29531,-379,8,14,일
2022-08-14,2호선,구로디지털단지,23465,22540,46005,925,8,14,일
2022-08-14,2호선,신대방,14587,13895,28482,692,8,14,일
2022-08-14,2호선,신림,35041,34226,69267,815,8,14,일
2022-08-14,2호선,봉천,12385,11312,23697,1073,8,14,일
2022-08-14,2호선,서울대입구(관악구청),25177,24920,50097,257,8,14,일
2022-08-14,1호선,서울역,27476,26518,53994,958,8,14,일
2022-08-14,2호선,낙성대(강감찬),14903,14212,29115,691,8,14,일
2022-08-14,2호선,사당,21426,23154,44580,-1728,8,14,일
2022-08-14,2호선,방배,6539,6777,13316,-238,8,14,일
2022-08-14,2호선,서초,11575,11094,22669,481,8,14,일
2022-08-14,2호선,교대(법원.검찰청),10227,11267,21494,-1040,8,14,일
2022-08-14,2호선,강남,32154,32341,64495,-187,8,14,일
2022-08-14,2호선,역삼,9743,10657,20400,-914,8,14,일
2022-08-14,2호선,선릉,12076,10426,22502,1650,8,14,일
2022-08-14,2호선,삼성(무역센터),27250,26403,53653,847,8,14,일
2022-08-14,2호선,종합운동장,12884,20014,32898,-7130,8,14,일
2022-08-14,2호선,잠실새내,12173,12755,24928,-582,8,14,일
2022-08-14,2호선,잠실(송파구청),54837,51495,106332,3342,8,14,일
2022-08-14,2호선,잠실나루,5488,5334,10822,154,8,14,일
2022-08-14,2호선,강변(동서울터미널),22418,21243,43661,1175,8,14,일
2022-08-14,2호선,구의(광진구청),11000,10900,21900,100,8,14,일
2022-08-14,2호선,건대입구,25381,27794,53175,-2413,8,14,일
2022-08-14,2호선,성수,15874,18040,33914,-2166,8,14,일
2022-08-14,2호선,뚝섬,9837,9999,19836,-162,8,14,일
2022-08-14,2호선,한양대,2150,2190,4340,-40,8,14,일
2022-08-14,2호선,왕십리(성동구청),9001,8150,17151,851,8,14,일
2022-08-14,2호선,상왕십리,6859,6569,13428,290,8,14,일
2022-08-14,2호선,신당,8004,8558,16562,-554,8,14,일
2022-08-14,2호선,동대문역사문화공원(DDP),8931,10597,19528,-1666,8,14,일
2022-08-14,2호선,을지로4가,4167,4317,8484,-150,8,14,일
2022-08-14,2호선,을지로3가,9082,9312,18394,-230,8,14,일
2022-08-14,2호선,을지로입구,18444,17932,36376,512,8,14,일
2022-08-14,2호선,시청,7465,6149,13614,1316,8,14,일
2022-08-14,1호선,동묘앞,11300,11330,22630,-30,8,14,일
2022-08-14,1호선,청량리(서울시립대입구),12897,13199,26096,-302,8,14,일
2022-08-14,1호선,제기동,10143,10556,20699,-413,8,14,일
2022-08-14,1호선,신설동,7136,7106,14242,30,8,14,일
2022-08-14,1호선,동대문,9134,9095,18229,39,8,14,일
2022-08-14,1호선,종로5가,10729,10530,21259,199,8,14,일
2022-08-14,1호선,종로3가,15131,13721,28852,1410,8,14,일
2022-08-14,우이신설선,화계,2036,1958,3994,78,8,14,일
2022-08-14,우이신설선,삼양,1113,1132,2245,-19,8,14,일
2022-08-14,우이신설선,삼양사거리,1529,1409,2938,120,8,14,일
2022-08-14,우이신설선,솔샘,2787,2534,5321,253,8,14,일
2022-08-14,우이신설선,북한산보국문,3546,3056,6602,490,8,14,일
2022-08-14,우이신설선,정릉,2563,2131,4694,432,8,14,일
2022-08-14,우이신설선,성신여대입구(돈암),2121,2473,4594,-352,8,14,일
2022-08-14,우이신설선,보문,954,940,1894,14,8,14,일
2022-08-14,우이신설선,신설동,1103,1019,2122,84,8,14,일
2022-08-14,일산선,원흥,5601,5148,10749,453,8,14,일
2022-08-14,일산선,삼송,11446,10829,22275,617,8,14,일
2022-08-14,일산선,원당,5983,5846,11829,137,8,14,일
2022-08-14,일산선,화정,9393,9736,19129,-343,8,14,일
2022-08-14,일산선,대곡,1099,981,2080,118,8,14,일
2022-08-14,일산선,백석,5530,5591,11121,-61,8,14,일
2022-08-14,일산선,마두,3368,3346,6714,22,8,14,일
2022-08-14,일산선,정발산,5602,5865,11467,-263,8,14,일
2022-08-14,일산선,주엽,4848,4851,9699,-3,8,14,일
2022-08-14,일산선,대화,6492,5842,12334,650,8,14,일
2022-08-14,3호선,불광,9275,10415,19690,-1140,8,14,일
2022-08-14,3호선,녹번,7186,6330,13516,856,8,14,일
2022-08-14,3호선,홍제,8899,8439,17338,460,8,14,일
2022-08-14,3호선,무악재,1790,1773,3563,17,8,14,일
2022-08-14,3호선,독립문,5246,5374,10620,-128,8,14,일
2022-08-14,3호선,경복궁(정부서울청사),13976,16171,30147,-2195,8,14,일
2022-08-14,3호선,안국,13200,13273,26473,-73,8,14,일
2022-08-14,3호선,종로3가,4212,6218,10430,-2006,8,14,일
2022-08-14,3호선,을지로3가,3559,3618,7177,-59,8,14,일
2022-08-14,3호선,동대입구,7039,7643,14682,-604,8,14,일
2022-08-14,3호선,약수,6523,6347,12870,176,8,14,일
2022-08-14,3호선,금호,4106,3734,7840,372,8,14,일
2022-08-14,3호선,옥수,4632,4786,9418,-154,8,14,일
2022-08-14,3호선,압구정,14133,14982,29115,-849,8,14,일
2022-08-14,3호선,신사,11791,12574,24365,-783,8,14,일
2022-08-14,3호선,잠원,2049,1978,4027,71,8,14,일
2022-08-14,3호선,고속터미널,37298,36876,74174,422,8,14,일
2022-08-14,3호선,교대(법원.검찰청),4271,2560,6831,1711,8,14,일
2022-08-14,3호선,남부터미널(예술의전당),14225,14133,28358,92,8,14,일
2022-08-14,3호선,양재(서초구청),11558,12820,24378,-1262,8,14,일
2022-08-14,3호선,매봉,3921,3895,7816,26,8,14,일
2022-08-14,3호선,도곡,1726,1734,3460,-8,8,14,일
2022-08-14,3호선,대치,6883,5887,12770,996,8,14,일
2022-08-14,3호선,학여울,809,840,1649,-31,8,14,일
2022-08-14,3호선,대청,3864,3729,7593,135,8,14,일
2022-08-14,3호선,일원,3377,3333,6710,44,8,14,일
2022-08-14,3호선,수서,10180,10120,20300,60,8,14,일
2022-08-14,3호선,가락시장,3377,3539,6916,-162,8,14,일
2022-08-14,3호선,경찰병원,2656,2619,5275,37,8,14,일
2022-08-14,3호선,오금,2453,2570,5023,-117,8,14,일
2022-08-14,4호선,당고개,5443,5244,10687,199,8,14,일
2022-08-14,4호선,상계,9557,9073,18630,484,8,14,일
2022-08-14,4호선,노원,11788,13117,24905,-1329,8,14,일
2022-08-14,4호선,창동,14701,15384,30085,-683,8,14,일
2022-08-14,4호선,쌍문,15203,13795,28998,1408,8,14,일
2022-08-14,4호선,수유(강북구청),19556,18815,38371,741,8,14,일
2022-08-14,4호선,미아(서울사이버대학),7814,7237,15051,577,8,14,일
2022-08-14,4호선,미아사거리,15335,14295,29630,1040,8,14,일
2022-08-14,4호선,길음,10290,9958,20248,332,8,14,일
2022-08-14,4호선,성신여대입구(돈암),12284,11849,24133,435,8,14,일
2022-08-14,4호선,한성대입구(삼선교),7152,7086,14238,66,8,14,일
2022-08-14,4호선,혜화,24532,25454,49986,-922,8,14,일
2022-08-14,4호선,동대문,7076,6681,13757,395,8,14,일
2022-08-14,4호선,동대문역사문화공원(DDP),9976,9045,19021,931,8,14,일
2022-08-14,4호선,충무로,7414,8205,15619,-791,8,14,일
2022-08-14,4호선,명동,13744,14879,28623,-1135,8,14,일
2022-08-14,4호선,회현(남대문시장),8492,8459,16951,33,8,14,일
2022-08-14,4호선,서울역,4547,11263,15810,-6716,8,14,일
2022-08-14,4호선,숙대입구(갈월),7802,7477,15279,325,8,14,일
2022-08-14,4호선,삼각지,3058,4090,7148,-1032,8,14,일
2022-08-14,4호선,신용산,9447,10107,19554,-660,8,14,일
2022-08-14,4호선,이촌(국립중앙박물관),8052,7983,16035,69,8,14,일
2022-08-14,4호선,동작(현충원),710,767,1477,-57,8,14,일
2022-08-14,4호선,총신대입구(이수),9924,10641,20565,-717,8,14,일
2022-08-14,4호선,사당,14757,13322,28079,1435,8,14,일
2022-08-14,4호선,남태령,802,506,1308,296,8,14,일
2022-08-14,5호선,방화,3551,3426,6977,125,8,14,일
2022-08-14,5호선,개화산,2573,2564,5137,9,8,14,일
2022-08-14,5호선,김포공항,7075,7005,14080,70,8,14,일
2022-08-14,5호선,송정,3485,3394,6879,91,8,14,일
2022-08-14,5호선,마곡,3534,3662,7196,-128,8,14,일
2022-08-14,5호선,발산,8659,9455,18114,-796,8,14,일
2022-08-14,5호선,우장산,6772,6874,13646,-102,8,14,일
2022-08-14,5호선,화곡,14049,12925,26974,1124,8,14,일
2022-08-14,5호선,까치산,15450,14642,30092,808,8,14,일
2022-08-14,5호선,신정(은행정),6097,5323,11420,774,8,14,일
2022-08-14,5호선,목동,7619,7644,15263,-25,8,14,일
2022-08-14,5호선,오목교(목동운동장앞),11608,11836,23444,-228,8,14,일
2022-08-14,5호선,양평,2569,2382,4951,187,8,14,일
2022-08-14,5호선,영등포구청,1328,1189,2517,139,8,14,일
2022-08-14,5호선,영등포시장,5381,5578,10959,-197,8,14,일
2022-08-14,5호선,신길,1935,1977,3912,-42,8,14,일
2022-08-14,5호선,여의도,9176,8980,18156,196,8,14,일
2022-08-14,5호선,여의나루,7685,10182,17867,-2497,8,14,일
2022-08-14,5호선,마포,4679,4808,9487,-129,8,14,일
2022-08-14,5호선,공덕,4447,4576,9023,-129,8,14,일
2022-08-14,5호선,애오개,2512,2432,4944,80,8,14,일
2022-08-14,5호선,충정로(경기대입구),1403,1338,2741,65,8,14,일
2022-08-14,5호선,서대문,5004,4847,9851,157,8,14,일
2022-08-14,5호선,광화문(세종문화회관),18111,18439,36550,-328,8,14,일
2022-08-14,5호선,종로3가,9829,9678,19507,151,8,14,일
2022-08-14,5호선,을지로4가,1834,2066,3900,-232,8,14,일
2022-08-14,5호선,동대문역사문화공원(DDP),947,1211,2158,-264,8,14,일
2022-08-14,5호선,청구,1739,1626,3365,113,8,14,일
2022-08-14,5호선,신금호,2823,3057,5880,-234,8,14,일
2022-08-14,5호선,행당,4041,3507,7548,534,8,14,일
2022-08-14,5호선,왕십리(성동구청),2218,2810,5028,-592,8,14,일
2022-08-14,5호선,마장,2688,2620,5308,68,8,14,일
2022-08-14,5호선,답십리,7619,6970,14589,649,8,14,일
2022-08-14,5호선,장한평,7921,7705,15626,216,8,14,일
2022-08-14,5호선,군자(능동),5734,6324,12058,-590,8,14,일
2022-08-14,5호선,아차산(어린이대공원후문),8698,8235,16933,463,8,14,일
2022-08-14,5호선,광나루(장신대),7706,7110,14816,596,8,14,일
2022-08-14,5호선,천호(풍납토성),12200,11677,23877,523,8,14,일
2022-08-14,5호선,강동,8311,8047,16358,264,8,14,일
2022-08-14,5호선,길동,4122,4126,8248,-4,8,14,일
2022-08-14,5호선,굽은다리(강동구민회관앞),5273,4994,10267,279,8,14,일
2022-08-14,5호선,명일,4787,4721,9508,66,8,14,일
2022-08-14,5호선,고덕,3950,3850,7800,100,8,14,일
2022-08-14,5호선,상일동,6383,6157,12540,226,8,14,일
2022-08-14,5호선,둔촌동,4302,4294,8596,8,8,14,일
2022-08-14,5호선,올림픽공원(한국체대),3915,3838,7753,77,8,14,일
2022-08-14,5호선,방이,3829,3563,7392,266,8,14,일
2022-08-14,5호선,오금,1443,1325,2768,118,8,14,일
2022-08-14,5호선,개롱,2814,3022,5836,-208,8,14,일
2022-08-14,5호선,거여,4473,4169,8642,304,8,14,일
2022-08-14,5호선,마천,3306,3349,6655,-43,8,14,일
2022-08-14,5호선,강일,2302,2154,4456,148,8,14,일
2022-08-14,5호선,미사,8921,9106,18027,-185,8,14,일
2022-08-14,5호선,하남풍산,2231,2191,4422,40,8,14,일
2022-08-14,5호선,하남시청(덕풍·신장),4251,4073,8324,178,8,14,일
2022-08-14,5호선,하남검단산,4729,4663,9392,66,8,14,일
2022-08-14,6호선,응암,9055,8791,17846,264,8,14,일
2022-08-14,6호선,역촌,2180,2323,4503,-143,8,14,일
2022-08-14,6호선,불광,3207,2852,6059,355,8,14,일
2022-08-14,6호선,독바위,1508,1641,3149,-133,8,14,일
2022-08-14,6호선,연신내,1,0,1,1,8,14,일
2022-08-14,6호선,구산,3773,2868,6641,905,8,14,일
2022-08-14,6호선,새절(신사),6230,5943,12173,287,8,14,일
2022-08-14,6호선,증산(명지대앞),5206,5211,10417,-5,8,14,일
2022-08-14,6호선,디지털미디어시티,5506,5585,11091,-79,8,14,일
2022-08-14,6호선,월드컵경기장(성산),4712,4722,9434,-10,8,14,일
2022-08-14,6호선,마포구청,7011,6291,13302,720,8,14,일
2022-08-14,6호선,망원,9566,10550,20116,-984,8,14,일
2022-08-14,6호선,합정,9464,9090,18554,374,8,14,일
2022-08-14,6호선,상수,7020,8748,15768,-1728,8,14,일
2022-08-14,6호선,광흥창(서강),4100,3903,8003,197,8,14,일
2022-08-14,6호선,대흥(서강대앞),3870,3871,7741,-1,8,14,일
2022-08-14,6호선,공덕,6680,6230,12910,450,8,14,일
2022-08-14,6호선,효창공원앞,3375,2855,6230,520,8,14,일
2022-08-14,6호선,삼각지,4489,3195,7684,1294,8,14,일
2022-08-14,6호선,녹사평(용산구청),3667,3912,7579,-245,8,14,일
2022-08-14,6호선,이태원,12643,14327,26970,-1684,8,14,일
2022-08-14,6호선,한강진,5582,7034,12616,-1452,8,14,일
2022-08-14,6호선,버티고개,1025,1082,2107,-57,8,14,일
2022-08-14,6호선,약수,1702,1708,3410,-6,8,14,일
2022-08-14,6호선,청구,1718,1654,3372,64,8,14,일
2022-08-14,6호선,신당,4619,4294,8913,325,8,14,일
2022-08-14,6호선,동묘앞,5957,5396,11353,561,8,14,일
2022-08-14,6호선,창신,1599,1325,2924,274,8,14,일
2022-08-14,6호선,보문,3737,3426,7163,311,8,14,일
2022-08-14,6호선,안암(고대병원앞),4471,4458,8929,13,8,14,일
2022-08-14,6호선,고려대(종암),3814,3545,7359,269,8,14,일
2022-08-14,6호선,월곡(동덕여대),4889,4687,9576,202,8,14,일
2022-08-14,6호선,상월곡(한국과학기술연구원),3088,2770,5858,318,8,14,일
2022-08-14,6호선,돌곶이,5488,5034,10522,454,8,14,일
2022-08-14,6호선,석계,6256,6345,12601,-89,8,14,일
2022-08-14,6호선,태릉입구,3145,3247,6392,-102,8,14,일
2022-08-14,6호선,화랑대(서울여대입구),4636,3994,8630,642,8,14,일
2022-08-14,6호선,봉화산(서울의료원),3812,3771,7583,41,8,14,일
2022-08-14,6호선,신내,1,0,1,1,8,14,일
2022-08-14,7호선,장암,1415,1004,2419,411,8,14,일
2022-08-14,7호선,도봉산,4690,6509,11199,-1819,8,14,일
2022-08-14,7호선,수락산,8009,7870,15879,139,8,14,일
2022-08-14,7호선,마들,5982,5503,11485,479,8,14,일
2022-08-14,7호선,노원,11325,11685,23010,-360,8,14,일
2022-08-14,7호선,중계,6236,5655,11891,581,8,14,일
2022-08-14,7호선,하계,8866,8292,17158,574,8,14,일
2022-08-14,7호선,공릉(서울과학기술대),5924,5806,11730,118,8,14,일
2022-08-14,7호선,태릉입구,4596,4332,8928,264,8,14,일
2022-08-14,7호선,먹골,5237,5014,10251,223,8,14,일
2022-08-14,7호선,중화,5355,5146,10501,209,8,14,일
2022-08-14,7호선,상봉(시외버스터미널),8857,8279,17136,578,8,14,일
2022-08-14,7호선,면목,7648,7396,15044,252,8,14,일
2022-08-14,7호선,사가정,8479,7908,16387,571,8,14,일
2022-08-14,7호선,용마산(용마폭포공원),2992,3133,6125,-141,8,14,일
2022-08-14,7호선,중곡,5082,4778,9860,304,8,14,일
2022-08-15,수인선,고색,1684,1815,3499,-131,8,15,월
2022-08-15,중앙선,지평,74,40,114,34,8,15,월
2022-08-15,중앙선,용문,3776,3124,6900,652,8,15,월
2022-08-15,중앙선,원덕,389,305,694,84,8,15,월
2022-08-15,중앙선,양평,2417,1995,4412,422,8,15,월
2022-08-15,중앙선,오빈,269,241,510,28,8,15,월
2022-08-15,중앙선,아신,496,420,916,76,8,15,월
2022-08-15,중앙선,국수,550,481,1031,69,8,15,월
2022-08-15,중앙선,신원,180,114,294,66,8,15,월
2022-08-15,중앙선,양수,1936,1644,3580,292,8,15,월
2022-08-15,중앙선,운길산,834,794,1628,40,8,15,월
2022-08-15,중앙선,팔당,1042,1090,2132,-48,8,15,월
2022-08-15,중앙선,도심,1245,1116,2361,129,8,15,월
2022-08-15,중앙선,덕소,3394,3440,6834,-46,8,15,월
2022-08-15,중앙선,양정,472,423,895,49,8,15,월
2022-08-15,중앙선,도농,5448,5182,10630,266,8,15,월
2022-08-15,중앙선,구리,7353,7571,14924,-218,8,15,월
2022-08-15,중앙선,양원,1327,1291,2618,36,8,15,월
2022-08-15,중앙선,망우,4858,4887,9745,-29,8,15,월
2022-08-15,중앙선,상봉(시외버스터미널),3479,3697,7176,-218,8,15,월
2022-08-15,중앙선,중랑,3313,3256,6569,57,8,15,월
2022-08-15,중앙선,회기,13701,13846,27547,-145,8,15,월
2022-08-15,장항선,신창(순천향대),900,903,1803,-3,8,15,월
2022-08-15,장항선,온양온천,3072,3017,6089,55,8,15,월
2022-08-15,장항선,배방,805,880,1685,-75,8,15,월
2022-08-15,장항선,탕정,592,619,1211,-27,8,15,월
2022-08-15,장항선,아산,3238,2052,5290,1186,8,15,월
2022-08-15,장항선,쌍용(나사렛대),1247,1197,2444,50,8,15,월
2022-08-15,장항선,봉명,526,537,1063,-11,8,15,월
2022-08-15,일산선,대화,7158,6476,13634,682,8,15,월
2022-08-15,일산선,주엽,4844,4820,9664,24,8,15,월
2022-08-15,일산선,정발산,4109,4154,8263,-45,8,15,월
2022-08-15,일산선,마두,3340,3395,6735,-55,8,15,월
2022-08-15,일산선,백석,5273,5103,10376,170,8,15,월
2022-08-15,일산선,대곡,1133,968,2101,165,8,15,월
2022-08-15,일산선,화정,8715,9120,17835,-405,8,15,월
2022-08-15,일산선,원당,5805,5633,11438,172,8,15,월
2022-08-15,일산선,삼송,10699,10615,21314,84,8,15,월
2022-08-15,일산선,지축,1,0,1,1,8,15,월
2022-08-15,일산선,원흥,5311,4968,10279,343,8,15,월
2022-08-15,우이신설선,신설동,1132,1095,2227,37,8,15,월
2022-08-15,우이신설선,보문,872,879,1751,-7,8,15,월
2022-08-15,우이신설선,성신여대입구(돈암),2016,2331,4347,-315,8,15,월
2022-08-15,우이신설선,정릉,2523,2109,4632,414,8,15,월
2022-08-15,우이신설선,북한산보국문,3268,2994,6262,274,8,15,월
2022-08-15,우이신설선,솔샘,2647,2526,5173,121,8,15,월
2022-08-15,우이신설선,삼양사거리,1495,1431,2926,64,8,15,월
2022-08-15,우이신설선,삼양,1195,1255,2450,-60,8,15,월
2022-08-15,우이신설선,화계,1928,1725,3653,203,8,15,월
2022-08-15,우이신설선,가오리,2313,2297,4610,16,8,15,월
2022-08-15,우이신설선,4.19민주묘지,1762,1671,3433,91,8,15,월
2022-08-15,우이신설선,솔밭공원,1352,1363,2715,-11,8,15,월
2022-08-15,우이신설선,북한산우이,2689,2653,5342,36,8,15,월
2022-08-15,안산선,수리산,1956,1762,3718,194,8,15,월
2022-08-15,안산선,오이도,5454,5148,10602,306,8,15,월
2022-08-15,안산선,정왕,4382,4813,9195,-431,8,15,월
2022-08-15,안산선,신길온천,1116,1024,2140,92,8,15,월
2022-08-15,안산선,안산,7473,6968,14441,505,8,15,월
2022-08-15,안산선,초지,2358,2276,4634,82,8,15,월
2022-08-15,안산선,고잔,3923,3692,7615,231,8,15,월
2022-08-15,안산선,중앙,10921,10811,21732,110,8,15,월
2022-08-15,안산선,한대앞,4924,4842,9766,82,8,15,월
2022-08-15,안산선,상록수,8696,8537,17233,159,8,15,월
2022-08-15,안산선,반월,2486,2366,4852,120,8,15,월
2022-08-15,안산선,대야미,2631,2474,5105,157,8,15,월
2022-08-15,안산선,산본,8716,9457,18173,-741,8,15,월
2022-08-15,신림선,관악산(서울대),2797,2781,5578,16,8,15,월
2022-08-15,신림선,서울대벤처타운,4016,4002,8018,14,8,15,월
2022-08-15,신림선,서원,1664,1624,3288,40,8,15,월
2022-08-15,신림선,신림,1007,1362,2369,-355,8,15,월
2022-08-15,신림선,당곡,2040,2101,4141,-61,8,15,월
2022-08-15,신림선,보라매병원,1913,1998,3911,-85,8,15,월
2022-08-15,신림선,보라매공원,957,990,1947,-33,8,15,월
2022-08-15,신림선,보라매,1368,1385,2753,-17,8,15,월
2022-08-15,신림선,서울지방병무청,1141,1350,2491,-209,8,15,월
2022-08-15,신림선,대방,1077,920,1997,157,8,15,월
2022-08-15,신림선,샛강,693,915,1608,-222,8,15,월
2022-08-15,수인선,인천,943,1244,2187,-301,8,15,월
2022-08-15,수인선,신포,1023,1063,2086,-40,8,15,월
2022-08-15,수인선,숭의,1954,1740,3694,214,8,15,월
2022-08-15,수인선,인하대,3014,2873,5887,141,8,15,월
2022-08-15,수인선,송도,1421,1359,2780,62,8,15,월
2022-08-15,수인선,연수,2621,2580,5201,41,8,15,월
2022-08-15,수인선,원인재,2557,2573,5130,-16,8,15,월
2022-08-15,수인선,남동인더스파크,645,743,1388,-98,8,15,월
2022-08-15,수인선,호구포,1824,1892,3716,-68,8,15,월
2022-08-15,수인선,인천논현,2869,2968,5837,-99,8,15,월
2022-08-15,수인선,소래포구,3853,3736,7589,117,8,15,월
2022-08-15,수인선,월곶,1701,1645,3346,56,8,15,월
2022-08-15,수인선,달월,31,36,67,-5,8,15,월
2022-08-15,수인선,사리,2626,2195,4821,431,8,15,월
2022-08-15,수인선,야목,209,164,373,45,8,15,월
2022-08-15,수인선,어천,556,654,1210,-98,8,15,월
2022-08-15,수인선,오목천,1556,1525,3081,31,8,15,월
2022-08-15,분당선,매교,1597,1550,3147,47,8,15,월
2022-08-15,분당선,수원시청,6459,6820,13279,-361,8,15,월
2022-08-15,분당선,매탄권선,2347,2343,4690,4,8,15,월
2022-08-15,분당선,망포,5916,6270,12186,-354,8,15,월
2022-08-15,분당선,영통,4463,4548,9011,-85,8,15,월
2022-08-15,분당선,청명,1815,1888,3703,-73,8,15,월
2022-08-15,분당선,상갈,2802,2858,5660,-56,8,15,월
2022-08-15,분당선,기흥,5112,4753,9865,359,8,15,월
2022-08-15,분당선,신갈,1884,1955,3839,-71,8,15,월
2022-08-15,분당선,구성,2310,2452,4762,-142,8,15,월
2022-08-15,분당선,죽전,7160,7990,15150,-830,8,15,월
2022-08-15,분당선,보정,1153,1107,2260,46,8,15,월
2022-08-15,분당선,이매,2849,2858,5707,-9,8,15,월
2022-08-15,분당선,오리,4980,4347,9327,633,8,15,월
2022-08-15,분당선,미금,7139,7647,14786,-508,8,15,월
2022-08-15,분당선,정자,7075,7604,14679,-529,8,15,월
2022-08-15,분당선,수내,6283,6332,12615,-49,8,15,월
2022-08-15,분당선,서현,13541,13559,27100,-18,8,15,월
2022-08-15,분당선,야탑,13000,13067,26067,-67,8,15,월
2022-08-15,분당선,모란,10830,11485,22315,-655,8,15,월
2022-08-15,분당선,태평,7769,7340,15109,429,8,15,월
2022-08-15,분당선,가천대,3295,4005,7300,-710,8,15,월
2022-08-15,분당선,선정릉,1748,1802,3550,-54,8,15,월
2022-08-15,분당선,강남구청,2599,3124,5723,-525,8,15,월
2022-08-15,분당선,압구정로데오,9241,10206,19447,-965,8,15,월
2022-08-15,분당선,서울숲,5076,5109,10185,-33,8,15,월
2022-08-15,분당선,수원,5461,4124,9585,1337,8,15,월
2022-08-15,분당선,복정,2,0,2,2,8,15,월
2022-08-15,분당선,수서,8571,7715,16286,856,8,15,월
2022-08-15,분당선,대모산입구,2056,2020,4076,36,8,15,월
2022-08-15,분당선,개포동,1785,1830,3615,-45,8,15,월
2022-08-15,분당선,구룡,932,1029,1961,-97,8,15,월
2022-08-15,분당선,도곡,2925,2885,5810,40,8,15,월
2022-08-15,분당선,한티,7636,7855,15491,-219,8,15,월
2022-08-15,분당선,선릉,2663,4138,6801,-1475,8,15,월
2022-08-15,과천선,범계,13595,13438,27033,157,8,15,월
2022-08-15,과천선,평촌,5880,5985,11865,-105,8,15,월
2022-08-15,과천선,인덕원,10303,10395,20698,-92,8,15,월
2022-08-15,과천선,정부과천청사,4190,4322,8512,-132,8,15,월
2022-08-15,과천선,과천,3424,3226,6650,198,8,15,월
2022-08-15,과천선,대공원,2968,3046,6014,-78,8,15,월
2022-08-15,과천선,경마공원,472,470,942,2,8,15,월
2022-08-15,과천선,선바위,3177,3036,6213,141,8,15,월
2022-08-15,공항철도 1호선,영종,2652,2511,5163,141,8,15,월
2022-08-15,공항철도 1호선,인천공항2터미널,3779,3054,6833,725,8,15,월
2022-08-15,공항철도 1호선,인천공항1터미널,9077,7253,16330,1824,8,15,월
2022-08-15,공항철도 1호선,공항화물청사,1074,1175,2249,-101,8,15,월
2022-08-15,공항철도 1호선,운서,5516,6118,11634,-602,8,15,월
2022-08-15,공항철도 1호선,청라국제도시,3240,3188,6428,52,8,15,월
2022-08-15,공항철도 1호선,검암,3354,3431,6785,-77,8,15,월
2022-08-15,공항철도 1호선,계양,5523,5332,10855,191,8,15,월
2022-08-15,공항철도 1호선,김포공항,10965,5318,16283,5647,8,15,월
2022-08-15,공항철도 1호선,마곡나루(서울식물원),2143,2415,4558,-272,8,15,월
2022-08-15,공항철도 1호선,디지털미디어시티,3640,3782,7422,-142,8,15,월
2022-08-15,공항철도 1호선,홍대입구,9487,9222,18709,265,8,15,월
2022-08-15,공항철도 1호선,공덕,1284,1754,3038,-470,8,15,월
2022-08-15,공항철도 1호선,서울역,9502,7613,17115,1889,8,15,월
2022-08-15,경춘선,춘천,1947,1340,3287,607,8,15,월
2022-08-15,경춘선,남춘천,2488,2458,4946,30,8,15,월
2022-08-15,경춘선,김유정,409,366,775,43,8,15,월
2022-08-15,경춘선,강촌,751,411,1162,340,8,15,월
2022-08-15,경춘선,백양리,183,112,295,71,8,15,월
2022-08-15,경춘선,굴봉산,227,137,364,90,8,15,월
2022-08-15,경춘선,가평,2997,2106,5103,891,8,15,월
2022-08-15,경춘선,상천,335,259,594,76,8,15,월
2022-08-15,경춘선,청평,1917,1378,3295,539,8,15,월
2022-08-15,경춘선,대성리,868,718,1586,150,8,15,월
2022-08-15,경춘선,마석,2552,2384,4936,168,8,15,월
2022-08-15,경춘선,천마산,1043,1020,2063,23,8,15,월
2022-08-15,경춘선,평내호평,3353,3262,6615,91,8,15,월
2022-08-15,경춘선,금곡,872,797,1669,75,8,15,월
2022-08-15,경춘선,사릉,1300,1297,2597,3,8,15,월
2022-08-15,경춘선,퇴계원,1858,1776,3634,82,8,15,월
2022-08-15,경춘선,별내,1661,1626,3287,35,8,15,월
2022-08-15,경춘선,갈매,1393,1187,2580,206,8,15,월
2022-08-15,경춘선,신내,968,933,1901,35,8,15,월
2022-08-15,경인선,도화,2241,2148,4389,93,8,15,월
2022-08-15,경인선,중동,4725,4380,9105,345,8,15,월
2022-08-15,경인선,온수(성공회대입구),3424,3220,6644,204,8,15,월
2022-08-15,경인선,도원,1511,1561,3072,-50,8,15,월
2022-08-15,경인선,간석,3144,2877,6021,267,8,15,월
2022-08-15,경인선,부개,4797,4498,9295,299,8,15,월
2022-08-15,경인선,소사,4800,4614,9414,186,8,15,월
2022-08-15,경인선,구일,11450,13667,25117,-2217,8,15,월
2022-08-15,경인선,인천,3785,3286,7071,499,8,15,월
2022-08-15,경인선,동인천,8452,8197,16649,255,8,15,월
2022-08-15,경인선,제물포,5078,4962,10040,116,8,15,월
2022-08-15,경인선,주안,11145,9941,21086,1204,8,15,월
2022-08-15,경인선,동암,9489,9394,18883,95,8,15,월
2022-08-15,경인선,백운,3936,3915,7851,21,8,15,월
2022-08-15,경인선,부평,20773,21196,41969,-423,8,15,월
2022-08-15,경인선,송내,12707,12478,25185,229,8,15,월
2022-08-15,경인선,부천,21413,21355,42768,58,8,15,월
2022-08-15,경인선,역곡,14093,14329,28422,-236,8,15,월
2022-08-15,경인선,오류동,6311,6048,12359,263,8,15,월
2022-08-15,경인선,개봉,12519,11953,24472,566,8,15,월
2022-08-15,경의선,계양,1,0,1,1,8,15,월
2022-08-15,경의선,임진강,50,40,90,10,8,15,월
2022-08-15,경의선,문산,3527,3695,7222,-168,8,15,월
2022-08-15,경의선,파주,632,553,1185,79,8,15,월
2022-08-15,경의선,월롱,1122,2261,3383,-1139,8,15,월
2022-08-15,경의선,금촌,3879,4110,7989,-231,8,15,월
2022-08-15,경의선,금릉,2700,2646,5346,54,8,15,월
2022-08-15,경의선,운정,3539,3464,7003,75,8,15,월
2022-08-15,경의선,야당,4719,4710,9429,9,8,15,월
2022-08-15,경의선,탄현,4030,3750,7780,280,8,15,월
2022-08-15,경의선,일산,4584,4459,9043,125,8,15,월
2022-08-15,경의선,풍산,3104,2975,6079,129,8,15,월
2022-08-15,경의선,백마,3372,3244,6616,128,8,15,월
2022-08-15,경의선,곡산,314,305,619,9,8,15,월
2022-08-15,경의선,능곡,2105,2051,4156,54,8,15,월
2022-08-15,경의선,행신,4583,4179,8762,404,8,15,월
2022-08-15,경의선,강매,1343,1280,2623,63,8,15,월
2022-08-15,경의선,화전,825,825,1650,0,8,15,월
2022-08-15,경의선,수색,1064,1094,2158,-30,8,15,월
2022-08-15,경의선,디지털미디어시티,1416,1283,2699,133,8,15,월
2022-08-15,경의선,가좌,2762,2883,5645,-121,8,15,월
2022-08-15,경의선,홍대입구,1471,1837,3308,-366,8,15,월
2022-08-15,경의선,서강대,1288,1266,2554,22,8,15,월
2022-08-15,경의선,공덕,1729,1518,3247,211,8,15,월
2022-08-15,경의선,효창공원앞,1309,1564,2873,-255,8,15,월
2022-08-15,경의선,신촌,264,296,560,-32,8,15,월
2022-08-15,경의선,서울역,1390,1192,2582,198,8,15,월
2022-08-15,경원선,소요산,3639,2899,6538,740,8,15,월
2022-08-15,경원선,동두천,1377,1616,2993,-239,8,15,월
2022-08-15,경원선,보산,1113,1029,2142,84,8,15,월
2022-08-15,경원선,동두천중앙,2121,2063,4184,58,8,15,월
2022-08-15,경원선,지행,4046,3926,7972,120,8,15,월
2022-08-15,경원선,덕정,3102,3229,6331,-127,8,15,월
2022-08-15,경원선,덕계,1921,1737,3658,184,8,15,월
2022-08-15,경원선,양주,4516,4387,8903,129,8,15,월
2022-08-15,경원선,녹양,2641,2505,5146,136,8,15,월
2022-08-15,경원선,가능,3884,3709,7593,175,8,15,월
2022-08-15,경원선,의정부,12490,12624,25114,-134,8,15,월
2022-08-15,경원선,회룡,7230,6989,14219,241,8,15,월
2022-08-15,경원선,망월사,4388,4492,8880,-104,8,15,월
2022-08-15,경원선,도봉산,5705,4144,9849,1561,8,15,월
2022-08-15,경원선,도봉,3432,3317,6749,115,8,15,월
2022-08-15,경원선,방학,5601,5433,11034,168,8,15,월
2022-08-15,경원선,창동,1,0,1,1,8,15,월
2022-08-15,경원선,녹천,2497,2123,4620,374,8,15,월
2022-08-15,경원선,월계,3597,3376,6973,221,8,15,월
2022-08-15,경원선,광운대,4005,4252,8257,-247,8,15,월
2022-08-15,경원선,석계,4991,5526,10517,-535,8,15,월
2022-08-15,경원선,신이문,4727,4428,9155,299,8,15,월
2022-08-15,경원선,외대앞,4418,4499,8917,-81,8,15,월
2022-08-15,경원선,청량리(서울시립대입구),13786,13134,26920,652,8,15,월
2022-08-15,경원선,왕십리(성동구청),9149,10621,19770,-1472,8,15,월
2022-08-15,경원선,응봉,1037,909,1946,128,8,15,월
2022-08-15,경원선,옥수,53,20,73,33,8,15,월
2022-08-15,경원선,한남,1920,1924,3844,-4,8,15,월
2022-08-15,경원선,서빙고,949,922,1871,27,8,15,월
2022-08-15,경원선,이촌(국립중앙박물관),1916,1631,3547,285,8,15,월
2022-08-15,경부선,광명,3003,1819,4822,1184,8,15,월
2022-08-15,경부선,서동탄,669,646,1315,23,8,15,월
2022-08-15,경부선,당정,2930,2904,5834,26,8,15,월
2022-08-15,경부선,천안,5704,5221,10925,483,8,15,월
2022-08-15,경부선,두정,3791,3989,7780,-198,8,15,월
2022-08-15,경부선,직산,527,514,1041,13,8,15,월
2022-08-15,경부선,성환,2364,2558,4922,-194,8,15,월
2022-08-15,경부선,평택,10466,10464,20930,2,8,15,월
2022-08-15,경부선,평택지제,2955,2767,5722,188,8,15,월
2022-08-15,경부선,서정리,4556,6197,10753,-1641,8,15,월
2022-08-15,경부선,송탄,3064,3741,6805,-677,8,15,월
2022-08-15,경부선,진위,946,972,1918,-26,8,15,월
2022-08-15,경부선,오산,7009,7296,14305,-287,8,15,월
2022-08-15,경부선,오산대,2060,1987,4047,73,8,15,월
2022-08-15,경부선,세마,1680,1586,3266,94,8,15,월
2022-08-15,경부선,병점,8687,9287,17974,-600,8,15,월
2022-08-15,경부선,세류,1967,1862,3829,105,8,15,월
2022-08-15,경부선,독산,6221,6643,12864,-422,8,15,월
2022-08-15,경부선,수원,30568,30043,60611,525,8,15,월
2022-08-15,경부선,화서,3799,3632,7431,167,8,15,월
2022-08-15,경부선,성균관대,7060,7465,14525,-405,8,15,월
2022-08-15,경부선,의왕,4233,4253,8486,-20,8,15,월
2022-08-15,경부선,군포,3098,3088,6186,10,8,15,월
2022-08-15,경부선,금정,13579,14045,27624,-466,8,15,월
2022-08-15,경부선,명학,3290,3232,6522,58,8,15,월
2022-08-15,경부선,안양,12577,12358,24935,219,8,15,월
2022-08-15,경부선,관악,4185,3964,8149,221,8,15,월
2022-08-15,경부선,석수,4693,4380,9073,313,8,15,월
2022-08-15,경부선,금천구청,5838,5881,11719,-43,8,15,월
2022-08-15,경부선,가산디지털단지,4535,6589,11124,-2054,8,15,월
2022-08-15,경부선,구로,9833,9722,19555,111,8,15,월
2022-08-15,경부선,신길,4520,4113,8633,407,8,15,월
2022-08-15,경부선,신도림,1916,2217,4133,-301,8,15,월
2022-08-15,경부선,영등포,33110,32147,65257,963,8,15,월
2022-08-15,경부선,대방,4709,5304,10013,-595,8,15,월
2022-08-15,경부선,노량진,5838,5408,11246,430,8,15,월
2022-08-15,경부선,용산,37600,32545,70145,5055,8,15,월
2022-08-15,경부선,남영,4196,4540,8736,-344,8,15,월
2022-08-15,경부선,서울역,9637,1745,11382,7892,8,15,월
2022-08-15,경강선,여주,2374,2029,4403,345,8,15,월
2022-08-15,경강선,세종대왕릉,282,264,546,18,8,15,월
2022-08-15,경강선,부발,1386,1789,3175,-403,8,15,월
2022-08-15,경강선,이천,1990,2140,4130,-150,8,15,월
2022-08-15,경강선,신둔도예촌,894,824,1718,70,8,15,월
2022-08-15,경강선,곤지암,1367,1451,2818,-84,8,15,월
2022-08-15,경강선,초월,1633,1597,3230,36,8,15,월
2022-08-15,경강선,경기광주,3804,3659,7463,145,8,15,월
2022-08-15,경강선,삼동,1078,1025,2103,53,8,15,월
2022-08-15,경강선,이매,666,528,1194,138,8,15,월
2022-08-15,경강선,판교,2667,2566,5233,101,8,15,월
2022-08-15,9호선2~3단계,중앙보훈병원,3307,3190,6497,117,8,15,월
2022-08-15,9호선2~3단계,둔촌오륜,442,453,895,-11,8,15,월
2022-08-15,9호선2~3단계,올림픽공원(한국체대),2895,3019,5914,-124,8,15,월
2022-08-15,9호선2~3단계,한성백제,1290,1152,2442,138,8,15,월
2022-08-15,9호선2~3단계,송파나루,2753,3017,5770,-264,8,15,월
2022-08-15,9호선2~3단계,석촌,4367,3948,8315,419,8,15,월
2022-08-15,9호선2~3단계,석촌고분,3048,3113,6161,-65,8,15,월
2022-08-15,9호선2~3단계,삼전,3399,3567,6966,-168,8,15,월
2022-08-15,9호선2~3단계,종합운동장,2042,1932,3974,110,8,15,월
2022-08-15,9호선2~3단계,봉은사,8962,8893,17855,69,8,15,월
2022-08-15,9호선2~3단계,삼성중앙,2053,2221,4274,-168,8,15,월
2022-08-15,9호선2~3단계,선정릉,2535,3002,5537,-467,8,15,월
2022-08-15,9호선2~3단계,언주,3240,3383,6623,-143,8,15,월
2022-08-15,9호선,신논현,13416,13098,26514,318,8,15,월
2022-08-15,9호선,사평,1666,1798,3464,-132,8,15,월
2022-08-15,9호선,고속터미널,11069,13296,24365,-2227,8,15,월
2022-08-15,9호선,신반포,1720,1726,3446,-6,8,15,월
2022-08-15,9호선,구반포,394,370,764,24,8,15,월
2022-08-15,9호선,동작(현충원),1016,888,1904,128,8,15,월
2022-08-15,9호선,흑석(중앙대입구),3771,3969,7740,-198,8,15,월
2022-08-15,9호선,노들,2303,2119,4422,184,8,15,월
2022-08-15,9호선,노량진,14439,15385,29824,-946,8,15,월
2022-08-15,9호선,샛강,1941,1950,3891,-9,8,15,월
2022-08-15,9호선,여의도,9970,8744,18714,1226,8,15,월
2022-08-15,9호선,국회의사당,3182,3233,6415,-51,8,15,월
2022-08-15,9호선,당산,7955,8262,16217,-307,8,15,월
2022-08-15,9호선,선유도,2552,2661,5213,-109,8,15,월
2022-08-15,9호선,신목동,1687,1558,3245,129,8,15,월
2022-08-15,9호선,염창,7925,8163,16088,-238,8,15,월
2022-08-15,9호선,등촌,5133,5435,10568,-302,8,15,월
2022-08-15,9호선,증미,3016,3055,6071,-39,8,15,월
2022-08-15,9호선,가양,9299,9668,18967,-369,8,15,월
2022-08-15,9호선,양천향교,3843,4193,8036,-350,8,15,월
2022-08-15,9호선,마곡나루(서울식물원),4720,5070,9790,-350,8,15,월
2022-08-15,9호선,신방화,3385,3416,6801,-31,8,15,월
2022-08-15,9호선,공항시장,1614,1815,3429,-201,8,15,월
2022-08-15,9호선,김포공항,7565,10782,18347,-3217,8,15,월
2022-08-15,9호선,개화,1052,993,2045,59,8,15,월
2022-08-15,8호선,남위례,2378,2587,4965,-209,8,15,월
2022-08-15,8호선,모란,2500,2195,4695,305,8,15,월
2022-08-15,8호선,수진,2786,2652,5438,134,8,15,월
2022-08-15,8호선,신흥,2653,2870,5523,-217,8,15,월
2022-08-15,8호선,단대오거리,5239,5230,10469,9,8,15,월
2022-08-15,8호선,남한산성입구(성남법원.검찰청),6265,5819,12084,446,8,15,월
2022-08-15,8호선,산성,2635,2770,5405,-135,8,15,월
2022-08-15,8호선,복정,3552,3541,7093,11,8,15,월
2022-08-15,8호선,장지,8741,9071,17812,-330,8,15,월
2022-08-15,8호선,문정,4834,5200,10034,-366,8,15,월
2022-08-15,8호선,가락시장,3596,3967,7563,-371,8,15,월
2022-08-15,8호선,송파,4313,4413,8726,-100,8,15,월
2022-08-15,8호선,석촌,3820,4774,8594,-954,8,15,월
2022-08-15,8호선,잠실(송파구청),10893,11728,22621,-835,8,15,월
2022-08-15,8호선,몽촌토성(평화의문),2886,2891,5777,-5,8,15,월
2022-08-15,8호선,강동구청,4394,4483,8877,-89,8,15,월
2022-08-15,8호선,천호(풍납토성),7971,9136,17107,-1165,8,15,월
2022-08-15,8호선,암사,8762,8333,17095,429,8,15,월
2022-08-15,7호선,온수(성공회대입구),3601,3627,7228,-26,8,15,월
2022-08-15,7호선,천왕,4536,4565,9101,-29,8,15,월
2022-08-15,7호선,광명사거리,12196,12179,24375,17,8,15,월
2022-08-15,7호선,철산,9319,9676,18995,-357,8,15,월
2022-08-15,7호선,가산디지털단지,9666,9253,18919,413,8,15,월
2022-08-15,7호선,남구로,6284,6378,12662,-94,8,15,월
2022-08-15,7호선,대림(구로구청),5926,5851,11777,75,8,15,월
2022-08-15,7호선,신풍,5605,5559,11164,46,8,15,월
2022-08-15,7호선,보라매,3140,3193,6333,-53,8,15,월
2022-08-15,7호선,신대방삼거리,6919,7129,14048,-210,8,15,월
2022-08-15,7호선,장승배기,4293,4369,8662,-76,8,15,월
2022-08-15,7호선,상도,5009,5088,10097,-79,8,15,월
2022-08-15,7호선,숭실대입구(살피재),5186,5667,10853,-481,8,15,월
2022-08-15,7호선,남성,5245,5310,10555,-65,8,15,월
2022-08-15,7호선,이수,7301,7075,14376,226,8,15,월
2022-08-15,7호선,내방,5006,5102,10108,-96,8,15,월
2022-08-15,7호선,고속터미널,14759,7078,21837,7681,8,15,월
2022-08-15,7호선,반포,2923,2950,5873,-27,8,15,월
2022-08-15,7호선,논현,5451,5969,11420,-518,8,15,월
2022-08-15,7호선,학동,5261,5640,10901,-379,8,15,월
2022-08-15,7호선,강남구청,4634,5321,9955,-687,8,15,월
2022-08-15,7호선,청담,5862,6478,12340,-616,8,15,월
2022-08-15,7호선,뚝섬유원지,4660,4503,9163,157,8,15,월
2022-08-15,7호선,건대입구,7416,7685,15101,-269,8,15,월
2022-08-15,7호선,어린이대공원(세종대),6326,6304,12630,22,8,15,월
2022-08-15,7호선,군자(능동),7278,6186,13464,1092,8,15,월
2022-08-15,7호선,중곡,4838,4760,9598,78,8,15,월
2022-08-15,7호선,용마산(용마폭포공원),2905,3059,5964,-154,8,15,월
2022-08-15,7호선,사가정,7941,8053,15994,-112,8,15,월
2022-08-15,7호선,면목,7501,7471,14972,30,8,15,월
2022-08-15,7호선,상봉(시외버스터미널),9081,8787,17868,294,8,15,월
2022-08-15,7호선,중화,5134,5149,10283,-15,8,15,월
2022-08-15,7호선,먹골,5239,5317,10556,-78,8,15,월
2022-08-15,7호선,태릉입구,4397,4126,8523,271,8,15,월
2022-08-15,7호선,공릉(서울과학기술대),5655,5800,11455,-145,8,15,월
2022-08-15,7호선,하계,7998,7706,15704,292,8,15,월
2022-08-15,7호선,중계,5973,5653,11626,320,8,15,월
2022-08-15,7호선,노원,10843,11052,21895,-209,8,15,월
2022-08-15,7호선,마들,6084,5824,11908,260,8,15,월
2022-08-15,7호선,수락산,7007,6972,13979,35,8,15,월
2022-08-15,7호선,도봉산,4468,5726,10194,-1258,8,15,월
2022-08-15,7호선,장암,1137,791,1928,346,8,15,월
2022-08-15,6호선,신내,1,0,1,1,8,15,월
2022-08-15,6호선,봉화산(서울의료원),3690,3701,7391,-11,8,15,월
2022-08-15,6호선,화랑대(서울여대입구),4664,4000,8664,664,8,15,월
2022-08-15,6호선,태릉입구,3075,3180,6255,-105,8,15,월
2022-08-15,6호선,석계,6103,6315,12418,-212,8,15,월
2022-08-15,6호선,돌곶이,4397,4203,8600,194,8,15,월
2022-08-15,6호선,상월곡(한국과학기술연구원),3021,2809,5830,212,8,15,월
2022-08-15,6호선,월곡(동덕여대),5419,5518,10937,-99,8,15,월
2022-08-15,6호선,고려대(종암),3562,3705,7267,-143,8,15,월
2022-08-15,6호선,안암(고대병원앞),4436,4821,9257,-385,8,15,월
2022-08-15,6호선,보문,3586,3583,7169,3,8,15,월
2022-08-15,6호선,창신,1516,1366,2882,150,8,15,월
2022-08-15,6호선,동묘앞,4681,4927,9608,-246,8,15,월
2022-08-15,6호선,신당,4556,5440,9996,-884,8,15,월
2022-08-15,6호선,청구,1925,1938,3863,-13,8,15,월
2022-08-15,6호선,약수,1642,1583,3225,59,8,15,월
2022-08-15,6호선,버티고개,971,1054,2025,-83,8,15,월
2022-08-15,6호선,한강진,5142,5728,10870,-586,8,15,월
2022-08-15,6호선,이태원,9633,8478,18111,1155,8,15,월
2022-08-15,6호선,녹사평(용산구청),2827,2907,5734,-80,8,15,월
2022-08-15,6호선,삼각지,3595,2801,6396,794,8,15,월
2022-08-15,6호선,효창공원앞,3249,2953,6202,296,8,15,월
2022-08-15,6호선,공덕,6593,6320,12913,273,8,15,월
2022-08-15,6호선,대흥(서강대앞),3833,3922,7755,-89,8,15,월
2022-08-15,6호선,광흥창(서강),3525,3428,6953,97,8,15,월
2022-08-15,6호선,상수,5533,6404,11937,-871,8,15,월
2022-08-15,6호선,합정,8266,7793,16059,473,8,15,월
2022-08-15,6호선,망원,8027,8874,16901,-847,8,15,월
2022-08-15,6호선,마포구청,6436,6056,12492,380,8,15,월
2022-08-15,6호선,월드컵경기장(성산),4092,4003,8095,89,8,15,월
2022-08-15,6호선,디지털미디어시티,4967,5586,10553,-619,8,15,월
2022-08-15,6호선,증산(명지대앞),5178,5375,10553,-197,8,15,월
2022-08-15,6호선,새절(신사),6122,6033,12155,89,8,15,월
2022-08-15,6호선,구산,3562,2959,6521,603,8,15,월
2022-08-15,6호선,독바위,1448,1664,3112,-216,8,15,월
2022-08-15,6호선,불광,2736,2520,5256,216,8,15,월
2022-08-15,6호선,역촌,1936,2213,4149,-277,8,15,월
2022-08-15,6호선,응암,8794,8997,17791,-203,8,15,월
2022-08-15,5호선,하남검단산,4507,4269,8776,238,8,15,월
2022-08-15,5호선,하남시청(덕풍·신장),3927,3845,7772,82,8,15,월
2022-08-15,5호선,하남풍산,2072,2006,4078,66,8,15,월
2022-08-15,5호선,미사,8747,8782,17529,-35,8,15,월
2022-08-15,5호선,강일,2258,2119,4377,139,8,15,월
2022-08-15,5호선,마천,3308,3430,6738,-122,8,15,월
2022-08-15,5호선,거여,4312,4193,8505,119,8,15,월
2022-08-15,5호선,개롱,2741,2912,5653,-171,8,15,월
2022-08-15,5호선,오금,1353,1358,2711,-5,8,15,월
2022-08-15,5호선,방이,3156,3094,6250,62,8,15,월
2022-08-15,5호선,올림픽공원(한국체대),2056,1860,3916,196,8,15,월
2022-08-15,5호선,둔촌동,3996,4070,8066,-74,8,15,월
2022-08-15,5호선,상일동,6675,6417,13092,258,8,15,월
2022-08-15,5호선,고덕,4312,4341,8653,-29,8,15,월
2022-08-15,5호선,명일,4130,4273,8403,-143,8,15,월
2022-08-15,5호선,굽은다리(강동구민회관앞),5358,5202,10560,156,8,15,월
2022-08-15,5호선,길동,4306,4478,8784,-172,8,15,월
2022-08-15,5호선,강동,8403,8530,16933,-127,8,15,월
2022-08-15,5호선,천호(풍납토성),11804,11324,23128,480,8,15,월
2022-08-15,5호선,광나루(장신대),7032,6737,13769,295,8,15,월
2022-08-15,5호선,아차산(어린이대공원후문),8211,8030,16241,181,8,15,월
2022-08-15,5호선,군자(능동),5634,6541,12175,-907,8,15,월
2022-08-15,5호선,장한평,8323,8672,16995,-349,8,15,월
2022-08-15,5호선,답십리,7538,7295,14833,243,8,15,월
2022-08-15,5호선,마장,2689,2630,5319,59,8,15,월
2022-08-15,5호선,왕십리(성동구청),2488,2880,5368,-392,8,15,월
2022-08-15,5호선,행당,3752,3442,7194,310,8,15,월
2022-08-15,5호선,신금호,2848,3143,5991,-295,8,15,월
2022-08-15,5호선,청구,1813,1798,3611,15,8,15,월
2022-08-15,5호선,동대문역사문화공원(DDP),1061,1180,2241,-119,8,15,월
2022-08-15,5호선,을지로4가,2584,2644,5228,-60,8,15,월
2022-08-15,5호선,종로3가,9919,9207,19126,712,8,15,월
2022-08-15,5호선,광화문(세종문화회관),27998,28630,56628,-632,8,15,월
2022-08-15,5호선,서대문,5176,4548,9724,628,8,15,월
2022-08-15,5호선,충정로(경기대입구),1308,1344,2652,-36,8,15,월
2022-08-15,5호선,애오개,2353,2435,4788,-82,8,15,월
2022-08-15,5호선,공덕,4486,4688,9174,-202,8,15,월
2022-08-15,5호선,마포,4747,4911,9658,-164,8,15,월
2022-08-15,5호선,여의나루,5546,8021,13567,-2475,8,15,월
2022-08-15,5호선,여의도,8976,8792,17768,184,8,15,월
2022-08-15,5호선,신길,1813,2063,3876,-250,8,15,월
2022-08-15,5호선,영등포시장,4831,5124,9955,-293,8,15,월
2022-08-15,5호선,영등포구청,1429,1321,2750,108,8,15,월
2022-08-15,5호선,양평,2407,2552,4959,-145,8,15,월
2022-08-15,5호선,오목교(목동운동장앞),11023,11689,22712,-666,8,15,월
2022-08-15,5호선,목동,7329,7706,15035,-377,8,15,월
2022-08-15,5호선,신정(은행정),6281,5730,12011,551,8,15,월
2022-08-15,5호선,까치산,14734,14668,29402,66,8,15,월
2022-08-15,5호선,화곡,13818,13308,27126,510,8,15,월
2022-08-15,5호선,우장산,6888,7140,14028,-252,8,15,월
2022-08-15,5호선,발산,8538,9289,17827,-751,8,15,월
2022-08-15,5호선,마곡,3656,3898,7554,-242,8,15,월
2022-08-15,5호선,송정,3598,3533,7131,65,8,15,월
2022-08-15,5호선,김포공항,7553,7164,14717,389,8,15,월
2022-08-15,5호선,개화산,2760,2681,5441,79,8,15,월
2022-08-15,5호선,방화,3415,3400,6815,15,8,15,월
2022-08-15,4호선,남태령,600,493,1093,107,8,15,월
2022-08-15,4호선,사당,13082,12189,25271,893,8,15,월
2022-08-15,4호선,총신대입구(이수),9382,10295,19677,-913,8,15,월
2022-08-15,4호선,동작(현충원),800,881,1681,-81,8,15,월
2022-08-15,4호선,이촌(국립중앙박물관),6749,7021,13770,-272,8,15,월
2022-08-15,4호선,신용산,8903,9038,17941,-135,8,15,월
2022-08-15,4호선,삼각지,2670,3667,6337,-997,8,15,월
2022-08-15,4호선,숙대입구(갈월),5920,5795,11715,125,8,15,월
2022-08-15,4호선,서울역,4071,10142,14213,-6071,8,15,월
2022-08-15,4호선,회현(남대문시장),14757,14646,29403,111,8,15,월
2022-08-15,4호선,명동,12067,12259,24326,-192,8,15,월
2022-08-15,4호선,충무로,7915,8778,16693,-863,8,15,월
2022-08-15,4호선,동대문역사문화공원(DDP),9856,8589,18445,1267,8,15,월
2022-08-15,4호선,동대문,12705,13600,26305,-895,8,15,월
2022-08-15,4호선,혜화,20419,21390,41809,-971,8,15,월
2022-08-15,4호선,한성대입구(삼선교),6932,6845,13777,87,8,15,월
2022-08-15,4호선,성신여대입구(돈암),11671,11515,23186,156,8,15,월
2022-08-15,4호선,길음,10029,9868,19897,161,8,15,월
2022-08-15,4호선,미아사거리,15016,14574,29590,442,8,15,월
2022-08-15,4호선,미아(서울사이버대학),7840,7487,15327,353,8,15,월
2022-08-15,4호선,수유(강북구청),18895,18611,37506,284,8,15,월
2022-08-15,4호선,쌍문,14676,13507,28183,1169,8,15,월
2022-08-15,4호선,창동,13656,14341,27997,-685,8,15,월
2022-08-15,4호선,노원,11061,12207,23268,-1146,8,15,월
2022-08-15,4호선,상계,9622,9056,18678,566,8,15,월
2022-08-15,4호선,당고개,5237,4864,10101,373,8,15,월
2022-08-15,3호선,오금,2441,2390,4831,51,8,15,월
2022-08-15,3호선,경찰병원,2580,2799,5379,-219,8,15,월
2022-08-15,3호선,가락시장,4095,4132,8227,-37,8,15,월
2022-08-15,3호선,수서,10399,9875,20274,524,8,15,월
2022-08-15,3호선,일원,3233,3430,6663,-197,8,15,월
2022-08-15,3호선,대청,4107,4165,8272,-58,8,15,월
2022-08-15,3호선,학여울,659,682,1341,-23,8,15,월
2022-08-15,3호선,대치,6197,5699,11896,498,8,15,월
2022-08-15,3호선,도곡,1818,1833,3651,-15,8,15,월
2022-08-15,3호선,매봉,4073,4136,8209,-63,8,15,월
2022-08-15,3호선,양재(서초구청),10894,13071,23965,-2177,8,15,월
2022-08-15,3호선,남부터미널(예술의전당),14281,13292,27573,989,8,15,월
2022-08-15,3호선,교대(법원.검찰청),4234,2739,6973,1495,8,15,월
2022-08-15,3호선,고속터미널,44443,35735,80178,8708,8,15,월
2022-08-15,3호선,잠원,2166,2156,4322,10,8,15,월
2022-08-15,3호선,신사,11749,12021,23770,-272,8,15,월
2022-08-15,3호선,압구정,13503,14291,27794,-788,8,15,월
2022-08-15,3호선,옥수,4650,4860,9510,-210,8,15,월
2022-08-15,3호선,금호,3854,3790,7644,64,8,15,월
2022-08-15,3호선,약수,6141,6140,12281,1,8,15,월
2022-08-15,3호선,동대입구,4568,4961,9529,-393,8,15,월
2022-08-15,3호선,을지로3가,3552,3266,6818,286,8,15,월
2022-08-15,3호선,종로3가,4349,5581,9930,-1232,8,15,월
2022-08-15,3호선,안국,11665,11577,23242,88,8,15,월
2022-08-15,3호선,경복궁(정부서울청사),14283,15750,30033,-1467,8,15,월
2022-08-15,3호선,독립문,5904,6155,12059,-251,8,15,월
2022-08-15,3호선,무악재,1864,1939,3803,-75,8,15,월
2022-08-15,3호선,홍제,8730,8639,17369,91,8,15,월
2022-08-15,3호선,녹번,6850,6385,13235,465,8,15,월
2022-08-15,3호선,연신내,20114,19486,39600,628,8,15,월
2022-08-15,3호선,구파발,10774,11342,22116,-568,8,15,월
2022-08-15,3호선,지축,2581,2371,4952,210,8,15,월
2022-08-15,2호선,용두(동대문구청),1349,1354,2703,-5,8,15,월
2022-08-15,2호선,신정네거리,4950,5086,10036,-136,8,15,월
2022-08-15,2호선,양천구청,3110,3210,6320,-100,8,15,월
2022-08-15,2호선,도림천,570,579,1149,-9,8,15,월
2022-08-15,2호선,신설동,1973,1890,3863,83,8,15,월
2022-08-15,2호선,신답,708,822,1530,-114,8,15,월
2022-08-15,2호선,용답,1620,1583,3203,37,8,15,월
2022-08-15,2호선,충정로(경기대입구),3303,3542,6845,-239,8,15,월
2022-08-15,2호선,아현,5148,5068,10216,80,8,15,월
2022-08-15,2호선,이대,6830,7671,14501,-841,8,15,월
2022-08-15,2호선,신촌,20587,20234,40821,353,8,15,월
2022-08-15,2호선,홍대입구,48242,48442,96684,-200,8,15,월
2022-08-15,2호선,합정,18142,19885,38027,-1743,8,15,월
2022-08-15,2호선,당산,7528,8047,15575,-519,8,15,월
2022-08-15,2호선,영등포구청,7654,8116,15770,-462,8,15,월
2022-08-15,2호선,문래,7222,7766,14988,-544,8,15,월
2022-08-15,2호선,신도림,24602,25156,49758,-554,8,15,월
2022-08-15,2호선,대림(구로구청),13470,14043,27513,-573,8,15,월
2022-08-15,2호선,구로디지털단지,22524,23119,45643,-595,8,15,월
2022-08-15,2호선,신대방,13935,14083,28018,-148,8,15,월
2022-08-15,2호선,신림,32467,32644,65111,-177,8,15,월
2022-08-15,2호선,봉천,11625,11829,23454,-204,8,15,월
2022-08-15,2호선,서울대입구(관악구청),23642,24949,48591,-1307,8,15,월
2022-08-15,2호선,낙성대(강감찬),13387,14181,27568,-794,8,15,월
2022-08-15,2호선,사당,19169,20982,40151,-1813,8,15,월
2022-08-15,2호선,방배,5755,6201,11956,-446,8,15,월
2022-08-15,2호선,서초,5576,4987,10563,589,8,15,월
2022-08-15,2호선,교대(법원.검찰청),10237,11448,21685,-1211,8,15,월
2022-08-15,2호선,강남,30953,29257,60210,1696,8,15,월
2022-08-15,2호선,역삼,10417,11623,22040,-1206,8,15,월
2022-08-15,2호선,선릉,13186,12109,25295,1077,8,15,월
2022-08-15,2호선,삼성(무역센터),20135,19626,39761,509,8,15,월
2022-08-15,2호선,종합운동장,3114,3546,6660,-432,8,15,월
2022-08-15,2호선,잠실새내,11206,11594,22800,-388,8,15,월
2022-08-15,2호선,잠실(송파구청),47082,44389,91471,2693,8,15,월
2022-08-15,2호선,잠실나루,5077,5292,10369,-215,8,15,월
2022-08-15,2호선,강변(동서울터미널),24540,19874,44414,4666,8,15,월
2022-08-15,2호선,구의(광진구청),11216,11496,22712,-280,8,15,월
2022-08-15,2호선,건대입구,23763,25528,49291,-1765,8,15,월
2022-08-15,2호선,성수,14426,15747,30173,-1321,8,15,월
2022-08-15,2호선,뚝섬,8467,8963,17430,-496,8,15,월
2022-08-15,2호선,한양대,2352,2570,4922,-218,8,15,월
2022-08-15,2호선,왕십리(성동구청),8406,7573,15979,833,8,15,월
2022-08-15,2호선,상왕십리,6928,6860,13788,68,8,15,월
2022-08-15,2호선,신당,7897,8640,16537,-743,8,15,월
2022-08-15,2호선,동대문역사문화공원(DDP),8399,9729,18128,-1330,8,15,월
2022-08-15,2호선,을지로4가,5759,5503,11262,256,8,15,월
2022-08-15,2호선,을지로3가,7609,7045,14654,564,8,15,월
2022-08-15,2호선,을지로입구,19197,17122,36319,2075,8,15,월
2022-08-15,2호선,시청,9773,8006,17779,1767,8,15,월
2022-08-15,1호선,동묘앞,7302,7898,15200,-596,8,15,월
2022-08-15,1호선,청량리(서울시립대입구),13636,14305,27941,-669,8,15,월
2022-08-15,1호선,제기동,11834,12488,24322,-654,8,15,월
2022-08-15,1호선,신설동,6500,6685,13185,-185,8,15,월
2022-08-15,1호선,동대문,7840,8053,15893,-213,8,15,월
2022-08-15,1호선,종로5가,15078,14474,29552,604,8,15,월
2022-08-15,1호선,종로3가,17198,15589,32787,1609,8,15,월
2022-08-15,1호선,종각,18931,16095,35026,2836,8,15,월
2022-08-15,1호선,시청,19918,19136,39054,782,8,15,월
2022-08-15,1호선,서울역,32920,29633,62553,3287,8,15,월
2022-08-15,3호선,불광,8833,9862,18695,-1029,8,15,월
2022-08-16,경부선,세마,2749,2687,5436,62,8,16,화
2022-08-16,경부선,오산,9252,9446,18698,-194,8,16,화
2022-08-16,경부선,진위,1715,1554,3269,161,8,16,화
2022-08-16,경부선,송탄,4118,4000,8118,118,8,16,화
2022-08-16,경부선,서정리,6621,6523,13144,98,8,16,화
2022-08-16,경부선,평택지제,3822,3715,7537,107,8,16,화
2022-08-16,경부선,평택,11091,10964,22055,127,8,16,화
2022-08-16,경부선,성환,3242,3291,6533,-49,8,16,화
2022-08-16,경부선,직산,844,841,1685,3,8,16,화
2022-08-16,경부선,두정,5132,5231,10363,-99,8,16,화
2022-08-16,경부선,천안,5026,5460,10486,-434,8,16,화
2022-08-16,경부선,당정,6106,5753,11859,353,8,16,화
2022-08-16,경부선,서동탄,1488,1290,2778,198,8,16,화
2022-08-16,경부선,광명,3835,2983,6818,852,8,16,화
2022-08-16,경원선,이촌(국립중앙박물관),3998,3013,7011,985,8,16,화
2022-08-16,경원선,서빙고,2035,1931,3966,104,8,16,화
2022-08-16,경원선,한남,4154,3961,8115,193,8,16,화
2022-08-16,경원선,옥수,72,44,116,28,8,16,화
2022-08-16,경원선,응봉,1875,1582,3457,293,8,16,화
2022-08-16,경원선,왕십리(성동구청),14120,15923,30043,-1803,8,16,화
2022-08-16,경원선,청량리(서울시립대입구),15645,15640,31285,5,8,16,화
2022-08-16,경원선,외대앞,7535,7538,15073,-3,8,16,화
2022-08-16,경원선,신이문,8390,7680,16070,710,8,16,화
2022-08-16,경원선,석계,7818,8830,16648,-1012,8,16,화
2022-08-16,경원선,광운대,7242,6874,14116,368,8,16,화
2022-08-16,경원선,월계,6207,6002,12209,205,8,16,화
2022-08-16,경원선,녹천,4565,3863,8428,702,8,16,화
2022-08-16,경원선,창동,1,0,1,1,8,16,화
2022-08-16,경원선,방학,9809,9579,19388,230,8,16,화
2022-08-16,경원선,도봉,5957,5847,11804,110,8,16,화
2022-08-16,경원선,도봉산,7264,4680,11944,2584,8,16,화
2022-08-16,경원선,망월사,7393,7465,14858,-72,8,16,화
2022-08-16,경원선,회룡,12499,12416,24915,83,8,16,화
2022-08-16,경원선,의정부,18317,18716,37033,-399,8,16,화
2022-08-16,경원선,가능,6668,6448,13116,220,8,16,화
2022-08-16,경원선,녹양,4467,4198,8665,269,8,16,화
2022-08-16,경원선,양주,7516,7040,14556,476,8,16,화
2022-08-16,경원선,덕계,3305,2881,6186,424,8,16,화
2022-08-16,경원선,덕정,5551,5389,10940,162,8,16,화
2022-08-16,경원선,지행,6582,6350,12932,232,8,16,화
2022-08-16,경원선,동두천중앙,3149,3015,6164,134,8,16,화
2022-08-16,경원선,보산,1574,1382,2956,192,8,16,화
2022-08-16,경원선,동두천,2161,2391,4552,-230,8,16,화
2022-08-16,경원선,소요산,3287,2463,5750,824,8,16,화
2022-08-16,경의선,서울역,4770,5978,10748,-1208,8,16,화
2022-08-16,경의선,신촌,894,1220,2114,-326,8,16,화
2022-08-16,경의선,효창공원앞,2966,3396,6362,-430,8,16,화
2022-08-16,경의선,공덕,3815,3376,7191,439,8,16,화
2022-08-16,경의선,서강대,2165,2125,4290,40,8,16,화
2022-08-16,경의선,홍대입구,1805,2193,3998,-388,8,16,화
2022-08-16,경의선,가좌,5546,5322,10868,224,8,16,화
2022-08-16,경의선,디지털미디어시티,2654,2366,5020,288,8,16,화
2022-08-16,경의선,수색,2948,3042,5990,-94,8,16,화
2022-08-16,경의선,화전,1558,1436,2994,122,8,16,화
2022-08-16,경의선,강매,3238,2742,5980,496,8,16,화
2022-08-16,경의선,행신,8193,8195,16388,-2,8,16,화
2022-08-16,경의선,능곡,3924,3522,7446,402,8,16,화
2022-08-16,경의선,곡산,601,669,1270,-68,8,16,화
2022-08-16,경의선,백마,7087,6849,13936,238,8,16,화
2022-08-16,경의선,풍산,5675,5233,10908,442,8,16,화
2022-08-16,경의선,일산,9509,9086,18595,423,8,16,화
2022-08-16,경의선,탄현,8142,7727,15869,415,8,16,화
2022-08-16,경의선,야당,7925,7926,15851,-1,8,16,화
2022-08-16,경의선,운정,7010,6493,13503,517,8,16,화
2022-08-16,경의선,금릉,5034,4798,9832,236,8,16,화
2022-08-16,경의선,금촌,6759,6720,13479,39,8,16,화
2022-08-16,경의선,월롱,2610,2574,5184,36,8,16,화
2022-08-16,경의선,파주,1174,780,1954,394,8,16,화
2022-08-16,경의선,문산,5460,5259,10719,201,8,16,화
2022-08-16,경의선,임진강,20,11,31,9,8,16,화
2022-08-16,경인선,개봉,20642,20462,41104,180,8,16,화
2022-08-16,경인선,오류동,11658,10759,22417,899,8,16,화
2022-08-16,경인선,역곡,26098,26201,52299,-103,8,16,화
2022-08-16,경인선,부천,31316,31193,62509,123,8,16,화
2022-08-16,경인선,송내,26870,26544,53414,326,8,16,화
2022-08-16,경인선,부평,28155,29850,58005,-1695,8,16,화
2022-08-16,경인선,백운,6842,6701,13543,141,8,16,화
2022-08-16,경인선,동암,15512,15334,30846,178,8,16,화
2022-08-16,경인선,주안,18241,16388,34629,1853,8,16,화
2022-08-16,경인선,제물포,10117,9572,19689,545,8,16,화
2022-08-16,경인선,동인천,12971,12323,25294,648,8,16,화
2022-08-16,경인선,인천,4027,3276,7303,751,8,16,화
2022-08-16,경인선,구일,5982,5828,11810,154,8,16,화
2022-08-16,경인선,소사,8116,8276,16392,-160,8,16,화
2022-08-16,경인선,부개,8698,8140,16838,558,8,16,화
2022-08-16,경인선,간석,5991,5515,11506,476,8,16,화
2022-08-16,경인선,도원,2806,2801,5607,5,8,16,화
2022-08-16,경인선,온수(성공회대입구),6371,5987,12358,384,8,16,화
2022-08-16,경인선,중동,9269,8672,17941,597,8,16,화
2022-08-16,경인선,도화,4124,3752,7876,372,8,16,화
2022-08-16,경춘선,신내,2170,2047,4217,123,8,16,화
2022-08-16,경춘선,갈매,3023,2582,5605,441,8,16,화
2022-08-16,경춘선,별내,3110,2985,6095,125,8,16,화
2022-08-16,경춘선,퇴계원,3528,3171,6699,357,8,16,화
2022-08-16,경춘선,사릉,2356,2284,4640,72,8,16,화
2022-08-16,경춘선,금곡,1514,1508,3022,6,8,16,화
2022-08-16,경춘선,평내호평,6321,6043,12364,278,8,16,화
2022-08-16,경춘선,천마산,1602,1480,3082,122,8,16,화
2022-08-16,경춘선,마석,4035,3916,7951,119,8,16,화
2022-08-16,경춘선,대성리,811,792,1603,19,8,16,화
2022-08-16,경춘선,청평,1971,1916,3887,55,8,16,화
2022-08-16,경춘선,상천,296,289,585,7,8,16,화
2022-08-16,경춘선,가평,2586,2742,5328,-156,8,16,화
2022-08-16,경춘선,굴봉산,135,130,265,5,8,16,화
2022-08-16,경춘선,백양리,126,84,210,42,8,16,화
2022-08-16,경춘선,강촌,463,467,930,-4,8,16,화
2022-08-16,경춘선,김유정,385,365,750,20,8,16,화
2022-08-16,경춘선,남춘천,2367,2426,4793,-59,8,16,화
2022-08-16,경춘선,춘천,1422,1268,2690,154,8,16,화
2022-08-16,공항철도 1호선,서울역,9875,8302,18177,1573,8,16,화
2022-08-16,공항철도 1호선,공덕,2468,3268,5736,-800,8,16,화
2022-08-16,공항철도 1호선,홍대입구,10913,11259,22172,-346,8,16,화
2022-08-16,공항철도 1호선,디지털미디어시티,14443,13519,27962,924,8,16,화
2022-08-16,공항철도 1호선,마곡나루(서울식물원),9749,9106,18855,643,8,16,화
2022-08-16,공항철도 1호선,김포공항,11285,6345,17630,4940,8,16,화
2022-08-16,공항철도 1호선,계양,11193,10475,21668,718,8,16,화
2022-08-16,공항철도 1호선,검암,6730,6613,13343,117,8,16,화
2022-08-16,공항철도 1호선,청라국제도시,7198,6639,13837,559,8,16,화
2022-08-16,공항철도 1호선,운서,7776,8037,15813,-261,8,16,화
2022-08-16,공항철도 1호선,공항화물청사,2323,2528,4851,-205,8,16,화
2022-08-16,공항철도 1호선,인천공항1터미널,8835,7389,16224,1446,8,16,화
2022-08-16,공항철도 1호선,인천공항2터미널,3745,3286,7031,459,8,16,화
2022-08-16,공항철도 1호선,영종,3717,3673,7390,44,8,16,화
2022-08-16,과천선,선바위,7762,6742,14504,1020,8,16,화
2022-08-16,과천선,경마공원,1503,1445,2948,58,8,16,화
2022-08-16,과천선,대공원,2561,2727,5288,-166,8,16,화
2022-08-16,과천선,과천,6579,6059,12638,520,8,16,화
2022-08-16,과천선,정부과천청사,11007,11091,22098,-84,8,16,화
2022-08-16,과천선,인덕원,23536,24569,48105,-1033,8,16,화
2022-08-16,과천선,평촌,17656,17396,35052,260,8,16,화
2022-08-16,과천선,범계,25711,25830,51541,-119,8,16,화
2022-08-16,분당선,선릉,14210,21477,35687,-7267,8,16,화
2022-08-16,분당선,한티,14514,15618,30132,-1104,8,16,화
2022-08-16,분당선,도곡,7092,6903,13995,189,8,16,화
2022-08-16,분당선,구룡,2323,2280,4603,43,8,16,화
2022-08-16,분당선,개포동,4036,4110,8146,-74,8,16,화
2022-08-16,분당선,대모산입구,4624,4456,9080,168,8,16,화
2022-08-16,분당선,수서,14003,13982,27985,21,8,16,화
2022-08-16,분당선,수원,7912,6523,14435,1389,8,16,화
2022-08-16,분당선,서울숲,11517,11836,23353,-319,8,16,화
2022-08-16,분당선,압구정로데오,19146,21367,40513,-2221,8,16,화
2022-08-16,분당선,강남구청,9611,11163,20774,-1552,8,16,화
2022-08-16,분당선,선정릉,8091,8590,16681,-499,8,16,화
2022-08-16,분당선,가천대,6581,7283,13864,-702,8,16,화
2022-08-16,분당선,태평,13609,12969,26578,640,8,16,화
2022-08-16,분당선,모란,19325,19518,38843,-193,8,16,화
2022-08-16,분당선,야탑,25756,26896,52652,-1140,8,16,화
2022-08-16,분당선,서현,25096,25602,50698,-506,8,16,화
2022-08-16,분당선,수내,13974,13873,27847,101,8,16,화
2022-08-16,분당선,정자,18563,19646,38209,-1083,8,16,화
2022-08-16,분당선,미금,15747,16635,32382,-888,8,16,화
2022-08-16,분당선,오리,11676,9522,21198,2154,8,16,화
2022-08-16,분당선,이매,5789,5379,11168,410,8,16,화
2022-08-16,분당선,보정,2513,2308,4821,205,8,16,화
2022-08-16,분당선,죽전,12805,14358,27163,-1553,8,16,화
2022-08-16,분당선,구성,4988,5196,10184,-208,8,16,화
2022-08-16,분당선,신갈,4732,4651,9383,81,8,16,화
2022-08-16,분당선,기흥,10119,9469,19588,650,8,16,화
2022-08-16,분당선,상갈,5231,5106,10337,125,8,16,화
2022-08-16,분당선,청명,4260,4227,8487,33,8,16,화
2022-08-16,분당선,영통,8167,8571,16738,-404,8,16,화
2022-08-16,분당선,망포,14560,13764,28324,796,8,16,화
2022-08-16,분당선,매탄권선,5144,4916,10060,228,8,16,화
2022-08-16,분당선,수원시청,12393,13252,25645,-859,8,16,화
2022-08-16,분당선,매교,3497,3512,7009,-15,8,16,화
2022-08-16,수인선,고색,4510,4166,8676,344,8,16,화
2022-08-16,수인선,오목천,2940,2751,5691,189,8,16,화
2022-08-16,수인선,어천,829,872,1701,-43,8,16,화
2022-08-16,수인선,야목,365,264,629,101,8,16,화
2022-08-16,수인선,사리,4618,3956,8574,662,8,16,화
2022-08-16,수인선,달월,121,79,200,42,8,16,화
2022-08-16,수인선,월곶,2590,2420,5010,170,8,16,화
2022-08-16,수인선,소래포구,4656,4299,8955,357,8,16,화
2022-08-16,수인선,인천논현,5383,5702,11085,-319,8,16,화
2022-08-16,수인선,호구포,4115,4280,8395,-165,8,16,화
2022-08-16,수인선,남동인더스파크,2304,2521,4825,-217,8,16,화
2022-08-16,수인선,원인재,4179,4298,8477,-119,8,16,화
2022-08-16,수인선,연수,4449,4417,8866,32,8,16,화
2022-08-16,수인선,송도,2258,2125,4383,133,8,16,화
2022-08-16,수인선,인하대,5592,5403,10995,189,8,16,화
2022-08-16,수인선,숭의,3896,3547,7443,349,8,16,화
2022-08-16,수인선,신포,1614,1642,3256,-28,8,16,화
2022-08-16,수인선,인천,1122,1663,2785,-541,8,16,화
2022-08-16,신림선,샛강,2228,2570,4798,-342,8,16,화
2022-08-16,신림선,대방,1935,1647,3582,288,8,16,화
2022-08-16,신림선,서울지방병무청,2371,2514,4885,-143,8,16,화
2022-08-16,신림선,보라매,2971,2715,5686,256,8,16,화
2022-08-16,신림선,보라매공원,1891,2082,3973,-191,8,16,화
2022-08-16,신림선,보라매병원,6916,7168,14084,-252,8,16,화
2022-08-16,신림선,당곡,3757,3762,7519,-5,8,16,화
2022-08-16,신림선,신림,1611,2304,3915,-693,8,16,화
2022-08-16,신림선,서원,2793,2513,5306,280,8,16,화
2022-08-16,신림선,서울대벤처타운,6675,6688,13363,-13,8,16,화
2022-08-16,신림선,관악산(서울대),2841,2766,5607,75,8,16,화
2022-08-16,안산선,산본,15622,16884,32506,-1262,8,16,화
2022-08-16,안산선,대야미,4963,4419,9382,544,8,16,화
2022-08-16,안산선,반월,4248,4075,8323,173,8,16,화
2022-08-16,안산선,상록수,15298,15456,30754,-158,8,16,화
2022-08-16,안산선,한대앞,8662,8707,17369,-45,8,16,화
2022-08-16,안산선,중앙,17601,18410,36011,-809,8,16,화
2022-08-16,안산선,고잔,8878,8350,17228,528,8,16,화
2022-08-16,안산선,초지,4679,4674,9353,5,8,16,화
2022-08-16,안산선,안산,11628,10672,22300,956,8,16,화
2022-08-16,안산선,신길온천,1799,1597,3396,202,8,16,화
2022-08-16,안산선,정왕,7660,8135,15795,-475,8,16,화
2022-08-16,안산선,오이도,8362,7954,16316,408,8,16,화
2022-08-16,안산선,수리산,4009,3292,7301,717,8,16,화
2022-08-16,우이신설선,북한산우이,2755,2430,5185,325,8,16,화
2022-08-16,우이신설선,솔밭공원,2509,2480,4989,29,8,16,화
2022-08-16,우이신설선,4.19민주묘지,2914,2770,5684,144,8,16,화
2022-08-16,우이신설선,가오리,4319,4248,8567,71,8,16,화
2022-08-16,우이신설선,화계,3502,3359,6861,143,8,16,화
2022-08-16,우이신설선,삼양,1988,2156,4144,-168,8,16,화
2022-08-16,우이신설선,삼양사거리,2490,2459,4949,31,8,16,화
2022-08-16,우이신설선,솔샘,5750,5489,11239,261,8,16,화
2022-08-16,우이신설선,북한산보국문,5776,5598,11374,178,8,16,화
2022-08-16,우이신설선,정릉,4513,4136,8649,377,8,16,화
2022-08-16,우이신설선,성신여대입구(돈암),3159,3611,6770,-452,8,16,화
2022-08-16,우이신설선,보문,1515,1527,3042,-12,8,16,화
2022-08-16,우이신설선,신설동,2046,1900,3946,146,8,16,화
2022-08-16,일산선,원흥,10939,10409,21348,530,8,16,화
2022-08-16,일산선,삼송,19693,19188,38881,505,8,16,화
2022-08-16,일산선,원당,10902,10250,21152,652,8,16,화
2022-08-16,일산선,화정,16761,17050,33811,-289,8,16,화
2022-08-16,일산선,대곡,2092,1688,3780,404,8,16,화
2022-08-16,일산선,백석,9729,9734,19463,-5,8,16,화
2022-08-16,일산선,마두,7683,7837,15520,-154,8,16,화
2022-08-16,일산선,정발산,7089,7074,14163,15,8,16,화
2022-08-16,일산선,주엽,9505,9372,18877,133,8,16,화
2022-08-16,일산선,대화,13054,10153,23207,2901,8,16,화
2022-08-16,장항선,봉명,1293,1267,2560,26,8,16,화
2022-08-16,장항선,쌍용(나사렛대),1940,1744,3684,196,8,16,화
2022-08-16,장항선,아산,3226,2652,5878,574,8,16,화
2022-08-16,장항선,탕정,899,806,1705,93,8,16,화
2022-08-16,장항선,배방,1037,1033,2070,4,8,16,화
2022-08-16,장항선,온양온천,3501,3573,7074,-72,8,16,화
2022-08-16,장항선,신창(순천향대),1085,1134,2219,-49,8,16,화
2022-08-16,중앙선,회기,23924,23372,47296,552,8,16,화
2022-08-16,중앙선,중랑,5675,5359,11034,316,8,16,화
2022-08-16,중앙선,상봉(시외버스터미널),5669,5586,11255,83,8,16,화
2022-08-16,중앙선,망우,7568,7428,14996,140,8,16,화
2022-08-16,중앙선,양원,3059,2905,5964,154,8,16,화
2022-08-16,중앙선,구리,13194,13295,26489,-101,8,16,화
2022-08-16,중앙선,도농,10990,9983,20973,1007,8,16,화
2022-08-16,중앙선,양정,682,567,1249,115,8,16,화
2022-08-16,중앙선,덕소,5644,5614,11258,30,8,16,화
2022-08-16,중앙선,도심,2561,1961,4522,600,8,16,화
2022-08-16,중앙선,팔당,835,850,1685,-15,8,16,화
2022-08-16,중앙선,운길산,711,690,1401,21,8,16,화
2022-08-16,중앙선,양수,1914,1906,3820,8,8,16,화
2022-08-16,중앙선,신원,183,154,337,29,8,16,화
2022-08-16,중앙선,국수,596,605,1201,-9,8,16,화
2022-08-16,중앙선,아신,575,557,1132,18,8,16,화
2022-08-16,중앙선,오빈,338,315,653,23,8,16,화
2022-08-16,중앙선,양평,3031,2746,5777,285,8,16,화
2022-08-16,중앙선,원덕,353,344,697,9,8,16,화
2022-08-16,중앙선,용문,2003,1927,3930,76,8,16,화
2022-08-16,중앙선,지평,72,60,132,12,8,16,화
2022-08-16,2호선,낙성대(강감찬),27102,26624,53726,478,8,16,화
2022-08-16,2호선,서울대입구(관악구청),45732,45689,91421,43,8,16,화
2022-08-16,2호선,봉천,24163,22715,46878,1448,8,16,화
2022-08-16,2호선,신림,56667,55340,112007,1327,8,16,화
2022-08-16,2호선,신대방,24774,24433,49207,341,8,16,화
2022-08-16,2호선,구로디지털단지,59754,60088,119842,-334,8,16,화
2022-08-16,2호선,대림(구로구청),23795,24398,48193,-603,8,16,화
2022-08-16,2호선,신도림,47002,46447,93449,555,8,16,화
2022-08-16,2호선,문래,22035,22768,44803,-733,8,16,화
2022-08-16,2호선,영등포구청,22092,22769,44861,-677,8,16,화
2022-08-16,2호선,당산,17541,20746,38287,-3205,8,16,화
2022-08-16,2호선,합정,30423,32506,62929,-2083,8,16,화
2022-08-16,2호선,홍대입구,57871,61709,119580,-3838,8,16,화
2022-08-16,2호선,신촌,33855,34586,68441,-731,8,16,화
2022-08-16,2호선,이대,12814,13821,26635,-1007,8,16,화
2022-08-16,2호선,아현,10671,10054,20725,617,8,16,화
2022-08-16,2호선,충정로(경기대입구),9874,10398,20272,-524,8,16,화
2022-08-16,2호선,용답,2701,2602,5303,99,8,16,화
2022-08-16,2호선,신답,1655,1878,3533,-223,8,16,화
2022-08-16,2호선,신설동,3003,2948,5951,55,8,16,화
2022-08-16,2호선,도림천,1347,1420,2767,-73,8,16,화
2022-08-16,2호선,양천구청,6813,7035,13848,-222,8,16,화
2022-08-16,2호선,신정네거리,10188,10509,20697,-321,8,16,화
2022-08-16,2호선,용두(동대문구청),2301,2387,4688,-86,8,16,화
2022-08-16,3호선,지축,5287,5152,10439,135,8,16,화
2022-08-16,3호선,구파발,20834,20311,41145,523,8,16,화
2022-08-16,3호선,연신내,35657,33934,69591,1723,8,16,화
2022-08-16,3호선,불광,15915,16996,32911,-1081,8,16,화
2022-08-16,3호선,녹번,15217,13739,28956,1478,8,16,화
2022-08-16,3호선,홍제,17061,16106,33167,955,8,16,화
2022-08-16,3호선,무악재,3917,3894,7811,23,8,16,화
2022-08-16,3호선,독립문,6713,6961,13674,-248,8,16,화
2022-08-16,3호선,경복궁(정부서울청사),19145,19176,38321,-31,8,16,화
2022-08-16,3호선,안국,21448,22168,43616,-720,8,16,화
2022-08-16,3호선,종로3가,10251,12102,22353,-1851,8,16,화
2022-08-16,3호선,을지로3가,10904,10858,21762,46,8,16,화
2022-08-16,3호선,동대입구,7424,8045,15469,-621,8,16,화
2022-08-16,3호선,약수,12609,12212,24821,397,8,16,화
2022-08-16,3호선,금호,7713,7138,14851,575,8,16,화
2022-08-16,3호선,옥수,8717,9104,17821,-387,8,16,화
2022-08-16,3호선,압구정,32508,34827,67335,-2319,8,16,화
2022-08-16,3호선,신사,28965,30476,59441,-1511,8,16,화
2022-08-16,3호선,잠원,4811,4667,9478,144,8,16,화
2022-08-16,3호선,고속터미널,42803,38857,81660,3946,8,16,화
2022-08-16,3호선,교대(법원.검찰청),14507,9621,24128,4886,8,16,화
2022-08-16,3호선,남부터미널(예술의전당),29061,29280,58341,-219,8,16,화
2022-08-16,3호선,양재(서초구청),35999,39416,75415,-3417,8,16,화
2022-08-16,3호선,매봉,12443,12016,24459,427,8,16,화
2022-08-16,3호선,도곡,5090,5101,10191,-11,8,16,화
2022-08-16,3호선,대치,11273,11142,22415,131,8,16,화
2022-08-16,3호선,학여울,1792,1828,3620,-36,8,16,화
2022-08-16,3호선,대청,10094,9723,19817,371,8,16,화
2022-08-16,3호선,일원,10747,10344,21091,403,8,16,화
2022-08-16,3호선,수서,16581,17096,33677,-515,8,16,화
2022-08-16,3호선,가락시장,8884,8715,17599,169,8,16,화
2022-08-16,3호선,경찰병원,7300,7410,14710,-110,8,16,화
2022-08-16,3호선,오금,6104,5594,11698,510,8,16,화
2022-08-16,4호선,당고개,8801,7826,16627,975,8,16,화
2022-08-16,4호선,상계,18247,17171,35418,1076,8,16,화
2022-08-16,4호선,노원,18212,20750,38962,-2538,8,16,화
2022-08-16,4호선,창동,24412,25964,50376,-1552,8,16,화
2022-08-16,4호선,쌍문,28225,26539,54764,1686,8,16,화
2022-08-16,4호선,수유(강북구청),32716,33140,65856,-424,8,16,화
2022-08-16,4호선,미아(서울사이버대학),14541,14169,28710,372,8,16,화
2022-08-16,4호선,미아사거리,26237,25888,52125,349,8,16,화
2022-08-16,4호선,길음,19896,19835,39731,61,8,16,화
2022-08-16,4호선,성신여대입구(돈암),19040,18750,37790,290,8,16,화
2022-08-16,4호선,한성대입구(삼선교),12603,12217,24820,386,8,16,화
2022-08-16,4호선,혜화,30718,31023,61741,-305,8,16,화
2022-08-16,4호선,동대문,20391,20788,41179,-397,8,16,화
2022-08-16,4호선,동대문역사문화공원(DDP),15268,13532,28800,1736,8,16,화
2022-08-16,4호선,충무로,25755,27327,53082,-1572,8,16,화
2022-08-16,4호선,명동,20039,21107,41146,-1068,8,16,화
2022-08-16,4호선,회현(남대문시장),25189,26484,51673,-1295,8,16,화
2022-08-16,4호선,서울역,11483,17342,28825,-5859,8,16,화
2022-08-16,4호선,숙대입구(갈월),12912,12570,25482,342,8,16,화
2022-08-16,4호선,삼각지,5130,5823,10953,-693,8,16,화
2022-08-16,4호선,신용산,18452,19026,37478,-574,8,16,화
2022-08-16,4호선,이촌(국립중앙박물관),9153,10013,19166,-860,8,16,화
2022-08-16,4호선,동작(현충원),1279,1383,2662,-104,8,16,화
2022-08-16,4호선,총신대입구(이수),18094,19994,38088,-1900,8,16,화
2022-08-16,4호선,사당,22776,20096,42872,2680,8,16,화
2022-08-16,4호선,남태령,1199,993,2192,206,8,16,화
2022-08-16,5호선,방화,6825,6580,13405,245,8,16,화
2022-08-16,5호선,개화산,5640,5443,11083,197,8,16,화
2022-08-16,5호선,김포공항,7542,6865,14407,677,8,16,화
2022-08-16,5호선,송정,6489,6000,12489,489,8,16,화
2022-08-16,7호선,도봉산,8743,9754,18497,-1011,8,16,화
2022-08-16,7호선,수락산,12430,12362,24792,68,8,16,화
2022-08-16,7호선,마들,12572,11998,24570,574,8,16,화
2022-08-16,7호선,노원,20206,21240,41446,-1034,8,16,화
2022-08-16,7호선,중계,13811,12478,26289,1333,8,16,화
2022-08-16,7호선,하계,17135,15954,33089,1181,8,16,화
2022-08-16,7호선,공릉(서울과학기술대),11054,11181,22235,-127,8,16,화
2022-08-16,7호선,태릉입구,8115,7717,15832,398,8,16,화
2022-08-16,7호선,먹골,9942,10016,19958,-74,8,16,화
2022-08-16,7호선,중화,10435,10276,20711,159,8,16,화
2022-08-16,7호선,상봉(시외버스터미널),16406,15704,32110,702,8,16,화
2022-08-16,7호선,면목,14759,14443,29202,316,8,16,화
2022-08-16,7호선,사가정,15668,15761,31429,-93,8,16,화
2022-08-16,7호선,용마산(용마폭포공원),5814,5678,11492,136,8,16,화
2022-08-16,7호선,중곡,10433,9859,20292,574,8,16,화
2022-08-16,7호선,군자(능동),14805,11989,26794,2816,8,16,화
2022-08-16,7호선,어린이대공원(세종대),12552,12660,25212,-108,8,16,화
2022-08-16,7호선,건대입구,11972,12610,24582,-638,8,16,화
2022-08-16,7호선,뚝섬유원지,9236,8816,18052,420,8,16,화
2022-08-16,7호선,청담,20381,22408,42789,-2027,8,16,화
2022-08-16,7호선,강남구청,17179,18777,35956,-1598,8,16,화
2022-08-16,7호선,학동,24520,25712,50232,-1192,8,16,화
2022-08-16,7호선,논현,19148,20219,39367,-1071,8,16,화
2022-08-16,7호선,반포,5969,5760,11729,209,8,16,화
2022-08-16,7호선,고속터미널,16542,13042,29584,3500,8,16,화
2022-08-16,7호선,내방,14809,15028,29837,-219,8,16,화
2022-08-16,7호선,이수,15768,14969,30737,799,8,16,화
2022-08-16,7호선,남성,11227,10661,21888,566,8,16,화
2022-08-16,7호선,숭실대입구(살피재),11533,11858,23391,-325,8,16,화
2022-08-16,7호선,상도,10828,10641,21469,187,8,16,화
2022-08-16,7호선,장승배기,9273,9200,18473,73,8,16,화
2022-08-16,7호선,신대방삼거리,14843,14377,29220,466,8,16,화
2022-08-16,7호선,보라매,7440,7771,15211,-331,8,16,화
2022-08-16,7호선,신풍,11539,10978,22517,561,8,16,화
2022-08-16,7호선,대림(구로구청),8350,8355,16705,-5,8,16,화
2022-08-16,7호선,남구로,16151,16632,32783,-481,8,16,화
2022-08-16,7호선,가산디지털단지,44973,45077,90050,-104,8,16,화
2022-08-16,7호선,철산,20845,21145,41990,-300,8,16,화
2022-08-16,7호선,광명사거리,21055,20946,42001,109,8,16,화
2022-08-16,7호선,천왕,11539,10966,22505,573,8,16,화
2022-08-16,7호선,온수(성공회대입구),9804,9013,18817,791,8,16,화
2022-08-16,8호선,암사,18713,16673,35386,2040,8,16,화
2022-08-16,8호선,천호(풍납토성),14452,16556,31008,-2104,8,16,화
2022-08-16,8호선,강동구청,10228,10553,20781,-325,8,16,화
2022-08-16,8호선,몽촌토성(평화의문),6010,6242,12252,-232,8,16,화
2022-08-16,8호선,잠실(송파구청),14273,16765,31038,-2492,8,16,화
2022-08-16,8호선,석촌,7471,8593,16064,-1122,8,16,화
2022-08-16,8호선,송파,8511,8272,16783,239,8,16,화
2022-08-16,8호선,가락시장,7452,8270,15722,-818,8,16,화
2022-08-16,8호선,문정,21749,22877,44626,-1128,8,16,화
2022-08-16,8호선,장지,16672,16032,32704,640,8,16,화
2022-08-16,8호선,복정,8819,7546,16365,1273,8,16,화
2022-08-16,8호선,산성,5070,5144,10214,-74,8,16,화
2022-08-16,8호선,남한산성입구(성남법원.검찰청),13629,12260,25889,1369,8,16,화
2022-08-16,8호선,단대오거리,10261,10137,20398,124,8,16,화
2022-08-16,8호선,신흥,4123,4560,8683,-437,8,16,화
2022-08-16,8호선,수진,5245,4855,10100,390,8,16,화
2022-08-16,8호선,모란,4433,3578,8011,855,8,16,화
2022-08-16,8호선,남위례,5281,5413,10694,-132,8,16,화
2022-08-16,9호선,개화,2808,1919,4727,889,8,16,화
2022-08-16,9호선,김포공항,7302,10475,17777,-3173,8,16,화
2022-08-16,9호선,공항시장,2985,3263,6248,-278,8,16,화
2022-08-16,9호선,신방화,6687,6643,13330,44,8,16,화
2022-08-16,9호선,마곡나루(서울식물원),12164,12269,24433,-105,8,16,화
2022-08-16,9호선,양천향교,9625,9867,19492,-242,8,16,화
2022-08-16,5호선,굽은다리(강동구민회관앞),9481,9064,18545,417,8,16,화
2022-08-16,5호선,길동,7991,8474,16465,-483,8,16,화
2022-08-16,5호선,강동,18588,17654,36242,934,8,16,화
2022-08-16,5호선,천호(풍납토성),17801,17934,35735,-133,8,16,화
2022-08-16,5호선,광나루(장신대),12822,11706,24528,1116,8,16,화
2022-08-16,5호선,아차산(어린이대공원후문),13928,13392,27320,536,8,16,화
2022-08-16,6호선,신당,7725,8261,15986,-536,8,16,화
2022-08-16,7호선,장암,2354,940,3294,1414,8,16,화
2022-08-16,6호선,봉화산(서울의료원),8877,8427,17304,450,8,16,화
2022-08-16,9호선,사평,3761,3700,7461,61,8,16,화
2022-08-16,1호선,서울역,48749,44367,93116,4382,8,16,화
2022-08-16,1호선,시청,22703,23176,45879,-473,8,16,화
2022-08-16,1호선,종각,36681,36104,72785,577,8,16,화
2022-08-16,1호선,종로3가,25808,23847,49655,1961,8,16,화
2022-08-16,1호선,종로5가,22540,22619,45159,-79,8,16,화
2022-08-16,1호선,동대문,10886,10419,21305,467,8,16,화
2022-08-16,1호선,신설동,12806,12638,25444,168,8,16,화
2022-08-16,1호선,제기동,16618,17021,33639,-403,8,16,화
2022-08-16,1호선,청량리(서울시립대입구),19435,19268,38703,167,8,16,화
2022-08-16,1호선,동묘앞,7241,7644,14885,-403,8,16,화
2022-08-16,2호선,시청,23059,22450,45509,609,8,16,화
2022-08-16,2호선,을지로입구,41815,42761,84576,-946,8,16,화
2022-08-16,2호선,을지로3가,23217,23540,46757,-323,8,16,화
2022-08-16,2호선,을지로4가,13821,13694,27515,127,8,16,화
2022-08-16,2호선,동대문역사문화공원(DDP),12485,13849,26334,-1364,8,16,화
2022-08-16,2호선,신당,13686,14084,27770,-398,8,16,화
2022-08-16,2호선,상왕십리,14336,13816,28152,520,8,16,화
2022-08-16,2호선,왕십리(성동구청),15597,12959,28556,2638,8,16,화
2022-08-16,2호선,한양대,7191,7940,15131,-749,8,16,화
2022-08-16,2호선,뚝섬,22501,24602,47103,-2101,8,16,화
2022-08-16,2호선,성수,38004,41463,79467,-3459,8,16,화
2022-08-16,2호선,건대입구,33059,35874,68933,-2815,8,16,화
2022-08-16,2호선,구의(광진구청),23479,23194,46673,285,8,16,화
2022-08-16,2호선,강변(동서울터미널),33079,29809,62888,3270,8,16,화
2022-08-16,5호선,상일동,14785,13621,28406,1164,8,16,화
2022-08-16,5호선,고덕,9781,9806,19587,-25,8,16,화
2022-08-16,5호선,명일,8632,8948,17580,-316,8,16,화
2022-08-16,2호선,잠실나루,14561,14499,29060,62,8,16,화
2022-08-16,2호선,잠실(송파구청),71939,71560,143499,379,8,16,화
2022-08-16,2호선,잠실새내,21711,21940,43651,-229,8,16,화
2022-08-16,2호선,종합운동장,11804,12905,24709,-1101,8,16,화
2022-08-16,2호선,삼성(무역센터),52960,53705,106665,-745,8,16,화
2022-08-16,2호선,선릉,59798,52947,112745,6851,8,16,화
2022-08-16,2호선,역삼,54550,61601,116151,-7051,8,16,화
2022-08-16,2호선,강남,82384,79412,161796,2972,8,16,화
2022-08-16,2호선,교대(법원.검찰청),34038,38224,72262,-4186,8,16,화
2022-08-16,2호선,서초,21440,20782,42222,658,8,16,화
2022-08-16,2호선,방배,16066,16551,32617,-485,8,16,화
2022-08-16,2호선,사당,38163,39974,78137,-1811,8,16,화
2022-08-16,9호선,가양,20962,20607,41569,355,8,16,화
2022-08-16,9호선,증미,7747,7566,15313,181,8,16,화
2022-08-16,9호선,등촌,11875,11654,23529,221,8,16,화
2022-08-16,9호선,염창,17547,17089,34636,458,8,16,화
2022-08-16,9호선,신목동,4268,3650,7918,618,8,16,화
2022-08-16,9호선,선유도,8836,8476,17312,360,8,16,화
2022-08-16,9호선,당산,18415,18995,37410,-580,8,16,화
2022-08-16,9호선,국회의사당,16816,17472,34288,-656,8,16,화
2022-08-16,9호선,여의도,29137,28036,57173,1101,8,16,화
2022-08-16,9호선,샛강,6332,6417,12749,-85,8,16,화
2022-08-16,9호선,노량진,23999,23926,47925,73,8,16,화
2022-08-16,9호선,노들,4733,4014,8747,719,8,16,화
2022-08-16,9호선,흑석(중앙대입구),7950,8471,16421,-521,8,16,화
2022-08-16,9호선,동작(현충원),1660,1289,2949,371,8,16,화
2022-08-16,9호선,구반포,1209,1207,2416,2,8,16,화
2022-08-16,9호선,신반포,3739,3733,7472,6,8,16,화
2022-08-16,9호선,고속터미널,13319,15948,29267,-2629,8,16,화
2022-08-16,9호선,신논현,30165,29868,60033,297,8,16,화
2022-08-16,9호선2~3단계,언주,11032,11521,22553,-489,8,16,화
2022-08-16,5호선,마곡,10920,11011,21931,-91,8,16,화
2022-08-16,5호선,발산,21208,22043,43251,-835,8,16,화
2022-08-16,5호선,우장산,14813,14535,29348,278,8,16,화
2022-08-16,5호선,화곡,28643,26733,55376,1910,8,16,화
2022-08-16,5호선,까치산,28615,27264,55879,1351,8,16,화
2022-08-16,5호선,신정(은행정),13818,11259,25077,2559,8,16,화
2022-08-16,5호선,목동,16644,18112,34756,-1468,8,16,화
2022-08-16,5호선,오목교(목동운동장앞),21582,23064,44646,-1482,8,16,화
2022-08-16,5호선,양평,7431,7319,14750,112,8,16,화
2022-08-16,5호선,영등포구청,4100,4194,8294,-94,8,16,화
2022-08-16,5호선,영등포시장,10046,10385,20431,-339,8,16,화
2022-08-16,5호선,신길,4197,4354,8551,-157,8,16,화
2022-08-16,5호선,여의도,29110,30830,59940,-1720,8,16,화
2022-08-16,5호선,여의나루,12440,13748,26188,-1308,8,16,화
2022-08-16,5호선,마포,14301,14565,28866,-264,8,16,화
2022-08-16,5호선,공덕,14312,14942,29254,-630,8,16,화
2022-08-16,5호선,애오개,6643,6645,13288,-2,8,16,화
2022-08-16,5호선,충정로(경기대입구),4617,4655,9272,-38,8,16,화
2022-08-16,5호선,서대문,19363,19867,39230,-504,8,16,화
2022-08-16,5호선,광화문(세종문화회관),31109,32359,63468,-1250,8,16,화
2022-08-16,5호선,종로3가,12637,12584,25221,53,8,16,화
2022-08-16,5호선,을지로4가,6276,6463,12739,-187,8,16,화
2022-08-16,5호선,동대문역사문화공원(DDP),3212,3701,6913,-489,8,16,화
2022-08-16,5호선,청구,3882,3550,7432,332,8,16,화
2022-08-16,5호선,신금호,6147,6523,12670,-376,8,16,화
2022-08-16,5호선,행당,8151,7299,15450,852,8,16,화
2022-08-16,5호선,왕십리(성동구청),4416,5021,9437,-605,8,16,화
2022-08-16,5호선,마장,5512,5113,10625,399,8,16,화
2022-08-16,5호선,답십리,16031,14707,30738,1324,8,16,화
2022-08-16,5호선,장한평,18221,18119,36340,102,8,16,화
2022-08-16,5호선,군자(능동),10794,11899,22693,-1105,8,16,화
2022-08-16,6호선,화랑대(서울여대입구),11100,8760,19860,2340,8,16,화
2022-08-16,6호선,태릉입구,5431,5788,11219,-357,8,16,화
2022-08-16,6호선,석계,12030,12439,24469,-409,8,16,화
2022-08-16,6호선,돌곶이,9284,8632,17916,652,8,16,화
2022-08-16,6호선,상월곡(한국과학기술연구원),6063,5447,11510,616,8,16,화
2022-08-16,6호선,월곡(동덕여대),11579,11552,23131,27,8,16,화
2022-08-16,6호선,고려대(종암),7813,7523,15336,290,8,16,화
2022-08-16,6호선,안암(고대병원앞),10482,10583,21065,-101,8,16,화
2022-08-16,6호선,보문,7274,6697,13971,577,8,16,화
2022-08-16,6호선,창신,3353,2642,5995,711,8,16,화
2022-08-16,6호선,동묘앞,8039,8189,16228,-150,8,16,화
2022-08-16,5호선,둔촌동,7967,8101,16068,-134,8,16,화
2022-08-16,5호선,올림픽공원(한국체대),4212,3572,7784,640,8,16,화
2022-08-16,5호선,방이,6815,7121,13936,-306,8,16,화
2022-08-16,5호선,오금,3736,3734,7470,2,8,16,화
2022-08-16,5호선,개롱,6347,6702,13049,-355,8,16,화
2022-08-16,5호선,거여,9954,9510,19464,444,8,16,화
2022-08-16,5호선,마천,7222,6937,14159,285,8,16,화
2022-08-16,5호선,강일,4553,4456,9009,97,8,16,화
2022-08-16,5호선,미사,16251,16461,32712,-210,8,16,화
2022-08-16,5호선,하남풍산,4112,4142,8254,-30,8,16,화
2022-08-16,5호선,하남시청(덕풍·신장),6802,6551,13353,251,8,16,화
2022-08-16,5호선,하남검단산,5816,5491,11307,325,8,16,화
2022-08-16,6호선,응암,16948,17189,34137,-241,8,16,화
2022-08-16,6호선,역촌,3861,4271,8132,-410,8,16,화
2022-08-16,6호선,불광,4370,4285,8655,85,8,16,화
2022-08-16,6호선,독바위,2785,2903,5688,-118,8,16,화
2022-08-16,6호선,연신내,1,0,1,1,8,16,화
2022-08-16,6호선,구산,7832,6009,13841,1823,8,16,화
2022-08-16,6호선,새절(신사),12242,11474,23716,768,8,16,화
2022-08-16,6호선,증산(명지대앞),9740,9725,19465,15,8,16,화
2022-08-16,6호선,디지털미디어시티,14325,16005,30330,-1680,8,16,화
2022-08-16,6호선,월드컵경기장(성산),4391,4643,9034,-252,8,16,화
2022-08-16,6호선,마포구청,14278,12879,27157,1399,8,16,화
2022-08-16,6호선,망원,13650,14690,28340,-1040,8,16,화
2022-08-16,6호선,합정,12903,12663,25566,240,8,16,화
2022-08-16,6호선,상수,8513,9740,18253,-1227,8,16,화
2022-08-16,6호선,광흥창(서강),9511,9063,18574,448,8,16,화
2022-08-16,6호선,대흥(서강대앞),8409,8683,17092,-274,8,16,화
2022-08-16,6호선,공덕,18617,18357,36974,260,8,16,화
2022-08-16,6호선,효창공원앞,6972,6190,13162,782,8,16,화
2022-08-16,6호선,삼각지,6732,5515,12247,1217,8,16,화
2022-08-16,6호선,녹사평(용산구청),4692,4680,9372,12,8,16,화
2022-08-16,6호선,이태원,10367,10842,21209,-475,8,16,화
2022-08-16,6호선,한강진,8511,9687,18198,-1176,8,16,화
2022-08-16,6호선,버티고개,2042,2117,4159,-75,8,16,화
2022-08-16,6호선,약수,3472,3580,7052,-108,8,16,화
2022-08-16,6호선,청구,3598,3750,7348,-152,8,16,화
2022-08-16,9호선2~3단계,선정릉,10423,11487,21910,-1064,8,16,화
2022-08-16,9호선2~3단계,삼성중앙,7454,8007,15461,-553,8,16,화
2022-08-16,9호선2~3단계,봉은사,17553,17781,35334,-228,8,16,화
2022-08-16,9호선2~3단계,종합운동장,4656,4593,9249,63,8,16,화
2022-08-16,9호선2~3단계,삼전,7067,6832,13899,235,8,16,화
2022-08-16,9호선2~3단계,석촌고분,6338,6305,12643,33,8,16,화
2022-08-16,9호선2~3단계,석촌,8726,7805,16531,921,8,16,화
2022-08-16,9호선2~3단계,송파나루,5071,5471,10542,-400,8,16,화
2022-08-16,9호선2~3단계,한성백제,2696,2402,5098,294,8,16,화
2022-08-16,9호선2~3단계,올림픽공원(한국체대),6029,6227,12256,-198,8,16,화
2022-08-16,9호선2~3단계,둔촌오륜,1152,1097,2249,55,8,16,화
2022-08-16,9호선2~3단계,중앙보훈병원,11441,10307,21748,1134,8,16,화
2022-08-16,경강선,판교,5201,5224,10425,-23,8,16,화
2022-08-16,경강선,이매,1141,973,2114,168,8,16,화
2022-08-16,경강선,삼동,2520,2360,4880,160,8,16,화
2022-08-16,경강선,경기광주,7934,7459,15393,475,8,16,화
2022-08-16,경강선,초월,3252,3084,6336,168,8,16,화
2022-08-16,경강선,곤지암,2146,2102,4248,44,8,16,화
2022-08-16,경강선,신둔도예촌,1477,1357,2834,120,8,16,화
2022-08-16,경강선,이천,2700,2715,5415,-15,8,16,화
2022-08-16,경강선,부발,2013,2015,4028,-2,8,16,화
2022-08-16,경강선,세종대왕릉,374,346,720,28,8,16,화
2022-08-16,경강선,여주,2131,2105,4236,26,8,16,화
2022-08-16,경부선,서울역,8912,2267,11179,6645,8,16,화
2022-08-16,경부선,남영,9419,9750,19169,-331,8,16,화
2022-08-16,경부선,용산,39149,38425,77574,724,8,16,화
2022-08-16,경부선,노량진,7579,7195,14774,384,8,16,화
2022-08-16,경부선,대방,10727,11742,22469,-1015,8,16,화
2022-08-16,경부선,영등포,37863,38591,76454,-728,8,16,화
2022-08-16,경부선,신도림,4002,4045,8047,-43,8,16,화
2022-08-16,경부선,신길,9032,7732,16764,1300,8,16,화
2022-08-16,경부선,구로,18113,18180,36293,-67,8,16,화
2022-08-16,경부선,가산디지털단지,18135,21020,39155,-2885,8,16,화
2022-08-16,경부선,금천구청,11095,11126,22221,-31,8,16,화
2022-08-16,경부선,석수,9121,8283,17404,838,8,16,화
2022-08-16,경부선,관악,7045,6732,13777,313,8,16,화
2022-08-16,경부선,안양,20862,20507,41369,355,8,16,화
2022-08-16,경부선,명학,8993,8763,17756,230,8,16,화
2022-08-16,경부선,금정,26705,27397,54102,-692,8,16,화
2022-08-16,경부선,군포,7515,7413,14928,102,8,16,화
2022-08-16,경부선,의왕,8504,8671,17175,-167,8,16,화
2022-08-16,경부선,성균관대,13519,13521,27040,-2,8,16,화
2022-08-16,경부선,화서,7930,7651,15581,279,8,16,화
2022-08-16,경부선,수원,33242,34982,68224,-1740,8,16,화
2022-08-16,경부선,독산,18485,19144,37629,-659,8,16,화
2022-08-16,경부선,세류,3090,2792,5882,298,8,16,화
2022-08-16,경부선,병점,13805,13531,27336,274,8,16,화
2022-08-16,경부선,오산대,3359,3054,6413,305,8,16,화
2022-08-17,6호선,화랑대(서울여대입구),11551,8944,20495,2607,8,17,수
2022-08-17,6호선,봉화산(서울의료원),9086,8500,17586,586,8,17,수
2022-08-17,7호선,장암,2418,944,3362,1474,8,17,수
2022-08-17,7호선,도봉산,9005,10126,19131,-1121,8,17,수
2022-08-17,7호선,수락산,12846,12750,25596,96,8,17,수
2022-08-17,7호선,마들,13139,12306,25445,833,8,17,수
2022-08-17,7호선,노원,20537,21148,41685,-611,8,17,수
2022-08-17,7호선,중계,14117,12775,26892,1342,8,17,수
2022-08-17,7호선,하계,18130,17106,35236,1024,8,17,수
2022-08-17,7호선,공릉(서울과학기술대),11290,11321,22611,-31,8,17,수
2022-08-17,7호선,태릉입구,8582,8084,16666,498,8,17,수
2022-08-17,7호선,먹골,10320,10100,20420,220,8,17,수
2022-08-17,7호선,중화,10660,10394,21054,266,8,17,수
2022-08-17,7호선,상봉(시외버스터미널),16696,15766,32462,930,8,17,수
2022-08-17,7호선,면목,15113,14793,29906,320,8,17,수
2022-08-17,7호선,사가정,15735,15751,31486,-16,8,17,수
2022-08-17,7호선,용마산(용마폭포공원),6030,5883,11913,147,8,17,수
2022-08-17,7호선,중곡,11063,10282,21345,781,8,17,수
2022-08-17,7호선,군자(능동),15363,12302,27665,3061,8,17,수
2022-08-17,7호선,어린이대공원(세종대),12480,12699,25179,-219,8,17,수
2022-08-17,7호선,건대입구,12431,12846,25277,-415,8,17,수
2022-08-17,7호선,뚝섬유원지,9023,8539,17562,484,8,17,수
2022-08-17,7호선,청담,20701,22772,43473,-2071,8,17,수
2022-08-17,7호선,강남구청,17426,19315,36741,-1889,8,17,수
2022-08-17,7호선,학동,25095,26431,51526,-1336,8,17,수
2022-08-17,7호선,논현,19570,20538,40108,-968,8,17,수
2022-08-17,7호선,반포,6246,6045,12291,201,8,17,수
2022-08-17,7호선,고속터미널,16114,13346,29460,2768,8,17,수
2022-08-17,7호선,내방,14930,15272,30202,-342,8,17,수
2022-08-17,7호선,이수,16545,15401,31946,1144,8,17,수
2022-08-17,7호선,남성,11477,10657,22134,820,8,17,수
2022-08-17,7호선,숭실대입구(살피재),12043,12216,24259,-173,8,17,수
2022-08-17,7호선,상도,11182,10716,21898,466,8,17,수
2022-08-17,7호선,장승배기,9363,9211,18574,152,8,17,수
2022-08-17,7호선,신대방삼거리,15136,14438,29574,698,8,17,수
2022-08-17,7호선,보라매,7705,7828,15533,-123,8,17,수
2022-08-17,7호선,신풍,11918,11392,23310,526,8,17,수
2022-08-17,7호선,대림(구로구청),8335,8206,16541,129,8,17,수
2022-08-17,7호선,남구로,16024,16868,32892,-844,8,17,수
2022-08-17,7호선,가산디지털단지,45698,45892,91590,-194,8,17,수
2022-08-17,7호선,철산,21357,21853,43210,-496,8,17,수
2022-08-17,7호선,광명사거리,21682,21383,43065,299,8,17,수
2022-08-17,7호선,천왕,11659,11267,22926,392,8,17,수
2022-08-17,7호선,온수(성공회대입구),10238,9452,19690,786,8,17,수
2022-08-17,7호선,신중동,1,0,1,1,8,17,수
2022-08-17,8호선,암사,19127,16757,35884,2370,8,17,수
2022-08-17,8호선,천호(풍납토성),14510,16818,31328,-2308,8,17,수
2022-08-17,8호선,강동구청,10410,10827,21237,-417,8,17,수
2022-08-17,8호선,몽촌토성(평화의문),6261,6411,12672,-150,8,17,수
2022-08-17,8호선,잠실(송파구청),14476,17133,31609,-2657,8,17,수
2022-08-17,8호선,석촌,7566,8734,16300,-1168,8,17,수
2022-08-17,8호선,송파,8612,8377,16989,235,8,17,수
2022-08-17,8호선,가락시장,7633,8423,16056,-790,8,17,수
2022-08-17,8호선,문정,22132,23384,45516,-1252,8,17,수
2022-08-17,8호선,장지,17505,16674,34179,831,8,17,수
2022-08-17,8호선,복정,9155,7617,16772,1538,8,17,수
2022-08-17,8호선,산성,5358,5314,10672,44,8,17,수
2022-08-17,8호선,남한산성입구(성남법원.검찰청),13438,12138,25576,1300,8,17,수
2022-08-17,8호선,단대오거리,10416,10308,20724,108,8,17,수
2022-08-17,8호선,신흥,4225,4592,8817,-367,8,17,수
2022-08-17,8호선,수진,5294,4933,10227,361,8,17,수
2022-08-17,8호선,모란,4437,3408,7845,1029,8,17,수
2022-08-17,8호선,남위례,5367,5654,11021,-287,8,17,수
2022-08-17,9호선,개화,2813,1897,4710,916,8,17,수
2022-08-17,9호선,김포공항,7517,10584,18101,-3067,8,17,수
2022-08-17,9호선,공항시장,3020,3313,6333,-293,8,17,수
2022-08-17,9호선,신방화,6956,6762,13718,194,8,17,수
2022-08-17,9호선,마곡나루(서울식물원),12815,12569,25384,246,8,17,수
2022-08-17,9호선,양천향교,9993,10215,20208,-222,8,17,수
2022-08-17,9호선,가양,21359,21144,42503,215,8,17,수
2022-08-17,9호선,증미,7738,7532,15270,206,8,17,수
2022-08-17,9호선,등촌,12021,11496,23517,525,8,17,수
2022-08-17,9호선,염창,17905,17368,35273,537,8,17,수
2022-08-17,9호선,신목동,4333,3746,8079,587,8,17,수
2022-08-17,9호선,선유도,8998,8615,17613,383,8,17,수
2022-08-17,9호선,당산,18900,19447,38347,-547,8,17,수
2022-08-17,9호선,국회의사당,17715,18480,36195,-765,8,17,수
2022-08-17,9호선,여의도,30508,29157,59665,1351,8,17,수
2022-08-17,9호선,샛강,6531,6590,13121,-59,8,17,수
2022-08-17,9호선,노량진,24969,24462,49431,507,8,17,수
2022-08-17,9호선,노들,4848,4070,8918,778,8,17,수
2022-08-17,9호선,흑석(중앙대입구),8293,8655,16948,-362,8,17,수
2022-08-17,2호선,당산,18201,21555,39756,-3354,8,17,수
2022-08-17,2호선,영등포구청,22444,23162,45606,-718,8,17,수
2022-08-17,2호선,문래,22713,23421,46134,-708,8,17,수
2022-08-17,2호선,신도림,48685,47743,96428,942,8,17,수
2022-08-17,2호선,대림(구로구청),24273,24719,48992,-446,8,17,수
2022-08-17,2호선,구로디지털단지,60771,61137,121908,-366,8,17,수
2022-08-17,중앙선,지평,63,74,137,-11,8,17,수
2022-08-17,중앙선,용문,1940,2019,3959,-79,8,17,수
2022-08-17,중앙선,원덕,394,350,744,44,8,17,수
2022-08-17,중앙선,양평,2919,2864,5783,55,8,17,수
2022-08-17,중앙선,오빈,319,325,644,-6,8,17,수
2022-08-17,중앙선,아신,581,542,1123,39,8,17,수
2022-08-17,중앙선,국수,664,655,1319,9,8,17,수
2022-08-17,중앙선,신원,201,182,383,19,8,17,수
2022-08-17,중앙선,양수,1929,1926,3855,3,8,17,수
2022-08-17,중앙선,운길산,744,698,1442,46,8,17,수
2022-08-17,중앙선,팔당,808,876,1684,-68,8,17,수
2022-08-17,중앙선,도심,2465,1942,4407,523,8,17,수
2022-08-17,중앙선,양정,689,614,1303,75,8,17,수
2022-08-17,9호선,동작(현충원),1850,1394,3244,456,8,17,수
2022-08-17,9호선,구반포,1244,1274,2518,-30,8,17,수
2022-08-17,9호선,신반포,3817,3726,7543,91,8,17,수
2022-08-17,9호선,고속터미널,13220,16454,29674,-3234,8,17,수
2022-08-17,9호선,사평,3938,3814,7752,124,8,17,수
2022-08-17,9호선,신논현,31076,30596,61672,480,8,17,수
2022-08-17,9호선2~3단계,언주,11413,11589,23002,-176,8,17,수
2022-08-17,9호선2~3단계,선정릉,10624,11660,22284,-1036,8,17,수
2022-08-17,9호선2~3단계,삼성중앙,7665,8035,15700,-370,8,17,수
2022-08-17,9호선2~3단계,봉은사,18508,18835,37343,-327,8,17,수
2022-08-17,9호선2~3단계,종합운동장,4657,4636,9293,21,8,17,수
2022-08-17,9호선2~3단계,삼전,7209,6950,14159,259,8,17,수
2022-08-17,9호선2~3단계,석촌고분,6620,6508,13128,112,8,17,수
2022-08-17,9호선2~3단계,석촌,8976,8041,17017,935,8,17,수
2022-08-17,9호선2~3단계,송파나루,5342,5738,11080,-396,8,17,수
2022-08-17,9호선2~3단계,한성백제,2672,2501,5173,171,8,17,수
2022-08-17,중앙선,덕소,5512,5480,10992,32,8,17,수
2022-08-17,4호선,충무로,26384,27615,53999,-1231,8,17,수
2022-08-17,4호선,동대문역사문화공원(DDP),15686,14551,30237,1135,8,17,수
2022-08-17,4호선,동대문,20099,20316,40415,-217,8,17,수
2022-08-17,4호선,혜화,35085,33467,68552,1618,8,17,수
2022-08-17,4호선,한성대입구(삼선교),12995,12998,25993,-3,8,17,수
2022-08-17,4호선,성신여대입구(돈암),19377,18860,38237,517,8,17,수
2022-08-17,4호선,길음,20533,20837,41370,-304,8,17,수
2022-08-17,4호선,미아사거리,26306,26337,52643,-31,8,17,수
2022-08-17,4호선,미아(서울사이버대학),14737,14955,29692,-218,8,17,수
2022-08-17,4호선,수유(강북구청),32772,33497,66269,-725,8,17,수
2022-08-17,4호선,쌍문,26079,27131,53210,-1052,8,17,수
2022-08-17,4호선,창동,25463,26926,52389,-1463,8,17,수
2022-08-17,4호선,노원,18146,20485,38631,-2339,8,17,수
2022-08-17,4호선,상계,18619,17654,36273,965,8,17,수
2022-08-17,4호선,당고개,8983,8181,17164,802,8,17,수
2022-08-17,3호선,오금,6180,5634,11814,546,8,17,수
2022-08-17,3호선,경찰병원,7505,7615,15120,-110,8,17,수
2022-08-17,3호선,가락시장,9078,8917,17995,161,8,17,수
2022-08-17,3호선,수서,16977,17479,34456,-502,8,17,수
2022-08-17,3호선,일원,11262,10692,21954,570,8,17,수
2022-08-17,3호선,대청,10642,9898,20540,744,8,17,수
2022-08-17,3호선,학여울,1980,2020,4000,-40,8,17,수
2022-08-17,3호선,대치,11185,11253,22438,-68,8,17,수
2022-08-17,3호선,도곡,5290,5341,10631,-51,8,17,수
2022-08-17,3호선,매봉,12972,12329,25301,643,8,17,수
2022-08-17,3호선,양재(서초구청),37891,41192,79083,-3301,8,17,수
2022-08-17,3호선,남부터미널(예술의전당),29302,29536,58838,-234,8,17,수
2022-08-17,3호선,교대(법원.검찰청),15281,9816,25097,5465,8,17,수
2022-08-17,3호선,고속터미널,41499,39535,81034,1964,8,17,수
2022-08-17,3호선,잠원,4941,4686,9627,255,8,17,수
2022-08-17,3호선,신사,29516,30589,60105,-1073,8,17,수
2022-08-17,3호선,압구정,33662,35794,69456,-2132,8,17,수
2022-08-17,3호선,옥수,9025,9336,18361,-311,8,17,수
2022-08-17,3호선,금호,7986,7384,15370,602,8,17,수
2022-08-17,3호선,약수,13129,12517,25646,612,8,17,수
2022-08-17,3호선,동대입구,7977,8511,16488,-534,8,17,수
2022-08-17,3호선,을지로3가,11005,11210,22215,-205,8,17,수
2022-08-17,3호선,종로3가,10402,12014,22416,-1612,8,17,수
2022-08-17,3호선,안국,23076,23516,46592,-440,8,17,수
2022-08-17,3호선,경복궁(정부서울청사),21290,21688,42978,-398,8,17,수
2022-08-17,3호선,독립문,7268,7390,14658,-122,8,17,수
2022-08-17,3호선,무악재,3975,4011,7986,-36,8,17,수
2022-08-17,3호선,홍제,17418,16290,33708,1128,8,17,수
2022-08-17,3호선,녹번,15558,14024,29582,1534,8,17,수
2022-08-17,3호선,불광,16092,17250,33342,-1158,8,17,수
2022-08-17,3호선,연신내,36202,34136,70338,2066,8,17,수
2022-08-17,3호선,구파발,21242,20528,41770,714,8,17,수
2022-08-17,3호선,지축,5373,5187,10560,186,8,17,수
2022-08-17,2호선,용두(동대문구청),2376,2372,4748,4,8,17,수
2022-08-17,중앙선,도농,11283,10206,21489,1077,8,17,수
2022-08-17,2호선,신정네거리,10342,10668,21010,-326,8,17,수
2022-08-17,2호선,양천구청,6950,7142,14092,-192,8,17,수
2022-08-17,2호선,도림천,1490,1513,3003,-23,8,17,수
2022-08-17,2호선,신설동,3314,3253,6567,61,8,17,수
2022-08-17,2호선,신답,1754,1903,3657,-149,8,17,수
2022-08-17,2호선,충정로(경기대입구),10189,10755,20944,-566,8,17,수
2022-08-17,2호선,아현,10782,10065,20847,717,8,17,수
2022-08-17,2호선,이대,13514,14434,27948,-920,8,17,수
2022-08-17,2호선,신촌,35377,36249,71626,-872,8,17,수
2022-08-17,2호선,홍대입구,59662,62914,122576,-3252,8,17,수
2022-08-17,2호선,합정,31898,34459,66357,-2561,8,17,수
2022-08-17,4호선,명동,20308,20312,40620,-4,8,17,수
2022-08-17,4호선,회현(남대문시장),24905,24253,49158,652,8,17,수
2022-08-17,4호선,서울역,11926,17459,29385,-5533,8,17,수
2022-08-17,4호선,숙대입구(갈월),13177,12596,25773,581,8,17,수
2022-08-17,4호선,삼각지,5534,7073,12607,-1539,8,17,수
2022-08-17,4호선,신용산,18548,18632,37180,-84,8,17,수
2022-08-17,4호선,이촌(국립중앙박물관),9836,10948,20784,-1112,8,17,수
2022-08-17,4호선,동작(현충원),1256,1472,2728,-216,8,17,수
2022-08-17,4호선,총신대입구(이수),18901,20800,39701,-1899,8,17,수
2022-08-17,4호선,사당,26619,21392,48011,5227,8,17,수
2022-08-17,4호선,남태령,1275,1778,3053,-503,8,17,수
2022-08-17,5호선,방화,7239,6994,14233,245,8,17,수
2022-08-17,5호선,개화산,5842,5483,11325,359,8,17,수
2022-08-17,5호선,김포공항,7365,7018,14383,347,8,17,수
2022-08-17,5호선,송정,6609,6051,12660,558,8,17,수
2022-08-17,5호선,마곡,10951,11129,22080,-178,8,17,수
2022-08-17,5호선,발산,21280,22208,43488,-928,8,17,수
2022-08-17,5호선,우장산,14969,14668,29637,301,8,17,수
2022-08-17,5호선,화곡,29023,26992,56015,2031,8,17,수
2022-08-17,5호선,까치산,29157,27531,56688,1626,8,17,수
2022-08-17,5호선,신정(은행정),14159,11604,25763,2555,8,17,수
2022-08-17,5호선,목동,17402,18468,35870,-1066,8,17,수
2022-08-17,5호선,오목교(목동운동장앞),22244,23669,45913,-1425,8,17,수
2022-08-17,5호선,양평,7685,7572,15257,113,8,17,수
2022-08-17,5호선,영등포구청,4317,4333,8650,-16,8,17,수
2022-08-17,5호선,영등포시장,10573,10723,21296,-150,8,17,수
2022-08-17,5호선,신길,4299,4521,8820,-222,8,17,수
2022-08-17,5호선,여의도,29846,31999,61845,-2153,8,17,수
2022-08-17,5호선,여의나루,12728,13829,26557,-1101,8,17,수
2022-08-17,5호선,마포,14736,15063,29799,-327,8,17,수
2022-08-17,5호선,공덕,14727,15412,30139,-685,8,17,수
2022-08-17,5호선,애오개,7047,6909,13956,138,8,17,수
2022-08-17,5호선,충정로(경기대입구),4787,4780,9567,7,8,17,수
2022-08-17,5호선,서대문,19593,20231,39824,-638,8,17,수
2022-08-17,5호선,광화문(세종문화회관),34862,36187,71049,-1325,8,17,수
2022-08-17,5호선,종로3가,13227,12875,26102,352,8,17,수
2022-08-17,5호선,을지로4가,6454,6606,13060,-152,8,17,수
2022-08-17,5호선,동대문역사문화공원(DDP),3268,3734,7002,-466,8,17,수
2022-08-17,5호선,청구,4021,3697,7718,324,8,17,수
2022-08-17,5호선,신금호,6273,6628,12901,-355,8,17,수
2022-08-17,5호선,행당,8236,7283,15519,953,8,17,수
2022-08-17,5호선,왕십리(성동구청),4524,4991,9515,-467,8,17,수
2022-08-17,5호선,마장,5554,5215,10769,339,8,17,수
2022-08-17,5호선,답십리,16622,15158,31780,1464,8,17,수
2022-08-17,5호선,장한평,19162,18831,37993,331,8,17,수
2022-08-17,5호선,군자(능동),11137,12248,23385,-1111,8,17,수
2022-08-17,5호선,아차산(어린이대공원후문),14579,13947,28526,632,8,17,수
2022-08-17,5호선,광나루(장신대),13218,12060,25278,1158,8,17,수
2022-08-17,5호선,천호(풍납토성),18367,18222,36589,145,8,17,수
2022-08-17,5호선,강동,18702,17966,36668,736,8,17,수
2022-08-17,5호선,길동,8194,8311,16505,-117,8,17,수
2022-08-17,5호선,굽은다리(강동구민회관앞),9595,9385,18980,210,8,17,수
2022-08-17,5호선,명일,8746,9103,17849,-357,8,17,수
2022-08-17,5호선,고덕,10130,9922,20052,208,8,17,수
2022-08-17,5호선,상일동,15178,13940,29118,1238,8,17,수
2022-08-17,5호선,둔촌동,8084,8160,16244,-76,8,17,수
2022-08-17,5호선,올림픽공원(한국체대),4215,3619,7834,596,8,17,수
2022-08-17,5호선,방이,6977,7176,14153,-199,8,17,수
2022-08-17,5호선,오금,3803,3808,7611,-5,8,17,수
2022-08-17,5호선,개롱,6513,6796,13309,-283,8,17,수
2022-08-17,5호선,거여,10314,9827,20141,487,8,17,수
2022-08-17,5호선,마천,7450,7210,14660,240,8,17,수
2022-08-17,5호선,강일,4596,4577,9173,19,8,17,수
2022-08-17,5호선,미사,16608,16781,33389,-173,8,17,수
2022-08-17,5호선,하남풍산,4182,4196,8378,-14,8,17,수
2022-08-17,5호선,하남시청(덕풍·신장),7021,6659,13680,362,8,17,수
2022-08-17,5호선,하남검단산,5829,5536,11365,293,8,17,수
2022-08-17,6호선,응암,17415,17275,34690,140,8,17,수
2022-08-17,6호선,역촌,4006,4449,8455,-443,8,17,수
2022-08-17,6호선,불광,4595,4470,9065,125,8,17,수
2022-08-17,6호선,독바위,2738,2912,5650,-174,8,17,수
2022-08-17,6호선,구산,7884,6066,13950,1818,8,17,수
2022-08-17,6호선,새절(신사),12694,11647,24341,1047,8,17,수
2022-08-17,6호선,증산(명지대앞),10000,9916,19916,84,8,17,수
2022-08-17,6호선,디지털미디어시티,14668,16141,30809,-1473,8,17,수
2022-08-17,6호선,월드컵경기장(성산),4430,4674,9104,-244,8,17,수
2022-08-17,6호선,마포구청,14539,13000,27539,1539,8,17,수
2022-08-17,6호선,망원,14196,15216,29412,-1020,8,17,수
2022-08-17,6호선,합정,13482,13369,26851,113,8,17,수
2022-08-17,2호선,용답,2694,2682,5376,12,8,17,수
2022-08-17,9호선2~3단계,올림픽공원(한국체대),6225,6157,12382,68,8,17,수
2022-08-17,2호선,신대방,25362,24979,50341,383,8,17,수
2022-08-17,2호선,신림,58504,56273,114777,2231,8,17,수
2022-08-17,2호선,봉천,24738,23038,47776,1700,8,17,수
2022-08-17,2호선,서울대입구(관악구청),47021,46348,93369,673,8,17,수
2022-08-17,2호선,낙성대(강감찬),28105,27292,55397,813,8,17,수
2022-08-17,1호선,서울역,48154,46350,94504,1804,8,17,수
2022-08-17,1호선,시청,23927,24637,48564,-710,8,17,수
2022-08-17,1호선,종각,38314,37549,75863,765,8,17,수
2022-08-17,1호선,종로3가,26253,23999,50252,2254,8,17,수
2022-08-17,1호선,종로5가,23117,23313,46430,-196,8,17,수
2022-08-17,1호선,동대문,10971,10158,21129,813,8,17,수
2022-08-17,1호선,신설동,13788,13400,27188,388,8,17,수
2022-08-17,1호선,제기동,16795,17270,34065,-475,8,17,수
2022-08-17,1호선,청량리(서울시립대입구),19322,19276,38598,46,8,17,수
2022-08-17,1호선,동묘앞,7377,7657,15034,-280,8,17,수
2022-08-17,2호선,시청,24686,24105,48791,581,8,17,수
2022-08-17,2호선,을지로입구,43378,44499,87877,-1121,8,17,수
2022-08-17,2호선,을지로3가,24623,24723,49346,-100,8,17,수
2022-08-17,2호선,을지로4가,13813,13584,27397,229,8,17,수
2022-08-17,2호선,동대문역사문화공원(DDP),13032,14810,27842,-1778,8,17,수
2022-08-17,2호선,신당,14105,14497,28602,-392,8,17,수
2022-08-17,2호선,상왕십리,14566,14276,28842,290,8,17,수
2022-08-17,2호선,왕십리(성동구청),16312,13849,30161,2463,8,17,수
2022-08-17,2호선,한양대,7665,8356,16021,-691,8,17,수
2022-08-17,2호선,뚝섬,23309,25154,48463,-1845,8,17,수
2022-08-17,2호선,성수,39296,43064,82360,-3768,8,17,수
2022-08-17,2호선,건대입구,33933,36944,70877,-3011,8,17,수
2022-08-17,2호선,구의(광진구청),23804,23368,47172,436,8,17,수
2022-08-17,2호선,강변(동서울터미널),32110,30372,62482,1738,8,17,수
2022-08-17,2호선,잠실나루,15518,15047,30565,471,8,17,수
2022-08-17,2호선,잠실(송파구청),73716,72993,146709,723,8,17,수
2022-08-17,2호선,잠실새내,22052,22009,44061,43,8,17,수
2022-08-17,2호선,종합운동장,11582,12600,24182,-1018,8,17,수
2022-08-17,2호선,삼성(무역센터),56019,56630,112649,-611,8,17,수
2022-08-17,2호선,선릉,60744,53618,114362,7126,8,17,수
2022-08-17,2호선,역삼,56372,63314,119686,-6942,8,17,수
2022-08-17,2호선,강남,85577,81606,167183,3971,8,17,수
2022-08-17,2호선,교대(법원.검찰청),35449,39530,74979,-4081,8,17,수
2022-08-17,2호선,서초,22744,21466,44210,1278,8,17,수
2022-08-17,2호선,방배,16532,16828,33360,-296,8,17,수
2022-08-17,2호선,사당,39639,42226,81865,-2587,8,17,수
2022-08-17,9호선2~3단계,둔촌오륜,1234,1135,2369,99,8,17,수
2022-08-17,9호선2~3단계,중앙보훈병원,11754,10400,22154,1354,8,17,수
2022-08-17,경강선,판교,5335,5321,10656,14,8,17,수
2022-08-17,경강선,이매,1170,942,2112,228,8,17,수
2022-08-17,경강선,삼동,2504,2335,4839,169,8,17,수
2022-08-17,경강선,경기광주,8200,7516,15716,684,8,17,수
2022-08-17,경강선,초월,3250,3076,6326,174,8,17,수
2022-08-17,경강선,곤지암,2198,2091,4289,107,8,17,수
2022-08-17,경강선,신둔도예촌,1502,1441,2943,61,8,17,수
2022-08-17,경강선,이천,2713,2725,5438,-12,8,17,수
2022-08-17,경강선,부발,2011,2042,4053,-31,8,17,수
2022-08-17,경강선,세종대왕릉,384,394,778,-10,8,17,수
2022-08-17,경강선,여주,2145,2134,4279,11,8,17,수
2022-08-17,경부선,서울역,7855,2250,10105,5605,8,17,수
2022-08-17,경부선,남영,9679,10293,19972,-614,8,17,수
2022-08-17,경부선,용산,37908,39165,77073,-1257,8,17,수
2022-08-17,경부선,노량진,7876,7461,15337,415,8,17,수
2022-08-17,경부선,대방,11197,12099,23296,-902,8,17,수
2022-08-17,경부선,영등포,38545,39376,77921,-831,8,17,수
2022-08-17,경부선,신도림,4123,4090,8213,33,8,17,수
2022-08-17,경부선,신길,9195,7892,17087,1303,8,17,수
2022-08-17,경부선,구로,18547,19036,37583,-489,8,17,수
2022-08-17,경부선,가산디지털단지,18590,21497,40087,-2907,8,17,수
2022-08-17,경부선,금천구청,11553,11443,22996,110,8,17,수
2022-08-17,경부선,석수,9394,8520,17914,874,8,17,수
2022-08-17,경부선,관악,7351,6990,14341,361,8,17,수
2022-08-17,경부선,안양,21564,21191,42755,373,8,17,수
2022-08-17,경부선,명학,9261,8958,18219,303,8,17,수
2022-08-17,경부선,금정,27704,28570,56274,-866,8,17,수
2022-08-17,경부선,군포,7691,7465,15156,226,8,17,수
2022-08-17,경부선,의왕,8838,8829,17667,9,8,17,수
2022-08-17,경부선,성균관대,13938,13785,27723,153,8,17,수
2022-08-17,경부선,화서,8029,7842,15871,187,8,17,수
2022-08-17,경부선,수원,33206,35406,68612,-2200,8,17,수
2022-08-17,경부선,독산,18842,19560,38402,-718,8,17,수
2022-08-17,경부선,세류,3117,2734,5851,383,8,17,수
2022-08-17,경부선,병점,13628,13563,27191,65,8,17,수
2022-08-17,경부선,세마,2910,2701,5611,209,8,17,수
2022-08-17,경부선,오산대,3304,3079,6383,225,8,17,수
2022-08-17,경부선,오산,9219,9186,18405,33,8,17,수
2022-08-17,경부선,진위,1747,1636,3383,111,8,17,수
2022-08-17,경부선,송탄,4174,4079,8253,95,8,17,수
2022-08-17,경부선,서정리,7060,6657,13717,403,8,17,수
2022-08-17,경부선,평택지제,3813,3718,7531,95,8,17,수
2022-08-17,경부선,평택,11090,11147,22237,-57,8,17,수
2022-08-17,경부선,성환,3112,3130,6242,-18,8,17,수
2022-08-17,경부선,직산,825,812,1637,13,8,17,수
2022-08-17,경부선,두정,5248,5341,10589,-93,8,17,수
2022-08-17,경부선,천안,5103,5350,10453,-247,8,17,수
2022-08-17,경부선,당정,6342,5947,12289,395,8,17,수
2022-08-17,경부선,서동탄,1450,1289,2739,161,8,17,수
2022-08-17,경부선,광명,3608,2971,6579,637,8,17,수
2022-08-17,경원선,이촌(국립중앙박물관),4104,3133,7237,971,8,17,수
2022-08-17,경원선,서빙고,2206,2013,4219,193,8,17,수
2022-08-17,경원선,한남,4213,4035,8248,178,8,17,수
2022-08-17,경원선,옥수,56,33,89,23,8,17,수
2022-08-17,경원선,응봉,1922,1627,3549,295,8,17,수
2022-08-17,경원선,왕십리(성동구청),14991,16492,31483,-1501,8,17,수
2022-08-17,경원선,청량리(서울시립대입구),15227,15707,30934,-480,8,17,수
2022-08-17,경원선,외대앞,7501,7483,14984,18,8,17,수
2022-08-17,경원선,신이문,8579,7915,16494,664,8,17,수
2022-08-17,경원선,석계,7991,8927,16918,-936,8,17,수
2022-08-17,경원선,광운대,7326,6922,14248,404,8,17,수
2022-08-17,경원선,월계,6346,5913,12259,433,8,17,수
2022-08-17,경원선,녹천,4849,4030,8879,819,8,17,수
2022-08-17,경원선,창동,1,0,1,1,8,17,수
2022-08-17,경원선,방학,9956,9561,19517,395,8,17,수
2022-08-17,경원선,도봉,6047,5849,11896,198,8,17,수
2022-08-17,경원선,도봉산,7618,4949,12567,2669,8,17,수
2022-08-17,경원선,망월사,7703,7765,15468,-62,8,17,수
2022-08-17,경원선,회룡,12849,12684,25533,165,8,17,수
2022-08-17,경원선,의정부,18109,18553,36662,-444,8,17,수
2022-08-17,경원선,가능,6820,6524,13344,296,8,17,수
2022-08-17,경원선,녹양,4707,4346,9053,361,8,17,수
2022-08-17,경원선,양주,7500,7118,14618,382,8,17,수
2022-08-17,경원선,덕계,3362,2960,6322,402,8,17,수
2022-08-17,경원선,덕정,5545,5353,10898,192,8,17,수
2022-08-17,경원선,지행,6356,6332,12688,24,8,17,수
2022-08-17,경원선,동두천중앙,3091,3033,6124,58,8,17,수
2022-08-17,경원선,보산,1543,1417,2960,126,8,17,수
2022-08-17,경원선,동두천,2141,2318,4459,-177,8,17,수
2022-08-17,경원선,소요산,2794,2390,5184,404,8,17,수
2022-08-17,경의선,서울역,4725,5820,10545,-1095,8,17,수
2022-08-17,경의선,신촌,963,1194,2157,-231,8,17,수
2022-08-17,경의선,효창공원앞,3047,3588,6635,-541,8,17,수
2022-08-17,경의선,공덕,3896,3394,7290,502,8,17,수
2022-08-17,경의선,서강대,2262,2242,4504,20,8,17,수
2022-08-17,경의선,홍대입구,1812,2250,4062,-438,8,17,수
2022-08-17,경의선,가좌,5665,5384,11049,281,8,17,수
2022-08-17,경의선,디지털미디어시티,2808,2507,5315,301,8,17,수
2022-08-17,경의선,수색,2853,2991,5844,-138,8,17,수
2022-08-17,경의선,화전,1662,1494,3156,168,8,17,수
2022-08-17,경의선,강매,3316,2862,6178,454,8,17,수
2022-08-17,경의선,행신,8091,7994,16085,97,8,17,수
2022-08-17,경의선,능곡,3932,3609,7541,323,8,17,수
2022-08-17,경의선,곡산,644,663,1307,-19,8,17,수
2022-08-17,경의선,백마,7184,6924,14108,260,8,17,수
2022-08-17,경의선,풍산,5813,5393,11206,420,8,17,수
2022-08-17,경의선,일산,9522,9327,18849,195,8,17,수
2022-08-17,경의선,탄현,8010,7563,15573,447,8,17,수
2022-08-17,경의선,야당,7941,8090,16031,-149,8,17,수
2022-08-17,경의선,운정,7049,6524,13573,525,8,17,수
2022-08-17,경의선,금릉,5003,4797,9800,206,8,17,수
2022-08-17,경의선,금촌,6324,6317,12641,7,8,17,수
2022-08-17,경의선,월롱,2817,2566,5383,251,8,17,수
2022-08-17,경의선,파주,1155,797,1952,358,8,17,수
2022-08-17,경의선,문산,5387,5248,10635,139,8,17,수
2022-08-17,경의선,임진강,20,11,31,9,8,17,수
2022-08-17,경인선,개봉,21350,20800,42150,550,8,17,수
2022-08-17,경인선,오류동,11921,10959,22880,962,8,17,수
2022-08-17,경인선,역곡,26766,26880,53646,-114,8,17,수
2022-08-17,경인선,부천,31786,31904,63690,-118,8,17,수
2022-08-17,경인선,송내,27341,27100,54441,241,8,17,수
2022-08-17,경인선,부평,28915,30700,59615,-1785,8,17,수
2022-08-17,경인선,백운,7043,6777,13820,266,8,17,수
2022-08-17,경인선,동암,15874,15862,31736,12,8,17,수
2022-08-17,경인선,주안,18822,16944,35766,1878,8,17,수
2022-08-17,경인선,제물포,10487,9902,20389,585,8,17,수
2022-08-17,경인선,동인천,13806,13189,26995,617,8,17,수
2022-08-17,경인선,인천,3827,3135,6962,692,8,17,수
2022-08-17,경인선,구일,6357,6295,12652,62,8,17,수
2022-08-17,경인선,소사,8233,8325,16558,-92,8,17,수
2022-08-17,경인선,부개,8882,8204,17086,678,8,17,수
2022-08-17,경인선,간석,6044,5689,11733,355,8,17,수
2022-08-17,경인선,도원,2767,2836,5603,-69,8,17,수
2022-08-17,경인선,온수(성공회대입구),6547,6208,12755,339,8,17,수
2022-08-17,경인선,중동,9626,8977,18603,649,8,17,수
2022-08-17,경인선,도화,4236,4008,8244,228,8,17,수
2022-08-17,경춘선,신내,2179,2144,4323,35,8,17,수
2022-08-17,경춘선,갈매,3044,2729,5773,315,8,17,수
2022-08-17,경춘선,별내,3213,2935,6148,278,8,17,수
2022-08-17,경춘선,퇴계원,3610,3271,6881,339,8,17,수
2022-08-17,경춘선,사릉,2317,2208,4525,109,8,17,수
2022-08-17,경춘선,금곡,1462,1421,2883,41,8,17,수
2022-08-17,경춘선,평내호평,6296,6187,12483,109,8,17,수
2022-08-17,경춘선,천마산,1683,1556,3239,127,8,17,수
2022-08-17,경춘선,마석,4007,3940,7947,67,8,17,수
2022-08-17,경춘선,대성리,950,772,1722,178,8,17,수
2022-08-17,경춘선,청평,2047,1983,4030,64,8,17,수
2022-08-17,경춘선,상천,331,294,625,37,8,17,수
2022-08-17,경춘선,가평,2572,2794,5366,-222,8,17,수
2022-08-17,경춘선,굴봉산,166,143,309,23,8,17,수
2022-08-17,경춘선,백양리,134,106,240,28,8,17,수
2022-08-17,경춘선,강촌,500,469,969,31,8,17,수
2022-08-17,경춘선,김유정,369,346,715,23,8,17,수
2022-08-17,경춘선,남춘천,2856,2816,5672,40,8,17,수
2022-08-17,경춘선,춘천,1305,1284,2589,21,8,17,수
2022-08-17,공항철도 1호선,서울역,9396,8314,17710,1082,8,17,수
2022-08-17,공항철도 1호선,공덕,2511,3291,5802,-780,8,17,수
2022-08-17,공항철도 1호선,홍대입구,10946,11499,22445,-553,8,17,수
2022-08-17,공항철도 1호선,디지털미디어시티,14574,13529,28103,1045,8,17,수
2022-08-17,공항철도 1호선,마곡나루(서울식물원),9902,9333,19235,569,8,17,수
2022-08-17,공항철도 1호선,김포공항,11230,6342,17572,4888,8,17,수
2022-08-17,공항철도 1호선,계양,11409,10658,22067,751,8,17,수
2022-08-17,공항철도 1호선,검암,6842,6752,13594,90,8,17,수
2022-08-17,공항철도 1호선,청라국제도시,7233,6816,14049,417,8,17,수
2022-08-17,공항철도 1호선,운서,7832,7984,15816,-152,8,17,수
2022-08-17,공항철도 1호선,공항화물청사,2387,2615,5002,-228,8,17,수
2022-08-17,공항철도 1호선,인천공항1터미널,8556,7819,16375,737,8,17,수
2022-08-17,공항철도 1호선,인천공항2터미널,3829,3295,7124,534,8,17,수
2022-08-17,공항철도 1호선,영종,3955,3929,7884,26,8,17,수
2022-08-17,과천선,선바위,7882,8467,16349,-585,8,17,수
2022-08-17,과천선,경마공원,1548,1809,3357,-261,8,17,수
2022-08-17,과천선,대공원,2972,3104,6076,-132,8,17,수
2022-08-17,과천선,과천,6187,6884,13071,-697,8,17,수
2022-08-17,과천선,정부과천청사,11046,11532,22578,-486,8,17,수
2022-08-17,과천선,인덕원,23577,25005,48582,-1428,8,17,수
2022-08-17,과천선,평촌,17929,18317,36246,-388,8,17,수
2022-08-17,과천선,범계,26198,27073,53271,-875,8,17,수
2022-08-17,분당선,선릉,14493,21766,36259,-7273,8,17,수
2022-08-17,분당선,한티,14938,16045,30983,-1107,8,17,수
2022-08-17,분당선,도곡,7324,7164,14488,160,8,17,수
2022-08-17,분당선,구룡,2305,2209,4514,96,8,17,수
2022-08-17,분당선,개포동,4281,4296,8577,-15,8,17,수
2022-08-17,분당선,대모산입구,4824,4438,9262,386,8,17,수
2022-08-17,분당선,수서,14051,14086,28137,-35,8,17,수
2022-08-17,분당선,수원,8004,6783,14787,1221,8,17,수
2022-08-17,분당선,서울숲,12014,12462,24476,-448,8,17,수
2022-08-17,분당선,압구정로데오,19510,21703,41213,-2193,8,17,수
2022-08-17,분당선,강남구청,9844,11448,21292,-1604,8,17,수
2022-08-17,분당선,선정릉,8194,8673,16867,-479,8,17,수
2022-08-17,분당선,가천대,6711,7564,14275,-853,8,17,수
2022-08-17,분당선,태평,13753,12983,26736,770,8,17,수
2022-08-17,분당선,모란,19413,19708,39121,-295,8,17,수
2022-08-17,분당선,야탑,26595,27719,54314,-1124,8,17,수
2022-08-17,분당선,서현,25512,26073,51585,-561,8,17,수
2022-08-17,분당선,수내,14365,14258,28623,107,8,17,수
2022-08-17,분당선,정자,19055,20301,39356,-1246,8,17,수
2022-08-17,분당선,미금,15882,16904,32786,-1022,8,17,수
2022-08-17,분당선,오리,11885,9637,21522,2248,8,17,수
2022-08-17,분당선,이매,5997,5586,11583,411,8,17,수
2022-08-17,분당선,보정,2744,2500,5244,244,8,17,수
2022-08-17,분당선,죽전,12999,14496,27495,-1497,8,17,수
2022-08-17,분당선,구성,4994,5349,10343,-355,8,17,수
2022-08-17,분당선,신갈,4790,4748,9538,42,8,17,수
2022-08-17,분당선,기흥,10442,9699,20141,743,8,17,수
2022-08-17,분당선,상갈,5425,5325,10750,100,8,17,수
2022-08-17,분당선,청명,4393,4182,8575,211,8,17,수
2022-08-17,분당선,영통,8352,8515,16867,-163,8,17,수
2022-08-17,분당선,망포,14886,14051,28937,835,8,17,수
2022-08-17,분당선,매탄권선,5209,4958,10167,251,8,17,수
2022-08-17,분당선,수원시청,12938,13895,26833,-957,8,17,수
2022-08-17,분당선,매교,3594,3585,7179,9,8,17,수
2022-08-17,수인선,고색,4692,4345,9037,347,8,17,수
2022-08-17,수인선,오목천,3079,2786,5865,293,8,17,수
2022-08-17,수인선,어천,979,968,1947,11,8,17,수
2022-08-17,수인선,야목,365,292,657,73,8,17,수
2022-08-17,수인선,사리,4710,4109,8819,601,8,17,수
2022-08-17,수인선,달월,109,77,186,32,8,17,수
2022-08-17,수인선,월곶,2879,2643,5522,236,8,17,수
2022-08-17,수인선,소래포구,4883,4547,9430,336,8,17,수
2022-08-17,수인선,인천논현,5608,5894,11502,-286,8,17,수
2022-08-17,수인선,호구포,4245,4445,8690,-200,8,17,수
2022-08-17,수인선,남동인더스파크,2322,2537,4859,-215,8,17,수
2022-08-17,수인선,원인재,4266,4443,8709,-177,8,17,수
2022-08-17,수인선,연수,4557,4431,8988,126,8,17,수
2022-08-17,수인선,송도,2334,2143,4477,191,8,17,수
2022-08-17,수인선,인하대,5792,5531,11323,261,8,17,수
2022-08-17,수인선,숭의,4027,3699,7726,328,8,17,수
2022-08-17,수인선,신포,1709,1769,3478,-60,8,17,수
2022-08-17,수인선,인천,1213,1937,3150,-724,8,17,수
2022-08-17,신림선,샛강,2262,2721,4983,-459,8,17,수
2022-08-17,신림선,대방,2033,1687,3720,346,8,17,수
2022-08-17,신림선,서울지방병무청,2388,2636,5024,-248,8,17,수
2022-08-17,신림선,보라매,2964,2831,5795,133,8,17,수
2022-08-17,신림선,보라매공원,1899,1971,3870,-72,8,17,수
2022-08-17,신림선,보라매병원,7002,7253,14255,-251,8,17,수
2022-08-17,신림선,당곡,3896,3798,7694,98,8,17,수
2022-08-17,신림선,신림,1611,2225,3836,-614,8,17,수
2022-08-17,신림선,서원,2932,2631,5563,301,8,17,수
2022-08-17,신림선,서울대벤처타운,6542,6516,13058,26,8,17,수
2022-08-17,신림선,관악산(서울대),3011,2993,6004,18,8,17,수
2022-08-17,안산선,산본,15794,17229,33023,-1435,8,17,수
2022-08-17,안산선,대야미,5198,4792,9990,406,8,17,수
2022-08-17,안산선,반월,4280,4228,8508,52,8,17,수
2022-08-17,안산선,상록수,15140,15663,30803,-523,8,17,수
2022-08-17,안산선,한대앞,8963,9086,18049,-123,8,17,수
2022-08-17,안산선,중앙,17894,18529,36423,-635,8,17,수
2022-08-17,안산선,고잔,9026,8561,17587,465,8,17,수
2022-08-17,안산선,초지,4872,4924,9796,-52,8,17,수
2022-08-17,안산선,안산,11905,10946,22851,959,8,17,수
2022-08-17,안산선,신길온천,1842,1628,3470,214,8,17,수
2022-08-17,안산선,정왕,7663,8047,15710,-384,8,17,수
2022-08-17,안산선,오이도,8364,8055,16419,309,8,17,수
2022-08-17,안산선,수리산,4221,3736,7957,485,8,17,수
2022-08-17,우이신설선,북한산우이,2801,2524,5325,277,8,17,수
2022-08-17,우이신설선,솔밭공원,2578,2488,5066,90,8,17,수
2022-08-17,우이신설선,4.19민주묘지,2931,2768,5699,163,8,17,수
2022-08-17,우이신설선,가오리,4380,4314,8694,66,8,17,수
2022-08-17,우이신설선,화계,3439,3218,6657,221,8,17,수
2022-08-17,우이신설선,삼양,1995,2181,4176,-186,8,17,수
2022-08-17,우이신설선,삼양사거리,2511,2480,4991,31,8,17,수
2022-08-17,우이신설선,솔샘,5922,5556,11478,366,8,17,수
2022-08-17,우이신설선,북한산보국문,5970,5794,11764,176,8,17,수
2022-08-17,우이신설선,정릉,4672,4275,8947,397,8,17,수
2022-08-17,우이신설선,성신여대입구(돈암),3420,3761,7181,-341,8,17,수
2022-08-17,우이신설선,보문,1550,1528,3078,22,8,17,수
2022-08-17,우이신설선,신설동,2140,2124,4264,16,8,17,수
2022-08-17,일산선,원흥,11288,10667,21955,621,8,17,수
2022-08-17,일산선,삼송,19722,19188,38910,534,8,17,수
2022-08-17,일산선,원당,11212,10566,21778,646,8,17,수
2022-08-17,일산선,화정,17271,17569,34840,-298,8,17,수
2022-08-17,일산선,대곡,2244,1758,4002,486,8,17,수
2022-08-17,일산선,백석,9718,9863,19581,-145,8,17,수
2022-08-17,일산선,마두,8022,8064,16086,-42,8,17,수
2022-08-17,일산선,정발산,7155,7372,14527,-217,8,17,수
2022-08-17,일산선,주엽,9522,9430,18952,92,8,17,수
2022-08-17,일산선,대화,13215,10469,23684,2746,8,17,수
2022-08-17,장항선,봉명,1314,1310,2624,4,8,17,수
2022-08-17,장항선,쌍용(나사렛대),1940,1843,3783,97,8,17,수
2022-08-17,장항선,아산,2957,2695,5652,262,8,17,수
2022-08-17,장항선,탕정,896,822,1718,74,8,17,수
2022-08-17,장항선,배방,1023,1078,2101,-55,8,17,수
2022-08-17,장항선,온양온천,3469,3413,6882,56,8,17,수
2022-08-17,장항선,신창(순천향대),1109,1054,2163,55,8,17,수
2022-08-17,중앙선,회기,25072,24251,49323,821,8,17,수
2022-08-17,중앙선,중랑,5704,5460,11164,244,8,17,수
2022-08-17,중앙선,상봉(시외버스터미널),5760,5605,11365,155,8,17,수
2022-08-17,중앙선,망우,7766,7609,15375,157,8,17,수
2022-08-17,중앙선,양원,3222,3115,6337,107,8,17,수
2022-08-17,중앙선,구리,13460,13720,27180,-260,8,17,수
2022-08-17,6호선,상수,8783,10175,18958,-1392,8,17,수
2022-08-17,6호선,광흥창(서강),9483,9225,18708,258,8,17,수
2022-08-17,6호선,대흥(서강대앞),8549,8755,17304,-206,8,17,수
2022-08-17,6호선,공덕,19043,18563,37606,480,8,17,수
2022-08-17,6호선,효창공원앞,7303,6534,13837,769,8,17,수
2022-08-17,6호선,삼각지,7707,6449,14156,1258,8,17,수
2022-08-17,6호선,녹사평(용산구청),4883,4951,9834,-68,8,17,수
2022-08-17,6호선,이태원,10661,11471,22132,-810,8,17,수
2022-08-17,6호선,한강진,8012,9226,17238,-1214,8,17,수
2022-08-17,6호선,버티고개,2094,2177,4271,-83,8,17,수
2022-08-17,6호선,약수,3665,3729,7394,-64,8,17,수
2022-08-17,6호선,청구,3759,3874,7633,-115,8,17,수
2022-08-17,6호선,신당,8655,9234,17889,-579,8,17,수
2022-08-17,6호선,동묘앞,7845,8125,15970,-280,8,17,수
2022-08-17,6호선,창신,3700,3043,6743,657,8,17,수
2022-08-17,6호선,보문,7746,6993,14739,753,8,17,수
2022-08-17,6호선,안암(고대병원앞),10590,10793,21383,-203,8,17,수
2022-08-17,6호선,고려대(종암),8259,7823,16082,436,8,17,수
2022-08-17,6호선,월곡(동덕여대),11805,11735,23540,70,8,17,수
2022-08-17,6호선,상월곡(한국과학기술연구원),6311,5567,11878,744,8,17,수
2022-08-17,6호선,돌곶이,9671,8964,18635,707,8,17,수
2022-08-17,6호선,석계,12210,12732,24942,-522,8,17,수
2022-08-17,6호선,태릉입구,5551,5926,11477,-375,8,17,수
2022-08-18,중앙선,오빈,314,297,611,17,8,18,목
2022-08-18,중앙선,국수,726,750,1476,-24,8,18,목
2022-08-18,중앙선,신원,201,185,386,16,8,18,목
2022-08-18,중앙선,양수,1999,1973,3972,26,8,18,목
2022-08-18,중앙선,운길산,815,770,1585,45,8,18,목
2022-08-18,중앙선,팔당,880,881,1761,-1,8,18,목
2022-08-18,중앙선,도심,2572,2008,4580,564,8,18,목
2022-08-18,중앙선,덕소,5637,5663,11300,-26,8,18,목
2022-08-18,안산선,반월,4367,4243,8610,124,8,18,목
2022-08-18,안산선,상록수,15560,15871,31431,-311,8,18,목
2022-08-18,안산선,한대앞,9126,9068,18194,58,8,18,목
2022-08-18,안산선,중앙,18055,18761,36816,-706,8,18,목
2022-08-18,안산선,고잔,9048,8576,17624,472,8,18,목
2022-08-18,안산선,초지,4928,4879,9807,49,8,18,목
2022-08-18,안산선,안산,11637,10791,22428,846,8,18,목
2022-08-18,안산선,신길온천,1821,1611,3432,210,8,18,목
2022-08-18,안산선,정왕,7634,8002,15636,-368,8,18,목
2022-08-18,안산선,오이도,8522,8384,16906,138,8,18,목
2022-08-18,안산선,수리산,4274,3535,7809,739,8,18,목
2022-08-18,우이신설선,북한산우이,2908,2597,5505,311,8,18,목
2022-08-18,우이신설선,솔밭공원,2606,2427,5033,179,8,18,목
2022-08-18,우이신설선,4.19민주묘지,2908,2668,5576,240,8,18,목
2022-08-18,우이신설선,가오리,4507,4405,8912,102,8,18,목
2022-08-18,우이신설선,화계,3598,3326,6924,272,8,18,목
2022-08-18,우이신설선,삼양,2083,2178,4261,-95,8,18,목
2022-08-18,우이신설선,삼양사거리,2504,2539,5043,-35,8,18,목
2022-08-18,우이신설선,솔샘,5903,5515,11418,388,8,18,목
2022-08-18,우이신설선,북한산보국문,5991,5674,11665,317,8,18,목
2022-08-18,우이신설선,정릉,4623,4192,8815,431,8,18,목
2022-08-18,우이신설선,신설동,2260,2108,4368,152,8,18,목
2022-08-18,일산선,원흥,11217,10755,21972,462,8,18,목
2022-08-18,일산선,지축,1,0,1,1,8,18,목
2022-08-18,일산선,삼송,19831,19220,39051,611,8,18,목
2022-08-18,일산선,원당,11249,10747,21996,502,8,18,목
2022-08-18,일산선,화정,17223,17421,34644,-198,8,18,목
2022-08-18,일산선,대곡,2237,1684,3921,553,8,18,목
2022-08-18,일산선,백석,9879,9829,19708,50,8,18,목
2022-08-18,일산선,마두,7752,7912,15664,-160,8,18,목
2022-08-18,일산선,정발산,7188,7283,14471,-95,8,18,목
2022-08-18,일산선,주엽,9533,9718,19251,-185,8,18,목
2022-08-18,일산선,대화,13950,11168,25118,2782,8,18,목
2022-08-18,장항선,봉명,1268,1189,2457,79,8,18,목
2022-08-18,장항선,쌍용(나사렛대),1939,1822,3761,117,8,18,목
2022-08-18,장항선,아산,3099,2793,5892,306,8,18,목
2022-08-18,장항선,탕정,924,822,1746,102,8,18,목
2022-08-18,장항선,배방,1044,980,2024,64,8,18,목
2022-08-18,장항선,온양온천,3265,3447,6712,-182,8,18,목
2022-08-18,장항선,신창(순천향대),1232,1159,2391,73,8,18,목
2022-08-18,중앙선,회기,25239,24225,49464,1014,8,18,목
2022-08-18,중앙선,중랑,5807,5432,11239,375,8,18,목
2022-08-18,중앙선,상봉(시외버스터미널),5853,5824,11677,29,8,18,목
2022-08-18,중앙선,망우,7937,7710,15647,227,8,18,목
2022-08-18,중앙선,양정,739,649,1388,90,8,18,목
2022-08-18,중앙선,양원,3229,3058,6287,171,8,18,목
2022-08-18,중앙선,구리,13492,13558,27050,-66,8,18,목
2022-08-18,중앙선,도농,11449,10304,21753,1145,8,18,목
2022-08-18,9호선,김포공항,7402,10788,18190,-3386,8,18,목
2022-08-18,9호선,개화,2723,1944,4667,779,8,18,목
2022-08-18,8호선,남위례,5695,5824,11519,-129,8,18,목
2022-08-18,8호선,모란,4548,3646,8194,902,8,18,목
2022-08-18,8호선,수진,5319,4903,10222,416,8,18,목
2022-08-18,8호선,신흥,4058,4577,8635,-519,8,18,목
2022-08-18,8호선,단대오거리,10463,10238,20701,225,8,18,목
2022-08-18,8호선,남한산성입구(성남법원.검찰청),13598,12213,25811,1385,8,18,목
2022-08-18,8호선,산성,5314,5319,10633,-5,8,18,목
2022-08-18,8호선,복정,9272,7831,17103,1441,8,18,목
2022-08-18,8호선,장지,17261,16242,33503,1019,8,18,목
2022-08-18,8호선,문정,22238,23462,45700,-1224,8,18,목
2022-08-18,8호선,가락시장,7804,8488,16292,-684,8,18,목
2022-08-18,8호선,송파,8542,8300,16842,242,8,18,목
2022-08-18,8호선,석촌,7647,8964,16611,-1317,8,18,목
2022-08-18,8호선,잠실(송파구청),14554,16793,31347,-2239,8,18,목
2022-08-18,8호선,몽촌토성(평화의문),6211,6426,12637,-215,8,18,목
2022-08-18,8호선,강동구청,10514,10865,21379,-351,8,18,목
2022-08-18,8호선,천호(풍납토성),14774,16935,31709,-2161,8,18,목
2022-08-18,8호선,암사,19323,16731,36054,2592,8,18,목
2022-08-18,7호선,온수(성공회대입구),10266,9455,19721,811,8,18,목
2022-08-18,7호선,천왕,11954,11365,23319,589,8,18,목
2022-08-18,7호선,광명사거리,21635,21499,43134,136,8,18,목
2022-08-18,7호선,철산,21716,21870,43586,-154,8,18,목
2022-08-18,7호선,가산디지털단지,45695,46061,91756,-366,8,18,목
2022-08-18,7호선,남구로,15890,16619,32509,-729,8,18,목
2022-08-18,7호선,대림(구로구청),7843,7967,15810,-124,8,18,목
2022-08-18,7호선,신풍,11763,11177,22940,586,8,18,목
2022-08-18,7호선,보라매,7670,7839,15509,-169,8,18,목
2022-08-18,7호선,신대방삼거리,15330,14427,29757,903,8,18,목
2022-08-18,7호선,장승배기,9347,9261,18608,86,8,18,목
2022-08-18,7호선,상도,11278,10650,21928,628,8,18,목
2022-08-18,7호선,숭실대입구(살피재),12254,12298,24552,-44,8,18,목
2022-08-18,7호선,남성,11420,10710,22130,710,8,18,목
2022-08-18,7호선,이수,16107,15508,31615,599,8,18,목
2022-08-18,7호선,내방,14826,15142,29968,-316,8,18,목
2022-08-18,7호선,고속터미널,16067,13622,29689,2445,8,18,목
2022-08-18,7호선,반포,6205,6022,12227,183,8,18,목
2022-08-18,7호선,논현,19639,20670,40309,-1031,8,18,목
2022-08-18,7호선,학동,25314,26884,52198,-1570,8,18,목
2022-08-18,7호선,강남구청,17460,19414,36874,-1954,8,18,목
2022-08-18,7호선,청담,20744,23059,43803,-2315,8,18,목
2022-08-18,7호선,뚝섬유원지,9666,9110,18776,556,8,18,목
2022-08-18,7호선,건대입구,12586,13029,25615,-443,8,18,목
2022-08-18,7호선,어린이대공원(세종대),12819,12850,25669,-31,8,18,목
2022-08-18,7호선,군자(능동),15298,12080,27378,3218,8,18,목
2022-08-18,7호선,중곡,10956,10273,21229,683,8,18,목
2022-08-18,7호선,용마산(용마폭포공원),6051,5913,11964,138,8,18,목
2022-08-18,7호선,사가정,16154,16103,32257,51,8,18,목
2022-08-18,7호선,면목,15262,14758,30020,504,8,18,목
2022-08-18,7호선,상봉(시외버스터미널),17013,16243,33256,770,8,18,목
2022-08-18,7호선,중화,10681,10274,20955,407,8,18,목
2022-08-18,7호선,먹골,10277,10143,20420,134,8,18,목
2022-08-18,7호선,태릉입구,8620,8110,16730,510,8,18,목
2022-08-18,7호선,공릉(서울과학기술대),11342,11272,22614,70,8,18,목
2022-08-18,7호선,하계,17900,16855,34755,1045,8,18,목
2022-08-18,7호선,중계,14603,12988,27591,1615,8,18,목
2022-08-18,7호선,노원,20194,21143,41337,-949,8,18,목
2022-08-18,7호선,마들,13543,12645,26188,898,8,18,목
2022-08-18,7호선,수락산,12867,12882,25749,-15,8,18,목
2022-08-18,7호선,도봉산,9060,10356,19416,-1296,8,18,목
2022-08-18,7호선,장암,2405,979,3384,1426,8,18,목
2022-08-18,6호선,봉화산(서울의료원),9226,8733,17959,493,8,18,목
2022-08-18,6호선,화랑대(서울여대입구),11534,9008,20542,2526,8,18,목
2022-08-18,6호선,태릉입구,5640,6068,11708,-428,8,18,목
2022-08-18,6호선,석계,12237,12585,24822,-348,8,18,목
2022-08-18,6호선,돌곶이,9573,8693,18266,880,8,18,목
2022-08-18,6호선,상월곡(한국과학기술연구원),7071,6400,13471,671,8,18,목
2022-08-18,6호선,월곡(동덕여대),11859,11774,23633,85,8,18,목
2022-08-18,6호선,고려대(종암),8215,7844,16059,371,8,18,목
2022-08-18,6호선,안암(고대병원앞),10858,10834,21692,24,8,18,목
2022-08-18,6호선,보문,7806,6960,14766,846,8,18,목
2022-08-18,6호선,창신,3642,3012,6654,630,8,18,목
2022-08-18,6호선,동묘앞,7956,8053,16009,-97,8,18,목
2022-08-18,6호선,신당,8745,9322,18067,-577,8,18,목
2022-08-18,6호선,청구,3935,4006,7941,-71,8,18,목
2022-08-18,6호선,약수,3660,3606,7266,54,8,18,목
2022-08-18,6호선,버티고개,2105,2168,4273,-63,8,18,목
2022-08-18,6호선,한강진,8211,9603,17814,-1392,8,18,목
2022-08-18,6호선,이태원,11257,12193,23450,-936,8,18,목
2022-08-18,6호선,녹사평(용산구청),5062,5166,10228,-104,8,18,목
2022-08-18,6호선,삼각지,7437,6374,13811,1063,8,18,목
2022-08-18,6호선,효창공원앞,7301,6515,13816,786,8,18,목
2022-08-18,6호선,공덕,19192,18568,37760,624,8,18,목
2022-08-18,6호선,대흥(서강대앞),8604,8781,17385,-177,8,18,목
2022-08-18,6호선,광흥창(서강),9565,9213,18778,352,8,18,목
2022-08-18,6호선,상수,8934,10570,19504,-1636,8,18,목
2022-08-18,6호선,합정,13630,13411,27041,219,8,18,목
2022-08-18,6호선,망원,14226,15367,29593,-1141,8,18,목
2022-08-18,6호선,마포구청,14872,13154,28026,1718,8,18,목
2022-08-18,6호선,월드컵경기장(성산),4377,4682,9059,-305,8,18,목
2022-08-18,6호선,디지털미디어시티,14633,16270,30903,-1637,8,18,목
2022-08-18,6호선,증산(명지대앞),10036,9882,19918,154,8,18,목
2022-08-18,6호선,새절(신사),12754,11814,24568,940,8,18,목
2022-08-18,6호선,구산,7890,6071,13961,1819,8,18,목
2022-08-18,6호선,연신내,1,0,1,1,8,18,목
2022-08-18,6호선,독바위,2855,3006,5861,-151,8,18,목
2022-08-18,6호선,불광,4613,4436,9049,177,8,18,목
2022-08-18,6호선,역촌,3909,4435,8344,-526,8,18,목
2022-08-18,6호선,응암,17565,17210,34775,355,8,18,목
2022-08-18,5호선,하남검단산,6002,5668,11670,334,8,18,목
2022-08-18,5호선,하남시청(덕풍·신장),6965,6767,13732,198,8,18,목
2022-08-18,5호선,하남풍산,4225,4171,8396,54,8,18,목
2022-08-18,5호선,미사,16737,17009,33746,-272,8,18,목
2022-08-18,5호선,강일,4712,4493,9205,219,8,18,목
2022-08-18,5호선,마천,7457,7252,14709,205,8,18,목
2022-08-18,5호선,거여,10490,10079,20569,411,8,18,목
2022-08-18,5호선,개롱,6491,6818,13309,-327,8,18,목
2022-08-18,5호선,오금,3802,3917,7719,-115,8,18,목
2022-08-18,5호선,방이,7165,7441,14606,-276,8,18,목
2022-08-18,5호선,올림픽공원(한국체대),4330,3610,7940,720,8,18,목
2022-08-18,5호선,둔촌동,8151,8099,16250,52,8,18,목
2022-08-18,5호선,상일동,14993,13795,28788,1198,8,18,목
2022-08-18,5호선,고덕,10103,9870,19973,233,8,18,목
2022-08-18,5호선,명일,8718,9053,17771,-335,8,18,목
2022-08-18,5호선,굽은다리(강동구민회관앞),9627,9182,18809,445,8,18,목
2022-08-18,5호선,길동,8091,8370,16461,-279,8,18,목
2022-08-18,5호선,강동,18819,18158,36977,661,8,18,목
2022-08-18,5호선,천호(풍납토성),18263,18411,36674,-148,8,18,목
2022-08-18,5호선,광나루(장신대),13558,12363,25921,1195,8,18,목
2022-08-18,5호선,아차산(어린이대공원후문),14935,14475,29410,460,8,18,목
2022-08-18,5호선,군자(능동),11276,12438,23714,-1162,8,18,목
2022-08-18,5호선,장한평,19209,18880,38089,329,8,18,목
2022-08-18,5호선,답십리,16684,15084,31768,1600,8,18,목
2022-08-18,5호선,마장,5718,5237,10955,481,8,18,목
2022-08-18,5호선,왕십리(성동구청),4533,5199,9732,-666,8,18,목
2022-08-18,5호선,행당,8470,7498,15968,972,8,18,목
2022-08-18,5호선,신금호,6380,6743,13123,-363,8,18,목
2022-08-18,5호선,청구,4045,3690,7735,355,8,18,목
2022-08-18,5호선,동대문역사문화공원(DDP),3163,3650,6813,-487,8,18,목
2022-08-18,5호선,을지로4가,6675,6622,13297,53,8,18,목
2022-08-18,5호선,종로3가,13289,13361,26650,-72,8,18,목
2022-08-18,5호선,광화문(세종문화회관),34071,35124,69195,-1053,8,18,목
2022-08-18,5호선,서대문,20190,20695,40885,-505,8,18,목
2022-08-18,5호선,충정로(경기대입구),4727,4892,9619,-165,8,18,목
2022-08-18,5호선,애오개,6955,6884,13839,71,8,18,목
2022-08-18,5호선,공덕,14829,15613,30442,-784,8,18,목
2022-08-18,5호선,마포,14681,15025,29706,-344,8,18,목
2022-08-18,5호선,여의나루,12990,14147,27137,-1157,8,18,목
2022-08-18,5호선,여의도,30000,32452,62452,-2452,8,18,목
2022-08-18,5호선,신길,4306,4514,8820,-208,8,18,목
2022-08-18,5호선,영등포시장,10318,10658,20976,-340,8,18,목
2022-08-18,5호선,영등포구청,4603,4326,8929,277,8,18,목
2022-08-18,5호선,양평,7611,7554,15165,57,8,18,목
2022-08-18,5호선,오목교(목동운동장앞),22370,23766,46136,-1396,8,18,목
2022-08-18,5호선,목동,17502,18704,36206,-1202,8,18,목
2022-08-18,5호선,신정(은행정),14197,11532,25729,2665,8,18,목
2022-08-18,5호선,까치산,29351,27696,57047,1655,8,18,목
2022-08-18,5호선,화곡,28912,26767,55679,2145,8,18,목
2022-08-18,5호선,우장산,14946,14504,29450,442,8,18,목
2022-08-18,5호선,발산,21092,22220,43312,-1128,8,18,목
2022-08-18,5호선,마곡,11092,11273,22365,-181,8,18,목
2022-08-18,5호선,송정,6531,6025,12556,506,8,18,목
2022-08-18,5호선,김포공항,7323,7232,14555,91,8,18,목
2022-08-18,5호선,개화산,5844,5553,11397,291,8,18,목
2022-08-18,5호선,방화,7317,6941,14258,376,8,18,목
2022-08-18,4호선,남태령,1246,1097,2343,149,8,18,목
2022-08-18,4호선,사당,25253,21446,46699,3807,8,18,목
2022-08-18,4호선,총신대입구(이수),18999,20664,39663,-1665,8,18,목
2022-08-18,4호선,동작(현충원),1365,1508,2873,-143,8,18,목
2022-08-18,4호선,이촌(국립중앙박물관),9278,10353,19631,-1075,8,18,목
2022-08-18,4호선,신용산,18376,19364,37740,-988,8,18,목
2022-08-18,4호선,삼각지,5563,6350,11913,-787,8,18,목
2022-08-18,4호선,숙대입구(갈월),13325,12731,26056,594,8,18,목
2022-08-18,4호선,서울역,12043,18654,30697,-6611,8,18,목
2022-08-18,4호선,회현(남대문시장),25516,26182,51698,-666,8,18,목
2022-08-18,4호선,명동,20633,21254,41887,-621,8,18,목
2022-08-18,4호선,충무로,26262,27803,54065,-1541,8,18,목
2022-08-18,4호선,동대문역사문화공원(DDP),15529,14052,29581,1477,8,18,목
2022-08-18,4호선,동대문,20181,20498,40679,-317,8,18,목
2022-08-18,4호선,혜화,35088,35104,70192,-16,8,18,목
2022-08-18,4호선,한성대입구(삼선교),13010,12593,25603,417,8,18,목
2022-08-18,4호선,성신여대입구(돈암),19428,18939,38367,489,8,18,목
2022-08-18,4호선,길음,20474,20196,40670,278,8,18,목
2022-08-18,4호선,미아사거리,26808,26342,53150,466,8,18,목
2022-08-18,4호선,미아(서울사이버대학),14815,14346,29161,469,8,18,목
2022-08-18,4호선,수유(강북구청),33266,33680,66946,-414,8,18,목
2022-08-18,4호선,쌍문,28472,26990,55462,1482,8,18,목
2022-08-18,4호선,창동,25505,26835,52340,-1330,8,18,목
2022-08-18,4호선,노원,18649,20981,39630,-2332,8,18,목
2022-08-18,4호선,상계,18792,17796,36588,996,8,18,목
2022-08-18,4호선,당고개,9056,8043,17099,1013,8,18,목
2022-08-18,3호선,오금,6316,5716,12032,600,8,18,목
2022-08-18,3호선,경찰병원,7453,7498,14951,-45,8,18,목
2022-08-18,3호선,가락시장,8956,8951,17907,5,8,18,목
2022-08-18,3호선,수서,17439,17801,35240,-362,8,18,목
2022-08-18,3호선,일원,11173,10636,21809,537,8,18,목
2022-08-18,3호선,대청,10686,9895,20581,791,8,18,목
2022-08-18,3호선,학여울,4026,4332,8358,-306,8,18,목
2022-08-18,3호선,대치,11816,11633,23449,183,8,18,목
2022-08-18,3호선,도곡,5378,5404,10782,-26,8,18,목
2022-08-18,3호선,매봉,12787,12342,25129,445,8,18,목
2022-08-18,3호선,양재(서초구청),38463,42242,80705,-3779,8,18,목
2022-08-18,3호선,남부터미널(예술의전당),29892,30441,60333,-549,8,18,목
2022-08-18,3호선,교대(법원.검찰청),15561,9948,25509,5613,8,18,목
2022-08-18,3호선,고속터미널,41773,40476,82249,1297,8,18,목
2022-08-18,3호선,잠원,5118,4881,9999,237,8,18,목
2022-08-18,3호선,신사,30278,31552,61830,-1274,8,18,목
2022-08-18,3호선,압구정,33338,35791,69129,-2453,8,18,목
2022-08-18,3호선,옥수,9300,9519,18819,-219,8,18,목
2022-08-18,3호선,금호,8041,7370,15411,671,8,18,목
2022-08-18,3호선,약수,13193,12788,25981,405,8,18,목
2022-08-18,3호선,동대입구,8105,8905,17010,-800,8,18,목
2022-08-18,3호선,을지로3가,11353,11246,22599,107,8,18,목
2022-08-18,3호선,종로3가,10589,12135,22724,-1546,8,18,목
2022-08-18,3호선,안국,23244,24198,47442,-954,8,18,목
2022-08-18,3호선,경복궁(정부서울청사),21705,22050,43755,-345,8,18,목
2022-08-18,3호선,독립문,7495,7670,15165,-175,8,18,목
2022-08-18,3호선,무악재,4022,4001,8023,21,8,18,목
2022-08-18,3호선,홍제,17626,16368,33994,1258,8,18,목
2022-08-18,3호선,녹번,15619,14119,29738,1500,8,18,목
2022-08-18,3호선,불광,16241,17333,33574,-1092,8,18,목
2022-08-18,3호선,연신내,36578,34479,71057,2099,8,18,목
2022-08-18,3호선,구파발,21427,20601,42028,826,8,18,목
2022-08-18,3호선,지축,5431,5200,10631,231,8,18,목
2022-08-18,2호선,용두(동대문구청),2453,2418,4871,35,8,18,목
2022-08-18,2호선,신정네거리,10472,10677,21149,-205,8,18,목
2022-08-18,2호선,양천구청,6878,7245,14123,-367,8,18,목
2022-08-18,2호선,도림천,1488,1513,3001,-25,8,18,목
2022-08-18,2호선,신설동,3176,3177,6353,-1,8,18,목
2022-08-18,2호선,신답,1704,1938,3642,-234,8,18,목
2022-08-18,2호선,용답,2980,2642,5622,338,8,18,목
2022-08-18,2호선,충정로(경기대입구),10631,11353,21984,-722,8,18,목
2022-08-18,2호선,아현,10880,10189,21069,691,8,18,목
2022-08-18,2호선,이대,13361,14179,27540,-818,8,18,목
2022-08-18,2호선,신촌,35145,35799,70944,-654,8,18,목
2022-08-18,2호선,홍대입구,60305,64402,124707,-4097,8,18,목
2022-08-18,2호선,합정,32603,35232,67835,-2629,8,18,목
2022-08-18,2호선,당산,18602,21769,40371,-3167,8,18,목
2022-08-18,2호선,영등포구청,22232,23399,45631,-1167,8,18,목
2022-08-18,2호선,문래,23203,23610,46813,-407,8,18,목
2022-08-18,2호선,신도림,49213,48741,97954,472,8,18,목
2022-08-18,2호선,대림(구로구청),24293,24720,49013,-427,8,18,목
2022-08-18,2호선,구로디지털단지,61178,61305,122483,-127,8,18,목
2022-08-18,2호선,신대방,25518,24884,50402,634,8,18,목
2022-08-18,2호선,신림,58929,56321,115250,2608,8,18,목
2022-08-18,2호선,봉천,24753,23162,47915,1591,8,18,목
2022-08-18,2호선,서울대입구(관악구청),47572,46629,94201,943,8,18,목
2022-08-18,2호선,낙성대(강감찬),28224,27124,55348,1100,8,18,목
2022-08-18,2호선,사당,39932,42759,82691,-2827,8,18,목
2022-08-18,2호선,방배,16656,17069,33725,-413,8,18,목
2022-08-18,2호선,서초,22799,22090,44889,709,8,18,목
2022-08-18,2호선,교대(법원.검찰청),35828,40913,76741,-5085,8,18,목
2022-08-18,2호선,강남,85878,82883,168761,2995,8,18,목
2022-08-18,분당선,정자,19157,20474,39631,-1317,8,18,목
2022-08-18,2호선,역삼,56031,63900,119931,-7869,8,18,목
2022-08-18,2호선,선릉,61114,54491,115605,6623,8,18,목
2022-08-18,2호선,삼성(무역센터),55958,56810,112768,-852,8,18,목
2022-08-18,2호선,종합운동장,9416,10050,19466,-634,8,18,목
2022-08-18,2호선,잠실새내,22451,22476,44927,-25,8,18,목
2022-08-18,2호선,잠실(송파구청),73647,72580,146227,1067,8,18,목
2022-08-18,2호선,잠실나루,15450,15014,30464,436,8,18,목
2022-08-18,2호선,강변(동서울터미널),31790,30692,62482,1098,8,18,목
2022-08-18,2호선,구의(광진구청),23972,23470,47442,502,8,18,목
2022-08-18,2호선,건대입구,34267,37312,71579,-3045,8,18,목
2022-08-18,2호선,성수,40109,44118,84227,-4009,8,18,목
2022-08-18,2호선,뚝섬,23806,25722,49528,-1916,8,18,목
2022-08-18,2호선,한양대,8324,9527,17851,-1203,8,18,목
2022-08-18,2호선,왕십리(성동구청),16613,13838,30451,2775,8,18,목
2022-08-18,2호선,상왕십리,14543,14174,28717,369,8,18,목
2022-08-18,2호선,신당,14295,14682,28977,-387,8,18,목
2022-08-18,2호선,동대문역사문화공원(DDP),13148,14755,27903,-1607,8,18,목
2022-08-18,2호선,을지로4가,14132,14296,28428,-164,8,18,목
2022-08-18,2호선,을지로3가,24508,24792,49300,-284,8,18,목
2022-08-18,2호선,을지로입구,44048,45886,89934,-1838,8,18,목
2022-08-18,2호선,시청,24891,24031,48922,860,8,18,목
2022-08-18,1호선,동묘앞,7645,7852,15497,-207,8,18,목
2022-08-18,1호선,청량리(서울시립대입구),20372,19667,40039,705,8,18,목
2022-08-18,1호선,제기동,17482,17945,35427,-463,8,18,목
2022-08-18,1호선,신설동,13874,13499,27373,375,8,18,목
2022-08-18,1호선,동대문,10849,10079,20928,770,8,18,목
2022-08-18,1호선,종로5가,23249,23427,46676,-178,8,18,목
2022-08-18,1호선,종로3가,26838,24437,51275,2401,8,18,목
2022-08-18,1호선,종각,38727,38073,76800,654,8,18,목
2022-08-18,1호선,시청,24026,24738,48764,-712,8,18,목
2022-08-18,1호선,서울역,48506,46806,95312,1700,8,18,목
2022-08-18,우이신설선,보문,1546,1531,3077,15,8,18,목
2022-08-18,우이신설선,성신여대입구(돈암),3242,3591,6833,-349,8,18,목
2022-08-18,9호선,공항시장,3050,3285,6335,-235,8,18,목
2022-08-18,9호선,신방화,6989,6907,13896,82,8,18,목
2022-08-18,9호선,마곡나루(서울식물원),12786,12656,25442,130,8,18,목
2022-08-18,9호선,양천향교,9842,10110,19952,-268,8,18,목
2022-08-18,9호선,가양,21719,21122,42841,597,8,18,목
2022-08-18,9호선,증미,7788,7551,15339,237,8,18,목
2022-08-18,9호선,등촌,11852,11442,23294,410,8,18,목
2022-08-18,9호선,염창,18200,17409,35609,791,8,18,목
2022-08-18,9호선,신목동,4502,3795,8297,707,8,18,목
2022-08-18,9호선,선유도,8959,8563,17522,396,8,18,목
2022-08-18,9호선,당산,19426,19757,39183,-331,8,18,목
2022-08-18,9호선,국회의사당,19006,19641,38647,-635,8,18,목
2022-08-18,9호선,여의도,30664,29677,60341,987,8,18,목
2022-08-18,9호선,샛강,6551,6526,13077,25,8,18,목
2022-08-18,9호선,노량진,25406,24757,50163,649,8,18,목
2022-08-18,9호선,노들,4866,4031,8897,835,8,18,목
2022-08-18,9호선,흑석(중앙대입구),8399,8757,17156,-358,8,18,목
2022-08-18,9호선,동작(현충원),1850,1473,3323,377,8,18,목
2022-08-18,9호선,구반포,1186,1186,2372,0,8,18,목
2022-08-18,9호선,신반포,3794,3717,7511,77,8,18,목
2022-08-18,9호선,고속터미널,13216,16814,30030,-3598,8,18,목
2022-08-18,9호선,사평,3854,3774,7628,80,8,18,목
2022-08-18,9호선,신논현,31579,31411,62990,168,8,18,목
2022-08-18,9호선2~3단계,언주,11414,11688,23102,-274,8,18,목
2022-08-18,9호선2~3단계,선정릉,10750,11767,22517,-1017,8,18,목
2022-08-18,9호선2~3단계,삼성중앙,7823,8221,16044,-398,8,18,목
2022-08-18,9호선2~3단계,봉은사,18720,19023,37743,-303,8,18,목
2022-08-18,9호선2~3단계,종합운동장,4550,4639,9189,-89,8,18,목
2022-08-18,9호선2~3단계,삼전,7271,6878,14149,393,8,18,목
2022-08-18,9호선2~3단계,석촌고분,6606,6529,13135,77,8,18,목
2022-08-18,9호선2~3단계,석촌,9001,7836,16837,1165,8,18,목
2022-08-18,9호선2~3단계,송파나루,5431,5756,11187,-325,8,18,목
2022-08-18,9호선2~3단계,한성백제,2712,2424,5136,288,8,18,목
2022-08-18,9호선2~3단계,올림픽공원(한국체대),6357,6374,12731,-17,8,18,목
2022-08-18,9호선2~3단계,둔촌오륜,1229,1163,2392,66,8,18,목
2022-08-18,9호선2~3단계,중앙보훈병원,11861,10560,22421,1301,8,18,목
2022-08-18,경강선,판교,5355,5433,10788,-78,8,18,목
2022-08-18,경강선,이매,1145,1003,2148,142,8,18,목
2022-08-18,경강선,삼동,2661,2365,5026,296,8,18,목
2022-08-18,경강선,경기광주,8233,7724,15957,509,8,18,목
2022-08-18,경강선,초월,3270,3056,6326,214,8,18,목
2022-08-18,경강선,곤지암,2167,2198,4365,-31,8,18,목
2022-08-18,경강선,신둔도예촌,1629,1503,3132,126,8,18,목
2022-08-18,경강선,이천,2615,2710,5325,-95,8,18,목
2022-08-18,경강선,부발,2075,2017,4092,58,8,18,목
2022-08-18,경강선,세종대왕릉,372,359,731,13,8,18,목
2022-08-18,경강선,여주,2124,2112,4236,12,8,18,목
2022-08-18,경부선,서울역,7961,2272,10233,5689,8,18,목
2022-08-18,경부선,남영,9716,10088,19804,-372,8,18,목
2022-08-18,경부선,용산,38303,39270,77573,-967,8,18,목
2022-08-18,경부선,노량진,7826,7625,15451,201,8,18,목
2022-08-18,경부선,대방,11235,12100,23335,-865,8,18,목
2022-08-18,경부선,영등포,38677,39828,78505,-1151,8,18,목
2022-08-18,경부선,신도림,4258,4247,8505,11,8,18,목
2022-08-18,경부선,신길,9362,7997,17359,1365,8,18,목
2022-08-18,경부선,구로,18507,18976,37483,-469,8,18,목
2022-08-18,경부선,가산디지털단지,18354,21444,39798,-3090,8,18,목
2022-08-18,경부선,금천구청,11494,11493,22987,1,8,18,목
2022-08-18,경부선,석수,9416,8467,17883,949,8,18,목
2022-08-18,경부선,관악,7401,7049,14450,352,8,18,목
2022-08-18,경부선,안양,22170,21740,43910,430,8,18,목
2022-08-18,경부선,명학,9263,9017,18280,246,8,18,목
2022-08-18,경부선,금정,27415,27954,55369,-539,8,18,목
2022-08-18,경부선,군포,7603,7525,15128,78,8,18,목
2022-08-18,경부선,의왕,8919,8887,17806,32,8,18,목
2022-08-18,경부선,성균관대,14096,13844,27940,252,8,18,목
2022-08-18,경부선,화서,8373,8009,16382,364,8,18,목
2022-08-18,경부선,수원,32930,35359,68289,-2429,8,18,목
2022-08-18,경부선,독산,18762,19301,38063,-539,8,18,목
2022-08-18,경부선,세류,3141,2762,5903,379,8,18,목
2022-08-18,경부선,병점,14177,13930,28107,247,8,18,목
2022-08-18,경부선,세마,2925,2742,5667,183,8,18,목
2022-08-18,경부선,오산대,3541,3304,6845,237,8,18,목
2022-08-18,경부선,오산,9773,9694,19467,79,8,18,목
2022-08-18,경부선,진위,1675,1511,3186,164,8,18,목
2022-08-18,경부선,송탄,4298,4207,8505,91,8,18,목
2022-08-18,경부선,서정리,6858,6457,13315,401,8,18,목
2022-08-18,경부선,평택지제,3813,3658,7471,155,8,18,목
2022-08-18,경부선,평택,11041,11137,22178,-96,8,18,목
2022-08-18,경부선,성환,3148,3081,6229,67,8,18,목
2022-08-18,경부선,직산,852,884,1736,-32,8,18,목
2022-08-18,경부선,두정,5369,5365,10734,4,8,18,목
2022-08-18,경부선,천안,5183,5329,10512,-146,8,18,목
2022-08-18,경부선,당정,6277,5836,12113,441,8,18,목
2022-08-18,경부선,서동탄,1463,1276,2739,187,8,18,목
2022-08-18,경부선,광명,3611,3080,6691,531,8,18,목
2022-08-18,경원선,이촌(국립중앙박물관),3932,3119,7051,813,8,18,목
2022-08-18,경원선,서빙고,2191,1995,4186,196,8,18,목
2022-08-18,경원선,한남,4314,4041,8355,273,8,18,목
2022-08-18,경원선,옥수,59,41,100,18,8,18,목
2022-08-18,경원선,응봉,1843,1620,3463,223,8,18,목
2022-08-18,경원선,왕십리(성동구청),15171,16693,31864,-1522,8,18,목
2022-08-18,경원선,청량리(서울시립대입구),15603,15986,31589,-383,8,18,목
2022-08-18,경원선,외대앞,7665,7882,15547,-217,8,18,목
2022-08-18,경원선,신이문,8522,7885,16407,637,8,18,목
2022-08-18,경원선,석계,7938,9080,17018,-1142,8,18,목
2022-08-18,경원선,광운대,7564,7108,14672,456,8,18,목
2022-08-18,경원선,월계,6349,5946,12295,403,8,18,목
2022-08-18,경원선,녹천,4815,4016,8831,799,8,18,목
2022-08-18,경원선,방학,10134,9654,19788,480,8,18,목
2022-08-18,경원선,도봉,6201,6070,12271,131,8,18,목
2022-08-18,경원선,도봉산,7746,4936,12682,2810,8,18,목
2022-08-18,경원선,망월사,7673,7931,15604,-258,8,18,목
2022-08-18,경원선,회룡,12956,12871,25827,85,8,18,목
2022-08-18,경원선,의정부,18229,18920,37149,-691,8,18,목
2022-08-18,경원선,가능,7086,6658,13744,428,8,18,목
2022-08-18,경원선,녹양,4725,4424,9149,301,8,18,목
2022-08-18,경원선,양주,7630,7224,14854,406,8,18,목
2022-08-18,경원선,덕계,3338,3001,6339,337,8,18,목
2022-08-18,경원선,덕정,5481,5252,10733,229,8,18,목
2022-08-18,경원선,지행,6420,6455,12875,-35,8,18,목
2022-08-18,경원선,동두천중앙,3140,2997,6137,143,8,18,목
2022-08-18,경원선,보산,1546,1450,2996,96,8,18,목
2022-08-18,경원선,동두천,2037,2336,4373,-299,8,18,목
2022-08-18,경원선,소요산,2813,2490,5303,323,8,18,목
2022-08-18,경의선,서울역,4717,6117,10834,-1400,8,18,목
2022-08-18,경의선,신촌,946,1215,2161,-269,8,18,목
2022-08-18,경의선,효창공원앞,3026,3405,6431,-379,8,18,목
2022-08-18,경의선,공덕,3970,3449,7419,521,8,18,목
2022-08-18,경의선,서강대,2220,2094,4314,126,8,18,목
2022-08-18,경의선,홍대입구,1840,2273,4113,-433,8,18,목
2022-08-18,경의선,가좌,5845,5565,11410,280,8,18,목
2022-08-18,경의선,디지털미디어시티,2796,2467,5263,329,8,18,목
2022-08-18,경의선,수색,2978,3054,6032,-76,8,18,목
2022-08-18,경의선,화전,1685,1510,3195,175,8,18,목
2022-08-18,경의선,강매,3303,2822,6125,481,8,18,목
2022-08-18,경의선,행신,8181,8238,16419,-57,8,18,목
2022-08-18,경의선,능곡,4057,3672,7729,385,8,18,목
2022-08-18,경의선,곡산,650,684,1334,-34,8,18,목
2022-08-18,경의선,백마,7341,6881,14222,460,8,18,목
2022-08-18,경의선,풍산,5966,5704,11670,262,8,18,목
2022-08-18,경의선,일산,10456,10279,20735,177,8,18,목
2022-08-18,경의선,탄현,8091,7534,15625,557,8,18,목
2022-08-18,경의선,야당,8343,8200,16543,143,8,18,목
2022-08-18,경의선,운정,7250,6663,13913,587,8,18,목
2022-08-18,경의선,금릉,5067,5019,10086,48,8,18,목
2022-08-18,경의선,금촌,6598,6498,13096,100,8,18,목
2022-08-18,경의선,월롱,2786,2528,5314,258,8,18,목
2022-08-18,경의선,파주,1160,799,1959,361,8,18,목
2022-08-18,경의선,문산,5516,5403,10919,113,8,18,목
2022-08-18,경의선,임진강,25,15,40,10,8,18,목
2022-08-18,경의선,계양,2,0,2,2,8,18,목
2022-08-18,경인선,개봉,21295,20637,41932,658,8,18,목
2022-08-18,경인선,오류동,11954,10862,22816,1092,8,18,목
2022-08-18,경인선,역곡,27550,27441,54991,109,8,18,목
2022-08-18,경인선,부천,32280,32234,64514,46,8,18,목
2022-08-18,경인선,송내,27669,27673,55342,-4,8,18,목
2022-08-18,경인선,부평,28562,30348,58910,-1786,8,18,목
2022-08-18,경인선,백운,6945,6764,13709,181,8,18,목
2022-08-18,경인선,동암,15931,15929,31860,2,8,18,목
2022-08-18,경인선,주안,18512,16909,35421,1603,8,18,목
2022-08-18,경인선,제물포,10354,9822,20176,532,8,18,목
2022-08-18,경인선,동인천,13946,13032,26978,914,8,18,목
2022-08-18,경인선,인천,4303,3346,7649,957,8,18,목
2022-08-18,경인선,구일,6318,6266,12584,52,8,18,목
2022-08-18,경인선,소사,8318,8313,16631,5,8,18,목
2022-08-18,경인선,부개,8914,8124,17038,790,8,18,목
2022-08-18,경인선,간석,6003,5575,11578,428,8,18,목
2022-08-18,경인선,도원,2933,2928,5861,5,8,18,목
2022-08-18,경인선,온수(성공회대입구),6816,6372,13188,444,8,18,목
2022-08-18,경인선,중동,9740,9041,18781,699,8,18,목
2022-08-18,경인선,도화,4174,3877,8051,297,8,18,목
2022-08-18,경춘선,신내,2404,2228,4632,176,8,18,목
2022-08-18,경춘선,갈매,3215,2726,5941,489,8,18,목
2022-08-18,경춘선,별내,3240,3143,6383,97,8,18,목
2022-08-18,경춘선,퇴계원,3612,3339,6951,273,8,18,목
2022-08-18,경춘선,사릉,2438,2345,4783,93,8,18,목
2022-08-18,경춘선,금곡,1634,1562,3196,72,8,18,목
2022-08-18,경춘선,평내호평,6435,6298,12733,137,8,18,목
2022-08-18,경춘선,천마산,1691,1565,3256,126,8,18,목
2022-08-18,경춘선,마석,4409,4475,8884,-66,8,18,목
2022-08-18,경춘선,대성리,881,1011,1892,-130,8,18,목
2022-08-18,경춘선,청평,2102,2012,4114,90,8,18,목
2022-08-18,경춘선,상천,371,349,720,22,8,18,목
2022-08-18,경춘선,가평,2756,2827,5583,-71,8,18,목
2022-08-18,경춘선,굴봉산,183,148,331,35,8,18,목
2022-08-18,경춘선,백양리,119,93,212,26,8,18,목
2022-08-18,경춘선,강촌,508,480,988,28,8,18,목
2022-08-18,경춘선,김유정,410,400,810,10,8,18,목
2022-08-18,경춘선,남춘천,2390,2474,4864,-84,8,18,목
2022-08-18,경춘선,춘천,1516,1342,2858,174,8,18,목
2022-08-18,공항철도 1호선,서울역,9361,8584,17945,777,8,18,목
2022-08-18,공항철도 1호선,공덕,2616,3416,6032,-800,8,18,목
2022-08-18,공항철도 1호선,홍대입구,11457,11660,23117,-203,8,18,목
2022-08-18,공항철도 1호선,디지털미디어시티,14710,13565,28275,1145,8,18,목
2022-08-18,공항철도 1호선,마곡나루(서울식물원),9952,9275,19227,677,8,18,목
2022-08-18,공항철도 1호선,김포공항,11360,6511,17871,4849,8,18,목
2022-08-18,공항철도 1호선,계양,11651,10610,22261,1041,8,18,목
2022-08-18,공항철도 1호선,검암,6941,6742,13683,199,8,18,목
2022-08-18,공항철도 1호선,청라국제도시,7371,6929,14300,442,8,18,목
2022-08-18,공항철도 1호선,운서,7880,8125,16005,-245,8,18,목
2022-08-18,공항철도 1호선,공항화물청사,2443,2586,5029,-143,8,18,목
2022-08-18,공항철도 1호선,인천공항1터미널,8949,7667,16616,1282,8,18,목
2022-08-18,공항철도 1호선,인천공항2터미널,3872,3137,7009,735,8,18,목
2022-08-18,공항철도 1호선,영종,3699,3640,7339,59,8,18,목
2022-08-18,과천선,선바위,7918,7018,14936,900,8,18,목
2022-08-18,과천선,경마공원,1304,1285,2589,19,8,18,목
2022-08-18,과천선,대공원,3174,3386,6560,-212,8,18,목
2022-08-18,과천선,과천,6360,5906,12266,454,8,18,목
2022-08-18,과천선,정부과천청사,11234,11056,22290,178,8,18,목
2022-08-18,과천선,인덕원,24234,25341,49575,-1107,8,18,목
2022-08-18,과천선,평촌,18276,18203,36479,73,8,18,목
2022-08-18,과천선,범계,25889,25885,51774,4,8,18,목
2022-08-18,분당선,선릉,14541,21836,36377,-7295,8,18,목
2022-08-18,분당선,한티,15107,16126,31233,-1019,8,18,목
2022-08-18,분당선,도곡,7387,7297,14684,90,8,18,목
2022-08-18,분당선,구룡,2371,2271,4642,100,8,18,목
2022-08-18,분당선,개포동,4120,4153,8273,-33,8,18,목
2022-08-18,분당선,대모산입구,4818,4517,9335,301,8,18,목
2022-08-18,분당선,수서,14061,14463,28524,-402,8,18,목
2022-08-18,분당선,수원,8106,6945,15051,1161,8,18,목
2022-08-18,분당선,서울숲,12609,12878,25487,-269,8,18,목
2022-08-18,분당선,압구정로데오,20420,23002,43422,-2582,8,18,목
2022-08-18,분당선,강남구청,10027,11485,21512,-1458,8,18,목
2022-08-18,분당선,선정릉,8236,8820,17056,-584,8,18,목
2022-08-18,분당선,가천대,6745,7379,14124,-634,8,18,목
2022-08-18,분당선,태평,13807,13155,26962,652,8,18,목
2022-08-18,분당선,모란,19872,20017,39889,-145,8,18,목
2022-08-18,분당선,야탑,26705,27689,54394,-984,8,18,목
2022-08-18,분당선,서현,25334,25780,51114,-446,8,18,목
2022-08-18,분당선,수내,14351,14357,28708,-6,8,18,목
2022-08-18,분당선,미금,16019,16960,32979,-941,8,18,목
2022-08-18,분당선,오리,11878,9907,21785,1971,8,18,목
2022-08-18,분당선,이매,6155,5552,11707,603,8,18,목
2022-08-18,분당선,보정,2873,2461,5334,412,8,18,목
2022-08-18,분당선,죽전,13102,14468,27570,-1366,8,18,목
2022-08-18,분당선,구성,5105,5433,10538,-328,8,18,목
2022-08-18,분당선,신갈,4872,4730,9602,142,8,18,목
2022-08-18,분당선,기흥,10374,9791,20165,583,8,18,목
2022-08-18,분당선,상갈,5516,5400,10916,116,8,18,목
2022-08-18,분당선,청명,4428,4251,8679,177,8,18,목
2022-08-18,분당선,영통,8459,8514,16973,-55,8,18,목
2022-08-18,분당선,망포,14925,14063,28988,862,8,18,목
2022-08-18,분당선,매탄권선,5307,5058,10365,249,8,18,목
2022-08-18,분당선,수원시청,12998,14183,27181,-1185,8,18,목
2022-08-18,분당선,매교,3644,3599,7243,45,8,18,목
2022-08-18,수인선,고색,4739,4216,8955,523,8,18,목
2022-08-18,수인선,오목천,2985,2884,5869,101,8,18,목
2022-08-18,수인선,어천,964,930,1894,34,8,18,목
2022-08-18,수인선,야목,395,303,698,92,8,18,목
2022-08-18,수인선,사리,4800,4172,8972,628,8,18,목
2022-08-18,수인선,달월,113,81,194,32,8,18,목
2022-08-18,수인선,월곶,2972,2750,5722,222,8,18,목
2022-08-18,수인선,소래포구,5039,4652,9691,387,8,18,목
2022-08-18,수인선,인천논현,5579,5893,11472,-314,8,18,목
2022-08-18,수인선,호구포,4188,4384,8572,-196,8,18,목
2022-08-18,수인선,남동인더스파크,2326,2611,4937,-285,8,18,목
2022-08-18,수인선,원인재,4291,4392,8683,-101,8,18,목
2022-08-18,수인선,연수,4578,4619,9197,-41,8,18,목
2022-08-18,수인선,송도,2407,2274,4681,133,8,18,목
2022-08-18,수인선,인하대,5827,5462,11289,365,8,18,목
2022-08-18,수인선,숭의,4127,3829,7956,298,8,18,목
2022-08-18,수인선,신포,1720,1762,3482,-42,8,18,목
2022-08-18,수인선,인천,1225,1936,3161,-711,8,18,목
2022-08-18,신림선,샛강,2231,2791,5022,-560,8,18,목
2022-08-18,신림선,대방,2128,1717,3845,411,8,18,목
2022-08-18,신림선,서울지방병무청,2380,2611,4991,-231,8,18,목
2022-08-18,신림선,보라매,2992,2746,5738,246,8,18,목
2022-08-18,신림선,보라매공원,1881,1974,3855,-93,8,18,목
2022-08-18,신림선,보라매병원,7037,7479,14516,-442,8,18,목
2022-08-18,신림선,당곡,3902,3868,7770,34,8,18,목
2022-08-18,신림선,신림,1654,2216,3870,-562,8,18,목
2022-08-18,신림선,서원,2922,2568,5490,354,8,18,목
2022-08-18,신림선,서울대벤처타운,6723,6784,13507,-61,8,18,목
2022-08-18,신림선,관악산(서울대),3049,3079,6128,-30,8,18,목
2022-08-18,안산선,산본,16009,17401,33410,-1392,8,18,목
2022-08-18,안산선,대야미,5131,4589,9720,542,8,18,목
2022-08-18,중앙선,지평,64,74,138,-10,8,18,목
2022-08-18,중앙선,용문,2071,2068,4139,3,8,18,목
2022-08-18,중앙선,원덕,355,375,730,-20,8,18,목
2022-08-18,중앙선,양평,4143,4091,8234,52,8,18,목
2022-08-18,중앙선,아신,561,597,1158,-36,8,18,목
2022-08-19,분당선,도곡,7719,7581,15300,138,8,19,금
2022-08-19,분당선,구룡,2479,2329,4808,150,8,19,금
2022-08-19,분당선,개포동,4296,4416,8712,-120,8,19,금
2022-08-19,분당선,대모산입구,5017,4793,9810,224,8,19,금
2022-08-19,분당선,수서,15519,16270,31789,-751,8,19,금
2022-08-19,분당선,수원,8439,7238,15677,1201,8,19,금
2022-08-19,분당선,서울숲,11961,12005,23966,-44,8,19,금
2022-08-19,분당선,압구정로데오,21610,24773,46383,-3163,8,19,금
2022-08-19,분당선,강남구청,10260,11690,21950,-1430,8,19,금
2022-08-19,분당선,선정릉,8721,8858,17579,-137,8,19,금
2022-08-19,분당선,가천대,6935,7562,14497,-627,8,19,금
2022-08-19,분당선,태평,14370,13664,28034,706,8,19,금
2022-08-19,분당선,모란,25204,26254,51458,-1050,8,19,금
2022-08-19,분당선,야탑,27212,28560,55772,-1348,8,19,금
2022-08-19,분당선,서현,27190,27720,54910,-530,8,19,금
2022-08-19,분당선,수내,14570,14515,29085,55,8,19,금
2022-08-19,분당선,정자,19501,20869,40370,-1368,8,19,금
2022-08-19,분당선,미금,16192,17182,33374,-990,8,19,금
2022-08-19,분당선,오리,12321,9810,22131,2511,8,19,금
2022-08-19,분당선,이매,6292,5969,12261,323,8,19,금
2022-08-19,분당선,보정,2908,2401,5309,507,8,19,금
2022-08-19,분당선,죽전,13663,15073,28736,-1410,8,19,금
2022-08-19,분당선,구성,5197,5608,10805,-411,8,19,금
2022-08-19,분당선,신갈,4830,4624,9454,206,8,19,금
2022-08-19,분당선,기흥,10531,9918,20449,613,8,19,금
2022-08-19,분당선,상갈,5459,5337,10796,122,8,19,금
2022-08-19,분당선,청명,4781,4355,9136,426,8,19,금
2022-08-19,분당선,영통,8979,9159,18138,-180,8,19,금
2022-08-19,분당선,망포,15842,14528,30370,1314,8,19,금
2022-08-19,분당선,매탄권선,5532,5211,10743,321,8,19,금
2022-08-19,분당선,수원시청,13402,15811,29213,-2409,8,19,금
2022-08-19,분당선,매교,3809,3824,7633,-15,8,19,금
2022-08-19,수인선,고색,4728,4392,9120,336,8,19,금
2022-08-19,수인선,오목천,3254,2905,6159,349,8,19,금
2022-08-19,수인선,어천,1088,955,2043,133,8,19,금
2022-08-19,수인선,야목,370,295,665,75,8,19,금
2022-08-19,수인선,사리,4995,4369,9364,626,8,19,금
2022-08-19,수인선,달월,116,71,187,45,8,19,금
2022-08-19,수인선,월곶,2855,2589,5444,266,8,19,금
2022-08-19,수인선,소래포구,4782,4408,9190,374,8,19,금
2022-08-19,수인선,인천논현,5581,5934,11515,-353,8,19,금
2022-08-19,수인선,호구포,4185,4313,8498,-128,8,19,금
2022-08-19,수인선,남동인더스파크,2334,2610,4944,-276,8,19,금
2022-08-19,수인선,원인재,4343,4523,8866,-180,8,19,금
2022-08-19,수인선,연수,4787,4804,9591,-17,8,19,금
2022-08-19,수인선,송도,2384,2262,4646,122,8,19,금
2022-08-19,수인선,인하대,6099,5742,11841,357,8,19,금
2022-08-19,수인선,숭의,4178,3676,7854,502,8,19,금
2022-08-19,수인선,신포,1702,1793,3495,-91,8,19,금
2022-08-19,수인선,인천,1029,1686,2715,-657,8,19,금
2022-08-19,신림선,샛강,2081,2614,4695,-533,8,19,금
2022-08-19,신림선,대방,2089,1683,3772,406,8,19,금
2022-08-19,신림선,서울지방병무청,2411,2763,5174,-352,8,19,금
2022-08-19,신림선,보라매,2976,2728,5704,248,8,19,금
2022-08-19,신림선,보라매공원,1861,1914,3775,-53,8,19,금
2022-08-19,신림선,보라매병원,6705,6578,13283,127,8,19,금
2022-08-19,신림선,당곡,3924,3903,7827,21,8,19,금
2022-08-19,신림선,신림,1618,2108,3726,-490,8,19,금
2022-08-19,신림선,서원,2922,2795,5717,127,8,19,금
2022-08-19,신림선,서울대벤처타운,6809,6790,13599,19,8,19,금
2022-08-19,신림선,관악산(서울대),2491,2465,4956,26,8,19,금
2022-08-19,안산선,산본,16080,17431,33511,-1351,8,19,금
2022-08-19,안산선,대야미,5183,4528,9711,655,8,19,금
2022-08-19,안산선,반월,4326,4096,8422,230,8,19,금
2022-08-19,안산선,상록수,15623,16041,31664,-418,8,19,금
2022-08-19,안산선,한대앞,9337,9264,18601,73,8,19,금
2022-08-19,안산선,중앙,17799,19343,37142,-1544,8,19,금
2022-08-19,안산선,고잔,9106,8635,17741,471,8,19,금
2022-08-19,안산선,초지,4850,4851,9701,-1,8,19,금
2022-08-19,안산선,안산,11905,10910,22815,995,8,19,금
2022-08-19,안산선,신길온천,1859,1669,3528,190,8,19,금
2022-08-19,안산선,정왕,8459,8593,17052,-134,8,19,금
2022-08-19,안산선,오이도,8657,8457,17114,200,8,19,금
2022-08-19,안산선,수리산,4231,3323,7554,908,8,19,금
2022-08-19,우이신설선,북한산우이,2618,2434,5052,184,8,19,금
2022-08-19,우이신설선,솔밭공원,2585,2372,4957,213,8,19,금
2022-08-19,우이신설선,4.19민주묘지,2792,2598,5390,194,8,19,금
2022-08-19,우이신설선,가오리,4241,4248,8489,-7,8,19,금
2022-08-19,우이신설선,화계,3339,3263,6602,76,8,19,금
2022-08-19,우이신설선,삼양,2077,2181,4258,-104,8,19,금
2022-08-19,우이신설선,삼양사거리,2540,2548,5088,-8,8,19,금
2022-08-19,우이신설선,솔샘,5828,5484,11312,344,8,19,금
2022-08-19,우이신설선,북한산보국문,5943,5711,11654,232,8,19,금
2022-08-19,우이신설선,정릉,4694,4222,8916,472,8,19,금
2022-08-19,우이신설선,성신여대입구(돈암),3230,3645,6875,-415,8,19,금
2022-08-19,우이신설선,보문,1526,1556,3082,-30,8,19,금
2022-08-19,우이신설선,신설동,2057,2060,4117,-3,8,19,금
2022-08-19,일산선,원흥,11053,10591,21644,462,8,19,금
2022-08-19,일산선,삼송,19745,19078,38823,667,8,19,금
2022-08-19,일산선,원당,10937,10390,21327,547,8,19,금
2022-08-19,일산선,화정,16626,17248,33874,-622,8,19,금
2022-08-19,일산선,대곡,2170,1629,3799,541,8,19,금
2022-08-19,일산선,백석,9877,10067,19944,-190,8,19,금
2022-08-19,일산선,마두,7929,8156,16085,-227,8,19,금
2022-08-19,일산선,정발산,7406,7922,15328,-516,8,19,금
2022-08-19,일산선,주엽,9325,9568,18893,-243,8,19,금
2022-08-19,일산선,대화,14225,11566,25791,2659,8,19,금
2022-08-19,장항선,봉명,1390,1348,2738,42,8,19,금
2022-08-19,장항선,쌍용(나사렛대),2116,1974,4090,142,8,19,금
2022-08-19,장항선,아산,3514,3601,7115,-87,8,19,금
2022-08-19,장항선,탕정,1057,881,1938,176,8,19,금
2022-08-19,장항선,배방,1237,1112,2349,125,8,19,금
2022-08-19,장항선,온양온천,5153,5330,10483,-177,8,19,금
2022-08-19,장항선,신창(순천향대),1280,1101,2381,179,8,19,금
2022-08-19,중앙선,회기,24960,23930,48890,1030,8,19,금
2022-08-19,중앙선,중랑,5701,5302,11003,399,8,19,금
2022-08-19,중앙선,상봉(시외버스터미널),5796,5564,11360,232,8,19,금
2022-08-19,중앙선,망우,7911,7912,15823,-1,8,19,금
2022-08-19,중앙선,양원,3247,3034,6281,213,8,19,금
2022-08-19,중앙선,구리,13360,13868,27228,-508,8,19,금
2022-08-19,중앙선,도농,11105,10181,21286,924,8,19,금
2022-08-19,중앙선,양정,695,611,1306,84,8,19,금
2022-08-19,중앙선,덕소,5556,5572,11128,-16,8,19,금
2022-08-19,중앙선,도심,2508,1937,4445,571,8,19,금
2022-08-19,중앙선,팔당,815,844,1659,-29,8,19,금
2022-08-19,중앙선,운길산,693,644,1337,49,8,19,금
2022-08-19,중앙선,양수,1848,1898,3746,-50,8,19,금
2022-08-19,중앙선,신원,181,182,363,-1,8,19,금
2022-08-19,중앙선,국수,747,735,1482,12,8,19,금
2022-08-19,중앙선,아신,585,617,1202,-32,8,19,금
2022-08-19,중앙선,오빈,322,320,642,2,8,19,금
2022-08-19,중앙선,양평,2959,3127,6086,-168,8,19,금
2022-08-19,9호선,김포공항,8326,12529,20855,-4203,8,19,금
2022-08-19,6호선,역촌,3844,4481,8325,-637,8,19,금
2022-08-19,6호선,응암,17503,17341,34844,162,8,19,금
2022-08-19,5호선,하남검단산,6075,5781,11856,294,8,19,금
2022-08-19,5호선,하남시청(덕풍·신장),7365,7215,14580,150,8,19,금
2022-08-19,5호선,하남풍산,4371,4354,8725,17,8,19,금
2022-08-19,5호선,미사,16459,17042,33501,-583,8,19,금
2022-08-19,5호선,강일,4577,4518,9095,59,8,19,금
2022-08-19,5호선,마천,7641,7309,14950,332,8,19,금
2022-08-19,5호선,거여,10406,10127,20533,279,8,19,금
2022-08-19,5호선,개롱,6398,6816,13214,-418,8,19,금
2022-08-19,5호선,오금,3880,3910,7790,-30,8,19,금
2022-08-19,5호선,방이,7162,7596,14758,-434,8,19,금
2022-08-19,5호선,올림픽공원(한국체대),4485,3716,8201,769,8,19,금
2022-08-19,5호선,둔촌동,8414,8460,16874,-46,8,19,금
2022-08-19,5호선,상일동,15142,14257,29399,885,8,19,금
2022-08-19,5호선,고덕,10315,9806,20121,509,8,19,금
2022-08-19,5호선,명일,8780,9356,18136,-576,8,19,금
2022-08-19,5호선,굽은다리(강동구민회관앞),9901,9588,19489,313,8,19,금
2022-08-19,5호선,길동,8293,8788,17081,-495,8,19,금
2022-08-19,5호선,강동,19159,18391,37550,768,8,19,금
2022-08-19,5호선,천호(풍납토성),19188,19122,38310,66,8,19,금
2022-08-19,5호선,광나루(장신대),13367,12176,25543,1191,8,19,금
2022-08-19,5호선,아차산(어린이대공원후문),14824,14335,29159,489,8,19,금
2022-08-19,5호선,군자(능동),11347,12429,23776,-1082,8,19,금
2022-08-19,5호선,장한평,19117,19073,38190,44,8,19,금
2022-08-19,5호선,답십리,16653,15222,31875,1431,8,19,금
2022-08-19,5호선,마장,5665,5317,10982,348,8,19,금
2022-08-19,5호선,왕십리(성동구청),4704,5335,10039,-631,8,19,금
2022-08-19,5호선,행당,8337,7592,15929,745,8,19,금
2022-08-19,5호선,신금호,6480,6650,13130,-170,8,19,금
2022-08-19,5호선,청구,4038,3788,7826,250,8,19,금
2022-08-19,5호선,동대문역사문화공원(DDP),3332,3735,7067,-403,8,19,금
2022-08-19,5호선,을지로4가,6091,6210,12301,-119,8,19,금
2022-08-19,5호선,종로3가,13786,13981,27767,-195,8,19,금
2022-08-19,5호선,광화문(세종문화회관),34179,35376,69555,-1197,8,19,금
2022-08-19,5호선,서대문,20628,20021,40649,607,8,19,금
2022-08-19,5호선,충정로(경기대입구),4813,4844,9657,-31,8,19,금
2022-08-19,5호선,애오개,7045,7146,14191,-101,8,19,금
2022-08-19,5호선,공덕,14570,15525,30095,-955,8,19,금
2022-08-19,5호선,마포,14881,15392,30273,-511,8,19,금
2022-08-19,5호선,여의나루,9474,11488,20962,-2014,8,19,금
2022-08-19,5호선,여의도,32244,31799,64043,445,8,19,금
2022-08-19,5호선,신길,4305,4626,8931,-321,8,19,금
2022-08-19,5호선,영등포시장,10480,10887,21367,-407,8,19,금
2022-08-19,5호선,영등포구청,4310,4148,8458,162,8,19,금
2022-08-19,5호선,양평,7737,7576,15313,161,8,19,금
2022-08-19,5호선,오목교(목동운동장앞),22609,24428,47037,-1819,8,19,금
2022-08-19,5호선,목동,17443,18683,36126,-1240,8,19,금
2022-08-19,5호선,신정(은행정),14231,11680,25911,2551,8,19,금
2022-08-19,5호선,까치산,29360,27777,57137,1583,8,19,금
2022-08-19,5호선,화곡,29098,26770,55868,2328,8,19,금
2022-08-19,5호선,우장산,15104,14700,29804,404,8,19,금
2022-08-19,5호선,발산,20418,21366,41784,-948,8,19,금
2022-08-19,5호선,마곡,11049,11061,22110,-12,8,19,금
2022-08-19,5호선,송정,6674,6157,12831,517,8,19,금
2022-08-19,5호선,김포공항,8137,7849,15986,288,8,19,금
2022-08-19,5호선,개화산,5665,5419,11084,246,8,19,금
2022-08-19,5호선,방화,7115,6721,13836,394,8,19,금
2022-08-19,4호선,남태령,1403,1112,2515,291,8,19,금
2022-08-19,4호선,사당,26848,22392,49240,4456,8,19,금
2022-08-19,4호선,총신대입구(이수),19367,21206,40573,-1839,8,19,금
2022-08-19,4호선,동작(현충원),1232,1367,2599,-135,8,19,금
2022-08-19,4호선,이촌(국립중앙박물관),9248,10028,19276,-780,8,19,금
2022-08-19,4호선,신용산,19046,19544,38590,-498,8,19,금
2022-08-19,4호선,삼각지,5842,6625,12467,-783,8,19,금
2022-08-19,4호선,숙대입구(갈월),13436,13086,26522,350,8,19,금
2022-08-19,4호선,서울역,12419,20863,33282,-8444,8,19,금
2022-08-19,4호선,회현(남대문시장),25790,25641,51431,149,8,19,금
2022-08-19,4호선,명동,20103,21235,41338,-1132,8,19,금
2022-08-19,4호선,충무로,26189,27117,53306,-928,8,19,금
2022-08-19,4호선,동대문역사문화공원(DDP),15633,13278,28911,2355,8,19,금
2022-08-19,4호선,동대문,20356,19347,39703,1009,8,19,금
2022-08-19,4호선,혜화,35001,34566,69567,435,8,19,금
2022-08-19,4호선,한성대입구(삼선교),13657,13298,26955,359,8,19,금
2022-08-19,4호선,성신여대입구(돈암),19431,19269,38700,162,8,19,금
2022-08-19,4호선,길음,20253,20317,40570,-64,8,19,금
2022-08-19,4호선,미아사거리,26643,26445,53088,198,8,19,금
2022-08-19,4호선,미아(서울사이버대학),14771,14245,29016,526,8,19,금
2022-08-19,4호선,수유(강북구청),33170,34525,67695,-1355,8,19,금
2022-08-19,4호선,쌍문,28518,26718,55236,1800,8,19,금
2022-08-19,4호선,창동,25727,27398,53125,-1671,8,19,금
2022-08-19,7호선,상도,11330,10859,22189,471,8,19,금
2022-08-19,4호선,노원,18308,21392,39700,-3084,8,19,금
2022-08-19,4호선,상계,18727,17739,36466,988,8,19,금
2022-08-19,4호선,당고개,8938,8079,17017,859,8,19,금
2022-08-19,3호선,오금,6473,5922,12395,551,8,19,금
2022-08-19,3호선,경찰병원,7712,7801,15513,-89,8,19,금
2022-08-19,3호선,가락시장,9257,9070,18327,187,8,19,금
2022-08-19,3호선,수서,19047,19096,38143,-49,8,19,금
2022-08-19,3호선,일원,11011,10474,21485,537,8,19,금
2022-08-19,3호선,대청,10926,10077,21003,849,8,19,금
2022-08-19,3호선,학여울,4183,4249,8432,-66,8,19,금
2022-08-19,3호선,대치,12185,12303,24488,-118,8,19,금
2022-08-19,3호선,도곡,5563,5447,11010,116,8,19,금
2022-08-19,3호선,매봉,12991,12285,25276,706,8,19,금
2022-08-19,3호선,양재(서초구청),40414,42346,82760,-1932,8,19,금
2022-08-19,3호선,남부터미널(예술의전당),32146,32224,64370,-78,8,19,금
2022-08-19,3호선,교대(법원.검찰청),15379,9909,25288,5470,8,19,금
2022-08-19,3호선,고속터미널,47583,48533,96116,-950,8,19,금
2022-08-19,3호선,잠원,5089,4931,10020,158,8,19,금
2022-08-19,3호선,신사,31793,33103,64896,-1310,8,19,금
2022-08-19,3호선,압구정,35027,37333,72360,-2306,8,19,금
2022-08-19,3호선,옥수,9282,9576,18858,-294,8,19,금
2022-08-19,3호선,금호,7999,7582,15581,417,8,19,금
2022-08-19,3호선,약수,13158,12765,25923,393,8,19,금
2022-08-19,3호선,동대입구,8389,8890,17279,-501,8,19,금
2022-08-19,3호선,충무로,2,0,2,2,8,19,금
2022-08-19,3호선,을지로3가,11631,11544,23175,87,8,19,금
2022-08-19,3호선,종로3가,10918,12818,23736,-1900,8,19,금
2022-08-19,3호선,안국,24232,23401,47633,831,8,19,금
2022-08-19,3호선,경복궁(정부서울청사),21269,20957,42226,312,8,19,금
2022-08-19,3호선,독립문,7132,7251,14383,-119,8,19,금
2022-08-19,3호선,무악재,3911,3969,7880,-58,8,19,금
2022-08-19,3호선,홍제,17300,16714,34014,586,8,19,금
2022-08-19,3호선,녹번,15564,14045,29609,1519,8,19,금
2022-08-19,3호선,불광,15979,16929,32908,-950,8,19,금
2022-08-19,3호선,연신내,36113,34584,70697,1529,8,19,금
2022-08-19,3호선,구파발,20987,20132,41119,855,8,19,금
2022-08-19,3호선,지축,5263,5100,10363,163,8,19,금
2022-08-19,2호선,용두(동대문구청),2523,2465,4988,58,8,19,금
2022-08-19,2호선,신정네거리,10494,10845,21339,-351,8,19,금
2022-08-19,2호선,양천구청,6888,7244,14132,-356,8,19,금
2022-08-19,2호선,도림천,1467,1521,2988,-54,8,19,금
2022-08-19,2호선,신설동,4028,3499,7527,529,8,19,금
2022-08-19,2호선,신답,1677,1912,3589,-235,8,19,금
2022-08-19,2호선,용답,2828,2736,5564,92,8,19,금
2022-08-19,2호선,충정로(경기대입구),10283,11013,21296,-730,8,19,금
2022-08-19,2호선,아현,11157,10557,21714,600,8,19,금
2022-08-19,2호선,이대,13813,14476,28289,-663,8,19,금
2022-08-19,2호선,신촌,35830,36865,72695,-1035,8,19,금
2022-08-19,2호선,홍대입구,60209,67022,127231,-6813,8,19,금
2022-08-19,2호선,합정,33091,36747,69838,-3656,8,19,금
2022-08-19,2호선,당산,17677,21108,38785,-3431,8,19,금
2022-08-19,2호선,영등포구청,22299,23169,45468,-870,8,19,금
2022-08-19,2호선,문래,23025,23700,46725,-675,8,19,금
2022-08-19,2호선,신도림,49217,48682,97899,535,8,19,금
2022-08-19,2호선,대림(구로구청),24088,24578,48666,-490,8,19,금
2022-08-19,2호선,구로디지털단지,61093,60707,121800,386,8,19,금
2022-08-19,2호선,신대방,25448,24919,50367,529,8,19,금
2022-08-19,2호선,신림,59117,56876,115993,2241,8,19,금
2022-08-19,2호선,봉천,24991,23059,48050,1932,8,19,금
2022-08-19,2호선,서울대입구(관악구청),47905,46211,94116,1694,8,19,금
2022-08-19,2호선,낙성대(강감찬),28754,27378,56132,1376,8,19,금
2022-08-19,2호선,사당,39608,43298,82906,-3690,8,19,금
2022-08-19,2호선,방배,16706,17198,33904,-492,8,19,금
2022-08-19,2호선,서초,22613,21398,44011,1215,8,19,금
2022-08-19,2호선,교대(법원.검찰청),35760,40557,76317,-4797,8,19,금
2022-08-19,2호선,강남,87007,84190,171197,2817,8,19,금
2022-08-19,2호선,역삼,56800,61134,117934,-4334,8,19,금
2022-08-19,2호선,선릉,60001,52724,112725,7277,8,19,금
2022-08-19,2호선,삼성(무역센터),57580,56379,113959,1201,8,19,금
2022-08-19,2호선,종합운동장,7155,7727,14882,-572,8,19,금
2022-08-19,2호선,잠실새내,23079,23525,46604,-446,8,19,금
2022-08-19,2호선,잠실(송파구청),72234,70980,143214,1254,8,19,금
2022-08-19,2호선,잠실나루,14965,14531,29496,434,8,19,금
2022-08-19,2호선,강변(동서울터미널),33825,33433,67258,392,8,19,금
2022-08-19,2호선,구의(광진구청),24393,23856,48249,537,8,19,금
2022-08-19,2호선,건대입구,34853,38593,73446,-3740,8,19,금
2022-08-19,2호선,성수,40751,43793,84544,-3042,8,19,금
2022-08-19,2호선,뚝섬,23490,24939,48429,-1449,8,19,금
2022-08-19,2호선,한양대,7060,7383,14443,-323,8,19,금
2022-08-19,2호선,왕십리(성동구청),16915,14379,31294,2536,8,19,금
2022-08-19,2호선,상왕십리,14925,14497,29422,428,8,19,금
2022-08-19,2호선,신당,14536,15049,29585,-513,8,19,금
2022-08-19,2호선,동대문역사문화공원(DDP),12493,13557,26050,-1064,8,19,금
2022-08-19,2호선,을지로4가,14291,14370,28661,-79,8,19,금
2022-08-19,2호선,을지로3가,25063,24827,49890,236,8,19,금
2022-08-19,2호선,을지로입구,43969,44294,88263,-325,8,19,금
2022-08-19,2호선,시청,25009,23726,48735,1283,8,19,금
2022-08-19,1호선,동묘앞,7102,7292,14394,-190,8,19,금
2022-08-19,1호선,청량리(서울시립대입구),19780,19914,39694,-134,8,19,금
2022-08-19,1호선,제기동,16795,17088,33883,-293,8,19,금
2022-08-19,1호선,신설동,13890,13726,27616,164,8,19,금
2022-08-19,1호선,동대문,10683,9455,20138,1228,8,19,금
2022-08-19,1호선,종로5가,24039,23393,47432,646,8,19,금
2022-08-19,1호선,종로3가,25597,24420,50017,1177,8,19,금
2022-08-19,1호선,종각,38615,37725,76340,890,8,19,금
2022-08-19,1호선,시청,24165,24392,48557,-227,8,19,금
2022-08-19,1호선,서울역,52600,51610,104210,990,8,19,금
2022-08-19,중앙선,지평,65,84,149,-19,8,19,금
2022-08-19,중앙선,용문,1759,2000,3759,-241,8,19,금
2022-08-19,중앙선,원덕,364,367,731,-3,8,19,금
2022-08-19,분당선,복정,1,0,1,1,8,19,금
2022-08-19,8호선,석촌,8005,9099,17104,-1094,8,19,금
2022-08-19,7호선,숭실대입구(살피재),12392,12510,24902,-118,8,19,금
2022-08-19,7호선,남성,11416,10723,22139,693,8,19,금
2022-08-19,7호선,이수,16573,16057,32630,516,8,19,금
2022-08-19,7호선,내방,15058,15216,30274,-158,8,19,금
2022-08-19,7호선,고속터미널,18088,14213,32301,3875,8,19,금
2022-08-19,7호선,반포,6253,5965,12218,288,8,19,금
2022-08-19,7호선,논현,19082,20607,39689,-1525,8,19,금
2022-08-19,7호선,학동,24884,26109,50993,-1225,8,19,금
2022-08-19,7호선,강남구청,17317,19431,36748,-2114,8,19,금
2022-08-19,7호선,청담,20146,22455,42601,-2309,8,19,금
2022-08-19,7호선,뚝섬유원지,7573,7358,14931,215,8,19,금
2022-08-19,7호선,건대입구,12745,13452,26197,-707,8,19,금
2022-08-19,7호선,어린이대공원(세종대),13984,14018,28002,-34,8,19,금
2022-08-19,7호선,군자(능동),15238,12348,27586,2890,8,19,금
2022-08-19,7호선,중곡,11397,10642,22039,755,8,19,금
2022-08-19,7호선,용마산(용마폭포공원),5981,5737,11718,244,8,19,금
2022-08-19,7호선,사가정,16002,16071,32073,-69,8,19,금
2022-08-19,7호선,면목,15244,14879,30123,365,8,19,금
2022-08-19,7호선,상봉(시외버스터미널),16894,16271,33165,623,8,19,금
2022-08-19,7호선,중화,10858,10487,21345,371,8,19,금
2022-08-19,7호선,먹골,10335,10387,20722,-52,8,19,금
2022-08-19,7호선,태릉입구,8606,8043,16649,563,8,19,금
2022-08-19,7호선,공릉(서울과학기술대),11689,11657,23346,32,8,19,금
2022-08-19,7호선,하계,17541,16295,33836,1246,8,19,금
2022-08-19,7호선,중계,14440,13132,27572,1308,8,19,금
2022-08-19,7호선,노원,20681,21480,42161,-799,8,19,금
2022-08-19,7호선,마들,13253,12491,25744,762,8,19,금
2022-08-19,7호선,수락산,12525,12743,25268,-218,8,19,금
2022-08-19,7호선,도봉산,8815,9946,18761,-1131,8,19,금
2022-08-19,7호선,장암,2311,968,3279,1343,8,19,금
2022-08-19,6호선,봉화산(서울의료원),8963,8564,17527,399,8,19,금
2022-08-19,6호선,화랑대(서울여대입구),11682,9210,20892,2472,8,19,금
2022-08-19,6호선,태릉입구,5723,5997,11720,-274,8,19,금
2022-08-19,6호선,석계,12308,12995,25303,-687,8,19,금
2022-08-19,6호선,돌곶이,9608,8637,18245,971,8,19,금
2022-08-19,6호선,상월곡(한국과학기술연구원),6315,5708,12023,607,8,19,금
2022-08-19,6호선,월곡(동덕여대),11793,11520,23313,273,8,19,금
2022-08-19,6호선,고려대(종암),8279,7992,16271,287,8,19,금
2022-08-19,6호선,안암(고대병원앞),11017,10524,21541,493,8,19,금
2022-08-19,6호선,보문,7835,7094,14929,741,8,19,금
2022-08-19,6호선,창신,3745,3203,6948,542,8,19,금
2022-08-19,6호선,동묘앞,8056,7964,16020,92,8,19,금
2022-08-19,6호선,신당,8926,8559,17485,367,8,19,금
2022-08-19,6호선,청구,3831,3998,7829,-167,8,19,금
2022-08-19,6호선,약수,3742,3682,7424,60,8,19,금
2022-08-19,6호선,버티고개,2218,2225,4443,-7,8,19,금
2022-08-19,6호선,한강진,8464,9718,18182,-1254,8,19,금
2022-08-19,6호선,이태원,11967,16072,28039,-4105,8,19,금
2022-08-19,6호선,녹사평(용산구청),5047,5416,10463,-369,8,19,금
2022-08-19,6호선,삼각지,7671,6321,13992,1350,8,19,금
2022-08-19,6호선,효창공원앞,7328,6548,13876,780,8,19,금
2022-08-19,6호선,공덕,19054,18625,37679,429,8,19,금
2022-08-19,6호선,대흥(서강대앞),8694,8665,17359,29,8,19,금
2022-08-19,6호선,광흥창(서강),9506,9483,18989,23,8,19,금
2022-08-19,6호선,상수,9511,11866,21377,-2355,8,19,금
2022-08-19,6호선,합정,14294,14081,28375,213,8,19,금
2022-08-19,6호선,망원,14279,15454,29733,-1175,8,19,금
2022-08-19,6호선,마포구청,14735,13243,27978,1492,8,19,금
2022-08-19,6호선,월드컵경기장(성산),4301,4329,8630,-28,8,19,금
2022-08-19,6호선,디지털미디어시티,14253,15881,30134,-1628,8,19,금
2022-08-19,6호선,증산(명지대앞),9891,9875,19766,16,8,19,금
2022-08-19,6호선,새절(신사),12626,11777,24403,849,8,19,금
2022-08-19,6호선,구산,8043,6163,14206,1880,8,19,금
2022-08-19,6호선,연신내,1,0,1,1,8,19,금
2022-08-19,7호선,신대방삼거리,15322,14530,29852,792,8,19,금
2022-08-19,7호선,보라매,7882,7887,15769,-5,8,19,금
2022-08-19,7호선,신풍,11798,11329,23127,469,8,19,금
2022-08-19,7호선,대림(구로구청),8007,8230,16237,-223,8,19,금
2022-08-19,7호선,남구로,15881,16833,32714,-952,8,19,금
2022-08-19,7호선,가산디지털단지,46104,44896,91000,1208,8,19,금
2022-08-19,7호선,철산,21742,22610,44352,-868,8,19,금
2022-08-19,7호선,광명사거리,21746,21792,43538,-46,8,19,금
2022-08-19,7호선,천왕,11682,11096,22778,586,8,19,금
2022-08-19,7호선,온수(성공회대입구),10205,9386,19591,819,8,19,금
2022-08-19,8호선,암사,19163,17027,36190,2136,8,19,금
2022-08-19,8호선,천호(풍납토성),15174,17682,32856,-2508,8,19,금
2022-08-19,8호선,강동구청,10769,11054,21823,-285,8,19,금
2022-08-19,8호선,몽촌토성(평화의문),6372,6592,12964,-220,8,19,금
2022-08-19,8호선,잠실(송파구청),15681,17659,33340,-1978,8,19,금
2022-08-19,8호선,송파,9014,9418,18432,-404,8,19,금
2022-08-19,8호선,가락시장,7924,8731,16655,-807,8,19,금
2022-08-19,8호선,문정,22959,23320,46279,-361,8,19,금
2022-08-19,8호선,장지,17822,16742,34564,1080,8,19,금
2022-08-19,8호선,복정,9423,8043,17466,1380,8,19,금
2022-08-19,8호선,산성,5467,5478,10945,-11,8,19,금
2022-08-19,8호선,남한산성입구(성남법원.검찰청),14057,12303,26360,1754,8,19,금
2022-08-19,8호선,단대오거리,11026,10481,21507,545,8,19,금
2022-08-19,8호선,신흥,4397,4809,9206,-412,8,19,금
2022-08-19,8호선,수진,5615,5237,10852,378,8,19,금
2022-08-19,6호선,독바위,2760,2998,5758,-238,8,19,금
2022-08-19,8호선,모란,6089,4971,11060,1118,8,19,금
2022-08-19,8호선,남위례,5720,5879,11599,-159,8,19,금
2022-08-19,9호선,공항시장,3067,3430,6497,-363,8,19,금
2022-08-19,7호선,장승배기,9642,9406,19048,236,8,19,금
2022-08-19,9호선,개화,2737,1939,4676,798,8,19,금
2022-08-19,9호선,신방화,7208,6991,14199,217,8,19,금
2022-08-19,9호선,마곡나루(서울식물원),12880,12742,25622,138,8,19,금
2022-08-19,9호선,양천향교,9995,10216,20211,-221,8,19,금
2022-08-19,9호선,가양,21672,20835,42507,837,8,19,금
2022-08-19,9호선,증미,7878,7676,15554,202,8,19,금
2022-08-19,9호선,등촌,11889,11755,23644,134,8,19,금
2022-08-19,9호선,염창,17883,17247,35130,636,8,19,금
2022-08-19,9호선,신목동,4449,3792,8241,657,8,19,금
2022-08-19,9호선,선유도,9015,8401,17416,614,8,19,금
2022-08-19,9호선,당산,19852,19674,39526,178,8,19,금
2022-08-19,9호선,국회의사당,19238,18666,37904,572,8,19,금
2022-08-19,9호선,여의도,31893,28726,60619,3167,8,19,금
2022-08-19,9호선,샛강,6630,6425,13055,205,8,19,금
2022-08-19,9호선,노량진,25988,25104,51092,884,8,19,금
2022-08-19,9호선,노들,4770,4105,8875,665,8,19,금
2022-08-19,9호선,흑석(중앙대입구),8348,8861,17209,-513,8,19,금
2022-08-19,9호선,동작(현충원),1823,1414,3237,409,8,19,금
2022-08-19,9호선,구반포,1300,1265,2565,35,8,19,금
2022-08-19,9호선,신반포,3998,3911,7909,87,8,19,금
2022-08-19,9호선,고속터미널,13204,18616,31820,-5412,8,19,금
2022-08-19,9호선,사평,3995,3935,7930,60,8,19,금
2022-08-19,9호선,신논현,32263,32461,64724,-198,8,19,금
2022-08-19,9호선2~3단계,언주,12203,11693,23896,510,8,19,금
2022-08-19,9호선2~3단계,선정릉,10427,11501,21928,-1074,8,19,금
2022-08-19,9호선2~3단계,삼성중앙,8101,8366,16467,-265,8,19,금
2022-08-19,9호선2~3단계,봉은사,19731,19269,39000,462,8,19,금
2022-08-19,9호선2~3단계,종합운동장,4617,4638,9255,-21,8,19,금
2022-08-19,9호선2~3단계,삼전,7481,7233,14714,248,8,19,금
2022-08-19,9호선2~3단계,석촌고분,6775,6678,13453,97,8,19,금
2022-08-19,9호선2~3단계,석촌,8922,7853,16775,1069,8,19,금
2022-08-19,9호선2~3단계,송파나루,5595,6135,11730,-540,8,19,금
2022-08-19,9호선2~3단계,한성백제,2756,2518,5274,238,8,19,금
2022-08-19,9호선2~3단계,올림픽공원(한국체대),6245,6092,12337,153,8,19,금
2022-08-19,9호선2~3단계,둔촌오륜,1239,1162,2401,77,8,19,금
2022-08-19,9호선2~3단계,중앙보훈병원,11558,10047,21605,1511,8,19,금
2022-08-19,경강선,판교,5407,5419,10826,-12,8,19,금
2022-08-19,경강선,이매,1185,1067,2252,118,8,19,금
2022-08-19,경강선,삼동,2662,2455,5117,207,8,19,금
2022-08-19,경강선,경기광주,8275,7656,15931,619,8,19,금
2022-08-19,경강선,초월,3411,3181,6592,230,8,19,금
2022-08-19,경강선,곤지암,2347,2290,4637,57,8,19,금
2022-08-19,경강선,신둔도예촌,1725,1587,3312,138,8,19,금
2022-08-19,경강선,이천,2864,2973,5837,-109,8,19,금
2022-08-19,경강선,부발,2690,2089,4779,601,8,19,금
2022-08-19,경강선,세종대왕릉,376,361,737,15,8,19,금
2022-08-19,경강선,여주,2356,2375,4731,-19,8,19,금
2022-08-19,경부선,서울역,10009,3051,13060,6958,8,19,금
2022-08-19,경부선,남영,9660,10031,19691,-371,8,19,금
2022-08-19,경부선,용산,43352,43996,87348,-644,8,19,금
2022-08-19,경부선,노량진,8049,7651,15700,398,8,19,금
2022-08-19,경부선,대방,11047,12024,23071,-977,8,19,금
2022-08-19,경부선,영등포,41973,43511,85484,-1538,8,19,금
2022-08-19,경부선,신도림,3898,4060,7958,-162,8,19,금
2022-08-19,경부선,신길,9026,7977,17003,1049,8,19,금
2022-08-19,경부선,구로,18171,18609,36780,-438,8,19,금
2022-08-19,경부선,가산디지털단지,18231,21457,39688,-3226,8,19,금
2022-08-19,경부선,금천구청,11304,11480,22784,-176,8,19,금
2022-08-19,경부선,석수,9577,8558,18135,1019,8,19,금
2022-08-19,경부선,관악,7284,6987,14271,297,8,19,금
2022-08-19,경부선,안양,21685,21614,43299,71,8,19,금
2022-08-19,경부선,명학,8993,8560,17553,433,8,19,금
2022-08-19,경부선,금정,27753,28282,56035,-529,8,19,금
2022-08-19,경부선,군포,7664,7543,15207,121,8,19,금
2022-08-19,경부선,의왕,8968,8749,17717,219,8,19,금
2022-08-19,경부선,성균관대,14600,14194,28794,406,8,19,금
2022-08-19,경부선,화서,8124,7914,16038,210,8,19,금
2022-08-19,경부선,수원,35765,38913,74678,-3148,8,19,금
2022-08-19,경부선,독산,18979,19452,38431,-473,8,19,금
2022-08-19,경부선,세류,3226,2922,6148,304,8,19,금
2022-08-19,경부선,병점,14924,14631,29555,293,8,19,금
2022-08-19,경부선,세마,3101,2885,5986,216,8,19,금
2022-08-19,경부선,오산대,3672,3324,6996,348,8,19,금
2022-08-19,경부선,오산,10139,9787,19926,352,8,19,금
2022-08-19,경부선,진위,1892,1590,3482,302,8,19,금
2022-08-19,경부선,송탄,4959,4486,9445,473,8,19,금
2022-08-19,경부선,서정리,8364,6671,15035,1693,8,19,금
2022-08-19,경부선,평택지제,4515,4257,8772,258,8,19,금
2022-08-19,경부선,평택,13344,12760,26104,584,8,19,금
2022-08-19,경부선,성환,3692,3411,7103,281,8,19,금
2022-08-19,경부선,직산,955,862,1817,93,8,19,금
2022-08-19,경부선,두정,6417,6157,12574,260,8,19,금
2022-08-19,경부선,천안,5934,6180,12114,-246,8,19,금
2022-08-19,경부선,당정,6270,5912,12182,358,8,19,금
2022-08-19,경부선,서동탄,1516,1378,2894,138,8,19,금
2022-08-19,경부선,광명,3908,3620,7528,288,8,19,금
2022-08-19,경원선,이촌(국립중앙박물관),3887,3131,7018,756,8,19,금
2022-08-19,경원선,서빙고,2135,1937,4072,198,8,19,금
2022-08-19,경원선,한남,4235,4165,8400,70,8,19,금
2022-08-19,경원선,옥수,65,21,86,44,8,19,금
2022-08-19,경원선,응봉,1988,1641,3629,347,8,19,금
2022-08-19,경원선,왕십리(성동구청),15222,17377,32599,-2155,8,19,금
2022-08-19,경원선,청량리(서울시립대입구),17333,18457,35790,-1124,8,19,금
2022-08-19,경원선,외대앞,7997,7929,15926,68,8,19,금
2022-08-19,경원선,신이문,8589,8055,16644,534,8,19,금
2022-08-19,경원선,석계,8016,8850,16866,-834,8,19,금
2022-08-19,경원선,광운대,7335,6843,14178,492,8,19,금
2022-08-19,경원선,월계,6354,5983,12337,371,8,19,금
2022-08-19,경원선,녹천,4855,3936,8791,919,8,19,금
2022-08-19,경원선,창동,1,0,1,1,8,19,금
2022-08-19,경원선,방학,9730,9718,19448,12,8,19,금
2022-08-19,경원선,도봉,6122,5905,12027,217,8,19,금
2022-08-19,경원선,도봉산,6889,4430,11319,2459,8,19,금
2022-08-19,경원선,망월사,7592,7704,15296,-112,8,19,금
2022-08-19,경원선,회룡,12756,12676,25432,80,8,19,금
2022-08-19,경원선,의정부,18428,19567,37995,-1139,8,19,금
2022-08-19,경원선,가능,7003,6678,13681,325,8,19,금
2022-08-19,경원선,녹양,4655,4381,9036,274,8,19,금
2022-08-19,경원선,양주,7564,7202,14766,362,8,19,금
2022-08-19,경원선,덕계,3408,3063,6471,345,8,19,금
2022-08-19,경원선,덕정,5526,5293,10819,233,8,19,금
2022-08-19,경원선,지행,6641,6625,13266,16,8,19,금
2022-08-19,경원선,동두천중앙,3148,3060,6208,88,8,19,금
2022-08-19,경원선,보산,1807,1512,3319,295,8,19,금
2022-08-19,경원선,동두천,2205,2454,4659,-249,8,19,금
2022-08-19,경원선,소요산,2612,2401,5013,211,8,19,금
2022-08-19,경의선,서울역,4589,6028,10617,-1439,8,19,금
2022-08-19,경의선,신촌,946,1215,2161,-269,8,19,금
2022-08-19,경의선,효창공원앞,3017,3510,6527,-493,8,19,금
2022-08-19,경의선,공덕,4007,3452,7459,555,8,19,금
2022-08-19,경의선,서강대,2191,2143,4334,48,8,19,금
2022-08-19,경의선,홍대입구,1873,2348,4221,-475,8,19,금
2022-08-19,경의선,가좌,5715,5540,11255,175,8,19,금
2022-08-19,경의선,디지털미디어시티,2795,2514,5309,281,8,19,금
2022-08-19,경의선,수색,2914,3018,5932,-104,8,19,금
2022-08-19,경의선,화전,1850,1668,3518,182,8,19,금
2022-08-19,경의선,강매,3283,2721,6004,562,8,19,금
2022-08-19,경의선,행신,8511,8520,17031,-9,8,19,금
2022-08-19,경의선,능곡,3860,3507,7367,353,8,19,금
2022-08-19,경의선,곡산,651,630,1281,21,8,19,금
2022-08-19,경의선,백마,7102,6847,13949,255,8,19,금
2022-08-19,경의선,풍산,5707,5294,11001,413,8,19,금
2022-08-19,경의선,일산,9179,9185,18364,-6,8,19,금
2022-08-19,경의선,탄현,8005,7656,15661,349,8,19,금
2022-08-19,경의선,야당,8048,8329,16377,-281,8,19,금
2022-08-19,경의선,운정,7015,6458,13473,557,8,19,금
2022-08-19,경의선,금릉,5057,4773,9830,284,8,19,금
2022-08-19,경의선,금촌,6578,6443,13021,135,8,19,금
2022-08-19,경의선,월롱,3121,2482,5603,639,8,19,금
2022-08-19,경의선,파주,1161,786,1947,375,8,19,금
2022-08-19,경의선,문산,5879,5626,11505,253,8,19,금
2022-08-19,경의선,임진강,17,10,27,7,8,19,금
2022-08-19,경인선,개봉,21379,21235,42614,144,8,19,금
2022-08-19,경인선,오류동,11775,10816,22591,959,8,19,금
2022-08-19,경인선,역곡,26660,26447,53107,213,8,19,금
2022-08-19,경인선,부천,31906,32373,64279,-467,8,19,금
2022-08-19,경인선,송내,27304,27228,54532,76,8,19,금
2022-08-19,경인선,부평,28742,32072,60814,-3330,8,19,금
2022-08-19,경인선,백운,6998,6776,13774,222,8,19,금
2022-08-19,경인선,동암,15788,15903,31691,-115,8,19,금
2022-08-19,경인선,주안,19037,17317,36354,1720,8,19,금
2022-08-19,경인선,제물포,10717,9961,20678,756,8,19,금
2022-08-19,경인선,동인천,13656,13135,26791,521,8,19,금
2022-08-19,경인선,인천,3703,2847,6550,856,8,19,금
2022-08-19,경인선,구일,6344,6097,12441,247,8,19,금
2022-08-19,경인선,소사,8191,8148,16339,43,8,19,금
2022-08-19,경인선,부개,8878,8233,17111,645,8,19,금
2022-08-19,경인선,간석,5966,5506,11472,460,8,19,금
2022-08-19,경인선,도원,2968,3002,5970,-34,8,19,금
2022-08-19,경인선,온수(성공회대입구),6727,6259,12986,468,8,19,금
2022-08-19,경인선,중동,9414,9038,18452,376,8,19,금
2022-08-19,경인선,도화,4245,3907,8152,338,8,19,금
2022-08-19,경춘선,신내,2241,2131,4372,110,8,19,금
2022-08-19,경춘선,갈매,3057,2637,5694,420,8,19,금
2022-08-19,경춘선,별내,3210,3038,6248,172,8,19,금
2022-08-19,경춘선,퇴계원,3512,3309,6821,203,8,19,금
2022-08-19,경춘선,사릉,2335,2263,4598,72,8,19,금
2022-08-19,6호선,불광,4564,4414,8978,150,8,19,금
2022-08-19,경춘선,금곡,1517,1484,3001,33,8,19,금
2022-08-19,경춘선,평내호평,6210,6213,12423,-3,8,19,금
2022-08-19,경춘선,천마산,1678,1509,3187,169,8,19,금
2022-08-19,경춘선,마석,3968,3949,7917,19,8,19,금
2022-08-19,경춘선,대성리,1029,1035,2064,-6,8,19,금
2022-08-19,경춘선,청평,2053,2201,4254,-148,8,19,금
2022-08-19,경춘선,상천,322,282,604,40,8,19,금
2022-08-19,경춘선,가평,2837,2685,5522,152,8,19,금
2022-08-19,경춘선,굴봉산,171,141,312,30,8,19,금
2022-08-19,경춘선,백양리,107,98,205,9,8,19,금
2022-08-19,경춘선,강촌,463,489,952,-26,8,19,금
2022-08-19,경춘선,김유정,293,334,627,-41,8,19,금
2022-08-19,경춘선,남춘천,2622,2749,5371,-127,8,19,금
2022-08-19,경춘선,춘천,1396,1295,2691,101,8,19,금
2022-08-19,공항철도 1호선,서울역,10979,10193,21172,786,8,19,금
2022-08-19,공항철도 1호선,공덕,2571,3415,5986,-844,8,19,금
2022-08-19,공항철도 1호선,홍대입구,11391,12579,23970,-1188,8,19,금
2022-08-19,공항철도 1호선,디지털미디어시티,14502,13296,27798,1206,8,19,금
2022-08-19,공항철도 1호선,마곡나루(서울식물원),9471,8592,18063,879,8,19,금
2022-08-19,공항철도 1호선,김포공항,13128,7273,20401,5855,8,19,금
2022-08-19,공항철도 1호선,계양,11338,10518,21856,820,8,19,금
2022-08-19,공항철도 1호선,검암,6833,6650,13483,183,8,19,금
2022-08-19,공항철도 1호선,청라국제도시,7343,6867,14210,476,8,19,금
2022-08-19,공항철도 1호선,운서,8051,8121,16172,-70,8,19,금
2022-08-19,공항철도 1호선,공항화물청사,2297,2482,4779,-185,8,19,금
2022-08-19,공항철도 1호선,인천공항1터미널,9043,7836,16879,1207,8,19,금
2022-08-19,공항철도 1호선,인천공항2터미널,3799,3222,7021,577,8,19,금
2022-08-19,공항철도 1호선,영종,3515,3740,7255,-225,8,19,금
2022-08-19,과천선,선바위,8354,7303,15657,1051,8,19,금
2022-08-19,과천선,경마공원,8165,8328,16493,-163,8,19,금
2022-08-19,과천선,대공원,2449,2569,5018,-120,8,19,금
2022-08-19,과천선,과천,6470,6313,12783,157,8,19,금
2022-08-19,과천선,정부과천청사,11367,11212,22579,155,8,19,금
2022-08-19,과천선,인덕원,24752,25630,50382,-878,8,19,금
2022-08-19,과천선,평촌,18042,18013,36055,29,8,19,금
2022-08-19,과천선,범계,26185,26917,53102,-732,8,19,금
2022-08-19,분당선,선릉,14681,21458,36139,-6777,8,19,금
2022-08-19,분당선,한티,16051,17052,33103,-1001,8,19,금
2022-08-20,경의선,곡산,454,463,917,-9,8,20,토
2022-08-20,5호선,방화,4792,4613,9405,179,8,20,토
2022-08-20,장항선,온양온천,3732,3887,7619,-155,8,20,토
2022-08-20,장항선,배방,1012,949,1961,63,8,20,토
2022-08-20,장항선,탕정,828,700,1528,128,8,20,토
2022-08-20,장항선,아산,3110,3036,6146,74,8,20,토
2022-08-20,장항선,쌍용(나사렛대),1673,1494,3167,179,8,20,토
2022-08-20,장항선,봉명,833,736,1569,97,8,20,토
2022-08-20,일산선,대화,9939,9020,18959,919,8,20,토
2022-08-20,일산선,주엽,7182,7070,14252,112,8,20,토
2022-08-20,일산선,정발산,6871,7603,14474,-732,8,20,토
2022-08-20,일산선,마두,5369,5240,10609,129,8,20,토
2022-08-20,일산선,백석,7767,7909,15676,-142,8,20,토
2022-08-20,일산선,대곡,1417,1215,2632,202,8,20,토
2022-08-20,일산선,화정,12915,12964,25879,-49,8,20,토
2022-08-20,일산선,원당,8108,7483,15591,625,8,20,토
2022-08-20,일산선,삼송,14660,13947,28607,713,8,20,토
2022-08-20,일산선,원흥,7672,7165,14837,507,8,20,토
2022-08-20,우이신설선,신설동,1451,1429,2880,22,8,20,토
2022-08-20,우이신설선,보문,1134,1113,2247,21,8,20,토
2022-08-20,우이신설선,성신여대입구(돈암),2810,3186,5996,-376,8,20,토
2022-08-20,우이신설선,정릉,3640,2942,6582,698,8,20,토
2022-08-20,우이신설선,북한산보국문,4608,3923,8531,685,8,20,토
2022-08-20,우이신설선,솔샘,3977,3410,7387,567,8,20,토
2022-08-20,우이신설선,삼양사거리,1978,1906,3884,72,8,20,토
2022-08-20,우이신설선,삼양,1612,1595,3207,17,8,20,토
2022-08-20,우이신설선,화계,2533,2294,4827,239,8,20,토
2022-08-20,우이신설선,가오리,3115,2915,6030,200,8,20,토
2022-08-20,우이신설선,4.19민주묘지,2329,2080,4409,249,8,20,토
2022-08-20,우이신설선,솔밭공원,1848,1697,3545,151,8,20,토
2022-08-20,우이신설선,북한산우이,3489,3741,7230,-252,8,20,토
2022-08-20,안산선,수리산,2959,2387,5346,572,8,20,토
2022-08-20,안산선,오이도,7527,7620,15147,-93,8,20,토
2022-08-20,안산선,정왕,6421,6670,13091,-249,8,20,토
2022-08-20,안산선,신길온천,1540,1400,2940,140,8,20,토
2022-08-20,안산선,안산,9518,9852,19370,-334,8,20,토
2022-08-20,안산선,초지,3569,3541,7110,28,8,20,토
2022-08-20,안산선,고잔,6308,6206,12514,102,8,20,토
2022-08-20,안산선,중앙,15964,16830,32794,-866,8,20,토
2022-08-20,안산선,한대앞,7128,6972,14100,156,8,20,토
2022-08-20,안산선,상록수,12355,12056,24411,299,8,20,토
2022-08-20,안산선,반월,3507,3223,6730,284,8,20,토
2022-08-20,안산선,대야미,3863,3448,7311,415,8,20,토
2022-08-20,안산선,산본,12808,13777,26585,-969,8,20,토
2022-08-20,신림선,관악산(서울대),4119,4276,8395,-157,8,20,토
2022-08-20,신림선,서울대벤처타운,5800,5180,10980,620,8,20,토
2022-08-20,신림선,서원,2308,1892,4200,416,8,20,토
2022-08-20,신림선,신림,1366,1801,3167,-435,8,20,토
2022-08-20,신림선,당곡,2978,2718,5696,260,8,20,토
2022-08-20,신림선,보라매병원,2754,2768,5522,-14,8,20,토
2022-08-20,신림선,보라매공원,1239,1320,2559,-81,8,20,토
2022-08-20,신림선,보라매,2200,1890,4090,310,8,20,토
2022-08-20,신림선,서울지방병무청,1950,2033,3983,-83,8,20,토
2022-08-20,신림선,대방,1849,1332,3181,517,8,20,토
2022-08-20,신림선,샛강,906,1290,2196,-384,8,20,토
2022-08-20,수인선,인천,1357,2026,3383,-669,8,20,토
2022-08-20,수인선,신포,1383,1499,2882,-116,8,20,토
2022-08-20,수인선,숭의,2821,2430,5251,391,8,20,토
2022-08-20,수인선,인하대,4469,4014,8483,455,8,20,토
2022-08-20,수인선,송도,1895,1752,3647,143,8,20,토
2022-08-20,수인선,연수,4216,4207,8423,9,8,20,토
2022-08-20,수인선,원인재,3566,3667,7233,-101,8,20,토
2022-08-20,수인선,남동인더스파크,1113,981,2094,132,8,20,토
2022-08-20,수인선,호구포,2755,2590,5345,165,8,20,토
2022-08-20,수인선,인천논현,4410,4607,9017,-197,8,20,토
2022-08-20,수인선,소래포구,5086,5124,10210,-38,8,20,토
2022-08-20,수인선,월곶,2233,2153,4386,80,8,20,토
2022-08-20,수인선,달월,70,75,145,-5,8,20,토
2022-08-20,수인선,야목,296,207,503,89,8,20,토
2022-08-20,수인선,어천,795,662,1457,133,8,20,토
2022-08-20,수인선,오목천,2444,2030,4474,414,8,20,토
2022-08-20,수인선,고색,2622,2568,5190,54,8,20,토
2022-08-20,분당선,매교,2339,2427,4766,-88,8,20,토
2022-08-20,분당선,수원시청,11385,14196,25581,-2811,8,20,토
2022-08-20,분당선,매탄권선,3789,3312,7101,477,8,20,토
2022-08-20,분당선,망포,9653,8723,18376,930,8,20,토
2022-08-20,분당선,영통,6913,6815,13728,98,8,20,토
2022-08-20,분당선,청명,2982,2868,5850,114,8,20,토
2022-08-20,분당선,상갈,4142,4122,8264,20,8,20,토
2022-08-20,분당선,기흥,7003,6558,13561,445,8,20,토
2022-08-20,분당선,신갈,2881,2797,5678,84,8,20,토
2022-08-20,분당선,구성,3399,3501,6900,-102,8,20,토
2022-08-20,분당선,죽전,9731,10799,20530,-1068,8,20,토
2022-08-20,분당선,보정,1694,1532,3226,162,8,20,토
2022-08-20,분당선,이매,4217,4074,8291,143,8,20,토
2022-08-20,분당선,오리,7325,5944,13269,1381,8,20,토
2022-08-20,분당선,미금,10552,11279,21831,-727,8,20,토
2022-08-20,분당선,정자,11261,11453,22714,-192,8,20,토
2022-08-20,분당선,수내,9701,9032,18733,669,8,20,토
2022-08-20,분당선,서현,21062,21332,42394,-270,8,20,토
2022-08-20,분당선,야탑,18023,18846,36869,-823,8,20,토
2022-08-20,분당선,모란,15725,16345,32070,-620,8,20,토
2022-08-20,분당선,태평,10646,9853,20499,793,8,20,토
2022-08-20,분당선,가천대,4914,5339,10253,-425,8,20,토
2022-08-20,분당선,선정릉,3390,3352,6742,38,8,20,토
2022-08-20,분당선,강남구청,5237,6368,11605,-1131,8,20,토
2022-08-20,분당선,압구정로데오,18068,21568,39636,-3500,8,20,토
2022-08-20,분당선,서울숲,9169,9323,18492,-154,8,20,토
2022-08-20,분당선,수원,7806,6421,14227,1385,8,20,토
2022-08-20,분당선,수서,10580,10842,21422,-262,8,20,토
2022-08-20,분당선,대모산입구,3082,2841,5923,241,8,20,토
2022-08-20,분당선,개포동,2734,2680,5414,54,8,20,토
2022-08-20,분당선,구룡,1374,1200,2574,174,8,20,토
2022-08-20,분당선,도곡,4694,4306,9000,388,8,20,토
2022-08-20,분당선,한티,13926,13277,27203,649,8,20,토
2022-08-20,분당선,선릉,5410,8406,13816,-2996,8,20,토
2022-08-20,과천선,범계,20711,20465,41176,246,8,20,토
2022-08-20,과천선,평촌,9697,9355,19052,342,8,20,토
2022-08-20,과천선,인덕원,16347,16082,32429,265,8,20,토
2022-08-20,과천선,정부과천청사,6734,6457,13191,277,8,20,토
2022-08-20,과천선,과천,4997,4477,9474,520,8,20,토
2022-08-20,과천선,대공원,6040,6452,12492,-412,8,20,토
2022-08-20,과천선,경마공원,13148,13414,26562,-266,8,20,토
2022-08-20,과천선,선바위,5196,4692,9888,504,8,20,토
2022-08-20,공항철도 1호선,영종,3434,3451,6885,-17,8,20,토
2022-08-20,공항철도 1호선,인천공항2터미널,3731,3225,6956,506,8,20,토
2022-08-20,공항철도 1호선,인천공항1터미널,8660,8547,17207,113,8,20,토
2022-08-20,공항철도 1호선,공항화물청사,1291,1359,2650,-68,8,20,토
2022-08-20,공항철도 1호선,운서,7146,7397,14543,-251,8,20,토
2022-08-20,공항철도 1호선,청라국제도시,4810,4526,9336,284,8,20,토
2022-08-20,공항철도 1호선,검암,4710,4605,9315,105,8,20,토
2022-08-20,공항철도 1호선,계양,7929,7441,15370,488,8,20,토
2022-08-20,공항철도 1호선,김포공항,11037,5559,16596,5478,8,20,토
2022-08-20,공항철도 1호선,마곡나루(서울식물원),3118,3381,6499,-263,8,20,토
2022-08-20,공항철도 1호선,디지털미디어시티,6105,5484,11589,621,8,20,토
2022-08-20,공항철도 1호선,홍대입구,14584,14768,29352,-184,8,20,토
2022-08-20,공항철도 1호선,공덕,1831,2814,4645,-983,8,20,토
2022-08-20,공항철도 1호선,서울역,9312,9309,18621,3,8,20,토
2022-08-20,경춘선,춘천,1798,1757,3555,41,8,20,토
2022-08-20,경춘선,남춘천,2787,2921,5708,-134,8,20,토
2022-08-20,경춘선,김유정,460,516,976,-56,8,20,토
2022-08-20,경춘선,강촌,683,846,1529,-163,8,20,토
2022-08-20,경춘선,백양리,140,176,316,-36,8,20,토
2022-08-20,경춘선,굴봉산,222,216,438,6,8,20,토
2022-08-20,경춘선,가평,2824,4379,7203,-1555,8,20,토
2022-08-20,경춘선,상천,437,435,872,2,8,20,토
2022-08-20,경춘선,청평,2195,2586,4781,-391,8,20,토
2022-08-20,경춘선,대성리,1121,1304,2425,-183,8,20,토
2022-08-20,경춘선,마석,3198,3108,6306,90,8,20,토
2022-08-20,경춘선,천마산,1310,1242,2552,68,8,20,토
2022-08-20,경춘선,평내호평,4609,4484,9093,125,8,20,토
2022-08-20,경춘선,금곡,1192,1055,2247,137,8,20,토
2022-08-20,경춘선,사릉,1715,1590,3305,125,8,20,토
2022-08-20,경춘선,퇴계원,2582,2291,4873,291,8,20,토
2022-08-20,경춘선,별내,2200,2100,4300,100,8,20,토
2022-08-20,경춘선,갈매,2036,1705,3741,331,8,20,토
2022-08-20,경춘선,신내,1320,1301,2621,19,8,20,토
2022-08-20,경인선,도화,3349,3028,6377,321,8,20,토
2022-08-20,경인선,중동,6657,6219,12876,438,8,20,토
2022-08-20,경인선,온수(성공회대입구),5340,4624,9964,716,8,20,토
2022-08-20,경인선,도원,2097,2134,4231,-37,8,20,토
2022-08-20,경인선,간석,4461,4232,8693,229,8,20,토
2022-08-20,경인선,부개,6731,6128,12859,603,8,20,토
2022-08-20,경인선,소사,7204,7253,14457,-49,8,20,토
2022-08-20,경인선,구일,8299,8279,16578,20,8,20,토
2022-08-20,경인선,인천,4875,4288,9163,587,8,20,토
2022-08-20,경인선,동인천,12040,11630,23670,410,8,20,토
2022-08-20,경인선,제물포,7581,7120,14701,461,8,20,토
2022-08-20,경인선,주안,16140,14128,30268,2012,8,20,토
2022-08-20,경인선,동암,13377,13323,26700,54,8,20,토
2022-08-20,경인선,백운,5579,5345,10924,234,8,20,토
2022-08-20,경인선,부평,28051,31244,59295,-3193,8,20,토
2022-08-20,경인선,송내,18670,18030,36700,640,8,20,토
2022-08-20,경인선,부천,28763,29511,58274,-748,8,20,토
2022-08-20,경인선,역곡,19964,19347,39311,617,8,20,토
2022-08-20,경인선,오류동,9060,8152,17212,908,8,20,토
2022-08-20,경인선,개봉,16097,15336,31433,761,8,20,토
2022-08-20,경의선,임진강,95,75,170,20,8,20,토
2022-08-20,경의선,문산,5228,4904,10132,324,8,20,토
2022-08-20,경의선,파주,860,617,1477,243,8,20,토
2022-08-20,경의선,월롱,1997,1647,3644,350,8,20,토
2022-08-20,경의선,금촌,5732,5483,11215,249,8,20,토
2022-08-20,경의선,금릉,4033,3773,7806,260,8,20,토
2022-08-20,경의선,운정,5054,4402,9456,652,8,20,토
2022-08-20,경의선,야당,6655,6729,13384,-74,8,20,토
2022-08-20,경의선,탄현,5676,5182,10858,494,8,20,토
2022-08-20,경의선,일산,6419,6012,12431,407,8,20,토
2022-08-20,경의선,풍산,4462,4259,8721,203,8,20,토
2022-08-20,경의선,백마,4602,4263,8865,339,8,20,토
2022-08-20,경의선,능곡,2876,2840,5716,36,8,20,토
2022-08-20,경의선,행신,5505,5507,11012,-2,8,20,토
2022-08-20,경의선,강매,1997,1851,3848,146,8,20,토
2022-08-20,경의선,화전,1082,961,2043,121,8,20,토
2022-08-20,경의선,수색,1785,1561,3346,224,8,20,토
2022-08-20,경의선,디지털미디어시티,2062,1830,3892,232,8,20,토
2022-08-20,경의선,가좌,4308,4047,8355,261,8,20,토
2022-08-20,경의선,홍대입구,2236,2806,5042,-570,8,20,토
2022-08-20,경의선,서강대,1817,1736,3553,81,8,20,토
2022-08-20,경의선,공덕,3019,2252,5271,767,8,20,토
2022-08-20,경의선,효창공원앞,1769,1939,3708,-170,8,20,토
2022-08-20,경의선,신촌,377,404,781,-27,8,20,토
2022-08-20,경의선,서울역,1450,1543,2993,-93,8,20,토
2022-08-20,경원선,소요산,4628,4132,8760,496,8,20,토
2022-08-20,경원선,동두천,1703,2038,3741,-335,8,20,토
2022-08-20,경원선,보산,1775,1628,3403,147,8,20,토
2022-08-20,경원선,동두천중앙,2853,2894,5747,-41,8,20,토
2022-08-20,경원선,지행,6014,5763,11777,251,8,20,토
2022-08-20,경원선,덕정,4643,4148,8791,495,8,20,토
2022-08-20,경원선,덕계,2657,2359,5016,298,8,20,토
2022-08-20,경원선,양주,6528,6050,12578,478,8,20,토
2022-08-20,경원선,녹양,3464,3272,6736,192,8,20,토
2022-08-20,경원선,가능,5296,4978,10274,318,8,20,토
2022-08-20,경원선,의정부,17545,18819,36364,-1274,8,20,토
2022-08-20,경원선,회룡,9811,9573,19384,238,8,20,토
2022-08-20,경원선,망월사,5742,5763,11505,-21,8,20,토
2022-08-20,경원선,도봉산,8239,5553,13792,2686,8,20,토
2022-08-20,경원선,도봉,4487,4251,8738,236,8,20,토
2022-08-20,경원선,방학,7489,7097,14586,392,8,20,토
2022-08-20,경원선,녹천,3329,2712,6041,617,8,20,토
2022-08-20,경원선,월계,4607,4141,8748,466,8,20,토
2022-08-20,경원선,광운대,5609,5656,11265,-47,8,20,토
2022-08-20,경원선,석계,6473,6843,13316,-370,8,20,토
2022-08-20,경원선,신이문,6130,5487,11617,643,8,20,토
2022-08-20,경원선,외대앞,6393,6147,12540,246,8,20,토
2022-08-20,경원선,청량리(서울시립대입구),17181,18194,35375,-1013,8,20,토
2022-08-20,경원선,왕십리(성동구청),12891,14854,27745,-1963,8,20,토
2022-08-20,경원선,응봉,1434,1253,2687,181,8,20,토
2022-08-20,경원선,옥수,29,26,55,3,8,20,토
2022-08-20,경원선,한남,2704,2681,5385,23,8,20,토
2022-08-20,경원선,서빙고,1520,1479,2999,41,8,20,토
2022-08-20,경원선,이촌(국립중앙박물관),3159,2336,5495,823,8,20,토
2022-08-20,경부선,광명,3100,2646,5746,454,8,20,토
2022-08-20,경부선,서동탄,1030,1000,2030,30,8,20,토
2022-08-20,경부선,당정,4140,3884,8024,256,8,20,토
2022-08-20,경부선,천안,6445,6758,13203,-313,8,20,토
2022-08-20,경부선,두정,5563,5618,11181,-55,8,20,토
2022-08-20,경부선,직산,770,684,1454,86,8,20,토
2022-08-20,경부선,성환,3003,2740,5743,263,8,20,토
2022-08-20,경부선,평택,13524,12843,26367,681,8,20,토
2022-08-20,경부선,평택지제,3676,3258,6934,418,8,20,토
2022-08-20,경부선,서정리,7590,5851,13441,1739,8,20,토
2022-08-20,경부선,송탄,5000,4364,9364,636,8,20,토
2022-08-20,경부선,진위,1154,988,2142,166,8,20,토
2022-08-20,경부선,오산,9633,8805,18438,828,8,20,토
2022-08-20,경부선,오산대,2817,2524,5341,293,8,20,토
2022-08-20,경부선,세마,2340,2068,4408,272,8,20,토
2022-08-20,경부선,병점,12481,12160,24641,321,8,20,토
2022-08-20,경부선,세류,2531,2597,5128,-66,8,20,토
2022-08-20,경부선,독산,9064,8676,17740,388,8,20,토
2022-08-20,경부선,수원,37891,43321,81212,-5430,8,20,토
2022-08-20,경부선,화서,5634,5597,11231,37,8,20,토
2022-08-20,경부선,성균관대,10375,10310,20685,65,8,20,토
2022-08-20,경부선,의왕,5810,5564,11374,246,8,20,토
2022-08-20,경부선,군포,4272,3893,8165,379,8,20,토
2022-08-20,경부선,금정,19557,19505,39062,52,8,20,토
2022-08-20,경부선,명학,4645,4405,9050,240,8,20,토
2022-08-20,경부선,안양,18020,17778,35798,242,8,20,토
2022-08-20,경부선,관악,5987,5686,11673,301,8,20,토
2022-08-20,경부선,석수,6679,6196,12875,483,8,20,토
2022-08-20,경부선,금천구청,8065,7838,15903,227,8,20,토
2022-08-20,경부선,가산디지털단지,6206,8058,14264,-1852,8,20,토
2022-08-20,경부선,구로,12619,13058,25677,-439,8,20,토
2022-08-20,경부선,신길,5796,4798,10594,998,8,20,토
2022-08-20,경부선,신도림,2938,3077,6015,-139,8,20,토
2022-08-20,경부선,영등포,41460,43832,85292,-2372,8,20,토
2022-08-20,경부선,대방,6792,7210,14002,-418,8,20,토
2022-08-20,경부선,노량진,8027,7208,15235,819,8,20,토
2022-08-20,경부선,용산,38651,41548,80199,-2897,8,20,토
2022-08-20,경부선,남영,6084,6206,12290,-122,8,20,토
2022-08-20,경부선,서울역,8834,2236,11070,6598,8,20,토
2022-08-20,경강선,여주,2541,2705,5246,-164,8,20,토
2022-08-20,경강선,세종대왕릉,342,379,721,-37,8,20,토
2022-08-20,경강선,부발,2200,1786,3986,414,8,20,토
2022-08-20,경강선,이천,2877,2764,5641,113,8,20,토
2022-08-20,경강선,신둔도예촌,1204,1144,2348,60,8,20,토
2022-08-20,경강선,곤지암,1929,2017,3946,-88,8,20,토
2022-08-20,경강선,초월,2231,1977,4208,254,8,20,토
2022-08-20,경강선,경기광주,5721,5179,10900,542,8,20,토
2022-08-20,경강선,삼동,1575,1431,3006,144,8,20,토
2022-08-20,경강선,이매,867,654,1521,213,8,20,토
2022-08-20,경강선,판교,3189,3144,6333,45,8,20,토
2022-08-20,9호선2~3단계,중앙보훈병원,5024,4703,9727,321,8,20,토
2022-08-20,9호선2~3단계,둔촌오륜,602,632,1234,-30,8,20,토
2022-08-20,9호선2~3단계,올림픽공원(한국체대),9331,9164,18495,167,8,20,토
2022-08-20,9호선2~3단계,한성백제,1955,1751,3706,204,8,20,토
2022-08-20,9호선2~3단계,송파나루,4068,4647,8715,-579,8,20,토
2022-08-20,9호선2~3단계,석촌,7080,5650,12730,1430,8,20,토
2022-08-20,9호선2~3단계,석촌고분,4545,4225,8770,320,8,20,토
2022-08-20,9호선2~3단계,삼전,5085,4669,9754,416,8,20,토
2022-08-20,9호선2~3단계,종합운동장,3319,3060,6379,259,8,20,토
2022-08-20,9호선2~3단계,봉은사,13235,13499,26734,-264,8,20,토
2022-08-20,9호선2~3단계,삼성중앙,3417,3443,6860,-26,8,20,토
2022-08-20,9호선2~3단계,선정릉,4757,5278,10035,-521,8,20,토
2022-08-20,9호선2~3단계,언주,6422,6509,12931,-87,8,20,토
2022-08-20,9호선,신논현,24575,25341,49916,-766,8,20,토
2022-08-20,9호선,사평,2499,2305,4804,194,8,20,토
2022-08-20,9호선,고속터미널,13277,18716,31993,-5439,8,20,토
2022-08-20,9호선,신반포,3006,2963,5969,43,8,20,토
2022-08-20,9호선,구반포,1019,1008,2027,11,8,20,토
2022-08-20,9호선,동작(현충원),1393,1140,2533,253,8,20,토
2022-08-20,9호선,흑석(중앙대입구),5731,5587,11318,144,8,20,토
2022-08-20,9호선,노들,3511,2990,6501,521,8,20,토
2022-08-20,9호선,노량진,21194,20731,41925,463,8,20,토
2022-08-20,9호선,샛강,2924,2803,5727,121,8,20,토
2022-08-20,9호선,여의도,13656,13030,26686,626,8,20,토
2022-08-20,9호선,국회의사당,4492,4734,9226,-242,8,20,토
2022-08-20,9호선,당산,13441,12729,26170,712,8,20,토
2022-08-20,9호선,선유도,3943,3638,7581,305,8,20,토
2022-08-20,9호선,신목동,2488,2037,4525,451,8,20,토
2022-08-20,9호선,염창,11911,10935,22846,976,8,20,토
2022-08-20,9호선,등촌,7473,6855,14328,618,8,20,토
2022-08-20,9호선,증미,4312,4037,8349,275,8,20,토
2022-08-20,9호선,가양,14554,13675,28229,879,8,20,토
2022-08-20,9호선,양천향교,5783,5527,11310,256,8,20,토
2022-08-20,9호선,마곡나루(서울식물원),8305,8201,16506,104,8,20,토
2022-08-20,9호선,신방화,4753,4540,9293,213,8,20,토
2022-08-20,9호선,공항시장,2348,2305,4653,43,8,20,토
2022-08-20,9호선,김포공항,7760,11692,19452,-3932,8,20,토
2022-08-20,9호선,개화,1362,1175,2537,187,8,20,토
2022-08-20,8호선,남위례,3719,3641,7360,78,8,20,토
2022-08-20,8호선,모란,3758,3179,6937,579,8,20,토
2022-08-20,8호선,수진,4262,3823,8085,439,8,20,토
2022-08-20,8호선,신흥,3614,3824,7438,-210,8,20,토
2022-08-20,8호선,단대오거리,7589,7032,14621,557,8,20,토
2022-08-20,8호선,남한산성입구(성남법원.검찰청),9032,7889,16921,1143,8,20,토
2022-08-20,8호선,산성,4080,3973,8053,107,8,20,토
2022-08-20,8호선,복정,5853,4985,10838,868,8,20,토
2022-08-20,8호선,장지,12270,10794,23064,1476,8,20,토
2022-08-20,8호선,문정,8489,8401,16890,88,8,20,토
2022-08-20,8호선,가락시장,5303,5449,10752,-146,8,20,토
2022-08-20,8호선,송파,6526,6122,12648,404,8,20,토
2022-08-20,8호선,석촌,5710,7100,12810,-1390,8,20,토
2022-08-20,8호선,잠실(송파구청),13588,15898,29486,-2310,8,20,토
2022-08-20,8호선,몽촌토성(평화의문),4381,4220,8601,161,8,20,토
2022-08-20,8호선,강동구청,5962,5922,11884,40,8,20,토
2022-08-20,8호선,천호(풍납토성),11908,14010,25918,-2102,8,20,토
2022-08-20,8호선,암사,12423,11207,23630,1216,8,20,토
2022-08-20,7호선,온수(성공회대입구),5637,5452,11089,185,8,20,토
2022-08-20,7호선,천왕,6976,6566,13542,410,8,20,토
2022-08-20,7호선,광명사거리,16899,16852,33751,47,8,20,토
2022-08-20,7호선,철산,15220,15453,30673,-233,8,20,토
2022-08-20,7호선,가산디지털단지,14001,12639,26640,1362,8,20,토
2022-08-20,7호선,남구로,8491,8743,17234,-252,8,20,토
2022-08-20,7호선,대림(구로구청),7358,7945,15303,-587,8,20,토
2022-08-20,7호선,신풍,8073,7601,15674,472,8,20,토
2022-08-20,7호선,보라매,5415,5120,10535,295,8,20,토
2022-08-20,7호선,신대방삼거리,10773,9832,20605,941,8,20,토
2022-08-20,7호선,장승배기,6626,6266,12892,360,8,20,토
2022-08-20,7호선,상도,7749,7024,14773,725,8,20,토
2022-08-20,7호선,숭실대입구(살피재),8197,7824,16021,373,8,20,토
2022-08-20,7호선,남성,7866,7080,14946,786,8,20,토
2022-08-20,7호선,이수,12402,11721,24123,681,8,20,토
2022-08-20,7호선,내방,7920,7769,15689,151,8,20,토
2022-08-20,7호선,고속터미널,15046,11539,26585,3507,8,20,토
2022-08-20,7호선,반포,4537,4289,8826,248,8,20,토
2022-08-20,7호선,논현,9964,10916,20880,-952,8,20,토
2022-08-20,7호선,학동,10580,11036,21616,-456,8,20,토
2022-08-20,7호선,강남구청,10351,11515,21866,-1164,8,20,토
2022-08-20,7호선,청담,11340,12280,23620,-940,8,20,토
2022-08-20,7호선,뚝섬유원지,9874,9018,18892,856,8,20,토
2022-08-20,7호선,건대입구,10935,11665,22600,-730,8,20,토
2022-08-20,7호선,어린이대공원(세종대),10670,10434,21104,236,8,20,토
2022-08-20,7호선,군자(능동),10840,8094,18934,2746,8,20,토
2022-08-20,7호선,중곡,6907,6306,13213,601,8,20,토
2022-08-20,7호선,용마산(용마폭포공원),4186,4117,8303,69,8,20,토
2022-08-20,7호선,사가정,11975,11611,23586,364,8,20,토
2022-08-20,7호선,면목,11032,10164,21196,868,8,20,토
2022-08-20,7호선,상봉(시외버스터미널),13471,12739,26210,732,8,20,토
2022-08-20,7호선,중화,7552,6977,14529,575,8,20,토
2022-08-20,7호선,먹골,7781,7459,15240,322,8,20,토
2022-08-20,7호선,태릉입구,6639,6213,12852,426,8,20,토
2022-08-20,7호선,공릉(서울과학기술대),8745,8413,17158,332,8,20,토
2022-08-20,7호선,하계,12515,11264,23779,1251,8,20,토
2022-08-20,7호선,중계,9416,8056,17472,1360,8,20,토
2022-08-20,7호선,노원,16019,16766,32785,-747,8,20,토
2022-08-20,7호선,마들,9988,9087,19075,901,8,20,토
2022-08-20,7호선,수락산,10637,10320,20957,317,8,20,토
2022-08-20,7호선,도봉산,6389,8522,14911,-2133,8,20,토
2022-08-20,7호선,장암,1791,1305,3096,486,8,20,토
2022-08-20,6호선,봉화산(서울의료원),5435,5151,10586,284,8,20,토
2022-08-20,6호선,화랑대(서울여대입구),6805,5395,12200,1410,8,20,토
2022-08-20,6호선,태릉입구,4394,4406,8800,-12,8,20,토
2022-08-20,6호선,석계,8682,8703,17385,-21,8,20,토
2022-08-20,6호선,돌곶이,6473,5776,12249,697,8,20,토
2022-08-20,6호선,상월곡(한국과학기술연구원),4160,3504,7664,656,8,20,토
2022-08-20,6호선,월곡(동덕여대),7563,7179,14742,384,8,20,토
2022-08-20,6호선,고려대(종암),5478,4989,10467,489,8,20,토
2022-08-20,6호선,안암(고대병원앞),6577,6376,12953,201,8,20,토
2022-08-20,6호선,보문,5161,4484,9645,677,8,20,토
2022-08-20,6호선,창신,2062,1749,3811,313,8,20,토
2022-08-20,6호선,동묘앞,7339,7106,14445,233,8,20,토
2022-08-20,6호선,신당,6235,5749,11984,486,8,20,토
2022-08-20,6호선,청구,2536,2350,4886,186,8,20,토
2022-08-20,6호선,약수,2532,2567,5099,-35,8,20,토
2022-08-20,6호선,버티고개,1485,1572,3057,-87,8,20,토
2022-08-20,6호선,한강진,8565,11167,19732,-2602,8,20,토
2022-08-20,6호선,이태원,14255,19700,33955,-5445,8,20,토
2022-08-20,6호선,녹사평(용산구청),5197,6074,11271,-877,8,20,토
2022-08-20,6호선,삼각지,6161,4283,10444,1878,8,20,토
2022-08-20,6호선,효창공원앞,4662,3903,8565,759,8,20,토
2022-08-20,6호선,공덕,10549,9882,20431,667,8,20,토
2022-08-20,6호선,대흥(서강대앞),5680,5652,11332,28,8,20,토
2022-08-20,6호선,광흥창(서강),5615,5160,10775,455,8,20,토
2022-08-20,6호선,상수,8851,11292,20143,-2441,8,20,토
2022-08-20,6호선,합정,12729,12445,25174,284,8,20,토
2022-08-20,6호선,망원,12838,14186,27024,-1348,8,20,토
2022-08-20,6호선,마포구청,9891,8523,18414,1368,8,20,토
2022-08-20,6호선,월드컵경기장(성산),4820,4993,9813,-173,8,20,토
2022-08-20,6호선,디지털미디어시티,7604,7769,15373,-165,8,20,토
2022-08-20,6호선,증산(명지대앞),7280,7044,14324,236,8,20,토
2022-08-20,6호선,새절(신사),8867,7952,16819,915,8,20,토
2022-08-20,6호선,구산,5699,4286,9985,1413,8,20,토
2022-08-20,6호선,연신내,1,0,1,1,8,20,토
2022-08-20,6호선,독바위,1997,2225,4222,-228,8,20,토
2022-08-20,6호선,불광,3868,3528,7396,340,8,20,토
2022-08-20,6호선,역촌,2827,3041,5868,-214,8,20,토
2022-08-20,6호선,응암,12577,12187,24764,390,8,20,토
2022-08-20,5호선,하남검단산,5438,5220,10658,218,8,20,토
2022-08-20,5호선,하남시청(덕풍·신장),5698,5341,11039,357,8,20,토
2022-08-20,5호선,하남풍산,2887,2821,5708,66,8,20,토
2022-08-20,5호선,미사,12259,12380,24639,-121,8,20,토
2022-08-20,5호선,강일,3200,2966,6166,234,8,20,토
2022-08-20,5호선,마천,4877,4740,9617,137,8,20,토
2022-08-20,5호선,거여,6557,6121,12678,436,8,20,토
2022-08-20,5호선,개롱,4279,4421,8700,-142,8,20,토
2022-08-20,5호선,오금,2100,1972,4072,128,8,20,토
2022-08-20,5호선,방이,5256,5159,10415,97,8,20,토
2022-08-20,5호선,올림픽공원(한국체대),5392,4851,10243,541,8,20,토
2022-08-20,5호선,둔촌동,5862,5840,11702,22,8,20,토
2022-08-20,5호선,상일동,9579,8616,18195,963,8,20,토
2022-08-20,5호선,고덕,6448,6290,12738,158,8,20,토
2022-08-20,5호선,명일,6145,6043,12188,102,8,20,토
2022-08-20,5호선,굽은다리(강동구민회관앞),7570,7170,14740,400,8,20,토
2022-08-20,5호선,길동,6007,5960,11967,47,8,20,토
2022-08-20,5호선,강동,13155,12589,25744,566,8,20,토
2022-08-20,5호선,천호(풍납토성),17194,16672,33866,522,8,20,토
2022-08-20,5호선,광나루(장신대),10755,10690,21445,65,8,20,토
2022-08-20,5호선,아차산(어린이대공원후문),11699,11117,22816,582,8,20,토
2022-08-20,5호선,군자(능동),8503,9396,17899,-893,8,20,토
2022-08-20,5호선,장한평,11528,11206,22734,322,8,20,토
2022-08-20,5호선,답십리,10626,9450,20076,1176,8,20,토
2022-08-20,5호선,마장,3980,3637,7617,343,8,20,토
2022-08-20,5호선,왕십리(성동구청),3427,4324,7751,-897,8,20,토
2022-08-20,5호선,행당,5543,4744,10287,799,8,20,토
2022-08-20,5호선,신금호,4040,4129,8169,-89,8,20,토
2022-08-20,5호선,청구,2453,2337,4790,116,8,20,토
2022-08-20,5호선,동대문역사문화공원(DDP),1212,1554,2766,-342,8,20,토
2022-08-20,5호선,을지로4가,3413,3960,7373,-547,8,20,토
2022-08-20,5호선,종로3가,12798,13280,26078,-482,8,20,토
2022-08-20,5호선,광화문(세종문화회관),19900,20962,40862,-1062,8,20,토
2022-08-20,5호선,서대문,7747,7515,15262,232,8,20,토
2022-08-20,5호선,충정로(경기대입구),1911,1751,3662,160,8,20,토
2022-08-20,5호선,애오개,3664,3517,7181,147,8,20,토
2022-08-20,5호선,공덕,7243,7586,14829,-343,8,20,토
2022-08-20,5호선,마포,7515,7574,15089,-59,8,20,토
2022-08-20,5호선,여의나루,12555,14062,26617,-1507,8,20,토
2022-08-20,5호선,여의도,12816,13671,26487,-855,8,20,토
2022-08-20,5호선,신길,2755,2732,5487,23,8,20,토
2022-08-20,5호선,영등포시장,8237,8545,16782,-308,8,20,토
2022-08-20,5호선,영등포구청,2132,2029,4161,103,8,20,토
2022-08-20,5호선,양평,3898,3666,7564,232,8,20,토
2022-08-20,5호선,오목교(목동운동장앞),17609,17949,35558,-340,8,20,토
2022-08-20,5호선,목동,11347,11317,22664,30,8,20,토
2022-08-20,5호선,신정(은행정),9189,7596,16785,1593,8,20,토
2022-08-20,5호선,까치산,21138,19408,40546,1730,8,20,토
2022-08-20,5호선,화곡,20554,18352,38906,2202,8,20,토
2022-08-20,5호선,우장산,9955,9665,19620,290,8,20,토
2022-08-20,5호선,발산,12764,14040,26804,-1276,8,20,토
2022-08-20,5호선,마곡,5700,5804,11504,-104,8,20,토
2022-08-20,5호선,송정,5033,4627,9660,406,8,20,토
2022-08-20,5호선,김포공항,7443,7676,15119,-233,8,20,토
2022-08-20,5호선,개화산,3801,3630,7431,171,8,20,토
2022-08-20,4호선,남태령,1162,782,1944,380,8,20,토
2022-08-20,4호선,사당,22036,20241,42277,1795,8,20,토
2022-08-20,4호선,총신대입구(이수),14244,15231,29475,-987,8,20,토
2022-08-20,4호선,동작(현충원),1338,1341,2679,-3,8,20,토
2022-08-20,4호선,이촌(국립중앙박물관),9780,10454,20234,-674,8,20,토
2022-08-20,4호선,신용산,11731,12981,24712,-1250,8,20,토
2022-08-20,4호선,삼각지,4062,5571,9633,-1509,8,20,토
2022-08-20,4호선,숙대입구(갈월),9654,9451,19105,203,8,20,토
2022-08-20,4호선,서울역,6243,15529,21772,-9286,8,20,토
2022-08-20,4호선,회현(남대문시장),17970,19053,37023,-1083,8,20,토
2022-08-20,4호선,명동,16145,18060,34205,-1915,8,20,토
2022-08-20,4호선,충무로,12623,14127,26750,-1504,8,20,토
2022-08-20,4호선,동대문역사문화공원(DDP),12458,10386,22844,2072,8,20,토
2022-08-20,4호선,동대문,13187,10832,24019,2355,8,20,토
2022-08-20,4호선,혜화,30924,33013,63937,-2089,8,20,토
2022-08-20,4호선,한성대입구(삼선교),10238,9632,19870,606,8,20,토
2022-08-20,4호선,성신여대입구(돈암),16530,15725,32255,805,8,20,토
2022-08-20,4호선,길음,14791,13601,28392,1190,8,20,토
2022-08-20,4호선,미아사거리,21593,20338,41931,1255,8,20,토
2022-08-20,4호선,미아(서울사이버대학),11546,10590,22136,956,8,20,토
2022-08-20,4호선,수유(강북구청),26750,25958,52708,792,8,20,토
2022-08-20,4호선,쌍문,21585,18952,40537,2633,8,20,토
2022-08-20,4호선,창동,19767,20744,40511,-977,8,20,토
2022-08-20,4호선,노원,15498,17499,32997,-2001,8,20,토
2022-08-20,4호선,상계,14025,12702,26727,1323,8,20,토
2022-08-20,4호선,당고개,7310,6574,13884,736,8,20,토
2022-08-20,3호선,오금,3639,3363,7002,276,8,20,토
2022-08-20,3호선,경찰병원,4115,3937,8052,178,8,20,토
2022-08-20,3호선,가락시장,6254,5884,12138,370,8,20,토
2022-08-20,3호선,수서,13499,13205,26704,294,8,20,토
2022-08-20,3호선,일원,5097,4828,9925,269,8,20,토
2022-08-20,3호선,대청,5927,5573,11500,354,8,20,토
2022-08-20,3호선,학여울,4506,4864,9370,-358,8,20,토
2022-08-20,3호선,대치,11220,9738,20958,1482,8,20,토
2022-08-20,3호선,도곡,3026,3090,6116,-64,8,20,토
2022-08-20,3호선,매봉,6029,5833,11862,196,8,20,토
2022-08-20,3호선,양재(서초구청),19701,21715,41416,-2014,8,20,토
2022-08-20,3호선,남부터미널(예술의전당),21417,20569,41986,848,8,20,토
2022-08-20,3호선,교대(법원.검찰청),7318,4465,11783,2853,8,20,토
2022-08-20,3호선,고속터미널,50219,50578,100797,-359,8,20,토
2022-08-20,3호선,잠원,3374,3255,6629,119,8,20,토
2022-08-20,3호선,신사,23538,25538,49076,-2000,8,20,토
2022-08-20,3호선,압구정,25014,26762,51776,-1748,8,20,토
2022-08-20,3호선,옥수,6651,6731,13382,-80,8,20,토
2022-08-20,3호선,금호,5889,5075,10964,814,8,20,토
2022-08-20,3호선,약수,9136,8559,17695,577,8,20,토
2022-08-20,3호선,동대입구,7682,8595,16277,-913,8,20,토
2022-08-20,3호선,충무로,1,0,1,1,8,20,토
2022-08-20,3호선,을지로3가,5212,5633,10845,-421,8,20,토
2022-08-20,3호선,종로3가,6288,8981,15269,-2693,8,20,토
2022-08-20,3호선,안국,16641,18566,35207,-1925,8,20,토
2022-08-20,3호선,경복궁(정부서울청사),16792,18595,35387,-1803,8,20,토
2022-08-20,3호선,독립문,5865,6043,11908,-178,8,20,토
2022-08-20,3호선,무악재,2838,2725,5563,113,8,20,토
2022-08-20,3호선,홍제,12923,12204,25127,719,8,20,토
2022-08-20,3호선,녹번,10465,8703,19168,1762,8,20,토
2022-08-20,3호선,불광,12447,13799,26246,-1352,8,20,토
2022-08-20,3호선,연신내,29669,26957,56626,2712,8,20,토
2022-08-20,3호선,구파발,16248,16528,32776,-280,8,20,토
2022-08-20,3호선,지축,3712,3466,7178,246,8,20,토
2022-08-20,2호선,용두(동대문구청),1805,1678,3483,127,8,20,토
2022-08-20,2호선,신정네거리,7750,7562,15312,188,8,20,토
2022-08-20,2호선,양천구청,4754,4593,9347,161,8,20,토
2022-08-20,2호선,도림천,772,753,1525,19,8,20,토
2022-08-20,2호선,신설동,3391,1657,5048,1734,8,20,토
2022-08-20,2호선,신답,1033,1057,2090,-24,8,20,토
2022-08-20,2호선,용답,2163,1968,4131,195,8,20,토
2022-08-20,2호선,충정로(경기대입구),5742,5971,11713,-229,8,20,토
2022-08-20,2호선,아현,7682,7253,14935,429,8,20,토
2022-08-20,2호선,이대,10322,10464,20786,-142,8,20,토
2022-08-20,2호선,신촌,31814,31827,63641,-13,8,20,토
2022-08-20,2호선,홍대입구,68915,78198,147113,-9283,8,20,토
2022-08-20,2호선,합정,28933,33381,62314,-4448,8,20,토
2022-08-20,2호선,당산,12311,13199,25510,-888,8,20,토
2022-08-20,2호선,영등포구청,12638,13123,25761,-485,8,20,토
2022-08-20,2호선,문래,13143,14178,27321,-1035,8,20,토
2022-08-20,2호선,신도림,38556,38819,77375,-263,8,20,토
2022-08-20,2호선,대림(구로구청),17913,18891,36804,-978,8,20,토
2022-08-20,2호선,구로디지털단지,34646,33667,68313,979,8,20,토
2022-08-20,2호선,신대방,19605,18229,37834,1376,8,20,토
2022-08-20,2호선,신림,47363,44712,92075,2651,8,20,토
2022-08-20,2호선,봉천,17846,15789,33635,2057,8,20,토
2022-08-20,2호선,서울대입구(관악구청),36538,34689,71227,1849,8,20,토
2022-08-20,2호선,낙성대(강감찬),21284,19098,40382,2186,8,20,토
2022-08-20,2호선,사당,32522,36783,69305,-4261,8,20,토
2022-08-20,2호선,방배,9876,10150,20026,-274,8,20,토
2022-08-20,2호선,서초,10967,9356,20323,1611,8,20,토
2022-08-20,2호선,교대(법원.검찰청),17318,19393,36711,-2075,8,20,토
2022-08-20,2호선,강남,57869,58111,115980,-242,8,20,토
2022-08-20,2호선,역삼,18075,19840,37915,-1765,8,20,토
2022-08-20,2호선,선릉,25252,22277,47529,2975,8,20,토
2022-08-20,2호선,삼성(무역센터),31771,31713,63484,58,8,20,토
2022-08-20,2호선,종합운동장,13074,14732,27806,-1658,8,20,토
2022-08-20,2호선,잠실새내,17638,18622,36260,-984,8,20,토
2022-08-20,2호선,잠실(송파구청),66440,63931,130371,2509,8,20,토
2022-08-20,2호선,잠실나루,7526,7438,14964,88,8,20,토
2022-08-20,2호선,강변(동서울터미널),28254,28703,56957,-449,8,20,토
2022-08-20,2호선,구의(광진구청),16385,15603,31988,782,8,20,토
2022-08-20,2호선,건대입구,33352,37031,70383,-3679,8,20,토
2022-08-20,2호선,성수,22829,26356,49185,-3527,8,20,토
2022-08-20,2호선,뚝섬,14983,15480,30463,-497,8,20,토
2022-08-20,2호선,한양대,4104,4337,8441,-233,8,20,토
2022-08-20,2호선,왕십리(성동구청),13087,11260,24347,1827,8,20,토
2022-08-20,2호선,상왕십리,9945,9131,19076,814,8,20,토
2022-08-20,2호선,신당,11118,11469,22587,-351,8,20,토
2022-08-20,2호선,동대문역사문화공원(DDP),10753,12554,23307,-1801,8,20,토
2022-08-20,2호선,을지로4가,7937,7938,15875,-1,8,20,토
2022-08-20,2호선,을지로3가,11432,11689,23121,-257,8,20,토
2022-08-20,2호선,을지로입구,22928,23300,46228,-372,8,20,토
2022-08-20,2호선,시청,10088,8710,18798,1378,8,20,토
2022-08-20,1호선,동묘앞,10873,11206,22079,-333,8,20,토
2022-08-20,1호선,청량리(서울시립대입구),17841,18258,36099,-417,8,20,토
2022-08-20,1호선,제기동,15340,15713,31053,-373,8,20,토
2022-08-20,1호선,신설동,9396,9046,18442,350,8,20,토
2022-08-20,1호선,동대문,9838,9490,19328,348,8,20,토
2022-08-20,1호선,종로5가,18918,18704,37622,214,8,20,토
2022-08-20,1호선,종로3가,22999,21905,44904,1094,8,20,토
2022-08-20,1호선,종각,21052,19999,41051,1053,8,20,토
2022-08-20,1호선,시청,13140,13581,26721,-441,8,20,토
2022-08-20,1호선,서울역,35245,35625,70870,-380,8,20,토
2022-08-20,중앙선,양수,2087,2216,4303,-129,8,20,토
2022-08-20,중앙선,신원,219,198,417,21,8,20,토
2022-08-20,중앙선,국수,609,590,1199,19,8,20,토
2022-08-20,중앙선,아신,642,691,1333,-49,8,20,토
2022-08-20,중앙선,오빈,323,344,667,-21,8,20,토
2022-08-20,중앙선,양평,2948,3078,6026,-130,8,20,토
2022-08-20,중앙선,원덕,364,397,761,-33,8,20,토
2022-08-20,중앙선,용문,4191,4468,8659,-277,8,20,토
2022-08-20,중앙선,지평,78,88,166,-10,8,20,토
2022-08-20,장항선,신창(순천향대),1073,889,1962,184,8,20,토
2022-08-20,중앙선,회기,20099,18800,38899,1299,8,20,토
2022-08-20,중앙선,중랑,4559,4243,8802,316,8,20,토
2022-08-20,중앙선,상봉(시외버스터미널),4815,4763,9578,52,8,20,토
2022-08-20,중앙선,망우,6718,6680,13398,38,8,20,토
2022-08-20,중앙선,양원,2015,1827,3842,188,8,20,토
2022-08-20,중앙선,구리,10131,10351,20482,-220,8,20,토
2022-08-20,중앙선,도농,7466,7073,14539,393,8,20,토
2022-08-20,중앙선,양정,586,501,1087,85,8,20,토
2022-08-20,중앙선,덕소,4529,4372,8901,157,8,20,토
2022-08-20,중앙선,도심,1620,1380,3000,240,8,20,토
2022-08-20,중앙선,팔당,1366,1440,2806,-74,8,20,토
2022-08-20,중앙선,운길산,973,988,1961,-15,8,20,토
2022-08-20,수인선,사리,3704,3026,6730,678,8,20,토
2022-08-21,우이신설선,북한산보국문,3744,3367,7111,377,8,21,일
2022-08-21,우이신설선,삼양사거리,1460,1437,2897,23,8,21,일
2022-08-21,우이신설선,삼양,1264,1291,2555,-27,8,21,일
2022-08-21,우이신설선,신설동,1232,1190,2422,42,8,21,일
2022-08-21,우이신설선,보문,1002,986,1988,16,8,21,일
2022-08-21,우이신설선,성신여대입구(돈암),2240,2467,4707,-227,8,21,일
2022-08-21,중앙선,지평,58,55,113,3,8,21,일
2022-08-21,중앙선,용문,2543,2130,4673,413,8,21,일
2022-08-21,중앙선,원덕,360,317,677,43,8,21,일
2022-08-21,중앙선,양평,2520,2291,4811,229,8,21,일
2022-08-21,중앙선,오빈,279,219,498,60,8,21,일
2022-08-21,중앙선,아신,598,533,1131,65,8,21,일
2022-08-21,중앙선,국수,571,491,1062,80,8,21,일
2022-08-21,중앙선,신원,270,170,440,100,8,21,일
2022-08-21,중앙선,양수,1917,1802,3719,115,8,21,일
2022-08-21,중앙선,운길산,915,851,1766,64,8,21,일
2022-08-21,중앙선,팔당,1189,1255,2444,-66,8,21,일
2022-08-21,중앙선,도심,1244,1119,2363,125,8,21,일
2022-08-21,중앙선,덕소,3508,3536,7044,-28,8,21,일
2022-08-21,중앙선,양정,496,399,895,97,8,21,일
2022-08-21,중앙선,도농,5397,5305,10702,92,8,21,일
2022-08-21,중앙선,구리,7595,7656,15251,-61,8,21,일
2022-08-21,중앙선,양원,1436,1436,2872,0,8,21,일
2022-08-21,중앙선,망우,5135,5199,10334,-64,8,21,일
2022-08-21,중앙선,상봉(시외버스터미널),3675,4004,7679,-329,8,21,일
2022-08-21,중앙선,중랑,3472,3289,6761,183,8,21,일
2022-08-21,중앙선,회기,16112,15918,32030,194,8,21,일
2022-08-21,장항선,신창(순천향대),918,983,1901,-65,8,21,일
2022-08-21,장항선,온양온천,3517,3587,7104,-70,8,21,일
2022-08-21,장항선,배방,877,1056,1933,-179,8,21,일
2022-08-21,장항선,탕정,584,627,1211,-43,8,21,일
2022-08-21,장항선,아산,3406,2267,5673,1139,8,21,일
2022-08-21,장항선,쌍용(나사렛대),1290,1250,2540,40,8,21,일
2022-08-21,장항선,봉명,572,598,1170,-26,8,21,일
2022-08-21,일산선,대화,7623,7166,14789,457,8,21,일
2022-08-21,일산선,주엽,4941,4815,9756,126,8,21,일
2022-08-21,일산선,정발산,5819,5910,11729,-91,8,21,일
2022-08-21,일산선,마두,3497,3367,6864,130,8,21,일
2022-08-21,일산선,백석,5406,5520,10926,-114,8,21,일
2022-08-21,일산선,대곡,996,926,1922,70,8,21,일
2022-08-21,일산선,화정,9510,9694,19204,-184,8,21,일
2022-08-21,일산선,원당,5933,5758,11691,175,8,21,일
2022-08-21,일산선,삼송,11157,11002,22159,155,8,21,일
2022-08-21,일산선,원흥,5571,5453,11024,118,8,21,일
2022-08-21,1호선,서울역,30169,28266,58435,1903,8,21,일
2022-08-21,1호선,시청,8921,8392,17313,529,8,21,일
2022-08-21,1호선,종각,13881,12253,26134,1628,8,21,일
2022-08-21,1호선,종로3가,15021,12957,27978,2064,8,21,일
2022-08-21,1호선,종로5가,9295,9326,18621,-31,8,21,일
2022-08-21,1호선,동대문,9050,9431,18481,-381,8,21,일
2022-08-21,1호선,신설동,7628,7634,15262,-6,8,21,일
2022-08-21,1호선,제기동,10348,10906,21254,-558,8,21,일
2022-08-21,1호선,청량리(서울시립대입구),12928,12967,25895,-39,8,21,일
2022-08-21,1호선,동묘앞,11536,11576,23112,-40,8,21,일
2022-08-21,2호선,시청,6641,5541,12182,1100,8,21,일
2022-08-21,2호선,을지로입구,17369,16945,34314,424,8,21,일
2022-08-21,2호선,을지로3가,9044,8738,17782,306,8,21,일
2022-08-21,2호선,을지로4가,4039,3976,8015,63,8,21,일
2022-08-21,2호선,동대문역사문화공원(DDP),8623,10315,18938,-1692,8,21,일
2022-08-21,2호선,신당,8192,8867,17059,-675,8,21,일
2022-08-21,2호선,상왕십리,7382,7183,14565,199,8,21,일
2022-08-21,2호선,왕십리(성동구청),9454,8243,17697,1211,8,21,일
2022-08-21,2호선,한양대,2623,2685,5308,-62,8,21,일
2022-08-21,2호선,뚝섬,10348,10729,21077,-381,8,21,일
2022-08-21,2호선,건대입구,25694,27327,53021,-1633,8,21,일
2022-08-21,2호선,구의(광진구청),11276,11271,22547,5,8,21,일
2022-08-21,2호선,강변(동서울터미널),23945,22471,46416,1474,8,21,일
2022-08-21,2호선,잠실나루,5396,5530,10926,-134,8,21,일
2022-08-21,2호선,잠실(송파구청),50567,47420,97987,3147,8,21,일
2022-08-21,2호선,잠실새내,11884,12378,24262,-494,8,21,일
2022-08-21,2호선,종합운동장,10997,11729,22726,-732,8,21,일
2022-08-21,2호선,삼성(무역센터),22724,21729,44453,995,8,21,일
2022-08-21,2호선,선릉,13797,11802,25599,1995,8,21,일
2022-08-21,2호선,역삼,11138,12302,23440,-1164,8,21,일
2022-08-21,2호선,강남,34497,32812,67309,1685,8,21,일
2022-08-21,2호선,교대(법원.검찰청),10574,11883,22457,-1309,8,21,일
2022-08-21,2호선,서초,12387,11483,23870,904,8,21,일
2022-08-21,2호선,방배,7038,7302,14340,-264,8,21,일
2022-08-21,2호선,사당,22648,25045,47693,-2397,8,21,일
2022-08-21,2호선,낙성대(강감찬),15794,16157,31951,-363,8,21,일
2022-08-21,2호선,서울대입구(관악구청),26106,26564,52670,-458,8,21,일
2022-08-21,2호선,봉천,12529,12190,24719,339,8,21,일
2022-08-21,2호선,신림,35675,34868,70543,807,8,21,일
2022-08-21,2호선,신대방,15128,14816,29944,312,8,21,일
2022-08-21,2호선,구로디지털단지,24162,23727,47889,435,8,21,일
2022-08-21,2호선,대림(구로구청),15073,15334,30407,-261,8,21,일
2022-08-21,2호선,신도림,27180,27690,54870,-510,8,21,일
2022-08-21,2호선,문래,8023,8768,16791,-745,8,21,일
2022-08-21,2호선,영등포구청,8245,8774,17019,-529,8,21,일
2022-08-21,2호선,당산,8326,9290,17616,-964,8,21,일
2022-08-21,2호선,합정,21245,22760,44005,-1515,8,21,일
2022-08-21,2호선,홍대입구,54305,54083,108388,222,8,21,일
2022-08-21,2호선,신촌,23358,22883,46241,475,8,21,일
2022-08-21,2호선,이대,7290,7726,15016,-436,8,21,일
2022-08-21,2호선,아현,5372,5316,10688,56,8,21,일
2022-08-21,2호선,충정로(경기대입구),3556,3875,7431,-319,8,21,일
2022-08-21,2호선,용답,1757,1652,3409,105,8,21,일
2022-08-21,2호선,신답,757,818,1575,-61,8,21,일
2022-08-21,2호선,신설동,3032,3004,6036,28,8,21,일
2022-08-21,2호선,도림천,417,444,861,-27,8,21,일
2022-08-21,2호선,양천구청,3397,3444,6841,-47,8,21,일
2022-08-21,2호선,신정네거리,5130,5350,10480,-220,8,21,일
2022-08-21,2호선,용두(동대문구청),1167,1226,2393,-59,8,21,일
2022-08-21,3호선,지축,2737,2532,5269,205,8,21,일
2022-08-21,3호선,구파발,12094,12710,24804,-616,8,21,일
2022-08-21,3호선,연신내,21499,20356,41855,1143,8,21,일
2022-08-21,3호선,불광,9734,10980,20714,-1246,8,21,일
2022-08-21,3호선,녹번,7108,6527,13635,581,8,21,일
2022-08-21,3호선,홍제,9129,8646,17775,483,8,21,일
2022-08-21,3호선,무악재,1868,1915,3783,-47,8,21,일
2022-08-21,3호선,독립문,4150,4381,8531,-231,8,21,일
2022-08-21,3호선,경복궁(정부서울청사),13114,14994,28108,-1880,8,21,일
2022-08-21,3호선,안국,11992,12299,24291,-307,8,21,일
2022-08-21,3호선,종로3가,4160,5358,9518,-1198,8,21,일
2022-08-21,3호선,을지로3가,3628,3371,6999,257,8,21,일
2022-08-21,3호선,동대입구,5502,5960,11462,-458,8,21,일
2022-08-21,3호선,약수,6912,6579,13491,333,8,21,일
2022-08-21,3호선,금호,4119,3864,7983,255,8,21,일
2022-08-21,3호선,옥수,4817,4994,9811,-177,8,21,일
2022-08-21,3호선,압구정,14859,15382,30241,-523,8,21,일
2022-08-21,3호선,신사,13636,13723,27359,-87,8,21,일
2022-08-21,3호선,잠원,2227,2233,4460,-6,8,21,일
2022-08-21,3호선,고속터미널,41237,39777,81014,1460,8,21,일
2022-08-21,3호선,교대(법원.검찰청),4484,2718,7202,1766,8,21,일
2022-08-21,3호선,남부터미널(예술의전당),14043,14659,28702,-616,8,21,일
2022-08-21,3호선,양재(서초구청),13614,15666,29280,-2052,8,21,일
2022-08-21,3호선,매봉,4033,3975,8008,58,8,21,일
2022-08-21,3호선,도곡,1923,2009,3932,-86,8,21,일
2022-08-21,3호선,대치,7452,6264,13716,1188,8,21,일
2022-08-21,3호선,학여울,3281,3596,6877,-315,8,21,일
2022-08-21,3호선,대청,4135,4165,8300,-30,8,21,일
2022-08-21,3호선,일원,3585,3724,7309,-139,8,21,일
2022-08-21,3호선,수서,10690,10741,21431,-51,8,21,일
2022-08-21,3호선,가락시장,3849,3901,7750,-52,8,21,일
2022-08-21,3호선,경찰병원,2918,3023,5941,-105,8,21,일
2022-08-21,3호선,오금,2925,2851,5776,74,8,21,일
2022-08-21,4호선,당고개,5938,5632,11570,306,8,21,일
2022-08-21,4호선,상계,10169,9585,19754,584,8,21,일
2022-08-21,4호선,노원,11609,12582,24191,-973,8,21,일
2022-08-21,4호선,창동,15039,15606,30645,-567,8,21,일
2022-08-21,4호선,쌍문,16031,14219,30250,1812,8,21,일
2022-08-21,4호선,수유(강북구청),20055,19343,39398,712,8,21,일
2022-08-21,4호선,미아(서울사이버대학),8193,7563,15756,630,8,21,일
2022-08-21,4호선,미아사거리,15938,15287,31225,651,8,21,일
2022-08-21,4호선,길음,10776,10351,21127,425,8,21,일
2022-08-21,4호선,성신여대입구(돈암),12616,12206,24822,410,8,21,일
2022-08-21,4호선,한성대입구(삼선교),7584,7636,15220,-52,8,21,일
2022-08-21,4호선,혜화,24542,25949,50491,-1407,8,21,일
2022-08-21,4호선,동대문,6695,7165,13860,-470,8,21,일
2022-08-21,4호선,동대문역사문화공원(DDP),9800,8832,18632,968,8,21,일
2022-08-21,4호선,명동,13146,13923,27069,-777,8,21,일
2022-08-21,4호선,회현(남대문시장),8541,8598,17139,-57,8,21,일
2022-08-21,4호선,서울역,4618,11784,16402,-7166,8,21,일
2022-08-21,4호선,숙대입구(갈월),8321,7833,16154,488,8,21,일
2022-08-21,4호선,삼각지,3124,4247,7371,-1123,8,21,일
2022-08-21,4호선,신용산,9493,10038,19531,-545,8,21,일
2022-08-21,4호선,이촌(국립중앙박물관),7357,7827,15184,-470,8,21,일
2022-08-21,4호선,동작(현충원),945,1040,1985,-95,8,21,일
2022-08-21,4호선,총신대입구(이수),10260,11199,21459,-939,8,21,일
2022-08-21,4호선,사당,16086,14660,30746,1426,8,21,일
2022-08-21,4호선,남태령,886,616,1502,270,8,21,일
2022-08-21,5호선,방화,3633,3627,7260,6,8,21,일
2022-08-21,5호선,개화산,2687,2737,5424,-50,8,21,일
2022-08-21,5호선,김포공항,7169,6857,14026,312,8,21,일
2022-08-21,5호선,송정,3652,3507,7159,145,8,21,일
2022-08-21,5호선,마곡,3659,3896,7555,-237,8,21,일
2022-08-21,5호선,발산,8390,9284,17674,-894,8,21,일
2022-08-21,5호선,우장산,6987,7002,13989,-15,8,21,일
2022-08-21,5호선,화곡,13973,13186,27159,787,8,21,일
2022-08-21,5호선,까치산,15370,14936,30306,434,8,21,일
2022-08-21,5호선,신정(은행정),6448,5637,12085,811,8,21,일
2022-08-21,5호선,목동,7737,7849,15586,-112,8,21,일
2022-08-21,5호선,오목교(목동운동장앞),11797,11926,23723,-129,8,21,일
2022-08-21,5호선,양평,2696,2769,5465,-73,8,21,일
2022-08-21,5호선,영등포구청,1577,1389,2966,188,8,21,일
2022-08-21,5호선,영등포시장,5641,5840,11481,-199,8,21,일
2022-08-21,5호선,신길,2008,2202,4210,-194,8,21,일
2022-08-21,5호선,여의도,8718,9266,17984,-548,8,21,일
2022-08-21,5호선,여의나루,10820,12028,22848,-1208,8,21,일
2022-08-21,5호선,마포,4837,4854,9691,-17,8,21,일
2022-08-21,5호선,공덕,4607,4604,9211,3,8,21,일
2022-08-21,5호선,애오개,2720,2673,5393,47,8,21,일
2022-08-21,5호선,충정로(경기대입구),1583,1474,3057,109,8,21,일
2022-08-21,5호선,서대문,5984,5962,11946,22,8,21,일
2022-08-21,5호선,광화문(세종문화회관),15841,16129,31970,-288,8,21,일
2022-08-21,5호선,종로3가,8856,8379,17235,477,8,21,일
2022-08-21,5호선,을지로4가,1730,1847,3577,-117,8,21,일
2022-08-21,5호선,동대문역사문화공원(DDP),933,1090,2023,-157,8,21,일
2022-08-21,5호선,청구,1824,1708,3532,116,8,21,일
2022-08-21,5호선,신금호,3005,3192,6197,-187,8,21,일
2022-08-21,5호선,행당,4076,3594,7670,482,8,21,일
2022-08-21,5호선,왕십리(성동구청),2531,3176,5707,-645,8,21,일
2022-08-21,5호선,마장,2797,2547,5344,250,8,21,일
2022-08-21,5호선,답십리,7985,7325,15310,660,8,21,일
2022-08-21,5호선,장한평,8044,7930,15974,114,8,21,일
2022-08-21,5호선,군자(능동),6138,6745,12883,-607,8,21,일
2022-08-21,5호선,아차산(어린이대공원후문),9347,9049,18396,298,8,21,일
2022-08-21,5호선,광나루(장신대),8241,7846,16087,395,8,21,일
2022-08-21,5호선,천호(풍납토성),13011,12273,25284,738,8,21,일
2022-08-21,5호선,강동,9241,9206,18447,35,8,21,일
2022-08-21,5호선,길동,4179,4106,8285,73,8,21,일
2022-08-21,5호선,굽은다리(강동구민회관앞),5567,5284,10851,283,8,21,일
2022-08-21,5호선,명일,5026,5250,10276,-224,8,21,일
2022-08-21,5호선,고덕,4477,4562,9039,-85,8,21,일
2022-08-21,5호선,상일동,6569,6267,12836,302,8,21,일
2022-08-21,5호선,둔촌동,4597,4542,9139,55,8,21,일
2022-08-21,5호선,올림픽공원(한국체대),3611,3403,7014,208,8,21,일
2022-08-21,5호선,방이,3959,3753,7712,206,8,21,일
2022-08-21,5호선,오금,1582,1507,3089,75,8,21,일
2022-08-21,5호선,개롱,3018,3380,6398,-362,8,21,일
2022-08-21,5호선,거여,4561,4415,8976,146,8,21,일
2022-08-21,5호선,마천,3609,3882,7491,-273,8,21,일
2022-08-21,5호선,강일,2428,2236,4664,192,8,21,일
2022-08-21,5호선,미사,8825,9024,17849,-199,8,21,일
2022-08-21,5호선,하남풍산,2386,2347,4733,39,8,21,일
2022-08-21,5호선,하남시청(덕풍·신장),4084,3901,7985,183,8,21,일
2022-08-21,5호선,하남검단산,4742,4542,9284,200,8,21,일
2022-08-21,6호선,응암,9202,9473,18675,-271,8,21,일
2022-08-21,6호선,역촌,2179,2410,4589,-231,8,21,일
2022-08-21,6호선,불광,3081,2734,5815,347,8,21,일
2022-08-21,6호선,독바위,1598,1868,3466,-270,8,21,일
2022-08-21,6호선,연신내,1,0,1,1,8,21,일
2022-08-21,6호선,구산,3951,3182,7133,769,8,21,일
2022-08-21,6호선,새절(신사),6520,6105,12625,415,8,21,일
2022-08-21,6호선,증산(명지대앞),5541,5613,11154,-72,8,21,일
2022-08-21,6호선,디지털미디어시티,5602,5998,11600,-396,8,21,일
2022-08-21,6호선,월드컵경기장(성산),6700,6824,13524,-124,8,21,일
2022-08-21,6호선,마포구청,7239,6541,13780,698,8,21,일
2022-08-21,6호선,망원,9527,10475,20002,-948,8,21,일
2022-08-21,6호선,합정,9926,9285,19211,641,8,21,일
2022-08-21,6호선,상수,6670,7723,14393,-1053,8,21,일
2022-08-21,6호선,광흥창(서강),4471,4186,8657,285,8,21,일
2022-08-21,6호선,대흥(서강대앞),3752,3997,7749,-245,8,21,일
2022-08-21,6호선,공덕,6982,6684,13666,298,8,21,일
2022-08-21,6호선,효창공원앞,3580,3261,6841,319,8,21,일
2022-08-21,6호선,삼각지,4317,3059,7376,1258,8,21,일
2022-08-21,6호선,녹사평(용산구청),4037,3884,7921,153,8,21,일
2022-08-21,6호선,이태원,12556,10407,22963,2149,8,21,일
2022-08-21,6호선,한강진,5750,6796,12546,-1046,8,21,일
2022-08-21,6호선,버티고개,1056,1155,2211,-99,8,21,일
2022-08-21,6호선,약수,1761,1762,3523,-1,8,21,일
2022-08-21,6호선,청구,1710,1693,3403,17,8,21,일
2022-08-21,6호선,신당,4433,5147,9580,-714,8,21,일
2022-08-21,6호선,동묘앞,5674,5776,11450,-102,8,21,일
2022-08-21,6호선,창신,1628,1479,3107,149,8,21,일
2022-08-21,6호선,보문,4109,3763,7872,346,8,21,일
2022-08-21,6호선,안암(고대병원앞),4761,4868,9629,-107,8,21,일
2022-08-21,6호선,고려대(종암),4209,4127,8336,82,8,21,일
2022-08-21,6호선,월곡(동덕여대),5484,5389,10873,95,8,21,일
2022-08-21,6호선,상월곡(한국과학기술연구원),3267,2993,6260,274,8,21,일
2022-08-21,6호선,돌곶이,5590,5292,10882,298,8,21,일
2022-08-21,6호선,석계,6530,6796,13326,-266,8,21,일
2022-08-21,6호선,태릉입구,3267,3354,6621,-87,8,21,일
2022-08-21,6호선,화랑대(서울여대입구),5207,4434,9641,773,8,21,일
2022-08-21,6호선,봉화산(서울의료원),4046,3948,7994,98,8,21,일
2022-08-21,7호선,장암,1795,1320,3115,475,8,21,일
2022-08-21,7호선,도봉산,5200,7508,12708,-2308,8,21,일
2022-08-21,7호선,수락산,8833,8689,17522,144,8,21,일
2022-08-21,7호선,마들,6122,5733,11855,389,8,21,일
2022-08-21,7호선,노원,11111,11526,22637,-415,8,21,일
2022-08-21,7호선,중계,6692,6233,12925,459,8,21,일
2022-08-21,7호선,하계,9043,8625,17668,418,8,21,일
2022-08-21,7호선,공릉(서울과학기술대),6301,6351,12652,-50,8,21,일
2022-08-21,7호선,태릉입구,5000,4641,9641,359,8,21,일
2022-08-21,7호선,먹골,5417,5296,10713,121,8,21,일
2022-08-21,7호선,중화,5334,5235,10569,99,8,21,일
2022-08-21,7호선,상봉(시외버스터미널),9676,8914,18590,762,8,21,일
2022-08-21,7호선,면목,7808,7519,15327,289,8,21,일
2022-08-21,7호선,사가정,8752,8385,17137,367,8,21,일
2022-08-21,7호선,용마산(용마폭포공원),3144,3333,6477,-189,8,21,일
2022-08-21,7호선,중곡,5202,5028,10230,174,8,21,일
2022-08-21,7호선,군자(능동),7851,6335,14186,1516,8,21,일
2022-08-21,7호선,어린이대공원(세종대),9028,9041,18069,-13,8,21,일
2022-08-21,7호선,건대입구,8089,8277,16366,-188,8,21,일
2022-08-21,7호선,뚝섬유원지,8354,7706,16060,648,8,21,일
2022-08-21,7호선,청담,7140,7621,14761,-481,8,21,일
2022-08-21,7호선,강남구청,5667,6200,11867,-533,8,21,일
2022-08-21,7호선,학동,6656,6981,13637,-325,8,21,일
2022-08-21,7호선,논현,5782,5929,11711,-147,8,21,일
2022-08-21,7호선,반포,2924,2916,5840,8,8,21,일
2022-08-21,7호선,고속터미널,12756,8556,21312,4200,8,21,일
2022-08-21,7호선,내방,5154,5483,10637,-329,8,21,일
2022-08-21,7호선,이수,8411,7985,16396,426,8,21,일
2022-08-21,7호선,남성,5506,5469,10975,37,8,21,일
2022-08-21,7호선,숭실대입구(살피재),5707,6191,11898,-484,8,21,일
2022-08-21,7호선,상도,5618,5543,11161,75,8,21,일
2022-08-21,7호선,장승배기,4926,4921,9847,5,8,21,일
2022-08-21,7호선,신대방삼거리,7584,7455,15039,129,8,21,일
2022-08-21,7호선,보라매,3940,3923,7863,17,8,21,일
2022-08-21,7호선,신풍,6331,5954,12285,377,8,21,일
2022-08-21,7호선,대림(구로구청),7440,7061,14501,379,8,21,일
2022-08-21,7호선,남구로,6921,6742,13663,179,8,21,일
2022-08-21,7호선,가산디지털단지,9707,8865,18572,842,8,21,일
2022-08-21,7호선,철산,10664,10530,21194,134,8,21,일
2022-08-21,7호선,광명사거리,12447,12393,24840,54,8,21,일
2022-08-21,7호선,천왕,4811,4770,9581,41,8,21,일
2022-08-21,7호선,온수(성공회대입구),3951,4087,8038,-136,8,21,일
2022-08-21,8호선,암사,8805,8267,17072,538,8,21,일
2022-08-21,8호선,천호(풍납토성),8580,9757,18337,-1177,8,21,일
2022-08-21,8호선,강동구청,4389,4583,8972,-194,8,21,일
2022-08-21,8호선,몽촌토성(평화의문),3264,3225,6489,39,8,21,일
2022-08-21,8호선,잠실(송파구청),10700,11888,22588,-1188,8,21,일
2022-08-21,8호선,석촌,4035,4829,8864,-794,8,21,일
2022-08-21,8호선,송파,4315,4339,8654,-24,8,21,일
2022-08-21,8호선,가락시장,3101,3881,6982,-780,8,21,일
2022-08-21,8호선,문정,5351,5741,11092,-390,8,21,일
2022-08-21,8호선,장지,8738,8979,17717,-241,8,21,일
2022-08-21,8호선,복정,4937,4493,9430,444,8,21,일
2022-08-21,8호선,산성,2951,3067,6018,-116,8,21,일
2022-08-21,8호선,남한산성입구(성남법원.검찰청),6506,6090,12596,416,8,21,일
2022-08-21,8호선,단대오거리,5399,5365,10764,34,8,21,일
2022-08-21,8호선,신흥,2702,2871,5573,-169,8,21,일
2022-08-21,8호선,수진,3026,2697,5723,329,8,21,일
2022-08-21,8호선,모란,2515,2250,4765,265,8,21,일
2022-08-21,8호선,남위례,2531,2692,5223,-161,8,21,일
2022-08-21,9호선,개화,1011,959,1970,52,8,21,일
2022-08-21,9호선,김포공항,7191,10921,18112,-3730,8,21,일
2022-08-21,9호선,공항시장,1806,2030,3836,-224,8,21,일
2022-08-21,9호선,신방화,3534,3504,7038,30,8,21,일
2022-08-21,9호선,마곡나루(서울식물원),5529,5539,11068,-10,8,21,일
2022-08-21,9호선,양천향교,4079,4224,8303,-145,8,21,일
2022-08-21,9호선,가양,10971,10961,21932,10,8,21,일
2022-08-21,9호선,증미,2911,3006,5917,-95,8,21,일
2022-08-21,9호선,등촌,5145,5374,10519,-229,8,21,일
2022-08-21,9호선,염창,8741,8576,17317,165,8,21,일
2022-08-21,9호선,신목동,1832,1588,3420,244,8,21,일
2022-08-21,9호선,선유도,2786,2734,5520,52,8,21,일
2022-08-21,9호선,당산,9417,9183,18600,234,8,21,일
2022-08-21,9호선,국회의사당,5317,5027,10344,290,8,21,일
2022-08-21,9호선,여의도,9952,9024,18976,928,8,21,일
2022-08-21,9호선,샛강,1863,1836,3699,27,8,21,일
2022-08-21,9호선,노량진,14220,14958,29178,-738,8,21,일
2022-08-21,9호선,노들,2869,2487,5356,382,8,21,일
2022-08-21,9호선,흑석(중앙대입구),3816,3970,7786,-154,8,21,일
2022-08-21,9호선,동작(현충원),1151,999,2150,152,8,21,일
2022-08-21,9호선,구반포,428,485,913,-57,8,21,일
2022-08-21,9호선,신반포,2201,2275,4476,-74,8,21,일
2022-08-21,9호선,고속터미널,10693,14667,25360,-3974,8,21,일
2022-08-21,9호선,사평,1714,1736,3450,-22,8,21,일
2022-08-21,9호선,신논현,15233,14452,29685,781,8,21,일
2022-08-21,9호선2~3단계,언주,3692,3700,7392,-8,8,21,일
2022-08-21,9호선2~3단계,선정릉,3071,3588,6659,-517,8,21,일
2022-08-21,9호선2~3단계,삼성중앙,2167,2311,4478,-144,8,21,일
2022-08-21,9호선2~3단계,봉은사,9017,8907,17924,110,8,21,일
2022-08-21,9호선2~3단계,종합운동장,2277,2174,4451,103,8,21,일
2022-08-21,9호선2~3단계,삼전,3579,3402,6981,177,8,21,일
2022-08-21,9호선2~3단계,석촌고분,3175,3196,6371,-21,8,21,일
2022-08-21,9호선2~3단계,석촌,4875,4217,9092,658,8,21,일
2022-08-21,9호선2~3단계,송파나루,3048,3362,6410,-314,8,21,일
2022-08-21,9호선2~3단계,한성백제,1537,1309,2846,228,8,21,일
2022-08-21,9호선2~3단계,올림픽공원(한국체대),5879,6077,11956,-198,8,21,일
2022-08-21,9호선2~3단계,둔촌오륜,602,593,1195,9,8,21,일
2022-08-21,9호선2~3단계,중앙보훈병원,3788,3618,7406,170,8,21,일
2022-08-21,경강선,판교,2636,2462,5098,174,8,21,일
2022-08-21,경강선,이매,748,616,1364,132,8,21,일
2022-08-21,경강선,삼동,1117,1050,2167,67,8,21,일
2022-08-21,경강선,경기광주,4059,4008,8067,51,8,21,일
2022-08-21,경강선,초월,1691,1674,3365,17,8,21,일
2022-08-21,경강선,곤지암,1618,1624,3242,-6,8,21,일
2022-08-21,경강선,신둔도예촌,976,969,1945,7,8,21,일
2022-08-21,경강선,이천,2177,2407,4584,-230,8,21,일
2022-08-21,경강선,부발,1588,2243,3831,-655,8,21,일
2022-08-21,경강선,세종대왕릉,306,275,581,31,8,21,일
2022-08-21,경강선,여주,2309,2328,4637,-19,8,21,일
2022-08-21,경부선,서울역,8762,2118,10880,6644,8,21,일
2022-08-21,경부선,남영,4830,5221,10051,-391,8,21,일
2022-08-21,경부선,용산,36073,33733,69806,2340,8,21,일
2022-08-21,경부선,노량진,5524,5050,10574,474,8,21,일
2022-08-21,경부선,대방,5277,5769,11046,-492,8,21,일
2022-08-21,경부선,영등포,33635,32949,66584,686,8,21,일
2022-08-21,경부선,신도림,2266,2324,4590,-58,8,21,일
2022-08-21,경부선,신길,4773,4200,8973,573,8,21,일
2022-08-21,경부선,구로,9495,9638,19133,-143,8,21,일
2022-08-21,경부선,가산디지털단지,4525,6217,10742,-1692,8,21,일
2022-08-21,경부선,금천구청,5838,5884,11722,-46,8,21,일
2022-08-21,경부선,석수,5001,4823,9824,178,8,21,일
2022-08-21,경부선,관악,4964,4583,9547,381,8,21,일
2022-08-21,경부선,안양,13470,13005,26475,465,8,21,일
2022-08-21,경부선,명학,3294,3100,6394,194,8,21,일
2022-08-21,경부선,금정,15290,15745,31035,-455,8,21,일
2022-08-21,경부선,군포,2950,2770,5720,180,8,21,일
2022-08-21,경부선,의왕,4107,4262,8369,-155,8,21,일
2022-08-21,경부선,성균관대,7899,7983,15882,-84,8,21,일
2022-08-21,경부선,화서,4284,4046,8330,238,8,21,일
2022-08-21,경부선,수원,34140,33330,67470,810,8,21,일
2022-08-21,경부선,독산,6162,6232,12394,-70,8,21,일
2022-08-21,경부선,세류,2071,1978,4049,93,8,21,일
2022-08-21,경부선,병점,9341,10132,19473,-791,8,21,일
2022-08-21,경부선,세마,1760,1679,3439,81,8,21,일
2022-08-21,경부선,오산대,2164,2096,4260,68,8,21,일
2022-08-21,경부선,오산,7724,8274,15998,-550,8,21,일
2022-08-21,경부선,진위,955,1013,1968,-58,8,21,일
2022-08-21,경부선,송탄,3710,4614,8324,-904,8,21,일
2022-08-21,경부선,서정리,4740,7034,11774,-2294,8,21,일
2022-08-21,경부선,평택지제,2854,2806,5660,48,8,21,일
2022-08-21,경부선,평택,11636,12491,24127,-855,8,21,일
2022-08-21,경부선,성환,2585,3010,5595,-425,8,21,일
2022-08-21,경부선,직산,604,666,1270,-62,8,21,일
2022-08-21,경부선,두정,4789,5219,10008,-430,8,21,일
2022-08-21,경부선,천안,6453,6282,12735,171,8,21,일
2022-08-21,경부선,당정,3048,3064,6112,-16,8,21,일
2022-08-21,경부선,서동탄,804,783,1587,21,8,21,일
2022-08-21,경부선,광명,2829,1941,4770,888,8,21,일
2022-08-21,경원선,이촌(국립중앙박물관),2506,1936,4442,570,8,21,일
2022-08-21,경원선,서빙고,1693,1782,3475,-89,8,21,일
2022-08-21,경원선,한남,1966,1917,3883,49,8,21,일
2022-08-21,경원선,옥수,43,30,73,13,8,21,일
2022-08-21,경원선,응봉,1134,1047,2181,87,8,21,일
2022-08-21,경원선,왕십리(성동구청),10517,11918,22435,-1401,8,21,일
2022-08-21,경원선,청량리(서울시립대입구),15526,14285,29811,1241,8,21,일
2022-08-21,경원선,외대앞,4749,4668,9417,81,8,21,일
2022-08-21,경원선,신이문,4678,4401,9079,277,8,21,일
2022-08-21,경원선,석계,4897,5259,10156,-362,8,21,일
2022-08-21,경원선,광운대,4632,4597,9229,35,8,21,일
2022-08-21,경원선,월계,3642,3393,7035,249,8,21,일
2022-08-21,경원선,녹천,2527,2190,4717,337,8,21,일
2022-08-21,경원선,방학,5927,5849,11776,78,8,21,일
2022-08-21,경원선,도봉,3442,3232,6674,210,8,21,일
2022-08-21,경원선,도봉산,8343,5994,14337,2349,8,21,일
2022-08-21,경원선,망월사,4657,4754,9411,-97,8,21,일
2022-08-21,경원선,회룡,7485,7585,15070,-100,8,21,일
2022-08-21,경원선,의정부,14032,14041,28073,-9,8,21,일
2022-08-21,경원선,가능,4003,3757,7760,246,8,21,일
2022-08-21,경원선,녹양,2649,2567,5216,82,8,21,일
2022-08-21,경원선,양주,5099,5097,10196,2,8,21,일
2022-08-21,경원선,덕계,1906,1845,3751,61,8,21,일
2022-08-21,경원선,덕정,3407,3616,7023,-209,8,21,일
2022-08-21,경원선,지행,4491,4530,9021,-39,8,21,일
2022-08-21,경원선,동두천중앙,2139,2032,4171,107,8,21,일
2022-08-21,경원선,보산,1281,1472,2753,-191,8,21,일
2022-08-21,경원선,동두천,1425,1778,3203,-353,8,21,일
2022-08-21,경원선,소요산,4984,4463,9447,521,8,21,일
2022-08-21,경의선,서울역,1241,1092,2333,149,8,21,일
2022-08-21,경의선,신촌,303,314,617,-11,8,21,일
2022-08-21,경의선,효창공원앞,1359,1594,2953,-235,8,21,일
2022-08-21,경의선,공덕,1849,1481,3330,368,8,21,일
2022-08-21,경의선,서강대,1375,1354,2729,21,8,21,일
2022-08-21,경의선,홍대입구,1719,2289,4008,-570,8,21,일
2022-08-21,경의선,가좌,3094,3125,6219,-31,8,21,일
2022-08-21,경의선,디지털미디어시티,1543,1435,2978,108,8,21,일
2022-08-21,경의선,수색,896,1001,1897,-105,8,21,일
2022-08-21,경의선,화전,742,796,1538,-54,8,21,일
2022-08-21,경의선,강매,1465,1493,2958,-28,8,21,일
2022-08-21,경의선,행신,4757,4396,9153,361,8,21,일
2022-08-21,경의선,능곡,2241,2152,4393,89,8,21,일
2022-08-21,경의선,곡산,355,332,687,23,8,21,일
2022-08-21,경의선,백마,3517,3477,6994,40,8,21,일
2022-08-21,경의선,풍산,3585,3383,6968,202,8,21,일
2022-08-21,경의선,일산,4827,4601,9428,226,8,21,일
2022-08-21,경의선,탄현,4279,4000,8279,279,8,21,일
2022-08-21,경의선,야당,5185,4961,10146,224,8,21,일
2022-08-21,경의선,운정,3632,3532,7164,100,8,21,일
2022-08-21,경의선,금릉,2963,2942,5905,21,8,21,일
2022-08-21,경의선,금촌,4838,5057,9895,-219,8,21,일
2022-08-21,경의선,월롱,1075,2126,3201,-1051,8,21,일
2022-08-21,경의선,파주,648,602,1250,46,8,21,일
2022-08-21,경의선,문산,3900,4277,8177,-377,8,21,일
2022-08-21,경의선,임진강,122,106,228,16,8,21,일
2022-08-21,경인선,개봉,11519,11453,22972,66,8,21,일
2022-08-21,경인선,오류동,7036,6579,13615,457,8,21,일
2022-08-21,경인선,역곡,14110,14005,28115,105,8,21,일
2022-08-21,경인선,부천,22069,21047,43116,1022,8,21,일
2022-08-21,경인선,송내,13654,13314,26968,340,8,21,일
2022-08-21,경인선,부평,21978,22222,44200,-244,8,21,일
2022-08-21,경인선,백운,3926,3894,7820,32,8,21,일
2022-08-21,경인선,동암,9976,9970,19946,6,8,21,일
2022-08-21,경인선,주안,11961,10652,22613,1309,8,21,일
2022-08-21,경인선,제물포,5426,5226,10652,200,8,21,일
2022-08-21,경인선,동인천,9631,9410,19041,221,8,21,일
2022-08-21,경인선,인천,4438,3743,8181,695,8,21,일
2022-08-21,경인선,구일,6343,6419,12762,-76,8,21,일
2022-08-21,경인선,소사,5022,4927,9949,95,8,21,일
2022-08-21,경인선,부개,4837,4570,9407,267,8,21,일
2022-08-21,경인선,간석,3128,2957,6085,171,8,21,일
2022-08-21,경인선,도원,1728,1748,3476,-20,8,21,일
2022-08-21,경인선,온수(성공회대입구),3724,3419,7143,305,8,21,일
2022-08-21,경인선,중동,4835,4558,9393,277,8,21,일
2022-08-21,경인선,도화,2272,2163,4435,109,8,21,일
2022-08-21,경춘선,신내,1017,1034,2051,-17,8,21,일
2022-08-21,경춘선,갈매,1453,1226,2679,227,8,21,일
2022-08-21,경춘선,별내,1828,1727,3555,101,8,21,일
2022-08-21,경춘선,퇴계원,2103,1939,4042,164,8,21,일
2022-08-21,경춘선,사릉,1294,1315,2609,-21,8,21,일
2022-08-21,경춘선,금곡,925,932,1857,-7,8,21,일
2022-08-21,경춘선,평내호평,3475,3409,6884,66,8,21,일
2022-08-21,경춘선,천마산,1118,1083,2201,35,8,21,일
2022-08-21,경춘선,마석,2569,2582,5151,-13,8,21,일
2022-08-21,경춘선,대성리,1371,815,2186,556,8,21,일
2022-08-21,경춘선,청평,2512,1772,4284,740,8,21,일
2022-08-21,경춘선,상천,630,491,1121,139,8,21,일
2022-08-21,경춘선,가평,3851,2647,6498,1204,8,21,일
2022-08-21,경춘선,굴봉산,348,204,552,144,8,21,일
2022-08-21,경춘선,백양리,223,115,338,108,8,21,일
2022-08-21,경춘선,강촌,981,548,1529,433,8,21,일
2022-08-21,경춘선,김유정,506,482,988,24,8,21,일
2022-08-21,경춘선,남춘천,2584,2564,5148,20,8,21,일
2022-08-21,경춘선,춘천,2002,1430,3432,572,8,21,일
2022-08-21,공항철도 1호선,서울역,9253,8273,17526,980,8,21,일
2022-08-21,공항철도 1호선,공덕,1427,1746,3173,-319,8,21,일
2022-08-21,공항철도 1호선,홍대입구,11529,10961,22490,568,8,21,일
2022-08-21,공항철도 1호선,디지털미디어시티,3671,3654,7325,17,8,21,일
2022-08-21,공항철도 1호선,마곡나루(서울식물원),2270,2545,4815,-275,8,21,일
2022-08-21,공항철도 1호선,김포공항,11016,5455,16471,5561,8,21,일
2022-08-21,공항철도 1호선,계양,5910,5644,11554,266,8,21,일
2022-08-21,공항철도 1호선,검암,3557,3721,7278,-164,8,21,일
2022-08-21,공항철도 1호선,청라국제도시,3433,3472,6905,-39,8,21,일
2022-08-21,공항철도 1호선,운서,6085,6824,12909,-739,8,21,일
2022-08-21,공항철도 1호선,공항화물청사,1058,1094,2152,-36,8,21,일
2022-08-21,공항철도 1호선,인천공항1터미널,9188,8261,17449,927,8,21,일
2022-08-21,공항철도 1호선,인천공항2터미널,3786,3222,7008,564,8,21,일
2022-08-21,공항철도 1호선,영종,2782,2759,5541,23,8,21,일
2022-08-21,과천선,선바위,4079,3808,7887,271,8,21,일
2022-08-21,과천선,경마공원,15506,15831,31337,-325,8,21,일
2022-08-21,과천선,대공원,4970,5088,10058,-118,8,21,일
2022-08-21,과천선,과천,3946,3691,7637,255,8,21,일
2022-08-21,과천선,정부과천청사,4872,4885,9757,-13,8,21,일
2022-08-21,과천선,인덕원,12306,12549,24855,-243,8,21,일
2022-08-21,과천선,평촌,6429,6180,12609,249,8,21,일
2022-08-21,과천선,범계,15247,14975,30222,272,8,21,일
2022-08-21,분당선,선릉,2956,4378,7334,-1422,8,21,일
2022-08-21,분당선,한티,10253,9843,20096,410,8,21,일
2022-08-21,분당선,도곡,2893,2780,5673,113,8,21,일
2022-08-21,분당선,구룡,820,976,1796,-156,8,21,일
2022-08-21,분당선,개포동,2193,2249,4442,-56,8,21,일
2022-08-21,분당선,대모산입구,2187,2154,4341,33,8,21,일
2022-08-21,분당선,수서,8714,8538,17252,176,8,21,일
2022-08-21,분당선,수원,6277,5128,11405,1149,8,21,일
2022-08-21,분당선,서울숲,6554,6582,13136,-28,8,21,일
2022-08-21,분당선,압구정로데오,10855,11989,22844,-1134,8,21,일
2022-08-21,분당선,강남구청,3181,3732,6913,-551,8,21,일
2022-08-21,분당선,선정릉,2070,2074,4144,-4,8,21,일
2022-08-21,분당선,가천대,3645,4148,7793,-503,8,21,일
2022-08-21,분당선,태평,8023,7465,15488,558,8,21,일
2022-08-21,분당선,모란,11250,11566,22816,-316,8,21,일
2022-08-21,분당선,야탑,13423,13903,27326,-480,8,21,일
2022-08-21,분당선,서현,14803,14979,29782,-176,8,21,일
2022-08-21,분당선,수내,6277,5989,12266,288,8,21,일
2022-08-21,분당선,정자,7776,7994,15770,-218,8,21,일
2022-08-21,분당선,미금,7466,7960,15426,-494,8,21,일
2022-08-21,분당선,오리,5193,4453,9646,740,8,21,일
2022-08-21,분당선,이매,3569,3699,7268,-130,8,21,일
2022-08-21,분당선,보정,1141,1085,2226,56,8,21,일
2022-08-21,분당선,죽전,7680,8785,16465,-1105,8,21,일
2022-08-21,분당선,구성,2413,2625,5038,-212,8,21,일
2022-08-21,분당선,신갈,2016,2154,4170,-138,8,21,일
2022-08-21,분당선,기흥,5194,5063,10257,131,8,21,일
2022-08-21,분당선,상갈,2955,3147,6102,-192,8,21,일
2022-08-21,분당선,청명,2034,2153,4187,-119,8,21,일
2022-08-21,분당선,영통,5109,4946,10055,163,8,21,일
2022-08-21,분당선,망포,6405,6702,13107,-297,8,21,일
2022-08-21,분당선,매탄권선,2680,2590,5270,90,8,21,일
2022-08-21,분당선,수원시청,7867,7493,15360,374,8,21,일
2022-08-21,분당선,매교,1721,1664,3385,57,8,21,일
2022-08-21,수인선,고색,1784,1803,3587,-19,8,21,일
2022-08-21,수인선,오목천,1599,1525,3124,74,8,21,일
2022-08-21,수인선,어천,600,710,1310,-110,8,21,일
2022-08-21,수인선,야목,188,147,335,41,8,21,일
2022-08-21,수인선,사리,2701,2307,5008,394,8,21,일
2022-08-21,수인선,달월,51,43,94,8,8,21,일
2022-08-21,수인선,월곶,1762,1704,3466,58,8,21,일
2022-08-21,수인선,소래포구,4378,4155,8533,223,8,21,일
2022-08-21,수인선,인천논현,3003,3110,6113,-107,8,21,일
2022-08-21,수인선,호구포,2134,2151,4285,-17,8,21,일
2022-08-21,수인선,남동인더스파크,602,606,1208,-4,8,21,일
2022-08-21,수인선,원인재,2710,2863,5573,-153,8,21,일
2022-08-21,수인선,연수,3253,3251,6504,2,8,21,일
2022-08-21,수인선,송도,1421,1431,2852,-10,8,21,일
2022-08-21,수인선,인하대,3138,3094,6232,44,8,21,일
2022-08-21,수인선,숭의,1907,1748,3655,159,8,21,일
2022-08-21,수인선,신포,1190,1090,2280,100,8,21,일
2022-08-21,수인선,인천,1188,1741,2929,-553,8,21,일
2022-08-21,신림선,샛강,760,1038,1798,-278,8,21,일
2022-08-21,신림선,대방,1383,1058,2441,325,8,21,일
2022-08-21,신림선,서울지방병무청,1314,1530,2844,-216,8,21,일
2022-08-21,신림선,보라매,1507,1552,3059,-45,8,21,일
2022-08-21,신림선,보라매공원,1121,1205,2326,-84,8,21,일
2022-08-21,신림선,보라매병원,1993,2065,4058,-72,8,21,일
2022-08-21,신림선,당곡,2306,2219,4525,87,8,21,일
2022-08-21,신림선,신림,1052,1643,2695,-591,8,21,일
2022-08-21,신림선,서원,1828,1628,3456,200,8,21,일
2022-08-21,신림선,서울대벤처타운,4579,4387,8966,192,8,21,일
2022-08-21,우이신설선,정릉,2894,2278,5172,616,8,21,일
2022-08-21,2호선,성수,16268,18378,34646,-2110,8,21,일
2022-08-21,4호선,충무로,7759,8627,16386,-868,8,21,일
2022-08-21,우이신설선,솔샘,2891,2758,5649,133,8,21,일
2022-08-21,신림선,관악산(서울대),4815,5058,9873,-243,8,21,일
2022-08-21,안산선,산본,9177,9857,19034,-680,8,21,일
2022-08-21,안산선,대야미,3009,2780,5789,229,8,21,일
2022-08-21,안산선,반월,2588,2655,5243,-67,8,21,일
2022-08-21,안산선,상록수,9382,9333,18715,49,8,21,일
2022-08-21,안산선,한대앞,5393,5155,10548,238,8,21,일
2022-08-21,안산선,중앙,11857,11971,23828,-114,8,21,일
2022-08-21,안산선,고잔,4687,4502,9189,185,8,21,일
2022-08-21,안산선,초지,2547,2443,4990,104,8,21,일
2022-08-21,안산선,안산,10177,9340,19517,837,8,21,일
2022-08-21,안산선,신길온천,1248,1184,2432,64,8,21,일
2022-08-21,안산선,정왕,5531,5851,11382,-320,8,21,일
2022-08-21,안산선,오이도,6008,6006,12014,2,8,21,일
2022-08-21,안산선,수리산,2176,1986,4162,190,8,21,일
2022-08-21,우이신설선,북한산우이,3675,3865,7540,-190,8,21,일
2022-08-21,우이신설선,솔밭공원,1429,1387,2816,42,8,21,일
2022-08-21,우이신설선,4.19민주묘지,2001,1696,3697,305,8,21,일
2022-08-21,우이신설선,가오리,2357,2267,4624,90,8,21,일
2022-08-21,우이신설선,화계,2238,1984,4222,254,8,21,일
2022-08-22,1호선,시청,22636,23381,46017,-745,8,22,월
2022-08-22,1호선,서울역,46390,45083,91473,1307,8,22,월
2022-08-22,중앙선,지평,77,91,168,-14,8,22,월
2022-08-22,1호선,종로5가,22568,22825,45393,-257,8,22,월
2022-08-22,중앙선,용문,1980,1977,3957,3,8,22,월
2022-08-22,중앙선,원덕,370,312,682,58,8,22,월
2022-08-22,중앙선,양평,3013,2965,5978,48,8,22,월
2022-08-22,중앙선,오빈,342,342,684,0,8,22,월
2022-08-22,중앙선,아신,578,555,1133,23,8,22,월
2022-08-22,중앙선,국수,773,741,1514,32,8,22,월
2022-08-22,중앙선,신원,210,179,389,31,8,22,월
2022-08-22,중앙선,양수,1978,1969,3947,9,8,22,월
2022-08-22,중앙선,운길산,736,682,1418,54,8,22,월
2022-08-22,중앙선,팔당,870,886,1756,-16,8,22,월
2022-08-22,중앙선,도심,2552,1978,4530,574,8,22,월
2022-08-22,중앙선,덕소,5589,5540,11129,49,8,22,월
2022-08-22,중앙선,양정,693,608,1301,85,8,22,월
2022-08-22,중앙선,도농,11393,10088,21481,1305,8,22,월
2022-08-22,중앙선,구리,13290,13255,26545,35,8,22,월
2022-08-22,중앙선,양원,3060,3017,6077,43,8,22,월
2022-08-22,중앙선,망우,7544,7366,14910,178,8,22,월
2022-08-22,중앙선,상봉(시외버스터미널),5707,5767,11474,-60,8,22,월
2022-08-22,중앙선,중랑,5626,5327,10953,299,8,22,월
2022-08-22,중앙선,회기,24576,23919,48495,657,8,22,월
2022-08-22,장항선,신창(순천향대),1159,1159,2318,0,8,22,월
2022-08-22,장항선,온양온천,3568,3531,7099,37,8,22,월
2022-08-22,장항선,배방,1060,965,2025,95,8,22,월
2022-08-22,장항선,탕정,884,833,1717,51,8,22,월
2022-08-22,장항선,아산,2927,2718,5645,209,8,22,월
2022-08-22,장항선,쌍용(나사렛대),1983,1853,3836,130,8,22,월
2022-08-22,장항선,봉명,1341,1298,2639,43,8,22,월
2022-08-22,일산선,대화,13150,10246,23396,2904,8,22,월
2022-08-22,일산선,주엽,9493,9417,18910,76,8,22,월
2022-08-22,일산선,정발산,6594,6559,13153,35,8,22,월
2022-08-22,일산선,마두,7642,7976,15618,-334,8,22,월
2022-08-22,일산선,백석,9709,9691,19400,18,8,22,월
2022-08-22,일산선,대곡,2178,1703,3881,475,8,22,월
2022-08-22,일산선,화정,16750,16917,33667,-167,8,22,월
2022-08-22,일산선,원당,10960,10426,21386,534,8,22,월
2022-08-22,일산선,삼송,19690,19229,38919,461,8,22,월
2022-08-22,일산선,원흥,11062,10548,21610,514,8,22,월
2022-08-22,우이신설선,신설동,2229,2116,4345,113,8,22,월
2022-08-22,우이신설선,보문,1458,1463,2921,-5,8,22,월
2022-08-22,우이신설선,성신여대입구(돈암),3157,3479,6636,-322,8,22,월
2022-08-22,우이신설선,정릉,4453,4159,8612,294,8,22,월
2022-08-22,우이신설선,북한산보국문,5901,5578,11479,323,8,22,월
2022-08-22,우이신설선,솔샘,5987,5682,11669,305,8,22,월
2022-08-22,우이신설선,삼양사거리,2489,2585,5074,-96,8,22,월
2022-08-22,우이신설선,삼양,2063,2296,4359,-233,8,22,월
2022-08-22,우이신설선,화계,3510,3205,6715,305,8,22,월
2022-08-22,우이신설선,가오리,4396,4314,8710,82,8,22,월
2022-08-22,우이신설선,4.19민주묘지,2864,2679,5543,185,8,22,월
2022-08-22,우이신설선,솔밭공원,2547,2469,5016,78,8,22,월
2022-08-22,우이신설선,북한산우이,2725,2459,5184,266,8,22,월
2022-08-22,안산선,수리산,4095,3415,7510,680,8,22,월
2022-08-22,안산선,오이도,8379,8237,16616,142,8,22,월
2022-08-22,안산선,정왕,7908,8167,16075,-259,8,22,월
2022-08-22,안산선,신길온천,1822,1664,3486,158,8,22,월
2022-08-22,안산선,안산,11958,10947,22905,1011,8,22,월
2022-08-22,안산선,초지,4754,4726,9480,28,8,22,월
2022-08-22,안산선,고잔,9037,8586,17623,451,8,22,월
2022-08-22,안산선,중앙,17508,17961,35469,-453,8,22,월
2022-08-22,안산선,한대앞,8539,8773,17312,-234,8,22,월
2022-08-22,안산선,상록수,15335,15417,30752,-82,8,22,월
2022-08-22,안산선,반월,4330,4211,8541,119,8,22,월
2022-08-22,안산선,대야미,5060,4520,9580,540,8,22,월
2022-08-22,안산선,산본,15616,16636,32252,-1020,8,22,월
2022-08-22,신림선,관악산(서울대),2944,2820,5764,124,8,22,월
2022-08-22,신림선,서울대벤처타운,6742,6779,13521,-37,8,22,월
2022-08-22,신림선,서원,2860,2613,5473,247,8,22,월
2022-08-22,신림선,신림,1630,2247,3877,-617,8,22,월
2022-08-22,신림선,당곡,3656,3748,7404,-92,8,22,월
2022-08-22,신림선,보라매병원,6618,6984,13602,-366,8,22,월
2022-08-22,신림선,보라매공원,1778,1905,3683,-127,8,22,월
2022-08-22,신림선,보라매,3034,2885,5919,149,8,22,월
2022-08-22,신림선,서울지방병무청,2361,2684,5045,-323,8,22,월
2022-08-22,신림선,대방,2112,1714,3826,398,8,22,월
2022-08-22,신림선,샛강,2243,2686,4929,-443,8,22,월
2022-08-22,수인선,인천,1090,1636,2726,-546,8,22,월
2022-08-22,수인선,신포,1694,1663,3357,31,8,22,월
2022-08-22,수인선,숭의,4009,3723,7732,286,8,22,월
2022-08-22,수인선,인하대,5603,5368,10971,235,8,22,월
2022-08-22,수인선,송도,2358,2145,4503,213,8,22,월
2022-08-22,수인선,연수,4377,4319,8696,58,8,22,월
2022-08-22,수인선,원인재,4251,4325,8576,-74,8,22,월
2022-08-22,수인선,남동인더스파크,2285,2557,4842,-272,8,22,월
2022-08-22,수인선,호구포,4059,4258,8317,-199,8,22,월
2022-08-22,수인선,인천논현,5472,5832,11304,-360,8,22,월
2022-08-22,수인선,소래포구,4700,4333,9033,367,8,22,월
2022-08-22,수인선,월곶,2761,2514,5275,247,8,22,월
2022-08-22,수인선,달월,115,79,194,36,8,22,월
2022-08-22,수인선,사리,4675,4027,8702,648,8,22,월
2022-08-22,수인선,야목,372,284,656,88,8,22,월
2022-08-22,수인선,어천,924,917,1841,7,8,22,월
2022-08-22,수인선,오목천,2985,2925,5910,60,8,22,월
2022-08-22,수인선,고색,4729,4419,9148,310,8,22,월
2022-08-22,분당선,매교,3714,3657,7371,57,8,22,월
2022-08-22,분당선,수원시청,12651,13409,26060,-758,8,22,월
2022-08-22,분당선,매탄권선,5033,4897,9930,136,8,22,월
2022-08-22,분당선,망포,14407,13914,28321,493,8,22,월
2022-08-22,분당선,영통,8060,8181,16241,-121,8,22,월
2022-08-22,분당선,청명,4296,4173,8469,123,8,22,월
2022-08-22,분당선,상갈,5279,5041,10320,238,8,22,월
2022-08-22,분당선,기흥,10097,9488,19585,609,8,22,월
2022-08-22,분당선,신갈,4854,4773,9627,81,8,22,월
2022-08-22,분당선,구성,4969,5366,10335,-397,8,22,월
2022-08-22,분당선,죽전,12737,13969,26706,-1232,8,22,월
2022-08-22,분당선,보정,2777,2358,5135,419,8,22,월
2022-08-22,분당선,이매,5793,5444,11237,349,8,22,월
2022-08-22,분당선,오리,11742,9647,21389,2095,8,22,월
2022-08-22,분당선,미금,15345,16409,31754,-1064,8,22,월
2022-08-22,분당선,정자,18286,19166,37452,-880,8,22,월
2022-08-22,분당선,수내,13189,13100,26289,89,8,22,월
2022-08-22,분당선,서현,24643,24948,49591,-305,8,22,월
2022-08-22,분당선,야탑,25471,26503,51974,-1032,8,22,월
2022-08-22,분당선,모란,19205,19372,38577,-167,8,22,월
2022-08-22,분당선,태평,13386,12889,26275,497,8,22,월
2022-08-22,분당선,가천대,6879,7859,14738,-980,8,22,월
2022-08-22,분당선,선정릉,8233,8780,17013,-547,8,22,월
2022-08-22,분당선,강남구청,9501,11025,20526,-1524,8,22,월
2022-08-22,분당선,압구정로데오,17678,19482,37160,-1804,8,22,월
2022-08-22,분당선,서울숲,10942,11140,22082,-198,8,22,월
2022-08-22,분당선,수원,7755,6524,14279,1231,8,22,월
2022-08-22,분당선,수서,13733,14124,27857,-391,8,22,월
2022-08-22,분당선,대모산입구,4769,4526,9295,243,8,22,월
2022-08-22,분당선,개포동,4009,4107,8116,-98,8,22,월
2022-08-22,분당선,구룡,2333,2259,4592,74,8,22,월
2022-08-22,분당선,도곡,7519,7351,14870,168,8,22,월
2022-08-22,분당선,한티,13659,15023,28682,-1364,8,22,월
2022-08-22,분당선,선릉,14148,21044,35192,-6896,8,22,월
2022-08-22,과천선,범계,24732,24732,49464,0,8,22,월
2022-08-22,과천선,평촌,17767,17683,35450,84,8,22,월
2022-08-22,과천선,인덕원,23469,24517,47986,-1048,8,22,월
2022-08-22,과천선,정부과천청사,10793,11038,21831,-245,8,22,월
2022-08-22,과천선,과천,6331,5889,12220,442,8,22,월
2022-08-22,과천선,대공원,2298,2404,4702,-106,8,22,월
2022-08-22,과천선,경마공원,857,857,1714,0,8,22,월
2022-08-22,과천선,선바위,7704,6874,14578,830,8,22,월
2022-08-22,공항철도 1호선,영종,3785,3765,7550,20,8,22,월
2022-08-22,공항철도 1호선,인천공항2터미널,4033,3327,7360,706,8,22,월
2022-08-22,공항철도 1호선,인천공항1터미널,8965,7845,16810,1120,8,22,월
2022-08-22,공항철도 1호선,공항화물청사,2342,2606,4948,-264,8,22,월
2022-08-22,공항철도 1호선,운서,7695,8119,15814,-424,8,22,월
2022-08-22,공항철도 1호선,청라국제도시,7186,6685,13871,501,8,22,월
2022-08-22,공항철도 1호선,검암,6595,6570,13165,25,8,22,월
2022-08-22,공항철도 1호선,계양,11324,10475,21799,849,8,22,월
2022-08-22,공항철도 1호선,김포공항,12122,6719,18841,5403,8,22,월
2022-08-22,공항철도 1호선,마곡나루(서울식물원),9484,9002,18486,482,8,22,월
2022-08-22,공항철도 1호선,디지털미디어시티,14387,13432,27819,955,8,22,월
2022-08-22,공항철도 1호선,홍대입구,10453,10545,20998,-92,8,22,월
2022-08-22,공항철도 1호선,공덕,2572,3264,5836,-692,8,22,월
2022-08-22,공항철도 1호선,서울역,9006,8403,17409,603,8,22,월
2022-08-22,경춘선,춘천,1366,1288,2654,78,8,22,월
2022-08-22,경춘선,남춘천,2963,2949,5912,14,8,22,월
2022-08-22,경춘선,김유정,401,368,769,33,8,22,월
2022-08-22,경춘선,강촌,488,513,1001,-25,8,22,월
2022-08-22,경춘선,백양리,147,102,249,45,8,22,월
2022-08-22,경춘선,굴봉산,202,167,369,35,8,22,월
2022-08-22,경춘선,가평,2654,3202,5856,-548,8,22,월
2022-08-22,경춘선,상천,312,279,591,33,8,22,월
2022-08-22,경춘선,청평,2105,2060,4165,45,8,22,월
2022-08-22,경춘선,대성리,787,811,1598,-24,8,22,월
2022-08-22,경춘선,마석,4121,3965,8086,156,8,22,월
2022-08-22,경춘선,천마산,1734,1627,3361,107,8,22,월
2022-08-22,경춘선,평내호평,6508,6176,12684,332,8,22,월
2022-08-22,경춘선,금곡,1609,1558,3167,51,8,22,월
2022-08-22,경춘선,사릉,2431,2273,4704,158,8,22,월
2022-08-22,경춘선,퇴계원,3566,3263,6829,303,8,22,월
2022-08-22,경춘선,별내,3190,3009,6199,181,8,22,월
2022-08-22,경춘선,갈매,3025,2651,5676,374,8,22,월
2022-08-22,경춘선,신내,2242,2159,4401,83,8,22,월
2022-08-22,경인선,도화,4088,3814,7902,274,8,22,월
2022-08-22,경인선,중동,9498,8820,18318,678,8,22,월
2022-08-22,경인선,온수(성공회대입구),6835,6356,13191,479,8,22,월
2022-08-22,경인선,도원,3046,3063,6109,-17,8,22,월
2022-08-22,경인선,간석,6000,5594,11594,406,8,22,월
2022-08-22,경인선,부개,8710,8035,16745,675,8,22,월
2022-08-22,경인선,소사,8293,8192,16485,101,8,22,월
2022-08-22,경인선,구일,6215,6233,12448,-18,8,22,월
2022-08-22,경인선,인천,3690,2996,6686,694,8,22,월
2022-08-22,경인선,동인천,13352,12645,25997,707,8,22,월
2022-08-22,경인선,제물포,10512,10230,20742,282,8,22,월
2022-08-22,경인선,주안,18210,16330,34540,1880,8,22,월
2022-08-22,경인선,동암,15708,15508,31216,200,8,22,월
2022-08-22,경인선,백운,7022,6746,13768,276,8,22,월
2022-08-22,경인선,부평,28050,29682,57732,-1632,8,22,월
2022-08-22,경인선,송내,27627,27225,54852,402,8,22,월
2022-08-22,경인선,부천,31506,31242,62748,264,8,22,월
2022-08-22,경인선,역곡,26338,26351,52689,-13,8,22,월
2022-08-22,경인선,오류동,11586,10968,22554,618,8,22,월
2022-08-22,경인선,개봉,21331,20667,41998,664,8,22,월
2022-08-22,경의선,임진강,10,8,18,2,8,22,월
2022-08-22,경의선,문산,5514,5449,10963,65,8,22,월
2022-08-22,경의선,파주,1169,750,1919,419,8,22,월
2022-08-22,경의선,월롱,2685,2683,5368,2,8,22,월
2022-08-22,경의선,금촌,6371,6163,12534,208,8,22,월
2022-08-22,경의선,금릉,4962,4716,9678,246,8,22,월
2022-08-22,경의선,운정,7029,6440,13469,589,8,22,월
2022-08-22,경의선,야당,7697,7656,15353,41,8,22,월
2022-08-22,경의선,탄현,7960,7500,15460,460,8,22,월
2022-08-22,경의선,일산,9505,9317,18822,188,8,22,월
2022-08-22,경의선,풍산,5631,5230,10861,401,8,22,월
2022-08-22,경의선,백마,7081,6812,13893,269,8,22,월
2022-08-22,경의선,곡산,625,631,1256,-6,8,22,월
2022-08-22,경의선,능곡,3973,3629,7602,344,8,22,월
2022-08-22,경의선,행신,8140,8049,16189,91,8,22,월
2022-08-22,경의선,강매,3241,2808,6049,433,8,22,월
2022-08-22,경의선,화전,1653,1543,3196,110,8,22,월
2022-08-22,경의선,수색,2960,3087,6047,-127,8,22,월
2022-08-22,경의선,디지털미디어시티,2638,2387,5025,251,8,22,월
2022-08-22,경의선,가좌,5674,5350,11024,324,8,22,월
2022-08-22,경의선,홍대입구,1688,2060,3748,-372,8,22,월
2022-08-22,경의선,서강대,2148,2059,4207,89,8,22,월
2022-08-22,경의선,공덕,3900,3392,7292,508,8,22,월
2022-08-22,경의선,효창공원앞,3024,3442,6466,-418,8,22,월
2022-08-22,경의선,신촌,967,1228,2195,-261,8,22,월
2022-08-22,경의선,서울역,4717,6072,10789,-1355,8,22,월
2022-08-22,경원선,소요산,2893,2292,5185,601,8,22,월
2022-08-22,경원선,동두천,2301,2442,4743,-141,8,22,월
2022-08-22,경원선,보산,1609,1370,2979,239,8,22,월
2022-08-22,경원선,동두천중앙,3118,2964,6082,154,8,22,월
2022-08-22,경원선,지행,6632,6473,13105,159,8,22,월
2022-08-22,경원선,덕정,5557,5335,10892,222,8,22,월
2022-08-22,경원선,덕계,3449,3024,6473,425,8,22,월
2022-08-22,경원선,양주,7683,7050,14733,633,8,22,월
2022-08-22,경원선,녹양,4609,4300,8909,309,8,22,월
2022-08-22,경원선,가능,6772,6582,13354,190,8,22,월
2022-08-22,경원선,의정부,18074,18272,36346,-198,8,22,월
2022-08-22,경원선,회룡,12439,12400,24839,39,8,22,월
2022-08-22,경원선,망월사,7546,7690,15236,-144,8,22,월
2022-08-22,경원선,도봉산,7096,4547,11643,2549,8,22,월
2022-08-22,경원선,도봉,6013,5805,11818,208,8,22,월
2022-08-22,경원선,방학,9844,9544,19388,300,8,22,월
2022-08-22,경원선,창동,1,0,1,1,8,22,월
2022-08-22,경원선,녹천,4697,3916,8613,781,8,22,월
2022-08-22,경원선,월계,6653,6229,12882,424,8,22,월
2022-08-22,경원선,광운대,7281,6962,14243,319,8,22,월
2022-08-22,경원선,석계,7979,8944,16923,-965,8,22,월
2022-08-22,경원선,신이문,8437,7865,16302,572,8,22,월
2022-08-22,경원선,외대앞,7550,7507,15057,43,8,22,월
2022-08-22,경원선,청량리(서울시립대입구),14656,15049,29705,-393,8,22,월
2022-08-22,경원선,왕십리(성동구청),14076,15712,29788,-1636,8,22,월
2022-08-22,경원선,응봉,1835,1619,3454,216,8,22,월
2022-08-22,경원선,옥수,37,32,69,5,8,22,월
2022-08-22,경원선,한남,4184,4007,8191,177,8,22,월
2022-08-22,경원선,서빙고,2082,1829,3911,253,8,22,월
2022-08-22,경원선,이촌(국립중앙박물관),3841,3001,6842,840,8,22,월
2022-08-22,경부선,광명,3594,2964,6558,630,8,22,월
2022-08-22,경부선,서동탄,1452,1234,2686,218,8,22,월
2022-08-22,경부선,당정,6032,5724,11756,308,8,22,월
2022-08-22,경부선,천안,4995,5500,10495,-505,8,22,월
2022-08-22,경부선,두정,5258,5368,10626,-110,8,22,월
2022-08-22,경부선,직산,893,848,1741,45,8,22,월
2022-08-22,경부선,성환,3348,3456,6804,-108,8,22,월
2022-08-22,경부선,평택,11248,11207,22455,41,8,22,월
2022-08-22,경부선,평택지제,3818,3897,7715,-79,8,22,월
2022-08-22,경부선,서정리,7213,7085,14298,128,8,22,월
2022-08-22,경부선,송탄,4218,4068,8286,150,8,22,월
2022-08-22,경부선,진위,1878,1691,3569,187,8,22,월
2022-08-22,경부선,오산,9373,9448,18821,-75,8,22,월
2022-08-22,경부선,오산대,3412,3205,6617,207,8,22,월
2022-08-22,경부선,세마,2840,2746,5586,94,8,22,월
2022-08-22,경부선,병점,13870,13618,27488,252,8,22,월
2022-08-22,경부선,세류,3083,2755,5838,328,8,22,월
2022-08-22,경부선,독산,18590,19468,38058,-878,8,22,월
2022-08-22,경부선,수원,31941,33777,65718,-1836,8,22,월
2022-08-22,경부선,화서,8217,7755,15972,462,8,22,월
2022-08-22,경부선,성균관대,13854,13841,27695,13,8,22,월
2022-08-22,경부선,의왕,8647,8694,17341,-47,8,22,월
2022-08-22,경부선,군포,7621,7548,15169,73,8,22,월
2022-08-22,경부선,금정,26620,27143,53763,-523,8,22,월
2022-08-22,경부선,명학,9021,8931,17952,90,8,22,월
2022-08-22,경부선,안양,21579,21341,42920,238,8,22,월
2022-08-22,경부선,관악,7033,6762,13795,271,8,22,월
2022-08-22,경부선,석수,9293,8322,17615,971,8,22,월
2022-08-22,경부선,금천구청,11374,11409,22783,-35,8,22,월
2022-08-22,경부선,가산디지털단지,18635,21730,40365,-3095,8,22,월
2022-08-22,경부선,구로,17810,17837,35647,-27,8,22,월
2022-08-22,경부선,신길,9038,7748,16786,1290,8,22,월
2022-08-22,경부선,신도림,4112,4151,8263,-39,8,22,월
2022-08-22,경부선,영등포,36067,36944,73011,-877,8,22,월
2022-08-22,경부선,대방,10965,11931,22896,-966,8,22,월
2022-08-22,경부선,노량진,7686,7473,15159,213,8,22,월
2022-08-22,경부선,용산,35508,36060,71568,-552,8,22,월
2022-08-22,경부선,남영,9401,9858,19259,-457,8,22,월
2022-08-22,경부선,서울역,7638,2359,9997,5279,8,22,월
2022-08-22,경강선,여주,2098,2015,4113,83,8,22,월
2022-08-22,경강선,세종대왕릉,366,337,703,29,8,22,월
2022-08-22,경강선,부발,1964,2015,3979,-51,8,22,월
2022-08-22,경강선,이천,2637,2805,5442,-168,8,22,월
2022-08-22,경강선,신둔도예촌,1464,1409,2873,55,8,22,월
2022-08-22,경강선,곤지암,2177,2142,4319,35,8,22,월
2022-08-22,경강선,초월,3252,3164,6416,88,8,22,월
2022-08-22,경강선,경기광주,8054,7649,15703,405,8,22,월
2022-08-22,경강선,삼동,2640,2449,5089,191,8,22,월
2022-08-22,경강선,이매,1198,1047,2245,151,8,22,월
2022-08-22,경강선,판교,5306,5224,10530,82,8,22,월
2022-08-22,9호선2~3단계,중앙보훈병원,11817,10488,22305,1329,8,22,월
2022-08-22,9호선2~3단계,둔촌오륜,1365,1623,2988,-258,8,22,월
2022-08-22,9호선2~3단계,올림픽공원(한국체대),6307,6419,12726,-112,8,22,월
2022-08-22,9호선2~3단계,한성백제,2677,2368,5045,309,8,22,월
2022-08-22,9호선2~3단계,송파나루,5102,5445,10547,-343,8,22,월
2022-08-22,9호선2~3단계,석촌,8599,7633,16232,966,8,22,월
2022-08-22,9호선2~3단계,석촌고분,6502,6432,12934,70,8,22,월
2022-08-22,9호선2~3단계,삼전,7171,6770,13941,401,8,22,월
2022-08-22,9호선2~3단계,종합운동장,4222,4385,8607,-163,8,22,월
2022-08-22,9호선2~3단계,봉은사,17055,17361,34416,-306,8,22,월
2022-08-22,9호선2~3단계,삼성중앙,7606,8176,15782,-570,8,22,월
2022-08-22,9호선2~3단계,선정릉,10503,11403,21906,-900,8,22,월
2022-08-22,9호선2~3단계,언주,11247,11537,22784,-290,8,22,월
2022-08-22,9호선,신논현,30109,29231,59340,878,8,22,월
2022-08-22,9호선,사평,3753,3744,7497,9,8,22,월
2022-08-22,9호선,고속터미널,12512,15861,28373,-3349,8,22,월
2022-08-22,9호선,신반포,3697,3693,7390,4,8,22,월
2022-08-22,9호선,구반포,1205,1216,2421,-11,8,22,월
2022-08-22,9호선,동작(현충원),1754,1333,3087,421,8,22,월
2022-08-22,9호선,흑석(중앙대입구),8163,8670,16833,-507,8,22,월
2022-08-22,9호선,노들,4674,3911,8585,763,8,22,월
2022-08-22,9호선,노량진,24886,24633,49519,253,8,22,월
2022-08-22,9호선,샛강,6311,6307,12618,4,8,22,월
2022-08-22,9호선,여의도,29535,28580,58115,955,8,22,월
2022-08-22,9호선,국회의사당,17064,18003,35067,-939,8,22,월
2022-08-22,9호선,당산,18406,18958,37364,-552,8,22,월
2022-08-22,9호선,선유도,8990,8619,17609,371,8,22,월
2022-08-22,9호선,신목동,4215,3725,7940,490,8,22,월
2022-08-22,9호선,염창,17505,17116,34621,389,8,22,월
2022-08-22,9호선,등촌,11875,11539,23414,336,8,22,월
2022-08-22,9호선,증미,7826,7648,15474,178,8,22,월
2022-08-22,9호선,가양,21375,20942,42317,433,8,22,월
2022-08-22,9호선,양천향교,10036,10301,20337,-265,8,22,월
2022-08-22,9호선,마곡나루(서울식물원),12153,12221,24374,-68,8,22,월
2022-08-22,9호선,신방화,6915,6921,13836,-6,8,22,월
2022-08-22,9호선,공항시장,3080,3379,6459,-299,8,22,월
2022-08-22,9호선,김포공항,7146,10727,17873,-3581,8,22,월
2022-08-22,9호선,개화,2828,1928,4756,900,8,22,월
2022-08-22,8호선,남위례,5483,5641,11124,-158,8,22,월
2022-08-22,8호선,모란,4420,3583,8003,837,8,22,월
2022-08-22,8호선,수진,5403,5150,10553,253,8,22,월
2022-08-22,8호선,신흥,4153,4512,8665,-359,8,22,월
2022-08-22,8호선,단대오거리,10308,10118,20426,190,8,22,월
2022-08-22,8호선,남한산성입구(성남법원.검찰청),13468,12149,25617,1319,8,22,월
2022-08-22,8호선,산성,5338,5409,10747,-71,8,22,월
2022-08-22,8호선,복정,8817,7541,16358,1276,8,22,월
2022-08-22,8호선,장지,16772,16090,32862,682,8,22,월
2022-08-22,8호선,문정,22255,23430,45685,-1175,8,22,월
2022-08-22,8호선,가락시장,7622,8495,16117,-873,8,22,월
2022-08-22,8호선,송파,8406,8370,16776,36,8,22,월
2022-08-22,8호선,석촌,7476,8485,15961,-1009,8,22,월
2022-08-22,8호선,잠실(송파구청),13927,15923,29850,-1996,8,22,월
2022-08-22,8호선,몽촌토성(평화의문),5923,6153,12076,-230,8,22,월
2022-08-22,8호선,강동구청,10342,10823,21165,-481,8,22,월
2022-08-22,8호선,천호(풍납토성),14247,16139,30386,-1892,8,22,월
2022-08-22,8호선,암사,18880,16712,35592,2168,8,22,월
2022-08-22,7호선,삼산체육관,1,0,1,1,8,22,월
2022-08-22,7호선,온수(성공회대입구),10159,9277,19436,882,8,22,월
2022-08-22,7호선,천왕,11608,11199,22807,409,8,22,월
2022-08-22,7호선,광명사거리,21492,21219,42711,273,8,22,월
2022-08-22,7호선,철산,20927,21268,42195,-341,8,22,월
2022-08-22,7호선,가산디지털단지,46136,46143,92279,-7,8,22,월
2022-08-22,7호선,남구로,16308,16942,33250,-634,8,22,월
2022-08-22,7호선,대림(구로구청),8317,8264,16581,53,8,22,월
2022-08-22,7호선,신풍,11646,11051,22697,595,8,22,월
2022-08-22,7호선,보라매,7757,7735,15492,22,8,22,월
2022-08-22,7호선,신대방삼거리,15131,14667,29798,464,8,22,월
2022-08-22,7호선,장승배기,9421,9305,18726,116,8,22,월
2022-08-22,7호선,상도,10721,10552,21273,169,8,22,월
2022-08-22,7호선,숭실대입구(살피재),11803,12117,23920,-314,8,22,월
2022-08-22,7호선,남성,11294,10610,21904,684,8,22,월
2022-08-22,7호선,이수,15509,14842,30351,667,8,22,월
2022-08-22,7호선,내방,14854,15098,29952,-244,8,22,월
2022-08-22,7호선,고속터미널,16330,13351,29681,2979,8,22,월
2022-08-22,7호선,반포,5828,5698,11526,130,8,22,월
2022-08-22,7호선,논현,19129,19987,39116,-858,8,22,월
2022-08-22,7호선,학동,24586,25810,50396,-1224,8,22,월
2022-08-22,7호선,강남구청,16672,18198,34870,-1526,8,22,월
2022-08-22,7호선,청담,20304,22347,42651,-2043,8,22,월
2022-08-22,7호선,뚝섬유원지,8653,8131,16784,522,8,22,월
2022-08-22,7호선,건대입구,12111,12684,24795,-573,8,22,월
2022-08-22,7호선,어린이대공원(세종대),13413,13579,26992,-166,8,22,월
2022-08-22,7호선,군자(능동),14943,12034,26977,2909,8,22,월
2022-08-22,7호선,중곡,11267,10543,21810,724,8,22,월
2022-08-22,7호선,용마산(용마폭포공원),5964,5787,11751,177,8,22,월
2022-08-22,7호선,사가정,15916,15875,31791,41,8,22,월
2022-08-22,7호선,면목,14767,14581,29348,186,8,22,월
2022-08-22,7호선,상봉(시외버스터미널),16506,15507,32013,999,8,22,월
2022-08-22,7호선,중화,10595,10370,20965,225,8,22,월
2022-08-22,7호선,먹골,9988,9904,19892,84,8,22,월
2022-08-22,7호선,태릉입구,8216,7715,15931,501,8,22,월
2022-08-22,7호선,공릉(서울과학기술대),11535,11516,23051,19,8,22,월
2022-08-22,7호선,하계,17269,16251,33520,1018,8,22,월
2022-08-22,7호선,중계,14156,12932,27088,1224,8,22,월
2022-08-22,7호선,노원,19327,19903,39230,-576,8,22,월
2022-08-22,7호선,마들,13021,12215,25236,806,8,22,월
2022-08-22,7호선,수락산,12551,12691,25242,-140,8,22,월
2022-08-22,7호선,도봉산,8819,9798,18617,-979,8,22,월
2022-08-22,7호선,장암,2352,903,3255,1449,8,22,월
2022-08-22,6호선,봉화산(서울의료원),9064,8497,17561,567,8,22,월
2022-08-22,6호선,화랑대(서울여대입구),11318,8775,20093,2543,8,22,월
2022-08-22,6호선,태릉입구,5403,5843,11246,-440,8,22,월
2022-08-22,6호선,석계,12023,12680,24703,-657,8,22,월
2022-08-22,6호선,돌곶이,10736,10072,20808,664,8,22,월
2022-08-22,6호선,상월곡(한국과학기술연구원),6280,5756,12036,524,8,22,월
2022-08-22,6호선,월곡(동덕여대),11943,12012,23955,-69,8,22,월
2022-08-22,6호선,고려대(종암),8251,7968,16219,283,8,22,월
2022-08-22,6호선,안암(고대병원앞),10580,10909,21489,-329,8,22,월
2022-08-22,6호선,보문,7491,6878,14369,613,8,22,월
2022-08-22,6호선,창신,3627,2913,6540,714,8,22,월
2022-08-22,6호선,동묘앞,7786,7904,15690,-118,8,22,월
2022-08-22,6호선,신당,8125,8570,16695,-445,8,22,월
2022-08-22,6호선,청구,3697,3822,7519,-125,8,22,월
2022-08-22,6호선,약수,3715,3705,7420,10,8,22,월
2022-08-22,6호선,버티고개,2138,2195,4333,-57,8,22,월
2022-08-22,6호선,한강진,7044,8098,15142,-1054,8,22,월
2022-08-22,6호선,이태원,10615,10960,21575,-345,8,22,월
2022-08-22,6호선,녹사평(용산구청),4664,4586,9250,78,8,22,월
2022-08-22,6호선,삼각지,6217,5434,11651,783,8,22,월
2022-08-22,6호선,효창공원앞,6995,6382,13377,613,8,22,월
2022-08-22,6호선,공덕,18410,17928,36338,482,8,22,월
2022-08-22,6호선,대흥(서강대앞),8236,8409,16645,-173,8,22,월
2022-08-22,6호선,광흥창(서강),9331,9189,18520,142,8,22,월
2022-08-22,6호선,상수,8430,9300,17730,-870,8,22,월
2022-08-22,6호선,합정,12627,12294,24921,333,8,22,월
2022-08-22,6호선,망원,13418,14355,27773,-937,8,22,월
2022-08-22,6호선,마포구청,14502,13233,27735,1269,8,22,월
2022-08-22,6호선,월드컵경기장(성산),4230,4443,8673,-213,8,22,월
2022-08-22,6호선,디지털미디어시티,14403,16214,30617,-1811,8,22,월
2022-08-22,6호선,증산(명지대앞),9772,9794,19566,-22,8,22,월
2022-08-22,6호선,새절(신사),12387,11418,23805,969,8,22,월
2022-08-22,6호선,구산,7904,6165,14069,1739,8,22,월
2022-08-22,6호선,연신내,1,0,1,1,8,22,월
2022-08-22,6호선,독바위,2783,2965,5748,-182,8,22,월
2022-08-22,6호선,불광,4147,4190,8337,-43,8,22,월
2022-08-22,6호선,역촌,3947,4534,8481,-587,8,22,월
2022-08-22,6호선,응암,17275,17289,34564,-14,8,22,월
2022-08-22,5호선,하남검단산,5962,5680,11642,282,8,22,월
2022-08-22,5호선,하남시청(덕풍·신장),6870,6737,13607,133,8,22,월
2022-08-22,5호선,하남풍산,4375,4227,8602,148,8,22,월
2022-08-22,5호선,미사,16182,16477,32659,-295,8,22,월
2022-08-22,5호선,강일,4683,4453,9136,230,8,22,월
2022-08-22,5호선,마천,7399,7082,14481,317,8,22,월
2022-08-22,5호선,거여,10277,9955,20232,322,8,22,월
2022-08-22,5호선,개롱,6567,6876,13443,-309,8,22,월
2022-08-22,5호선,오금,3940,3943,7883,-3,8,22,월
2022-08-22,5호선,방이,6834,7182,14016,-348,8,22,월
2022-08-22,5호선,올림픽공원(한국체대),4593,3921,8514,672,8,22,월
2022-08-22,5호선,둔촌동,8372,7928,16300,444,8,22,월
2022-08-22,5호선,상일동,14888,13779,28667,1109,8,22,월
2022-08-22,5호선,고덕,10102,9989,20091,113,8,22,월
2022-08-22,5호선,명일,8527,8965,17492,-438,8,22,월
2022-08-22,5호선,굽은다리(강동구민회관앞),9532,9159,18691,373,8,22,월
2022-08-22,5호선,길동,7917,8288,16205,-371,8,22,월
2022-08-22,5호선,강동,18715,18147,36862,568,8,22,월
2022-08-22,5호선,천호(풍납토성),17800,17889,35689,-89,8,22,월
2022-08-22,5호선,광나루(장신대),13392,12272,25664,1120,8,22,월
2022-08-22,5호선,아차산(어린이대공원후문),14206,13812,28018,394,8,22,월
2022-08-22,5호선,군자(능동),10848,11922,22770,-1074,8,22,월
2022-08-22,5호선,장한평,18298,18115,36413,183,8,22,월
2022-08-22,5호선,답십리,16496,15006,31502,1490,8,22,월
2022-08-22,5호선,마장,5560,5218,10778,342,8,22,월
2022-08-22,5호선,왕십리(성동구청),4465,5093,9558,-628,8,22,월
2022-08-22,5호선,행당,8130,7311,15441,819,8,22,월
2022-08-22,5호선,신금호,6426,6798,13224,-372,8,22,월
2022-08-22,5호선,청구,3938,3725,7663,213,8,22,월
2022-08-22,5호선,동대문역사문화공원(DDP),3220,3629,6849,-409,8,22,월
2022-08-22,5호선,을지로4가,6320,6444,12764,-124,8,22,월
2022-08-22,5호선,종로3가,12385,12165,24550,220,8,22,월
2022-08-22,5호선,광화문(세종문화회관),33088,34770,67858,-1682,8,22,월
2022-08-22,5호선,서대문,20137,20254,40391,-117,8,22,월
2022-08-22,5호선,충정로(경기대입구),4711,4792,9503,-81,8,22,월
2022-08-22,5호선,애오개,6757,6654,13411,103,8,22,월
2022-08-22,5호선,공덕,14274,14968,29242,-694,8,22,월
2022-08-22,5호선,마포,14350,14534,28884,-184,8,22,월
2022-08-22,5호선,여의나루,11974,13072,25046,-1098,8,22,월
2022-08-22,5호선,여의도,29642,31370,61012,-1728,8,22,월
2022-08-22,5호선,신길,4256,4504,8760,-248,8,22,월
2022-08-22,5호선,영등포시장,9975,10264,20239,-289,8,22,월
2022-08-22,5호선,영등포구청,4659,4283,8942,376,8,22,월
2022-08-22,5호선,양평,7631,7654,15285,-23,8,22,월
2022-08-22,5호선,오목교(목동운동장앞),21255,22819,44074,-1564,8,22,월
2022-08-22,5호선,목동,16957,18214,35171,-1257,8,22,월
2022-08-22,5호선,신정(은행정),13894,11452,25346,2442,8,22,월
2022-08-22,5호선,까치산,28841,27369,56210,1472,8,22,월
2022-08-22,5호선,화곡,28782,27062,55844,1720,8,22,월
2022-08-22,5호선,우장산,15208,14982,30190,226,8,22,월
2022-08-22,5호선,발산,20562,21134,41696,-572,8,22,월
2022-08-22,5호선,마곡,10965,11024,21989,-59,8,22,월
2022-08-22,5호선,송정,6583,5987,12570,596,8,22,월
2022-08-22,5호선,김포공항,7283,7032,14315,251,8,22,월
2022-08-22,5호선,개화산,5755,5529,11284,226,8,22,월
2022-08-22,5호선,방화,6789,6469,13258,320,8,22,월
2022-08-22,4호선,남태령,1295,1171,2466,124,8,22,월
2022-08-22,4호선,사당,24011,19802,43813,4209,8,22,월
2022-08-22,4호선,총신대입구(이수),18696,20219,38915,-1523,8,22,월
2022-08-22,4호선,동작(현충원),1245,1424,2669,-179,8,22,월
2022-08-22,4호선,이촌(국립중앙박물관),8498,9441,17939,-943,8,22,월
2022-08-22,4호선,신용산,16169,16905,33074,-736,8,22,월
2022-08-22,4호선,삼각지,5166,5695,10861,-529,8,22,월
2022-08-22,4호선,숙대입구(갈월),12893,12446,25339,447,8,22,월
2022-08-22,4호선,서울역,11560,17280,28840,-5720,8,22,월
2022-08-22,4호선,회현(남대문시장),24858,25777,50635,-919,8,22,월
2022-08-22,4호선,명동,20200,20865,41065,-665,8,22,월
2022-08-22,4호선,충무로,25181,26565,51746,-1384,8,22,월
2022-08-22,4호선,동대문역사문화공원(DDP),15254,13481,28735,1773,8,22,월
2022-08-22,4호선,동대문,20344,20859,41203,-515,8,22,월
2022-08-22,4호선,혜화,30678,30776,61454,-98,8,22,월
2022-08-22,4호선,한성대입구(삼선교),12753,12101,24854,652,8,22,월
2022-08-22,4호선,성신여대입구(돈암),18992,18425,37417,567,8,22,월
2022-08-22,4호선,길음,19694,19630,39324,64,8,22,월
2022-08-22,4호선,미아사거리,26051,25382,51433,669,8,22,월
2022-08-22,4호선,미아(서울사이버대학),14728,14184,28912,544,8,22,월
2022-08-22,4호선,수유(강북구청),32652,32889,65541,-237,8,22,월
2022-08-22,4호선,쌍문,28361,26736,55097,1625,8,22,월
2022-08-22,4호선,창동,24780,26050,50830,-1270,8,22,월
2022-08-22,4호선,노원,17910,19759,37669,-1849,8,22,월
2022-08-22,4호선,상계,18866,17577,36443,1289,8,22,월
2022-08-22,4호선,당고개,9162,8273,17435,889,8,22,월
2022-08-22,3호선,오금,6277,5636,11913,641,8,22,월
2022-08-22,3호선,경찰병원,7525,7772,15297,-247,8,22,월
2022-08-22,3호선,가락시장,8926,8744,17670,182,8,22,월
2022-08-22,3호선,수서,17288,17485,34773,-197,8,22,월
2022-08-22,3호선,일원,11094,10552,21646,542,8,22,월
2022-08-22,3호선,대청,10979,10259,21238,720,8,22,월
2022-08-22,3호선,학여울,1824,1820,3644,4,8,22,월
2022-08-22,3호선,대치,11212,11523,22735,-311,8,22,월
2022-08-22,3호선,도곡,5264,5440,10704,-176,8,22,월
2022-08-22,3호선,매봉,12593,11849,24442,744,8,22,월
2022-08-22,3호선,양재(서초구청),36998,40610,77608,-3612,8,22,월
2022-08-22,3호선,남부터미널(예술의전당),28688,29057,57745,-369,8,22,월
2022-08-22,3호선,교대(법원.검찰청),14764,9695,24459,5069,8,22,월
2022-08-22,3호선,고속터미널,40994,38761,79755,2233,8,22,월
2022-08-22,3호선,잠원,4845,4721,9566,124,8,22,월
2022-08-22,3호선,신사,28374,29727,58101,-1353,8,22,월
2022-08-22,3호선,압구정,31660,33978,65638,-2318,8,22,월
2022-08-22,3호선,옥수,8746,9058,17804,-312,8,22,월
2022-08-22,3호선,금호,7761,7383,15144,378,8,22,월
2022-08-22,3호선,약수,13107,12836,25943,271,8,22,월
2022-08-22,3호선,동대입구,7316,7748,15064,-432,8,22,월
2022-08-22,3호선,충무로,1,0,1,1,8,22,월
2022-08-22,3호선,을지로3가,11060,10895,21955,165,8,22,월
2022-08-22,3호선,종로3가,10253,11894,22147,-1641,8,22,월
2022-08-22,3호선,안국,21705,22046,43751,-341,8,22,월
2022-08-22,3호선,경복궁(정부서울청사),20217,20949,41166,-732,8,22,월
2022-08-22,3호선,독립문,6815,6764,13579,51,8,22,월
2022-08-22,3호선,무악재,3918,3889,7807,29,8,22,월
2022-08-22,3호선,홍제,17049,16070,33119,979,8,22,월
2022-08-22,3호선,녹번,15502,14197,29699,1305,8,22,월
2022-08-22,3호선,불광,15838,16598,32436,-760,8,22,월
2022-08-22,3호선,연신내,35915,33976,69891,1939,8,22,월
2022-08-22,3호선,구파발,21067,20359,41426,708,8,22,월
2022-08-22,3호선,지축,5366,5213,10579,153,8,22,월
2022-08-22,2호선,용두(동대문구청),2364,2391,4755,-27,8,22,월
2022-08-22,2호선,신정네거리,10161,10544,20705,-383,8,22,월
2022-08-22,2호선,양천구청,6858,7143,14001,-285,8,22,월
2022-08-22,2호선,도림천,1482,1572,3054,-90,8,22,월
2022-08-22,2호선,신설동,3221,3166,6387,55,8,22,월
2022-08-22,2호선,신답,1715,1977,3692,-262,8,22,월
2022-08-22,2호선,용답,2872,2774,5646,98,8,22,월
2022-08-22,2호선,충정로(경기대입구),10085,10702,20787,-617,8,22,월
2022-08-22,2호선,아현,10233,9786,20019,447,8,22,월
2022-08-22,2호선,이대,13078,14106,27184,-1028,8,22,월
2022-08-22,2호선,신촌,34372,34829,69201,-457,8,22,월
2022-08-22,2호선,홍대입구,56197,59068,115265,-2871,8,22,월
2022-08-22,2호선,합정,29703,31601,61304,-1898,8,22,월
2022-08-22,2호선,당산,17710,20892,38602,-3182,8,22,월
2022-08-22,2호선,영등포구청,21829,23024,44853,-1195,8,22,월
2022-08-22,2호선,문래,22532,23015,45547,-483,8,22,월
2022-08-22,2호선,신도림,46997,45741,92738,1256,8,22,월
2022-08-22,2호선,대림(구로구청),24301,24756,49057,-455,8,22,월
2022-08-22,2호선,구로디지털단지,59729,60115,119844,-386,8,22,월
2022-08-22,2호선,신대방,25008,24350,49358,658,8,22,월
2022-08-22,2호선,신림,57190,54514,111704,2676,8,22,월
2022-08-22,2호선,봉천,24315,23072,47387,1243,8,22,월
2022-08-22,2호선,서울대입구(관악구청),45568,45275,90843,293,8,22,월
2022-08-22,2호선,낙성대(강감찬),27013,26745,53758,268,8,22,월
2022-08-22,2호선,사당,36501,39370,75871,-2869,8,22,월
2022-08-22,2호선,방배,16363,16844,33207,-481,8,22,월
2022-08-22,2호선,서초,22322,21573,43895,749,8,22,월
2022-08-22,2호선,교대(법원.검찰청),34579,39156,73735,-4577,8,22,월
2022-08-22,2호선,강남,82641,79316,161957,3325,8,22,월
2022-08-22,2호선,역삼,54993,62152,117145,-7159,8,22,월
2022-08-22,2호선,선릉,59405,53055,112460,6350,8,22,월
2022-08-22,2호선,삼성(무역센터),52157,52929,105086,-772,8,22,월
2022-08-22,2호선,종합운동장,6891,7454,14345,-563,8,22,월
2022-08-22,2호선,잠실새내,21408,21127,42535,281,8,22,월
2022-08-22,2호선,잠실(송파구청),67520,66850,134370,670,8,22,월
2022-08-22,2호선,잠실나루,14920,14816,29736,104,8,22,월
2022-08-22,2호선,강변(동서울터미널),32258,30079,62337,2179,8,22,월
2022-08-22,2호선,구의(광진구청),23235,23156,46391,79,8,22,월
2022-08-22,2호선,건대입구,33143,35825,68968,-2682,8,22,월
2022-08-22,2호선,성수,38150,41093,79243,-2943,8,22,월
2022-08-22,2호선,뚝섬,21709,23559,45268,-1850,8,22,월
2022-08-22,2호선,한양대,6879,7571,14450,-692,8,22,월
2022-08-22,2호선,왕십리(성동구청),15949,12892,28841,3057,8,22,월
2022-08-22,2호선,상왕십리,14136,13908,28044,228,8,22,월
2022-08-22,2호선,신당,13779,13988,27767,-209,8,22,월
2022-08-22,2호선,동대문역사문화공원(DDP),12271,13897,26168,-1626,8,22,월
2022-08-22,2호선,을지로4가,13643,13688,27331,-45,8,22,월
2022-08-22,2호선,을지로3가,23973,23944,47917,29,8,22,월
2022-08-22,2호선,을지로입구,38751,40379,79130,-1628,8,22,월
2022-08-22,2호선,시청,23530,23071,46601,459,8,22,월
2022-08-22,1호선,동묘앞,7484,7838,15322,-354,8,22,월
2022-08-22,1호선,청량리(서울시립대입구),19767,19731,39498,36,8,22,월
2022-08-22,1호선,제기동,17180,17839,35019,-659,8,22,월
2022-08-22,1호선,신설동,13533,13250,26783,283,8,22,월
2022-08-22,1호선,동대문,10784,10111,20895,673,8,22,월
2022-08-22,1호선,종로3가,25365,23195,48560,2170,8,22,월
2022-08-22,1호선,종각,37521,36719,74240,802,8,22,월
2022-08-23,2호선,방배,16791,17448,34239,-657,8,23,화
2022-08-23,6호선,응암,17657,17551,35208,106,8,23,화
2022-08-23,1호선,서울역,46672,44148,90820,2524,8,23,화
2022-08-23,1호선,시청,26097,26901,52998,-804,8,23,화
2022-08-23,1호선,종각,37839,37299,75138,540,8,23,화
2022-08-23,1호선,종로3가,26083,23818,49901,2265,8,23,화
2022-08-23,1호선,종로5가,23191,22876,46067,315,8,23,화
2022-08-23,1호선,동대문,10946,10074,21020,872,8,23,화
2022-08-23,1호선,신설동,13664,13140,26804,524,8,23,화
2022-08-23,1호선,제기동,17665,17970,35635,-305,8,23,화
2022-08-23,1호선,청량리(서울시립대입구),20047,19865,39912,182,8,23,화
2022-08-23,1호선,동묘앞,7963,8268,16231,-305,8,23,화
2022-08-23,2호선,시청,26583,25804,52387,779,8,23,화
2022-08-23,2호선,을지로입구,44165,45421,89586,-1256,8,23,화
2022-08-23,2호선,을지로3가,24120,24798,48918,-678,8,23,화
2022-08-23,2호선,을지로4가,14385,14328,28713,57,8,23,화
2022-08-23,2호선,동대문역사문화공원(DDP),12850,14485,27335,-1635,8,23,화
2022-08-23,2호선,신당,14332,14615,28947,-283,8,23,화
2022-08-23,2호선,상왕십리,14442,13963,28405,479,8,23,화
2022-08-23,2호선,왕십리(성동구청),15869,13285,29154,2584,8,23,화
2022-08-23,2호선,한양대,7199,7713,14912,-514,8,23,화
2022-08-23,2호선,뚝섬,23092,25020,48112,-1928,8,23,화
2022-08-23,2호선,성수,39249,43173,82422,-3924,8,23,화
2022-08-23,2호선,건대입구,33521,36923,70444,-3402,8,23,화
2022-08-23,2호선,구의(광진구청),24480,23936,48416,544,8,23,화
2022-08-23,2호선,강변(동서울터미널),30986,29058,60044,1928,8,23,화
2022-08-23,2호선,잠실나루,15375,15089,30464,286,8,23,화
2022-08-23,2호선,잠실(송파구청),71950,71441,143391,509,8,23,화
2022-08-23,2호선,잠실새내,21906,21846,43752,60,8,23,화
2022-08-23,2호선,종합운동장,9106,9707,18813,-601,8,23,화
2022-08-23,2호선,삼성(무역센터),54659,55671,110330,-1012,8,23,화
2022-08-23,2호선,선릉,61082,54085,115167,6997,8,23,화
2022-08-23,2호선,역삼,56800,64729,121529,-7929,8,23,화
2022-08-23,2호선,강남,84933,81540,166473,3393,8,23,화
2022-08-23,2호선,교대(법원.검찰청),35592,40068,75660,-4476,8,23,화
2022-08-23,2호선,서초,22704,21932,44636,772,8,23,화
2022-08-23,2호선,사당,38550,41398,79948,-2848,8,23,화
2022-08-23,2호선,낙성대(강감찬),28238,27431,55669,807,8,23,화
2022-08-23,2호선,서울대입구(관악구청),47189,46222,93411,967,8,23,화
2022-08-23,2호선,봉천,25102,23347,48449,1755,8,23,화
2022-08-23,2호선,신림,58374,56118,114492,2256,8,23,화
2022-08-23,2호선,신대방,25662,25344,51006,318,8,23,화
2022-08-23,2호선,구로디지털단지,61014,61314,122328,-300,8,23,화
2022-08-23,2호선,대림(구로구청),24482,25052,49534,-570,8,23,화
2022-08-23,2호선,신도림,47287,46676,93963,611,8,23,화
2022-08-23,2호선,문래,23106,23768,46874,-662,8,23,화
2022-08-23,2호선,영등포구청,22536,23458,45994,-922,8,23,화
2022-08-23,2호선,당산,18502,21990,40492,-3488,8,23,화
2022-08-23,2호선,합정,31197,33323,64520,-2126,8,23,화
2022-08-23,2호선,홍대입구,56753,60301,117054,-3548,8,23,화
2022-08-23,2호선,신촌,34654,35464,70118,-810,8,23,화
2022-08-23,2호선,이대,13529,13983,27512,-454,8,23,화
2022-08-23,2호선,아현,10811,10251,21062,560,8,23,화
2022-08-23,2호선,충정로(경기대입구),10344,10981,21325,-637,8,23,화
2022-08-23,2호선,용답,2854,2684,5538,170,8,23,화
2022-08-23,2호선,신답,1776,1991,3767,-215,8,23,화
2022-08-23,2호선,신설동,3125,3143,6268,-18,8,23,화
2022-08-23,2호선,도림천,1498,1543,3041,-45,8,23,화
2022-08-23,2호선,양천구청,7060,7344,14404,-284,8,23,화
2022-08-23,2호선,신정네거리,10705,11125,21830,-420,8,23,화
2022-08-23,2호선,용두(동대문구청),2546,2503,5049,43,8,23,화
2022-08-23,3호선,지축,5375,5290,10665,85,8,23,화
2022-08-23,3호선,구파발,21632,20755,42387,877,8,23,화
2022-08-23,3호선,연신내,36726,34427,71153,2299,8,23,화
2022-08-23,3호선,불광,16462,17496,33958,-1034,8,23,화
2022-08-23,3호선,녹번,15617,14079,29696,1538,8,23,화
2022-08-23,3호선,홍제,17752,16738,34490,1014,8,23,화
2022-08-23,3호선,무악재,4016,3952,7968,64,8,23,화
2022-08-23,3호선,독립문,7311,7327,14638,-16,8,23,화
2022-08-23,3호선,경복궁(정부서울청사),20443,20087,40530,356,8,23,화
2022-08-23,3호선,안국,22491,23791,46282,-1300,8,23,화
2022-08-23,3호선,종로3가,10366,12012,22378,-1646,8,23,화
2022-08-23,3호선,을지로3가,11036,11234,22270,-198,8,23,화
2022-08-23,3호선,충무로,2,0,2,2,8,23,화
2022-08-23,3호선,동대입구,7862,8459,16321,-597,8,23,화
2022-08-23,3호선,약수,13577,13105,26682,472,8,23,화
2022-08-23,3호선,금호,8146,7488,15634,658,8,23,화
2022-08-23,3호선,옥수,9143,9330,18473,-187,8,23,화
2022-08-23,3호선,압구정,33259,35330,68589,-2071,8,23,화
2022-08-23,3호선,신사,29414,31083,60497,-1669,8,23,화
2022-08-23,3호선,잠원,5073,4798,9871,275,8,23,화
2022-08-23,3호선,고속터미널,41306,39153,80459,2153,8,23,화
2022-08-23,3호선,교대(법원.검찰청),14992,9905,24897,5087,8,23,화
2022-08-23,3호선,남부터미널(예술의전당),29532,30118,59650,-586,8,23,화
2022-08-23,3호선,양재(서초구청),38518,42264,80782,-3746,8,23,화
2022-08-23,3호선,매봉,12907,12409,25316,498,8,23,화
2022-08-23,3호선,도곡,5184,5492,10676,-308,8,23,화
2022-08-23,3호선,대치,11608,11835,23443,-227,8,23,화
2022-08-23,3호선,학여울,1950,1994,3944,-44,8,23,화
2022-08-23,3호선,대청,11124,10226,21350,898,8,23,화
2022-08-23,3호선,일원,11257,10543,21800,714,8,23,화
2022-08-23,3호선,수서,17364,17521,34885,-157,8,23,화
2022-08-23,3호선,가락시장,9200,9108,18308,92,8,23,화
2022-08-23,3호선,경찰병원,7585,7671,15256,-86,8,23,화
2022-08-23,3호선,오금,6499,5789,12288,710,8,23,화
2022-08-23,4호선,당고개,9200,8115,17315,1085,8,23,화
2022-08-23,4호선,상계,19271,17994,37265,1277,8,23,화
2022-08-23,4호선,노원,18465,21161,39626,-2696,8,23,화
2022-08-23,4호선,창동,25294,26765,52059,-1471,8,23,화
2022-08-23,4호선,쌍문,28848,27046,55894,1802,8,23,화
2022-08-23,4호선,수유(강북구청),33231,33660,66891,-429,8,23,화
2022-08-23,4호선,미아(서울사이버대학),15136,14589,29725,547,8,23,화
2022-08-23,4호선,미아사거리,27008,26495,53503,513,8,23,화
2022-08-23,4호선,길음,20607,20374,40981,233,8,23,화
2022-08-23,4호선,성신여대입구(돈암),19603,19110,38713,493,8,23,화
2022-08-23,4호선,한성대입구(삼선교),13377,12743,26120,634,8,23,화
2022-08-23,4호선,혜화,32755,32818,65573,-63,8,23,화
2022-08-23,4호선,동대문,20462,21021,41483,-559,8,23,화
2022-08-23,4호선,동대문역사문화공원(DDP),15894,13970,29864,1924,8,23,화
2022-08-23,4호선,충무로,26796,28025,54821,-1229,8,23,화
2022-08-23,4호선,명동,21214,21752,42966,-538,8,23,화
2022-08-23,4호선,회현(남대문시장),25408,26639,52047,-1231,8,23,화
2022-08-23,4호선,서울역,11841,17625,29466,-5784,8,23,화
2022-08-23,4호선,숙대입구(갈월),13332,12992,26324,340,8,23,화
2022-08-23,4호선,삼각지,5347,6049,11396,-702,8,23,화
2022-08-23,4호선,신용산,18307,19230,37537,-923,8,23,화
2022-08-23,4호선,이촌(국립중앙박물관),9446,10363,19809,-917,8,23,화
2022-08-23,4호선,동작(현충원),1459,1614,3073,-155,8,23,화
2022-08-23,4호선,총신대입구(이수),18991,20540,39531,-1549,8,23,화
2022-08-23,4호선,사당,25246,21030,46276,4216,8,23,화
2022-08-23,4호선,남태령,1525,1321,2846,204,8,23,화
2022-08-23,5호선,방화,7040,6788,13828,252,8,23,화
2022-08-23,5호선,개화산,5913,5538,11451,375,8,23,화
2022-08-23,5호선,김포공항,7438,7130,14568,308,8,23,화
2022-08-23,5호선,송정,6748,6272,13020,476,8,23,화
2022-08-23,5호선,마곡,11192,11274,22466,-82,8,23,화
2022-08-23,5호선,발산,21838,22461,44299,-623,8,23,화
2022-08-23,5호선,우장산,15359,15241,30600,118,8,23,화
2022-08-23,5호선,화곡,29421,27216,56637,2205,8,23,화
2022-08-23,5호선,까치산,29490,28026,57516,1464,8,23,화
2022-08-23,5호선,신정(은행정),14260,11689,25949,2571,8,23,화
2022-08-23,5호선,목동,17387,18486,35873,-1099,8,23,화
2022-08-23,5호선,오목교(목동운동장앞),22416,23893,46309,-1477,8,23,화
2022-08-23,5호선,양평,7776,7692,15468,84,8,23,화
2022-08-23,5호선,영등포구청,4391,4305,8696,86,8,23,화
2022-08-23,5호선,영등포시장,10261,10428,20689,-167,8,23,화
2022-08-23,5호선,신길,4293,4617,8910,-324,8,23,화
2022-08-23,5호선,여의도,29977,32407,62384,-2430,8,23,화
2022-08-23,5호선,여의나루,13290,14476,27766,-1186,8,23,화
2022-08-23,5호선,마포,14775,15310,30085,-535,8,23,화
2022-08-23,5호선,공덕,14910,15634,30544,-724,8,23,화
2022-08-23,5호선,애오개,6982,6905,13887,77,8,23,화
2022-08-23,5호선,충정로(경기대입구),4758,4868,9626,-110,8,23,화
2022-08-23,5호선,서대문,20249,20732,40981,-483,8,23,화
2022-08-23,5호선,광화문(세종문화회관),32899,34459,67358,-1560,8,23,화
2022-08-23,5호선,종로3가,13112,12898,26010,214,8,23,화
2022-08-23,5호선,을지로4가,6654,6835,13489,-181,8,23,화
2022-08-23,5호선,동대문역사문화공원(DDP),3199,3734,6933,-535,8,23,화
2022-08-23,5호선,청구,4026,3777,7803,249,8,23,화
2022-08-23,5호선,신금호,6681,6967,13648,-286,8,23,화
2022-08-23,5호선,행당,8402,7509,15911,893,8,23,화
2022-08-23,5호선,왕십리(성동구청),4405,5153,9558,-748,8,23,화
2022-08-23,5호선,마장,5771,5313,11084,458,8,23,화
2022-08-23,5호선,답십리,16741,15299,32040,1442,8,23,화
2022-08-23,5호선,장한평,18889,18593,37482,296,8,23,화
2022-08-23,5호선,군자(능동),11247,12136,23383,-889,8,23,화
2022-08-23,5호선,아차산(어린이대공원후문),14810,14221,29031,589,8,23,화
2022-08-23,5호선,광나루(장신대),14033,12657,26690,1376,8,23,화
2022-08-23,5호선,천호(풍납토성),18416,18283,36699,133,8,23,화
2022-08-23,5호선,강동,18860,18385,37245,475,8,23,화
2022-08-23,5호선,길동,8196,8474,16670,-278,8,23,화
2022-08-23,5호선,굽은다리(강동구민회관앞),9734,9181,18915,553,8,23,화
2022-08-23,5호선,명일,8623,8980,17603,-357,8,23,화
2022-08-23,5호선,고덕,10188,10068,20256,120,8,23,화
2022-08-23,5호선,상일동,15319,14126,29445,1193,8,23,화
2022-08-23,5호선,둔촌동,8297,8282,16579,15,8,23,화
2022-08-23,5호선,올림픽공원(한국체대),4740,4057,8797,683,8,23,화
2022-08-23,5호선,방이,7221,7593,14814,-372,8,23,화
2022-08-23,5호선,오금,3948,3892,7840,56,8,23,화
2022-08-23,5호선,개롱,6521,6890,13411,-369,8,23,화
2022-08-23,5호선,거여,10595,10007,20602,588,8,23,화
2022-08-23,5호선,마천,7369,7184,14553,185,8,23,화
2022-08-23,5호선,강일,4728,4539,9267,189,8,23,화
2022-08-23,5호선,미사,16434,16687,33121,-253,8,23,화
2022-08-23,5호선,하남풍산,4299,4280,8579,19,8,23,화
2022-08-23,5호선,하남시청(덕풍·신장),7193,6883,14076,310,8,23,화
2022-08-23,5호선,하남검단산,5979,5608,11587,371,8,23,화
2022-08-23,6호선,역촌,3898,4473,8371,-575,8,23,화
2022-08-23,6호선,불광,4418,4372,8790,46,8,23,화
2022-08-23,6호선,독바위,2857,2909,5766,-52,8,23,화
2022-08-23,6호선,연신내,2,0,2,2,8,23,화
2022-08-23,6호선,구산,8174,6310,14484,1864,8,23,화
2022-08-23,6호선,새절(신사),12689,11755,24444,934,8,23,화
2022-08-23,6호선,증산(명지대앞),10023,10006,20029,17,8,23,화
2022-08-23,6호선,디지털미디어시티,14919,16695,31614,-1776,8,23,화
2022-08-23,6호선,월드컵경기장(성산),4469,4754,9223,-285,8,23,화
2022-08-23,6호선,마포구청,14860,13239,28099,1621,8,23,화
2022-08-23,6호선,망원,13969,15020,28989,-1051,8,23,화
2022-08-23,6호선,합정,13081,13128,26209,-47,8,23,화
2022-08-23,6호선,상수,8450,9540,17990,-1090,8,23,화
2022-08-23,6호선,광흥창(서강),9641,9313,18954,328,8,23,화
2022-08-23,6호선,대흥(서강대앞),8673,8671,17344,2,8,23,화
2022-08-23,6호선,공덕,19049,18578,37627,471,8,23,화
2022-08-23,6호선,효창공원앞,7230,6364,13594,866,8,23,화
2022-08-23,6호선,삼각지,7204,6177,13381,1027,8,23,화
2022-08-23,6호선,녹사평(용산구청),4995,5031,10026,-36,8,23,화
2022-08-23,6호선,이태원,10992,11737,22729,-745,8,23,화
2022-08-23,6호선,한강진,8018,9244,17262,-1226,8,23,화
2022-08-23,6호선,버티고개,2138,2209,4347,-71,8,23,화
2022-08-23,6호선,약수,3788,3693,7481,95,8,23,화
2022-08-23,6호선,청구,3891,4030,7921,-139,8,23,화
2022-08-23,6호선,신당,8680,9225,17905,-545,8,23,화
2022-08-23,6호선,동묘앞,7935,8059,15994,-124,8,23,화
2022-08-23,6호선,창신,3684,2998,6682,686,8,23,화
2022-08-23,6호선,보문,7641,6935,14576,706,8,23,화
2022-08-23,6호선,안암(고대병원앞),11053,11010,22063,43,8,23,화
2022-08-23,6호선,고려대(종암),8212,7835,16047,377,8,23,화
2022-08-23,6호선,월곡(동덕여대),11918,11904,23822,14,8,23,화
2022-08-23,6호선,상월곡(한국과학기술연구원),6275,5634,11909,641,8,23,화
2022-08-23,6호선,돌곶이,9686,8881,18567,805,8,23,화
2022-08-23,6호선,석계,12418,12897,25315,-479,8,23,화
2022-08-23,6호선,태릉입구,5632,5970,11602,-338,8,23,화
2022-08-23,6호선,화랑대(서울여대입구),11671,9100,20771,2571,8,23,화
2022-08-23,6호선,봉화산(서울의료원),9165,8626,17791,539,8,23,화
2022-08-23,6호선,신내,1,0,1,1,8,23,화
2022-08-23,7호선,장암,2426,1004,3430,1422,8,23,화
2022-08-23,7호선,도봉산,9070,10207,19277,-1137,8,23,화
2022-08-23,7호선,수락산,12722,12639,25361,83,8,23,화
2022-08-23,7호선,마들,13399,12515,25914,884,8,23,화
2022-08-23,7호선,노원,19858,21008,40866,-1150,8,23,화
2022-08-23,7호선,중계,15007,13566,28573,1441,8,23,화
2022-08-23,7호선,하계,18120,16803,34923,1317,8,23,화
2022-08-23,7호선,공릉(서울과학기술대),11649,11701,23350,-52,8,23,화
2022-08-23,7호선,태릉입구,8568,8076,16644,492,8,23,화
2022-08-23,7호선,먹골,10304,10189,20493,115,8,23,화
2022-08-23,7호선,중화,10880,10570,21450,310,8,23,화
2022-08-23,7호선,상봉(시외버스터미널),17000,16031,33031,969,8,23,화
2022-08-23,7호선,면목,15246,14817,30063,429,8,23,화
2022-08-23,7호선,사가정,16195,16136,32331,59,8,23,화
2022-08-23,7호선,용마산(용마폭포공원),6068,5806,11874,262,8,23,화
2022-08-23,7호선,중곡,11275,10612,21887,663,8,23,화
2022-08-23,7호선,군자(능동),15161,12232,27393,2929,8,23,화
2022-08-23,7호선,어린이대공원(세종대),13254,13257,26511,-3,8,23,화
2022-08-23,7호선,건대입구,12718,13214,25932,-496,8,23,화
2022-08-23,7호선,뚝섬유원지,9559,9039,18598,520,8,23,화
2022-08-23,7호선,청담,21060,23185,44245,-2125,8,23,화
2022-08-23,7호선,강남구청,17437,19508,36945,-2071,8,23,화
2022-08-23,7호선,학동,25254,26516,51770,-1262,8,23,화
2022-08-23,7호선,논현,19498,20436,39934,-938,8,23,화
2022-08-23,7호선,반포,6154,5978,12132,176,8,23,화
2022-08-23,7호선,고속터미널,15865,13524,29389,2341,8,23,화
2022-08-23,7호선,내방,15002,15259,30261,-257,8,23,화
2022-08-23,7호선,이수,16058,15392,31450,666,8,23,화
2022-08-23,7호선,남성,11566,10751,22317,815,8,23,화
2022-08-23,7호선,숭실대입구(살피재),12055,12373,24428,-318,8,23,화
2022-08-23,7호선,상도,11298,10668,21966,630,8,23,화
2022-08-23,7호선,장승배기,9347,9230,18577,117,8,23,화
2022-08-23,7호선,신대방삼거리,15453,14578,30031,875,8,23,화
2022-08-23,7호선,보라매,7842,7987,15829,-145,8,23,화
2022-08-23,7호선,신풍,11850,11182,23032,668,8,23,화
2022-08-23,7호선,대림(구로구청),8156,8176,16332,-20,8,23,화
2022-08-23,7호선,남구로,16311,16999,33310,-688,8,23,화
2022-08-23,7호선,가산디지털단지,46221,46634,92855,-413,8,23,화
2022-08-23,7호선,철산,21257,21647,42904,-390,8,23,화
2022-08-23,7호선,광명사거리,21336,21302,42638,34,8,23,화
2022-08-23,7호선,천왕,11852,11284,23136,568,8,23,화
2022-08-23,7호선,온수(성공회대입구),10318,9441,19759,877,8,23,화
2022-08-23,8호선,암사,19441,17377,36818,2064,8,23,화
2022-08-23,8호선,천호(풍납토성),14726,17681,32407,-2955,8,23,화
2022-08-23,8호선,강동구청,10676,10745,21421,-69,8,23,화
2022-08-23,8호선,몽촌토성(평화의문),6190,6249,12439,-59,8,23,화
2022-08-23,8호선,잠실(송파구청),14490,16644,31134,-2154,8,23,화
2022-08-23,8호선,석촌,7587,8821,16408,-1234,8,23,화
2022-08-23,8호선,송파,8849,8836,17685,13,8,23,화
2022-08-23,8호선,가락시장,7754,8583,16337,-829,8,23,화
2022-08-23,8호선,문정,22392,23509,45901,-1117,8,23,화
2022-08-23,8호선,장지,17165,16279,33444,886,8,23,화
2022-08-23,8호선,복정,9108,7824,16932,1284,8,23,화
2022-08-23,8호선,산성,5478,5469,10947,9,8,23,화
2022-08-23,8호선,남한산성입구(성남법원.검찰청),13847,12429,26276,1418,8,23,화
2022-08-23,8호선,단대오거리,10591,10323,20914,268,8,23,화
2022-08-23,8호선,신흥,4202,4619,8821,-417,8,23,화
2022-08-23,8호선,수진,5477,5180,10657,297,8,23,화
2022-08-23,8호선,모란,4575,3652,8227,923,8,23,화
2022-08-23,8호선,남위례,5747,5983,11730,-236,8,23,화
2022-08-23,9호선,개화,2912,1953,4865,959,8,23,화
2022-08-23,9호선,김포공항,7260,10908,18168,-3648,8,23,화
2022-08-23,9호선,공항시장,3045,3323,6368,-278,8,23,화
2022-08-23,9호선,신방화,7214,7009,14223,205,8,23,화
2022-08-23,9호선,마곡나루(서울식물원),12647,12678,25325,-31,8,23,화
2022-08-23,9호선,양천향교,10362,10575,20937,-213,8,23,화
2022-08-23,9호선,가양,22117,21476,43593,641,8,23,화
2022-08-23,9호선,증미,7884,7698,15582,186,8,23,화
2022-08-23,9호선,등촌,12089,11661,23750,428,8,23,화
2022-08-23,9호선,염창,17968,17164,35132,804,8,23,화
2022-08-23,9호선,신목동,4474,3806,8280,668,8,23,화
2022-08-23,9호선,선유도,9219,8819,18038,400,8,23,화
2022-08-23,9호선,당산,19058,19302,38360,-244,8,23,화
2022-08-23,9호선,국회의사당,17237,18421,35658,-1184,8,23,화
2022-08-23,9호선,여의도,30151,29460,59611,691,8,23,화
2022-08-23,9호선,샛강,6639,6676,13315,-37,8,23,화
2022-08-23,9호선,노량진,25526,25053,50579,473,8,23,화
2022-08-23,9호선,노들,4761,4028,8789,733,8,23,화
2022-08-23,9호선,흑석(중앙대입구),8379,8902,17281,-523,8,23,화
2022-08-23,9호선,동작(현충원),1772,1363,3135,409,8,23,화
2022-08-23,9호선,구반포,1723,1740,3463,-17,8,23,화
2022-08-23,9호선,신반포,3904,3813,7717,91,8,23,화
2022-08-23,9호선,고속터미널,12705,16099,28804,-3394,8,23,화
2022-08-23,9호선,사평,4006,3897,7903,109,8,23,화
2022-08-23,9호선,신논현,31157,30457,61614,700,8,23,화
2022-08-23,9호선2~3단계,언주,11443,11794,23237,-351,8,23,화
2022-08-23,9호선2~3단계,선정릉,10891,11838,22729,-947,8,23,화
2022-08-23,9호선2~3단계,삼성중앙,7945,8464,16409,-519,8,23,화
2022-08-23,9호선2~3단계,봉은사,18211,18593,36804,-382,8,23,화
2022-08-23,9호선2~3단계,종합운동장,4358,4471,8829,-113,8,23,화
2022-08-23,9호선2~3단계,삼전,7251,6830,14081,421,8,23,화
2022-08-23,9호선2~3단계,석촌고분,6666,6426,13092,240,8,23,화
2022-08-23,9호선2~3단계,석촌,9007,8113,17120,894,8,23,화
2022-08-23,9호선2~3단계,송파나루,5269,5656,10925,-387,8,23,화
2022-08-23,9호선2~3단계,한성백제,2783,2447,5230,336,8,23,화
2022-08-23,9호선2~3단계,올림픽공원(한국체대),6594,6579,13173,15,8,23,화
2022-08-23,9호선2~3단계,둔촌오륜,1219,1093,2312,126,8,23,화
2022-08-23,9호선2~3단계,중앙보훈병원,11769,10506,22275,1263,8,23,화
2022-08-23,경강선,판교,5266,5319,10585,-53,8,23,화
2022-08-23,경강선,이매,1182,1038,2220,144,8,23,화
2022-08-23,경강선,삼동,2628,2373,5001,255,8,23,화
2022-08-23,경강선,경기광주,8186,7569,15755,617,8,23,화
2022-08-23,경강선,초월,3323,3183,6506,140,8,23,화
2022-08-23,경강선,곤지암,2154,2126,4280,28,8,23,화
2022-08-23,경강선,신둔도예촌,1641,1565,3206,76,8,23,화
2022-08-23,경강선,이천,2525,2647,5172,-122,8,23,화
2022-08-23,경강선,부발,1933,1909,3842,24,8,23,화
2022-08-23,경강선,세종대왕릉,355,340,695,15,8,23,화
2022-08-23,경강선,여주,2100,2150,4250,-50,8,23,화
2022-08-23,경부선,서울역,7219,2151,9370,5068,8,23,화
2022-08-23,경부선,남영,9777,10031,19808,-254,8,23,화
2022-08-23,경부선,용산,35938,36542,72480,-604,8,23,화
2022-08-23,경부선,노량진,7890,7686,15576,204,8,23,화
2022-08-23,경부선,대방,11360,12329,23689,-969,8,23,화
2022-08-23,경부선,영등포,38050,38830,76880,-780,8,23,화
2022-08-23,경부선,신도림,4144,4151,8295,-7,8,23,화
2022-08-23,경부선,신길,9324,7886,17210,1438,8,23,화
2022-08-23,경부선,구로,18368,18685,37053,-317,8,23,화
2022-08-23,경부선,가산디지털단지,19090,21886,40976,-2796,8,23,화
2022-08-23,경부선,금천구청,11749,11728,23477,21,8,23,화
2022-08-23,경부선,석수,9458,8410,17868,1048,8,23,화
2022-08-23,경부선,관악,7199,6869,14068,330,8,23,화
2022-08-23,경부선,안양,21900,21569,43469,331,8,23,화
2022-08-23,경부선,명학,9428,9252,18680,176,8,23,화
2022-08-23,경부선,금정,27469,27819,55288,-350,8,23,화
2022-08-23,경부선,군포,7822,7639,15461,183,8,23,화
2022-08-23,경부선,의왕,8987,8955,17942,32,8,23,화
2022-08-23,경부선,성균관대,14199,14039,28238,160,8,23,화
2022-08-23,경부선,화서,8232,8121,16353,111,8,23,화
2022-08-23,경부선,수원,32011,34147,66158,-2136,8,23,화
2022-08-23,경부선,독산,19105,20001,39106,-896,8,23,화
2022-08-23,경부선,세류,2952,2656,5608,296,8,23,화
2022-08-23,경부선,병점,14048,13866,27914,182,8,23,화
2022-08-23,경부선,세마,2933,2783,5716,150,8,23,화
2022-08-23,경부선,오산대,3563,3299,6862,264,8,23,화
2022-08-23,경부선,오산,9463,9565,19028,-102,8,23,화
2022-08-23,경부선,진위,1868,1685,3553,183,8,23,화
2022-08-23,경부선,송탄,3948,3915,7863,33,8,23,화
2022-08-23,경부선,서정리,6917,6458,13375,459,8,23,화
2022-08-23,경부선,평택지제,3821,3739,7560,82,8,23,화
2022-08-23,경부선,평택,10890,10830,21720,60,8,23,화
2022-08-23,경부선,성환,3242,3254,6496,-12,8,23,화
2022-08-23,경부선,직산,808,793,1601,15,8,23,화
2022-08-23,경부선,두정,5142,5144,10286,-2,8,23,화
2022-08-23,경부선,천안,4848,5146,9994,-298,8,23,화
2022-08-23,경부선,당정,6299,5948,12247,351,8,23,화
2022-08-23,경부선,서동탄,1434,1236,2670,198,8,23,화
2022-08-23,경부선,광명,3456,2911,6367,545,8,23,화
2022-08-23,경원선,이촌(국립중앙박물관),4004,3084,7088,920,8,23,화
2022-08-23,경원선,서빙고,2208,2063,4271,145,8,23,화
2022-08-23,경원선,한남,4314,4115,8429,199,8,23,화
2022-08-23,경원선,옥수,67,50,117,17,8,23,화
2022-08-23,경원선,응봉,2057,1675,3732,382,8,23,화
2022-08-23,경원선,왕십리(성동구청),14189,15932,30121,-1743,8,23,화
2022-08-23,경원선,청량리(서울시립대입구),15619,16168,31787,-549,8,23,화
2022-08-23,경원선,외대앞,7800,7792,15592,8,8,23,화
2022-08-23,경원선,신이문,8740,7953,16693,787,8,23,화
2022-08-23,경원선,석계,7999,9052,17051,-1053,8,23,화
2022-08-23,경원선,광운대,7504,7157,14661,347,8,23,화
2022-08-23,경원선,월계,6840,6516,13356,324,8,23,화
2022-08-23,경원선,녹천,4942,4079,9021,863,8,23,화
2022-08-23,경원선,방학,10039,9748,19787,291,8,23,화
2022-08-23,경원선,도봉,6315,6032,12347,283,8,23,화
2022-08-23,경원선,도봉산,7309,4591,11900,2718,8,23,화
2022-08-23,경원선,망월사,7642,7738,15380,-96,8,23,화
2022-08-23,경원선,회룡,12667,12731,25398,-64,8,23,화
2022-08-23,경원선,의정부,17808,18684,36492,-876,8,23,화
2022-08-23,경원선,가능,6997,6678,13675,319,8,23,화
2022-08-23,경원선,녹양,4621,4419,9040,202,8,23,화
2022-08-23,경원선,양주,7480,6915,14395,565,8,23,화
2022-08-23,경원선,덕계,3280,3005,6285,275,8,23,화
2022-08-23,경원선,덕정,5485,5310,10795,175,8,23,화
2022-08-23,경원선,지행,6519,6488,13007,31,8,23,화
2022-08-23,경원선,동두천중앙,3121,3023,6144,98,8,23,화
2022-08-23,경원선,보산,1545,1394,2939,151,8,23,화
2022-08-23,경원선,동두천,2062,2243,4305,-181,8,23,화
2022-08-23,경원선,소요산,2688,2306,4994,382,8,23,화
2022-08-23,경의선,서울역,4663,5949,10612,-1286,8,23,화
2022-08-23,경의선,신촌,946,1203,2149,-257,8,23,화
2022-08-23,경의선,효창공원앞,3057,3544,6601,-487,8,23,화
2022-08-23,경의선,공덕,3819,3407,7226,412,8,23,화
2022-08-23,경의선,서강대,2236,2171,4407,65,8,23,화
2022-08-23,경의선,홍대입구,1748,2086,3834,-338,8,23,화
2022-08-23,경의선,가좌,5776,5451,11227,325,8,23,화
2022-08-23,경의선,디지털미디어시티,2692,2418,5110,274,8,23,화
2022-08-23,경의선,수색,3087,3238,6325,-151,8,23,화
2022-08-23,경의선,화전,2081,1971,4052,110,8,23,화
2022-08-23,경의선,강매,3353,2908,6261,445,8,23,화
2022-08-23,경의선,행신,8329,8312,16641,17,8,23,화
2022-08-23,경의선,능곡,4074,3619,7693,455,8,23,화
2022-08-23,경의선,곡산,681,686,1367,-5,8,23,화
2022-08-23,경의선,백마,7270,7016,14286,254,8,23,화
2022-08-23,경의선,풍산,6001,5527,11528,474,8,23,화
2022-08-23,경의선,일산,10771,10549,21320,222,8,23,화
2022-08-23,경의선,탄현,8154,7769,15923,385,8,23,화
2022-08-23,경의선,야당,8189,8099,16288,90,8,23,화
2022-08-23,경의선,운정,7178,6634,13812,544,8,23,화
2022-08-23,경의선,금릉,5006,4881,9887,125,8,23,화
2022-08-23,경의선,금촌,6471,6431,12902,40,8,23,화
2022-08-23,경의선,월롱,2764,2685,5449,79,8,23,화
2022-08-23,경의선,파주,1303,842,2145,461,8,23,화
2022-08-23,경의선,문산,5613,5506,11119,107,8,23,화
2022-08-23,경의선,임진강,16,18,34,-2,8,23,화
2022-08-23,경의선,계양,1,0,1,1,8,23,화
2022-08-23,경인선,개봉,21917,21270,43187,647,8,23,화
2022-08-23,경인선,오류동,11900,10990,22890,910,8,23,화
2022-08-23,경인선,역곡,26957,26864,53821,93,8,23,화
2022-08-23,경인선,부천,31147,31592,62739,-445,8,23,화
2022-08-23,경인선,송내,28197,27860,56057,337,8,23,화
2022-08-23,경인선,부평,28089,29957,58046,-1868,8,23,화
2022-08-23,경인선,백운,7119,6828,13947,291,8,23,화
2022-08-23,경인선,동암,15812,15788,31600,24,8,23,화
2022-08-23,경인선,주안,18160,16632,34792,1528,8,23,화
2022-08-23,경인선,제물포,10534,10109,20643,425,8,23,화
2022-08-23,경인선,동인천,13594,12874,26468,720,8,23,화
2022-08-23,경인선,인천,4043,3082,7125,961,8,23,화
2022-08-23,경인선,구일,9522,9851,19373,-329,8,23,화
2022-08-23,경인선,소사,8233,8235,16468,-2,8,23,화
2022-08-23,경인선,부개,9001,8246,17247,755,8,23,화
2022-08-23,경인선,간석,6070,5653,11723,417,8,23,화
2022-08-23,경인선,도원,3082,3109,6191,-27,8,23,화
2022-08-23,경인선,온수(성공회대입구),6842,6347,13189,495,8,23,화
2022-08-23,경인선,중동,9706,8998,18704,708,8,23,화
2022-08-23,경인선,도화,4209,3897,8106,312,8,23,화
2022-08-23,경춘선,신내,2283,2237,4520,46,8,23,화
2022-08-23,경춘선,갈매,3104,2689,5793,415,8,23,화
2022-08-23,경춘선,별내,3232,3113,6345,119,8,23,화
2022-08-23,경춘선,퇴계원,3624,3267,6891,357,8,23,화
2022-08-23,경춘선,사릉,2443,2267,4710,176,8,23,화
2022-08-23,경춘선,금곡,1561,1548,3109,13,8,23,화
2022-08-23,경춘선,평내호평,6414,6337,12751,77,8,23,화
2022-08-23,경춘선,천마산,1726,1591,3317,135,8,23,화
2022-08-23,경춘선,마석,4262,4335,8597,-73,8,23,화
2022-08-23,경춘선,대성리,913,873,1786,40,8,23,화
2022-08-23,경춘선,청평,2069,1869,3938,200,8,23,화
2022-08-23,경춘선,상천,302,264,566,38,8,23,화
2022-08-23,경춘선,가평,3143,2788,5931,355,8,23,화
2022-08-23,경춘선,굴봉산,139,130,269,9,8,23,화
2022-08-23,경춘선,백양리,112,84,196,28,8,23,화
2022-08-23,경춘선,강촌,568,472,1040,96,8,23,화
2022-08-23,경춘선,김유정,343,382,725,-39,8,23,화
2022-08-23,경춘선,남춘천,2419,2462,4881,-43,8,23,화
2022-08-23,경춘선,춘천,1301,1229,2530,72,8,23,화
2022-08-23,공항철도 1호선,서울역,8723,7923,16646,800,8,23,화
2022-08-23,공항철도 1호선,공덕,2551,3446,5997,-895,8,23,화
2022-08-23,공항철도 1호선,홍대입구,10740,10985,21725,-245,8,23,화
2022-08-23,공항철도 1호선,디지털미디어시티,14923,13927,28850,996,8,23,화
2022-08-23,공항철도 1호선,마곡나루(서울식물원),9995,9487,19482,508,8,23,화
2022-08-23,공항철도 1호선,김포공항,11422,6603,18025,4819,8,23,화
2022-08-23,공항철도 1호선,계양,11682,10855,22537,827,8,23,화
2022-08-23,공항철도 1호선,검암,6710,6786,13496,-76,8,23,화
2022-08-23,공항철도 1호선,청라국제도시,7225,6779,14004,446,8,23,화
2022-08-23,공항철도 1호선,운서,7774,8032,15806,-258,8,23,화
2022-08-23,공항철도 1호선,공항화물청사,2347,2522,4869,-175,8,23,화
2022-08-23,공항철도 1호선,인천공항1터미널,8487,7462,15949,1025,8,23,화
2022-08-23,공항철도 1호선,인천공항2터미널,3757,3207,6964,550,8,23,화
2022-08-23,공항철도 1호선,영종,3586,3591,7177,-5,8,23,화
2022-08-23,과천선,선바위,8144,7282,15426,862,8,23,화
2022-08-23,과천선,경마공원,1755,1732,3487,23,8,23,화
2022-08-23,과천선,대공원,2932,3103,6035,-171,8,23,화
2022-08-23,과천선,과천,6582,6175,12757,407,8,23,화
2022-08-23,과천선,정부과천청사,11424,11339,22763,85,8,23,화
2022-08-23,과천선,인덕원,24398,25440,49838,-1042,8,23,화
2022-08-23,과천선,평촌,18273,18191,36464,82,8,23,화
2022-08-23,과천선,범계,26260,26203,52463,57,8,23,화
2022-08-23,분당선,선릉,14737,21873,36610,-7136,8,23,화
2022-08-23,분당선,한티,15258,16602,31860,-1344,8,23,화
2022-08-23,분당선,도곡,7642,7243,14885,399,8,23,화
2022-08-23,분당선,구룡,2417,2241,4658,176,8,23,화
2022-08-23,분당선,개포동,4282,4299,8581,-17,8,23,화
2022-08-23,분당선,대모산입구,4840,4521,9361,319,8,23,화
2022-08-23,분당선,수서,14109,14372,28481,-263,8,23,화
2022-08-23,분당선,수원,7652,6532,14184,1120,8,23,화
2022-08-23,분당선,서울숲,11652,11869,23521,-217,8,23,화
2022-08-23,분당선,압구정로데오,19737,22048,41785,-2311,8,23,화
2022-08-23,분당선,강남구청,9925,11617,21542,-1692,8,23,화
2022-08-23,분당선,선정릉,8488,9118,17606,-630,8,23,화
2022-08-23,분당선,가천대,6941,7665,14606,-724,8,23,화
2022-08-23,분당선,태평,13950,13189,27139,761,8,23,화
2022-08-23,분당선,모란,19723,20087,39810,-364,8,23,화
2022-08-23,분당선,야탑,26614,27653,54267,-1039,8,23,화
2022-08-23,분당선,서현,24659,25145,49804,-486,8,23,화
2022-08-23,분당선,수내,14185,14202,28387,-17,8,23,화
2022-08-23,분당선,정자,18946,20189,39135,-1243,8,23,화
2022-08-23,분당선,미금,15732,16669,32401,-937,8,23,화
2022-08-23,분당선,오리,11903,9745,21648,2158,8,23,화
2022-08-23,분당선,이매,6014,5562,11576,452,8,23,화
2022-08-23,분당선,보정,2851,2435,5286,416,8,23,화
2022-08-23,분당선,죽전,12960,14396,27356,-1436,8,23,화
2022-08-23,분당선,구성,4962,5351,10313,-389,8,23,화
2022-08-23,분당선,신갈,4925,4789,9714,136,8,23,화
2022-08-23,분당선,기흥,10280,9612,19892,668,8,23,화
2022-08-23,분당선,상갈,5408,5198,10606,210,8,23,화
2022-08-23,분당선,청명,4458,4239,8697,219,8,23,화
2022-08-23,분당선,영통,8180,8320,16500,-140,8,23,화
2022-08-23,분당선,망포,14526,14048,28574,478,8,23,화
2022-08-23,분당선,매탄권선,5206,4960,10166,246,8,23,화
2022-08-23,분당선,수원시청,12781,13748,26529,-967,8,23,화
2022-08-23,분당선,매교,3771,3687,7458,84,8,23,화
2022-08-23,수인선,고색,4709,4311,9020,398,8,23,화
2022-08-23,수인선,오목천,3029,2952,5981,77,8,23,화
2022-08-23,수인선,어천,938,866,1804,72,8,23,화
2022-08-23,수인선,야목,345,250,595,95,8,23,화
2022-08-23,수인선,사리,4606,4112,8718,494,8,23,화
2022-08-23,수인선,달월,123,87,210,36,8,23,화
2022-08-23,수인선,월곶,2738,2538,5276,200,8,23,화
2022-08-23,수인선,소래포구,5090,4805,9895,285,8,23,화
2022-08-23,수인선,인천논현,5570,5885,11455,-315,8,23,화
2022-08-23,수인선,호구포,4302,4357,8659,-55,8,23,화
2022-08-23,수인선,남동인더스파크,2427,2715,5142,-288,8,23,화
2022-08-23,수인선,원인재,4361,4503,8864,-142,8,23,화
2022-08-23,수인선,연수,4528,4453,8981,75,8,23,화
2022-08-23,수인선,송도,2396,2237,4633,159,8,23,화
2022-08-23,수인선,인하대,5765,5446,11211,319,8,23,화
2022-08-23,수인선,숭의,4080,3829,7909,251,8,23,화
2022-08-23,수인선,신포,1770,1813,3583,-43,8,23,화
2022-08-23,수인선,인천,1189,1827,3016,-638,8,23,화
2022-08-23,신림선,샛강,2314,2826,5140,-512,8,23,화
2022-08-23,신림선,대방,2090,1660,3750,430,8,23,화
2022-08-23,신림선,서울지방병무청,2375,2664,5039,-289,8,23,화
2022-08-23,신림선,보라매,3048,2879,5927,169,8,23,화
2022-08-23,신림선,보라매공원,1840,1934,3774,-94,8,23,화
2022-08-23,신림선,보라매병원,6722,7163,13885,-441,8,23,화
2022-08-23,신림선,당곡,3933,3828,7761,105,8,23,화
2022-08-23,신림선,신림,1559,2159,3718,-600,8,23,화
2022-08-23,신림선,서원,2951,2566,5517,385,8,23,화
2022-08-23,신림선,서울대벤처타운,6784,6803,13587,-19,8,23,화
2022-08-23,신림선,관악산(서울대),2743,2731,5474,12,8,23,화
2022-08-23,안산선,산본,15834,17232,33066,-1398,8,23,화
2022-08-23,안산선,대야미,5040,4553,9593,487,8,23,화
2022-08-23,안산선,반월,4224,4081,8305,143,8,23,화
2022-08-23,안산선,상록수,15494,15779,31273,-285,8,23,화
2022-08-23,안산선,한대앞,8892,8983,17875,-91,8,23,화
2022-08-23,안산선,중앙,17917,18434,36351,-517,8,23,화
2022-08-23,안산선,고잔,8967,8488,17455,479,8,23,화
2022-08-23,안산선,초지,4865,4966,9831,-101,8,23,화
2022-08-23,안산선,안산,11896,10709,22605,1187,8,23,화
2022-08-23,안산선,신길온천,1783,1607,3390,176,8,23,화
2022-08-23,안산선,정왕,7814,8143,15957,-329,8,23,화
2022-08-23,안산선,오이도,8646,8239,16885,407,8,23,화
2022-08-23,안산선,수리산,4215,3461,7676,754,8,23,화
2022-08-23,우이신설선,북한산우이,2612,2340,4952,272,8,23,화
2022-08-23,우이신설선,솔밭공원,2497,2412,4909,85,8,23,화
2022-08-23,우이신설선,4.19민주묘지,2917,2765,5682,152,8,23,화
2022-08-23,우이신설선,가오리,4428,4297,8725,131,8,23,화
2022-08-23,우이신설선,화계,3557,3204,6761,353,8,23,화
2022-08-23,우이신설선,삼양,2027,2200,4227,-173,8,23,화
2022-08-23,우이신설선,삼양사거리,2590,2629,5219,-39,8,23,화
2022-08-23,우이신설선,솔샘,6049,5716,11765,333,8,23,화
2022-08-23,우이신설선,북한산보국문,5928,5588,11516,340,8,23,화
2022-08-23,우이신설선,정릉,4667,4272,8939,395,8,23,화
2022-08-23,우이신설선,성신여대입구(돈암),3201,3508,6709,-307,8,23,화
2022-08-23,우이신설선,보문,1531,1551,3082,-20,8,23,화
2022-08-23,우이신설선,신설동,2163,2134,4297,29,8,23,화
2022-08-23,일산선,원흥,11329,10700,22029,629,8,23,화
2022-08-23,일산선,삼송,19877,19442,39319,435,8,23,화
2022-08-23,일산선,원당,11502,10906,22408,596,8,23,화
2022-08-23,일산선,화정,16916,17147,34063,-231,8,23,화
2022-08-23,일산선,대곡,2159,1726,3885,433,8,23,화
2022-08-23,일산선,백석,10003,10070,20073,-67,8,23,화
2022-08-23,일산선,마두,7793,7946,15739,-153,8,23,화
2022-08-23,일산선,정발산,7085,7413,14498,-328,8,23,화
2022-08-23,일산선,주엽,9319,9360,18679,-41,8,23,화
2022-08-23,일산선,대화,13323,10263,23586,3060,8,23,화
2022-08-23,장항선,봉명,1284,1221,2505,63,8,23,화
2022-08-23,장항선,쌍용(나사렛대),1912,1800,3712,112,8,23,화
2022-08-23,장항선,아산,2827,2546,5373,281,8,23,화
2022-08-23,장항선,탕정,944,848,1792,96,8,23,화
2022-08-23,장항선,배방,979,958,1937,21,8,23,화
2022-08-23,장항선,온양온천,3224,3338,6562,-114,8,23,화
2022-08-23,장항선,신창(순천향대),1130,1165,2295,-35,8,23,화
2022-08-23,중앙선,회기,24817,23844,48661,973,8,23,화
2022-08-23,중앙선,중랑,5781,5398,11179,383,8,23,화
2022-08-23,중앙선,상봉(시외버스터미널),5710,5763,11473,-53,8,23,화
2022-08-23,중앙선,망우,7781,7554,15335,227,8,23,화
2022-08-23,중앙선,양원,3152,3081,6233,71,8,23,화
2022-08-23,중앙선,구리,13795,13885,27680,-90,8,23,화
2022-08-23,중앙선,도농,11563,10307,21870,1256,8,23,화
2022-08-23,중앙선,양정,760,676,1436,84,8,23,화
2022-08-23,중앙선,덕소,5757,5677,11434,80,8,23,화
2022-08-23,중앙선,도심,2644,2128,4772,516,8,23,화
2022-08-23,중앙선,팔당,892,923,1815,-31,8,23,화
2022-08-23,중앙선,운길산,696,711,1407,-15,8,23,화
2022-08-23,중앙선,양수,2026,2056,4082,-30,8,23,화
2022-08-23,중앙선,신원,217,193,410,24,8,23,화
2022-08-23,중앙선,국수,774,762,1536,12,8,23,화
2022-08-23,중앙선,아신,615,649,1264,-34,8,23,화
2022-08-23,중앙선,오빈,377,364,741,13,8,23,화
2022-08-23,중앙선,양평,4084,4011,8095,73,8,23,화
2022-08-23,중앙선,원덕,348,353,701,-5,8,23,화
2022-08-23,중앙선,용문,2048,1988,4036,60,8,23,화
2022-08-23,중앙선,지평,74,75,149,-1,8,23,화
2022-08-24,2호선,동대문역사문화공원(DDP),14143,15801,29944,-1658,8,24,수
2022-08-24,경강선,초월,3337,3283,6620,54,8,24,수
2022-08-24,경강선,경기광주,8304,7583,15887,721,8,24,수
2022-08-24,경강선,삼동,2657,2457,5114,200,8,24,수
2022-08-24,경강선,이매,1176,1016,2192,160,8,24,수
2022-08-24,경강선,판교,5492,5441,10933,51,8,24,수
2022-08-24,9호선2~3단계,중앙보훈병원,12142,10723,22865,1419,8,24,수
2022-08-24,9호선2~3단계,둔촌오륜,1162,1128,2290,34,8,24,수
2022-08-24,9호선2~3단계,올림픽공원(한국체대),6674,6680,13354,-6,8,24,수
2022-08-24,9호선2~3단계,한성백제,2733,2475,5208,258,8,24,수
2022-08-24,9호선2~3단계,송파나루,5313,5802,11115,-489,8,24,수
2022-08-24,9호선2~3단계,석촌,9288,8193,17481,1095,8,24,수
2022-08-24,9호선2~3단계,석촌고분,6754,6585,13339,169,8,24,수
2022-08-24,9호선2~3단계,삼전,7181,6899,14080,282,8,24,수
2022-08-24,9호선2~3단계,종합운동장,4473,4452,8925,21,8,24,수
2022-08-24,9호선2~3단계,봉은사,19214,19515,38729,-301,8,24,수
2022-08-24,9호선2~3단계,삼성중앙,7882,8264,16146,-382,8,24,수
2022-08-24,9호선2~3단계,선정릉,10942,11929,22871,-987,8,24,수
2022-08-24,9호선2~3단계,언주,11345,11733,23078,-388,8,24,수
2022-08-24,9호선,신논현,31467,30836,62303,631,8,24,수
2022-08-24,9호선,사평,4008,3900,7908,108,8,24,수
2022-08-24,9호선,고속터미널,13079,16705,29784,-3626,8,24,수
2022-08-24,9호선,신반포,3943,3911,7854,32,8,24,수
2022-08-24,9호선,구반포,1214,1180,2394,34,8,24,수
2022-08-24,9호선,동작(현충원),1839,1462,3301,377,8,24,수
2022-08-24,9호선,흑석(중앙대입구),8552,8986,17538,-434,8,24,수
2022-08-24,9호선,노들,4960,4218,9178,742,8,24,수
2022-08-24,9호선,노량진,26162,25514,51676,648,8,24,수
2022-08-24,9호선,샛강,6728,6849,13577,-121,8,24,수
2022-08-24,9호선,여의도,30079,29567,59646,512,8,24,수
2022-08-24,9호선,국회의사당,17780,18541,36321,-761,8,24,수
2022-08-24,9호선,당산,19239,19395,38634,-156,8,24,수
2022-08-24,9호선,선유도,9401,8788,18189,613,8,24,수
2022-08-24,9호선,신목동,4480,3936,8416,544,8,24,수
2022-08-24,9호선,염창,18143,17538,35681,605,8,24,수
2022-08-24,9호선,등촌,12181,11646,23827,535,8,24,수
2022-08-24,9호선,증미,7925,7704,15629,221,8,24,수
2022-08-24,9호선,가양,22132,21631,43763,501,8,24,수
2022-08-24,9호선,양천향교,10365,10723,21088,-358,8,24,수
2022-08-24,9호선,마곡나루(서울식물원),12811,12787,25598,24,8,24,수
2022-08-24,9호선,신방화,7265,7058,14323,207,8,24,수
2022-08-24,9호선,공항시장,3086,3316,6402,-230,8,24,수
2022-08-24,9호선,김포공항,7477,11582,19059,-4105,8,24,수
2022-08-24,9호선,개화,2926,2019,4945,907,8,24,수
2022-08-24,8호선,남위례,5965,6144,12109,-179,8,24,수
2022-08-24,8호선,모란,6367,5143,11510,1224,8,24,수
2022-08-24,8호선,수진,5691,5372,11063,319,8,24,수
2022-08-24,8호선,신흥,4380,4702,9082,-322,8,24,수
2022-08-24,8호선,단대오거리,11049,10758,21807,291,8,24,수
2022-08-24,8호선,남한산성입구(성남법원.검찰청),14232,12702,26934,1530,8,24,수
2022-08-24,8호선,산성,5561,5581,11142,-20,8,24,수
2022-08-24,8호선,복정,9508,8014,17522,1494,8,24,수
2022-08-24,8호선,장지,17815,16879,34694,936,8,24,수
2022-08-24,8호선,문정,22527,23836,46363,-1309,8,24,수
2022-08-24,8호선,가락시장,7951,8844,16795,-893,8,24,수
2022-08-24,8호선,송파,9081,8807,17888,274,8,24,수
2022-08-24,8호선,석촌,7755,8921,16676,-1166,8,24,수
2022-08-24,8호선,잠실(송파구청),14444,16921,31365,-2477,8,24,수
2022-08-24,8호선,몽촌토성(평화의문),6218,6462,12680,-244,8,24,수
2022-08-24,8호선,강동구청,10665,10895,21560,-230,8,24,수
2022-08-24,8호선,천호(풍납토성),15039,17030,32069,-1991,8,24,수
2022-08-24,8호선,암사,19520,17174,36694,2346,8,24,수
2022-08-24,7호선,온수(성공회대입구),10388,9590,19978,798,8,24,수
2022-08-24,7호선,천왕,12100,11551,23651,549,8,24,수
2022-08-24,7호선,광명사거리,22095,21928,44023,167,8,24,수
2022-08-24,7호선,철산,21885,22036,43921,-151,8,24,수
2022-08-24,7호선,가산디지털단지,46275,46691,92966,-416,8,24,수
2022-08-24,7호선,남구로,16195,17021,33216,-826,8,24,수
2022-08-24,7호선,대림(구로구청),8115,8182,16297,-67,8,24,수
2022-08-24,7호선,신풍,12012,11426,23438,586,8,24,수
2022-08-24,7호선,보라매,7768,7942,15710,-174,8,24,수
2022-08-24,7호선,신대방삼거리,15521,14730,30251,791,8,24,수
2022-08-24,7호선,장승배기,9528,9594,19122,-66,8,24,수
2022-08-24,7호선,상도,11368,10803,22171,565,8,24,수
2022-08-24,7호선,숭실대입구(살피재),12269,12539,24808,-270,8,24,수
2022-08-24,7호선,남성,11693,10674,22367,1019,8,24,수
2022-08-24,7호선,이수,16426,15728,32154,698,8,24,수
2022-08-24,7호선,내방,15446,15740,31186,-294,8,24,수
2022-08-24,7호선,고속터미널,15610,13422,29032,2188,8,24,수
2022-08-24,7호선,반포,6315,6054,12369,261,8,24,수
2022-08-24,7호선,논현,19982,20509,40491,-527,8,24,수
2022-08-24,7호선,학동,25267,26831,52098,-1564,8,24,수
2022-08-24,7호선,강남구청,17924,19846,37770,-1922,8,24,수
2022-08-24,7호선,청담,21110,23317,44427,-2207,8,24,수
2022-08-24,7호선,뚝섬유원지,9878,9361,19239,517,8,24,수
2022-08-24,7호선,건대입구,12500,13178,25678,-678,8,24,수
2022-08-24,7호선,어린이대공원(세종대),14323,14361,28684,-38,8,24,수
2022-08-24,7호선,군자(능동),15378,12342,27720,3036,8,24,수
2022-08-24,7호선,중곡,11469,10551,22020,918,8,24,수
2022-08-24,7호선,용마산(용마폭포공원),6212,6095,12307,117,8,24,수
2022-08-24,7호선,사가정,16515,16297,32812,218,8,24,수
2022-08-24,7호선,면목,15362,15067,30429,295,8,24,수
2022-08-24,7호선,상봉(시외버스터미널),16911,16167,33078,744,8,24,수
2022-08-24,7호선,중화,10863,10621,21484,242,8,24,수
2022-08-24,7호선,먹골,10372,10256,20628,116,8,24,수
2022-08-24,7호선,태릉입구,8706,8059,16765,647,8,24,수
2022-08-24,7호선,공릉(서울과학기술대),11865,11796,23661,69,8,24,수
2022-08-24,7호선,하계,18714,17568,36282,1146,8,24,수
2022-08-24,7호선,중계,15085,13749,28834,1336,8,24,수
2022-08-24,7호선,노원,19888,20872,40760,-984,8,24,수
2022-08-24,7호선,마들,13531,12570,26101,961,8,24,수
2022-08-24,7호선,수락산,13133,13082,26215,51,8,24,수
2022-08-24,7호선,도봉산,9140,10509,19649,-1369,8,24,수
2022-08-24,7호선,장암,2473,942,3415,1531,8,24,수
2022-08-24,6호선,신내,1,0,1,1,8,24,수
2022-08-24,6호선,봉화산(서울의료원),9244,8741,17985,503,8,24,수
2022-08-24,6호선,화랑대(서울여대입구),11714,8967,20681,2747,8,24,수
2022-08-24,6호선,태릉입구,5658,6249,11907,-591,8,24,수
2022-08-24,6호선,석계,12394,12937,25331,-543,8,24,수
2022-08-24,6호선,돌곶이,9990,9205,19195,785,8,24,수
2022-08-24,6호선,상월곡(한국과학기술연구원),6310,5675,11985,635,8,24,수
2022-08-24,6호선,월곡(동덕여대),12131,11921,24052,210,8,24,수
2022-08-24,6호선,고려대(종암),8371,8157,16528,214,8,24,수
2022-08-24,6호선,안암(고대병원앞),11111,11322,22433,-211,8,24,수
2022-08-24,6호선,보문,7857,7138,14995,719,8,24,수
2022-08-24,6호선,창신,3650,2973,6623,677,8,24,수
2022-08-24,6호선,동묘앞,8031,8186,16217,-155,8,24,수
2022-08-24,6호선,신당,9247,9699,18946,-452,8,24,수
2022-08-24,6호선,청구,3889,4049,7938,-160,8,24,수
2022-08-24,6호선,약수,3743,3700,7443,43,8,24,수
2022-08-24,6호선,버티고개,2154,2166,4320,-12,8,24,수
2022-08-24,6호선,한강진,7949,9437,17386,-1488,8,24,수
2022-08-24,6호선,이태원,11534,12194,23728,-660,8,24,수
2022-08-24,6호선,녹사평(용산구청),5203,5204,10407,-1,8,24,수
2022-08-24,6호선,삼각지,7215,6141,13356,1074,8,24,수
2022-08-24,6호선,효창공원앞,7494,6608,14102,886,8,24,수
2022-08-24,6호선,공덕,19501,18893,38394,608,8,24,수
2022-08-24,6호선,대흥(서강대앞),8339,8594,16933,-255,8,24,수
2022-08-24,6호선,광흥창(서강),9733,9571,19304,162,8,24,수
2022-08-24,6호선,상수,8604,10093,18697,-1489,8,24,수
2022-08-24,6호선,합정,13434,13373,26807,61,8,24,수
2022-08-24,6호선,망원,14548,15551,30099,-1003,8,24,수
2022-08-24,6호선,마포구청,15009,13297,28306,1712,8,24,수
2022-08-24,6호선,월드컵경기장(성산),4536,4793,9329,-257,8,24,수
2022-08-24,6호선,디지털미디어시티,15234,16686,31920,-1452,8,24,수
2022-08-24,6호선,증산(명지대앞),10087,10127,20214,-40,8,24,수
2022-08-24,6호선,새절(신사),12813,11796,24609,1017,8,24,수
2022-08-24,6호선,구산,8283,6296,14579,1987,8,24,수
2022-08-24,6호선,독바위,2840,3073,5913,-233,8,24,수
2022-08-24,6호선,불광,4594,4676,9270,-82,8,24,수
2022-08-24,6호선,역촌,3874,4453,8327,-579,8,24,수
2022-08-24,6호선,응암,17679,17727,35406,-48,8,24,수
2022-08-24,5호선,하남검단산,6187,5867,12054,320,8,24,수
2022-08-24,5호선,하남시청(덕풍·신장),7591,7189,14780,402,8,24,수
2022-08-24,5호선,하남풍산,4388,4346,8734,42,8,24,수
2022-08-24,5호선,미사,17048,17340,34388,-292,8,24,수
2022-08-24,5호선,강일,4797,4568,9365,229,8,24,수
2022-08-24,5호선,마천,7732,7257,14989,475,8,24,수
2022-08-24,5호선,거여,10690,10157,20847,533,8,24,수
2022-08-24,5호선,개롱,6679,6949,13628,-270,8,24,수
2022-08-24,5호선,오금,3955,3936,7891,19,8,24,수
2022-08-24,5호선,방이,7294,7575,14869,-281,8,24,수
2022-08-24,5호선,올림픽공원(한국체대),4662,4056,8718,606,8,24,수
2022-08-24,5호선,둔촌동,8422,8371,16793,51,8,24,수
2022-08-24,5호선,상일동,15803,14488,30291,1315,8,24,수
2022-08-24,5호선,고덕,10423,10389,20812,34,8,24,수
2022-08-24,5호선,명일,9088,9424,18512,-336,8,24,수
2022-08-24,5호선,굽은다리(강동구민회관앞),9672,9337,19009,335,8,24,수
2022-08-24,5호선,길동,8164,8479,16643,-315,8,24,수
2022-08-24,5호선,강동,18914,18664,37578,250,8,24,수
2022-08-24,5호선,천호(풍납토성),18573,18455,37028,118,8,24,수
2022-08-24,5호선,광나루(장신대),14228,12950,27178,1278,8,24,수
2022-08-24,5호선,아차산(어린이대공원후문),15105,14513,29618,592,8,24,수
2022-08-24,5호선,군자(능동),11567,12611,24178,-1044,8,24,수
2022-08-24,5호선,장한평,19398,19169,38567,229,8,24,수
2022-08-24,5호선,답십리,16930,15276,32206,1654,8,24,수
2022-08-24,5호선,마장,5944,5569,11513,375,8,24,수
2022-08-24,5호선,왕십리(성동구청),4497,5204,9701,-707,8,24,수
2022-08-24,5호선,행당,8523,7647,16170,876,8,24,수
2022-08-24,5호선,신금호,6749,7067,13816,-318,8,24,수
2022-08-24,5호선,청구,4081,3741,7822,340,8,24,수
2022-08-24,5호선,동대문역사문화공원(DDP),3145,3728,6873,-583,8,24,수
2022-08-24,5호선,을지로4가,6581,6715,13296,-134,8,24,수
2022-08-24,5호선,종로3가,13564,13685,27249,-121,8,24,수
2022-08-24,5호선,광화문(세종문화회관),33258,34660,67918,-1402,8,24,수
2022-08-24,5호선,서대문,20389,20939,41328,-550,8,24,수
2022-08-24,5호선,충정로(경기대입구),4865,4889,9754,-24,8,24,수
2022-08-24,5호선,애오개,7099,7035,14134,64,8,24,수
2022-08-24,5호선,공덕,15119,15882,31001,-763,8,24,수
2022-08-24,5호선,마포,14900,15273,30173,-373,8,24,수
2022-08-24,5호선,여의나루,14080,15042,29122,-962,8,24,수
2022-08-24,5호선,여의도,30227,32557,62784,-2330,8,24,수
2022-08-24,5호선,신길,4281,4508,8789,-227,8,24,수
2022-08-24,5호선,영등포시장,10612,10868,21480,-256,8,24,수
2022-08-24,5호선,영등포구청,4325,4252,8577,73,8,24,수
2022-08-24,5호선,양평,7844,7702,15546,142,8,24,수
2022-08-24,5호선,오목교(목동운동장앞),22552,24078,46630,-1526,8,24,수
2022-08-24,5호선,목동,17711,18824,36535,-1113,8,24,수
2022-08-24,5호선,신정(은행정),14523,11835,26358,2688,8,24,수
2022-08-24,5호선,까치산,29808,28379,58187,1429,8,24,수
2022-08-24,5호선,화곡,29464,27427,56891,2037,8,24,수
2022-08-24,5호선,우장산,15629,15338,30967,291,8,24,수
2022-08-24,5호선,발산,21574,22601,44175,-1027,8,24,수
2022-08-24,5호선,마곡,11151,11221,22372,-70,8,24,수
2022-08-24,5호선,송정,6721,6291,13012,430,8,24,수
2022-08-24,5호선,김포공항,7574,7249,14823,325,8,24,수
2022-08-24,5호선,개화산,5952,5614,11566,338,8,24,수
2022-08-24,5호선,방화,7134,6766,13900,368,8,24,수
2022-08-24,4호선,남태령,1458,1299,2757,159,8,24,수
2022-08-24,4호선,사당,25646,21258,46904,4388,8,24,수
2022-08-24,4호선,총신대입구(이수),19378,20983,40361,-1605,8,24,수
2022-08-24,4호선,동작(현충원),1531,1627,3158,-96,8,24,수
2022-08-24,4호선,이촌(국립중앙박물관),10183,11220,21403,-1037,8,24,수
2022-08-24,4호선,신용산,18328,19073,37401,-745,8,24,수
2022-08-24,4호선,삼각지,5638,6354,11992,-716,8,24,수
2022-08-24,4호선,숙대입구(갈월),13882,13222,27104,660,8,24,수
2022-08-24,4호선,서울역,12244,18448,30692,-6204,8,24,수
2022-08-24,4호선,회현(남대문시장),25341,26628,51969,-1287,8,24,수
2022-08-24,4호선,명동,21457,22155,43612,-698,8,24,수
2022-08-24,4호선,충무로,26975,28213,55188,-1238,8,24,수
2022-08-24,4호선,동대문역사문화공원(DDP),16645,14862,31507,1783,8,24,수
2022-08-24,4호선,동대문,20644,20912,41556,-268,8,24,수
2022-08-24,4호선,혜화,34980,35471,70451,-491,8,24,수
2022-08-24,4호선,한성대입구(삼선교),13518,12917,26435,601,8,24,수
2022-08-24,4호선,성신여대입구(돈암),19828,19259,39087,569,8,24,수
2022-08-24,4호선,길음,21221,20849,42070,372,8,24,수
2022-08-24,4호선,미아사거리,27732,27069,54801,663,8,24,수
2022-08-24,4호선,미아(서울사이버대학),15246,14610,29856,636,8,24,수
2022-08-24,4호선,수유(강북구청),33982,34547,68529,-565,8,24,수
2022-08-24,4호선,쌍문,29363,27515,56878,1848,8,24,수
2022-08-24,4호선,창동,26015,27503,53518,-1488,8,24,수
2022-08-24,4호선,노원,18638,21209,39847,-2571,8,24,수
2022-08-24,4호선,상계,19657,18501,38158,1156,8,24,수
2022-08-24,4호선,당고개,9081,8055,17136,1026,8,24,수
2022-08-24,3호선,오금,6416,5798,12214,618,8,24,수
2022-08-24,3호선,경찰병원,7565,7632,15197,-67,8,24,수
2022-08-24,3호선,가락시장,9411,9272,18683,139,8,24,수
2022-08-24,3호선,수서,17723,17761,35484,-38,8,24,수
2022-08-24,3호선,일원,11249,10834,22083,415,8,24,수
2022-08-24,3호선,대청,10930,10167,21097,763,8,24,수
2022-08-24,3호선,학여울,2002,2059,4061,-57,8,24,수
2022-08-24,3호선,대치,11316,11576,22892,-260,8,24,수
2022-08-24,3호선,도곡,5232,5560,10792,-328,8,24,수
2022-08-24,3호선,매봉,13033,12534,25567,499,8,24,수
2022-08-24,3호선,양재(서초구청),38755,42217,80972,-3462,8,24,수
2022-08-24,3호선,남부터미널(예술의전당),29375,29740,59115,-365,8,24,수
2022-08-24,3호선,교대(법원.검찰청),15490,9976,25466,5514,8,24,수
2022-08-24,3호선,고속터미널,41138,39145,80283,1993,8,24,수
2022-08-24,3호선,잠원,5132,4888,10020,244,8,24,수
2022-08-24,3호선,신사,29172,30510,59682,-1338,8,24,수
2022-08-24,3호선,압구정,33302,35881,69183,-2579,8,24,수
2022-08-24,3호선,옥수,9178,9641,18819,-463,8,24,수
2022-08-24,3호선,금호,8145,7494,15639,651,8,24,수
2022-08-24,3호선,약수,13823,13278,27101,545,8,24,수
2022-08-24,3호선,동대입구,8132,8860,16992,-728,8,24,수
2022-08-24,3호선,충무로,2,0,2,2,8,24,수
2022-08-24,3호선,을지로3가,11365,11315,22680,50,8,24,수
2022-08-24,3호선,종로3가,10595,12290,22885,-1695,8,24,수
2022-08-24,3호선,안국,23727,24709,48436,-982,8,24,수
2022-08-24,3호선,경복궁(정부서울청사),22260,22605,44865,-345,8,24,수
2022-08-24,3호선,독립문,7231,7416,14647,-185,8,24,수
2022-08-24,3호선,무악재,4034,3981,8015,53,8,24,수
2022-08-24,3호선,홍제,17887,16795,34682,1092,8,24,수
2022-08-24,3호선,녹번,15968,14349,30317,1619,8,24,수
2022-08-24,3호선,불광,16716,17573,34289,-857,8,24,수
2022-08-24,3호선,연신내,37006,34850,71856,2156,8,24,수
2022-08-24,3호선,구파발,21607,20846,42453,761,8,24,수
2022-08-24,3호선,지축,5561,5317,10878,244,8,24,수
2022-08-24,2호선,용두(동대문구청),2521,2558,5079,-37,8,24,수
2022-08-24,2호선,신정네거리,10628,10914,21542,-286,8,24,수
2022-08-24,2호선,양천구청,7115,7363,14478,-248,8,24,수
2022-08-24,2호선,도림천,1437,1499,2936,-62,8,24,수
2022-08-24,2호선,신설동,3191,3134,6325,57,8,24,수
2022-08-24,2호선,신답,1836,2030,3866,-194,8,24,수
2022-08-24,2호선,용답,2853,2734,5587,119,8,24,수
2022-08-24,2호선,충정로(경기대입구),10694,11258,21952,-564,8,24,수
2022-08-24,2호선,아현,10939,10379,21318,560,8,24,수
2022-08-24,2호선,이대,14070,14836,28906,-766,8,24,수
2022-08-24,2호선,신촌,35168,36253,71421,-1085,8,24,수
2022-08-24,2호선,홍대입구,58028,61764,119792,-3736,8,24,수
2022-08-24,2호선,합정,32452,34827,67279,-2375,8,24,수
2022-08-24,2호선,당산,18813,22233,41046,-3420,8,24,수
2022-08-24,2호선,영등포구청,22988,23798,46786,-810,8,24,수
2022-08-24,2호선,문래,23292,23871,47163,-579,8,24,수
2022-08-24,2호선,신도림,49784,49077,98861,707,8,24,수
2022-08-24,2호선,대림(구로구청),24689,25115,49804,-426,8,24,수
2022-08-24,2호선,구로디지털단지,61587,61802,123389,-215,8,24,수
2022-08-24,2호선,신대방,26034,25234,51268,800,8,24,수
2022-08-24,2호선,신림,59189,57017,116206,2172,8,24,수
2022-08-24,2호선,봉천,25208,23443,48651,1765,8,24,수
2022-08-24,2호선,서울대입구(관악구청),47622,47037,94659,585,8,24,수
2022-08-24,2호선,낙성대(강감찬),28659,27477,56136,1182,8,24,수
2022-08-24,2호선,사당,39020,42180,81200,-3160,8,24,수
2022-08-24,2호선,방배,16845,17357,34202,-512,8,24,수
2022-08-24,2호선,서초,22968,22051,45019,917,8,24,수
2022-08-24,2호선,교대(법원.검찰청),35948,40535,76483,-4587,8,24,수
2022-08-24,2호선,강남,84569,81630,166199,2939,8,24,수
2022-08-24,2호선,역삼,56899,64827,121726,-7928,8,24,수
2022-08-24,2호선,선릉,60978,54263,115241,6715,8,24,수
2022-08-24,2호선,삼성(무역센터),56524,57605,114129,-1081,8,24,수
2022-08-24,2호선,종합운동장,9259,9862,19121,-603,8,24,수
2022-08-24,2호선,잠실새내,21960,21833,43793,127,8,24,수
2022-08-24,2호선,잠실(송파구청),71310,70824,142134,486,8,24,수
2022-08-24,2호선,잠실나루,15562,14982,30544,580,8,24,수
2022-08-24,2호선,강변(동서울터미널),31947,30184,62131,1763,8,24,수
2022-08-24,2호선,구의(광진구청),24352,23807,48159,545,8,24,수
2022-08-24,2호선,건대입구,34536,37242,71778,-2706,8,24,수
2022-08-24,2호선,뚝섬,23555,25663,49218,-2108,8,24,수
2022-08-24,2호선,한양대,7100,7709,14809,-609,8,24,수
2022-08-24,2호선,왕십리(성동구청),16538,13669,30207,2869,8,24,수
2022-08-24,2호선,상왕십리,14913,14403,29316,510,8,24,수
2022-08-24,2호선,신당,14575,15078,29653,-503,8,24,수
2022-08-24,경강선,곤지암,2261,2153,4414,108,8,24,수
2022-08-24,2호선,을지로4가,14347,14268,28615,79,8,24,수
2022-08-24,2호선,을지로3가,24830,25399,50229,-569,8,24,수
2022-08-24,2호선,을지로입구,43939,45276,89215,-1337,8,24,수
2022-08-24,2호선,시청,25042,24376,49418,666,8,24,수
2022-08-24,2호선,성수,39846,43685,83531,-3839,8,24,수
2022-08-24,1호선,동묘앞,8213,8479,16692,-266,8,24,수
2022-08-24,1호선,청량리(서울시립대입구),20183,19874,40057,309,8,24,수
2022-08-24,1호선,제기동,18139,18492,36631,-353,8,24,수
2022-08-24,1호선,신설동,14151,13693,27844,458,8,24,수
2022-08-24,1호선,동대문,10889,10360,21249,529,8,24,수
2022-08-24,1호선,종로5가,23106,23119,46225,-13,8,24,수
2022-08-24,1호선,종로3가,26327,23712,50039,2615,8,24,수
2022-08-24,1호선,종각,38327,37994,76321,333,8,24,수
2022-08-24,1호선,시청,24469,24814,49283,-345,8,24,수
2022-08-24,1호선,서울역,48101,45766,93867,2335,8,24,수
2022-08-24,신림선,샛강,2281,2777,5058,-496,8,24,수
2022-08-24,신림선,대방,2190,1761,3951,429,8,24,수
2022-08-24,신림선,관악산(서울대),2988,2972,5960,16,8,24,수
2022-08-24,신림선,서원,2971,2557,5528,414,8,24,수
2022-08-24,신림선,신림,1580,2107,3687,-527,8,24,수
2022-08-24,신림선,당곡,3825,3778,7603,47,8,24,수
2022-08-24,신림선,보라매병원,6726,7197,13923,-471,8,24,수
2022-08-24,신림선,보라매공원,1769,1991,3760,-222,8,24,수
2022-08-24,신림선,보라매,2988,2731,5719,257,8,24,수
2022-08-24,신림선,서울지방병무청,2420,2654,5074,-234,8,24,수
2022-08-24,중앙선,지평,60,89,149,-29,8,24,수
2022-08-24,중앙선,용문,2040,1943,3983,97,8,24,수
2022-08-24,중앙선,원덕,356,383,739,-27,8,24,수
2022-08-24,중앙선,양평,2930,3004,5934,-74,8,24,수
2022-08-24,중앙선,오빈,334,317,651,17,8,24,수
2022-08-24,중앙선,아신,632,635,1267,-3,8,24,수
2022-08-24,중앙선,국수,762,780,1542,-18,8,24,수
2022-08-24,중앙선,신원,220,176,396,44,8,24,수
2022-08-24,중앙선,양수,2071,2059,4130,12,8,24,수
2022-08-24,중앙선,운길산,793,780,1573,13,8,24,수
2022-08-24,중앙선,팔당,916,922,1838,-6,8,24,수
2022-08-24,중앙선,도심,2572,2034,4606,538,8,24,수
2022-08-24,중앙선,덕소,5649,5661,11310,-12,8,24,수
2022-08-24,중앙선,양정,768,643,1411,125,8,24,수
2022-08-24,중앙선,도농,11496,10389,21885,1107,8,24,수
2022-08-24,중앙선,구리,13931,14081,28012,-150,8,24,수
2022-08-24,중앙선,양원,3216,3100,6316,116,8,24,수
2022-08-24,중앙선,망우,8024,7641,15665,383,8,24,수
2022-08-24,중앙선,상봉(시외버스터미널),5819,5779,11598,40,8,24,수
2022-08-24,중앙선,중랑,5903,5456,11359,447,8,24,수
2022-08-24,중앙선,회기,25476,24560,50036,916,8,24,수
2022-08-24,장항선,신창(순천향대),1232,1229,2461,3,8,24,수
2022-08-24,장항선,온양온천,5045,5150,10195,-105,8,24,수
2022-08-24,장항선,배방,1155,1072,2227,83,8,24,수
2022-08-24,장항선,탕정,946,867,1813,79,8,24,수
2022-08-24,장항선,아산,3007,2709,5716,298,8,24,수
2022-08-24,장항선,쌍용(나사렛대),2224,2107,4331,117,8,24,수
2022-08-24,장항선,봉명,1395,1385,2780,10,8,24,수
2022-08-24,일산선,대화,13265,10247,23512,3018,8,24,수
2022-08-24,일산선,주엽,9599,9690,19289,-91,8,24,수
2022-08-24,일산선,정발산,7470,7535,15005,-65,8,24,수
2022-08-24,일산선,마두,7890,8046,15936,-156,8,24,수
2022-08-24,일산선,백석,9744,9748,19492,-4,8,24,수
2022-08-24,일산선,대곡,2273,1816,4089,457,8,24,수
2022-08-24,일산선,화정,17235,17570,34805,-335,8,24,수
2022-08-24,일산선,원당,11425,10953,22378,472,8,24,수
2022-08-24,일산선,삼송,20274,19540,39814,734,8,24,수
2022-08-24,일산선,지축,1,0,1,1,8,24,수
2022-08-24,일산선,원흥,11750,11173,22923,577,8,24,수
2022-08-24,우이신설선,신설동,2285,2240,4525,45,8,24,수
2022-08-24,우이신설선,보문,1534,1561,3095,-27,8,24,수
2022-08-24,우이신설선,성신여대입구(돈암),3274,3586,6860,-312,8,24,수
2022-08-24,우이신설선,정릉,4798,4296,9094,502,8,24,수
2022-08-24,우이신설선,북한산보국문,6014,5743,11757,271,8,24,수
2022-08-24,우이신설선,솔샘,6179,5772,11951,407,8,24,수
2022-08-24,우이신설선,삼양사거리,2645,2576,5221,69,8,24,수
2022-08-24,우이신설선,삼양,2106,2260,4366,-154,8,24,수
2022-08-24,우이신설선,화계,3609,3316,6925,293,8,24,수
2022-08-24,우이신설선,가오리,4451,4462,8913,-11,8,24,수
2022-08-24,우이신설선,4.19민주묘지,3280,3182,6462,98,8,24,수
2022-08-24,우이신설선,솔밭공원,2619,2442,5061,177,8,24,수
2022-08-24,우이신설선,북한산우이,2884,2623,5507,261,8,24,수
2022-08-24,안산선,수리산,4356,3578,7934,778,8,24,수
2022-08-24,안산선,오이도,8661,8371,17032,290,8,24,수
2022-08-24,안산선,정왕,7746,8263,16009,-517,8,24,수
2022-08-24,안산선,신길온천,1858,1712,3570,146,8,24,수
2022-08-24,안산선,안산,11938,10767,22705,1171,8,24,수
2022-08-24,안산선,초지,4944,4934,9878,10,8,24,수
2022-08-24,안산선,고잔,9292,8768,18060,524,8,24,수
2022-08-24,안산선,중앙,18260,18833,37093,-573,8,24,수
2022-08-24,안산선,한대앞,9032,9184,18216,-152,8,24,수
2022-08-24,안산선,상록수,15810,16097,31907,-287,8,24,수
2022-08-24,안산선,반월,4344,4268,8612,76,8,24,수
2022-08-24,안산선,대야미,5260,4726,9986,534,8,24,수
2022-08-24,안산선,산본,16332,17563,33895,-1231,8,24,수
2022-08-24,신림선,서울대벤처타운,6867,6783,13650,84,8,24,수
2022-08-24,수인선,인천,1181,1847,3028,-666,8,24,수
2022-08-24,수인선,신포,1759,1778,3537,-19,8,24,수
2022-08-24,수인선,숭의,4146,3860,8006,286,8,24,수
2022-08-24,수인선,인하대,5836,5497,11333,339,8,24,수
2022-08-24,수인선,송도,2440,2291,4731,149,8,24,수
2022-08-24,수인선,연수,4632,4622,9254,10,8,24,수
2022-08-24,수인선,원인재,4382,4604,8986,-222,8,24,수
2022-08-24,수인선,남동인더스파크,2414,2662,5076,-248,8,24,수
2022-08-24,수인선,호구포,4265,4428,8693,-163,8,24,수
2022-08-24,수인선,인천논현,5561,5915,11476,-354,8,24,수
2022-08-24,수인선,소래포구,5231,4787,10018,444,8,24,수
2022-08-24,수인선,월곶,3021,2840,5861,181,8,24,수
2022-08-24,수인선,달월,110,76,186,34,8,24,수
2022-08-24,수인선,사리,4876,4211,9087,665,8,24,수
2022-08-24,수인선,야목,388,313,701,75,8,24,수
2022-08-24,수인선,어천,987,946,1933,41,8,24,수
2022-08-24,수인선,오목천,3158,2948,6106,210,8,24,수
2022-08-24,수인선,고색,4872,4557,9429,315,8,24,수
2022-08-24,분당선,매교,3891,3813,7704,78,8,24,수
2022-08-24,분당선,수원시청,12993,14149,27142,-1156,8,24,수
2022-08-24,분당선,매탄권선,5392,5220,10612,172,8,24,수
2022-08-24,분당선,망포,15097,14250,29347,847,8,24,수
2022-08-24,분당선,영통,8391,8506,16897,-115,8,24,수
2022-08-24,분당선,청명,4519,4355,8874,164,8,24,수
2022-08-24,분당선,상갈,5676,5575,11251,101,8,24,수
2022-08-24,분당선,기흥,10460,9892,20352,568,8,24,수
2022-08-24,분당선,신갈,4972,4873,9845,99,8,24,수
2022-08-24,분당선,구성,5431,5574,11005,-143,8,24,수
2022-08-24,분당선,죽전,13660,14986,28646,-1326,8,24,수
2022-08-24,분당선,보정,2808,2406,5214,402,8,24,수
2022-08-24,분당선,이매,6087,5689,11776,398,8,24,수
2022-08-24,분당선,오리,12479,10014,22493,2465,8,24,수
2022-08-24,분당선,미금,16174,17485,33659,-1311,8,24,수
2022-08-24,분당선,정자,19498,20675,40173,-1177,8,24,수
2022-08-24,분당선,수내,14343,14411,28754,-68,8,24,수
2022-08-24,분당선,서현,25497,26000,51497,-503,8,24,수
2022-08-24,분당선,야탑,27316,28185,55501,-869,8,24,수
2022-08-24,분당선,모란,25708,26819,52527,-1111,8,24,수
2022-08-24,분당선,태평,14251,13527,27778,724,8,24,수
2022-08-24,분당선,가천대,7077,7995,15072,-918,8,24,수
2022-08-24,분당선,선정릉,8407,8975,17382,-568,8,24,수
2022-08-24,분당선,강남구청,10256,11729,21985,-1473,8,24,수
2022-08-24,분당선,압구정로데오,20093,22251,42344,-2158,8,24,수
2022-08-24,분당선,서울숲,12143,12497,24640,-354,8,24,수
2022-08-24,분당선,수원,7889,6798,14687,1091,8,24,수
2022-08-24,분당선,복정,2,0,2,2,8,24,수
2022-08-24,분당선,수서,14524,14808,29332,-284,8,24,수
2022-08-24,분당선,대모산입구,4950,4599,9549,351,8,24,수
2022-08-24,분당선,개포동,4366,4381,8747,-15,8,24,수
2022-08-24,분당선,구룡,2418,2264,4682,154,8,24,수
2022-08-24,분당선,도곡,7682,7285,14967,397,8,24,수
2022-08-24,분당선,한티,14997,16274,31271,-1277,8,24,수
2022-08-24,분당선,선릉,14574,21526,36100,-6952,8,24,수
2022-08-24,과천선,범계,26636,26980,53616,-344,8,24,수
2022-08-24,과천선,평촌,18131,18129,36260,2,8,24,수
2022-08-24,과천선,인덕원,24600,25748,50348,-1148,8,24,수
2022-08-24,과천선,정부과천청사,11335,11336,22671,-1,8,24,수
2022-08-24,과천선,과천,6764,6241,13005,523,8,24,수
2022-08-24,과천선,대공원,2938,3074,6012,-136,8,24,수
2022-08-24,과천선,경마공원,1802,1840,3642,-38,8,24,수
2022-08-24,과천선,선바위,8099,7298,15397,801,8,24,수
2022-08-24,공항철도 1호선,영종,3647,3738,7385,-91,8,24,수
2022-08-24,공항철도 1호선,인천공항2터미널,3803,3390,7193,413,8,24,수
2022-08-24,공항철도 1호선,인천공항1터미널,8584,8164,16748,420,8,24,수
2022-08-24,공항철도 1호선,공항화물청사,2438,2529,4967,-91,8,24,수
2022-08-24,공항철도 1호선,운서,7992,7975,15967,17,8,24,수
2022-08-24,공항철도 1호선,청라국제도시,7375,6771,14146,604,8,24,수
2022-08-24,공항철도 1호선,검암,6832,6669,13501,163,8,24,수
2022-08-24,공항철도 1호선,계양,11833,10961,22794,872,8,24,수
2022-08-24,공항철도 1호선,김포공항,11123,6300,17423,4823,8,24,수
2022-08-24,공항철도 1호선,마곡나루(서울식물원),10102,9449,19551,653,8,24,수
2022-08-24,공항철도 1호선,디지털미디어시티,15001,13943,28944,1058,8,24,수
2022-08-24,공항철도 1호선,홍대입구,11271,11451,22722,-180,8,24,수
2022-08-24,공항철도 1호선,공덕,2633,3374,6007,-741,8,24,수
2022-08-24,공항철도 1호선,서울역,9161,8210,17371,951,8,24,수
2022-08-24,경춘선,춘천,1369,1200,2569,169,8,24,수
2022-08-24,경춘선,남춘천,2378,2445,4823,-67,8,24,수
2022-08-24,경춘선,김유정,341,351,692,-10,8,24,수
2022-08-24,경춘선,강촌,573,481,1054,92,8,24,수
2022-08-24,경춘선,백양리,128,108,236,20,8,24,수
2022-08-24,경춘선,굴봉산,169,154,323,15,8,24,수
2022-08-24,경춘선,가평,2821,2800,5621,21,8,24,수
2022-08-24,경춘선,상천,332,318,650,14,8,24,수
2022-08-24,경춘선,청평,1967,1929,3896,38,8,24,수
2022-08-24,경춘선,대성리,943,938,1881,5,8,24,수
2022-08-24,경춘선,마석,4050,3960,8010,90,8,24,수
2022-08-24,경춘선,천마산,1766,1593,3359,173,8,24,수
2022-08-24,경춘선,평내호평,6395,6280,12675,115,8,24,수
2022-08-24,경춘선,금곡,1551,1555,3106,-4,8,24,수
2022-08-24,경춘선,사릉,2400,2299,4699,101,8,24,수
2022-08-24,경춘선,퇴계원,3590,3296,6886,294,8,24,수
2022-08-24,경춘선,별내,3255,3014,6269,241,8,24,수
2022-08-24,경춘선,갈매,3219,2736,5955,483,8,24,수
2022-08-24,경춘선,신내,2333,2297,4630,36,8,24,수
2022-08-24,경인선,도화,4309,3960,8269,349,8,24,수
2022-08-24,경인선,중동,9701,8969,18670,732,8,24,수
2022-08-24,경인선,온수(성공회대입구),6852,6496,13348,356,8,24,수
2022-08-24,경인선,도원,3289,3328,6617,-39,8,24,수
2022-08-24,경인선,간석,6190,5792,11982,398,8,24,수
2022-08-24,경인선,부개,9080,8363,17443,717,8,24,수
2022-08-24,경인선,소사,8435,8431,16866,4,8,24,수
2022-08-24,경인선,구일,9880,10450,20330,-570,8,24,수
2022-08-24,경인선,인천,4132,3291,7423,841,8,24,수
2022-08-24,경인선,동인천,14230,13364,27594,866,8,24,수
2022-08-24,경인선,제물포,10933,10312,21245,621,8,24,수
2022-08-24,경인선,주안,18798,17234,36032,1564,8,24,수
2022-08-24,경인선,동암,16196,16079,32275,117,8,24,수
2022-08-24,경인선,백운,7255,6981,14236,274,8,24,수
2022-08-24,경인선,부평,28593,30748,59341,-2155,8,24,수
2022-08-24,경인선,송내,28182,28206,56388,-24,8,24,수
2022-08-24,경인선,부천,32547,32636,65183,-89,8,24,수
2022-08-24,경인선,역곡,27330,27254,54584,76,8,24,수
2022-08-24,경인선,오류동,12187,11128,23315,1059,8,24,수
2022-08-24,경인선,개봉,22060,21522,43582,538,8,24,수
2022-08-24,경의선,임진강,15,31,46,-16,8,24,수
2022-08-24,경의선,문산,5884,5788,11672,96,8,24,수
2022-08-24,경의선,파주,1190,806,1996,384,8,24,수
2022-08-24,경의선,월롱,2784,2586,5370,198,8,24,수
2022-08-24,경의선,금촌,6800,6587,13387,213,8,24,수
2022-08-24,경의선,금릉,5056,4915,9971,141,8,24,수
2022-08-24,경의선,운정,7253,6630,13883,623,8,24,수
2022-08-24,경의선,야당,8212,8291,16503,-79,8,24,수
2022-08-24,경의선,탄현,8132,7725,15857,407,8,24,수
2022-08-24,경의선,일산,9786,9625,19411,161,8,24,수
2022-08-24,경의선,풍산,5798,5339,11137,459,8,24,수
2022-08-24,경의선,백마,7358,7028,14386,330,8,24,수
2022-08-24,경의선,곡산,648,667,1315,-19,8,24,수
2022-08-24,경의선,능곡,4150,3760,7910,390,8,24,수
2022-08-24,경의선,행신,8244,8222,16466,22,8,24,수
2022-08-24,경의선,강매,3396,2926,6322,470,8,24,수
2022-08-24,경의선,화전,1700,1518,3218,182,8,24,수
2022-08-24,경의선,수색,3037,3199,6236,-162,8,24,수
2022-08-24,경의선,디지털미디어시티,2748,2491,5239,257,8,24,수
2022-08-24,경의선,가좌,5885,5552,11437,333,8,24,수
2022-08-24,경의선,홍대입구,1880,2284,4164,-404,8,24,수
2022-08-24,경의선,서강대,2197,2127,4324,70,8,24,수
2022-08-24,경의선,공덕,4029,3532,7561,497,8,24,수
2022-08-24,경의선,효창공원앞,3077,3581,6658,-504,8,24,수
2022-08-24,경의선,신촌,965,1356,2321,-391,8,24,수
2022-08-24,경의선,서울역,4879,6075,10954,-1196,8,24,수
2022-08-24,경원선,소요산,2841,2422,5263,419,8,24,수
2022-08-24,경원선,동두천,2212,2508,4720,-296,8,24,수
2022-08-24,경원선,보산,1553,1429,2982,124,8,24,수
2022-08-24,경원선,동두천중앙,3114,3033,6147,81,8,24,수
2022-08-24,경원선,지행,6667,6626,13293,41,8,24,수
2022-08-24,경원선,덕정,5709,5493,11202,216,8,24,수
2022-08-24,경원선,덕계,3447,3118,6565,329,8,24,수
2022-08-24,경원선,양주,7767,7221,14988,546,8,24,수
2022-08-24,경원선,녹양,4756,4599,9355,157,8,24,수
2022-08-24,경원선,가능,6993,6802,13795,191,8,24,수
2022-08-24,경원선,의정부,18361,18996,37357,-635,8,24,수
2022-08-24,경원선,회룡,13095,12945,26040,150,8,24,수
2022-08-24,경원선,망월사,7879,7975,15854,-96,8,24,수
2022-08-24,경원선,도봉산,7829,5017,12846,2812,8,24,수
2022-08-24,경원선,도봉,6380,6025,12405,355,8,24,수
2022-08-24,경원선,방학,10161,9890,20051,271,8,24,수
2022-08-24,경원선,창동,1,0,1,1,8,24,수
2022-08-24,경원선,녹천,4929,4121,9050,808,8,24,수
2022-08-24,경원선,월계,6931,6575,13506,356,8,24,수
2022-08-24,경원선,광운대,7809,7449,15258,360,8,24,수
2022-08-24,경원선,석계,8134,9185,17319,-1051,8,24,수
2022-08-24,경원선,신이문,8882,8162,17044,720,8,24,수
2022-08-24,경원선,외대앞,7845,7840,15685,5,8,24,수
2022-08-24,경원선,청량리(서울시립대입구),15425,16115,31540,-690,8,24,수
2022-08-24,경원선,왕십리(성동구청),14790,16540,31330,-1750,8,24,수
2022-08-24,경원선,응봉,2028,1714,3742,314,8,24,수
2022-08-24,경원선,옥수,52,47,99,5,8,24,수
2022-08-24,경원선,한남,4322,4086,8408,236,8,24,수
2022-08-24,경원선,서빙고,2224,2045,4269,179,8,24,수
2022-08-24,경원선,이촌(국립중앙박물관),4207,3148,7355,1059,8,24,수
2022-08-24,경부선,광명,3609,3176,6785,433,8,24,수
2022-08-24,경부선,서동탄,1511,1287,2798,224,8,24,수
2022-08-24,경부선,당정,6531,6039,12570,492,8,24,수
2022-08-24,경부선,천안,5307,5618,10925,-311,8,24,수
2022-08-24,경부선,두정,5703,5655,11358,48,8,24,수
2022-08-24,경부선,직산,819,822,1641,-3,8,24,수
2022-08-24,경부선,성환,3353,3350,6703,3,8,24,수
2022-08-24,경부선,평택,11178,11101,22279,77,8,24,수
2022-08-24,경부선,평택지제,3858,3786,7644,72,8,24,수
2022-08-24,경부선,서정리,7238,6763,14001,475,8,24,수
2022-08-24,경부선,송탄,4231,4131,8362,100,8,24,수
2022-08-24,경부선,진위,1866,1687,3553,179,8,24,수
2022-08-24,경부선,오산,9515,9448,18963,67,8,24,수
2022-08-24,경부선,오산대,3549,3268,6817,281,8,24,수
2022-08-24,경부선,세마,3048,2834,5882,214,8,24,수
2022-08-24,경부선,병점,14442,14074,28516,368,8,24,수
2022-08-24,경부선,세류,3106,2842,5948,264,8,24,수
2022-08-24,경부선,독산,19352,20049,39401,-697,8,24,수
2022-08-24,경부선,수원,33072,35087,68159,-2015,8,24,수
2022-08-24,경부선,화서,8482,8119,16601,363,8,24,수
2022-08-24,경부선,성균관대,14503,14423,28926,80,8,24,수
2022-08-24,경부선,의왕,9113,9111,18224,2,8,24,수
2022-08-24,경부선,군포,7934,7764,15698,170,8,24,수
2022-08-24,경부선,금정,27854,28341,56195,-487,8,24,수
2022-08-24,경부선,명학,9481,9364,18845,117,8,24,수
2022-08-24,경부선,안양,22302,21840,44142,462,8,24,수
2022-08-24,경부선,관악,7621,7167,14788,454,8,24,수
2022-08-24,경부선,석수,9575,8558,18133,1017,8,24,수
2022-08-24,경부선,금천구청,11878,11853,23731,25,8,24,수
2022-08-24,경부선,가산디지털단지,19034,22019,41053,-2985,8,24,수
2022-08-24,경부선,구로,18620,19068,37688,-448,8,24,수
2022-08-24,경부선,신길,9468,8187,17655,1281,8,24,수
2022-08-24,경부선,신도림,4245,4344,8589,-99,8,24,수
2022-08-24,경부선,영등포,38124,39027,77151,-903,8,24,수
2022-08-24,경부선,대방,11423,12299,23722,-876,8,24,수
2022-08-24,경부선,노량진,8111,7976,16087,135,8,24,수
2022-08-24,경부선,용산,35767,37140,72907,-1373,8,24,수
2022-08-24,경부선,남영,9717,10270,19987,-553,8,24,수
2022-08-24,경부선,서울역,7285,2325,9610,4960,8,24,수
2022-08-24,경강선,여주,2155,2139,4294,16,8,24,수
2022-08-24,경강선,세종대왕릉,374,367,741,7,8,24,수
2022-08-24,경강선,부발,2064,1997,4061,67,8,24,수
2022-08-24,경강선,이천,2537,2630,5167,-93,8,24,수
2022-08-24,경강선,신둔도예촌,1707,1525,3232,182,8,24,수
2022-08-25,경원선,도봉,6360,6120,12480,240,8,25,목
2022-08-25,경원선,도봉산,7346,4672,12018,2674,8,25,목
2022-08-25,경원선,망월사,7940,8125,16065,-185,8,25,목
2022-08-25,경원선,회룡,13217,12920,26137,297,8,25,목
2022-08-25,경원선,의정부,18292,19119,37411,-827,8,25,목
2022-08-25,경원선,가능,6991,6752,13743,239,8,25,목
2022-08-25,경부선,군포,7813,7697,15510,116,8,25,목
2022-08-25,경원선,녹양,4713,4398,9111,315,8,25,목
2022-08-25,경원선,양주,7691,7307,14998,384,8,25,목
2022-08-25,경원선,덕계,3383,3024,6407,359,8,25,목
2022-08-25,경원선,덕정,5558,5376,10934,182,8,25,목
2022-08-25,경원선,지행,6663,6734,13397,-71,8,25,목
2022-08-25,경원선,동두천중앙,3345,3288,6633,57,8,25,목
2022-08-25,경원선,보산,1582,1479,3061,103,8,25,목
2022-08-25,경원선,동두천,2234,2439,4673,-205,8,25,목
2022-08-25,경원선,소요산,2512,2166,4678,346,8,25,목
2022-08-25,경의선,서울역,4773,6039,10812,-1266,8,25,목
2022-08-25,경의선,신촌,993,1241,2234,-248,8,25,목
2022-08-25,경의선,효창공원앞,3181,3526,6707,-345,8,25,목
2022-08-25,경의선,공덕,3975,3461,7436,514,8,25,목
2022-08-25,경의선,서강대,2127,2117,4244,10,8,25,목
2022-08-25,경의선,홍대입구,1861,2248,4109,-387,8,25,목
2022-08-25,9호선,개화,2825,1944,4769,881,8,25,목
2022-08-25,경의선,금릉,5148,4927,10075,221,8,25,목
2022-08-25,경의선,금촌,6582,6513,13095,69,8,25,목
2022-08-25,경의선,월롱,2785,2477,5262,308,8,25,목
2022-08-25,경의선,파주,1161,741,1902,420,8,25,목
2022-08-25,경의선,문산,5316,5417,10733,-101,8,25,목
2022-08-25,경의선,임진강,23,12,35,11,8,25,목
2022-08-25,경인선,개봉,21651,20978,42629,673,8,25,목
2022-08-25,경인선,오류동,12181,11218,23399,963,8,25,목
2022-08-25,경인선,역곡,27253,27011,54264,242,8,25,목
2022-08-25,경인선,부천,32109,32084,64193,25,8,25,목
2022-08-25,경인선,송내,28421,28324,56745,97,8,25,목
2022-08-25,경인선,부평,28710,30558,59268,-1848,8,25,목
2022-08-25,경인선,백운,7171,7010,14181,161,8,25,목
2022-08-25,경부선,금정,27774,28161,55935,-387,8,25,목
2022-08-25,경인선,동암,16049,15965,32014,84,8,25,목
2022-08-25,경인선,주안,18634,16758,35392,1876,8,25,목
2022-08-25,경인선,제물포,10688,10067,20755,621,8,25,목
2022-08-25,경인선,동인천,14161,13503,27664,658,8,25,목
2022-08-25,경인선,인천,3778,2979,6757,799,8,25,목
2022-08-25,경인선,구일,6431,6250,12681,181,8,25,목
2022-08-25,경인선,소사,8449,8470,16919,-21,8,25,목
2022-08-25,경인선,부개,8920,8226,17146,694,8,25,목
2022-08-25,경인선,간석,6087,5751,11838,336,8,25,목
2022-08-25,경인선,도원,3623,3547,7170,76,8,25,목
2022-08-25,경인선,온수(성공회대입구),6953,6572,13525,381,8,25,목
2022-08-25,경인선,중동,9748,9040,18788,708,8,25,목
2022-08-25,경인선,도화,4229,3920,8149,309,8,25,목
2022-08-25,경춘선,신내,2327,2237,4564,90,8,25,목
2022-08-25,경춘선,갈매,3150,2686,5836,464,8,25,목
2022-08-25,경춘선,별내,3222,3043,6265,179,8,25,목
2022-08-25,경춘선,퇴계원,3632,3221,6853,411,8,25,목
2022-08-25,경춘선,사릉,2430,2311,4741,119,8,25,목
2022-08-25,경춘선,금곡,1622,1543,3165,79,8,25,목
2022-08-25,경춘선,평내호평,6383,6292,12675,91,8,25,목
2022-08-25,경춘선,천마산,1723,1633,3356,90,8,25,목
2022-08-25,경춘선,마석,4054,3965,8019,89,8,25,목
2022-08-25,경춘선,대성리,1003,1151,2154,-148,8,25,목
2022-08-25,경춘선,청평,1933,2016,3949,-83,8,25,목
2022-08-25,경춘선,상천,345,353,698,-8,8,25,목
2022-08-25,경춘선,가평,2789,3046,5835,-257,8,25,목
2022-08-25,경춘선,굴봉산,162,139,301,23,8,25,목
2022-08-25,경춘선,백양리,74,75,149,-1,8,25,목
2022-08-25,경춘선,강촌,473,527,1000,-54,8,25,목
2022-08-25,경춘선,김유정,468,485,953,-17,8,25,목
2022-08-25,경춘선,남춘천,2396,2469,4865,-73,8,25,목
2022-08-25,경춘선,춘천,1383,1278,2661,105,8,25,목
2022-08-25,공항철도 1호선,서울역,9468,8597,18065,871,8,25,목
2022-08-25,공항철도 1호선,공덕,2571,3441,6012,-870,8,25,목
2022-08-25,공항철도 1호선,홍대입구,11411,11749,23160,-338,8,25,목
2022-08-25,8호선,남위례,5787,5950,11737,-163,8,25,목
2022-08-25,8호선,모란,4634,3671,8305,963,8,25,목
2022-08-25,8호선,수진,5613,5195,10808,418,8,25,목
2022-08-25,8호선,신흥,4309,4701,9010,-392,8,25,목
2022-08-25,8호선,단대오거리,10592,10444,21036,148,8,25,목
2022-08-25,8호선,남한산성입구(성남법원.검찰청),13885,12510,26395,1375,8,25,목
2022-08-25,8호선,산성,5524,5629,11153,-105,8,25,목
2022-08-25,경의선,가좌,5832,5510,11342,322,8,25,목
2022-08-25,경의선,디지털미디어시티,2829,2460,5289,369,8,25,목
2022-08-25,경의선,수색,3047,3115,6162,-68,8,25,목
2022-08-25,경의선,운정,7208,6591,13799,617,8,25,목
2022-08-25,6호선,역촌,3911,4443,8354,-532,8,25,목
2022-08-25,공항철도 1호선,디지털미디어시티,15540,14078,29618,1462,8,25,목
2022-08-25,공항철도 1호선,마곡나루(서울식물원),10144,9489,19633,655,8,25,목
2022-08-25,공항철도 1호선,김포공항,11833,6640,18473,5193,8,25,목
2022-08-25,공항철도 1호선,계양,11744,10887,22631,857,8,25,목
2022-08-25,공항철도 1호선,검암,7025,6831,13856,194,8,25,목
2022-08-25,공항철도 1호선,청라국제도시,7472,6982,14454,490,8,25,목
2022-08-25,공항철도 1호선,운서,7903,8009,15912,-106,8,25,목
2022-08-25,공항철도 1호선,공항화물청사,2326,2533,4859,-207,8,25,목
2022-08-25,공항철도 1호선,인천공항1터미널,8836,7617,16453,1219,8,25,목
2022-08-25,공항철도 1호선,인천공항2터미널,3809,3201,7010,608,8,25,목
2022-08-25,공항철도 1호선,영종,3582,3608,7190,-26,8,25,목
2022-08-25,과천선,선바위,8145,7334,15479,811,8,25,목
2022-08-25,과천선,경마공원,1525,1460,2985,65,8,25,목
2022-08-25,과천선,대공원,2778,2889,5667,-111,8,25,목
2022-08-25,과천선,과천,6620,6176,12796,444,8,25,목
2022-08-25,과천선,정부과천청사,11485,11301,22786,184,8,25,목
2022-08-25,과천선,인덕원,24824,25806,50630,-982,8,25,목
2022-08-25,과천선,평촌,18287,18357,36644,-70,8,25,목
2022-08-25,과천선,범계,26350,26243,52593,107,8,25,목
2022-08-25,분당선,선릉,14608,21632,36240,-7024,8,25,목
2022-08-25,분당선,한티,15353,16369,31722,-1016,8,25,목
2022-08-25,분당선,도곡,7651,7131,14782,520,8,25,목
2022-08-25,분당선,구룡,2370,2309,4679,61,8,25,목
2022-08-25,분당선,개포동,4280,4302,8582,-22,8,25,목
2022-08-25,분당선,대모산입구,4968,4646,9614,322,8,25,목
2022-08-25,분당선,수서,14293,14912,29205,-619,8,25,목
2022-08-25,분당선,수원,7927,6791,14718,1136,8,25,목
2022-08-25,분당선,서울숲,11661,12087,23748,-426,8,25,목
2022-08-25,분당선,압구정로데오,20055,22554,42609,-2499,8,25,목
2022-08-25,분당선,강남구청,10278,11832,22110,-1554,8,25,목
2022-08-25,중앙선,용문,3549,3524,7073,25,8,25,목
2022-08-25,중앙선,원덕,358,358,716,0,8,25,목
2022-08-25,중앙선,양평,2974,3038,6012,-64,8,25,목
2022-08-25,중앙선,오빈,341,323,664,18,8,25,목
2022-08-25,중앙선,아신,645,673,1318,-28,8,25,목
2022-08-25,중앙선,국수,822,819,1641,3,8,25,목
2022-08-25,중앙선,신원,245,211,456,34,8,25,목
2022-08-25,중앙선,양수,2045,2023,4068,22,8,25,목
2022-08-25,중앙선,운길산,702,740,1442,-38,8,25,목
2022-08-25,중앙선,팔당,898,918,1816,-20,8,25,목
2022-08-25,중앙선,도심,2601,1959,4560,642,8,25,목
2022-08-25,중앙선,덕소,5633,5632,11265,1,8,25,목
2022-08-25,중앙선,양정,766,661,1427,105,8,25,목
2022-08-25,중앙선,도농,11466,10524,21990,942,8,25,목
2022-08-25,중앙선,구리,13723,13694,27417,29,8,25,목
2022-08-25,중앙선,양원,3279,3097,6376,182,8,25,목
2022-08-25,중앙선,망우,7969,7654,15623,315,8,25,목
2022-08-25,중앙선,상봉(시외버스터미널),5818,5711,11529,107,8,25,목
2022-08-25,중앙선,중랑,5702,5412,11114,290,8,25,목
2022-08-25,중앙선,회기,25074,24384,49458,690,8,25,목
2022-08-25,장항선,신창(순천향대),1219,1234,2453,-15,8,25,목
2022-08-25,장항선,온양온천,3475,3539,7014,-64,8,25,목
2022-08-25,장항선,배방,1036,1006,2042,30,8,25,목
2022-08-25,장항선,탕정,1015,931,1946,84,8,25,목
2022-08-25,장항선,아산,3026,2790,5816,236,8,25,목
2022-08-25,장항선,쌍용(나사렛대),2027,1882,3909,145,8,25,목
2022-08-25,장항선,봉명,1352,1275,2627,77,8,25,목
2022-08-25,일산선,대화,13783,10803,24586,2980,8,25,목
2022-08-25,일산선,주엽,9529,9626,19155,-97,8,25,목
2022-08-25,일산선,정발산,6902,7053,13955,-151,8,25,목
2022-08-25,일산선,마두,7722,7915,15637,-193,8,25,목
2022-08-25,일산선,백석,9929,10014,19943,-85,8,25,목
2022-08-25,경의선,능곡,4026,3633,7659,393,8,25,목
2022-08-25,경의선,화전,1915,1719,3634,196,8,25,목
2022-08-25,경의선,강매,3421,2929,6350,492,8,25,목
2022-08-25,분당선,선정릉,8385,8904,17289,-519,8,25,목
2022-08-25,분당선,가천대,7468,8294,15762,-826,8,25,목
2022-08-25,분당선,태평,13892,13086,26978,806,8,25,목
2022-08-25,분당선,모란,20264,20241,40505,23,8,25,목
2022-08-25,분당선,야탑,26745,27818,54563,-1073,8,25,목
2022-08-25,분당선,서현,25179,25575,50754,-396,8,25,목
2022-08-25,분당선,수내,14399,14354,28753,45,8,25,목
2022-08-25,분당선,정자,19225,20556,39781,-1331,8,25,목
2022-08-25,분당선,미금,15829,16898,32727,-1069,8,25,목
2022-08-25,분당선,오리,12214,9961,22175,2253,8,25,목
2022-08-25,분당선,이매,6029,5584,11613,445,8,25,목
2022-08-25,분당선,보정,2800,2332,5132,468,8,25,목
2022-08-25,분당선,죽전,13152,14645,27797,-1493,8,25,목
2022-08-25,분당선,구성,5358,5583,10941,-225,8,25,목
2022-08-25,분당선,신갈,5028,4906,9934,122,8,25,목
2022-08-25,분당선,기흥,10578,9687,20265,891,8,25,목
2022-08-25,분당선,상갈,5558,5427,10985,131,8,25,목
2022-08-25,분당선,청명,4590,4323,8913,267,8,25,목
2022-08-25,분당선,영통,8477,8653,17130,-176,8,25,목
2022-08-25,분당선,망포,15136,14344,29480,792,8,25,목
2022-08-25,분당선,매탄권선,5273,5053,10326,220,8,25,목
2022-08-25,분당선,수원시청,12987,14119,27106,-1132,8,25,목
2022-08-25,분당선,매교,3905,3843,7748,62,8,25,목
2022-08-25,수인선,고색,4826,4393,9219,433,8,25,목
2022-08-25,수인선,오목천,3183,2912,6095,271,8,25,목
2022-08-25,수인선,어천,1054,1027,2081,27,8,25,목
2022-08-25,수인선,야목,374,277,651,97,8,25,목
2022-08-25,수인선,사리,4811,4171,8982,640,8,25,목
2022-08-25,수인선,달월,102,64,166,38,8,25,목
2022-08-25,수인선,월곶,2997,2789,5786,208,8,25,목
2022-08-25,수인선,소래포구,5235,4806,10041,429,8,25,목
2022-08-25,수인선,인천논현,5435,5719,11154,-284,8,25,목
2022-08-25,수인선,호구포,4201,4422,8623,-221,8,25,목
2022-08-25,수인선,남동인더스파크,2378,2635,5013,-257,8,25,목
2022-08-25,수인선,원인재,4346,4458,8804,-112,8,25,목
2022-08-25,수인선,연수,4448,4423,8871,25,8,25,목
2022-08-25,수인선,송도,2460,2238,4698,222,8,25,목
2022-08-25,수인선,인하대,5740,5458,11198,282,8,25,목
2022-08-25,수인선,숭의,4032,3799,7831,233,8,25,목
2022-08-25,수인선,신포,1812,1828,3640,-16,8,25,목
2022-08-25,수인선,인천,1086,1747,2833,-661,8,25,목
2022-08-25,신림선,샛강,2249,2712,4961,-463,8,25,목
2022-08-25,신림선,대방,2130,1677,3807,453,8,25,목
2022-08-25,신림선,서울지방병무청,2384,2592,4976,-208,8,25,목
2022-08-25,신림선,보라매,3085,2891,5976,194,8,25,목
2022-08-25,신림선,보라매공원,1733,1867,3600,-134,8,25,목
2022-08-25,신림선,보라매병원,6676,7012,13688,-336,8,25,목
2022-08-25,신림선,당곡,3837,3721,7558,116,8,25,목
2022-08-25,신림선,신림,1596,2108,3704,-512,8,25,목
2022-08-25,신림선,서원,2908,2583,5491,325,8,25,목
2022-08-25,신림선,서울대벤처타운,6766,6711,13477,55,8,25,목
2022-08-25,신림선,관악산(서울대),2414,2478,4892,-64,8,25,목
2022-08-25,안산선,산본,16152,17334,33486,-1182,8,25,목
2022-08-25,경의선,행신,8237,8277,16514,-40,8,25,목
2022-08-25,경의선,곡산,649,662,1311,-13,8,25,목
2022-08-25,경의선,백마,7392,6950,14342,442,8,25,목
2022-08-25,경의선,풍산,5951,5573,11524,378,8,25,목
2022-08-25,경의선,일산,9837,9501,19338,336,8,25,목
2022-08-25,경의선,탄현,8136,7729,15865,407,8,25,목
2022-08-25,경의선,야당,8241,8184,16425,57,8,25,목
2022-08-25,8호선,복정,9330,7761,17091,1569,8,25,목
2022-08-25,안산선,대야미,5168,4658,9826,510,8,25,목
2022-08-25,안산선,반월,4338,4230,8568,108,8,25,목
2022-08-25,안산선,상록수,15838,15976,31814,-138,8,25,목
2022-08-25,안산선,한대앞,9000,9098,18098,-98,8,25,목
2022-08-25,안산선,중앙,17963,18673,36636,-710,8,25,목
2022-08-25,안산선,고잔,9164,8710,17874,454,8,25,목
2022-08-25,안산선,초지,4905,4937,9842,-32,8,25,목
2022-08-25,안산선,안산,11515,10398,21913,1117,8,25,목
2022-08-25,안산선,신길온천,1844,1680,3524,164,8,25,목
2022-08-25,안산선,정왕,7779,8040,15819,-261,8,25,목
2022-08-25,안산선,오이도,8286,8138,16424,148,8,25,목
2022-08-25,안산선,수리산,4258,3555,7813,703,8,25,목
2022-08-25,우이신설선,북한산우이,2664,2485,5149,179,8,25,목
2022-08-25,우이신설선,솔밭공원,2616,2498,5114,118,8,25,목
2022-08-25,우이신설선,4.19민주묘지,2856,2691,5547,165,8,25,목
2022-08-25,우이신설선,가오리,4464,4277,8741,187,8,25,목
2022-08-25,우이신설선,화계,3613,3324,6937,289,8,25,목
2022-08-25,우이신설선,삼양,2079,2207,4286,-128,8,25,목
2022-08-25,우이신설선,삼양사거리,2565,2572,5137,-7,8,25,목
2022-08-25,우이신설선,솔샘,6141,5726,11867,415,8,25,목
2022-08-25,우이신설선,북한산보국문,5842,5650,11492,192,8,25,목
2022-08-25,우이신설선,정릉,4804,4301,9105,503,8,25,목
2022-08-25,우이신설선,성신여대입구(돈암),3261,3617,6878,-356,8,25,목
2022-08-25,우이신설선,보문,1578,1585,3163,-7,8,25,목
2022-08-25,우이신설선,신설동,2195,2157,4352,38,8,25,목
2022-08-25,일산선,원흥,11502,10746,22248,756,8,25,목
2022-08-25,일산선,지축,1,0,1,1,8,25,목
2022-08-25,일산선,삼송,20247,19570,39817,677,8,25,목
2022-08-25,일산선,원당,11394,10686,22080,708,8,25,목
2022-08-25,일산선,화정,17020,17377,34397,-357,8,25,목
2022-08-25,일산선,대곡,2223,1800,4023,423,8,25,목
2022-08-25,중앙선,지평,70,78,148,-8,8,25,목
2022-08-25,경부선,명학,9417,9148,18565,269,8,25,목
2022-08-25,경부선,안양,22286,22175,44461,111,8,25,목
2022-08-25,경부선,관악,7390,7006,14396,384,8,25,목
2022-08-25,경부선,석수,9526,8586,18112,940,8,25,목
2022-08-25,경부선,금천구청,11606,11708,23314,-102,8,25,목
2022-08-25,경부선,가산디지털단지,18803,21914,40717,-3111,8,25,목
2022-08-25,경부선,구로,18380,18835,37215,-455,8,25,목
2022-08-25,경부선,신길,9501,8080,17581,1421,8,25,목
2022-08-25,경부선,신도림,4149,4173,8322,-24,8,25,목
2022-08-25,경부선,영등포,38616,39867,78483,-1251,8,25,목
2022-08-25,경부선,대방,11410,12434,23844,-1024,8,25,목
2022-08-25,경부선,노량진,7952,8033,15985,-81,8,25,목
2022-08-25,경부선,용산,36644,37273,73917,-629,8,25,목
2022-08-25,경부선,남영,9885,10162,20047,-277,8,25,목
2022-08-25,경부선,서울역,7844,2453,10297,5391,8,25,목
2022-08-25,경강선,여주,2136,2161,4297,-25,8,25,목
2022-08-25,경강선,세종대왕릉,356,344,700,12,8,25,목
2022-08-25,경강선,부발,2020,1931,3951,89,8,25,목
2022-08-25,경강선,이천,2681,2682,5363,-1,8,25,목
2022-08-25,경강선,신둔도예촌,1553,1461,3014,92,8,25,목
2022-08-25,경강선,곤지암,2157,2175,4332,-18,8,25,목
2022-08-25,경강선,초월,3341,3174,6515,167,8,25,목
2022-08-25,경강선,경기광주,8347,7505,15852,842,8,25,목
2022-08-25,경강선,삼동,2662,2430,5092,232,8,25,목
2022-08-25,경강선,이매,1160,990,2150,170,8,25,목
2022-08-25,경강선,판교,5348,5452,10800,-104,8,25,목
2022-08-25,9호선2~3단계,중앙보훈병원,12020,10545,22565,1475,8,25,목
2022-08-25,9호선2~3단계,둔촌오륜,1175,1153,2328,22,8,25,목
2022-08-25,9호선2~3단계,올림픽공원(한국체대),6520,6624,13144,-104,8,25,목
2022-08-25,9호선2~3단계,한성백제,2756,2424,5180,332,8,25,목
2022-08-25,9호선2~3단계,송파나루,5423,5848,11271,-425,8,25,목
2022-08-25,9호선2~3단계,석촌,9150,8179,17329,971,8,25,목
2022-08-25,9호선2~3단계,석촌고분,6687,6519,13206,168,8,25,목
2022-08-25,9호선2~3단계,삼전,7208,7012,14220,196,8,25,목
2022-08-25,9호선2~3단계,종합운동장,4569,4651,9220,-82,8,25,목
2022-08-25,9호선2~3단계,봉은사,20573,21452,42025,-879,8,25,목
2022-08-25,9호선2~3단계,삼성중앙,7954,8289,16243,-335,8,25,목
2022-08-25,9호선2~3단계,선정릉,10725,11994,22719,-1269,8,25,목
2022-08-25,9호선2~3단계,언주,11357,11666,23023,-309,8,25,목
2022-08-25,9호선,신논현,31376,31078,62454,298,8,25,목
2022-08-25,9호선,사평,3930,3703,7633,227,8,25,목
2022-08-25,9호선,고속터미널,13256,17252,30508,-3996,8,25,목
2022-08-25,9호선,신반포,3847,3861,7708,-14,8,25,목
2022-08-25,9호선,구반포,1208,1185,2393,23,8,25,목
2022-08-25,9호선,동작(현충원),1831,1401,3232,430,8,25,목
2022-08-25,9호선,흑석(중앙대입구),8464,8915,17379,-451,8,25,목
2022-08-25,9호선,노들,4899,4056,8955,843,8,25,목
2022-08-25,9호선,노량진,26163,25610,51773,553,8,25,목
2022-08-25,9호선,샛강,6607,6731,13338,-124,8,25,목
2022-08-25,9호선,여의도,31116,29991,61107,1125,8,25,목
2022-08-25,9호선,국회의사당,17513,18213,35726,-700,8,25,목
2022-08-25,9호선,당산,19593,19880,39473,-287,8,25,목
2022-08-25,9호선,선유도,9168,8727,17895,441,8,25,목
2022-08-25,9호선,신목동,4599,3901,8500,698,8,25,목
2022-08-25,9호선,염창,18116,17505,35621,611,8,25,목
2022-08-25,9호선,등촌,12137,11569,23706,568,8,25,목
2022-08-25,9호선,증미,7907,7630,15537,277,8,25,목
2022-08-25,9호선,가양,22435,21888,44323,547,8,25,목
2022-08-25,9호선,양천향교,10227,10476,20703,-249,8,25,목
2022-08-25,9호선,마곡나루(서울식물원),12869,12700,25569,169,8,25,목
2022-08-25,9호선,신방화,7219,6979,14198,240,8,25,목
2022-08-25,9호선,공항시장,3161,3308,6469,-147,8,25,목
2022-08-25,9호선,김포공항,7672,11031,18703,-3359,8,25,목
2022-08-25,8호선,장지,17557,16685,34242,872,8,25,목
2022-08-25,8호선,문정,22529,23871,46400,-1342,8,25,목
2022-08-25,8호선,가락시장,8004,8848,16852,-844,8,25,목
2022-08-25,8호선,송파,9041,8830,17871,211,8,25,목
2022-08-25,8호선,석촌,7786,8815,16601,-1029,8,25,목
2022-08-25,8호선,잠실(송파구청),14332,16838,31170,-2506,8,25,목
2022-08-25,8호선,몽촌토성(평화의문),6303,6347,12650,-44,8,25,목
2022-08-25,8호선,강동구청,10582,10908,21490,-326,8,25,목
2022-08-25,8호선,천호(풍납토성),14807,17037,31844,-2230,8,25,목
2022-08-25,8호선,암사,19432,17077,36509,2355,8,25,목
2022-08-25,7호선,온수(성공회대입구),10408,9498,19906,910,8,25,목
2022-08-25,7호선,천왕,11956,11371,23327,585,8,25,목
2022-08-25,7호선,광명사거리,21696,21546,43242,150,8,25,목
2022-08-25,7호선,철산,21585,21887,43472,-302,8,25,목
2022-08-25,7호선,가산디지털단지,46335,46541,92876,-206,8,25,목
2022-08-25,7호선,남구로,16052,16858,32910,-806,8,25,목
2022-08-25,7호선,대림(구로구청),7913,7905,15818,8,8,25,목
2022-08-25,7호선,신풍,12078,11402,23480,676,8,25,목
2022-08-25,7호선,보라매,7925,7972,15897,-47,8,25,목
2022-08-25,7호선,신대방삼거리,15365,14675,30040,690,8,25,목
2022-08-25,7호선,장승배기,9479,9456,18935,23,8,25,목
2022-08-25,7호선,상도,11328,10709,22037,619,8,25,목
2022-08-25,7호선,숭실대입구(살피재),12230,12232,24462,-2,8,25,목
2022-08-25,7호선,남성,11585,10597,22182,988,8,25,목
2022-08-25,7호선,이수,16498,15811,32309,687,8,25,목
2022-08-25,7호선,내방,15146,15389,30535,-243,8,25,목
2022-08-25,7호선,고속터미널,15986,13569,29555,2417,8,25,목
2022-08-25,7호선,반포,6194,5934,12128,260,8,25,목
2022-08-25,7호선,논현,19571,20563,40134,-992,8,25,목
2022-08-25,7호선,학동,25155,26805,51960,-1650,8,25,목
2022-08-25,7호선,강남구청,17749,20008,37757,-2259,8,25,목
2022-08-25,7호선,청담,20940,23526,44466,-2586,8,25,목
2022-08-25,7호선,뚝섬유원지,8723,8269,16992,454,8,25,목
2022-08-25,7호선,건대입구,12593,12953,25546,-360,8,25,목
2022-08-25,7호선,어린이대공원(세종대),14510,14594,29104,-84,8,25,목
2022-08-25,7호선,군자(능동),15252,12207,27459,3045,8,25,목
2022-08-25,7호선,중곡,11311,10632,21943,679,8,25,목
2022-08-25,7호선,용마산(용마폭포공원),6151,5973,12124,178,8,25,목
2022-08-25,7호선,사가정,16380,16104,32484,276,8,25,목
2022-08-25,7호선,면목,15381,14878,30259,503,8,25,목
2022-08-25,7호선,상봉(시외버스터미널),17170,16410,33580,760,8,25,목
2022-08-25,7호선,중화,10838,10524,21362,314,8,25,목
2022-08-25,7호선,먹골,10243,10185,20428,58,8,25,목
2022-08-25,7호선,태릉입구,8677,8351,17028,326,8,25,목
2022-08-25,7호선,공릉(서울과학기술대),12232,12129,24361,103,8,25,목
2022-08-25,7호선,하계,17785,16521,34306,1264,8,25,목
2022-08-25,7호선,중계,14982,13504,28486,1478,8,25,목
2022-08-25,7호선,노원,19587,20628,40215,-1041,8,25,목
2022-08-25,7호선,마들,13449,12683,26132,766,8,25,목
2022-08-25,7호선,수락산,12866,12801,25667,65,8,25,목
2022-08-25,7호선,도봉산,9161,10386,19547,-1225,8,25,목
2022-08-25,7호선,장암,2397,944,3341,1453,8,25,목
2022-08-25,6호선,봉화산(서울의료원),9179,8771,17950,408,8,25,목
2022-08-25,6호선,화랑대(서울여대입구),11869,9414,21283,2455,8,25,목
2022-08-25,6호선,태릉입구,5682,6147,11829,-465,8,25,목
2022-08-25,6호선,석계,12364,12831,25195,-467,8,25,목
2022-08-25,6호선,돌곶이,9816,9034,18850,782,8,25,목
2022-08-25,6호선,상월곡(한국과학기술연구원),6963,6355,13318,608,8,25,목
2022-08-25,6호선,월곡(동덕여대),12087,11779,23866,308,8,25,목
2022-08-25,6호선,고려대(종암),8447,8084,16531,363,8,25,목
2022-08-25,6호선,안암(고대병원앞),11201,11250,22451,-49,8,25,목
2022-08-25,6호선,보문,7887,7060,14947,827,8,25,목
2022-08-25,6호선,창신,3700,2995,6695,705,8,25,목
2022-08-25,6호선,동묘앞,7953,8076,16029,-123,8,25,목
2022-08-25,6호선,신당,8958,9394,18352,-436,8,25,목
2022-08-25,6호선,청구,3832,4062,7894,-230,8,25,목
2022-08-25,6호선,약수,3785,3825,7610,-40,8,25,목
2022-08-25,6호선,버티고개,2167,2211,4378,-44,8,25,목
2022-08-25,6호선,한강진,8078,9434,17512,-1356,8,25,목
2022-08-25,6호선,이태원,11435,12675,24110,-1240,8,25,목
2022-08-25,6호선,녹사평(용산구청),5215,5199,10414,16,8,25,목
2022-08-25,6호선,삼각지,7203,5966,13169,1237,8,25,목
2022-08-25,6호선,효창공원앞,7285,6653,13938,632,8,25,목
2022-08-25,6호선,공덕,19549,19004,38553,545,8,25,목
2022-08-25,6호선,대흥(서강대앞),8449,8628,17077,-179,8,25,목
2022-08-25,6호선,광흥창(서강),9740,9456,19196,284,8,25,목
2022-08-25,6호선,상수,8812,10402,19214,-1590,8,25,목
2022-08-25,6호선,합정,13569,13603,27172,-34,8,25,목
2022-08-25,6호선,망원,14336,15540,29876,-1204,8,25,목
2022-08-25,6호선,마포구청,14953,13184,28137,1769,8,25,목
2022-08-25,6호선,월드컵경기장(성산),4476,4865,9341,-389,8,25,목
2022-08-25,6호선,디지털미디어시티,14986,16726,31712,-1740,8,25,목
2022-08-25,6호선,증산(명지대앞),10065,9951,20016,114,8,25,목
2022-08-25,6호선,새절(신사),12742,11711,24453,1031,8,25,목
2022-08-25,6호선,구산,8087,6081,14168,2006,8,25,목
2022-08-25,6호선,연신내,33,0,33,33,8,25,목
2022-08-25,6호선,독바위,2793,2930,5723,-137,8,25,목
2022-08-25,6호선,불광,4359,4219,8578,140,8,25,목
2022-08-25,6호선,응암,17706,17447,35153,259,8,25,목
2022-08-25,5호선,하남검단산,6043,5849,11892,194,8,25,목
2022-08-25,5호선,하남시청(덕풍·신장),7236,6928,14164,308,8,25,목
2022-08-25,5호선,하남풍산,4387,4339,8726,48,8,25,목
2022-08-25,5호선,미사,16958,17103,34061,-145,8,25,목
2022-08-25,5호선,강일,4768,4624,9392,144,8,25,목
2022-08-25,5호선,마천,7542,7211,14753,331,8,25,목
2022-08-25,5호선,거여,10537,10051,20588,486,8,25,목
2022-08-25,5호선,개롱,6877,7090,13967,-213,8,25,목
2022-08-25,5호선,오금,3894,3949,7843,-55,8,25,목
2022-08-25,5호선,방이,7300,7629,14929,-329,8,25,목
2022-08-25,5호선,올림픽공원(한국체대),4676,3973,8649,703,8,25,목
2022-08-25,5호선,둔촌동,8456,8383,16839,73,8,25,목
2022-08-25,5호선,상일동,15504,14194,29698,1310,8,25,목
2022-08-25,5호선,고덕,10230,10104,20334,126,8,25,목
2022-08-25,5호선,명일,8679,9056,17735,-377,8,25,목
2022-08-25,5호선,굽은다리(강동구민회관앞),9690,9324,19014,366,8,25,목
2022-08-25,5호선,길동,8169,8408,16577,-239,8,25,목
2022-08-25,5호선,강동,19066,18454,37520,612,8,25,목
2022-08-25,5호선,천호(풍납토성),18277,18066,36343,211,8,25,목
2022-08-25,5호선,광나루(장신대),13918,12648,26566,1270,8,25,목
2022-08-25,5호선,아차산(어린이대공원후문),14762,14101,28863,661,8,25,목
2022-08-25,5호선,군자(능동),11592,12691,24283,-1099,8,25,목
2022-08-25,5호선,장한평,19578,19288,38866,290,8,25,목
2022-08-25,5호선,답십리,16894,15195,32089,1699,8,25,목
2022-08-25,5호선,마장,5859,5460,11319,399,8,25,목
2022-08-25,5호선,왕십리(성동구청),4579,5284,9863,-705,8,25,목
2022-08-25,5호선,행당,8384,7438,15822,946,8,25,목
2022-08-25,5호선,신금호,6811,7023,13834,-212,8,25,목
2022-08-25,5호선,청구,3988,3654,7642,334,8,25,목
2022-08-25,5호선,동대문역사문화공원(DDP),3209,3694,6903,-485,8,25,목
2022-08-25,5호선,을지로4가,6606,6714,13320,-108,8,25,목
2022-08-25,5호선,종로3가,13540,13459,26999,81,8,25,목
2022-08-25,5호선,광화문(세종문화회관),32551,33825,66376,-1274,8,25,목
2022-08-25,5호선,서대문,20432,20651,41083,-219,8,25,목
2022-08-25,5호선,충정로(경기대입구),4808,4911,9719,-103,8,25,목
2022-08-25,5호선,애오개,7151,7131,14282,20,8,25,목
2022-08-25,5호선,공덕,15040,15924,30964,-884,8,25,목
2022-08-25,5호선,마포,14959,15301,30260,-342,8,25,목
2022-08-25,5호선,여의나루,12006,13680,25686,-1674,8,25,목
2022-08-25,5호선,여의도,30750,32684,63434,-1934,8,25,목
2022-08-25,5호선,신길,4346,4509,8855,-163,8,25,목
2022-08-25,5호선,영등포시장,10532,10908,21440,-376,8,25,목
2022-08-25,5호선,영등포구청,4676,4344,9020,332,8,25,목
2022-08-25,5호선,양평,7761,7702,15463,59,8,25,목
2022-08-25,5호선,오목교(목동운동장앞),21941,23387,45328,-1446,8,25,목
2022-08-25,5호선,목동,17604,18488,36092,-884,8,25,목
2022-08-25,5호선,신정(은행정),14230,11575,25805,2655,8,25,목
2022-08-25,5호선,까치산,29666,28048,57714,1618,8,25,목
2022-08-25,5호선,화곡,29561,27237,56798,2324,8,25,목
2022-08-25,5호선,우장산,15449,15052,30501,397,8,25,목
2022-08-25,5호선,발산,21500,22415,43915,-915,8,25,목
2022-08-25,5호선,마곡,11089,11312,22401,-223,8,25,목
2022-08-25,5호선,송정,6768,6195,12963,573,8,25,목
2022-08-25,5호선,김포공항,7672,7235,14907,437,8,25,목
2022-08-25,5호선,개화산,5863,5510,11373,353,8,25,목
2022-08-25,5호선,방화,6923,6580,13503,343,8,25,목
2022-08-25,4호선,남태령,1538,1227,2765,311,8,25,목
2022-08-25,4호선,사당,26110,21905,48015,4205,8,25,목
2022-08-25,4호선,총신대입구(이수),19282,21018,40300,-1736,8,25,목
2022-08-25,4호선,동작(현충원),1330,1395,2725,-65,8,25,목
2022-08-25,4호선,이촌(국립중앙박물관),9386,10360,19746,-974,8,25,목
2022-08-25,4호선,신용산,18366,19459,37825,-1093,8,25,목
2022-08-25,4호선,삼각지,5829,6466,12295,-637,8,25,목
2022-08-25,4호선,숙대입구(갈월),13850,13451,27301,399,8,25,목
2022-08-25,4호선,서울역,12313,19001,31314,-6688,8,25,목
2022-08-25,4호선,회현(남대문시장),25017,26194,51211,-1177,8,25,목
2022-08-25,4호선,명동,21145,22047,43192,-902,8,25,목
2022-08-25,4호선,충무로,28523,29650,58173,-1127,8,25,목
2022-08-25,4호선,동대문역사문화공원(DDP),16498,14789,31287,1709,8,25,목
2022-08-25,4호선,동대문,20039,20431,40470,-392,8,25,목
2022-08-25,4호선,혜화,34673,35084,69757,-411,8,25,목
2022-08-25,4호선,한성대입구(삼선교),13512,12819,26331,693,8,25,목
2022-08-25,4호선,성신여대입구(돈암),19918,19371,39289,547,8,25,목
2022-08-25,4호선,길음,20878,20431,41309,447,8,25,목
2022-08-25,4호선,미아사거리,27285,26808,54093,477,8,25,목
2022-08-25,4호선,미아(서울사이버대학),15263,14719,29982,544,8,25,목
2022-08-25,4호선,수유(강북구청),33660,33866,67526,-206,8,25,목
2022-08-25,4호선,쌍문,29021,27291,56312,1730,8,25,목
2022-08-25,4호선,창동,25416,26851,52267,-1435,8,25,목
2022-08-25,4호선,노원,18403,21011,39414,-2608,8,25,목
2022-08-25,4호선,상계,19500,18390,37890,1110,8,25,목
2022-08-25,4호선,당고개,9238,8113,17351,1125,8,25,목
2022-08-25,3호선,오금,6467,5730,12197,737,8,25,목
2022-08-25,3호선,경찰병원,7647,7630,15277,17,8,25,목
2022-08-25,3호선,가락시장,9410,9298,18708,112,8,25,목
2022-08-25,3호선,수서,17805,17998,35803,-193,8,25,목
2022-08-25,3호선,일원,11342,10772,22114,570,8,25,목
2022-08-25,3호선,대청,10897,10053,20950,844,8,25,목
2022-08-25,3호선,학여울,4009,4195,8204,-186,8,25,목
2022-08-25,3호선,대치,11687,11769,23456,-82,8,25,목
2022-08-25,3호선,도곡,5273,5607,10880,-334,8,25,목
2022-08-25,3호선,매봉,12898,12423,25321,475,8,25,목
2022-08-25,3호선,양재(서초구청),39550,42918,82468,-3368,8,25,목
2022-08-25,3호선,남부터미널(예술의전당),29346,29697,59043,-351,8,25,목
2022-08-25,3호선,교대(법원.검찰청),15626,10065,25691,5561,8,25,목
2022-08-25,3호선,고속터미널,42391,40860,83251,1531,8,25,목
2022-08-25,3호선,잠원,5149,5030,10179,119,8,25,목
2022-08-25,3호선,신사,29336,31225,60561,-1889,8,25,목
2022-08-25,3호선,압구정,32493,35391,67884,-2898,8,25,목
2022-08-25,3호선,옥수,9278,9461,18739,-183,8,25,목
2022-08-25,3호선,금호,8133,7527,15660,606,8,25,목
2022-08-25,3호선,약수,13605,13003,26608,602,8,25,목
2022-08-25,3호선,동대입구,8950,10029,18979,-1079,8,25,목
2022-08-25,3호선,충무로,2,0,2,2,8,25,목
2022-08-25,3호선,을지로3가,11282,11279,22561,3,8,25,목
2022-08-25,3호선,종로3가,10532,12332,22864,-1800,8,25,목
2022-08-25,3호선,안국,23208,24079,47287,-871,8,25,목
2022-08-25,3호선,경복궁(정부서울청사),21126,21251,42377,-125,8,25,목
2022-08-25,3호선,독립문,7157,7261,14418,-104,8,25,목
2022-08-25,3호선,무악재,4136,4071,8207,65,8,25,목
2022-08-25,3호선,홍제,17764,16745,34509,1019,8,25,목
2022-08-25,3호선,녹번,15880,14195,30075,1685,8,25,목
2022-08-25,3호선,불광,16430,17561,33991,-1131,8,25,목
2022-08-25,3호선,연신내,36923,34579,71502,2344,8,25,목
2022-08-25,3호선,구파발,21392,20636,42028,756,8,25,목
2022-08-25,3호선,지축,5545,5363,10908,182,8,25,목
2022-08-25,2호선,용두(동대문구청),2496,2521,5017,-25,8,25,목
2022-08-25,2호선,신정네거리,10468,10723,21191,-255,8,25,목
2022-08-25,2호선,양천구청,7054,7187,14241,-133,8,25,목
2022-08-25,2호선,도림천,1477,1545,3022,-68,8,25,목
2022-08-25,2호선,신설동,3312,3219,6531,93,8,25,목
2022-08-25,2호선,신답,1807,1979,3786,-172,8,25,목
2022-08-25,2호선,용답,2804,2702,5506,102,8,25,목
2022-08-25,2호선,충정로(경기대입구),10666,11261,21927,-595,8,25,목
2022-08-25,2호선,아현,10957,10206,21163,751,8,25,목
2022-08-25,2호선,이대,14000,14898,28898,-898,8,25,목
2022-08-25,2호선,신촌,35486,36348,71834,-862,8,25,목
2022-08-25,2호선,홍대입구,58512,63736,122248,-5224,8,25,목
2022-08-25,2호선,합정,32596,35367,67963,-2771,8,25,목
2022-08-25,2호선,당산,18717,22116,40833,-3399,8,25,목
2022-08-25,2호선,영등포구청,22374,23550,45924,-1176,8,25,목
2022-08-25,2호선,문래,23213,23828,47041,-615,8,25,목
2022-08-25,2호선,신도림,49205,48400,97605,805,8,25,목
2022-08-25,2호선,대림(구로구청),24305,24860,49165,-555,8,25,목
2022-08-25,2호선,구로디지털단지,61256,61542,122798,-286,8,25,목
2022-08-25,2호선,신대방,25744,25020,50764,724,8,25,목
2022-08-25,2호선,신림,58907,56224,115131,2683,8,25,목
2022-08-25,2호선,봉천,25210,23378,48588,1832,8,25,목
2022-08-25,2호선,서울대입구(관악구청),47577,46363,93940,1214,8,25,목
2022-08-25,2호선,낙성대(강감찬),28307,27318,55625,989,8,25,목
2022-08-25,2호선,사당,39319,43095,82414,-3776,8,25,목
2022-08-25,2호선,방배,17046,17481,34527,-435,8,25,목
2022-08-25,2호선,서초,23197,22132,45329,1065,8,25,목
2022-08-25,2호선,교대(법원.검찰청),36523,41295,77818,-4772,8,25,목
2022-08-25,2호선,강남,85823,83087,168910,2736,8,25,목
2022-08-25,2호선,역삼,56182,63968,120150,-7786,8,25,목
2022-08-25,2호선,선릉,61205,54507,115712,6698,8,25,목
2022-08-25,2호선,삼성(무역센터),60396,60649,121045,-253,8,25,목
2022-08-25,2호선,종합운동장,16234,17727,33961,-1493,8,25,목
2022-08-25,2호선,잠실새내,22761,22804,45565,-43,8,25,목
2022-08-25,2호선,잠실(송파구청),72055,71696,143751,359,8,25,목
2022-08-25,2호선,잠실나루,15347,15129,30476,218,8,25,목
2022-08-25,2호선,강변(동서울터미널),31989,30873,62862,1116,8,25,목
2022-08-25,2호선,구의(광진구청),24538,23876,48414,662,8,25,목
2022-08-25,2호선,건대입구,34355,37238,71593,-2883,8,25,목
2022-08-25,2호선,성수,39158,43264,82422,-4106,8,25,목
2022-08-25,2호선,뚝섬,23584,25625,49209,-2041,8,25,목
2022-08-25,2호선,한양대,7075,7652,14727,-577,8,25,목
2022-08-25,2호선,왕십리(성동구청),16386,13772,30158,2614,8,25,목
2022-08-25,2호선,상왕십리,14676,14221,28897,455,8,25,목
2022-08-25,2호선,신당,14498,14666,29164,-168,8,25,목
2022-08-25,2호선,동대문역사문화공원(DDP),13949,15748,29697,-1799,8,25,목
2022-08-25,2호선,을지로4가,14091,14372,28463,-281,8,25,목
2022-08-25,2호선,을지로3가,24947,25173,50120,-226,8,25,목
2022-08-25,2호선,을지로입구,43888,45477,89365,-1589,8,25,목
2022-08-25,2호선,시청,24956,24296,49252,660,8,25,목
2022-08-25,1호선,동묘앞,7317,7621,14938,-304,8,25,목
2022-08-25,1호선,청량리(서울시립대입구),20237,20166,40403,71,8,25,목
2022-08-25,1호선,제기동,17609,18041,35650,-432,8,25,목
2022-08-25,1호선,신설동,13961,13553,27514,408,8,25,목
2022-08-25,1호선,동대문,10776,10253,21029,523,8,25,목
2022-08-25,1호선,종로5가,23346,23382,46728,-36,8,25,목
2022-08-25,1호선,종로3가,25890,23997,49887,1893,8,25,목
2022-08-25,1호선,종각,38514,37819,76333,695,8,25,목
2022-08-25,1호선,시청,24614,24853,49467,-239,8,25,목
2022-08-25,1호선,서울역,48513,46600,95113,1913,8,25,목
2022-08-25,경부선,의왕,8948,8997,17945,-49,8,25,목
2022-08-25,경부선,성균관대,14605,14356,28961,249,8,25,목
2022-08-25,경부선,화서,8610,8193,16803,417,8,25,목
2022-08-25,경부선,수원,33074,35203,68277,-2129,8,25,목
2022-08-25,경부선,독산,19290,19838,39128,-548,8,25,목
2022-08-25,경부선,세류,3122,2858,5980,264,8,25,목
2022-08-25,경부선,병점,14446,14156,28602,290,8,25,목
2022-08-25,경부선,세마,2974,2885,5859,89,8,25,목
2022-08-25,경부선,오산대,3558,3333,6891,225,8,25,목
2022-08-25,경부선,오산,9440,9369,18809,71,8,25,목
2022-08-25,경부선,진위,1769,1557,3326,212,8,25,목
2022-08-25,경부선,송탄,4245,4110,8355,135,8,25,목
2022-08-25,경부선,서정리,7142,6532,13674,610,8,25,목
2022-08-25,경부선,평택지제,3746,3753,7499,-7,8,25,목
2022-08-25,경부선,평택,10997,10954,21951,43,8,25,목
2022-08-25,경부선,성환,3288,3212,6500,76,8,25,목
2022-08-25,경부선,직산,827,818,1645,9,8,25,목
2022-08-25,경부선,두정,5560,5640,11200,-80,8,25,목
2022-08-25,경부선,천안,5018,5305,10323,-287,8,25,목
2022-08-25,경부선,당정,6383,6035,12418,348,8,25,목
2022-08-25,경부선,서동탄,1491,1313,2804,178,8,25,목
2022-08-25,경부선,광명,3493,3082,6575,411,8,25,목
2022-08-25,경원선,이촌(국립중앙박물관),4002,3119,7121,883,8,25,목
2022-08-25,경원선,서빙고,2187,2050,4237,137,8,25,목
2022-08-25,경원선,한남,4325,4078,8403,247,8,25,목
2022-08-25,경원선,옥수,47,27,74,20,8,25,목
2022-08-25,경원선,응봉,2032,1664,3696,368,8,25,목
2022-08-25,경원선,왕십리(성동구청),14792,16401,31193,-1609,8,25,목
2022-08-25,경원선,청량리(서울시립대입구),15746,16457,32203,-711,8,25,목
2022-08-25,경원선,외대앞,7690,7594,15284,96,8,25,목
2022-08-25,경원선,신이문,8658,7998,16656,660,8,25,목
2022-08-25,경원선,석계,8132,9249,17381,-1117,8,25,목
2022-08-25,경원선,광운대,7612,7189,14801,423,8,25,목
2022-08-25,경원선,월계,6751,6374,13125,377,8,25,목
2022-08-25,경원선,녹천,4835,3973,8808,862,8,25,목
2022-08-25,경원선,방학,10133,9747,19880,386,8,25,목
2022-08-26,중앙선,아신,699,700,1399,-1,8,26,금
2022-08-26,중앙선,양평,3309,3451,6760,-142,8,26,금
2022-08-26,중앙선,원덕,345,352,697,-7,8,26,금
2022-08-26,중앙선,용문,2085,2282,4367,-197,8,26,금
2022-08-26,중앙선,지평,89,97,186,-8,8,26,금
2022-08-26,안산선,산본,17335,18957,36292,-1622,8,26,금
2022-08-26,신림선,관악산(서울대),2941,2842,5783,99,8,26,금
2022-08-26,신림선,서울대벤처타운,7328,7015,14343,313,8,26,금
2022-08-26,신림선,서원,3134,2523,5657,611,8,26,금
2022-08-26,신림선,신림,1655,2249,3904,-594,8,26,금
2022-08-26,신림선,당곡,4028,3842,7870,186,8,26,금
2022-08-26,신림선,보라매병원,6351,6525,12876,-174,8,26,금
2022-08-26,신림선,보라매공원,1968,2049,4017,-81,8,26,금
2022-08-26,신림선,보라매,3180,2763,5943,417,8,26,금
2022-08-26,신림선,서울지방병무청,2381,2475,4856,-94,8,26,금
2022-08-26,신림선,대방,2279,1787,4066,492,8,26,금
2022-08-26,1호선,서울역,54837,53283,108120,1554,8,26,금
2022-08-26,1호선,시청,25120,25756,50876,-636,8,26,금
2022-08-26,1호선,종각,38864,38778,77642,86,8,26,금
2022-08-26,1호선,종로3가,28480,26427,54907,2053,8,26,금
2022-08-26,1호선,종로5가,24816,25236,50052,-420,8,26,금
2022-08-26,1호선,동대문,11446,10129,21575,1317,8,26,금
2022-08-26,1호선,신설동,15046,14254,29300,792,8,26,금
2022-08-26,1호선,제기동,19605,19885,39490,-280,8,26,금
2022-08-26,1호선,청량리(서울시립대입구),21929,22236,44165,-307,8,26,금
2022-08-26,1호선,동묘앞,9030,9309,18339,-279,8,26,금
2022-08-26,2호선,시청,25795,24738,50533,1057,8,26,금
2022-08-26,2호선,을지로입구,44942,46304,91246,-1362,8,26,금
2022-08-26,2호선,을지로3가,25348,26183,51531,-835,8,26,금
2022-08-26,2호선,을지로4가,14887,14728,29615,159,8,26,금
2022-08-26,2호선,동대문역사문화공원(DDP),13734,14733,28467,-999,8,26,금
2022-08-26,2호선,신당,15325,15663,30988,-338,8,26,금
2022-08-26,2호선,상왕십리,15513,14647,30160,866,8,26,금
2022-08-26,2호선,왕십리(성동구청),17728,15357,33085,2371,8,26,금
2022-08-26,2호선,한양대,8446,9012,17458,-566,8,26,금
2022-08-26,2호선,뚝섬,24116,25998,50114,-1882,8,26,금
2022-08-26,2호선,성수,40201,44897,85098,-4696,8,26,금
2022-08-26,2호선,건대입구,37904,42338,80242,-4434,8,26,금
2022-08-26,2호선,구의(광진구청),25377,24560,49937,817,8,26,금
2022-08-26,2호선,강변(동서울터미널),35294,35607,70901,-313,8,26,금
2022-08-26,2호선,잠실나루,15607,14986,30593,621,8,26,금
2022-08-26,2호선,잠실(송파구청),75903,75617,151520,286,8,26,금
2022-08-26,2호선,잠실새내,24607,25007,49614,-400,8,26,금
2022-08-26,2호선,종합운동장,16451,18914,35365,-2463,8,26,금
2022-08-26,2호선,삼성(무역센터),58862,59058,117920,-196,8,26,금
2022-08-26,2호선,선릉,60712,54091,114803,6621,8,26,금
2022-08-26,2호선,역삼,54568,61670,116238,-7102,8,26,금
2022-08-26,2호선,강남,89847,88744,178591,1103,8,26,금
2022-08-26,2호선,교대(법원.검찰청),37135,42193,79328,-5058,8,26,금
2022-08-26,2호선,서초,23635,22447,46082,1188,8,26,금
2022-08-26,2호선,방배,17115,17569,34684,-454,8,26,금
2022-08-26,2호선,사당,42148,46251,88399,-4103,8,26,금
2022-08-26,2호선,낙성대(강감찬),29880,27885,57765,1995,8,26,금
2022-08-26,2호선,서울대입구(관악구청),51232,49170,100402,2062,8,26,금
2022-08-26,2호선,봉천,25776,23507,49283,2269,8,26,금
2022-08-26,2호선,신림,62159,59762,121921,2397,8,26,금
2022-08-26,2호선,신대방,27149,25707,52856,1442,8,26,금
2022-08-26,2호선,구로디지털단지,62738,62417,125155,321,8,26,금
2022-08-26,2호선,대림(구로구청),25404,25772,51176,-368,8,26,금
2022-08-26,2호선,신도림,50904,50874,101778,30,8,26,금
2022-08-26,2호선,문래,23641,24675,48316,-1034,8,26,금
2022-08-26,2호선,영등포구청,23057,23932,46989,-875,8,26,금
2022-08-26,2호선,당산,19668,22812,42480,-3144,8,26,금
2022-08-26,2호선,합정,35066,39187,74253,-4121,8,26,금
2022-08-26,2호선,홍대입구,64227,73313,137540,-9086,8,26,금
2022-08-26,2호선,신촌,39816,40881,80697,-1065,8,26,금
2022-08-26,2호선,이대,15725,17018,32743,-1293,8,26,금
2022-08-26,2호선,아현,11643,10725,22368,918,8,26,금
2022-08-26,2호선,충정로(경기대입구),10619,11357,21976,-738,8,26,금
2022-08-26,2호선,용답,3076,2864,5940,212,8,26,금
2022-08-26,2호선,신답,1828,1946,3774,-118,8,26,금
2022-08-26,2호선,신설동,3779,3707,7486,72,8,26,금
2022-08-26,2호선,도림천,1416,1455,2871,-39,8,26,금
2022-08-26,2호선,양천구청,7293,7330,14623,-37,8,26,금
2022-08-26,2호선,신정네거리,11008,11127,22135,-119,8,26,금
2022-08-26,2호선,용두(동대문구청),2728,2706,5434,22,8,26,금
2022-08-26,3호선,지축,5648,5485,11133,163,8,26,금
2022-08-26,3호선,구파발,22270,21149,43419,1121,8,26,금
2022-08-26,3호선,연신내,38571,36544,75115,2027,8,26,금
2022-08-26,3호선,불광,16905,17812,34717,-907,8,26,금
2022-08-26,3호선,녹번,16502,14583,31085,1919,8,26,금
2022-08-26,3호선,홍제,18367,17216,35583,1151,8,26,금
2022-08-26,3호선,무악재,4043,4001,8044,42,8,26,금
2022-08-26,3호선,독립문,7813,7667,15480,146,8,26,금
2022-08-26,3호선,경복궁(정부서울청사),23294,23499,46793,-205,8,26,금
2022-08-26,3호선,안국,24598,25255,49853,-657,8,26,금
2022-08-26,3호선,종로3가,10846,13146,23992,-2300,8,26,금
2022-08-26,3호선,을지로3가,11635,11963,23598,-328,8,26,금
2022-08-26,3호선,충무로,1,0,1,1,8,26,금
2022-08-26,3호선,동대입구,8797,9717,18514,-920,8,26,금
2022-08-26,3호선,약수,14244,13573,27817,671,8,26,금
2022-08-26,3호선,금호,8425,7714,16139,711,8,26,금
2022-08-26,3호선,옥수,9865,10058,19923,-193,8,26,금
2022-08-26,3호선,압구정,36057,39064,75121,-3007,8,26,금
2022-08-26,3호선,신사,32178,35043,67221,-2865,8,26,금
2022-08-26,3호선,잠원,5553,5220,10773,333,8,26,금
2022-08-26,3호선,고속터미널,60016,56709,116725,3307,8,26,금
2022-08-26,3호선,교대(법원.검찰청),16409,10648,27057,5761,8,26,금
2022-08-26,3호선,남부터미널(예술의전당),32506,33243,65749,-737,8,26,금
2022-08-26,3호선,양재(서초구청),41232,44000,85232,-2768,8,26,금
2022-08-26,3호선,매봉,13273,12653,25926,620,8,26,금
2022-08-26,3호선,도곡,5538,5853,11391,-315,8,26,금
2022-08-26,3호선,대치,12335,12435,24770,-100,8,26,금
2022-08-26,3호선,학여울,3868,4170,8038,-302,8,26,금
2022-08-26,3호선,대청,11436,10476,21912,960,8,26,금
2022-08-26,3호선,일원,11744,10932,22676,812,8,26,금
2022-08-26,3호선,수서,19921,20037,39958,-116,8,26,금
2022-08-26,3호선,가락시장,9924,9726,19650,198,8,26,금
2022-08-26,3호선,경찰병원,7877,7747,15624,130,8,26,금
2022-08-26,3호선,오금,6722,5969,12691,753,8,26,금
2022-08-26,4호선,당고개,9570,8403,17973,1167,8,26,금
2022-08-26,4호선,상계,20170,18928,39098,1242,8,26,금
2022-08-26,4호선,노원,19887,23274,43161,-3387,8,26,금
2022-08-26,4호선,창동,27755,29441,57196,-1686,8,26,금
2022-08-26,4호선,쌍문,30275,28077,58352,2198,8,26,금
2022-08-26,4호선,수유(강북구청),35600,36244,71844,-644,8,26,금
2022-08-26,4호선,미아(서울사이버대학),15867,15081,30948,786,8,26,금
2022-08-26,4호선,미아사거리,29160,28434,57594,726,8,26,금
2022-08-26,4호선,길음,21710,20944,42654,766,8,26,금
2022-08-26,4호선,성신여대입구(돈암),21397,20798,42195,599,8,26,금
2022-08-26,4호선,한성대입구(삼선교),13864,13071,26935,793,8,26,금
2022-08-26,4호선,혜화,36361,36380,72741,-19,8,26,금
2022-08-26,4호선,동대문,20792,20746,41538,46,8,26,금
2022-08-26,4호선,동대문역사문화공원(DDP),16291,13894,30185,2397,8,26,금
2022-08-26,4호선,충무로,27766,29851,57617,-2085,8,26,금
2022-08-26,4호선,명동,22427,23828,46255,-1401,8,26,금
2022-08-26,4호선,회현(남대문시장),25844,26926,52770,-1082,8,26,금
2022-08-26,4호선,서울역,12535,21396,33931,-8861,8,26,금
2022-08-26,4호선,숙대입구(갈월),14670,14261,28931,409,8,26,금
2022-08-26,4호선,삼각지,6102,7052,13154,-950,8,26,금
2022-08-26,4호선,신용산,19207,20475,39682,-1268,8,26,금
2022-08-26,4호선,이촌(국립중앙박물관),10065,11196,21261,-1131,8,26,금
2022-08-26,4호선,동작(현충원),1832,1996,3828,-164,8,26,금
2022-08-26,4호선,총신대입구(이수),20834,22657,43491,-1823,8,26,금
2022-08-26,4호선,사당,28168,23721,51889,4447,8,26,금
2022-08-26,4호선,남태령,1540,1157,2697,383,8,26,금
2022-08-26,5호선,방화,7134,6759,13893,375,8,26,금
2022-08-26,5호선,개화산,5978,5617,11595,361,8,26,금
2022-08-26,5호선,김포공항,8753,8162,16915,591,8,26,금
2022-08-26,5호선,송정,6940,6370,13310,570,8,26,금
2022-08-26,5호선,마곡,11246,11319,22565,-73,8,26,금
2022-08-26,5호선,발산,21420,22745,44165,-1325,8,26,금
2022-08-26,5호선,우장산,15890,15342,31232,548,8,26,금
2022-08-26,5호선,화곡,31009,28046,59055,2963,8,26,금
2022-08-26,5호선,까치산,30825,28768,59593,2057,8,26,금
2022-08-26,5호선,신정(은행정),14689,11793,26482,2896,8,26,금
2022-08-26,5호선,목동,18254,19178,37432,-924,8,26,금
2022-08-26,5호선,오목교(목동운동장앞),23490,25394,48884,-1904,8,26,금
2022-08-26,5호선,양평,8043,7592,15635,451,8,26,금
2022-08-26,5호선,영등포구청,4431,4361,8792,70,8,26,금
2022-08-26,5호선,영등포시장,11117,11471,22588,-354,8,26,금
2022-08-26,5호선,신길,4527,4632,9159,-105,8,26,금
2022-08-26,5호선,여의도,29842,32654,62496,-2812,8,26,금
2022-08-26,5호선,여의나루,16064,16942,33006,-878,8,26,금
2022-08-26,5호선,마포,15034,15664,30698,-630,8,26,금
2022-08-26,5호선,공덕,15460,16356,31816,-896,8,26,금
2022-08-26,5호선,애오개,7283,7005,14288,278,8,26,금
2022-08-26,5호선,충정로(경기대입구),4740,4761,9501,-21,8,26,금
2022-08-26,5호선,서대문,20254,20230,40484,24,8,26,금
2022-08-26,5호선,광화문(세종문화회관),33471,34770,68241,-1299,8,26,금
2022-08-26,5호선,종로3가,14476,15079,29555,-603,8,26,금
2022-08-26,5호선,을지로4가,6731,7109,13840,-378,8,26,금
2022-08-26,5호선,동대문역사문화공원(DDP),3085,3766,6851,-681,8,26,금
2022-08-26,5호선,청구,4120,3861,7981,259,8,26,금
2022-08-26,5호선,신금호,6927,7022,13949,-95,8,26,금
2022-08-26,5호선,행당,8764,7598,16362,1166,8,26,금
2022-08-26,5호선,왕십리(성동구청),4742,5599,10341,-857,8,26,금
2022-08-26,5호선,마장,6121,5598,11719,523,8,26,금
2022-08-26,5호선,답십리,17605,15752,33357,1853,8,26,금
2022-08-26,5호선,장한평,19944,19524,39468,420,8,26,금
2022-08-26,5호선,군자(능동),11916,13172,25088,-1256,8,26,금
2022-08-26,5호선,아차산(어린이대공원후문),15724,15029,30753,695,8,26,금
2022-08-26,5호선,광나루(장신대),15545,14460,30005,1085,8,26,금
2022-08-26,5호선,천호(풍납토성),19958,20112,40070,-154,8,26,금
2022-08-26,5호선,강동,19712,18613,38325,1099,8,26,금
2022-08-26,5호선,길동,8622,8944,17566,-322,8,26,금
2022-08-26,5호선,굽은다리(강동구민회관앞),10242,9600,19842,642,8,26,금
2022-08-26,5호선,명일,9339,9540,18879,-201,8,26,금
2022-08-26,5호선,고덕,10737,10502,21239,235,8,26,금
2022-08-26,5호선,상일동,16227,14770,30997,1457,8,26,금
2022-08-26,5호선,둔촌동,8593,8620,17213,-27,8,26,금
2022-08-26,5호선,올림픽공원(한국체대),4852,4086,8938,766,8,26,금
2022-08-26,5호선,방이,7555,7814,15369,-259,8,26,금
2022-08-26,5호선,오금,3896,3960,7856,-64,8,26,금
2022-08-26,5호선,개롱,7081,7227,14308,-146,8,26,금
2022-08-26,5호선,거여,10813,10181,20994,632,8,26,금
2022-08-26,5호선,마천,7842,7378,15220,464,8,26,금
2022-08-26,5호선,강일,5048,4795,9843,253,8,26,금
2022-08-26,5호선,미사,17574,17750,35324,-176,8,26,금
2022-08-26,5호선,하남풍산,4606,4350,8956,256,8,26,금
2022-08-26,5호선,하남시청(덕풍·신장),7646,7306,14952,340,8,26,금
2022-08-26,5호선,하남검단산,6351,6022,12373,329,8,26,금
2022-08-26,6호선,응암,18314,17897,36211,417,8,26,금
2022-08-26,6호선,역촌,3953,4586,8539,-633,8,26,금
2022-08-26,6호선,불광,4667,4656,9323,11,8,26,금
2022-08-26,6호선,독바위,2902,2974,5876,-72,8,26,금
2022-08-26,6호선,구산,8418,6215,14633,2203,8,26,금
2022-08-26,6호선,새절(신사),13374,12096,25470,1278,8,26,금
2022-08-26,6호선,증산(명지대앞),10506,10225,20731,281,8,26,금
2022-08-26,6호선,디지털미디어시티,15024,16498,31522,-1474,8,26,금
2022-08-26,6호선,월드컵경기장(성산),5183,5495,10678,-312,8,26,금
2022-08-26,6호선,마포구청,15486,13607,29093,1879,8,26,금
2022-08-26,6호선,망원,15785,17016,32801,-1231,8,26,금
2022-08-26,6호선,합정,14883,15215,30098,-332,8,26,금
2022-08-26,6호선,상수,9799,12008,21807,-2209,8,26,금
2022-08-26,6호선,광흥창(서강),9837,9262,19099,575,8,26,금
2022-08-26,6호선,대흥(서강대앞),9400,9478,18878,-78,8,26,금
2022-08-26,6호선,공덕,20318,19815,40133,503,8,26,금
2022-08-26,6호선,효창공원앞,7667,6811,14478,856,8,26,금
2022-08-26,6호선,삼각지,7955,6366,14321,1589,8,26,금
2022-08-26,6호선,녹사평(용산구청),6376,7049,13425,-673,8,26,금
2022-08-26,6호선,이태원,14145,19976,34121,-5831,8,26,금
2022-08-26,6호선,한강진,8891,10632,19523,-1741,8,26,금
2022-08-26,6호선,버티고개,2246,2266,4512,-20,8,26,금
2022-08-26,6호선,약수,3912,3929,7841,-17,8,26,금
2022-08-26,6호선,청구,4000,4033,8033,-33,8,26,금
2022-08-26,6호선,신당,9200,8576,17776,624,8,26,금
2022-08-26,6호선,동묘앞,8547,8220,16767,327,8,26,금
2022-08-26,6호선,창신,3748,3023,6771,725,8,26,금
2022-08-26,6호선,보문,8351,7600,15951,751,8,26,금
2022-08-26,6호선,안암(고대병원앞),11537,11352,22889,185,8,26,금
2022-08-26,6호선,고려대(종암),8694,8273,16967,421,8,26,금
2022-08-26,6호선,월곡(동덕여대),12420,12045,24465,375,8,26,금
2022-08-26,6호선,상월곡(한국과학기술연구원),6483,5650,12133,833,8,26,금
2022-08-26,6호선,돌곶이,10119,9198,19317,921,8,26,금
2022-08-26,6호선,석계,12864,13122,25986,-258,8,26,금
2022-08-26,6호선,태릉입구,5915,6343,12258,-428,8,26,금
2022-08-26,6호선,화랑대(서울여대입구),11967,9175,21142,2792,8,26,금
2022-08-26,6호선,봉화산(서울의료원),9338,8761,18099,577,8,26,금
2022-08-26,6호선,신내,3,0,3,3,8,26,금
2022-08-26,7호선,장암,2526,1046,3572,1480,8,26,금
2022-08-26,7호선,도봉산,9252,10703,19955,-1451,8,26,금
2022-08-26,7호선,수락산,13476,13419,26895,57,8,26,금
2022-08-26,7호선,마들,14094,12956,27050,1138,8,26,금
2022-08-26,7호선,노원,21733,23387,45120,-1654,8,26,금
2022-08-26,7호선,중계,15608,13692,29300,1916,8,26,금
2022-08-26,7호선,하계,18559,17235,35794,1324,8,26,금
2022-08-26,7호선,공릉(서울과학기술대),12646,12113,24759,533,8,26,금
2022-08-26,7호선,태릉입구,9087,8626,17713,461,8,26,금
2022-08-26,7호선,먹골,10897,10499,21396,398,8,26,금
2022-08-26,7호선,중화,11308,10911,22219,397,8,26,금
2022-08-26,7호선,상봉(시외버스터미널),18111,17528,35639,583,8,26,금
2022-08-26,7호선,면목,15812,15230,31042,582,8,26,금
2022-08-26,7호선,사가정,17001,16663,33664,338,8,26,금
2022-08-26,7호선,용마산(용마폭포공원),6491,6220,12711,271,8,26,금
2022-08-26,7호선,중곡,11871,10822,22693,1049,8,26,금
2022-08-26,7호선,군자(능동),16122,12693,28815,3429,8,26,금
2022-08-26,7호선,어린이대공원(세종대),13949,13835,27784,114,8,26,금
2022-08-26,7호선,건대입구,13077,13939,27016,-862,8,26,금
2022-08-26,7호선,뚝섬유원지,10973,10483,21456,490,8,26,금
2022-08-26,7호선,청담,20916,23479,44395,-2563,8,26,금
2022-08-26,7호선,강남구청,17971,20080,38051,-2109,8,26,금
2022-08-26,7호선,학동,24615,26265,50880,-1650,8,26,금
2022-08-26,7호선,논현,20337,21659,41996,-1322,8,26,금
2022-08-26,7호선,반포,6794,7390,14184,-596,8,26,금
2022-08-26,7호선,고속터미널,19240,15963,35203,3277,8,26,금
2022-08-26,7호선,내방,15459,15754,31213,-295,8,26,금
2022-08-26,7호선,이수,17144,16640,33784,504,8,26,금
2022-08-26,7호선,남성,11963,10830,22793,1133,8,26,금
2022-08-26,7호선,숭실대입구(살피재),12832,12752,25584,80,8,26,금
2022-08-26,7호선,상도,11973,11137,23110,836,8,26,금
2022-08-26,7호선,장승배기,9929,9549,19478,380,8,26,금
2022-08-26,7호선,신대방삼거리,16077,14969,31046,1108,8,26,금
2022-08-26,7호선,보라매,8223,8265,16488,-42,8,26,금
2022-08-26,7호선,신풍,12278,11534,23812,744,8,26,금
2022-08-26,7호선,대림(구로구청),8258,8535,16793,-277,8,26,금
2022-08-26,7호선,남구로,16011,16887,32898,-876,8,26,금
2022-08-26,7호선,가산디지털단지,46787,46122,92909,665,8,26,금
2022-08-26,7호선,철산,22866,23620,46486,-754,8,26,금
2022-08-26,7호선,광명사거리,23195,22746,45941,449,8,26,금
2022-08-26,7호선,천왕,12306,11555,23861,751,8,26,금
2022-08-26,7호선,온수(성공회대입구),10669,9626,20295,1043,8,26,금
2022-08-26,8호선,암사,20113,17308,37421,2805,8,26,금
2022-08-26,8호선,천호(풍납토성),15655,18567,34222,-2912,8,26,금
2022-08-26,8호선,강동구청,10989,11422,22411,-433,8,26,금
2022-08-26,8호선,몽촌토성(평화의문),6449,6674,13123,-225,8,26,금
2022-08-26,8호선,잠실(송파구청),15147,18059,33206,-2912,8,26,금
2022-08-26,8호선,석촌,8039,9532,17571,-1493,8,26,금
2022-08-26,8호선,송파,9260,8853,18113,407,8,26,금
2022-08-26,8호선,가락시장,8436,9202,17638,-766,8,26,금
2022-08-26,8호선,문정,22601,23644,46245,-1043,8,26,금
2022-08-26,8호선,장지,17936,16830,34766,1106,8,26,금
2022-08-26,8호선,복정,9868,8223,18091,1645,8,26,금
2022-08-26,8호선,산성,5683,5549,11232,134,8,26,금
2022-08-26,8호선,남한산성입구(성남법원.검찰청),14641,12566,27207,2075,8,26,금
2022-08-26,8호선,단대오거리,11110,10825,21935,285,8,26,금
2022-08-26,8호선,신흥,4615,4897,9512,-282,8,26,금
2022-08-26,8호선,수진,5804,5175,10979,629,8,26,금
2022-08-26,8호선,모란,4876,3978,8854,898,8,26,금
2022-08-26,8호선,남위례,6083,6300,12383,-217,8,26,금
2022-08-26,9호선,개화,2859,2008,4867,851,8,26,금
2022-08-26,9호선,김포공항,8959,13896,22855,-4937,8,26,금
2022-08-26,9호선,공항시장,3174,3399,6573,-225,8,26,금
2022-08-26,9호선,신방화,7489,7204,14693,285,8,26,금
2022-08-26,9호선,마곡나루(서울식물원),13150,13126,26276,24,8,26,금
2022-08-26,9호선,양천향교,10626,10715,21341,-89,8,26,금
2022-08-26,9호선,가양,23026,21863,44889,1163,8,26,금
2022-08-26,9호선,증미,8112,7739,15851,373,8,26,금
2022-08-26,9호선,등촌,12280,11558,23838,722,8,26,금
2022-08-26,9호선,염창,18686,17854,36540,832,8,26,금
2022-08-26,9호선,신목동,4604,3920,8524,684,8,26,금
2022-08-26,9호선,선유도,9369,8659,18028,710,8,26,금
2022-08-26,9호선,당산,20637,20464,41101,173,8,26,금
2022-08-26,9호선,국회의사당,18234,18538,36772,-304,8,26,금
2022-08-26,9호선,여의도,31527,29904,61431,1623,8,26,금
2022-08-26,9호선,샛강,6732,6685,13417,47,8,26,금
2022-08-26,분당선,모란,21302,21888,43190,-586,8,26,금
2022-08-26,9호선,노량진,27779,27136,54915,643,8,26,금
2022-08-26,9호선,노들,5316,4340,9656,976,8,26,금
2022-08-26,9호선,흑석(중앙대입구),9213,9684,18897,-471,8,26,금
2022-08-26,9호선,동작(현충원),1975,1562,3537,413,8,26,금
2022-08-26,9호선,구반포,1382,1405,2787,-23,8,26,금
2022-08-26,9호선,신반포,6784,8805,15589,-2021,8,26,금
2022-08-26,9호선,고속터미널,20821,27642,48463,-6821,8,26,금
2022-08-26,9호선,사평,4135,3962,8097,173,8,26,금
2022-08-26,9호선,신논현,35108,35926,71034,-818,8,26,금
2022-08-26,9호선2~3단계,언주,11956,12089,24045,-133,8,26,금
2022-08-26,9호선2~3단계,선정릉,10927,11928,22855,-1001,8,26,금
2022-08-26,9호선2~3단계,삼성중앙,8118,8267,16385,-149,8,26,금
2022-08-26,9호선2~3단계,봉은사,20708,20799,41507,-91,8,26,금
2022-08-26,9호선2~3단계,종합운동장,4897,4822,9719,75,8,26,금
2022-08-26,9호선2~3단계,삼전,7504,6919,14423,585,8,26,금
2022-08-26,9호선2~3단계,석촌고분,6923,6577,13500,346,8,26,금
2022-08-26,9호선2~3단계,석촌,9690,8366,18056,1324,8,26,금
2022-08-26,9호선2~3단계,송파나루,5625,6112,11737,-487,8,26,금
2022-08-26,9호선2~3단계,한성백제,2823,2482,5305,341,8,26,금
2022-08-26,9호선2~3단계,올림픽공원(한국체대),7191,6748,13939,443,8,26,금
2022-08-26,9호선2~3단계,둔촌오륜,1256,1149,2405,107,8,26,금
2022-08-26,9호선2~3단계,중앙보훈병원,11889,10442,22331,1447,8,26,금
2022-08-26,경강선,판교,5426,5456,10882,-30,8,26,금
2022-08-26,경강선,이매,1256,1106,2362,150,8,26,금
2022-08-26,경강선,삼동,2786,2478,5264,308,8,26,금
2022-08-26,경강선,경기광주,8705,8118,16823,587,8,26,금
2022-08-26,경강선,초월,3652,3261,6913,391,8,26,금
2022-08-26,경강선,곤지암,2553,2369,4922,184,8,26,금
2022-08-26,경강선,신둔도예촌,1645,1571,3216,74,8,26,금
2022-08-26,경강선,이천,3176,3293,6469,-117,8,26,금
2022-08-26,경강선,부발,2894,2202,5096,692,8,26,금
2022-08-26,경강선,세종대왕릉,375,413,788,-38,8,26,금
2022-08-26,경강선,여주,2546,2562,5108,-16,8,26,금
2022-08-26,경부선,서울역,10170,3117,13287,7053,8,26,금
2022-08-26,경부선,남영,10203,10570,20773,-367,8,26,금
2022-08-26,경부선,용산,42840,44624,87464,-1784,8,26,금
2022-08-26,경부선,노량진,9037,8608,17645,429,8,26,금
2022-08-26,경부선,대방,11713,12516,24229,-803,8,26,금
2022-08-26,경부선,영등포,43493,46045,89538,-2552,8,26,금
2022-08-26,경부선,신도림,4344,4358,8702,-14,8,26,금
2022-08-26,경부선,신길,9643,8089,17732,1554,8,26,금
2022-08-26,경부선,구로,19377,19655,39032,-278,8,26,금
2022-08-26,경부선,가산디지털단지,18883,22005,40888,-3122,8,26,금
2022-08-26,경부선,금천구청,12189,12108,24297,81,8,26,금
2022-08-26,경부선,석수,10042,8697,18739,1345,8,26,금
2022-08-26,경부선,관악,7652,7291,14943,361,8,26,금
2022-08-26,경부선,안양,23305,23271,46576,34,8,26,금
2022-08-26,경부선,명학,9358,9054,18412,304,8,26,금
2022-08-26,경부선,금정,29240,29499,58739,-259,8,26,금
2022-08-26,경부선,군포,8045,7660,15705,385,8,26,금
2022-08-26,경부선,의왕,9544,9275,18819,269,8,26,금
2022-08-26,경부선,성균관대,15330,15274,30604,56,8,26,금
2022-08-26,경부선,화서,8849,8496,17345,353,8,26,금
2022-08-26,경부선,수원,37539,41455,78994,-3916,8,26,금
2022-08-26,경부선,독산,19514,19603,39117,-89,8,26,금
2022-08-26,경부선,세류,3531,3063,6594,468,8,26,금
2022-08-26,경부선,병점,15779,15289,31068,490,8,26,금
2022-08-26,경부선,세마,3251,3004,6255,247,8,26,금
2022-08-26,경부선,오산대,3970,3621,7591,349,8,26,금
2022-08-26,경부선,오산,10891,10257,21148,634,8,26,금
2022-08-26,경부선,진위,2037,1673,3710,364,8,26,금
2022-08-26,경부선,송탄,5207,4527,9734,680,8,26,금
2022-08-26,경부선,서정리,9057,7299,16356,1758,8,26,금
2022-08-26,경부선,평택지제,4736,4430,9166,306,8,26,금
2022-08-26,경부선,평택,13710,13471,27181,239,8,26,금
2022-08-26,경부선,성환,4128,3846,7974,282,8,26,금
2022-08-26,경부선,직산,1008,932,1940,76,8,26,금
2022-08-26,경부선,두정,6548,6544,13092,4,8,26,금
2022-08-26,경부선,천안,6266,6758,13024,-492,8,26,금
2022-08-26,경부선,당정,6931,6305,13236,626,8,26,금
2022-08-26,경부선,서동탄,1552,1409,2961,143,8,26,금
2022-08-26,경부선,광명,4178,3830,8008,348,8,26,금
2022-08-26,경원선,이촌(국립중앙박물관),4531,3329,7860,1202,8,26,금
2022-08-26,경원선,서빙고,2622,2233,4855,389,8,26,금
2022-08-26,경원선,한남,4443,4312,8755,131,8,26,금
2022-08-26,경원선,옥수,68,28,96,40,8,26,금
2022-08-26,경원선,응봉,2079,1710,3789,369,8,26,금
2022-08-26,경원선,왕십리(성동구청),15868,17838,33706,-1970,8,26,금
2022-08-26,경원선,청량리(서울시립대입구),18686,19827,38513,-1141,8,26,금
2022-08-26,경원선,외대앞,8196,8083,16279,113,8,26,금
2022-08-26,경원선,신이문,8959,8035,16994,924,8,26,금
2022-08-26,경원선,석계,8664,9828,18492,-1164,8,26,금
2022-08-26,경원선,광운대,7892,7403,15295,489,8,26,금
2022-08-26,경원선,월계,7161,6598,13759,563,8,26,금
2022-08-26,경원선,녹천,5117,4083,9200,1034,8,26,금
2022-08-26,경원선,방학,10478,10088,20566,390,8,26,금
2022-08-26,경원선,도봉,6539,6197,12736,342,8,26,금
2022-08-26,경원선,도봉산,7933,5164,13097,2769,8,26,금
2022-08-26,경원선,망월사,7919,7865,15784,54,8,26,금
2022-08-26,경원선,회룡,13488,13303,26791,185,8,26,금
2022-08-26,경원선,의정부,19528,20816,40344,-1288,8,26,금
2022-08-26,경원선,가능,7208,6800,14008,408,8,26,금
2022-08-26,경원선,녹양,4961,4709,9670,252,8,26,금
2022-08-26,경원선,양주,8166,7631,15797,535,8,26,금
2022-08-26,경원선,덕계,3634,3136,6770,498,8,26,금
2022-08-26,경원선,덕정,6072,5665,11737,407,8,26,금
2022-08-26,경원선,지행,7434,7339,14773,95,8,26,금
2022-08-26,경원선,동두천중앙,3266,3230,6496,36,8,26,금
2022-08-26,경원선,보산,1942,1692,3634,250,8,26,금
2022-08-26,경원선,동두천,2385,2694,5079,-309,8,26,금
2022-08-26,경원선,소요산,2962,2809,5771,153,8,26,금
2022-08-26,경의선,서울역,4846,6477,11323,-1631,8,26,금
2022-08-26,경의선,신촌,1037,1336,2373,-299,8,26,금
2022-08-26,경의선,효창공원앞,3072,3576,6648,-504,8,26,금
2022-08-26,경의선,공덕,4136,3684,7820,452,8,26,금
2022-08-26,경의선,서강대,2296,2198,4494,98,8,26,금
2022-08-26,경의선,홍대입구,2119,2556,4675,-437,8,26,금
2022-08-26,경의선,가좌,6177,5755,11932,422,8,26,금
2022-08-26,경의선,디지털미디어시티,2920,2478,5398,442,8,26,금
2022-08-26,경의선,수색,2861,3056,5917,-195,8,26,금
2022-08-26,경의선,화전,1767,1706,3473,61,8,26,금
2022-08-26,경의선,강매,3416,2929,6345,487,8,26,금
2022-08-26,경의선,행신,8857,8852,17709,5,8,26,금
2022-08-26,경의선,능곡,4258,3817,8075,441,8,26,금
2022-08-26,경의선,곡산,665,653,1318,12,8,26,금
2022-08-26,경의선,백마,7490,7186,14676,304,8,26,금
2022-08-26,경의선,풍산,6314,5827,12141,487,8,26,금
2022-08-26,경의선,일산,10098,9780,19878,318,8,26,금
2022-08-26,경의선,탄현,8591,7989,16580,602,8,26,금
2022-08-26,경의선,야당,8759,8931,17690,-172,8,26,금
2022-08-26,경의선,운정,7601,6902,14503,699,8,26,금
2022-08-26,경의선,금릉,5301,5147,10448,154,8,26,금
2022-08-26,경의선,금촌,7574,7412,14986,162,8,26,금
2022-08-26,경의선,월롱,3321,2468,5789,853,8,26,금
2022-08-26,경의선,파주,1364,918,2282,446,8,26,금
2022-08-26,경의선,문산,5955,5794,11749,161,8,26,금
2022-08-26,경의선,임진강,20,9,29,11,8,26,금
2022-08-26,경의선,계양,1,0,1,1,8,26,금
2022-08-26,경인선,개봉,22569,21856,44425,713,8,26,금
2022-08-26,경인선,오류동,12491,11244,23735,1247,8,26,금
2022-08-26,경인선,역곡,28284,28085,56369,199,8,26,금
2022-08-26,경인선,부천,34173,34632,68805,-459,8,26,금
2022-08-26,경인선,송내,29183,28690,57873,493,8,26,금
2022-08-26,경인선,부평,31348,35098,66446,-3750,8,26,금
2022-08-26,경인선,백운,7416,7157,14573,259,8,26,금
2022-08-26,경인선,동암,16877,17114,33991,-237,8,26,금
2022-08-26,경인선,주안,20030,18274,38304,1756,8,26,금
2022-08-26,경인선,제물포,11570,10730,22300,840,8,26,금
2022-08-26,경인선,동인천,14825,14086,28911,739,8,26,금
2022-08-26,경인선,인천,4302,3411,7713,891,8,26,금
2022-08-26,경인선,구일,6747,6458,13205,289,8,26,금
2022-08-26,경인선,소사,8626,8555,17181,71,8,26,금
2022-08-26,경인선,부개,9331,8437,17768,894,8,26,금
2022-08-26,경인선,간석,6385,5980,12365,405,8,26,금
2022-08-26,경인선,도원,3484,3607,7091,-123,8,26,금
2022-08-26,경인선,온수(성공회대입구),7194,6724,13918,470,8,26,금
2022-08-26,경인선,중동,10019,9257,19276,762,8,26,금
2022-08-26,경인선,도화,4605,4170,8775,435,8,26,금
2022-08-26,경춘선,신내,2349,2268,4617,81,8,26,금
2022-08-26,경춘선,갈매,3239,2731,5970,508,8,26,금
2022-08-26,경춘선,별내,3486,3226,6712,260,8,26,금
2022-08-26,경춘선,퇴계원,3735,3413,7148,322,8,26,금
2022-08-26,경춘선,사릉,2557,2393,4950,164,8,26,금
2022-08-26,경춘선,금곡,1714,1650,3364,64,8,26,금
2022-08-26,경춘선,평내호평,6796,6704,13500,92,8,26,금
2022-08-26,경춘선,천마산,1860,1665,3525,195,8,26,금
2022-08-26,경춘선,마석,4272,4270,8542,2,8,26,금
2022-08-26,경춘선,대성리,1216,1688,2904,-472,8,26,금
2022-08-26,경춘선,청평,2238,2339,4577,-101,8,26,금
2022-08-26,경춘선,상천,359,326,685,33,8,26,금
2022-08-26,경춘선,가평,3303,3083,6386,220,8,26,금
2022-08-26,경춘선,굴봉산,199,176,375,23,8,26,금
2022-08-26,경춘선,백양리,83,93,176,-10,8,26,금
2022-08-26,경춘선,강촌,606,583,1189,23,8,26,금
2022-08-26,경춘선,김유정,356,454,810,-98,8,26,금
2022-08-26,경춘선,남춘천,2865,3074,5939,-209,8,26,금
2022-08-26,경춘선,춘천,1595,1473,3068,122,8,26,금
2022-08-26,공항철도 1호선,서울역,11250,10815,22065,435,8,26,금
2022-08-26,공항철도 1호선,공덕,2637,3569,6206,-932,8,26,금
2022-08-26,공항철도 1호선,홍대입구,12557,13283,25840,-726,8,26,금
2022-08-26,공항철도 1호선,디지털미디어시티,14691,13480,28171,1211,8,26,금
2022-08-26,공항철도 1호선,마곡나루(서울식물원),9822,8947,18769,875,8,26,금
2022-08-26,공항철도 1호선,김포공항,14268,7363,21631,6905,8,26,금
2022-08-26,공항철도 1호선,계양,11976,10870,22846,1106,8,26,금
2022-08-26,공항철도 1호선,검암,7255,6980,14235,275,8,26,금
2022-08-26,공항철도 1호선,청라국제도시,7722,7234,14956,488,8,26,금
2022-08-26,공항철도 1호선,운서,8355,8462,16817,-107,8,26,금
2022-08-26,공항철도 1호선,공항화물청사,2391,2472,4863,-81,8,26,금
2022-08-26,공항철도 1호선,인천공항1터미널,8875,7889,16764,986,8,26,금
2022-08-26,공항철도 1호선,인천공항2터미널,3891,3241,7132,650,8,26,금
2022-08-26,공항철도 1호선,영종,3896,3986,7882,-90,8,26,금
2022-08-26,과천선,선바위,8712,7620,16332,1092,8,26,금
2022-08-26,과천선,경마공원,8652,8834,17486,-182,8,26,금
2022-08-26,과천선,대공원,3641,3814,7455,-173,8,26,금
2022-08-26,과천선,과천,7058,6316,13374,742,8,26,금
2022-08-26,과천선,정부과천청사,12006,11883,23889,123,8,26,금
2022-08-26,과천선,인덕원,26159,26799,52958,-640,8,26,금
2022-08-26,과천선,평촌,18523,18558,37081,-35,8,26,금
2022-08-26,과천선,범계,28084,28369,56453,-285,8,26,금
2022-08-26,분당선,선릉,14397,21375,35772,-6978,8,26,금
2022-08-26,분당선,한티,16310,17293,33603,-983,8,26,금
2022-08-26,분당선,도곡,8093,7431,15524,662,8,26,금
2022-08-26,분당선,구룡,2574,2316,4890,258,8,26,금
2022-08-26,분당선,개포동,4432,4607,9039,-175,8,26,금
2022-08-26,분당선,대모산입구,5047,4633,9680,414,8,26,금
2022-08-26,분당선,수서,15903,16433,32336,-530,8,26,금
2022-08-26,분당선,복정,1,0,1,1,8,26,금
2022-08-26,분당선,수원,8727,7828,16555,899,8,26,금
2022-08-26,분당선,서울숲,12505,12819,25324,-314,8,26,금
2022-08-26,분당선,압구정로데오,22208,26602,48810,-4394,8,26,금
2022-08-26,분당선,강남구청,10627,12067,22694,-1440,8,26,금
2022-08-26,분당선,선정릉,8447,9013,17460,-566,8,26,금
2022-08-26,분당선,가천대,7791,8160,15951,-369,8,26,금
2022-08-26,분당선,태평,14711,13838,28549,873,8,26,금
2022-08-26,분당선,야탑,28176,29469,57645,-1293,8,26,금
2022-08-26,분당선,서현,27418,28024,55442,-606,8,26,금
2022-08-26,분당선,수내,14840,14711,29551,129,8,26,금
2022-08-26,분당선,정자,20083,21247,41330,-1164,8,26,금
2022-08-26,분당선,미금,16770,17680,34450,-910,8,26,금
2022-08-26,분당선,오리,12529,10162,22691,2367,8,26,금
2022-08-26,분당선,이매,6233,5666,11899,567,8,26,금
2022-08-26,분당선,보정,2937,2458,5395,479,8,26,금
2022-08-26,분당선,죽전,14114,15573,29687,-1459,8,26,금
2022-08-26,분당선,구성,5425,5557,10982,-132,8,26,금
2022-08-26,분당선,신갈,5063,4984,10047,79,8,26,금
2022-08-26,분당선,기흥,10820,9895,20715,925,8,26,금
2022-08-26,분당선,상갈,5952,5610,11562,342,8,26,금
2022-08-26,분당선,청명,4913,4388,9301,525,8,26,금
2022-08-26,분당선,영통,9378,9566,18944,-188,8,26,금
2022-08-26,분당선,망포,16542,14935,31477,1607,8,26,금
2022-08-26,분당선,매탄권선,5689,5282,10971,407,8,26,금
2022-08-26,분당선,수원시청,14195,16714,30909,-2519,8,26,금
2022-08-26,분당선,매교,4050,3954,8004,96,8,26,금
2022-08-26,수인선,고색,5097,4566,9663,531,8,26,금
2022-08-26,수인선,오목천,3611,3110,6721,501,8,26,금
2022-08-26,수인선,어천,1203,1120,2323,83,8,26,금
2022-08-26,수인선,야목,404,298,702,106,8,26,금
2022-08-26,수인선,사리,4959,4375,9334,584,8,26,금
2022-08-26,수인선,달월,119,85,204,34,8,26,금
2022-08-26,수인선,월곶,3086,2814,5900,272,8,26,금
2022-08-26,수인선,소래포구,5883,5584,11467,299,8,26,금
2022-08-26,수인선,인천논현,5892,6301,12193,-409,8,26,금
2022-08-26,수인선,호구포,4440,4499,8939,-59,8,26,금
2022-08-26,수인선,남동인더스파크,2465,2719,5184,-254,8,26,금
2022-08-26,수인선,원인재,4790,4972,9762,-182,8,26,금
2022-08-26,수인선,연수,5063,5140,10203,-77,8,26,금
2022-08-26,수인선,송도,2569,2388,4957,181,8,26,금
2022-08-26,수인선,인하대,6364,5949,12313,415,8,26,금
2022-08-26,수인선,숭의,4604,4126,8730,478,8,26,금
2022-08-26,수인선,신포,2020,2061,4081,-41,8,26,금
2022-08-26,수인선,인천,1271,1951,3222,-680,8,26,금
2022-08-26,신림선,샛강,2183,2816,4999,-633,8,26,금
2022-08-26,안산선,대야미,5581,4843,10424,738,8,26,금
2022-08-26,안산선,반월,4628,4342,8970,286,8,26,금
2022-08-26,안산선,상록수,16636,16654,33290,-18,8,26,금
2022-08-26,안산선,한대앞,9738,9557,19295,181,8,26,금
2022-08-26,안산선,중앙,19347,20899,40246,-1552,8,26,금
2022-08-26,안산선,고잔,9496,8965,18461,531,8,26,금
2022-08-26,안산선,초지,5139,5077,10216,62,8,26,금
2022-08-26,안산선,안산,12461,11377,23838,1084,8,26,금
2022-08-26,안산선,신길온천,1949,1889,3838,60,8,26,금
2022-08-26,안산선,정왕,8911,9015,17926,-104,8,26,금
2022-08-26,안산선,오이도,9194,9088,18282,106,8,26,금
2022-08-26,안산선,수리산,4492,3581,8073,911,8,26,금
2022-08-26,우이신설선,북한산우이,2952,2769,5721,183,8,26,금
2022-08-26,우이신설선,솔밭공원,2663,2466,5129,197,8,26,금
2022-08-26,우이신설선,4.19민주묘지,3139,2887,6026,252,8,26,금
2022-08-26,우이신설선,가오리,4535,4368,8903,167,8,26,금
2022-08-26,우이신설선,화계,3666,3297,6963,369,8,26,금
2022-08-26,우이신설선,삼양,2173,2218,4391,-45,8,26,금
2022-08-26,우이신설선,삼양사거리,2742,2621,5363,121,8,26,금
2022-08-26,우이신설선,솔샘,6232,5637,11869,595,8,26,금
2022-08-26,우이신설선,북한산보국문,6250,5924,12174,326,8,26,금
2022-08-26,우이신설선,정릉,5024,4247,9271,777,8,26,금
2022-08-26,우이신설선,성신여대입구(돈암),3598,3902,7500,-304,8,26,금
2022-08-26,우이신설선,보문,1625,1650,3275,-25,8,26,금
2022-08-26,우이신설선,신설동,2231,2248,4479,-17,8,26,금
2022-08-26,일산선,원흥,11900,11219,23119,681,8,26,금
2022-08-26,일산선,삼송,21436,20596,42032,840,8,26,금
2022-08-26,일산선,원당,11829,11070,22899,759,8,26,금
2022-08-26,일산선,화정,17868,18458,36326,-590,8,26,금
2022-08-26,일산선,대곡,2329,1806,4135,523,8,26,금
2022-08-26,일산선,백석,10561,10513,21074,48,8,26,금
2022-08-26,일산선,마두,8250,8362,16612,-112,8,26,금
2022-08-26,일산선,정발산,8137,8693,16830,-556,8,26,금
2022-08-26,일산선,주엽,9760,9881,19641,-121,8,26,금
2022-08-26,일산선,대화,14257,11330,25587,2927,8,26,금
2022-08-26,장항선,봉명,1427,1319,2746,108,8,26,금
2022-08-26,장항선,쌍용(나사렛대),2217,2078,4295,139,8,26,금
2022-08-26,장항선,아산,3840,3704,7544,136,8,26,금
2022-08-26,장항선,탕정,1063,982,2045,81,8,26,금
2022-08-26,장항선,배방,1286,1172,2458,114,8,26,금
2022-08-26,장항선,온양온천,4046,4199,8245,-153,8,26,금
2022-08-26,장항선,신창(순천향대),1603,1497,3100,106,8,26,금
2022-08-26,중앙선,회기,26918,23144,50062,3774,8,26,금
2022-08-26,중앙선,중랑,6125,5582,11707,543,8,26,금
2022-08-26,중앙선,상봉(시외버스터미널),6403,6029,12432,374,8,26,금
2022-08-26,중앙선,망우,8419,8214,16633,205,8,26,금
2022-08-26,중앙선,양원,3199,2995,6194,204,8,26,금
2022-08-26,중앙선,구리,14389,14587,28976,-198,8,26,금
2022-08-26,중앙선,도농,11983,10591,22574,1392,8,26,금
2022-08-26,중앙선,양정,784,693,1477,91,8,26,금
2022-08-26,중앙선,덕소,5912,6051,11963,-139,8,26,금
2022-08-26,중앙선,도심,2747,2145,4892,602,8,26,금
2022-08-26,중앙선,팔당,928,942,1870,-14,8,26,금
2022-08-26,중앙선,운길산,784,763,1547,21,8,26,금
2022-08-26,중앙선,양수,2236,2301,4537,-65,8,26,금
2022-08-26,중앙선,신원,208,185,393,23,8,26,금
2022-08-26,중앙선,국수,850,827,1677,23,8,26,금
2022-08-26,중앙선,오빈,331,329,660,2,8,26,금
2022-08-27,1호선,종로5가,20780,21550,42330,-770,8,27,토
2022-08-27,중앙선,구리,11274,11480,22754,-206,8,27,토
2022-08-27,중앙선,양원,2110,1974,4084,136,8,27,토
2022-08-27,중앙선,망우,7198,6949,14147,249,8,27,토
2022-08-27,중앙선,상봉(시외버스터미널),5357,5235,10592,122,8,27,토
2022-08-27,중앙선,중랑,4861,4559,9420,302,8,27,토
2022-08-27,중앙선,회기,22169,20783,42952,1386,8,27,토
2022-08-27,장항선,신창(순천향대),1280,1322,2602,-42,8,27,토
2022-08-27,장항선,온양온천,4109,4073,8182,36,8,27,토
2022-08-27,장항선,배방,1099,1051,2150,48,8,27,토
2022-08-27,장항선,탕정,900,787,1687,113,8,27,토
2022-08-27,장항선,아산,3564,3345,6909,219,8,27,토
2022-08-27,장항선,쌍용(나사렛대),1753,1513,3266,240,8,27,토
2022-08-27,장항선,봉명,809,794,1603,15,8,27,토
2022-08-27,일산선,대화,10287,9039,19326,1248,8,27,토
2022-08-27,일산선,주엽,7522,7183,14705,339,8,27,토
2022-08-27,일산선,정발산,7484,7997,15481,-513,8,27,토
2022-08-27,일산선,마두,5637,5513,11150,124,8,27,토
2022-08-27,일산선,백석,7916,7889,15805,27,8,27,토
2022-08-27,일산선,대곡,1606,1372,2978,234,8,27,토
2022-08-27,일산선,화정,13624,13861,27485,-237,8,27,토
2022-08-27,일산선,원당,8819,8133,16952,686,8,27,토
2022-08-27,일산선,삼송,15640,14877,30517,763,8,27,토
2022-08-27,일산선,원흥,8303,7726,16029,577,8,27,토
2022-08-27,우이신설선,신설동,1573,1518,3091,55,8,27,토
2022-08-27,우이신설선,보문,1258,1158,2416,100,8,27,토
2022-08-27,우이신설선,성신여대입구(돈암),2980,3416,6396,-436,8,27,토
2022-08-27,우이신설선,정릉,4050,3133,7183,917,8,27,토
2022-08-27,우이신설선,북한산보국문,5090,4356,9446,734,8,27,토
2022-08-27,우이신설선,솔샘,4115,3650,7765,465,8,27,토
2022-08-27,우이신설선,삼양사거리,2112,2064,4176,48,8,27,토
2022-08-27,우이신설선,삼양,1706,1716,3422,-10,8,27,토
2022-08-27,우이신설선,화계,2751,2501,5252,250,8,27,토
2022-08-27,우이신설선,가오리,3275,3086,6361,189,8,27,토
2022-08-27,우이신설선,4.19민주묘지,2666,2258,4924,408,8,27,토
2022-08-27,우이신설선,솔밭공원,2064,1874,3938,190,8,27,토
2022-08-27,우이신설선,북한산우이,4630,4816,9446,-186,8,27,토
2022-08-27,안산선,수리산,3142,2745,5887,397,8,27,토
2022-08-27,안산선,오이도,8488,8692,17180,-204,8,27,토
2022-08-27,안산선,정왕,7043,7072,14115,-29,8,27,토
2022-08-27,안산선,신길온천,1726,1500,3226,226,8,27,토
2022-08-27,안산선,중앙,17079,18094,35173,-1015,8,27,토
2022-08-27,안산선,한대앞,7976,7838,15814,138,8,27,토
2022-08-27,중앙선,도농,8334,7630,15964,704,8,27,토
2022-08-27,중앙선,양정,675,565,1240,110,8,27,토
2022-08-27,중앙선,덕소,5117,5015,10132,102,8,27,토
2022-08-27,중앙선,도심,1876,1567,3443,309,8,27,토
2022-08-27,중앙선,팔당,1512,1592,3104,-80,8,27,토
2022-08-27,중앙선,운길산,1332,1213,2545,119,8,27,토
2022-08-27,중앙선,양수,2633,2746,5379,-113,8,27,토
2022-08-27,중앙선,신원,246,220,466,26,8,27,토
2022-08-27,중앙선,국수,736,761,1497,-25,8,27,토
2022-08-27,중앙선,아신,700,731,1431,-31,8,27,토
2022-08-27,중앙선,오빈,348,370,718,-22,8,27,토
2022-08-27,중앙선,양평,3187,3353,6540,-166,8,27,토
2022-08-27,중앙선,원덕,398,432,830,-34,8,27,토
2022-08-27,중앙선,용문,2453,2770,5223,-317,8,27,토
2022-08-27,중앙선,지평,62,73,135,-11,8,27,토
2022-08-27,안산선,상록수,12956,12854,25810,102,8,27,토
2022-08-27,안산선,반월,3699,3484,7183,215,8,27,토
2022-08-27,안산선,대야미,4269,3746,8015,523,8,27,토
2022-08-27,안산선,산본,14017,14836,28853,-819,8,27,토
2022-08-27,신림선,관악산(서울대),4513,4595,9108,-82,8,27,토
2022-08-27,신림선,서울대벤처타운,6386,5529,11915,857,8,27,토
2022-08-27,신림선,서원,2375,1905,4280,470,8,27,토
2022-08-27,신림선,신림,1415,1903,3318,-488,8,27,토
2022-08-27,신림선,당곡,3098,2778,5876,320,8,27,토
2022-08-27,신림선,보라매병원,2783,2935,5718,-152,8,27,토
2022-08-27,신림선,보라매공원,1360,1511,2871,-151,8,27,토
2022-08-27,신림선,보라매,2167,1889,4056,278,8,27,토
2022-08-27,안산선,안산,10272,10509,20781,-237,8,27,토
2022-08-27,안산선,초지,3969,3843,7812,126,8,27,토
2022-08-27,안산선,고잔,7406,7254,14660,152,8,27,토
2022-08-27,신림선,서울지방병무청,1854,2057,3911,-203,8,27,토
2022-08-27,신림선,대방,2035,1386,3421,649,8,27,토
2022-08-27,신림선,샛강,1220,1743,2963,-523,8,27,토
2022-08-27,수인선,인천,1493,2357,3850,-864,8,27,토
2022-08-27,수인선,신포,1714,1735,3449,-21,8,27,토
2022-08-27,수인선,숭의,3180,2962,6142,218,8,27,토
2022-08-27,수인선,인하대,5094,4892,9986,202,8,27,토
2022-08-27,수인선,송도,2161,2102,4263,59,8,27,토
2022-08-27,수인선,연수,4553,4494,9047,59,8,27,토
2022-08-27,수인선,원인재,4240,4624,8864,-384,8,27,토
2022-08-27,수인선,남동인더스파크,1095,984,2079,111,8,27,토
2022-08-27,수인선,호구포,3003,2806,5809,197,8,27,토
2022-08-27,수인선,인천논현,4847,4954,9801,-107,8,27,토
2022-08-27,수인선,소래포구,6784,6821,13605,-37,8,27,토
2022-08-27,수인선,월곶,2553,2361,4914,192,8,27,토
2022-08-27,수인선,달월,84,78,162,6,8,27,토
2022-08-27,수인선,사리,4032,3260,7292,772,8,27,토
2022-08-27,수인선,야목,293,215,508,78,8,27,토
2022-08-27,수인선,어천,850,758,1608,92,8,27,토
2022-08-27,수인선,오목천,2541,2099,4640,442,8,27,토
2022-08-27,수인선,고색,2769,2735,5504,34,8,27,토
2022-08-27,분당선,매교,2667,2673,5340,-6,8,27,토
2022-08-27,분당선,수원시청,11842,13747,25589,-1905,8,27,토
2022-08-27,분당선,매탄권선,3889,3514,7403,375,8,27,토
2022-08-27,분당선,망포,10178,9018,19196,1160,8,27,토
2022-08-27,분당선,영통,7535,7442,14977,93,8,27,토
2022-08-27,분당선,청명,3181,3215,6396,-34,8,27,토
2022-08-27,분당선,상갈,4122,4045,8167,77,8,27,토
2022-08-27,분당선,기흥,7510,6934,14444,576,8,27,토
2022-08-27,분당선,신갈,2957,2922,5879,35,8,27,토
2022-08-27,분당선,구성,3667,3667,7334,0,8,27,토
2022-08-27,분당선,죽전,10372,11636,22008,-1264,8,27,토
2022-08-27,분당선,보정,1765,1649,3414,116,8,27,토
2022-08-27,분당선,이매,4595,4362,8957,233,8,27,토
2022-08-27,분당선,오리,8205,6653,14858,1552,8,27,토
2022-08-27,분당선,미금,11274,11799,23073,-525,8,27,토
2022-08-27,분당선,정자,11529,12079,23608,-550,8,27,토
2022-08-27,분당선,수내,9864,9249,19113,615,8,27,토
2022-08-27,분당선,서현,20102,20590,40692,-488,8,27,토
2022-08-27,분당선,야탑,19187,19813,39000,-626,8,27,토
2022-08-27,분당선,모란,16573,17063,33636,-490,8,27,토
2022-08-27,분당선,태평,11596,10895,22491,701,8,27,토
2022-08-27,분당선,가천대,5839,6121,11960,-282,8,27,토
2022-08-27,분당선,선정릉,3649,3636,7285,13,8,27,토
2022-08-27,분당선,강남구청,5659,6841,12500,-1182,8,27,토
2022-08-27,분당선,압구정로데오,19669,23824,43493,-4155,8,27,토
2022-08-27,분당선,서울숲,11352,11884,23236,-532,8,27,토
2022-08-27,분당선,수원,8066,6759,14825,1307,8,27,토
2022-08-27,분당선,수서,11560,11623,23183,-63,8,27,토
2022-08-27,분당선,대모산입구,3784,3453,7237,331,8,27,토
2022-08-27,분당선,개포동,2956,2889,5845,67,8,27,토
2022-08-27,분당선,구룡,1512,1321,2833,191,8,27,토
2022-08-27,분당선,도곡,5988,5061,11049,927,8,27,토
2022-08-27,분당선,한티,14270,13752,28022,518,8,27,토
2022-08-27,분당선,선릉,5825,9007,14832,-3182,8,27,토
2022-08-27,과천선,범계,22318,21640,43958,678,8,27,토
2022-08-27,과천선,평촌,10555,10084,20639,471,8,27,토
2022-08-27,과천선,인덕원,18144,17770,35914,374,8,27,토
2022-08-27,과천선,정부과천청사,7013,6847,13860,166,8,27,토
2022-08-27,과천선,과천,5377,4824,10201,553,8,27,토
2022-08-27,과천선,대공원,9643,10390,20033,-747,8,27,토
2022-08-27,과천선,경마공원,13654,13793,27447,-139,8,27,토
2022-08-27,과천선,선바위,5955,5176,11131,779,8,27,토
2022-08-27,공항철도 1호선,영종,3661,3685,7346,-24,8,27,토
2022-08-27,공항철도 1호선,인천공항2터미널,3523,3026,6549,497,8,27,토
2022-08-27,공항철도 1호선,인천공항1터미널,8822,8316,17138,506,8,27,토
2022-08-27,공항철도 1호선,공항화물청사,1348,1376,2724,-28,8,27,토
2022-08-27,공항철도 1호선,운서,7595,7861,15456,-266,8,27,토
2022-08-27,공항철도 1호선,청라국제도시,5035,4718,9753,317,8,27,토
2022-08-27,공항철도 1호선,검암,5024,5155,10179,-131,8,27,토
2022-08-27,공항철도 1호선,계양,8562,7826,16388,736,8,27,토
2022-08-27,공항철도 1호선,김포공항,11995,6229,18224,5766,8,27,토
2022-08-27,공항철도 1호선,마곡나루(서울식물원),3850,3946,7796,-96,8,27,토
2022-08-27,공항철도 1호선,디지털미디어시티,7331,6719,14050,612,8,27,토
2022-08-27,공항철도 1호선,홍대입구,14782,15346,30128,-564,8,27,토
2022-08-27,공항철도 1호선,공덕,1893,3007,4900,-1114,8,27,토
2022-08-27,공항철도 1호선,서울역,10533,10011,20544,522,8,27,토
2022-08-27,경춘선,춘천,2440,2180,4620,260,8,27,토
2022-08-27,경춘선,남춘천,3913,4223,8136,-310,8,27,토
2022-08-27,경춘선,김유정,507,591,1098,-84,8,27,토
2022-08-27,경춘선,강촌,752,892,1644,-140,8,27,토
2022-08-27,경춘선,백양리,127,134,261,-7,8,27,토
2022-08-27,경춘선,굴봉산,182,231,413,-49,8,27,토
2022-08-27,경춘선,가평,5286,7075,12361,-1789,8,27,토
2022-08-27,경춘선,상천,519,530,1049,-11,8,27,토
2022-08-27,경춘선,청평,2552,3019,5571,-467,8,27,토
2022-08-27,경춘선,대성리,1899,1737,3636,162,8,27,토
2022-08-27,경춘선,마석,4042,3833,7875,209,8,27,토
2022-08-27,경춘선,천마산,1565,1460,3025,105,8,27,토
2022-08-27,경춘선,평내호평,5634,5283,10917,351,8,27,토
2022-08-27,경춘선,금곡,1315,1154,2469,161,8,27,토
2022-08-27,경춘선,사릉,1914,1841,3755,73,8,27,토
2022-08-27,경춘선,퇴계원,2818,2536,5354,282,8,27,토
2022-08-27,경춘선,별내,2541,2334,4875,207,8,27,토
2022-08-27,경춘선,갈매,2190,1877,4067,313,8,27,토
2022-08-27,경춘선,신내,1526,1440,2966,86,8,27,토
2022-08-27,경인선,도화,3528,3242,6770,286,8,27,토
2022-08-27,경인선,중동,7316,6746,14062,570,8,27,토
2022-08-27,경인선,온수(성공회대입구),5453,4835,10288,618,8,27,토
2022-08-27,경인선,도원,4942,5003,9945,-61,8,27,토
2022-08-27,경인선,간석,4745,4458,9203,287,8,27,토
2022-08-27,경인선,부개,6892,6287,13179,605,8,27,토
2022-08-27,경인선,소사,7728,7559,15287,169,8,27,토
2022-08-27,경인선,구일,5187,4743,9930,444,8,27,토
2022-08-27,경인선,인천,5846,5154,11000,692,8,27,토
2022-08-27,경인선,동인천,12845,12942,25787,-97,8,27,토
2022-08-27,경인선,제물포,8191,7641,15832,550,8,27,토
2022-08-27,경인선,주안,17412,15255,32667,2157,8,27,토
2022-08-27,경인선,동암,14074,14249,28323,-175,8,27,토
2022-08-27,경인선,백운,7078,6772,13850,306,8,27,토
2022-08-27,경인선,부평,30370,33914,64284,-3544,8,27,토
2022-08-27,경인선,송내,19607,19163,38770,444,8,27,토
2022-08-27,경인선,부천,30620,31111,61731,-491,8,27,토
2022-08-27,경인선,역곡,21577,21274,42851,303,8,27,토
2022-08-27,경인선,오류동,9591,8568,18159,1023,8,27,토
2022-08-27,경인선,개봉,17573,16706,34279,867,8,27,토
2022-08-27,경의선,임진강,99,72,171,27,8,27,토
2022-08-27,경의선,문산,5685,5248,10933,437,8,27,토
2022-08-27,경의선,파주,1007,732,1739,275,8,27,토
2022-08-27,경의선,월롱,1908,1682,3590,226,8,27,토
2022-08-27,경의선,금촌,6221,5688,11909,533,8,27,토
2022-08-27,경의선,금릉,4270,4090,8360,180,8,27,토
2022-08-27,경의선,운정,5537,4858,10395,679,8,27,토
2022-08-27,경의선,야당,7202,7387,14589,-185,8,27,토
2022-08-27,경의선,탄현,5958,5480,11438,478,8,27,토
2022-08-27,경의선,일산,6980,6450,13430,530,8,27,토
2022-08-27,경의선,풍산,4791,4449,9240,342,8,27,토
2022-08-27,경의선,백마,5027,4610,9637,417,8,27,토
2022-08-27,경의선,곡산,513,483,996,30,8,27,토
2022-08-27,경의선,능곡,3221,3165,6386,56,8,27,토
2022-08-27,경의선,행신,6086,6111,12197,-25,8,27,토
2022-08-27,경의선,강매,2269,2000,4269,269,8,27,토
2022-08-27,경의선,화전,1266,1238,2504,28,8,27,토
2022-08-27,경의선,수색,1862,1830,3692,32,8,27,토
2022-08-27,경의선,디지털미디어시티,2337,1987,4324,350,8,27,토
2022-08-27,경의선,가좌,4541,4254,8795,287,8,27,토
2022-08-27,경의선,홍대입구,2349,3141,5490,-792,8,27,토
2022-08-27,경의선,서강대,1780,1746,3526,34,8,27,토
2022-08-27,경의선,공덕,3247,2420,5667,827,8,27,토
2022-08-27,경의선,효창공원앞,1975,2296,4271,-321,8,27,토
2022-08-27,경의선,신촌,409,462,871,-53,8,27,토
2022-08-27,경의선,서울역,1504,1785,3289,-281,8,27,토
2022-08-27,경원선,소요산,5239,4489,9728,750,8,27,토
2022-08-27,경원선,동두천,1818,2267,4085,-449,8,27,토
2022-08-27,경원선,보산,1843,1818,3661,25,8,27,토
2022-08-27,경원선,동두천중앙,2859,2776,5635,83,8,27,토
2022-08-27,경원선,지행,6366,6159,12525,207,8,27,토
2022-08-27,경원선,덕정,5164,4571,9735,593,8,27,토
2022-08-27,경원선,덕계,2836,2570,5406,266,8,27,토
2022-08-27,경원선,양주,7198,6695,13893,503,8,27,토
2022-08-27,경원선,녹양,3918,3647,7565,271,8,27,토
2022-08-27,경원선,가능,5689,5252,10941,437,8,27,토
2022-08-27,경원선,의정부,18681,20048,38729,-1367,8,27,토
2022-08-27,경원선,회룡,10633,10545,21178,88,8,27,토
2022-08-27,경원선,망월사,6371,6366,12737,5,8,27,토
2022-08-27,경원선,도봉산,9552,6739,16291,2813,8,27,토
2022-08-27,경원선,도봉,4835,4519,9354,316,8,27,토
2022-08-27,경원선,방학,8197,7783,15980,414,8,27,토
2022-08-27,경원선,녹천,3420,2825,6245,595,8,27,토
2022-08-27,경원선,월계,5016,4579,9595,437,8,27,토
2022-08-27,경원선,광운대,5744,5629,11373,115,8,27,토
2022-08-27,경원선,석계,7183,7336,14519,-153,8,27,토
2022-08-27,경원선,신이문,6722,6066,12788,656,8,27,토
2022-08-27,경원선,외대앞,6724,6278,13002,446,8,27,토
2022-08-27,경원선,청량리(서울시립대입구),19213,20056,39269,-843,8,27,토
2022-08-27,경원선,왕십리(성동구청),13799,15854,29653,-2055,8,27,토
2022-08-27,경원선,응봉,1662,1456,3118,206,8,27,토
2022-08-27,경원선,옥수,53,38,91,15,8,27,토
2022-08-27,경원선,한남,2983,2967,5950,16,8,27,토
2022-08-27,경원선,서빙고,2722,2286,5008,436,8,27,토
2022-08-27,경원선,이촌(국립중앙박물관),3967,2658,6625,1309,8,27,토
2022-08-27,경부선,광명,3404,2907,6311,497,8,27,토
2022-08-27,경부선,서동탄,1107,1095,2202,12,8,27,토
2022-08-27,경부선,당정,4281,4048,8329,233,8,27,토
2022-08-27,경부선,천안,7255,7484,14739,-229,8,27,토
2022-08-27,경부선,두정,6145,6279,12424,-134,8,27,토
2022-08-27,경부선,직산,838,758,1596,80,8,27,토
2022-08-27,경부선,성환,3323,3020,6343,303,8,27,토
2022-08-27,경부선,평택,14771,14103,28874,668,8,27,토
2022-08-27,경부선,평택지제,3983,3662,7645,321,8,27,토
2022-08-27,경부선,서정리,8343,6463,14806,1880,8,27,토
2022-08-27,경부선,송탄,5574,4947,10521,627,8,27,토
2022-08-27,경부선,진위,1232,1062,2294,170,8,27,토
2022-08-27,경부선,오산,9990,9221,19211,769,8,27,토
2022-08-27,경부선,오산대,3208,2874,6082,334,8,27,토
2022-08-27,경부선,세마,2507,2189,4696,318,8,27,토
2022-08-27,경부선,병점,13043,12832,25875,211,8,27,토
2022-08-27,경부선,세류,2681,2637,5318,44,8,27,토
2022-08-27,경부선,독산,9684,9077,18761,607,8,27,토
2022-08-27,경부선,수원,40368,43999,84367,-3631,8,27,토
2022-08-27,경부선,화서,6105,5923,12028,182,8,27,토
2022-08-27,경부선,성균관대,11480,11600,23080,-120,8,27,토
2022-08-27,경부선,의왕,6386,6091,12477,295,8,27,토
2022-08-27,경부선,군포,4493,4180,8673,313,8,27,토
2022-08-27,경부선,금정,20973,20725,41698,248,8,27,토
2022-08-27,경부선,명학,4956,4502,9458,454,8,27,토
2022-08-27,경부선,안양,19130,19178,38308,-48,8,27,토
2022-08-27,경부선,관악,6848,6535,13383,313,8,27,토
2022-08-27,경부선,석수,7153,6615,13768,538,8,27,토
2022-08-27,경부선,금천구청,8961,8746,17707,215,8,27,토
2022-08-27,경부선,가산디지털단지,6583,8611,15194,-2028,8,27,토
2022-08-27,경부선,구로,13258,14028,27286,-770,8,27,토
2022-08-27,경부선,신길,6380,5385,11765,995,8,27,토
2022-08-27,경부선,신도림,3150,3498,6648,-348,8,27,토
2022-08-27,경부선,영등포,43077,45567,88644,-2490,8,27,토
2022-08-27,경부선,대방,7336,7798,15134,-462,8,27,토
2022-08-27,경부선,노량진,9033,8116,17149,917,8,27,토
2022-08-27,경부선,용산,41877,44326,86203,-2449,8,27,토
2022-08-27,경부선,남영,6649,6931,13580,-282,8,27,토
2022-08-27,경부선,서울역,10255,2579,12834,7676,8,27,토
2022-08-27,경강선,여주,2706,3015,5721,-309,8,27,토
2022-08-27,경강선,세종대왕릉,421,415,836,6,8,27,토
2022-08-27,경강선,부발,2288,2022,4310,266,8,27,토
2022-08-27,경강선,이천,3210,3247,6457,-37,8,27,토
2022-08-27,경강선,신둔도예촌,1395,1357,2752,38,8,27,토
2022-08-27,경강선,곤지암,2235,2305,4540,-70,8,27,토
2022-08-27,경강선,초월,2526,2308,4834,218,8,27,토
2022-08-27,경강선,경기광주,6186,5667,11853,519,8,27,토
2022-08-27,경강선,삼동,1785,1547,3332,238,8,27,토
2022-08-27,경강선,이매,979,742,1721,237,8,27,토
2022-08-27,경강선,판교,3323,3344,6667,-21,8,27,토
2022-08-27,9호선2~3단계,중앙보훈병원,5521,4950,10471,571,8,27,토
2022-08-27,9호선2~3단계,둔촌오륜,627,640,1267,-13,8,27,토
2022-08-27,9호선2~3단계,올림픽공원(한국체대),7791,7451,15242,340,8,27,토
2022-08-27,9호선2~3단계,한성백제,2206,2007,4213,199,8,27,토
2022-08-27,9호선2~3단계,송파나루,4268,4790,9058,-522,8,27,토
2022-08-27,9호선2~3단계,석촌,7570,6299,13869,1271,8,27,토
2022-08-27,9호선2~3단계,석촌고분,4621,4477,9098,144,8,27,토
2022-08-27,9호선2~3단계,삼전,5498,4898,10396,600,8,27,토
2022-08-27,9호선2~3단계,종합운동장,3927,3866,7793,61,8,27,토
2022-08-27,9호선2~3단계,봉은사,17056,18456,35512,-1400,8,27,토
2022-08-27,9호선2~3단계,삼성중앙,3492,3493,6985,-1,8,27,토
2022-08-27,9호선2~3단계,선정릉,5296,6123,11419,-827,8,27,토
2022-08-27,9호선2~3단계,언주,6856,6799,13655,57,8,27,토
2022-08-27,9호선,신논현,27897,28278,56175,-381,8,27,토
2022-08-27,9호선,사평,2969,2511,5480,458,8,27,토
2022-08-27,9호선,고속터미널,24784,32235,57019,-7451,8,27,토
2022-08-27,9호선,신반포,7460,9800,17260,-2340,8,27,토
2022-08-27,9호선,구반포,1211,1215,2426,-4,8,27,토
2022-08-27,9호선,동작(현충원),1769,1533,3302,236,8,27,토
2022-08-27,9호선,흑석(중앙대입구),6391,6383,12774,8,8,27,토
2022-08-27,9호선,노들,4387,3727,8114,660,8,27,토
2022-08-27,9호선,노량진,22855,22681,45536,174,8,27,토
2022-08-27,9호선,샛강,3352,3231,6583,121,8,27,토
2022-08-27,9호선,여의도,14460,14231,28691,229,8,27,토
2022-08-27,9호선,국회의사당,4909,5167,10076,-258,8,27,토
2022-08-27,9호선,당산,14854,14246,29100,608,8,27,토
2022-08-27,9호선,선유도,4559,4020,8579,539,8,27,토
2022-08-27,9호선,신목동,2807,2335,5142,472,8,27,토
2022-08-27,9호선,염창,13180,11915,25095,1265,8,27,토
2022-08-27,9호선,등촌,7787,7211,14998,576,8,27,토
2022-08-27,9호선,증미,4459,4095,8554,364,8,27,토
2022-08-27,9호선,가양,16554,15973,32527,581,8,27,토
2022-08-27,9호선,양천향교,6152,5745,11897,407,8,27,토
2022-08-27,9호선,마곡나루(서울식물원),8705,8519,17224,186,8,27,토
2022-08-27,9호선,신방화,5021,4696,9717,325,8,27,토
2022-08-27,9호선,공항시장,2388,2506,4894,-118,8,27,토
2022-08-27,9호선,김포공항,8175,12379,20554,-4204,8,27,토
2022-08-27,9호선,개화,1648,1317,2965,331,8,27,토
2022-08-27,8호선,남위례,4138,4161,8299,-23,8,27,토
2022-08-27,8호선,모란,3856,3454,7310,402,8,27,토
2022-08-27,8호선,수진,4464,3904,8368,560,8,27,토
2022-08-27,8호선,신흥,3655,3803,7458,-148,8,27,토
2022-08-27,8호선,단대오거리,8202,7535,15737,667,8,27,토
2022-08-27,8호선,남한산성입구(성남법원.검찰청),9794,8394,18188,1400,8,27,토
2022-08-27,8호선,산성,4454,4487,8941,-33,8,27,토
2022-08-27,8호선,복정,6602,5607,12209,995,8,27,토
2022-08-27,8호선,장지,12666,11330,23996,1336,8,27,토
2022-08-27,8호선,문정,9123,9188,18311,-65,8,27,토
2022-08-27,8호선,가락시장,5789,5973,11762,-184,8,27,토
2022-08-27,8호선,송파,6253,5812,12065,441,8,27,토
2022-08-27,8호선,석촌,5936,7494,13430,-1558,8,27,토
2022-08-27,8호선,잠실(송파구청),14176,16577,30753,-2401,8,27,토
2022-08-27,8호선,몽촌토성(평화의문),5094,5091,10185,3,8,27,토
2022-08-27,8호선,강동구청,6702,6548,13250,154,8,27,토
2022-08-27,8호선,천호(풍납토성),12239,14659,26898,-2420,8,27,토
2022-08-27,8호선,암사,13355,11806,25161,1549,8,27,토
2022-08-27,7호선,부평구청,1,0,1,1,8,27,토
2022-08-27,7호선,까치울,1,0,1,1,8,27,토
2022-08-27,7호선,온수(성공회대입구),5896,5893,11789,3,8,27,토
2022-08-27,7호선,천왕,7350,6937,14287,413,8,27,토
2022-08-27,7호선,광명사거리,17584,17504,35088,80,8,27,토
2022-08-27,7호선,철산,16799,16651,33450,148,8,27,토
2022-08-27,7호선,가산디지털단지,14613,13100,27713,1513,8,27,토
2022-08-27,7호선,남구로,8589,9066,17655,-477,8,27,토
2022-08-27,7호선,대림(구로구청),7438,8193,15631,-755,8,27,토
2022-08-27,7호선,신풍,8569,8043,16612,526,8,27,토
2022-08-27,7호선,보라매,5760,5470,11230,290,8,27,토
2022-08-27,7호선,신대방삼거리,11458,10523,21981,935,8,27,토
2022-08-27,7호선,장승배기,6949,6536,13485,413,8,27,토
2022-08-27,7호선,상도,8340,7618,15958,722,8,27,토
2022-08-27,7호선,숭실대입구(살피재),8529,8498,17027,31,8,27,토
2022-08-27,7호선,남성,8250,7434,15684,816,8,27,토
2022-08-27,7호선,이수,12663,12305,24968,358,8,27,토
2022-08-27,7호선,내방,8354,8166,16520,188,8,27,토
2022-08-27,7호선,고속터미널,17596,13565,31161,4031,8,27,토
2022-08-27,7호선,반포,5517,5908,11425,-391,8,27,토
2022-08-27,7호선,논현,10876,11748,22624,-872,8,27,토
2022-08-27,7호선,학동,12024,12656,24680,-632,8,27,토
2022-08-27,7호선,강남구청,10757,12076,22833,-1319,8,27,토
2022-08-27,7호선,청담,12135,13287,25422,-1152,8,27,토
2022-08-27,7호선,뚝섬유원지,15908,15012,30920,896,8,27,토
2022-08-27,7호선,건대입구,11778,13190,24968,-1412,8,27,토
2022-08-27,7호선,어린이대공원(세종대),13750,13431,27181,319,8,27,토
2022-08-27,7호선,군자(능동),11821,8637,20458,3184,8,27,토
2022-08-27,7호선,중곡,7307,6722,14029,585,8,27,토
2022-08-27,7호선,용마산(용마폭포공원),5015,4919,9934,96,8,27,토
2022-08-27,7호선,사가정,12918,12148,25066,770,8,27,토
2022-08-27,7호선,면목,11740,11021,22761,719,8,27,토
2022-08-27,7호선,상봉(시외버스터미널),14414,13958,28372,456,8,27,토
2022-08-27,7호선,중화,8074,7509,15583,565,8,27,토
2022-08-27,7호선,먹골,8139,7736,15875,403,8,27,토
2022-08-27,7호선,태릉입구,7220,6820,14040,400,8,27,토
2022-08-27,7호선,공릉(서울과학기술대),9084,8758,17842,326,8,27,토
2022-08-27,7호선,하계,13031,11941,24972,1090,8,27,토
2022-08-27,7호선,중계,10007,8886,18893,1121,8,27,토
2022-08-27,7호선,노원,16614,17406,34020,-792,8,27,토
2022-08-27,7호선,마들,9920,9024,18944,896,8,27,토
2022-08-27,7호선,수락산,10955,10668,21623,287,8,27,토
2022-08-27,7호선,도봉산,7244,9566,16810,-2322,8,27,토
2022-08-27,7호선,장암,1904,1325,3229,579,8,27,토
2022-08-27,6호선,신내,1,0,1,1,8,27,토
2022-08-27,6호선,봉화산(서울의료원),5870,5519,11389,351,8,27,토
2022-08-27,6호선,화랑대(서울여대입구),7860,6299,14159,1561,8,27,토
2022-08-27,6호선,태릉입구,4584,4881,9465,-297,8,27,토
2022-08-27,6호선,석계,9257,9047,18304,210,8,27,토
2022-08-27,6호선,돌곶이,6758,6006,12764,752,8,27,토
2022-08-27,6호선,상월곡(한국과학기술연구원),4348,3805,8153,543,8,27,토
2022-08-27,6호선,월곡(동덕여대),8089,7610,15699,479,8,27,토
2022-08-27,6호선,고려대(종암),5818,5446,11264,372,8,27,토
2022-08-27,6호선,안암(고대병원앞),7288,7179,14467,109,8,27,토
2022-08-27,6호선,보문,5687,4977,10664,710,8,27,토
2022-08-27,6호선,창신,2345,1921,4266,424,8,27,토
2022-08-27,6호선,동묘앞,8170,7921,16091,249,8,27,토
2022-08-27,6호선,신당,6096,5831,11927,265,8,27,토
2022-08-27,6호선,청구,2708,2580,5288,128,8,27,토
2022-08-27,6호선,약수,2589,2639,5228,-50,8,27,토
2022-08-27,6호선,버티고개,1538,1646,3184,-108,8,27,토
2022-08-27,6호선,한강진,8755,11592,20347,-2837,8,27,토
2022-08-27,6호선,이태원,17334,22659,39993,-5325,8,27,토
2022-08-27,6호선,녹사평(용산구청),6458,7984,14442,-1526,8,27,토
2022-08-27,6호선,삼각지,6758,4814,11572,1944,8,27,토
2022-08-27,6호선,효창공원앞,4966,4413,9379,553,8,27,토
2022-08-27,6호선,공덕,10927,10601,21528,326,8,27,토
2022-08-27,6호선,대흥(서강대앞),5958,5987,11945,-29,8,27,토
2022-08-27,6호선,광흥창(서강),5649,5216,10865,433,8,27,토
2022-08-27,6호선,상수,9330,12116,21446,-2786,8,27,토
2022-08-27,6호선,합정,13950,12973,26923,977,8,27,토
2022-08-27,6호선,망원,14749,16164,30913,-1415,8,27,토
2022-08-27,6호선,마포구청,10558,8991,19549,1567,8,27,토
2022-08-27,6호선,월드컵경기장(성산),6073,6074,12147,-1,8,27,토
2022-08-27,6호선,디지털미디어시티,8441,8526,16967,-85,8,27,토
2022-08-27,6호선,증산(명지대앞),7665,7396,15061,269,8,27,토
2022-08-27,6호선,새절(신사),9013,8249,17262,764,8,27,토
2022-08-27,6호선,구산,5954,4285,10239,1669,8,27,토
2022-08-27,6호선,독바위,2128,2378,4506,-250,8,27,토
2022-08-27,6호선,불광,3880,3713,7593,167,8,27,토
2022-08-27,6호선,역촌,3030,3188,6218,-158,8,27,토
2022-08-27,6호선,응암,12972,12752,25724,220,8,27,토
2022-08-27,5호선,하남검단산,6127,5936,12063,191,8,27,토
2022-08-27,5호선,하남시청(덕풍·신장),6177,5739,11916,438,8,27,토
2022-08-27,5호선,하남풍산,2960,2956,5916,4,8,27,토
2022-08-27,5호선,미사,13411,13259,26670,152,8,27,토
2022-08-27,5호선,강일,3595,3187,6782,408,8,27,토
2022-08-27,5호선,마천,5168,5124,10292,44,8,27,토
2022-08-27,5호선,거여,6847,6219,13066,628,8,27,토
2022-08-27,5호선,개롱,4434,4599,9033,-165,8,27,토
2022-08-27,5호선,오금,2118,1860,3978,258,8,27,토
2022-08-27,5호선,방이,5520,5357,10877,163,8,27,토
2022-08-27,5호선,올림픽공원(한국체대),4101,3855,7956,246,8,27,토
2022-08-27,5호선,둔촌동,6094,6074,12168,20,8,27,토
2022-08-27,5호선,상일동,10089,9190,19279,899,8,27,토
2022-08-27,5호선,고덕,6980,6741,13721,239,8,27,토
2022-08-27,5호선,명일,6533,6364,12897,169,8,27,토
2022-08-27,5호선,굽은다리(강동구민회관앞),7521,6919,14440,602,8,27,토
2022-08-27,5호선,길동,6306,6342,12648,-36,8,27,토
2022-08-27,5호선,강동,14377,13550,27927,827,8,27,토
2022-08-27,5호선,천호(풍납토성),18159,17538,35697,621,8,27,토
2022-08-27,5호선,광나루(장신대),12306,12047,24353,259,8,27,토
2022-08-27,5호선,아차산(어린이대공원후문),13723,12617,26340,1106,8,27,토
2022-08-27,5호선,군자(능동),8799,9926,18725,-1127,8,27,토
2022-08-27,5호선,장한평,12618,12193,24811,425,8,27,토
2022-08-27,5호선,답십리,11515,10139,21654,1376,8,27,토
2022-08-27,5호선,마장,4313,4039,8352,274,8,27,토
2022-08-27,5호선,왕십리(성동구청),3456,4511,7967,-1055,8,27,토
2022-08-27,5호선,행당,6091,5127,11218,964,8,27,토
2022-08-27,5호선,신금호,4388,4604,8992,-216,8,27,토
2022-08-27,5호선,청구,2741,2447,5188,294,8,27,토
2022-08-27,5호선,동대문역사문화공원(DDP),1191,1654,2845,-463,8,27,토
2022-08-27,5호선,을지로4가,3905,4429,8334,-524,8,27,토
2022-08-27,5호선,종로3가,14296,15078,29374,-782,8,27,토
2022-08-27,5호선,광화문(세종문화회관),21550,22419,43969,-869,8,27,토
2022-08-27,5호선,서대문,8105,7883,15988,222,8,27,토
2022-08-27,5호선,충정로(경기대입구),2061,1816,3877,245,8,27,토
2022-08-27,5호선,애오개,3942,3824,7766,118,8,27,토
2022-08-27,5호선,공덕,7919,8328,16247,-409,8,27,토
2022-08-27,5호선,마포,8075,8133,16208,-58,8,27,토
2022-08-27,5호선,여의나루,23694,24663,48357,-969,8,27,토
2022-08-27,5호선,여의도,12905,14642,27547,-1737,8,27,토
2022-08-27,5호선,신길,3063,3097,6160,-34,8,27,토
2022-08-27,5호선,영등포시장,9146,9442,18588,-296,8,27,토
2022-08-27,5호선,영등포구청,2276,2102,4378,174,8,27,토
2022-08-27,5호선,양평,4054,3641,7695,413,8,27,토
2022-08-27,5호선,오목교(목동운동장앞),17189,17879,35068,-690,8,27,토
2022-08-27,5호선,목동,12316,12226,24542,90,8,27,토
2022-08-27,5호선,신정(은행정),9611,8070,17681,1541,8,27,토
2022-08-27,5호선,까치산,22612,21022,43634,1590,8,27,토
2022-08-27,5호선,화곡,21827,19481,41308,2346,8,27,토
2022-08-27,5호선,우장산,10778,10367,21145,411,8,27,토
2022-08-27,5호선,발산,14028,15281,29309,-1253,8,27,토
2022-08-27,5호선,마곡,5977,6159,12136,-182,8,27,토
2022-08-27,5호선,송정,5431,4941,10372,490,8,27,토
2022-08-27,5호선,김포공항,7991,7951,15942,40,8,27,토
2022-08-27,5호선,개화산,3935,3762,7697,173,8,27,토
2022-08-27,5호선,방화,5080,4825,9905,255,8,27,토
2022-08-27,4호선,남태령,1564,865,2429,699,8,27,토
2022-08-27,4호선,사당,23489,20887,44376,2602,8,27,토
2022-08-27,4호선,총신대입구(이수),15384,16770,32154,-1386,8,27,토
2022-08-27,4호선,동작(현충원),2282,2269,4551,13,8,27,토
2022-08-27,4호선,이촌(국립중앙박물관),11518,12725,24243,-1207,8,27,토
2022-08-27,4호선,신용산,12812,14032,26844,-1220,8,27,토
2022-08-27,4호선,삼각지,4441,5964,10405,-1523,8,27,토
2022-08-27,4호선,숙대입구(갈월),10428,10144,20572,284,8,27,토
2022-08-27,4호선,서울역,6670,16355,23025,-9685,8,27,토
2022-08-27,4호선,회현(남대문시장),19310,20142,39452,-832,8,27,토
2022-08-27,4호선,명동,18150,20821,38971,-2671,8,27,토
2022-08-27,4호선,충무로,14067,16395,30462,-2328,8,27,토
2022-08-27,4호선,동대문역사문화공원(DDP),12884,11378,24262,1506,8,27,토
2022-08-27,4호선,동대문,14750,14962,29712,-212,8,27,토
2022-08-27,4호선,혜화,32921,35051,67972,-2130,8,27,토
2022-08-27,4호선,한성대입구(삼선교),11096,10742,21838,354,8,27,토
2022-08-27,4호선,성신여대입구(돈암),17366,16391,33757,975,8,27,토
2022-08-27,4호선,길음,16296,15054,31350,1242,8,27,토
2022-08-27,4호선,미아사거리,23765,22378,46143,1387,8,27,토
2022-08-27,4호선,미아(서울사이버대학),11451,10450,21901,1001,8,27,토
2022-08-27,4호선,수유(강북구청),28035,27446,55481,589,8,27,토
2022-08-27,4호선,쌍문,22746,19754,42500,2992,8,27,토
2022-08-27,4호선,창동,21316,22393,43709,-1077,8,27,토
2022-08-27,4호선,노원,16663,18687,35350,-2024,8,27,토
2022-08-27,4호선,상계,14967,13650,28617,1317,8,27,토
2022-08-27,4호선,당고개,7884,7088,14972,796,8,27,토
2022-08-27,3호선,오금,3881,3589,7470,292,8,27,토
2022-08-27,3호선,경찰병원,4132,3960,8092,172,8,27,토
2022-08-27,3호선,가락시장,6946,6706,13652,240,8,27,토
2022-08-27,3호선,수서,14697,14688,29385,9,8,27,토
2022-08-27,3호선,일원,5990,5765,11755,225,8,27,토
2022-08-27,3호선,대청,6398,5811,12209,587,8,27,토
2022-08-27,3호선,학여울,4729,5239,9968,-510,8,27,토
2022-08-27,3호선,대치,11809,10424,22233,1385,8,27,토
2022-08-27,3호선,도곡,3996,4293,8289,-297,8,27,토
2022-08-27,3호선,매봉,6604,6283,12887,321,8,27,토
2022-08-27,3호선,양재(서초구청),21823,24008,45831,-2185,8,27,토
2022-08-27,3호선,남부터미널(예술의전당),23346,23031,46377,315,8,27,토
2022-08-27,3호선,교대(법원.검찰청),8226,5139,13365,3087,8,27,토
2022-08-27,3호선,고속터미널,70736,61116,131852,9620,8,27,토
2022-08-27,3호선,잠원,4127,3696,7823,431,8,27,토
2022-08-27,3호선,신사,25055,27196,52251,-2141,8,27,토
2022-08-27,3호선,압구정,26743,28827,55570,-2084,8,27,토
2022-08-27,3호선,옥수,7707,7574,15281,133,8,27,토
2022-08-27,3호선,금호,6245,5621,11866,624,8,27,토
2022-08-27,3호선,약수,9672,9224,18896,448,8,27,토
2022-08-27,3호선,동대입구,9343,10878,20221,-1535,8,27,토
2022-08-27,3호선,충무로,1,0,1,1,8,27,토
2022-08-27,3호선,을지로3가,5821,6282,12103,-461,8,27,토
2022-08-27,3호선,종로3가,6448,9584,16032,-3136,8,27,토
2022-08-27,3호선,안국,19386,21461,40847,-2075,8,27,토
2022-08-27,3호선,경복궁(정부서울청사),19009,21848,40857,-2839,8,27,토
2022-08-27,3호선,독립문,6332,6729,13061,-397,8,27,토
2022-08-27,3호선,무악재,2974,2969,5943,5,8,27,토
2022-08-27,3호선,홍제,14054,13244,27298,810,8,27,토
2022-08-27,3호선,녹번,11256,9500,20756,1756,8,27,토
2022-08-27,3호선,불광,13510,15281,28791,-1771,8,27,토
2022-08-27,3호선,연신내,30759,28377,59136,2382,8,27,토
2022-08-27,3호선,구파발,16729,17179,33908,-450,8,27,토
2022-08-27,3호선,지축,3984,3604,7588,380,8,27,토
2022-08-27,2호선,용두(동대문구청),2027,1909,3936,118,8,27,토
2022-08-27,2호선,신정네거리,8197,7983,16180,214,8,27,토
2022-08-27,2호선,양천구청,4643,4553,9196,90,8,27,토
2022-08-27,2호선,도림천,818,806,1624,12,8,27,토
2022-08-27,2호선,신설동,3662,3488,7150,174,8,27,토
2022-08-27,2호선,신답,1133,1195,2328,-62,8,27,토
2022-08-27,2호선,용답,2347,2086,4433,261,8,27,토
2022-08-27,2호선,충정로(경기대입구),6237,6655,12892,-418,8,27,토
2022-08-27,2호선,아현,8140,7549,15689,591,8,27,토
2022-08-27,2호선,이대,11417,11739,23156,-322,8,27,토
2022-08-27,2호선,신촌,32583,33368,65951,-785,8,27,토
2022-08-27,2호선,홍대입구,72314,82372,154686,-10058,8,27,토
2022-08-27,2호선,합정,30880,35801,66681,-4921,8,27,토
2022-08-27,2호선,당산,14169,15227,29396,-1058,8,27,토
2022-08-27,2호선,영등포구청,13116,14069,27185,-953,8,27,토
2022-08-27,2호선,문래,13735,14845,28580,-1110,8,27,토
2022-08-27,2호선,신도림,42254,43313,85567,-1059,8,27,토
2022-08-27,2호선,대림(구로구청),18781,19790,38571,-1009,8,27,토
2022-08-27,2호선,구로디지털단지,36166,35326,71492,840,8,27,토
2022-08-27,2호선,신대방,20814,19310,40124,1504,8,27,토
2022-08-27,2호선,신림,49447,46546,95993,2901,8,27,토
2022-08-27,2호선,봉천,18439,16542,34981,1897,8,27,토
2022-08-27,2호선,서울대입구(관악구청),39403,37244,76647,2159,8,27,토
2022-08-27,2호선,낙성대(강감찬),22760,20961,43721,1799,8,27,토
2022-08-27,2호선,사당,33964,37920,71884,-3956,8,27,토
2022-08-27,2호선,방배,10210,10477,20687,-267,8,27,토
2022-08-27,2호선,서초,12867,11049,23916,1818,8,27,토
2022-08-27,2호선,교대(법원.검찰청),18731,21873,40604,-3142,8,27,토
2022-08-27,2호선,강남,60106,60754,120860,-648,8,27,토
2022-08-27,2호선,역삼,18247,20585,38832,-2338,8,27,토
2022-08-27,2호선,선릉,26842,23248,50090,3594,8,27,토
2022-08-27,2호선,삼성(무역센터),36515,35860,72375,655,8,27,토
2022-08-27,2호선,종합운동장,17598,19066,36664,-1468,8,27,토
2022-08-27,2호선,잠실새내,18416,19258,37674,-842,8,27,토
2022-08-27,2호선,잠실(송파구청),72115,69331,141446,2784,8,27,토
2022-08-27,2호선,잠실나루,8251,8036,16287,215,8,27,토
2022-08-27,2호선,강변(동서울터미널),31424,32251,63675,-827,8,27,토
2022-08-27,2호선,구의(광진구청),17344,16489,33833,855,8,27,토
2022-08-27,2호선,건대입구,36095,39980,76075,-3885,8,27,토
2022-08-27,2호선,성수,22442,27029,49471,-4587,8,27,토
2022-08-27,2호선,뚝섬,16550,17156,33706,-606,8,27,토
2022-08-27,2호선,한양대,5368,5430,10798,-62,8,27,토
2022-08-27,2호선,왕십리(성동구청),13959,12070,26029,1889,8,27,토
2022-08-27,2호선,상왕십리,10340,9648,19988,692,8,27,토
2022-08-27,2호선,신당,11799,12260,24059,-461,8,27,토
2022-08-27,2호선,동대문역사문화공원(DDP),11198,12788,23986,-1590,8,27,토
2022-08-27,2호선,을지로4가,8644,9031,17675,-387,8,27,토
2022-08-27,2호선,을지로3가,12460,12398,24858,62,8,27,토
2022-08-27,2호선,을지로입구,25192,25200,50392,-8,8,27,토
2022-08-27,2호선,시청,11196,9984,21180,1212,8,27,토
2022-08-27,1호선,동묘앞,12403,12783,25186,-380,8,27,토
2022-08-27,1호선,청량리(서울시립대입구),20007,20362,40369,-355,8,27,토
2022-08-27,1호선,제기동,18062,18818,36880,-756,8,27,토
2022-08-27,1호선,신설동,10167,9701,19868,466,8,27,토
2022-08-27,1호선,동대문,10694,10415,21109,279,8,27,토
2022-08-27,1호선,종로3가,25944,24527,50471,1417,8,27,토
2022-08-27,1호선,종각,23050,21733,44783,1317,8,27,토
2022-08-27,1호선,시청,14422,14671,29093,-249,8,27,토
2022-08-27,1호선,서울역,39242,38664,77906,578,8,27,토
2022-08-28,9호선,여의도,11049,10120,21169,929,8,28,일
2022-08-28,1호선,서울역,32602,30503,63105,2099,8,28,일
2022-08-28,1호선,시청,13579,13379,26958,200,8,28,일
2022-08-28,1호선,종각,15231,12928,28159,2303,8,28,일
2022-08-28,1호선,종로3가,16819,14418,31237,2401,8,28,일
2022-08-28,1호선,종로5가,11456,11123,22579,333,8,28,일
2022-08-28,1호선,동대문,10121,10565,20686,-444,8,28,일
2022-08-28,1호선,신설동,8098,8213,16311,-115,8,28,일
2022-08-28,1호선,제기동,11928,12920,24848,-992,8,28,일
2022-08-28,1호선,청량리(서울시립대입구),14410,14628,29038,-218,8,28,일
2022-08-28,1호선,동묘앞,13286,13183,26469,103,8,28,일
2022-08-28,2호선,을지로입구,18709,17927,36636,782,8,28,일
2022-08-28,2호선,을지로3가,9691,9501,19192,190,8,28,일
2022-08-28,2호선,을지로4가,4693,4437,9130,256,8,28,일
2022-08-28,2호선,동대문역사문화공원(DDP),9246,11263,20509,-2017,8,28,일
2022-08-28,2호선,신당,8686,9173,17859,-487,8,28,일
2022-08-28,2호선,상왕십리,7252,7386,14638,-134,8,28,일
2022-08-28,2호선,왕십리(성동구청),9963,8566,18529,1397,8,28,일
2022-08-28,2호선,한양대,2862,3363,6225,-501,8,28,일
2022-08-28,2호선,뚝섬,12521,12203,24724,318,8,28,일
2022-08-28,2호선,성수,15663,18207,33870,-2544,8,28,일
2022-08-28,2호선,건대입구,27522,29119,56641,-1597,8,28,일
2022-08-28,2호선,구의(광진구청),11999,12032,24031,-33,8,28,일
2022-08-28,2호선,강변(동서울터미널),25721,24548,50269,1173,8,28,일
2022-08-28,2호선,잠실나루,5992,6000,11992,-8,8,28,일
2022-08-28,2호선,잠실(송파구청),52049,48982,101031,3067,8,28,일
2022-08-28,2호선,잠실새내,12379,12561,24940,-182,8,28,일
2022-08-28,2호선,종합운동장,12085,12789,24874,-704,8,28,일
2022-08-28,2호선,삼성(무역센터),27134,25434,52568,1700,8,28,일
2022-08-28,2호선,선릉,14323,12228,26551,2095,8,28,일
2022-08-28,2호선,역삼,11805,12902,24707,-1097,8,28,일
2022-08-28,2호선,강남,35379,34118,69497,1261,8,28,일
2022-08-28,2호선,교대(법원.검찰청),11488,12731,24219,-1243,8,28,일
2022-08-28,2호선,서초,13011,12310,25321,701,8,28,일
2022-08-28,2호선,방배,7289,7563,14852,-274,8,28,일
2022-08-28,2호선,사당,23306,25951,49257,-2645,8,28,일
2022-08-28,2호선,낙성대(강감찬),16728,17021,33749,-293,8,28,일
2022-08-28,2호선,서울대입구(관악구청),27855,28555,56410,-700,8,28,일
2022-08-28,2호선,봉천,13087,12553,25640,534,8,28,일
2022-08-28,2호선,신림,36999,36144,73143,855,8,28,일
2022-08-28,2호선,신대방,15877,15493,31370,384,8,28,일
2022-08-28,2호선,구로디지털단지,25325,24905,50230,420,8,28,일
2022-08-28,2호선,대림(구로구청),16288,16792,33080,-504,8,28,일
2022-08-28,2호선,신도림,30151,30905,61056,-754,8,28,일
2022-08-28,2호선,문래,8841,9441,18282,-600,8,28,일
2022-08-28,2호선,영등포구청,8339,8600,16939,-261,8,28,일
2022-08-28,2호선,당산,9705,10194,19899,-489,8,28,일
2022-08-28,2호선,합정,23045,24822,47867,-1777,8,28,일
2022-08-28,2호선,홍대입구,57285,57799,115084,-514,8,28,일
2022-08-28,2호선,신촌,23953,23476,47429,477,8,28,일
2022-08-28,2호선,이대,8082,8682,16764,-600,8,28,일
2022-08-28,2호선,아현,5842,5685,11527,157,8,28,일
2022-08-28,2호선,충정로(경기대입구),3999,4370,8369,-371,8,28,일
2022-08-28,2호선,용답,1904,1796,3700,108,8,28,일
2022-08-28,2호선,신답,843,873,1716,-30,8,28,일
2022-08-28,2호선,신설동,3475,3342,6817,133,8,28,일
2022-08-28,2호선,도림천,475,495,970,-20,8,28,일
2022-08-28,2호선,양천구청,3598,3672,7270,-74,8,28,일
2022-08-28,2호선,신정네거리,5621,5628,11249,-7,8,28,일
2022-08-28,2호선,용두(동대문구청),1151,1151,2302,0,8,28,일
2022-08-28,3호선,지축,2904,2743,5647,161,8,28,일
2022-08-28,3호선,구파발,12546,13389,25935,-843,8,28,일
2022-08-28,3호선,연신내,22432,21296,43728,1136,8,28,일
2022-08-28,3호선,불광,10300,11442,21742,-1142,8,28,일
2022-08-28,3호선,녹번,7782,7095,14877,687,8,28,일
2022-08-28,3호선,홍제,10109,9747,19856,362,8,28,일
2022-08-28,3호선,무악재,1978,2113,4091,-135,8,28,일
2022-08-28,3호선,독립문,4780,5087,9867,-307,8,28,일
2022-08-28,3호선,경복궁(정부서울청사),15570,17795,33365,-2225,8,28,일
2022-08-28,3호선,안국,14213,14530,28743,-317,8,28,일
2022-08-28,3호선,종로3가,4297,5676,9973,-1379,8,28,일
2022-08-28,3호선,을지로3가,4020,3607,7627,413,8,28,일
2022-08-28,3호선,충무로,2,0,2,2,8,28,일
2022-08-28,3호선,동대입구,9033,9856,18889,-823,8,28,일
2022-08-28,3호선,약수,7288,6973,14261,315,8,28,일
2022-08-28,3호선,금호,4457,4267,8724,190,8,28,일
2022-08-28,3호선,옥수,5568,5798,11366,-230,8,28,일
2022-08-28,3호선,압구정,15644,16437,32081,-793,8,28,일
2022-08-28,3호선,신사,14531,14574,29105,-43,8,28,일
2022-08-28,3호선,고속터미널,49017,44899,93916,4118,8,28,일
2022-08-28,3호선,교대(법원.검찰청),5019,3047,8066,1972,8,28,일
2022-08-28,3호선,남부터미널(예술의전당),16708,17290,33998,-582,8,28,일
2022-08-28,3호선,양재(서초구청),14198,16417,30615,-2219,8,28,일
2022-08-28,3호선,매봉,4235,4145,8380,90,8,28,일
2022-08-28,3호선,도곡,2034,2195,4229,-161,8,28,일
2022-08-28,3호선,대치,7777,6494,14271,1283,8,28,일
2022-08-28,3호선,학여울,3346,3784,7130,-438,8,28,일
2022-08-28,3호선,대청,4367,4322,8689,45,8,28,일
2022-08-28,3호선,일원,3976,4077,8053,-101,8,28,일
2022-08-28,3호선,수서,11148,11280,22428,-132,8,28,일
2022-08-28,3호선,가락시장,4109,4221,8330,-112,8,28,일
2022-08-28,3호선,경찰병원,2854,2960,5814,-106,8,28,일
2022-08-28,3호선,오금,2962,2935,5897,27,8,28,일
2022-08-28,4호선,당고개,5933,5615,11548,318,8,28,일
2022-08-28,4호선,상계,11006,9923,20929,1083,8,28,일
2022-08-28,4호선,노원,12262,13369,25631,-1107,8,28,일
2022-08-28,4호선,창동,15873,16524,32397,-651,8,28,일
2022-08-28,4호선,쌍문,16910,15262,32172,1648,8,28,일
2022-08-28,4호선,수유(강북구청),20794,20197,40991,597,8,28,일
2022-08-28,4호선,미아(서울사이버대학),8480,7843,16323,637,8,28,일
2022-08-28,4호선,미아사거리,16729,15848,32577,881,8,28,일
2022-08-28,4호선,길음,11230,10895,22125,335,8,28,일
2022-08-28,4호선,성신여대입구(돈암),12886,12452,25338,434,8,28,일
2022-08-28,4호선,한성대입구(삼선교),8124,8184,16308,-60,8,28,일
2022-08-28,4호선,혜화,25687,27553,53240,-1866,8,28,일
2022-08-28,4호선,동대문,7724,8433,16157,-709,8,28,일
2022-08-28,4호선,동대문역사문화공원(DDP),10550,9673,20223,877,8,28,일
2022-08-28,4호선,충무로,8968,10314,19282,-1346,8,28,일
2022-08-28,4호선,명동,15062,16279,31341,-1217,8,28,일
2022-08-28,4호선,회현(남대문시장),9726,9584,19310,142,8,28,일
2022-08-28,4호선,서울역,5077,13353,18430,-8276,8,28,일
2022-08-28,4호선,숙대입구(갈월),8326,8282,16608,44,8,28,일
2022-08-28,4호선,삼각지,3459,4671,8130,-1212,8,28,일
2022-08-28,4호선,신용산,9540,10025,19565,-485,8,28,일
2022-08-28,4호선,이촌(국립중앙박물관),8359,9102,17461,-743,8,28,일
2022-08-28,4호선,동작(현충원),1424,1549,2973,-125,8,28,일
2022-08-28,4호선,총신대입구(이수),11047,12097,23144,-1050,8,28,일
2022-08-28,4호선,사당,16750,15615,32365,1135,8,28,일
2022-08-28,4호선,남태령,946,674,1620,272,8,28,일
2022-08-28,5호선,방화,3749,3570,7319,179,8,28,일
2022-08-28,5호선,개화산,2821,2872,5693,-51,8,28,일
2022-08-28,5호선,김포공항,7174,6950,14124,224,8,28,일
2022-08-28,5호선,송정,3918,3837,7755,81,8,28,일
2022-08-28,5호선,마곡,3847,4205,8052,-358,8,28,일
2022-08-28,5호선,발산,9245,9947,19192,-702,8,28,일
2022-08-28,5호선,우장산,7359,7576,14935,-217,8,28,일
2022-08-28,5호선,화곡,15136,14367,29503,769,8,28,일
2022-08-28,5호선,까치산,16416,15915,32331,501,8,28,일
2022-08-28,5호선,신정(은행정),6623,5962,12585,661,8,28,일
2022-08-28,5호선,목동,8370,8552,16922,-182,8,28,일
2022-08-28,5호선,오목교(목동운동장앞),12088,12506,24594,-418,8,28,일
2022-08-28,5호선,양평,2933,2868,5801,65,8,28,일
2022-08-28,5호선,영등포구청,1489,1494,2983,-5,8,28,일
2022-08-28,5호선,영등포시장,6308,6728,13036,-420,8,28,일
2022-08-28,5호선,신길,2251,2449,4700,-198,8,28,일
2022-08-28,5호선,여의도,9285,10259,19544,-974,8,28,일
2022-08-28,5호선,여의나루,18875,19241,38116,-366,8,28,일
2022-08-28,5호선,마포,5162,5294,10456,-132,8,28,일
2022-08-28,5호선,공덕,5104,5195,10299,-91,8,28,일
2022-08-28,5호선,애오개,2834,2897,5731,-63,8,28,일
2022-08-28,5호선,충정로(경기대입구),1700,1599,3299,101,8,28,일
2022-08-28,5호선,서대문,5722,5801,11523,-79,8,28,일
2022-08-28,5호선,광화문(세종문화회관),16877,17138,34015,-261,8,28,일
2022-08-28,5호선,종로3가,10193,9130,19323,1063,8,28,일
2022-08-28,5호선,을지로4가,2143,2304,4447,-161,8,28,일
2022-08-28,5호선,동대문역사문화공원(DDP),1019,1159,2178,-140,8,28,일
2022-08-28,5호선,청구,2004,1883,3887,121,8,28,일
2022-08-28,5호선,신금호,3068,3390,6458,-322,8,28,일
2022-08-28,5호선,행당,4370,3940,8310,430,8,28,일
2022-08-28,5호선,왕십리(성동구청),2582,3065,5647,-483,8,28,일
2022-08-28,5호선,마장,3129,3023,6152,106,8,28,일
2022-08-28,5호선,답십리,8469,7852,16321,617,8,28,일
2022-08-28,5호선,장한평,8548,8392,16940,156,8,28,일
2022-08-28,5호선,군자(능동),6576,7371,13947,-795,8,28,일
2022-08-28,5호선,아차산(어린이대공원후문),10933,10896,21829,37,8,28,일
2022-08-28,5호선,광나루(장신대),9585,9136,18721,449,8,28,일
2022-08-28,5호선,천호(풍납토성),13626,12685,26311,941,8,28,일
2022-08-28,5호선,강동,9677,9640,19317,37,8,28,일
2022-08-28,5호선,길동,4190,4375,8565,-185,8,28,일
2022-08-28,5호선,굽은다리(강동구민회관앞),5585,5239,10824,346,8,28,일
2022-08-28,5호선,명일,5320,5245,10565,75,8,28,일
2022-08-28,5호선,고덕,4333,4391,8724,-58,8,28,일
2022-08-28,5호선,상일동,6982,6750,13732,232,8,28,일
2022-08-28,5호선,둔촌동,4870,4753,9623,117,8,28,일
2022-08-28,5호선,올림픽공원(한국체대),3640,3817,7457,-177,8,28,일
2022-08-28,5호선,방이,4423,4202,8625,221,8,28,일
2022-08-28,5호선,오금,1550,1459,3009,91,8,28,일
2022-08-28,5호선,개롱,3118,3455,6573,-337,8,28,일
2022-08-28,5호선,거여,4923,4873,9796,50,8,28,일
2022-08-28,5호선,마천,3842,4065,7907,-223,8,28,일
2022-08-28,5호선,강일,2599,2444,5043,155,8,28,일
2022-08-28,5호선,미사,9455,9738,19193,-283,8,28,일
2022-08-28,5호선,하남풍산,2355,2315,4670,40,8,28,일
2022-08-28,5호선,하남시청(덕풍·신장),4433,4101,8534,332,8,28,일
2022-08-28,5호선,하남검단산,4998,5001,9999,-3,8,28,일
2022-08-28,6호선,응암,9713,9676,19389,37,8,28,일
2022-08-28,6호선,역촌,2136,2450,4586,-314,8,28,일
2022-08-28,6호선,불광,3221,2958,6179,263,8,28,일
2022-08-28,6호선,독바위,1637,2019,3656,-382,8,28,일
2022-08-28,6호선,연신내,1,0,1,1,8,28,일
2022-08-28,6호선,구산,4246,3180,7426,1066,8,28,일
2022-08-28,6호선,새절(신사),6634,6542,13176,92,8,28,일
2022-08-28,6호선,증산(명지대앞),5797,5797,11594,0,8,28,일
2022-08-28,6호선,디지털미디어시티,5872,6252,12124,-380,8,28,일
2022-08-28,6호선,월드컵경기장(성산),4428,4437,8865,-9,8,28,일
2022-08-28,6호선,마포구청,7649,6888,14537,761,8,28,일
2022-08-28,6호선,망원,10803,11676,22479,-873,8,28,일
2022-08-28,6호선,합정,10355,9516,19871,839,8,28,일
2022-08-28,6호선,상수,7494,8201,15695,-707,8,28,일
2022-08-28,6호선,광흥창(서강),4742,4521,9263,221,8,28,일
2022-08-28,6호선,대흥(서강대앞),4191,4336,8527,-145,8,28,일
2022-08-28,6호선,공덕,7134,6728,13862,406,8,28,일
2022-08-28,6호선,효창공원앞,3739,3281,7020,458,8,28,일
2022-08-28,6호선,삼각지,4800,3550,8350,1250,8,28,일
2022-08-28,6호선,녹사평(용산구청),4717,4782,9499,-65,8,28,일
2022-08-28,6호선,이태원,14371,11742,26113,2629,8,28,일
2022-08-28,6호선,한강진,7082,8331,15413,-1249,8,28,일
2022-08-28,6호선,버티고개,1118,1300,2418,-182,8,28,일
2022-08-28,6호선,약수,1874,1849,3723,25,8,28,일
2022-08-28,6호선,청구,1786,1734,3520,52,8,28,일
2022-08-28,6호선,신당,5019,5510,10529,-491,8,28,일
2022-08-28,6호선,동묘앞,6789,6821,13610,-32,8,28,일
2022-08-28,6호선,창신,1664,1557,3221,107,8,28,일
2022-08-28,6호선,보문,4266,4035,8301,231,8,28,일
2022-08-28,6호선,안암(고대병원앞),5452,5689,11141,-237,8,28,일
2022-08-28,6호선,고려대(종암),4481,4463,8944,18,8,28,일
2022-08-28,6호선,월곡(동덕여대),5684,5570,11254,114,8,28,일
2022-08-28,6호선,상월곡(한국과학기술연구원),3477,3111,6588,366,8,28,일
2022-08-28,6호선,돌곶이,5801,5477,11278,324,8,28,일
2022-08-28,6호선,석계,6639,7006,13645,-367,8,28,일
2022-08-28,6호선,태릉입구,3503,3694,7197,-191,8,28,일
2022-08-28,6호선,화랑대(서울여대입구),5520,4755,10275,765,8,28,일
2022-08-28,6호선,봉화산(서울의료원),4083,4020,8103,63,8,28,일
2022-08-28,7호선,장암,1648,1238,2886,410,8,28,일
2022-08-28,7호선,도봉산,5670,7977,13647,-2307,8,28,일
2022-08-28,7호선,수락산,8834,8793,17627,41,8,28,일
2022-08-28,7호선,마들,6429,5916,12345,513,8,28,일
2022-08-28,7호선,노원,11434,11818,23252,-384,8,28,일
2022-08-28,7호선,중계,7145,6672,13817,473,8,28,일
2022-08-28,7호선,하계,9828,9324,19152,504,8,28,일
2022-08-28,7호선,공릉(서울과학기술대),6563,6537,13100,26,8,28,일
2022-08-28,7호선,태릉입구,5441,5113,10554,328,8,28,일
2022-08-28,7호선,먹골,5557,5307,10864,250,8,28,일
2022-08-28,7호선,중화,5872,5801,11673,71,8,28,일
2022-08-28,7호선,상봉(시외버스터미널),10039,9160,19199,879,8,28,일
2022-08-28,7호선,면목,8191,7960,16151,231,8,28,일
2022-08-28,7호선,사가정,9491,9223,18714,268,8,28,일
2022-08-28,7호선,용마산(용마폭포공원),3565,3889,7454,-324,8,28,일
2022-08-28,7호선,중곡,5553,5315,10868,238,8,28,일
2022-08-28,7호선,군자(능동),8298,6397,14695,1901,8,28,일
2022-08-28,7호선,어린이대공원(세종대),11681,11687,23368,-6,8,28,일
2022-08-28,7호선,건대입구,8213,8823,17036,-610,8,28,일
2022-08-28,7호선,뚝섬유원지,13087,11966,25053,1121,8,28,일
2022-08-28,7호선,청담,7566,8351,15917,-785,8,28,일
2022-08-28,7호선,강남구청,6199,6830,13029,-631,8,28,일
2022-08-28,7호선,학동,7529,8163,15692,-634,8,28,일
2022-08-28,7호선,논현,6061,6335,12396,-274,8,28,일
2022-08-28,7호선,반포,3212,3303,6515,-91,8,28,일
2022-08-28,7호선,고속터미널,14650,9497,24147,5153,8,28,일
2022-08-28,7호선,내방,5437,5694,11131,-257,8,28,일
2022-08-28,7호선,이수,8685,8102,16787,583,8,28,일
2022-08-28,7호선,남성,5693,5711,11404,-18,8,28,일
2022-08-28,7호선,숭실대입구(살피재),6242,6574,12816,-332,8,28,일
2022-08-28,7호선,상도,5976,5837,11813,139,8,28,일
2022-08-28,7호선,장승배기,4831,4843,9674,-12,8,28,일
2022-08-28,7호선,신대방삼거리,7926,7897,15823,29,8,28,일
2022-08-28,7호선,보라매,3992,4064,8056,-72,8,28,일
2022-08-28,7호선,신풍,6444,6149,12593,295,8,28,일
2022-08-28,7호선,대림(구로구청),8043,7356,15399,687,8,28,일
2022-08-28,7호선,남구로,7073,7090,14163,-17,8,28,일
2022-08-28,7호선,가산디지털단지,10425,9611,20036,814,8,28,일
2022-08-28,7호선,철산,11314,11257,22571,57,8,28,일
2022-08-28,7호선,광명사거리,13030,13059,26089,-29,8,28,일
2022-08-28,7호선,천왕,5271,5155,10426,116,8,28,일
2022-08-28,7호선,온수(성공회대입구),4305,4321,8626,-16,8,28,일
2022-08-28,8호선,암사,9284,8790,18074,494,8,28,일
2022-08-28,8호선,천호(풍납토성),9079,10122,19201,-1043,8,28,일
2022-08-28,8호선,강동구청,4560,4747,9307,-187,8,28,일
2022-08-28,8호선,몽촌토성(평화의문),3634,3657,7291,-23,8,28,일
2022-08-28,8호선,잠실(송파구청),10746,12152,22898,-1406,8,28,일
2022-08-28,8호선,석촌,4159,5470,9629,-1311,8,28,일
2022-08-28,8호선,송파,4297,4312,8609,-15,8,28,일
2022-08-28,8호선,가락시장,3112,4012,7124,-900,8,28,일
2022-08-28,8호선,문정,5958,6166,12124,-208,8,28,일
2022-08-28,8호선,장지,9299,9359,18658,-60,8,28,일
2022-08-28,8호선,복정,5213,4770,9983,443,8,28,일
2022-08-28,8호선,산성,3079,3244,6323,-165,8,28,일
2022-08-28,8호선,남한산성입구(성남법원.검찰청),7126,6570,13696,556,8,28,일
2022-08-28,8호선,단대오거리,5701,5601,11302,100,8,28,일
2022-08-28,8호선,신흥,2742,2936,5678,-194,8,28,일
2022-08-28,8호선,수진,3142,2825,5967,317,8,28,일
2022-08-28,8호선,모란,2733,2332,5065,401,8,28,일
2022-08-28,8호선,남위례,2978,3053,6031,-75,8,28,일
2022-08-28,9호선,개화,1190,1118,2308,72,8,28,일
2022-08-28,9호선,김포공항,7534,11213,18747,-3679,8,28,일
2022-08-28,9호선,공항시장,1808,2077,3885,-269,8,28,일
2022-08-28,9호선,신방화,3678,3658,7336,20,8,28,일
2022-08-28,9호선,마곡나루(서울식물원),6198,6268,12466,-70,8,28,일
2022-08-28,9호선,양천향교,4529,4845,9374,-316,8,28,일
2022-08-28,9호선,가양,11720,11357,23077,363,8,28,일
2022-08-28,9호선,증미,2623,2633,5256,-10,8,28,일
2022-08-28,9호선,등촌,5501,5597,11098,-96,8,28,일
2022-08-28,9호선,염창,9436,9126,18562,310,8,28,일
2022-08-28,9호선,신목동,1952,1686,3638,266,8,28,일
2022-08-28,9호선,선유도,3184,3080,6264,104,8,28,일
2022-08-28,9호선,당산,10432,10335,20767,97,8,28,일
2022-08-28,9호선,샛강,2106,2049,4155,57,8,28,일
2022-08-28,9호선,노량진,15370,16422,31792,-1052,8,28,일
2022-08-28,9호선,노들,3342,2867,6209,475,8,28,일
2022-08-28,9호선,흑석(중앙대입구),4334,4477,8811,-143,8,28,일
2022-08-28,9호선,동작(현충원),1416,1152,2568,264,8,28,일
2022-08-28,9호선,구반포,525,504,1029,21,8,28,일
2022-08-28,9호선,신반포,2780,3346,6126,-566,8,28,일
2022-08-28,9호선,고속터미널,14107,18825,32932,-4718,8,28,일
2022-08-28,9호선,사평,1798,1867,3665,-69,8,28,일
2022-08-28,9호선,신논현,17152,16138,33290,1014,8,28,일
2022-08-28,9호선2~3단계,언주,4137,4183,8320,-46,8,28,일
2022-08-28,9호선2~3단계,선정릉,3596,4123,7719,-527,8,28,일
2022-08-28,9호선2~3단계,삼성중앙,2293,2294,4587,-1,8,28,일
2022-08-28,9호선2~3단계,봉은사,12082,12620,24702,-538,8,28,일
2022-08-28,9호선2~3단계,종합운동장,2905,2705,5610,200,8,28,일
2022-08-28,9호선2~3단계,삼전,3679,3687,7366,-8,8,28,일
2022-08-28,9호선2~3단계,석촌고분,3298,3319,6617,-21,8,28,일
2022-08-28,9호선2~3단계,석촌,5456,4669,10125,787,8,28,일
2022-08-28,9호선2~3단계,송파나루,3168,3617,6785,-449,8,28,일
2022-08-28,9호선2~3단계,한성백제,1673,1530,3203,143,8,28,일
2022-08-28,9호선2~3단계,올림픽공원(한국체대),7640,7488,15128,152,8,28,일
2022-08-28,9호선2~3단계,둔촌오륜,638,640,1278,-2,8,28,일
2022-08-28,9호선2~3단계,중앙보훈병원,4050,3962,8012,88,8,28,일
2022-08-28,경강선,판교,2634,2510,5144,124,8,28,일
2022-08-28,경강선,이매,730,593,1323,137,8,28,일
2022-08-28,경강선,삼동,1234,1166,2400,68,8,28,일
2022-08-28,경강선,경기광주,4380,4291,8671,89,8,28,일
2022-08-28,경강선,초월,1869,1808,3677,61,8,28,일
2022-08-28,경강선,곤지암,1707,1757,3464,-50,8,28,일
2022-08-28,경강선,신둔도예촌,1168,1099,2267,69,8,28,일
2022-08-28,경강선,이천,2279,2632,4911,-353,8,28,일
2022-08-28,경강선,부발,1762,2365,4127,-603,8,28,일
2022-08-28,경강선,세종대왕릉,360,347,707,13,8,28,일
2022-08-28,경강선,여주,2500,2388,4888,112,8,28,일
2022-08-28,경부선,서울역,9930,2376,12306,7554,8,28,일
2022-08-28,경부선,남영,5221,5490,10711,-269,8,28,일
2022-08-28,경부선,용산,37807,34562,72369,3245,8,28,일
2022-08-28,경부선,노량진,6352,5889,12241,463,8,28,일
2022-08-28,경부선,대방,5346,6003,11349,-657,8,28,일
2022-08-28,경부선,영등포,35859,35089,70948,770,8,28,일
2022-08-28,경부선,신도림,2403,2593,4996,-190,8,28,일
2022-08-28,경부선,신길,4877,4302,9179,575,8,28,일
2022-08-28,경부선,구로,10439,10554,20993,-115,8,28,일
2022-08-28,경부선,가산디지털단지,5107,6864,11971,-1757,8,28,일
2022-08-28,경부선,금천구청,6542,6488,13030,54,8,28,일
2022-08-28,경부선,석수,5365,5152,10517,213,8,28,일
2022-08-28,경부선,관악,5225,4941,10166,284,8,28,일
2022-08-28,경부선,안양,14815,14355,29170,460,8,28,일
2022-08-28,경부선,명학,3340,3312,6652,28,8,28,일
2022-08-28,경부선,금정,15880,16348,32228,-468,8,28,일
2022-08-28,경부선,군포,3193,3057,6250,136,8,28,일
2022-08-28,경부선,의왕,4637,4751,9388,-114,8,28,일
2022-08-28,경부선,성균관대,8647,9390,18037,-743,8,28,일
2022-08-28,경부선,화서,4638,4513,9151,125,8,28,일
2022-08-28,경부선,수원,36166,34573,70739,1593,8,28,일
2022-08-28,경부선,독산,6712,6820,13532,-108,8,28,일
2022-08-28,경부선,세류,2277,2213,4490,64,8,28,일
2022-08-28,경부선,병점,10338,11051,21389,-713,8,28,일
2022-08-28,경부선,세마,1938,1845,3783,93,8,28,일
2022-08-28,경부선,오산대,2352,2323,4675,29,8,28,일
2022-08-28,경부선,오산,8816,9400,18216,-584,8,28,일
2022-08-28,경부선,진위,996,931,1927,65,8,28,일
2022-08-28,경부선,송탄,3822,4784,8606,-962,8,28,일
2022-08-28,경부선,서정리,4988,7453,12441,-2465,8,28,일
2022-08-28,경부선,평택지제,2969,3020,5989,-51,8,28,일
2022-08-28,경부선,평택,12539,13083,25622,-544,8,28,일
2022-08-28,경부선,성환,2913,3532,6445,-619,8,28,일
2022-08-28,경부선,직산,650,728,1378,-78,8,28,일
2022-08-28,경부선,두정,5030,5837,10867,-807,8,28,일
2022-08-28,경부선,천안,7085,6805,13890,280,8,28,일
2022-08-28,경부선,당정,3252,3249,6501,3,8,28,일
2022-08-28,경부선,서동탄,840,892,1732,-52,8,28,일
2022-08-28,경부선,광명,3231,2164,5395,1067,8,28,일
2022-08-28,경원선,이촌(국립중앙박물관),3115,2106,5221,1009,8,28,일
2022-08-28,경원선,서빙고,2247,2157,4404,90,8,28,일
2022-08-28,경원선,한남,2300,2183,4483,117,8,28,일
2022-08-28,경원선,옥수,54,32,86,22,8,28,일
2022-08-28,경원선,응봉,1308,1178,2486,130,8,28,일
2022-08-28,경원선,왕십리(성동구청),10415,11921,22336,-1506,8,28,일
2022-08-28,경원선,청량리(서울시립대입구),16108,15168,31276,940,8,28,일
2022-08-28,경원선,외대앞,5138,5107,10245,31,8,28,일
2022-08-28,경원선,신이문,5081,4599,9680,482,8,28,일
2022-08-28,경원선,석계,5355,5723,11078,-368,8,28,일
2022-08-28,경원선,광운대,4251,4276,8527,-25,8,28,일
2022-08-28,경원선,월계,3926,3515,7441,411,8,28,일
2022-08-28,경원선,녹천,2828,2461,5289,367,8,28,일
2022-08-28,경원선,방학,6314,6175,12489,139,8,28,일
2022-08-28,경원선,도봉,3766,3484,7250,282,8,28,일
2022-08-28,경원선,도봉산,9040,6580,15620,2460,8,28,일
2022-08-28,경원선,망월사,4943,5020,9963,-77,8,28,일
2022-08-28,경원선,회룡,8176,8059,16235,117,8,28,일
2022-08-28,경원선,의정부,15146,15404,30550,-258,8,28,일
2022-08-28,경원선,가능,4303,4073,8376,230,8,28,일
2022-08-28,경원선,녹양,3082,2850,5932,232,8,28,일
2022-08-28,경원선,양주,5545,5327,10872,218,8,28,일
2022-08-28,경원선,덕계,2090,2063,4153,27,8,28,일
2022-08-28,경원선,덕정,3597,3773,7370,-176,8,28,일
2022-08-28,경원선,지행,4831,4936,9767,-105,8,28,일
2022-08-28,경원선,동두천중앙,2293,2104,4397,189,8,28,일
2022-08-28,경원선,보산,1405,1503,2908,-98,8,28,일
2022-08-28,경원선,동두천,1495,1994,3489,-499,8,28,일
2022-08-28,경원선,소요산,4916,4305,9221,611,8,28,일
2022-08-28,경의선,서울역,1302,1219,2521,83,8,28,일
2022-08-28,경의선,신촌,334,362,696,-28,8,28,일
2022-08-28,경의선,효창공원앞,1457,1672,3129,-215,8,28,일
2022-08-28,경의선,공덕,2363,1885,4248,478,8,28,일
2022-08-28,경의선,서강대,1487,1517,3004,-30,8,28,일
2022-08-28,경의선,홍대입구,1945,2420,4365,-475,8,28,일
2022-08-28,경의선,가좌,3192,3085,6277,107,8,28,일
2022-08-28,경의선,디지털미디어시티,1729,1562,3291,167,8,28,일
2022-08-28,경의선,수색,1020,1121,2141,-101,8,28,일
2022-08-28,경의선,화전,1017,1083,2100,-66,8,28,일
2022-08-28,경의선,강매,1668,1520,3188,148,8,28,일
2022-08-28,경의선,행신,5146,4878,10024,268,8,28,일
2022-08-28,경의선,능곡,2326,2294,4620,32,8,28,일
2022-08-28,경의선,곡산,365,380,745,-15,8,28,일
2022-08-28,경의선,백마,3846,3743,7589,103,8,28,일
2022-08-28,경의선,풍산,4052,3833,7885,219,8,28,일
2022-08-28,경의선,일산,6342,6141,12483,201,8,28,일
2022-08-28,경의선,탄현,4491,4184,8675,307,8,28,일
2022-08-28,경의선,야당,5439,5337,10776,102,8,28,일
2022-08-28,경의선,운정,3933,3783,7716,150,8,28,일
2022-08-28,경의선,금릉,3225,3110,6335,115,8,28,일
2022-08-28,경의선,금촌,4592,4935,9527,-343,8,28,일
2022-08-28,경의선,월롱,1270,2385,3655,-1115,8,28,일
2022-08-28,경의선,파주,785,692,1477,93,8,28,일
2022-08-28,경의선,문산,3928,4211,8139,-283,8,28,일
2022-08-28,경의선,임진강,102,77,179,25,8,28,일
2022-08-28,경인선,개봉,12788,12414,25202,374,8,28,일
2022-08-28,경인선,오류동,7344,6784,14128,560,8,28,일
2022-08-28,경인선,역곡,15212,15439,30651,-227,8,28,일
2022-08-28,경인선,부천,22833,22511,45344,322,8,28,일
2022-08-28,경인선,송내,13961,13820,27781,141,8,28,일
2022-08-28,경인선,부평,23536,23836,47372,-300,8,28,일
2022-08-28,경인선,백운,4305,4312,8617,-7,8,28,일
2022-08-28,경인선,동암,10545,10349,20894,196,8,28,일
2022-08-28,경인선,주안,12332,11356,23688,976,8,28,일
2022-08-28,경인선,제물포,5868,5621,11489,247,8,28,일
2022-08-28,경인선,동인천,10072,9891,19963,181,8,28,일
2022-08-28,경인선,인천,4766,4009,8775,757,8,28,일
2022-08-28,경인선,구일,8702,9001,17703,-299,8,28,일
2022-08-28,경인선,소사,5874,5774,11648,100,8,28,일
2022-08-28,경인선,부개,5188,4798,9986,390,8,28,일
2022-08-28,경인선,간석,3278,3043,6321,235,8,28,일
2022-08-28,경인선,도원,1837,1787,3624,50,8,28,일
2022-08-28,경인선,온수(성공회대입구),4084,3913,7997,171,8,28,일
2022-08-28,경인선,중동,5131,4822,9953,309,8,28,일
2022-08-28,경인선,도화,2621,2371,4992,250,8,28,일
2022-08-28,경춘선,신내,1129,1112,2241,17,8,28,일
2022-08-28,경춘선,갈매,1596,1402,2998,194,8,28,일
2022-08-28,경춘선,별내,2113,1889,4002,224,8,28,일
2022-08-28,경춘선,퇴계원,2203,2027,4230,176,8,28,일
2022-08-28,경춘선,사릉,1453,1494,2947,-41,8,28,일
2022-08-28,경춘선,금곡,1026,998,2024,28,8,28,일
2022-08-28,경춘선,평내호평,3926,3786,7712,140,8,28,일
2022-08-28,경춘선,천마산,1216,1175,2391,41,8,28,일
2022-08-28,경춘선,마석,3492,3551,7043,-59,8,28,일
2022-08-28,경춘선,대성리,1518,1028,2546,490,8,28,일
2022-08-28,경춘선,청평,2653,1782,4435,871,8,28,일
2022-08-28,경춘선,상천,515,378,893,137,8,28,일
2022-08-28,경춘선,가평,4051,2507,6558,1544,8,28,일
2022-08-28,경춘선,굴봉산,271,215,486,56,8,28,일
2022-08-28,경춘선,백양리,149,107,256,42,8,28,일
2022-08-28,경춘선,강촌,1059,600,1659,459,8,28,일
2022-08-28,경춘선,김유정,539,511,1050,28,8,28,일
2022-08-28,경춘선,남춘천,2928,2932,5860,-4,8,28,일
2022-08-28,경춘선,춘천,2134,1713,3847,421,8,28,일
2022-08-28,공항철도 1호선,서울역,9921,9341,19262,580,8,28,일
2022-08-28,공항철도 1호선,공덕,1520,2225,3745,-705,8,28,일
2022-08-28,공항철도 1호선,홍대입구,12763,11875,24638,888,8,28,일
2022-08-28,공항철도 1호선,디지털미디어시티,4140,4147,8287,-7,8,28,일
2022-08-28,공항철도 1호선,마곡나루(서울식물원),2659,3026,5685,-367,8,28,일
2022-08-28,공항철도 1호선,김포공항,11685,5976,17661,5709,8,28,일
2022-08-28,공항철도 1호선,계양,6545,6029,12574,516,8,28,일
2022-08-28,공항철도 1호선,검암,3833,3915,7748,-82,8,28,일
2022-08-28,공항철도 1호선,청라국제도시,3823,3605,7428,218,8,28,일
2022-08-28,공항철도 1호선,운서,6294,6818,13112,-524,8,28,일
2022-08-28,공항철도 1호선,공항화물청사,1007,1089,2096,-82,8,28,일
2022-08-28,공항철도 1호선,인천공항1터미널,9565,7701,17266,1864,8,28,일
2022-08-28,공항철도 1호선,인천공항2터미널,3683,3168,6851,515,8,28,일
2022-08-28,공항철도 1호선,영종,2898,2986,5884,-88,8,28,일
2022-08-28,과천선,선바위,4505,3957,8462,548,8,28,일
2022-08-28,과천선,경마공원,16195,16573,32768,-378,8,28,일
2022-08-28,과천선,대공원,7306,7682,14988,-376,8,28,일
2022-08-28,과천선,과천,4177,3896,8073,281,8,28,일
2022-08-28,과천선,정부과천청사,5047,5072,10119,-25,8,28,일
2022-08-28,과천선,인덕원,13291,13441,26732,-150,8,28,일
2022-08-28,과천선,평촌,6991,6874,13865,117,8,28,일
2022-08-28,과천선,범계,16238,15773,32011,465,8,28,일
2022-08-28,분당선,선릉,3043,4550,7593,-1507,8,28,일
2022-08-28,분당선,한티,10240,9723,19963,517,8,28,일
2022-08-28,분당선,도곡,3022,2855,5877,167,8,28,일
2022-08-28,분당선,구룡,928,1015,1943,-87,8,28,일
2022-08-28,분당선,개포동,2170,2205,4375,-35,8,28,일
2022-08-28,분당선,대모산입구,2366,2263,4629,103,8,28,일
2022-08-28,분당선,수서,9362,9140,18502,222,8,28,일
2022-08-28,분당선,수원,6150,5098,11248,1052,8,28,일
2022-08-28,분당선,서울숲,8528,8759,17287,-231,8,28,일
2022-08-28,분당선,압구정로데오,11402,12561,23963,-1159,8,28,일
2022-08-28,분당선,강남구청,3415,4114,7529,-699,8,28,일
2022-08-28,분당선,선정릉,2324,2306,4630,18,8,28,일
2022-08-28,분당선,가천대,4214,5046,9260,-832,8,28,일
2022-08-28,분당선,태평,8554,8062,16616,492,8,28,일
2022-08-28,분당선,모란,11752,12077,23829,-325,8,28,일
2022-08-28,분당선,야탑,14376,14730,29106,-354,8,28,일
2022-08-28,분당선,서현,15106,15286,30392,-180,8,28,일
2022-08-28,분당선,수내,6590,6236,12826,354,8,28,일
2022-08-28,분당선,정자,7957,8418,16375,-461,8,28,일
2022-08-28,분당선,미금,7715,8312,16027,-597,8,28,일
2022-08-28,분당선,오리,5543,4809,10352,734,8,28,일
2022-08-28,분당선,이매,3595,3685,7280,-90,8,28,일
2022-08-28,분당선,보정,1263,1159,2422,104,8,28,일
2022-08-28,분당선,죽전,7722,8747,16469,-1025,8,28,일
2022-08-28,분당선,구성,2573,2760,5333,-187,8,28,일
2022-08-28,분당선,신갈,2164,2260,4424,-96,8,28,일
2022-08-28,분당선,기흥,5486,5155,10641,331,8,28,일
2022-08-28,분당선,상갈,3040,3146,6186,-106,8,28,일
2022-08-28,분당선,청명,2109,2321,4430,-212,8,28,일
2022-08-28,분당선,영통,5175,5081,10256,94,8,28,일
2022-08-28,분당선,망포,6607,6971,13578,-364,8,28,일
2022-08-28,분당선,매탄권선,2768,2630,5398,138,8,28,일
2022-08-28,분당선,수원시청,7915,8140,16055,-225,8,28,일
2022-08-28,분당선,매교,1941,1916,3857,25,8,28,일
2022-08-28,수인선,고색,1842,1889,3731,-47,8,28,일
2022-08-28,수인선,오목천,1724,1693,3417,31,8,28,일
2022-08-28,수인선,어천,696,788,1484,-92,8,28,일
2022-08-28,수인선,야목,245,197,442,48,8,28,일
2022-08-28,수인선,사리,2904,2484,5388,420,8,28,일
2022-08-28,수인선,달월,47,58,105,-11,8,28,일
2022-08-28,수인선,월곶,1938,1858,3796,80,8,28,일
2022-08-28,수인선,소래포구,5830,5651,11481,179,8,28,일
2022-08-28,수인선,인천논현,3256,3364,6620,-108,8,28,일
2022-08-28,수인선,호구포,2329,2405,4734,-76,8,28,일
2022-08-28,수인선,남동인더스파크,685,665,1350,20,8,28,일
2022-08-28,수인선,원인재,3087,3241,6328,-154,8,28,일
2022-08-28,수인선,연수,3683,3627,7310,56,8,28,일
2022-08-28,수인선,송도,1687,1614,3301,73,8,28,일
2022-08-28,수인선,인하대,3716,3840,7556,-124,8,28,일
2022-08-28,수인선,숭의,2264,2106,4370,158,8,28,일
2022-08-28,수인선,신포,1229,1227,2456,2,8,28,일
2022-08-28,수인선,인천,1356,1863,3219,-507,8,28,일
2022-08-28,신림선,샛강,1027,1369,2396,-342,8,28,일
2022-08-28,신림선,대방,1381,1083,2464,298,8,28,일
2022-08-28,신림선,서울지방병무청,1496,1670,3166,-174,8,28,일
2022-08-28,신림선,보라매,1714,1609,3323,105,8,28,일
2022-08-28,신림선,보라매공원,1195,1365,2560,-170,8,28,일
2022-08-28,신림선,보라매병원,2147,2165,4312,-18,8,28,일
2022-08-28,신림선,당곡,2339,2230,4569,109,8,28,일
2022-08-28,신림선,신림,1154,1639,2793,-485,8,28,일
2022-08-28,신림선,서원,1822,1741,3563,81,8,28,일
2022-08-28,신림선,서울대벤처타운,4924,4580,9504,344,8,28,일
2022-08-28,신림선,관악산(서울대),4542,4825,9367,-283,8,28,일
2022-08-28,안산선,산본,9517,10111,19628,-594,8,28,일
2022-08-28,안산선,대야미,3263,3036,6299,227,8,28,일
2022-08-28,안산선,반월,2774,2748,5522,26,8,28,일
2022-08-28,안산선,상록수,9927,9709,19636,218,8,28,일
2022-08-28,안산선,한대앞,5833,5710,11543,123,8,28,일
2022-08-28,안산선,중앙,12643,12604,25247,39,8,28,일
2022-08-28,안산선,고잔,4908,4821,9729,87,8,28,일
2022-08-28,안산선,초지,2671,2614,5285,57,8,28,일
2022-08-28,안산선,안산,10419,9562,19981,857,8,28,일
2022-08-28,안산선,신길온천,1340,1329,2669,11,8,28,일
2022-08-28,안산선,정왕,6003,6367,12370,-364,8,28,일
2022-08-28,안산선,오이도,6714,6452,13166,262,8,28,일
2022-08-28,안산선,수리산,2344,2212,4556,132,8,28,일
2022-08-28,우이신설선,북한산우이,3680,3741,7421,-61,8,28,일
2022-08-28,우이신설선,솔밭공원,1523,1470,2993,53,8,28,일
2022-08-28,우이신설선,4.19민주묘지,2137,1779,3916,358,8,28,일
2022-08-28,우이신설선,가오리,2452,2390,4842,62,8,28,일
2022-08-28,우이신설선,화계,2329,2211,4540,118,8,28,일
2022-08-28,우이신설선,삼양,1275,1254,2529,21,8,28,일
2022-08-28,우이신설선,삼양사거리,1644,1569,3213,75,8,28,일
2022-08-28,우이신설선,솔샘,3015,2882,5897,133,8,28,일
2022-08-28,우이신설선,북한산보국문,4074,3498,7572,576,8,28,일
2022-08-28,우이신설선,정릉,2924,2427,5351,497,8,28,일
2022-08-28,우이신설선,성신여대입구(돈암),2377,2604,4981,-227,8,28,일
2022-08-28,우이신설선,보문,1051,1076,2127,-25,8,28,일
2022-08-28,우이신설선,신설동,1253,1243,2496,10,8,28,일
2022-08-28,일산선,원흥,5959,5843,11802,116,8,28,일
2022-08-28,일산선,삼송,12078,11845,23923,233,8,28,일
2022-08-28,일산선,원당,6508,6231,12739,277,8,28,일
2022-08-28,일산선,화정,9842,10074,19916,-232,8,28,일
2022-08-28,일산선,대곡,1167,1078,2245,89,8,28,일
2022-08-28,일산선,백석,5593,5620,11213,-27,8,28,일
2022-08-28,일산선,마두,3684,3734,7418,-50,8,28,일
2022-08-28,일산선,정발산,6441,6583,13024,-142,8,28,일
2022-08-28,일산선,주엽,5210,5093,10303,117,8,28,일
2022-08-28,일산선,대화,6795,6338,13133,457,8,28,일
2022-08-28,장항선,봉명,645,650,1295,-5,8,28,일
2022-08-28,장항선,쌍용(나사렛대),1354,1365,2719,-11,8,28,일
2022-08-28,장항선,아산,3944,2483,6427,1461,8,28,일
2022-08-28,장항선,탕정,701,676,1377,25,8,28,일
2022-08-28,장항선,배방,906,1111,2017,-205,8,28,일
2022-08-28,장항선,온양온천,3723,3667,7390,56,8,28,일
2022-08-28,장항선,신창(순천향대),1199,1869,3068,-670,8,28,일
2022-08-28,중앙선,회기,17632,17403,35035,229,8,28,일
2022-08-28,중앙선,중랑,3840,3704,7544,136,8,28,일
2022-08-28,중앙선,상봉(시외버스터미널),3899,4189,8088,-290,8,28,일
2022-08-28,중앙선,망우,5423,5460,10883,-37,8,28,일
2022-08-28,중앙선,양원,1565,1616,3181,-51,8,28,일
2022-08-28,중앙선,구리,8330,8632,16962,-302,8,28,일
2022-08-28,중앙선,도농,6046,5899,11945,147,8,28,일
2022-08-28,중앙선,양정,517,423,940,94,8,28,일
2022-08-28,중앙선,덕소,3737,3776,7513,-39,8,28,일
2022-08-28,중앙선,도심,1409,1222,2631,187,8,28,일
2022-08-28,중앙선,팔당,1427,1433,2860,-6,8,28,일
2022-08-28,중앙선,운길산,1199,1138,2337,61,8,28,일
2022-08-28,중앙선,양수,2284,2057,4341,227,8,28,일
2022-08-28,중앙선,신원,319,226,545,93,8,28,일
2022-08-28,중앙선,국수,762,672,1434,90,8,28,일
2022-08-28,중앙선,아신,704,613,1317,91,8,28,일
2022-08-28,중앙선,오빈,303,281,584,22,8,28,일
2022-08-28,중앙선,양평,4513,4247,8760,266,8,28,일
2022-08-28,중앙선,원덕,463,326,789,137,8,28,일
2022-08-28,중앙선,용문,2786,2212,4998,574,8,28,일
2022-08-28,중앙선,지평,70,91,161,-21,8,28,일
2022-08-28,3호선,잠원,2698,2706,5404,-8,8,28,일
2022-08-28,9호선,국회의사당,5377,5204,10581,173,8,28,일
2022-08-28,2호선,시청,8415,7098,15513,1317,8,28,일
2022-08-29,1호선,신설동,13840,13304,27144,536,8,29,월
2022-08-29,1호선,서울역,48834,46678,95512,2156,8,29,월
2022-08-29,1호선,시청,25245,25415,50660,-170,8,29,월
2022-08-29,1호선,청량리(서울시립대입구),20508,20100,40608,408,8,29,월
2022-08-29,1호선,종로3가,24406,22152,46558,2254,8,29,월
2022-08-29,1호선,종로5가,22750,22623,45373,127,8,29,월
2022-08-29,1호선,동대문,10914,10390,21304,524,8,29,월
2022-08-29,중앙선,지평,61,79,140,-18,8,29,월
2022-08-29,중앙선,용문,1969,1831,3800,138,8,29,월
2022-08-29,중앙선,원덕,395,359,754,36,8,29,월
2022-08-29,중앙선,양평,3023,2968,5991,55,8,29,월
2022-08-29,중앙선,오빈,347,307,654,40,8,29,월
2022-08-29,중앙선,아신,607,641,1248,-34,8,29,월
2022-08-29,중앙선,국수,816,850,1666,-34,8,29,월
2022-08-29,중앙선,신원,216,185,401,31,8,29,월
2022-08-29,중앙선,양수,1918,1923,3841,-5,8,29,월
2022-08-29,중앙선,운길산,737,648,1385,89,8,29,월
2022-08-29,중앙선,팔당,795,809,1604,-14,8,29,월
2022-08-29,중앙선,도심,2603,2030,4633,573,8,29,월
2022-08-29,중앙선,덕소,5772,5602,11374,170,8,29,월
2022-08-29,중앙선,양정,776,653,1429,123,8,29,월
2022-08-29,중앙선,도농,12040,10599,22639,1441,8,29,월
2022-08-29,중앙선,구리,13732,13552,27284,180,8,29,월
2022-08-29,중앙선,양원,3139,3001,6140,138,8,29,월
2022-08-29,중앙선,망우,7793,7567,15360,226,8,29,월
2022-08-29,중앙선,상봉(시외버스터미널),5696,5650,11346,46,8,29,월
2022-08-29,중앙선,중랑,5796,5450,11246,346,8,29,월
2022-08-29,중앙선,회기,25308,24776,50084,532,8,29,월
2022-08-29,장항선,신창(순천향대),2854,3132,5986,-278,8,29,월
2022-08-29,장항선,온양온천,5665,5669,11334,-4,8,29,월
2022-08-29,장항선,배방,1241,1138,2379,103,8,29,월
2022-08-29,장항선,탕정,1018,945,1963,73,8,29,월
2022-08-29,장항선,아산,3921,3302,7223,619,8,29,월
2022-08-29,장항선,쌍용(나사렛대),2404,2217,4621,187,8,29,월
2022-08-29,장항선,봉명,1400,1378,2778,22,8,29,월
2022-08-29,일산선,대화,13412,10309,23721,3103,8,29,월
2022-08-29,일산선,주엽,9330,9432,18762,-102,8,29,월
2022-08-29,일산선,정발산,6813,6940,13753,-127,8,29,월
2022-08-29,일산선,마두,7692,7896,15588,-204,8,29,월
2022-08-29,일산선,백석,9886,9840,19726,46,8,29,월
2022-08-29,일산선,대곡,2259,1791,4050,468,8,29,월
2022-08-29,일산선,화정,16825,17067,33892,-242,8,29,월
2022-08-29,일산선,원당,11249,10582,21831,667,8,29,월
2022-08-29,일산선,삼송,20356,19775,40131,581,8,29,월
2022-08-29,일산선,원흥,11348,10778,22126,570,8,29,월
2022-08-29,우이신설선,신설동,2181,2152,4333,29,8,29,월
2022-08-29,우이신설선,보문,1548,1589,3137,-41,8,29,월
2022-08-29,우이신설선,성신여대입구(돈암),3206,3570,6776,-364,8,29,월
2022-08-29,우이신설선,정릉,4713,4246,8959,467,8,29,월
2022-08-29,우이신설선,북한산보국문,6129,5798,11927,331,8,29,월
2022-08-29,우이신설선,솔샘,6124,5680,11804,444,8,29,월
2022-08-29,우이신설선,삼양사거리,2490,2590,5080,-100,8,29,월
2022-08-29,우이신설선,삼양,2129,2267,4396,-138,8,29,월
2022-08-29,우이신설선,화계,3505,3297,6802,208,8,29,월
2022-08-29,우이신설선,가오리,4382,4249,8631,133,8,29,월
2022-08-29,우이신설선,4.19민주묘지,2900,2769,5669,131,8,29,월
2022-08-29,우이신설선,솔밭공원,2547,2476,5023,71,8,29,월
2022-08-29,우이신설선,북한산우이,2672,2439,5111,233,8,29,월
2022-08-29,안산선,수리산,4186,3488,7674,698,8,29,월
2022-08-29,안산선,오이도,8593,8241,16834,352,8,29,월
2022-08-29,안산선,정왕,7904,8414,16318,-510,8,29,월
2022-08-29,안산선,신길온천,1919,1676,3595,243,8,29,월
2022-08-29,안산선,안산,12106,11158,23264,948,8,29,월
2022-08-29,안산선,초지,5453,5722,11175,-269,8,29,월
2022-08-29,안산선,고잔,9010,8651,17661,359,8,29,월
2022-08-29,안산선,중앙,18530,19091,37621,-561,8,29,월
2022-08-29,안산선,한대앞,9094,9306,18400,-212,8,29,월
2022-08-29,안산선,상록수,16748,17010,33758,-262,8,29,월
2022-08-29,안산선,반월,4416,4202,8618,214,8,29,월
2022-08-29,안산선,대야미,5073,4617,9690,456,8,29,월
2022-08-29,안산선,산본,15840,16981,32821,-1141,8,29,월
2022-08-29,신림선,관악산(서울대),2338,2430,4768,-92,8,29,월
2022-08-29,신림선,서울대벤처타운,6815,6980,13795,-165,8,29,월
2022-08-29,신림선,서원,3008,2555,5563,453,8,29,월
2022-08-29,신림선,신림,1514,2030,3544,-516,8,29,월
2022-08-29,신림선,당곡,3829,3806,7635,23,8,29,월
2022-08-29,신림선,보라매병원,6664,7263,13927,-599,8,29,월
2022-08-29,신림선,보라매공원,1725,1865,3590,-140,8,29,월
2022-08-29,신림선,보라매,2988,2744,5732,244,8,29,월
2022-08-29,신림선,서울지방병무청,2391,2586,4977,-195,8,29,월
2022-08-29,신림선,대방,2204,1684,3888,520,8,29,월
2022-08-29,신림선,샛강,2234,2773,5007,-539,8,29,월
2022-08-29,수인선,인천,1056,1751,2807,-695,8,29,월
2022-08-29,수인선,신포,1917,1863,3780,54,8,29,월
2022-08-29,수인선,숭의,4170,3823,7993,347,8,29,월
2022-08-29,수인선,인하대,7901,7666,15567,235,8,29,월
2022-08-29,수인선,송도,2462,2311,4773,151,8,29,월
2022-08-29,수인선,연수,4621,4402,9023,219,8,29,월
2022-08-29,수인선,원인재,4443,4557,9000,-114,8,29,월
2022-08-29,수인선,남동인더스파크,2347,2624,4971,-277,8,29,월
2022-08-29,수인선,호구포,4209,4362,8571,-153,8,29,월
2022-08-29,수인선,인천논현,5616,6108,11724,-492,8,29,월
2022-08-29,수인선,소래포구,5598,5112,10710,486,8,29,월
2022-08-29,수인선,월곶,2883,2619,5502,264,8,29,월
2022-08-29,수인선,달월,116,87,203,29,8,29,월
2022-08-29,수인선,사리,5171,4430,9601,741,8,29,월
2022-08-29,수인선,야목,385,263,648,122,8,29,월
2022-08-29,수인선,어천,974,934,1908,40,8,29,월
2022-08-29,수인선,오목천,4482,4101,8583,381,8,29,월
2022-08-29,수인선,고색,4959,4604,9563,355,8,29,월
2022-08-29,분당선,매교,3890,3831,7721,59,8,29,월
2022-08-29,분당선,수원시청,12598,13529,26127,-931,8,29,월
2022-08-29,분당선,매탄권선,5340,5217,10557,123,8,29,월
2022-08-29,분당선,망포,15100,14338,29438,762,8,29,월
2022-08-29,분당선,영통,8243,8565,16808,-322,8,29,월
2022-08-29,분당선,청명,4533,4382,8915,151,8,29,월
2022-08-29,분당선,상갈,5649,5349,10998,300,8,29,월
2022-08-29,분당선,기흥,10590,9855,20445,735,8,29,월
2022-08-29,분당선,신갈,5166,4949,10115,217,8,29,월
2022-08-29,분당선,구성,5556,5726,11282,-170,8,29,월
2022-08-29,분당선,죽전,13364,14952,28316,-1588,8,29,월
2022-08-29,분당선,보정,2835,2399,5234,436,8,29,월
2022-08-29,분당선,이매,6053,5587,11640,466,8,29,월
2022-08-29,분당선,오리,12356,10204,22560,2152,8,29,월
2022-08-29,분당선,미금,15795,16901,32696,-1106,8,29,월
2022-08-29,분당선,정자,18568,19683,38251,-1115,8,29,월
2022-08-29,분당선,수내,14015,13940,27955,75,8,29,월
2022-08-29,분당선,서현,24824,25230,50054,-406,8,29,월
2022-08-29,분당선,야탑,26722,27751,54473,-1029,8,29,월
2022-08-29,분당선,모란,25142,25951,51093,-809,8,29,월
2022-08-29,분당선,태평,14018,13420,27438,598,8,29,월
2022-08-29,분당선,가천대,13045,14159,27204,-1114,8,29,월
2022-08-29,분당선,선정릉,8221,8907,17128,-686,8,29,월
2022-08-29,분당선,강남구청,9783,11299,21082,-1516,8,29,월
2022-08-29,분당선,압구정로데오,17753,19855,37608,-2102,8,29,월
2022-08-29,분당선,서울숲,11019,11289,22308,-270,8,29,월
2022-08-29,분당선,수원,8225,6916,15141,1309,8,29,월
2022-08-29,분당선,수서,14791,14952,29743,-161,8,29,월
2022-08-29,분당선,대모산입구,4983,4568,9551,415,8,29,월
2022-08-29,분당선,개포동,4114,4182,8296,-68,8,29,월
2022-08-29,분당선,구룡,2449,2361,4810,88,8,29,월
2022-08-29,분당선,도곡,7739,7298,15037,441,8,29,월
2022-08-29,분당선,한티,14780,15993,30773,-1213,8,29,월
2022-08-29,분당선,선릉,14136,21476,35612,-7340,8,29,월
2022-08-29,과천선,범계,25949,26000,51949,-51,8,29,월
2022-08-29,과천선,평촌,18105,17854,35959,251,8,29,월
2022-08-29,과천선,인덕원,24415,25238,49653,-823,8,29,월
2022-08-29,과천선,정부과천청사,11148,11065,22213,83,8,29,월
2022-08-29,과천선,과천,6509,5919,12428,590,8,29,월
2022-08-29,과천선,대공원,1968,2107,4075,-139,8,29,월
2022-08-29,과천선,경마공원,876,852,1728,24,8,29,월
2022-08-29,과천선,선바위,8221,7151,15372,1070,8,29,월
2022-08-29,공항철도 1호선,영종,3699,3721,7420,-22,8,29,월
2022-08-29,공항철도 1호선,인천공항2터미널,3759,3144,6903,615,8,29,월
2022-08-29,공항철도 1호선,인천공항1터미널,8941,7483,16424,1458,8,29,월
2022-08-29,공항철도 1호선,공항화물청사,2339,2549,4888,-210,8,29,월
2022-08-29,공항철도 1호선,운서,7718,7886,15604,-168,8,29,월
2022-08-29,공항철도 1호선,청라국제도시,7172,6743,13915,429,8,29,월
2022-08-29,공항철도 1호선,검암,6632,6680,13312,-48,8,29,월
2022-08-29,공항철도 1호선,계양,11733,10900,22633,833,8,29,월
2022-08-29,공항철도 1호선,김포공항,12778,6699,19477,6079,8,29,월
2022-08-29,공항철도 1호선,마곡나루(서울식물원),9870,9525,19395,345,8,29,월
2022-08-29,공항철도 1호선,디지털미디어시티,14639,13828,28467,811,8,29,월
2022-08-29,공항철도 1호선,홍대입구,10205,10726,20931,-521,8,29,월
2022-08-29,공항철도 1호선,공덕,2545,3188,5733,-643,8,29,월
2022-08-29,공항철도 1호선,서울역,9525,8565,18090,960,8,29,월
2022-08-29,경춘선,춘천,1816,1790,3606,26,8,29,월
2022-08-29,경춘선,남춘천,2615,2583,5198,32,8,29,월
2022-08-29,경춘선,김유정,367,334,701,33,8,29,월
2022-08-29,경춘선,강촌,428,460,888,-32,8,29,월
2022-08-29,경춘선,백양리,96,92,188,4,8,29,월
2022-08-29,경춘선,굴봉산,158,131,289,27,8,29,월
2022-08-29,경춘선,가평,2199,2547,4746,-348,8,29,월
2022-08-29,경춘선,상천,247,210,457,37,8,29,월
2022-08-29,경춘선,청평,1941,1830,3771,111,8,29,월
2022-08-29,경춘선,대성리,928,1267,2195,-339,8,29,월
2022-08-29,경춘선,마석,4265,4055,8320,210,8,29,월
2022-08-29,경춘선,천마산,1757,1598,3355,159,8,29,월
2022-08-29,경춘선,평내호평,6660,6477,13137,183,8,29,월
2022-08-29,경춘선,금곡,1608,1502,3110,106,8,29,월
2022-08-29,경춘선,사릉,2623,2518,5141,105,8,29,월
2022-08-29,경춘선,퇴계원,3638,3243,6881,395,8,29,월
2022-08-29,경춘선,별내,3309,2993,6302,316,8,29,월
2022-08-29,경춘선,갈매,3134,2669,5803,465,8,29,월
2022-08-29,경춘선,신내,2354,2264,4618,90,8,29,월
2022-08-29,경인선,도화,4459,4125,8584,334,8,29,월
2022-08-29,경인선,중동,9870,9075,18945,795,8,29,월
2022-08-29,경인선,온수(성공회대입구),7760,7169,14929,591,8,29,월
2022-08-29,경인선,도원,3544,3467,7011,77,8,29,월
2022-08-29,경인선,간석,6092,5729,11821,363,8,29,월
2022-08-29,경인선,부개,9062,8290,17352,772,8,29,월
2022-08-29,경인선,소사,9067,9142,18209,-75,8,29,월
2022-08-29,경인선,구일,6552,6349,12901,203,8,29,월
2022-08-29,경인선,인천,3523,2754,6277,769,8,29,월
2022-08-29,경인선,동인천,13698,12791,26489,907,8,29,월
2022-08-29,경인선,제물포,11773,11455,23228,318,8,29,월
2022-08-29,경인선,주안,20077,18486,38563,1591,8,29,월
2022-08-29,경인선,동암,16279,16074,32353,205,8,29,월
2022-08-29,경인선,백운,7342,7112,14454,230,8,29,월
2022-08-29,경인선,부평,28316,30240,58556,-1924,8,29,월
2022-08-29,경인선,송내,28616,28554,57170,62,8,29,월
2022-08-29,경인선,부천,33601,33358,66959,243,8,29,월
2022-08-29,경인선,역곡,30261,30096,60357,165,8,29,월
2022-08-29,경인선,오류동,12093,11202,23295,891,8,29,월
2022-08-29,경인선,개봉,21964,21545,43509,419,8,29,월
2022-08-29,경의선,계양,1,0,1,1,8,29,월
2022-08-29,경의선,임진강,18,5,23,13,8,29,월
2022-08-29,경의선,문산,5523,5478,11001,45,8,29,월
2022-08-29,경의선,파주,1743,1269,3012,474,8,29,월
2022-08-29,경의선,월롱,3199,3173,6372,26,8,29,월
2022-08-29,경의선,금촌,6729,6541,13270,188,8,29,월
2022-08-29,경의선,금릉,4953,4824,9777,129,8,29,월
2022-08-29,경의선,운정,7333,6761,14094,572,8,29,월
2022-08-29,경의선,야당,7969,7806,15775,163,8,29,월
2022-08-29,경의선,탄현,8262,7653,15915,609,8,29,월
2022-08-29,경의선,일산,9862,9500,19362,362,8,29,월
2022-08-29,경의선,풍산,5832,5337,11169,495,8,29,월
2022-08-29,경의선,백마,7401,6999,14400,402,8,29,월
2022-08-29,경의선,곡산,624,653,1277,-29,8,29,월
2022-08-29,경의선,능곡,4016,3683,7699,333,8,29,월
2022-08-29,경의선,행신,8635,8597,17232,38,8,29,월
2022-08-29,경의선,강매,3402,2907,6309,495,8,29,월
2022-08-29,경의선,화전,3713,3490,7203,223,8,29,월
2022-08-29,경의선,수색,2975,3084,6059,-109,8,29,월
2022-08-29,경의선,디지털미디어시티,2813,2447,5260,366,8,29,월
2022-08-29,경의선,가좌,5970,5549,11519,421,8,29,월
2022-08-29,경의선,홍대입구,1815,2070,3885,-255,8,29,월
2022-08-29,경의선,서강대,2143,2040,4183,103,8,29,월
2022-08-29,경의선,공덕,3855,3382,7237,473,8,29,월
2022-08-29,경의선,효창공원앞,3152,3580,6732,-428,8,29,월
2022-08-29,경의선,신촌,946,1187,2133,-241,8,29,월
2022-08-29,경의선,서울역,4804,6149,10953,-1345,8,29,월
2022-08-29,경원선,소요산,2219,1802,4021,417,8,29,월
2022-08-29,경원선,동두천,2694,2837,5531,-143,8,29,월
2022-08-29,경원선,보산,1607,1430,3037,177,8,29,월
2022-08-29,경원선,동두천중앙,3174,3046,6220,128,8,29,월
2022-08-29,경원선,지행,6752,6569,13321,183,8,29,월
2022-08-29,경원선,덕정,6494,6237,12731,257,8,29,월
2022-08-29,경원선,덕계,3556,3262,6818,294,8,29,월
2022-08-29,경원선,양주,8040,7371,15411,669,8,29,월
2022-08-29,경원선,녹양,4721,4430,9151,291,8,29,월
2022-08-29,경원선,가능,6992,6734,13726,258,8,29,월
2022-08-29,경원선,의정부,17950,18727,36677,-777,8,29,월
2022-08-29,경원선,회룡,12761,12732,25493,29,8,29,월
2022-08-29,경원선,망월사,7860,7896,15756,-36,8,29,월
2022-08-29,경원선,도봉산,6604,4324,10928,2280,8,29,월
2022-08-29,경원선,도봉,6227,5959,12186,268,8,29,월
2022-08-29,경원선,방학,10056,9764,19820,292,8,29,월
2022-08-29,경원선,녹천,4877,4079,8956,798,8,29,월
2022-08-29,경원선,월계,6827,6401,13228,426,8,29,월
2022-08-29,경원선,광운대,7405,7065,14470,340,8,29,월
2022-08-29,경원선,석계,8088,9218,17306,-1130,8,29,월
2022-08-29,경원선,신이문,8657,8051,16708,606,8,29,월
2022-08-29,경원선,외대앞,7754,7833,15587,-79,8,29,월
2022-08-29,경원선,청량리(서울시립대입구),15461,16261,31722,-800,8,29,월
2022-08-29,경원선,왕십리(성동구청),14085,16139,30224,-2054,8,29,월
2022-08-29,경원선,응봉,2009,1641,3650,368,8,29,월
2022-08-29,경원선,옥수,41,42,83,-1,8,29,월
2022-08-29,경원선,한남,4289,4046,8335,243,8,29,월
2022-08-29,경원선,서빙고,2111,1899,4010,212,8,29,월
2022-08-29,경원선,이촌(국립중앙박물관),3946,3133,7079,813,8,29,월
2022-08-29,경부선,광명,3661,3001,6662,660,8,29,월
2022-08-29,경부선,서동탄,1444,1217,2661,227,8,29,월
2022-08-29,경부선,당정,6357,6136,12493,221,8,29,월
2022-08-29,경부선,천안,6718,6517,13235,201,8,29,월
2022-08-29,경부선,두정,7091,8073,15164,-982,8,29,월
2022-08-29,경부선,직산,902,878,1780,24,8,29,월
2022-08-29,경부선,성환,6960,6863,13823,97,8,29,월
2022-08-29,경부선,평택,12711,12747,25458,-36,8,29,월
2022-08-29,경부선,평택지제,4197,4053,8250,144,8,29,월
2022-08-29,경부선,서정리,8017,7771,15788,246,8,29,월
2022-08-29,경부선,송탄,4450,4344,8794,106,8,29,월
2022-08-29,경부선,진위,1875,1708,3583,167,8,29,월
2022-08-29,경부선,오산,10360,10471,20831,-111,8,29,월
2022-08-29,경부선,오산대,4243,3862,8105,381,8,29,월
2022-08-29,경부선,세마,3056,2873,5929,183,8,29,월
2022-08-29,경부선,병점,15546,15538,31084,8,8,29,월
2022-08-29,경부선,세류,3356,2895,6251,461,8,29,월
2022-08-29,경부선,독산,19401,20220,39621,-819,8,29,월
2022-08-29,경부선,수원,36032,38079,74111,-2047,8,29,월
2022-08-29,경부선,화서,8542,8077,16619,465,8,29,월
2022-08-29,경부선,성균관대,15709,15794,31503,-85,8,29,월
2022-08-29,경부선,의왕,9480,9483,18963,-3,8,29,월
2022-08-29,경부선,군포,7821,7657,15478,164,8,29,월
2022-08-29,경부선,금정,27382,28149,55531,-767,8,29,월
2022-08-29,경부선,명학,10508,10480,20988,28,8,29,월
2022-08-29,경부선,안양,25773,25495,51268,278,8,29,월
2022-08-29,경부선,관악,7524,7187,14711,337,8,29,월
2022-08-29,경부선,석수,9798,8756,18554,1042,8,29,월
2022-08-29,경부선,금천구청,12075,11959,24034,116,8,29,월
2022-08-29,경부선,가산디지털단지,19138,22158,41296,-3020,8,29,월
2022-08-29,경부선,구로,18826,18814,37640,12,8,29,월
2022-08-29,경부선,신길,9447,7954,17401,1493,8,29,월
2022-08-29,경부선,신도림,4102,4217,8319,-115,8,29,월
2022-08-29,경부선,영등포,37872,39357,77229,-1485,8,29,월
2022-08-29,경부선,대방,11622,12532,24154,-910,8,29,월
2022-08-29,경부선,노량진,8025,7951,15976,74,8,29,월
2022-08-29,경부선,용산,35876,36388,72264,-512,8,29,월
2022-08-29,경부선,남영,9868,10076,19944,-208,8,29,월
2022-08-29,경부선,서울역,8282,2387,10669,5895,8,29,월
2022-08-29,경강선,여주,2657,2590,5247,67,8,29,월
2022-08-29,경강선,세종대왕릉,378,360,738,18,8,29,월
2022-08-29,경강선,부발,2114,2228,4342,-114,8,29,월
2022-08-29,경강선,이천,2683,2805,5488,-122,8,29,월
2022-08-29,경강선,신둔도예촌,1734,1564,3298,170,8,29,월
2022-08-29,경강선,곤지암,2232,2181,4413,51,8,29,월
2022-08-29,경강선,초월,3447,3246,6693,201,8,29,월
2022-08-29,경강선,경기광주,8418,7799,16217,619,8,29,월
2022-08-29,경강선,삼동,2670,2437,5107,233,8,29,월
2022-08-29,경강선,이매,1202,1050,2252,152,8,29,월
2022-08-29,경강선,판교,5477,5391,10868,86,8,29,월
2022-08-29,9호선2~3단계,중앙보훈병원,12016,10619,22635,1397,8,29,월
2022-08-29,9호선2~3단계,둔촌오륜,1219,1126,2345,93,8,29,월
2022-08-29,9호선2~3단계,올림픽공원(한국체대),6355,6593,12948,-238,8,29,월
2022-08-29,9호선2~3단계,한성백제,2563,2302,4865,261,8,29,월
2022-08-29,9호선2~3단계,송파나루,5042,5441,10483,-399,8,29,월
2022-08-29,9호선2~3단계,석촌,8814,7908,16722,906,8,29,월
2022-08-29,9호선2~3단계,석촌고분,6616,6420,13036,196,8,29,월
2022-08-29,9호선2~3단계,삼전,7163,6809,13972,354,8,29,월
2022-08-29,9호선2~3단계,종합운동장,4249,4374,8623,-125,8,29,월
2022-08-29,9호선2~3단계,봉은사,17496,17878,35374,-382,8,29,월
2022-08-29,9호선2~3단계,삼성중앙,7883,8331,16214,-448,8,29,월
2022-08-29,9호선2~3단계,선정릉,10644,11446,22090,-802,8,29,월
2022-08-29,9호선2~3단계,언주,11125,11480,22605,-355,8,29,월
2022-08-29,9호선,신논현,30157,29362,59519,795,8,29,월
2022-08-29,9호선,사평,3932,3745,7677,187,8,29,월
2022-08-29,9호선,고속터미널,13004,16366,29370,-3362,8,29,월
2022-08-29,9호선,신반포,3747,3785,7532,-38,8,29,월
2022-08-29,9호선,구반포,1223,1234,2457,-11,8,29,월
2022-08-29,9호선,동작(현충원),1779,1335,3114,444,8,29,월
2022-08-29,9호선,흑석(중앙대입구),8512,8923,17435,-411,8,29,월
2022-08-29,9호선,노들,4848,4028,8876,820,8,29,월
2022-08-29,9호선,노량진,25694,25291,50985,403,8,29,월
2022-08-29,9호선,샛강,6405,6629,13034,-224,8,29,월
2022-08-29,9호선,여의도,30096,29518,59614,578,8,29,월
2022-08-29,9호선,국회의사당,17409,18663,36072,-1254,8,29,월
2022-08-29,9호선,당산,18718,19289,38007,-571,8,29,월
2022-08-29,9호선,선유도,9266,8894,18160,372,8,29,월
2022-08-29,9호선,신목동,4450,3868,8318,582,8,29,월
2022-08-29,9호선,염창,17964,17493,35457,471,8,29,월
2022-08-29,9호선,등촌,12134,11627,23761,507,8,29,월
2022-08-29,9호선,증미,8119,7921,16040,198,8,29,월
2022-08-29,9호선,가양,21868,21538,43406,330,8,29,월
2022-08-29,9호선,양천향교,10223,10512,20735,-289,8,29,월
2022-08-29,9호선,마곡나루(서울식물원),12415,12410,24825,5,8,29,월
2022-08-29,9호선,신방화,7222,6920,14142,302,8,29,월
2022-08-29,9호선,공항시장,3094,3334,6428,-240,8,29,월
2022-08-29,9호선,김포공항,7528,10655,18183,-3127,8,29,월
2022-08-29,9호선,개화,2896,1919,4815,977,8,29,월
2022-08-29,8호선,남위례,5682,6037,11719,-355,8,29,월
2022-08-29,8호선,모란,5998,4774,10772,1224,8,29,월
2022-08-29,8호선,수진,5600,5164,10764,436,8,29,월
2022-08-29,8호선,신흥,4240,4552,8792,-312,8,29,월
2022-08-29,8호선,단대오거리,11497,10957,22454,540,8,29,월
2022-08-29,8호선,남한산성입구(성남법원.검찰청),14709,13689,28398,1020,8,29,월
2022-08-29,8호선,산성,5480,5556,11036,-76,8,29,월
2022-08-29,8호선,복정,9930,8381,18311,1549,8,29,월
2022-08-29,8호선,장지,17114,16183,33297,931,8,29,월
2022-08-29,8호선,문정,22491,24120,46611,-1629,8,29,월
2022-08-29,8호선,가락시장,7890,8795,16685,-905,8,29,월
2022-08-29,8호선,송파,9185,8723,17908,462,8,29,월
2022-08-29,8호선,석촌,7672,8679,16351,-1007,8,29,월
2022-08-29,8호선,잠실(송파구청),13837,16330,30167,-2493,8,29,월
2022-08-29,8호선,몽촌토성(평화의문),6201,6278,12479,-77,8,29,월
2022-08-29,8호선,강동구청,10907,11199,22106,-292,8,29,월
2022-08-29,8호선,천호(풍납토성),14649,16787,31436,-2138,8,29,월
2022-08-29,8호선,암사,19496,16967,36463,2529,8,29,월
2022-08-29,7호선,부평구청,2,0,2,2,8,29,월
2022-08-29,7호선,상동,1,0,1,1,8,29,월
2022-08-29,7호선,까치울,1,0,1,1,8,29,월
2022-08-29,7호선,온수(성공회대입구),11503,10763,22266,740,8,29,월
2022-08-29,7호선,천왕,12166,11629,23795,537,8,29,월
2022-08-29,7호선,광명사거리,22078,21863,43941,215,8,29,월
2022-08-29,7호선,철산,21924,22096,44020,-172,8,29,월
2022-08-29,7호선,가산디지털단지,46548,47232,93780,-684,8,29,월
2022-08-29,7호선,남구로,16796,17306,34102,-510,8,29,월
2022-08-29,7호선,대림(구로구청),8349,8426,16775,-77,8,29,월
2022-08-29,7호선,신풍,11994,11378,23372,616,8,29,월
2022-08-29,7호선,보라매,7841,8004,15845,-163,8,29,월
2022-08-29,7호선,신대방삼거리,15511,14778,30289,733,8,29,월
2022-08-29,7호선,장승배기,9525,9558,19083,-33,8,29,월
2022-08-29,7호선,상도,11299,10989,22288,310,8,29,월
2022-08-29,7호선,숭실대입구(살피재),12345,12481,24826,-136,8,29,월
2022-08-29,7호선,남성,11949,11088,23037,861,8,29,월
2022-08-29,7호선,이수,15764,15294,31058,470,8,29,월
2022-08-29,7호선,내방,14989,15386,30375,-397,8,29,월
2022-08-29,7호선,고속터미널,16715,13670,30385,3045,8,29,월
2022-08-29,7호선,반포,6124,6029,12153,95,8,29,월
2022-08-29,7호선,논현,19520,20025,39545,-505,8,29,월
2022-08-29,7호선,학동,24979,26092,51071,-1113,8,29,월
2022-08-29,7호선,강남구청,16876,18577,35453,-1701,8,29,월
2022-08-29,7호선,청담,20625,22827,43452,-2202,8,29,월
2022-08-29,7호선,뚝섬유원지,9217,8514,17731,703,8,29,월
2022-08-29,7호선,건대입구,13967,14475,28442,-508,8,29,월
2022-08-29,7호선,어린이대공원(세종대),14543,15049,29592,-506,8,29,월
2022-08-29,7호선,군자(능동),15033,12108,27141,2925,8,29,월
2022-08-29,7호선,중곡,11469,10588,22057,881,8,29,월
2022-08-29,7호선,용마산(용마폭포공원),6188,5893,12081,295,8,29,월
2022-08-29,7호선,사가정,16221,16178,32399,43,8,29,월
2022-08-29,7호선,면목,15288,14739,30027,549,8,29,월
2022-08-29,7호선,상봉(시외버스터미널),17203,16605,33808,598,8,29,월
2022-08-29,7호선,중화,10980,10697,21677,283,8,29,월
2022-08-29,7호선,먹골,10238,10152,20390,86,8,29,월
2022-08-29,7호선,태릉입구,8431,8026,16457,405,8,29,월
2022-08-29,7호선,공릉(서울과학기술대),11838,11715,23553,123,8,29,월
2022-08-29,7호선,하계,18055,16865,34920,1190,8,29,월
2022-08-29,7호선,중계,15111,13928,29039,1183,8,29,월
2022-08-29,7호선,노원,19918,21100,41018,-1182,8,29,월
2022-08-29,7호선,마들,13387,12556,25943,831,8,29,월
2022-08-29,7호선,수락산,12616,12341,24957,275,8,29,월
2022-08-29,7호선,도봉산,9074,9974,19048,-900,8,29,월
2022-08-29,7호선,장암,2414,856,3270,1558,8,29,월
2022-08-29,6호선,신내,1,0,1,1,8,29,월
2022-08-29,6호선,봉화산(서울의료원),9219,8712,17931,507,8,29,월
2022-08-29,6호선,화랑대(서울여대입구),11829,9077,20906,2752,8,29,월
2022-08-29,6호선,태릉입구,5474,5941,11415,-467,8,29,월
2022-08-29,6호선,석계,12285,12717,25002,-432,8,29,월
2022-08-29,6호선,돌곶이,9561,8913,18474,648,8,29,월
2022-08-29,6호선,상월곡(한국과학기술연구원),6503,5751,12254,752,8,29,월
2022-08-29,6호선,월곡(동덕여대),12167,11862,24029,305,8,29,월
2022-08-29,6호선,고려대(종암),8382,8162,16544,220,8,29,월
2022-08-29,6호선,안암(고대병원앞),10946,11313,22259,-367,8,29,월
2022-08-29,6호선,보문,7834,7166,15000,668,8,29,월
2022-08-29,6호선,창신,3846,3252,7098,594,8,29,월
2022-08-29,6호선,동묘앞,7885,8094,15979,-209,8,29,월
2022-08-29,6호선,신당,8067,8700,16767,-633,8,29,월
2022-08-29,6호선,청구,3815,3859,7674,-44,8,29,월
2022-08-29,6호선,약수,3734,3672,7406,62,8,29,월
2022-08-29,6호선,버티고개,2205,2172,4377,33,8,29,월
2022-08-29,6호선,한강진,7079,8269,15348,-1190,8,29,월
2022-08-29,6호선,이태원,10715,11002,21717,-287,8,29,월
2022-08-29,6호선,녹사평(용산구청),4875,4726,9601,149,8,29,월
2022-08-29,6호선,삼각지,6633,5530,12163,1103,8,29,월
2022-08-29,6호선,효창공원앞,7300,6562,13862,738,8,29,월
2022-08-29,6호선,공덕,19186,18743,37929,443,8,29,월
2022-08-29,6호선,대흥(서강대앞),8631,8875,17506,-244,8,29,월
2022-08-29,6호선,광흥창(서강),9607,9376,18983,231,8,29,월
2022-08-29,6호선,상수,8230,8865,17095,-635,8,29,월
2022-08-29,6호선,합정,12753,12633,25386,120,8,29,월
2022-08-29,6호선,망원,13698,14631,28329,-933,8,29,월
2022-08-29,6호선,마포구청,15144,13487,28631,1657,8,29,월
2022-08-29,6호선,월드컵경기장(성산),4682,4914,9596,-232,8,29,월
2022-08-29,6호선,디지털미디어시티,15280,16742,32022,-1462,8,29,월
2022-08-29,6호선,증산(명지대앞),10155,9933,20088,222,8,29,월
2022-08-29,6호선,새절(신사),12925,11817,24742,1108,8,29,월
2022-08-29,6호선,구산,8106,6230,14336,1876,8,29,월
2022-08-29,6호선,독바위,2797,2905,5702,-108,8,29,월
2022-08-29,6호선,불광,4264,4418,8682,-154,8,29,월
2022-08-29,6호선,역촌,3830,4547,8377,-717,8,29,월
2022-08-29,6호선,응암,17965,17884,35849,81,8,29,월
2022-08-29,5호선,하남검단산,5936,5652,11588,284,8,29,월
2022-08-29,5호선,하남시청(덕풍·신장),7337,7260,14597,77,8,29,월
2022-08-29,5호선,하남풍산,4327,4242,8569,85,8,29,월
2022-08-29,5호선,미사,16718,16829,33547,-111,8,29,월
2022-08-29,5호선,강일,4711,4548,9259,163,8,29,월
2022-08-29,5호선,마천,7412,7100,14512,312,8,29,월
2022-08-29,5호선,거여,10617,10113,20730,504,8,29,월
2022-08-29,5호선,개롱,6594,6855,13449,-261,8,29,월
2022-08-29,5호선,오금,3870,3952,7822,-82,8,29,월
2022-08-29,5호선,방이,7184,7391,14575,-207,8,29,월
2022-08-29,5호선,올림픽공원(한국체대),4662,4009,8671,653,8,29,월
2022-08-29,5호선,둔촌동,8246,8308,16554,-62,8,29,월
2022-08-29,5호선,상일동,15408,14149,29557,1259,8,29,월
2022-08-29,5호선,고덕,10106,9950,20056,156,8,29,월
2022-08-29,5호선,명일,8707,9082,17789,-375,8,29,월
2022-08-29,5호선,굽은다리(강동구민회관앞),9763,9299,19062,464,8,29,월
2022-08-29,5호선,길동,8109,8416,16525,-307,8,29,월
2022-08-29,5호선,강동,19069,18489,37558,580,8,29,월
2022-08-29,5호선,천호(풍납토성),17506,17608,35114,-102,8,29,월
2022-08-29,5호선,광나루(장신대),14005,12973,26978,1032,8,29,월
2022-08-29,5호선,아차산(어린이대공원후문),14246,13937,28183,309,8,29,월
2022-08-29,5호선,군자(능동),11165,12075,23240,-910,8,29,월
2022-08-29,5호선,장한평,18853,18689,37542,164,8,29,월
2022-08-29,5호선,답십리,17075,15335,32410,1740,8,29,월
2022-08-29,5호선,마장,5921,5378,11299,543,8,29,월
2022-08-29,5호선,왕십리(성동구청),4502,4998,9500,-496,8,29,월
2022-08-29,5호선,행당,8389,7379,15768,1010,8,29,월
2022-08-29,5호선,신금호,6562,6957,13519,-395,8,29,월
2022-08-29,5호선,청구,4013,3709,7722,304,8,29,월
2022-08-29,5호선,동대문역사문화공원(DDP),3239,3715,6954,-476,8,29,월
2022-08-29,5호선,을지로4가,6678,6756,13434,-78,8,29,월
2022-08-29,5호선,종로3가,12213,11813,24026,400,8,29,월
2022-08-29,5호선,광화문(세종문화회관),31213,32641,63854,-1428,8,29,월
2022-08-29,5호선,서대문,20253,20880,41133,-627,8,29,월
2022-08-29,5호선,충정로(경기대입구),4760,4720,9480,40,8,29,월
2022-08-29,5호선,애오개,7049,6815,13864,234,8,29,월
2022-08-29,5호선,공덕,14785,15640,30425,-855,8,29,월
2022-08-29,5호선,마포,14716,15104,29820,-388,8,29,월
2022-08-29,5호선,여의나루,12445,13995,26440,-1550,8,29,월
2022-08-29,5호선,여의도,30244,32720,62964,-2476,8,29,월
2022-08-29,5호선,신길,4471,4539,9010,-68,8,29,월
2022-08-29,5호선,영등포시장,10177,10486,20663,-309,8,29,월
2022-08-29,5호선,영등포구청,4228,4362,8590,-134,8,29,월
2022-08-29,5호선,양평,7891,7819,15710,72,8,29,월
2022-08-29,5호선,오목교(목동운동장앞),21393,23256,44649,-1863,8,29,월
2022-08-29,5호선,목동,17024,18253,35277,-1229,8,29,월
2022-08-29,5호선,신정(은행정),14381,11634,26015,2747,8,29,월
2022-08-29,5호선,까치산,29735,27926,57661,1809,8,29,월
2022-08-29,5호선,화곡,29633,27547,57180,2086,8,29,월
2022-08-29,5호선,우장산,15472,15251,30723,221,8,29,월
2022-08-29,5호선,발산,21008,22013,43021,-1005,8,29,월
2022-08-29,5호선,마곡,11049,11248,22297,-199,8,29,월
2022-08-29,5호선,송정,6862,6287,13149,575,8,29,월
2022-08-29,5호선,김포공항,7721,6947,14668,774,8,29,월
2022-08-29,5호선,개화산,5948,5563,11511,385,8,29,월
2022-08-29,5호선,방화,6857,6471,13328,386,8,29,월
2022-08-29,4호선,남태령,1313,1096,2409,217,8,29,월
2022-08-29,4호선,사당,25165,20778,45943,4387,8,29,월
2022-08-29,4호선,총신대입구(이수),19043,20858,39901,-1815,8,29,월
2022-08-29,4호선,동작(현충원),1337,1493,2830,-156,8,29,월
2022-08-29,4호선,이촌(국립중앙박물관),7374,8130,15504,-756,8,29,월
2022-08-29,4호선,신용산,17792,18603,36395,-811,8,29,월
2022-08-29,4호선,삼각지,5208,5721,10929,-513,8,29,월
2022-08-29,4호선,숙대입구(갈월),13245,12798,26043,447,8,29,월
2022-08-29,4호선,서울역,12168,18238,30406,-6070,8,29,월
2022-08-29,4호선,회현(남대문시장),25289,26541,51830,-1252,8,29,월
2022-08-29,4호선,명동,22933,23977,46910,-1044,8,29,월
2022-08-29,4호선,충무로,26361,27991,54352,-1630,8,29,월
2022-08-29,4호선,동대문역사문화공원(DDP),15474,13790,29264,1684,8,29,월
2022-08-29,4호선,동대문,20086,20863,40949,-777,8,29,월
2022-08-29,4호선,혜화,31154,31660,62814,-506,8,29,월
2022-08-29,4호선,한성대입구(삼선교),14732,14084,28816,648,8,29,월
2022-08-29,4호선,성신여대입구(돈암),19556,18963,38519,593,8,29,월
2022-08-29,4호선,길음,20488,20205,40693,283,8,29,월
2022-08-29,4호선,미아사거리,27460,26701,54161,759,8,29,월
2022-08-29,4호선,미아(서울사이버대학),15114,14691,29805,423,8,29,월
2022-08-29,4호선,수유(강북구청),33238,33681,66919,-443,8,29,월
2022-08-29,4호선,쌍문,29169,27224,56393,1945,8,29,월
2022-08-29,4호선,창동,25475,26978,52453,-1503,8,29,월
2022-08-29,4호선,노원,18375,20717,39092,-2342,8,29,월
2022-08-29,4호선,상계,19493,18257,37750,1236,8,29,월
2022-08-29,4호선,당고개,9314,8088,17402,1226,8,29,월
2022-08-29,3호선,오금,6464,5785,12249,679,8,29,월
2022-08-29,3호선,경찰병원,7542,7566,15108,-24,8,29,월
2022-08-29,3호선,가락시장,9239,9084,18323,155,8,29,월
2022-08-29,3호선,수서,17579,18071,35650,-492,8,29,월
2022-08-29,3호선,일원,11095,10817,21912,278,8,29,월
2022-08-29,3호선,대청,11760,11049,22809,711,8,29,월
2022-08-29,3호선,학여울,1863,1824,3687,39,8,29,월
2022-08-29,3호선,대치,11372,11658,23030,-286,8,29,월
2022-08-29,3호선,도곡,5262,5591,10853,-329,8,29,월
2022-08-29,3호선,매봉,12713,12222,24935,491,8,29,월
2022-08-29,3호선,양재(서초구청),37801,41574,79375,-3773,8,29,월
2022-08-29,3호선,남부터미널(예술의전당),29174,29442,58616,-268,8,29,월
2022-08-29,3호선,교대(법원.검찰청),15243,10127,25370,5116,8,29,월
2022-08-29,3호선,고속터미널,42461,40305,82766,2156,8,29,월
2022-08-29,3호선,잠원,4915,4778,9693,137,8,29,월
2022-08-29,3호선,신사,28431,29938,58369,-1507,8,29,월
2022-08-29,3호선,압구정,31739,34316,66055,-2577,8,29,월
2022-08-29,3호선,옥수,9189,9371,18560,-182,8,29,월
2022-08-29,3호선,금호,8115,7594,15709,521,8,29,월
2022-08-29,3호선,약수,13348,12849,26197,499,8,29,월
2022-08-29,3호선,동대입구,7572,8114,15686,-542,8,29,월
2022-08-29,3호선,을지로3가,11008,11243,22251,-235,8,29,월
2022-08-29,3호선,종로3가,10050,11811,21861,-1761,8,29,월
2022-08-29,3호선,안국,22607,22939,45546,-332,8,29,월
2022-08-29,3호선,경복궁(정부서울청사),20374,20987,41361,-613,8,29,월
2022-08-29,3호선,독립문,6961,6978,13939,-17,8,29,월
2022-08-29,3호선,무악재,3985,3945,7930,40,8,29,월
2022-08-29,3호선,홍제,17907,16911,34818,996,8,29,월
2022-08-29,3호선,녹번,16026,14484,30510,1542,8,29,월
2022-08-29,3호선,불광,16260,17011,33271,-751,8,29,월
2022-08-29,3호선,연신내,36570,34473,71043,2097,8,29,월
2022-08-29,3호선,구파발,21320,20615,41935,705,8,29,월
2022-08-29,3호선,지축,5456,5330,10786,126,8,29,월
2022-08-29,2호선,용두(동대문구청),2647,2680,5327,-33,8,29,월
2022-08-29,2호선,신정네거리,10682,10862,21544,-180,8,29,월
2022-08-29,2호선,양천구청,7024,7236,14260,-212,8,29,월
2022-08-29,2호선,도림천,1485,1583,3068,-98,8,29,월
2022-08-29,2호선,신설동,3246,3389,6635,-143,8,29,월
2022-08-29,2호선,신답,1796,1956,3752,-160,8,29,월
2022-08-29,2호선,용답,2851,2910,5761,-59,8,29,월
2022-08-29,2호선,충정로(경기대입구),10413,10952,21365,-539,8,29,월
2022-08-29,2호선,아현,10904,10297,21201,607,8,29,월
2022-08-29,2호선,이대,14048,15140,29188,-1092,8,29,월
2022-08-29,2호선,신촌,34166,35053,69219,-887,8,29,월
2022-08-29,2호선,홍대입구,55134,58648,113782,-3514,8,29,월
2022-08-29,2호선,합정,30247,32358,62605,-2111,8,29,월
2022-08-29,2호선,당산,18209,21657,39866,-3448,8,29,월
2022-08-29,2호선,영등포구청,22618,23605,46223,-987,8,29,월
2022-08-29,2호선,문래,22827,23311,46138,-484,8,29,월
2022-08-29,2호선,신도림,47271,46353,93624,918,8,29,월
2022-08-29,2호선,대림(구로구청),24329,25109,49438,-780,8,29,월
2022-08-29,2호선,구로디지털단지,60856,61175,122031,-319,8,29,월
2022-08-29,2호선,신대방,25457,24828,50285,629,8,29,월
2022-08-29,2호선,신림,57682,55159,112841,2523,8,29,월
2022-08-29,2호선,봉천,24598,23017,47615,1581,8,29,월
2022-08-29,2호선,서울대입구(관악구청),47170,47249,94419,-79,8,29,월
2022-08-29,2호선,낙성대(강감찬),27783,27431,55214,352,8,29,월
2022-08-29,2호선,사당,36631,40191,76822,-3560,8,29,월
2022-08-29,2호선,방배,16294,16753,33047,-459,8,29,월
2022-08-29,2호선,서초,22403,21430,43833,973,8,29,월
2022-08-29,2호선,교대(법원.검찰청),34299,39208,73507,-4909,8,29,월
2022-08-29,2호선,강남,79280,77037,156317,2243,8,29,월
2022-08-29,2호선,역삼,55023,62782,117805,-7759,8,29,월
2022-08-29,2호선,선릉,59409,52751,112160,6658,8,29,월
2022-08-29,2호선,삼성(무역센터),52687,54084,106771,-1397,8,29,월
2022-08-29,2호선,종합운동장,6985,7893,14878,-908,8,29,월
2022-08-29,2호선,잠실새내,21343,20883,42226,460,8,29,월
2022-08-29,2호선,잠실(송파구청),68068,68594,136662,-526,8,29,월
2022-08-29,2호선,잠실나루,15368,15163,30531,205,8,29,월
2022-08-29,2호선,강변(동서울터미널),32122,29974,62096,2148,8,29,월
2022-08-29,2호선,구의(광진구청),24028,23775,47803,253,8,29,월
2022-08-29,2호선,건대입구,34701,37332,72033,-2631,8,29,월
2022-08-29,2호선,성수,38462,42178,80640,-3716,8,29,월
2022-08-29,2호선,뚝섬,22229,24452,46681,-2223,8,29,월
2022-08-29,2호선,한양대,7691,8285,15976,-594,8,29,월
2022-08-29,2호선,왕십리(성동구청),16059,13368,29427,2691,8,29,월
2022-08-29,2호선,상왕십리,14754,14367,29121,387,8,29,월
2022-08-29,2호선,신당,14241,14588,28829,-347,8,29,월
2022-08-29,2호선,동대문역사문화공원(DDP),12381,13922,26303,-1541,8,29,월
2022-08-29,2호선,을지로4가,14335,14241,28576,94,8,29,월
2022-08-29,2호선,을지로3가,24010,24370,48380,-360,8,29,월
2022-08-29,2호선,을지로입구,43279,44956,88235,-1677,8,29,월
2022-08-29,2호선,시청,24702,24547,49249,155,8,29,월
2022-08-29,1호선,동묘앞,7052,7522,14574,-470,8,29,월
2022-08-29,1호선,종각,37137,36814,73951,323,8,29,월
2022-08-29,1호선,제기동,18269,18892,37161,-623,8,29,월
2022-08-30,9호선2~3단계,선정릉,10835,11719,22554,-884,8,30,화
2022-08-30,중앙선,용문,2280,2187,4467,93,8,30,화
2022-08-30,중앙선,지평,50,58,108,-8,8,30,화
2022-08-30,2호선,신답,1774,2043,3817,-269,8,30,화
2022-08-30,1호선,서울역,47548,45011,92559,2537,8,30,화
2022-08-30,1호선,시청,25057,24830,49887,227,8,30,화
2022-08-30,1호선,종각,37848,37232,75080,616,8,30,화
2022-08-30,1호선,종로3가,22591,20692,43283,1899,8,30,화
2022-08-30,1호선,종로5가,22569,22361,44930,208,8,30,화
2022-08-30,1호선,동대문,10139,9317,19456,822,8,30,화
2022-08-30,1호선,신설동,13398,13107,26505,291,8,30,화
2022-08-30,1호선,제기동,15680,15629,31309,51,8,30,화
2022-08-30,1호선,청량리(서울시립대입구),18315,18050,36365,265,8,30,화
2022-08-30,1호선,동묘앞,6109,6386,12495,-277,8,30,화
2022-08-30,2호선,시청,25675,24874,50549,801,8,30,화
2022-08-30,2호선,을지로입구,44067,45490,89557,-1423,8,30,화
2022-08-30,2호선,을지로3가,24803,24575,49378,228,8,30,화
2022-08-30,2호선,을지로4가,14057,13916,27973,141,8,30,화
2022-08-30,2호선,동대문역사문화공원(DDP),12249,14250,26499,-2001,8,30,화
2022-08-30,2호선,신당,14169,14679,28848,-510,8,30,화
2022-08-30,2호선,상왕십리,14915,14552,29467,363,8,30,화
2022-08-30,2호선,왕십리(성동구청),16101,13548,29649,2553,8,30,화
2022-08-30,2호선,한양대,7345,7742,15087,-397,8,30,화
2022-08-30,2호선,뚝섬,22500,24282,46782,-1782,8,30,화
2022-08-30,2호선,성수,39343,42356,81699,-3013,8,30,화
2022-08-30,2호선,건대입구,33629,36249,69878,-2620,8,30,화
2022-08-30,2호선,구의(광진구청),24377,23993,48370,384,8,30,화
2022-08-30,2호선,강변(동서울터미널),30284,28285,58569,1999,8,30,화
2022-08-30,2호선,잠실나루,14955,14595,29550,360,8,30,화
2022-08-30,2호선,잠실(송파구청),67528,67726,135254,-198,8,30,화
2022-08-30,2호선,잠실새내,21426,21623,43049,-197,8,30,화
2022-08-30,2호선,종합운동장,6866,7454,14320,-588,8,30,화
2022-08-30,2호선,삼성(무역센터),55990,56731,112721,-741,8,30,화
2022-08-30,2호선,선릉,60780,54083,114863,6697,8,30,화
2022-08-30,2호선,역삼,58861,65173,124034,-6312,8,30,화
2022-08-30,2호선,강남,81046,78028,159074,3018,8,30,화
2022-08-30,2호선,교대(법원.검찰청),35538,40420,75958,-4882,8,30,화
2022-08-30,2호선,서초,23542,22582,46124,960,8,30,화
2022-08-30,2호선,방배,16818,17464,34282,-646,8,30,화
2022-08-30,2호선,사당,37764,40904,78668,-3140,8,30,화
2022-08-30,2호선,낙성대(강감찬),28051,27441,55492,610,8,30,화
2022-08-30,2호선,서울대입구(관악구청),46642,46245,92887,397,8,30,화
2022-08-30,2호선,봉천,24436,22989,47425,1447,8,30,화
2022-08-30,2호선,신림,56893,54776,111669,2117,8,30,화
2022-08-30,2호선,신대방,24510,24172,48682,338,8,30,화
2022-08-30,2호선,구로디지털단지,59919,60155,120074,-236,8,30,화
2022-08-30,2호선,대림(구로구청),23253,23718,46971,-465,8,30,화
2022-08-30,2호선,신도림,47060,46567,93627,493,8,30,화
2022-08-30,2호선,문래,23365,23867,47232,-502,8,30,화
2022-08-30,2호선,영등포구청,22736,23449,46185,-713,8,30,화
2022-08-30,2호선,당산,17552,21203,38755,-3651,8,30,화
2022-08-30,2호선,합정,30635,32421,63056,-1786,8,30,화
2022-08-30,2호선,홍대입구,52474,56434,108908,-3960,8,30,화
2022-08-30,2호선,신촌,33745,35099,68844,-1354,8,30,화
2022-08-30,2호선,이대,13972,14863,28835,-891,8,30,화
2022-08-30,2호선,아현,11067,10489,21556,578,8,30,화
2022-08-30,2호선,충정로(경기대입구),10572,11124,21696,-552,8,30,화
2022-08-30,2호선,용답,2774,2714,5488,60,8,30,화
2022-08-30,2호선,신설동,3385,3472,6857,-87,8,30,화
2022-08-30,2호선,도림천,1553,1618,3171,-65,8,30,화
2022-08-30,2호선,양천구청,7041,7349,14390,-308,8,30,화
2022-08-30,2호선,신정네거리,10480,10737,21217,-257,8,30,화
2022-08-30,2호선,용두(동대문구청),2436,2434,4870,2,8,30,화
2022-08-30,3호선,지축,5229,5098,10327,131,8,30,화
2022-08-30,3호선,구파발,20697,19776,40473,921,8,30,화
2022-08-30,3호선,연신내,35085,33188,68273,1897,8,30,화
2022-08-30,3호선,불광,15547,16685,32232,-1138,8,30,화
2022-08-30,3호선,녹번,15759,14269,30028,1490,8,30,화
2022-08-30,3호선,홍제,17512,16599,34111,913,8,30,화
2022-08-30,3호선,무악재,3956,3951,7907,5,8,30,화
2022-08-30,3호선,독립문,6819,6813,13632,6,8,30,화
2022-08-30,3호선,경복궁(정부서울청사),19108,18731,37839,377,8,30,화
2022-08-30,3호선,안국,22450,22901,45351,-451,8,30,화
2022-08-30,3호선,종로3가,10223,11695,21918,-1472,8,30,화
2022-08-30,3호선,을지로3가,11662,11363,23025,299,8,30,화
2022-08-30,3호선,충무로,1,0,1,1,8,30,화
2022-08-30,3호선,동대입구,8086,8361,16447,-275,8,30,화
2022-08-30,3호선,약수,13187,12910,26097,277,8,30,화
2022-08-30,3호선,금호,7945,7279,15224,666,8,30,화
2022-08-30,3호선,옥수,8849,9171,18020,-322,8,30,화
2022-08-30,3호선,압구정,32771,35095,67866,-2324,8,30,화
2022-08-30,3호선,신사,28699,29888,58587,-1189,8,30,화
2022-08-30,3호선,잠원,4888,4678,9566,210,8,30,화
2022-08-30,3호선,고속터미널,41600,38750,80350,2850,8,30,화
2022-08-30,3호선,교대(법원.검찰청),15330,10174,25504,5156,8,30,화
2022-08-30,3호선,남부터미널(예술의전당),29228,29645,58873,-417,8,30,화
2022-08-30,3호선,양재(서초구청),39165,42129,81294,-2964,8,30,화
2022-08-30,3호선,매봉,13076,12427,25503,649,8,30,화
2022-08-30,3호선,도곡,5083,5463,10546,-380,8,30,화
2022-08-30,3호선,대치,11430,11642,23072,-212,8,30,화
2022-08-30,3호선,학여울,1903,2043,3946,-140,8,30,화
2022-08-30,3호선,대청,11258,10489,21747,769,8,30,화
2022-08-30,3호선,일원,11442,10855,22297,587,8,30,화
2022-08-30,3호선,수서,17451,17709,35160,-258,8,30,화
2022-08-30,3호선,가락시장,9090,8888,17978,202,8,30,화
2022-08-30,3호선,경찰병원,7804,7825,15629,-21,8,30,화
2022-08-30,3호선,오금,6460,5964,12424,496,8,30,화
2022-08-30,4호선,당고개,8796,7788,16584,1008,8,30,화
2022-08-30,4호선,상계,19160,17960,37120,1200,8,30,화
2022-08-30,4호선,노원,17752,20265,38017,-2513,8,30,화
2022-08-30,4호선,창동,24846,26657,51503,-1811,8,30,화
2022-08-30,4호선,쌍문,28658,27018,55676,1640,8,30,화
2022-08-30,4호선,수유(강북구청),32644,32908,65552,-264,8,30,화
2022-08-30,4호선,미아(서울사이버대학),14702,14135,28837,567,8,30,화
2022-08-30,4호선,미아사거리,26755,25942,52697,813,8,30,화
2022-08-30,4호선,길음,20524,20571,41095,-47,8,30,화
2022-08-30,4호선,성신여대입구(돈암),19285,18742,38027,543,8,30,화
2022-08-30,4호선,한성대입구(삼선교),14977,14400,29377,577,8,30,화
2022-08-30,4호선,혜화,32987,32512,65499,475,8,30,화
2022-08-30,4호선,동대문,19187,19491,38678,-304,8,30,화
2022-08-30,4호선,동대문역사문화공원(DDP),15417,14441,29858,976,8,30,화
2022-08-30,4호선,충무로,26914,27706,54620,-792,8,30,화
2022-08-30,4호선,명동,22888,23386,46274,-498,8,30,화
2022-08-30,4호선,회현(남대문시장),24514,24838,49352,-324,8,30,화
2022-08-30,4호선,서울역,12178,17952,30130,-5774,8,30,화
2022-08-30,4호선,숙대입구(갈월),13141,12787,25928,354,8,30,화
2022-08-30,4호선,삼각지,5656,6419,12075,-763,8,30,화
2022-08-30,4호선,신용산,18269,18944,37213,-675,8,30,화
2022-08-30,4호선,이촌(국립중앙박물관),7735,8597,16332,-862,8,30,화
2022-08-30,4호선,동작(현충원),992,1191,2183,-199,8,30,화
2022-08-30,4호선,총신대입구(이수),18553,20618,39171,-2065,8,30,화
2022-08-30,4호선,사당,25650,21164,46814,4486,8,30,화
2022-08-30,4호선,남태령,1307,1890,3197,-583,8,30,화
2022-08-30,5호선,방화,6660,6477,13137,183,8,30,화
2022-08-30,5호선,개화산,5641,5358,10999,283,8,30,화
2022-08-30,5호선,김포공항,7468,6754,14222,714,8,30,화
2022-08-30,5호선,송정,6533,6049,12582,484,8,30,화
2022-08-30,5호선,마곡,11281,11319,22600,-38,8,30,화
2022-08-30,5호선,발산,21249,22045,43294,-796,8,30,화
2022-08-30,5호선,우장산,15026,14783,29809,243,8,30,화
2022-08-30,5호선,화곡,28971,26919,55890,2052,8,30,화
2022-08-30,5호선,까치산,28898,27527,56425,1371,8,30,화
2022-08-30,5호선,신정(은행정),14155,11501,25656,2654,8,30,화
2022-08-30,5호선,목동,16745,18242,34987,-1497,8,30,화
2022-08-30,5호선,오목교(목동운동장앞),21727,23400,45127,-1673,8,30,화
2022-08-30,5호선,양평,7982,7970,15952,12,8,30,화
2022-08-30,5호선,영등포구청,4196,4361,8557,-165,8,30,화
2022-08-30,5호선,영등포시장,10190,10532,20722,-342,8,30,화
2022-08-30,5호선,신길,4374,4581,8955,-207,8,30,화
2022-08-30,5호선,여의도,32446,33834,66280,-1388,8,30,화
2022-08-30,5호선,여의나루,9669,11702,21371,-2033,8,30,화
2022-08-30,5호선,마포,15086,15525,30611,-439,8,30,화
2022-08-30,5호선,공덕,15425,16283,31708,-858,8,30,화
2022-08-30,5호선,애오개,7271,7199,14470,72,8,30,화
2022-08-30,5호선,충정로(경기대입구),4870,4919,9789,-49,8,30,화
2022-08-30,5호선,서대문,21405,21699,43104,-294,8,30,화
2022-08-30,5호선,광화문(세종문화회관),32132,33577,65709,-1445,8,30,화
2022-08-30,5호선,종로3가,11853,11796,23649,57,8,30,화
2022-08-30,5호선,을지로4가,6513,6625,13138,-112,8,30,화
2022-08-30,5호선,동대문역사문화공원(DDP),3377,3819,7196,-442,8,30,화
2022-08-30,5호선,청구,4055,3738,7793,317,8,30,화
2022-08-30,5호선,신금호,6768,7015,13783,-247,8,30,화
2022-08-30,5호선,행당,8512,7644,16156,868,8,30,화
2022-08-30,5호선,왕십리(성동구청),4416,5063,9479,-647,8,30,화
2022-08-30,5호선,마장,5851,5446,11297,405,8,30,화
2022-08-30,5호선,답십리,16699,15192,31891,1507,8,30,화
2022-08-30,5호선,장한평,18832,18768,37600,64,8,30,화
2022-08-30,5호선,군자(능동),11056,12289,23345,-1233,8,30,화
2022-08-30,5호선,아차산(어린이대공원후문),14311,13828,28139,483,8,30,화
2022-08-30,5호선,광나루(장신대),13678,12337,26015,1341,8,30,화
2022-08-30,5호선,천호(풍납토성),17290,17318,34608,-28,8,30,화
2022-08-30,5호선,강동,19058,18600,37658,458,8,30,화
2022-08-30,5호선,길동,7925,8288,16213,-363,8,30,화
2022-08-30,5호선,굽은다리(강동구민회관앞),9488,9172,18660,316,8,30,화
2022-08-30,5호선,명일,8725,9177,17902,-452,8,30,화
2022-08-30,5호선,고덕,9817,9695,19512,122,8,30,화
2022-08-30,5호선,상일동,15109,14114,29223,995,8,30,화
2022-08-30,5호선,둔촌동,8461,8329,16790,132,8,30,화
2022-08-30,5호선,올림픽공원(한국체대),4450,3787,8237,663,8,30,화
2022-08-30,5호선,방이,7365,7753,15118,-388,8,30,화
2022-08-30,5호선,오금,3909,3881,7790,28,8,30,화
2022-08-30,5호선,개롱,6642,6891,13533,-249,8,30,화
2022-08-30,5호선,거여,10419,10033,20452,386,8,30,화
2022-08-30,5호선,마천,7203,7024,14227,179,8,30,화
2022-08-30,5호선,강일,4565,4419,8984,146,8,30,화
2022-08-30,5호선,미사,16248,16352,32600,-104,8,30,화
2022-08-30,5호선,하남풍산,4203,4163,8366,40,8,30,화
2022-08-30,5호선,하남시청(덕풍·신장),6911,6632,13543,279,8,30,화
2022-08-30,5호선,하남검단산,5562,5340,10902,222,8,30,화
2022-08-30,6호선,응암,17706,17585,35291,121,8,30,화
2022-08-30,6호선,역촌,3891,4552,8443,-661,8,30,화
2022-08-30,6호선,불광,4296,4284,8580,12,8,30,화
2022-08-30,6호선,독바위,2836,2929,5765,-93,8,30,화
2022-08-30,6호선,연신내,1,0,1,1,8,30,화
2022-08-30,6호선,구산,7983,6155,14138,1828,8,30,화
2022-08-30,6호선,새절(신사),12719,11837,24556,882,8,30,화
2022-08-30,6호선,증산(명지대앞),10018,9972,19990,46,8,30,화
2022-08-30,6호선,디지털미디어시티,15066,16961,32027,-1895,8,30,화
2022-08-30,6호선,월드컵경기장(성산),4155,4398,8553,-243,8,30,화
2022-08-30,6호선,마포구청,14754,13401,28155,1353,8,30,화
2022-08-30,6호선,망원,13439,14441,27880,-1002,8,30,화
2022-08-30,6호선,합정,12582,12625,25207,-43,8,30,화
2022-08-30,6호선,상수,8588,9639,18227,-1051,8,30,화
2022-08-30,6호선,광흥창(서강),9719,9449,19168,270,8,30,화
2022-08-30,6호선,대흥(서강대앞),8624,8912,17536,-288,8,30,화
2022-08-30,6호선,공덕,19321,18773,38094,548,8,30,화
2022-08-30,6호선,효창공원앞,7279,6537,13816,742,8,30,화
2022-08-30,6호선,삼각지,7651,6714,14365,937,8,30,화
2022-08-30,6호선,녹사평(용산구청),4679,4790,9469,-111,8,30,화
2022-08-30,6호선,이태원,10225,10797,21022,-572,8,30,화
2022-08-30,6호선,한강진,8460,9532,17992,-1072,8,30,화
2022-08-30,6호선,버티고개,2164,2257,4421,-93,8,30,화
2022-08-30,6호선,약수,3761,3692,7453,69,8,30,화
2022-08-30,6호선,청구,3936,4055,7991,-119,8,30,화
2022-08-30,6호선,신당,8944,9554,18498,-610,8,30,화
2022-08-30,6호선,동묘앞,7622,8042,15664,-420,8,30,화
2022-08-30,6호선,창신,4027,3544,7571,483,8,30,화
2022-08-30,6호선,보문,7829,7109,14938,720,8,30,화
2022-08-30,6호선,안암(고대병원앞),11162,11378,22540,-216,8,30,화
2022-08-30,6호선,고려대(종암),8278,8112,16390,166,8,30,화
2022-08-30,6호선,월곡(동덕여대),11603,11635,23238,-32,8,30,화
2022-08-30,6호선,상월곡(한국과학기술연구원),6342,5731,12073,611,8,30,화
2022-08-30,6호선,돌곶이,9359,8744,18103,615,8,30,화
2022-08-30,6호선,석계,12263,12807,25070,-544,8,30,화
2022-08-30,6호선,태릉입구,5511,5961,11472,-450,8,30,화
2022-08-30,6호선,화랑대(서울여대입구),11751,9037,20788,2714,8,30,화
2022-08-30,6호선,봉화산(서울의료원),9168,8632,17800,536,8,30,화
2022-08-30,7호선,장암,2232,816,3048,1416,8,30,화
2022-08-30,7호선,도봉산,8922,9731,18653,-809,8,30,화
2022-08-30,7호선,수락산,12427,12344,24771,83,8,30,화
2022-08-30,7호선,마들,13282,12557,25839,725,8,30,화
2022-08-30,7호선,노원,19401,20021,39422,-620,8,30,화
2022-08-30,7호선,중계,14804,13745,28549,1059,8,30,화
2022-08-30,7호선,하계,17831,16733,34564,1098,8,30,화
2022-08-30,7호선,공릉(서울과학기술대),11676,11744,23420,-68,8,30,화
2022-08-30,7호선,태릉입구,8204,7786,15990,418,8,30,화
2022-08-30,7호선,먹골,10300,10091,20391,209,8,30,화
2022-08-30,7호선,중화,10631,10634,21265,-3,8,30,화
2022-08-30,7호선,상봉(시외버스터미널),16612,15725,32337,887,8,30,화
2022-08-30,7호선,면목,14952,14629,29581,323,8,30,화
2022-08-30,7호선,사가정,15877,16043,31920,-166,8,30,화
2022-08-30,7호선,용마산(용마폭포공원),6078,5830,11908,248,8,30,화
2022-08-30,7호선,중곡,11269,10648,21917,621,8,30,화
2022-08-30,7호선,군자(능동),15112,12261,27373,2851,8,30,화
2022-08-30,7호선,어린이대공원(세종대),14305,14835,29140,-530,8,30,화
2022-08-30,7호선,건대입구,14363,14757,29120,-394,8,30,화
2022-08-30,7호선,뚝섬유원지,7169,6983,14152,186,8,30,화
2022-08-30,7호선,청담,20737,22950,43687,-2213,8,30,화
2022-08-30,7호선,강남구청,17648,19511,37159,-1863,8,30,화
2022-08-30,7호선,학동,26001,26977,52978,-976,8,30,화
2022-08-30,7호선,논현,19205,20128,39333,-923,8,30,화
2022-08-30,7호선,반포,6116,5962,12078,154,8,30,화
2022-08-30,7호선,고속터미널,15859,13507,29366,2352,8,30,화
2022-08-30,7호선,내방,15135,15390,30525,-255,8,30,화
2022-08-30,7호선,이수,16238,15365,31603,873,8,30,화
2022-08-30,7호선,남성,11920,11090,23010,830,8,30,화
2022-08-30,7호선,숭실대입구(살피재),11962,12231,24193,-269,8,30,화
2022-08-30,7호선,상도,11326,10983,22309,343,8,30,화
2022-08-30,7호선,장승배기,9443,9233,18676,210,8,30,화
2022-08-30,7호선,신대방삼거리,15332,14759,30091,573,8,30,화
2022-08-30,7호선,보라매,7760,7824,15584,-64,8,30,화
2022-08-30,7호선,신풍,11787,11165,22952,622,8,30,화
2022-08-30,7호선,대림(구로구청),8175,8132,16307,43,8,30,화
2022-08-30,7호선,남구로,16404,17056,33460,-652,8,30,화
2022-08-30,7호선,가산디지털단지,46923,47285,94208,-362,8,30,화
2022-08-30,7호선,철산,21353,21702,43055,-349,8,30,화
2022-08-30,7호선,광명사거리,20773,20637,41410,136,8,30,화
2022-08-30,7호선,천왕,11768,11397,23165,371,8,30,화
2022-08-30,7호선,온수(성공회대입구),11435,10635,22070,800,8,30,화
2022-08-30,7호선,굴포천,2,0,2,2,8,30,화
2022-08-30,8호선,암사,19234,17038,36272,2196,8,30,화
2022-08-30,8호선,천호(풍납토성),14503,16330,30833,-1827,8,30,화
2022-08-30,8호선,강동구청,10914,11173,22087,-259,8,30,화
2022-08-30,8호선,몽촌토성(평화의문),6254,6314,12568,-60,8,30,화
2022-08-30,8호선,잠실(송파구청),14359,16838,31197,-2479,8,30,화
2022-08-30,8호선,석촌,7700,8800,16500,-1100,8,30,화
2022-08-30,8호선,송파,9540,9322,18862,218,8,30,화
2022-08-30,8호선,가락시장,7828,8486,16314,-658,8,30,화
2022-08-30,8호선,문정,22883,24253,47136,-1370,8,30,화
2022-08-30,8호선,장지,17600,16620,34220,980,8,30,화
2022-08-30,8호선,복정,9928,8391,18319,1537,8,30,화
2022-08-30,8호선,산성,5217,5285,10502,-68,8,30,화
2022-08-30,8호선,남한산성입구(성남법원.검찰청),14437,13550,27987,887,8,30,화
2022-08-30,8호선,단대오거리,11032,10503,21535,529,8,30,화
2022-08-30,8호선,신흥,4025,4336,8361,-311,8,30,화
2022-08-30,8호선,수진,5567,5149,10716,418,8,30,화
2022-08-30,8호선,모란,4311,3487,7798,824,8,30,화
2022-08-30,8호선,남위례,5845,5976,11821,-131,8,30,화
2022-08-30,9호선,개화,2763,1903,4666,860,8,30,화
2022-08-30,9호선,김포공항,7610,10207,17817,-2597,8,30,화
2022-08-30,9호선,공항시장,3025,3336,6361,-311,8,30,화
2022-08-30,9호선,신방화,7091,6887,13978,204,8,30,화
2022-08-30,9호선,마곡나루(서울식물원),12539,12438,24977,101,8,30,화
2022-08-30,9호선,양천향교,10153,10707,20860,-554,8,30,화
2022-08-30,9호선,가양,21410,20950,42360,460,8,30,화
2022-08-30,9호선,증미,8064,7948,16012,116,8,30,화
2022-08-30,9호선,등촌,11958,11568,23526,390,8,30,화
2022-08-30,9호선,염창,17714,17355,35069,359,8,30,화
2022-08-30,9호선,신목동,4383,3788,8171,595,8,30,화
2022-08-30,9호선,선유도,9482,9016,18498,466,8,30,화
2022-08-30,9호선,당산,19050,19810,38860,-760,8,30,화
2022-08-30,9호선,국회의사당,18598,19149,37747,-551,8,30,화
2022-08-30,9호선,여의도,31442,29688,61130,1754,8,30,화
2022-08-30,9호선,샛강,6685,6536,13221,149,8,30,화
2022-08-30,9호선,노량진,25122,24613,49735,509,8,30,화
2022-08-30,9호선,노들,4686,3978,8664,708,8,30,화
2022-08-30,9호선,흑석(중앙대입구),8408,8841,17249,-433,8,30,화
2022-08-30,9호선,동작(현충원),1774,1369,3143,405,8,30,화
2022-08-30,9호선,구반포,1181,1156,2337,25,8,30,화
2022-08-30,9호선,신반포,3663,3545,7208,118,8,30,화
2022-08-30,9호선,고속터미널,11821,15459,27280,-3638,8,30,화
2022-08-30,9호선,사평,4030,3918,7948,112,8,30,화
2022-08-30,9호선,신논현,29395,29072,58467,323,8,30,화
2022-08-30,9호선2~3단계,언주,11923,12115,24038,-192,8,30,화
2022-08-30,중앙선,원덕,285,281,566,4,8,30,화
2022-08-30,9호선2~3단계,삼성중앙,8177,8571,16748,-394,8,30,화
2022-08-30,9호선2~3단계,봉은사,18401,18780,37181,-379,8,30,화
2022-08-30,9호선2~3단계,종합운동장,4391,4391,8782,0,8,30,화
2022-08-30,9호선2~3단계,삼전,7321,7066,14387,255,8,30,화
2022-08-30,9호선2~3단계,석촌고분,6796,6749,13545,47,8,30,화
2022-08-30,9호선2~3단계,석촌,8722,7789,16511,933,8,30,화
2022-08-30,9호선2~3단계,송파나루,5390,5751,11141,-361,8,30,화
2022-08-30,9호선2~3단계,한성백제,2734,2538,5272,196,8,30,화
2022-08-30,9호선2~3단계,올림픽공원(한국체대),6101,6344,12445,-243,8,30,화
2022-08-30,9호선2~3단계,둔촌오륜,1240,1127,2367,113,8,30,화
2022-08-30,9호선2~3단계,중앙보훈병원,11741,10396,22137,1345,8,30,화
2022-08-30,경강선,판교,5378,5330,10708,48,8,30,화
2022-08-30,경강선,이매,1257,1065,2322,192,8,30,화
2022-08-30,경강선,삼동,2624,2456,5080,168,8,30,화
2022-08-30,경강선,경기광주,8161,7503,15664,658,8,30,화
2022-08-30,경강선,초월,3203,3102,6305,101,8,30,화
2022-08-30,경강선,곤지암,2057,2031,4088,26,8,30,화
2022-08-30,경강선,신둔도예촌,1858,1612,3470,246,8,30,화
2022-08-30,경강선,이천,2608,2616,5224,-8,8,30,화
2022-08-30,경강선,부발,1972,1936,3908,36,8,30,화
2022-08-30,경강선,세종대왕릉,342,337,679,5,8,30,화
2022-08-30,경강선,여주,2386,2280,4666,106,8,30,화
2022-08-30,경부선,서울역,7435,2175,9610,5260,8,30,화
2022-08-30,경부선,남영,10064,10336,20400,-272,8,30,화
2022-08-30,경부선,용산,35815,35851,71666,-36,8,30,화
2022-08-30,경부선,노량진,7377,7357,14734,20,8,30,화
2022-08-30,경부선,대방,11140,12329,23469,-1189,8,30,화
2022-08-30,경부선,영등포,37000,38108,75108,-1108,8,30,화
2022-08-30,경부선,신도림,3505,3783,7288,-278,8,30,화
2022-08-30,경부선,신길,8918,7596,16514,1322,8,30,화
2022-08-30,경부선,구로,18117,18192,36309,-75,8,30,화
2022-08-30,경부선,가산디지털단지,18752,21836,40588,-3084,8,30,화
2022-08-30,경부선,금천구청,11271,11411,22682,-140,8,30,화
2022-08-30,경부선,석수,9539,8639,18178,900,8,30,화
2022-08-30,경부선,관악,7263,6934,14197,329,8,30,화
2022-08-30,경부선,안양,25159,24796,49955,363,8,30,화
2022-08-30,경부선,명학,10826,10681,21507,145,8,30,화
2022-08-30,경부선,금정,27007,27541,54548,-534,8,30,화
2022-08-30,경부선,군포,7672,7440,15112,232,8,30,화
2022-08-30,경부선,의왕,9006,9074,18080,-68,8,30,화
2022-08-30,경부선,성균관대,15609,15148,30757,461,8,30,화
2022-08-30,경부선,화서,8199,7903,16102,296,8,30,화
2022-08-30,경부선,수원,34219,35724,69943,-1505,8,30,화
2022-08-30,경부선,독산,19417,20129,39546,-712,8,30,화
2022-08-30,경부선,세류,3047,2785,5832,262,8,30,화
2022-08-30,경부선,병점,14943,15009,29952,-66,8,30,화
2022-08-30,경부선,세마,2845,2715,5560,130,8,30,화
2022-08-30,경부선,오산대,4057,3725,7782,332,8,30,화
2022-08-30,경부선,오산,9518,9617,19135,-99,8,30,화
2022-08-30,경부선,진위,1791,1610,3401,181,8,30,화
2022-08-30,경부선,송탄,3998,3916,7914,82,8,30,화
2022-08-30,경부선,서정리,7446,6934,14380,512,8,30,화
2022-08-30,경부선,평택지제,3759,3716,7475,43,8,30,화
2022-08-30,경부선,평택,10735,11065,21800,-330,8,30,화
2022-08-30,경부선,성환,6171,6001,12172,170,8,30,화
2022-08-30,경부선,직산,792,785,1577,7,8,30,화
2022-08-30,경부선,두정,6431,7372,13803,-941,8,30,화
2022-08-30,경부선,천안,6051,5503,11554,548,8,30,화
2022-08-30,경부선,당정,6323,6009,12332,314,8,30,화
2022-08-30,경부선,서동탄,1391,1172,2563,219,8,30,화
2022-08-30,경부선,광명,3417,2903,6320,514,8,30,화
2022-08-30,경원선,이촌(국립중앙박물관),3810,3013,6823,797,8,30,화
2022-08-30,경원선,서빙고,2029,1902,3931,127,8,30,화
2022-08-30,경원선,한남,3967,3780,7747,187,8,30,화
2022-08-30,경원선,옥수,50,39,89,11,8,30,화
2022-08-30,경원선,응봉,1875,1584,3459,291,8,30,화
2022-08-30,경원선,왕십리(성동구청),14203,16225,30428,-2022,8,30,화
2022-08-30,경원선,청량리(서울시립대입구),14492,15072,29564,-580,8,30,화
2022-08-30,경원선,외대앞,7643,7648,15291,-5,8,30,화
2022-08-30,경원선,신이문,8521,7829,16350,692,8,30,화
2022-08-30,경원선,석계,7443,8613,16056,-1170,8,30,화
2022-08-30,경원선,광운대,7280,6999,14279,281,8,30,화
2022-08-30,경원선,월계,6449,6168,12617,281,8,30,화
2022-08-30,경원선,녹천,4781,3962,8743,819,8,30,화
2022-08-30,경원선,창동,2,0,2,2,8,30,화
2022-08-30,경원선,방학,9599,9495,19094,104,8,30,화
2022-08-30,경원선,도봉,5973,5762,11735,211,8,30,화
2022-08-30,경원선,도봉산,6078,3797,9875,2281,8,30,화
2022-08-30,경원선,망월사,7397,7570,14967,-173,8,30,화
2022-08-30,경원선,회룡,12399,12317,24716,82,8,30,화
2022-08-30,경원선,의정부,17276,17823,35099,-547,8,30,화
2022-08-30,경원선,가능,6688,6326,13014,362,8,30,화
2022-08-30,경원선,녹양,4481,4304,8785,177,8,30,화
2022-08-30,경원선,양주,7756,7232,14988,524,8,30,화
2022-08-30,경원선,덕계,3395,3014,6409,381,8,30,화
2022-08-30,경원선,덕정,6241,6114,12355,127,8,30,화
2022-08-30,경원선,지행,6258,6367,12625,-109,8,30,화
2022-08-30,경원선,동두천중앙,3015,2939,5954,76,8,30,화
2022-08-30,경원선,보산,1519,1392,2911,127,8,30,화
2022-08-30,경원선,동두천,2586,2753,5339,-167,8,30,화
2022-08-30,경원선,소요산,1794,1536,3330,258,8,30,화
2022-08-30,경의선,서울역,4747,5994,10741,-1247,8,30,화
2022-08-30,경의선,신촌,896,1170,2066,-274,8,30,화
2022-08-30,경의선,효창공원앞,3159,3495,6654,-336,8,30,화
2022-08-30,경의선,공덕,3888,3237,7125,651,8,30,화
2022-08-30,경의선,서강대,2078,2129,4207,-51,8,30,화
2022-08-30,경의선,홍대입구,1639,1876,3515,-237,8,30,화
2022-08-30,경의선,가좌,5693,5307,11000,386,8,30,화
2022-08-30,경의선,디지털미디어시티,2750,2492,5242,258,8,30,화
2022-08-30,경의선,수색,3048,3239,6287,-191,8,30,화
2022-08-30,경의선,화전,3765,3468,7233,297,8,30,화
2022-08-30,경의선,강매,3284,2788,6072,496,8,30,화
2022-08-30,경의선,행신,8404,8421,16825,-17,8,30,화
2022-08-30,경의선,능곡,3757,3488,7245,269,8,30,화
2022-08-30,경의선,곡산,527,542,1069,-15,8,30,화
2022-08-30,경의선,백마,7046,6863,13909,183,8,30,화
2022-08-30,경의선,풍산,5674,5284,10958,390,8,30,화
2022-08-30,경의선,일산,9531,9312,18843,219,8,30,화
2022-08-30,경의선,탄현,7875,7506,15381,369,8,30,화
2022-08-30,경의선,야당,7626,7517,15143,109,8,30,화
2022-08-30,경의선,운정,6997,6431,13428,566,8,30,화
2022-08-30,경의선,금릉,4889,4744,9633,145,8,30,화
2022-08-30,경의선,금촌,6157,6069,12226,88,8,30,화
2022-08-30,경의선,월롱,3077,2957,6034,120,8,30,화
2022-08-30,경의선,파주,1610,1193,2803,417,8,30,화
2022-08-30,경의선,문산,4995,4973,9968,22,8,30,화
2022-08-30,경의선,임진강,11,3,14,8,8,30,화
2022-08-30,경인선,개봉,21463,20949,42412,514,8,30,화
2022-08-30,경인선,오류동,11604,10684,22288,920,8,30,화
2022-08-30,경인선,역곡,29041,28919,57960,122,8,30,화
2022-08-30,경인선,부천,31399,31013,62412,386,8,30,화
2022-08-30,경인선,송내,27909,28037,55946,-128,8,30,화
2022-08-30,경인선,부평,26706,28234,54940,-1528,8,30,화
2022-08-30,경인선,백운,6827,6713,13540,114,8,30,화
2022-08-30,경인선,동암,15301,15246,30547,55,8,30,화
2022-08-30,경인선,주안,19378,17756,37134,1622,8,30,화
2022-08-30,경인선,제물포,11264,10778,22042,486,8,30,화
2022-08-30,경인선,동인천,12691,12123,24814,568,8,30,화
2022-08-30,경인선,인천,3068,2218,5286,850,8,30,화
2022-08-30,경인선,구일,8131,8299,16430,-168,8,30,화
2022-08-30,경인선,소사,8645,8826,17471,-181,8,30,화
2022-08-30,경인선,부개,8622,8081,16703,541,8,30,화
2022-08-30,경인선,간석,5933,5584,11517,349,8,30,화
2022-08-30,경인선,도원,3311,3246,6557,65,8,30,화
2022-08-30,경인선,온수(성공회대입구),7464,7044,14508,420,8,30,화
2022-08-30,경인선,중동,9335,8722,18057,613,8,30,화
2022-08-30,경인선,도화,4104,3766,7870,338,8,30,화
2022-08-30,경춘선,신내,2245,2238,4483,7,8,30,화
2022-08-30,경춘선,갈매,3078,2630,5708,448,8,30,화
2022-08-30,경춘선,별내,3009,2824,5833,185,8,30,화
2022-08-30,경춘선,퇴계원,3473,3137,6610,336,8,30,화
2022-08-30,경춘선,사릉,2467,2423,4890,44,8,30,화
2022-08-30,경춘선,금곡,1460,1411,2871,49,8,30,화
2022-08-30,경춘선,평내호평,6135,5994,12129,141,8,30,화
2022-08-30,경춘선,천마산,1643,1448,3091,195,8,30,화
2022-08-30,경춘선,마석,3842,3780,7622,62,8,30,화
2022-08-30,경춘선,대성리,1232,900,2132,332,8,30,화
2022-08-30,경춘선,청평,1660,1485,3145,175,8,30,화
2022-08-30,경춘선,상천,186,174,360,12,8,30,화
2022-08-30,경춘선,가평,2304,1805,4109,499,8,30,화
2022-08-30,경춘선,굴봉산,113,95,208,18,8,30,화
2022-08-30,경춘선,백양리,56,55,111,1,8,30,화
2022-08-30,경춘선,강촌,410,314,724,96,8,30,화
2022-08-30,경춘선,김유정,275,271,546,4,8,30,화
2022-08-30,경춘선,남춘천,2175,2359,4534,-184,8,30,화
2022-08-30,경춘선,춘천,1734,1508,3242,226,8,30,화
2022-08-30,공항철도 1호선,서울역,8659,8024,16683,635,8,30,화
2022-08-30,공항철도 1호선,공덕,2478,3312,5790,-834,8,30,화
2022-08-30,공항철도 1호선,홍대입구,9659,10300,19959,-641,8,30,화
2022-08-30,공항철도 1호선,디지털미디어시티,15459,14428,29887,1031,8,30,화
2022-08-30,공항철도 1호선,마곡나루(서울식물원),9706,9120,18826,586,8,30,화
2022-08-30,공항철도 1호선,김포공항,12007,6232,18239,5775,8,30,화
2022-08-30,공항철도 1호선,계양,11482,10671,22153,811,8,30,화
2022-08-30,공항철도 1호선,검암,6411,6478,12889,-67,8,30,화
2022-08-30,공항철도 1호선,청라국제도시,7010,6602,13612,408,8,30,화
2022-08-30,공항철도 1호선,운서,7400,7658,15058,-258,8,30,화
2022-08-30,공항철도 1호선,공항화물청사,2330,2543,4873,-213,8,30,화
2022-08-30,공항철도 1호선,인천공항1터미널,8462,6937,15399,1525,8,30,화
2022-08-30,공항철도 1호선,인천공항2터미널,3629,3057,6686,572,8,30,화
2022-08-30,공항철도 1호선,영종,3334,3311,6645,23,8,30,화
2022-08-30,과천선,선바위,8025,7525,15550,500,8,30,화
2022-08-30,과천선,경마공원,1522,1538,3060,-16,8,30,화
2022-08-30,과천선,대공원,1393,1551,2944,-158,8,30,화
2022-08-30,과천선,과천,6481,6288,12769,193,8,30,화
2022-08-30,과천선,정부과천청사,11067,11115,22182,-48,8,30,화
2022-08-30,과천선,인덕원,23893,25286,49179,-1393,8,30,화
2022-08-30,과천선,평촌,17828,17837,35665,-9,8,30,화
2022-08-30,과천선,범계,25350,25582,50932,-232,8,30,화
2022-08-30,분당선,선릉,14898,22068,36966,-7170,8,30,화
2022-08-30,분당선,한티,15222,16349,31571,-1127,8,30,화
2022-08-30,분당선,도곡,7708,7335,15043,373,8,30,화
2022-08-30,분당선,구룡,2354,2207,4561,147,8,30,화
2022-08-30,분당선,개포동,4189,4193,8382,-4,8,30,화
2022-08-30,분당선,대모산입구,4730,4448,9178,282,8,30,화
2022-08-30,분당선,수서,14166,14355,28521,-189,8,30,화
2022-08-30,분당선,수원,7614,6357,13971,1257,8,30,화
2022-08-30,분당선,서울숲,10918,11398,22316,-480,8,30,화
2022-08-30,분당선,압구정로데오,19618,21825,41443,-2207,8,30,화
2022-08-30,분당선,강남구청,10245,11800,22045,-1555,8,30,화
2022-08-30,분당선,선정릉,8710,9268,17978,-558,8,30,화
2022-08-30,분당선,가천대,12922,14043,26965,-1121,8,30,화
2022-08-30,분당선,태평,13527,12806,26333,721,8,30,화
2022-08-30,분당선,모란,19360,19973,39333,-613,8,30,화
2022-08-30,분당선,야탑,25830,26950,52780,-1120,8,30,화
2022-08-30,분당선,서현,24475,24889,49364,-414,8,30,화
2022-08-30,분당선,수내,14104,14216,28320,-112,8,30,화
2022-08-30,분당선,정자,18929,20189,39118,-1260,8,30,화
2022-08-30,분당선,미금,15293,16376,31669,-1083,8,30,화
2022-08-30,분당선,오리,11890,9705,21595,2185,8,30,화
2022-08-30,분당선,이매,5897,5428,11325,469,8,30,화
2022-08-30,분당선,보정,2752,2377,5129,375,8,30,화
2022-08-30,분당선,죽전,12954,14446,27400,-1492,8,30,화
2022-08-30,분당선,구성,5215,5481,10696,-266,8,30,화
2022-08-30,분당선,신갈,4796,4669,9465,127,8,30,화
2022-08-30,분당선,기흥,10552,9764,20316,788,8,30,화
2022-08-30,분당선,상갈,5556,5423,10979,133,8,30,화
2022-08-30,분당선,청명,4499,4331,8830,168,8,30,화
2022-08-30,분당선,영통,8002,8396,16398,-394,8,30,화
2022-08-30,분당선,망포,14975,14270,29245,705,8,30,화
2022-08-30,분당선,매탄권선,5166,5128,10294,38,8,30,화
2022-08-30,분당선,수원시청,12354,13201,25555,-847,8,30,화
2022-08-30,분당선,매교,3752,3641,7393,111,8,30,화
2022-08-30,수인선,고색,4827,4456,9283,371,8,30,화
2022-08-30,수인선,오목천,4469,4048,8517,421,8,30,화
2022-08-30,수인선,어천,949,895,1844,54,8,30,화
2022-08-30,수인선,야목,333,253,586,80,8,30,화
2022-08-30,수인선,사리,4909,4294,9203,615,8,30,화
2022-08-30,수인선,달월,105,70,175,35,8,30,화
2022-08-30,수인선,월곶,2796,2554,5350,242,8,30,화
2022-08-30,수인선,소래포구,4853,4512,9365,341,8,30,화
2022-08-30,수인선,인천논현,5371,5742,11113,-371,8,30,화
2022-08-30,수인선,호구포,4052,4114,8166,-62,8,30,화
2022-08-30,수인선,남동인더스파크,2349,2639,4988,-290,8,30,화
2022-08-30,수인선,원인재,4032,4172,8204,-140,8,30,화
2022-08-30,수인선,연수,4408,4380,8788,28,8,30,화
2022-08-30,수인선,송도,2202,2138,4340,64,8,30,화
2022-08-30,수인선,인하대,7682,7178,14860,504,8,30,화
2022-08-30,수인선,숭의,3808,3660,7468,148,8,30,화
2022-08-30,수인선,신포,1677,1688,3365,-11,8,30,화
2022-08-30,수인선,인천,914,1524,2438,-610,8,30,화
2022-08-30,신림선,샛강,2299,2765,5064,-466,8,30,화
2022-08-30,신림선,대방,2158,1682,3840,476,8,30,화
2022-08-30,신림선,서울지방병무청,2499,2717,5216,-218,8,30,화
2022-08-30,신림선,보라매,3009,2776,5785,233,8,30,화
2022-08-30,신림선,보라매공원,1801,1928,3729,-127,8,30,화
2022-08-30,신림선,보라매병원,7093,7270,14363,-177,8,30,화
2022-08-30,신림선,당곡,3903,3888,7791,15,8,30,화
2022-08-30,신림선,신림,1573,2173,3746,-600,8,30,화
2022-08-30,신림선,서원,3143,2698,5841,445,8,30,화
2022-08-30,신림선,서울대벤처타운,6609,6718,13327,-109,8,30,화
2022-08-30,신림선,관악산(서울대),1719,1705,3424,14,8,30,화
2022-08-30,안산선,산본,15089,16452,31541,-1363,8,30,화
2022-08-30,안산선,대야미,4811,4346,9157,465,8,30,화
2022-08-30,안산선,반월,4012,3841,7853,171,8,30,화
2022-08-30,안산선,상록수,16184,16583,32767,-399,8,30,화
2022-08-30,안산선,한대앞,8927,8812,17739,115,8,30,화
2022-08-30,안산선,중앙,17372,18146,35518,-774,8,30,화
2022-08-30,안산선,고잔,8810,8116,16926,694,8,30,화
2022-08-30,안산선,초지,5318,5722,11040,-404,8,30,화
2022-08-30,안산선,안산,11273,10321,21594,952,8,30,화
2022-08-30,안산선,신길온천,1704,1516,3220,188,8,30,화
2022-08-30,안산선,정왕,7444,7875,15319,-431,8,30,화
2022-08-30,안산선,오이도,8114,7733,15847,381,8,30,화
2022-08-30,안산선,수리산,4131,3252,7383,879,8,30,화
2022-08-30,우이신설선,북한산우이,2256,1945,4201,311,8,30,화
2022-08-30,우이신설선,솔밭공원,2437,2270,4707,167,8,30,화
2022-08-30,우이신설선,4.19민주묘지,2726,2659,5385,67,8,30,화
2022-08-30,우이신설선,가오리,4173,4159,8332,14,8,30,화
2022-08-30,우이신설선,화계,3375,3191,6566,184,8,30,화
2022-08-30,우이신설선,삼양,1996,2093,4089,-97,8,30,화
2022-08-30,우이신설선,삼양사거리,2427,2459,4886,-32,8,30,화
2022-08-30,우이신설선,솔샘,5926,5615,11541,311,8,30,화
2022-08-30,우이신설선,북한산보국문,5909,5699,11608,210,8,30,화
2022-08-30,우이신설선,정릉,4552,4385,8937,167,8,30,화
2022-08-30,우이신설선,성신여대입구(돈암),3253,3674,6927,-421,8,30,화
2022-08-30,우이신설선,보문,1622,1644,3266,-22,8,30,화
2022-08-30,우이신설선,신설동,2178,2051,4229,127,8,30,화
2022-08-30,일산선,원흥,11121,10636,21757,485,8,30,화
2022-08-30,일산선,삼송,19578,19101,38679,477,8,30,화
2022-08-30,일산선,원당,10679,10062,20741,617,8,30,화
2022-08-30,일산선,화정,16177,16564,32741,-387,8,30,화
2022-08-30,일산선,대곡,2136,1639,3775,497,8,30,화
2022-08-30,일산선,백석,9587,9663,19250,-76,8,30,화
2022-08-30,일산선,마두,7418,7566,14984,-148,8,30,화
2022-08-30,일산선,정발산,6442,6561,13003,-119,8,30,화
2022-08-30,일산선,주엽,8904,9034,17938,-130,8,30,화
2022-08-30,일산선,대화,14609,11695,26304,2914,8,30,화
2022-08-30,장항선,봉명,1167,1127,2294,40,8,30,화
2022-08-30,장항선,쌍용(나사렛대),1875,1790,3665,85,8,30,화
2022-08-30,장항선,아산,3332,2765,6097,567,8,30,화
2022-08-30,장항선,탕정,843,812,1655,31,8,30,화
2022-08-30,장항선,배방,939,943,1882,-4,8,30,화
2022-08-30,장항선,온양온천,3109,3152,6261,-43,8,30,화
2022-08-30,장항선,신창(순천향대),2808,2624,5432,184,8,30,화
2022-08-30,중앙선,회기,24691,24506,49197,185,8,30,화
2022-08-30,중앙선,중랑,5612,5380,10992,232,8,30,화
2022-08-30,중앙선,상봉(시외버스터미널),5365,5334,10699,31,8,30,화
2022-08-30,중앙선,망우,7491,7336,14827,155,8,30,화
2022-08-30,중앙선,양원,3134,2985,6119,149,8,30,화
2022-08-30,중앙선,구리,13270,13314,26584,-44,8,30,화
2022-08-30,중앙선,도농,11528,10238,21766,1290,8,30,화
2022-08-30,중앙선,양정,674,575,1249,99,8,30,화
2022-08-30,중앙선,덕소,5445,5320,10765,125,8,30,화
2022-08-30,중앙선,도심,2481,1992,4473,489,8,30,화
2022-08-30,중앙선,팔당,734,758,1492,-24,8,30,화
2022-08-30,중앙선,운길산,599,568,1167,31,8,30,화
2022-08-30,중앙선,양수,1685,1683,3368,2,8,30,화
2022-08-30,중앙선,신원,174,155,329,19,8,30,화
2022-08-30,중앙선,국수,758,753,1511,5,8,30,화
2022-08-30,중앙선,아신,588,603,1191,-15,8,30,화
2022-08-30,중앙선,오빈,324,310,634,14,8,30,화
2022-08-30,중앙선,양평,2595,2626,5221,-31,8,30,화
2022-08-31,중앙선,지평,66,74,140,-8,8,31,수
2022-08-31,분당선,복정,1,0,1,1,8,31,수
2022-08-31,중앙선,원덕,379,340,719,39,8,31,수
2022-08-31,1호선,서울역,49311,46839,96150,2472,8,31,수
2022-08-31,1호선,시청,25407,25185,50592,222,8,31,수
2022-08-31,1호선,종각,38849,38522,77371,327,8,31,수
2022-08-31,1호선,종로3가,26689,23990,50679,2699,8,31,수
2022-08-31,1호선,종로5가,24246,24238,48484,8,8,31,수
2022-08-31,1호선,동대문,11024,10694,21718,330,8,31,수
2022-08-31,1호선,신설동,14466,14153,28619,313,8,31,수
2022-08-31,1호선,제기동,20801,21500,42301,-699,8,31,수
2022-08-31,1호선,청량리(서울시립대입구),21818,21928,43746,-110,8,31,수
2022-08-31,1호선,동묘앞,8427,8999,17426,-572,8,31,수
2022-08-31,2호선,시청,25872,25151,51023,721,8,31,수
2022-08-31,2호선,을지로입구,45041,46911,91952,-1870,8,31,수
2022-08-31,2호선,을지로3가,25241,25600,50841,-359,8,31,수
2022-08-31,2호선,을지로4가,14642,14798,29440,-156,8,31,수
2022-08-31,2호선,동대문역사문화공원(DDP),13340,15264,28604,-1924,8,31,수
2022-08-31,2호선,신당,14995,15431,30426,-436,8,31,수
2022-08-31,2호선,상왕십리,15222,14808,30030,414,8,31,수
2022-08-31,2호선,왕십리(성동구청),17181,14446,31627,2735,8,31,수
2022-08-31,2호선,한양대,8038,8592,16630,-554,8,31,수
2022-08-31,2호선,뚝섬,23694,25641,49335,-1947,8,31,수
2022-08-31,2호선,성수,39641,44127,83768,-4486,8,31,수
2022-08-31,2호선,건대입구,36373,39002,75375,-2629,8,31,수
2022-08-31,2호선,구의(광진구청),25032,24534,49566,498,8,31,수
2022-08-31,2호선,강변(동서울터미널),31467,29497,60964,1970,8,31,수
2022-08-31,2호선,잠실나루,15962,15664,31626,298,8,31,수
2022-08-31,2호선,잠실(송파구청),74229,74035,148264,194,8,31,수
2022-08-31,2호선,잠실새내,22627,22503,45130,124,8,31,수
2022-08-31,2호선,종합운동장,10957,11820,22777,-863,8,31,수
2022-08-31,2호선,삼성(무역센터),55344,56991,112335,-1647,8,31,수
2022-08-31,2호선,선릉,61786,54849,116635,6937,8,31,수
2022-08-31,2호선,역삼,57102,64963,122065,-7861,8,31,수
2022-08-31,2호선,강남,83516,79939,163455,3577,8,31,수
2022-08-31,2호선,교대(법원.검찰청),36071,40629,76700,-4558,8,31,수
2022-08-31,2호선,서초,23742,23120,46862,622,8,31,수
2022-08-31,2호선,방배,17152,17815,34967,-663,8,31,수
2022-08-31,2호선,사당,39732,43136,82868,-3404,8,31,수
2022-08-31,2호선,낙성대(강감찬),29466,28514,57980,952,8,31,수
2022-08-31,2호선,서울대입구(관악구청),48532,48278,96810,254,8,31,수
2022-08-31,2호선,봉천,25832,23840,49672,1992,8,31,수
2022-08-31,2호선,신림,60363,57693,118056,2670,8,31,수
2022-08-31,2호선,신대방,26442,25861,52303,581,8,31,수
2022-08-31,2호선,구로디지털단지,62384,62407,124791,-23,8,31,수
2022-08-31,2호선,대림(구로구청),25048,25569,50617,-521,8,31,수
2022-08-31,2호선,신도림,49857,49180,99037,677,8,31,수
2022-08-31,2호선,문래,23761,24498,48259,-737,8,31,수
2022-08-31,2호선,영등포구청,23656,24448,48104,-792,8,31,수
2022-08-31,2호선,당산,19521,22979,42500,-3458,8,31,수
2022-08-31,2호선,합정,32596,35070,67666,-2474,8,31,수
2022-08-31,2호선,홍대입구,58812,62877,121689,-4065,8,31,수
2022-08-31,2호선,신촌,37384,39110,76494,-1726,8,31,수
2022-08-31,2호선,이대,14927,16520,31447,-1593,8,31,수
2022-08-31,2호선,아현,11783,10871,22654,912,8,31,수
2022-08-31,2호선,충정로(경기대입구),10874,11633,22507,-759,8,31,수
2022-08-31,2호선,용답,2970,2903,5873,67,8,31,수
2022-08-31,2호선,신답,1829,2036,3865,-207,8,31,수
2022-08-31,2호선,신설동,3488,3392,6880,96,8,31,수
2022-08-31,2호선,도림천,1492,1587,3079,-95,8,31,수
2022-08-31,2호선,양천구청,7238,7511,14749,-273,8,31,수
2022-08-31,2호선,신정네거리,10853,11204,22057,-351,8,31,수
2022-08-31,2호선,용두(동대문구청),2706,2758,5464,-52,8,31,수
2022-08-31,3호선,지축,5641,5535,11176,106,8,31,수
2022-08-31,3호선,구파발,22017,21251,43268,766,8,31,수
2022-08-31,3호선,연신내,38361,35934,74295,2427,8,31,수
2022-08-31,3호선,불광,16799,18232,35031,-1433,8,31,수
2022-08-31,3호선,녹번,16509,14933,31442,1576,8,31,수
2022-08-31,3호선,홍제,18597,17493,36090,1104,8,31,수
2022-08-31,3호선,무악재,4213,4145,8358,68,8,31,수
2022-08-31,3호선,독립문,7459,7625,15084,-166,8,31,수
2022-08-31,3호선,경복궁(정부서울청사),22362,23120,45482,-758,8,31,수
2022-08-31,3호선,안국,24474,25412,49886,-938,8,31,수
2022-08-31,3호선,종로3가,10822,12387,23209,-1565,8,31,수
2022-08-31,3호선,을지로3가,11518,11720,23238,-202,8,31,수
2022-08-31,3호선,충무로,2,0,2,2,8,31,수
2022-08-31,3호선,동대입구,8762,9655,18417,-893,8,31,수
2022-08-31,3호선,약수,14092,13416,27508,676,8,31,수
2022-08-31,3호선,금호,8386,7843,16229,543,8,31,수
2022-08-31,3호선,옥수,9608,9856,19464,-248,8,31,수
2022-08-31,3호선,압구정,33253,35896,69149,-2643,8,31,수
2022-08-31,3호선,신사,29205,30675,59880,-1470,8,31,수
2022-08-31,3호선,잠원,5144,4913,10057,231,8,31,수
2022-08-31,3호선,고속터미널,42623,40162,82785,2461,8,31,수
2022-08-31,3호선,교대(법원.검찰청),15914,10481,26395,5433,8,31,수
2022-08-31,3호선,남부터미널(예술의전당),29971,30609,60580,-638,8,31,수
2022-08-31,3호선,양재(서초구청),39535,43538,83073,-4003,8,31,수
2022-08-31,3호선,매봉,13480,12912,26392,568,8,31,수
2022-08-31,3호선,도곡,5219,5732,10951,-513,8,31,수
2022-08-31,3호선,대치,11686,11535,23221,151,8,31,수
2022-08-31,3호선,학여울,2094,2078,4172,16,8,31,수
2022-08-31,3호선,대청,11836,10961,22797,875,8,31,수
2022-08-31,3호선,일원,11677,11116,22793,561,8,31,수
2022-08-31,3호선,수서,18266,18536,36802,-270,8,31,수
2022-08-31,3호선,가락시장,9790,9783,19573,7,8,31,수
2022-08-31,3호선,경찰병원,7810,7896,15706,-86,8,31,수
2022-08-31,3호선,오금,6688,5944,12632,744,8,31,수
2022-08-31,4호선,당고개,9299,8191,17490,1108,8,31,수
2022-08-31,4호선,상계,19955,18664,38619,1291,8,31,수
2022-08-31,4호선,노원,19242,21917,41159,-2675,8,31,수
2022-08-31,4호선,창동,26992,28466,55458,-1474,8,31,수
2022-08-31,4호선,쌍문,30193,28054,58247,2139,8,31,수
2022-08-31,4호선,수유(강북구청),34911,35396,70307,-485,8,31,수
2022-08-31,4호선,미아(서울사이버대학),15710,14988,30698,722,8,31,수
2022-08-31,4호선,미아사거리,28465,27838,56303,627,8,31,수
2022-08-31,4호선,길음,22002,21718,43720,284,8,31,수
2022-08-31,4호선,성신여대입구(돈암),20576,20188,40764,388,8,31,수
2022-08-31,4호선,한성대입구(삼선교),15984,15118,31102,866,8,31,수
2022-08-31,4호선,혜화,36622,36666,73288,-44,8,31,수
2022-08-31,4호선,동대문,20813,21298,42111,-485,8,31,수
2022-08-31,4호선,동대문역사문화공원(DDP),16572,14892,31464,1680,8,31,수
2022-08-31,4호선,충무로,27642,29113,56755,-1471,8,31,수
2022-08-31,4호선,명동,24941,25739,50680,-798,8,31,수
2022-08-31,4호선,회현(남대문시장),26455,27790,54245,-1335,8,31,수
2022-08-31,4호선,서울역,12608,18423,31031,-5815,8,31,수
2022-08-31,4호선,숙대입구(갈월),14297,13690,27987,607,8,31,수
2022-08-31,4호선,삼각지,5716,6384,12100,-668,8,31,수
2022-08-31,4호선,신용산,19019,19916,38935,-897,8,31,수
2022-08-31,4호선,이촌(국립중앙박물관),8049,8828,16877,-779,8,31,수
2022-08-31,4호선,동작(현충원),1545,1711,3256,-166,8,31,수
2022-08-31,4호선,총신대입구(이수),20188,21900,42088,-1712,8,31,수
2022-08-31,4호선,사당,26395,22060,48455,4335,8,31,수
2022-08-31,4호선,남태령,1390,1243,2633,147,8,31,수
2022-08-31,5호선,방화,6985,6714,13699,271,8,31,수
2022-08-31,5호선,개화산,5970,5690,11660,280,8,31,수
2022-08-31,5호선,김포공항,7350,7098,14448,252,8,31,수
2022-08-31,5호선,송정,6975,6414,13389,561,8,31,수
2022-08-31,5호선,마곡,11226,11454,22680,-228,8,31,수
2022-08-31,5호선,발산,22094,23270,45364,-1176,8,31,수
2022-08-31,5호선,우장산,15974,15533,31507,441,8,31,수
2022-08-31,5호선,화곡,30490,28317,58807,2173,8,31,수
2022-08-31,5호선,까치산,30667,28799,59466,1868,8,31,수
2022-08-31,5호선,신정(은행정),14706,11966,26672,2740,8,31,수
2022-08-31,5호선,목동,18020,18956,36976,-936,8,31,수
2022-08-31,5호선,오목교(목동운동장앞),23169,24802,47971,-1633,8,31,수
2022-08-31,5호선,양평,7975,7917,15892,58,8,31,수
2022-08-31,5호선,영등포구청,4397,4437,8834,-40,8,31,수
2022-08-31,5호선,영등포시장,10890,11180,22070,-290,8,31,수
2022-08-31,5호선,신길,4424,4717,9141,-293,8,31,수
2022-08-31,5호선,여의도,30794,33474,64268,-2680,8,31,수
2022-08-31,5호선,여의나루,14193,15201,29394,-1008,8,31,수
2022-08-31,5호선,마포,15258,15616,30874,-358,8,31,수
2022-08-31,5호선,공덕,15572,16520,32092,-948,8,31,수
2022-08-31,5호선,애오개,7293,7240,14533,53,8,31,수
2022-08-31,5호선,충정로(경기대입구),5023,5041,10064,-18,8,31,수
2022-08-31,5호선,서대문,20866,21285,42151,-419,8,31,수
2022-08-31,5호선,광화문(세종문화회관),33947,35701,69648,-1754,8,31,수
2022-08-31,5호선,종로3가,13491,13402,26893,89,8,31,수
2022-08-31,5호선,을지로4가,6838,7042,13880,-204,8,31,수
2022-08-31,5호선,동대문역사문화공원(DDP),3244,3837,7081,-593,8,31,수
2022-08-31,5호선,청구,4180,3862,8042,318,8,31,수
2022-08-31,5호선,신금호,6997,7173,14170,-176,8,31,수
2022-08-31,5호선,행당,8792,7776,16568,1016,8,31,수
2022-08-31,5호선,왕십리(성동구청),4692,5520,10212,-828,8,31,수
2022-08-31,5호선,마장,6275,5849,12124,426,8,31,수
2022-08-31,5호선,답십리,17471,15803,33274,1668,8,31,수
2022-08-31,5호선,장한평,20110,19725,39835,385,8,31,수
2022-08-31,5호선,군자(능동),11961,13116,25077,-1155,8,31,수
2022-08-31,5호선,아차산(어린이대공원후문),15320,14524,29844,796,8,31,수
2022-08-31,5호선,광나루(장신대),14740,13487,28227,1253,8,31,수
2022-08-31,5호선,천호(풍납토성),18748,18968,37716,-220,8,31,수
2022-08-31,5호선,강동,19345,18803,38148,542,8,31,수
2022-08-31,5호선,길동,8306,8542,16848,-236,8,31,수
2022-08-31,5호선,굽은다리(강동구민회관앞),9919,9488,19407,431,8,31,수
2022-08-31,5호선,명일,9152,9484,18636,-332,8,31,수
2022-08-31,5호선,고덕,10440,10257,20697,183,8,31,수
2022-08-31,5호선,상일동,15709,14267,29976,1442,8,31,수
2022-08-31,5호선,둔촌동,8504,8508,17012,-4,8,31,수
2022-08-31,5호선,올림픽공원(한국체대),4828,4048,8876,780,8,31,수
2022-08-31,5호선,방이,7332,7588,14920,-256,8,31,수
2022-08-31,5호선,오금,4069,4048,8117,21,8,31,수
2022-08-31,5호선,개롱,6963,7140,14103,-177,8,31,수
2022-08-31,5호선,거여,10837,10339,21176,498,8,31,수
2022-08-31,5호선,마천,7660,7292,14952,368,8,31,수
2022-08-31,5호선,강일,4834,4678,9512,156,8,31,수
2022-08-31,5호선,미사,17496,17564,35060,-68,8,31,수
2022-08-31,5호선,하남풍산,4461,4352,8813,109,8,31,수
2022-08-31,5호선,하남시청(덕풍·신장),7452,7120,14572,332,8,31,수
2022-08-31,5호선,하남검단산,6178,5892,12070,286,8,31,수
2022-08-31,6호선,응암,18616,18494,37110,122,8,31,수
2022-08-31,6호선,역촌,4024,4601,8625,-577,8,31,수
2022-08-31,6호선,불광,4960,4834,9794,126,8,31,수
2022-08-31,6호선,독바위,2837,2975,5812,-138,8,31,수
2022-08-31,6호선,연신내,1,0,1,1,8,31,수
2022-08-31,6호선,구산,8459,6258,14717,2201,8,31,수
2022-08-31,6호선,새절(신사),13202,12231,25433,971,8,31,수
2022-08-31,6호선,증산(명지대앞),10350,10135,20485,215,8,31,수
2022-08-31,6호선,디지털미디어시티,15724,17626,33350,-1902,8,31,수
2022-08-31,6호선,월드컵경기장(성산),4830,5028,9858,-198,8,31,수
2022-08-31,6호선,마포구청,15326,13662,28988,1664,8,31,수
2022-08-31,6호선,망원,14738,15509,30247,-771,8,31,수
2022-08-31,6호선,합정,13636,13747,27383,-111,8,31,수
2022-08-31,6호선,상수,8899,10270,19169,-1371,8,31,수
2022-08-31,6호선,광흥창(서강),10014,9717,19731,297,8,31,수
2022-08-31,6호선,대흥(서강대앞),9104,9260,18364,-156,8,31,수
2022-08-31,6호선,공덕,20097,19531,39628,566,8,31,수
2022-08-31,6호선,효창공원앞,7646,6863,14509,783,8,31,수
2022-08-31,6호선,삼각지,8017,6450,14467,1567,8,31,수
2022-08-31,6호선,녹사평(용산구청),5441,5245,10686,196,8,31,수
2022-08-31,6호선,이태원,11443,12448,23891,-1005,8,31,수
2022-08-31,6호선,한강진,9595,10871,20466,-1276,8,31,수
2022-08-31,6호선,버티고개,2210,2265,4475,-55,8,31,수
2022-08-31,6호선,약수,3915,3873,7788,42,8,31,수
2022-08-31,6호선,청구,3965,4091,8056,-126,8,31,수
2022-08-31,6호선,신당,8993,9608,18601,-615,8,31,수
2022-08-31,6호선,동묘앞,8278,8533,16811,-255,8,31,수
2022-08-31,6호선,창신,4065,3478,7543,587,8,31,수
2022-08-31,6호선,보문,8054,7376,15430,678,8,31,수
2022-08-31,6호선,안암(고대병원앞),11858,12527,24385,-669,8,31,수
2022-08-31,6호선,고려대(종암),8473,8530,17003,-57,8,31,수
2022-08-31,6호선,월곡(동덕여대),12029,12008,24037,21,8,31,수
2022-08-31,6호선,상월곡(한국과학기술연구원),6643,5924,12567,719,8,31,수
2022-08-31,6호선,돌곶이,9885,9144,19029,741,8,31,수
2022-08-31,6호선,석계,13028,13456,26484,-428,8,31,수
2022-08-31,6호선,태릉입구,5863,6235,12098,-372,8,31,수
2022-08-31,6호선,화랑대(서울여대입구),12047,9422,21469,2625,8,31,수
2022-08-31,6호선,봉화산(서울의료원),9533,9026,18559,507,8,31,수
2022-08-31,7호선,장암,2465,920,3385,1545,8,31,수
2022-08-31,7호선,도봉산,9350,10527,19877,-1177,8,31,수
2022-08-31,7호선,수락산,13125,12877,26002,248,8,31,수
2022-08-31,7호선,마들,13844,12776,26620,1068,8,31,수
2022-08-31,7호선,노원,20456,21575,42031,-1119,8,31,수
2022-08-31,7호선,중계,15828,14133,29961,1695,8,31,수
2022-08-31,7호선,하계,19367,18270,37637,1097,8,31,수
2022-08-31,7호선,공릉(서울과학기술대),12249,12197,24446,52,8,31,수
2022-08-31,7호선,태릉입구,8712,8425,17137,287,8,31,수
2022-08-31,7호선,먹골,10625,10468,21093,157,8,31,수
2022-08-31,7호선,중화,11307,11122,22429,185,8,31,수
2022-08-31,7호선,상봉(시외버스터미널),17475,16818,34293,657,8,31,수
2022-08-31,7호선,면목,15738,15377,31115,361,8,31,수
2022-08-31,7호선,사가정,16733,16608,33341,125,8,31,수
2022-08-31,7호선,용마산(용마폭포공원),6334,6191,12525,143,8,31,수
2022-08-31,7호선,중곡,12019,10975,22994,1044,8,31,수
2022-08-31,7호선,군자(능동),15957,12662,28619,3295,8,31,수
2022-08-31,7호선,어린이대공원(세종대),15487,16089,31576,-602,8,31,수
2022-08-31,7호선,건대입구,14395,14746,29141,-351,8,31,수
2022-08-31,7호선,뚝섬유원지,10215,9701,19916,514,8,31,수
2022-08-31,7호선,청담,21729,24169,45898,-2440,8,31,수
2022-08-31,7호선,강남구청,18102,20104,38206,-2002,8,31,수
2022-08-31,7호선,학동,25705,27443,53148,-1738,8,31,수
2022-08-31,7호선,논현,19950,20900,40850,-950,8,31,수
2022-08-31,7호선,반포,6549,6340,12889,209,8,31,수
2022-08-31,7호선,고속터미널,15807,13828,29635,1979,8,31,수
2022-08-31,7호선,내방,15444,15870,31314,-426,8,31,수
2022-08-31,7호선,이수,16662,16010,32672,652,8,31,수
2022-08-31,7호선,남성,12488,11433,23921,1055,8,31,수
2022-08-31,7호선,숭실대입구(살피재),12702,12842,25544,-140,8,31,수
2022-08-31,7호선,상도,11951,11605,23556,346,8,31,수
2022-08-31,7호선,장승배기,9945,9644,19589,301,8,31,수
2022-08-31,7호선,신대방삼거리,16019,15168,31187,851,8,31,수
2022-08-31,7호선,보라매,8059,8170,16229,-111,8,31,수
2022-08-31,7호선,신풍,12308,11636,23944,672,8,31,수
2022-08-31,7호선,대림(구로구청),8104,8174,16278,-70,8,31,수
2022-08-31,7호선,남구로,16408,17222,33630,-814,8,31,수
2022-08-31,7호선,가산디지털단지,46988,47661,94649,-673,8,31,수
2022-08-31,7호선,철산,22621,22923,45544,-302,8,31,수
2022-08-31,7호선,광명사거리,23185,22726,45911,459,8,31,수
2022-08-31,7호선,천왕,12237,11716,23953,521,8,31,수
2022-08-31,7호선,온수(성공회대입구),11774,11046,22820,728,8,31,수
2022-08-31,8호선,암사,20141,17460,37601,2681,8,31,수
2022-08-31,8호선,천호(풍납토성),15129,17419,32548,-2290,8,31,수
2022-08-31,8호선,강동구청,11075,11234,22309,-159,8,31,수
2022-08-31,8호선,몽촌토성(평화의문),6392,6507,12899,-115,8,31,수
2022-08-31,8호선,잠실(송파구청),14963,18302,33265,-3339,8,31,수
2022-08-31,8호선,석촌,7826,9065,16891,-1239,8,31,수
2022-08-31,8호선,송파,9258,9004,18262,254,8,31,수
2022-08-31,8호선,가락시장,8562,9289,17851,-727,8,31,수
2022-08-31,8호선,문정,22829,24364,47193,-1535,8,31,수
2022-08-31,8호선,장지,18292,17396,35688,896,8,31,수
2022-08-31,8호선,복정,10274,8453,18727,1821,8,31,수
2022-08-31,8호선,산성,5572,5648,11220,-76,8,31,수
2022-08-31,8호선,남한산성입구(성남법원.검찰청),15033,14026,29059,1007,8,31,수
2022-08-31,8호선,단대오거리,11827,11279,23106,548,8,31,수
2022-08-31,8호선,신흥,4424,4746,9170,-322,8,31,수
2022-08-31,8호선,수진,5709,5121,10830,588,8,31,수
2022-08-31,8호선,모란,4720,3767,8487,953,8,31,수
2022-08-31,8호선,남위례,6178,6382,12560,-204,8,31,수
2022-08-31,9호선,개화,2929,1980,4909,949,8,31,수
2022-08-31,9호선,김포공항,7711,10903,18614,-3192,8,31,수
2022-08-31,9호선,공항시장,3226,3482,6708,-256,8,31,수
2022-08-31,9호선,신방화,7480,7127,14607,353,8,31,수
2022-08-31,9호선,마곡나루(서울식물원),13129,13129,26258,0,8,31,수
2022-08-31,9호선,양천향교,10549,10865,21414,-316,8,31,수
2022-08-31,9호선,가양,22690,22277,44967,413,8,31,수
2022-08-31,9호선,증미,8234,7916,16150,318,8,31,수
2022-08-31,9호선,등촌,12522,11888,24410,634,8,31,수
2022-08-31,9호선,염창,18694,18167,36861,527,8,31,수
2022-08-31,9호선,신목동,4721,4006,8727,715,8,31,수
2022-08-31,9호선,선유도,9560,9028,18588,532,8,31,수
2022-08-31,9호선,당산,19958,20226,40184,-268,8,31,수
2022-08-31,9호선,국회의사당,18059,19193,37252,-1134,8,31,수
2022-08-31,9호선,여의도,31225,30026,61251,1199,8,31,수
2022-08-31,9호선,샛강,6834,6919,13753,-85,8,31,수
2022-08-31,9호선,노량진,27104,26459,53563,645,8,31,수
2022-08-31,9호선,노들,5080,4280,9360,800,8,31,수
2022-08-31,9호선,흑석(중앙대입구),9221,9802,19023,-581,8,31,수
2022-08-31,9호선,동작(현충원),1810,1447,3257,363,8,31,수
2022-08-31,9호선,구반포,1451,1454,2905,-3,8,31,수
2022-08-31,9호선,신반포,4082,4085,8167,-3,8,31,수
2022-08-31,9호선,고속터미널,13310,16779,30089,-3469,8,31,수
2022-08-31,9호선,사평,4048,3897,7945,151,8,31,수
2022-08-31,9호선,신논현,30808,30299,61107,509,8,31,수
2022-08-31,9호선2~3단계,언주,11592,11883,23475,-291,8,31,수
2022-08-31,9호선2~3단계,선정릉,10988,12078,23066,-1090,8,31,수
2022-08-31,9호선2~3단계,삼성중앙,7880,8218,16098,-338,8,31,수
2022-08-31,9호선2~3단계,봉은사,18089,18707,36796,-618,8,31,수
2022-08-31,9호선2~3단계,종합운동장,4415,4513,8928,-98,8,31,수
2022-08-31,9호선2~3단계,삼전,7418,7027,14445,391,8,31,수
2022-08-31,9호선2~3단계,석촌고분,6743,6468,13211,275,8,31,수
2022-08-31,9호선2~3단계,석촌,9184,8226,17410,958,8,31,수
2022-08-31,9호선2~3단계,송파나루,5362,5687,11049,-325,8,31,수
2022-08-31,9호선2~3단계,한성백제,2731,2430,5161,301,8,31,수
2022-08-31,9호선2~3단계,올림픽공원(한국체대),6658,6902,13560,-244,8,31,수
2022-08-31,9호선2~3단계,둔촌오륜,1208,1135,2343,73,8,31,수
2022-08-31,9호선2~3단계,중앙보훈병원,11832,10527,22359,1305,8,31,수
2022-08-31,경강선,판교,5389,5420,10809,-31,8,31,수
2022-08-31,경강선,이매,1246,1064,2310,182,8,31,수
2022-08-31,경강선,삼동,2738,2456,5194,282,8,31,수
2022-08-31,경강선,경기광주,8456,7809,16265,647,8,31,수
2022-08-31,경강선,초월,3382,3187,6569,195,8,31,수
2022-08-31,경강선,곤지암,2160,2099,4259,61,8,31,수
2022-08-31,경강선,신둔도예촌,1877,1666,3543,211,8,31,수
2022-08-31,경강선,이천,2684,2714,5398,-30,8,31,수
2022-08-31,경강선,부발,2197,2170,4367,27,8,31,수
2022-08-31,경강선,세종대왕릉,337,322,659,15,8,31,수
2022-08-31,경강선,여주,2598,2505,5103,93,8,31,수
2022-08-31,경부선,서울역,7441,2210,9651,5231,8,31,수
2022-08-31,경부선,남영,10388,10744,21132,-356,8,31,수
2022-08-31,경부선,용산,36725,37759,74484,-1034,8,31,수
2022-08-31,경부선,노량진,8586,8560,17146,26,8,31,수
2022-08-31,경부선,대방,12047,13064,25111,-1017,8,31,수
2022-08-31,경부선,영등포,39567,40820,80387,-1253,8,31,수
2022-08-31,경부선,신도림,4427,4459,8886,-32,8,31,수
2022-08-31,경부선,신길,9713,8332,18045,1381,8,31,수
2022-08-31,경부선,구로,19648,20035,39683,-387,8,31,수
2022-08-31,경부선,가산디지털단지,19472,22678,42150,-3206,8,31,수
2022-08-31,경부선,금천구청,12575,12574,25149,1,8,31,수
2022-08-31,경부선,석수,10038,9062,19100,976,8,31,수
2022-08-31,경부선,관악,8039,7446,15485,593,8,31,수
2022-08-31,경부선,안양,27436,26980,54416,456,8,31,수
2022-08-31,경부선,명학,10920,10838,21758,82,8,31,수
2022-08-31,경부선,금정,28940,29519,58459,-579,8,31,수
2022-08-31,경부선,군포,8000,7741,15741,259,8,31,수
2022-08-31,경부선,의왕,9763,9638,19401,125,8,31,수
2022-08-31,경부선,성균관대,16615,16208,32823,407,8,31,수
2022-08-31,경부선,화서,8788,8318,17106,470,8,31,수
2022-08-31,경부선,수원,37197,39373,76570,-2176,8,31,수
2022-08-31,경부선,독산,20025,20679,40704,-654,8,31,수
2022-08-31,경부선,세류,3349,2996,6345,353,8,31,수
2022-08-31,경부선,병점,16098,16170,32268,-72,8,31,수
2022-08-31,경부선,세마,3227,2983,6210,244,8,31,수
2022-08-31,경부선,오산대,4396,4000,8396,396,8,31,수
2022-08-31,경부선,오산,10480,10384,20864,96,8,31,수
2022-08-31,경부선,진위,1940,1750,3690,190,8,31,수
2022-08-31,경부선,송탄,4407,4291,8698,116,8,31,수
2022-08-31,경부선,서정리,8149,7506,15655,643,8,31,수
2022-08-31,경부선,평택지제,4066,3949,8015,117,8,31,수
2022-08-31,경부선,평택,12227,12441,24668,-214,8,31,수
2022-08-31,경부선,성환,7002,6637,13639,365,8,31,수
2022-08-31,경부선,직산,890,867,1757,23,8,31,수
2022-08-31,경부선,두정,7170,8222,15392,-1052,8,31,수
2022-08-31,경부선,천안,6820,6545,13365,275,8,31,수
2022-08-31,경부선,당정,6789,6353,13142,436,8,31,수
2022-08-31,경부선,서동탄,1469,1234,2703,235,8,31,수
2022-08-31,경부선,광명,3619,3082,6701,537,8,31,수
2022-08-31,경원선,이촌(국립중앙박물관),4119,3214,7333,905,8,31,수
2022-08-31,경원선,서빙고,2276,2047,4323,229,8,31,수
2022-08-31,경원선,한남,4423,4167,8590,256,8,31,수
2022-08-31,경원선,옥수,50,36,86,14,8,31,수
2022-08-31,경원선,응봉,2057,1741,3798,316,8,31,수
2022-08-31,경원선,왕십리(성동구청),15302,17216,32518,-1914,8,31,수
2022-08-31,경원선,청량리(서울시립대입구),16161,17432,33593,-1271,8,31,수
2022-08-31,경원선,외대앞,8298,8452,16750,-154,8,31,수
2022-08-31,경원선,신이문,9014,8286,17300,728,8,31,수
2022-08-31,경원선,석계,8431,9447,17878,-1016,8,31,수
2022-08-31,경원선,광운대,7672,7458,15130,214,8,31,수
2022-08-31,경원선,월계,7002,6662,13664,340,8,31,수
2022-08-31,경원선,녹천,4977,4068,9045,909,8,31,수
2022-08-31,경원선,방학,10314,10057,20371,257,8,31,수
2022-08-31,경원선,도봉,6431,6149,12580,282,8,31,수
2022-08-31,경원선,도봉산,7626,4977,12603,2649,8,31,수
2022-08-31,경원선,망월사,8134,8275,16409,-141,8,31,수
2022-08-31,경원선,회룡,13507,13342,26849,165,8,31,수
2022-08-31,경원선,의정부,18886,19775,38661,-889,8,31,수
2022-08-31,경원선,가능,7233,6907,14140,326,8,31,수
2022-08-31,경원선,녹양,4934,4590,9524,344,8,31,수
2022-08-31,경원선,양주,8215,7616,15831,599,8,31,수
2022-08-31,경원선,덕계,3637,3327,6964,310,8,31,수
2022-08-31,경원선,덕정,6441,6027,12468,414,8,31,수
2022-08-31,경원선,지행,6944,6977,13921,-33,8,31,수
2022-08-31,경원선,동두천중앙,3269,3145,6414,124,8,31,수
2022-08-31,경원선,보산,1626,1484,3110,142,8,31,수
2022-08-31,경원선,동두천,2672,2980,5652,-308,8,31,수
2022-08-31,경원선,소요산,2511,2264,4775,247,8,31,수
2022-08-31,경의선,서울역,5033,6443,11476,-1410,8,31,수
2022-08-31,경의선,신촌,1023,1463,2486,-440,8,31,수
2022-08-31,경의선,효창공원앞,3183,3693,6876,-510,8,31,수
2022-08-31,경의선,공덕,4020,3514,7534,506,8,31,수
2022-08-31,경의선,서강대,2279,2248,4527,31,8,31,수
2022-08-31,경의선,홍대입구,1894,2325,4219,-431,8,31,수
2022-08-31,경의선,가좌,6320,5811,12131,509,8,31,수
2022-08-31,경의선,디지털미디어시티,2939,2541,5480,398,8,31,수
2022-08-31,경의선,수색,3050,3272,6322,-222,8,31,수
2022-08-31,경의선,화전,4090,3762,7852,328,8,31,수
2022-08-31,경의선,강매,3575,3059,6634,516,8,31,수
2022-08-31,경의선,행신,9187,9030,18217,157,8,31,수
2022-08-31,경의선,능곡,4151,3733,7884,418,8,31,수
2022-08-31,경의선,곡산,629,644,1273,-15,8,31,수
2022-08-31,경의선,백마,7600,7183,14783,417,8,31,수
2022-08-31,경의선,풍산,6185,5708,11893,477,8,31,수
2022-08-31,경의선,일산,10140,9776,19916,364,8,31,수
2022-08-31,경의선,탄현,8506,7999,16505,507,8,31,수
2022-08-31,경의선,야당,9048,8996,18044,52,8,31,수
2022-08-31,경의선,운정,7670,6949,14619,721,8,31,수
2022-08-31,경의선,금릉,5335,5140,10475,195,8,31,수
2022-08-31,경의선,금촌,6941,6822,13763,119,8,31,수
2022-08-31,경의선,월롱,3388,3151,6539,237,8,31,수
2022-08-31,경의선,파주,1655,1235,2890,420,8,31,수
2022-08-31,경의선,문산,5518,5415,10933,103,8,31,수
2022-08-31,경의선,임진강,11,15,26,-4,8,31,수
2022-08-31,경인선,개봉,22936,22372,45308,564,8,31,수
2022-08-31,경인선,오류동,12747,11736,24483,1011,8,31,수
2022-08-31,경인선,역곡,31226,30863,62089,363,8,31,수
2022-08-31,경인선,부천,34698,34867,69565,-169,8,31,수
2022-08-31,경인선,송내,29506,29189,58695,317,8,31,수
2022-08-31,경인선,부평,29382,31464,60846,-2082,8,31,수
2022-08-31,경인선,백운,7401,7184,14585,217,8,31,수
2022-08-31,경인선,동암,16921,16803,33724,118,8,31,수
2022-08-31,경인선,주안,20933,19290,40223,1643,8,31,수
2022-08-31,경인선,제물포,12097,11526,23623,571,8,31,수
2022-08-31,경인선,동인천,15010,14331,29341,679,8,31,수
2022-08-31,경인선,인천,3912,2983,6895,929,8,31,수
2022-08-31,경인선,구일,9979,10189,20168,-210,8,31,수
2022-08-31,경인선,소사,9518,9452,18970,66,8,31,수
2022-08-31,경인선,부개,9351,8612,17963,739,8,31,수
2022-08-31,경인선,간석,6384,5851,12235,533,8,31,수
2022-08-31,경인선,도원,3813,3844,7657,-31,8,31,수
2022-08-31,경인선,온수(성공회대입구),7898,7480,15378,418,8,31,수
2022-08-31,경인선,중동,10124,9417,19541,707,8,31,수
2022-08-31,경인선,도화,4611,4137,8748,474,8,31,수
2022-08-31,경춘선,신내,2431,2215,4646,216,8,31,수
2022-08-31,경춘선,갈매,3182,2717,5899,465,8,31,수
2022-08-31,경춘선,별내,3469,3223,6692,246,8,31,수
2022-08-31,경춘선,퇴계원,3693,3354,7047,339,8,31,수
2022-08-31,경춘선,사릉,2680,2577,5257,103,8,31,수
2022-08-31,경춘선,금곡,1738,1654,3392,84,8,31,수
2022-08-31,경춘선,평내호평,6769,6603,13372,166,8,31,수
2022-08-31,경춘선,천마산,1740,1659,3399,81,8,31,수
2022-08-31,경춘선,마석,4257,4175,8432,82,8,31,수
2022-08-31,경춘선,대성리,1092,532,1624,560,8,31,수
2022-08-31,경춘선,청평,1745,1611,3356,134,8,31,수
2022-08-31,경춘선,상천,270,247,517,23,8,31,수
2022-08-31,경춘선,가평,2035,1649,3684,386,8,31,수
2022-08-31,경춘선,굴봉산,128,133,261,-5,8,31,수
2022-08-31,경춘선,백양리,99,66,165,33,8,31,수
2022-08-31,경춘선,강촌,372,331,703,41,8,31,수
2022-08-31,경춘선,김유정,359,397,756,-38,8,31,수
2022-08-31,경춘선,남춘천,2453,2925,5378,-472,8,31,수
2022-08-31,경춘선,춘천,1784,1663,3447,121,8,31,수
2022-08-31,공항철도 1호선,서울역,9501,8471,17972,1030,8,31,수
2022-08-31,공항철도 1호선,공덕,2686,3422,6108,-736,8,31,수
2022-08-31,공항철도 1호선,홍대입구,11087,11545,22632,-458,8,31,수
2022-08-31,공항철도 1호선,디지털미디어시티,15672,14781,30453,891,8,31,수
2022-08-31,공항철도 1호선,마곡나루(서울식물원),10582,9928,20510,654,8,31,수
2022-08-31,공항철도 1호선,김포공항,11960,6515,18475,5445,8,31,수
2022-08-31,공항철도 1호선,계양,12198,11274,23472,924,8,31,수
2022-08-31,공항철도 1호선,검암,7065,6933,13998,132,8,31,수
2022-08-31,공항철도 1호선,청라국제도시,7392,6877,14269,515,8,31,수
2022-08-31,공항철도 1호선,운서,8160,8127,16287,33,8,31,수
2022-08-31,공항철도 1호선,공항화물청사,2414,2521,4935,-107,8,31,수
2022-08-31,공항철도 1호선,인천공항1터미널,8907,7820,16727,1087,8,31,수
2022-08-31,공항철도 1호선,인천공항2터미널,3779,3341,7120,438,8,31,수
2022-08-31,공항철도 1호선,영종,3688,3721,7409,-33,8,31,수
2022-08-31,과천선,선바위,8549,7562,16111,987,8,31,수
2022-08-31,과천선,경마공원,1794,1848,3642,-54,8,31,수
2022-08-31,과천선,대공원,3335,3459,6794,-124,8,31,수
2022-08-31,과천선,과천,6766,6398,13164,368,8,31,수
2022-08-31,과천선,정부과천청사,11661,11580,23241,81,8,31,수
2022-08-31,과천선,인덕원,25813,26935,52748,-1122,8,31,수
2022-08-31,과천선,평촌,18852,18734,37586,118,8,31,수
2022-08-31,과천선,범계,27903,28003,55906,-100,8,31,수
2022-08-31,분당선,선릉,14565,21822,36387,-7257,8,31,수
2022-08-31,분당선,한티,15471,16460,31931,-989,8,31,수
2022-08-31,분당선,도곡,7912,7367,15279,545,8,31,수
2022-08-31,분당선,구룡,2539,2424,4963,115,8,31,수
2022-08-31,분당선,개포동,4442,4504,8946,-62,8,31,수
2022-08-31,분당선,대모산입구,4935,4597,9532,338,8,31,수
2022-08-31,분당선,수서,14243,14886,29129,-643,8,31,수
2022-08-31,분당선,수원,8372,6897,15269,1475,8,31,수
2022-08-31,분당선,서울숲,12360,12616,24976,-256,8,31,수
2022-08-31,분당선,압구정로데오,19965,22416,42381,-2451,8,31,수
2022-08-31,분당선,강남구청,10223,11896,22119,-1673,8,31,수
2022-08-31,분당선,선정릉,8404,8945,17349,-541,8,31,수
2022-08-31,분당선,가천대,12622,13431,26053,-809,8,31,수
2022-08-31,분당선,태평,14213,13431,27644,782,8,31,수
2022-08-31,분당선,모란,20852,21126,41978,-274,8,31,수
2022-08-31,분당선,야탑,27667,29341,57008,-1674,8,31,수
2022-08-31,분당선,서현,25629,26197,51826,-568,8,31,수
2022-08-31,분당선,수내,14714,14701,29415,13,8,31,수
2022-08-31,분당선,정자,19643,20953,40596,-1310,8,31,수
2022-08-31,분당선,미금,16434,17552,33986,-1118,8,31,수
2022-08-31,분당선,오리,12529,10217,22746,2312,8,31,수
2022-08-31,분당선,이매,6410,5713,12123,697,8,31,수
2022-08-31,분당선,보정,2904,2494,5398,410,8,31,수
2022-08-31,분당선,죽전,14110,15932,30042,-1822,8,31,수
2022-08-31,분당선,구성,5478,5797,11275,-319,8,31,수
2022-08-31,분당선,신갈,5029,4923,9952,106,8,31,수
2022-08-31,분당선,기흥,10869,10019,20888,850,8,31,수
2022-08-31,분당선,상갈,5952,5679,11631,273,8,31,수
2022-08-31,분당선,청명,4758,4594,9352,164,8,31,수
2022-08-31,분당선,영통,8711,9105,17816,-394,8,31,수
2022-08-31,분당선,망포,15598,14844,30442,754,8,31,수
2022-08-31,분당선,매탄권선,5633,5379,11012,254,8,31,수
2022-08-31,분당선,수원시청,13274,14267,27541,-993,8,31,수
2022-08-31,분당선,매교,4073,4034,8107,39,8,31,수
2022-08-31,수인선,고색,5137,4791,9928,346,8,31,수
2022-08-31,수인선,오목천,4721,4230,8951,491,8,31,수
2022-08-31,수인선,어천,1137,1064,2201,73,8,31,수
2022-08-31,수인선,야목,429,335,764,94,8,31,수
2022-08-31,수인선,사리,5328,4604,9932,724,8,31,수
2022-08-31,수인선,달월,110,77,187,33,8,31,수
2022-08-31,수인선,월곶,3236,3034,6270,202,8,31,수
2022-08-31,수인선,소래포구,6888,6415,13303,473,8,31,수
2022-08-31,수인선,인천논현,6054,6497,12551,-443,8,31,수
2022-08-31,수인선,호구포,4466,4519,8985,-53,8,31,수
2022-08-31,수인선,남동인더스파크,2535,2785,5320,-250,8,31,수
2022-08-31,수인선,원인재,4586,4866,9452,-280,8,31,수
2022-08-31,수인선,연수,4934,4901,9835,33,8,31,수
2022-08-31,수인선,송도,2657,2386,5043,271,8,31,수
2022-08-31,수인선,인하대,8295,7979,16274,316,8,31,수
2022-08-31,수인선,숭의,4403,4051,8454,352,8,31,수
2022-08-31,수인선,신포,2001,1981,3982,20,8,31,수
2022-08-31,수인선,인천,1123,1768,2891,-645,8,31,수
2022-08-31,신림선,샛강,2358,2954,5312,-596,8,31,수
2022-08-31,신림선,대방,2164,1775,3939,389,8,31,수
2022-08-31,신림선,서울지방병무청,2548,2721,5269,-173,8,31,수
2022-08-31,신림선,보라매,3087,2911,5998,176,8,31,수
2022-08-31,신림선,보라매공원,1855,2034,3889,-179,8,31,수
2022-08-31,신림선,보라매병원,6708,7170,13878,-462,8,31,수
2022-08-31,신림선,당곡,3942,3846,7788,96,8,31,수
2022-08-31,신림선,신림,1607,2204,3811,-597,8,31,수
2022-08-31,신림선,서원,3088,2562,5650,526,8,31,수
2022-08-31,신림선,서울대벤처타운,7269,7233,14502,36,8,31,수
2022-08-31,신림선,관악산(서울대),2619,2642,5261,-23,8,31,수
2022-08-31,안산선,산본,16947,18309,35256,-1362,8,31,수
2022-08-31,안산선,대야미,5378,4845,10223,533,8,31,수
2022-08-31,안산선,반월,4522,4407,8929,115,8,31,수
2022-08-31,안산선,상록수,17591,17715,35306,-124,8,31,수
2022-08-31,안산선,한대앞,9641,9704,19345,-63,8,31,수
2022-08-31,안산선,중앙,18953,20040,38993,-1087,8,31,수
2022-08-31,안산선,고잔,9513,9039,18552,474,8,31,수
2022-08-31,안산선,초지,5680,5934,11614,-254,8,31,수
2022-08-31,안산선,안산,12160,11022,23182,1138,8,31,수
2022-08-31,안산선,신길온천,1966,1798,3764,168,8,31,수
2022-08-31,안산선,정왕,8192,8811,17003,-619,8,31,수
2022-08-31,안산선,오이도,9076,8614,17690,462,8,31,수
2022-08-31,안산선,수리산,4443,3673,8116,770,8,31,수
2022-08-31,우이신설선,북한산우이,2763,2501,5264,262,8,31,수
2022-08-31,우이신설선,솔밭공원,2739,2574,5313,165,8,31,수
2022-08-31,우이신설선,4.19민주묘지,3146,2962,6108,184,8,31,수
2022-08-31,우이신설선,가오리,4538,4531,9069,7,8,31,수
2022-08-31,우이신설선,화계,3649,3418,7067,231,8,31,수
2022-08-31,우이신설선,삼양,2143,2280,4423,-137,8,31,수
2022-08-31,우이신설선,삼양사거리,2679,2676,5355,3,8,31,수
2022-08-31,우이신설선,솔샘,6143,5799,11942,344,8,31,수
2022-08-31,우이신설선,북한산보국문,6444,6165,12609,279,8,31,수
2022-08-31,우이신설선,정릉,4985,4557,9542,428,8,31,수
2022-08-31,우이신설선,성신여대입구(돈암),3490,3778,7268,-288,8,31,수
2022-08-31,우이신설선,보문,1642,1669,3311,-27,8,31,수
2022-08-31,우이신설선,신설동,2390,2300,4690,90,8,31,수
2022-08-31,일산선,원흥,12028,11388,23416,640,8,31,수
2022-08-31,일산선,삼송,21268,20583,41851,685,8,31,수
2022-08-31,일산선,원당,11782,11115,22897,667,8,31,수
2022-08-31,일산선,화정,17614,17810,35424,-196,8,31,수
2022-08-31,일산선,대곡,2385,1934,4319,451,8,31,수
2022-08-31,일산선,백석,10228,10315,20543,-87,8,31,수
2022-08-31,일산선,마두,8261,8437,16698,-176,8,31,수
2022-08-31,일산선,정발산,7833,7788,15621,45,8,31,수
2022-08-31,일산선,주엽,9752,9643,19395,109,8,31,수
2022-08-31,일산선,대화,15034,11989,27023,3045,8,31,수
2022-08-31,장항선,봉명,1434,1355,2789,79,8,31,수
2022-08-31,장항선,쌍용(나사렛대),2156,2223,4379,-67,8,31,수
2022-08-31,장항선,아산,3859,3323,7182,536,8,31,수
2022-08-31,장항선,탕정,1038,972,2010,66,8,31,수
2022-08-31,장항선,배방,1191,1087,2278,104,8,31,수
2022-08-31,장항선,온양온천,3778,3811,7589,-33,8,31,수
2022-08-31,장항선,신창(순천향대),3020,2987,6007,33,8,31,수
2022-08-31,중앙선,회기,26264,26053,52317,211,8,31,수
2022-08-31,중앙선,중랑,5974,5582,11556,392,8,31,수
2022-08-31,중앙선,상봉(시외버스터미널),6031,5832,11863,199,8,31,수
2022-08-31,중앙선,망우,8369,8152,16521,217,8,31,수
2022-08-31,중앙선,양원,3316,3180,6496,136,8,31,수
2022-08-31,중앙선,구리,14196,14019,28215,177,8,31,수
2022-08-31,중앙선,도농,12098,10717,22815,1381,8,31,수
2022-08-31,중앙선,양정,761,631,1392,130,8,31,수
2022-08-31,중앙선,덕소,5802,5818,11620,-16,8,31,수
2022-08-31,중앙선,도심,2620,2050,4670,570,8,31,수
2022-08-31,중앙선,팔당,905,910,1815,-5,8,31,수
2022-08-31,중앙선,운길산,710,659,1369,51,8,31,수
2022-08-31,중앙선,양수,2011,2038,4049,-27,8,31,수
2022-08-31,중앙선,신원,214,198,412,16,8,31,수
2022-08-31,중앙선,국수,901,848,1749,53,8,31,수
2022-08-31,중앙선,아신,639,632,1271,7,8,31,수
2022-08-31,중앙선,오빈,321,317,638,4,8,31,수
2022-08-31,중앙선,양평,2850,2848,5698,2,8,31,수
2022-08-31,중앙선,용문,1754,1726,3480,28,8,31,수
